resultados/variables_proyeccion_tiempo/variables_paleo_21k/bio11.asc
ncols 330
nrows 228
xllcorner -12.000000
yllcorner 34.000000
cellsize 0.166667
NODATA_value -9999
[rows 0 to 37 of 228, columns 172 to 257 of 330]
-9999 -9999 -9999 -9999 -9999 -9999 -9999 -9999 -9999 -9999 -9999 -9999 -9999 -9999 -9999 -9999 -9999 -9999 -9999 -9999 -9999 -9999 -9999 -9999 -9999 -9999 -9999 -9999 -9999 -9999 -9999 -9999 -9999 -9999 -9999 -9999 -9999 -9999 -9999 -9999 -9999 -9999 -9999 -9999 -9999 -9999 -9999 -9999 -9999 -9999 -379 -379 -377 -376 -375 -374 -373 -370 -9999 -9999 -9999 -9999 -9999 -9999 -9999 -9999 -9999 -352 -352 -352 -9999 -9999 -9999 -9999 -9999 -9999 -9999 -9999 -9999 -9999 -9999 -9999 -9999 -9999 -9999 -9999
-9999 -9999 -9999 -9999 -9999 -9999 -9999 -9999 -9999 -9999 -9999 -9999 -9999 -9999 -266 -9999 -9999 -9999 -9999 -9999 -9999 -9999 -9999 -9999 -9999 -9999 -9999 -9999 -9999 -9999 -9999 -9999 -9999 -9999 -9999 -9999 -9999 -9999 -9999 -9999 -9999 -9999 -9999 -9999 -9999 -9999 -9999 -9999 -9999 -9999 -376 -374 -374 -9999 -9999 -9999 -9999 -9999 -9999 -9999 -9999 -9999 -9999 -9999 -9999 -9999 -9999 -9999 -9999 -9999 -9999 -9999 -9999 -9999 -9999 -9999 -9999 -9999 -9999 -9999 -9999 -9999 -9999 -9999 -9999 -9999
-9999 -9999 -9999 -9999 -9999 -9999 -9999 -9999 -223 -9999 -9999 -9999 -247 -252 -259 -265 -270 -274 -277 -283 -287 -291 -9999 -9999 -9999 -9999 -9999 -9999 -9999 -9999 -9999 -9999 -9999 -9999 -9999 -9999 -9999 -9999 -9999 -9999 -9999 -9999 -9999 -9999 -9999 -9999 -9999 -9999 -9999 -9999 -9999 -9999 -9999 -9999 -9999 -9999 -9999 -9999 -9999 -9999 -9999 -9999 -9999 -9999 -9999 -9999 -9999 -9999 -9999 -9999 -9999 -9999 -9999 -9999 -9999 -9999 -9999 -9999 -9999 -9999 -9999 -9999 -9999 -9999 -9999 -9999
-9999 -9999 -9999 -9999 -9999 -9999 -9999 -210 -218 -226 -232 -238 -244 -250 -254 -260 -265 -270 -275 -280 -284 -288 -290 -9999 -9999 -9999 -9999 -9999 -9999 -9999 -9999 -9999 -9999 -9999 -9999 -9999 -9999 -9999 -9999 -9999 -9999 -9999 -9999 -9999 -9999 -9999 -9999 -9999 -9999 -9999 -9999 -9999 -9999 -9999 -9999 -9999 -9999 -347 -345 -343 -9999 -9999 -9999 -9999 -9999 -9999 -9999 -9999 -9999 -9999 -9999 -9999 -9999 -9999 -9999 -9999 -9999 -9999 -9999 -9999 -9999 -9999 -9999 -9999 -9999 -9999
-9999 -9999 -9999 -9999 -9999 -191 -199 -207 -215 -222 -228 -234 -239 -244 -249 -254 -259 -264 -269 -274 -278 -283 -288 -293 -298 -302 -305 -308 -9999 -9999 -320 -323 -324 -9999 -9999 -9999 -9999 -9999 -9999 -9999 -9999 -9999 -9999 -9999 -9999 -9999 -9999 -356 -358 -357 -355 -355 -353 -353 -362 -9999 -9999 -9999 -337 -335 -332 -328 -9999 -319 -316 -314 -311 -310 -310 -310 -9999 -9999 -9999 -9999 -9999 -9999 -9999 -9999 -9999 -9999 -9999 -9999 -9999 -9999 -9999 -9999
-9999 -9999 -9999 -9999 -182 -188 -196 -204 -211 -218 -223 -229 -234 -239 -244 -248 -253 -258 -262 -268 -272 -278 -283 -288 -293 -298 -302 -305 -309 -313 -317 -319 -322 -9999 -325 -328 -332 -333 -336 -340 -342 -343 -347 -360 -362 -357 -356 -362 -366 -363 -359 -363 -365 -369 -366 -360 -353 -346 -336 -332 -328 -322 -320 -322 -322 -328 -319 -315 -318 -315 -312 -311 -311 -310 -309 -9999 -9999 -9999 -9999 -9999 -9999 -9999 -9999 -9999 -9999 -9999
-9999 -9999 -9999 -9999 -178 -185 -193 -200 -206 -213 -218 -223 -228 -233 -237 -242 -247 -251 -256 -261 -266 -270 -275 -279 -284 -289 -295 -299 -303 -306 -309 -9999 -312 -317 -323 -329 -333 -337 -341 -342 -341 -339 -346 -354 -357 -357 -356 -364 -368 -363 -360 -356 -361 -364 -355 -350 -342 -336 -343 -345 -330 -318 -321 -325 -323 -326 -325 -323 -324 -327 -323 -311 -311 -314 -311 -310 -308 -305 -9999 -9999 -9999 -9999 -9999 -9999 -9999 -9999
-9999 -9999 -9999 -9999 -178 -183 -189 -195 -201 -207 -213 -218 -223 -226 -229 -234 -240 -245 -250 -254 -258 -262 -267 -272 -275 -279 -285 -290 -294 -297 -300 -306 -311 -319 -325 -328 -338 -336 -344 -346 -344 -340 -345 -344 -346 -350 -355 -355 -364 -368 -367 -362 -357 -352 -345 -339 -341 -354 -352 -342 -324 -312 -316 -324 -327 -326 -322 -318 -311 -311 -302 -313 -320 -325 -324 -315 -311 -313 -313 -309 -312 -307 -305 -303 -9999 -9999
-9999 -9999 -9999 -9999 -9999 -182 -186 -9999 -194 -198 -204 -209 -214 -219 -222 -226 -226 -238 -243 -246 -251 -257 -265 -271 -272 -274 -275 -9999 -9999 -290 -297 -307 -314 -322 -331 -330 -333 -338 -336 -335 -340 -337 -349 -355 -345 -355 -365 -353 -354 -356 -357 -352 -341 -335 -335 -340 -347 -346 -346 -331 -315 -314 -323 -322 -321 -323 -319 -317 -314 -304 -306 -320 -322 -321 -313 -318 -322 -318 -315 -321 -318 -316 -309 -307 -304 -303
-9999 -9999 -9999 -170 -175 -180 -186 -192 -197 -201 -205 -209 -213 -218 -222 -226 -229 -231 -236 -242 -247 -253 -258 -260 -261 -265 -266 -272 -284 -287 -298 -291 -296 -302 -311 -318 -318 -331 -347 -350 -346 -339 -342 -350 -355 -350 -350 -351 -351 -350 -343 -336 -334 -337 -341 -342 -345 -345 -335 -323 -323 -322 -323 -324 -322 -318 -309 -302 -298 -301 -303 -306 -311 -313 -312 -310 -314 -320 -317 -314 -313 -316 -314 -312 -308 -307
-9999 -9999 -9999 -168 -172 -177 -182 -187 -190 -195 -198 -201 -208 -214 -221 -225 -227 -240 -241 -240 -242 -256 -250 -262 -268 -263 -263 -279 -294 -298 -303 -317 -316 -308 -323 -328 -328 -322 -319 -330 -329 -339 -346 -345 -342 -345 -348 -348 -346 -338 -332 -332 -339 -344 -350 -344 -341 -337 -337 -332 -326 -323 -321 -318 -315 -308 -304 -299 -295 -297 -296 -299 -302 -302 -298 -299 -306 -309 -312 -310 -302 -299 -297 -298 -297 -297
-9999 -162 -167 -171 -176 -180 -183 -187 -187 -189 -196 -206 -214 -215 -223 -224 -231 -229 -242 -247 -240 -237 -261 -268 -276 -268 -263 -274 -283 -293 -307 -311 -316 -312 -316 -326 -327 -317 -308 -318 -326 -331 -340 -345 -339 -338 -344 -347 -341 -332 -327 -340 -354 -352 -348 -352 -346 -350 -344 -334 -327 -322 -317 -312 -304 -300 -297 -294 -291 -293 -290 -288 -286 -286 -285 -285 -285 -286 -286 -284 -284 -284 -280 -279 -280 -282
-158 -161 -167 -172 -174 -179 -183 -185 -187 -189 -197 -201 -210 -216 -224 -230 -229 -236 -237 -228 -236 -258 -244 -256 -265 -265 -263 -279 -290 -286 -281 -289 -303 -315 -323 -328 -327 -323 -311 -307 -312 -323 -330 -334 -334 -335 -345 -351 -350 -330 -329 -340 -346 -343 -347 -349 -342 -335 -324 -323 -317 -311 -309 -306 -304 -303 -299 -291 -289 -293 -294 -292 -291 -291 -291 -287 -284 -283 -275 -274 -271 -273 -274 -268 -267 -272
-159 -163 -168 -171 -172 -172 -175 -179 -188 -199 -207 -207 -210 -206 -211 -220 -229 -239 -225 -233 -264 -258 -238 -269 -269 -278 -266 -278 -303 -306 -298 -294 -293 -305 -315 -321 -319 -320 -318 -316 -319 -322 -322 -327 -328 -327 -332 -337 -335 -329 -327 -329 -332 -333 -333 -328 -326 -323 -324 -319 -314 -306 -305 -305 -301 -300 -301 -294 -292 -289 -288 -288 -282 -279 -279 -276 -276 -275 -275 -275 -275 -280 -279 -285 -284 -284
-168 -171 -173 -177 -182 -187 -188 -187 -194 -201 -208 -208 -199 -201 -222 -224 -238 -233 -229 -254 -260 -237 -249 -260 -280 -290 -288 -275 -293 -310 -306 -317 -318 -315 -311 -314 -317 -321 -321 -318 -315 -317 -318 -321 -319 -321 -322 -326 -329 -328 -326 -327 -328 -328 -324 -322 -323 -322 -322 -314 -309 -306 -300 -299 -298 -297 -294 -291 -287 -283 -279 -277 -274 -273 -272 -271 -273 -275 -274 -271 -270 -271 -276 -282 -286 -283
-167 -175 -181 -192 -195 -204 -199 -192 -190 -198 -195 -204 -208 -203 -214 -222 -236 -226 -252 -263 -249 -234 -274 -273 -291 -282 -291 -290 -288 -289 -292 -301 -306 -311 -307 -305 -310 -317 -311 -311 -311 -308 -312 -314 -313 -313 -316 -317 -319 -319 -318 -321 -324 -323 -319 -319 -318 -316 -314 -309 -306 -304 -300 -297 -295 -291 -288 -286 -283 -279 -276 -274 -272 -272 -273 -272 -269 -266 -264 -264 -265 -272 -281 -281 -279 -276
-171 -183 -192 -202 -197 -192 -193 -188 -198 -200 -200 -197 -209 -210 -208 -208 -221 -236 -245 -236 -261 -272 -264 -269 -281 -290 -292 -295 -296 -294 -294 -292 -294 -299 -300 -299 -300 -307 -307 -307 -306 -303 -304 -308 -311 -312 -311 -313 -312 -314 -317 -320 -320 -317 -316 -317 -317 -313 -309 -306 -301 -297 -294 -292 -291 -288 -284 -280 -277 -275 -272 -272 -272 -269 -266 -262 -265 -264 -269 -268 -269 -272 -274 -274 -276 -278
-180 -188 -190 -189 -189 -192 -197 -206 -208 -207 -204 -197 -207 -214 -219 -214 -230 -242 -253 -264 -262 -264 -266 -272 -263 -276 -284 -288 -284 -284 -287 -290 -291 -293 -295 -298 -297 -297 -297 -299 -302 -304 -303 -306 -306 -306 -307 -308 -310 -315 -314 -314 -313 -312 -309 -311 -312 -310 -308 -304 -301 -296 -292 -290 -287 -284 -281 -278 -276 -273 -271 -270 -270 -265 -263 -261 -264 -267 -268 -266 -266 -267 -268 -271 -274 -277
-182 -182 -186 -196 -199 -207 -201 -208 -207 -214 -209 -231 -234 -227 -238 -244 -241 -231 -243 -259 -267 -265 -265 -266 -266 -264 -272 -279 -283 -286 -287 -286 -287 -289 -293 -296 -296 -294 -295 -299 -302 -305 -305 -304 -304 -305 -306 -308 -309 -310 -311 -310 -309 -307 -305 -305 -304 -301 -298 -296 -293 -294 -292 -289 -286 -284 -281 -278 -275 -273 -272 -270 -268 -265 -264 -264 -265 -265 -264 -264 -266 -266 -266 -269 -270 -274
-185 -196 -200 -207 -206 -214 -211 -222 -218 -229 -233 -218 -238 -245 -254 -260 -256 -255 -246 -261 -265 -270 -267 -269 -272 -276 -275 -272 -274 -282 -288 -289 -290 -289 -293 -297 -298 -298 -298 -297 -299 -301 -303 -303 -305 -307 -308 -309 -309 -308 -307 -307 -306 -306 -311 -307 -304 -300 -298 -300 -298 -297 -294 -293 -291 -285 -283 -280 -279 -278 -276 -273 -271 -268 -266 -264 -263 -263 -262 -264 -263 -263 -262 -264 -264 -266
-199 -218 -215 -204 -214 -210 -219 -230 -238 -234 -247 -243 -254 -252 -249 -250 -254 -259 -253 -256 -264 -265 -267 -266 -269 -271 -273 -277 -281 -281 -280 -282 -287 -286 -290 -294 -297 -296 -298 -298 -298 -299 -304 -302 -302 -305 -305 -306 -307 -308 -306 -305 -306 -306 -306 -307 -305 -303 -302 -302 -301 -298 -297 -293 -292 -289 -288 -283 -280 -279 -277 -270 -269 -266 -265 -263 -261 -261 -262 -261 -263 -265 -263 -263 -264 -264
-200 -195 -202 -207 -209 -219 -223 -230 -237 -241 -245 -240 -229 -235 -243 -253 -263 -257 -250 -256 -259 -263 -267 -271 -272 -271 -272 -276 -278 -280 -284 -284 -284 -286 -290 -293 -293 -294 -295 -295 -297 -297 -298 -298 -299 -300 -301 -302 -304 -305 -305 -304 -303 -303 -303 -301 -300 -301 -299 -298 -298 -297 -298 -297 -297 -295 -288 -284 -281 -277 -276 -275 -272 -271 -270 -268 -265 -264 -266 -271 -269 -270 -266 -266 -270 -269
-206 -226 -235 -229 -232 -239 -254 -256 -258 -256 -253 -252 -264 -264 -262 -258 -253 -247 -248 -248 -251 -259 -267 -269 -271 -275 -277 -277 -276 -280 -283 -285 -288 -292 -295 -296 -295 -295 -294 -295 -297 -299 -306 -302 -299 -301 -302 -302 -303 -302 -305 -304 -303 -303 -302 -301 -300 -299 -299 -298 -297 -297 -296 -296 -296 -296 -291 -290 -291 -288 -288 -283 -277 -277 -273 -268 -267 -266 -267 -264 -264 -266 -264 -263 -268 -280
-233 -247 -245 -245 -242 -247 -261 -264 -268 -273 -274 -277 -278 -276 -267 -267 -269 -266 -258 -258 -259 -258 -261 -266 -269 -273 -276 -280 -279 -279 -282 -286 -290 -293 -296 -300 -299 -297 -296 -297 -297 -297 -299 -302 -306 -300 -300 -299 -299 -300 -300 -299 -301 -301 -301 -300 -298 -298 -298 -297 -296 -296 -296 -295 -294 -291 -288 -287 -284 -283 -282 -280 -277 -275 -274 -272 -270 -267 -266 -266 -267 -264 -264 -266 -267 -269
-240 -241 -243 -248 -250 -246 -256 -259 -269 -265 -282 -282 -269 -260 -266 -264 -266 -267 -264 -264 -264 -264 -263 -267 -267 -271 -273 -274 -279 -283 -286 -287 -288 -291 -296 -300 -301 -300 -299 -298 -297 -298 -301 -302 -304 -305 -303 -300 -298 -298 -298 -298 -298 -299 -302 -302 -301 -301 -300 -297 -295 -295 -296 -294 -292 -290 -288 -288 -286 -284 -283 -281 -277 -275 -275 -275 -274 -271 -270 -269 -266 -266 -270 -271 -272 -274
-246 -245 -243 -234 -242 -246 -264 -272 -263 -265 -270 -264 -271 -272 -271 -268 -268 -270 -271 -268 -269 -270 -272 -273 -273 -272 -275 -275 -277 -280 -283 -287 -290 -292 -294 -296 -298 -300 -300 -300 -300 -301 -302 -305 -305 -306 -303 -301 -300 -299 -299 -298 -299 -300 -300 -300 -300 -299 -297 -295 -294 -294 -293 -293 -292 -290 -289 -288 -288 -283 -282 -279 -276 -276 -276 -275 -276 -278 -277 -274 -269 -268 -268 -270 -275 -274
-242 -244 -249 -250 -258 -254 -250 -257 -258 -273 -268 -268 -262 -263 -269 -273 -271 -271 -273 -273 -275 -275 -276 -280 -279 -278 -280 -284 -284 -285 -287 -288 -289 -291 -294 -296 -298 -302 -304 -303 -301 -302 -305 -304 -305 -308 -304 -303 -302 -299 -298 -299 -299 -297 -299 -297 -297 -296 -295 -294 -293 -293 -291 -291 -289 -288 -289 -287 -286 -284 -280 -278 -277 -277 -277 -277 -279 -281 -280 -279 -278 -278 -277 -276 -275 -276
-245 -252 -256 -265 -277 -281 -281 -280 -270 -269 -262 -260 -258 -263 -266 -270 -272 -277 -277 -279 -281 -283 -285 -285 -283 -285 -284 -286 -287 -288 -291 -292 -292 -291 -294 -295 -298 -301 -302 -301 -302 -302 -303 -304 -306 -305 -305 -304 -302 -301 -301 -300 -300 -298 -298 -298 -296 -297 -296 -293 -293 -292 -293 -292 -289 -287 -286 -286 -283 -281 -281 -280 -282 -281 -280 -280 -279 -283 -281 -278 -279 -282 -283 -278 -277 -280
-260 -265 -262 -274 -282 -287 -280 -279 -283 -276 -270 -279 -283 -273 -268 -274 -275 -279 -278 -279 -282 -283 -285 -286 -288 -289 -290 -289 -287 -289 -296 -296 -295 -294 -295 -296 -298 -300 -302 -304 -305 -304 -305 -306 -306 -308 -308 -305 -303 -302 -302 -301 -299 -298 -297 -297 -297 -299 -296 -295 -293 -292 -292 -289 -286 -285 -286 -284 -282 -280 -280 -280 -280 -281 -281 -277 -279 -279 -279 -278 -279 -280 -284 -286 -284 -287
-266 -268 -265 -271 -269 -267 -268 -269 -269 -264 -265 -267 -276 -282 -280 -278 -278 -280 -280 -284 -287 -287 -288 -290 -287 -287 -286 -287 -289 -290 -291 -294 -299 -297 -298 -298 -301 -304 -308 -309 -308 -307 -307 -307 -308 -308 -308 -306 -304 -302 -299 -300 -301 -298 -296 -296 -297 -295 -294 -294 -294 -294 -292 -288 -286 -284 -284 -283 -284 -286 -283 -279 -277 -277 -277 -278 -278 -281 -279 -279 -280 -280 -280 -282 -283 -284
-255 -260 -269 -275 -268 -257 -255 -258 -263 -262 -263 -263 -268 -272 -275 -278 -284 -286 -285 -290 -288 -290 -291 -290 -292 -293 -293 -291 -290 -289 -291 -292 -297 -300 -301 -301 -301 -305 -307 -312 -311 -309 -307 -305 -309 -310 -308 -308 -307 -302 -302 -299 -297 -296 -296 -297 -295 -294 -293 -294 -294 -292 -291 -289 -285 -285 -284 -283 -283 -282 -281 -279 -278 -278 -281 -280 -280 -280 -283 -284 -281 -276 -275 -278 -277 -276
-268 -265 -265 -261 -261 -265 -268 -267 -267 -269 -274 -275 -274 -274 -277 -278 -283 -288 -289 -289 -288 -289 -293 -295 -294 -293 -295 -298 -298 -297 -296 -295 -296 -298 -304 -304 -304 -307 -309 -312 -315 -313 -310 -307 -312 -310 -307 -307 -305 -305 -304 -300 -296 -295 -294 -294 -293 -291 -293 -292 -292 -293 -292 -288 -285 -284 -284 -283 -281 -282 -284 -283 -283 -282 -282 -284 -283 -284 -283 -282 -279 -276 -274 -273 -275 -275
-258 -260 -262 -267 -265 -262 -261 -274 -282 -281 -285 -285 -284 -283 -285 -287 -289 -292 -293 -292 -293 -293 -289 -294 -296 -295 -296 -300 -302 -303 -302 -301 -300 -300 -302 -306 -306 -309 -312 -313 -314 -315 -312 -311 -313 -311 -307 -306 -305 -305 -303 -300 -297 -294 -293 -291 -290 -290 -290 -290 -289 -290 -288 -286 -285 -285 -284 -283 -282 -284 -284 -283 -283 -282 -281 -281 -283 -284 -282 -282 -283 -280 -278 -275 -275 -275
-254 -256 -257 -257 -263 -267 -268 -270 -274 -279 -281 -283 -289 -292 -294 -297 -300 -300 -300 -301 -299 -296 -292 -290 -292 -294 -296 -298 -300 -303 -302 -307 -309 -305 -304 -305 -307 -308 -312 -316 -316 -313 -314 -314 -313 -311 -309 -309 -307 -305 -302 -299 -295 -295 -294 -291 -289 -289 -288 -288 -289 -289 -289 -286 -287 -290 -289 -286 -284 -284 -284 -285 -283 -281 -280 -280 -280 -282 -281 -282 -284 -284 -279 -276 -274 -275
-259 -259 -260 -260 -262 -269 -274 -274 -277 -283 -283 -282 -288 -295 -300 -305 -306 -307 -307 -307 -305 -301 -298 -297 -293 -293 -296 -299 -298 -300 -299 -304 -309 -311 -310 -312 -311 -311 -315 -317 -317 -316 -315 -314 -314 -313 -311 -308 -306 -303 -301 -297 -296 -295 -294 -292 -292 -292 -291 -291 -290 -287 -287 -287 -288 -290 -289 -287 -285 -284 -285 -285 -282 -280 -281 -283 -281 -279 -280 -283 -283 -283 -281 -278 -277 -277
-268 -268 -267 -266 -268 -272 -272 -276 -280 -286 -290 -291 -290 -295 -298 -302 -304 -306 -306 -304 -306 -306 -306 -304 -299 -296 -299 -301 -302 -302 -301 -305 -308 -311 -312 -312 -312 -314 -317 -318 -317 -317 -316 -314 -313 -312 -309 -307 -304 -302 -299 -298 -296 -296 -295 -294 -292 -291 -290 -290 -289 -288 -288 -287 -288 -288 -289 -288 -285 -285 -284 -282 -282 -283 -283 -284 -283 -282 -283 -283 -283 -284 -284 -278 -276 -276
-269 -272 -272 -273 -276 -276 -278 -281 -286 -291 -293 -295 -295 -298 -302 -305 -304 -309 -307 -307 -304 -304 -306 -308 -308 -306 -306 -302 -303 -304 -305 -308 -308 -310 -310 -313 -314 -316 -317 -317 -317 -317 -317 -315 -312 -310 -309 -307 -304 -303 -302 -300 -297 -296 -295 -294 -292 -290 -290 -289 -288 -288 -287 -286 -286 -287 -289 -288 -286 -284 -284 -284 -284 -284 -283 -282 -282 -282 -283 -283 -283 -284 -284 -284 -282 -279
-268 -270 -270 -275 -284 -284 -286 -289 -290 -293 -297 -302 -302 -304 -310 -312 -313 -313 -316 -315 -316 -314 -312 -307 -310 -307 -308 -309 -311 -309 -308 -310 -311 -313 -313 -315 -316 -317 -318 -317 -318 -317 -316 -315 -312 -311 -308 -307 -304 -303 -301 -299 -298 -296 -295 -294 -292 -291 -290 -289 -288 -288 -285 -284 -285 -289 -288 -289 -288 -286 -283 -283 -283 -283 -283 -282 -283 -284 -285 -284 -284 -284 -282 -282 -282 -280
