resultados/variables_proyeccion_tiempo/variables_paleo_21k/bio12.asc
ncols 330
nrows 228
xllcorner -12.000000
yllcorner 34.000000
cellsize 0.166667
NODATA_value -9999
[rows 84 to 125 of 228, columns 0 to 92 of 330]
-9999 -9999 -9999 -9999 -9999 -9999 -9999 -9999 -9999 -9999 -9999 -9999 -9999 -9999 -9999 -9999 845 836 829 811 789 794 754 732 717 700 682 680 670 661 694 676 642 598 594 622 647 678 688 705 733 738 744 703 627 564 528 474 435 422 420 434 452 477 500 518 538 557 577 590 605 621 638 649 655 660 668 676 681 684 687 690 694 695 699 702 704 709 717 725 733 740 748 754 760 767 774 782 788 793 797 802 809
-9999 -9999 -9999 -9999 -9999 -9999 -9999 -9999 -9999 -9999 -9999 -9999 -9999 -9999 -9999 846 850 837 823 804 799 774 747 723 709 696 694 682 673 666 658 613 583 586 614 660 684 764 781 853 883 852 879 790 784 664 544 465 440 424 431 459 480 499 520 541 560 580 605 622 627 641 654 664 671 679 685 692 695 700 704 709 712 718 723 727 731 734 741 749 753 757 763 768 773 778 785 792 798 803 808 816 820
-9999 -9999 -9999 -9999 -9999 -9999 -9999 -9999 -9999 -9999 -9999 -9999 -9999 -9999 -9999 839 843 831 818 794 772 748 737 720 707 707 703 694 682 670 625 632 667 660 795 729 763 838 925 940 903 900 852 782 709 586 524 477 453 466 493 531 549 567 601 606 613 635 672 672 673 674 675 676 680 689 700 708 714 717 723 726 730 737 743 748 752 753 758 763 768 770 776 780 784 790 795 801 808 813 819 824 828
-9999 -9999 -9999 -9999 -9999 -9999 -9999 -9999 -9999 -9999 -9999 -9999 -9999 -9999 -9999 833 842 833 815 787 777 750 733 720 709 704 701 692 690 667 646 712 767 811 895 895 856 977 953 981 1036 1044 995 891 767 666 600 640 666 608 617 614 641 662 664 640 652 653 667 683 695 686 684 684 693 704 715 724 729 734 741 748 752 756 760 763 767 769 772 776 780 782 786 789 795 801 804 809 814 820 825 830 836
-9999 -9999 -9999 -9999 -9999 -9999 -9999 -9999 -9999 -9999 -9999 -9999 -9999 -9999 -9999 -9999 826 828 806 779 778 752 735 715 708 699 697 703 723 673 665 703 756 877 987 994 969 998 1029 1086 1157 1156 1051 980 877 820 904 856 768 648 685 728 758 736 701 682 677 658 686 687 671 685 692 694 707 720 729 737 745 751 758 763 765 770 773 776 779 782 785 788 791 794 797 801 805 810 814 818 823 828 831 837 843
-9999 -9999 -9999 -9999 -9999 -9999 -9999 -9999 -9999 -9999 -9999 -9999 -9999 -9999 -9999 -9999 814 815 785 779 781 760 740 716 708 695 695 708 713 667 677 720 802 884 940 972 1028 1053 1172 1216 1216 1176 1132 1065 1099 1080 1027 877 812 972 956 881 782 756 695 684 678 677 698 682 676 690 698 701 718 732 740 750 756 763 768 772 776 782 785 789 791 794 796 800 800 802 807 812 814 819 823 829 832 836 840 843 849
-9999 -9999 -9999 -9999 -9999 -9999 -9999 -9999 -9999 -9999 -9999 -9999 -9999 -9999 -9999 -9999 -9999 806 806 803 799 772 751 726 718 706 716 713 668 663 691 747 821 914 990 1014 1030 1138 1211 1260 1267 1251 1221 1230 1222 1134 1090 1059 1046 991 943 929 948 883 830 774 729 704 688 658 675 687 696 709 724 736 748 759 767 773 781 784 788 792 797 801 804 806 808 811 812 813 816 819 823 828 834 837 839 843 847 850 853
-9999 -9999 -9999 -9999 -9999 -9999 -9999 -9999 -9999 -9999 -9999 -9999 -9999 -9999 -9999 -9999 -9999 -9999 802 801 793 771 749 722 723 717 714 668 654 676 715 765 835 919 1002 1092 1142 1179 1243 1327 1323 1373 1427 1369 1325 1233 1150 1016 925 881 868 818 791 742 724 662 638 653 638 653 665 676 690 704 724 739 754 768 779 784 791 799 801 797 797 809 814 817 818 820 822 824 827 829 832 836 840 844 848 849 851 855 859
-9999 -9999 -9999 -9999 -9999 -9999 -9999 -9999 -9999 -9999 -9999 -9999 -9999 -9999 -9999 -9999 -9999 -9999 801 799 777 754 738 724 723 712 685 669 692 718 747 803 874 945 1066 1158 1199 1225 1285 1242 1397 1454 1486 1422 1426 1374 1303 1129 1031 898 784 701 666 671 666 660 633 618 632 643 655 670 688 709 725 743 759 773 784 792 800 804 811 811 811 820 822 826 826 830 831 832 834 837 840 843 847 850 853 853 855 857 862
-9999 -9999 -9999 -9999 -9999 -9999 -9999 -9999 -9999 -9999 -9999 -9999 -9999 -9999 -9999 -9999 -9999 802 809 801 782 762 741 732 716 705 694 695 707 721 754 800 870 953 1051 1183 1248 1229 1180 1281 1382 1445 1500 1531 1524 1422 1283 1196 1050 881 741 676 667 647 635 608 615 625 637 647 661 674 690 708 727 746 766 778 790 800 808 808 820 824 828 830 830 836 839 839 840 842 844 847 848 850 851 853 857 856 858 861 864
-9999 -9999 -9999 -9999 -9999 -9999 -9999 -9999 -9999 -9999 -9999 -9999 -9999 -9999 -9999 -9999 -9999 820 811 799 800 783 752 735 724 720 696 699 713 723 743 789 862 947 1028 1104 1139 1173 1237 1365 1430 1444 1531 1504 1518 1420 1253 1128 998 958 850 740 705 655 662 654 639 649 656 664 676 687 700 715 733 752 773 786 799 811 818 825 831 835 838 841 843 844 846 847 848 849 848 851 853 855 858 859 860 861 861 862 866
-9999 -9999 -9999 -9999 -9999 -9999 -9999 -9999 -9999 -9999 -9999 -9999 -9999 -9999 -9999 -9999 -9999 813 825 815 801 798 782 762 742 725 706 706 716 738 755 783 836 910 1002 1061 1144 1202 1248 1335 1401 1475 1447 1435 1294 1221 1199 1128 926 818 773 721 661 615 608 635 649 663 679 691 699 706 714 725 741 759 778 791 804 817 826 832 838 844 849 851 853 856 856 856 855 855 856 856 857 858 860 860 862 862 863 865 866
-9999 -9999 -9999 -9999 -9999 -9999 -9999 -9999 -9999 -9999 -9999 -9999 -9999 -9999 -9999 -9999 846 841 840 831 812 791 765 740 731 713 707 705 715 738 746 779 840 914 999 1082 1157 1147 1320 1333 1379 1406 1318 1333 1199 1157 1085 1039 1020 950 852 771 750 695 726 770 829 792 768 732 726 727 728 737 747 762 780 795 810 822 832 842 850 861 865 865 867 867 867 864 863 863 862 861 861 863 862 864 862 864 865 866 868
-9999 -9999 -9999 -9999 -9999 -9999 -9999 -9999 -9999 -9999 -9999 -9999 -9999 -9999 -9999 -9999 861 869 861 856 843 820 797 774 752 733 724 722 726 738 758 786 836 912 972 1071 1064 1119 1246 1327 1327 1262 1218 1299 1151 1167 1152 1098 1040 1060 1012 1009 963 1024 967 925 892 828 770 780 750 745 746 748 752 764 779 800 817 835 845 854 862 865 871 876 880 876 871 871 870 868 867 867 865 865 866 866 866 866 868 870 872
-9999 -9999 -9999 -9999 -9999 -9999 -9999 -9999 -9999 -9999 -9999 -9999 -9999 -9999 -9999 861 874 895 886 875 866 848 826 802 775 752 732 721 722 729 747 759 795 844 921 961 1006 1086 1279 1247 1409 1227 1083 1057 1034 1087 1216 1256 1216 1163 1160 1160 1197 1111 1019 916 843 813 848 849 823 788 764 757 754 761 778 799 824 842 850 858 865 871 873 876 877 876 876 876 875 872 872 869 867 867 870 872 873 872 873 873 874
-9999 -9999 -9999 -9999 -9999 -9999 -9999 -9999 -9999 -9999 -9999 -9999 -9999 870 879 900 904 905 902 896 882 868 849 822 790 761 734 725 731 723 735 751 763 784 814 865 927 1076 1163 1121 1187 1146 1034 1068 1058 1193 1270 1354 1301 1350 1318 1344 1369 1263 1111 1000 954 970 1031 996 854 833 775 752 752 756 771 795 819 846 860 870 879 880 878 881 884 884 884 882 878 877 876 875 876 875 876 876 876 875 875 874 874
-9999 -9999 -9999 -9999 -9999 -9999 -9999 -9999 -9999 -9999 -9999 -9999 885 899 913 914 916 912 914 916 912 906 897 868 828 789 760 780 774 763 737 733 764 803 854 859 854 957 1003 1033 1061 1062 1068 1195 1308 1345 1414 1431 1315 1231 1326 1211 1354 1310 1223 1103 1099 1043 963 926 878 814 772 751 746 749 763 789 819 847 869 884 895 892 882 883 886 884 886 885 881 882 880 880 880 878 878 877 877 876 874 874 873
-9999 -9999 -9999 -9999 -9999 -9999 -9999 -9999 -9999 -9999 -9999 898 900 917 940 933 929 928 934 938 957 965 985 971 894 829 770 766 758 729 763 787 759 805 927 952 866 856 900 958 995 1050 1236 1223 1227 1410 1341 1285 1275 1178 1097 1115 1156 1104 1006 1022 1099 1016 921 892 844 791 775 757 743 746 761 785 812 840 869 881 888 884 882 879 880 883 882 883 886 884 882 881 878 876 873 873 874 872 871 868 867
-9999 -9999 -9999 -9999 -9999 -9999 -9999 -9999 -9999 -9999 910 927 942 926 917 934 934 939 947 961 992 1019 1037 1025 951 864 786 755 779 797 801 810 740 780 818 931 920 866 851 885 950 1044 1103 1133 1098 1128 1235 1198 1160 1143 1074 1010 1004 950 913 980 1132 1090 1040 939 851 822 774 778 733 748 767 793 821 851 876 887 888 885 881 882 878 874 877 880 880 881 878 875 873 869 868 866 867 867 863 862 859
-9999 -9999 -9999 -9999 -9999 -9999 -9999 -9999 -9999 915 934 930 928 930 931 926 926 942 947 987 1055 1064 1067 1048 990 897 830 807 818 828 823 760 719 724 743 832 896 881 876 857 841 896 975 975 1019 1044 1020 1054 1052 998 998 1062 1097 1202 1095 1055 1232 1361 1317 1176 1011 873 798 821 776 765 790 817 846 874 894 900 896 890 883 877 877 872 870 872 872 870 869 866 863 860 859 859 859 859 855 852 853
-9999 -9999 -9999 -9999 -9999 -9999 -9999 -9999 919 932 935 929 934 926 929 924 926 935 938 982 1000 1004 999 996 985 934 897 824 790 783 763 712 696 701 740 849 837 875 884 878 831 831 906 922 925 910 929 936 957 981 1051 1176 1281 1364 1310 1239 1188 1293 1340 1178 1022 877 812 786 778 825 858 869 872 901 912 906 901 894 884 874 871 866 859 859 862 859 860 857 854 854 850 851 849 848 846 842 842
-9999 -9999 -9999 -9999 -9999 -9999 -9999 -9999 934 941 937 928 936 946 944 905 922 929 935 942 967 1020 1022 995 1003 938 901 852 805 764 718 691 691 716 778 855 894 870 875 877 832 816 845 870 878 868 891 921 946 959 997 1128 1337 1341 1328 1396 1395 1388 1440 1343 1164 953 809 785 857 940 965 968 987 941 913 906 897 890 878 868 863 853 844 846 846 844 844 841 840 842 838 839 837 836 833 835 832
-9999 -9999 -9999 -9999 -9999 -9999 953 955 949 952 952 966 979 998 1026 1014 954 939 960 980 953 963 973 1004 994 993 908 837 793 742 714 730 774 759 813 904 927 854 861 853 826 791 819 864 970 1000 875 887 894 893 916 1014 1129 1167 1221 1299 1412 1530 1490 1378 1216 1012 827 773 842 853 831 876 941 966 911 895 884 873 860 852 845 834 829 829 827 827 825 821 823 824 821 822 822 820 823 825 827
-9999 -9999 -9999 -9999 -9999 989 979 977 972 969 984 993 982 1019 1049 1014 953 955 994 975 938 935 944 921 972 937 893 812 767 741 735 734 741 772 841 895 859 827 829 813 798 808 824 893 892 851 841 854 859 854 893 952 1010 1043 1110 1294 1468 1529 1482 1364 1294 1087 876 776 747 762 780 840 888 906 900 869 849 842 835 828 820 813 808 808 809 809 806 803 801 800 800 802 804 807 811 813 817
-9999 -9999 -9999 1020 1016 1014 1010 1001 992 991 1015 1010 1021 1021 1025 1019 974 949 943 941 924 900 876 846 857 867 849 804 783 764 751 708 698 709 726 754 781 793 790 770 781 799 808 811 817 809 802 824 833 836 856 888 938 996 1072 1236 1478 1469 1415 1310 1182 1041 897 790 729 716 730 779 818 810 828 821 812 806 802 797 795 791 788 790 789 789 788 789 785 783 787 791 793 797 801 803 808
-9999 -9999 1054 1044 1040 1041 1037 1025 1014 1011 1006 1011 1009 1032 1026 1009 960 949 936 920 898 878 850 823 811 819 807 775 757 744 717 699 716 715 704 712 744 759 774 774 781 790 798 801 806 809 812 809 807 814 820 834 877 940 1012 1108 1269 1403 1438 1411 1232 1018 867 782 728 698 701 716 762 767 774 784 782 774 770 769 768 767 768 768 769 770 770 770 772 774 778 780 783 786 791 794 799
-9999 1089 1077 1074 1078 1078 1065 1052 1036 1027 1039 1036 1065 1098 1084 1012 957 935 910 900 886 859 827 803 782 780 767 756 740 718 701 694 700 687 684 694 716 732 751 757 764 779 790 798 814 823 830 820 792 788 788 798 825 877 952 1067 1194 1255 1223 1265 1314 1108 933 805 742 690 680 692 716 736 747 742 745 742 740 740 741 744 748 748 748 749 750 751 754 758 764 768 774 778 781 786 792
1112 1109 1112 1113 1108 1100 1084 1072 1064 1049 1043 1053 1053 1047 1032 1026 966 926 901 894 882 850 814 789 760 753 746 733 717 702 701 702 691 665 653 689 712 724 733 738 753 767 781 799 829 871 893 862 835 798 774 780 783 818 888 976 1015 996 994 1100 1299 1244 1047 833 774 700 677 677 691 695 744 742 716 715 715 715 717 720 724 727 729 730 732 733 736 741 748 755 761 768 772 778 783
1135 1138 1144 1142 1132 1122 1112 1101 1093 1078 1060 1052 1052 1044 1022 1008 974 928 905 891 881 861 817 774 743 726 720 712 697 693 708 712 733 805 813 716 722 737 737 732 740 752 770 801 829 890 945 991 1073 958 930 875 917 804 812 886 923 910 950 1150 1274 1156 1013 856 792 724 692 662 666 666 683 718 706 689 683 688 693 699 704 709 711 709 711 714 720 726 734 741 748 756 763 769 776
1160 1164 1170 1166 1156 1153 1140 1128 1120 1107 1090 1069 1052 1057 1038 1008 1032 985 920 912 935 872 820 780 744 764 808 737 710 702 724 764 842 1007 972 811 744 755 744 732 730 739 757 782 814 874 1039 1227 1242 1115 1182 1059 1012 941 776 822 829 834 905 1008 1113 1041 945 836 796 744 686 657 659 654 651 662 665 662 658 669 679 684 689 693 693 692 692 696 701 709 717 726 734 744 753 762 771
1184 1190 1197 1193 1185 1176 1167 1159 1151 1136 1117 1096 1078 1058 1037 1048 1028 972 925 939 924 896 859 825 800 775 752 730 766 766 744 801 866 976 894 817 765 757 743 735 728 737 756 798 868 936 954 1052 1220 1305 1212 1208 1130 932 799 784 775 801 819 874 875 843 801 756 719 701 675 674 670 645 637 646 645 634 644 676 683 690 698 702 690 676 674 678 683 690 701 711 722 733 743 756 766
1202 1214 1221 1217 1212 1203 1198 1191 1183 1171 1155 1135 1113 1093 1080 1061 1045 973 906 906 910 907 958 920 844 806 795 778 766 827 786 822 866 885 859 774 761 749 740 730 722 728 751 806 848 863 871 1042 1243 1325 1346 1175 999 876 802 749 723 735 761 783 795 764 755 753 721 695 699 693 666 630 620 628 628 632 640 663 683 685 688 689 680 667 659 662 669 679 689 701 712 724 737 750 762
1216 1229 1235 1238 1237 1232 1228 1220 1214 1206 1191 1174 1170 1155 1130 1080 1042 980 915 882 884 901 926 931 863 865 867 807 770 806 835 931 867 862 810 778 763 746 735 725 707 705 715 742 776 820 858 1006 1243 1318 1348 1218 1049 959 944 815 767 721 730 765 764 731 726 711 693 686 698 672 645 618 604 601 604 607 616 636 663 669 671 673 666 649 641 645 654 665 676 688 704 717 730 745 758
1222 1235 1248 1258 1259 1259 1257 1254 1253 1244 1234 1232 1234 1202 1170 1138 1109 1040 960 919 898 936 982 988 932 932 925 877 871 877 869 888 872 840 793 766 752 740 725 704 691 687 693 716 752 814 860 1015 1336 1580 1462 1359 1257 1083 896 795 815 730 705 744 743 712 699 677 682 694 683 668 640 618 593 583 586 587 586 606 635 639 648 654 652 642 630 629 642 654 668 681 695 711 726 741 754
-9999 -9999 1252 1271 1280 1282 1285 1283 1284 1298 1389 1348 1316 1291 1241 1214 1194 1136 1026 959 962 951 989 1029 1066 1070 1087 955 900 882 877 867 863 818 785 761 745 737 722 707 697 694 703 730 770 860 984 1209 1389 1603 1532 1315 1254 1062 866 765 752 724 678 681 687 670 649 652 670 670 661 658 639 618 596 593 586 580 586 596 609 619 626 634 635 627 621 625 633 647 661 676 691 706 722 738 752
-9999 -9999 -9999 1275 1295 1302 1308 1316 1358 1373 1375 1374 1354 1332 1300 1262 1234 1147 1105 1046 1021 1015 992 1027 1062 1084 1033 944 911 888 868 842 834 808 778 761 753 738 728 725 726 746 763 817 862 982 1116 1241 1387 1434 1436 1340 1188 1065 865 774 733 733 682 679 669 671 649 664 655 664 658 653 646 619 614 622 614 604 594 582 588 597 597 606 612 610 612 620 632 643 655 671 687 702 717 733 750
-9999 -9999 -9999 1284 1304 1318 1325 1337 1350 1394 1424 1452 1460 1429 1373 1367 1300 1201 1133 1076 1042 1016 992 1012 1023 1025 991 946 916 892 873 853 833 811 789 773 759 742 744 760 788 823 862 910 934 1010 1087 1160 1243 1415 1421 1350 1185 1195 935 843 779 732 694 724 749 700 668 655 638 648 661 671 680 680 668 668 652 628 593 574 573 574 580 582 588 596 605 616 629 642 653 668 683 698 715 731 747
-9999 -9999 -9999 1304 1318 1330 1340 1349 1366 1398 1417 1435 1424 1439 1401 1362 1321 1222 1170 1123 1083 1034 974 979 984 985 972 947 925 905 885 866 847 829 807 780 767 755 769 784 790 808 819 863 898 932 1043 1132 1238 1285 1353 1299 1263 1144 913 887 841 747 757 776 713 665 641 643 657 667 681 704 710 699 691 665 650 632 605 580 566 562 563 566 574 586 599 614 627 643 655 667 679 696 712 730 748
-9999 -9999 -9999 1316 1324 1338 1349 1358 1369 1379 1396 1423 1410 1396 1382 1347 1284 1238 1171 1121 1074 1019 986 977 980 977 968 952 934 918 901 884 864 842 819 797 784 781 784 783 784 796 821 842 862 902 995 1065 1066 1158 1219 1155 1089 1004 907 853 811 794 791 724 694 680 686 693 697 713 731 706 691 670 672 648 635 632 617 595 575 566 565 567 572 583 597 612 627 643 658 668 678 691 711 734 753
-9999 -9999 -9999 -9999 1339 1353 1360 1367 1369 1375 1378 1380 1374 1381 1348 1312 1261 1201 1146 1102 1066 1037 1016 1005 994 985 976 963 948 934 917 899 879 856 837 819 812 808 798 793 791 797 808 826 856 900 948 987 1002 1001 1022 1001 972 905 876 887 851 821 783 729 745 746 735 735 739 744 747 749 697 657 660 665 665 657 646 629 608 603 599 587 587 589 600 613 630 647 662 670 674 687 713 744 759
-9999 -9999 -9999 -9999 1352 1361 1371 1376 1373 1374 1376 1370 1358 1342 1318 1286 1245 1200 1162 1126 1093 1064 1042 1028 1016 1005 992 978 964 949 932 914 894 869 854 843 835 825 819 814 812 813 822 846 870 893 939 1017 1087 1128 1048 939 898 875 873 887 891 843 790 780 767 754 761 768 793 811 822 816 738 702 708 718 710 698 675 688 695 687 665 627 601 595 602 617 636 654 669 676 675 681 726 757 766
-9999 -9999 -9999 -9999 1364 1372 1374 1383 1385 1373 1380 1372 1355 1339 1316 1283 1246 1211 1179 1146 1114 1088 1068 1053 1037 1020 1007 993 977 962 947 929 911 895 880 867 857 846 841 837 832 830 834 846 866 904 949 1038 1137 1251 1234 1139 993 902 842 814 798 826 829 818 793 771 769 785 813 863 872 864 767 683 689 709 722 726 716 704 695 693 683 646 610 596 604 622 642 666 684 695 691 694 731 760 767
