resultados/variables_proyeccion_tiempo/variables_paleo_21k/bio1.asc
ncols 330
nrows 228
xllcorner -12.000000
yllcorner 34.000000
cellsize 0.166667
NODATA_value -9999
[rows 82 to 122 of 228, columns 0 to 93 of 330]
-9999 -9999 -9999 -9999 -9999 -9999 -9999 -9999 -9999 -9999 -9999 -9999 -9999 -9999 -9999 -9999 -9999 -9999 -9999 28 25 21 18 15 9 4 -1 -2 -4 -11 -19 -26 -34 -38 -41 -44 -46 -52 -59 -68 -78 -91 -106 -115 -118 -125 -130 -132 -136 -144 -143 -137 -135 -134 -134 -134 -134 -134 -135 -135 -136 -138 -140 -142 -145 -148 -151 -154 -157 -159 -162 -164 -167 -170 -172 -174 -177 -179 -182 -183 -185 -187 -188 -189 -191 -192 -192 -193 -192 -191 -191 -190 -189 -188
-9999 -9999 -9999 -9999 -9999 -9999 -9999 -9999 -9999 -9999 -9999 -9999 -9999 -9999 -9999 -9999 -9999 -9999 30 26 22 19 16 11 5 2 -1 -4 -9 -22 -28 -30 -35 -40 -42 -45 -51 -58 -66 -75 -88 -103 -113 -119 -122 -127 -135 -138 -143 -139 -136 -133 -133 -134 -136 -136 -136 -136 -136 -137 -138 -140 -143 -145 -147 -150 -152 -155 -158 -160 -163 -166 -168 -170 -172 -175 -177 -179 -181 -184 -186 -187 -188 -190 -191 -191 -192 -193 -192 -192 -191 -190 -190 -189
-9999 -9999 -9999 -9999 -9999 -9999 -9999 -9999 -9999 -9999 -9999 -9999 -9999 -9999 -9999 -9999 34 30 27 24 21 14 14 11 6 2 -2 -9 -14 -20 -32 -36 -38 -39 -43 -50 -57 -66 -73 -84 -96 -108 -120 -127 -129 -132 -137 -137 -135 -135 -135 -135 -135 -137 -138 -138 -138 -138 -138 -137 -138 -141 -144 -146 -148 -151 -153 -156 -158 -161 -163 -166 -168 -171 -173 -175 -177 -180 -182 -184 -186 -187 -189 -190 -191 -191 -191 -192 -192 -192 -191 -190 -190 -190
-9999 -9999 -9999 -9999 -9999 -9999 -9999 -9999 -9999 -9999 -9999 -9999 -9999 -9999 -9999 36 32 28 25 22 17 14 12 9 4 -0 -7 -12 -17 -23 -28 -28 -32 -42 -50 -55 -60 -75 -83 -101 -115 -122 -136 -138 -149 -147 -143 -140 -141 -140 -141 -142 -141 -140 -141 -142 -142 -142 -142 -141 -141 -144 -146 -148 -150 -152 -154 -157 -158 -161 -164 -166 -168 -171 -174 -176 -179 -181 -183 -185 -186 -188 -188 -189 -189 -190 -190 -191 -191 -191 -191 -191 -190 -190
-9999 -9999 -9999 -9999 -9999 -9999 -9999 -9999 -9999 -9999 -9999 -9999 -9999 -9999 -9999 35 31 27 24 21 19 16 11 7 2 -5 -11 -17 -21 -25 -23 -31 -42 -49 -64 -59 -65 -79 -97 -108 -112 -123 -129 -134 -139 -138 -142 -144 -144 -148 -151 -153 -152 -151 -153 -152 -150 -150 -152 -149 -148 -149 -148 -149 -150 -152 -154 -157 -159 -161 -164 -166 -168 -171 -174 -177 -179 -181 -183 -184 -186 -186 -187 -188 -188 -189 -189 -190 -190 -190 -190 -190 -189 -189
-9999 -9999 -9999 -9999 -9999 -9999 -9999 -9999 -9999 -9999 -9999 -9999 -9999 -9999 -9999 34 29 25 22 20 15 13 10 5 -0 -6 -13 -18 -23 -24 -25 -39 -49 -54 -64 -68 -69 -90 -94 -105 -122 -134 -140 -142 -142 -144 -148 -159 -166 -163 -165 -163 -164 -164 -162 -156 -156 -153 -152 -151 -151 -150 -149 -149 -150 -152 -155 -157 -159 -161 -164 -167 -169 -171 -174 -176 -178 -180 -182 -183 -184 -185 -186 -187 -187 -188 -188 -188 -188 -189 -189 -188 -188 -188
-9999 -9999 -9999 -9999 -9999 -9999 -9999 -9999 -9999 -9999 -9999 -9999 -9999 -9999 -9999 -9999 29 24 21 20 14 11 7 3 -2 -7 -14 -20 -28 -25 -27 -35 -43 -56 -70 -73 -75 -85 -95 -110 -128 -139 -138 -143 -146 -152 -170 -173 -171 -164 -169 -173 -175 -172 -166 -161 -159 -154 -155 -152 -148 -148 -149 -149 -151 -152 -155 -157 -159 -161 -163 -166 -168 -170 -172 -174 -176 -178 -180 -181 -183 -183 -184 -185 -186 -186 -186 -187 -187 -187 -187 -187 -187 -187
-9999 -9999 -9999 -9999 -9999 -9999 -9999 -9999 -9999 -9999 -9999 -9999 -9999 -9999 -9999 -9999 28 24 23 18 11 8 4 2 -4 -8 -14 -22 -27 -24 -28 -35 -46 -55 -61 -66 -77 -85 -105 -117 -124 -127 -135 -141 -157 -166 -172 -167 -168 -186 -188 -183 -175 -171 -164 -160 -158 -155 -155 -151 -148 -148 -149 -148 -150 -152 -154 -156 -158 -160 -162 -164 -166 -168 -171 -173 -175 -176 -178 -180 -181 -181 -182 -183 -184 -184 -184 -185 -186 -186 -186 -185 -186 -186
-9999 -9999 -9999 -9999 -9999 -9999 -9999 -9999 -9999 -9999 -9999 -9999 -9999 -9999 -9999 -9999 -9999 23 18 12 7 4 1 -2 -7 -11 -19 -23 -21 -23 -30 -38 -47 -57 -65 -68 -73 -89 -102 -112 -117 -121 -130 -145 -157 -160 -167 -174 -180 -180 -180 -182 -184 -180 -174 -168 -162 -157 -153 -147 -147 -147 -147 -148 -149 -151 -152 -154 -156 -158 -160 -162 -164 -167 -168 -171 -172 -174 -176 -177 -178 -179 -180 -181 -182 -183 -183 -183 -184 -184 -184 -184 -184 -184
-9999 -9999 -9999 -9999 -9999 -9999 -9999 -9999 -9999 -9999 -9999 -9999 -9999 -9999 -9999 -9999 -9999 -9999 17 11 6 3 0 -2 -9 -14 -19 -17 -20 -27 -34 -42 -49 -57 -64 -74 -81 -89 -99 -112 -113 -125 -144 -147 -154 -156 -161 -159 -160 -164 -168 -167 -166 -162 -160 -154 -150 -149 -145 -145 -144 -144 -144 -145 -147 -148 -150 -152 -154 -156 -158 -161 -162 -163 -165 -168 -170 -172 -173 -175 -176 -177 -178 -179 -179 -180 -181 -181 -182 -181 -182 -182 -182 -182
-9999 -9999 -9999 -9999 -9999 -9999 -9999 -9999 -9999 -9999 -9999 -9999 -9999 -9999 -9999 -9999 -9999 -9999 16 11 8 5 1 -3 -10 -14 -16 -19 -27 -35 -42 -48 -54 -59 -70 -78 -84 -92 -100 -97 -116 -127 -138 -138 -150 -157 -163 -159 -160 -157 -153 -150 -149 -151 -151 -150 -146 -143 -142 -141 -140 -141 -141 -142 -144 -146 -148 -150 -152 -154 -156 -158 -160 -161 -163 -165 -167 -169 -170 -172 -173 -174 -175 -176 -177 -177 -178 -179 -179 -179 -179 -179 -179 -179
-9999 -9999 -9999 -9999 -9999 -9999 -9999 -9999 -9999 -9999 -9999 -9999 -9999 -9999 -9999 -9999 -9999 19 15 10 7 3 -0 -6 -10 -14 -18 -24 -31 -37 -44 -49 -55 -61 -69 -82 -90 -91 -87 -97 -109 -120 -130 -140 -148 -148 -149 -154 -153 -148 -143 -142 -144 -144 -144 -141 -140 -140 -140 -138 -138 -138 -138 -140 -141 -143 -145 -147 -149 -151 -153 -154 -157 -159 -161 -163 -164 -166 -168 -169 -170 -171 -172 -174 -174 -175 -175 -176 -176 -176 -176 -177 -177 -177
-9999 -9999 -9999 -9999 -9999 -9999 -9999 -9999 -9999 -9999 -9999 -9999 -9999 -9999 -9999 -9999 -9999 17 14 10 4 -1 -2 -7 -12 -18 -20 -26 -33 -38 -43 -49 -56 -63 -69 -76 -79 -84 -91 -104 -112 -117 -129 -132 -137 -139 -140 -142 -142 -147 -146 -143 -143 -140 -142 -142 -139 -139 -138 -137 -136 -136 -136 -137 -138 -140 -142 -144 -146 -148 -150 -152 -154 -156 -158 -159 -161 -163 -164 -166 -167 -168 -169 -170 -171 -172 -172 -173 -173 -173 -173 -174 -174 -174
-9999 -9999 -9999 -9999 -9999 -9999 -9999 -9999 -9999 -9999 -9999 -9999 -9999 -9999 -9999 -9999 -9999 17 12 8 3 -3 -8 -11 -15 -19 -23 -28 -35 -42 -46 -50 -56 -63 -71 -76 -83 -88 -92 -101 -108 -118 -121 -125 -122 -125 -132 -136 -131 -131 -134 -136 -134 -131 -132 -135 -136 -136 -136 -136 -135 -134 -134 -134 -136 -137 -139 -141 -143 -144 -146 -148 -150 -152 -154 -156 -158 -160 -161 -163 -164 -165 -166 -167 -167 -168 -169 -170 -170 -170 -170 -171 -171 -171
-9999 -9999 -9999 -9999 -9999 -9999 -9999 -9999 -9999 -9999 -9999 -9999 -9999 -9999 -9999 -9999 18 15 10 6 2 -1 -4 -8 -14 -19 -24 -30 -36 -44 -47 -53 -60 -68 -75 -82 -88 -86 -100 -101 -106 -113 -113 -120 -118 -122 -123 -127 -132 -134 -134 -133 -134 -131 -136 -140 -145 -142 -139 -135 -133 -132 -132 -132 -132 -134 -135 -137 -139 -141 -143 -145 -147 -150 -152 -153 -155 -157 -158 -159 -160 -162 -163 -163 -164 -165 -166 -167 -167 -167 -168 -168 -168 -168
-9999 -9999 -9999 -9999 -9999 -9999 -9999 -9999 -9999 -9999 -9999 -9999 -9999 -9999 -9999 -9999 17 12 8 3 -1 -5 -9 -13 -18 -23 -28 -35 -41 -47 -52 -58 -64 -73 -78 -86 -84 -87 -97 -102 -103 -103 -108 -121 -118 -124 -126 -127 -128 -134 -137 -141 -139 -145 -145 -144 -143 -139 -134 -134 -130 -129 -129 -129 -129 -130 -131 -133 -135 -138 -139 -141 -144 -145 -148 -150 -152 -153 -154 -156 -157 -158 -159 -160 -161 -162 -162 -163 -164 -164 -164 -165 -166 -165
-9999 -9999 -9999 -9999 -9999 -9999 -9999 -9999 -9999 -9999 -9999 -9999 -9999 -9999 -9999 21 16 9 5 1 -4 -8 -12 -17 -22 -27 -32 -37 -43 -49 -55 -59 -65 -70 -78 -81 -84 -89 -104 -99 -114 -104 -101 -108 -114 -119 -127 -131 -132 -133 -137 -139 -144 -141 -139 -136 -133 -131 -134 -135 -133 -129 -127 -126 -126 -126 -127 -129 -131 -133 -135 -137 -139 -141 -143 -145 -147 -149 -151 -152 -153 -154 -156 -156 -157 -158 -159 -160 -161 -162 -162 -162 -163 -163
-9999 -9999 -9999 -9999 -9999 -9999 -9999 -9999 -9999 -9999 -9999 -9999 -9999 29 25 18 13 8 4 -0 -4 -9 -14 -19 -24 -30 -34 -40 -47 -52 -58 -63 -66 -69 -72 -77 -82 -94 -99 -95 -100 -102 -99 -108 -114 -121 -125 -131 -131 -137 -137 -140 -143 -139 -136 -134 -134 -137 -143 -142 -131 -130 -125 -122 -121 -121 -122 -124 -126 -129 -131 -133 -135 -137 -139 -141 -144 -145 -147 -148 -149 -151 -152 -153 -154 -155 -156 -157 -158 -158 -159 -159 -160 -160
-9999 -9999 -9999 -9999 -9999 -9999 -9999 -9999 -9999 -9999 -9999 -9999 31 26 20 16 12 8 4 -1 -6 -12 -18 -24 -29 -35 -41 -51 -57 -62 -64 -66 -72 -77 -82 -82 -80 -88 -91 -93 -96 -98 -102 -113 -122 -124 -128 -130 -125 -123 -131 -124 -131 -133 -135 -134 -137 -136 -134 -132 -130 -126 -122 -119 -118 -116 -117 -118 -121 -124 -127 -130 -132 -134 -135 -137 -139 -141 -143 -144 -146 -147 -149 -150 -151 -152 -153 -153 -154 -155 -156 -156 -156 -156
-9999 -9999 -9999 -9999 -9999 -9999 -9999 -9999 -9999 -9999 -9999 33 30 24 17 14 11 6 2 -2 -10 -16 -26 -35 -38 -41 -46 -53 -59 -63 -71 -77 -76 -82 -94 -95 -86 -84 -87 -91 -95 -99 -110 -112 -114 -125 -119 -116 -119 -116 -114 -116 -119 -119 -120 -125 -132 -130 -126 -126 -125 -121 -120 -117 -114 -113 -113 -114 -116 -118 -122 -124 -127 -128 -130 -132 -135 -136 -139 -141 -143 -144 -145 -146 -147 -148 -149 -150 -151 -151 -152 -152 -152 -152
-9999 -9999 -9999 -9999 -9999 -9999 -9999 -9999 -9999 -9999 36 30 24 23 20 14 10 5 1 -5 -12 -19 -29 -40 -43 -45 -48 -53 -63 -72 -78 -82 -77 -84 -88 -97 -95 -89 -86 -88 -94 -101 -104 -107 -106 -108 -113 -112 -112 -113 -110 -108 -111 -112 -114 -119 -128 -128 -127 -124 -121 -120 -116 -116 -110 -110 -110 -110 -112 -115 -118 -120 -122 -124 -126 -128 -130 -132 -134 -137 -139 -140 -141 -142 -143 -144 -145 -146 -147 -148 -148 -148 -148 -149
-9999 -9999 -9999 -9999 -9999 -9999 -9999 -9999 -9999 40 34 31 27 23 19 15 11 4 0 -9 -20 -24 -32 -42 -46 -46 -50 -58 -68 -76 -81 -79 -77 -80 -84 -91 -95 -92 -90 -88 -88 -93 -99 -99 -103 -104 -103 -105 -106 -104 -105 -110 -114 -122 -119 -118 -128 -137 -136 -131 -125 -118 -114 -116 -110 -108 -108 -108 -110 -112 -114 -116 -119 -121 -123 -125 -127 -129 -131 -133 -135 -136 -137 -138 -139 -140 -141 -142 -143 -144 -144 -145 -145 -145
-9999 -9999 -9999 -9999 -9999 -9999 -9999 -9999 42 39 34 31 26 24 19 15 10 4 -0 -10 -16 -20 -26 -34 -43 -48 -55 -58 -64 -72 -76 -75 -76 -78 -82 -90 -90 -92 -92 -91 -88 -90 -96 -98 -99 -99 -100 -100 -102 -103 -108 -116 -122 -127 -125 -121 -117 -125 -130 -124 -119 -113 -110 -109 -108 -111 -111 -110 -108 -109 -111 -113 -116 -118 -120 -122 -124 -125 -127 -128 -131 -132 -133 -135 -136 -136 -137 -138 -139 -140 -140 -141 -141 -142
-9999 -9999 -9999 -9999 -9999 -9999 -9999 -9999 44 39 35 32 27 22 18 18 9 3 -2 -7 -15 -26 -33 -36 -45 -45 -52 -59 -66 -70 -71 -73 -76 -78 -83 -88 -92 -90 -91 -92 -89 -90 -93 -97 -99 -100 -101 -102 -103 -103 -105 -112 -124 -123 -120 -121 -120 -122 -128 -126 -120 -112 -106 -106 -112 -118 -118 -116 -114 -108 -108 -110 -113 -115 -117 -119 -121 -122 -123 -124 -126 -128 -129 -130 -131 -132 -133 -134 -135 -136 -136 -137 -138 -138
-9999 -9999 -9999 -9999 -9999 -9999 50 47 44 39 34 27 22 16 9 5 4 -0 -8 -15 -17 -24 -32 -41 -45 -51 -51 -57 -65 -68 -70 -77 -83 -81 -84 -90 -92 -87 -90 -90 -90 -89 -93 -99 -107 -110 -102 -101 -101 -100 -101 -106 -111 -111 -110 -108 -113 -122 -123 -121 -117 -110 -103 -103 -109 -110 -107 -108 -110 -108 -106 -108 -110 -112 -114 -116 -117 -118 -119 -121 -122 -124 -125 -126 -127 -128 -129 -130 -131 -132 -132 -133 -134 -135
-9999 -9999 -9999 -9999 -9999 52 50 46 43 39 32 26 23 15 8 6 4 -3 -13 -17 -19 -25 -33 -37 -48 -47 -52 -55 -62 -67 -73 -76 -79 -81 -86 -90 -87 -85 -87 -88 -89 -92 -95 -102 -104 -101 -100 -100 -100 -99 -101 -104 -106 -104 -103 -107 -112 -114 -114 -113 -115 -110 -102 -100 -100 -102 -103 -106 -108 -107 -107 -106 -107 -109 -110 -112 -113 -114 -115 -117 -118 -120 -121 -122 -122 -124 -124 -126 -127 -128 -129 -130 -131 -131
-9999 -9999 -9999 56 54 51 48 46 43 39 30 26 21 17 11 6 3 -2 -9 -15 -20 -25 -30 -34 -40 -46 -52 -57 -64 -69 -74 -73 -75 -77 -78 -80 -83 -84 -86 -86 -88 -92 -95 -96 -98 -98 -97 -99 -99 -99 -100 -101 -103 -104 -104 -106 -112 -106 -105 -104 -104 -103 -101 -98 -97 -98 -99 -102 -104 -102 -103 -104 -105 -106 -107 -109 -110 -111 -112 -113 -114 -115 -117 -118 -118 -120 -121 -122 -123 -124 -126 -126 -127 -128
-9999 -9999 57 57 54 51 48 46 43 39 35 29 25 17 12 7 5 -2 -8 -14 -19 -25 -30 -34 -39 -47 -52 -57 -62 -68 -70 -73 -77 -79 -79 -80 -82 -84 -86 -88 -90 -92 -95 -96 -97 -97 -98 -97 -98 -99 -99 -100 -102 -104 -104 -102 -103 -104 -104 -107 -103 -98 -95 -95 -95 -95 -96 -97 -100 -100 -101 -102 -103 -104 -105 -106 -107 -107 -108 -109 -110 -111 -112 -114 -115 -117 -118 -119 -120 -121 -122 -123 -124 -125
-9999 58 57 56 52 50 48 46 44 40 34 29 21 11 7 9 7 1 -5 -12 -18 -23 -28 -34 -39 -46 -52 -57 -63 -66 -69 -73 -77 -79 -80 -81 -82 -84 -86 -88 -90 -92 -94 -96 -97 -98 -98 -98 -97 -98 -99 -100 -101 -102 -102 -101 -102 -99 -93 -98 -106 -100 -96 -93 -93 -92 -93 -95 -97 -99 -100 -100 -101 -102 -102 -103 -103 -104 -104 -105 -106 -107 -108 -110 -111 -113 -114 -116 -117 -118 -119 -120 -121 -122
60 59 57 54 52 51 50 48 45 42 38 31 26 20 16 9 8 4 -2 -10 -16 -22 -27 -34 -38 -46 -52 -58 -62 -66 -70 -74 -77 -79 -80 -82 -83 -84 -86 -87 -90 -92 -94 -96 -98 -101 -101 -100 -100 -100 -100 -101 -101 -101 -100 -99 -96 -92 -88 -92 -105 -106 -100 -91 -92 -90 -91 -92 -95 -96 -101 -101 -99 -100 -100 -100 -100 -100 -100 -100 -101 -103 -104 -106 -108 -109 -111 -112 -113 -115 -116 -116 -118 -118
61 58 56 54 54 52 50 48 45 43 40 36 30 25 20 15 10 7 1 -6 -14 -22 -27 -32 -38 -44 -51 -57 -61 -65 -70 -74 -79 -88 -89 -82 -83 -85 -87 -88 -90 -91 -94 -97 -98 -102 -104 -106 -115 -110 -111 -108 -111 -103 -100 -100 -98 -95 -94 -100 -104 -101 -97 -91 -90 -89 -90 -90 -93 -94 -96 -99 -99 -98 -98 -98 -98 -97 -96 -97 -97 -98 -101 -103 -104 -106 -108 -109 -110 -111 -112 -113 -114 -115
60 59 56 55 55 53 51 49 47 44 41 39 35 28 22 18 7 4 2 -6 -18 -20 -25 -32 -39 -49 -60 -59 -62 -65 -70 -76 -85 -100 -96 -86 -83 -87 -87 -88 -89 -91 -94 -96 -98 -101 -110 -122 -124 -118 -124 -118 -116 -113 -101 -102 -100 -97 -97 -98 -100 -97 -94 -89 -89 -88 -87 -87 -90 -91 -91 -93 -94 -95 -95 -96 -96 -95 -94 -92 -93 -95 -97 -99 -101 -103 -104 -105 -107 -108 -109 -110 -111 -112
61 59 57 56 55 54 52 50 48 45 43 40 37 32 27 18 11 8 4 -7 -14 -19 -24 -32 -41 -47 -52 -57 -66 -69 -69 -76 -83 -94 -88 -85 -84 -86 -87 -89 -90 -92 -94 -98 -103 -106 -106 -110 -120 -126 -123 -125 -122 -112 -105 -105 -102 -100 -97 -95 -92 -89 -87 -84 -84 -84 -84 -87 -89 -88 -88 -90 -91 -91 -93 -98 -98 -96 -94 -91 -91 -92 -95 -97 -98 -100 -101 -102 -103 -104 -105 -106 -107 -108
62 59 57 57 56 55 53 51 49 47 44 41 37 33 26 20 12 9 7 -2 -11 -18 -31 -37 -40 -45 -52 -58 -63 -72 -69 -73 -79 -83 -84 -80 -82 -84 -87 -88 -89 -92 -94 -100 -102 -102 -101 -109 -119 -124 -127 -121 -113 -108 -106 -105 -102 -99 -95 -92 -90 -86 -86 -86 -85 -84 -86 -88 -87 -85 -86 -87 -89 -91 -93 -96 -98 -95 -93 -91 -91 -92 -94 -95 -96 -97 -98 -98 -99 -100 -102 -103 -104 -104
63 61 60 58 57 56 54 52 50 48 45 42 36 31 25 21 15 11 7 2 -7 -15 -24 -34 -36 -44 -52 -55 -58 -64 -68 -79 -74 -78 -78 -79 -81 -84 -85 -87 -88 -90 -92 -95 -97 -99 -101 -107 -117 -119 -122 -118 -113 -111 -113 -107 -103 -97 -94 -92 -90 -86 -86 -84 -83 -83 -85 -84 -84 -83 -83 -85 -86 -88 -91 -93 -94 -93 -92 -90 -91 -92 -93 -93 -93 -94 -94 -95 -96 -97 -98 -99 -100 -101
64 63 61 59 58 57 55 53 51 49 46 41 35 31 26 19 11 8 5 -1 -7 -16 -26 -33 -33 -39 -48 -52 -58 -64 -66 -70 -71 -74 -75 -77 -79 -81 -83 -84 -85 -87 -90 -92 -95 -99 -100 -107 -117 -128 -121 -121 -120 -115 -108 -103 -104 -96 -91 -91 -89 -87 -85 -82 -82 -83 -82 -82 -81 -82 -82 -82 -84 -86 -88 -91 -91 -90 -90 -90 -90 -91 -90 -90 -90 -90 -91 -92 -92 -93 -94 -95 -96 -97
-9999 -9999 64 62 59 58 56 55 52 48 34 34 32 28 25 17 8 2 2 -1 -9 -13 -21 -29 -36 -41 -55 -50 -52 -56 -61 -64 -68 -71 -72 -74 -76 -79 -81 -83 -85 -87 -89 -93 -96 -101 -106 -114 -117 -126 -122 -114 -116 -111 -103 -97 -96 -93 -86 -85 -84 -83 -81 -80 -81 -80 -78 -78 -78 -79 -79 -81 -82 -83 -87 -89 -89 -88 -88 -88 -88 -88 -87 -87 -86 -87 -87 -88 -89 -90 -90 -92 -92 -93
-9999 -9999 -9999 64 61 59 57 55 49 44 41 37 34 30 25 19 10 8 1 -2 -8 -13 -16 -23 -28 -34 -39 -40 -45 -50 -54 -57 -62 -65 -67 -70 -73 -76 -79 -82 -86 -90 -93 -99 -102 -107 -110 -112 -115 -114 -115 -113 -109 -106 -97 -93 -90 -89 -83 -82 -81 -82 -80 -80 -79 -78 -76 -75 -75 -75 -76 -79 -80 -83 -86 -86 -86 -85 -84 -83 -83 -83 -83 -83 -83 -83 -84 -84 -85 -86 -87 -87 -88 -88
-9999 -9999 -9999 66 63 61 59 56 53 47 41 34 28 25 23 14 10 9 6 3 -2 -7 -12 -17 -21 -26 -30 -34 -39 -44 -49 -53 -57 -60 -63 -66 -69 -72 -76 -82 -88 -94 -98 -101 -102 -103 -103 -103 -104 -113 -113 -112 -105 -109 -96 -91 -87 -84 -80 -83 -86 -83 -80 -78 -75 -74 -74 -75 -75 -75 -75 -77 -78 -80 -81 -82 -81 -80 -79 -77 -77 -78 -78 -79 -79 -80 -80 -81 -82 -82 -83 -83 -84 -84
-9999 -9999 -9999 67 64 62 61 58 55 50 46 40 36 29 26 21 14 15 10 6 2 -2 -5 -9 -14 -19 -24 -29 -34 -39 -44 -48 -52 -56 -59 -61 -64 -67 -73 -79 -83 -87 -88 -91 -91 -90 -93 -95 -99 -102 -107 -106 -107 -102 -88 -88 -87 -80 -83 -86 -82 -78 -75 -72 -71 -71 -72 -75 -75 -74 -73 -70 -71 -74 -75 -76 -76 -75 -74 -73 -73 -74 -74 -75 -75 -76 -76 -77 -78 -78 -79 -79 -80 -80
-9999 -9999 -9999 67 66 64 62 60 58 54 51 44 41 37 33 28 25 20 17 13 9 6 2 -2 -7 -13 -18 -23 -28 -33 -39 -43 -47 -50 -53 -56 -59 -63 -68 -72 -75 -78 -80 -81 -80 -79 -82 -84 -84 -90 -96 -94 -91 -87 -83 -81 -80 -81 -83 -78 -77 -76 -75 -73 -70 -71 -72 -70 -69 -68 -66 -62 -65 -69 -71 -72 -72 -71 -70 -69 -70 -70 -70 -71 -71 -71 -72 -73 -74 -74 -75 -75 -76 -76
