resultados/variables_proyeccion_tiempo/variables_paleo_21k/bio17.asc
ncols 330
nrows 228
xllcorner -12.000000
yllcorner 34.000000
cellsize 0.166667
NODATA_value -9999
[rows 90 to 134 of 228, columns 192 to 287 of 330]
73 73 74 75 75 75 77 80 81 83 85 85 85 86 87 87 87 85 85 83 82 82 83 84 84 84 84 85 87 88 91 93 96 98 100 101 100 97 92 90 88 86 85 84 84 83 83 82 81 81 81 81 80 80 79 82 81 79 77 74 72 70 69 67 65 64 63 63 64 64 63 63 63 64 64 64 65 66 68 68 68 69 69 68 68 65 64 62 61 60 59 58 58 57 57 56
76 76 77 77 78 80 82 84 85 87 89 89 89 90 92 93 92 90 88 87 84 84 85 85 86 86 87 86 87 89 91 93 94 96 99 99 97 95 93 91 89 88 87 87 86 84 84 83 84 83 83 82 81 82 84 84 83 83 81 78 76 72 71 69 68 67 65 65 65 65 64 65 65 65 66 66 67 68 69 69 69 69 68 68 66 66 66 64 62 62 60 59 59 58 58 58
80 80 81 82 83 83 86 88 90 92 95 95 94 95 96 97 96 94 91 89 87 86 87 87 87 87 87 87 89 90 91 94 95 96 97 98 97 96 94 92 91 90 89 89 88 87 86 85 85 84 84 84 84 84 85 84 85 84 82 80 77 74 72 70 69 69 68 68 68 67 67 67 67 67 67 67 68 69 69 70 69 69 68 68 68 67 66 65 64 62 62 61 60 60 60 60
84 85 85 86 87 88 90 92 94 96 100 101 100 100 100 100 99 97 94 91 89 88 88 89 89 89 89 88 90 91 93 95 96 98 98 98 97 96 95 93 93 92 91 90 90 89 88 88 86 86 86 86 86 86 87 86 85 84 84 82 79 77 74 72 71 70 71 71 70 69 68 68 68 68 68 69 70 70 71 71 70 70 69 68 68 67 67 67 65 64 63 62 62 61 61 61
88 88 89 89 90 92 94 96 98 99 103 106 106 105 104 103 102 100 97 93 92 91 91 91 90 89 89 90 90 91 93 95 97 99 100 101 99 98 96 95 94 93 92 92 92 92 90 89 89 88 88 89 89 88 88 88 88 86 85 84 82 80 78 76 75 74 74 72 72 70 70 70 70 70 69 69 70 69 70 70 71 71 70 69 68 67 67 67 66 65 65 64 64 63 63 63
92 92 93 93 93 95 98 100 103 105 110 113 113 113 112 109 107 104 100 95 93 93 93 92 92 92 91 92 92 94 96 98 100 101 103 102 101 98 97 96 95 95 94 93 92 92 91 90 89 89 90 91 91 91 91 90 89 89 88 86 83 81 80 79 78 76 76 75 74 73 72 71 71 71 71 72 71 70 70 72 71 71 71 70 68 68 68 68 68 67 67 67 66 66 65 65
94 95 96 96 96 97 101 104 107 110 114 118 120 120 118 114 112 108 104 98 96 96 96 95 94 94 94 94 94 96 98 100 102 105 105 104 104 102 100 97 96 95 95 94 93 92 90 90 90 91 92 93 93 93 93 92 91 90 90 88 86 84 82 81 80 79 78 77 76 75 75 74 73 73 73 72 72 72 72 72 71 71 71 70 69 68 68 68 68 69 69 69 68 68 67 67
97 97 98 98 99 100 103 106 110 114 118 121 124 126 124 120 115 112 109 104 101 101 100 98 97 96 96 96 96 98 101 103 105 108 107 107 106 104 101 100 99 98 95 94 93 93 92 91 91 93 95 95 95 95 94 93 93 92 91 91 90 88 85 82 81 80 80 79 78 77 77 76 75 75 74 74 75 75 74 73 73 73 72 71 70 70 70 69 68 68 69 69 69 70 70 69
100 100 101 100 100 101 104 107 110 115 120 124 127 130 127 123 119 116 112 110 107 105 103 101 99 99 98 97 97 100 102 106 109 110 112 111 109 107 105 102 100 98 97 97 94 93 94 94 95 95 97 98 97 97 97 96 94 94 93 92 92 90 88 85 83 81 81 80 80 80 80 79 78 77 77 76 76 75 75 75 74 73 73 73 72 71 70 70 70 70 70 70 71 71 71 71
104 105 106 106 104 103 105 108 112 116 121 125 127 127 125 121 118 116 115 113 111 108 106 104 102 102 100 99 98 101 105 109 113 114 115 113 111 110 106 104 103 101 99 97 96 96 95 96 98 100 100 100 100 99 98 97 96 94 94 94 93 90 88 88 85 83 81 82 83 82 81 81 81 81 80 78 77 76 76 75 74 73 73 74 73 72 72 72 72 71 70 72 72 72 72 72
108 110 110 110 108 106 106 109 114 118 121 124 124 122 120 118 115 113 113 113 112 110 108 107 106 105 103 100 99 103 108 112 115 116 117 114 112 113 109 106 103 102 101 99 98 99 101 101 102 104 105 103 102 102 100 99 97 96 94 94 94 91 90 89 88 86 83 83 83 83 83 84 84 83 81 79 77 76 76 74 73 72 73 73 73 72 72 72 72 73 72 73 73 73 72 74
112 114 115 115 114 111 109 113 115 118 121 124 123 120 118 115 113 112 112 112 111 111 110 110 110 108 106 106 107 109 113 117 119 119 118 116 117 116 112 110 108 105 104 103 103 102 104 105 105 106 108 107 105 103 102 100 99 97 96 94 94 93 91 89 88 87 85 84 84 85 85 86 85 85 83 80 78 76 75 74 73 72 72 72 73 73 72 71 71 71 72 73 73 73 74 74
120 122 122 122 120 116 114 116 117 119 121 122 121 118 116 113 110 109 109 110 110 111 113 113 113 112 111 111 112 114 118 121 121 121 119 118 116 114 114 112 110 108 107 106 106 107 106 107 108 108 108 109 108 105 103 101 99 98 96 95 93 92 90 87 86 86 85 84 84 85 87 88 88 86 83 81 78 77 75 74 72 72 72 72 72 72 71 71 71 71 71 73 74 73 73 74
121 124 127 129 125 122 119 118 118 119 120 120 119 117 114 110 107 106 106 106 107 110 112 113 113 115 117 117 120 122 126 126 125 124 124 120 118 114 114 113 110 110 109 108 108 109 109 109 110 110 108 108 109 108 104 101 101 100 99 96 94 92 90 87 85 84 83 84 84 86 87 90 90 86 83 80 79 78 76 75 74 72 72 72 72 70 71 72 72 72 71 72 73 73 72 73
122 125 127 128 126 123 120 119 118 118 119 118 117 114 111 109 107 105 104 104 104 108 110 112 114 116 120 121 124 127 130 129 130 129 126 123 120 117 115 113 112 110 112 111 110 110 111 111 110 109 109 108 108 107 104 102 102 100 99 96 94 91 88 87 84 82 82 83 84 85 87 89 88 86 83 81 79 78 76 75 74 72 72 72 72 72 72 72 72 72 72 73 74 74 74 73
126 129 131 128 126 123 120 119 118 118 118 119 117 116 115 113 113 111 105 102 102 104 107 110 115 119 121 123 126 128 130 130 131 129 128 124 122 121 117 113 112 111 112 112 114 113 113 114 110 108 108 107 106 106 104 101 101 100 97 95 93 89 87 86 84 81 81 83 84 84 85 86 86 84 82 80 78 77 75 75 74 73 72 72 72 72 71 72 72 72 73 74 74 75 74 74
125 126 128 125 124 120 118 117 117 118 119 118 117 118 116 114 112 108 106 103 101 103 107 111 115 118 120 124 127 129 131 130 129 129 128 125 122 120 120 117 115 115 115 115 117 118 115 112 108 106 106 104 103 103 102 100 99 98 95 94 92 88 86 84 83 80 79 81 82 83 83 84 82 81 80 78 76 75 74 73 73 72 71 72 71 70 71 72 72 72 74 74 74 75 74 75
122 122 122 123 123 122 119 118 118 118 117 116 116 114 113 110 108 105 103 102 102 103 106 111 114 118 121 125 128 129 129 130 128 127 124 122 119 118 117 117 117 117 120 118 119 119 115 110 106 103 103 102 100 100 100 98 97 97 93 92 91 88 84 83 82 80 79 81 81 82 82 82 81 80 78 76 74 73 73 73 71 71 71 71 70 69 70 71 72 72 73 74 75 75 74 74
121 120 118 120 120 120 120 118 118 116 115 114 113 111 109 107 106 104 103 103 103 105 108 111 115 119 122 125 128 128 128 129 127 124 123 120 117 116 116 115 115 118 120 119 119 118 113 109 104 100 100 99 97 98 98 96 95 94 92 91 89 86 83 83 82 80 79 80 81 81 80 80 79 78 77 76 74 72 72 73 72 71 70 69 68 70 69 71 71 72 72 74 74 74 74 75
118 118 116 116 118 118 117 116 115 113 112 111 110 109 106 106 104 103 104 104 106 109 111 113 116 119 122 126 128 128 128 127 125 124 123 121 115 115 115 115 114 116 116 116 115 113 108 103 98 96 97 97 95 95 96 94 93 93 91 89 88 85 83 82 82 80 79 80 80 80 79 79 78 77 76 75 73 73 72 71 71 70 68 68 67 68 68 70 71 72 74 73 74 74 75 75
118 117 115 115 114 114 114 112 110 110 108 108 109 108 106 105 105 105 106 109 110 112 114 116 116 118 122 125 128 129 128 127 125 125 126 122 116 113 112 111 111 112 111 111 110 108 104 99 93 92 93 94 93 93 94 92 92 92 90 88 87 85 83 82 82 79 79 79 79 80 79 78 78 78 76 75 74 72 72 72 71 69 68 68 68 68 68 70 71 72 73 73 73 74 75 76
117 115 113 112 109 108 107 106 106 105 104 105 106 106 105 104 106 108 108 110 111 113 115 114 115 118 121 123 124 127 128 128 128 125 122 119 114 112 111 110 109 110 108 108 107 104 101 96 92 91 92 92 92 93 93 91 90 91 89 88 87 85 83 82 82 80 80 80 80 80 80 78 78 77 76 75 74 74 72 72 70 70 68 68 67 67 68 70 71 72 73 73 73 75 75 75
112 110 110 107 106 103 102 101 101 101 101 102 103 104 103 102 105 107 110 111 112 113 114 115 118 120 122 125 124 128 128 129 128 125 120 114 111 111 109 107 108 108 107 106 105 102 99 97 92 92 92 91 91 91 92 90 90 90 88 87 86 85 83 83 82 80 81 80 80 79 79 78 77 77 77 75 74 73 72 71 71 70 69 68 68 67 68 70 71 71 72 73 74 75 76 76
107 105 104 103 102 99 98 97 97 97 98 99 101 100 102 103 105 106 109 111 112 112 114 115 117 119 122 125 126 127 129 129 127 123 117 111 108 108 107 107 106 106 105 104 103 99 98 96 93 92 92 92 91 91 91 90 89 90 87 87 86 85 84 84 82 81 81 80 80 80 80 79 79 78 77 76 75 74 73 72 72 70 70 70 69 69 69 70 71 72 73 74 75 76 76 77
102 101 100 98 96 94 93 93 93 94 96 96 98 99 101 103 104 106 107 109 110 111 112 114 115 118 120 121 123 123 124 125 124 118 114 109 107 106 104 104 105 104 103 102 101 98 97 96 93 94 94 91 91 92 91 89 89 89 88 87 86 85 84 84 82 81 81 81 80 80 81 80 79 78 77 78 77 76 75 74 72 72 72 71 70 70 71 72 72 72 74 76 76 76 76 76
101 98 96 94 91 90 88 88 89 91 92 93 94 96 98 100 103 104 107 107 108 110 110 112 113 114 116 117 120 120 121 121 118 114 110 107 106 104 102 103 102 101 102 100 99 98 97 96 94 94 94 92 91 93 92 90 90 90 89 88 87 86 85 84 83 82 81 81 81 81 81 81 80 79 79 79 78 78 76 75 74 75 74 73 71 72 72 73 73 75 75 76 76 76 76 76
101 97 95 91 88 86 85 86 87 88 90 91 92 94 95 98 101 104 104 106 106 107 108 110 111 113 114 115 116 116 117 116 113 111 108 105 104 101 101 101 100 100 100 100 99 98 98 96 95 95 95 92 92 93 92 91 91 91 89 88 87 86 85 84 83 82 81 82 82 82 83 82 81 81 81 81 79 78 78 76 76 76 74 73 73 73 74 74 75 76 77 77 77 78 78 78
97 95 93 89 85 82 82 84 86 87 89 90 92 94 94 96 99 101 103 103 103 104 106 107 109 110 111 112 113 113 113 111 110 108 105 103 101 100 100 99 99 100 100 99 99 98 97 96 96 96 95 94 94 94 93 92 93 92 90 90 89 88 86 85 84 83 83 83 83 83 84 83 84 83 82 81 81 80 79 78 77 76 76 75 75 75 75 76 77 77 77 78 79 79 80 80
96 94 91 89 87 85 83 85 86 89 91 90 90 91 94 96 98 101 102 100 99 99 102 104 104 105 107 109 110 110 110 109 107 105 103 101 98 98 98 98 99 99 99 99 98 98 97 96 97 97 95 94 94 94 93 93 93 92 91 91 90 89 88 86 86 85 84 85 86 85 85 83 84 84 83 83 82 82 81 80 79 78 78 78 78 77 78 78 79 78 78 78 79 79 80 81
95 94 92 91 90 89 87 86 87 88 90 90 91 90 93 95 97 100 101 98 93 90 96 99 101 103 104 106 107 108 108 105 104 103 101 99 96 97 97 98 98 99 98 98 98 98 97 96 96 97 95 96 97 96 94 94 94 94 92 92 92 90 89 89 88 87 87 88 87 87 86 85 85 85 85 84 84 83 83 82 81 80 81 81 81 81 80 79 80 79 79 79 79 80 81 82
98 95 96 96 94 91 89 87 87 88 89 89 89 90 92 93 95 97 98 95 91 89 92 96 98 101 102 104 105 105 104 103 102 102 100 97 96 97 98 99 100 99 99 98 99 98 97 98 98 98 96 98 99 97 97 97 96 94 93 93 93 92 91 91 90 89 89 90 89 88 88 86 86 86 87 86 86 86 84 84 83 83 83 83 82 82 82 82 82 81 80 81 82 82 83 84
99 97 97 96 94 92 88 87 86 87 88 88 89 89 90 90 91 94 93 92 90 89 91 94 97 100 101 103 103 103 102 102 101 99 97 97 98 98 98 100 98 99 99 99 99 98 98 99 99 97 98 99 99 97 97 97 96 94 95 94 94 92 92 92 92 92 92 92 91 89 87 88 88 88 88 87 88 88 87 86 86 86 86 85 85 84 84 84 83 82 82 82 83 83 84 84
99 98 95 94 93 92 90 89 88 86 86 86 87 88 88 89 89 90 90 90 89 88 90 92 95 97 99 100 102 101 102 101 99 98 98 97 97 98 99 99 100 100 100 100 99 98 98 99 98 98 99 100 99 98 98 98 96 96 95 95 94 94 94 95 94 94 94 94 92 90 89 89 89 88 89 88 88 88 89 89 89 88 88 86 86 86 85 85 82 83 84 84 84 84 85 85
100 99 99 98 94 93 92 91 89 89 88 86 88 87 87 88 88 88 88 87 85 85 89 92 95 97 99 100 101 101 100 98 97 97 96 96 97 98 98 100 100 100 100 100 99 99 100 99 98 101 101 101 101 100 99 98 98 98 97 97 95 95 96 96 95 95 96 94 93 90 89 89 88 89 90 90 90 91 91 92 91 90 90 89 88 87 86 86 84 84 84 84 84 85 85 86
100 101 101 104 100 95 94 92 90 89 86 85 87 88 88 87 86 85 85 86 84 85 88 92 94 97 100 100 100 99 98 97 97 96 95 95 95 96 98 100 100 101 100 100 100 100 99 98 98 100 100 99 100 100 98 97 97 97 97 97 98 97 97 97 97 96 95 94 94 92 90 90 90 91 92 92 93 93 93 94 94 93 91 91 89 88 88 87 86 86 85 85 86 86 87 86
102 103 104 105 105 101 97 94 91 88 86 87 87 88 88 88 87 85 84 85 86 86 89 91 94 96 97 98 99 98 97 96 94 93 92 93 93 95 97 99 98 99 100 100 100 99 98 98 98 97 96 96 98 98 97 97 98 98 98 98 98 98 98 98 98 96 96 94 94 93 91 90 90 91 93 95 95 96 96 97 97 96 94 92 92 90 89 89 88 88 87 86 86 86 86 86
103 103 104 104 106 105 100 96 92 89 87 87 88 88 88 87 86 86 84 84 86 89 90 92 94 96 98 99 99 97 95 93 92 92 92 92 92 92 94 96 98 99 100 101 99 99 97 97 97 95 95 95 95 96 95 96 97 98 98 99 99 101 100 100 99 98 96 94 93 92 90 90 90 91 94 97 99 99 99 99 100 98 97 96 94 93 92 90 88 88 89 88 88 88 88 87
103 102 101 102 102 103 102 100 94 89 86 83 85 86 88 88 87 84 83 83 86 88 90 92 95 96 97 97 97 96 94 92 91 91 90 88 88 90 93 96 98 100 100 99 99 98 97 96 93 93 92 92 92 92 93 95 96 97 98 99 101 102 102 101 100 99 96 94 92 90 89 89 91 92 95 98 101 103 103 103 102 100 99 97 96 95 93 92 89 89 89 88 88 88 87 87
104 102 99 100 100 99 97 95 92 87 84 84 83 84 84 85 84 84 86 86 88 89 92 94 96 96 98 98 97 96 94 91 88 88 88 87 88 89 94 95 97 98 99 100 99 98 95 94 93 92 90 89 89 90 92 94 95 97 98 100 102 102 105 103 103 100 96 93 90 88 86 87 89 93 95 98 102 105 106 105 103 103 101 99 96 95 93 93 93 92 91 90 90 89 89 88
106 103 101 98 98 98 94 92 89 87 86 85 85 84 84 84 84 84 86 90 92 93 94 96 98 97 97 97 95 93 91 90 89 88 87 89 89 89 91 93 97 99 101 100 98 96 94 94 92 90 88 87 86 88 90 93 95 97 98 101 102 103 105 106 104 100 96 92 89 86 84 85 88 92 97 100 104 107 108 106 104 104 101 99 98 96 96 95 94 92 91 89 89 88 88 88
102 100 98 98 96 95 95 94 92 91 90 88 88 87 85 83 84 85 85 88 94 95 96 98 99 99 98 97 95 93 90 89 87 86 85 87 89 90 92 94 98 99 100 100 98 96 95 93 91 89 86 83 85 87 90 94 95 97 99 100 102 105 106 104 102 100 96 92 88 86 83 84 88 92 98 102 106 110 110 107 104 103 101 100 99 99 97 96 95 93 93 93 92 91 90 88
96 94 94 94 96 97 100 98 96 95 94 91 90 89 87 85 85 86 88 91 95 102 103 104 103 101 98 96 93 91 88 88 88 86 88 89 89 91 94 95 96 100 102 101 98 96 94 93 90 88 86 86 87 89 92 93 95 97 99 101 103 105 106 105 103 100 96 92 89 86 85 87 90 94 98 103 108 112 110 108 106 104 100 100 99 99 99 99 96 95 95 94 92 91 90 88
98 94 97 98 98 102 105 103 103 103 99 98 96 96 92 89 86 85 87 91 96 102 108 111 107 104 100 96 94 94 94 92 90 88 88 87 88 89 91 95 98 100 101 100 98 96 93 92 91 90 89 88 90 91 92 94 96 98 100 101 102 104 105 105 103 101 98 95 91 89 88 90 94 97 100 103 108 111 110 109 106 102 101 100 102 102 102 99 97 97 96 96 94 93 92 90
110 107 105 102 104 106 108 106 103 102 102 102 102 99 96 95 90 89 92 95 99 103 108 112 111 104 101 98 97 94 92 89 87 86 86 87 89 91 93 96 97 98 98 98 96 94 94 93 92 91 92 92 93 93 93 95 97 99 100 101 102 103 103 103 102 100 97 95 93 91 91 92 96 98 101 103 105 108 109 107 105 104 102 102 102 102 102 101 99 99 98 97 96 95 93 91
126 124 106 97 106 119 119 121 116 110 108 105 103 103 106 104 96 92 95 98 100 104 107 108 110 106 103 98 97 93 92 89 87 85 86 88 89 90 92 94 96 98 98 98 96 95 94 92 92 91 93 94 95 96 96 96 98 99 100 101 103 103 105 103 102 100 98 96 93 92 92 93 96 98 100 102 103 105 106 106 105 103 102 102 102 102 104 102 100 100 100 98 98 96 96 94
