resultados/variables_proyeccion_tiempo/variables_paleo_21k/bio19.asc
ncols 330
nrows 228
xllcorner -12.000000
yllcorner 34.000000
cellsize 0.166667
NODATA_value -9999
[rows 0 to 43 of 228, columns 192 to 287 of 330]
-9999 -9999 -9999 -9999 -9999 -9999 -9999 -9999 -9999 -9999 -9999 -9999 -9999 -9999 -9999 -9999 -9999 -9999 -9999 -9999 -9999 -9999 -9999 -9999 -9999 -9999 -9999 -9999 -9999 -9999 84 81 77 74 71 67 66 62 -9999 -9999 -9999 -9999 -9999 -9999 -9999 -9999 -9999 49 49 49 -9999 -9999 -9999 -9999 -9999 -9999 -9999 -9999 -9999 -9999 -9999 -9999 -9999 -9999 -9999 -9999 -9999 -9999 -9999 -9999 -9999 -9999 -9999 -9999 -9999 35 -9999 32 32 31 30 29 28 27 26 26 25 24 23 23 22 22 21 21 21 -9999
-9999 -9999 -9999 -9999 -9999 -9999 -9999 -9999 -9999 -9999 -9999 -9999 -9999 -9999 -9999 -9999 -9999 -9999 -9999 -9999 -9999 -9999 -9999 -9999 -9999 -9999 -9999 -9999 -9999 -9999 85 82 79 -9999 -9999 -9999 -9999 -9999 -9999 -9999 -9999 -9999 -9999 -9999 -9999 -9999 -9999 -9999 -9999 -9999 -9999 -9999 -9999 -9999 -9999 -9999 -9999 -9999 -9999 -9999 -9999 -9999 -9999 -9999 -9999 -9999 -9999 -9999 -9999 -9999 -9999 -9999 -9999 -9999 -9999 -9999 -9999 -9999 -9999 -9999 -9999 29 28 28 26 26 26 24 24 23 23 22 21 -9999 -9999 -9999
141 136 -9999 -9999 -9999 -9999 -9999 -9999 -9999 -9999 -9999 -9999 -9999 -9999 -9999 -9999 -9999 -9999 -9999 -9999 -9999 -9999 -9999 -9999 -9999 -9999 -9999 -9999 -9999 -9999 -9999 -9999 -9999 -9999 -9999 -9999 -9999 -9999 -9999 -9999 -9999 -9999 -9999 -9999 -9999 -9999 -9999 -9999 -9999 -9999 -9999 -9999 -9999 -9999 -9999 -9999 -9999 -9999 -9999 -9999 -9999 -9999 -9999 -9999 -9999 -9999 -9999 -9999 -9999 -9999 -9999 -9999 -9999 -9999 -9999 -9999 -9999 -9999 -9999 -9999 -9999 -9999 28 28 27 26 26 25 24 23 23 23 22 22 22 21
145 140 136 -9999 -9999 -9999 -9999 -9999 -9999 -9999 -9999 -9999 -9999 -9999 -9999 -9999 -9999 -9999 -9999 -9999 -9999 -9999 -9999 -9999 -9999 -9999 -9999 -9999 -9999 -9999 -9999 -9999 -9999 -9999 -9999 -9999 -9999 61 59 57 -9999 -9999 -9999 -9999 -9999 -9999 -9999 -9999 -9999 -9999 -9999 -9999 -9999 -9999 -9999 -9999 -9999 -9999 -9999 -9999 -9999 -9999 -9999 -9999 -9999 -9999 -9999 -9999 48 48 45 44 -9999 -9999 -9999 -9999 -9999 -9999 -9999 -9999 -9999 -9999 -9999 28 31 28 27 27 26 24 23 23 23 22 22 22
153 146 140 135 130 126 123 120 -9999 -9999 114 113 113 -9999 -9999 -9999 -9999 -9999 -9999 -9999 -9999 -9999 -9999 -9999 -9999 -9999 -9999 107 102 95 88 83 78 74 74 -9999 -9999 -9999 57 56 54 53 -9999 46 46 46 47 47 47 47 -9999 -9999 -9999 -9999 -9999 -9999 -9999 -9999 -9999 -9999 -9999 -9999 -9999 -9999 -9999 -9999 -9999 51 50 48 46 44 43 42 43 43 42 41 40 38 37 37 35 34 34 33 32 31 29 27 25 24 24 23 23 23
160 153 147 141 135 131 126 123 120 118 117 116 115 -9999 115 117 118 120 122 126 128 130 134 143 145 130 120 114 108 99 91 88 83 81 77 71 66 62 58 55 54 52 50 49 49 53 51 51 51 50 49 50 50 51 50 -9999 -9999 -9999 -9999 -9999 -9999 -9999 -9999 -9999 -9999 -9999 -9999 -9999 -9999 48 46 44 45 46 45 44 42 41 40 39 37 37 36 35 35 34 33 32 31 31 29 25 26 25 23 23
166 159 151 144 138 133 130 126 123 120 118 -9999 116 117 118 120 122 124 128 129 130 130 136 141 139 131 121 116 109 100 92 85 82 79 72 67 62 58 60 60 54 51 52 52 51 53 54 54 55 56 55 51 52 54 53 54 54 53 -9999 -9999 -9999 -9999 -9999 -9999 -9999 -9999 54 53 52 50 51 51 50 47 45 44 43 42 40 39 38 37 37 36 35 35 34 33 32 32 31 30 30 28 25 24
172 162 154 147 140 134 130 126 123 120 120 119 118 120 122 123 127 126 131 133 133 131 134 132 130 125 119 111 107 101 94 86 79 73 67 62 61 64 63 59 53 49 50 54 53 54 53 53 51 52 49 54 57 59 60 57 57 59 60 60 62 60 58 57 -9999 -9999 -9999 53 54 54 53 51 50 48 46 44 43 42 40 40 39 38 37 36 35 35 34 34 32 32 32 32 32 30 28 26
175 166 160 153 144 137 132 -9999 -9999 120 120 122 123 124 127 125 126 128 127 127 129 128 132 131 124 122 118 107 100 94 88 80 71 65 62 61 62 61 60 54 49 49 53 53 54 54 52 52 53 50 51 57 58 59 57 60 62 62 62 66 65 66 62 61 58 61 59 58 -9999 -9999 -9999 -9999 -9999 -9999 -9999 44 43 42 40 39 38 37 36 36 35 35 35 34 33 32 32 32 32 32 31 29
181 171 162 152 143 136 129 125 126 122 123 116 115 116 119 120 119 124 131 131 129 125 124 124 122 115 109 102 95 88 79 71 65 63 61 59 60 59 55 51 51 51 52 53 54 54 50 48 47 49 50 52 55 57 57 57 60 63 63 64 64 66 66 65 64 65 63 61 58 -9999 -9999 -9999 50 48 46 45 43 42 41 39 38 38 37 36 35 35 35 34 34 33 32 32 32 32 32 31
182 176 161 156 148 138 130 131 132 128 126 130 126 119 124 124 123 119 116 120 119 122 122 118 113 109 104 98 90 80 72 66 64 63 64 59 57 54 55 53 51 51 51 51 51 50 49 49 48 49 50 51 53 55 54 56 59 61 63 63 62 61 62 62 63 63 62 59 57 55 -9999 -9999 -9999 48 47 46 44 42 40 39 38 38 37 36 35 35 34 34 34 34 33 33 33 32 32 32
185 169 168 160 154 141 131 129 127 126 129 127 125 120 120 122 121 115 110 113 114 115 116 114 107 102 99 94 85 74 66 66 69 64 60 61 58 60 57 53 51 50 49 48 46 46 47 47 47 49 49 50 50 50 51 52 52 54 55 55 56 56 56 56 57 58 58 56 55 55 53 53 51 48 46 45 44 42 41 40 39 37 37 37 35 35 35 34 34 34 33 33 33 33 33 32
183 178 160 154 148 139 131 130 129 122 115 115 118 121 122 122 119 115 109 105 105 108 108 106 102 97 96 94 87 70 63 63 63 57 58 59 55 52 48 48 46 45 45 45 46 47 47 45 46 48 50 51 52 52 53 53 52 53 51 52 51 52 54 52 52 55 55 56 56 55 54 53 54 51 48 45 42 42 41 40 39 38 37 37 37 36 35 34 34 34 34 33 33 33 33 32
189 174 154 157 147 142 130 129 135 131 122 116 112 113 116 116 113 111 108 106 105 104 101 100 96 91 87 84 77 67 60 54 51 49 48 46 46 46 47 46 44 42 43 44 44 45 47 45 46 47 48 49 48 48 50 49 49 50 50 51 52 54 55 58 58 58 59 58 56 55 56 56 53 53 50 48 46 44 41 39 37 37 37 37 36 36 36 35 34 35 35 33 33 33 33 32
181 161 154 148 148 145 137 124 127 131 124 126 122 116 110 109 109 108 107 103 100 98 96 94 89 85 80 77 72 65 57 51 47 44 41 42 44 45 45 44 42 42 41 41 42 43 43 44 44 44 45 45 46 47 47 47 49 50 50 49 49 50 54 56 58 58 57 56 58 58 56 55 51 51 49 48 46 44 40 38 37 37 37 36 36 36 36 36 36 35 35 35 33 33 33 33
169 152 158 148 150 136 134 127 120 115 112 112 111 110 104 100 101 102 98 96 94 91 89 88 84 79 75 71 66 59 53 48 44 41 39 41 42 42 42 41 41 40 40 40 40 40 41 41 43 42 43 44 44 46 47 47 47 47 47 46 47 50 55 55 56 54 54 56 56 55 55 54 52 50 49 47 45 43 41 40 39 36 36 37 38 38 36 36 36 36 35 35 35 33 33 33
162 157 145 138 137 136 130 126 121 114 109 101 100 99 96 93 91 93 91 89 88 85 83 82 80 76 71 68 61 56 53 49 44 41 39 42 42 41 40 40 39 38 38 37 38 38 38 39 39 41 41 43 44 44 44 44 46 46 48 47 48 50 51 52 54 54 53 55 56 54 54 52 50 50 49 47 44 43 40 40 39 38 38 40 40 39 38 37 37 37 37 36 36 34 34 33
152 143 137 131 118 120 120 116 108 103 100 96 92 90 87 87 84 82 82 81 82 82 80 78 75 72 68 64 60 57 52 48 43 41 39 41 41 41 41 40 38 37 36 36 35 35 36 37 38 39 40 41 43 43 42 44 44 46 47 47 47 47 49 50 52 53 54 53 53 52 51 51 50 49 48 48 46 43 39 38 39 38 38 39 40 39 39 39 38 38 38 38 37 36 36 36
141 133 126 118 113 105 105 105 102 98 94 89 84 81 80 79 78 76 76 77 77 78 77 75 72 69 66 63 59 55 51 48 45 42 41 40 39 38 38 37 36 36 35 34 34 34 35 36 37 38 40 40 41 42 43 43 44 45 45 45 47 47 47 48 50 51 50 51 51 51 51 50 50 49 48 47 46 44 41 40 39 39 38 39 39 39 38 37 37 38 38 37 36 36 36 36
129 125 117 113 109 106 101 94 91 90 89 84 80 75 74 73 73 72 72 72 72 72 72 71 69 67 65 62 58 55 51 48 45 43 44 43 41 39 39 39 38 37 35 34 34 33 35 36 37 39 40 41 42 41 42 42 43 43 44 44 45 45 45 46 46 47 48 47 48 49 48 47 48 47 47 46 44 44 42 41 40 39 39 39 39 38 36 36 36 36 36 36 35 35 35 36
115 112 108 102 99 96 93 91 88 84 78 74 72 68 66 65 67 67 68 68 67 68 69 66 65 64 61 59 57 54 51 48 47 44 44 44 43 42 41 40 39 37 36 34 33 34 36 36 37 39 40 39 40 40 41 41 41 42 42 43 44 44 44 44 45 44 45 45 46 46 45 45 46 46 46 46 45 44 43 41 40 39 38 38 37 36 35 36 35 34 34 34 33 35 34 34
102 100 99 96 93 88 86 83 81 77 75 71 66 63 60 59 60 62 63 63 63 64 63 61 61 60 58 57 55 53 51 49 46 45 44 43 42 41 41 40 39 38 37 36 36 36 36 36 37 37 38 40 40 40 41 41 41 41 43 44 44 44 43 44 45 45 45 44 44 44 45 46 45 45 46 45 44 43 42 40 39 39 39 39 37 35 34 34 34 32 32 32 33 34 34 34
88 89 90 87 85 84 82 78 74 72 70 67 64 62 60 59 58 59 59 60 61 61 63 61 58 58 57 55 53 51 51 49 47 46 45 44 43 42 41 40 40 39 38 37 37 37 37 38 40 40 41 41 40 41 41 40 40 40 41 41 41 42 41 41 43 46 45 44 46 44 44 45 45 44 45 43 44 43 41 40 39 38 38 37 36 34 33 31 31 30 31 31 31 32 32 33
82 80 79 79 78 77 75 74 71 68 65 64 63 60 59 59 58 57 57 58 57 57 57 58 59 55 54 52 51 50 49 47 47 46 45 44 43 42 42 41 40 39 39 37 37 36 36 37 37 38 39 39 39 39 40 40 40 39 39 40 40 39 40 40 40 41 41 44 45 46 44 44 44 43 46 42 41 41 40 39 38 38 36 36 34 33 32 31 30 29 29 30 30 30 31 31
77 75 73 72 71 71 69 67 66 65 64 62 59 57 58 57 57 56 56 56 55 55 56 56 55 55 53 51 50 48 47 46 46 45 46 46 44 44 44 42 41 40 39 38 37 37 36 37 37 38 38 39 38 38 39 39 39 39 39 39 38 38 39 40 40 40 42 41 41 42 43 43 43 42 46 44 41 39 39 37 38 37 37 36 34 31 31 33 32 31 28 28 29 29 30 30
72 70 70 70 68 66 65 63 62 61 59 59 58 56 55 55 55 55 54 54 54 54 54 55 54 53 52 50 49 48 47 46 46 45 45 45 45 44 44 42 42 41 39 39 38 37 37 37 38 36 37 37 36 37 38 38 39 39 39 39 37 37 37 38 39 39 39 38 39 40 39 39 38 39 43 40 39 38 37 39 43 41 41 37 34 31 31 34 32 29 27 27 27 28 28 29
68 67 67 67 66 64 63 63 61 60 58 57 55 54 54 54 53 54 54 54 53 52 53 52 52 52 50 49 48 47 46 46 45 45 45 45 44 44 44 43 42 41 39 39 37 36 37 37 36 36 36 36 36 36 37 37 38 39 39 38 38 38 38 37 37 36 36 37 37 36 36 37 36 37 37 37 37 37 36 36 36 37 37 36 32 30 28 27 27 27 26 27 27 27 27 28
66 66 66 65 63 63 61 60 59 58 57 56 54 53 53 52 52 52 52 51 51 51 51 50 50 50 49 49 47 46 46 46 45 45 45 45 44 45 44 44 43 41 40 39 37 36 36 36 35 35 35 36 36 36 36 37 37 38 37 36 36 37 38 36 36 36 36 38 37 36 36 36 35 36 35 36 37 37 35 35 35 34 33 31 30 29 28 28 27 27 26 25 26 27 27 27
62 62 62 62 61 61 60 59 57 56 57 56 54 53 52 51 51 51 51 51 50 50 50 50 49 49 49 47 46 46 45 45 45 44 44 44 44 45 44 43 42 41 40 38 36 35 36 35 35 34 35 35 35 35 36 35 35 36 35 35 35 36 36 36 36 36 36 36 36 35 35 34 34 33 34 35 36 37 37 35 33 32 31 30 29 28 27 27 26 26 25 25 25 25 26 26
60 60 59 60 58 57 56 56 55 55 54 54 53 52 51 50 50 51 51 51 50 49 49 48 48 48 47 46 46 45 43 44 44 42 42 42 43 42 42 42 42 40 39 37 36 35 35 35 35 35 35 33 34 34 34 34 34 35 34 34 34 34 34 34 34 34 33 35 35 34 33 32 31 31 31 33 34 35 35 34 32 31 30 29 28 27 27 26 25 25 24 24 24 23 24 24
58 58 58 57 57 57 56 55 54 53 52 52 52 52 51 50 50 50 49 50 49 48 47 47 48 47 46 46 45 43 43 42 42 42 42 42 42 41 40 40 39 39 38 36 35 35 34 33 33 33 33 32 32 33 34 33 33 33 34 34 33 32 31 31 31 31 32 31 31 31 31 31 30 31 31 32 33 34 35 34 32 30 30 28 27 26 25 25 24 23 23 22 22 22 22 22
55 55 57 56 56 55 55 55 54 53 52 51 50 50 50 50 49 49 49 49 49 49 47 46 47 46 45 44 43 43 42 41 40 40 40 40 39 39 39 38 38 37 36 35 34 33 33 32 32 32 33 33 33 33 33 34 33 33 33 32 31 30 30 29 30 29 29 30 29 29 29 29 30 30 31 32 33 33 32 31 30 29 28 27 26 26 24 24 23 22 22 22 22 22 22 21
54 54 53 55 54 54 54 54 54 53 52 51 50 49 49 49 48 49 49 49 48 48 47 46 46 45 44 43 42 42 41 40 39 39 38 38 37 36 36 36 36 35 35 34 33 33 32 32 32 32 32 32 32 32 32 32 32 32 32 32 31 30 29 28 28 28 28 28 28 28 28 28 28 29 30 31 32 32 32 30 29 27 26 24 23 23 23 22 21 21 20 20 20 20 20 20
55 54 52 52 52 52 52 52 52 52 51 52 51 50 48 48 47 47 48 48 48 46 46 46 45 45 43 43 42 41 39 39 37 37 37 36 36 35 35 34 34 33 33 32 32 33 32 32 32 32 32 32 32 32 32 32 32 32 31 30 31 30 29 28 27 27 28 28 28 28 28 28 28 28 29 30 31 31 30 29 28 27 25 24 22 21 19 19 18 18 18 19 19 19 19 20
55 54 52 52 51 51 51 51 51 50 49 50 51 50 49 49 47 47 47 47 47 46 46 46 45 45 43 42 40 39 38 36 36 36 35 35 35 34 33 33 33 32 32 32 32 32 32 32 32 32 32 32 32 32 32 32 31 30 30 30 30 29 28 27 27 27 26 27 28 27 27 28 28 28 28 29 29 29 29 28 27 26 25 24 22 21 19 18 16 16 16 16 17 17 18 18
54 54 53 53 51 50 50 50 50 50 48 49 49 49 48 47 46 47 47 47 46 46 46 46 45 44 42 41 39 38 36 35 35 34 34 34 33 33 33 32 32 32 31 31 32 32 32 32 32 32 32 32 32 32 32 32 32 30 29 29 29 29 28 27 25 25 25 25 25 25 26 26 27 27 27 28 28 28 27 27 26 25 24 24 22 21 20 18 16 16 16 16 16 16 16 16
52 52 52 53 52 51 51 50 49 49 48 49 48 47 47 47 46 46 46 46 45 46 46 46 45 44 42 40 38 36 35 34 33 33 33 32 32 32 31 31 31 31 30 30 30 30 32 31 31 30 30 32 32 32 32 32 31 29 29 29 28 28 28 27 27 25 25 25 25 25 25 25 26 26 26 26 26 26 26 26 25 24 24 23 22 21 19 18 16 16 15 15 14 16 16 16
55 54 53 51 51 50 50 50 50 49 48 48 48 47 47 46 46 46 44 44 44 44 44 44 44 42 40 38 37 35 34 32 32 31 31 30 31 31 30 30 30 30 29 29 29 31 30 31 31 30 29 30 30 31 31 30 29 29 29 29 28 27 26 26 26 25 24 24 24 24 24 24 25 26 26 26 26 26 26 25 25 24 22 22 21 19 19 18 16 16 16 16 16 16 16 16
56 55 55 53 52 51 50 50 50 49 48 48 48 47 47 47 46 45 44 44 43 44 43 43 42 41 39 37 35 33 32 32 31 30 30 29 29 29 29 29 29 29 29 29 29 29 29 29 29 29 29 29 29 30 30 29 29 29 29 29 27 27 26 25 25 25 25 24 24 24 24 24 24 25 25 25 25 25 24 24 24 23 22 21 20 19 18 18 17 16 16 16 16 17 17 16
57 56 56 55 54 53 51 50 49 49 48 48 47 47 47 45 44 43 43 42 43 43 43 41 41 39 38 36 34 32 31 29 29 29 28 28 29 29 29 29 29 29 29 29 29 29 29 29 29 29 29 29 30 29 29 29 29 29 29 28 27 26 26 25 25 24 24 24 24 24 24 24 24 24 24 25 25 25 24 24 23 22 21 21 20 19 18 18 17 17 16 17 17 17 17 17
56 56 56 55 55 53 53 50 50 49 49 48 47 47 46 45 44 44 42 42 41 41 41 40 39 38 36 35 32 32 29 29 28 27 28 28 29 28 29 29 29 29 29 29 29 29 29 29 29 30 29 30 30 29 29 29 29 29 29 28 26 26 26 25 24 24 24 24 24 24 24 24 24 24 25 24 24 24 24 23 22 22 21 21 20 20 19 18 17 17 18 18 18 18 17 17
57 57 56 56 55 53 53 51 50 49 49 48 47 46 45 45 44 42 42 41 41 40 40 40 38 37 36 34 32 31 29 28 27 26 27 28 28 28 29 29 29 29 29 29 29 29 29 30 29 29 30 30 30 30 29 29 29 29 29 29 28 27 26 26 24 24 24 24 24 24 24 24 24 24 24 24 24 24 23 23 22 22 22 21 20 20 19 19 18 18 18 18 18 18 19 19
57 57 56 55 55 53 53 52 50 49 49 47 46 45 45 44 42 42 42 41 40 40 40 40 38 36 35 34 32 31 29 27 26 26 26 27 29 29 29 29 29 29 29 29 29 29 29 30 30 30 30 30 30 30 30 30 29 29 29 29 28 28 27 26 26 26 24 24 24 24 24 24 24 24 24 24 24 24 23 23 23 22 22 21 20 20 19 19 19 19 19 19 19 19 20 19
58 57 56 55 55 54 53 53 52 50 48 46 46 45 44 42 42 42 41 41 40 39 39 38 37 36 36 34 33 32 29 28 27 27 27 28 29 29 29 29 29 29 30 29 30 30 30 31 31 31 30 30 30 31 30 30 30 30 30 29 29 29 28 28 27 26 26 25 25 25 25 25 25 25 25 25 25 24 23 23 22 23 23 22 21 21 20 20 20 20 20 20 20 21 21 21
