resultados/variables_proyeccion_tiempo/variables_paleo_21k/bio11.asc
ncols 330
nrows 228
xllcorner -12.000000
yllcorner 34.000000
cellsize 0.166667
NODATA_value -9999
[rows 114 to 151 of 228, columns 172 to 257 of 330]
-214 -215 -215 -215 -215 -215 -214 -214 -212 -211 -210 -210 -211 -215 -218 -222 -224 -226 -228 -229 -231 -231 -232 -231 -230 -228 -228 -229 -229 -230 -229 -228 -226 -223 -220 -217 -213 -208 -205 -203 -201 -201 -200 -199 -200 -200 -200 -200 -199 -199 -199 -200 -200 -199 -200 -200 -200 -200 -200 -200 -200 -199 -199 -199 -198 -198 -197 -197 -196 -197 -196 -196 -195 -195 -195 -194 -194 -194 -194 -193 -193 -193 -193 -193 -192 -192
-204 -204 -205 -206 -207 -207 -207 -207 -206 -205 -205 -206 -207 -208 -212 -215 -218 -220 -223 -223 -223 -223 -222 -220 -219 -218 -218 -219 -220 -221 -222 -221 -220 -218 -215 -211 -208 -204 -202 -199 -198 -198 -197 -196 -196 -196 -196 -196 -196 -196 -196 -196 -196 -196 -196 -196 -196 -196 -196 -197 -196 -196 -196 -195 -195 -195 -194 -194 -193 -193 -193 -192 -192 -192 -192 -191 -191 -191 -191 -191 -190 -190 -190 -190 -190 -189
-196 -196 -197 -199 -200 -200 -200 -200 -200 -199 -200 -201 -202 -204 -205 -207 -210 -212 -215 -217 -216 -215 -213 -211 -209 -208 -207 -209 -211 -213 -214 -215 -215 -213 -210 -207 -204 -201 -198 -196 -195 -194 -193 -193 -193 -193 -193 -193 -192 -192 -192 -192 -192 -193 -193 -193 -193 -193 -194 -193 -193 -193 -193 -192 -192 -192 -191 -191 -191 -190 -189 -189 -189 -189 -189 -188 -188 -188 -188 -188 -188 -187 -188 -188 -188 -188
-188 -187 -189 -191 -192 -193 -192 -193 -193 -194 -194 -196 -198 -200 -202 -203 -204 -206 -207 -206 -207 -206 -204 -201 -198 -195 -196 -200 -203 -207 -209 -210 -211 -211 -208 -203 -199 -195 -194 -192 -191 -190 -189 -189 -189 -189 -189 -190 -190 -189 -189 -189 -189 -189 -190 -190 -190 -191 -190 -191 -190 -190 -190 -190 -190 -190 -189 -188 -188 -188 -188 -187 -187 -186 -186 -186 -186 -186 -185 -186 -186 -186 -185 -186 -186 -185
-184 -182 -183 -184 -185 -185 -186 -186 -186 -187 -188 -191 -193 -194 -196 -197 -198 -199 -200 -200 -199 -198 -196 -193 -190 -188 -188 -192 -197 -202 -205 -205 -207 -208 -204 -200 -195 -190 -187 -186 -187 -187 -186 -186 -186 -186 -186 -186 -186 -187 -187 -187 -187 -187 -187 -187 -187 -187 -187 -187 -187 -188 -187 -187 -187 -187 -186 -186 -186 -186 -185 -185 -184 -183 -183 -183 -183 -183 -183 -183 -183 -183 -183 -183 -183 -183
-180 -179 -178 -178 -178 -178 -178 -180 -181 -182 -184 -185 -186 -188 -189 -190 -192 -193 -193 -194 -193 -192 -191 -189 -186 -184 -184 -186 -191 -195 -198 -200 -202 -203 -200 -195 -190 -185 -180 -181 -184 -186 -184 -184 -184 -184 -183 -184 -183 -184 -184 -184 -184 -184 -185 -185 -185 -185 -185 -185 -185 -185 -185 -185 -184 -184 -184 -184 -183 -183 -183 -182 -183 -182 -182 -182 -181 -181 -181 -181 -182 -182 -181 -182 -181 -181
-178 -176 -175 -174 -175 -175 -174 -174 -175 -176 -179 -179 -180 -182 -184 -186 -188 -189 -190 -191 -190 -188 -188 -187 -185 -182 -182 -182 -185 -189 -192 -195 -197 -196 -194 -190 -186 -181 -178 -178 -182 -184 -183 -183 -182 -182 -181 -181 -181 -181 -181 -181 -181 -182 -182 -182 -182 -183 -183 -183 -183 -183 -182 -183 -183 -183 -182 -183 -182 -182 -181 -182 -182 -181 -181 -181 -180 -179 -179 -179 -179 -179 -180 -180 -179 -180
-174 -172 -171 -169 -170 -170 -170 -169 -169 -170 -172 -173 -174 -176 -178 -181 -183 -186 -187 -187 -186 -185 -184 -183 -181 -179 -179 -179 -180 -183 -187 -189 -190 -190 -188 -186 -183 -179 -177 -178 -180 -181 -182 -181 -180 -179 -179 -179 -178 -178 -179 -179 -179 -179 -180 -180 -181 -181 -181 -181 -181 -181 -181 -181 -181 -181 -182 -182 -181 -181 -180 -180 -180 -179 -179 -179 -178 -177 -177 -178 -178 -177 -177 -177 -179 -180
-168 -166 -164 -164 -164 -163 -164 -165 -164 -164 -167 -168 -168 -170 -173 -175 -178 -180 -181 -182 -182 -181 -180 -178 -178 -177 -176 -176 -178 -178 -180 -182 -184 -185 -184 -182 -180 -178 -177 -178 -179 -180 -179 -178 -178 -177 -176 -176 -176 -177 -177 -177 -177 -178 -178 -178 -179 -179 -180 -179 -179 -180 -179 -180 -180 -180 -180 -180 -180 -180 -180 -179 -179 -178 -178 -178 -177 -176 -176 -176 -176 -176 -176 -176 -178 -179
-164 -161 -159 -160 -159 -160 -160 -161 -160 -160 -161 -162 -163 -163 -166 -169 -172 -174 -176 -178 -178 -178 -178 -178 -175 -175 -174 -174 -174 -175 -176 -177 -180 -182 -182 -180 -178 -176 -176 -176 -176 -177 -176 -175 -175 -175 -174 -174 -174 -174 -175 -175 -175 -176 -176 -177 -177 -178 -178 -178 -178 -178 -178 -179 -179 -180 -180 -180 -180 -182 -181 -180 -179 -179 -178 -178 -178 -177 -177 -176 -176 -175 -175 -175 -177 -178
-158 -157 -156 -156 -155 -156 -155 -155 -155 -156 -156 -157 -157 -158 -159 -162 -166 -169 -171 -173 -174 -175 -176 -178 -176 -173 -172 -171 -170 -170 -170 -172 -176 -179 -180 -178 -176 -174 -173 -173 -173 -173 -172 -172 -173 -172 -172 -171 -171 -172 -172 -172 -174 -174 -175 -175 -176 -176 -176 -176 -176 -177 -178 -178 -178 -179 -179 -180 -180 -181 -180 -179 -178 -178 -176 -177 -176 -176 -176 -176 -176 -175 -175 -175 -176 -176
-154 -150 -150 -149 -149 -149 -149 -150 -150 -151 -152 -153 -153 -153 -154 -156 -160 -164 -166 -168 -170 -172 -174 -176 -176 -174 -170 -168 -166 -165 -165 -168 -171 -174 -175 -175 -174 -172 -170 -170 -171 -169 -169 -169 -169 -169 -169 -169 -169 -169 -170 -170 -171 -172 -173 -173 -174 -174 -175 -175 -175 -176 -177 -177 -178 -178 -179 -179 -179 -179 -179 -178 -177 -177 -177 -178 -178 -177 -176 -176 -175 -175 -174 -174 -175 -175
-152 -148 -146 -145 -145 -144 -144 -145 -146 -147 -149 -149 -149 -149 -149 -152 -154 -158 -160 -163 -165 -167 -170 -173 -174 -173 -169 -165 -162 -160 -160 -163 -167 -170 -172 -172 -171 -169 -167 -166 -167 -168 -166 -166 -165 -166 -166 -167 -167 -167 -168 -168 -169 -170 -172 -172 -172 -173 -174 -174 -174 -174 -176 -177 -177 -177 -178 -178 -178 -179 -178 -178 -178 -178 -178 -177 -178 -177 -177 -176 -175 -175 -174 -174 -174 -175
-151 -147 -144 -142 -142 -141 -140 -140 -141 -143 -145 -146 -146 -147 -146 -149 -152 -153 -155 -158 -160 -162 -164 -166 -168 -167 -166 -164 -159 -156 -155 -157 -162 -165 -167 -168 -167 -164 -163 -162 -163 -162 -162 -161 -162 -163 -163 -164 -165 -166 -166 -166 -168 -169 -170 -171 -171 -172 -173 -173 -174 -174 -175 -175 -176 -177 -177 -177 -177 -179 -179 -178 -178 -178 -177 -177 -176 -176 -177 -176 -176 -175 -174 -174 -174 -175
-150 -146 -144 -142 -139 -139 -139 -137 -138 -140 -141 -142 -144 -145 -146 -147 -151 -152 -152 -154 -156 -157 -157 -159 -160 -159 -157 -156 -154 -151 -152 -155 -158 -160 -162 -162 -161 -161 -161 -160 -160 -158 -158 -159 -159 -159 -160 -161 -162 -163 -164 -164 -165 -167 -168 -169 -170 -171 -172 -171 -173 -174 -174 -174 -175 -175 -176 -177 -177 -178 -178 -178 -178 -178 -178 -178 -177 -178 -177 -177 -177 -175 -176 -173 -175 -175
-150 -150 -141 -139 -139 -138 -136 -135 -136 -138 -139 -140 -142 -143 -144 -145 -147 -151 -152 -151 -152 -153 -153 -152 -153 -152 -150 -150 -149 -151 -153 -156 -158 -158 -158 -157 -156 -155 -155 -158 -157 -156 -154 -155 -155 -155 -157 -159 -159 -160 -161 -161 -164 -165 -165 -169 -170 -170 -170 -170 -172 -172 -172 -174 -174 -175 -175 -176 -177 -177 -178 -179 -179 -178 -178 -178 -178 -179 -178 -178 -178 -177 -177 -174 -175 -175
-156 -162 -157 -152 -150 -141 -137 -136 -135 -134 -137 -138 -139 -142 -142 -142 -144 -148 -150 -147 -146 -147 -147 -147 -145 -145 -145 -146 -148 -151 -155 -159 -161 -160 -156 -153 -152 -151 -150 -151 -154 -152 -151 -151 -152 -152 -153 -155 -156 -156 -158 -159 -161 -162 -163 -167 -168 -168 -168 -168 -170 -171 -172 -173 -174 -174 -174 -176 -176 -177 -178 -178 -178 -179 -179 -179 -179 -179 -180 -179 -179 -179 -178 -175 -175 -176
-154 -152 -157 -167 -152 -145 -138 -135 -134 -133 -136 -138 -139 -140 -139 -139 -140 -140 -138 -139 -140 -141 -142 -142 -142 -141 -143 -145 -148 -152 -156 -159 -161 -159 -154 -150 -146 -145 -146 -146 -148 -152 -150 -149 -149 -150 -151 -152 -153 -154 -156 -158 -160 -161 -164 -166 -166 -167 -168 -168 -169 -170 -172 -173 -173 -174 -174 -176 -176 -177 -177 -178 -179 -180 -180 -180 -181 -180 -180 -180 -181 -180 -179 -178 -178 -178
-145 -138 -143 -150 -149 -146 -138 -136 -135 -133 -134 -136 -138 -138 -139 -139 -138 -138 -137 -139 -140 -140 -142 -143 -142 -142 -143 -145 -149 -154 -156 -160 -162 -162 -157 -150 -143 -140 -141 -143 -145 -147 -148 -149 -147 -148 -149 -150 -151 -155 -159 -160 -162 -162 -164 -163 -164 -164 -165 -167 -169 -169 -171 -172 -172 -173 -173 -175 -176 -177 -178 -179 -180 -180 -181 -181 -181 -181 -182 -181 -181 -181 -181 -181 -181 -181
-141 -136 -131 -135 -146 -145 -141 -138 -133 -132 -135 -137 -141 -148 -148 -146 -149 -144 -146 -145 -146 -146 -147 -145 -145 -143 -144 -144 -146 -150 -155 -158 -163 -161 -158 -153 -143 -140 -141 -142 -142 -143 -144 -146 -148 -147 -149 -151 -154 -155 -157 -159 -160 -161 -162 -163 -163 -164 -165 -166 -168 -169 -169 -171 -172 -172 -174 -175 -176 -177 -179 -179 -181 -181 -181 -182 -182 -183 -183 -182 -182 -182 -182 -182 -181 -181
-141 -140 -131 -128 -134 -138 -135 -132 -136 -140 -144 -152 -147 -152 -151 -155 -156 -157 -150 -148 -153 -155 -148 -144 -145 -147 -145 -148 -150 -151 -155 -158 -160 -163 -165 -160 -150 -144 -142 -141 -141 -142 -142 -143 -147 -147 -149 -149 -153 -153 -155 -156 -157 -158 -159 -162 -161 -162 -164 -165 -166 -168 -169 -170 -172 -172 -173 -174 -175 -176 -178 -179 -180 -182 -182 -182 -183 -184 -184 -183 -184 -184 -184 -184 -183 -183
-142 -140 -130 -126 -126 -129 -137 -136 -141 -148 -152 -150 -146 -151 -155 -156 -153 -148 -149 -149 -149 -149 -148 -153 -148 -150 -148 -148 -149 -152 -157 -163 -164 -165 -163 -162 -159 -153 -148 -144 -142 -141 -141 -141 -142 -143 -145 -147 -150 -151 -154 -155 -155 -156 -157 -158 -160 -160 -162 -164 -165 -166 -167 -168 -170 -171 -172 -174 -175 -175 -176 -177 -179 -181 -182 -183 -183 -184 -184 -185 -186 -185 -186 -186 -186 -185
-134 -131 -129 -129 -127 -127 -132 -138 -141 -145 -144 -140 -139 -148 -156 -152 -150 -157 -169 -168 -170 -165 -150 -151 -148 -146 -148 -142 -141 -142 -148 -154 -162 -168 -165 -163 -160 -156 -156 -154 -151 -145 -141 -142 -141 -142 -144 -144 -146 -150 -151 -153 -154 -155 -155 -157 -158 -160 -160 -161 -164 -164 -166 -167 -169 -171 -172 -173 -174 -175 -176 -177 -178 -180 -181 -183 -183 -184 -185 -186 -186 -186 -187 -187 -187 -186
-124 -126 -127 -130 -124 -126 -130 -135 -139 -133 -134 -142 -152 -143 -149 -152 -149 -148 -153 -156 -161 -151 -147 -151 -148 -146 -139 -138 -139 -138 -140 -144 -149 -156 -162 -164 -165 -160 -157 -163 -157 -150 -147 -144 -144 -144 -143 -144 -144 -146 -149 -152 -153 -154 -154 -154 -155 -157 -159 -159 -162 -163 -163 -166 -167 -169 -170 -171 -173 -173 -174 -176 -178 -179 -180 -181 -182 -184 -185 -186 -186 -187 -187 -188 -188 -186
-122 -122 -120 -121 -124 -131 -135 -132 -128 -136 -144 -146 -144 -145 -159 -158 -162 -165 -160 -158 -162 -156 -149 -143 -142 -142 -140 -134 -146 -136 -132 -137 -146 -149 -143 -150 -157 -162 -158 -161 -157 -163 -158 -150 -147 -146 -147 -145 -143 -145 -146 -149 -150 -152 -152 -152 -154 -154 -156 -158 -160 -161 -161 -163 -165 -166 -168 -170 -171 -173 -174 -174 -175 -177 -179 -181 -181 -183 -185 -186 -187 -188 -188 -187 -187 -186
-118 -117 -118 -122 -127 -129 -125 -126 -132 -125 -133 -132 -142 -151 -146 -141 -149 -147 -148 -153 -146 -148 -141 -148 -146 -143 -141 -132 -134 -138 -127 -128 -127 -134 -142 -141 -149 -153 -152 -158 -159 -162 -166 -168 -159 -153 -148 -146 -145 -145 -146 -146 -149 -149 -150 -150 -152 -152 -154 -154 -158 -159 -159 -161 -162 -164 -166 -167 -169 -170 -173 -174 -174 -175 -176 -178 -180 -182 -184 -186 -188 -187 -187 -187 -186 -186
-117 -115 -117 -119 -123 -123 -118 -125 -122 -122 -128 -142 -134 -137 -136 -136 -143 -148 -144 -138 -135 -130 -134 -135 -134 -130 -128 -127 -136 -129 -125 -124 -123 -123 -129 -135 -142 -142 -146 -158 -154 -161 -169 -174 -173 -166 -159 -152 -149 -147 -146 -146 -147 -147 -148 -148 -148 -150 -151 -152 -154 -156 -157 -158 -159 -160 -163 -165 -165 -168 -171 -172 -174 -175 -176 -176 -178 -180 -182 -183 -185 -186 -186 -186 -185 -187
-114 -113 -117 -126 -120 -117 -117 -119 -119 -124 -125 -132 -133 -138 -135 -143 -139 -130 -126 -127 -128 -126 -128 -128 -126 -127 -127 -130 -135 -127 -125 -123 -122 -122 -123 -124 -127 -136 -144 -140 -152 -154 -166 -168 -170 -170 -171 -161 -158 -150 -147 -145 -144 -146 -146 -148 -151 -151 -151 -150 -152 -155 -157 -158 -159 -158 -159 -162 -163 -165 -167 -170 -172 -174 -174 -176 -176 -178 -178 -180 -182 -183 -185 -185 -185 -185
-111 -112 -120 -116 -115 -114 -114 -116 -116 -116 -118 -118 -121 -123 -128 -130 -125 -123 -124 -127 -125 -125 -127 -126 -124 -125 -125 -129 -127 -123 -123 -123 -122 -123 -123 -124 -126 -127 -129 -138 -136 -146 -154 -159 -171 -171 -166 -168 -169 -161 -154 -150 -150 -149 -149 -147 -147 -147 -148 -149 -150 -151 -154 -155 -156 -158 -158 -160 -160 -160 -163 -165 -169 -172 -173 -174 -175 -177 -178 -178 -179 -181 -182 -184 -185 -184
-112 -113 -113 -114 -114 -113 -113 -112 -113 -113 -116 -114 -114 -116 -118 -117 -119 -121 -125 -128 -127 -129 -137 -138 -126 -123 -124 -123 -124 -123 -123 -123 -123 -124 -123 -124 -125 -126 -128 -136 -134 -136 -141 -147 -157 -161 -168 -179 -168 -161 -161 -163 -157 -151 -151 -151 -151 -149 -148 -148 -148 -149 -150 -153 -154 -155 -156 -157 -158 -161 -160 -161 -164 -169 -170 -172 -173 -174 -175 -176 -177 -178 -180 -180 -181 -183
-112 -112 -113 -114 -114 -113 -112 -111 -111 -111 -113 -111 -112 -124 -117 -118 -120 -122 -126 -133 -128 -125 -127 -127 -124 -123 -123 -123 -123 -124 -124 -124 -125 -124 -124 -124 -125 -126 -127 -131 -137 -152 -150 -142 -149 -161 -171 -174 -175 -169 -167 -167 -164 -158 -153 -151 -151 -150 -148 -147 -147 -148 -148 -149 -152 -153 -153 -155 -155 -158 -161 -164 -164 -165 -166 -169 -171 -172 -173 -174 -175 -176 -177 -178 -179 -181
-110 -111 -112 -113 -113 -112 -111 -110 -110 -109 -112 -110 -110 -117 -111 -113 -116 -116 -118 -120 -120 -120 -121 -122 -122 -123 -123 -124 -124 -126 -126 -126 -126 -125 -124 -124 -125 -126 -127 -129 -140 -149 -158 -152 -150 -149 -156 -166 -172 -178 -173 -169 -166 -165 -160 -152 -151 -152 -150 -147 -146 -147 -148 -146 -149 -150 -152 -152 -154 -156 -157 -162 -164 -163 -163 -166 -168 -170 -171 -171 -173 -174 -175 -176 -178 -178
-113 -112 -112 -112 -111 -112 -112 -111 -110 -110 -113 -111 -110 -113 -106 -112 -115 -114 -115 -116 -117 -119 -120 -121 -122 -122 -123 -124 -125 -126 -126 -126 -125 -124 -124 -125 -126 -128 -132 -132 -131 -134 -144 -152 -157 -161 -159 -172 -174 -178 -172 -169 -166 -161 -161 -155 -152 -150 -150 -150 -150 -146 -146 -146 -145 -147 -148 -150 -151 -152 -153 -154 -159 -162 -161 -162 -164 -167 -168 -168 -170 -170 -171 -173 -174 -176
-114 -112 -112 -111 -111 -111 -113 -114 -113 -112 -112 -108 -106 -106 -105 -109 -113 -114 -114 -115 -117 -118 -119 -121 -122 -122 -123 -124 -124 -125 -125 -125 -124 -125 -126 -128 -128 -129 -131 -131 -137 -140 -143 -146 -150 -154 -154 -163 -161 -163 -168 -167 -168 -168 -163 -161 -155 -151 -151 -151 -153 -148 -145 -144 -144 -144 -145 -148 -151 -152 -153 -153 -154 -157 -157 -158 -161 -164 -164 -166 -166 -167 -168 -168 -172 -172
-114 -112 -111 -110 -111 -116 -122 -120 -115 -108 -106 -106 -104 -104 -105 -107 -110 -114 -114 -115 -116 -118 -119 -120 -121 -122 -123 -123 -124 -124 -124 -124 -124 -126 -128 -128 -130 -130 -132 -133 -136 -138 -140 -143 -144 -145 -148 -152 -158 -164 -168 -170 -169 -170 -166 -167 -162 -156 -150 -150 -149 -149 -144 -143 -142 -142 -141 -146 -152 -152 -152 -153 -155 -155 -153 -154 -157 -160 -159 -161 -162 -163 -165 -166 -167 -169
-113 -113 -111 -110 -111 -117 -118 -113 -107 -106 -104 -104 -104 -104 -105 -106 -110 -113 -114 -115 -116 -117 -119 -120 -121 -122 -123 -123 -123 -123 -123 -124 -125 -127 -134 -137 -135 -135 -136 -134 -138 -140 -141 -139 -145 -144 -147 -150 -162 -168 -171 -176 -169 -169 -170 -160 -163 -160 -153 -150 -149 -148 -147 -145 -144 -143 -144 -141 -145 -151 -153 -152 -151 -151 -150 -150 -151 -155 -156 -157 -158 -158 -160 -162 -164 -164
-114 -111 -110 -112 -110 -111 -109 -106 -104 -104 -104 -103 -104 -104 -104 -106 -108 -111 -112 -114 -115 -117 -118 -120 -121 -122 -122 -122 -123 -122 -122 -124 -127 -130 -138 -138 -142 -140 -136 -137 -139 -140 -138 -140 -142 -144 -146 -148 -150 -156 -162 -164 -160 -166 -166 -165 -160 -157 -151 -150 -150 -146 -149 -146 -144 -145 -145 -146 -141 -144 -147 -150 -148 -147 -147 -148 -147 -148 -151 -151 -154 -154 -154 -156 -159 -160
-114 -111 -109 -108 -106 -104 -106 -108 -106 -104 -104 -103 -104 -104 -103 -105 -107 -110 -112 -113 -114 -116 -118 -119 -120 -121 -121 -122 -121 -121 -121 -122 -123 -124 -130 -149 -159 -148 -146 -143 -140 -141 -140 -140 -141 -143 -144 -145 -146 -151 -163 -170 -158 -163 -172 -167 -168 -165 -154 -146 -147 -144 -146 -146 -144 -141 -142 -144 -140 -140 -144 -145 -146 -145 -144 -146 -145 -143 -143 -145 -148 -149 -149 -150 -152 -154
