resultados/variables_proyeccion_tiempo/variables_paleo_21k/bio14.asc
ncols 330
nrows 228
xllcorner -12.000000
yllcorner 34.000000
cellsize 0.166667
NODATA_value -9999
[rows 55 to 109 of 228, columns 192 to 287 of 330]
-9999 13 12 13 12 12 12 11 10 10 10 10 10 10 10 10 10 11 11 11 11 11 12 12 12 12 12 12 12 12 12 12 12 13 13 12 13 13 12 13 13 13 13 13 13 13 13 13 13 13 13 12 12 12 12 12 12 12 11 12 12 12 12 12 12 12 12 12 11 11 11 11 11 11 10 10 10 10 9 9 9 9 9 8 8 9 9 9 9 10 10 11 12 12 13 13
13 13 13 13 12 12 12 11 11 10 10 10 10 10 10 10 11 11 11 11 11 11 12 12 12 12 12 13 13 13 13 13 13 13 13 13 13 13 13 13 13 14 13 13 13 14 13 14 14 13 13 13 13 13 13 12 12 12 12 12 12 12 12 13 12 12 12 12 12 12 12 11 11 11 11 11 10 10 10 9 9 9 9 9 9 9 9 9 10 10 10 11 12 12 13 13
14 14 14 13 12 12 12 11 11 11 11 11 11 11 11 11 11 11 11 11 11 11 12 12 12 12 12 13 13 13 13 14 14 13 13 13 13 13 13 13 14 14 14 14 14 14 14 14 14 14 14 14 14 14 13 13 13 13 12 13 13 13 13 13 13 13 13 12 12 12 12 12 12 11 11 11 11 11 10 10 10 9 9 9 9 9 9 9 10 10 11 11 12 12 13 13
14 14 13 13 13 12 12 11 11 11 11 11 11 11 11 11 12 12 11 11 12 12 12 12 12 13 13 13 13 13 13 14 14 14 14 14 14 14 14 14 14 14 14 14 14 14 14 14 14 14 14 14 14 14 14 13 13 13 13 13 13 13 13 13 14 13 13 13 13 13 13 12 12 12 12 11 11 11 11 10 10 10 10 9 9 9 10 10 10 11 11 12 12 13 13 14
14 14 13 13 13 12 12 12 12 12 12 12 12 12 12 12 12 12 12 12 12 12 12 12 12 12 13 13 13 14 14 14 14 14 14 15 15 15 14 14 14 14 14 15 15 15 15 15 15 15 14 14 14 14 14 14 14 14 13 14 14 14 14 14 14 13 14 13 13 13 13 13 13 12 12 12 12 12 11 11 11 11 10 10 9 10 10 10 10 11 11 12 12 13 13 14
14 14 13 13 13 13 12 12 12 12 12 12 12 12 12 12 12 12 12 12 12 12 12 12 12 13 13 13 13 14 14 14 15 15 15 15 15 15 15 15 15 15 15 15 15 15 15 15 15 15 15 15 15 15 15 15 14 14 14 14 14 14 14 14 14 14 14 13 13 13 13 13 13 13 13 12 12 12 12 12 11 11 11 10 10 10 10 10 11 11 12 12 13 13 13 14
13 13 13 13 12 12 12 12 12 12 12 12 12 13 13 13 12 12 12 12 12 12 12 12 13 13 13 14 14 14 14 14 14 15 15 15 15 15 15 15 15 15 15 15 15 15 15 16 16 16 16 16 16 15 15 15 15 15 15 14 14 14 14 14 14 14 14 14 14 14 14 14 14 13 13 13 13 13 12 12 12 11 11 11 11 10 10 10 11 12 12 13 13 14 14 14
14 13 13 13 13 13 13 13 13 13 13 13 13 13 13 13 13 13 12 12 12 12 12 13 13 13 13 14 14 15 15 15 15 15 15 15 15 15 15 15 15 15 15 15 15 15 15 16 16 16 16 16 16 16 16 16 16 15 15 15 15 15 14 14 14 14 14 14 14 14 14 14 14 14 14 14 14 14 14 13 13 13 12 12 12 12 12 12 12 12 12 13 13 14 14 14
14 13 14 13 14 13 13 13 14 14 14 14 14 14 14 13 13 13 12 12 12 12 12 13 13 13 14 14 14 15 15 15 15 15 15 15 15 15 15 15 15 15 15 15 16 16 16 16 16 16 16 16 17 17 16 17 16 16 16 15 15 15 14 14 14 14 14 14 14 14 14 14 15 15 15 15 15 15 14 14 14 14 13 13 13 13 13 13 13 13 14 14 14 14 14 15
14 14 14 14 14 14 14 14 14 14 14 15 15 14 14 14 14 13 13 13 12 12 12 13 13 14 14 15 15 15 16 16 16 16 16 16 16 15 15 15 15 15 16 16 16 16 16 16 17 17 17 17 17 17 17 17 17 16 16 16 15 15 15 15 15 15 14 14 14 14 14 15 15 15 15 15 15 15 15 15 15 14 14 13 13 13 13 13 13 13 14 14 15 14 14 15
14 14 14 14 14 14 14 14 14 14 15 15 15 16 16 15 14 14 14 13 13 13 13 13 14 14 14 15 15 16 16 16 16 16 16 16 16 16 16 16 15 15 16 16 16 16 16 17 17 17 17 17 17 17 18 17 17 17 17 16 16 16 15 15 15 15 15 15 15 15 15 15 15 15 15 16 16 16 16 15 15 15 15 14 14 14 14 14 14 14 14 14 15 15 15 15
14 14 14 14 14 14 14 14 14 15 15 15 15 16 16 16 16 15 14 14 13 13 13 14 14 15 15 15 16 16 16 16 16 16 16 16 16 16 16 16 15 16 16 16 16 16 16 17 17 17 18 18 18 18 18 18 17 17 17 17 17 16 16 16 16 16 16 15 15 15 16 16 16 16 16 16 16 17 17 16 16 16 15 15 14 14 14 14 15 15 15 16 16 15 15 16
14 14 14 14 14 14 14 14 14 15 15 15 16 16 16 16 16 15 15 14 13 13 14 14 14 15 15 16 16 17 17 17 17 16 16 16 16 16 15 15 15 15 15 16 16 16 16 17 17 17 18 18 18 18 18 18 18 18 17 17 17 16 16 16 16 16 16 15 16 16 16 16 16 16 17 17 17 17 17 17 17 16 16 16 16 16 16 16 16 16 16 16 16 16 16 16
14 14 14 14 14 14 14 14 15 15 15 15 16 16 16 17 16 16 15 14 14 14 14 15 15 15 16 16 17 17 17 17 17 17 16 16 16 16 15 15 15 15 15 15 16 16 16 16 17 17 18 18 19 19 19 18 18 18 18 18 17 17 17 16 16 16 16 16 16 16 16 16 16 16 17 17 18 18 18 18 17 17 17 17 17 17 17 17 17 17 17 17 17 17 17 17
14 14 14 14 14 14 15 15 15 15 15 16 16 16 16 17 16 16 15 15 15 14 15 15 15 15 16 16 17 17 18 17 17 17 16 16 16 16 16 15 15 15 15 15 15 16 16 16 17 17 18 18 19 19 19 19 18 18 18 18 18 18 17 17 17 17 16 16 16 16 16 16 17 17 17 17 18 18 18 18 18 18 18 18 17 17 18 18 18 18 18 18 18 17 17 17
14 14 15 14 14 15 14 15 15 15 15 16 16 16 17 17 16 16 16 15 15 15 15 15 15 16 16 17 17 18 18 17 17 17 17 16 16 16 15 15 15 14 15 15 15 16 16 16 17 17 18 18 18 18 19 19 19 19 19 18 18 18 18 18 17 17 16 16 16 16 16 16 17 17 17 18 18 19 19 18 18 18 18 18 18 18 18 18 18 19 18 18 18 18 18 17
14 14 14 15 14 14 15 15 15 15 16 16 16 16 17 17 17 16 16 16 15 15 15 16 16 16 16 17 17 18 18 18 17 17 17 17 16 16 16 15 15 15 15 15 15 15 16 16 16 17 18 18 18 18 18 18 18 18 18 18 18 18 17 17 17 17 17 17 17 17 17 17 17 17 17 18 18 18 18 18 18 19 19 19 19 19 19 19 19 19 19 19 18 18 17 17
14 14 15 14 15 15 15 15 15 15 16 16 16 17 17 17 16 16 16 16 16 15 15 15 16 16 16 17 17 18 18 18 18 17 17 17 16 16 16 16 15 15 15 15 15 15 15 16 17 17 17 18 18 18 19 19 19 19 18 18 18 18 18 17 17 17 17 16 16 17 17 17 17 18 18 18 18 19 19 19 19 19 19 19 19 19 20 19 20 19 19 19 18 18 17 17
14 14 14 15 15 15 15 15 16 16 16 16 17 17 17 17 16 16 16 16 16 15 16 16 16 16 16 17 17 18 18 18 18 17 17 17 16 16 16 16 15 15 15 15 15 15 16 16 16 17 18 18 18 19 19 20 20 19 19 18 18 18 18 17 17 17 17 17 17 17 17 17 17 17 18 18 18 18 19 19 19 19 19 19 20 20 20 20 20 20 19 19 18 18 18 17
14 14 15 15 15 15 15 15 16 16 16 17 16 16 16 16 16 16 16 15 16 16 16 16 16 16 17 18 18 18 18 18 18 18 18 17 18 17 16 16 16 15 15 15 15 15 16 16 16 17 18 18 19 19 20 20 20 19 19 19 19 18 18 18 17 17 17 17 17 17 17 17 17 17 18 18 19 18 19 19 19 20 19 19 20 21 21 21 20 20 20 19 18 18 18 17
14 14 15 15 15 15 15 15 15 16 16 16 16 16 16 16 16 16 15 15 15 16 16 17 17 18 18 18 19 19 19 20 19 19 19 18 18 18 17 17 17 16 16 16 16 16 16 16 16 17 18 18 19 19 20 20 20 20 19 19 18 18 18 18 17 17 17 16 16 17 17 17 17 18 18 18 19 19 19 19 19 20 20 20 21 21 21 21 21 20 19 19 18 18 17 17
14 15 15 15 15 15 15 16 16 16 16 16 16 16 16 16 16 16 16 16 16 17 17 18 18 19 19 20 20 20 20 20 20 20 19 19 19 18 18 18 17 17 17 17 17 17 17 17 17 17 18 19 19 19 19 19 19 19 19 19 19 18 18 17 17 17 17 17 17 17 16 17 17 18 18 18 18 19 19 19 19 20 20 20 20 21 20 20 20 20 19 19 18 17 17 17
15 15 15 15 15 15 15 15 16 16 16 16 16 16 16 17 16 16 16 16 17 17 18 18 19 20 21 21 22 22 21 21 20 20 19 19 19 19 19 18 18 17 17 17 17 17 17 17 18 18 18 19 19 19 20 20 20 20 20 19 19 18 18 18 17 17 17 16 16 16 17 17 17 17 18 18 18 19 20 20 20 21 21 21 21 20 20 20 20 20 19 18 18 18 17 16
15 15 15 15 15 15 16 16 16 16 16 17 17 17 17 17 17 17 16 16 17 18 18 19 20 20 21 22 23 22 22 21 20 20 20 20 19 19 19 19 18 18 18 18 18 18 18 18 18 19 19 19 19 19 19 20 20 19 19 19 18 18 18 17 17 16 16 16 16 16 16 17 17 17 18 19 19 19 19 20 20 21 21 21 21 21 20 20 20 19 18 18 18 17 16 16
15 15 15 15 16 16 16 16 16 16 16 17 17 17 17 17 17 17 17 16 17 18 18 19 20 20 21 22 23 22 22 21 20 20 20 20 20 20 19 19 18 18 18 18 18 18 18 19 19 19 19 20 20 20 20 20 20 20 19 19 19 18 18 17 17 16 16 16 16 16 16 16 17 17 18 18 19 19 19 20 20 20 20 20 20 20 20 19 19 19 19 18 18 17 16 16
16 17 16 16 17 17 17 17 17 17 17 17 17 17 17 17 17 17 17 17 17 18 18 19 20 21 21 22 22 22 21 21 20 20 20 20 20 20 20 19 18 18 18 18 18 18 19 19 20 20 20 20 20 20 20 20 20 20 20 19 19 18 18 17 17 16 16 15 15 16 16 16 16 17 18 18 19 20 20 20 20 20 20 20 20 20 20 19 19 19 18 18 17 17 16 16
17 17 17 17 17 17 17 16 17 17 17 17 17 17 18 17 17 17 17 17 17 18 19 20 20 21 21 22 22 22 21 20 20 20 20 20 21 21 20 19 18 18 19 19 19 19 19 19 20 20 21 20 21 21 21 20 20 20 19 19 19 18 18 17 17 16 15 15 15 15 16 16 17 17 18 18 19 20 20 20 20 20 20 20 20 20 19 19 18 18 18 17 17 17 16 15
18 18 18 18 18 18 17 17 17 17 17 17 18 17 17 17 18 17 17 18 18 18 19 19 20 20 20 21 21 21 21 20 20 20 20 21 21 21 20 19 18 19 19 19 20 20 20 20 20 21 22 22 22 21 21 21 20 20 20 19 19 18 18 17 16 16 16 16 15 15 16 16 17 17 17 18 19 20 20 20 20 20 20 20 19 19 19 18 18 18 18 17 17 16 16 15
18 19 19 18 18 18 17 17 17 17 17 17 18 18 17 17 18 18 18 18 18 18 18 19 19 20 20 21 21 21 21 21 21 21 22 21 21 22 21 21 20 20 20 20 20 20 21 21 21 21 22 22 22 22 22 21 21 20 20 19 19 18 18 17 17 17 16 16 16 16 16 16 17 17 17 18 19 19 20 21 20 20 20 20 20 19 19 18 18 18 17 17 16 16 16 15
19 19 19 19 18 18 18 18 18 17 17 17 18 17 17 17 17 18 18 18 19 19 19 19 19 19 20 20 21 21 21 21 21 22 22 22 22 22 22 22 22 22 22 22 22 21 21 21 22 22 22 22 21 21 21 21 20 20 20 19 19 19 18 18 18 17 17 16 16 16 16 16 17 17 17 18 19 19 20 21 21 21 20 20 20 19 18 18 18 17 17 17 17 16 15 15
20 20 19 19 18 18 18 18 18 18 18 18 17 17 18 18 18 18 18 19 19 19 20 20 20 20 20 21 21 22 22 22 22 22 23 23 23 23 23 22 22 23 23 23 23 23 23 22 22 22 22 22 22 22 22 21 21 21 20 20 20 19 19 19 18 18 17 17 16 16 16 16 16 17 17 18 19 20 20 20 20 20 20 20 19 19 18 18 18 17 17 17 16 16 15 15
21 20 20 19 20 19 19 19 18 18 18 18 18 19 19 18 18 19 19 19 20 20 20 20 20 20 20 21 22 22 22 22 23 23 23 24 24 24 24 24 24 24 24 24 24 23 23 23 23 23 23 22 22 22 22 22 22 22 21 20 20 20 19 19 18 18 17 17 17 16 16 17 17 17 17 18 19 20 20 20 20 20 20 20 19 19 18 17 17 17 17 17 16 16 15 15
21 20 20 20 20 19 19 19 19 19 19 19 19 19 19 19 20 20 19 19 20 20 21 21 21 21 22 22 22 23 23 23 24 24 25 26 25 25 24 24 24 25 25 24 24 24 24 23 23 23 23 23 23 22 22 23 23 22 21 20 20 20 19 19 18 18 17 17 17 17 17 16 16 17 18 19 19 19 20 20 20 20 20 20 20 19 18 17 17 17 17 17 16 16 16 16
21 21 21 21 20 20 20 20 20 19 20 20 20 19 19 20 20 20 21 21 21 21 21 21 21 22 22 22 23 23 24 24 25 26 27 27 27 26 26 25 25 25 24 24 24 24 24 24 24 24 23 23 23 23 23 23 22 22 21 21 20 20 19 19 18 18 18 17 17 17 17 16 17 18 18 19 19 20 20 20 20 20 20 20 20 19 18 18 18 17 17 17 17 17 16 16
22 22 22 22 22 21 21 21 21 21 21 21 20 20 21 21 21 21 21 22 22 22 22 23 23 23 23 23 23 24 25 26 27 27 28 29 28 27 26 26 25 25 25 25 25 25 24 24 24 24 24 24 23 23 23 22 22 22 22 22 21 21 20 20 19 19 19 18 18 18 18 18 19 19 19 19 19 20 20 20 20 20 20 20 19 19 19 18 18 18 17 17 17 17 16 16
23 23 23 22 22 22 21 22 22 22 22 22 22 22 22 22 22 22 23 22 22 23 23 24 24 24 24 24 24 24 25 26 27 27 28 29 28 28 27 26 26 26 25 25 25 25 25 25 25 24 24 24 24 24 24 24 24 23 22 22 21 21 21 20 20 19 19 19 19 19 19 19 19 19 20 19 19 19 20 20 20 20 20 20 20 19 19 18 18 18 17 17 17 17 17 17
24 24 24 23 23 23 23 23 23 24 24 23 23 23 24 24 24 23 24 24 23 24 24 24 24 24 24 24 24 24 25 26 26 27 28 28 27 27 27 26 26 26 26 26 26 25 25 25 25 25 25 24 24 24 25 25 24 24 24 23 22 21 21 20 20 20 20 20 20 19 19 20 20 20 20 20 20 20 20 20 20 20 20 20 19 19 19 19 18 18 17 17 17 17 17 17
25 25 25 25 25 24 24 25 25 25 26 25 25 25 25 25 25 25 24 24 24 24 24 24 24 24 24 24 24 24 25 26 26 27 27 28 28 28 27 27 27 26 26 26 26 26 26 25 25 25 25 25 25 25 25 25 25 25 24 23 23 22 21 21 20 20 20 21 21 20 20 20 20 20 20 20 20 20 20 20 20 20 19 19 19 19 19 18 18 18 18 18 18 18 18 18
27 27 26 26 26 26 26 26 26 26 27 27 27 26 26 26 25 25 25 24 24 24 24 24 25 25 24 24 24 25 25 26 27 28 28 28 28 27 27 27 27 27 27 27 27 26 26 26 26 26 25 25 25 25 26 25 25 25 25 24 23 23 22 22 21 20 21 21 21 21 21 20 20 20 20 20 21 21 21 21 20 20 20 20 20 19 19 19 19 19 18 18 18 18 18 18
28 28 27 27 27 27 28 28 28 28 28 29 29 28 28 27 26 26 26 25 25 25 25 25 25 24 24 24 24 25 25 26 27 28 28 29 28 28 28 28 28 27 27 27 27 27 27 26 26 26 26 26 26 26 26 26 26 25 25 24 24 23 23 22 22 22 21 21 21 21 21 21 21 21 20 20 20 20 21 20 20 20 20 20 19 19 19 19 19 19 19 19 19 19 18 18
29 29 29 28 28 28 29 29 30 30 31 32 31 31 30 29 28 27 26 25 25 25 25 26 25 25 25 25 25 25 26 27 28 29 29 30 29 28 28 28 28 28 28 28 27 27 26 26 26 26 26 26 27 27 26 26 26 26 25 25 24 23 23 23 23 22 22 21 21 21 22 21 21 21 21 21 20 20 20 21 20 20 20 20 19 19 19 19 19 19 20 20 20 20 19 19
30 30 30 30 29 29 30 30 31 32 33 34 34 34 32 31 30 29 27 26 26 26 26 26 25 25 25 25 25 26 27 28 28 30 30 30 30 30 29 29 28 28 28 28 27 27 26 26 26 27 27 27 27 27 27 26 26 26 26 25 25 24 23 23 23 23 23 22 22 22 22 22 22 22 22 21 21 21 21 21 20 20 20 20 19 19 19 19 19 20 20 20 20 20 20 20
31 31 30 30 30 30 30 31 32 34 34 35 36 36 35 33 31 30 29 28 27 27 27 27 26 26 26 26 26 27 28 29 30 31 31 31 31 30 30 29 29 29 28 27 27 27 27 27 26 27 28 28 27 27 28 27 27 26 26 26 26 25 24 23 23 23 23 23 23 22 22 22 22 22 22 22 22 22 21 21 21 21 20 20 20 20 20 19 19 19 20 20 20 21 21 21
32 32 32 31 31 30 31 32 33 34 35 36 37 38 36 34 33 31 30 29 29 28 28 28 27 27 26 26 26 27 28 30 31 32 32 32 32 31 31 30 29 29 28 28 28 27 27 27 28 28 28 28 29 28 28 28 27 27 26 26 26 25 25 24 23 23 23 23 24 23 23 23 23 23 23 22 22 22 22 22 21 21 21 21 20 20 20 20 20 20 20 20 21 21 21 21
33 34 34 33 32 31 31 32 34 35 36 37 37 37 36 34 33 32 31 30 30 29 29 28 28 28 27 27 27 28 29 31 32 33 34 33 32 32 31 31 30 29 29 28 28 28 28 28 28 29 29 29 29 29 29 28 27 27 27 26 26 25 25 25 24 23 23 24 24 24 24 24 24 24 24 23 22 22 22 21 21 21 21 21 21 20 20 21 21 20 20 20 21 21 21 21
35 35 35 35 34 32 32 33 35 36 36 37 36 35 34 33 32 31 31 31 30 30 30 30 29 29 28 28 27 29 31 32 33 34 34 34 33 33 32 31 30 30 30 29 29 29 30 29 30 30 31 30 30 30 29 29 28 27 27 27 26 25 25 25 25 24 24 24 24 24 24 24 24 24 24 23 22 22 22 21 21 20 21 21 21 20 20 20 20 21 21 21 21 21 21 22
36 36 36 37 36 34 34 34 35 35 36 36 36 35 34 32 31 31 30 30 30 30 30 31 30 30 30 30 30 31 33 34 35 35 35 34 34 34 33 32 31 31 31 30 30 30 30 31 31 31 32 32 31 30 30 29 29 27 27 26 26 26 25 25 25 24 24 24 24 24 25 25 25 25 24 23 22 22 21 21 21 20 20 20 20 20 20 20 20 20 21 21 21 21 21 22
38 38 38 39 38 37 36 36 36 36 36 36 35 34 33 31 30 30 29 29 30 30 32 32 32 32 31 31 32 33 35 36 35 35 35 35 34 33 33 33 32 31 31 31 31 31 31 31 32 32 32 33 33 31 30 29 29 28 27 26 26 26 25 24 24 24 24 24 24 24 25 25 26 25 24 23 22 22 21 21 20 20 20 20 20 20 20 20 20 20 20 21 21 21 21 21
38 39 40 41 40 39 37 36 36 36 35 35 34 33 32 30 29 28 28 28 28 30 31 32 32 32 33 33 34 36 38 37 37 36 36 35 35 34 33 33 32 32 32 32 32 32 31 32 32 32 32 32 32 32 30 29 29 28 28 26 26 26 25 24 23 24 24 24 24 25 25 26 26 24 24 23 22 22 21 21 20 20 20 20 20 20 20 20 20 20 20 21 21 21 21 21
39 40 40 41 40 39 38 37 36 36 35 35 34 32 31 30 29 27 27 27 27 29 30 31 31 32 33 34 36 38 40 38 38 38 37 36 35 34 34 32 32 32 33 32 32 32 32 32 32 32 32 32 31 31 30 29 29 28 28 26 26 25 25 24 23 23 23 24 24 24 25 26 25 24 23 23 22 22 21 21 21 20 20 20 20 20 20 20 20 20 20 21 21 21 21 21
41 42 42 41 40 38 37 36 36 35 35 35 33 33 32 31 31 30 28 27 26 27 28 29 31 32 33 34 36 37 38 38 38 37 37 36 35 35 34 32 32 32 33 32 33 33 33 33 32 31 31 31 31 30 30 29 28 28 27 26 26 25 24 24 23 22 23 23 24 24 24 25 25 24 23 23 22 21 21 21 21 20 20 20 20 20 20 20 20 20 20 21 21 22 22 21
40 40 40 39 38 37 36 35 35 35 34 34 33 33 32 31 31 29 28 27 26 26 28 29 30 31 32 34 36 37 38 37 37 37 36 36 35 34 35 34 33 33 34 34 34 34 33 33 31 30 30 30 29 29 29 28 28 27 27 26 25 24 24 23 23 22 22 23 23 23 23 24 24 23 23 22 21 21 20 20 20 20 20 20 20 20 20 20 20 20 21 21 21 22 21 22
38 38 37 37 37 37 36 35 35 34 34 33 33 32 32 30 30 29 28 27 27 27 28 29 30 31 32 34 35 36 37 36 36 36 35 35 34 33 33 34 33 33 34 34 34 34 34 32 30 30 29 29 28 28 28 28 27 27 26 26 25 24 23 23 23 22 22 23 23 23 23 23 23 23 22 21 20 20 20 20 20 20 20 20 19 19 19 20 20 20 20 21 21 22 21 21
37 36 35 35 35 36 36 35 35 34 34 33 32 31 31 30 30 29 28 28 28 28 28 30 31 32 33 34 35 36 36 36 35 35 34 33 33 33 33 33 33 34 34 35 34 34 33 31 29 29 28 28 28 27 27 28 26 26 26 26 24 23 23 23 23 22 22 22 23 23 22 22 22 22 22 21 20 20 20 20 20 20 20 19 19 19 19 20 20 20 20 21 21 21 21 22
35 34 33 33 34 34 34 34 34 33 33 33 32 32 30 30 29 29 29 29 29 29 30 31 32 33 34 34 35 35 35 35 34 34 34 33 32 32 32 33 32 33 33 34 33 32 31 29 28 27 27 27 27 27 27 27 26 26 26 25 24 23 23 23 23 22 22 22 23 23 22 22 22 22 22 21 20 20 20 20 20 20 19 19 19 19 19 19 19 20 21 21 21 21 22 22
