resultados/variables_proyeccion_tiempo/variables_paleo_21k/bio11.asc
ncols 330
nrows 228
xllcorner -12.000000
yllcorner 34.000000
cellsize 0.166667
NODATA_value -9999
[rows 152 to 189 of 228, columns 0 to 85 of 330]
-9999 -9999 -9999 -9999 -9999 -9999 -9999 -9999 -9999 -9999 -9999 -9999 -9999 -9999 -9999 -9999 -9999 -9999 -9999 -9999 -9999 -9999 -9999 -9999 -9999 -9999 -9999 -9999 -9999 -9999 -9999 -9999 -9999 -9999 -9999 -9999 -9999 -9999 -9999 -9999 -9999 -9999 -9999 37 34 34 32 32 30 27 25 22 19 17 14 11 9 6 3 0 -1 -6 -8 -10 -11 -12 -15 -17 -21 -24 -25 -25 -25 -24 -24 -24 -24 -24 -24 -25 -27 -29 -32 -33 -34 -36
-9999 -9999 -9999 -9999 -9999 -9999 -9999 -9999 -9999 -9999 -9999 -9999 -9999 -9999 -9999 -9999 -9999 -9999 -9999 -9999 -9999 -9999 -9999 -9999 -9999 -9999 -9999 -9999 -9999 -9999 -9999 -9999 -9999 -9999 -9999 -9999 -9999 -9999 -9999 -9999 -9999 -9999 -9999 -9999 35 37 34 31 32 30 29 26 23 21 19 16 13 10 7 5 3 1 -1 -2 -3 -5 -7 -8 -12 -14 -17 -20 -20 -20 -20 -20 -20 -21 -22 -24 -28 -30 -32 -35 -36 -39
-9999 -9999 -9999 -9999 -9999 -9999 -9999 -9999 -9999 -9999 -9999 -9999 -9999 -9999 -9999 -9999 -9999 -9999 -9999 -9999 -9999 -9999 -9999 -9999 -9999 -9999 -9999 -9999 -9999 -9999 -9999 -9999 -9999 -9999 -9999 -9999 -9999 -9999 -9999 -9999 -9999 -9999 -9999 -9999 -9999 -9999 42 36 33 31 30 29 28 25 22 19 16 13 11 10 8 6 4 3 1 -1 -3 -4 -6 -9 -13 -16 -16 -17 -17 -18 -19 -20 -21 -24 -27 -29 -32 -33 -36 -37
-9999 -9999 -9999 -9999 -9999 -9999 -9999 -9999 -9999 -9999 -9999 -9999 -9999 -9999 -9999 -9999 -9999 -9999 -9999 -9999 -9999 -9999 -9999 -9999 -9999 -9999 -9999 -9999 -9999 -9999 -9999 -9999 -9999 -9999 -9999 -9999 -9999 -9999 -9999 -9999 -9999 -9999 -9999 -9999 -9999 -9999 -9999 38 33 29 30 32 31 27 24 23 21 18 15 14 12 10 8 6 4 2 0 -2 -5 -7 -9 -12 -13 -13 -16 -16 -17 -19 -20 -23 -28 -29 -32 -35 -34 -36
-9999 -9999 -9999 -9999 -9999 -9999 -9999 -9999 -9999 -9999 -9999 -9999 -9999 -9999 -9999 -9999 -9999 -9999 -9999 -9999 -9999 -9999 -9999 -9999 -9999 -9999 -9999 -9999 -9999 -9999 -9999 -9999 -9999 -9999 -9999 -9999 -9999 -9999 -9999 -9999 -9999 -9999 -9999 -9999 -9999 -9999 -9999 -9999 43 36 32 31 31 29 27 26 24 22 20 18 16 13 11 9 7 5 3 1 -2 -3 -6 -8 -8 -9 -12 -14 -14 -16 -18 -21 -22 -25 -31 -36 -37 -38
-9999 -9999 -9999 -9999 -9999 -9999 -9999 -9999 -9999 -9999 -9999 -9999 -9999 -9999 -9999 -9999 -9999 -9999 -9999 -9999 -9999 -9999 -9999 -9999 -9999 -9999 -9999 -9999 -9999 -9999 -9999 -9999 -9999 -9999 -9999 -9999 -9999 -9999 -9999 -9999 -9999 -9999 -9999 -9999 -9999 -9999 -9999 -9999 -9999 43 35 31 30 31 30 29 28 26 23 21 19 17 14 12 9 7 5 2 0 -1 -2 -5 -5 -7 -8 -13 -15 -16 -16 -16 -19 -22 -29 -37 -44 -43
-9999 -9999 -9999 -9999 -9999 -9999 -9999 -9999 -9999 -9999 -9999 -9999 -9999 -9999 -9999 -9999 -9999 -9999 -9999 -9999 -9999 -9999 -9999 -9999 -9999 -9999 -9999 -9999 -9999 -9999 -9999 -9999 -9999 -9999 -9999 -9999 -9999 -9999 -9999 -9999 -9999 -9999 -9999 -9999 -9999 -9999 -9999 -9999 -9999 -9999 -9999 37 34 36 34 32 31 29 26 24 22 19 17 14 11 8 6 4 3 1 -1 -2 -3 -6 -7 -9 -13 -16 -17 -17 -19 -22 -26 -38 -42 -37
-9999 -9999 -9999 -9999 -9999 -9999 -9999 -9999 -9999 -9999 -9999 -9999 -9999 -9999 -9999 -9999 -9999 -9999 -9999 -9999 -9999 -9999 -9999 -9999 -9999 -9999 -9999 -9999 -9999 -9999 -9999 -9999 -9999 -9999 -9999 -9999 -9999 -9999 -9999 -9999 -9999 -9999 -9999 -9999 -9999 -9999 -9999 -9999 -9999 -9999 -9999 -9999 38 38 38 33 31 30 29 26 24 22 19 16 12 10 8 6 3 1 -1 -2 -4 -4 -5 -7 -7 -9 -11 -13 -15 -17 -20 -29 -30 -31
-9999 -9999 -9999 -9999 -9999 -9999 -9999 -9999 -9999 -9999 -9999 -9999 -9999 -9999 -9999 -9999 -9999 -9999 -9999 -9999 -9999 -9999 -9999 -9999 -9999 -9999 -9999 -9999 -9999 -9999 -9999 -9999 -9999 -9999 -9999 -9999 -9999 -9999 -9999 -9999 -9999 -9999 -9999 -9999 -9999 -9999 -9999 -9999 -9999 -9999 -9999 -9999 -9999 37 38 31 28 28 28 28 26 24 21 17 14 11 8 8 5 2 -0 -1 -0 -1 -4 -4 -4 -4 -6 -8 -5 -11 -15 -22 -24 -25
-9999 -9999 -9999 -9999 -9999 -9999 -9999 -9999 -9999 -9999 -9999 -9999 -9999 -9999 -9999 -9999 -9999 -9999 -9999 -9999 -9999 -9999 -9999 -9999 -9999 -9999 -9999 -9999 -9999 -9999 -9999 -9999 -9999 -9999 -9999 -9999 -9999 -9999 -9999 -9999 -9999 -9999 -9999 -9999 -9999 -9999 -9999 -9999 -9999 -9999 -9999 -9999 -9999 -9999 -9999 37 34 33 29 28 29 26 22 19 14 11 9 8 6 4 3 3 1 -0 -2 -3 -5 -6 -4 -4 -5 -7 -12 -14 -21 -25
-9999 -9999 -9999 -9999 -9999 -9999 -9999 -9999 -9999 -9999 -9999 -9999 -9999 -9999 -9999 -9999 -9999 -9999 -9999 -9999 -9999 -9999 -9999 -9999 -9999 -9999 -9999 -9999 -9999 -9999 -9999 -9999 -9999 -9999 -9999 -9999 -9999 -9999 -9999 -9999 -9999 -9999 -9999 -9999 -9999 -9999 -9999 -9999 -9999 -9999 -9999 -9999 -9999 -9999 -9999 -9999 -9999 -9999 36 30 28 28 25 21 16 11 9 7 7 5 5 3 2 1 0 -1 -3 -1 -2 -3 -3 -3 -5 -10 -23 -23
-9999 -9999 -9999 -9999 -9999 -9999 -9999 -9999 -9999 -9999 -9999 -9999 -9999 -9999 -9999 -9999 -9999 -9999 -9999 -9999 -9999 -9999 -9999 -9999 -9999 -9999 -9999 -9999 -9999 -9999 -9999 -9999 -9999 -9999 -9999 -9999 -9999 -9999 -9999 -9999 -9999 -9999 -9999 -9999 -9999 -9999 -9999 -9999 -9999 -9999 -9999 -9999 -9999 -9999 -9999 -9999 -9999 -9999 -9999 36 31 29 27 22 16 13 9 7 7 5 3 3 1 0 -0 -0 -1 -3 -3 -1 -3 -6 -8 -13 -17 -16
-9999 -9999 -9999 -9999 -9999 -9999 -9999 -9999 -9999 -9999 -9999 -9999 -9999 -9999 -9999 -9999 -9999 -9999 -9999 -9999 -9999 -9999 -9999 -9999 -9999 -9999 -9999 -9999 -9999 -9999 -9999 -9999 -9999 -9999 -9999 -9999 -9999 -9999 -9999 -9999 -9999 -9999 -9999 -9999 -9999 -9999 -9999 -9999 -9999 -9999 -9999 -9999 -9999 -9999 -9999 -9999 -9999 -9999 -9999 -9999 37 33 29 24 16 13 10 7 5 5 4 4 3 2 1 -0 -0 -3 -3 -3 -5 -7 -6 -6 -6 -8
-9999 -9999 -9999 -9999 -9999 -9999 -9999 -9999 -9999 -9999 -9999 -9999 -9999 -9999 -9999 -9999 -9999 -9999 -9999 -9999 -9999 -9999 -9999 -9999 -9999 -9999 -9999 -9999 -9999 -9999 -9999 -9999 -9999 -9999 -9999 -9999 -9999 -9999 -9999 -9999 -9999 -9999 -9999 -9999 -9999 -9999 -9999 -9999 -9999 -9999 -9999 -9999 -9999 -9999 -9999 -9999 -9999 -9999 -9999 -9999 41 37 31 26 18 14 10 9 6 5 2 1 2 3 2 1 0 -0 -2 -3 -2 -3 -4 -6 -9 -13
-9999 -9999 -9999 -9999 -9999 -9999 -9999 -9999 -9999 -9999 -9999 -9999 -9999 -9999 -9999 -9999 -9999 -9999 -9999 -9999 -9999 -9999 -9999 -9999 -9999 -9999 -9999 -9999 -9999 -9999 -9999 -9999 -9999 -9999 -9999 -9999 -9999 -9999 -9999 -9999 -9999 -9999 -9999 -9999 -9999 -9999 -9999 -9999 -9999 -9999 -9999 -9999 -9999 -9999 -9999 -9999 -9999 -9999 -9999 -9999 43 38 33 27 19 15 11 8 5 3 2 1 1 2 2 0 -1 -1 -1 -0 -1 -1 -5 -6 -9 -13
-9999 -9999 -9999 -9999 -9999 -9999 -9999 -9999 -9999 -9999 -9999 -9999 -9999 -9999 -9999 -9999 -9999 -9999 -9999 -9999 -9999 -9999 -9999 67 66 64 63 60 60 -9999 -9999 -9999 -9999 -9999 -9999 -9999 -9999 -9999 -9999 -9999 -9999 -9999 -9999 -9999 -9999 -9999 -9999 -9999 -9999 -9999 -9999 -9999 -9999 -9999 -9999 -9999 -9999 -9999 -9999 -9999 44 38 34 28 20 15 11 9 6 4 3 1 1 2 1 0 1 2 3 4 3 2 -3 -1 -3 -5
-9999 -9999 -9999 -9999 -9999 -9999 -9999 -9999 -9999 -9999 -9999 -9999 -9999 -9999 -9999 -9999 -9999 -9999 -9999 -9999 -9999 68 66 64 63 61 60 59 59 60 58 59 59 -9999 -9999 -9999 59 59 60 -9999 -9999 -9999 -9999 -9999 -9999 -9999 -9999 -9999 -9999 -9999 -9999 -9999 -9999 -9999 -9999 -9999 -9999 -9999 -9999 -9999 46 42 36 28 21 16 13 12 8 6 5 3 2 2 2 1 1 -0 1 4 4 2 2 3 3 1
-9999 -9999 -9999 -9999 -9999 -9999 -9999 -9999 -9999 -9999 -9999 -9999 -9999 -9999 -9999 -9999 -9999 -9999 -9999 -9999 67 65 64 58 50 51 51 53 56 58 57 55 55 56 57 61 55 54 55 56 55 57 58 52 51 -9999 -9999 -9999 -9999 -9999 -9999 -9999 -9999 -9999 -9999 -9999 -9999 -9999 -9999 -9999 50 46 40 29 23 20 17 14 11 8 7 6 3 3 2 2 1 2 -1 3 3 4 5 4 4 0
-9999 -9999 -9999 -9999 -9999 -9999 -9999 -9999 -9999 -9999 -9999 -9999 -9999 -9999 -9999 -9999 -9999 -9999 70 68 66 64 56 48 41 32 33 40 49 52 49 48 47 46 44 48 46 47 48 48 50 52 53 50 50 -9999 56 52 53 52 49 51 52 49 51 51 53 58 56 54 54 48 40 29 25 21 18 14 11 8 6 6 5 3 3 2 1 2 1 2 4 4 4 4 6 6
-9999 -9999 -9999 -9999 -9999 -9999 -9999 -9999 -9999 -9999 -9999 -9999 -9999 -9999 -9999 -9999 72 70 67 63 62 58 53 41 33 27 19 26 33 33 20 24 20 20 25 36 36 38 31 33 33 36 34 30 42 46 44 43 43 42 38 40 42 45 42 41 45 52 51 50 47 42 34 27 23 21 17 14 12 9 4 3 5 3 3 1 2 2 0 4 4 4 5 6 -1 -11
-9999 -9999 -9999 -9999 -9999 -9999 -9999 -9999 -9999 -9999 -9999 -9999 -9999 -9999 -9999 74 69 64 56 53 48 47 50 39 30 31 31 27 24 13 18 4 9 12 6 9 12 23 12 8 0 2 -20 -15 9 16 20 25 26 14 8 23 21 30 34 36 30 34 38 40 34 22 17 10 14 14 13 11 9 8 6 -0 3 1 -2 -2 -0 -0 2 3 4 5 6 6 11 11
-9999 -9999 -9999 -9999 -9999 -9999 -9999 -9999 -9999 -9999 -9999 -9999 -9999 -9999 -9999 72 63 51 46 41 40 41 40 34 29 30 31 24 14 10 13 -4 -2 -21 -26 -29 -18 -10 -20 -33 -29 -27 -39 -34 -12 -28 -15 -2 -2 -8 -10 -1 11 19 20 11 19 22 24 21 6 3 0 -9 -9 -18 -5 -7 -14 -17 -16 -11 -13 -10 -11 -6 -3 -1 -2 -2 1 2 4 4 7 11
-9999 -9999 -9999 -9999 -9999 -9999 -9999 -9999 -9999 -9999 -9999 -9999 -9999 -9999 -9999 74 64 48 45 45 45 43 41 39 30 27 28 27 13 13 0 -17 -21 -27 -33 -36 -32 -32 -28 -31 -25 -26 -28 -42 -32 -25 -20 -10 -9 -6 0 3 -2 -0 2 9 10 2 3 -2 -6 3 -4 -13 -22 -28 -36 -56 -42 -57 -64 -46 -68 -58 -40 -30 -31 -32 -22 -13 -26 -11 -15 -6 -3 6
-9999 -9999 -9999 -9999 -9999 -9999 -9999 -9999 -9999 -9999 -9999 -9999 -9999 -9999 -9999 75 70 60 52 48 49 44 40 35 26 26 23 21 3 -3 -12 -6 -2 -20 -26 -24 -17 -17 -12 -12 -13 -13 -16 -17 -15 -11 -8 -11 -10 -10 -12 -0 -1 3 10 7 -0 -3 -6 -4 -1 5 -1 -3 -7 -16 -22 -36 -56 -72 -77 -81 -81 -70 -70 -57 -50 -70 -66 -51 -54 -40 -35 -38 -27 -18
-9999 -9999 -9999 -9999 -9999 -9999 -9999 -9999 -9999 -9999 -9999 -9999 -9999 -9999 -9999 75 71 65 59 56 46 33 26 26 18 26 26 25 6 -8 0 13 9 -5 -16 -10 -8 -9 -4 -3 -5 -6 -9 -8 -6 -4 -4 -7 -12 -14 -8 -2 -0 2 11 6 3 3 8 10 14 9 -3 -2 2 -8 -9 -15 -23 -32 -42 -47 -47 -54 -65 -72 -72 -79 -58 -48 -73 -66 -69 -69 -50 -30
-9999 -9999 -9999 -9999 -9999 -9999 -9999 -9999 -9999 -9999 -9999 -9999 -9999 -9999 -9999 -9999 74 69 63 55 48 28 27 34 31 26 21 16 14 7 5 -4 -19 -29 -14 -6 -2 -3 -0 0 -2 0 -2 -0 1 2 2 -1 -8 -9 -11 -12 -9 -7 1 9 6 12 13 16 15 15 12 8 -2 -10 -18 -11 -16 -18 -27 -29 -13 -19 -29 -40 -33 -48 -38 -45 -29 -48 -45 -28 -53 -56
-9999 -9999 -9999 -9999 -9999 -9999 -9999 -9999 -9999 -9999 -9999 -9999 -9999 -9999 -9999 -9999 76 71 65 56 49 37 27 36 30 24 11 -7 -9 1 -21 -34 -26 -26 -16 -4 0 1 2 -0 3 4 4 4 6 6 4 -2 -3 -7 -12 -20 -31 -30 -27 -14 -15 -15 -8 7 16 19 16 14 10 5 -1 2 -3 -13 -19 -18 -10 -5 -8 -15 -14 -12 -24 -24 -16 -40 -34 -23 -15 -11
-9999 -9999 -9999 -9999 -9999 -9999 -9999 -9999 -9999 -9999 -9999 -9999 -9999 -9999 -9999 -9999 73 71 62 50 55 46 28 12 17 19 14 3 -1 -6 -24 -21 -9 -9 -3 0 2 4 5 5 6 6 7 10 10 6 5 2 -0 -5 -10 -12 -17 -29 -30 -34 -31 -26 -19 -7 7 17 21 15 17 15 11 14 11 11 7 7 8 5 -5 -5 -8 0 -6 -0 -4 -6 -7 11 9 12
-9999 -9999 -9999 -9999 -9999 -9999 -9999 -9999 -9999 -9999 -9999 -9999 -9999 -9999 -9999 -9999 70 70 64 53 41 38 20 20 7 4 15 22 10 5 -0 -2 1 -2 -2 -0 4 6 7 8 8 7 7 7 9 9 4 -0 -2 -4 -8 -13 -12 -16 -22 -22 -19 -16 -20 -10 -3 8 14 24 24 13 10 20 13 18 18 15 18 16 8 7 5 9 16 18 11 15 23 28 20 23
-9999 -9999 -9999 -9999 -9999 -9999 -9999 -9999 -9999 -9999 -9999 -9999 -9999 -9999 -9999 -9999 70 69 64 51 50 44 29 14 10 8 20 22 18 18 3 9 9 4 3 3 6 8 10 9 8 6 5 8 10 8 5 2 4 2 0 -2 -6 -8 -11 -12 -10 -7 -11 -12 -22 -18 4 17 25 27 25 24 14 13 22 24 27 24 23 20 24 27 27 23 20 19 34 38 24 26
-9999 -9999 -9999 -9999 -9999 -9999 -9999 -9999 -9999 -9999 -9999 -9999 -9999 -9999 -9999 -9999 72 66 63 57 54 50 43 26 21 23 21 19 33 28 13 14 16 9 7 7 9 11 11 10 10 10 9 12 10 8 7 6 4 3 0 -1 1 -0 -2 -2 -5 -5 -7 -9 -11 -8 6 16 22 19 26 31 30 25 20 23 27 31 30 30 30 31 28 20 21 33 37 45 47 54
-9999 -9999 -9999 -9999 -9999 -9999 -9999 -9999 -9999 -9999 -9999 -9999 -9999 -9999 -9999 -9999 -9999 70 65 61 55 50 44 34 36 13 17 28 33 27 20 22 16 14 11 9 10 12 12 13 14 14 12 13 11 9 7 6 2 -5 -2 -2 -5 -6 -4 -3 -3 -4 -2 -1 -1 5 7 9 16 15 12 25 35 36 30 31 36 35 38 32 26 23 25 31 28 37 52 54 62 65
-9999 -9999 -9999 -9999 -9999 -9999 -9999 -9999 -9999 -9999 -9999 -9999 -9999 -9999 -9999 -9999 77 72 68 63 55 47 46 43 24 35 32 32 23 36 30 20 18 16 12 10 7 8 9 12 14 14 15 14 13 12 10 7 5 1 -4 -19 -18 -16 -7 -4 -7 -6 3 3 4 5 4 -4 -1 2 10 21 32 39 42 45 44 42 42 47 34 25 32 54 53 61 63 63 72 75
-9999 -9999 -9999 -9999 -9999 -9999 -9999 -9999 -9999 -9999 -9999 -9999 -9999 -9999 -9999 -9999 76 72 68 66 57 54 48 36 28 34 31 29 33 38 32 27 17 15 12 13 12 13 12 13 15 14 15 13 11 11 9 5 -4 -10 -12 -15 -8 -6 0 1 -5 -8 -13 -12 -11 -8 -9 -4 -8 -10 4 9 22 29 37 40 41 43 42 57 50 51 67 70 74 78 79 76 80 -9999
-9999 -9999 -9999 -9999 -9999 -9999 -9999 -9999 -9999 -9999 -9999 -9999 -9999 -9999 -9999 -9999 76 71 68 67 59 48 37 32 24 19 24 19 29 33 28 24 20 17 16 14 14 14 15 16 14 12 12 13 11 8 8 0 -18 -8 5 7 8 10 7 2 -2 -6 -7 -13 -11 -11 -9 -7 -6 -15 -6 6 12 17 31 29 34 35 51 57 64 74 78 78 82 -9999 -9999 -9999 -9999 -9999
-9999 -9999 -9999 -9999 -9999 -9999 -9999 -9999 -9999 -9999 -9999 -9999 -9999 -9999 -9999 -9999 74 71 69 67 64 52 42 42 38 34 31 27 30 29 24 24 21 19 18 15 12 10 15 15 12 6 5 7 6 0 -3 -8 -6 9 19 16 16 14 7 6 7 1 -7 -10 -12 -15 -15 -4 -12 -14 -13 -9 -4 8 22 19 17 19 61 75 78 80 81 82 85 -9999 -9999 -9999 -9999 -9999
-9999 -9999 -9999 -9999 -9999 -9999 -9999 -9999 -9999 -9999 -9999 -9999 -9999 -9999 -9999 82 79 76 72 68 66 62 42 45 48 44 39 28 23 22 22 25 27 20 10 10 15 14 14 8 1 -7 -0 1 2 0 -0 14 18 24 27 24 22 14 10 11 8 3 -3 -12 -20 -26 -21 -11 -4 -7 -12 -13 -14 -7 12 14 26 54 71 77 82 83 84 84 87 -9999 -9999 -9999 -9999 -9999
-9999 -9999 -9999 -9999 -9999 -9999 -9999 -9999 -9999 -9999 -9999 -9999 -9999 -9999 86 82 79 79 74 70 67 64 58 58 52 41 8 25 28 24 22 24 22 18 21 30 25 8 8 4 -13 -13 -7 6 10 25 25 30 30 29 30 29 19 19 17 20 15 15 6 -7 -20 -27 -20 -11 1 1 -13 -18 -28 -15 9 23 48 62 79 84 85 86 86 87 89 -9999 -9999 -9999 -9999 -9999
