resultados/variables_proyeccion_tiempo/variables_paleo_21k/bio16.asc
ncols 330
nrows 228
xllcorner -12.000000
yllcorner 34.000000
cellsize 0.166667
NODATA_value -9999
[rows 84 to 125 of 228, columns 94 to 187 of 330]
287 292 297 302 307 314 321 329 337 346 356 366 376 387 -9999 -9999 -9999 452 456 458 462 452 444 436 422 413 394 -9999 -9999 -9999 -9999 -9999 285 276 268 257 249 243 236 231 226 224 221 219 219 228 234 240 249 262 274 286 290 293 294 287 275 260 251 246 240 233 220 212 218 218 213 211 206 200 196 192 186 181 177 171 165 159 154 148 141 135 130 126 122 120 122 123 123 125 127 129 130 132
290 295 301 307 313 318 324 331 341 350 360 371 381 392 401 410 420 420 -9999 -9999 -9999 -9999 -9999 -9999 -9999 -9999 -9999 -9999 342 336 324 312 297 284 270 261 252 242 236 230 227 225 222 220 221 226 228 234 248 261 281 297 306 308 310 306 293 277 264 261 250 238 227 222 224 223 219 214 211 207 200 194 187 183 177 171 165 160 154 147 140 135 129 126 127 125 125 126 130 132 133 134 135 136
293 297 303 309 314 321 326 334 342 351 361 372 383 394 405 413 420 422 422 416 409 404 396 389 382 375 366 358 348 339 327 313 299 283 269 257 248 240 234 230 225 222 221 221 223 224 224 228 243 260 280 302 307 310 310 308 300 284 272 265 255 248 238 231 232 231 223 214 210 207 202 196 189 183 177 171 164 158 152 146 140 135 131 130 128 128 129 134 135 136 136 137 139 140
295 299 304 309 315 322 329 336 345 354 362 371 381 392 401 408 414 417 417 415 412 406 398 389 382 374 366 357 347 335 321 308 293 279 266 253 244 236 231 227 224 218 219 219 219 221 224 230 241 256 271 289 301 304 312 313 305 293 284 272 264 254 243 236 233 230 224 218 213 207 201 195 189 184 178 171 164 158 152 146 141 138 136 134 131 130 133 136 139 140 141 142 143 144
297 301 306 312 318 323 330 338 346 354 362 369 377 387 395 402 407 410 409 407 406 402 394 386 377 368 357 347 335 323 311 297 284 271 259 250 239 229 225 223 219 215 214 215 218 220 223 229 239 250 264 280 293 303 310 312 307 299 290 278 268 256 247 241 236 231 226 223 219 214 206 198 191 184 178 171 164 158 152 148 145 141 138 136 134 134 137 139 142 143 145 146 147 148
298 302 307 312 317 322 329 336 344 351 359 367 374 381 388 393 397 399 400 398 397 392 385 376 368 358 346 334 323 314 302 291 278 268 258 245 234 225 222 218 213 210 210 212 214 216 221 228 235 246 255 270 283 297 306 313 313 307 298 286 271 262 251 245 240 234 228 222 218 217 209 202 194 186 178 171 165 159 156 152 149 144 141 139 137 138 139 142 145 147 149 150 151 152
299 303 307 312 317 322 328 334 341 348 355 362 368 374 380 384 387 389 389 388 385 381 374 365 357 345 333 321 313 304 294 282 270 262 254 245 240 231 222 215 210 208 207 208 210 215 219 223 233 241 251 260 274 286 300 315 320 317 304 289 276 264 254 247 240 232 228 223 220 216 211 203 195 187 179 173 166 162 160 156 152 148 146 144 143 143 144 146 149 151 153 154 155 157
300 304 308 312 317 322 328 333 339 346 352 357 363 368 372 375 378 379 379 378 374 370 364 354 346 336 324 312 305 296 288 276 266 257 252 245 240 233 222 214 208 205 204 205 208 212 216 223 229 237 245 254 263 274 292 304 321 321 306 291 276 265 253 246 240 232 227 222 216 212 208 204 196 188 180 173 168 168 164 160 156 153 152 151 150 150 150 152 154 156 159 160 161 164
300 303 306 310 316 321 326 330 336 342 348 352 357 362 365 367 368 369 368 366 363 359 353 346 338 328 319 313 305 295 284 274 262 256 250 243 236 229 222 212 206 201 200 201 205 208 215 220 227 233 241 249 257 266 276 286 300 306 296 287 274 261 252 243 238 231 225 220 215 211 206 202 196 190 182 176 174 173 169 164 162 161 160 159 158 158 158 159 161 162 164 165 167 170
300 303 307 310 314 320 325 329 334 339 343 347 351 355 358 360 361 361 360 357 354 350 344 338 330 322 316 312 308 298 288 276 267 260 251 244 236 227 218 209 203 201 200 200 202 207 212 218 224 230 237 243 251 259 276 286 289 289 285 276 266 255 245 240 233 228 222 216 213 209 205 202 198 191 185 180 180 178 174 171 170 169 168 168 167 166 166 167 168 168 169 170 173 177
299 302 305 310 314 319 323 327 331 335 338 342 346 348 351 352 352 352 351 349 346 342 337 331 324 318 312 309 306 301 292 283 274 266 258 246 238 229 218 208 200 200 198 197 201 206 210 216 220 227 232 238 245 253 258 268 275 278 274 268 255 245 235 231 226 219 214 209 205 204 201 200 199 194 189 184 186 183 180 180 179 178 178 177 176 175 175 176 175 174 174 176 179 183
298 301 305 308 313 316 321 324 328 331 334 337 340 342 343 344 345 344 342 340 337 334 329 324 318 313 309 304 304 300 295 290 282 273 266 255 242 229 219 206 197 196 194 196 200 203 208 213 214 219 227 234 239 245 251 257 264 263 262 259 250 239 226 220 214 212 206 203 200 198 198 198 197 196 193 191 191 189 188 188 188 187 186 185 183 183 182 183 181 180 182 182 185 188
299 302 305 308 311 315 319 322 324 328 330 332 334 336 337 337 337 336 335 332 330 326 323 318 313 308 304 301 298 297 296 294 289 283 276 262 245 231 218 205 197 196 195 197 199 203 207 212 215 219 224 229 234 235 239 246 250 253 251 249 248 239 223 214 209 206 202 200 200 198 198 198 200 199 198 197 197 196 196 196 195 195 194 194 191 190 190 190 189 188 188 190 192 196
298 301 304 307 310 313 316 318 321 323 325 327 329 330 330 330 330 329 328 325 323 320 316 312 306 303 298 299 297 298 300 301 298 290 279 265 248 232 216 205 197 196 196 198 201 204 208 211 214 218 220 224 228 229 228 229 236 241 242 243 241 237 227 211 206 202 200 198 200 200 200 201 202 203 202 203 203 204 205 205 205 205 205 203 200 199 198 197 196 195 196 198 201 204
298 300 303 305 308 310 313 315 317 319 320 322 323 323 324 324 323 322 320 319 316 312 310 306 302 298 296 294 293 296 302 308 303 292 278 262 245 228 218 210 200 196 196 198 202 205 210 212 215 218 219 219 220 220 219 220 228 233 238 236 230 227 224 215 205 200 197 195 196 198 200 203 205 207 208 209 210 211 212 214 214 214 214 212 209 208 207 205 203 203 205 206 208 210
297 299 301 303 305 307 309 312 313 315 316 317 318 318 317 317 316 315 314 312 309 307 304 301 298 294 292 288 290 293 300 306 304 292 277 259 242 232 226 215 206 201 198 199 201 206 211 212 212 214 214 213 214 211 209 212 220 227 228 226 222 216 213 208 202 199 198 198 199 200 202 206 208 211 214 216 218 220 221 221 222 221 221 220 217 216 214 212 211 211 211 212 214 217
295 296 298 300 302 304 306 308 309 310 311 312 312 312 312 311 309 308 306 305 304 301 298 296 293 292 289 287 288 293 299 305 305 294 277 258 241 232 227 219 214 210 203 200 201 206 208 208 208 213 212 209 209 205 205 208 213 218 219 217 214 208 203 204 202 199 202 203 203 204 206 209 213 216 220 223 226 228 228 228 228 228 227 227 226 224 222 220 218 217 217 218 220 223
292 293 295 297 299 301 303 305 306 307 307 307 307 306 305 304 303 302 301 299 296 294 293 290 289 288 286 287 289 292 298 303 304 296 281 261 245 233 226 220 214 209 202 202 202 204 206 204 206 209 209 206 206 206 205 207 211 214 214 213 210 209 205 200 196 196 200 208 212 207 209 214 219 223 227 230 234 237 239 240 240 240 240 239 237 234 231 227 224 222 221 222 224 227
289 291 293 294 296 298 300 301 302 302 303 303 303 302 300 299 297 295 293 291 290 289 287 285 285 284 283 285 287 290 294 298 299 295 284 268 252 240 229 220 214 208 205 204 207 209 210 208 208 208 208 207 206 206 205 208 210 213 214 211 210 211 207 199 193 196 200 201 206 209 214 220 225 231 236 241 245 248 248 249 249 250 250 249 246 243 239 235 232 228 225 225 227 230
286 288 290 291 293 294 296 297 297 297 297 297 296 295 294 292 290 288 286 285 284 282 280 280 280 278 280 281 283 285 289 291 293 292 286 275 260 244 233 226 219 214 210 208 210 211 212 211 210 209 207 206 206 205 207 208 210 212 213 213 212 210 208 201 197 198 200 203 207 212 218 224 232 239 246 250 252 253 253 253 256 258 260 261 260 256 248 242 236 232 230 228 229 232
283 285 287 289 290 292 292 293 294 294 294 293 292 290 289 287 285 283 281 279 277 275 274 274 273 273 274 274 277 280 283 288 292 290 285 282 265 254 242 233 225 219 216 214 213 211 211 212 211 211 208 208 209 209 209 209 210 213 213 216 211 208 207 206 200 199 204 209 212 217 223 231 238 246 254 258 261 262 261 264 266 268 270 269 268 264 254 248 239 232 228 228 230 234
280 283 284 285 287 288 289 289 289 289 288 287 286 285 283 281 279 277 274 272 270 268 267 268 266 266 267 267 270 274 279 284 291 290 283 280 270 260 254 244 236 228 223 220 217 214 213 213 212 214 214 214 216 215 214 212 212 212 214 213 210 208 207 207 204 202 207 212 216 222 229 235 244 255 263 268 271 271 269 270 270 274 276 278 276 271 262 255 245 238 231 229 233 239
278 279 282 283 285 286 286 286 285 285 284 282 281 279 276 274 272 270 268 265 263 262 261 260 259 259 260 260 263 266 271 278 283 285 280 275 270 265 260 251 244 239 235 225 219 214 214 215 216 218 220 223 221 220 219 218 216 214 212 211 210 208 206 206 206 207 209 214 218 224 231 241 252 263 274 280 278 275 272 272 274 276 277 278 277 271 264 259 252 241 235 236 242 248
275 276 278 280 282 283 283 284 283 282 280 279 276 274 271 269 266 264 261 259 257 255 254 253 251 250 252 254 255 257 262 269 274 277 276 273 270 264 259 253 247 243 234 225 220 218 217 221 226 227 227 229 229 226 223 221 220 219 218 218 215 211 209 207 207 208 211 216 222 228 237 245 256 264 274 280 279 276 277 274 275 278 277 275 272 266 262 258 254 246 242 241 246 253
272 274 276 277 278 279 280 279 279 278 276 274 272 270 267 264 261 258 255 253 251 249 248 247 246 245 247 247 248 252 254 259 265 266 267 266 264 260 258 252 247 240 232 228 228 225 223 226 230 227 226 229 230 230 228 224 222 221 221 220 218 214 214 212 212 214 214 219 224 230 238 247 256 264 270 275 278 278 277 276 274 273 271 270 268 265 262 258 254 250 247 248 255 261
269 272 274 276 276 277 277 277 275 274 272 270 267 265 262 259 256 253 252 250 249 248 247 246 245 246 246 246 247 251 252 254 258 259 259 259 259 259 257 252 246 238 232 232 230 229 228 226 227 227 228 229 232 231 230 230 229 225 223 221 218 217 212 213 212 214 220 222 228 234 241 251 259 268 274 275 274 273 271 270 271 270 271 269 266 264 262 258 256 254 252 252 260 266
266 269 272 274 276 276 276 275 273 271 268 266 264 261 258 255 253 252 251 248 246 245 244 244 246 247 248 247 248 249 251 253 255 256 256 255 257 255 252 250 245 238 233 231 229 228 227 226 227 229 229 232 233 233 232 232 229 227 227 227 224 221 217 217 218 217 220 225 233 238 244 250 258 264 269 271 271 270 269 268 269 269 268 267 265 262 262 259 257 255 251 258 262 266
264 267 269 272 273 274 275 274 272 270 267 263 260 256 253 252 252 251 249 245 243 242 243 245 248 249 248 248 248 249 250 252 252 254 255 255 255 256 246 240 239 234 230 227 226 223 224 223 225 227 228 231 232 231 231 232 231 231 233 231 227 222 223 218 221 220 222 225 232 237 245 252 255 260 265 267 265 264 264 263 264 263 263 263 263 259 259 258 254 254 255 261 262 264
262 265 267 269 271 272 273 273 270 266 263 260 256 251 249 249 249 250 247 244 241 242 244 247 249 250 250 249 249 250 250 249 250 251 251 250 252 253 248 240 234 233 229 225 222 221 219 221 221 225 225 230 230 230 230 230 230 232 233 231 227 225 223 222 220 224 226 227 231 235 240 247 251 255 257 261 261 261 257 258 258 258 259 259 259 258 258 255 256 259 261 261 262 263
260 263 266 267 270 271 272 271 267 262 260 256 251 247 246 246 246 246 244 241 241 243 245 248 251 252 251 251 252 250 248 247 247 247 248 247 249 251 247 244 238 232 231 230 219 217 216 216 216 218 222 224 224 227 229 229 231 230 229 229 229 227 224 221 224 230 232 232 234 237 241 244 247 249 252 255 255 251 252 251 251 253 253 254 253 253 253 254 254 258 258 260 261 264
258 261 264 266 269 270 272 268 264 259 257 252 246 244 244 244 243 242 241 240 241 243 247 252 255 256 256 255 254 253 251 247 245 244 245 245 245 244 242 242 238 232 228 224 216 214 212 212 212 212 215 218 218 221 223 225 227 229 229 228 227 226 223 226 226 231 232 232 235 238 240 242 243 244 244 246 246 248 249 249 250 251 253 254 253 254 255 255 256 257 256 257 260 263
255 259 262 264 266 268 270 266 262 257 251 247 244 242 241 239 239 238 238 239 240 242 247 252 256 257 256 255 254 253 253 250 246 241 238 235 236 237 237 238 239 234 228 222 215 211 209 207 207 209 210 211 214 217 219 221 225 228 230 228 226 228 223 221 224 228 229 232 234 233 236 236 239 241 243 243 244 244 244 244 246 247 251 252 252 253 253 253 254 256 258 255 258 260
253 256 259 262 264 267 268 264 258 252 246 243 241 240 238 236 235 235 236 237 238 241 244 249 256 255 255 256 253 253 251 248 244 240 238 232 230 231 232 232 230 227 225 219 214 212 205 206 204 203 206 209 211 213 217 220 222 226 227 224 224 226 224 222 222 224 226 227 230 233 235 237 238 240 242 243 243 241 240 241 244 246 247 250 252 251 252 252 252 255 256 255 254 253
250 253 256 259 262 267 265 261 255 249 244 240 238 239 236 234 234 234 234 236 236 239 241 245 249 252 255 255 255 254 252 248 245 241 237 233 231 233 233 232 229 226 222 216 210 206 203 204 200 200 202 205 208 211 214 216 220 222 219 216 218 220 223 226 228 226 231 233 237 242 239 238 239 241 242 243 242 241 239 239 241 244 247 247 248 249 250 250 250 253 255 256 258 258
246 250 252 255 259 261 261 257 251 247 241 238 239 239 234 234 235 234 233 235 237 239 239 240 247 252 258 262 263 260 256 250 249 257 255 245 235 236 237 234 230 225 230 219 214 209 200 194 194 198 202 205 210 212 214 217 217 218 217 216 217 219 224 224 227 227 228 233 235 238 237 238 238 238 240 243 241 240 238 237 240 242 243 243 243 244 245 247 247 250 252 254 256 256
243 246 248 252 254 255 254 250 247 244 238 233 234 240 235 234 234 234 234 237 239 244 240 237 239 246 255 264 267 261 259 263 265 254 246 255 246 255 248 247 237 226 219 213 207 205 199 191 191 196 202 207 216 217 217 218 219 220 221 220 221 221 222 224 229 231 226 229 231 233 233 236 237 238 239 241 241 241 240 240 240 241 242 242 241 242 243 245 248 248 248 251 253 253
240 243 247 248 248 248 246 243 240 235 230 228 230 232 235 236 235 235 237 240 242 246 242 240 240 245 252 258 262 263 263 265 258 261 255 260 264 259 258 285 282 254 224 215 206 201 197 193 192 194 197 202 207 214 217 220 223 226 228 226 224 224 225 226 228 230 228 231 232 234 236 238 238 240 241 243 246 245 244 244 244 246 246 246 244 240 241 244 248 248 249 252 254 257
239 240 241 241 241 240 239 236 233 229 224 224 228 233 237 237 235 236 239 242 244 243 242 242 242 246 253 254 253 251 253 272 259 256 254 280 265 248 257 284 333 345 283 250 225 211 204 199 194 196 197 200 204 212 215 219 223 226 230 233 231 231 228 229 229 230 232 234 236 237 239 240 240 241 244 246 246 246 247 247 248 247 248 248 246 242 239 242 246 248 250 254 256 260
235 235 236 236 236 236 234 232 229 224 220 219 225 229 232 234 236 235 238 243 245 246 244 243 244 245 248 254 262 262 266 268 253 250 246 252 259 249 257 244 259 256 249 251 245 232 221 209 203 201 198 199 203 210 218 221 226 228 233 235 237 237 234 234 233 235 236 239 242 240 242 246 249 251 252 248 250 251 249 249 248 249 248 246 244 243 240 242 249 250 251 256 258 261
232 232 232 232 233 232 230 229 226 222 218 219 224 229 231 234 235 236 240 248 254 256 254 252 264 265 275 293 304 311 292 264 246 247 243 249 254 246 256 257 256 244 227 214 213 206 214 213 206 201 198 199 204 212 218 226 230 230 234 239 240 239 239 236 235 235 236 239 242 243 248 252 254 256 258 256 252 254 254 252 252 255 253 253 250 253 245 246 250 252 253 254 258 263
229 228 228 227 226 226 225 224 223 225 223 223 225 227 232 237 237 237 240 252 268 272 278 281 286 286 307 309 363 373 298 258 252 246 236 243 263 246 244 257 237 225 217 211 205 211 219 218 214 206 203 202 206 213 220 230 234 236 239 246 250 250 249 240 237 235 239 243 246 252 255 261 265 263 258 256 255 256 258 259 260 258 257 258 255 254 252 253 254 256 256 257 259 262
226 226 225 224 222 219 219 219 222 228 230 229 225 227 232 238 241 241 242 247 259 266 266 273 291 283 299 332 342 312 255 253 251 225 227 235 243 235 235 224 225 209 204 197 200 216 222 224 222 219 214 210 211 217 226 235 240 248 252 253 250 255 253 253 248 248 245 244 249 258 267 272 279 281 275 265 264 262 261 259 257 256 256 256 256 257 257 258 260 262 262 262 263 264
