resultados/variables_proyeccion_tiempo/variables_paleo_21k/bio19.asc
ncols 330
nrows 228
xllcorner -12.000000
yllcorner 34.000000
cellsize 0.166667
NODATA_value -9999
[rows 88 to 131 of 228, columns 192 to 287 of 330]
94 99 99 99 99 99 99 99 100 100 99 98 96 93 91 92 93 91 90 90 89 90 90 91 92 94 96 98 100 102 104 107 110 113 114 114 112 108 104 102 100 98 97 95 95 94 92 92 91 90 90 89 89 89 88 88 86 84 83 81 80 78 76 75 73 72 71 70 70 69 69 69 72 73 75 76 77 78 78 79 79 78 78 78 76 74 72 70 68 68 67 67 67 66 65 64
95 97 102 104 103 103 103 103 104 105 104 102 100 98 97 97 96 95 94 93 92 92 93 94 96 97 99 100 102 105 107 111 114 116 117 119 116 111 108 105 102 100 99 98 97 96 94 93 93 92 92 91 90 89 88 87 86 85 84 83 81 79 78 76 75 74 73 72 72 72 72 73 75 76 76 76 78 79 79 79 79 79 79 78 76 75 73 71 70 69 69 68 68 67 66 66
94 93 103 106 106 106 106 108 110 110 111 109 106 104 104 102 101 99 99 97 96 96 96 98 99 99 100 101 103 104 107 110 113 116 118 119 118 114 109 107 104 102 100 99 98 97 96 95 94 94 93 92 92 92 91 92 92 90 87 85 83 81 79 77 76 74 74 75 76 76 76 76 76 77 78 77 78 78 79 79 78 79 79 78 78 75 74 72 72 71 69 69 69 68 68 68
94 92 99 111 110 110 113 114 115 116 116 114 112 111 110 109 107 104 102 100 98 98 98 99 100 100 101 101 103 105 107 109 111 114 116 117 115 113 110 108 105 104 102 102 100 99 97 96 96 96 95 94 93 93 95 95 94 93 91 89 86 82 80 79 79 78 76 76 78 77 77 78 78 78 79 79 79 80 80 80 80 79 79 78 77 77 76 75 73 72 70 69 69 69 69 70
100 95 103 108 112 114 117 120 121 123 124 122 120 118 117 115 112 109 105 103 100 99 100 100 100 101 101 102 103 105 107 109 112 114 114 115 115 114 112 110 108 106 105 104 103 101 100 98 98 97 96 96 96 96 96 95 96 95 93 90 87 84 82 80 79 79 79 80 80 80 79 80 80 80 80 80 80 81 81 81 81 81 80 79 78 78 77 76 74 73 73 72 71 71 71 72
102 101 106 115 120 117 125 126 127 129 132 131 128 125 122 120 116 112 109 104 103 102 101 101 102 102 102 102 103 105 108 110 113 115 115 116 115 114 113 111 110 109 107 106 104 103 102 101 99 99 98 98 98 98 98 96 96 95 95 93 90 87 85 82 81 81 82 82 82 81 81 81 80 80 81 82 82 82 82 82 81 81 80 80 80 79 78 78 77 76 75 74 73 73 73 72
106 110 114 117 124 130 132 133 134 135 137 138 137 134 130 126 120 116 112 107 105 104 104 104 104 103 103 103 103 105 108 111 114 116 118 119 117 116 114 113 112 111 109 108 106 106 104 102 101 100 100 101 100 99 100 100 99 96 96 95 93 91 88 87 85 84 85 84 84 83 82 83 83 82 82 82 82 82 83 82 82 82 81 81 80 79 78 78 77 77 76 76 75 75 75 74
124 127 128 131 134 135 138 140 142 143 147 149 148 145 140 134 128 122 115 110 107 106 106 106 106 106 106 105 106 107 110 114 116 118 120 120 119 117 115 114 113 112 110 108 107 105 104 102 102 101 101 102 102 103 102 101 101 100 98 96 94 92 91 90 89 87 87 86 86 85 85 84 84 84 84 84 83 82 82 84 83 83 83 82 80 80 80 79 79 79 79 79 78 77 77 77
133 136 133 137 139 140 143 146 149 151 154 156 158 156 150 142 135 127 120 113 110 109 110 109 109 108 108 108 108 110 113 116 118 121 122 122 122 120 118 116 114 112 111 109 107 105 103 102 102 103 104 104 105 104 104 104 102 101 101 99 97 96 93 92 91 90 89 88 87 87 87 86 86 86 86 85 85 84 83 84 83 83 83 82 81 80 80 80 80 81 80 80 80 80 79 80
141 141 142 143 144 144 148 151 154 157 161 162 165 166 159 150 140 133 126 119 116 115 114 113 112 112 112 111 111 113 116 119 122 125 124 125 124 122 119 118 116 115 111 109 107 106 105 103 103 104 106 107 106 107 106 106 105 103 102 102 101 99 96 94 92 92 92 91 90 89 90 89 88 87 87 87 87 87 86 85 84 84 83 82 82 81 81 80 80 80 81 81 81 82 82 81
145 146 147 147 147 146 150 152 154 159 163 167 170 171 164 154 146 138 131 127 122 120 118 116 115 114 113 112 113 115 118 122 125 127 129 128 126 125 122 119 117 115 112 111 108 106 106 106 106 107 108 109 110 110 109 108 106 106 105 104 104 101 99 97 94 93 93 92 92 92 92 92 91 90 89 88 88 88 87 87 86 85 84 84 83 82 82 81 81 81 81 83 84 84 83 83
150 153 154 153 151 149 149 152 156 160 164 167 168 166 160 152 145 140 135 130 126 123 121 119 117 117 116 115 114 116 121 125 129 131 132 130 127 126 123 121 118 116 114 111 109 109 108 108 110 111 112 112 112 112 111 110 108 107 107 107 105 102 100 99 96 94 93 94 95 93 93 94 94 93 92 90 89 88 87 86 86 84 84 85 85 84 84 84 83 82 82 83 84 84 84 84
155 159 160 160 158 154 151 154 157 160 162 165 164 159 153 147 141 137 133 131 128 125 123 122 121 121 120 116 114 119 125 128 131 132 133 130 128 129 125 121 119 117 115 113 111 111 113 113 114 116 116 116 115 115 114 112 110 108 107 108 106 103 102 100 99 97 95 95 95 95 95 96 97 96 93 91 89 88 87 86 85 83 84 84 85 83 84 83 84 84 84 84 84 84 84 86
160 164 166 167 166 160 156 158 159 159 161 162 159 154 148 142 137 133 130 128 126 126 125 125 125 123 122 122 123 126 130 133 136 134 133 131 131 130 127 125 122 119 118 117 116 115 116 117 117 118 120 120 119 117 115 113 112 109 108 107 107 105 102 101 99 98 97 96 96 97 97 98 98 98 96 92 90 88 87 86 84 84 83 83 84 84 83 83 83 83 84 85 84 84 85 86
168 173 176 178 174 168 162 161 160 159 159 159 155 149 144 137 132 129 127 126 126 126 128 129 128 128 127 127 129 131 136 138 137 136 134 133 130 128 128 126 124 121 120 119 118 119 118 118 119 120 120 123 122 119 116 114 112 110 109 107 105 104 101 98 98 97 96 96 96 98 99 100 101 99 96 93 90 88 87 86 84 83 83 83 83 83 82 82 83 83 83 85 86 85 84 85
168 175 181 186 182 173 167 162 160 157 156 153 149 144 138 131 125 122 121 121 122 124 127 128 129 131 133 133 136 139 143 143 142 139 138 134 132 128 127 126 123 123 122 120 121 120 120 120 120 121 120 121 122 121 116 113 112 111 109 106 105 103 101 98 96 95 95 95 96 98 100 101 102 98 94 92 90 89 87 86 85 83 83 83 83 82 82 83 83 83 83 84 85 86 85 84
165 172 178 183 179 172 166 161 157 154 152 149 145 139 133 127 123 119 117 118 119 122 125 128 129 132 136 139 141 144 147 146 146 144 140 137 133 130 127 126 124 123 124 122 122 122 122 122 121 120 120 119 120 118 115 113 112 110 109 106 104 101 99 97 95 93 94 94 96 97 99 100 100 97 94 92 89 88 86 85 84 82 82 82 82 82 83 83 83 83 83 84 85 86 86 85
167 172 176 176 173 167 161 157 154 151 150 147 141 137 134 129 127 124 118 116 116 119 122 126 130 134 137 140 143 145 146 146 146 144 142 138 134 133 129 125 124 123 124 124 125 125 124 124 120 118 118 117 117 116 113 111 110 109 107 104 102 99 97 96 94 91 92 94 95 96 97 98 97 96 93 90 89 87 85 85 84 82 82 82 82 82 82 83 83 83 84 85 86 87 86 86
160 163 166 165 164 160 154 151 149 148 146 142 139 137 132 128 124 119 118 116 115 118 122 126 129 133 136 140 143 146 147 146 145 143 140 138 135 132 132 128 126 126 126 126 128 129 126 122 118 115 115 114 113 112 111 110 108 107 105 103 100 97 96 94 93 90 90 92 94 94 95 96 95 93 91 89 87 85 84 82 82 81 81 81 81 81 81 83 83 83 84 85 85 87 86 87
152 153 153 154 156 155 152 148 146 143 140 138 135 131 128 123 119 116 114 114 115 117 121 125 128 132 136 141 144 144 145 145 143 141 137 135 131 129 128 128 128 128 130 129 130 130 126 120 115 112 112 111 109 109 108 107 106 105 102 101 98 96 93 93 93 90 90 92 93 94 93 94 93 92 90 87 85 83 82 82 80 80 80 80 79 79 80 81 82 83 84 85 86 87 86 86
147 145 144 146 148 148 148 145 143 139 136 133 131 126 123 120 118 114 114 115 116 118 121 125 129 133 137 140 143 144 143 143 141 138 135 132 129 127 127 125 126 129 130 130 130 128 124 118 113 109 108 108 106 107 106 105 104 102 101 100 96 94 92 92 92 90 90 92 92 93 92 91 91 90 89 86 84 82 82 81 80 79 78 77 77 78 79 81 81 82 83 85 85 85 85 87
139 138 135 138 139 141 140 139 136 132 130 128 126 125 120 118 115 114 114 115 117 121 124 126 129 133 136 140 142 143 143 142 139 137 135 132 126 125 125 125 124 127 127 126 126 123 118 112 107 104 105 105 104 104 105 104 103 102 100 98 96 94 92 92 92 90 90 91 91 92 91 91 90 90 88 86 84 83 81 80 80 78 76 76 76 76 77 79 80 82 84 84 85 84 86 87
136 135 134 133 133 134 133 131 129 127 126 125 124 122 120 117 116 115 116 120 121 124 126 129 129 131 135 139 142 143 142 140 139 138 137 133 126 123 122 121 121 122 121 121 120 117 113 107 100 99 101 103 102 102 103 101 101 100 98 98 95 94 92 92 92 90 91 91 91 92 91 91 91 90 88 86 84 82 81 81 80 77 76 75 75 76 76 78 80 82 83 84 84 85 87 87
133 132 131 130 127 126 124 124 123 122 120 120 120 120 117 116 117 118 118 121 122 125 127 126 128 131 134 137 139 142 142 142 142 138 133 129 123 121 121 120 119 120 118 118 116 113 109 104 99 98 100 101 101 102 102 101 100 100 98 97 95 94 92 92 92 90 91 92 92 92 92 91 91 90 88 86 84 84 81 81 80 78 76 75 74 74 75 78 79 81 83 83 84 86 86 87
127 126 126 123 122 119 118 118 117 117 116 117 117 117 116 114 115 116 120 121 122 124 126 127 131 133 135 139 138 142 142 142 142 137 130 124 120 119 118 117 118 118 117 116 114 111 107 105 101 99 100 100 100 101 101 100 100 99 98 97 96 94 93 93 92 91 92 92 93 93 92 91 91 90 89 87 85 84 83 81 80 78 77 76 74 74 75 77 80 81 82 83 84 86 87 88
120 119 119 118 116 114 113 113 112 112 112 113 115 114 114 115 116 115 119 121 123 124 126 127 130 133 135 138 140 141 143 143 140 135 127 120 117 117 117 116 116 116 115 113 112 109 106 105 101 100 101 101 100 102 101 100 100 99 98 97 96 94 94 94 92 92 93 92 93 93 93 93 93 91 90 88 86 85 84 82 81 79 79 77 76 76 76 78 80 81 82 85 86 87 88 88
115 114 113 112 110 109 108 108 107 108 110 110 112 112 114 115 116 117 117 120 121 123 125 126 128 131 134 136 137 137 139 139 137 130 125 119 117 115 114 115 114 114 114 112 111 108 106 105 102 103 103 101 100 102 102 100 100 99 99 97 96 95 94 95 92 92 94 94 94 94 95 95 93 92 90 90 89 88 86 84 82 81 80 79 78 78 78 80 81 81 84 86 87 87 88 88
111 110 108 106 105 102 101 101 102 103 105 106 107 108 110 112 114 116 118 119 121 122 124 126 127 128 130 131 134 134 135 135 131 127 122 118 116 114 113 113 112 112 112 110 110 108 106 105 103 103 103 102 102 103 102 101 100 100 100 98 97 96 96 95 93 92 93 94 95 96 97 96 95 94 93 92 91 89 87 85 84 83 82 80 79 80 80 81 82 84 85 87 87 86 87 88
110 107 106 102 100 98 97 98 99 100 102 103 104 106 107 110 114 116 117 118 120 120 122 124 125 126 127 128 129 130 131 129 127 124 120 118 116 113 113 113 112 111 111 110 110 109 107 106 105 104 105 102 103 103 103 102 102 101 100 99 98 97 96 95 93 93 93 95 97 99 100 98 96 96 95 93 92 90 89 87 86 85 83 82 82 82 83 82 84 85 86 86 87 88 89 89
106 104 102 98 95 93 92 95 97 99 101 102 103 106 106 108 111 113 116 116 116 117 119 121 123 124 124 125 126 126 126 125 124 120 119 117 114 113 112 112 112 112 111 111 110 109 108 107 106 106 105 104 105 104 103 103 103 102 101 100 99 98 97 96 94 94 94 96 98 100 101 99 99 97 96 94 93 92 90 89 87 86 86 85 84 84 84 85 86 87 87 88 89 90 91 92
105 101 98 97 95 94 93 95 96 100 102 101 102 103 105 108 110 114 115 113 112 113 116 117 117 118 120 121 122 124 124 123 121 119 117 115 112 112 112 111 111 112 111 111 110 109 108 107 107 107 106 105 105 104 105 104 104 103 102 102 101 99 98 96 96 96 96 98 100 101 101 99 99 99 97 96 95 94 93 91 90 89 88 88 87 86 87 88 88 88 88 88 89 90 91 93
103 101 100 98 97 95 95 95 97 98 100 100 102 102 104 106 109 112 114 110 104 103 109 111 113 115 116 119 120 121 121 118 118 118 115 113 111 112 111 111 112 112 111 111 110 110 109 107 107 108 106 107 107 107 106 106 105 105 103 103 102 101 100 99 98 98 98 100 101 102 102 100 100 99 98 97 97 96 95 93 92 92 91 91 90 90 90 89 90 90 89 89 90 91 93 93
105 102 103 102 100 97 96 95 95 97 99 100 100 100 101 103 105 107 108 105 99 97 101 106 109 111 113 116 117 117 117 117 116 115 114 112 111 112 112 112 113 112 112 111 110 110 109 109 109 108 107 109 109 108 108 108 106 105 104 104 104 102 102 101 101 100 100 102 102 102 102 100 100 100 100 100 99 98 96 96 95 95 94 93 93 93 92 92 92 92 91 91 92 93 94 96
106 104 104 103 100 98 96 94 93 95 97 97 98 98 99 99 100 102 101 98 94 93 96 101 105 108 111 113 114 116 116 115 114 113 112 112 112 112 112 113 112 112 112 111 112 111 110 110 110 108 109 110 109 108 108 108 107 105 106 105 104 104 102 102 103 103 103 103 103 102 101 102 101 102 102 100 101 101 99 98 98 98 97 96 95 95 95 95 94 93 93 94 94 95 95 96
106 105 102 100 100 98 96 96 95 94 94 95 96 96 96 96 96 96 95 92 89 88 91 96 100 105 108 111 113 113 114 113 113 112 111 110 112 112 113 113 114 113 113 113 112 110 110 110 109 110 111 111 110 110 110 109 108 107 106 106 105 105 105 105 106 105 105 105 103 102 102 103 102 102 102 102 102 101 102 101 101 101 100 99 98 97 96 96 94 95 96 96 96 96 98 98
107 106 105 104 100 100 99 98 97 96 95 94 96 95 94 94 93 92 90 87 85 85 89 94 99 104 107 110 112 113 113 111 110 110 110 110 111 112 112 114 114 114 114 113 112 112 112 111 110 113 112 112 112 112 110 109 109 109 108 107 106 107 106 106 107 106 106 105 104 102 102 102 102 102 103 104 103 104 104 105 104 103 103 102 101 100 99 98 97 97 98 98 98 98 99 100
107 107 107 110 107 102 101 99 97 96 93 92 94 95 95 93 92 89 87 86 84 85 88 93 98 103 108 110 111 111 110 109 110 109 108 109 109 110 112 113 114 115 115 113 113 113 111 110 110 111 110 110 112 110 108 108 108 108 108 108 109 108 108 107 108 107 106 105 105 104 102 103 103 104 105 106 107 106 107 108 108 107 106 104 103 101 100 100 99 99 98 98 99 100 100 101
109 109 110 111 112 108 103 100 98 96 93 94 94 95 94 93 92 88 86 86 86 86 89 93 97 101 105 107 109 109 108 107 107 106 105 106 107 108 111 112 113 114 114 114 114 112 110 110 110 108 107 108 108 108 108 108 109 108 109 109 109 110 109 109 109 107 106 106 105 104 103 102 103 104 106 108 109 110 110 111 112 111 109 107 106 105 104 103 102 102 102 101 101 101 101 102
109 109 110 110 112 112 106 103 99 96 94 94 94 94 94 92 91 90 87 87 88 91 92 95 98 102 105 107 108 107 106 105 104 104 104 104 105 106 109 110 112 113 115 115 113 112 110 109 107 106 106 105 105 106 106 106 108 109 109 110 110 112 110 111 111 109 107 105 104 104 103 103 103 105 107 110 112 113 114 115 115 114 112 111 109 107 106 105 103 102 103 103 103 103 103 103
109 108 107 108 108 109 108 106 101 96 93 90 92 92 93 93 91 88 87 86 89 91 93 96 99 102 104 106 107 106 104 103 102 102 101 101 101 103 106 109 113 114 114 113 113 112 109 107 105 104 102 101 102 103 103 105 106 107 109 110 112 112 112 113 112 111 107 105 103 102 101 102 103 105 109 111 114 116 118 119 118 117 115 113 111 109 108 106 104 105 104 105 105 104 104 105
110 108 105 106 106 105 103 101 98 93 91 90 89 90 90 90 89 89 91 91 93 94 96 99 101 102 105 105 106 105 104 101 100 99 99 99 100 102 107 109 112 113 114 114 113 110 108 106 104 102 99 98 99 100 102 103 105 107 109 111 114 113 116 116 115 112 108 104 102 100 99 100 103 106 109 112 116 118 120 121 120 119 116 114 111 110 108 107 107 106 106 106 106 105 105 105
111 109 107 104 104 103 100 98 95 93 92 91 91 90 90 89 89 89 90 94 97 97 99 102 104 104 104 105 103 102 100 99 99 99 98 100 101 102 105 107 112 115 116 115 112 110 107 105 102 99 97 95 95 98 100 102 105 107 109 112 114 114 118 118 116 113 108 105 102 99 97 98 101 106 110 114 119 122 123 121 120 119 116 114 112 112 111 110 109 108 107 106 106 106 106 106
107 105 103 103 101 101 101 100 98 97 96 95 95 93 91 89 90 90 90 94 99 101 102 104 105 105 105 105 103 101 99 98 97 96 96 98 100 102 105 108 112 115 117 115 113 110 106 104 101 98 95 92 93 96 99 103 104 107 109 112 113 116 118 117 115 112 109 105 101 98 95 97 102 106 112 116 121 124 125 123 120 118 116 114 113 113 111 110 109 108 109 109 109 109 108 107
100 99 98 99 101 103 106 104 103 102 100 98 97 95 93 91 90 91 94 97 101 108 109 110 110 108 106 104 101 99 97 97 97 96 98 99 100 102 105 108 111 115 117 115 112 109 106 104 101 99 96 94 95 97 101 103 105 107 110 112 113 116 117 117 115 113 108 105 101 99 98 100 104 109 113 118 123 128 127 124 121 118 115 114 114 113 112 113 111 110 111 111 110 110 110 108
