resultados/variables_proyeccion_tiempo/variables_paleo_21k/bio1.asc
ncols 330
nrows 228
xllcorner -12.000000
yllcorner 34.000000
cellsize 0.166667
NODATA_value -9999
[rows 123 to 163 of 228, columns 188 to 281 of 330]
-62 -63 -63 -64 -66 -66 -67 -67 -65 -65 -65 -64 -64 -64 -63 -62 -64 -64 -64 -64 -64 -64 -64 -64 -64 -64 -64 -63 -64 -64 -64 -64 -63 -64 -64 -64 -64 -65 -65 -65 -65 -65 -65 -64 -64 -64 -64 -64 -64 -64 -65 -64 -64 -66 -64 -64 -63 -62 -61 -61 -60 -59 -58 -57 -56 -56 -56 -56 -57 -57 -57 -56 -56 -56 -56 -56 -56 -56 -56 -56 -56 -56 -57 -57 -58 -58 -58 -59 -59 -59 -59 -59 -59 -58
-58 -59 -60 -60 -62 -63 -65 -68 -66 -63 -62 -61 -60 -59 -58 -58 -61 -62 -62 -61 -62 -61 -61 -62 -62 -61 -61 -61 -62 -62 -62 -62 -61 -62 -62 -62 -63 -63 -63 -63 -64 -63 -63 -63 -63 -63 -64 -64 -64 -64 -64 -64 -64 -65 -64 -62 -61 -60 -59 -59 -58 -58 -57 -57 -57 -56 -55 -55 -56 -56 -55 -56 -56 -56 -56 -56 -56 -56 -56 -56 -56 -56 -56 -57 -57 -58 -57 -58 -58 -58 -59 -59 -59 -59
-54 -56 -56 -57 -59 -61 -62 -65 -66 -63 -60 -59 -57 -56 -54 -56 -57 -58 -59 -59 -61 -60 -60 -61 -61 -60 -59 -59 -59 -60 -60 -59 -60 -60 -60 -60 -60 -61 -61 -61 -62 -62 -62 -62 -61 -62 -63 -63 -63 -63 -63 -63 -63 -63 -62 -62 -61 -60 -60 -60 -60 -59 -58 -58 -56 -56 -55 -55 -56 -55 -56 -55 -56 -56 -56 -56 -56 -56 -56 -56 -57 -57 -57 -58 -58 -58 -58 -58 -59 -59 -58 -60 -60 -61
-50 -51 -52 -53 -55 -57 -59 -61 -63 -63 -59 -56 -54 -52 -51 -52 -54 -56 -58 -58 -59 -59 -59 -59 -60 -60 -58 -58 -57 -57 -58 -58 -58 -58 -58 -58 -58 -60 -60 -60 -60 -61 -61 -61 -60 -61 -62 -63 -63 -62 -62 -63 -63 -62 -62 -61 -61 -61 -61 -60 -60 -59 -58 -57 -57 -57 -55 -55 -55 -55 -55 -55 -56 -56 -56 -56 -56 -57 -57 -57 -57 -57 -57 -58 -58 -59 -59 -59 -59 -60 -60 -60 -59 -59
-49 -48 -49 -51 -51 -52 -53 -55 -56 -56 -56 -55 -52 -49 -47 -47 -50 -52 -54 -56 -56 -55 -56 -57 -57 -56 -55 -55 -55 -56 -55 -56 -57 -57 -57 -57 -57 -59 -59 -59 -59 -60 -60 -60 -61 -60 -61 -60 -61 -62 -62 -62 -62 -63 -62 -61 -61 -61 -60 -60 -59 -58 -59 -58 -57 -57 -55 -55 -54 -56 -55 -56 -57 -57 -57 -56 -56 -57 -58 -56 -57 -57 -57 -58 -57 -57 -58 -59 -60 -60 -60 -60 -59 -60
-49 -49 -48 -48 -49 -48 -47 -48 -48 -48 -46 -46 -45 -43 -42 -44 -46 -47 -49 -50 -51 -53 -56 -56 -56 -54 -53 -53 -53 -52 -53 -54 -55 -55 -55 -55 -55 -57 -58 -58 -59 -58 -60 -58 -60 -60 -60 -60 -60 -61 -61 -62 -62 -63 -62 -62 -62 -62 -61 -61 -60 -60 -60 -59 -59 -57 -57 -54 -56 -56 -56 -56 -57 -57 -57 -57 -56 -56 -56 -56 -56 -57 -57 -56 -57 -59 -59 -60 -59 -60 -59 -59 -61 -61
-45 -48 -49 -47 -46 -45 -44 -41 -41 -40 -39 -39 -39 -40 -42 -44 -44 -45 -46 -46 -48 -48 -51 -54 -54 -52 -50 -51 -51 -50 -51 -52 -52 -52 -52 -52 -54 -55 -54 -58 -59 -58 -58 -57 -59 -58 -59 -59 -60 -60 -60 -61 -61 -62 -62 -63 -62 -62 -61 -61 -61 -61 -61 -61 -60 -59 -59 -56 -57 -57 -56 -56 -57 -57 -57 -57 -57 -57 -56 -56 -57 -57 -57 -56 -57 -59 -58 -59 -59 -60 -60 -61 -62 -60
-40 -46 -48 -45 -41 -40 -37 -36 -33 -33 -33 -35 -36 -40 -42 -44 -45 -45 -44 -43 -45 -46 -46 -48 -52 -50 -48 -47 -48 -48 -48 -49 -49 -49 -50 -50 -52 -52 -53 -56 -57 -56 -56 -56 -57 -57 -59 -59 -60 -59 -59 -61 -61 -61 -62 -62 -62 -62 -62 -62 -62 -62 -62 -61 -61 -61 -60 -57 -57 -57 -57 -57 -57 -58 -58 -58 -57 -57 -56 -56 -57 -57 -56 -56 -57 -58 -58 -59 -59 -61 -61 -62 -61 -60
-35 -37 -37 -36 -35 -33 -32 -30 -30 -29 -32 -34 -36 -39 -42 -43 -44 -44 -42 -41 -40 -41 -42 -44 -46 -50 -48 -47 -46 -46 -46 -47 -47 -47 -48 -50 -52 -52 -55 -56 -54 -55 -56 -56 -56 -58 -59 -59 -59 -59 -59 -61 -61 -61 -62 -62 -63 -63 -64 -64 -64 -63 -63 -63 -63 -63 -62 -61 -60 -60 -58 -58 -58 -58 -58 -58 -58 -57 -56 -56 -56 -57 -55 -56 -58 -59 -58 -59 -60 -61 -62 -63 -60 -61
-34 -35 -34 -36 -35 -32 -33 -32 -30 -31 -33 -35 -38 -42 -43 -45 -47 -48 -45 -42 -38 -37 -38 -41 -43 -46 -47 -48 -45 -44 -44 -44 -45 -49 -52 -53 -54 -54 -54 -53 -53 -53 -53 -55 -56 -57 -58 -58 -58 -59 -58 -60 -61 -62 -62 -63 -64 -64 -65 -65 -65 -65 -65 -65 -64 -64 -64 -63 -63 -63 -62 -61 -60 -59 -59 -59 -59 -58 -57 -56 -56 -56 -55 -58 -58 -57 -58 -59 -62 -63 -64 -63 -60 -61
-48 -42 -45 -43 -44 -42 -41 -35 -34 -34 -35 -35 -36 -38 -42 -45 -49 -48 -46 -45 -39 -37 -38 -39 -41 -42 -43 -45 -46 -44 -45 -46 -50 -50 -52 -52 -52 -53 -54 -53 -53 -53 -54 -54 -55 -56 -56 -57 -58 -58 -59 -60 -61 -62 -64 -64 -65 -66 -66 -66 -66 -67 -66 -66 -66 -65 -65 -64 -64 -63 -62 -62 -62 -60 -59 -59 -59 -59 -58 -58 -56 -55 -57 -57 -57 -59 -59 -60 -61 -62 -63 -62 -61 -62
-58 -60 -51 -47 -54 -56 -45 -34 -38 -44 -43 -46 -45 -43 -45 -45 -46 -49 -54 -53 -45 -40 -40 -39 -40 -40 -40 -41 -46 -44 -46 -46 -48 -48 -49 -50 -50 -50 -50 -52 -51 -51 -52 -53 -54 -55 -56 -57 -58 -58 -59 -59 -60 -60 -62 -64 -65 -66 -67 -67 -67 -68 -68 -67 -68 -68 -68 -67 -66 -66 -65 -64 -62 -60 -59 -59 -58 -59 -59 -58 -57 -56 -57 -57 -58 -59 -59 -59 -60 -61 -63 -62 -60 -61
-55 -48 -50 -50 -50 -49 -47 -56 -50 -54 -52 -48 -46 -46 -50 -56 -54 -53 -52 -55 -55 -51 -46 -42 -40 -38 -39 -39 -40 -40 -41 -43 -45 -46 -48 -48 -48 -48 -48 -49 -50 -50 -51 -52 -52 -53 -54 -55 -56 -57 -58 -59 -60 -60 -60 -62 -64 -66 -68 -68 -68 -68 -69 -69 -70 -70 -70 -70 -69 -68 -66 -65 -64 -62 -62 -61 -60 -58 -59 -59 -57 -57 -58 -58 -59 -59 -58 -58 -60 -60 -61 -59 -60 -60
-52 -62 -81 -81 -84 -76 -52 -54 -52 -50 -52 -41 -36 -35 -40 -46 -56 -62 -59 -58 -56 -54 -56 -54 -51 -44 -39 -39 -38 -38 -39 -39 -40 -44 -45 -47 -46 -46 -46 -47 -48 -49 -49 -50 -51 -52 -53 -54 -55 -58 -58 -58 -59 -60 -60 -62 -63 -65 -66 -68 -68 -69 -70 -71 -72 -71 -71 -71 -70 -69 -70 -68 -66 -66 -64 -62 -63 -61 -60 -59 -58 -58 -58 -58 -58 -58 -58 -59 -59 -59 -58 -59 -58 -58
-50 -50 -57 -62 -71 -55 -48 -56 -53 -49 -39 -36 -34 -32 -32 -35 -41 -50 -58 -62 -64 -59 -57 -65 -58 -50 -46 -41 -42 -40 -39 -39 -38 -40 -42 -45 -45 -45 -44 -45 -45 -46 -48 -48 -50 -50 -50 -52 -54 -55 -56 -57 -58 -58 -59 -61 -63 -65 -65 -66 -68 -70 -71 -72 -72 -73 -72 -72 -71 -69 -69 -69 -68 -67 -66 -64 -65 -66 -65 -62 -60 -60 -60 -58 -58 -57 -57 -58 -59 -57 -56 -56 -56 -55
-70 -74 -67 -65 -72 -62 -52 -43 -44 -44 -40 -31 -46 -31 -25 -29 -41 -44 -36 -46 -55 -64 -59 -62 -59 -66 -60 -49 -45 -43 -44 -41 -37 -39 -39 -41 -43 -44 -42 -42 -43 -43 -44 -46 -48 -49 -48 -50 -51 -52 -54 -56 -56 -58 -59 -59 -60 -62 -64 -67 -67 -68 -71 -72 -73 -74 -73 -72 -70 -69 -69 -70 -70 -69 -68 -67 -68 -66 -66 -66 -64 -63 -62 -61 -61 -59 -58 -57 -56 -55 -55 -54 -55 -54
-51 -49 -51 -58 -49 -51 -41 -52 -49 -44 -42 -29 -30 -35 -20 -20 -19 -28 -38 -36 -47 -52 -51 -60 -61 -65 -70 -72 -60 -52 -45 -41 -39 -38 -39 -38 -41 -40 -40 -40 -41 -41 -42 -42 -45 -47 -46 -47 -48 -50 -51 -53 -54 -56 -58 -60 -60 -61 -62 -64 -66 -68 -70 -72 -74 -73 -72 -72 -70 -69 -69 -69 -68 -69 -69 -69 -68 -68 -68 -67 -65 -63 -62 -63 -63 -61 -60 -58 -57 -54 -53 -52 -52 -52
-44 -51 -45 -36 -32 -26 -30 -32 -31 -26 -24 -22 -33 -23 -18 -17 -17 -17 -24 -31 -40 -39 -44 -60 -54 -63 -74 -79 -78 -68 -58 -49 -44 -41 -39 -38 -38 -38 -38 -37 -37 -38 -39 -39 -40 -43 -43 -44 -44 -46 -48 -50 -51 -53 -56 -57 -60 -60 -62 -62 -64 -65 -67 -70 -72 -72 -71 -70 -69 -70 -70 -70 -70 -70 -70 -70 -68 -67 -68 -66 -66 -64 -62 -62 -62 -62 -60 -59 -57 -56 -53 -50 -49 -48
-39 -26 -21 -22 -22 -19 -22 -22 -20 -21 -22 -25 -32 -22 -19 -16 -16 -16 -17 -18 -21 -32 -43 -37 -53 -54 -70 -73 -75 -74 -75 -61 -56 -45 -40 -36 -35 -36 -35 -37 -40 -39 -38 -37 -39 -42 -44 -44 -44 -44 -45 -47 -47 -50 -52 -55 -57 -60 -60 -61 -63 -64 -64 -67 -68 -69 -70 -69 -68 -68 -69 -70 -70 -70 -71 -70 -70 -68 -66 -67 -66 -65 -63 -61 -61 -61 -59 -57 -57 -56 -53 -52 -50 -48
-20 -18 -19 -23 -19 -18 -20 -19 -16 -17 -18 -24 -21 -16 -16 -16 -16 -17 -17 -18 -20 -21 -24 -34 -32 -45 -54 -60 -76 -76 -68 -71 -71 -59 -49 -44 -42 -40 -40 -36 -35 -34 -35 -36 -36 -38 -40 -41 -42 -43 -44 -46 -45 -45 -48 -51 -55 -58 -59 -60 -61 -62 -64 -64 -65 -66 -66 -68 -68 -67 -68 -69 -70 -71 -71 -71 -70 -69 -67 -67 -67 -66 -64 -62 -60 -60 -57 -57 -55 -52 -52 -48 -46 -45
-14 -16 -20 -23 -21 -23 -33 -35 -18 -14 -15 -15 -16 -16 -16 -16 -17 -18 -17 -18 -19 -20 -23 -32 -29 -31 -37 -44 -57 -62 -72 -86 -70 -59 -59 -61 -52 -44 -42 -41 -40 -37 -36 -35 -35 -36 -36 -39 -39 -41 -41 -42 -43 -47 -45 -45 -50 -55 -56 -58 -60 -60 -61 -62 -63 -64 -65 -64 -64 -65 -67 -68 -70 -70 -71 -71 -69 -67 -66 -66 -67 -64 -62 -61 -59 -57 -56 -56 -53 -51 -50 -46 -44 -43
-16 -18 -21 -31 -23 -18 -20 -19 -15 -14 -14 -15 -16 -17 -17 -18 -19 -19 -17 -18 -19 -20 -21 -26 -33 -52 -49 -37 -46 -62 -76 -80 -81 -72 -68 -67 -62 -53 -45 -42 -41 -39 -35 -33 -34 -34 -34 -35 -37 -38 -38 -39 -40 -42 -46 -49 -49 -50 -52 -55 -58 -58 -59 -60 -61 -62 -62 -63 -63 -64 -64 -66 -67 -66 -68 -69 -68 -67 -65 -65 -64 -64 -61 -59 -58 -57 -54 -53 -50 -48 -47 -45 -42 -39
-12 -11 -13 -14 -13 -13 -13 -13 -13 -14 -14 -15 -16 -18 -19 -19 -20 -19 -18 -18 -19 -20 -21 -23 -36 -48 -60 -51 -47 -45 -54 -68 -77 -85 -78 -72 -66 -63 -56 -42 -40 -42 -38 -34 -32 -33 -33 -31 -34 -35 -36 -36 -39 -41 -42 -47 -50 -49 -49 -52 -54 -57 -57 -58 -59 -60 -61 -61 -62 -62 -62 -62 -64 -65 -66 -66 -65 -65 -64 -64 -63 -62 -60 -58 -57 -56 -53 -51 -48 -46 -44 -41 -38 -37
-12 -9 -9 -9 -10 -11 -12 -12 -13 -14 -15 -16 -17 -19 -19 -19 -19 -18 -18 -19 -20 -23 -28 -26 -25 -28 -40 -51 -58 -62 -58 -78 -81 -87 -78 -72 -67 -59 -57 -48 -42 -39 -38 -37 -37 -32 -31 -30 -29 -31 -33 -35 -35 -37 -38 -39 -44 -48 -47 -48 -51 -54 -55 -55 -56 -56 -57 -59 -59 -61 -61 -59 -61 -64 -63 -65 -64 -64 -63 -63 -62 -60 -60 -57 -56 -54 -53 -49 -45 -43 -40 -37 -35 -33
-9 -9 -8 -9 -10 -11 -12 -13 -14 -14 -15 -16 -16 -17 -17 -18 -17 -19 -21 -23 -23 -25 -26 -26 -33 -35 -40 -41 -46 -52 -50 -64 -59 -64 -71 -70 -71 -70 -61 -57 -47 -41 -40 -39 -41 -34 -30 -28 -28 -28 -30 -33 -36 -37 -38 -38 -39 -43 -43 -45 -48 -51 -51 -53 -53 -54 -55 -55 -58 -58 -59 -59 -60 -60 -62 -63 -63 -61 -62 -62 -61 -59 -58 -56 -54 -53 -51 -47 -44 -41 -39 -37 -33 -30
-6 -9 -9 -9 -10 -11 -12 -13 -14 -14 -15 -16 -16 -16 -16 -16 -18 -20 -24 -24 -25 -26 -28 -28 -32 -34 -35 -38 -37 -37 -40 -44 -55 -65 -71 -76 -74 -73 -66 -66 -58 -47 -39 -39 -37 -35 -29 -28 -26 -26 -25 -30 -38 -37 -38 -39 -40 -42 -39 -41 -45 -48 -47 -50 -50 -51 -53 -54 -54 -55 -57 -58 -59 -60 -59 -61 -62 -60 -61 -61 -59 -57 -56 -54 -53 -51 -49 -45 -44 -41 -39 -36 -33 -30
-5 -8 -8 -9 -10 -11 -12 -13 -14 -14 -15 -15 -16 -16 -16 -17 -20 -22 -31 -36 -34 -34 -33 -29 -34 -36 -36 -32 -38 -36 -37 -42 -63 -73 -77 -85 -73 -72 -73 -57 -59 -54 -43 -38 -36 -34 -33 -31 -30 -27 -28 -25 -30 -36 -39 -38 -37 -37 -36 -38 -39 -44 -45 -46 -47 -47 -49 -51 -52 -52 -53 -55 -56 -57 -58 -58 -59 -59 -59 -59 -57 -55 -55 -53 -51 -49 -46 -45 -42 -39 -37 -34 -31 -29
-4 -7 -8 -9 -10 -11 -12 -13 -14 -14 -15 -15 -15 -15 -16 -19 -22 -26 -39 -38 -44 -41 -35 -35 -37 -37 -33 -35 -35 -37 -37 -40 -44 -52 -62 -66 -58 -68 -66 -64 -55 -50 -40 -38 -37 -32 -36 -32 -29 -31 -30 -32 -25 -29 -33 -36 -34 -34 -35 -35 -36 -37 -40 -40 -44 -44 -44 -46 -48 -49 -49 -52 -53 -54 -55 -55 -56 -57 -57 -56 -54 -53 -52 -50 -48 -45 -44 -42 -39 -36 -34 -31 -28 -25
-3 -6 -7 -8 -9 -10 -12 -13 -14 -14 -15 -14 -14 -14 -15 -16 -18 -19 -27 -55 -70 -55 -52 -47 -38 -39 -35 -34 -34 -35 -36 -36 -38 -45 -64 -75 -56 -62 -75 -68 -68 -63 -46 -34 -35 -30 -33 -32 -30 -26 -27 -29 -25 -25 -30 -32 -33 -32 -32 -34 -33 -32 -33 -35 -39 -41 -40 -41 -43 -45 -46 -47 -48 -50 -52 -52 -54 -54 -54 -53 -51 -49 -47 -45 -43 -43 -40 -38 -35 -32 -30 -27 -24 -21
-3 -5 -6 -7 -8 -10 -11 -12 -13 -14 -14 -14 -14 -14 -14 -15 -25 -38 -25 -43 -69 -67 -72 -69 -50 -41 -34 -32 -32 -33 -34 -34 -36 -42 -49 -65 -67 -64 -58 -68 -68 -67 -54 -37 -34 -26 -30 -32 -28 -28 -24 -26 -24 -20 -25 -28 -28 -31 -31 -30 -32 -33 -31 -30 -32 -36 -37 -37 -37 -39 -40 -41 -43 -45 -46 -47 -48 -50 -49 -48 -46 -45 -43 -41 -40 -38 -36 -34 -31 -28 -25 -23 -20 -17
-3 -5 -6 -7 -8 -9 -10 -11 -12 -13 -13 -13 -13 -13 -13 -15 -16 -28 -34 -39 -62 -52 -56 -57 -48 -42 -30 -29 -30 -31 -31 -32 -34 -38 -43 -51 -52 -73 -52 -62 -69 -60 -44 -39 -33 -27 -27 -28 -27 -24 -21 -22 -19 -18 -23 -24 -25 -24 -27 -27 -29 -28 -30 -30 -27 -28 -32 -32 -33 -32 -33 -35 -37 -39 -41 -43 -44 -45 -45 -44 -42 -41 -38 -36 -34 -32 -31 -29 -26 -23 -20 -18 -16 -13
-2 -3 -4 -5 -7 -7 -8 -9 -10 -12 -12 -12 -12 -14 -21 -20 -25 -23 -27 -24 -34 -40 -45 -54 -49 -33 -25 -28 -29 -29 -32 -33 -35 -36 -40 -42 -46 -53 -64 -50 -58 -67 -51 -35 -27 -28 -21 -22 -21 -18 -18 -19 -14 -17 -21 -19 -20 -22 -23 -21 -23 -23 -24 -24 -25 -24 -25 -26 -26 -27 -28 -30 -32 -34 -36 -38 -38 -39 -39 -38 -37 -35 -32 -30 -28 -26 -24 -21 -19 -16 -14 -12 -10 -7
0 -1 -2 -3 -4 -5 -6 -7 -8 -9 -10 -11 -12 -13 -17 -18 -18 -24 -24 -30 -26 -30 -37 -38 -35 -22 -25 -26 -29 -31 -33 -36 -37 -40 -40 -38 -41 -40 -47 -55 -48 -48 -57 -48 -35 -31 -21 -16 -15 -14 -18 -18 -11 -16 -17 -14 -16 -18 -18 -16 -17 -17 -18 -18 -19 -20 -19 -19 -20 -22 -23 -24 -26 -28 -30 -31 -31 -32 -32 -31 -29 -27 -25 -23 -20 -18 -16 -13 -11 -10 -8 -6 -4 -0
2 1 0 -1 -1 -3 -4 -4 -5 -6 -7 -9 -10 -13 -13 -13 -13 -14 -19 -19 -22 -18 -26 -21 -22 -24 -25 -28 -30 -34 -33 -34 -36 -36 -36 -36 -45 -39 -45 -43 -37 -50 -65 -52 -33 -28 -18 -11 -10 -12 -15 -12 -8 -11 -12 -10 -14 -14 -12 -12 -12 -11 -12 -12 -12 -13 -12 -12 -14 -16 -17 -18 -20 -22 -23 -23 -24 -24 -23 -22 -21 -19 -17 -14 -12 -10 -7 -5 -3 -2 -1 0 3 6
5 4 3 2 2 1 -0 -1 -1 -2 -3 -4 -5 -6 -7 -9 -12 -22 -37 -44 -33 -18 -19 -31 -45 -49 -53 -43 -33 -29 -30 -33 -36 -36 -38 -39 -40 -34 -35 -41 -42 -61 -74 -60 -37 -27 -13 -6 -4 -6 -7 -8 -3 -7 -7 -6 -8 -7 -6 -5 -6 -5 -5 -5 -5 -5 -5 -7 -8 -9 -11 -12 -13 -13 -14 -15 -16 -16 -15 -14 -12 -11 -10 -8 -6 -3 0 3 5 6 6 8 10 13
8 7 6 6 5 4 4 3 2 2 0 -1 -3 -5 -8 -8 -10 -26 -32 -37 -30 -21 -30 -48 -68 -69 -81 -76 -66 -42 -65 -84 -94 -88 -76 -60 -44 -53 -52 -58 -54 -58 -61 -54 -39 -22 -11 -3 -1 -0 -2 -3 1 -3 -2 -1 -2 -1 -0 0 1 1 2 2 3 2 0 -1 -2 -3 -4 -5 -6 -6 -7 -7 -7 -4 -4 -6 -6 -6 -5 -2 0 3 6 11 16 16 15 16 18 21
10 10 9 9 9 8 8 7 7 5 4 2 -0 -3 -9 -10 -14 -11 -35 -57 -62 -68 -48 -40 -45 -78 -78 -58 -53 -39 -49 -60 -65 -74 -65 -64 -86 -68 -67 -63 -53 -41 -36 -28 -21 -17 -6 -1 1 3 4 4 5 5 4 4 4 5 6 7 7 7 7 8 8 7 6 5 4 4 3 3 2 1 2 1 6 -9999 7 -3 -2 1 4 6 7 10 14 18 23 25 24 24 26 28
11 11 10 11 12 12 13 12 11 10 8 6 3 -2 -9 -17 -36 -24 -37 -73 -66 -60 -48 -48 -38 -51 -54 -59 -53 -35 -32 -34 -36 -37 -38 -53 -55 -47 -44 -35 -28 -24 -21 -15 -9 -6 -1 2 4 5 7 8 8 4 5 8 10 10 11 12 13 13 14 14 14 13 13 12 12 11 11 10 10 11 10 10 11 13 12 11 12 15 15 14 17 20 22 24 26 28 28 29 30 34
14 10 8 10 14 16 18 17 14 12 11 9 4 4 -12 -26 -40 -21 -36 -45 -27 -22 -13 -10 -11 -14 -18 -21 -18 -16 -18 -24 -25 -24 -28 -28 -26 -24 -22 -17 -14 -13 -13 -9 -1 1 2 4 6 8 10 11 12 9 5 8 10 12 16 17 18 19 20 20 21 20 19 19 19 18 18 19 19 21 20 18 19 20 21 23 24 25 26 27 29 28 28 26 26 25 25 29 27 32
20 19 19 19 20 21 23 23 20 15 12 11 9 4 -9 -16 -13 -23 -19 -23 -14 -6 -4 -3 -7 -9 -12 -13 -12 -9 -16 -20 -18 -16 -19 -17 -15 -12 -11 -8 -4 -3 -1 1 2 3 5 7 8 10 12 14 15 10 5 12 16 20 21 22 23 24 26 27 27 27 26 26 27 28 30 29 29 31 31 30 30 32 33 34 35 36 36 37 39 37 32 28 24 20 10 13 25 31
24 23 23 23 24 24 25 23 24 21 18 15 10 7 -7 -7 -18 -19 -3 -7 -4 -2 -2 -1 -2 -4 -8 -6 -8 -5 -10 -12 -12 -10 -9 -8 -8 -6 -5 -3 -1 1 2 4 4 6 7 9 11 13 16 17 17 13 9 16 22 25 27 29 30 30 32 32 33 33 33 33 35 38 40 37 38 39 39 39 -9999 -9999 -9999 41 44 44 45 45 47 40 36 30 25 13 24 49 55 56
