resultados/variables_proyeccion_tiempo/variables_paleo_21k/bio12.asc
ncols 330
nrows 228
xllcorner -12.000000
yllcorner 34.000000
cellsize 0.166667
NODATA_value -9999
[rows 126 to 167 of 228, columns 0 to 92 of 330]
-9999 -9999 -9999 -9999 -9999 1366 1385 1388 1384 1382 1381 1380 1360 1338 1316 1288 1259 1228 1197 1165 1134 1114 1092 1072 1053 1036 1017 1005 993 980 964 947 931 914 899 888 880 871 865 860 856 854 852 848 884 1009 1013 1027 1047 1081 1077 985 969 943 862 824 812 816 819 827 810 803 790 790 818 862 887 878 792 726 698 715 719 741 739 733 699 682 655 628 608 604 632 635 652 671 687 692 693 700 721 739 753
-9999 -9999 -9999 -9999 -9999 1372 1385 1386 1383 1385 1380 1376 1363 1346 1322 1293 1260 1242 1214 1184 1160 1142 1122 1095 1079 1057 1041 1025 1007 992 977 963 948 935 923 913 904 898 894 889 886 881 871 879 946 979 1021 1064 1090 1012 918 858 898 872 844 826 862 838 820 809 816 812 803 815 834 841 842 829 777 731 708 714 734 758 731 711 694 676 654 635 615 620 642 676 683 674 684 687 691 691 701 720 739
-9999 -9999 -9999 -9999 -9999 -9999 -9999 1381 1384 1386 1388 1372 1366 1343 1326 1306 1285 1257 1225 1199 1183 1160 1132 1116 1092 1071 1055 1044 1028 1006 989 976 966 953 941 936 927 924 922 917 914 921 939 987 1073 1022 1009 1115 1189 1036 906 816 785 779 781 776 786 804 809 829 824 816 814 836 857 838 828 805 775 745 726 722 727 731 723 709 694 675 651 633 619 622 652 686 692 692 677 671 671 677 687 707 726
-9999 -9999 -9999 -9999 -9999 -9999 -9999 1388 1393 1414 1398 1389 1378 1353 1337 1312 1289 1270 1242 1213 1188 1167 1149 1124 1104 1091 1081 1064 1041 1021 1009 1000 988 976 966 960 955 953 952 954 962 988 1026 1013 1007 1001 973 998 1050 947 892 814 780 773 777 779 784 795 805 819 829 832 831 835 839 832 816 798 777 757 740 733 730 725 718 705 688 670 654 640 627 627 639 654 668 682 695 688 678 666 671 682 702
-9999 -9999 -9999 -9999 -9999 -9999 1379 1394 1401 1409 1391 1382 1370 1356 1333 1325 1312 1268 1243 1224 1206 1183 1158 1138 1127 1113 1094 1077 1060 1042 1027 1014 1006 995 987 982 981 983 1007 1009 1052 1033 1014 976 951 928 926 922 915 915 852 810 789 784 781 783 790 799 810 825 836 842 842 842 834 819 806 792 775 758 742 731 724 718 707 696 683 665 651 637 627 631 638 651 662 672 686 684 671 667 666 676 697
-9999 -9999 -9999 -9999 -9999 -9999 1395 1404 1406 1408 1400 1388 1375 1356 1344 1343 1307 1275 1256 1239 1223 1209 1177 1156 1141 1122 1102 1085 1072 1059 1046 1039 1024 1020 1014 1003 997 1017 1057 1020 1048 1040 980 951 937 926 915 898 876 854 830 809 799 795 789 790 795 804 816 831 841 850 852 846 835 818 804 786 768 751 736 724 713 703 697 686 672 658 643 639 656 662 654 650 660 672 672 676 675 674 675 681 706
-9999 -9999 -9999 -9999 -9999 -9999 1408 1420 1405 1421 1398 1383 1375 1361 1345 1331 1307 1286 1273 1269 1249 1216 1184 1169 1163 1128 1115 1101 1083 1068 1061 1052 1044 1061 1064 1034 1015 1004 998 994 1003 992 974 962 949 933 917 900 879 856 834 817 809 798 794 795 802 807 825 842 856 869 872 861 843 819 798 777 756 739 726 712 699 691 684 683 678 676 679 696 698 691 681 665 653 646 644 644 645 641 649 656 666
-9999 -9999 -9999 -9999 -9999 -9999 1388 1407 1413 1409 1396 1387 1383 1360 1338 1338 1321 1293 1271 1267 1234 1217 1192 1177 1158 1142 1130 1117 1098 1086 1073 1063 1056 1050 1044 1031 1023 1015 1004 998 994 992 983 972 959 942 923 902 881 859 839 830 816 804 798 800 807 819 846 866 894 906 907 889 858 825 795 770 748 731 716 701 697 706 718 723 721 717 715 712 698 706 694 682 661 651 642 639 636 628 625 627 625
-9999 -9999 -9999 -9999 -9999 1389 1400 1417 1415 1414 1416 1410 1374 1355 1344 1330 1318 1291 1272 1268 1240 1227 1199 1182 1166 1155 1154 1127 1110 1095 1085 1077 1069 1061 1049 1040 1031 1023 1014 1009 1005 1000 992 982 967 947 926 904 884 865 851 828 806 800 799 805 818 833 853 868 892 941 939 915 854 815 787 762 739 721 704 691 706 725 725 723 712 715 714 708 699 681 683 672 668 660 653 639 632 623 617 606 620
-9999 -9999 -9999 -9999 1390 1401 1406 1416 1420 1433 1416 1414 1381 1363 1347 1331 1319 1306 1288 1264 1244 1230 1206 1201 1184 1167 1145 1136 1124 1111 1100 1095 1082 1072 1061 1054 1048 1043 1031 1026 1018 1011 1003 989 973 955 935 915 898 877 853 826 809 800 800 811 831 835 847 858 868 897 886 862 833 802 780 748 726 702 682 676 687 698 690 689 689 668 672 691 669 672 657 663 646 640 645 634 621 615 624 615 608
-9999 -9999 -9999 -9999 1393 1409 1404 1411 1397 1400 1402 1372 1367 1361 1335 1331 1318 1302 1288 1249 1228 1233 1223 1203 1188 1177 1161 1152 1133 1123 1125 1114 1095 1084 1074 1066 1060 1050 1042 1038 1033 1024 1014 1007 988 972 951 926 903 879 863 842 814 798 791 795 806 817 839 858 841 844 849 836 810 793 779 756 727 702 687 690 707 704 714 701 680 675 651 633 643 639 634 640 653 647 632 632 631 633 629 619 612
-9999 -9999 -9999 -9999 -9999 1405 1398 1405 1409 1404 1393 1373 1362 1357 1341 1329 1325 1304 1286 1286 1288 1248 1224 1211 1192 1182 1172 1156 1139 1128 1122 1112 1106 1097 1086 1082 1074 1065 1057 1050 1042 1034 1028 1018 1004 976 957 937 917 900 881 856 825 800 789 779 783 798 801 812 816 812 816 830 817 798 794 781 746 708 696 683 701 710 714 692 671 658 635 616 616 615 631 629 628 637 643 641 632 624 617 623 622
-9999 -9999 -9999 -9999 -9999 -9999 -9999 1390 1398 1388 1382 1386 1366 1351 1339 1330 1326 1321 1306 1279 1258 1240 1206 1189 1180 1177 1163 1164 1153 1144 1130 1120 1113 1105 1100 1094 1085 1077 1069 1064 1056 1050 1042 1027 1011 997 983 967 946 920 894 866 837 809 785 772 769 779 777 783 783 783 785 802 813 800 785 793 764 739 736 701 717 727 719 699 676 655 629 614 606 619 616 619 619 620 627 626 622 620 620 619 628
-9999 -9999 -9999 -9999 -9999 -9999 -9999 -9999 -9999 1364 1371 1359 1346 1338 1338 1329 1314 1292 1270 1273 1254 1240 1247 1231 1211 1199 1176 1169 1168 1151 1140 1132 1123 1115 1106 1103 1098 1090 1081 1080 1075 1064 1054 1044 1044 1039 1026 1003 973 943 920 904 867 836 802 764 760 764 758 752 751 748 761 782 793 807 818 801 772 760 751 737 725 728 735 712 680 654 635 618 610 616 627 627 632 627 618 628 629 622 619 622 626
-9999 -9999 -9999 -9999 -9999 -9999 -9999 -9999 -9999 -9999 -9999 -9999 -9999 1324 1323 1328 1320 1310 1291 1284 1270 1260 1237 1222 1227 1215 1195 1177 1169 1153 1145 1139 1136 1127 1120 1116 1112 1105 1095 1090 1083 1072 1084 1096 1109 1103 1082 1059 1022 1002 985 948 920 872 844 785 779 784 758 747 740 737 746 750 768 771 776 764 760 765 772 776 747 711 704 706 687 676 652 641 627 615 622 625 622 618 616 618 618 623 625 622 621
-9999 -9999 -9999 -9999 -9999 -9999 -9999 -9999 -9999 -9999 -9999 -9999 -9999 -9999 -9999 1327 1322 1305 1283 1274 1270 1252 1244 1226 1215 1204 1193 1186 1174 1171 1178 1150 1138 1147 1136 1132 1132 1112 1108 1098 1094 1126 1125 1138 1142 1123 1106 1099 1102 1059 1020 994 977 934 900 858 813 791 769 754 740 749 752 756 771 776 776 759 744 763 769 751 716 710 691 683 666 663 664 637 623 616 619 621 622 623 622 622 619 620 611 608 610
-9999 -9999 -9999 -9999 -9999 -9999 -9999 -9999 -9999 -9999 -9999 -9999 -9999 -9999 1306 1319 1299 1283 1264 1257 1254 1251 1229 1223 1217 1206 1199 1190 1180 1173 1168 1156 1151 1145 1147 1138 1131 1125 1117 1113 1108 1105 1107 1108 1117 1107 1107 1090 1067 1033 1010 999 967 935 904 882 861 824 782 757 751 739 740 745 747 754 750 742 737 751 759 732 696 681 670 670 660 670 652 630 619 616 613 616 618 624 623 625 622 630 636 623 636
-9999 -9999 -9999 -9999 -9999 -9999 -9999 -9999 -9999 -9999 -9999 -9999 -9999 -9999 -9999 -9999 -9999 -9999 -9999 -9999 -9999 -9999 -9999 1215 1217 1203 1198 1196 1182 1177 1171 1167 1154 1141 1129 1136 1136 1129 1124 1135 1124 1110 1115 1127 1122 1117 1121 1104 1087 1068 1027 1000 970 931 884 859 833 805 788 767 735 709 719 734 739 744 738 720 716 718 740 721 703 678 669 661 662 660 642 625 616 613 611 614 622 626 626 622 626 638 649 638 653
-9999 -9999 -9999 -9999 -9999 -9999 -9999 -9999 -9999 -9999 -9999 -9999 -9999 -9999 -9999 -9999 -9999 -9999 -9999 -9999 -9999 -9999 -9999 -9999 1205 1197 1192 1189 1186 1185 1174 1157 1159 1157 1152 1150 1144 1139 1127 1122 1120 1126 1135 1133 1118 1115 1114 1077 1063 1042 1006 975 954 918 893 872 845 806 797 769 746 729 734 735 735 722 709 696 698 695 705 700 686 675 677 672 656 647 638 623 620 615 612 616 621 631 637 634 636 650 655 656 632
-9999 -9999 -9999 -9999 -9999 -9999 -9999 -9999 -9999 -9999 -9999 -9999 -9999 -9999 -9999 -9999 -9999 -9999 -9999 -9999 -9999 -9999 -9999 -9999 -9999 -9999 -9999 1188 1193 1190 1175 1173 1169 1164 1159 1154 1152 1140 1138 1132 1127 1119 1112 1106 1097 1089 1079 1060 1039 1008 982 962 934 913 896 879 857 822 794 768 754 742 744 742 735 710 686 675 672 670 679 683 679 672 672 655 647 638 630 626 623 617 619 624 633 640 647 655 660 666 673 681 667
-9999 -9999 -9999 -9999 -9999 -9999 -9999 -9999 -9999 -9999 -9999 -9999 -9999 -9999 -9999 -9999 -9999 -9999 -9999 -9999 -9999 -9999 -9999 -9999 -9999 -9999 -9999 1177 1196 1180 1178 1175 1163 1174 1171 1158 1157 1147 1146 1139 1130 1125 1117 1103 1090 1076 1058 1041 1026 995 970 946 918 914 889 866 847 834 809 784 772 766 754 740 720 703 682 663 644 651 666 674 671 665 664 658 660 646 640 632 626 626 630 634 645 655 667 679 677 682 698 703 699
-9999 -9999 -9999 -9999 -9999 -9999 -9999 -9999 -9999 -9999 -9999 -9999 -9999 -9999 -9999 -9999 -9999 -9999 -9999 -9999 -9999 -9999 -9999 -9999 -9999 -9999 -9999 -9999 -9999 -9999 -9999 -9999 -9999 1165 1160 1162 1162 1158 1155 1141 1121 1128 1122 1111 1097 1082 1066 1044 1022 998 974 940 934 910 893 875 854 839 813 798 794 787 765 741 721 701 682 661 646 649 653 658 667 665 662 653 649 645 646 643 641 640 639 643 651 668 693 717 713 692 709 719 711
-9999 -9999 -9999 -9999 -9999 -9999 -9999 -9999 -9999 -9999 -9999 -9999 -9999 -9999 -9999 -9999 -9999 -9999 -9999 -9999 -9999 -9999 -9999 -9999 -9999 -9999 -9999 -9999 -9999 -9999 -9999 -9999 -9999 -9999 -9999 1146 1150 1144 1141 1138 1138 1138 1130 1118 1104 1089 1073 1051 1031 1011 988 967 952 942 902 886 870 853 832 817 804 800 775 749 742 724 710 688 672 666 670 659 659 661 664 663 662 659 662 667 655 649 651 656 665 681 709 724 720 708 721 748 742
-9999 -9999 -9999 -9999 -9999 -9999 -9999 -9999 -9999 -9999 -9999 -9999 -9999 -9999 -9999 -9999 -9999 -9999 -9999 -9999 -9999 -9999 -9999 -9999 -9999 -9999 -9999 -9999 -9999 -9999 -9999 -9999 -9999 -9999 -9999 -9999 -9999 -9999 1136 1150 1156 1147 1140 1124 1113 1100 1079 1064 1046 1025 1003 979 962 944 925 905 888 867 847 831 819 802 776 761 745 738 724 723 711 692 676 670 672 665 667 667 677 682 682 685 687 679 672 673 674 684 700 709 722 728 739 749 762
-9999 -9999 -9999 -9999 -9999 -9999 -9999 -9999 -9999 -9999 -9999 -9999 -9999 -9999 -9999 -9999 -9999 -9999 -9999 -9999 -9999 -9999 -9999 -9999 -9999 -9999 -9999 -9999 -9999 -9999 -9999 -9999 -9999 -9999 -9999 -9999 -9999 -9999 -9999 -9999 1128 1132 1143 1130 1119 1106 1088 1072 1061 1044 1022 999 976 958 941 922 903 884 863 844 828 816 791 773 758 754 757 748 736 726 709 693 684 684 688 684 691 702 706 702 699 699 696 690 694 704 714 716 729 736 738 737 743
-9999 -9999 -9999 -9999 -9999 -9999 -9999 -9999 -9999 -9999 -9999 -9999 -9999 -9999 -9999 -9999 -9999 -9999 -9999 -9999 -9999 -9999 -9999 -9999 -9999 -9999 -9999 -9999 -9999 -9999 -9999 -9999 -9999 -9999 -9999 -9999 -9999 -9999 -9999 -9999 -9999 -9999 1135 1132 1128 1117 1099 1082 1071 1058 1041 1019 998 974 956 938 919 905 884 856 840 830 802 786 772 754 755 768 768 766 746 732 713 700 696 709 724 723 726 726 729 727 722 724 725 718 718 722 729 735 734 738 734
-9999 -9999 -9999 -9999 -9999 -9999 -9999 -9999 -9999 -9999 -9999 -9999 -9999 -9999 -9999 -9999 -9999 -9999 -9999 -9999 -9999 -9999 -9999 -9999 -9999 -9999 -9999 -9999 -9999 -9999 -9999 -9999 -9999 -9999 -9999 -9999 -9999 -9999 -9999 -9999 -9999 -9999 -9999 1144 1163 1137 1129 1102 1085 1071 1056 1040 1019 998 976 957 937 915 896 871 847 838 819 789 765 753 754 760 778 790 787 774 748 726 726 740 758 763 769 773 777 774 771 763 754 750 740 726 748 745 746 742 745
-9999 -9999 -9999 -9999 -9999 -9999 -9999 -9999 -9999 -9999 -9999 -9999 -9999 -9999 -9999 -9999 -9999 -9999 -9999 -9999 -9999 -9999 -9999 -9999 -9999 -9999 -9999 -9999 -9999 -9999 -9999 -9999 -9999 -9999 -9999 -9999 -9999 -9999 -9999 -9999 -9999 -9999 -9999 -9999 1168 1146 1150 1148 1112 1095 1074 1057 1042 1020 1000 980 961 941 918 894 865 842 816 792 761 745 745 751 769 786 798 792 777 760 763 775 789 805 823 833 849 842 836 830 812 811 784 739 741 745 768 744 738
-9999 -9999 -9999 -9999 -9999 -9999 -9999 -9999 -9999 -9999 -9999 -9999 -9999 -9999 -9999 -9999 -9999 -9999 -9999 -9999 -9999 -9999 -9999 -9999 -9999 -9999 -9999 -9999 -9999 -9999 -9999 -9999 -9999 -9999 -9999 -9999 -9999 -9999 -9999 -9999 -9999 -9999 -9999 -9999 -9999 -9999 1107 1144 1145 1132 1113 1081 1061 1049 1031 1010 994 975 947 918 888 856 826 797 769 760 765 776 791 812 830 834 816 810 814 827 851 876 897 917 927 917 901 868 849 822 799 767 771 767 744 728 737
-9999 -9999 -9999 -9999 -9999 -9999 -9999 -9999 -9999 -9999 -9999 -9999 -9999 -9999 -9999 -9999 -9999 -9999 -9999 -9999 -9999 -9999 -9999 -9999 -9999 -9999 -9999 -9999 -9999 -9999 -9999 -9999 -9999 -9999 -9999 -9999 -9999 -9999 -9999 -9999 -9999 -9999 -9999 -9999 -9999 -9999 -9999 1153 1182 1194 1160 1112 1088 1082 1067 1042 1018 999 976 946 915 885 852 824 795 780 789 803 819 832 844 846 847 843 860 879 902 943 966 993 1004 982 954 931 881 850 833 807 813 773 733 718 732
-9999 -9999 -9999 -9999 -9999 -9999 -9999 -9999 -9999 -9999 -9999 -9999 -9999 -9999 -9999 -9999 -9999 -9999 -9999 -9999 -9999 -9999 -9999 -9999 -9999 -9999 -9999 -9999 -9999 -9999 -9999 -9999 -9999 -9999 -9999 -9999 -9999 -9999 -9999 -9999 -9999 -9999 -9999 -9999 -9999 -9999 -9999 -9999 1121 1175 1189 1168 1136 1124 1106 1079 1050 1027 1005 977 947 918 889 860 841 826 824 830 843 850 863 867 862 866 891 920 946 988 1026 1066 1051 1016 992 974 930 888 875 839 801 814 702 673 692
-9999 -9999 -9999 -9999 -9999 -9999 -9999 -9999 -9999 -9999 -9999 -9999 -9999 -9999 -9999 -9999 -9999 -9999 -9999 -9999 -9999 -9999 -9999 -9999 -9999 -9999 -9999 -9999 -9999 -9999 -9999 -9999 -9999 -9999 -9999 -9999 -9999 -9999 -9999 -9999 -9999 -9999 -9999 -9999 -9999 -9999 -9999 -9999 -9999 1143 1201 1216 1198 1160 1140 1115 1085 1061 1039 1014 987 959 932 907 889 873 868 872 871 873 868 888 882 896 912 965 998 1035 1071 1099 1082 1035 1014 1007 996 945 904 863 866 856 709 656 684
-9999 -9999 -9999 -9999 -9999 -9999 -9999 -9999 -9999 -9999 -9999 -9999 -9999 -9999 -9999 -9999 -9999 -9999 -9999 -9999 -9999 -9999 -9999 -9999 -9999 -9999 -9999 -9999 -9999 -9999 -9999 -9999 -9999 -9999 -9999 -9999 -9999 -9999 -9999 -9999 -9999 -9999 -9999 -9999 -9999 -9999 -9999 -9999 -9999 -9999 -9999 1196 1210 1177 1159 1150 1123 1101 1082 1059 1032 1005 978 956 937 922 909 907 901 898 899 902 908 929 940 969 1015 1058 1088 1098 1080 1051 1017 1028 1008 926 892 875 968 925 736 672 712
-9999 -9999 -9999 -9999 -9999 -9999 -9999 -9999 -9999 -9999 -9999 -9999 -9999 -9999 -9999 -9999 -9999 -9999 -9999 -9999 -9999 -9999 -9999 -9999 -9999 -9999 -9999 -9999 -9999 -9999 -9999 -9999 -9999 -9999 -9999 -9999 -9999 -9999 -9999 -9999 -9999 -9999 -9999 -9999 -9999 -9999 -9999 -9999 -9999 -9999 -9999 -9999 1210 1212 1197 1203 1188 1158 1132 1109 1082 1054 1028 1006 989 970 947 935 936 932 935 937 942 941 952 971 984 1011 1045 1056 1046 1015 991 994 948 903 849 844 913 953 831 677 714
-9999 -9999 -9999 -9999 -9999 -9999 -9999 -9999 -9999 -9999 -9999 -9999 -9999 -9999 -9999 -9999 -9999 -9999 -9999 -9999 -9999 -9999 -9999 -9999 -9999 -9999 -9999 -9999 -9999 -9999 -9999 -9999 -9999 -9999 -9999 -9999 -9999 -9999 -9999 -9999 -9999 -9999 -9999 -9999 -9999 -9999 -9999 -9999 -9999 -9999 -9999 -9999 -9999 1263 1253 1281 1274 1243 1203 1166 1134 1107 1083 1061 1041 1022 997 970 959 961 960 952 941 942 959 967 975 978 996 997 960 972 960 954 921 882 880 937 934 946 824 739 686
-9999 -9999 -9999 -9999 -9999 -9999 -9999 -9999 -9999 -9999 -9999 -9999 -9999 -9999 -9999 -9999 -9999 -9999 -9999 -9999 -9999 -9999 -9999 -9999 -9999 -9999 -9999 -9999 -9999 -9999 -9999 -9999 -9999 -9999 -9999 -9999 -9999 -9999 -9999 -9999 -9999 -9999 -9999 -9999 -9999 -9999 -9999 -9999 -9999 -9999 -9999 -9999 -9999 -9999 -9999 1275 1272 1257 1274 1235 1186 1159 1137 1115 1095 1072 1043 1009 991 979 969 951 952 949 955 966 982 987 969 956 949 935 935 911 915 898 908 981 1030 909 835 846 760
-9999 -9999 -9999 -9999 -9999 -9999 -9999 -9999 -9999 -9999 -9999 -9999 -9999 -9999 -9999 -9999 -9999 -9999 -9999 -9999 -9999 -9999 -9999 -9999 -9999 -9999 -9999 -9999 -9999 -9999 -9999 -9999 -9999 -9999 -9999 -9999 -9999 -9999 -9999 -9999 -9999 -9999 -9999 -9999 -9999 -9999 -9999 -9999 -9999 -9999 -9999 -9999 -9999 -9999 -9999 -9999 -9999 -9999 1255 1292 1265 1223 1189 1166 1146 1124 1091 1052 1015 1000 979 972 958 953 948 950 955 948 944 941 924 907 892 894 942 903 886 887 909 874 832 830 904
-9999 -9999 -9999 -9999 -9999 -9999 -9999 -9999 -9999 -9999 -9999 -9999 -9999 -9999 -9999 -9999 -9999 -9999 -9999 -9999 -9999 -9999 -9999 -9999 -9999 -9999 -9999 -9999 -9999 -9999 -9999 -9999 -9999 -9999 -9999 -9999 -9999 -9999 -9999 -9999 -9999 -9999 -9999 -9999 -9999 -9999 -9999 -9999 -9999 -9999 -9999 -9999 -9999 -9999 -9999 -9999 -9999 -9999 -9999 1295 1325 1290 1248 1227 1207 1173 1139 1098 1056 1038 1018 993 977 964 950 941 942 952 948 924 922 924 921 921 920 876 890 843 872 943 924 883 884
-9999 -9999 -9999 -9999 -9999 -9999 -9999 -9999 -9999 -9999 -9999 -9999 -9999 -9999 -9999 -9999 -9999 -9999 -9999 -9999 -9999 -9999 -9999 -9999 -9999 -9999 -9999 -9999 -9999 -9999 -9999 -9999 -9999 -9999 -9999 -9999 -9999 -9999 -9999 -9999 -9999 -9999 -9999 -9999 -9999 -9999 -9999 -9999 -9999 -9999 -9999 -9999 -9999 -9999 -9999 -9999 -9999 -9999 -9999 -9999 1343 1338 1310 1289 1276 1232 1184 1151 1108 1064 1035 1004 977 958 943 934 925 940 944 940 943 941 912 885 862 844 839 829 834 902 973 871 870
-9999 -9999 -9999 -9999 -9999 -9999 -9999 -9999 -9999 -9999 -9999 -9999 -9999 -9999 -9999 -9999 -9999 -9999 -9999 -9999 -9999 -9999 -9999 -9999 -9999 -9999 -9999 -9999 -9999 -9999 -9999 -9999 -9999 -9999 -9999 -9999 -9999 -9999 -9999 -9999 -9999 -9999 -9999 -9999 -9999 -9999 -9999 -9999 -9999 -9999 -9999 -9999 -9999 -9999 -9999 -9999 -9999 -9999 -9999 -9999 1384 1384 1368 1352 1340 1296 1246 1192 1149 1101 1072 1042 995 950 933 916 911 913 933 936 932 919 910 903 900 901 872 854 846 820 832 832 846
-9999 -9999 -9999 -9999 -9999 -9999 -9999 -9999 -9999 -9999 -9999 -9999 -9999 -9999 -9999 -9999 -9999 -9999 -9999 -9999 -9999 -9999 -9999 -9999 -9999 -9999 -9999 -9999 -9999 -9999 -9999 -9999 -9999 -9999 -9999 -9999 -9999 -9999 -9999 -9999 -9999 -9999 -9999 -9999 -9999 -9999 -9999 -9999 -9999 -9999 -9999 -9999 -9999 -9999 -9999 -9999 -9999 -9999 -9999 -9999 1454 1456 1436 1415 1404 1357 1303 1242 1193 1146 1100 1060 1015 969 930 909 910 913 912 910 911 904 919 911 916 924 915 897 911 906 844 854 892
-9999 -9999 -9999 -9999 -9999 -9999 -9999 -9999 -9999 -9999 -9999 -9999 -9999 -9999 -9999 -9999 -9999 -9999 -9999 -9999 -9999 -9999 -9999 1200 1194 1193 1171 1184 1170 -9999 -9999 -9999 -9999 -9999 -9999 -9999 -9999 -9999 -9999 -9999 -9999 -9999 -9999 -9999 -9999 -9999 -9999 -9999 -9999 -9999 -9999 -9999 -9999 -9999 -9999 -9999 -9999 -9999 -9999 -9999 1524 1532 1502 1483 1469 1416 1352 1285 1220 1163 1112 1076 1028 975 938 911 891 883 876 870 872 876 915 890 894 892 892 901 893 852 839 860 915
