resultados/variables_proyeccion_tiempo/variables_paleo_21k/bio13.asc
ncols 330
nrows 228
xllcorner -12.000000
yllcorner 34.000000
cellsize 0.166667
NODATA_value -9999
[rows 53 to 105 of 228, columns 0 to 95 of 330]
-9999 -9999 -9999 -9999 -9999 -9999 -9999 -9999 -9999 -9999 -9999 -9999 -9999 -9999 -9999 -9999 -9999 -9999 -9999 -9999 -9999 -9999 -9999 -9999 -9999 -9999 -9999 -9999 -9999 -9999 -9999 -9999 -9999 -9999 -9999 -9999 -9999 -9999 -9999 -9999 -9999 -9999 -9999 -9999 -9999 -9999 -9999 -9999 -9999 -9999 -9999 -9999 -9999 -9999 -9999 -9999 -9999 -9999 -9999 -9999 -9999 -9999 -9999 -9999 -9999 -9999 -9999 -9999 -9999 -9999 -9999 -9999 -9999 -9999 -9999 -9999 -9999 -9999 -9999 -9999 -9999 -9999 -9999 -9999 -9999 -9999 -9999 -9999 -9999 -9999 -9999 -9999 -9999 -9999 -9999 -9999
-9999 -9999 -9999 -9999 -9999 -9999 -9999 -9999 -9999 -9999 -9999 -9999 -9999 -9999 -9999 -9999 -9999 -9999 -9999 -9999 -9999 -9999 -9999 -9999 -9999 -9999 -9999 -9999 -9999 -9999 -9999 -9999 -9999 -9999 -9999 -9999 -9999 -9999 -9999 -9999 -9999 -9999 -9999 -9999 -9999 -9999 -9999 -9999 -9999 -9999 -9999 -9999 -9999 -9999 -9999 -9999 -9999 -9999 -9999 -9999 -9999 -9999 -9999 -9999 -9999 -9999 -9999 -9999 -9999 -9999 -9999 -9999 -9999 -9999 -9999 -9999 -9999 -9999 -9999 -9999 -9999 -9999 -9999 -9999 -9999 -9999 -9999 -9999 -9999 -9999 -9999 -9999 -9999 -9999 -9999 -9999
-9999 -9999 -9999 -9999 -9999 -9999 -9999 -9999 -9999 -9999 -9999 -9999 -9999 -9999 -9999 -9999 -9999 -9999 -9999 -9999 -9999 -9999 -9999 -9999 -9999 -9999 -9999 -9999 166 166 164 160 158 154 152 -9999 -9999 -9999 -9999 -9999 -9999 -9999 -9999 -9999 -9999 -9999 -9999 -9999 -9999 -9999 -9999 -9999 -9999 -9999 -9999 -9999 -9999 -9999 -9999 -9999 -9999 -9999 -9999 -9999 -9999 -9999 -9999 -9999 -9999 -9999 -9999 -9999 -9999 -9999 -9999 -9999 -9999 -9999 -9999 -9999 -9999 -9999 -9999 -9999 -9999 -9999 -9999 -9999 -9999 -9999 -9999 -9999 -9999 -9999 -9999 -9999
-9999 -9999 -9999 -9999 -9999 -9999 -9999 -9999 -9999 -9999 -9999 -9999 -9999 -9999 -9999 -9999 -9999 -9999 -9999 -9999 -9999 -9999 -9999 170 170 170 170 169 168 167 164 161 158 155 152 147 142 139 135 132 -9999 -9999 -9999 -9999 -9999 -9999 -9999 -9999 -9999 -9999 -9999 -9999 -9999 -9999 -9999 -9999 -9999 -9999 -9999 -9999 -9999 -9999 -9999 -9999 -9999 -9999 -9999 -9999 -9999 -9999 -9999 -9999 -9999 -9999 -9999 -9999 -9999 -9999 -9999 -9999 -9999 -9999 -9999 -9999 -9999 -9999 -9999 -9999 -9999 -9999 -9999 -9999 -9999 115 118 120
-9999 -9999 -9999 -9999 -9999 -9999 -9999 -9999 -9999 -9999 -9999 -9999 -9999 -9999 -9999 -9999 -9999 -9999 -9999 -9999 -9999 170 171 171 170 169 170 169 167 166 164 162 161 156 152 147 142 138 134 130 125 122 120 -9999 -9999 -9999 -9999 -9999 -9999 -9999 -9999 -9999 -9999 -9999 -9999 -9999 -9999 -9999 -9999 -9999 -9999 -9999 -9999 -9999 -9999 -9999 -9999 -9999 -9999 -9999 -9999 -9999 -9999 -9999 -9999 -9999 -9999 -9999 -9999 -9999 -9999 -9999 -9999 -9999 -9999 -9999 -9999 -9999 -9999 -9999 -9999 -9999 -9999 113 116 120
-9999 -9999 -9999 -9999 -9999 -9999 -9999 -9999 -9999 -9999 -9999 -9999 -9999 -9999 -9999 -9999 -9999 -9999 -9999 -9999 169 170 170 170 169 168 167 166 173 175 173 165 164 158 150 143 139 134 129 126 124 121 116 112 -9999 -9999 -9999 -9999 -9999 -9999 -9999 -9999 -9999 -9999 -9999 -9999 -9999 -9999 -9999 -9999 -9999 -9999 -9999 -9999 -9999 -9999 -9999 -9999 -9999 -9999 -9999 -9999 -9999 -9999 -9999 -9999 -9999 -9999 -9999 -9999 -9999 -9999 -9999 -9999 -9999 -9999 -9999 -9999 -9999 -9999 -9999 -9999 -9999 112 114 118
-9999 -9999 -9999 -9999 -9999 -9999 -9999 -9999 -9999 -9999 -9999 -9999 -9999 -9999 -9999 -9999 -9999 -9999 -9999 -9999 166 167 167 166 166 164 165 167 167 167 168 162 154 147 143 139 134 129 125 122 119 116 112 109 106 -9999 -9999 -9999 -9999 -9999 -9999 -9999 -9999 -9999 -9999 -9999 -9999 -9999 -9999 -9999 -9999 -9999 -9999 -9999 -9999 -9999 -9999 -9999 -9999 -9999 -9999 -9999 -9999 -9999 -9999 -9999 -9999 -9999 -9999 -9999 -9999 -9999 -9999 -9999 -9999 -9999 -9999 -9999 -9999 -9999 -9999 -9999 -9999 -9999 113 116
-9999 -9999 -9999 -9999 -9999 -9999 -9999 -9999 -9999 -9999 -9999 -9999 -9999 -9999 -9999 -9999 -9999 -9999 -9999 -9999 163 162 163 162 160 159 158 156 155 155 158 156 148 142 138 133 128 123 119 116 113 110 107 104 102 -9999 -9999 -9999 -9999 -9999 -9999 -9999 -9999 -9999 -9999 -9999 -9999 -9999 -9999 -9999 -9999 -9999 -9999 -9999 -9999 -9999 -9999 -9999 -9999 -9999 -9999 68 69 70 71 72 73 75 75 76 -9999 -9999 -9999 -9999 -9999 -9999 -9999 -9999 -9999 -9999 -9999 -9999 -9999 -9999 112 114
-9999 -9999 -9999 -9999 -9999 -9999 -9999 -9999 -9999 -9999 -9999 -9999 -9999 -9999 -9999 -9999 -9999 -9999 -9999 -9999 -9999 160 158 157 155 153 152 151 150 149 148 149 142 137 132 126 123 119 115 112 108 105 101 99 -9999 -9999 -9999 -9999 -9999 -9999 -9999 -9999 -9999 -9999 -9999 -9999 -9999 -9999 -9999 -9999 -9999 -9999 -9999 -9999 -9999 -9999 -9999 62 64 64 65 66 67 67 68 69 70 71 72 73 74 -9999 -9999 -9999 -9999 -9999 -9999 -9999 -9999 -9999 -9999 -9999 -9999 -9999 -9999 -9999
-9999 -9999 -9999 -9999 -9999 -9999 -9999 -9999 -9999 -9999 -9999 -9999 -9999 -9999 -9999 -9999 -9999 -9999 -9999 -9999 -9999 -9999 -9999 151 149 146 146 145 143 144 149 146 138 131 125 120 117 112 108 105 104 101 97 -9999 -9999 -9999 -9999 -9999 -9999 -9999 -9999 -9999 -9999 -9999 -9999 -9999 -9999 -9999 -9999 -9999 -9999 -9999 -9999 -9999 -9999 58 60 60 60 61 61 62 63 63 64 65 66 67 68 70 71 72 73 -9999 -9999 -9999 -9999 -9999 -9999 -9999 -9999 -9999 -9999 -9999 -9999 -9999
-9999 -9999 -9999 -9999 -9999 -9999 -9999 -9999 -9999 -9999 -9999 -9999 -9999 -9999 -9999 -9999 -9999 -9999 -9999 -9999 -9999 -9999 -9999 147 146 144 143 139 137 136 137 137 131 125 118 115 111 108 105 101 97 93 -9999 -9999 -9999 -9999 -9999 -9999 -9999 -9999 -9999 -9999 -9999 -9999 -9999 -9999 -9999 -9999 -9999 -9999 -9999 -9999 -9999 -9999 54 56 57 57 57 57 58 58 59 60 61 62 63 64 65 66 68 70 71 73 74 75 -9999 -9999 -9999 -9999 -9999 -9999 -9999 -9999 -9999 -9999
-9999 -9999 -9999 -9999 -9999 -9999 -9999 -9999 -9999 -9999 -9999 -9999 -9999 -9999 -9999 -9999 -9999 -9999 148 149 148 147 145 141 -9999 -9999 -9999 -9999 132 130 128 126 123 118 112 109 105 102 99 96 94 92 -9999 -9999 -9999 -9999 -9999 -9999 -9999 -9999 -9999 -9999 -9999 -9999 -9999 -9999 -9999 -9999 -9999 -9999 -9999 -9999 52 53 53 54 54 53 53 54 54 55 56 57 57 58 60 61 62 63 65 67 68 70 73 74 76 77 -9999 -9999 -9999 -9999 -9999 -9999 -9999 -9999
-9999 -9999 -9999 -9999 -9999 -9999 -9999 -9999 -9999 -9999 -9999 -9999 -9999 -9999 -9999 -9999 -9999 148 148 148 147 146 144 141 136 -9999 -9999 -9999 -9999 123 121 119 116 113 108 106 102 98 96 94 -9999 -9999 -9999 -9999 -9999 -9999 -9999 -9999 -9999 -9999 -9999 -9999 -9999 -9999 -9999 -9999 -9999 -9999 -9999 -9999 52 51 51 51 51 51 51 51 51 51 52 52 53 54 55 56 57 58 59 61 62 64 66 68 71 74 76 78 79 -9999 -9999 -9999 -9999 -9999 -9999 -9999
-9999 -9999 -9999 -9999 -9999 -9999 -9999 -9999 -9999 -9999 -9999 -9999 -9999 -9999 -9999 147 147 146 146 146 143 141 138 136 134 -9999 -9999 -9999 -9999 -9999 115 113 111 108 104 99 -9999 -9999 -9999 -9999 -9999 -9999 -9999 -9999 -9999 -9999 -9999 -9999 -9999 -9999 -9999 -9999 -9999 -9999 -9999 -9999 -9999 52 51 52 51 51 50 49 49 48 49 49 49 49 50 50 51 52 53 54 55 56 57 58 60 62 64 67 69 72 75 78 80 82 84 -9999 -9999 -9999 -9999 -9999
-9999 -9999 -9999 -9999 -9999 -9999 -9999 151 151 151 151 150 -9999 -9999 -9999 146 144 143 143 141 138 135 -9999 -9999 -9999 -9999 -9999 -9999 -9999 -9999 110 108 105 102 99 97 -9999 -9999 -9999 -9999 -9999 -9999 -9999 -9999 -9999 -9999 -9999 -9999 -9999 -9999 -9999 -9999 -9999 -9999 -9999 52 52 52 51 51 50 49 48 47 47 48 49 49 47 48 48 49 50 50 51 52 53 54 55 57 58 60 63 65 68 70 73 76 79 82 85 86 -9999 -9999 -9999 -9999
-9999 -9999 -9999 -9999 -9999 -9999 -9999 149 149 150 150 148 145 -9999 -9999 -9999 140 139 137 136 -9999 -9999 -9999 -9999 -9999 -9999 -9999 -9999 -9999 -9999 -9999 104 100 96 95 -9999 -9999 -9999 -9999 -9999 -9999 -9999 -9999 -9999 -9999 -9999 -9999 -9999 -9999 -9999 -9999 -9999 -9999 52 52 52 51 51 50 49 48 47 48 49 48 48 48 48 46 47 48 48 49 49 50 51 52 53 55 56 58 60 62 64 67 70 72 76 79 82 85 87 -9999 -9999 -9999 -9999
-9999 -9999 -9999 -9999 -9999 -9999 -9999 -9999 -9999 146 146 145 144 -9999 -9999 -9999 -9999 -9999 -9999 -9999 -9999 -9999 -9999 -9999 -9999 -9999 -9999 -9999 -9999 -9999 -9999 -9999 -9999 -9999 -9999 -9999 -9999 -9999 -9999 -9999 -9999 -9999 -9999 -9999 -9999 -9999 -9999 -9999 -9999 -9999 51 52 52 51 51 51 50 50 49 48 48 48 48 48 48 47 47 48 47 47 47 48 48 49 50 51 52 53 54 55 57 59 61 64 67 69 72 76 79 82 85 87 88 -9999 -9999 -9999
-9999 -9999 -9999 -9999 -9999 -9999 -9999 -9999 -9999 -9999 -9999 -9999 -9999 -9999 -9999 -9999 -9999 -9999 -9999 -9999 -9999 -9999 -9999 -9999 -9999 -9999 -9999 -9999 -9999 -9999 -9999 -9999 -9999 -9999 -9999 -9999 -9999 -9999 -9999 -9999 -9999 -9999 -9999 -9999 -9999 -9999 53 53 53 53 52 53 52 51 50 50 50 50 49 49 48 48 49 48 49 48 48 48 47 47 47 48 49 49 50 51 52 53 54 56 57 59 62 64 67 70 72 75 78 82 84 88 89 -9999 -9999 -9999
-9999 -9999 -9999 -9999 -9999 -9999 -9999 -9999 -9999 -9999 -9999 -9999 -9999 -9999 -9999 -9999 -9999 -9999 -9999 -9999 -9999 -9999 -9999 -9999 -9999 -9999 -9999 -9999 -9999 -9999 -9999 -9999 -9999 -9999 -9999 -9999 -9999 -9999 -9999 -9999 -9999 -9999 -9999 -9999 56 55 54 53 53 52 52 51 50 50 50 51 50 50 49 50 49 48 48 49 50 49 48 47 47 48 48 49 50 50 51 52 52 54 55 57 58 60 63 65 67 70 73 76 78 81 84 86 88 -9999 -9999 -9999
-9999 -9999 -9999 -9999 -9999 -9999 -9999 -9999 -9999 -9999 -9999 -9999 -9999 -9999 -9999 -9999 -9999 -9999 -9999 -9999 -9999 -9999 -9999 -9999 -9999 -9999 -9999 -9999 -9999 -9999 -9999 -9999 -9999 -9999 -9999 -9999 -9999 -9999 -9999 -9999 -9999 60 59 58 57 55 53 53 52 51 51 51 51 51 51 51 51 50 49 49 49 48 49 50 51 49 48 48 48 49 50 50 51 52 52 53 54 55 56 58 60 62 63 66 68 71 73 76 78 81 84 87 88 -9999 -9999 -9999
-9999 -9999 -9999 -9999 -9999 -9999 -9999 -9999 -9999 -9999 -9999 -9999 -9999 -9999 -9999 -9999 -9999 -9999 -9999 -9999 -9999 -9999 -9999 -9999 -9999 -9999 -9999 -9999 -9999 -9999 -9999 -9999 -9999 78 74 74 71 68 -9999 63 62 61 59 57 56 54 53 52 51 51 51 51 52 52 52 52 51 51 50 50 50 50 49 50 50 50 50 50 50 51 52 52 53 54 54 55 56 57 58 60 61 63 65 67 69 72 74 77 79 82 85 87 88 91 -9999 -9999
-9999 -9999 -9999 -9999 -9999 -9999 -9999 -9999 -9999 -9999 -9999 -9999 -9999 -9999 -9999 -9999 -9999 -9999 -9999 -9999 -9999 -9999 -9999 -9999 -9999 -9999 -9999 -9999 -9999 -9999 -9999 -9999 -9999 74 74 73 71 69 67 65 62 60 58 56 56 54 53 52 51 50 51 51 52 52 52 52 52 52 52 52 51 52 53 52 52 52 52 52 53 53 54 54 55 56 56 57 58 59 60 62 63 65 67 69 71 73 75 77 80 83 85 87 89 90 92 -9999
-9999 -9999 -9999 -9999 -9999 -9999 -9999 -9999 -9999 -9999 -9999 -9999 -9999 -9999 -9999 -9999 -9999 -9999 -9999 -9999 -9999 -9999 -9999 -9999 -9999 -9999 -9999 -9999 -9999 -9999 -9999 -9999 -9999 74 73 71 70 68 66 63 61 59 57 56 54 52 52 51 51 51 51 52 53 54 55 55 55 55 54 54 54 53 54 54 54 54 54 55 55 56 56 57 57 58 59 59 60 61 62 64 65 67 68 70 72 74 76 78 81 83 86 88 89 91 92 -9999
-9999 -9999 -9999 -9999 -9999 -9999 -9999 -9999 -9999 -9999 -9999 -9999 -9999 -9999 -9999 -9999 -9999 -9999 -9999 -9999 -9999 -9999 -9999 -9999 -9999 -9999 -9999 -9999 -9999 -9999 -9999 76 76 74 72 71 69 67 65 62 61 59 57 56 54 53 52 51 51 51 52 53 54 56 57 58 58 57 57 56 56 56 56 56 57 57 57 57 58 58 59 59 60 60 61 62 63 64 65 66 67 69 70 72 74 76 78 80 82 84 86 88 90 91 92 -9999
-9999 -9999 -9999 -9999 -9999 -9999 -9999 -9999 -9999 -9999 -9999 -9999 -9999 -9999 -9999 -9999 -9999 -9999 -9999 -9999 -9999 -9999 -9999 -9999 -9999 -9999 -9999 -9999 81 80 78 76 75 74 73 71 69 67 64 62 60 60 58 56 54 54 53 51 51 51 52 53 56 58 59 59 59 58 58 58 58 58 58 59 59 59 60 60 60 61 61 62 63 63 64 64 65 66 67 68 69 71 72 74 76 77 79 81 83 85 86 88 89 91 92 -9999
-9999 -9999 -9999 -9999 -9999 -9999 -9999 -9999 -9999 -9999 -9999 -9999 -9999 -9999 -9999 -9999 -9999 -9999 -9999 -9999 -9999 -9999 -9999 -9999 -9999 -9999 -9999 82 82 78 76 74 73 72 71 69 67 66 64 62 60 59 58 56 54 53 52 51 51 51 51 55 57 58 60 60 60 59 59 59 60 60 60 61 62 62 62 63 63 64 64 65 65 66 66 67 68 69 70 71 72 73 74 76 77 79 81 82 84 86 87 89 91 92 92 -9999
-9999 -9999 -9999 -9999 -9999 -9999 -9999 -9999 -9999 -9999 -9999 -9999 -9999 -9999 -9999 -9999 -9999 -9999 -9999 -9999 -9999 -9999 -9999 -9999 -9999 84 84 83 80 78 76 73 72 71 69 68 67 65 64 63 61 59 57 56 54 53 51 50 50 50 51 53 55 56 58 58 59 59 60 60 61 62 63 63 64 65 65 66 66 66 67 67 68 68 69 69 70 71 72 73 74 75 76 78 79 81 82 84 85 87 89 91 92 93 94 94
-9999 -9999 -9999 -9999 -9999 -9999 -9999 -9999 -9999 -9999 -9999 -9999 -9999 -9999 -9999 -9999 -9999 -9999 -9999 -9999 -9999 -9999 -9999 88 86 85 83 81 79 77 75 73 72 71 70 68 67 65 64 63 62 62 64 59 57 54 52 52 51 52 52 53 55 56 56 57 59 60 61 62 62 63 64 65 66 67 67 68 68 69 70 70 70 71 71 72 73 74 74 75 76 77 78 79 81 82 84 85 86 88 90 91 93 94 94 94
-9999 -9999 -9999 -9999 -9999 -9999 -9999 -9999 -9999 -9999 -9999 -9999 -9999 -9999 -9999 -9999 -9999 -9999 -9999 -9999 95 93 91 89 86 84 83 80 78 75 74 73 72 73 75 68 67 66 65 65 64 65 69 69 63 59 56 56 54 55 54 54 55 55 55 56 58 60 61 62 64 65 66 67 68 69 70 70 71 71 72 72 73 73 74 74 75 76 76 77 78 79 80 81 82 84 86 87 88 90 91 92 94 95 96 97
-9999 -9999 -9999 -9999 -9999 -9999 -9999 -9999 -9999 -9999 -9999 -9999 -9999 -9999 -9999 -9999 -9999 -9999 -9999 96 95 93 90 88 87 85 83 79 76 75 75 74 75 73 72 70 68 68 68 68 69 71 75 73 65 63 60 56 55 57 55 52 51 52 54 56 58 60 61 63 65 66 67 68 70 71 72 73 73 74 74 74 75 75 76 76 77 78 79 79 81 81 82 83 84 86 87 88 89 90 92 93 94 96 96 97
-9999 -9999 -9999 -9999 -9999 -9999 -9999 -9999 -9999 -9999 -9999 -9999 -9999 -9999 -9999 -9999 -9999 -9999 97 96 94 92 89 88 86 84 81 78 76 79 77 74 73 72 70 69 70 71 72 73 76 81 79 73 65 60 58 54 54 50 48 47 48 50 53 56 58 60 62 64 66 67 69 70 71 72 73 74 75 76 76 76 77 77 78 78 79 80 80 81 83 83 85 85 86 88 88 89 90 91 92 94 95 96 98 99
-9999 -9999 -9999 -9999 -9999 -9999 -9999 -9999 -9999 -9999 -9999 -9999 -9999 -9999 -9999 -9999 100 98 97 95 93 92 88 86 84 82 79 79 77 76 78 76 73 69 69 71 74 77 78 81 85 85 85 79 68 60 55 49 46 46 47 48 50 51 53 55 57 60 62 64 66 68 70 71 72 74 75 76 77 77 78 78 79 79 80 81 81 82 83 83 84 86 86 87 88 89 90 91 92 93 94 95 96 97 99 100
-9999 -9999 -9999 -9999 -9999 -9999 -9999 -9999 -9999 -9999 -9999 -9999 -9999 -9999 -9999 100 100 98 97 94 93 90 87 85 83 81 80 79 78 76 76 72 69 69 71 76 78 88 91 101 105 101 104 91 89 72 57 48 47 47 49 52 54 54 54 56 58 61 64 66 67 69 71 73 74 75 76 77 78 79 80 80 81 82 82 83 84 84 85 86 87 87 88 89 89 90 91 92 93 93 94 96 97 98 99 101
-9999 -9999 -9999 -9999 -9999 -9999 -9999 -9999 -9999 -9999 -9999 -9999 -9999 -9999 -9999 99 99 97 96 93 90 88 86 84 82 82 81 80 79 77 73 74 77 77 92 84 88 99 112 114 109 108 101 90 79 62 54 49 48 50 53 57 59 59 60 61 62 65 69 70 71 72 73 73 74 76 77 79 80 80 81 82 83 84 84 85 86 86 87 88 88 89 90 90 91 91 92 93 94 95 96 96 97 98 100 101
-9999 -9999 -9999 -9999 -9999 -9999 -9999 -9999 -9999 -9999 -9999 -9999 -9999 -9999 -9999 98 98 97 95 92 90 87 86 84 82 82 81 80 80 78 76 82 88 95 109 108 102 119 116 120 127 128 121 106 88 72 63 66 69 61 62 61 64 66 65 63 65 66 68 70 72 72 73 74 75 77 78 80 81 82 83 84 85 85 86 87 87 88 88 89 90 90 91 91 92 93 93 94 95 96 96 97 98 99 100 102
-9999 -9999 -9999 -9999 -9999 -9999 -9999 -9999 -9999 -9999 -9999 -9999 -9999 -9999 -9999 -9999 96 96 94 91 90 88 85 83 82 81 81 81 83 79 78 82 87 105 122 123 118 122 126 134 144 144 130 119 104 94 103 95 83 67 71 76 79 75 70 67 66 65 69 70 70 72 73 74 76 78 80 81 82 83 84 85 86 87 88 88 89 89 90 90 91 92 92 93 93 94 95 95 96 97 97 98 99 100 101 102
-9999 -9999 -9999 -9999 -9999 -9999 -9999 -9999 -9999 -9999 -9999 -9999 -9999 -9999 -9999 -9999 95 95 92 91 90 88 86 83 82 81 81 82 82 78 80 84 93 105 114 118 126 128 145 152 152 148 142 132 134 130 121 99 90 110 107 97 84 79 70 67 66 67 69 69 69 72 73 74 77 79 80 82 83 84 85 86 87 88 89 89 90 90 91 92 92 93 93 94 94 95 96 97 97 98 98 99 100 101 102 103
-9999 -9999 -9999 -9999 -9999 -9999 -9999 -9999 -9999 -9999 -9999 -9999 -9999 -9999 -9999 -9999 -9999 93 93 92 92 89 87 84 83 82 82 82 78 79 81 87 95 108 119 122 123 138 149 157 159 159 155 155 152 138 130 124 120 113 106 104 104 95 87 79 72 69 68 66 69 71 73 75 77 79 81 83 84 85 86 87 88 89 90 90 91 92 92 93 93 94 94 95 96 96 97 98 98 99 99 100 101 102 102 104
-9999 -9999 -9999 -9999 -9999 -9999 -9999 -9999 -9999 -9999 -9999 -9999 -9999 -9999 -9999 -9999 -9999 -9999 92 92 91 88 86 84 83 83 82 78 77 80 84 89 96 107 118 130 136 140 150 164 166 174 181 174 166 152 138 119 106 100 98 91 86 78 75 65 62 64 63 65 67 70 72 74 77 79 81 83 85 86 87 89 89 90 90 91 92 93 93 94 94 95 95 96 96 97 98 99 99 100 100 101 101 102 103 104
-9999 -9999 -9999 -9999 -9999 -9999 -9999 -9999 -9999 -9999 -9999 -9999 -9999 -9999 -9999 -9999 -9999 -9999 92 91 89 87 85 83 83 82 80 78 81 84 87 93 100 109 125 137 141 143 153 148 173 183 189 181 180 171 159 133 119 102 86 74 69 69 67 65 63 62 64 65 66 69 72 74 77 79 81 84 85 87 88 89 90 91 91 93 93 94 94 95 95 96 96 97 98 98 99 99 100 100 100 101 102 102 104 104
-9999 -9999 -9999 -9999 -9999 -9999 -9999 -9999 -9999 -9999 -9999 -9999 -9999 -9999 -9999 -9999 -9999 92 93 91 89 87 85 84 82 81 80 80 82 84 87 92 99 109 122 139 146 142 135 151 168 179 189 195 193 178 156 142 120 97 78 69 68 65 63 61 62 64 65 66 67 69 72 74 77 79 82 84 86 87 89 89 91 92 93 94 94 95 96 96 96 97 97 98 98 99 99 100 100 100 101 102 102 103 104 105
-9999 -9999 -9999 -9999 -9999 -9999 -9999 -9999 -9999 -9999 -9999 -9999 -9999 -9999 -9999 -9999 -9999 94 93 91 91 88 85 84 82 82 80 80 82 84 86 91 98 108 118 127 130 133 142 161 172 176 190 188 191 176 150 130 111 105 89 75 70 64 65 66 66 67 68 69 70 70 73 75 77 80 82 84 86 88 90 91 92 93 94 94 95 96 96 97 97 97 98 98 99 99 100 100 101 101 101 102 102 103 104 104
-9999 -9999 -9999 -9999 -9999 -9999 -9999 -9999 -9999 -9999 -9999 -9999 -9999 -9999 -9999 -9999 -9999 93 93 92 90 89 88 86 83 82 80 80 81 84 86 90 96 103 114 121 130 137 143 155 166 178 175 174 153 142 139 128 99 87 80 73 66 63 64 67 69 70 71 72 73 73 74 76 78 80 83 85 87 89 90 92 93 94 95 95 96 97 97 98 98 98 99 99 99 100 100 100 101 101 102 102 103 103 104 105
-9999 -9999 -9999 -9999 -9999 -9999 -9999 -9999 -9999 -9999 -9999 -9999 -9999 -9999 -9999 -9999 96 95 94 93 91 88 86 83 82 80 80 79 81 83 85 88 95 103 113 123 132 129 152 153 160 165 152 155 135 130 120 113 110 100 89 79 75 70 74 79 84 81 79 76 76 76 76 77 78 81 83 85 88 89 91 92 94 95 96 97 97 98 98 98 99 99 99 99 100 100 100 101 101 101 102 102 103 103 104 105
-9999 -9999 -9999 -9999 -9999 -9999 -9999 -9999 -9999 -9999 -9999 -9999 -9999 -9999 -9999 -9999 97 97 97 96 94 92 88 86 83 81 80 80 80 82 85 88 93 102 109 121 119 125 141 151 151 141 135 148 127 130 128 121 112 113 105 104 97 105 97 92 89 84 80 81 79 78 78 78 79 80 83 86 88 90 92 94 95 96 97 98 99 99 99 99 99 99 100 100 100 100 101 101 101 102 102 102 103 103 104 105
-9999 -9999 -9999 -9999 -9999 -9999 -9999 -9999 -9999 -9999 -9999 -9999 -9999 -9999 -9999 97 98 101 100 99 98 96 92 89 85 82 80 79 79 80 82 84 88 94 103 107 111 120 145 139 162 135 121 119 117 121 137 143 136 127 126 124 129 117 104 92 85 84 87 87 85 83 81 79 79 80 82 85 88 91 92 94 95 96 97 98 98 99 99 99 99 100 100 100 100 100 101 102 102 102 102 103 103 104 104 105
-9999 -9999 -9999 -9999 -9999 -9999 -9999 -9999 -9999 -9999 -9999 -9999 -9999 99 99 101 102 103 103 102 101 99 96 92 87 83 79 78 79 78 80 82 84 87 90 95 101 118 128 122 130 127 116 120 120 134 145 158 149 154 149 152 155 140 116 101 96 98 104 101 88 87 82 80 79 79 82 85 88 91 94 95 96 97 97 98 99 99 100 100 100 100 100 100 101 101 101 102 102 102 102 103 103 103 104 105
-9999 -9999 -9999 -9999 -9999 -9999 -9999 -9999 -9999 -9999 -9999 -9999 101 101 102 103 104 104 105 105 105 104 103 99 93 86 81 83 82 81 79 79 82 86 91 93 92 103 108 111 115 117 119 132 148 155 167 170 152 138 150 133 154 146 132 114 113 106 97 94 91 87 83 80 79 78 81 84 88 91 94 96 98 98 98 98 99 99 99 100 100 100 100 101 101 101 101 102 102 102 102 102 103 103 103 104
-9999 -9999 -9999 -9999 -9999 -9999 -9999 -9999 -9999 -9999 -9999 102 102 103 106 106 106 106 107 108 112 113 115 113 102 92 82 81 80 77 80 83 80 84 98 101 91 91 96 103 108 115 136 135 138 165 159 150 146 130 119 119 123 116 102 104 113 103 93 91 89 86 83 81 79 78 79 83 87 90 94 96 97 97 97 98 98 98 99 99 100 100 100 100 100 101 101 101 101 101 102 102 102 102 102 103
-9999 -9999 -9999 -9999 -9999 -9999 -9999 -9999 -9999 -9999 104 105 105 104 103 106 106 108 109 112 116 121 123 121 110 97 85 80 82 83 84 84 77 80 84 97 95 89 89 94 102 113 121 125 122 128 142 137 130 126 118 109 106 99 96 102 119 112 106 96 90 88 83 83 77 77 80 83 87 91 94 96 97 97 97 97 98 97 98 98 99 100 99 100 100 100 100 100 100 101 101 101 101 101 101 102
-9999 -9999 -9999 -9999 -9999 -9999 -9999 -9999 -9999 105 106 105 104 104 105 105 106 108 109 115 124 126 127 124 116 103 92 87 87 87 86 78 74 74 75 83 91 90 90 90 91 98 107 109 114 118 116 119 118 112 111 115 116 129 115 112 133 148 141 121 102 90 84 84 80 78 81 85 89 93 96 98 97 97 97 96 96 97 97 97 98 98 98 98 98 99 99 99 99 100 100 100 100 100 100 101
-9999 -9999 -9999 -9999 -9999 -9999 -9999 -9999 106 107 106 105 105 104 105 105 106 107 108 113 116 118 118 118 116 109 102 90 83 81 78 73 71 71 74 84 84 88 91 92 89 91 100 103 105 105 107 107 109 110 116 127 140 151 144 135 128 141 146 122 103 89 84 81 79 82 87 90 92 96 98 98 98 97 96 96 96 96 95 96 96 96 97 97 97 97 98 98 98 98 98 98 99 99 99 100
-9999 -9999 -9999 -9999 -9999 -9999 -9999 -9999 108 108 107 105 105 106 107 103 105 106 106 107 110 118 119 117 118 110 103 94 85 79 73 70 70 72 77 86 91 88 90 92 89 89 93 97 100 100 102 105 107 108 111 123 149 149 148 158 158 156 161 146 121 94 82 79 84 93 97 99 104 100 97 97 96 96 95 94 94 94 93 94 94 94 95 95 95 96 96 96 96 97 97 97 97 98 98 99
