resultados/variables_proyeccion_tiempo/variables_paleo_21k/bio17.asc
ncols 330
nrows 228
xllcorner -12.000000
yllcorner 34.000000
cellsize 0.166667
NODATA_value -9999
[rows 180 to 224 of 228, columns 192 to 287 of 330]
172 175 175 189 192 147 144 132 120 108 108 106 106 103 104 107 110 110 105 113 116 112 120 121 124 125 119 130 123 118 110 109 103 100 99 96 97 102 99 95 98 97 96 100 99 95 94 90 89 86 86 88 86 -9999 -9999 -9999 -9999 -9999 -9999 -9999 -9999 -9999 -9999 -9999 -9999 -9999 -9999 -9999 -9999 -9999 -9999 -9999 -9999 -9999 -9999 130 130 129 130 131 127 128 127 124 127 122 117 111 106 100 92 86 84 -9999 92 -9999
168 172 160 184 172 145 149 138 150 118 102 100 98 100 110 112 109 112 108 107 122 114 113 119 121 122 118 128 127 125 115 107 101 96 94 93 90 86 86 84 85 84 82 81 84 91 92 86 84 82 82 84 86 -9999 -9999 -9999 -9999 -9999 -9999 -9999 -9999 -9999 -9999 -9999 -9999 -9999 -9999 -9999 -9999 -9999 -9999 -9999 -9999 140 139 136 127 124 120 115 111 106 103 100 99 99 99 99 97 96 95 90 88 89 95 100
149 168 147 163 171 147 144 128 129 111 103 97 96 99 98 98 104 109 104 94 106 111 102 105 111 118 121 125 116 113 107 100 93 91 91 92 87 81 79 78 78 76 73 71 72 75 78 80 81 81 81 83 85 85 84 -9999 -9999 -9999 -9999 -9999 -9999 -9999 -9999 -9999 -9999 -9999 -9999 -9999 -9999 142 149 148 146 143 135 125 115 110 107 102 98 95 92 91 93 96 94 92 92 87 83 85 85 88 92 97
158 164 151 152 156 142 137 129 113 114 107 99 96 94 95 94 93 98 96 89 89 105 100 99 97 103 100 106 113 104 96 90 87 86 88 85 79 76 74 73 72 70 68 66 65 66 68 71 78 82 80 82 85 84 85 86 89 90 91 102 111 120 126 129 -9999 -9999 -9999 142 145 147 146 134 141 129 115 109 102 99 95 91 88 85 83 84 84 82 79 79 83 84 80 74 74 75 82 85
144 139 155 149 134 139 136 123 110 112 107 105 105 106 90 87 88 90 88 85 86 98 99 91 97 88 84 85 91 87 83 87 84 82 84 85 75 71 69 68 67 67 65 63 62 61 61 65 70 77 78 80 84 86 87 86 88 91 98 106 114 122 125 -9999 -9999 -9999 -9999 137 145 143 118 112 112 102 96 96 89 87 84 82 79 75 72 72 71 71 71 69 70 72 67 70 69 68 65 69
122 139 138 133 125 137 130 122 106 109 108 114 104 102 91 82 82 85 88 80 75 76 83 76 67 68 81 81 72 68 66 66 65 65 69 78 71 63 62 63 65 66 62 62 62 59 58 61 64 68 73 75 78 80 83 86 88 93 100 109 117 125 132 136 140 143 141 141 131 106 88 93 81 85 92 82 79 78 76 74 72 71 70 69 64 64 65 65 63 60 58 58 57 56 56 58
117 125 140 130 126 130 124 137 106 105 121 101 84 92 85 76 76 77 82 82 74 68 65 69 78 64 61 60 60 59 58 59 60 62 63 60 60 57 58 59 61 61 61 61 60 57 56 58 59 62 63 68 70 68 68 76 81 90 98 104 112 121 127 130 120 128 123 117 97 83 79 74 73 81 82 74 75 73 70 65 63 59 59 57 57 58 56 56 56 54 52 50 50 47 48 51
118 118 132 128 118 123 120 127 112 104 100 99 83 76 75 73 73 74 73 75 74 74 66 61 62 58 55 60 59 55 55 55 54 53 51 50 51 53 53 55 56 58 58 63 55 50 -9999 -9999 -9999 -9999 -9999 -9999 -9999 -9999 63 66 72 78 86 91 100 107 113 115 110 99 102 93 77 72 69 71 69 71 72 72 69 65 62 59 56 53 52 50 51 51 49 49 48 48 47 44 41 41 41 46
106 120 131 127 116 117 116 111 115 99 97 111 90 74 72 71 70 69 74 72 68 68 67 58 55 52 51 52 53 50 50 49 49 48 47 45 46 46 48 48 49 50 50 48 48 53 52 51 51 54 56 59 60 72 77 72 72 76 84 86 85 85 84 86 82 78 73 72 68 67 71 71 66 65 64 61 62 61 54 53 50 44 43 43 43 44 45 45 44 43 42 40 38 36 36 38
102 104 112 115 127 120 109 101 104 106 96 97 96 83 74 68 65 66 67 69 70 68 62 54 52 49 46 46 46 -9999 46 44 44 56 44 41 40 40 42 45 45 45 45 46 45 47 52 54 52 58 57 59 62 65 65 72 66 64 69 71 71 70 68 68 67 65 64 61 59 56 55 59 61 54 51 52 52 52 50 44 43 40 39 40 41 40 40 40 40 39 38 36 35 33 34 35
93 98 99 106 116 113 111 100 94 100 92 82 88 88 68 63 61 60 59 58 57 56 53 50 53 55 46 -9999 -9999 -9999 -9999 -9999 -9999 -9999 43 38 35 37 39 42 47 49 43 44 46 47 48 48 49 52 55 57 62 64 66 68 65 59 60 58 59 56 55 55 55 54 55 53 50 47 47 47 44 45 44 45 43 43 41 40 37 36 36 35 36 36 36 36 37 36 35 33 32 32 31 30
86 90 103 92 96 113 112 99 90 88 86 85 84 88 91 61 56 56 54 53 53 49 50 53 45 66 46 -9999 -9999 -9999 39 36 35 34 36 35 33 35 38 43 47 43 42 46 52 46 46 44 45 46 49 55 60 66 79 92 63 56 57 53 48 48 47 48 48 47 46 46 45 43 39 37 36 37 39 37 38 37 36 38 33 33 32 33 32 32 34 33 34 32 33 32 31 30 30 31
60 77 81 83 103 104 108 101 90 82 83 82 70 72 74 66 56 52 51 49 48 50 45 46 42 -9999 -9999 -9999 -9999 30 37 37 33 31 29 28 29 32 39 41 41 41 44 44 43 45 43 46 45 48 52 51 57 57 62 67 74 62 60 51 45 44 42 42 42 42 43 44 42 40 36 35 32 32 32 32 32 32 33 31 29 29 29 29 29 30 31 31 32 31 31 31 30 27 27 27
46 67 71 70 83 87 96 100 87 73 75 78 63 60 56 61 65 50 47 45 42 -9999 -9999 -9999 -9999 -9999 -9999 -9999 -9999 27 28 29 27 25 23 24 25 31 31 37 42 50 43 39 41 39 39 38 38 41 50 51 50 54 53 53 51 50 58 52 44 39 34 32 34 35 36 36 36 34 33 30 30 30 29 30 28 29 28 27 26 27 27 27 27 27 28 28 29 29 29 28 28 27 27 28
34 44 55 66 76 76 88 95 94 73 58 58 57 55 52 51 54 54 44 40 -9999 -9999 -9999 -9999 -9999 28 27 26 22 25 25 23 22 21 21 20 22 29 30 30 32 29 28 36 34 34 33 31 32 37 42 44 42 44 44 48 47 49 48 46 41 38 35 36 33 33 34 35 35 33 31 29 28 28 27 27 24 24 23 24 23 24 24 24 25 26 25 26 27 27 27 27 27 27 30 31
31 36 48 61 68 72 74 83 84 73 60 53 52 52 52 53 49 50 56 40 33 -9999 -9999 -9999 30 28 23 -9999 22 22 22 20 20 17 17 15 19 21 18 17 18 23 33 38 33 32 33 31 30 35 41 49 46 46 51 44 49 45 50 46 38 43 42 35 34 32 32 32 33 33 31 28 27 26 26 25 23 22 21 21 21 22 22 23 23 23 23 25 25 26 26 27 26 28 31 31
28 29 34 42 49 51 53 67 71 82 72 58 52 50 54 51 46 42 39 42 34 32 30 31 26 24 21 18 -9999 -9999 -9999 16 16 15 14 18 21 18 16 14 15 25 30 28 27 28 32 32 30 32 39 40 49 44 48 42 49 42 42 41 39 38 39 35 36 33 33 32 31 31 30 28 27 25 23 21 20 20 18 18 18 19 20 21 21 21 22 23 24 24 25 25 26 28 31 27
-9999 25 25 30 34 35 42 60 62 68 69 68 59 55 55 59 53 42 38 35 31 31 30 25 23 20 17 18 -9999 -9999 -9999 14 13 13 13 15 15 16 16 12 11 15 20 22 26 30 26 27 33 38 37 39 41 42 42 45 42 42 44 40 37 36 36 38 40 35 33 32 31 30 28 27 27 24 20 19 17 16 16 15 15 16 17 17 17 19 20 21 24 24 24 24 25 27 27 25
-9999 -9999 -9999 24 29 33 35 45 50 54 65 63 53 50 48 46 45 40 37 40 32 24 -9999 18 -9999 14 18 18 14 -9999 10 11 11 10 10 10 -9999 15 12 8 9 13 16 25 28 25 21 25 29 30 31 32 33 37 38 34 37 42 47 40 37 37 35 34 36 35 34 36 33 31 29 27 26 23 20 18 13 12 12 13 13 14 16 16 16 17 19 21 22 24 24 24 24 26 26 27
-9999 -9999 -9999 35 28 37 40 38 41 58 62 63 63 63 49 46 42 36 29 29 30 30 26 20 21 14 16 17 13 10 -9999 10 10 10 8 -9999 -9999 7 8 7 8 10 17 20 21 20 21 22 25 27 24 27 28 30 32 32 37 38 35 39 40 36 36 33 31 32 32 34 32 32 30 27 26 23 19 16 12 8 9 10 12 13 15 17 17 18 19 20 21 22 23 23 23 25 28 29
-9999 -9999 -9999 23 22 24 30 28 31 36 45 54 53 59 50 53 38 36 32 28 23 24 26 31 21 14 -9999 -9999 -9999 -9999 -9999 -9999 10 10 9 12 12 8 11 10 7 7 12 20 24 20 22 21 20 20 24 28 27 29 30 33 32 33 36 37 37 35 38 35 33 32 33 31 31 31 31 28 25 22 19 15 11 7 7 9 11 13 14 16 17 17 19 20 22 21 23 22 30 28 27 28
-9999 -9999 17 21 19 18 20 20 26 28 33 31 41 42 34 41 39 33 26 25 24 20 19 19 16 12 7 8 -9999 6 -9999 -9999 -9999 7 6 10 13 9 8 9 6 7 9 15 20 21 24 27 29 24 18 22 29 31 30 30 31 31 36 35 34 33 39 33 33 34 35 36 32 31 29 27 24 22 19 15 11 9 8 9 10 12 13 15 15 16 17 19 20 22 21 21 24 25 27 27
-9999 -9999 18 23 18 13 15 14 14 14 21 38 26 23 22 27 30 32 28 26 24 22 21 17 13 12 7 -9999 -9999 -9999 -9999 -9999 -9999 -9999 -9999 8 8 7 7 8 5 10 10 11 15 20 21 21 24 25 31 22 23 30 29 28 31 32 30 32 35 33 33 34 30 30 30 32 34 30 29 26 23 22 18 15 12 11 9 9 10 12 13 14 15 16 18 18 18 20 20 21 21 24 26 27
-9999 -9999 12 16 17 11 11 11 12 16 24 39 41 41 35 27 19 21 21 22 20 17 17 15 8 10 13 10 4 -9999 -9999 -9999 3 -9999 -9999 4 5 4 4 4 3 4 8 9 11 14 19 22 23 24 26 29 28 26 29 30 30 30 31 29 29 31 32 33 32 27 32 30 30 30 27 26 25 24 20 15 12 12 11 11 11 12 13 13 16 18 20 22 17 19 21 24 23 24 27 27
-9999 -9999 -9999 12 12 9 10 11 12 17 32 38 36 43 42 33 21 18 17 14 12 10 11 9 8 6 6 5 7 6 3 -9999 -9999 -9999 -9999 -9999 -9999 -9999 -9999 -9999 -9999 2 2 6 11 14 18 22 20 19 19 21 23 22 23 29 28 30 31 26 29 28 26 26 26 26 33 32 26 26 26 25 25 22 18 14 11 11 12 11 11 11 13 13 13 15 14 15 18 23 23 32 24 24 26 26
-9999 -9999 -9999 14 14 10 8 9 12 15 23 26 32 34 36 26 21 25 19 10 10 8 6 7 7 4 4 3 3 5 3 2 -9999 -9999 -9999 -9999 -9999 3 2 5 5 3 2 6 9 12 16 16 18 21 22 24 27 31 27 28 29 28 27 30 28 23 27 26 29 25 27 31 25 23 23 25 24 21 17 13 11 10 10 11 11 11 13 13 13 14 15 16 18 20 26 28 23 24 26 27
-9999 -9999 -9999 -9999 14 9 6 9 9 11 15 20 32 35 30 26 13 16 17 12 9 5 4 4 4 5 4 1 2 2 4 3 2 -9999 -9999 4 5 4 2 2 2 1 3 3 5 14 17 16 18 25 21 22 25 26 28 30 29 31 29 27 23 26 24 22 19 22 26 26 24 22 22 21 24 19 16 14 11 10 9 9 11 11 12 12 13 13 15 16 18 19 22 24 25 29 31 32
-9999 -9999 -9999 -9999 -9999 -9999 -9999 -9999 -9999 8 16 24 20 26 28 23 13 9 10 10 8 5 4 4 2 1 3 1 1 2 1 2 2 2 2 -9999 2 -9999 1 1 1 1 2 3 5 11 14 17 17 20 24 21 22 27 26 29 24 29 30 27 23 25 20 20 16 18 25 21 24 23 24 20 20 20 15 14 12 11 12 10 10 12 12 13 16 17 22 24 22 20 23 26 29 34 39 40
-9999 -9999 -9999 -9999 -9999 -9999 5 -9999 -9999 8 14 13 19 21 22 28 20 10 8 5 5 4 2 1 -9999 -9999 1 1 1 1 1 1 1 1 1 1 1 -9999 1 1 1 2 2 2 3 5 8 15 17 18 23 22 21 24 28 26 26 25 27 27 28 19 17 17 15 15 20 18 23 24 22 23 19 18 18 15 14 13 11 10 11 12 14 16 22 27 24 21 20 22 25 26 28 32 37 41
-9999 -9999 -9999 -9999 -9999 -9999 -9999 -9999 -9999 8 13 11 13 24 14 18 19 12 4 3 -9999 -9999 -9999 -9999 -9999 -9999 1 1 1 1 1 1 2 2 1 1 1 -9999 1 1 1 1 1 2 3 5 8 10 15 15 15 17 23 24 21 24 25 24 25 26 23 17 16 13 11 10 14 14 18 19 19 24 24 21 18 15 14 14 14 13 14 16 17 20 22 22 19 19 22 23 23 23 24 30 37 44
-9999 -9999 -9999 -9999 -9999 -9999 -9999 -9999 -9999 6 8 8 7 15 16 8 8 12 5 -9999 2 3 -9999 1 -9999 -9999 -9999 0 1 1 1 1 1 1 1 1 2 1 1 1 -9999 1 1 2 2 2 2 3 7 9 13 13 13 16 20 24 24 24 25 26 21 19 16 9 7 8 10 12 13 15 16 21 24 24 21 18 18 15 12 15 16 17 18 19 20 19 18 19 20 21 21 22 23 29 38 47
-9999 -9999 -9999 -9999 -9999 -9999 -9999 -9999 -9999 -9999 5 6 6 8 10 5 5 6 4 -9999 -9999 1 1 0 -9999 1 1 1 0 1 1 1 1 1 1 1 -9999 1 1 -9999 -9999 1 1 1 2 3 3 4 5 7 7 8 9 11 13 15 16 24 21 19 21 24 18 9 6 7 8 10 11 11 13 14 16 19 20 20 17 19 15 10 12 16 17 17 17 17 15 15 17 20 22 23 24 29 37 42
-9999 -9999 -9999 -9999 -9999 -9999 -9999 -9999 -9999 -9999 -9999 -9999 -9999 -9999 7 4 -9999 4 3 2 -9999 -9999 -9999 -9999 0 1 0 0 0 1 1 1 1 -9999 1 -9999 1 1 1 1 -9999 1 1 1 1 1 2 2 3 3 -9999 -9999 9 8 9 12 13 26 19 19 25 17 15 7 -9999 -9999 -9999 -9999 -9999 8 10 10 12 16 17 18 15 13 14 10 7 10 15 16 14 11 12 13 16 18 19 20 21 26 32 36
-9999 -9999 -9999 -9999 -9999 -9999 -9999 -9999 -9999 -9999 -9999 -9999 -9999 -9999 5 3 -9999 3 2 1 -9999 -9999 -9999 -9999 -9999 -9999 -9999 -9999 -9999 -9999 -9999 1 1 1 1 1 -9999 1 0 0 1 1 1 1 1 1 -9999 1 1 2 -9999 -9999 -9999 -9999 11 10 13 18 16 15 14 9 10 6 -9999 -9999 -9999 -9999 -9999 -9999 -9999 -9999 7 8 14 21 19 16 15 14 12 10 11 9 9 8 10 12 12 15 16 18 19 23 27 36
-9999 -9999 -9999 -9999 -9999 -9999 -9999 -9999 -9999 -9999 -9999 -9999 -9999 -9999 -9999 -9999 -9999 3 2 -9999 -9999 -9999 -9999 -9999 -9999 -9999 -9999 -9999 -9999 -9999 -9999 1 1 0 1 1 1 -9999 -9999 -9999 1 -9999 -9999 -9999 -9999 1 1 2 2 2 -9999 -9999 -9999 -9999 -9999 5 9 12 10 8 8 7 7 6 -9999 -9999 -9999 -9999 -9999 -9999 -9999 -9999 -9999 6 8 15 13 13 11 11 9 9 8 6 7 7 -9999 -9999 11 12 14 15 17 18 25 31
-9999 -9999 -9999 -9999 -9999 -9999 -9999 -9999 -9999 -9999 -9999 -9999 -9999 -9999 -9999 -9999 -9999 2 0 0 -9999 -9999 -9999 -9999 -9999 -9999 -9999 -9999 -9999 -9999 -9999 -9999 -9999 -9999 -9999 -9999 -9999 -9999 1 0 -9999 -9999 -9999 -9999 -9999 -9999 1 2 1 0 -9999 -9999 -9999 -9999 -9999 -9999 -9999 6 5 5 -9999 -9999 -9999 -9999 -9999 -9999 -9999 -9999 -9999 -9999 -9999 -9999 -9999 -9999 4 6 5 2 3 3 3 4 4 6 6 -9999 -9999 -9999 -9999 -9999 -9999 -9999 -9999 -9999 -9999 23
-9999 -9999 -9999 -9999 -9999 -9999 -9999 -9999 -9999 -9999 -9999 -9999 -9999 -9999 -9999 -9999 -9999 -9999 -9999 0 0 -9999 -9999 -9999 -9999 -9999 -9999 -9999 -9999 -9999 -9999 -9999 -9999 -9999 -9999 -9999 -9999 0 1 0 1 -9999 -9999 1 -9999 -9999 1 0 0 -9999 -9999 -9999 -9999 -9999 -9999 -9999 -9999 -9999 -9999 -9999 -9999 -9999 -9999 -9999 -9999 -9999 -9999 -9999 -9999 -9999 -9999 -9999 -9999 -9999 -9999 -9999 0 0 -9999 -9999 -9999 -9999 -9999 -9999 -9999 -9999 -9999 -9999 -9999 7 -9999 -9999 -9999 -9999 14 23
-9999 -9999 -9999 -9999 -9999 -9999 -9999 -9999 -9999 -9999 -9999 -9999 -9999 -9999 -9999 -9999 -9999 -9999 -9999 -9999 0 -9999 0 -9999 -9999 -9999 -9999 -9999 -9999 -9999 -9999 -9999 -9999 -9999 -9999 -9999 -9999 -9999 -9999 0 -9999 -9999 1 1 -9999 -9999 0 -9999 -9999 -9999 -9999 -9999 -9999 -9999 -9999 -9999 -9999 -9999 -9999 -9999 -9999 -9999 -9999 -9999 -9999 -9999 -9999 -9999 -9999 -9999 -9999 -9999 -9999 -9999 -9999 -9999 -9999 -9999 -9999 -9999 -9999 -9999 -9999 -9999 -9999 -9999 -9999 4 5 -9999 -9999 -9999 -9999 -9999 12 16
-9999 -9999 -9999 -9999 -9999 -9999 -9999 -9999 -9999 -9999 -9999 -9999 -9999 -9999 -9999 -9999 -9999 -9999 -9999 -9999 -9999 0 1 0 1 1 -9999 -9999 -9999 -9999 -9999 -9999 -9999 0 -9999 -9999 -9999 -9999 -9999 -9999 -9999 -9999 2 1 -9999 -9999 -9999 -9999 -9999 -9999 -9999 -9999 -9999 -9999 -9999 -9999 -9999 -9999 -9999 -9999 -9999 -9999 -9999 -9999 -9999 -9999 -9999 -9999 -9999 -9999 -9999 -9999 -9999 -9999 -9999 -9999 -9999 -9999 -9999 -9999 -9999 -9999 -9999 -9999 3 3 3 4 -9999 -9999 -9999 -9999 -9999 -9999 9 9
-9999 -9999 -9999 -9999 -9999 -9999 -9999 -9999 -9999 -9999 -9999 -9999 -9999 -9999 -9999 -9999 -9999 -9999 -9999 -9999 -9999 2 3 3 4 2 3 4 5 4 2 1 1 1 1 1 -9999 0 0 -9999 -9999 1 1 0 -9999 -9999 -9999 -9999 -9999 -9999 -9999 -9999 -9999 -9999 -9999 -9999 -9999 -9999 -9999 -9999 -9999 -9999 -9999 -9999 -9999 -9999 -9999 -9999 -9999 -9999 -9999 -9999 -9999 -9999 -9999 -9999 -9999 1 0 1 1 2 2 2 2 2 2 -9999 -9999 -9999 -9999 -9999 -9999 -9999 5 5
-9999 -9999 -9999 -9999 -9999 -9999 -9999 -9999 -9999 -9999 -9999 -9999 -9999 -9999 -9999 -9999 -9999 -9999 -9999 -9999 -9999 2 2 7 9 6 5 6 10 10 4 3 4 4 1 1 1 1 1 -9999 -9999 0 -9999 -9999 -9999 -9999 -9999 -9999 -9999 -9999 -9999 -9999 -9999 -9999 -9999 -9999 -9999 -9999 -9999 -9999 -9999 -9999 -9999 -9999 -9999 -9999 -9999 -9999 -9999 -9999 -9999 -9999 -9999 -9999 -9999 1 1 1 2 4 3 2 2 2 1 1 -9999 -9999 -9999 -9999 -9999 -9999 -9999 -9999 -9999 2
-9999 -9999 -9999 -9999 -9999 -9999 -9999 -9999 -9999 -9999 -9999 -9999 -9999 -9999 -9999 -9999 -9999 -9999 -9999 -9999 -9999 -9999 -9999 -9999 -9999 -9999 5 4 4 5 5 4 7 6 1 3 2 1 0 -9999 -9999 -9999 -9999 -9999 -9999 -9999 -9999 -9999 -9999 -9999 -9999 -9999 -9999 -9999 -9999 -9999 -9999 -9999 -9999 -9999 -9999 -9999 -9999 -9999 -9999 -9999 -9999 -9999 -9999 -9999 -9999 -9999 -9999 1 1 6 6 5 5 5 4 2 1 2 1 -9999 -9999 -9999 -9999 -9999 -9999 -9999 -9999 -9999 -9999 2
-9999 -9999 -9999 -9999 -9999 -9999 -9999 -9999 -9999 -9999 -9999 -9999 -9999 -9999 -9999 -9999 -9999 -9999 -9999 -9999 -9999 -9999 -9999 1 2 2 -9999 2 3 4 4 3 1 1 0 -9999 0 0 -9999 -9999 -9999 -9999 -9999 -9999 -9999 -9999 -9999 -9999 -9999 -9999 -9999 -9999 -9999 -9999 -9999 -9999 -9999 -9999 -9999 -9999 -9999 -9999 -9999 -9999 -9999 -9999 -9999 -9999 -9999 -9999 -9999 -9999 -9999 1 3 6 11 14 12 9 4 1 1 1 1 -9999 -9999 -9999 -9999 -9999 -9999 -9999 -9999 -9999 -9999 1
-9999 -9999 -9999 -9999 -9999 -9999 -9999 -9999 -9999 -9999 -9999 -9999 -9999 -9999 -9999 -9999 -9999 -9999 -9999 -9999 -9999 -9999 -9999 -9999 2 1 -9999 -9999 -9999 -9999 -9999 -9999 -9999 -9999 -9999 -9999 -9999 -9999 -9999 -9999 -9999 -9999 -9999 -9999 -9999 -9999 -9999 -9999 -9999 -9999 -9999 -9999 -9999 -9999 -9999 -9999 -9999 -9999 -9999 -9999 -9999 -9999 -9999 -9999 -9999 -9999 -9999 -9999 -9999 -9999 -9999 -9999 -9999 -9999 1 2 5 5 4 3 1 0 0 -9999 -9999 -9999 -9999 -9999 -9999 -9999 -9999 -9999 -9999 -9999 -9999 0
-9999 -9999 -9999 -9999 -9999 -9999 -9999 -9999 -9999 -9999 -9999 -9999 -9999 -9999 -9999 -9999 -9999 -9999 -9999 -9999 -9999 -9999 -9999 -9999 -9999 -9999 -9999 -9999 -9999 -9999 -9999 -9999 -9999 -9999 -9999 -9999 -9999 -9999 -9999 -9999 -9999 -9999 -9999 -9999 -9999 -9999 -9999 -9999 -9999 -9999 -9999 -9999 -9999 -9999 -9999 -9999 -9999 -9999 -9999 -9999 -9999 -9999 -9999 -9999 -9999 -9999 -9999 -9999 -9999 -9999 -9999 -9999 -9999 -9999 -9999 0 0 0 1 0 0 -9999 -9999 -9999 -9999 -9999 -9999 -9999 -9999 -9999 -9999 -9999 -9999 -9999 0 0
