resultados/variables_proyeccion_tiempo/variables_paleo_21k/bio13.asc
ncols 330
nrows 228
xllcorner -12.000000
yllcorner 34.000000
cellsize 0.166667
NODATA_value -9999
[rows 159 to 211 of 228, columns 0 to 95 of 330]
-9999 -9999 -9999 -9999 -9999 -9999 -9999 -9999 -9999 -9999 -9999 -9999 -9999 -9999 -9999 -9999 -9999 -9999 -9999 -9999 -9999 -9999 -9999 -9999 -9999 -9999 -9999 -9999 -9999 -9999 -9999 -9999 -9999 -9999 -9999 -9999 -9999 -9999 -9999 -9999 -9999 -9999 -9999 -9999 -9999 -9999 -9999 -9999 -9999 -9999 -9999 -9999 150 150 147 148 145 141 137 134 131 128 124 121 119 116 112 109 107 105 104 104 104 103 103 104 105 108 110 111 108 102 100 104 103 101 99 101 109 113 103 89 91 99 92 98
-9999 -9999 -9999 -9999 -9999 -9999 -9999 -9999 -9999 -9999 -9999 -9999 -9999 -9999 -9999 -9999 -9999 -9999 -9999 -9999 -9999 -9999 -9999 -9999 -9999 -9999 -9999 -9999 -9999 -9999 -9999 -9999 -9999 -9999 -9999 -9999 -9999 -9999 -9999 -9999 -9999 -9999 -9999 -9999 -9999 -9999 -9999 -9999 -9999 -9999 -9999 -9999 -9999 156 155 158 156 152 146 141 136 133 130 126 123 120 116 112 109 108 107 106 104 103 104 104 104 104 105 104 98 98 97 100 99 98 101 109 110 111 101 93 87 92 96 91
-9999 -9999 -9999 -9999 -9999 -9999 -9999 -9999 -9999 -9999 -9999 -9999 -9999 -9999 -9999 -9999 -9999 -9999 -9999 -9999 -9999 -9999 -9999 -9999 -9999 -9999 -9999 -9999 -9999 -9999 -9999 -9999 -9999 -9999 -9999 -9999 -9999 -9999 -9999 -9999 -9999 -9999 -9999 -9999 -9999 -9999 -9999 -9999 -9999 -9999 -9999 -9999 -9999 -9999 -9999 158 156 154 155 150 143 139 135 131 128 124 120 114 111 110 108 106 105 104 104 105 105 105 102 99 97 94 95 95 98 99 103 111 117 107 100 102 93 90 92 86
-9999 -9999 -9999 -9999 -9999 -9999 -9999 -9999 -9999 -9999 -9999 -9999 -9999 -9999 -9999 -9999 -9999 -9999 -9999 -9999 -9999 -9999 -9999 -9999 -9999 -9999 -9999 -9999 -9999 -9999 -9999 -9999 -9999 -9999 -9999 -9999 -9999 -9999 -9999 -9999 -9999 -9999 -9999 -9999 -9999 -9999 -9999 -9999 -9999 -9999 -9999 -9999 -9999 -9999 -9999 -9999 -9999 -9999 154 157 153 147 142 138 134 130 124 118 114 112 109 108 106 105 104 103 102 100 99 97 94 91 90 93 101 99 99 101 104 101 98 98 104 96 96 92
-9999 -9999 -9999 -9999 -9999 -9999 -9999 -9999 -9999 -9999 -9999 -9999 -9999 -9999 -9999 -9999 -9999 -9999 -9999 -9999 -9999 -9999 -9999 -9999 -9999 -9999 -9999 -9999 -9999 -9999 -9999 -9999 -9999 -9999 -9999 -9999 -9999 -9999 -9999 -9999 -9999 -9999 -9999 -9999 -9999 -9999 -9999 -9999 -9999 -9999 -9999 -9999 -9999 -9999 -9999 -9999 -9999 -9999 -9999 158 161 156 150 146 142 136 130 124 118 116 114 111 108 106 104 102 101 100 98 94 93 93 94 96 98 94 97 94 98 106 104 100 100 106 96 99
-9999 -9999 -9999 -9999 -9999 -9999 -9999 -9999 -9999 -9999 -9999 -9999 -9999 -9999 -9999 -9999 -9999 -9999 -9999 -9999 -9999 -9999 -9999 -9999 -9999 -9999 -9999 -9999 -9999 -9999 -9999 -9999 -9999 -9999 -9999 -9999 -9999 -9999 -9999 -9999 -9999 -9999 -9999 -9999 -9999 -9999 -9999 -9999 -9999 -9999 -9999 -9999 -9999 -9999 -9999 -9999 -9999 -9999 -9999 -9999 164 162 158 154 151 144 137 131 125 120 116 112 108 106 103 101 98 98 97 95 94 94 92 91 90 89 89 90 91 99 107 96 96 101 103 95
-9999 -9999 -9999 -9999 -9999 -9999 -9999 -9999 -9999 -9999 -9999 -9999 -9999 -9999 -9999 -9999 -9999 -9999 -9999 -9999 -9999 -9999 -9999 -9999 -9999 -9999 -9999 -9999 -9999 -9999 -9999 -9999 -9999 -9999 -9999 -9999 -9999 -9999 -9999 -9999 -9999 -9999 -9999 -9999 -9999 -9999 -9999 -9999 -9999 -9999 -9999 -9999 -9999 -9999 -9999 -9999 -9999 -9999 -9999 -9999 169 168 165 162 159 153 145 138 131 125 120 116 110 105 102 99 97 95 95 94 92 91 92 92 93 94 92 90 90 87 88 88 89 93 101 94
-9999 -9999 -9999 -9999 -9999 -9999 -9999 -9999 -9999 -9999 -9999 -9999 -9999 -9999 -9999 -9999 -9999 -9999 -9999 -9999 -9999 -9999 -9999 -9999 -9999 -9999 -9999 -9999 -9999 -9999 -9999 -9999 -9999 -9999 -9999 -9999 -9999 -9999 -9999 -9999 -9999 -9999 -9999 -9999 -9999 -9999 -9999 -9999 -9999 -9999 -9999 -9999 -9999 -9999 -9999 -9999 -9999 -9999 -9999 -9999 178 177 174 171 168 161 153 144 137 130 124 118 112 106 102 98 96 94 91 90 90 91 93 93 94 96 95 93 95 94 87 87 91 90 92 95
-9999 -9999 -9999 -9999 -9999 -9999 -9999 -9999 -9999 -9999 -9999 -9999 -9999 -9999 -9999 -9999 -9999 -9999 -9999 -9999 -9999 -9999 -9999 160 159 159 156 158 157 -9999 -9999 -9999 -9999 -9999 -9999 -9999 -9999 -9999 -9999 -9999 -9999 -9999 -9999 -9999 -9999 -9999 -9999 -9999 -9999 -9999 -9999 -9999 -9999 -9999 -9999 -9999 -9999 -9999 -9999 -9999 187 187 183 180 178 170 160 151 141 133 125 119 113 106 101 96 92 89 88 88 88 89 93 90 91 92 93 95 95 91 88 88 91 96 96 103
-9999 -9999 -9999 -9999 -9999 -9999 -9999 -9999 -9999 -9999 -9999 -9999 -9999 -9999 -9999 -9999 -9999 -9999 -9999 -9999 -9999 165 164 164 162 161 159 158 155 153 154 152 151 -9999 -9999 -9999 151 150 150 -9999 -9999 -9999 -9999 -9999 -9999 -9999 -9999 -9999 -9999 -9999 -9999 -9999 -9999 -9999 -9999 -9999 -9999 -9999 -9999 -9999 191 192 191 190 186 178 166 154 143 133 125 118 112 105 100 95 92 92 91 89 89 90 90 88 90 92 95 95 90 91 92 91 92 96 103 109
-9999 -9999 -9999 -9999 -9999 -9999 -9999 -9999 -9999 -9999 -9999 -9999 -9999 -9999 -9999 -9999 -9999 -9999 -9999 -9999 169 168 167 170 176 171 166 161 156 152 151 152 152 151 149 149 152 152 151 150 150 147 146 152 155 -9999 -9999 -9999 -9999 -9999 -9999 -9999 -9999 -9999 -9999 -9999 -9999 -9999 -9999 -9999 190 189 192 197 192 182 168 155 144 133 124 116 110 104 99 94 93 93 95 91 91 90 89 91 93 96 101 103 102 98 93 93 97 102 108 114
-9999 -9999 -9999 -9999 -9999 -9999 -9999 -9999 -9999 -9999 -9999 -9999 -9999 -9999 -9999 -9999 -9999 -9999 174 173 173 171 177 183 189 194 186 172 159 153 153 153 153 154 156 154 156 155 152 150 147 145 146 149 154 -9999 155 161 167 176 184 187 195 204 206 206 201 192 192 193 191 187 195 202 194 184 169 155 143 133 124 115 108 103 98 96 96 95 95 93 91 92 93 94 95 96 102 105 104 98 94 96 100 105 111 117
-9999 -9999 -9999 -9999 -9999 -9999 -9999 -9999 -9999 -9999 -9999 -9999 -9999 -9999 -9999 -9999 176 178 180 182 180 181 184 204 209 206 205 185 170 166 174 166 167 166 164 158 160 157 156 151 149 147 147 149 148 150 156 162 170 177 184 190 196 204 212 209 204 196 197 197 199 199 205 202 193 179 166 152 139 130 123 115 106 101 98 99 98 97 98 95 94 94 94 95 103 107 104 100 95 94 95 98 102 106 110 113
-9999 -9999 -9999 -9999 -9999 -9999 -9999 -9999 -9999 -9999 -9999 -9999 -9999 -9999 -9999 178 182 188 199 204 216 215 203 219 222 205 191 182 175 179 168 175 166 162 163 160 159 153 151 149 150 148 160 157 147 148 150 154 157 162 168 176 182 191 198 195 191 191 193 197 202 208 206 200 189 175 160 147 135 125 117 113 105 103 104 104 103 102 99 98 98 97 97 95 93 93 92 93 94 95 97 100 102 105 108 111
-9999 -9999 -9999 -9999 -9999 -9999 -9999 -9999 -9999 -9999 -9999 -9999 -9999 -9999 -9999 182 191 209 229 247 255 248 244 242 233 212 193 187 185 176 166 176 168 180 178 176 161 152 155 160 154 151 158 156 144 150 145 143 143 146 150 154 160 167 168 166 166 168 173 180 188 193 193 188 179 170 156 145 138 132 126 116 118 114 116 112 108 106 106 107 104 102 101 100 96 93 96 96 97 98 99 100 102 104 106 107
-9999 -9999 -9999 -9999 -9999 -9999 -9999 -9999 -9999 -9999 -9999 -9999 -9999 -9999 -9999 186 194 225 247 257 262 267 259 245 238 221 198 182 184 169 174 184 179 178 177 174 160 155 147 146 139 139 140 150 142 137 135 131 131 131 133 137 140 142 143 141 141 145 151 160 169 180 182 174 166 159 154 161 148 159 165 148 170 162 146 138 139 141 131 122 134 119 122 113 109 98 102 100 100 100 99 100 101 103 104 105
-9999 -9999 -9999 -9999 -9999 -9999 -9999 -9999 -9999 -9999 -9999 -9999 -9999 -9999 -9999 191 196 213 246 270 272 278 274 263 249 223 206 189 197 189 186 164 149 162 161 150 135 128 120 119 119 120 121 122 120 119 118 119 119 118 120 120 122 123 120 119 122 124 131 137 146 161 168 161 151 142 136 139 157 173 179 183 183 174 175 164 159 175 171 158 160 147 142 142 132 124 107 100 100 99 99 100 100 101 102 102
-9999 -9999 -9999 -9999 -9999 -9999 -9999 -9999 -9999 -9999 -9999 -9999 -9999 -9999 -9999 196 205 219 243 268 306 320 303 279 261 221 197 180 191 195 165 135 129 137 140 125 116 109 103 103 104 105 107 107 106 105 105 106 108 108 105 105 106 105 101 100 101 100 99 105 117 133 141 138 131 124 117 116 122 130 142 148 150 158 170 178 178 185 166 157 176 170 170 168 151 135 116 109 103 101 101 100 99 100 100 -9999
-9999 -9999 -9999 -9999 -9999 -9999 -9999 -9999 -9999 -9999 -9999 -9999 -9999 -9999 -9999 -9999 210 221 244 294 325 335 305 259 229 216 202 193 177 172 158 156 163 165 132 114 104 98 94 93 94 94 95 94 94 93 93 94 95 94 95 98 98 99 94 88 90 84 85 89 96 106 114 115 113 113 117 109 112 113 124 128 113 122 136 149 145 159 151 155 141 156 153 138 154 154 135 114 111 109 105 100 98 98 -9999 -9999
-9999 -9999 -9999 -9999 -9999 -9999 -9999 -9999 -9999 -9999 -9999 -9999 -9999 -9999 -9999 -9999 211 223 242 297 343 330 302 246 228 218 221 231 214 180 198 202 173 158 131 107 96 90 87 87 85 85 85 85 83 83 84 86 85 86 91 102 114 117 115 104 107 108 103 91 88 89 94 95 95 97 100 94 97 106 114 114 108 106 113 125 127 126 139 138 131 151 145 136 131 126 116 112 113 108 104 101 98 96 -9999 -9999
-9999 -9999 -9999 -9999 -9999 -9999 -9999 -9999 -9999 -9999 -9999 -9999 -9999 -9999 -9999 -9999 221 227 258 320 295 295 292 290 258 229 215 213 203 192 204 182 148 134 114 100 90 84 80 79 78 79 79 77 76 78 79 81 81 84 90 93 100 114 118 124 123 119 113 102 92 87 86 90 88 87 88 83 82 80 83 86 88 94 108 111 119 110 120 116 122 126 126 114 117 116 117 117 120 116 107 100 97 97 -9999 -9999
-9999 -9999 -9999 -9999 -9999 -9999 -9999 -9999 -9999 -9999 -9999 -9999 -9999 -9999 -9999 -9999 231 233 253 285 318 302 300 276 273 256 215 183 188 179 170 156 136 125 113 99 86 77 74 73 73 75 75 75 74 75 79 82 83 85 89 94 95 101 109 112 110 109 114 105 99 92 88 83 82 87 86 77 80 76 77 80 79 83 92 96 102 100 96 98 109 110 104 100 109 109 114 121 127 122 111 101 98 96 -9999 -9999
-9999 -9999 -9999 -9999 -9999 -9999 -9999 -9999 -9999 -9999 -9999 -9999 -9999 -9999 -9999 -9999 237 241 254 280 273 273 280 280 273 260 219 196 188 168 172 145 128 120 107 96 82 73 68 69 70 73 75 75 73 75 78 80 79 81 83 86 90 94 98 101 101 100 104 107 118 115 96 86 81 78 74 73 80 81 76 76 75 77 77 80 79 82 87 95 102 106 95 93 104 106 117 122 127 123 113 105 102 -9999 -9999 -9999
-9999 -9999 -9999 -9999 -9999 -9999 -9999 -9999 -9999 -9999 -9999 -9999 -9999 -9999 -9999 -9999 234 251 257 263 255 247 247 268 267 248 234 219 172 163 166 144 122 116 104 92 79 69 64 66 67 69 72 72 73 76 78 78 80 82 84 86 86 88 91 93 97 98 101 104 107 105 94 86 82 83 75 70 72 76 80 80 78 75 74 73 76 81 88 100 102 96 96 95 96 102 113 122 123 118 113 107 103 -9999 -9999 -9999
-9999 -9999 -9999 -9999 -9999 -9999 -9999 -9999 -9999 -9999 -9999 -9999 -9999 -9999 -9999 -9999 -9999 238 248 252 249 245 248 264 248 287 262 219 184 173 164 138 125 113 102 92 79 69 65 65 65 66 69 70 73 76 78 80 83 91 88 88 92 95 94 95 96 99 97 98 99 94 94 92 86 87 87 77 71 72 77 78 77 78 76 80 88 93 96 95 100 99 100 102 106 112 117 120 120 -9999 -9999 -9999 -9999 -9999 -9999 -9999
-9999 -9999 -9999 -9999 -9999 -9999 -9999 -9999 -9999 -9999 -9999 -9999 -9999 -9999 -9999 -9999 220 231 239 244 248 254 248 249 292 257 246 222 216 166 156 147 127 114 104 94 86 77 72 69 68 69 70 72 74 75 78 81 84 88 92 111 109 108 99 97 102 102 95 95 96 95 96 104 101 98 92 83 77 74 74 75 77 80 82 82 92 100 102 97 101 105 109 113 119 118 119 -9999 -9999 -9999 -9999 -9999 -9999 -9999 -9999 -9999
-9999 -9999 -9999 -9999 -9999 -9999 -9999 -9999 -9999 -9999 -9999 -9999 -9999 -9999 -9999 -9999 219 228 231 228 241 237 248 277 292 267 256 240 204 170 159 144 134 119 109 97 87 78 74 72 71 72 73 75 78 80 81 86 96 103 105 108 100 98 94 94 102 106 112 112 111 109 110 105 109 111 99 96 87 84 82 83 86 87 91 95 101 107 109 104 106 108 111 116 118 -9999 -9999 -9999 -9999 -9999 -9999 -9999 -9999 -9999 -9999 -9999
-9999 -9999 -9999 -9999 -9999 -9999 -9999 -9999 -9999 -9999 -9999 -9999 -9999 -9999 -9999 -9999 217 225 228 222 232 256 286 296 309 311 282 270 221 188 173 155 138 123 111 102 92 84 77 73 76 78 79 80 83 86 86 95 118 105 91 91 86 84 88 95 101 106 109 116 114 114 112 109 108 118 110 100 97 96 89 93 94 96 102 107 115 117 115 112 110 -9999 -9999 -9999 -9999 -9999 -9999 -9999 -9999 -9999 -9999 -9999 -9999 -9999 -9999 -9999
-9999 -9999 -9999 -9999 -9999 -9999 -9999 -9999 -9999 -9999 -9999 -9999 -9999 -9999 -9999 -9999 217 222 221 220 221 249 274 270 274 276 269 257 224 203 186 163 145 129 116 106 100 93 82 80 83 90 91 90 93 99 103 111 109 94 92 92 88 84 91 94 95 103 113 116 119 120 121 109 116 119 119 116 114 105 97 102 107 108 111 116 121 121 119 117 115 -9999 -9999 -9999 -9999 -9999 -9999 -9999 -9999 -9999 -9999 -9999 -9999 -9999 -9999 -9999
-9999 -9999 -9999 -9999 -9999 -9999 -9999 -9999 -9999 -9999 -9999 -9999 -9999 -9999 -9999 199 202 207 211 215 217 223 279 263 248 250 249 263 249 225 198 170 143 135 134 121 104 96 89 92 99 109 102 102 101 104 104 88 89 93 98 98 92 88 91 92 98 104 112 123 130 136 131 118 110 114 120 122 125 120 106 107 104 106 113 118 121 121 120 118 117 -9999 -9999 -9999 -9999 -9999 -9999 -9999 -9999 -9999 -9999 -9999 -9999 -9999 -9999 -9999
-9999 -9999 -9999 -9999 -9999 -9999 -9999 -9999 -9999 -9999 -9999 -9999 -9999 -9999 195 199 199 198 204 212 215 221 233 228 237 265 364 280 242 227 208 179 160 147 128 106 100 111 104 102 121 122 115 100 97 81 80 80 87 94 100 100 95 89 87 86 93 96 106 121 133 140 132 120 107 107 123 129 142 129 110 104 103 109 114 117 120 120 120 119 117 -9999 -9999 -9999 -9999 -9999 -9999 -9999 -9999 -9999 -9999 -9999 -9999 -9999 -9999 -9999
-9999 -9999 -9999 -9999 -9999 -9999 -9999 -9999 -9999 -9999 -9999 -9999 -9999 -9999 192 196 196 191 201 208 207 215 222 229 269 291 303 226 215 219 201 185 152 126 108 97 111 133 134 123 124 97 93 79 83 78 73 79 85 91 94 96 94 88 86 92 98 103 112 119 130 135 132 125 109 107 111 108 119 114 103 101 106 110 113 117 119 120 119 118 -9999 -9999 -9999 -9999 -9999 -9999 -9999 -9999 -9999 -9999 -9999 -9999 -9999 -9999 -9999 -9999
-9999 -9999 -9999 -9999 -9999 -9999 -9999 -9999 -9999 -9999 -9999 -9999 -9999 -9999 190 191 191 188 193 200 203 218 254 271 273 259 250 216 191 183 160 140 121 114 102 98 102 98 84 75 71 71 74 79 73 73 76 77 80 86 88 91 89 86 90 97 103 109 111 117 124 123 120 119 101 126 120 100 95 97 101 104 107 110 114 117 118 119 118 -9999 -9999 -9999 -9999 -9999 -9999 -9999 -9999 -9999 -9999 -9999 -9999 113 109 106 102 100
-9999 -9999 -9999 -9999 -9999 -9999 -9999 -9999 -9999 -9999 -9999 -9999 -9999 -9999 188 186 186 186 192 200 210 221 237 242 266 239 204 194 172 164 148 134 119 110 105 99 87 82 79 76 74 72 73 75 74 77 76 77 78 81 87 89 89 88 92 96 100 106 109 114 113 110 114 108 100 101 113 105 97 103 107 106 109 113 116 117 118 117 115 -9999 -9999 -9999 -9999 -9999 -9999 -9999 -9999 -9999 106 116 119 117 111 107 103 100
-9999 -9999 -9999 -9999 -9999 -9999 -9999 -9999 -9999 -9999 -9999 -9999 -9999 -9999 182 183 180 183 192 198 207 204 211 218 229 201 190 176 163 156 141 132 119 111 104 98 94 92 89 85 82 79 81 84 84 83 86 87 87 85 84 85 86 87 92 97 97 102 101 108 108 104 99 101 97 89 94 99 106 112 117 115 115 116 117 118 117 114 -9999 -9999 -9999 -9999 -9999 -9999 -9999 96 96 103 114 113 114 114 111 106 101 -9999
-9999 -9999 -9999 -9999 -9999 -9999 -9999 -9999 -9999 -9999 -9999 -9999 -9999 -9999 -9999 180 174 184 195 215 200 186 195 201 196 183 179 174 166 152 139 132 123 111 106 102 101 101 101 106 101 93 95 98 100 100 97 98 94 90 88 87 86 87 92 92 96 97 97 98 99 99 92 94 91 95 98 108 120 127 127 124 120 118 118 -9999 -9999 -9999 -9999 -9999 -9999 -9999 -9999 -9999 -9999 95 99 97 96 105 108 110 108 104 101 -9999
-9999 -9999 -9999 -9999 -9999 -9999 -9999 -9999 -9999 -9999 -9999 -9999 -9999 182 180 179 182 186 194 187 176 177 178 177 181 182 183 192 177 160 141 129 120 115 114 110 110 113 113 113 102 98 94 94 97 99 96 103 102 96 94 90 88 88 88 88 90 91 93 91 91 89 85 87 91 96 102 112 125 134 132 129 125 -9999 -9999 -9999 -9999 -9999 -9999 -9999 -9999 -9999 -9999 -9999 -9999 93 91 90 94 99 103 105 104 101 -9999 -9999
-9999 -9999 -9999 -9999 -9999 -9999 -9999 -9999 -9999 -9999 -9999 -9999 185 186 184 183 188 189 180 173 169 174 176 172 170 166 169 179 173 145 136 128 123 119 117 118 111 108 106 106 106 103 106 103 101 100 95 101 98 99 97 92 91 90 90 90 91 91 89 88 87 85 85 89 93 99 106 114 124 131 133 132 128 -9999 -9999 -9999 -9999 -9999 -9999 -9999 99 100 97 -9999 -9999 92 90 90 92 96 100 101 100 -9999 -9999 -9999
-9999 -9999 -9999 -9999 -9999 -9999 -9999 -9999 -9999 -9999 -9999 190 188 189 188 190 192 191 174 167 168 168 166 162 160 156 156 153 144 137 128 124 120 116 116 112 109 109 111 112 114 115 116 117 112 110 103 101 97 96 96 96 96 96 98 100 100 100 94 91 89 88 89 94 99 102 108 115 122 128 132 132 130 126 -9999 -9999 -9999 -9999 103 104 104 102 98 -9999 -9999 -9999 -9999 -9999 93 96 97 -9999 -9999 -9999 -9999 -9999
-9999 -9999 -9999 -9999 -9999 -9999 -9999 -9999 -9999 -9999 -9999 189 190 191 188 201 206 188 169 165 163 160 157 155 154 154 155 148 146 131 125 122 119 117 116 114 115 118 120 122 124 127 127 126 125 118 114 106 102 102 103 102 103 106 108 108 110 110 102 95 94 96 99 99 99 103 110 114 120 126 130 132 137 132 123 -9999 -9999 -9999 104 106 102 99 97 -9999 -9999 -9999 -9999 -9999 94 95 -9999 -9999 -9999 -9999 -9999 -9999
-9999 -9999 -9999 -9999 -9999 -9999 -9999 -9999 -9999 -9999 -9999 -9999 191 192 190 209 204 177 167 164 162 160 159 160 154 150 151 145 133 130 129 127 125 125 123 127 129 132 133 137 140 136 136 135 135 134 128 122 120 111 110 108 109 109 112 114 113 115 114 110 102 101 100 98 99 105 108 114 120 124 129 131 136 136 125 -9999 -9999 -9999 103 102 101 98 96 94 -9999 -9999 -9999 -9999 -9999 -9999 -9999 -9999 -9999 -9999 -9999 -9999
-9999 -9999 -9999 -9999 -9999 -9999 -9999 -9999 -9999 -9999 -9999 -9999 -9999 -9999 183 182 182 178 169 159 158 158 160 158 150 142 139 135 132 136 140 140 137 136 134 137 142 143 150 149 149 150 151 150 152 152 145 138 132 127 123 119 116 113 114 110 116 131 121 111 100 95 92 94 99 102 107 114 119 123 124 125 123 122 120 114 -9999 -9999 102 102 100 98 -9999 -9999 -9999 -9999 -9999 -9999 -9999 -9999 -9999 -9999 -9999 -9999 -9999 -9999
-9999 -9999 -9999 -9999 -9999 -9999 -9999 -9999 -9999 -9999 -9999 -9999 -9999 -9999 -9999 174 179 173 161 157 153 151 150 147 145 139 136 132 132 137 145 152 149 148 148 146 150 154 157 162 166 167 169 168 165 164 162 156 145 147 140 128 116 112 106 107 118 127 106 100 93 87 87 91 96 103 105 107 110 111 113 115 117 117 114 -9999 -9999 -9999 -9999 -9999 -9999 -9999 -9999 -9999 -9999 -9999 -9999 -9999 -9999 -9999 -9999 -9999 -9999 -9999 -9999 -9999
-9999 -9999 -9999 -9999 -9999 -9999 -9999 -9999 -9999 -9999 -9999 -9999 -9999 -9999 -9999 -9999 -9999 150 150 156 155 148 144 144 144 144 138 132 133 137 142 149 151 154 158 160 163 162 164 172 176 181 182 181 180 177 170 165 155 143 134 121 118 108 108 118 137 128 119 122 102 84 85 87 93 97 99 100 102 104 107 109 111 110 109 -9999 -9999 -9999 -9999 -9999 -9999 -9999 -9999 -9999 -9999 -9999 -9999 -9999 -9999 -9999 -9999 -9999 -9999 -9999 -9999 -9999
-9999 -9999 -9999 -9999 -9999 -9999 -9999 -9999 -9999 -9999 -9999 -9999 -9999 -9999 -9999 -9999 -9999 150 151 157 161 149 145 145 145 140 135 136 136 143 150 156 167 171 172 163 167 175 173 172 182 191 191 187 183 170 164 158 151 142 134 132 120 110 129 139 154 149 140 124 106 92 88 87 86 89 93 96 98 100 103 104 106 -9999 -9999 -9999 -9999 -9999 -9999 -9999 -9999 -9999 -9999 -9999 -9999 -9999 -9999 -9999 -9999 -9999 -9999 -9999 -9999 -9999 -9999 -9999
-9999 -9999 -9999 -9999 -9999 -9999 -9999 -9999 -9999 -9999 -9999 -9999 -9999 -9999 -9999 -9999 -9999 144 149 157 154 149 148 149 148 143 140 141 140 149 159 167 169 165 169 172 170 180 187 183 182 189 195 191 180 172 166 164 158 148 142 129 114 113 141 161 141 128 124 114 103 105 98 87 87 90 94 95 96 95 95 -9999 -9999 -9999 -9999 -9999 -9999 -9999 -9999 -9999 -9999 -9999 -9999 -9999 -9999 -9999 -9999 -9999 -9999 -9999 -9999 -9999 -9999 -9999 -9999 -9999
-9999 -9999 -9999 -9999 -9999 -9999 -9999 -9999 -9999 -9999 -9999 -9999 -9999 -9999 -9999 -9999 -9999 -9999 145 154 156 154 155 155 150 146 144 141 142 148 151 155 165 170 168 172 169 175 182 182 184 189 194 192 182 175 166 169 180 169 167 162 132 118 132 118 113 118 124 114 93 86 87 83 87 88 91 94 94 93 93 -9999 -9999 -9999 -9999 -9999 -9999 -9999 -9999 -9999 -9999 -9999 -9999 -9999 -9999 -9999 -9999 -9999 -9999 -9999 -9999 -9999 -9999 -9999 -9999 -9999
-9999 -9999 -9999 -9999 -9999 -9999 -9999 -9999 -9999 -9999 -9999 -9999 -9999 -9999 -9999 -9999 -9999 140 143 152 154 161 161 163 157 151 145 143 145 147 148 157 163 170 169 171 172 173 181 189 195 198 198 193 185 179 169 164 173 183 165 156 143 117 109 105 114 131 126 111 96 83 86 82 83 86 88 90 90 90 -9999 -9999 -9999 -9999 -9999 -9999 -9999 -9999 -9999 -9999 -9999 -9999 -9999 -9999 -9999 -9999 -9999 -9999 -9999 -9999 -9999 -9999 -9999 -9999 -9999 -9999
-9999 -9999 -9999 -9999 -9999 -9999 -9999 -9999 -9999 -9999 -9999 -9999 -9999 -9999 -9999 -9999 -9999 140 143 155 164 162 170 177 170 162 154 146 147 147 148 154 160 166 169 176 179 186 192 199 205 206 204 198 189 182 172 162 162 157 151 154 138 129 147 129 118 112 93 83 81 78 77 76 76 -9999 -9999 83 -9999 -9999 -9999 -9999 -9999 -9999 -9999 -9999 -9999 -9999 -9999 -9999 -9999 -9999 -9999 -9999 -9999 -9999 -9999 -9999 -9999 -9999 -9999 -9999 -9999 -9999 -9999 -9999
-9999 -9999 -9999 -9999 -9999 -9999 -9999 -9999 -9999 -9999 -9999 -9999 -9999 -9999 -9999 -9999 -9999 143 147 157 164 161 166 177 184 172 159 148 146 147 149 157 163 168 174 180 188 194 202 212 216 218 217 207 194 183 172 162 151 132 145 166 154 133 147 161 158 137 99 83 74 72 71 -9999 -9999 -9999 -9999 -9999 -9999 -9999 -9999 -9999 -9999 -9999 -9999 -9999 -9999 -9999 -9999 -9999 -9999 -9999 -9999 -9999 -9999 -9999 -9999 -9999 -9999 -9999 -9999 -9999 -9999 -9999 -9999 -9999
-9999 -9999 -9999 -9999 -9999 -9999 -9999 -9999 -9999 -9999 -9999 -9999 -9999 -9999 -9999 -9999 -9999 144 152 150 149 156 164 171 174 164 157 152 149 149 153 160 165 170 176 184 193 205 219 231 236 234 227 214 203 194 188 175 154 143 148 217 233 187 169 126 93 84 85 76 74 67 -9999 -9999 -9999 -9999 -9999 -9999 -9999 -9999 -9999 -9999 -9999 -9999 -9999 -9999 -9999 -9999 -9999 -9999 -9999 -9999 -9999 -9999 -9999 -9999 -9999 -9999 -9999 -9999 -9999 -9999 -9999 -9999 -9999 -9999
-9999 -9999 -9999 -9999 -9999 -9999 -9999 -9999 -9999 -9999 -9999 -9999 -9999 -9999 -9999 -9999 -9999 141 145 144 145 152 163 167 167 160 156 151 150 154 158 163 170 176 182 191 207 224 238 250 252 248 234 222 212 199 182 174 169 165 136 155 148 114 126 134 89 73 74 69 66 64 -9999 -9999 -9999 -9999 -9999 -9999 -9999 -9999 -9999 -9999 -9999 -9999 -9999 -9999 -9999 -9999 -9999 -9999 -9999 -9999 -9999 -9999 -9999 -9999 -9999 -9999 -9999 -9999 -9999 -9999 -9999 170 183 190
-9999 -9999 -9999 -9999 -9999 193 -9999 -9999 -9999 -9999 -9999 -9999 -9999 -9999 -9999 -9999 -9999 -9999 -9999 -9999 -9999 -9999 151 152 -9999 -9999 -9999 -9999 -9999 159 166 174 181 189 196 205 225 244 260 274 267 264 245 225 214 197 173 149 133 121 106 109 100 91 79 73 64 59 62 63 62 -9999 -9999 -9999 -9999 -9999 -9999 -9999 -9999 -9999 -9999 -9999 -9999 -9999 -9999 -9999 -9999 -9999 -9999 -9999 -9999 -9999 -9999 -9999 -9999 -9999 143 139 141 155 146 142 150 165 181 195
