resultados/variables_proyeccion_tiempo/variables_paleo_21k/bio15.asc
ncols 330
nrows 228
xllcorner -12.000000
yllcorner 34.000000
cellsize 0.166667
NODATA_value -9999
[rows 165 to 219 of 228, columns 0 to 95 of 330]
-9999 -9999 -9999 -9999 -9999 -9999 -9999 -9999 -9999 -9999 -9999 -9999 -9999 -9999 -9999 -9999 -9999 -9999 -9999 -9999 -9999 -9999 -9999 -9999 -9999 -9999 -9999 -9999 -9999 -9999 -9999 -9999 -9999 -9999 -9999 -9999 -9999 -9999 -9999 -9999 -9999 -9999 -9999 -9999 -9999 -9999 -9999 -9999 -9999 -9999 -9999 -9999 -9999 -9999 -9999 -9999 -9999 -9999 -9999 -9999 26 26 25 24 23 22 21 20 19 18 17 16 15 14 14 13 12 12 12 12 12 12 12 12 13 14 14 15 16 16 17 17 16 16 14 17
-9999 -9999 -9999 -9999 -9999 -9999 -9999 -9999 -9999 -9999 -9999 -9999 -9999 -9999 -9999 -9999 -9999 -9999 -9999 -9999 -9999 -9999 -9999 -9999 -9999 -9999 -9999 -9999 -9999 -9999 -9999 -9999 -9999 -9999 -9999 -9999 -9999 -9999 -9999 -9999 -9999 -9999 -9999 -9999 -9999 -9999 -9999 -9999 -9999 -9999 -9999 -9999 -9999 -9999 -9999 -9999 -9999 -9999 -9999 -9999 26 26 25 24 23 22 21 20 19 17 16 15 14 14 13 13 12 12 12 12 12 12 12 13 13 13 14 15 15 15 16 16 15 15 16 19
-9999 -9999 -9999 -9999 -9999 -9999 -9999 -9999 -9999 -9999 -9999 -9999 -9999 -9999 -9999 -9999 -9999 -9999 -9999 -9999 -9999 -9999 -9999 36 35 35 34 33 33 -9999 -9999 -9999 -9999 -9999 -9999 -9999 -9999 -9999 -9999 -9999 -9999 -9999 -9999 -9999 -9999 -9999 -9999 -9999 -9999 -9999 -9999 -9999 -9999 -9999 -9999 -9999 -9999 -9999 -9999 -9999 26 25 25 24 23 22 21 20 19 18 16 15 14 13 13 13 12 12 12 11 12 12 12 13 13 14 14 14 15 16 16 16 15 15 18 22
-9999 -9999 -9999 -9999 -9999 -9999 -9999 -9999 -9999 -9999 -9999 -9999 -9999 -9999 -9999 -9999 -9999 -9999 -9999 -9999 -9999 37 36 36 36 35 35 34 33 33 32 32 31 -9999 -9999 -9999 30 30 30 -9999 -9999 -9999 -9999 -9999 -9999 -9999 -9999 -9999 -9999 -9999 -9999 -9999 -9999 -9999 -9999 -9999 -9999 -9999 -9999 -9999 26 25 25 24 23 22 21 20 19 18 16 15 14 13 12 12 12 12 12 12 12 12 13 13 14 15 15 15 16 16 16 16 17 19 23 26
-9999 -9999 -9999 -9999 -9999 -9999 -9999 -9999 -9999 -9999 -9999 -9999 -9999 -9999 -9999 -9999 -9999 -9999 -9999 -9999 38 37 37 36 36 35 35 34 34 33 32 32 31 31 30 30 30 29 29 29 30 30 30 30 30 -9999 -9999 -9999 -9999 -9999 -9999 -9999 -9999 -9999 -9999 -9999 -9999 -9999 -9999 -9999 26 25 25 24 23 23 22 20 19 17 16 14 13 12 12 12 12 12 12 12 13 13 13 14 15 15 15 14 15 16 17 19 21 23 26 29
-9999 -9999 -9999 -9999 -9999 -9999 -9999 -9999 -9999 -9999 -9999 -9999 -9999 -9999 -9999 -9999 -9999 -9999 40 39 38 38 37 37 36 36 35 34 34 33 32 32 31 30 29 29 29 29 29 29 29 30 30 30 30 -9999 31 31 31 31 31 31 31 31 31 30 28 28 26 26 25 25 24 24 23 23 22 20 18 17 15 14 13 12 12 12 12 12 12 13 13 13 14 15 16 17 16 14 15 17 20 23 26 27 30 33
-9999 -9999 -9999 -9999 -9999 -9999 -9999 -9999 -9999 -9999 -9999 -9999 -9999 -9999 -9999 -9999 41 41 40 40 39 39 38 38 37 36 36 35 34 33 32 31 30 29 29 29 29 28 28 28 28 28 28 28 29 30 29 30 30 30 29 30 30 31 30 28 27 27 25 24 24 24 23 23 23 22 21 19 18 16 15 13 13 12 12 12 12 12 13 13 13 14 14 15 16 14 15 16 19 22 25 27 29 31 33 35
-9999 -9999 -9999 -9999 -9999 -9999 -9999 -9999 -9999 -9999 -9999 -9999 -9999 -9999 -9999 42 41 41 41 40 40 40 40 39 38 38 37 36 35 34 33 32 31 30 29 28 28 28 27 27 26 26 24 24 25 26 26 27 27 25 25 26 26 28 29 27 24 23 23 22 22 22 22 22 22 21 20 19 17 16 14 13 12 12 12 12 12 13 13 13 14 14 14 15 18 20 21 23 24 26 28 29 31 33 34 36
-9999 -9999 -9999 -9999 -9999 -9999 -9999 -9999 -9999 -9999 -9999 -9999 -9999 -9999 -9999 42 42 42 42 42 42 42 41 41 40 39 38 37 36 35 34 33 32 30 29 28 28 27 26 25 25 24 23 23 24 22 22 23 23 22 22 22 24 25 24 22 22 21 21 21 21 21 21 20 20 18 18 16 15 14 13 13 12 12 13 13 13 14 14 14 14 14 14 14 15 18 17 21 24 27 30 32 33 34 36 37
-9999 -9999 -9999 -9999 -9999 -9999 -9999 -9999 -9999 -9999 -9999 -9999 -9999 -9999 -9999 43 43 43 43 44 44 43 43 42 41 40 40 39 38 37 36 34 33 31 30 29 28 27 27 26 26 24 24 22 22 22 22 22 22 22 22 22 21 21 20 20 20 19 19 19 20 23 22 20 18 16 15 13 14 13 12 13 12 12 13 13 14 14 15 16 15 16 15 15 15 16 15 18 22 27 32 33 34 36 37 38
-9999 -9999 -9999 -9999 -9999 -9999 -9999 -9999 -9999 -9999 -9999 -9999 -9999 -9999 -9999 44 45 44 45 45 45 45 44 43 42 42 41 40 39 38 37 36 35 33 31 30 30 30 30 29 27 26 25 24 23 23 23 22 22 21 21 21 21 20 20 19 18 18 18 19 20 23 24 22 20 18 16 14 13 13 13 12 12 12 12 13 13 13 13 14 14 15 15 14 15 15 16 20 26 31 33 34 35 37 39 40
-9999 -9999 -9999 -9999 -9999 -9999 -9999 -9999 -9999 -9999 -9999 -9999 -9999 -9999 -9999 45 46 46 46 47 47 46 45 44 44 43 42 42 41 40 39 39 38 35 33 32 32 33 32 31 29 27 26 25 24 24 23 23 22 21 21 21 20 20 20 19 18 18 18 19 21 23 22 22 21 18 17 16 15 14 14 14 14 14 13 13 13 12 14 15 12 13 12 12 13 15 16 18 24 30 32 35 37 38 40 -9999
-9999 -9999 -9999 -9999 -9999 -9999 -9999 -9999 -9999 -9999 -9999 -9999 -9999 -9999 -9999 -9999 46 47 47 48 49 47 46 46 45 44 43 43 42 42 41 40 37 35 34 34 33 33 32 31 29 28 27 26 25 25 24 23 22 22 21 21 20 20 19 19 19 20 21 20 21 22 23 22 20 18 17 17 16 16 16 16 17 16 16 15 16 15 16 15 18 15 16 17 14 14 15 18 21 24 28 35 38 40 -9999 -9999
-9999 -9999 -9999 -9999 -9999 -9999 -9999 -9999 -9999 -9999 -9999 -9999 -9999 -9999 -9999 -9999 48 48 48 49 51 49 47 46 46 45 45 44 43 43 40 38 38 36 36 35 34 33 32 31 30 28 27 27 27 26 25 24 23 22 22 21 19 19 18 19 18 18 19 21 22 22 23 22 22 20 19 19 19 19 18 18 19 19 18 18 18 20 18 19 21 16 16 18 19 19 20 20 23 28 32 33 39 42 -9999 -9999
-9999 -9999 -9999 -9999 -9999 -9999 -9999 -9999 -9999 -9999 -9999 -9999 -9999 -9999 -9999 -9999 49 49 50 51 50 49 48 47 47 47 47 46 45 44 42 41 41 39 37 36 34 33 32 31 30 29 29 29 28 28 27 26 25 24 23 22 21 20 19 18 18 18 19 20 22 23 24 24 24 23 22 22 22 24 24 23 22 22 20 20 20 22 22 24 24 23 23 28 26 24 21 21 24 29 33 37 40 42 -9999 -9999
-9999 -9999 -9999 -9999 -9999 -9999 -9999 -9999 -9999 -9999 -9999 -9999 -9999 -9999 -9999 -9999 49 50 51 51 51 50 49 49 48 48 48 48 47 47 46 44 43 41 38 36 35 33 32 31 30 30 29 29 29 29 28 26 26 25 24 23 22 21 20 20 19 19 19 21 23 25 26 26 27 25 24 24 25 26 26 26 25 25 24 23 23 24 25 26 26 26 28 28 27 24 21 21 27 28 33 38 42 44 -9999 -9999
-9999 -9999 -9999 -9999 -9999 -9999 -9999 -9999 -9999 -9999 -9999 -9999 -9999 -9999 -9999 -9999 50 51 52 52 51 50 50 50 50 50 50 50 49 48 47 47 45 42 39 37 35 34 33 32 31 30 29 30 30 29 28 28 27 26 25 24 23 22 21 20 20 20 21 22 21 23 26 29 30 30 27 26 27 27 28 28 28 28 27 27 27 27 26 26 25 25 26 26 24 22 21 24 30 32 38 41 44 -9999 -9999 -9999
-9999 -9999 -9999 -9999 -9999 -9999 -9999 -9999 -9999 -9999 -9999 -9999 -9999 -9999 -9999 -9999 51 52 52 52 52 51 51 51 52 52 52 51 50 50 49 47 45 43 40 38 36 35 34 32 31 31 30 30 30 30 29 28 28 27 26 25 25 24 23 22 22 22 22 23 24 26 29 31 32 32 29 29 29 30 29 29 29 30 29 30 29 28 27 25 24 25 25 26 26 26 26 31 37 40 42 44 45 -9999 -9999 -9999
-9999 -9999 -9999 -9999 -9999 -9999 -9999 -9999 -9999 -9999 -9999 -9999 -9999 -9999 -9999 -9999 -9999 52 52 52 52 51 52 52 53 53 53 53 52 51 50 48 46 43 41 39 37 36 34 32 32 31 31 30 30 30 30 29 28 27 27 26 25 24 24 23 23 23 24 26 27 30 31 32 34 33 32 31 31 32 31 31 32 31 32 30 28 26 26 27 25 26 28 28 30 33 36 38 41 -9999 -9999 -9999 -9999 -9999 -9999 -9999
-9999 -9999 -9999 -9999 -9999 -9999 -9999 -9999 -9999 -9999 -9999 -9999 -9999 -9999 -9999 -9999 51 52 52 52 51 52 52 53 54 55 55 54 53 52 50 48 46 44 41 39 38 36 35 33 32 31 31 31 31 30 30 30 29 28 27 25 24 24 24 24 23 24 25 27 29 31 33 34 34 34 34 33 33 33 34 34 34 33 33 34 30 27 28 32 31 30 31 32 36 38 39 -9999 -9999 -9999 -9999 -9999 -9999 -9999 -9999 -9999
-9999 -9999 -9999 -9999 -9999 -9999 -9999 -9999 -9999 -9999 -9999 -9999 -9999 -9999 -9999 -9999 52 52 52 52 52 52 52 54 55 56 55 55 54 52 51 49 47 44 42 40 39 38 35 32 32 32 32 32 31 31 31 30 29 28 27 26 26 26 26 25 24 24 24 26 27 30 32 36 36 34 35 34 34 33 33 33 33 33 32 36 34 34 38 38 38 38 38 37 40 -9999 -9999 -9999 -9999 -9999 -9999 -9999 -9999 -9999 -9999 -9999
-9999 -9999 -9999 -9999 -9999 -9999 -9999 -9999 -9999 -9999 -9999 -9999 -9999 -9999 -9999 -9999 52 52 52 52 52 52 53 54 55 56 56 55 54 53 51 49 47 45 43 41 39 38 34 32 32 32 32 33 33 32 31 30 27 28 30 30 30 29 27 26 25 25 25 26 28 30 33 36 38 33 34 34 33 32 32 31 31 31 34 36 38 42 42 41 42 -9999 -9999 -9999 -9999 -9999 -9999 -9999 -9999 -9999 -9999 -9999 -9999 -9999 -9999 -9999
-9999 -9999 -9999 -9999 -9999 -9999 -9999 -9999 -9999 -9999 -9999 -9999 -9999 -9999 -9999 -9999 52 52 52 52 52 53 54 54 55 56 56 56 54 53 52 50 48 45 43 41 39 37 35 33 32 33 33 34 35 33 31 30 29 32 34 33 32 31 28 27 27 26 26 26 27 28 30 37 35 33 31 31 29 30 31 29 28 28 37 41 43 43 43 43 44 -9999 -9999 -9999 -9999 -9999 -9999 -9999 -9999 -9999 -9999 -9999 -9999 -9999 -9999 -9999
-9999 -9999 -9999 -9999 -9999 -9999 -9999 -9999 -9999 -9999 -9999 -9999 -9999 -9999 -9999 53 53 53 53 53 53 53 54 54 55 55 56 56 55 54 52 50 48 46 44 41 40 37 36 34 33 32 33 34 35 34 32 32 33 36 38 38 35 31 29 28 27 26 26 26 25 26 27 32 35 34 31 28 26 26 28 28 29 35 39 42 43 44 44 44 45 -9999 -9999 -9999 -9999 -9999 -9999 -9999 -9999 -9999 -9999 -9999 -9999 -9999 -9999 -9999
-9999 -9999 -9999 -9999 -9999 -9999 -9999 -9999 -9999 -9999 -9999 -9999 -9999 -9999 53 53 54 54 54 53 53 53 53 54 55 56 57 56 55 54 52 50 49 46 45 43 41 38 36 35 34 33 33 34 35 35 34 35 36 38 39 40 34 33 31 30 29 28 27 26 25 24 27 30 34 34 28 26 23 24 27 29 33 37 42 44 44 45 45 46 46 -9999 -9999 -9999 -9999 -9999 -9999 -9999 -9999 -9999 -9999 -9999 -9999 -9999 -9999 -9999
-9999 -9999 -9999 -9999 -9999 -9999 -9999 -9999 -9999 -9999 -9999 -9999 -9999 -9999 54 54 55 55 54 54 53 53 53 54 56 56 56 55 54 54 52 51 49 47 46 44 42 39 37 36 34 36 36 36 36 36 36 36 37 38 39 38 36 34 32 30 29 28 28 27 25 25 26 27 31 32 30 29 26 26 29 33 36 40 44 44 45 46 46 47 -9999 -9999 -9999 -9999 -9999 -9999 -9999 -9999 -9999 -9999 -9999 -9999 -9999 -9999 -9999 -9999
-9999 -9999 -9999 -9999 -9999 -9999 -9999 -9999 -9999 -9999 -9999 -9999 -9999 -9999 56 56 56 56 56 55 54 54 55 56 56 56 56 55 54 53 52 51 50 48 47 46 43 42 42 41 41 40 38 38 38 38 37 36 37 37 38 37 36 34 32 31 30 29 28 27 26 26 27 27 31 26 26 29 30 31 35 38 40 44 44 45 46 46 47 -9999 -9999 -9999 -9999 -9999 -9999 -9999 -9999 -9999 -9999 -9999 -9999 52 52 53 53 53
-9999 -9999 -9999 -9999 -9999 -9999 -9999 -9999 -9999 -9999 -9999 -9999 -9999 -9999 57 57 58 58 57 56 56 55 56 56 56 56 55 55 54 53 52 51 50 49 48 46 46 45 44 43 42 41 40 40 39 39 38 37 37 38 37 36 36 34 33 32 31 29 29 28 27 27 27 28 29 29 26 27 31 33 38 43 44 46 46 47 47 48 51 -9999 -9999 -9999 -9999 -9999 -9999 -9999 -9999 -9999 49 46 49 51 52 53 53 53
-9999 -9999 -9999 -9999 -9999 -9999 -9999 -9999 -9999 -9999 -9999 -9999 -9999 -9999 59 59 59 59 58 57 57 56 56 56 56 56 55 55 54 53 52 51 50 49 48 47 46 45 44 43 43 42 41 40 39 39 38 38 37 38 38 37 36 35 34 32 31 30 30 29 28 28 28 28 28 30 31 33 34 37 44 47 47 48 48 49 49 50 -9999 -9999 -9999 -9999 -9999 -9999 -9999 51 51 47 43 46 50 50 51 53 54 -9999
-9999 -9999 -9999 -9999 -9999 -9999 -9999 -9999 -9999 -9999 -9999 -9999 -9999 -9999 -9999 61 61 60 59 58 58 58 57 56 56 56 55 55 54 53 52 51 50 50 49 49 48 46 45 43 43 43 41 40 39 39 39 38 38 38 38 38 37 36 35 34 32 31 31 30 29 29 29 29 29 28 31 38 44 46 49 49 50 51 51 -9999 -9999 -9999 -9999 -9999 -9999 -9999 -9999 -9999 -9999 51 47 47 48 48 50 51 52 54 55 -9999
-9999 -9999 -9999 -9999 -9999 -9999 -9999 -9999 -9999 -9999 -9999 -9999 -9999 60 62 63 63 62 60 59 59 58 58 57 57 56 56 55 54 53 52 51 50 50 50 49 48 47 46 45 45 45 44 44 42 41 41 39 39 39 39 39 38 37 36 35 34 33 32 32 31 31 31 32 32 31 32 38 45 50 51 51 53 -9999 -9999 -9999 -9999 -9999 -9999 -9999 -9999 -9999 -9999 -9999 -9999 52 52 51 50 50 51 52 54 56 -9999 -9999
-9999 -9999 -9999 -9999 -9999 -9999 -9999 -9999 -9999 -9999 -9999 -9999 58 59 62 63 63 62 62 61 60 59 58 58 57 56 55 55 54 53 52 52 51 51 50 50 50 49 49 48 48 48 46 45 44 43 43 42 41 40 40 40 39 38 37 36 35 34 34 33 33 33 33 32 32 34 33 37 45 50 51 52 54 -9999 -9999 -9999 -9999 -9999 -9999 -9999 55 55 57 -9999 -9999 54 54 54 53 53 53 54 57 -9999 -9999 -9999
-9999 -9999 -9999 -9999 -9999 -9999 -9999 -9999 -9999 -9999 -9999 54 57 59 62 63 64 63 63 62 61 60 59 58 57 56 56 55 54 53 52 52 51 51 51 51 51 51 51 50 49 48 48 46 46 45 44 44 44 43 42 41 40 39 38 36 35 34 34 35 35 35 33 31 30 33 32 40 47 48 49 53 55 57 -9999 -9999 -9999 -9999 55 53 50 51 53 -9999 -9999 -9999 -9999 -9999 56 55 55 -9999 -9999 -9999 -9999 -9999
-9999 -9999 -9999 -9999 -9999 -9999 -9999 -9999 -9999 -9999 -9999 55 57 60 62 64 64 64 63 62 61 60 59 58 57 56 55 55 54 53 52 52 52 52 52 52 52 52 52 51 51 50 50 49 48 47 47 46 45 44 43 43 41 40 38 36 35 34 35 36 36 35 32 31 32 33 33 38 44 45 46 53 56 57 58 -9999 -9999 -9999 55 51 51 53 55 -9999 -9999 -9999 -9999 -9999 57 57 -9999 -9999 -9999 -9999 -9999 -9999
-9999 -9999 -9999 -9999 -9999 -9999 -9999 -9999 -9999 -9999 -9999 -9999 58 60 62 65 65 64 64 63 62 61 60 58 57 56 56 55 55 54 53 53 53 53 53 53 53 53 53 53 52 53 52 51 50 49 48 47 46 46 44 44 42 41 39 37 36 35 34 34 35 35 34 34 34 34 37 36 36 39 38 45 53 56 57 -9999 -9999 -9999 57 55 53 55 57 57 -9999 -9999 -9999 -9999 -9999 -9999 -9999 -9999 -9999 -9999 -9999 -9999
-9999 -9999 -9999 -9999 -9999 -9999 -9999 -9999 -9999 -9999 -9999 -9999 -9999 -9999 63 64 65 64 64 63 62 61 60 58 57 57 56 55 55 54 54 53 53 53 53 54 54 54 54 54 54 54 53 53 52 50 50 49 48 47 46 45 43 42 40 39 37 34 34 35 36 37 38 36 36 38 39 36 36 37 42 51 57 58 58 60 -9999 -9999 57 55 56 56 -9999 -9999 -9999 -9999 -9999 -9999 -9999 -9999 -9999 -9999 -9999 -9999 -9999 -9999
-9999 -9999 -9999 -9999 -9999 -9999 -9999 -9999 -9999 -9999 -9999 -9999 -9999 -9999 -9999 63 64 64 64 64 63 62 61 59 58 58 57 56 56 55 55 54 54 54 55 55 55 55 55 55 55 55 54 54 53 52 51 50 50 48 46 46 45 44 42 41 38 35 37 38 39 40 41 40 39 38 40 44 47 51 55 57 57 58 60 -9999 -9999 -9999 -9999 -9999 -9999 -9999 -9999 -9999 -9999 -9999 -9999 -9999 -9999 -9999 -9999 -9999 -9999 -9999 -9999 -9999
-9999 -9999 -9999 -9999 -9999 -9999 -9999 -9999 -9999 -9999 -9999 -9999 -9999 -9999 -9999 -9999 -9999 65 65 64 63 62 62 60 59 58 58 57 57 57 56 56 56 56 56 56 56 56 56 56 56 56 56 56 55 54 54 53 53 52 51 49 47 45 44 40 36 36 36 35 38 42 43 44 43 44 46 52 54 56 58 58 59 60 61 -9999 -9999 -9999 -9999 -9999 -9999 -9999 -9999 -9999 -9999 -9999 -9999 -9999 -9999 -9999 -9999 -9999 -9999 -9999 -9999 -9999
-9999 -9999 -9999 -9999 -9999 -9999 -9999 -9999 -9999 -9999 -9999 -9999 -9999 -9999 -9999 -9999 -9999 65 65 64 63 63 63 62 60 60 59 58 58 57 57 57 56 56 56 57 57 57 58 58 58 58 58 58 58 58 57 56 56 55 53 50 48 46 42 39 35 34 34 35 37 40 42 44 48 50 52 56 58 58 59 59 60 -9999 -9999 -9999 -9999 -9999 -9999 -9999 -9999 -9999 -9999 -9999 -9999 -9999 -9999 -9999 -9999 -9999 -9999 -9999 -9999 -9999 -9999 -9999
-9999 -9999 -9999 -9999 -9999 -9999 -9999 -9999 -9999 -9999 -9999 -9999 -9999 -9999 -9999 -9999 -9999 66 66 65 65 64 64 62 62 61 61 60 59 58 58 58 58 58 58 58 59 59 58 59 60 60 61 61 60 59 58 57 57 56 54 52 50 47 41 37 38 38 37 37 38 37 39 45 47 48 49 55 57 60 61 -9999 -9999 -9999 -9999 -9999 -9999 -9999 -9999 -9999 -9999 -9999 -9999 -9999 -9999 -9999 -9999 -9999 -9999 -9999 -9999 -9999 -9999 -9999 -9999 -9999
-9999 -9999 -9999 -9999 -9999 -9999 -9999 -9999 -9999 -9999 -9999 -9999 -9999 -9999 -9999 -9999 -9999 -9999 67 66 66 65 65 64 63 62 62 61 61 60 60 60 59 59 60 60 61 61 61 62 63 63 63 62 61 60 59 58 56 56 52 48 49 47 43 42 41 40 37 37 40 42 43 47 47 49 52 53 56 59 60 -9999 -9999 -9999 -9999 -9999 -9999 -9999 -9999 -9999 -9999 -9999 -9999 -9999 -9999 -9999 -9999 -9999 -9999 -9999 -9999 -9999 -9999 -9999 -9999 -9999
-9999 -9999 -9999 -9999 -9999 -9999 -9999 -9999 -9999 -9999 -9999 -9999 -9999 -9999 -9999 -9999 -9999 68 68 67 67 66 66 65 64 64 63 63 62 62 62 61 61 61 61 62 63 63 63 63 64 64 63 62 61 59 58 57 54 50 50 49 48 48 46 44 42 38 38 38 40 43 43 47 50 50 52 53 57 60 -9999 -9999 -9999 -9999 -9999 -9999 -9999 -9999 -9999 -9999 -9999 -9999 -9999 -9999 -9999 -9999 -9999 -9999 -9999 -9999 -9999 -9999 -9999 -9999 -9999 -9999
-9999 -9999 -9999 -9999 -9999 -9999 -9999 -9999 -9999 -9999 -9999 -9999 -9999 -9999 -9999 -9999 -9999 69 69 69 68 68 67 65 65 65 65 64 63 63 63 63 63 62 63 63 64 64 65 65 65 64 64 64 62 59 57 56 54 52 52 49 49 47 43 43 42 41 42 43 44 47 49 52 54 -9999 -9999 59 -9999 -9999 -9999 -9999 -9999 -9999 -9999 -9999 -9999 -9999 -9999 -9999 -9999 -9999 -9999 -9999 -9999 -9999 -9999 -9999 -9999 -9999 -9999 -9999 -9999 -9999 -9999 -9999
-9999 -9999 -9999 -9999 -9999 -9999 -9999 -9999 -9999 -9999 -9999 -9999 -9999 -9999 -9999 -9999 -9999 70 70 70 69 70 69 68 66 66 66 66 66 65 64 64 64 64 64 64 65 66 66 66 66 65 64 64 63 61 59 57 55 55 52 47 47 47 43 40 38 39 42 44 48 51 53 -9999 -9999 -9999 -9999 -9999 -9999 -9999 -9999 -9999 -9999 -9999 -9999 -9999 -9999 -9999 -9999 -9999 -9999 -9999 -9999 -9999 -9999 -9999 -9999 -9999 -9999 -9999 -9999 -9999 -9999 -9999 -9999 -9999
-9999 -9999 -9999 -9999 -9999 -9999 -9999 -9999 -9999 -9999 -9999 -9999 -9999 -9999 -9999 -9999 -9999 70 70 70 70 71 71 71 70 69 69 68 67 66 66 65 65 65 65 65 66 67 67 67 66 66 65 65 64 61 58 56 56 54 52 43 39 42 42 44 46 46 45 46 48 54 -9999 -9999 -9999 -9999 -9999 -9999 -9999 -9999 -9999 -9999 -9999 -9999 -9999 -9999 -9999 -9999 -9999 -9999 -9999 -9999 -9999 -9999 -9999 -9999 -9999 -9999 -9999 -9999 -9999 -9999 -9999 -9999 -9999 -9999
-9999 -9999 -9999 -9999 -9999 -9999 -9999 -9999 -9999 -9999 -9999 -9999 -9999 -9999 -9999 -9999 -9999 70 70 71 71 71 72 73 72 71 69 68 67 67 67 66 66 66 66 65 66 67 68 68 67 66 66 67 64 62 62 58 55 53 54 50 49 50 47 44 47 50 49 50 53 56 -9999 -9999 -9999 -9999 -9999 -9999 -9999 -9999 -9999 -9999 -9999 -9999 -9999 -9999 -9999 -9999 -9999 -9999 -9999 -9999 -9999 -9999 -9999 -9999 -9999 -9999 -9999 -9999 -9999 -9999 -9999 67 68 69
-9999 -9999 -9999 -9999 -9999 26 -9999 -9999 -9999 -9999 -9999 -9999 -9999 -9999 -9999 -9999 -9999 -9999 -9999 -9999 -9999 -9999 72 72 -9999 -9999 -9999 -9999 -9999 67 67 66 66 66 66 66 68 68 69 68 67 66 67 70 70 68 66 66 63 61 60 57 57 56 56 55 55 56 55 54 56 -9999 -9999 -9999 -9999 -9999 -9999 -9999 -9999 -9999 -9999 -9999 -9999 -9999 -9999 -9999 -9999 -9999 -9999 -9999 -9999 -9999 -9999 -9999 -9999 -9999 69 70 68 66 64 64 65 67 68 69
-9999 -9999 18 18 -9999 -9999 -9999 -9999 -9999 -9999 -9999 -9999 -9999 -9999 -9999 -9999 -9999 -9999 -9999 -9999 -9999 -9999 -9999 -9999 -9999 -9999 -9999 -9999 -9999 -9999 -9999 68 67 66 67 68 69 70 71 70 70 69 70 71 71 71 70 69 66 -9999 -9999 -9999 -9999 -9999 59 58 57 -9999 -9999 58 -9999 -9999 -9999 -9999 -9999 -9999 -9999 -9999 -9999 -9999 -9999 -9999 -9999 -9999 -9999 -9999 -9999 -9999 69 67 67 68 67 68 69 68 67 67 66 65 64 64 64 66 66 67
-9999 -9999 -9999 -9999 -9999 -9999 -9999 -9999 -9999 -9999 -9999 -9999 -9999 -9999 -9999 -9999 -9999 -9999 -9999 -9999 -9999 -9999 -9999 -9999 -9999 -9999 -9999 -9999 -9999 -9999 -9999 68 68 68 69 70 71 72 73 74 74 75 74 73 73 72 -9999 -9999 -9999 -9999 -9999 -9999 -9999 -9999 -9999 -9999 -9999 -9999 -9999 -9999 -9999 -9999 -9999 -9999 -9999 -9999 -9999 -9999 -9999 -9999 -9999 -9999 -9999 -9999 -9999 -9999 67 64 62 63 61 62 62 62 63 63 64 64 64 63 62 62 62 62 62 62
-9999 -9999 -9999 -9999 -9999 -9999 -9999 -9999 -9999 -9999 -9999 -9999 -9999 -9999 -9999 -9999 -9999 -9999 -9999 -9999 -9999 -9999 -9999 -9999 -9999 -9999 -9999 -9999 -9999 -9999 -9999 -9999 70 70 70 72 72 73 75 76 77 76 -9999 -9999 -9999 -9999 -9999 -9999 -9999 -9999 -9999 -9999 -9999 -9999 -9999 -9999 -9999 -9999 -9999 -9999 -9999 -9999 -9999 -9999 -9999 -9999 -9999 -9999 -9999 -9999 -9999 -9999 -9999 72 72 68 63 61 61 61 61 63 64 63 63 63 62 62 62 62 60 59 58 56 56 56
-9999 -9999 -9999 -9999 -9999 -9999 -9999 -9999 -9999 -9999 -9999 -9999 -9999 -9999 -9999 -9999 -9999 -9999 -9999 -9999 -9999 -9999 -9999 -9999 -9999 -9999 -9999 -9999 -9999 -9999 -9999 -9999 70 71 72 72 73 74 77 78 77 -9999 -9999 -9999 -9999 -9999 -9999 -9999 -9999 -9999 -9999 -9999 -9999 -9999 -9999 -9999 -9999 -9999 -9999 -9999 -9999 -9999 -9999 -9999 -9999 -9999 -9999 -9999 -9999 -9999 -9999 71 72 71 68 64 63 62 62 61 60 61 60 61 60 60 59 59 58 58 58 55 53 51 50 49
-9999 -9999 -9999 -9999 -9999 -9999 -9999 -9999 -9999 -9999 -9999 -9999 -9999 -9999 -9999 -9999 -9999 -9999 -9999 -9999 -9999 -9999 -9999 -9999 -9999 -9999 -9999 -9999 -9999 -9999 -9999 -9999 -9999 72 73 73 73 75 78 79 76 -9999 -9999 -9999 -9999 -9999 -9999 -9999 -9999 -9999 -9999 -9999 -9999 64 64 63 -9999 -9999 -9999 -9999 -9999 -9999 -9999 -9999 -9999 -9999 -9999 -9999 69 66 70 71 69 68 66 66 64 63 61 59 58 56 57 55 54 54 54 54 53 53 54 53 49 45 43 43
-9999 -9999 -9999 -9999 -9999 -9999 -9999 -9999 -9999 -9999 -9999 -9999 -9999 -9999 -9999 -9999 -9999 -9999 -9999 -9999 -9999 -9999 -9999 -9999 -9999 -9999 -9999 -9999 -9999 -9999 -9999 -9999 -9999 -9999 75 74 75 77 81 80 77 75 -9999 -9999 -9999 -9999 -9999 -9999 -9999 -9999 -9999 -9999 -9999 -9999 -9999 -9999 -9999 -9999 -9999 -9999 -9999 -9999 -9999 64 -9999 67 66 65 65 66 68 69 68 67 65 63 62 61 60 58 56 56 54 53 52 52 51 50 49 47 47 46 44 41 40 40
-9999 -9999 -9999 -9999 -9999 -9999 -9999 -9999 -9999 -9999 -9999 -9999 -9999 -9999 -9999 -9999 -9999 -9999 -9999 -9999 -9999 -9999 -9999 -9999 -9999 -9999 -9999 -9999 -9999 -9999 -9999 -9999 -9999 76 76 75 76 78 82 81 80 76 73 -9999 -9999 -9999 -9999 -9999 -9999 63 -9999 -9999 -9999 -9999 -9999 -9999 65 61 -9999 -9999 -9999 -9999 -9999 64 65 65 64 65 64 66 67 68 67 65 63 62 61 59 59 58 56 54 52 51 50 49 48 47 45 43 42 42 40 38 37 36
-9999 -9999 -9999 -9999 -9999 -9999 -9999 -9999 -9999 -9999 -9999 -9999 -9999 -9999 -9999 -9999 -9999 -9999 -9999 -9999 -9999 -9999 -9999 -9999 -9999 -9999 -9999 -9999 -9999 -9999 -9999 -9999 -9999 78 78 79 80 82 84 84 80 78 74 70 -9999 63 64 64 -9999 63 62 64 64 65 65 64 64 60 -9999 -9999 -9999 -9999 64 65 66 64 65 65 61 62 65 66 66 64 62 61 60 59 58 56 54 51 48 48 46 45 44 43 42 41 40 39 37 35 34 34
