resultados/variables_proyeccion_tiempo/variables_paleo_21k/bio14.asc
ncols 330
nrows 228
xllcorner -12.000000
yllcorner 34.000000
cellsize 0.166667
NODATA_value -9999
[rows 110 to 164 of 228, columns 192 to 287 of 330]
34 33 32 32 32 33 33 33 33 32 32 32 32 32 31 31 31 30 30 31 31 32 32 33 33 33 34 34 35 35 34 34 34 34 35 33 32 31 32 32 31 32 32 32 31 31 30 28 26 26 26 27 26 26 26 26 26 26 25 25 24 23 23 23 23 22 22 22 23 22 22 22 22 22 22 21 21 20 20 20 20 19 19 20 20 20 19 20 20 20 21 21 21 21 22 22
34 33 32 32 32 32 32 32 32 32 31 31 32 32 31 31 31 32 32 32 32 32 33 33 33 33 34 34 34 35 34 34 34 34 33 32 31 31 31 31 31 31 31 31 30 30 29 27 26 26 26 26 26 26 26 26 25 25 25 25 24 23 23 23 23 22 22 23 23 22 22 22 22 22 22 21 21 21 20 20 20 20 20 20 20 20 20 20 20 21 21 21 21 22 22 22
33 32 32 31 31 31 31 31 31 31 31 31 31 31 31 31 31 32 33 33 33 33 33 33 34 34 34 35 34 35 34 34 34 34 32 31 30 31 31 30 30 31 31 31 30 29 28 27 26 26 26 26 26 26 26 26 25 25 25 25 24 24 24 24 23 22 23 23 23 22 23 22 22 22 22 21 21 21 20 20 20 20 20 20 20 20 20 20 21 20 21 21 21 22 22 23
31 31 31 31 31 30 30 30 30 30 30 30 31 31 31 32 32 32 33 34 34 34 34 34 34 34 35 35 35 35 34 34 33 33 31 30 30 30 30 30 30 30 30 30 29 29 28 27 26 26 26 26 26 26 26 26 25 25 25 25 24 24 24 24 23 23 23 23 23 23 23 23 23 23 22 22 21 21 21 21 21 21 21 21 20 20 21 20 20 21 21 22 22 22 23 23
30 30 30 30 30 30 30 30 30 30 30 30 30 30 31 32 32 33 33 34 34 34 34 34 34 34 35 35 35 34 34 34 33 32 31 30 30 30 29 29 30 30 30 29 29 28 28 27 27 27 27 26 26 26 26 26 25 26 26 25 24 24 24 24 23 23 23 24 23 23 24 23 23 23 22 22 22 22 22 22 21 21 21 21 21 21 21 21 21 21 22 22 22 22 23 23
30 30 29 29 29 29 29 29 29 29 29 29 29 30 31 31 32 33 34 34 34 34 34 34 34 34 34 34 34 34 33 33 32 31 30 30 30 30 29 29 29 29 30 29 29 29 28 27 27 27 27 26 26 27 27 26 26 26 26 25 25 25 25 24 24 23 24 24 24 24 24 24 23 23 23 23 23 23 22 22 22 22 21 21 21 21 21 21 21 22 22 22 22 22 22 22
30 30 29 29 29 28 28 28 28 29 29 29 29 30 30 32 33 34 34 34 34 34 34 34 34 34 34 33 33 33 33 33 32 31 30 30 30 29 29 29 29 29 30 29 29 29 29 28 28 28 28 27 27 27 27 26 26 26 26 26 25 25 25 24 24 24 24 24 24 24 24 24 24 24 24 24 24 23 23 22 22 22 21 21 21 22 22 22 22 22 22 22 22 23 23 23
29 29 29 28 28 27 26 28 28 28 29 29 29 30 30 31 33 33 34 34 33 34 34 34 34 34 33 33 33 33 33 32 31 31 30 30 29 29 29 29 29 30 29 29 29 29 29 28 28 28 28 28 28 28 28 27 27 27 27 26 26 26 26 25 25 24 25 24 25 24 24 24 24 25 24 24 24 24 23 23 22 22 22 22 22 22 22 22 23 23 22 23 23 23 23 24
29 29 28 28 28 27 27 28 28 29 29 28 28 28 30 32 32 33 33 32 32 32 33 33 32 32 32 33 33 33 33 32 31 31 30 30 28 28 29 29 30 30 29 29 29 29 28 29 29 29 28 28 28 28 28 28 28 28 27 27 27 27 26 26 26 25 25 25 26 25 25 24 25 25 25 25 24 24 24 23 23 23 23 23 23 23 23 23 23 23 23 23 23 23 23 24
29 29 29 28 28 28 28 28 28 28 29 28 29 28 30 31 31 31 32 31 30 29 31 31 32 32 32 33 33 33 33 31 31 31 30 30 29 29 29 30 30 29 29 29 29 30 29 29 29 29 29 29 29 29 29 28 29 29 28 28 28 28 27 27 26 26 26 26 27 26 25 25 25 25 26 25 25 25 24 24 24 24 24 24 24 24 24 23 23 23 23 23 23 23 24 24
30 29 30 30 29 28 28 28 28 28 28 28 28 29 29 30 29 30 30 29 29 29 30 31 31 32 32 33 33 32 32 32 31 31 31 29 29 30 30 30 31 30 30 30 30 29 29 30 30 30 29 30 30 30 30 30 30 29 28 29 29 28 28 28 28 27 27 28 28 27 26 26 26 26 26 26 25 26 25 25 24 25 25 24 24 24 24 24 24 24 24 24 24 24 24 25
30 30 30 30 29 29 27 27 27 28 28 28 29 29 29 28 28 28 27 27 26 26 28 30 31 32 32 33 32 32 32 32 32 31 30 30 30 30 30 31 30 30 30 30 30 29 30 30 30 30 30 30 31 30 30 30 30 29 29 29 29 28 28 29 29 28 29 28 28 27 26 26 27 27 27 26 26 26 26 26 26 26 26 25 25 25 25 25 24 24 24 24 24 24 25 25
30 30 29 29 28 28 28 28 28 27 28 28 28 28 28 28 27 26 26 25 24 25 26 28 30 31 32 32 32 32 32 32 30 30 30 29 30 30 30 30 30 30 31 31 30 30 30 30 30 30 31 31 31 31 31 31 30 30 30 30 29 29 29 30 29 29 29 29 28 28 27 27 27 27 27 27 27 26 26 26 26 26 26 26 26 25 25 25 24 24 25 25 25 25 25 26
30 30 30 30 29 29 29 29 29 29 29 28 29 28 27 27 26 26 25 24 23 23 25 28 30 31 32 33 33 32 32 30 30 30 30 29 29 29 29 30 30 31 31 30 30 30 30 30 30 31 32 32 32 31 31 31 30 30 30 30 29 30 30 30 29 30 30 29 29 28 27 27 27 27 28 28 28 27 27 28 27 27 27 27 26 26 26 25 25 25 25 25 25 25 26 26
31 31 31 32 31 30 30 29 29 28 28 28 28 28 28 27 26 25 24 23 22 23 24 27 29 31 33 33 32 31 31 30 30 29 29 28 28 29 29 30 30 31 31 31 31 31 30 30 30 31 31 31 31 31 31 30 30 30 30 30 30 30 30 30 30 30 29 29 29 29 28 28 28 28 28 29 29 28 28 28 28 28 28 27 27 26 26 26 25 25 25 25 25 26 26 26
32 32 32 32 32 32 30 29 29 28 28 28 28 28 28 27 26 25 24 24 24 24 25 27 29 30 32 32 32 31 31 30 29 28 28 28 28 29 29 30 29 30 31 31 31 30 30 30 30 30 30 30 30 31 30 30 30 30 30 30 30 30 30 30 30 30 30 29 29 29 28 28 28 28 29 29 30 30 30 30 30 29 29 28 28 28 27 27 26 26 26 26 26 26 26 27
31 31 31 32 32 32 31 30 29 29 28 28 28 28 28 27 27 26 26 25 26 26 27 28 29 31 32 33 32 31 30 29 28 28 28 28 28 27 28 29 30 30 31 31 30 30 29 30 30 29 29 29 30 30 29 30 30 30 30 30 30 31 31 30 30 30 29 29 29 29 28 28 28 28 29 30 31 31 31 31 31 30 30 30 29 29 28 27 26 26 27 27 27 27 27 27
32 31 31 31 31 32 32 31 30 28 28 27 28 28 28 28 28 26 26 26 26 27 27 28 29 31 32 32 32 31 30 29 28 28 27 26 26 27 28 29 30 31 30 30 30 30 29 29 28 28 28 28 29 29 29 29 29 30 30 30 30 31 31 30 30 30 29 29 29 28 28 28 28 29 30 30 32 32 32 32 32 32 32 31 30 29 29 28 27 27 27 27 27 27 27 27
32 31 30 30 31 30 30 30 29 28 27 27 27 27 27 27 27 27 27 27 28 28 28 30 30 31 32 32 32 31 30 29 27 27 27 26 27 27 29 29 30 30 30 30 30 29 29 28 28 28 27 27 28 28 28 29 29 30 30 30 31 31 31 31 31 30 29 28 28 28 27 27 28 29 30 31 32 33 33 33 33 33 32 32 30 30 29 29 29 28 28 28 28 28 28 27
32 31 31 30 30 30 29 28 28 27 27 27 27 27 27 27 27 27 27 28 29 29 30 30 31 31 31 31 31 31 30 28 28 27 27 27 27 27 28 29 30 30 30 30 30 29 28 28 28 27 27 26 26 27 28 28 29 29 30 30 31 31 31 31 30 30 29 28 27 27 26 26 28 29 30 31 33 33 33 33 33 33 33 32 32 31 30 30 29 29 28 28 28 27 27 27
31 30 29 29 29 29 29 29 28 28 28 28 28 27 27 26 27 27 27 28 30 30 31 31 32 32 32 32 31 31 29 28 28 27 26 27 27 28 28 29 30 30 30 29 29 29 29 28 28 27 26 25 26 27 28 29 29 29 29 30 30 31 31 30 30 29 29 28 27 27 26 26 28 29 30 32 33 34 34 34 34 33 33 32 32 32 31 30 30 29 29 29 29 28 28 27
29 28 28 28 29 29 30 30 29 29 29 28 28 28 27 27 27 27 28 29 30 32 33 33 33 32 32 31 30 30 29 28 28 27 27 28 27 28 29 30 30 30 30 30 30 30 29 29 28 27 26 26 27 28 28 28 28 29 29 30 31 31 31 30 30 29 29 28 27 27 27 27 28 29 30 32 34 35 35 34 34 32 32 32 31 32 32 31 30 30 30 29 28 28 27 26
30 28 29 29 29 30 31 31 31 31 31 30 30 30 29 28 27 27 28 29 30 32 34 35 34 33 32 31 30 30 30 30 29 28 28 28 27 28 28 29 30 31 31 31 31 30 29 28 28 28 28 28 28 28 28 28 29 29 30 30 30 31 31 31 30 30 30 29 28 27 27 27 28 29 30 31 33 34 34 34 33 32 32 31 32 32 32 31 30 30 30 29 29 28 28 27
34 32 32 31 31 31 32 32 31 31 32 32 32 31 30 30 28 28 29 30 31 33 34 35 35 33 32 32 31 30 30 29 28 27 27 27 28 28 29 29 30 31 31 30 30 29 29 29 28 28 29 28 29 28 28 28 29 29 30 30 30 30 30 30 30 29 29 28 28 27 27 27 28 29 30 31 32 33 34 33 32 32 31 31 31 31 31 31 31 31 31 30 30 29 28 27
39 38 32 29 32 35 35 36 35 34 33 33 32 32 33 33 30 29 30 31 32 33 34 34 35 34 33 32 31 30 29 29 28 27 27 28 28 28 29 29 29 29 29 30 29 29 29 29 28 28 29 29 29 29 29 29 29 29 30 30 30 30 30 30 30 29 29 28 27 27 27 27 28 29 30 31 31 32 32 32 31 31 31 31 31 31 32 31 31 31 31 30 30 29 29 28
34 32 31 35 34 38 38 37 36 36 36 38 36 35 34 35 35 34 33 33 33 33 34 34 33 32 32 31 30 30 29 29 28 28 28 28 28 28 28 29 29 29 29 29 29 29 28 28 28 28 29 28 29 29 29 29 29 29 30 30 30 30 30 30 30 29 28 28 28 27 27 27 27 28 29 30 30 31 31 31 31 31 31 30 31 31 31 31 31 32 31 31 31 30 30 30
61 50 30 33 34 35 38 34 33 33 35 36 39 40 39 38 38 37 38 37 37 35 34 34 33 32 31 29 29 29 28 28 27 27 27 28 28 28 28 28 29 28 29 29 29 29 28 28 28 28 28 29 29 29 29 30 30 30 30 30 30 30 30 30 29 29 29 28 27 27 27 27 28 28 29 29 30 30 30 30 30 30 30 30 30 31 31 31 32 31 31 31 31 31 31 31
47 30 26 33 34 34 32 32 32 32 33 35 36 39 41 42 42 40 39 42 40 37 36 35 34 33 31 30 28 28 28 28 28 28 28 28 28 28 29 28 29 28 28 28 28 28 28 28 27 28 27 28 29 29 29 29 29 30 30 30 30 30 29 29 29 28 28 28 28 27 28 27 28 28 29 29 29 29 30 29 29 29 29 30 30 30 30 31 31 31 31 31 31 31 31 31
46 37 30 28 30 31 32 30 36 32 32 35 38 39 37 39 41 43 41 42 41 42 40 37 35 33 32 30 28 28 28 28 28 28 28 28 29 29 28 28 28 28 28 28 28 28 28 28 27 27 28 28 28 29 29 30 29 29 30 30 30 30 29 29 28 28 28 28 28 28 27 27 27 27 28 29 29 29 29 29 29 29 29 29 29 29 30 30 31 32 32 33 33 32 32 32
32 32 26 32 32 32 32 28 30 34 31 33 35 38 39 38 40 40 40 42 41 42 43 42 38 36 33 30 29 28 28 28 28 28 28 28 28 28 28 28 28 28 27 27 27 27 27 27 27 27 28 28 28 28 29 29 29 29 29 29 29 29 28 28 28 28 28 27 27 27 27 26 26 26 27 28 28 29 29 29 29 29 28 28 29 30 30 31 32 32 32 33 32 32 32 31
26 24 24 25 26 25 25 25 31 30 30 32 35 37 38 38 39 38 39 42 40 42 44 44 43 39 36 33 30 29 27 27 27 27 27 27 27 27 27 27 27 27 27 27 26 27 27 27 27 27 28 28 28 28 28 28 28 28 28 28 28 28 28 28 28 28 27 27 27 27 26 26 25 25 26 28 28 28 28 28 28 28 28 28 29 30 30 31 31 32 32 32 32 31 30 30
24 23 23 23 23 24 25 27 30 29 30 31 34 35 35 35 34 37 39 37 40 40 43 42 42 41 40 35 34 30 28 26 26 26 26 27 27 26 26 26 26 26 26 26 26 26 26 26 26 27 27 28 28 28 28 28 28 28 28 28 28 28 28 28 27 27 26 26 26 26 26 26 26 25 26 27 27 27 27 27 27 28 27 27 28 29 30 31 32 33 33 32 32 31 30 29
24 23 23 23 22 23 25 27 28 28 29 30 32 34 34 34 33 33 34 37 37 39 40 40 42 41 38 38 37 33 30 28 27 26 26 25 24 24 24 25 25 25 25 26 26 26 26 26 26 27 27 27 27 28 28 28 28 28 28 28 27 27 27 27 26 26 26 25 25 25 26 26 26 26 25 26 27 27 27 27 27 27 27 27 28 29 30 31 32 32 32 31 31 30 30 29
25 25 28 28 23 23 24 25 26 27 28 30 31 32 33 32 32 32 33 37 37 38 38 37 37 37 38 41 36 32 31 31 28 26 25 24 24 24 24 24 24 24 25 25 25 25 26 26 26 27 27 27 27 28 27 27 27 27 27 27 27 26 26 26 26 25 25 25 25 26 26 25 25 25 26 26 26 26 27 26 27 26 27 27 28 29 30 30 30 30 30 30 29 29 29 28
27 24 25 24 23 23 24 25 26 26 28 29 30 31 31 31 30 30 32 35 39 40 39 36 35 37 39 39 38 35 33 32 30 27 24 23 22 22 23 23 23 24 24 24 25 25 26 26 26 26 27 27 27 27 27 27 27 27 26 26 26 26 25 25 25 25 25 25 25 25 25 24 25 25 25 25 26 26 26 26 26 26 26 27 28 28 28 28 28 28 28 28 28 28 28 27
24 24 23 23 23 23 24 25 25 26 27 28 30 30 30 30 29 29 31 34 38 39 38 36 34 33 34 36 37 38 36 33 30 29 26 21 21 22 22 22 22 23 23 24 24 25 25 26 26 26 26 26 27 26 26 26 26 26 26 26 25 25 25 25 25 25 25 24 24 24 24 24 24 24 25 25 26 26 26 25 26 26 27 27 27 26 26 26 27 27 27 27 27 27 27 27
23 23 23 23 23 24 24 24 24 25 26 28 29 29 30 30 29 30 32 34 35 37 36 35 34 35 34 38 38 38 35 33 30 27 26 22 21 21 21 21 22 22 23 23 24 25 25 26 26 26 25 25 26 26 26 25 25 26 25 25 26 25 25 25 25 25 24 24 24 23 23 23 23 24 25 26 26 25 25 25 25 26 27 27 26 25 25 25 26 26 26 26 27 27 27 27
23 23 23 23 24 24 24 24 24 25 26 28 28 29 29 30 30 30 31 31 33 33 32 31 31 32 31 33 32 32 33 31 31 30 26 25 21 20 20 21 21 21 22 23 24 25 25 25 25 25 25 25 25 25 25 25 25 25 25 26 25 25 25 25 25 24 24 24 23 23 23 23 23 24 25 26 26 25 25 25 26 26 26 26 26 25 25 26 26 26 26 26 26 26 26 27
24 24 24 24 24 24 24 24 25 25 26 28 28 29 30 29 29 29 29 29 30 30 29 29 28 28 28 28 30 31 32 33 32 31 28 27 24 21 20 20 20 20 21 22 24 24 24 25 25 25 25 25 25 25 24 25 25 26 25 25 25 25 25 25 24 24 24 23 23 23 22 23 24 24 25 26 25 25 24 25 26 26 26 26 26 25 26 26 26 26 26 26 26 26 26 26
24 24 24 24 23 24 24 25 25 26 27 28 29 29 31 32 30 30 29 27 27 26 26 25 26 26 26 27 31 33 34 36 31 30 30 24 25 23 20 19 18 19 21 22 24 24 24 24 24 25 25 25 25 24 25 25 25 25 25 25 25 24 24 24 24 24 24 23 23 23 23 23 23 24 25 26 25 24 24 25 25 25 25 26 26 26 26 26 26 26 26 26 26 25 25 26
24 24 24 24 24 24 25 25 26 27 28 29 30 30 33 32 33 30 28 26 25 24 23 23 24 25 25 26 26 27 29 29 26 29 28 27 23 22 19 18 18 18 21 23 24 25 25 25 24 24 24 25 24 25 25 25 24 24 24 24 24 24 24 24 24 24 23 23 24 24 23 23 24 25 26 26 25 24 25 25 24 24 25 25 27 26 26 26 26 26 26 25 25 25 25 25
25 24 24 24 24 25 25 26 26 27 28 28 28 28 30 36 40 34 32 29 24 23 22 23 23 23 24 24 24 25 29 32 26 27 31 28 28 26 21 18 19 19 22 23 24 24 24 25 24 24 24 24 25 25 24 24 24 24 24 24 24 24 24 24 24 24 24 24 24 24 24 24 25 25 26 25 25 24 24 24 24 24 24 24 26 26 26 26 26 26 25 25 25 25 25 25
25 24 24 24 25 25 26 26 27 27 28 28 30 33 29 33 41 39 40 38 29 24 22 22 23 23 24 24 24 24 25 29 29 28 26 29 29 29 25 20 20 20 22 24 25 25 24 24 24 23 24 24 24 24 24 24 24 24 24 23 24 24 24 24 25 25 25 25 24 24 24 25 25 26 25 25 24 24 24 24 24 24 24 24 26 26 26 26 26 26 26 25 25 25 25 25
25 25 24 25 25 26 26 27 28 28 28 28 29 31 32 32 38 34 35 34 29 26 23 22 23 23 23 23 23 23 24 25 25 32 24 28 30 27 23 22 22 22 23 24 25 25 24 24 24 23 24 24 24 24 24 24 24 23 24 24 24 24 25 25 25 25 25 25 25 25 25 25 26 26 25 25 24 24 24 23 23 24 24 25 26 27 26 26 26 26 26 25 25 25 24 24
24 25 25 25 26 27 27 28 28 29 31 30 31 31 31 29 31 32 32 34 31 25 23 23 23 23 23 23 23 22 23 23 23 26 30 25 28 31 26 22 22 23 23 24 25 25 24 24 24 24 24 24 24 24 23 23 23 23 24 24 24 24 25 25 25 25 25 25 25 26 26 26 26 25 25 24 24 24 23 23 23 24 24 25 27 27 26 26 27 26 26 25 25 25 25 24
26 26 26 26 27 28 28 29 29 30 31 31 31 32 31 32 30 30 31 30 28 24 23 23 23 23 23 24 24 24 23 22 23 22 25 28 26 26 30 28 25 25 24 24 24 25 25 24 24 24 24 24 23 23 23 23 23 24 24 24 24 24 24 25 25 25 25 26 26 26 26 26 25 25 25 24 24 24 23 23 23 24 25 26 27 27 26 26 27 26 26 26 25 25 25 25
28 27 27 27 28 28 29 30 30 31 31 31 30 30 31 30 30 28 29 27 26 25 24 24 23 24 24 24 24 24 23 23 25 23 26 25 24 29 34 31 26 26 25 24 24 25 25 25 24 24 24 24 23 23 22 23 23 23 23 23 23 24 24 24 25 25 26 26 26 26 26 25 25 25 24 24 24 24 24 24 24 25 27 27 28 26 26 26 26 26 26 26 25 25 25 25
29 29 28 28 29 30 30 31 30 31 31 31 31 34 37 38 35 30 29 31 34 34 35 30 25 24 24 25 25 25 25 25 25 23 24 27 28 35 38 35 29 28 25 24 24 24 25 25 24 25 24 23 23 23 23 22 22 22 22 22 22 22 23 24 24 25 25 25 25 25 25 25 25 25 25 24 24 25 25 25 26 27 29 29 28 27 25 26 26 26 26 26 26 25 25 25
31 30 30 30 31 31 31 32 32 32 32 32 32 36 38 38 35 32 34 38 44 44 45 43 39 30 37 43 45 44 41 36 29 34 33 36 35 36 37 35 31 28 26 24 24 25 25 25 25 25 24 24 23 23 23 22 21 21 20 20 20 21 22 23 24 24 25 25 25 25 25 25 25 24 24 24 25 26 26 27 28 29 31 31 30 28 26 26 26 27 27 26 26 26 25 25
33 32 31 32 32 33 33 34 34 34 35 35 35 34 40 46 46 46 41 37 38 46 46 39 36 31 34 37 39 41 40 40 45 42 41 40 37 33 32 30 29 28 26 25 25 25 25 24 25 24 24 24 24 23 22 22 21 19 18 19 19 20 22 22 23 24 24 25 25 25 25 25 24 -9999 24 26 26 26 27 28 29 30 31 32 32 31 29 28 27 27 26 26 26 26 26 26
35 34 34 34 34 34 34 34 35 36 37 38 43 39 42 52 49 46 43 42 38 41 40 41 39 32 31 31 32 32 32 38 39 37 36 33 31 30 30 28 28 27 26 26 26 25 25 25 25 25 25 25 24 24 23 22 20 17 16 17 19 20 21 22 23 24 24 25 25 25 25 25 25 25 25 25 25 25 26 28 29 30 31 32 32 32 31 30 29 28 28 27 27 27 27 27
37 36 34 34 34 35 35 36 36 36 39 43 46 40 44 46 40 38 35 33 32 32 32 32 31 30 30 31 31 30 32 32 31 31 31 30 29 29 30 29 28 27 27 26 26 26 25 25 25 26 27 26 25 24 23 22 19 17 16 17 19 20 21 22 23 24 25 25 25 25 25 26 26 25 25 25 24 25 25 26 27 29 31 33 34 34 34 32 32 31 31 29 28 28 29 29
38 35 34 35 35 36 37 37 37 38 40 42 40 43 41 41 38 35 34 33 33 33 33 32 32 31 32 32 31 31 31 31 31 30 31 30 30 30 30 29 29 28 28 27 27 26 26 26 27 28 28 27 26 25 24 22 20 18 18 18 19 20 22 23 24 24 24 25 25 25 25 26 26 25 24 24 24 24 25 25 26 28 31 33 35 36 40 38 35 34 32 30 30 30 30 30
38 36 35 36 37 38 38 38 38 38 41 41 43 43 38 39 37 36 36 35 34 34 34 34 34 32 33 33 33 32 32 32 32 32 32 32 32 31 31 30 29 29 28 28 27 27 27 27 27 28 29 28 26 25 24 22 21 20 20 20 20 22 23 24 24 24 24 25 26 25 25 25 -9999 -9999 -9999 24 24 24 25 25 26 29 31 35 38 42 39 33 32 32 31 31 31 30 30 29
41 39 38 38 39 39 39 39 39 39 41 41 42 41 40 36 36 37 36 35 34 34 34 34 34 33 34 34 33 33 33 33 33 33 33 33 33 33 32 31 30 30 29 28 28 28 28 27 28 28 28 28 26 25 23 23 22 22 22 22 22 23 24 24 25 26 26 25 -9999 -9999 -9999 -9999 -9999 -9999 -9999 -9999 -9999 25 26 26 28 30 34 38 42 44 32 -9999 -9999 -9999 -9999 -9999 -9999 -9999 -9999 -9999
