resultados/variables_proyeccion_tiempo/variables_paleo_21k/bio14.asc
ncols 330
nrows 228
xllcorner -12.000000
yllcorner 34.000000
cellsize 0.166667
NODATA_value -9999
[rows 110 to 164 of 228, columns 96 to 191 of 330]
44 44 44 44 44 44 44 45 45 46 47 47 48 48 48 47 47 46 45 45 44 44 44 43 42 40 38 37 40 42 44 46 46 47 47 48 47 47 46 44 43 43 43 42 41 40 39 38 37 36 34 33 32 33 34 34 35 36 36 35 35 34 34 34 34 34 35 35 36 36 37 37 38 38 38 38 38 37 37 36 36 35 34 33 31 30 29 29 28 30 32 34 35 36 36 37
44 43 43 43 43 44 44 45 46 46 47 48 48 48 48 48 47 46 45 45 45 45 45 44 43 41 40 39 42 44 45 46 47 47 47 48 45 43 43 42 42 42 41 40 40 39 39 38 37 37 36 34 34 34 34 35 36 37 36 35 36 35 35 34 34 34 35 35 36 37 37 37 37 37 37 36 36 35 35 35 34 34 33 31 30 29 28 28 28 30 31 32 34 35 35 35
43 43 43 42 43 43 44 44 45 46 47 48 48 48 48 48 48 47 46 46 46 46 47 47 46 45 44 44 46 45 47 47 47 46 47 47 46 43 41 42 42 41 40 40 39 38 38 38 38 38 36 36 36 35 35 36 37 37 36 36 36 35 35 35 35 34 34 35 35 36 35 35 35 36 35 35 34 34 34 34 33 33 32 30 29 29 28 28 29 29 30 31 32 33 34 33
43 43 42 42 42 43 43 44 46 46 47 48 48 48 48 48 48 47 47 47 48 49 50 49 49 48 48 48 48 48 48 47 46 46 46 47 46 45 43 42 42 42 40 39 38 38 37 37 38 38 37 37 37 37 37 37 37 38 37 37 36 35 36 36 36 35 36 35 35 35 35 35 34 35 34 34 33 33 32 32 32 30 30 29 29 28 28 28 28 29 29 30 31 32 32 32
44 43 42 42 42 42 44 44 46 47 48 48 48 48 48 48 48 47 47 48 50 52 53 52 52 51 51 51 51 50 48 47 47 46 45 45 45 45 44 43 42 41 39 39 38 37 37 36 37 37 37 37 37 38 38 39 38 38 38 37 36 36 36 36 36 35 35 36 35 35 34 34 33 33 33 33 33 33 32 32 31 30 30 29 28 28 28 28 28 28 29 30 31 31 31 30
44 44 44 43 43 44 45 45 46 48 49 49 48 48 48 48 47 47 48 49 51 53 54 54 54 53 53 53 53 52 50 47 45 44 43 43 44 45 45 44 42 41 39 39 38 37 37 36 36 36 37 38 38 39 40 40 40 39 38 38 36 35 36 36 35 35 35 35 34 34 34 34 33 33 33 32 32 31 31 30 30 31 29 29 28 28 28 28 28 28 29 29 30 30 30 30
45 45 44 45 45 45 46 47 47 48 49 50 49 49 48 47 47 47 48 49 51 53 55 55 54 55 54 54 53 52 50 48 46 43 42 42 42 42 42 41 42 40 39 40 38 38 37 36 36 36 37 38 39 40 41 42 40 38 38 38 37 36 35 34 34 34 35 35 34 34 34 34 34 33 33 32 31 30 30 30 30 30 29 29 28 28 28 28 28 28 28 29 29 29 29 30
45 45 45 46 46 46 47 48 49 49 50 51 50 49 48 47 46 47 47 49 50 52 53 54 56 55 56 56 54 53 51 49 46 43 42 44 44 44 43 42 40 39 38 37 38 38 37 36 36 36 37 38 39 40 41 41 38 35 36 37 37 37 36 33 34 35 36 37 36 34 34 34 33 33 33 32 30 30 30 30 30 29 29 29 28 28 28 28 28 29 29 29 29 29 29 29
46 46 47 47 47 47 49 50 50 50 51 52 50 49 48 46 46 47 48 49 50 50 53 55 57 60 61 59 57 54 53 55 54 49 45 45 46 45 44 42 44 40 40 39 37 36 36 36 36 37 38 38 39 40 40 39 37 36 36 37 38 37 36 33 34 35 36 36 35 35 34 33 33 33 31 31 31 30 29 29 29 29 28 28 28 28 28 28 28 29 29 29 29 29 29 29
46 47 48 48 48 49 50 51 50 50 51 53 52 50 48 47 47 47 48 51 51 50 51 54 58 62 62 59 59 60 60 54 50 53 49 53 50 50 47 42 40 38 36 37 36 35 34 35 36 37 39 39 39 39 39 38 38 37 37 37 38 38 38 37 34 35 35 36 35 35 33 33 32 32 31 30 30 30 29 29 29 28 28 28 28 28 28 28 28 29 29 29 29 29 29 29
47 48 48 49 49 49 50 50 50 50 51 50 51 51 48 47 47 48 50 52 52 52 53 55 59 58 57 60 62 62 58 58 54 55 57 55 54 64 63 53 41 38 35 34 34 34 33 33 34 35 36 37 38 38 38 39 39 38 38 38 38 38 38 37 36 36 36 36 36 35 33 32 31 31 31 31 30 30 30 30 30 29 29 28 28 28 29 29 29 29 30 30 30 30 30 30
48 48 49 49 50 50 50 49 49 49 50 51 52 51 49 47 48 50 51 51 51 52 54 57 60 59 58 58 59 65 59 56 54 64 56 47 52 63 80 84 65 51 40 36 34 33 32 32 33 33 34 36 36 36 37 37 38 39 38 39 38 38 38 38 38 38 38 37 37 35 33 32 31 31 30 30 30 30 30 30 30 30 29 28 27 28 29 29 29 30 30 31 31 32 31 31
48 49 49 50 50 50 50 49 49 49 50 51 52 51 50 49 49 51 51 52 52 53 55 57 59 60 62 63 64 65 58 54 51 52 53 45 50 48 56 54 51 50 46 41 37 33 32 32 32 33 34 35 36 36 36 37 38 38 39 40 38 39 38 39 39 39 39 38 36 35 34 33 32 30 30 29 29 29 29 29 30 29 28 29 28 28 30 30 30 30 31 31 32 32 31 31
48 49 50 50 51 51 51 50 49 50 51 52 52 52 51 50 50 54 55 56 57 58 61 62 64 67 69 70 68 63 56 54 51 51 51 46 51 54 56 50 41 35 33 29 32 32 31 31 31 33 34 35 35 36 37 36 37 38 38 38 38 38 37 38 39 40 39 38 36 35 34 32 31 30 28 29 29 29 29 30 30 30 30 30 29 29 30 30 30 30 30 31 31 32 30 30
50 50 51 51 52 52 52 52 52 52 52 52 52 53 52 51 51 55 61 63 66 66 66 65 68 68 75 77 68 62 58 53 48 49 56 49 49 56 48 42 37 33 28 28 31 32 33 32 32 32 34 35 36 37 37 37 37 39 40 40 40 38 37 37 39 40 40 39 37 36 34 31 30 28 28 28 29 29 30 30 30 31 31 31 30 31 31 31 31 31 30 31 31 31 31 31
51 51 52 52 52 53 53 54 54 53 51 51 52 53 53 53 52 53 56 60 62 64 66 64 66 70 72 69 61 60 57 46 45 46 49 46 48 44 44 37 33 28 26 27 29 34 35 36 35 34 34 36 37 38 38 40 41 40 39 40 40 40 39 39 39 39 39 38 38 36 35 33 31 28 27 27 28 28 28 28 29 30 31 32 32 32 32 32 32 32 32 32 32 32 32 32
52 53 52 52 53 53 54 54 54 55 54 55 55 54 54 53 54 53 51 53 56 57 59 59 60 67 64 60 54 51 50 44 50 48 43 46 42 43 47 40 34 30 30 31 34 37 38 39 37 37 36 37 38 39 40 43 44 44 41 37 37 36 37 37 36 36 37 43 44 39 37 38 35 30 28 27 28 27 28 28 29 30 31 32 33 33 33 33 32 32 31 32 31 31 31 31
53 54 56 54 55 55 56 57 58 59 61 65 64 65 62 56 54 52 48 49 52 52 53 57 61 57 59 53 48 48 47 45 45 41 43 45 48 44 45 52 49 39 35 35 36 37 41 41 39 38 37 38 41 42 43 45 47 50 48 41 36 33 32 32 32 34 36 42 47 55 53 42 38 37 33 29 28 27 28 28 29 30 31 33 33 33 33 33 33 33 33 33 33 32 32 32
55 57 58 57 57 58 59 60 62 63 69 74 81 80 69 62 57 54 51 48 50 50 51 54 56 52 47 46 44 45 48 54 45 42 42 49 53 47 42 43 49 52 46 46 40 45 45 44 42 40 41 42 44 48 48 52 48 40 33 33 30 29 28 27 28 29 30 32 35 37 39 38 37 34 32 32 27 27 28 28 28 30 32 33 33 33 33 33 33 33 33 33 34 33 32 32
55 59 59 59 59 59 62 64 65 67 74 78 79 78 71 64 57 54 54 48 44 44 48 46 42 44 47 48 42 40 43 48 47 44 46 53 47 40 39 40 40 44 48 48 49 50 48 48 43 42 49 55 56 59 50 42 34 32 30 28 25 24 23 25 25 25 27 28 30 32 33 32 30 33 35 26 28 30 27 28 29 30 31 32 32 33 33 33 33 34 34 33 34 35 35 33
59 62 64 65 63 62 64 64 65 70 75 72 69 65 62 55 53 51 49 44 42 43 44 45 45 45 53 46 41 40 40 42 43 43 44 45 40 39 39 39 38 39 39 40 44 49 50 47 47 44 41 41 39 38 46 39 32 32 31 29 25 22 21 21 22 23 25 26 27 28 28 28 27 29 37 32 32 37 35 34 34 32 31 31 31 31 32 33 33 33 33 33 34 35 36 33
61 65 67 65 63 65 64 66 73 69 68 63 59 57 51 48 46 44 42 41 44 46 42 44 43 38 37 39 41 40 41 44 46 43 40 38 39 39 39 40 40 39 42 42 41 42 50 50 43 39 34 40 46 44 43 39 37 35 32 29 26 22 20 21 23 23 24 25 26 26 26 26 26 26 27 30 33 33 35 40 36 34 32 31 31 30 32 33 34 34 33 32 33 33 31 30
59 65 69 68 68 69 71 73 74 71 66 60 54 50 44 42 42 41 42 44 43 46 43 37 37 35 34 38 42 41 41 44 48 43 40 40 38 37 40 42 41 41 45 44 44 42 45 45 44 39 41 41 40 41 40 39 36 34 33 30 26 24 23 24 26 26 27 27 26 28 28 26 27 26 28 27 29 26 30 34 35 34 32 31 30 29 30 32 34 35 35 35 34 33 31 31
55 59 61 61 61 63 66 69 70 67 62 56 53 50 45 45 46 47 50 46 43 41 41 41 40 38 36 39 46 45 45 44 46 43 43 41 39 38 42 43 42 41 41 43 44 44 42 41 40 39 45 41 38 38 37 36 36 37 38 38 32 28 26 27 28 28 29 30 31 31 33 34 34 31 29 28 27 25 24 27 34 35 34 32 28 28 31 33 37 43 43 41 42 37 37 34
47 51 52 55 57 58 58 60 61 60 58 56 54 51 48 49 52 50 49 47 44 43 44 45 43 38 38 40 47 49 50 48 48 47 45 44 42 42 41 42 42 41 40 42 43 43 40 41 39 40 42 43 40 39 39 39 41 40 44 40 35 32 32 33 32 33 33 32 33 32 32 34 35 32 30 27 28 28 25 25 29 32 31 29 32 35 39 46 43 48 47 50 49 48 40 36
41 45 48 49 51 54 56 56 55 55 55 56 53 49 50 49 48 48 48 47 44 43 45 48 48 40 40 41 47 46 46 45 45 45 46 47 46 45 44 44 42 42 40 41 43 44 42 40 39 39 42 44 47 43 45 43 45 45 43 41 38 36 36 35 34 37 37 36 36 33 33 32 32 30 28 26 30 29 25 25 26 29 33 33 36 42 46 45 44 47 51 51 47 41 40 37
38 42 45 47 47 49 51 52 52 50 50 50 50 49 49 50 48 49 50 48 45 46 48 49 46 42 42 42 44 43 42 40 40 42 45 46 46 46 45 44 44 43 41 42 43 44 43 40 39 40 41 42 44 48 54 57 55 50 48 44 41 40 38 38 36 38 37 38 36 36 34 32 30 30 27 24 26 26 26 28 28 30 32 36 38 41 42 39 40 46 52 48 45 49 62 60
39 39 42 44 45 46 47 49 48 48 46 47 49 49 50 51 50 49 48 49 47 45 45 46 42 42 43 44 44 44 40 39 42 45 43 44 44 46 45 44 45 44 46 44 44 43 44 41 39 42 46 48 51 52 62 64 69 69 61 55 49 44 42 42 38 37 38 39 35 35 34 32 30 28 26 24 24 26 28 31 29 30 33 36 38 35 37 42 49 44 46 48 44 41 42 42
38 38 39 42 43 43 44 45 44 44 43 45 45 47 49 49 49 48 48 47 44 42 42 41 42 43 49 49 48 44 40 37 39 43 44 42 43 46 44 43 47 47 47 45 44 44 42 41 41 41 42 44 48 55 61 62 69 72 69 64 61 53 47 45 41 38 40 38 35 34 33 31 29 28 27 27 27 28 28 29 31 34 37 36 34 38 43 45 44 45 55 52 55 56 49 45
39 39 40 39 39 40 41 42 41 40 41 41 45 48 49 49 48 49 47 47 41 39 38 40 42 52 62 63 55 48 44 39 39 39 40 46 47 47 46 46 46 46 45 44 43 42 42 43 44 45 47 47 48 50 54 60 61 65 69 68 63 57 53 51 49 42 41 39 38 35 34 30 29 28 29 30 30 30 30 32 34 36 34 34 37 34 38 38 44 49 45 41 44 39 38 39
39 39 40 39 39 39 40 42 42 42 43 44 48 49 50 50 50 51 54 58 42 35 36 40 48 72 68 62 56 50 45 41 43 48 48 47 45 44 44 45 46 46 46 45 45 45 45 46 46 47 49 51 53 55 57 61 63 65 67 63 63 62 56 57 58 51 45 41 38 35 32 30 31 32 33 33 32 31 32 34 35 34 32 34 33 33 35 43 40 41 40 39 40 41 35 29
41 41 40 39 40 41 42 43 45 46 47 51 51 52 54 53 54 55 63 62 45 34 36 43 56 67 68 62 56 51 52 55 54 55 49 45 44 45 47 48 48 48 49 49 49 48 46 46 48 49 51 53 56 59 62 64 65 68 66 62 59 61 54 52 53 54 52 46 39 33 30 30 31 33 34 34 33 33 35 38 35 33 31 31 31 34 34 38 39 41 39 42 38 31 27 26
42 42 42 43 43 44 43 44 47 50 52 55 56 58 58 58 60 59 64 57 34 34 39 53 59 66 67 64 63 65 65 60 56 51 48 46 47 48 50 50 51 51 52 51 50 49 48 48 50 51 51 53 57 60 64 68 72 72 67 63 55 48 45 42 41 42 42 36 34 32 30 31 33 35 34 33 33 34 37 35 33 32 30 29 29 29 31 31 33 34 35 36 32 29 27 26
44 45 46 46 45 43 44 48 51 52 57 58 61 63 66 66 71 79 76 48 31 36 44 55 76 83 73 67 71 70 64 57 54 54 52 52 51 52 53 54 54 55 54 54 53 52 52 51 51 51 54 56 58 62 68 75 80 80 74 67 61 52 47 45 40 38 36 35 35 35 36 36 36 34 33 32 32 33 33 32 32 30 28 27 27 27 29 29 29 30 31 30 29 28 28 27
47 49 48 48 47 47 49 51 54 54 57 59 63 65 70 73 75 81 78 43 32 38 51 78 88 85 73 70 69 63 57 57 58 56 57 58 56 57 58 57 58 57 55 54 54 54 53 51 50 52 54 58 60 62 70 79 86 86 82 79 72 65 59 55 50 48 47 47 46 42 42 39 36 32 32 32 31 31 32 32 31 28 27 26 25 26 28 28 29 34 31 30 29 29 29 30
49 50 51 51 51 52 54 54 54 56 59 63 66 69 70 70 75 72 57 44 40 45 71 81 88 80 70 69 60 53 47 47 57 58 61 60 60 59 59 58 58 57 55 53 53 54 54 54 52 56 58 63 67 67 71 83 88 92 92 90 84 75 71 61 58 56 58 54 53 54 50 41 34 33 31 29 28 29 29 29 29 27 25 25 25 26 28 28 29 31 29 28 27 26 26 25
51 52 52 53 54 55 53 52 53 56 59 63 70 72 70 70 67 63 58 54 52 49 55 64 67 65 67 66 61 56 54 52 58 62 64 63 63 60 61 60 59 62 58 56 55 55 56 57 54 56 58 65 68 75 80 84 87 91 90 87 85 78 72 70 62 64 62 57 52 46 50 49 38 36 32 28 27 27 27 27 27 27 26 26 27 27 29 29 29 31 27 27 27 25 24 24
53 53 52 54 57 57 52 52 54 57 61 67 70 72 74 73 71 70 67 67 62 65 68 67 65 66 70 68 67 69 64 66 68 65 66 64 65 60 66 61 60 60 60 54 64 59 52 50 52 56 60 64 67 75 80 79 83 88 88 84 82 83 79 76 70 59 49 45 46 50 42 41 35 34 31 27 26 26 26 25 24 25 27 29 29 29 29 28 29 28 26 25 25 25 24 24
58 56 54 54 57 56 51 53 55 59 63 66 74 78 80 80 80 83 86 81 75 70 63 65 69 72 69 72 67 69 75 78 76 65 66 68 72 71 72 68 54 55 63 52 48 56 61 53 65 61 62 64 69 69 73 77 83 85 86 86 84 78 72 66 57 52 57 44 42 39 36 33 31 30 29 25 26 26 26 25 24 26 31 32 31 29 28 28 28 27 26 24 25 25 24 24
59 54 53 56 58 53 53 54 57 61 65 72 80 83 88 89 93 88 78 63 62 62 72 78 74 72 72 81 89 91 82 90 72 75 77 62 71 81 68 57 63 67 92 65 48 66 65 68 76 86 83 77 87 78 76 81 83 80 79 79 76 71 64 71 59 62 43 37 33 32 32 33 32 31 29 27 27 27 27 27 26 29 30 30 29 29 28 28 28 27 26 25 25 25 25 24
55 53 57 55 53 52 54 56 59 63 70 81 87 88 94 96 82 63 62 63 66 68 78 92 100 88 97 91 103 117 106 108 89 64 65 72 85 87 66 65 99 89 76 66 43 56 65 48 69 72 67 60 72 65 69 71 74 74 74 75 71 62 54 63 57 56 55 38 33 33 35 36 35 33 31 30 30 30 29 30 29 30 30 29 29 30 30 29 28 28 27 26 26 25 25 25
51 53 53 54 53 53 56 59 62 68 77 82 92 96 94 72 71 70 71 82 94 69 87 99 108 111 139 121 126 119 96 78 66 73 75 91 77 65 69 54 91 80 59 39 45 39 39 37 44 49 53 54 55 56 62 64 66 70 71 70 60 53 44 53 49 53 57 41 39 38 39 38 36 35 33 33 33 32 32 32 31 30 30 31 30 30 30 30 30 28 27 27 26 26 25 25
49 50 53 52 53 55 57 60 65 74 78 89 97 101 79 70 74 80 87 111 108 110 115 129 158 146 150 122 124 113 122 101 86 75 92 79 75 64 61 52 45 39 32 33 34 34 47 47 51 52 47 49 52 54 58 62 66 71 70 64 57 49 48 49 52 51 51 50 48 45 42 40 38 37 36 35 34 34 34 34 33 32 32 32 31 30 30 30 30 29 28 28 27 27 26 25
46 48 52 53 55 54 58 61 69 74 80 90 94 74 66 67 77 77 104 116 131 140 149 157 133 135 135 104 100 79 98 89 84 85 86 98 72 61 52 83 53 33 31 33 31 36 43 40 43 40 42 46 50 56 62 64 63 68 66 66 65 64 65 64 63 59 54 58 56 49 44 42 41 39 38 37 36 36 36 35 34 33 33 32 32 31 31 31 30 30 29 28 28 27 26 26
45 48 55 57 52 54 58 63 69 75 84 89 73 69 82 95 108 87 107 103 95 108 121 113 128 104 101 85 77 76 71 67 59 66 70 58 47 39 43 50 34 30 36 33 30 34 36 39 38 42 42 47 57 62 70 69 71 73 68 70 69 66 66 67 65 63 60 56 54 50 48 46 44 41 40 40 39 38 37 37 36 35 34 34 33 32 32 32 31 30 30 29 28 27 27 26
42 48 55 53 50 55 60 64 70 82 82 75 77 79 82 86 106 128 92 121 144 153 150 157 125 73 81 74 69 69 65 63 57 55 51 50 45 39 42 49 31 36 38 35 34 35 37 43 50 49 47 61 71 74 75 75 76 76 75 74 74 74 74 73 72 70 67 62 60 54 48 45 43 42 42 41 40 40 39 38 37 36 35 34 33 32 32 32 32 31 30 30 29 28 28 27
42 47 52 50 50 55 59 62 71 80 75 72 73 85 98 98 107 140 142 144 149 147 154 139 93 79 66 65 68 69 64 62 56 51 47 44 42 41 36 34 33 40 39 33 34 35 42 50 55 63 66 70 72 75 75 75 76 74 74 75 78 80 80 79 78 74 70 65 60 55 50 49 46 43 42 42 42 42 41 40 38 37 36 34 34 33 33 33 32 32 32 31 30 30 29 28
40 43 51 53 51 52 58 64 65 70 66 70 80 84 84 100 129 128 119 97 105 92 104 106 76 61 60 64 67 68 66 64 60 56 52 48 48 41 41 39 43 37 35 40 52 55 62 64 63 63 64 66 69 72 73 74 73 70 75 78 81 83 84 84 83 80 75 72 68 62 53 48 45 44 44 44 45 43 42 41 40 38 37 35 34 34 34 35 35 34 33 32 32 31 30 30
40 43 51 54 53 56 63 66 68 65 70 69 77 73 85 103 103 127 136 135 138 117 73 71 52 52 56 60 64 64 62 62 62 58 54 53 52 49 49 50 46 43 42 48 62 68 65 64 62 58 58 61 65 68 70 70 68 67 69 78 83 85 81 85 87 84 81 71 68 61 56 53 49 47 46 46 47 45 44 43 45 43 40 38 36 36 36 37 37 36 35 34 33 32 32 31
44 45 53 61 56 60 65 68 69 69 73 76 71 84 101 97 121 132 138 118 95 64 46 44 46 50 54 57 61 62 60 61 60 56 53 52 53 53 52 50 48 45 46 52 59 62 61 60 57 51 52 56 61 63 65 64 64 65 71 73 81 84 83 85 89 87 84 76 70 66 62 57 53 51 50 49 48 47 46 47 47 43 42 41 39 38 38 38 39 38 36 35 34 34 33 33
40 48 60 60 56 57 62 67 65 69 70 71 100 93 90 114 112 117 126 99 57 41 41 41 44 48 53 56 57 58 58 58 58 54 51 50 52 53 53 51 49 47 46 50 52 54 54 54 53 49 50 53 56 59 60 59 58 60 66 69 68 73 64 74 85 87 85 78 74 70 66 62 59 59 56 52 51 50 49 48 46 45 43 41 41 40 40 40 40 39 37 36 34 34 35 35
47 54 60 61 56 52 55 58 70 76 61 86 90 109 112 113 103 98 79 63 43 41 39 37 40 45 49 49 50 51 52 53 53 51 48 49 52 53 53 52 50 48 47 47 48 48 48 48 48 47 48 50 52 54 56 55 54 54 58 63 63 62 64 66 66 79 80 79 75 72 69 66 64 60 57 56 55 55 52 50 48 47 45 43 42 42 41 41 41 40 38 36 35 35 37 37
56 60 58 58 56 47 55 69 75 73 65 78 98 115 113 92 97 109 88 55 42 41 39 36 38 40 42 44 45 48 53 58 56 48 43 47 48 48 48 49 50 50 48 46 44 42 42 43 44 44 45 47 49 51 53 52 51 51 51 53 54 55 60 58 61 67 75 72 76 74 67 68 66 62 60 59 56 57 56 54 52 49 47 46 45 44 43 43 42 41 40 38 37 36 37 38
58 58 57 52 45 46 51 56 63 71 70 72 76 91 103 82 93 99 90 55 43 42 39 36 35 36 38 40 43 48 56 61 56 56 54 49 46 45 45 45 46 47 47 45 43 40 40 41 41 41 42 44 46 48 50 50 49 48 48 49 49 51 54 53 55 66 77 69 70 73 71 67 72 69 66 62 60 59 58 56 53 51 49 48 47 47 46 45 44 44 42 40 40 39 39 40
56 48 43 47 41 43 51 57 59 63 64 70 61 69 75 75 94 106 85 62 45 39 36 34 37 35 35 40 46 48 53 56 56 54 50 47 49 46 44 44 44 44 45 46 44 42 41 40 40 39 40 42 44 47 49 48 48 47 46 46 46 48 49 49 49 51 66 65 63 66 67 69 65 68 69 67 62 61 59 56 53 52 50 49 49 49 48 48 47 47 45 44 43 43 42 43
