resultados/variables_proyeccion_tiempo/variables_paleo_21k/bio11.asc
ncols 330
nrows 228
xllcorner -12.000000
yllcorner 34.000000
cellsize 0.166667
NODATA_value -9999
[rows 76 to 113 of 228, columns 0 to 85 of 330]
-9999 -9999 -9999 -9999 -9999 -9999 -9999 -9999 -9999 -9999 -9999 -9999 -9999 -9999 -9999 -9999 -9999 -9999 -9999 -9999 -9999 -9999 -9999 -9999 -9999 -9999 -9999 -9999 -9999 -9999 -9999 -31 -36 -39 -44 -49 -54 -57 -62 -66 -72 -77 -82 -87 -91 -97 -103 -108 -111 -116 -122 -127 -133 -139 -142 -145 -148 -151 -153 -154 -156 -159 -163 -165 -168 -171 -175 -179 -183 -186 -190 -194 -198 -202 -206 -209 -212 -215 -219 -222 -224 -226 -228 -229 -230 -230
-9999 -9999 -9999 -9999 -9999 -9999 -9999 -9999 -9999 -9999 -9999 -9999 -9999 -9999 -9999 -9999 -9999 -9999 -9999 -9999 -9999 -9999 -9999 -9999 -9999 -9999 -9999 -9999 -23 -26 -29 -34 -40 -46 -53 -57 -61 -65 -69 -74 -78 -85 -90 -95 -101 -109 -113 -117 -121 -126 -131 -136 -144 -149 -150 -152 -155 -157 -158 -159 -162 -165 -167 -170 -173 -176 -179 -182 -186 -190 -193 -197 -201 -205 -208 -211 -215 -218 -221 -223 -225 -228 -229 -230 -231 -233
-9999 -9999 -9999 -9999 -9999 -9999 -9999 -9999 -9999 -9999 -9999 -9999 -9999 -9999 -9999 -9999 -9999 -9999 -9999 -9999 -9999 -9999 -9999 -9999 -9999 -9999 -9999 -24 -27 -29 -32 -38 -43 -49 -55 -60 -64 -69 -75 -80 -85 -91 -97 -103 -109 -116 -122 -127 -131 -135 -140 -149 -155 -156 -158 -159 -161 -160 -162 -164 -166 -168 -171 -173 -176 -179 -183 -186 -189 -193 -196 -200 -204 -206 -209 -213 -217 -220 -222 -225 -227 -229 -230 -232 -233 -234
-9999 -9999 -9999 -9999 -9999 -9999 -9999 -9999 -9999 -9999 -9999 -9999 -9999 -9999 -9999 -9999 -9999 -9999 -9999 -9999 -9999 -9999 -9999 -9999 -9999 -20 -24 -30 -34 -37 -40 -43 -48 -54 -58 -63 -69 -75 -81 -86 -92 -98 -104 -111 -118 -125 -130 -135 -139 -143 -148 -154 -159 -161 -164 -164 -164 -165 -166 -169 -170 -172 -174 -177 -180 -183 -186 -189 -193 -196 -199 -202 -205 -208 -211 -215 -218 -220 -224 -226 -228 -230 -231 -233 -234 -235
-9999 -9999 -9999 -9999 -9999 -9999 -9999 -9999 -9999 -9999 -9999 -9999 -9999 -9999 -9999 -9999 -9999 -9999 -9999 -9999 -9999 -9999 -9999 -16 -20 -24 -28 -33 -37 -42 -46 -49 -54 -59 -65 -69 -75 -80 -86 -93 -101 -109 -122 -126 -133 -137 -142 -150 -154 -159 -163 -166 -170 -172 -170 -169 -170 -170 -172 -172 -174 -176 -178 -180 -183 -186 -189 -192 -195 -198 -202 -205 -208 -210 -213 -216 -219 -221 -224 -227 -229 -230 -232 -234 -236 -236
-9999 -9999 -9999 -9999 -9999 -9999 -9999 -9999 -9999 -9999 -9999 -9999 -9999 -9999 -9999 -9999 -9999 -9999 -9999 -9999 -10 -13 -16 -20 -24 -28 -34 -37 -40 -44 -50 -56 -61 -70 -78 -75 -80 -86 -92 -100 -109 -121 -138 -148 -152 -156 -160 -169 -171 -176 -176 -178 -180 -179 -177 -175 -175 -175 -175 -176 -177 -179 -181 -184 -186 -189 -192 -194 -197 -200 -204 -206 -209 -212 -214 -217 -220 -222 -224 -227 -229 -231 -233 -234 -236 -237
-9999 -9999 -9999 -9999 -9999 -9999 -9999 -9999 -9999 -9999 -9999 -9999 -9999 -9999 -9999 -9999 -9999 -9999 -9999 -9 -12 -17 -21 -24 -30 -35 -40 -42 -43 -50 -58 -64 -72 -76 -79 -83 -86 -92 -100 -110 -121 -134 -151 -161 -163 -171 -177 -178 -182 -191 -189 -182 -180 -180 -179 -179 -179 -179 -179 -179 -180 -182 -183 -185 -188 -192 -194 -197 -200 -202 -205 -208 -210 -213 -215 -218 -221 -223 -225 -228 -230 -232 -234 -235 -237 -238
-9999 -9999 -9999 -9999 -9999 -9999 -9999 -9999 -9999 -9999 -9999 -9999 -9999 -9999 -9999 -9999 -9999 -9999 -7 -12 -16 -20 -23 -28 -34 -38 -41 -44 -49 -62 -68 -70 -74 -79 -80 -84 -92 -99 -108 -119 -133 -149 -160 -166 -170 -176 -184 -187 -191 -187 -183 -180 -180 -181 -182 -182 -181 -181 -182 -182 -183 -185 -188 -190 -191 -194 -195 -199 -201 -204 -206 -209 -211 -214 -216 -219 -221 -224 -226 -228 -230 -232 -234 -236 -237 -238
-9999 -9999 -9999 -9999 -9999 -9999 -9999 -9999 -9999 -9999 -9999 -9999 -9999 -9999 -9999 -9999 -3 -6 -11 -14 -17 -25 -25 -29 -34 -38 -43 -50 -56 -61 -73 -77 -79 -79 -83 -90 -98 -108 -117 -129 -143 -156 -169 -176 -179 -182 -188 -187 -184 -184 -184 -184 -184 -184 -184 -184 -184 -184 -184 -183 -184 -187 -190 -191 -193 -195 -197 -200 -202 -205 -208 -210 -213 -215 -217 -219 -222 -224 -227 -229 -231 -233 -235 -236 -237 -238
-9999 -9999 -9999 -9999 -9999 -9999 -9999 -9999 -9999 -9999 -9999 -9999 -9999 -9999 -9999 -1 -5 -9 -13 -16 -22 -25 -27 -31 -36 -42 -49 -55 -60 -65 -70 -69 -73 -82 -91 -97 -103 -119 -129 -148 -163 -171 -187 -190 -202 -200 -196 -193 -192 -191 -193 -193 -190 -188 -188 -189 -189 -189 -189 -188 -188 -191 -192 -194 -195 -197 -199 -201 -203 -205 -208 -211 -213 -216 -219 -221 -224 -226 -228 -230 -232 -234 -235 -236 -236 -237
-9999 -9999 -9999 -9999 -9999 -9999 -9999 -9999 -9999 -9999 -9999 -9999 -9999 -9999 -9999 -2 -6 -10 -14 -17 -20 -23 -28 -33 -39 -46 -54 -60 -64 -67 -65 -72 -84 -90 -107 -102 -109 -125 -144 -156 -162 -174 -182 -188 -194 -193 -198 -200 -199 -202 -206 -207 -203 -200 -202 -200 -198 -198 -200 -196 -195 -196 -196 -195 -196 -198 -200 -202 -204 -206 -209 -211 -214 -217 -220 -222 -224 -226 -228 -230 -231 -233 -234 -235 -236 -237
-9999 -9999 -9999 -9999 -9999 -9999 -9999 -9999 -9999 -9999 -9999 -9999 -9999 -9999 -9999 -2 -8 -12 -16 -18 -23 -26 -30 -36 -41 -48 -56 -62 -66 -67 -67 -81 -91 -97 -107 -112 -114 -137 -142 -155 -174 -187 -194 -197 -199 -202 -207 -219 -227 -224 -223 -219 -217 -216 -212 -206 -204 -201 -200 -199 -199 -197 -196 -196 -197 -199 -201 -203 -205 -207 -209 -212 -215 -217 -219 -222 -224 -226 -228 -229 -231 -232 -233 -234 -235 -236
-9999 -9999 -9999 -9999 -9999 -9999 -9999 -9999 -9999 -9999 -9999 -9999 -9999 -9999 -9999 -9999 -8 -14 -16 -18 -25 -28 -32 -36 -43 -49 -56 -63 -71 -67 -68 -77 -85 -99 -114 -118 -121 -133 -144 -161 -181 -193 -193 -200 -204 -211 -229 -234 -234 -228 -228 -230 -230 -224 -217 -212 -208 -203 -203 -200 -196 -197 -197 -197 -198 -199 -201 -203 -205 -207 -209 -212 -214 -216 -218 -221 -223 -225 -226 -228 -230 -230 -232 -233 -234 -234
-9999 -9999 -9999 -9999 -9999 -9999 -9999 -9999 -9999 -9999 -9999 -9999 -9999 -9999 -9999 -9999 -9 -14 -14 -20 -27 -31 -35 -38 -44 -49 -55 -63 -69 -64 -68 -76 -88 -97 -105 -111 -123 -133 -155 -169 -177 -182 -191 -199 -216 -226 -232 -230 -232 -246 -246 -240 -230 -225 -215 -212 -208 -205 -205 -200 -197 -197 -197 -196 -198 -199 -201 -203 -204 -206 -208 -210 -213 -215 -217 -219 -221 -223 -224 -227 -228 -229 -230 -231 -232 -233
-9999 -9999 -9999 -9999 -9999 -9999 -9999 -9999 -9999 -9999 -9999 -9999 -9999 -9999 -9999 -9999 -9999 -15 -19 -25 -32 -34 -38 -41 -46 -51 -59 -64 -61 -63 -70 -78 -89 -99 -109 -113 -119 -138 -152 -164 -171 -176 -187 -203 -216 -220 -228 -235 -240 -240 -239 -238 -240 -234 -227 -221 -213 -208 -203 -197 -196 -196 -195 -196 -197 -198 -200 -202 -203 -205 -207 -209 -211 -214 -216 -218 -220 -221 -223 -225 -226 -227 -228 -229 -230 -231
-9999 -9999 -9999 -9999 -9999 -9999 -9999 -9999 -9999 -9999 -9999 -9999 -9999 -9999 -9999 -9999 -9999 -9999 -21 -26 -32 -35 -38 -41 -48 -53 -59 -56 -59 -66 -73 -81 -89 -98 -107 -119 -129 -138 -150 -164 -167 -180 -200 -204 -212 -216 -221 -221 -222 -224 -226 -224 -222 -217 -214 -206 -202 -201 -196 -195 -194 -193 -193 -194 -195 -197 -198 -200 -202 -204 -206 -208 -210 -210 -212 -216 -218 -220 -221 -223 -224 -225 -226 -227 -228 -229
-9999 -9999 -9999 -9999 -9999 -9999 -9999 -9999 -9999 -9999 -9999 -9999 -9999 -9999 -9999 -9999 -9999 -9999 -21 -27 -30 -34 -37 -42 -48 -53 -55 -57 -65 -73 -79 -87 -94 -101 -114 -124 -131 -141 -152 -150 -169 -182 -194 -195 -208 -215 -222 -218 -219 -216 -211 -207 -205 -206 -206 -204 -199 -195 -194 -192 -191 -190 -191 -191 -192 -194 -196 -198 -200 -201 -203 -205 -208 -209 -211 -214 -215 -218 -219 -220 -222 -223 -224 -225 -227 -227
-9999 -9999 -9999 -9999 -9999 -9999 -9999 -9999 -9999 -9999 -9999 -9999 -9999 -9999 -9999 -9999 -9999 -17 -22 -28 -31 -35 -38 -44 -48 -52 -56 -62 -69 -75 -82 -88 -95 -103 -112 -127 -137 -140 -138 -150 -163 -174 -185 -196 -205 -204 -206 -212 -211 -205 -200 -198 -200 -199 -199 -195 -194 -193 -192 -190 -189 -188 -188 -189 -190 -192 -194 -195 -197 -199 -201 -202 -205 -207 -209 -211 -213 -214 -217 -218 -219 -221 -222 -223 -224 -225
-9999 -9999 -9999 -9999 -9999 -9999 -9999 -9999 -9999 -9999 -9999 -9999 -9999 -9999 -9999 -9999 -9999 -20 -23 -27 -34 -38 -40 -45 -50 -55 -57 -64 -70 -76 -81 -88 -96 -105 -113 -121 -126 -133 -141 -156 -164 -170 -183 -187 -192 -195 -195 -198 -198 -203 -202 -198 -198 -195 -197 -197 -194 -192 -191 -189 -187 -186 -186 -186 -187 -189 -191 -193 -195 -197 -198 -200 -202 -204 -206 -208 -210 -212 -213 -215 -216 -218 -219 -220 -221 -222
-9999 -9999 -9999 -9999 -9999 -9999 -9999 -9999 -9999 -9999 -9999 -9999 -9999 -9999 -9999 -9999 -9999 -19 -25 -30 -34 -41 -45 -49 -53 -57 -60 -66 -73 -80 -85 -90 -97 -105 -114 -120 -129 -136 -142 -151 -160 -171 -174 -179 -176 -178 -186 -191 -185 -185 -189 -190 -187 -185 -186 -190 -190 -190 -189 -188 -186 -185 -184 -184 -185 -186 -188 -190 -191 -193 -195 -197 -199 -201 -204 -206 -207 -209 -211 -213 -214 -215 -217 -217 -218 -220
-9999 -9999 -9999 -9999 -9999 -9999 -9999 -9999 -9999 -9999 -9999 -9999 -9999 -9999 -9999 -9999 -19 -22 -27 -32 -35 -39 -42 -46 -52 -56 -62 -68 -74 -83 -87 -94 -102 -111 -119 -127 -134 -133 -149 -150 -157 -165 -165 -173 -170 -174 -176 -180 -186 -188 -187 -185 -186 -184 -190 -196 -200 -196 -193 -187 -185 -183 -182 -181 -182 -183 -185 -186 -188 -190 -192 -194 -196 -199 -201 -203 -205 -207 -208 -210 -211 -213 -214 -214 -215 -216
-9999 -9999 -9999 -9999 -9999 -9999 -9999 -9999 -9999 -9999 -9999 -9999 -9999 -9999 -9999 -9999 -20 -25 -30 -35 -39 -43 -47 -51 -56 -60 -66 -72 -79 -86 -93 -100 -108 -117 -122 -131 -129 -133 -144 -151 -153 -155 -160 -173 -171 -176 -179 -179 -180 -187 -189 -193 -192 -199 -200 -201 -200 -194 -188 -187 -182 -180 -179 -178 -178 -180 -181 -182 -185 -187 -189 -191 -193 -195 -198 -200 -202 -204 -205 -207 -208 -209 -210 -212 -212 -214
-9999 -9999 -9999 -9999 -9999 -9999 -9999 -9999 -9999 -9999 -9999 -9999 -9999 -9999 -9999 -16 -21 -29 -33 -37 -42 -46 -51 -55 -60 -65 -69 -75 -82 -90 -98 -103 -109 -115 -123 -126 -128 -134 -151 -147 -164 -155 -153 -161 -167 -172 -180 -184 -185 -186 -189 -191 -197 -195 -196 -193 -189 -187 -189 -188 -185 -180 -177 -176 -175 -176 -177 -179 -181 -184 -185 -187 -189 -191 -194 -196 -198 -200 -202 -203 -205 -206 -207 -208 -209 -210
-9999 -9999 -9999 -9999 -9999 -9999 -9999 -9999 -9999 -9999 -9999 -9999 -9999 -8 -12 -20 -24 -29 -34 -39 -42 -48 -53 -58 -63 -68 -72 -78 -87 -95 -103 -109 -112 -115 -118 -122 -126 -138 -145 -142 -150 -152 -151 -161 -168 -175 -178 -184 -183 -189 -189 -192 -196 -193 -192 -190 -190 -193 -198 -195 -184 -182 -176 -172 -172 -171 -172 -174 -176 -179 -181 -183 -186 -188 -189 -192 -195 -196 -199 -200 -201 -203 -204 -205 -207 -208
-9999 -9999 -9999 -9999 -9999 -9999 -9999 -9999 -9999 -9999 -9999 -9999 -5 -11 -17 -21 -26 -30 -35 -40 -45 -51 -57 -63 -69 -75 -81 -92 -100 -108 -112 -114 -119 -124 -129 -128 -126 -133 -137 -140 -145 -149 -154 -166 -175 -178 -181 -183 -178 -176 -182 -176 -183 -186 -190 -190 -193 -192 -188 -186 -183 -178 -174 -170 -168 -167 -168 -169 -172 -175 -178 -180 -183 -185 -186 -189 -191 -193 -195 -197 -198 -200 -201 -203 -204 -205
-9999 -9999 -9999 -9999 -9999 -9999 -9999 -9999 -9999 -9999 -9999 -4 -6 -13 -20 -24 -28 -32 -37 -42 -49 -56 -66 -76 -78 -83 -87 -96 -105 -113 -122 -126 -125 -130 -141 -142 -133 -130 -133 -139 -144 -150 -162 -165 -167 -178 -172 -170 -172 -169 -167 -169 -172 -173 -176 -181 -188 -186 -181 -180 -178 -174 -172 -168 -165 -164 -164 -165 -167 -170 -173 -176 -178 -180 -182 -185 -187 -189 -191 -194 -196 -197 -199 -200 -201 -202
-9999 -9999 -9999 -9999 -9999 -9999 -9999 -9999 -9999 -9999 0 -6 -12 -14 -17 -24 -28 -34 -39 -44 -52 -59 -69 -81 -84 -87 -91 -98 -111 -121 -128 -132 -127 -132 -136 -144 -142 -135 -133 -136 -143 -152 -156 -159 -159 -161 -166 -165 -165 -166 -164 -162 -166 -168 -172 -176 -185 -184 -183 -179 -175 -173 -169 -168 -161 -161 -161 -162 -164 -166 -169 -172 -174 -176 -178 -181 -184 -186 -188 -190 -192 -194 -195 -196 -197 -198
-9999 -9999 -9999 -9999 -9999 -9999 -9999 -9999 -9999 4 -2 -6 -10 -15 -19 -24 -28 -35 -40 -49 -61 -65 -73 -83 -88 -89 -94 -103 -115 -124 -130 -128 -126 -128 -132 -139 -142 -139 -138 -136 -137 -143 -151 -151 -155 -157 -155 -158 -159 -158 -159 -165 -170 -178 -176 -175 -184 -193 -192 -186 -179 -172 -167 -168 -163 -160 -161 -160 -162 -164 -166 -169 -171 -174 -176 -178 -180 -183 -185 -187 -189 -190 -192 -193 -194 -195
-9999 -9999 -9999 -9999 -9999 -9999 -9999 -9999 8 3 -2 -6 -11 -14 -19 -24 -29 -36 -41 -50 -57 -61 -67 -76 -86 -91 -99 -103 -111 -119 -124 -123 -124 -125 -129 -138 -137 -139 -139 -139 -137 -139 -147 -150 -151 -150 -152 -152 -155 -157 -163 -171 -178 -183 -182 -178 -174 -181 -186 -179 -173 -167 -164 -162 -161 -164 -164 -162 -160 -162 -164 -166 -169 -171 -174 -176 -178 -180 -182 -183 -185 -187 -188 -189 -190 -192
-9999 -9999 -9999 -9999 -9999 -9999 -9999 -9999 9 3 -1 -5 -11 -16 -21 -21 -30 -37 -43 -49 -56 -69 -76 -79 -88 -89 -97 -105 -112 -117 -119 -121 -123 -126 -130 -135 -138 -136 -138 -139 -137 -138 -143 -147 -150 -151 -152 -154 -155 -156 -160 -168 -180 -180 -177 -178 -177 -178 -185 -182 -175 -166 -160 -160 -166 -171 -172 -169 -167 -161 -160 -163 -167 -169 -172 -174 -175 -177 -178 -180 -182 -183 -184 -185 -187 -188
-9999 -9999 -9999 -9999 -9999 -9999 16 13 9 4 -2 -10 -16 -22 -30 -35 -36 -41 -49 -57 -59 -66 -74 -84 -89 -94 -95 -102 -110 -113 -117 -124 -130 -128 -131 -137 -138 -134 -136 -137 -137 -136 -141 -147 -156 -160 -152 -152 -153 -153 -155 -163 -169 -169 -168 -166 -170 -178 -179 -177 -172 -165 -158 -157 -163 -164 -160 -162 -163 -161 -159 -162 -165 -167 -169 -171 -173 -174 -175 -177 -178 -180 -181 -181 -183 -184
-9999 -9999 -9999 -9999 -9999 18 16 12 8 3 -5 -11 -15 -24 -32 -34 -36 -44 -55 -59 -62 -68 -76 -80 -91 -91 -97 -100 -107 -113 -119 -123 -125 -127 -132 -136 -132 -131 -133 -134 -136 -138 -142 -149 -151 -149 -149 -151 -152 -152 -156 -160 -163 -163 -162 -165 -169 -170 -171 -169 -171 -165 -158 -154 -155 -157 -157 -161 -162 -161 -161 -161 -162 -165 -167 -168 -170 -171 -172 -173 -175 -176 -177 -178 -178 -180
-9999 -9999 -9999 23 21 18 14 11 7 3 -7 -11 -18 -23 -29 -35 -38 -44 -51 -58 -63 -68 -74 -78 -84 -91 -97 -102 -109 -115 -120 -119 -120 -122 -123 -126 -128 -129 -131 -131 -134 -138 -140 -142 -145 -145 -146 -148 -151 -152 -155 -158 -161 -163 -162 -163 -168 -162 -161 -160 -160 -158 -156 -153 -153 -154 -154 -157 -159 -157 -159 -160 -161 -163 -164 -166 -167 -168 -169 -170 -171 -173 -174 -175 -175 -176
-9999 -9999 25 24 21 17 14 11 8 3 -2 -9 -14 -23 -28 -34 -37 -44 -52 -57 -62 -68 -74 -79 -83 -91 -97 -102 -108 -114 -116 -118 -123 -124 -124 -124 -126 -128 -131 -132 -134 -137 -139 -141 -143 -144 -146 -147 -149 -152 -154 -156 -159 -163 -162 -158 -159 -160 -161 -164 -159 -153 -150 -150 -150 -151 -152 -153 -157 -157 -158 -160 -161 -162 -163 -164 -165 -165 -166 -167 -168 -169 -170 -171 -172 -173
-9999 26 25 23 19 16 14 11 8 4 -4 -9 -18 -29 -34 -33 -36 -42 -49 -56 -62 -67 -72 -78 -83 -90 -97 -103 -108 -112 -115 -118 -122 -124 -124 -125 -126 -127 -130 -132 -134 -137 -139 -141 -143 -144 -146 -148 -148 -150 -152 -155 -157 -159 -158 -156 -157 -155 -151 -155 -162 -155 -150 -148 -148 -148 -150 -152 -154 -157 -159 -160 -160 -161 -161 -162 -162 -163 -163 -164 -164 -166 -166 -167 -168 -170
28 27 24 22 19 17 15 13 9 5 0 -7 -14 -20 -25 -33 -35 -39 -46 -53 -61 -66 -71 -78 -83 -90 -97 -103 -108 -111 -115 -119 -122 -123 -123 -125 -126 -128 -130 -131 -134 -136 -138 -140 -143 -147 -150 -150 -151 -152 -153 -155 -155 -155 -153 -153 -150 -147 -144 -149 -161 -162 -155 -147 -149 -148 -149 -150 -153 -155 -162 -162 -159 -160 -160 -160 -160 -160 -160 -160 -161 -161 -163 -164 -165 -166
29 26 24 22 20 18 16 13 10 6 3 -2 -9 -15 -20 -27 -33 -37 -44 -51 -59 -66 -71 -76 -82 -89 -95 -102 -107 -111 -116 -119 -124 -133 -133 -126 -126 -129 -130 -131 -133 -135 -138 -140 -143 -148 -152 -157 -167 -164 -165 -162 -165 -155 -152 -153 -152 -149 -149 -156 -161 -157 -154 -148 -149 -148 -149 -148 -151 -153 -156 -160 -160 -159 -158 -158 -158 -158 -157 -157 -157 -158 -159 -160 -162 -163
29 27 24 23 21 19 17 15 11 8 4 1 -4 -13 -18 -23 -36 -41 -42 -51 -63 -65 -68 -75 -82 -93 -104 -104 -107 -110 -115 -121 -130 -145 -141 -130 -127 -130 -131 -132 -133 -135 -138 -140 -142 -146 -159 -174 -177 -172 -179 -173 -171 -167 -154 -157 -155 -152 -153 -154 -157 -154 -152 -148 -150 -149 -147 -147 -150 -151 -152 -155 -156 -156 -156 -157 -157 -155 -154 -154 -154 -155 -156 -157 -158 -160
