resultados/variables_proyeccion_tiempo/variables_paleo_21k/bio16.asc
ncols 330
nrows 228
xllcorner -12.000000
yllcorner 34.000000
cellsize 0.166667
NODATA_value -9999
[rows 42 to 83 of 228, columns 94 to 187 of 330]
-9999 -9999 -9999 -9999 -9999 -9999 -9999 -9999 -9999 -9999 -9999 -9999 -9999 -9999 -9999 -9999 -9999 -9999 -9999 -9999 -9999 -9999 -9999 432 427 421 416 411 407 401 395 388 383 380 374 -9999 -9999 -9999 362 362 365 369 371 373 375 378 383 388 394 398 392 379 366 349 336 325 312 296 281 265 249 233 216 201 190 188 185 182 180 170 166 164 157 152 153 153 149 147 146 145 142 143 144 141 135 132 129 126 123 118 115 113 110 109
-9999 -9999 -9999 -9999 -9999 -9999 -9999 -9999 -9999 -9999 -9999 -9999 -9999 -9999 -9999 -9999 -9999 445 441 436 430 425 421 417 411 406 401 396 391 386 382 376 370 364 360 354 -9999 -9999 -9999 348 347 348 349 350 353 356 358 363 368 369 358 350 340 326 315 303 289 275 261 246 232 217 201 191 190 184 176 175 164 159 159 157 155 153 147 144 142 142 140 141 142 143 144 141 137 132 127 124 120 117 114 110 107 105
-9999 -9999 -9999 -9999 -9999 -9999 -9999 -9999 -9999 -9999 -9999 -9999 -9999 -9999 -9999 -9999 -9999 438 435 422 417 412 406 402 396 390 384 380 375 371 366 361 355 349 346 344 -9999 -9999 -9999 321 327 324 324 329 332 333 335 337 338 334 331 324 314 304 293 281 268 256 243 229 215 201 188 184 181 175 167 163 161 157 151 150 148 148 151 149 142 139 137 138 138 139 141 141 138 133 129 124 120 115 111 109 106 104
-9999 -9999 -9999 -9999 -9999 -9999 -9999 -9999 -9999 -9999 -9999 -9999 -9999 -9999 -9999 -9999 -9999 -9999 -9999 -9999 404 400 -9999 374 376 373 369 365 362 356 350 345 341 340 -9999 -9999 312 312 313 308 307 310 310 311 312 310 310 311 309 305 302 297 290 280 271 261 250 240 227 214 203 197 188 174 167 163 160 160 155 154 151 146 146 144 143 145 143 140 137 137 135 135 135 135 134 133 129 125 120 115 112 108 105 103
-9999 -9999 -9999 -9999 -9999 -9999 -9999 -9999 -9999 -9999 -9999 -9999 -9999 -9999 -9999 -9999 -9999 -9999 -9999 -9999 -9999 -9999 -9999 -9999 -9999 -9999 -9999 -9999 -9999 -9999 -9999 321 318 314 309 303 306 294 295 294 294 292 292 291 290 288 288 286 285 281 276 271 266 259 251 242 234 225 214 203 193 192 191 183 174 167 160 154 150 147 146 146 143 145 141 138 138 137 136 135 135 133 132 130 129 127 123 121 120 116 111 107 105 103
-9999 -9999 -9999 -9999 -9999 -9999 -9999 -9999 -9999 -9999 -9999 -9999 -9999 -9999 -9999 -9999 -9999 -9999 -9999 -9999 -9999 -9999 -9999 -9999 337 336 -9999 -9999 -9999 324 322 318 313 307 300 292 284 283 281 279 276 274 272 270 269 266 265 263 260 258 256 251 247 243 236 227 220 215 213 203 191 178 171 171 172 169 165 157 152 148 146 146 144 140 140 138 137 137 136 136 132 129 128 128 128 125 122 118 115 114 112 108 105 102
-9999 -9999 -9999 -9999 -9999 -9999 -9999 -9999 -9999 -9999 -9999 -9999 -9999 -9999 387 381 373 364 354 347 341 336 331 327 328 326 323 324 324 321 317 310 301 294 281 277 272 267 264 260 258 255 253 250 248 246 244 243 241 239 236 235 233 227 222 213 213 209 205 201 192 178 169 161 158 159 156 152 150 146 143 144 142 141 139 137 135 136 135 135 131 129 130 128 127 124 121 117 114 113 110 107 105 101
-9999 -9999 -9999 -9999 -9999 -9999 -9999 -9999 -9999 -9999 -9999 -9999 -9999 -9999 371 368 360 352 344 336 333 326 322 319 314 315 313 314 315 312 307 300 290 279 273 264 259 253 248 244 240 237 235 233 231 230 227 226 225 224 223 220 215 215 212 201 196 196 189 184 177 176 170 163 154 150 149 147 146 145 144 143 141 141 140 138 136 134 132 131 129 131 129 127 124 123 121 118 114 112 109 105 103 101
-9999 -9999 -9999 -9999 -9999 -9999 -9999 -9999 -9999 -9999 -9999 -9999 -9999 -9999 365 358 348 340 329 321 -9999 -9999 -9999 -9999 297 297 299 303 304 302 299 293 284 273 264 254 246 239 233 228 224 220 219 219 218 216 215 215 214 213 216 210 209 205 203 197 191 190 184 176 169 164 162 156 151 149 145 149 149 145 144 144 145 143 141 139 137 136 133 132 130 130 128 125 123 119 119 116 114 110 109 106 103 100
-9999 -9999 -9999 -9999 -9999 -9999 -9999 -9999 -9999 -9999 -9999 -9999 366 362 -9999 340 335 327 319 309 297 290 287 285 289 292 293 293 294 294 292 287 277 267 256 245 236 227 220 214 208 205 206 205 204 202 203 206 200 204 208 207 205 197 194 197 194 182 179 174 167 162 156 151 147 145 145 146 149 147 146 146 146 147 148 144 140 136 135 131 132 133 130 128 125 120 118 115 112 111 107 104 100 97
-9999 -9999 -9999 -9999 -9999 -9999 -9999 -9999 -9999 -9999 372 372 369 362 354 346 335 323 312 300 291 286 280 279 279 279 280 282 284 284 280 277 269 254 244 235 225 216 208 202 198 196 195 192 191 195 201 204 202 204 201 204 199 197 197 196 188 182 178 171 165 159 153 148 145 144 146 145 145 146 146 147 147 145 147 144 144 141 135 133 130 128 128 126 125 124 121 116 111 108 104 102 99 96
-9999 -9999 -9999 -9999 -9999 -9999 -9999 -9999 -9999 370 369 369 366 359 351 342 334 324 310 298 288 279 273 269 267 266 268 269 270 270 266 261 253 244 234 225 216 208 200 193 190 191 192 188 190 190 190 191 194 199 202 208 204 212 204 194 195 196 187 183 184 169 156 150 146 148 147 148 150 150 151 152 150 148 146 144 142 143 141 137 135 134 128 125 121 123 122 117 112 108 104 100 97 95
-9999 -9999 -9999 -9999 -9999 -9999 -9999 361 366 373 374 372 366 360 353 344 335 323 310 297 286 279 268 262 256 252 253 256 258 256 248 239 230 226 222 215 207 205 196 190 187 186 183 186 182 184 193 199 192 193 204 204 205 202 201 202 194 187 184 183 186 176 166 157 148 148 150 150 151 152 152 153 153 152 149 148 148 142 143 143 141 139 135 130 124 121 119 115 112 107 102 97 94 92
-9999 -9999 -9999 340 347 352 359 368 373 375 377 376 371 368 362 352 340 327 316 299 282 268 257 248 240 235 233 233 232 229 225 219 218 222 218 217 212 198 195 199 196 192 194 189 186 183 182 188 189 189 197 202 197 197 194 191 186 183 182 177 171 168 166 160 156 155 154 154 155 154 155 157 154 154 152 148 148 146 142 144 142 140 135 132 128 123 120 115 112 107 102 98 95 -9999
319 325 333 340 346 351 358 366 374 372 378 383 381 377 370 364 352 337 328 306 285 273 248 237 228 224 222 221 214 216 216 211 212 212 214 208 212 208 202 195 194 196 192 184 178 177 178 180 182 188 199 196 190 189 195 191 186 185 185 182 180 179 173 167 160 162 159 158 158 160 158 155 153 154 152 150 148 149 147 144 141 138 134 132 128 126 121 115 110 106 103 100 95 93
317 324 331 338 344 352 360 365 371 377 387 394 392 400 386 375 361 348 334 311 302 289 267 249 243 223 217 212 206 198 221 226 229 228 228 218 220 213 209 201 188 185 181 174 175 186 184 182 182 180 189 192 193 188 187 187 184 184 179 176 174 176 182 172 165 162 161 157 158 157 157 158 160 157 155 152 148 148 147 145 142 140 133 129 126 124 120 114 110 -9999 -9999 100 98 96
311 320 328 336 344 353 361 369 386 399 411 419 415 412 411 408 388 374 359 325 298 283 263 261 257 233 201 192 198 196 205 217 222 228 216 209 209 214 206 200 189 182 178 178 190 194 188 192 183 182 195 195 194 196 194 193 195 191 187 187 178 175 170 177 177 174 166 161 160 161 161 160 161 161 159 160 157 155 151 147 143 141 135 131 127 122 117 114 -9999 -9999 104 102 100 99
307 315 326 336 343 352 364 380 404 420 433 442 450 442 426 419 408 390 367 340 326 307 285 271 246 244 245 217 208 202 204 195 193 203 220 218 211 200 200 200 195 184 182 181 185 195 191 187 182 187 198 196 198 191 193 194 195 199 189 188 183 177 173 171 171 170 169 165 163 163 163 165 160 159 159 157 156 154 151 149 146 142 136 131 126 121 117 114 111 109 106 105 102 101
304 311 322 334 345 358 376 404 421 436 454 464 462 460 448 433 416 387 372 352 324 312 307 284 234 199 196 182 192 193 197 193 194 194 201 223 228 225 211 205 205 207 197 178 179 194 198 194 188 190 191 190 188 186 191 196 192 201 197 192 188 185 180 181 179 174 175 173 171 167 165 162 160 157 158 157 153 150 149 150 144 140 136 132 129 125 120 116 114 112 110 108 105 102
-9999 -9999 320 331 344 360 384 404 436 461 486 492 496 487 473 461 433 421 397 383 365 329 304 282 261 254 241 210 197 221 224 198 190 192 194 195 207 211 215 212 207 195 187 188 187 186 192 193 196 202 204 200 199 197 193 188 187 188 194 195 194 193 188 185 185 182 178 175 172 171 171 167 162 162 158 157 157 153 150 147 144 140 137 134 130 127 122 118 116 113 110 108 105 102
-9999 -9999 -9999 334 344 366 390 405 426 451 477 496 500 509 503 487 461 442 427 394 366 308 309 257 239 244 238 251 251 251 236 208 211 198 209 201 196 200 199 209 220 213 205 191 186 184 201 201 204 208 202 211 208 212 209 196 190 190 191 196 199 200 198 194 192 188 184 177 174 171 169 172 168 167 165 160 158 158 155 148 144 140 138 134 131 126 121 117 115 113 110 106 104 100
-9999 -9999 -9999 -9999 345 365 391 413 442 466 491 512 519 527 523 513 493 466 421 404 355 304 271 269 253 231 238 237 230 238 224 224 213 207 212 219 211 216 214 201 214 221 219 205 191 190 199 200 198 200 201 201 206 203 206 202 192 193 196 196 197 198 194 198 194 192 188 180 175 175 172 169 167 164 161 161 157 158 154 149 145 141 138 135 131 127 123 120 116 113 110 107 104 101
-9999 -9999 -9999 -9999 346 368 396 416 445 478 510 548 556 567 558 541 514 457 445 404 351 311 285 260 242 251 235 218 224 228 207 200 211 217 221 221 219 216 209 202 206 222 218 220 214 195 188 198 200 202 208 200 199 201 200 206 204 199 197 195 194 194 190 192 192 187 184 182 177 179 176 173 171 171 168 163 158 156 153 150 146 143 140 137 133 129 125 121 116 113 111 109 105 102
-9999 -9999 -9999 -9999 347 369 399 425 458 486 518 551 570 579 583 558 528 491 468 408 373 350 308 287 268 253 250 252 240 211 206 199 197 215 220 224 232 224 224 215 202 206 210 210 211 205 194 198 204 207 206 206 201 198 201 206 209 206 204 200 198 198 194 191 184 182 186 186 184 181 181 178 175 176 174 170 167 163 155 152 148 144 141 138 134 130 125 120 118 115 113 110 107 104
-9999 -9999 -9999 -9999 343 362 397 424 459 507 556 603 622 626 611 588 561 528 490 449 397 372 355 337 313 292 274 248 230 236 221 217 218 214 221 221 225 224 219 221 218 207 201 202 206 210 201 200 202 206 206 205 202 203 207 205 208 208 206 208 202 197 198 196 192 186 184 184 184 183 184 180 176 180 177 171 167 162 156 153 149 145 142 138 133 128 125 122 120 118 114 111 108 106
-9999 -9999 -9999 -9999 -9999 362 390 418 448 486 559 604 643 656 645 609 575 543 504 468 431 406 377 340 314 282 268 259 240 228 215 215 223 238 233 227 226 231 228 221 224 218 208 201 199 202 208 211 206 207 207 204 206 209 204 208 210 210 207 207 206 202 201 201 202 197 192 189 188 188 184 180 175 173 174 173 168 163 158 155 151 147 143 140 135 131 129 126 122 119 115 112 108 106
-9999 -9999 -9999 -9999 -9999 -9999 388 416 448 486 522 596 658 675 662 631 588 554 509 460 442 409 397 356 324 302 267 244 234 230 232 230 219 238 241 244 233 230 233 228 229 230 228 228 223 214 221 224 221 210 208 210 215 214 212 210 204 209 213 212 209 206 204 201 200 202 199 195 191 190 185 178 176 178 175 171 166 161 158 156 153 149 145 141 138 134 130 126 123 119 116 112 109 107
-9999 -9999 -9999 -9999 -9999 346 367 407 436 475 535 600 643 676 658 610 579 545 513 486 436 408 374 349 319 299 282 264 250 245 242 246 254 238 239 241 247 248 236 238 229 239 244 239 230 226 228 222 226 221 214 217 215 216 214 207 206 207 211 213 211 210 208 206 205 202 202 201 203 196 188 183 179 177 173 172 169 164 160 157 154 150 147 143 139 136 131 127 124 120 116 112 108 106
-9999 -9999 -9999 -9999 -9999 344 360 390 430 451 505 547 614 635 611 611 603 553 542 508 467 434 397 359 333 312 296 284 274 265 258 245 245 250 253 241 236 236 238 236 241 246 246 244 236 233 232 228 226 226 219 221 218 219 211 208 205 210 207 208 210 212 212 214 211 210 207 203 201 199 193 189 186 180 176 174 169 165 160 158 155 151 147 144 140 136 133 128 124 120 116 112 106 105
-9999 -9999 -9999 -9999 -9999 -9999 344 370 409 440 472 509 549 569 610 620 602 565 548 520 483 442 403 368 341 325 310 293 284 272 257 266 242 245 240 234 234 237 233 232 250 251 248 246 243 241 237 236 235 233 224 223 219 220 216 211 205 209 209 206 207 210 211 209 213 213 212 212 206 200 194 188 186 183 177 172 169 165 162 158 155 151 148 144 141 137 132 128 124 120 116 112 106 102
-9999 -9999 -9999 -9999 -9999 322 338 363 398 426 483 501 518 580 617 614 598 570 549 513 494 447 407 375 366 336 307 296 288 276 258 251 255 258 241 242 238 235 251 243 244 241 243 250 249 248 246 242 239 232 226 220 218 218 218 213 207 207 210 205 210 212 210 211 210 210 210 207 209 206 199 194 187 182 178 173 169 165 161 158 156 151 147 143 140 136 133 128 124 120 116 112 107 102
-9999 -9999 -9999 291 300 313 330 352 381 411 439 463 491 550 586 608 598 578 543 522 491 444 399 360 338 328 288 292 294 280 271 262 248 259 255 247 244 239 247 240 242 241 246 252 254 251 249 247 243 239 232 224 218 215 218 216 210 206 204 207 209 208 208 209 209 208 207 208 202 201 195 191 186 183 179 174 168 164 160 156 153 150 146 143 140 137 133 129 124 119 115 111 107 103
260 -9999 -9999 288 295 305 319 338 363 391 420 463 503 539 590 590 592 578 545 521 491 451 410 400 345 302 297 287 281 276 281 267 255 249 259 256 250 252 247 242 244 245 247 251 254 253 254 251 247 242 237 233 225 216 213 208 208 205 203 202 203 205 205 205 209 208 208 204 200 194 191 188 184 180 176 171 166 162 159 155 151 148 145 142 139 136 133 128 124 119 114 110 106 102
261 -9999 -9999 -9999 -9999 297 307 324 348 374 404 432 480 508 539 577 599 584 563 536 508 464 420 407 353 318 298 287 282 278 276 274 260 257 269 267 264 252 248 243 241 240 245 250 255 255 256 255 250 243 240 236 231 225 216 210 207 204 201 200 199 200 203 204 204 206 206 206 198 193 189 186 182 178 174 170 166 162 158 155 151 147 143 140 137 136 132 127 122 117 113 109 105 102
262 -9999 -9999 -9999 284 290 297 312 333 361 383 404 434 468 515 579 596 587 569 543 514 474 432 405 371 341 317 324 300 298 287 283 270 262 258 255 257 250 247 242 240 239 244 249 252 257 260 259 253 247 241 236 232 226 218 213 207 203 200 200 199 198 199 204 203 203 204 198 194 191 187 184 181 177 175 171 168 164 160 157 152 147 143 139 135 133 130 126 121 117 113 109 106 102
262 -9999 -9999 -9999 -9999 288 292 302 315 338 357 384 420 460 523 571 588 587 572 545 524 492 452 411 394 365 339 331 320 314 304 288 278 271 264 256 252 250 244 240 237 237 240 247 252 258 262 263 258 251 246 239 235 228 219 213 209 204 201 200 199 199 199 201 202 201 198 196 194 192 189 186 182 178 174 172 167 163 159 155 151 146 142 136 132 130 126 122 119 115 112 109 105 103
262 -9999 -9999 -9999 282 286 291 301 312 328 351 372 413 460 504 561 587 587 573 551 528 502 468 432 402 388 368 350 335 320 317 302 286 277 267 259 251 246 242 239 237 237 240 245 252 258 265 265 261 255 249 243 235 227 220 214 209 205 201 200 199 198 201 202 204 203 203 198 198 195 190 186 181 178 174 171 166 162 159 155 150 145 139 133 128 124 121 119 116 114 111 108 106 104
268 270 272 -9999 282 287 294 301 312 324 346 375 419 475 521 554 577 581 568 556 537 512 478 451 422 410 389 371 356 341 328 312 294 281 268 256 248 239 236 235 234 236 240 244 248 255 262 262 261 256 252 249 237 230 224 217 210 205 202 200 200 201 202 204 203 205 201 196 198 194 188 184 180 177 175 172 167 162 158 154 149 143 136 130 124 120 118 116 112 110 108 107 108 108
272 271 272 -9999 -9999 -9999 296 302 314 328 348 377 422 464 488 535 559 568 561 551 535 518 484 462 438 430 414 394 380 362 340 319 300 280 264 256 -9999 233 232 232 231 233 237 242 246 250 255 258 259 257 254 249 242 236 228 221 213 206 206 204 205 202 203 204 204 200 198 196 194 190 186 183 180 174 171 167 164 160 156 152 146 140 134 127 122 118 116 112 109 109 109 110 112 114
277 279 280 281 -9999 -9999 -9999 -9999 318 328 344 367 395 425 468 503 538 548 554 543 532 509 483 469 456 444 437 429 410 374 347 321 297 278 -9999 -9999 -9999 -9999 -9999 228 228 230 234 238 242 245 250 252 256 258 255 252 249 244 238 229 219 211 210 211 218 208 207 208 203 200 198 196 194 190 185 181 178 176 173 169 164 160 155 150 144 138 132 126 121 118 116 112 112 112 112 113 116 119
280 281 283 286 292 298 302 -9999 -9999 334 -9999 -9999 -9999 404 428 455 494 519 532 533 521 504 485 468 460 449 442 433 407 374 342 316 -9999 -9999 -9999 -9999 -9999 -9999 -9999 -9999 220 224 228 230 235 240 244 249 252 258 263 261 261 258 253 243 231 222 221 221 221 213 212 208 203 202 202 201 197 193 189 185 181 178 174 170 166 161 155 149 144 138 131 126 122 118 116 116 116 117 117 118 120 123
284 286 289 295 300 305 311 318 327 336 348 359 -9999 -9999 -9999 -9999 449 478 499 498 490 482 472 456 446 434 422 410 387 357 -9999 -9999 -9999 -9999 -9999 -9999 242 237 231 227 224 224 221 223 224 233 239 245 250 261 269 273 278 275 270 262 251 241 236 233 230 225 222 209 206 211 209 205 200 197 194 189 182 181 177 171 165 160 154 148 142 136 131 126 121 118 118 118 120 121 122 122 124 127
