resultados/variables_proyeccion_tiempo/variables_paleo_21k/bio19.asc
ncols 330
nrows 228
xllcorner -12.000000
yllcorner 34.000000
cellsize 0.166667
NODATA_value -9999
[rows 132 to 175 of 228, columns 192 to 287 of 330]
103 99 102 103 104 108 111 111 110 111 107 106 104 103 99 95 92 91 94 98 102 109 115 118 115 111 107 104 101 102 101 100 99 97 97 97 98 100 103 107 111 113 114 113 111 108 105 104 101 99 98 97 98 99 101 103 105 108 110 112 113 115 116 116 116 114 110 107 104 102 102 104 108 112 115 118 123 126 126 125 121 116 115 115 115 115 115 113 111 112 112 112 112 112 111 109
115 112 111 108 111 114 116 115 111 110 111 110 111 107 104 102 97 95 99 102 106 110 115 120 119 112 109 106 104 101 99 97 95 95 95 97 99 101 104 107 109 110 111 111 109 107 105 104 102 101 101 100 101 102 102 104 107 109 110 111 113 114 114 115 114 112 109 107 106 104 104 107 111 113 116 119 121 123 125 122 119 118 117 117 116 115 115 114 113 114 115 114 115 115 114 112
131 130 111 103 114 128 129 131 126 120 118 115 113 112 114 113 104 101 104 106 109 112 115 116 118 113 110 105 104 100 98 96 94 92 94 96 98 99 102 105 107 110 110 109 108 106 104 103 101 101 102 103 103 104 105 105 108 109 110 112 113 114 116 114 113 112 110 109 106 105 106 108 111 113 116 118 119 120 121 121 120 119 117 117 116 116 116 114 114 115 116 116 116 116 116 115
116 109 106 124 124 140 141 135 128 127 129 132 127 122 118 121 120 117 114 113 113 114 115 114 113 109 106 103 101 98 97 95 93 91 92 94 97 98 101 104 106 108 108 107 106 104 103 102 101 101 102 104 104 105 106 108 108 109 111 113 115 115 116 115 115 112 110 109 108 108 109 110 111 112 114 117 118 119 120 119 119 118 117 118 119 118 117 116 117 118 118 119 120 119 120 120
205 170 101 114 120 128 136 122 116 116 121 127 135 140 135 132 130 127 129 128 126 120 117 115 112 108 104 99 96 96 94 94 92 92 92 93 96 98 100 101 104 105 106 105 104 103 102 100 99 101 103 105 105 106 106 108 109 111 113 115 116 116 116 116 115 113 112 110 109 110 109 108 111 111 112 113 115 116 117 117 118 117 117 118 119 119 118 119 119 120 120 120 121 122 122 123
156 98 85 110 115 119 112 111 112 113 116 122 128 136 142 144 144 138 136 142 136 128 124 118 116 110 104 98 94 92 93 93 93 93 92 92 93 95 98 99 101 101 100 101 101 100 100 98 97 99 101 104 106 106 107 107 109 112 114 115 116 118 116 116 115 112 111 111 110 108 108 107 108 110 112 112 114 116 116 116 115 115 116 118 120 119 120 120 121 121 122 122 123 125 126 127
151 118 96 90 99 107 108 102 125 113 114 123 135 138 133 137 142 147 141 143 139 143 136 126 118 112 107 101 94 93 92 92 92 92 92 92 93 93 95 96 97 97 97 98 98 98 98 98 97 98 101 102 104 105 107 109 109 111 114 116 117 119 117 115 113 112 111 111 109 108 107 106 106 107 110 113 115 116 115 115 116 115 116 116 118 119 120 120 122 123 124 125 126 126 128 130
102 102 85 104 104 105 107 97 105 118 112 120 128 137 140 137 141 142 140 145 143 144 144 142 130 120 110 102 96 94 92 91 91 90 91 91 91 91 91 91 93 94 94 95 95 97 97 97 97 98 101 103 104 105 106 107 109 111 113 115 117 118 116 114 113 111 111 109 108 106 105 104 104 104 107 111 113 113 113 115 116 116 116 116 117 117 118 120 123 125 126 127 127 130 131 132
86 78 80 82 87 86 88 93 109 109 113 120 129 136 138 137 139 136 138 147 141 144 147 148 143 132 120 109 102 96 92 90 89 88 88 89 88 88 87 87 88 90 90 92 93 94 96 96 97 98 100 102 105 106 106 106 108 110 112 114 116 116 115 115 112 112 111 109 108 106 105 103 99 98 102 106 110 111 111 112 114 114 114 114 116 119 121 121 122 123 124 124 127 129 131 132
81 76 77 78 78 83 90 98 111 110 115 120 127 131 131 128 126 133 139 135 142 141 145 143 140 136 133 118 111 100 93 88 86 86 86 88 88 86 84 83 84 87 89 90 92 93 94 95 96 97 100 102 104 106 106 108 108 110 110 112 114 114 114 113 112 110 109 108 107 106 105 103 99 96 99 104 108 110 110 110 111 112 112 113 116 119 120 122 123 125 124 128 131 135 135 135
80 77 77 77 77 82 89 100 106 108 114 118 123 125 125 124 123 123 126 135 135 139 138 136 140 136 127 125 122 109 99 92 88 86 85 84 82 80 79 79 80 82 85 87 89 91 93 95 95 95 97 100 103 105 107 108 108 110 111 111 111 112 111 111 111 108 109 108 107 107 106 105 102 100 101 104 107 108 108 108 108 110 111 113 115 116 121 123 125 127 128 129 134 137 138 139
83 82 90 91 80 82 90 96 105 109 112 116 119 121 120 119 118 119 124 136 138 140 138 132 129 127 128 135 119 108 104 102 92 83 80 79 78 76 75 75 76 78 79 83 86 88 91 92 94 97 96 97 101 105 106 108 108 109 109 109 109 109 109 108 108 108 109 108 109 108 107 106 104 103 102 103 106 105 105 106 108 108 110 111 114 117 122 123 126 129 130 133 137 140 140 140
87 81 82 82 81 84 89 95 102 107 110 113 116 117 116 114 112 113 121 132 143 142 138 133 126 127 130 129 126 116 109 104 96 86 76 71 71 71 71 71 72 74 76 78 83 86 88 91 92 95 98 101 101 102 104 106 108 108 108 108 108 108 108 109 109 109 108 108 107 105 106 105 105 104 103 103 103 104 105 105 106 107 108 111 114 116 120 124 128 133 135 138 140 141 143 143
82 81 80 81 82 85 89 94 99 104 107 110 113 113 112 110 109 109 118 129 143 142 134 130 124 119 117 120 122 125 116 107 98 92 82 65 66 68 68 68 69 71 73 75 79 83 86 89 92 94 96 100 102 102 102 104 106 108 107 107 108 108 109 110 109 108 107 106 106 105 104 105 104 104 102 102 102 103 104 104 105 106 108 110 111 114 118 123 128 135 136 138 140 141 142 144
82 82 82 82 84 86 90 93 98 101 104 108 110 111 110 109 107 111 120 127 137 145 136 127 123 122 117 126 124 126 114 106 98 86 81 70 65 64 65 66 67 67 70 73 76 80 84 88 90 92 94 95 99 102 102 103 105 107 108 108 108 107 108 108 108 108 107 104 105 105 105 105 104 102 101 101 102 102 103 101 103 106 108 108 108 112 116 120 125 131 133 135 140 142 142 145
84 83 83 84 86 88 90 94 97 99 103 108 109 110 110 110 109 111 114 119 126 128 125 121 117 116 112 115 108 106 108 103 101 96 84 77 67 62 63 63 66 65 67 70 74 78 83 87 91 93 95 95 97 100 101 104 106 108 107 107 106 107 107 107 108 108 107 106 106 106 106 105 104 101 101 101 101 100 100 100 103 105 106 106 108 112 115 119 123 127 132 135 137 140 142 144
86 85 85 86 87 89 92 96 98 100 105 110 111 111 111 109 108 107 109 110 112 113 112 110 109 107 107 105 104 105 107 107 102 99 88 86 76 66 61 61 60 63 64 68 73 78 81 86 92 94 95 97 100 102 102 103 105 107 105 106 105 106 107 107 107 108 109 109 108 108 105 105 103 100 101 101 100 98 98 100 103 103 104 105 109 112 114 118 122 126 130 133 135 137 139 142
88 87 87 88 89 91 94 96 98 103 108 113 113 112 115 115 110 108 105 102 101 99 99 99 102 102 103 102 106 110 110 115 100 97 95 77 78 72 61 59 58 59 64 69 73 78 82 83 88 93 97 98 100 102 102 102 102 104 104 104 104 105 107 109 110 109 110 109 108 107 105 103 101 101 101 100 99 97 98 100 100 100 101 105 108 110 113 116 120 123 126 130 132 133 136 139
90 89 88 89 91 93 95 96 100 104 108 112 113 113 118 114 116 109 101 96 91 88 86 89 92 94 95 95 92 94 96 96 86 93 88 85 74 69 60 58 57 56 64 69 73 79 83 87 86 91 95 99 99 100 102 102 101 101 103 103 106 107 108 110 112 111 109 109 107 106 104 101 101 101 100 99 97 96 98 98 99 99 101 104 106 108 110 113 117 119 123 125 126 129 132 135
92 90 89 90 92 95 95 97 100 103 106 108 109 108 109 127 137 119 112 101 87 83 80 82 85 88 88 88 85 86 97 104 84 88 99 89 89 83 66 58 59 58 66 70 73 77 82 86 88 90 95 98 100 100 100 102 101 100 101 102 106 108 109 111 112 112 110 108 107 105 104 102 102 101 99 97 96 95 96 96 96 97 100 103 103 105 107 110 113 116 118 120 122 125 127 129
94 91 90 92 94 96 96 99 101 104 105 107 112 118 107 116 136 131 133 126 99 84 78 77 79 81 82 81 81 82 84 95 95 90 81 92 91 90 77 63 62 61 67 72 75 80 82 87 88 88 92 96 98 100 100 100 103 104 103 102 104 109 112 113 113 111 109 108 105 104 103 102 101 100 98 96 94 94 95 94 96 97 99 101 102 103 105 108 110 112 115 117 118 121 122 123
91 89 90 92 95 97 98 100 103 104 105 106 106 112 113 114 131 116 117 113 97 88 76 76 77 78 78 78 78 78 79 83 81 102 78 88 95 86 72 68 66 66 69 73 77 80 82 86 86 88 93 95 97 97 100 101 103 103 104 105 104 106 112 115 114 110 108 106 105 105 104 103 102 100 99 97 95 95 94 93 94 96 99 101 101 102 104 105 107 109 112 114 115 116 116 118
87 88 90 93 96 99 101 102 104 107 112 111 113 110 110 104 107 107 107 112 102 83 75 75 76 76 76 77 77 76 77 76 77 83 95 79 88 98 82 70 67 70 70 74 77 79 82 85 85 89 93 94 96 98 100 100 101 101 102 103 104 105 109 112 110 109 108 107 107 107 105 104 103 100 100 97 95 96 93 92 93 95 99 101 101 101 102 104 106 107 109 111 113 113 114 114
90 90 92 95 98 102 104 106 107 109 111 111 110 112 109 110 103 102 102 99 91 79 78 75 75 76 77 79 79 79 78 74 75 73 80 89 83 84 93 87 77 76 74 74 76 79 85 87 85 90 94 93 96 99 99 97 97 98 99 99 101 104 106 108 109 110 108 107 108 108 106 104 103 101 100 97 95 96 93 92 94 97 102 104 103 102 102 103 104 107 109 110 111 111 111 112
94 95 96 98 101 104 107 109 111 112 112 111 110 108 108 105 103 96 97 90 86 83 80 78 76 78 78 79 79 79 77 75 83 76 84 82 77 91 108 96 81 80 76 74 76 80 85 85 86 90 93 94 98 98 96 95 94 94 95 96 98 101 102 105 107 108 108 108 108 107 106 104 104 101 100 98 97 97 95 94 96 101 106 109 108 105 103 104 107 108 109 109 109 108 109 110
100 100 102 103 105 107 109 111 112 112 111 111 112 118 126 129 115 99 96 102 110 110 111 96 82 78 78 81 83 82 82 82 81 74 78 87 90 110 124 110 89 84 77 75 76 79 83 87 86 92 94 95 98 96 94 92 91 90 91 92 94 96 99 102 105 107 108 108 107 107 107 106 104 104 102 100 98 100 100 101 105 109 115 120 119 112 109 110 111 111 111 110 110 109 109 109
107 107 107 108 110 111 112 113 114 116 116 115 113 125 127 127 117 106 109 122 140 138 146 137 123 96 118 138 147 141 130 114 93 111 108 116 110 114 117 111 97 86 80 76 77 80 84 88 88 93 94 95 97 96 93 89 87 85 84 86 88 92 97 101 104 106 107 108 108 108 108 107 105 102 101 102 103 105 107 108 112 118 127 137 128 126 128 123 119 117 114 112 111 109 109 109
114 114 114 114 114 115 115 116 118 118 120 120 120 117 134 152 153 156 132 119 120 150 147 123 115 98 106 118 123 132 125 127 148 137 135 129 117 104 100 94 90 88 81 80 81 82 84 87 88 90 92 94 97 96 91 87 82 79 78 81 85 90 95 100 103 106 107 108 109 110 109 109 105 -9999 102 111 110 108 109 111 116 122 132 148 144 142 138 136 129 123 118 115 112 111 110 110
121 122 122 122 121 121 120 120 121 123 126 130 146 132 141 174 162 152 136 132 120 129 128 130 121 102 99 99 100 101 103 120 124 118 114 106 99 96 94 90 86 85 83 83 84 84 85 86 88 93 94 94 95 94 90 85 79 73 73 78 84 90 95 99 103 106 108 110 110 110 111 111 110 107 108 109 107 106 107 110 114 120 131 144 154 156 153 149 140 131 119 112 110 109 114 113
132 132 130 128 128 127 124 123 124 123 133 144 156 134 145 151 130 122 112 106 104 103 103 102 98 95 95 98 98 97 101 101 100 99 100 96 94 94 94 92 87 87 86 86 86 86 85 86 87 91 96 96 96 94 89 83 78 73 73 78 84 90 96 100 105 108 110 111 112 112 112 113 113 111 110 108 107 107 106 107 110 118 128 136 148 161 167 162 160 149 140 119 106 101 103 106
141 142 139 135 132 131 130 127 126 128 135 139 134 141 134 134 125 115 111 108 108 106 105 103 101 97 100 102 99 98 100 100 98 98 98 97 96 95 94 92 92 90 89 88 87 87 87 86 88 93 99 96 94 91 88 84 81 78 78 82 87 93 98 103 107 109 110 113 114 113 113 114 114 112 111 109 109 109 108 109 111 118 128 135 152 177 215 209 182 161 140 112 105 103 102 102
149 151 152 145 137 134 132 130 130 130 138 136 143 142 126 127 122 119 116 114 111 110 110 107 106 103 105 104 104 103 102 102 102 102 103 103 102 101 99 97 95 93 91 89 89 88 88 89 91 95 100 96 92 90 88 86 85 84 85 88 92 98 103 107 110 111 111 116 116 114 114 113 -9999 -9999 -9999 110 111 112 112 113 115 126 138 153 176 228 207 160 135 128 118 113 107 104 105 104
157 158 158 152 146 139 134 132 133 132 137 136 137 134 131 121 121 124 121 118 115 114 113 111 110 106 107 107 106 105 105 105 106 106 108 108 108 107 104 101 98 96 93 91 90 91 91 91 93 96 95 95 92 90 88 88 89 90 92 95 99 103 108 112 115 117 115 116 -9999 -9999 -9999 -9999 -9999 -9999 -9999 -9999 -9999 115 118 118 125 137 159 187 236 264 162 -9999 -9999 -9999 -9999 -9999 -9999 -9999 -9999 -9999
163 160 158 153 146 142 138 136 136 140 140 142 136 135 128 123 122 124 125 123 120 117 115 115 113 111 110 110 108 108 108 108 109 110 112 113 115 112 108 105 101 99 97 95 94 93 94 93 93 95 95 93 92 90 91 93 95 97 100 103 106 111 115 118 121 123 120 -9999 -9999 -9999 -9999 -9999 -9999 -9999 -9999 -9999 -9999 -9999 116 120 127 145 170 213 205 169 -9999 -9999 -9999 -9999 -9999 -9999 -9999 -9999 -9999 -9999
168 165 160 155 149 144 140 138 139 142 143 147 141 139 132 126 126 125 127 127 126 123 120 119 119 116 115 114 113 112 112 112 113 114 115 116 117 115 112 109 106 103 100 97 95 95 96 96 97 96 95 94 93 95 97 99 102 105 108 111 115 117 122 124 117 116 -9999 -9999 -9999 -9999 -9999 -9999 -9999 -9999 -9999 -9999 -9999 -9999 -9999 -9999 -9999 131 146 154 162 -9999 -9999 -9999 -9999 -9999 -9999 -9999 -9999 -9999 -9999 -9999
172 168 162 160 151 145 142 140 140 148 161 153 142 138 133 130 128 127 127 127 127 125 124 122 121 120 118 116 116 115 115 115 116 118 119 120 120 118 115 113 111 109 105 103 100 102 103 103 103 103 101 99 98 100 103 106 110 114 117 120 124 127 113 112 111 109 -9999 -9999 -9999 -9999 -9999 -9999 -9999 -9999 -9999 -9999 -9999 -9999 -9999 -9999 -9999 -9999 -9999 -9999 -9999 -9999 -9999 -9999 -9999 -9999 -9999 -9999 -9999 -9999 -9999 -9999
179 173 166 159 151 152 147 143 140 147 156 144 137 134 135 134 131 128 130 131 130 128 127 125 124 122 120 117 117 117 117 117 117 120 121 120 121 121 120 119 117 115 113 112 109 109 110 110 109 108 107 106 106 107 111 115 119 123 128 130 119 116 114 -9999 -9999 -9999 -9999 -9999 -9999 -9999 -9999 -9999 -9999 -9999 -9999 -9999 -9999 -9999 -9999 -9999 -9999 -9999 -9999 -9999 -9999 -9999 -9999 -9999 -9999 -9999 -9999 -9999 -9999 -9999 -9999 -9999
190 182 173 159 153 156 149 146 141 145 148 149 146 139 143 137 136 134 134 136 135 134 130 128 125 124 123 121 119 119 117 118 118 119 120 123 126 127 127 127 125 123 122 118 117 116 117 118 117 115 114 113 112 115 119 123 128 132 132 124 124 117 117 -9999 -9999 -9999 -9999 -9999 -9999 -9999 -9999 -9999 -9999 -9999 -9999 -9999 -9999 -9999 -9999 -9999 -9999 -9999 -9999 -9999 -9999 -9999 -9999 -9999 -9999 -9999 -9999 -9999 -9999 -9999 -9999 -9999
198 194 191 179 174 161 151 148 147 144 145 151 148 139 147 144 138 136 136 137 136 135 132 131 129 126 125 123 124 123 122 121 121 122 126 128 130 132 132 133 134 132 129 126 124 123 124 125 125 124 123 122 123 124 127 132 136 127 120 117 -9999 -9999 -9999 -9999 -9999 -9999 -9999 -9999 -9999 -9999 -9999 -9999 -9999 -9999 -9999 -9999 -9999 -9999 -9999 -9999 -9999 -9999 -9999 -9999 -9999 -9999 -9999 -9999 -9999 -9999 -9999 -9999 -9999 -9999 -9999 -9999
214 212 205 188 190 182 162 156 161 150 143 143 143 144 142 159 159 142 138 137 138 138 136 132 128 126 125 125 126 123 123 124 123 124 128 132 136 134 136 137 139 136 132 132 130 130 133 132 130 129 130 131 131 134 135 136 -9999 -9999 -9999 -9999 -9999 -9999 -9999 -9999 -9999 -9999 -9999 -9999 -9999 -9999 -9999 -9999 -9999 -9999 -9999 -9999 -9999 -9999 -9999 -9999 -9999 -9999 -9999 -9999 -9999 -9999 -9999 -9999 -9999 -9999 -9999 -9999 -9999 -9999 -9999 -9999
233 226 218 200 200 194 176 161 152 149 142 141 142 143 140 142 159 154 146 139 142 143 139 135 129 128 126 128 126 126 127 126 127 125 129 132 137 140 143 138 136 135 132 132 131 131 132 134 129 129 133 137 138 139 -9999 -9999 -9999 -9999 -9999 -9999 -9999 -9999 -9999 -9999 -9999 -9999 -9999 -9999 -9999 -9999 -9999 -9999 -9999 -9999 -9999 -9999 -9999 -9999 -9999 -9999 -9999 -9999 -9999 -9999 -9999 -9999 -9999 -9999 -9999 -9999 -9999 -9999 -9999 -9999 -9999 -9999
252 242 230 217 203 202 191 167 162 154 142 138 141 148 139 137 139 143 154 154 143 142 137 134 132 129 128 130 128 132 129 132 133 131 131 133 143 150 152 148 145 143 139 135 132 131 135 134 131 134 138 142 141 -9999 -9999 -9999 -9999 -9999 -9999 -9999 -9999 -9999 -9999 -9999 -9999 -9999 -9999 -9999 -9999 -9999 -9999 -9999 -9999 -9999 -9999 -9999 -9999 -9999 -9999 -9999 -9999 -9999 -9999 -9999 -9999 -9999 -9999 -9999 -9999 -9999 -9999 -9999 -9999 -9999 -9999 -9999
271 259 248 234 212 199 189 172 169 153 142 136 134 145 144 144 136 133 133 135 137 143 134 136 136 139 140 135 131 133 132 136 140 139 143 146 152 157 162 162 158 155 152 148 147 145 139 138 138 141 145 145 -9999 -9999 -9999 -9999 -9999 -9999 -9999 -9999 -9999 -9999 -9999 -9999 -9999 -9999 -9999 -9999 -9999 -9999 -9999 -9999 -9999 -9999 -9999 -9999 -9999 -9999 -9999 -9999 -9999 -9999 -9999 -9999 -9999 -9999 -9999 -9999 -9999 -9999 -9999 -9999 -9999 -9999 -9999 -9999
287 280 264 240 219 201 184 178 169 157 150 149 134 153 155 140 137 131 128 122 123 132 137 143 146 150 154 144 154 159 159 150 155 154 155 162 163 166 165 160 158 159 160 152 150 143 146 143 144 147 149 -9999 -9999 -9999 -9999 -9999 -9999 -9999 -9999 -9999 -9999 -9999 -9999 -9999 -9999 -9999 -9999 -9999 -9999 -9999 -9999 -9999 -9999 -9999 -9999 -9999 -9999 -9999 -9999 -9999 -9999 -9999 -9999 -9999 -9999 -9999 -9999 -9999 -9999 -9999 -9999 -9999 -9999 -9999 -9999 -9999
