resultados/variables_proyeccion_tiempo/variables_paleo_21k/bio1.asc
ncols 330
nrows 228
xllcorner -12.000000
yllcorner 34.000000
cellsize 0.166667
NODATA_value -9999
[rows 123 to 163 of 228, columns 0 to 93 of 330]
-9999 -9999 -9999 -9999 67 65 64 62 60 58 54 51 48 42 39 36 32 29 26 22 17 12 7 2 -3 -8 -13 -18 -23 -28 -33 -37 -41 -44 -47 -50 -54 -58 -61 -64 -67 -69 -70 -71 -72 -72 -72 -73 -75 -76 -81 -82 -80 -78 -78 -81 -81 -81 -79 -75 -77 -77 -74 -72 -70 -68 -68 -69 -66 -64 -62 -60 -64 -67 -68 -69 -68 -68 -68 -67 -68 -67 -67 -67 -67 -68 -68 -69 -70 -71 -71 -72 -72 -71
-9999 -9999 -9999 -9999 68 66 64 63 62 60 57 54 52 48 45 41 38 34 30 25 21 17 12 7 2 -3 -8 -13 -18 -22 -27 -31 -34 -37 -41 -45 -48 -51 -55 -58 -60 -62 -63 -65 -66 -65 -66 -69 -75 -80 -78 -75 -75 -76 -78 -82 -84 -81 -77 -76 -74 -72 -71 -69 -69 -69 -69 -69 -66 -68 -67 -67 -67 -67 -66 -68 -70 -68 -69 -67 -65 -63 -62 -63 -63 -63 -64 -65 -66 -68 -68 -68 -68 -67
-9999 -9999 -9999 -9999 69 67 66 64 63 62 58 56 54 51 48 45 42 38 34 29 26 21 16 11 7 2 -2 -7 -11 -16 -20 -24 -28 -31 -35 -38 -42 -45 -48 -50 -53 -54 -56 -58 -59 -60 -62 -67 -75 -84 -85 -85 -80 -77 -75 -76 -77 -78 -77 -75 -72 -68 -65 -64 -64 -68 -67 -68 -65 -65 -67 -66 -66 -66 -65 -64 -63 -63 -64 -63 -60 -58 -59 -59 -59 -60 -61 -62 -63 -64 -65 -65 -64 -63
-9999 -9999 -9999 -9999 -9999 69 67 65 64 62 60 57 55 53 50 48 44 41 37 33 29 25 20 16 12 8 4 -1 -6 -10 -14 -18 -22 -25 -28 -31 -35 -38 -41 -44 -46 -48 -50 -51 -54 -64 -63 -64 -67 -72 -76 -76 -78 -79 -74 -74 -75 -73 -72 -71 -67 -65 -61 -57 -58 -61 -63 -64 -62 -63 -63 -64 -61 -62 -62 -61 -58 -57 -56 -56 -54 -55 -58 -57 -57 -57 -58 -59 -60 -60 -61 -60 -60 -60
-9999 -9999 -9999 -9999 -9999 70 68 67 66 64 62 60 58 55 52 50 48 43 40 36 33 28 24 21 16 12 8 5 1 -3 -7 -11 -14 -18 -21 -25 -28 -32 -35 -38 -40 -42 -43 -45 -53 -55 -59 -64 -68 -66 -66 -68 -71 -70 -68 -68 -72 -69 -66 -63 -62 -60 -57 -55 -56 -55 -55 -56 -56 -56 -56 -57 -58 -58 -55 -54 -53 -53 -52 -52 -51 -54 -56 -59 -58 -55 -56 -56 -57 -57 -57 -57 -56 -57
-9999 -9999 -9999 -9999 -9999 -9999 -9999 69 67 65 62 62 59 58 55 52 49 46 43 40 36 32 29 25 22 18 15 10 7 4 0 -4 -8 -11 -14 -18 -22 -25 -29 -31 -34 -36 -39 -46 -55 -52 -52 -62 -72 -64 -60 -58 -57 -57 -57 -57 -57 -58 -58 -59 -57 -55 -53 -54 -55 -52 -52 -52 -52 -53 -52 -52 -52 -51 -51 -51 -50 -49 -48 -48 -48 -50 -54 -57 -57 -56 -53 -52 -52 -53 -54 -53 -52 -52
-9999 -9999 -9999 -9999 -9999 -9999 -9999 70 68 64 63 62 60 59 56 54 52 49 46 44 41 37 34 31 27 24 20 16 13 11 7 3 -0 -4 -7 -11 -15 -19 -22 -26 -29 -33 -38 -40 -41 -42 -41 -46 -54 -51 -52 -49 -48 -48 -49 -50 -50 -49 -50 -51 -51 -51 -50 -49 -49 -49 -49 -49 -50 -50 -50 -50 -49 -49 -48 -48 -47 -46 -46 -46 -45 -46 -48 -50 -51 -53 -54 -53 -51 -50 -49 -48 -48 -48
-9999 -9999 -9999 -9999 -9999 -9999 73 70 68 66 66 64 63 61 60 56 53 53 51 48 44 42 39 36 32 28 25 22 20 17 14 10 7 4 0 -4 -8 -13 -19 -23 -30 -29 -29 -28 -27 -27 -29 -32 -36 -41 -40 -40 -41 -41 -42 -42 -43 -43 -44 -45 -45 -46 -45 -45 -45 -45 -45 -46 -47 -47 -47 -46 -46 -46 -45 -45 -44 -42 -42 -42 -41 -43 -45 -46 -48 -49 -50 -50 -48 -47 -46 -46 -46 -47
-9999 -9999 -9999 -9999 -9999 -9999 72 70 69 67 66 66 64 63 61 57 57 56 53 50 47 44 43 40 37 34 32 29 26 23 20 16 14 10 7 3 -1 -8 -16 -16 -23 -22 -17 -17 -18 -19 -20 -22 -24 -27 -29 -31 -33 -34 -35 -36 -36 -37 -38 -38 -40 -40 -41 -41 -42 -42 -43 -43 -44 -44 -44 -43 -43 -42 -42 -41 -40 -39 -38 -38 -42 -44 -43 -43 -44 -46 -46 -46 -46 -45 -44 -44 -45 -45
-9999 -9999 -9999 -9999 -9999 -9999 71 70 70 67 68 68 66 65 63 62 60 58 56 52 50 48 47 44 41 40 37 34 32 29 26 24 20 15 10 9 6 3 -1 -5 -9 -9 -9 -9 -10 -12 -13 -15 -17 -20 -22 -24 -25 -27 -28 -29 -30 -30 -32 -33 -35 -36 -37 -38 -38 -39 -40 -40 -40 -40 -40 -40 -39 -39 -38 -38 -38 -38 -39 -42 -44 -44 -43 -42 -41 -39 -40 -39 -39 -39 -40 -41 -41 -41
-9999 -9999 -9999 -9999 -9999 -9999 75 72 70 70 70 69 67 67 67 64 62 61 59 56 55 53 52 49 47 45 42 39 37 35 32 30 27 24 20 17 14 10 7 4 2 -0 -1 -3 -4 -5 -6 -8 -10 -12 -15 -17 -19 -20 -21 -23 -24 -25 -28 -30 -33 -34 -35 -36 -36 -37 -37 -37 -38 -38 -38 -37 -37 -39 -41 -42 -42 -41 -40 -41 -41 -44 -43 -42 -40 -38 -37 -36 -35 -35 -35 -35 -35 -35
-9999 -9999 -9999 -9999 -9999 75 74 72 71 70 69 68 70 70 69 67 65 65 63 59 59 57 55 53 51 48 45 44 42 40 38 35 32 30 27 24 20 17 15 12 9 7 6 4 3 2 1 -1 -3 -6 -8 -10 -11 -13 -15 -17 -19 -21 -23 -25 -28 -34 -35 -35 -33 -34 -34 -35 -36 -36 -35 -34 -37 -40 -40 -40 -38 -38 -37 -38 -38 -38 -39 -38 -38 -36 -34 -32 -31 -31 -30 -30 -33 -30
-9999 -9999 -9999 -9999 76 75 74 72 71 69 70 69 71 71 70 69 68 66 64 63 62 60 59 56 54 53 51 49 47 45 42 40 37 35 32 29 27 24 21 19 16 14 13 11 10 9 7 5 3 0 -2 -3 -6 -7 -10 -13 -16 -16 -17 -18 -21 -26 -28 -28 -29 -30 -32 -32 -33 -32 -31 -31 -32 -34 -33 -33 -33 -30 -30 -32 -32 -34 -32 -33 -31 -29 -28 -26 -25 -25 -28 -28 -27 -28
-9999 -9999 -9999 -9999 76 74 75 74 75 74 73 74 74 72 73 71 70 68 67 68 67 63 61 60 58 56 54 52 51 49 46 43 42 40 37 34 32 30 27 25 22 21 19 17 16 15 13 11 9 6 3 0 -1 -2 -4 -7 -9 -10 -12 -14 -15 -19 -23 -25 -26 -28 -31 -32 -32 -32 -30 -31 -33 -33 -34 -33 -31 -31 -28 -26 -28 -28 -26 -27 -27 -24 -21 -21 -21 -23 -24 -24 -24 -24
-9999 -9999 -9999 -9999 -9999 75 75 75 74 74 74 75 75 74 74 73 71 70 70 67 63 65 64 62 62 60 58 56 55 53 50 49 46 44 42 39 37 35 32 30 28 26 24 23 21 21 19 16 13 10 6 4 3 2 -0 -2 -3 -5 -6 -8 -12 -15 -19 -24 -26 -27 -31 -33 -32 -30 -29 -27 -29 -30 -32 -31 -29 -28 -27 -26 -24 -22 -23 -21 -18 -17 -16 -16 -17 -18 -19 -21 -22 -22
-9999 -9999 -9999 -9999 -9999 -9999 -9999 76 75 76 76 75 75 76 75 74 72 70 69 70 69 68 69 68 66 64 62 60 58 56 54 52 50 48 46 44 42 39 38 36 33 31 30 28 27 25 22 19 16 14 11 8 6 4 3 2 1 -2 -4 -7 -9 -12 -15 -20 -24 -26 -27 -31 -31 -29 -30 -25 -28 -30 -30 -29 -27 -26 -24 -24 -20 -20 -18 -16 -13 -9 -8 -9 -11 -12 -14 -16 -18 -19
-9999 -9999 -9999 -9999 -9999 -9999 -9999 -9999 -9999 78 78 78 78 78 76 75 75 75 75 72 72 71 67 66 66 65 64 62 60 59 57 56 54 52 50 48 45 44 42 39 37 36 34 33 30 27 24 21 19 17 14 9 7 5 5 7 4 1 -2 -4 -6 -7 -11 -16 -20 -24 -28 -29 -27 -27 -27 -26 -24 -26 -29 -27 -24 -22 -20 -18 -16 -16 -16 -14 -13 -8 -4 -6 -8 -8 -10 -12 -14 -15
-9999 -9999 -9999 -9999 -9999 -9999 -9999 -9999 -9999 -9999 -9999 -9999 -9999 78 78 76 75 74 74 73 72 70 71 70 67 65 66 65 63 62 61 59 57 55 53 51 49 47 46 44 42 40 37 33 29 26 24 21 19 16 12 10 7 7 5 8 5 0 -1 -4 -5 -5 -7 -9 -14 -16 -19 -20 -21 -22 -24 -25 -23 -20 -20 -21 -20 -20 -17 -16 -14 -11 -11 -10 -7 -4 -2 -2 -2 -4 -6 -7 -8 -8
-9999 -9999 -9999 -9999 -9999 -9999 -9999 -9999 -9999 -9999 -9999 -9999 -9999 -9999 -9999 76 76 76 76 75 73 73 72 71 70 69 68 67 65 64 60 61 60 57 56 54 51 51 49 48 46 40 38 34 31 30 27 22 16 15 13 10 6 5 4 4 5 3 1 -2 -2 -4 -6 -7 -11 -13 -16 -14 -13 -16 -18 -17 -14 -14 -12 -12 -12 -12 -13 -10 -7 -6 -6 -5 -3 -1 1 1 2 1 1 1 -1 -3
-9999 -9999 -9999 -9999 -9999 -9999 -9999 -9999 -9999 -9999 -9999 -9999 -9999 -9999 80 78 79 78 80 78 76 75 75 74 73 71 70 69 68 66 65 64 62 61 58 57 56 54 53 51 49 47 44 42 38 36 31 28 25 23 20 15 13 11 9 7 4 4 4 3 0 -0 -1 -2 -4 -6 -7 -7 -7 -9 -11 -8 -4 -4 -3 -5 -5 -8 -6 -3 -2 -2 -1 0 2 3 4 5 6 4 2 4 0 0
-9999 -9999 -9999 -9999 -9999 -9999 -9999 -9999 -9999 -9999 -9999 -9999 -9999 -9999 -9999 -9999 -9999 -9999 -9999 -9999 -9999 -9999 -9999 76 74 74 73 71 70 69 67 66 65 65 64 61 59 58 56 53 52 51 48 44 42 39 34 31 28 24 23 21 18 17 18 15 14 12 9 7 8 8 6 4 2 -0 -1 1 1 0 -2 0 1 4 3 3 1 -1 1 3 4 4 4 5 6 7 8 10 9 8 6 7 4 3
-9999 -9999 -9999 -9999 -9999 -9999 -9999 -9999 -9999 -9999 -9999 -9999 -9999 -9999 -9999 -9999 -9999 -9999 -9999 -9999 -9999 -9999 -9999 -9999 76 76 75 74 72 70 70 70 68 66 65 64 62 61 60 58 56 54 50 48 47 44 40 39 36 33 31 30 26 25 22 20 18 18 14 14 13 12 10 9 8 8 8 7 7 8 8 9 9 9 7 7 8 7 7 9 9 9 10 10 11 11 12 13 13 11 10 9 12 13
-9999 -9999 -9999 -9999 -9999 -9999 -9999 -9999 -9999 -9999 -9999 -9999 -9999 -9999 -9999 -9999 -9999 -9999 -9999 -9999 -9999 -9999 -9999 -9999 -9999 -9999 -9999 76 74 73 73 71 70 69 68 66 65 64 63 62 60 59 57 55 53 51 48 46 44 42 40 37 35 32 29 26 23 23 22 21 19 18 16 15 14 14 15 14 14 15 15 15 15 15 14 15 15 15 15 14 14 15 15 15 15 16 16 15 15 14 13 11 13 15
-9999 -9999 -9999 -9999 -9999 -9999 -9999 -9999 -9999 -9999 -9999 -9999 -9999 -9999 -9999 -9999 -9999 -9999 -9999 -9999 -9999 -9999 -9999 -9999 -9999 -9999 -9999 78 75 76 75 74 73 71 69 69 68 67 66 64 64 62 61 60 58 57 55 53 50 49 48 45 43 38 36 34 32 29 28 27 25 23 23 21 20 20 20 20 22 22 21 20 21 21 20 21 20 21 20 20 21 20 20 20 19 19 18 17 18 17 14 13 14 17
-9999 -9999 -9999 -9999 -9999 -9999 -9999 -9999 -9999 -9999 -9999 -9999 -9999 -9999 -9999 -9999 -9999 -9999 -9999 -9999 -9999 -9999 -9999 -9999 -9999 -9999 -9999 -9999 -9999 -9999 -9999 -9999 -9999 73 73 72 71 69 68 68 68 66 64 63 62 61 59 58 56 55 53 52 48 46 43 40 38 35 34 33 30 29 28 28 27 27 26 27 27 27 28 27 26 26 26 28 28 28 26 26 25 25 25 25 24 23 20 17 18 21 18 16 18 19
-9999 -9999 -9999 -9999 -9999 -9999 -9999 -9999 -9999 -9999 -9999 -9999 -9999 -9999 -9999 -9999 -9999 -9999 -9999 -9999 -9999 -9999 -9999 -9999 -9999 -9999 -9999 -9999 -9999 -9999 -9999 -9999 -9999 -9999 -9999 76 74 73 73 72 70 69 67 67 66 65 63 62 61 59 57 55 52 48 49 46 43 41 39 38 36 34 34 34 31 30 29 30 30 31 31 33 32 32 32 32 32 32 31 29 29 30 29 28 28 27 24 22 22 24 22 18 19 21
-9999 -9999 -9999 -9999 -9999 -9999 -9999 -9999 -9999 -9999 -9999 -9999 -9999 -9999 -9999 -9999 -9999 -9999 -9999 -9999 -9999 -9999 -9999 -9999 -9999 -9999 -9999 -9999 -9999 -9999 -9999 -9999 -9999 -9999 -9999 -9999 -9999 -9999 76 73 72 71 70 70 69 68 67 66 64 63 61 60 57 55 52 50 48 46 45 43 41 40 40 39 37 35 34 32 32 34 36 37 36 37 36 37 36 35 34 33 31 31 31 31 32 33 32 31 28 26 24 22 20 23
-9999 -9999 -9999 -9999 -9999 -9999 -9999 -9999 -9999 -9999 -9999 -9999 -9999 -9999 -9999 -9999 -9999 -9999 -9999 -9999 -9999 -9999 -9999 -9999 -9999 -9999 -9999 -9999 -9999 -9999 -9999 -9999 -9999 -9999 -9999 -9999 -9999 -9999 -9999 -9999 77 76 74 74 73 72 71 70 68 66 65 64 62 60 57 55 53 51 50 48 47 45 44 43 42 39 37 36 36 37 39 40 40 39 39 40 40 39 38 38 37 35 34 35 35 35 34 34 31 29 28 28 26 28
-9999 -9999 -9999 -9999 -9999 -9999 -9999 -9999 -9999 -9999 -9999 -9999 -9999 -9999 -9999 -9999 -9999 -9999 -9999 -9999 -9999 -9999 -9999 -9999 -9999 -9999 -9999 -9999 -9999 -9999 -9999 -9999 -9999 -9999 -9999 -9999 -9999 -9999 -9999 -9999 -9999 -9999 78 77 76 75 75 74 72 70 68 67 66 64 62 60 58 56 54 54 52 50 48 47 46 46 44 40 40 39 41 41 42 43 44 44 43 44 44 43 41 39 38 37 36 38 37 36 34 32 31 30 31 32
-9999 -9999 -9999 -9999 -9999 -9999 -9999 -9999 -9999 -9999 -9999 -9999 -9999 -9999 -9999 -9999 -9999 -9999 -9999 -9999 -9999 -9999 -9999 -9999 -9999 -9999 -9999 -9999 -9999 -9999 -9999 -9999 -9999 -9999 -9999 -9999 -9999 -9999 -9999 -9999 -9999 -9999 -9999 79 77 78 76 77 76 74 72 71 69 68 66 65 63 62 60 59 58 55 53 53 53 53 51 49 46 44 43 43 44 45 46 47 46 47 47 46 44 42 40 38 38 37 37 38 33 33 33 33 33 34
-9999 -9999 -9999 -9999 -9999 -9999 -9999 -9999 -9999 -9999 -9999 -9999 -9999 -9999 -9999 -9999 -9999 -9999 -9999 -9999 -9999 -9999 -9999 -9999 -9999 -9999 -9999 -9999 -9999 -9999 -9999 -9999 -9999 -9999 -9999 -9999 -9999 -9999 -9999 -9999 -9999 -9999 -9999 -9999 78 80 78 76 78 77 76 74 73 71 70 69 67 65 64 63 62 61 60 60 60 60 59 58 56 54 51 49 49 49 49 50 50 50 48 47 43 41 38 36 35 32 34 39 36 34 29 34 36 35
-9999 -9999 -9999 -9999 -9999 -9999 -9999 -9999 -9999 -9999 -9999 -9999 -9999 -9999 -9999 -9999 -9999 -9999 -9999 -9999 -9999 -9999 -9999 -9999 -9999 -9999 -9999 -9999 -9999 -9999 -9999 -9999 -9999 -9999 -9999 -9999 -9999 -9999 -9999 -9999 -9999 -9999 -9999 -9999 -9999 -9999 85 81 78 77 77 77 77 74 73 72 70 68 67 66 66 66 65 65 65 64 63 62 61 59 55 52 53 52 52 52 51 50 49 46 43 40 38 38 35 35 34 35 31 29 33 38 38 36
-9999 -9999 -9999 -9999 -9999 -9999 -9999 -9999 -9999 -9999 -9999 -9999 -9999 -9999 -9999 -9999 -9999 -9999 -9999 -9999 -9999 -9999 -9999 -9999 -9999 -9999 -9999 -9999 -9999 -9999 -9999 -9999 -9999 -9999 -9999 -9999 -9999 -9999 -9999 -9999 -9999 -9999 -9999 -9999 -9999 -9999 -9999 82 78 75 76 80 79 77 75 74 74 72 71 70 70 69 69 68 68 67 66 64 62 61 59 57 56 56 54 54 53 50 50 46 42 40 38 34 36 35 32 31 24 27 33 38 39 30
-9999 -9999 -9999 -9999 -9999 -9999 -9999 -9999 -9999 -9999 -9999 -9999 -9999 -9999 -9999 -9999 -9999 -9999 -9999 -9999 -9999 -9999 -9999 -9999 -9999 -9999 -9999 -9999 -9999 -9999 -9999 -9999 -9999 -9999 -9999 -9999 -9999 -9999 -9999 -9999 -9999 -9999 -9999 -9999 -9999 -9999 -9999 -9999 88 81 78 78 79 78 77 77 77 76 74 74 73 72 72 71 70 69 68 67 65 64 62 61 61 61 58 56 56 53 52 48 48 44 39 33 32 32 27 26 26 20 35 43 42 26
-9999 -9999 -9999 -9999 -9999 -9999 -9999 -9999 -9999 -9999 -9999 -9999 -9999 -9999 -9999 -9999 -9999 -9999 -9999 -9999 -9999 -9999 -9999 -9999 -9999 -9999 -9999 -9999 -9999 -9999 -9999 -9999 -9999 -9999 -9999 -9999 -9999 -9999 -9999 -9999 -9999 -9999 -9999 -9999 -9999 -9999 -9999 -9999 -9999 88 80 77 77 80 79 79 80 79 78 77 76 75 74 73 72 71 70 68 68 67 67 64 65 63 62 56 55 53 53 54 51 48 41 32 25 25 25 24 18 15 33 42 39 34
-9999 -9999 -9999 -9999 -9999 -9999 -9999 -9999 -9999 -9999 -9999 -9999 -9999 -9999 -9999 -9999 -9999 -9999 -9999 -9999 -9999 -9999 -9999 -9999 -9999 -9999 -9999 -9999 -9999 -9999 -9999 -9999 -9999 -9999 -9999 -9999 -9999 -9999 -9999 -9999 -9999 -9999 -9999 -9999 -9999 -9999 -9999 -9999 -9999 -9999 -9999 83 81 84 84 82 82 82 80 79 78 77 76 75 74 72 71 70 70 69 68 67 66 63 63 61 57 54 52 52 51 47 44 31 26 32 30 25 6 7 31 40 32 17
-9999 -9999 -9999 -9999 -9999 -9999 -9999 -9999 -9999 -9999 -9999 -9999 -9999 -9999 -9999 -9999 -9999 -9999 -9999 -9999 -9999 -9999 -9999 -9999 -9999 -9999 -9999 -9999 -9999 -9999 -9999 -9999 -9999 -9999 -9999 -9999 -9999 -9999 -9999 -9999 -9999 -9999 -9999 -9999 -9999 -9999 -9999 -9999 -9999 -9999 -9999 -9999 86 86 86 82 82 82 82 81 80 80 78 77 75 74 73 72 70 69 68 67 66 66 65 64 64 62 59 57 55 54 50 40 40 39 41 34 16 5 19 42 33 14
-9999 -9999 -9999 -9999 -9999 -9999 -9999 -9999 -9999 -9999 -9999 -9999 -9999 -9999 -9999 -9999 -9999 -9999 -9999 -9999 -9999 -9999 -9999 -9999 -9999 -9999 -9999 -9999 -9999 -9999 -9999 -9999 -9999 -9999 -9999 -9999 -9999 -9999 -9999 -9999 -9999 -9999 -9999 -9999 -9999 -9999 -9999 -9999 -9999 -9999 -9999 -9999 -9999 85 85 80 78 79 81 82 82 81 80 78 76 74 73 74 73 70 69 68 69 69 66 66 66 67 65 63 66 60 56 49 47 46 39 22 16 9 23 32 41 25
-9999 -9999 -9999 -9999 -9999 -9999 -9999 -9999 -9999 -9999 -9999 -9999 -9999 -9999 -9999 -9999 -9999 -9999 -9999 -9999 -9999 -9999 -9999 -9999 -9999 -9999 -9999 -9999 -9999 -9999 -9999 -9999 -9999 -9999 -9999 -9999 -9999 -9999 -9999 -9999 -9999 -9999 -9999 -9999 -9999 -9999 -9999 -9999 -9999 -9999 -9999 -9999 -9999 -9999 -9999 85 84 84 81 82 84 83 81 79 77 75 74 74 73 72 71 72 71 70 69 68 66 65 67 68 66 65 60 58 51 46 37 19 6 18 24 18 29 28
-9999 -9999 -9999 -9999 -9999 -9999 -9999 -9999 -9999 -9999 -9999 -9999 -9999 -9999 -9999 -9999 -9999 -9999 -9999 -9999 -9999 -9999 -9999 -9999 -9999 -9999 -9999 -9999 -9999 -9999 -9999 -9999 -9999 -9999 -9999 -9999 -9999 -9999 -9999 -9999 -9999 -9999 -9999 -9999 -9999 -9999 -9999 -9999 -9999 -9999 -9999 -9999 -9999 -9999 -9999 -9999 -9999 -9999 88 83 83 84 84 81 78 75 74 73 74 74 74 72 72 72 71 70 69 70 70 69 69 69 68 63 48 49 45 38 28 28 30 25 10 19
-9999 -9999 -9999 -9999 -9999 -9999 -9999 -9999 -9999 -9999 -9999 -9999 -9999 -9999 -9999 -9999 -9999 -9999 -9999 -9999 -9999 -9999 -9999 -9999 -9999 -9999 -9999 -9999 -9999 -9999 -9999 -9999 -9999 -9999 -9999 -9999 -9999 -9999 -9999 -9999 -9999 -9999 -9999 -9999 -9999 -9999 -9999 -9999 -9999 -9999 -9999 -9999 -9999 -9999 -9999 -9999 -9999 -9999 -9999 89 85 85 85 82 79 77 74 73 74 73 72 72 72 71 71 71 70 69 69 71 69 66 64 60 55 57 49 51 39 22 19 22 18 6
