resultados/variables_proyeccion_tiempo/variables_paleo_21k/bio15.asc
ncols 330
nrows 228
xllcorner -12.000000
yllcorner 34.000000
cellsize 0.166667
NODATA_value -9999
[rows 0 to 54 of 228, columns 192 to 287 of 330]
-9999 -9999 -9999 -9999 -9999 -9999 -9999 -9999 -9999 -9999 -9999 -9999 -9999 -9999 -9999 -9999 -9999 -9999 -9999 -9999 -9999 -9999 -9999 -9999 -9999 -9999 -9999 -9999 -9999 -9999 20 20 20 20 19 19 19 20 -9999 -9999 -9999 -9999 -9999 -9999 -9999 -9999 -9999 21 21 22 -9999 -9999 -9999 -9999 -9999 -9999 -9999 -9999 -9999 -9999 -9999 -9999 -9999 -9999 -9999 -9999 -9999 -9999 -9999 -9999 -9999 -9999 -9999 -9999 -9999 22 -9999 23 23 22 23 23 24 24 25 25 24 24 26 26 26 25 26 25 25 -9999
-9999 -9999 -9999 -9999 -9999 -9999 -9999 -9999 -9999 -9999 -9999 -9999 -9999 -9999 -9999 -9999 -9999 -9999 -9999 -9999 -9999 -9999 -9999 -9999 -9999 -9999 -9999 -9999 -9999 -9999 20 20 19 -9999 -9999 -9999 -9999 -9999 -9999 -9999 -9999 -9999 -9999 -9999 -9999 -9999 -9999 -9999 -9999 -9999 -9999 -9999 -9999 -9999 -9999 -9999 -9999 -9999 -9999 -9999 -9999 -9999 -9999 -9999 -9999 -9999 -9999 -9999 -9999 -9999 -9999 -9999 -9999 -9999 -9999 -9999 -9999 -9999 -9999 -9999 -9999 24 25 25 24 24 24 26 25 25 25 26 27 -9999 -9999 -9999
28 27 -9999 -9999 -9999 -9999 -9999 -9999 -9999 -9999 -9999 -9999 -9999 -9999 -9999 -9999 -9999 -9999 -9999 -9999 -9999 -9999 -9999 -9999 -9999 -9999 -9999 -9999 -9999 -9999 -9999 -9999 -9999 -9999 -9999 -9999 -9999 -9999 -9999 -9999 -9999 -9999 -9999 -9999 -9999 -9999 -9999 -9999 -9999 -9999 -9999 -9999 -9999 -9999 -9999 -9999 -9999 -9999 -9999 -9999 -9999 -9999 -9999 -9999 -9999 -9999 -9999 -9999 -9999 -9999 -9999 -9999 -9999 -9999 -9999 -9999 -9999 -9999 -9999 -9999 -9999 -9999 26 26 25 25 25 26 27 27 26 25 25 26 26 26
27 27 27 -9999 -9999 -9999 -9999 -9999 -9999 -9999 -9999 -9999 -9999 -9999 -9999 -9999 -9999 -9999 -9999 -9999 -9999 -9999 -9999 -9999 -9999 -9999 -9999 -9999 -9999 -9999 -9999 -9999 -9999 -9999 -9999 -9999 -9999 23 23 24 -9999 -9999 -9999 -9999 -9999 -9999 -9999 -9999 -9999 -9999 -9999 -9999 -9999 -9999 -9999 -9999 -9999 -9999 -9999 -9999 -9999 -9999 -9999 -9999 -9999 -9999 -9999 -9999 19 20 20 21 -9999 -9999 -9999 -9999 -9999 -9999 -9999 -9999 -9999 -9999 -9999 25 26 26 26 26 25 26 27 27 26 26 25 27
27 27 26 26 26 25 25 25 -9999 -9999 24 24 24 -9999 -9999 -9999 -9999 -9999 -9999 -9999 -9999 -9999 -9999 -9999 -9999 -9999 -9999 21 20 19 19 19 20 20 20 -9999 -9999 -9999 24 25 26 26 -9999 28 28 28 26 26 26 26 -9999 -9999 -9999 -9999 -9999 -9999 -9999 -9999 -9999 -9999 -9999 -9999 -9999 -9999 -9999 -9999 -9999 20 19 19 20 21 21 22 22 24 23 24 23 24 25 25 26 25 25 26 27 26 26 26 26 26 27 27 27 27
27 26 26 25 25 24 24 24 24 23 23 23 24 -9999 23 24 23 23 23 24 24 24 25 24 24 23 21 19 18 18 18 18 19 19 20 22 23 24 26 26 27 27 28 27 27 26 27 26 26 26 26 26 26 25 26 -9999 -9999 -9999 -9999 -9999 -9999 -9999 -9999 -9999 -9999 -9999 -9999 -9999 -9999 19 20 21 21 22 22 23 24 24 24 25 26 25 25 26 26 26 25 28 28 27 26 26 26 27 27 26
27 26 26 25 25 24 24 23 23 23 23 -9999 22 22 22 22 21 22 21 22 23 24 23 22 22 21 20 17 17 17 18 19 20 20 22 24 25 26 27 27 28 29 29 28 28 28 27 27 27 26 26 26 26 25 25 25 24 24 -9999 -9999 -9999 -9999 -9999 -9999 -9999 -9999 20 21 20 21 21 22 22 23 23 23 24 25 25 26 27 26 27 27 27 27 27 26 27 28 28 27 27 27 27 27
27 26 26 25 25 25 24 24 24 23 22 22 22 21 20 20 19 20 19 19 20 21 21 21 20 19 18 17 16 17 18 19 21 23 25 26 27 27 28 29 30 31 31 30 29 29 29 28 29 28 28 27 26 25 24 24 24 23 22 22 21 21 21 21 -9999 -9999 -9999 21 20 20 21 21 22 22 24 24 25 25 25 26 26 26 27 28 27 27 27 28 28 27 27 27 28 28 28 27
27 26 25 24 24 24 24 -9999 -9999 23 22 21 20 19 18 18 18 18 18 19 18 19 17 17 18 17 16 17 17 18 20 22 24 26 28 28 29 30 31 32 33 33 33 32 31 31 31 30 30 30 29 27 27 26 26 25 23 23 22 21 21 19 20 19 20 19 20 20 -9999 -9999 -9999 -9999 -9999 -9999 -9999 25 25 25 27 27 27 29 29 29 28 28 27 28 29 28 28 27 27 26 28 29
26 25 25 25 25 24 24 24 22 22 21 22 21 20 20 18 19 18 16 16 16 17 17 16 16 16 16 17 18 20 22 25 27 29 30 31 32 32 33 34 35 35 34 34 33 33 33 32 32 31 31 30 29 27 27 26 25 24 23 22 22 20 20 19 18 18 18 20 21 -9999 -9999 -9999 23 24 25 26 27 26 27 28 28 29 30 30 30 28 28 29 30 30 30 29 28 28 28 27
26 24 25 23 23 24 24 22 21 20 20 19 19 19 18 17 17 18 18 17 17 16 16 16 16 17 18 19 21 23 26 28 30 31 32 34 35 35 36 36 37 37 36 36 35 35 35 34 34 33 32 31 31 29 29 28 27 26 25 24 24 23 22 21 20 20 20 21 21 22 -9999 -9999 -9999 26 26 26 27 28 29 29 30 30 30 30 30 30 30 30 29 30 31 30 30 29 29 28
25 25 22 22 22 22 23 22 22 21 20 19 19 19 19 18 17 18 18 18 17 17 17 17 18 18 20 21 23 26 29 31 31 33 35 35 37 36 37 38 38 38 39 38 38 38 36 36 36 35 34 33 33 32 32 31 30 30 29 28 27 26 25 24 24 22 22 23 23 23 24 24 25 25 27 27 28 28 30 30 30 31 31 30 30 30 31 31 31 30 30 30 30 30 30 30
24 22 24 23 23 23 23 22 22 22 22 21 20 20 19 19 18 18 18 19 18 18 18 18 19 20 22 23 25 29 32 34 35 38 38 38 39 40 42 41 41 41 41 40 40 39 38 38 37 36 35 34 33 33 32 32 31 32 31 31 30 30 28 27 27 25 24 24 23 24 24 24 25 25 27 28 29 29 30 31 31 31 31 31 31 31 32 33 32 32 31 30 30 29 30 30
21 22 24 23 24 23 24 24 23 23 22 22 22 21 21 20 20 20 20 20 19 20 20 20 21 23 24 26 28 32 35 39 41 43 44 44 44 43 43 43 44 44 43 42 41 41 39 39 38 38 36 36 35 35 34 35 34 34 34 34 33 31 29 27 27 25 24 24 25 24 24 25 26 26 27 28 29 30 31 32 32 32 33 32 32 32 32 32 33 33 32 31 30 30 30 29
21 23 24 24 24 25 25 25 25 24 24 24 23 23 23 22 22 21 21 21 21 21 22 23 24 25 27 29 31 34 38 41 45 47 48 47 46 45 44 45 45 45 45 44 42 42 41 40 39 39 38 38 37 36 36 36 36 35 36 36 36 34 31 29 28 26 26 26 25 25 25 26 27 27 29 29 30 31 33 34 34 34 34 34 32 32 33 32 32 31 31 31 32 31 30 30
23 24 24 26 25 27 27 27 27 27 26 26 25 25 25 24 24 24 23 24 23 23 24 25 26 27 29 31 33 37 40 44 47 50 50 49 47 47 46 46 46 46 45 45 44 44 43 42 40 40 39 38 38 38 38 38 37 38 38 38 38 35 32 31 29 29 28 27 27 27 27 27 28 29 29 30 32 33 34 34 33 34 34 34 33 32 32 32 32 33 32 31 31 32 32 29
24 25 26 28 28 28 29 29 28 28 28 28 28 27 27 27 26 26 26 26 25 25 26 27 28 29 31 33 36 38 41 44 47 49 50 48 48 48 47 47 46 47 46 46 46 45 44 43 43 41 41 39 39 39 39 39 38 39 38 39 38 36 34 33 31 30 29 29 27 28 28 28 30 30 30 31 33 34 35 35 34 35 34 33 32 32 33 32 32 32 32 33 32 31 30 31
26 27 28 30 33 32 31 31 31 31 31 30 30 29 30 29 28 28 28 27 28 28 28 29 29 31 32 34 36 39 41 44 47 48 49 48 48 47 47 46 47 47 48 47 46 46 45 44 42 42 42 41 39 40 40 39 39 38 38 39 38 38 36 33 32 31 30 30 29 28 28 29 30 31 31 32 33 35 36 36 35 36 34 34 33 33 33 32 32 32 31 31 31 31 30 30
28 29 30 33 34 34 34 34 33 33 32 32 32 32 32 32 31 30 30 30 29 29 30 30 31 32 33 35 36 39 41 44 45 47 48 47 48 48 48 47 47 47 47 46 47 47 45 43 43 42 41 41 40 40 40 40 40 39 39 39 38 37 36 34 33 32 31 30 30 29 29 30 30 31 31 32 33 34 36 36 36 35 35 34 34 33 33 33 33 32 32 32 31 31 31 31
30 32 33 34 35 35 35 35 35 35 34 34 34 34 34 34 33 33 31 31 31 31 31 31 32 33 34 35 37 39 41 42 44 45 45 45 46 46 46 46 46 46 47 47 47 47 45 45 43 42 41 41 41 40 40 39 39 39 38 38 37 37 37 35 34 33 32 32 32 31 31 31 31 31 32 32 33 34 35 35 35 35 34 34 34 33 34 34 33 33 32 32 32 32 31 30
33 34 34 35 36 37 37 36 36 36 36 36 36 36 37 36 35 34 33 32 32 32 32 32 33 33 34 36 37 38 40 41 42 44 44 44 44 44 44 44 44 46 46 46 46 46 44 44 42 42 41 41 40 40 40 40 40 39 38 38 38 37 36 35 34 34 33 33 32 32 32 31 31 31 32 32 32 33 34 34 34 35 35 35 34 34 34 34 34 34 34 34 34 31 31 30
35 36 37 37 38 38 38 38 37 37 37 37 37 38 38 38 37 36 34 34 33 33 33 33 34 34 35 36 36 38 39 40 41 42 42 43 42 43 43 43 44 43 43 44 44 43 43 43 42 42 41 40 40 40 39 39 39 39 38 36 36 36 36 35 34 33 33 32 32 32 32 31 31 31 31 32 32 33 34 34 34 34 34 34 34 35 36 35 36 35 35 35 33 32 31 30
37 38 38 39 39 39 38 38 38 38 38 38 38 38 38 38 37 36 35 34 34 33 33 33 34 34 35 35 36 37 38 39 40 40 41 41 41 41 41 41 42 41 42 43 42 42 42 41 40 40 39 39 39 39 39 38 38 38 38 38 37 36 36 35 34 33 33 32 32 32 31 31 31 31 31 32 32 32 33 33 34 34 34 34 34 35 36 36 36 36 36 35 34 33 33 32
40 40 40 40 40 39 39 39 39 38 38 38 38 38 38 37 37 36 35 34 34 33 33 33 33 34 34 35 36 37 37 38 38 39 39 39 39 39 39 40 40 39 40 41 41 41 41 41 40 40 39 39 39 39 38 38 38 38 38 37 36 36 36 35 34 34 33 32 32 31 31 31 31 31 30 31 32 32 32 33 34 34 34 34 34 35 36 36 37 37 36 35 34 34 34 33
42 42 41 41 40 40 40 39 39 38 38 38 38 38 37 37 36 36 35 34 34 33 33 33 33 33 34 34 35 36 36 36 37 38 37 37 37 37 37 38 38 39 39 39 40 40 40 40 39 39 38 38 38 37 37 37 37 37 37 36 37 36 35 35 34 34 33 33 32 31 31 30 31 31 30 30 31 33 33 33 33 34 33 34 35 36 36 35 36 36 37 37 34 34 34 33
42 43 42 42 41 40 40 39 39 38 38 37 37 37 36 36 35 35 34 34 33 33 33 32 33 33 33 34 34 34 35 36 36 36 36 35 35 35 35 35 36 36 37 38 38 38 38 38 38 38 38 37 37 38 38 37 36 36 35 36 36 36 36 35 33 33 33 33 32 32 32 31 32 31 30 31 31 32 32 32 31 31 31 33 34 35 35 34 35 36 37 37 36 36 35 33
43 43 42 42 41 40 40 39 38 38 38 37 37 36 36 35 34 34 33 33 32 32 32 32 32 32 33 33 33 34 34 34 34 34 35 34 34 34 33 34 34 34 35 36 36 37 37 37 37 37 37 36 36 36 36 36 36 35 35 35 34 34 34 35 34 33 33 33 32 32 31 31 31 31 31 31 31 31 32 33 32 32 32 32 34 35 37 37 37 37 37 37 36 36 35 35
44 43 42 41 41 40 39 38 38 37 37 36 36 35 35 34 34 33 33 32 32 32 31 31 31 31 32 32 32 33 33 33 33 33 33 33 33 32 32 32 32 33 34 34 35 36 36 36 37 37 36 36 36 36 36 35 35 35 34 34 34 34 34 33 33 32 32 32 32 31 31 31 32 30 30 30 30 30 30 31 32 32 33 34 34 35 36 36 36 36 38 38 37 35 35 35
44 43 42 41 40 40 39 38 37 36 36 35 35 34 33 33 32 32 32 31 31 31 31 30 31 31 31 31 31 32 32 32 32 32 32 32 32 31 31 31 32 32 33 34 34 35 35 35 36 36 35 35 35 35 34 34 34 34 35 34 34 33 33 33 32 32 32 32 31 31 31 31 30 31 30 29 29 28 29 30 31 32 33 34 34 35 34 35 36 37 38 37 37 37 36 36
43 42 42 41 40 39 38 37 36 35 35 34 34 33 33 33 32 31 31 30 30 30 30 30 30 30 30 30 31 31 31 31 31 31 32 32 31 31 31 30 31 31 32 33 34 34 34 34 35 34 34 35 35 34 35 34 34 33 34 34 34 33 33 32 33 32 32 32 31 31 31 31 31 31 30 29 28 28 28 29 30 31 32 33 33 34 36 36 37 37 37 37 38 39 38 37
42 41 40 40 39 38 37 36 35 34 34 33 33 32 32 31 31 30 30 30 29 29 29 29 28 29 29 30 30 30 31 31 31 31 31 31 30 30 31 31 31 31 31 33 33 33 34 35 34 34 35 34 34 34 33 33 33 33 33 33 33 33 33 33 34 34 33 33 32 32 32 32 31 29 29 28 28 28 28 29 30 32 32 32 35 34 35 37 38 38 39 39 39 38 38 38
41 41 39 38 38 37 36 35 34 33 33 32 32 32 31 30 30 29 29 29 28 28 28 28 28 28 29 29 29 30 30 31 31 31 31 31 31 31 30 31 31 31 31 32 33 33 33 33 34 34 33 33 33 32 32 32 32 32 32 33 33 33 34 34 34 34 33 32 33 33 32 32 31 30 28 28 27 27 28 29 30 31 33 33 34 34 36 38 38 39 38 38 38 38 39 39
40 39 38 37 37 35 35 34 33 33 32 31 31 31 30 29 30 29 28 28 27 27 27 27 27 27 28 29 29 30 30 30 31 31 31 31 31 31 31 31 32 32 32 32 33 33 33 34 34 33 32 33 33 32 32 32 32 32 32 32 32 32 33 34 33 33 33 33 33 32 32 31 31 30 29 28 27 27 28 29 30 32 33 35 36 37 37 38 40 40 41 41 41 41 41 41
39 38 37 36 36 35 34 33 32 32 31 30 30 30 29 29 29 28 28 28 27 28 27 27 27 26 28 28 28 29 30 30 31 31 31 31 32 32 32 32 31 32 32 34 33 32 32 33 33 33 32 32 32 32 31 31 30 31 32 32 32 32 33 33 34 33 33 33 33 32 32 31 30 29 29 29 28 28 29 30 31 32 34 35 37 38 41 42 44 44 43 43 42 40 41 40
38 37 36 35 34 34 33 32 31 31 30 30 29 29 29 28 29 28 27 27 27 27 26 25 25 26 26 27 28 29 30 30 31 31 32 32 32 32 31 32 32 33 33 33 32 33 33 33 33 33 32 32 31 30 30 30 30 31 32 32 32 32 32 33 34 34 34 34 33 32 32 31 30 30 30 30 30 30 29 29 32 34 35 36 38 39 41 43 47 47 47 46 45 44 42 43
36 36 35 34 33 33 32 31 31 30 30 29 30 29 28 29 28 28 27 27 26 26 26 26 26 26 27 27 28 29 30 30 31 31 32 31 31 32 32 32 32 32 32 32 32 32 32 33 32 32 31 31 30 30 30 29 29 31 32 32 32 32 33 34 35 35 34 34 34 34 34 33 32 31 30 30 29 30 30 31 33 35 36 36 39 40 41 44 47 46 46 45 46 47 46 44
35 34 34 33 32 31 30 31 30 30 30 29 29 29 29 28 28 27 27 27 27 26 26 25 25 25 26 27 28 29 30 31 32 33 33 33 32 33 32 32 34 32 32 32 33 32 32 32 31 32 31 30 30 30 29 28 30 32 33 32 32 32 32 32 33 34 34 35 34 34 34 34 33 32 32 31 32 32 31 32 35 36 36 37 40 40 43 45 46 47 47 47 48 47 47 47
34 33 33 32 31 31 31 30 30 29 30 29 29 29 28 28 27 27 28 28 27 27 26 25 25 25 26 28 29 30 30 31 31 32 33 33 34 34 33 35 34 34 34 34 34 32 32 32 32 32 32 32 31 29 29 30 32 32 32 31 32 32 33 33 34 35 35 35 35 35 35 34 33 34 32 32 34 33 32 35 35 36 37 39 40 40 43 45 46 46 47 46 46 46 46 47
33 32 31 31 30 30 29 30 29 29 29 29 30 29 28 28 28 28 28 27 27 27 27 26 25 26 27 28 29 29 31 32 33 33 34 34 34 34 35 34 35 34 34 34 34 33 34 34 33 33 32 33 33 32 31 32 32 32 31 31 32 33 35 35 35 35 35 35 35 36 36 36 35 34 34 33 34 34 35 36 36 36 38 41 41 41 43 46 46 46 45 45 45 44 44 45
31 31 30 29 29 29 29 29 29 29 28 29 29 28 28 29 29 29 28 28 28 26 27 26 26 27 28 29 29 31 33 32 33 35 35 34 34 34 35 34 34 34 34 34 34 34 34 34 33 33 33 33 33 32 32 32 32 31 31 31 31 33 35 35 35 36 36 36 37 37 37 36 36 35 36 34 34 35 37 37 38 37 39 40 42 42 42 45 47 47 47 46 46 45 45 46
30 30 29 28 28 28 28 28 29 28 28 29 28 29 30 29 28 28 28 28 28 28 27 27 27 27 29 30 29 32 32 33 36 35 36 34 35 35 35 34 34 35 34 35 35 35 34 34 34 33 33 33 33 33 33 32 32 32 31 31 33 35 35 35 35 35 35 36 37 37 37 37 37 36 34 36 36 37 37 38 38 38 39 40 41 43 43 43 46 47 44 44 44 44 46 46
29 28 28 28 28 27 28 28 28 28 28 28 29 30 29 28 28 28 29 29 28 28 27 28 28 28 30 30 30 33 34 36 37 38 38 35 34 35 36 35 36 36 35 36 36 35 34 34 34 33 33 33 32 33 32 33 33 32 32 32 32 33 34 35 36 36 36 37 37 37 37 38 38 38 36 36 36 37 38 38 39 40 40 40 40 42 44 44 44 44 44 44 44 45 44 44
29 28 28 28 27 28 28 27 29 28 28 29 29 29 29 29 29 30 29 29 28 28 27 27 29 30 30 31 31 34 35 37 38 37 38 36 35 36 36 36 36 36 36 36 36 35 33 34 34 32 33 32 32 31 32 33 32 33 32 32 32 33 34 35 36 35 37 37 37 37 37 38 37 36 36 36 36 37 38 38 38 40 41 42 41 41 44 43 45 45 44 46 45 45 44 46
27 27 26 27 27 27 27 27 28 28 29 29 29 29 29 30 30 30 29 29 29 28 28 29 30 30 30 31 32 33 35 36 38 37 37 37 36 37 36 36 36 36 34 34 34 34 34 34 33 33 33 32 32 31 31 31 31 31 32 32 33 33 33 34 34 35 36 36 35 36 36 36 36 37 37 37 38 39 40 40 39 39 39 42 43 42 43 43 43 43 43 42 42 42 42 42
26 26 26 26 26 27 27 27 28 28 28 29 29 29 29 29 30 30 30 29 28 29 30 29 30 31 31 31 32 33 35 36 37 37 36 37 36 36 35 35 34 35 35 35 35 36 36 35 34 34 33 33 32 32 32 32 32 32 31 31 31 32 32 33 33 34 34 35 36 37 37 37 37 37 38 38 39 39 40 41 41 41 41 41 40 41 42 43 43 43 43 42 43 43 43 42
25 26 26 26 26 26 27 27 27 28 29 29 30 30 30 29 30 31 30 29 30 28 30 30 29 30 32 33 33 34 35 35 36 35 35 36 36 36 36 36 36 36 36 36 36 37 36 35 34 33 33 32 30 31 32 32 32 32 32 32 32 32 33 33 33 33 34 34 35 35 36 37 37 38 38 38 38 38 40 42 41 42 42 42 42 42 42 43 41 41 41 41 42 41 40 40
26 26 26 26 26 27 27 27 28 28 30 29 31 30 30 29 30 30 29 29 29 30 30 31 31 30 31 33 34 34 33 34 35 35 35 36 36 36 34 35 35 35 34 35 35 35 35 34 33 33 33 33 32 32 31 30 31 30 31 31 31 31 31 31 32 32 33 35 35 35 36 36 37 38 39 39 39 40 40 40 41 42 41 42 43 43 43 42 41 41 41 40 40 40 39 40
26 25 26 26 27 27 28 28 28 30 29 31 31 30 30 30 30 30 30 30 30 30 31 30 30 31 32 32 32 33 34 35 35 35 35 35 35 35 35 35 34 34 34 35 35 35 35 34 33 33 33 33 33 32 32 32 32 32 31 31 32 32 32 32 31 32 32 33 34 34 35 35 37 38 39 39 39 40 40 41 42 42 42 42 42 42 42 41 40 40 39 39 38 39 39 38
26 26 26 26 26 28 28 28 30 29 29 30 32 32 32 31 31 31 31 31 31 31 31 32 32 32 32 32 32 33 33 34 34 34 34 34 35 34 34 34 34 34 34 34 34 34 34 34 33 32 32 32 32 32 31 31 31 30 31 31 31 30 30 30 31 31 32 33 33 34 34 36 38 38 38 40 40 40 40 40 42 42 42 42 42 42 41 40 40 39 38 38 38 37 37 37
26 26 26 26 27 27 27 29 29 30 31 32 32 32 31 31 32 32 32 32 31 31 31 31 31 32 32 33 33 33 33 34 34 33 33 34 34 34 34 34 33 33 33 33 33 32 32 32 32 32 31 31 32 32 32 31 31 31 31 31 31 31 31 31 30 31 32 33 33 34 35 35 36 37 38 38 40 41 42 42 42 42 42 42 42 41 40 39 39 38 37 37 36 35 36 36
26 26 27 26 27 27 27 29 30 31 32 32 32 32 33 33 32 31 30 30 30 31 31 32 32 31 32 32 33 33 33 34 33 34 34 34 33 33 33 33 33 33 33 32 32 32 32 32 31 31 31 31 31 31 31 31 31 31 31 31 31 30 30 30 30 31 32 32 32 33 34 34 36 36 38 39 40 40 40 42 43 42 42 41 40 40 40 39 39 38 36 36 35 35 34 34
26 27 28 28 28 28 29 30 31 32 33 32 32 33 33 32 31 32 32 32 31 31 31 31 31 32 32 32 32 32 33 33 33 33 33 33 33 32 32 32 32 32 32 32 31 31 31 31 30 30 30 30 30 30 31 31 31 31 31 32 31 32 32 32 31 32 32 33 34 34 34 34 36 37 37 38 40 40 41 42 42 42 42 42 42 40 40 39 38 38 38 36 35 35 34 33
27 28 28 28 28 28 30 30 31 33 33 34 34 34 33 32 33 32 32 31 31 31 31 32 31 32 32 32 32 32 32 33 33 32 33 32 32 33 32 32 32 31 31 31 30 30 30 30 30 30 31 31 31 31 31 31 31 32 32 32 32 31 31 30 31 31 31 32 33 34 34 34 36 37 38 38 39 41 41 42 43 44 43 42 41 40 40 39 38 37 36 36 34 34 33 32
28 29 29 29 28 28 30 30 32 33 34 34 35 33 33 33 33 33 32 31 32 32 32 33 32 31 32 31 31 32 32 32 33 33 32 33 32 32 32 32 31 31 31 30 30 29 30 30 30 30 30 30 30 30 30 31 32 32 32 32 31 31 31 32 32 31 32 32 32 33 34 35 36 37 37 38 39 39 41 42 42 42 42 42 41 40 38 38 37 37 35 34 33 33 32 32
30 30 30 30 29 29 30 31 32 34 35 35 34 33 33 33 33 32 32 32 33 32 31 31 32 32 32 32 32 32 32 32 32 32 32 32 32 32 32 31 30 30 30 30 30 29 28 29 29 30 30 30 30 30 31 31 31 32 32 32 31 32 31 31 32 32 32 32 33 33 34 34 36 36 38 37 38 39 40 41 41 41 41 41 40 40 39 38 37 37 35 33 33 32 31 31
