resultados/variables_proyeccion_tiempo/variables_paleo_21k/bio14.asc
ncols 330
nrows 228
xllcorner -12.000000
yllcorner 34.000000
cellsize 0.166667
NODATA_value -9999
[rows 55 to 109 of 228, columns 96 to 191 of 330]
-9999 43 44 44 45 46 47 47 47 46 46 45 45 44 43 41 40 38 36 34 32 31 30 30 31 34 34 36 38 39 39 40 38 37 35 32 30 30 28 26 26 23 23 22 22 24 25 25 27 28 28 28 27 27 26 25 25 23 22 21 20 19 18 18 19 19 20 20 19 20 20 20 21 21 21 22 22 23 23 24 23 24 23 22 22 21 20 19 18 17 16 -9999 -9999 15 14 -9999
42 43 44 44 45 46 47 46 47 47 47 46 46 45 44 43 42 39 36 36 31 31 30 32 33 36 36 37 38 37 36 36 36 34 34 32 30 28 26 25 24 21 19 19 20 21 21 23 25 25 24 25 26 26 25 24 24 23 23 23 21 20 19 19 19 20 20 20 20 20 20 21 21 21 21 23 23 24 24 24 24 24 23 23 22 21 19 19 18 17 16 16 15 15 14 14
42 43 43 44 45 45 46 46 48 49 48 50 48 46 45 44 43 40 40 40 38 36 38 35 35 35 34 33 38 39 39 38 37 34 34 32 30 27 24 22 20 18 17 20 19 19 20 20 22 23 23 23 23 24 23 23 22 22 22 22 23 21 20 20 20 19 20 20 20 20 21 21 21 22 22 22 23 24 24 25 24 23 23 23 21 20 19 -9999 -9999 17 17 16 16 15 15 15
41 42 43 44 45 46 48 50 52 53 51 51 51 52 49 48 47 42 39 38 37 41 42 38 31 30 32 30 32 35 35 36 33 31 30 31 28 26 23 21 19 18 19 20 18 19 18 19 21 22 22 23 23 24 24 24 23 23 22 22 21 22 22 22 21 20 20 20 21 21 21 22 22 23 23 24 24 24 24 25 24 23 23 22 20 19 -9999 -9999 17 17 17 16 16 16 15 15
41 42 43 44 46 48 51 53 55 56 57 56 52 52 52 50 48 44 46 45 44 43 39 40 42 36 32 30 30 28 27 29 33 32 30 27 26 26 24 20 19 18 18 19 18 17 17 18 20 21 22 21 22 22 23 24 23 23 22 22 21 22 22 21 21 21 20 21 21 21 21 21 22 22 23 23 24 24 24 24 24 24 22 21 20 19 19 18 18 18 17 17 17 16 16 15
41 42 43 45 48 52 54 56 58 59 58 58 55 52 51 46 46 47 44 47 49 45 35 28 28 24 26 26 27 26 26 26 27 32 33 32 28 26 25 24 21 17 16 18 18 17 16 17 18 18 19 20 21 22 22 24 24 24 23 23 22 23 22 22 22 22 22 22 21 21 21 21 22 22 22 22 23 24 24 24 24 23 23 22 21 20 20 19 19 18 18 17 16 16 15 14
40 41 43 45 49 52 56 60 64 64 65 62 59 58 52 54 54 56 56 51 47 44 41 41 39 31 27 33 33 26 23 24 25 25 27 28 28 26 25 21 19 18 17 17 16 16 16 18 19 19 20 21 21 21 21 22 23 24 24 24 24 24 24 23 23 22 22 22 22 22 21 21 21 22 23 23 23 23 23 23 23 23 22 22 21 20 20 19 18 18 17 17 16 15 14 14
-9999 42 43 46 50 51 54 57 60 62 62 63 64 62 57 57 62 57 55 42 46 36 34 37 37 41 40 40 35 27 28 24 27 25 24 25 24 25 26 24 21 19 17 17 18 18 18 20 19 21 22 23 23 22 21 22 23 24 25 25 25 25 25 24 24 23 22 22 21 22 22 22 23 22 22 23 23 23 23 22 23 22 22 21 20 19 19 19 18 17 17 16 16 15 15 14
-9999 -9999 43 46 50 52 56 59 62 64 64 64 64 65 65 64 54 57 48 39 34 37 36 32 35 35 33 35 30 30 27 25 27 29 27 27 26 23 24 25 24 21 18 18 19 18 18 18 20 20 21 22 23 23 22 22 23 24 24 25 25 26 25 25 24 23 22 22 22 22 22 22 21 22 22 23 23 22 22 22 22 22 22 21 20 19 19 18 18 17 17 16 15 15 15 14
-9999 -9999 43 46 50 52 56 60 64 69 69 70 70 69 67 55 59 54 45 38 36 33 32 36 32 28 30 31 25 23 26 27 29 28 28 26 24 22 23 26 24 24 22 19 19 19 20 20 21 21 21 22 22 24 24 23 23 24 24 24 24 24 25 24 24 23 22 23 22 22 22 23 23 22 22 22 22 22 22 22 22 22 21 21 20 19 18 18 17 17 17 16 15 15 14 14
-9999 -9999 44 47 51 54 58 61 64 68 70 72 73 69 65 61 64 53 48 48 41 39 37 35 35 37 33 26 24 23 22 26 28 29 30 28 27 25 22 23 23 23 23 22 20 21 21 22 22 23 22 22 23 24 25 25 25 24 24 25 25 24 23 23 24 24 23 23 23 23 23 24 24 23 24 23 22 22 22 22 21 21 21 20 20 19 18 18 18 17 16 16 16 15 15 14
-9999 -9999 43 45 51 54 58 64 70 76 79 79 79 77 74 72 68 63 53 52 52 52 49 45 41 34 30 31 28 27 27 26 28 27 28 27 26 26 26 23 22 22 23 24 23 23 23 23 23 23 23 24 24 24 25 26 26 26 25 25 25 25 24 23 23 24 23 23 23 23 22 24 24 24 23 22 22 22 22 21 21 21 20 19 19 18 19 18 17 17 16 16 15 15 15 14
-9999 -9999 -9999 45 50 53 57 61 71 75 79 82 81 80 74 70 69 66 62 60 57 51 47 40 38 37 32 29 26 26 28 32 31 29 28 29 27 26 27 26 24 23 23 24 25 26 25 25 24 24 25 26 25 26 26 26 26 26 26 26 26 26 27 26 25 25 24 24 24 22 22 22 23 24 23 23 22 22 22 22 21 21 20 20 19 19 18 18 17 17 16 16 15 15 15 14
-9999 -9999 -9999 -9999 50 54 58 62 66 74 81 84 83 80 75 72 68 61 62 59 62 55 49 45 37 32 30 29 30 29 27 32 33 33 29 28 29 28 28 29 29 30 30 28 30 30 29 27 26 26 27 27 27 27 26 27 28 27 27 27 27 26 26 27 26 26 25 25 24 22 22 23 24 23 23 22 22 22 22 22 21 21 20 19 19 19 18 18 17 16 16 16 15 15 15 14
-9999 -9999 -9999 44 47 53 57 62 70 77 80 86 84 77 74 70 68 68 58 57 54 52 46 43 40 36 34 33 32 34 35 32 32 32 34 33 30 31 29 32 34 34 34 33 33 31 32 30 29 29 28 28 28 27 27 27 28 28 28 28 28 28 28 28 27 27 28 27 25 24 24 24 23 24 24 23 22 22 22 22 21 20 20 20 19 18 18 17 17 16 16 15 15 15 14 14
-9999 -9999 -9999 44 46 51 57 59 66 71 78 81 77 78 83 74 79 74 68 64 60 54 50 46 43 42 40 38 36 33 34 35 36 32 30 30 31 31 33 35 36 37 37 37 35 34 33 32 30 31 30 30 28 28 27 28 27 28 28 29 29 30 29 30 29 29 28 28 27 26 26 25 24 24 23 23 22 22 21 21 21 20 20 19 19 18 18 17 16 16 15 15 15 15 14 14
-9999 -9999 -9999 -9999 44 48 54 59 62 66 71 73 78 84 87 76 80 78 72 66 60 56 51 49 47 43 42 40 36 38 34 35 33 31 31 32 31 31 36 37 37 38 39 38 37 36 35 35 32 32 31 31 30 29 28 29 29 28 28 29 30 29 30 30 31 31 30 29 27 26 26 26 26 25 24 23 22 22 21 21 20 20 19 19 19 18 17 17 16 16 15 14 14 14 14 14
-9999 -9999 -9999 42 45 48 54 57 66 67 68 76 82 85 82 77 78 73 75 66 61 57 58 52 46 44 43 41 37 35 37 38 34 34 33 32 37 35 35 34 35 38 39 40 39 38 37 35 34 32 31 31 31 30 28 29 30 29 30 30 29 29 30 30 30 30 31 31 30 29 27 27 26 25 24 22 22 22 21 20 20 20 19 18 18 18 17 17 16 15 15 14 14 14 13 14
-9999 39 40 42 44 47 52 56 59 62 65 72 76 82 81 80 73 75 72 65 57 51 50 49 41 43 44 41 40 38 35 38 38 36 35 34 36 34 35 34 36 38 40 40 39 39 38 37 35 33 32 31 32 31 30 29 29 29 30 30 29 30 30 29 29 31 30 30 29 28 28 28 27 25 24 22 21 21 20 20 20 19 19 19 18 17 17 17 16 16 15 14 14 14 14 13
-9999 38 39 40 42 44 48 52 56 62 68 72 79 77 77 76 71 73 71 65 60 62 51 42 42 41 40 40 42 38 36 36 39 39 37 38 36 35 36 36 36 38 39 40 40 40 39 38 37 36 34 31 30 30 29 29 29 29 29 29 29 29 30 30 30 29 29 28 28 28 28 27 27 25 23 21 21 21 20 20 19 19 19 18 18 18 17 16 16 15 15 14 14 13 14 14
-9999 -9999 -9999 38 39 42 45 48 53 56 64 67 70 75 78 78 80 78 76 68 61 63 51 44 41 39 39 38 39 40 36 37 41 42 42 38 37 36 36 35 37 38 39 40 40 41 39 38 37 37 36 34 32 31 30 29 29 29 29 28 29 29 29 29 29 30 29 28 28 27 27 27 26 25 23 22 21 21 20 20 19 19 19 18 18 17 17 16 16 15 15 14 14 14 14 14
-9999 -9999 37 37 37 39 42 46 48 51 55 60 66 76 78 81 81 78 75 69 62 60 55 49 44 48 42 43 41 41 38 37 38 38 40 38 37 36 36 36 36 37 38 40 42 42 40 39 38 36 35 34 32 31 30 29 29 29 29 28 28 28 28 28 29 28 28 27 27 27 27 26 26 25 24 23 22 21 21 20 20 19 18 18 18 17 17 16 16 16 15 14 14 14 14 14
-9999 -9999 -9999 36 36 37 38 42 44 47 53 59 70 77 80 82 82 77 77 73 67 59 59 54 49 48 47 46 45 42 40 40 39 38 38 38 36 36 36 36 36 36 38 40 41 43 42 40 39 37 37 35 32 31 30 29 29 29 29 28 28 28 28 27 26 27 27 28 27 27 26 26 26 25 24 23 23 22 21 20 20 19 18 18 17 17 17 16 16 16 16 15 14 14 14 14
-9999 -9999 36 36 36 37 38 40 43 45 52 60 68 77 83 84 81 78 76 74 69 62 57 57 55 52 49 46 48 44 42 41 39 38 37 36 36 36 36 36 36 37 38 40 43 43 43 41 40 38 36 34 32 31 30 29 29 29 29 28 28 28 28 28 28 27 28 28 27 27 26 26 26 25 25 23 23 22 21 21 19 18 18 18 17 17 17 17 16 16 15 15 15 15 15 15
36 -9999 36 37 37 37 38 40 43 47 55 65 73 78 82 83 80 79 78 76 70 66 60 60 56 54 52 50 48 46 43 40 38 37 36 35 34 34 35 35 36 36 37 39 42 42 42 41 41 40 37 35 33 32 30 29 28 29 29 29 29 29 29 28 27 27 28 27 27 26 26 26 26 26 25 25 23 22 21 21 20 19 18 17 17 17 16 16 16 16 16 16 16 15 15 16
36 -9999 -9999 -9999 37 37 39 40 44 49 57 65 69 76 80 81 78 78 76 75 69 65 61 62 59 56 55 52 48 46 42 39 37 36 -9999 33 33 32 33 34 34 36 36 38 40 41 42 41 41 39 38 36 35 33 31 29 29 29 30 29 29 29 29 28 28 28 27 26 26 26 26 25 25 25 24 24 24 23 21 20 20 19 18 18 17 17 17 16 16 17 17 17 17 16 16 16
38 37 -9999 -9999 -9999 -9999 40 41 44 47 53 59 67 72 77 78 78 76 75 72 67 65 63 61 62 61 59 52 49 44 40 37 -9999 -9999 -9999 -9999 -9999 31 31 32 34 35 36 37 39 40 42 42 42 40 40 38 37 34 32 29 30 31 33 31 31 31 30 29 28 28 28 27 26 25 25 26 25 25 25 24 23 22 22 21 20 19 18 18 18 18 18 18 17 18 18 18 18 17 17 17
38 38 39 39 39 -9999 -9999 43 -9999 -9999 -9999 54 58 63 70 73 74 75 73 70 67 63 63 60 59 59 55 51 46 42 -9999 -9999 -9999 -9999 -9999 -9999 -9999 -9999 30 31 32 33 34 35 37 39 40 42 44 43 43 42 41 38 35 33 33 33 33 32 32 32 30 30 30 30 29 28 28 27 26 26 26 26 25 24 24 22 22 21 20 20 19 19 19 19 20 19 19 18 19 19 18 18 18 17
40 41 41 41 42 42 43 44 45 47 -9999 -9999 -9999 -9999 60 66 70 69 67 66 64 60 58 55 54 53 50 47 -9999 -9999 -9999 -9999 -9999 -9999 34 33 32 31 31 31 30 30 31 34 36 37 40 44 46 47 48 47 45 43 41 38 37 36 36 34 34 31 31 33 33 32 31 30 29 29 28 28 27 26 25 24 24 23 22 21 20 20 20 20 20 20 21 20 20 19 19 19 19 18 18 18
42 43 43 44 44 45 45 46 48 49 50 52 -9999 -9999 -9999 60 61 61 61 59 57 56 53 52 49 -9999 -9999 -9999 -9999 -9999 38 38 37 37 36 35 33 32 31 30 30 29 29 32 33 36 40 45 48 48 49 50 52 50 48 44 42 40 38 36 33 32 34 35 34 34 33 32 31 30 29 28 28 26 24 25 24 23 22 21 20 21 21 21 22 22 21 22 21 21 21 21 20 20 19 19
43 44 44 45 45 46 47 48 49 51 52 54 54 55 56 55 -9999 -9999 -9999 -9999 -9999 -9999 -9999 -9999 -9999 -9999 43 44 43 43 41 40 39 39 37 34 33 32 32 31 30 29 30 31 32 33 38 45 49 49 50 53 55 55 53 49 45 44 41 37 34 34 35 36 36 36 35 34 33 32 31 30 28 26 24 24 24 23 22 21 21 21 22 22 22 23 23 24 23 22 22 21 21 21 20 20
44 44 45 45 46 46 47 49 50 51 53 55 56 57 57 57 56 54 53 51 50 49 47 46 46 46 45 46 45 44 43 42 40 38 36 34 33 32 31 31 31 31 31 31 31 31 35 42 48 49 50 53 55 56 54 51 48 45 43 40 37 37 38 39 37 36 36 36 35 33 32 31 29 27 25 24 23 23 22 22 21 22 22 23 23 25 25 24 23 23 23 22 22 21 22 21
45 45 45 46 47 48 48 50 51 52 53 55 55 56 57 57 56 55 54 53 51 50 48 48 48 47 47 46 45 45 44 42 40 38 35 33 32 33 32 31 31 31 30 30 31 32 35 40 45 49 50 52 54 56 55 54 51 48 45 42 40 38 38 38 38 38 37 36 35 35 33 32 31 29 26 25 24 23 22 22 23 23 23 23 24 25 25 25 25 24 24 23 23 23 23 22
45 46 46 46 47 48 49 50 51 52 53 54 55 56 56 56 56 54 54 53 52 50 49 48 47 47 46 45 44 44 42 41 40 38 35 33 33 33 32 31 30 30 30 30 31 32 35 38 42 47 49 52 55 56 56 55 53 49 47 44 41 41 40 39 39 39 39 39 38 36 35 33 32 30 27 26 24 24 23 23 23 23 23 23 24 25 25 25 25 25 25 24 23 23 23 22
46 46 46 47 47 48 49 50 51 52 53 53 54 54 55 55 54 54 53 52 51 49 49 48 46 46 45 44 44 43 43 42 42 39 36 34 33 32 32 30 30 30 30 30 31 32 34 36 39 42 46 50 52 55 56 56 54 52 48 46 43 42 41 40 39 39 39 40 39 38 36 34 32 30 28 27 26 25 24 24 23 23 23 24 24 25 25 25 25 25 24 24 24 24 24 23
46 46 47 47 47 48 49 50 50 51 52 52 53 53 53 53 53 52 52 51 50 49 47 46 45 44 44 44 44 42 41 41 41 40 40 38 36 34 32 31 30 30 30 31 31 32 33 35 37 39 42 45 48 54 57 57 56 53 50 47 45 43 42 41 40 39 40 40 40 38 37 35 33 31 29 27 27 26 25 24 24 24 24 24 25 25 26 26 26 25 24 24 24 24 24 24
46 46 47 47 48 48 49 50 50 50 51 52 52 52 52 52 51 51 50 49 49 47 46 45 44 43 43 43 42 40 39 40 40 41 42 41 38 35 33 31 31 31 31 31 31 32 33 34 36 37 38 40 43 47 56 59 56 53 50 48 46 44 43 41 41 40 40 39 39 39 37 35 33 31 29 29 28 27 26 25 25 25 25 26 25 26 26 26 26 26 25 25 25 25 25 25
46 46 47 47 48 48 48 49 50 50 50 51 51 51 51 51 50 50 49 48 47 46 45 44 43 43 44 43 41 39 38 39 40 41 42 40 39 36 34 32 31 30 31 31 31 32 33 34 35 36 36 37 39 42 50 55 54 52 50 48 46 44 43 42 41 40 40 40 39 38 37 35 33 31 30 30 29 28 26 26 26 26 26 26 26 27 27 27 27 26 26 26 26 26 26 25
47 47 47 47 48 48 48 49 49 50 50 50 50 50 50 50 49 49 48 47 46 45 44 43 42 43 44 44 43 42 41 41 41 42 42 40 38 37 35 33 32 31 31 31 31 31 33 33 34 34 35 37 41 44 48 50 52 50 48 46 45 44 43 42 42 41 40 39 38 38 37 35 34 32 32 31 29 28 28 28 27 27 27 27 27 27 28 28 27 26 27 27 27 27 27 27
47 47 47 47 48 48 49 49 49 49 49 50 50 49 49 49 49 48 47 46 46 44 43 42 42 42 43 45 45 45 44 43 44 44 42 40 38 37 35 34 32 31 31 31 32 32 32 32 33 34 35 37 38 42 45 48 49 48 46 44 42 42 41 41 40 40 39 38 37 37 37 35 34 33 32 31 30 30 29 29 29 29 28 28 28 29 28 27 27 28 28 28 27 28 28 28
47 47 47 48 48 48 48 48 49 49 49 49 49 49 48 48 48 47 46 46 45 44 42 42 42 41 43 45 46 47 47 45 46 45 42 39 38 36 35 34 33 32 32 32 32 32 31 32 33 34 35 37 39 41 44 45 47 47 45 43 41 40 39 39 38 38 37 36 36 36 36 35 34 33 33 32 31 31 31 31 30 29 29 29 29 29 28 28 28 29 28 28 29 30 30 30
47 47 47 48 48 48 48 48 48 48 48 48 48 48 48 47 47 46 46 45 44 43 42 42 41 42 43 45 47 48 48 48 49 48 43 40 38 37 36 36 35 34 33 33 32 32 32 32 33 34 36 37 38 41 42 44 45 45 46 44 40 38 38 38 37 37 37 36 35 35 35 35 34 34 33 33 33 32 31 31 31 31 30 30 30 30 29 29 29 29 29 30 30 31 30 30
48 48 48 48 47 48 48 48 48 48 48 48 48 47 47 47 47 46 45 44 44 43 42 42 41 42 45 47 48 50 50 50 49 48 44 41 38 38 37 35 35 35 34 34 34 33 34 34 34 34 37 39 39 39 40 42 43 44 44 44 42 38 38 37 36 36 36 36 36 35 35 34 34 34 34 34 33 33 33 33 32 32 31 31 31 31 30 30 30 30 30 31 31 31 31 31
48 48 48 48 48 48 48 48 47 47 47 47 47 47 47 47 46 45 45 44 43 43 42 42 41 43 45 46 48 51 51 49 48 45 43 40 39 39 38 36 36 36 35 35 36 36 37 36 35 35 36 38 38 38 39 41 42 42 42 41 41 39 37 36 35 35 35 35 35 35 35 34 34 34 34 34 34 35 34 33 33 33 32 31 31 31 31 31 31 31 31 31 31 32 32 32
48 47 47 47 47 47 47 47 47 47 47 47 47 47 46 46 45 45 44 44 44 43 42 42 41 42 43 44 46 49 50 48 46 44 42 41 41 40 39 38 37 36 36 36 36 36 36 36 36 35 36 36 36 37 38 40 41 40 40 38 38 37 36 36 36 35 35 34 34 34 34 34 34 34 34 34 34 35 35 34 34 33 33 33 33 32 32 31 31 32 32 32 32 32 32 33
48 47 47 47 47 47 47 47 47 47 47 47 46 46 46 45 45 44 45 44 44 43 42 42 41 42 42 43 44 47 49 48 46 43 41 40 41 40 40 40 38 36 36 37 36 35 35 37 37 35 36 36 36 36 37 38 38 38 37 36 35 36 36 35 36 36 35 34 34 34 34 34 34 34 35 35 34 34 35 34 34 34 34 34 34 33 32 32 32 32 33 32 32 33 33 34
47 47 47 47 47 47 47 47 47 46 46 46 46 46 45 45 45 45 45 44 44 43 42 42 43 42 43 43 44 46 48 48 47 44 42 40 40 40 40 40 38 37 37 37 36 35 35 37 37 36 36 36 35 36 36 37 37 37 36 36 35 34 33 33 33 36 36 34 33 33 34 34 34 34 35 35 36 36 37 36 36 35 35 35 34 34 32 31 31 32 32 33 33 34 35 35
47 46 46 46 46 46 46 46 46 47 47 47 47 46 46 46 45 45 45 44 44 43 43 43 43 43 43 43 44 45 46 47 47 46 43 43 42 41 40 39 38 38 39 39 39 38 38 38 37 37 36 36 35 35 36 36 36 36 36 36 36 33 31 32 32 33 34 34 33 33 33 33 34 35 35 36 36 37 37 37 37 36 37 36 34 33 32 31 30 31 32 33 33 34 35 37
47 46 46 46 46 46 46 46 46 46 46 46 46 46 46 46 45 45 45 44 44 43 43 43 42 42 42 43 44 45 46 48 49 49 47 46 44 43 42 41 40 39 40 41 41 40 39 39 37 36 35 35 35 35 35 36 36 36 36 36 35 34 32 31 32 32 32 34 34 34 33 34 35 35 36 36 36 36 38 38 38 38 39 37 36 33 31 30 31 31 32 33 34 35 36 38
46 46 46 46 46 46 46 46 46 46 46 46 46 46 46 46 45 45 44 44 43 42 43 42 42 42 42 43 44 45 46 49 50 52 51 49 47 46 44 43 42 41 41 42 41 40 40 39 37 36 35 35 35 35 35 36 36 37 36 35 35 34 33 31 33 33 33 33 34 34 34 34 34 35 36 36 37 38 39 40 40 39 39 38 36 33 29 28 29 30 31 33 34 35 37 38
45 45 45 45 45 45 45 46 46 46 46 46 46 46 46 46 45 45 44 43 43 43 42 42 41 41 41 42 44 45 46 49 51 53 52 51 50 48 47 46 45 44 43 42 41 40 39 38 37 36 35 35 34 34 35 35 36 36 35 35 35 34 33 32 33 33 33 34 34 33 34 34 34 35 36 37 38 38 39 40 40 41 40 39 36 33 29 27 27 27 29 33 36 37 38 39
46 46 45 45 45 45 45 45 45 45 46 46 46 46 46 46 45 44 44 43 43 42 42 42 41 40 40 42 43 44 47 49 50 52 52 52 52 51 50 49 49 45 43 41 40 39 39 38 37 36 35 34 34 34 34 35 35 35 35 35 35 34 34 34 33 33 33 33 33 34 34 35 35 36 37 38 38 39 40 41 41 41 40 38 36 33 30 27 25 25 29 35 38 40 39 40
45 45 45 45 45 45 45 46 46 46 46 47 47 47 47 46 45 44 44 44 43 42 41 41 40 40 40 40 42 43 46 48 49 51 52 52 52 52 51 50 48 44 42 42 40 40 40 39 37 36 35 33 32 33 34 34 35 36 35 35 35 34 34 33 33 34 34 34 34 35 35 35 35 36 38 39 40 40 40 41 41 40 38 36 34 32 30 27 26 26 30 36 39 40 41 40
45 45 44 44 45 45 45 45 46 46 46 47 47 47 47 46 46 45 44 44 43 42 42 41 40 39 39 39 41 42 44 47 48 49 50 50 51 50 50 48 46 45 44 43 41 41 40 38 36 35 33 32 31 32 33 34 34 35 35 35 35 34 34 34 34 34 34 34 35 35 35 36 36 36 38 39 40 40 40 39 39 37 36 35 33 31 29 27 27 28 32 36 39 40 40 39
44 44 44 44 44 44 45 45 45 46 46 47 47 47 47 47 46 45 45 44 44 44 43 42 41 39 38 39 40 42 44 46 47 48 49 50 49 48 47 45 44 45 44 43 42 40 39 38 36 34 33 31 31 32 34 34 34 35 35 35 34 34 34 34 34 34 35 35 35 36 37 37 38 38 38 38 38 38 38 38 37 36 35 34 32 30 30 29 28 29 32 35 38 38 38 37
