resultados/variables_proyeccion_tiempo/variables_paleo_21k/bio18.asc
ncols 330
nrows 228
xllcorner -12.000000
yllcorner 34.000000
cellsize 0.166667
NODATA_value -9999
[rows 42 to 83 of 228, columns 94 to 187 of 330]
-9999 -9999 -9999 -9999 -9999 -9999 -9999 -9999 -9999 -9999 -9999 -9999 -9999 -9999 -9999 -9999 -9999 -9999 -9999 -9999 -9999 -9999 -9999 316 314 312 311 310 308 306 299 266 264 238 230 -9999 -9999 -9999 227 228 231 240 243 245 246 247 251 254 259 264 263 259 254 257 253 240 227 223 216 203 199 189 176 167 166 169 168 168 168 159 157 155 150 145 148 149 147 146 146 145 142 143 144 141 135 132 129 126 123 118 115 113 110 108
-9999 -9999 -9999 -9999 -9999 -9999 -9999 -9999 -9999 -9999 -9999 -9999 -9999 -9999 -9999 -9999 -9999 313 312 308 306 304 303 302 301 299 298 297 296 295 265 240 229 226 223 220 -9999 -9999 -9999 220 223 228 229 230 232 236 238 240 245 251 254 246 242 240 228 221 219 214 201 192 189 179 164 165 172 168 161 162 152 148 149 149 149 147 142 140 139 141 140 141 142 143 144 141 137 132 127 124 120 117 114 110 107 104
-9999 -9999 -9999 -9999 -9999 -9999 -9999 -9999 -9999 -9999 -9999 -9999 -9999 -9999 -9999 -9999 -9999 308 306 298 297 294 292 291 289 286 284 280 265 240 225 224 221 216 216 214 -9999 -9999 -9999 205 209 210 218 221 227 226 228 230 235 236 229 225 223 219 220 221 219 209 200 189 176 167 158 164 164 160 153 151 150 148 142 142 141 142 147 146 140 138 137 138 138 139 141 141 138 133 129 124 120 115 111 108 106 102
-9999 -9999 -9999 -9999 -9999 -9999 -9999 -9999 -9999 -9999 -9999 -9999 -9999 -9999 -9999 -9999 -9999 -9999 -9999 -9999 285 284 -9999 270 273 273 261 246 225 215 214 213 212 209 -9999 -9999 197 198 201 200 206 213 217 221 224 218 215 219 216 213 219 219 215 211 212 210 210 204 190 183 176 176 169 156 151 148 146 148 144 145 143 138 139 139 138 142 142 139 136 137 135 135 135 135 134 133 129 125 120 115 112 108 103 100
-9999 -9999 -9999 -9999 -9999 -9999 -9999 -9999 -9999 -9999 -9999 -9999 -9999 -9999 -9999 -9999 -9999 -9999 -9999 -9999 -9999 -9999 -9999 -9999 -9999 -9999 -9999 -9999 -9999 -9999 -9999 199 200 198 196 191 194 190 193 199 207 211 216 214 215 208 210 212 213 209 209 201 201 202 204 199 201 199 190 180 173 176 178 171 162 156 149 144 141 138 138 138 137 141 137 134 136 136 136 134 135 133 132 130 129 127 123 121 120 116 110 106 103 100
-9999 -9999 -9999 -9999 -9999 -9999 -9999 -9999 -9999 -9999 -9999 -9999 -9999 -9999 -9999 -9999 -9999 -9999 -9999 -9999 -9999 -9999 -9999 -9999 188 188 -9999 -9999 -9999 197 199 201 202 200 194 186 184 191 195 202 202 205 210 210 208 198 198 195 194 197 204 207 206 208 206 197 194 197 198 188 177 164 157 160 162 160 157 149 144 141 139 140 139 135 135 134 134 135 136 136 132 129 128 128 128 125 122 118 114 114 110 105 101 98
-9999 -9999 -9999 -9999 -9999 -9999 -9999 -9999 -9999 -9999 -9999 -9999 -9999 -9999 262 258 254 249 244 240 237 235 234 212 183 184 187 191 196 200 202 201 197 191 183 183 183 184 189 190 192 200 198 195 188 186 188 190 195 195 196 203 205 202 199 188 197 195 192 190 181 167 158 150 149 152 149 146 144 140 137 139 136 136 135 133 132 133 134 134 130 129 130 128 127 124 120 116 112 111 107 103 100 95
-9999 -9999 -9999 -9999 -9999 -9999 -9999 -9999 -9999 -9999 -9999 -9999 -9999 -9999 249 249 244 240 236 232 231 228 222 187 175 178 181 188 194 197 199 197 191 183 184 181 180 180 182 185 186 184 184 184 180 181 182 185 187 191 195 193 191 195 196 184 180 182 177 172 167 168 163 156 147 143 142 141 140 140 139 138 136 136 135 135 132 131 129 128 127 129 128 125 122 121 119 115 110 108 104 100 98 95
-9999 -9999 -9999 -9999 -9999 -9999 -9999 -9999 -9999 -9999 -9999 -9999 -9999 -9999 245 241 236 232 225 221 -9999 -9999 -9999 -9999 165 168 174 182 189 194 198 197 195 189 185 184 179 175 175 173 172 165 170 177 179 182 187 192 195 193 199 194 193 189 189 183 178 178 174 166 160 156 156 150 147 145 141 145 145 141 139 139 141 139 137 135 133 132 129 128 126 126 125 121 119 115 114 110 109 104 103 100 96 92
-9999 -9999 -9999 -9999 -9999 -9999 -9999 -9999 -9999 -9999 -9999 -9999 242 240 -9999 227 226 222 218 212 205 172 152 154 161 169 173 178 185 191 197 198 198 195 194 188 183 172 165 166 160 162 167 172 176 178 183 190 181 188 195 195 193 185 182 187 186 173 170 167 161 156 152 148 144 143 142 143 146 144 142 143 143 144 145 140 136 131 130 126 127 128 125 123 119 114 111 108 104 104 100 96 92 88
-9999 -9999 -9999 -9999 -9999 -9999 -9999 -9999 -9999 -9999 245 246 244 240 236 231 226 219 213 206 188 156 149 152 156 161 167 174 183 191 200 203 201 201 198 188 178 176 169 163 166 171 172 172 172 179 188 192 190 193 191 195 190 188 189 189 181 175 172 166 160 155 150 147 144 142 144 142 142 142 143 143 143 141 143 140 140 136 129 126 122 120 120 118 117 116 113 108 102 99 95 93 89 86
-9999 -9999 -9999 -9999 -9999 -9999 -9999 -9999 -9999 243 242 243 241 237 232 228 225 220 212 205 162 147 145 147 150 153 162 169 180 188 196 200 201 198 194 188 182 179 174 166 170 176 179 175 178 179 179 181 186 192 196 205 200 210 202 190 192 195 186 182 184 168 156 150 146 148 146 147 148 147 149 149 147 144 142 138 136 136 134 129 126 124 118 114 110 113 112 106 102 97 93 89 86 85
-9999 -9999 -9999 -9999 -9999 -9999 -9999 239 241 245 246 243 240 237 233 229 225 219 212 182 150 150 146 147 147 148 154 162 172 182 191 197 200 201 200 194 184 189 180 174 174 174 172 177 173 176 189 195 187 188 202 202 204 201 200 202 193 186 183 183 186 176 166 157 148 148 150 150 149 149 150 150 150 147 144 142 142 135 135 134 132 129 124 119 111 108 106 103 100 96 90 85 81 80
-9999 -9999 -9999 227 232 235 238 243 246 246 246 246 242 241 238 234 228 221 193 154 147 142 139 138 138 142 147 162 166 180 188 196 199 206 204 203 200 184 182 190 188 186 190 185 184 180 178 187 187 187 197 202 197 197 193 190 185 182 182 177 171 168 166 160 156 155 154 154 154 152 153 155 150 150 146 141 141 138 132 134 132 128 122 119 114 108 105 101 98 94 88 85 82 -9999
216 219 224 228 232 234 238 242 246 244 246 249 248 246 242 240 224 195 169 159 150 150 134 135 137 150 157 175 178 188 194 194 197 198 202 195 202 199 194 188 189 193 191 183 177 176 177 180 182 188 199 196 190 188 195 191 186 185 185 182 180 179 173 167 160 162 159 158 158 158 156 151 148 149 146 143 139 141 137 133 128 124 119 116 112 108 103 98 93 91 88 85 80 80
215 219 224 228 231 236 240 242 244 247 251 256 254 260 248 219 190 174 172 162 166 169 162 160 170 164 170 177 183 179 207 214 218 219 220 210 214 208 204 197 184 182 180 172 174 186 184 182 182 180 189 192 193 188 187 187 184 184 179 176 174 176 182 172 165 162 161 156 157 155 154 155 157 152 149 144 139 137 137 133 128 125 116 112 109 105 100 95 92 -9999 -9999 84 83 82
211 217 223 227 232 238 242 246 256 261 268 272 268 251 205 208 197 194 193 173 163 164 162 181 193 183 164 167 181 181 192 206 213 220 209 203 204 211 203 197 187 180 177 177 190 194 188 192 183 182 195 195 194 196 194 193 195 191 187 187 178 175 170 177 177 174 166 160 158 159 159 156 156 157 153 153 149 145 140 135 129 125 118 113 110 103 97 94 -9999 -9999 87 85 85 85
209 215 222 228 232 238 245 255 269 277 283 280 243 225 212 211 211 206 197 184 193 194 192 196 188 200 215 198 193 188 192 185 183 196 215 214 208 197 197 199 195 183 182 180 185 195 191 187 182 187 198 196 198 191 193 194 195 199 189 188 183 177 173 171 171 170 169 164 161 161 161 161 155 153 153 149 147 144 140 136 131 126 120 114 108 102 98 95 93 91 90 90 88 87
208 213 220 228 235 244 256 274 283 290 288 243 235 234 224 215 209 190 194 197 190 201 219 212 181 163 172 165 178 181 186 184 186 186 195 221 227 225 210 205 204 207 197 178 178 194 198 194 188 190 191 190 188 186 191 196 192 201 197 192 188 185 180 181 179 174 175 173 170 166 162 157 154 150 151 148 143 139 136 137 129 124 119 116 112 108 103 99 98 96 95 93 91 89
-9999 -9999 219 227 236 246 264 277 297 299 281 262 265 255 244 238 218 226 226 236 239 221 216 213 209 218 217 194 184 210 215 191 183 186 189 190 205 210 215 212 207 195 187 188 187 186 192 193 196 202 204 200 199 197 193 188 187 188 194 195 194 193 188 185 185 182 178 174 171 169 168 163 156 154 149 147 147 141 137 133 129 124 121 118 114 111 106 102 99 98 95 93 90 87
-9999 -9999 -9999 230 237 253 271 279 293 277 254 259 258 264 265 259 241 242 260 243 236 194 221 189 190 212 216 235 238 240 228 201 206 194 207 199 194 198 197 209 220 213 205 191 185 184 201 201 204 208 202 211 208 212 209 196 190 190 191 196 199 200 198 194 192 188 184 176 172 168 164 167 162 161 158 151 148 148 143 134 129 125 122 118 114 109 105 100 99 97 94 91 88 86
-9999 -9999 -9999 -9999 240 254 273 288 299 262 259 269 269 272 272 274 274 269 234 247 216 187 180 202 207 198 215 221 218 228 217 218 209 204 210 219 211 216 214 200 214 221 219 205 191 189 199 200 198 200 201 201 206 203 206 202 192 193 196 196 197 198 194 198 194 192 188 179 172 172 167 164 161 156 152 151 146 146 141 135 130 126 123 119 115 110 106 104 101 97 94 91 88 85
-9999 -9999 -9999 -9999 243 259 280 293 305 261 273 293 294 301 299 295 287 242 255 235 206 192 192 190 192 218 212 201 210 218 199 194 208 215 221 221 219 216 208 200 205 222 218 220 214 194 187 198 200 202 208 200 199 201 200 206 204 199 197 195 194 194 189 191 192 187 183 179 173 175 171 168 165 164 160 153 147 144 140 136 131 127 125 121 117 113 109 105 100 97 96 94 90 87
-9999 -9999 -9999 -9999 246 263 285 304 287 263 279 295 303 310 316 300 285 268 278 236 227 234 216 218 219 218 225 235 227 200 197 192 192 213 219 224 232 224 223 215 198 205 209 209 211 204 193 197 204 207 206 206 201 198 201 206 209 206 204 200 197 197 194 190 182 180 184 183 180 177 176 173 169 170 167 162 158 151 143 138 133 129 126 122 118 115 110 105 103 100 98 95 92 89
-9999 -9999 -9999 -9999 245 260 286 306 276 280 306 331 342 343 340 333 320 313 295 280 251 254 265 270 266 257 248 230 216 225 213 211 214 211 221 221 224 223 217 220 217 203 197 199 205 208 199 198 200 206 206 205 202 203 207 205 208 208 206 208 202 196 196 195 190 182 181 180 180 179 179 174 170 173 170 162 158 150 144 139 134 130 127 123 118 113 110 107 106 103 100 96 93 91
-9999 -9999 -9999 -9999 -9999 262 284 305 258 269 312 333 350 361 356 348 324 310 303 297 288 291 287 272 264 244 240 239 226 216 206 208 219 236 232 226 224 229 225 216 221 214 202 194 192 197 204 208 203 205 205 203 205 208 203 207 210 209 206 205 205 200 198 199 200 194 188 185 184 184 179 173 168 166 166 164 158 152 146 141 137 132 128 125 120 117 115 111 108 105 101 98 94 92
-9999 -9999 -9999 -9999 -9999 -9999 286 284 253 276 295 334 363 373 367 355 334 319 303 282 295 291 306 288 274 263 237 221 218 218 223 222 212 234 239 242 230 224 228 221 224 226 223 224 219 208 218 222 219 206 204 208 214 213 211 208 202 207 212 211 206 204 201 198 196 198 195 190 186 185 179 171 169 171 166 162 156 150 146 143 139 136 131 128 124 121 117 113 109 105 101 98 95 92
-9999 -9999 -9999 -9999 -9999 257 273 245 251 276 311 344 362 380 372 346 332 315 306 311 284 286 280 279 265 257 250 240 233 232 232 238 248 232 234 236 244 245 228 231 219 233 240 235 224 219 223 217 222 217 210 214 212 213 211 204 202 203 208 210 207 206 204 202 201 197 197 196 200 191 181 176 172 169 165 164 160 154 149 145 141 138 135 131 127 123 119 114 111 106 102 98 94 91
-9999 -9999 -9999 -9999 -9999 256 262 232 251 265 298 320 354 363 349 352 360 327 347 337 321 314 303 288 278 270 264 261 257 251 246 235 237 244 247 234 227 227 228 225 231 238 239 236 226 224 224 221 219 221 213 217 213 216 206 203 200 205 202 204 205 208 207 210 207 205 202 198 195 193 187 182 179 171 167 165 159 155 150 147 144 140 136 134 129 125 121 116 112 107 102 97 92 91
-9999 -9999 -9999 -9999 -9999 -9999 262 213 240 261 280 300 323 332 354 366 372 336 352 350 338 321 308 295 284 281 276 267 266 257 244 255 231 235 230 222 222 225 220 218 241 241 238 234 227 226 224 227 228 228 218 217 213 216 211 205 198 203 203 199 201 204 205 202 207 207 206 206 200 192 187 180 178 175 169 163 160 156 152 149 146 141 138 134 131 127 122 117 112 108 103 98 92 87
-9999 -9999 -9999 -9999 -9999 245 246 220 235 253 291 299 306 341 361 367 356 339 347 335 347 324 309 299 309 290 271 269 267 259 242 235 242 246 228 230 224 219 240 229 229 222 224 232 229 230 231 229 229 223 219 213 210 211 211 206 199 199 202 197 202 205 202 203 201 201 202 199 201 198 191 185 178 173 169 165 161 156 153 149 147 143 139 135 132 127 123 118 114 108 103 98 93 87
-9999 -9999 -9999 222 230 241 255 231 226 246 263 276 293 325 341 357 354 351 331 343 339 317 296 279 277 280 251 261 270 259 253 244 227 242 241 230 226 218 229 218 220 216 221 228 231 229 229 231 229 228 221 214 209 206 210 208 201 196 195 198 200 199 198 199 199 197 196 198 191 191 185 181 176 174 171 166 160 156 152 148 145 142 138 135 132 129 124 119 114 108 102 97 93 89
197 -9999 -9999 222 228 237 249 265 221 236 253 280 304 320 346 339 340 338 325 334 333 320 302 317 279 249 255 252 251 247 257 241 227 221 239 236 228 230 223 215 215 215 216 221 225 227 230 230 229 225 223 222 214 204 202 198 198 195 192 191 192 194 194 193 197 196 195 190 188 181 179 177 174 171 167 163 158 154 151 148 144 141 138 135 132 130 125 120 114 108 101 96 92 88
199 -9999 -9999 -9999 -9999 232 241 256 238 227 246 262 292 304 314 330 341 343 355 352 349 326 307 319 281 259 247 242 241 239 240 241 223 222 243 243 240 224 216 208 205 203 209 215 223 225 229 231 227 222 222 221 218 212 204 198 196 192 189 188 187 187 190 190 190 191 191 191 183 177 176 173 171 168 165 162 158 154 151 148 144 140 136 133 131 129 125 118 112 106 101 96 91 87
202 -9999 -9999 -9999 222 228 235 249 233 221 235 246 262 281 303 333 342 354 360 353 347 330 309 304 291 274 258 276 252 255 244 242 228 221 218 217 222 213 209 203 199 197 203 209 214 223 230 232 227 223 220 216 215 209 202 199 194 189 187 186 185 184 184 189 187 187 187 181 176 175 173 171 169 167 165 163 160 157 153 150 145 140 136 132 129 127 123 117 110 105 100 96 91 87
203 -9999 -9999 -9999 -9999 228 232 241 205 206 220 237 258 279 313 336 347 355 358 344 350 341 323 297 302 289 272 271 264 262 256 238 229 225 219 213 210 208 201 196 192 190 195 202 210 220 227 233 231 225 222 216 215 208 200 195 193 189 187 185 184 183 183 184 185 183 179 177 176 176 174 173 170 168 165 163 160 156 152 149 144 139 135 129 125 122 117 112 108 103 99 95 90 86
204 -9999 -9999 -9999 224 228 233 241 212 201 218 234 257 282 305 335 356 363 354 345 345 341 328 307 292 297 289 278 267 254 259 246 231 225 217 210 202 198 195 192 189 189 193 199 208 216 227 230 230 225 221 217 211 204 198 195 192 189 186 184 184 182 184 184 186 184 184 180 180 179 176 173 170 167 165 162 159 155 152 149 144 138 132 124 119 114 111 108 104 100 97 93 89 86
211 212 215 -9999 224 230 236 242 205 199 216 236 263 297 321 336 350 354 343 347 346 342 324 312 296 301 289 279 270 260 255 244 230 220 210 202 195 188 185 185 185 186 191 197 203 212 222 224 225 222 221 220 208 203 200 195 191 188 186 184 184 184 185 186 185 186 182 178 181 178 173 170 168 167 166 164 160 156 151 147 142 135 127 120 113 109 106 103 99 96 92 91 89 88
215 215 216 -9999 -9999 -9999 239 243 206 202 216 236 266 290 301 326 337 341 334 334 334 336 315 305 291 299 292 279 275 265 250 236 225 211 199 196 -9999 179 179 180 182 185 190 196 201 207 214 219 221 220 219 213 208 205 202 198 193 189 189 188 188 185 185 186 185 181 179 178 177 174 172 170 168 164 162 158 156 153 149 144 138 131 124 116 110 105 103 99 94 93 90 91 91 92
220 222 223 224 -9999 -9999 -9999 -9999 195 201 212 226 244 262 287 306 324 324 327 323 326 316 302 299 294 290 290 289 280 258 244 228 214 200 -9999 -9999 -9999 -9999 -9999 177 178 181 186 192 198 203 209 212 217 218 215 212 211 209 208 204 198 192 192 194 201 189 188 190 184 181 180 179 177 174 171 168 166 165 163 160 156 152 147 141 135 128 122 114 108 103 101 98 96 94 93 92 93 96
224 224 227 229 234 239 243 -9999 -9999 203 -9999 -9999 -9999 243 256 270 294 306 312 317 315 307 298 289 287 280 276 273 262 246 231 215 -9999 -9999 -9999 -9999 -9999 -9999 -9999 -9999 173 176 181 185 192 198 203 209 212 217 221 218 219 219 217 213 207 203 202 203 202 194 193 189 183 184 185 184 181 178 175 173 170 167 165 161 157 152 145 139 133 126 118 112 107 103 101 100 99 98 95 95 95 96
228 230 232 238 242 246 251 257 230 207 213 219 -9999 -9999 -9999 -9999 260 280 294 293 290 288 284 274 268 259 252 250 241 229 -9999 -9999 -9999 -9999 -9999 -9999 182 180 178 178 176 178 176 179 180 192 199 205 210 220 225 227 233 233 230 227 223 219 216 213 210 205 202 189 187 193 192 189 185 183 181 177 170 171 167 161 155 150 144 137 130 124 117 112 106 102 102 101 100 100 99 98 98 99
