resultados/variables_proyeccion_tiempo/variables_paleo_21k/bio10.asc
ncols 330
nrows 228
xllcorner -12.000000
yllcorner 34.000000
cellsize 0.166667
NODATA_value -9999
[rows 50 to 99 of 228, columns 192 to 287 of 330]
-140 -145 -150 -153 -156 -159 -160 -161 -160 -159 -157 -155 -155 -153 -150 -147 -144 -140 -137 -134 -130 -126 -123 -121 -118 -115 -111 -108 -103 -99 -95 -90 -87 -84 -79 -75 -73 -69 -65 -60 -58 -55 -53 -51 -50 -48 -48 -46 -46 -46 -46 -46 -43 -41 -40 -41 -42 -39 -40 -38 -36 -37 -36 -35 -36 -36 -34 -35 -36 -37 -38 -40 -37 -36 -36 -35 -33 -32 -32 -32 -32 -31 -30 -30 -29 -28 -28 -27 -26 -27 -28 -28 -29 -30 -31 -31
-145 -148 -151 -157 -162 -164 -166 -167 -167 -165 -164 -162 -160 -158 -155 -152 -149 -145 -142 -138 -134 -130 -127 -124 -121 -118 -115 -112 -107 -102 -98 -94 -88 -84 -81 -79 -73 -68 -65 -62 -60 -58 -57 -52 -51 -51 -48 -46 -46 -45 -45 -46 -45 -45 -41 -40 -40 -40 -39 -39 -37 -37 -36 -36 -35 -35 -35 -35 -36 -38 -39 -41 -38 -37 -36 -35 -33 -33 -32 -30 -31 -30 -30 -30 -29 -29 -29 -27 -26 -26 -26 -26 -26 -28 -30 -31
-146 -149 -153 -159 -165 -170 -171 -172 -172 -170 -169 -168 -166 -163 -160 -157 -153 -150 -146 -142 -138 -133 -130 -127 -125 -122 -118 -114 -110 -106 -99 -96 -92 -86 -82 -79 -75 -70 -67 -62 -60 -59 -57 -53 -52 -51 -49 -49 -46 -45 -44 -44 -46 -46 -46 -42 -41 -40 -39 -38 -38 -39 -40 -39 -38 -38 -39 -39 -38 -39 -38 -38 -36 -36 -37 -36 -36 -35 -33 -31 -30 -29 -29 -29 -30 -30 -29 -28 -27 -26 -27 -28 -27 -28 -28 -29
-145 -149 -153 -160 -170 -173 -175 -176 -175 -174 -174 -172 -170 -167 -165 -161 -157 -152 -148 -144 -141 -136 -133 -130 -128 -125 -121 -116 -113 -108 -101 -97 -92 -87 -83 -78 -76 -73 -68 -64 -61 -60 -58 -54 -52 -49 -47 -46 -46 -45 -45 -46 -45 -47 -48 -45 -44 -42 -43 -40 -40 -42 -42 -40 -37 -37 -38 -38 -38 -38 -38 -37 -36 -35 -36 -37 -38 -35 -32 -32 -31 -31 -30 -30 -30 -30 -30 -29 -28 -26 -26 -28 -28 -26 -27 -29
-147 -149 -155 -161 -171 -176 -178 -179 -179 -178 -177 -176 -174 -171 -168 -163 -159 -155 -151 -147 -143 -140 -137 -134 -130 -128 -123 -119 -114 -110 -105 -99 -95 -90 -86 -80 -76 -74 -70 -66 -63 -60 -59 -56 -53 -49 -47 -47 -46 -46 -47 -46 -46 -46 -46 -44 -42 -41 -42 -43 -41 -40 -42 -40 -38 -39 -38 -39 -38 -38 -38 -37 -37 -36 -34 -35 -36 -33 -33 -32 -32 -31 -31 -31 -29 -28 -26 -25 -25 -25 -27 -28 -28 -27 -26 -27
-9999 -155 -160 -167 -174 -178 -180 -182 -182 -182 -181 -180 -179 -176 -171 -166 -163 -158 -155 -151 -146 -142 -140 -137 -133 -130 -126 -122 -116 -111 -106 -102 -96 -93 -88 -81 -79 -74 -71 -67 -64 -62 -60 -58 -56 -52 -48 -48 -48 -48 -48 -47 -47 -47 -45 -43 -43 -43 -42 -43 -42 -41 -41 -41 -40 -39 -38 -38 -38 -37 -37 -38 -38 -36 -36 -35 -35 -34 -32 -31 -30 -30 -30 -29 -26 -26 -25 -22 -21 -22 -22 -23 -24 -25 -26 -28
-153 -160 -166 -172 -176 -179 -181 -183 -183 -184 -184 -183 -183 -179 -173 -170 -165 -161 -157 -153 -148 -144 -140 -138 -134 -132 -127 -123 -119 -115 -109 -103 -98 -94 -88 -85 -80 -76 -73 -69 -67 -64 -62 -59 -56 -53 -51 -51 -51 -49 -49 -49 -48 -47 -48 -45 -45 -44 -43 -43 -44 -44 -42 -42 -42 -41 -40 -38 -38 -37 -38 -37 -36 -34 -34 -34 -33 -32 -31 -31 -29 -28 -25 -24 -24 -24 -23 -23 -22 -21 -21 -20 -20 -20 -22 -24
-161 -167 -171 -175 -178 -180 -181 -184 -185 -185 -185 -185 -182 -179 -177 -173 -168 -163 -159 -154 -150 -145 -141 -138 -136 -131 -127 -123 -117 -114 -110 -105 -101 -96 -91 -85 -81 -78 -75 -72 -70 -67 -63 -61 -58 -56 -54 -52 -52 -52 -52 -50 -49 -50 -49 -47 -45 -44 -43 -44 -44 -44 -43 -42 -42 -42 -41 -40 -39 -39 -38 -36 -34 -34 -33 -32 -31 -30 -30 -28 -28 -27 -24 -25 -24 -27 -24 -22 -23 -22 -23 -22 -22 -20 -20 -21
-163 -167 -172 -176 -178 -180 -182 -183 -184 -185 -186 -186 -184 -182 -179 -174 -170 -165 -160 -155 -152 -146 -140 -137 -134 -131 -126 -122 -117 -114 -109 -104 -100 -96 -90 -85 -83 -80 -77 -75 -73 -69 -65 -63 -61 -58 -56 -53 -53 -52 -52 -50 -50 -51 -50 -48 -46 -46 -45 -44 -45 -44 -43 -43 -42 -42 -41 -41 -40 -38 -37 -35 -33 -32 -30 -30 -30 -30 -30 -29 -29 -28 -25 -25 -23 -24 -25 -22 -21 -22 -21 -21 -22 -20 -20 -23
-162 -167 -172 -176 -179 -180 -182 -183 -185 -186 -186 -185 -183 -181 -178 -174 -170 -165 -160 -157 -152 -147 -141 -137 -132 -129 -125 -120 -117 -113 -108 -105 -102 -95 -90 -88 -86 -83 -79 -76 -73 -70 -67 -65 -62 -61 -59 -56 -55 -54 -52 -51 -52 -52 -50 -49 -48 -48 -47 -45 -46 -45 -44 -43 -42 -40 -40 -41 -39 -37 -35 -34 -33 -32 -30 -29 -29 -28 -27 -27 -27 -28 -27 -24 -22 -22 -23 -22 -21 -20 -22 -20 -20 -20 -20 -22
-158 -163 -168 -172 -176 -179 -182 -183 -184 -185 -184 -183 -182 -179 -177 -174 -170 -164 -160 -156 -151 -146 -141 -136 -132 -130 -126 -122 -117 -114 -109 -105 -100 -95 -92 -90 -87 -83 -79 -76 -73 -71 -69 -67 -65 -62 -61 -58 -58 -57 -56 -54 -53 -52 -52 -50 -48 -48 -47 -46 -46 -44 -44 -43 -42 -39 -38 -36 -35 -34 -33 -32 -31 -30 -29 -27 -28 -26 -25 -25 -26 -26 -26 -24 -22 -22 -24 -22 -20 -20 -20 -20 -19 -19 -19 -20
-153 -158 -164 -169 -172 -174 -178 -181 -183 -183 -183 -181 -180 -178 -176 -172 -169 -164 -158 -152 -148 -144 -138 -136 -134 -130 -124 -122 -118 -115 -111 -105 -101 -97 -94 -91 -88 -84 -81 -78 -75 -73 -71 -69 -66 -64 -62 -60 -59 -57 -55 -54 -54 -52 -52 -51 -50 -49 -48 -46 -46 -45 -44 -41 -40 -38 -36 -34 -32 -32 -30 -29 -28 -27 -27 -26 -25 -24 -23 -23 -23 -23 -25 -27 -27 -26 -24 -20 -20 -20 -20 -20 -19 -19 -19 -18
-155 -159 -163 -169 -174 -178 -180 -182 -182 -182 -182 -181 -179 -177 -174 -171 -168 -163 -158 -151 -148 -142 -137 -135 -132 -128 -123 -120 -118 -115 -111 -106 -101 -98 -96 -92 -89 -87 -83 -80 -77 -75 -72 -68 -66 -65 -62 -61 -60 -57 -57 -55 -55 -54 -53 -52 -50 -49 -48 -47 -46 -43 -41 -40 -38 -35 -33 -31 -30 -29 -28 -27 -26 -25 -25 -24 -24 -25 -25 -25 -25 -24 -28 -31 -29 -28 -29 -24 -21 -20 -20 -20 -19 -19 -19 -19
-156 -160 -165 -172 -176 -179 -181 -182 -182 -182 -181 -179 -177 -175 -173 -170 -167 -162 -156 -151 -145 -140 -137 -134 -129 -127 -124 -121 -117 -114 -111 -106 -102 -99 -96 -93 -91 -88 -84 -81 -78 -76 -72 -70 -68 -65 -63 -61 -59 -58 -58 -57 -56 -55 -54 -53 -50 -49 -47 -46 -44 -41 -39 -38 -36 -35 -32 -30 -27 -26 -25 -24 -24 -23 -22 -22 -22 -23 -22 -24 -24 -24 -26 -29 -29 -27 -26 -24 -23 -22 -23 -22 -20 -19 -19 -19
-155 -162 -167 -172 -176 -178 -180 -181 -181 -181 -180 -178 -176 -174 -171 -169 -165 -162 -157 -152 -146 -140 -135 -132 -129 -126 -123 -120 -117 -114 -112 -109 -103 -99 -97 -94 -91 -88 -85 -82 -79 -78 -74 -71 -68 -66 -64 -62 -60 -59 -58 -57 -56 -55 -54 -52 -50 -48 -46 -43 -42 -39 -38 -36 -34 -32 -30 -28 -26 -24 -23 -21 -20 -20 -19 -19 -18 -19 -20 -21 -23 -23 -22 -23 -26 -25 -25 -23 -21 -21 -21 -22 -23 -20 -19 -18
-157 -163 -168 -172 -175 -177 -179 -180 -180 -180 -179 -177 -175 -172 -171 -168 -164 -161 -156 -151 -146 -141 -137 -133 -130 -125 -122 -120 -118 -115 -112 -109 -104 -101 -99 -96 -92 -89 -85 -82 -80 -77 -75 -72 -70 -67 -65 -63 -61 -59 -58 -56 -54 -53 -52 -51 -49 -47 -45 -42 -40 -38 -36 -34 -33 -31 -29 -27 -25 -23 -21 -20 -18 -17 -16 -16 -16 -16 -17 -18 -20 -21 -21 -21 -21 -22 -23 -22 -21 -19 -20 -19 -20 -20 -18 -18
-158 -163 -168 -172 -174 -177 -179 -180 -179 -179 -177 -176 -173 -171 -168 -166 -163 -158 -154 -150 -146 -141 -138 -134 -130 -126 -122 -119 -116 -114 -110 -107 -104 -101 -98 -95 -92 -88 -85 -82 -79 -77 -74 -72 -70 -67 -64 -62 -60 -59 -57 -55 -53 -51 -50 -49 -47 -45 -43 -41 -40 -38 -35 -33 -31 -29 -27 -25 -23 -21 -19 -18 -17 -16 -15 -14 -15 -15 -15 -16 -18 -19 -18 -18 -18 -21 -22 -22 -23 -22 -22 -24 -22 -19 -18 -18
-158 -163 -167 -172 -174 -176 -178 -178 -178 -177 -175 -173 -171 -169 -166 -163 -160 -156 -152 -148 -144 -140 -136 -132 -129 -125 -122 -119 -115 -113 -109 -106 -103 -99 -96 -93 -90 -87 -84 -81 -78 -75 -73 -71 -68 -66 -63 -61 -59 -57 -56 -53 -51 -50 -49 -48 -46 -44 -42 -41 -38 -36 -34 -31 -29 -26 -25 -23 -21 -19 -18 -16 -15 -14 -13 -13 -12 -13 -13 -14 -15 -15 -16 -19 -20 -21 -24 -23 -22 -23 -25 -27 -28 -23 -21 -20
-158 -163 -166 -171 -174 -176 -177 -178 -177 -176 -173 -171 -168 -165 -162 -160 -157 -154 -150 -146 -142 -138 -134 -130 -128 -124 -121 -118 -114 -111 -108 -104 -101 -98 -95 -91 -89 -85 -82 -79 -76 -74 -71 -68 -66 -64 -61 -59 -57 -55 -53 -51 -51 -50 -49 -47 -45 -43 -42 -41 -38 -35 -32 -29 -26 -24 -23 -21 -19 -17 -16 -14 -13 -12 -11 -11 -11 -11 -12 -12 -13 -15 -18 -19 -19 -22 -22 -22 -22 -23 -26 -28 -28 -28 -26 -24
-159 -163 -167 -170 -173 -175 -176 -176 -175 -174 -172 -169 -166 -162 -159 -157 -154 -151 -147 -143 -140 -136 -132 -128 -123 -120 -118 -115 -111 -108 -106 -103 -100 -96 -93 -90 -87 -84 -81 -78 -75 -71 -69 -66 -64 -61 -59 -57 -54 -53 -52 -52 -51 -49 -48 -48 -45 -43 -42 -41 -40 -35 -31 -29 -25 -22 -21 -19 -18 -16 -14 -13 -12 -11 -10 -10 -10 -10 -10 -11 -12 -14 -16 -17 -18 -19 -20 -22 -24 -24 -26 -28 -28 -27 -28 -26
-159 -163 -166 -169 -172 -174 -174 -175 -174 -173 -171 -168 -165 -162 -158 -155 -152 -149 -145 -141 -137 -134 -129 -125 -122 -119 -116 -112 -109 -105 -104 -100 -98 -95 -92 -89 -85 -82 -79 -76 -73 -70 -68 -65 -62 -60 -58 -55 -53 -52 -50 -49 -47 -46 -47 -45 -43 -40 -38 -37 -35 -32 -29 -27 -23 -21 -19 -17 -15 -14 -13 -12 -11 -10 -9 -9 -10 -11 -11 -11 -11 -13 -16 -17 -18 -19 -22 -24 -26 -27 -27 -26 -26 -26 -25 -25
-158 -162 -165 -169 -170 -172 -173 -173 -172 -171 -169 -166 -163 -159 -157 -154 -150 -146 -143 -139 -135 -131 -127 -123 -119 -116 -113 -109 -105 -102 -100 -98 -95 -92 -89 -86 -83 -80 -77 -74 -71 -69 -66 -63 -60 -57 -56 -54 -52 -50 -48 -47 -45 -42 -40 -39 -36 -33 -32 -30 -28 -26 -24 -23 -21 -19 -17 -15 -14 -13 -12 -11 -10 -9 -9 -9 -9 -10 -10 -10 -11 -13 -15 -16 -18 -19 -19 -21 -24 -25 -25 -24 -24 -24 -23 -23
-155 -160 -163 -166 -169 -171 -171 -172 -171 -169 -168 -164 -161 -158 -156 -152 -148 -144 -141 -136 -132 -128 -124 -120 -116 -113 -110 -106 -103 -100 -98 -95 -93 -90 -87 -84 -81 -77 -75 -72 -69 -66 -63 -61 -57 -53 -52 -52 -50 -48 -46 -44 -41 -40 -40 -39 -37 -34 -32 -27 -23 -22 -20 -20 -19 -17 -15 -14 -13 -12 -12 -11 -10 -9 -8 -8 -8 -8 -9 -9 -10 -11 -12 -13 -14 -16 -18 -20 -22 -22 -22 -22 -22 -21 -21 -20
-151 -156 -160 -165 -167 -169 -170 -170 -169 -167 -166 -163 -160 -157 -154 -150 -146 -142 -138 -133 -129 -125 -121 -116 -113 -110 -106 -103 -100 -98 -96 -94 -91 -87 -85 -81 -78 -75 -73 -69 -66 -63 -60 -58 -54 -51 -50 -49 -49 -45 -44 -45 -42 -40 -41 -40 -38 -36 -33 -29 -26 -23 -20 -17 -17 -16 -15 -14 -14 -12 -11 -10 -8 -8 -7 -7 -8 -7 -8 -8 -8 -9 -10 -12 -13 -16 -18 -18 -19 -20 -19 -19 -20 -19 -19 -19
-152 -156 -160 -163 -165 -167 -166 -167 -166 -165 -164 -161 -158 -154 -151 -147 -142 -138 -134 -129 -125 -121 -117 -113 -110 -107 -104 -104 -100 -98 -95 -92 -89 -86 -84 -81 -78 -74 -71 -67 -63 -60 -57 -54 -52 -50 -48 -46 -46 -44 -43 -42 -41 -41 -41 -40 -37 -35 -32 -29 -25 -23 -20 -18 -16 -14 -14 -13 -12 -10 -9 -8 -6 -6 -6 -6 -6 -6 -6 -7 -7 -8 -9 -11 -13 -15 -16 -17 -17 -17 -17 -16 -16 -16 -16 -16
-150 -154 -158 -160 -162 -164 -163 -163 -162 -160 -160 -157 -154 -150 -147 -143 -139 -134 -130 -126 -122 -118 -115 -113 -110 -108 -107 -103 -101 -98 -95 -92 -89 -87 -84 -82 -78 -75 -71 -68 -65 -60 -57 -55 -52 -49 -47 -45 -43 -41 -40 -38 -38 -38 -38 -36 -34 -32 -29 -26 -23 -20 -18 -17 -15 -13 -13 -11 -9 -8 -7 -6 -5 -5 -5 -5 -5 -5 -6 -6 -7 -7 -8 -12 -14 -14 -15 -14 -14 -14 -14 -14 -14 -14 -14 -13
-148 -152 -155 -157 -158 -160 -161 -161 -160 -158 -156 -153 -151 -148 -145 -142 -138 -134 -130 -126 -124 -121 -117 -114 -111 -108 -105 -102 -100 -96 -93 -90 -88 -85 -82 -79 -76 -74 -70 -66 -63 -59 -56 -54 -51 -47 -45 -43 -41 -39 -37 -36 -34 -33 -32 -31 -29 -28 -26 -24 -21 -19 -16 -15 -13 -12 -11 -9 -8 -6 -6 -4 -4 -4 -5 -5 -4 -5 -5 -6 -6 -9 -11 -10 -12 -12 -12 -12 -12 -12 -12 -12 -12 -11 -11 -11
-144 -148 -152 -154 -156 -157 -157 -157 -157 -156 -154 -152 -152 -149 -146 -144 -140 -135 -131 -127 -123 -120 -116 -113 -109 -106 -103 -100 -98 -95 -91 -88 -85 -81 -79 -77 -73 -70 -67 -64 -60 -55 -52 -50 -47 -45 -42 -40 -39 -38 -36 -34 -32 -30 -28 -27 -26 -24 -23 -20 -18 -16 -14 -13 -12 -11 -9 -8 -6 -5 -4 -4 -4 -4 -4 -5 -5 -5 -6 -6 -7 -10 -12 -11 -12 -11 -10 -10 -10 -10 -9 -10 -9 -9 -9 -8
-143 -146 -148 -152 -154 -155 -157 -156 -157 -156 -156 -154 -153 -150 -147 -144 -139 -134 -130 -125 -121 -118 -114 -111 -107 -103 -100 -97 -94 -92 -88 -85 -82 -78 -75 -72 -69 -66 -63 -60 -55 -51 -48 -45 -43 -40 -39 -37 -36 -35 -33 -32 -30 -28 -25 -24 -23 -21 -19 -17 -15 -14 -12 -11 -9 -8 -8 -6 -5 -4 -3 -3 -3 -3 -4 -4 -4 -3 -4 -5 -7 -10 -9 -9 -9 -9 -8 -8 -8 -8 -8 -8 -8 -8 -7 -7
-143 -145 -147 -150 -153 -155 -157 -157 -157 -155 -153 -151 -149 -146 -144 -141 -136 -132 -128 -123 -119 -115 -111 -107 -103 -100 -97 -94 -91 -88 -84 -81 -78 -74 -71 -68 -65 -62 -58 -56 -52 -48 -45 -42 -39 -37 -35 -34 -33 -32 -30 -28 -27 -25 -23 -21 -20 -19 -17 -14 -12 -12 -11 -9 -8 -7 -6 -5 -4 -3 -2 -2 -1 -2 -2 -2 -3 -4 -3 -1 -1 -5 -7 -6 -7 -6 -6 -6 -6 -6 -7 -8 -6 -5 -5 -5
-144 -147 -148 -151 -153 -154 -155 -155 -154 -154 -152 -150 -148 -144 -142 -139 -134 -130 -126 -122 -117 -113 -109 -105 -101 -98 -94 -90 -88 -84 -80 -77 -75 -71 -67 -64 -60 -57 -54 -51 -48 -45 -42 -39 -36 -34 -32 -31 -30 -28 -27 -25 -24 -23 -21 -19 -17 -17 -15 -12 -11 -10 -9 -7 -6 -5 -4 -3 -1 -1 -0 -0 0 1 0 -1 -5 -6 -4 -2 -0 -1 -2 -4 -4 -4 -4 -4 -5 -5 -5 -6 -6 -5 -3 -4
-143 -146 -147 -150 -151 -152 -154 -153 -153 -152 -151 -150 -148 -145 -142 -137 -133 -128 -123 -118 -113 -109 -106 -103 -99 -94 -90 -87 -84 -81 -77 -74 -72 -70 -65 -60 -56 -53 -50 -46 -44 -41 -38 -35 -33 -31 -29 -28 -26 -25 -25 -24 -24 -22 -20 -16 -14 -14 -12 -11 -9 -7 -6 -5 -4 -2 -2 -0 0 1 1 1 1 2 2 1 -2 -4 -2 -2 0 1 2 1 -1 -2 -2 -2 -3 -3 -3 -4 -3 -2 -1 -1
-140 -145 -147 -150 -152 -153 -153 -153 -153 -151 -150 -148 -146 -142 -138 -134 -130 -125 -120 -114 -110 -105 -101 -98 -95 -91 -86 -84 -81 -78 -76 -72 -69 -66 -62 -57 -53 -51 -48 -45 -42 -39 -35 -33 -30 -28 -26 -25 -23 -24 -26 -25 -23 -20 -19 -16 -12 -11 -9 -8 -7 -5 -4 -2 -1 -1 1 2 2 3 3 2 2 3 3 2 1 -1 -1 -1 -1 -1 -0 1 0 0 1 1 0 -1 -2 -2 -1 1 1 1
-138 -142 -146 -148 -150 -150 -151 -151 -150 -148 -146 -144 -142 -139 -134 -130 -126 -121 -116 -111 -107 -103 -99 -95 -92 -87 -84 -82 -80 -77 -74 -70 -67 -64 -61 -55 -51 -50 -47 -46 -42 -37 -33 -30 -28 -25 -23 -22 -20 -21 -21 -20 -20 -18 -16 -13 -10 -9 -7 -5 -4 -3 -2 -2 -1 -0 1 3 4 4 4 3 3 3 5 5 4 3 1 -1 -0 -0 0 2 1 2 2 2 1 1 0 0 1 2 2 2
-137 -140 -144 -146 -148 -148 -148 -149 -147 -146 -144 -141 -140 -135 -130 -126 -122 -118 -113 -109 -103 -100 -96 -92 -88 -84 -83 -81 -77 -74 -71 -67 -63 -60 -57 -53 -49 -45 -43 -41 -38 -34 -31 -29 -26 -24 -22 -20 -18 -18 -17 -16 -14 -13 -12 -10 -8 -6 -5 -3 -3 -3 -2 -2 -0 -0 2 4 4 4 5 5 4 5 6 6 2 1 1 0 1 2 2 3 2 3 3 3 3 2 3 2 3 3 4 3
-137 -139 -142 -144 -145 -147 -148 -147 -145 -144 -142 -139 -135 -132 -129 -125 -119 -114 -110 -107 -102 -96 -93 -89 -85 -81 -80 -78 -75 -72 -68 -63 -60 -57 -53 -50 -46 -42 -40 -37 -34 -34 -34 -30 -28 -25 -23 -19 -17 -16 -14 -13 -12 -10 -9 -7 -6 -4 -4 -3 -2 -2 -1 -1 -0 1 3 4 5 6 6 6 6 7 7 6 2 1 2 2 2 3 3 3 3 4 4 4 5 5 5 5 5 6 6 6
-135 -136 -139 -141 -145 -146 -146 -145 -144 -142 -140 -138 -134 -132 -129 -123 -117 -110 -106 -102 -98 -94 -89 -85 -82 -78 -78 -76 -73 -70 -66 -61 -58 -54 -51 -47 -44 -40 -37 -34 -33 -34 -33 -30 -27 -24 -21 -18 -15 -14 -12 -12 -10 -9 -8 -7 -8 -7 -4 -2 -1 -1 0 1 2 2 3 4 5 6 6 6 7 8 7 4 3 2 2 3 2 3 4 4 5 5 6 6 6 6 5 5 6 7 7 7
-131 -132 -135 -141 -143 -144 -143 -142 -142 -141 -139 -136 -132 -129 -126 -121 -116 -110 -104 -99 -94 -90 -86 -82 -79 -76 -74 -72 -70 -66 -63 -59 -56 -53 -52 -48 -44 -40 -36 -34 -32 -32 -30 -26 -24 -22 -19 -16 -14 -12 -11 -10 -9 -8 -8 -10 -11 -8 -4 -1 -1 -0 1 2 2 3 4 5 6 6 6 7 7 7 6 2 1 2 4 4 4 4 4 4 4 4 6 7 7 7 6 6 7 8 8 8
-128 -132 -136 -139 -140 -142 -141 -140 -140 -138 -136 -133 -129 -125 -122 -119 -115 -108 -102 -97 -91 -87 -83 -79 -76 -73 -71 -69 -67 -64 -62 -60 -58 -57 -54 -49 -45 -40 -36 -32 -31 -28 -26 -24 -22 -20 -17 -15 -12 -11 -10 -9 -8 -8 -7 -7 -6 -3 -1 -0 -0 1 2 2 3 4 5 6 6 6 6 6 3 1 2 3 3 4 5 5 4 4 4 2 3 4 5 7 9 9 8 8 8 8 10 10
-129 -131 -135 -137 -138 -139 -139 -138 -137 -136 -133 -130 -126 -123 -119 -116 -111 -106 -101 -95 -88 -84 -80 -77 -74 -71 -68 -66 -64 -63 -61 -61 -58 -55 -51 -49 -45 -39 -35 -32 -29 -26 -23 -22 -21 -19 -15 -13 -12 -10 -9 -8 -7 -6 -4 -3 -2 -1 0 -0 0 1 2 3 4 5 6 6 6 5 5 2 1 2 2 4 4 5 6 6 6 5 5 4 5 4 6 8 9 10 10 11 11 12 12 12
-128 -130 -133 -136 -136 -136 -136 -137 -136 -133 -132 -128 -122 -119 -117 -112 -108 -102 -98 -92 -87 -82 -78 -75 -72 -68 -65 -63 -61 -59 -56 -55 -53 -52 -49 -47 -44 -39 -32 -30 -27 -24 -22 -21 -19 -17 -14 -13 -12 -10 -9 -7 -6 -5 -5 -8 -8 -5 -3 -1 1 2 2 4 5 6 6 5 2 1 0 1 3 3 4 5 6 6 6 7 8 6 5 6 6 7 8 9 10 11 12 13 13 14 14 15
-127 -128 -131 -133 -134 -134 -136 -135 -133 -131 -129 -124 -119 -116 -113 -110 -106 -100 -94 -88 -82 -78 -75 -71 -68 -65 -63 -60 -57 -55 -54 -51 -48 -46 -45 -42 -38 -35 -31 -28 -25 -23 -21 -20 -18 -16 -14 -13 -12 -10 -8 -7 -6 -6 -8 -8 -8 -8 -6 -4 -2 2 3 4 5 5 6 6 4 3 3 2 3 5 5 6 6 5 6 7 8 7 8 8 8 8 8 9 11 13 14 14 15 15 15 15
-126 -127 -129 -131 -132 -132 -134 -133 -130 -129 -127 -121 -116 -113 -109 -106 -101 -96 -90 -84 -79 -75 -71 -67 -64 -62 -59 -57 -55 -52 -50 -48 -46 -43 -40 -38 -36 -33 -30 -28 -25 -23 -21 -21 -19 -17 -15 -13 -11 -9 -8 -7 -6 -6 -7 -6 -6 -6 -6 -3 -1 3 3 4 5 5 6 4 3 5 5 4 4 6 6 6 7 6 7 7 8 8 9 10 9 8 9 10 12 13 14 15 16 16 16 16
-126 -127 -129 -129 -130 -131 -130 -129 -127 -124 -124 -120 -113 -108 -104 -100 -96 -91 -86 -80 -76 -71 -68 -64 -61 -58 -56 -54 -51 -50 -48 -46 -43 -42 -39 -36 -34 -31 -28 -26 -25 -23 -21 -21 -18 -17 -15 -14 -11 -9 -8 -7 -6 -5 -6 -4 -5 -4 -4 -3 -0 2 3 5 5 6 4 3 5 6 7 7 7 7 7 8 8 8 8 8 9 9 10 11 11 11 11 12 13 14 15 16 17 18 19 19
-124 -125 -126 -127 -127 -127 -127 -126 -123 -120 -118 -115 -110 -104 -100 -95 -91 -86 -82 -78 -72 -68 -65 -61 -58 -55 -53 -51 -49 -47 -45 -43 -41 -40 -37 -36 -32 -29 -27 -25 -25 -23 -22 -20 -19 -18 -16 -14 -11 -10 -8 -8 -7 -6 -5 -4 -4 -3 -4 -2 -1 0 2 3 4 5 4 6 6 7 8 8 9 9 9 10 11 11 10 10 10 10 11 12 13 14 14 14 15 15 15 16 18 19 20 21
-121 -123 -123 -123 -123 -123 -123 -122 -120 -117 -116 -113 -108 -103 -98 -92 -88 -83 -79 -74 -70 -65 -61 -58 -55 -52 -49 -48 -46 -45 -43 -41 -39 -38 -36 -34 -32 -29 -26 -24 -23 -22 -21 -19 -18 -16 -14 -12 -10 -9 -7 -7 -6 -5 -5 -4 -2 -2 -2 -0 1 2 3 3 4 5 6 7 8 8 9 10 11 11 12 12 13 13 12 11 11 11 12 13 14 15 15 16 15 15 15 16 17 18 20 20
-118 -119 -119 -119 -119 -119 -119 -119 -117 -115 -112 -109 -105 -100 -95 -90 -85 -80 -75 -71 -66 -62 -58 -54 -51 -48 -46 -45 -43 -42 -40 -39 -37 -37 -34 -33 -31 -29 -25 -23 -22 -20 -19 -17 -16 -14 -12 -10 -9 -8 -6 -6 -5 -5 -4 -3 -2 -1 -1 1 1 2 4 5 6 6 7 7 8 9 10 11 12 13 13 14 14 14 13 12 13 13 13 14 15 16 17 17 16 16 16 16 18 18 19 20
-114 -114 -115 -115 -115 -114 -115 -114 -113 -112 -109 -104 -100 -97 -92 -88 -82 -77 -72 -68 -63 -60 -55 -51 -48 -45 -43 -42 -40 -40 -39 -37 -36 -35 -32 -31 -30 -28 -25 -24 -22 -20 -17 -16 -14 -12 -10 -9 -7 -6 -5 -4 -3 -3 -3 -2 -1 0 0 0 1 2 4 6 7 8 8 8 10 11 11 12 12 13 14 14 14 13 14 13 13 14 15 15 16 17 18 18 19 19 17 17 19 20 21 22
-109 -110 -110 -110 -110 -109 -110 -109 -107 -106 -104 -100 -96 -93 -89 -83 -79 -74 -68 -64 -60 -55 -51 -47 -43 -42 -40 -39 -38 -37 -35 -35 -33 -32 -32 -31 -29 -27 -25 -22 -20 -18 -16 -15 -13 -12 -10 -8 -6 -5 -4 -3 -2 -2 -1 -0 1 1 1 0 1 3 5 6 8 9 9 10 10 11 11 13 13 14 14 16 15 15 15 14 15 16 17 16 17 18 19 19 20 20 20 19 19 20 22 24
-105 -106 -107 -106 -105 -104 -104 -103 -102 -100 -97 -94 -90 -86 -82 -77 -72 -68 -64 -59 -55 -50 -46 -42 -39 -38 -37 -36 -35 -33 -33 -33 -32 -31 -31 -29 -27 -26 -23 -20 -19 -17 -15 -13 -11 -10 -8 -7 -6 -5 -4 -3 -2 -0 0 1 2 2 2 3 4 5 7 7 9 10 11 11 11 13 13 14 14 14 13 15 16 17 16 16 17 18 18 16 17 18 18 19 19 21 21 20 20 21 23 25
