resultados/variables_proyeccion_tiempo/variables_paleo_21k/bio18.asc
ncols 330
nrows 228
xllcorner -12.000000
yllcorner 34.000000
cellsize 0.166667
NODATA_value -9999
[rows 126 to 167 of 228, columns 94 to 187 of 330]
208 210 209 210 206 205 210 218 222 227 230 233 231 238 243 242 242 241 246 247 247 251 250 249 253 249 246 266 252 238 224 224 230 222 244 242 225 230 216 217 228 214 205 200 213 228 234 232 231 228 221 222 219 224 234 240 249 261 265 268 262 250 249 247 250 253 244 244 258 284 297 291 296 305 299 282 274 268 268 262 259 257 257 257 258 259 261 263 268 267 267 267 265 268
210 209 212 214 218 213 218 221 227 232 237 239 244 258 260 266 258 247 243 243 237 238 238 235 232 240 249 232 234 219 209 214 221 224 233 222 224 224 228 213 216 245 243 224 223 229 231 228 236 234 226 229 226 232 245 252 260 268 279 290 287 269 254 244 242 242 241 250 262 288 310 341 344 322 311 315 303 282 276 268 265 261 260 259 259 262 264 267 271 272 272 274 270 276
206 211 216 220 223 222 226 231 235 238 246 248 266 280 305 310 284 266 255 248 238 228 232 228 229 236 235 219 206 202 198 206 222 249 229 220 221 241 247 220 205 214 240 256 248 249 236 244 243 242 236 233 242 249 259 273 277 292 283 259 241 244 237 236 234 232 234 239 245 260 278 293 306 308 312 306 304 303 281 274 271 267 261 263 264 264 266 269 271 274 275 277 277 280
202 209 215 225 226 228 231 234 243 250 251 253 274 288 299 304 292 275 259 249 253 228 210 206 218 206 194 199 208 210 196 197 210 232 231 223 232 260 233 202 202 207 215 232 249 251 254 255 246 247 237 242 268 289 295 305 285 262 242 235 232 231 223 221 221 229 231 231 238 249 258 272 283 285 284 302 314 285 289 289 267 265 267 268 265 264 266 275 276 278 281 282 282 284
205 213 222 230 236 241 239 238 246 247 246 260 277 272 270 267 266 252 249 244 236 215 205 204 204 207 202 206 227 210 197 197 202 213 220 220 223 224 205 201 203 207 210 215 220 223 236 250 250 243 249 249 249 252 250 249 274 256 237 237 240 237 225 220 219 221 225 228 233 239 248 255 262 264 268 283 317 301 305 323 313 302 300 280 272 272 272 271 278 283 284 289 287 287
203 212 223 236 241 240 237 245 244 251 268 255 254 248 240 244 234 229 224 219 211 208 215 218 200 204 199 188 191 196 202 200 206 217 228 220 208 202 202 202 206 209 215 216 228 230 227 232 253 258 244 239 232 252 273 268 266 256 252 248 243 239 234 226 224 228 231 231 233 237 242 248 250 254 258 265 277 288 300 298 314 345 310 294 280 276 276 276 286 291 294 295 292 290
194 205 217 234 248 248 250 254 260 264 265 258 246 231 220 213 208 205 202 196 207 218 208 215 201 177 180 182 184 196 207 207 207 218 231 213 204 204 201 197 208 218 218 219 236 235 236 232 245 248 251 240 252 260 259 263 260 256 248 244 247 240 234 235 234 241 245 246 250 246 243 255 257 253 258 257 268 266 275 260 277 300 303 299 285 282 284 281 285 293 299 302 305 305
181 193 207 218 226 228 228 237 245 253 255 247 235 218 210 209 203 200 205 217 232 220 205 195 188 191 190 190 190 201 224 221 224 219 222 212 213 204 202 204 218 221 220 221 225 238 240 241 240 237 239 243 265 258 250 250 248 244 243 252 262 264 252 243 243 246 252 252 254 260 262 264 273 277 280 270 265 263 259 250 245 259 293 300 296 291 282 285 297 304 321 352 354 346
174 181 189 195 203 214 223 228 227 232 234 231 224 216 207 203 202 206 220 218 219 217 208 200 200 202 197 193 197 205 229 238 240 234 232 226 218 215 212 218 220 224 226 223 225 234 242 243 238 241 238 246 258 263 255 251 250 249 258 260 277 268 260 255 262 266 264 268 265 263 266 263 268 274 279 270 264 251 258 258 241 242 263 282 278 276 292 310 330 361 349 374 374 392
171 171 177 187 195 201 209 217 225 224 222 220 219 217 206 194 202 200 201 205 210 210 203 204 205 212 213 197 203 212 231 232 234 231 226 227 228 231 232 233 234 236 232 232 229 236 249 256 247 243 242 246 256 264 277 262 267 263 271 272 271 269 264 264 268 269 267 280 279 275 277 269 267 264 260 252 246 235 258 257 237 237 243 257 281 285 305 333 350 348 344 364 384 395
171 172 175 183 190 200 201 209 216 218 219 210 208 204 201 194 197 201 199 205 210 209 208 213 218 221 214 204 210 216 225 227 226 222 223 229 236 240 240 243 246 245 246 246 241 247 254 263 259 249 245 250 257 262 267 278 295 308 299 285 283 276 271 274 271 273 270 278 279 285 278 277 266 256 246 245 229 219 231 232 236 244 246 251 268 287 300 316 317 305 307 343 376 363
173 177 178 179 186 194 199 204 210 216 213 214 203 204 200 196 200 206 204 206 206 214 215 216 216 217 208 211 218 226 230 234 228 227 239 247 241 243 246 251 253 254 258 259 266 266 268 268 270 261 250 264 278 284 292 295 324 332 352 352 328 309 294 282 281 285 277 279 285 288 272 269 260 250 240 226 218 209 210 224 236 250 242 248 260 275 287 272 276 299 336 308 328 342
176 178 172 176 181 190 197 199 204 212 212 212 206 208 200 199 202 203 204 204 209 215 213 210 210 209 212 218 237 242 246 242 235 231 238 251 254 251 255 266 262 259 276 278 282 281 280 278 274 271 268 268 272 277 286 309 324 326 351 367 363 352 347 320 296 297 291 287 294 285 275 263 255 244 227 218 212 210 216 224 231 237 245 260 270 263 251 270 294 298 291 295 351 347
171 170 175 181 184 184 188 195 204 212 216 211 210 205 208 206 205 205 205 210 213 219 208 207 207 212 219 250 280 286 270 261 256 246 247 249 253 276 279 281 280 277 280 283 286 282 281 282 285 290 293 295 299 299 299 300 304 318 313 334 365 375 360 344 333 326 323 306 301 293 286 270 259 237 222 214 210 219 221 226 236 248 256 259 242 242 254 233 251 242 272 301 276 255
164 167 172 177 182 184 188 194 203 213 217 219 217 214 215 211 209 210 213 219 237 253 217 207 213 222 243 310 301 288 277 269 266 260 270 291 291 290 282 278 279 284 290 296 301 301 306 309 312 313 313 317 323 328 332 331 328 326 320 333 364 359 369 375 353 363 366 343 321 308 292 273 253 236 226 221 221 220 226 232 246 251 250 243 223 231 220 215 226 262 234 233 222 220
168 169 174 178 180 184 189 199 208 215 222 225 222 228 221 220 221 219 223 232 262 268 236 213 223 241 271 301 303 290 280 278 292 310 318 324 307 290 284 290 298 306 313 316 323 330 331 331 328 327 338 343 350 356 361 365 366 355 348 360 370 362 357 376 356 349 357 362 355 335 300 268 243 232 222 214 215 216 224 232 254 264 241 222 212 209 205 213 210 225 222 231 214 236
173 178 173 178 184 192 199 208 211 216 224 228 230 231 230 233 233 236 246 248 272 264 215 222 240 278 289 303 305 299 306 324 340 334 330 319 308 304 307 314 321 328 335 338 346 349 350 352 352 355 363 367 367 375 385 391 394 394 400 402 388 373 352 340 332 325 326 331 328 302 288 274 253 240 233 226 207 210 218 226 247 232 217 206 198 193 189 186 186 184 187 187 191 194
174 175 179 185 191 198 202 205 214 223 230 230 238 238 242 246 256 259 282 310 310 245 212 236 264 295 343 362 331 315 336 349 344 335 332 339 339 340 336 340 344 351 356 365 367 374 378 379 381 381 380 383 398 406 414 428 441 459 466 460 431 406 387 368 354 347 334 326 314 306 301 293 288 278 259 232 213 212 216 218 216 209 200 191 184 177 173 172 175 170 170 170 171 166
170 178 186 194 194 197 203 210 220 227 233 233 236 236 242 246 263 281 294 317 318 233 220 243 291 359 386 379 339 334 341 341 343 355 364 363 368 374 366 367 376 376 385 390 383 392 395 403 402 392 388 400 413 430 444 453 480 496 507 501 484 471 445 422 409 397 380 378 370 369 358 336 331 303 271 235 222 220 211 208 204 197 188 179 172 166 162 162 165 163 164 185 168 165
178 183 188 194 200 205 211 218 225 228 228 233 239 243 247 254 259 270 295 291 260 235 236 263 342 376 400 381 350 349 337 338 339 347 374 383 398 395 394 387 389 388 398 405 398 397 404 416 422 424 412 434 442 462 479 486 498 528 537 542 550 541 517 482 468 432 421 413 419 402 394 390 369 323 272 254 232 217 205 200 195 189 179 168 162 159 156 155 161 159 161 170 159 158
181 190 195 200 204 209 215 219 216 217 222 232 239 248 261 265 264 272 275 268 265 263 266 270 308 342 359 356 364 362 362 366 372 374 383 404 418 412 412 397 407 403 405 430 422 421 428 431 440 442 429 438 449 475 486 503 518 530 545 551 551 543 531 505 479 472 445 447 440 421 400 373 379 363 308 286 250 225 208 199 192 185 175 167 162 158 155 156 162 161 159 165 152 155
192 200 206 206 205 212 222 220 207 210 220 231 246 262 268 273 282 287 290 299 300 313 307 330 352 365 372 381 396 395 402 419 416 426 436 428 432 422 426 404 427 412 414 420 422 419 443 439 425 420 430 445 456 469 477 497 511 512 528 542 545 529 524 525 509 494 472 438 406 391 387 392 361 341 303 284 260 226 209 200 194 185 176 170 168 165 161 161 161 155 154 154 149 148
198 216 227 219 212 212 219 214 199 208 219 236 251 266 285 293 306 318 326 342 357 354 350 347 344 369 401 424 419 429 422 431 460 477 471 432 439 444 448 442 435 426 388 393 415 403 401 424 441 427 456 453 455 463 469 478 488 502 518 526 527 528 520 504 485 464 435 421 432 394 384 369 342 314 290 268 251 226 212 205 197 188 182 183 190 180 166 153 151 152 149 148 147 145
203 217 233 215 210 217 222 205 203 209 222 238 252 275 296 309 330 340 357 355 338 306 315 329 373 408 419 438 443 470 498 513 490 507 466 471 470 419 440 456 415 384 404 410 449 422 398 441 446 453 468 482 478 471 482 477 480 488 493 500 499 501 492 477 457 472 439 445 391 372 361 353 333 315 292 273 252 232 221 213 202 194 188 190 186 169 153 151 149 149 149 148 147 145
204 218 223 216 225 218 209 203 207 214 225 238 260 291 313 322 341 353 328 295 298 307 323 345 385 435 471 467 500 497 537 565 547 555 512 441 439 449 464 461 404 398 460 445 422 412 377 417 434 410 454 460 452 439 453 448 455 459 465 471 478 481 466 443 420 445 429 424 420 367 352 348 337 322 302 281 261 246 232 220 211 206 193 188 175 159 151 152 152 150 152 150 147 146
211 217 218 221 218 218 210 208 214 218 227 247 275 293 320 334 337 294 299 302 311 344 385 340 399 446 485 513 566 556 568 567 532 496 459 468 460 483 444 409 414 369 448 423 384 348 380 366 376 375 400 413 421 422 421 420 430 434 440 441 452 453 421 403 378 403 390 398 416 361 353 341 331 316 301 286 267 253 242 230 220 209 196 184 178 172 165 159 156 154 155 151 148 147
216 222 219 220 225 219 216 215 216 221 235 262 276 307 332 344 297 280 298 319 342 406 411 430 458 506 574 562 576 555 565 553 559 531 498 466 489 457 440 412 393 356 339 330 307 307 332 343 400 406 410 415 399 404 409 410 411 419 427 433 428 411 391 370 372 369 378 375 378 375 368 348 327 314 297 282 268 259 249 238 227 212 204 193 188 179 171 167 163 159 156 152 150 149
224 222 222 226 231 228 226 216 220 224 248 262 280 309 323 276 260 267 293 300 377 412 464 495 526 555 520 536 555 523 529 497 525 506 489 479 474 486 429 398 366 433 370 314 290 292 311 356 394 378 387 373 376 389 387 390 397 406 414 420 421 420 401 403 411 408 401 386 361 379 371 339 318 307 298 286 275 260 250 241 232 221 211 201 193 184 177 173 172 163 158 154 153 154
236 230 231 235 248 246 224 219 223 228 247 264 293 307 261 259 294 330 365 318 378 376 359 405 455 454 503 476 501 484 476 483 471 467 420 436 430 391 352 319 338 360 312 304 282 288 311 342 361 359 348 355 362 369 378 385 390 393 398 398 398 396 394 365 357 370 372 358 343 333 330 321 318 309 301 286 276 266 253 244 234 226 216 210 203 196 188 187 185 173 162 159 160 158
254 241 232 242 254 242 219 226 229 232 248 285 285 262 270 277 290 302 358 428 330 413 481 508 516 537 496 390 446 446 426 451 455 425 408 394 379 364 344 320 323 352 277 288 279 285 304 315 313 324 329 340 350 366 375 372 375 372 360 362 368 368 365 357 346 342 344 343 342 328 328 312 295 288 285 279 275 266 258 249 237 229 221 214 204 199 196 194 183 176 167 163 161 159
259 251 237 245 252 233 222 227 228 229 253 280 266 255 258 294 332 334 360 451 459 472 485 489 509 501 426 408 374 365 400 420 422 403 392 373 355 330 310 292 306 280 272 266 272 278 291 297 300 304 310 316 325 337 342 342 340 334 320 316 330 342 351 341 341 337 332 320 314 306 295 290 280 289 282 269 262 258 254 251 245 235 225 216 207 199 192 189 182 175 169 165 163 163
264 249 229 232 248 243 224 218 224 231 234 250 238 248 281 294 293 340 422 424 399 343 371 362 406 428 373 334 328 324 346 367 366 348 334 320 308 299 280 282 272 266 257 265 268 271 273 276 275 275 280 282 289 299 306 308 306 299 288 280 296 308 328 329 333 336 325 315 303 303 306 294 271 261 258 256 256 256 255 249 246 244 235 223 212 203 195 188 183 178 173 168 166 165
248 273 230 226 246 242 224 221 234 240 244 236 253 247 274 261 297 353 353 418 436 437 438 411 330 335 284 272 275 280 289 302 302 288 273 263 256 252 251 256 253 242 246 253 257 259 257 255 251 249 248 247 252 264 272 275 274 267 258 253 256 291 302 305 332 325 313 304 304 270 269 258 255 255 253 250 250 251 257 250 248 250 259 247 227 210 200 193 187 182 176 172 170 169
236 253 242 233 246 254 221 226 238 248 251 249 264 273 257 295 349 337 400 422 435 396 348 297 262 243 243 237 238 241 247 256 257 243 231 226 223 222 225 231 233 231 232 230 228 231 235 235 229 226 222 217 223 234 241 244 244 241 237 240 252 256 284 287 284 306 298 293 282 262 253 248 249 246 245 247 246 245 246 247 251 259 260 241 233 224 210 201 193 187 181 178 176 175
244 233 226 241 262 244 218 217 233 246 239 252 256 260 349 324 318 380 374 390 407 351 271 250 239 226 215 212 213 216 221 224 222 214 204 197 194 197 203 210 213 214 215 214 211 210 209 208 207 204 202 201 204 209 216 219 218 217 214 216 232 239 234 246 218 244 280 297 278 255 244 240 241 236 242 249 249 243 241 242 244 244 239 236 225 219 214 205 198 194 189 187 185 183
231 219 243 250 253 238 217 206 214 220 259 276 232 308 317 375 379 379 353 340 296 267 235 233 226 209 195 192 193 195 199 201 198 193 182 172 169 173 181 189 195 198 198 197 195 192 189 186 185 184 184 185 189 192 196 198 199 197 194 195 204 217 214 211 216 220 220 255 259 257 245 236 231 232 236 235 233 241 244 253 247 240 233 230 224 213 210 208 204 201 198 194 191 190
239 231 253 253 232 223 218 194 217 256 275 268 247 285 343 382 377 328 337 366 317 236 208 205 195 180 166 166 172 178 184 189 196 203 189 164 152 157 165 173 178 182 183 183 181 177 172 167 167 169 170 171 174 179 181 183 183 182 180 179 179 185 185 188 201 194 204 220 245 238 250 245 223 224 225 224 227 233 231 243 251 243 236 232 223 220 218 221 214 211 208 203 199 195
236 244 248 235 221 208 190 193 207 220 242 264 263 270 278 323 352 296 326 343 318 225 187 180 171 158 146 150 160 166 175 187 205 220 198 190 183 164 159 164 168 170 171 170 168 166 161 156 155 156 157 159 163 166 168 170 171 171 169 168 167 168 170 174 184 179 185 220 251 226 232 241 237 223 240 235 237 228 229 237 242 241 236 231 224 221 220 229 229 234 228 218 209 201
249 232 225 194 182 194 180 186 204 225 231 242 246 263 234 257 274 276 328 358 305 243 188 166 156 147 156 150 153 168 182 185 199 204 203 194 175 166 173 167 165 167 164 163 160 157 154 150 149 149 150 150 152 157 160 162 162 161 161 160 159 159 160 163 168 168 168 174 218 215 208 221 224 231 216 228 237 237 221 237 239 238 233 235 225 221 224 235 230 239 245 241 226 208
244 213 183 166 170 173 166 174 192 204 211 225 212 215 214 219 258 289 291 313 283 233 177 158 149 144 152 144 150 163 154 155 162 164 170 170 172 164 180 172 167 166 168 165 163 159 156 150 146 145 145 145 148 152 153 154 155 155 154 153 153 153 153 154 156 158 157 157 158 187 210 200 204 216 207 216 228 239 229 226 228 223 236 243 239 229 222 231 234 237 239 239 226 233
201 180 164 156 159 153 150 153 164 189 202 211 204 185 209 231 239 283 302 281 271 260 214 207 218 200 170 159 133 128 125 -9999 133 130 132 137 140 135 144 166 173 170 168 164 162 163 161 154 147 144 144 147 149 149 150 149 149 149 149 149 148 147 147 147 147 148 146 145 143 144 148 169 176 188 199 207 217 222 230 227 214 220 226 235 223 218 232 244 241 249 248 243 232 231
176 160 148 149 148 144 136 134 142 176 195 201 198 179 178 184 213 231 237 228 218 247 271 220 219 175 147 134 117 -9999 -9999 -9999 -9999 -9999 -9999 132 148 135 132 152 147 157 162 162 160 159 158 158 154 149 146 148 148 148 146 144 145 146 146 145 144 142 141 140 140 139 136 137 136 133 134 139 152 149 159 173 206 214 218 223 232 228 198 219 225 212 214 228 244 240 250 259 252 244
