resultados/variables_proyeccion_tiempo/variables_paleo_21k/bio18.asc
ncols 330
nrows 228
xllcorner -12.000000
yllcorner 34.000000
cellsize 0.166667
NODATA_value -9999
[rows 84 to 125 of 228, columns 188 to 281 of 330]
103 100 98 96 97 98 99 101 101 102 103 105 105 106 109 112 115 116 117 119 120 122 124 125 127 130 134 138 141 144 148 151 151 151 150 148 148 150 153 157 161 165 168 172 172 171 170 170 170 170 170 170 170 172 173 172 173 172 172 170 169 167 166 165 164 163 162 160 159 157 155 154 153 153 154 155 157 156 156 158 162 163 163 164 160 158 154 151 149 151 152 154 154 153
105 104 103 102 102 103 104 104 105 107 109 111 112 114 116 119 121 124 126 128 129 130 131 135 136 138 141 144 147 150 154 156 157 158 157 156 157 158 160 164 167 170 173 175 176 178 181 179 179 178 177 176 175 175 175 175 174 174 173 172 171 170 170 169 168 166 165 164 162 160 158 158 156 155 156 157 158 158 158 160 165 167 166 165 162 159 156 154 153 154 155 157 157 156
108 107 108 107 106 107 108 109 113 114 115 117 119 121 125 128 132 136 139 139 138 138 139 142 145 147 149 152 154 157 161 163 165 165 164 164 164 166 168 171 174 176 178 180 182 185 187 187 186 183 182 180 178 179 178 178 178 177 177 177 179 177 174 171 169 169 167 166 165 163 162 160 160 160 160 160 161 161 161 164 166 167 167 165 164 163 160 158 157 157 158 160 159 158
111 111 114 112 109 109 112 117 119 121 122 123 127 131 135 139 142 146 150 150 150 150 151 151 153 156 158 161 163 164 168 170 171 171 171 172 173 176 181 184 184 185 185 186 187 191 191 189 188 188 186 184 183 182 182 181 181 181 182 185 185 182 178 174 174 172 170 169 168 166 165 164 163 164 163 163 163 164 166 170 170 170 168 167 167 166 164 163 163 163 162 162 162 161
114 115 117 114 113 117 120 123 125 128 130 132 136 139 143 148 152 155 159 162 163 161 161 162 162 164 167 169 171 172 175 176 177 178 180 182 186 191 194 196 196 194 192 192 193 193 192 192 192 191 189 188 186 186 185 185 185 185 184 185 184 180 178 177 176 174 173 172 170 169 168 167 167 166 167 168 171 173 173 172 171 170 169 169 169 168 168 169 168 167 166 164 163 163
118 120 122 121 122 124 128 131 134 136 138 141 145 149 154 157 161 165 169 172 172 172 173 173 172 174 176 179 182 182 182 183 184 187 189 194 197 199 202 205 204 201 199 198 197 196 195 196 196 195 192 191 190 190 189 188 187 188 186 184 183 182 181 180 179 177 176 174 173 172 170 169 170 171 172 175 177 176 175 174 174 174 172 171 170 171 171 171 170 171 169 167 166 165
124 125 127 128 130 131 136 139 141 144 148 152 156 160 165 169 170 174 179 181 182 182 182 182 182 184 187 189 191 190 189 189 190 191 193 196 199 203 207 210 210 208 202 202 201 200 199 200 199 198 196 195 195 194 193 192 191 190 191 194 194 191 187 185 183 181 179 177 176 174 173 175 178 180 180 179 178 177 177 176 175 174 174 173 172 174 174 173 173 172 171 170 169 168
132 134 135 136 137 140 144 147 150 153 159 163 166 170 175 177 180 184 188 191 192 192 191 191 190 192 194 196 196 196 196 195 194 196 197 199 201 204 208 210 208 208 207 206 205 204 204 204 203 202 201 200 199 198 197 196 194 195 198 198 198 198 195 192 188 183 182 180 179 178 177 178 180 181 180 182 180 179 179 178 177 178 178 177 175 176 175 175 174 174 174 173 171 169
139 140 142 144 146 148 152 156 159 163 169 173 176 182 188 189 190 194 197 200 200 200 199 198 197 198 200 200 201 201 201 200 200 200 201 203 205 207 208 210 211 211 211 211 210 210 209 210 210 208 207 204 203 202 200 200 200 200 201 200 200 199 198 194 191 186 184 183 183 182 180 183 184 182 182 183 183 182 181 180 180 180 180 180 178 177 177 176 177 178 177 175 174 172
146 148 150 153 156 159 162 166 169 173 178 182 185 190 198 201 201 202 204 206 207 207 206 205 205 205 206 206 206 205 204 204 204 204 206 208 210 212 213 214 215 215 215 215 216 216 215 215 213 212 211 210 207 206 205 204 204 203 203 201 202 201 200 198 194 190 188 186 185 184 185 187 186 183 183 183 183 183 183 182 182 182 182 182 181 180 179 178 179 178 178 178 176 175
154 157 161 163 166 169 172 174 177 181 186 190 194 198 204 210 212 213 213 213 213 213 213 212 212 212 212 212 212 210 209 208 207 208 210 211 213 216 218 220 219 219 219 220 221 221 220 218 218 218 216 214 211 210 209 209 208 206 206 205 204 202 203 201 198 196 193 191 190 189 190 187 187 186 185 184 183 183 183 182 182 182 183 182 182 183 182 180 180 179 178 178 177 177
164 168 171 172 174 178 180 182 185 188 194 199 205 209 217 223 225 227 226 224 223 222 220 219 218 218 218 218 217 216 214 213 212 213 215 217 218 220 222 224 224 224 223 224 224 224 224 222 221 219 218 216 214 213 212 212 210 210 209 208 206 205 204 202 200 198 196 194 193 191 191 189 188 187 186 186 185 184 184 184 182 182 184 185 184 184 183 182 182 181 181 180 181 180
174 177 179 180 183 186 188 191 193 196 202 208 214 220 226 231 236 238 236 234 232 229 228 226 225 225 224 223 222 221 220 219 218 219 220 221 223 226 226 228 230 230 228 228 229 227 226 224 222 221 219 217 216 216 215 214 213 213 212 211 209 208 207 204 203 202 199 196 195 194 192 192 190 189 188 187 186 185 184 184 185 185 185 186 186 186 186 185 184 183 182 182 183 183
182 184 186 188 190 193 196 198 200 203 209 215 223 231 237 239 242 245 245 244 239 238 236 234 233 232 231 229 227 226 225 224 224 224 225 226 227 230 229 232 234 234 233 234 233 231 227 225 223 221 220 218 217 216 217 216 215 215 214 213 212 210 209 208 208 205 202 199 197 195 194 193 191 190 190 188 188 187 186 186 187 188 188 188 188 188 187 186 185 185 184 184 182 183
190 192 194 196 199 201 204 206 208 211 216 223 231 238 244 247 249 251 252 249 248 246 242 242 240 239 237 234 231 230 229 229 228 228 229 231 233 232 236 239 239 239 237 236 235 232 229 228 225 224 222 222 220 220 219 219 218 217 216 214 213 212 212 212 210 207 204 201 199 197 195 194 193 192 192 190 190 189 189 187 188 189 189 189 189 188 187 188 187 186 185 185 185 185
198 200 202 205 209 212 215 216 218 220 225 232 241 247 250 252 253 253 253 251 249 248 248 246 245 244 241 238 236 235 235 233 231 232 234 236 239 239 242 242 242 243 240 238 237 234 231 228 226 224 224 224 224 223 222 222 221 220 218 217 215 213 213 212 211 208 205 203 200 198 195 195 194 192 192 191 191 192 193 192 190 189 190 190 190 188 188 191 190 190 189 188 187 187
206 208 212 215 219 222 225 227 228 230 233 240 248 252 254 256 255 253 252 251 250 250 250 250 249 247 244 242 241 240 240 237 235 238 240 242 243 244 245 245 245 248 244 241 239 236 234 231 228 228 229 229 229 229 227 225 224 222 220 218 217 216 214 212 211 209 208 206 203 201 198 195 194 192 192 193 194 194 192 191 191 191 192 191 190 189 190 191 191 190 190 189 189 189
213 217 221 225 228 231 234 237 239 239 240 247 252 255 257 259 258 256 256 254 253 252 253 252 251 250 248 248 247 245 243 242 244 243 245 247 249 248 248 248 250 252 249 247 244 241 239 236 235 233 234 232 232 232 231 229 227 224 222 220 219 217 214 213 211 210 210 208 205 202 199 198 195 194 192 192 193 193 194 192 191 192 192 192 190 190 191 190 192 191 190 189 188 188
220 224 230 237 243 246 248 249 249 247 248 253 256 258 260 262 261 259 258 256 255 255 255 255 255 254 253 252 250 249 249 248 247 248 250 252 253 252 251 252 251 249 251 250 248 244 243 241 239 238 237 235 234 233 232 232 229 228 224 222 220 218 216 214 212 209 207 205 203 202 199 197 195 193 193 193 194 194 192 192 191 191 192 191 190 190 191 191 191 190 189 189 189 188
226 231 238 244 250 254 257 259 258 257 257 258 260 261 263 264 263 262 261 259 257 256 256 256 256 258 257 256 254 255 256 254 256 254 256 256 256 256 259 256 253 251 251 250 249 247 246 243 241 240 239 238 237 235 233 233 231 233 228 224 222 222 219 216 214 210 207 204 202 200 198 195 195 194 193 194 193 192 192 191 193 193 194 194 192 191 190 189 189 188 189 190 190 189
233 237 246 251 255 259 261 264 264 263 261 261 262 263 263 264 264 263 262 261 263 260 259 259 260 261 260 258 257 258 262 261 260 260 260 259 263 264 262 261 257 253 252 252 249 250 248 245 244 242 241 243 240 236 234 235 233 232 229 226 224 223 221 218 214 211 206 204 202 199 197 196 195 195 194 194 193 193 193 193 194 195 194 194 191 190 189 190 189 189 190 190 189 188
246 250 255 260 268 272 275 271 270 267 265 264 265 265 267 269 266 267 269 270 272 271 265 262 263 262 260 260 260 264 261 263 262 260 261 262 264 265 265 264 261 261 256 252 251 249 249 248 247 247 245 246 241 238 236 235 235 231 230 227 226 224 220 217 213 208 205 203 201 200 198 197 196 195 193 193 192 193 193 194 194 195 193 193 192 191 189 190 189 189 189 189 189 189
258 269 264 267 272 275 278 275 272 269 266 266 267 268 270 269 271 274 273 271 272 268 267 265 266 265 262 261 261 261 261 263 264 264 263 264 265 265 265 264 264 262 260 259 255 254 254 250 252 253 248 245 240 238 236 235 234 231 230 228 225 222 219 216 212 206 204 201 199 197 195 195 194 193 192 193 192 192 193 193 195 195 193 192 191 189 187 188 187 186 187 187 187 188
260 266 269 272 272 275 275 276 277 275 271 270 270 271 269 269 270 268 270 267 265 262 260 260 261 261 259 258 258 258 260 262 264 265 264 265 265 263 261 261 259 258 256 260 259 259 259 256 254 253 250 244 241 238 236 235 234 231 230 228 226 222 218 214 211 206 202 200 198 197 194 195 194 192 192 191 191 192 193 193 194 194 193 190 188 187 185 185 184 184 184 185 185 186
266 273 276 277 277 279 279 281 278 277 276 274 273 269 268 268 267 265 264 262 261 258 257 257 258 256 254 253 255 256 258 260 262 263 263 264 263 260 260 259 258 257 256 256 257 261 260 258 254 250 249 245 243 239 237 236 234 232 230 228 226 222 218 215 210 203 200 198 197 195 194 193 193 190 190 189 191 191 192 193 194 193 190 191 187 184 182 183 182 182 181 183 183 182
270 273 274 276 276 279 279 278 276 276 274 271 269 267 265 264 264 263 260 258 257 255 254 254 254 255 253 249 249 252 255 260 262 262 263 263 262 262 264 262 258 256 257 258 258 260 258 256 253 249 246 242 240 238 237 237 235 233 231 229 227 223 218 215 209 203 201 198 196 194 193 192 191 189 189 188 189 189 190 190 191 191 187 186 186 182 179 178 177 177 178 179 181 181
268 271 274 282 280 282 279 277 275 273 271 268 267 265 262 263 264 262 259 256 254 253 253 257 254 254 252 249 246 248 253 258 262 262 261 262 263 264 270 268 261 257 256 256 256 256 254 252 251 247 245 242 238 237 237 237 236 234 232 230 228 223 219 215 209 204 201 198 197 194 193 190 190 187 188 187 188 188 188 187 187 186 185 184 182 179 175 175 174 174 174 176 179 179
267 270 273 278 279 280 278 274 270 267 265 263 261 260 259 260 260 261 257 255 257 256 254 255 253 253 252 247 246 249 251 254 257 259 261 265 268 265 267 266 261 258 257 258 255 255 252 251 250 247 245 242 240 238 237 238 236 234 233 231 229 225 220 215 211 206 203 199 197 194 191 190 189 188 187 185 185 184 184 183 183 183 182 181 179 177 174 172 169 169 170 173 175 176
265 268 272 272 273 273 273 269 267 262 259 258 257 256 255 256 257 258 254 253 253 252 254 251 251 252 251 250 253 252 255 260 257 260 262 264 269 267 265 263 261 259 258 257 256 256 254 252 251 248 246 244 241 240 238 238 238 236 235 233 231 226 221 217 212 208 204 201 197 194 192 190 187 185 184 182 183 181 182 181 180 180 179 178 176 174 172 170 168 167 167 170 172 173
266 268 269 269 267 265 265 263 262 258 255 253 252 252 252 254 256 253 254 254 253 251 251 252 252 251 252 251 253 254 256 261 262 262 266 266 266 266 264 260 258 258 259 258 257 256 254 251 250 247 245 244 242 242 240 239 238 237 236 234 231 227 222 218 213 209 205 203 198 194 192 189 186 183 182 181 181 180 180 179 179 178 178 176 174 171 170 168 166 166 167 169 170 171
264 264 263 262 262 260 260 257 254 251 249 249 248 249 251 251 254 253 255 254 254 252 252 251 251 251 251 251 254 255 257 258 259 260 263 264 264 261 262 258 258 257 258 256 255 253 252 250 250 248 246 244 243 243 240 239 238 238 236 234 230 227 223 219 214 211 206 203 199 195 192 188 184 182 181 178 178 178 178 178 178 177 176 174 171 170 168 167 165 166 168 167 168 169
260 259 261 260 258 256 253 251 248 246 243 243 244 247 248 249 249 251 252 252 253 253 254 252 253 253 253 253 253 253 255 255 258 259 260 261 259 259 258 257 256 256 255 255 254 253 252 250 249 248 246 244 243 242 241 240 239 238 236 234 231 228 224 220 215 212 207 204 199 194 191 187 184 180 178 177 178 177 176 177 176 175 174 172 170 169 168 167 164 166 166 167 167 169
254 254 256 258 257 254 252 247 244 241 238 240 242 243 245 248 250 251 250 252 255 256 256 255 255 253 252 254 253 252 252 254 254 255 257 256 257 256 256 256 255 255 255 254 253 252 252 251 249 248 246 246 244 243 242 239 239 237 236 234 231 228 225 221 217 212 208 204 200 196 192 187 183 179 177 176 178 176 175 175 175 172 171 169 170 168 167 165 165 166 166 166 167 168
255 254 251 250 251 251 248 243 239 235 235 238 240 244 247 248 251 253 253 252 254 256 258 256 254 252 252 250 250 250 250 250 251 252 252 253 253 253 254 254 254 254 253 254 253 252 251 251 249 249 247 246 245 244 242 240 238 236 235 233 232 229 226 223 218 213 208 204 200 196 192 187 183 179 177 176 177 175 174 174 174 172 171 169 168 167 166 166 166 166 165 166 167 167
255 252 251 251 250 248 247 243 241 240 237 240 243 248 252 250 250 251 253 255 255 257 256 253 250 249 249 247 247 246 247 248 249 249 251 251 251 252 252 253 252 252 252 252 252 252 251 250 250 248 247 246 245 243 241 240 238 236 234 233 231 229 226 222 218 212 209 204 200 196 192 189 184 181 178 176 175 175 173 173 173 173 172 170 168 167 166 167 168 166 165 166 166 167
253 253 252 252 251 251 250 249 247 244 242 241 245 248 250 250 252 252 252 253 254 256 256 251 246 243 244 243 242 243 244 244 245 246 246 247 248 248 249 250 250 250 251 250 251 251 251 250 249 248 247 246 244 244 241 239 238 237 234 232 230 227 225 222 218 213 210 205 200 197 193 190 186 183 179 176 174 174 174 172 172 173 172 169 168 168 168 168 168 168 167 166 167 165
259 260 260 261 258 256 260 260 257 250 248 245 246 249 252 253 252 252 251 251 251 252 251 245 239 235 236 238 239 239 241 242 243 243 245 244 244 245 245 246 247 248 250 250 251 251 251 250 249 249 248 247 245 243 241 240 239 237 235 233 230 226 223 220 216 212 209 205 201 197 194 191 187 184 181 176 175 175 175 173 173 173 171 170 168 169 169 168 168 169 168 167 168 165
263 268 268 266 263 260 260 260 257 254 250 248 246 248 252 252 253 251 249 248 247 246 243 237 231 227 229 232 234 237 239 240 241 241 241 242 242 242 243 243 245 247 249 249 250 251 251 251 250 250 249 248 246 244 242 240 237 235 233 231 227 224 221 218 215 211 207 203 201 198 195 191 187 184 181 178 176 175 175 174 173 174 171 170 170 170 170 170 169 168 168 168 166 165
265 267 266 265 265 264 261 259 259 256 255 254 252 248 248 248 249 248 246 246 244 241 237 231 223 218 223 227 231 233 236 238 239 239 239 239 238 239 239 241 243 245 247 248 249 250 251 252 251 250 250 248 246 244 242 240 237 234 232 230 226 224 220 216 213 210 206 203 202 199 195 192 187 183 182 180 177 175 174 173 172 172 171 170 171 171 171 170 169 169 169 168 167 166
266 267 267 267 269 268 269 269 263 262 260 257 256 254 251 248 250 249 248 246 242 239 234 227 220 217 220 225 229 232 235 236 237 237 236 235 235 236 237 238 240 243 245 247 249 250 252 252 252 252 251 249 248 249 245 242 238 235 232 229 227 223 219 216 211 208 204 201 200 198 195 191 187 183 181 179 176 175 174 173 172 171 172 172 172 172 170 170 170 170 170 170 168 167
267 268 270 270 271 274 276 282 276 268 265 261 257 254 250 249 252 252 252 246 243 238 233 229 223 221 221 226 230 232 235 236 236 235 233 231 232 232 233 235 237 240 243 246 249 252 254 254 254 253 252 250 248 247 243 240 236 232 229 226 224 220 218 214 211 207 203 200 199 196 192 190 187 184 181 178 177 176 175 175 175 174 172 172 172 171 171 170 170 170 171 171 170 170
268 273 274 274 278 279 283 287 287 279 271 266 261 256 250 251 252 253 251 249 247 241 236 233 230 226 225 227 229 232 233 234 234 232 230 228 227 227 229 230 234 237 241 245 248 252 254 255 255 254 253 250 248 245 242 239 234 231 229 226 224 220 217 212 210 206 201 199 197 194 191 188 186 184 181 179 177 176 176 175 174 174 174 174 174 173 172 172 172 171 171 172 172 172
