resultados/variables_proyeccion_tiempo/variables_paleo_21k/bio17.asc
ncols 330
nrows 228
xllcorner -12.000000
yllcorner 34.000000
cellsize 0.166667
NODATA_value -9999
[rows 135 to 179 of 228, columns 192 to 287 of 330]
112 105 102 119 117 130 131 124 118 116 118 121 116 111 108 111 111 108 105 104 104 104 106 105 104 101 98 96 94 92 91 89 86 85 86 86 88 89 91 94 96 98 98 97 95 94 92 92 91 92 93 94 95 96 97 98 99 99 101 103 104 104 105 104 104 101 98 96 94 94 94 95 95 96 98 101 102 103 104 104 104 103 102 102 104 103 103 101 101 101 101 100 99 98 98 98
195 163 98 109 113 118 125 112 105 105 110 115 123 128 123 121 119 116 119 118 116 111 107 106 103 100 96 92 89 90 88 88 86 85 85 86 88 90 91 92 95 96 96 95 94 93 92 90 90 92 94 96 97 97 97 99 100 101 102 104 105 105 105 104 103 101 100 97 96 96 94 94 95 95 96 98 99 100 101 102 102 101 101 102 103 103 103 103 103 103 102 101 101 101 101 101
150 96 82 106 109 111 103 101 101 101 104 109 115 123 130 132 133 127 124 131 125 117 113 108 106 102 96 92 88 87 87 88 87 87 86 87 87 88 91 91 93 92 91 92 91 90 90 88 88 89 92 95 97 97 98 98 99 102 103 104 105 106 105 104 103 100 99 99 97 95 95 93 94 95 96 97 98 100 100 100 99 99 99 101 103 102 102 102 102 102 102 101 101 101 102 103
146 114 93 86 94 99 99 92 113 101 100 108 120 124 119 123 129 134 129 131 127 132 125 115 108 103 99 93 88 87 86 87 88 88 87 87 88 88 88 89 89 90 89 89 89 89 88 88 87 89 92 94 95 96 98 100 99 101 104 105 106 107 106 103 102 101 100 99 98 96 94 92 92 92 95 97 99 99 99 100 100 99 99 99 100 100 101 101 103 103 104 105 105 104 104 105
99 99 82 100 99 98 99 87 93 105 98 105 111 119 125 121 127 128 126 132 131 133 134 132 120 111 102 94 90 87 87 85 86 86 86 86 86 85 85 85 87 87 86 87 86 87 87 87 88 89 92 94 95 97 98 99 100 102 103 105 106 106 105 103 102 100 100 98 96 94 92 91 90 89 92 95 96 97 97 99 99 99 98 97 98 99 100 102 103 104 104 105 104 105 106 106
82 74 76 77 81 77 78 81 96 95 97 104 110 115 118 120 124 121 124 133 127 132 136 138 133 123 112 101 95 90 86 85 84 84 85 84 83 83 82 82 82 83 83 84 84 85 86 87 88 89 92 94 97 97 98 98 100 101 102 104 105 105 104 102 100 99 98 97 96 94 93 90 86 84 88 92 94 95 96 96 97 97 96 97 99 101 101 101 101 102 102 102 103 104 104 104
75 71 72 71 71 74 79 86 97 94 99 103 108 111 111 110 110 117 124 119 127 126 133 132 130 127 125 110 104 93 88 84 82 83 83 85 85 82 80 78 79 81 82 83 84 84 85 86 86 88 91 94 96 98 99 100 100 101 101 103 104 104 103 100 98 96 95 95 95 95 93 90 87 84 86 90 93 94 94 94 94 95 95 95 98 100 101 103 103 105 104 106 106 108 107 105
75 71 71 70 69 72 78 86 90 91 96 100 105 108 108 107 107 107 110 119 118 123 124 123 130 126 118 118 115 103 94 88 85 84 83 81 78 76 75 75 75 76 79 80 82 84 84 86 86 87 89 92 95 98 99 100 100 101 102 102 102 102 100 98 96 94 94 94 95 95 94 93 90 88 88 90 92 93 93 93 93 94 94 95 96 97 102 103 104 106 106 105 106 107 107 108
78 77 85 86 72 72 77 81 88 91 94 98 102 104 104 103 103 104 108 118 118 120 119 116 116 115 119 128 112 102 99 98 90 82 79 78 76 74 72 72 72 73 75 78 79 81 84 85 86 90 89 90 93 97 98 100 100 100 101 101 101 100 98 96 94 92 93 94 94 95 95 94 92 91 90 90 91 90 91 92 93 92 93 94 96 99 103 103 104 104 103 103 104 105 106 107
82 75 75 74 71 73 76 80 86 89 92 96 99 100 100 99 98 99 104 113 123 126 121 114 111 115 121 121 120 110 104 101 94 85 76 71 71 70 69 69 70 71 73 74 78 80 82 84 86 88 92 94 94 96 97 99 100 100 99 100 99 99 98 96 94 94 93 93 94 93 94 94 94 92 90 89 89 90 91 91 91 91 91 94 96 98 101 102 102 102 100 100 101 103 105 106
74 72 72 71 72 74 76 80 84 87 90 94 97 97 97 96 95 95 102 110 123 124 120 114 109 105 105 110 115 120 111 103 96 90 81 65 66 68 67 66 67 68 70 72 75 79 82 84 86 89 90 94 96 95 95 97 98 99 99 99 99 99 98 97 95 94 93 92 92 93 93 93 92 92 89 89 89 90 90 89 90 90 92 93 94 96 98 100 101 101 99 99 100 102 104 106
73 72 72 72 73 74 77 80 82 86 88 92 94 95 94 94 93 97 104 108 115 122 117 111 110 110 105 117 117 120 110 102 95 84 81 70 65 64 64 65 66 66 68 71 73 77 81 84 86 88 89 90 93 95 95 95 96 98 98 99 99 97 97 96 95 94 93 92 92 93 93 93 91 90 89 89 90 89 89 88 88 91 92 92 91 93 96 98 99 99 98 98 100 102 103 105
74 73 73 73 74 76 78 80 82 83 87 91 92 94 94 95 94 96 98 101 108 109 107 104 102 102 99 104 99 99 102 98 98 95 83 77 67 62 63 63 65 64 66 69 73 76 80 84 87 89 90 90 90 93 93 95 97 98 99 99 97 96 96 95 96 94 94 93 93 92 92 92 91 89 90 90 89 88 87 87 89 90 90 90 90 93 96 98 98 98 98 98 99 101 103 105
76 74 74 75 75 77 79 81 83 84 88 92 94 94 95 94 93 93 94 94 97 97 96 95 94 92 93 92 95 98 101 103 99 97 87 86 76 66 61 60 60 62 63 68 72 77 80 84 89 89 89 90 91 93 93 94 96 98 97 97 96 96 96 96 95 94 95 95 94 93 91 91 90 89 90 89 88 86 86 87 88 88 88 88 92 94 96 97 97 98 98 100 100 102 103 105
76 75 75 76 76 78 80 81 83 86 90 94 95 95 100 100 97 94 93 88 88 87 86 85 88 87 88 88 98 103 105 111 97 95 93 77 77 72 61 58 57 58 63 68 73 78 82 82 85 88 90 90 91 92 93 94 94 96 96 96 95 95 95 96 96 95 95 94 93 92 91 89 89 90 90 88 87 85 85 87 87 86 86 88 91 92 94 95 96 97 98 99 100 100 102 105
76 76 76 76 78 79 81 82 84 88 91 95 96 98 104 101 103 97 90 85 81 78 75 78 80 82 82 83 83 86 91 92 83 90 86 84 74 69 60 58 56 55 64 69 73 79 82 85 83 86 88 91 90 92 93 93 93 93 95 94 95 95 94 95 96 94 93 93 92 91 90 89 90 89 88 88 85 84 86 86 85 84 84 87 89 90 92 93 96 97 97 98 98 100 102 104
78 76 76 77 78 81 81 83 85 88 90 92 92 92 95 115 127 108 102 92 78 75 71 73 75 77 78 78 77 79 92 100 81 85 97 88 88 82 66 58 59 58 66 70 73 77 81 84 84 85 88 90 91 92 92 93 92 92 92 92 94 94 94 94 95 94 93 92 90 90 90 89 89 88 87 86 84 83 84 83 83 83 83 85 86 88 90 92 94 96 95 96 98 99 101 102
79 77 76 78 80 81 82 84 86 88 90 91 98 105 94 104 126 121 124 118 91 77 71 70 72 73 75 74 74 76 79 91 92 87 80 90 90 88 77 63 62 61 67 72 75 79 81 84 85 84 87 89 90 91 92 92 94 95 93 90 91 93 95 94 94 92 91 90 90 89 89 88 87 87 85 85 82 83 83 82 82 82 82 83 85 87 88 90 92 95 95 96 97 98 98 99
77 76 76 78 81 83 84 86 88 89 90 92 92 99 101 102 120 107 108 105 90 81 70 69 71 72 72 72 72 73 75 80 78 99 76 86 93 84 72 68 66 66 69 73 77 79 81 83 84 84 88 89 89 89 91 92 94 93 94 92 89 90 93 94 93 92 90 89 89 89 88 87 87 86 84 84 82 83 82 81 80 81 82 83 84 86 87 89 92 94 95 95 96 96 95 95
75 76 77 80 83 85 86 88 90 92 98 96 99 97 98 92 97 98 99 105 95 77 70 70 71 71 72 73 73 73 74 73 75 80 92 77 86 96 82 70 67 70 70 74 76 78 80 83 82 85 88 88 89 90 91 91 92 91 90 90 90 88 91 92 91 90 90 89 89 89 87 86 86 85 84 83 82 83 81 80 80 80 82 84 85 85 86 88 91 93 94 94 94 95 94 93
79 79 80 82 85 88 90 91 93 95 97 97 97 99 97 99 94 93 94 92 86 74 74 72 72 73 74 76 76 77 76 72 73 71 78 87 81 82 92 86 76 76 74 73 74 77 82 84 81 86 88 87 89 90 90 89 88 87 87 86 87 88 88 89 89 89 88 88 88 88 87 86 85 84 84 82 81 82 80 79 80 81 82 85 86 86 87 88 89 92 93 94 93 93 92 92
83 83 83 85 88 90 93 95 96 98 98 98 97 96 97 94 93 87 89 83 81 79 77 76 75 77 76 76 77 77 74 73 81 74 81 80 76 89 105 94 80 79 75 73 74 77 81 81 82 86 88 88 90 90 88 87 86 84 84 83 84 84 84 85 86 87 86 86 86 86 85 84 84 83 82 81 80 82 81 80 81 83 85 87 89 88 87 89 90 91 92 92 91 91 91 91
88 88 88 89 91 93 95 97 98 98 97 98 99 106 115 119 106 91 89 96 105 105 107 94 81 77 77 79 81 79 80 80 79 73 76 84 87 106 120 107 88 83 75 73 73 76 79 83 82 87 89 89 90 88 87 84 82 80 79 78 78 79 80 82 84 85 85 84 84 83 83 83 82 82 81 79 79 82 83 84 86 88 90 93 94 92 90 91 92 93 93 93 93 91 91 91
95 94 93 94 95 97 98 99 100 101 102 101 101 113 116 118 108 98 102 116 134 133 141 133 120 94 115 133 142 136 124 109 90 105 103 111 106 109 113 108 94 84 77 73 75 77 80 82 82 86 88 89 90 89 86 82 78 75 73 72 73 75 78 80 82 82 83 83 83 83 82 82 80 77 76 77 78 83 86 88 90 93 97 100 100 98 95 96 96 96 95 94 94 93 92 91
101 100 99 100 100 101 102 103 104 105 108 107 108 105 123 142 144 148 125 113 115 145 142 120 112 96 104 114 119 127 120 121 140 129 127 122 111 100 96 91 87 85 78 77 78 78 79 80 81 83 86 88 91 89 85 79 73 69 67 68 70 73 76 79 80 81 81 82 82 82 81 81 76 -9999 74 82 83 83 85 88 92 95 99 103 104 102 100 100 100 99 97 95 94 93 91 90
108 107 106 106 107 106 106 106 107 110 113 118 134 121 130 164 154 144 129 126 115 124 124 126 118 100 97 96 98 98 100 115 118 112 108 101 95 93 91 86 83 82 80 80 79 79 79 80 81 86 87 87 89 88 83 76 69 63 61 64 68 72 75 77 79 80 80 81 81 80 81 80 79 77 77 78 78 78 81 86 89 92 98 104 106 106 106 105 105 102 99 97 95 95 95 94
115 115 114 113 113 112 110 109 111 109 120 131 144 123 134 141 121 114 105 100 99 99 99 99 95 92 92 95 95 94 97 97 96 95 95 92 90 90 91 88 84 84 82 81 81 80 79 80 80 85 90 90 89 87 81 74 68 62 60 63 67 71 74 76 78 80 80 80 80 79 80 81 80 78 77 77 76 77 78 81 83 89 96 103 109 112 113 112 115 113 111 104 99 97 98 96
122 121 118 118 117 116 116 114 113 116 123 127 123 130 124 125 116 107 103 101 101 100 101 100 98 94 97 98 96 95 96 96 94 94 94 93 92 91 90 88 87 86 84 83 82 81 81 80 82 87 93 89 86 82 79 74 70 66 64 65 69 72 75 77 78 78 78 79 79 78 78 79 79 77 76 76 76 76 78 78 80 86 95 102 112 119 129 127 121 118 115 102 97 97 96 94
128 123 122 124 122 120 118 117 118 117 126 124 132 131 116 117 113 110 109 107 105 105 106 103 103 99 101 101 100 99 98 98 98 98 98 98 97 96 94 92 90 88 86 84 83 82 82 83 85 88 92 88 84 81 78 75 72 70 69 69 72 74 76 78 78 77 76 80 79 77 77 76 -9999 -9999 -9999 75 76 77 78 79 79 89 99 111 120 133 126 109 105 103 100 99 96 92 94 92
134 131 130 131 130 125 120 119 120 120 124 124 126 123 121 111 112 115 113 111 108 107 107 106 105 102 103 102 101 100 100 100 100 101 102 102 103 101 98 95 93 90 88 86 85 86 86 84 86 88 87 87 83 81 77 76 74 73 73 74 76 77 79 80 80 80 79 78 -9999 -9999 -9999 -9999 -9999 -9999 -9999 -9999 -9999 78 80 80 85 94 108 122 134 139 108 -9999 -9999 -9999 -9999 -9999 -9999 -9999 -9999 -9999
142 140 139 136 131 128 125 124 124 129 129 130 125 124 117 112 112 114 116 116 113 110 110 110 108 106 105 105 103 103 102 102 102 103 105 107 108 105 101 98 95 92 91 90 88 87 87 85 85 87 87 84 82 80 79 78 78 78 78 79 79 80 82 83 83 83 81 -9999 -9999 -9999 -9999 -9999 -9999 -9999 -9999 -9999 -9999 -9999 76 80 84 94 107 121 116 100 -9999 -9999 -9999 -9999 -9999 -9999 -9999 -9999 -9999 -9999
149 147 144 140 136 132 127 126 127 131 132 136 131 129 122 116 116 116 118 119 118 116 114 113 113 111 109 109 107 106 106 106 106 107 108 109 109 107 104 101 99 96 94 91 89 88 88 88 88 87 86 84 83 83 82 82 82 82 83 83 83 84 84 84 84 84 -9999 -9999 -9999 -9999 -9999 -9999 -9999 -9999 -9999 -9999 -9999 -9999 -9999 -9999 -9999 88 93 95 97 -9999 -9999 -9999 -9999 -9999 -9999 -9999 -9999 -9999 -9999 -9999
157 153 148 148 140 134 131 129 130 138 150 143 131 127 123 120 118 115 113 113 113 113 115 113 115 114 111 109 109 108 108 108 109 109 111 111 111 109 106 104 102 100 97 95 93 93 94 93 92 92 90 88 86 86 86 86 87 88 87 87 87 87 88 88 89 86 -9999 -9999 -9999 -9999 -9999 -9999 -9999 -9999 -9999 -9999 -9999 -9999 -9999 -9999 -9999 -9999 -9999 -9999 -9999 -9999 -9999 -9999 -9999 -9999 -9999 -9999 -9999 -9999 -9999 -9999
164 159 153 148 141 142 138 132 129 136 145 133 126 123 125 124 120 113 111 110 111 112 113 113 114 114 113 110 110 109 109 109 109 110 111 110 110 110 109 108 106 104 102 102 99 98 99 98 97 95 94 93 90 89 90 91 92 92 93 93 92 92 90 -9999 -9999 -9999 -9999 -9999 -9999 -9999 -9999 -9999 -9999 -9999 -9999 -9999 -9999 -9999 -9999 -9999 -9999 -9999 -9999 -9999 -9999 -9999 -9999 -9999 -9999 -9999 -9999 -9999 -9999 -9999 -9999 -9999
174 169 161 149 144 147 140 136 130 134 137 138 136 129 133 127 125 119 114 116 116 117 116 116 114 114 114 113 111 110 109 109 109 109 110 112 115 114 114 114 112 110 108 106 104 103 103 103 102 101 99 96 93 93 94 95 96 95 97 92 95 94 92 -9999 -9999 -9999 -9999 -9999 -9999 -9999 -9999 -9999 -9999 -9999 -9999 -9999 -9999 -9999 -9999 -9999 -9999 -9999 -9999 -9999 -9999 -9999 -9999 -9999 -9999 -9999 -9999 -9999 -9999 -9999 -9999 -9999
184 180 179 169 164 151 141 138 136 132 134 141 137 128 137 135 129 125 121 120 120 120 119 120 119 117 117 115 115 115 113 111 111 111 115 116 116 118 118 118 118 116 114 111 108 107 108 108 108 107 105 101 99 98 98 97 97 92 93 93 -9999 -9999 -9999 -9999 -9999 -9999 -9999 -9999 -9999 -9999 -9999 -9999 -9999 -9999 -9999 -9999 -9999 -9999 -9999 -9999 -9999 -9999 -9999 -9999 -9999 -9999 -9999 -9999 -9999 -9999 -9999 -9999 -9999 -9999 -9999 -9999
200 198 192 176 178 171 151 146 151 139 131 132 132 134 132 148 148 134 128 125 126 128 126 122 119 117 116 117 118 114 114 115 113 112 115 119 121 119 120 120 121 119 115 115 113 112 114 113 110 109 109 106 104 103 100 98 -9999 -9999 -9999 -9999 -9999 -9999 -9999 -9999 -9999 -9999 -9999 -9999 -9999 -9999 -9999 -9999 -9999 -9999 -9999 -9999 -9999 -9999 -9999 -9999 -9999 -9999 -9999 -9999 -9999 -9999 -9999 -9999 -9999 -9999 -9999 -9999 -9999 -9999 -9999 -9999
217 211 204 186 187 183 164 150 141 137 129 128 130 132 130 133 148 144 138 133 137 139 135 129 121 120 119 121 118 117 118 116 116 113 116 118 121 123 124 119 116 116 113 113 111 111 113 114 108 107 108 107 106 104 -9999 -9999 -9999 -9999 -9999 -9999 -9999 -9999 -9999 -9999 -9999 -9999 -9999 -9999 -9999 -9999 -9999 -9999 -9999 -9999 -9999 -9999 -9999 -9999 -9999 -9999 -9999 -9999 -9999 -9999 -9999 -9999 -9999 -9999 -9999 -9999 -9999 -9999 -9999 -9999 -9999 -9999
230 223 211 202 189 189 179 154 150 142 129 125 130 136 130 127 130 134 143 144 137 138 133 129 127 122 122 123 121 124 120 122 122 118 117 118 126 131 132 126 123 120 117 114 111 110 113 112 109 108 108 107 104 -9999 -9999 -9999 -9999 -9999 -9999 -9999 -9999 -9999 -9999 -9999 -9999 -9999 -9999 -9999 -9999 -9999 -9999 -9999 -9999 -9999 -9999 -9999 -9999 -9999 -9999 -9999 -9999 -9999 -9999 -9999 -9999 -9999 -9999 -9999 -9999 -9999 -9999 -9999 -9999 -9999 -9999 -9999
230 222 217 208 191 182 175 158 156 141 130 125 123 132 132 132 127 124 124 127 130 136 128 131 130 133 134 128 124 125 123 126 128 126 129 130 134 137 139 138 133 128 125 122 122 122 116 113 110 107 106 104 -9999 -9999 -9999 -9999 -9999 -9999 -9999 -9999 -9999 -9999 -9999 -9999 -9999 -9999 -9999 -9999 -9999 -9999 -9999 -9999 -9999 -9999 -9999 -9999 -9999 -9999 -9999 -9999 -9999 -9999 -9999 -9999 -9999 -9999 -9999 -9999 -9999 -9999 -9999 -9999 -9999 -9999 -9999 -9999
231 223 196 188 183 173 162 161 155 144 138 135 124 134 133 127 127 122 118 112 114 123 129 135 138 142 145 136 146 151 149 139 142 138 137 140 139 140 138 134 129 126 127 124 123 118 117 111 106 104 102 -9999 -9999 -9999 -9999 -9999 -9999 -9999 -9999 -9999 -9999 -9999 -9999 -9999 -9999 -9999 -9999 -9999 -9999 -9999 -9999 -9999 -9999 -9999 -9999 -9999 -9999 -9999 -9999 -9999 -9999 -9999 -9999 -9999 -9999 -9999 -9999 -9999 -9999 -9999 -9999 -9999 -9999 -9999 -9999 -9999
234 205 179 174 174 168 156 155 149 136 135 126 122 133 129 122 120 116 119 129 118 120 124 127 128 134 135 128 120 125 129 126 123 125 125 123 123 122 123 124 124 122 120 114 113 110 106 103 101 99 97 -9999 -9999 -9999 -9999 -9999 -9999 -9999 -9999 -9999 -9999 -9999 -9999 -9999 -9999 -9999 -9999 -9999 -9999 -9999 -9999 -9999 -9999 -9999 -9999 -9999 -9999 -9999 -9999 -9999 -9999 -9999 -9999 -9999 -9999 -9999 -9999 -9999 -9999 -9999 -9999 -9999 -9999 -9999 -9999 -9999
203 185 169 165 163 165 153 145 136 131 122 120 122 126 122 117 116 114 113 121 123 122 121 121 118 117 114 112 113 116 120 123 120 118 115 114 117 117 117 119 121 114 109 106 106 105 102 97 96 95 94 -9999 -9999 -9999 -9999 -9999 -9999 -9999 -9999 -9999 -9999 -9999 -9999 -9999 -9999 -9999 -9999 -9999 -9999 -9999 -9999 -9999 -9999 -9999 -9999 -9999 -9999 -9999 -9999 -9999 -9999 -9999 -9999 -9999 -9999 -9999 -9999 -9999 -9999 -9999 -9999 -9999 -9999 -9999 -9999 -9999
180 171 172 162 155 173 167 142 142 129 117 116 118 116 117 121 110 110 110 122 127 128 126 118 110 107 106 107 108 109 110 111 112 111 110 109 109 111 110 109 112 111 108 107 105 102 98 94 92 92 92 -9999 -9999 -9999 -9999 -9999 -9999 -9999 -9999 -9999 -9999 -9999 -9999 -9999 -9999 -9999 -9999 -9999 -9999 -9999 -9999 -9999 -9999 -9999 -9999 -9999 -9999 -9999 -9999 -9999 -9999 -9999 -9999 -9999 -9999 105 104 96 -9999 -9999 -9999 -9999 -9999 -9999 -9999 -9999
180 169 164 174 184 178 147 133 125 119 110 110 110 115 122 118 113 111 108 120 128 127 126 124 117 111 107 108 108 106 106 105 105 104 104 102 107 109 104 102 105 106 107 106 101 98 96 94 92 90 90 -9999 -9999 -9999 -9999 -9999 -9999 -9999 -9999 -9999 -9999 -9999 -9999 -9999 -9999 -9999 -9999 -9999 -9999 -9999 -9999 -9999 -9999 -9999 -9999 -9999 -9999 -9999 117 122 128 122 121 117 118 114 107 99 95 94 90 87 -9999 -9999 -9999 -9999
