resultados/variables_proyeccion_tiempo/variables_paleo_21k/bio17.asc
ncols 330
nrows 228
xllcorner -12.000000
yllcorner 34.000000
cellsize 0.166667
NODATA_value -9999
[rows 180 to 224 of 228, columns 0 to 95 of 330]
-9999 -9999 -9999 -9999 -9999 -9999 -9999 -9999 -9999 -9999 -9999 -9999 -9999 -9999 -9999 -9999 129 124 132 146 164 161 178 166 175 167 137 116 123 122 122 117 105 106 104 99 92 91 92 93 93 94 95 93 91 92 101 110 115 122 130 143 147 158 177 183 183 180 189 168 153 136 127 116 114 124 130 120 124 114 112 116 117 124 141 150 161 156 144 144 159 153 139 133 151 166 201 211 173 160 126 100 82 74 -9999 -9999
-9999 -9999 -9999 -9999 -9999 -9999 -9999 -9999 -9999 -9999 -9999 -9999 -9999 -9999 -9999 -9999 124 120 121 138 137 143 158 170 165 156 127 113 111 101 114 98 93 96 93 92 86 84 83 85 88 92 93 91 89 92 98 104 106 112 118 125 134 143 153 160 163 160 166 169 189 180 137 115 105 100 106 110 115 114 106 106 106 109 109 115 114 121 131 143 155 159 139 136 160 178 204 186 155 142 108 91 79 -9999 -9999 -9999
-9999 -9999 -9999 -9999 -9999 -9999 -9999 -9999 -9999 -9999 -9999 -9999 -9999 -9999 -9999 -9999 117 122 119 123 127 127 132 147 145 130 123 116 91 90 100 92 85 89 87 84 80 75 77 81 83 86 88 87 89 92 95 99 104 109 116 121 123 129 136 141 150 152 155 160 164 156 131 115 105 109 104 101 100 103 108 108 108 105 104 102 111 125 141 162 167 155 154 147 149 156 169 152 126 107 96 83 76 -9999 -9999 -9999
-9999 -9999 -9999 -9999 -9999 -9999 -9999 -9999 -9999 -9999 -9999 -9999 -9999 -9999 -9999 -9999 -9999 113 117 120 124 124 126 133 120 146 129 105 91 90 93 84 86 83 82 82 78 75 76 79 80 82 85 85 88 92 96 100 107 121 118 122 130 136 137 140 143 148 144 144 144 134 127 121 110 110 112 101 96 97 103 106 106 109 106 120 141 157 163 161 173 167 153 153 147 141 130 117 105 -9999 -9999 -9999 -9999 -9999 -9999 -9999
-9999 -9999 -9999 -9999 -9999 -9999 -9999 -9999 -9999 -9999 -9999 -9999 -9999 -9999 -9999 -9999 107 111 115 119 123 126 120 118 137 111 108 100 103 82 83 87 85 83 82 81 83 83 83 81 82 84 85 85 89 91 95 100 105 113 123 154 152 153 141 140 149 148 136 136 136 130 123 127 120 115 109 102 98 97 99 101 106 113 118 118 149 173 168 140 146 143 143 145 138 124 114 -9999 -9999 -9999 -9999 -9999 -9999 -9999 -9999 -9999
-9999 -9999 -9999 -9999 -9999 -9999 -9999 -9999 -9999 -9999 -9999 -9999 -9999 -9999 -9999 -9999 106 110 112 112 118 116 118 127 132 115 110 106 92 82 83 82 87 86 84 81 79 80 84 85 84 85 86 88 92 94 97 105 121 134 138 146 136 135 129 131 145 153 164 164 163 152 140 121 124 131 113 112 106 108 109 115 123 128 136 123 135 143 129 126 122 119 121 127 120 -9999 -9999 -9999 -9999 -9999 -9999 -9999 -9999 -9999 -9999 -9999
-9999 -9999 -9999 -9999 -9999 -9999 -9999 -9999 -9999 -9999 -9999 -9999 -9999 -9999 -9999 -9999 104 108 109 108 114 123 134 135 137 135 121 118 100 89 88 87 87 86 83 84 82 83 86 86 88 90 91 92 96 101 101 115 152 133 112 111 110 110 117 129 140 148 154 168 167 161 142 122 114 141 128 117 118 123 122 135 141 148 137 133 130 123 119 118 111 -9999 -9999 -9999 -9999 -9999 -9999 -9999 -9999 -9999 -9999 -9999 -9999 -9999 -9999 -9999
-9999 -9999 -9999 -9999 -9999 -9999 -9999 -9999 -9999 -9999 -9999 -9999 -9999 -9999 -9999 -9999 103 106 106 106 106 118 126 120 118 117 113 109 99 94 93 89 88 86 84 85 89 90 88 89 93 100 102 102 104 114 122 134 134 108 93 98 100 105 120 125 126 139 157 165 172 175 163 123 135 143 148 147 150 142 137 156 173 176 134 124 120 118 115 111 107 -9999 -9999 -9999 -9999 -9999 -9999 -9999 -9999 -9999 -9999 -9999 -9999 -9999 -9999 -9999
-9999 -9999 -9999 -9999 -9999 -9999 -9999 -9999 -9999 -9999 -9999 -9999 -9999 -9999 -9999 91 93 95 98 100 102 106 128 118 108 106 104 108 106 101 96 90 85 87 96 93 88 89 90 98 107 120 112 112 113 117 120 102 97 89 82 85 90 106 116 118 127 139 152 173 190 205 190 149 125 131 153 163 179 178 158 171 165 135 125 120 116 112 109 106 102 -9999 -9999 -9999 -9999 -9999 -9999 -9999 -9999 -9999 -9999 -9999 -9999 -9999 -9999 -9999
-9999 -9999 -9999 -9999 -9999 -9999 -9999 -9999 -9999 -9999 -9999 -9999 -9999 -9999 86 88 88 88 91 98 102 105 109 103 104 110 141 113 103 101 98 93 90 92 86 76 80 100 100 106 130 132 124 108 105 88 88 84 86 84 79 79 97 102 108 107 118 122 140 166 194 210 196 160 121 121 165 187 227 204 174 166 137 126 112 109 107 104 102 98 94 -9999 -9999 -9999 -9999 -9999 -9999 -9999 -9999 -9999 -9999 -9999 -9999 -9999 -9999 -9999
-9999 -9999 -9999 -9999 -9999 -9999 -9999 -9999 -9999 -9999 -9999 -9999 -9999 -9999 80 81 81 79 87 93 96 103 103 103 113 117 121 96 93 96 94 93 83 76 68 65 85 116 126 122 130 98 93 79 84 81 75 81 81 81 77 83 90 94 100 111 120 129 144 161 185 200 200 180 136 130 144 148 180 179 159 133 121 108 100 100 100 97 95 91 -9999 -9999 -9999 -9999 -9999 -9999 -9999 -9999 -9999 -9999 -9999 -9999 -9999 -9999 -9999 -9999
-9999 -9999 -9999 -9999 -9999 -9999 -9999 -9999 -9999 -9999 -9999 -9999 -9999 -9999 74 74 73 73 79 86 91 101 112 115 113 106 102 92 84 83 76 70 65 64 60 62 74 75 66 59 58 62 67 74 68 69 75 77 78 78 75 82 85 90 105 116 126 136 140 153 172 176 177 173 132 187 178 143 144 142 123 110 103 92 95 94 93 91 88 -9999 -9999 -9999 -9999 -9999 -9999 -9999 -9999 -9999 -9999 -9999 -9999 53 50 46 47 46
-9999 -9999 -9999 -9999 -9999 -9999 -9999 -9999 -9999 -9999 -9999 -9999 -9999 -9999 67 65 65 67 74 81 89 96 102 102 108 98 86 83 76 74 70 66 63 60 61 61 55 54 55 54 57 59 61 64 65 70 71 74 74 75 81 88 92 97 105 112 118 129 135 147 152 153 168 161 146 147 176 166 137 131 107 89 88 86 87 87 86 83 75 -9999 -9999 -9999 -9999 -9999 -9999 -9999 -9999 -9999 58 69 61 56 50 47 46 44
-9999 -9999 -9999 -9999 -9999 -9999 -9999 -9999 -9999 -9999 -9999 -9999 -9999 -9999 58 57 56 60 68 76 83 83 88 91 94 84 80 75 71 70 66 65 62 60 60 57 58 59 60 60 61 62 67 71 72 72 77 81 82 80 79 83 88 92 101 109 112 121 122 138 144 144 143 153 152 137 132 127 121 110 91 81 81 80 80 80 78 73 -9999 -9999 -9999 -9999 -9999 -9999 -9999 51 52 62 76 66 56 55 52 46 42 -9999
-9999 -9999 -9999 -9999 -9999 -9999 -9999 -9999 -9999 -9999 -9999 -9999 -9999 -9999 -9999 52 47 56 66 80 75 71 77 81 80 75 74 74 73 70 67 66 64 59 57 56 57 61 65 77 75 68 77 82 87 88 86 88 85 82 82 83 84 89 98 101 108 113 117 122 128 134 130 141 141 148 130 100 90 86 81 79 74 72 73 -9999 -9999 -9999 -9999 -9999 -9999 -9999 -9999 -9999 -9999 51 59 58 52 56 53 52 47 42 41 -9999
-9999 -9999 -9999 -9999 -9999 -9999 -9999 -9999 -9999 -9999 -9999 -9999 -9999 55 46 44 46 52 62 63 61 64 67 69 72 74 76 81 78 75 69 65 61 59 58 57 59 66 69 74 64 62 62 66 75 81 78 90 89 84 84 80 81 86 90 94 98 103 109 111 116 119 119 117 116 126 127 101 87 79 77 76 70 -9999 -9999 -9999 -9999 -9999 -9999 -9999 -9999 -9999 -9999 -9999 -9999 46 44 44 47 48 47 46 42 37 -9999 -9999
-9999 -9999 -9999 -9999 -9999 -9999 -9999 -9999 -9999 -9999 -9999 -9999 64 58 49 44 48 52 51 53 55 61 65 66 67 67 72 78 78 69 66 62 60 60 60 61 56 54 54 55 56 55 63 64 67 70 68 78 76 81 81 76 78 82 87 91 95 99 100 103 105 109 113 118 117 111 119 104 84 76 75 73 69 -9999 -9999 -9999 -9999 -9999 -9999 -9999 46 46 42 -9999 -9999 40 38 38 39 40 42 39 35 -9999 -9999 -9999
-9999 -9999 -9999 -9999 -9999 -9999 -9999 -9999 -9999 -9999 -9999 82 68 60 52 48 49 52 47 48 52 57 59 61 63 64 67 68 67 65 60 58 58 55 56 52 50 50 50 51 54 57 60 65 65 69 67 69 66 68 70 74 78 83 91 98 102 104 99 97 99 102 112 128 138 118 126 94 77 79 79 72 69 62 -9999 -9999 -9999 -9999 48 53 57 54 47 -9999 -9999 -9999 -9999 -9999 34 36 36 -9999 -9999 -9999 -9999 -9999
-9999 -9999 -9999 -9999 -9999 -9999 -9999 -9999 -9999 -9999 -9999 78 71 63 53 53 56 51 45 47 50 52 54 57 60 64 67 66 67 60 59 56 53 52 51 49 50 50 50 51 52 57 58 61 64 62 64 63 64 65 71 72 80 89 97 102 109 113 102 95 95 105 120 130 125 119 124 99 84 85 88 74 72 67 59 -9999 -9999 -9999 48 56 52 46 41 -9999 -9999 -9999 -9999 -9999 33 32 -9999 -9999 -9999 -9999 -9999 -9999
-9999 -9999 -9999 -9999 -9999 -9999 -9999 -9999 -9999 -9999 -9999 -9999 70 65 56 58 54 46 44 46 49 51 55 59 60 62 65 64 58 58 59 56 54 55 52 54 54 54 52 55 56 51 53 54 59 64 64 66 71 65 70 72 79 86 96 104 106 113 118 114 105 108 114 118 114 116 101 109 114 103 114 94 77 68 60 -9999 -9999 -9999 44 46 46 42 36 33 -9999 -9999 -9999 -9999 -9999 -9999 -9999 -9999 -9999 -9999 -9999 -9999
-9999 -9999 -9999 -9999 -9999 -9999 -9999 -9999 -9999 -9999 -9999 -9999 -9999 -9999 53 50 48 48 46 45 46 50 55 58 58 58 58 57 56 58 60 60 58 57 55 55 57 56 58 55 52 52 54 54 60 66 66 64 64 67 71 73 80 83 91 91 106 133 122 110 98 95 92 99 103 95 92 108 113 110 94 71 59 56 54 46 -9999 -9999 40 43 40 39 -9999 -9999 -9999 -9999 -9999 -9999 -9999 -9999 -9999 -9999 -9999 -9999 -9999 -9999
-9999 -9999 -9999 -9999 -9999 -9999 -9999 -9999 -9999 -9999 -9999 -9999 -9999 -9999 -9999 49 49 47 43 43 44 46 49 51 52 53 54 52 51 55 59 63 61 59 59 55 57 57 56 57 56 55 56 57 59 63 67 66 61 73 76 72 69 75 74 81 103 122 95 89 82 74 73 79 83 93 86 74 67 58 51 50 51 50 46 -9999 -9999 -9999 -9999 -9999 -9999 -9999 -9999 -9999 -9999 -9999 -9999 -9999 -9999 -9999 -9999 -9999 -9999 -9999 -9999 -9999
-9999 -9999 -9999 -9999 -9999 -9999 -9999 -9999 -9999 -9999 -9999 -9999 -9999 -9999 -9999 -9999 -9999 36 37 43 44 44 44 47 50 53 50 48 48 48 53 56 56 57 58 59 58 55 53 56 55 58 57 56 59 60 58 57 54 52 54 53 62 65 71 90 127 120 111 120 92 64 61 58 69 67 62 50 48 44 42 43 44 41 40 -9999 -9999 -9999 -9999 -9999 -9999 -9999 -9999 -9999 -9999 -9999 -9999 -9999 -9999 -9999 -9999 -9999 -9999 -9999 -9999 -9999
-9999 -9999 -9999 -9999 -9999 -9999 -9999 -9999 -9999 -9999 -9999 -9999 -9999 -9999 -9999 -9999 -9999 38 38 43 46 41 40 42 45 44 42 46 46 48 51 54 60 61 60 53 54 56 51 49 52 55 51 48 47 43 44 44 44 42 45 54 56 60 96 117 149 148 138 119 96 74 66 58 44 43 41 40 39 38 37 36 36 -9999 -9999 -9999 -9999 -9999 -9999 -9999 -9999 -9999 -9999 -9999 -9999 -9999 -9999 -9999 -9999 -9999 -9999 -9999 -9999 -9999 -9999 -9999
-9999 -9999 -9999 -9999 -9999 -9999 -9999 -9999 -9999 -9999 -9999 -9999 -9999 -9999 -9999 -9999 -9999 36 37 41 40 39 39 40 41 40 40 42 42 46 50 54 54 51 51 52 48 52 56 48 43 44 43 39 37 39 41 42 42 42 45 48 47 60 109 147 122 110 110 100 87 93 83 52 47 46 46 40 38 31 30 -9999 -9999 -9999 -9999 -9999 -9999 -9999 -9999 -9999 -9999 -9999 -9999 -9999 -9999 -9999 -9999 -9999 -9999 -9999 -9999 -9999 -9999 -9999 -9999 -9999
-9999 -9999 -9999 -9999 -9999 -9999 -9999 -9999 -9999 -9999 -9999 -9999 -9999 -9999 -9999 -9999 -9999 -9999 32 38 39 38 39 40 39 38 38 37 37 39 40 41 45 48 44 46 44 43 43 38 36 36 37 37 38 41 41 44 56 51 69 84 62 62 92 81 80 91 106 99 73 61 58 42 46 41 39 40 37 32 29 -9999 -9999 -9999 -9999 -9999 -9999 -9999 -9999 -9999 -9999 -9999 -9999 -9999 -9999 -9999 -9999 -9999 -9999 -9999 -9999 -9999 -9999 -9999 -9999 -9999
-9999 -9999 -9999 -9999 -9999 -9999 -9999 -9999 -9999 -9999 -9999 -9999 -9999 -9999 -9999 -9999 -9999 29 31 35 35 38 38 39 38 36 34 34 34 33 33 36 38 41 41 40 38 36 36 36 35 36 36 38 42 47 49 50 64 86 75 77 74 59 62 65 79 106 106 91 76 52 56 41 37 38 37 36 32 28 -9999 -9999 -9999 -9999 -9999 -9999 -9999 -9999 -9999 -9999 -9999 -9999 -9999 -9999 -9999 -9999 -9999 -9999 -9999 -9999 -9999 -9999 -9999 -9999 -9999 -9999
-9999 -9999 -9999 -9999 -9999 -9999 -9999 -9999 -9999 -9999 -9999 -9999 -9999 -9999 -9999 -9999 -9999 29 30 34 37 34 38 42 39 36 33 30 30 28 27 29 32 36 36 37 36 37 36 36 36 36 37 39 42 51 56 60 65 66 64 77 69 72 106 90 83 80 62 52 47 40 34 28 25 -9999 -9999 24 -9999 -9999 -9999 -9999 -9999 -9999 -9999 -9999 -9999 -9999 -9999 -9999 -9999 -9999 -9999 -9999 -9999 -9999 -9999 -9999 -9999 -9999 -9999 -9999 -9999 -9999 -9999 -9999
-9999 -9999 -9999 -9999 -9999 -9999 -9999 -9999 -9999 -9999 -9999 -9999 -9999 -9999 -9999 -9999 -9999 29 31 33 35 31 32 36 40 36 30 26 24 24 24 28 30 32 34 36 37 36 33 35 35 38 43 43 43 48 49 54 55 48 62 95 93 77 103 129 132 110 69 52 33 26 23 -9999 -9999 -9999 -9999 -9999 -9999 -9999 -9999 -9999 -9999 -9999 -9999 -9999 -9999 -9999 -9999 -9999 -9999 -9999 -9999 -9999 -9999 -9999 -9999 -9999 -9999 -9999 -9999 -9999 -9999 -9999 -9999 -9999
-9999 -9999 -9999 -9999 -9999 -9999 -9999 -9999 -9999 -9999 -9999 -9999 -9999 -9999 -9999 -9999 -9999 34 34 33 33 29 28 28 29 27 24 24 24 24 24 27 28 31 32 35 35 34 35 38 42 43 45 43 44 52 64 64 56 55 63 172 213 149 130 83 54 49 52 40 34 20 -9999 -9999 -9999 -9999 -9999 -9999 -9999 -9999 -9999 -9999 -9999 -9999 -9999 -9999 -9999 -9999 -9999 -9999 -9999 -9999 -9999 -9999 -9999 -9999 -9999 -9999 -9999 -9999 -9999 -9999 -9999 -9999 -9999 -9999
-9999 -9999 -9999 -9999 -9999 -9999 -9999 -9999 -9999 -9999 -9999 -9999 -9999 -9999 -9999 -9999 -9999 34 34 32 32 32 26 25 25 25 25 27 26 25 23 26 28 30 31 35 36 36 37 40 44 50 45 43 48 52 48 58 67 70 50 84 83 52 74 89 49 34 35 28 22 18 -9999 -9999 -9999 -9999 -9999 -9999 -9999 -9999 -9999 -9999 -9999 -9999 -9999 -9999 -9999 -9999 -9999 -9999 -9999 -9999 -9999 -9999 -9999 -9999 -9999 -9999 -9999 -9999 -9999 -9999 -9999 26 29 30
-9999 -9999 -9999 -9999 -9999 279 -9999 -9999 -9999 -9999 -9999 -9999 -9999 -9999 -9999 -9999 -9999 -9999 -9999 -9999 -9999 -9999 29 29 -9999 -9999 -9999 -9999 -9999 30 30 32 35 36 32 35 36 36 37 50 49 58 50 37 39 38 37 31 32 33 28 35 32 30 24 23 21 17 18 20 18 -9999 -9999 -9999 -9999 -9999 -9999 -9999 -9999 -9999 -9999 -9999 -9999 -9999 -9999 -9999 -9999 -9999 -9999 -9999 -9999 -9999 -9999 -9999 -9999 -9999 17 17 20 27 27 26 25 27 30 34
-9999 -9999 367 348 -9999 -9999 -9999 -9999 -9999 -9999 -9999 -9999 -9999 -9999 -9999 -9999 -9999 -9999 -9999 -9999 -9999 -9999 -9999 -9999 -9999 -9999 -9999 -9999 -9999 -9999 -9999 31 34 35 34 32 34 36 38 42 43 46 41 37 36 31 27 23 21 -9999 -9999 -9999 -9999 -9999 16 17 17 -9999 -9999 14 -9999 -9999 -9999 -9999 -9999 -9999 -9999 -9999 -9999 -9999 -9999 -9999 -9999 -9999 -9999 -9999 -9999 -9999 11 12 16 16 20 21 21 23 24 24 27 29 29 31 33 30 34 35
-9999 -9999 -9999 -9999 -9999 -9999 -9999 -9999 -9999 -9999 -9999 -9999 -9999 -9999 -9999 -9999 -9999 -9999 -9999 -9999 -9999 -9999 -9999 -9999 -9999 -9999 -9999 -9999 -9999 -9999 -9999 30 33 35 31 30 33 35 36 32 33 29 29 30 30 29 -9999 -9999 -9999 -9999 -9999 -9999 -9999 -9999 -9999 -9999 -9999 -9999 -9999 -9999 -9999 -9999 -9999 -9999 -9999 -9999 -9999 -9999 -9999 -9999 -9999 -9999 -9999 -9999 -9999 -9999 15 20 23 19 27 25 29 33 34 37 31 33 38 42 40 39 38 38 38 40
-9999 -9999 -9999 -9999 -9999 -9999 -9999 -9999 -9999 -9999 -9999 -9999 -9999 -9999 -9999 -9999 -9999 -9999 -9999 -9999 -9999 -9999 -9999 -9999 -9999 -9999 -9999 -9999 -9999 -9999 -9999 -9999 32 34 35 33 38 41 32 29 28 28 -9999 -9999 -9999 -9999 -9999 -9999 -9999 -9999 -9999 -9999 -9999 -9999 -9999 -9999 -9999 -9999 -9999 -9999 -9999 -9999 -9999 -9999 -9999 -9999 -9999 -9999 -9999 -9999 -9999 -9999 -9999 15 15 17 23 27 21 19 19 18 18 22 24 30 32 37 39 38 40 40 40 42 42 40
-9999 -9999 -9999 -9999 -9999 -9999 -9999 -9999 -9999 -9999 -9999 -9999 -9999 -9999 -9999 -9999 -9999 -9999 -9999 -9999 -9999 -9999 -9999 -9999 -9999 -9999 -9999 -9999 -9999 -9999 -9999 -9999 33 34 36 39 40 41 32 28 29 -9999 -9999 -9999 -9999 -9999 -9999 -9999 -9999 -9999 -9999 -9999 -9999 -9999 -9999 -9999 -9999 -9999 -9999 -9999 -9999 -9999 -9999 -9999 -9999 -9999 -9999 -9999 -9999 -9999 -9999 12 13 14 18 21 23 21 16 17 20 20 25 25 28 30 36 37 39 38 39 42 45 48 47 46
-9999 -9999 -9999 -9999 -9999 -9999 -9999 -9999 -9999 -9999 -9999 -9999 -9999 -9999 -9999 -9999 -9999 -9999 -9999 -9999 -9999 -9999 -9999 -9999 -9999 -9999 -9999 -9999 -9999 -9999 -9999 -9999 -9999 33 36 38 39 39 30 25 32 -9999 -9999 -9999 -9999 -9999 -9999 -9999 -9999 -9999 -9999 -9999 -9999 14 13 12 -9999 -9999 -9999 -9999 -9999 -9999 -9999 -9999 -9999 -9999 -9999 -9999 11 18 12 11 12 15 17 14 16 18 21 23 27 35 34 42 47 47 48 44 39 41 41 44 45 44 45 44
-9999 -9999 -9999 -9999 -9999 -9999 -9999 -9999 -9999 -9999 -9999 -9999 -9999 -9999 -9999 -9999 -9999 -9999 -9999 -9999 -9999 -9999 -9999 -9999 -9999 -9999 -9999 -9999 -9999 -9999 -9999 -9999 -9999 -9999 36 38 43 38 27 29 32 34 -9999 -9999 -9999 -9999 -9999 -9999 -9999 -9999 -9999 -9999 -9999 -9999 -9999 -9999 -9999 -9999 -9999 -9999 -9999 -9999 -9999 12 -9999 14 17 18 16 17 14 12 11 13 14 14 19 22 21 29 35 31 37 42 41 41 40 39 38 41 42 43 42 42 42 40
-9999 -9999 -9999 -9999 -9999 -9999 -9999 -9999 -9999 -9999 -9999 -9999 -9999 -9999 -9999 -9999 -9999 -9999 -9999 -9999 -9999 -9999 -9999 -9999 -9999 -9999 -9999 -9999 -9999 -9999 -9999 -9999 -9999 32 35 38 38 32 28 31 31 30 34 -9999 -9999 -9999 -9999 -9999 -9999 26 -9999 -9999 -9999 -9999 -9999 -9999 9 16 -9999 -9999 -9999 -9999 -9999 20 18 21 24 22 19 19 16 14 15 22 23 17 23 29 29 26 31 34 35 36 37 37 36 37 39 40 41 43 45 44 43 43
-9999 -9999 -9999 -9999 -9999 -9999 -9999 -9999 -9999 -9999 -9999 -9999 -9999 -9999 -9999 -9999 -9999 -9999 -9999 -9999 -9999 -9999 -9999 -9999 -9999 -9999 -9999 -9999 -9999 -9999 -9999 -9999 -9999 32 33 35 32 31 33 33 31 26 25 24 -9999 30 30 28 -9999 24 24 18 16 16 16 12 11 17 -9999 -9999 -9999 -9999 15 15 19 23 24 25 29 28 23 22 24 27 25 23 22 25 31 38 40 39 39 38 38 38 38 40 40 40 42 44 48 49 47 46
-9999 -9999 -9999 -9999 -9999 -9999 -9999 -9999 -9999 -9999 -9999 -9999 -9999 -9999 -9999 -9999 -9999 -9999 -9999 -9999 -9999 -9999 -9999 -9999 -9999 -9999 -9999 -9999 -9999 -9999 -9999 -9999 -9999 30 25 27 31 32 36 38 35 38 28 27 26 28 29 27 27 22 17 16 17 21 20 14 16 19 16 15 15 17 20 22 31 33 33 34 30 31 33 24 26 33 46 32 36 39 41 43 44 43 44 43 40 41 42 41 42 44 46 50 50 47 47 48
-9999 -9999 -9999 -9999 -9999 -9999 -9999 -9999 -9999 -9999 -9999 -9999 -9999 -9999 -9999 -9999 -9999 -9999 -9999 -9999 -9999 -9999 -9999 -9999 -9999 -9999 -9999 -9999 -9999 -9999 -9999 -9999 30 30 22 25 34 35 35 37 41 45 38 34 34 31 30 28 26 28 26 22 19 22 21 17 17 16 17 19 22 26 28 29 34 36 39 35 37 36 33 30 32 38 44 38 36 39 54 54 55 57 62 52 44 44 42 44 47 49 50 50 50 54 54 50
-9999 -9999 -9999 -9999 -9999 -9999 -9999 -9999 -9999 -9999 -9999 -9999 -9999 -9999 -9999 -9999 -9999 -9999 -9999 -9999 -9999 -9999 -9999 -9999 -9999 -9999 -9999 -9999 -9999 -9999 -9999 26 28 30 31 34 38 36 37 39 39 38 37 40 61 60 50 56 44 39 29 23 22 23 21 20 18 19 23 26 28 30 30 35 42 42 46 45 44 45 40 39 44 50 58 57 45 48 55 54 53 54 54 53 48 43 44 48 48 48 51 56 61 58 56 54
-9999 -9999 -9999 -9999 -9999 -9999 -9999 -9999 -9999 -9999 -9999 -9999 -9999 -9999 -9999 -9999 -9999 -9999 -9999 -9999 -9999 -9999 -9999 -9999 -9999 -9999 -9999 -9999 -9999 -9999 -9999 27 28 29 32 32 36 39 39 39 40 43 42 40 45 56 51 52 57 50 34 28 27 26 21 21 22 25 29 30 30 32 37 50 64 65 60 54 59 54 49 51 53 64 68 63 53 51 51 49 49 49 48 47 46 43 46 48 50 56 59 63 62 61 59 55
-9999 -9999 -9999 -9999 -9999 -9999 -9999 -9999 -9999 -9999 -9999 -9999 -9999 -9999 -9999 -9999 -9999 -9999 -9999 -9999 -9999 -9999 -9999 -9999 -9999 -9999 -9999 -9999 -9999 -9999 -9999 27 28 31 31 28 32 34 38 40 39 41 40 39 36 40 44 50 50 45 48 40 30 26 24 24 24 25 28 31 35 48 56 52 53 62 64 67 64 57 60 57 56 58 57 54 50 47 46 46 46 47 47 47 47 47 50 54 62 65 67 66 64 61 57 53
