resultados/variables_proyeccion_tiempo/variables_paleo_21k/bio10.asc
ncols 330
nrows 228
xllcorner -12.000000
yllcorner 34.000000
cellsize 0.166667
NODATA_value -9999
[rows 50 to 99 of 228, columns 96 to 191 of 330]
-9999 -9999 -9999 -9999 -9999 -9999 -9999 -9999 -9999 -9999 -9999 -9999 -13 -15 -17 -20 -23 -25 -9999 -9999 -9999 -9999 -31 -32 -36 -38 -43 -44 -46 -46 -46 -44 -48 -54 -52 -51 -53 -52 -50 -40 -42 -49 -50 -53 -60 -65 -68 -66 -72 -66 -66 -62 -64 -59 -57 -61 -60 -56 -54 -54 -57 -56 -55 -56 -54 -61 -62 -60 -60 -63 -68 -69 -69 -71 -72 -76 -77 -81 -84 -90 -94 -96 -100 -101 -107 -109 -115 -115 -121 -124 -125 -128 -127 -132 -135 -138
-9999 -9999 -9999 -9999 -9999 -9999 -9999 -9999 -9999 -9999 -16 -16 -9999 -25 -25 -27 -31 -33 -35 -36 -35 -35 -41 -46 -46 -45 -46 -48 -50 -49 -51 -53 -60 -60 -59 -50 -45 -49 -43 -45 -47 -49 -53 -56 -62 -68 -58 -65 -72 -70 -68 -60 -58 -66 -67 -56 -57 -57 -54 -53 -52 -51 -51 -53 -54 -57 -63 -63 -62 -66 -69 -73 -78 -78 -77 -77 -80 -81 -88 -94 -98 -102 -104 -104 -107 -110 -112 -119 -120 -122 -124 -126 -129 -133 -137 -141
-9999 -9999 -9999 -9999 -9999 -9999 -9999 -9999 -20 -22 -25 -27 -29 -32 -35 -37 -38 -39 -41 -43 -42 -46 -49 -49 -52 -50 -53 -56 -65 -62 -58 -67 -70 -61 -55 -59 -54 -49 -56 -61 -61 -58 -55 -64 -75 -77 -74 -75 -71 -74 -68 -65 -67 -69 -62 -58 -58 -56 -52 -51 -49 -49 -50 -52 -56 -56 -57 -59 -62 -65 -68 -70 -76 -77 -82 -82 -81 -83 -84 -88 -95 -99 -104 -109 -112 -113 -112 -115 -117 -121 -124 -127 -129 -132 -136 -142
-9999 -9999 -9999 -9999 -9999 -9999 -9999 -24 -25 -28 -31 -33 -35 -38 -43 -47 -47 -49 -51 -52 -52 -54 -55 -53 -57 -56 -60 -62 -68 -68 -67 -65 -67 -65 -63 -64 -64 -56 -63 -70 -74 -68 -71 -70 -69 -69 -73 -77 -79 -86 -80 -89 -81 -71 -75 -80 -73 -72 -76 -64 -54 -51 -51 -56 -56 -59 -61 -62 -66 -69 -70 -71 -74 -75 -76 -83 -86 -87 -90 -94 -94 -96 -97 -107 -113 -113 -114 -114 -118 -118 -122 -128 -130 -132 -135 -139
-9999 -9999 -9999 -9999 -9999 -24 -26 -31 -34 -36 -37 -39 -42 -45 -49 -52 -54 -57 -61 -68 -67 -69 -68 -64 -61 -59 -57 -62 -72 -79 -84 -86 -84 -79 -67 -79 -72 -67 -69 -71 -69 -75 -70 -73 -84 -88 -78 -77 -87 -86 -87 -82 -81 -84 -76 -71 -70 -72 -77 -70 -64 -57 -51 -54 -57 -59 -60 -62 -64 -68 -72 -74 -74 -77 -82 -80 -88 -93 -97 -100 -103 -103 -100 -103 -106 -109 -112 -113 -113 -114 -117 -121 -126 -131 -135 -9999
-9999 -23 -25 -26 -28 -32 -35 -37 -40 -42 -44 -48 -52 -54 -57 -59 -65 -65 -65 -67 -68 -70 -71 -74 -71 -80 -72 -82 -86 -94 -95 -101 -96 -95 -91 -74 -75 -86 -86 -86 -92 -88 -86 -81 -77 -83 -81 -79 -85 -87 -82 -80 -76 -73 -69 -67 -68 -65 -62 -61 -61 -58 -56 -57 -58 -60 -62 -62 -65 -70 -71 -74 -76 -75 -80 -83 -83 -91 -96 -100 -100 -104 -104 -102 -104 -105 -109 -111 -112 -114 -115 -9999 -9999 -133 -136 -9999
-27 -29 -31 -32 -34 -37 -41 -39 -44 -49 -52 -55 -59 -64 -68 -69 -79 -77 -75 -84 -72 -78 -84 -94 -92 -107 -105 -105 -104 -99 -96 -95 -96 -87 -95 -93 -89 -84 -87 -94 -93 -88 -82 -80 -78 -79 -78 -81 -88 -84 -76 -72 -79 -75 -70 -70 -71 -70 -69 -70 -66 -62 -57 -61 -61 -63 -64 -67 -66 -65 -66 -72 -73 -76 -77 -84 -86 -88 -90 -94 -96 -100 -101 -100 -99 -100 -102 -106 -111 -112 -119 -124 -130 -136 -141 -149
-34 -36 -36 -39 -40 -42 -43 -45 -50 -56 -59 -71 -69 -71 -74 -77 -85 -84 -98 -107 -106 -107 -116 -111 -112 -114 -114 -105 -123 -124 -123 -121 -118 -106 -109 -102 -99 -93 -81 -82 -83 -76 -79 -88 -85 -81 -79 -74 -79 -80 -79 -73 -70 -71 -67 -68 -64 -62 -61 -65 -73 -65 -60 -59 -60 -58 -60 -60 -63 -67 -73 -73 -74 -74 -75 -79 -84 -86 -87 -90 -90 -93 -94 -94 -94 -95 -97 -9999 -9999 -114 -120 -128 -135 -141 -148 -155
-40 -42 -43 -45 -47 -48 -55 -59 -65 -71 -71 -75 -85 -97 -94 -101 -108 -97 -95 -103 -108 -124 -133 -127 -112 -111 -116 -110 -112 -119 -120 -122 -108 -98 -97 -103 -96 -91 -82 -76 -75 -78 -90 -93 -86 -88 -78 -75 -85 -83 -80 -80 -77 -77 -78 -75 -71 -71 -64 -62 -59 -67 -69 -68 -62 -58 -59 -62 -66 -67 -71 -75 -77 -82 -83 -84 -85 -85 -85 -87 -88 -90 -92 -90 -89 -90 -9999 -9999 -107 -114 -122 -131 -138 -146 -152 -158
-46 -48 -48 -50 -53 -58 -67 -72 -77 -83 -94 -94 -88 -96 -105 -109 -110 -106 -120 -126 -129 -134 -130 -138 -145 -132 -125 -116 -112 -100 -90 -98 -113 -109 -100 -87 -86 -89 -86 -75 -76 -76 -81 -90 -85 -80 -74 -78 -85 -83 -83 -75 -76 -77 -77 -81 -71 -71 -67 -62 -59 -59 -60 -61 -63 -60 -59 -62 -65 -69 -67 -69 -73 -75 -78 -80 -81 -83 -85 -86 -86 -87 -86 -85 -87 -90 -96 -101 -109 -117 -125 -133 -140 -146 -152 -157
-51 -54 -55 -58 -63 -75 -78 -81 -89 -95 -93 -97 -95 -95 -99 -92 -104 -113 -114 -130 -145 -143 -126 -115 -119 -112 -115 -112 -108 -99 -94 -87 -91 -112 -114 -111 -95 -91 -91 -95 -86 -67 -68 -85 -87 -83 -76 -76 -77 -74 -72 -69 -72 -76 -73 -81 -78 -74 -70 -67 -63 -66 -65 -62 -65 -65 -65 -64 -63 -63 -63 -64 -69 -71 -71 -72 -75 -81 -79 -80 -82 -85 -88 -90 -90 -93 -100 -107 -113 -120 -127 -133 -138 -143 -148 -152
-55 -58 -60 -63 -72 -77 -89 -98 -111 -114 -119 -112 -107 -109 -100 -117 -125 -140 -148 -140 -140 -141 -141 -145 -144 -128 -118 -130 -129 -104 -90 -85 -81 -76 -89 -92 -96 -93 -88 -77 -70 -72 -72 -71 -78 -78 -80 -85 -86 -82 -79 -78 -73 -68 -67 -67 -73 -74 -73 -73 -69 -67 -69 -67 -66 -64 -63 -64 -66 -65 -63 -65 -64 -67 -72 -72 -72 -74 -75 -77 -80 -83 -86 -89 -90 -93 -99 -106 -112 -118 -124 -130 -135 -140 -145 -149
-9999 -61 -65 -72 -78 -78 -83 -89 -96 -100 -100 -109 -117 -120 -111 -122 -146 -139 -141 -115 -140 -122 -124 -139 -141 -150 -149 -147 -135 -110 -108 -89 -95 -81 -70 -73 -71 -84 -94 -89 -82 -70 -64 -63 -81 -81 -84 -87 -81 -90 -87 -90 -87 -74 -69 -68 -69 -73 -76 -77 -76 -73 -72 -70 -68 -62 -61 -59 -60 -66 -66 -68 -70 -68 -69 -75 -75 -72 -72 -74 -78 -79 -82 -84 -86 -89 -95 -101 -107 -113 -120 -125 -132 -139 -145 -150
-9999 -9999 -69 -75 -82 -85 -92 -96 -99 -102 -100 -105 -109 -121 -132 -137 -114 -135 -117 -101 -101 -125 -131 -126 -137 -139 -134 -136 -124 -120 -106 -94 -93 -97 -83 -85 -81 -66 -82 -90 -89 -78 -65 -64 -74 -75 -74 -76 -77 -77 -82 -80 -83 -78 -69 -68 -71 -70 -72 -72 -70 -74 -71 -70 -69 -62 -58 -61 -60 -60 -61 -60 -61 -65 -65 -70 -70 -69 -70 -71 -74 -77 -80 -82 -84 -89 -94 -98 -104 -111 -116 -122 -130 -139 -145 -151
-9999 -9999 -75 -82 -88 -88 -93 -99 -104 -112 -110 -117 -122 -128 -132 -98 -122 -115 -100 -97 -104 -109 -114 -134 -131 -122 -125 -127 -107 -95 -100 -99 -97 -92 -84 -78 -68 -59 -65 -85 -82 -85 -82 -64 -58 -69 -72 -74 -81 -74 -74 -75 -75 -80 -78 -72 -70 -68 -66 -66 -62 -65 -66 -62 -61 -59 -56 -61 -60 -60 -62 -65 -65 -64 -63 -64 -66 -67 -68 -69 -72 -75 -78 -81 -84 -87 -90 -95 -104 -111 -117 -123 -128 -135 -143 -148
-9999 -9999 -79 -87 -93 -96 -100 -101 -102 -106 -107 -116 -125 -117 -112 -109 -134 -105 -108 -122 -115 -124 -129 -130 -135 -140 -132 -107 -99 -86 -77 -90 -88 -86 -90 -78 -75 -67 -51 -60 -68 -70 -73 -68 -58 -63 -71 -75 -75 -77 -73 -71 -74 -79 -80 -76 -74 -70 -67 -67 -64 -61 -54 -53 -58 -59 -59 -59 -61 -61 -62 -68 -69 -69 -70 -68 -65 -66 -66 -67 -70 -73 -75 -78 -80 -82 -89 -96 -103 -110 -116 -124 -130 -138 -145 -151
-9999 -9999 -84 -88 -96 -98 -102 -108 -114 -123 -134 -132 -139 -141 -138 -144 -137 -135 -120 -132 -147 -155 -154 -151 -145 -132 -120 -122 -107 -99 -93 -80 -82 -74 -73 -68 -60 -64 -63 -51 -50 -55 -63 -67 -59 -59 -63 -70 -72 -73 -71 -73 -78 -76 -78 -76 -74 -74 -68 -63 -63 -62 -59 -53 -52 -54 -55 -57 -60 -60 -60 -67 -68 -66 -66 -64 -63 -64 -64 -66 -68 -70 -72 -73 -76 -81 -89 -96 -103 -110 -116 -124 -131 -138 -145 -152
-9999 -9999 -9999 -90 -98 -99 -100 -101 -115 -116 -115 -132 -132 -144 -127 -125 -135 -142 -145 -154 -157 -151 -150 -138 -136 -134 -122 -110 -95 -88 -91 -99 -87 -73 -64 -67 -61 -52 -59 -56 -49 -46 -46 -51 -59 -63 -61 -65 -68 -68 -72 -76 -72 -76 -78 -76 -72 -70 -68 -65 -63 -63 -65 -60 -56 -54 -56 -58 -57 -55 -55 -57 -62 -65 -64 -62 -62 -63 -64 -65 -67 -69 -70 -74 -79 -83 -89 -95 -101 -108 -115 -123 -131 -138 -145 -152
-9999 -9999 -9999 -9999 -100 -105 -104 -105 -103 -112 -120 -130 -130 -132 -126 -125 -126 -120 -145 -149 -165 -158 -152 -147 -129 -117 -112 -106 -105 -97 -77 -93 -89 -85 -66 -54 -58 -50 -55 -61 -62 -65 -63 -55 -65 -71 -70 -62 -63 -70 -78 -79 -78 -76 -70 -74 -76 -74 -68 -66 -64 -60 -59 -61 -59 -56 -54 -56 -54 -51 -52 -58 -59 -60 -59 -58 -59 -62 -64 -65 -67 -69 -71 -75 -77 -82 -87 -93 -100 -107 -115 -123 -130 -138 -145 -152
-9999 -9999 -9999 -98 -100 -107 -106 -107 -114 -121 -119 -137 -135 -120 -120 -118 -125 -143 -131 -142 -145 -149 -143 -140 -136 -128 -120 -115 -109 -108 -110 -86 -80 -75 -77 -74 -54 -56 -47 -62 -71 -68 -60 -58 -64 -60 -69 -68 -66 -73 -74 -77 -77 -71 -70 -69 -72 -73 -69 -68 -65 -63 -60 -58 -58 -57 -62 -58 -53 -52 -52 -54 -55 -58 -60 -59 -60 -62 -64 -66 -67 -70 -72 -74 -77 -81 -86 -92 -99 -106 -113 -122 -130 -138 -146 -153
-9999 -9999 -9999 -99 -102 -107 -112 -107 -112 -113 -122 -124 -112 -125 -153 -132 -164 -163 -158 -160 -158 -152 -149 -146 -143 -140 -135 -127 -118 -102 -96 -95 -91 -71 -59 -55 -53 -50 -55 -63 -65 -63 -55 -56 -60 -60 -63 -69 -66 -73 -73 -77 -71 -69 -66 -71 -66 -67 -67 -68 -67 -68 -64 -62 -60 -56 -55 -56 -55 -55 -56 -54 -54 -57 -57 -59 -59 -61 -64 -66 -68 -71 -73 -75 -78 -81 -86 -92 -98 -105 -110 -121 -130 -139 -147 -154
-9999 -9999 -9999 -9999 -104 -105 -112 -111 -110 -111 -113 -111 -125 -149 -172 -141 -167 -172 -169 -163 -159 -156 -152 -151 -149 -142 -139 -129 -113 -117 -88 -86 -74 -60 -56 -55 -47 -45 -64 -64 -60 -58 -54 -56 -58 -64 -69 -73 -69 -71 -72 -76 -74 -70 -65 -69 -67 -64 -64 -65 -65 -62 -64 -63 -61 -59 -56 -54 -53 -51 -54 -55 -54 -54 -56 -57 -59 -61 -64 -66 -69 -70 -73 -75 -77 -81 -86 -92 -99 -105 -110 -116 -127 -137 -145 -153
-9999 -9999 -9999 -108 -109 -112 -116 -116 -126 -119 -115 -130 -144 -158 -154 -147 -162 -160 -174 -164 -159 -156 -165 -155 -144 -142 -138 -129 -108 -97 -98 -96 -73 -70 -61 -53 -68 -56 -55 -48 -48 -56 -56 -59 -63 -65 -69 -68 -68 -67 -68 -71 -73 -71 -66 -66 -68 -63 -65 -66 -63 -62 -60 -58 -57 -55 -57 -58 -56 -54 -52 -52 -52 -53 -55 -56 -58 -61 -64 -66 -68 -71 -72 -73 -76 -80 -86 -92 -99 -106 -112 -117 -126 -135 -140 -146
-9999 -113 -113 -112 -114 -117 -119 -120 -119 -116 -116 -126 -132 -150 -153 -159 -152 -166 -168 -158 -149 -143 -144 -148 -131 -136 -138 -127 -117 -104 -83 -92 -86 -73 -65 -56 -63 -52 -52 -47 -50 -56 -60 -59 -62 -66 -68 -71 -69 -67 -66 -67 -72 -72 -67 -64 -63 -64 -64 -63 -60 -60 -59 -56 -55 -56 -51 -52 -51 -50 -50 -51 -52 -53 -54 -55 -58 -59 -62 -65 -67 -70 -71 -73 -75 -80 -86 -92 -99 -106 -114 -121 -128 -135 -140 -146
-9999 -115 -115 -115 -117 -120 -122 -123 -122 -127 -130 -131 -145 -137 -140 -147 -145 -159 -163 -158 -152 -164 -144 -126 -131 -126 -122 -114 -118 -100 -83 -74 -86 -80 -70 -70 -63 -55 -54 -53 -53 -55 -58 -60 -64 -66 -68 -68 -70 -73 -70 -64 -65 -64 -65 -63 -61 -59 -59 -59 -58 -56 -58 -57 -55 -52 -50 -47 -47 -47 -48 -48 -49 -50 -52 -54 -56 -58 -61 -64 -66 -68 -70 -71 -74 -80 -87 -93 -99 -106 -113 -121 -128 -134 -141 -147
-9999 -9999 -9999 -116 -119 -124 -126 -126 -127 -125 -131 -129 -126 -132 -141 -150 -167 -169 -172 -160 -151 -163 -142 -128 -118 -112 -109 -103 -101 -98 -80 -77 -92 -89 -85 -70 -63 -57 -53 -50 -53 -56 -60 -61 -64 -67 -67 -66 -69 -72 -72 -71 -67 -64 -63 -62 -60 -58 -56 -55 -56 -55 -54 -55 -54 -54 -48 -46 -45 -45 -46 -47 -48 -50 -52 -54 -56 -59 -61 -64 -65 -68 -70 -72 -74 -80 -87 -93 -100 -107 -114 -121 -127 -133 -139 -144
-9999 -9999 -117 -118 -118 -124 -126 -130 -128 -124 -122 -122 -125 -138 -143 -160 -169 -169 -168 -160 -149 -149 -143 -134 -122 -134 -113 -113 -102 -98 -84 -77 -74 -72 -74 -68 -64 -59 -56 -53 -55 -57 -58 -62 -66 -69 -68 -68 -69 -69 -70 -69 -66 -65 -62 -60 -58 -57 -56 -54 -53 -55 -53 -53 -53 -49 -45 -44 -44 -44 -45 -47 -49 -51 -54 -56 -59 -61 -64 -65 -67 -70 -72 -75 -78 -84 -89 -95 -102 -108 -115 -121 -126 -131 -137 -143
-9999 -9999 -9999 -119 -118 -118 -119 -124 -124 -126 -126 -126 -136 -144 -150 -160 -166 -158 -168 -164 -155 -139 -146 -138 -126 -125 -118 -115 -108 -94 -85 -82 -77 -72 -70 -68 -64 -60 -58 -56 -56 -59 -60 -63 -65 -71 -72 -70 -71 -70 -71 -68 -65 -63 -62 -61 -59 -57 -56 -54 -53 -53 -53 -51 -48 -47 -46 -47 -46 -47 -47 -49 -50 -53 -54 -57 -59 -62 -64 -66 -70 -72 -74 -79 -82 -86 -92 -97 -103 -110 -115 -120 -125 -130 -136 -141
-9999 -9999 -122 -121 -120 -120 -120 -123 -128 -130 -130 -131 -134 -146 -161 -167 -161 -157 -160 -161 -155 -142 -133 -138 -133 -124 -115 -104 -108 -98 -88 -84 -78 -73 -69 -66 -64 -62 -60 -59 -59 -60 -63 -64 -69 -72 -73 -72 -72 -71 -69 -66 -63 -63 -62 -61 -59 -58 -56 -54 -55 -54 -55 -53 -52 -50 -50 -49 -49 -48 -48 -49 -51 -53 -54 -56 -59 -63 -66 -69 -71 -74 -77 -80 -84 -89 -93 -98 -104 -109 -114 -118 -124 -130 -135 -140
-124 -9999 -122 -122 -122 -121 -121 -122 -127 -132 -135 -140 -147 -151 -157 -159 -150 -156 -159 -159 -148 -142 -131 -135 -126 -118 -112 -105 -103 -96 -88 -83 -77 -72 -67 -62 -61 -62 -62 -62 -63 -64 -64 -67 -71 -72 -74 -73 -73 -74 -67 -65 -64 -63 -62 -61 -59 -58 -56 -56 -55 -56 -54 -54 -51 -48 -51 -49 -47 -47 -48 -50 -53 -56 -57 -58 -61 -64 -66 -70 -72 -75 -79 -83 -87 -90 -91 -96 -102 -108 -113 -120 -124 -129 -134 -138
-124 -9999 -9999 -9999 -121 -122 -122 -123 -126 -130 -136 -140 -138 -147 -149 -148 -142 -144 -148 -152 -139 -134 -125 -130 -122 -112 -110 -105 -98 -92 -86 -78 -72 -68 -9999 -60 -61 -62 -63 -64 -66 -67 -68 -69 -71 -72 -74 -73 -73 -70 -67 -65 -64 -63 -63 -61 -61 -60 -59 -56 -56 -55 -54 -51 -49 -48 -49 -47 -47 -48 -48 -48 -51 -52 -55 -59 -61 -64 -67 -70 -74 -76 -80 -85 -89 -89 -92 -96 -101 -109 -116 -124 -128 -131 -134 -138
-128 -124 -9999 -9999 -9999 -9999 -121 -122 -123 -124 -126 -128 -134 -137 -143 -137 -138 -136 -141 -137 -130 -129 -126 -122 -118 -115 -110 -101 -95 -89 -81 -74 -9999 -9999 -9999 -9999 -9999 -62 -64 -66 -68 -69 -71 -71 -72 -72 -73 -73 -71 -69 -68 -66 -65 -65 -63 -62 -63 -63 -67 -59 -58 -58 -53 -51 -50 -49 -48 -47 -47 -47 -48 -50 -53 -55 -57 -60 -63 -66 -68 -72 -75 -78 -82 -85 -90 -92 -97 -102 -106 -111 -119 -127 -130 -132 -135 -138
-129 -127 -126 -126 -123 -9999 -9999 -121 -9999 -9999 -9999 -118 -119 -122 -128 -130 -131 -136 -136 -133 -129 -124 -123 -118 -113 -108 -103 -97 -90 -82 -9999 -9999 -9999 -9999 -9999 -9999 -9999 -9999 -65 -66 -68 -69 -71 -72 -72 -73 -72 -72 -72 -69 -69 -67 -67 -66 -65 -65 -66 -66 -66 -61 -60 -57 -52 -52 -52 -52 -50 -50 -50 -50 -51 -53 -55 -57 -60 -62 -64 -67 -71 -74 -76 -79 -83 -87 -92 -98 -103 -108 -111 -115 -120 -127 -129 -130 -133 -136
-130 -131 -130 -128 -127 -126 -125 -123 -122 -120 -9999 -9999 -9999 -9999 -114 -121 -127 -126 -125 -125 -123 -119 -116 -111 -107 -102 -96 -90 -9999 -9999 -9999 -9999 -9999 -9999 -76 -75 -74 -73 -72 -72 -68 -68 -67 -72 -74 -74 -72 -73 -72 -70 -71 -69 -68 -68 -68 -68 -69 -69 -68 -67 -66 -56 -54 -58 -56 -54 -52 -52 -53 -53 -51 -56 -58 -59 -60 -63 -66 -69 -72 -75 -78 -82 -85 -89 -95 -101 -106 -110 -114 -117 -121 -128 -131 -130 -131 -135
-134 -133 -132 -132 -132 -131 -130 -128 -125 -123 -120 -118 -9999 -9999 -9999 -114 -114 -114 -117 -114 -112 -112 -107 -105 -98 -9999 -9999 -9999 -9999 -9999 -85 -84 -85 -85 -84 -85 -83 -81 -80 -78 -74 -70 -68 -73 -74 -74 -73 -72 -71 -71 -70 -70 -73 -71 -72 -71 -70 -71 -71 -69 -63 -57 -62 -62 -58 -57 -56 -54 -54 -54 -54 -56 -59 -60 -61 -63 -67 -71 -73 -76 -79 -84 -87 -92 -100 -105 -109 -114 -119 -122 -126 -130 -132 -133 -132 -133
-134 -134 -134 -133 -131 -130 -130 -129 -127 -126 -124 -121 -119 -117 -116 -114 -9999 -9999 -9999 -9999 -9999 -9999 -9999 -9999 -9999 -9999 -93 -93 -93 -93 -91 -91 -91 -92 -91 -89 -88 -87 -85 -84 -80 -76 -75 -76 -75 -74 -74 -71 -70 -70 -72 -72 -74 -73 -74 -73 -71 -74 -73 -69 -66 -63 -64 -63 -61 -59 -58 -58 -56 -56 -56 -58 -60 -62 -63 -66 -69 -72 -75 -78 -80 -85 -92 -97 -102 -106 -114 -120 -122 -125 -127 -129 -131 -132 -134 -134
-133 -133 -132 -132 -131 -130 -129 -129 -128 -127 -126 -125 -123 -121 -120 -117 -114 -112 -109 -107 -106 -104 -102 -101 -100 -99 -98 -99 -99 -99 -98 -97 -95 -94 -94 -94 -93 -91 -89 -86 -84 -81 -79 -76 -75 -73 -71 -69 -69 -71 -69 -70 -69 -70 -70 -69 -69 -70 -70 -70 -67 -65 -66 -66 -62 -58 -57 -58 -57 -58 -58 -59 -61 -63 -65 -67 -71 -74 -77 -80 -84 -90 -94 -99 -106 -114 -119 -121 -122 -124 -126 -128 -129 -131 -133 -134
-131 -131 -131 -131 -131 -130 -130 -129 -128 -127 -126 -126 -125 -124 -122 -120 -118 -116 -114 -112 -110 -108 -106 -106 -106 -105 -105 -104 -103 -102 -101 -99 -98 -97 -96 -96 -95 -94 -91 -86 -84 -82 -79 -76 -74 -71 -69 -68 -66 -68 -68 -67 -69 -71 -70 -70 -71 -69 -69 -68 -66 -64 -64 -63 -61 -60 -58 -58 -58 -58 -59 -61 -64 -65 -67 -69 -73 -76 -80 -85 -89 -93 -96 -100 -107 -115 -119 -122 -123 -125 -126 -127 -127 -130 -133 -133
-130 -130 -130 -130 -130 -129 -129 -129 -128 -127 -126 -125 -125 -124 -123 -121 -119 -117 -117 -115 -114 -112 -111 -109 -109 -108 -107 -106 -104 -102 -100 -99 -98 -98 -97 -96 -95 -94 -91 -87 -83 -81 -78 -75 -71 -68 -66 -65 -64 -66 -67 -68 -70 -70 -68 -68 -68 -66 -66 -65 -64 -64 -63 -63 -62 -62 -63 -63 -62 -62 -62 -63 -65 -67 -68 -71 -74 -79 -83 -87 -89 -93 -96 -102 -109 -115 -118 -120 -122 -123 -124 -124 -125 -127 -129 -128
-128 -128 -127 -127 -128 -127 -127 -127 -126 -126 -125 -125 -124 -123 -122 -121 -120 -118 -117 -116 -114 -112 -112 -111 -110 -109 -108 -108 -106 -104 -102 -101 -100 -97 -96 -95 -94 -92 -88 -85 -82 -79 -76 -72 -69 -66 -64 -63 -61 -62 -64 -67 -67 -68 -67 -67 -67 -67 -65 -65 -64 -64 -64 -63 -62 -62 -63 -66 -66 -66 -66 -66 -67 -69 -70 -73 -76 -81 -84 -87 -90 -93 -97 -102 -108 -114 -116 -119 -121 -121 -121 -122 -123 -125 -128 -128
-126 -126 -125 -125 -125 -125 -125 -125 -124 -123 -123 -122 -122 -121 -120 -119 -118 -117 -116 -115 -114 -112 -111 -110 -109 -109 -109 -108 -106 -103 -102 -100 -99 -97 -98 -96 -94 -91 -88 -85 -82 -79 -75 -71 -67 -63 -62 -61 -60 -60 -62 -63 -65 -67 -66 -67 -67 -66 -65 -65 -65 -65 -64 -62 -62 -63 -65 -68 -69 -69 -69 -69 -70 -71 -72 -75 -80 -82 -84 -87 -91 -94 -98 -103 -109 -114 -116 -118 -119 -119 -119 -120 -121 -123 -126 -126
-124 -124 -123 -124 -123 -123 -123 -122 -122 -122 -121 -120 -120 -119 -119 -118 -117 -116 -115 -114 -112 -111 -110 -108 -107 -107 -108 -106 -105 -103 -102 -99 -98 -96 -97 -96 -93 -90 -88 -85 -83 -78 -74 -70 -65 -63 -62 -61 -60 -60 -59 -59 -62 -63 -66 -68 -68 -67 -66 -65 -65 -65 -65 -64 -64 -64 -65 -67 -69 -71 -71 -71 -71 -72 -74 -79 -81 -83 -85 -88 -92 -95 -99 -104 -108 -112 -115 -117 -119 -118 -118 -119 -122 -124 -125 -126
-120 -120 -120 -121 -120 -120 -120 -120 -120 -119 -119 -118 -118 -117 -116 -115 -114 -113 -112 -112 -110 -109 -108 -106 -106 -106 -106 -105 -104 -103 -101 -99 -97 -96 -95 -94 -94 -90 -88 -86 -82 -77 -74 -70 -66 -63 -61 -61 -61 -60 -59 -59 -58 -59 -62 -65 -66 -67 -66 -65 -66 -66 -67 -66 -65 -66 -68 -69 -70 -71 -72 -73 -72 -73 -77 -80 -82 -83 -86 -90 -93 -96 -101 -104 -108 -111 -115 -116 -118 -116 -116 -119 -120 -121 -123 -125
-118 -118 -118 -118 -118 -118 -117 -117 -117 -116 -116 -116 -115 -114 -114 -113 -112 -111 -110 -110 -109 -107 -107 -105 -104 -105 -105 -105 -104 -103 -102 -100 -98 -96 -94 -93 -92 -90 -89 -88 -84 -78 -73 -70 -66 -64 -62 -62 -61 -61 -59 -59 -63 -63 -63 -63 -65 -65 -66 -64 -66 -67 -67 -68 -68 -68 -69 -70 -71 -73 -75 -74 -74 -75 -78 -81 -82 -84 -87 -91 -95 -98 -101 -104 -108 -110 -113 -114 -114 -114 -116 -118 -118 -119 -121 -124
-115 -115 -115 -115 -115 -115 -114 -114 -114 -113 -113 -113 -112 -112 -111 -110 -109 -109 -108 -107 -106 -105 -104 -103 -103 -104 -104 -105 -104 -102 -102 -101 -99 -96 -94 -93 -91 -90 -87 -87 -83 -77 -73 -69 -66 -64 -62 -62 -62 -61 -61 -60 -58 -60 -62 -64 -65 -66 -64 -63 -63 -66 -67 -67 -67 -68 -68 -70 -71 -73 -75 -76 -75 -75 -80 -82 -82 -86 -89 -93 -96 -99 -102 -104 -106 -109 -111 -110 -111 -113 -114 -115 -117 -118 -121 -123
-112 -112 -112 -112 -112 -112 -112 -111 -111 -110 -110 -110 -109 -108 -108 -107 -107 -106 -105 -104 -104 -103 -102 -102 -102 -102 -103 -103 -102 -101 -100 -100 -99 -96 -93 -91 -89 -86 -83 -81 -79 -75 -72 -69 -67 -64 -60 -59 -61 -62 -61 -59 -59 -60 -62 -62 -63 -65 -65 -64 -62 -63 -64 -66 -66 -67 -67 -68 -70 -72 -74 -76 -76 -77 -79 -81 -84 -86 -90 -93 -96 -98 -100 -102 -105 -107 -107 -108 -110 -111 -112 -113 -116 -118 -120 -121
-109 -109 -109 -109 -109 -109 -108 -108 -108 -107 -107 -106 -106 -105 -105 -104 -103 -103 -102 -101 -101 -100 -100 -99 -99 -99 -99 -99 -99 -99 -98 -99 -98 -95 -91 -88 -86 -83 -80 -79 -76 -74 -70 -68 -66 -64 -62 -60 -60 -59 -59 -56 -56 -58 -60 -62 -62 -64 -67 -67 -64 -63 -64 -66 -66 -68 -70 -70 -71 -73 -75 -76 -77 -78 -80 -81 -84 -86 -89 -92 -95 -97 -99 -101 -103 -105 -105 -106 -107 -108 -110 -112 -114 -116 -116 -117
-106 -106 -106 -106 -106 -106 -105 -104 -104 -104 -104 -103 -102 -102 -101 -100 -100 -99 -98 -98 -97 -96 -96 -95 -95 -96 -96 -97 -97 -97 -97 -98 -96 -93 -90 -87 -83 -81 -78 -76 -75 -73 -70 -68 -66 -64 -61 -60 -57 -56 -54 -53 -54 -54 -57 -59 -60 -63 -67 -69 -68 -64 -65 -67 -68 -69 -72 -73 -74 -74 -76 -76 -76 -77 -79 -81 -83 -86 -88 -91 -94 -96 -97 -99 -102 -102 -103 -104 -105 -107 -108 -110 -111 -112 -112 -113
-103 -103 -103 -102 -102 -102 -101 -101 -100 -100 -100 -99 -99 -98 -97 -97 -96 -95 -95 -94 -93 -93 -92 -91 -91 -92 -92 -93 -94 -95 -96 -95 -93 -90 -87 -83 -81 -81 -78 -75 -73 -71 -69 -67 -66 -64 -62 -60 -58 -54 -51 -52 -54 -54 -56 -58 -60 -62 -63 -65 -68 -68 -66 -67 -68 -70 -72 -73 -74 -75 -75 -76 -76 -77 -78 -80 -82 -85 -87 -90 -93 -95 -96 -98 -99 -100 -100 -102 -103 -104 -105 -106 -107 -107 -108 -108
-99 -99 -98 -98 -98 -98 -98 -97 -97 -96 -96 -95 -95 -94 -93 -93 -92 -92 -91 -90 -89 -89 -88 -87 -86 -85 -86 -88 -90 -91 -93 -92 -91 -87 -84 -83 -83 -81 -77 -75 -72 -69 -66 -65 -65 -63 -60 -59 -56 -53 -52 -51 -52 -53 -55 -57 -58 -58 -59 -60 -63 -65 -66 -69 -72 -73 -74 -75 -75 -75 -75 -75 -75 -76 -77 -78 -80 -82 -84 -87 -90 -92 -94 -95 -97 -98 -98 -100 -100 -101 -102 -102 -103 -103 -103 -104
