resultados/variables_proyeccion_tiempo/variables_paleo_21k/bio16.asc
ncols 330
nrows 228
xllcorner -12.000000
yllcorner 34.000000
cellsize 0.166667
NODATA_value -9999
[rows 84 to 125 of 228, columns 0 to 93 of 330]
-9999 -9999 -9999 -9999 -9999 -9999 -9999 -9999 -9999 -9999 -9999 -9999 -9999 -9999 -9999 -9999 281 278 275 270 263 264 251 244 239 233 227 226 223 220 230 224 213 200 198 208 218 229 232 237 244 245 246 229 200 176 161 142 131 127 128 131 136 141 148 155 162 170 177 183 189 195 201 205 208 210 214 217 219 221 222 224 226 227 228 230 231 233 236 238 242 245 248 251 254 258 261 264 268 271 274 277 280 284
-9999 -9999 -9999 -9999 -9999 -9999 -9999 -9999 -9999 -9999 -9999 -9999 -9999 -9999 -9999 280 282 278 273 267 265 257 248 241 236 232 231 227 224 222 219 206 198 199 207 222 232 259 264 288 297 286 294 260 256 210 166 140 132 129 131 138 144 148 153 159 166 174 183 190 193 199 204 208 211 215 217 221 222 224 226 228 230 232 235 237 238 240 242 246 247 249 252 255 258 261 264 268 271 274 277 280 283 287
-9999 -9999 -9999 -9999 -9999 -9999 -9999 -9999 -9999 -9999 -9999 -9999 -9999 -9999 -9999 279 280 276 271 264 257 249 246 240 235 235 234 231 228 224 210 213 224 223 269 248 261 286 314 320 306 304 286 259 230 184 158 143 136 139 146 155 160 165 174 176 180 188 201 202 205 207 208 210 212 216 220 223 226 228 231 233 234 237 240 242 244 245 247 249 251 253 256 258 261 264 267 270 273 277 280 283 286 289
-9999 -9999 -9999 -9999 -9999 -9999 -9999 -9999 -9999 -9999 -9999 -9999 -9999 -9999 -9999 276 279 276 270 262 258 250 244 240 236 234 233 231 230 224 217 240 260 278 310 310 296 334 326 336 355 357 338 300 253 213 186 196 202 180 182 179 188 193 193 186 190 192 197 204 210 208 209 210 214 218 223 226 229 232 235 238 240 242 244 246 248 249 251 253 254 256 258 260 264 267 270 272 275 279 281 285 288 291
-9999 -9999 -9999 -9999 -9999 -9999 -9999 -9999 -9999 -9999 -9999 -9999 -9999 -9999 -9999 -9999 274 274 268 259 258 250 244 238 235 233 232 234 241 226 225 239 259 303 341 345 335 344 354 374 399 398 362 335 296 270 296 275 241 195 208 222 231 220 206 198 196 191 200 204 201 206 210 211 216 221 226 229 233 236 238 241 243 245 247 249 250 252 254 255 257 259 261 264 266 269 272 275 278 281 283 286 289 293
-9999 -9999 -9999 -9999 -9999 -9999 -9999 -9999 -9999 -9999 -9999 -9999 -9999 -9999 -9999 -9999 270 271 261 259 259 252 246 238 236 232 232 236 238 225 229 245 274 305 326 338 355 363 404 420 421 408 393 368 376 365 342 284 258 313 306 278 240 228 203 198 195 195 203 200 200 206 209 212 218 223 227 231 234 237 240 242 245 247 250 252 253 255 257 258 259 261 263 266 269 272 274 277 280 282 285 288 291 294
-9999 -9999 -9999 -9999 -9999 -9999 -9999 -9999 -9999 -9999 -9999 -9999 -9999 -9999 -9999 -9999 -9999 267 268 266 264 256 249 241 239 234 238 238 224 224 234 254 280 313 340 349 355 390 417 435 439 436 426 427 421 386 367 352 343 321 302 294 298 272 250 229 211 202 198 191 198 203 207 212 218 223 228 233 236 239 243 245 247 250 252 254 256 257 259 261 262 263 265 268 271 274 277 279 282 284 287 289 292 296
-9999 -9999 -9999 -9999 -9999 -9999 -9999 -9999 -9999 -9999 -9999 -9999 -9999 -9999 -9999 -9999 -9999 -9999 266 265 262 255 248 240 239 238 237 223 219 228 241 258 283 313 342 373 390 403 425 457 458 478 497 477 460 424 390 338 301 282 275 254 242 221 212 190 182 187 183 188 193 198 203 209 216 222 228 233 238 241 245 248 250 250 251 256 258 260 261 263 264 266 268 270 273 275 278 281 284 286 288 291 293 296
-9999 -9999 -9999 -9999 -9999 -9999 -9999 -9999 -9999 -9999 -9999 -9999 -9999 -9999 -9999 -9999 -9999 -9999 266 265 258 250 245 240 240 236 228 223 230 240 250 270 294 319 362 395 408 416 437 423 481 505 518 497 497 475 445 378 338 286 242 209 194 194 191 188 182 179 182 185 189 194 201 208 215 222 228 233 238 242 245 248 252 253 254 258 260 262 263 265 266 268 269 272 275 277 280 282 285 287 289 291 294 296
-9999 -9999 -9999 -9999 -9999 -9999 -9999 -9999 -9999 -9999 -9999 -9999 -9999 -9999 -9999 -9999 -9999 267 269 265 259 252 245 242 237 233 230 230 234 239 251 267 291 320 355 402 422 415 398 434 472 498 521 535 532 494 439 401 343 277 223 198 193 184 181 176 178 182 184 187 190 194 200 207 214 221 228 233 238 243 246 248 253 256 258 260 262 264 266 267 268 270 271 274 276 278 281 283 285 287 289 292 294 297
-9999 -9999 -9999 -9999 -9999 -9999 -9999 -9999 -9999 -9999 -9999 -9999 -9999 -9999 -9999 -9999 -9999 272 269 265 265 258 248 243 239 237 229 230 235 239 246 262 288 317 345 372 382 394 414 461 487 494 528 521 528 491 424 373 321 302 259 217 204 189 190 188 186 188 190 191 193 197 202 207 214 221 228 234 240 245 248 252 255 258 260 262 264 266 267 268 270 271 272 274 277 279 282 284 286 288 289 292 294 296
-9999 -9999 -9999 -9999 -9999 -9999 -9999 -9999 -9999 -9999 -9999 -9999 -9999 -9999 -9999 -9999 -9999 270 274 270 265 263 258 251 244 238 232 231 235 242 249 259 278 303 334 354 382 401 417 448 472 500 492 489 436 409 399 370 292 251 233 214 195 184 182 188 191 193 196 198 200 201 204 209 215 221 229 234 240 245 250 253 256 260 263 264 266 268 269 271 271 272 274 275 277 279 282 284 286 288 289 292 294 296
-9999 -9999 -9999 -9999 -9999 -9999 -9999 -9999 -9999 -9999 -9999 -9999 -9999 -9999 -9999 -9999 282 280 278 275 268 261 252 244 240 233 231 230 233 240 244 256 277 303 331 360 385 380 440 444 460 470 438 444 394 380 352 334 323 295 259 231 223 206 212 225 240 228 220 208 206 207 207 211 215 221 228 234 240 246 251 255 259 264 266 268 270 271 272 272 273 274 275 276 278 280 282 284 285 287 289 291 294 296
-9999 -9999 -9999 -9999 -9999 -9999 -9999 -9999 -9999 -9999 -9999 -9999 -9999 -9999 -9999 -9999 286 288 285 283 278 270 262 254 246 238 234 233 234 239 246 256 274 300 321 354 350 368 411 439 437 413 397 427 375 380 375 355 332 333 312 307 288 308 285 270 258 237 219 223 214 212 212 214 215 220 226 235 241 249 253 258 262 264 268 270 273 273 272 273 274 275 275 276 278 280 282 284 286 287 290 292 293 296
-9999 -9999 -9999 -9999 -9999 -9999 -9999 -9999 -9999 -9999 -9999 -9999 -9999 -9999 -9999 287 291 296 293 289 286 279 271 262 252 243 235 231 231 233 240 244 257 275 301 314 328 353 420 407 464 397 353 348 344 357 399 411 394 371 366 362 373 339 304 266 242 233 246 247 239 226 217 215 215 218 225 234 243 250 255 259 262 265 267 270 271 272 273 274 275 275 276 276 277 279 282 284 286 288 290 292 294 295
-9999 -9999 -9999 -9999 -9999 -9999 -9999 -9999 -9999 -9999 -9999 -9999 -9999 291 293 299 300 300 298 296 291 286 278 268 256 244 234 230 231 229 233 239 244 252 262 279 298 347 376 359 382 370 340 352 352 394 421 450 427 440 425 431 438 396 338 296 280 287 309 296 248 239 219 212 213 215 222 231 241 251 258 262 266 267 268 270 272 273 274 275 275 276 277 277 279 280 282 285 286 288 290 291 293 295
-9999 -9999 -9999 -9999 -9999 -9999 -9999 -9999 -9999 -9999 -9999 -9999 295 299 303 303 304 302 302 302 300 298 295 284 268 252 240 244 242 238 230 229 240 253 269 271 271 304 318 329 339 342 348 390 431 448 476 481 435 399 428 382 433 414 380 335 333 313 284 270 252 230 218 212 211 211 218 229 240 252 261 267 271 271 268 270 272 273 274 275 275 276 277 278 279 280 282 284 285 287 289 290 292 293
-9999 -9999 -9999 -9999 -9999 -9999 -9999 -9999 -9999 -9999 -9999 300 300 305 312 309 308 307 308 309 316 319 326 319 291 265 241 238 235 225 235 242 234 248 287 296 269 269 284 304 317 338 400 400 406 472 454 433 423 382 348 348 359 338 303 306 335 304 269 256 239 225 219 214 210 210 216 226 238 249 260 266 269 268 268 268 269 271 272 274 275 276 276 277 277 278 280 282 284 285 287 288 289 291
-9999 -9999 -9999 -9999 -9999 -9999 -9999 -9999 -9999 -9999 303 308 313 308 305 310 309 311 312 317 329 339 345 339 312 279 247 234 240 244 244 246 224 235 247 284 281 266 267 280 302 334 357 371 364 378 415 401 384 372 343 317 312 295 283 298 349 332 312 273 244 234 221 220 208 210 218 229 241 253 263 268 269 268 267 268 268 268 269 271 272 274 274 274 275 275 277 279 281 283 284 285 286 288
-9999 -9999 -9999 -9999 -9999 -9999 -9999 -9999 -9999 305 310 309 309 309 309 308 307 311 311 325 348 353 354 347 327 293 264 251 251 252 249 228 214 216 222 247 269 267 269 269 271 290 315 319 337 349 342 352 347 325 320 336 343 378 340 326 389 432 413 358 295 247 227 229 217 214 225 236 249 261 269 272 272 270 268 266 266 266 266 268 269 270 270 271 271 272 274 276 278 280 281 282 284 285
-9999 -9999 -9999 -9999 -9999 -9999 -9999 -9999 306 310 310 309 311 308 309 307 307 308 307 321 327 330 329 329 325 304 286 257 240 235 227 210 206 208 218 250 248 262 269 272 264 269 293 302 306 304 310 311 316 320 339 377 410 440 421 396 376 410 424 360 301 249 229 221 217 233 247 254 258 271 276 275 274 271 268 265 264 262 262 263 265 265 266 267 267 269 270 273 274 276 277 279 280 282
-9999 -9999 -9999 -9999 -9999 -9999 -9999 -9999 310 312 311 308 311 314 314 301 305 305 304 305 313 331 333 325 328 305 288 265 244 228 212 204 204 210 227 251 265 260 266 271 262 262 274 284 290 290 297 306 312 314 324 363 432 432 429 453 453 448 463 423 355 276 227 219 242 272 283 288 298 286 277 275 272 270 266 262 261 257 256 258 258 260 260 261 262 264 266 268 270 272 274 275 277 278
-9999 -9999 -9999 -9999 -9999 -9999 317 317 315 315 316 319 324 330 340 335 314 307 310 315 304 307 312 324 322 322 290 258 238 219 210 214 226 222 239 270 279 256 262 264 260 253 265 283 319 331 291 294 296 295 301 328 363 374 392 418 458 502 484 438 375 298 232 215 236 241 236 254 281 293 275 270 267 263 259 256 254 251 250 251 252 253 254 254 256 259 261 263 265 267 270 272 274 276
-9999 -9999 -9999 -9999 -9999 327 324 323 321 320 324 327 325 337 349 336 312 309 318 309 295 293 298 292 310 300 281 248 229 218 216 215 217 227 250 269 258 249 254 252 252 258 267 292 294 282 279 283 285 284 294 310 325 334 355 417 479 504 483 435 406 327 249 215 206 210 218 240 259 270 269 259 254 252 249 247 246 243 242 244 245 246 248 248 249 251 253 257 260 262 266 268 270 273
-9999 -9999 -9999 337 336 335 334 331 328 327 334 332 336 337 339 335 317 305 299 296 288 279 271 262 267 270 262 244 234 226 221 208 205 208 214 223 234 240 243 240 247 256 262 266 270 269 267 274 277 277 283 291 304 320 342 396 481 480 457 415 366 312 257 218 201 197 200 218 233 233 241 241 239 239 238 236 236 235 234 236 238 239 240 242 244 245 248 252 255 258 262 265 267 269
-9999 -9999 348 345 343 343 342 338 334 333 330 332 332 340 338 330 311 303 295 288 278 269 259 250 247 250 244 232 224 220 211 206 211 210 207 211 224 231 239 243 248 254 260 264 267 269 270 269 267 270 271 274 285 302 320 350 404 448 461 451 383 304 246 215 199 191 192 195 212 216 221 227 227 226 226 226 226 226 228 229 230 232 234 236 238 242 246 249 251 254 258 261 264 267
-9999 358 354 354 355 355 351 346 341 338 342 341 350 362 356 330 309 299 289 282 274 262 251 241 234 233 228 224 219 212 207 205 208 203 201 207 217 225 235 239 245 252 259 264 271 275 277 273 262 261 260 261 267 279 297 332 373 391 378 394 413 336 271 224 202 187 186 188 196 204 210 211 214 214 215 216 217 218 220 221 223 225 227 229 233 236 241 244 247 251 255 258 261 264
366 365 366 366 364 362 357 353 350 346 344 348 347 344 338 334 313 298 287 280 273 260 246 236 226 223 221 216 212 207 207 209 206 197 193 207 218 225 231 236 243 250 257 266 277 292 299 288 277 262 254 253 251 258 273 298 307 299 296 331 408 387 313 234 213 188 183 184 187 189 208 209 203 204 206 207 208 210 212 214 216 218 220 223 227 230 235 239 244 248 251 255 258 262
373 374 376 375 372 370 366 363 361 356 350 348 347 344 336 330 316 299 288 280 273 264 247 231 219 214 212 210 205 205 210 212 221 248 253 220 225 232 235 236 241 247 255 267 279 299 317 332 357 315 302 281 290 250 248 267 274 266 276 351 401 356 301 243 219 195 184 179 181 181 186 200 199 195 195 198 200 202 204 207 209 211 213 217 221 226 230 235 240 244 248 251 255 259
381 382 385 384 381 380 377 373 370 367 362 355 349 350 343 332 336 317 293 286 290 269 250 233 219 225 240 218 209 208 216 230 260 323 316 259 236 241 240 238 240 245 253 262 274 294 348 410 414 367 387 342 321 294 236 244 241 238 260 299 340 313 277 236 221 201 183 178 179 177 176 181 184 185 186 191 195 197 199 202 204 205 207 211 215 220 225 230 235 240 244 248 253 257
389 391 394 393 391 389 386 384 382 377 372 365 359 352 345 346 336 313 294 295 289 280 269 252 239 229 222 216 228 229 223 244 270 314 290 263 246 245 242 241 241 245 253 268 292 316 320 352 407 436 401 397 365 290 240 228 220 226 230 250 252 241 226 209 194 188 180 181 179 174 171 174 176 174 179 192 198 199 202 203 201 199 201 205 210 215 220 226 231 236 241 246 250 254
396 400 403 402 400 398 397 395 393 390 386 380 373 367 362 354 344 315 287 286 288 288 304 288 257 241 237 232 229 252 240 254 272 283 277 249 247 244 244 241 240 244 253 272 286 292 292 349 416 446 453 388 320 271 239 216 202 204 211 219 224 214 210 208 195 186 186 185 178 170 167 168 170 172 176 185 194 195 197 198 198 197 197 201 206 212 217 222 228 233 238 243 248 252
401 406 408 409 409 408 407 405 404 402 399 395 394 391 383 365 348 322 294 280 280 286 293 290 262 261 262 243 233 246 258 294 275 276 261 253 250 246 244 242 237 237 242 251 262 277 289 336 417 446 458 407 340 303 293 242 221 201 202 214 214 203 201 195 188 184 187 180 173 167 164 163 164 166 169 174 185 189 191 194 194 191 192 196 202 208 213 219 225 230 235 240 245 249
404 408 413 416 417 417 417 417 417 415 414 416 418 410 401 389 376 346 314 296 286 297 311 309 286 284 283 268 267 272 272 281 278 271 258 251 248 245 242 236 233 233 236 243 255 275 290 340 452 547 506 464 421 351 278 237 240 206 195 208 207 197 193 185 185 187 183 179 172 166 161 159 161 163 165 168 176 179 185 189 191 190 189 192 199 205 211 217 222 228 233 237 242 247
-9999 -9999 414 421 424 426 426 426 427 433 466 455 447 443 429 418 407 382 340 313 311 303 313 323 333 333 339 295 277 275 276 275 277 265 257 251 247 246 242 238 236 236 239 248 262 291 332 407 474 558 534 450 421 346 269 228 220 206 187 187 189 184 177 177 183 182 177 176 171 166 160 161 160 160 163 165 168 174 179 185 189 188 188 193 198 204 210 216 222 226 231 235 239 243
-9999 -9999 -9999 423 429 432 435 437 452 458 460 463 461 458 451 438 422 388 368 344 332 326 313 322 332 339 322 293 283 278 274 269 268 262 256 252 251 247 245 244 246 253 259 278 293 332 376 420 476 495 497 457 396 348 271 232 215 212 192 188 185 187 181 186 183 183 179 176 174 168 166 169 168 167 166 163 165 169 173 179 184 185 188 193 199 204 210 215 221 225 229 233 237 240
-9999 -9999 -9999 427 433 438 440 445 449 464 475 489 496 489 473 469 443 405 377 354 339 325 312 317 320 321 310 296 288 282 278 274 270 265 259 256 253 249 250 255 265 278 292 308 317 341 366 391 423 487 488 458 394 394 297 260 233 214 199 208 218 202 192 188 183 182 182 183 186 188 185 185 181 177 168 164 165 168 172 176 179 183 188 194 200 205 210 215 220 224 228 232 235 237
-9999 -9999 -9999 433 439 443 446 449 456 466 473 482 482 490 479 465 448 410 388 368 352 331 306 307 309 309 306 299 293 288 284 280 275 271 266 258 256 253 258 264 267 274 278 293 304 315 351 382 422 437 460 437 421 374 287 278 258 221 224 231 210 196 189 186 187 189 191 196 199 198 195 187 184 180 173 167 166 168 171 175 180 185 190 195 201 206 211 215 219 223 226 230 232 235
-9999 -9999 -9999 438 441 446 450 453 457 461 468 479 476 473 468 456 432 413 386 366 348 326 313 309 309 309 307 303 298 295 291 287 283 277 270 264 262 261 263 264 265 270 278 284 291 305 335 359 359 390 409 380 352 320 284 264 249 240 239 216 208 205 206 206 204 208 212 202 197 191 192 186 184 184 180 174 170 171 175 179 183 188 193 198 203 208 212 216 219 222 225 229 232 234
-9999 -9999 -9999 -9999 447 452 454 457 458 460 462 464 463 466 454 441 422 399 378 360 346 334 325 321 317 315 312 309 306 303 299 294 289 283 278 272 270 270 268 267 267 269 272 279 289 303 318 332 335 332 335 321 306 282 271 275 264 252 238 220 229 230 226 225 225 226 226 225 204 188 190 195 197 196 193 188 183 184 186 187 189 192 196 200 205 210 214 216 217 221 225 231 232 232
-9999 -9999 -9999 -9999 452 456 458 460 460 461 462 460 457 452 443 431 416 399 384 369 356 345 336 331 327 323 320 317 313 310 306 302 296 289 285 283 281 278 276 275 273 273 276 285 293 300 317 345 369 382 347 300 282 272 271 276 280 263 244 243 241 237 239 241 251 256 260 257 222 204 209 215 215 215 209 213 215 214 208 200 196 196 199 203 208 212 215 217 218 219 226 231 230 229
-9999 -9999 -9999 -9999 456 459 461 464 464 461 464 461 455 450 442 430 417 403 390 378 365 355 348 342 337 332 328 324 320 317 314 309 305 301 297 293 290 287 286 283 281 280 282 285 291 305 322 354 389 430 422 381 321 286 263 252 247 260 262 261 255 247 246 252 263 279 283 277 235 200 203 215 224 231 230 226 223 223 219 209 202 200 202 206 210 215 218 219 217 217 223 228 227 226
