resultados/variables_proyeccion_tiempo/variables_paleo_21k/bio12.asc
ncols 330
nrows 228
xllcorner -12.000000
yllcorner 34.000000
cellsize 0.166667
NODATA_value -9999
[rows 84 to 125 of 228, columns 93 to 185 of 330]
815 822 831 843 854 865 881 897 914 931 953 975 998 1023 1053 -9999 -9999 -9999 1246 1257 1266 1287 1256 1231 1212 1167 1143 1084 -9999 -9999 -9999 -9999 -9999 802 786 763 741 718 704 686 672 662 653 644 631 632 668 689 717 756 814 857 900 910 925 938 917 884 838 796 769 738 705 655 628 652 653 638 633 618 598 590 576 559 549 539 520 500 486 470 450 431 413 398 391 382 378 390 390 391 396 402 403
827 833 843 859 872 885 896 908 923 946 967 993 1022 1047 1076 1097 1122 1149 1148 -9999 -9999 -9999 -9999 -9999 -9999 -9999 -9999 -9999 -9999 944 938 915 887 849 815 784 760 733 707 691 677 669 664 650 640 646 663 670 685 740 813 884 938 974 985 997 985 952 902 850 828 780 726 681 666 675 674 662 647 638 628 607 590 570 560 544 524 501 487 467 447 425 409 396 391 397 397 399 400 416 424 420 418
834 841 851 866 877 890 905 916 934 953 976 1002 1031 1062 1092 1120 1142 1159 1162 1158 1138 1116 1100 1079 1059 1041 1024 1008 991 970 957 930 902 868 827 786 753 728 707 691 681 671 663 657 654 655 655 656 664 722 797 874 957 976 993 996 993 973 925 882 844 800 767 724 700 708 706 681 652 641 633 618 603 583 567 550 526 503 481 462 441 421 408 402 404 402 406 413 432 436 433 430 426
842 850 857 869 881 894 909 926 946 967 991 1011 1031 1059 1089 1113 1133 1150 1156 1153 1147 1137 1119 1091 1068 1049 1033 1018 999 979 953 923 893 858 820 786 753 724 700 686 682 674 653 652 651 650 653 660 679 722 782 844 912 958 972 1006 1020 995 962 929 876 836 795 751 726 717 705 688 670 655 638 620 603 588 573 559 532 503 482 459 437 421 418 415 416 411 411 424 439 445 446 443 442
849 859 865 877 890 903 918 934 953 974 995 1016 1033 1053 1079 1104 1122 1134 1141 1137 1128 1127 1113 1091 1067 1044 1022 997 975 949 923 894 864 833 801 776 751 717 689 681 677 664 651 646 648 652 656 665 682 718 763 815 880 931 971 1008 1021 1008 987 950 896 855 808 771 749 730 717 703 691 680 666 641 619 597 575 558 530 505 479 460 446 434 424 420 417 417 425 436 446 451 451 452 450
855 862 870 879 890 903 915 932 948 968 987 1007 1029 1048 1067 1086 1099 1108 1114 1112 1105 1104 1090 1069 1041 1023 999 967 938 913 899 874 848 824 804 781 747 717 689 678 668 655 642 642 642 647 654 665 686 715 750 787 839 894 945 984 1020 1029 1012 978 931 872 833 791 770 751 732 711 695 683 682 656 633 609 581 554 530 504 485 471 457 447 435 430 427 427 431 442 452 457 460 462 459
859 866 874 883 892 903 916 929 945 964 981 998 1015 1033 1048 1063 1073 1082 1085 1086 1082 1074 1061 1038 1015 992 959 931 900 887 873 849 823 802 790 776 758 752 728 697 672 654 644 639 640 645 655 667 682 711 741 771 806 853 895 948 1013 1046 1046 1002 943 889 847 808 783 759 732 717 704 693 684 667 642 613 584 557 530 506 491 484 473 457 446 445 441 442 447 455 464 469 471 473 468
864 871 879 886 895 907 919 932 946 960 976 992 1006 1020 1033 1042 1050 1058 1060 1057 1053 1044 1030 1012 986 959 935 904 875 865 846 831 807 788 777 773 765 766 749 708 675 655 643 641 640 647 657 670 690 710 732 759 786 809 840 895 940 1038 1058 1006 949 893 851 811 783 764 736 722 704 687 671 659 644 616 585 557 528 510 510 498 483 470 464 460 461 462 466 470 478 482 489 491 486
866 871 877 884 891 903 918 928 939 953 967 982 995 1006 1019 1027 1031 1032 1033 1027 1022 1011 1000 984 960 940 912 889 877 861 842 822 804 780 774 771 763 752 732 710 677 656 641 636 633 646 656 670 685 704 723 745 765 787 810 834 868 943 988 967 935 888 844 811 781 763 742 718 703 688 674 656 636 617 591 561 536 527 524 510 495 487 486 485 484 486 486 490 497 502 507 509 501
867 872 879 886 893 902 915 927 937 948 961 972 982 991 1001 1010 1013 1014 1014 1008 999 991 978 958 942 918 894 879 874 869 855 837 816 801 793 779 768 750 723 698 673 656 650 643 639 642 650 664 680 698 715 732 748 767 789 848 885 911 927 925 894 864 821 793 770 751 734 716 699 684 668 654 641 624 596 571 551 548 540 525 514 512 512 510 509 509 509 512 516 521 522 519 517
869 872 878 885 893 903 915 925 934 944 954 960 969 979 986 992 994 993 990 986 980 969 954 942 922 902 881 870 864 867 867 855 842 827 814 800 777 756 731 699 674 652 648 638 631 639 648 663 677 690 706 719 736 755 779 797 835 872 893 892 872 826 789 755 742 728 707 689 678 664 653 641 633 626 606 582 565 566 557 544 542 540 538 538 537 535 533 533 538 536 532 533 539
869 873 878 884 892 902 911 921 930 938 946 952 960 966 971 974 975 975 972 967 959 949 941 924 907 889 875 864 853 864 869 867 866 853 834 826 803 761 722 700 665 640 635 627 630 637 648 662 672 672 687 709 727 745 765 788 810 843 847 852 848 813 774 725 702 688 685 668 656 644 634 629 624 620 611 596 583 581 573 569 567 566 564 561 557 552 552 552 556 550 547 554 556
871 875 882 888 895 900 909 918 925 932 939 943 948 952 957 960 960 958 955 948 942 935 922 910 896 880 864 851 851 854 862 871 878 873 865 860 825 770 729 698 668 645 637 630 632 640 652 664 678 685 696 706 721 740 744 757 784 805 826 826 821 817 781 719 687 672 667 655 648 645 638 631 626 628 618 610 603 598 593 593 590 586 584 584 581 574 571 573 572 569 567 569 574
874 876 883 889 895 900 905 912 918 924 928 934 938 943 944 945 945 941 939 937 929 918 907 896 884 868 855 843 853 859 872 887 905 904 891 866 828 780 740 693 669 649 638 636 643 651 660 676 685 696 704 704 714 730 738 729 734 760 789 804 807 799 782 740 681 665 657 649 643 649 643 638 637 634 628 622 618 616 616 616 614 613 613 613 607 598 594 593 589 584 582 588 596
876 879 884 888 892 897 901 906 912 917 921 924 926 928 929 931 931 932 927 920 914 906 895 886 874 862 850 847 849 850 867 894 928 925 893 855 814 770 727 702 685 663 648 646 650 659 674 692 701 715 718 714 704 706 709 702 708 739 772 799 785 762 744 730 698 663 650 641 637 639 640 642 643 640 639 638 638 636 635 637 641 641 640 638 632 622 617 612 606 601 602 609 615
877 878 882 884 886 889 893 898 902 907 912 915 918 920 921 920 918 915 912 909 903 895 888 878 868 857 847 839 833 841 857 887 921 928 897 856 807 765 747 736 710 684 670 659 656 660 679 698 700 703 708 704 692 688 675 663 678 711 747 757 745 726 701 692 674 654 648 649 646 645 645 645 648 650 652 651 654 657 660 661 659 659 658 655 650 642 634 631 625 620 620 624 628
873 872 874 878 881 883 887 894 898 901 904 906 908 909 908 908 905 903 900 895 891 887 880 872 863 854 848 840 836 840 858 884 922 939 912 868 814 766 749 746 726 713 704 678 660 663 681 686 682 684 704 698 682 672 657 652 662 682 702 712 704 691 668 651 654 651 646 660 660 656 657 657 657 661 665 669 675 681 681 677 676 676 674 671 668 664 657 650 642 635 635 636 641
867 865 865 868 871 875 881 884 889 892 896 897 899 899 898 897 895 892 890 887 882 877 870 865 858 853 850 845 845 853 868 891 921 939 924 885 827 785 758 745 734 714 702 675 670 670 675 678 669 677 691 690 676 670 661 653 658 670 680 681 677 669 667 656 635 625 627 643 679 688 664 663 670 677 680 687 693 701 707 710 711 711 709 706 701 693 684 671 659 649 643 642 648
858 858 860 862 866 869 873 878 882 885 888 890 892 893 893 890 887 884 880 876 872 868 864 858 855 852 850 849 854 863 873 892 910 922 919 901 861 817 793 763 740 718 694 681 676 687 694 696 692 692 694 690 681 669 662 652 655 662 668 670 664 665 669 659 632 610 623 636 646 664 670 673 682 691 701 710 720 730 735 735 734 736 736 735 728 718 704 690 678 666 656 648 650
852 850 852 855 858 862 866 869 873 876 878 880 881 881 881 879 877 873 870 866 864 861 856 854 851 850 849 851 857 865 871 888 900 911 920 920 901 864 820 783 758 732 713 700 692 699 705 708 708 708 701 687 673 665 658 656 655 656 658 660 662 665 664 659 639 624 626 632 647 659 672 685 695 707 720 735 743 746 746 745 745 752 760 763 761 760 744 716 695 672 662 659 655
844 844 844 845 849 852 855 859 863 867 869 870 872 871 871 870 868 866 862 859 854 850 849 846 847 847 846 850 851 861 871 881 891 900 914 931 940 895 856 809 776 748 728 717 711 710 707 709 710 708 702 686 677 673 668 663 659 658 661 658 673 661 658 659 654 635 628 647 663 672 684 695 708 723 737 753 762 767 771 769 776 783 788 792 784 781 766 731 708 676 654 648 652
833 836 839 841 842 845 848 851 855 858 860 861 863 864 863 862 861 858 855 851 848 844 840 841 842 840 842 847 846 852 862 873 881 890 906 924 936 908 871 845 809 783 758 742 734 725 716 710 704 699 697 692 683 680 676 669 668 665 665 669 666 660 658 659 659 647 638 653 669 681 693 707 718 737 757 775 787 796 795 791 794 796 805 809 814 804 786 752 724 684 652 636 638
826 827 831 835 838 841 844 846 849 851 854 855 856 857 856 856 853 851 849 845 841 838 835 834 833 832 839 842 840 843 853 863 874 885 900 907 910 898 882 860 834 814 796 785 749 728 706 702 699 699 698 695 694 685 679 675 674 674 673 671 665 666 663 661 659 659 661 661 673 682 694 710 733 757 780 805 817 813 810 802 801 810 812 813 816 807 784 756 727 692 650 634 640
818 820 822 825 829 833 836 839 843 846 848 849 851 851 851 850 848 847 843 840 837 834 831 829 827 826 827 831 834 836 842 849 862 873 888 899 900 897 874 861 842 817 802 774 740 722 714 704 712 724 716 704 701 695 682 672 673 676 680 685 687 676 667 664 657 658 660 667 679 693 709 728 749 770 786 808 821 821 819 822 812 817 820 814 807 788 762 738 712 689 660 645 650
809 811 814 817 821 824 827 830 833 836 840 843 845 846 845 844 843 842 840 836 833 829 827 827 828 828 827 828 828 832 838 837 846 859 866 870 876 871 863 855 833 815 791 766 751 744 731 717 720 727 708 695 693 687 678 675 671 676 679 684 684 677 668 667 664 666 672 673 685 700 714 732 754 773 789 798 805 815 817 813 810 804 797 788 780 765 745 724 702 682 667 657 666
803 805 808 811 813 817 820 824 827 830 832 835 837 839 841 842 842 840 837 836 832 834 834 834 835 832 833 828 824 823 835 835 837 845 848 850 850 855 854 843 821 801 776 760 755 744 737 727 716 707 700 694 688 686 673 672 681 691 685 681 678 671 668 656 657 655 660 677 686 701 715 733 755 774 796 806 804 796 791 785 784 784 777 773 762 745 730 713 695 682 673 667 671
797 800 804 808 811 814 816 820 823 825 829 832 837 841 842 842 843 841 839 836 832 829 833 832 832 831 830 828 822 821 822 823 826 831 834 837 833 835 832 818 806 784 763 748 740 733 726 717 709 705 704 698 695 692 686 684 689 688 684 690 693 684 674 664 662 664 661 667 684 703 719 735 746 763 778 786 789 784 776 772 765 766 762 756 744 729 715 703 688 678 669 659 680
789 794 798 802 807 809 812 815 821 825 833 835 834 838 840 839 839 837 835 835 826 828 825 826 830 832 830 824 818 817 812 812 818 814 822 828 828 825 828 783 756 746 731 724 719 716 701 700 694 697 694 690 695 695 686 685 692 691 696 706 706 689 673 675 661 665 662 664 674 692 707 729 746 750 758 770 770 759 753 748 744 742 737 732 724 716 697 688 678 662 659 662 681
784 790 794 797 801 804 807 813 821 825 823 830 836 837 837 836 833 833 833 829 826 822 821 824 827 829 830 829 820 811 809 809 796 804 808 807 807 811 812 789 749 725 723 716 702 691 690 682 683 677 688 682 695 688 686 687 685 688 696 704 700 686 678 670 664 654 664 668 668 678 694 706 723 731 737 738 746 743 739 723 722 717 714 710 705 697 684 677 663 660 664 670 676
779 786 791 796 800 801 803 812 817 818 818 831 834 832 831 831 831 832 831 829 824 822 822 826 830 831 831 828 821 818 804 789 785 787 792 791 789 799 802 785 767 740 722 721 720 680 670 664 663 660 665 674 679 675 679 690 688 692 690 690 691 688 679 664 654 658 672 678 679 686 691 703 710 715 717 718 724 719 706 702 699 694 692 687 680 672 665 660 653 647 651 656 666
775 783 790 796 799 803 804 811 813 822 821 832 833 830 829 830 830 831 830 831 825 823 825 833 844 845 845 843 839 830 819 804 788 777 778 783 782 780 776 762 761 742 719 711 694 668 658 653 647 644 642 651 655 656 664 672 678 686 688 686 688 681 672 659 665 662 671 674 675 684 692 696 698 697 695 691 693 691 692 692 688 685 682 679 676 667 663 658 652 648 645 645 656
772 781 789 797 803 806 812 823 825 830 831 826 832 830 828 825 824 825 825 824 825 826 829 836 843 849 850 847 844 835 826 817 805 787 765 755 745 746 746 745 749 748 729 707 686 661 650 643 633 630 630 634 635 644 654 661 670 684 688 692 686 679 682 657 645 651 658 662 668 677 672 677 676 681 684 685 682 679 675 671 667 666 665 668 667 662 659 653 645 645 646 650 647
769 780 789 798 805 812 825 836 838 837 831 826 832 828 826 821 819 818 817 820 822 823 829 835 844 864 857 856 856 838 828 813 798 783 768 756 734 727 725 723 718 714 699 696 675 657 654 626 628 619 616 621 628 636 646 658 668 680 689 687 678 673 674 663 648 641 642 647 649 660 668 671 675 677 679 681 678 675 664 657 655 658 660 660 660 658 652 647 644 641 644 646 648
768 779 788 798 807 817 841 849 852 848 841 837 832 828 830 820 816 816 814 817 824 822 830 836 841 855 868 876 859 851 835 821 802 787 772 751 734 726 730 727 721 707 695 679 662 639 627 619 622 604 600 606 615 624 636 650 662 676 682 667 651 653 655 658 657 655 641 660 670 684 699 685 675 674 674 674 674 666 658 649 644 647 650 654 651 647 644 642 638 638 642 645 652
764 777 788 799 811 829 842 854 857 854 851 840 837 842 838 814 813 814 812 814 826 830 836 837 839 867 885 906 900 889 868 844 816 810 846 835 786 738 739 739 729 710 692 714 672 658 641 607 584 581 591 602 614 630 637 646 661 664 663 655 650 649 651 662 652 653 646 651 668 678 684 680 679 671 664 664 667 656 648 641 635 635 637 638 637 632 630 631 632 631 638 642 649
763 775 789 801 820 833 842 851 854 854 853 842 831 834 844 818 807 808 811 820 832 843 862 849 835 840 862 887 902 903 872 864 884 889 832 790 826 775 811 781 775 738 689 665 643 620 618 596 571 563 577 596 617 649 652 653 657 660 661 663 658 656 654 652 652 665 669 652 660 664 668 666 670 665 658 655 654 648 643 639 637 632 631 632 628 622 625 626 630 637 636 635 641
762 778 794 813 822 831 839 845 846 845 839 831 824 819 811 803 804 804 813 829 842 853 870 858 847 846 857 868 868 870 886 895 905 862 873 833 844 852 822 816 946 941 820 684 647 608 592 579 562 554 556 571 589 612 635 645 653 663 673 679 668 659 657 658 660 663 666 662 669 672 676 677 673 661 658 652 652 655 650 640 639 639 639 639 638 631 622 624 628 639 634 636 642
763 784 797 809 818 826 832 837 838 836 830 822 818 810 811 806 803 805 814 834 848 857 852 848 852 852 861 882 869 854 848 862 955 879 855 834 941 850 757 799 938 1184 1233 963 803 682 621 591 569 547 553 560 574 594 623 626 636 651 660 676 684 676 676 665 666 667 670 675 682 685 682 684 676 664 656 653 650 644 641 640 638 641 637 638 640 635 624 618 624 631 635 638 648
769 782 793 805 815 823 831 834 836 835 824 814 808 807 804 800 804 816 820 837 853 854 861 853 850 859 866 876 895 924 933 953 962 868 835 798 809 817 749 794 747 829 825 795 800 763 698 645 593 568 557 558 571 586 611 633 636 646 657 673 679 688 690 679 682 681 690 695 703 708 692 688 683 680 675 667 646 644 644 638 635 633 637 637 632 628 628 619 623 640 642 640 652
770 781 792 800 809 824 828 831 836 835 826 814 809 805 805 801 810 817 827 840 870 887 895 894 898 941 951 981 1031 1063 1087 1042 951 846 838 800 800 801 750 799 817 823 772 689 625 610 571 599 596 566 549 555 574 592 611 627 648 659 654 665 682 687 688 690 680 680 685 696 707 711 702 697 691 685 675 670 657 638 643 641 635 634 648 643 646 640 649 631 631 641 646 647 646
773 782 791 799 807 813 821 825 829 832 839 827 811 800 794 803 819 820 824 833 872 929 959 995 1001 1012 1008 1062 1066 1207 1238 1052 928 887 837 772 783 862 774 766 833 746 692 650 610 567 577 606 606 597 571 572 580 594 613 631 659 664 666 675 695 709 717 715 688 680 680 702 720 721 720 710 708 703 681 657 642 635 637 641 646 650 649 646 654 651 652 646 648 650 654 651 654
772 782 789 798 804 808 810 813 820 827 837 839 825 793 792 800 820 829 823 816 814 864 918 940 975 1021 995 1035 1121 1150 1079 927 917 879 740 729 749 777 739 748 701 709 629 597 549 541 586 606 627 629 626 613 602 603 622 645 674 682 703 712 710 701 723 721 724 709 712 709 712 717 725 732 727 730 719 693 656 647 641 637 636 632 633 639 645 650 658 658 661 665 668 665 663
