resultados/variables_proyeccion_tiempo/variables_paleo_21k/bio10.asc
ncols 330
nrows 228
xllcorner -12.000000
yllcorner 34.000000
cellsize 0.166667
NODATA_value -9999
[rows 50 to 99 of 228, columns 0 to 95 of 330]
-9999 -9999 -9999 -9999 -9999 -9999 -9999 -9999 -9999 -9999 -9999 -9999 -9999 -9999 -9999 -9999 -9999 -9999 -9999 -9999 -9999 -9999 -9999 -9999 -9999 -9999 -9999 -9999 -9999 -9999 -9999 -9999 -9999 -9999 -9999 -9999 -9999 -9999 -9999 -9999 -9999 -9999 -9999 -9999 -9999 -9999 -9999 -9999 -9999 -9999 -9999 -9999 -9999 -9999 -9999 -9999 -9999 -9999 -9999 -9999 -9999 -9999 -9999 -9999 -9999 -9999 -9999 -9999 -9999 -9999 -9999 -9999 -9999 -9999 -9999 -9999 -9999 -9999 -9999 -9999 -9999 -9999 -9999 -9999 -9999 -9999 -9999 -9999 -9999 -9999 -9999 -9999 -9999 -9999 -9999 -9999
-9999 -9999 -9999 -9999 -9999 -9999 -9999 -9999 -9999 -9999 -9999 -9999 -9999 -9999 -9999 -9999 -9999 -9999 -9999 -9999 -9999 -9999 -9999 -9999 -9999 -9999 -9999 -9999 -9999 -9999 -9999 -9999 -9999 -9999 -9999 -9999 -9999 -9999 -9999 -9999 -9999 -9999 -9999 -9999 -9999 -9999 -9999 -9999 -9999 -9999 -9999 -9999 -9999 -9999 -9999 -9999 -9999 -9999 -9999 -9999 -9999 -9999 -9999 -9999 -9999 -9999 -9999 -9999 -9999 -9999 -9999 -9999 -9999 -9999 -9999 -9999 -9999 -9999 -9999 -9999 -9999 -9999 -9999 -9999 -9999 -9999 -9999 -9999 -9999 -9999 -9999 -9999 -9999 -9999 -9999 -9999
-9999 -9999 -9999 -9999 -9999 -9999 -9999 -9999 -9999 -9999 -9999 -9999 -9999 -9999 -9999 -9999 -9999 -9999 -9999 -9999 -9999 -9999 -9999 -9999 -9999 -9999 -9999 -9999 -9999 -9999 -9999 -9999 -9999 -9999 -9999 -9999 -9999 -9999 -9999 -9999 -9999 -9999 -9999 -9999 -9999 -9999 -9999 -9999 -9999 -9999 -9999 -9999 -9999 -9999 -9999 -9999 -9999 -9999 -9999 -9999 -9999 -9999 -9999 -9999 -9999 -9999 -9999 -9999 -9999 -9999 -9999 -9999 -9999 -9999 -9999 -9999 -9999 -9999 -9999 -9999 -9999 -9999 -9999 -9999 -9999 -9999 -9999 -9999 -9999 -9999 -9999 -9999 -9999 -9999 -9999 -9999
-9999 -9999 -9999 -9999 -9999 -9999 -9999 -9999 -9999 -9999 -9999 -9999 -9999 -9999 -9999 -9999 -9999 -9999 -9999 -9999 -9999 -9999 -9999 -9999 -9999 -9999 -9999 -9999 -9999 -9999 -9999 -9999 -9999 -9999 -9999 -9999 -9999 -9999 -9999 -9999 -9999 -9999 -9999 -9999 -9999 -9999 -9999 -9999 -9999 -9999 -9999 -9999 -9999 -9999 -9999 -9999 -9999 -9999 -9999 -9999 -9999 -9999 -9999 -9999 -9999 -9999 -9999 -9999 -9999 -9999 -9999 -9999 -9999 -9999 -9999 -9999 -9999 -9999 -9999 -9999 -9999 -9999 -9999 -9999 -9999 -9999 -9999 -9999 -9999 -9999 -9999 -9999 -9999 -9999 -9999 -9999
-9999 -9999 -9999 -9999 -9999 -9999 -9999 -9999 -9999 -9999 -9999 -9999 -9999 -9999 -9999 -9999 -9999 -9999 -9999 -9999 -9999 -9999 -9999 -9999 -9999 -9999 -9999 -9999 -9999 -9999 -9999 -9999 -9999 -9999 -9999 -9999 -9999 -9999 -9999 -9999 -9999 -9999 -9999 -9999 -9999 -9999 -9999 -9999 -9999 -9999 -9999 -9999 -9999 -9999 -9999 -9999 -9999 -9999 -9999 -9999 -9999 -9999 -9999 -9999 -9999 -9999 -9999 -9999 -9999 -9999 -9999 -9999 -9999 -9999 -9999 -9999 -9999 -9999 -9999 -9999 -9999 -9999 -9999 -9999 -9999 -9999 -9999 -9999 -9999 -9999 -9999 -9999 -9999 -9999 -9999 -9999
-9999 -9999 -9999 -9999 -9999 -9999 -9999 -9999 -9999 -9999 -9999 -9999 -9999 -9999 -9999 -9999 -9999 -9999 -9999 -9999 -9999 -9999 -9999 -9999 -9999 -9999 -9999 -9999 82 80 80 80 80 80 79 -9999 -9999 -9999 -9999 -9999 -9999 -9999 -9999 -9999 -9999 -9999 -9999 -9999 -9999 -9999 -9999 -9999 -9999 -9999 -9999 -9999 -9999 -9999 -9999 -9999 -9999 -9999 -9999 -9999 -9999 -9999 -9999 -9999 -9999 -9999 -9999 -9999 -9999 -9999 -9999 -9999 -9999 -9999 -9999 -9999 -9999 -9999 -9999 -9999 -9999 -9999 -9999 -9999 -9999 -9999 -9999 -9999 -9999 -9999 -9999 -9999
-9999 -9999 -9999 -9999 -9999 -9999 -9999 -9999 -9999 -9999 -9999 -9999 -9999 -9999 -9999 -9999 -9999 -9999 -9999 -9999 -9999 -9999 -9999 81 82 80 79 79 78 78 78 78 78 77 77 78 81 80 80 81 -9999 -9999 -9999 -9999 -9999 -9999 -9999 -9999 -9999 -9999 -9999 -9999 -9999 -9999 -9999 -9999 -9999 -9999 -9999 -9999 -9999 -9999 -9999 -9999 -9999 -9999 -9999 -9999 -9999 -9999 -9999 -9999 -9999 -9999 -9999 -9999 -9999 -9999 -9999 -9999 -9999 -9999 -9999 -9999 -9999 -9999 -9999 -9999 -9999 -9999 -9999 -9999 -9999 -21 -25 -26
-9999 -9999 -9999 -9999 -9999 -9999 -9999 -9999 -9999 -9999 -9999 -9999 -9999 -9999 -9999 -9999 -9999 -9999 -9999 -9999 -9999 82 79 78 80 78 77 76 76 76 75 74 72 73 73 75 76 76 77 78 79 79 79 -9999 -9999 -9999 -9999 -9999 -9999 -9999 -9999 -9999 -9999 -9999 -9999 -9999 -9999 -9999 -9999 -9999 -9999 -9999 -9999 -9999 -9999 -9999 -9999 -9999 -9999 -9999 -9999 -9999 -9999 -9999 -9999 -9999 -9999 -9999 -9999 -9999 -9999 -9999 -9999 -9999 -9999 -9999 -9999 -9999 -9999 -9999 -9999 -9999 -9999 -26 -29 -31
-9999 -9999 -9999 -9999 -9999 -9999 -9999 -9999 -9999 -9999 -9999 -9999 -9999 -9999 -9999 -9999 -9999 -9999 -9999 -9999 81 79 78 77 77 77 77 76 66 61 62 67 65 67 72 74 74 76 78 77 75 75 77 77 -9999 -9999 -9999 -9999 -9999 -9999 -9999 -9999 -9999 -9999 -9999 -9999 -9999 -9999 -9999 -9999 -9999 -9999 -9999 -9999 -9999 -9999 -9999 -9999 -9999 -9999 -9999 -9999 -9999 -9999 -9999 -9999 -9999 -9999 -9999 -9999 -9999 -9999 -9999 -9999 -9999 -9999 -9999 -9999 -9999 -9999 -9999 -9999 -9999 -32 -34 -37
-9999 -9999 -9999 -9999 -9999 -9999 -9999 -9999 -9999 -9999 -9999 -9999 -9999 -9999 -9999 -9999 -9999 -9999 -9999 -9999 81 80 78 77 77 77 74 69 67 65 63 68 71 75 74 74 75 76 77 76 75 74 75 75 75 -9999 -9999 -9999 -9999 -9999 -9999 -9999 -9999 -9999 -9999 -9999 -9999 -9999 -9999 -9999 -9999 -9999 -9999 -9999 -9999 -9999 -9999 -9999 -9999 -9999 -9999 -9999 -9999 -9999 -9999 -9999 -9999 -9999 -9999 -9999 -9999 -9999 -9999 -9999 -9999 -9999 -9999 -9999 -9999 -9999 -9999 -9999 -9999 -9999 -40 -43
-9999 -9999 -9999 -9999 -9999 -9999 -9999 -9999 -9999 -9999 -9999 -9999 -9999 -9999 -9999 -9999 -9999 -9999 -9999 -9999 82 81 79 79 79 79 78 78 77 74 68 67 72 74 74 75 76 78 78 76 75 74 73 73 73 -9999 -9999 -9999 -9999 -9999 -9999 -9999 -9999 -9999 -9999 -9999 -9999 -9999 -9999 -9999 -9999 -9999 -9999 -9999 -9999 -9999 -9999 -9999 -9999 -9999 -9999 4 2 -2 -4 -7 -10 -10 -15 -16 -9999 -9999 -9999 -9999 -9999 -9999 -9999 -9999 -9999 -9999 -9999 -9999 -9999 -9999 -44 -48
-9999 -9999 -9999 -9999 -9999 -9999 -9999 -9999 -9999 -9999 -9999 -9999 -9999 -9999 -9999 -9999 -9999 -9999 -9999 -9999 -9999 81 80 80 80 83 80 78 77 75 73 68 72 73 74 77 78 77 75 73 73 73 73 72 -9999 -9999 -9999 -9999 -9999 -9999 -9999 -9999 -9999 -9999 -9999 -9999 -9999 -9999 -9999 -9999 -9999 -9999 -9999 -9999 -9999 -9999 -9999 8 5 4 2 -1 -6 -9 -12 -15 -18 -22 -25 -28 -32 -9999 -9999 -9999 -9999 -9999 -9999 -9999 -9999 -9999 -9999 -9999 -9999 -9999 -9999 -9999
-9999 -9999 -9999 -9999 -9999 -9999 -9999 -9999 -9999 -9999 -9999 -9999 -9999 -9999 -9999 -9999 -9999 -9999 -9999 -9999 -9999 -9999 -9999 83 83 81 81 79 78 74 64 64 70 73 77 77 76 76 74 74 74 72 71 -9999 -9999 -9999 -9999 -9999 -9999 -9999 -9999 -9999 -9999 -9999 -9999 -9999 -9999 -9999 -9999 -9999 -9999 -9999 -9999 -9999 -9999 5 4 1 -3 -6 -9 -13 -17 -20 -23 -27 -30 -33 -36 -39 -42 -44 -47 -9999 -9999 -9999 -9999 -9999 -9999 -9999 -9999 -9999 -9999 -9999 -9999 -9999
-9999 -9999 -9999 -9999 -9999 -9999 -9999 -9999 -9999 -9999 -9999 -9999 -9999 -9999 -9999 -9999 -9999 -9999 -9999 -9999 -9999 -9999 -9999 83 82 81 83 81 80 76 70 66 68 73 77 75 74 73 71 70 69 69 -9999 -9999 -9999 -9999 -9999 -9999 -9999 -9999 -9999 -9999 -9999 -9999 -9999 -9999 -9999 -9999 -9999 -9999 -9999 -9999 -9999 -9999 0 -1 -5 -10 -13 -17 -20 -24 -28 -32 -34 -38 -41 -44 -47 -50 -53 -55 -58 -59 -61 -61 -9999 -9999 -9999 -9999 -9999 -9999 -9999 -9999 -9999 -9999
-9999 -9999 -9999 -9999 -9999 -9999 -9999 -9999 -9999 -9999 -9999 -9999 -9999 -9999 -9999 -9999 -9999 -9999 83 81 81 79 79 82 -9999 -9999 -9999 -9999 79 77 75 72 70 73 75 74 72 72 70 69 69 69 -9999 -9999 -9999 -9999 -9999 -9999 -9999 -9999 -9999 -9999 -9999 -9999 -9999 -9999 -9999 -9999 -9999 -9999 -9999 -9999 -2 -4 -7 -11 -15 -18 -21 -25 -30 -34 -37 -40 -44 -48 -51 -55 -58 -61 -64 -66 -68 -69 -71 -70 -72 -72 -9999 -9999 -9999 -9999 -9999 -9999 -9999 -9999
-9999 -9999 -9999 -9999 -9999 -9999 -9999 -9999 -9999 -9999 -9999 -9999 -9999 -9999 -9999 -9999 -9999 81 80 77 76 75 76 77 79 -9999 -9999 -9999 -9999 78 75 72 71 70 72 73 72 70 70 69 -9999 -9999 -9999 -9999 -9999 -9999 -9999 -9999 -9999 -9999 -9999 -9999 -9999 -9999 -9999 -9999 -9999 -9999 -9999 -9999 -2 -6 -9 -13 -17 -21 -24 -28 -32 -35 -39 -43 -46 -50 -54 -58 -62 -66 -69 -72 -74 -76 -78 -80 -81 -82 -82 -80 -80 -9999 -9999 -9999 -9999 -9999 -9999 -9999
-9999 -9999 -9999 -9999 -9999 -9999 -9999 -9999 -9999 -9999 -9999 -9999 -9999 -9999 -9999 82 81 80 77 75 76 76 77 78 78 -9999 -9999 -9999 -9999 -9999 74 72 70 67 68 69 -9999 -9999 -9999 -9999 -9999 -9999 -9999 -9999 -9999 -9999 -9999 -9999 -9999 -9999 -9999 -9999 -9999 -9999 -9999 -9999 -9999 3 -2 -7 -11 -15 -19 -23 -27 -31 -36 -39 -42 -44 -48 -51 -55 -60 -64 -68 -72 -75 -79 -81 -84 -86 -88 -90 -90 -91 -91 -91 -89 -88 -88 -9999 -9999 -9999 -9999 -9999
-9999 -9999 -9999 -9999 -9999 -9999 -9999 76 76 77 76 78 -9999 -9999 -9999 80 79 78 75 76 78 79 -9999 -9999 -9999 -9999 -9999 -9999 -9999 -9999 74 71 69 67 66 66 -9999 -9999 -9999 -9999 -9999 -9999 -9999 -9999 -9999 -9999 -9999 -9999 -9999 -9999 -9999 -9999 -9999 -9999 -9999 4 -0 -5 -9 -15 -21 -24 -28 -32 -37 -44 -49 -51 -50 -53 -57 -61 -65 -69 -73 -77 -80 -84 -87 -91 -93 -95 -97 -98 -99 -99 -99 -99 -99 -96 -94 -94 -9999 -9999 -9999 -9999
-9999 -9999 -9999 -9999 -9999 -9999 -9999 77 76 75 75 77 79 -9999 -9999 -9999 80 79 78 79 -9999 -9999 -9999 -9999 -9999 -9999 -9999 -9999 -9999 -9999 -9999 69 69 67 67 -9999 -9999 -9999 -9999 -9999 -9999 -9999 -9999 -9999 -9999 -9999 -9999 -9999 -9999 -9999 -9999 -9999 -9999 6 3 -3 -8 -13 -18 -22 -28 -33 -39 -48 -49 -54 -56 -59 -58 -61 -67 -70 -74 -77 -80 -85 -90 -93 -97 -100 -102 -103 -104 -105 -106 -106 -106 -107 -107 -105 -103 -99 -9999 -9999 -9999 -9999
-9999 -9999 -9999 -9999 -9999 -9999 -9999 -9999 -9999 77 78 78 79 -9999 -9999 -9999 -9999 -9999 -9999 -9999 -9999 -9999 -9999 -9999 -9999 -9999 -9999 -9999 -9999 -9999 -9999 -9999 -9999 -9999 -9999 -9999 -9999 -9999 -9999 -9999 -9999 -9999 -9999 -9999 -9999 -9999 -9999 -9999 -9999 -9999 9 6 4 -1 -6 -11 -16 -22 -26 -31 -36 -43 -49 -54 -59 -60 -63 -67 -68 -70 -74 -77 -80 -84 -88 -92 -96 -99 -103 -106 -109 -111 -112 -113 -114 -113 -114 -114 -113 -112 -110 -106 -103 -9999 -9999 -9999
-9999 -9999 -9999 -9999 -9999 -9999 -9999 -9999 -9999 -9999 -9999 -9999 -9999 -9999 -9999 -9999 -9999 -9999 -9999 -9999 -9999 -9999 -9999 -9999 -9999 -9999 -9999 -9999 -9999 -9999 -9999 -9999 -9999 -9999 -9999 -9999 -9999 -9999 -9999 -9999 -9999 -9999 -9999 -9999 -9999 -9999 21 17 12 9 3 -3 -6 -10 -13 -18 -24 -30 -34 -40 -46 -51 -58 -62 -67 -67 -70 -72 -74 -76 -80 -83 -87 -90 -95 -99 -102 -106 -109 -112 -115 -116 -118 -119 -119 -119 -119 -119 -118 -117 -115 -113 -109 -9999 -9999 -9999
-9999 -9999 -9999 -9999 -9999 -9999 -9999 -9999 -9999 -9999 -9999 -9999 -9999 -9999 -9999 -9999 -9999 -9999 -9999 -9999 -9999 -9999 -9999 -9999 -9999 -9999 -9999 -9999 -9999 -9999 -9999 -9999 -9999 -9999 -9999 -9999 -9999 -9999 -9999 -9999 -9999 -9999 -9999 -9999 21 19 14 9 4 -1 -6 -10 -12 -16 -22 -29 -33 -37 -42 -49 -52 -56 -61 -66 -73 -73 -74 -76 -79 -82 -85 -89 -93 -97 -101 -105 -109 -112 -115 -119 -120 -123 -123 -124 -124 -124 -124 -123 -122 -121 -119 -116 -112 -9999 -9999 -9999
-9999 -9999 -9999 -9999 -9999 -9999 -9999 -9999 -9999 -9999 -9999 -9999 -9999 -9999 -9999 -9999 -9999 -9999 -9999 -9999 -9999 -9999 -9999 -9999 -9999 -9999 -9999 -9999 -9999 -9999 -9999 -9999 -9999 -9999 -9999 -9999 -9999 -9999 -9999 -9999 -9999 28 22 19 14 10 6 0 -3 -9 -13 -18 -23 -28 -32 -36 -40 -44 -48 -52 -57 -61 -66 -72 -77 -76 -77 -80 -83 -87 -91 -94 -98 -103 -107 -110 -113 -117 -120 -122 -124 -126 -127 -128 -128 -128 -127 -127 -126 -125 -123 -120 -116 -9999 -9999 -9999
-9999 -9999 -9999 -9999 -9999 -9999 -9999 -9999 -9999 -9999 -9999 -9999 -9999 -9999 -9999 -9999 -9999 -9999 -9999 -9999 -9999 -9999 -9999 -9999 -9999 -9999 -9999 -9999 -9999 -9999 -9999 -9999 -9999 50 46 42 38 39 -9999 31 25 20 15 11 6 2 -3 -8 -11 -16 -22 -26 -32 -36 -39 -43 -46 -50 -54 -58 -62 -66 -70 -74 -77 -79 -82 -86 -88 -92 -96 -99 -103 -107 -111 -114 -117 -121 -124 -126 -128 -129 -130 -131 -131 -131 -131 -130 -129 -128 -127 -123 -119 -117 -9999 -9999
-9999 -9999 -9999 -9999 -9999 -9999 -9999 -9999 -9999 -9999 -9999 -9999 -9999 -9999 -9999 -9999 -9999 -9999 -9999 -9999 -9999 -9999 -9999 -9999 -9999 -9999 -9999 -9999 -9999 -9999 -9999 -9999 -9999 46 43 38 34 31 26 22 18 14 10 5 -1 -7 -11 -16 -19 -23 -28 -33 -38 -42 -45 -49 -52 -56 -60 -64 -68 -73 -79 -80 -82 -84 -87 -90 -93 -96 -100 -104 -107 -111 -114 -118 -121 -124 -127 -129 -131 -132 -132 -133 -133 -134 -133 -132 -132 -131 -129 -127 -123 -120 -120 -9999
-9999 -9999 -9999 -9999 -9999 -9999 -9999 -9999 -9999 -9999 -9999 -9999 -9999 -9999 -9999 -9999 -9999 -9999 -9999 -9999 -9999 -9999 -9999 -9999 -9999 -9999 -9999 -9999 -9999 -9999 -9999 -9999 -9999 42 38 33 29 25 21 16 12 9 4 -2 -7 -11 -17 -22 -27 -32 -37 -42 -47 -50 -54 -57 -60 -64 -67 -69 -73 -76 -81 -84 -86 -88 -91 -93 -97 -100 -104 -107 -110 -114 -117 -120 -123 -127 -129 -131 -133 -134 -135 -135 -135 -135 -135 -135 -134 -133 -132 -130 -127 -123 -121 -9999
-9999 -9999 -9999 -9999 -9999 -9999 -9999 -9999 -9999 -9999 -9999 -9999 -9999 -9999 -9999 -9999 -9999 -9999 -9999 -9999 -9999 -9999 -9999 -9999 -9999 -9999 -9999 -9999 -9999 -9999 -9999 44 40 37 32 27 23 20 15 12 7 2 -3 -8 -13 -19 -25 -30 -35 -40 -46 -51 -56 -60 -61 -64 -66 -70 -72 -74 -77 -81 -84 -86 -89 -91 -94 -97 -100 -103 -106 -110 -113 -116 -119 -122 -125 -128 -131 -133 -134 -136 -136 -137 -137 -136 -136 -136 -136 -135 -133 -131 -128 -125 -123 -9999
-9999 -9999 -9999 -9999 -9999 -9999 -9999 -9999 -9999 -9999 -9999 -9999 -9999 -9999 -9999 -9999 -9999 -9999 -9999 -9999 -9999 -9999 -9999 -9999 -9999 -9999 -9999 -9999 54 50 48 42 37 31 24 20 17 14 11 6 2 -4 -9 -14 -20 -28 -34 -38 -43 -48 -54 -59 -66 -68 -66 -68 -71 -73 -75 -77 -80 -83 -86 -89 -91 -94 -96 -99 -102 -106 -109 -112 -115 -119 -121 -124 -127 -130 -132 -134 -135 -136 -137 -138 -138 -138 -138 -137 -137 -135 -134 -132 -129 -126 -125 -9999
-9999 -9999 -9999 -9999 -9999 -9999 -9999 -9999 -9999 -9999 -9999 -9999 -9999 -9999 -9999 -9999 -9999 -9999 -9999 -9999 -9999 -9999 -9999 -9999 -9999 -9999 -9999 54 50 48 45 40 34 28 23 19 15 11 6 2 -2 -8 -14 -20 -26 -34 -40 -46 -51 -55 -60 -69 -73 -72 -71 -72 -74 -75 -76 -79 -82 -85 -88 -90 -93 -96 -99 -102 -105 -108 -111 -114 -117 -120 -122 -125 -128 -130 -133 -135 -136 -137 -138 -139 -139 -139 -139 -138 -137 -136 -135 -134 -132 -129 -126 -9999
-9999 -9999 -9999 -9999 -9999 -9999 -9999 -9999 -9999 -9999 -9999 -9999 -9999 -9999 -9999 -9999 -9999 -9999 -9999 -9999 -9999 -9999 -9999 -9999 -9999 59 56 50 46 42 39 35 30 25 20 16 11 6 2 -3 -8 -13 -18 -25 -32 -39 -45 -51 -56 -61 -66 -72 -76 -76 -76 -75 -76 -78 -80 -82 -85 -87 -89 -92 -95 -98 -101 -104 -107 -110 -113 -115 -118 -121 -124 -126 -129 -131 -133 -135 -137 -138 -139 -139 -139 -140 -140 -139 -138 -138 -137 -136 -135 -132 -129 -126
-9999 -9999 -9999 -9999 -9999 -9999 -9999 -9999 -9999 -9999 -9999 -9999 -9999 -9999 -9999 -9999 -9999 -9999 -9999 -9999 -9999 -9999 -9999 64 60 57 53 49 44 38 34 30 25 20 14 10 6 3 -2 -8 -14 -21 -33 -36 -43 -48 -53 -61 -66 -72 -76 -80 -83 -84 -81 -79 -80 -81 -82 -84 -86 -88 -91 -93 -97 -100 -103 -105 -108 -111 -114 -117 -119 -122 -125 -127 -129 -131 -133 -135 -136 -138 -138 -140 -141 -141 -140 -140 -139 -138 -137 -136 -135 -134 -131 -127
-9999 -9999 -9999 -9999 -9999 -9999 -9999 -9999 -9999 -9999 -9999 -9999 -9999 -9999 -9999 -9999 -9999 -9999 -9999 -9999 69 67 64 61 58 54 49 45 42 37 31 25 18 10 2 5 2 -2 -7 -13 -20 -29 -44 -53 -57 -61 -66 -74 -78 -84 -85 -88 -89 -88 -85 -83 -83 -84 -84 -86 -87 -90 -92 -95 -98 -102 -104 -107 -110 -112 -115 -118 -120 -123 -125 -127 -129 -131 -133 -135 -136 -138 -139 -139 -140 -141 -140 -141 -140 -139 -138 -137 -136 -134 -133 -130
-9999 -9999 -9999 -9999 -9999 -9999 -9999 -9999 -9999 -9999 -9999 -9999 -9999 -9999 -9999 -9999 -9999 -9999 -9999 70 67 64 61 58 53 48 44 43 40 34 25 18 10 5 1 -1 -1 -6 -12 -20 -28 -39 -54 -62 -64 -72 -78 -80 -84 -93 -92 -88 -87 -87 -86 -86 -86 -86 -86 -87 -88 -91 -93 -96 -99 -102 -105 -108 -111 -113 -116 -118 -121 -123 -125 -127 -129 -131 -133 -135 -136 -138 -138 -139 -140 -141 -141 -141 -140 -139 -138 -137 -136 -134 -133 -130
-9999 -9999 -9999 -9999 -9999 -9999 -9999 -9999 -9999 -9999 -9999 -9999 -9999 -9999 -9999 -9999 -9999 -9999 71 68 64 62 59 55 50 48 45 42 36 24 18 14 9 4 2 -0 -6 -11 -18 -26 -37 -50 -59 -64 -67 -72 -80 -83 -89 -87 -85 -83 -84 -86 -87 -87 -86 -86 -87 -87 -89 -92 -95 -98 -101 -103 -106 -109 -111 -114 -116 -119 -121 -123 -125 -127 -129 -131 -133 -135 -136 -138 -138 -139 -140 -140 -140 -140 -140 -139 -138 -136 -136 -135 -134 -132
-9999 -9999 -9999 -9999 -9999 -9999 -9999 -9999 -9999 -9999 -9999 -9999 -9999 -9999 -9999 -9999 74 71 68 65 63 57 58 55 52 48 44 38 33 27 15 10 7 6 2 -4 -10 -17 -24 -32 -44 -54 -64 -70 -72 -75 -80 -81 -80 -82 -83 -83 -84 -86 -87 -88 -87 -87 -87 -87 -89 -92 -96 -99 -101 -104 -106 -109 -112 -114 -117 -119 -121 -123 -125 -127 -129 -131 -133 -134 -136 -137 -138 -139 -139 -139 -139 -140 -139 -138 -137 -136 -136 -135 -134 -134
-9999 -9999 -9999 -9999 -9999 -9999 -9999 -9999 -9999 -9999 -9999 -9999 -9999 -9999 -9999 76 72 69 66 64 60 58 56 54 50 46 40 36 31 25 19 17 13 4 -4 -9 -13 -25 -32 -48 -59 -65 -78 -78 -88 -86 -82 -81 -84 -85 -85 -87 -88 -88 -90 -91 -90 -90 -90 -89 -90 -95 -98 -100 -102 -104 -107 -109 -112 -114 -116 -119 -121 -124 -126 -128 -130 -132 -134 -135 -136 -137 -137 -138 -138 -138 -138 -138 -138 -137 -137 -136 -136 -135 -134 -133
-9999 -9999 -9999 -9999 -9999 -9999 -9999 -9999 -9999 -9999 -9999 -9999 -9999 -9999 -9999 75 71 68 65 63 61 59 55 52 48 42 37 33 28 23 23 16 5 -2 -16 -11 -16 -29 -44 -53 -56 -65 -70 -74 -78 -76 -79 -81 -83 -88 -91 -95 -96 -97 -100 -99 -98 -97 -99 -96 -96 -100 -100 -101 -102 -104 -107 -109 -112 -114 -116 -118 -121 -123 -126 -128 -130 -131 -133 -134 -135 -136 -136 -136 -137 -137 -137 -137 -137 -136 -136 -135 -134 -134 -133 -133
-9999 -9999 -9999 -9999 -9999 -9999 -9999 -9999 -9999 -9999 -9999 -9999 -9999 -9999 -9999 74 69 66 63 62 58 56 53 49 45 41 36 31 26 24 21 8 -1 -7 -15 -18 -19 -38 -40 -50 -64 -75 -79 -79 -78 -79 -81 -90 -96 -94 -100 -102 -106 -108 -108 -103 -102 -100 -99 -99 -100 -100 -100 -100 -102 -104 -106 -109 -111 -113 -116 -118 -121 -123 -125 -127 -128 -130 -131 -133 -134 -134 -134 -135 -135 -135 -135 -135 -135 -134 -134 -133 -133 -132 -132 -131
-9999 -9999 -9999 -9999 -9999 -9999 -9999 -9999 -9999 -9999 -9999 -9999 -9999 -9999 -9999 -9999 69 64 62 61 56 54 51 48 43 39 34 28 20 22 19 11 3 -9 -21 -23 -25 -33 -41 -54 -70 -78 -76 -79 -80 -85 -100 -102 -98 -90 -102 -111 -116 -115 -111 -107 -105 -101 -102 -100 -97 -98 -100 -100 -102 -104 -106 -108 -110 -113 -115 -117 -119 -121 -123 -125 -127 -128 -129 -131 -131 -132 -132 -133 -133 -133 -133 -133 -133 -133 -132 -131 -131 -131 -131 -130
-9999 -9999 -9999 -9999 -9999 -9999 -9999 -9999 -9999 -9999 -9999 -9999 -9999 -9999 -9999 -9999 68 64 64 59 53 50 47 45 41 37 32 24 19 21 17 10 0 -8 -13 -17 -25 -32 -49 -59 -65 -67 -73 -77 -91 -99 -103 -95 -94 -118 -123 -122 -116 -114 -108 -105 -104 -102 -102 -98 -97 -98 -99 -99 -101 -103 -105 -107 -109 -111 -113 -115 -117 -119 -121 -123 -124 -126 -127 -128 -129 -129 -130 -131 -131 -131 -131 -131 -131 -130 -130 -129 -129 -129 -128 -128
-9999 -9999 -9999 -9999 -9999 -9999 -9999 -9999 -9999 -9999 -9999 -9999 -9999 -9999 -9999 -9999 -9999 64 59 54 49 47 44 42 37 33 26 21 23 20 14 6 -2 -10 -17 -18 -22 -35 -46 -54 -58 -61 -69 -81 -91 -92 -98 -104 -111 -113 -116 -120 -125 -122 -118 -112 -107 -103 -100 -95 -95 -96 -96 -98 -100 -101 -103 -105 -107 -109 -111 -113 -115 -117 -119 -120 -122 -123 -125 -126 -126 -127 -127 -128 -128 -129 -129 -128 -128 -128 -128 -127 -127 -127 -126 -126
-9999 -9999 -9999 -9999 -9999 -9999 -9999 -9999 -9999 -9999 -9999 -9999 -9999 -9999 -9999 -9999 -9999 -9999 57 52 48 45 42 40 35 29 24 26 23 15 8 2 -4 -11 -16 -23 -29 -35 -43 -53 -54 -64 -81 -83 -88 -90 -93 -90 -92 -96 -104 -106 -107 -105 -104 -97 -94 -95 -91 -92 -92 -92 -93 -95 -97 -99 -101 -103 -105 -107 -109 -111 -112 -113 -115 -117 -119 -120 -122 -123 -124 -124 -125 -125 -125 -126 -126 -126 -126 -126 -125 -125 -125 -124 -124 -124
-9999 -9999 -9999 -9999 -9999 -9999 -9999 -9999 -9999 -9999 -9999 -9999 -9999 -9999 -9999 -9999 -9999 -9999 56 51 49 46 42 39 32 28 26 23 14 6 -1 -6 -10 -13 -21 -27 -32 -37 -44 -40 -56 -67 -76 -76 -86 -92 -97 -92 -94 -92 -91 -89 -90 -93 -94 -94 -90 -88 -88 -88 -88 -89 -90 -92 -94 -96 -98 -100 -102 -104 -106 -108 -110 -111 -112 -114 -116 -117 -118 -119 -120 -121 -122 -122 -123 -123 -123 -123 -123 -123 -122 -122 -122 -121 -121 -121
-9999 -9999 -9999 -9999 -9999 -9999 -9999 -9999 -9999 -9999 -9999 -9999 -9999 -9999 -9999 -9999 -9999 59 55 51 47 44 41 36 32 27 23 17 10 4 -3 -8 -11 -16 -21 -31 -37 -37 -31 -40 -50 -61 -69 -78 -85 -84 -85 -91 -90 -86 -82 -82 -85 -86 -86 -84 -84 -85 -85 -85 -85 -86 -87 -89 -91 -93 -95 -97 -99 -100 -102 -104 -106 -108 -110 -111 -113 -114 -115 -116 -117 -118 -118 -119 -120 -120 -120 -120 -120 -120 -119 -119 -119 -118 -118 -118
-9999 -9999 -9999 -9999 -9999 -9999 -9999 -9999 -9999 -9999 -9999 -9999 -9999 -9999 -9999 -9999 -9999 57 54 50 44 40 39 34 29 24 21 15 8 3 -2 -7 -12 -17 -22 -26 -27 -31 -35 -47 -53 -58 -69 -72 -77 -78 -79 -80 -80 -86 -86 -83 -85 -82 -84 -84 -82 -83 -83 -83 -83 -84 -84 -86 -87 -90 -92 -94 -96 -98 -99 -101 -103 -105 -106 -108 -109 -110 -111 -112 -113 -114 -115 -115 -116 -116 -116 -116 -117 -116 -116 -116 -116 -116 -115 -115
-9999 -9999 -9999 -9999 -9999 -9999 -9999 -9999 -9999 -9999 -9999 -9999 -9999 -9999 -9999 -9999 -9999 57 52 48 44 38 33 30 26 21 18 13 6 -0 -4 -7 -12 -17 -23 -26 -31 -35 -37 -44 -51 -60 -62 -67 -65 -68 -74 -77 -72 -72 -75 -78 -77 -74 -74 -78 -79 -79 -80 -81 -82 -82 -82 -83 -85 -86 -89 -90 -92 -94 -95 -97 -99 -101 -102 -104 -106 -107 -108 -109 -110 -111 -111 -112 -112 -113 -113 -113 -112 -113 -113 -112 -112 -112 -112 -112
-9999 -9999 -9999 -9999 -9999 -9999 -9999 -9999 -9999 -9999 -9999 -9999 -9999 -9999 -9999 -9999 57 55 50 46 43 39 36 32 27 22 16 11 5 -2 -5 -9 -15 -21 -27 -32 -36 -34 -46 -45 -50 -56 -56 -63 -62 -66 -67 -70 -74 -76 -76 -77 -78 -74 -78 -82 -87 -85 -83 -80 -80 -80 -80 -81 -81 -83 -84 -86 -88 -89 -91 -93 -95 -98 -100 -101 -102 -103 -104 -105 -106 -107 -107 -108 -108 -108 -109 -109 -109 -109 -110 -109 -109 -109 -109 -109
-9999 -9999 -9999 -9999 -9999 -9999 -9999 -9999 -9999 -9999 -9999 -9999 -9999 -9999 -9999 -9999 57 52 48 43 39 36 32 28 23 18 13 7 1 -4 -8 -13 -18 -25 -29 -36 -33 -35 -43 -47 -47 -48 -52 -63 -62 -67 -70 -70 -71 -78 -80 -84 -83 -87 -86 -85 -85 -82 -78 -79 -77 -77 -77 -78 -78 -78 -80 -82 -84 -86 -87 -89 -91 -93 -95 -97 -99 -100 -100 -101 -102 -103 -103 -104 -104 -105 -105 -106 -106 -106 -106 -106 -106 -106 -106 -106
-9999 -9999 -9999 -9999 -9999 -9999 -9999 -9999 -9999 -9999 -9999 -9999 -9999 -9999 -9999 61 56 49 46 42 38 34 29 24 20 15 10 5 -0 -5 -10 -13 -18 -22 -29 -31 -33 -38 -50 -45 -58 -48 -45 -51 -57 -62 -70 -74 -76 -77 -81 -83 -87 -83 -79 -76 -74 -74 -78 -80 -79 -77 -76 -74 -74 -74 -75 -77 -79 -81 -83 -84 -86 -88 -90 -92 -94 -94 -96 -97 -98 -99 -100 -100 -100 -101 -101 -102 -103 -103 -103 -103 -103 -102 -103 -103
-9999 -9999 -9999 -9999 -9999 -9999 -9999 -9999 -9999 -9999 -9999 -9999 -9999 68 64 57 53 49 45 41 37 32 27 22 18 12 8 2 -4 -7 -12 -16 -18 -20 -23 -27 -31 -42 -46 -42 -46 -46 -44 -51 -56 -64 -68 -74 -74 -80 -81 -84 -87 -82 -77 -74 -75 -79 -86 -85 -77 -78 -73 -71 -70 -69 -70 -72 -74 -76 -78 -80 -82 -84 -85 -87 -89 -91 -92 -93 -94 -95 -96 -96 -97 -98 -98 -99 -99 -99 -100 -100 -100 -100 -100 -100
