resultados/variables_proyeccion_tiempo/variables_paleo_21k/bio15.asc
ncols 330
nrows 228
xllcorner -12.000000
yllcorner 34.000000
cellsize 0.166667
NODATA_value -9999
[rows 165 to 219 of 228, columns 192 to 287 of 330]
19 20 21 22 22 23 23 23 24 25 26 26 26 26 25 25 25 26 26 26 26 25 26 26 27 28 29 29 30 31 31 31 31 30 30 29 28 28 29 29 29 28 28 27 26 24 22 20 19 18 17 16 14 14 14 14 14 14 15 16 16 17 17 17 18 18 19 -9999 -9999 -9999 -9999 -9999 -9999 -9999 -9999 -9999 -9999 -9999 19 18 19 20 21 25 27 26 -9999 -9999 -9999 -9999 -9999 -9999 -9999 -9999 -9999 -9999
18 19 21 22 22 22 22 23 23 25 25 26 26 26 24 23 23 24 24 24 24 24 24 24 25 25 26 28 28 29 29 29 29 29 28 28 27 27 27 27 27 27 26 26 25 22 21 19 18 17 16 15 14 14 13 14 14 15 16 16 17 18 18 19 20 20 -9999 -9999 -9999 -9999 -9999 -9999 -9999 -9999 -9999 -9999 -9999 -9999 -9999 -9999 -9999 21 22 24 26 -9999 -9999 -9999 -9999 -9999 -9999 -9999 -9999 -9999 -9999 -9999
20 20 21 22 22 22 22 22 22 24 25 25 24 23 23 23 23 23 23 24 23 24 23 24 25 25 26 27 27 28 28 28 28 27 27 27 26 26 26 26 26 26 25 24 23 21 19 18 17 16 15 14 14 14 14 15 15 16 17 18 18 19 20 20 20 21 -9999 -9999 -9999 -9999 -9999 -9999 -9999 -9999 -9999 -9999 -9999 -9999 -9999 -9999 -9999 -9999 -9999 -9999 -9999 -9999 -9999 -9999 -9999 -9999 -9999 -9999 -9999 -9999 -9999 -9999
17 18 18 20 21 22 22 21 21 22 24 22 22 22 22 23 22 22 23 23 22 22 23 23 24 25 25 26 27 27 28 27 27 26 26 26 25 25 25 25 25 25 24 23 21 20 19 17 16 15 14 14 14 15 15 16 17 18 18 19 20 20 21 -9999 -9999 -9999 -9999 -9999 -9999 -9999 -9999 -9999 -9999 -9999 -9999 -9999 -9999 -9999 -9999 -9999 -9999 -9999 -9999 -9999 -9999 -9999 -9999 -9999 -9999 -9999 -9999 -9999 -9999 -9999 -9999 -9999
15 16 18 19 20 21 21 20 19 21 21 21 21 21 22 22 22 22 22 22 22 23 22 23 24 24 24 25 26 27 27 27 27 26 26 26 25 25 25 25 25 24 23 22 20 19 17 16 15 15 15 15 16 16 17 18 18 20 20 22 22 22 23 -9999 -9999 -9999 -9999 -9999 -9999 -9999 -9999 -9999 -9999 -9999 -9999 -9999 -9999 -9999 -9999 -9999 -9999 -9999 -9999 -9999 -9999 -9999 -9999 -9999 -9999 -9999 -9999 -9999 -9999 -9999 -9999 -9999
15 15 17 17 18 19 18 18 18 18 19 20 20 20 22 22 22 22 22 22 23 23 23 24 24 24 25 26 26 26 26 26 26 26 26 26 25 25 25 25 24 24 22 21 19 18 17 16 15 15 15 16 17 18 19 20 21 22 22 24 -9999 -9999 -9999 -9999 -9999 -9999 -9999 -9999 -9999 -9999 -9999 -9999 -9999 -9999 -9999 -9999 -9999 -9999 -9999 -9999 -9999 -9999 -9999 -9999 -9999 -9999 -9999 -9999 -9999 -9999 -9999 -9999 -9999 -9999 -9999 -9999
14 14 15 15 16 17 17 17 18 18 18 18 20 20 21 22 23 23 23 23 23 23 24 24 25 25 26 26 26 26 26 26 25 25 25 25 25 24 24 24 24 23 22 20 19 17 17 16 16 16 17 18 19 20 21 22 -9999 -9999 -9999 -9999 -9999 -9999 -9999 -9999 -9999 -9999 -9999 -9999 -9999 -9999 -9999 -9999 -9999 -9999 -9999 -9999 -9999 -9999 -9999 -9999 -9999 -9999 -9999 -9999 -9999 -9999 -9999 -9999 -9999 -9999 -9999 -9999 -9999 -9999 -9999 -9999
12 13 13 14 14 15 16 16 17 17 17 18 19 19 20 20 22 22 23 23 24 24 24 25 25 26 26 27 26 26 26 25 25 24 24 24 24 24 24 23 23 22 21 20 18 18 17 17 18 19 19 20 21 22 -9999 -9999 -9999 -9999 -9999 -9999 -9999 -9999 -9999 -9999 -9999 -9999 -9999 -9999 -9999 -9999 -9999 -9999 -9999 -9999 -9999 -9999 -9999 -9999 -9999 -9999 -9999 -9999 -9999 -9999 -9999 -9999 -9999 -9999 -9999 -9999 -9999 -9999 -9999 -9999 -9999 -9999
12 12 13 13 13 14 15 16 16 17 17 17 18 18 19 20 21 22 23 24 25 26 25 25 26 26 27 28 27 26 26 25 24 24 23 23 23 23 22 22 22 22 21 20 19 18 18 19 19 20 21 22 22 -9999 -9999 -9999 -9999 -9999 -9999 -9999 -9999 -9999 -9999 -9999 -9999 -9999 -9999 -9999 -9999 -9999 -9999 -9999 -9999 -9999 -9999 -9999 -9999 -9999 -9999 -9999 -9999 -9999 -9999 -9999 -9999 -9999 -9999 -9999 -9999 -9999 -9999 -9999 -9999 -9999 -9999 -9999
13 13 13 13 13 14 14 15 15 16 16 17 17 17 18 19 21 22 24 25 26 26 26 26 26 27 27 27 27 26 25 25 24 24 23 23 22 22 21 21 22 23 23 22 20 19 19 20 21 22 23 24 -9999 -9999 -9999 -9999 -9999 -9999 -9999 -9999 -9999 -9999 -9999 -9999 -9999 -9999 -9999 -9999 -9999 -9999 -9999 -9999 -9999 -9999 -9999 -9999 -9999 -9999 -9999 -9999 -9999 -9999 -9999 -9999 -9999 -9999 -9999 -9999 -9999 -9999 -9999 -9999 -9999 -9999 -9999 -9999
14 14 17 16 15 15 15 15 15 16 16 17 18 17 17 19 20 22 24 26 27 26 26 26 26 26 27 27 27 27 26 25 24 23 22 22 21 21 21 22 24 27 26 24 22 21 21 22 23 24 26 -9999 -9999 -9999 -9999 -9999 -9999 -9999 -9999 -9999 -9999 -9999 -9999 -9999 -9999 -9999 -9999 -9999 -9999 -9999 -9999 -9999 -9999 -9999 -9999 -9999 -9999 -9999 -9999 -9999 -9999 -9999 -9999 -9999 -9999 -9999 -9999 -9999 -9999 -9999 -9999 -9999 -9999 -9999 -9999 -9999
14 18 21 19 17 16 16 15 15 16 16 17 18 17 18 19 20 22 23 22 25 26 25 25 26 25 26 26 26 25 24 23 22 22 21 21 20 21 22 23 25 27 27 25 23 22 23 24 25 26 28 -9999 -9999 -9999 -9999 -9999 -9999 -9999 -9999 -9999 -9999 -9999 -9999 -9999 -9999 -9999 -9999 -9999 -9999 -9999 -9999 -9999 -9999 -9999 -9999 -9999 -9999 -9999 -9999 -9999 -9999 -9999 -9999 -9999 -9999 -9999 -9999 -9999 -9999 -9999 -9999 -9999 -9999 -9999 -9999 -9999
22 23 24 21 19 17 17 16 16 16 17 18 18 18 18 19 20 21 22 22 23 24 24 25 24 25 25 26 25 24 23 22 22 21 21 20 20 21 22 23 24 26 26 25 24 23 24 26 27 29 30 -9999 -9999 -9999 -9999 -9999 -9999 -9999 -9999 -9999 -9999 -9999 -9999 -9999 -9999 -9999 -9999 -9999 -9999 -9999 -9999 -9999 -9999 -9999 -9999 -9999 -9999 -9999 -9999 -9999 -9999 -9999 -9999 -9999 -9999 -9999 -9999 -9999 -9999 -9999 -9999 -9999 -9999 -9999 -9999 -9999
28 27 24 22 21 18 17 17 17 17 18 18 18 18 18 19 20 21 22 22 21 22 23 23 23 24 24 25 25 24 22 22 21 21 20 20 21 21 22 23 24 25 25 25 25 25 26 28 29 31 32 -9999 -9999 -9999 -9999 -9999 -9999 -9999 -9999 -9999 -9999 -9999 -9999 -9999 -9999 -9999 -9999 -9999 -9999 -9999 -9999 -9999 -9999 -9999 -9999 -9999 -9999 -9999 -9999 -9999 -9999 -9999 -9999 -9999 -9999 40 40 40 -9999 -9999 -9999 -9999 -9999 -9999 -9999 -9999
28 28 26 23 20 19 19 18 18 18 18 19 19 18 18 19 19 20 20 20 22 22 21 21 22 23 24 23 23 23 22 21 21 21 21 21 21 22 23 24 24 25 25 25 26 26 27 29 31 32 34 -9999 -9999 -9999 -9999 -9999 -9999 -9999 -9999 -9999 -9999 -9999 -9999 -9999 -9999 -9999 -9999 -9999 -9999 -9999 -9999 -9999 -9999 -9999 -9999 -9999 -9999 -9999 31 30 30 34 37 40 40 39 39 39 39 37 37 38 -9999 -9999 -9999 -9999
30 27 26 22 21 22 20 19 19 19 19 19 20 20 20 20 19 19 20 20 20 20 21 21 21 21 21 21 21 21 22 21 21 21 22 22 23 23 24 25 25 26 27 27 28 29 30 31 32 35 36 38 39 -9999 -9999 -9999 -9999 -9999 -9999 -9999 -9999 -9999 -9999 -9999 -9999 -9999 -9999 -9999 -9999 -9999 -9999 -9999 -9999 -9999 -9999 31 29 27 24 21 19 21 24 26 27 31 31 32 30 31 34 37 38 -9999 36 -9999
31 28 28 24 25 24 22 20 19 19 21 21 21 20 19 19 19 19 20 20 24 21 21 21 21 21 21 21 21 21 21 22 22 23 24 25 26 26 27 28 28 29 30 30 31 31 32 33 35 37 38 39 41 -9999 -9999 -9999 -9999 -9999 -9999 -9999 -9999 -9999 -9999 -9999 -9999 -9999 -9999 -9999 -9999 -9999 -9999 -9999 -9999 33 30 26 24 22 20 20 20 22 23 24 24 24 22 22 22 22 25 30 34 36 35 33
35 29 30 28 26 25 23 21 21 21 21 22 22 22 21 21 20 19 20 21 22 22 22 22 22 21 21 22 22 22 23 23 25 26 26 27 28 30 30 31 31 32 33 34 34 35 35 36 37 38 40 41 42 44 45 -9999 -9999 -9999 -9999 -9999 -9999 -9999 -9999 -9999 -9999 -9999 -9999 -9999 -9999 35 34 33 32 31 29 25 24 24 23 24 24 25 25 25 22 21 23 23 24 24 24 24 25 28 31 32
32 30 30 29 27 26 24 22 21 21 21 22 22 22 21 21 21 21 21 22 23 22 22 23 24 24 25 24 23 24 26 27 28 29 29 30 32 33 34 35 36 36 35 36 38 38 38 38 39 40 41 42 44 45 46 46 46 44 43 40 38 35 34 34 -9999 -9999 -9999 33 34 33 31 28 31 29 26 28 26 27 26 28 27 28 28 25 24 25 27 25 24 24 24 26 27 25 26 27
34 33 30 29 28 26 24 23 22 21 21 21 20 20 21 21 21 21 22 23 24 23 23 26 26 28 29 30 28 29 30 30 31 32 32 33 36 37 39 40 40 39 39 39 40 41 41 41 41 42 43 44 46 47 49 48 46 44 42 39 37 34 33 -9999 -9999 -9999 -9999 33 31 29 27 27 28 28 29 32 27 27 26 26 28 31 33 33 34 34 34 33 29 26 27 26 26 27 28 27
38 34 32 31 29 27 25 24 23 22 21 20 21 21 21 22 22 22 22 24 27 28 28 31 36 37 32 32 36 37 37 37 38 39 38 37 39 42 43 43 42 42 42 42 42 43 44 43 44 44 44 45 46 49 50 49 47 43 40 37 35 32 31 30 29 28 28 28 27 27 28 27 33 34 38 31 31 31 30 33 35 36 37 37 34 31 29 27 28 34 34 33 31 30 31 31
39 36 32 31 30 28 26 24 24 23 22 22 23 22 22 24 24 24 24 24 28 31 34 34 33 40 42 43 42 42 42 42 43 42 42 44 45 46 46 46 46 46 46 45 46 46 45 46 46 46 46 46 46 48 49 48 45 41 38 35 33 31 30 28 27 26 26 25 26 31 33 32 34 39 40 37 38 37 36 35 36 36 37 36 36 39 36 33 31 31 38 37 38 35 35 36
39 38 34 32 31 28 27 25 24 23 23 22 24 25 24 25 25 25 26 27 28 30 34 37 39 43 45 43 43 45 45 46 47 48 49 50 50 50 50 50 49 48 49 48 49 50 -9999 -9999 -9999 -9999 -9999 -9999 -9999 -9999 48 47 45 41 37 35 33 31 29 29 27 27 28 27 29 31 32 37 39 40 40 40 40 39 39 38 39 38 39 39 40 39 37 38 36 36 39 39 38 37 37 39
44 39 34 33 32 30 28 27 25 25 24 23 23 26 26 26 26 27 26 28 30 32 34 39 43 45 46 47 46 48 49 50 50 52 53 55 54 55 54 53 53 53 52 53 52 50 51 51 51 50 48 47 46 45 44 43 40 37 35 35 33 31 30 30 30 31 31 32 34 36 38 39 40 40 41 41 41 41 41 41 40 38 39 39 37 36 34 35 40 39 41 41 41 39 39 41
47 45 40 36 33 31 31 30 27 25 24 23 23 23 25 27 28 28 29 29 30 33 36 41 44 47 48 49 50 -9999 51 53 53 51 56 58 58 58 57 56 56 55 55 54 53 52 52 52 52 50 49 47 44 42 41 41 39 36 33 32 32 31 31 31 31 33 32 33 34 35 37 39 40 41 41 42 42 42 42 41 41 39 37 36 35 37 39 41 40 40 41 42 42 41 43 43
52 49 47 40 36 34 32 32 30 27 26 26 25 25 27 29 30 31 32 33 35 37 40 43 44 45 49 -9999 -9999 -9999 -9999 -9999 -9999 -9999 61 63 63 61 60 59 57 56 57 56 54 53 53 54 54 52 50 47 43 39 38 38 36 32 32 32 31 32 33 33 32 33 34 34 35 36 38 40 40 40 40 41 41 42 43 43 42 40 40 40 38 39 42 42 43 42 43 42 43 44 45 44
56 53 45 49 44 36 34 34 33 30 28 27 26 26 27 30 32 33 35 37 38 41 43 43 48 41 50 -9999 -9999 -9999 54 57 59 61 63 65 65 63 62 60 59 59 59 57 55 55 55 55 55 54 52 48 45 44 48 45 39 33 38 36 32 32 33 34 33 32 34 34 33 35 37 40 40 39 40 39 42 42 43 44 42 43 44 44 40 41 44 43 44 43 44 44 44 45 45 45
64 57 55 52 42 39 36 35 35 34 31 29 30 29 29 29 33 35 36 39 40 41 45 46 49 -9999 -9999 -9999 -9999 59 57 56 60 63 66 67 67 65 63 62 62 62 60 60 59 57 56 55 55 54 52 49 48 46 48 49 47 42 41 39 37 37 37 37 36 36 36 37 37 37 38 39 40 40 40 40 40 41 44 44 43 44 44 43 42 44 46 46 47 46 45 46 45 45 46 46
66 60 57 57 51 46 41 37 38 40 36 32 34 33 34 32 32 37 39 41 43 -9999 -9999 -9999 -9999 -9999 -9999 -9999 -9999 61 61 61 64 66 69 69 69 67 66 65 63 60 62 62 61 60 58 57 56 55 53 52 50 51 49 49 47 45 45 42 40 38 38 38 37 36 36 36 36 37 38 38 39 40 40 42 42 44 45 45 45 46 47 44 44 42 42 43 47 47 46 45 45 45 46 46
67 64 61 58 52 51 44 40 38 42 46 42 39 37 36 36 36 37 42 44 -9999 -9999 -9999 -9999 -9999 59 60 60 64 64 64 66 68 70 71 72 73 70 70 70 69 70 70 65 64 62 61 60 58 56 55 54 52 51 51 51 49 48 46 44 42 40 39 38 38 37 37 37 38 37 38 38 39 40 41 44 44 45 46 46 46 48 47 46 47 47 44 44 46 45 45 46 45 45 46 46
68 66 63 58 55 52 49 44 42 44 46 46 43 41 39 38 40 40 40 46 50 -9999 -9999 -9999 57 59 62 -9999 65 66 68 69 70 73 75 78 76 76 78 78 77 75 68 65 66 65 63 62 61 59 58 57 58 57 55 54 51 49 47 45 43 40 39 38 37 37 37 37 38 38 38 38 39 40 43 45 46 46 47 47 48 49 49 49 48 47 46 45 45 45 45 46 46 45 46 46
68 68 66 63 60 58 56 50 47 43 43 46 46 44 41 41 43 45 47 47 51 52 54 56 59 60 64 67 -9999 -9999 -9999 74 74 76 79 77 77 78 80 81 80 74 70 70 69 68 65 64 63 62 61 61 59 61 57 57 52 50 47 45 42 40 38 37 37 38 37 38 37 37 38 38 39 41 44 47 49 49 50 50 51 51 50 50 48 47 46 46 46 46 45 45 45 45 46 45
-9999 68 68 67 65 64 60 53 51 48 46 44 45 45 44 42 44 47 50 51 53 54 56 59 61 64 68 68 -9999 -9999 -9999 75 79 79 80 80 81 81 81 84 83 79 76 74 71 68 68 67 65 64 64 63 62 62 61 55 53 50 46 44 41 39 37 37 37 38 37 37 38 38 38 38 39 42 46 49 53 54 54 54 55 53 52 50 49 48 47 47 46 45 46 46 46 45 45 45
-9999 -9999 -9999 69 66 65 63 59 56 54 48 48 50 49 49 49 49 50 51 51 54 58 -9999 62 -9999 68 68 70 73 -9999 78 78 80 82 83 84 -9999 81 84 86 84 80 77 73 71 72 71 69 67 67 67 66 66 64 61 58 53 48 46 43 41 38 36 36 37 37 38 38 38 38 38 39 40 42 47 52 60 63 62 61 58 55 52 51 50 48 47 47 46 46 46 46 46 45 45 45
-9999 -9999 -9999 65 68 64 62 62 60 52 51 49 48 47 50 51 52 53 56 56 56 57 59 62 64 68 70 71 73 76 -9999 81 81 82 86 -9999 -9999 89 87 86 84 81 77 76 75 74 72 71 70 70 71 69 68 65 61 56 50 48 45 43 41 39 37 36 37 37 38 38 38 38 38 38 39 42 47 55 63 73 71 66 62 58 53 51 50 48 47 47 46 47 46 46 46 45 45 45
-9999 -9999 -9999 70 71 70 66 67 65 62 57 53 52 50 51 50 54 55 56 57 59 59 60 60 64 69 -9999 -9999 -9999 -9999 -9999 -9999 84 84 86 86 86 88 85 85 84 82 78 77 75 75 73 71 70 74 73 69 68 64 60 55 50 47 45 43 41 40 40 38 39 39 39 39 39 38 38 39 40 42 47 55 64 74 73 68 63 58 54 51 50 49 48 48 48 48 48 47 47 46 45 44
-9999 -9999 74 72 72 73 71 70 67 65 62 62 57 56 58 55 55 57 59 59 59 61 63 64 67 70 74 76 -9999 80 -9999 -9999 -9999 85 89 88 85 89 88 86 86 84 82 80 77 76 74 72 71 74 81 76 67 62 58 55 50 47 45 43 42 42 42 42 41 41 41 41 42 40 39 39 41 42 46 53 61 67 68 65 62 57 54 51 50 49 49 49 49 49 48 48 48 46 45 45
-9999 -9999 74 71 74 76 74 74 73 71 68 60 64 64 64 61 59 58 59 59 60 61 62 65 69 71 73 -9999 -9999 -9999 -9999 -9999 -9999 -9999 -9999 89 90 90 89 87 88 85 85 84 81 78 76 75 74 75 70 76 71 62 58 55 50 47 45 44 44 44 45 45 45 45 45 44 42 42 40 39 41 42 45 50 56 60 62 61 58 55 53 51 50 51 51 50 50 49 49 49 49 48 47 47
-9999 -9999 77 76 75 78 77 76 74 71 66 60 59 58 60 62 64 63 63 62 62 63 64 66 71 71 71 75 80 -9999 -9999 -9999 87 -9999 -9999 91 91 91 91 90 91 89 87 86 83 80 77 76 76 76 73 69 67 65 59 54 51 48 46 44 44 45 47 47 47 49 46 46 45 43 42 42 42 43 45 48 52 54 56 56 55 53 51 51 50 52 51 50 51 50 50 49 49 49 49 49
-9999 -9999 -9999 78 79 80 78 77 75 71 64 61 61 58 58 60 64 65 65 66 66 66 67 69 72 74 76 78 78 80 83 -9999 -9999 -9999 -9999 -9999 -9999 -9999 -9999 -9999 -9999 91 91 88 84 81 78 76 76 76 76 75 71 69 65 57 53 49 47 47 46 46 49 52 52 52 47 47 50 48 46 45 45 45 45 47 51 52 52 53 52 51 50 50 50 50 51 52 51 50 50 50 51 52 52 54
-9999 -9999 -9999 78 77 80 80 79 76 73 68 66 63 62 60 64 65 63 65 69 68 70 71 72 73 76 78 80 81 80 83 84 -9999 -9999 -9999 -9999 -9999 91 93 91 91 93 93 89 86 83 80 77 76 77 75 74 70 64 63 60 55 52 49 47 47 48 49 52 51 54 53 50 54 55 52 49 48 48 47 48 50 51 52 51 51 51 51 50 50 50 50 51 51 51 51 51 54 54 56 58
-9999 -9999 -9999 -9999 77 81 82 78 78 76 72 70 63 62 64 64 70 68 67 69 71 74 75 76 76 76 78 81 81 83 83 83 86 -9999 -9999 90 88 91 93 93 94 95 93 92 89 84 81 79 78 78 78 77 73 69 64 60 57 52 50 48 49 48 51 55 63 59 56 57 58 60 59 58 52 53 52 51 51 52 52 52 50 50 50 50 49 51 51 52 52 52 53 57 58 58 58 58
-9999 -9999 -9999 -9999 -9999 -9999 -9999 -9999 -9999 77 72 68 69 66 65 66 71 73 71 71 73 75 78 77 79 82 80 82 83 82 84 84 85 86 88 -9999 92 -9999 94 94 95 95 95 94 92 87 84 83 81 82 80 81 78 71 68 63 62 56 52 50 50 50 56 59 70 70 58 66 60 62 61 66 61 57 58 56 54 53 52 53 52 51 50 50 50 51 51 52 52 56 58 62 61 59 55 55
-9999 -9999 -9999 -9999 -9999 -9999 83 -9999 -9999 78 74 74 70 69 68 66 68 74 75 76 76 77 78 78 -9999 -9999 82 83 83 83 83 84 85 86 88 90 92 -9999 93 94 95 95 97 96 95 92 89 86 86 87 82 82 81 75 68 67 63 61 55 53 53 56 61 65 77 78 68 75 64 63 69 63 67 65 62 60 58 55 55 54 54 53 51 50 51 52 52 53 58 62 68 67 65 61 56 54
-9999 -9999 -9999 -9999 -9999 -9999 -9999 -9999 -9999 78 74 76 74 68 72 70 69 73 78 79 -9999 -9999 -9999 -9999 -9999 -9999 82 83 84 84 83 83 84 85 88 89 90 -9999 92 94 96 96 98 98 98 94 91 90 88 90 90 88 79 76 78 71 65 64 60 56 55 58 65 81 88 91 83 85 76 75 75 64 62 65 66 66 64 60 57 55 55 52 52 52 54 54 56 63 69 71 71 71 70 64 58 54
-9999 -9999 -9999 -9999 -9999 -9999 -9999 -9999 -9999 79 78 77 79 73 72 76 76 73 78 -9999 82 80 -9999 82 -9999 -9999 -9999 84 84 83 84 84 85 86 87 88 89 91 92 94 -9999 96 97 98 100 98 97 96 94 93 93 93 92 89 80 71 68 65 62 60 60 61 69 92 95 95 94 92 89 84 80 71 64 63 65 67 64 64 70 60 57 56 56 56 56 57 65 73 76 75 75 73 72 66 60 54
-9999 -9999 -9999 -9999 -9999 -9999 -9999 -9999 -9999 -9999 80 79 80 77 76 80 80 79 80 -9999 -9999 81 83 84 -9999 84 84 84 84 84 84 84 85 86 86 88 -9999 92 92 -9999 -9999 96 97 98 99 97 98 97 97 96 97 97 96 96 93 87 83 68 67 67 64 63 70 92 97 97 96 95 94 92 88 84 78 72 68 67 70 63 68 82 74 62 61 61 63 70 78 81 80 79 77 75 73 68 61 56
-9999 -9999 -9999 -9999 -9999 -9999 -9999 -9999 -9999 -9999 -9999 -9999 -9999 -9999 79 81 -9999 81 82 82 -9999 -9999 -9999 -9999 85 83 84 84 84 84 84 85 84 -9999 86 -9999 90 90 92 93 -9999 96 96 99 100 100 99 100 100 100 -9999 -9999 97 100 99 93 90 68 72 70 65 78 77 97 -9999 -9999 -9999 -9999 -9999 94 92 90 86 81 75 73 74 77 74 84 89 84 69 69 76 83 84 84 82 81 80 78 76 70 64 60
-9999 -9999 -9999 -9999 -9999 -9999 -9999 -9999 -9999 -9999 -9999 -9999 -9999 -9999 81 83 -9999 84 84 85 -9999 -9999 -9999 -9999 -9999 -9999 -9999 -9999 -9999 -9999 -9999 85 84 85 86 88 -9999 90 91 94 94 97 95 99 99 100 -9999 102 102 102 -9999 -9999 -9999 -9999 96 97 90 77 83 82 84 94 92 99 -9999 -9999 -9999 -9999 -9999 -9999 -9999 -9999 92 91 82 70 71 74 74 76 81 83 83 84 86 87 87 85 85 83 82 80 77 72 68 66
-9999 -9999 -9999 -9999 -9999 -9999 -9999 -9999 -9999 -9999 -9999 -9999 -9999 -9999 -9999 -9999 -9999 83 85 -9999 -9999 -9999 -9999 -9999 -9999 -9999 -9999 -9999 -9999 -9999 -9999 84 86 84 86 88 86 -9999 -9999 -9999 94 -9999 -9999 -9999 -9999 99 101 100 101 103 -9999 -9999 -9999 -9999 -9999 103 98 91 96 97 97 100 98 100 -9999 -9999 -9999 -9999 -9999 -9999 -9999 -9999 -9999 94 92 82 83 82 84 84 87 86 88 90 89 90 -9999 -9999 85 85 83 81 79 75 72 79
-9999 -9999 -9999 -9999 -9999 -9999 -9999 -9999 -9999 -9999 -9999 -9999 -9999 -9999 -9999 -9999 -9999 86 87 86 -9999 -9999 -9999 -9999 -9999 -9999 -9999 -9999 -9999 -9999 -9999 -9999 -9999 -9999 -9999 -9999 -9999 -9999 90 94 -9999 -9999 -9999 -9999 -9999 -9999 101 101 104 106 -9999 -9999 -9999 -9999 -9999 -9999 -9999 102 103 103 -9999 -9999 -9999 -9999 -9999 -9999 -9999 -9999 -9999 -9999 -9999 -9999 -9999 -9999 96 94 95 98 96 95 95 94 93 92 92 -9999 -9999 -9999 -9999 -9999 -9999 -9999 -9999 -9999 -9999 74
-9999 -9999 -9999 -9999 -9999 -9999 -9999 -9999 -9999 -9999 -9999 -9999 -9999 -9999 -9999 -9999 -9999 -9999 -9999 87 87 -9999 -9999 -9999 -9999 -9999 -9999 -9999 -9999 -9999 -9999 -9999 -9999 -9999 -9999 -9999 -9999 88 92 92 94 -9999 -9999 97 -9999 -9999 102 102 105 -9999 -9999 -9999 -9999 -9999 -9999 -9999 -9999 -9999 -9999 -9999 -9999 -9999 -9999 -9999 -9999 -9999 -9999 -9999 -9999 -9999 -9999 -9999 -9999 -9999 -9999 -9999 99 100 -9999 -9999 -9999 -9999 -9999 -9999 -9999 -9999 -9999 -9999 -9999 89 -9999 -9999 -9999 -9999 80 83
-9999 -9999 -9999 -9999 -9999 -9999 -9999 -9999 -9999 -9999 -9999 -9999 -9999 -9999 -9999 -9999 -9999 -9999 -9999 -9999 87 -9999 86 -9999 -9999 -9999 -9999 -9999 -9999 -9999 -9999 -9999 -9999 -9999 -9999 -9999 -9999 -9999 -9999 91 -9999 -9999 96 97 -9999 -9999 104 -9999 -9999 -9999 -9999 -9999 -9999 -9999 -9999 -9999 -9999 -9999 -9999 -9999 -9999 -9999 -9999 -9999 -9999 -9999 -9999 -9999 -9999 -9999 -9999 -9999 -9999 -9999 -9999 -9999 -9999 -9999 -9999 -9999 -9999 -9999 -9999 -9999 -9999 -9999 -9999 91 90 -9999 -9999 -9999 -9999 -9999 87 86
-9999 -9999 -9999 -9999 -9999 -9999 -9999 -9999 -9999 -9999 -9999 -9999 -9999 -9999 -9999 -9999 -9999 -9999 -9999 -9999 -9999 86 86 86 86 86 -9999 -9999 -9999 -9999 -9999 -9999 -9999 86 -9999 -9999 -9999 -9999 -9999 -9999 -9999 -9999 95 97 -9999 -9999 -9999 -9999 -9999 -9999 -9999 -9999 -9999 -9999 -9999 -9999 -9999 -9999 -9999 -9999 -9999 -9999 -9999 -9999 -9999 -9999 -9999 -9999 -9999 -9999 -9999 -9999 -9999 -9999 -9999 -9999 -9999 -9999 -9999 -9999 -9999 -9999 -9999 -9999 90 91 92 92 -9999 -9999 -9999 -9999 -9999 -9999 88 88
-9999 -9999 -9999 -9999 -9999 -9999 -9999 -9999 -9999 -9999 -9999 -9999 -9999 -9999 -9999 -9999 -9999 -9999 -9999 -9999 -9999 86 85 84 84 86 86 84 83 82 81 80 82 82 85 85 -9999 87 90 -9999 -9999 95 96 97 -9999 -9999 -9999 -9999 -9999 -9999 -9999 -9999 -9999 -9999 -9999 -9999 -9999 -9999 -9999 -9999 -9999 -9999 -9999 -9999 -9999 -9999 -9999 -9999 -9999 -9999 -9999 -9999 -9999 -9999 -9999 -9999 -9999 97 96 95 96 90 90 92 92 93 93 -9999 -9999 -9999 -9999 -9999 -9999 -9999 89 90
