resultados/variables_proyeccion_tiempo/variables_paleo_21k/bio12.asc
ncols 330
nrows 228
xllcorner -12.000000
yllcorner 34.000000
cellsize 0.166667
NODATA_value -9999
[rows 0 to 41 of 228, columns 186 to 278 of 330]
-9999 -9999 -9999 -9999 -9999 -9999 -9999 -9999 -9999 -9999 -9999 -9999 -9999 -9999 -9999 -9999 -9999 -9999 -9999 -9999 -9999 -9999 -9999 -9999 -9999 -9999 -9999 -9999 -9999 -9999 -9999 -9999 -9999 -9999 -9999 -9999 297 289 282 273 265 259 253 247 -9999 -9999 -9999 -9999 -9999 -9999 -9999 -9999 -9999 219 219 220 -9999 -9999 -9999 -9999 -9999 -9999 -9999 -9999 -9999 -9999 -9999 -9999 -9999 -9999 -9999 -9999 -9999 -9999 -9999 -9999 -9999 -9999 -9999 -9999 -9999 158 -9999 152 151 148 144 143 139 134 132 130 126
530 -9999 -9999 -9999 -9999 -9999 -9999 -9999 -9999 -9999 -9999 -9999 -9999 -9999 -9999 -9999 -9999 -9999 -9999 -9999 -9999 -9999 -9999 -9999 -9999 -9999 -9999 -9999 -9999 -9999 -9999 -9999 -9999 -9999 -9999 -9999 302 294 289 -9999 -9999 -9999 -9999 -9999 -9999 -9999 -9999 -9999 -9999 -9999 -9999 -9999 -9999 -9999 -9999 -9999 -9999 -9999 -9999 -9999 -9999 -9999 -9999 -9999 -9999 -9999 -9999 -9999 -9999 -9999 -9999 -9999 -9999 -9999 -9999 -9999 -9999 -9999 -9999 -9999 -9999 -9999 -9999 -9999 -9999 -9999 -9999 142 141 138 134 133 131
579 555 535 517 506 482 467 452 -9999 -9999 -9999 -9999 -9999 -9999 -9999 -9999 -9999 -9999 -9999 -9999 -9999 -9999 -9999 -9999 -9999 -9999 -9999 -9999 -9999 -9999 -9999 -9999 -9999 -9999 -9999 -9999 -9999 -9999 -9999 -9999 -9999 -9999 -9999 -9999 -9999 -9999 -9999 -9999 -9999 -9999 -9999 -9999 -9999 -9999 -9999 -9999 -9999 -9999 -9999 -9999 -9999 -9999 -9999 -9999 -9999 -9999 -9999 -9999 -9999 -9999 -9999 -9999 -9999 -9999 -9999 -9999 -9999 -9999 -9999 -9999 -9999 -9999 -9999 -9999 -9999 -9999 -9999 -9999 142 141 139 136 134
609 590 569 548 526 505 483 466 451 -9999 -9999 -9999 -9999 -9999 -9999 -9999 -9999 -9999 -9999 -9999 -9999 -9999 -9999 -9999 -9999 -9999 -9999 -9999 -9999 -9999 -9999 -9999 -9999 -9999 -9999 -9999 -9999 -9999 -9999 -9999 -9999 -9999 -9999 259 254 249 -9999 -9999 -9999 -9999 -9999 -9999 -9999 -9999 -9999 -9999 -9999 -9999 -9999 -9999 -9999 -9999 -9999 -9999 -9999 -9999 -9999 -9999 -9999 -9999 -9999 -9999 -9999 -9999 206 203 196 194 -9999 -9999 -9999 -9999 -9999 -9999 -9999 -9999 -9999 -9999 -9999 144 142 139 137
646 623 600 576 554 533 508 487 468 450 435 422 409 400 -9999 -9999 383 381 380 -9999 -9999 -9999 -9999 -9999 -9999 -9999 -9999 -9999 -9999 -9999 -9999 -9999 -9999 367 359 344 328 316 306 300 308 -9999 -9999 -9999 253 252 246 243 -9999 235 233 233 234 234 232 231 -9999 -9999 -9999 -9999 -9999 -9999 -9999 -9999 -9999 -9999 -9999 -9999 -9999 -9999 -9999 -9999 -9999 212 209 206 200 195 190 186 183 176 173 170 165 162 159 155 153 149 147 144 141
682 659 632 607 581 557 532 510 489 471 453 438 424 412 404 398 393 388 382 -9999 387 390 393 399 404 410 417 423 432 461 465 425 404 398 388 366 346 343 336 335 323 307 291 276 260 252 248 242 242 250 252 268 257 253 255 249 242 240 238 237 236 -9999 -9999 -9999 -9999 -9999 -9999 -9999 -9999 -9999 -9999 -9999 -9999 -9999 -9999 207 201 198 192 187 184 181 176 171 169 165 162 160 156 153 151 149 147
718 692 663 636 608 581 555 529 505 483 464 449 439 427 417 408 398 -9999 396 400 401 409 414 419 428 431 428 425 443 462 459 443 419 416 404 379 359 340 339 336 311 297 281 268 281 284 260 243 252 265 266 273 276 275 276 280 272 252 252 255 249 248 247 242 -9999 -9999 -9999 -9999 -9999 -9999 -9999 -9999 226 224 217 212 207 204 201 191 187 182 180 175 172 169 164 163 161 156 155 154 152
746 721 695 664 632 601 572 543 517 496 474 454 441 430 420 409 414 414 410 418 425 425 444 436 451 455 452 442 451 446 441 434 426 407 408 400 382 359 339 320 301 286 285 309 306 288 260 242 252 271 280 282 279 275 265 264 249 268 278 285 284 270 264 266 267 264 268 255 247 243 -9999 -9999 -9999 225 220 216 210 205 200 194 189 185 182 178 175 173 169 166 163 161 158 156 154
795 765 730 671 639 612 586 559 542 521 492 468 451 -9999 -9999 416 421 429 437 443 457 448 450 456 449 445 453 446 465 468 441 447 449 409 394 382 369 346 314 295 289 293 303 303 302 275 251 251 271 274 277 284 280 279 276 261 265 288 291 290 276 285 292 287 283 292 286 282 263 255 245 241 236 228 -9999 -9999 -9999 -9999 -9999 -9999 -9999 187 185 181 178 174 171 167 164 162 161 159 158
831 796 754 711 673 639 607 578 550 520 490 469 449 439 446 436 443 416 415 419 431 438 432 455 484 485 475 457 455 463 463 439 424 409 393 375 346 320 304 302 302 300 306 304 286 266 269 271 277 282 283 282 269 262 256 263 266 273 282 286 283 281 290 297 292 289 286 287 282 275 264 259 250 236 226 -9999 -9999 -9999 204 201 198 192 187 183 180 177 174 171 168 164 162 159 157
879 844 792 768 717 663 618 604 552 542 521 482 457 467 479 471 467 487 474 445 470 473 466 447 435 453 447 463 469 458 439 433 423 408 387 354 328 313 317 320 328 311 303 294 297 289 280 276 277 276 275 268 263 261 256 261 262 268 275 275 270 271 283 288 293 288 276 269 266 261 258 254 245 233 227 222 -9999 -9999 -9999 202 201 199 194 189 183 179 176 173 171 168 165 164 162
931 880 838 772 740 697 632 580 590 566 551 505 469 469 469 475 491 488 486 468 468 481 476 448 422 438 448 453 464 464 439 422 420 412 382 345 320 332 356 342 325 334 320 331 318 299 288 281 276 269 259 257 256 255 254 259 257 256 254 255 254 255 256 256 257 253 252 250 243 237 236 234 232 225 224 223 221 219 215 209 203 198 195 193 190 187 182 176 174 171 169 167 164
950 905 849 798 742 667 632 632 562 550 534 506 478 489 495 470 443 449 470 487 496 500 486 470 436 421 424 442 447 446 434 422 431 430 410 345 325 336 340 323 330 334 318 302 280 282 271 264 264 262 262 265 263 252 252 264 269 268 269 269 270 265 259 256 245 242 235 238 240 228 224 229 231 233 232 229 229 230 231 225 214 202 194 193 191 189 188 184 180 178 175 172 168
960 900 843 797 718 678 690 631 550 580 544 540 488 494 537 530 490 471 455 470 486 491 477 470 458 446 446 445 436 436 426 410 406 402 378 346 323 311 304 298 296 286 285 281 284 278 270 256 258 263 260 261 268 261 259 260 261 265 257 253 256 250 249 249 248 244 242 250 250 256 254 251 253 245 235 234 244 244 236 235 229 222 216 209 199 188 183 181 178 178 178 177 173
909 868 825 771 715 706 669 585 565 553 570 571 544 491 517 546 519 536 524 504 480 480 478 478 472 454 440 437 431 428 412 402 389 381 369 348 324 308 297 288 277 275 283 285 286 274 266 260 253 252 256 259 256 256 254 251 250 248 248 249 247 246 249 252 247 239 236 238 249 255 261 254 250 245 253 254 250 242 234 235 226 222 217 212 199 190 185 185 183 182 180 179 179
857 819 787 733 724 704 634 564 617 577 606 547 547 526 504 489 484 493 494 495 472 457 462 470 448 440 433 419 418 415 401 386 378 364 352 333 312 300 290 280 271 275 277 276 274 266 262 259 254 252 250 248 247 248 249 245 244 244 244 249 250 249 246 240 234 231 230 243 258 256 254 246 243 251 250 248 247 244 240 234 229 226 220 212 208 204 198 188 185 188 194 191 185
788 755 729 706 679 627 637 628 576 553 559 570 551 544 527 503 488 464 459 461 452 441 432 443 435 428 419 406 404 400 397 386 371 360 339 327 317 308 294 279 273 279 282 274 268 264 256 249 244 243 240 241 239 238 237 239 239 242 244 243 241 236 240 236 244 240 240 245 247 248 249 250 245 249 254 251 248 242 237 237 234 228 219 216 211 207 204 201 201 207 207 202 197
718 694 684 668 658 654 618 585 562 545 483 509 520 512 483 468 461 456 444 438 433 430 419 411 407 404 408 406 399 395 385 373 362 351 338 333 317 302 288 278 269 275 277 273 271 263 256 247 240 236 233 231 232 233 234 234 234 238 241 236 234 234 236 242 243 239 238 237 238 243 247 250 252 249 245 243 242 242 239 235 232 234 230 220 209 207 206 203 206 209 210 210 205
678 676 648 601 598 608 600 567 537 506 484 458 469 475 472 463 452 437 423 417 417 413 406 396 393 397 399 401 397 387 378 368 359 348 337 324 314 300 288 278 270 269 265 258 253 248 243 242 237 231 227 226 227 229 230 232 235 235 236 234 235 236 237 238 236 234 237 236 234 239 240 243 240 242 241 244 244 238 240 239 236 230 228 222 214 214 214 212 209 210 211 209 205
654 656 621 604 562 577 568 557 521 505 493 485 467 447 438 442 444 431 421 404 402 402 400 392 389 383 384 382 383 377 373 366 360 348 336 324 309 299 288 281 288 277 270 259 255 257 252 246 238 232 228 223 227 228 232 235 237 237 238 234 234 233 233 232 231 232 231 229 227 229 228 230 232 230 234 237 234 229 233 231 232 229 225 224 218 219 218 215 214 215 212 208 206
573 563 564 570 538 530 533 519 503 482 469 457 450 446 442 427 410 400 397 383 378 380 380 376 376 371 367 367 372 361 355 353 344 336 329 320 306 297 292 284 280 280 274 267 265 260 256 247 240 229 225 226 231 228 230 234 236 228 229 228 228 226 225 225 227 225 226 228 226 225 225 223 222 223 224 224 224 226 225 232 235 234 232 229 222 218 219 218 212 211 211 209 204
488 521 552 518 489 498 494 487 482 476 460 442 432 426 417 409 404 392 376 369 362 359 357 357 356 352 352 349 347 340 337 332 327 322 317 311 303 295 286 280 276 269 266 262 257 253 249 245 242 236 237 236 229 227 227 225 229 231 229 230 231 228 226 224 228 235 231 230 224 224 228 226 224 224 221 220 224 229 226 229 236 232 229 225 226 217 215 216 218 220 213 207 203
523 499 474 454 453 448 447 455 461 452 443 437 427 415 398 392 389 379 372 367 364 357 349 345 339 339 339 340 349 337 325 324 319 313 306 299 298 290 284 279 272 268 263 260 257 251 247 243 239 236 235 236 232 235 240 239 243 239 232 234 230 224 223 222 223 218 216 219 216 214 220 235 231 226 229 223 226 229 230 228 233 226 229 226 220 217 216 215 216 217 212 204 199
504 489 488 471 446 442 440 433 427 426 419 414 407 404 389 376 368 366 364 358 354 355 345 336 331 328 325 322 321 323 326 309 304 296 291 287 283 277 276 273 269 264 259 256 252 249 244 241 238 232 231 227 224 225 225 226 227 226 226 224 225 222 220 216 214 215 215 210 209 210 211 212 214 225 231 235 228 229 225 226 239 224 219 220 219 215 214 214 211 209 206 201 197
470 446 449 445 434 431 429 425 413 408 396 392 384 374 372 368 362 354 345 341 341 341 336 330 323 317 311 309 310 309 307 305 298 288 281 276 272 269 265 264 268 266 260 258 254 248 241 238 236 232 226 223 222 223 223 222 224 223 219 217 219 218 218 215 213 212 207 206 210 211 210 211 218 214 216 218 224 226 227 220 245 233 222 214 213 210 214 214 216 213 204 193 197
455 433 424 428 426 414 415 414 412 402 389 375 369 358 351 346 342 340 334 329 326 322 318 316 311 306 301 300 298 300 296 294 286 280 274 270 266 262 262 260 259 257 255 252 248 241 238 234 230 227 223 221 220 220 221 216 216 214 210 212 213 212 215 217 215 210 203 200 199 202 207 204 204 205 206 212 209 207 204 208 232 217 212 210 208 222 242 235 235 218 206 192 193
425 424 408 403 406 401 403 400 394 393 382 369 362 358 349 340 334 328 320 315 313 308 305 306 305 299 292 288 289 285 284 284 275 272 267 260 257 256 254 250 251 249 246 245 241 238 234 230 225 222 217 215 216 214 213 212 208 205 205 206 207 208 210 213 211 209 208 207 204 201 199 197 196 197 198 196 195 196 197 200 201 201 202 204 204 205 210 212 215 212 197 184 179
397 395 392 397 391 392 392 392 390 382 370 363 352 344 338 331 327 319 311 302 298 295 292 291 288 281 278 276 273 272 271 267 266 262 256 253 252 250 248 245 245 243 241 241 237 234 230 225 223 219 213 209 208 208 204 201 203 203 206 205 205 205 204 207 206 200 200 203 204 196 194 196 198 204 201 196 196 192 190 192 193 195 200 202 199 200 200 195 190 187 181 178 178
386 388 378 378 371 369 371 368 366 361 358 353 346 336 323 318 322 313 303 294 289 284 281 278 275 274 270 265 263 263 260 260 258 253 248 245 244 242 240 238 236 235 235 237 232 229 225 220 217 210 204 200 202 200 198 197 197 197 197 198 199 195 197 196 194 194 194 195 198 198 196 197 198 199 195 192 189 189 188 183 185 194 196 201 203 197 192 188 184 180 177 174 170
394 376 365 360 354 356 360 354 351 351 336 331 322 316 312 306 299 297 296 286 281 274 272 272 272 269 263 259 256 252 251 249 248 243 240 236 232 233 234 229 227 227 228 224 222 221 220 216 210 204 199 197 195 195 196 197 194 190 188 188 189 189 189 192 188 187 188 188 187 187 186 186 183 190 192 188 180 176 173 173 174 179 184 195 192 190 183 180 179 173 169 167 166
365 358 357 353 344 349 341 340 340 332 329 326 319 308 299 291 287 281 281 278 273 267 261 261 259 261 255 249 243 240 244 242 237 236 234 227 226 223 221 220 220 222 218 215 214 213 211 207 204 198 193 192 191 189 188 188 186 184 184 183 186 185 184 184 187 186 182 176 172 175 173 172 175 171 174 172 171 171 169 174 173 173 176 182 191 187 180 174 172 169 165 161 159
353 341 338 337 332 327 322 321 325 325 317 310 307 306 299 290 280 272 267 263 266 261 254 254 251 251 251 246 238 232 237 232 228 226 223 222 221 216 211 210 212 211 208 204 205 203 201 200 197 192 188 186 185 184 181 183 184 184 185 184 183 186 184 184 182 179 174 170 166 165 166 164 166 170 164 164 163 163 164 167 171 174 176 178 174 172 170 166 163 162 158 157 153
354 342 334 327 322 317 315 312 301 308 305 299 296 295 293 287 278 270 262 254 251 252 246 246 245 242 240 238 232 228 229 225 219 217 214 214 212 209 205 203 202 201 196 195 195 193 191 190 189 185 182 182 180 178 178 180 180 180 181 179 177 177 178 178 175 174 174 170 166 163 160 160 160 161 164 163 162 161 161 163 167 171 173 174 172 169 164 159 152 147 145 144 144
357 347 341 330 324 320 311 303 294 286 285 286 282 280 276 275 266 267 264 251 244 240 237 235 236 236 234 227 226 225 221 218 213 212 210 207 202 199 195 196 197 192 189 187 186 185 184 183 182 178 179 184 182 178 177 177 177 178 178 176 174 173 173 173 170 170 172 170 162 159 155 156 159 158 160 160 160 159 160 160 162 165 168 170 166 164 162 157 152 144 136 132 129
354 350 341 332 322 317 310 298 290 285 275 271 270 269 263 259 250 252 252 249 242 239 233 230 232 230 227 222 221 218 217 215 211 206 201 197 194 189 189 189 188 185 185 184 182 182 180 176 176 176 176 179 177 175 175 175 176 176 173 173 173 173 170 166 166 167 166 164 161 157 155 155 154 155 158 156 156 157 159 161 162 163 163 163 162 160 157 155 152 147 141 134 127
336 330 324 317 309 300 298 296 290 284 273 263 264 262 258 251 243 243 240 239 235 231 226 225 225 223 220 218 216 214 212 209 202 199 193 189 185 183 181 181 181 181 180 178 177 175 175 174 173 173 174 174 175 175 173 173 172 171 172 174 173 173 170 166 165 164 163 163 161 154 151 151 150 151 153 153 153 155 157 158 159 160 160 161 160 158 156 154 151 148 143 139 132
328 322 311 309 300 294 283 280 279 279 275 267 263 252 248 244 238 237 231 228 224 223 221 219 218 215 214 213 212 212 208 204 198 192 188 183 181 180 177 175 174 173 172 171 170 169 169 170 169 168 167 170 173 173 170 168 169 171 172 173 172 169 167 165 164 163 161 161 158 158 156 151 149 149 149 151 152 152 154 156 157 157 156 156 157 156 153 152 149 146 142 138 131
330 323 313 305 302 294 291 283 277 264 266 258 254 251 248 241 233 229 226 223 219 218 216 215 211 210 208 207 205 204 204 199 193 188 183 179 176 172 170 168 169 169 168 167 167 166 166 167 164 162 164 170 170 171 171 169 166 167 167 168 168 167 165 164 164 162 160 158 155 153 152 151 149 148 148 148 149 149 150 152 156 156 154 154 155 152 151 150 148 143 141 135 130
326 314 309 305 299 298 296 288 280 272 265 259 253 246 245 237 231 226 222 219 217 215 212 209 207 206 204 203 202 201 198 195 188 182 177 172 169 167 166 165 164 163 164 164 164 163 164 163 161 161 163 165 166 165 166 165 166 166 166 166 166 165 165 163 161 160 158 156 152 150 150 150 150 149 149 150 151 150 150 150 154 156 154 153 152 150 150 149 146 142 140 135 132
321 315 306 300 295 292 289 284 281 277 269 261 251 243 239 235 229 225 220 218 216 212 209 204 201 200 200 200 199 195 192 188 184 178 174 168 164 160 159 160 159 160 163 161 163 161 162 161 161 161 162 163 163 163 165 165 166 166 166 166 165 165 163 161 160 159 157 155 152 150 150 150 150 150 151 151 151 152 152 152 154 154 155 154 152 150 149 148 145 143 140 136 134
311 305 304 298 293 288 283 278 276 272 268 262 255 244 239 234 229 224 219 215 212 210 207 204 200 199 197 195 194 192 189 186 180 176 170 167 160 157 155 155 156 157 162 161 163 162 161 162 161 162 162 163 164 163 164 166 166 167 167 166 165 164 163 162 160 159 155 153 152 150 150 149 149 149 150 150 151 153 153 155 157 156 155 154 154 152 150 149 146 145 143 140 137
309 300 294 289 286 283 281 278 271 270 263 255 250 245 239 232 228 223 218 213 211 209 207 202 199 197 196 193 192 192 188 184 179 175 170 166 159 154 152 153 154 157 160 160 162 162 163 163 162 164 164 166 165 169 165 166 167 167 168 167 166 165 164 164 163 162 159 156 153 152 151 150 150 149 150 151 152 153 154 154 156 156 156 155 154 154 154 151 149 147 144 143 141
