resultados/variables_proyeccion_tiempo/variables_paleo_21k/bio1.asc
ncols 330
nrows 228
xllcorner -12.000000
yllcorner 34.000000
cellsize 0.166667
NODATA_value -9999
[rows 123 to 163 of 228, columns 94 to 187 of 330]
-71 -71 -71 -71 -72 -72 -72 -73 -73 -73 -72 -71 -69 -67 -64 -63 -62 -60 -60 -61 -62 -65 -66 -67 -71 -72 -75 -78 -81 -83 -80 -75 -69 -70 -69 -71 -74 -73 -77 -79 -80 -79 -76 -73 -73 -70 -73 -73 -70 -68 -68 -69 -69 -70 -70 -70 -69 -66 -66 -66 -65 -66 -66 -66 -65 -65 -66 -66 -67 -66 -67 -67 -67 -66 -66 -65 -63 -64 -64 -63 -63 -65 -64 -64 -63 -64 -61 -59 -60 -59 -58 -58 -59 -60
-67 -66 -66 -66 -66 -67 -67 -67 -68 -68 -68 -66 -64 -62 -60 -59 -58 -56 -55 -58 -63 -68 -72 -74 -75 -75 -79 -79 -88 -90 -79 -72 -71 -68 -65 -68 -76 -73 -74 -79 -75 -74 -73 -72 -68 -68 -71 -70 -69 -66 -66 -66 -67 -68 -68 -70 -68 -66 -65 -64 -65 -67 -69 -66 -65 -64 -65 -65 -66 -67 -67 -67 -67 -65 -62 -60 -60 -60 -61 -61 -62 -61 -61 -61 -60 -60 -58 -57 -56 -55 -54 -54 -55 -56
-63 -62 -61 -61 -61 -61 -61 -62 -62 -63 -64 -63 -59 -57 -55 -55 -55 -53 -52 -52 -57 -63 -66 -70 -74 -73 -76 -81 -83 -78 -69 -70 -69 -60 -61 -65 -70 -69 -72 -70 -72 -69 -68 -65 -64 -67 -67 -68 -68 -68 -67 -66 -65 -66 -68 -70 -69 -70 -69 -66 -63 -68 -71 -74 -72 -71 -67 -64 -66 -68 -70 -69 -70 -69 -66 -61 -60 -59 -58 -57 -56 -56 -56 -56 -55 -56 -54 -54 -54 -53 -52 -52 -52 -52
-60 -59 -57 -57 -56 -57 -58 -58 -58 -58 -58 -58 -56 -55 -53 -52 -51 -50 -51 -49 -50 -55 -58 -61 -66 -66 -68 -77 -72 -67 -61 -61 -62 -59 -67 -67 -64 -68 -66 -69 -73 -71 -69 -67 -69 -70 -70 -68 -68 -69 -67 -68 -66 -67 -69 -70 -72 -76 -76 -76 -73 -68 -70 -71 -73 -74 -67 -65 -70 -81 -82 -75 -74 -76 -72 -64 -60 -58 -57 -54 -53 -52 -52 -52 -52 -51 -51 -51 -52 -51 -50 -50 -49 -50
-56 -54 -54 -53 -55 -54 -56 -55 -55 -55 -56 -55 -54 -56 -55 -57 -56 -51 -50 -49 -47 -49 -53 -55 -57 -64 -69 -64 -65 -60 -55 -56 -58 -59 -62 -60 -62 -65 -70 -68 -70 -79 -79 -72 -70 -69 -67 -64 -69 -70 -67 -68 -66 -68 -72 -74 -76 -79 -84 -90 -90 -83 -76 -70 -69 -68 -66 -69 -73 -83 -88 -97 -94 -81 -75 -76 -70 -60 -58 -54 -53 -51 -50 -49 -48 -48 -48 -48 -49 -48 -47 -48 -47 -49
-52 -52 -52 -52 -53 -53 -54 -54 -54 -54 -55 -53 -56 -58 -68 -72 -65 -61 -58 -55 -51 -48 -52 -53 -56 -62 -64 -58 -53 -51 -50 -52 -56 -65 -59 -58 -60 -67 -71 -68 -65 -67 -75 -79 -76 -75 -67 -71 -71 -72 -69 -68 -71 -73 -76 -81 -82 -88 -85 -75 -67 -72 -67 -66 -63 -60 -59 -59 -59 -63 -69 -71 -73 -72 -73 -70 -68 -68 -58 -54 -53 -51 -47 -47 -47 -45 -45 -44 -44 -44 -44 -44 -45 -46
-48 -48 -48 -50 -50 -50 -51 -51 -53 -55 -54 -53 -59 -63 -67 -71 -70 -67 -63 -60 -63 -51 -43 -42 -53 -50 -45 -49 -52 -52 -44 -42 -48 -56 -56 -55 -59 -66 -63 -57 -59 -60 -62 -67 -72 -72 -73 -74 -71 -73 -68 -70 -80 -86 -87 -90 -82 -73 -64 -62 -62 -63 -57 -54 -51 -55 -54 -50 -52 -54 -55 -58 -60 -59 -58 -67 -72 -57 -60 -60 -49 -48 -48 -47 -44 -42 -42 -43 -41 -40 -41 -41 -41 -42
-48 -48 -48 -49 -49 -51 -50 -48 -50 -50 -50 -56 -63 -61 -62 -62 -64 -61 -62 -61 -58 -47 -43 -45 -48 -51 -50 -50 -58 -47 -37 -37 -39 -44 -48 -50 -53 -54 -51 -51 -53 -54 -55 -55 -56 -56 -61 -68 -69 -68 -71 -70 -70 -70 -68 -67 -76 -69 -60 -61 -64 -64 -56 -50 -46 -43 -44 -44 -44 -46 -48 -48 -49 -49 -51 -58 -74 -66 -67 -75 -70 -64 -60 -50 -44 -42 -41 -37 -38 -38 -36 -36 -36 -37
-46 -46 -46 -47 -46 -46 -45 -47 -46 -49 -57 -54 -55 -56 -55 -56 -54 -55 -54 -50 -46 -46 -50 -53 -47 -50 -48 -41 -38 -34 -32 -32 -36 -42 -47 -45 -43 -43 -45 -46 -48 -50 -51 -50 -55 -54 -52 -55 -66 -69 -64 -63 -59 -68 -75 -73 -71 -66 -64 -63 -61 -59 -57 -51 -43 -42 -43 -42 -41 -41 -43 -43 -43 -45 -46 -50 -55 -60 -65 -64 -70 -82 -64 -54 -46 -42 -39 -36 -37 -36 -35 -34 -32 -32
-42 -42 -42 -44 -46 -46 -46 -47 -49 -50 -52 -53 -51 -49 -46 -44 -44 -44 -42 -37 -44 -51 -47 -51 -46 -36 -37 -34 -30 -31 -33 -31 -31 -37 -44 -39 -37 -40 -40 -39 -44 -48 -47 -46 -53 -52 -52 -51 -57 -60 -63 -59 -64 -68 -67 -68 -65 -62 -58 -56 -58 -54 -49 -48 -43 -45 -48 -47 -48 -45 -41 -47 -47 -44 -47 -47 -52 -51 -54 -46 -52 -61 -60 -55 -46 -42 -39 -35 -34 -34 -33 -32 -32 -33
-35 -35 -36 -37 -38 -36 -36 -38 -40 -42 -44 -44 -44 -39 -37 -38 -38 -36 -37 -45 -52 -48 -44 -41 -38 -39 -36 -31 -26 -28 -36 -33 -34 -32 -35 -33 -36 -36 -36 -37 -44 -44 -43 -42 -43 -49 -50 -51 -51 -51 -53 -56 -66 -63 -59 -57 -55 -52 -51 -54 -60 -60 -53 -46 -44 -44 -47 -46 -47 -49 -50 -50 -55 -57 -58 -54 -52 -51 -48 -42 -37 -42 -55 -55 -49 -44 -37 -34 -36 -35 -37 -45 -44 -42
-30 -29 -29 -28 -28 -30 -32 -32 -31 -32 -33 -35 -36 -35 -33 -31 -32 -34 -41 -41 -42 -43 -41 -39 -40 -39 -34 -26 -23 -22 -32 -35 -36 -34 -34 -33 -32 -34 -35 -38 -39 -41 -41 -38 -38 -42 -46 -47 -47 -48 -48 -52 -58 -60 -55 -52 -50 -49 -52 -53 -61 -55 -50 -46 -49 -50 -49 -51 -49 -48 -50 -49 -52 -55 -58 -55 -52 -47 -49 -47 -36 -33 -40 -46 -41 -37 -40 -44 -47 -55 -46 -53 -50 -57
-26 -24 -23 -24 -24 -23 -25 -27 -29 -28 -28 -29 -31 -33 -28 -23 -28 -27 -28 -30 -33 -34 -34 -36 -36 -37 -34 -21 -19 -18 -27 -27 -28 -28 -27 -29 -32 -36 -38 -40 -41 -42 -39 -37 -35 -39 -44 -48 -46 -45 -45 -47 -51 -54 -58 -51 -53 -49 -52 -52 -51 -49 -45 -45 -46 -46 -45 -52 -52 -51 -53 -50 -50 -50 -49 -46 -45 -41 -49 -47 -34 -30 -30 -34 -42 -41 -46 -54 -57 -52 -47 -51 -57 -60
-24 -22 -20 -20 -21 -22 -20 -22 -25 -25 -27 -24 -24 -24 -23 -21 -23 -24 -23 -25 -27 -28 -31 -34 -35 -33 -26 -18 -16 -15 -19 -20 -20 -19 -21 -27 -31 -36 -38 -40 -41 -41 -40 -38 -36 -39 -41 -46 -46 -43 -41 -42 -45 -45 -47 -51 -58 -62 -58 -51 -49 -45 -42 -43 -42 -42 -42 -47 -48 -52 -51 -52 -48 -45 -42 -43 -37 -34 -38 -35 -33 -33 -30 -30 -37 -43 -46 -50 -48 -40 -38 -49 -60 -54
-22 -21 -19 -16 -17 -18 -19 -19 -21 -24 -23 -24 -19 -22 -20 -19 -21 -23 -22 -22 -22 -26 -28 -28 -27 -25 -17 -13 -12 -15 -17 -20 -18 -18 -25 -31 -30 -34 -36 -39 -39 -39 -39 -38 -41 -41 -41 -42 -44 -42 -38 -42 -47 -48 -51 -51 -63 -65 -72 -71 -62 -53 -46 -40 -40 -42 -40 -42 -47 -50 -44 -45 -44 -40 -37 -33 -31 -27 -27 -29 -30 -34 -27 -29 -34 -39 -43 -35 -35 -43 -55 -43 -50 -54
-20 -19 -14 -13 -13 -15 -16 -15 -17 -21 -21 -21 -18 -21 -17 -17 -19 -19 -19 -18 -20 -23 -22 -21 -18 -15 -12 -11 -17 -19 -22 -21 -20 -19 -23 -29 -33 -34 -36 -39 -37 -35 -39 -40 -40 -39 -40 -40 -39 -39 -37 -36 -35 -36 -39 -48 -54 -55 -64 -69 -67 -63 -61 -50 -40 -42 -41 -41 -47 -45 -42 -40 -38 -35 -30 -26 -24 -23 -24 -24 -24 -24 -27 -35 -39 -36 -30 -38 -47 -48 -45 -46 -66 -64
-14 -11 -12 -12 -12 -10 -10 -12 -15 -19 -20 -18 -17 -16 -18 -17 -16 -16 -15 -17 -18 -21 -16 -15 -12 -10 -9 -19 -30 -33 -28 -26 -25 -23 -24 -26 -29 -39 -40 -40 -38 -35 -34 -34 -34 -33 -33 -34 -36 -38 -39 -39 -38 -36 -34 -34 -35 -42 -41 -49 -59 -63 -58 -53 -50 -49 -50 -45 -46 -45 -45 -40 -38 -30 -24 -22 -21 -24 -22 -20 -21 -26 -31 -34 -27 -28 -35 -25 -34 -30 -44 -55 -47 -40
-6 -6 -6 -7 -8 -7 -7 -8 -12 -16 -17 -18 -17 -16 -16 -15 -14 -14 -15 -17 -24 -29 -16 -10 -8 -7 -13 -37 -33 -30 -26 -25 -26 -24 -28 -36 -39 -40 -36 -33 -31 -30 -31 -31 -32 -32 -35 -37 -39 -39 -38 -38 -38 -38 -37 -36 -34 -35 -35 -39 -49 -48 -53 -57 -51 -58 -63 -56 -50 -48 -44 -38 -32 -27 -25 -24 -25 -22 -21 -18 -20 -22 -26 -26 -19 -26 -22 -21 -27 -44 -34 -36 -33 -34
-4 -3 -4 -4 -2 -3 -5 -8 -11 -14 -16 -17 -14 -17 -14 -14 -14 -14 -15 -19 -29 -30 -17 -6 -5 -7 -18 -29 -30 -26 -23 -23 -28 -33 -37 -41 -38 -34 -30 -30 -31 -31 -31 -30 -32 -34 -36 -37 -37 -35 -38 -38 -39 -39 -38 -37 -36 -32 -30 -36 -40 -38 -39 -50 -45 -46 -53 -59 -61 -56 -44 -32 -24 -22 -21 -20 -20 -19 -18 -16 -20 -31 -22 -18 -17 -19 -18 -24 -24 -33 -33 -39 -33 -44
-1 -3 2 1 -1 -4 -6 -10 -10 -10 -13 -13 -13 -13 -13 -13 -13 -14 -18 -19 -27 -24 -6 -3 -2 -13 -17 -25 -28 -27 -26 -28 -33 -33 -33 -31 -29 -29 -30 -32 -32 -32 -32 -31 -32 -32 -33 -34 -35 -36 -38 -38 -36 -35 -35 -33 -32 -31 -34 -35 -34 -31 -28 -28 -28 -30 -34 -41 -44 -36 -34 -31 -25 -23 -25 -24 -15 -15 -15 -16 -25 -19 -16 -14 -14 -15 -15 -14 -16 -16 -19 -20 -25 -28
3 4 4 2 -0 -3 -4 -4 -7 -9 -11 -9 -11 -10 -10 -12 -16 -17 -26 -36 -35 -14 -2 -2 -1 -8 -31 -39 -34 -30 -28 -28 -28 -26 -26 -29 -30 -32 -32 -33 -34 -34 -32 -33 -32 -33 -34 -35 -36 -36 -35 -35 -38 -36 -33 -33 -34 -40 -42 -41 -35 -33 -34 -33 -32 -34 -32 -34 -32 -34 -35 -37 -39 -39 -34 -24 -16 -15 -16 -16 -15 -14 -13 -12 -11 -11 -11 -11 -13 -11 -11 -12 -14 -13
11 8 5 2 3 2 -1 -3 -6 -6 -6 -4 -4 -2 -4 -6 -12 -19 -24 -32 -32 -6 -1 -1 -6 -29 -40 -38 -33 -31 -26 -23 -22 -24 -27 -26 -29 -35 -35 -38 -41 -38 -36 -35 -30 -33 -34 -37 -37 -33 -30 -33 -35 -36 -35 -29 -36 -41 -44 -42 -42 -47 -47 -46 -48 -49 -48 -52 -54 -59 -59 -53 -55 -48 -37 -22 -19 -19 -14 -14 -14 -13 -12 -11 -10 -9 -8 -9 -10 -8 -9 -23 -14 -14
12 10 9 7 5 2 0 -2 -4 -2 1 1 1 2 1 -2 -4 -8 -17 -16 -7 -0 0 -2 -22 -31 -38 -32 -23 -23 -15 -13 -12 -13 -19 -20 -28 -33 -40 -42 -44 -40 -38 -36 -31 -30 -33 -40 -44 -46 -38 -48 -46 -54 -54 -44 -37 -57 -54 -56 -70 -76 -74 -65 -68 -60 -62 -65 -74 -71 -72 -76 -71 -53 -33 -29 -23 -17 -12 -12 -12 -11 -10 -10 -9 -8 -7 -6 -9 -7 -7 -15 -8 -9
17 13 11 10 8 4 1 0 3 6 8 8 8 7 3 1 1 -2 -3 -1 -2 -3 -2 1 -4 -11 -13 -10 -12 -11 -11 -12 -13 -11 -11 -14 -23 -34 -46 -44 -53 -50 -46 -59 -47 -47 -50 -54 -62 -63 -47 -51 -51 -68 -66 -71 -73 -70 -70 -70 -75 -75 -81 -77 -72 -77 -72 -80 -82 -78 -72 -64 -73 -70 -47 -42 -29 -21 -15 -12 -11 -10 -9 -10 -10 -8 -7 -7 -11 -9 -7 -11 -2 -9
17 14 11 11 10 6 1 2 11 14 14 13 12 8 7 5 0 -3 -4 -9 -10 -14 -10 -13 -15 -13 -9 -7 -11 -10 -13 -20 -18 -22 -27 -18 -28 -39 -60 -53 -74 -67 -66 -68 -67 -59 -84 -78 -57 -49 -56 -65 -70 -74 -69 -81 -85 -61 -69 -86 -87 -76 -82 -95 -93 -93 -87 -74 -62 -59 -62 -71 -59 -55 -41 -38 -32 -21 -16 -13 -11 -10 -9 -9 -11 -12 -10 -10 -10 -5 -3 -3 -1 -5
20 11 5 8 10 9 7 10 18 18 18 16 15 14 6 0 -7 -13 -17 -24 -29 -26 -20 -15 -7 -8 -11 -12 -7 -12 -9 -14 -28 -41 -41 -19 -43 -65 -79 -84 -87 -85 -62 -61 -75 -60 -51 -68 -87 -69 -95 -87 -83 -83 -81 -77 -76 -81 -97 -102 -104 -105 -99 -90 -82 -78 -68 -65 -77 -58 -57 -53 -43 -34 -29 -26 -24 -19 -16 -13 -11 -9 -9 -14 -22 -19 -12 -5 -2 -2 -1 0 -1 -3
23 16 7 15 17 13 11 20 22 22 21 19 17 11 2 -6 -17 -22 -30 -28 -19 -5 -6 -6 -16 -20 -14 -9 -7 -21 -37 -46 -38 -55 -36 -55 -71 -55 -84 -98 -88 -73 -88 -93 -123 -95 -72 -100 -99 -103 -114 -127 -123 -114 -128 -112 -102 -113 -114 -93 -82 -86 -83 -76 -71 -89 -73 -81 -51 -43 -38 -37 -32 -28 -24 -22 -20 -17 -15 -14 -10 -8 -10 -16 -17 -11 -3 -2 0 0 0 0 -0 -2
28 20 18 22 16 18 23 26 26 26 24 22 15 2 -9 -13 -23 -29 -16 -0 -2 -6 -10 -12 -20 -32 -39 -26 -38 -33 -56 -77 -70 -82 -69 -37 -61 -83 -99 -107 -90 -93 -127 -122 -111 -102 -68 -92 -102 -78 -110 -114 -105 -89 -105 -87 -92 -88 -86 -78 -101 -96 -74 -64 -59 -77 -71 -71 -71 -38 -30 -30 -29 -27 -24 -22 -19 -17 -15 -12 -10 -11 -8 -10 -6 -2 1 0 1 2 -0 -0 -0 -2
31 28 27 24 25 24 28 30 28 28 27 20 8 1 -13 -20 -21 1 -3 -6 -11 -22 -34 -12 -27 -38 -48 -54 -89 -73 -84 -83 -64 -48 -37 -67 -81 -102 -96 -90 -98 -83 -124 -115 -86 -59 -81 -59 -60 -57 -75 -83 -86 -84 -75 -65 -74 -64 -61 -48 -66 -71 -52 -52 -46 -58 -51 -59 -72 -34 -30 -25 -23 -21 -21 -20 -17 -16 -15 -11 -9 -6 -4 -2 -3 -4 -2 0 2 2 0 1 1 -1
34 30 31 30 26 29 30 31 32 31 26 15 10 -7 -20 -26 -1 6 -6 -16 -25 -45 -44 -46 -53 -71 -113 -95 -104 -80 -88 -80 -96 -85 -76 -74 -98 -95 -98 -94 -93 -78 -72 -64 -41 -27 -45 -45 -84 -83 -86 -88 -73 -74 -73 -65 -56 -58 -55 -51 -47 -43 -39 -39 -44 -42 -47 -45 -47 -46 -43 -31 -22 -20 -17 -15 -14 -14 -14 -11 -9 -4 -4 -2 -3 -2 0 1 2 3 2 3 1 -1
34 36 35 32 27 28 29 35 34 33 23 16 8 -7 -15 12 19 12 -3 -8 -37 -49 -66 -77 -90 -106 -80 -85 -91 -61 -62 -31 -76 -71 -75 -86 -96 -113 -95 -91 -80 -119 -93 -59 -25 -9 -33 -66 -80 -68 -71 -59 -54 -66 -50 -33 -26 -39 -64 -58 -69 -68 -50 -58 -68 -71 -66 -55 -37 -54 -51 -29 -19 -18 -18 -16 -14 -11 -11 -9 -8 -5 -3 -2 0 2 4 3 1 4 5 4 2 -1
31 36 34 31 22 22 34 37 36 35 26 17 1 -6 21 22 0 -19 -34 -16 -38 -38 -30 -45 -59 -53 -74 -48 -54 -33 -19 -23 -19 -40 -6 -61 -70 -57 -48 -41 -67 -87 -62 -59 -2 -11 -46 -60 -62 -59 -41 -35 -43 -39 -15 -12 5 -14 -28 -30 -52 -46 -50 -30 -27 -41 -46 -37 -28 -23 -24 -22 -23 -22 -22 -17 -15 -14 -9 -7 -5 -4 -1 -2 -1 0 3 1 -2 2 6 5 1 -1
18 31 38 30 21 28 41 38 37 36 28 7 7 20 16 11 2 -6 -31 -58 -22 -52 -81 -96 -96 -109 -73 -2 -23 -11 16 8 -10 9 -6 -22 -36 -44 -47 -44 -51 -84 -26 -24 1 -10 -33 -33 -22 -15 3 -7 -25 2 20 21 20 20 13 0 -17 -24 -28 -25 -16 -16 -25 -28 -33 -24 -29 -21 -14 -13 -16 -16 -16 -14 -12 -8 -3 -1 0 1 3 4 2 1 3 3 6 6 4 2
14 23 36 30 24 37 42 40 40 41 28 12 20 26 23 1 -20 -20 -32 -77 -78 -82 -90 -88 -100 -87 -35 -17 12 27 22 24 13 17 1 -6 -17 -12 -14 -9 -49 -25 -19 11 2 -21 -29 -28 -8 7 12 26 30 32 30 29 28 27 25 20 2 -14 -26 -17 -22 -20 -20 -16 -17 -16 -12 -13 -10 -20 -20 -14 -12 -10 -8 -7 -6 -1 2 4 5 7 7 5 6 7 8 7 6 4
9 22 40 38 28 32 44 47 46 43 42 32 38 30 9 1 2 -23 -63 -60 -47 -21 -33 -23 -40 -47 -13 14 25 33 34 34 35 37 34 31 27 19 22 -2 2 1 18 -4 -16 -1 21 22 34 36 34 35 35 35 35 34 33 32 30 31 19 7 -16 -20 -27 -34 -26 -22 -17 -22 -29 -24 -11 -9 -12 -13 -12 -10 -9 -5 -3 -2 -1 2 5 6 8 8 9 8 8 8 8 7
19 2 37 42 28 33 46 48 44 42 39 42 29 31 13 20 -1 -29 -28 -61 -70 -71 -72 -50 -5 -3 27 37 39 39 41 44 48 49 48 49 48 45 40 30 31 41 34 23 10 22 43 47 46 45 43 40 39 39 38 38 37 38 39 39 35 7 -5 -10 -47 -40 -29 -24 -30 -6 -11 -7 -8 -12 -14 -13 -11 -10 -12 -5 -2 -4 -18 -13 -3 4 7 8 9 9 10 10 10 9
25 13 24 34 26 23 48 48 44 40 37 34 21 13 23 -0 -29 -22 -56 -70 -77 -50 -23 9 34 46 44 48 48 47 49 52 55 54 53 53 52 51 48 46 45 46 46 49 50 50 50 49 51 50 48 46 44 44 44 44 43 43 42 37 27 21 -4 -8 -6 -36 -31 -29 -23 -11 -8 -9 -13 -13 -13 -15 -12 -8 -5 -4 -5 -14 -18 -7 -6 -4 2 6 10 11 12 12 12 11
15 24 33 25 12 29 50 53 46 38 42 28 24 20 -31 -19 -14 -49 -45 -52 -63 -28 19 46 53 53 54 54 54 54 54 56 58 57 56 56 56 54 52 51 50 51 52 54 56 57 57 56 54 55 53 51 50 49 49 49 48 48 48 43 28 22 25 15 37 14 -29 -52 -36 -18 -13 -13 -16 -13 -18 -22 -19 -10 -5 -2 -0 -0 1 -1 2 1 2 8 12 13 15 15 14 12
22 32 18 16 17 31 49 58 55 51 22 8 37 -12 -17 -47 -50 -51 -36 -28 -1 19 48 60 58 54 55 54 56 58 59 60 61 59 59 60 59 57 55 54 54 54 56 58 59 61 61 60 60 59 57 55 54 54 53 53 53 52 52 48 37 25 27 30 27 22 17 -24 -32 -35 -28 -22 -19 -20 -22 -18 -12 -14 -11 -15 -4 4 6 4 4 8 9 11 15 17 18 18 17 16
17 22 10 12 29 39 46 64 49 19 5 10 23 -2 -34 -58 -54 -24 -30 -48 -17 35 63 67 66 62 62 61 62 63 63 60 51 41 44 53 57 58 58 56 56 58 60 62 63 65 65 65 64 63 61 59 58 56 57 56 56 55 54 51 45 37 38 37 25 29 16 -6 -35 -33 -47 -44 -24 -23 -22 -17 -14 -13 -5 -9 -11 1 4 4 8 7 9 8 16 19 21 21 21 20
19 13 11 23 35 48 64 62 52 41 25 8 9 4 -1 -25 -43 -9 -28 -38 -23 39 69 70 68 65 65 62 62 65 62 52 34 20 30 31 33 46 54 56 58 61 63 66 67 69 70 69 68 67 65 63 61 60 60 60 59 57 56 53 49 44 42 38 27 28 19 -21 -56 -37 -45 -53 -49 -34 -48 -38 -34 -18 -11 -12 -10 -4 -2 2 7 10 12 8 12 11 17 20 23 24
