resultados/variables_proyeccion_tiempo/variables_paleo_21k/bio18.asc
ncols 330
nrows 228
xllcorner -12.000000
yllcorner 34.000000
cellsize 0.166667
NODATA_value -9999
[rows 126 to 167 of 228, columns 0 to 93 of 330]
-9999 -9999 -9999 -9999 -9999 292 296 296 295 295 294 295 291 287 283 278 273 267 262 256 250 245 240 236 231 227 222 218 215 211 207 199 194 178 165 163 163 162 162 162 163 165 168 170 178 201 201 202 205 208 207 194 194 192 181 177 175 172 170 168 162 159 157 157 162 170 175 175 164 158 153 153 148 147 146 148 144 143 147 154 151 152 159 161 165 170 177 183 189 192 196 198 201 204
-9999 -9999 -9999 -9999 -9999 292 294 294 294 294 293 293 290 287 283 278 272 268 263 257 252 248 244 238 234 229 224 220 216 211 207 204 198 176 166 165 164 163 164 164 166 168 168 172 186 192 199 204 207 192 177 166 175 173 171 170 175 168 164 159 157 155 154 156 159 161 163 162 155 150 147 147 147 148 142 141 141 140 149 154 152 154 160 168 171 170 176 180 184 185 188 194 198 205
-9999 -9999 -9999 -9999 -9999 -9999 -9999 292 293 293 293 291 290 285 283 279 274 269 263 258 254 250 244 240 234 229 225 221 218 212 208 205 202 196 181 166 165 165 166 167 168 171 176 187 202 195 193 208 218 192 170 153 150 151 154 154 155 156 155 157 154 151 151 155 160 157 157 155 152 149 146 145 144 143 142 141 141 139 147 153 152 154 162 170 173 175 174 176 177 179 185 191 195 201
-9999 -9999 -9999 -9999 -9999 -9999 -9999 292 293 297 294 292 290 285 282 278 274 270 264 259 254 249 245 240 234 231 228 224 218 213 210 207 204 201 196 180 168 168 169 170 172 179 187 187 188 187 182 184 191 174 163 149 144 145 147 148 148 149 149 150 150 150 150 151 153 153 153 152 151 149 147 146 145 144 143 141 139 137 142 153 152 154 158 163 167 172 177 175 175 176 180 184 189 195
-9999 -9999 -9999 -9999 -9999 -9999 288 292 294 295 291 290 287 285 281 279 276 268 263 259 255 250 245 240 237 233 228 224 220 215 212 208 205 202 199 192 172 170 174 175 183 183 181 176 173 169 169 172 166 164 152 145 142 142 142 143 143 144 145 147 150 151 148 149 149 149 149 150 149 148 147 146 145 143 141 140 139 138 140 146 148 155 158 162 165 166 170 172 173 175 177 181 186 196
-9999 -9999 -9999 -9999 -9999 -9999 291 292 293 293 292 290 287 283 281 280 274 267 263 260 256 253 246 242 238 233 228 224 220 216 213 210 206 205 202 197 178 175 179 173 178 180 171 167 170 165 167 162 155 150 144 141 140 140 139 139 139 140 147 159 170 170 171 171 157 150 148 148 148 147 147 146 143 141 141 141 140 139 138 142 150 158 156 155 158 163 166 170 173 176 178 181 188 194
-9999 -9999 -9999 -9999 -9999 -9999 292 294 291 294 290 287 285 282 280 277 272 268 265 263 259 252 245 242 240 232 229 225 221 216 214 211 209 210 209 199 190 180 176 167 169 169 167 166 167 162 161 155 152 146 141 139 138 136 136 136 137 146 158 164 170 173 174 174 174 171 154 150 146 147 146 144 141 141 142 143 143 145 147 153 156 156 156 156 156 157 160 163 166 167 172 175 178 184
-9999 -9999 -9999 -9999 -9999 -9999 287 290 291 291 288 287 285 281 276 276 273 267 263 261 254 251 245 241 237 233 230 226 222 218 215 212 208 206 204 201 196 194 181 166 166 166 165 165 165 162 161 157 148 144 141 138 137 134 134 138 143 151 164 170 176 178 179 178 177 175 172 163 151 147 146 143 144 148 152 154 155 156 157 159 158 161 161 160 159 159 160 162 164 164 166 168 169 173
-9999 -9999 -9999 -9999 -9999 285 287 291 290 290 290 289 282 278 276 273 271 265 261 260 254 251 245 241 237 234 233 226 222 218 215 213 210 207 204 201 197 195 186 180 174 170 174 163 171 175 165 165 157 154 147 144 148 142 143 153 152 157 166 171 176 184 184 183 177 175 174 169 166 148 145 144 149 154 155 157 156 158 159 160 160 158 160 160 161 162 163 162 163 163 164 164 168 167
-9999 -9999 -9999 -9999 284 286 287 289 289 291 288 288 282 278 275 272 269 266 262 258 253 250 244 243 239 235 230 227 223 220 217 214 211 208 205 202 200 198 193 193 183 185 178 180 177 174 174 169 166 161 156 153 150 148 149 153 158 162 149 151 170 180 179 178 176 175 176 173 172 159 144 144 148 151 150 152 153 150 152 159 156 158 156 159 157 158 161 161 160 161 166 165 166 168
-9999 -9999 -9999 -9999 284 286 285 286 284 284 285 279 278 276 271 270 268 264 261 253 249 249 247 242 238 235 231 228 224 221 220 217 212 209 206 203 201 198 196 194 193 189 185 187 183 180 176 171 166 161 157 153 148 145 146 149 154 154 140 145 158 175 177 177 176 176 177 177 174 168 150 149 154 154 157 156 153 154 150 148 152 152 152 155 160 160 159 161 163 166 166 166 166 168
-9999 -9999 -9999 -9999 -9999 285 282 284 285 284 282 278 275 274 272 269 266 263 259 258 258 250 245 242 237 234 232 228 223 221 218 216 213 210 207 206 203 200 198 196 193 191 189 187 184 179 175 171 167 163 158 153 147 143 143 146 151 158 142 145 155 174 176 180 180 179 181 181 177 166 152 150 155 157 159 156 152 151 148 146 147 148 153 154 155 158 161 163 162 162 163 166 168 170
-9999 -9999 -9999 -9999 -9999 -9999 -9999 280 281 279 277 278 274 271 269 267 266 264 261 256 251 247 240 236 234 233 229 228 225 222 219 216 213 211 209 207 204 202 199 197 195 193 191 187 184 180 177 174 170 165 159 154 148 143 142 145 151 159 163 167 167 170 174 178 181 181 178 178 165 158 160 154 159 162 161 158 155 152 148 146 146 150 150 152 154 155 158 159 160 161 163 165 169 172
-9999 -9999 -9999 -9999 -9999 -9999 -9999 -9999 -9999 273 274 272 270 268 267 265 262 258 252 252 249 246 246 242 238 235 230 228 227 223 220 217 214 212 209 208 206 204 201 200 198 195 192 190 188 186 184 180 175 169 165 161 154 148 146 146 152 160 167 171 173 172 174 175 176 181 175 171 163 163 163 162 161 163 165 162 156 152 150 147 146 149 153 155 157 156 156 160 162 162 163 166 168 172
-9999 -9999 -9999 -9999 -9999 -9999 -9999 -9999 -9999 -9999 -9999 -9999 -9999 264 263 264 261 259 256 254 250 248 244 240 239 237 232 228 226 222 220 219 217 213 211 210 208 206 204 201 199 197 197 198 198 197 193 190 184 180 177 171 166 159 157 153 159 168 172 177 176 173 172 163 162 162 162 161 162 164 167 170 165 159 159 161 158 157 153 152 150 149 152 153 153 154 155 157 159 162 164 165 166 166
-9999 -9999 -9999 -9999 -9999 -9999 -9999 -9999 -9999 -9999 -9999 -9999 -9999 -9999 -9999 262 261 257 252 251 249 245 243 240 237 234 231 229 226 225 225 219 216 217 215 213 212 207 206 203 202 205 204 205 205 200 199 199 200 192 186 181 180 174 172 169 168 171 175 178 177 175 165 163 163 163 163 160 158 163 165 163 158 158 155 155 153 154 156 152 150 149 150 150 152 155 156 158 159 161 160 161 163 166
-9999 -9999 -9999 -9999 -9999 -9999 -9999 -9999 -9999 -9999 -9999 -9999 -9999 -9999 256 259 256 252 248 246 246 244 239 238 236 234 231 229 227 224 223 220 218 216 216 214 212 210 208 206 204 203 203 202 203 201 202 200 197 191 187 185 182 178 176 177 178 178 176 176 175 164 162 161 159 160 158 157 156 159 161 157 152 150 150 152 152 156 154 150 148 146 146 148 150 154 155 158 159 162 165 164 168 170
-9999 -9999 -9999 -9999 -9999 -9999 -9999 -9999 -9999 -9999 -9999 -9999 -9999 -9999 -9999 -9999 -9999 -9999 -9999 -9999 -9999 -9999 -9999 234 235 232 231 230 226 224 223 221 219 216 213 213 212 211 209 211 209 205 206 207 206 206 209 207 203 200 193 189 185 180 175 174 174 174 175 175 161 155 156 157 156 157 155 151 150 150 155 152 151 148 148 149 152 154 151 148 145 145 145 147 151 154 155 156 159 163 168 167 171 173
-9999 -9999 -9999 -9999 -9999 -9999 -9999 -9999 -9999 -9999 -9999 -9999 -9999 -9999 -9999 -9999 -9999 -9999 -9999 -9999 -9999 -9999 -9999 -9999 231 230 229 228 227 226 223 220 220 218 217 217 214 213 211 209 208 210 211 211 209 208 210 205 202 198 192 187 185 181 179 178 177 173 175 170 159 154 155 153 153 150 148 145 145 144 146 146 145 145 149 151 150 150 150 147 146 145 144 146 150 154 157 158 160 166 168 170 165 165
-9999 -9999 -9999 -9999 -9999 -9999 -9999 -9999 -9999 -9999 -9999 -9999 -9999 -9999 -9999 -9999 -9999 -9999 -9999 -9999 -9999 -9999 -9999 -9999 -9999 -9999 -9999 226 227 227 223 222 221 219 218 218 216 214 214 212 210 209 208 208 208 207 206 203 200 194 190 187 184 181 181 180 178 175 172 166 152 150 151 150 150 145 141 139 139 139 141 143 144 145 147 146 146 146 148 147 146 145 146 148 152 155 159 162 166 169 172 176 173 171
-9999 -9999 -9999 -9999 -9999 -9999 -9999 -9999 -9999 -9999 -9999 -9999 -9999 -9999 -9999 -9999 -9999 -9999 -9999 -9999 -9999 -9999 -9999 -9999 -9999 -9999 -9999 223 226 224 224 223 220 222 220 218 218 216 216 214 213 212 211 209 207 206 204 201 198 193 189 186 182 183 180 177 176 175 172 163 150 148 147 145 142 141 138 136 134 135 138 141 142 143 144 144 146 146 147 147 146 147 148 151 154 158 163 168 169 172 178 181 181 178
-9999 -9999 -9999 -9999 -9999 -9999 -9999 -9999 -9999 -9999 -9999 -9999 -9999 -9999 -9999 -9999 -9999 -9999 -9999 -9999 -9999 -9999 -9999 -9999 -9999 -9999 -9999 -9999 -9999 -9999 -9999 -9999 -9999 221 219 220 220 218 218 215 212 214 213 211 210 208 206 203 199 195 191 186 186 183 181 180 177 175 171 163 148 147 142 140 139 138 136 134 133 134 135 138 141 142 142 140 142 144 146 148 149 150 151 153 156 161 169 177 178 176 182 186 185 186
-9999 -9999 -9999 -9999 -9999 -9999 -9999 -9999 -9999 -9999 -9999 -9999 -9999 -9999 -9999 -9999 -9999 -9999 -9999 -9999 -9999 -9999 -9999 -9999 -9999 -9999 -9999 -9999 -9999 -9999 -9999 -9999 -9999 -9999 -9999 216 218 216 216 215 216 216 216 214 212 210 208 205 202 199 195 192 190 189 183 181 179 176 173 158 146 145 139 138 140 140 140 138 136 137 139 137 139 140 141 142 143 145 148 152 151 152 154 156 160 164 172 179 181 181 186 195 196 195
-9999 -9999 -9999 -9999 -9999 -9999 -9999 -9999 -9999 -9999 -9999 -9999 -9999 -9999 -9999 -9999 -9999 -9999 -9999 -9999 -9999 -9999 -9999 -9999 -9999 -9999 -9999 -9999 -9999 -9999 -9999 -9999 -9999 -9999 -9999 -9999 -9999 -9999 216 219 220 219 218 216 215 213 210 208 205 202 199 195 192 190 188 185 182 178 175 169 147 143 138 139 140 142 141 144 143 141 139 139 141 141 142 143 146 149 152 155 158 159 159 162 163 165 170 176 183 188 194 199 205 201
-9999 -9999 -9999 -9999 -9999 -9999 -9999 -9999 -9999 -9999 -9999 -9999 -9999 -9999 -9999 -9999 -9999 -9999 -9999 -9999 -9999 -9999 -9999 -9999 -9999 -9999 -9999 -9999 -9999 -9999 -9999 -9999 -9999 -9999 -9999 -9999 -9999 -9999 -9999 -9999 217 218 220 218 217 215 213 210 209 206 203 200 195 193 191 188 185 181 177 171 154 146 142 141 141 144 147 148 147 147 144 143 143 144 147 147 149 153 156 158 160 163 166 167 170 173 177 181 188 193 197 200 204 203
-9999 -9999 -9999 -9999 -9999 -9999 -9999 -9999 -9999 -9999 -9999 -9999 -9999 -9999 -9999 -9999 -9999 -9999 -9999 -9999 -9999 -9999 -9999 -9999 -9999 -9999 -9999 -9999 -9999 -9999 -9999 -9999 -9999 -9999 -9999 -9999 -9999 -9999 -9999 -9999 -9999 -9999 219 220 219 218 215 213 212 210 207 203 201 197 194 191 188 185 181 176 161 153 145 145 145 144 146 151 152 154 151 149 147 146 147 151 156 158 160 163 166 169 172 176 179 179 182 186 192 198 201 205 207 208
-9999 -9999 -9999 -9999 -9999 -9999 -9999 -9999 -9999 -9999 -9999 -9999 -9999 -9999 -9999 -9999 -9999 -9999 -9999 -9999 -9999 -9999 -9999 -9999 -9999 -9999 -9999 -9999 -9999 -9999 -9999 -9999 -9999 -9999 -9999 -9999 -9999 -9999 -9999 -9999 -9999 -9999 -9999 222 226 222 222 217 215 213 210 208 205 202 198 194 191 188 184 180 172 166 150 148 144 144 146 148 153 157 158 157 153 151 152 156 161 164 168 171 175 178 182 185 186 189 190 191 202 206 209 212 215 216
-9999 -9999 -9999 -9999 -9999 -9999 -9999 -9999 -9999 -9999 -9999 -9999 -9999 -9999 -9999 -9999 -9999 -9999 -9999 -9999 -9999 -9999 -9999 -9999 -9999 -9999 -9999 -9999 -9999 -9999 -9999 -9999 -9999 -9999 -9999 -9999 -9999 -9999 -9999 -9999 -9999 -9999 -9999 -9999 228 225 226 226 221 218 215 212 210 206 203 200 197 193 189 184 179 175 163 149 144 143 144 146 150 154 158 159 158 156 158 162 166 171 177 182 190 193 197 201 202 207 205 198 204 211 222 218 219 222
-9999 -9999 -9999 -9999 -9999 -9999 -9999 -9999 -9999 -9999 -9999 -9999 -9999 -9999 -9999 -9999 -9999 -9999 -9999 -9999 -9999 -9999 -9999 -9999 -9999 -9999 -9999 -9999 -9999 -9999 -9999 -9999 -9999 -9999 -9999 -9999 -9999 -9999 -9999 -9999 -9999 -9999 -9999 -9999 -9999 -9999 219 226 227 226 222 217 214 212 209 206 203 200 195 190 185 179 174 162 153 148 149 152 155 160 164 168 166 166 168 172 178 185 191 199 206 210 212 210 212 212 213 210 218 223 221 220 225 229
-9999 -9999 -9999 -9999 -9999 -9999 -9999 -9999 -9999 -9999 -9999 -9999 -9999 -9999 -9999 -9999 -9999 -9999 -9999 -9999 -9999 -9999 -9999 -9999 -9999 -9999 -9999 -9999 -9999 -9999 -9999 -9999 -9999 -9999 -9999 -9999 -9999 -9999 -9999 -9999 -9999 -9999 -9999 -9999 -9999 -9999 -9999 229 235 238 232 224 219 219 217 212 208 205 201 196 191 186 180 176 166 157 153 156 160 163 167 169 171 172 177 182 188 197 203 213 222 223 225 226 221 220 223 224 232 229 223 222 228 239
-9999 -9999 -9999 -9999 -9999 -9999 -9999 -9999 -9999 -9999 -9999 -9999 -9999 -9999 -9999 -9999 -9999 -9999 -9999 -9999 -9999 -9999 -9999 -9999 -9999 -9999 -9999 -9999 -9999 -9999 -9999 -9999 -9999 -9999 -9999 -9999 -9999 -9999 -9999 -9999 -9999 -9999 -9999 -9999 -9999 -9999 -9999 -9999 224 235 238 235 229 228 224 220 215 211 208 203 198 193 188 184 176 164 160 162 165 168 172 174 175 177 184 191 197 206 215 226 230 231 234 238 235 232 237 235 232 241 218 213 219 241
-9999 -9999 -9999 -9999 -9999 -9999 -9999 -9999 -9999 -9999 -9999 -9999 -9999 -9999 -9999 -9999 -9999 -9999 -9999 -9999 -9999 -9999 -9999 -9999 -9999 -9999 -9999 -9999 -9999 -9999 -9999 -9999 -9999 -9999 -9999 -9999 -9999 -9999 -9999 -9999 -9999 -9999 -9999 -9999 -9999 -9999 -9999 -9999 -9999 230 241 244 241 235 231 227 222 219 215 211 206 202 198 193 185 171 168 170 171 172 172 179 179 183 189 201 209 218 226 235 239 236 240 248 253 248 245 242 249 251 220 210 219 229
-9999 -9999 -9999 -9999 -9999 -9999 -9999 -9999 -9999 -9999 -9999 -9999 -9999 -9999 -9999 -9999 -9999 -9999 -9999 -9999 -9999 -9999 -9999 -9999 -9999 -9999 -9999 -9999 -9999 -9999 -9999 -9999 -9999 -9999 -9999 -9999 -9999 -9999 -9999 -9999 -9999 -9999 -9999 -9999 -9999 -9999 -9999 -9999 -9999 -9999 -9999 241 244 239 236 234 230 227 224 220 216 211 207 204 192 178 176 176 177 178 180 182 186 192 196 203 215 226 234 240 242 243 242 255 257 243 242 245 270 265 226 212 226 248
-9999 -9999 -9999 -9999 -9999 -9999 -9999 -9999 -9999 -9999 -9999 -9999 -9999 -9999 -9999 -9999 -9999 -9999 -9999 -9999 -9999 -9999 -9999 -9999 -9999 -9999 -9999 -9999 -9999 -9999 -9999 -9999 -9999 -9999 -9999 -9999 -9999 -9999 -9999 -9999 -9999 -9999 -9999 -9999 -9999 -9999 -9999 -9999 -9999 -9999 -9999 -9999 244 245 243 245 243 238 234 230 226 222 218 214 200 186 182 182 184 185 188 191 194 196 200 206 210 218 229 235 238 236 238 246 241 237 229 235 257 270 247 210 224 249
-9999 -9999 -9999 -9999 -9999 -9999 -9999 -9999 -9999 -9999 -9999 -9999 -9999 -9999 -9999 -9999 -9999 -9999 -9999 -9999 -9999 -9999 -9999 -9999 -9999 -9999 -9999 -9999 -9999 -9999 -9999 -9999 -9999 -9999 -9999 -9999 -9999 -9999 -9999 -9999 -9999 -9999 -9999 -9999 -9999 -9999 -9999 -9999 -9999 -9999 -9999 -9999 -9999 255 254 260 259 254 248 242 237 232 229 225 220 197 191 188 188 191 194 195 195 198 204 208 212 214 222 225 220 229 231 236 234 230 236 257 261 267 242 224 211 231
-9999 -9999 -9999 -9999 -9999 -9999 -9999 -9999 -9999 -9999 -9999 -9999 -9999 -9999 -9999 -9999 -9999 -9999 -9999 -9999 -9999 -9999 -9999 -9999 -9999 -9999 -9999 -9999 -9999 -9999 -9999 -9999 -9999 -9999 -9999 -9999 -9999 -9999 -9999 -9999 -9999 -9999 -9999 -9999 -9999 -9999 -9999 -9999 -9999 -9999 -9999 -9999 -9999 -9999 -9999 258 259 258 262 255 247 243 240 236 232 208 200 195 195 195 196 195 198 201 205 210 217 221 219 220 222 222 226 224 231 232 241 265 279 256 241 246 226 224
-9999 -9999 -9999 -9999 -9999 -9999 -9999 -9999 -9999 -9999 -9999 -9999 -9999 -9999 -9999 -9999 -9999 -9999 -9999 -9999 -9999 -9999 -9999 -9999 -9999 -9999 -9999 -9999 -9999 -9999 -9999 -9999 -9999 -9999 -9999 -9999 -9999 -9999 -9999 -9999 -9999 -9999 -9999 -9999 -9999 -9999 -9999 -9999 -9999 -9999 -9999 -9999 -9999 -9999 -9999 -9999 -9999 -9999 258 266 263 256 251 247 244 221 209 204 199 200 198 201 201 204 206 210 213 214 217 219 218 216 215 218 237 231 231 236 246 241 234 236 255 237
-9999 -9999 -9999 -9999 -9999 -9999 -9999 -9999 -9999 -9999 -9999 -9999 -9999 -9999 -9999 -9999 -9999 -9999 -9999 -9999 -9999 -9999 -9999 -9999 -9999 -9999 -9999 -9999 -9999 -9999 -9999 -9999 -9999 -9999 -9999 -9999 -9999 -9999 -9999 -9999 -9999 -9999 -9999 -9999 -9999 -9999 -9999 -9999 -9999 -9999 -9999 -9999 -9999 -9999 -9999 -9999 -9999 -9999 -9999 268 275 270 263 260 257 235 218 213 208 208 208 207 208 208 209 210 214 219 221 217 220 222 222 224 228 218 227 218 231 253 251 242 243 259
-9999 -9999 -9999 -9999 -9999 -9999 -9999 -9999 -9999 -9999 -9999 -9999 -9999 -9999 -9999 -9999 -9999 -9999 -9999 -9999 -9999 -9999 -9999 -9999 -9999 -9999 -9999 -9999 -9999 -9999 -9999 -9999 -9999 -9999 -9999 -9999 -9999 -9999 -9999 -9999 -9999 -9999 -9999 -9999 -9999 -9999 -9999 -9999 -9999 -9999 -9999 -9999 -9999 -9999 -9999 -9999 -9999 -9999 -9999 -9999 279 280 276 273 271 256 227 224 219 214 213 211 209 210 210 212 212 218 221 222 224 225 218 211 206 204 205 207 212 234 256 231 231 245
-9999 -9999 -9999 -9999 -9999 -9999 -9999 -9999 -9999 -9999 -9999 -9999 -9999 -9999 -9999 -9999 -9999 -9999 -9999 -9999 -9999 -9999 -9999 -9999 -9999 -9999 -9999 -9999 -9999 -9999 -9999 -9999 -9999 -9999 -9999 -9999 -9999 -9999 -9999 -9999 -9999 -9999 -9999 -9999 -9999 -9999 -9999 -9999 -9999 -9999 -9999 -9999 -9999 -9999 -9999 -9999 -9999 -9999 -9999 -9999 287 289 288 286 285 275 239 232 228 223 222 220 215 209 211 210 211 213 219 221 219 216 214 212 213 215 209 207 208 203 209 210 214 224
-9999 -9999 -9999 -9999 -9999 -9999 -9999 -9999 -9999 -9999 -9999 -9999 -9999 -9999 -9999 -9999 -9999 -9999 -9999 -9999 -9999 -9999 -9999 -9999 -9999 -9999 -9999 -9999 -9999 -9999 -9999 -9999 -9999 -9999 -9999 -9999 -9999 -9999 -9999 -9999 -9999 -9999 -9999 -9999 -9999 -9999 -9999 -9999 -9999 -9999 -9999 -9999 -9999 -9999 -9999 -9999 -9999 -9999 -9999 -9999 301 304 302 300 298 286 253 243 238 234 229 226 221 216 212 212 214 215 215 213 213 210 213 211 213 216 216 213 220 222 203 206 217 212
-9999 -9999 -9999 -9999 -9999 -9999 -9999 -9999 -9999 -9999 -9999 -9999 -9999 -9999 -9999 -9999 -9999 -9999 -9999 -9999 -9999 -9999 -9999 187 188 189 186 191 191 -9999 -9999 -9999 -9999 -9999 -9999 -9999 -9999 -9999 -9999 -9999 -9999 -9999 -9999 -9999 -9999 -9999 -9999 -9999 -9999 -9999 -9999 -9999 -9999 -9999 -9999 -9999 -9999 -9999 -9999 -9999 314 319 316 314 312 298 262 251 243 237 232 230 225 219 216 214 210 208 205 202 201 200 209 199 199 198 200 206 205 194 190 196 213 213
