resultados/variables_proyeccion_tiempo/variables_paleo_21k/bio13.asc
ncols 330
nrows 228
xllcorner -12.000000
yllcorner 34.000000
cellsize 0.166667
NODATA_value -9999
[rows 53 to 105 of 228, columns 192 to 287 of 330]
30 29 28 28 29 29 29 28 28 28 28 29 29 29 30 30 30 31 31 31 32 32 32 33 33 33 33 33 34 33 33 33 33 33 33 33 33 33 33 32 32 32 32 32 32 32 32 32 31 31 31 31 31 31 31 31 30 30 30 30 30 31 31 31 31 31 31 31 32 32 32 32 32 33 33 34 35 35 34 35 35 35 35 35 34 35 34 34 34 33 33 34 34 33 33 34
29 29 28 28 29 29 29 29 29 29 29 29 29 30 30 30 31 31 31 32 32 33 33 33 34 34 34 34 34 34 34 34 34 34 34 34 34 34 34 34 33 33 33 33 33 32 32 32 32 32 32 32 32 32 32 31 31 31 31 31 31 31 32 32 32 32 32 32 33 33 34 34 34 34 34 35 35 35 36 36 36 36 36 36 36 35 35 34 34 34 35 35 35 34 34 34
-9999 29 29 29 29 30 29 29 29 29 30 30 30 31 31 31 31 32 32 33 33 33 34 34 34 34 35 35 35 35 35 35 35 35 35 35 35 34 34 34 34 34 34 34 34 33 33 33 33 33 33 33 33 33 32 32 32 32 32 32 32 33 33 33 33 34 34 34 34 34 35 35 35 36 36 36 37 37 37 37 37 37 37 37 36 36 36 35 35 35 35 35 35 35 35 36
30 30 30 30 30 30 29 30 29 30 30 31 31 31 31 32 32 32 33 33 34 34 34 34 35 35 35 36 36 36 36 36 36 36 36 36 36 35 35 35 35 35 35 35 34 34 34 34 34 34 34 34 34 34 33 33 33 33 33 33 34 34 34 35 35 35 35 35 35 35 36 36 36 36 37 37 38 38 38 38 38 38 37 37 37 37 37 36 36 36 36 36 36 36 36 36
32 32 32 31 31 30 30 30 30 30 31 31 31 32 32 33 33 33 33 34 34 34 34 35 35 35 36 36 36 36 37 37 37 37 37 37 37 36 36 36 36 36 36 35 35 35 35 35 35 35 35 35 35 35 35 34 34 34 34 34 35 35 35 36 36 36 36 36 37 37 37 37 37 38 38 38 38 39 39 39 39 39 38 38 38 39 38 38 38 38 38 37 37 36 37 37
33 32 32 31 31 30 30 30 30 31 31 32 32 33 33 33 34 34 34 34 35 35 34 35 35 36 36 36 36 37 37 37 38 38 38 37 37 37 37 37 37 37 36 36 36 36 36 36 36 36 36 36 36 36 36 36 35 35 35 35 36 36 36 37 38 37 38 38 38 38 38 38 39 39 39 40 40 40 40 41 41 41 40 40 39 39 40 39 39 39 38 38 38 38 38 38
33 33 32 31 31 31 30 30 31 31 32 32 33 33 33 34 34 35 34 35 35 35 35 35 35 36 36 36 36 37 37 38 38 38 38 38 38 38 38 38 38 37 37 37 37 37 37 37 37 37 37 36 37 37 37 37 36 37 37 37 37 37 38 38 38 38 38 39 39 39 39 40 40 40 40 41 41 41 41 42 42 42 42 41 40 40 40 40 40 39 40 39 39 39 39 39
33 32 32 31 31 31 31 31 31 31 32 32 33 33 34 34 35 35 35 35 36 36 36 36 36 36 37 37 37 38 38 38 38 38 39 39 39 38 38 38 38 38 38 38 38 38 38 38 38 38 38 38 38 38 38 38 37 38 38 37 38 38 38 37 38 38 38 39 39 39 40 40 41 42 42 42 42 42 42 42 43 43 43 42 42 41 42 41 40 41 40 40 40 40 40 40
32 31 31 31 31 30 30 31 31 32 32 33 33 34 34 35 35 35 35 35 35 36 35 36 37 37 37 37 38 38 38 38 38 39 39 39 39 39 39 39 39 39 39 39 39 39 39 39 39 39 39 39 39 39 39 39 38 39 39 39 38 38 38 37 37 38 38 39 40 40 41 41 42 42 43 43 44 44 44 43 44 44 44 44 44 44 43 42 42 42 41 41 41 41 41 40
33 32 31 31 31 32 32 32 32 32 33 33 34 34 34 35 35 36 36 36 36 36 36 36 37 37 37 38 38 39 39 39 39 39 39 39 39 40 39 40 39 40 39 39 39 40 40 40 40 40 40 40 40 40 40 40 40 40 40 40 39 39 38 38 38 38 39 40 40 41 42 42 43 43 44 44 44 45 45 45 46 45 46 47 46 46 45 44 43 43 42 42 42 42 42 41
34 33 32 33 33 32 32 32 32 33 33 33 34 34 35 35 36 36 36 36 36 36 36 37 37 37 38 38 38 39 39 39 39 39 40 40 40 40 40 40 40 40 40 40 40 40 40 40 40 41 41 41 41 42 42 41 41 41 41 40 40 39 39 39 39 39 40 40 41 42 42 43 44 44 45 45 46 46 46 47 47 47 47 48 47 47 46 45 45 44 44 44 43 43 43 42
34 33 33 33 33 33 33 33 33 33 34 34 34 35 35 36 36 36 37 37 37 37 37 37 37 38 38 39 39 39 40 40 40 40 40 40 40 40 40 41 40 41 41 41 41 41 41 41 42 42 42 42 42 42 43 42 42 42 41 41 41 40 40 40 40 41 41 41 42 42 43 44 44 45 45 46 47 47 47 48 48 48 47 47 48 47 47 46 45 45 45 45 45 44 44 43
34 34 34 33 33 33 33 33 33 34 34 35 35 36 36 36 36 37 37 37 38 38 38 38 38 39 39 39 40 40 40 41 41 41 41 41 41 41 41 41 41 41 42 42 42 42 42 42 43 43 43 43 43 43 43 43 43 43 42 42 42 42 42 42 42 42 42 42 43 44 44 45 45 46 46 47 47 48 48 48 49 49 48 48 48 48 48 47 46 46 45 45 45 45 44 44
35 34 34 34 34 33 33 34 34 34 35 35 36 36 37 37 37 37 38 38 38 39 39 39 40 40 40 40 40 41 41 41 41 41 41 41 41 41 41 41 42 42 42 42 43 43 43 43 43 44 44 44 44 44 44 44 44 44 44 44 43 43 43 43 43 43 43 44 44 44 45 46 46 47 47 48 49 49 49 49 49 49 49 49 48 48 48 48 48 47 47 47 46 45 45 45
35 35 34 34 34 34 34 34 34 34 35 36 36 37 38 37 38 38 38 39 39 39 40 40 40 40 41 41 41 41 41 41 42 42 42 42 42 42 42 42 42 42 42 43 43 43 43 44 44 44 45 45 45 46 46 45 45 45 45 45 44 44 44 44 44 44 44 44 45 45 46 46 47 48 48 49 50 50 50 50 50 50 49 50 50 50 50 49 49 48 48 49 49 47 46 46
36 35 35 34 34 34 34 34 34 35 35 36 37 38 38 38 38 38 39 39 39 40 40 41 41 41 41 42 42 42 42 42 42 42 42 42 42 42 42 42 42 42 42 43 43 44 44 45 45 45 46 46 46 47 47 47 46 46 47 46 46 46 45 45 45 45 45 46 46 46 47 47 48 48 49 50 50 51 51 51 50 51 51 51 50 51 50 50 49 49 50 50 50 49 49 48
36 35 35 34 34 34 34 34 35 35 36 36 37 37 38 38 38 38 38 39 40 40 40 41 41 41 42 42 42 42 42 42 43 42 43 42 43 42 43 43 43 43 43 43 44 44 45 45 45 46 47 47 48 48 48 49 48 48 48 48 48 48 47 46 46 46 46 46 46 47 47 48 48 49 50 50 51 52 51 51 51 51 51 51 51 51 51 51 51 51 51 51 50 50 50 49
36 36 35 35 35 34 34 35 35 35 36 36 37 37 38 38 38 38 39 39 40 40 41 41 42 42 42 43 43 43 43 43 43 43 43 43 43 43 43 43 43 43 44 44 44 45 45 46 46 47 48 48 49 49 50 50 49 49 49 49 49 48 48 48 47 47 47 47 47 48 48 48 49 49 50 51 51 52 52 52 51 52 52 52 52 52 52 52 52 52 52 51 51 50 50 49
36 36 35 35 35 34 34 35 35 35 36 36 36 37 37 38 38 38 39 39 40 40 41 41 42 42 43 43 43 44 43 44 44 44 44 44 44 44 44 44 44 44 44 45 45 46 46 47 48 48 49 49 50 50 49 50 49 49 48 49 48 48 48 48 48 48 48 48 48 48 49 49 49 50 50 51 51 52 52 52 52 52 52 52 52 52 52 52 53 52 52 51 51 50 49 49
35 35 35 35 35 35 35 35 36 36 36 37 37 37 37 37 37 38 38 39 40 40 41 42 42 43 44 44 44 44 44 45 45 44 45 45 45 45 45 45 45 45 45 46 46 46 47 48 48 49 50 50 50 51 51 51 51 51 50 49 48 49 48 48 48 48 48 48 48 49 49 50 50 50 50 51 51 52 52 52 52 52 52 52 52 52 52 53 53 52 52 51 51 50 49 49
34 34 35 35 35 35 36 36 36 37 37 37 38 37 38 37 37 38 38 38 39 40 41 41 42 43 44 45 45 45 46 46 46 45 45 45 46 46 46 46 46 46 46 47 47 47 47 48 50 50 51 53 52 53 54 54 53 53 53 51 51 50 50 49 49 49 49 49 50 50 50 50 50 50 50 51 51 51 51 52 52 52 52 52 52 53 53 53 53 52 52 51 50 50 49 49
35 35 35 36 36 36 36 37 37 37 38 38 38 38 38 38 38 38 38 38 39 39 40 42 43 44 45 46 47 47 47 46 46 47 47 47 47 47 47 47 47 47 47 48 48 48 49 49 50 51 53 54 55 55 55 55 55 55 54 53 52 52 51 50 50 50 50 50 50 50 50 49 50 50 50 50 51 51 51 51 51 52 52 52 52 53 53 53 53 52 51 50 50 49 49 48
35 35 36 36 36 37 37 37 37 38 38 38 38 38 38 38 38 39 38 39 39 40 40 42 44 45 47 48 49 49 48 48 48 48 49 49 49 49 49 49 50 49 49 50 50 50 50 50 51 52 54 55 56 56 56 56 56 55 55 54 53 52 52 51 51 50 50 50 49 49 49 49 49 50 50 51 51 51 51 51 51 51 52 52 53 53 53 53 52 52 51 50 49 49 49 49
36 36 36 37 37 37 38 38 38 38 39 39 39 39 39 39 40 40 40 40 41 42 42 43 45 47 48 49 50 50 49 49 49 49 49 50 50 51 51 51 51 51 51 52 52 52 52 52 53 54 55 56 56 56 56 56 56 56 55 55 54 53 52 52 51 50 50 50 49 49 50 50 50 51 51 52 52 52 52 52 52 53 53 53 53 52 52 52 52 51 51 50 50 50 50 49
36 37 37 38 38 38 38 38 39 40 39 40 40 41 41 41 41 41 41 42 42 43 44 45 46 47 49 50 50 50 50 50 50 50 50 51 51 52 52 53 53 52 52 52 53 53 53 54 54 55 56 57 57 57 57 57 57 56 56 55 54 54 53 52 51 51 50 50 50 50 50 51 51 52 53 53 54 53 54 54 54 54 55 54 54 53 53 53 52 52 52 51 51 51 50 50
38 38 38 39 39 39 40 40 40 41 41 42 42 42 42 42 43 43 43 43 44 44 45 46 48 49 50 51 52 52 51 50 50 50 51 51 52 53 54 54 54 54 54 54 54 54 54 55 55 56 57 58 58 58 57 57 57 57 56 56 55 54 53 52 52 51 50 50 50 50 51 52 52 53 54 54 55 54 54 55 55 55 55 55 54 54 54 53 53 53 53 52 52 51 51 50
39 39 39 40 40 41 41 41 42 42 42 43 43 43 43 44 44 44 44 44 45 46 47 48 49 50 52 53 53 53 52 51 50 50 51 52 53 54 55 55 55 55 55 55 55 55 55 56 56 57 57 58 58 58 58 58 58 58 57 57 56 55 54 53 52 51 51 50 51 51 52 52 53 54 55 55 56 56 55 54 54 55 55 55 55 54 54 54 54 54 54 53 53 52 51 51
41 42 41 42 42 42 43 43 43 44 44 44 44 44 45 45 45 45 45 45 46 47 48 49 50 52 53 54 54 54 53 53 52 51 51 53 54 55 56 57 57 57 56 56 56 56 56 57 57 57 58 58 59 59 58 58 58 59 59 57 56 55 54 53 52 52 51 51 51 52 52 53 54 54 55 56 57 57 57 56 54 55 55 56 56 55 55 55 55 55 55 54 54 53 52 52
43 43 43 43 44 44 44 45 45 45 45 46 46 46 47 46 46 47 46 47 47 48 49 51 52 53 54 55 55 55 54 54 53 53 52 54 55 57 58 58 58 58 58 57 57 57 57 57 58 58 59 59 60 60 60 59 59 59 58 58 56 55 55 54 53 52 52 51 52 52 53 54 55 55 56 56 57 58 57 56 55 55 55 55 56 56 56 55 56 56 55 55 54 54 52 52
44 45 45 46 46 46 46 47 47 47 47 48 48 48 48 48 48 48 48 48 49 49 50 51 52 53 54 55 56 56 55 55 54 53 54 55 57 59 60 60 59 59 58 58 58 58 58 58 58 59 60 60 60 60 60 59 59 58 58 58 57 56 55 55 54 54 53 52 53 53 54 55 56 56 56 57 57 58 57 57 56 56 56 56 56 56 57 56 56 56 56 56 55 54 54 53
46 46 47 47 48 48 48 49 49 49 49 49 50 50 49 49 49 49 49 49 50 50 51 52 53 54 54 56 56 56 56 56 55 56 57 58 59 61 62 62 62 61 60 60 59 59 59 59 59 59 60 61 61 61 60 60 59 59 58 58 57 57 56 56 56 56 55 54 54 55 55 56 57 57 57 57 57 57 57 58 58 57 57 57 57 57 58 58 57 57 57 56 56 55 55 54
48 48 49 49 50 50 50 51 51 51 52 52 52 51 51 51 51 51 50 51 51 51 52 53 54 55 57 57 58 58 58 57 58 58 59 60 61 62 62 63 62 62 61 61 60 60 60 60 60 60 61 61 61 61 61 60 60 59 59 59 59 58 58 58 57 57 56 56 56 56 57 57 58 58 58 58 59 59 58 58 58 58 58 58 58 59 59 59 59 58 58 57 57 56 55 55
50 50 51 51 52 52 53 53 54 54 54 54 54 53 53 53 52 52 52 52 52 53 54 55 56 57 59 59 60 60 60 60 60 61 61 62 63 63 64 64 63 64 64 63 63 63 63 62 62 62 62 62 62 62 61 61 61 60 61 60 60 60 60 59 59 58 58 58 58 58 58 58 59 59 58 59 60 61 60 60 59 59 59 59 59 60 60 60 60 60 59 58 57 56 56 55
52 52 53 54 55 55 56 56 57 57 57 57 56 56 56 55 54 53 53 53 54 55 55 57 58 59 60 61 62 62 62 62 63 63 64 64 65 65 65 65 65 66 66 66 66 65 64 64 64 63 63 63 63 63 63 63 64 64 62 61 61 61 61 60 60 60 60 59 59 60 60 60 60 61 60 61 61 61 61 60 60 61 60 60 60 61 61 62 61 60 60 59 58 58 57 56
53 53 55 56 57 58 58 59 60 61 60 60 59 58 58 57 57 56 56 56 57 57 58 59 60 61 62 63 64 64 64 65 65 66 68 69 68 68 68 67 67 68 68 67 67 67 66 65 65 65 65 65 65 65 65 66 67 66 64 63 63 62 62 62 62 61 61 61 61 62 62 62 62 62 62 63 63 62 62 62 61 62 62 62 62 62 62 62 62 61 61 60 59 58 58 57
55 56 58 59 60 61 62 62 63 63 63 63 62 61 60 60 60 60 60 60 60 61 61 61 62 63 64 65 66 66 67 68 69 71 72 73 72 71 69 68 68 68 68 68 68 68 68 67 67 67 66 66 66 66 66 67 66 65 64 64 64 63 63 63 62 62 63 62 63 63 63 64 65 66 65 64 64 63 63 63 63 63 63 64 64 63 63 63 62 62 61 61 60 60 59 58
58 59 60 62 63 64 65 65 66 66 66 65 64 63 62 63 64 64 64 64 64 64 65 65 65 66 66 67 67 68 69 71 73 74 74 75 74 72 71 70 70 70 70 70 70 70 69 69 68 68 68 68 68 68 67 67 66 66 66 66 65 64 64 64 64 64 63 63 64 65 65 66 67 66 66 65 65 65 64 64 63 64 64 64 64 64 64 63 63 62 61 61 60 60 59 59
60 62 63 65 65 67 68 69 69 69 70 69 67 66 66 67 67 68 68 68 68 69 69 69 69 68 68 68 69 69 70 72 73 74 75 76 76 74 72 72 71 71 71 72 71 71 70 70 70 70 70 70 69 69 69 71 71 69 68 67 67 66 66 65 65 65 64 65 67 68 68 68 68 67 67 66 66 65 65 64 64 65 65 65 64 64 64 64 63 63 62 61 61 60 60 59
63 64 66 67 69 70 72 72 73 73 72 72 70 69 69 70 71 71 71 72 72 72 73 73 72 71 71 71 70 70 71 72 72 74 75 75 74 74 74 73 73 73 73 73 73 73 72 72 72 72 71 71 71 71 72 72 72 72 71 70 69 67 67 66 66 66 66 67 68 68 68 69 69 68 68 67 66 67 66 66 65 65 65 65 64 65 65 64 63 63 62 62 61 61 61 61
66 67 69 70 72 73 75 76 76 76 76 75 74 72 72 74 74 74 74 74 74 75 76 75 74 74 73 73 72 72 72 73 74 74 74 75 75 75 75 75 75 75 75 76 76 75 75 74 74 73 73 73 73 73 74 73 73 73 73 71 70 68 68 67 68 67 67 69 70 69 69 70 70 69 69 68 68 68 67 67 66 66 65 65 65 65 65 64 64 63 63 62 62 62 62 62
69 70 72 74 75 76 77 79 79 79 80 80 77 75 75 76 76 77 77 77 77 78 78 78 77 76 76 75 75 74 74 75 75 75 76 76 76 76 77 77 77 77 77 77 77 77 76 76 75 75 75 75 75 74 74 74 74 74 74 73 72 70 69 68 68 69 69 70 70 70 70 70 70 69 69 69 69 68 68 68 67 67 66 65 65 65 65 65 64 64 63 63 63 63 62 62
71 73 75 76 78 79 81 82 83 83 83 83 81 79 78 78 79 79 80 80 80 80 80 80 79 78 78 77 76 76 76 76 76 77 77 78 78 78 78 78 79 79 79 79 79 79 78 78 77 77 77 77 76 76 76 76 75 75 75 74 73 73 72 71 71 70 71 70 71 70 71 70 70 70 70 69 69 68 68 68 68 67 67 66 65 65 64 65 64 64 65 64 63 63 63 62
74 76 78 79 81 82 84 85 86 87 87 87 86 84 82 82 82 82 82 82 82 82 82 81 81 81 80 79 78 78 78 77 77 78 78 79 80 79 80 80 80 80 80 80 80 79 79 79 78 78 78 78 78 78 77 77 76 76 76 75 74 73 73 72 72 72 72 72 71 71 71 71 71 70 70 70 69 68 69 69 68 68 67 66 66 65 65 65 66 65 65 65 65 65 64 64
76 78 80 82 84 85 87 89 90 90 90 90 90 87 86 86 85 84 84 84 84 84 84 83 83 82 82 81 80 79 79 78 79 80 80 80 81 81 81 82 82 81 81 80 80 80 79 79 79 79 79 79 79 79 78 78 78 77 77 76 76 75 74 74 73 73 73 73 72 72 72 72 71 71 71 70 70 70 70 69 69 68 68 67 66 66 66 66 66 66 66 66 66 65 65 65
78 80 82 84 86 88 90 92 92 93 93 93 92 91 89 89 87 87 87 86 86 86 86 85 84 84 84 82 81 80 80 79 79 80 80 81 82 83 83 83 83 82 81 80 80 79 80 80 80 80 80 80 80 80 79 79 79 78 78 78 78 77 76 75 74 74 74 73 73 72 73 72 72 72 71 71 71 71 70 70 70 69 68 68 67 67 66 66 66 66 67 66 66 66 66 65
80 82 84 86 88 89 92 93 93 94 94 94 94 93 92 91 90 90 89 88 88 87 87 86 85 85 84 82 81 80 80 81 81 81 82 83 84 84 84 83 83 82 81 81 80 80 80 80 80 81 81 81 81 81 80 80 80 79 79 80 79 78 77 76 75 74 74 74 74 74 74 73 73 73 73 72 71 71 71 70 70 69 68 68 68 67 67 67 67 67 66 67 67 67 66 65
83 85 87 88 90 90 92 93 94 94 94 94 93 92 92 92 91 90 90 89 89 88 88 87 86 85 84 83 81 81 82 82 83 83 84 84 85 85 84 84 83 82 81 80 80 80 80 81 82 82 82 82 82 82 81 81 81 80 80 80 79 78 78 77 75 75 74 74 74 74 74 74 74 74 74 73 72 71 71 71 70 69 69 69 69 68 68 68 67 67 67 68 68 67 66 66
85 87 89 90 92 92 92 93 93 93 93 94 93 92 92 91 91 91 90 90 90 89 88 87 87 86 85 83 81 82 83 84 85 85 85 86 86 87 85 84 84 82 82 81 80 81 82 83 83 84 84 83 83 83 82 82 81 81 80 80 80 79 78 78 77 76 75 75 75 74 74 75 75 75 74 73 72 72 72 71 70 69 69 69 69 69 68 68 68 68 67 67 67 68 67 66
87 89 90 92 94 93 92 93 92 93 94 95 94 93 93 92 92 91 91 91 90 90 89 88 88 87 86 84 84 84 85 86 88 87 87 87 87 88 87 86 84 84 83 83 83 83 84 84 84 85 85 85 85 83 83 82 82 81 81 80 80 79 79 78 77 76 76 75 75 75 74 75 75 75 75 74 73 72 72 71 70 70 70 69 69 69 68 68 67 67 67 68 68 67 67 67
91 93 94 95 95 94 92 92 92 93 95 95 95 94 94 93 92 92 92 92 91 91 90 89 89 88 88 87 86 87 88 89 90 89 89 89 88 87 87 86 85 85 84 84 84 84 85 85 85 86 86 86 85 85 83 83 82 82 81 81 80 79 78 77 77 76 75 75 75 75 75 75 76 76 74 73 72 72 72 71 70 70 70 69 69 69 68 67 68 67 67 67 67 67 67 66
92 94 95 97 96 94 93 92 92 94 95 95 95 95 94 94 93 92 92 92 92 92 91 91 90 91 91 90 90 89 91 92 92 91 92 90 89 87 87 86 86 85 85 85 85 85 86 86 86 86 86 86 86 86 85 83 83 83 82 81 80 79 78 76 76 75 75 74 74 75 75 76 76 75 74 73 73 73 72 72 71 70 69 68 68 67 68 68 68 68 67 67 67 66 66 66
93 94 95 96 96 94 93 92 92 93 94 95 95 95 94 94 94 94 93 93 93 93 93 92 92 92 94 93 93 92 92 94 95 95 93 92 90 88 87 87 86 87 87 85 86 86 86 88 87 86 86 87 86 86 85 84 83 83 82 81 80 79 77 76 75 74 74 74 74 75 75 75 75 75 74 74 73 73 72 72 70 70 69 69 68 68 68 68 67 67 66 67 67 66 66 66
96 97 98 96 96 94 92 92 93 93 95 96 95 96 96 96 97 96 94 93 94 94 93 93 94 95 94 95 94 93 94 95 95 95 94 93 92 91 89 87 87 87 87 87 87 88 88 89 88 87 86 86 86 85 84 84 84 83 81 81 80 78 77 76 74 74 74 74 74 74 74 74 74 74 73 73 73 72 71 71 70 70 69 69 68 68 67 67 67 67 67 67 67 66 66 66
