resultados/variables_proyeccion_tiempo/variables_paleo_21k/bio15.asc
ncols 330
nrows 228
xllcorner -12.000000
yllcorner 34.000000
cellsize 0.166667
NODATA_value -9999
[rows 110 to 164 of 228, columns 96 to 191 of 330]
27 27 27 27 27 27 26 25 25 24 23 22 22 21 21 20 20 20 20 19 19 19 19 19 19 20 21 21 20 19 19 19 18 18 18 18 18 18 18 18 18 17 17 18 18 19 19 20 22 23 24 25 25 24 23 23 22 22 22 22 22 22 22 23 23 23 24 24 25 25 26 26 27 27 27 27 28 28 28 29 29 30 32 32 34 34 35 36 36 36 35 33 32 32 32 32
27 27 27 27 27 27 26 25 24 23 22 21 21 21 20 20 19 19 19 19 18 18 18 18 18 19 19 20 19 18 18 18 18 18 18 18 18 19 19 19 18 18 18 18 19 19 20 21 22 22 23 24 24 24 24 23 22 22 22 22 22 22 23 23 24 24 24 25 25 25 26 26 27 27 27 28 28 29 29 30 30 31 32 33 34 36 36 37 37 36 35 34 33 33 32 32
26 27 27 27 27 26 25 24 23 22 22 21 20 20 19 19 19 18 18 18 18 18 17 17 17 17 18 18 18 18 18 18 18 18 18 18 18 19 20 19 19 19 19 19 19 20 20 21 21 22 23 23 24 24 24 23 22 22 22 23 23 23 24 24 24 25 25 25 26 26 26 27 27 27 28 28 29 29 30 30 31 32 33 34 35 36 37 37 37 36 36 35 34 34 33 33
26 26 27 27 27 26 25 24 23 21 21 20 19 19 18 18 18 18 17 17 17 17 17 17 17 17 17 17 18 18 18 18 18 18 18 18 18 18 19 19 19 18 19 19 19 20 20 21 21 22 22 23 23 23 23 23 23 22 23 23 23 24 25 25 25 25 25 26 26 26 27 27 28 28 28 29 30 30 30 32 32 33 34 35 36 37 38 39 38 37 37 36 35 34 34 34
26 26 27 26 27 25 24 23 21 21 20 19 18 18 17 17 17 17 17 16 16 16 16 17 16 16 16 17 17 18 18 18 17 17 18 18 18 18 19 19 19 19 19 20 20 20 21 21 21 22 22 23 23 22 22 23 23 22 23 23 24 24 25 25 26 26 26 26 26 27 27 28 28 28 29 29 30 30 31 32 33 34 35 35 36 37 38 39 39 38 37 36 35 35 35 35
25 25 25 26 25 24 23 21 20 19 18 18 18 17 17 16 16 16 16 16 16 16 17 16 16 16 16 16 17 17 17 18 18 18 18 18 18 18 18 19 19 19 20 20 20 20 20 22 22 22 22 22 22 22 22 22 22 22 23 23 24 25 26 26 26 27 26 27 27 27 28 28 28 29 29 30 31 32 32 33 34 34 35 36 36 38 38 39 38 38 37 37 36 36 36 35
24 24 25 24 23 22 21 20 19 18 18 17 17 16 16 16 16 15 15 15 15 15 15 15 15 15 15 16 16 17 17 17 18 18 18 18 19 19 19 19 19 19 20 20 20 20 21 21 22 22 22 22 22 22 21 22 22 22 23 23 24 25 26 27 27 27 27 27 27 28 28 28 28 29 30 31 32 32 33 33 34 34 35 36 37 38 38 38 38 38 37 37 36 36 36 36
23 23 23 23 22 21 19 18 18 17 17 16 16 16 15 15 15 15 15 15 15 15 15 14 14 14 15 15 16 16 17 17 18 18 19 19 19 19 19 20 20 20 21 21 20 20 21 22 22 22 22 22 21 21 21 21 22 23 22 23 24 25 26 28 27 27 27 26 27 28 28 29 30 30 31 31 32 33 33 33 34 35 36 36 37 38 38 38 38 38 38 37 37 36 36 36
22 22 21 21 20 19 18 17 16 16 16 15 15 15 15 15 15 15 15 14 14 14 14 14 14 14 14 15 15 16 16 15 16 17 19 19 19 19 19 20 19 20 20 20 21 22 22 22 22 22 22 22 22 21 21 22 22 23 23 23 23 25 26 27 28 27 27 27 27 28 28 29 30 31 32 32 33 33 34 35 35 35 36 36 37 37 38 38 38 37 38 38 37 37 37 37
20 20 20 19 18 17 16 15 15 14 14 14 15 15 15 15 15 15 14 14 14 14 14 14 14 14 14 14 14 14 14 16 17 16 18 17 18 18 19 21 22 22 23 22 22 22 24 23 23 22 22 22 22 22 22 22 22 23 23 23 24 24 25 26 27 27 26 27 27 28 29 30 31 32 33 33 34 34 35 35 35 36 37 36 37 37 37 37 38 37 37 37 37 37 37 37
19 18 18 17 17 16 15 14 14 14 14 14 15 15 15 15 14 14 14 14 14 14 13 13 14 14 15 14 14 14 14 15 16 16 17 18 18 15 16 18 22 23 24 24 24 25 26 26 25 24 23 23 23 23 23 22 22 23 23 24 24 24 25 26 26 26 26 26 27 28 30 31 32 33 34 34 35 35 35 36 36 36 36 37 37 37 37 38 38 38 37 37 37 37 38 37
17 17 16 16 15 14 14 14 13 13 13 14 15 15 14 15 14 14 14 14 14 13 13 13 13 14 14 14 14 13 14 15 16 15 17 20 19 16 12 12 13 17 22 24 25 26 28 28 27 25 24 23 24 24 24 24 24 24 24 24 24 25 25 25 25 25 26 26 27 29 30 32 33 34 35 36 36 36 36 36 36 37 36 37 37 37 37 38 37 38 38 38 37 37 38 38
16 15 14 14 14 14 14 14 13 12 12 12 13 14 14 14 14 14 14 14 14 13 13 13 12 12 12 12 12 12 14 15 17 17 18 22 19 20 17 17 18 18 19 22 25 27 29 29 28 26 25 24 24 25 26 25 24 25 25 24 25 25 25 24 24 25 25 26 28 30 31 33 34 36 37 37 37 38 38 37 37 37 37 37 37 37 37 37 38 38 38 38 38 38 38 38
14 14 14 13 13 13 13 13 13 12 12 12 13 13 13 13 14 13 13 13 13 13 13 13 12 12 13 13 12 12 13 14 16 17 18 21 19 17 17 18 22 25 27 30 29 28 30 30 28 25 24 25 25 26 26 26 26 26 26 25 25 25 25 25 24 24 25 26 29 31 32 34 36 37 39 39 39 39 39 38 38 37 37 37 37 37 37 37 38 38 38 38 38 38 39 39
13 12 12 12 12 12 12 12 11 11 11 12 12 12 13 13 14 13 13 13 13 13 13 13 14 14 16 16 13 12 12 14 17 18 16 19 19 16 18 21 23 27 30 31 30 29 29 29 27 25 25 25 25 25 26 27 27 27 26 26 25 26 26 26 25 24 25 27 29 32 34 36 39 40 41 41 40 40 40 39 39 38 37 37 37 37 37 37 38 38 38 38 38 39 39 39
12 12 12 12 12 11 11 11 10 11 12 12 12 12 13 13 14 15 14 13 13 13 13 13 13 15 15 14 12 11 13 16 18 18 18 19 18 19 19 22 25 30 33 32 31 29 27 26 25 25 25 25 26 25 26 26 27 28 28 26 26 26 27 26 26 26 27 29 31 33 36 38 39 41 42 42 42 42 41 41 39 39 38 37 37 37 37 38 38 38 38 39 39 39 39 40
11 11 11 12 11 10 10 10 11 11 12 12 12 12 13 14 14 16 16 15 14 13 13 13 12 14 13 12 11 12 14 17 17 18 20 18 19 18 17 19 23 28 28 28 27 26 25 23 24 24 25 25 25 26 26 25 26 26 27 28 29 29 29 29 29 29 30 30 31 34 36 37 39 42 43 44 44 44 43 42 41 40 38 37 37 37 37 37 38 38 39 39 39 40 40 40
10 10 10 10 10 10 10 10 10 10 10 10 10 11 12 14 15 16 17 16 14 13 13 12 13 12 12 12 12 13 14 17 19 20 19 18 17 17 16 14 16 20 23 24 25 25 22 21 22 23 24 25 25 25 25 25 25 24 25 28 30 32 32 33 33 32 33 32 31 29 31 36 39 40 42 45 45 45 44 43 41 40 38 37 37 37 37 38 38 38 39 39 39 40 40 40
9 9 9 9 9 9 9 9 9 10 10 10 13 14 14 14 14 15 15 15 15 14 13 13 12 12 12 12 12 13 14 14 17 19 18 16 14 15 15 16 15 15 17 18 21 19 19 19 20 22 23 23 23 22 23 22 24 29 33 33 35 36 37 37 37 37 37 36 36 36 37 38 40 42 44 45 47 46 45 44 42 40 39 38 37 38 38 38 38 39 39 39 39 40 40 41
10 10 9 9 9 9 9 9 9 9 10 12 14 15 15 15 15 15 15 15 15 15 13 13 14 13 12 12 13 15 15 14 16 17 16 14 16 17 16 17 18 17 17 17 17 17 17 17 20 21 20 19 20 19 23 27 31 33 35 37 39 41 42 41 41 40 40 40 40 40 40 41 43 43 42 49 47 46 45 44 43 41 40 39 38 39 39 39 39 39 39 39 39 40 40 41
9 10 10 9 9 9 9 9 9 10 11 12 13 14 15 16 16 16 16 16 16 15 14 14 14 13 12 13 15 16 17 17 17 17 16 16 18 18 18 18 19 20 21 21 19 17 17 18 19 21 24 26 28 28 25 28 32 34 35 37 41 44 45 45 44 43 43 42 41 42 42 43 44 45 41 45 44 41 42 42 41 41 41 40 40 40 40 40 40 40 40 40 40 40 41 41
10 11 10 10 10 10 10 10 11 10 11 12 13 14 15 16 16 16 16 16 16 15 15 14 15 18 17 17 16 17 17 16 16 17 18 18 18 18 18 19 20 21 20 20 20 20 18 18 21 24 29 27 25 27 27 29 31 32 35 37 41 45 47 46 45 44 44 43 43 43 44 44 45 46 46 45 43 44 42 39 41 42 42 42 42 42 41 41 40 40 40 41 41 41 42 42
10 11 12 11 11 11 12 13 13 12 12 12 12 12 14 15 15 15 16 16 16 15 15 17 17 19 20 19 17 18 18 17 16 17 18 18 19 20 19 19 21 22 19 20 20 21 20 20 21 25 26 27 29 28 28 29 31 32 34 37 41 43 45 44 43 43 42 42 43 42 42 44 44 45 45 46 45 46 44 42 41 41 42 43 43 43 42 42 41 41 40 41 41 42 42 43
10 10 10 10 10 11 13 15 15 13 12 11 11 12 13 12 12 14 15 16 16 15 15 15 16 18 20 19 16 17 17 18 18 18 18 18 19 21 19 19 21 22 22 20 20 21 22 23 24 26 24 28 30 30 30 30 31 31 30 32 36 40 42 42 42 42 42 41 40 40 40 40 40 42 43 44 45 46 46 44 42 41 41 42 44 44 43 42 40 39 40 40 41 42 43 44
10 9 10 10 11 12 12 13 13 12 11 10 10 10 10 11 11 12 14 14 16 16 15 14 15 18 20 20 17 17 17 18 18 18 19 19 19 20 21 21 21 22 22 22 21 22 23 24 26 26 26 26 28 28 28 29 28 28 28 31 34 37 38 38 39 39 40 40 39 40 39 39 39 40 42 44 43 43 44 44 43 42 42 42 42 41 40 38 39 38 38 38 39 41 43 45
12 11 11 11 11 11 12 12 12 11 10 10 9 9 9 10 11 12 13 14 16 16 15 14 14 18 19 20 18 19 20 20 21 20 20 20 20 21 21 21 22 22 23 23 23 22 24 25 26 27 26 26 24 27 26 26 26 26 28 30 32 35 36 37 38 37 37 38 37 38 39 39 40 40 41 42 41 42 44 43 43 42 40 41 39 38 37 37 37 37 37 37 39 42 44 46
13 13 12 12 12 12 12 12 12 11 11 10 9 9 9 10 11 12 13 14 15 16 15 15 15 17 18 20 21 22 22 24 24 23 22 21 22 22 23 23 23 24 24 25 25 24 25 26 27 27 27 26 26 24 22 22 22 25 26 28 31 33 35 36 37 37 37 36 37 37 38 38 39 39 40 42 42 42 41 41 41 40 40 38 37 37 36 36 36 35 35 36 38 39 36 37
13 14 14 13 13 13 13 13 13 13 13 11 10 9 9 10 11 12 14 14 15 16 17 16 17 18 18 19 21 23 25 26 25 24 24 24 24 24 25 25 25 25 25 26 26 26 26 27 28 27 26 25 24 23 21 20 20 20 22 25 28 32 34 34 36 36 36 36 37 37 37 37 38 39 40 41 41 40 39 39 39 39 38 37 36 36 35 34 33 33 34 34 36 38 40 41
14 15 15 15 15 15 15 15 16 16 15 14 12 11 10 11 12 13 15 16 18 19 19 19 19 19 18 19 21 24 27 29 28 26 26 26 26 26 27 27 26 27 27 28 28 28 29 29 29 29 28 27 26 23 22 21 20 20 21 23 25 28 32 33 35 36 36 36 37 36 36 36 37 37 37 37 38 38 38 38 37 36 35 35 34 33 32 31 31 31 31 32 33 33 36 38
14 15 15 16 16 17 17 17 18 18 18 17 14 12 12 12 13 14 16 17 20 22 23 22 21 18 16 16 20 23 26 29 29 29 28 27 27 27 28 28 28 29 29 30 30 31 31 30 30 29 28 27 26 25 24 22 22 22 22 23 25 28 30 32 33 35 36 36 35 35 35 35 35 34 34 34 35 36 36 36 35 34 34 33 32 31 30 30 29 29 28 28 31 34 36 37
14 14 15 16 17 17 18 18 18 18 17 16 14 13 12 13 13 14 15 15 22 26 26 25 21 14 15 17 20 23 26 29 28 27 28 28 29 29 30 30 30 31 31 31 32 32 32 32 31 30 30 28 27 26 24 22 21 22 23 25 26 27 30 30 30 32 34 35 35 35 35 34 33 31 30 31 32 34 34 34 34 33 32 31 30 30 29 28 26 26 24 25 28 32 34 36
13 14 15 16 17 18 18 18 17 17 16 15 13 12 12 12 13 14 13 15 22 28 28 24 19 16 16 18 21 24 24 25 26 26 28 30 30 30 30 30 31 32 32 32 32 33 34 34 33 32 30 29 28 26 25 24 22 23 24 26 28 29 31 33 32 32 33 34 35 36 36 34 31 28 27 28 30 31 33 32 32 31 31 30 29 28 27 26 25 25 24 27 28 29 31 34
13 14 15 16 17 18 19 18 16 16 14 13 12 11 11 11 12 14 14 17 28 30 27 21 19 16 16 18 19 20 21 24 26 28 30 30 30 30 30 31 31 32 32 33 34 34 35 35 34 33 32 31 30 29 27 26 24 25 26 28 31 33 34 35 36 36 36 37 36 36 36 33 30 27 26 27 29 30 30 30 30 29 29 28 27 26 26 25 24 24 24 25 26 28 30 32
12 13 14 15 17 18 18 17 16 15 13 12 12 11 11 11 11 11 12 21 32 29 26 22 15 14 15 17 18 20 23 26 28 29 29 29 30 30 30 30 31 32 33 34 34 35 35 35 35 34 33 33 32 31 29 27 26 26 27 29 31 33 34 35 36 37 38 38 37 36 35 33 31 29 27 28 28 29 29 28 28 28 28 27 26 26 25 24 24 24 24 24 26 27 29 31
12 13 14 15 16 17 17 16 15 14 13 12 11 11 11 11 11 11 12 24 31 29 24 17 14 14 16 17 19 22 25 27 28 29 29 29 29 29 30 31 32 33 34 34 35 36 36 36 36 35 35 34 33 33 31 28 27 27 27 28 30 31 32 34 35 35 36 35 35 36 34 34 32 31 30 30 29 28 28 27 27 27 27 26 26 25 24 24 23 24 24 24 26 27 29 32
12 13 14 15 15 15 15 15 14 13 12 12 11 11 10 10 11 12 16 23 26 26 18 16 15 17 19 20 23 25 28 29 29 29 29 28 29 29 30 31 32 33 34 35 36 37 37 37 37 36 35 33 32 32 32 28 27 27 26 26 27 29 30 32 33 34 33 33 33 33 33 34 34 33 32 32 31 29 28 27 27 27 27 26 25 24 24 23 23 23 23 24 25 27 28 30
13 14 14 14 14 14 14 14 13 13 12 12 11 11 11 11 12 14 16 19 21 25 25 23 23 24 23 23 25 26 28 29 30 29 28 28 29 29 31 31 32 34 35 36 37 37 38 38 38 36 36 33 31 29 28 27 26 26 26 26 27 28 30 30 32 31 31 33 34 36 33 33 35 34 34 34 33 31 30 29 28 28 27 26 25 24 24 23 23 23 23 25 26 26 27 28
13 14 14 14 13 13 13 13 13 13 12 12 12 12 11 12 12 13 15 16 19 20 22 23 26 26 26 25 26 26 28 28 29 28 28 29 30 30 30 32 33 33 34 37 32 35 39 39 39 37 35 33 32 28 27 28 27 25 25 26 26 26 27 27 29 32 36 37 36 34 36 36 36 36 35 36 35 32 31 30 30 29 27 26 25 24 24 23 23 23 24 25 26 26 27 28
13 13 14 14 13 12 13 13 13 12 13 13 12 12 11 12 12 12 12 14 16 20 24 26 26 27 29 27 27 27 27 27 27 29 29 30 28 29 28 29 34 34 31 37 39 36 34 38 32 34 34 32 30 30 28 27 24 24 23 24 25 26 28 30 33 34 32 37 37 39 39 39 38 37 37 38 36 33 31 30 30 28 27 26 25 24 23 23 22 23 24 25 25 26 27 28
13 14 14 13 12 13 13 13 13 12 12 12 11 11 11 11 11 12 15 19 20 22 21 22 26 29 30 26 24 24 26 25 28 28 28 31 29 26 29 33 30 29 20 30 38 30 31 30 27 22 23 25 21 24 25 23 22 25 25 25 26 27 29 27 31 30 37 40 42 42 40 38 37 36 36 36 35 33 31 29 28 28 26 25 24 23 23 22 22 23 24 25 25 26 27 27
14 14 13 14 14 14 13 13 12 12 11 10 10 11 11 11 13 18 19 19 19 19 19 18 18 23 22 24 21 19 22 22 26 30 31 29 25 23 30 29 19 21 25 29 40 34 31 40 29 27 29 32 26 29 27 26 25 25 24 24 26 29 31 28 30 31 31 38 41 40 38 37 36 35 35 34 33 31 30 29 27 26 25 24 22 22 22 22 23 23 24 24 25 26 26 27
16 15 15 14 14 14 13 12 12 11 9 10 11 12 12 12 13 15 15 13 12 18 16 16 16 17 13 17 17 19 23 27 30 29 28 23 27 29 27 33 20 24 30 39 38 41 43 45 42 39 36 34 33 31 28 27 26 24 24 24 27 30 33 30 31 30 29 35 36 36 34 34 34 33 32 32 31 30 29 28 26 25 24 24 23 23 23 23 23 23 24 24 25 25 26 26
18 17 16 16 15 14 13 13 11 9 9 10 13 14 11 12 11 11 11 9 10 11 12 12 10 11 11 16 16 19 17 22 25 28 23 26 26 28 30 33 36 37 40 38 41 42 37 39 37 36 38 35 32 30 28 26 24 23 23 24 27 30 30 30 29 29 29 30 30 31 31 31 31 31 30 30 30 29 28 26 26 25 25 24 24 24 23 23 23 23 24 24 25 25 25 26
20 19 17 16 15 15 14 12 10 9 8 11 13 11 12 12 13 12 9 9 8 8 8 9 12 11 12 19 21 26 21 24 25 24 23 20 26 29 32 21 31 39 38 36 40 41 39 40 40 40 37 34 31 27 25 24 24 22 22 22 23 23 23 23 24 25 26 25 26 28 28 28 28 29 29 28 28 27 27 26 26 25 25 25 24 25 24 24 23 23 24 24 25 25 26 26
22 20 17 16 17 16 14 12 10 8 9 12 10 11 10 10 11 11 10 11 11 11 10 12 11 17 18 24 26 27 28 29 30 28 27 30 33 36 35 32 38 40 32 35 41 41 40 39 38 34 34 31 26 24 22 22 21 20 21 20 21 21 21 21 22 22 23 24 24 25 25 26 26 27 26 27 26 26 26 26 25 25 25 26 26 26 26 25 23 23 24 24 24 25 26 27
24 22 18 17 18 16 14 12 9 8 9 10 9 9 10 10 10 10 10 8 8 8 8 8 11 22 23 26 27 28 30 29 30 30 31 31 33 35 33 31 37 33 30 33 37 36 35 31 26 27 29 25 22 21 21 20 19 19 19 19 18 19 18 18 19 20 20 21 21 22 23 24 24 25 25 26 26 25 25 25 25 25 25 26 26 27 26 24 23 23 23 23 24 25 25 26
25 22 19 19 18 16 14 12 9 8 9 9 9 10 11 10 10 10 9 8 8 7 7 9 16 21 24 23 25 26 28 28 30 31 32 32 32 31 35 35 34 28 29 35 35 35 29 24 23 19 20 20 20 20 19 19 18 18 18 18 17 17 17 17 18 18 18 19 20 20 21 21 23 23 24 24 24 24 24 24 24 24 25 25 25 25 24 23 22 22 22 22 23 24 24 25
26 24 20 19 19 18 15 12 11 9 10 10 9 10 9 10 11 9 8 9 10 12 11 12 20 23 23 22 22 23 24 23 23 24 25 27 26 30 29 29 26 30 32 28 22 20 17 17 18 18 18 18 18 18 18 17 17 17 17 17 17 17 17 16 17 18 18 18 18 18 19 20 21 21 22 22 22 23 23 24 24 24 24 24 24 23 22 21 21 20 21 22 22 23 24 24
26 24 20 18 19 17 14 12 10 10 9 10 10 10 10 10 9 9 9 8 7 9 17 19 24 23 23 22 22 22 22 21 20 20 20 21 21 23 22 21 22 24 26 22 15 13 14 15 16 16 17 17 17 17 16 16 16 17 17 17 17 17 16 16 17 18 18 19 18 18 18 18 19 20 20 21 21 22 22 23 24 24 24 24 23 22 21 20 19 19 20 21 22 22 22 23
24 23 19 16 18 16 13 11 10 10 9 10 10 10 10 9 10 9 9 8 12 19 25 26 25 24 23 23 23 22 22 21 19 20 20 20 19 19 19 19 20 22 21 18 15 13 13 14 14 16 16 16 16 16 16 16 16 17 17 18 17 18 20 17 18 18 19 20 19 18 17 17 17 18 18 19 20 20 21 22 23 23 23 24 23 22 21 20 19 19 20 21 21 22 21 22
26 22 17 17 17 16 13 11 11 11 11 11 11 10 10 10 9 9 9 10 20 28 28 27 26 25 24 24 24 23 23 22 22 21 21 20 19 18 18 18 18 19 19 17 15 14 14 13 14 15 15 15 15 15 16 16 17 17 18 18 20 22 26 25 20 17 19 21 20 19 18 17 16 16 17 17 18 18 19 20 20 21 22 22 22 21 20 20 19 19 20 21 22 22 21 21
22 19 17 16 17 17 15 14 11 10 12 11 11 11 11 10 9 10 13 18 26 29 30 29 28 26 26 25 25 25 25 24 24 24 24 22 20 19 18 17 18 18 18 17 16 16 15 14 14 14 14 15 15 15 15 16 17 18 19 19 22 24 26 27 27 22 21 21 21 20 19 18 17 16 16 16 16 17 18 18 18 19 20 20 21 20 20 19 19 19 20 21 22 23 23 22
18 17 17 17 17 19 15 11 11 11 12 11 11 11 11 10 10 9 11 20 25 27 28 29 28 27 27 27 27 27 27 26 26 26 26 24 22 20 19 18 18 18 18 18 18 19 17 15 15 14 15 15 15 15 16 16 18 19 20 22 23 25 26 28 28 26 22 23 21 20 21 19 18 17 16 16 16 16 17 17 17 18 19 19 19 20 19 19 19 19 20 20 21 22 22 21
17 17 17 18 20 19 16 14 13 12 12 12 12 11 11 11 10 10 11 19 24 26 27 28 29 28 28 28 29 30 27 24 26 25 24 25 24 22 21 20 19 19 19 19 19 19 18 16 16 15 15 15 15 15 16 17 18 19 21 22 24 26 26 28 29 24 20 25 23 21 20 20 18 18 17 16 16 16 16 16 17 17 18 18 18 19 19 20 20 19 19 19 20 20 20 20
17 19 21 20 22 20 17 14 13 13 13 12 14 13 13 12 11 10 11 16 23 25 26 27 27 28 29 29 29 31 27 25 25 25 26 25 23 23 22 21 21 20 20 20 20 19 18 16 16 16 16 16 15 15 16 17 18 19 21 22 24 26 27 28 29 29 24 26 27 24 22 20 21 19 18 18 17 17 17 17 17 18 17 16 17 18 17 19 21 21 20 18 19 20 19 19
