resultados/variables_proyeccion_tiempo/variables_paleo_21k/bio19.asc
ncols 330
nrows 228
xllcorner -12.000000
yllcorner 34.000000
cellsize 0.166667
NODATA_value -9999
[rows 132 to 175 of 228, columns 0 to 95 of 330]
-9999 -9999 -9999 -9999 -9999 -9999 412 417 413 418 412 408 406 404 397 398 393 380 377 378 374 364 350 350 346 334 332 330 329 325 331 333 336 343 348 342 337 335 334 334 338 333 326 322 317 311 306 301 295 287 280 274 269 265 262 262 262 262 267 270 273 276 273 265 254 241 230 220 211 203 198 194 191 188 186 185 183 181 181 185 184 180 175 168 162 158 156 156 156 154 158 161 166 174 189 208
-9999 -9999 -9999 -9999 -9999 -9999 406 413 415 415 411 408 408 404 397 396 393 389 376 375 367 360 352 349 343 338 349 334 333 337 343 341 346 347 345 342 341 339 337 336 335 335 332 328 323 317 311 305 298 291 284 279 274 269 266 265 266 268 276 280 288 290 277 274 258 242 228 216 206 199 194 190 189 192 195 197 196 193 191 189 184 185 179 174 165 161 157 155 154 152 152 154 155 160 171 189
-9999 -9999 -9999 -9999 -9999 406 410 416 416 416 418 416 406 400 401 393 394 382 376 376 369 363 355 350 346 349 345 347 347 347 352 354 352 351 349 347 345 344 342 341 341 340 337 334 329 322 315 308 301 294 289 280 272 269 268 269 271 275 278 282 288 301 295 281 255 238 224 212 201 194 189 186 190 197 197 197 192 192 191 188 184 176 175 170 167 164 160 156 154 151 150 148 154 151 160 168
-9999 -9999 -9999 -9999 407 411 412 417 418 422 418 418 407 402 398 394 390 388 383 383 373 364 357 356 356 350 355 361 360 364 362 362 358 356 353 352 351 350 348 347 346 344 342 338 332 326 320 313 307 299 291 281 274 271 270 272 276 275 277 278 279 284 276 262 247 231 220 205 195 187 181 179 184 188 186 186 185 178 178 183 175 174 168 167 160 157 158 154 150 149 153 151 150 152 154 152
-9999 -9999 -9999 -9999 407 413 412 414 411 412 413 404 403 402 394 393 390 385 380 369 367 367 366 359 359 360 367 373 372 369 369 368 363 361 359 358 356 354 353 352 351 348 346 344 338 332 326 317 309 301 295 288 278 272 267 266 267 269 273 277 267 264 260 250 237 227 218 206 193 184 180 183 190 190 194 190 184 182 173 166 167 164 160 160 162 158 153 153 154 155 155 153 152 151 152 150
-9999 -9999 -9999 -9999 -9999 413 410 414 414 413 410 404 401 400 395 392 391 385 380 380 386 379 378 374 371 371 377 379 374 371 370 368 367 365 363 362 361 359 358 357 355 353 352 349 345 335 329 322 316 310 304 295 283 273 267 260 258 260 258 258 254 248 246 246 237 227 221 214 200 187 184 182 190 193 195 189 182 177 169 162 160 157 159 156 154 155 156 156 154 153 152 154 154 154 155 157
-9999 -9999 -9999 -9999 -9999 -9999 -9999 408 410 408 407 409 403 398 395 392 391 390 386 378 371 369 374 366 375 380 380 379 378 377 373 371 370 368 368 367 364 363 362 361 360 359 357 353 348 343 339 334 327 318 309 298 288 276 266 257 251 250 245 243 239 235 232 234 234 227 219 219 209 200 199 190 197 200 198 192 184 177 168 162 157 158 154 153 151 150 151 151 152 152 152 153 156 157 160 159
-9999 -9999 -9999 -9999 -9999 -9999 -9999 -9999 -9999 400 402 400 396 394 394 392 387 381 374 375 377 377 385 390 386 392 380 381 384 379 377 375 373 371 370 370 369 368 366 367 366 363 361 358 359 358 354 347 336 326 317 311 297 285 270 253 246 242 234 226 222 219 220 225 226 228 230 224 214 210 208 205 202 203 205 197 186 176 169 162 157 157 158 155 155 153 150 153 154 153 153 154 156 158 154 150
-9999 -9999 -9999 -9999 -9999 -9999 -9999 -9999 -9999 -9999 -9999 -9999 -9999 388 388 390 389 386 380 378 384 386 386 389 400 397 389 383 384 380 378 376 377 375 374 374 373 372 370 370 369 366 372 377 382 381 374 366 353 346 339 325 314 295 282 257 250 245 230 220 214 212 212 212 217 218 219 214 213 214 218 220 212 201 197 196 188 183 174 169 162 157 156 155 153 151 150 151 151 153 155 155 156 153 148 148
-9999 -9999 -9999 -9999 -9999 -9999 -9999 -9999 -9999 -9999 -9999 -9999 -9999 -9999 -9999 390 388 384 380 380 388 388 392 397 394 391 385 389 385 385 388 380 377 381 379 378 380 375 374 372 372 384 386 391 393 388 383 380 381 365 350 339 331 313 298 280 258 245 231 221 213 213 213 214 219 220 220 214 210 216 220 216 205 202 194 189 182 179 178 167 160 156 155 155 154 153 152 153 152 154 152 152 153 155 155 156
-9999 -9999 -9999 -9999 -9999 -9999 -9999 -9999 -9999 -9999 -9999 -9999 -9999 -9999 384 388 380 377 409 383 391 389 397 397 394 389 392 389 387 385 384 382 381 380 382 380 379 377 377 377 376 377 379 380 385 382 384 378 368 356 345 339 325 311 297 285 273 255 236 223 217 210 208 210 211 213 212 210 209 215 219 211 199 193 187 185 180 180 173 164 159 156 154 153 153 154 154 154 154 157 160 157 162 162 165 171
-9999 -9999 -9999 -9999 -9999 -9999 -9999 -9999 -9999 -9999 -9999 -9999 -9999 -9999 -9999 -9999 -9999 -9999 -9999 -9999 -9999 -9999 -9999 395 393 387 391 391 387 386 385 385 381 378 374 378 380 379 378 383 380 377 381 386 386 385 388 382 375 366 350 338 325 308 289 276 263 249 239 228 213 201 203 208 209 211 209 204 204 207 215 209 202 191 187 182 180 177 170 162 158 155 153 153 154 155 155 154 156 160 164 162 167 168 168 171
-9999 -9999 -9999 -9999 -9999 -9999 -9999 -9999 -9999 -9999 -9999 -9999 -9999 -9999 -9999 -9999 -9999 -9999 -9999 -9999 -9999 -9999 -9999 -9999 392 389 387 387 387 388 385 380 382 382 381 381 381 380 378 378 378 381 386 386 383 384 385 371 365 356 341 328 318 302 290 279 266 250 243 230 218 210 210 211 210 205 201 197 199 199 204 202 195 189 187 184 177 173 169 162 160 156 154 154 155 157 159 158 159 163 165 166 159 156 163 176
-9999 -9999 -9999 -9999 -9999 -9999 -9999 -9999 -9999 -9999 -9999 -9999 -9999 -9999 -9999 -9999 -9999 -9999 -9999 -9999 -9999 -9999 -9999 -9999 -9999 -9999 -9999 387 389 388 384 385 384 383 382 381 382 379 379 379 378 377 376 376 373 371 370 363 354 341 330 321 309 299 290 281 270 256 243 232 224 218 217 216 212 203 195 191 190 190 194 195 191 187 185 178 175 171 166 164 161 157 156 157 158 160 162 164 166 167 169 171 166 161 173 185
-9999 -9999 -9999 -9999 -9999 -9999 -9999 -9999 -9999 -9999 -9999 -9999 -9999 -9999 -9999 -9999 -9999 -9999 -9999 -9999 -9999 -9999 -9999 -9999 -9999 -9999 -9999 383 389 384 384 383 381 385 385 381 382 380 380 380 378 377 375 372 369 365 358 353 347 334 324 314 302 298 287 276 267 260 249 238 232 229 224 218 210 203 194 186 180 183 188 189 187 184 182 180 178 173 169 165 162 160 160 160 162 164 168 171 170 171 175 176 175 170 176 193
-9999 -9999 -9999 -9999 -9999 -9999 -9999 -9999 -9999 -9999 -9999 -9999 -9999 -9999 -9999 -9999 -9999 -9999 -9999 -9999 -9999 -9999 -9999 -9999 -9999 -9999 -9999 -9999 -9999 -9999 -9999 -9999 -9999 381 380 381 382 381 381 378 372 375 375 372 368 364 359 350 342 333 323 310 306 296 287 278 269 263 252 244 242 239 232 221 212 204 195 186 180 181 182 183 185 184 182 178 175 172 171 168 166 164 163 163 164 168 174 181 180 173 178 180 177 177 186 200
-9999 -9999 -9999 -9999 -9999 -9999 -9999 -9999 -9999 -9999 -9999 -9999 -9999 -9999 -9999 -9999 -9999 -9999 -9999 -9999 -9999 -9999 -9999 -9999 -9999 -9999 -9999 -9999 -9999 -9999 -9999 -9999 -9999 -9999 -9999 374 376 375 375 375 376 377 375 372 368 363 358 350 342 334 326 317 310 305 290 281 274 267 258 252 247 245 237 225 220 212 205 196 190 186 187 183 182 182 182 180 179 176 175 175 171 167 166 167 168 172 178 182 180 177 180 187 185 181 186 210
-9999 -9999 -9999 -9999 -9999 -9999 -9999 -9999 -9999 -9999 -9999 -9999 -9999 -9999 -9999 -9999 -9999 -9999 -9999 -9999 -9999 -9999 -9999 -9999 -9999 -9999 -9999 -9999 -9999 -9999 -9999 -9999 -9999 -9999 -9999 -9999 -9999 -9999 371 376 379 377 375 371 367 364 357 351 345 337 328 319 312 304 296 287 280 272 264 257 251 245 235 229 222 217 210 207 202 196 190 187 186 183 182 182 183 183 182 181 180 176 173 172 170 172 175 176 179 181 184 185 187 181 182 200
-9999 -9999 -9999 -9999 -9999 -9999 -9999 -9999 -9999 -9999 -9999 -9999 -9999 -9999 -9999 -9999 -9999 -9999 -9999 -9999 -9999 -9999 -9999 -9999 -9999 -9999 -9999 -9999 -9999 -9999 -9999 -9999 -9999 -9999 -9999 -9999 -9999 -9999 -9999 -9999 367 369 373 370 366 362 357 352 347 341 333 324 315 307 300 292 284 276 269 261 254 249 240 232 225 222 221 216 212 207 201 194 190 188 188 186 187 189 189 186 183 181 179 176 176 177 177 176 178 180 180 178 178 174 173 189
-9999 -9999 -9999 -9999 -9999 -9999 -9999 -9999 -9999 -9999 -9999 -9999 -9999 -9999 -9999 -9999 -9999 -9999 -9999 -9999 -9999 -9999 -9999 -9999 -9999 -9999 -9999 -9999 -9999 -9999 -9999 -9999 -9999 -9999 -9999 -9999 -9999 -9999 -9999 -9999 -9999 -9999 368 367 366 363 358 351 348 343 337 329 320 311 304 296 289 283 275 264 257 252 242 236 229 222 221 224 224 222 214 207 200 193 190 193 196 195 194 192 192 189 186 185 183 178 176 174 174 175 173 172 170 167 168 174
-9999 -9999 -9999 -9999 -9999 -9999 -9999 -9999 -9999 -9999 -9999 -9999 -9999 -9999 -9999 -9999 -9999 -9999 -9999 -9999 -9999 -9999 -9999 -9999 -9999 -9999 -9999 -9999 -9999 -9999 -9999 -9999 -9999 -9999 -9999 -9999 -9999 -9999 -9999 -9999 -9999 -9999 -9999 369 375 367 364 356 350 345 340 333 326 318 309 302 294 286 277 268 259 254 246 236 226 222 221 223 228 232 229 222 212 202 200 203 208 208 208 208 207 203 200 195 189 185 178 172 174 171 170 167 166 163 161 166
-9999 -9999 -9999 -9999 -9999 -9999 -9999 -9999 -9999 -9999 -9999 -9999 -9999 -9999 -9999 -9999 -9999 -9999 -9999 -9999 -9999 -9999 -9999 -9999 -9999 -9999 -9999 -9999 -9999 -9999 -9999 -9999 -9999 -9999 -9999 -9999 -9999 -9999 -9999 -9999 -9999 -9999 -9999 -9999 374 367 368 368 356 350 343 337 331 324 316 308 301 293 284 274 264 255 244 235 224 218 218 221 227 233 235 230 222 214 212 215 218 222 225 226 229 224 218 212 202 198 186 170 167 165 168 161 158 157 156 152
-9999 -9999 -9999 -9999 -9999 -9999 -9999 -9999 -9999 -9999 -9999 -9999 -9999 -9999 -9999 -9999 -9999 -9999 -9999 -9999 -9999 -9999 -9999 -9999 -9999 -9999 -9999 -9999 -9999 -9999 -9999 -9999 -9999 -9999 -9999 -9999 -9999 -9999 -9999 -9999 -9999 -9999 -9999 -9999 -9999 -9999 353 365 364 360 354 343 336 332 325 317 310 303 293 282 270 259 247 236 225 221 223 228 234 241 246 244 235 230 229 232 237 243 248 252 252 245 236 222 211 198 186 172 168 162 154 149 151 150 154 145
-9999 -9999 -9999 -9999 -9999 -9999 -9999 -9999 -9999 -9999 -9999 -9999 -9999 -9999 -9999 -9999 -9999 -9999 -9999 -9999 -9999 -9999 -9999 -9999 -9999 -9999 -9999 -9999 -9999 -9999 -9999 -9999 -9999 -9999 -9999 -9999 -9999 -9999 -9999 -9999 -9999 -9999 -9999 -9999 -9999 -9999 -9999 365 374 378 367 352 344 341 335 326 317 310 301 290 278 267 254 244 233 227 231 236 242 247 250 248 246 242 244 248 254 265 270 275 275 264 250 238 218 202 192 178 173 157 143 139 143 148 164 147
-9999 -9999 -9999 -9999 -9999 -9999 -9999 -9999 -9999 -9999 -9999 -9999 -9999 -9999 -9999 -9999 -9999 -9999 -9999 -9999 -9999 -9999 -9999 -9999 -9999 -9999 -9999 -9999 -9999 -9999 -9999 -9999 -9999 -9999 -9999 -9999 -9999 -9999 -9999 -9999 -9999 -9999 -9999 -9999 -9999 -9999 -9999 -9999 353 370 374 368 358 353 347 337 327 318 310 299 288 277 266 255 247 241 241 244 248 250 254 253 250 249 254 261 268 279 289 299 293 275 261 247 228 210 199 182 165 164 128 120 125 142 162 151
-9999 -9999 -9999 -9999 -9999 -9999 -9999 -9999 -9999 -9999 -9999 -9999 -9999 -9999 -9999 -9999 -9999 -9999 -9999 -9999 -9999 -9999 -9999 -9999 -9999 -9999 -9999 -9999 -9999 -9999 -9999 -9999 -9999 -9999 -9999 -9999 -9999 -9999 -9999 -9999 -9999 -9999 -9999 -9999 -9999 -9999 -9999 -9999 -9999 357 377 382 376 364 357 348 338 329 321 311 301 290 280 270 263 257 255 257 256 257 255 259 256 258 261 275 283 294 304 314 304 282 266 255 244 223 204 186 181 174 125 109 116 124 168 147
-9999 -9999 -9999 -9999 -9999 -9999 -9999 -9999 -9999 -9999 -9999 -9999 -9999 -9999 -9999 -9999 -9999 -9999 -9999 -9999 -9999 -9999 -9999 -9999 -9999 -9999 -9999 -9999 -9999 -9999 -9999 -9999 -9999 -9999 -9999 -9999 -9999 -9999 -9999 -9999 -9999 -9999 -9999 -9999 -9999 -9999 -9999 -9999 -9999 -9999 -9999 375 379 369 363 360 350 342 334 325 315 305 294 286 278 273 268 267 264 263 262 262 262 267 269 276 288 300 307 309 299 283 265 259 246 216 200 188 211 193 132 112 120 144 146 183
-9999 -9999 -9999 -9999 -9999 -9999 -9999 -9999 -9999 -9999 -9999 -9999 -9999 -9999 -9999 -9999 -9999 -9999 -9999 -9999 -9999 -9999 -9999 -9999 -9999 -9999 -9999 -9999 -9999 -9999 -9999 -9999 -9999 -9999 -9999 -9999 -9999 -9999 -9999 -9999 -9999 -9999 -9999 -9999 -9999 -9999 -9999 -9999 -9999 -9999 -9999 -9999 378 379 374 376 370 360 350 341 331 321 311 302 295 288 280 275 274 272 272 272 272 270 272 276 279 285 293 294 286 272 257 249 230 210 189 180 193 201 161 114 121 146 128 153
-9999 -9999 -9999 -9999 -9999 -9999 -9999 -9999 -9999 -9999 -9999 -9999 -9999 -9999 -9999 -9999 -9999 -9999 -9999 -9999 -9999 -9999 -9999 -9999 -9999 -9999 -9999 -9999 -9999 -9999 -9999 -9999 -9999 -9999 -9999 -9999 -9999 -9999 -9999 -9999 -9999 -9999 -9999 -9999 -9999 -9999 -9999 -9999 -9999 -9999 -9999 -9999 -9999 396 392 401 398 387 373 360 348 338 328 319 312 304 295 285 281 280 278 275 271 269 273 273 274 274 277 274 260 257 248 239 223 206 197 206 200 200 160 132 115 129 141 129
-9999 -9999 -9999 -9999 -9999 -9999 -9999 -9999 -9999 -9999 -9999 -9999 -9999 -9999 -9999 -9999 -9999 -9999 -9999 -9999 -9999 -9999 -9999 -9999 -9999 -9999 -9999 -9999 -9999 -9999 -9999 -9999 -9999 -9999 -9999 -9999 -9999 -9999 -9999 -9999 -9999 -9999 -9999 -9999 -9999 -9999 -9999 -9999 -9999 -9999 -9999 -9999 -9999 -9999 -9999 399 398 392 396 382 365 355 346 337 328 319 308 296 289 285 280 274 272 270 270 272 274 273 266 259 253 245 240 228 222 211 206 220 230 190 165 165 137 128 131 117
-9999 -9999 -9999 -9999 -9999 -9999 -9999 -9999 -9999 -9999 -9999 -9999 -9999 -9999 -9999 -9999 -9999 -9999 -9999 -9999 -9999 -9999 -9999 -9999 -9999 -9999 -9999 -9999 -9999 -9999 -9999 -9999 -9999 -9999 -9999 -9999 -9999 -9999 -9999 -9999 -9999 -9999 -9999 -9999 -9999 -9999 -9999 -9999 -9999 -9999 -9999 -9999 -9999 -9999 -9999 -9999 -9999 -9999 391 401 391 375 363 353 345 335 323 308 296 290 283 279 273 270 267 265 265 260 257 252 244 236 229 224 230 214 204 198 199 184 168 164 182 155 156 147
-9999 -9999 -9999 -9999 -9999 -9999 -9999 -9999 -9999 -9999 -9999 -9999 -9999 -9999 -9999 -9999 -9999 -9999 -9999 -9999 -9999 -9999 -9999 -9999 -9999 -9999 -9999 -9999 -9999 -9999 -9999 -9999 -9999 -9999 -9999 -9999 -9999 -9999 -9999 -9999 -9999 -9999 -9999 -9999 -9999 -9999 -9999 -9999 -9999 -9999 -9999 -9999 -9999 -9999 -9999 -9999 -9999 -9999 -9999 402 410 397 382 373 364 351 338 322 308 301 293 284 277 272 265 261 259 259 255 246 241 239 236 231 226 211 208 192 194 207 198 184 181 200 168 183
-9999 -9999 -9999 -9999 -9999 -9999 -9999 -9999 -9999 -9999 -9999 -9999 -9999 -9999 -9999 -9999 -9999 -9999 -9999 -9999 -9999 -9999 -9999 -9999 -9999 -9999 -9999 -9999 -9999 -9999 -9999 -9999 -9999 -9999 -9999 -9999 -9999 -9999 -9999 -9999 -9999 -9999 -9999 -9999 -9999 -9999 -9999 -9999 -9999 -9999 -9999 -9999 -9999 -9999 -9999 -9999 -9999 -9999 -9999 -9999 417 413 402 393 386 370 353 339 324 309 298 286 276 268 262 257 252 254 253 250 248 244 235 226 216 208 202 194 191 203 216 186 183 199 204 186
-9999 -9999 -9999 -9999 -9999 -9999 -9999 -9999 -9999 -9999 -9999 -9999 -9999 -9999 -9999 -9999 -9999 -9999 -9999 -9999 -9999 -9999 -9999 -9999 -9999 -9999 -9999 -9999 -9999 -9999 -9999 -9999 -9999 -9999 -9999 -9999 -9999 -9999 -9999 -9999 -9999 -9999 -9999 -9999 -9999 -9999 -9999 -9999 -9999 -9999 -9999 -9999 -9999 -9999 -9999 -9999 -9999 -9999 -9999 -9999 430 428 421 413 407 391 372 353 337 319 308 296 280 264 257 249 246 245 248 248 246 241 236 232 228 225 214 206 200 190 188 184 184 193 216 192
-9999 -9999 -9999 -9999 -9999 -9999 -9999 -9999 -9999 -9999 -9999 -9999 -9999 -9999 -9999 -9999 -9999 -9999 -9999 -9999 -9999 -9999 -9999 -9999 -9999 -9999 -9999 -9999 -9999 -9999 -9999 -9999 -9999 -9999 -9999 -9999 -9999 -9999 -9999 -9999 -9999 -9999 -9999 -9999 -9999 -9999 -9999 -9999 -9999 -9999 -9999 -9999 -9999 -9999 -9999 -9999 -9999 -9999 -9999 -9999 453 451 442 433 427 410 391 369 350 332 315 300 283 267 253 244 242 242 240 239 239 237 239 236 236 234 229 221 220 216 199 197 203 200 196 189
-9999 -9999 -9999 -9999 -9999 -9999 -9999 -9999 -9999 -9999 -9999 -9999 -9999 -9999 -9999 -9999 -9999 -9999 -9999 -9999 -9999 -9999 -9999 390 384 382 370 369 360 -9999 -9999 -9999 -9999 -9999 -9999 -9999 -9999 -9999 -9999 -9999 -9999 -9999 -9999 -9999 -9999 -9999 -9999 -9999 -9999 -9999 -9999 -9999 -9999 -9999 -9999 -9999 -9999 -9999 -9999 -9999 474 474 462 455 448 430 407 382 358 337 317 302 284 266 252 242 235 230 228 227 227 229 239 234 234 232 230 229 223 212 206 207 217 219 200 199
-9999 -9999 -9999 -9999 -9999 -9999 -9999 -9999 -9999 -9999 -9999 -9999 -9999 -9999 -9999 -9999 -9999 -9999 -9999 -9999 -9999 404 404 402 396 390 382 373 359 346 340 327 317 -9999 -9999 -9999 292 288 287 -9999 -9999 -9999 -9999 -9999 -9999 -9999 -9999 -9999 -9999 -9999 -9999 -9999 -9999 -9999 -9999 -9999 -9999 -9999 -9999 -9999 486 484 480 477 467 448 418 388 361 337 316 299 283 265 252 242 234 232 226 219 220 227 232 232 234 235 237 232 219 216 218 217 214 209 208 210
-9999 -9999 -9999 -9999 -9999 -9999 -9999 -9999 -9999 -9999 -9999 -9999 -9999 -9999 -9999 -9999 -9999 -9999 -9999 -9999 416 418 419 429 450 430 411 388 364 346 335 328 319 308 296 289 292 290 287 287 291 288 290 312 321 -9999 -9999 -9999 -9999 -9999 -9999 -9999 -9999 -9999 -9999 -9999 -9999 -9999 -9999 -9999 480 477 481 492 480 456 422 391 362 337 314 294 280 265 251 241 233 226 224 215 215 222 230 239 243 245 250 249 245 235 223 217 215 214 218 222
-9999 -9999 -9999 -9999 -9999 -9999 -9999 -9999 -9999 -9999 -9999 -9999 -9999 -9999 -9999 -9999 -9999 -9999 414 424 431 435 460 482 494 506 479 432 383 356 347 335 325 316 310 297 295 290 284 284 282 282 289 303 315 -9999 339 360 385 413 440 454 483 515 528 532 520 496 497 496 486 468 484 499 480 459 424 390 361 336 313 292 274 263 250 240 232 223 218 212 208 220 235 247 248 249 255 258 253 238 219 213 209 215 221 228
-9999 -9999 -9999 -9999 -9999 -9999 -9999 -9999 -9999 -9999 -9999 -9999 -9999 -9999 -9999 -9999 405 415 434 454 460 473 488 533 544 537 536 478 425 402 417 382 374 356 332 303 297 287 291 284 285 285 292 303 305 317 337 361 388 414 440 464 489 518 550 546 533 511 514 512 509 502 506 496 476 446 414 382 351 328 311 292 269 258 246 239 230 222 220 211 212 222 235 248 264 268 261 250 237 221 206 204 205 209 215 217
-9999 -9999 -9999 -9999 -9999 -9999 -9999 -9999 -9999 -9999 -9999 -9999 -9999 -9999 -9999 401 414 442 493 520 557 558 529 566 575 531 495 473 452 458 412 425 384 358 352 330 316 285 291 291 304 303 355 347 315 319 331 347 367 389 412 433 457 489 516 512 502 504 510 519 525 529 517 500 469 434 400 368 340 315 296 288 268 257 251 243 232 226 216 212 215 221 232 245 248 251 240 224 213 203 198 197 196 200 202 204
-9999 -9999 -9999 -9999 -9999 -9999 -9999 -9999 -9999 -9999 -9999 -9999 -9999 -9999 -9999 408 437 506 569 620 644 632 623 618 598 546 498 486 482 460 418 442 404 438 428 415 358 322 336 359 341 332 363 358 317 349 335 330 342 360 375 385 405 427 436 434 437 443 456 473 486 493 486 473 449 430 392 367 352 337 319 295 289 273 269 251 237 226 222 221 217 220 226 236 242 241 242 227 212 200 190 186 187 188 190 191
-9999 -9999 -9999 -9999 -9999 -9999 -9999 -9999 -9999 -9999 -9999 -9999 -9999 -9999 -9999 418 442 548 610 640 654 670 651 620 606 568 509 471 483 443 454 481 456 446 437 422 375 355 328 326 302 306 312 351 326 316 311 304 312 321 331 343 355 364 369 367 367 379 394 414 434 455 456 437 419 403 394 412 375 395 405 355 403 375 330 305 303 301 269 241 268 235 247 235 236 230 236 226 209 195 178 175 175 176 179 180
-9999 -9999 -9999 -9999 -9999 -9999 -9999 -9999 -9999 -9999 -9999 -9999 -9999 -9999 -9999 439 459 522 611 671 674 688 680 660 636 570 534 494 524 506 498 431 376 407 397 357 302 279 250 248 250 254 261 268 266 263 266 275 281 288 300 302 312 315 310 309 317 324 339 352 373 402 416 399 376 359 345 350 381 413 424 431 427 396 397 364 342 386 374 333 339 299 285 291 271 257 229 203 186 173 167 165 165 166 167 168
