resultados/variables_proyeccion_tiempo/variables_paleo_21k/bio13.asc
ncols 330
nrows 228
xllcorner -12.000000
yllcorner 34.000000
cellsize 0.166667
NODATA_value -9999
[rows 106 to 158 of 228, columns 192 to 287 of 330]
95 96 97 95 94 93 91 92 93 94 95 95 96 97 97 97 97 95 95 95 95 96 95 95 95 95 96 96 96 95 95 95 95 95 94 93 93 91 90 90 89 89 90 88 90 91 90 89 87 87 86 86 86 85 84 84 83 82 81 80 79 77 76 75 74 73 72 73 73 73 73 74 73 73 73 72 72 72 71 70 70 69 68 68 68 67 67 66 66 67 67 67 66 66 66 66
93 94 93 94 94 93 92 93 94 95 95 95 96 95 96 95 94 93 93 93 94 95 94 94 94 95 96 96 96 96 96 95 95 94 93 92 91 90 89 91 91 91 92 91 91 91 91 89 88 87 86 86 85 84 84 84 83 82 80 79 78 77 75 74 73 73 72 73 73 72 73 72 72 73 72 72 72 71 70 70 69 68 67 67 67 66 66 66 66 66 66 66 66 66 65 65
95 95 95 95 94 94 95 95 95 94 94 95 94 94 93 93 93 92 92 93 94 94 94 94 94 95 95 96 96 96 96 95 95 93 93 91 91 90 90 90 91 92 93 92 92 91 91 89 88 87 86 86 85 84 84 83 82 81 80 79 77 76 75 73 73 72 72 72 72 72 72 71 72 72 72 71 71 70 69 70 68 67 66 66 66 66 65 65 65 65 65 65 65 65 65 66
95 96 96 95 94 94 94 94 94 93 93 93 93 93 92 92 91 91 91 92 93 94 95 93 93 94 95 96 96 95 95 94 94 93 94 92 91 90 90 91 92 93 92 92 91 91 90 88 87 86 86 86 85 84 84 83 82 81 79 78 77 75 74 73 72 72 71 72 71 71 71 71 71 71 70 70 70 70 68 68 68 66 65 65 64 64 64 64 64 64 65 64 65 64 65 65
97 98 96 95 94 94 94 93 93 93 92 92 93 93 92 91 91 91 92 94 94 94 94 94 93 93 94 95 96 96 95 94 94 94 95 94 92 90 91 91 91 92 91 90 90 89 89 88 86 86 86 85 85 84 84 83 82 80 79 78 77 75 74 73 72 72 71 71 71 70 70 70 70 70 70 69 69 68 68 68 67 66 64 64 64 63 63 63 64 64 64 64 64 64 65 65
96 96 96 95 93 93 92 92 92 91 91 91 92 92 91 91 92 92 92 93 93 94 94 93 92 93 93 94 94 94 95 95 96 94 94 94 92 91 92 92 91 92 90 90 90 89 88 88 86 86 86 85 85 84 83 82 82 81 79 78 77 75 75 73 72 72 71 70 70 70 70 70 69 69 68 68 68 67 67 66 66 65 64 63 62 62 62 62 63 63 63 63 64 64 64 64
94 94 95 94 93 92 91 90 90 90 90 90 90 91 90 90 90 91 92 92 93 93 93 93 94 94 94 95 94 95 95 95 96 95 94 93 93 92 93 92 92 92 91 91 90 89 88 88 87 86 85 85 85 84 83 82 82 80 79 78 77 76 75 74 72 71 71 70 70 69 69 69 68 68 68 67 67 67 66 66 65 64 64 63 62 61 61 62 62 62 62 63 64 64 64 64
93 93 93 93 92 91 90 89 89 88 89 89 89 89 89 90 90 90 91 92 92 92 93 92 93 94 94 95 95 95 96 95 95 95 94 93 92 92 94 93 93 92 92 91 90 88 88 88 87 87 86 86 85 84 83 82 82 81 79 78 77 76 75 74 72 71 71 70 69 69 68 68 68 68 67 67 67 66 66 65 65 64 63 62 61 61 61 62 62 62 62 63 63 63 63 63
92 92 92 91 91 90 89 88 88 88 88 88 88 88 89 90 90 90 91 91 92 92 92 92 93 94 94 94 94 94 94 94 94 94 94 93 93 93 94 93 93 92 91 91 90 89 88 87 87 87 86 86 85 85 84 83 82 81 80 78 77 76 75 74 73 71 71 70 69 68 68 68 67 67 67 67 66 66 66 65 64 63 62 62 61 62 62 61 61 62 62 63 62 63 62 62
92 92 91 90 89 89 88 87 87 87 87 87 87 87 88 89 90 90 91 91 92 92 92 92 92 92 93 92 93 93 93 93 93 93 94 93 93 93 94 94 93 93 92 91 90 89 88 87 87 87 86 86 86 85 84 83 82 82 80 79 78 77 76 74 73 71 70 69 68 68 67 67 67 67 66 66 66 66 65 64 64 63 62 62 61 62 61 61 62 62 62 62 62 62 62 62
93 92 91 89 88 88 87 87 86 86 86 86 87 87 87 88 90 91 91 92 92 91 91 92 92 92 91 92 92 91 92 91 92 93 93 94 94 94 94 94 93 93 92 91 90 89 88 88 88 87 87 86 86 85 85 84 83 82 81 79 78 77 76 74 74 72 70 69 68 68 67 67 67 67 66 66 66 64 64 64 64 63 62 61 62 62 61 61 62 62 62 62 62 62 62 62
92 91 90 88 87 86 86 86 85 86 86 87 88 88 88 88 90 91 92 92 91 90 90 90 90 90 90 90 90 91 90 90 91 92 93 94 94 95 95 95 94 93 93 92 91 90 89 88 88 88 88 87 86 85 85 84 84 83 81 80 79 77 76 75 74 73 70 69 68 68 67 67 67 66 65 65 66 65 64 64 63 63 62 62 62 62 61 61 62 62 62 62 62 62 62 62
92 91 90 89 87 87 86 86 87 88 88 88 89 89 88 88 89 91 91 90 89 88 89 89 89 89 89 89 90 89 90 90 90 92 93 94 95 95 95 94 95 94 93 92 91 90 89 89 89 88 88 88 87 86 85 85 84 83 82 81 79 77 76 74 73 72 70 70 68 68 67 67 66 66 65 65 65 65 65 64 63 63 62 62 63 62 62 62 61 62 62 62 61 62 62 62
92 92 92 90 89 88 87 86 87 87 88 88 89 90 88 88 89 91 91 90 87 86 86 87 87 87 88 88 88 89 88 88 89 90 91 93 94 95 95 95 94 94 93 92 91 90 89 89 89 89 88 88 87 87 86 85 84 83 82 81 79 78 76 75 73 72 71 70 69 68 67 66 66 66 66 65 65 65 65 64 63 64 63 63 63 63 62 62 62 61 61 61 61 61 62 62
95 94 95 94 92 90 89 87 88 88 88 89 89 88 87 88 89 90 90 88 85 83 84 85 86 86 87 88 88 87 88 87 87 89 90 91 93 94 94 95 95 94 94 93 91 90 90 90 89 89 89 89 88 88 87 86 85 83 82 80 79 78 76 75 73 72 71 70 69 68 67 66 66 66 66 65 65 66 65 64 63 64 64 63 63 63 63 63 62 62 61 61 61 62 62 62
96 95 94 94 93 92 90 89 88 88 88 88 88 87 87 87 87 88 87 85 83 81 82 83 84 85 86 87 87 87 87 87 86 87 88 90 91 93 94 95 95 95 94 93 92 91 90 90 90 90 90 89 88 88 87 86 84 83 82 80 79 78 76 75 74 73 71 70 69 68 67 66 66 66 66 66 65 66 65 64 64 64 64 64 64 63 63 63 62 62 61 61 61 61 61 61
97 96 95 94 94 92 92 91 90 88 88 87 87 87 86 87 87 86 85 83 80 79 80 82 84 85 86 86 87 87 87 86 86 85 86 88 89 91 93 94 95 95 94 94 92 91 91 90 91 90 90 90 89 88 87 86 85 83 82 80 79 78 76 75 74 73 71 70 69 68 68 67 66 66 66 65 65 65 65 64 65 65 65 64 63 63 63 63 62 62 62 62 62 61 61 61
98 97 97 97 95 94 93 92 92 91 89 88 88 88 87 87 86 85 84 83 80 80 80 82 84 85 86 86 86 86 86 85 85 85 85 85 87 90 92 94 95 95 94 94 93 92 91 91 92 93 92 91 90 89 88 86 85 84 82 80 78 78 76 74 74 73 72 70 69 68 67 67 66 65 66 66 65 65 65 65 65 65 64 64 64 64 64 63 63 62 62 62 62 62 62 61
98 99 100 101 99 96 95 94 92 91 89 89 89 90 89 88 87 85 84 83 82 81 81 83 84 85 86 86 86 86 85 84 84 84 84 84 85 87 90 93 94 95 95 94 93 92 92 92 92 92 92 91 90 89 87 86 84 83 82 80 79 77 75 74 73 72 71 70 69 68 67 67 66 66 66 66 66 66 65 65 65 65 65 64 64 64 64 64 63 63 62 62 62 62 62 62
100 100 101 103 103 100 97 96 94 92 90 90 90 90 89 88 88 86 84 84 84 83 82 83 84 85 86 86 86 85 85 84 83 83 83 83 84 85 88 91 93 94 95 94 94 93 93 93 92 92 91 91 90 88 88 86 85 83 82 80 79 77 75 74 73 72 71 70 68 68 67 67 66 66 66 66 66 66 66 67 67 66 66 65 65 64 64 64 64 64 63 62 62 61 61 61
100 101 102 103 104 104 100 98 95 92 91 90 91 91 90 90 89 87 86 85 85 85 84 84 85 85 86 86 86 85 84 83 82 83 83 83 84 85 86 89 91 93 95 95 94 94 93 93 93 92 92 91 90 89 87 86 84 83 82 80 79 77 75 74 73 72 71 70 69 67 67 66 66 66 66 66 67 67 67 67 67 67 66 66 65 65 64 64 64 63 63 63 62 62 62 62
101 101 101 101 102 102 102 100 97 93 91 89 90 90 90 90 89 87 86 85 85 85 85 85 85 86 86 86 86 85 84 83 82 82 83 83 84 85 87 89 92 94 95 95 94 94 94 94 93 92 91 90 89 88 87 85 84 82 81 80 79 77 75 74 73 72 70 69 69 68 67 66 66 66 67 67 67 67 67 67 67 66 66 65 65 65 65 64 63 63 63 63 62 62 62 62
102 101 100 101 101 100 99 97 94 91 89 88 88 88 88 88 88 88 88 87 87 86 85 86 86 86 86 87 86 85 84 83 82 82 83 83 84 86 88 90 92 95 96 96 95 95 94 94 93 93 91 90 89 88 86 85 84 82 81 80 78 76 76 74 73 71 70 69 68 67 66 66 66 66 66 66 66 66 67 67 66 66 66 65 65 64 64 64 64 63 63 62 62 61 61 61
103 102 102 100 100 99 96 95 92 91 90 89 89 88 88 88 87 86 86 88 88 87 86 87 87 87 87 87 86 85 84 83 83 84 83 85 86 87 89 91 94 96 97 97 96 95 94 94 93 92 91 90 89 87 86 85 83 83 81 80 78 77 76 74 73 72 70 69 67 66 66 65 65 66 66 66 67 67 67 66 66 65 65 64 64 63 64 63 63 62 62 61 61 60 60 60
101 101 100 100 98 97 96 95 93 92 91 91 90 89 88 87 88 87 86 87 89 88 87 87 87 87 87 87 86 85 84 84 84 84 84 86 88 89 90 92 95 97 100 99 97 96 94 93 93 91 90 89 88 87 85 84 83 82 80 79 78 77 76 74 72 71 70 69 67 66 65 65 66 66 66 66 66 66 66 65 65 65 64 63 63 63 63 63 62 61 61 61 61 60 60 59
99 99 99 99 99 98 99 97 95 94 92 91 90 89 88 88 87 87 87 88 88 91 90 89 89 88 87 87 86 86 85 86 86 86 87 88 88 90 92 94 96 98 101 99 97 96 94 93 92 91 89 89 88 86 85 85 83 81 80 80 78 77 76 75 73 72 70 68 67 66 66 66 66 66 66 66 66 66 65 65 64 64 62 62 62 62 62 62 61 61 61 60 60 59 59 58
105 102 104 104 102 102 102 99 98 97 95 93 93 93 91 91 89 88 87 87 88 90 92 92 90 89 88 88 87 88 89 89 89 88 89 88 89 90 92 94 96 98 99 98 97 95 93 93 91 90 89 88 87 86 85 84 82 81 81 80 78 77 76 75 74 72 71 69 68 67 66 67 67 67 67 66 66 66 65 65 64 62 62 61 62 62 62 62 60 60 60 60 60 59 58 58
120 117 114 109 107 105 103 99 96 95 94 94 94 93 92 93 91 89 89 89 89 89 90 92 92 90 90 90 91 91 91 90 89 89 89 90 91 92 93 95 96 97 97 97 96 95 93 92 91 90 88 87 87 85 84 83 82 82 80 79 78 77 75 74 73 71 70 69 69 68 67 67 68 67 67 66 66 65 65 64 63 62 61 61 61 61 61 60 60 60 59 59 59 58 57 57
139 135 117 107 109 112 108 107 102 98 96 94 92 93 96 98 93 91 90 90 89 89 89 90 93 92 92 91 92 91 91 90 89 89 89 91 91 92 93 95 96 97 97 96 96 94 92 91 89 87 87 87 86 85 84 83 82 81 80 79 78 77 76 74 72 72 71 70 68 67 67 67 67 67 67 67 65 65 64 63 62 62 61 60 60 60 60 60 59 59 59 58 58 58 58 57
133 122 114 120 114 117 112 107 102 99 100 101 98 95 95 98 99 97 94 92 90 89 90 89 89 89 90 91 91 91 91 90 89 89 89 90 92 92 93 94 95 96 96 95 94 92 91 90 88 87 85 85 84 84 84 83 82 81 80 79 79 77 76 75 73 72 70 69 68 67 68 68 67 66 66 66 65 64 64 63 62 61 60 59 59 58 58 58 58 58 58 58 59 58 58 59
167 149 110 112 110 108 109 99 92 90 92 94 100 104 101 101 101 100 101 100 98 93 90 90 89 89 89 89 90 92 91 91 90 90 90 90 91 92 93 94 95 95 95 95 94 94 91 89 87 86 84 83 83 83 82 82 82 81 80 80 79 77 76 75 73 72 70 69 68 68 67 66 67 67 66 66 65 64 63 62 61 60 59 58 58 57 57 57 58 58 58 58 59 59 60 60
141 106 94 107 105 103 96 92 90 86 86 87 90 95 102 105 107 103 102 107 103 98 95 92 92 90 89 90 90 90 91 91 91 91 90 90 90 91 93 93 94 95 94 95 94 92 91 88 86 84 83 82 82 82 82 81 81 81 80 80 78 77 76 75 72 70 70 69 68 67 67 67 68 68 67 66 65 64 63 62 60 59 58 58 57 56 56 56 57 57 58 58 59 60 60 61
134 114 98 91 94 95 93 86 96 85 80 83 90 92 87 93 100 106 103 106 104 108 104 97 94 92 92 91 90 90 89 90 90 91 90 90 91 91 92 93 94 94 93 94 94 93 92 90 86 84 83 82 81 81 81 81 80 80 80 79 79 78 76 73 71 69 68 67 67 67 67 67 67 67 67 67 66 65 64 62 61 59 58 58 57 56 56 57 58 58 59 60 60 60 62 62
99 98 86 97 95 93 91 82 82 87 77 77 77 82 88 88 95 99 98 104 105 108 111 111 103 98 94 91 90 89 89 88 90 89 90 90 90 90 91 91 93 94 93 93 93 93 91 89 87 83 83 82 81 80 79 79 79 79 79 79 79 77 74 72 69 68 67 66 65 65 65 66 66 67 67 67 66 64 63 63 62 61 61 59 58 57 57 57 57 58 58 59 60 61 62 62
81 76 79 80 81 78 78 77 84 79 75 75 75 75 80 84 90 90 94 105 101 106 112 116 114 108 101 96 93 90 89 89 89 90 90 90 90 90 90 90 91 92 92 92 91 91 91 90 86 84 82 81 81 80 80 79 79 78 78 77 77 75 73 70 68 68 66 65 65 65 65 65 65 65 66 66 65 64 62 61 62 62 61 61 60 59 58 58 57 58 58 58 59 60 61 62
72 71 73 74 74 75 77 79 84 78 76 75 75 75 75 76 78 85 93 89 100 101 110 112 112 111 112 103 100 93 90 88 88 89 89 91 92 91 90 89 90 91 92 92 92 91 90 89 86 83 81 81 80 80 79 78 78 77 76 76 75 73 71 68 66 65 65 65 64 63 63 63 64 64 63 64 64 63 62 61 61 61 61 61 60 60 59 59 59 59 59 60 61 62 62 62
69 69 71 71 71 73 74 78 78 74 74 73 73 74 74 75 76 78 80 88 87 96 101 104 113 112 107 108 108 101 96 93 92 92 92 90 89 88 88 88 88 89 90 90 91 90 89 88 85 82 80 79 79 79 78 77 77 77 76 74 73 71 69 66 65 64 64 63 63 63 63 62 62 62 62 62 62 62 61 60 60 60 60 60 60 59 59 59 59 60 60 59 60 61 62 62
69 70 77 79 71 70 72 73 75 74 74 73 74 74 74 74 75 76 79 86 86 88 91 94 101 103 108 116 107 101 101 102 97 93 93 93 91 89 88 87 87 87 87 89 89 89 88 87 84 83 80 77 76 77 77 77 76 75 74 73 72 70 67 64 62 62 62 62 62 62 62 61 61 60 60 60 61 60 59 59 59 58 59 59 58 58 59 58 59 60 59 59 60 61 62 62
69 66 69 70 68 68 70 72 72 72 72 73 73 74 73 73 74 74 77 82 88 99 97 90 94 102 110 112 113 107 105 104 102 97 94 92 91 89 86 85 85 85 86 86 87 87 86 85 83 82 81 79 76 75 74 75 75 74 73 72 71 69 66 62 60 60 59 60 60 59 60 60 59 58 58 59 59 59 58 57 57 57 57 57 57 57 57 58 59 59 58 57 58 59 61 62
62 63 64 65 66 67 68 70 70 71 72 73 74 73 73 73 73 74 77 80 90 96 101 96 93 91 96 104 109 114 110 107 104 102 98 91 89 89 86 84 83 84 84 83 85 85 85 84 83 81 79 78 77 74 73 73 73 73 72 71 70 68 66 62 60 58 58 57 58 58 58 57 57 57 57 57 57 57 57 57 57 56 56 56 55 55 56 56 56 58 57 55 56 58 60 62
60 61 62 64 64 66 67 68 68 69 70 72 72 73 73 73 73 76 80 81 82 85 90 94 97 100 97 109 111 114 109 105 102 98 96 92 88 86 85 83 83 81 81 82 82 84 84 83 81 79 77 75 74 73 71 71 71 71 71 69 68 66 64 61 58 57 57 55 56 56 56 56 56 56 55 56 56 56 56 56 56 56 56 55 54 55 54 53 55 56 55 55 56 58 59 61
60 60 61 63 64 65 66 66 67 68 70 71 72 73 74 75 76 76 78 79 83 85 87 87 88 92 91 99 96 99 104 102 103 103 97 94 88 84 83 82 83 80 79 79 81 82 83 82 82 79 77 74 72 71 69 69 69 70 68 68 66 64 62 60 58 56 55 54 54 54 55 55 54 54 55 55 55 55 55 54 55 55 54 54 54 53 53 53 53 54 54 55 55 57 59 61
59 60 61 62 63 65 65 66 67 68 70 71 73 75 77 76 77 76 78 78 80 80 80 82 81 81 83 85 92 98 102 105 104 104 98 98 92 86 80 79 78 78 76 78 80 82 81 81 82 79 77 74 72 70 68 67 67 68 66 66 64 62 61 59 56 55 54 54 54 54 53 53 54 54 54 54 54 54 54 54 54 54 54 53 53 53 52 52 52 53 54 54 56 56 58 60
59 60 61 62 63 64 65 66 68 69 71 74 75 77 82 84 82 81 80 77 78 79 78 76 80 78 80 82 96 103 105 110 102 101 101 91 91 88 80 77 75 74 75 78 80 82 82 79 78 78 77 74 70 69 67 66 65 66 65 64 63 61 58 57 55 54 53 52 52 52 52 52 53 53 53 53 53 53 53 53 53 52 52 52 52 52 51 51 51 52 52 53 54 54 56 58
59 60 61 62 63 64 65 66 67 69 72 75 78 80 88 87 90 86 81 79 79 77 74 76 77 78 78 81 83 89 95 97 91 98 95 94 87 84 77 75 74 71 75 76 78 80 80 80 75 75 74 73 70 67 67 66 64 63 64 62 62 59 56 55 54 52 51 51 50 51 51 51 51 52 52 52 52 52 52 52 51 52 51 51 51 50 49 49 50 50 51 51 52 53 54 56
59 60 61 62 63 64 65 67 68 69 72 73 75 76 81 101 112 99 95 88 79 77 74 75 76 77 78 78 79 84 96 102 89 93 101 96 95 92 80 72 72 69 73 75 76 76 77 78 74 72 72 71 70 68 66 66 64 62 61 60 59 57 54 52 50 50 49 49 49 49 50 50 50 50 51 51 51 50 50 50 50 50 50 49 49 48 48 47 48 48 48 49 50 51 52 53
60 60 61 62 63 64 65 67 68 70 71 73 81 90 80 93 114 111 114 110 91 81 75 74 76 77 77 77 79 82 86 96 97 94 88 96 95 94 86 74 72 68 71 74 74 76 74 75 73 70 70 70 68 68 66 65 65 63 61 58 56 54 52 50 48 48 48 48 47 48 48 48 48 48 49 49 49 49 49 49 49 49 48 48 48 47 47 46 46 46 47 47 48 50 50 50
60 60 61 62 64 64 66 68 69 70 72 74 76 84 89 92 110 100 103 102 92 85 75 75 76 76 77 78 78 81 83 87 86 101 85 92 97 90 80 77 73 70 70 72 73 73 72 72 70 69 70 68 68 66 66 64 64 62 61 58 53 51 50 48 46 45 45 45 45 46 46 46 47 47 48 48 48 48 48 48 48 48 47 46 47 47 46 45 44 45 45 46 47 47 47 48
60 61 62 63 64 66 66 68 70 72 79 79 84 83 86 83 90 94 97 103 97 82 75 76 77 78 79 79 80 81 82 82 84 88 96 85 91 97 86 76 71 72 69 70 71 70 71 71 68 68 69 67 66 65 64 62 62 61 59 55 53 49 47 46 44 44 44 44 44 44 45 45 46 46 46 46 46 47 47 47 46 46 46 46 47 48 47 45 43 42 44 45 46 46 46 47
62 62 63 64 64 66 68 69 71 74 78 79 81 85 86 90 86 88 92 92 88 77 78 79 80 81 82 84 84 85 84 81 83 81 86 92 87 87 92 86 78 76 70 68 68 69 70 70 66 68 68 64 64 64 62 61 59 58 56 53 50 47 45 43 43 42 42 42 43 44 44 44 44 44 44 44 44 45 45 46 45 45 45 47 49 49 49 46 44 42 43 43 44 44 45 46
63 63 64 65 66 66 67 70 72 76 77 78 79 81 84 84 85 82 86 81 81 82 81 83 84 86 85 85 85 85 83 83 89 84 89 86 82 90 100 91 79 76 71 68 67 68 69 68 65 66 65 63 63 62 59 58 56 55 53 49 46 44 42 42 42 42 42 42 42 43 43 43 43 43 43 43 43 44 44 44 43 44 46 48 50 52 52 49 46 44 43 43 43 44 45 46
65 65 65 66 67 67 68 69 71 74 75 78 81 91 103 109 98 84 83 92 103 104 106 97 89 85 85 87 88 87 88 88 88 83 84 89 89 101 108 98 84 78 70 66 66 66 66 66 63 65 63 62 61 59 56 54 52 50 47 45 42 41 40 40 41 41 41 41 41 41 42 42 42 43 43 43 43 44 43 43 43 44 47 49 52 55 55 51 48 45 44 44 44 45 45 46
66 66 67 68 68 69 70 71 73 76 79 80 82 98 103 106 98 89 95 109 123 122 127 122 114 97 110 121 124 122 117 109 96 106 103 107 102 102 102 97 86 76 70 66 65 64 65 64 62 63 61 60 59 56 54 50 47 44 42 40 39 38 39 39 40 40 41 42 42 42 42 42 43 43 43 44 44 44 43 43 44 46 50 54 58 57 54 51 48 45 44 44 44 44 45 46
