resultados/variables_proyeccion_tiempo/variables_paleo_21k/bio10.asc
ncols 330
nrows 228
xllcorner -12.000000
yllcorner 34.000000
cellsize 0.166667
NODATA_value -9999
[rows 100 to 149 of 228, columns 96 to 191 of 330]
-95 -95 -94 -94 -95 -94 -94 -94 -93 -93 -92 -92 -91 -90 -89 -89 -88 -87 -87 -86 -85 -84 -84 -83 -82 -81 -82 -84 -86 -89 -90 -90 -88 -85 -81 -80 -80 -78 -77 -76 -72 -66 -64 -63 -62 -60 -58 -58 -56 -52 -51 -49 -50 -52 -52 -53 -54 -55 -56 -56 -57 -63 -67 -70 -76 -78 -77 -77 -76 -74 -74 -74 -74 -74 -76 -76 -77 -78 -80 -83 -86 -89 -92 -94 -95 -96 -96 -97 -97 -98 -98 -98 -98 -98 -99 -100
-91 -91 -90 -91 -91 -91 -91 -90 -90 -89 -89 -88 -87 -86 -86 -85 -84 -83 -82 -81 -80 -80 -79 -79 -78 -76 -78 -81 -83 -85 -87 -87 -85 -81 -78 -76 -75 -74 -73 -72 -68 -65 -61 -59 -58 -56 -56 -55 -54 -51 -50 -49 -48 -49 -50 -51 -52 -52 -53 -56 -58 -59 -62 -68 -76 -81 -83 -76 -74 -74 -73 -72 -72 -72 -73 -74 -74 -77 -79 -82 -86 -89 -91 -93 -94 -94 -94 -94 -93 -94 -94 -94 -94 -94 -95 -96
-86 -87 -87 -87 -87 -87 -86 -86 -86 -86 -85 -84 -84 -83 -82 -81 -80 -79 -78 -77 -76 -76 -75 -74 -73 -73 -75 -77 -80 -82 -82 -81 -80 -77 -75 -73 -71 -69 -68 -66 -65 -62 -60 -58 -57 -55 -53 -53 -53 -51 -48 -47 -46 -47 -48 -50 -51 -51 -53 -56 -58 -57 -57 -64 -70 -73 -75 -74 -72 -71 -70 -70 -71 -71 -72 -72 -71 -72 -75 -80 -84 -87 -88 -90 -92 -93 -93 -92 -90 -89 -89 -88 -88 -89 -90 -93
-83 -83 -83 -83 -83 -83 -83 -83 -82 -82 -81 -80 -80 -79 -78 -77 -76 -75 -74 -73 -72 -71 -71 -70 -70 -71 -72 -73 -76 -78 -77 -76 -74 -73 -71 -69 -67 -65 -64 -63 -61 -59 -58 -56 -54 -53 -51 -50 -48 -46 -45 -44 -44 -45 -46 -48 -49 -50 -52 -53 -55 -55 -55 -59 -63 -66 -67 -67 -67 -66 -67 -68 -69 -69 -68 -66 -64 -65 -70 -76 -82 -86 -89 -91 -92 -93 -92 -90 -89 -86 -84 -83 -82 -82 -85 -86
-79 -79 -80 -80 -80 -79 -79 -79 -78 -78 -77 -77 -76 -75 -74 -73 -72 -70 -69 -68 -68 -67 -66 -67 -67 -67 -69 -70 -72 -72 -72 -70 -67 -66 -66 -66 -64 -62 -60 -58 -57 -56 -55 -52 -50 -49 -47 -46 -44 -43 -43 -43 -43 -43 -45 -46 -47 -50 -49 -49 -51 -53 -52 -54 -58 -61 -62 -61 -60 -60 -62 -64 -66 -67 -66 -64 -61 -62 -68 -73 -78 -80 -83 -89 -90 -94 -91 -86 -84 -83 -80 -78 -77 -76 -78 -80
-76 -75 -76 -76 -76 -76 -76 -75 -74 -74 -74 -73 -72 -72 -70 -69 -68 -67 -65 -64 -63 -63 -62 -62 -63 -64 -65 -66 -66 -67 -66 -65 -62 -62 -62 -63 -63 -60 -58 -56 -54 -53 -51 -49 -47 -44 -43 -41 -41 -40 -41 -42 -42 -42 -43 -44 -46 -46 -45 -45 -46 -48 -48 -49 -52 -55 -55 -54 -53 -53 -56 -61 -65 -66 -66 -63 -61 -61 -64 -70 -74 -78 -82 -88 -91 -95 -96 -91 -83 -79 -76 -74 -73 -72 -73 -74
-72 -72 -72 -72 -72 -72 -72 -72 -71 -71 -70 -70 -69 -68 -67 -66 -64 -63 -62 -60 -60 -59 -58 -59 -60 -60 -61 -62 -62 -62 -62 -61 -59 -58 -59 -61 -62 -59 -56 -55 -54 -49 -46 -43 -41 -40 -39 -38 -37 -38 -39 -40 -40 -41 -42 -42 -42 -41 -41 -40 -41 -42 -44 -46 -47 -49 -49 -48 -45 -45 -52 -59 -66 -67 -65 -63 -60 -60 -64 -66 -70 -74 -79 -83 -86 -90 -92 -87 -81 -77 -73 -69 -69 -72 -67 -67
-69 -69 -69 -69 -69 -68 -68 -68 -68 -68 -67 -66 -66 -65 -64 -62 -61 -59 -58 -57 -56 -56 -55 -55 -56 -56 -56 -57 -57 -58 -57 -57 -56 -56 -56 -55 -56 -54 -51 -50 -46 -42 -40 -39 -38 -38 -39 -38 -36 -37 -38 -37 -37 -38 -39 -40 -40 -40 -38 -36 -35 -35 -37 -40 -42 -44 -45 -45 -44 -44 -49 -55 -61 -63 -62 -61 -61 -60 -62 -64 -66 -69 -71 -74 -77 -80 -81 -79 -74 -69 -66 -63 -60 -61 -62 -62
-66 -65 -65 -65 -65 -65 -65 -65 -65 -64 -64 -63 -62 -62 -60 -59 -58 -56 -55 -54 -54 -54 -54 -54 -53 -53 -53 -53 -53 -53 -53 -52 -51 -50 -50 -49 -49 -47 -45 -42 -40 -39 -39 -37 -36 -36 -37 -34 -33 -34 -35 -34 -35 -35 -35 -36 -36 -36 -34 -32 -30 -30 -33 -37 -39 -41 -42 -43 -44 -45 -48 -52 -55 -56 -58 -57 -57 -57 -57 -57 -58 -60 -62 -65 -68 -70 -70 -69 -66 -63 -61 -59 -57 -58 -57 -56
-62 -62 -62 -62 -62 -62 -61 -61 -61 -61 -61 -60 -59 -58 -58 -56 -54 -53 -52 -51 -52 -52 -52 -52 -50 -49 -48 -49 -49 -49 -49 -48 -47 -46 -44 -44 -43 -41 -40 -37 -35 -36 -35 -35 -34 -33 -32 -31 -31 -31 -32 -32 -32 -33 -35 -34 -32 -31 -30 -28 -26 -27 -29 -32 -36 -37 -39 -40 -42 -44 -46 -49 -52 -52 -51 -50 -49 -50 -51 -51 -52 -53 -54 -57 -59 -60 -60 -60 -57 -54 -55 -54 -52 -51 -49 -48
-59 -59 -59 -59 -59 -59 -58 -58 -58 -58 -58 -57 -56 -56 -54 -53 -52 -50 -48 -48 -48 -48 -49 -49 -47 -45 -44 -43 -44 -45 -45 -45 -43 -41 -39 -37 -36 -36 -35 -33 -32 -31 -31 -31 -30 -29 -29 -29 -28 -29 -30 -30 -30 -31 -31 -30 -30 -30 -28 -26 -25 -26 -28 -30 -32 -34 -35 -37 -38 -38 -40 -43 -44 -46 -45 -44 -44 -44 -45 -45 -46 -46 -47 -48 -50 -51 -51 -50 -47 -48 -47 -46 -45 -44 -43 -46
-56 -56 -56 -55 -55 -56 -55 -56 -55 -54 -54 -54 -53 -53 -51 -50 -48 -46 -44 -43 -43 -44 -45 -44 -42 -40 -39 -38 -39 -40 -40 -41 -39 -37 -36 -35 -30 -29 -29 -27 -26 -26 -26 -25 -25 -25 -25 -25 -25 -27 -27 -26 -27 -28 -28 -28 -29 -28 -25 -23 -24 -24 -26 -28 -28 -27 -28 -30 -32 -34 -34 -35 -38 -39 -38 -38 -38 -38 -38 -38 -38 -38 -40 -40 -41 -41 -40 -39 -39 -40 -39 -37 -37 -37 -37 -39
-52 -52 -52 -52 -52 -52 -52 -51 -51 -51 -51 -50 -50 -49 -48 -47 -45 -42 -39 -38 -39 -39 -40 -39 -38 -36 -35 -35 -35 -34 -35 -35 -33 -32 -31 -31 -29 -26 -24 -24 -23 -22 -21 -22 -21 -21 -21 -22 -21 -23 -23 -23 -23 -23 -23 -24 -24 -23 -21 -20 -20 -20 -20 -23 -23 -20 -21 -21 -22 -25 -26 -27 -29 -31 -31 -32 -31 -32 -31 -31 -31 -31 -32 -32 -32 -31 -32 -33 -33 -32 -31 -29 -29 -29 -31 -31
-48 -48 -48 -48 -49 -49 -48 -47 -47 -47 -46 -46 -46 -45 -45 -44 -41 -38 -36 -35 -35 -35 -35 -35 -34 -32 -32 -30 -29 -28 -29 -29 -28 -27 -27 -27 -26 -25 -23 -21 -22 -22 -18 -17 -16 -16 -16 -17 -18 -19 -18 -18 -19 -19 -19 -18 -17 -17 -17 -16 -15 -14 -15 -18 -17 -16 -15 -14 -15 -17 -18 -19 -21 -23 -24 -24 -25 -24 -24 -23 -23 -23 -23 -22 -23 -23 -23 -24 -23 -22 -22 -22 -22 -22 -23 -23
-45 -44 -44 -45 -45 -45 -44 -43 -44 -43 -42 -41 -41 -40 -40 -39 -38 -35 -33 -32 -32 -33 -32 -32 -31 -31 -29 -28 -26 -24 -23 -24 -24 -23 -23 -22 -21 -21 -20 -18 -18 -16 -14 -13 -13 -12 -12 -12 -13 -13 -12 -13 -13 -13 -13 -12 -12 -13 -12 -11 -10 -11 -10 -11 -10 -8 -8 -8 -8 -10 -10 -12 -12 -14 -15 -17 -19 -19 -18 -18 -18 -18 -17 -16 -16 -15 -15 -15 -13 -13 -13 -14 -14 -14 -14 -15
-41 -41 -41 -41 -42 -41 -41 -40 -38 -38 -37 -37 -36 -35 -35 -34 -33 -31 -29 -28 -28 -28 -28 -28 -27 -27 -26 -24 -23 -22 -20 -19 -18 -17 -17 -17 -16 -17 -17 -16 -14 -13 -11 -10 -10 -9 -8 -8 -8 -8 -8 -8 -7 -7 -7 -7 -8 -8 -8 -9 -5 -3 -3 -3 -2 -2 -1 2 1 0 -2 -4 -6 -8 -9 -11 -11 -11 -12 -12 -12 -11 -10 -10 -8 -7 -7 -6 -6 -4 -4 -5 -5 -5 -6 -8
-37 -37 -37 -38 -38 -37 -36 -35 -33 -33 -33 -32 -31 -30 -29 -29 -28 -27 -25 -24 -23 -23 -24 -22 -22 -23 -22 -20 -18 -17 -16 -15 -15 -13 -13 -12 -11 -11 -11 -10 -10 -10 -9 -8 -6 -7 -6 -5 -5 -5 -4 -3 -3 -2 -2 -2 -3 -3 -3 -4 -2 2 4 5 5 6 7 7 6 5 3 1 -1 -3 -4 -4 -5 -6 -6 -6 -6 -5 -4 -3 -2 -0 2 2 3 4 5 5 4 4 2 -1
-33 -33 -33 -34 -33 -33 -32 -31 -30 -29 -28 -28 -26 -25 -24 -23 -23 -23 -21 -20 -19 -18 -17 -16 -16 -16 -17 -15 -14 -13 -12 -11 -10 -10 -9 -9 -8 -8 -7 -7 -7 -6 -5 -4 -4 -5 -2 -1 -1 -1 -0 0 1 2 2 2 2 2 2 3 3 4 6 9 8 8 7 5 8 9 8 6 4 2 2 1 0 0 0 0 -0 1 3 4 5 7 9 11 11 11 10 10 10 10 10 10
-29 -29 -30 -29 -29 -28 -28 -27 -25 -25 -25 -24 -20 -19 -19 -17 -17 -18 -17 -15 -14 -12 -13 -12 -12 -13 -13 -12 -11 -9 -9 -13 -13 -9 -6 -6 -6 -6 -5 -4 -7 -5 -5 -4 -1 1 2 1 1 1 1 2 4 5 6 6 6 6 7 7 7 9 10 13 14 12 11 11 12 11 12 12 10 8 8 7 6 7 7 7 7 8 10 11 13 15 17 18 19 18 17 17 17 16 16 14
-25 -26 -25 -25 -24 -23 -23 -22 -22 -20 -20 -20 -16 -13 -12 -12 -12 -12 -12 -12 -10 -8 -6 -5 -6 -8 -9 -8 -8 -11 -12 -8 -5 -9 -5 -8 -5 -5 -4 -1 -1 -1 1 0 1 4 5 4 3 2 -0 2 4 7 8 9 9 9 10 11 12 13 12 13 17 17 18 17 18 17 17 17 16 14 14 13 12 12 12 12 13 14 16 17 18 19 21 24 25 25 24 24 23 22 21 20
-21 -21 -20 -20 -19 -19 -18 -17 -17 -15 -13 -11 -9 -8 -6 -5 -5 -5 -6 -7 -6 -5 -2 -1 -1 -2 -2 -4 -6 -8 -5 -7 -4 -6 -7 -5 -5 -11 -11 -7 -0 1 4 4 5 7 8 9 8 8 7 6 7 9 10 10 9 12 14 15 16 16 17 17 19 19 20 19 19 20 21 21 21 19 16 16 16 15 15 15 15 16 18 21 22 24 25 28 29 29 28 27 25 24 23 21
-16 -15 -15 -15 -14 -14 -14 -13 -12 -10 -8 -7 -4 -2 0 1 1 2 1 1 1 1 2 2 1 2 3 3 1 -7 -2 -1 -1 -10 -4 0 -2 -8 -21 -27 -16 -8 -1 3 5 8 11 11 11 11 11 10 11 13 14 14 13 13 16 16 19 19 20 20 20 20 20 21 21 22 24 24 24 23 22 21 20 20 19 20 19 20 21 24 26 28 29 30 32 31 31 30 29 25 25 24
-10 -10 -10 -10 -9 -9 -9 -9 -8 -6 -4 -1 2 4 6 8 9 8 9 7 7 6 6 5 5 3 1 -0 -3 -4 2 4 6 3 -0 2 -1 3 -2 -3 -4 -7 -6 -2 2 7 10 12 13 14 14 13 13 15 16 17 17 17 18 18 19 19 20 19 20 19 19 22 22 23 24 24 25 28 26 25 24 24 24 23 24 25 26 27 29 31 31 32 34 34 34 33 31 29 29 28
-5 -4 -5 -4 -4 -5 -4 -4 -3 -1 1 4 7 9 11 13 15 14 11 9 8 6 2 1 -1 -5 -7 -9 -6 -0 8 7 9 7 4 4 1 -0 -1 0 4 8 8 12 9 9 13 15 16 16 15 15 16 16 16 20 21 21 21 21 21 22 22 22 22 21 21 22 23 24 26 27 28 29 30 28 26 27 27 24 26 26 28 27 31 33 34 35 36 38 37 35 34 33 32 32
1 1 2 1 2 1 1 1 2 4 6 9 11 13 15 18 20 17 10 6 0 -1 -2 -2 -5 -5 -15 -16 -4 4 6 10 14 10 2 6 5 -0 4 7 8 10 14 13 11 11 13 16 18 18 17 17 17 16 18 20 22 22 22 19 18 21 22 23 22 21 20 20 22 24 25 29 33 35 34 31 29 27 26 27 28 28 30 31 33 35 36 37 39 39 39 39 37 36 35 34
6 7 8 8 8 7 7 7 6 7 11 14 16 17 18 21 23 24 18 11 7 3 -1 1 -2 -8 -9 -3 7 7 9 18 18 13 9 10 7 10 8 12 13 16 18 15 14 13 13 13 16 18 19 18 17 15 16 16 17 20 24 18 15 12 14 15 18 22 21 20 19 21 22 24 28 33 32 32 31 30 32 32 32 33 34 34 36 37 38 38 40 40 40 40 39 38 37 37
10 11 12 12 12 11 12 12 13 12 14 15 18 20 22 24 24 26 25 19 15 13 9 8 7 -3 3 10 17 18 16 20 11 12 15 12 14 12 7 10 13 15 13 12 11 12 12 12 15 15 18 18 15 14 13 9 9 9 13 18 16 16 12 11 18 21 16 3 3 13 17 14 18 27 30 31 30 33 34 35 36 36 37 38 38 39 39 40 41 41 42 42 42 41 41 40
14 16 14 15 14 15 15 15 15 16 16 15 16 14 16 22 24 25 27 24 21 20 19 12 6 13 12 19 24 23 22 21 17 19 16 15 10 13 12 3 3 9 12 13 14 16 11 12 15 15 18 16 12 10 9 6 1 -6 -6 2 10 17 18 19 20 16 12 1 -4 -15 -11 5 13 10 16 26 29 32 34 36 37 39 40 41 42 42 42 43 43 43 44 42 42 43 43 42
17 17 16 17 16 16 16 17 16 18 15 13 2 -2 6 11 15 18 22 26 22 22 19 13 12 20 27 29 31 29 24 14 20 21 19 14 10 13 18 15 7 2 6 7 14 9 10 10 13 15 12 11 8 3 2 -4 -1 12 20 16 20 21 24 28 28 28 28 24 18 16 14 15 14 16 17 16 27 31 32 35 39 40 41 43 44 45 47 47 48 47 46 46 42 42 44 44
21 19 20 20 19 20 17 16 17 18 12 8 4 -1 1 4 9 13 10 23 33 34 23 27 33 30 27 28 38 39 33 24 24 25 22 17 20 26 25 23 21 15 10 9 8 7 10 9 15 13 3 -4 -5 -7 1 12 23 26 26 26 32 35 37 33 34 38 36 34 33 30 28 29 29 18 11 27 24 24 36 38 38 40 43 46 47 47 49 51 52 52 52 51 47 43 42 44
21 21 21 20 21 23 21 22 22 16 9 11 10 10 7 11 11 12 16 27 32 31 29 27 29 29 20 34 44 44 42 37 33 31 29 29 34 33 31 29 29 28 27 26 21 13 12 15 12 13 14 15 17 19 9 17 28 27 24 24 33 39 43 45 44 45 44 43 41 41 40 40 37 28 9 17 16 6 13 20 24 36 43 45 48 53 53 54 57 58 59 57 52 45 42 46
23 23 24 25 27 24 26 23 15 19 18 18 19 17 19 18 19 23 28 29 25 22 30 28 31 39 43 48 50 51 46 40 34 37 40 41 40 38 36 35 33 34 28 28 30 28 16 13 19 22 26 18 10 13 15 21 23 25 27 29 32 38 46 46 45 47 48 48 46 45 46 44 41 37 30 23 18 20 13 -1 20 31 41 46 50 54 54 56 58 61 63 61 58 54 53 55
28 26 25 25 25 25 23 22 20 20 22 25 29 30 31 30 32 38 31 23 27 24 31 43 43 47 52 52 50 52 52 45 38 44 46 44 45 45 40 37 38 38 30 31 31 32 25 23 21 26 21 18 20 19 22 25 30 32 30 35 39 41 46 43 40 41 39 43 47 41 41 44 40 40 33 35 31 39 32 23 25 30 40 46 49 55 57 59 60 63 62 61 59 56 57 55
34 34 34 35 36 34 32 30 29 29 31 36 38 37 38 40 39 30 22 26 32 36 39 40 44 49 56 55 46 49 48 50 47 50 47 48 48 48 41 40 42 43 42 36 34 33 33 34 31 30 20 24 29 31 34 37 38 34 28 27 36 43 45 45 41 42 41 38 37 36 31 28 27 32 33 35 38 44 50 45 30 30 37 43 51 55 55 57 55 47 48 50 43 49 45 47
43 44 45 42 40 40 42 41 40 39 39 40 43 46 45 43 35 35 33 33 35 37 37 38 46 55 59 60 49 46 45 47 48 49 51 49 48 46 45 44 44 47 47 43 38 37 38 37 38 34 29 27 32 36 38 39 36 35 27 32 38 42 39 37 39 36 38 39 37 38 35 30 27 31 33 40 38 39 52 55 47 41 46 51 47 44 41 33 44 37 40 32 30 27 39 42
50 49 49 50 48 46 44 45 46 45 44 42 47 54 49 50 50 47 44 42 43 41 41 41 45 60 63 64 55 55 54 54 54 53 51 47 44 44 43 43 46 48 51 47 41 36 40 41 42 40 36 34 28 38 35 39 35 36 37 40 43 44 42 42 43 34 35 36 33 37 36 37 37 40 42 47 37 40 55 59 59 54 45 47 41 33 30 36 43 38 31 28 34 41 39 39
53 53 52 51 53 51 48 48 47 51 51 52 53 56 54 53 54 52 50 49 47 44 43 45 54 64 67 67 63 62 61 62 60 55 50 47 45 43 43 43 45 47 50 47 44 39 40 44 46 45 43 42 41 36 29 24 29 37 39 44 47 46 47 46 47 41 39 34 36 34 39 43 46 44 52 55 50 54 56 56 59 59 52 45 42 38 41 50 53 41 28 34 37 25 2 2
53 57 56 54 55 54 52 49 51 50 56 54 56 58 56 54 55 55 56 52 50 50 52 55 64 69 71 67 64 61 63 63 56 50 51 48 46 44 45 45 45 47 44 45 44 43 41 45 50 46 40 39 37 36 23 21 12 13 25 35 43 49 49 46 49 46 40 36 43 43 44 48 51 57 59 64 64 61 59 55 63 61 56 50 46 55 55 47 33 47 39 34 38 39 30 24
59 60 60 58 57 58 56 53 52 53 56 55 59 60 58 59 59 60 58 56 57 59 62 66 70 72 65 63 60 60 61 61 58 52 48 48 46 43 46 49 45 45 44 46 45 46 47 49 51 53 53 52 50 39 33 32 21 16 18 23 25 38 49 47 48 48 41 43 46 48 50 54 60 64 67 68 67 66 67 67 64 55 50 54 61 52 41 40 45 43 20 23 14 10 18 20
60 61 61 64 64 62 59 55 54 56 58 60 58 59 61 62 63 61 60 58 64 66 69 72 73 63 50 48 53 55 55 57 57 56 52 42 41 42 45 49 50 50 51 52 53 52 50 49 48 49 50 52 54 55 53 46 47 39 27 23 29 35 38 40 38 44 42 44 43 48 51 59 66 69 70 67 69 71 71 65 60 56 64 62 55 66 57 61 46 33 42 50 37 40 37 29
66 66 66 66 66 65 61 58 56 56 58 60 60 62 63 64 63 61 54 48 64 71 74 75 69 42 47 51 55 56 55 57 53 45 42 42 46 50 53 54 54 54 53 53 50 47 46 47 49 49 49 49 50 52 55 54 54 50 39 40 35 30 37 29 23 31 38 40 45 51 57 64 66 66 66 69 71 74 72 70 65 65 73 66 69 71 64 45 57 55 58 58 46 38 44 55
69 69 71 70 68 65 62 60 58 58 61 59 62 63 63 65 63 59 48 48 62 76 77 74 63 50 50 55 58 58 53 48 44 40 44 50 54 53 52 52 53 54 52 50 49 47 48 52 49 48 47 47 50 51 52 56 59 53 49 51 51 39 44 43 35 28 26 32 45 58 67 69 70 71 71 73 74 76 72 60 70 75 76 74 74 67 67 58 58 51 58 46 52 67 73 72
75 74 72 69 67 63 64 63 62 62 62 62 64 64 64 64 60 59 51 55 75 79 80 68 63 54 51 54 55 52 47 48 48 51 55 55 54 52 52 51 51 53 51 52 51 50 51 51 49 49 50 51 52 54 56 57 55 53 56 59 63 64 64 62 57 50 46 54 57 59 66 68 66 67 77 78 78 78 68 74 78 80 80 79 78 78 77 78 74 72 67 64 73 76 75 71
78 75 74 71 70 69 67 65 65 67 65 67 66 65 61 61 52 41 42 66 79 79 81 73 46 37 44 49 52 52 53 56 57 54 54 51 52 50 49 49 50 50 51 50 50 51 51 50 51 52 48 50 54 54 53 47 45 47 54 57 56 58 60 58 59 58 60 58 55 54 51 51 56 67 76 77 77 77 80 80 82 82 83 83 83 82 80 83 83 81 79 82 80 78 74 70
79 76 77 77 74 72 69 70 71 73 73 75 73 71 65 59 54 45 45 75 80 80 75 48 35 37 45 47 53 58 60 58 56 58 54 48 48 45 41 43 44 46 52 50 50 47 48 54 58 54 52 50 52 58 50 45 43 46 47 41 42 44 42 41 43 38 35 30 29 36 33 42 53 70 73 73 79 80 82 83 84 84 84 85 85 84 83 86 85 69 79 80 78 76 72 62
84 82 79 77 75 73 72 75 78 79 78 79 79 76 74 71 61 63 73 80 81 78 55 45 37 45 55 56 66 69 72 71 65 65 55 50 42 39 36 41 42 44 51 53 50 44 40 38 48 37 40 31 30 41 49 28 32 30 15 9 11 22 19 29 27 24 13 16 14 10 16 35 58 62 69 76 82 82 84 85 85 86 86 86 87 87 84 87 87 78 87 85 82 84 82 82
86 85 83 80 77 77 81 84 86 86 86 85 80 79 80 78 78 80 79 78 77 80 75 68 66 70 68 69 70 70 70 73 74 71 61 48 34 36 26 29 33 18 32 33 31 27 20 19 38 34 34 14 18 12 9 13 14 14 9 10 3 8 16 9 16 7 3 9 15 24 14 17 42 48 62 71 78 81 84 85 86 86 85 86 86 86 82 85 87 82 93 86 83 86 86 86
85 86 86 82 77 80 89 93 93 92 90 87 85 83 79 77 76 72 70 65 69 65 63 66 71 73 69 70 67 60 63 60 55 65 54 42 16 25 1 9 10 8 9 19 -8 -0 25 35 28 17 12 8 14 -1 -5 23 15 -5 -5 9 2 -13 -11 -10 -2 14 28 31 28 16 30 35 50 52 59 71 76 81 83 85 86 86 83 82 84 83 83 89 91 91 94 90 85 85 86 86
78 83 86 86 85 88 98 98 98 95 94 92 85 79 72 66 62 54 48 52 57 63 72 71 67 66 73 67 71 66 50 36 36 62 35 9 -7 -12 -15 -13 15 16 -1 18 30 10 -11 12 -19 -8 -3 -3 -0 4 6 1 -19 -23 -25 -27 -18 -7 3 9 22 26 11 34 34 38 49 58 63 66 67 72 76 80 83 85 85 79 71 74 81 90 92 92 94 95 95 92 89 86 86 86
81 91 94 91 89 100 102 103 102 99 97 90 81 73 61 55 47 49 59 74 73 73 62 57 65 70 73 56 38 29 39 18 42 19 1 21 -14 -29 -17 2 -16 -22 -56 -23 6 -28 -26 -29 -42 -58 -52 -41 -57 -37 -25 -37 -38 -14 0 -3 0 10 18 -6 15 5 42 52 57 57 62 65 68 70 72 74 77 78 83 85 84 77 76 83 92 92 95 95 95 95 95 93 90 87 86 86
