resultados/variables_proyeccion_tiempo/variables_paleo_21k/bio16.asc
ncols 330
nrows 228
xllcorner -12.000000
yllcorner 34.000000
cellsize 0.166667
NODATA_value -9999
[rows 126 to 167 of 228, columns 188 to 281 of 330]
268 273 274 277 281 283 285 288 291 290 280 272 262 256 252 251 253 254 254 251 249 246 241 238 236 235 231 231 231 232 234 234 232 230 228 225 223 224 226 228 231 235 240 245 248 252 256 257 256 255 252 251 248 245 242 238 234 232 228 226 222 219 215 211 208 205 200 198 195 193 190 187 185 182 180 179 178 177 177 177 177 176 175 175 174 174 173 172 172 173 173 173 172 171
278 277 278 283 284 284 284 285 285 286 285 279 267 258 252 245 249 250 253 254 250 245 242 241 239 236 233 232 233 234 233 234 233 231 227 223 220 221 223 225 228 233 240 245 251 254 257 257 257 255 253 250 247 245 241 237 233 230 227 222 219 216 213 211 208 203 199 196 194 191 188 186 184 182 179 178 177 177 178 177 178 177 176 176 174 173 172 172 172 172 173 173 171 171
290 291 287 288 289 287 283 284 284 280 275 269 261 250 245 244 244 246 247 248 247 248 249 247 245 239 236 237 235 234 235 234 233 230 227 223 219 220 223 224 228 233 241 245 253 258 259 259 258 255 253 250 247 244 240 236 232 230 225 222 218 215 213 210 206 201 200 194 194 190 187 184 183 180 179 177 176 176 177 177 177 177 177 175 173 174 172 172 170 170 169 170 171 170
293 303 304 298 296 293 290 283 282 278 270 263 256 249 247 246 246 245 246 246 246 244 244 248 247 242 238 238 238 236 236 236 233 230 226 223 222 223 222 228 232 236 241 246 255 259 262 262 259 256 252 249 246 243 239 236 232 227 224 220 217 215 212 209 206 201 199 194 193 190 186 183 180 178 176 176 176 177 177 178 180 179 177 174 173 172 170 169 169 168 169 170 169 167
295 310 316 302 292 290 286 285 278 275 271 265 259 255 252 251 250 249 247 245 247 246 243 245 250 245 241 240 240 238 237 237 234 231 226 224 224 223 224 230 235 238 242 248 256 262 267 265 261 256 251 248 244 240 236 232 229 226 222 218 216 214 210 207 204 202 199 193 190 188 185 182 179 177 174 174 175 176 177 178 179 179 178 174 171 170 168 167 166 168 167 168 166 165
293 295 288 285 284 283 283 282 281 279 279 272 265 260 257 253 251 250 248 246 245 245 244 245 247 253 249 247 245 243 240 239 235 233 230 229 229 228 231 234 235 240 246 251 256 264 268 265 260 255 251 247 242 238 233 231 228 224 221 219 215 212 209 207 205 202 198 195 191 189 184 182 179 177 176 176 177 178 177 178 179 181 177 174 172 168 165 165 165 166 166 166 163 164
302 301 293 298 296 289 294 294 290 290 288 280 275 273 265 261 260 261 257 254 249 244 244 245 246 252 256 257 251 246 243 240 238 240 242 240 238 235 236 234 236 240 245 252 258 261 264 262 258 253 247 245 240 236 232 229 226 223 220 217 214 211 210 207 204 201 199 196 194 191 188 184 181 178 177 177 178 179 178 178 179 179 176 175 170 165 164 162 165 165 165 164 162 162
363 337 347 337 335 327 319 307 303 297 292 281 271 266 266 264 265 261 259 260 254 247 248 247 248 250 254 257 259 251 250 249 251 248 247 244 240 240 239 240 241 243 248 252 257 259 259 258 256 252 247 243 238 234 231 227 225 221 218 215 214 212 209 205 203 200 197 195 192 188 185 183 182 178 177 178 179 178 179 178 177 176 176 172 168 166 163 163 163 162 162 162 160 162
400 412 378 362 380 371 325 300 306 312 303 301 289 276 271 264 261 262 270 272 260 253 251 249 249 250 251 253 260 256 257 253 254 250 249 246 243 240 240 244 243 244 248 252 254 258 258 257 254 250 245 240 234 229 226 224 222 220 218 215 212 211 208 205 204 201 199 195 191 189 186 184 181 178 177 177 178 178 179 178 176 175 173 171 168 166 163 161 160 160 161 160 159 160
385 366 378 381 361 334 314 332 316 323 312 300 288 280 281 286 276 267 265 273 276 270 261 255 251 249 251 250 251 251 252 252 254 252 252 249 245 243 242 244 247 247 249 252 253 254 255 253 250 246 242 238 232 226 220 219 216 217 217 214 212 209 207 205 205 201 198 196 193 189 185 183 181 178 179 178 177 176 177 177 175 174 173 170 167 165 161 159 158 157 157 157 159 160
360 396 453 453 449 401 301 307 303 300 304 278 262 256 260 266 279 290 282 280 278 274 278 275 270 259 252 252 251 250 251 249 250 254 252 252 248 246 245 246 246 249 249 251 252 252 253 252 250 249 244 238 230 223 217 215 215 214 213 213 211 209 207 206 204 202 199 197 193 188 187 184 181 181 178 176 178 177 176 175 174 173 171 169 167 163 159 158 156 154 154 157 158 158
333 332 356 366 375 288 259 291 289 285 268 259 254 246 244 246 252 266 281 289 293 284 280 294 283 270 263 257 258 255 253 254 250 250 252 253 251 250 247 247 247 247 251 250 252 252 250 250 248 245 242 237 231 222 215 213 214 213 211 210 208 208 207 206 204 203 199 196 191 186 184 183 180 178 178 177 179 180 180 177 174 173 171 167 164 162 160 158 155 153 154 155 156 157
367 378 357 344 352 303 264 248 256 262 258 244 270 240 228 233 252 255 241 257 274 290 281 289 284 296 287 270 262 259 262 258 252 252 249 250 251 251 248 247 248 247 248 249 251 250 247 247 246 244 242 238 231 225 219 213 211 210 209 209 206 206 207 207 207 206 200 193 188 183 181 180 179 178 178 177 178 177 179 180 178 176 172 169 167 163 159 157 155 153 154 155 157 158
288 280 284 298 263 262 232 260 257 253 252 232 234 243 217 215 214 228 243 240 259 268 267 283 285 294 302 305 285 273 263 257 254 251 251 248 250 248 248 246 246 245 246 244 249 249 246 246 244 244 241 237 231 225 221 217 213 209 206 206 205 206 206 206 208 205 198 192 185 181 179 176 174 174 174 175 176 177 178 179 177 173 171 171 168 165 163 159 158 155 154 155 156 157
250 269 253 227 216 202 209 214 218 214 214 215 233 219 210 208 207 208 219 229 243 243 253 282 272 289 306 316 313 298 282 267 261 254 250 249 248 248 248 246 243 244 242 241 242 243 243 242 241 240 240 236 230 225 221 218 215 211 208 206 204 203 203 202 202 199 194 188 182 180 177 174 173 173 173 173 172 172 175 175 174 172 168 166 167 166 163 163 161 159 158 155 154 155
227 200 190 193 191 187 193 194 195 202 206 213 227 210 206 203 203 203 203 205 210 229 249 240 268 271 298 304 307 306 307 285 277 259 252 245 243 244 244 248 250 245 242 239 239 242 243 242 241 238 237 234 227 222 219 217 214 212 208 205 203 200 198 197 196 192 190 184 178 174 173 172 171 169 169 169 170 169 169 170 171 169 167 165 164 164 163 161 162 162 159 159 158 158
184 179 182 188 183 181 185 186 185 190 195 205 204 196 195 195 196 197 198 200 202 207 213 233 231 254 269 279 306 305 293 299 299 280 265 256 253 252 251 244 240 237 236 235 235 235 237 237 237 236 234 232 224 218 214 212 212 210 207 204 200 199 196 192 190 186 182 179 174 170 169 168 168 168 167 167 165 165 165 166 167 167 165 163 162 162 161 163 161 159 160 158 156 158
172 174 179 184 182 185 203 207 183 180 184 187 191 191 190 190 192 193 194 195 197 201 208 228 225 232 241 251 271 279 296 320 294 277 278 281 267 255 252 250 247 240 235 232 231 231 229 232 231 231 229 226 222 220 212 206 206 208 204 202 199 196 192 189 185 181 177 172 167 165 165 165 166 166 165 165 162 161 160 162 165 163 161 161 160 159 160 160 159 159 160 157 156 156
173 174 179 194 182 174 179 179 174 173 176 180 182 183 184 186 189 190 189 191 192 195 202 214 230 261 256 238 251 276 301 307 309 296 289 287 280 266 255 249 245 240 232 227 226 226 225 224 227 225 224 222 217 214 213 211 206 202 199 198 197 194 189 186 181 176 173 169 165 163 160 161 160 159 161 160 159 158 158 159 159 160 158 157 158 158 156 157 157 156 156 157 156 155
166 162 164 164 163 163 165 165 167 169 171 173 175 179 181 184 187 187 186 187 189 192 199 208 234 253 269 255 249 245 261 284 300 314 303 293 284 278 267 247 241 240 232 225 221 222 220 216 219 220 220 217 214 212 208 209 206 199 196 196 193 191 187 182 178 175 171 167 163 159 156 156 156 156 155 155 154 156 155 156 156 156 156 155 156 155 155 155 153 154 155 154 152 153
164 158 156 156 158 158 160 162 163 166 168 169 172 175 177 181 182 183 184 186 188 196 209 210 213 222 237 251 262 269 264 298 304 314 299 290 281 267 264 249 239 232 229 225 224 216 214 213 212 214 214 213 209 206 202 197 198 198 193 190 189 188 184 180 176 170 166 162 159 158 156 151 151 153 151 153 152 153 151 154 153 152 154 152 152 154 154 151 150 151 151 148 149 149
159 157 155 155 155 156 158 160 161 164 166 166 168 170 173 175 178 182 187 192 194 198 202 206 220 225 231 233 239 250 247 271 263 272 285 282 285 282 266 258 240 229 226 223 225 215 209 207 209 209 210 210 210 205 201 195 192 192 187 185 186 185 180 178 172 168 164 159 158 154 152 150 149 149 150 151 150 148 151 150 150 150 150 149 150 151 150 150 148 148 149 149 147 146
155 156 154 154 153 155 157 158 160 162 164 165 167 168 170 173 179 184 192 193 196 198 204 205 213 216 218 222 221 222 226 234 253 271 282 289 286 285 270 270 253 234 220 218 212 211 203 204 205 206 204 206 211 205 200 196 193 189 183 182 182 182 177 175 170 166 162 157 152 150 150 149 148 148 146 147 148 147 148 148 148 146 146 146 148 148 148 147 148 148 148 147 146 145
153 156 155 154 153 155 156 157 159 161 163 164 166 167 170 176 182 188 206 215 212 212 211 205 212 215 214 210 219 216 220 227 265 284 289 303 281 278 278 249 252 242 221 212 207 204 204 206 207 206 206 198 199 202 200 194 187 183 179 177 176 177 175 172 169 161 157 154 150 146 145 144 144 144 144 144 145 144 144 144 145 143 144 145 144 143 144 145 145 145 145 144 144 144
153 155 155 154 153 154 155 156 159 160 161 164 166 168 172 180 188 197 220 221 234 227 214 212 215 212 206 210 212 216 217 224 230 245 261 267 252 270 263 260 241 233 215 210 206 197 206 204 204 207 205 204 192 192 193 191 184 179 178 175 172 170 172 167 167 159 152 148 145 142 139 139 139 139 141 141 141 141 141 142 141 140 141 141 140 140 142 142 142 142 141 140 140 141
154 155 155 153 153 153 154 156 159 160 162 165 166 170 173 178 182 187 202 260 291 259 253 238 217 216 209 209 210 213 216 218 219 231 265 283 246 256 280 264 263 254 223 203 203 195 203 205 202 198 198 199 190 186 188 186 183 179 175 174 171 166 163 161 160 156 147 141 138 136 135 134 134 135 136 135 136 136 138 138 137 135 136 135 135 138 138 138 139 139 138 136 136 136
157 157 155 154 154 154 155 157 160 161 163 166 168 171 175 180 199 225 202 238 295 290 300 293 247 224 211 207 210 212 214 214 218 226 238 266 267 260 244 266 264 261 238 209 205 194 201 204 200 199 193 193 188 179 181 181 178 178 174 172 171 168 162 156 152 149 142 135 131 130 128 128 128 129 129 129 130 131 132 131 130 131 132 131 132 134 135 134 136 136 134 132 132 131
161 159 156 155 153 154 155 158 162 163 165 169 172 174 177 183 188 211 225 236 286 263 272 271 248 234 208 207 211 211 212 215 217 223 230 242 239 280 234 255 268 250 224 215 206 198 198 199 197 194 188 186 181 176 179 176 175 171 172 169 168 164 163 157 146 140 136 130 126 122 121 122 122 123 124 124 126 126 127 127 126 127 127 127 128 131 132 132 134 134 132 129 127 127
163 161 159 156 154 155 158 160 163 166 168 171 175 180 197 197 209 208 217 210 231 244 255 272 259 222 206 210 213 214 218 219 222 223 229 228 232 243 266 235 252 268 238 212 200 202 192 192 190 186 184 182 173 174 176 171 170 169 167 163 163 160 157 150 144 135 130 124 120 118 117 118 118 120 120 121 122 122 122 122 122 124 123 123 124 127 129 130 132 132 130 127 123 122
165 163 161 158 157 158 160 163 165 168 172 176 180 185 195 199 202 216 217 229 222 229 241 244 234 207 213 214 218 221 225 230 231 235 234 227 230 226 238 254 240 239 253 238 216 209 193 185 182 180 183 180 169 172 172 165 164 165 161 157 156 154 151 143 137 131 124 119 116 116 115 116 117 118 119 119 120 120 120 120 119 122 121 120 120 124 128 129 131 132 132 128 123 120
168 166 165 163 161 162 163 166 169 171 174 179 185 192 195 198 199 203 212 214 219 211 225 214 215 218 218 224 227 233 232 232 234 234 231 230 248 233 245 239 227 249 273 249 217 208 191 181 176 178 180 172 166 167 165 161 162 159 153 151 148 145 141 133 128 123 117 115 114 114 114 115 116 117 118 118 119 118 118 118 118 120 119 118 117 121 126 129 132 134 133 130 125 122
173 171 169 167 166 167 168 169 172 175 177 180 184 188 191 196 206 230 262 279 252 216 217 242 271 276 283 259 238 231 231 237 241 239 242 245 245 231 233 245 246 277 294 267 228 210 188 175 172 170 170 169 159 162 160 156 156 151 146 141 137 132 127 122 118 115 113 112 112 112 114 115 115 116 117 118 118 118 117 117 116 118 118 118 118 120 125 130 134 137 137 131 126 122
176 174 172 170 170 171 173 175 177 179 181 184 189 196 203 205 209 248 261 271 251 228 246 285 324 324 338 326 305 261 299 329 341 334 321 298 265 290 282 291 277 278 278 263 234 205 187 174 168 165 164 162 155 158 154 151 150 144 138 131 124 118 115 112 110 109 109 110 110 111 113 114 115 116 117 117 117 115 115 116 116 118 119 118 119 123 131 142 150 146 138 132 127 123
182 179 176 175 175 176 178 180 182 184 187 191 196 202 214 218 226 219 276 326 330 334 294 273 280 339 336 299 286 258 275 297 305 319 310 313 338 326 319 306 282 254 242 225 211 202 183 173 168 162 158 156 150 148 147 146 144 139 129 121 114 108 104 102 103 104 106 108 109 112 113 115 116 116 116 117 115 -9999 114 119 118 117 117 117 120 127 137 152 172 173 154 142 135 130
191 188 185 184 182 183 183 186 188 190 192 194 200 211 225 243 295 260 291 366 344 328 299 295 271 294 295 302 290 256 249 253 257 259 265 295 301 288 279 257 240 230 222 209 197 189 179 173 167 162 157 152 148 150 148 141 136 131 123 115 106 97 94 96 99 103 105 107 110 113 115 117 117 117 118 118 117 115 116 116 115 113 112 114 118 125 136 150 163 168 162 154 146 137
199 199 200 197 190 190 190 192 197 200 199 201 208 208 242 276 315 260 293 312 264 248 226 217 219 222 229 233 228 224 226 238 240 240 248 249 245 242 238 226 218 215 212 203 189 184 178 172 167 161 155 150 146 146 148 141 134 127 118 110 101 93 92 95 98 102 105 108 112 115 118 119 120 120 120 121 120 119 117 115 114 113 112 113 116 125 135 145 156 168 172 166 165 154
203 199 197 195 194 194 196 198 200 205 209 206 208 216 243 258 248 271 257 261 238 218 211 208 213 215 219 221 219 212 227 234 231 229 234 233 228 223 221 214 208 203 198 193 189 184 178 172 166 160 154 148 144 146 148 137 128 120 113 106 99 95 94 96 99 102 107 111 115 118 119 122 123 122 123 123 122 120 119 118 117 116 116 117 119 127 137 146 161 182 216 210 185 172
211 206 204 202 200 200 205 210 206 205 206 208 216 218 244 244 266 266 225 230 220 213 211 207 206 208 214 212 214 208 219 222 223 222 221 220 220 217 214 210 206 202 197 192 188 183 178 171 166 159 152 147 143 143 144 133 123 116 109 103 98 97 97 98 102 107 112 117 120 121 122 126 127 124 124 123 -9999 -9999 -9999 119 120 122 122 123 126 136 147 162 182 229 211 171 162 154
228 222 216 212 208 209 217 220 219 215 210 213 218 221 236 237 242 234 227 202 204 215 210 206 200 202 204 205 208 203 211 214 215 217 216 216 215 213 211 209 207 202 198 193 188 183 177 171 165 158 153 145 141 140 134 129 118 111 104 100 99 100 102 105 109 114 119 123 126 128 129 128 -9999 -9999 -9999 -9999 -9999 -9999 -9999 -9999 -9999 125 128 129 136 147 166 191 237 265 177 -9999 -9999 -9999
238 232 232 222 218 217 222 225 223 220 216 218 221 238 238 245 231 228 210 198 197 203 208 207 201 195 195 200 200 200 204 208 209 212 212 212 212 210 209 206 204 200 197 192 187 182 177 171 165 158 152 143 138 135 130 122 114 106 104 105 106 108 111 114 118 123 127 131 134 136 136 -9999 -9999 -9999 -9999 -9999 -9999 -9999 -9999 -9999 -9999 -9999 127 130 138 154 176 217 211 180 -9999 -9999 -9999 -9999
251 259 248 237 231 228 238 240 230 227 220 220 227 240 244 254 238 234 211 194 193 193 198 199 197 194 192 194 197 196 198 204 206 207 208 209 209 208 206 205 201 198 195 191 187 181 175 169 163 155 149 143 139 132 125 117 111 110 112 114 116 118 121 125 129 133 136 140 142 143 -9999 -9999 -9999 -9999 -9999 -9999 -9999 -9999 -9999 -9999 -9999 -9999 -9999 -9999 -9999 152 162 171 177 -9999 -9999 -9999 -9999 -9999
258 260 272 263 264 257 249 259 245 232 230 222 224 246 274 256 230 219 208 200 194 187 187 188 189 189 192 191 197 198 197 200 204 205 205 205 206 206 205 204 201 197 193 190 187 183 177 171 164 159 154 147 140 133 125 118 117 119 121 123 126 129 132 136 140 143 147 150 152 150 -9999 -9999 -9999 -9999 -9999 -9999 -9999 -9999 -9999 -9999 -9999 -9999 -9999 -9999 -9999 -9999 -9999 -9999 -9999 -9999 -9999 -9999 -9999 -9999
