resultados/variables_proyeccion_tiempo/variables_paleo_21k/bio2.asc
ncols 330
nrows 228
xllcorner -12.000000
yllcorner 34.000000
cellsize 0.166667
NODATA_value -9999
[rows 84 to 125 of 228, columns 0 to 94 of 330]
-9999 -9999 -9999 -9999 -9999 -9999 -9999 -9999 -9999 -9999 -9999 -9999 -9999 -9999 -9999 -9999 57 57 58 59 60 61 63 65 67 71 74 79 86 93 103 114 126 139 153 168 182 198 214 230 245 261 275 290 303 315 326 333 339 343 345 346 347 348 348 348 349 349 350 350 351 353 354 356 359 361 364 368 372 376 380 384 388 392 396 400 403 406 409 411 412 413 413 413 412 411 409 408 406 404 402 399 397 395 393
-9999 -9999 -9999 -9999 -9999 -9999 -9999 -9999 -9999 -9999 -9999 -9999 -9999 -9999 -9999 57 57 58 59 60 61 63 64 67 69 73 77 82 88 96 106 117 130 144 158 173 188 204 221 236 252 268 283 298 312 325 336 343 348 352 355 355 356 356 356 356 356 357 357 358 358 359 361 362 365 367 370 373 377 381 385 389 393 397 401 404 408 410 413 415 416 417 417 417 416 415 413 412 410 408 405 403 401 398 397
-9999 -9999 -9999 -9999 -9999 -9999 -9999 -9999 -9999 -9999 -9999 -9999 -9999 -9999 -9999 57 58 59 60 62 63 65 67 69 72 76 80 85 92 100 110 121 135 148 163 178 194 210 226 242 259 274 290 305 319 332 343 350 355 359 361 362 362 362 363 362 362 363 363 363 364 364 366 368 370 372 375 378 381 385 389 393 397 401 405 408 412 414 416 418 420 421 420 420 419 418 416 415 413 410 409 406 404 402 400
-9999 -9999 -9999 -9999 -9999 -9999 -9999 -9999 -9999 -9999 -9999 -9999 -9999 -9999 -9999 58 60 61 62 64 65 68 70 72 76 79 84 90 96 105 115 126 140 153 168 184 199 215 232 248 263 279 295 309 323 335 346 353 358 362 365 366 366 367 367 367 367 367 368 368 368 369 370 371 373 376 378 382 385 388 392 396 400 404 408 411 414 417 419 421 422 423 423 423 422 421 420 418 416 414 411 409 407 405 403
-9999 -9999 -9999 -9999 -9999 -9999 -9999 -9999 -9999 -9999 -9999 -9999 -9999 -9999 -9999 -9999 61 63 64 66 68 71 73 76 79 83 89 95 102 110 120 132 145 159 174 188 204 220 236 251 267 282 297 312 325 336 346 353 359 364 366 368 368 369 370 370 370 370 371 371 371 372 373 374 376 378 381 384 388 391 395 399 402 406 410 413 416 419 422 424 425 425 425 425 424 423 422 420 419 416 414 412 410 408 406
-9999 -9999 -9999 -9999 -9999 -9999 -9999 -9999 -9999 -9999 -9999 -9999 -9999 -9999 -9999 -9999 63 64 66 69 71 73 76 80 84 88 93 100 107 116 126 138 150 164 178 193 208 224 239 255 270 285 299 313 325 336 345 353 359 362 365 367 369 370 371 371 372 372 372 373 373 373 374 375 377 380 382 385 389 393 397 400 404 408 412 415 419 421 423 425 426 427 427 427 426 425 423 422 420 419 416 414 412 410 409
-9999 -9999 -9999 -9999 -9999 -9999 -9999 -9999 -9999 -9999 -9999 -9999 -9999 -9999 -9999 -9999 -9999 66 68 71 74 76 80 84 88 93 98 105 113 122 132 143 155 169 183 197 212 227 242 257 272 286 300 312 324 334 343 350 357 362 365 367 368 369 370 371 371 372 372 373 373 373 374 376 378 380 383 386 390 393 397 401 405 409 413 416 419 422 424 426 427 428 428 428 427 426 425 424 422 420 418 416 414 413 411
-9999 -9999 -9999 -9999 -9999 -9999 -9999 -9999 -9999 -9999 -9999 -9999 -9999 -9999 -9999 -9999 -9999 -9999 71 74 77 80 84 88 93 98 104 111 119 128 138 148 161 174 188 201 216 230 245 259 273 286 299 311 322 332 341 348 355 360 363 365 367 368 369 370 371 371 372 372 372 373 374 376 377 380 383 386 390 393 397 402 406 409 413 416 419 422 425 427 428 428 429 429 428 427 426 425 423 421 420 418 416 414 413
-9999 -9999 -9999 -9999 -9999 -9999 -9999 -9999 -9999 -9999 -9999 -9999 -9999 -9999 -9999 -9999 -9999 -9999 74 77 80 84 88 92 97 103 110 117 124 133 143 154 166 179 192 206 219 233 246 259 273 285 298 309 320 329 337 344 351 356 360 362 365 366 367 368 368 369 369 370 370 371 373 374 376 378 382 385 388 392 397 401 405 409 413 416 419 422 425 426 428 428 429 429 428 428 427 425 424 423 421 419 418 416 415
-9999 -9999 -9999 -9999 -9999 -9999 -9999 -9999 -9999 -9999 -9999 -9999 -9999 -9999 -9999 -9999 -9999 75 76 80 84 88 92 97 102 108 115 123 131 139 149 160 172 184 197 209 222 235 248 260 273 284 296 306 316 325 333 340 346 351 355 358 360 362 363 365 365 366 367 367 368 369 370 372 374 376 380 383 387 391 395 399 403 408 412 415 419 421 424 426 427 428 429 428 428 428 427 426 424 423 421 420 418 417 415
-9999 -9999 -9999 -9999 -9999 -9999 -9999 -9999 -9999 -9999 -9999 -9999 -9999 -9999 -9999 -9999 -9999 76 79 83 87 92 97 102 107 114 121 128 136 146 155 166 177 189 201 213 225 237 249 261 272 283 294 304 313 321 329 336 342 346 350 354 356 358 359 360 361 362 363 363 364 365 366 368 371 374 377 380 384 388 393 397 402 406 410 414 417 420 423 425 426 427 428 428 428 427 426 425 424 423 422 420 419 417 416
-9999 -9999 -9999 -9999 -9999 -9999 -9999 -9999 -9999 -9999 -9999 -9999 -9999 -9999 -9999 -9999 -9999 79 82 87 91 96 101 107 113 120 127 134 143 152 162 172 183 194 205 217 228 239 250 261 272 282 292 300 310 317 324 330 336 341 345 349 351 353 354 355 356 357 358 359 360 361 363 365 367 370 373 377 381 385 390 395 399 404 408 412 415 419 421 423 425 426 427 427 427 426 425 424 423 422 421 420 418 417 416
-9999 -9999 -9999 -9999 -9999 -9999 -9999 -9999 -9999 -9999 -9999 -9999 -9999 -9999 -9999 -9999 79 81 85 90 95 100 106 112 118 125 132 140 148 158 168 177 188 198 209 220 230 241 251 261 271 280 289 297 305 312 319 325 330 335 339 343 346 347 349 350 351 352 353 354 355 357 358 360 362 365 369 373 377 382 386 391 396 401 405 409 413 416 419 421 423 424 425 425 425 424 424 423 423 421 420 419 417 417 415
-9999 -9999 -9999 -9999 -9999 -9999 -9999 -9999 -9999 -9999 -9999 -9999 -9999 -9999 -9999 -9999 80 84 88 94 99 105 110 117 124 130 138 146 154 164 174 183 193 204 214 223 233 243 252 261 270 279 286 294 301 308 314 319 325 329 333 336 339 341 343 344 345 346 348 349 350 351 353 355 357 360 364 368 373 378 382 388 392 397 402 406 410 413 416 418 420 422 422 423 423 423 422 422 421 420 418 417 416 415 414
-9999 -9999 -9999 -9999 -9999 -9999 -9999 -9999 -9999 -9999 -9999 -9999 -9999 -9999 -9999 79 82 86 92 97 103 109 115 122 129 136 144 152 160 170 179 189 198 208 217 227 236 245 253 261 269 276 284 290 297 303 308 314 318 323 327 330 333 335 337 338 339 341 342 342 344 346 347 349 352 355 359 364 368 373 378 383 388 393 398 402 406 410 413 416 417 419 420 420 420 420 420 419 418 417 416 415 415 413 412
-9999 -9999 -9999 -9999 -9999 -9999 -9999 -9999 -9999 -9999 -9999 -9999 -9999 71 74 78 84 89 95 101 107 114 120 127 135 142 149 157 166 176 185 195 204 213 222 230 238 246 254 261 269 275 282 287 293 298 303 308 312 317 321 324 327 329 331 332 334 335 335 336 338 339 341 343 346 350 354 358 363 368 373 378 384 389 394 398 402 406 409 412 414 416 417 417 417 417 417 416 416 415 414 413 412 411 410
-9999 -9999 -9999 -9999 -9999 -9999 -9999 -9999 -9999 -9999 -9999 -9999 68 70 75 80 86 92 98 104 111 118 125 133 140 148 156 164 173 182 191 200 209 218 226 233 241 248 255 262 268 274 279 285 289 294 298 302 307 312 315 318 321 323 325 327 328 328 330 331 332 333 335 337 341 344 348 353 357 363 368 373 379 384 389 394 398 402 405 408 410 412 413 414 414 414 414 413 412 412 411 410 409 409 408
-9999 -9999 -9999 -9999 -9999 -9999 -9999 -9999 -9999 -9999 -9999 64 67 71 77 82 88 95 101 108 115 123 130 138 146 154 162 171 180 189 198 207 214 223 230 238 244 250 256 262 267 272 277 282 286 290 294 298 303 307 310 313 316 318 320 321 322 323 324 325 326 327 329 331 334 338 342 347 352 357 362 368 373 379 384 388 393 397 401 404 406 407 409 409 410 410 410 409 409 408 408 407 406 406 406
-9999 -9999 -9999 -9999 -9999 -9999 -9999 -9999 -9999 -9999 60 63 67 73 78 84 91 98 104 112 119 127 135 143 152 160 168 177 186 195 204 212 220 228 234 241 246 253 258 263 268 272 276 280 284 287 291 295 298 302 306 309 312 314 315 316 316 317 319 319 320 322 323 326 329 332 337 341 346 352 357 362 368 373 378 383 388 391 395 399 401 403 404 405 405 405 405 405 405 405 404 403 403 402 402
-9999 -9999 -9999 -9999 -9999 -9999 -9999 -9999 -9999 58 61 64 69 74 80 86 93 100 108 115 124 132 140 148 157 165 174 183 192 201 209 217 224 231 238 244 250 254 259 264 268 272 276 280 283 286 289 292 296 299 303 305 308 309 310 311 312 312 313 314 315 316 318 320 323 327 331 336 341 346 351 356 362 367 372 377 382 386 390 393 395 397 399 399 400 400 400 401 400 400 400 400 399 399 398
-9999 -9999 -9999 -9999 -9999 -9999 -9999 -9999 56 58 62 65 70 75 82 88 96 103 111 119 127 135 144 152 161 170 179 188 197 206 214 221 228 235 242 247 252 257 261 265 270 273 276 279 282 286 288 291 294 298 300 302 304 305 306 307 308 308 308 309 310 311 314 315 318 321 325 330 334 340 345 350 356 361 366 371 375 379 383 386 389 391 392 393 394 395 395 395 395 395 395 395 395 395 394
-9999 -9999 -9999 -9999 -9999 -9999 -9999 -9999 56 59 62 66 71 77 84 91 98 106 114 122 130 139 148 156 165 174 183 193 201 210 218 225 232 238 244 250 254 259 263 267 271 274 278 280 283 286 288 291 293 297 299 300 301 302 303 304 304 304 304 304 306 307 309 311 313 316 319 324 328 334 339 344 349 354 359 364 368 372 376 379 382 384 386 387 388 389 389 389 390 391 390 390 390 390 390
-9999 -9999 -9999 -9999 -9999 -9999 54 55 57 60 63 67 72 79 86 93 101 109 117 126 134 142 151 160 169 178 187 196 206 214 221 228 235 241 247 252 257 261 265 269 272 276 279 281 284 286 289 291 294 296 298 299 300 300 301 301 301 300 301 301 301 302 305 306 308 311 314 318 322 327 332 337 342 347 352 356 361 365 369 372 375 377 379 380 381 383 383 384 385 385 385 385 385 385 385
-9999 -9999 -9999 -9999 -9999 52 54 55 58 61 65 69 74 81 88 95 104 112 121 129 137 146 154 163 172 181 191 200 208 217 224 232 238 244 250 255 259 263 268 271 274 278 280 283 286 288 290 292 294 296 297 298 298 299 299 298 298 297 297 297 297 298 300 301 304 306 309 313 316 321 326 331 336 340 345 349 354 358 361 364 367 369 372 373 375 376 377 377 378 379 379 380 380 381 381
-9999 -9999 -9999 51 51 53 54 56 59 62 66 71 76 83 89 98 106 115 124 132 140 148 157 166 175 184 193 202 211 219 227 234 241 247 252 257 261 266 270 273 277 280 282 285 288 290 292 293 295 296 297 298 298 298 297 296 295 295 294 294 294 294 295 296 299 301 304 307 311 315 319 324 329 333 337 342 346 350 353 356 359 362 364 366 367 368 370 371 372 373 373 374 375 375 376
-9999 -9999 51 51 52 53 55 57 60 63 67 72 77 84 91 99 108 117 126 134 142 151 160 169 178 186 195 204 213 221 230 237 244 249 254 259 264 268 272 275 279 282 284 287 290 292 293 295 296 298 298 298 298 297 296 294 293 292 291 290 289 290 290 292 294 295 298 301 305 309 313 317 322 326 330 334 338 342 345 348 351 354 356 358 360 361 363 364 366 367 367 369 369 370 370
-9999 50 51 51 52 54 55 58 60 64 68 73 79 86 92 100 109 117 126 135 144 152 162 171 180 189 198 206 215 224 232 240 247 252 257 262 266 270 274 278 281 284 287 289 291 293 295 297 298 299 299 298 297 296 295 294 291 289 287 286 285 285 286 287 288 290 293 295 299 302 306 311 315 319 323 327 330 334 337 340 343 345 348 350 352 354 355 357 358 360 362 363 363 364 365
50 50 51 52 53 54 56 58 61 65 70 74 80 86 93 101 109 117 126 135 144 154 163 173 182 192 200 209 218 227 235 242 249 255 260 264 268 272 276 280 283 286 289 292 293 295 297 299 300 300 300 299 298 296 294 292 290 287 284 283 281 281 281 282 283 285 287 290 293 296 299 304 308 312 316 319 322 326 329 332 335 337 339 342 344 346 348 350 352 353 355 357 358 359 360
51 51 51 53 53 55 56 59 62 65 70 75 81 87 94 101 109 116 125 135 145 155 164 174 184 194 203 212 221 230 237 245 252 257 262 266 270 274 278 282 285 288 291 294 295 298 299 301 302 301 300 300 298 296 294 291 288 285 282 280 278 277 277 277 278 279 281 284 287 290 294 297 301 305 308 312 315 318 321 324 326 329 332 334 336 338 341 343 345 347 349 350 352 354 354
51 52 52 52 54 55 57 60 63 66 70 76 81 88 94 102 110 117 126 135 145 155 165 175 186 196 205 214 224 232 240 247 254 258 264 268 272 276 280 283 287 290 293 296 298 300 302 303 303 303 302 301 298 296 294 290 287 284 280 278 276 274 273 273 273 274 276 278 281 284 288 292 295 298 302 305 307 310 313 316 318 321 324 326 328 331 333 335 338 340 342 344 346 348 349
51 52 52 53 54 56 57 60 63 67 71 76 82 88 95 102 110 117 126 135 145 155 165 176 186 196 206 216 225 234 242 249 255 259 264 268 272 277 281 284 288 291 295 298 300 302 304 305 305 305 303 301 299 296 293 289 286 282 279 276 273 271 270 269 269 269 271 273 275 279 282 286 289 293 295 298 300 303 305 308 311 313 316 318 321 323 326 328 331 334 336 338 340 342 344
52 53 52 53 55 56 58 60 64 67 71 76 82 88 95 102 110 118 126 135 144 154 164 175 185 196 206 217 227 234 243 249 256 260 264 268 272 276 281 285 289 293 296 299 302 305 306 307 307 306 304 302 300 296 293 289 285 281 278 274 271 269 266 265 265 265 266 268 271 274 277 280 284 287 290 292 294 296 299 301 303 306 308 311 313 316 319 321 324 327 330 332 335 337 339
52 53 53 53 55 57 58 61 63 67 72 77 82 89 95 102 110 118 126 134 143 153 163 173 183 194 205 216 226 234 242 248 256 259 262 266 271 275 280 285 289 294 298 300 304 306 308 309 309 307 306 303 300 296 292 288 284 280 276 272 269 266 263 261 261 260 262 264 266 269 272 276 279 282 285 288 289 291 292 294 296 298 301 303 306 309 311 314 317 320 324 326 329 332 334
52 53 53 54 55 56 58 60 64 67 71 76 82 89 96 103 110 117 125 133 142 151 161 171 181 192 202 213 222 231 239 246 252 255 258 263 268 274 279 284 289 293 298 301 304 307 309 310 310 308 306 303 300 296 292 288 283 279 275 271 267 264 260 258 257 256 258 260 263 265 269 271 275 278 281 284 285 286 286 288 290 292 294 296 299 302 305 308 311 314 317 320 324 326 328
-9999 -9999 53 54 56 56 58 61 63 67 71 76 82 88 96 103 109 116 124 131 140 148 157 167 178 188 199 209 218 227 235 242 246 249 253 259 266 271 277 282 288 292 297 301 304 307 310 310 310 309 307 304 300 296 292 288 283 279 274 270 265 261 258 255 253 254 255 257 260 262 266 268 271 274 276 278 279 280 281 282 284 285 288 290 292 295 298 301 304 307 311 314 317 320 323
-9999 -9999 -9999 54 55 57 58 60 63 66 70 75 81 88 95 102 108 115 122 129 137 145 153 163 173 184 194 204 214 222 230 236 241 245 250 256 263 269 274 280 286 290 295 299 302 306 309 310 310 308 306 303 300 296 292 288 283 279 274 269 264 260 256 252 251 252 254 256 258 261 264 266 269 271 272 273 274 275 276 277 278 280 282 284 286 289 292 295 298 301 304 308 311 314 318
-9999 -9999 -9999 54 55 56 58 60 62 66 69 75 80 86 93 100 106 113 119 126 134 141 148 158 168 179 189 199 208 217 225 231 237 242 247 253 259 265 271 277 283 287 292 297 300 304 307 309 308 307 305 302 299 295 292 288 283 279 274 269 264 259 255 252 251 252 254 256 258 260 263 265 266 268 269 270 271 271 272 272 273 274 276 278 281 283 286 289 292 295 298 302 305 308 311
-9999 -9999 -9999 54 54 56 58 60 62 65 69 73 79 85 91 97 104 110 117 123 130 137 144 153 164 174 184 194 203 211 219 226 232 238 243 250 255 261 267 273 278 284 289 294 298 301 304 305 306 305 303 301 298 295 292 288 283 279 274 269 265 261 257 254 253 253 254 256 258 261 263 265 266 267 267 268 268 268 268 268 269 270 272 273 276 278 281 283 286 289 292 295 298 301 305
-9999 -9999 -9999 53 54 55 57 59 62 64 68 72 77 83 89 95 101 107 113 120 126 133 141 149 159 169 179 188 197 205 213 220 226 232 238 245 250 256 262 268 274 279 284 288 293 297 300 302 303 302 301 300 297 295 292 288 284 280 276 272 267 263 260 257 256 256 257 259 261 263 265 266 266 267 266 266 266 266 266 265 265 266 267 269 271 273 276 278 281 284 286 289 292 294 298
-9999 -9999 -9999 -9999 54 55 56 58 61 64 67 71 76 81 86 92 98 104 110 116 123 130 137 145 155 164 173 182 190 199 206 214 220 226 233 239 245 251 257 263 269 274 279 284 288 292 295 297 298 299 298 297 296 294 291 288 285 281 278 274 270 267 263 261 259 259 261 262 264 266 267 268 268 267 266 265 265 264 263 263 262 263 263 265 267 269 272 274 276 279 281 284 286 288 293
-9999 -9999 -9999 -9999 53 54 56 58 60 63 66 70 74 78 84 89 95 101 107 113 119 126 133 141 150 158 167 175 184 192 199 206 214 220 227 233 239 245 251 257 263 268 273 278 282 286 289 292 293 294 294 294 293 292 290 288 285 283 280 277 274 271 268 265 264 263 264 265 266 268 270 270 269 268 266 265 263 262 260 260 259 259 260 261 263 266 268 270 272 274 277 280 283 285 289
-9999 -9999 -9999 -9999 53 54 55 57 59 62 65 68 72 77 81 86 92 97 103 110 115 122 129 137 145 153 161 169 177 185 192 200 206 213 220 226 232 238 245 250 256 261 267 272 276 280 283 286 288 289 290 290 290 290 289 288 286 284 282 281 279 276 273 271 269 267 268 268 269 271 272 272 270 269 267 265 263 261 259 257 256 256 256 258 260 263 265 267 269 272 275 277 280 282 286
