resultados/variables_proyeccion_tiempo/variables_paleo_21k/bio2.asc
ncols 330
nrows 228
xllcorner -12.000000
yllcorner 34.000000
cellsize 0.166667
NODATA_value -9999
[rows 168 to 209 of 228, columns 190 to 284 of 330]
169 174 174 178 182 181 184 182 186 190 193 184 174 184 190 192 191 193 194 195 194 195 198 201 204 206 208 209 210 211 211 211 211 211 211 211 210 210 208 207 204 201 197 192 188 182 177 171 165 159 152 146 140 134 128 122 117 112 108 104 101 98 96 95 94 -9999 -9999 -9999 -9999 -9999 -9999 -9999 -9999 -9999 -9999 -9999 -9999 -9999 -9999 -9999 -9999 -9999 -9999 -9999 -9999 -9999 -9999 -9999 -9999 -9999 -9999 -9999 -9999 -9999 -9999
162 168 173 174 175 182 183 179 183 186 190 185 181 180 182 188 186 190 191 192 192 192 194 198 201 203 205 206 207 208 209 208 209 209 209 209 208 207 205 203 201 197 194 189 184 179 174 168 162 156 149 143 136 130 125 119 114 109 104 100 97 95 93 92 91 -9999 -9999 -9999 -9999 -9999 -9999 -9999 -9999 -9999 -9999 -9999 -9999 -9999 -9999 -9999 -9999 -9999 -9999 -9999 -9999 -9999 -9999 -9999 -9999 -9999 -9999 -9999 -9999 -9999 -9999
156 157 162 165 160 168 169 176 182 185 186 187 184 177 179 187 181 184 188 190 190 191 193 195 198 200 201 203 203 204 205 205 206 205 205 205 204 203 202 200 198 194 190 186 181 176 171 165 159 153 146 140 134 128 122 117 111 106 102 100 96 93 -9999 -9999 -9999 -9999 -9999 -9999 -9999 -9999 -9999 -9999 -9999 -9999 -9999 -9999 -9999 -9999 -9999 -9999 -9999 -9999 -9999 -9999 -9999 -9999 -9999 -9999 -9999 -9999 -9999 -9999 -9999 -9999 -9999
156 153 154 154 156 167 161 164 176 177 171 178 185 183 181 180 182 175 177 185 189 190 191 193 195 197 198 200 201 201 201 203 203 202 202 202 201 200 198 197 194 192 188 183 179 173 168 162 156 150 144 138 132 126 121 115 110 107 -9999 -9999 -9999 -9999 -9999 -9999 -9999 -9999 -9999 -9999 -9999 -9999 -9999 -9999 -9999 -9999 -9999 -9999 -9999 -9999 -9999 -9999 -9999 -9999 -9999 -9999 -9999 -9999 -9999 -9999 -9999 -9999 -9999 -9999 -9999 -9999 -9999
155 149 151 151 155 163 158 158 165 173 177 178 183 183 180 179 181 181 174 178 183 188 188 190 191 193 195 196 197 197 198 198 198 199 199 199 198 197 195 194 191 189 186 181 177 171 166 160 154 148 143 137 131 125 120 115 -9999 -9999 -9999 -9999 -9999 -9999 -9999 -9999 -9999 -9999 -9999 -9999 -9999 -9999 -9999 -9999 -9999 -9999 -9999 -9999 -9999 -9999 -9999 -9999 -9999 -9999 -9999 -9999 -9999 -9999 -9999 -9999 -9999 -9999 -9999 -9999 -9999 -9999 -9999
155 148 147 149 154 155 159 155 157 168 168 172 180 182 179 174 179 182 181 180 175 177 182 184 188 189 190 192 192 192 194 193 195 194 195 196 195 194 192 189 187 185 183 178 174 169 164 158 152 147 142 136 130 124 121 -9999 -9999 -9999 -9999 -9999 -9999 -9999 -9999 -9999 -9999 -9999 -9999 -9999 -9999 -9999 -9999 -9999 -9999 -9999 -9999 -9999 -9999 -9999 -9999 -9999 -9999 -9999 -9999 -9999 -9999 -9999 -9999 -9999 -9999 -9999 -9999 -9999 -9999 -9999 -9999
144 149 143 146 146 149 156 157 158 164 163 170 176 178 179 172 172 173 178 180 180 179 179 179 184 184 186 185 185 187 189 190 191 191 190 191 190 190 188 186 184 182 179 175 171 166 160 155 150 145 140 135 129 126 -9999 -9999 -9999 -9999 -9999 -9999 -9999 -9999 -9999 -9999 -9999 -9999 -9999 -9999 -9999 -9999 -9999 -9999 -9999 -9999 -9999 -9999 -9999 -9999 -9999 -9999 -9999 -9999 -9999 -9999 -9999 -9999 -9999 -9999 -9999 -9999 -9999 -9999 -9999 -9999 -9999
139 140 137 139 148 152 153 156 160 160 161 165 167 166 173 165 165 171 173 176 177 179 180 178 178 178 179 178 178 182 179 178 180 183 183 184 185 183 183 182 181 180 178 174 169 164 158 153 148 144 139 134 130 -9999 -9999 -9999 -9999 -9999 -9999 -9999 -9999 -9999 -9999 -9999 -9999 -9999 -9999 -9999 -9999 -9999 -9999 -9999 -9999 -9999 -9999 -9999 -9999 -9999 -9999 -9999 -9999 -9999 -9999 -9999 -9999 -9999 -9999 -9999 -9999 -9999 -9999 -9999 -9999 -9999 -9999
132 135 130 140 148 150 151 153 158 158 159 165 163 167 168 159 162 168 172 174 173 168 174 176 176 177 178 176 176 180 183 183 182 184 185 184 185 185 185 184 182 180 177 172 168 163 157 152 148 144 139 134 131 -9999 -9999 -9999 -9999 -9999 -9999 -9999 -9999 -9999 -9999 -9999 -9999 -9999 -9999 -9999 -9999 -9999 -9999 -9999 -9999 -9999 -9999 -9999 -9999 -9999 -9999 -9999 -9999 -9999 -9999 -9999 -9999 -9999 -9999 -9999 -9999 -9999 -9999 -9999 -9999 -9999 -9999
128 129 135 140 145 147 148 149 154 157 161 162 166 166 161 158 161 167 169 170 171 168 169 171 173 175 177 178 179 181 181 181 181 181 182 182 184 184 183 182 181 179 175 172 168 163 157 152 148 144 139 135 131 -9999 -9999 -9999 -9999 -9999 -9999 -9999 -9999 -9999 -9999 -9999 -9999 -9999 -9999 -9999 -9999 -9999 -9999 -9999 -9999 -9999 -9999 -9999 -9999 -9999 -9999 -9999 -9999 -9999 -9999 -9999 -9999 -9999 -9999 -9999 -9999 -9999 -9999 -9999 -9999 -9999 -9999
132 133 136 138 139 142 146 142 144 154 152 158 164 164 160 160 161 160 168 169 169 161 160 161 165 171 175 176 177 178 178 179 179 179 180 180 181 181 181 180 179 178 175 172 168 163 158 153 149 145 140 135 131 -9999 -9999 -9999 -9999 -9999 -9999 -9999 -9999 -9999 -9999 -9999 -9999 -9999 -9999 -9999 -9999 -9999 -9999 -9999 -9999 -9999 -9999 -9999 -9999 -9999 -9999 -9999 -9999 -9999 -9999 -9999 -9999 -9999 -9999 91 90 90 -9999 -9999 -9999 -9999 -9999
129 130 130 134 136 136 134 136 147 153 156 158 163 163 162 157 154 158 162 164 167 159 153 155 159 163 167 170 172 172 174 175 176 176 177 178 178 178 178 177 178 177 174 171 167 163 159 155 150 146 141 136 131 -9999 -9999 -9999 -9999 -9999 -9999 -9999 -9999 -9999 -9999 -9999 -9999 -9999 -9999 -9999 -9999 -9999 -9999 -9999 -9999 -9999 -9999 -9999 -9999 -9999 -9999 -9999 114 112 110 105 99 98 97 95 95 94 93 91 90 92 -9999
126 127 127 129 130 128 127 142 144 149 154 159 160 161 161 161 161 161 159 160 164 159 158 161 158 159 158 159 163 160 164 166 169 171 172 174 174 175 176 175 175 176 173 171 168 163 159 156 152 147 142 137 131 128 125 -9999 -9999 -9999 -9999 -9999 -9999 -9999 -9999 -9999 -9999 -9999 -9999 -9999 -9999 -9999 -9999 -9999 -9999 -9999 -9999 -9999 -9999 128 127 126 122 121 120 117 114 112 109 106 105 104 104 102 99 98 98
122 125 124 125 129 126 130 139 139 143 138 151 158 158 159 158 154 153 155 154 157 157 147 154 156 154 154 155 158 156 157 158 163 165 168 169 170 171 173 175 175 176 175 174 172 168 163 156 152 149 143 137 132 128 124 -9999 -9999 -9999 -9999 -9999 -9999 -9999 -9999 -9999 -9999 -9999 -9999 -9999 -9999 -9999 -9999 -9999 -9999 -9999 -9999 131 133 134 130 131 131 130 129 128 127 125 124 124 122 121 121 120 116 111 111
118 120 123 122 128 128 127 136 137 144 143 150 153 155 155 154 154 155 153 151 154 159 153 151 157 156 155 153 152 152 155 157 159 161 163 164 165 166 169 171 173 174 175 176 176 174 168 161 155 150 144 138 133 128 124 121 118 -9999 -9999 -9999 -9999 -9999 -9999 -9999 -9999 -9999 -9999 -9999 -9999 -9999 -9999 123 120 125 132 140 144 144 140 138 139 137 136 136 136 135 132 129 128 128 127 128 130 126 125
116 116 117 119 124 126 128 134 136 140 146 145 148 150 151 151 151 152 152 151 152 155 155 150 152 153 154 152 154 152 151 154 156 157 159 160 161 162 165 168 169 172 173 175 178 177 170 162 155 150 144 139 133 128 124 121 118 117 118 119 119 120 121 120 121 122 -9999 -9999 -9999 126 128 126 125 130 138 147 150 145 148 146 146 144 145 146 148 144 139 137 139 138 135 134 134 138 139
112 115 116 120 119 123 129 130 133 139 144 143 145 145 145 144 148 149 149 149 149 150 151 148 148 150 148 150 151 151 150 151 152 152 153 154 155 156 160 163 165 167 168 170 171 169 162 156 152 149 144 139 134 129 125 123 120 119 120 120 121 123 124 125 126 -9999 -9999 -9999 -9999 134 136 136 138 142 146 151 154 151 160 159 158 157 155 152 150 147 146 146 146 147 147 146 146 143 141
110 113 116 116 119 123 128 128 132 136 143 141 141 138 141 142 145 146 146 146 146 147 148 148 146 147 149 149 146 146 148 148 149 149 150 151 152 151 155 159 161 162 162 163 161 157 151 146 145 145 141 137 133 130 126 124 124 126 126 127 127 129 130 132 132 133 134 137 138 142 145 146 148 151 150 153 147 163 165 163 162 157 153 151 150 150 151 152 153 155 156 158 158 157 154
108 111 114 116 115 120 124 126 130 126 140 140 132 140 144 142 142 143 142 142 142 142 143 143 144 143 142 144 145 144 144 143 143 143 143 144 146 148 150 153 155 156 156 156 153 149 142 137 140 139 138 136 133 131 128 127 131 133 134 133 134 135 136 138 140 141 142 144 147 151 154 151 151 157 157 151 152 162 158 158 160 163 161 164 160 157 157 158 160 164 166 168 168 169 167
106 109 110 114 113 117 123 124 127 126 134 137 139 139 142 142 141 140 139 138 138 139 139 139 140 140 140 140 140 139 138 138 137 137 137 138 139 141 144 146 149 150 151 150 148 145 138 136 -9999 -9999 -9999 -9999 -9999 -9999 -9999 -9999 136 140 141 141 141 141 143 145 147 148 149 150 151 156 157 160 161 155 157 157 156 154 159 163 164 165 167 170 166 165 164 165 169 172 176 177 176 178 176
103 106 109 110 110 114 119 122 125 130 129 136 138 130 138 141 140 138 136 134 135 135 136 135 135 135 136 135 135 134 133 132 131 130 130 130 130 132 135 138 142 144 146 146 144 140 136 135 133 133 135 136 137 139 141 142 144 146 145 145 143 143 144 149 150 150 152 150 154 153 154 153 149 150 156 157 159 164 161 160 168 167 171 180 178 175 176 177 180 183 180 188 183 186 185
100 104 106 110 111 114 113 118 124 130 131 130 135 134 134 138 139 137 135 133 133 133 133 132 132 132 131 130 130 130 130 -9999 128 125 123 124 124 126 129 131 136 140 143 144 143 140 136 133 134 134 134 138 140 143 146 148 150 149 150 150 149 149 152 154 154 155 154 153 156 157 158 161 161 157 156 164 170 169 170 166 169 180 179 184 185 184 184 184 182 183 189 192 191 191 192
98 100 105 108 111 113 113 117 120 127 131 130 134 137 134 134 139 137 135 133 132 131 130 130 129 128 127 126 124 -9999 -9999 -9999 -9999 -9999 -9999 -9999 111 112 116 124 131 138 142 143 143 142 139 137 137 136 137 141 144 147 150 154 156 153 152 153 152 151 155 157 158 158 160 160 158 160 163 164 164 163 169 172 174 175 181 177 179 178 181 184 184 184 187 188 185 186 187 192 190 195 195
99 100 103 106 107 114 116 113 116 124 130 132 133 134 134 131 128 138 135 133 131 130 128 127 125 124 123 122 122 -9999 -9999 -9999 112 110 108 107 105 105 110 119 130 138 140 143 143 142 141 142 142 142 142 145 148 150 151 151 143 134 153 154 155 157 159 161 163 162 163 164 162 162 166 168 168 168 172 176 176 188 179 181 177 170 178 178 178 179 189 190 186 190 186 192 189 190 193
99 102 105 106 109 113 110 112 113 119 126 131 131 132 137 136 134 136 135 133 130 128 127 125 123 121 120 -9999 -9999 -9999 -9999 110 109 106 103 100 98 98 102 116 131 139 141 141 140 141 143 144 144 145 146 147 149 152 152 153 151 147 143 151 153 160 164 163 162 161 160 160 158 156 156 160 163 164 169 174 180 187 186 178 172 174 177 175 176 181 188 186 184 182 177 182 187 188 191
97 101 104 104 108 112 113 116 114 115 124 130 132 130 138 139 141 136 132 132 129 127 125 -9999 -9999 -9999 -9999 -9999 -9999 -9999 -9999 105 104 101 98 96 95 94 97 114 132 137 135 131 137 141 142 144 145 147 149 150 148 150 153 152 154 154 156 158 153 157 163 165 167 166 164 163 161 160 158 159 161 165 166 170 178 175 177 170 170 170 172 171 171 181 186 192 196 196 181 180 188 192 193
97 100 103 105 107 110 111 115 113 113 115 126 133 135 136 138 140 137 133 130 128 126 -9999 -9999 -9999 -9999 -9999 106 105 104 99 99 98 96 94 93 92 93 98 111 122 128 130 134 137 139 142 144 147 149 151 152 152 153 156 158 158 158 160 159 160 160 163 165 165 163 163 162 159 155 153 155 159 163 164 166 172 170 173 170 168 166 170 166 170 176 176 179 191 192 186 189 191 191 193
-9999 99 101 103 105 106 109 111 113 114 115 122 129 132 133 135 134 133 131 128 125 123 119 -9999 -9999 -9999 106 104 99 -9999 97 95 93 92 92 91 90 91 99 105 113 119 124 130 133 135 141 145 146 150 152 152 151 148 154 156 154 162 159 162 157 159 164 159 159 162 162 161 159 156 153 154 157 162 164 166 167 167 169 167 167 169 167 162 164 168 172 178 183 185 189 189 188 188 192
-9999 -9999 99 100 102 105 108 110 113 114 116 113 120 127 129 130 129 129 128 126 123 121 118 114 112 107 104 101 97 93 -9999 -9999 -9999 86 87 87 88 91 96 101 106 110 117 126 130 136 141 146 146 149 152 153 151 153 150 158 157 166 158 166 164 163 163 162 160 162 160 160 159 158 156 156 157 161 165 167 167 167 167 167 167 166 168 166 164 166 170 174 180 182 185 187 187 190 192
-9999 -9999 -9999 98 100 102 104 107 109 110 114 115 116 119 123 124 125 123 124 123 121 119 116 113 109 105 100 97 90 88 -9999 -9999 -9999 86 83 85 86 89 92 97 102 105 112 121 128 135 140 142 151 152 148 148 150 152 154 157 162 160 166 164 161 163 165 163 162 159 157 159 160 159 158 157 159 162 164 167 168 168 167 167 168 168 168 167 169 170 173 174 176 179 181 183 187 189 191
-9999 -9999 -9999 -9999 -9999 99 101 103 105 108 112 114 114 116 120 120 120 121 121 121 119 118 115 111 -9999 102 -9999 91 87 83 82 -9999 81 82 82 83 85 86 -9999 98 100 102 110 118 126 132 136 145 153 152 150 151 151 154 157 159 162 168 167 162 157 162 163 162 162 162 160 159 158 155 156 157 158 161 164 165 166 165 168 168 169 169 170 169 168 170 172 175 176 175 177 179 184 189 191
-9999 -9999 -9999 -9999 -9999 95 97 99 101 104 107 109 111 113 114 115 119 119 120 119 117 115 113 111 107 101 97 91 85 83 81 81 -9999 80 80 82 82 -9999 -9999 92 95 101 108 116 123 129 137 145 152 154 152 150 150 152 154 157 160 163 162 163 166 162 159 162 160 162 162 160 161 157 155 155 158 161 164 166 166 166 166 166 168 170 171 172 171 169 170 171 174 175 177 179 182 186 192
-9999 -9999 -9999 -9999 -9999 91 92 94 97 99 102 106 110 112 114 113 117 116 118 118 116 115 111 109 106 104 97 90 -9999 -9999 -9999 -9999 -9999 -9999 78 79 80 84 87 90 95 100 106 114 120 126 131 143 149 155 155 149 147 149 150 153 156 159 161 164 162 162 161 160 156 158 158 159 157 156 154 154 155 158 163 166 167 166 166 166 168 171 173 175 176 172 168 169 169 170 170 173 175 181 174
-9999 -9999 -9999 -9999 85 88 89 90 92 94 98 102 107 110 113 115 115 118 118 116 115 113 111 108 105 100 95 90 84 82 -9999 77 -9999 -9999 -9999 78 79 82 85 88 92 98 104 109 114 121 129 139 143 143 143 143 141 144 148 151 153 156 160 163 162 162 163 161 154 156 156 154 151 148 149 152 154 157 162 166 167 166 166 167 168 171 174 177 179 176 171 168 168 167 168 168 173 177 175
-9999 -9999 -9999 -9999 83 84 85 86 88 90 92 97 103 108 111 111 112 115 116 115 114 113 111 108 104 100 94 89 84 -9999 -9999 -9999 -9999 -9999 -9999 -9999 -9999 79 82 86 90 94 100 104 110 118 129 137 146 152 147 143 143 143 145 149 150 154 160 163 166 164 160 159 156 154 155 154 152 148 146 149 152 156 160 162 164 164 164 165 168 170 174 176 177 175 170 167 163 164 167 167 170 173 173
-9999 -9999 -9999 -9999 80 80 81 82 84 86 89 96 102 107 110 112 114 115 112 112 112 111 109 106 103 99 92 89 86 80 77 -9999 -9999 -9999 71 -9999 -9999 75 79 82 86 90 94 99 105 114 127 140 144 147 145 143 144 145 147 148 151 156 160 164 166 166 166 161 154 152 152 154 147 147 146 145 148 149 148 149 153 160 162 162 166 169 172 174 175 173 167 161 158 157 164 164 164 164 168
-9999 -9999 -9999 -9999 -9999 77 77 78 80 83 88 95 101 105 110 109 110 116 114 111 109 107 105 103 101 96 90 85 81 77 75 73 70 -9999 -9999 -9999 -9999 -9999 -9999 -9999 -9999 -9999 -9999 94 99 107 122 135 142 140 148 151 150 148 148 150 152 157 162 164 164 167 164 161 161 158 154 153 143 142 147 146 146 147 143 147 152 157 159 160 162 168 170 173 173 171 169 167 165 162 158 156 158 152 162
-9999 -9999 -9999 -9999 -9999 76 76 76 77 81 86 92 99 104 108 112 113 114 112 112 109 103 102 99 95 92 88 83 79 76 72 70 68 65 -9999 -9999 -9999 -9999 -9999 72 74 80 84 86 91 103 116 129 139 148 149 146 147 146 149 149 154 157 162 166 167 162 163 165 158 156 148 150 146 140 144 145 145 142 140 143 150 153 155 158 162 166 169 171 167 168 168 165 163 160 155 154 152 152 160
-9999 -9999 -9999 -9999 -9999 -9999 75 74 75 81 83 88 95 102 103 105 114 113 106 106 105 101 98 93 89 87 84 80 76 72 69 67 66 64 62 -9999 -9999 67 69 71 73 76 80 83 90 100 112 122 130 142 144 136 145 147 149 153 157 159 163 161 163 163 164 158 157 157 154 150 144 141 141 142 141 141 134 140 145 147 151 154 158 163 165 167 167 167 166 162 157 154 153 153 152 156 156
-9999 -9999 -9999 -9999 -9999 -9999 -9999 -9999 -9999 -9999 -9999 87 93 99 105 108 110 109 103 99 98 96 94 89 87 84 81 76 72 70 65 64 62 61 60 60 61 -9999 65 -9999 71 73 77 82 89 98 109 118 126 130 139 138 137 145 149 150 156 157 169 158 156 159 160 154 157 154 151 147 140 141 137 136 134 138 134 132 139 142 146 149 151 158 160 161 160 158 152 149 143 141 144 149 148 149 153
-9999 -9999 -9999 -9999 -9999 -9999 -9999 -9999 67 -9999 -9999 79 88 95 99 102 104 100 102 95 92 89 87 84 81 81 -9999 -9999 70 66 64 61 59 58 57 58 58 60 62 -9999 70 72 75 81 87 95 105 114 123 124 128 133 133 140 146 149 147 156 160 160 156 152 146 155 154 150 146 143 140 138 133 130 132 127 130 129 127 131 136 142 151 155 154 153 151 146 136 130 136 141 144 142 137 144 150
-9999 -9999 -9999 -9999 -9999 -9999 -9999 -9999 -9999 -9999 -9999 74 83 90 96 94 96 96 95 91 84 84 -9999 -9999 -9999 -9999 -9999 -9999 66 64 60 58 57 56 56 57 57 59 60 -9999 66 69 74 79 84 92 100 107 113 117 121 126 132 138 138 142 151 151 150 153 150 146 148 152 149 144 138 135 135 134 132 130 129 121 119 119 120 125 132 134 140 144 143 140 137 133 130 131 138 138 131 128 133 142 148
