resultados/variables_proyeccion_tiempo/variables_paleo_21k/bio2.asc
ncols 330
nrows 228
xllcorner -12.000000
yllcorner 34.000000
cellsize 0.166667
NODATA_value -9999
[rows 126 to 167 of 228, columns 190 to 284 of 330]
273 274 275 275 276 276 276 277 277 278 279 279 280 281 282 282 283 284 286 287 288 289 289 288 288 288 288 287 286 286 286 286 286 286 286 286 285 285 285 284 284 284 284 283 282 282 281 280 280 279 278 278 276 276 275 274 273 272 271 269 268 266 265 263 262 261 260 259 258 257 257 255 255 254 254 254 253 252 252 252 251 251 250 250 249 249 248 247 247 246 246 245 244 244 242
270 270 271 271 272 273 273 273 274 274 274 275 276 277 278 279 279 280 282 284 285 286 286 285 285 285 284 284 284 284 284 284 284 283 283 284 284 283 283 283 282 282 282 282 281 280 280 280 279 278 278 277 277 275 275 274 274 273 271 270 268 267 266 264 262 261 260 259 259 258 257 256 256 255 255 254 254 254 253 253 253 252 252 251 250 249 249 248 247 247 246 245 244 243 242
265 266 267 268 269 270 270 271 271 271 272 272 273 274 275 275 276 278 279 279 281 282 282 282 281 280 281 281 280 280 280 281 281 281 281 281 281 281 280 281 280 281 280 280 279 279 279 279 278 278 277 277 277 276 275 275 274 273 271 270 269 267 266 264 263 262 261 260 259 258 258 257 257 256 256 255 255 254 254 254 253 253 252 252 251 250 250 249 248 247 246 245 244 243 242
261 262 263 265 265 267 267 268 268 269 269 269 270 270 272 272 273 273 274 276 276 276 277 277 277 277 276 277 277 277 277 278 278 278 278 278 279 278 278 279 278 278 278 278 278 278 278 278 277 277 277 277 276 276 275 275 274 273 272 271 269 268 266 265 263 262 261 260 260 259 259 258 258 257 256 256 256 256 255 255 254 254 253 252 252 251 250 249 249 247 247 245 244 243 241
258 259 261 262 264 264 265 266 265 266 266 266 266 266 267 268 269 270 271 271 272 272 272 272 272 272 272 273 273 274 274 275 275 276 276 276 276 275 276 276 276 276 276 276 276 276 276 276 276 276 276 276 276 275 275 274 274 273 272 271 270 269 267 266 264 263 262 261 260 260 260 258 258 258 257 257 256 256 256 256 255 255 254 253 252 251 250 249 249 247 246 245 243 242 240
257 258 260 261 262 263 263 262 263 263 263 263 263 264 265 265 265 266 267 267 268 269 268 267 267 268 268 269 270 270 271 272 273 272 273 273 273 273 274 274 274 274 274 274 274 274 275 275 275 275 275 275 275 275 275 274 274 273 272 272 270 269 267 266 265 264 263 262 262 260 260 259 259 258 258 257 257 257 257 257 256 255 254 254 252 252 251 249 249 247 246 244 243 241 239
256 257 257 259 259 260 260 260 260 260 260 260 261 261 261 261 261 262 263 264 264 264 264 264 263 263 264 266 267 268 269 269 269 269 270 270 270 271 271 271 272 272 272 272 272 272 273 273 273 273 274 274 274 274 274 274 274 273 272 272 270 269 268 267 266 264 263 262 262 261 261 260 259 259 258 258 258 257 257 257 257 256 255 254 253 252 251 249 248 247 245 244 242 240 238
252 253 253 255 255 257 257 257 257 257 258 258 258 258 258 258 258 258 258 260 260 261 261 261 261 260 261 262 263 264 265 265 266 267 267 267 268 268 268 269 269 269 269 269 270 270 270 271 271 272 272 272 273 273 274 274 273 273 272 272 271 269 269 267 266 265 264 263 262 262 261 260 259 259 258 258 258 258 257 257 257 256 255 254 253 252 251 249 248 247 245 243 241 239 237
248 250 249 249 253 256 255 253 254 253 254 255 255 255 255 255 254 254 256 257 258 258 259 259 258 259 258 260 261 262 262 263 264 264 265 265 266 265 266 266 266 266 267 267 268 268 269 269 270 270 270 271 272 272 272 273 272 272 272 271 271 269 268 267 266 265 264 263 263 262 261 261 260 259 259 258 258 258 258 257 257 256 255 254 253 252 250 249 247 246 244 243 240 238 235
247 248 249 251 252 249 250 250 250 251 252 252 252 251 252 253 253 252 252 253 254 256 256 257 257 257 258 258 259 260 260 261 261 262 262 263 263 263 263 264 264 264 265 265 266 266 267 267 268 268 269 269 270 271 271 271 272 271 271 271 270 269 268 267 266 265 264 264 263 262 262 261 260 260 259 259 258 258 258 257 257 256 255 254 253 252 250 249 247 246 243 242 239 237 234
231 231 230 236 250 248 249 249 248 251 253 253 252 251 250 248 249 250 250 251 251 252 252 254 255 256 256 257 258 259 259 259 260 260 260 261 261 261 261 261 262 262 262 263 263 264 264 265 265 266 267 267 268 269 270 270 270 270 270 270 269 268 267 266 266 265 264 264 263 262 262 261 261 260 259 259 259 258 258 258 257 256 255 254 253 252 250 249 246 245 242 240 238 235 232
242 241 237 247 250 246 247 248 250 251 252 252 252 252 251 249 248 247 247 248 249 248 250 252 253 254 254 255 256 257 258 258 258 258 258 258 258 259 259 259 259 260 260 260 261 262 262 263 263 264 264 265 266 267 268 268 268 268 269 268 268 267 266 266 265 264 264 264 264 263 262 262 261 261 260 260 259 259 259 259 258 257 256 255 253 252 250 248 246 244 241 239 236 234 230
235 237 235 241 247 249 249 249 249 251 247 251 253 252 249 249 251 249 247 246 247 247 248 248 249 252 253 254 254 255 256 256 256 256 256 256 257 257 257 257 257 258 258 258 259 260 260 261 261 262 262 263 264 265 266 266 266 266 267 266 266 266 265 264 265 264 264 264 264 263 263 263 262 262 261 261 260 260 260 260 259 258 256 255 254 252 250 248 245 243 241 238 234 232 228
241 239 244 244 248 244 245 247 247 251 251 249 253 253 253 251 249 250 248 247 248 246 247 246 246 246 249 251 253 254 254 255 255 255 254 255 255 255 255 255 255 256 255 256 257 257 258 258 259 260 260 261 262 262 263 264 264 264 264 264 264 264 264 263 264 263 263 264 263 264 263 263 263 263 263 262 262 262 261 261 260 258 257 256 254 252 250 247 245 242 239 236 233 230 226
240 245 247 250 249 249 249 251 251 251 249 251 252 252 252 252 251 250 248 249 248 245 247 246 244 243 244 246 249 251 252 253 253 253 253 253 253 253 253 253 253 253 254 254 255 255 256 256 257 257 258 259 259 260 260 261 261 261 262 262 262 262 262 262 263 263 263 263 264 263 264 264 264 264 264 264 264 264 263 262 261 260 258 257 254 252 250 247 245 241 238 235 232 228 224
245 246 247 248 249 250 251 251 250 250 248 250 251 251 252 252 252 251 251 249 247 249 246 246 243 243 243 244 244 248 248 250 252 252 252 252 251 250 250 250 251 251 252 252 252 253 254 254 255 255 256 256 257 257 258 258 259 259 260 260 260 260 260 261 261 262 262 262 263 264 265 265 265 265 266 266 266 265 264 264 263 261 260 258 255 253 250 248 244 240 237 234 230 226 222
241 242 244 247 247 249 250 250 250 249 249 250 250 250 250 251 251 250 251 250 250 249 250 247 246 245 242 242 244 244 244 246 248 249 249 249 248 248 248 248 249 249 250 250 250 251 251 252 252 253 253 254 255 255 255 256 256 256 257 257 258 258 258 259 260 261 261 263 263 264 265 266 266 267 268 268 267 267 266 266 264 263 261 258 256 254 250 248 244 240 236 232 228 224 220
237 238 241 243 241 242 248 250 250 250 250 250 250 250 249 249 250 250 250 250 250 248 249 250 249 248 245 244 242 238 243 245 245 244 245 246 246 245 245 246 246 247 247 248 248 248 249 249 250 250 251 251 252 252 252 253 253 254 254 255 255 256 256 257 258 260 260 262 263 264 265 267 268 269 269 269 269 269 268 268 266 265 262 259 257 254 251 247 243 240 235 231 226 222 218
233 233 238 241 243 245 247 248 248 249 249 248 248 248 248 248 248 249 249 249 249 249 248 243 245 248 246 243 239 238 238 240 241 241 241 243 244 243 244 243 244 245 245 246 246 246 247 247 248 248 248 248 249 249 250 250 250 251 251 252 252 253 254 255 256 258 259 261 262 264 266 267 269 269 270 271 271 271 270 270 268 266 264 261 258 254 251 247 243 239 234 230 225 221 216
231 234 237 240 242 244 246 246 247 248 247 247 247 247 247 247 248 248 248 248 248 248 245 243 241 244 246 247 244 241 238 235 236 238 239 239 240 242 242 241 242 243 243 243 244 245 245 245 245 245 246 246 246 246 246 247 248 248 248 248 249 250 251 253 254 256 258 260 262 263 265 267 269 271 272 273 273 273 272 271 270 267 265 261 258 254 250 246 242 237 232 228 223 218 213
228 232 235 238 240 243 244 245 246 246 246 245 246 246 246 246 247 247 247 246 245 246 247 247 245 243 241 241 242 236 234 232 234 236 236 238 237 239 240 240 240 240 240 241 242 242 242 243 243 243 243 243 244 243 243 244 244 245 245 245 246 247 248 250 251 253 255 257 260 262 265 268 270 272 273 274 275 274 274 273 271 269 266 263 259 254 250 245 240 235 230 225 220 215 211
226 229 233 236 238 241 242 243 245 245 245 245 245 245 245 245 245 245 245 244 244 245 244 244 244 244 244 243 244 239 240 238 235 234 233 233 235 235 236 237 237 237 237 238 239 240 240 240 240 240 240 240 240 240 240 240 241 241 242 242 243 243 244 246 248 250 253 255 258 261 264 267 270 272 274 275 276 276 275 274 272 269 266 263 259 255 250 244 239 234 228 223 218 213 208
223 227 231 234 237 239 241 243 244 244 244 244 244 244 244 244 243 243 242 243 242 243 242 243 243 244 245 247 247 245 241 236 233 230 230 230 231 230 232 234 235 235 235 235 237 237 238 238 238 238 237 236 236 236 237 237 238 238 238 238 239 240 241 242 244 246 249 252 256 259 262 266 269 272 274 275 276 276 275 274 272 270 266 263 259 254 249 243 237 232 226 220 215 209 204
221 225 229 232 235 237 240 241 242 243 243 243 243 243 242 241 239 238 239 239 239 241 240 240 241 244 244 246 247 245 236 231 229 225 228 228 226 230 229 230 232 232 233 233 233 234 234 235 235 235 234 233 233 233 233 233 234 234 234 234 234 235 236 237 239 242 244 248 252 256 260 264 267 270 273 275 276 276 275 274 271 269 266 262 257 252 247 241 235 228 222 216 210 206 200
220 224 227 231 234 236 238 240 241 242 243 243 242 241 240 239 236 236 234 235 237 237 237 238 240 241 243 243 244 243 241 237 232 230 231 227 226 226 228 228 230 230 230 230 230 230 231 231 231 231 231 230 230 229 229 229 230 230 229 229 229 230 230 232 234 236 239 243 248 252 256 261 265 269 271 274 275 275 274 273 271 268 265 261 256 251 245 238 231 225 218 212 206 201 196
218 222 226 229 232 234 237 239 240 241 241 242 241 241 240 240 237 229 224 229 230 232 235 236 238 239 241 242 242 242 241 237 229 224 230 226 221 223 222 222 226 228 227 228 227 227 227 228 228 227 228 227 226 226 225 226 225 224 224 224 224 224 225 226 228 230 233 237 243 247 252 257 261 265 269 272 273 273 272 270 268 265 262 258 254 249 242 235 227 220 213 206 201 196 191
217 221 224 228 230 233 235 237 238 239 240 240 240 239 236 232 236 230 222 223 221 222 229 233 236 239 240 240 240 240 239 236 233 226 224 223 225 220 219 218 221 224 224 225 224 224 224 224 225 224 224 224 223 222 222 221 220 219 219 218 218 218 219 220 221 223 226 231 236 241 246 251 256 261 265 268 269 269 268 266 263 261 258 254 251 245 238 230 222 214 207 200 195 190 185
214 219 223 227 229 231 234 235 237 238 238 239 238 238 237 233 231 229 222 225 224 224 228 231 236 238 238 239 239 238 237 235 233 228 227 218 224 219 216 218 221 221 222 222 221 221 221 221 221 221 220 220 219 218 218 216 215 214 213 212 211 211 212 212 214 216 219 224 229 234 240 245 250 255 259 262 264 264 262 261 258 255 252 249 246 241 233 224 215 207 200 193 188 184 179
212 217 222 224 226 228 230 232 234 236 236 236 234 233 231 231 230 232 228 227 226 223 225 232 236 237 237 238 238 236 235 234 231 230 227 223 218 221 218 213 216 219 220 219 220 219 218 218 217 217 217 217 215 215 214 212 210 208 206 205 204 204 204 204 206 209 212 217 221 227 232 237 242 247 251 254 256 256 255 253 251 248 245 242 237 232 225 217 208 200 191 185 181 177 172
211 215 219 221 223 225 228 230 232 234 234 233 232 231 230 228 229 227 228 228 226 226 228 234 235 235 236 236 235 234 233 231 229 229 226 225 221 218 219 217 213 214 216 216 217 217 216 215 214 213 213 213 212 211 210 208 205 203 200 198 196 196 196 197 198 201 204 208 213 218 223 228 233 238 241 244 246 246 246 244 242 239 236 232 229 223 216 209 201 193 184 178 174 170 166
210 213 216 217 219 221 224 227 229 231 231 230 230 229 229 228 227 227 227 229 227 229 230 231 233 233 234 233 233 233 231 230 228 227 223 224 220 219 220 214 208 211 214 214 215 214 213 212 211 210 210 209 208 208 206 203 200 197 193 190 188 187 187 188 190 193 196 200 204 209 214 218 223 227 231 233 235 235 235 234 232 230 227 223 219 214 208 201 193 186 178 172 168 163 160
210 212 214 215 216 218 221 223 226 228 228 228 227 227 225 222 217 215 220 226 226 223 219 219 219 225 232 233 233 231 229 228 226 224 223 223 221 218 216 209 203 206 211 212 213 213 211 209 208 206 206 205 205 204 202 200 196 191 186 182 180 178 178 179 181 184 187 190 194 199 203 208 212 215 218 221 223 223 223 222 221 219 216 213 209 205 199 192 186 179 172 167 161 157 153
209 211 212 212 213 215 217 219 222 223 224 223 222 222 222 216 215 214 217 221 220 214 208 208 204 208 213 224 215 206 202 204 209 215 220 215 214 211 211 208 205 206 208 210 210 210 208 206 204 203 202 201 201 201 199 196 190 184 178 173 170 169 169 170 172 174 177 181 185 188 192 196 200 203 207 210 210 211 211 211 210 208 205 203 200 195 190 184 178 172 165 160 155 150 146
208 209 209 209 210 211 213 215 217 217 218 218 217 217 216 218 210 203 203 202 210 214 214 203 204 212 216 222 219 214 212 208 211 211 201 208 207 207 209 211 211 211 210 209 208 207 205 203 201 199 198 197 196 196 196 193 184 176 169 163 159 158 159 160 162 164 167 170 174 177 181 184 188 191 192 -9999 196 198 198 198 197 196 195 192 189 186 181 176 170 164 158 153 148 143 139
205 206 206 206 206 207 209 210 212 212 213 213 212 210 203 208 205 195 198 201 206 208 213 210 210 210 213 221 222 222 221 220 219 213 211 214 213 214 215 215 213 212 211 209 207 205 202 200 197 195 193 191 190 190 188 184 176 167 159 152 148 148 149 150 152 155 157 160 163 166 170 172 175 178 180 182 184 184 185 185 185 184 183 181 179 176 172 167 162 156 150 145 141 136 132
199 200 201 201 202 203 204 205 207 208 208 210 205 200 197 205 201 199 207 210 215 217 218 219 220 220 222 224 224 222 222 222 220 219 219 219 218 218 217 215 213 212 210 208 205 202 199 196 193 191 188 185 182 180 178 173 166 158 150 143 139 139 140 141 143 145 147 150 152 155 158 160 163 165 167 169 170 171 172 172 172 171 170 170 168 167 164 158 153 148 143 138 133 129 125
198 198 198 197 198 199 201 202 203 205 206 205 201 200 202 199 202 203 207 211 214 216 216 217 218 219 221 223 221 221 221 222 220 220 220 220 219 219 218 216 214 212 209 205 202 199 196 192 189 186 183 179 174 172 168 163 157 150 143 137 133 132 132 133 134 136 138 140 142 144 147 149 151 152 154 156 157 158 158 159 159 159 158 158 157 156 153 148 143 138 134 130 126 121 117
195 195 195 194 193 194 198 200 201 202 202 203 198 199 195 196 204 204 207 209 210 212 214 215 216 218 219 221 220 220 220 220 220 220 220 220 219 219 218 216 214 210 207 204 200 197 193 189 185 181 177 172 167 163 159 154 148 142 136 130 127 125 125 125 126 127 128 130 132 134 136 140 142 145 -9999 -9999 -9999 149 147 146 146 146 146 146 146 144 141 137 133 129 126 123 118 115 112
191 191 192 191 191 192 194 197 199 200 199 200 196 196 195 198 200 206 206 205 207 209 211 213 214 216 217 219 219 219 219 219 219 219 219 218 218 217 217 215 212 209 205 202 198 194 190 185 180 176 171 166 161 155 151 146 140 135 130 125 122 119 118 118 118 119 120 121 121 127 -9999 -9999 -9999 -9999 -9999 -9999 -9999 -9999 -9999 137 134 134 135 135 134 132 129 126 124 -9999 -9999 -9999 -9999 -9999 -9999
186 188 189 190 189 190 192 194 197 197 197 192 192 190 194 195 200 203 204 203 203 205 208 211 213 214 216 217 217 217 218 218 218 218 217 217 217 216 215 213 210 207 204 200 196 191 187 182 176 171 166 160 154 148 143 138 133 128 123 119 116 113 112 111 111 111 112 112 114 -9999 -9999 -9999 -9999 -9999 -9999 -9999 -9999 -9999 -9999 -9999 127 127 125 123 123 121 119 118 -9999 -9999 -9999 -9999 -9999 -9999 -9999
180 183 185 186 185 186 190 192 194 195 193 189 187 183 188 190 197 201 201 201 201 202 204 207 210 212 213 214 215 215 215 216 216 216 216 215 215 214 213 211 209 206 202 198 193 189 184 178 173 167 161 154 148 142 137 132 127 122 118 114 110 108 106 105 104 104 104 105 -9999 -9999 -9999 -9999 -9999 -9999 -9999 -9999 -9999 -9999 -9999 -9999 -9999 -9999 -9999 116 114 112 112 -9999 -9999 -9999 -9999 -9999 -9999 -9999 -9999
170 174 174 177 182 180 185 190 190 193 192 183 172 177 187 191 194 196 197 198 198 199 201 204 207 210 211 212 213 213 213 214 214 213 213 213 212 212 211 209 207 203 200 195 191 186 180 175 168 163 156 150 143 137 132 127 122 117 112 108 105 102 101 99 98 98 98 100 -9999 -9999 -9999 -9999 -9999 -9999 -9999 -9999 -9999 -9999 -9999 -9999 -9999 -9999 -9999 -9999 -9999 -9999 -9999 -9999 -9999 -9999 -9999 -9999 -9999 -9999 -9999
