resultados/variables_proyeccion_tiempo/variables_paleo_21k/bio2.asc
ncols 330
nrows 228
xllcorner -12.000000
yllcorner 34.000000
cellsize 0.166667
NODATA_value -9999
[rows 84 to 125 of 228, columns 95 to 189 of 330]
391 389 388 388 387 386 386 386 386 386 386 387 388 -9999 -9999 -9999 382 380 379 376 374 372 369 366 363 361 -9999 -9999 -9999 -9999 -9999 354 352 348 343 339 334 329 324 319 315 311 309 307 305 304 303 301 299 297 294 291 288 284 280 276 272 268 264 260 255 251 245 240 234 229 225 221 217 215 214 216 218 221 224 229 233 238 243 248 254 259 264 270 275 280 284 288 292 296 298 302 305 308 311
394 393 392 391 391 390 390 390 390 390 390 390 390 391 390 390 390 -9999 -9999 -9999 -9999 -9999 -9999 -9999 -9999 -9999 -9999 370 369 365 364 360 358 355 352 348 343 339 333 328 323 320 317 315 313 311 310 308 305 302 299 296 293 289 285 282 278 274 269 266 261 257 252 247 242 236 232 227 224 222 221 223 225 229 233 237 242 247 252 257 263 268 274 279 284 288 293 296 300 303 306 309 312 314 317
399 397 396 395 395 394 394 394 394 394 395 394 394 394 394 393 392 392 391 390 389 386 384 382 380 378 377 374 374 372 370 368 366 364 361 358 353 348 343 337 332 328 325 323 320 318 316 314 311 308 305 302 298 295 291 287 283 279 276 272 268 264 259 254 249 244 240 236 232 230 230 232 234 238 242 246 251 256 262 267 272 278 282 288 292 297 301 304 308 311 313 315 318 320 323
402 401 400 399 398 398 398 398 398 398 398 398 398 398 397 397 396 395 394 393 391 390 388 386 385 383 382 381 381 379 378 376 375 372 370 367 362 358 352 346 341 337 334 330 327 325 322 319 316 313 310 306 303 300 296 292 289 285 281 277 274 270 266 262 257 253 249 245 242 241 241 242 245 248 252 257 261 266 271 277 282 287 292 297 301 305 309 312 315 318 321 323 325 327 329
405 404 403 402 402 402 402 401 401 401 402 402 401 401 401 401 400 399 398 397 396 394 393 391 390 389 388 388 388 387 386 384 383 381 378 375 372 366 361 356 351 346 341 338 334 331 328 325 321 318 315 311 308 304 301 297 294 291 287 284 280 277 274 270 266 263 259 256 254 252 252 254 256 259 263 268 272 277 282 287 292 297 302 306 310 314 317 320 323 325 328 330 332 334 335
408 406 406 405 405 405 405 405 405 404 405 405 404 404 404 404 403 403 402 401 400 399 398 396 395 395 394 394 394 393 393 391 390 388 386 383 380 375 369 364 359 354 349 345 340 337 334 330 326 323 319 316 312 309 306 302 299 296 293 290 287 284 281 279 276 273 271 268 265 265 265 266 268 271 275 279 283 288 293 297 302 307 311 315 319 322 326 328 331 333 335 337 339 340 342
410 409 408 407 407 407 407 407 407 407 408 408 407 408 407 407 406 406 405 405 404 403 402 401 400 399 399 400 400 400 400 398 397 395 392 390 386 382 377 372 366 360 355 350 346 342 339 335 331 327 324 320 317 314 310 307 305 302 299 297 294 292 290 288 286 285 282 280 278 277 278 279 281 284 287 291 295 299 304 308 313 317 321 325 328 331 334 336 339 340 343 344 345 347 348
412 411 410 410 410 409 409 409 410 410 410 410 410 410 410 410 410 409 409 408 408 407 406 405 404 402 403 406 406 406 406 405 403 401 398 395 392 388 383 378 373 367 361 355 351 347 343 339 335 331 328 325 321 318 315 313 310 307 305 303 301 299 298 296 296 294 293 291 290 290 290 292 294 297 300 303 307 311 315 319 323 327 331 334 337 340 342 345 346 348 350 351 352 353 354
414 413 412 412 412 412 412 412 412 412 412 412 412 412 412 412 412 412 412 412 411 411 410 410 409 408 408 410 411 411 412 411 409 406 403 400 397 393 389 384 379 373 365 359 354 350 346 342 339 335 331 328 325 323 320 318 315 313 311 309 308 307 306 305 304 304 303 302 302 302 303 305 307 309 313 316 319 322 326 330 333 337 340 343 346 349 351 352 354 356 357 358 359 360 361
415 414 413 413 413 413 413 413 413 413 413 413 414 414 414 414 414 414 414 414 414 414 414 414 414 414 414 415 416 416 417 416 414 411 408 405 401 398 394 390 385 377 368 362 357 352 349 345 342 338 335 332 329 327 324 322 320 319 317 316 315 314 313 313 313 313 313 313 314 314 316 317 320 322 325 328 331 334 337 340 343 347 350 352 355 357 358 360 362 363 364 365 366 367 367
415 414 414 414 414 413 414 414 414 414 414 415 415 415 415 415 415 416 415 416 416 416 417 418 418 419 419 419 419 420 420 420 418 415 411 408 404 400 397 392 388 379 370 363 358 354 351 348 344 341 338 335 333 331 329 327 325 324 323 322 322 321 321 321 321 322 323 324 325 326 328 330 332 335 337 339 343 345 348 351 354 356 358 361 363 364 366 367 369 370 371 372 372 372 372
415 414 414 414 414 414 414 414 414 415 415 415 416 416 416 416 416 416 417 417 417 418 418 420 422 423 423 422 421 422 422 421 420 417 414 410 406 403 398 393 386 378 369 363 359 355 352 349 347 344 342 339 337 335 333 331 330 329 328 328 328 328 328 329 330 330 332 334 336 338 340 342 344 346 349 351 354 356 359 360 363 365 367 369 371 372 373 375 376 377 377 378 378 378 378
414 414 413 413 414 414 414 414 414 415 415 415 415 416 416 416 416 416 416 417 417 418 419 420 422 423 423 423 422 422 422 422 420 418 415 411 408 404 399 392 384 374 366 361 358 355 353 351 349 348 346 344 341 339 336 335 334 334 334 333 334 334 335 336 337 339 341 343 346 349 351 354 356 358 360 362 364 366 368 370 372 374 375 377 378 379 380 381 382 382 382 383 383 383 383
413 413 413 413 413 413 413 414 414 414 414 415 415 415 415 415 416 415 416 416 417 417 418 419 420 421 421 421 421 422 422 422 420 418 416 412 409 405 401 393 383 372 363 360 357 355 353 352 351 350 350 348 345 341 340 339 338 338 338 339 339 340 341 343 344 346 349 352 356 359 362 364 367 369 370 372 374 375 377 379 380 382 383 384 385 386 386 387 388 388 388 388 388 388 387
412 412 412 412 412 412 412 412 412 413 413 413 414 414 414 414 414 414 414 415 415 416 416 417 417 418 418 418 419 420 420 421 420 419 416 413 409 406 403 395 384 373 365 360 357 355 354 353 352 352 351 349 346 344 343 342 342 342 343 344 345 346 348 349 351 353 357 361 365 369 372 375 377 379 381 382 383 384 385 387 388 389 390 390 391 392 392 392 392 392 392 392 392 392 392
410 410 410 410 410 410 410 411 411 411 412 412 412 412 412 412 412 412 412 412 412 413 413 413 414 414 415 415 416 417 418 419 420 418 415 412 408 405 402 395 385 375 367 361 358 356 354 353 352 352 351 349 347 346 346 345 346 347 348 349 351 352 354 355 357 359 364 369 374 379 382 385 387 388 389 390 392 392 393 394 394 395 396 396 397 397 397 397 397 396 396 396 396 395 395
408 408 407 407 408 408 408 409 409 409 409 409 409 410 410 410 410 409 409 409 409 409 409 409 409 409 409 409 410 413 415 417 418 416 412 409 405 401 397 391 384 376 368 362 358 356 355 354 352 352 351 350 348 348 348 348 349 350 352 354 356 358 360 362 364 366 371 377 383 388 392 394 396 397 397 398 398 399 399 400 400 401 401 401 401 401 401 400 400 399 399 398 398 398 398
404 405 405 405 406 406 406 406 406 406 407 407 407 407 407 406 406 406 406 405 405 404 404 404 404 404 403 402 405 408 411 413 413 412 408 404 400 396 393 388 382 376 369 363 359 357 355 354 353 352 350 350 349 348 349 350 351 354 356 358 361 363 366 369 372 375 379 385 391 396 399 401 402 403 404 404 404 404 404 404 404 405 405 404 404 404 404 403 402 401 401 400 400 400 400
402 402 401 402 402 402 402 403 403 403 403 403 403 403 403 402 402 402 401 400 400 399 399 398 398 399 399 399 401 404 407 408 408 407 404 400 394 391 389 386 381 375 370 365 360 358 356 354 352 352 350 350 349 349 351 352 354 356 359 361 364 367 371 375 378 382 387 392 397 402 405 407 407 408 408 408 408 407 407 407 407 407 407 407 406 406 405 404 403 402 401 400 400 401 400
398 398 398 398 399 399 399 399 399 399 399 399 399 399 398 398 397 396 396 395 394 393 392 392 393 394 395 397 398 401 403 404 404 402 400 397 392 389 387 384 380 375 370 366 362 359 356 354 352 351 350 349 349 350 351 353 355 358 360 364 367 370 374 378 382 387 392 396 401 405 408 409 410 410 410 410 410 410 409 409 408 408 408 407 406 406 405 404 402 400 400 400 400 400 401
394 394 394 394 395 395 395 395 395 395 395 395 395 394 394 392 392 391 390 388 387 386 385 385 385 387 390 392 395 397 399 400 400 400 398 395 391 388 386 382 379 374 370 366 362 359 356 354 352 351 350 349 349 350 352 354 356 359 362 365 369 372 376 381 385 389 393 398 402 406 409 410 411 411 411 410 410 410 409 408 408 407 407 406 405 404 403 402 400 399 398 398 398 399 399
390 390 390 390 390 391 391 391 391 391 390 390 390 389 388 387 386 385 383 382 380 379 378 378 378 381 384 388 391 394 396 397 397 396 395 392 389 387 384 381 377 374 370 366 362 358 356 353 351 350 349 348 349 350 352 354 356 359 362 366 370 373 377 382 386 390 394 398 401 405 407 408 409 410 410 409 408 408 407 406 406 405 404 403 402 401 400 399 398 397 396 396 396 396 396
386 386 386 386 386 386 386 386 386 386 385 385 384 384 383 381 380 378 376 374 373 372 370 370 370 374 379 383 387 390 392 392 392 392 390 388 386 384 381 379 375 372 369 365 361 358 355 352 350 348 347 348 348 350 351 353 356 359 362 366 369 372 377 381 385 389 392 396 399 402 404 405 406 406 406 406 405 405 404 403 402 402 400 399 398 397 396 395 395 394 393 393 393 392 392
381 380 381 381 381 381 381 381 381 380 380 380 379 379 378 376 374 372 369 367 366 365 364 364 365 369 374 379 383 387 387 388 387 386 385 384 382 380 378 376 373 370 367 364 360 357 353 350 348 347 346 347 348 349 351 353 355 358 361 365 368 372 376 379 383 386 389 392 395 397 399 400 401 402 402 401 401 400 399 398 397 397 396 395 394 393 392 391 390 390 389 389 389 389 388
376 377 376 376 376 376 376 376 376 375 375 375 374 374 372 370 369 366 363 360 358 358 358 359 361 364 369 374 380 383 383 382 381 381 380 379 378 376 375 373 371 368 364 361 357 354 351 349 347 346 345 346 347 348 350 352 354 357 360 363 366 370 373 377 380 383 386 388 390 392 393 394 395 396 396 395 394 394 393 393 392 392 391 390 389 388 387 386 386 385 385 384 384 384 383
371 371 371 371 370 370 370 370 370 370 370 370 369 368 367 365 364 361 357 353 352 353 354 355 357 360 364 369 372 375 376 375 375 374 374 373 372 372 370 369 367 364 361 358 354 351 349 347 346 345 344 345 346 347 348 350 353 355 358 361 364 367 370 373 376 378 380 382 384 385 386 387 388 388 388 388 388 388 387 386 386 386 385 384 383 383 382 381 381 380 380 379 378 378 377
366 365 365 365 365 365 365 364 364 364 364 364 364 363 362 361 359 356 353 350 349 349 350 351 352 355 358 361 364 366 367 368 367 367 367 367 366 366 365 365 363 360 357 354 351 349 347 345 344 343 343 343 344 345 347 348 350 352 355 358 360 364 366 369 372 374 375 376 377 378 379 380 380 381 381 381 381 381 380 380 379 379 378 378 377 376 376 375 375 374 374 373 372 372 372
360 360 360 360 359 359 359 358 359 359 359 358 358 358 357 357 355 353 350 348 347 345 345 346 347 349 352 354 356 358 358 359 359 360 360 360 360 361 361 359 358 356 353 350 347 346 344 342 341 341 341 342 342 344 345 347 348 350 352 354 357 359 362 364 366 368 369 370 370 371 371 372 372 372 373 373 373 373 373 372 372 372 371 370 370 370 369 370 369 368 367 367 366 365 365
355 355 354 354 354 353 353 353 353 353 353 353 353 352 352 352 351 349 346 344 342 341 340 341 342 343 345 346 347 348 349 350 351 351 352 353 353 353 354 354 352 350 348 345 343 342 341 340 339 339 339 340 340 342 343 344 346 347 348 350 352 354 356 359 360 361 362 362 363 363 363 364 364 364 365 365 365 365 365 365 365 364 364 363 363 363 363 363 362 362 361 360 359 359 358
350 350 350 349 348 347 347 348 348 348 348 347 347 346 346 346 346 343 340 338 336 335 334 335 335 336 337 338 339 339 340 341 342 343 344 345 346 346 346 346 345 343 341 340 339 338 337 336 337 337 337 338 339 340 341 342 343 344 346 346 348 350 351 352 353 354 354 354 355 354 355 355 356 356 356 357 357 358 358 357 357 357 356 356 356 356 356 356 356 355 354 353 352 352 351
345 346 346 345 343 342 342 343 343 343 342 342 341 340 339 339 337 335 333 331 329 328 328 328 328 329 330 330 330 331 331 332 333 334 335 336 338 337 337 337 337 336 335 334 334 333 333 333 334 334 335 336 337 338 339 340 341 341 342 342 343 344 344 345 346 346 347 347 346 346 347 347 348 348 348 349 349 349 350 349 349 349 348 348 348 348 348 348 348 347 347 346 345 344 344
340 341 341 341 340 338 338 339 339 338 337 336 334 333 332 330 329 327 324 322 321 320 320 321 320 321 321 321 321 321 322 323 323 325 326 327 328 329 329 329 328 329 328 329 328 329 329 330 330 331 332 334 334 336 337 338 338 338 338 338 338 338 339 339 340 340 339 339 339 339 339 339 339 340 340 341 341 342 342 342 341 341 341 341 340 340 340 340 340 339 339 338 338 338 337
336 337 337 337 337 336 336 336 335 334 332 330 328 326 324 322 320 318 316 314 313 312 311 311 311 311 312 312 312 313 313 313 314 315 317 318 319 320 320 321 321 322 322 322 323 324 324 325 327 328 329 331 333 333 335 335 336 335 334 333 333 333 333 334 333 333 332 332 331 330 330 331 332 332 333 333 334 334 334 334 334 334 333 333 332 332 332 332 332 332 331 331 331 331 330
331 332 333 334 334 333 333 333 332 329 327 324 321 319 316 314 311 309 307 305 304 302 302 301 301 300 302 302 303 303 304 304 305 306 308 309 310 311 312 313 314 315 316 317 318 318 320 321 323 324 326 328 330 331 332 332 332 331 330 329 328 328 327 326 326 325 324 323 322 322 323 323 324 324 325 326 327 327 328 327 327 326 326 326 325 325 325 324 324 324 324 323 323 324 324
326 328 330 330 330 330 330 330 328 325 321 317 314 311 308 305 303 300 299 296 295 294 293 291 290 290 291 292 293 294 295 296 296 297 299 301 303 304 305 306 307 307 309 310 312 314 316 317 319 321 322 324 326 327 328 328 328 327 325 324 323 322 322 320 320 319 318 316 315 315 315 316 317 318 318 319 320 320 321 321 320 320 320 319 318 318 318 317 317 317 317 316 317 317 317
321 323 325 326 326 325 325 325 324 319 315 311 307 304 301 297 294 292 289 287 285 285 284 283 282 283 282 283 284 285 285 286 288 290 291 293 294 296 298 299 301 302 303 305 307 309 311 313 315 317 318 319 321 323 324 324 323 322 321 319 318 317 316 315 313 313 312 311 310 309 308 309 311 311 312 313 314 314 314 315 314 314 313 312 312 311 311 310 310 310 310 310 310 310 310
314 317 319 321 320 320 320 318 316 312 308 304 300 297 293 290 286 284 282 279 278 277 277 276 275 276 275 276 276 276 277 279 280 282 284 286 289 290 289 290 292 295 297 300 302 304 307 309 311 313 314 316 317 318 319 318 317 316 315 314 313 312 310 310 308 307 306 305 303 302 302 303 304 305 306 306 307 308 308 308 307 307 306 306 305 305 304 304 303 303 304 304 304 304 304
309 312 314 315 314 314 313 310 308 304 300 297 293 290 287 283 279 277 275 273 272 271 270 269 269 268 269 269 270 270 269 272 274 276 277 281 284 286 285 281 280 285 289 294 297 299 302 305 306 308 310 311 312 313 314 313 312 310 309 308 307 306 305 304 303 302 301 300 299 297 297 298 299 300 301 302 302 303 303 303 302 302 301 300 300 299 298 298 297 298 297 297 297 297 297
303 306 308 309 309 307 306 303 300 296 293 289 286 284 280 277 274 271 269 267 266 265 264 263 263 262 262 261 261 262 262 266 268 271 274 276 281 281 283 282 282 284 285 287 290 294 296 299 302 304 305 306 307 307 308 308 307 305 304 303 301 301 300 299 298 297 295 294 294 293 293 293 294 294 296 297 297 298 298 298 298 297 296 295 294 294 293 292 292 292 291 291 291 292 292
297 300 302 303 302 301 299 296 292 288 285 282 280 277 274 271 270 267 263 261 260 259 258 256 255 254 253 252 252 254 258 261 263 265 268 272 276 277 278 278 280 282 285 286 289 291 292 295 297 299 300 301 302 302 302 301 301 300 299 298 296 295 295 294 293 292 291 290 290 289 289 289 289 290 291 292 293 294 294 293 292 291 291 290 288 288 288 287 286 287 286 286 286 286 287
293 295 297 298 297 295 293 289 285 282 278 275 273 270 267 266 265 264 259 256 253 251 250 248 248 246 246 244 244 250 253 256 258 262 265 267 271 274 274 276 278 279 281 284 286 287 288 290 292 294 295 296 296 296 296 295 295 294 293 292 290 288 289 289 288 288 287 286 285 284 284 284 285 286 287 288 289 290 290 289 288 287 286 285 284 284 283 282 281 282 281 281 281 281 282
288 291 293 293 292 289 286 283 279 275 272 270 266 264 261 259 259 258 257 254 251 248 246 243 243 242 240 241 243 248 250 252 256 259 261 265 268 271 273 274 276 278 280 281 282 283 284 286 287 288 290 290 291 291 290 289 288 287 286 286 284 282 281 282 281 282 283 282 281 280 279 279 280 281 282 284 285 286 286 286 284 283 282 281 280 279 278 277 277 276 276 276 276 276 277
