resultados/variables_proyeccion_tiempo/variables_paleo_21k/bio4.asc
ncols 330
nrows 228
xllcorner -12.000000
yllcorner 34.000000
cellsize 0.166667
NODATA_value -9999
[rows 111 to 147 of 228, columns 83 to 165 of 330]
4758 4735 4740 4748 4753 4774 4798 4842 4870 4907 4951 4983 5021 5058 5106 5139 5175 5206 5221 5233 5246 5250 5267 5280 5292 5316 5341 5381 5435 5506 5586 5661 5696 5672 5633 5588 5596 5643 5710 5777 5840 5885 5911 5940 5978 6028 6097 6160 6226 6303 6357 6401 6413 6396 6384 6365 6357 6350 6355 6352 6353 6378 6399 6416 6447 6460 6472 6496 6546 6608 6710 6814 6908 6966 6990 6964 6927 7056 7232 7384 7511 7578 7604
4759 4737 4735 4740 4762 4770 4806 4836 4884 4915 4958 4998 5031 5080 5129 5168 5204 5231 5248 5247 5244 5264 5267 5278 5296 5308 5331 5355 5402 5478 5562 5648 5697 5687 5670 5653 5670 5701 5748 5810 5862 5903 5941 5968 6011 6064 6126 6187 6246 6310 6390 6438 6423 6405 6396 6392 6377 6382 6390 6392 6395 6422 6422 6449 6485 6507 6526 6564 6610 6681 6753 6845 6918 6977 7006 7020 7020 7137 7313 7452 7565 7630 7647
4744 4715 4721 4726 4745 4774 4815 4855 4881 4922 4963 5008 5051 5097 5142 5180 5225 5269 5278 5265 5272 5274 5272 5293 5302 5320 5333 5347 5376 5462 5546 5625 5669 5688 5698 5703 5733 5768 5809 5851 5876 5921 5954 5990 6022 6071 6131 6204 6246 6294 6344 6386 6398 6386 6374 6395 6394 6396 6412 6422 6444 6449 6474 6504 6527 6557 6586 6637 6680 6747 6811 6880 6954 7014 7073 7116 7161 7269 7411 7524 7623 7682 7695
4697 4676 4705 4722 4739 4776 4808 4844 4895 4933 4977 5021 5061 5106 5152 5196 5242 5298 5289 5273 5279 5279 5288 5295 5315 5326 5341 5366 5392 5451 5515 5587 5634 5671 5714 5749 5780 5830 5871 5875 5890 5907 5955 5990 6023 6069 6118 6184 6219 6261 6289 6323 6350 6362 6371 6388 6407 6412 6435 6456 6467 6495 6525 6556 6587 6619 6664 6705 6748 6798 6849 6912 6988 7065 7139 7228 7310 7402 7523 7637 7704 7734 7718
4630 4639 4674 4706 4737 4772 4816 4856 4898 4944 4990 5034 5076 5119 5155 5196 5246 5274 5277 5277 5282 5286 5297 5315 5327 5346 5364 5383 5410 5445 5497 5562 5615 5664 5719 5772 5795 5840 5856 5865 5872 5899 5923 5967 6010 6062 6111 6148 6166 6191 6226 6253 6289 6324 6355 6373 6405 6419 6445 6469 6499 6525 6559 6600 6630 6674 6725 6769 6817 6855 6889 6943 6995 7107 7228 7339 7438 7539 7617 7705 7794 7786 7743
4596 4622 4661 4694 4729 4776 4815 4861 4912 4954 5001 5041 5086 5131 5172 5206 5239 5267 5264 5277 5288 5301 5314 5327 5351 5377 5388 5403 5423 5436 5479 5538 5592 5654 5725 5763 5804 5828 5825 5822 5838 5868 5896 5948 5985 6034 6079 6108 6121 6131 6186 6219 6260 6293 6330 6358 6394 6436 6447 6482 6516 6542 6578 6621 6671 6719 6779 6827 6861 6892 6923 6965 7014 7113 7270 7428 7574 7638 7683 7721 7739 7730 7682
4585 4608 4662 4694 4736 4766 4821 4866 4913 4965 5019 5066 5105 5146 5185 5213 5236 5256 5268 5280 5287 5303 5328 5360 5383 5408 5422 5435 5437 5439 5460 5518 5586 5641 5698 5757 5815 5833 5812 5798 5818 5842 5887 5928 5964 6018 6045 6081 6086 6106 6150 6190 6226 6261 6311 6352 6396 6435 6456 6501 6533 6567 6608 6648 6701 6747 6807 6868 6887 6919 6945 6972 7029 7101 7247 7457 7661 7662 7643 7620 7588 7604 7599
4599 4615 4655 4688 4737 4781 4831 4882 4931 4975 5037 5079 5122 5159 5189 5227 5251 5266 5275 5290 5317 5336 5358 5392 5419 5454 5462 5462 5470 5463 5470 5518 5578 5630 5685 5744 5806 5824 5781 5767 5781 5814 5851 5906 5926 5965 6023 6059 6078 6105 6132 6167 6209 6230 6288 6322 6373 6434 6482 6519 6536 6567 6608 6649 6695 6757 6812 6869 6901 6910 6926 6956 6994 7043 7204 7415 7592 7628 7581 7535 7501 7482 7477
4612 4637 4678 4703 4750 4793 4839 4890 4945 5005 5051 5094 5145 5182 5215 5246 5274 5285 5299 5306 5330 5364 5401 5431 5453 5495 5512 5517 5518 5524 5525 5546 5576 5615 5666 5727 5758 5766 5732 5729 5757 5772 5808 5855 5929 5986 5996 6055 6052 6077 6115 6157 6208 6250 6291 6336 6367 6421 6479 6518 6529 6559 6586 6614 6675 6745 6790 6832 6866 6878 6908 6938 6980 7039 7160 7291 7404 7490 7482 7457 7412 7399 7395
4627 4654 4688 4714 4761 4809 4860 4910 4968 5030 5080 5128 5179 5214 5244 5273 5303 5312 5326 5344 5365 5392 5429 5461 5506 5555 5574 5581 5582 5590 5591 5604 5613 5624 5646 5695 5730 5728 5708 5725 5740 5763 5809 5880 5923 5986 6015 6029 6056 6080 6085 6130 6194 6241 6278 6333 6370 6407 6451 6495 6539 6579 6599 6639 6682 6719 6771 6811 6828 6836 6880 6920 6968 7020 7101 7196 7274 7333 7347 7328 7295 7270 7308
4660 4677 4712 4741 4783 4828 4880 4936 4998 5054 5109 5161 5211 5249 5282 5313 5335 5352 5354 5364 5401 5422 5447 5497 5538 5593 5637 5636 5651 5662 5667 5663 5672 5675 5679 5711 5728 5730 5736 5755 5782 5796 5821 5916 5974 6022 6008 6053 6086 6100 6114 6094 6082 6201 6234 6287 6338 6370 6412 6472 6517 6549 6591 6640 6673 6718 6766 6795 6820 6826 6831 6881 6911 6980 7036 7109 7155 7185 7196 7209 7222 7242 7319
4675 4703 4739 4768 4806 4856 4896 4951 5017 5079 5148 5196 5249 5291 5330 5357 5375 5390 5390 5399 5404 5428 5464 5516 5562 5620 5670 5701 5738 5759 5752 5742 5728 5731 5715 5736 5748 5770 5772 5778 5807 5834 5880 5968 6041 6094 6103 6096 6106 6127 6180 6208 6252 6264 6247 6256 6290 6320 6363 6410 6469 6522 6575 6634 6679 6707 6745 6772 6800 6803 6821 6833 6863 6907 6961 7001 7028 7048 7060 7080 7169 7238 7339
4707 4746 4767 4808 4839 4869 4917 4976 5046 5121 5186 5241 5292 5339 5376 5406 5425 5434 5438 5430 5430 5451 5476 5524 5572 5623 5690 5751 5803 5870 5837 5784 5760 5754 5758 5749 5763 5770 5775 5800 5829 5880 5959 6063 6118 6176 6171 6157 6150 6160 6188 6228 6272 6305 6329 6336 6347 6332 6340 6388 6449 6513 6573 6628 6662 6697 6723 6743 6783 6790 6799 6814 6845 6870 6913 6948 6956 6949 6961 7005 7112 7238 7374
4743 4779 4820 4845 4884 4901 4942 5013 5092 5161 5233 5285 5345 5393 5430 5457 5474 5476 5470 5473 5469 5473 5492 5521 5569 5626 5689 5762 5849 5924 5891 5808 5762 5738 5746 5752 5782 5795 5823 5814 5848 5956 6050 6113 6182 6241 6233 6185 6198 6202 6202 6268 6308 6336 6353 6360 6348 6314 6298 6338 6420 6496 6562 6619 6654 6689 6702 6728 6760 6771 6765 6770 6783 6810 6868 6884 6894 6877 6860 6914 7052 7238 7405
4776 4809 4866 4896 4932 4960 5005 5076 5140 5208 5274 5337 5397 5450 5490 5525 5531 5527 5520 5514 5504 5491 5506 5511 5553 5618 5676 5751 5834 5902 5932 5866 5800 5786 5784 5788 5828 5852 5846 5889 5965 6083 6123 6180 6259 6280 6270 6244 6232 6231 6266 6300 6363 6382 6406 6403 6354 6303 6251 6284 6361 6458 6538 6607 6650 6680 6679 6706 6716 6730 6752 6776 6774 6792 6780 6801 6792 6814 6844 6899 7035 7207 7406
4813 4854 4902 4948 4983 5034 5084 5144 5203 5264 5326 5383 5439 5506 5559 5593 5595 5574 5556 5543 5537 5523 5508 5510 5542 5602 5667 5739 5806 5853 5896 5860 5800 5819 5848 5862 5898 5936 5914 6008 6106 6204 6248 6267 6292 6276 6278 6280 6254 6264 6287 6313 6381 6425 6440 6412 6366 6293 6227 6267 6361 6452 6524 6604 6644 6664 6681 6693 6672 6690 6705 6755 6824 6827 6826 6780 6749 6812 6859 6868 6829 6928 7278
4852 4895 4953 5000 5045 5098 5156 5216 5265 5319 5374 5417 5484 5544 5612 5636 5627 5612 5592 5573 5558 5545 5534 5530 5548 5580 5634 5691 5756 5800 5802 5759 5772 5837 5891 5943 5944 5956 6052 6096 6221 6320 6326 6325 6333 6317 6320 6305 6282 6250 6300 6378 6379 6399 6449 6441 6394 6342 6302 6339 6409 6491 6543 6616 6649 6643 6655 6665 6660 6643 6600 6636 6742 6820 6848 6833 6825 6836 6818 6834 6766 6743 6586
4895 4950 4999 5045 5101 5157 5218 5288 5322 5363 5401 5457 5512 5567 5618 5637 5640 5624 5613 5594 5578 5567 5562 5552 5569 5579 5605 5658 5717 5753 5760 5760 5800 5870 5936 5978 5989 6019 6123 6229 6309 6394 6388 6359 6324 6356 6345 6362 6375 6352 6369 6472 6506 6464 6418 6426 6400 6394 6378 6416 6467 6528 6595 6600 6625 6618 6584 6605 6562 6634 6791 6918 6920 6936 6906 6894 6906 6902 6919 6990 7012 7039 7087
4948 4996 5049 5102 5153 5210 5265 5319 5361 5388 5431 5481 5525 5577 5612 5638 5641 5648 5636 5609 5592 5589 5582 5577 5589 5604 5629 5668 5705 5739 5774 5793 5857 5955 6037 6029 6098 6180 6208 6248 6298 6395 6422 6407 6392 6409 6427 6459 6539 6515 6530 6564 6593 6601 6561 6483 6438 6394 6404 6469 6537 6604 6621 6552 6485 6492 6470 6588 6736 6876 6949 6982 7016 7036 7022 6996 6928 6936 7000 7031 7076 7138 7168
5007 5054 5103 5147 5197 5242 5296 5333 5372 5399 5438 5476 5538 5586 5610 5637 5646 5655 5655 5642 5635 5630 5612 5613 5620 5628 5663 5705 5752 5772 5805 5835 5902 5984 6044 6079 6107 6171 6217 6188 6323 6383 6425 6443 6456 6474 6502 6543 6591 6649 6649 6633 6641 6655 6681 6633 6554 6467 6419 6485 6592 6613 6649 6678 6694 6727 6756 6665 6793 6927 6950 6954 6977 7042 7048 7021 7001 6995 7025 7066 7113 7146 7196
5067 5109 5159 5205 5241 5276 5315 5352 5382 5401 5444 5487 5541 5579 5616 5639 5657 5672 5672 5684 5663 5642 5649 5658 5664 5687 5731 5755 5802 5829 5842 5888 5920 5961 5991 6094 6121 6189 6304 6399 6449 6398 6448 6472 6489 6503 6550 6603 6658 6699 6697 6671 6655 6647 6634 6585 6531 6495 6461 6461 6537 6660 6740 6817 6735 6651 6708 6753 6835 6880 6925 6970 6988 7006 7034 6980 6956 6960 7013 7066 7110 7136 7162
5132 5180 5220 5264 5294 5326 5354 5378 5392 5413 5448 5495 5552 5596 5626 5655 5674 5677 5689 5686 5690 5687 5702 5713 5738 5753 5770 5785 5877 5915 5927 5895 5900 5974 5985 6085 6226 6286 6368 6489 6546 6519 6504 6510 6513 6518 6588 6618 6661 6689 6697 6670 6642 6620 6590 6545 6521 6487 6481 6511 6609 6685 6798 6766 6752 6776 6782 6826 6876 6933 6968 6966 7008 7030 6994 6956 6912 6901 6924 6936 7014 7088 7047
5185 5235 5280 5317 5352 5372 5393 5399 5408 5417 5446 5513 5577 5628 5667 5695 5708 5729 5735 5731 5738 5742 5754 5778 5804 5832 5877 5860 5944 5991 5893 5809 5878 5958 6037 6118 6184 6278 6373 6475 6536 6484 6505 6501 6531 6548 6592 6612 6644 6676 6683 6651 6637 6623 6598 6591 6548 6530 6545 6613 6729 6812 6863 6770 6836 6888 6908 6952 6993 7011 6981 6923 6911 6962 6996 6961 6927 6897 6917 6926 6914 6930 6947
5242 5290 5343 5385 5409 5433 5450 5448 5454 5434 5456 5540 5619 5677 5719 5747 5750 5754 5771 5780 5793 5797 5812 5838 5864 5910 5970 5968 6004 5990 5947 5900 5913 5973 6026 6084 6150 6268 6384 6446 6479 6470 6458 6473 6500 6525 6565 6602 6621 6642 6647 6649 6637 6632 6640 6637 6619 6610 6629 6714 6793 6903 6920 6889 6872 6929 6970 6998 7022 6991 6986 6896 6942 6974 6974 6915 6884 6881 6855 6885 6903 6898 6929
5292 5346 5408 5450 5487 5501 5504 5488 5485 5498 5526 5595 5671 5730 5751 5769 5788 5802 5797 5809 5831 5844 5858 5886 5908 5957 5984 6024 6042 6064 6048 6025 6016 6040 6047 6099 6166 6260 6400 6443 6481 6460 6481 6487 6508 6535 6549 6578 6585 6592 6614 6621 6634 6659 6669 6695 6689 6667 6685 6768 6864 6948 6986 6970 6946 6899 6995 6977 7023 6985 6994 7003 7006 7010 6989 6958 6936 6937 6844 6842 6864 6838 6897
5347 5408 5477 5530 5560 5558 5552 5548 5545 5557 5578 5634 5714 5771 5776 5787 5800 5820 5831 5838 5856 5876 5907 5924 5952 5987 6016 6045 6075 6101 6113 6115 6103 6098 6106 6150 6220 6335 6444 6492 6505 6487 6485 6492 6522 6535 6526 6537 6550 6572 6588 6610 6641 6673 6699 6745 6729 6737 6740 6811 6930 7020 7045 7038 7042 7020 6986 6918 6859 6916 7005 7011 7043 7058 7021 7011 6985 6982 6922 6896 6844 6865 6858
5387 5458 5544 5605 5632 5624 5610 5604 5594 5592 5617 5654 5706 5751 5788 5800 5810 5838 5844 5868 5883 5916 5928 5958 5975 6001 6033 6051 6081 6110 6136 6157 6144 6148 6187 6233 6298 6419 6507 6539 6509 6480 6444 6449 6468 6465 6465 6505 6530 6554 6575 6618 6662 6698 6745 6732 6734 6755 6779 6839 6954 7079 7054 7006 7000 6987 6986 6847 6832 6722 6737 6863 6961 7026 7061 7051 7001 7010 6981 6922 6875 6948 6940
5419 5493 5621 5697 5705 5685 5663 5638 5636 5628 5639 5668 5699 5755 5789 5814 5830 5838 5866 5884 5905 5937 5957 5976 5982 6003 6030 6050 6089 6130 6157 6184 6193 6224 6268 6327 6397 6465 6519 6499 6480 6431 6403 6369 6378 6432 6445 6468 6510 6542 6556 6630 6689 6687 6726 6727 6735 6756 6796 6868 6959 7051 7093 7109 7106 7091 7002 6958 6953 6840 6770 6798 6840 6852 6962 7052 7033 7031 7016 6940 6946 6975 7003
5447 5495 5607 5706 5729 5708 5686 5674 5658 5646 5649 5668 5711 5748 5779 5809 5836 5865 5880 5903 5923 5955 5985 5990 5997 5990 6016 6054 6106 6146 6174 6207 6223 6284 6346 6401 6443 6501 6448 6366 6351 6377 6358 6351 6366 6428 6466 6508 6432 6484 6540 6602 6679 6721 6745 6767 6783 6799 6811 6860 6925 6986 7025 7054 7076 7106 7125 7145 7095 7136 7049 6894 6844 6899 6957 6978 6976 6943 6995 6969 6969 6959 6992
5501 5543 5615 5688 5717 5727 5707 5698 5687 5672 5670 5686 5719 5761 5791 5829 5849 5876 5892 5899 5930 5957 5982 5995 6009 6010 6037 6071 6116 6157 6172 6165 6139 6293 6385 6436 6473 6462 6260 6347 6378 6393 6370 6372 6417 6431 6397 6424 6466 6559 6627 6668 6697 6725 6755 6755 6748 6735 6729 6770 6873 6955 6992 7024 7026 7049 7084 7124 7150 7194 7161 7026 7036 6974 6901 6979 6876 6810 6883 6944 6961 6986 7025
5566 5592 5633 5678 5705 5724 5722 5724 5725 5706 5694 5708 5738 5770 5813 5836 5864 5871 5888 5895 5928 5975 5988 6014 6018 6032 6060 6085 6134 6164 6173 6108 6111 6262 6410 6452 6463 6411 6327 6361 6406 6408 6399 6375 6367 6387 6387 6485 6618 6666 6655 6637 6657 6680 6736 6711 6692 6693 6690 6758 6915 6939 6961 6972 6981 7011 7033 7070 7142 7190 7150 7114 7124 7122 7009 7060 7058 6967 6884 6856 6900 7008 7108
5600 5628 5659 5688 5714 5731 5738 5731 5746 5746 5744 5755 5779 5820 5833 5858 5870 5874 5868 5893 5951 5993 6020 6040 6040 6052 6085 6112 6148 6154 6178 6117 6163 6345 6403 6449 6398 6373 6326 6328 6372 6380 6356 6335 6376 6437 6513 6610 6674 6661 6616 6602 6595 6608 6652 6655 6679 6715 6765 6860 6927 6939 6957 6977 6982 6989 7013 7059 7083 7112 7118 7150 7175 7228 7258 7256 7250 7210 7132 7085 7130 7137 7128
5632 5653 5673 5697 5724 5745 5743 5738 5772 5772 5786 5803 5820 5845 5857 5875 5896 5908 5914 5927 5991 6031 6062 6068 6083 6085 6105 6118 6157 6116 6034 6036 6243 6344 6373 6431 6396 6119 6044 6190 6293 6314 6334 6392 6465 6529 6555 6599 6593 6605 6561 6524 6518 6534 6543 6601 6637 6702 6813 6913 6942 6967 6974 6948 6954 6960 6963 6974 6968 6990 7037 7115 7137 7135 7192 7235 7248 7263 7253 7251 7215 7175 7124
5650 5668 5692 5708 5734 5739 5740 5754 5780 5821 5844 5851 5859 5864 5883 5922 5952 5967 5977 6014 6078 6114 6130 6125 6137 6133 6142 6149 6161 6159 6074 6063 6291 6317 6333 6337 6054 5921 5988 6154 6224 6310 6398 6458 6486 6530 6596 6589 6542 6514 6467 6398 6411 6410 6445 6580 6629 6715 6783 6878 6978 7022 6998 6976 6942 6932 6954 6913 6931 6960 7024 7056 7032 7050 7102 7116 7140 7169 7118 7077 7004 6977 7028
5647 5671 5690 5713 5720 5731 5747 5756 5772 5818 5859 5860 5877 5901 5925 5956 5981 6018 6045 6101 6160 6188 6182 6170 6166 6171 6168 6204 6267 6243 6265 6320 6311 6267 6256 6096 5989 5907 6051 6236 6284 6414 6487 6553 6597 6612 6674 6602 6555 6457 6388 6342 6375 6374 6403 6558 6673 6729 6752 6782 6822 6944 6864 6882 6812 6796 6836 6913 6800 6865 6882 6754 6697 6752 6926 6916 7058 7041 7006 6853 6888 6848 6774
5662 5680 5701 5720 5721 5731 5730 5729 5752 5798 5840 5864 5881 5918 5956 5993 6032 6070 6118 6190 6232 6235 6240 6231 6207 6197 6213 6256 6316 6402 6435 6370 6291 6234 6247 6261 6221 6237 6323 6344 6398 6424 6466 6522 6608 6686 6724 6643 6544 6401 6416 6293 6291 6321 6176 6369 6470 6533 6570 6559 6628 6884 6848 6875 6670 6699 6610 6575 6640 6701 6706 6688 6744 6663 6777 6905 6823 6927 6799 6754 6820 6895 6993
5656 5684 5705 5717 5699 5694 5713 5705 5724 5762 5809 5844 5868 5907 5961 6017 6067 6101 6170 6275 6304 6300 6283 6254 6223 6233 6247 6275 6315 6352 6331 6289 6214 6206 6160 6150 6190 6264 6313 6306 6340 6336 6320 6421 6453 6465 6636 6537 6442 6152 6311 5970 6097 6112 6122 6164 6354 6052 6230 6641 6822 6789 6712 6650 6597 6666 6485 6443 6774 6725 6484 6504 6727 6651 6443 6512 6527 6676 6945 7147 7174 7096 6919
