resultados/variables_proyeccion_tiempo/variables_paleo_21k/bio4.asc
ncols 330
nrows 228
xllcorner -12.000000
yllcorner 34.000000
cellsize 0.166667
NODATA_value -9999
[rows 37 to 73 of 228, columns 83 to 165 of 330]
-9999 -9999 -9999 -9999 -9999 -9999 -9999 -9999 -9999 -9999 -9999 -9999 -9999 -9999 -9999 -9999 -9999 -9999 -9999 -9999 -9999 -9999 -9999 -9999 -9999 -9999 -9999 -9999 -9999 -9999 -9999 -9999 -9999 -9999 -9999 -9999 -9999 -9999 -9999 -9999 -9999 -9999 -9999 -9999 -9999 -9999 -9999 -9999 -9999 -9999 -9999 -9999 -9999 -9999 -9999 4764 4797 4866 4932 5001 5050 5101 5159 5236 5331 5451 5511 5597 5610 5765 5871 5971 6013 6114 6284 6382 6504 6616 6731 6842 7011 7121 7254
-9999 -9999 -9999 -9999 -9999 -9999 -9999 -9999 -9999 -9999 -9999 -9999 -9999 -9999 -9999 -9999 -9999 -9999 -9999 -9999 -9999 -9999 -9999 -9999 -9999 -9999 -9999 -9999 -9999 -9999 -9999 -9999 -9999 -9999 -9999 -9999 -9999 -9999 -9999 -9999 -9999 -9999 -9999 -9999 -9999 -9999 -9999 -9999 -9999 -9999 -9999 -9999 -9999 -9999 4794 4814 4894 4962 5023 5101 5148 5204 5263 5386 5446 5527 5650 5712 5797 5841 5952 6039 6135 6246 6386 6533 6651 6764 6880 6985 7092 7227 7377
-9999 -9999 -9999 -9999 -9999 -9999 -9999 -9999 -9999 -9999 -9999 -9999 -9999 -9999 -9999 -9999 -9999 -9999 -9999 -9999 -9999 -9999 -9999 -9999 -9999 -9999 -9999 -9999 -9999 -9999 -9999 -9999 -9999 -9999 -9999 -9999 -9999 -9999 -9999 -9999 -9999 -9999 -9999 -9999 -9999 -9999 4344 4369 4432 4498 4557 4626 -9999 4789 4846 4902 4981 5054 5120 5186 5248 5308 5380 5458 5522 5655 5760 5886 5934 5999 6092 6244 6333 6395 6522 6645 6758 6870 6970 7093 7219 7336 7492
-9999 -9999 -9999 -9999 -9999 -9999 -9999 -9999 -9999 -9999 -9999 -9999 -9999 -9999 -9999 -9999 -9999 -9999 -9999 -9999 -9999 -9999 -9999 -9999 -9999 -9999 -9999 -9999 3438 3426 -9999 -9999 -9999 -9999 3734 3756 -9999 -9999 -9999 -9999 -9999 -9999 -9999 -9999 -9999 -9999 -9999 4405 4475 4552 4617 4686 4758 4854 4916 5002 5080 5149 5220 5286 5358 5423 5492 5590 5672 5758 5880 5984 6019 6116 6260 6397 6462 6574 6667 6770 6860 6977 7088 7201 7344 7463 7592
-9999 -9999 -9999 -9999 -9999 -9999 -9999 -9999 -9999 -9999 -9999 -9999 -9999 -9999 -9999 -9999 -9999 -9999 -9999 -9999 -9999 -9999 -9999 -9999 -9999 -9999 -9999 -9999 3454 3459 -9999 -9999 -9999 -9999 3759 3797 3856 3910 3962 4021 4079 4127 4220 -9999 4304 -9999 -9999 -9999 4526 4591 4652 4765 4836 4935 5018 5096 5173 5252 5328 5405 5494 5555 5641 5716 5790 5910 6012 6097 6121 6246 6363 6435 6568 6690 6795 6878 6992 7088 7191 7302 7438 7568 7675
-9999 -9999 -9999 -9999 -9999 -9999 -9999 -9999 -9999 -9999 -9999 -9999 -9999 -9999 -9999 -9999 -9999 -9999 -9999 -9999 -9999 -9999 -9999 -9999 -9999 -9999 -9999 -9999 -9999 -9999 -9999 -9999 -9999 -9999 3794 3850 3902 3966 4011 4070 4122 4179 4233 4292 4338 4376 -9999 -9999 -9999 4695 4761 4843 4943 5032 5112 5200 5285 5376 5449 5527 5611 5690 5784 5855 5977 6073 6125 6172 6283 6377 6452 6565 6660 6751 6845 6949 7074 7185 7304 7420 7526 7636 7758
-9999 -9999 -9999 -9999 -9999 -9999 -9999 -9999 -9999 -9999 -9999 -9999 -9999 -9999 -9999 -9999 -9999 -9999 -9999 -9999 -9999 -9999 -9999 -9999 -9999 -9999 -9999 -9999 3511 3547 3587 3664 3724 3777 3836 3895 3965 4022 4072 4126 4184 4236 4288 4341 4401 4456 4526 -9999 -9999 -9999 4842 4927 5019 5113 5212 5303 5393 5484 5570 5661 5755 5860 5909 5995 6090 6140 6216 6314 6413 6482 6563 6672 6764 6843 6952 7085 7184 7276 7399 7485 7588 7719 7827
-9999 -9999 -9999 -9999 -9999 -9999 -9999 -9999 -9999 -9999 -9999 -9999 -9999 -9999 -9999 -9999 -9999 -9999 -9999 -9999 -9999 -9999 -9999 -9999 -9999 -9999 -9999 -9999 3518 3547 3623 3688 3745 3820 3879 3951 4015 4082 4137 4200 4248 4303 4361 4413 4464 4517 4567 -9999 -9999 -9999 4965 5007 5093 5250 5317 5428 5527 5623 5712 5805 5896 5956 6033 6111 6182 6276 6384 6480 6549 6617 6687 6765 6847 6951 7069 7177 7266 7361 7461 7571 7681 7775 7895
-9999 -9999 -9999 -9999 -9999 -9999 -9999 -9999 -9999 -9999 -9999 -9999 -9999 -9999 -9999 -9999 -9999 -9999 -9999 -9999 -9999 -9999 -9999 -9999 -9999 -9999 -9999 -9999 -9999 -9999 -9999 3724 3764 -9999 3972 4025 4079 4147 4199 4264 4319 4381 4418 4456 4491 -9999 -9999 4772 4828 4893 5020 5148 5249 5345 5476 5578 5654 5740 5835 5928 6013 6114 6186 6252 6328 6423 6511 6601 6663 6730 6806 6892 6994 7085 7162 7248 7345 7450 7557 7654 7760 7859 7960
-9999 -9999 -9999 -9999 -9999 -9999 -9999 -9999 -9999 -9999 -9999 -9999 -9999 -9999 -9999 -9999 -9999 -9999 -9999 -9999 -9999 -9999 -9999 -9999 -9999 -9999 -9999 -9999 -9999 -9999 -9999 -9999 -9999 -9999 -9999 -9999 -9999 -9999 -9999 -9999 -9999 -9999 4586 4602 4642 4703 4757 4792 4933 5003 5119 5250 5377 5502 5601 5703 5791 5893 5999 6098 6174 6251 6308 6392 6481 6567 6622 6714 6800 6866 6925 7010 7107 7212 7293 7364 7453 7546 7635 7727 7816 7920 8018
-9999 -9999 -9999 -9999 -9999 -9999 -9999 -9999 -9999 -9999 -9999 -9999 -9999 -9999 -9999 -9999 -9999 -9999 -9999 -9999 -9999 -9999 -9999 -9999 -9999 -9999 -9999 -9999 -9999 -9999 -9999 -9999 -9999 -9999 -9999 4207 4248 -9999 -9999 -9999 4562 4578 4629 4674 4733 4765 4816 4948 5008 5127 5270 5384 5508 5641 5753 5857 5925 6027 6121 6217 6313 6424 6502 6583 6656 6710 6764 6838 6922 7000 7067 7126 7181 7269 7359 7465 7552 7644 7718 7819 7899 7990 8076
-9999 -9999 -9999 -9999 -9999 -9999 -9999 -9999 -9999 -9999 -9999 -9999 -9999 -9999 -9999 -9999 -9999 -9999 -9999 -9999 -9999 -9999 -9999 -9999 -9999 3447 3516 3564 3638 3709 3805 3892 3978 4077 4162 4243 4335 4437 4501 4568 4640 4700 4748 4805 4813 4880 4923 5009 5117 5254 5379 5510 5660 5763 5872 5966 6071 6185 6291 6415 6487 6579 6664 6732 6784 6846 6889 6986 7037 7105 7179 7238 7290 7360 7440 7523 7620 7705 7796 7886 7960 8049 8131
-9999 -9999 -9999 -9999 -9999 -9999 -9999 -9999 -9999 -9999 -9999 -9999 -9999 -9999 -9999 -9999 -9999 -9999 -9999 -9999 -9999 -9999 -9999 -9999 -9999 3486 3536 3594 3665 3752 3838 3921 4024 4129 4228 4328 4418 4520 4621 4704 4784 4840 4901 4935 4996 5000 5021 5131 5258 5395 5524 5651 5759 5897 6014 6117 6231 6346 6464 6566 6664 6741 6802 6859 6928 6987 7015 7064 7129 7186 7248 7308 7392 7446 7531 7610 7699 7784 7871 7949 8028 8095 8165
-9999 -9999 -9999 -9999 -9999 -9999 -9999 -9999 -9999 -9999 -9999 -9999 -9999 -9999 -9999 -9999 -9999 -9999 -9999 -9999 -9999 -9999 -9999 -9999 -9999 3508 3560 3623 3697 3790 3870 -9999 -9999 -9999 -9999 4473 4554 4679 4745 4847 4926 5003 5061 5109 5150 5177 5254 5334 5436 5554 5668 5781 5873 6008 6169 6312 6457 6592 6704 6789 6852 6922 6969 7014 7059 7107 7148 7191 7250 7292 7343 7404 7447 7516 7602 7686 7769 7861 7958 8020 8085 8144 8215
-9999 -9999 -9999 -9999 -9999 -9999 -9999 -9999 -9999 -9999 -9999 -9999 -9999 -9999 -9999 -9999 -9999 -9999 -9999 -9999 -9999 -9999 -9999 3489 3511 -9999 3625 3684 3746 3838 3940 4072 4215 4334 4441 4550 4675 4791 4901 5008 5100 5177 5255 5312 5368 5444 5508 5584 5651 5733 5841 5927 6057 6210 6369 6527 6661 6784 6901 6938 7019 7094 7126 7162 7198 7223 7263 7310 7339 7384 7433 7480 7540 7599 7664 7746 7843 7948 8023 8080 8133 8200 8250
-9999 -9999 -9999 -9999 -9999 -9999 -9999 -9999 -9999 -9999 -9999 -9999 -9999 -9999 -9999 -9999 -9999 -9999 -9999 -9999 -9999 3460 3485 3515 3548 3584 3632 3694 3774 3877 4000 4132 4274 4400 4538 4669 4806 4941 5069 5192 5292 5403 5471 5548 5629 5710 5746 5800 5902 5974 6060 6197 6355 6489 6623 6748 6907 7023 7102 7159 7194 7238 7270 7302 7324 7359 7391 7422 7450 7485 7518 7560 7612 7662 7728 7797 7918 8033 8091 8129 8174 8211 8286
-9999 -9999 -9999 -9999 -9999 -9999 -9999 -9999 -9999 -9999 -9999 -9999 -9999 -9999 -9999 -9999 -9999 -9999 -9999 -9999 3470 3488 3528 3559 3588 3627 3678 3731 3806 3935 4071 4211 4354 4516 4668 4815 4962 5117 5245 5381 5502 5606 5700 5790 5860 5935 5996 6074 6166 6248 6319 6472 6627 6771 6894 7030 7136 7229 7290 7344 7381 7394 7401 7441 7452 7473 7495 7530 7562 7591 7620 7671 7700 7742 7792 7858 7971 8090 8128 8173 8213 8250 8299
-9999 -9999 -9999 -9999 -9999 -9999 -9999 -9999 -9999 -9999 -9999 -9999 -9999 -9999 -9999 -9999 -9999 -9999 3490 3505 3526 3559 3585 3618 3654 3691 3741 3785 3857 4000 4152 4300 4476 4631 4800 4964 5129 5285 5438 5576 5715 5816 5909 5997 6084 6162 6252 6332 6423 6516 6606 6715 6836 6966 7108 7242 7365 7432 7454 7523 7533 7519 7537 7542 7556 7569 7591 7610 7640 7664 7691 7736 7768 7816 7853 7925 8002 8093 8148 8198 8235 8272 8313
-9999 -9999 -9999 -9999 -9999 -9999 -9999 -9999 -9999 -9999 -9999 -9999 -9999 -9999 3399 3428 3454 3477 3512 3543 3572 3614 3652 3694 3730 3775 3818 3860 3958 4105 4261 4426 4592 4774 4943 5122 5291 5460 5591 5778 5888 5994 6091 6172 6222 6338 6417 6516 6643 6727 6820 6920 7042 7151 7296 7421 7558 7669 7658 7671 7668 7648 7643 7658 7654 7671 7686 7691 7700 7730 7753 7785 7830 7866 7917 7977 8029 8111 8157 8207 8237 8274 8319
-9999 -9999 -9999 -9999 -9999 -9999 -9999 -9999 -9999 -9999 3315 3338 3372 3399 3431 3459 3495 3528 3564 3597 3642 3684 3730 3778 3820 3869 3930 4007 4100 4248 4389 4559 4726 4917 5089 5266 5415 5577 5685 5849 5966 6093 6261 6372 6451 6520 6657 6680 6775 6897 7013 7104 7187 7306 7443 7605 7743 7842 7830 7820 7787 7746 7752 7750 7751 7746 7760 7761 7781 7793 7820 7839 7879 7922 7961 8012 8068 8117 8163 8205 8246 8273 8311
-9999 -9999 -9999 -9999 -9999 -9999 -9999 -9999 -9999 -9999 3348 3374 3411 3447 3480 3515 3551 3590 3635 3676 3724 3768 3804 3862 3918 3978 4050 4140 4246 4386 4535 4696 4847 5014 5180 5311 5514 5657 5808 5958 6174 6120 6214 6306 6407 6508 6689 6758 6899 7010 7140 7294 7389 7502 7629 7742 7776 7870 7917 7915 7900 7871 7844 7832 7824 7820 7820 7824 7824 7846 7870 7883 7925 7955 7985 8032 8082 8128 8168 8208 8240 8271 8298
-9999 -9999 -9999 -9999 -9999 -9999 -9999 -9999 -9999 -9999 3395 3422 3455 3493 3529 3577 3613 3655 3702 3740 3794 3854 3896 3959 4022 4095 4175 4275 4384 4510 4660 4821 4982 5139 5247 5359 5559 5819 5998 6113 6305 6392 6424 6472 6527 6738 6905 7005 7034 7181 7300 7439 7551 7644 7742 7760 7811 7907 7922 7974 7971 7911 7900 7892 7876 7880 7871 7878 7877 7890 7908 7929 7957 7976 8011 8058 8093 8130 8167 8202 8248 8264 8290
-9999 -9999 -9999 -9999 -9999 -9999 -9999 -9999 -9999 -9999 -9999 3469 3500 3550 3587 3633 3673 3716 3767 3827 3877 3932 3987 4046 4123 4198 4298 4393 4507 4636 4788 4905 5036 5189 5312 5509 5603 5685 5947 6159 6389 6564 6842 7083 6943 6833 6950 7120 7324 7390 7442 7536 7676 7750 7830 7864 7885 7950 7994 8018 7991 7961 7946 7925 7920 7910 7908 7910 7909 7919 7942 7949 7973 8006 8030 8068 8096 8139 8168 8197 8230 8260 8284
-9999 -9999 -9999 -9999 -9999 -9999 -9999 -9999 -9999 -9999 -9999 3504 3561 3595 3644 3683 3734 3790 3844 3897 3954 4017 4071 4151 4228 4319 4414 4520 4657 4778 4892 5041 5142 5194 5362 5664 5919 6051 6291 6416 6606 6773 7033 7198 7337 7296 7051 7091 7200 7440 7535 7606 7641 7765 7930 7973 7951 7966 8012 8035 8023 8010 7999 7984 7972 7951 7943 7942 7936 7944 7956 7973 7986 8008 8029 8075 8103 8131 8168 8190 8218 8238 8250
-9999 -9999 -9999 -9999 -9999 -9999 -9999 -9999 -9999 -9999 -9999 -9999 -9999 3645 3690 3742 3799 3862 3919 3966 4025 4092 4156 4231 4316 4422 4520 4650 4732 4826 4885 4967 5190 5347 5503 5665 5764 5921 6247 6512 6466 6587 7079 7408 7526 7599 7670 7521 7518 7524 7611 7710 7842 7926 7960 7991 8024 8038 8035 8038 8010 7992 7991 7989 7981 7980 7968 7962 7962 7955 7966 7978 7988 8013 8040 8064 8093 8121 8154 8181 8200 8226 8251
-9999 -9999 -9999 -9999 -9999 -9999 -9999 -9999 -9999 -9999 -9999 -9999 -9999 -9999 3759 3803 3873 3935 4001 4056 4123 4181 4273 4350 4435 4521 4617 4763 4855 4850 5021 5163 5484 5481 5787 5928 5945 6067 6078 6199 6330 6585 7081 7182 7563 7486 7715 7845 7819 7861 7780 7715 7810 7903 8004 8045 8069 8028 8033 8029 8014 8022 7979 7980 7958 7957 7961 7954 7948 7957 7962 7975 7990 8004 8022 8055 8078 8100 8136 8165 8175 8197 8222
3300 3331 3353 -9999 -9999 -9999 -9999 -9999 -9999 -9999 -9999 -9999 -9999 -9999 -9999 3885 3931 3997 4070 4132 4200 4279 4364 4458 4556 4652 4731 4820 4916 5142 5206 5444 5687 5853 5888 6004 6205 6222 6328 6506 6564 6855 6993 7311 7569 7608 7574 7800 7782 7836 7973 7879 7829 7880 7990 8065 8079 8058 8060 8050 8045 8024 8004 7980 7966 7958 7947 7946 7954 7948 7958 7973 7978 7986 8018 8031 8053 8086 8112 8141 8159 8176 8200
3342 3352 3378 3411 3416 -9999 -9999 -9999 -9999 -9999 -9999 -9999 -9999 -9999 -9999 3940 3993 4070 4141 4210 4286 4368 4447 4548 4638 4727 4824 4936 5176 5241 5441 5655 5838 5970 6150 6261 6227 6412 6659 6722 6795 7226 7527 7506 7563 7603 7721 7839 7928 8017 8080 8038 7904 7951 7947 7989 8071 8094 8060 8048 8039 8011 7996 7976 7966 7957 7934 7934 7940 7940 7950 7951 7954 7975 7987 8011 8035 8057 8089 8110 8126 8156 8171
3370 3390 3411 3433 3458 3485 -9999 -9999 -9999 -9999 -9999 -9999 -9999 -9999 -9999 3984 4050 4119 4202 4281 4371 4453 4548 4643 4734 4830 4969 5117 5264 5305 5582 5754 5829 6049 6179 6288 6408 6456 6476 6685 7187 7430 7752 7976 7778 7813 7845 7789 7949 7972 8049 8123 8086 8046 8044 8037 8053 8083 8058 8027 8013 8000 7975 7959 7944 7929 7921 7917 7911 7916 7921 7918 7938 7946 7953 7974 7986 8031 8056 8083 8098 8129 8141
3404 3420 3442 3459 3495 3525 3559 3586 -9999 -9999 -9999 -9999 -9999 -9999 -9999 4035 4093 4180 4265 4353 4437 4524 4608 4673 4789 4882 4997 5145 5248 5438 5597 5829 5923 5949 5971 6072 6222 6381 6672 6963 6999 7351 7573 7742 7992 7964 8073 8055 8079 8134 8071 8076 8117 8103 8084 8055 8037 8050 8032 8020 7994 7964 7950 7931 7911 7898 7889 7889 7881 7872 7885 7886 7899 7904 7920 7940 7945 7983 8003 8039 8065 8093 8115
3441 3457 3487 3514 3530 3564 3584 3611 3633 -9999 -9999 -9999 -9999 -9999 -9999 -9999 4165 4230 4319 4422 4528 4600 4710 4816 4878 5002 5084 5274 5446 5561 5692 5814 5880 5969 6156 6271 6511 6612 6690 6962 7245 7624 7818 7803 7635 7865 8093 8164 8073 8099 8125 8059 8064 8077 8073 8065 8042 8023 7996 7969 7945 7927 7913 7904 7869 7858 7848 7845 7845 7835 7837 7840 7849 7852 7875 7882 7914 7920 7954 7993 8020 8049 8076
3461 3487 3515 3539 3564 3587 3618 3647 3693 -9999 -9999 -9999 -9999 -9999 -9999 -9999 -9999 4291 4363 4480 4593 4716 4794 4882 4958 5085 5199 5369 5528 5684 5859 5960 6081 5970 6174 6327 6451 6765 7012 7167 7317 7428 7636 8096 7759 7791 7834 8094 8137 8060 8066 8022 7992 7979 7962 7970 7997 7957 7921 7912 7896 7879 7852 7834 7834 7815 7802 7792 7792 7790 7781 7803 7801 7800 7824 7826 7854 7864 7903 7919 7956 7997 8022
3490 3495 3523 3556 3584 3612 3649 3682 3722 3746 -9999 -9999 -9999 -9999 -9999 -9999 4250 4314 4397 4520 4644 4747 4830 4947 5004 5132 5290 5441 5602 5756 5842 6100 6274 6422 6440 6571 6622 6698 6841 7018 7157 7317 7363 7338 7841 7914 7907 7840 7860 7994 7951 7961 7890 7860 7888 7942 7939 7906 7875 7846 7822 7808 7794 7771 7768 7762 7747 7742 7738 7735 7732 7736 7739 7746 7758 7767 7788 7804 7834 7849 7881 7908 7928
3509 3534 3556 3576 3609 3647 3680 3714 3754 3788 -9999 -9999 -9999 -9999 -9999 -9999 4255 4318 4426 4544 4690 4805 4900 4978 5081 5232 5335 5382 5607 5627 5791 6008 6124 6279 6441 6508 6546 6600 6641 6721 6893 7094 7440 7541 7566 7607 7858 7960 7928 7893 7869 7818 7779 7787 7823 7886 7864 7828 7791 7762 7740 7738 7718 7700 7698 7689 7678 7681 7676 7671 7670 7670 7676 7685 7694 7696 7707 7719 7752 7768 7779 7802 7820
3540 3561 3582 3612 3645 3671 3706 3743 3775 3797 -9999 -9999 -9999 -9999 -9999 -9999 -9999 4339 4433 4541 4675 4801 4916 5024 5139 5234 5300 5334 5607 5656 5738 5910 6109 6260 6375 6455 6445 6479 6570 6618 6800 7094 7054 7579 7615 7746 7852 7820 7767 7747 7720 7641 7646 7676 7715 7753 7732 7712 7682 7665 7654 7639 7637 7625 7614 7619 7611 7602 7613 7616 7600 7607 7608 7610 7618 7626 7636 7640 7660 7677 7690 7711 7720
3559 3595 3615 3632 3658 3700 3727 3763 3799 3830 -9999 -9999 -9999 -9999 -9999 -9999 4241 4311 4415 4529 4651 4765 4898 5015 5112 5215 5286 5433 5607 5683 5842 5843 6074 6224 6307 6217 6354 6490 6521 6579 6740 7062 7253 7275 7310 7591 7589 7599 7589 7485 7510 7509 7513 7540 7561 7578 7578 7573 7560 7549 7546 7545 7540 7542 7542 7540 7534 7535 7529 7548 7534 7531 7539 7538 7544 7534 7552 7546 7568 7590 7600 7611 7624
3582 3613 3629 3661 3689 3738 3753 3784 3822 3856 3902 -9999 -9999 -9999 4126 4163 4223 4302 4395 4503 4624 4753 4884 5011 5123 5243 5326 5449 5558 5723 5790 5891 6081 6245 6367 6392 6363 6579 6552 6515 6683 6835 7029 7291 7184 7271 7364 7369 7374 7320 7338 7324 7328 7352 7370 7392 7421 7426 7431 7437 7435 7447 7447 7450 7461 7452 7461 7466 7464 7463 7467 7458 7461 7462 7461 7466 7459 7458 7467 7481 7491 7509 7513
