resultados/variables_proyeccion_tiempo/variables_paleo_21k/bio4.asc
ncols 330
nrows 228
xllcorner -12.000000
yllcorner 34.000000
cellsize 0.166667
NODATA_value -9999
[rows 37 to 73 of 228, columns 166 to 248 of 330]
7415 7552 7692 7830 7985 8124 8277 8429 8574 8725 8864 8994 9113 9229 9319 9415 9494 9594 9664 9736 9810 9862 9905 9940 9961 9958 9946 9906 9859 9812 9791 9734 9695 9668 9635 9583 9549 9525 9496 9489 9480 9465 9462 9458 9449 9431 9436 9419 9404 9388 9378 9373 9381 9381 9389 9404 9403 9422 9437 9448 9465 9491 9507 9533 9548 9565 9582 9600 9600 9605 9607 9637 9634 9631 9625 9616 9592 9577 9574 9574 9562 9576 9604
7525 7644 7786 7939 8090 8234 8388 8535 8682 8834 8975 9102 9214 9310 9403 9479 9551 9619 9675 9741 9794 9830 9870 9895 9898 9900 9888 9864 9829 9779 9732 9690 9650 9596 9564 9518 9485 9456 9435 9425 9408 9397 9398 9384 9369 9372 9351 9354 9337 9314 9314 9310 9305 9315 9331 9340 9335 9347 9379 9396 9420 9440 9469 9485 9510 9536 9553 9567 9564 9584 9606 9615 9621 9611 9601 9596 9591 9596 9589 9584 9585 9615 9632
7628 7736 7874 8014 8166 8324 8480 8635 8792 8949 9088 9206 9318 9394 9463 9529 9587 9638 9678 9726 9768 9799 9829 9838 9841 9826 9818 9802 9766 9729 9687 9636 9581 9530 9496 9456 9415 9386 9369 9353 9347 9337 9322 9302 9295 9289 9279 9282 9268 9262 9256 9251 9252 9247 9250 9257 9264 9281 9311 9336 9365 9392 9421 9443 9472 9498 9516 9532 9552 9573 9588 9596 9599 9599 9610 9610 9604 9603 9609 9613 9620 9628 9637
7708 7829 7974 8119 8257 8407 8555 8710 8876 9034 9186 9308 9412 9471 9525 9566 9598 9639 9670 9700 9722 9743 9768 9774 9773 9762 9740 9719 9695 9656 9624 9573 9523 9473 9433 9394 9362 9332 9300 9283 9278 9265 9249 9246 9236 9221 9215 9213 9204 9203 9198 9204 9196 9194 9186 9195 9195 9218 9254 9290 9318 9342 9385 9415 9434 9460 9483 9503 9526 9547 9568 9576 9585 9593 9608 9615 9602 9609 9629 9638 9630 9648 9671
7787 7920 8055 8196 8333 8482 8632 8788 8936 9105 9257 9390 9485 9524 9554 9575 9604 9631 9650 9671 9683 9689 9698 9696 9700 9693 9672 9646 9611 9582 9536 9486 9439 9403 9352 9318 9292 9260 9247 9230 9216 9196 9188 9181 9166 9159 9160 9159 9147 9141 9135 9135 9138 9136 9129 9128 9127 9141 9184 9236 9264 9305 9328 9365 9392 9434 9460 9484 9501 9520 9541 9562 9566 9590 9595 9606 9609 9627 9640 9645 9653 9673 9690
7874 7984 8132 8260 8399 8550 8680 8830 8982 9142 9278 9415 9504 9532 9544 9560 9587 9586 9602 9628 9623 9642 9641 9638 9618 9593 9584 9558 9531 9482 9446 9399 9355 9317 9280 9244 9212 9186 9166 9150 9129 9122 9125 9112 9099 9095 9089 9091 9092 9095 9088 9083 9094 9091 9084 9084 9076 9074 9106 9170 9211 9257 9292 9326 9355 9400 9424 9454 9490 9509 9528 9553 9564 9581 9594 9610 9614 9623 9636 9645 9663 9681 9705
7950 8071 8174 8308 8441 8580 8722 8855 8999 9138 9265 9371 9460 9503 9514 9522 9535 9544 9561 9568 9563 9575 9580 9564 9550 9525 9508 9477 9440 9393 9352 9312 9275 9237 9196 9168 9135 9108 9080 9066 9064 9052 9049 9035 9031 9033 9036 9031 9038 9033 9031 9032 9039 9040 9039 9042 9038 9043 9066 9117 9165 9207 9252 9292 9327 9370 9399 9431 9462 9476 9511 9537 9553 9577 9590 9602 9598 9622 9641 9647 9672 9686 9703
8000 8123 8252 8375 8486 8599 8729 8861 8991 9112 9231 9321 9386 9432 9462 9479 9492 9490 9496 9499 9504 9497 9494 9482 9472 9449 9426 9405 9358 9306 9273 9228 9193 9160 9121 9086 9051 9028 9007 8996 8979 8982 8968 8970 8973 8975 8984 8981 8980 8974 8970 8983 8996 9003 9016 9015 9019 9042 9061 9084 9135 9186 9220 9264 9304 9340 9365 9403 9431 9461 9498 9524 9554 9562 9578 9591 9590 9613 9638 9648 9679 9698 9720
8064 8172 8281 8405 8523 8633 8733 8855 8967 9076 9173 9260 9324 9373 9409 9420 9426 9432 9445 9434 9431 9431 9420 9397 9377 9366 9340 9320 9267 9229 9191 9148 9108 9069 9038 9009 8979 8947 8924 8921 8911 8916 8904 8912 8914 8924 8921 8918 8916 8928 8936 8957 8954 8968 8982 8988 9007 9017 9042 9078 9115 9149 9188 9230 9268 9309 9343 9390 9407 9436 9477 9503 9524 9532 9555 9567 9585 9606 9626 9644 9670 9689 9718
8114 8232 8323 8418 8525 8638 8726 8831 8937 9017 9110 9181 9242 9285 9308 9335 9354 9363 9360 9366 9358 9346 9331 9318 9302 9285 9264 9228 9188 9144 9098 9051 9019 8981 8942 8908 8883 8867 8851 8843 8841 8840 8841 8843 8852 8860 8874 8870 8877 8891 8902 8914 8919 8922 8939 8957 8976 8998 9024 9057 9089 9119 9164 9214 9249 9285 9322 9349 9385 9414 9448 9480 9501 9509 9542 9556 9572 9593 9616 9640 9654 9686 9725
8177 8254 8350 8437 8535 8637 8726 8813 8891 8968 9041 9106 9160 9200 9232 9249 9263 9286 9293 9276 9271 9263 9250 9225 9205 9174 9151 9117 9076 9047 9001 8957 8919 8878 8845 8820 8793 8780 8765 8766 8761 8771 8777 8792 8795 8799 8812 8819 8832 8852 8860 8870 8880 8903 8911 8925 8947 8975 9004 9036 9067 9107 9143 9191 9222 9256 9298 9340 9372 9396 9422 9450 9480 9506 9522 9528 9556 9572 9594 9622 9646 9679 9715
8212 8291 8372 8459 8533 8616 8703 8776 8848 8907 8979 9030 9077 9113 9138 9162 9175 9197 9196 9189 9189 9171 9158 9135 9105 9085 9060 9019 8979 8948 8905 8864 8832 8788 8745 8728 8710 8692 8685 8685 8687 8700 8708 8717 8734 8744 8765 8781 8798 8815 8820 8835 8849 8861 8884 8896 8920 8948 8976 9004 9043 9078 9116 9158 9196 9233 9273 9302 9337 9366 9386 9413 9447 9463 9498 9516 9533 9553 9580 9606 9641 9663 9703
8241 8321 8387 8472 8536 8605 8663 8716 8792 8856 8909 8951 8981 9019 9054 9072 9078 9100 9102 9095 9094 9084 9060 9048 9027 9000 8967 8929 8894 8846 8807 8775 8731 8696 8661 8634 8612 8609 8606 8609 8619 8632 8646 8659 8682 8703 8721 8739 8759 8770 8785 8802 8821 8826 8849 8877 8898 8923 8956 8988 9028 9056 9096 9129 9166 9201 9240 9266 9303 9336 9360 9384 9413 9432 9453 9488 9515 9526 9558 9584 9614 9642 9682
8281 8351 8408 8468 8528 8580 8642 8695 8740 8788 8831 8862 8890 8912 8945 8973 9000 8998 9012 9013 9003 8992 8970 8952 8930 8895 8857 8826 8795 8748 8721 8684 8646 8603 8580 8548 8518 8516 8518 8528 8545 8573 8587 8602 8626 8655 8677 8694 8710 8733 8751 8763 8781 8797 8825 8855 8878 8897 8929 8971 9002 9034 9078 9112 9137 9170 9207 9236 9268 9304 9320 9351 9373 9396 9422 9442 9480 9504 9520 9543 9574 9608 9641
8310 8368 8425 8475 8521 8560 8608 8648 8691 8734 8759 8784 8798 8817 8849 8877 8893 8922 8924 8923 8909 8895 8874 8858 8837 8802 8775 8734 8697 8669 8631 8593 8563 8508 8482 8453 8425 8425 8429 8452 8483 8513 8529 8561 8578 8604 8643 8658 8676 8691 8708 8729 8757 8776 8789 8824 8855 8884 8907 8941 8968 9009 9050 9078 9109 9142 9184 9210 9252 9266 9291 9321 9336 9349 9375 9409 9436 9471 9492 9521 9547 9577 9602
8316 8370 8423 8465 8516 8554 8586 8614 8629 8648 8664 8673 8705 8732 8758 8779 8811 8827 8829 8828 8823 8804 8775 8745 8726 8700 8677 8646 8613 8582 8555 8506 8472 8418 8381 8358 8342 8347 8372 8389 8420 8458 8489 8523 8549 8574 8607 8625 8638 8653 8670 8700 8722 8740 8773 8794 8819 8854 8873 8916 8935 8980 9015 9046 9082 9125 9152 9183 9214 9240 9262 9277 9299 9318 9340 9365 9394 9429 9462 9490 9515 9549 9583
8337 8382 8410 8453 8497 8530 8555 8586 8600 8614 8589 8576 8569 8623 8666 8709 8728 8736 8740 8734 8721 8712 8680 8658 8640 8614 8595 8563 8516 8496 8478 8435 8394 8356 8320 8286 8266 8274 8297 8330 8363 8404 8443 8473 8512 8540 8571 8588 8608 8628 8641 8673 8686 8715 8745 8773 8794 8827 8855 8898 8916 8950 8994 9019 9056 9085 9115 9144 9183 9206 9218 9233 9244 9270 9303 9322 9356 9394 9421 9457 9492 9507 9551
8345 8374 8416 8459 8481 8501 8531 8546 8557 8564 8553 8512 8468 8489 8568 8626 8658 8662 8656 8636 8635 8632 8610 8573 8531 -9999 8488 8470 8420 8414 8403 8368 8329 8299 8271 8233 8212 8232 8264 8294 8326 8362 8406 8457 8492 8520 8544 8569 8590 8598 8612 8633 8661 8686 8710 8745 8776 8803 8832 8866 8900 8932 8963 8991 9030 9056 9082 9124 9131 9166 9174 9186 9195 9231 9254 9293 9318 9354 9382 9406 9438 9472 9492
8344 8379 8407 8427 8461 8481 8484 8509 8521 8516 8493 8450 8386 8361 8519 8586 8594 8597 8569 8554 8574 -9999 -9999 8510 8487 -9999 -9999 8369 8350 8348 8338 8316 8282 8262 8229 8206 8198 8222 8246 8280 8304 8341 8384 8433 8478 8516 8534 8554 8563 8579 8584 8605 8626 8660 8691 8720 8750 8780 8813 8845 8876 8903 8936 8977 8994 9023 9055 9072 9115 9120 9135 9156 9169 9190 9214 9248 9278 9310 9349 9368 9387 9423 9454
8338 8356 8385 8408 8425 8452 8460 8471 8479 8483 8467 8402 8311 8303 8514 8526 8524 8517 8514 8493 8427 8414 8427 8398 8378 8366 8349 8324 8307 8297 8282 8259 8226 8208 8192 8190 8192 8214 8240 8274 8308 8341 8388 8422 8463 8494 8525 8543 8566 8566 8566 8572 8608 8640 8674 8708 8735 8760 8792 8824 8850 8886 8916 8946 8975 8999 9028 9046 9076 9086 9102 9120 9137 9162 9180 9217 9237 9269 9309 9316 9346 9376 9413
8329 8347 8376 8393 8400 8413 8429 8439 8438 8426 8418 8358 8307 8335 8430 8448 8451 -9999 -9999 8388 8398 8381 8365 8350 8323 8312 8300 8281 8259 8241 8233 8202 8177 8172 8164 8165 8174 8204 8229 8255 8295 8342 8379 8434 8474 8500 8527 8543 8559 8562 8566 8568 8594 8625 8656 8689 8713 8753 8780 8806 8840 8869 8890 8927 8953 8975 9003 9024 9044 9051 9078 9083 9102 9129 9158 9189 9205 9229 9265 9279 9304 9336 9362
8324 8338 8351 8369 8385 8395 8392 8391 8389 8382 8363 8334 8312 8316 8346 8340 -9999 -9999 8321 8332 8332 8317 8301 8282 8258 8249 8226 8214 8194 8180 8171 8160 8132 8132 8135 8134 8152 8175 8213 8250 8285 8337 8378 8423 8479 8523 8553 8565 8566 8569 8572 8577 8592 8609 8638 8666 8703 8722 8764 8801 8833 8849 8878 8899 8923 8954 8971 8992 9010 9020 9052 9064 9082 9100 9128 9140 9161 9201 9220 9242 9266 9293 9315
8291 8315 8331 8340 8348 8352 8353 8347 8347 8339 8313 8296 8276 8270 8281 8271 8265 8265 8274 8269 8260 8246 8229 8215 8179 8161 8143 8138 8130 8111 8101 8095 8074 8100 8099 8115 8136 8161 8189 8234 8280 8328 8384 8442 8480 8531 8566 8585 8576 8576 8564 8570 8580 8604 8629 8651 8679 8715 8746 8778 8810 8833 8860 8889 8905 8925 8942 8966 8982 8996 9016 9036 9052 9072 9088 9105 9119 9154 9176 9194 9216 9241 9271
8269 8287 8306 8316 8312 8301 8301 8308 8289 8284 8264 8252 8247 8236 8228 8224 8224 8220 8216 8196 8180 8163 8137 8122 8101 8081 8060 8056 8046 8039 8032 8043 8044 8053 8063 8077 8105 8134 8167 8211 8258 8315 8378 8426 8495 8544 8589 8599 8592 8586 8578 8581 8587 8594 8610 8643 8655 8691 8720 8756 8781 8810 8829 8853 8876 8900 8917 8930 8960 8975 8986 8999 9015 9032 9047 9074 9103 9121 9129 9157 9176 9209 9222
8259 8263 8267 8284 8279 8264 8263 8253 8246 8228 8222 8197 8195 8182 8176 8163 8153 8150 8125 8107 8087 8062 8042 8020 7995 7987 7979 7964 7961 7967 7962 7972 7985 8004 8030 8047 8074 8105 8147 8188 8237 8294 8357 8418 8481 8560 8624 8643 8610 8589 8581 8582 8575 8582 8602 8618 8641 8656 8684 8720 8755 8786 8807 8824 8846 8876 8880 8906 8928 8946 8959 8966 8989 9001 9019 9044 9064 9072 9086 9110 9133 9150 9175
8242 8237 8249 8237 8241 8244 8224 8204 8187 8172 8162 8147 8131 8113 8098 8088 8073 8061 8037 8018 7994 7972 7956 7946 7931 7910 7899 7903 7904 7905 7923 7922 7947 7953 7981 8012 8045 8078 8120 8162 8213 8264 8325 8397 8482 8565 8659 8690 8598 8557 8553 8546 8544 8554 8571 8589 8610 8632 8659 8690 8726 8752 8776 8797 8821 8837 8846 8875 8896 8915 8929 8945 8964 8979 8994 8998 9011 9028 9046 9064 9083 9107 9131
8208 8213 8204 8189 8190 8189 8172 8151 8130 8119 8107 8085 8072 8052 8038 8012 7997 7976 7958 7940 7914 7889 7878 7873 7857 7844 7832 7829 7833 7849 7873 7881 7897 7927 7956 7980 8012 8055 8091 8134 8174 8217 8283 8348 8423 8528 8646 8724 8579 8529 8519 8522 8524 8534 8534 8557 8570 8601 8619 8652 8693 8724 8749 8763 8793 8804 8821 8851 8871 8891 8904 8923 8937 8955 8960 8961 8966 8977 8999 9027 9052 9070 9089
8172 8173 8172 8157 8138 8131 8114 8097 8074 8064 8039 8030 8011 7997 7969 7951 7930 7901 7882 7862 7849 7823 7796 7783 7772 7766 7766 7770 7772 7786 7805 7823 7843 7880 7900 7942 7982 8015 8061 8093 8139 8172 8224 8287 8361 8439 8527 8563 8519 8478 8480 8494 8490 8488 8502 8514 8534 8562 8586 8624 8652 8683 8707 8735 8764 8777 8804 8828 8838 8854 8877 8893 8907 8919 8926 8930 8923 8935 8957 8987 9017 9036 9044
8143 8142 8132 8128 8104 8087 8050 8041 8021 8001 7984 7967 7941 7926 7899 7886 7855 7836 7813 7787 7758 7727 7708 7692 7682 7679 7676 7689 7700 7722 7741 7770 7795 7824 7861 7907 7941 7991 8025 8059 8089 8128 8162 8199 8247 8285 8332 8363 8393 8399 8425 8445 8439 8442 8447 8460 8491 8518 8546 8578 8613 8642 8676 8705 8725 8748 8774 8793 8806 8834 8849 8868 8871 8891 8900 8860 8875 8903 8928 8949 8972 8987 9014
8117 8101 8093 8077 8044 8026 7998 7982 7968 7939 7920 7903 7880 7861 7833 7812 7793 7764 7736 7705 7674 7659 7637 7621 7612 7604 7607 7605 7628 7643 7686 7712 7742 7781 7818 7869 7906 7955 7988 8026 8061 8081 8111 8131 8150 8160 8152 8189 8242 8295 8332 8361 8368 8372 8386 8406 8431 8456 8501 8527 8561 8597 8634 8663 8687 8708 8728 8754 8777 8795 8809 8824 8834 8842 8843 8831 8844 8872 8898 8927 8948 8963 8982
8073 8056 8034 8010 7985 7968 7948 7923 7899 7887 7865 7845 7823 7795 7769 7746 7724 7691 7655 7635 7603 7579 7552 7535 7518 7511 7518 7536 7552 7581 7622 7650 7697 7727 7777 7817 7863 7916 7953 7997 8020 8045 8048 8061 8061 8054 8030 8054 8129 8200 8236 8262 8285 8294 8312 8342 8369 8405 8439 8484 8523 8556 8591 8622 8641 8670 8697 8720 8744 8765 8781 8794 8813 8821 8817 8824 8834 8859 8882 8903 8925 8941 8953
8013 7994 7967 7944 7917 7898 7874 7856 7840 7821 7798 7775 7760 7735 7718 7685 7659 7626 7597 7556 7531 7493 7463 7442 7433 7427 7444 7461 7486 7528 7555 7591 7642 7684 7729 7784 7825 7871 7924 7966 7988 8000 8001 8008 8009 7992 7990 8014 8063 8108 8151 8178 8197 8216 8233 8268 8307 8350 8396 8428 8468 8507 8541 8580 8618 8649 8679 8705 8719 8738 8755 8775 8789 8798 8812 8819 8825 8842 8861 8875 8897 8911 8923
7919 7910 7881 7875 7843 7827 7807 7790 7774 7751 7734 7709 7700 7671 7651 7619 7588 7561 7516 7487 7454 7426 7388 7373 7341 7334 7352 7380 7415 7450 7496 7544 7594 7632 7685 7728 7778 7825 7873 7918 7944 7951 7956 7956 7956 7954 7961 7975 8012 8048 8078 8096 8110 8128 8142 8179 8251 8298 8341 8386 8423 8464 8507 8544 8581 8615 8650 8677 8697 8716 8739 8764 8780 8780 8802 8808 8822 8836 8854 8869 8888 8908 8916
7821 7820 7801 7787 7767 7750 7732 7714 7702 7684 7660 7654 7633 7622 7590 7572 7526 7503 7462 7415 7377 7347 7312 7284 7256 7245 7275 7307 7356 7399 7439 7489 7539 7592 7634 7681 7738 7784 7824 7858 7885 7905 7916 7920 7924 7920 7937 7952 7973 7993 8013 8035 8052 8047 8054 8077 8180 8240 8291 8341 8386 8436 8479 8520 8554 8592 8617 8649 8677 8705 8726 8748 8766 8783 8796 8809 8817 8834 8851 8861 8879 8891 8896
7727 7721 7710 7697 7685 7668 7648 7645 7620 7619 7597 7586 7573 7558 7535 7510 7480 7439 7401 7356 7317 7279 7250 7211 7190 7175 7210 7251 7301 7340 7395 7444 7487 7541 7587 7640 7684 7726 7764 7811 7835 7861 7875 7882 7890 7902 7919 7921 7942 7957 7977 7987 7991 7994 7989 8013 8101 8174 8243 8298 8351 8398 8451 8497 8538 8574 8599 8638 8662 8694 8718 8735 8760 8773 8787 8805 8823 8831 8837 8852 8866 8874 8882
7616 7624 7618 7612 7600 7588 7579 7572 7561 7541 7533 7522 7510 7508 7486 7452 7420 7375 7347 7304 7254 7221 7191 7166 7142 7140 7168 7210 7256 7302 7348 7392 7446 7496 7538 7592 7641 7689 7728 7764 7791 7813 7836 7858 7864 7876 7891 7901 7917 7942 7946 7957 7955 7961 7965 8001 8055 8126 8207 8268 8320 8372 8417 8473 8516 8556 8591 8625 8653 8680 8706 8722 8757 8770 8794 8808 8809 8826 8839 8845 8860 8882 8885
7524 7532 7532 7525 7514 7519 7501 7485 7479 7473 7462 7452 7452 7455 7430 7412 7361 7321 7274 7234 7203 7175 7144 7125 7113 7123 7144 7172 7204 7254 7304 7353 7402 7458 7506 7561 7608 7646 7691 7732 7756 7786 7806 7822 7844 7863 7886 7900 7907 7924 7931 7939 7943 7953 7952 7990 8049 8112 8176 8245 8307 8364 8411 8457 8500 8543 8568 8615 8642 8669 8698 8724 8741 8770 8796 8808 8827 8843 8854 8859 8883 8894 8906
