resultados/variables_proyeccion_tiempo/variables_paleo_21k/bio4.asc
ncols 330
nrows 228
xllcorner -12.000000
yllcorner 34.000000
cellsize 0.166667
NODATA_value -9999
[rows 185 to 221 of 228, columns 166 to 248 of 330]
6136 6031 5975 5902 5782 5641 5509 5507 5536 5539 5524 5494 -9999 -9999 -9999 -9999 -9999 -9999 -9999 5410 5404 5451 5531 5678 5868 6048 6230 6182 6266 6370 6527 6427 6609 6845 7259 7123 7091 6847 7096 7120 7400 7554 7517 7428 7281 7398 7384 7253 7048 7051 7050 6943 6800 6786 6842 6881 6892 6892 6898 6893 6879 6819 6902 6975 6983 6936 6873 6812 6724 6624 6570 6558 6601 6573 6484 6427 6388 6364 6339 6252 6156 6108 6055
6130 6040 5957 5905 5859 5797 5735 5696 5714 5686 5621 5554 5490 5433 5389 5366 -9999 -9999 -9999 5370 5358 5409 5499 5632 5813 6000 6158 6218 6151 6303 6437 6476 6641 6454 7188 7177 6674 7154 7521 7267 7407 7531 7491 7437 7270 7191 7236 7218 7145 7000 6804 6834 6780 6778 6777 6783 6785 6781 6781 6765 6775 6796 6843 6895 6910 6855 6784 6709 6623 6556 6473 6418 6468 6456 6426 6383 6352 6339 6345 6297 6258 6164 6097
6051 6000 5896 5841 5815 5811 5829 5842 5844 5825 5770 5670 5558 5456 5410 5370 5341 -9999 -9999 -9999 5330 5369 5454 5592 5772 5961 6083 6206 6158 6284 6497 6505 6644 6564 6927 7121 7212 7192 7475 7527 7516 7495 7454 7398 7364 7240 7160 7043 7032 6960 6845 6779 6719 6662 6657 6674 6670 6659 6663 6670 6680 6696 6737 6782 6798 6761 6703 6627 6547 6507 6381 6314 -9999 -9999 -9999 -9999 -9999 -9999 -9999 -9999 6131 6008 6019
5983 5960 5928 5840 5796 5761 5817 5798 5839 5893 5860 5761 5641 5519 5470 5414 5358 5308 -9999 -9999 5330 5334 5402 5563 5767 5950 6101 6123 6114 6242 6445 6535 6641 6833 6771 7158 7202 6722 7222 7491 7477 7451 7418 7378 7274 7197 7148 7026 6929 6889 6804 6728 6675 6606 6577 6578 6557 6541 6535 6540 6558 6591 6630 6674 6695 6671 6620 6546 6451 6356 6297 6316 6308 6292 6277 6254 6224 6209 6170 6176 6152 6080 6197
5923 5933 5923 5841 5766 5770 5746 5739 5752 5885 5889 5812 5718 5640 5578 5492 5371 5302 -9999 -9999 -9999 5361 5425 5590 5770 5947 6080 6202 6232 6314 6263 6414 6682 6920 6930 6890 7133 7069 7032 7273 7394 7408 7378 7350 7294 7140 7005 6917 6876 6817 6717 6646 6626 6565 6552 -9999 6517 6445 6398 6411 6469 6502 6530 6557 6592 6608 6561 6490 6394 6304 6245 6231 6278 6311 6282 6253 6192 6170 6175 6171 6180 6245 6309
5829 5847 5851 5787 5792 5757 5757 5717 -9999 -9999 5816 5768 5720 5697 5669 5552 5376 5284 5260 -9999 -9999 -9999 5487 5688 5786 5909 6076 6178 6304 6318 6315 6440 6559 6854 7032 6956 7131 7321 7102 7045 7387 7364 7328 7282 7231 7154 7043 6936 6840 6740 6644 6538 6492 -9999 -9999 -9999 -9999 -9999 -9999 -9999 6268 6324 6336 6443 6533 6564 6550 6512 6391 6284 6274 6230 6246 6284 6279 6219 6157 6152 6191 6246 6316 6372 6519
5689 5832 5834 5799 5820 5808 5763 5732 -9999 -9999 -9999 -9999 5700 5684 5672 5545 5368 5271 5254 -9999 -9999 -9999 -9999 5574 5717 5896 6074 6164 6172 6383 6454 6359 6455 6757 7016 7113 7139 7144 7107 6957 6808 7306 7266 7216 7149 7066 6969 6876 6755 6626 6567 6383 6431 -9999 -9999 -9999 6172 6126 6085 6087 6102 6110 6140 6272 6450 6526 6535 6523 6473 6455 6484 6345 6335 6361 6338 6223 6117 6229 6307 6288 6145 6131 6436
5402 5637 5777 5840 5843 5776 5743 -9999 -9999 -9999 -9999 -9999 -9999 5640 5623 5542 5402 5312 5269 -9999 -9999 -9999 5419 5490 5590 5829 6002 6141 6235 6345 6289 6377 6408 6616 6901 7116 7099 7098 7321 7222 7096 7167 7196 7142 7064 6984 6893 6802 6696 6589 6549 -9999 -9999 -9999 -9999 6134 6128 6015 5956 5924 5874 5816 5828 6070 6354 6503 6549 6564 6560 6554 6539 6561 6565 6606 6580 6485 6386 6363 6383 6363 6265 6208 6232
5266 5529 5687 5581 5640 5687 5676 5702 -9999 -9999 -9999 -9999 -9999 5612 5580 5514 5420 5340 5290 -9999 -9999 -9999 5396 5463 5586 5707 5876 6065 6178 6292 6360 6475 6470 6508 6834 7166 7167 7068 7336 7285 7240 7128 7008 7068 6989 6909 6862 -9999 -9999 -9999 -9999 -9999 -9999 -9999 -9999 6021 5995 5919 5843 5792 5739 5652 5645 5985 6277 6463 6523 6517 6609 6650 6684 6721 6753 6790 6821 6716 6570 6513 6467 6376 6364 6362 6406
-9999 5383 5452 5508 5674 5767 5831 5805 5752 -9999 -9999 -9999 -9999 -9999 -9999 5463 5425 -9999 -9999 -9999 -9999 -9999 -9999 -9999 5538 5593 5751 5959 6109 6227 6313 6448 6461 6459 6538 7031 7402 7361 7316 7252 7183 7135 7060 6987 6918 6863 -9999 -9999 -9999 -9999 -9999 6101 6062 5999 5878 5892 5862 5799 5752 5709 5673 5652 5713 6007 6233 6404 6496 6619 6689 6726 6795 6835 6911 6929 6962 6815 6684 6610 6560 6488 6464 6457 6511
-9999 5258 5457 5479 5718 5761 5823 5882 5825 5737 -9999 -9999 -9999 -9999 -9999 -9999 -9999 -9999 -9999 -9999 -9999 -9999 -9999 -9999 -9999 5603 5722 5887 6048 6157 6273 6373 6481 6513 6567 6858 7180 7269 7233 7183 7121 7074 7029 6935 6784 6777 6649 -9999 -9999 -9999 6111 6043 5879 -9999 5853 5780 5752 5723 5706 5650 5647 5667 5802 5960 6146 6340 6481 6604 6678 6724 6871 6944 6933 6982 6965 6829 6677 6531 6499 6471 6474 6560 6604
-9999 -9999 5447 5510 5682 5731 5757 5795 5771 5683 -9999 -9999 -9999 -9999 -9999 -9999 -9999 -9999 -9999 -9999 -9999 -9999 -9999 -9999 -9999 -9999 5758 5842 5981 6118 6241 6365 6514 6556 6627 6522 6744 7025 7082 7084 7029 7013 6956 6877 6802 6731 6603 6491 6386 6207 6078 6017 5822 5702 -9999 -9999 -9999 5590 5610 5630 5657 5739 5873 5979 6132 6272 6383 6553 6693 6837 6964 7051 6971 6959 6934 6847 6676 6593 6508 6471 6547 6659 6690
-9999 -9999 5292 5490 5615 5686 5698 5704 5713 5654 -9999 -9999 -9999 -9999 -9999 -9999 -9999 -9999 -9999 -9999 -9999 -9999 -9999 -9999 -9999 -9999 -9999 5844 5924 6046 6178 6290 6412 6475 6568 6576 6616 6673 6859 6922 6910 6783 6809 6826 6741 6662 6551 6453 6322 6145 5985 5875 5625 5559 -9999 -9999 -9999 5555 5567 5600 5642 5731 5838 5974 6110 6168 6168 6334 6634 6886 7032 6978 7115 7043 6841 6726 6660 6601 6567 6530 6592 6711 6839
-9999 -9999 5206 5308 5437 5504 5541 5570 5648 5606 -9999 -9999 -9999 -9999 -9999 -9999 -9999 -9999 -9999 -9999 -9999 -9999 -9999 -9999 -9999 -9999 -9999 -9999 -9999 6004 6107 6215 6302 6396 6474 6539 6520 6595 6726 6782 6815 6801 6767 6749 6689 6634 6532 6411 -9999 6061 -9999 5726 5564 5440 5415 -9999 5460 5512 5540 5592 5652 5698 -9999 6036 6045 6047 6114 6312 6610 6873 6934 7164 7168 7014 6868 6782 6694 6637 6573 6596 6670 6789 6904
-9999 5212 5234 5322 5470 5393 5414 -9999 -9999 -9999 -9999 -9999 -9999 -9999 -9999 -9999 -9999 -9999 -9999 -9999 -9999 -9999 -9999 -9999 -9999 -9999 -9999 -9999 -9999 6023 6062 6150 6239 6279 6319 6383 6423 6448 6479 6494 6663 6682 6691 6665 6615 6570 6519 6437 6304 6140 6023 5753 5517 5481 5417 5420 -9999 5486 5516 5562 5624 -9999 -9999 5878 5940 6012 6137 6319 6626 6929 7211 7264 7152 7026 6871 6743 6620 6606 6599 6649 6723 6818 6920
-9999 5277 5291 5443 5537 5358 5312 -9999 -9999 -9999 -9999 -9999 -9999 -9999 -9999 -9999 -9999 -9999 -9999 -9999 -9999 -9999 -9999 -9999 -9999 -9999 -9999 -9999 -9999 5941 5993 6072 6144 6140 6125 6129 6282 6374 6391 6413 6499 6497 6590 6609 6591 6562 6476 6422 6339 6228 6020 5796 -9999 -9999 -9999 -9999 -9999 -9999 5550 5600 5626 5809 5874 5879 6025 6069 6133 6282 6541 6802 6955 7116 6993 6938 6839 6597 6591 6669 6629 6701 6791 6882 6942
-9999 5228 5343 5493 5396 5313 5303 -9999 -9999 -9999 -9999 -9999 -9999 -9999 -9999 -9999 -9999 -9999 -9999 -9999 -9999 -9999 -9999 -9999 -9999 -9999 -9999 -9999 5793 5903 5958 5991 6048 6055 6033 5947 5984 5961 6213 6301 6319 6453 6502 6523 6526 6539 6523 6442 6359 6224 6051 5853 5638 5565 -9999 5414 -9999 -9999 -9999 5555 5649 5818 5914 5882 5912 6051 6116 6253 6423 6640 6786 6867 6855 6818 6773 6590 6346 6488 6750 6838 6876 6917 6960
5383 5510 5435 5287 5240 5236 -9999 -9999 -9999 -9999 -9999 -9999 -9999 -9999 -9999 -9999 -9999 -9999 -9999 -9999 -9999 -9999 -9999 -9999 -9999 -9999 -9999 -9999 5788 5880 5908 5914 5984 5997 5954 5675 5608 6038 5869 5930 6068 6282 6370 6436 6494 6515 6509 6467 6379 6275 6097 5898 5719 -9999 -9999 -9999 -9999 -9999 -9999 -9999 -9999 5765 5852 5820 5868 6036 6085 6223 6264 6317 6507 6667 6725 6619 6629 6653 6864 6622 6698 6934 6946 6947 7018
5550 5673 5350 5209 -9999 -9999 -9999 -9999 -9999 -9999 -9999 -9999 -9999 -9999 -9999 -9999 -9999 -9999 -9999 -9999 -9999 -9999 -9999 -9999 -9999 -9999 -9999 -9999 5702 5793 5867 5855 5899 5927 5922 5743 5800 6103 6153 6182 6179 6178 6173 6313 6374 6464 6498 6503 6452 6306 6092 5937 5822 5633 5474 -9999 -9999 -9999 5372 -9999 -9999 5573 5720 5734 5781 5909 5924 5993 6056 6050 6151 6470 6679 6707 6691 6774 6918 6960 6982 6928 7021 7065 7061
5391 5329 5246 5173 -9999 -9999 -9999 -9999 -9999 -9999 -9999 -9999 -9999 -9999 -9999 -9999 -9999 -9999 -9999 -9999 -9999 -9999 -9999 -9999 -9999 -9999 -9999 -9999 -9999 5727 5788 5763 5810 5823 5781 5737 5932 6051 6063 6158 6196 6225 6182 6234 6315 6338 6419 6472 6453 6316 6074 5854 5695 5545 5484 5398 5283 -9999 -9999 -9999 -9999 -9999 -9999 -9999 -9999 -9999 -9999 5815 5708 5702 6191 6510 6754 6846 6851 6892 6983 6972 6995 6920 6930 7091 7093
-9999 -9999 -9999 -9999 -9999 -9999 -9999 -9999 -9999 -9999 -9999 -9999 -9999 -9999 -9999 -9999 -9999 -9999 -9999 -9999 -9999 -9999 -9999 -9999 -9999 -9999 -9999 -9999 -9999 5753 5749 5745 5681 5681 5667 5651 5777 5840 5979 6062 6147 6104 6117 6243 6277 6243 6325 6337 6244 6190 6028 5799 5626 5500 5359 5357 5218 5136 -9999 -9999 -9999 -9999 -9999 5650 5668 5896 5965 5892 5722 5859 6229 6557 6804 6874 6923 7041 7080 7131 7170 7159 7121 7103 7144
-9999 -9999 -9999 -9999 -9999 -9999 -9999 -9999 -9999 -9999 -9999 -9999 -9999 -9999 -9999 -9999 -9999 -9999 -9999 -9999 -9999 -9999 -9999 -9999 -9999 -9999 -9999 -9999 -9999 -9999 5686 5642 5587 5590 5530 5497 5557 5669 5953 6034 6060 6064 5927 6070 6176 6180 6197 6126 6044 5973 5862 5755 5592 5411 5303 5196 5175 5123 5012 -9999 -9999 5406 5553 5602 5634 5763 5840 5885 5881 5945 6210 6640 6801 6878 6940 7112 7158 7205 7227 7220 7208 7190 7184
-9999 -9999 -9999 -9999 -9999 -9999 -9999 -9999 -9999 -9999 -9999 -9999 -9999 -9999 -9999 -9999 -9999 -9999 -9999 -9999 -9999 -9999 -9999 -9999 -9999 -9999 -9999 -9999 -9999 -9999 -9999 -9999 -9999 -9999 -9999 5352 5537 5755 5684 5883 5974 5982 5864 5851 5984 6058 6080 6007 5934 5884 5769 5564 5504 5340 5153 5136 5013 4973 4973 4997 5045 -9999 5286 -9999 5534 5667 5759 5833 5858 6010 6275 6561 6707 6899 6924 7158 7212 7227 7221 7222 7209 7201 7121
-9999 -9999 -9999 -9999 -9999 -9999 -9999 -9999 -9999 -9999 -9999 -9999 -9999 -9999 -9999 -9999 -9999 -9999 -9999 -9999 -9999 -9999 -9999 -9999 -9999 -9999 -9999 -9999 -9999 -9999 -9999 -9999 5251 -9999 -9999 5228 5422 5384 5621 5751 5839 5966 5943 5807 5885 5850 5886 5844 5804 5770 -9999 -9999 5386 5253 5139 5003 4916 4830 4818 4898 4969 5070 5166 -9999 5487 5599 5703 5772 5846 5961 6142 6321 6449 6840 7003 7147 7192 7222 7190 7186 7187 7163 7166
-9999 -9999 -9999 -9999 -9999 -9999 -9999 -9999 -9999 -9999 -9999 -9999 -9999 -9999 -9999 -9999 -9999 -9999 -9999 -9999 -9999 -9999 -9999 -9999 -9999 -9999 -9999 -9999 -9999 -9999 -9999 -9999 -9999 -9999 -9999 5162 5366 5243 5369 5769 5624 5773 5871 5793 5620 5699 -9999 -9999 -9999 -9999 -9999 -9999 5322 5211 5052 4918 4863 4801 4817 4958 4934 5036 5112 -9999 5436 5441 5598 5764 5821 5962 6112 6251 6448 6542 6821 6940 6905 6969 7131 7134 7063 7147 7189
-9999 -9999 -9999 -9999 -9999 -9999 -9999 -9999 -9999 -9999 -9999 -9999 -9999 -9999 -9999 -9999 -9999 -9999 -9999 -9999 -9999 -9999 -9999 -9999 -9999 -9999 -9999 -9999 -9999 -9999 -9999 -9999 -9999 -9999 -9999 5004 5089 5133 5135 5522 5632 5500 5598 5782 5626 -9999 5596 5603 -9999 5499 -9999 -9999 -9999 5086 5042 4902 4828 4756 4774 4843 4891 5064 5140 5218 5349 5417 -9999 5699 5757 5895 5918 5970 5973 6012 6227 6414 6616 6509 6450 6731 7021 7125 7169
-9999 -9999 -9999 -9999 -9999 -9999 -9999 -9999 -9999 -9999 -9999 -9999 -9999 -9999 -9999 -9999 -9999 -9999 -9999 -9999 -9999 -9999 -9999 -9999 -9999 -9999 -9999 -9999 -9999 -9999 -9999 -9999 -9999 -9999 -9999 -9999 4920 5012 5031 5282 5441 5337 5437 5551 5541 -9999 -9999 5449 5459 5418 -9999 5269 5180 5096 4981 4888 4847 4820 4816 4788 4950 5015 -9999 5166 5188 -9999 -9999 5578 5679 5733 5830 5991 5966 6008 6118 6215 6078 6084 6078 6208 6372 6662 6738
-9999 -9999 -9999 -9999 -9999 -9999 -9999 -9999 -9999 -9999 -9999 -9999 -9999 -9999 -9999 -9999 -9999 -9999 -9999 -9999 -9999 -9999 -9999 -9999 -9999 -9999 -9999 -9999 -9999 -9999 -9999 -9999 -9999 -9999 -9999 -9999 -9999 -9999 -9999 -9999 5311 5258 -9999 5451 5456 5380 -9999 -9999 -9999 -9999 5231 5261 5140 5041 4951 4933 4873 4807 4817 -9999 4853 -9999 5090 5192 5253 5270 -9999 5507 5576 5596 5625 5727 5822 5825 5860 5750 -9999 -9999 6019 5849 5980 6331 6401
-9999 -9999 -9999 -9999 -9999 -9999 -9999 -9999 -9999 -9999 -9999 -9999 -9999 -9999 -9999 -9999 -9999 -9999 -9999 -9999 -9999 -9999 -9999 -9999 -9999 -9999 -9999 -9999 -9999 -9999 -9999 -9999 -9999 -9999 -9999 -9999 -9999 -9999 -9999 -9999 5200 5170 -9999 5340 5343 5366 -9999 -9999 -9999 -9999 -9999 -9999 -9999 -9999 -9999 -9999 -9999 4850 4894 4846 5001 4946 -9999 5134 5150 5251 5282 5407 5428 5572 5581 5544 -9999 5584 5659 5635 -9999 -9999 -9999 -9999 6180 6076 6454
-9999 -9999 -9999 -9999 -9999 -9999 -9999 -9999 -9999 -9999 -9999 -9999 -9999 -9999 -9999 -9999 -9999 -9999 -9999 -9999 -9999 -9999 -9999 -9999 -9999 -9999 -9999 -9999 -9999 -9999 -9999 -9999 -9999 -9999 -9999 -9999 -9999 -9999 -9999 -9999 -9999 -9999 -9999 5357 5283 -9999 -9999 -9999 -9999 -9999 -9999 -9999 -9999 -9999 -9999 -9999 -9999 4902 4879 4856 4923 4977 4958 -9999 -9999 -9999 5248 -9999 -9999 -9999 -9999 5591 5581 5744 5696 5536 -9999 -9999 -9999 -9999 -9999 5571 5955
-9999 -9999 -9999 -9999 -9999 -9999 -9999 -9999 -9999 -9999 -9999 -9999 -9999 -9999 -9999 -9999 -9999 -9999 -9999 -9999 -9999 -9999 -9999 -9999 -9999 -9999 -9999 -9999 -9999 -9999 -9999 -9999 -9999 -9999 -9999 -9999 -9999 -9999 -9999 -9999 -9999 -9999 -9999 5290 5179 5127 -9999 -9999 -9999 -9999 -9999 -9999 -9999 -9999 -9999 -9999 -9999 -9999 -9999 -9999 -9999 -9999 -9999 -9999 5080 5032 -9999 -9999 -9999 -9999 -9999 -9999 5533 5568 5449 5336 -9999 -9999 -9999 -9999 -9999 -9999 -9999
-9999 -9999 -9999 -9999 -9999 -9999 -9999 -9999 -9999 -9999 -9999 -9999 -9999 -9999 -9999 -9999 -9999 -9999 -9999 -9999 -9999 -9999 -9999 -9999 -9999 -9999 -9999 -9999 -9999 -9999 -9999 -9999 -9999 -9999 -9999 -9999 -9999 -9999 -9999 -9999 -9999 -9999 -9999 -9999 -9999 5172 5146 -9999 -9999 -9999 -9999 -9999 -9999 -9999 -9999 -9999 -9999 -9999 -9999 -9999 -9999 -9999 -9999 4968 5097 5017 5154 -9999 -9999 5247 -9999 -9999 5347 5324 5238 -9999 -9999 -9999 -9999 -9999 -9999 -9999 -9999
-9999 -9999 -9999 -9999 -9999 -9999 -9999 -9999 -9999 -9999 -9999 -9999 -9999 -9999 -9999 -9999 -9999 -9999 -9999 -9999 -9999 -9999 -9999 -9999 -9999 -9999 -9999 -9999 -9999 -9999 -9999 -9999 -9999 -9999 -9999 -9999 -9999 -9999 -9999 -9999 -9999 -9999 -9999 -9999 -9999 -9999 5101 -9999 5216 -9999 -9999 -9999 -9999 -9999 -9999 -9999 -9999 -9999 -9999 -9999 -9999 -9999 -9999 -9999 -9999 4988 -9999 -9999 5262 5238 -9999 -9999 5189 -9999 -9999 -9999 -9999 -9999 -9999 -9999 -9999 -9999 -9999
-9999 -9999 -9999 -9999 -9999 -9999 -9999 -9999 -9999 -9999 -9999 -9999 -9999 -9999 -9999 -9999 -9999 -9999 -9999 -9999 -9999 -9999 -9999 -9999 -9999 -9999 -9999 -9999 -9999 -9999 -9999 -9999 -9999 -9999 -9999 -9999 -9999 -9999 -9999 -9999 -9999 -9999 -9999 -9999 -9999 -9999 -9999 5170 5216 5149 5247 5225 -9999 -9999 -9999 -9999 -9999 -9999 -9999 4852 -9999 -9999 -9999 -9999 -9999 -9999 -9999 -9999 5262 5135 -9999 -9999 -9999 -9999 -9999 -9999 -9999 -9999 -9999 -9999 -9999 -9999 -9999
-9999 -9999 -9999 -9999 -9999 -9999 -9999 -9999 -9999 -9999 -9999 -9999 -9999 -9999 -9999 -9999 -9999 -9999 -9999 -9999 -9999 -9999 -9999 -9999 -9999 -9999 -9999 -9999 -9999 -9999 -9999 -9999 -9999 -9999 -9999 -9999 -9999 -9999 -9999 -9999 -9999 -9999 -9999 -9999 -9999 -9999 -9999 5236 5287 5332 5381 5255 5155 5122 5154 5129 5028 4988 4933 4933 4897 4867 -9999 4880 4840 -9999 -9999 5071 5046 5050 -9999 -9999 -9999 -9999 -9999 -9999 -9999 -9999 -9999 -9999 -9999 -9999 -9999
-9999 -9999 -9999 -9999 -9999 -9999 -9999 -9999 -9999 -9999 -9999 -9999 -9999 -9999 -9999 -9999 -9999 -9999 -9999 -9999 -9999 -9999 -9999 -9999 -9999 -9999 -9999 -9999 -9999 -9999 -9999 -9999 -9999 -9999 -9999 -9999 -9999 -9999 -9999 -9999 -9999 -9999 -9999 -9999 -9999 -9999 -9999 5162 5235 5387 5410 5324 5268 5294 5350 5319 5096 5091 5101 5131 4946 4892 4899 4927 4890 -9999 -9999 4858 -9999 -9999 -9999 -9999 -9999 -9999 -9999 -9999 -9999 -9999 -9999 -9999 -9999 -9999 -9999
-9999 -9999 -9999 -9999 -9999 -9999 -9999 -9999 -9999 -9999 -9999 -9999 -9999 -9999 -9999 -9999 -9999 -9999 -9999 -9999 -9999 -9999 -9999 -9999 -9999 -9999 -9999 -9999 -9999 -9999 -9999 -9999 -9999 -9999 -9999 -9999 -9999 -9999 -9999 -9999 -9999 -9999 -9999 -9999 -9999 -9999 -9999 -9999 -9999 -9999 -9999 -9999 5160 5114 5071 5119 5096 5058 5212 5187 4940 5037 5037 4929 4824 -9999 -9999 -9999 -9999 -9999 -9999 -9999 -9999 -9999 -9999 -9999 -9999 -9999 -9999 -9999 -9999 -9999 -9999
