resultados/variables_proyeccion_tiempo/variables_paleo_21k/bio5.asc
ncols 330
nrows 228
xllcorner -12.000000
yllcorner 34.000000
cellsize 0.166667
NODATA_value -9999
[rows 84 to 125 of 228, columns 94 to 187 of 330]
71 71 70 70 71 70 71 72 73 74 77 79 82 84 -9999 -9999 -9999 84 84 83 80 82 82 82 86 86 93 -9999 -9999 -9999 -9999 -9999 105 104 101 99 97 94 93 92 91 90 91 94 95 89 87 87 89 90 90 90 90 87 84 84 82 81 81 79 78 78 82 86 79 77 78 77 76 77 76 75 76 75 73 74 74 74 72 71 71 70 69 67 66 64 58 55 53 50 46 43 41 38
74 73 72 71 71 72 73 74 74 75 77 78 80 82 85 86 87 88 -9999 -9999 -9999 -9999 -9999 -9999 -9999 -9999 -9999 -9999 103 102 101 101 101 100 99 97 95 94 92 91 89 88 90 92 91 89 89 89 90 94 93 92 89 88 85 85 83 82 83 78 79 81 83 84 80 78 78 79 77 76 76 77 78 76 75 76 76 76 75 74 73 73 73 70 65 63 60 58 51 47 46 45 43 42
76 76 75 74 74 74 75 76 77 77 78 79 80 81 82 83 85 87 89 92 94 95 96 97 98 99 99 100 100 99 99 98 97 98 99 98 96 95 93 92 90 90 90 91 91 92 92 93 93 95 96 93 94 92 92 90 88 88 87 85 84 83 84 85 81 79 81 84 82 80 79 79 79 79 78 79 78 78 77 76 76 75 74 70 68 64 60 53 50 50 49 48 47 46
79 79 78 78 78 77 77 78 78 78 80 81 82 82 83 83 84 86 88 89 90 91 94 95 96 96 96 97 97 97 97 98 98 100 100 100 99 98 96 94 93 95 94 95 95 96 97 97 98 98 99 97 96 97 93 91 91 90 89 89 88 87 89 89 87 86 86 86 86 85 84 84 83 82 81 81 81 81 80 79 77 75 73 71 70 68 62 56 53 52 52 51 51 51
82 81 81 80 80 80 80 80 80 81 81 82 84 84 84 84 85 86 88 89 89 90 92 93 94 95 96 97 98 99 100 101 102 103 103 102 102 102 100 98 98 99 100 99 100 101 102 103 102 102 103 101 99 97 95 94 95 94 93 94 93 93 94 92 92 91 90 89 86 85 85 85 85 86 85 85 85 85 84 81 79 78 77 76 74 70 65 60 58 58 56 56 56 57
85 85 84 84 84 84 84 84 84 84 85 85 85 86 86 87 88 88 89 91 90 91 93 94 95 96 98 100 101 101 102 103 103 103 104 105 106 106 105 104 104 105 104 105 105 106 107 108 107 106 107 105 103 100 99 98 98 98 96 96 97 96 97 96 95 95 96 94 92 87 87 87 87 88 89 88 89 88 87 84 83 82 81 80 78 74 70 65 64 63 61 62 62 62
89 88 88 87 87 88 88 88 87 87 88 89 89 89 90 90 91 92 92 92 93 93 95 96 98 99 101 103 103 104 105 106 107 107 106 107 106 107 108 108 108 108 108 108 109 110 112 113 111 109 109 109 106 105 103 100 101 100 99 100 99 99 99 98 99 101 101 98 95 91 90 90 90 92 92 92 92 91 89 88 88 87 86 84 81 78 73 70 68 68 67 68 68 67
91 91 91 91 90 90 90 90 91 91 91 91 92 92 93 93 94 94 95 95 95 96 97 99 100 102 104 106 107 109 109 109 110 110 109 108 108 109 111 111 112 112 111 112 112 114 115 115 113 110 110 110 110 110 107 107 103 101 101 101 102 102 102 102 102 103 103 102 100 98 96 93 94 96 96 97 96 93 93 93 93 92 90 87 85 82 78 75 74 72 71 72 73 71
96 95 95 95 94 94 94 95 94 95 94 95 95 95 96 96 97 97 98 99 100 100 100 101 102 104 106 107 110 112 113 113 114 114 112 112 113 113 113 115 115 115 115 115 115 116 117 117 115 112 111 111 111 112 113 113 110 106 105 104 104 105 104 104 104 104 105 104 102 101 100 99 99 100 101 102 100 98 98 98 98 95 93 91 88 86 83 80 77 76 76 77 77 75
99 99 98 98 98 98 97 98 98 98 98 99 98 98 99 100 100 100 101 102 102 102 103 103 104 105 107 108 111 113 116 117 118 116 116 115 115 116 117 118 119 118 116 116 117 117 118 117 115 113 111 111 112 113 110 110 110 110 108 108 108 108 108 106 106 106 106 106 106 105 104 103 102 104 106 106 104 102 103 103 101 98 96 94 92 90 87 85 83 82 83 83 81 79
102 102 102 101 101 101 100 100 101 101 102 102 102 102 102 103 104 104 104 105 105 105 105 106 106 107 108 109 111 114 117 120 122 119 117 118 117 117 119 121 123 122 120 119 118 118 118 118 117 115 112 111 111 113 116 115 113 111 110 110 112 113 113 111 110 111 111 111 111 110 110 109 108 108 111 111 108 107 108 106 104 102 99 98 96 95 92 90 90 90 89 87 87 86
106 105 105 105 104 104 104 104 104 104 105 106 106 106 106 106 107 107 107 108 108 109 109 109 109 109 109 111 113 116 120 122 123 121 118 119 119 120 121 126 128 126 124 120 119 120 119 119 121 119 116 113 114 117 118 118 115 116 114 112 113 114 116 116 116 114 115 116 116 117 116 115 114 114 115 115 114 114 112 110 108 106 104 103 102 100 98 96 96 96 94 93 92 90
108 107 107 107 107 107 106 107 108 107 108 108 109 110 109 110 110 111 111 111 112 112 112 112 112 113 114 115 118 121 124 125 125 123 120 121 122 122 125 129 130 128 124 120 120 120 120 120 121 121 121 122 123 125 124 121 119 118 118 116 113 113 117 119 118 117 118 118 118 119 120 120 119 119 120 120 119 118 116 115 114 112 109 108 107 106 103 102 102 101 100 99 97 94
111 110 109 109 110 110 110 110 110 111 111 112 112 112 113 114 114 114 115 115 116 116 116 117 117 118 120 120 122 124 127 127 126 125 124 124 125 126 130 132 133 130 124 119 119 120 120 122 123 125 127 130 132 132 129 128 125 123 121 119 116 114 116 120 121 120 120 121 119 120 122 122 123 124 125 125 124 123 121 120 118 116 114 113 112 111 108 108 108 107 105 103 102 99
113 113 113 113 113 113 114 113 114 114 115 115 116 116 116 117 117 117 118 119 119 119 120 121 122 123 125 127 129 129 130 129 128 129 128 128 129 132 133 135 135 132 126 122 121 121 121 122 123 126 129 134 136 134 130 129 127 126 123 122 122 120 118 119 122 122 122 122 123 124 126 127 128 129 130 130 130 129 127 125 123 121 119 117 116 115 114 113 112 111 109 108 107 105
116 116 115 116 116 116 117 117 117 118 118 118 118 119 120 120 120 121 121 122 122 123 124 125 126 128 131 134 136 135 133 132 132 132 132 133 133 133 133 136 137 133 129 126 125 123 122 124 126 128 131 134 135 135 133 131 130 128 128 128 128 128 126 125 125 123 122 122 125 127 130 132 133 135 135 135 135 135 133 132 130 128 125 123 122 120 119 118 117 115 114 113 112 111
119 119 119 119 119 120 119 120 120 121 121 121 122 122 122 123 124 124 124 125 125 126 127 128 130 132 135 137 138 136 135 134 134 135 134 135 136 136 134 136 134 130 129 129 128 126 126 126 128 127 130 134 135 136 135 134 134 134 133 134 134 135 135 131 128 126 121 122 126 129 133 137 139 140 141 140 140 140 140 139 137 135 132 130 127 125 123 122 121 120 120 118 117 117
122 122 122 122 122 122 123 122 123 123 123 124 124 125 125 126 126 127 127 128 128 129 130 132 133 135 137 139 137 136 135 134 134 134 134 137 137 138 138 136 135 132 132 131 131 130 130 131 130 129 130 134 135 136 137 137 137 137 137 138 138 137 137 138 136 132 127 123 124 134 139 141 143 144 145 146 145 145 145 143 141 138 135 132 129 128 126 126 125 124 124 124 123 123
125 125 125 125 124 125 125 125 125 126 126 126 126 127 128 128 129 129 130 130 131 132 132 134 135 137 139 140 139 137 135 134 135 135 136 137 138 137 138 138 137 137 134 134 132 131 131 132 131 131 131 133 136 138 140 139 139 139 140 141 141 139 140 142 144 139 135 135 136 140 144 147 148 149 148 148 148 149 150 149 146 142 138 135 133 132 129 128 126 127 128 128 128 129
127 127 127 127 127 127 128 127 128 128 128 129 129 129 130 130 131 131 132 132 133 133 134 135 136 138 140 141 141 139 137 136 138 138 139 141 140 139 140 140 140 139 138 137 135 135 134 134 133 133 135 137 139 141 142 142 142 142 142 143 144 144 144 146 148 146 145 144 146 148 151 153 153 152 151 151 153 156 158 158 153 147 141 136 134 131 129 127 128 129 129 131 133 134
129 129 129 129 129 129 129 129 129 130 131 131 131 132 132 132 132 133 133 134 134 135 136 137 138 138 140 142 141 140 140 140 142 144 147 148 146 143 143 144 144 143 142 140 139 138 138 138 137 137 139 141 142 142 144 144 144 144 145 144 148 149 149 150 152 153 151 150 152 155 158 160 158 156 154 154 155 158 161 161 155 149 144 142 139 133 130 126 128 132 133 133 137 139
131 131 131 131 131 132 132 132 132 132 132 132 133 133 133 134 134 135 135 135 135 136 137 137 139 140 141 142 143 143 144 145 146 149 152 152 150 147 146 147 147 146 145 144 142 142 142 143 143 143 143 144 144 144 145 145 146 147 147 149 152 154 155 155 158 158 157 157 159 162 165 166 164 158 154 153 154 157 161 160 157 152 148 143 138 132 128 123 122 126 133 137 140 142
132 132 132 132 132 132 132 132 133 133 133 133 134 135 135 135 135 135 135 136 136 136 137 138 138 139 141 143 145 145 147 148 150 151 154 154 153 150 148 149 148 147 146 148 148 149 148 148 147 147 148 146 146 146 147 147 148 149 151 154 156 158 160 162 162 161 162 163 165 168 172 173 167 159 151 150 153 156 160 160 156 154 150 146 140 135 131 126 124 128 134 138 142 146
134 134 134 134 134 134 134 135 135 134 134 135 136 136 136 137 137 136 136 136 136 136 137 138 139 141 143 145 147 149 150 151 152 153 154 154 154 154 153 153 154 153 154 156 155 154 152 150 147 148 149 148 148 149 150 151 151 152 153 155 159 163 166 168 167 166 166 167 168 169 172 173 167 160 154 152 154 156 157 158 156 153 151 148 145 142 138 135 133 135 139 144 147 151
135 134 135 135 135 135 136 136 137 136 136 137 137 138 138 138 138 138 137 137 136 136 137 137 139 140 142 145 148 151 154 153 153 154 156 157 158 158 158 158 160 161 163 160 157 155 154 152 149 151 153 152 152 153 153 154 154 156 156 159 162 166 169 172 170 168 168 168 168 170 170 169 166 162 159 158 157 158 159 159 159 158 157 154 151 148 146 143 142 143 146 149 150 152
136 137 136 136 136 136 136 137 138 138 138 138 139 139 139 139 139 139 139 137 136 135 136 136 137 139 142 146 150 152 153 154 153 155 157 159 160 161 162 163 164 166 166 163 160 157 156 156 155 155 155 156 155 156 157 156 155 158 160 163 166 169 173 174 173 172 170 170 169 169 168 167 165 162 159 160 162 163 164 164 162 162 160 159 157 154 152 150 149 150 152 155 154 155
136 137 137 137 137 137 137 138 138 138 139 139 139 140 140 140 141 141 140 139 138 137 137 137 137 139 142 147 151 153 154 153 153 154 157 160 162 164 166 166 167 168 168 166 163 161 160 160 158 157 158 157 156 157 158 157 158 160 161 163 166 170 173 173 172 172 172 171 170 170 169 169 167 165 164 163 164 165 166 166 165 164 163 163 161 160 157 157 156 157 160 159 159 160
138 138 137 137 138 138 138 138 138 139 139 140 140 140 141 142 142 143 142 143 142 141 141 139 139 141 144 148 152 154 154 153 154 154 157 160 162 164 169 171 170 172 171 169 166 165 164 163 161 160 160 159 159 160 161 160 161 162 162 164 168 172 172 174 172 172 173 174 174 174 172 170 170 169 167 166 168 169 169 169 168 168 168 167 165 165 164 163 165 165 165 164 165 166
138 139 139 139 138 139 139 139 139 141 141 141 142 142 142 144 144 145 145 145 147 147 144 142 142 144 146 149 152 154 154 156 155 156 159 161 163 165 167 171 172 171 170 171 170 168 167 166 165 163 164 162 163 164 164 164 165 166 166 168 171 173 175 175 176 175 176 178 179 179 178 175 174 173 173 171 171 171 172 172 172 172 171 171 170 170 169 170 170 168 168 169 170 171
140 140 140 140 140 140 139 140 141 143 142 142 143 144 144 145 145 146 146 147 148 147 145 144 144 146 148 150 151 154 157 158 157 158 160 162 163 164 166 167 170 171 169 168 171 170 170 169 168 168 166 166 167 168 167 168 169 171 172 173 174 176 178 180 179 177 178 180 181 182 181 180 179 178 177 175 174 176 175 176 176 176 176 176 176 176 175 176 176 175 175 176 176 175
141 141 142 142 142 141 140 141 142 144 144 144 144 145 145 146 146 146 146 147 147 146 145 144 145 146 147 148 150 151 154 157 158 158 159 161 163 165 166 167 168 170 169 170 172 171 171 171 171 172 171 171 173 173 173 174 174 176 177 177 178 179 181 180 182 181 182 184 185 184 184 183 183 182 182 180 180 178 177 177 177 177 177 177 178 178 179 180 179 181 182 181 181 180
142 143 143 144 144 144 143 144 144 145 146 146 146 146 146 147 147 146 146 146 146 146 145 145 145 146 147 148 149 150 152 154 156 159 161 162 164 165 166 166 166 167 168 170 171 172 172 173 173 173 174 175 176 177 178 179 179 181 180 180 180 179 184 187 186 186 187 187 188 191 190 189 187 185 183 182 181 180 180 180 180 179 179 180 180 181 182 184 184 185 186 187 186 186
143 144 145 146 146 146 146 146 147 148 149 148 148 148 147 147 148 147 146 146 146 146 146 146 145 147 147 147 148 150 152 154 156 158 159 161 162 165 166 167 168 168 168 169 170 170 173 173 174 176 176 177 179 180 181 183 184 185 184 183 183 182 185 188 191 192 192 193 193 192 191 189 188 186 184 183 182 182 182 181 181 181 181 182 182 184 186 187 189 190 191 192 192 192
144 146 147 148 148 148 148 149 150 150 150 150 149 148 148 148 148 148 147 146 146 146 147 148 148 149 148 149 149 151 152 154 156 157 159 160 162 163 164 166 167 167 168 169 171 172 172 172 176 177 178 180 181 182 184 186 187 188 188 187 187 187 187 188 190 194 191 190 188 186 188 189 189 187 186 184 184 183 183 184 184 183 183 184 186 187 189 191 193 195 195 195 194 194
146 148 149 150 150 150 151 152 153 152 152 150 148 148 150 150 149 149 148 146 146 147 148 149 148 149 149 148 148 149 152 153 154 150 151 155 160 162 162 164 165 166 163 167 167 169 173 176 178 178 179 179 181 182 185 186 189 190 189 189 189 188 187 190 191 194 194 191 189 188 188 188 189 189 188 186 187 187 186 187 186 186 187 188 189 191 193 194 198 199 200 198 197 197
148 150 151 151 152 153 153 154 155 154 153 152 150 147 150 151 151 151 150 148 147 146 148 150 152 152 152 149 148 150 150 147 147 152 156 152 157 155 158 159 162 166 166 168 171 170 173 177 179 179 179 179 177 180 184 186 188 189 189 189 189 190 190 191 190 190 194 193 193 191 191 190 190 191 191 190 190 189 188 188 188 188 189 190 192 192 194 195 197 201 202 202 200 200
149 150 152 153 154 155 156 156 156 155 154 153 152 152 152 153 154 154 153 151 150 148 149 150 152 153 153 153 153 150 148 146 150 149 152 151 151 153 155 148 148 155 164 166 170 173 174 177 180 182 182 182 182 182 184 186 187 187 186 189 190 191 191 191 191 192 193 192 191 190 188 189 192 192 193 192 189 189 189 188 188 188 188 189 191 194 195 196 197 200 202 202 201 200
150 152 154 155 157 157 157 157 156 155 154 153 154 153 154 155 157 157 156 155 154 154 154 153 153 154 152 154 155 155 152 143 150 152 153 144 151 157 155 148 134 127 142 152 162 169 172 176 181 182 183 184 185 184 186 188 188 189 187 187 189 189 191 191 191 191 191 190 189 190 188 190 192 193 193 193 193 191 190 190 188 189 189 189 190 193 195 197 198 200 201 201 201 199
152 154 156 158 159 159 159 158 157 155 154 154 154 155 157 158 160 161 161 159 158 156 156 155 154 154 153 151 148 147 145 144 152 155 157 155 152 156 154 159 154 153 154 152 154 160 166 173 178 180 183 184 185 185 185 187 188 189 188 188 188 187 189 188 189 188 188 187 185 188 188 189 189 190 192 195 194 192 192 192 191 190 190 192 192 193 196 197 196 198 200 200 199 199
154 157 159 160 161 161 160 159 158 156 154 155 156 157 159 160 162 165 166 161 158 155 153 152 146 145 143 138 136 134 138 146 155 156 159 157 155 156 153 153 153 156 161 167 169 175 172 174 179 182 184 184 184 184 185 184 185 189 190 189 189 188 187 188 188 188 187 187 186 186 187 188 190 192 193 195 196 193 191 192 192 188 189 189 191 190 194 196 196 197 199 200 199 198
156 160 162 164 165 164 163 162 160 157 156 157 158 160 161 162 164 167 170 163 154 148 142 140 138 139 135 135 124 122 138 148 152 156 162 159 151 156 156 152 158 161 164 167 173 174 173 174 177 182 184 184 184 183 183 182 183 186 187 187 186 182 180 184 185 186 185 184 183 182 184 185 187 192 197 199 198 194 192 189 188 188 189 188 190 191 194 195 196 197 198 198 198 198
160 163 166 168 169 168 167 165 163 160 157 157 160 162 163 163 164 166 169 170 162 152 147 142 136 139 136 129 129 136 149 150 152 164 164 160 157 159 158 161 160 166 168 173 176 174 175 174 175 176 179 182 183 182 181 178 179 177 178 181 185 178 174 170 173 174 178 182 181 179 178 180 181 183 188 195 193 192 191 190 191 192 191 191 192 192 194 194 194 195 195 196 196 196
