resultados/variables_proyeccion_tiempo/variables_paleo_21k/bio5.asc
ncols 330
nrows 228
xllcorner -12.000000
yllcorner 34.000000
cellsize 0.166667
NODATA_value -9999
[rows 126 to 167 of 228, columns 94 to 187 of 330]
162 165 168 170 172 171 168 166 165 164 162 159 160 160 161 163 164 166 166 170 168 160 155 151 145 145 145 133 141 150 159 160 160 164 156 157 162 160 164 162 159 163 166 170 169 169 169 172 172 172 176 176 180 179 176 175 172 167 165 164 168 174 172 172 168 166 175 179 171 156 154 168 172 168 174 184 188 189 188 191 191 192 193 193 194 194 194 194 193 195 194 194 194 194
164 168 170 172 170 171 167 167 165 162 160 160 159 155 155 151 154 160 163 164 166 162 158 156 155 147 140 150 149 158 167 166 164 163 159 162 161 162 160 163 163 154 154 162 165 167 170 174 168 169 173 173 176 175 169 167 164 159 152 143 143 152 161 170 172 173 176 170 165 150 142 127 133 154 165 161 168 181 183 187 189 191 192 194 194 195 195 195 194 195 195 193 194 193
168 169 170 171 169 169 166 164 163 162 158 158 153 148 133 127 136 143 148 150 156 161 156 155 153 146 146 156 165 168 173 171 165 156 162 162 163 162 161 164 169 166 158 152 156 157 167 162 163 164 168 171 167 165 161 154 153 144 148 162 172 166 172 174 178 183 183 182 183 177 169 166 163 165 163 166 167 166 180 183 185 187 192 192 193 195 196 197 198 198 198 197 195 194
170 171 171 169 170 168 166 165 160 157 156 155 147 140 132 125 126 131 136 141 137 153 165 167 156 161 169 166 164 166 179 182 174 165 165 167 167 167 171 177 175 173 171 164 159 158 157 157 161 160 167 166 153 144 142 139 149 162 175 178 177 176 185 190 193 188 189 193 190 187 186 182 180 180 180 166 157 177 173 173 187 189 189 190 194 196 198 197 199 200 201 201 201 199
167 168 169 168 167 164 165 165 161 160 159 149 140 140 138 136 132 136 135 136 141 154 162 162 160 159 162 163 155 172 186 186 184 178 174 174 174 177 184 184 181 179 178 176 175 176 170 161 160 163 161 163 166 165 168 169 156 166 179 177 173 174 186 194 199 201 200 199 199 197 194 193 191 191 188 177 152 162 160 148 156 165 169 183 191 194 196 202 202 203 206 207 208 205
167 168 168 167 167 167 168 164 164 159 148 150 148 146 147 144 144 142 143 148 154 155 150 149 161 158 163 173 179 188 191 192 187 180 175 179 184 187 188 187 184 183 180 181 176 176 179 176 162 159 166 171 178 167 156 160 162 168 172 173 176 179 184 192 201 201 199 201 201 200 198 197 197 194 191 185 177 168 161 163 154 138 162 176 187 192 197 202 201 204 206 210 211 209
170 170 171 168 165 164 163 161 158 154 151 150 151 154 158 160 159 157 159 166 158 148 154 151 161 177 177 182 189 191 190 191 192 184 178 185 188 187 189 191 186 183 184 185 176 177 178 180 171 167 165 172 167 165 167 166 169 172 178 180 179 185 192 194 200 195 191 192 189 194 198 190 189 193 188 187 179 180 175 185 176 164 166 172 185 191 194 201 204 205 208 210 210 207
175 175 174 174 173 173 173 169 165 162 160 158 160 165 168 168 168 171 169 160 152 156 162 167 170 170 176 183 192 192 182 186 185 188 186 189 187 188 190 191 184 184 187 188 188 181 179 178 177 177 173 172 162 168 175 178 181 185 186 182 175 174 185 194 197 196 191 191 189 185 184 183 176 172 169 175 177 178 182 189 196 190 172 172 179 186 195 200 200 202 200 190 191 194
179 181 182 183 182 178 175 174 175 173 170 168 168 169 173 178 177 174 165 166 165 166 167 169 167 167 176 189 194 195 184 181 180 184 185 187 189 188 188 186 187 186 187 192 192 187 182 180 181 179 179 175 170 170 177 181 184 186 182 182 172 179 186 192 188 186 187 183 185 185 183 184 179 173 168 173 175 183 180 182 197 200 190 183 189 194 190 186 182 173 186 178 181 171
183 187 189 187 186 185 182 179 175 176 175 174 172 171 178 185 181 181 181 178 174 173 175 173 172 169 174 194 197 197 188 189 188 189 190 189 188 184 182 182 182 182 187 191 195 191 183 178 181 183 182 181 177 175 170 181 179 184 180 181 183 187 191 192 191 190 190 180 180 181 177 181 180 180 180 183 185 191 178 181 198 203 202 197 186 188 181 172 168 176 184 178 170 166
185 189 191 190 188 185 186 182 178 177 175 179 179 181 183 187 185 184 185 181 177 177 177 175 173 175 185 198 201 201 197 196 196 198 196 191 186 183 182 180 180 181 184 188 193 189 186 180 181 185 187 186 184 184 183 178 170 165 171 181 184 191 195 193 195 194 194 187 184 178 180 177 183 186 189 187 195 199 193 196 198 198 201 201 193 185 181 176 180 191 195 180 164 173
187 188 190 193 190 188 187 184 181 176 177 177 183 182 186 188 186 184 185 183 183 179 179 180 183 186 198 204 206 202 198 195 197 197 190 185 186 184 182 180 181 182 183 187 184 184 184 183 181 186 192 186 180 179 177 177 161 160 150 152 166 178 189 197 197 193 196 193 185 180 188 186 187 191 195 200 203 208 207 203 201 196 204 202 196 189 184 196 196 187 170 187 178 172
188 190 195 196 195 191 189 188 185 179 177 178 183 182 188 189 188 189 188 188 186 183 186 190 194 199 204 207 200 197 193 193 194 194 192 186 183 183 182 178 183 186 182 183 183 184 184 185 187 189 192 194 194 194 191 179 172 172 160 154 158 164 167 182 195 193 194 194 185 187 190 192 194 197 204 208 211 212 209 209 209 209 205 194 188 192 201 191 178 178 184 183 153 157
195 197 196 195 195 196 196 192 187 180 178 181 184 188 187 189 191 192 193 190 189 186 194 197 202 205 207 195 181 179 186 188 188 191 190 190 188 176 176 177 180 185 186 187 188 191 191 191 190 188 188 188 188 191 195 197 196 188 190 182 168 164 171 178 182 184 182 188 186 187 186 191 194 203 210 213 214 209 211 213 212 206 198 195 203 201 193 206 196 201 184 168 181 192
203 203 202 200 199 199 198 196 190 184 182 181 184 187 188 192 194 194 194 190 181 175 194 202 206 208 202 170 177 184 189 190 189 191 187 179 176 176 181 186 189 190 189 190 189 190 187 185 183 185 187 187 187 187 189 192 197 197 198 194 181 184 178 172 180 170 163 172 180 182 187 194 200 207 209 209 208 211 212 214 212 209 203 204 212 204 208 210 203 180 196 195 200 200
205 205 204 203 204 203 200 196 191 187 184 184 187 186 191 194 194 195 193 188 174 173 191 208 210 207 195 180 182 189 193 193 188 182 178 174 179 185 190 189 188 187 187 189 187 185 185 183 185 189 186 185 184 184 187 189 192 199 202 197 193 196 195 182 188 187 177 168 166 172 187 201 211 212 213 214 212 214 214 216 211 196 208 214 214 212 212 204 205 195 195 188 197 182
206 204 209 208 205 201 198 194 193 192 188 188 190 191 194 195 196 195 190 188 177 182 207 211 212 200 195 186 184 188 191 189 183 183 183 186 190 191 190 188 186 185 185 186 185 186 186 187 188 188 185 185 186 188 190 194 197 199 197 196 200 204 209 210 210 208 202 193 188 197 199 202 208 210 207 207 218 218 217 216 204 211 216 217 217 216 216 216 214 215 212 210 205 201
210 210 210 207 205 201 200 200 197 193 191 194 192 196 197 197 193 192 179 165 165 195 212 212 214 204 173 164 176 184 189 189 189 191 192 189 189 186 187 185 183 182 182 182 184 184 184 186 186 186 188 188 184 187 192 193 193 187 186 189 198 201 200 203 205 203 204 202 203 200 197 194 190 189 194 206 216 216 215 214 216 217 218 218 219 219 219 218 215 219 219 218 215 219
217 214 209 206 207 207 204 201 197 196 196 200 202 206 206 206 198 189 182 170 170 207 214 213 206 172 158 163 176 181 189 194 196 193 190 192 188 182 182 179 173 175 175 177 184 183 184 182 184 190 195 191 189 188 190 198 190 186 183 188 189 183 184 186 184 182 184 178 175 168 166 173 168 177 190 208 211 210 216 216 217 218 219 219 219 219 220 219 217 219 218 200 212 214
216 214 213 211 208 206 203 200 198 200 204 206 208 210 213 212 211 205 191 192 205 214 214 211 182 169 160 172 187 189 200 204 206 205 198 198 188 184 175 172 169 172 172 173 181 186 184 177 174 173 185 173 176 168 167 180 189 165 170 169 152 144 147 160 156 168 165 161 148 151 148 142 148 170 194 199 205 212 218 217 218 218 219 219 219 219 220 220 216 218 217 208 217 216
220 215 213 213 210 206 203 203 208 212 214 215 217 217 213 214 215 212 211 213 211 210 210 214 207 198 196 202 199 202 203 203 203 206 206 203 194 182 167 169 156 159 162 144 160 163 162 158 152 153 175 171 172 150 154 146 143 148 150 149 144 145 137 144 152 144 151 140 136 141 148 158 145 147 176 181 196 205 213 215 217 218 218 217 215 217 217 216 211 213 215 210 221 214
217 213 209 210 211 207 202 205 218 222 222 222 219 216 217 216 213 210 208 202 201 194 200 194 192 195 201 204 199 200 197 190 194 190 185 197 185 173 145 156 125 135 136 134 135 148 116 127 158 171 164 153 147 142 149 132 127 160 151 127 127 143 135 117 121 121 130 148 164 167 162 148 163 167 183 186 192 204 210 213 214 216 217 215 211 210 211 210 210 216 218 217 220 216
219 205 198 204 209 210 209 214 228 228 228 224 223 222 215 210 202 195 190 181 174 178 184 192 202 201 196 194 203 196 201 196 178 161 162 193 164 133 114 108 105 108 143 143 123 146 162 138 114 144 107 122 128 129 132 138 140 134 110 105 102 101 111 124 137 143 157 162 144 169 169 173 184 193 198 200 200 205 209 212 213 215 214 207 196 199 206 216 218 217 219 220 220 218
221 210 198 212 216 213 212 227 232 233 231 229 227 219 210 202 189 183 173 175 187 205 204 204 190 183 192 198 201 182 161 150 162 138 168 142 121 148 105 86 102 125 103 96 52 95 132 91 94 91 75 57 66 80 60 86 101 86 85 116 132 128 133 144 153 125 149 137 180 190 195 194 198 200 203 203 205 207 208 209 213 214 212 203 201 208 217 217 219 219 219 219 219 218
227 216 212 219 213 219 228 234 236 236 235 233 225 209 198 193 181 175 191 213 210 205 199 194 183 166 155 173 156 164 132 104 114 97 119 166 134 102 80 69 97 93 43 51 69 83 136 101 87 129 79 75 90 118 94 122 114 121 123 136 103 112 145 163 171 143 153 152 150 195 205 202 201 201 202 203 205 206 208 211 212 210 212 209 213 218 219 218 218 219 217 218 219 218
231 226 225 222 225 225 234 238 238 239 238 230 217 209 192 185 184 214 209 205 198 182 165 194 172 157 143 133 86 109 94 94 122 145 163 121 102 71 83 93 81 106 45 59 101 145 113 149 151 160 134 123 119 124 137 152 137 151 157 175 153 146 177 180 191 171 181 169 150 199 203 206 206 206 206 205 208 208 208 212 212 215 217 218 216 213 215 217 218 219 217 218 219 218
235 230 232 231 226 232 236 239 241 242 237 224 219 199 184 177 211 220 206 192 179 151 151 147 136 112 54 78 65 98 87 97 74 91 104 110 74 80 77 84 87 112 121 133 169 190 165 167 106 112 109 109 136 135 136 147 160 157 162 169 175 184 192 196 190 193 185 188 184 183 186 198 206 207 210 211 212 210 209 211 213 217 217 218 214 214 216 216 217 219 218 220 220 218
237 238 238 234 229 232 235 244 244 244 232 226 217 199 190 226 236 228 208 201 162 144 120 104 84 63 97 90 82 123 120 162 101 108 104 89 75 52 79 86 103 45 84 136 190 212 179 129 107 132 128 151 160 143 166 186 194 179 148 157 143 147 174 164 153 149 158 172 195 172 174 199 208 209 209 211 212 215 214 215 215 217 217 217 218 219 220 218 215 218 220 220 220 217
234 240 238 234 223 224 242 247 246 246 236 227 208 200 236 239 212 186 166 190 159 158 167 146 124 132 104 137 130 156 174 169 175 149 196 122 111 131 145 158 119 88 128 131 217 206 154 133 130 140 171 180 170 175 204 207 225 204 189 188 162 174 171 200 206 190 184 195 206 211 208 209 206 207 206 211 212 213 217 217 218 218 219 217 216 216 217 214 210 215 221 221 218 217
218 234 244 234 222 233 250 247 247 247 238 214 215 233 229 224 213 203 168 130 179 136 95 73 72 53 101 196 167 182 216 206 185 209 193 173 155 146 142 148 137 89 178 179 217 203 167 169 188 196 222 210 187 218 237 237 236 238 232 218 202 197 196 202 217 221 210 206 201 210 204 212 220 220 216 215 213 214 215 217 221 222 221 220 221 219 216 212 215 215 220 222 222 221
212 224 241 234 228 244 252 249 250 252 237 219 230 239 237 210 182 182 165 103 100 92 80 80 63 79 149 172 212 233 225 224 211 218 199 192 179 188 187 194 135 173 183 225 213 181 169 172 202 221 226 241 244 245 242 239 239 241 241 236 216 202 194 208 207 213 214 220 220 221 226 224 228 216 215 219 220 221 222 220 220 223 224 224 224 223 221 217 218 219 222 224 225 224
205 223 247 246 232 238 254 257 256 254 253 242 250 242 218 208 209 175 120 123 139 172 153 165 141 130 175 213 229 244 243 239 239 242 240 238 235 227 232 201 207 205 226 198 181 203 231 231 247 250 246 245 243 242 241 240 240 241 241 241 229 221 202 202 198 193 205 213 220 215 208 214 229 232 225 224 224 223 222 224 224 222 222 223 224 223 222 222 220 220 221 226 228 228
218 197 243 250 233 239 256 258 253 252 249 252 238 240 220 229 202 164 164 118 102 100 96 124 184 185 227 242 247 251 255 255 256 256 255 257 258 255 251 239 240 251 242 228 211 227 249 255 256 254 250 243 239 240 240 240 240 241 243 243 240 218 211 210 173 186 201 211 206 235 232 237 236 231 226 227 227 227 222 227 227 221 202 206 215 221 222 222 221 221 224 229 230 230
226 211 226 240 230 226 258 257 252 248 244 241 226 216 229 200 160 170 121 101 89 125 158 198 231 248 246 252 254 255 258 260 262 259 258 261 261 260 257 253 252 253 252 252 251 252 252 253 257 256 250 242 238 239 240 241 242 243 243 237 230 229 210 210 216 189 200 205 216 232 237 237 233 232 231 228 229 231 232 230 226 212 204 215 213 213 218 220 224 226 231 233 232 231
213 225 236 227 210 232 258 262 253 244 248 230 225 221 152 170 177 127 131 120 104 149 209 245 254 254 253 252 253 254 255 258 259 259 260 263 264 262 259 256 255 255 256 255 255 256 257 257 256 255 250 244 242 242 242 243 244 246 247 243 231 229 238 233 262 242 203 181 203 226 234 235 232 234 228 221 224 231 234 234 234 230 228 222 223 219 218 223 227 229 232 232 231 229
221 235 216 213 214 233 256 267 262 256 221 203 238 176 169 126 121 119 138 149 183 206 244 262 257 248 246 245 247 251 252 254 255 255 259 264 265 264 260 258 257 256 257 257 258 259 258 257 256 253 249 246 243 243 244 246 247 248 250 248 240 233 239 249 251 251 253 214 210 210 221 228 232 230 227 229 234 230 229 222 231 237 236 230 227 229 227 227 230 231 233 232 232 231
214 220 204 206 230 242 250 271 252 215 195 202 221 187 141 107 111 152 142 116 156 221 259 265 261 250 247 245 244 246 246 243 235 225 233 250 259 260 258 257 256 257 258 259 260 262 260 257 255 253 250 247 245 244 246 247 249 251 252 252 250 246 252 257 251 262 254 236 209 216 202 207 229 229 229 232 233 232 238 230 225 235 235 231 231 228 227 223 230 232 233 234 233 233
215 207 204 219 235 251 270 267 254 240 218 196 197 190 183 147 121 168 139 124 141 219 257 258 252 244 241 235 235 237 234 224 205 187 203 207 212 233 246 249 252 255 258 261 263 265 263 260 257 254 250 248 246 246 248 249 251 252 254 254 254 255 258 260 255 263 261 222 187 215 208 199 203 219 202 210 212 227 232 228 227 231 229 229 230 231 230 221 224 220 226 230 232 234
201 215 222 254 268 259 274 266 246 225 217 205 202 186 212 192 178 174 128 101 140 187 232 246 243 238 220 221 224 216 206 206 188 181 178 182 200 212 207 222 233 239 251 259 264 269 268 263 259 256 252 248 248 249 250 252 253 254 255 256 257 259 261 262 261 265 268 261 211 215 221 208 205 199 218 207 198 202 228 208 208 210 216 210 223 229 227 217 228 225 217 215 223 233
202 229 258 275 272 269 277 266 246 234 226 211 224 220 220 214 177 149 145 126 147 183 224 234 233 227 214 218 214 208 227 231 214 206 193 190 186 195 171 190 207 218 219 234 242 254 257 261 261 257 254 251 251 252 253 254 255 256 257 258 259 261 263 265 266 267 268 270 268 235 208 219 216 204 217 209 197 184 201 207 205 213 194 184 193 210 226 218 222 224 224 219 227 213
238 256 270 277 273 279 280 274 261 236 222 213 219 238 213 190 182 144 127 141 145 151 182 183 171 182 200 207 235 250 254 -9999 243 240 228 213 210 221 214 176 161 176 188 214 225 223 228 245 254 256 257 255 255 256 257 257 257 257 258 259 261 263 264 267 268 270 271 274 277 276 269 245 237 226 214 207 197 193 185 190 209 201 194 185 204 217 202 189 202 193 202 210 221 218
256 269 279 276 276 277 282 279 268 236 217 211 213 231 231 222 192 175 169 173 179 153 130 167 163 198 223 243 253 -9999 -9999 -9999 -9999 -9999 -9999 238 225 235 220 188 210 189 180 192 207 213 214 215 231 244 251 254 258 261 260 260 259 258 259 260 262 264 267 268 270 272 275 275 277 279 277 271 255 262 252 238 200 191 188 183 172 179 217 195 192 216 222 206 187 203 189 178 191 202
