resultados/variables_proyeccion_tiempo/variables_paleo_21k/bio5.asc
ncols 330
nrows 228
xllcorner -12.000000
yllcorner 34.000000
cellsize 0.166667
NODATA_value -9999
[rows 168 to 209 of 228, columns 0 to 93 of 330]
-9999 -9999 -9999 -9999 -9999 -9999 -9999 -9999 -9999 -9999 -9999 -9999 -9999 -9999 -9999 -9999 -9999 -9999 -9999 -9999 -9999 188 190 191 194 197 199 201 204 206 205 208 208 -9999 -9999 -9999 204 202 202 -9999 -9999 -9999 -9999 -9999 -9999 -9999 -9999 -9999 -9999 -9999 -9999 -9999 -9999 -9999 -9999 -9999 -9999 -9999 -9999 -9999 219 220 221 221 223 227 233 240 245 248 248 247 248 252 254 257 259 260 264 269 270 270 271 274 275 273 267 267 274 270 262 254 252 262
-9999 -9999 -9999 -9999 -9999 -9999 -9999 -9999 -9999 -9999 -9999 -9999 -9999 -9999 -9999 -9999 -9999 -9999 -9999 -9999 187 188 190 191 190 194 198 202 207 210 211 210 210 211 212 207 204 201 201 202 202 207 208 205 204 -9999 -9999 -9999 -9999 -9999 -9999 -9999 -9999 -9999 -9999 -9999 -9999 -9999 -9999 -9999 224 225 224 221 224 230 236 240 244 245 246 248 248 250 253 256 258 262 261 267 269 271 273 273 273 270 261 253 251 255 263 265 266 270
-9999 -9999 -9999 -9999 -9999 -9999 -9999 -9999 -9999 -9999 -9999 -9999 -9999 -9999 -9999 -9999 -9999 -9999 186 187 188 189 189 189 189 188 192 200 208 212 213 213 213 212 210 210 205 202 201 203 206 208 210 208 206 -9999 212 208 206 203 202 205 206 205 208 211 217 224 226 227 229 233 227 222 227 232 236 239 240 240 242 244 248 248 252 255 257 261 263 265 269 269 270 271 273 274 260 247 245 254 272 276 280 276
-9999 -9999 -9999 -9999 -9999 -9999 -9999 -9999 -9999 -9999 -9999 -9999 -9999 -9999 -9999 -9999 185 186 186 187 188 189 191 190 189 190 189 198 206 208 203 208 207 207 210 213 211 208 206 206 207 209 208 207 211 211 209 205 202 201 200 201 203 206 204 208 214 222 224 225 227 227 223 224 228 234 236 238 238 237 236 238 245 246 250 252 256 260 260 266 268 268 269 270 262 250 252 257 265 274 282 282 282 280
-9999 -9999 -9999 -9999 -9999 -9999 -9999 -9999 -9999 -9999 -9999 -9999 -9999 -9999 -9999 184 184 185 184 187 188 192 196 194 193 198 203 205 207 203 210 204 210 212 210 212 212 216 213 211 206 206 191 193 205 206 206 206 204 199 196 202 202 205 208 213 214 218 222 225 225 222 223 222 228 233 236 236 236 236 236 232 239 243 244 248 253 256 261 263 264 267 267 268 272 272 275 279 282 284 284 283 282 281
-9999 -9999 -9999 -9999 -9999 -9999 -9999 -9999 -9999 -9999 -9999 -9999 -9999 -9999 -9999 184 182 181 183 187 194 200 200 197 197 203 209 209 207 209 214 205 210 197 196 194 206 212 205 197 200 201 190 191 204 193 199 204 203 199 199 203 208 211 213 212 218 222 226 227 221 223 222 217 217 210 224 222 216 213 216 223 223 230 233 242 250 254 255 256 259 261 262 262 264 268 261 270 276 280 283 284 282 281
-9999 -9999 -9999 -9999 -9999 -9999 -9999 -9999 -9999 -9999 -9999 -9999 -9999 -9999 -9999 185 185 181 186 193 201 209 207 205 202 206 213 218 213 218 212 201 202 199 196 196 205 207 212 209 214 211 208 195 201 205 207 211 210 210 213 214 212 214 217 222 225 223 225 224 224 236 232 222 212 205 195 171 188 170 162 185 159 173 199 213 215 214 228 240 223 241 235 246 248 258 249 257 268 274 283 283 281 280
-9999 -9999 -9999 -9999 -9999 -9999 -9999 -9999 -9999 -9999 -9999 -9999 -9999 -9999 -9999 186 188 188 189 194 203 208 208 205 205 212 216 220 211 211 207 218 227 214 211 217 230 233 240 237 234 231 226 223 223 224 224 220 220 219 217 223 223 226 231 232 230 231 231 234 240 249 246 242 236 224 216 198 174 154 146 141 142 158 158 177 187 162 167 187 182 200 205 200 212 222 244 266 275 281 281 280 278 276
-9999 -9999 -9999 -9999 -9999 -9999 -9999 -9999 -9999 -9999 -9999 -9999 -9999 -9999 -9999 187 188 189 191 195 200 201 200 205 205 219 226 231 220 211 226 243 245 236 230 240 247 252 257 254 249 246 240 239 238 237 236 233 229 227 229 232 233 236 243 242 243 246 252 256 261 260 249 249 250 238 234 226 216 206 193 188 187 180 166 157 157 148 176 189 156 163 158 157 179 202 229 243 268 275 275 277 276 275
-9999 -9999 -9999 -9999 -9999 -9999 -9999 -9999 -9999 -9999 -9999 -9999 -9999 -9999 -9999 -9999 190 190 192 194 199 199 207 221 227 227 228 228 233 232 236 232 221 213 237 251 258 262 264 262 258 257 253 252 251 250 248 246 241 240 237 235 237 240 247 255 256 264 267 269 269 270 268 263 251 239 228 234 226 224 213 212 233 228 215 201 210 188 201 191 210 184 186 205 172 166 192 231 248 256 260 270 273 278
-9999 -9999 -9999 -9999 -9999 -9999 -9999 -9999 -9999 -9999 -9999 -9999 -9999 -9999 -9999 -9999 190 192 194 196 204 209 212 232 232 230 221 206 211 230 210 200 216 221 239 256 263 267 269 267 267 266 264 263 263 261 258 254 252 250 245 236 226 227 231 245 246 247 255 269 276 278 275 273 268 260 251 253 244 231 223 227 239 249 246 236 237 239 218 216 224 190 196 207 214 216 235 246 255 265 266 261 268 272
-9999 -9999 -9999 -9999 -9999 -9999 -9999 -9999 -9999 -9999 -9999 -9999 -9999 -9999 -9999 -9999 188 192 194 196 212 222 216 204 217 227 229 222 224 225 209 219 238 244 255 262 267 271 273 273 273 272 272 273 272 268 265 262 261 257 252 250 246 234 233 230 234 240 248 261 273 281 283 277 279 275 269 270 264 262 256 260 266 265 252 253 245 255 242 245 235 229 225 242 237 238 232 246 256 261 261 262 265 268
-9999 -9999 -9999 -9999 -9999 -9999 -9999 -9999 -9999 -9999 -9999 -9999 -9999 -9999 -9999 -9999 186 192 196 201 205 216 207 216 205 209 232 248 241 241 241 244 253 253 257 263 271 275 276 278 278 277 277 276 276 275 270 265 264 261 258 254 256 253 248 249 254 257 251 261 266 275 280 288 289 277 271 281 269 274 274 274 282 284 276 274 267 267 270 264 250 249 253 254 243 244 237 245 259 253 254 258 265 268
-9999 -9999 -9999 -9999 -9999 -9999 -9999 -9999 -9999 -9999 -9999 -9999 -9999 -9999 -9999 -9999 186 191 197 200 213 222 218 210 211 217 241 251 252 258 246 259 262 260 264 267 273 278 280 280 281 279 278 281 281 277 273 270 272 270 269 267 265 264 264 265 269 272 266 261 246 248 270 284 291 295 294 290 273 270 280 286 293 296 301 299 299 290 277 264 253 248 257 258 242 241 235 254 258 254 258 259 262 -9999
-9999 -9999 -9999 -9999 -9999 -9999 -9999 -9999 -9999 -9999 -9999 -9999 -9999 -9999 -9999 -9999 188 189 196 204 215 227 234 226 229 242 246 249 271 269 259 264 269 266 268 272 276 280 282 282 284 284 284 287 284 280 277 276 273 272 270 271 273 274 274 276 275 275 271 266 260 260 272 282 288 285 294 298 293 284 278 283 291 300 305 310 302 287 271 254 248 254 254 258 258 261 256 258 262 264 262 263 263 -9999
-9999 -9999 -9999 -9999 -9999 -9999 -9999 -9999 -9999 -9999 -9999 -9999 -9999 -9999 -9999 -9999 -9999 192 196 205 216 226 235 238 250 228 242 262 272 270 266 272 270 271 273 274 278 281 283 285 286 287 287 288 285 281 278 276 273 265 270 271 270 270 273 275 276 275 275 273 270 273 272 272 279 276 272 287 296 294 287 288 295 296 302 295 280 267 258 256 247 250 259 259 263 263 264 265 266 -9999 -9999 -9999 -9999 -9999
-9999 -9999 -9999 -9999 -9999 -9999 -9999 -9999 -9999 -9999 -9999 -9999 -9999 -9999 -9999 -9999 188 190 196 205 215 223 236 245 236 262 264 267 260 279 276 270 271 274 274 276 276 278 279 283 285 287 288 287 286 284 281 278 275 272 268 253 257 261 271 275 273 274 280 277 274 272 267 253 254 256 265 278 288 294 295 297 297 294 294 294 275 257 255 262 257 260 261 260 265 267 268 -9999 -9999 -9999 -9999 -9999 -9999 -9999
-9999 -9999 -9999 -9999 -9999 -9999 -9999 -9999 -9999 -9999 -9999 -9999 -9999 -9999 -9999 -9999 185 187 194 204 216 227 236 238 238 256 260 261 272 280 278 277 270 272 274 278 281 283 282 282 285 286 287 285 283 282 280 275 265 260 261 259 268 272 278 280 275 272 265 263 260 258 251 250 242 240 254 258 272 278 284 286 285 286 282 290 278 270 271 265 267 270 270 267 270 -9999 -9999 -9999 -9999 -9999 -9999 -9999 -9999 -9999
-9999 -9999 -9999 -9999 -9999 -9999 -9999 -9999 -9999 -9999 -9999 -9999 -9999 -9999 -9999 -9999 182 184 190 200 212 222 226 232 232 234 247 246 265 274 272 273 272 274 277 279 283 284 285 284 284 283 284 285 281 278 278 269 249 263 280 282 284 287 286 282 278 275 272 263 261 256 250 245 241 234 241 252 258 261 273 269 271 270 279 281 279 280 276 270 273 -9999 -9999 -9999 -9999 -9999 -9999 -9999 -9999 -9999 -9999 -9999 -9999 -9999
-9999 -9999 -9999 -9999 -9999 -9999 -9999 -9999 -9999 -9999 -9999 -9999 -9999 -9999 -9999 -9999 181 182 186 194 210 224 232 244 250 252 254 255 264 267 267 271 272 276 279 280 279 280 285 284 282 276 276 277 275 269 266 260 264 283 296 294 292 291 286 287 288 283 273 267 261 254 248 249 240 236 235 236 239 248 260 254 250 249 281 287 284 279 275 272 272 -9999 -9999 -9999 -9999 -9999 -9999 -9999 -9999 -9999 -9999 -9999 -9999 -9999
-9999 -9999 -9999 -9999 -9999 -9999 -9999 -9999 -9999 -9999 -9999 -9999 -9999 -9999 -9999 181 184 186 190 196 214 234 233 248 261 264 264 252 251 256 262 270 279 276 269 273 282 283 284 278 272 264 271 272 272 271 271 288 294 303 309 306 301 295 292 294 291 287 280 267 256 246 245 249 249 244 237 234 230 233 247 246 253 273 282 284 282 279 276 272 272 -9999 -9999 -9999 -9999 -9999 -9999 -9999 -9999 -9999 -9999 -9999 -9999 -9999
-9999 -9999 -9999 -9999 -9999 -9999 -9999 -9999 -9999 -9999 -9999 -9999 -9999 -9999 179 180 184 192 198 209 227 244 254 264 267 259 214 246 258 257 259 269 272 272 281 295 293 277 278 275 257 258 265 280 284 302 303 309 309 310 316 316 303 302 301 304 300 300 291 275 258 247 248 252 258 254 238 230 217 226 242 251 267 275 284 285 282 279 276 273 275 -9999 -9999 -9999 -9999 -9999 -9999 -9999 -9999 -9999 -9999 -9999 -9999 -9999
-9999 -9999 -9999 -9999 -9999 -9999 -9999 -9999 -9999 -9999 -9999 -9999 -9999 -9999 180 181 188 198 206 220 239 257 265 268 256 249 242 275 276 266 268 270 283 295 305 310 290 266 259 265 262 290 296 311 306 313 320 316 317 317 322 318 312 311 309 305 303 300 294 284 267 256 252 252 261 258 251 250 238 241 254 267 272 280 285 284 282 279 277 276 -9999 -9999 -9999 -9999 -9999 -9999 -9999 -9999 -9999 -9999 -9999 -9999 -9999 -9999
-9999 -9999 -9999 -9999 -9999 -9999 -9999 -9999 -9999 -9999 -9999 -9999 -9999 -9999 180 183 190 201 213 227 245 258 251 250 254 264 268 282 290 290 297 303 310 310 317 315 305 305 316 325 328 326 323 318 326 327 323 325 324 324 326 321 320 318 311 306 303 300 301 293 277 272 268 262 271 245 246 259 262 264 271 275 278 285 284 283 281 279 278 -9999 -9999 -9999 -9999 -9999 -9999 -9999 -9999 -9999 -9999 -9999 -9999 260 260 258
-9999 -9999 -9999 -9999 -9999 -9999 -9999 -9999 -9999 -9999 -9999 -9999 -9999 -9999 180 185 193 204 215 229 243 254 257 262 257 272 291 295 301 301 306 310 315 318 318 320 328 331 331 332 331 331 331 330 331 329 331 331 332 330 324 321 319 316 314 311 310 306 304 296 292 286 275 273 273 267 253 256 268 268 275 282 284 285 284 283 281 281 285 -9999 -9999 -9999 -9999 -9999 -9999 -9999 -9999 -9999 261 250 255 255 258 256
-9999 -9999 -9999 -9999 -9999 -9999 -9999 -9999 -9999 -9999 -9999 -9999 -9999 -9999 182 184 195 205 216 230 243 257 265 270 271 288 296 302 306 306 311 313 317 320 322 326 327 326 327 328 330 331 327 326 327 329 327 326 325 327 328 325 323 322 318 314 314 310 310 301 295 292 289 280 277 280 278 276 275 276 280 285 285 286 286 285 283 285 -9999 -9999 -9999 -9999 -9999 -9999 -9999 272 269 258 243 249 256 254 253 256
-9999 -9999 -9999 -9999 -9999 -9999 -9999 -9999 -9999 -9999 -9999 -9999 -9999 -9999 -9999 184 197 206 216 225 244 260 268 274 282 292 297 301 304 308 313 314 317 323 326 328 328 326 323 315 318 325 320 317 316 318 320 320 323 327 328 327 328 325 321 320 316 313 311 307 302 296 295 287 284 276 279 287 286 283 284 286 289 291 289 -9999 -9999 -9999 -9999 -9999 -9999 -9999 -9999 -9999 -9999 271 260 258 260 254 254 252 255 257
-9999 -9999 -9999 -9999 -9999 -9999 -9999 -9999 -9999 -9999 -9999 -9999 -9999 182 181 182 192 206 219 235 252 262 272 280 284 290 292 290 297 303 312 318 321 324 326 329 328 324 322 320 330 333 336 333 327 324 328 320 321 326 327 330 330 327 326 324 321 318 313 311 306 302 300 297 293 285 281 286 288 286 287 289 293 -9999 -9999 -9999 -9999 -9999 -9999 -9999 -9999 -9999 -9999 -9999 -9999 272 270 268 261 258 256 256 258 262
-9999 -9999 -9999 -9999 -9999 -9999 -9999 -9999 -9999 -9999 -9999 -9999 182 181 183 185 196 211 228 243 256 263 271 280 286 293 295 293 297 311 316 320 322 324 326 327 333 337 338 338 339 341 335 336 335 333 336 328 331 328 329 333 332 330 328 324 321 319 316 313 310 306 302 297 293 291 284 286 291 292 292 294 296 -9999 -9999 -9999 -9999 -9999 -9999 -9999 280 276 278 -9999 -9999 274 274 271 267 264 260 262 265 -9999
-9999 -9999 -9999 -9999 -9999 -9999 -9999 -9999 -9999 -9999 -9999 184 184 186 190 195 206 220 238 250 259 267 274 281 287 293 298 303 311 318 322 324 327 330 331 336 341 342 343 343 342 341 338 335 337 334 336 335 337 337 336 334 332 329 324 320 317 314 315 314 311 307 301 292 284 289 281 291 296 294 293 298 299 301 -9999 -9999 -9999 -9999 282 275 269 268 271 -9999 -9999 -9999 -9999 -9999 270 265 265 -9999 -9999 -9999
-9999 -9999 -9999 -9999 -9999 -9999 -9999 -9999 -9999 -9999 -9999 186 188 192 200 203 213 232 248 256 263 271 277 282 287 291 294 302 307 320 325 326 330 333 335 340 341 342 343 344 344 342 341 339 337 339 338 339 338 337 335 333 330 325 320 317 312 308 312 313 311 304 296 290 290 288 282 290 294 292 290 300 302 300 299 -9999 -9999 -9999 281 270 268 270 274 -9999 -9999 -9999 -9999 -9999 268 270 -9999 -9999 -9999 -9999
-9999 -9999 -9999 -9999 -9999 -9999 -9999 -9999 -9999 -9999 -9999 -9999 193 197 206 209 227 248 255 261 267 272 276 278 283 289 293 301 313 319 321 324 328 330 335 335 336 339 342 340 341 345 345 345 341 337 338 337 334 337 335 333 329 325 320 315 312 308 304 303 305 302 299 295 293 289 291 286 280 283 276 286 297 300 298 -9999 -9999 -9999 282 277 271 272 277 277 -9999 -9999 -9999 -9999 -9999 -9999 -9999 -9999 -9999 -9999
-9999 -9999 -9999 -9999 -9999 -9999 -9999 -9999 -9999 -9999 -9999 -9999 -9999 -9999 216 225 238 250 258 265 270 273 275 278 283 291 298 305 312 314 314 317 322 326 331 333 333 336 335 341 344 345 344 344 339 335 336 338 338 336 333 331 327 325 320 319 311 297 300 304 308 308 307 302 296 297 295 285 280 279 285 298 303 301 297 298 -9999 -9999 282 276 274 273 -9999 -9999 -9999 -9999 -9999 -9999 -9999 -9999 -9999 -9999 -9999 -9999
-9999 -9999 -9999 -9999 -9999 -9999 -9999 -9999 -9999 -9999 -9999 -9999 -9999 -9999 -9999 229 240 249 259 266 272 277 281 285 288 295 300 306 311 312 311 311 316 321 325 331 332 334 337 338 340 341 340 341 341 337 335 336 340 332 330 331 331 327 326 322 311 301 310 311 313 315 313 308 304 296 296 300 300 304 306 305 302 299 298 -9999 -9999 -9999 -9999 -9999 -9999 -9999 -9999 -9999 -9999 -9999 -9999 -9999 -9999 -9999 -9999 -9999 -9999 -9999
-9999 -9999 -9999 -9999 -9999 -9999 -9999 -9999 -9999 -9999 -9999 -9999 -9999 -9999 -9999 -9999 -9999 256 262 265 271 278 286 290 294 296 302 306 309 311 312 313 316 321 322 325 329 334 338 337 339 338 339 340 338 338 340 341 343 343 341 340 334 330 325 315 299 300 302 297 306 316 316 316 309 307 306 310 308 308 307 304 302 300 300 -9999 -9999 -9999 -9999 -9999 -9999 -9999 -9999 -9999 -9999 -9999 -9999 -9999 -9999 -9999 -9999 -9999 -9999 -9999
-9999 -9999 -9999 -9999 -9999 -9999 -9999 -9999 -9999 -9999 -9999 -9999 -9999 -9999 -9999 -9999 -9999 257 259 262 267 278 286 292 298 302 304 303 305 305 306 308 307 311 316 328 332 331 338 344 341 337 342 345 346 349 347 347 347 346 343 338 334 330 313 302 288 287 289 294 301 308 311 313 321 319 316 312 310 308 306 305 303 -9999 -9999 -9999 -9999 -9999 -9999 -9999 -9999 -9999 -9999 -9999 -9999 -9999 -9999 -9999 -9999 -9999 -9999 -9999 -9999 -9999
-9999 -9999 -9999 -9999 -9999 -9999 -9999 -9999 -9999 -9999 -9999 -9999 -9999 -9999 -9999 -9999 -9999 255 257 260 268 277 284 290 297 300 300 299 300 300 299 301 307 317 322 326 335 334 332 341 347 346 347 349 349 347 346 344 344 344 341 337 335 327 304 288 296 298 296 298 301 297 299 312 315 314 311 310 308 307 305 -9999 -9999 -9999 -9999 -9999 -9999 -9999 -9999 -9999 -9999 -9999 -9999 -9999 -9999 -9999 -9999 -9999 -9999 -9999 -9999 -9999 -9999 -9999
-9999 -9999 -9999 -9999 -9999 -9999 -9999 -9999 -9999 -9999 -9999 -9999 -9999 -9999 -9999 -9999 -9999 -9999 256 258 265 273 279 285 291 294 295 295 295 296 299 304 308 315 327 332 342 344 343 347 348 348 347 345 343 340 340 339 335 337 327 317 326 322 308 310 307 301 295 295 302 304 305 312 310 312 311 308 305 304 303 -9999 -9999 -9999 -9999 -9999 -9999 -9999 -9999 -9999 -9999 -9999 -9999 -9999 -9999 -9999 -9999 -9999 -9999 -9999 -9999 -9999 -9999 -9999
-9999 -9999 -9999 -9999 -9999 -9999 -9999 -9999 -9999 -9999 -9999 -9999 -9999 -9999 -9999 -9999 -9999 249 253 256 263 268 274 278 283 287 289 289 289 291 295 298 306 314 329 340 346 349 346 343 341 340 338 337 334 329 329 330 325 312 320 318 317 320 316 311 304 293 291 294 297 303 300 307 309 307 306 304 303 303 -9999 -9999 -9999 -9999 -9999 -9999 -9999 -9999 -9999 -9999 -9999 -9999 -9999 -9999 -9999 -9999 -9999 -9999 -9999 -9999 -9999 -9999 -9999 -9999
-9999 -9999 -9999 -9999 -9999 -9999 -9999 -9999 -9999 -9999 -9999 -9999 -9999 -9999 -9999 -9999 -9999 246 249 252 256 265 267 268 274 278 281 283 283 284 287 294 303 314 328 340 347 342 340 337 333 331 329 328 325 320 319 320 320 320 322 314 315 312 297 299 299 295 298 299 300 303 305 308 311 -9999 -9999 306 -9999 -9999 -9999 -9999 -9999 -9999 -9999 -9999 -9999 -9999 -9999 -9999 -9999 -9999 -9999 -9999 -9999 -9999 -9999 -9999 -9999 -9999 -9999 -9999 -9999 -9999
-9999 -9999 -9999 -9999 -9999 -9999 -9999 -9999 -9999 -9999 -9999 -9999 -9999 -9999 -9999 -9999 -9999 238 242 248 254 264 267 265 264 270 275 278 278 278 280 287 296 306 318 330 334 334 333 328 324 320 316 316 315 314 315 316 316 322 319 301 301 306 294 284 282 286 293 294 300 302 306 -9999 -9999 -9999 -9999 -9999 -9999 -9999 -9999 -9999 -9999 -9999 -9999 -9999 -9999 -9999 -9999 -9999 -9999 -9999 -9999 -9999 -9999 -9999 -9999 -9999 -9999 -9999 -9999 -9999 -9999 -9999
-9999 -9999 -9999 -9999 -9999 -9999 -9999 -9999 -9999 -9999 -9999 -9999 -9999 -9999 -9999 -9999 -9999 232 231 248 260 263 265 266 266 270 273 274 275 276 278 282 290 297 305 312 316 320 320 314 309 306 306 306 305 304 302 304 311 315 313 269 256 277 282 293 295 293 291 292 294 300 -9999 -9999 -9999 -9999 -9999 -9999 -9999 -9999 -9999 -9999 -9999 -9999 -9999 -9999 -9999 -9999 -9999 -9999 -9999 -9999 -9999 -9999 -9999 -9999 -9999 -9999 -9999 -9999 -9999 -9999 -9999 -9999
