resultados/variables_proyeccion_tiempo/variables_paleo_21k/bio5.asc
ncols 330
nrows 228
xllcorner -12.000000
yllcorner 34.000000
cellsize 0.166667
NODATA_value -9999
[rows 0 to 41 of 228, columns 188 to 281 of 330]
-9999 -9999 -9999 -9999 -9999 -9999 -9999 -9999 -9999 -9999 -9999 -9999 -9999 -9999 -9999 -9999 -9999 -9999 -9999 -9999 -9999 -9999 -9999 -9999 -9999 -9999 -9999 -9999 -9999 -9999 -9999 -9999 -9999 -9999 -20 -22 -23 -25 -27 -29 -31 -33 -9999 -9999 -9999 -9999 -9999 -9999 -9999 -9999 -9999 -54 -58 -59 -9999 -9999 -9999 -9999 -9999 -9999 -9999 -9999 -9999 -9999 -9999 -9999 -9999 -9999 -9999 -9999 -9999 -9999 -9999 -9999 -9999 -9999 -9999 -9999 -9999 -98 -9999 -100 -101 -101 -100 -101 -101 -101 -103 -105 -107 -108 -109 -110
-9999 -9999 -9999 -9999 -9999 -9999 -9999 -9999 -9999 -9999 -9999 -9999 -9999 -9999 -9999 -9999 -9999 -9999 -9999 -9999 -9999 -9999 -9999 -9999 -9999 -9999 -9999 -9999 -9999 -9999 -9999 -9999 -9999 -9999 -17 -18 -18 -9999 -9999 -9999 -9999 -9999 -9999 -9999 -9999 -9999 -9999 -9999 -9999 -9999 -9999 -9999 -9999 -9999 -9999 -9999 -9999 -9999 -9999 -9999 -9999 -9999 -9999 -9999 -9999 -9999 -9999 -9999 -9999 -9999 -9999 -9999 -9999 -9999 -9999 -9999 -9999 -9999 -9999 -9999 -9999 -9999 -9999 -9999 -9999 -98 -98 -98 -99 -101 -102 -103 -104 -105
2 3 4 4 5 4 -9999 -9999 -9999 -9999 -9999 -9999 -9999 -9999 -9999 -9999 -9999 -9999 -9999 -9999 -9999 -9999 -9999 -9999 -9999 -9999 -9999 -9999 -9999 -9999 -9999 -9999 -9999 -9999 -9999 -9999 -9999 -9999 -9999 -9999 -9999 -9999 -9999 -9999 -9999 -9999 -9999 -9999 -9999 -9999 -9999 -9999 -9999 -9999 -9999 -9999 -9999 -9999 -9999 -9999 -9999 -9999 -9999 -9999 -9999 -9999 -9999 -9999 -9999 -9999 -9999 -9999 -9999 -9999 -9999 -9999 -9999 -9999 -9999 -9999 -9999 -9999 -9999 -9999 -9999 -9999 -94 -94 -95 -96 -97 -98 -99 -100
6 6 6 6 7 8 9 -9999 -9999 -9999 -9999 -9999 -9999 -9999 -9999 -9999 -9999 -9999 -9999 -9999 -9999 -9999 -9999 -9999 -9999 -9999 -9999 -9999 -9999 -9999 -9999 -9999 -9999 -9999 -9999 -9999 -9999 -9999 -9999 -9999 -9999 -14 -16 -18 -9999 -9999 -9999 -9999 -9999 -9999 -9999 -9999 -9999 -9999 -9999 -9999 -9999 -9999 -9999 -9999 -9999 -9999 -9999 -9999 -9999 -9999 -9999 -9999 -9999 -9999 -9999 -9999 -78 -80 -80 -80 -9999 -9999 -9999 -9999 -9999 -9999 -9999 -9999 -9999 -9999 -9999 -88 -89 -91 -92 -94 -95 -97
10 10 10 10 11 11 11 11 11 11 12 13 -9999 -9999 13 12 13 -9999 -9999 -9999 -9999 -9999 -9999 -9999 -9999 -9999 -9999 -9999 -9999 -9999 -9999 4 1 1 1 -0 -1 -5 -14 -9999 -9999 -9999 -11 -14 -16 -17 -9999 -24 -25 -29 -32 -34 -36 -36 -9999 -9999 -9999 -9999 -9999 -9999 -9999 -9999 -9999 -9999 -9999 -9999 -9999 -9999 -9999 -9999 -9999 -76 -77 -78 -78 -78 -78 -77 -77 -76 -77 -77 -77 -78 -80 -81 -82 -83 -84 -85 -87 -89 -91 -92
14 14 15 14 14 14 14 14 14 14 14 14 14 14 14 15 14 -9999 17 16 15 16 14 13 12 12 11 2 0 4 4 -1 -5 -3 -2 -7 -11 -17 -18 -16 -15 -13 -10 -11 -14 -14 -19 -27 -33 -43 -42 -42 -45 -44 -41 -41 -41 -42 -42 -9999 -9999 -9999 -9999 -9999 -9999 -9999 -9999 -9999 -9999 -9999 -9999 -9999 -9999 -75 -75 -75 -75 -73 -74 -74 -74 -74 -74 -75 -76 -77 -77 -79 -80 -81 -83 -84 -86 -88
19 19 18 18 19 19 19 19 19 19 18 17 18 18 18 -9999 21 19 17 14 12 11 10 10 12 15 11 5 3 2 4 -3 -7 -4 -3 -2 -8 -13 -8 -8 -6 -5 -16 -22 -16 -11 -20 -31 -35 -42 -46 -48 -50 -54 -52 -43 -44 -47 -45 -45 -45 -44 -9999 -9999 -9999 -9999 -9999 -9999 -9999 -9999 -68 -68 -68 -69 -68 -68 -67 -67 -68 -69 -69 -70 -70 -71 -71 -72 -73 -74 -75 -77 -78 -79 -80 -82
22 22 23 23 23 24 24 24 25 25 24 24 23 23 24 22 21 16 13 13 7 10 5 5 8 13 10 11 10 7 4 3 -5 -9 -9 -6 -4 -3 -1 1 -4 -20 -23 -20 -11 -7 -16 -29 -37 -41 -43 -43 -41 -42 -36 -47 -53 -58 -58 -53 -51 -53 -55 -53 -58 -54 -55 -54 -9999 -9999 -9999 -67 -67 -66 -66 -66 -65 -65 -65 -64 -64 -64 -65 -65 -66 -67 -68 -69 -70 -71 -73 -74 -76 -77
32 28 27 28 28 27 24 22 26 28 29 -9999 -9999 29 25 19 15 12 6 10 9 7 10 13 10 14 5 1 10 2 -6 4 3 1 -1 2 8 10 7 0 -9 -14 -19 -11 -4 -8 -22 -27 -32 -38 -39 -41 -42 -36 -40 -53 -55 -56 -51 -57 -62 -60 -59 -66 -65 -66 -62 -62 -61 -62 -62 -61 -9999 -9999 -9999 -9999 -9999 -9999 -9999 -59 -58 -59 -59 -59 -59 -60 -62 -63 -64 -65 -67 -69 -70 -72
29 31 31 30 29 28 28 30 33 33 37 34 27 28 22 30 29 26 21 18 20 11 -1 -1 3 10 9 3 -0 5 5 4 4 5 10 14 15 10 3 -0 -8 -12 -8 -3 -9 -14 -21 -27 -31 -33 -30 -29 -29 -33 -37 -42 -47 -51 -51 -52 -57 -63 -62 -62 -63 -67 -69 -70 -68 -70 -68 -63 -59 -9999 -9999 -9999 -55 -55 -55 -54 -53 -53 -53 -53 -54 -55 -56 -57 -58 -60 -61 -62 -64 -67
29 22 25 29 32 24 33 26 26 33 37 27 18 17 16 7 10 20 9 7 10 17 21 14 15 8 3 5 9 8 5 5 7 14 19 18 11 4 -4 -3 -4 -5 -10 -11 -11 -14 -18 -21 -23 -23 -24 -25 -25 -29 -31 -36 -41 -42 -42 -44 -51 -56 -60 -60 -57 -56 -57 -60 -61 -63 -61 -56 -54 -52 -9999 -9999 -9999 -49 -50 -52 -51 -50 -48 -48 -48 -49 -50 -51 -52 -53 -55 -56 -58 -60
24 29 23 23 32 38 22 20 17 28 35 30 25 19 11 10 9 15 13 8 9 19 28 21 16 13 6 3 9 12 7 5 10 19 23 12 -3 -3 -2 -9 -8 -17 -16 -13 -12 -13 -14 -14 -13 -14 -16 -19 -20 -24 -25 -26 -27 -29 -31 -33 -35 -38 -40 -40 -42 -44 -43 -44 -46 -48 -49 -47 -48 -48 -49 -49 -48 -47 -45 -44 -44 -45 -46 -46 -45 -45 -45 -46 -48 -49 -50 -51 -53 -55
25 23 26 36 34 20 35 28 25 28 33 23 17 24 31 27 18 9 5 3 7 12 24 29 27 18 13 10 11 12 3 -1 1 20 22 11 4 5 -1 -8 -5 -3 2 -2 -2 -3 -6 -8 -11 -15 -17 -14 -16 -24 -28 -29 -31 -34 -36 -36 -35 -36 -32 -33 -32 -36 -38 -34 -34 -38 -43 -46 -47 -47 -47 -50 -52 -49 -45 -39 -36 -38 -39 -40 -41 -42 -43 -43 -44 -46 -47 -48 -49 -50
24 20 35 32 10 19 39 16 20 16 29 22 4 5 15 21 24 17 10 8 11 13 16 19 18 16 17 15 15 17 14 10 13 20 23 22 19 16 13 13 10 7 2 1 1 3 -1 -6 -7 -11 -16 -15 -17 -19 -21 -25 -23 -23 -26 -26 -28 -30 -32 -34 -35 -42 -43 -48 -48 -48 -50 -48 -43 -44 -50 -52 -49 -50 -47 -45 -44 -42 -38 -33 -32 -33 -35 -37 -40 -41 -43 -44 -45 -47
17 25 31 15 14 36 29 23 10 4 9 24 11 -0 6 -0 2 6 13 12 12 10 11 16 20 20 20 18 20 21 20 19 18 20 23 23 22 21 22 19 12 8 4 5 5 4 3 1 -3 -7 -8 -10 -11 -12 -13 -14 -15 -18 -20 -21 -26 -30 -31 -30 -31 -33 -39 -45 -49 -46 -45 -44 -49 -50 -48 -45 -41 -44 -39 -39 -38 -38 -31 -28 -28 -29 -31 -33 -35 -37 -39 -41 -42 -44
19 30 13 8 22 38 8 11 -1 10 6 10 15 17 18 13 11 10 16 20 17 13 19 21 22 25 23 22 24 26 25 25 25 26 29 28 26 26 26 21 17 14 11 11 9 7 6 4 2 0 -1 -4 -6 -6 -8 -10 -12 -16 -19 -21 -22 -21 -22 -24 -26 -33 -41 -42 -41 -38 -37 -42 -43 -42 -42 -41 -39 -37 -35 -35 -34 -31 -31 -31 -29 -26 -26 -32 -39 -39 -38 -39 -40 -41
32 23 20 30 13 7 16 15 8 3 4 5 7 12 15 22 22 20 22 25 26 21 23 24 26 29 29 26 25 26 27 27 30 29 28 26 26 29 27 21 17 16 15 14 14 13 12 10 7 5 4 2 1 -1 -3 -6 -10 -11 -12 -12 -17 -18 -25 -25 -27 -31 -34 -34 -36 -37 -35 -37 -40 -38 -37 -35 -32 -33 -32 -30 -27 -27 -27 -28 -28 -29 -32 -38 -41 -42 -41 -41 -44 -43
28 21 15 9 14 15 15 14 24 15 11 11 19 22 22 23 25 26 27 27 30 31 32 31 29 28 29 27 29 30 30 30 30 26 29 30 30 31 30 25 20 18 17 17 16 16 16 14 13 11 9 7 4 2 -0 -3 -6 -6 -7 -9 -13 -18 -21 -22 -23 -25 -26 -29 -31 -33 -35 -34 -32 -31 -30 -30 -29 -27 -26 -28 -27 -24 -21 -22 -23 -26 -30 -35 -39 -42 -43 -44 -46 -47
21 32 25 15 11 15 19 20 23 27 23 20 20 21 24 27 30 31 30 30 32 34 34 31 29 27 27 28 29 30 29 30 29 30 30 31 32 32 32 30 27 27 26 25 24 20 19 18 17 15 13 10 7 5 2 -0 -2 -3 -6 -8 -12 -14 -15 -17 -20 -21 -21 -24 -25 -27 -26 -27 -26 -28 -28 -25 -26 -26 -24 -21 -20 -18 -16 -21 -24 -26 -27 -32 -36 -37 -39 -41 -44 -47
12 16 25 16 15 13 19 19 19 19 22 28 29 26 24 26 28 33 32 31 30 32 32 34 32 31 30 29 28 28 27 28 29 30 32 32 32 32 25 27 27 28 26 22 20 19 19 18 17 17 14 12 8 4 1 -0 -2 -3 -4 -6 -8 -9 -11 -13 -14 -15 -14 -16 -16 -18 -18 -17 -19 -21 -19 -17 -18 -17 -17 -16 -14 -15 -14 -19 -22 -23 -27 -31 -33 -34 -38 -41 -43 -45
17 15 23 23 19 20 22 24 24 26 26 25 25 28 33 34 34 38 37 35 34 35 34 34 35 33 30 32 32 30 31 30 30 30 32 32 31 30 28 26 25 25 23 21 19 20 19 21 19 16 12 12 9 5 3 5 3 1 -1 -2 -2 -4 -7 -7 -10 -13 -11 -11 -12 -12 -11 -12 -12 -12 -11 -12 -11 -16 -18 -17 -16 -15 -14 -14 -19 -22 -22 -26 -30 -33 -34 -39 -40 -40
13 21 29 26 26 25 24 23 25 28 30 29 31 32 31 34 38 39 39 39 39 38 38 38 37 37 36 36 36 36 35 34 32 32 32 32 32 32 31 31 29 27 27 25 23 22 19 18 15 13 14 13 11 10 7 4 3 0 -2 -2 -2 -3 -6 -12 -11 -12 -10 -10 -13 -12 -11 -11 -8 -7 -10 -13 -11 -12 -17 -14 -13 -12 -15 -12 -14 -19 -24 -30 -30 -30 -32 -36 -38 -39
25 33 34 37 37 32 27 28 28 27 28 30 34 34 33 35 35 35 35 36 38 39 40 39 37 36 30 34 36 35 34 34 34 34 32 32 32 31 31 31 30 29 27 26 24 23 22 19 16 13 13 9 4 3 -1 -0 2 -2 -1 1 -0 -1 -4 -2 -3 -5 -3 -3 -7 -16 -14 -11 -13 -9 -10 -12 -13 -11 -14 -10 -12 -12 -9 -10 -13 -16 -22 -27 -29 -27 -29 -30 -33 -35
16 21 30 33 34 36 37 34 33 32 32 30 34 36 37 36 34 35 34 33 35 37 39 39 39 39 38 34 31 37 37 38 37 36 36 35 34 33 31 32 31 30 29 28 27 25 23 21 19 18 16 14 12 10 7 5 4 3 1 1 1 1 1 -0 -1 0 1 -1 -1 -2 -4 -11 -14 -16 -12 -12 -10 -10 -18 -8 -5 -7 -8 -8 -11 -15 -17 -21 -24 -25 -27 -29 -31 -32
22 24 29 31 33 35 38 37 38 37 37 38 35 35 35 36 38 38 36 34 34 36 37 39 40 40 38 36 35 34 35 37 38 38 37 37 36 34 30 28 29 28 27 28 28 26 23 22 22 20 18 15 13 11 9 7 8 6 4 3 1 2 2 1 3 3 -0 -1 -1 -2 -7 -4 -5 -6 -10 -11 -11 -6 -23 -15 -7 -3 -3 -4 -10 -14 -21 -23 -22 -19 -27 -37 -39 -39
26 26 27 33 34 34 33 34 36 39 38 40 40 39 39 38 38 38 37 37 37 36 38 38 39 38 37 35 34 34 35 36 37 37 37 36 34 33 32 31 30 29 30 31 30 28 27 24 23 22 18 16 12 14 12 11 11 9 7 5 2 -0 -0 1 4 5 5 3 0 1 1 1 0 -3 -2 0 2 1 -15 -5 -2 0 -0 -13 -32 -31 -35 -28 -24 -19 -25 -40 -38 -34
28 30 30 33 32 33 34 32 34 36 36 34 36 37 37 38 39 39 38 38 38 36 35 36 39 38 36 37 35 33 36 35 35 37 37 35 34 35 32 32 32 32 32 32 32 30 28 26 25 23 20 18 16 15 15 15 13 11 9 7 4 1 1 1 1 1 2 3 3 4 4 5 4 6 6 6 6 5 4 4 4 3 2 -0 -8 -15 -22 -25 -18 -14 -16 -19 -23 -26
32 29 32 31 31 30 29 30 33 33 34 34 35 35 34 35 37 40 39 39 38 37 38 39 39 39 38 37 36 36 35 35 36 36 34 33 33 33 32 31 32 31 32 33 32 31 28 26 26 25 23 20 20 20 16 15 11 10 9 8 6 2 3 5 4 1 0 4 6 4 2 -1 0 5 4 7 9 9 9 8 4 2 3 1 -2 -3 -5 -7 -8 -11 -16 -20 -22 -25
34 33 35 36 34 34 33 33 32 31 32 33 36 35 32 33 36 38 38 39 39 38 38 37 37 38 38 37 36 34 33 34 35 35 33 33 32 33 33 31 30 29 30 31 31 30 28 29 28 27 24 24 22 21 20 17 15 13 11 13 10 9 8 8 7 6 2 1 3 2 1 0 3 5 8 8 10 12 12 7 5 2 -2 1 1 0 -2 -4 -6 -8 -11 -18 -21 -22
37 38 39 37 34 34 34 31 35 35 36 37 36 36 36 36 34 36 37 39 37 35 34 34 35 36 36 36 34 34 33 33 33 34 35 33 30 31 32 31 29 30 31 30 28 27 27 29 28 28 26 24 22 18 19 20 20 18 16 14 13 10 11 10 9 9 9 8 8 8 10 5 4 6 13 16 19 19 20 18 14 5 5 5 6 4 0 -1 -2 -5 -10 -14 -17 -20
37 37 40 35 37 35 33 34 33 31 32 34 37 38 38 38 35 34 35 36 38 36 35 32 34 36 38 38 34 32 33 32 31 33 32 32 33 32 30 28 30 31 30 28 28 28 27 28 29 27 26 25 24 23 21 21 20 19 16 15 15 13 10 9 11 16 17 15 16 17 14 17 16 17 18 19 21 18 19 21 21 15 6 4 7 5 3 0 -1 -3 -7 -11 -14 -16
43 42 42 42 42 39 35 33 33 33 32 30 31 33 34 37 38 37 34 34 36 35 34 33 30 32 35 37 32 32 33 32 32 30 29 31 33 32 30 29 30 31 29 29 29 27 26 28 29 28 26 25 26 23 20 19 18 17 16 13 13 11 12 13 16 18 20 21 19 20 19 16 21 22 23 24 23 22 20 20 21 19 18 15 12 10 7 3 1 -1 -4 -8 -11 -14
41 43 43 42 40 39 41 36 34 34 33 30 28 29 30 32 34 37 36 34 36 34 32 33 32 32 34 34 31 32 33 32 32 30 30 30 30 31 30 30 31 31 30 30 29 28 28 28 28 26 26 26 25 22 20 20 18 18 19 18 15 14 15 15 15 17 19 22 23 23 23 23 20 21 23 24 25 24 22 20 20 20 17 15 14 14 13 13 9 4 -1 -5 -6 -9
34 37 37 36 37 39 40 42 39 36 34 33 32 30 32 29 28 33 35 36 35 35 33 31 31 33 32 31 31 31 32 30 29 29 29 30 31 29 28 30 31 30 30 30 29 28 27 28 26 22 22 23 23 23 21 19 19 21 21 21 20 18 18 16 14 15 20 23 25 24 22 23 22 21 23 24 24 24 24 22 20 18 17 15 13 11 10 12 13 11 9 5 2 -2
30 31 33 33 34 37 38 38 39 39 36 34 35 34 36 32 30 29 31 32 34 34 31 30 30 32 31 32 30 29 29 29 30 31 30 31 30 28 28 28 27 27 27 26 27 28 27 27 25 22 22 22 23 22 20 20 22 22 21 19 20 21 20 18 17 17 20 23 25 24 24 24 22 24 24 24 23 22 22 21 21 19 17 15 13 10 8 6 6 6 8 6 4 2
35 35 36 38 36 34 34 34 38 39 36 34 34 35 36 34 32 30 31 32 34 32 31 31 31 31 31 31 30 30 30 31 31 31 31 30 29 28 27 27 26 27 27 26 26 26 26 26 24 23 22 21 23 22 22 23 21 20 20 19 19 21 19 19 19 18 19 24 27 27 27 25 24 24 24 24 23 22 22 21 20 18 16 14 12 8 6 4 1 -0 -0 1 2 3
37 35 37 38 40 39 37 33 33 34 33 36 36 35 35 33 34 33 34 33 33 32 32 32 32 31 30 30 30 30 31 30 30 29 28 28 28 28 27 26 26 26 26 27 26 25 27 27 26 25 22 22 22 23 23 21 20 20 20 22 21 21 21 21 20 19 20 20 22 25 27 27 26 25 25 24 23 22 21 21 20 18 15 13 11 8 5 3 1 -1 -2 -4 -4 -2
33 34 32 34 32 34 34 38 35 37 35 33 33 34 35 34 33 33 34 33 33 32 32 32 32 32 31 31 30 30 31 30 29 29 28 28 27 27 26 25 26 26 25 26 26 25 27 27 26 22 23 21 21 22 23 23 22 22 21 22 22 21 20 21 21 21 23 24 24 25 26 26 26 27 27 26 25 23 22 21 21 18 16 14 11 9 6 3 1 -0 -2 -3 -5 -7
32 31 31 28 27 28 29 31 32 33 34 35 32 33 33 33 32 32 32 32 32 32 32 33 32 31 30 30 30 30 30 30 30 30 30 28 27 26 26 26 26 26 26 27 26 26 27 27 26 25 23 24 23 24 23 23 23 23 22 22 22 23 22 23 23 23 25 25 24 24 24 24 24 25 25 25 25 24 22 20 19 18 16 14 12 9 7 4 2 -0 -2 -4 -6 -7
30 31 30 29 27 28 26 25 27 29 33 35 34 34 32 32 31 31 31 31 32 33 34 34 33 31 30 30 29 29 29 29 30 29 29 29 28 26 26 26 25 25 26 26 26 26 26 26 26 25 25 25 24 23 22 23 23 22 22 23 24 24 23 23 24 24 26 26 26 24 24 24 24 24 23 23 23 22 21 20 18 17 15 13 10 8 6 4 2 0 -1 -4 -5 -7
29 29 28 28 28 28 27 26 26 26 29 32 33 33 32 32 31 31 31 30 31 32 32 32 32 31 30 30 29 29 29 29 28 28 28 28 27 26 25 25 24 24 24 25 26 26 26 26 26 25 25 26 25 23 23 22 22 22 23 24 25 24 24 24 26 27 27 28 27 28 27 26 26 26 25 23 23 22 20 20 18 16 14 12 10 7 5 3 1 -1 -3 -4 -6 -7
32 31 31 28 27 27 28 25 27 29 30 30 31 32 32 31 31 31 30 30 30 31 32 32 31 31 29 28 28 28 28 28 28 28 28 28 26 25 24 24 24 24 24 25 24 24 25 25 24 24 24 22 25 24 23 22 22 23 24 24 24 22 23 23 25 27 28 28 29 28 28 28 27 27 25 24 24 23 21 20 18 16 15 12 9 7 4 2 1 -1 -3 -5 -7 -8
