resultados/variables_proyeccion_tiempo/variables_paleo_21k/bio6.asc
ncols 330
nrows 228
xllcorner -12.000000
yllcorner 34.000000
cellsize 0.166667
NODATA_value -9999
[rows 190 to 227 of 228, columns 85 to 169 of 330]
-9999 -9999 -9999 -9999 -9999 -9999 -9999 -9999 -9999 -9999 -9999 50 49 -9999 -9999 -9999 -9999 -9999 -9999 -9999 -9999 -9999 -9999 -9999 -9999 -9999 -9999 -9999 -9999 -9999 -9999 -9999 -9999 -9999 -9999 42 38 30 8 -2 7 9 -6 -0 15 38 -9999 -9999 -9999 -9999 -9999 -9999 -9999 -9999 -9999 -9999 -9999 -9999 -9999 -9999 -9999 -9999 -9999 -9999 -9999 -9999 -9999 -9999 -9999 -9999 -9999 -9999 -9999 -9999 44 44 37 24 10 -19 -6 -18 -17 -12 5
-9999 -9999 -9999 -9999 -9999 -9999 43 44 46 44 42 42 46 49 -9999 -9999 -9999 -9999 -9999 -9999 -9999 -9999 -9999 -9999 -9999 -9999 -9999 -9999 -9999 -9999 -9999 -9999 -9999 -9999 -9999 43 39 32 15 14 10 -5 -27 -27 7 32 -9999 -9999 -9999 -9999 -9999 -9999 -9999 -9999 -9999 -9999 -9999 -9999 -9999 -9999 -9999 -9999 -9999 -9999 -9999 -9999 -9999 -9999 -9999 -9999 -9999 -9999 -9999 -9999 -9999 51 50 49 36 26 31 -4 -20 -12 -0
-9999 -9999 -9999 33 23 31 36 41 43 43 42 40 41 48 56 -9999 -9999 -9999 -9999 -9999 -9999 -9999 -9999 -9999 -9999 -9999 -9999 -9999 -9999 -9999 -9999 -9999 -9999 -9999 -9999 47 39 34 31 22 12 -5 -19 -20 21 44 -9999 -9999 -9999 -9999 -9999 -9999 -9999 -9999 -9999 -9999 -9999 -9999 -9999 -9999 -9999 -9999 -9999 -9999 -9999 -9999 -9999 -9999 -9999 -9999 -9999 -9999 -9999 -9999 -9999 -9999 -9999 -9999 56 52 56 28 3 -16 -29
41 37 27 13 22 32 33 35 42 47 -9999 54 47 51 56 -9999 -9999 -9999 -9999 -9999 -9999 -9999 -9999 -9999 -9999 -9999 -9999 -9999 -9999 -9999 -9999 -9999 -9999 -9999 -9999 -9999 41 36 32 15 11 4 -3 -4 22 47 -9999 -9999 -9999 -9999 -9999 -9999 -9999 -9999 -9999 -9999 -9999 -9999 -9999 -9999 -9999 -9999 -9999 -9999 -9999 -9999 -9999 -9999 -9999 -9999 -9999 -9999 -9999 -9999 -9999 -9999 -9999 -9999 -9999 -9999 -9999 46 8 -8 33
39 26 25 29 26 30 31 37 43 47 -9999 -9999 -9999 -9999 -9999 -9999 -9999 -9999 -9999 -9999 -9999 -9999 -9999 -9999 -9999 -9999 -9999 -9999 -9999 -9999 -9999 -9999 -9999 -9999 -9999 -9999 44 35 20 21 15 11 9 15 29 50 -9999 -9999 -9999 -9999 -9999 -9999 -9999 -9999 -9999 -9999 -9999 -9999 -9999 -9999 -9999 -9999 -9999 -9999 -9999 -9999 -9999 -9999 -9999 -9999 -9999 -9999 -9999 -9999 -9999 -9999 -9999 -9999 -9999 -9999 66 -9999 23 26 40
41 39 37 32 32 33 36 42 49 -9999 -9999 -9999 -9999 -9999 -9999 -9999 -9999 -9999 -9999 -9999 -9999 -9999 -9999 -9999 -9999 -9999 -9999 -9999 -9999 -9999 -9999 -9999 -9999 -9999 -9999 49 45 25 5 12 16 16 4 16 40 51 -9999 -9999 -9999 -9999 -9999 -9999 -9999 -9999 -9999 -9999 -9999 -9999 -9999 -9999 -9999 -9999 -9999 -9999 -9999 -9999 -9999 -9999 -9999 -9999 -9999 -9999 -9999 -9999 -9999 -9999 -9999 -9999 -9999 -9999 67 -9999 46 18 34
47 48 45 42 41 38 44 49 -9999 -9999 -9999 -9999 -9999 -9999 -9999 -9999 -9999 -9999 -9999 -9999 -9999 -9999 -9999 -9999 -9999 -9999 -9999 -9999 -9999 -9999 -9999 -9999 -9999 -9999 -9999 49 42 30 18 15 16 22 29 18 46 52 -9999 -9999 -9999 -9999 -9999 -9999 -9999 -9999 -9999 -9999 -9999 -9999 -9999 -9999 -9999 -9999 -9999 -9999 -9999 -9999 -9999 -9999 -9999 -9999 -9999 -9999 -9999 -9999 -9999 -9999 -9999 -9999 -9999 -9999 -9999 -9999 -9999 16 15
-9999 -9999 -9999 49 45 47 -9999 -9999 -9999 -9999 -9999 -9999 -9999 -9999 -9999 -9999 -9999 -9999 -9999 -9999 -9999 -9999 -9999 -9999 -9999 -9999 -9999 -9999 -9999 -9999 -9999 -9999 -9999 -9999 -9999 49 39 32 28 13 12 31 41 45 51 -9999 -9999 -9999 -9999 -9999 -9999 -9999 -9999 -9999 -9999 -9999 -9999 -9999 -9999 -9999 -9999 -9999 -9999 -9999 -9999 -9999 -9999 -9999 -9999 -9999 -9999 -9999 -9999 -9999 -9999 -9999 -9999 -9999 -9999 -9999 -9999 -9999 -9999 40 10
-9999 -9999 -9999 50 50 -9999 -9999 -9999 -9999 -9999 -9999 -9999 -9999 -9999 -9999 -9999 -9999 -9999 -9999 -9999 -9999 -9999 -9999 -9999 -9999 -9999 -9999 -9999 -9999 -9999 -9999 -9999 -9999 -9999 -9999 51 46 40 36 30 30 39 50 -9999 -9999 -9999 -9999 -9999 -9999 -9999 -9999 -9999 -9999 -9999 -9999 -9999 -9999 -9999 -9999 -9999 -9999 -9999 -9999 -9999 -9999 -9999 -9999 -9999 -9999 -9999 -9999 -9999 -9999 -9999 -9999 -9999 -9999 -9999 -9999 -9999 -9999 -9999 -9999 56 43
-9999 -9999 -9999 -9999 -9999 -9999 -9999 -9999 -9999 -9999 -9999 -9999 -9999 -9999 -9999 -9999 -9999 -9999 -9999 -9999 -9999 -9999 -9999 -9999 -9999 -9999 -9999 -9999 -9999 -9999 -9999 -9999 -9999 -9999 -9999 -9999 50 47 45 44 46 48 53 -9999 -9999 -9999 -9999 -9999 -9999 -9999 -9999 -9999 -9999 -9999 -9999 -9999 -9999 -9999 -9999 -9999 -9999 -9999 -9999 -9999 -9999 53 54 -9999 -9999 -9999 -9999 -9999 -9999 -9999 -9999 -9999 -9999 -9999 52 -9999 -9999 -9999 44 46 34
-9999 -9999 -9999 -9999 -9999 -9999 -9999 -9999 -9999 -9999 -9999 -9999 -9999 -9999 -9999 -9999 -9999 -9999 -9999 -9999 -9999 -9999 -9999 -9999 -9999 -9999 -9999 -9999 -9999 -9999 -9999 -9999 -9999 -9999 -9999 -9999 -9999 -9999 51 53 -9999 -9999 -9999 -9999 -9999 -9999 -9999 -9999 -9999 -9999 -9999 -9999 -9999 -9999 -9999 -9999 -9999 -9999 -9999 -9999 -9999 -9999 -9999 -9999 -9999 -9999 -9999 -9999 -9999 -9999 -9999 -9999 -9999 43 55 40 48 56 -9999 -9999 -9999 -9999 35 34 10
-9999 -9999 -9999 -9999 -9999 -9999 -9999 -9999 -9999 -9999 -9999 -9999 -9999 -9999 -9999 -9999 -9999 -9999 -9999 -9999 -9999 -9999 -9999 -9999 -9999 -9999 -9999 -9999 -9999 -9999 -9999 -9999 -9999 -9999 -9999 -9999 -9999 -9999 -9999 -9999 -9999 -9999 -9999 -9999 -9999 -9999 -9999 -9999 -9999 -9999 -9999 -9999 -9999 -9999 -9999 -9999 -9999 -9999 -9999 -9999 -9999 -9999 -9999 -9999 -9999 -9999 -9999 -9999 -9999 -9999 -9999 -9999 -9999 -9999 -9999 -9999 47 57 -9999 -9999 67 -9999 48 27 3
-9999 -9999 -9999 -9999 -9999 -9999 -9999 -9999 -9999 -9999 -9999 -9999 -9999 -9999 -9999 -9999 -9999 -9999 -9999 -9999 -9999 -9999 -9999 -9999 -9999 -9999 -9999 -9999 -9999 -9999 -9999 -9999 -9999 -9999 -9999 -9999 -9999 -9999 -9999 -9999 -9999 -9999 -9999 -9999 -9999 -9999 -9999 -9999 -9999 -9999 -9999 -9999 -9999 -9999 -9999 -9999 50 -9999 -9999 -9999 -9999 -9999 55 48 -9999 56 51 54 -9999 -9999 -9999 -9999 -9999 -9999 -9999 -9999 48 60 55 45 52 31 7 16 40
-9999 -9999 -9999 -9999 -9999 -9999 -9999 -9999 -9999 -9999 -9999 -9999 -9999 -9999 -9999 -9999 -9999 -9999 -9999 -9999 -9999 -9999 -9999 -9999 -9999 -9999 -9999 -9999 -9999 -9999 -9999 -9999 -9999 -9999 -9999 -9999 -9999 -9999 -9999 -9999 -9999 -9999 -9999 -9999 -9999 60 -9999 -9999 -9999 -9999 -9999 -9999 -9999 -9999 -9999 -9999 -9999 -9999 -9999 47 47 46 41 32 46 37 17 38 46 54 46 44 48 45 36 21 13 28 21 24 51 11 -15 31 51
-9999 -9999 -9999 -9999 -9999 -9999 -9999 -9999 -9999 -9999 -9999 -9999 -9999 -9999 -9999 -9999 -9999 -9999 -9999 -9999 -9999 -9999 -9999 -9999 -9999 -9999 -9999 -9999 -9999 -9999 -9999 -9999 -9999 -9999 -9999 -9999 -9999 -9999 -9999 -9999 -9999 -9999 -9999 -9999 -9999 -9999 -9999 -9999 -9999 -9999 -9999 50 49 -9999 -9999 -9999 -9999 -9999 -9999 40 43 37 35 25 30 28 14 6 18 26 14 -5 6 -6 -16 -21 -16 2 19 44 39 34 35 44 54
-9999 -9999 -9999 -9999 -9999 -9999 -9999 -9999 -9999 -9999 -9999 -9999 -9999 -9999 -9999 -9999 -9999 -9999 -9999 -9999 -9999 -9999 -9999 -9999 -9999 -9999 -9999 -9999 -9999 -9999 -9999 -9999 -9999 -9999 -9999 -9999 -9999 -9999 -9999 -9999 58 60 60 -9999 -9999 -9999 -9999 -9999 -9999 52 47 46 47 -9999 -9999 -9999 -9999 -9999 44 49 49 41 34 31 25 24 6 -3 6 6 2 -3 -5 -0 0 6 -35 -23 41 -9999 -9999 -9999 -9999 -9999 -9999
-9999 -9999 -9999 -9999 -9999 -9999 -9999 -9999 -9999 -9999 -9999 -9999 -9999 -9999 -9999 -9999 -9999 -9999 -9999 -9999 -9999 -9999 -9999 -9999 -9999 -9999 -9999 -9999 -9999 -9999 -9999 -9999 -9999 -9999 -9999 -9999 -9999 -9999 -9999 60 54 54 58 60 59 58 55 52 49 47 46 47 45 -9999 44 44 -9999 46 42 47 44 44 41 39 38 26 20 9 4 14 13 11 6 13 16 18 12 18 43 -9999 -9999 -9999 -9999 -9999 -9999
-9999 -9999 -9999 -9999 -9999 -9999 -9999 -9999 -9999 -9999 -9999 -9999 -9999 -9999 -9999 -9999 -9999 -9999 -9999 -9999 -9999 -9999 -9999 -9999 -9999 -9999 -9999 -9999 -9999 -9999 -9999 -9999 -9999 -9999 -9999 -9999 -9999 -9999 62 58 57 56 55 53 53 51 49 47 43 42 43 43 -9999 41 44 42 44 41 42 43 43 45 48 48 48 47 42 31 26 18 15 19 10 5 19 21 21 29 42 -9999 -9999 -9999 -9999 -9999 -9999
-9999 -9999 -9999 -9999 -9999 -9999 -9999 -9999 -9999 -9999 -9999 -9999 -9999 -9999 -9999 -9999 -9999 -9999 -9999 -9999 -9999 -9999 -9999 -9999 -9999 -9999 -9999 -9999 -9999 -9999 -9999 -9999 -9999 -9999 -9999 -9999 -9999 -9999 62 64 60 55 47 42 39 42 42 38 38 38 39 38 34 34 38 -9999 45 45 45 45 45 47 50 53 52 57 51 46 41 27 26 26 20 17 15 12 19 25 41 -9999 -9999 -9999 -9999 -9999 -9999
-9999 -9999 -9999 -9999 -9999 -9999 -9999 -9999 -9999 -9999 -9999 -9999 -9999 -9999 -9999 -9999 -9999 -9999 -9999 -9999 -9999 -9999 -9999 -9999 33 28 49 64 -9999 62 50 56 60 70 67 65 63 61 60 59 50 38 34 29 38 38 35 37 36 35 34 29 23 23 32 38 -9999 -9999 49 47 48 49 50 54 51 58 -9999 53 51 46 44 42 40 31 21 7 8 22 41 48 -9999 -9999 -9999 -9999 -9999
-9999 -9999 -9999 -9999 -9999 -9999 -9999 -9999 44 38 37 32 31 38 49 53 61 70 -9999 -9999 -9999 62 59 51 38 20 40 36 44 40 46 44 34 51 56 54 50 52 45 38 30 29 23 21 25 29 33 32 34 32 26 20 14 14 23 36 -9999 -9999 43 52 53 52 52 55 50 54 -9999 -9999 -9999 -9999 53 54 52 41 25 14 23 31 47 50 -9999 -9999 -9999 -9999 -9999
-9999 68 68 63 53 52 46 43 37 33 30 30 32 20 9 29 43 57 62 60 39 36 40 24 32 28 31 30 34 26 32 39 44 47 43 40 38 36 25 12 14 21 22 22 20 26 29 29 31 28 20 13 16 18 24 35 43 -9999 36 42 -9999 -9999 -9999 57 52 56 -9999 -9999 -9999 -9999 -9999 -9999 -9999 53 44 37 40 45 52 -9999 -9999 -9999 -9999 -9999 -9999
53 54 57 54 51 44 28 18 22 19 21 18 12 8 5 23 26 8 20 10 -4 -8 -1 -5 16 6 9 15 12 4 14 12 15 27 13 19 9 7 15 23 26 24 21 25 22 23 22 25 21 16 19 17 21 22 27 34 44 49 53 -9999 -9999 -9999 -9999 -9999 -9999 -9999 -9999 -9999 -9999 -9999 -9999 -9999 -9999 57 54 52 52 52 54 59 -9999 -9999 -9999 -9999 -9999
19 38 40 26 0 3 4 5 4 7 3 -7 -3 7 23 10 -3 -6 -6 -15 -8 -4 3 14 5 11 8 -13 -10 -7 -3 -0 10 10 -7 -6 -2 10 17 22 20 10 12 18 16 19 20 17 21 21 24 25 26 28 31 38 46 49 52 -9999 -9999 -9999 -9999 -9999 -9999 -9999 -9999 -9999 -9999 -9999 -9999 -9999 -9999 60 59 57 57 58 59 62 -9999 -9999 -9999 -9999 -9999
30 31 23 7 -8 -0 2 3 -5 -4 -0 3 5 10 -9 -7 -17 -18 -26 -27 -21 -22 -17 -14 -8 -7 -1 -5 -17 -15 -14 -21 -20 -18 -12 -8 -7 -4 11 7 11 13 13 11 7 10 11 15 20 28 31 32 31 32 35 40 46 50 54 54 -9999 -9999 -9999 -9999 -9999 -9999 -9999 -9999 -9999 -9999 -9999 -9999 -9999 -9999 61 62 60 60 66 -9999 -9999 -9999 -9999 -9999 -9999
24 13 16 5 -7 -10 -10 -17 -22 -18 -14 -16 -11 -9 -18 -14 -17 -20 -18 -19 -18 -16 -14 -11 -9 -8 -9 -17 -17 -17 -15 -16 -18 -18 -14 -4 1 10 10 5 6 7 2 6 -2 9 16 23 27 32 35 35 35 34 36 41 46 50 52 55 -9999 -9999 -9999 -9999 -9999 -9999 -9999 -9999 -9999 -9999 -9999 -9999 51 59 63 -9999 -9999 70 67 70 -9999 -9999 -9999 -9999 -9999
-9 -12 -10 4 -8 -14 -20 -14 -10 -10 -8 -5 -8 -10 -9 -26 -34 -35 -26 -22 -17 -17 -15 -14 -12 -12 -8 -15 -20 -20 -17 -18 -17 -10 -3 2 8 9 3 1 -1 -7 -8 -5 2 10 21 25 29 32 36 37 37 36 38 42 43 47 51 54 57 53 58 -9999 51 -9999 -9999 -9999 -9999 -9999 -9999 -9999 61 50 57 61 62 63 66 72 -9999 -9999 -9999 -9999 -9999
-4 -0 4 8 4 -1 -5 -3 -2 -1 4 8 10 10 8 -4 -16 -23 -32 -34 -29 -29 -17 -19 -9 -11 -12 -11 -13 -14 -15 -20 -19 -9 -4 -3 1 -1 6 -1 -3 -6 -9 -2 8 11 25 26 28 29 33 37 37 37 38 42 42 48 50 51 57 58 58 57 60 -9999 -9999 -9999 -9999 -9999 -9999 -9999 -9999 59 62 64 65 66 68 74 -9999 -9999 -9999 -9999 -9999
3 6 9 9 8 4 0 -2 -3 -1 2 8 15 17 16 14 9 5 -3 -11 -12 -28 -40 -34 -23 -24 -16 -12 -12 -12 -14 -18 -16 -16 -8 -8 -11 -3 0 -2 -7 4 2 7 11 19 24 25 27 31 31 33 37 37 39 41 43 45 47 49 50 52 53 53 57 58 -9999 -9999 -9999 -9999 -9999 -9999 -9999 -9999 -9999 69 68 67 71 76 -9999 -9999 -9999 -9999 -9999
4 7 6 6 6 4 -0 -9 -11 -5 -5 0 16 17 16 16 14 12 8 2 -9 -26 -24 -34 -51 -38 -30 -30 -32 -29 -23 -21 -20 -22 -17 -9 -8 -4 -2 -4 -4 1 3 14 17 20 25 25 27 29 29 30 34 37 39 40 42 43 44 46 49 50 51 51 56 58 61 60 -9999 -9999 -9999 -9999 -9999 -9999 -9999 74 72 72 75 -9999 -9999 -9999 -9999 -9999 -9999
2 4 6 3 1 -2 -8 -9 -5 -6 -11 -3 9 10 6 10 9 9 9 1 -10 -11 -28 -36 -42 -43 -46 -29 -28 -23 -30 -24 -23 -18 -24 -17 -14 -12 -3 -0 3 7 14 18 17 18 24 27 27 25 26 28 32 36 37 40 40 41 43 44 46 48 49 49 52 58 60 -9999 -9999 -9999 -9999 -9999 -9999 -9999 -9999 -9999 -9999 -9999 -9999 -9999 -9999 -9999 -9999 -9999 -9999
-1 4 2 -2 -4 -6 -6 -8 -17 -19 -17 -19 -20 -16 -3 2 -3 4 8 11 15 5 -13 -16 -25 -31 -27 -18 -20 -25 -27 -21 -16 -14 -17 -17 -8 -8 -4 1 0 10 16 19 18 21 22 25 24 26 26 28 32 37 38 40 40 40 42 43 45 46 47 48 49 51 54 56 59 -9999 -9999 -9999 -9999 -9999 -9999 -9999 -9999 -9999 77 77 80 -9999 -9999 -9999 -9999
-0 0 -1 -1 -2 -6 -16 -26 -24 -24 -24 -24 -21 -13 -5 -3 -1 6 20 25 27 29 21 5 0 5 2 3 -18 -10 -11 -15 -9 -6 -9 -8 -3 1 4 5 8 11 16 16 17 21 26 25 23 25 25 30 35 38 39 39 39 40 41 42 43 44 46 49 50 51 54 57 60 -9999 -9999 -9999 -9999 -9999 -9999 -9999 -9999 -9999 76 77 79 -9999 -9999 -9999 -9999
-1 -2 -4 -6 -13 -20 -25 -27 -28 -28 -25 -19 -14 -10 -6 2 14 19 21 27 33 39 39 37 36 34 33 31 26 21 18 9 3 -5 -8 -1 3 6 10 13 13 15 14 19 21 27 28 25 24 25 28 34 37 38 38 38 39 39 40 41 42 43 45 48 50 54 57 -9999 -9999 -9999 -9999 -9999 -9999 -9999 -9999 -9999 -9999 77 77 78 -9999 -9999 -9999 -9999 -9999
-6 -8 -12 -23 -28 -31 -30 -30 -28 -25 -24 -20 -9 2 6 11 19 23 27 31 34 37 39 40 40 38 37 36 35 32 29 25 19 13 7 5 6 11 11 18 19 18 15 19 21 25 29 30 29 29 32 37 39 39 39 39 39 39 40 41 42 43 44 46 48 50 54 57 60 -9999 -9999 -9999 -9999 -9999 -9999 -9999 -9999 76 78 -9999 -9999 -9999 -9999 -9999 -9999
-13 -14 -16 -24 -30 -26 -23 -15 -16 -27 -22 -3 6 11 15 17 19 21 24 28 32 35 37 39 40 39 39 38 37 35 34 32 27 18 18 13 17 20 24 23 17 11 11 25 28 32 32 33 35 36 38 40 42 41 40 40 40 39 40 41 42 43 44 45 46 48 50 53 58 62 -9999 -9999 69 69 71 -9999 -9999 77 78 -9999 -9999 -9999 -9999 -9999 -9999
-30 -23 -20 -19 -16 -11 -9 -4 -7 -11 -1 7 12 14 16 15 16 18 22 26 30 33 35 38 38 38 38 38 38 37 36 36 37 38 37 39 35 32 29 23 20 18 22 27 30 31 33 37 40 42 43 44 44 43 42 41 40 39 40 41 42 43 44 47 48 50 52 55 59 -9999 -9999 -9999 69 69 70 70 -9999 -9999 -9999 -9999 -9999 -9999 -9999 -9999 -9999
-25 -16 -12 -16 -8 -2 1 -1 3 6 8 9 10 12 11 12 14 17 21 24 27 32 36 36 36 37 37 37 38 38 37 38 39 40 41 42 38 32 30 26 22 23 24 26 29 32 33 38 42 46 48 48 47 44 42 40 39 39 39 40 40 42 44 47 53 54 56 58 61 -9999 -9999 -9999 -9999 -9999 70 70 -9999 -9999 -9999 -9999 -9999 -9999 -9999 -9999 -9999
