resultados/variables_proyeccion_tiempo/variables_paleo_21k/bio6.asc
ncols 330
nrows 228
xllcorner -12.000000
yllcorner 34.000000
cellsize 0.166667
NODATA_value -9999
[rows 0 to 37 of 228, columns 170 to 254 of 330]
-9999 -9999 -9999 -9999 -9999 -9999 -9999 -9999 -9999 -9999 -9999 -9999 -9999 -9999 -9999 -9999 -9999 -9999 -9999 -9999 -9999 -9999 -9999 -9999 -9999 -9999 -9999 -9999 -9999 -9999 -9999 -9999 -9999 -9999 -9999 -9999 -9999 -9999 -9999 -9999 -9999 -9999 -9999 -9999 -9999 -9999 -9999 -9999 -9999 -9999 -9999 -9999 -560 -560 -558 -557 -556 -553 -552 -550 -9999 -9999 -9999 -9999 -9999 -9999 -9999 -9999 -9999 -523 -523 -522 -9999 -9999 -9999 -9999 -9999 -9999 -9999 -9999 -9999 -9999 -9999 -9999 -9999
-9999 -9999 -9999 -9999 -9999 -9999 -9999 -9999 -9999 -9999 -9999 -9999 -9999 -9999 -9999 -9999 -392 -9999 -9999 -9999 -9999 -9999 -9999 -9999 -9999 -9999 -9999 -9999 -9999 -9999 -9999 -9999 -9999 -9999 -9999 -9999 -9999 -9999 -9999 -9999 -9999 -9999 -9999 -9999 -9999 -9999 -9999 -9999 -9999 -9999 -9999 -9999 -554 -552 -551 -9999 -9999 -9999 -9999 -9999 -9999 -9999 -9999 -9999 -9999 -9999 -9999 -9999 -9999 -9999 -9999 -9999 -9999 -9999 -9999 -9999 -9999 -9999 -9999 -9999 -9999 -9999 -9999 -9999 -9999
-9999 -9999 -9999 -9999 -9999 -9999 -9999 -9999 -9999 -9999 -329 -9999 -9999 -9999 -363 -371 -381 -390 -398 -404 -409 -418 -423 -430 -9999 -9999 -9999 -9999 -9999 -9999 -9999 -9999 -9999 -9999 -9999 -9999 -9999 -9999 -9999 -9999 -9999 -9999 -9999 -9999 -9999 -9999 -9999 -9999 -9999 -9999 -9999 -9999 -9999 -9999 -9999 -9999 -9999 -9999 -9999 -9999 -9999 -9999 -9999 -9999 -9999 -9999 -9999 -9999 -9999 -9999 -9999 -9999 -9999 -9999 -9999 -9999 -9999 -9999 -9999 -9999 -9999 -9999 -9999 -9999 -9999
-9999 -9999 -9999 -9999 -9999 -9999 -9999 -9999 -9999 -311 -322 -332 -341 -350 -358 -367 -373 -381 -389 -396 -404 -411 -418 -424 -428 -9999 -9999 -9999 -9999 -9999 -9999 -9999 -9999 -9999 -9999 -9999 -9999 -9999 -9999 -9999 -9999 -9999 -9999 -9999 -9999 -9999 -9999 -9999 -9999 -9999 -9999 -9999 -9999 -9999 -9999 -9999 -9999 -9999 -9999 -508 -506 -504 -9999 -9999 -9999 -9999 -9999 -9999 -9999 -9999 -9999 -9999 -9999 -9999 -9999 -9999 -9999 -9999 -9999 -9999 -9999 -9999 -9999 -9999 -9999
-9999 -9999 -9999 -9999 -9999 -9999 -9999 -284 -295 -306 -316 -326 -335 -343 -350 -357 -364 -371 -378 -386 -393 -401 -408 -415 -423 -430 -438 -443 -448 -451 -9999 -9999 -469 -472 -473 -9999 -9999 -9999 -9999 -9999 -9999 -9999 -9999 -9999 -9999 -9999 -9999 -9999 -9999 -517 -519 -517 -514 -513 -510 -510 -518 -9999 -9999 -9999 -491 -488 -486 -482 -9999 -470 -466 -462 -458 -456 -454 -455 -9999 -9999 -9999 -9999 -9999 -9999 -9999 -9999 -9999 -9999 -9999 -9999 -9999
-9999 -9999 -9999 -9999 -9999 -9999 -272 -280 -290 -300 -309 -318 -326 -334 -341 -348 -354 -361 -368 -375 -382 -389 -396 -404 -412 -419 -427 -434 -440 -445 -450 -455 -460 -464 -468 -9999 -470 -475 -481 -481 -485 -490 -493 -494 -500 -513 -516 -512 -511 -517 -520 -517 -513 -517 -518 -522 -518 -511 -504 -496 -486 -481 -476 -470 -467 -469 -467 -472 -461 -456 -458 -455 -451 -449 -448 -447 -444 -9999 -9999 -9999 -9999 -9999 -9999 -9999 -9999
-9999 -9999 -9999 -9999 -9999 -9999 -266 -276 -285 -294 -302 -310 -318 -324 -331 -337 -343 -350 -356 -363 -370 -377 -384 -391 -398 -405 -412 -419 -427 -432 -437 -442 -448 -9999 -449 -455 -464 -471 -476 -481 -486 -488 -487 -485 -493 -502 -505 -506 -504 -512 -515 -510 -507 -503 -507 -510 -500 -494 -486 -479 -485 -486 -471 -459 -461 -465 -462 -463 -461 -458 -458 -460 -456 -443 -443 -445 -442 -439 -436 -432 -9999 -9999 -9999 -9999 -9999
-9999 -9999 -9999 -9999 -9999 -9999 -266 -272 -279 -287 -294 -301 -310 -318 -323 -326 -331 -338 -345 -352 -358 -365 -371 -377 -384 -391 -397 -402 -411 -417 -423 -428 -428 -436 -442 -452 -459 -463 -474 -473 -482 -484 -484 -480 -485 -484 -487 -491 -496 -496 -505 -508 -507 -501 -496 -490 -483 -476 -477 -490 -487 -476 -458 -446 -449 -456 -459 -457 -452 -446 -438 -438 -428 -439 -445 -449 -448 -438 -434 -435 -434 -429 -432 -425 -423
-9999 -9999 -9999 -9999 -9999 -9999 -9999 -270 -275 -9999 -283 -288 -294 -300 -308 -313 -318 -322 -324 -341 -348 -352 -358 -366 -376 -384 -387 -390 -393 -9999 -9999 -412 -420 -431 -440 -448 -458 -458 -462 -468 -466 -466 -472 -470 -482 -488 -478 -489 -499 -486 -487 -489 -490 -484 -473 -466 -466 -470 -476 -475 -474 -457 -441 -439 -448 -447 -446 -446 -441 -439 -435 -424 -425 -439 -440 -438 -429 -434 -438 -433 -429 -435 -431 -429 -421
-9999 -9999 -9999 -9999 -9999 -255 -260 -267 -272 -278 -284 -289 -293 -298 -303 -309 -314 -319 -323 -326 -333 -342 -349 -356 -363 -367 -369 -375 -376 -384 -398 -401 -413 -408 -414 -422 -431 -439 -440 -454 -471 -474 -471 -465 -467 -475 -481 -476 -476 -477 -477 -476 -469 -462 -459 -461 -465 -465 -468 -466 -455 -442 -442 -441 -441 -441 -439 -435 -425 -417 -412 -414 -415 -418 -421 -423 -421 -418 -422 -427 -423 -420 -419 -420 -419
-9999 -9999 -9999 -9999 -9999 -252 -256 -261 -266 -272 -275 -279 -283 -286 -293 -300 -308 -313 -316 -330 -333 -334 -338 -352 -349 -362 -369 -366 -367 -385 -401 -407 -413 -428 -428 -420 -437 -442 -443 -438 -436 -447 -447 -457 -464 -464 -460 -464 -466 -467 -465 -457 -451 -450 -457 -462 -467 -461 -456 -451 -451 -445 -438 -433 -431 -428 -424 -417 -412 -407 -402 -403 -401 -403 -406 -404 -400 -400 -406 -409 -411 -408 -400 -396 -394
-9999 -9999 -9999 -247 -251 -255 -260 -264 -266 -269 -268 -270 -277 -287 -295 -296 -304 -306 -316 -315 -328 -335 -330 -328 -354 -362 -371 -364 -361 -373 -383 -395 -410 -415 -421 -418 -423 -433 -435 -426 -417 -428 -436 -442 -451 -455 -450 -449 -455 -458 -453 -443 -439 -452 -465 -462 -458 -460 -454 -457 -450 -439 -431 -425 -420 -414 -405 -401 -397 -394 -391 -391 -387 -385 -382 -381 -379 -378 -378 -377 -377 -374 -373 -373 -369
-9999 -9999 -244 -246 -252 -256 -257 -262 -264 -265 -266 -267 -274 -277 -286 -293 -301 -307 -308 -316 -318 -311 -320 -344 -330 -344 -353 -355 -354 -371 -384 -381 -376 -386 -401 -414 -423 -429 -428 -425 -414 -410 -415 -426 -433 -437 -438 -438 -449 -454 -453 -435 -434 -444 -450 -447 -449 -450 -443 -435 -423 -421 -413 -407 -404 -400 -398 -397 -392 -383 -380 -384 -384 -382 -380 -378 -378 -373 -368 -366 -359 -357 -353 -355 -353
-9999 -9999 -246 -249 -253 -255 -255 -252 -255 -257 -264 -275 -281 -280 -282 -278 -283 -293 -304 -315 -301 -311 -344 -338 -318 -351 -352 -362 -351 -364 -390 -395 -388 -385 -385 -397 -409 -416 -414 -416 -414 -412 -415 -419 -419 -423 -425 -424 -428 -434 -432 -427 -426 -428 -430 -431 -429 -424 -420 -416 -415 -410 -403 -394 -392 -393 -388 -386 -387 -380 -376 -373 -371 -370 -363 -359 -358 -354 -353 -352 -351 -350 -349 -354 -353
-250 -254 -256 -257 -258 -260 -264 -267 -266 -263 -268 -274 -280 -279 -268 -269 -292 -293 -310 -305 -302 -328 -334 -312 -324 -336 -357 -368 -368 -356 -375 -392 -390 -402 -404 -402 -398 -403 -406 -410 -411 -408 -405 -407 -408 -411 -410 -411 -413 -416 -419 -419 -418 -419 -421 -420 -415 -411 -411 -409 -407 -398 -392 -387 -381 -379 -379 -377 -373 -369 -365 -360 -355 -352 -348 -346 -344 -342 -343 -345 -343 -339 -338 -338 -344
-9999 -252 -256 -262 -267 -275 -277 -283 -276 -266 -262 -268 -264 -271 -275 -269 -280 -289 -305 -295 -321 -334 -320 -305 -346 -346 -365 -355 -365 -365 -365 -366 -371 -380 -387 -392 -390 -388 -395 -401 -396 -395 -396 -393 -396 -398 -397 -397 -400 -402 -404 -405 -405 -408 -410 -409 -404 -402 -400 -397 -393 -387 -382 -379 -375 -371 -369 -365 -361 -358 -355 -350 -346 -342 -340 -339 -339 -336 -333 -330 -327 -326 -326 -334 -342
-9999 -256 -261 -271 -278 -285 -277 -270 -268 -261 -270 -268 -267 -263 -274 -274 -272 -272 -285 -302 -311 -303 -328 -340 -332 -338 -350 -360 -362 -366 -368 -368 -369 -367 -371 -377 -378 -379 -380 -387 -388 -387 -386 -383 -384 -387 -390 -391 -391 -393 -392 -395 -398 -401 -401 -398 -395 -395 -394 -388 -383 -379 -373 -368 -364 -362 -359 -356 -352 -348 -343 -340 -337 -335 -334 -330 -327 -322 -323 -322 -326 -325 -325 -328 -329
-270 -267 -270 -276 -275 -272 -268 -269 -271 -278 -278 -275 -270 -261 -270 -277 -281 -276 -293 -305 -317 -329 -326 -329 -332 -337 -329 -342 -351 -356 -352 -354 -358 -362 -364 -368 -371 -374 -373 -374 -374 -376 -379 -380 -379 -381 -381 -381 -383 -384 -386 -391 -390 -391 -390 -388 -384 -385 -385 -381 -377 -372 -368 -362 -357 -354 -351 -348 -344 -341 -337 -334 -331 -329 -327 -322 -318 -316 -317 -319 -320 -318 -318 -319 -318
-290 -280 -272 -269 -270 -278 -277 -283 -274 -279 -276 -281 -274 -296 -298 -290 -300 -306 -303 -292 -305 -321 -329 -328 -327 -328 -329 -327 -336 -344 -349 -353 -355 -356 -358 -361 -366 -369 -369 -369 -370 -373 -376 -378 -378 -377 -376 -377 -379 -380 -382 -383 -384 -383 -381 -379 -376 -375 -372 -368 -364 -360 -356 -356 -353 -350 -347 -344 -340 -337 -333 -330 -328 -324 -321 -318 -316 -314 -314 -314 -312 -312 -314 -313 -313
-293 -278 -274 -283 -283 -287 -283 -289 -284 -293 -286 -296 -298 -281 -301 -307 -316 -322 -317 -316 -307 -322 -326 -332 -328 -330 -334 -337 -337 -336 -339 -348 -355 -357 -359 -359 -364 -368 -371 -370 -371 -370 -372 -372 -374 -374 -376 -378 -379 -379 -379 -378 -377 -377 -376 -375 -378 -374 -369 -364 -360 -361 -358 -356 -352 -350 -348 -342 -339 -335 -333 -331 -329 -325 -322 -317 -314 -311 -310 -309 -308 -309 -307 -308 -307
-293 -284 -287 -303 -297 -284 -291 -285 -291 -300 -306 -301 -311 -306 -316 -314 -310 -311 -315 -319 -313 -316 -324 -325 -327 -327 -329 -331 -335 -340 -345 -346 -346 -349 -355 -355 -360 -366 -368 -368 -370 -369 -369 -370 -374 -372 -372 -374 -374 -375 -376 -376 -374 -373 -373 -372 -371 -371 -368 -365 -363 -361 -359 -355 -352 -348 -346 -344 -341 -335 -332 -330 -327 -319 -317 -312 -311 -308 -306 -305 -306 -304 -305 -307 -305
-293 -288 -286 -278 -283 -285 -285 -293 -294 -299 -304 -307 -309 -303 -290 -296 -303 -313 -323 -317 -309 -316 -319 -323 -326 -331 -332 -332 -334 -338 -340 -344 -349 -351 -351 -355 -360 -363 -363 -365 -366 -366 -368 -368 -368 -368 -369 -369 -370 -371 -372 -372 -372 -371 -369 -368 -366 -364 -362 -361 -358 -356 -355 -352 -352 -350 -349 -347 -340 -334 -331 -325 -324 -322 -318 -316 -315 -311 -308 -306 -308 -313 -310 -310 -307
-292 -294 -290 -308 -314 -306 -307 -312 -325 -326 -326 -321 -318 -315 -327 -326 -323 -319 -312 -307 -308 -307 -310 -319 -326 -329 -332 -336 -338 -339 -340 -344 -348 -351 -356 -360 -365 -366 -366 -366 -365 -367 -369 -370 -376 -373 -369 -371 -372 -371 -371 -369 -371 -369 -368 -367 -365 -362 -361 -359 -357 -355 -353 -351 -350 -348 -347 -345 -341 -339 -339 -335 -334 -329 -322 -321 -316 -311 -309 -307 -308 -305 -304 -305 -304
-299 -310 -316 -328 -324 -322 -317 -320 -331 -332 -335 -338 -338 -340 -340 -337 -328 -327 -329 -325 -318 -318 -319 -318 -321 -326 -330 -334 -338 -343 -343 -343 -347 -352 -358 -362 -366 -370 -370 -368 -369 -369 -369 -369 -371 -374 -377 -370 -370 -368 -367 -367 -367 -365 -365 -364 -364 -361 -358 -357 -356 -353 -352 -350 -349 -346 -344 -341 -337 -335 -331 -329 -327 -325 -321 -318 -317 -314 -311 -308 -306 -306 -306 -303 -302
-302 -318 -322 -321 -320 -324 -324 -317 -326 -327 -336 -330 -346 -345 -331 -322 -327 -324 -327 -327 -325 -324 -324 -325 -324 -328 -328 -332 -335 -338 -343 -347 -351 -354 -356 -360 -366 -370 -372 -373 -372 -372 -371 -371 -374 -375 -376 -376 -374 -370 -367 -366 -364 -363 -363 -362 -364 -363 -361 -360 -357 -353 -350 -349 -349 -346 -342 -339 -336 -334 -332 -329 -328 -325 -320 -317 -317 -316 -315 -311 -310 -309 -306 -305 -309
-318 -324 -325 -322 -319 -308 -314 -316 -333 -339 -329 -330 -333 -327 -333 -334 -332 -329 -329 -331 -332 -328 -330 -331 -334 -335 -335 -334 -338 -338 -341 -345 -349 -354 -358 -361 -365 -368 -371 -374 -374 -375 -374 -376 -377 -379 -378 -379 -375 -372 -369 -368 -366 -364 -364 -363 -362 -361 -360 -358 -355 -352 -349 -348 -346 -344 -342 -339 -336 -335 -334 -328 -326 -323 -319 -319 -318 -316 -317 -318 -317 -313 -309 -307 -306
-325 -320 -319 -320 -324 -322 -329 -323 -319 -323 -324 -337 -332 -331 -324 -325 -330 -334 -332 -332 -335 -334 -336 -337 -338 -342 -342 -341 -344 -348 -349 -351 -354 -356 -359 -361 -366 -369 -372 -377 -380 -379 -378 -379 -382 -380 -381 -382 -377 -376 -373 -369 -366 -366 -364 -361 -361 -359 -357 -356 -353 -351 -349 -347 -344 -342 -339 -337 -337 -334 -332 -328 -325 -321 -320 -319 -318 -318 -320 -321 -319 -318 -317 -317 -316
-312 -313 -321 -326 -329 -336 -347 -350 -348 -346 -335 -333 -326 -323 -321 -325 -328 -333 -335 -340 -339 -342 -344 -346 -348 -348 -346 -348 -349 -351 -353 -355 -359 -361 -363 -363 -366 -369 -373 -377 -379 -379 -380 -381 -381 -382 -382 -381 -380 -377 -374 -371 -370 -368 -366 -362 -361 -360 -357 -357 -354 -351 -349 -346 -346 -344 -339 -336 -334 -332 -329 -326 -325 -324 -325 -323 -322 -321 -320 -323 -321 -318 -319 -321 -322
-336 -330 -334 -338 -333 -344 -350 -355 -347 -345 -347 -341 -334 -342 -346 -336 -332 -338 -338 -342 -342 -343 -346 -347 -349 -349 -352 -354 -355 -355 -354 -357 -365 -366 -367 -367 -370 -372 -375 -378 -381 -383 -385 -385 -385 -386 -384 -385 -384 -380 -376 -373 -372 -368 -366 -362 -360 -358 -358 -358 -354 -352 -349 -346 -345 -340 -336 -334 -334 -330 -328 -325 -325 -324 -323 -323 -322 -318 -320 -319 -319 -318 -319 -320 -324
-330 -327 -337 -339 -335 -340 -337 -334 -335 -335 -334 -329 -329 -331 -339 -345 -344 -342 -342 -344 -345 -349 -352 -352 -352 -355 -352 -352 -352 -354 -357 -359 -362 -366 -372 -372 -374 -375 -380 -384 -388 -390 -390 -390 -389 -388 -388 -387 -385 -382 -379 -374 -370 -368 -367 -362 -360 -358 -358 -354 -352 -351 -350 -349 -345 -340 -336 -334 -332 -330 -330 -331 -327 -323 -320 -320 -319 -320 -319 -321 -320 -319 -320 -320 -320
-315 -317 -326 -330 -338 -343 -336 -324 -321 -324 -328 -327 -328 -328 -333 -337 -340 -344 -350 -353 -352 -357 -355 -356 -358 -356 -358 -360 -361 -359 -359 -359 -363 -365 -371 -376 -378 -380 -382 -386 -390 -395 -394 -393 -390 -388 -392 -390 -387 -385 -382 -375 -373 -369 -364 -361 -359 -359 -355 -353 -351 -351 -349 -346 -344 -340 -335 -334 -332 -330 -329 -327 -326 -322 -321 -321 -323 -321 -321 -320 -324 -324 -321 -316 -315
-337 -329 -338 -334 -334 -329 -328 -332 -334 -333 -333 -334 -340 -341 -340 -341 -344 -346 -352 -357 -358 -357 -356 -357 -361 -363 -361 -361 -363 -368 -368 -368 -369 -370 -372 -375 -383 -385 -386 -391 -394 -397 -401 -399 -396 -392 -396 -392 -387 -385 -381 -379 -376 -370 -363 -360 -357 -356 -353 -349 -350 -348 -346 -346 -344 -339 -335 -333 -332 -330 -327 -327 -328 -327 -326 -325 -324 -326 -325 -325 -324 -323 -319 -316 -314
-323 -331 -327 -328 -330 -335 -333 -329 -328 -340 -348 -347 -350 -351 -351 -350 -353 -356 -359 -363 -364 -363 -363 -363 -358 -363 -365 -364 -366 -371 -375 -376 -377 -377 -378 -379 -383 -389 -390 -395 -399 -400 -402 -402 -399 -397 -398 -394 -389 -386 -382 -380 -376 -371 -365 -360 -357 -353 -350 -348 -348 -345 -344 -343 -340 -337 -335 -334 -332 -329 -328 -329 -328 -326 -326 -324 -322 -322 -324 -324 -323 -323 -323 -320 -318
-318 -320 -323 -324 -325 -325 -331 -335 -336 -337 -341 -346 -349 -351 -358 -362 -364 -368 -372 -372 -373 -374 -371 -368 -364 -361 -363 -366 -368 -371 -374 -379 -379 -386 -390 -387 -388 -390 -393 -396 -401 -405 -406 -403 -403 -402 -399 -396 -392 -390 -386 -381 -376 -370 -364 -361 -359 -354 -349 -347 -346 -344 -343 -342 -340 -336 -336 -339 -336 -332 -330 -328 -328 -328 -326 -323 -321 -321 -321 -322 -322 -323 -324 -324 -319
-324 -325 -327 -327 -328 -329 -331 -338 -343 -343 -346 -352 -352 -353 -359 -367 -372 -378 -380 -382 -382 -382 -381 -376 -372 -372 -367 -367 -370 -374 -375 -378 -379 -386 -392 -396 -396 -399 -400 -402 -407 -408 -409 -407 -406 -404 -402 -399 -395 -390 -385 -379 -375 -369 -366 -362 -359 -355 -353 -351 -348 -346 -344 -340 -338 -337 -337 -338 -336 -333 -330 -329 -329 -328 -324 -322 -322 -324 -322 -320 -321 -323 -324 -323 -321
-337 -337 -337 -338 -337 -336 -338 -343 -343 -347 -351 -357 -362 -364 -364 -370 -374 -378 -382 -384 -384 -383 -384 -384 -384 -382 -377 -373 -377 -380 -383 -384 -385 -390 -394 -399 -402 -402 -404 -407 -410 -411 -411 -410 -408 -405 -403 -399 -394 -389 -384 -379 -374 -370 -366 -363 -360 -356 -353 -350 -347 -345 -343 -341 -339 -337 -337 -336 -336 -334 -330 -330 -327 -326 -325 -324 -324 -325 -325 -323 -324 -323 -323 -324 -324
-326 -332 -339 -342 -343 -345 -348 -350 -351 -355 -360 -366 -368 -371 -372 -377 -381 -385 -385 -390 -389 -389 -386 -387 -388 -390 -390 -388 -388 -385 -387 -390 -392 -397 -399 -402 -403 -406 -409 -411 -412 -413 -413 -413 -410 -407 -403 -399 -394 -390 -385 -381 -377 -373 -368 -364 -360 -357 -353 -349 -347 -344 -342 -341 -338 -335 -334 -334 -335 -334 -331 -328 -327 -327 -326 -326 -324 -323 -324 -324 -323 -323 -324 -325 -324
-335 -337 -339 -342 -343 -349 -359 -360 -363 -366 -368 -372 -376 -382 -384 -386 -393 -396 -398 -399 -402 -401 -403 -401 -399 -394 -397 -394 -396 -398 -400 -400 -400 -404 -406 -408 -410 -412 -414 -416 -416 -416 -416 -414 -412 -408 -404 -400 -395 -391 -386 -382 -377 -373 -369 -365 -361 -358 -354 -351 -348 -344 -342 -340 -336 -334 -334 -337 -335 -334 -333 -331 -327 -326 -326 -325 -324 -324 -324 -325 -326 -325 -324 -324 -322
