resultados/variables_proyeccion_tiempo/variables_paleo_21k/bio6.asc
ncols 330
nrows 228
xllcorner -12.000000
yllcorner 34.000000
cellsize 0.166667
NODATA_value -9999
[rows 190 to 227 of 228, columns 0 to 84 of 330]
-9999 -9999 -9999 -9999 -9999 -9999 -9999 -9999 -9999 -9999 -9999 -9999 -9999 -9999 54 49 45 43 33 27 23 17 13 9 -3 -10 -17 -3 -6 -15 -20 -24 -21 -19 -16 -16 -38 -62 -72 -71 -76 -55 -51 -40 -45 -40 -34 -38 -37 -38 -38 -44 -49 -51 -54 -60 -65 -70 -78 -85 -95 -99 -97 -90 -72 -68 -70 -65 -73 -65 -45 -22 -11 3 13 15 18 21 24 28 -9999 -9999 -9999 -9999 -9999
-9999 -9999 -9999 -9999 -9999 -9999 -9999 -9999 -9999 -9999 -9999 -9999 -9999 -9999 55 51 46 43 36 30 25 16 5 -0 -2 -1 -2 2 3 -1 -1 -1 -1 -6 -5 -12 -26 -29 -22 -17 -18 -23 -28 -35 -29 -29 -34 -34 -35 -36 -35 -41 -43 -47 -55 -62 -68 -73 -74 -79 -87 -85 -82 -80 -61 -84 -77 -54 -44 -33 -16 -4 4 15 16 19 22 24 27 -9999 -9999 -9999 -9999 -9999 -9999
-9999 -9999 -9999 -9999 -9999 -9999 -9999 -9999 -9999 -9999 -9999 -9999 -9999 -9999 56 53 49 44 36 30 23 17 11 8 1 5 11 9 10 7 5 3 2 0 -5 -8 -4 -6 -9 -11 -16 -19 -21 -25 -26 -29 -30 -31 -31 -33 -40 -44 -47 -50 -54 -57 -61 -66 -68 -74 -73 -70 -74 -67 -59 -58 -68 -57 -31 -23 -2 13 17 20 21 23 23 28 35 -9999 -9999 -9999 -9999 -9999 -9999
-9999 -9999 -9999 -9999 -9999 -9999 -9999 -9999 -9999 -9999 -9999 -9999 -9999 -9999 58 55 52 46 36 30 25 24 20 17 12 17 17 17 15 11 10 6 4 1 -1 -3 -7 -11 -14 -16 -18 -20 -26 -30 -32 -32 -35 -38 -39 -38 -38 -41 -43 -46 -50 -55 -55 -60 -59 -66 -67 -63 -58 -59 -54 -40 -34 -25 -18 -6 11 20 22 25 26 27 29 33 -9999 -9999 -9999 -9999 -9999 -9999 -9999
-9999 -9999 -9999 -9999 -9999 -9999 -9999 -9999 -9999 -9999 -9999 -9999 -9999 -9999 -9999 56 56 45 35 24 29 32 27 23 22 24 22 19 16 13 10 6 3 3 2 -1 -6 -12 -19 -31 -31 -27 -35 -40 -43 -44 -43 -44 -43 -40 -39 -39 -39 -41 -47 -48 -51 -54 -54 -55 -56 -56 -49 -50 -45 -46 -31 -6 7 13 20 23 28 31 31 -9999 -9999 -9999 -9999 -9999 -9999 -9999 -9999 -9999 -9999
-9999 -9999 -9999 -9999 -9999 -9999 -9999 -9999 -9999 -9999 -9999 -9999 -9999 63 59 56 50 44 35 36 39 36 33 31 28 25 22 17 14 10 9 7 6 3 0 -1 -6 -15 -21 -27 -20 -20 -20 -25 -34 -39 -37 -45 -45 -41 -40 -36 -36 -38 -39 -41 -43 -46 -49 -48 -48 -46 -40 -34 -30 -32 -29 -7 8 19 23 26 31 -9999 -9999 -9999 -9999 -9999 -9999 -9999 -9999 -9999 -9999 -9999 -9999
-9999 -9999 -9999 -9999 -9999 -9999 -9999 -9999 -9999 -9999 -9999 -9999 66 61 58 54 46 42 43 43 42 37 34 33 31 29 26 19 14 14 10 8 5 2 -0 -4 -3 -3 -5 -9 -12 -12 -20 -23 -26 -30 -29 -38 -37 -39 -37 -33 -33 -34 -36 -38 -41 -42 -42 -42 -41 -39 -37 -35 -31 -23 -25 -11 8 20 22 26 31 -9999 -9999 -9999 -9999 -9999 -9999 -9999 46 44 48 -9999 -9999
-9999 -9999 -9999 -9999 -9999 -9999 -9999 -9999 -9999 -9999 -9999 69 65 60 57 51 44 40 46 46 43 39 37 36 33 31 27 23 19 14 12 10 7 6 3 4 4 2 -1 -4 -7 -12 -18 -23 -23 -29 -28 -31 -29 -28 -29 -30 -31 -33 -38 -42 -44 -45 -40 -37 -36 -35 -37 -42 -44 -29 -31 -6 11 14 17 25 30 35 -9999 -9999 -9999 -9999 44 37 31 33 40 -9999 -9999
-9999 -9999 -9999 -9999 -9999 -9999 -9999 -9999 -9999 -9999 -9999 67 64 59 57 45 37 43 49 47 44 42 40 37 34 30 25 21 16 16 12 11 10 9 7 7 4 1 -0 -3 -6 -12 -14 -18 -22 -21 -24 -25 -26 -26 -28 -28 -31 -36 -40 -43 -47 -48 -42 -36 -34 -38 -43 -44 -37 -31 -31 -12 2 6 7 22 25 30 36 -9999 -9999 -9999 42 31 32 38 45 -9999 -9999
-9999 -9999 -9999 -9999 -9999 -9999 -9999 -9999 -9999 -9999 -9999 -9999 61 58 56 42 43 51 51 48 44 41 37 33 31 28 23 20 20 16 11 10 9 6 6 2 -0 -2 -2 -6 -9 -6 -8 -10 -16 -21 -22 -24 -28 -22 -24 -25 -29 -32 -38 -41 -43 -46 -48 -46 -39 -38 -38 -36 -32 -30 -19 -20 -19 -9 -13 3 19 28 35 -9999 -9999 -9999 46 42 37 42 50 53 -9999
-9999 -9999 -9999 -9999 -9999 -9999 -9999 -9999 -9999 -9999 -9999 -9999 -9999 -9999 60 57 53 50 49 49 45 41 35 31 31 30 26 24 22 15 9 6 5 4 3 1 -3 -4 -8 -6 -5 -6 -7 -9 -15 -21 -20 -18 -18 -20 -22 -24 -28 -29 -33 -31 -40 -55 -49 -41 -32 -28 -25 -27 -28 -20 -15 -21 -20 -15 -1 19 32 35 38 45 -9999 -9999 48 43 44 45 -9999 -9999 -9999
-9999 -9999 -9999 -9999 -9999 -9999 -9999 -9999 -9999 -9999 -9999 -9999 -9999 -9999 -9999 62 53 52 54 50 47 43 38 35 31 30 28 26 23 17 9 3 2 1 -1 1 -3 -5 -6 -7 -8 -8 -9 -10 -10 -15 -17 -16 -10 -20 -22 -18 -16 -21 -19 -23 -36 -47 -31 -26 -20 -15 -14 -17 -17 -21 -13 -2 8 20 31 35 36 38 43 -9999 -9999 -9999 -9999 -9999 -9999 -9999 -9999 -9999 -9999
-9999 -9999 -9999 -9999 -9999 -9999 -9999 -9999 -9999 -9999 -9999 -9999 -9999 -9999 -9999 -9999 -9999 64 60 49 45 44 41 36 30 26 28 28 25 21 15 9 6 3 -1 -3 -4 -3 -2 -6 -6 -8 -7 -7 -8 -8 -5 -4 1 3 1 2 -7 -9 -15 -29 -48 -44 -38 -42 -26 -8 -6 -5 -10 -7 -1 13 20 30 36 39 41 45 48 -9999 -9999 -9999 -9999 -9999 -9999 -9999 -9999 -9999 -9999
-9999 -9999 -9999 -9999 -9999 -9999 -9999 -9999 -9999 -9999 -9999 -9999 -9999 -9999 -9999 -9999 -9999 65 59 47 40 44 42 36 30 31 31 28 26 20 14 9 1 -2 -3 2 1 -3 0 4 -0 -5 -1 3 6 14 14 16 17 17 13 3 -0 -3 -30 -42 -58 -56 -50 -40 -27 -15 -10 -5 4 7 13 19 27 34 39 43 45 -9999 -9999 -9999 -9999 -9999 -9999 -9999 -9999 -9999 -9999 -9999 -9999
-9999 -9999 -9999 -9999 -9999 -9999 -9999 -9999 -9999 -9999 -9999 -9999 -9999 -9999 -9999 -9999 -9999 68 59 47 44 44 40 35 32 32 32 28 28 21 14 8 6 9 7 4 7 3 -1 6 11 9 11 16 20 20 21 20 22 22 16 11 10 -2 -37 -56 -43 -36 -35 -30 -22 -25 -18 -0 3 6 11 22 29 43 45 -9999 -9999 -9999 -9999 -9999 -9999 -9999 -9999 -9999 -9999 -9999 -9999 -9999 -9999
-9999 -9999 -9999 -9999 -9999 -9999 -9999 -9999 -9999 -9999 -9999 -9999 -9999 -9999 -9999 -9999 -9999 -9999 63 49 44 42 38 34 34 35 34 33 31 28 27 24 17 14 16 14 18 17 16 21 24 24 21 20 22 21 22 19 7 11 -9 -21 -4 -5 -27 -19 -18 -25 -32 -27 -10 -3 -1 9 8 15 22 27 33 42 47 -9999 -9999 -9999 -9999 -9999 -9999 -9999 -9999 -9999 -9999 -9999 -9999 -9999 -9999
-9999 -9999 -9999 -9999 -9999 -9999 -9999 -9999 -9999 -9999 -9999 -9999 -9999 -9999 -9999 -9999 -9999 72 65 51 47 40 38 34 34 37 39 38 35 36 37 30 27 22 25 26 28 30 29 28 27 27 26 24 20 13 13 12 -4 -25 -16 -19 -17 -4 -5 -5 -17 -32 -31 -21 -11 7 3 16 21 22 27 32 39 46 -9999 -9999 -9999 -9999 -9999 -9999 -9999 -9999 -9999 -9999 -9999 -9999 -9999 -9999 -9999
-9999 -9999 -9999 -9999 -9999 -9999 -9999 -9999 -9999 -9999 -9999 -9999 -9999 -9999 -9999 -9999 -9999 72 66 50 42 42 36 30 32 35 39 43 42 44 46 42 38 35 35 32 33 31 33 32 31 31 30 28 24 11 3 -0 -8 -11 -11 -20 -14 -15 -34 -23 -18 -15 -1 8 13 20 27 35 38 -9999 -9999 48 -9999 -9999 -9999 -9999 -9999 -9999 -9999 -9999 -9999 -9999 -9999 -9999 -9999 -9999 -9999 -9999 -9999
-9999 -9999 -9999 -9999 -9999 -9999 -9999 -9999 -9999 -9999 -9999 -9999 -9999 -9999 -9999 -9999 -9999 71 63 49 44 46 44 36 29 35 43 49 51 52 53 48 44 42 41 39 37 38 38 35 34 31 24 26 25 18 13 6 3 5 -10 -31 -28 -20 -32 -44 -43 -31 -5 10 32 39 43 -9999 -9999 -9999 -9999 -9999 -9999 -9999 -9999 -9999 -9999 -9999 -9999 -9999 -9999 -9999 -9999 -9999 -9999 -9999 -9999 -9999 -9999
-9999 -9999 -9999 -9999 -9999 -9999 -9999 -9999 -9999 -9999 -9999 -9999 -9999 -9999 -9999 -9999 -9999 70 61 58 56 54 52 49 46 50 53 56 58 57 56 52 50 48 46 45 44 42 40 33 27 24 24 28 25 13 -3 -6 -1 -3 -11 -66 -82 -55 -45 -17 6 13 10 24 32 52 -9999 -9999 -9999 -9999 -9999 -9999 -9999 -9999 -9999 -9999 -9999 -9999 -9999 -9999 -9999 -9999 -9999 -9999 -9999 -9999 -9999 -9999 -9999
-9999 -9999 -9999 -9999 -9999 -9999 -9999 -9999 -9999 -9999 -9999 -9999 -9999 -9999 -9999 -9999 -9999 76 71 68 65 61 57 58 57 59 60 64 65 64 61 58 55 52 51 49 46 44 41 32 23 14 25 32 22 14 20 4 -11 -16 1 -18 -21 3 -10 -20 14 35 33 41 50 57 -9999 -9999 -9999 -9999 -9999 -9999 -9999 -9999 -9999 -9999 -9999 -9999 -9999 -9999 -9999 -9999 -9999 -9999 -9999 -9999 -9999 -9999 -9999
-9999 -9999 -9999 -9999 -9999 80 -9999 -9999 -9999 -9999 -9999 -9999 -9999 -9999 -9999 -9999 -9999 -9999 -9999 -9999 -9999 -9999 68 68 -9999 -9999 -9999 -9999 -9999 68 67 64 60 56 54 53 51 48 42 15 14 3 18 51 53 50 48 55 46 40 44 30 34 37 47 48 55 62 59 55 60 -9999 -9999 -9999 -9999 -9999 -9999 -9999 -9999 -9999 -9999 -9999 -9999 -9999 -9999 -9999 -9999 -9999 -9999 -9999 -9999 -9999 -9999 -9999 -9999
-9999 -9999 80 85 -9999 -9999 -9999 -9999 -9999 -9999 -9999 -9999 -9999 -9999 -9999 -9999 -9999 -9999 -9999 -9999 -9999 -9999 -9999 -9999 -9999 -9999 -9999 -9999 -9999 -9999 -9999 69 66 64 64 60 56 49 39 28 27 22 37 50 56 71 74 76 74 -9999 -9999 -9999 -9999 -9999 68 65 65 -9999 -9999 68 -9999 -9999 -9999 -9999 -9999 -9999 -9999 -9999 -9999 -9999 -9999 -9999 -9999 -9999 -9999 -9999 -9999 -9999 66 60 59 55 49 50 54
-9999 -9999 -9999 -9999 -9999 -9999 -9999 -9999 -9999 -9999 -9999 -9999 -9999 -9999 -9999 -9999 -9999 -9999 -9999 -9999 -9999 -9999 -9999 -9999 -9999 -9999 -9999 -9999 -9999 -9999 -9999 76 73 71 70 64 59 59 46 58 55 69 73 73 73 78 -9999 -9999 -9999 -9999 -9999 -9999 -9999 -9999 -9999 -9999 -9999 -9999 -9999 -9999 -9999 -9999 -9999 -9999 -9999 -9999 -9999 -9999 -9999 -9999 -9999 -9999 -9999 -9999 -9999 -9999 57 46 41 46 34 35 28 22 23
-9999 -9999 -9999 -9999 -9999 -9999 -9999 -9999 -9999 -9999 -9999 -9999 -9999 -9999 -9999 -9999 -9999 -9999 -9999 -9999 -9999 -9999 -9999 -9999 -9999 -9999 -9999 -9999 -9999 -9999 -9999 -9999 78 75 73 68 64 60 53 65 73 78 -9999 -9999 -9999 -9999 -9999 -9999 -9999 -9999 -9999 -9999 -9999 -9999 -9999 -9999 -9999 -9999 -9999 -9999 -9999 -9999 -9999 -9999 -9999 -9999 -9999 -9999 -9999 -9999 -9999 -9999 -9999 71 61 51 41 34 38 40 37 36 35 31 32
-9999 -9999 -9999 -9999 -9999 -9999 -9999 -9999 -9999 -9999 -9999 -9999 -9999 -9999 -9999 -9999 -9999 -9999 -9999 -9999 -9999 -9999 -9999 -9999 -9999 -9999 -9999 -9999 -9999 -9999 -9999 -9999 80 76 74 74 73 66 55 69 78 -9999 -9999 -9999 -9999 -9999 -9999 -9999 -9999 -9999 -9999 -9999 -9999 -9999 -9999 -9999 -9999 -9999 -9999 -9999 -9999 -9999 -9999 -9999 -9999 -9999 -9999 -9999 -9999 -9999 -9999 75 70 58 49 40 37 38 40 37 31 29 22 24 22
-9999 -9999 -9999 -9999 -9999 -9999 -9999 -9999 -9999 -9999 -9999 -9999 -9999 -9999 -9999 -9999 -9999 -9999 -9999 -9999 -9999 -9999 -9999 -9999 -9999 -9999 -9999 -9999 -9999 -9999 -9999 -9999 -9999 81 80 80 83 77 64 61 73 -9999 -9999 -9999 -9999 -9999 -9999 -9999 -9999 -9999 -9999 -9999 -9999 74 72 76 -9999 -9999 -9999 -9999 -9999 -9999 -9999 -9999 -9999 -9999 -9999 -9999 74 54 66 68 58 49 44 50 45 38 31 26 20 11 10 0 -7
-9999 -9999 -9999 -9999 -9999 -9999 -9999 -9999 -9999 -9999 -9999 -9999 -9999 -9999 -9999 -9999 -9999 -9999 -9999 -9999 -9999 -9999 -9999 -9999 -9999 -9999 -9999 -9999 -9999 -9999 -9999 -9999 -9999 -9999 76 77 73 66 55 55 69 81 -9999 -9999 -9999 -9999 -9999 -9999 -9999 -9999 -9999 -9999 -9999 -9999 -9999 -9999 -9999 -9999 -9999 -9999 -9999 -9999 -9999 77 -9999 70 64 61 64 54 58 61 59 51 45 44 34 29 27 17 9 10 4 -4 -3
-9999 -9999 -9999 -9999 -9999 -9999 -9999 -9999 -9999 -9999 -9999 -9999 -9999 -9999 -9999 -9999 -9999 -9999 -9999 -9999 -9999 -9999 -9999 -9999 -9999 -9999 -9999 -9999 -9999 -9999 -9999 -9999 -9999 74 71 68 66 61 53 55 66 78 82 -9999 -9999 -9999 -9999 -9999 -9999 81 -9999 -9999 -9999 -9999 -9999 -9999 78 76 -9999 -9999 -9999 -9999 -9999 80 70 56 52 56 54 47 52 54 50 34 31 37 27 18 15 18 11 5 0 -1 1
-9999 -9999 -9999 -9999 -9999 -9999 -9999 -9999 -9999 -9999 -9999 -9999 -9999 -9999 -9999 -9999 -9999 -9999 -9999 -9999 -9999 -9999 -9999 -9999 -9999 -9999 -9999 -9999 -9999 -9999 -9999 -9999 -9999 70 65 56 54 46 35 37 34 63 77 83 -9999 84 78 81 -9999 79 76 80 78 73 70 77 79 78 -9999 -9999 -9999 -9999 75 72 65 57 56 51 34 30 35 36 31 26 27 28 27 20 12 6 2 0 -2 -0 1
-9999 -9999 -9999 -9999 -9999 -9999 -9999 -9999 -9999 -9999 -9999 -9999 -9999 -9999 -9999 -9999 -9999 -9999 -9999 -9999 -9999 -9999 -9999 -9999 -9999 -9999 -9999 -9999 -9999 -9999 -9999 -9999 -9999 69 59 44 42 37 28 16 21 10 45 64 72 76 68 61 64 60 63 67 65 60 66 72 74 69 69 70 69 68 59 58 47 40 34 25 27 25 23 33 29 22 12 20 13 9 5 2 -1 -4 -6 -4 2
-9999 -9999 -9999 -9999 -9999 -9999 -9999 -9999 -9999 -9999 -9999 -9999 -9999 -9999 -9999 -9999 -9999 -9999 -9999 -9999 -9999 -9999 -9999 -9999 -9999 -9999 -9999 -9999 -9999 -9999 -9999 -9999 71 65 54 45 45 40 38 30 16 -4 3 16 29 41 43 40 44 34 32 38 54 57 67 67 60 60 57 54 52 41 42 48 42 34 21 21 17 18 24 28 25 19 12 14 12 8 -3 -6 -9 -14 -19 -12 -2
-9999 -9999 -9999 -9999 -9999 -9999 -9999 -9999 -9999 -9999 -9999 -9999 -9999 -9999 -9999 -9999 -9999 -9999 -9999 -9999 -9999 -9999 -9999 -9999 -9999 -9999 -9999 -9999 -9999 -9999 -9999 74 71 63 52 45 45 48 43 34 27 28 22 -7 -20 -17 0 -6 10 15 28 39 44 47 57 63 62 53 37 33 31 27 36 32 21 18 11 7 8 6 15 19 14 11 3 1 5 1 -5 -7 -10 -13 -14 -13 -7
-9999 -9999 -9999 -9999 -9999 -9999 -9999 -9999 -9999 -9999 -9999 -9999 -9999 -9999 -9999 -9999 -9999 -9999 -9999 -9999 -9999 -9999 -9999 -9999 -9999 -9999 -9999 -9999 -9999 -9999 -9999 73 67 61 54 50 47 45 46 39 38 39 30 13 4 -12 -1 -3 -10 -2 23 30 37 40 53 54 32 21 16 22 28 26 20 2 -8 -7 -5 -2 -5 -2 3 3 4 -3 -6 -4 -1 -2 -4 -5 -7 -8 -9 -7 -4
-9999 -9999 -9999 -9999 -9999 -9999 -9999 -9999 -9999 -9999 -9999 -9999 -9999 -9999 -9999 -9999 -9999 -9999 -9999 -9999 -9999 -9999 -9999 -9999 -9999 -9999 -9999 -9999 -9999 -9999 -9999 74 68 63 60 55 52 54 54 50 49 45 38 36 32 17 8 -0 -0 5 -1 13 34 51 57 50 35 27 18 13 11 -2 -10 -4 -1 -7 -8 -10 -10 -7 -10 -7 -4 -4 -3 -3 -2 -1 -2 -4 -5 -6 -8 -7 -8
-9999 -9999 -9999 -9999 -9999 -9999 -9999 -9999 -9999 -9999 -9999 -9999 -9999 -9999 -9999 -9999 -9999 -9999 -9999 -9999 -9999 -9999 -9999 -9999 -9999 -9999 -9999 -9999 -9999 -9999 -9999 75 67 69 66 61 58 59 60 56 51 46 42 40 37 32 19 12 12 18 16 33 44 47 48 31 13 11 1 -3 -3 -6 -12 -6 -3 -6 -8 -9 -10 -9 -5 -3 -2 -2 -1 -0 -0 -1 -2 -5 -7 -9 -10 -13 -12
-9999 -9999 -9999 -9999 -9999 -9999 -9999 -9999 -9999 -9999 -9999 -9999 -9999 -9999 -9999 -9999 -9999 -9999 -9999 -9999 -9999 -9999 -9999 -9999 -9999 -9999 -9999 -9999 79 78 78 71 63 68 66 64 60 62 56 58 51 42 43 42 35 30 29 24 23 25 32 36 39 36 31 16 4 4 5 1 -3 -2 -3 -6 -9 -10 -9 -7 -5 -3 -2 -2 -2 -1 -0 0 -2 -2 -6 -8 -9 -13 -16 -18 -25
-9999 -9999 -9999 -9999 -9999 -9999 -9999 -9999 -9999 -9999 -9999 -9999 -9999 -9999 -9999 -9999 -9999 -9999 -9999 -9999 -9999 -9999 -9999 -9999 -9999 77 76 75 76 77 76 65 59 59 58 57 56 46 44 32 43 34 37 36 38 30 7 -14 3 19 23 30 26 19 13 4 -0 -1 2 7 2 -2 -6 -6 -6 -5 -4 -2 -1 1 2 1 -0 -1 -1 -1 -3 -6 -10 -12 -14 -19 -23 -29 -35
