resultados/variables_proyeccion_tiempo/variables_paleo_21k/bio6.asc
ncols 330
nrows 228
xllcorner -12.000000
yllcorner 34.000000
cellsize 0.166667
NODATA_value -9999
[rows 152 to 189 of 228, columns 0 to 84 of 330]
-9999 -9999 -9999 -9999 -9999 -9999 -9999 -9999 -9999 -9999 -9999 -9999 -9999 -9999 -9999 -9999 -9999 -9999 -9999 -9999 -9999 -9999 -9999 -9999 -9999 -9999 -9999 -9999 -9999 -9999 -9999 -9999 -9999 -9999 -9999 -9999 -9999 -9999 -9999 -9999 -9999 -9999 -9999 6 3 3 1 0 -3 -7 -11 -16 -20 -24 -28 -33 -37 -41 -46 -49 -53 -58 -62 -66 -69 -72 -77 -82 -88 -93 -97 -100 -101 -103 -104 -106 -109 -110 -112 -114 -118 -121 -124 -127 -129
-9999 -9999 -9999 -9999 -9999 -9999 -9999 -9999 -9999 -9999 -9999 -9999 -9999 -9999 -9999 -9999 -9999 -9999 -9999 -9999 -9999 -9999 -9999 -9999 -9999 -9999 -9999 -9999 -9999 -9999 -9999 -9999 -9999 -9999 -9999 -9999 -9999 -9999 -9999 -9999 -9999 -9999 -9999 -9999 6 8 5 1 1 -2 -5 -9 -13 -17 -21 -26 -30 -34 -38 -42 -45 -49 -52 -55 -58 -62 -67 -71 -77 -82 -88 -92 -96 -97 -100 -102 -104 -106 -109 -112 -117 -120 -125 -128 -130
-9999 -9999 -9999 -9999 -9999 -9999 -9999 -9999 -9999 -9999 -9999 -9999 -9999 -9999 -9999 -9999 -9999 -9999 -9999 -9999 -9999 -9999 -9999 -9999 -9999 -9999 -9999 -9999 -9999 -9999 -9999 -9999 -9999 -9999 -9999 -9999 -9999 -9999 -9999 -9999 -9999 -9999 -9999 -9999 -9999 -9999 12 7 3 0 -2 -4 -8 -12 -16 -20 -25 -29 -32 -36 -38 -41 -44 -48 -51 -56 -60 -65 -70 -76 -82 -88 -90 -93 -96 -98 -101 -105 -108 -112 -116 -120 -124 -126 -129
-9999 -9999 -9999 -9999 -9999 -9999 -9999 -9999 -9999 -9999 -9999 -9999 -9999 -9999 -9999 -9999 -9999 -9999 -9999 -9999 -9999 -9999 -9999 -9999 -9999 -9999 -9999 -9999 -9999 -9999 -9999 -9999 -9999 -9999 -9999 -9999 -9999 -9999 -9999 -9999 -9999 -9999 -9999 -9999 -9999 -9999 -9999 9 3 -1 -2 -1 -3 -8 -12 -15 -19 -23 -27 -30 -33 -36 -39 -43 -47 -51 -56 -62 -67 -72 -77 -82 -86 -89 -93 -96 -99 -104 -106 -110 -116 -120 -123 -128 -128
-9999 -9999 -9999 -9999 -9999 -9999 -9999 -9999 -9999 -9999 -9999 -9999 -9999 -9999 -9999 -9999 -9999 -9999 -9999 -9999 -9999 -9999 -9999 -9999 -9999 -9999 -9999 -9999 -9999 -9999 -9999 -9999 -9999 -9999 -9999 -9999 -9999 -9999 -9999 -9999 -9999 -9999 -9999 -9999 -9999 -9999 -9999 -9999 13 5 1 -1 -2 -6 -9 -12 -14 -17 -22 -25 -28 -32 -35 -39 -44 -48 -53 -58 -64 -68 -74 -78 -81 -84 -89 -93 -97 -100 -104 -109 -111 -116 -122 -129 -131
-9999 -9999 -9999 -9999 -9999 -9999 -9999 -9999 -9999 -9999 -9999 -9999 -9999 -9999 -9999 -9999 -9999 -9999 -9999 -9999 -9999 -9999 -9999 -9999 -9999 -9999 -9999 -9999 -9999 -9999 -9999 -9999 -9999 -9999 -9999 -9999 -9999 -9999 -9999 -9999 -9999 -9999 -9999 -9999 -9999 -9999 -9999 -9999 -9999 12 3 -1 -3 -3 -6 -8 -10 -14 -17 -21 -25 -29 -33 -37 -42 -47 -52 -57 -62 -66 -69 -75 -77 -82 -86 -93 -97 -100 -102 -104 -108 -113 -120 -129 -136
-9999 -9999 -9999 -9999 -9999 -9999 -9999 -9999 -9999 -9999 -9999 -9999 -9999 -9999 -9999 -9999 -9999 -9999 -9999 -9999 -9999 -9999 -9999 -9999 -9999 -9999 -9999 -9999 -9999 -9999 -9999 -9999 -9999 -9999 -9999 -9999 -9999 -9999 -9999 -9999 -9999 -9999 -9999 -9999 -9999 -9999 -9999 -9999 -9999 -9999 -9999 3 -0 0 -1 -5 -7 -11 -14 -19 -22 -27 -31 -36 -41 -46 -51 -56 -60 -64 -69 -73 -76 -82 -85 -89 -95 -100 -103 -105 -108 -113 -118 -130 -135
-9999 -9999 -9999 -9999 -9999 -9999 -9999 -9999 -9999 -9999 -9999 -9999 -9999 -9999 -9999 -9999 -9999 -9999 -9999 -9999 -9999 -9999 -9999 -9999 -9999 -9999 -9999 -9999 -9999 -9999 -9999 -9999 -9999 -9999 -9999 -9999 -9999 -9999 -9999 -9999 -9999 -9999 -9999 -9999 -9999 -9999 -9999 -9999 -9999 -9999 -9999 -9999 4 2 0 -5 -8 -10 -13 -17 -21 -25 -30 -35 -40 -46 -50 -55 -60 -65 -70 -74 -78 -80 -83 -87 -89 -94 -98 -102 -105 -108 -113 -123 -124
-9999 -9999 -9999 -9999 -9999 -9999 -9999 -9999 -9999 -9999 -9999 -9999 -9999 -9999 -9999 -9999 -9999 -9999 -9999 -9999 -9999 -9999 -9999 -9999 -9999 -9999 -9999 -9999 -9999 -9999 -9999 -9999 -9999 -9999 -9999 -9999 -9999 -9999 -9999 -9999 -9999 -9999 -9999 -9999 -9999 -9999 -9999 -9999 -9999 -9999 -9999 -9999 -9999 0 -0 -8 -11 -13 -14 -16 -19 -24 -29 -35 -41 -46 -51 -54 -59 -65 -70 -73 -75 -78 -83 -85 -88 -90 -94 -97 -97 -103 -109 -115 -118
-9999 -9999 -9999 -9999 -9999 -9999 -9999 -9999 -9999 -9999 -9999 -9999 -9999 -9999 -9999 -9999 -9999 -9999 -9999 -9999 -9999 -9999 -9999 -9999 -9999 -9999 -9999 -9999 -9999 -9999 -9999 -9999 -9999 -9999 -9999 -9999 -9999 -9999 -9999 -9999 -9999 -9999 -9999 -9999 -9999 -9999 -9999 -9999 -9999 -9999 -9999 -9999 -9999 -9999 -9999 -3 -6 -9 -15 -17 -18 -23 -29 -35 -42 -48 -52 -56 -60 -64 -68 -70 -74 -78 -81 -85 -89 -92 -92 -94 -97 -100 -106 -109 -116
-9999 -9999 -9999 -9999 -9999 -9999 -9999 -9999 -9999 -9999 -9999 -9999 -9999 -9999 -9999 -9999 -9999 -9999 -9999 -9999 -9999 -9999 -9999 -9999 -9999 -9999 -9999 -9999 -9999 -9999 -9999 -9999 -9999 -9999 -9999 -9999 -9999 -9999 -9999 -9999 -9999 -9999 -9999 -9999 -9999 -9999 -9999 -9999 -9999 -9999 -9999 -9999 -9999 -9999 -9999 -9999 -9999 -9999 -9 -17 -20 -23 -28 -34 -42 -49 -54 -58 -61 -65 -67 -72 -74 -77 -80 -84 -87 -88 -91 -94 -95 -98 -100 -105 -118
-9999 -9999 -9999 -9999 -9999 -9999 -9999 -9999 -9999 -9999 -9999 -9999 -9999 -9999 -9999 -9999 -9999 -9999 -9999 -9999 -9999 -9999 -9999 -9999 -9999 -9999 -9999 -9999 -9999 -9999 -9999 -9999 -9999 -9999 -9999 -9999 -9999 -9999 -9999 -9999 -9999 -9999 -9999 -9999 -9999 -9999 -9999 -9999 -9999 -9999 -9999 -9999 -9999 -9999 -9999 -9999 -9999 -9999 -9999 -12 -20 -24 -28 -35 -44 -50 -56 -60 -63 -67 -71 -73 -76 -79 -81 -83 -86 -90 -92 -93 -96 -100 -103 -108 -113
-9999 -9999 -9999 -9999 -9999 -9999 -9999 -9999 -9999 -9999 -9999 -9999 -9999 -9999 -9999 -9999 -9999 -9999 -9999 -9999 -9999 -9999 -9999 -9999 -9999 -9999 -9999 -9999 -9999 -9999 -9999 -9999 -9999 -9999 -9999 -9999 -9999 -9999 -9999 -9999 -9999 -9999 -9999 -9999 -9999 -9999 -9999 -9999 -9999 -9999 -9999 -9999 -9999 -9999 -9999 -9999 -9999 -9999 -9999 -9999 -14 -21 -28 -35 -45 -51 -56 -62 -66 -68 -71 -73 -76 -78 -81 -83 -86 -90 -92 -95 -98 -101 -101 -102 -103
-9999 -9999 -9999 -9999 -9999 -9999 -9999 -9999 -9999 -9999 -9999 -9999 -9999 -9999 -9999 -9999 -9999 -9999 -9999 -9999 -9999 -9999 -9999 -9999 -9999 -9999 -9999 -9999 -9999 -9999 -9999 -9999 -9999 -9999 -9999 -9999 -9999 -9999 -9999 -9999 -9999 -9999 -9999 -9999 -9999 -9999 -9999 -9999 -9999 -9999 -9999 -9999 -9999 -9999 -9999 -9999 -9999 -9999 -9999 -9999 -13 -19 -27 -35 -46 -53 -58 -63 -67 -70 -74 -78 -78 -78 -81 -83 -85 -88 -92 -94 -95 -97 -100 -102 -105
-9999 -9999 -9999 -9999 -9999 -9999 -9999 -9999 -9999 -9999 -9999 -9999 -9999 -9999 -9999 -9999 -9999 -9999 -9999 -9999 -9999 -9999 -9999 -9999 -9999 -9999 -9999 -9999 -9999 -9999 -9999 -9999 -9999 -9999 -9999 -9999 -9999 -9999 -9999 -9999 -9999 -9999 -9999 -9999 -9999 -9999 -9999 -9999 -9999 -9999 -9999 -9999 -9999 -9999 -9999 -9999 -9999 -9999 -9999 -9999 -12 -20 -26 -35 -46 -53 -60 -64 -70 -74 -77 -79 -80 -81 -82 -84 -87 -89 -91 -92 -94 -95 -100 -101 -104
-9999 -9999 -9999 -9999 -9999 -9999 -9999 -9999 -9999 -9999 -9999 -9999 -9999 -9999 -9999 -9999 -9999 -9999 -9999 -9999 -9999 -9999 -9999 29 27 24 20 17 15 -9999 -9999 -9999 -9999 -9999 -9999 -9999 -9999 -9999 -9999 -9999 -9999 -9999 -9999 -9999 -9999 -9999 -9999 -9999 -9999 -9999 -9999 -9999 -9999 -9999 -9999 -9999 -9999 -9999 -9999 -9999 -12 -20 -26 -35 -46 -54 -60 -66 -71 -75 -78 -80 -82 -81 -83 -85 -85 -86 -88 -88 -91 -92 -98 -96 -99
-9999 -9999 -9999 -9999 -9999 -9999 -9999 -9999 -9999 -9999 -9999 -9999 -9999 -9999 -9999 -9999 -9999 -9999 -9999 -9999 -9999 31 29 26 23 20 17 14 13 12 9 9 8 -9999 -9999 -9999 7 6 8 -9999 -9999 -9999 -9999 -9999 -9999 -9999 -9999 -9999 -9999 -9999 -9999 -9999 -9999 -9999 -9999 -9999 -9999 -9999 -9999 -9999 -11 -17 -26 -36 -46 -54 -60 -64 -70 -74 -77 -80 -82 -82 -84 -85 -87 -90 -90 -89 -90 -92 -93 -92 -92
-9999 -9999 -9999 -9999 -9999 -9999 -9999 -9999 -9999 -9999 -9999 -9999 -9999 -9999 -9999 -9999 -9999 -9999 -9999 -9999 31 28 26 19 9 8 6 7 8 8 6 3 2 3 3 9 1 1 1 1 0 1 1 -4 -5 -9999 -9999 -9999 -9999 -9999 -9999 -9999 -9999 -9999 -9999 -9999 -9999 -9999 -9999 -9999 -9 -14 -24 -36 -45 -51 -57 -63 -69 -74 -77 -79 -82 -83 -85 -86 -87 -88 -92 -90 -90 -90 -89 -90 -90
-9999 -9999 -9999 -9999 -9999 -9999 -9999 -9999 -9999 -9999 -9999 -9999 -9999 -9999 -9999 -9999 -9999 -9999 37 33 29 27 18 7 -2 -13 -14 -9 -1 1 -3 -5 -8 -10 -12 -9 -11 -10 -8 -9 -7 -5 -4 -7 -8 -9999 -2 -4 -2 -2 -5 -3 -2 -4 -2 -2 -1 1 -0 -4 -6 -14 -24 -37 -44 -51 -57 -63 -69 -75 -78 -80 -81 -84 -85 -86 -88 -88 -89 -90 -88 -89 -89 -88 -86
-9999 -9999 -9999 -9999 -9999 -9999 -9999 -9999 -9999 -9999 -9999 -9999 -9999 -9999 -9999 -9999 40 37 33 27 25 21 14 -2 -13 -20 -30 -24 -19 -20 -35 -32 -38 -39 -35 -25 -26 -24 -31 -28 -29 -26 -27 -32 -19 -14 -16 -15 -14 -14 -18 -16 -13 -9 -13 -14 -10 -4 -6 -9 -14 -21 -31 -40 -48 -52 -58 -64 -69 -74 -80 -83 -82 -84 -85 -87 -88 -88 -90 -87 -87 -87 -86 -85 -91
-9999 -9999 -9999 -9999 -9999 -9999 -9999 -9999 -9999 -9999 -9999 -9999 -9999 -9999 -9999 43 38 31 21 17 10 7 9 -6 -18 -18 -19 -25 -29 -42 -38 -53 -49 -48 -55 -54 -52 -43 -53 -57 -66 -64 -86 -81 -57 -48 -44 -37 -35 -47 -53 -36 -37 -28 -22 -20 -27 -24 -22 -21 -28 -43 -50 -59 -58 -60 -63 -68 -72 -75 -79 -86 -85 -86 -89 -89 -89 -89 -87 -86 -86 -84 -84 -82 -78
-9999 -9999 -9999 -9999 -9999 -9999 -9999 -9999 -9999 -9999 -9999 -9999 -9999 -9999 -9999 42 31 18 11 4 -0 -2 -6 -13 -20 -21 -21 -30 -40 -45 -44 -62 -62 -80 -86 -91 -82 -76 -86 -99 -96 -95 -107 -102 -81 -97 -83 -69 -67 -72 -73 -63 -50 -41 -40 -51 -42 -40 -39 -42 -60 -64 -68 -79 -80 -91 -80 -84 -92 -96 -97 -94 -97 -95 -97 -93 -90 -88 -89 -89 -87 -85 -83 -82 -79
-9999 -9999 -9999 -9999 -9999 -9999 -9999 -9999 -9999 -9999 -9999 -9999 -9999 -9999 -9999 43 32 16 10 9 5 -2 -5 -10 -20 -25 -25 -28 -42 -44 -57 -74 -79 -87 -94 -98 -96 -97 -95 -98 -94 -96 -99 -112 -102 -95 -90 -79 -76 -72 -64 -61 -66 -64 -62 -55 -54 -64 -64 -70 -74 -66 -74 -85 -94 -101 -109 -128 -117 -131 -139 -124 -144 -136 -120 -112 -112 -114 -104 -97 -107 -94 -97 -88 -85
-9999 -9999 -9999 -9999 -9999 -9999 -9999 -9999 -9999 -9999 -9999 -9999 -9999 -9999 -9999 45 40 29 20 13 12 2 -6 -15 -24 -26 -31 -34 -51 -59 -68 -65 -63 -80 -88 -88 -83 -84 -81 -82 -84 -86 -89 -91 -89 -85 -81 -82 -79 -77 -78 -66 -66 -63 -56 -60 -68 -71 -75 -74 -72 -67 -74 -77 -81 -90 -97 -111 -129 -144 -151 -155 -156 -146 -147 -135 -128 -147 -143 -129 -132 -118 -112 -113 -103
-9999 -9999 -9999 -9999 -9999 -9999 -9999 -9999 -9999 -9999 -9999 -9999 -9999 -9999 -9999 45 41 35 28 25 10 -10 -20 -23 -31 -27 -29 -32 -49 -63 -57 -48 -53 -67 -79 -76 -75 -77 -74 -74 -77 -80 -84 -85 -83 -80 -79 -80 -82 -83 -76 -70 -68 -66 -58 -63 -68 -68 -64 -63 -60 -65 -77 -76 -74 -83 -86 -92 -100 -108 -117 -122 -124 -129 -140 -147 -147 -155 -134 -123 -148 -140 -143 -143 -122
-9999 -9999 -9999 -9999 -9999 -9999 -9999 -9999 -9999 -9999 -9999 -9999 -9999 -9999 -9999 -9999 45 39 34 24 14 -14 -18 -16 -21 -28 -33 -40 -42 -50 -53 -63 -78 -89 -78 -71 -69 -72 -71 -72 -76 -76 -80 -80 -80 -78 -77 -77 -80 -79 -80 -81 -78 -77 -70 -63 -67 -62 -61 -59 -60 -60 -64 -68 -79 -86 -94 -88 -94 -95 -104 -106 -93 -98 -106 -115 -109 -123 -113 -118 -103 -120 -116 -99 -122
-9999 -9999 -9999 -9999 -9999 -9999 -9999 -9999 -9999 -9999 -9999 -9999 -9999 -9999 -9999 -9999 47 42 35 24 13 -5 -18 -13 -22 -30 -42 -58 -62 -55 -76 -90 -84 -86 -79 -69 -67 -67 -68 -73 -72 -73 -76 -78 -78 -78 -77 -79 -78 -79 -82 -92 -103 -103 -100 -88 -90 -91 -84 -69 -61 -57 -61 -63 -67 -72 -78 -76 -82 -91 -97 -96 -90 -85 -88 -93 -92 -89 -98 -97 -88 -110 -103 -92 -83
-9999 -9999 -9999 -9999 -9999 -9999 -9999 -9999 -9999 -9999 -9999 -9999 -9999 -9999 -9999 -9999 44 40 29 15 17 3 -17 -33 -32 -33 -38 -49 -54 -61 -78 -78 -70 -70 -67 -65 -65 -65 -65 -68 -68 -71 -72 -74 -77 -80 -78 -77 -76 -78 -83 -85 -90 -103 -105 -110 -108 -104 -98 -86 -71 -61 -57 -63 -61 -63 -68 -65 -68 -68 -73 -73 -73 -76 -84 -83 -84 -76 -80 -74 -76 -76 -75 -58 -59
-9999 -9999 -9999 -9999 -9999 -9999 -9999 -9999 -9999 -9999 -9999 -9999 -9999 -9999 -9999 -9999 39 37 29 16 0 -6 -24 -27 -38 -42 -36 -34 -45 -51 -58 -61 -60 -64 -66 -65 -62 -62 -62 -63 -65 -68 -70 -74 -76 -76 -78 -80 -79 -79 -82 -87 -86 -91 -99 -100 -99 -97 -101 -91 -83 -72 -64 -55 -54 -65 -68 -59 -66 -62 -63 -66 -63 -65 -72 -72 -72 -67 -59 -55 -60 -54 -45 -39 -46
-9999 -9999 -9999 -9999 -9999 -9999 -9999 -9999 -9999 -9999 -9999 -9999 -9999 -9999 -9999 -9999 37 34 27 12 8 -1 -17 -31 -35 -38 -32 -32 -38 -39 -54 -51 -52 -58 -60 -62 -60 -59 -60 -62 -64 -68 -70 -69 -70 -73 -75 -76 -73 -74 -74 -77 -81 -85 -89 -92 -92 -90 -93 -94 -103 -98 -76 -62 -53 -50 -53 -54 -64 -66 -59 -57 -55 -58 -58 -60 -54 -49 -47 -48 -49 -48 -32 -27 -38
-9999 -9999 -9999 -9999 -9999 -9999 -9999 -9999 -9999 -9999 -9999 -9999 -9999 -9999 -9999 -9999 37 29 24 16 9 4 -6 -22 -27 -27 -31 -34 -24 -30 -44 -46 -46 -53 -56 -57 -57 -56 -58 -60 -61 -62 -63 -61 -65 -69 -71 -70 -72 -73 -75 -76 -75 -77 -81 -83 -87 -88 -90 -92 -94 -90 -75 -64 -57 -60 -53 -48 -49 -55 -60 -58 -54 -51 -51 -50 -48 -44 -44 -48 -45 -31 -26 -17 -13
-9999 -9999 -9999 -9999 -9999 -9999 -9999 -9999 -9999 -9999 -9999 -9999 -9999 -9999 -9999 -9999 -9999 32 25 18 9 2 -5 -16 -16 -35 -33 -27 -23 -30 -37 -37 -44 -48 -51 -54 -55 -55 -56 -57 -57 -58 -60 -60 -63 -66 -68 -69 -72 -80 -76 -77 -81 -83 -83 -83 -85 -87 -85 -84 -84 -78 -75 -72 -64 -65 -66 -54 -44 -44 -51 -50 -46 -47 -44 -48 -50 -48 -44 -36 -36 -25 -9 -6 3
-9999 -9999 -9999 -9999 -9999 -9999 -9999 -9999 -9999 -9999 -9999 -9999 -9999 -9999 -9999 -9999 41 33 26 18 7 -1 -4 -7 -24 -17 -21 -22 -30 -20 -27 -38 -41 -45 -50 -53 -57 -59 -59 -57 -57 -58 -58 -59 -60 -62 -64 -66 -69 -73 -78 -95 -94 -93 -86 -84 -89 -88 -80 -80 -80 -78 -78 -86 -82 -78 -69 -58 -47 -41 -39 -37 -38 -40 -39 -33 -41 -45 -35 -10 -8 0 4 5 14
-9999 -9999 -9999 -9999 -9999 -9999 -9999 -9999 -9999 -9999 -9999 -9999 -9999 -9999 -9999 -9999 40 32 26 21 8 4 -2 -13 -20 -17 -20 -23 -20 -17 -24 -30 -40 -44 -48 -50 -52 -54 -56 -57 -56 -57 -58 -60 -62 -62 -63 -67 -77 -84 -86 -90 -83 -82 -78 -78 -86 -90 -96 -96 -94 -92 -92 -87 -90 -90 -75 -69 -56 -50 -43 -40 -40 -38 -38 -23 -26 -20 -0 7 13 17 19 17 22
-9999 -9999 -9999 -9999 -9999 -9999 -9999 -9999 -9999 -9999 -9999 -9999 -9999 -9999 -9999 -9999 39 32 26 22 11 -0 -10 -15 -22 -26 -24 -29 -22 -20 -25 -31 -36 -40 -44 -48 -50 -52 -53 -54 -56 -60 -60 -60 -63 -65 -64 -72 -91 -81 -67 -67 -66 -65 -69 -77 -83 -88 -90 -96 -95 -94 -92 -90 -88 -94 -84 -70 -64 -59 -47 -48 -44 -42 -29 -21 -13 2 10 14 20 -9999 -9999 -9999 -9999
-9999 -9999 -9999 -9999 -9999 -9999 -9999 -9999 -9999 -9999 -9999 -9999 -9999 -9999 -9999 -9999 36 32 27 23 17 4 -5 -6 -10 -14 -17 -20 -19 -21 -26 -29 -34 -38 -41 -46 -50 -54 -52 -54 -58 -66 -67 -67 -69 -74 -76 -81 -78 -63 -53 -56 -57 -60 -70 -73 -73 -81 -90 -93 -96 -97 -97 -86 -91 -91 -89 -83 -78 -65 -52 -54 -56 -52 -18 -4 2 8 13 19 23 -9999 -9999 -9999 -9999
-9999 -9999 -9999 -9999 -9999 -9999 -9999 -9999 -9999 -9999 -9999 -9999 -9999 -9999 -9999 46 42 37 31 25 20 13 -5 -3 -1 -5 -9 -17 -22 -24 -26 -27 -28 -35 -47 -49 -47 -50 -52 -60 -68 -76 -72 -72 -72 -73 -73 -57 -52 -46 -45 -48 -51 -60 -66 -67 -72 -79 -86 -96 -102 -106 -102 -90 -82 -82 -86 -85 -86 -78 -59 -57 -47 -22 -6 1 8 12 17 21 25 -9999 -9999 -9999 -9999
-9999 -9999 -9999 -9999 -9999 -9999 -9999 -9999 -9999 -9999 -9999 -9999 -9999 -9999 53 48 43 40 33 26 20 15 8 8 3 -6 -32 -19 -17 -21 -26 -26 -30 -37 -36 -30 -37 -54 -57 -62 -80 -82 -77 -66 -62 -48 -47 -41 -41 -40 -42 -44 -54 -56 -59 -58 -65 -67 -77 -90 -101 -107 -100 -88 -74 -72 -86 -89 -98 -84 -61 -48 -25 -12 4 10 13 18 21 24 28 -9999 -9999 -9999 -9999
