resultados/variables_proyeccion_tiempo/variables_paleo_21k/bio7.asc
ncols 330
nrows 228
xllcorner -12.000000
yllcorner 34.000000
cellsize 0.166667
NODATA_value -9999
[rows 42 to 83 of 228, columns 94 to 187 of 330]
-9999 -9999 -9999 -9999 -9999 -9999 -9999 -9999 -9999 -9999 -9999 -9999 -9999 -9999 -9999 -9999 -9999 -9999 -9999 -9999 -9999 -9999 -9999 233 238 244 250 254 260 266 271 276 281 286 290 -9999 -9999 -9999 313 317 322 328 333 338 343 348 353 357 361 365 367 369 370 372 371 370 367 366 365 364 363 361 359 358 357 357 356 357 358 358 360 363 366 370 374 379 385 392 398 405 412 421 430 440 448 450 452 455 457 460 462 466 469 472
-9999 -9999 -9999 -9999 -9999 -9999 -9999 -9999 -9999 -9999 -9999 -9999 -9999 -9999 -9999 -9999 -9999 208 213 217 225 231 236 241 247 252 258 263 268 273 278 282 287 292 296 301 -9999 -9999 -9999 321 325 330 335 340 344 349 353 357 361 363 366 367 368 368 368 366 366 366 364 363 363 361 360 359 360 359 359 360 361 362 365 368 371 376 380 386 391 397 405 412 419 428 436 445 452 457 460 463 465 469 472 475 478 481
-9999 -9999 -9999 -9999 -9999 -9999 -9999 -9999 -9999 -9999 -9999 -9999 -9999 -9999 -9999 -9999 -9999 211 215 225 231 237 243 248 255 261 266 270 276 280 285 289 294 298 301 304 -9999 -9999 -9999 326 328 332 338 341 346 350 354 357 360 362 363 364 365 365 365 366 365 364 364 363 361 361 360 361 361 361 362 363 365 367 369 373 376 381 386 392 397 403 410 417 426 434 442 450 456 462 466 470 473 477 480 483 487 490
-9999 -9999 -9999 -9999 -9999 -9999 -9999 -9999 -9999 -9999 -9999 -9999 -9999 -9999 -9999 -9999 -9999 -9999 -9999 -9999 238 242 -9999 262 264 269 274 278 282 287 292 295 298 301 -9999 -9999 317 320 323 328 333 336 340 344 348 351 354 356 359 360 362 363 363 362 363 364 364 364 363 362 362 362 362 362 362 363 364 367 369 371 374 377 382 386 391 397 403 409 416 424 431 439 447 454 461 467 472 476 480 484 488 491 496 499
-9999 -9999 -9999 -9999 -9999 -9999 -9999 -9999 -9999 -9999 -9999 -9999 -9999 -9999 -9999 -9999 -9999 -9999 -9999 -9999 -9999 -9999 -9999 -9999 -9999 -9999 -9999 -9999 -9999 -9999 -9999 307 309 312 315 318 318 325 327 331 336 340 344 346 350 352 355 357 359 360 360 360 361 361 362 362 362 363 362 362 362 363 364 364 365 366 367 370 372 375 378 382 386 391 396 401 408 414 421 428 436 444 451 459 465 471 477 482 487 491 495 499 503 507
-9999 -9999 -9999 -9999 -9999 -9999 -9999 -9999 -9999 -9999 -9999 -9999 -9999 -9999 -9999 -9999 -9999 -9999 -9999 -9999 -9999 -9999 -9999 -9999 287 288 -9999 -9999 -9999 307 308 310 313 317 319 321 326 329 332 336 339 343 346 349 352 354 356 357 358 359 361 362 362 362 361 361 362 362 362 363 363 362 364 365 367 368 371 373 376 379 382 386 391 395 400 406 412 419 425 433 439 447 455 462 469 476 481 486 491 497 501 505 510 514
-9999 -9999 -9999 -9999 -9999 -9999 -9999 -9999 -9999 -9999 -9999 -9999 -9999 -9999 228 235 241 249 256 263 269 275 281 287 291 295 301 305 308 312 316 318 321 322 326 327 330 333 337 340 344 347 350 353 354 356 358 359 361 361 362 362 362 361 361 360 362 362 362 363 363 364 364 366 368 370 373 376 379 382 386 390 395 399 404 410 416 422 429 436 443 450 458 465 472 479 485 491 496 502 506 511 516 520
-9999 -9999 -9999 -9999 -9999 -9999 -9999 -9999 -9999 -9999 -9999 -9999 -9999 -9999 239 243 249 256 263 269 274 281 288 293 299 302 308 313 317 320 324 326 328 331 332 333 336 339 343 346 349 351 354 356 357 359 361 362 364 364 364 362 361 361 361 360 360 361 361 362 363 365 365 368 369 372 375 378 382 385 389 393 398 403 408 413 419 425 432 438 445 453 460 467 474 481 488 494 499 505 510 515 520 525
-9999 -9999 -9999 -9999 -9999 -9999 -9999 -9999 -9999 -9999 -9999 -9999 -9999 -9999 245 250 257 262 271 277 -9999 -9999 -9999 -9999 310 314 319 321 325 329 332 335 337 338 339 342 344 346 349 352 353 354 357 361 363 365 368 369 369 367 366 364 363 362 361 360 360 361 362 362 364 364 366 368 371 374 378 382 385 389 393 396 401 406 410 417 422 428 434 441 447 454 461 468 475 482 489 495 502 507 513 518 524 529
-9999 -9999 -9999 -9999 -9999 -9999 -9999 -9999 -9999 -9999 -9999 -9999 246 249 -9999 265 268 273 279 287 296 304 309 313 318 322 326 331 335 338 341 343 346 348 351 353 355 355 356 358 358 361 363 366 369 371 373 373 371 370 369 367 365 363 361 361 362 362 362 364 365 366 367 369 372 377 381 384 388 392 395 399 403 408 414 419 424 430 436 442 448 455 461 468 474 481 489 496 502 509 514 520 525 531
-9999 -9999 -9999 -9999 -9999 -9999 -9999 -9999 -9999 -9999 246 249 253 257 262 267 273 280 287 295 302 309 315 320 326 331 336 340 345 348 352 355 357 360 362 362 363 365 365 365 368 371 373 375 376 378 379 379 377 375 372 370 368 365 364 364 364 364 365 366 366 368 369 371 373 379 384 387 390 394 396 402 405 410 415 420 425 431 436 442 448 454 460 466 473 480 488 495 502 508 514 520 526 532
-9999 -9999 -9999 -9999 -9999 -9999 -9999 -9999 -9999 251 255 257 262 266 271 276 280 286 294 302 310 316 323 329 335 340 346 350 355 359 362 365 367 369 371 372 373 374 375 375 377 380 382 383 384 385 385 384 382 380 377 374 371 368 367 367 367 367 367 368 370 370 371 373 376 381 387 389 392 395 399 403 407 412 416 421 426 431 437 443 448 454 459 464 469 477 485 493 500 506 512 518 525 531
-9999 -9999 -9999 -9999 -9999 -9999 -9999 256 257 259 263 268 272 276 280 285 288 293 302 310 318 326 332 338 345 350 356 361 365 369 372 375 377 379 380 381 382 383 384 384 385 386 387 389 391 392 391 389 387 385 381 378 375 372 370 370 370 370 371 371 372 373 375 376 379 383 387 390 394 397 400 404 408 412 416 421 426 431 436 442 447 453 458 462 465 471 481 489 497 503 510 516 522 529
-9999 -9999 -9999 252 253 256 259 262 266 270 274 278 282 286 290 294 298 304 312 319 327 334 341 348 354 360 366 371 375 378 381 383 385 384 386 388 388 390 391 391 392 393 393 395 397 398 399 395 393 390 386 382 380 377 376 375 374 373 374 374 374 376 377 379 382 384 388 391 394 398 401 405 408 412 417 421 425 430 434 440 446 451 455 459 461 464 476 485 493 499 505 512 517 -9999
254 256 256 259 262 266 269 273 277 281 285 289 293 297 301 305 310 315 323 329 337 345 350 358 364 370 375 378 382 384 387 390 392 393 393 395 393 394 396 397 397 397 398 400 402 405 405 402 398 394 390 387 385 382 380 379 378 377 378 378 378 379 380 382 384 386 390 392 395 398 401 405 408 412 416 419 424 429 433 438 443 449 454 455 456 459 473 480 487 494 501 507 517 523
261 265 268 271 274 278 281 285 289 293 296 300 304 308 312 316 321 327 334 340 348 355 362 368 372 377 382 385 388 393 390 390 392 392 394 397 395 398 398 401 403 404 405 406 407 406 406 405 402 400 396 393 390 387 386 384 383 381 382 382 381 382 383 384 386 388 391 393 396 399 401 405 408 411 415 418 422 426 431 436 440 445 450 451 453 458 467 475 481 -9999 -9999 504 512 520
274 277 280 284 287 290 294 297 301 304 308 311 316 319 324 329 334 340 346 351 358 364 370 375 378 383 390 394 396 400 400 399 398 398 402 404 404 402 404 405 408 409 409 410 408 407 408 406 406 404 399 396 394 392 390 388 387 386 386 385 385 385 386 387 389 390 392 394 397 399 402 404 408 411 413 416 420 424 427 431 435 440 444 446 450 455 461 464 -9999 -9999 489 498 506 515
286 290 293 296 299 302 306 309 312 316 320 323 327 331 335 340 345 350 356 362 368 373 378 382 387 389 390 395 400 404 408 414 418 412 405 405 408 412 411 410 410 412 413 413 412 411 411 410 409 407 403 401 399 396 394 393 392 390 389 389 388 388 389 389 391 392 394 395 397 400 402 404 406 410 412 414 417 420 423 427 430 434 438 441 444 449 454 459 465 475 483 492 500 510
296 303 306 309 312 315 319 321 325 328 331 335 338 342 347 350 355 360 366 372 377 382 384 387 396 401 404 409 410 414 416 421 424 425 420 408 406 406 412 412 412 411 413 417 416 414 413 413 412 410 408 406 404 402 399 398 396 394 393 393 392 391 391 392 393 394 394 397 398 400 402 404 406 408 410 412 415 417 419 423 425 428 431 434 438 443 448 454 462 469 477 485 494 503
-9999 -9999 315 321 324 328 331 334 337 340 343 346 350 354 358 362 366 371 375 379 382 388 392 396 399 400 403 410 416 410 411 424 432 432 431 430 421 417 414 414 415 418 419 419 418 418 417 416 414 412 411 409 408 406 404 402 401 399 397 396 395 394 394 394 394 395 395 397 399 400 402 404 405 406 408 410 411 413 415 417 420 422 425 428 432 436 441 447 454 462 470 478 487 495
-9999 -9999 -9999 332 336 341 344 347 349 352 354 358 361 365 368 372 378 382 384 389 393 402 401 409 412 410 410 408 408 408 413 426 425 434 427 431 432 428 426 420 415 417 419 421 421 420 418 418 417 415 415 412 411 409 408 406 405 403 401 399 398 397 396 396 396 397 397 398 399 400 402 403 404 405 406 407 409 410 411 412 414 416 419 421 425 429 434 440 447 454 461 470 479 488
-9999 -9999 -9999 -9999 351 353 356 359 361 363 366 369 372 375 379 383 387 391 398 400 407 413 417 416 417 422 419 419 421 418 424 423 431 435 432 426 431 427 425 427 421 418 418 421 423 423 422 421 421 420 419 417 416 414 412 410 408 407 405 403 402 400 399 399 398 398 398 399 400 401 402 403 404 404 404 404 405 406 407 408 409 411 413 415 419 422 427 433 439 446 454 463 472 481
-9999 -9999 -9999 -9999 363 365 369 371 373 375 378 380 383 386 390 394 398 404 407 413 419 424 426 430 431 426 429 433 431 428 440 446 440 437 433 433 432 432 432 431 428 421 422 421 422 425 425 424 424 424 422 421 420 418 416 414 412 411 409 407 405 403 402 401 401 400 400 401 401 401 402 403 404 403 403 403 403 403 403 404 404 405 407 409 412 416 420 425 432 438 447 456 465 474
-9999 -9999 -9999 -9999 372 378 381 383 385 387 389 392 394 397 400 405 410 414 415 422 427 428 434 435 436 436 434 431 433 446 450 457 460 446 442 438 431 434 431 431 432 429 427 426 426 427 427 427 426 426 425 425 424 422 421 419 417 415 413 411 408 406 405 403 403 402 402 402 403 403 404 404 404 404 403 402 401 401 400 400 400 401 403 404 406 410 413 418 424 432 440 449 458 468
-9999 -9999 -9999 -9999 384 389 393 394 396 398 400 402 403 407 410 413 418 421 426 429 435 437 435 433 433 434 436 441 446 443 450 453 454 457 450 448 443 439 438 434 431 432 430 430 429 429 430 430 430 429 429 429 428 427 425 423 421 419 416 414 411 410 407 406 405 404 404 403 404 404 405 406 405 403 402 401 400 399 398 397 397 397 398 399 401 404 407 412 418 425 434 442 452 462
-9999 -9999 -9999 -9999 -9999 399 403 405 407 409 410 412 415 417 421 423 429 433 436 438 440 440 440 444 444 448 448 446 451 456 464 466 459 446 449 452 449 441 438 437 433 433 432 432 432 432 433 433 433 433 433 433 433 431 430 428 425 423 419 417 414 412 410 408 406 406 405 405 405 406 406 407 406 404 402 400 398 397 396 394 394 394 395 395 397 399 402 406 412 420 428 437 446 456
-9999 -9999 -9999 -9999 -9999 -9999 413 414 416 418 421 423 425 427 431 434 438 442 445 449 450 452 446 449 451 451 458 462 462 463 461 463 475 455 450 445 449 446 439 438 435 433 433 433 434 435 436 436 436 436 436 436 436 435 433 431 428 426 423 419 417 414 412 410 408 407 406 406 405 406 406 407 406 403 401 399 397 395 394 392 392 392 391 392 393 395 398 402 408 415 424 433 442 452
-9999 -9999 -9999 -9999 -9999 422 422 422 425 427 429 431 434 436 440 444 447 451 454 455 461 464 465 463 464 462 461 462 462 462 462 458 450 463 459 452 444 440 441 437 436 434 434 436 438 439 439 438 439 439 439 439 439 438 437 434 432 428 425 422 419 416 414 411 409 408 407 406 405 406 406 405 404 402 400 397 395 394 392 391 390 390 390 390 391 393 395 399 405 412 421 429 439 449
-9999 -9999 -9999 -9999 -9999 423 426 430 432 435 438 440 442 445 449 451 452 457 457 460 464 465 467 468 467 465 463 460 458 458 460 466 464 458 453 455 453 447 442 439 437 436 437 439 441 441 441 441 441 441 442 442 441 440 438 436 434 430 427 424 421 418 415 413 410 409 407 406 405 405 404 403 401 400 398 396 394 392 391 390 389 388 389 389 390 392 395 399 404 412 419 428 437 446
-9999 -9999 -9999 -9999 -9999 -9999 438 438 439 441 444 448 451 453 455 457 457 464 464 465 467 470 472 473 472 468 465 464 461 462 466 458 471 465 463 460 454 447 443 440 437 437 438 440 442 442 442 442 442 443 443 443 443 441 440 438 435 432 429 425 422 419 416 414 411 409 407 406 405 404 402 401 400 398 396 394 393 392 390 389 389 388 389 389 390 392 396 400 405 412 419 428 436 445
-9999 -9999 -9999 -9999 -9999 440 440 442 444 446 450 453 456 459 462 463 466 470 471 474 472 476 477 477 471 471 472 468 466 466 471 471 466 462 464 458 453 448 442 440 439 438 439 440 441 442 443 443 444 444 444 444 443 443 441 439 436 433 430 427 424 421 418 415 412 410 407 406 404 403 402 400 398 397 395 394 392 391 390 389 389 389 390 390 392 394 398 402 407 413 421 428 437 445
-9999 -9999 -9999 446 446 445 446 448 450 452 455 458 462 466 469 471 474 475 479 478 479 482 485 485 483 478 481 476 470 471 470 471 473 464 461 458 453 448 443 440 438 437 438 439 440 441 443 444 445 445 446 445 445 444 442 440 438 435 432 428 425 421 418 415 412 410 407 405 403 402 400 398 397 396 395 393 392 391 391 390 390 391 391 393 395 397 401 405 410 417 423 430 438 446
453 -9999 -9999 449 449 450 451 452 454 457 461 464 468 471 474 477 480 482 484 485 485 487 487 483 486 488 484 482 481 479 473 474 474 470 463 458 453 448 443 439 437 436 436 438 439 441 443 444 445 446 447 447 446 445 443 442 439 436 432 429 426 422 420 416 413 410 408 405 402 400 399 397 396 395 394 393 392 392 392 392 392 393 394 396 398 401 404 409 414 420 427 433 441 449
460 -9999 -9999 -9999 -9999 456 456 457 460 462 466 470 473 477 480 483 486 488 487 488 488 490 491 487 490 490 489 488 486 484 480 477 475 471 464 459 454 448 443 438 435 433 434 436 438 440 443 445 446 447 448 448 448 446 445 443 440 437 434 430 427 424 420 417 413 411 408 404 402 400 398 397 395 394 394 393 393 393 393 394 394 396 398 400 403 406 410 414 419 424 431 437 444 451
466 -9999 -9999 -9999 461 464 463 463 466 468 472 476 479 482 486 488 490 492 492 493 493 494 495 493 493 493 492 487 488 485 483 480 477 473 467 462 456 450 444 438 433 431 433 435 438 441 444 446 448 448 449 449 449 448 446 444 442 439 435 432 428 425 421 418 414 411 408 405 402 400 398 397 395 394 394 394 394 394 395 396 397 399 401 404 407 411 415 419 424 429 435 441 447 454
471 -9999 -9999 -9999 -9999 467 467 471 473 476 479 482 485 488 490 493 495 496 497 498 498 498 498 498 496 495 494 492 490 488 485 483 480 475 470 464 458 452 445 438 432 429 432 436 440 442 445 448 449 450 451 451 451 450 448 446 444 441 437 434 430 427 422 419 415 412 408 405 402 400 398 396 395 395 394 395 395 396 397 399 401 403 406 409 412 416 420 425 429 434 440 445 452 458
480 -9999 -9999 -9999 478 478 480 480 481 483 486 489 491 494 496 498 500 501 502 503 502 502 502 502 500 498 496 495 494 492 489 486 483 479 474 468 463 456 449 442 436 434 436 439 442 445 448 450 452 453 453 454 453 452 450 448 446 442 439 436 432 428 425 420 416 413 409 406 403 400 398 397 396 396 396 396 397 398 400 402 405 407 411 414 417 421 426 430 435 439 445 450 456 462
485 484 485 -9999 483 484 484 486 488 490 492 495 497 500 502 503 504 506 507 507 507 506 505 504 503 501 500 498 497 495 493 490 487 483 478 473 467 461 455 449 444 441 441 443 446 448 451 453 455 456 456 456 456 455 453 451 448 445 442 438 435 431 427 423 418 414 410 406 404 401 399 398 397 397 397 398 399 402 403 406 409 412 415 419 423 427 432 436 440 444 450 456 461 467
491 490 490 -9999 -9999 -9999 490 490 494 497 499 501 503 505 507 508 509 510 511 511 511 510 509 508 506 504 503 501 500 499 497 495 492 488 483 478 -9999 463 460 457 452 449 448 449 451 453 455 457 458 459 459 459 459 458 456 454 451 448 445 441 438 433 429 424 420 416 412 408 405 402 400 399 398 398 399 400 402 405 407 410 414 417 421 425 429 433 437 442 447 451 456 461 466 471
497 496 496 498 -9999 -9999 -9999 -9999 498 502 504 505 508 510 512 513 515 515 515 515 515 514 512 511 509 507 505 504 503 503 502 500 497 494 -9999 -9999 -9999 -9999 -9999 461 459 457 455 456 457 458 460 462 463 463 463 463 462 461 459 457 454 452 448 444 440 436 432 428 423 418 414 409 406 403 401 400 400 401 402 404 406 409 412 415 419 423 426 430 435 439 443 448 452 456 462 466 471 476
503 502 502 502 503 504 505 -9999 -9999 511 -9999 -9999 -9999 515 517 519 519 520 520 520 519 518 516 514 511 509 507 507 507 507 506 505 -9999 -9999 -9999 -9999 -9999 -9999 -9999 -9999 469 464 463 462 464 465 466 467 467 468 468 467 466 465 463 461 458 455 452 448 444 440 436 431 426 421 416 412 409 405 403 402 402 404 405 407 410 413 417 420 424 429 433 437 441 446 450 454 458 463 467 471 476 481
508 507 507 507 507 508 510 512 514 515 517 518 -9999 -9999 -9999 -9999 524 525 525 524 523 521 520 517 514 512 510 511 511 511 -9999 -9999 -9999 -9999 -9999 -9999 498 493 486 479 475 472 470 470 471 472 473 473 473 473 472 472 470 469 468 465 462 458 456 451 448 444 440 435 429 425 420 415 411 408 406 405 406 407 409 412 415 418 422 426 431 435 439 444 448 452 456 460 464 468 473 477 481 486
