resultados/variables_proyeccion_tiempo/variables_paleo_21k/bio7.asc
ncols 330
nrows 228
xllcorner -12.000000
yllcorner 34.000000
cellsize 0.166667
NODATA_value -9999
[rows 126 to 167 of 228, columns 0 to 93 of 330]
-9999 -9999 -9999 -9999 -9999 127 129 132 135 138 142 146 150 155 161 167 173 179 185 191 198 205 213 221 228 237 245 254 263 272 281 289 297 306 314 322 330 339 347 355 362 369 374 378 382 389 393 397 402 407 411 412 413 416 416 418 418 415 412 411 410 410 407 404 404 407 409 410 409 407 404 402 400 399 397 395 393 389 386 383 380 379 380 385 389 393 397 400 404 408 413 416 420 423
-9999 -9999 -9999 -9999 -9999 128 128 131 133 136 139 143 148 153 158 163 168 174 181 187 194 200 208 215 223 231 239 248 256 265 273 281 290 298 306 314 323 331 339 347 354 361 366 370 376 380 384 391 397 400 404 409 412 412 412 414 413 413 412 411 409 408 406 406 407 409 409 409 408 407 404 403 402 400 398 395 392 389 385 382 379 377 379 383 387 392 396 400 404 409 413 416 419 421
-9999 -9999 -9999 -9999 -9999 -9999 -9999 130 132 135 138 141 145 150 155 160 165 171 177 183 190 196 203 210 217 224 233 241 249 257 265 273 281 289 298 306 314 322 330 339 347 354 360 365 371 372 375 384 393 394 398 402 404 406 408 408 409 411 410 409 408 406 405 406 407 409 409 409 408 407 406 404 402 401 399 396 394 390 386 384 381 379 380 383 388 391 396 400 404 408 414 415 416 417
-9999 -9999 -9999 -9999 -9999 -9999 -9999 129 131 134 137 139 143 147 152 156 162 168 173 178 184 190 197 204 211 218 226 234 242 249 257 265 273 281 289 297 305 313 321 330 338 347 353 356 359 362 363 369 379 383 390 394 397 400 402 404 407 408 407 408 406 404 403 404 406 407 409 408 408 408 407 405 404 402 400 398 395 391 389 386 384 383 383 386 389 392 395 399 402 407 410 412 413 414
-9999 -9999 -9999 -9999 -9999 -9999 125 127 130 132 135 139 142 145 150 154 159 163 168 174 180 186 192 199 205 212 219 227 234 241 249 256 264 273 280 288 296 304 312 320 329 336 341 345 347 349 353 358 365 374 380 386 390 394 397 400 403 404 405 404 403 402 401 401 403 405 407 408 408 408 408 407 405 403 402 400 397 394 391 389 388 387 387 388 390 393 395 397 400 403 406 407 408 410
-9999 -9999 -9999 -9999 -9999 -9999 124 126 128 131 133 137 139 142 146 150 155 160 165 170 176 181 187 193 199 205 212 219 226 233 241 248 256 264 272 279 286 294 302 309 316 323 328 332 336 340 344 350 356 364 371 378 384 388 392 396 399 401 402 402 400 399 398 398 400 403 405 408 409 409 408 408 406 405 403 401 399 397 395 392 391 390 390 391 392 394 396 396 398 400 402 403 404 405
-9999 -9999 -9999 -9999 -9999 -9999 124 125 127 129 131 134 137 140 143 148 152 156 161 167 171 176 182 187 194 199 206 212 218 225 232 240 247 256 263 269 276 283 290 297 304 310 316 322 326 331 336 342 348 356 363 370 376 382 387 391 395 399 400 400 398 396 394 395 398 401 405 407 408 409 410 408 408 406 405 403 401 400 397 395 394 393 393 394 395 395 397 397 398 399 400 400 400 401
-9999 -9999 -9999 -9999 -9999 -9999 122 124 126 127 129 132 135 137 141 144 148 152 157 162 167 171 176 182 188 193 199 205 211 218 224 232 239 246 253 260 266 273 280 286 292 299 305 312 317 322 328 334 341 348 356 363 369 376 381 386 391 396 399 399 397 393 389 390 396 400 404 407 409 410 410 410 408 407 406 405 403 401 400 398 397 395 394 394 396 396 396 397 397 397 397 397 397 397
-9999 -9999 -9999 -9999 -9999 120 121 123 124 126 128 131 133 135 139 142 145 149 153 158 162 167 172 177 182 187 193 198 204 211 217 224 230 237 244 251 257 264 270 276 282 289 295 302 307 313 319 326 333 340 347 355 362 368 375 381 389 394 399 400 398 394 390 391 397 401 405 408 409 410 410 410 409 408 406 405 404 403 402 400 398 397 396 396 397 397 396 396 396 396 396 396 394 395
-9999 -9999 -9999 -9999 118 119 120 122 124 125 126 129 130 133 137 139 143 146 150 154 158 162 168 172 176 182 186 192 198 203 210 216 222 229 235 242 248 254 260 267 273 280 286 292 298 304 311 318 324 332 340 347 354 362 369 377 385 392 398 402 401 398 396 397 400 402 406 408 409 410 410 409 409 407 406 405 404 403 403 402 399 396 396 396 397 397 397 397 396 395 394 393 393 394
-9999 -9999 -9999 -9999 117 119 119 121 121 123 125 126 128 131 134 137 141 144 147 151 154 159 164 168 172 176 181 186 191 197 203 209 215 221 228 234 240 245 252 258 264 271 277 283 289 296 303 309 317 324 332 339 347 355 363 371 379 388 397 404 402 400 399 400 402 404 405 407 408 409 409 409 408 407 405 404 402 400 399 398 396 395 395 395 395 396 397 396 394 394 393 392 393 392
-9999 -9999 -9999 -9999 -9999 118 119 120 120 122 124 125 127 129 132 134 138 141 145 149 152 156 160 164 168 172 177 181 186 191 197 203 208 214 220 226 231 238 244 250 256 262 268 274 280 288 294 301 309 316 323 332 340 348 356 363 372 381 390 397 399 398 398 400 401 403 405 406 407 407 407 408 406 405 404 402 400 397 395 392 393 392 392 392 393 394 395 394 394 393 392 392 391 391
-9999 -9999 -9999 -9999 -9999 -9999 -9999 119 120 121 122 124 126 128 130 133 136 140 143 146 149 153 156 160 164 168 172 176 181 186 191 197 201 207 213 218 224 230 236 241 247 253 259 265 272 278 286 292 300 308 316 323 331 339 347 355 363 371 378 384 388 391 394 397 399 401 402 403 404 404 405 406 404 403 400 399 397 394 391 389 389 390 389 389 389 392 394 394 393 392 391 391 390 390
-9999 -9999 -9999 -9999 -9999 -9999 -9999 -9999 -9999 120 121 122 125 127 129 132 134 137 140 144 147 151 153 157 160 164 168 172 177 182 186 191 195 200 206 211 217 222 228 233 239 244 251 257 263 270 277 284 292 298 306 315 322 330 338 345 352 359 365 370 376 383 388 392 394 397 398 399 401 401 402 402 402 400 397 396 394 391 389 388 389 388 386 385 384 386 390 392 390 390 390 390 389 389
-9999 -9999 -9999 -9999 -9999 -9999 -9999 -9999 -9999 -9999 -9999 -9999 -9999 126 128 131 133 136 138 141 145 148 151 154 157 161 165 168 173 176 181 185 190 195 200 204 210 215 220 225 230 237 243 249 255 262 268 276 282 290 298 305 313 321 328 335 342 348 352 356 365 374 381 385 389 391 393 395 396 397 398 397 398 397 395 393 391 389 388 387 387 387 385 384 383 384 386 388 389 388 388 388 389 389
-9999 -9999 -9999 -9999 -9999 -9999 -9999 -9999 -9999 -9999 -9999 -9999 -9999 -9999 -9999 130 132 134 137 139 143 145 149 152 154 158 161 165 168 173 177 180 184 189 194 198 203 208 212 217 223 229 234 240 246 253 259 266 274 281 289 296 304 312 318 325 332 337 343 349 358 367 374 379 382 385 387 389 391 392 393 393 395 394 392 390 389 386 385 385 386 386 384 383 382 383 384 386 386 387 388 388 388 388
-9999 -9999 -9999 -9999 -9999 -9999 -9999 -9999 -9999 -9999 -9999 -9999 -9999 -9999 128 129 130 134 134 138 140 144 145 150 152 155 158 161 164 168 172 175 179 183 188 192 196 200 204 210 215 220 225 231 237 243 250 257 263 271 278 286 293 301 308 315 322 329 335 343 352 362 368 372 375 378 380 382 384 385 387 388 389 389 388 387 385 383 382 383 384 383 382 382 382 382 383 384 385 384 385 386 386 386
-9999 -9999 -9999 -9999 -9999 -9999 -9999 -9999 -9999 -9999 -9999 -9999 -9999 -9999 -9999 -9999 -9999 -9999 -9999 -9999 -9999 -9999 -9999 148 150 152 155 157 160 164 167 171 174 178 181 185 190 193 197 202 207 212 216 222 227 233 240 247 254 260 268 275 282 289 297 304 311 318 326 335 345 356 361 364 367 370 372 374 376 379 380 382 384 384 383 382 381 380 380 380 380 380 381 380 380 380 381 382 383 383 383 385 385 384
-9999 -9999 -9999 -9999 -9999 -9999 -9999 -9999 -9999 -9999 -9999 -9999 -9999 -9999 -9999 -9999 -9999 -9999 -9999 -9999 -9999 -9999 -9999 -9999 148 150 152 154 157 160 163 166 169 173 176 179 183 186 190 194 199 203 208 213 218 224 230 236 243 250 257 263 271 278 285 293 300 308 317 325 335 344 350 354 357 359 363 365 368 370 373 375 377 378 377 376 376 375 376 376 377 377 378 378 378 378 379 380 382 381 382 383 385 386
-9999 -9999 -9999 -9999 -9999 -9999 -9999 -9999 -9999 -9999 -9999 -9999 -9999 -9999 -9999 -9999 -9999 -9999 -9999 -9999 -9999 -9999 -9999 -9999 -9999 -9999 -9999 151 154 157 159 162 165 168 171 174 177 180 183 187 191 194 199 203 208 213 219 226 231 238 245 252 259 267 274 282 290 297 305 314 323 331 336 342 346 349 353 356 359 362 365 367 369 370 371 370 371 371 371 372 372 374 375 374 376 377 377 377 378 379 379 380 382 383
-9999 -9999 -9999 -9999 -9999 -9999 -9999 -9999 -9999 -9999 -9999 -9999 -9999 -9999 -9999 -9999 -9999 -9999 -9999 -9999 -9999 -9999 -9999 -9999 -9999 -9999 -9999 150 153 154 157 158 160 163 166 168 170 174 177 180 183 187 190 194 199 204 209 215 220 227 233 240 248 255 263 270 278 286 294 302 310 318 324 329 334 338 342 346 350 353 356 358 361 362 363 364 365 366 367 368 369 370 371 372 373 374 374 374 376 376 377 377 378 380
-9999 -9999 -9999 -9999 -9999 -9999 -9999 -9999 -9999 -9999 -9999 -9999 -9999 -9999 -9999 -9999 -9999 -9999 -9999 -9999 -9999 -9999 -9999 -9999 -9999 -9999 -9999 -9999 -9999 -9999 -9999 -9999 -9999 160 161 163 165 168 171 173 176 179 182 186 190 194 200 205 210 216 223 230 237 244 252 259 266 274 282 290 298 305 311 317 322 326 331 336 340 344 347 350 352 354 356 358 360 361 362 364 364 366 368 369 370 371 371 371 373 375 375 375 376 377
-9999 -9999 -9999 -9999 -9999 -9999 -9999 -9999 -9999 -9999 -9999 -9999 -9999 -9999 -9999 -9999 -9999 -9999 -9999 -9999 -9999 -9999 -9999 -9999 -9999 -9999 -9999 -9999 -9999 -9999 -9999 -9999 -9999 -9999 -9999 160 162 164 165 167 169 172 174 178 182 186 190 195 200 206 213 219 227 233 240 248 255 263 270 278 285 292 299 304 310 314 319 324 330 334 337 341 345 347 350 352 354 356 358 359 361 362 364 366 367 369 369 371 372 374 374 373 374 375
-9999 -9999 -9999 -9999 -9999 -9999 -9999 -9999 -9999 -9999 -9999 -9999 -9999 -9999 -9999 -9999 -9999 -9999 -9999 -9999 -9999 -9999 -9999 -9999 -9999 -9999 -9999 -9999 -9999 -9999 -9999 -9999 -9999 -9999 -9999 -9999 -9999 -9999 161 162 163 166 167 170 174 177 181 186 191 197 203 210 216 223 230 237 244 252 259 266 273 280 287 292 297 303 308 313 319 324 329 333 337 340 344 346 349 351 353 354 356 358 360 362 365 369 371 371 371 372 372 373 372 374
-9999 -9999 -9999 -9999 -9999 -9999 -9999 -9999 -9999 -9999 -9999 -9999 -9999 -9999 -9999 -9999 -9999 -9999 -9999 -9999 -9999 -9999 -9999 -9999 -9999 -9999 -9999 -9999 -9999 -9999 -9999 -9999 -9999 -9999 -9999 -9999 -9999 -9999 -9999 -9999 160 161 162 164 167 170 173 178 183 188 194 201 207 214 221 228 234 241 248 255 261 268 274 280 286 291 297 303 309 315 321 326 330 334 338 341 344 347 349 351 353 354 355 359 363 366 368 370 371 372 373 374 374 375
-9999 -9999 -9999 -9999 -9999 -9999 -9999 -9999 -9999 -9999 -9999 -9999 -9999 -9999 -9999 -9999 -9999 -9999 -9999 -9999 -9999 -9999 -9999 -9999 -9999 -9999 -9999 -9999 -9999 -9999 -9999 -9999 -9999 -9999 -9999 -9999 -9999 -9999 -9999 -9999 -9999 -9999 157 159 161 163 166 170 175 180 186 193 199 205 212 219 225 232 238 244 251 257 263 269 274 280 287 294 301 307 313 319 324 329 333 337 340 344 346 349 351 353 354 357 360 364 367 369 371 372 374 375 377 377
-9999 -9999 -9999 -9999 -9999 -9999 -9999 -9999 -9999 -9999 -9999 -9999 -9999 -9999 -9999 -9999 -9999 -9999 -9999 -9999 -9999 -9999 -9999 -9999 -9999 -9999 -9999 -9999 -9999 -9999 -9999 -9999 -9999 -9999 -9999 -9999 -9999 -9999 -9999 -9999 -9999 -9999 -9999 155 156 159 162 165 168 174 179 186 192 198 204 211 217 223 230 235 241 247 252 259 264 272 279 286 293 300 307 313 319 324 329 333 338 341 344 347 349 351 353 356 359 362 365 369 370 372 375 377 378 379
-9999 -9999 -9999 -9999 -9999 -9999 -9999 -9999 -9999 -9999 -9999 -9999 -9999 -9999 -9999 -9999 -9999 -9999 -9999 -9999 -9999 -9999 -9999 -9999 -9999 -9999 -9999 -9999 -9999 -9999 -9999 -9999 -9999 -9999 -9999 -9999 -9999 -9999 -9999 -9999 -9999 -9999 -9999 -9999 154 154 156 161 165 169 174 180 186 192 198 204 210 216 222 228 233 239 244 249 256 263 271 279 287 295 302 309 316 321 326 331 335 339 342 345 347 349 352 354 358 360 363 369 371 373 373 378 381 381
-9999 -9999 -9999 -9999 -9999 -9999 -9999 -9999 -9999 -9999 -9999 -9999 -9999 -9999 -9999 -9999 -9999 -9999 -9999 -9999 -9999 -9999 -9999 -9999 -9999 -9999 -9999 -9999 -9999 -9999 -9999 -9999 -9999 -9999 -9999 -9999 -9999 -9999 -9999 -9999 -9999 -9999 -9999 -9999 -9999 -9999 156 158 161 166 170 175 181 187 192 199 204 210 216 222 227 232 238 243 249 256 265 275 283 292 299 306 312 319 324 329 333 337 341 344 346 348 351 354 357 360 362 367 368 370 375 382 384 383
-9999 -9999 -9999 -9999 -9999 -9999 -9999 -9999 -9999 -9999 -9999 -9999 -9999 -9999 -9999 -9999 -9999 -9999 -9999 -9999 -9999 -9999 -9999 -9999 -9999 -9999 -9999 -9999 -9999 -9999 -9999 -9999 -9999 -9999 -9999 -9999 -9999 -9999 -9999 -9999 -9999 -9999 -9999 -9999 -9999 -9999 -9999 156 160 164 167 172 177 183 188 194 200 206 211 217 222 228 234 239 245 253 262 272 281 289 297 305 311 317 322 328 332 336 340 343 345 348 350 353 357 360 361 364 364 368 375 381 384 379
-9999 -9999 -9999 -9999 -9999 -9999 -9999 -9999 -9999 -9999 -9999 -9999 -9999 -9999 -9999 -9999 -9999 -9999 -9999 -9999 -9999 -9999 -9999 -9999 -9999 -9999 -9999 -9999 -9999 -9999 -9999 -9999 -9999 -9999 -9999 -9999 -9999 -9999 -9999 -9999 -9999 -9999 -9999 -9999 -9999 -9999 -9999 -9999 159 162 166 170 175 180 185 191 196 202 208 213 219 225 231 238 244 252 261 271 280 289 297 304 311 317 322 327 332 336 340 343 346 349 351 352 355 358 358 361 364 363 374 382 384 376
-9999 -9999 -9999 -9999 -9999 -9999 -9999 -9999 -9999 -9999 -9999 -9999 -9999 -9999 -9999 -9999 -9999 -9999 -9999 -9999 -9999 -9999 -9999 -9999 -9999 -9999 -9999 -9999 -9999 -9999 -9999 -9999 -9999 -9999 -9999 -9999 -9999 -9999 -9999 -9999 -9999 -9999 -9999 -9999 -9999 -9999 -9999 -9999 -9999 162 165 169 173 178 183 189 194 200 205 211 218 224 231 238 245 253 262 271 281 289 297 304 311 317 322 327 332 336 340 344 347 350 351 351 352 354 357 360 359 359 372 380 380 379
-9999 -9999 -9999 -9999 -9999 -9999 -9999 -9999 -9999 -9999 -9999 -9999 -9999 -9999 -9999 -9999 -9999 -9999 -9999 -9999 -9999 -9999 -9999 -9999 -9999 -9999 -9999 -9999 -9999 -9999 -9999 -9999 -9999 -9999 -9999 -9999 -9999 -9999 -9999 -9999 -9999 -9999 -9999 -9999 -9999 -9999 -9999 -9999 -9999 -9999 -9999 171 174 178 181 187 192 198 204 211 217 224 231 239 247 255 264 273 282 290 298 305 311 317 323 328 332 336 340 344 348 350 352 351 352 357 359 359 352 355 370 377 375 368
-9999 -9999 -9999 -9999 -9999 -9999 -9999 -9999 -9999 -9999 -9999 -9999 -9999 -9999 -9999 -9999 -9999 -9999 -9999 -9999 -9999 -9999 -9999 -9999 -9999 -9999 -9999 -9999 -9999 -9999 -9999 -9999 -9999 -9999 -9999 -9999 -9999 -9999 -9999 -9999 -9999 -9999 -9999 -9999 -9999 -9999 -9999 -9999 -9999 -9999 -9999 -9999 174 178 182 187 192 198 203 210 218 225 233 241 249 258 267 275 284 292 299 306 312 318 324 329 334 339 342 346 349 352 355 355 358 360 364 363 357 354 362 377 374 365
-9999 -9999 -9999 -9999 -9999 -9999 -9999 -9999 -9999 -9999 -9999 -9999 -9999 -9999 -9999 -9999 -9999 -9999 -9999 -9999 -9999 -9999 -9999 -9999 -9999 -9999 -9999 -9999 -9999 -9999 -9999 -9999 -9999 -9999 -9999 -9999 -9999 -9999 -9999 -9999 -9999 -9999 -9999 -9999 -9999 -9999 -9999 -9999 -9999 -9999 -9999 -9999 -9999 179 182 188 193 199 205 212 218 226 235 244 252 261 270 279 286 294 302 308 314 320 326 331 336 341 344 349 353 355 358 358 361 364 363 358 357 356 364 371 377 370
-9999 -9999 -9999 -9999 -9999 -9999 -9999 -9999 -9999 -9999 -9999 -9999 -9999 -9999 -9999 -9999 -9999 -9999 -9999 -9999 -9999 -9999 -9999 -9999 -9999 -9999 -9999 -9999 -9999 -9999 -9999 -9999 -9999 -9999 -9999 -9999 -9999 -9999 -9999 -9999 -9999 -9999 -9999 -9999 -9999 -9999 -9999 -9999 -9999 -9999 -9999 -9999 -9999 -9999 -9999 188 194 199 206 213 220 228 237 246 256 265 274 282 290 297 304 311 316 322 327 332 337 342 346 351 354 358 360 362 362 364 362 356 352 360 364 362 370 370
-9999 -9999 -9999 -9999 -9999 -9999 -9999 -9999 -9999 -9999 -9999 -9999 -9999 -9999 -9999 -9999 -9999 -9999 -9999 -9999 -9999 -9999 -9999 -9999 -9999 -9999 -9999 -9999 -9999 -9999 -9999 -9999 -9999 -9999 -9999 -9999 -9999 -9999 -9999 -9999 -9999 -9999 -9999 -9999 -9999 -9999 -9999 -9999 -9999 -9999 -9999 -9999 -9999 -9999 -9999 -9999 -9999 -9999 208 215 222 230 240 250 259 269 278 286 294 301 307 314 319 324 330 334 339 343 348 352 356 360 363 364 362 365 366 365 362 363 366 364 357 362
-9999 -9999 -9999 -9999 -9999 -9999 -9999 -9999 -9999 -9999 -9999 -9999 -9999 -9999 -9999 -9999 -9999 -9999 -9999 -9999 -9999 -9999 -9999 -9999 -9999 -9999 -9999 -9999 -9999 -9999 -9999 -9999 -9999 -9999 -9999 -9999 -9999 -9999 -9999 -9999 -9999 -9999 -9999 -9999 -9999 -9999 -9999 -9999 -9999 -9999 -9999 -9999 -9999 -9999 -9999 -9999 -9999 -9999 -9999 217 224 232 242 252 263 273 282 291 298 305 311 316 322 326 332 336 341 345 349 354 356 360 362 364 365 368 367 370 367 359 359 360 359 351
-9999 -9999 -9999 -9999 -9999 -9999 -9999 -9999 -9999 -9999 -9999 -9999 -9999 -9999 -9999 -9999 -9999 -9999 -9999 -9999 -9999 -9999 -9999 -9999 -9999 -9999 -9999 -9999 -9999 -9999 -9999 -9999 -9999 -9999 -9999 -9999 -9999 -9999 -9999 -9999 -9999 -9999 -9999 -9999 -9999 -9999 -9999 -9999 -9999 -9999 -9999 -9999 -9999 -9999 -9999 -9999 -9999 -9999 -9999 -9999 225 234 244 255 267 277 286 294 302 309 314 320 325 329 334 338 342 346 350 354 357 360 364 367 370 372 373 373 372 364 356 363 361 354
-9999 -9999 -9999 -9999 -9999 -9999 -9999 -9999 -9999 -9999 -9999 -9999 -9999 -9999 -9999 -9999 -9999 -9999 -9999 -9999 -9999 -9999 -9999 -9999 -9999 -9999 -9999 -9999 -9999 -9999 -9999 -9999 -9999 -9999 -9999 -9999 -9999 -9999 -9999 -9999 -9999 -9999 -9999 -9999 -9999 -9999 -9999 -9999 -9999 -9999 -9999 -9999 -9999 -9999 -9999 -9999 -9999 -9999 -9999 -9999 228 235 245 256 269 279 289 298 306 312 318 323 327 331 336 340 344 348 351 355 359 362 364 367 368 368 371 372 373 374 371 369 365 358
-9999 -9999 -9999 -9999 -9999 -9999 -9999 -9999 -9999 -9999 -9999 -9999 -9999 -9999 -9999 -9999 -9999 -9999 -9999 -9999 -9999 -9999 -9999 -9999 -9999 -9999 -9999 -9999 -9999 -9999 -9999 -9999 -9999 -9999 -9999 -9999 -9999 -9999 -9999 -9999 -9999 -9999 -9999 -9999 -9999 -9999 -9999 -9999 -9999 -9999 -9999 -9999 -9999 -9999 -9999 -9999 -9999 -9999 -9999 -9999 228 236 246 257 269 280 290 301 309 316 321 325 329 333 337 341 344 349 353 356 360 362 364 366 367 367 368 370 368 366 372 367 359 358
-9999 -9999 -9999 -9999 -9999 -9999 -9999 -9999 -9999 -9999 -9999 -9999 -9999 -9999 -9999 -9999 -9999 -9999 -9999 -9999 -9999 -9999 -9999 163 167 172 178 182 185 -9999 -9999 -9999 -9999 -9999 -9999 -9999 -9999 -9999 -9999 -9999 -9999 -9999 -9999 -9999 -9999 -9999 -9999 -9999 -9999 -9999 -9999 -9999 -9999 -9999 -9999 -9999 -9999 -9999 -9999 -9999 229 237 247 257 269 281 292 303 313 320 324 326 330 333 338 342 346 350 354 357 361 363 364 367 368 369 369 369 369 371 372 366 356 352
