resultados/variables_proyeccion_tiempo/variables_paleo_21k/bio7.asc
ncols 330
nrows 228
xllcorner -12.000000
yllcorner 34.000000
cellsize 0.166667
NODATA_value -9999
[rows 168 to 209 of 228, columns 0 to 93 of 330]
-9999 -9999 -9999 -9999 -9999 -9999 -9999 -9999 -9999 -9999 -9999 -9999 -9999 -9999 -9999 -9999 -9999 -9999 -9999 -9999 -9999 158 161 165 171 177 182 187 190 194 197 199 200 -9999 -9999 -9999 197 196 194 -9999 -9999 -9999 -9999 -9999 -9999 -9999 -9999 -9999 -9999 -9999 -9999 -9999 -9999 -9999 -9999 -9999 -9999 -9999 -9999 -9999 230 237 247 257 269 281 293 304 315 322 325 327 330 334 338 342 346 350 354 357 360 362 364 366 367 367 366 367 370 370 366 362 360 363
-9999 -9999 -9999 -9999 -9999 -9999 -9999 -9999 -9999 -9999 -9999 -9999 -9999 -9999 -9999 -9999 -9999 -9999 -9999 -9999 156 160 165 172 182 187 192 196 199 202 205 207 208 208 208 198 203 200 200 200 202 206 208 208 209 -9999 -9999 -9999 -9999 -9999 -9999 -9999 -9999 -9999 -9999 -9999 -9999 -9999 -9999 -9999 232 239 248 257 269 281 292 303 313 319 323 326 330 334 338 342 346 350 353 357 359 360 362 363 364 363 361 358 357 358 361 361 360 361
-9999 -9999 -9999 -9999 -9999 -9999 -9999 -9999 -9999 -9999 -9999 -9999 -9999 -9999 -9999 -9999 -9999 -9999 150 154 158 163 171 181 191 201 206 209 210 212 216 218 221 221 222 218 216 211 209 212 213 213 214 216 214 -9999 214 212 208 205 207 208 208 209 210 213 218 223 226 230 235 247 251 259 270 282 293 302 309 315 320 324 328 332 337 341 345 349 352 355 357 358 359 359 360 360 356 351 350 353 358 359 359 357
-9999 -9999 -9999 -9999 -9999 -9999 -9999 -9999 -9999 -9999 -9999 -9999 -9999 -9999 -9999 -9999 144 149 154 159 163 168 176 192 202 210 219 222 224 229 238 240 245 246 245 238 237 232 238 234 236 234 236 239 230 225 224 220 217 215 217 217 216 215 217 221 224 226 230 234 241 248 254 264 276 286 294 302 307 312 316 321 326 331 336 340 344 347 350 353 355 355 355 355 353 348 349 350 352 353 354 353 352 350
-9999 -9999 -9999 -9999 -9999 -9999 -9999 -9999 -9999 -9999 -9999 -9999 -9999 -9999 -9999 141 147 154 163 170 178 184 187 201 210 216 222 229 236 245 248 256 259 261 265 266 264 259 266 268 272 270 277 274 262 254 249 243 239 246 249 237 238 233 231 233 241 242 244 246 253 265 272 281 286 293 299 304 308 312 316 318 323 329 333 337 342 345 348 350 350 351 350 350 350 349 348 349 349 348 347 345 343 342
-9999 -9999 -9999 -9999 -9999 -9999 -9999 -9999 -9999 -9999 -9999 -9999 -9999 -9999 -9999 142 151 163 172 183 194 201 206 210 217 223 230 238 247 254 258 267 271 277 282 285 287 288 292 295 296 296 297 293 285 290 282 273 270 271 272 266 258 252 253 262 260 262 265 269 281 287 290 296 298 300 304 306 308 310 313 317 320 326 330 335 339 343 345 344 346 346 345 344 343 342 340 341 341 340 339 337 334 332
-9999 -9999 -9999 -9999 -9999 -9999 -9999 -9999 -9999 -9999 -9999 -9999 -9999 -9999 -9999 142 152 165 175 184 196 211 213 214 222 231 238 246 255 262 268 275 281 286 290 294 300 304 307 308 308 308 306 307 304 300 296 290 286 282 277 275 278 278 278 277 280 287 289 294 298 303 306 307 306 306 304 299 305 301 301 308 303 309 318 325 327 328 333 336 330 335 332 334 333 334 330 330 332 331 330 328 325 322
-9999 -9999 -9999 -9999 -9999 -9999 -9999 -9999 -9999 -9999 -9999 -9999 -9999 -9999 -9999 141 148 159 169 180 191 207 215 220 229 238 246 255 262 269 275 283 290 294 299 306 313 318 321 320 318 317 315 314 312 308 305 302 299 296 295 289 289 289 288 292 298 302 306 308 311 316 320 319 316 314 312 309 303 298 297 296 297 303 305 312 315 308 310 316 314 318 317 314 315 317 321 325 326 324 321 317 314 311
-9999 -9999 -9999 -9999 -9999 -9999 -9999 -9999 -9999 -9999 -9999 -9999 -9999 -9999 -9999 142 147 154 163 170 190 211 221 228 236 246 255 262 269 274 283 290 298 303 308 316 322 329 331 328 327 326 325 323 321 318 315 313 311 310 305 302 302 302 300 306 310 314 317 319 320 325 326 325 325 321 320 318 316 314 311 310 311 309 306 304 304 302 310 312 303 304 301 299 301 304 310 312 315 314 310 306 303 301
-9999 -9999 -9999 -9999 -9999 -9999 -9999 -9999 -9999 -9999 -9999 -9999 -9999 -9999 -9999 -9999 145 151 158 170 185 213 225 237 248 255 261 268 275 282 289 295 299 303 315 322 328 333 335 335 334 333 333 332 331 328 325 323 322 319 316 317 316 317 317 318 323 326 328 328 329 330 332 332 329 326 322 322 320 319 318 318 326 326 322 316 319 311 314 309 313 304 302 303 294 291 292 300 302 300 297 294 292 294
-9999 -9999 -9999 -9999 -9999 -9999 -9999 -9999 -9999 -9999 -9999 -9999 -9999 -9999 -9999 -9999 143 150 159 172 191 214 230 245 255 260 263 264 273 286 286 290 300 307 318 326 331 334 337 339 339 339 340 341 341 339 335 333 330 329 327 328 330 330 332 333 337 338 339 338 336 336 337 336 336 333 329 329 325 322 320 323 328 334 334 329 329 327 317 313 313 300 299 298 296 294 296 296 295 292 286 281 278 276
-9999 -9999 -9999 -9999 -9999 -9999 -9999 -9999 -9999 -9999 -9999 -9999 -9999 -9999 -9999 -9999 145 152 165 181 195 219 233 237 249 260 267 271 278 286 287 297 308 315 322 328 332 336 338 340 342 343 345 347 350 348 343 340 337 335 335 335 336 338 339 340 342 344 346 346 344 342 340 340 340 338 336 335 332 330 329 333 339 341 336 336 330 332 322 319 311 305 300 300 296 293 288 288 287 282 275 270 268 268
-9999 -9999 -9999 -9999 -9999 -9999 -9999 -9999 -9999 -9999 -9999 -9999 -9999 -9999 -9999 -9999 147 155 167 184 204 222 231 242 244 251 269 282 286 292 298 305 312 317 323 328 333 337 339 341 343 345 347 350 352 351 348 345 342 341 340 341 342 345 347 349 353 355 352 352 349 347 344 343 343 342 339 340 335 336 337 339 346 350 348 346 339 334 329 319 309 303 298 294 289 285 281 280 279 273 264 259 262 261
-9999 -9999 -9999 -9999 -9999 -9999 -9999 -9999 -9999 -9999 -9999 -9999 -9999 -9999 -9999 -9999 149 157 170 188 205 224 235 241 246 254 274 284 290 298 300 310 314 318 324 329 333 337 340 342 344 347 348 350 351 350 348 346 344 343 343 344 346 349 352 356 360 362 359 356 350 346 346 346 344 345 346 344 337 336 339 343 348 353 359 359 353 339 325 312 302 295 290 285 280 277 272 272 269 263 258 253 250 -9999
-9999 -9999 -9999 -9999 -9999 -9999 -9999 -9999 -9999 -9999 -9999 -9999 -9999 -9999 -9999 -9999 151 159 172 188 206 223 240 248 256 269 277 283 295 299 303 309 315 319 324 329 333 337 340 342 344 346 347 348 349 349 348 346 345 345 345 347 348 351 355 358 362 363 361 358 354 350 347 346 345 345 347 346 342 339 338 341 346 351 356 360 350 331 315 302 293 285 280 275 271 267 265 262 260 257 252 249 246 -9999
-9999 -9999 -9999 -9999 -9999 -9999 -9999 -9999 -9999 -9999 -9999 -9999 -9999 -9999 -9999 -9999 -9999 159 171 188 206 224 240 253 266 263 275 289 295 299 303 309 314 319 324 328 333 336 339 342 344 346 346 348 348 348 347 346 345 346 346 348 350 353 356 359 361 362 360 358 354 350 347 344 343 341 339 341 340 339 338 338 341 344 346 343 330 315 302 291 284 275 268 265 261 257 255 254 253 -9999 -9999 -9999 -9999 -9999
-9999 -9999 -9999 -9999 -9999 -9999 -9999 -9999 -9999 -9999 -9999 -9999 -9999 -9999 -9999 -9999 147 157 170 187 208 225 239 252 260 279 285 289 291 299 303 307 312 318 324 328 332 336 338 341 342 344 346 346 346 346 345 344 344 345 346 348 351 354 357 359 361 362 360 357 354 350 345 340 336 334 334 335 336 335 334 334 334 334 333 328 315 302 290 272 266 260 257 255 252 250 250 -9999 -9999 -9999 -9999 -9999 -9999 -9999
-9999 -9999 -9999 -9999 -9999 -9999 -9999 -9999 -9999 -9999 -9999 -9999 -9999 -9999 -9999 -9999 145 154 168 183 207 223 238 251 258 273 279 284 292 298 302 306 310 316 322 328 333 337 338 339 341 343 344 345 345 344 343 342 342 344 346 349 351 354 356 359 361 362 361 358 354 349 343 337 332 329 328 327 328 328 327 326 325 324 320 314 303 290 272 258 254 253 251 250 248 -9999 -9999 -9999 -9999 -9999 -9999 -9999 -9999 -9999
-9999 -9999 -9999 -9999 -9999 -9999 -9999 -9999 -9999 -9999 -9999 -9999 -9999 -9999 -9999 -9999 143 152 164 178 201 222 236 247 255 260 271 274 286 294 298 303 308 315 321 327 332 336 338 338 340 342 344 345 344 343 342 341 341 344 347 349 350 352 355 359 361 363 362 359 356 350 343 335 329 328 324 323 322 320 319 317 315 312 308 302 292 278 266 256 253 -9999 -9999 -9999 -9999 -9999 -9999 -9999 -9999 -9999 -9999 -9999 -9999 -9999
-9999 -9999 -9999 -9999 -9999 -9999 -9999 -9999 -9999 -9999 -9999 -9999 -9999 -9999 -9999 -9999 144 150 159 171 193 220 237 250 260 266 271 275 283 288 293 300 306 313 320 326 329 333 337 338 340 342 343 344 344 343 342 341 342 346 350 350 349 352 356 360 362 364 363 361 356 351 345 335 331 328 324 320 317 314 312 309 306 301 299 292 282 272 262 253 249 -9999 -9999 -9999 -9999 -9999 -9999 -9999 -9999 -9999 -9999 -9999 -9999 -9999
-9999 -9999 -9999 -9999 -9999 -9999 -9999 -9999 -9999 -9999 -9999 -9999 -9999 -9999 -9999 135 141 150 160 171 195 221 238 251 262 268 273 270 273 280 288 298 306 312 315 322 329 333 336 338 340 340 343 344 344 344 344 346 347 349 354 354 352 354 358 361 363 365 365 363 358 353 347 339 331 326 323 319 315 311 307 303 299 295 289 282 275 267 258 251 247 -9999 -9999 -9999 -9999 -9999 -9999 -9999 -9999 -9999 -9999 -9999 -9999 -9999
-9999 -9999 -9999 -9999 -9999 -9999 -9999 -9999 -9999 -9999 -9999 -9999 -9999 -9999 126 132 142 152 165 183 206 230 246 257 264 264 246 265 274 279 285 295 302 309 317 325 330 331 335 338 337 339 342 345 347 350 350 350 350 351 358 360 357 358 360 362 365 367 368 365 359 354 348 340 332 326 323 319 315 310 303 298 292 286 280 275 269 262 255 249 247 -9999 -9999 -9999 -9999 -9999 -9999 -9999 -9999 -9999 -9999 -9999 -9999 -9999
-9999 -9999 -9999 -9999 -9999 -9999 -9999 -9999 -9999 -9999 -9999 -9999 -9999 -9999 126 132 143 155 173 193 217 240 252 259 258 258 259 278 282 282 288 294 305 314 321 326 328 328 331 336 338 344 347 350 351 353 354 354 354 355 359 361 361 362 363 365 368 370 372 369 362 355 349 342 333 326 321 315 312 306 298 289 283 278 273 269 264 258 253 248 -9999 -9999 -9999 -9999 -9999 -9999 -9999 -9999 -9999 -9999 -9999 -9999 -9999 -9999
-9999 -9999 -9999 -9999 -9999 -9999 -9999 -9999 -9999 -9999 -9999 -9999 -9999 -9999 125 132 144 158 176 197 220 242 246 251 257 265 271 281 288 291 298 304 311 316 322 327 330 334 339 342 346 348 351 352 354 356 357 359 359 360 361 362 363 365 366 368 371 373 375 372 364 357 350 342 332 329 323 313 305 297 286 279 274 270 268 264 260 255 251 -9999 -9999 -9999 -9999 -9999 -9999 -9999 -9999 -9999 -9999 -9999 -9999 217 215 212
-9999 -9999 -9999 -9999 -9999 -9999 -9999 -9999 -9999 -9999 -9999 -9999 -9999 -9999 124 131 143 159 179 200 220 237 246 254 256 267 280 286 291 294 301 306 313 318 323 328 332 336 340 344 347 349 352 354 356 358 361 362 363 363 364 365 366 366 367 369 371 372 373 370 365 357 350 341 332 325 321 313 299 291 278 268 267 265 263 260 257 253 250 -9999 -9999 -9999 -9999 -9999 -9999 -9999 -9999 -9999 228 226 224 220 217 213
-9999 -9999 -9999 -9999 -9999 -9999 -9999 -9999 -9999 -9999 -9999 -9999 -9999 -9999 124 130 142 160 180 199 218 232 244 253 259 270 279 285 291 295 301 307 314 319 324 328 333 337 342 345 348 351 354 356 359 361 362 364 365 365 366 366 367 367 368 369 369 371 369 367 362 355 346 339 331 320 311 301 292 282 269 264 263 262 260 257 255 252 -9999 -9999 -9999 -9999 -9999 -9999 -9999 231 232 231 231 227 224 221 218 214
-9999 -9999 -9999 -9999 -9999 -9999 -9999 -9999 -9999 -9999 -9999 -9999 -9999 -9999 -9999 128 142 161 181 201 215 228 241 251 260 268 275 282 288 295 303 308 314 320 325 329 334 338 342 345 349 352 354 357 359 361 363 365 366 367 367 367 366 367 367 368 367 367 365 363 358 352 344 337 329 322 310 293 279 270 264 263 261 260 258 -9999 -9999 -9999 -9999 -9999 -9999 -9999 -9999 -9999 -9999 232 234 233 231 228 224 222 217 214
-9999 -9999 -9999 -9999 -9999 -9999 -9999 -9999 -9999 -9999 -9999 -9999 -9999 118 121 126 142 162 184 199 213 227 238 249 257 264 270 273 283 293 303 310 316 320 326 330 335 339 343 347 350 353 355 358 361 362 365 365 366 367 367 366 366 366 365 365 364 363 362 358 354 348 341 331 324 318 310 294 280 267 264 263 262 -9999 -9999 -9999 -9999 -9999 -9999 -9999 -9999 -9999 -9999 -9999 -9999 230 231 231 229 226 223 220 216 213
-9999 -9999 -9999 -9999 -9999 -9999 -9999 -9999 -9999 -9999 -9999 -9999 116 119 125 132 149 169 185 200 214 226 237 247 255 264 270 274 283 298 306 312 318 322 326 331 336 340 343 347 350 353 356 359 361 363 365 366 368 367 366 365 365 364 363 362 362 360 358 355 350 345 339 332 324 314 309 297 283 272 269 268 266 -9999 -9999 -9999 -9999 -9999 -9999 -9999 234 232 230 -9999 -9999 228 227 226 225 223 221 218 216 -9999
-9999 -9999 -9999 -9999 -9999 -9999 -9999 -9999 -9999 -9999 -9999 114 119 125 133 145 161 179 191 204 216 227 237 245 254 262 270 280 292 303 310 315 319 324 328 332 336 340 344 347 350 353 356 358 360 362 364 366 367 365 364 364 363 362 362 362 360 359 355 351 347 342 338 334 328 318 312 297 285 280 276 273 270 266 -9999 -9999 -9999 -9999 238 238 237 235 231 -9999 -9999 -9999 -9999 -9999 220 221 218 -9999 -9999 -9999
-9999 -9999 -9999 -9999 -9999 -9999 -9999 -9999 -9999 -9999 -9999 119 124 132 143 158 176 189 198 209 219 229 237 245 253 261 270 280 291 305 312 315 319 324 328 333 337 341 344 347 349 353 355 357 359 361 362 363 364 364 362 361 361 361 361 359 359 357 353 348 345 342 339 334 327 319 313 301 291 286 283 278 277 270 262 -9999 -9999 -9999 239 239 236 232 229 -9999 -9999 -9999 -9999 -9999 218 219 -9999 -9999 -9999 -9999
-9999 -9999 -9999 -9999 -9999 -9999 -9999 -9999 -9999 -9999 -9999 -9999 132 139 150 168 184 197 205 214 222 231 238 245 252 261 270 280 292 302 310 314 319 324 328 333 337 341 344 347 350 351 353 355 357 359 360 360 361 360 359 358 358 357 357 356 355 353 352 348 344 340 337 331 325 319 310 305 300 292 289 282 278 272 264 -9999 -9999 -9999 236 235 233 230 227 224 -9999 -9999 -9999 -9999 -9999 -9999 -9999 -9999 -9999 -9999
-9999 -9999 -9999 -9999 -9999 -9999 -9999 -9999 -9999 -9999 -9999 -9999 -9999 -9999 157 168 184 200 209 216 225 233 241 247 253 262 272 281 290 299 306 312 317 322 328 332 336 339 343 347 348 350 352 353 355 356 356 356 356 356 355 355 355 354 353 351 352 352 349 345 340 336 332 328 324 317 310 306 300 294 286 279 272 265 259 252 -9999 -9999 234 233 230 228 -9999 -9999 -9999 -9999 -9999 -9999 -9999 -9999 -9999 -9999 -9999 -9999
-9999 -9999 -9999 -9999 -9999 -9999 -9999 -9999 -9999 -9999 -9999 -9999 -9999 -9999 -9999 168 186 197 206 216 225 234 243 251 258 265 273 280 287 295 302 308 314 320 325 331 335 339 342 345 348 349 350 351 351 352 352 352 350 352 352 350 348 348 345 345 347 347 341 337 333 330 327 325 321 317 310 302 293 284 275 270 266 261 254 -9999 -9999 -9999 -9999 -9999 -9999 -9999 -9999 -9999 -9999 -9999 -9999 -9999 -9999 -9999 -9999 -9999 -9999 -9999
-9999 -9999 -9999 -9999 -9999 -9999 -9999 -9999 -9999 -9999 -9999 -9999 -9999 -9999 -9999 -9999 -9999 192 202 216 226 235 244 255 264 270 274 278 284 290 297 304 311 317 323 328 333 337 341 343 345 346 347 348 347 346 345 345 342 340 340 338 341 340 340 343 347 344 340 339 332 324 323 321 319 315 307 297 288 278 271 266 261 255 252 -9999 -9999 -9999 -9999 -9999 -9999 -9999 -9999 -9999 -9999 -9999 -9999 -9999 -9999 -9999 -9999 -9999 -9999 -9999
-9999 -9999 -9999 -9999 -9999 -9999 -9999 -9999 -9999 -9999 -9999 -9999 -9999 -9999 -9999 -9999 -9999 192 200 215 227 234 244 256 268 272 272 276 279 285 292 299 306 313 319 326 331 334 337 340 342 342 342 342 340 335 333 331 330 329 330 334 334 333 343 343 346 343 339 334 328 323 320 318 318 312 303 293 283 274 267 262 258 -9999 -9999 -9999 -9999 -9999 -9999 -9999 -9999 -9999 -9999 -9999 -9999 -9999 -9999 -9999 -9999 -9999 -9999 -9999 -9999 -9999
-9999 -9999 -9999 -9999 -9999 -9999 -9999 -9999 -9999 -9999 -9999 -9999 -9999 -9999 -9999 -9999 -9999 187 198 213 224 233 244 255 265 268 268 270 272 278 286 293 301 308 316 322 328 331 333 335 336 337 337 334 329 326 325 324 322 322 325 326 325 329 341 344 339 334 332 328 322 322 317 312 312 308 300 288 278 265 260 -9999 -9999 -9999 -9999 -9999 -9999 -9999 -9999 -9999 -9999 -9999 -9999 -9999 -9999 -9999 -9999 -9999 -9999 -9999 -9999 -9999 -9999 -9999
-9999 -9999 -9999 -9999 -9999 -9999 -9999 -9999 -9999 -9999 -9999 -9999 -9999 -9999 -9999 -9999 -9999 -9999 193 209 221 231 241 251 256 259 260 262 264 267 272 280 292 301 311 318 324 327 328 326 324 324 326 325 321 319 318 320 328 326 336 338 330 328 334 328 325 326 327 322 312 307 306 303 303 297 289 281 272 262 257 -9999 -9999 -9999 -9999 -9999 -9999 -9999 -9999 -9999 -9999 -9999 -9999 -9999 -9999 -9999 -9999 -9999 -9999 -9999 -9999 -9999 -9999 -9999
-9999 -9999 -9999 -9999 -9999 -9999 -9999 -9999 -9999 -9999 -9999 -9999 -9999 -9999 -9999 -9999 -9999 177 188 205 217 228 236 244 249 250 250 251 253 254 258 268 280 292 303 314 319 319 317 316 314 313 313 313 313 316 316 319 329 337 336 337 334 324 321 317 320 325 322 316 308 296 298 291 288 286 279 272 264 257 -9999 -9999 -9999 -9999 -9999 -9999 -9999 -9999 -9999 -9999 -9999 -9999 -9999 -9999 -9999 -9999 -9999 -9999 -9999 -9999 -9999 -9999 -9999 -9999
-9999 -9999 -9999 -9999 -9999 -9999 -9999 -9999 -9999 -9999 -9999 -9999 -9999 -9999 -9999 -9999 -9999 174 183 202 215 223 232 238 242 243 242 240 241 240 242 252 265 279 293 308 314 311 308 304 302 300 299 300 301 309 316 320 328 331 333 334 330 327 330 323 316 310 299 291 287 282 278 274 273 -9999 -9999 258 -9999 -9999 -9999 -9999 -9999 -9999 -9999 -9999 -9999 -9999 -9999 -9999 -9999 -9999 -9999 -9999 -9999 -9999 -9999 -9999 -9999 -9999 -9999 -9999 -9999 -9999
-9999 -9999 -9999 -9999 -9999 -9999 -9999 -9999 -9999 -9999 -9999 -9999 -9999 -9999 -9999 -9999 -9999 167 179 198 210 217 223 229 235 235 232 229 228 226 227 239 252 265 278 291 296 296 296 293 290 289 292 290 290 296 301 309 313 317 329 332 329 325 326 328 325 316 298 285 268 263 262 -9999 -9999 -9999 -9999 -9999 -9999 -9999 -9999 -9999 -9999 -9999 -9999 -9999 -9999 -9999 -9999 -9999 -9999 -9999 -9999 -9999 -9999 -9999 -9999 -9999 -9999 -9999 -9999 -9999 -9999 -9999
-9999 -9999 -9999 -9999 -9999 -9999 -9999 -9999 -9999 -9999 -9999 -9999 -9999 -9999 -9999 -9999 -9999 161 171 190 203 208 213 217 220 220 220 219 218 218 221 230 240 249 259 267 272 277 281 281 282 282 282 278 280 292 306 310 311 318 324 334 338 332 327 310 289 280 281 269 262 248 -9999 -9999 -9999 -9999 -9999 -9999 -9999 -9999 -9999 -9999 -9999 -9999 -9999 -9999 -9999 -9999 -9999 -9999 -9999 -9999 -9999 -9999 -9999 -9999 -9999 -9999 -9999 -9999 -9999 -9999 -9999 -9999
