resultados/variables_proyeccion_tiempo/variables_paleo_21k/bio7.asc
ncols 330
nrows 228
xllcorner -12.000000
yllcorner 34.000000
cellsize 0.166667
NODATA_value -9999
[rows 84 to 125 of 228, columns 0 to 93 of 330]
-9999 -9999 -9999 -9999 -9999 -9999 -9999 -9999 -9999 -9999 -9999 -9999 -9999 -9999 -9999 -9999 140 141 143 145 147 150 152 155 159 163 168 175 182 188 197 207 218 231 245 261 279 296 315 334 352 370 388 404 419 431 443 448 452 456 457 459 457 456 456 456 457 457 458 458 459 460 460 461 463 464 467 471 473 478 482 486 491 495 500 504 508 512 515 518 519 520 521 522 522 522 521 521 520 519 518 516 515 514
-9999 -9999 -9999 -9999 -9999 -9999 -9999 -9999 -9999 -9999 -9999 -9999 -9999 -9999 -9999 139 141 143 144 147 149 152 154 158 162 168 173 180 186 192 201 210 222 237 252 269 286 305 324 344 364 382 401 418 434 448 459 464 467 468 473 472 470 466 465 466 466 466 468 469 468 468 469 469 470 472 474 477 480 484 488 492 497 501 505 509 513 517 520 522 525 525 526 526 526 526 526 525 524 523 522 521 520 519
-9999 -9999 -9999 -9999 -9999 -9999 -9999 -9999 -9999 -9999 -9999 -9999 -9999 -9999 -9999 140 142 144 146 148 150 153 157 160 165 172 178 186 192 198 205 215 230 244 260 276 294 313 333 352 371 391 409 427 443 458 471 479 481 484 488 486 480 476 475 473 473 473 474 475 475 475 475 475 476 478 480 483 486 490 493 498 501 506 511 514 518 521 524 527 529 530 530 531 530 530 530 530 528 527 526 525 524 523
-9999 -9999 -9999 -9999 -9999 -9999 -9999 -9999 -9999 -9999 -9999 -9999 -9999 -9999 -9999 142 144 146 148 150 153 156 159 164 169 175 182 190 196 202 209 222 236 250 266 284 300 321 339 359 380 399 418 435 451 467 482 495 502 504 500 495 489 485 482 479 479 478 478 478 478 479 479 480 481 482 485 487 490 494 497 502 506 510 514 518 522 525 528 530 532 534 535 535 534 534 534 532 532 531 530 528 528 527
-9999 -9999 -9999 -9999 -9999 -9999 -9999 -9999 -9999 -9999 -9999 -9999 -9999 -9999 -9999 -9999 144 148 149 152 156 159 162 166 172 178 185 192 200 206 214 226 239 256 273 290 307 326 345 365 387 405 422 441 457 473 486 499 510 517 506 498 493 490 487 484 483 480 480 480 481 482 482 482 484 485 488 490 494 498 501 505 510 514 518 522 524 528 531 533 535 536 537 538 537 537 537 536 536 535 533 533 531 531
-9999 -9999 -9999 -9999 -9999 -9999 -9999 -9999 -9999 -9999 -9999 -9999 -9999 -9999 -9999 -9999 146 149 151 155 158 162 165 170 175 180 187 194 202 208 218 230 244 260 276 294 313 331 352 371 390 408 426 443 460 474 487 502 512 503 500 497 494 491 489 487 485 483 482 483 483 483 484 484 486 487 490 493 496 500 504 508 512 517 521 524 528 530 533 536 538 538 540 540 540 540 539 539 538 538 537 536 535 534
-9999 -9999 -9999 -9999 -9999 -9999 -9999 -9999 -9999 -9999 -9999 -9999 -9999 -9999 -9999 -9999 -9999 151 154 157 162 165 169 173 178 183 190 197 203 212 222 234 248 264 281 298 316 336 355 374 391 409 426 443 459 473 485 494 499 501 500 497 495 492 490 489 487 485 483 484 483 483 484 485 486 488 491 494 497 501 505 509 514 518 522 526 530 533 536 538 540 541 542 542 543 542 542 541 541 540 539 538 538 537
-9999 -9999 -9999 -9999 -9999 -9999 -9999 -9999 -9999 -9999 -9999 -9999 -9999 -9999 -9999 -9999 -9999 -9999 157 160 164 168 172 177 182 187 194 200 207 215 226 238 252 269 286 303 322 340 358 376 393 410 427 441 456 468 480 490 496 498 496 493 491 490 489 488 486 485 484 484 483 483 484 485 486 489 491 494 498 502 506 511 514 519 523 527 531 534 537 540 541 543 543 544 544 544 544 544 543 543 542 541 540 540
-9999 -9999 -9999 -9999 -9999 -9999 -9999 -9999 -9999 -9999 -9999 -9999 -9999 -9999 -9999 -9999 -9999 -9999 159 162 166 171 175 180 185 191 197 203 212 220 229 242 257 273 291 308 326 343 361 376 394 408 424 437 451 463 472 480 487 490 489 488 488 488 487 487 485 484 483 482 482 482 482 483 485 487 490 493 497 501 506 510 515 519 524 528 531 535 538 540 542 543 545 545 546 545 545 545 544 544 544 543 543 542
-9999 -9999 -9999 -9999 -9999 -9999 -9999 -9999 -9999 -9999 -9999 -9999 -9999 -9999 -9999 -9999 -9999 159 161 165 169 174 179 184 189 195 201 209 217 225 234 247 262 278 295 313 329 345 361 378 392 406 420 432 445 455 463 472 477 480 481 482 483 484 485 484 483 482 482 481 479 479 480 480 482 485 489 492 496 500 504 509 514 519 523 528 531 534 538 540 542 544 545 546 546 546 547 546 546 546 545 545 544 544
-9999 -9999 -9999 -9999 -9999 -9999 -9999 -9999 -9999 -9999 -9999 -9999 -9999 -9999 -9999 -9999 -9999 161 164 168 173 178 182 188 194 200 206 214 222 231 241 254 268 283 299 314 330 345 362 376 391 402 416 426 437 446 453 461 467 471 474 476 478 479 481 482 481 479 478 478 476 476 476 477 480 483 486 490 494 499 503 508 513 518 522 527 531 534 537 540 542 544 545 546 547 547 547 546 547 546 546 545 545 545
-9999 -9999 -9999 -9999 -9999 -9999 -9999 -9999 -9999 -9999 -9999 -9999 -9999 -9999 -9999 -9999 -9999 163 167 172 176 182 188 193 199 205 212 219 228 238 249 261 274 288 303 318 332 347 361 374 388 399 410 419 428 435 444 452 456 460 466 468 469 473 475 477 477 476 476 474 473 472 472 474 475 479 482 486 491 496 501 506 511 517 521 525 529 534 536 539 542 543 545 546 546 547 546 547 547 546 546 546 546 546
-9999 -9999 -9999 -9999 -9999 -9999 -9999 -9999 -9999 -9999 -9999 -9999 -9999 -9999 -9999 -9999 163 166 170 176 181 186 191 197 204 210 217 225 234 245 256 268 282 295 309 322 335 347 361 373 385 396 405 414 420 427 435 441 448 453 457 459 463 467 473 476 476 474 472 470 468 468 468 469 472 474 479 483 488 493 498 504 509 514 518 524 528 532 535 538 541 543 544 545 545 546 546 547 547 546 546 546 546 546
-9999 -9999 -9999 -9999 -9999 -9999 -9999 -9999 -9999 -9999 -9999 -9999 -9999 -9999 -9999 -9999 164 168 174 180 185 191 196 202 209 216 223 232 241 252 264 277 289 302 314 326 336 348 360 372 382 392 400 410 415 423 429 435 441 446 450 454 459 466 471 473 472 469 467 465 463 462 463 464 466 470 474 479 484 490 495 500 506 511 516 521 526 530 533 536 539 541 543 544 544 545 545 545 546 546 545 546 546 546
-9999 -9999 -9999 -9999 -9999 -9999 -9999 -9999 -9999 -9999 -9999 -9999 -9999 -9999 -9999 163 166 172 178 183 190 196 202 209 215 222 230 238 247 260 273 286 297 308 319 329 339 348 360 370 382 389 397 405 412 418 425 430 436 439 443 448 454 459 467 468 466 464 462 460 458 457 457 458 461 465 470 475 480 486 491 496 502 508 513 518 523 527 531 534 537 540 541 543 543 543 544 544 544 544 544 545 545 544
-9999 -9999 -9999 -9999 -9999 -9999 -9999 -9999 -9999 -9999 -9999 -9999 -9999 153 157 163 169 175 181 188 194 201 208 214 222 228 236 244 255 270 284 296 306 314 323 332 340 350 360 368 379 386 394 402 409 414 420 425 428 433 438 441 445 450 457 460 460 459 457 455 453 451 451 453 456 460 465 470 476 482 487 493 499 504 510 515 520 525 529 532 535 538 539 540 541 541 541 542 542 542 543 543 542 543
-9999 -9999 -9999 -9999 -9999 -9999 -9999 -9999 -9999 -9999 -9999 -9999 151 154 159 165 172 178 185 192 199 206 214 222 229 237 245 255 268 284 296 306 314 323 331 337 344 352 360 369 377 385 392 400 406 411 416 420 423 426 430 432 435 440 447 451 452 452 450 449 447 445 446 447 452 456 461 466 471 478 483 489 495 501 507 512 516 522 525 529 532 534 536 538 538 538 539 539 540 540 540 541 541 542
-9999 -9999 -9999 -9999 -9999 -9999 -9999 -9999 -9999 -9999 -9999 146 150 155 162 168 175 182 190 197 204 212 221 230 237 246 255 266 281 297 309 316 323 330 337 344 349 354 362 370 377 385 392 398 402 408 410 414 418 420 424 427 431 435 442 445 446 445 445 443 442 441 442 444 447 452 456 462 467 473 479 484 490 496 501 507 513 517 523 526 528 531 533 534 535 536 536 537 537 537 537 538 538 539
-9999 -9999 -9999 -9999 -9999 -9999 -9999 -9999 -9999 -9999 142 146 151 157 163 171 178 186 193 201 209 218 227 236 245 254 264 276 290 304 314 323 330 336 342 348 353 358 364 371 378 385 391 396 399 403 407 410 414 417 421 426 431 436 441 442 441 441 440 438 437 437 438 440 443 447 452 457 463 468 474 479 485 491 497 503 508 513 518 522 525 527 529 531 531 532 533 533 534 534 535 535 536 536
-9999 -9999 -9999 -9999 -9999 -9999 -9999 -9999 -9999 139 143 147 152 159 166 173 181 190 198 206 216 224 233 243 252 261 272 284 297 308 318 327 333 340 346 352 357 361 367 372 377 384 390 395 397 401 404 407 411 415 420 424 427 431 435 437 437 436 435 435 434 434 434 437 440 444 448 453 459 464 469 475 480 486 493 498 503 508 513 518 520 522 525 526 527 528 530 529 530 530 531 531 532 533
-9999 -9999 -9999 -9999 -9999 -9999 -9999 -9999 136 139 143 148 154 161 168 176 184 193 202 211 220 228 237 246 257 267 278 290 301 313 322 330 336 343 349 355 359 363 368 373 378 383 389 394 396 399 402 405 410 414 419 422 426 429 431 432 432 431 431 431 430 430 432 433 436 440 444 450 455 459 463 468 475 481 487 493 498 503 508 512 515 518 520 522 523 524 525 525 525 526 527 528 528 529
-9999 -9999 -9999 -9999 -9999 -9999 -9999 -9999 136 140 145 150 156 163 172 179 188 197 206 215 224 234 243 252 263 272 283 294 305 315 324 332 339 345 351 356 361 365 369 375 378 382 387 391 396 398 401 405 409 414 418 422 425 427 428 429 428 427 427 427 427 427 429 431 432 435 439 444 449 453 457 462 469 475 482 487 493 497 502 506 510 512 514 516 517 519 520 520 521 522 522 523 524 525
-9999 -9999 -9999 -9999 -9999 -9999 132 134 137 141 146 152 159 167 176 185 193 202 212 221 228 238 247 257 267 277 286 297 308 317 326 334 341 347 353 358 363 366 370 376 378 382 386 390 395 399 401 405 408 413 417 422 424 426 426 425 424 424 424 424 423 424 426 426 428 431 434 438 441 444 450 457 464 470 476 482 487 492 496 500 503 506 508 510 512 513 514 514 516 517 517 519 520 521
-9999 -9999 -9999 -9999 -9999 129 132 135 138 143 149 154 161 170 179 188 197 207 217 225 233 242 252 261 271 280 290 299 310 319 328 336 343 349 355 360 363 367 372 376 379 383 386 390 394 397 401 405 409 412 417 421 425 426 425 422 420 419 419 420 420 420 421 422 424 426 429 432 436 439 445 452 459 465 471 476 481 486 490 494 497 500 501 503 506 507 508 509 510 511 512 514 515 516
-9999 -9999 -9999 126 128 130 133 136 140 144 151 157 164 172 181 191 200 210 220 229 238 246 255 264 273 283 292 302 312 321 330 337 344 349 354 359 364 369 372 376 380 384 386 390 394 397 401 405 409 413 417 421 425 427 425 420 415 415 417 417 417 416 418 417 418 420 424 428 432 436 442 448 454 460 465 470 475 480 484 487 490 494 496 497 499 500 502 503 504 506 507 509 510 512
-9999 -9999 126 126 128 131 134 137 141 146 152 158 165 175 183 193 203 214 224 232 240 249 258 267 276 285 294 303 313 322 331 339 346 351 356 361 365 369 373 377 381 385 388 391 394 398 402 406 410 414 417 420 423 426 422 416 412 412 415 415 414 413 412 413 414 416 420 423 429 434 440 445 451 455 460 465 469 474 477 480 483 486 488 490 492 493 495 496 498 499 501 503 504 506
-9999 125 126 126 129 132 134 138 142 147 154 160 168 178 186 195 205 214 225 234 242 251 260 269 279 288 296 304 315 325 333 342 349 354 359 362 366 371 375 379 383 386 389 392 396 399 404 408 411 415 417 419 420 419 417 414 412 413 416 414 411 409 408 409 410 414 416 420 424 430 437 443 447 451 454 458 462 467 470 473 476 479 481 483 484 486 488 489 492 493 495 498 500 501
124 125 126 127 130 132 135 139 143 148 155 161 169 177 186 196 205 214 224 234 243 253 262 271 281 290 299 308 318 327 336 344 352 357 360 364 368 372 377 380 384 387 391 393 397 402 406 410 414 416 417 419 418 416 412 411 410 409 410 410 408 406 405 405 408 411 414 417 421 426 434 439 443 446 450 453 456 460 464 467 470 472 473 476 476 478 480 482 484 487 489 491 494 496
124 126 126 128 130 133 135 140 143 149 154 161 169 177 187 196 205 214 224 234 244 254 264 273 283 293 302 312 321 330 339 348 355 361 364 366 370 374 378 381 385 389 392 395 398 403 408 414 419 421 421 420 420 416 412 410 408 405 403 404 404 403 403 404 408 411 413 414 416 422 429 434 438 442 444 447 449 453 457 461 463 465 466 467 469 470 473 475 477 480 483 486 488 490
125 126 126 128 130 133 136 140 144 149 155 162 169 178 187 195 206 215 224 234 245 255 264 275 286 296 307 316 325 334 343 350 358 364 367 369 371 376 380 384 387 391 394 397 401 404 412 419 423 424 424 423 421 418 414 411 409 406 403 402 401 401 402 406 410 412 412 413 416 421 426 430 434 437 438 440 442 446 450 455 457 457 457 458 460 462 464 467 470 473 477 479 482 484
125 126 127 129 130 133 136 140 144 150 156 162 169 177 186 196 206 216 225 236 245 255 264 276 287 297 308 318 329 338 345 353 359 364 366 369 372 377 381 385 388 392 396 400 404 408 412 418 425 427 426 426 423 419 416 414 412 407 403 400 398 398 400 405 408 410 411 413 417 420 423 426 428 432 434 434 434 438 444 449 450 449 447 449 450 454 457 459 463 466 470 473 476 479
126 127 128 129 131 133 137 140 145 149 155 162 169 177 186 196 206 215 225 235 244 254 266 276 286 297 309 320 331 340 347 354 359 363 365 366 371 376 381 386 390 395 398 402 405 409 411 417 424 427 429 426 423 420 418 417 414 408 403 398 396 396 397 400 403 405 407 410 413 416 419 422 424 427 430 432 430 432 436 440 440 438 438 440 442 446 449 452 456 460 463 467 471 474
126 127 128 128 131 134 135 140 143 149 154 161 169 178 187 196 206 215 224 233 242 252 262 274 283 295 307 319 329 338 346 353 359 360 360 364 370 376 381 387 392 396 400 402 405 408 411 416 423 426 428 427 425 422 420 417 412 407 402 397 394 392 393 395 398 400 403 406 410 411 413 417 420 421 426 429 428 428 430 431 430 428 428 431 434 438 442 445 449 453 457 461 465 469
124 126 128 129 131 133 136 139 143 148 154 160 169 177 187 196 206 215 223 232 240 250 260 270 280 292 304 315 326 335 342 349 353 353 353 359 367 374 381 387 393 397 401 404 406 409 412 415 423 430 429 429 428 424 420 415 411 405 400 395 391 390 390 391 393 395 399 402 404 406 407 413 414 415 418 421 423 424 424 424 422 421 421 423 427 430 434 438 441 446 451 455 459 464
-9999 -9999 127 129 131 132 135 138 142 147 155 162 169 178 187 196 206 214 222 229 238 246 255 265 277 288 301 310 320 329 337 342 344 342 346 355 364 373 381 388 393 399 403 405 407 410 415 420 426 432 432 430 429 425 420 414 409 403 398 395 391 389 388 387 388 391 395 398 401 403 404 408 409 410 411 414 417 419 419 418 416 415 416 417 421 424 428 431 435 440 445 448 453 458
-9999 -9999 -9999 128 130 132 134 138 142 147 152 159 167 176 186 195 204 211 219 227 234 242 249 258 269 281 293 303 314 322 329 334 337 339 344 353 362 371 380 389 397 402 405 408 408 414 420 424 429 431 432 432 430 426 419 412 406 402 398 395 392 390 387 385 385 388 393 398 401 403 403 404 406 408 408 408 411 415 414 411 410 410 410 412 415 418 422 425 429 434 438 443 448 452
-9999 -9999 -9999 128 129 132 134 137 140 145 150 158 167 175 183 192 200 207 215 222 229 235 241 251 262 274 285 296 306 315 322 328 333 337 343 351 360 370 379 389 400 407 409 411 412 417 422 426 428 433 434 434 433 429 420 412 405 401 398 396 394 392 389 385 384 387 393 398 402 404 403 405 407 410 406 404 407 409 407 405 404 404 405 407 409 412 416 420 424 428 432 437 442 446
-9999 -9999 -9999 128 129 131 134 136 139 144 150 156 163 172 180 188 196 203 210 217 224 229 234 244 255 267 278 289 299 308 316 322 328 335 341 349 358 366 377 387 396 404 406 409 412 416 422 426 429 431 434 436 435 429 420 413 408 403 400 398 397 396 392 387 384 388 396 400 403 401 399 402 406 407 405 404 405 404 402 400 399 399 400 402 405 408 411 414 419 422 426 431 435 440
-9999 -9999 -9999 128 128 130 133 135 139 142 148 154 161 168 175 183 190 198 204 211 218 223 230 239 249 260 271 282 292 301 309 316 324 330 338 346 354 363 373 382 390 397 401 404 408 412 419 424 424 426 429 430 431 426 420 414 410 406 403 399 398 398 394 389 387 391 399 405 408 403 400 402 402 403 403 402 402 401 398 396 395 394 396 398 401 403 406 409 414 417 421 425 429 433
-9999 -9999 -9999 -9999 128 129 132 134 138 141 145 151 158 165 171 178 185 192 198 205 212 218 226 235 244 254 265 275 284 294 302 310 318 325 333 341 350 358 367 376 384 390 395 398 403 408 412 416 418 418 418 417 417 418 418 416 413 409 406 402 401 400 397 393 391 397 404 412 413 409 402 404 401 401 400 400 399 397 394 392 391 391 392 394 397 400 403 406 409 412 417 421 425 428
-9999 -9999 -9999 -9999 127 129 131 134 136 140 144 149 155 161 167 174 180 187 194 200 207 214 222 230 240 249 258 268 277 287 295 304 312 319 327 335 344 353 361 370 377 383 388 392 397 401 406 411 414 416 414 412 412 414 417 418 416 413 409 407 406 407 404 398 397 401 408 412 412 409 405 403 402 400 399 398 396 394 390 388 387 387 388 391 394 397 400 404 406 408 413 418 422 426
-9999 -9999 -9999 -9999 127 128 130 133 136 139 143 147 152 158 163 170 176 183 189 196 202 210 217 226 234 243 252 261 270 280 288 296 305 312 321 329 338 346 354 362 369 376 381 385 390 394 398 404 410 415 416 416 414 415 416 419 418 415 412 410 410 411 407 402 402 405 408 410 410 407 404 402 401 400 398 396 393 391 388 385 384 383 384 387 391 395 398 402 405 408 413 417 421 425
