resultados/variables_proyeccion_tiempo/variables_paleo_21k/bio9.asc
ncols 330
nrows 228
xllcorner -12.000000
yllcorner 34.000000
cellsize 0.166667
NODATA_value -9999
[rows 114 to 151 of 228, columns 0 to 86 of 330]
64 62 61 60 59 59 58 56 54 52 50 48 45 41 37 28 22 19 16 5 -2 -8 -15 -42 -50 -59 -62 -69 -59 -57 -57 -64 -71 -61 -54 -54 -68 -76 -78 -79 -80 -82 -85 -88 -92 -92 -92 -87 -80 -82 -78 -84 -83 -119 -140 -139 -136 -135 -132 -131 -128 -118 -123 -121 -119 -120 -120 -123 -125 -123 -123 -125 -127 -126 -129 -133 -117 -121 -131 -128 -129 -131 -135 -138 -140 -142 -144
65 63 61 61 60 60 58 57 55 53 51 49 46 42 36 30 22 21 18 9 0 -6 -20 -26 -29 -34 -41 -47 -52 -60 -57 -61 -67 -62 -51 -60 -70 -75 -77 -78 -79 -82 -85 -90 -91 -90 -88 -88 -83 -80 -81 -75 -85 -109 -140 -139 -135 -133 -130 -128 -126 -123 -122 -122 -121 -120 -122 -124 -123 -122 -121 -122 -124 -126 -128 -131 -133 -132 -129 -128 -129 -131 -134 -136 -138 -139 -140
66 64 63 62 61 60 59 58 56 54 52 49 44 39 34 31 25 22 18 13 4 -4 -14 -23 -25 -33 -41 -44 -47 -52 -56 -55 -61 -45 -51 -52 -59 -74 -76 -77 -78 -79 -82 -84 -86 -88 -88 -92 -84 -78 -76 -72 -68 -77 -86 -134 -138 -132 -129 -129 -126 -123 -122 -121 -119 -119 -121 -120 -121 -135 -120 -120 -122 -123 -125 -127 -130 -130 -128 -128 -129 -131 -133 -134 -135 -136 -137
68 67 65 63 62 61 60 58 56 54 52 48 43 40 35 29 21 18 15 10 3 -6 -14 -15 -14 -16 -24 -35 -41 -49 -47 -43 -37 -42 -44 -51 -61 -72 -73 -74 -75 -77 -79 -82 -84 -87 -87 -92 -83 -83 -75 -74 -73 -68 -69 -138 -123 -131 -126 -127 -126 -123 -122 -118 -119 -119 -119 -118 -117 -119 -123 -118 -119 -121 -122 -129 -126 -126 -127 -128 -129 -130 -131 -130 -131 -132 -133
-9999 -9999 67 65 63 62 60 60 57 53 40 41 40 36 33 26 17 12 12 9 1 -4 -12 -8 -4 -8 -20 -15 -23 -28 -30 -35 -36 -40 -43 -44 -63 -69 -71 -72 -74 -75 -78 -82 -85 -89 -92 -88 -75 -81 -75 -66 -68 -62 -64 -127 -132 -128 -122 -121 -120 -119 -117 -116 -117 -116 -115 -115 -115 -115 -116 -118 -118 -119 -122 -125 -125 -125 -125 -126 -127 -127 -127 -128 -128 -128 -129
-9999 -9999 -9999 68 65 63 62 60 53 50 47 45 41 40 37 28 21 18 10 7 1 -4 -7 -5 5 -2 -6 -7 -12 -16 -21 -26 -32 -35 -37 -45 -61 -66 -68 -70 -73 -78 -81 -87 -91 -94 -93 -82 -72 -69 -68 -64 -60 -58 -61 -112 -126 -125 -119 -118 -117 -118 -116 -117 -115 -114 -113 -112 -113 -112 -113 -115 -117 -119 -122 -122 -122 -122 -121 -122 -123 -123 -123 -124 -124 -125 -125
-9999 -9999 -9999 69 67 65 63 60 58 54 48 44 44 43 37 35 24 20 15 11 7 2 -3 -6 5 6 2 -2 -7 -12 -16 -21 -25 -29 -34 -41 -57 -61 -65 -69 -75 -80 -84 -88 -89 -89 -84 -79 -71 -66 -65 -62 -54 -60 -47 -50 -113 -120 -116 -119 -123 -119 -116 -114 -111 -110 -111 -112 -113 -113 -113 -114 -115 -116 -117 -118 -118 -117 -117 -117 -118 -119 -119 -119 -120 -121 -121
-9999 -9999 -9999 71 69 66 64 62 59 56 56 52 48 46 42 36 31 23 18 14 10 6 3 -1 1 12 8 3 -2 -7 -12 -16 -20 -26 -27 -37 -54 -57 -61 -66 -69 -73 -74 -77 -76 -74 -76 -76 -66 -62 -58 -55 -55 -51 -55 -45 -68 -116 -119 -122 -118 -114 -110 -108 -107 -108 -109 -112 -113 -111 -110 -107 -109 -111 -112 -113 -113 -112 -112 -112 -113 -114 -115 -115 -116 -117 -117
-9999 -9999 -9999 78 81 79 70 68 71 66 67 63 55 49 41 38 32 27 25 21 17 14 10 5 2 12 13 8 3 -2 -7 -11 -15 -18 -21 -31 -47 -52 -55 -59 -61 -64 -66 -66 -65 -64 -65 -65 -65 -65 -64 -66 -66 -60 -60 -60 -109 -118 -120 -115 -113 -112 -111 -109 -106 -107 -110 -108 -107 -105 -103 -100 -103 -106 -108 -108 -109 -109 -108 -109 -110 -110 -111 -111 -112 -112 -113
-9999 -9999 -9999 -9999 88 86 85 83 81 80 77 71 62 59 46 42 39 36 33 29 25 20 14 10 16 22 17 12 8 3 -2 -6 -9 -12 -18 -24 -42 -47 -49 -52 -54 -55 -56 -57 -57 -57 -56 -56 -57 -60 -64 -66 -63 -59 -58 -62 -75 -93 -116 -112 -115 -114 -110 -108 -105 -104 -93 -88 -103 -101 -99 -99 -103 -105 -106 -106 -106 -106 -107 -107 -108 -107 -107 -107 -107 -108 -108
-9999 -9999 -9999 -9999 88 87 86 85 84 83 80 78 74 65 53 49 44 41 37 32 28 24 24 21 29 25 22 17 13 8 4 1 -2 -5 -8 -11 -23 -39 -43 -45 -46 -48 -49 -51 -51 -50 -50 -52 -55 -54 -59 -60 -59 -58 -59 -62 -64 -62 -76 -72 -66 -62 -56 -77 -41 -30 -18 -16 -75 -105 -99 -100 -100 -94 -83 -75 -73 -66 -91 -106 -105 -103 -103 -103 -103 -103 -104
-9999 -9999 -9999 -9999 89 88 87 86 85 85 82 80 78 76 72 68 63 56 50 52 46 44 44 39 35 31 27 23 18 14 10 7 4 1 -2 -5 -12 -34 -36 -38 -40 -41 -43 -44 -46 -46 -47 -51 -51 -43 -42 -49 -63 -59 -56 -56 -57 -59 -59 -47 -34 -20 -18 -17 -17 -19 -17 -17 -36 -102 -99 -78 -25 -23 -41 -46 -46 -47 -53 -103 -100 -98 -99 -99 -99 -100 -100
-9999 -9999 -9999 -9999 -9999 90 88 87 86 85 83 81 79 77 75 73 70 67 63 60 56 52 48 44 40 36 33 28 24 20 17 13 10 7 4 2 -5 -9 -23 -32 -33 -35 -36 -37 -41 -50 -48 -48 -50 -35 -35 -42 -53 -60 -56 -56 -56 -56 -49 -26 -23 -20 -16 -12 -12 -14 -14 -15 -14 -37 -68 -28 -15 -16 -21 -38 -41 -41 -40 -71 -94 -95 -98 -97 -97 -97 -98
-9999 -9999 -9999 -9999 -9999 90 89 88 88 86 85 82 81 79 77 75 73 69 66 63 59 55 51 48 44 40 37 34 30 27 23 20 17 14 11 8 6 3 -7 -22 -27 -28 -29 -32 -39 -42 -44 -42 -31 -27 -26 -24 -31 -47 -51 -51 -55 -53 -29 -20 -20 -18 -14 -12 -10 -8 -8 -9 -9 -10 -10 -11 -12 -12 -12 -34 -36 -36 -36 -43 -69 -77 -92 -99 -98 -95 -95
-9999 -9999 -9999 -9999 -9999 -9999 -9999 90 89 87 85 84 82 81 79 76 74 71 69 66 62 58 56 52 49 46 43 39 35 33 30 27 24 21 18 15 12 10 7 -0 -16 -21 -26 -31 -22 -34 -37 -21 -28 -21 -17 -14 -18 -40 -40 -41 -43 -30 -16 -17 -16 -14 -12 -11 -10 -7 -6 -6 -7 -7 -7 -7 -7 -6 -14 -33 -32 -32 -31 -35 -55 -69 -86 -96 -96 -95 -92
-9999 -9999 -9999 -9999 -9999 -9999 -9999 90 89 85 85 84 82 82 80 78 76 74 71 69 66 63 60 58 54 51 47 44 42 40 36 33 30 28 25 21 18 16 13 11 9 4 0 -5 -4 -11 -18 -12 -14 -10 -10 -7 -6 -7 -13 -21 -17 -10 -10 -11 -12 -11 -10 -9 -7 -6 -5 -5 -5 -5 -5 -5 -4 -3 -15 -29 -29 -28 -28 -30 -54 -83 -87 -89 -90 -92 -92
-9999 -9999 -9999 -9999 -9999 -9999 93 91 89 87 87 86 85 84 83 80 77 77 75 72 69 67 65 62 58 55 52 50 48 45 43 40 37 35 32 28 25 22 16 13 8 10 10 10 9 7 5 4 1 -2 0 3 5 9 11 11 3 -1 -5 -6 -7 -8 -8 -7 -6 -4 -3 -3 -3 -3 -2 -2 -1 -2 -25 -26 -25 -24 -24 -23 -58 -81 -83 -85 -86 -87 -89
-9999 -9999 -9999 -9999 -9999 -9999 91 91 89 88 88 87 86 86 84 80 81 80 78 75 72 69 68 66 63 60 58 56 53 51 49 46 43 40 37 35 32 26 18 19 13 15 19 20 18 16 15 13 12 11 10 20 23 22 22 21 20 20 13 4 -2 3 7 11 10 9 9 5 2 3 1 1 0 -19 -23 -22 -21 -20 -18 -54 -72 -82 -81 -81 -82 -84 -84
-9999 -9999 -9999 -9999 -9999 -9999 91 90 91 88 89 89 88 87 86 84 83 82 79 76 74 73 72 70 66 66 63 61 59 57 54 52 50 45 41 40 38 36 32 30 26 26 27 26 24 23 21 20 19 21 29 30 29 29 28 27 26 25 24 19 11 11 12 12 13 14 15 16 17 17 16 11 -0 -20 -19 -19 -19 -19 -23 -30 -56 -78 -81 -79 -78 -77 -77
-9999 -9999 -9999 -9999 -9999 -9999 94 92 91 90 90 90 89 89 89 86 84 84 83 79 79 77 76 74 72 70 68 66 64 62 60 58 55 53 50 48 45 42 40 37 35 34 33 32 31 30 29 28 33 39 38 36 35 34 34 33 32 31 28 25 20 15 12 12 14 16 17 18 19 20 21 22 -40 -42 -24 -22 -22 -21 -24 -53 -74 -81 -81 -80 -78 -76 -74
-9999 -9999 -9999 -9999 -9999 94 93 91 91 90 89 89 91 91 90 89 87 87 86 83 82 80 80 78 76 74 71 70 69 67 65 63 61 58 56 54 51 49 46 44 42 40 39 38 37 36 39 45 47 45 44 43 42 41 40 38 37 37 34 32 27 17 14 14 17 19 20 20 21 22 6 -47 -66 -62 -61 -61 -51 -53 -56 -75 -76 -75 -76 -75 -75 -73 -72
-9999 -9999 -9999 -9999 94 93 93 92 91 89 90 90 91 92 91 91 90 88 87 86 85 84 83 80 79 78 77 75 73 71 69 67 65 63 61 59 56 54 52 50 48 46 45 44 43 49 55 55 53 51 50 49 48 46 45 43 41 42 43 38 35 26 24 23 23 23 22 23 23 -4 -49 -66 -68 -70 -69 -69 -69 -67 -67 -69 -69 -71 -69 -71 -68 -66 -66
-9999 -9999 -9999 -9999 94 92 93 93 94 93 93 94 94 93 94 92 92 90 89 91 90 86 84 84 82 81 79 77 77 75 72 70 69 68 65 63 61 59 58 56 54 52 51 51 60 62 61 60 58 57 54 52 52 51 50 49 48 49 48 39 31 27 31 28 28 26 25 24 24 -50 -66 -66 -69 -69 -70 -69 -67 -68 -64 -62 -64 -64 -63 -63 -64 -62 -58
-9999 -9999 -9999 -9999 -9999 93 94 93 93 93 94 95 95 94 95 94 92 92 91 89 86 88 87 86 85 84 82 81 80 78 77 75 73 71 70 67 66 64 62 60 59 57 59 68 68 68 66 64 62 60 57 56 56 55 54 54 53 53 50 38 31 28 29 31 29 28 26 24 25 -48 -64 -62 -65 -66 -68 -67 -65 -64 -63 -62 -60 -58 -60 -58 -55 -55 -54
-9999 -9999 -9999 -9999 -9999 -9999 -9999 95 94 95 95 94 95 96 96 95 93 92 91 91 92 91 92 91 90 87 86 84 83 81 79 78 77 75 73 71 70 68 66 65 63 63 73 74 73 72 69 67 65 63 61 59 58 57 57 57 56 55 47 23 20 20 25 33 32 31 30 27 29 -17 -66 -61 -63 -65 -66 -65 -63 -62 -60 -59 -56 -57 -54 -53 -50 -47 -46
-9999 -9999 -9999 -9999 -9999 -9999 -9999 -9999 -9999 97 97 97 98 97 96 95 96 96 96 94 94 93 90 89 89 88 88 87 84 84 82 81 80 78 77 75 73 71 70 68 67 73 79 78 75 72 71 68 67 66 63 60 59 58 58 61 59 56 17 -6 -16 -18 -12 18 36 34 31 31 33 34 -20 -59 -58 -62 -65 -63 -60 -58 -56 -54 -53 -52 -52 -51 -50 -45 -41
-9999 -9999 -9999 -9999 -9999 -9999 -9999 -9999 -9999 -9999 -9999 -9999 -9999 98 98 96 96 95 95 94 94 92 93 92 90 89 89 89 88 86 85 84 82 81 79 78 76 74 74 72 76 83 81 78 74 72 70 69 67 65 62 60 58 59 58 62 59 42 1 -14 -15 -15 -17 -19 32 43 41 41 41 40 33 17 -25 -48 -56 -57 -56 -56 -54 -52 -50 -48 -48 -47 -44 -41 -39
-9999 -9999 -9999 -9999 -9999 -9999 -9999 -9999 -9999 -9999 -9999 -9999 -9999 -9999 -9999 96 96 96 97 96 95 95 94 94 93 92 91 90 89 88 85 86 85 82 82 80 78 78 77 76 80 83 82 78 75 75 73 69 64 64 63 60 58 58 57 57 58 47 3 -12 -12 -14 -15 -17 31 47 46 48 49 47 46 26 9 7 -44 -48 -48 -49 -50 -47 -45 -44 -43 -42 -40 -38 -36
-9999 -9999 -9999 -9999 -9999 -9999 -9999 -9999 -9999 -9999 -9999 -9999 -9999 -9999 98 97 99 99 100 99 97 96 97 96 95 94 93 92 91 90 89 88 87 86 83 83 82 81 80 78 82 89 87 85 82 80 77 74 73 71 69 65 64 63 62 60 58 55 15 -5 -9 -9 -10 12 43 53 55 56 57 55 54 57 46 42 32 11 -34 -44 -43 -40 -39 -39 -38 -37 -36 -35 -33
-9999 -9999 -9999 -9999 -9999 -9999 -9999 -9999 -9999 -9999 -9999 -9999 -9999 -9999 -9999 -9999 -9999 -9999 -9999 -9999 -9999 -9999 -9999 98 97 96 95 94 93 92 91 90 90 89 89 87 85 84 83 80 83 92 91 87 86 83 80 77 75 72 72 70 69 69 70 68 67 66 47 22 13 9 19 49 53 62 63 65 65 66 64 67 69 72 71 72 -3 -38 -36 -35 -34 -34 -33 -32 -32 -30 -29
-9999 -9999 -9999 -9999 -9999 -9999 -9999 -9999 -9999 -9999 -9999 -9999 -9999 -9999 -9999 -9999 -9999 -9999 -9999 -9999 -9999 -9999 -9999 -9999 98 98 97 96 95 94 93 93 92 91 89 89 87 86 86 85 83 86 91 88 90 86 81 84 82 80 79 79 76 76 75 73 72 73 68 38 30 32 48 63 70 71 72 72 72 74 75 76 78 79 77 76 64 10 -30 -28 -28 -28 -28 -27 -26 -27 -26
-9999 -9999 -9999 -9999 -9999 -9999 -9999 -9999 -9999 -9999 -9999 -9999 -9999 -9999 -9999 -9999 -9999 -9999 -9999 -9999 -9999 -9999 -9999 -9999 -9999 -9999 -9999 98 96 96 96 95 94 93 92 91 90 90 89 88 87 86 85 87 85 82 81 85 90 89 88 86 84 82 80 79 77 78 78 79 79 71 78 78 77 78 79 80 80 82 83 83 84 85 83 85 85 59 -15 -23 -23 -22 -22 -23 -22 -22 -22
-9999 -9999 -9999 -9999 -9999 -9999 -9999 -9999 -9999 -9999 -9999 -9999 -9999 -9999 -9999 -9999 -9999 -9999 -9999 -9999 -9999 -9999 -9999 -9999 -9999 -9999 -9999 100 98 98 98 97 97 94 93 94 92 92 91 90 90 89 88 87 86 86 84 87 93 96 95 93 92 88 88 87 86 84 84 85 85 84 85 84 84 85 86 87 88 89 89 89 90 91 91 92 91 91 71 17 -16 -17 -18 -18 -18 -19 -20
-9999 -9999 -9999 -9999 -9999 -9999 -9999 -9999 -9999 -9999 -9999 -9999 -9999 -9999 -9999 -9999 -9999 -9999 -9999 -9999 -9999 -9999 -9999 -9999 -9999 -9999 -9999 -9999 -9999 -9999 -9999 -9999 -9999 97 97 96 95 94 93 94 94 92 91 91 90 89 88 88 90 98 100 100 97 96 94 92 92 91 91 91 90 90 91 91 91 92 92 93 94 95 96 96 95 96 96 99 99 98 97 90 55 -13 -13 -13 -13 -15 -18
-9999 -9999 -9999 -9999 -9999 -9999 -9999 -9999 -9999 -9999 -9999 -9999 -9999 -9999 -9999 -9999 -9999 -9999 -9999 -9999 -9999 -9999 -9999 -9999 -9999 -9999 -9999 -9999 -9999 -9999 -9999 -9999 -9999 -9999 -9999 100 99 98 98 97 96 95 94 94 94 93 92 92 91 95 100 102 101 98 100 98 97 96 96 96 96 95 96 97 95 95 95 96 98 99 99 101 102 102 102 102 103 103 101 99 100 26 -8 -9 -10 -11 -14
-9999 -9999 -9999 -9999 -9999 -9999 -9999 -9999 -9999 -9999 -9999 -9999 -9999 -9999 -9999 -9999 -9999 -9999 -9999 -9999 -9999 -9999 -9999 -9999 -9999 -9999 -9999 -9999 -9999 -9999 -9999 -9999 -9999 -9999 -9999 -9999 -9999 -9999 101 98 98 97 97 97 97 96 96 95 94 95 97 104 106 104 103 103 102 101 101 101 101 101 102 102 101 100 100 98 99 102 105 106 105 106 106 107 106 105 104 103 101 74 -6 -6 -5 -5 -6
-9999 -9999 -9999 -9999 -9999 -9999 -9999 -9999 -9999 -9999 -9999 -9999 -9999 -9999 -9999 -9999 -9999 -9999 -9999 -9999 -9999 -9999 -9999 -9999 -9999 -9999 -9999 -9999 -9999 -9999 -9999 -9999 -9999 -9999 -9999 -9999 -9999 -9999 -9999 -9999 102 102 100 100 100 100 100 99 98 97 97 102 107 109 108 107 107 106 106 106 106 105 105 106 105 104 102 102 103 105 107 109 109 109 108 110 110 109 108 107 106 97 16 -3 -3 -2 -3
-9999 -9999 -9999 -9999 -9999 -9999 -9999 -9999 -9999 -9999 -9999 -9999 -9999 -9999 -9999 -9999 -9999 -9999 -9999 -9999 -9999 -9999 -9999 -9999 -9999 -9999 -9999 -9999 -9999 -9999 -9999 -9999 -9999 -9999 -9999 -9999 -9999 -9999 -9999 -9999 -9999 -9999 104 104 103 103 103 103 102 101 100 99 102 109 113 112 111 110 110 111 110 110 110 109 109 110 109 106 106 106 109 110 111 112 113 113 112 113 113 113 110 108 27 -0 -2 0 -0
