resultados/variables_proyeccion_tiempo/variables_paleo_21k/bio9.asc
ncols 330
nrows 228
xllcorner -12.000000
yllcorner 34.000000
cellsize 0.166667
NODATA_value -9999
[rows 76 to 113 of 228, columns 87 to 173 of 330]
-180 -180 -179 -178 -176 -174 -170 -169 -9999 -9999 -9999 -164 -164 -164 -170 -171 -175 -172 -169 -167 -168 -173 -187 -193 -212 -224 -224 -224 -216 -208 -233 -255 -271 -260 -272 -253 -254 -244 -241 -228 -222 -219 -217 -220 -214 -211 -206 -203 -200 -203 -206 -207 -212 -217 -220 -219 -219 -220 -221 -223 -221 -218 -218 -215 -213 -212 -211 -209 -207 -207 -210 -208 -208 -208 -204 -200 -200 -200 -200 -201 -203 -206 -208 -210 -213 -215 -218
-181 -181 -180 -179 -177 -174 -172 -170 -9999 -9999 -9999 -9999 -164 -163 -163 -164 -169 -168 -170 -172 -172 -183 -193 -201 -212 -220 -213 -224 -221 -211 -203 -245 -269 -262 -262 -256 -254 -248 -235 -227 -225 -220 -216 -213 -212 -208 -205 -166 -175 -202 -205 -207 -210 -214 -220 -221 -220 -221 -220 -222 -219 -216 -214 -214 -212 -211 -209 -208 -207 -206 -206 -206 -204 -202 -201 -200 -201 -201 -202 -202 -203 -205 -208 -210 -212 -214 -217
-182 -182 -181 -180 -179 -178 -174 -172 -9999 -9999 -9999 -168 -167 -166 -165 -165 -167 -173 -180 -176 -178 -182 -196 -213 -220 -215 -210 -215 -217 -212 -198 -210 -250 -265 -259 -251 -242 -246 -237 -228 -224 -219 -215 -210 -208 -206 -204 -172 -186 -203 -204 -208 -210 -215 -218 -221 -220 -220 -220 -218 -215 -213 -213 -212 -211 -210 -208 -207 -206 -206 -206 -207 -205 -205 -202 -203 -203 -202 -202 -202 -203 -204 -207 -209 -210 -214 -217
-183 -182 -182 -182 -182 -180 -178 -175 -172 -170 -9999 -168 -168 -168 -166 -166 -166 -172 -177 -181 -187 -195 -200 -208 -211 -202 -210 -214 -214 -204 -198 -187 -200 -226 -249 -246 -241 -239 -234 -226 -221 -216 -211 -206 -202 -201 -202 -202 -203 -204 -206 -208 -210 -216 -217 -219 -219 -220 -221 -215 -213 -212 -212 -211 -210 -209 -208 -207 -206 -206 -206 -205 -206 -203 -200 -203 -201 -199 -200 -200 -202 -206 -209 -210 -212 -214 -217
-184 -184 -183 -182 -182 -181 -180 -177 -173 -171 -9999 -9999 -9999 -167 -166 -166 -168 -171 -176 -183 -187 -186 -196 -200 -200 -194 -197 -202 -207 -193 -189 -180 -186 -179 -181 -191 -197 -219 -228 -223 -215 -208 -206 -9999 -198 -199 -200 -201 -203 -205 -207 -209 -210 -214 -216 -218 -217 -218 -216 -214 -212 -212 -211 -211 -209 -210 -209 -208 -205 -205 -205 -204 -201 -199 -199 -200 -198 -198 -199 -200 -200 -202 -204 -207 -211 -213 -216
-185 -185 -184 -183 -183 -182 -181 -179 -177 -174 -171 -9999 -9999 -9999 -9999 -166 -167 -168 -170 -173 -175 -182 -186 -193 -188 -189 -188 -195 -190 -184 -184 -181 -177 -174 -172 -167 -158 -157 -208 -216 -209 -9999 -9999 -9999 -9999 -9999 -199 -200 -203 -205 -208 -210 -211 -213 -214 -216 -216 -215 -214 -213 -211 -211 -211 -210 -210 -211 -210 -215 -207 -206 -206 -202 -199 -199 -198 -198 -197 -197 -197 -198 -201 -203 -206 -208 -211 -213 -216
-186 -185 -184 -184 -183 -182 -181 -180 -177 -175 -173 -172 -172 -170 -9999 -9999 -167 -9999 -9999 -9999 -164 -166 -170 -178 -181 -182 -188 -189 -186 -183 -179 -178 -173 -168 -164 -159 -153 -146 -157 -9999 -9999 -9999 -9999 -9999 -9999 -9999 -9999 -200 -201 -204 -205 -208 -211 -212 -214 -214 -214 -215 -213 -213 -212 -212 -211 -211 -211 -212 -213 -213 -208 -207 -204 -200 -200 -200 -200 -199 -198 -198 -199 -200 -202 -205 -207 -210 -212 -214 -217
-185 -185 -184 -184 -183 -182 -182 -181 -179 -177 -178 -177 -175 -174 -173 -171 -170 -168 -166 -9999 -9999 -9999 -9999 -162 -171 -177 -177 -177 -177 -177 -173 -170 -166 -162 -157 -152 -145 -9999 -9999 -9999 -9999 -9999 -9999 -208 -208 -206 -205 -205 -205 -202 -204 -204 -210 -213 -214 -213 -214 -214 -212 -214 -213 -212 -212 -213 -214 -214 -214 -214 -212 -212 -202 -200 -204 -203 -202 -199 -200 -201 -201 -200 -204 -207 -208 -208 -211 -214 -217
-184 -185 -184 -183 -183 -182 -182 -181 -181 -181 -180 -180 -179 -179 -178 -176 -174 -172 -170 -167 -166 -9999 -9999 -9999 -164 -164 -165 -168 -166 -165 -165 -160 -158 -151 -9999 -9999 -9999 -9999 -9999 -214 -215 -215 -216 -215 -215 -214 -212 -210 -209 -207 -204 -204 -211 -213 -214 -213 -213 -211 -213 -212 -214 -216 -215 -216 -216 -215 -216 -216 -214 -207 -202 -207 -207 -204 -204 -202 -200 -201 -202 -202 -204 -206 -208 -208 -211 -215 -218
-183 -183 -183 -183 -183 -182 -182 -181 -181 -182 -181 -181 -180 -179 -178 -177 -176 -174 -173 -171 -169 -167 -166 -165 -163 -9999 -9999 -9999 -9999 -9999 -9999 -9999 -9999 -9999 -9999 -145 -146 -146 -184 -221 -221 -221 -222 -221 -219 -218 -217 -215 -214 -211 -209 -210 -214 -215 -214 -214 -210 -212 -180 -171 -194 -217 -216 -217 -216 -215 -218 -216 -213 -209 -206 -208 -208 -206 -204 -204 -204 -202 -202 -202 -205 -207 -208 -210 -213 -216 -219
-182 -182 -182 -182 -182 -181 -181 -180 -180 -181 -181 -180 -180 -179 -178 -177 -177 -176 -175 -174 -173 -172 -171 -169 -167 -165 -162 -160 -158 -157 -155 -154 -153 -152 -151 -150 -151 -151 -208 -227 -226 -224 -223 -224 -223 -222 -220 -218 -216 -215 -215 -215 -215 -214 -214 -213 -211 -210 -184 -172 -180 -212 -212 -213 -212 -212 -213 -213 -213 -210 -208 -210 -210 -206 -202 -202 -203 -203 -203 -204 -205 -207 -209 -211 -213 -217 -220
-180 -181 -181 -181 -180 -180 -180 -180 -179 -179 -179 -179 -179 -179 -179 -179 -178 -177 -176 -175 -175 -174 -173 -172 -170 -168 -167 -165 -163 -161 -159 -158 -158 -157 -157 -157 -156 -183 -229 -229 -227 -227 -226 -226 -225 -224 -223 -221 -217 -217 -216 -216 -215 -215 -214 -212 -210 -209 -210 -200 -209 -211 -213 -212 -211 -212 -211 -211 -211 -207 -206 -207 -206 -205 -203 -202 -202 -202 -202 -204 -206 -209 -210 -212 -215 -218 -221
-179 -179 -179 -179 -179 -179 -179 -179 -178 -179 -179 -178 -178 -179 -178 -178 -178 -177 -176 -175 -175 -175 -174 -173 -172 -170 -168 -168 -167 -165 -163 -162 -161 -160 -159 -158 -175 -229 -229 -228 -227 -227 -227 -226 -224 -224 -224 -221 -218 -217 -217 -217 -216 -214 -212 -211 -209 -208 -209 -210 -210 -211 -211 -209 -209 -209 -207 -208 -206 -205 -205 -205 -205 -204 -205 -206 -207 -206 -206 -206 -207 -210 -211 -213 -215 -218 -224
-177 -177 -177 -177 -177 -177 -177 -177 -177 -177 -177 -176 -176 -177 -177 -177 -176 -176 -176 -175 -174 -174 -173 -172 -171 -170 -169 -169 -168 -166 -164 -163 -162 -161 -159 -176 -231 -231 -230 -230 -230 -230 -228 -226 -225 -224 -222 -220 -218 -217 -216 -216 -215 -214 -212 -210 -208 -206 -206 -207 -208 -208 -209 -208 -207 -208 -207 -205 -206 -204 -205 -205 -205 -204 -204 -205 -209 -209 -209 -210 -210 -211 -212 -214 -217 -221 -225
-175 -175 -175 -176 -175 -175 -175 -175 -175 -175 -175 -175 -175 -175 -175 -175 -175 -174 -173 -174 -173 -173 -172 -171 -170 -170 -168 -168 -167 -165 -163 -162 -161 -160 -181 -231 -231 -231 -230 -230 -230 -231 -230 -229 -227 -224 -222 -220 -218 -217 -216 -216 -215 -214 -211 -210 -208 -206 -204 -205 -204 -206 -207 -180 -169 -204 -206 -205 -205 -204 -205 -204 -203 -203 -204 -207 -210 -211 -212 -211 -212 -213 -214 -216 -219 -223 -226
-173 -173 -173 -173 -173 -173 -173 -173 -174 -173 -173 -174 -174 -174 -173 -173 -173 -172 -172 -172 -171 -171 -170 -170 -169 -168 -167 -166 -165 -164 -162 -161 -159 -185 -229 -230 -229 -230 -229 -229 -230 -231 -230 -230 -228 -225 -222 -220 -218 -218 -217 -216 -215 -214 -213 -211 -208 -206 -204 -202 -200 -202 -202 -187 -167 -194 -205 -204 -204 -204 -204 -205 -204 -204 -205 -206 -208 -211 -213 -213 -213 -214 -215 -217 -222 -224 -226
-170 -170 -171 -170 -171 -171 -171 -171 -171 -170 -170 -170 -171 -171 -171 -171 -171 -170 -170 -170 -170 -169 -168 -167 -166 -165 -165 -164 -163 -162 -161 -159 -185 -225 -230 -229 -228 -228 -229 -228 -228 -229 -229 -228 -226 -225 -222 -219 -217 -217 -215 -215 -214 -213 -212 -210 -208 -205 -203 -201 -199 -198 -197 -200 -200 -204 -205 -204 -203 -204 -204 -205 -206 -205 -206 -208 -209 -211 -212 -214 -214 -214 -215 -219 -223 -225 -226
-167 -168 -168 -168 -168 -168 -168 -168 -168 -168 -169 -168 -169 -169 -169 -168 -168 -168 -168 -167 -167 -167 -166 -165 -165 -164 -163 -162 -161 -160 -163 -185 -231 -230 -230 -230 -229 -228 -227 -228 -228 -228 -228 -227 -225 -223 -221 -219 -218 -217 -215 -214 -212 -211 -210 -209 -207 -205 -203 -201 -199 -202 -201 -200 -201 -202 -202 -202 -202 -203 -204 -205 -206 -207 -207 -208 -210 -212 -214 -216 -215 -215 -217 -221 -224 -225 -227
-164 -165 -165 -165 -165 -165 -165 -165 -165 -166 -166 -166 -167 -167 -166 -166 -166 -166 -165 -165 -165 -164 -163 -163 -162 -161 -160 -160 -159 -162 -212 -231 -231 -231 -231 -230 -229 -228 -226 -226 -227 -228 -226 -226 -226 -223 -220 -216 -216 -214 -212 -211 -210 -209 -208 -206 -205 -204 -203 -201 -199 -196 -198 -199 -201 -201 -202 -200 -200 -200 -202 -204 -204 -204 -206 -207 -209 -210 -213 -215 -217 -216 -217 -222 -224 -225 -228
-160 -161 -162 -162 -162 -162 -162 -163 -163 -163 -163 -163 -164 -164 -164 -164 -164 -163 -163 -162 -162 -161 -161 -160 -159 -159 -158 -157 -179 -215 -229 -229 -230 -232 -230 -229 -227 -226 -225 -225 -226 -227 -226 -225 -223 -221 -216 -212 -210 -209 -209 -208 -207 -206 -204 -201 -200 -201 -201 -200 -197 -196 -196 -198 -198 -199 -201 -201 -200 -198 -200 -201 -203 -203 -204 -205 -206 -209 -212 -214 -216 -217 -219 -221 -224 -226 -229
-157 -158 -158 -158 -160 -159 -159 -160 -161 -161 -161 -161 -161 -162 -162 -161 -161 -161 -160 -159 -159 -159 -158 -157 -157 -156 -168 -203 -221 -226 -226 -227 -227 -228 -227 -224 -223 -222 -222 -223 -224 -225 -224 -222 -221 -217 -213 -209 -207 -206 -205 -204 -204 -203 -202 -200 -198 -197 -196 -195 -191 -191 -194 -195 -197 -197 -199 -203 -203 -200 -199 -200 -202 -203 -205 -207 -208 -210 -212 -215 -216 -218 -219 -221 -224 -227 -229
-154 -155 -155 -156 -156 -157 -157 -157 -158 -159 -159 -159 -159 -158 -158 -158 -158 -157 -156 -156 -156 -156 -155 -154 -162 -187 -222 -222 -222 -222 -222 -222 -222 -222 -222 -222 -220 -219 -220 -221 -222 -222 -221 -219 -217 -212 -209 -206 -204 -204 -204 -203 -202 -201 -199 -198 -196 -193 -190 -188 -187 -188 -188 -191 -193 -195 -198 -202 -204 -203 -199 -200 -202 -203 -205 -208 -210 -211 -213 -215 -216 -217 -219 -221 -223 -227 -229
-151 -152 -152 -153 -154 -154 -154 -155 -155 -155 -156 -156 -156 -155 -156 -155 -155 -154 -153 -153 -153 -152 -156 -197 -218 -218 -218 -218 -218 -218 -218 -218 -218 -218 -217 -216 -216 -216 -217 -219 -218 -218 -216 -214 -211 -208 -207 -204 -202 -202 -201 -200 -200 -200 -198 -197 -194 -191 -187 -184 -185 -186 -187 -189 -191 -194 -196 -197 -200 -203 -203 -201 -202 -204 -206 -208 -210 -212 -214 -215 -216 -217 -219 -221 -223 -225 -228
-148 -149 -149 -150 -151 -150 -151 -152 -152 -152 -152 -152 -152 -152 -152 -152 -151 -151 -150 -150 -158 -197 -214 -214 -214 -214 -215 -215 -214 -214 -214 -214 -213 -212 -210 -210 -210 -212 -214 -214 -214 -214 -212 -209 -209 -209 -206 -203 -201 -200 -199 -197 -198 -198 -196 -194 -191 -188 -185 -183 -182 -184 -185 -187 -190 -191 -192 -193 -195 -198 -200 -201 -203 -206 -208 -210 -211 -212 -214 -214 -215 -217 -218 -220 -222 -224 -226
-144 -145 -146 -147 -147 -148 -148 -148 -148 -148 -148 -148 -148 -148 -148 -148 -148 -148 -147 -170 -190 -210 -210 -210 -210 -210 -210 -211 -211 -210 -210 -209 -208 -207 -206 -205 -207 -208 -210 -211 -211 -210 -208 -205 -205 -205 -203 -203 -202 -199 -196 -195 -195 -194 -193 -191 -191 -187 -184 -182 -180 -182 -183 -184 -186 -187 -188 -190 -190 -192 -197 -202 -205 -211 -212 -213 -213 -213 -213 -214 -215 -216 -217 -219 -220 -222 -223
-140 -141 -142 -143 -143 -144 -144 -144 -144 -144 -145 -145 -145 -145 -145 -145 -144 -148 -148 -207 -207 -207 -206 -206 -206 -206 -206 -206 -206 -205 -205 -205 -204 -204 -202 -202 -204 -205 -207 -208 -208 -207 -204 -202 -201 -200 -200 -199 -199 -196 -195 -192 -192 -191 -189 -189 -188 -185 -182 -180 -180 -180 -181 -182 -184 -185 -186 -188 -191 -193 -194 -197 -203 -210 -216 -218 -213 -213 -213 -213 -214 -214 -215 -217 -219 -221 -223
-136 -137 -138 -139 -139 -140 -140 -140 -141 -141 -141 -141 -142 -142 -142 -141 -149 -176 -203 -203 -203 -203 -203 -202 -202 -202 -202 -202 -202 -201 -201 -201 -200 -200 -200 -200 -200 -202 -204 -204 -203 -202 -201 -199 -199 -196 -195 -195 -194 -193 -191 -191 -191 -190 -189 -188 -186 -183 -181 -179 -178 -178 -179 -181 -182 -184 -184 -187 -191 -193 -193 -193 -200 -206 -209 -211 -212 -211 -211 -212 -212 -213 -215 -216 -218 -219 -220
-132 -133 -135 -135 -136 -136 -137 -137 -137 -138 -138 -138 -138 -138 -138 -157 -180 -200 -200 -199 -199 -199 -199 -198 -198 -198 -198 -197 -197 -197 -197 -196 -196 -196 -196 -197 -197 -199 -200 -199 -199 -198 -197 -196 -194 -192 -192 -191 -191 -190 -189 -189 -188 -188 -188 -188 -187 -182 -178 -177 -176 -176 -177 -178 -181 -182 -184 -186 -189 -191 -192 -193 -197 -201 -204 -206 -208 -208 -208 -209 -210 -211 -212 -213 -213 -214 -216
-128 -130 -131 -131 -132 -132 -133 -134 -134 -134 -135 -135 -135 -135 -142 -169 -196 -196 -196 -196 -196 -195 -195 -194 -194 -194 -193 -193 -192 -192 -192 -192 -192 -192 -192 -193 -194 -194 -195 -195 -194 -192 -192 -191 -191 -189 -188 -186 -186 -186 -186 -186 -185 -185 -184 -185 -185 -180 -177 -175 -175 -175 -176 -177 -179 -180 -184 -184 -186 -188 -191 -191 -193 -198 -201 -203 -204 -204 -205 -205 -206 -208 -209 -210 -212 -212 -214
-124 -125 -126 -127 -128 -129 -130 -130 -131 -131 -132 -132 -132 -132 -154 -177 -192 -192 -192 -192 -192 -191 -191 -190 -190 -189 -189 -188 -188 -188 -187 -187 -187 -187 -188 -188 -189 -189 -190 -189 -189 -187 -187 -187 -187 -187 -185 -185 -184 -183 -183 -182 -182 -181 -180 -179 -178 -176 -174 -174 -174 -174 -175 -176 -177 -179 -180 -180 -182 -185 -187 -188 -190 -193 -197 -199 -200 -200 -200 -201 -203 -204 -206 -209 -211 -211 -214
-120 -121 -122 -124 -124 -126 -127 -127 -128 -128 -128 -129 -140 -155 -178 -189 -189 -189 -189 -188 -188 -188 -187 -186 -186 -186 -185 -184 -183 -183 -182 -182 -183 -183 -183 -183 -184 -184 -185 -184 -184 -183 -182 -183 -184 -184 -183 -183 -182 -182 -180 -178 -176 -175 -174 -174 -172 -170 -171 -172 -173 -173 -174 -174 -175 -175 -176 -177 -179 -181 -183 -185 -188 -190 -192 -194 -195 -195 -196 -199 -201 -202 -205 -207 -210 -210 -212
-115 -116 -118 -120 -121 -122 -123 -123 -124 -125 -126 -126 -133 -144 -186 -186 -186 -186 -185 -185 -184 -184 -183 -182 -182 -181 -180 -180 -179 -178 -178 -177 -177 -178 -178 -178 -179 -179 -180 -180 -180 -180 -179 -180 -179 -180 -179 -178 -178 -176 -173 -172 -172 -171 -172 -172 -170 -168 -170 -171 -172 -172 -172 -172 -173 -173 -174 -175 -175 -176 -178 -180 -183 -186 -188 -191 -192 -193 -194 -196 -198 -200 -202 -206 -209 -211 -211
-121 -116 -149 -116 -118 -119 -120 -120 -122 -122 -123 -122 -122 -175 -183 -183 -182 -182 -182 -181 -180 -180 -179 -178 -177 -177 -176 -175 -175 -175 -174 -174 -174 -174 -174 -174 -175 -174 -175 -175 -175 -174 -174 -173 -174 -174 -174 -173 -172 -170 -170 -171 -170 -169 -169 -170 -167 -166 -167 -170 -170 -171 -170 -170 -170 -170 -171 -171 -172 -173 -174 -176 -184 -194 -193 -206 -191 -200 -193 -194 -195 -197 -199 -203 -206 -208 -209
-149 -137 -139 -113 -114 -115 -116 -117 -118 -119 -120 -124 -157 -169 -180 -179 -179 -179 -178 -177 -176 -176 -175 -174 -173 -173 -172 -172 -171 -171 -171 -171 -170 -170 -169 -169 -170 -170 -170 -171 -170 -170 -169 -169 -169 -169 -169 -168 -167 -166 -167 -167 -167 -167 -165 -165 -164 -164 -165 -167 -168 -169 -169 -170 -168 -168 -167 -167 -169 -196 -192 -198 -202 -208 -210 -219 -204 -215 -202 -191 -194 -195 -196 -198 -200 -202 -202
-160 -162 -160 -158 -156 -137 -124 -132 -126 -116 -116 -117 -162 -178 -177 -177 -176 -175 -175 -174 -173 -172 -171 -170 -169 -168 -168 -167 -167 -167 -167 -166 -166 -166 -165 -165 -165 -165 -166 -166 -166 -166 -164 -164 -163 -163 -164 -164 -163 -162 -163 -163 -163 -162 -161 -162 -162 -162 -164 -166 -167 -167 -167 -167 -165 -166 -166 -173 -178 -197 -199 -200 -202 -205 -210 -214 -219 -217 -198 -198 -188 -189 -191 -193 -194 -195 -195
-156 -158 -157 -162 -164 -165 -138 -122 -134 -120 -125 -129 -129 -156 -175 -174 -173 -172 -171 -170 -169 -168 -167 -166 -165 -164 -162 -162 -162 -162 -162 -162 -162 -161 -160 -160 -160 -161 -161 -161 -162 -162 -161 -160 -161 -158 -158 -159 -158 -158 -157 -158 -157 -157 -157 -158 -159 -160 -161 -162 -162 -163 -163 -171 -173 -166 -168 -175 -190 -192 -194 -196 -197 -200 -203 -208 -212 -215 -218 -204 -181 -183 -184 -185 -186 -186 -186
-153 -155 -157 -158 -160 -162 -164 -165 -130 -161 -170 -171 -153 -168 -172 -171 -169 -168 -167 -166 -164 -163 -162 -161 -160 -159 -158 -157 -156 -156 -157 -157 -157 -157 -156 -155 -156 -156 -155 -156 -156 -156 -156 -156 -157 -157 -155 -155 -155 -154 -153 -152 -153 -152 -153 -154 -155 -155 -158 -158 -158 -159 -159 -172 -180 -169 -165 -181 -185 -190 -191 -191 -193 -196 -198 -201 -204 -206 -210 -211 -205 -186 -179 -177 -178 -177 -178
-149 -151 -153 -155 -157 -158 -160 -161 -163 -164 -166 -167 -150 -151 -169 -167 -165 -164 -163 -161 -160 -158 -157 -157 -155 -154 -153 -152 -151 -152 -152 -152 -153 -152 -152 -152 -151 -149 -149 -150 -151 -151 -151 -152 -154 -153 -153 -152 -151 -152 -152 -148 -148 -148 -149 -149 -150 -151 -153 -153 -153 -154 -154 -159 -166 -172 -175 -170 -176 -186 -186 -188 -191 -194 -195 -197 -199 -201 -202 -204 -204 -205 -193 -181 -181 -169 -179
