resultados/variables_proyeccion_tiempo/variables_paleo_21k/bio9.asc
ncols 330
nrows 228
xllcorner -12.000000
yllcorner 34.000000
cellsize 0.166667
NODATA_value -9999
[rows 38 to 75 of 228, columns 87 to 173 of 330]
-9999 -9999 -9999 -9999 -9999 -9999 -9999 -9999 -9999 -9999 -9999 -9999 -9999 -9999 -9999 -9999 -9999 -9999 -9999 -9999 -9999 -9999 -9999 -9999 -9999 -9999 -9999 -9999 -9999 -9999 -9999 -9999 -9999 -9999 -9999 -9999 -9999 -9999 -9999 -9999 -9999 -9999 -9999 -9999 -9999 -9999 -9999 -9999 -9999 -9999 -82 -87 -96 -103 -107 -115 -115 -116 -120 -138 -137 -141 -151 -145 -142 -132 -136 -134 -130 -125 -134 -142 -140 -154 -180 -172 -164 -165 -171 -175 -168 -178 -210 -224 -224 -224 -226
-9999 -9999 -9999 -9999 -9999 -9999 -9999 -9999 -9999 -9999 -9999 -9999 -9999 -9999 -9999 -9999 -9999 -9999 -9999 -9999 -9999 -9999 -9999 -9999 -9999 -9999 -9999 -9999 -9999 -9999 -9999 -9999 -9999 -9999 -9999 -9999 -9999 -9999 -9999 -9999 -9999 -9999 -55 -60 -63 -67 -69 -72 -9999 -80 -84 -93 -98 -103 -107 -110 -112 -116 -123 -128 -126 -142 -147 -159 -149 -138 -142 -154 -146 -136 -140 -142 -149 -176 -176 -174 -172 -170 -177 -187 -176 -185 -215 -218 -222 -228 -231
-9999 -9999 -9999 -9999 -9999 -9999 -9999 -9999 -9999 -9999 -9999 -9999 -9999 -9999 -9999 -9999 -9999 -9999 -9999 -9999 -9999 -9999 -9999 -9999 3 2 -9999 -9999 -9999 -9999 -15 -17 -9999 -9999 -9999 -9999 -9999 -9999 -9999 -9999 -9999 -9999 -9999 -61 -66 -70 -74 -76 -77 -82 -89 -97 -101 -104 -107 -109 -113 -116 -120 -128 -131 -134 -146 -152 -137 -138 -152 -161 -153 -153 -152 -151 -165 -182 -179 -175 -181 -181 -187 -188 -202 -220 -222 -222 -222 -225 -232
-9999 -9999 -9999 -9999 -9999 -9999 -9999 -9999 -9999 -9999 -9999 -9999 -9999 -9999 -9999 -9999 -9999 -9999 -9999 -9999 -9999 -9999 -9999 -9999 1 0 -9999 -9999 -9999 -9999 -19 -23 -26 -30 -34 -38 -41 -43 -48 -9999 -56 -9999 -9999 -9999 -66 -69 -71 -75 -80 -88 -93 -98 -100 -103 -108 -111 -121 -122 -127 -128 -129 -142 -147 -148 -132 -138 -145 -140 -148 -153 -168 -182 -189 -185 -181 -176 -183 -194 -182 -203 -221 -224 -225 -226 -232 -235 -235
-9999 -9999 -9999 -9999 -9999 -9999 -9999 -9999 -9999 -9999 -9999 -9999 -9999 -9999 -9999 -9999 -9999 -9999 -9999 -9999 -9999 -9999 -9999 -9999 -9999 -9999 -9999 -9999 -9999 -9999 -25 -28 -32 -35 -40 -44 -47 -50 -52 -54 -57 -58 -9999 -9999 -9999 -71 -74 -79 -89 -94 -98 -100 -102 -106 -109 -113 -120 -123 -128 -130 -145 -147 -139 -130 -137 -140 -134 -141 -140 -136 -131 -172 -184 -185 -186 -188 -180 -197 -218 -222 -219 -226 -231 -232 -236 -239 -242
-9999 -9999 -9999 -9999 -9999 -9999 -9999 -9999 -9999 -9999 -9999 -9999 -9999 -9999 -9999 -9999 -9999 -9999 -9999 -9999 -9999 -9999 -9999 -9999 -17 -19 -21 -24 -27 -30 -31 -35 -38 -41 -44 -48 -52 -57 -59 -60 -61 -63 -65 -9999 -9999 -9999 -76 -82 -89 -91 -94 -98 -102 -104 -108 -112 -119 -131 -126 -128 -134 -126 -125 -132 -136 -130 -129 -136 -134 -132 -166 -188 -186 -182 -185 -175 -172 -210 -224 -226 -228 -225 -226 -229 -235 -239 -244
-9999 -9999 -9999 -9999 -9999 -9999 -9999 -9999 -9999 -9999 -9999 -9999 -9999 -9999 -9999 -9999 -9999 -9999 -9999 -9999 -9999 -9999 -9999 -9999 -19 -22 -27 -30 -34 -36 -38 -41 -43 -46 -49 -52 -56 -60 -64 -64 -64 -65 -66 -9999 -9999 -9999 -77 -78 -80 -94 -96 -103 -104 -107 -110 -117 -122 -117 -116 -119 -119 -128 -137 -141 -138 -142 -148 -148 -150 -162 -179 -183 -181 -176 -174 -178 -207 -215 -220 -222 -226 -236 -239 -234 -236 -240 -246
-9999 -9999 -9999 -9999 -9999 -9999 -9999 -9999 -9999 -9999 -9999 -9999 -9999 -9999 -9999 -9999 -9999 -9999 -9999 -9999 -9999 -9999 -9999 -9999 -9999 -9999 -9999 -35 -36 -9999 -46 -46 -49 -52 -54 -56 -59 -61 -63 -63 -63 -9999 -9999 -71 -74 -75 -79 -91 -97 -101 -107 -111 -106 -104 -111 -110 -111 -119 -121 -120 -119 -126 -130 -160 -167 -160 -170 -174 -180 -180 -170 -168 -168 -169 -186 -200 -222 -222 -219 -223 -226 -229 -239 -242 -243 -244 -250
-9999 -9999 -9999 -9999 -9999 -9999 -9999 -9999 -9999 -9999 -9999 -9999 -9999 -9999 -9999 -9999 -9999 -9999 -9999 -9999 -9999 -9999 -9999 -9999 -9999 -9999 -9999 -9999 -9999 -9999 -9999 -9999 -9999 -9999 -9999 -9999 -9999 -9999 -66 -69 -71 -74 -72 -72 -77 -81 -89 -100 -106 -112 -111 -111 -105 -108 -113 -116 -114 -117 -111 -113 -117 -133 -139 -173 -181 -178 -173 -173 -182 -191 -189 -185 -193 -197 -202 -210 -216 -219 -222 -224 -233 -231 -233 -239 -243 -248 -252
-9999 -9999 -9999 -9999 -9999 -9999 -9999 -9999 -9999 -9999 -9999 -9999 -9999 -9999 -9999 -9999 -9999 -9999 -9999 -9999 -9999 -9999 -9999 -9999 -9999 -9999 -9999 -9999 -9999 -9999 -9999 -59 -61 -9999 -9999 -9999 -68 -69 -74 -78 -82 -79 -73 -77 -88 -95 -104 -105 -117 -132 -132 -121 -102 -103 -102 -103 -110 -122 -134 -155 -169 -176 -170 -173 -183 -190 -185 -178 -170 -167 -186 -226 -231 -231 -225 -223 -221 -222 -227 -229 -228 -232 -235 -239 -246 -252 -257
-9999 -9999 -9999 -9999 -9999 -9999 -9999 -9999 -9999 -9999 -9999 -9999 -9999 -9999 -9999 -9999 -9999 -9999 -9999 -9999 -9999 -20 -25 -31 -48 -55 -57 -60 -61 -63 -63 -64 -66 -68 -71 -74 -79 -81 -83 -82 -78 -78 -84 -88 -98 -114 -120 -136 -152 -150 -145 -127 -125 -124 -129 -146 -144 -153 -168 -173 -173 -172 -165 -180 -183 -186 -191 -204 -197 -200 -210 -214 -222 -223 -223 -223 -222 -221 -227 -228 -231 -234 -236 -239 -246 -253 -259
-9999 -9999 -9999 -9999 -9999 -9999 -9999 -9999 -9999 -9999 -9999 -9999 -9999 -9999 -9999 -9999 -9999 -9999 -9999 -9999 -9999 -28 -34 -37 -48 -61 -63 -64 -66 -68 -68 -69 -70 -73 -79 -84 -85 -86 -86 -82 -78 -88 -110 -127 -131 -137 -142 -146 -144 -143 -140 -134 -136 -140 -147 -150 -157 -164 -164 -162 -170 -174 -163 -163 -170 -172 -189 -214 -222 -221 -218 -214 -212 -216 -218 -219 -222 -224 -226 -229 -233 -235 -240 -241 -246 -249 -253
-9999 -9999 -9999 -9999 -9999 -9999 -9999 -9999 -9999 -9999 -9999 -9999 -9999 -9999 -9999 -9999 -9999 -9999 -9999 -9999 -9999 -32 -37 -41 -54 -67 -69 -9999 -9999 -9999 -9999 -74 -76 -79 -83 -88 -89 -92 -91 -91 -89 -100 -134 -133 -133 -136 -137 -137 -127 -131 -140 -143 -148 -157 -164 -168 -167 -175 -169 -169 -166 -172 -175 -177 -201 -212 -208 -207 -208 -213 -213 -213 -216 -215 -224 -226 -224 -226 -230 -236 -238 -239 -241 -244 -248 -251 -256
-9999 -9999 -9999 -9999 -9999 -9999 -9999 -9999 -9999 -9999 -9999 -9999 -9999 -9999 -9999 -9999 -9999 -9999 -9999 -36 -36 -9999 -44 -53 -67 -74 -76 -78 -79 -78 -78 -85 -90 -91 -90 -92 -93 -96 -95 -97 -102 -143 -144 -144 -135 -130 -136 -131 -134 -138 -143 -148 -155 -168 -188 -166 -178 -206 -200 -203 -190 -191 -216 -219 -208 -210 -211 -209 -209 -210 -209 -211 -214 -217 -221 -228 -228 -229 -233 -237 -243 -249 -249 -249 -249 -253 -255
-9999 -9999 -9999 -9999 -9999 -9999 -9999 -9999 -9999 -9999 -9999 -9999 -9999 -9999 -9999 -9999 -9999 -40 -42 -45 -50 -51 -55 -68 -78 -82 -82 -83 -86 -85 -90 -93 -93 -97 -96 -100 -103 -112 -109 -108 -148 -157 -147 -141 -147 -142 -138 -147 -154 -158 -177 -186 -207 -220 -224 -221 -224 -221 -224 -219 -217 -220 -223 -216 -213 -214 -211 -209 -208 -207 -208 -213 -217 -220 -220 -222 -225 -229 -233 -236 -239 -246 -248 -254 -254 -253 -256
-9999 -9999 -9999 -9999 -9999 -9999 -9999 -9999 -9999 -9999 -9999 -9999 -9999 -9999 -9999 -9999 -43 -45 -49 -54 -56 -59 -70 -83 -89 -92 -92 -94 -95 -95 -98 -100 -98 -103 -103 -107 -109 -116 -117 -138 -153 -156 -155 -153 -155 -155 -148 -157 -188 -214 -211 -216 -216 -217 -219 -224 -230 -232 -240 -234 -245 -237 -226 -231 -237 -231 -230 -235 -223 -214 -211 -233 -242 -236 -224 -227 -233 -233 -238 -239 -241 -244 -245 -248 -255 -258 -260
-9999 -9999 -9999 -9999 -9999 -9999 -9999 -9999 -9999 -9999 -9999 -9999 -9999 -9999 -59 -54 -53 -55 -61 -66 -70 -80 -86 -92 -96 -98 -100 -105 -112 -112 -115 -114 -111 -107 -106 -105 -110 -126 -154 -176 -178 -178 -173 -160 -174 -170 -176 -201 -213 -213 -221 -219 -223 -237 -242 -232 -231 -242 -242 -243 -239 -238 -241 -234 -229 -229 -232 -238 -231 -225 -227 -244 -249 -256 -244 -231 -251 -248 -239 -250 -246 -245 -248 -254 -252 -259 -266
-9999 -9999 -9999 -9999 -9999 -9999 -9999 -9999 -9999 -9999 -66 -68 -69 -67 -75 -74 -75 -67 -78 -83 -89 -96 -98 -101 -102 -108 -108 -109 -111 -114 -116 -117 -121 -119 -128 -121 -140 -163 -187 -190 -197 -194 -192 -192 -174 -202 -230 -231 -233 -241 -239 -238 -235 -232 -239 -237 -235 -242 -245 -240 -238 -234 -232 -227 -226 -228 -225 -222 -222 -227 -250 -252 -255 -258 -261 -264 -265 -267 -270 -249 -246 -246 -245 -251 -254 -254 -263
-9999 -9999 -9999 -9999 -9999 -9999 -64 -67 -68 -70 -72 -74 -75 -77 -80 -84 -83 -84 -92 -96 -99 -102 -108 -111 -112 -123 -121 -119 -129 -118 -125 -131 -143 -141 -160 -176 -188 -196 -195 -194 -194 -197 -198 -226 -231 -234 -230 -235 -243 -245 -241 -237 -236 -236 -238 -237 -240 -247 -243 -235 -232 -238 -235 -230 -230 -232 -231 -231 -235 -238 -257 -255 -260 -261 -264 -266 -269 -270 -263 -250 -248 -242 -246 -247 -255 -257 -259
-9999 -9999 -9999 -9999 -9999 -9999 -68 -72 -74 -77 -79 -80 -82 -84 -85 -86 -88 -94 -100 -102 -114 -113 -114 -117 -121 -129 -128 -144 -154 -154 -155 -165 -161 -163 -190 -207 -200 -220 -222 -223 -236 -252 -250 -254 -249 -246 -242 -232 -234 -237 -232 -237 -247 -244 -242 -239 -234 -240 -241 -240 -233 -231 -232 -228 -230 -226 -226 -236 -242 -257 -262 -259 -258 -260 -258 -262 -263 -266 -266 -256 -251 -244 -244 -245 -248 -254 -256
-9999 -9999 -9999 -9999 -9999 -9999 -74 -77 -81 -83 -85 -87 -89 -90 -91 -98 -103 -109 -115 -114 -118 -128 -141 -138 -145 -154 -142 -141 -150 -156 -174 -184 -178 -178 -203 -210 -207 -211 -231 -256 -264 -253 -246 -246 -252 -247 -243 -235 -230 -230 -235 -249 -252 -247 -250 -240 -237 -247 -245 -241 -242 -239 -239 -240 -237 -236 -244 -247 -248 -255 -264 -267 -268 -262 -259 -260 -265 -267 -266 -251 -251 -246 -252 -253 -255 -255 -255
-9999 -9999 -9999 -9999 -9999 -9999 -9999 -83 -87 -90 -92 -92 -94 -96 -102 -111 -116 -121 -127 -138 -138 -132 -141 -150 -154 -156 -152 -168 -174 -179 -184 -181 -201 -234 -226 -221 -217 -240 -244 -238 -246 -260 -258 -250 -239 -240 -243 -241 -232 -234 -235 -241 -251 -247 -245 -240 -240 -252 -245 -247 -237 -238 -241 -242 -246 -236 -241 -258 -259 -256 -256 -259 -260 -263 -261 -261 -265 -263 -262 -248 -242 -243 -244 -248 -250 -251 -253
-9999 -9999 -9999 -9999 -9999 -9999 -9999 -88 -92 -95 -98 -99 -102 -108 -120 -123 -125 -133 -139 -137 -141 -139 -139 -144 -137 -150 -160 -162 -178 -195 -194 -179 -206 -219 -225 -233 -240 -246 -246 -244 -239 -243 -262 -265 -263 -249 -247 -248 -252 -245 -227 -229 -246 -250 -252 -267 -267 -257 -252 -249 -240 -246 -244 -251 -261 -262 -262 -262 -264 -261 -263 -264 -261 -265 -266 -266 -262 -248 -233 -245 -234 -238 -241 -240 -240 -244 -250
-9999 -9999 -9999 -9999 -9999 -9999 -9999 -9999 -9999 -99 -102 -104 -108 -116 -121 -133 -142 -156 -159 -164 -157 -152 -155 -145 -163 -172 -188 -196 -190 -190 -192 -204 -238 -241 -241 -249 -267 -270 -252 -242 -239 -236 -232 -245 -248 -252 -250 -246 -236 -229 -233 -234 -233 -240 -265 -275 -276 -279 -279 -272 -264 -267 -264 -255 -264 -267 -269 -270 -270 -266 -265 -267 -266 -265 -265 -262 -253 -241 -238 -231 -233 -232 -236 -241 -240 -241 -243
-9999 -9999 -9999 -9999 -9999 -9999 -9999 -9999 -9999 -9999 -106 -110 -117 -124 -123 -127 -132 -139 -145 -144 -154 -162 -166 -157 -169 -195 -187 -190 -163 -191 -180 -211 -233 -236 -249 -266 -280 -277 -258 -258 -244 -250 -238 -229 -232 -230 -243 -253 -249 -243 -232 -226 -232 -247 -268 -279 -285 -278 -284 -280 -278 -271 -270 -265 -264 -265 -270 -270 -268 -268 -266 -269 -265 -255 -248 -241 -235 -232 -234 -234 -236 -238 -236 -238 -243 -244 -240
-9999 -9999 -9999 -9999 -9999 -9999 -9999 -9999 -9999 -9999 -9999 -114 -121 -127 -130 -137 -140 -143 -146 -144 -149 -155 -167 -179 -185 -161 -184 -166 -150 -150 -196 -225 -229 -238 -257 -273 -277 -269 -267 -258 -249 -249 -253 -241 -244 -240 -226 -242 -250 -250 -240 -227 -238 -248 -269 -272 -273 -275 -274 -279 -274 -274 -274 -264 -264 -267 -267 -268 -267 -262 -259 -260 -246 -243 -237 -235 -230 -227 -228 -228 -228 -229 -233 -232 -238 -238 -237
-113 -9999 -9999 -9999 -9999 -9999 -9999 -9999 -9999 -9999 -9999 -120 -128 -134 -133 -138 -143 -148 -157 -155 -163 -169 -175 -180 -144 -170 -164 -148 -145 -162 -194 -208 -231 -252 -263 -268 -270 -256 -248 -253 -253 -253 -249 -243 -238 -229 -220 -227 -246 -244 -248 -245 -227 -247 -264 -269 -271 -278 -271 -270 -271 -271 -276 -273 -268 -265 -264 -263 -262 -253 -251 -247 -238 -234 -227 -224 -228 -227 -228 -229 -232 -233 -231 -229 -231 -233 -234
-122 -123 -9999 -9999 -9999 -9999 -9999 -9999 -9999 -9999 -9999 -125 -134 -140 -142 -145 -145 -147 -150 -152 -162 -171 -164 -158 -156 -183 -154 -158 -174 -182 -219 -226 -234 -264 -277 -274 -255 -250 -241 -234 -246 -246 -245 -248 -238 -236 -228 -213 -222 -230 -233 -236 -232 -239 -261 -268 -272 -272 -273 -269 -266 -269 -274 -274 -270 -269 -265 -262 -254 -250 -242 -220 -221 -223 -225 -225 -225 -228 -228 -229 -235 -236 -236 -237 -236 -232 -232
-133 -132 -131 -130 -9999 -9999 -9999 -9999 -9999 -9999 -9999 -130 -135 -143 -144 -146 -153 -160 -168 -180 -178 -187 -190 -187 -195 -188 -187 -172 -185 -205 -244 -252 -250 -267 -274 -265 -268 -258 -252 -248 -238 -240 -234 -233 -229 -221 -225 -225 -214 -212 -218 -226 -231 -225 -248 -260 -267 -268 -268 -266 -268 -272 -271 -272 -271 -268 -267 -259 -253 -235 -230 -222 -217 -217 -218 -220 -223 -227 -226 -226 -234 -235 -232 -232 -230 -229 -230
-142 -142 -139 -138 -138 -9999 -9999 -9999 -9999 -9999 -9999 -9999 -137 -145 -145 -144 -145 -160 -161 -161 -179 -179 -193 -176 -174 -186 -195 -199 -210 -216 -251 -250 -255 -276 -277 -268 -259 -248 -244 -247 -254 -245 -232 -225 -227 -222 -213 -221 -218 -211 -209 -209 -214 -222 -245 -255 -260 -263 -263 -267 -270 -266 -269 -272 -270 -260 -257 -250 -237 -237 -226 -228 -224 -219 -219 -221 -223 -223 -222 -221 -223 -228 -230 -229 -228 -227 -228
-150 -150 -148 -147 -144 -9999 -9999 -9999 -9999 -9999 -9999 -9999 -9999 -147 -150 -149 -149 -146 -157 -166 -177 -178 -181 -174 -175 -178 -172 -200 -206 -228 -256 -253 -262 -271 -264 -260 -256 -256 -251 -235 -248 -246 -243 -226 -214 -219 -212 -217 -222 -224 -228 -225 -218 -228 -238 -253 -256 -257 -264 -269 -272 -271 -268 -262 -266 -263 -256 -242 -228 -226 -223 -222 -224 -222 -220 -218 -220 -219 -216 -218 -224 -224 -225 -223 -222 -224 -226
-157 -156 -156 -155 -151 -147 -9999 -9999 -9999 -9999 -9999 -9999 -143 -145 -151 -150 -151 -158 -166 -164 -184 -183 -168 -169 -168 -177 -197 -186 -200 -238 -253 -248 -265 -281 -274 -268 -263 -259 -259 -261 -242 -237 -233 -235 -232 -214 -216 -207 -223 -232 -230 -222 -220 -226 -224 -231 -247 -246 -258 -253 -257 -253 -260 -259 -258 -248 -236 -232 -231 -227 -225 -223 -220 -220 -220 -225 -221 -217 -216 -217 -218 -218 -222 -223 -223 -224 -225
-162 -161 -161 -160 -158 -154 -9999 -9999 -9999 -9999 -9999 -9999 -143 -146 -150 -155 -150 -156 -157 -168 -171 -159 -174 -205 -183 -218 -219 -215 -218 -239 -257 -254 -270 -286 -284 -279 -273 -265 -253 -249 -249 -245 -228 -218 -213 -211 -209 -215 -223 -225 -224 -217 -218 -221 -221 -224 -229 -227 -237 -245 -249 -250 -248 -251 -234 -236 -233 -230 -229 -228 -230 -226 -224 -221 -218 -217 -219 -218 -218 -219 -217 -218 -220 -220 -222 -222 -224
-166 -166 -166 -164 -161 -157 -9999 -9999 -9999 -9999 -9999 -9999 -9999 -148 -149 -155 -155 -154 -155 -158 -157 -173 -199 -225 -194 -222 -229 -227 -222 -238 -260 -257 -279 -291 -285 -282 -274 -261 -264 -242 -240 -229 -217 -213 -212 -204 -202 -222 -222 -219 -217 -214 -216 -218 -224 -228 -232 -228 -230 -231 -235 -235 -235 -235 -233 -236 -228 -223 -225 -225 -222 -224 -224 -222 -221 -218 -216 -215 -213 -216 -217 -216 -216 -218 -219 -221 -223
-170 -170 -169 -168 -165 -161 -9999 -9999 -9999 -9999 -9999 -9999 -153 -154 -156 -161 -160 -171 -164 -160 -177 -193 -209 -206 -200 -218 -217 -231 -222 -237 -260 -268 -278 -286 -284 -280 -273 -255 -247 -248 -246 -226 -224 -216 -208 -223 -212 -211 -204 -205 -214 -214 -217 -221 -223 -227 -225 -226 -224 -226 -228 -231 -228 -234 -225 -226 -221 -224 -225 -222 -221 -219 -218 -217 -215 -218 -219 -216 -216 -213 -213 -214 -214 -216 -217 -219 -222
-173 -173 -173 -172 -169 -165 -162 -9999 -9999 -9999 -158 -158 -158 -159 -161 -164 -165 -164 -161 -161 -172 -180 -200 -205 -212 -206 -222 -225 -216 -232 -245 -258 -277 -274 -278 -280 -270 -262 -252 -233 -241 -237 -225 -218 -210 -217 -206 -206 -201 -205 -212 -216 -216 -219 -222 -224 -227 -226 -224 -222 -223 -229 -228 -224 -221 -221 -221 -222 -220 -218 -218 -217 -214 -213 -215 -210 -212 -210 -210 -209 -211 -212 -213 -213 -215 -217 -219
-176 -176 -176 -174 -172 -169 -166 -164 -9999 -9999 -161 -160 -161 -163 -165 -167 -168 -167 -172 -176 -178 -194 -186 -190 -199 -198 -214 -220 -216 -220 -255 -258 -267 -272 -268 -265 -258 -262 -246 -231 -223 -235 -230 -221 -221 -214 -207 -206 -205 -205 -209 -212 -214 -218 -220 -223 -223 -225 -228 -225 -219 -220 -219 -220 -220 -217 -215 -215 -215 -215 -213 -216 -214 -213 -209 -208 -205 -205 -205 -206 -207 -208 -209 -210 -212 -215 -217
-178 -178 -178 -177 -175 -172 -168 -167 -9999 -9999 -9999 -9999 -162 -165 -169 -171 -171 -172 -171 -177 -175 -174 -181 -191 -203 -222 -225 -228 -217 -208 -245 -266 -267 -258 -254 -251 -246 -244 -242 -226 -224 -238 -236 -232 -219 -212 -206 -202 -200 -204 -206 -212 -213 -217 -220 -220 -220 -223 -225 -226 -225 -220 -218 -217 -216 -214 -215 -211 -210 -211 -211 -210 -211 -210 -210 -205 -202 -202 -202 -203 -204 -206 -207 -209 -211 -214 -216
