resultados/variables_proyeccion_tiempo/variables_paleo_21k/bio9.asc
ncols 330
nrows 228
xllcorner -12.000000
yllcorner 34.000000
cellsize 0.166667
NODATA_value -9999
[rows 0 to 37 of 228, columns 174 to 260 of 330]
-9999 -9999 -9999 -9999 -9999 -9999 -9999 -9999 -9999 -9999 -9999 -9999 -9999 -9999 -9999 -9999 -9999 -9999 -9999 -9999 -9999 -9999 -9999 -9999 -9999 -9999 -9999 -9999 -9999 -9999 -9999 -9999 -9999 -9999 -9999 -9999 -9999 -9999 -9999 -9999 -9999 -9999 -9999 -9999 -9999 -9999 -9999 -9999 -267 -268 -269 -271 -272 -284 -318 -318 -9999 -9999 -9999 -9999 -9999 -9999 -9999 -9999 -9999 -320 -321 -322 -9999 -9999 -9999 -9999 -9999 -9999 -9999 -9999 -9999 -9999 -9999 -9999 -9999 -9999 -9999 -9999 -9999 -9999 -9999
-9999 -9999 -9999 -9999 -9999 -9999 -9999 -9999 -9999 -9999 -9999 -9999 -192 -9999 -9999 -9999 -9999 -9999 -9999 -9999 -9999 -9999 -9999 -9999 -9999 -9999 -9999 -9999 -9999 -9999 -9999 -9999 -9999 -9999 -9999 -9999 -9999 -9999 -9999 -9999 -9999 -9999 -9999 -9999 -9999 -9999 -9999 -9999 -262 -262 -262 -9999 -9999 -9999 -9999 -9999 -9999 -9999 -9999 -9999 -9999 -9999 -9999 -9999 -9999 -9999 -9999 -9999 -9999 -9999 -9999 -9999 -9999 -9999 -9999 -9999 -9999 -9999 -9999 -9999 -9999 -9999 -9999 -9999 -9999 -9999 -9999
-9999 -9999 -9999 -9999 -9999 -9999 -157 -9999 -9999 -9999 -174 -178 -182 -187 -189 -191 -192 -195 -197 -200 -9999 -9999 -9999 -9999 -9999 -9999 -9999 -9999 -9999 -9999 -9999 -9999 -9999 -9999 -9999 -9999 -9999 -9999 -9999 -9999 -9999 -9999 -9999 -9999 -9999 -9999 -9999 -9999 -9999 -9999 -9999 -9999 -9999 -9999 -9999 -9999 -9999 -9999 -9999 -9999 -9999 -9999 -9999 -9999 -9999 -9999 -9999 -9999 -9999 -9999 -9999 -9999 -9999 -9999 -9999 -9999 -9999 -9999 -9999 -9999 -9999 -9999 -9999 -9999 -9999 -9999 -9999
-9999 -9999 -9999 -9999 -9999 -144 -151 -157 -162 -166 -171 -175 -177 -180 -183 -186 -189 -191 -192 -194 -194 -9999 -9999 -9999 -9999 -9999 -9999 -9999 -9999 -9999 -9999 -9999 -9999 -9999 -9999 -9999 -9999 -9999 -9999 -9999 -9999 -9999 -9999 -9999 -9999 -9999 -9999 -9999 -9999 -9999 -9999 -9999 -9999 -9999 -9999 -286 -287 -287 -9999 -9999 -9999 -9999 -9999 -9999 -9999 -9999 -9999 -9999 -9999 -9999 -9999 -9999 -9999 -9999 -9999 -9999 -9999 -9999 -9999 -9999 -9999 -9999 -9999 -9999 -9999 -9999 -325
-9999 -9999 -9999 -127 -134 -141 -147 -152 -157 -161 -164 -167 -170 -173 -176 -178 -181 -184 -185 -188 -190 -193 -195 -196 -197 -197 -9999 -9999 -202 -203 -203 -9999 -9999 -9999 -9999 -9999 -9999 -9999 -9999 -9999 -9999 -9999 -9999 -9999 -9999 -224 -227 -227 -257 -277 -277 -279 -290 -9999 -9999 -9999 -275 -277 -277 -276 -9999 -275 -274 -274 -275 -276 -276 -275 -9999 -9999 -9999 -9999 -9999 -9999 -9999 -9999 -9999 -9999 -9999 -9999 -9999 -9999 -9999 -9999 -9999 -318 -319
-9999 -9999 -119 -124 -130 -136 -142 -147 -151 -155 -158 -161 -163 -166 -168 -170 -173 -175 -177 -180 -182 -185 -187 -190 -191 -193 -194 -196 -197 -198 -199 -9999 -196 -198 -202 -200 -202 -205 -207 -206 -210 -222 -224 -220 -220 -226 -230 -248 -271 -283 -286 -292 -292 -288 -283 -279 -272 -271 -271 -269 -270 -282 -285 -303 -292 -285 -284 -282 -276 -275 -274 -274 -272 -9999 -9999 -9999 -9999 -9999 -9999 -9999 -9999 -9999 -9999 -9999 -9999 -9999 -9999
-9999 -9999 -114 -120 -126 -132 -137 -142 -145 -149 -151 -154 -156 -158 -160 -163 -165 -167 -169 -171 -173 -174 -176 -179 -182 -184 -185 -186 -187 -9999 -184 -188 -192 -197 -200 -202 -205 -205 -203 -200 -206 -214 -215 -216 -214 -223 -261 -273 -275 -273 -278 -284 -276 -274 -269 -265 -288 -310 -279 -261 -280 -305 -307 -310 -311 -310 -310 -311 -298 -275 -273 -276 -273 -271 -269 -267 -9999 -9999 -9999 -9999 -9999 -9999 -9999 -9999 -288 -290 -293
-9999 -9999 -112 -117 -121 -126 -131 -134 -139 -143 -146 -146 -146 -149 -153 -155 -156 -158 -159 -161 -162 -164 -165 -166 -170 -172 -174 -176 -173 -178 -181 -190 -198 -192 -200 -197 -203 -204 -202 -197 -201 -200 -201 -205 -209 -244 -274 -279 -279 -274 -271 -267 -265 -264 -285 -320 -323 -314 -299 -280 -291 -305 -310 -311 -308 -304 -297 -295 -277 -294 -301 -304 -296 -279 -272 -271 -256 -235 -239 -234 -234 -265 -9999 -9999 -9999 -285 -287
-9999 -9999 -9999 -115 -117 -9999 -122 -124 -128 -131 -134 -137 -138 -139 -138 -146 -148 -148 -150 -153 -158 -161 -159 -159 -162 -9999 -9999 -176 -188 -211 -224 -233 -234 -207 -202 -212 -195 -193 -193 -190 -201 -209 -195 -241 -272 -259 -260 -263 -264 -260 -250 -250 -273 -288 -311 -313 -315 -301 -287 -288 -300 -301 -302 -305 -303 -301 -300 -290 -292 -307 -308 -306 -290 -293 -296 -276 -269 -280 -266 -255 -259 -268 -266 -264 -264 -265 -9999
-9999 -104 -108 -112 -116 -121 -124 -127 -129 -131 -133 -135 -136 -138 -138 -137 -139 -142 -144 -147 -149 -148 -146 -150 -176 -197 -208 -209 -217 -210 -213 -218 -225 -231 -212 -238 -257 -251 -243 -214 -222 -241 -260 -253 -254 -254 -254 -253 -247 -244 -271 -288 -300 -302 -307 -309 -301 -290 -293 -295 -298 -300 -300 -299 -291 -286 -282 -285 -287 -291 -296 -298 -297 -293 -294 -292 -280 -271 -270 -273 -272 -271 -268 -267 -265 -262 -261
-9999 -101 -104 -107 -111 -115 -117 -119 -120 -122 -126 -130 -134 -137 -135 -144 -143 -138 -137 -147 -145 -171 -186 -187 -188 -203 -215 -218 -221 -234 -231 -221 -235 -238 -237 -230 -226 -236 -234 -243 -250 -248 -243 -246 -248 -248 -246 -241 -252 -282 -293 -300 -307 -303 -301 -299 -301 -298 -294 -292 -293 -292 -291 -286 -283 -280 -276 -279 -279 -282 -286 -285 -282 -283 -286 -287 -283 -263 -257 -254 -253 -254 -254 -254 -253 -250 -251
-100 -104 -108 -110 -111 -113 -112 -112 -117 -125 -131 -130 -135 -133 -138 -133 -141 -142 -133 -126 -188 -198 -204 -193 -187 -195 -202 -211 -223 -225 -228 -223 -226 -234 -234 -223 -212 -221 -228 -233 -241 -245 -238 -235 -251 -272 -269 -269 -278 -292 -307 -306 -302 -308 -304 -310 -306 -298 -293 -290 -287 -283 -277 -275 -273 -272 -270 -272 -270 -269 -267 -267 -266 -266 -263 -256 -242 -235 -235 -236 -232 -232 -233 -235 -237 -236 -239
-100 -103 -104 -107 -109 -109 -110 -110 -116 -119 -126 -130 -135 -137 -133 -136 -134 -122 -137 -185 -175 -184 -190 -188 -184 -198 -207 -201 -194 -201 -213 -224 -230 -234 -231 -226 -213 -208 -211 -222 -228 -231 -230 -234 -289 -302 -300 -280 -278 -289 -296 -294 -299 -303 -298 -292 -283 -284 -280 -276 -276 -274 -274 -275 -273 -266 -265 -270 -272 -271 -270 -270 -271 -267 -264 -259 -237 -228 -219 -222 -222 -216 -216 -220 -225 -231 -234
-99 -100 -99 -97 -100 -101 -109 -118 -124 -123 -124 -119 -121 -126 -134 -145 -119 -135 -198 -188 -166 -195 -192 -199 -185 -195 -218 -220 -209 -204 -201 -211 -220 -225 -221 -224 -222 -215 -217 -226 -222 -243 -272 -263 -281 -286 -283 -277 -274 -276 -279 -281 -282 -278 -279 -278 -280 -278 -274 -268 -269 -271 -269 -270 -272 -267 -265 -263 -263 -264 -259 -256 -257 -254 -254 -254 -254 -241 -221 -227 -225 -230 -230 -229 -232 -231 -227
-103 -105 -108 -111 -110 -108 -112 -118 -123 -122 -112 -112 -129 -127 -162 -145 -136 -188 -191 -166 -175 -183 -201 -210 -205 -190 -206 -237 -235 -266 -266 -256 -246 -242 -261 -271 -264 -252 -245 -247 -254 -271 -268 -270 -270 -273 -276 -274 -272 -272 -274 -274 -270 -270 -274 -275 -276 -271 -268 -266 -262 -262 -264 -264 -262 -260 -258 -255 -253 -250 -249 -248 -248 -247 -250 -252 -251 -241 -236 -224 -230 -230 -235 -225 -224 -224 -231
-109 -117 -119 -124 -118 -110 -106 -112 -107 -114 -117 -111 -121 -136 -166 -156 -183 -195 -178 -161 -198 -195 -211 -199 -212 -218 -224 -226 -237 -258 -262 -266 -261 -258 -263 -269 -263 -262 -261 -258 -261 -262 -261 -260 -262 -263 -265 -264 -263 -264 -267 -267 -264 -266 -267 -267 -267 -263 -262 -262 -259 -258 -258 -255 -254 -253 -251 -248 -246 -245 -244 -246 -247 -246 -244 -241 -240 -240 -240 -246 -254 -250 -236 -219 -216 -228 -240
-117 -124 -117 -111 -109 -103 -111 -110 -108 -104 -127 -124 -109 -119 -148 -171 -176 -165 -187 -195 -186 -191 -209 -250 -247 -256 -255 -252 -251 -247 -248 -253 -253 -251 -251 -258 -258 -256 -255 -252 -253 -255 -258 -258 -258 -259 -256 -258 -261 -263 -263 -260 -260 -263 -265 -262 -260 -259 -256 -253 -252 -251 -251 -250 -248 -246 -243 -242 -241 -241 -242 -240 -238 -234 -238 -237 -242 -242 -242 -245 -248 -248 -250 -246 -244 -248 -256
-112 -109 -107 -112 -114 -136 -136 -126 -119 -100 -126 -150 -156 -152 -164 -173 -182 -190 -188 -185 -185 -206 -186 -237 -244 -247 -241 -240 -242 -244 -244 -245 -247 -249 -247 -246 -246 -247 -251 -252 -251 -253 -252 -252 -253 -254 -254 -259 -258 -257 -256 -255 -253 -257 -260 -259 -258 -255 -254 -250 -247 -247 -246 -244 -243 -241 -240 -239 -238 -238 -238 -234 -232 -232 -234 -238 -239 -238 -239 -239 -239 -243 -246 -248 -251 -251 -250
-105 -118 -127 -145 -134 -154 -152 -158 -151 -171 -173 -164 -172 -176 -171 -159 -168 -185 -201 -195 -204 -212 -226 -223 -230 -236 -239 -241 -241 -239 -239 -240 -244 -245 -245 -243 -244 -247 -250 -252 -252 -251 -250 -250 -252 -252 -253 -253 -254 -253 -252 -251 -249 -250 -250 -248 -247 -246 -245 -246 -245 -244 -243 -242 -240 -239 -237 -237 -237 -236 -234 -232 -232 -232 -234 -234 -233 -234 -236 -236 -236 -239 -240 -243 -243 -245 -245
-119 -145 -152 -161 -156 -166 -159 -169 -171 -155 -173 -177 -187 -191 -190 -187 -171 -198 -220 -232 -228 -228 -231 -234 -232 -228 -229 -236 -241 -241 -241 -239 -242 -245 -247 -246 -246 -245 -246 -248 -250 -250 -251 -252 -254 -254 -253 -252 -251 -250 -250 -249 -255 -252 -250 -246 -246 -249 -249 -248 -247 -246 -245 -241 -241 -239 -239 -239 -239 -237 -236 -233 -232 -231 -231 -230 -231 -232 -231 -231 -231 -232 -232 -234 -236 -236 -240
-157 -152 -160 -154 -160 -170 -176 -171 -181 -180 -192 -204 -197 -191 -202 -208 -206 -215 -225 -225 -226 -225 -226 -227 -229 -232 -235 -234 -232 -233 -237 -235 -238 -260 -246 -248 -246 -245 -244 -246 -250 -248 -248 -250 -250 -251 -251 -252 -250 -249 -250 -249 -250 -252 -251 -250 -250 -250 -250 -248 -248 -245 -245 -244 -244 -240 -239 -239 -239 -232 -232 -230 -230 -228 -227 -227 -229 -228 -230 -232 -230 -230 -231 -231 -231 -232 -235
-136 -151 -152 -159 -161 -166 -171 -181 -193 -190 -166 -187 -198 -215 -227 -219 -211 -217 -219 -222 -224 -228 -228 -226 -227 -230 -230 -232 -235 -234 -233 -235 -258 -260 -254 -259 -242 -244 -243 -243 -244 -244 -244 -245 -246 -247 -249 -249 -249 -248 -247 -247 -247 -246 -246 -247 -246 -246 -247 -247 -248 -248 -249 -248 -243 -240 -239 -235 -236 -236 -234 -234 -234 -231 -230 -228 -231 -236 -234 -235 -232 -232 -235 -234 -234 -235 -233
-175 -169 -171 -175 -189 -196 -204 -212 -219 -219 -231 -230 -226 -221 -214 -208 -207 -206 -208 -216 -223 -224 -226 -229 -230 -230 -228 -230 -234 -235 -240 -252 -273 -281 -277 -241 -256 -244 -244 -246 -252 -249 -244 -247 -248 -247 -248 -246 -249 -248 -248 -247 -247 -246 -245 -245 -246 -245 -246 -246 -246 -247 -248 -248 -245 -246 -248 -246 -247 -243 -238 -239 -235 -231 -230 -229 -231 -228 -228 -230 -228 -227 -232 -244 -242 -239 -243
-185 -183 -178 -181 -197 -216 -234 -240 -241 -242 -242 -239 -229 -228 -228 -224 -215 -214 -214 -213 -215 -219 -222 -225 -228 -232 -230 -229 -231 -235 -239 -254 -276 -285 -273 -262 -248 -248 -244 -244 -245 -249 -252 -246 -246 -244 -244 -245 -245 -244 -246 -246 -246 -245 -244 -244 -244 -244 -244 -244 -245 -245 -245 -243 -242 -241 -240 -239 -240 -238 -236 -236 -235 -234 -231 -229 -228 -229 -229 -227 -226 -228 -229 -231 -234 -243 -248
-179 -183 -182 -176 -192 -222 -236 -231 -247 -246 -231 -221 -225 -222 -224 -223 -220 -218 -218 -217 -215 -219 -219 -222 -224 -225 -230 -233 -235 -236 -244 -254 -271 -275 -273 -273 -254 -245 -244 -245 -247 -249 -250 -251 -249 -246 -244 -243 -243 -243 -244 -244 -248 -248 -247 -247 -246 -244 -242 -244 -245 -244 -243 -242 -241 -241 -241 -239 -240 -239 -236 -234 -235 -235 -234 -232 -231 -231 -228 -227 -231 -233 -233 -235 -241 -239 -241
-176 -164 -170 -175 -218 -238 -227 -228 -232 -225 -231 -231 -228 -224 -223 -225 -224 -220 -220 -226 -233 -229 -223 -222 -224 -224 -226 -229 -232 -236 -238 -254 -272 -274 -268 -258 -250 -247 -247 -248 -249 -252 -252 -253 -250 -248 -246 -245 -245 -244 -245 -246 -246 -246 -246 -246 -244 -241 -241 -241 -242 -242 -242 -241 -241 -242 -243 -238 -237 -236 -234 -235 -235 -234 -236 -238 -237 -234 -230 -228 -228 -231 -235 -234 -235 -236 -238
-179 -177 -194 -201 -193 -214 -220 -234 -228 -227 -218 -219 -223 -226 -223 -222 -224 -223 -227 -230 -237 -243 -229 -230 -232 -233 -233 -236 -241 -239 -247 -244 -260 -249 -264 -252 -255 -251 -249 -250 -253 -251 -253 -255 -251 -251 -249 -246 -245 -246 -246 -244 -246 -244 -243 -243 -242 -241 -240 -240 -240 -240 -239 -239 -241 -240 -240 -238 -236 -234 -234 -234 -235 -235 -238 -240 -239 -238 -238 -237 -236 -235 -234 -234 -235 -236 -238
-183 -193 -232 -246 -245 -242 -230 -228 -219 -215 -212 -216 -218 -221 -222 -226 -226 -228 -229 -238 -248 -246 -244 -233 -243 -236 -238 -240 -247 -253 -253 -252 -242 -244 -246 -249 -250 -249 -250 -251 -252 -253 -254 -253 -253 -252 -249 -249 -249 -248 -247 -246 -246 -246 -244 -244 -243 -240 -240 -240 -241 -241 -239 -238 -238 -238 -236 -235 -236 -236 -238 -237 -237 -238 -237 -241 -240 -237 -237 -240 -241 -236 -235 -238 -241 -247 -246
-186 -221 -246 -251 -242 -239 -242 -233 -226 -234 -236 -224 -218 -223 -222 -226 -225 -226 -228 -232 -252 -247 -238 -242 -258 -248 -241 -241 -250 -252 -256 -248 -252 -260 -255 -250 -251 -252 -254 -253 -254 -255 -255 -256 -257 -254 -252 -250 -250 -249 -248 -247 -246 -245 -246 -246 -244 -242 -240 -240 -241 -238 -236 -235 -237 -236 -234 -234 -234 -235 -236 -237 -237 -234 -236 -236 -236 -236 -237 -238 -242 -244 -242 -244 -246 -248 -246
-189 -220 -231 -227 -227 -227 -226 -219 -218 -219 -226 -231 -227 -224 -223 -224 -224 -228 -234 -234 -238 -249 -241 -252 -244 -238 -252 -244 -253 -246 -266 -251 -247 -247 -250 -254 -258 -259 -258 -257 -257 -256 -258 -258 -257 -255 -254 -251 -249 -250 -250 -247 -246 -246 -246 -244 -242 -242 -243 -243 -241 -238 -236 -235 -235 -236 -237 -239 -236 -234 -233 -233 -233 -234 -234 -237 -236 -236 -237 -237 -237 -238 -239 -240 -238 -245 -247
-204 -231 -228 -215 -211 -213 -216 -214 -214 -212 -216 -219 -220 -222 -227 -229 -227 -233 -231 -239 -244 -243 -248 -248 -253 -244 -246 -246 -241 -252 -257 -262 -251 -251 -252 -255 -258 -262 -261 -259 -257 -256 -260 -260 -258 -258 -257 -252 -252 -250 -247 -247 -247 -248 -245 -243 -243 -244 -243 -241 -241 -239 -235 -235 -235 -235 -236 -235 -235 -233 -233 -233 -236 -235 -235 -236 -239 -240 -237 -232 -230 -233 -232 -232 -236 -233 -236
-198 -211 -218 -222 -223 -221 -219 -220 -224 -224 -221 -219 -220 -220 -224 -228 -229 -229 -230 -232 -237 -240 -248 -240 -247 -249 -247 -251 -248 -248 -246 -249 -255 -256 -255 -258 -260 -263 -266 -264 -261 -258 -263 -261 -258 -258 -256 -256 -256 -251 -247 -246 -246 -246 -244 -241 -243 -242 -241 -242 -241 -238 -236 -235 -236 -235 -233 -235 -237 -237 -237 -237 -237 -239 -238 -240 -239 -238 -234 -231 -229 -228 -230 -229 -232 -237 -232
-206 -225 -221 -216 -214 -226 -234 -231 -233 -232 -230 -227 -227 -228 -229 -230 -232 -232 -234 -235 -232 -238 -241 -242 -246 -250 -269 -267 -257 -257 -251 -251 -253 -258 -258 -261 -264 -265 -266 -267 -264 -263 -265 -263 -259 -258 -257 -257 -255 -252 -250 -247 -245 -244 -241 -241 -241 -240 -239 -240 -238 -236 -236 -236 -235 -234 -234 -236 -237 -237 -237 -236 -235 -235 -238 -239 -237 -237 -237 -235 -232 -229 -229 -229 -230 -231 -234
-202 -212 -217 -220 -219 -220 -223 -227 -228 -229 -234 -236 -236 -238 -240 -239 -240 -242 -240 -238 -236 -234 -237 -241 -244 -249 -249 -253 -252 -263 -261 -257 -256 -258 -260 -261 -265 -268 -269 -266 -266 -267 -265 -264 -262 -262 -260 -258 -255 -251 -248 -248 -247 -244 -241 -240 -240 -239 -239 -240 -239 -237 -238 -242 -240 -238 -237 -236 -237 -238 -237 -235 -234 -234 -234 -236 -235 -236 -239 -238 -232 -230 -228 -229 -232 -231 -233
-214 -213 -214 -220 -224 -222 -225 -229 -228 -227 -232 -238 -242 -246 -247 -247 -247 -248 -247 -243 -242 -242 -239 -240 -244 -248 -248 -251 -251 -256 -262 -264 -263 -265 -264 -265 -269 -270 -271 -269 -269 -267 -268 -266 -265 -262 -259 -256 -254 -250 -250 -249 -247 -245 -245 -244 -242 -243 -241 -238 -238 -238 -239 -242 -240 -239 -237 -237 -239 -238 -235 -234 -235 -236 -235 -233 -234 -237 -237 -236 -234 -232 -230 -230 -230 -232 -234
-221 -218 -218 -221 -220 -223 -226 -231 -234 -235 -233 -237 -240 -243 -245 -246 -246 -245 -248 -249 -250 -249 -245 -243 -247 -251 -253 -254 -253 -258 -261 -265 -266 -266 -266 -269 -271 -272 -272 -271 -270 -265 -245 -263 -263 -261 -258 -256 -253 -251 -250 -250 -248 -247 -245 -243 -242 -241 -241 -239 -239 -238 -240 -240 -241 -240 -237 -238 -237 -236 -236 -237 -237 -237 -242 -238 -239 -236 -236 -237 -236 -231 -228 -229 -229 -231 -232
-224 -224 -225 -224 -224 -227 -231 -235 -237 -237 -237 -240 -243 -246 -245 -249 -248 -248 -246 -248 -251 -254 -255 -254 -255 -252 -254 -256 -258 -262 -263 -265 -265 -268 -270 -271 -272 -272 -272 -273 -260 -259 -220 -258 -264 -261 -259 -257 -256 -254 -251 -249 -248 -247 -245 -243 -242 -241 -240 -240 -238 -237 -237 -238 -240 -240 -238 -236 -236 -238 -238 -238 -237 -236 -238 -236 -236 -236 -236 -237 -236 -236 -234 -231 -231 -246 -240
-221 -224 -232 -230 -231 -234 -234 -236 -239 -244 -244 -246 -252 -254 -254 -254 -257 -257 -260 -258 -258 -253 -257 -255 -258 -260 -263 -262 -262 -265 -267 -269 -269 -271 -272 -273 -274 -273 -273 -272 -268 -245 -250 -263 -264 -262 -260 -258 -256 -253 -252 -250 -248 -247 -245 -244 -243 -241 -240 -240 -237 -236 -236 -240 -239 -240 -240 -238 -236 -236 -238 -257 -236 -235 -236 -236 -237 -239 -250 -250 -234 -234 -233 -232 -250 -267 -269
