resultados/modelos/bioclim.asc
NCOLS 330 
NROWS 228 
XLLCORNER -12 
YLLCORNER 34 
CELLSIZE 0.166667 
NODATA_value -9999 
[rows 66 to 87 of 228, columns 245 to 293 of 330]
0.116129032258065 0.174193548387097 0.32258064516129 0.135483870967742 0.12258064516129 0.0903225806451613 0.0806451612903226 0.238709677419355 0.270967741935484 -9999 -9999 -9999 -9999 -9999 -9999 -9999 -9999 -9999 -9999 -9999 -9999 -9999 -9999 0.0612903225806452 0.151612903225806 0.106451612903226 0.064516129032258 0.0580645161290323 0.106451612903226 0.064516129032258 0.064516129032258 0.0741935483870968 0.0258064516129033 0.0741935483870968 0.064516129032258 0.0645161290322581 0.0645161290322581 0.00645161290322571 0.0193548387096774 0.0548387096774194 -9999 -9999 -9999 0.0451612903225806 0.032258064516129 0.0387096774193548 0.0387096774193548 0.0354838709677419 0.0354838709677419
0.096774193548387 0.103225806451613 0.206451612903226 0.296774193548387 0.283870967741936 0.238709677419355 0.206451612903226 0.0387096774193548 0.0419354838709677 0.0258064516129033 -9999 -9999 -9999 -9999 -9999 -9999 -9999 -9999 -9999 -9999 -9999 -9999 -9999 -9999 0.064516129032258 0.106451612903226 0.187096774193548 0.174193548387097 0.148387096774194 0.0774193548387097 0.00645161290322571 0.0870967741935484 0.0451612903225806 0.0290322580645161 0.064516129032258 0.0645161290322581 0.0612903225806452 0.0258064516129033 0.0258064516129032 0 0.00645161290322571 0.0193548387096774 0.00322580645161286 0 0.00322580645161286 0.032258064516129 0.0258064516129033 0.0387096774193548 0.0387096774193548
0.0709677419354839 0.0838709677419356 0.283870967741936 0.309677419354839 0.345161290322581 0.32258064516129 0.135483870967742 0.0258064516129033 0.148387096774194 0.161290322580645 0.0387096774193548 -9999 -9999 -9999 -9999 -9999 -9999 -9999 -9999 -9999 -9999 -9999 -9999 -9999 -9999 -9999 0.151612903225806 0.203225806451613 0.0451612903225806 0.1 0.0451612903225806 0.0387096774193549 0.0580645161290323 0.0258064516129033 0.067741935483871 0.0645161290322581 0.0258064516129033 0.032258064516129 0.0258064516129032 0.0387096774193548 0.0387096774193548 0.0387096774193548 0 0.0387096774193548 0.0387096774193548 0.0354838709677419 0.0354838709677419 0.0258064516129033 0.0258064516129033
0.12258064516129 0.251612903225807 0.12258064516129 0.12258064516129 0.174193548387097 0.0129032258064516 0.0129032258064516 0 0.064516129032258 0.0129032258064516 0.206451612903226 0.174193548387097 -9999 -9999 -9999 -9999 -9999 -9999 -9999 -9999 -9999 -9999 -9999 0.151612903225806 0.270967741935484 0.151612903225806 0.116129032258065 0.167741935483871 0.032258064516129 0.0516129032258064 0.0451612903225806 0.106451612903226 0.0774193548387097 0.0741935483870968 0.0451612903225806 0.0516129032258064 0.0258064516129033 0.0451612903225806 0.0387096774193548 0.0387096774193548 0.0387096774193548 0.0387096774193548 0.0387096774193548 0.0387096774193548 0.0387096774193548 0.0387096774193548 0.0258064516129033 0.0258064516129033 0.0387096774193548
-9999 0.0903225806451613 0.148387096774194 0.064516129032258 0.129032258064516 0.0774193548387097 0.00645161290322571 0.0129032258064516 0.064516129032258 0.296774193548387 0.129032258064516 0.206451612903226 0.0387096774193548 -9999 -9999 -9999 -9999 -9999 -9999 -9999 -9999 -9999 -9999 0.106451612903226 0.151612903225806 0.190322580645161 0.0451612903225806 0.064516129032258 0.064516129032258 0.0516129032258064 0.0193548387096774 0.0838709677419355 0.064516129032258 0.0193548387096774 0.0580645161290323 0.0483870967741935 0.0419354838709677 0.0419354838709677 0.0419354838709677 0.0387096774193548 0.0387096774193548 0.0387096774193548 0.0387096774193548 0.0387096774193548 0.0387096774193548 0.0387096774193548 0.0387096774193548 0.032258064516129 0.0387096774193548
-9999 -9999 -9999 -9999 -9999 -9999 -9999 0.116129032258065 0.032258064516129 0.0387096774193549 0.0258064516129033 0.225806451612903 0.0838709677419356 -9999 -9999 -9999 0.0387096774193548 0.0548387096774194 0.0548387096774194 0.190322580645161 0.225806451612903 0.32258064516129 0.096774193548387 0.151612903225806 0.151612903225806 0.0548387096774194 0.106451612903226 0.148387096774194 0.116129032258065 0.103225806451613 0.0258064516129033 0.064516129032258 0.064516129032258 0.0741935483870968 0.0645161290322581 0.0548387096774194 0.0483870967741935 0.0483870967741935 0.0451612903225806 0.0451612903225806 0.0451612903225806 0.0451612903225806 0.0419354838709677 0.0387096774193548 0.0193548387096774 0.0419354838709677 0.0387096774193548 0.0290322580645161 0.0387096774193548
-9999 0.0419354838709677 0.116129032258065 0.264516129032258 0.129032258064516 -9999 -9999 -9999 0 0 0.0387096774193549 0.148387096774194 0.116129032258065 -9999 0.0387096774193548 -9999 0.296774193548387 0.329032258064516 0.2 0.190322580645161 0.129032258064516 0.106451612903226 0.0612903225806452 0.0838709677419356 0.106451612903226 0.00645161290322581 0.0548387096774194 0.0548387096774194 0.151612903225806 0.0903225806451613 0.12258064516129 0.0516129032258064 0.106451612903226 0.0870967741935484 0.067741935483871 0.0580645161290323 0.0580645161290323 0.0548387096774194 0.0548387096774194 0.0483870967741935 0.0548387096774194 0.0483870967741935 0.0483870967741935 0.0483870967741935 0.0193548387096774 0 0.00645161290322581 0.00645161290322581 0.0387096774193548
0.264516129032258 0.229032258064516 0.064516129032258 0.116129032258065 0.206451612903226 0.2 0.132258064516129 0.032258064516129 0.032258064516129 0.0193548387096774 0.032258064516129 0.0387096774193549 0.0129032258064516 0.148387096774194 0.170967741935484 0.0451612903225806 0.0548387096774194 0.0548387096774194 0 0.116129032258065 0.0451612903225806 0.151612903225806 0.0193548387096774 0.0032258064516129 0.0548387096774194 0.106451612903226 0.106451612903226 0.106451612903226 0.0774193548387097 0.0967741935483871 0.0774193548387097 0.0387096774193549 0.0967741935483871 0.0451612903225806 0.067741935483871 0.0645161290322581 0.0645161290322581 0.0645161290322581 0.0612903225806452 0.0580645161290323 0.0580645161290323 0.0548387096774194 0.0548387096774194 0.0451612903225806 0.0548387096774194 0.0193548387096774 0.0483870967741935 0.0032258064516129 0.0419354838709677
0.096774193548387 0.329032258064516 0.0548387096774194 0.106451612903226 0.151612903225806 0.225806451612903 0.132258064516129 0.0580645161290323 0.096774193548387 0.219354838709677 0.267741935483871 0.064516129032258 0.135483870967742 0.116129032258065 0.0193548387096774 0.0548387096774194 0.0870967741935484 0.106451612903226 0.0225806451612902 0.151612903225806 0.0193548387096774 0.106451612903226 0.00645161290322581 0.0032258064516129 0.00645161290322581 0.106451612903226 0.064516129032258 0.254838709677419 0.190322580645161 0.106451612903226 0.167741935483871 0.12258064516129 0.1 0.0870967741935484 0.0741935483870968 0.0741935483870968 0.067741935483871 0.0548387096774194 0.0193548387096774 0.0193548387096774 0.0645161290322581 0.0612903225806452 0.0612903225806452 0.0612903225806452 0.00645161290322581 0.0193548387096774 0.0580645161290323 0.00645161290322581 0.0483870967741935
0 0.0225806451612902 0.00645161290322571 0.0451612903225806 0.0258064516129033 0.0258064516129033 0.132258064516129 0.0451612903225806 0.148387096774194 0.064516129032258 0.0129032258064516 0.00645161290322571 0.106451612903226 0.0709677419354839 0.0548387096774194 0.106451612903226 0.0129032258064516 0.0451612903225806 0.0258064516129033 0.190322580645161 0.193548387096774 0.0129032258064516 0.0451612903225806 0.0193548387096774 0.106451612903226 0.0451612903225806 0.0290322580645161 0.151612903225806 0.151612903225806 0.2 0.151612903225806 0.106451612903226 0.1 0.0870967741935484 0.1 0.1 0.1 0.0870967741935484 0.0870967741935484 0.00645161290322581 0.00645161290322581 0.0193548387096774 0.067741935483871 0.0548387096774194 0.0548387096774194 0.0548387096774194 0.0193548387096774 0.0548387096774194 0.0580645161290323
0.0387096774193549 0.0258064516129033 0.0258064516129033 0.00322580645161286 0.0258064516129033 0.064516129032258 0.0258064516129033 0.225806451612903 0 0.0451612903225806 0.116129032258065 0.0193548387096774 0.064516129032258 0.0387096774193549 0.106451612903226 0.106451612903226 0.0548387096774194 0.0258064516129033 0.0258064516129033 0.0451612903225806 0.0258064516129033 0.167741935483871 0.225806451612903 0.064516129032258 0.0451612903225806 0.064516129032258 0 0.0451612903225806 0.0258064516129033 0 0.096774193548387 0.12258064516129 0.064516129032258 0.096774193548387 0.12258064516129 0.106451612903226 0.0548387096774194 0.0548387096774194 0.00645161290322581 0.0193548387096774 0.0258064516129032 0.0548387096774194 0.0193548387096774 0.0193548387096774 0.0193548387096774 0.0032258064516129 0.00645161290322581 0.00645161290322581 0.00645161290322581
0.0129032258064516 0.135483870967742 0.00967741935483879 0.064516129032258 0.064516129032258 0.064516129032258 0.12258064516129 0.0451612903225806 -9999 0.116129032258065 0.190322580645161 0.0903225806451613 0.0451612903225806 0 0 0.00322580645161286 0 0 0 0.0451612903225806 0 0.0193548387096774 0.0451612903225806 0 0 0 0.00322580645161286 0.00645161290322571 0 0.0258064516129033 0.0290322580645161 0.106451612903226 0.12258064516129 0.0548387096774194 0.106451612903226 0.0193548387096774 0.0193548387096774 0.00645161290322581 0.0548387096774194 0.0193548387096774 0.00645161290322581 0.00645161290322581 0.00645161290322581 0.00645161290322581 0.00645161290322581 0.00645161290322581 0 0 0.0032258064516129
0.0290322580645161 0.0774193548387097 0.0193548387096774 0.0548387096774194 0.12258064516129 0.0129032258064516 0.0903225806451613 0.0548387096774194 0.151612903225806 0.0258064516129033 0.0451612903225806 0.0225806451612902 0.00645161290322581 0.0548387096774194 0 0 0 0 0.0258064516129033 0 0 0.00645161290322581 0.00645161290322581 0.0258064516129033 0.106451612903226 0.0129032258064516 0.00645161290322571 0 0 0.0387096774193549 0.151612903225806 0.064516129032258 0.0548387096774194 0.0193548387096774 0.0193548387096774 0.106451612903226 0.0548387096774194 0.0548387096774194 0.106451612903226 0.12258064516129 0.12258064516129 0.00645161290322581 0.0032258064516129 0.00645161290322581 0.0193548387096774 0.00645161290322581 0.0193548387096774 0.0193548387096774 0.0548387096774194
0.0193548387096774 0.116129032258065 0.151612903225806 0.00645161290322571 0.119354838709677 0.064516129032258 0.290322580645161 0.267741935483871 0.12258064516129 0.0193548387096774 0.0290322580645161 0.0193548387096774 0.0193548387096774 0 0.0193548387096774 0 0 0.0258064516129033 0.0193548387096774 0.0258064516129033 0.0225806451612902 0.0258064516129033 0 0 0.00645161290322571 0.0580645161290323 0 0 0 0.0290322580645161 0.0451612903225806 0.187096774193548 0.116129032258065 0.106451612903226 0.0548387096774194 0.0548387096774194 0.106451612903226 0.151612903225806 0.109677419354839 0.151612903225806 0.167741935483871 0.00645161290322581 0.0193548387096774 0.12258064516129 0.106451612903226 0.1 0.1 0.0870967741935484 0.0870967741935484
0.0193548387096774 0.109677419354839 0.116129032258065 0.0193548387096774 0.203225806451613 0.325806451612903 0.112903225806452 0.2 0.0741935483870968 0.0129032258064516 0.00322580645161286 0.0193548387096774 0.0258064516129033 0.132258064516129 0.032258064516129 0.0193548387096774 0.00645161290322571 0.0387096774193549 0.106451612903226 0.0548387096774194 0.064516129032258 0.0193548387096774 0 0 0.064516129032258 0.0387096774193549 0 0 0 0.00645161290322571 0.0258064516129033 0.0290322580645161 0 0 0.0258064516129033 0.0258064516129033 0.106451612903226 0.174193548387097 0.151612903225806 0.151612903225806 0.174193548387097 0.106451612903226 0.151612903225806 0.12258064516129 0.106451612903226 0.0870967741935484 0.1 0.0870967741935484 0.0870967741935484
0.0258064516129033 0.0903225806451613 0.0580645161290323 0.135483870967742 0.064516129032258 0.0290322580645161 0.0548387096774194 0.0258064516129033 0.0258064516129033 0 0.0225806451612902 0 0 0.0548387096774194 -9999 0 0.00645161290322581 0.064516129032258 0 0.00645161290322571 0 0.0387096774193549 0 0 0.0129032258064516 0.0548387096774194 0.132258064516129 0.064516129032258 0.064516129032258 0.096774193548387 0.0774193548387097 0.0129032258064516 0.0258064516129033 0.0258064516129033 0.00322580645161286 0.0258064516129033 0.096774193548387 0.135483870967742 0.187096774193548 0.187096774193548 0.187096774193548 0.151612903225806 0.0548387096774194 0.132258064516129 0.148387096774194 0.12258064516129 0.1 0.0870967741935484 0.0741935483870968
0.0193548387096774 0.0677419354838709 0.00645161290322571 0.0129032258064516 0.0129032258064516 0.0451612903225806 0.0129032258064516 0 0.0258064516129033 0 0 0.106451612903226 0.0387096774193548 -9999 -9999 -9999 -9999 0.0258064516129033 0 0 0 0.0193548387096774 0.0258064516129033 0 0 0 0.129032258064516 0.00645161290322571 0.0258064516129033 0.0129032258064516 0.0741935483870968 0.132258064516129 0.109677419354839 0.0838709677419356 0.0548387096774194 0.106451612903226 0 0.0225806451612902 0.0451612903225806 0.2 0.106451612903226 0.0193548387096774 0.032258064516129 0.064516129032258 0.148387096774194 0.0967741935483871 0.0967741935483871 0.0967741935483871 0.1
0.0709677419354839 0.0129032258064516 0.0387096774193549 0.0387096774193549 0.064516129032258 0.0258064516129033 0.0258064516129033 0.0258064516129033 0.064516129032258 0.0258064516129033 0 0 0 0.0967741935483871 0.0193548387096774 0 0 0.00645161290322571 0 0.00645161290322581 0 0 0.12258064516129 0.0258064516129033 0.0258064516129033 0.0258064516129033 0.096774193548387 0.0451612903225806 0.0258064516129033 0.00322580645161286 0.151612903225806 0.0741935483870968 0.151612903225806 0.167741935483871 0.0903225806451613 0.032258064516129 0.0258064516129033 0.167741935483871 0.0451612903225806 0.225806451612903 0.116129032258065 0.12258064516129 0.064516129032258 0.148387096774194 0.0967741935483871 0.067741935483871 0.067741935483871 0.067741935483871 0.0967741935483871
0.0193548387096774 0.032258064516129 0.116129032258065 0.0258064516129033 0.0451612903225806 0.0225806451612902 0.0225806451612902 0 0.0258064516129033 0.00645161290322571 0 0 0 0 0.00322580645161286 0.0967741935483871 0.064516129032258 0.0258064516129033 0.148387096774194 0.0548387096774194 0.0258064516129033 0.116129032258065 0.2 0.0258064516129033 0.00645161290322571 0.0387096774193549 0.2 0.0129032258064516 0.116129032258065 0.116129032258065 0.190322580645161 0.148387096774194 0.0806451612903226 0.0193548387096774 0.0258064516129033 0.064516129032258 0.096774193548387 0.225806451612903 0.225806451612903 0.2 0.187096774193548 0.148387096774194 0.12258064516129 0.0193548387096774 0.0548387096774194 0.00645161290322581 0.00645161290322581 0.0451612903225806 0.067741935483871
0 0 0.0193548387096774 0.0258064516129033 0.0258064516129033 0 0 0 0.0258064516129033 0.00645161290322581 0.132258064516129 0.0548387096774194 0 0.064516129032258 0 0.0258064516129033 0.064516129032258 0.0258064516129033 0.064516129032258 0 0.0129032258064516 0.064516129032258 0.196774193548387 0.096774193548387 0.0193548387096774 0.251612903225807 0.0193548387096774 0.148387096774194 0.132258064516129 0.116129032258065 0.106451612903226 0.106451612903226 0.151612903225806 0.151612903225806 0.190322580645161 0.106451612903226 0.106451612903226 0.245161290322581 0.245161290322581 0.151612903225806 0.151612903225806 0.148387096774194 0.148387096774194 0.0967741935483871 0.067741935483871 0.067741935483871 0.0451612903225806 0.0451612903225806 0.067741935483871
0 0 0 0 0 0.0451612903225806 0.0258064516129033 0.0129032258064516 0.0129032258064516 0.0451612903225806 0.00645161290322581 0.0032258064516129 0.0193548387096774 0.0193548387096774 0.032258064516129 0.0225806451612902 0 0 0.0258064516129033 0.0387096774193549 0.0129032258064516 0.116129032258065 0.245161290322581 0.296774193548387 0.167741935483871 0.0903225806451613 0.064516129032258 0.096774193548387 0.0193548387096774 0.0838709677419356 0.0387096774193549 0.0548387096774194 0.0548387096774194 -9999 0.0387096774193549 0.0193548387096774 0.245161290322581 0.0451612903225806 0.0258064516129033 0.0741935483870968 0.167741935483871 0.0290322580645161 0 0.0258064516129033 0.0451612903225806 0.067741935483871 0.0451612903225806 0.0451612903225806 0.067741935483871
0 0 0.0741935483870968 0.0258064516129033 0.0193548387096774 0 0.0258064516129033 0 0.0129032258064516 0.0258064516129033 0 0.0032258064516129 0.00645161290322581 0.0193548387096774 0.0193548387096774 0 0 0.0193548387096774 0.0548387096774194 0.0387096774193549 0.0903225806451613 0.0451612903225806 0.0193548387096774 0.0129032258064516 0.0451612903225806 0.219354838709677 0.116129032258065 0.119354838709677 0.096774193548387 0.12258064516129 0.116129032258065 0.0193548387096774 0.0129032258064516 0.135483870967742 0.245161290322581 0.245161290322581 0.190322580645161 0.064516129032258 0.0451612903225806 0.187096774193548 0.0741935483870968 0.096774193548387 0.096774193548387 0.148387096774194 0.0967741935483871 0.0967741935483871 0.067741935483871 0.067741935483871 0.0967741935483871
