resultados/modelos/bioclim.asc
NCOLS 330 
NROWS 228 
XLLCORNER -12 
YLLCORNER 34 
CELLSIZE 0.166667 
NODATA_value -9999 
[rows 176 to 197 of 228, columns 196 to 244 of 330]
0.0290322580645161 0.0677419354838709 0.0129032258064516 0.0935483870967742 0.125806451612903 0.0258064516129033 0.103225806451613 0.0548387096774194 0.0935483870967742 0.296774193548387 0.306451612903226 0.148387096774194 0.129032258064516 0.125806451612903 0.0580645161290323 0.032258064516129 0.064516129032258 0.129032258064516 0.129032258064516 0.129032258064516 0.129032258064516 0.212903225806452 0.225806451612903 0.129032258064516 0.00967741935483879 0.0419354838709678 0.0935483870967742 0.0225806451612902 0.0129032258064516 0.0161290322580645 0.00967741935483879 0.00645161290322571 0.00645161290322571 0.00645161290322571 0.00645161290322571 0.00645161290322571 0.00645161290322571 0.00645161290322571 0.00645161290322571 0.00645161290322571 0.00645161290322571 0.00645161290322571 -9999 -9999 -9999 -9999 -9999 -9999 -9999
0.0129032258064516 0.1 0.0258064516129033 0.0225806451612902 0.00967741935483879 0.0225806451612902 0.00645161290322571 0.0129032258064516 0.174193548387097 0.306451612903226 0.248387096774193 0.129032258064516 0.129032258064516 0.112903225806452 0.096774193548387 0.245161290322581 0.241935483870968 0.174193548387097 0.125806451612903 0.1 0.0258064516129033 0.0129032258064516 0.00645161290322571 0.00645161290322571 0.00645161290322571 0.00645161290322571 0.0129032258064516 0.0129032258064516 0.00645161290322571 0.00645161290322571 0.00645161290322571 0.00645161290322571 0.00645161290322571 0.00645161290322571 0.00645161290322571 0.00645161290322571 0.00645161290322571 0.00645161290322571 0.00645161290322571 0.00645161290322571 0.00645161290322571 0.00645161290322571 -9999 -9999 -9999 -9999 -9999 -9999 -9999
0.00645161290322571 0.0580645161290323 0.032258064516129 0.0258064516129033 0.129032258064516 0.0548387096774194 0.00645161290322571 0.00967741935483879 0.129032258064516 0.129032258064516 0.206451612903226 0.0612903225806452 0.0258064516129033 0.0258064516129033 0.0258064516129033 0 0.0516129032258064 0.0129032258064516 0 0.103225806451613 0.00645161290322571 0.00645161290322571 0.00645161290322571 0.00645161290322571 0.00645161290322571 0.00645161290322571 0.00645161290322571 0.00645161290322571 0.00645161290322571 0.00645161290322571 0.00645161290322571 0.00645161290322571 0.00645161290322571 0.00645161290322571 0.00645161290322571 0.00645161290322571 0.00645161290322571 0.00645161290322571 0.00645161290322571 0.00645161290322571 0.00645161290322571 0.00645161290322571 0.00645161290322571 -9999 -9999 -9999 -9999 -9999 -9999
0.032258064516129 0.0129032258064516 0.00645161290322571 0.00645161290322571 0.00645161290322571 0.00645161290322571 0.00645161290322571 0.00645161290322571 0.00645161290322571 0.129032258064516 0.161290322580645 0.096774193548387 0.129032258064516 0.0935483870967742 0.00645161290322571 0.0516129032258064 0.135483870967742 0.0258064516129033 0.096774193548387 0.0741935483870968 0.129032258064516 0.0290322580645161 0.00645161290322571 0.00645161290322571 0.00645161290322571 0.00645161290322571 0.00645161290322571 0.00645161290322571 0.00645161290322571 0.00645161290322571 0.00645161290322571 0.00645161290322571 0.00645161290322571 0.00645161290322571 0.00645161290322571 0.00645161290322571 0.00645161290322571 0.00645161290322571 0.00645161290322571 0.00645161290322571 0.00645161290322571 0.00645161290322571 0.00645161290322571 0.00645161290322571 -9999 -9999 -9999 -9999 -9999
0.148387096774194 0.0258064516129033 0.0935483870967742 0.0258064516129033 0.00645161290322571 0.00645161290322571 0.00645161290322571 0.00645161290322571 0.00645161290322571 0.00645161290322571 0.00645161290322571 0.00645161290322571 0.0838709677419356 0.096774193548387 0.00645161290322571 0.032258064516129 0.0387096774193549 0.129032258064516 0.0806451612903225 0 0.0193548387096774 0.0903225806451613 0.174193548387097 0.0193548387096774 0.148387096774194 0.109677419354839 0.00645161290322571 0.00645161290322571 0.00645161290322571 0.00645161290322571 0.00645161290322571 0.00645161290322571 0.00645161290322571 0.00645161290322571 0.00645161290322571 0.00645161290322571 0.00645161290322571 0.00645161290322571 0.00645161290322571 0.00645161290322571 0.00645161290322571 0.00645161290322571 0 0.00645161290322571 -9999 -9999 -9999 -9999 -9999
0.158064516129032 0.096774193548387 0.135483870967742 0.0419354838709678 0.0548387096774194 0.0258064516129033 0.00645161290322571 0.00645161290322571 0.00645161290322571 0.00645161290322571 0.1 0.116129032258065 0.112903225806452 0.206451612903226 0.0451612903225806 0.0129032258064516 0.032258064516129 0.0258064516129033 0.129032258064516 0 0.0516129032258064 0.00645161290322571 0.129032258064516 0.064516129032258 0.0741935483870968 0.174193548387097 0.125806451612903 0.0129032258064516 0.00645161290322571 0.00645161290322571 0.00645161290322571 0.00645161290322571 0.00645161290322571 0.00645161290322571 0.00645161290322571 0.00645161290322571 0.00645161290322571 0.00645161290322571 0.00645161290322571 0.00645161290322571 0.00645161290322571 0.00967741935483879 0.0161290322580645 0.00645161290322571 -9999 -9999 -9999 -9999 -9999
0.319354838709677 0.129032258064516 0.135483870967742 0.0354838709677419 0.0580645161290323 0.00645161290322571 0.00645161290322571 0.00645161290322571 0.00645161290322571 0.00645161290322571 0.00645161290322571 0.00645161290322571 0.0548387096774194 0.158064516129032 0.0354838709677419 0.00645161290322571 0 0.0580645161290323 0.0258064516129033 0.103225806451613 0.209677419354839 0.0806451612903225 0.106451612903226 0.0838709677419356 0.0903225806451613 0.0903225806451613 0.0935483870967742 0.0129032258064516 0.00645161290322571 0.00645161290322571 0.00645161290322571 0.00645161290322571 0.00645161290322571 0.00645161290322571 0.00645161290322571 0.00645161290322571 0.00645161290322571 0.00645161290322571 0.00645161290322571 0.00645161290322571 0.00645161290322571 0.00645161290322571 0.00645161290322571 0.00645161290322571 0.00645161290322571 -9999 -9999 -9999 -9999
0.109677419354839 0.129032258064516 0.129032258064516 0.096774193548387 0.00645161290322571 0.0354838709677419 0.00645161290322571 0.00645161290322571 0.00645161290322571 0.00645161290322571 0.00645161290322571 0.00645161290322571 0.00645161290322571 0.00645161290322571 0.00645161290322571 0.00645161290322571 0.00645161290322571 0.0580645161290323 0.0548387096774194 0.0290322580645161 0.0129032258064516 0.106451612903226 0.0774193548387097 0.145161290322581 0.167741935483871 0.129032258064516 0.0258064516129033 0.00645161290322571 0.00645161290322571 0.00645161290322571 0.00645161290322571 0.00645161290322571 0.00645161290322571 0.00645161290322571 0.00645161290322571 0.00645161290322571 0.00645161290322571 0.00645161290322571 0.00645161290322571 0.00645161290322571 0.00645161290322571 0.00645161290322571 0.00645161290322571 0.00645161290322571 0.00645161290322571 0.00645161290322571 0.00645161290322571 -9999 -9999
0.0774193548387097 0.145161290322581 0.129032258064516 0.0258064516129033 0.00645161290322571 0.0258064516129033 0.0129032258064516 0.0129032258064516 0.0354838709677419 0.1 0.00645161290322571 0.00645161290322571 -9999 0.00645161290322571 0 0.00645161290322571 0.00645161290322571 0.0935483870967742 0.0580645161290323 0.00645161290322571 0.0258064516129033 0.0129032258064516 0.00645161290322571 0.00645161290322571 0.0419354838709678 0.0129032258064516 0.00645161290322571 0.0129032258064516 0.00645161290322571 0.00645161290322571 0.00645161290322571 0.00967741935483879 0.00645161290322571 0.00645161290322571 0.00645161290322571 0.00645161290322571 0.00645161290322571 0.00645161290322571 0.00645161290322571 0.00645161290322571 0.00645161290322571 0.00645161290322571 0.00645161290322571 0.00645161290322571 0.00645161290322571 0.00645161290322571 0.00645161290322571 0.00645161290322571 0.0129032258064516
-9999 0.174193548387097 0.129032258064516 0.0741935483870968 0.00645161290322571 0.0129032258064516 0.0258064516129033 0.0903225806451613 0 0.0258064516129033 0.00645161290322571 0.00645161290322571 0.00645161290322571 0.00645161290322571 0.00645161290322571 0.00645161290322571 0 0.00645161290322571 0.00645161290322571 0.00645161290322571 0.00645161290322571 0.00645161290322571 0.0129032258064516 0.00967741935483879 0.00645161290322571 0.00645161290322571 0.00645161290322571 0.00645161290322571 0.00645161290322571 0.00645161290322571 0.00645161290322571 0.00645161290322571 0.00645161290322571 0.00645161290322571 0.00645161290322571 0.00645161290322571 0.00645161290322571 0.00645161290322571 0.00645161290322571 0.00645161290322571 0.00645161290322571 0.00645161290322571 0.00645161290322571 0.00645161290322571 0.00645161290322571 -9999 0.00645161290322571 0.00645161290322571 0.00645161290322571
0.0354838709677419 0.0580645161290323 -9999 0.0580645161290323 0.00645161290322571 0.00645161290322571 0.0387096774193549 0.00645161290322571 0.00645161290322571 0.00645161290322571 0.00645161290322571 0.00645161290322571 0 0.00645161290322571 0.00645161290322571 0.00645161290322571 0.00645161290322571 0.00645161290322571 0.00645161290322571 0.00645161290322571 0.00645161290322571 0.00645161290322571 -9999 -9999 0.00645161290322571 -9999 -9999 -9999 -9999 0.00645161290322571 0.00645161290322571 0.00645161290322571 0.00645161290322571 0.00645161290322571 0.00645161290322571 0.00645161290322571 0.00645161290322571 0.00645161290322571 0.00645161290322571 0.00645161290322571 0.00645161290322571 -9999 -9999 -9999 -9999 -9999 -9999 -9999 -9999
0.0258064516129033 0.125806451612903 0.0838709677419356 0.180645161290323 0.0225806451612902 0.00645161290322571 0.00645161290322571 0.00645161290322571 0.00645161290322571 0.00645161290322571 0.00645161290322571 0.00645161290322571 0.00645161290322571 0.00645161290322571 0.00645161290322571 0.00645161290322571 0.00645161290322571 0.00645161290322571 -9999 -9999 0.0032258064516129 -9999 -9999 0.00645161290322571 -9999 -9999 -9999 -9999 -9999 -9999 -9999 -9999 0.00645161290322571 0.00645161290322571 0.00645161290322571 0.00645161290322571 0.00645161290322571 0.00645161290322571 0.00645161290322571 0.00645161290322571 -9999 -9999 -9999 -9999 -9999 -9999 -9999 -9999 -9999
0.0838709677419356 0.0935483870967742 0.0741935483870968 0.0129032258064516 0.0935483870967742 0.00645161290322571 0.00645161290322571 0.206451612903226 0.00645161290322571 0.00645161290322571 0.00645161290322571 0.00645161290322571 0 -9999 0.00645161290322571 0.00645161290322571 0.00645161290322571 0.00645161290322571 0.00645161290322571 -9999 -9999 -9999 -9999 -9999 -9999 -9999 -9999 -9999 -9999 -9999 -9999 -9999 -9999 -9999 -9999 -9999 -9999 0.00645161290322571 -9999 -9999 -9999 -9999 -9999 -9999 -9999 -9999 -9999 -9999 -9999
0.0580645161290323 0.145161290322581 0.0225806451612902 0.00645161290322571 0.00645161290322571 0.0258064516129033 0.00645161290322571 0.00645161290322571 0.0129032258064516 0.00645161290322571 0.00645161290322571 0.00645161290322571 -9999 0 0.00645161290322571 0.00645161290322571 0.00645161290322571 0.00645161290322571 0.00645161290322571 -9999 -9999 -9999 -9999 -9999 -9999 -9999 -9999 -9999 -9999 0.0129032258064516 -9999 -9999 -9999 -9999 0.00645161290322571 0.00645161290322571 -9999 -9999 0.00645161290322571 0.00645161290322571 -9999 -9999 -9999 -9999 -9999 -9999 -9999 -9999 -9999
0.109677419354839 0.129032258064516 0.096774193548387 0.00645161290322571 0.00645161290322571 0.00645161290322571 0.00645161290322571 0.00645161290322571 0.00645161290322571 0.00645161290322571 0.00645161290322571 -9999 -9999 -9999 -9999 -9999 -9999 -9999 -9999 -9999 -9999 0.00645161290322571 -9999 -9999 -9999 -9999 -9999 -9999 -9999 -9999 -9999 -9999 -9999 -9999 0.00645161290322571 0.00645161290322571 0.00645161290322571 0.00645161290322571 0.00645161290322571 0.00645161290322571 0.00645161290322571 0.00645161290322571 0.00645161290322571 0.00645161290322571 0.00645161290322571 0.00645161290322571 0.00645161290322571 0.00645161290322571 0.00645161290322571
0.00645161290322571 0.032258064516129 0.129032258064516 0.00645161290322571 0.00645161290322571 0.00645161290322571 0.00645161290322571 0.00645161290322571 0.00645161290322571 0.0129032258064516 0 -9999 -9999 -9999 -9999 -9999 0.00645161290322571 -9999 -9999 0.00645161290322571 -9999 -9999 -9999 -9999 -9999 -9999 -9999 -9999 -9999 -9999 -9999 -9999 -9999 0.00645161290322571 0.00645161290322571 0.00645161290322571 0.00645161290322571 0.00645161290322571 0.00645161290322571 0.00645161290322571 0.00645161290322571 0.00645161290322571 0.00645161290322571 0.00645161290322571 0.00645161290322571 0.00645161290322571 0.00645161290322571 0.00645161290322571 0.00645161290322571
0.0258064516129033 0.129032258064516 0.158064516129032 0.0548387096774194 0.00645161290322571 0.00645161290322571 0.00645161290322571 0.00645161290322571 0.00645161290322571 0.00645161290322571 0.00645161290322571 0.00645161290322571 -9999 -9999 -9999 -9999 -9999 -9999 -9999 -9999 -9999 -9999 -9999 -9999 -9999 -9999 0.00645161290322571 -9999 -9999 -9999 -9999 -9999 -9999 0.00645161290322571 0.00645161290322571 0.00645161290322571 0.00645161290322571 0.00645161290322571 0.00645161290322571 0.00645161290322571 0.00645161290322571 0.00645161290322571 0.00645161290322571 0.00645161290322571 0.00645161290322571 0.00645161290322571 0.00645161290322571 0.00645161290322571 0.00645161290322571
0.00645161290322571 0.00645161290322571 0.0580645161290323 0.129032258064516 0.00645161290322571 0.00645161290322571 0.00645161290322571 0.00645161290322571 0.00645161290322571 0.00322580645161286 0 0.00645161290322571 0.00645161290322571 -9999 -9999 -9999 -9999 -9999 -9999 -9999 -9999 -9999 -9999 -9999 -9999 -9999 -9999 -9999 -9999 -9999 -9999 -9999 -9999 0.00645161290322571 0.00645161290322571 0.00645161290322571 0.00645161290322571 0.0161290322580645 0.00645161290322571 0.00645161290322571 0.00645161290322571 0.00645161290322571 0.00645161290322571 0.00645161290322571 0.00645161290322571 0.00645161290322571 0.00645161290322571 0.00967741935483879 0.00645161290322571
0.00645161290322571 0.00645161290322571 0.0258064516129033 0.129032258064516 0.103225806451613 0.00645161290322571 0 0 0 0 0 0 0.00645161290322571 0.00645161290322571 -9999 -9999 -9999 -9999 -9999 -9999 -9999 -9999 -9999 -9999 -9999 -9999 -9999 -9999 -9999 -9999 -9999 -9999 -9999 0.00645161290322571 0.00645161290322571 0.00645161290322571 0.00645161290322571 -9999 0.00645161290322571 0.00645161290322571 0.00645161290322571 0.00645161290322571 0.00645161290322571 0.00645161290322571 0.00645161290322571 0.00645161290322571 0.00645161290322571 0.00645161290322571 0.00645161290322571
0.00645161290322571 0.00645161290322571 0.00645161290322571 0.0129032258064516 0.0225806451612902 0.00645161290322571 0 0 0 0 0 0.00645161290322571 0 0.00645161290322571 0.00645161290322571 -9999 -9999 -9999 -9999 -9999 -9999 -9999 -9999 -9999 -9999 -9999 -9999 -9999 -9999 -9999 -9999 -9999 -9999 -9999 -9999 -9999 -9999 0.00645161290322571 0.00645161290322571 0.00645161290322571 0.00645161290322571 0.00645161290322571 0.00645161290322571 0.00645161290322571 0.00645161290322571 0.00645161290322571 0.00645161290322571 0.0161290322580645 0.0129032258064516
0.00645161290322571 0.00645161290322571 0.00645161290322571 0.00645161290322571 0.00645161290322571 0.0838709677419356 0.00645161290322571 0.00645161290322571 0 0 0.00645161290322571 0.00645161290322571 0 -9999 -9999 0.00645161290322571 -9999 -9999 -9999 -9999 -9999 -9999 -9999 -9999 -9999 -9999 -9999 -9999 -9999 -9999 -9999 0.00645161290322571 0.00645161290322571 0.00645161290322571 0.0032258064516129 -9999 0.0032258064516129 0.00645161290322571 0.00645161290322571 0.00645161290322571 0.00645161290322571 0.00645161290322571 0.00645161290322571 0.00645161290322571 0.00645161290322571 0.00645161290322571 0.00645161290322571 0.00645161290322571 0.0161290322580645
0.00645161290322571 0.00645161290322571 0.00645161290322571 0.00645161290322571 0.00645161290322571 0.00645161290322571 0.00645161290322571 0.00645161290322571 0.00645161290322571 0.00645161290322571 0.00645161290322571 0.00645161290322571 0.00645161290322571 0.00322580645161286 -9999 -9999 -9999 -9999 -9999 -9999 -9999 -9999 -9999 -9999 -9999 -9999 -9999 -9999 -9999 -9999 -9999 -9999 -9999 0.0032258064516129 0.0032258064516129 -9999 -9999 0.0032258064516129 0.00645161290322571 0.00645161290322571 0.00645161290322571 0.00645161290322571 0.00645161290322571 0.00645161290322571 0.00645161290322571 0.00645161290322571 0.00645161290322571 0.00645161290322571 0.00645161290322571
