resultados/modelos/bioclim.asc
NCOLS 330 
NROWS 228 
XLLCORNER -12 
YLLCORNER 34 
CELLSIZE 0.166667 
NODATA_value -9999 
[rows 110 to 131 of 228, columns 147 to 195 of 330]
0.129032258064516 0.12258064516129 0.264516129032258 0.174193548387097 0.0516129032258064 0.187096774193548 0.248387096774193 0.264516129032258 0.148387096774194 0.0548387096774194 0.106451612903226 0.0612903225806452 -9999 0.174193548387097 0.174193548387097 0.190322580645161 0.190322580645161 0.267741935483871 0.293548387096774 0.306451612903226 0.32258064516129 0.225806451612903 0.329032258064516 0.267741935483871 0.190322580645161 0.267741935483871 0.261290322580645 0.293548387096774 0.151612903225806 0.151612903225806 0.206451612903226 0.174193548387097 0.267741935483871 0.129032258064516 0.187096774193548 0.148387096774194 0.148387096774194 0.0967741935483871 0.187096774193548 0.151612903225806 0.190322580645161 0.151612903225806 0.174193548387097 0.254838709677419 0.293548387096774 0.254838709677419 0.232258064516129 0.212903225806452 0.116129032258065
0.190322580645161 -9999 0.190322580645161 0.212903225806452 0.251612903225807 0.264516129032258 0.264516129032258 0.167741935483871 0.0516129032258065 0.225806451612903 0.203225806451613 0.0387096774193549 0.0193548387096774 0.0709677419354839 0.245161290322581 0.116129032258065 0.254838709677419 0.290322580645161 0.293548387096774 0.254838709677419 0.296774193548387 0.306451612903226 0.296774193548387 0.225806451612903 0.290322580645161 0.261290322580645 0.27741935483871 0.206451612903226 0.290322580645161 0.290322580645161 0.151612903225806 0.174193548387097 0.190322580645161 0.106451612903226 0.148387096774194 0.0387096774193549 0.0967741935483871 0.0516129032258064 0.0903225806451613 0.032258064516129 0.225806451612903 0.254838709677419 0.174193548387097 0.212903225806452 0.290322580645161 0.290322580645161 0.290322580645161 0.254838709677419 0.116129032258065
0.148387096774194 0.258064516129032 0.2 0.2 0.138709677419355 0.180645161290323 0.241935483870968 0.232258064516129 0.135483870967742 0.232258064516129 0.0967741935483871 0.0709677419354839 0.096774193548387 0.225806451612903 0.151612903225806 0.106451612903226 0.212903225806452 0.212903225806452 0.245161290322581 0.245161290322581 0.148387096774194 0.225806451612903 0.290322580645161 0.129032258064516 0.290322580645161 0.0903225806451613 0.0548387096774194 0.0548387096774194 0.151612903225806 0.151612903225806 0.174193548387097 0.12258064516129 0.187096774193548 0.096774193548387 0.148387096774194 0.0967741935483871 0.032258064516129 0.0516129032258065 0.0548387096774194 0.0548387096774194 0.232258064516129 0.103225806451613 0.216129032258064 0.254838709677419 0.190322580645161 0.212903225806452 0.174193548387097 0.293548387096774 0.245161290322581
0.158064516129032 0.158064516129032 0.109677419354839 0.180645161290323 0.235483870967742 0.151612903225806 0.129032258064516 0.0903225806451613 0.219354838709677 0.109677419354839 0.0387096774193549 0.206451612903226 0.232258064516129 0.232258064516129 0.193548387096774 0.209677419354839 0.206451612903226 0.206451612903226 0.209677419354839 0.212903225806452 0.0258064516129033 0.216129032258064 0.0741935483870968 0.245161290322581 0.206451612903226 0.0580645161290323 0.2 0.12258064516129 0.216129032258064 0.212903225806452 0.096774193548387 0.187096774193548 0.0516129032258064 0.032258064516129 0.0967741935483871 0.0967741935483871 0.0516129032258064 0.0516129032258064 0.148387096774194 0.148387096774194 0.187096774193548 0.161290322580645 0.151612903225806 0.216129032258064 0.232258064516129 0.245161290322581 0.245161290322581 0.116129032258065 0.206451612903226
0.190322580645161 0.225806451612903 0.151612903225806 0.138709677419355 0.129032258064516 0.106451612903226 0.0677419354838709 0.225806451612903 0.2 0.209677419354839 0.212903225806452 0.174193548387097 0.209677419354839 0.206451612903226 0.106451612903226 0.190322580645161 0.116129032258065 0.193548387096774 0.193548387096774 0.206451612903226 0.0741935483870968 0.148387096774194 0.106451612903226 0.209677419354839 0.125806451612903 0.232258064516129 0.187096774193548 0.151612903225806 0.0548387096774194 0.0516129032258065 0.12258064516129 0.096774193548387 0.148387096774194 0.0967741935483871 0.0967741935483871 0.0967741935483871 0.0967741935483871 0.0903225806451613 0.0967741935483871 0.148387096774194 0.187096774193548 0.151612903225806 0.0548387096774194 0.00645161290322581 0.00645161290322581 0.187096774193548 0.151612903225806 0.187096774193548 0.116129032258065
0.129032258064516 0.0193548387096774 0.106451612903226 0.106451612903226 0.0387096774193549 0.103225806451613 0.174193548387097 0.174193548387097 0.174193548387097 0.0709677419354839 0.158064516129032 0.174193548387097 0.174193548387097 0.129032258064516 0.0806451612903225 0.135483870967742 0.0387096774193549 0.129032258064516 0.129032258064516 0.0741935483870968 0.0677419354838709 0.064516129032258 0.0806451612903225 0.129032258064516 0.174193548387097 0.151612903225806 0.129032258064516 0.187096774193548 0.106451612903226 0.151612903225806 0.0548387096774194 0.148387096774194 0.148387096774194 0.0580645161290323 0.0193548387096774 0.0548387096774194 0.0193548387096774 0.00645161290322581 0.0967741935483871 0.129032258064516 0.145161290322581 0.151612903225806 0.158064516129032 0.109677419354839 0.106451612903226 0.187096774193548 0.0548387096774194 0.106451612903226 0.148387096774194
0.151612903225806 0.190322580645161 0.0193548387096774 0.0387096774193549 0.0193548387096774 0 0.0193548387096774 0.0516129032258064 0.174193548387097 0.206451612903226 0.158064516129032 0.096774193548387 0.109677419354839 0.129032258064516 0.129032258064516 0.106451612903226 0.0806451612903225 0.106451612903226 0.135483870967742 0.145161290322581 0.135483870967742 0.187096774193548 0.154838709677419 0.209677419354839 0.0709677419354839 0.096774193548387 0.135483870967742 0.187096774193548 0.151612903225806 0.0193548387096774 0.0548387096774194 0.148387096774194 0.129032258064516 0.0967741935483871 0.0967741935483871 0.0967741935483871 0.0193548387096774 0.00645161290322581 0.0709677419354839 0.0580645161290323 0.129032258064516 0.129032258064516 0.129032258064516 0.032258064516129 0.0645161290322581 0.0516129032258065 0.12258064516129 0.12258064516129 0.148387096774194
0.0580645161290323 0.190322580645161 0.0580645161290323 0.032258064516129 0.0193548387096774 0 0.0193548387096774 0.0516129032258064 0.0612903225806452 0.129032258064516 0.174193548387097 0.129032258064516 0.0709677419354839 0.129032258064516 0.135483870967742 0.148387096774194 0.193548387096774 0.158064516129032 0.145161290322581 0.158064516129032 0.138709677419355 0.203225806451613 0.206451612903226 0.0387096774193548 0.0193548387096774 0.0387096774193549 0 0.032258064516129 0.129032258064516 0.187096774193548 0.0548387096774194 0.0645161290322581 0.148387096774194 0.0967741935483871 0.0580645161290323 0.0967741935483871 0.0967741935483871 0.0967741935483871 0.129032258064516 0.12258064516129 0.12258064516129 0.129032258064516 0.129032258064516 0.129032258064516 0.129032258064516 0.148387096774194 0.148387096774194 0.148387096774194 0.0967741935483871
0.0806451612903225 0.0903225806451613 0.109677419354839 0.158064516129032 0.0548387096774194 0.129032258064516 0.0709677419354839 0.125806451612903 0.109677419354839 0.138709677419355 0.125806451612903 0.135483870967742 0.0516129032258064 0.0806451612903225 0.0806451612903225 0.032258064516129 0.0806451612903225 0.174193548387097 0.174193548387097 0.158064516129032 0.138709677419355 0.106451612903226 0.138709677419355 0.0580645161290323 0.0387096774193548 0.12258064516129 0.096774193548387 0.0548387096774194 0.116129032258065 0.148387096774194 0.0193548387096774 0.0967741935483871 0.0967741935483871 0.0967741935483871 0.032258064516129 0.0967741935483871 0.0709677419354839 0.096774193548387 0.0193548387096774 0.0193548387096774 0.106451612903226 0.0709677419354839 0.032258064516129 0.0774193548387097 0.00645161290322581 0.106451612903226 0.0709677419354839 0.0967741935483871 0.0967741935483871
0.129032258064516 0.203225806451613 0.106451612903226 0.138709677419355 0.125806451612903 0.129032258064516 0.0870967741935484 0.0580645161290323 0.138709677419355 0.0967741935483871 0.145161290322581 0.0870967741935484 0.158064516129032 0.096774193548387 0.106451612903226 0.135483870967742 0.106451612903226 0.145161290322581 0.129032258064516 0.158064516129032 0.145161290322581 0.106451612903226 0.174193548387097 0.174193548387097 0.12258064516129 0.0548387096774194 0.135483870967742 0.096774193548387 0.148387096774194 0.135483870967742 0.0967741935483871 0.0967741935483871 0.0967741935483871 0.0967741935483871 0.0967741935483871 0.0967741935483871 0.0967741935483871 0.0548387096774194 0.129032258064516 0.12258064516129 0.0516129032258065 0.106451612903226 0.12258064516129 0.129032258064516 0.0645161290322581 0.145161290322581 0.148387096774194 0.148387096774194 0.0967741935483871
0.096774193548387 0.129032258064516 0.206451612903226 0.190322580645161 0.203225806451613 0.180645161290323 0.193548387096774 0.158064516129032 0.0548387096774194 0.0548387096774194 0.0806451612903225 0.125806451612903 0.129032258064516 0.0838709677419356 0.0741935483870968 0.0903225806451613 0.106451612903226 0.148387096774194 0.12258064516129 0.145161290322581 0.138709677419355 0.106451612903226 0.158064516129032 0.190322580645161 0.109677419354839 0.187096774193548 0.135483870967742 0.12258064516129 0.187096774193548 0.103225806451613 0.129032258064516 0.0580645161290323 0.0967741935483871 0.0967741935483871 0.0967741935483871 0.129032258064516 0.116129032258065 0.129032258064516 0.12258064516129 0.129032258064516 0.129032258064516 0.096774193548387 0.135483870967742 0.145161290322581 0.187096774193548 0.12258064516129 0.148387096774194 0.187096774193548 0.187096774193548
0.106451612903226 0.161290322580645 0.129032258064516 0.106451612903226 0.106451612903226 0.0903225806451613 0.0903225806451613 0.206451612903226 0.135483870967742 0.12258064516129 0.0709677419354839 0.032258064516129 0.0774193548387097 0.0903225806451613 0.174193548387097 0.206451612903226 0.174193548387097 0.206451612903226 0.2 0.096774193548387 0.145161290322581 0.096774193548387 0.0709677419354839 0.158064516129032 0.129032258064516 0.187096774193548 0.151612903225806 0.187096774193548 0.187096774193548 0.0838709677419356 0.187096774193548 0.148387096774194 0.106451612903226 0.032258064516129 0.0967741935483871 0.032258064516129 0.12258064516129 0.129032258064516 0.129032258064516 0.129032258064516 0.129032258064516 0.0193548387096774 0.032258064516129 0.129032258064516 0.187096774193548 0.187096774193548 0.174193548387097 0.174193548387097 0.174193548387097
0.174193548387097 0.0741935483870968 0.096774193548387 0.0193548387096774 0.106451612903226 0.0903225806451613 0.148387096774194 0.167741935483871 0.129032258064516 0.129032258064516 0.096774193548387 0.0709677419354839 0.129032258064516 0.0806451612903225 0.151612903225806 0.193548387096774 0.209677419354839 0.209677419354839 0.151612903225806 0.206451612903226 0.206451612903226 0.0580645161290323 0.145161290322581 0.158064516129032 0.187096774193548 0.187096774193548 0.0548387096774194 0.151612903225806 0.187096774193548 0.187096774193548 0.187096774193548 0.129032258064516 0.148387096774194 0.148387096774194 0.145161290322581 0.158064516129032 0.135483870967742 0.0903225806451613 0.0774193548387097 0.12258064516129 0.158064516129032 0.174193548387097 0.206451612903226 0.116129032258065 0.206451612903226 0.209677419354839 0.187096774193548 0.187096774193548 0.187096774193548
0.0387096774193549 0.0709677419354839 0.225806451612903 0.148387096774194 0.12258064516129 0.12258064516129 0.206451612903226 0.206451612903226 0.174193548387097 0.212903225806452 0.0709677419354839 0.109677419354839 0.0580645161290323 0.0967741935483871 0.180645161290323 0.0258064516129033 0.0483870967741935 0.109677419354839 0.125806451612903 0.0741935483870968 0.193548387096774 0.193548387096774 0.0709677419354839 0.12258064516129 0.12258064516129 0.187096774193548 0.161290322580645 0.187096774193548 0.0903225806451613 0.212903225806452 0.174193548387097 0.203225806451613 0.216129032258064 0.187096774193548 0.174193548387097 0.174193548387097 0.151612903225806 0.145161290322581 0.135483870967742 0.158064516129032 0.193548387096774 0.206451612903226 0.0516129032258065 0.154838709677419 0.209677419354839 0.216129032258064 0.216129032258064 0.245161290322581 0.245161290322581
0.103225806451613 0.0709677419354839 0.225806451612903 0.0774193548387097 0.0516129032258064 0.0774193548387097 0.0709677419354839 0.232258064516129 0.148387096774194 0.193548387096774 0.264516129032258 0.0903225806451613 0.2 0.2 0.0838709677419356 0.203225806451613 0.248387096774193 0.203225806451613 0.129032258064516 0.232258064516129 0.154838709677419 0.135483870967742 0.0580645161290323 0.12258064516129 0.096774193548387 0.0838709677419356 0.0774193548387097 0.0516129032258064 0.225806451612903 0.109677419354839 0.232258064516129 0.216129032258064 0.212903225806452 0.129032258064516 0.206451612903226 0.12258064516129 0.0838709677419356 0.174193548387097 0.174193548387097 0.193548387096774 0.206451612903226 0.209677419354839 0.209677419354839 0.212903225806452 0.212903225806452 0.232258064516129 0.245161290322581 0.225806451612903 0.064516129032258
0.135483870967742 0.0903225806451613 0.0709677419354839 0.0516129032258064 0.0709677419354839 0.0903225806451613 0.032258064516129 0.0129032258064516 0.0387096774193549 0.129032258064516 0.0709677419354839 0.0709677419354839 0.0580645161290323 0.12258064516129 0.0516129032258064 0.0774193548387097 0.187096774193548 0.225806451612903 0.193548387096774 0.280645161290323 0.232258064516129 0.225806451612903 0.0516129032258065 0.12258064516129 0.12258064516129 0.148387096774194 0.032258064516129 0.0193548387096774 0.0548387096774194 0.212903225806452 0.212903225806452 0.129032258064516 0.212903225806452 0.209677419354839 0.174193548387097 0.206451612903226 0.187096774193548 0.206451612903226 0.135483870967742 0.174193548387097 0.212903225806452 0.0709677419354839 0.232258064516129 0.232258064516129 0.232258064516129 0.254838709677419 0.280645161290323 0.225806451612903 0.241935483870968
0.0838709677419356 0.0387096774193549 0.0387096774193549 0.0774193548387097 0.0709677419354839 0.0709677419354839 0.129032258064516 0.0709677419354839 0.0387096774193549 0.148387096774194 0.129032258064516 0.148387096774194 0.0387096774193549 0.0580645161290323 0.0516129032258064 0.129032258064516 0.280645161290323 0.306451612903226 0.225806451612903 0.12258064516129 0.248387096774193 0.306451612903226 0.225806451612903 0.0516129032258064 0.135483870967742 0.187096774193548 0.148387096774194 0.151612903225806 0.103225806451613 0.112903225806452 0.212903225806452 0.151612903225806 0.148387096774194 0.190322580645161 0.167741935483871 0.212903225806452 0.212903225806452 0.212903225806452 0.193548387096774 0.135483870967742 0.0838709677419356 0.190322580645161 0.232258064516129 0.232258064516129 0.245161290322581 0.27741935483871 0.290322580645161 0.296774193548387 0.0483870967741935
0.0387096774193549 0.0387096774193549 0.0387096774193549 0.148387096774194 0.232258064516129 0.219354838709677 0.309677419354839 0.167741935483871 0.12258064516129 0.129032258064516 0.132258064516129 0.206451612903226 0.129032258064516 0.174193548387097 0.106451612903226 0.0387096774193549 0.0709677419354839 0.167741935483871 0.161290322580645 0.135483870967742 0.335483870967742 0.345161290322581 0.174193548387097 0.248387096774193 0.096774193548387 0.187096774193548 0.187096774193548 0.154838709677419 0.187096774193548 0.106451612903226 0.135483870967742 0.187096774193548 0.0580645161290323 0.209677419354839 0.209677419354839 0.212903225806452 0.212903225806452 0.216129032258064 0.245161290322581 0.0387096774193549 0.12258064516129 0.27741935483871 0.245161290322581 0.245161290322581 0.267741935483871 0.267741935483871 0.27741935483871 0.27741935483871 0.12258064516129
0.096774193548387 0.0516129032258064 0.225806451612903 0.193548387096774 0.296774193548387 0.335483870967742 0.0387096774193549 0.032258064516129 0.0516129032258064 0.0387096774193549 0.154838709677419 0.245161290322581 0.187096774193548 0.187096774193548 0.225806451612903 0.187096774193548 0.232258064516129 0.258064516129032 0.0838709677419356 0.303225806451613 0.141935483870968 0.280645161290323 0.261290322580645 0.358064516129032 0.329032258064516 0.187096774193548 0.187096774193548 0.245161290322581 0.245161290322581 0.148387096774194 0.216129032258064 0.174193548387097 0.0580645161290323 0.2 0.206451612903226 0.206451612903226 0.206451612903226 0.12258064516129 0.212903225806452 0.232258064516129 0.212903225806452 0.2 0.296774193548387 0.290322580645161 0.290322580645161 0.174193548387097 0.0516129032258065 0.0903225806451613 0.161290322580645
0.0129032258064516 0.0451612903225806 0.0451612903225806 0.193548387096774 0.0709677419354839 0.0387096774193549 0.0709677419354839 0.0516129032258064 0.0903225806451613 0.0903225806451613 0.067741935483871 0.0451612903225806 0.0967741935483871 0.0967741935483871 0.0580645161290323 0.187096774193548 0.225806451612903 0.187096774193548 0.12258064516129 0.193548387096774 0.12258064516129 0.12258064516129 0.203225806451613 0.167741935483871 0.148387096774194 0.245161290322581 0.280645161290323 0.187096774193548 0.193548387096774 0.096774193548387 0.174193548387097 0.174193548387097 0.0709677419354839 0.0387096774193549 0.0516129032258064 0.206451612903226 0.154838709677419 0.141935483870968 0.032258064516129 0.135483870967742 0.0709677419354839 0.0709677419354839 0.232258064516129 0.129032258064516 0.174193548387097 0.2 0.254838709677419 0.216129032258064 0.206451612903226
0.212903225806452 0.0516129032258064 0.064516129032258 0 0 0.12258064516129 0.103225806451613 0.129032258064516 0.206451612903226 0.064516129032258 0.0290322580645161 0.0290322580645161 0.0290322580645161 0.0451612903225806 0.067741935483871 0.0967741935483871 0 0.0129032258064516 0.216129032258064 0.0387096774193549 0.0387096774193549 0.135483870967742 0.32258064516129 0.129032258064516 0.335483870967742 0.351612903225806 0.0774193548387097 0.129032258064516 0.129032258064516 0.129032258064516 0.219354838709677 0.206451612903226 0.119354838709677 0.0645161290322581 0.129032258064516 0.158064516129032 0.12258064516129 0.032258064516129 0.032258064516129 0.032258064516129 0.032258064516129 0.135483870967742 0.280645161290323 0.387096774193548 0.290322580645161 0.212903225806452 0.0903225806451613 0.109677419354839 0.0967741935483871
0.174193548387097 0.174193548387097 0.264516129032258 0.232258064516129 0.329032258064516 0.206451612903226 0.187096774193548 0.096774193548387 0.193548387096774 0.0774193548387097 0.0193548387096774 0 0.00645161290322571 0.0516129032258064 0.067741935483871 0.0516129032258064 0.0709677419354839 0.103225806451613 0.109677419354839 0.032258064516129 0.161290322580645 0.187096774193548 0.12258064516129 0.309677419354839 0.203225806451613 0.241935483870968 0.225806451612903 0.12258064516129 0 0.106451612903226 0.241935483870968 0.109677419354839 0.12258064516129 0.0903225806451613 0.0580645161290323 0.0774193548387097 0.0387096774193549 0.109677419354839 0.129032258064516 0.0709677419354839 0.0516129032258064 0.0774193548387097 0.141935483870968 0.1 0.0193548387096774 0.0193548387096774 0.12258064516129 0.129032258064516 0.129032258064516
