resultados/modelos/domain.asc
NCOLS 330 
NROWS 228 
XLLCORNER -12 
YLLCORNER 34 
CELLSIZE 0.166667 
NODATA_value -9999 
[rows 147 to 167 of 228, columns 47 to 93 of 330]
-9999 -9999 -9999 -9999 -9999 -9999 -9999 -9999 -9999 -9999 0.438200321907801 0.531239369380847 0.457894715947723 0.467538185041867 0.504957533464728 0.513989796771215 0.579796249638953 0.590612480844622 0.579796249638953 0.579796249638953 0.564176545974215 0.513989796771215 0.457894715947723 0.467538185041867 0.457894715947723 0.486553461944733 0.504957533464728 0.513989796771215 0.513989796771215 0.357595670565832 0.513989796771215 0.539728326004318 0.548081484216114 0.477113728113142 0.495857358404057 0.531239369380847 0.572054321198348 0.548081484216114 0.548081484216114 0.564176545974215 0.595008482576194 0.522682488353649 0.556230882574646 0.63161288539501 0.617419349920567 0.602614587710824 0.610084869539478
-9999 -9999 -9999 -9999 -9999 -9999 -9999 -9999 -9999 -9999 -9999 -9999 0.513989796771215 0.522682488353649 0.467538185041867 0.387083882726183 0.438061801364112 0.495857358404057 0.548081484216114 0.580932129835639 0.585625636958047 0.564176545974215 0.486553461944733 0.477113728113142 0.495857358404057 0.513989796771215 0.504957533464728 0.522682488353649 0.531239369380847 0.522682488353649 0.587402354773583 0.539728326004318 0.556230882574646 0.513989796771215 0.564176545974215 0.522682488353649 0.579796249638953 0.564176545974215 0.572054321198348 0.579796249638953 0.579796249638953 0.600472756212522 0.572054321198348 0.638675697305738 0.617419349920567 0.579796249638953 0.539728326004318
-9999 -9999 -9999 -9999 -9999 -9999 -9999 -9999 -9999 -9999 -9999 -9999 -9999 0.531239369380847 0.531239369380847 0.486553461944733 0.522682488353649 0.513989796771215 0.579796249638953 0.57785201687935 0.587402354773583 0.617419349920567 0.609141067736042 0.504957533464728 0.539728326004318 0.539728326004318 0.572054321198348 0.548081484216114 0.513989796771215 0.572054321198348 0.595008482576194 0.587402354773583 0.617419349920567 0.610084869539478 0.587402354773583 0.64733641842398 0.581665492727657 0.645670618409925 0.645670618409925 0.593735667375059 0.638675697305738 0.613829685399497 0.595008482576194 0.564176545974215 0.610084869539478 0.572054321198348 0.513989796771215
-9999 -9999 -9999 -9999 -9999 -9999 -9999 -9999 -9999 -9999 -9999 -9999 0.486553461944733 0.513989796771215 0.539728326004318 0.531239369380847 0.571691794463707 0.587402354773583 0.579796249638953 0.548081484216114 0.587092355748216 0.571105103450706 0.575651938694097 0.587239024130299 0.610084869539478 0.595008482576194 0.564176545974215 0.539728326004318 0.513989796771215 0.548081484216114 0.579796249638953 0.572054321198348 0.595008482576194 0.638675697305738 0.600185279329649 0.555588182358945 0.599610325563902 0.664611449376314 0.638675697305738 0.645670618409925 0.652665518667665 0.579796249638953 0.539728326004318 0.522682488353649 0.539728326004318 0.564176545974215 0.513989796771215
-9999 -9999 -9999 -9999 -9999 -9999 -9999 -9999 -9999 -9999 -9999 -9999 -9999 0.504957533464728 0.522682488353649 0.539728326004318 0.548081484216114 0.564176545974215 0.548081484216114 0.572054321198348 0.531239369380847 0.513989796771215 0.548081484216114 0.579796249638953 0.624470251014072 0.558729897574359 0.522682488353649 0.477113728113142 0.495857358404057 0.522682488353649 0.556230882574646 0.539728326004318 0.504957533464728 0.539728326004318 0.595008482576194 0.610084869539478 0.63161288539501 0.531239369380847 0.531239369380847 0.556230882574646 0.548081484216114 0.531239369380847 0.477113728113142 0.448047511591027 0.522682488353649 0.477113728113142 0.495857358404057
-9999 -9999 -9999 -9999 -9999 -9999 -9999 -9999 -9999 -9999 -9999 -9999 -9999 -9999 0.522682488353649 0.495857358404057 0.486553461944733 0.522682488353649 0.495857358404057 0.486553461944733 0.522682488353649 0.495857358404057 0.486553461944733 0.513989796771215 0.564176545974215 0.616297690744697 0.539728326004318 0.499439658978817 0.556230882574646 0.610084869539478 0.564176545974215 0.539728326004318 0.504957533464728 0.522682488353649 0.522682488353649 0.495857358404057 0.486553461944733 0.522682488353649 0.477113728113142 0.495857358404057 0.504957533464728 0.539728326004318 0.457894715947723 0.467538185041867 0.504957533464728 0.513989796771215 0.486553461944733
-9999 -9999 -9999 -9999 -9999 -9999 -9999 -9999 -9999 -9999 -9999 -9999 -9999 -9999 -9999 0.407911687131413 0.513989796771215 0.566411599825231 0.572054321198348 0.522682488353649 0.504957533464728 0.556230882574646 0.539728326004318 0.513989796771215 0.539728326004318 0.579796249638953 0.522682488353649 0.539728326004318 0.522682488353649 0.522682488353649 0.513989796771215 0.504957533464728 0.477113728113142 0.477113728113142 0.495857358404057 0.477113728113142 0.467538185041867 0.495857358404057 0.477113728113142 0.477113728113142 0.477113728113142 0.486553461944733 0.467538185041867 0.438200321907801 0.495857358404057 0.513989796771215 0.486553461944733
-9999 -9999 -9999 -9999 -9999 -9999 -9999 -9999 -9999 -9999 -9999 -9999 -9999 -9999 -9999 -9999 -9999 -9999 0.561703429011855 0.579796249638953 0.531239369380847 0.513989796771215 0.539728326004318 0.522682488353649 0.486553461944733 0.513989796771215 0.522682488353649 0.513989796771215 0.522682488353649 0.504957533464728 0.457894715947723 0.448047511591027 0.457894715947723 0.457894715947723 0.495857358404057 0.504957533464728 0.513989796771215 0.504957533464728 0.486553461944733 0.486553461944733 0.477113728113142 0.457894715947723 0.457894715947723 0.522682488353649 0.531239369380847 0.522682488353649 0.457894715947723
-9999 -9999 -9999 -9999 -9999 -9999 -9999 -9999 -9999 -9999 -9999 -9999 -9999 -9999 -9999 -9999 -9999 -9999 0.449703613656008 0.564176545974215 0.556230882574646 0.548081484216114 0.556230882574646 0.548081484216114 0.531239369380847 0.504957533464728 0.504957533464728 0.495857358404057 0.486553461944733 0.467538185041867 0.467538185041867 0.477113728113142 0.486553461944733 0.522682488353649 0.513989796771215 0.504957533464728 0.539728326004318 0.531239369380847 0.513989796771215 0.495857358404057 0.495857358404057 0.477113728113142 0.495857358404057 0.531239369380847 0.602614587710824 0.539728326004318 0.467538185041867
-9999 -9999 -9999 -9999 -9999 -9999 -9999 -9999 -9999 -9999 -9999 -9999 -9999 -9999 -9999 -9999 -9999 -9999 -9999 0.504957533464728 0.495857358404057 0.495857358404057 0.504957533464728 0.504957533464728 0.513989796771215 0.522682488353649 0.495857358404057 0.486553461944733 0.457894715947723 0.477113728113142 0.486553461944733 0.477113728113142 0.504957533464728 0.504957533464728 0.513989796771215 0.504957533464728 0.522682488353649 0.522682488353649 0.522682488353649 0.539728326004318 0.522682488353649 0.522682488353649 0.556230882574646 0.595008482576194 0.618993519857715 0.522682488353649 0.513989796771215
-9999 -9999 -9999 -9999 -9999 -9999 -9999 -9999 -9999 -9999 -9999 -9999 -9999 -9999 -9999 -9999 -9999 -9999 0.513989796771215 0.504957533464728 0.477113728113142 0.467538185041867 0.457894715947723 0.448047511591027 0.448047511591027 0.486553461944733 0.522682488353649 0.477113728113142 0.438200321907801 0.448047511591027 0.457894715947723 0.467538185041867 0.477113728113142 0.477113728113142 0.486553461944733 0.504957533464728 0.513989796771215 0.531239369380847 0.548081484216114 0.531239369380847 0.531239369380847 0.556230882574646 0.572054321198348 0.471404475522531 0.462254929724327 0.531239369380847 0.477113728113142
-9999 -9999 -9999 -9999 -9999 -9999 -9999 -9999 -9999 -9999 -9999 -9999 -9999 -9999 -9999 -9999 -9999 -9999 -9999 0.467538185041867 0.495857358404057 0.513989796771215 0.495857358404057 0.457894715947723 0.486553461944733 0.513989796771215 0.513989796771215 0.539728326004318 0.495857358404057 0.486553461944733 0.467538185041867 0.477113728113142 0.457894715947723 0.477113728113142 0.495857358404057 0.486553461944733 0.513989796771215 0.513989796771215 0.513989796771215 0.539728326004318 0.564176545974215 0.699660422608952 0.638675697305738 0.617419349920567 0.602614587710824 0.467538185041867 0.513989796771215
-9999 -9999 -9999 -9999 -9999 -9999 -9999 -9999 -9999 -9999 -9999 -9999 -9999 -9999 -9999 -9999 -9999 -9999 0.504957533464728 0.407911687131413 0.428217294042736 0.513989796771215 0.486553461944733 0.486553461944733 0.531239369380847 0.556230882574646 0.564176545974215 0.548081484216114 0.556230882574646 0.513989796771215 0.477113728113142 0.477113728113142 0.457894715947723 0.448047511591027 0.467538185041867 0.486553461944733 0.495857358404057 0.522682488353649 0.504957533464728 0.513989796771215 0.556230882574646 0.652665518667665 0.706112048870095 0.595008482576194 0.572054321198348 0.486553461944733 0.468904069052317
-9999 -9999 -9999 -9999 -9999 -9999 -9999 -9999 -9999 -9999 -9999 -9999 -9999 -9999 -9999 -9999 -9999 -9999 0.513989796771215 0.579796249638953 -9999 0.448047511591027 0.486553461944733 0.477113728113142 0.448047511591027 0.513989796771215 0.504957533464728 0.539728326004318 0.539728326004318 0.513989796771215 0.522682488353649 0.504957533464728 0.477113728113142 0.448047511591027 0.467538185041867 0.504957533464728 0.513989796771215 0.539728326004318 0.531239369380847 0.539728326004318 0.617419349920567 0.617419349920567 0.652665518667665 0.602614587710824 0.531239369380847 0.504957533464728 0.467538185041867
-9999 -9999 -9999 -9999 -9999 -9999 -9999 -9999 -9999 -9999 -9999 -9999 -9999 -9999 -9999 -9999 -9999 -9999 0.495857358404057 0.599875056792367 0.513989796771215 0.457894715947723 0.448047511591027 0.486553461944733 0.457894715947723 0.477113728113142 0.495857358404057 0.513989796771215 0.513989796771215 0.513989796771215 0.513989796771215 0.504957533464728 0.513989796771215 0.495857358404057 0.477113728113142 0.467538185041867 0.513989796771215 0.495857358404057 0.522682488353649 0.539728326004318 0.686485561929325 0.757860762448745 0.652665518667665 0.617419349920567 0.572054321198348 0.539728326004318 0.539728326004318
-9999 -9999 -9999 -9999 -9999 -9999 -9999 -9999 -9999 -9999 -9999 -9999 -9999 -9999 -9999 -9999 -9999 -9999 0.504957533464728 0.564176545974215 0.531239369380847 0.285527620483354 0.422149340097273 0.486553461944733 0.504957533464728 0.477113728113142 0.486553461944733 0.477113728113142 0.513989796771215 0.504957533464728 0.513989796771215 0.539728326004318 0.467538185041867 0.522682488353649 0.504957533464728 0.477113728113142 0.477113728113142 0.486553461944733 0.495857358404057 0.513989796771215 0.602614587710824 0.645670618409925 0.63161288539501 0.564176545974215 0.548081484216114 0.659524595619429 0.548081484216114
-9999 -9999 -9999 -9999 -9999 -9999 -9999 -9999 -9999 -9999 -9999 -9999 -9999 -9999 -9999 -9999 -9999 0.355619667527523 0.467538185041867 0.579796249638953 0.572054321198348 0.448999829977489 0.457894715947723 0.477113728113142 0.504957533464728 0.467538185041867 0.448047511591027 0.467538185041867 0.522682488353649 0.486553461944733 0.522682488353649 0.495857358404057 0.495857358404057 0.495857358404057 0.504957533464728 0.495857358404057 0.467538185041867 0.457894715947723 0.457894715947723 0.477113728113142 0.556230882574646 0.587402354773583 0.617419349920567 0.602614587710824 0.548081484216114 0.610084869539478 0.712427832597958
-9999 -9999 -9999 -9999 -9999 -9999 -9999 -9999 -9999 -9999 -9999 -9999 -9999 -9999 -9999 -9999 -9999 -9999 0.477113728113142 0.504957533464728 0.531239369380847 0.531239369380847 0.513989796771215 0.495857358404057 0.513989796771215 0.522682488353649 0.477113728113142 0.457894715947723 0.457894715947723 0.486553461944733 0.495857358404057 0.513989796771215 0.504957533464728 0.495857358404057 0.486553461944733 0.486553461944733 0.495857358404057 0.477113728113142 0.477113728113142 0.504957533464728 0.513989796771215 0.556230882574646 0.617419349920567 0.67324276996462 0.564176545974215 0.564176545974215 0.624550073484283
-9999 -9999 -9999 -9999 -9999 -9999 -9999 -9999 -9999 -9999 -9999 -9999 -9999 -9999 -9999 -9999 -9999 0.366145981583344 0.486553461944733 0.579796249638953 0.504957533464728 0.564176545974215 0.504957533464728 0.448047511591027 0.438200321907801 0.522682488353649 0.595008482576194 0.486553461944733 0.448047511591027 0.457894715947723 0.467538185041867 0.486553461944733 0.486553461944733 0.486553461944733 0.504957533464728 0.495857358404057 0.513989796771215 0.495857358404057 0.495857358404057 0.486553461944733 0.513989796771215 0.522682488353649 0.548081484216114 0.539728326004318 0.495857358404057 0.486553461944733 0.556230882574646
-9999 -9999 -9999 -9999 -9999 -9999 -9999 -9999 -9999 -9999 -9999 -9999 -9999 -9999 -9999 -9999 -9999 0.428217294042736 0.486553461944733 0.564176545974215 0.522682488353649 0.531239369380847 0.564176545974215 0.495857358404057 0.486553461944733 0.457894715947723 0.504957533464728 0.467538185041867 0.438200321907801 0.477113728113142 0.467538185041867 0.467538185041867 0.457894715947723 0.457894715947723 0.495857358404057 0.531239369380847 0.522682488353649 0.539728326004318 0.539728326004318 0.522682488353649 0.495857358404057 0.495857358404057 0.539728326004318 0.531239369380847 0.457894715947723 0.477113728113142 0.539728326004318
-9999 -9999 -9999 -9999 -9999 -9999 -9999 -9999 -9999 -9999 -9999 -9999 -9999 -9999 -9999 -9999 -9999 0.457894715947723 0.486553461944733 0.579796249638953 0.539728326004318 0.539728326004318 0.513989796771215 0.513989796771215 0.556230882574646 0.495857358404057 0.486553461944733 0.522682488353649 0.513989796771215 0.513989796771215 0.486553461944733 0.486553461944733 0.467538185041867 0.467538185041867 0.504957533464728 0.539728326004318 0.504957533464728 0.579796249638953 0.579796249638953 0.556230882574646 0.522682488353649 0.531239369380847 0.522682488353649 0.486553461944733 0.477113728113142 0.531239369380847 0.533915900568155
