resultados/modelos/domain.asc
NCOLS 330 
NROWS 228 
XLLCORNER -12 
YLLCORNER 34 
CELLSIZE 0.166667 
NODATA_value -9999 
[rows 21 to 41 of 228, columns 235 to 281 of 330]
0.61191503861881 0.615345297592004 0.625636074511586 0.653078146297138 0.670229441163108 0.687380736029078 0.704532030895048 0.711392548841436 0.718253066787824 0.735381644706951 0.727522988261943 0.745379820535196 0.757243629737337 0.745797348419101 0.76678415693536 0.767057944442858 0.746208031638631 0.744262362402788 0.733613683648356 0.729904593423897 0.730742132134685 0.732417203850993 -9999 -9999 0.762786856528339 0.752292958223454 0.741954536936095 0.757404972650883 0.751168476475327 0.758437543238671 0.756030161197738 0.739192215032605 0.749011812812358 0.748397655291292 0.75717713690024 0.745632094162197 0.754798120677801 0.752441589271084 0.735428612169178 0.723247989190568 0.69098220827992 0.676530595138917 0.676169304824412 0.67097799678603 0.653960126495109 0.642705495313103 0.63469035407158
0.61191503861881 0.615345297592004 0.622205815538392 0.639357110404362 0.64621762835075 0.64621762835075 0.66336892321672 0.666799182189914 0.683950477055884 0.711392548841436 0.711392548841436 0.7319741026806 0.752396637891867 0.754538026522565 0.745681721537227 0.730981428094157 0.724161484691288 0.724161484691288 0.724161484691288 0.724161484691288 0.433926574011128 0.763747798559836 0.739289998616572 0.755781462971377 0.759571805023723 0.745421867476302 0.755790597944629 0.752800448123627 0.742196728759655 0.735381644706951 0.742196728759655 0.720422690464168 0.742196728759655 0.721421436789318 0.734311954040284 0.694571742939332 0.481401561916259 0.745472745719265 0.745604270786006 0.738789186733303 0.710684059598393 0.721719665343727 0.711119843489497 0.615239152250264 0.615239152250264 0.682311240193431 0.711200344612532
0.615345297592004 -9999 0.635926851431168 0.64621762835075 0.656508405270332 0.666799182189914 0.677089959109496 0.683950477055884 0.694241253975466 0.704532030895048 0.71482280781463 0.721683325761018 0.728708113626534 0.727870574915747 0.728468817667062 0.750168911783809 0.745756279313835 0.744072486282598 0.750933803333931 0.608609560207781 0.749000660298548 0.752477769197151 0.747275797043026 0.764205663880156 0.738789186733303 0.721683325761018 0.711392548841436 0.721683325761018 0.71482280781463 0.721683325761018 0.718253066787824 0.675871952795446 0.661646266911076 0.54186873055517 0.714398772534868 0.654204875884518 0.637389265239414 0.739288096195978 0.735381644706951 0.738789186733303 0.738789186733303 0.738789186733303 0.748713184394816 0.752396637891867 0.755781462971377 0.740854498659419 0.738451034302951
0.615345297592004 -9999 -9999 -9999 0.653078146297138 0.659938664243526 0.673659700136302 0.676169304824412 0.687380736029078 0.704532030895048 0.71482280781463 0.718253066787824 0.721683325761018 0.725113584734212 0.738789186733303 0.727234537692925 0.738101956419848 0.745674141103303 0.745337773594091 0.738151826047671 0.733720373614956 0.755781462971377 0.749011812812358 0.728543843707406 0.735381644706951 0.728543843707406 0.718253066787824 0.704532030895048 0.694241253975466 0.690810995002272 0.704532030895048 0.64621762835075 0.677089959109496 0.677441343975774 0.551404516689938 0.668275858953559 -9999 0.725113584734212 0.721683325761018 0.711392548841436 0.71482280781463 0.7319741026806 0.701112342296037 0.738789186733303 0.694916819245789 0.692808659261366 0.710296848915089
0.622205815538392 0.62906633348478 0.639357110404362 0.64621762835075 0.649647887323944 0.653078146297138 0.673659700136302 0.68052021808269 0.690810995002272 0.704532030895048 0.707962289868242 0.711392548841436 0.718253066787824 0.71482280781463 0.711392548841436 0.718253066787824 0.7319741026806 0.749011812812358 0.755781462971377 0.759166288050886 0.752396637891867 0.735381644706951 0.739436673992523 0.688031143582627 0.7319741026806 0.725113584734212 0.707962289868242 0.707962289868242 0.711392548841436 0.71482280781463 0.704532030895048 0.653078146297138 0.687380736029078 0.701101771921854 0.615239152250264 0.180133464933207 0.690810995002272 0.62500218102864 0.639576492243359 0.592659049433725 0.669837859966307 0.711392548841436 -9999 0.440734151822974 0.651795255295791 0.694350667681128 0.701667641679796
0.62906633348478 0.639357110404362 0.64621762835075 0.64621762835075 0.656508405270332 0.66336892321672 0.673659700136302 0.683950477055884 0.69767151294866 0.701101771921854 0.704532030895048 0.707962289868242 0.707962289868242 0.704532030895048 0.690620918301893 0.6882123155771 0.701787292512165 0.71482280781463 0.718253066787824 0.721683325761018 0.728543843707406 0.728543843707406 0.7319741026806 0.728543843707406 0.635127918498857 0.718253066787824 -9999 0.528520578547868 -9999 0.331590660537459 0.65501668474745 0.694241253975466 0.674905450996042 0.399888745816266 -9999 0.214616232058722 0.535194654551519 0.622904783204154 0.690810995002272 0.647354453423389 0.683950477055884 0.721683325761018 0.568565074350404 -9999 -9999 0.755781462971377 0.753634522139031
0.632496592457974 0.642787369377556 0.653078146297138 0.659938664243526 0.659938664243526 0.673659700136302 0.683950477055884 0.683950477055884 0.687380736029078 0.683950477055884 0.681468229526881 0.69767151294866 0.69767151294866 0.701101771921854 0.694241253975466 0.701101771921854 0.711392548841436 0.707962289868242 0.701101771921854 0.701101771921854 0.718253066787824 0.721683325761018 0.711392548841436 0.701101771921854 0.68052021808269 0.683950477055884 0.69767151294866 0.687380736029078 0.694241253975466 0.406696343916233 0.508453836806576 0.635127918498857 -9999 0.683950477055884 0.690810995002272 0.674905450996042 0.711392548841436 0.711392548841436 0.721683325761018 0.7319741026806 0.738789186733303 0.749011812812358 0.749011812812358 0.745604270786006 0.745604270786006 0.742735810240698 0.748043400614376
0.64621762835075 0.656508405270332 0.66336892321672 0.66336892321672 0.670229441163108 0.68052021808269 0.687380736029078 0.687380736029078 0.690810995002272 0.694241253975466 0.694241253975466 0.694241253975466 0.704532030895048 0.701101771921854 0.704532030895048 0.704532030895048 0.707962289868242 0.704532030895048 0.704532030895048 0.690810995002272 0.683950477055884 0.694241253975466 0.683950477055884 0.677089959109496 0.670229441163108 0.673659700136302 0.68052021808269 0.683950477055884 0.677089959109496 0.677089959109496 0.68052021808269 0.633940549805717 0.666799182189914 0.673659700136302 0.673659700136302 0.677089959109496 0.69767151294866 0.71482280781463 0.725113584734212 0.7319741026806 0.742196728759655 0.749011812812358 0.726740820454998 0.755781462971377 0.743726340787996 0.749011812812358 0.750091901969232
0.653078146297138 0.659938664243526 0.666799182189914 0.670229441163108 0.673659700136302 0.673659700136302 0.670229441163108 0.68052021808269 0.694241253975466 0.701101771921854 0.704532030895048 0.704532030895048 0.704532030895048 0.704532030895048 0.69767151294866 0.701101771921854 0.704532030895048 0.701101771921854 0.701101771921854 0.701101771921854 0.69767151294866 0.694241253975466 0.690810995002272 0.694241253975466 0.673659700136302 0.66336892321672 0.666799182189914 0.683950477055884 0.690810995002272 0.694241253975466 -9999 -9999 -9999 -9999 -9999 0.690810995002272 0.701101771921854 -9999 0.65501668474745 0.735381644706951 0.745604270786006 0.561890978456437 0.759166288050886 0.755781462971377 0.752396637891867 0.739288096195978 0.755781462971377
0.656508405270332 0.670229441163108 0.670229441163108 0.673659700136302 0.677089959109496 0.68052021808269 0.687380736029078 0.687380736029078 0.69767151294866 0.701101771921854 0.701101771921854 0.694241253975466 0.69767151294866 0.69767151294866 0.701101771921854 0.687380736029078 0.687380736029078 0.69767151294866 0.71482280781463 0.718253066787824 0.711392548841436 0.711392548841436 0.635127918498857 0.69767151294866 0.548542826449136 0.694241253975466 0.694241253975466 0.641757500662483 0.690810995002272 0.690810995002272 -9999 -9999 -9999 -9999 -9999 0.673659700136302 0.694241253975466 0.718253066787824 0.7319741026806 0.738789186733303 0.745604270786006 0.745472745719265 0.755961719216571 0.762551113130395 0.762551113130395 0.762551113130395 0.694571742939332
0.66336892321672 0.673659700136302 0.677089959109496 0.677089959109496 0.68052021808269 0.690810995002272 0.687380736029078 0.683950477055884 0.683950477055884 0.683950477055884 0.687380736029078 0.690810995002272 0.683950477055884 0.683950477055884 0.683950477055884 0.687380736029078 0.690810995002272 0.701101771921854 0.711392548841436 0.718253066787824 0.721683325761018 0.71482280781463 0.674905450996042 0.704532030895048 0.687380736029078 0.704532030895048 -9999 -9999 0.290478311513522 -9999 0.413503901439957 0.683950477055884 0.687380736029078 -9999 -9999 -9999 -9999 -9999 -9999 -9999 0.749011812812358 0.759166288050886 0.765400547757205 0.765723227989203 0.762946154789648 0.766720598538297 0.762700806974448
0.673659700136302 -9999 0.635127918498857 0.68052021808269 0.687380736029078 0.690810995002272 0.683950477055884 0.683950477055884 0.687380736029078 0.687380736029078 0.690810995002272 0.69767151294866 0.694241253975466 0.687380736029078 0.687380736029078 0.690810995002272 0.690810995002272 0.687380736029078 0.69767151294866 0.704532030895048 0.71482280781463 0.71482280781463 0.561890978456437 0.588587322251671 0.704532030895048 0.690810995002272 0.690810995002272 0.694241253975466 0.694241253975466 0.447541709346698 0.345294763264955 0.690810995002272 0.687380736029078 0.701101771921854 -9999 -9999 -9999 -9999 -9999 -9999 -9999 -9999 -9999 0.494927689283657 0.730560243945691 -9999 -9999
0.68052021808269 0.677089959109496 0.66336892321672 0.670229441163108 0.68052021808269 0.683950477055884 0.687380736029078 0.687380736029078 0.683950477055884 0.687380736029078 0.69767151294866 0.701101771921854 0.701101771921854 0.69767151294866 0.690810995002272 0.694241253975466 0.690810995002272 0.683950477055884 0.683950477055884 0.675076376094797 0.6882123155771 -9999 0.711392548841436 0.69767151294866 0.561890978456437 0.690810995002272 0.683950477055884 0.687380736029078 0.668275858953559 0.687380736029078 0.688031143582627 0.694241253975466 0.69767151294866 0.701101771921854 0.704532030895048 0.548542826449136 0.721683325761018 0.728543843707406 -9999 -9999 -9999 -9999 -9999 -9999 -9999 -9999 -9999
0.683950477055884 0.68052021808269 0.670229441163108 0.673659700136302 0.68052021808269 -9999 0.687380736029078 0.683950477055884 0.687380736029078 0.641757500662483 0.440734151822974 0.69767151294866 0.690810995002272 0.694241253975466 0.701101771921854 0.69767151294866 0.687380736029078 0.687380736029078 0.687380736029078 0.6882123155771 0.6882123155771 0.681490544225922 0.454349266870422 -9999 0.694241253975466 0.687380736029078 0.690810995002272 -9999 -9999 0.581913226357705 0.683950477055884 0.690810995002272 0.694241253975466 0.701101771921854 0.707962289868242 0.71482280781463 0.721683325761018 0.728543843707406 0.735381644706951 -9999 -9999 -9999 -9999 -9999 -9999 -9999 -9999
0.65501668474745 0.683950477055884 0.683950477055884 0.677089959109496 0.68052021808269 0.661646266911076 0.687380736029078 0.555216902452787 0.515172406650251 0.69767151294866 0.69767151294866 0.694241253975466 0.687380736029078 0.687380736029078 0.694241253975466 0.687380736029078 0.690810995002272 0.668275858953559 0.683950477055884 0.687380736029078 0.6882123155771 -9999 0.18703001013698 -9999 0.694571742939332 0.690810995002272 0.690810995002272 0.65501668474745 0.687380736029078 0.683950477055884 0.687380736029078 0.690810995002272 0.69767151294866 0.701101771921854 0.704532030895048 0.707962289868242 0.718253066787824 0.725113584734212 0.728543843707406 0.735381644706951 0.688031143582627 0.755781462971377 -9999 -9999 -9999 -9999 -9999
0.701101771921854 0.69767151294866 0.690810995002272 0.683950477055884 0.683950477055884 0.690810995002272 0.65501668474745 0.69767151294866 0.694241253975466 0.694241253975466 0.694241253975466 0.69767151294866 -9999 0.694241253975466 0.494927689283657 0.615239152250264 0.690810995002272 0.690810995002272 0.683950477055884 0.687380736029078 0.687380736029078 0.690810995002272 0.681490544225922 0.488164625599958 -9999 0.69767151294866 0.694241253975466 0.690810995002272 0.688031143582627 0.687380736029078 0.687380736029078 0.690810995002272 0.69767151294866 0.561890978456437 0.372658515721371 0.711392548841436 0.718253066787824 0.725113584734212 0.635127918498857 0.735381644706951 0.742196728759655 0.752396637891867 0.757695377586059 0.743681360339371 -9999 -9999 -9999
0.711392548841436 0.704532030895048 0.690810995002272 0.690810995002272 0.687380736029078 0.690810995002272 0.694241253975466 0.701101771921854 0.704532030895048 0.701101771921854 0.704532030895048 0.701101771921854 0.701101771921854 0.69767151294866 0.694241253975466 0.690810995002272 0.690810995002272 0.690810995002272 0.690810995002272 0.69767151294866 0.69767151294866 0.694241253975466 0.69767151294866 0.701101771921854 0.701101771921854 0.69767151294866 -9999 -9999 -9999 0.317886516968515 0.54186873055517 0.69767151294866 0.701101771921854 0.331590660537459 0.581913226357705 0.71482280781463 0.721683325761018 0.528520578547868 0.494927689283657 0.738789186733303 0.745604270786006 0.755781462971377 0.754695447914636 0.741529187111486 0.751989836200275 -9999 -9999
0.718253066787824 0.711392548841436 0.707962289868242 0.701101771921854 0.704532030895048 0.701101771921854 0.707962289868242 0.704532030895048 0.704532030895048 0.704532030895048 0.707962289868242 0.628498326456374 0.701101771921854 0.701101771921854 0.701101771921854 0.69767151294866 0.69767151294866 0.69767151294866 0.69767151294866 0.704532030895048 0.701101771921854 0.69767151294866 0.69767151294866 0.694241253975466 0.694241253975466 0.694241253975466 0.694241253975466 0.687971455591748 0.575239150354054 0.235305908776691 0.200823141651177 0.701101771921854 0.701101771921854 0.707962289868242 -9999 0.718253066787824 0.721683325761018 0.728543843707406 0.735381644706951 0.716623653410001 0.732058257059151 0.743903421316212 0.741385454381707 0.741289626469419 -9999 -9999 -9999
0.721683325761018 0.718253066787824 0.71482280781463 0.711392548841436 0.71482280781463 0.707962289868242 0.707962289868242 0.707962289868242 0.707962289868242 0.615239152250264 0.707962289868242 0.707962289868242 0.707962289868242 0.707962289868242 0.707962289868242 0.704532030895048 0.701101771921854 0.701101771921854 0.704532030895048 0.707962289868242 0.707962289868242 0.65501668474745 0.69767151294866 0.69767151294866 0.694241253975466 0.690810995002272 0.694241253975466 0.694241253975466 0.694241253975466 0.69767151294866 0.701101771921854 0.688031143582627 0.60193548420413 0.707962289868242 0.711392548841436 0.718253066787824 0.725113584734212 0.728543843707406 0.735381644706951 0.742196728759655 0.749011812812358 0.755781462971377 0.761478543320882 0.7187647144424 -9999 -9999 -9999
0.728543843707406 0.725113584734212 0.721683325761018 0.718253066787824 0.721683325761018 0.718253066787824 0.711392548841436 0.711392548841436 0.707962289868242 0.707962289868242 0.707962289868242 0.711392548841436 0.711392548841436 0.71482280781463 0.711392548841436 0.707962289868242 0.704532030895048 0.711392548841436 0.71482280781463 0.71482280781463 0.71482280781463 0.707962289868242 0.711392548841436 0.707962289868242 0.704532030895048 0.701101771921854 0.701101771921854 0.701101771921854 0.69767151294866 0.701101771921854 0.704532030895048 0.704532030895048 0.707962289868242 0.711392548841436 0.718253066787824 0.718253066787824 0.721683325761018 0.728543843707406 0.7319741026806 0.738789186733303 0.745604270786006 0.752396637891867 0.746947252034028 -9999 -9999 -9999 -9999
0.735381644706951 0.728543843707406 0.721683325761018 0.721683325761018 0.711392548841436 0.725113584734212 0.721683325761018 0.718253066787824 0.71482280781463 0.711392548841436 0.71482280781463 -9999 0.71482280781463 0.71482280781463 0.707962289868242 0.707962289868242 0.707962289868242 0.703025833007675 0.704251032033791 0.718253066787824 0.718253066787824 -9999 0.581913226357705 0.581913226357705 0.488164625599958 0.575239150354054 -9999 0.707962289868242 0.707962289868242 0.711392548841436 0.711392548841436 0.711392548841436 0.71482280781463 0.71482280781463 0.721683325761018 0.725113584734212 0.725113584734212 0.728543843707406 0.735381644706951 0.738789186733303 0.742196728759655 0.749011812812358 0.755781462971377 0.758420213418374 -9999 -9999 -9999
