resultados/modelos/domain.asc
NCOLS 330 
NROWS 228 
XLLCORNER -12 
YLLCORNER 34 
CELLSIZE 0.166667 
NODATA_value -9999 
[rows 126 to 146 of 228, columns 141 to 187 of 330]
0.549410358524043 0.602614587710824 0.579796249638953 0.602614587710824 0.579796249638953 0.579796249638953 0.587402354773583 0.579796249638953 0.567052612202142 0.63161288539501 0.665542510257322 0.672073909175944 0.659524595619429 0.681420514404133 0.598512987200233 0.693072992269139 0.648379754437909 0.620415264540365 0.57381075135657 0.644842611529144 0.615777522755508 0.699660422608952 0.717871002511945 0.727781123122385 0.765884568105201 0.724651930135755 0.730451536290077 0.766964074440287 0.725330735327825 0.636354659379752 0.65996977063071 0.699660422608952 0.712103852619181 0.724651930135755 0.676247432805729 0.652665518667665 0.67324276996462 0.666383693012855 0.659524595619429 0.745977260888444 0.75818847288018 0.752631565168687 0.72213327871372 0.675308728303946 0.739094431448639 0.7221919488641 0.692699521615708
0.522682488353649 0.602614587710824 0.638675697305738 0.63161288539501 0.579796249638953 0.452870729703707 0.57217947792098 0.561809201552838 0.598046940824969 0.693072992269139 0.762954136422828 0.763195579600115 0.726932384739939 0.652024066737487 0.721912427633739 0.718213232000611 0.718350129018164 0.761233110255188 0.679898111957421 0.718607793019844 0.659524595619429 0.583132345594852 0.68232141478903 0.631445956674593 0.604143480850326 0.636072611308721 0.729923516126843 0.767021763770778 0.71292715738513 0.741720835289433 0.706112048870095 0.720159073660189 0.696039351849846 0.720280325304308 0.672899395906673 0.647086104385224 0.681229387513106 0.742230286642882 0.651350525933393 0.748104988406841 0.700480587303536 0.757670930944055 0.761739615605409 0.738924292675114 0.720579530202531 0.603290307025406 0.723188662608232
0.610084869539478 0.666383693012855 0.767196793961538 0.718607793019844 0.636814450098972 0.663853386471581 0.645670618409925 0.610489556740456 0.759365479610018 0.763613109349051 0.653409599135779 0.688698904562231 0.59303657558773 0.493222664500262 0.640837936820872 0.596066077046846 0.750064140508135 0.761772862210461 0.757860762448745 0.587402354773583 0.617419349920567 0.724651930135755 0.763180910010986 0.759621667377924 0.68970127606322 0.718007899529498 0.716981184953064 0.740144612406697 0.736264856798635 0.757210383318789 0.761491254440786 0.714907247171496 0.676435168334796 0.683292580104122 0.706859839585301 0.632141196651076 0.766847714399907 0.656820249886865 0.657515932280763 0.766207885304659 0.766207885304659 0.696304346481415 0.716018042947929 0.584304589317797 0.679442928712571 0.76455180825574 0.760224005303011
0.638675697305738 0.610084869539478 0.709620743664828 0.686485561929325 0.706112048870095 0.561146060928028 0.470998536350935 0.516158838510065 0.521658076862519 0.704708659206756 0.662502035894236 0.588492256725755 0.651915517634128 0.622215075199205 0.689805795056657 0.655160885966339 0.662389444824771 0.655574995219882 0.679898111957421 0.712361988971648 0.645413472808584 0.758104106998941 0.727811449834646 0.748959599026412 0.725953845148096 0.765067116926065 0.721912427633739 0.726060221728924 0.728443106609151 0.60705051425195 0.703297665309752 0.763204382547213 0.725295522233913 0.671697664287948 0.693072992269139 0.705788851548733 0.642204855299392 0.645459021356613 0.674160776444133 0.60573726162766 0.621870177344493 0.757308166902756 0.728676812545385 0.743981636966545 0.536741715344516 0.731606344190955 0.677366548586684
0.572054321198348 0.666383693012855 0.626123537499884 0.624550073484283 0.652665518667665 0.740144612406697 0.679898111957421 0.617386899903373 0.661258670409754 0.170696027420785 0.454906546141523 0.712746278456638 0.711700102851771 0.736952877296381 0.753942533900918 0.658573454342469 0.622215075199205 0.577539389051883 0.590473120503878 0.696571254534456 0.71061953474218 0.712232926950017 0.486485590264302 0.644244485638351 0.734096830155557 0.588259255762557 0.574160297250235 0.74063071172608 0.746700845235563 0.671368139391576 0.709118598504986 0.73907682536794 0.544815594032391 0.586822491427024 0.68429972164474 0.691918834988374 0.757759914751477 0.653599316540213 0.6223425309558 0.606894054502877 0.732413284631768 0.685883782134443 0.724358561572674 0.481609786332877 0.500612751102168 0.459439705515887 0.505304761618114
0.548081484216114 0.725962394713374 0.63161288539501 0.659524595619429 0.638675697305738 0.640952873537617 0.720911981705807 0.66323565048242 0.748765002420697 0.765231388125042 0.767099012429106 0.764141128393266 0.741337540425563 0.711262947345409 0.698334269154489 0.687473310589907 0.409192980890283 0.265285218435532 0.324432882465575 0.62428424306629 0.694026033922237 0.63577984423931 0.663177711182908 0.711808784509101 0.715060430370118 0.531463158766895 0.748959599026412 0.749935447488872 0.722763237426474 0.730560243945691 0.610084869539478 0.706112048870095 0.699907591167752 0.584703571704806 0.445869736071857 0.686485561929325 0.74190152399662 0.688344939271709 0.628725697471722 0.613278199134393 0.653405661382517 0.684118480412025 0.602358169826012 0.715168330145022 0.731674284921014 0.665429919187857 0.613823247752931
0.477113728113142 0.495857358404057 0.572054321198348 0.579796249638953 0.572054321198348 0.610084869539478 0.681923630910186 0.725528460537117 0.76508960789639 0.756587520166225 0.67324276996462 0.638675697305738 0.758619414923253 0.718607793019844 0.730560243945691 0.635090136234362 0.684789463511194 0.626353454785613 0.683894819378969 0.730560243945691 0.730560243945691 0.714398772534868 0.634630301662904 0.703000410301611 0.760950522038629 0.702285433579983 0.718946591908579 0.7076235095135 0.70140070723602 0.717539408740643 0.75342918314031 0.731037259771535 0.562508293340166 0.645670618409925 0.750393066828706 0.718607793019844 0.765847410529797 0.732482464214949 0.675226974608495 0.715276229919926 0.567518658577405 0.521375175067756 0.597347804588773 0.721719665343727 0.722895979478475 0.630147024221784 0.671901054142599
0.477113728113142 0.556230882574646 0.495857358404057 0.495857358404057 0.624550073484283 0.591803437618799 0.686485561929325 0.736264856798635 0.693072992269139 0.652665518667665 0.652492292046197 0.418939995835603 0.672636950437857 0.587402354773583 0.595008482576194 0.645670618409925 0.617419349920567 0.706112048870095 0.734953394022267 0.730196285499506 0.730560243945691 0.752631565168687 0.757860762448745 0.767028609927177 0.756064385452127 0.752582388120337 0.747191777728054 0.666383693012855 0.728080930486103 0.745436957919586 0.762954136422828 0.753442868738996 0.745643414257792 0.650551311431393 0.730560243945691 0.699660422608952 0.67324276996462 0.763657111775333 0.747402367888629 0.683462715427338 0.504600977939595 0.570781249897454 0.611064328028659 0.718610751141784 0.708895637759305 0.761772862210461 0.72644740128985
0.522682488353649 0.504957533464728 0.539728326004318 0.486553461944733 0.556230882574646 0.564176545974215 0.604016337945764 0.693072992269139 0.712427832597958 0.747402367888629 0.701519063509571 0.718607793019844 0.724651930135755 0.680779579763053 0.718607793019844 0.712427832597958 0.63161288539501 0.679898111957421 0.758619414923253 0.719916581935144 0.766999275411497 0.762399641741967 0.762954136422828 0.70184749589288 0.663177711182908 0.748713184394816 0.74063071172608 0.724651930135755 0.7667108201799 0.766969940895816 0.767125412877758 0.761233110255188 0.762954136422828 0.71711085543255 0.524190399276196 0.666383693012855 0.645670618409925 0.693809964104482 0.645185163139947 0.67173605005296 0.652665518667665 0.709490161949824 0.512519416695208 0.67881321959011 0.618698231804692 0.693130373407221 0.585766428720182
0.679898111957421 0.539728326004318 0.495857358404057 0.522682488353649 0.522682488353649 0.638675697305738 0.686485561929325 0.645232162975553 0.666383693012855 0.686485561929325 0.659524595619429 0.724651930135755 0.693072992269139 0.738151826047671 0.706112048870095 0.659524595619429 0.666383693012855 0.753394958885921 0.74867211528955 0.738325322590266 0.764671102922658 0.767209505267945 0.758589102012223 0.766629661670239 0.659104195023329 0.752631565168687 0.766023417250875 0.736952877296381 0.755967541663877 0.734485021285743 0.706112048870095 0.666383693012855 0.720579530202531 0.707828848512222 0.676527084903725 0.607018944720719 0.6919970709942 0.747402367888629 0.617419349920567 0.645123643899195 0.516592970020417 0.391762432927046 0.506533245189085 0.635277051099306 0.578852303497922 0.551641733052397 0.657459713868329
0.757860762448745 0.718607793019844 0.564176545974215 0.477113728113142 0.457894715947723 0.457894715947723 0.495857358404057 0.531239369380847 0.617419349920567 0.663338342828412 0.642925511081324 0.718607793019844 0.67324276996462 0.706112048870095 0.707102622846005 0.686485561929325 0.679898111957421 0.710277608431446 0.762593249135153 0.71764652663312 0.76422522059695 0.763625819163432 0.763647331551905 0.765876745604987 0.76113923801458 0.747402367888629 0.718607793019844 0.743006670768286 0.730560243945691 0.729140583133418 0.4764484673721 0.711591379728718 0.757663115157953 0.713508966166174 0.720037833579263 0.682884456050944 0.619456111622696 0.659524595619429 0.595008482576194 0.669495640269054 0.493816772646412 0.57778846883321 0.63161288539501 0.645299317974266 0.673207393214568 0.573242612031794 0.662722306249421
0.724651930135755 0.736264856798635 0.587402354773583 0.539728326004318 0.564176545974215 0.699660422608952 0.736264856798635 0.652665518667665 0.69096158349767 0.468455270936886 0.46980166528318 0.412677821193871 0.494857161631346 0.659524595619429 0.659524595619429 0.706112048870095 0.700561738632827 0.689257082123444 0.744813678896206 0.736264856798635 0.76210140610044 0.758640926192707 0.695367596159286 0.726369174982185 0.724523053927942 0.744959359143773 0.734688410580885 0.736264856798635 0.738052086792025 0.685460403951382 0.561343110728707 0.656824139409359 0.740344086021505 0.744215053763441 0.757860762448745 0.65603165811108 0.686578709116663 0.762681003584229 0.63161288539501 0.602614587710824 0.67324276996462 0.652665518667665 0.624550073484283 0.57752249748482 0.652378093657955 0.571902976931448 0.584437600356416
0.67324276996462 0.666383693012855 0.531239369380847 0.610084869539478 0.669371250978546 0.739632231835301 0.642673321245703 0.741049840681015 0.719641811183216 0.664673069166733 0.657459713868329 0.635277051099306 0.539445481112627 0.497235258393421 0.56721438183487 0.615717835537173 0.706112048870095 0.591172256740074 0.705788851548733 0.749337027994263 0.661381712896062 0.722829479927265 0.752631565168687 0.758498163279134 0.704259827614016 0.767066744405906 0.742831288642548 0.708635404750865 0.627262886761107 0.630576696561603 0.67789602029643 0.680627057048144 0.673094963074606 0.65431907427276 0.657515932280763 0.651578879155954 0.767174303923729 0.72230538490862 0.746436843733089 0.607366188819341 0.577655457794592 0.443747890115742 0.591285233860597 0.679898111957421 0.754942833854463 0.515724706999714 0.521223890147245
0.60968095815776 0.610084869539478 0.587402354773583 0.587402354773583 0.617419349920567 0.645670618409925 0.712297451806229 0.669423267454952 0.651578879155954 0.734524729636408 0.736984316725052 0.761514718024863 0.761734240899674 0.691570758627006 0.584836532014577 0.741771692451258 0.716433596882849 0.699660422608952 0.749556055016212 0.692440999326757 0.758359315438982 0.761989069712127 0.70130009466602 0.746262743894888 0.74190152399662 0.738101956419848 0.734953394022267 0.622874460970368 0.613416073987787 0.612588838015896 0.681057296611461 0.701491039426523 0.651464724321636 0.689257082123444 0.69979904849875 0.751813620071685 0.762681003584229 0.728731182795699 0.73647311827957 0.679712794246032 0.720989247311828 0.609321000953857 0.668470393550944 0.580714052207805 0.584038617969407 0.629092395516509 0.728084263795876
0.602614587710824 0.686485561929325 0.747402367888629 0.63161288539501 0.621985157913477 0.71235231719292 0.738534907054808 0.730560243945691 0.767207549596265 0.722954649628855 0.755512544802867 0.621525323342018 0.751114694385127 0.694765265694324 0.765632292240163 0.727781123122385 0.644358997160923 0.730560243945691 0.682627672714747 0.489506557310572 0.753208188137476 0.76535557029263 0.750019541371084 0.730560243945691 0.67324276996462 0.718607793019844 0.619395397612356 0.694916819245789 0.713247311827957 0.699875312420623 0.683122436668019 0.609002221667669 0.685433691756272 0.595008482576194 0.579796249638953 0.728731182795699 0.724860215053764 0.615614196547987 0.724860215053764 0.709376344086021 0.697505376344086 0.69681474433818 0.554412866855134 0.72868169855403 0.604524812582392 0.682659230954719 0.724651930135755
0.63161288539501 0.610949347459676 0.659524595619429 0.728849878485322 0.706026736691624 0.715974030077473 0.706112048870095 0.638675697305738 0.624550073484283 0.764361136048601 0.656374209721883 0.635664907522565 0.710942208260065 0.75469073690441 0.759154121863799 0.713508966166174 0.767165503587675 0.718607793019844 0.766936695782789 0.698668689011656 0.627671599854967 0.552752501599376 0.713983206663748 0.706291731975954 0.63161288539501 0.666383693012855 0.697505376344086 0.693491039426523 0.65603165811108 0.672974766603546 0.685433691756272 0.682096189692806 0.67310394265233 0.572054321198348 0.5780544401816 0.705476702508961 0.62060104365174 0.625088975492461 0.648212535463925 0.689476702508961 0.717118279569892 0.693072992269139 0.6209041824602 0.543832895683469 0.693072992269139 0.706112048870095 0.724651930135755
0.385063181128553 0.612443787890795 0.703520604794078 0.736264856798635 0.71061953474218 0.697122565770079 0.660805092090968 0.699660422608952 0.624550073484283 0.727761881885174 0.72230928916486 0.691589036766268 0.649088664440069 0.636572652161093 0.637323606213559 0.584996664442508 0.380546212042532 0.564023066294158 0.69247742464582 0.73647311827957 0.744442094801769 0.699660422608952 0.712427832597958 0.718607793019844 0.666383693012855 0.68501308188527 0.693072992269139 0.706112048870095 0.583365391006917 0.266012554047511 0.580918480853531 0.624736216021356 0.66894623655914 0.673425216795995 0.601076442284085 0.640702935258259 0.624071306673699 0.596151795779381 0.651795255295791 0.605504216215594 0.599179106812598 0.67310394265233 0.636469596096497 0.67324276996462 0.693491039426523 0.659524595619429 0.666383693012855
0.330695207629386 0.519381061649043 0.706291731975954 0.766999275411497 0.766490812897571 0.755414144201574 0.728734504859925 0.757951570576052 0.760554508594732 0.739192215032605 0.657779486516741 0.651583308671204 0.659988162178159 0.701302160402486 0.688020305512818 0.625268146035924 0.615477299530433 0.651693077544196 0.6845637343374 0.697228377570755 0.723130648889808 0.715661134544978 0.719189083633623 0.724651930135755 0.706112048870095 0.652665518667665 0.609321000953857 0.567080443875762 0.538618591146385 0.439360733302574 0.587443619044762 0.66894623655914 0.67310394265233 0.527944061385571 0.571946432508914 0.613278199134393 0.629784668414912 0.624470251014072 0.633135861231784 0.647469534050179 0.651799283154122 0.664702508960573 0.651799283154122 0.651799283154122 0.660430107526882 0.66894623655914 0.656129032258065
0.715461654168655 0.712997574993811 0.693072992269139 0.602614587710824 0.766576859653916 0.718607793019844 0.765964748965526 0.759770300290585 0.744215053763441 0.727465295947403 0.668393015685114 0.6090855282628 0.6090855282628 0.634773601657295 0.659988162178159 0.709292690145013 0.692614076083875 0.628027554853986 0.655967577034674 0.654049103774923 0.623216694655355 0.546213899283117 0.519197869492373 0.478329171896095 0.449355576300362 0.423287050974448 0.453875076481358 0.569223808934462 0.486067232120771 0.673679690349668 0.689476702508961 0.638675697305738 0.556336208941931 0.614655937007938 0.646835778410269 0.647469534050179 0.647469534050179 0.631622956011883 0.642705495313103 0.638781362007169 0.643139784946237 0.651799283154122 0.643139784946237 0.647469534050179 0.467258399869131 0.677232974910394 0.66894623655914
0.68421173320445 0.693388505656619 0.680779579763053 0.671875383294493 0.64946315514457 0.671464926675895 0.561554822419446 0.506973243341469 0.556972893413467 0.583248890525318 0.562910051045361 0.591565551938443 0.556348031962119 0.484238930455047 0.456862504599534 0.396148656936097 0.588664683793119 0.491884654072647 0.457489042858855 0.477581213083679 0.497532463791733 0.531363857198427 0.474738672832738 0.429501111011595 0.508146646349072 0.54719268628868 0.562775135436917 0.659524595619429 0.624550073484283 0.666383693012855 0.67324276996462 0.495857358404057 0.576971985605249 0.647469534050179 0.647469534050179 0.639826818218314 0.643139784946237 0.638781362007169 0.62127084842645 0.572412523333045 0.634394265232975 0.651799283154122 0.643139784946237 0.591172256740074 0.602999437163318 0.613708311036185 0.656129032258065
0.523383902101115 0.486682595754082 0.535475521689475 0.559503348938257 0.551821415429903 0.651064830107612 0.571099246973094 0.551821415429903 0.390629216239421 0.225880044155526 0.2391880289464 0.591565551938443 0.396148656936097 0.445823623206182 0.591565551938443 0.39246902980498 0.414546792591684 0.599558444744266 0.591095302342696 0.533206996627347 0.640142654065692 0.560407212069177 0.632785477738256 0.465313455849053 0.484155952989798 0.468006358681547 0.467408037287577 0.531239369380847 0.564176545974215 0.587402354773583 0.666383693012855 0.66894623655914 0.656129032258065 0.647469534050179 0.635446209146193 0.638575212215937 0.647469534050179 0.651799283154122 0.643139784946237 0.630839728154619 0.637323606213559 0.66894623655914 0.660430107526882 0.651799283154122 0.641642625394804 0.296921589470096 0.416681511292593
