resultados/modelos/domain.asc
NCOLS 330 
NROWS 228 
XLLCORNER -12 
YLLCORNER 34 
CELLSIZE 0.166667 
NODATA_value -9999 
[rows 147 to 167 of 228, columns 282 to 328 of 330]
0.563827956989247 0.568243727598566 0.577075268817204 0.572425153858791 0.573158513253876 0.560811663987432 0.569638384660536 0.577118660981199 0.593387516292555 0.612037351750793 0.591748652395339 0.549643427542925 0.518064508903613 0.587239024130299 0.619395397612356 0.602197617509761 0.59134584373664 0.582545524001758 0.584012242791927 0.59473835125448 0.588559074538385 0.585906810035842 0.581491039426523 0.568243727598566 0.568243727598566 0.559412186379928 0.554996415770609 0.546164874551971 0.541749103942652 0.532917562724014 0.524086021505376 0.519670250896057 0.519670250896057 0.515254480286738 0.515254480286738 0.515254480286738 0.515254480286738 0.524086021505376 0.524086021505376 0.524086021505376 0.524086021505376 0.528501792114695 0.532917562724014 0.528501792114695 0.528501792114695 0.524086021505376 0.515254480286738
0.572659498207885 0.577075268817204 0.576238626210164 0.581491039426523 0.582398848625808 0.592513351893615 0.587239024130299 0.598747894915283 0.549643427542925 0.595427240170658 0.608025383619674 0.615477299530433 0.616817204301075 0.616817204301075 0.607985663082437 0.603569892473118 0.59473835125448 0.582398848625808 0.579758754803504 0.584012242791927 0.581491039426523 0.577075268817204 -9999 0.409074089417593 -9999 0.546164874551971 0.537333333333333 0.435224590776953 0.348861410834573 0.519670250896057 0.510838709677419 0.510838709677419 0.510838709677419 0.510838709677419 0.510838709677419 0.510838709677419 0.510838709677419 0.510838709677419 0.515254480286738 0.519670250896057 0.519670250896057 0.519670250896057 0.519670250896057 0.519670250896057 0.519670250896057 0.515254480286738 0.5064229390681
0.577075268817204 0.578732048153452 0.581491039426523 0.577075268817204 0.585906810035842 0.589585781188437 0.581958836485691 0.57154512258469 0.569345040902503 0.592076273167765 0.598316676163978 0.603569892473118 0.603569892473118 0.603569892473118 0.599154121863799 -9999 -9999 -9999 -9999 -9999 -9999 -9999 -9999 -9999 -9999 -9999 0.532917562724014 0.528501792114695 0.524086021505376 0.524086021505376 0.524086021505376 0.524086021505376 0.519670250896057 0.510838709677419 0.510838709677419 0.5064229390681 0.5064229390681 0.502007168458781 0.510838709677419 0.519670250896057 0.519670250896057 0.524086021505376 0.519670250896057 0.519670250896057 0.515254480286738 0.515254480286738 0.5064229390681
0.571691794463707 0.577075268817204 0.577075268817204 0.581491039426523 0.585906810035842 0.580785461453555 0.578878723529402 0.576825317223165 0.575211923057046 0.590612480844622 0.599154121863799 0.592367661300745 0.577705348497267 -9999 -9999 -9999 -9999 -9999 -9999 -9999 -9999 -9999 -9999 0.55058064516129 0.55058064516129 0.546164874551971 0.541749103942652 0.532917562724014 0.524086021505376 0.524086021505376 0.519670250896057 0.519670250896057 0.519670250896057 0.519670250896057 0.519670250896057 0.515254480286738 0.510838709677419 0.502007168458781 0.502007168458781 0.5064229390681 0.519670250896057 0.524086021505376 0.519670250896057 0.515254480286738 0.519670250896057 0.510838709677419 0.515254480286738
0.577075268817204 0.577075268817204 0.577075268817204 0.581491039426523 0.585906810035842 0.585906810035842 0.585185617824063 0.587825718640234 0.577412004739233 -9999 -9999 -9999 -9999 -9999 -9999 -9999 -9999 -9999 -9999 -9999 -9999 0.563827956989247 0.559412186379928 0.554996415770609 0.55058064516129 0.546164874551971 0.541749103942652 0.537333333333333 0.524086021505376 0.524086021505376 0.519670250896057 0.519670250896057 0.519670250896057 0.515254480286738 0.515254480286738 0.515254480286738 0.510838709677419 0.5064229390681 0.497591397849462 0.497591397849462 0.502007168458781 0.510838709677419 0.519670250896057 0.519670250896057 0.510838709677419 0.510838709677419 0.515254480286738
0.577075268817204 0.577075268817204 0.564176545974215 0.581491039426523 -9999 -9999 -9999 -9999 -9999 -9999 -9999 -9999 -9999 -9999 -9999 -9999 -9999 0.567438302978349 0.572659498207885 0.568243727598566 0.563827956989247 0.559412186379928 0.554996415770609 0.55058064516129 0.546164874551971 0.541749103942652 0.537333333333333 0.532917562724014 0.528501792114695 0.524086021505376 0.519670250896057 0.519670250896057 0.519670250896057 0.515254480286738 0.515254480286738 0.510838709677419 0.5064229390681 0.502007168458781 0.502007168458781 0.493175627240143 -9999 0.493175627240143 0.493175627240143 0.493175627240143 0.488759856630824 0.488759856630824 0.493175627240143
0.581491039426523 -9999 0.200823141651177 -9999 -9999 -9999 -9999 -9999 -9999 -9999 -9999 -9999 -9999 -9999 -9999 -9999 -9999 0.515172406650251 0.568243727598566 0.568243727598566 0.563827956989247 0.559412186379928 0.559412186379928 0.554996415770609 0.55058064516129 0.541749103942652 0.541749103942652 0.537333333333333 0.528501792114695 0.524086021505376 0.524086021505376 0.519670250896057 0.515254480286738 0.510838709677419 0.5064229390681 0.502007168458781 0.502007168458781 0.502007168458781 0.497591397849462 0.497591397849462 0.497591397849462 0.493175627240143 0.493175627240143 0.488759856630824 0.484344086021505 -9999 0.479928315412186
-9999 -9999 -9999 -9999 -9999 -9999 -9999 -9999 -9999 -9999 -9999 -9999 -9999 -9999 -9999 -9999 -9999 -9999 -9999 -9999 0.433926574011128 0.559412186379928 0.554996415770609 0.554996415770609 0.55058064516129 0.546164874551971 0.541749103942652 0.537333333333333 0.532917562724014 0.524086021505376 0.519670250896057 0.515254480286738 0.515254480286738 0.510838709677419 0.5064229390681 0.5064229390681 0.5064229390681 0.5064229390681 0.497591397849462 0.497591397849462 0.488759856630824 0.493175627240143 0.493175627240143 0.493175627240143 0.488759856630824 0.479928315412186 0.475512544802867
-9999 -9999 -9999 -9999 -9999 -9999 -9999 -9999 -9999 -9999 -9999 -9999 -9999 -9999 -9999 -9999 -9999 -9999 -9999 0.563827956989247 -9999 0.559412186379928 0.554996415770609 0.554996415770609 0.55058064516129 0.546164874551971 0.541749103942652 0.537333333333333 0.532917562724014 0.528501792114695 0.524086021505376 0.524086021505376 0.515254480286738 0.510838709677419 0.5064229390681 0.502007168458781 0.497591397849462 0.493175627240143 0.493175627240143 0.493175627240143 0.497591397849462 0.497591397849462 0.497591397849462 0.493175627240143 0.488759856630824 0.488759856630824 0.484344086021505
-9999 -9999 -9999 -9999 -9999 -9999 -9999 -9999 -9999 -9999 -9999 -9999 -9999 -9999 -9999 -9999 -9999 0.393081188292542 0.572659498207885 0.568243727598566 0.563827956989247 0.563827956989247 0.559412186379928 0.554996415770609 0.554996415770609 0.55058064516129 0.546164874551971 0.541749103942652 0.537333333333333 0.528501792114695 0.528501792114695 0.524086021505376 0.519670250896057 0.515254480286738 0.510838709677419 0.510838709677419 0.502007168458781 0.497591397849462 0.497591397849462 0.497591397849462 0.497591397849462 0.5064229390681 0.5064229390681 0.493175627240143 0.488759856630824 0.493175627240143 0.497591397849462
-9999 -9999 -9999 -9999 -9999 -9999 -9999 -9999 -9999 -9999 -9999 -9999 -9999 -9999 -9999 -9999 -9999 0.581491039426523 0.577075268817204 0.572659498207885 0.568243727598566 0.568243727598566 0.563827956989247 0.559412186379928 0.554996415770609 0.55058064516129 0.55058064516129 0.541749103942652 0.541749103942652 0.537333333333333 0.532917562724014 0.524086021505376 0.524086021505376 0.519670250896057 0.510838709677419 0.5064229390681 0.502007168458781 0.502007168458781 0.502007168458781 0.502007168458781 0.497591397849462 0.497591397849462 0.5064229390681 0.5064229390681 0.502007168458781 0.502007168458781 0.502007168458781
-9999 -9999 -9999 -9999 -9999 -9999 -9999 -9999 -9999 -9999 -9999 -9999 -9999 -9999 -9999 -9999 0.590322580645161 0.585906810035842 0.581491039426523 0.577075268817204 0.577075268817204 0.5675849783543 0.568243727598566 0.563827956989247 0.563827956989247 0.559412186379928 0.554996415770609 0.55058064516129 0.546164874551971 0.541749103942652 0.537333333333333 0.532917562724014 0.524086021505376 0.524086021505376 0.515254480286738 0.515254480286738 0.5064229390681 0.510838709677419 0.5064229390681 0.5064229390681 0.502007168458781 0.502007168458781 0.5064229390681 0.515254480286738 0.510838709677419 0.510838709677419 0.510838709677419
-9999 -9999 -9999 -9999 -9999 -9999 0.522682488353649 0.604200177611231 0.478559907902021 0.420311458963681 -9999 -9999 -9999 -9999 -9999 -9999 0.59473835125448 0.559474012907238 0.560663036483361 0.556036998308737 0.581491039426523 0.577075268817204 0.577075268817204 0.572659498207885 0.568243727598566 0.563827956989247 0.559412186379928 0.554996415770609 0.55058064516129 0.546164874551971 0.541749103942652 0.537333333333333 0.528501792114695 0.524086021505376 0.519670250896057 0.515254480286738 0.519670250896057 0.515254480286738 0.519670250896057 0.515254480286738 0.515254480286738 0.519670250896057 0.528501792114695 0.537333333333333 0.532917562724014 0.532917562724014 0.519670250896057
0.577075268817204 0.572659498207885 0.577075268817204 0.579025391911486 0.598316676163978 0.597309525811088 0.592367661300745 0.604483743243997 0.442782835498933 -9999 -9999 0.539728326004318 -9999 0.616817204301075 0.612401433691756 0.607985663082437 0.603569892473118 0.565384896672113 0.574625232044045 0.578732048153452 0.590322580645161 0.585906810035842 0.581491039426523 0.581491039426523 0.577075268817204 0.572659498207885 0.563827956989247 0.559412186379928 0.554996415770609 0.55058064516129 0.541749103942652 0.537333333333333 0.532917562724014 0.528501792114695 0.524086021505376 0.519670250896057 0.519670250896057 0.528501792114695 0.528501792114695 0.528501792114695 0.546164874551971 0.559412186379928 0.559412186379928 0.55058064516129 0.546164874551971 0.537333333333333 0.519670250896057
0.616817204301075 0.590322580645161 0.547064308518888 -9999 0.513989796771215 0.600616491226964 0.572865169495842 0.58577230534013 0.365850958197647 -9999 -9999 -9999 -9999 0.539728326004318 0.630007168458781 0.630007168458781 0.621232974910394 0.586945680372266 0.598029199281105 0.593824601965646 0.599154121863799 0.59473835125448 0.590322580645161 0.538501264035177 0.461199254206548 0.577075268817204 0.556230882574646 0.563827956989247 0.559412186379928 0.554996415770609 0.55058064516129 0.546164874551971 0.541749103942652 0.541749103942652 0.537333333333333 0.532917562724014 0.522782831919158 0.541749103942652 0.55058064516129 0.546164874551971 0.55058064516129 0.603569892473118 0.52301739664721 0.554996415770609 0.559412186379928 0.541749103942652 0.532917562724014
0.638781362007169 -9999 -9999 -9999 -9999 -9999 -9999 -9999 -9999 -9999 -9999 -9999 -9999 -9999 0.638781362007169 0.656129032258065 0.66231161519676 0.634394265232975 0.616817204301075 0.612401433691756 0.607985663082437 0.603569892473118 0.599154121863799 0.590322580645161 0.585906810035842 0.504957533464728 0.577075268817204 0.572659498207885 0.572659498207885 0.568243727598566 0.563827956989247 0.559412186379928 0.554996415770609 0.55058064516129 0.546164874551971 0.55058064516129 0.541749103942652 0.541749103942652 0.563827956989247 0.563827956989247 0.563827956989247 0.59473835125448 0.597597980529801 0.577118660981199 0.581491039426523 0.572659498207885 0.559412186379928
-9999 -9999 -9999 -9999 -9999 -9999 -9999 -9999 -9999 -9999 -9999 -9999 -9999 -9999 0.595261398255322 0.664702508960573 0.597231259658306 0.598644254061066 0.417224700032365 0.577921429142982 0.56721438183487 0.638781362007169 0.621232974910394 0.616817204301075 0.607985663082437 0.59473835125448 0.59473835125448 0.585906810035842 0.585906810035842 0.585906810035842 0.585906810035842 0.581491039426523 0.577075268817204 0.568243727598566 0.563827956989247 0.568243727598566 0.568243727598566 0.568243727598566 0.568243727598566 0.568243727598566 0.563827956989247 0.581491039426523 0.607985663082437 0.590322580645161 0.577075268817204 0.572659498207885 0.577075268817204
-9999 -9999 -9999 -9999 -9999 -9999 -9999 -9999 -9999 -9999 -9999 -9999 -9999 -9999 -9999 -9999 -9999 -9999 0.67310394265233 0.436018242343074 0.373423439741869 0.314769373390495 0.344172145481782 0.321892762942568 0.47952604296385 0.497235258393421 0.48102207472859 0.612401433691756 0.612401433691756 0.503145072166603 0.607985663082437 0.598386105399393 0.607985663082437 0.607985663082437 0.590322580645161 0.599154121863799 0.59473835125448 0.599154121863799 0.599154121863799 0.597309525811088 0.599897802446776 0.474337026842179 0.607985663082437 0.582838867759792 0.585625636958047 0.59473835125448 0.599154121863799
-9999 -9999 -9999 -9999 -9999 -9999 -9999 -9999 -9999 -9999 -9999 -9999 -9999 -9999 -9999 -9999 -9999 -9999 -9999 0.579796249638953 0.652665518667665 0.54326966223982 0.389488993507799 0.316284961126016 0.312192862676917 0.299613264771423 0.403584179148814 0.518329551266747 0.634394265232975 0.431622956967711 0.584703571704806 0.597224461040278 0.478478809314541 0.651799283154122 0.621232974910394 0.643139784946237 0.643139784946237 0.660430107526882 0.63469035407158 0.621672726181091 0.598604153046852 0.592950437566705 0.616161771562983 0.608025383619674 0.612864587722683 0.573598528890926 0.584598930307995
-9999 -9999 -9999 -9999 -9999 -9999 -9999 -9999 -9999 -9999 -9999 -9999 -9999 -9999 -9999 -9999 -9999 -9999 -9999 -9999 -9999 -9999 -9999 0.521946483416802 0.324469273656147 0.38024375799961 0.346142513606698 0.320528653038247 0.399340487236583 0.349325282540871 0.394338943640625 0.517605980347853 0.453272729604122 0.685433691756272 0.664702508960573 0.651799283154122 0.677232974910394 0.689476702508961 0.660430107526882 0.651799283154122 0.623140425977652 0.599754060578344 0.53087661270522 -9999 0.581958836485691 0.582252180243725 0.57785201687935
-9999 -9999 -9999 -9999 -9999 -9999 -9999 -9999 -9999 -9999 -9999 -9999 -9999 -9999 -9999 -9999 -9999 -9999 -9999 -9999 -9999 -9999 -9999 -9999 -9999 0.362965803424423 0.357509595071002 0.34780969480535 0.351295535033855 0.480620630442782 0.454477423358594 0.373271961910669 0.438140088299189 0.393126427199435 0.57176903897234 0.667800091946386 0.717048939040844 0.715670924466568 0.695585695297102 0.709376344086021 0.693782560538039 0.701491039426523 0.709376344086021 0.728731182795699 0.705476702508961 0.62792780244987 0.614792834025492
