resultados/modelos/ensamblado_pseudoausencia.asc
NCOLS 330 
NROWS 228 
XLLCORNER -12 
YLLCORNER 34 
CELLSIZE 0.166667 
NODATA_value -9999 
[rows 42 to 62 of 228, columns 184 to 229 of 330]
0.0628118589520454 0.0681411325931549 0.0658045038580894 0.0839024037122726 -9999 0.0718749761581421 0.0850722268223763 0.0730486214160919 0.0727094933390617 0.0891736224293709 0.105759963393211 0.0988881066441536 0.121191769838333 0.136386409401894 0.114505127072334 -9999 -9999 -9999 -9999 -9999 -9999 -9999 -9999 -9999 -9999 -9999 -9999 -9999 -9999 -9999 -9999 -9999 -9999 -9999 -9999 -9999 -9999 -9999 0.149938896298409 -9999 0.203594103455544 0.283335834741592 0.176544025540352 0.143498450517654 0.125216722488403 0.126318320631981
0.0740661546587944 0.0662421360611916 0.0748317167162895 0.0846355557441711 0.0866062194108963 0.0917353108525276 0.113051697611809 0.101146794855595 0.0741738229990005 0.0821317285299301 0.0836303681135178 0.105917155742645 0.14875628054142 0.217534333467484 0.253021955490112 -9999 -9999 -9999 -9999 -9999 -9999 -9999 -9999 -9999 -9999 -9999 -9999 -9999 -9999 -9999 -9999 -9999 -9999 -9999 -9999 0.191277593374252 0.161727160215378 0.175370514392853 0.208158567547798 0.194496408104897 0.202764928340912 0.170268997550011 0.158194422721863 0.136075228452682 0.171478629112244 0.138514533638954
0.0755513831973076 0.0728914141654968 0.106024228036404 0.0869479477405548 0.109943963587284 0.0968912914395332 0.115620188415051 0.0769163593649864 0.0859628692269325 0.0954496338963509 0.105759583413601 0.121184512972832 0.125235706567764 0.130376309156418 0.170348063111305 0.15420438349247 -9999 -9999 -9999 -9999 -9999 -9999 -9999 -9999 -9999 -9999 -9999 -9999 -9999 -9999 -9999 -9999 -9999 -9999 0.236117988824844 0.207019045948982 0.19968518614769 0.22983430325985 0.197312265634537 0.163052573800087 0.180793762207031 0.173034369945526 0.169358804821968 0.154109269380569 0.150983586907387 0.122985936701298
0.115623496472836 0.104095868766308 0.10701397061348 0.0992494374513626 0.108382418751717 0.10338332504034 0.111398227512836 0.103843539953232 0.0999183505773544 0.113918632268906 0.20747484266758 0.146450832486153 0.161029174923897 0.138563752174377 0.140843495726585 0.144062221050262 0.167521804571152 -9999 -9999 -9999 -9999 -9999 -9999 -9999 -9999 -9999 -9999 -9999 -9999 -9999 -9999 -9999 -9999 0.192788004875183 0.186482131481171 0.200134694576263 0.196651011705399 0.194464951753616 0.195397019386292 0.200488612055779 0.17635715007782 0.178193271160126 0.16330873966217 0.184171810746193 0.157313853502274 0.146646589040756
0.14632523059845 0.128946840763092 0.10625646263361 0.118490561842918 0.119074247777462 0.131295129656792 0.158845245838165 0.173489093780518 0.124767631292343 0.16607628762722 0.166915789246559 0.141127273440361 0.170070439577103 0.159252509474754 0.18059366941452 -9999 -9999 -9999 -9999 -9999 -9999 -9999 -9999 -9999 -9999 -9999 -9999 -9999 -9999 -9999 -9999 0.176191344857216 0.179094344377518 0.184409201145172 0.200737833976746 0.23368139564991 0.22737780213356 0.240991950035095 0.216592937707901 0.21498692035675 0.230205491185188 0.198606178164482 0.173655077815056 0.157743915915489 0.171352609992027 0.176641032099724
0.151541188359261 0.207347065210342 0.166045129299164 0.166656076908112 0.1337920576334 0.149378433823586 0.141859829425812 0.175694927573204 0.206924989819527 0.155283659696579 0.149005696177483 0.162053436040878 0.167821750044823 0.18063248693943 -9999 -9999 -9999 -9999 -9999 -9999 -9999 -9999 -9999 -9999 -9999 -9999 -9999 -9999 -9999 -9999 0.17503722012043 0.157748281955719 0.198830783367157 0.25296413898468 0.276403784751892 0.410660922527313 0.307369917631149 0.190422043204308 0.200659170746803 0.214201912283897 0.22754567861557 0.186022147536278 0.167681515216827 0.166909247636795 0.155751615762711 0.159136474132538
0.187026619911194 0.179678186774254 0.259004324674606 0.177541822195053 0.145314484834671 0.170275181531906 0.248734772205353 0.272338837385178 0.262461453676224 0.243394806981087 0.188802301883698 0.185473889112473 0.22291898727417 -9999 -9999 -9999 -9999 -9999 -9999 -9999 -9999 -9999 -9999 -9999 -9999 -9999 -9999 -9999 0.22045336663723 0.189231008291245 0.19050344824791 0.224358305335045 0.224935829639435 0.271688878536224 0.211167946457863 0.212382301688194 0.235050931572914 0.24603059887886 0.190203160047531 0.175473392009735 0.168223395943642 0.191508188843727 0.202654480934143 0.188172921538353 0.172185331583023 0.155895859003067
0.250662565231323 0.203183099627495 0.211637511849403 0.17550303041935 0.181538343429565 0.185194328427315 0.217363014817238 0.212964430451393 0.289081037044525 0.380981415510178 -9999 -9999 -9999 -9999 -9999 -9999 -9999 -9999 -9999 -9999 -9999 -9999 -9999 -9999 -9999 -9999 0.268395274877548 0.194603234529495 0.188537776470184 0.167626336216927 0.188300341367722 0.206757381558418 0.201157420873642 0.217200487852097 0.188102200627327 0.195045188069344 0.227341786026955 0.192691713571548 0.17703852057457 0.197795033454895 0.171982169151306 0.168338909745216 0.179579183459282 0.189531281590462 0.203798562288284 0.230105027556419
0.246580928564072 0.265800207853317 0.257843285799026 0.201655805110931 0.249625355005264 0.204212188720703 0.245011568069458 -9999 -9999 -9999 -9999 -9999 -9999 -9999 -9999 -9999 -9999 -9999 -9999 -9999 -9999 -9999 -9999 0.232455536723137 0.222572430968285 0.2059605717659 0.172373354434967 0.165859580039978 0.169010028243065 0.207848250865936 0.192725867033005 0.174410834908485 0.188579425215721 0.170309230685234 0.178228154778481 0.189835324883461 0.225207895040512 0.19434167444706 0.191137790679932 0.17703540623188 0.177162006497383 0.174586281180382 0.19137866795063 -9999 0.2740179002285 0.205947026610374
0.327730000019073 0.283922433853149 0.204601377248764 -9999 -9999 -9999 -9999 -9999 -9999 -9999 -9999 -9999 -9999 -9999 -9999 -9999 -9999 -9999 -9999 -9999 -9999 0.285745948553085 0.241652950644493 0.21339513361454 0.170755356550217 0.168239697813988 0.185550466179848 0.186538264155388 0.196204423904419 0.195183858275414 0.187571093440056 0.181204169988632 0.177684471011162 0.17547233402729 0.187608003616333 0.217388302087784 0.209970101714134 0.194178655743599 0.193825423717499 0.193429186940193 -9999 0.217930048704147 0.241684839129448 0.240207239985466 0.256759405136108 0.23450331389904
-9999 -9999 -9999 -9999 -9999 -9999 -9999 -9999 -9999 -9999 -9999 -9999 -9999 -9999 -9999 -9999 -9999 -9999 -9999 -9999 -9999 -9999 0.255044728517532 0.202056899666786 0.195923462510109 0.197367310523987 0.19171567261219 0.20710501074791 0.214323252439499 0.226235762238503 0.193982362747192 0.215643391013145 0.201468855142593 0.180516824126244 0.194817677140236 0.193336591124535 0.231257274746895 0.242512658238411 0.29684191942215 0.271650850772858 0.243661597371101 0.303514003753662 0.31209921836853 0.291723102331161 0.29129484295845 0.276939868927002
-9999 -9999 -9999 -9999 -9999 -9999 -9999 -9999 -9999 -9999 -9999 -9999 -9999 -9999 -9999 -9999 -9999 -9999 0.539566457271576 0.432130664587021 0.330055862665176 0.263926535844803 0.256420373916626 0.223799705505371 0.203138649463654 0.491667002439499 0.186651423573494 0.177146047353745 0.202076882123947 0.208394303917885 0.270535707473755 0.209480166435242 0.184910386800766 0.189911067485809 0.194340288639069 0.236455962061882 0.235747665166855 0.276899367570877 0.304651647806168 0.302549690008163 0.31541508436203 0.365194857120514 -9999 0.328592479228973 0.286580622196198 0.255195617675781
-9999 -9999 -9999 -9999 -9999 -9999 -9999 -9999 -9999 -9999 -9999 -9999 -9999 -9999 -9999 -9999 -9999 0.334471195936203 0.362304031848907 0.347243428230286 0.318237662315369 0.28141114115715 0.272386580705643 0.209390327334404 0.271338552236557 0.242643356323242 0.22761033475399 0.202337682247162 0.198194652795792 0.259855508804321 0.261742442846298 0.299918204545975 0.282615810632706 0.226500481367111 0.256535559892654 0.264346420764923 0.306143343448639 0.288725823163986 0.319743424654007 0.35210108757019 0.322192996740341 0.272010952234268 0.250660449266434 0.330909967422485 0.361989378929138 0.327443808317184
-9999 -9999 -9999 -9999 -9999 -9999 -9999 -9999 -9999 -9999 -9999 -9999 -9999 -9999 -9999 0.334911972284317 0.537414789199829 0.621002376079559 0.835798442363739 0.853901445865631 0.714676976203918 0.563316106796265 0.430572390556335 0.622300386428833 0.599302530288696 0.275845736265182 0.22373828291893 0.249963536858559 0.264508128166199 0.261953324079514 0.276458501815796 0.24395914375782 0.29526674747467 0.264536261558533 0.308238744735718 0.234093323349953 0.296589195728302 0.329264283180237 0.35293310880661 0.32728698849678 0.296432137489319 0.259985208511353 0.283790796995163 0.453920155763626 0.321258097887039 0.359980553388596
-9999 -9999 -9999 -9999 -9999 -9999 -9999 -9999 -9999 -9999 -9999 -9999 -9999 -9999 -9999 0.420772880315781 0.551914393901825 0.461857199668884 0.417930275201797 0.434571981430054 0.39117893576622 0.391942858695984 0.404861867427826 0.285019397735596 0.216459304094315 0.194451242685318 0.212600737810135 0.211219564080238 0.196939170360565 0.228685140609741 0.214181557297707 0.24722795188427 0.293451488018036 0.255130708217621 0.252718657255173 0.268598973751068 0.304320394992828 0.33191442489624 0.305063843727112 0.268819659948349 0.372884124517441 0.297823250293732 0.410153120756149 0.287110507488251 0.291089862585068 0.283016949892044
-9999 -9999 -9999 -9999 -9999 -9999 -9999 -9999 -9999 -9999 -9999 -9999 -9999 -9999 -9999 -9999 0.583674430847168 0.3610779941082 0.400689452886581 0.404128938913345 0.361882746219635 0.381790012121201 0.29758682847023 0.253589570522308 0.282400190830231 0.246001929044724 0.183920130133629 0.160076931118965 0.213289886713028 0.229942783713341 0.251904189586639 0.246755182743073 0.288967818021774 0.26412370800972 0.308646559715271 0.280562907457352 0.301578551530838 0.263737350702286 0.291004955768585 0.274171888828278 0.291100323200226 0.268443763256073 0.291585862636566 0.364627540111542 0.364208459854126 -9999
-9999 -9999 -9999 -9999 -9999 -9999 -9999 -9999 -9999 -9999 -9999 -9999 -9999 -9999 -9999 -9999 0.463437080383301 0.423677921295166 0.349827796220779 0.403204292058945 0.351915270090103 0.302181959152222 0.24258117377758 0.24112956225872 0.214546039700508 0.215012073516846 0.248679682612419 0.234048619866371 0.193052351474762 0.224287450313568 0.336960077285767 0.301494419574738 0.295261770486832 0.227756202220917 0.25591191649437 0.254619389772415 0.346543997526169 0.282569766044617 0.247089639306068 0.275129973888397 0.323571354150772 0.297496795654297 0.482656180858612 0.520257234573364 0.317862182855606 0.270469009876251
-9999 -9999 -9999 -9999 -9999 -9999 -9999 -9999 -9999 -9999 -9999 -9999 -9999 -9999 -9999 -9999 0.29568749666214 0.329652339220047 0.366356045007706 0.342415690422058 0.548862457275391 0.503542542457581 0.361137598752975 0.267607778310776 0.246908605098724 0.269474506378174 0.270024180412292 0.257347017526627 0.318951487541199 0.26054784655571 0.381639063358307 0.375185012817383 0.403170704841614 0.36341580748558 0.326528131961823 0.314084589481354 0.290129542350769 0.25776344537735 0.306775599718094 0.315314143896103 0.362305849790573 0.323643028736115 -9999 0.358504205942154 0.386686772108078 0.27476167678833
-9999 -9999 -9999 -9999 -9999 -9999 -9999 -9999 -9999 -9999 -9999 -9999 -9999 -9999 -9999 -9999 -9999 0.27319672703743 0.312411934137344 0.339315205812454 0.319608807563782 0.335506111383438 0.273421734571457 0.288772970438004 0.271403521299362 0.318919211626053 0.294853121042252 0.238419011235237 0.235695764422417 0.241173684597015 0.489195287227631 0.508488535881042 -9999 0.307629138231277 0.267752349376678 0.28178459405899 0.312133371829987 0.301835060119629 0.291784197092056 0.33789125084877 0.375261634588242 -9999 0.424308210611343 0.295031249523163 0.286397784948349 0.264032125473022
-9999 -9999 -9999 -9999 -9999 -9999 -9999 -9999 -9999 -9999 -9999 -9999 -9999 -9999 -9999 -9999 -9999 0.375604659318924 0.345296323299408 0.349614948034286 0.279648542404175 0.317457675933838 0.288850337266922 0.287514895200729 0.31154403090477 0.31401726603508 0.410931825637817 0.399440169334412 0.314569860696793 0.327480018138885 -9999 0.32420289516449 0.266827493906021 0.262320786714554 0.299177438020706 0.310759544372559 0.320106476545334 0.281155943870544 0.314830631017685 0.31691899895668 -9999 -9999 0.467597633600235 0.333479940891266 0.336939662694931 -9999
-9999 -9999 -9999 -9999 -9999 -9999 -9999 -9999 -9999 -9999 -9999 -9999 -9999 -9999 -9999 -9999 -9999 -9999 0.498498737812042 0.325206965208054 0.335256218910217 0.294950604438782 -9999 0.361036539077759 0.310494661331177 0.428477555513382 0.391968578100204 0.402528047561646 0.337006688117981 0.398114591836929 -9999 0.316336065530777 0.303991675376892 -9999 0.421114057302475 -9999 0.374548703432083 0.323317229747772 0.327577263116837 0.423125565052032 0.515754640102386 0.546122193336487 0.355425298213959 0.350051373243332 0.422522693872452 0.355699181556702
