resultados/modelos/ensamblado_ausencia.asc
NCOLS 330 
NROWS 228 
XLLCORNER -12 
YLLCORNER 34 
CELLSIZE 0.166667 
NODATA_value -9999 
[rows 168 to 188 of 228, columns 0 to 46 of 330]
-9999 -9999 -9999 -9999 -9999 -9999 -9999 -9999 -9999 -9999 -9999 -9999 -9999 -9999 -9999 -9999 -9999 -9999 -9999 -9999 -9999 -9999 -9999 -9999 -9999 -9999 -9999 -9999 -9999 -9999 -9999 -9999 -9999 -9999 -9999 -9999 -9999 -9999 -9999 -9999 -9999 -9999 -9999 -9999 -9999 -9999 -9999
-9999 -9999 -9999 -9999 -9999 -9999 -9999 -9999 -9999 -9999 -9999 -9999 -9999 -9999 -9999 -9999 -9999 -9999 -9999 -9999 -9999 -9999 -9999 -9999 0.932458817958832 -9999 -9999 -9999 -9999 -9999 -9999 -9999 -9999 -9999 -9999 -9999 -9999 -9999 -9999 -9999 -9999 -9999 -9999 -9999 -9999 -9999 -9999
-9999 -9999 -9999 -9999 -9999 -9999 -9999 -9999 -9999 -9999 -9999 -9999 -9999 -9999 -9999 -9999 -9999 -9999 -9999 -9999 -9999 -9999 -9999 0.778466403484344 0.770470082759857 0.752795517444611 0.793188214302063 0.771136581897736 -9999 -9999 -9999 -9999 -9999 -9999 -9999 -9999 0.75811094045639 -9999 -9999 -9999 -9999 -9999 -9999 -9999 -9999 -9999 -9999
-9999 -9999 -9999 -9999 -9999 -9999 -9999 -9999 -9999 -9999 -9999 -9999 -9999 -9999 -9999 -9999 -9999 -9999 -9999 -9999 -9999 -9999 -9999 0.745335698127747 0.777914345264435 0.709568083286285 0.576512157917023 0.69389021396637 0.72898006439209 0.78069931268692 0.808376371860504 0.782559633255005 0.715525150299072 0.716896235942841 0.623227834701538 0.553237438201904 0.4642074406147 0.406483620405197 0.449719399213791 0.532914638519287 0.677570462226868 0.73231965303421 0.863488495349884 0.924624443054199 -9999 -9999 -9999
-9999 -9999 -9999 -9999 -9999 -9999 -9999 -9999 -9999 -9999 -9999 -9999 -9999 -9999 -9999 -9999 -9999 -9999 0.859034061431885 0.763063907623291 0.752083837985992 0.69462788105011 0.635962426662445 0.683273911476135 0.540424525737762 0.554954171180725 0.452311426401138 0.4552281498909 0.680891156196594 0.617888927459717 0.760306477546692 0.750857830047607 0.61635822057724 0.675808489322662 0.618186354637146 0.558989405632019 0.649989426136017 0.496180832386017 0.539400160312653 0.550947844982147 0.669457137584686 0.707513272762299 0.83150726556778 0.833666741847992 0.716534912586212 0.66133314371109 0.612397849559784
-9999 -9999 -9999 -9999 -9999 -9999 -9999 -9999 -9999 -9999 -9999 -9999 -9999 -9999 -9999 -9999 -9999 0.736419916152954 0.632466316223145 0.592471480369568 0.509821653366089 0.417281627655029 0.416019111871719 0.453947067260742 0.585799336433411 0.569541335105896 0.451101928949356 0.530834674835205 0.635027706623077 0.611723721027374 0.784957766532898 0.67387992143631 0.678138792514801 0.646193742752075 0.6400026679039 0.617926597595215 0.660633206367493 0.67361706495285 0.690183401107788 0.648453176021576 0.518469274044037 0.525139570236206 0.536231637001038 0.716530382633209 0.762474298477173 0.677450895309448 0.607184886932373
-9999 -9999 -9999 -9999 -9999 -9999 -9999 -9999 -9999 -9999 -9999 -9999 -9999 -9999 -9999 -9999 -9999 0.835335850715637 0.63105571269989 0.709587395191193 0.533867418766022 0.377992391586304 0.428625583648682 0.560676753520966 0.593075335025787 0.530387401580811 0.44165164232254 0.420629739761353 0.586022913455963 0.59725022315979 0.779466927051544 0.738521754741669 0.606969177722931 0.55521285533905 0.443659782409668 0.447689265012741 0.507019221782684 0.389593720436096 0.417060911655426 0.467059344053268 0.479400783777237 0.410984396934509 0.460927248001099 0.611459791660309 0.568648040294647 0.502155721187592 0.516330659389496
-9999 -9999 -9999 -9999 -9999 -9999 -9999 -9999 -9999 -9999 -9999 -9999 -9999 -9999 -9999 -9999 -9999 0.92775022983551 0.822420835494995 0.747149169445038 0.564199149608612 0.519637703895569 0.512850284576416 0.575565218925476 0.53696221113205 0.551823139190674 0.516678690910339 0.442090511322021 0.663454055786133 0.603056728839874 0.667193353176117 0.700177371501923 0.532614171504974 0.662643611431122 0.590790987014771 0.468382626771927 0.367081612348557 0.389968991279602 0.342875301837921 0.344002068042755 0.336649000644684 0.408756941556931 0.384671419858932 0.43404746055603 0.381089866161346 0.396987706422806 0.433340609073639
-9999 -9999 -9999 -9999 -9999 -9999 -9999 -9999 -9999 -9999 -9999 -9999 -9999 -9999 -9999 -9999 -9999 -9999 -9999 0.742779076099396 0.648512005805969 0.569062650203705 0.591469168663025 0.535049438476562 0.546829640865326 0.532477498054504 0.412170857191086 0.47270005941391 0.740766048431396 0.730770349502563 0.612908661365509 0.462836086750031 0.49700465798378 0.615359663963318 0.559436857700348 0.383366942405701 0.26595413684845 0.251988738775253 0.271101117134094 0.233588099479675 0.263582289218903 0.271965354681015 0.298407971858978 0.284241497516632 0.3236103951931 0.308443576097488 0.425987273454666
-9999 -9999 -9999 -9999 -9999 -9999 -9999 -9999 -9999 -9999 -9999 -9999 -9999 -9999 -9999 -9999 -9999 -9999 -9999 0.859142661094666 0.659103810787201 0.657121002674103 0.659824013710022 0.532173454761505 0.550487577915192 0.655532896518707 0.671712219715118 0.669613122940063 0.680953502655029 0.747800052165985 0.678914189338684 0.77097749710083 0.720162034034729 0.617218255996704 0.393266469240189 0.284153074026108 0.170142129063606 0.112019032239914 0.195954248309135 0.181781619787216 0.233282878994942 0.245044723153114 0.250725448131561 0.219070494174957 0.196459725499153 0.211530014872551 0.254717141389847
-9999 -9999 -9999 -9999 -9999 -9999 -9999 -9999 -9999 -9999 -9999 -9999 -9999 -9999 -9999 -9999 -9999 -9999 -9999 -9999 0.673003554344177 0.707947015762329 0.726396083831787 0.52549409866333 0.47223824262619 0.483136624097824 0.693134009838104 0.73745334148407 0.770106077194214 0.683324456214905 0.641348302364349 0.687915027141571 0.691906690597534 0.648794174194336 0.589352130889893 0.310034841299057 0.208174079656601 0.116807818412781 0.148786798119545 0.229528650641441 0.211254626512527 0.181195110082626 0.190551474690437 0.170335918664932 0.156035810709 0.17651954293251 0.19577220082283
-9999 -9999 -9999 -9999 -9999 -9999 -9999 -9999 -9999 -9999 -9999 -9999 -9999 -9999 -9999 -9999 -9999 -9999 -9999 0.81097674369812 0.669771492481232 0.713450253009796 0.814846098423004 0.786746561527252 0.57626074552536 0.386274367570877 0.505130052566528 0.792433261871338 0.731944024562836 0.65410190820694 0.649864137172699 0.706456005573273 0.552056431770325 0.547088623046875 0.446356654167175 0.326358586549759 0.276422709226608 0.200001001358032 0.213038995862007 0.200276255607605 0.165394589304924 0.167714923620224 0.143138080835342 0.133550941944122 0.163506999611855 0.168472766876221 0.199738770723343
-9999 -9999 -9999 -9999 -9999 -9999 -9999 -9999 -9999 -9999 -9999 -9999 -9999 -9999 -9999 -9999 -9999 -9999 -9999 0.836133599281311 0.780961275100708 0.748333334922791 0.833833754062653 0.80239599943161 0.805127739906311 0.652125418186188 0.499889731407166 0.507634162902832 0.534325122833252 0.565047562122345 0.573350667953491 0.647058427333832 0.44671767950058 0.459397822618484 0.420860946178436 0.370988547801971 0.262526422739029 0.234480455517769 0.19066333770752 0.163883820176125 0.146520271897316 0.135386571288109 0.145064383745193 0.153512313961983 0.165441989898682 0.189203068614006 0.186151310801506
-9999 -9999 -9999 -9999 -9999 -9999 -9999 -9999 -9999 -9999 -9999 -9999 -9999 -9999 -9999 -9999 -9999 -9999 -9999 0.835308611392975 0.739460170269012 0.6988165974617 0.824009835720062 0.892148613929749 0.817053496837616 0.782382011413574 0.569494903087616 0.498789608478546 0.505947649478912 0.419925153255463 0.532092750072479 0.357079535722733 0.33662360906601 0.316086828708649 0.239712998270988 0.309505820274353 0.302589029073715 0.270843356847763 0.174625903367996 0.190770700573921 0.166708469390869 0.15816742181778 0.122737638652325 0.173986852169037 0.184516072273254 0.163661882281303 0.188423380255699
-9999 -9999 -9999 -9999 -9999 -9999 -9999 -9999 -9999 -9999 -9999 -9999 -9999 -9999 -9999 -9999 -9999 -9999 -9999 0.846816539764404 0.634247779846191 0.628851294517517 0.638544201850891 0.68476015329361 0.745253264904022 0.630166888237 0.581739485263824 0.540688931941986 0.256474614143372 0.314374327659607 0.419028013944626 0.395772725343704 0.308139234781265 0.321866720914841 0.267049908638 0.26906281709671 0.376469612121582 0.201752066612244 0.22047957777977 0.191167891025543 0.180186897516251 0.145888194441795 0.14690326154232 0.220423325896263 0.19649276137352 0.212678387761116 0.199469268321991
-9999 -9999 -9999 -9999 -9999 -9999 -9999 -9999 -9999 -9999 -9999 -9999 -9999 -9999 -9999 -9999 -9999 -9999 -9999 0.870137751102448 0.543582558631897 0.590867936611176 0.556092917919159 0.581024408340454 0.59441876411438 0.734684109687805 0.537408590316772 0.397021383047104 0.276428312063217 0.358320683240891 0.424423396587372 0.302515804767609 0.303211390972137 0.275380909442902 0.214848443865776 0.212151765823364 0.212696418166161 0.236828580498695 0.274251312017441 0.293338477611542 0.230590030550957 0.208634555339813 0.249004274606705 0.207158431410789 0.232566937804222 0.23183211684227 0.203455060720444
-9999 -9999 -9999 -9999 -9999 -9999 -9999 -9999 -9999 -9999 -9999 -9999 -9999 -9999 -9999 -9999 -9999 -9999 -9999 -9999 0.677800178527832 0.629404246807098 0.525963604450226 0.598504364490509 0.709676623344421 0.481954336166382 0.52016544342041 0.504424631595612 0.47364741563797 0.266864359378815 0.296062171459198 0.307339459657669 0.289135694503784 0.383692920207977 -9999 0.269913047552109 0.202973634004593 0.256595820188522 0.256568014621735 0.214981332421303 0.19751612842083 0.192255765199661 0.201545849442482 0.221625775098801 0.194921925663948 0.22279354929924 0.271889120340347
-9999 -9999 -9999 -9999 -9999 -9999 -9999 -9999 -9999 -9999 -9999 -9999 -9999 -9999 -9999 -9999 -9999 -9999 -9999 -9999 0.798145115375519 0.61840283870697 0.599845945835114 0.711920976638794 0.749323129653931 0.606230139732361 0.617149412631989 0.518844664096832 0.40139627456665 0.256730377674103 0.311512976884842 0.272056132555008 0.178453251719475 0.153456509113312 0.159032136201859 0.181777030229568 0.134264156222343 0.161225035786629 0.145234987139702 0.182584851980209 0.187079071998596 0.166904866695404 0.171765118837357 0.222679659724236 0.20932500064373 0.216102167963982 0.199578613042831
-9999 -9999 -9999 -9999 -9999 -9999 -9999 -9999 -9999 -9999 -9999 -9999 -9999 -9999 -9999 -9999 -9999 -9999 -9999 -9999 0.766218721866608 0.694754123687744 0.813842475414276 0.762469470500946 0.720622897148132 0.621557295322418 0.646179735660553 0.56614887714386 0.407222270965576 0.309191882610321 0.297732651233673 0.204120174050331 0.169110521674156 0.155329689383507 0.139860153198242 0.138121977448463 0.146318048238754 0.144632175564766 0.183415725827217 0.167586028575897 0.153487890958786 0.177303060889244 0.168709650635719 0.223874688148499 0.251019567251205 0.230286940932274 0.212683796882629
-9999 -9999 -9999 -9999 -9999 -9999 -9999 -9999 -9999 -9999 -9999 -9999 -9999 -9999 -9999 -9999 -9999 -9999 -9999 -9999 0.673990547657013 0.776048362255096 0.734823644161224 0.668923914432526 0.485012143850327 0.492036074399948 0.492905855178833 0.473471015691757 0.314166307449341 0.344499409198761 0.300070524215698 0.227088004350662 0.224628373980522 0.164535447955132 0.159897089004517 0.145480751991272 0.136401295661926 0.134744554758072 0.165652066469193 0.139778941869736 0.176920026540756 0.223009541630745 0.278127253055573 0.290132284164429 0.2845578789711 0.322747409343719 0.427042067050934
-9999 -9999 -9999 -9999 -9999 -9999 -9999 -9999 -9999 -9999 -9999 -9999 -9999 -9999 -9999 -9999 -9999 -9999 -9999 0.926355063915253 0.705199122428894 0.605273187160492 0.738866865634918 0.6209636926651 0.39423605799675 0.382269769906998 0.374989569187164 0.641852021217346 0.542385637760162 0.426756471395493 0.372595399618149 0.232989832758904 0.161321833729744 0.244921699166298 0.459852665662766 0.300920873880386 0.226701676845551 0.113737024366856 0.254652947187424 0.17229038476944 0.305900454521179 0.458261519670486 0.407147794961929 0.378223091363907 0.329227387905121 0.374212324619293 0.494808673858643
