resultados/modelos/ensamblado_ausencia.asc
NCOLS 330 
NROWS 228 
XLLCORNER -12 
YLLCORNER 34 
CELLSIZE 0.166667 
NODATA_value -9999 
[rows 42 to 62 of 228, columns 282 to 328 of 330]
-9999 -9999 -9999 -9999 -9999 -9999 -9999 -9999 -9999 -9999 0.535043835639954 0.468806028366089 0.561556220054626 0.575750887393951 0.4865702688694 0.501067161560059 0.473857641220093 -9999 -9999 -9999 -9999 -9999 -9999 -9999 -9999 -9999 -9999 -9999 -9999 -9999 -9999 -9999 0.329407930374146 0.470695286989212 0.401046842336655 0.438415557146072 0.478846877813339 0.483526796102524 0.507230520248413 0.512897729873657 0.451892375946045 0.37396252155304 0.386229157447815 0.313189625740051 0.428024411201477 0.443236738443375 0.458754867315292
-9999 -9999 -9999 -9999 -9999 -9999 -9999 -9999 -9999 0.51469087600708 0.54781699180603 0.596830248832703 0.557703077793121 0.570641756057739 0.496071994304657 0.440392345190048 0.317299842834473 0.250196605920792 -9999 -9999 -9999 0.357109934091568 -9999 -9999 -9999 -9999 -9999 -9999 -9999 -9999 -9999 0.19499708712101 -9999 0.325346648693085 0.395100802183151 0.389927208423615 0.393446654081345 0.532178580760956 0.469169974327087 0.437293499708176 0.360063672065735 -9999 0.327708750963211 0.340434521436691 0.353267878293991 0.348716646432877 0.368575423955917
-9999 -9999 -9999 -9999 -9999 -9999 -9999 -9999 -9999 -9999 -9999 0.655440866947174 0.706591069698334 0.686369597911835 0.62597793340683 0.515370666980743 0.445356637239456 0.383270978927612 0.387586951255798 0.455472588539124 0.486578315496445 0.446815311908722 0.393217295408249 0.421851307153702 0.354314714670181 0.260140180587769 0.206621304154396 -9999 -9999 0.18120089173317 0.193995162844658 0.206300243735313 0.158667117357254 -9999 0.25478258728981 0.349322497844696 0.359518826007843 0.425548553466797 0.430220276117325 0.416663736104965 0.413444429636002 0.334642559289932 0.314916372299194 0.294517010450363 0.277401000261307 0.285832792520523 0.345532357692719
-9999 -9999 -9999 -9999 -9999 -9999 -9999 -9999 -9999 -9999 -9999 -9999 -9999 0.567298412322998 0.47314128279686 0.400063127279282 -9999 0.404377192258835 0.403323262929916 0.420395106077194 0.429180443286896 0.423523843288422 0.424289464950562 0.362666249275208 0.377578496932983 0.382128059864044 0.323487967252731 0.280269622802734 0.248329266905785 0.259409964084625 0.259526520967484 0.235542774200439 0.202583491802216 0.182491481304169 0.17523118853569 0.181018710136414 0.285401254892349 0.29798224568367 0.346109300851822 0.404985129833221 0.372887849807739 0.436223268508911 0.334803879261017 0.334356933832169 0.324220985174179 0.35823717713356 0.356557697057724
0.450042217969894 0.491368144750595 0.409640789031982 0.478369563817978 0.468799710273743 -9999 -9999 -9999 -9999 -9999 -9999 -9999 -9999 -9999 -9999 -9999 -9999 -9999 0.481941193342209 0.388977527618408 0.360517024993896 0.385138511657715 0.323596209287643 0.359689861536026 0.365890502929688 0.381502330303192 0.370957404375076 0.270530998706818 0.26163786649704 0.331413894891739 0.336555600166321 0.268738478422165 0.208703964948654 0.193443641066551 0.192014068365097 0.237153843045235 0.246030196547508 0.259896904230118 0.263130694627762 0.159976556897163 0.166455239057541 0.278955072164536 0.323537111282349 0.261337459087372 0.304398268461227 0.319696873426437 0.31798130273819
0.500400602817535 0.533005356788635 0.48723703622818 0.472824811935425 0.437734514474869 0.396816700696945 0.378232836723328 -9999 -9999 -9999 -9999 -9999 -9999 -9999 -9999 -9999 -9999 -9999 0.329220473766327 0.349769830703735 0.375611990690231 0.369080185890198 0.414608716964722 0.342854082584381 0.315908998250961 0.300030589103699 0.274850785732269 0.310305416584015 0.339196234941483 0.300604701042175 0.296780407428741 0.237690716981888 0.266572833061218 0.242787063121796 0.250556200742722 0.253631800413132 0.252305269241333 0.196736380457878 0.221485957503319 0.238068237900734 0.249581873416901 0.289192765951157 0.339879542589188 0.270690619945526 0.285250961780548 0.31999146938324 0.311159938573837
0.489060193300247 0.474895775318146 0.463523060083389 0.445721387863159 0.425158858299255 0.386576384305954 0.357408106327057 0.321733623743057 0.281168520450592 0.309444934129715 -9999 -9999 -9999 -9999 -9999 -9999 -9999 -9999 0.205855011940002 0.374622017145157 0.341581761837006 0.357653200626373 0.371140211820602 0.311982959508896 0.3642578125 0.40264904499054 0.41124638915062 0.479029446840286 0.345892995595932 0.286456078290939 0.239473283290863 0.240719735622406 0.243926078081131 0.234410375356674 0.231149062514305 0.268019050359726 0.240240857005119 0.239768907427788 0.213119596242905 0.216260805726051 0.271394610404968 0.311837673187256 0.285900920629501 0.278012484312057 0.297112584114075 0.300525903701782 0.348939567804337
0.532279014587402 0.46861732006073 0.393960237503052 0.410144835710526 0.430236756801605 0.411092936992645 0.387183159589767 0.408776611089706 0.352102994918823 0.319564938545227 0.336186945438385 0.294827789068222 0.312873870134354 0.269077479839325 0.24579706788063 0.256805092096329 0.266452133655548 0.280628621578217 0.30885037779808 0.321529984474182 -9999 0.27733501791954 0.319561660289764 0.330793112516403 0.283416211605072 0.290238529443741 0.332083195447922 0.331941992044449 0.324333012104034 0.310513764619827 0.28085595369339 0.238056942820549 0.177796021103859 0.22303295135498 0.271759569644928 0.289383798837662 0.31464096903801 0.288262963294983 0.289409607648849 0.290115892887115 0.320410877466202 0.329067051410675 0.269630253314972 0.322125881910324 0.3689284324646 0.363202154636383 0.366116166114807
0.414091914892197 0.431629836559296 0.454815417528152 0.37552809715271 0.355748265981674 0.431591600179672 0.442632377147675 0.411264270544052 0.441462934017181 0.440178990364075 0.479030847549438 0.378339886665344 0.279286026954651 0.312496393918991 0.291335940361023 0.270993173122406 0.323398113250732 0.381736606359482 0.327130258083344 0.331174194812775 0.229169353842735 0.338864326477051 0.389429539442062 0.31397807598114 0.307710766792297 0.425954788923264 0.445712357759476 0.502371490001678 0.441312909126282 0.325881689786911 0.285907804965973 0.359422385692596 0.366661012172699 0.292537599802017 0.467330306768417 0.333568871021271 0.334586769342422 0.284368574619293 0.313982874155045 0.318086385726929 0.287442207336426 0.283165603876114 0.333136767148972 0.488882154226303 0.532714605331421 0.476881086826324 0.529365539550781
0.407051742076874 0.450828075408936 0.392893254756927 0.357133626937866 0.319858580827713 0.354946792125702 0.381474614143372 0.359547853469849 0.322262465953827 0.45084273815155 0.444441318511963 0.412613868713379 0.398048043251038 0.429269701242447 0.3801489174366 0.341212511062622 0.344610184431076 0.401581585407257 0.578182518482208 0.351861357688904 0.436428785324097 0.48066446185112 0.38814041018486 0.379938840866089 0.326413184404373 0.388818055391312 0.482656329870224 0.291917026042938 0.327939480543137 0.537874817848206 0.565222680568695 0.558678865432739 0.49542224407196 0.392320334911346 0.298102021217346 0.229165926575661 0.27391254901886 0.313954055309296 0.376145333051682 0.47559916973114 0.314380288124084 0.205275997519493 0.435079663991928 0.594399750232697 0.532406330108643 0.55694442987442 0.724165797233582
0.462273150682449 0.454947918653488 0.45475846529007 0.445030570030212 0.509960770606995 0.68781042098999 0.732443988323212 0.721316576004028 0.677304923534393 0.709978818893433 0.477804839611053 0.32679083943367 0.292688965797424 0.284547299146652 0.526127398014069 0.456070512533188 0.357186436653137 0.351013958454132 0.702331006526947 0.784498572349548 0.812255799770355 0.411078900098801 0.349314481019974 0.305371820926666 0.438012957572937 0.369561016559601 0.415060579776764 0.371267348527908 0.372955799102783 0.36476331949234 0.351686358451843 0.261348932981491 0.274852991104126 0.285658866167068 0.225485444068909 0.246270775794983 0.249053031206131 0.306789487600327 0.277473509311676 0.213693276047707 0.261687338352203 0.261949986219406 0.200861200690269 0.218371629714966 0.333680242300034 0.333871811628342 0.312969118356705
0.562131822109222 0.492105156183243 0.696472346782684 0.702172040939331 0.701057732105255 0.65561854839325 0.406480848789215 0.420457869768143 0.379075109958649 0.347503691911697 0.313989520072937 0.313503205776215 0.368664026260376 0.336807787418365 0.367073029279709 0.762944996356964 0.541002333164215 0.44477590918541 0.303573489189148 0.291574120521545 0.345502525568008 0.328131258487701 0.383540004491806 0.302412778139114 0.373848110437393 0.385752618312836 0.321928739547729 0.351349145174026 0.408011943101883 0.331958591938019 0.301024585962296 0.278660088777542 0.307053208351135 0.383287638425827 0.303943395614624 0.517347574234009 0.792060613632202 0.433455049991608 0.361409842967987 0.270198106765747 0.291204452514648 0.241815000772476 0.195335358381271 0.192646577954292 0.174918428063393 0.200154170393944 0.265216797590256
0.64714789390564 0.663037478923798 0.577931046485901 0.628856539726257 0.414845079183578 0.438068598508835 0.301635801792145 0.317635476589203 0.378353327512741 0.419711798429489 0.368133068084717 0.361259698867798 0.297727167606354 0.405190318822861 0.354549795389175 0.337030977010727 0.504776120185852 0.591882824897766 0.401152282953262 0.541671454906464 0.327289134263992 0.306101411581039 0.251223176717758 0.431062191724777 0.404170215129852 0.411948770284653 0.3378866314888 0.322174847126007 0.333343982696533 0.275033354759216 0.224366396665573 0.227372765541077 0.274643987417221 0.252229988574982 0.292525231838226 0.271825760602951 0.262581020593643 0.25682345032692 0.303368389606476 0.336372822523117 0.298117369413376 0.213210493326187 0.20128658413887 0.242575794458389 0.285666704177856 0.213272288441658 0.163329318165779
-9999 0.502210795879364 0.477364778518677 0.471955984830856 0.470146268606186 0.435978442430496 0.433966100215912 0.350244462490082 0.364762127399445 0.354603856801987 0.360372066497803 0.429806053638458 0.326316237449646 0.372604787349701 0.415540397167206 0.315193057060242 0.326999753713608 0.410997003316879 0.469393640756607 0.356703281402588 0.275915861129761 0.327310681343079 0.336453288793564 0.356056451797485 0.391451418399811 0.387965470552444 0.376820117235184 0.312598347663879 0.302661091089249 0.260540992021561 0.272771567106247 0.271269500255585 0.259312242269516 0.277408510446548 0.320534706115723 0.30614560842514 0.344362407922745 0.284121304750443 0.287383735179901 0.303137212991714 0.370660901069641 0.36793714761734 0.280424505472183 0.272752374410629 0.282462865114212 0.350711405277252 0.248022317886353
-9999 -9999 -9999 0.355503052473068 0.355935037136078 0.726359248161316 0.526509821414948 0.427953213453293 0.300809413194656 0.263553351163864 0.376478672027588 0.400242686271667 0.391473740339279 0.297526061534882 0.345013082027435 0.359147816896439 0.351866126060486 0.33352130651474 0.497382283210754 0.417230248451233 0.284913241863251 0.348075360059738 0.260238915681839 0.284126549959183 0.330703169107437 0.334215879440308 0.301282286643982 0.287421494722366 0.24472776055336 0.250277578830719 0.265505731105804 0.281128764152527 0.244584903120995 0.292407423257828 0.331712454557419 0.310028880834579 0.27139738202095 0.342075258493423 0.291531503200531 0.306043714284897 0.291321456432343 0.347724854946136 0.317287385463715 0.293565511703491 0.313333809375763 0.300636410713196 0.24968758225441
0.536842703819275 0.560342490673065 0.578601181507111 -9999 -9999 0.497814297676086 0.939510643482208 0.808222830295563 0.469310194253922 0.474822759628296 0.368090182542801 -9999 0.331376910209656 0.391649335622787 0.394006907939911 0.388805478811264 0.272712230682373 0.346561580896378 0.391088932752609 0.441576242446899 0.370492845773697 0.36965423822403 0.339284747838974 0.32840022444725 0.348104506731033 0.356652498245239 0.763694167137146 0.397522360086441 0.370000422000885 0.277632296085358 0.300722062587738 0.349646419286728 0.394247621297836 0.36946314573288 0.358600795269012 0.423313945531845 0.289843112230301 0.316024482250214 0.43010351061821 0.415564358234406 0.284918516874313 0.238245651125908 0.23881559073925 0.261263787746429 0.236700430512428 0.204871147871017 0.224842399358749
0.40464323759079 0.440746128559113 0.471093147993088 0.314205467700958 -9999 0.475095301866531 0.505970001220703 0.629433989524841 0.724272906780243 0.679044842720032 0.291074723005295 -9999 -9999 0.415206849575043 0.456400454044342 0.403788566589355 0.404179960489273 0.477900445461273 0.513849139213562 0.40011739730835 0.502918481826782 0.562637627124786 0.35132497549057 0.33950862288475 0.422195434570312 0.899285554885864 0.407161235809326 0.339024782180786 0.288311809301376 0.294150233268738 0.316071778535843 0.276849508285522 0.344991236925125 0.450228065252304 0.597069144248962 0.483623504638672 0.308155417442322 0.370611429214478 0.371749997138977 0.356477558612823 0.328884601593018 0.255547761917114 0.275883108377457 0.282362341880798 0.259750932455063 0.245500177145004 0.221272200345993
0.483890891075134 -9999 -9999 -9999 0.555774092674255 0.920243740081787 0.409066945314407 0.533864200115204 0.625839948654175 0.61333566904068 0.421146035194397 0.533431231975555 0.590526521205902 0.722243905067444 0.620619714260101 0.502807438373566 0.379438191652298 0.521655738353729 0.401991814374924 -9999 0.435156852006912 0.429443538188934 0.372872829437256 0.313507616519928 0.939167559146881 0.946219205856323 0.331381469964981 0.40426030755043 0.707494974136353 0.455949038267136 0.403364419937134 0.44291940331459 0.458622068166733 0.299377828836441 0.302699089050293 0.340606778860092 0.392908662557602 0.345364063978195 0.290913134813309 0.299058586359024 0.389272212982178 0.307162404060364 0.295376807451248 0.270726889371872 0.472027987241745 0.386921614408493 0.268223077058792
-9999 0.362266480922699 -9999 -9999 -9999 0.555793106555939 0.643156290054321 0.780167043209076 0.830353081226349 0.520014107227325 0.752651393413544 0.658411920070648 0.513231992721558 0.50323075056076 0.475282520055771 0.485405206680298 0.472677052021027 0.444945991039276 0.514479100704193 0.39895361661911 0.408987730741501 0.420486479997635 0.557437717914581 0.330379515886307 0.772658467292786 0.62392270565033 0.581973493099213 0.354974269866943 0.299346327781677 0.373152643442154 0.42876324057579 0.360905736684799 0.42833748459816 0.315841555595398 0.249331384897232 0.353891909122467 0.385746210813522 0.383308798074722 0.384934425354004 0.341318935155869 0.416964143514633 0.437216520309448 0.31162616610527 0.299262583255768 0.278111338615417 0.232007503509521 0.256340563297272
-9999 -9999 -9999 -9999 -9999 -9999 0.402876198291779 0.435381352901459 0.486796379089355 0.372588336467743 0.442645490169525 0.437686800956726 0.369632840156555 0.531195640563965 0.443837404251099 0.428687781095505 0.391123175621033 0.378786444664001 -9999 0.382479131221771 0.370629906654358 0.403512388467789 0.463390827178955 0.331330746412277 0.32920628786087 0.555877268314362 0.678736329078674 0.403023809194565 0.372290164232254 0.39739328622818 0.402700245380402 0.368551462888718 0.380050510168076 0.35262194275856 0.398000478744507 0.311595469713211 0.371510565280914 0.336238443851471 0.512239933013916 0.330533087253571 0.247953072190285 0.343241780996323 0.602229595184326 0.478650659322739 0.310740143060684 0.246101096272469 0.252155989408493
-9999 -9999 -9999 -9999 -9999 -9999 -9999 0.30619478225708 0.364762485027313 0.519965648651123 0.410408079624176 0.414252936840057 0.444901555776596 0.476466685533524 0.379273593425751 0.408300966024399 0.410276710987091 0.390301823616028 0.349417865276337 0.371237069368362 0.353220760822296 0.414796113967896 0.379978597164154 0.310283482074738 0.348421424627304 0.322225153446198 0.349963456392288 0.454063713550568 0.342995822429657 0.313453704118729 0.347457826137543 0.308316916227341 0.573864698410034 0.534385561943054 0.831638872623444 0.555469810962677 0.504396975040436 0.349216967821121 0.426154047250748 0.240357995033264 0.300357401371002 0.57035619020462 0.941806733608246 0.353553593158722 0.274451047182083 0.205369561910629 0.282042443752289
