resultados/modelos/ensamblado_pseudoausencia.asc
NCOLS 330 
NROWS 228 
XLLCORNER -12 
YLLCORNER 34 
CELLSIZE 0.166667 
NODATA_value -9999 
[rows 168 to 188 of 228, columns 0 to 45 of 330]
-9999 -9999 -9999 -9999 -9999 -9999 -9999 -9999 -9999 -9999 -9999 -9999 -9999 -9999 -9999 -9999 -9999 -9999 -9999 -9999 -9999 -9999 -9999 -9999 -9999 -9999 -9999 -9999 -9999 -9999 -9999 -9999 -9999 -9999 -9999 -9999 -9999 -9999 -9999 -9999 -9999 -9999 -9999 -9999 -9999 -9999
-9999 -9999 -9999 -9999 -9999 -9999 -9999 -9999 -9999 -9999 -9999 -9999 -9999 -9999 -9999 -9999 -9999 -9999 -9999 -9999 -9999 -9999 -9999 -9999 0.810559272766113 -9999 -9999 -9999 -9999 -9999 -9999 -9999 -9999 -9999 -9999 -9999 -9999 -9999 -9999 -9999 -9999 -9999 -9999 -9999 -9999 -9999
-9999 -9999 -9999 -9999 -9999 -9999 -9999 -9999 -9999 -9999 -9999 -9999 -9999 -9999 -9999 -9999 -9999 -9999 -9999 -9999 -9999 -9999 -9999 0.541870176792145 0.494716584682465 0.520725071430206 0.625448644161224 0.49276539683342 -9999 -9999 -9999 -9999 -9999 -9999 -9999 -9999 0.442914456129074 -9999 -9999 -9999 -9999 -9999 -9999 -9999 -9999 -9999
-9999 -9999 -9999 -9999 -9999 -9999 -9999 -9999 -9999 -9999 -9999 -9999 -9999 -9999 -9999 -9999 -9999 -9999 -9999 -9999 -9999 -9999 -9999 0.567248642444611 0.537053167819977 0.517198741436005 0.558737635612488 0.605883777141571 0.533844113349915 0.58216655254364 0.648344278335571 0.607398748397827 0.595488250255585 0.612884223461151 0.521704196929932 0.420486390590668 0.366445094347 0.354371726512909 0.429142355918884 0.40204244852066 0.6127809882164 0.604864954948425 0.707689821720123 0.740852952003479 -9999 -9999
-9999 -9999 -9999 -9999 -9999 -9999 -9999 -9999 -9999 -9999 -9999 -9999 -9999 -9999 -9999 -9999 -9999 -9999 0.513412296772003 0.390522420406342 0.534231901168823 0.525336563587189 0.394145309925079 0.441313624382019 0.336592197418213 0.285678118467331 0.183369696140289 0.235191226005554 0.542367339134216 0.531785190105438 0.627428472042084 0.703530550003052 0.580673217773438 0.610975563526154 0.591980755329132 0.554161131381989 0.38706162571907 0.613639295101166 0.608334958553314 0.567801058292389 0.590087592601776 0.537628054618835 0.089669331908226 0.0936906039714813 0.574963331222534 0.617428362369537
-9999 -9999 -9999 -9999 -9999 -9999 -9999 -9999 -9999 -9999 -9999 -9999 -9999 -9999 -9999 -9999 -9999 0.445897966623306 0.349050372838974 0.325939118862152 0.234115898609161 0.165743604302406 0.175156578421593 0.224662870168686 0.390484929084778 0.279807180166245 0.232145369052887 0.336346238851547 0.518483281135559 0.526259899139404 0.646391451358795 0.680241286754608 0.660982489585876 0.700012803077698 0.667096853256226 0.604068517684937 0.496526032686234 0.447858333587646 0.53253185749054 0.732964754104614 0.695944011211395 0.701675951480865 0.756398916244507 0.511818408966064 0.549072623252869 0.760976612567902
-9999 -9999 -9999 -9999 -9999 -9999 -9999 -9999 -9999 -9999 -9999 -9999 -9999 -9999 -9999 -9999 -9999 0.594838201999664 0.361855775117874 0.360185444355011 0.278681427240372 0.148512974381447 0.168737068772316 0.313470542430878 0.37076473236084 0.28355211019516 0.230884343385696 0.197157457470894 0.456774234771729 0.491547822952271 0.674342393875122 0.710163712501526 0.705002903938293 0.721250116825104 0.641499698162079 0.540720522403717 0.5295130610466 0.509756326675415 0.472480922937393 0.539477407932281 0.505531370639801 0.507157623767853 0.616863548755646 0.730935573577881 0.688835680484772 0.615044713020325
-9999 -9999 -9999 -9999 -9999 -9999 -9999 -9999 -9999 -9999 -9999 -9999 -9999 -9999 -9999 -9999 -9999 0.589235603809357 0.601889729499817 0.493102252483368 0.304127097129822 0.300702422857285 0.314257919788361 0.344568580389023 0.355599939823151 0.280187010765076 0.337381154298782 0.271815806627274 0.630197405815125 0.625295519828796 0.692582130432129 0.634013116359711 0.441716879606247 0.620663702487946 0.61855286359787 0.479249626398087 0.250005066394806 0.252691566944122 0.216705545783043 0.261222839355469 0.222499027848244 0.32822659611702 0.317633956670761 0.330807566642761 0.184775277972221 0.129428178071976
-9999 -9999 -9999 -9999 -9999 -9999 -9999 -9999 -9999 -9999 -9999 -9999 -9999 -9999 -9999 -9999 -9999 -9999 -9999 0.42668354511261 0.40205454826355 0.383985847234726 0.443386137485504 0.357451826334 0.417837202548981 0.307136863470078 0.23750938475132 0.292126357555389 0.615731716156006 0.697918057441711 0.527159869670868 0.273412555456161 0.271128118038177 0.499152481555939 0.470614433288574 0.145600989460945 0.0656869634985924 0.0641463920474052 0.0693435668945312 0.0352960154414177 0.0448981337249279 0.055030632764101 0.103704862296581 0.0684861317276955 0.0886396989226341 0.0519990026950836
-9999 -9999 -9999 -9999 -9999 -9999 -9999 -9999 -9999 -9999 -9999 -9999 -9999 -9999 -9999 -9999 -9999 -9999 -9999 0.639898598194122 0.470494300127029 0.554144322872162 0.528853714466095 0.331800580024719 0.338826537132263 0.464043855667114 0.494667172431946 0.508214712142944 0.524251818656921 0.548220694065094 0.461052149534225 0.439525067806244 0.57085108757019 0.660236716270447 0.214365005493164 0.0638746544718742 0.0341143980622292 0.01343431789428 0.0170294791460037 0.0128529816865921 0.0155239319428802 0.0195820797234774 0.0346347019076347 0.0219194665551186 0.0200343076139688 0.0219585727900267
-9999 -9999 -9999 -9999 -9999 -9999 -9999 -9999 -9999 -9999 -9999 -9999 -9999 -9999 -9999 -9999 -9999 -9999 -9999 -9999 0.486605763435364 0.505379259586334 0.574426174163818 0.278752565383911 0.229678884148598 0.312016636133194 0.574068009853363 0.711325228214264 0.643371105194092 0.513696193695068 0.686545968055725 0.717955112457275 0.614424884319305 0.61445951461792 0.469038933515549 0.0627676695585251 0.028636334463954 0.0121652903035283 0.0121235158294439 0.0137458955869079 0.0121772494167089 0.0104412697255611 0.0127872060984373 0.0131492558866739 0.0118456371128559 0.0161782912909985
-9999 -9999 -9999 -9999 -9999 -9999 -9999 -9999 -9999 -9999 -9999 -9999 -9999 -9999 -9999 -9999 -9999 -9999 -9999 0.590571939945221 0.336667418479919 0.391305923461914 0.50442236661911 0.69965136051178 0.435476988554001 0.14788231253624 0.281915605068207 0.635081171989441 0.605417311191559 0.543002307415009 0.666777014732361 0.64604663848877 0.376639485359192 0.340166985988617 0.140534266829491 0.0520882643759251 0.0385239869356155 0.0158089753240347 0.013400811702013 0.0107496296986938 0.00893733650445938 0.0100127840414643 0.00808884110301733 0.00860966928303242 0.0168090760707855 0.021795867010951
-9999 -9999 -9999 -9999 -9999 -9999 -9999 -9999 -9999 -9999 -9999 -9999 -9999 -9999 -9999 -9999 -9999 -9999 -9999 0.574289083480835 0.577474117279053 0.504329860210419 0.605099439620972 0.609927117824554 0.71429306268692 0.545502126216888 0.213960826396942 0.21886257827282 0.248816981911659 0.273168176412582 0.312430262565613 0.390160977840424 0.191733807325363 0.172639131546021 0.154552593827248 0.119212411344051 0.0320285595953465 0.0173351056873798 0.00969977770000696 0.00876130349934101 0.00753800384700298 0.00924240332096815 0.0107386829331517 0.0145576968789101 0.0249820835888386 0.02519641071558
-9999 -9999 -9999 -9999 -9999 -9999 -9999 -9999 -9999 -9999 -9999 -9999 -9999 -9999 -9999 -9999 -9999 -9999 -9999 0.621283411979675 0.415030390024185 0.393439590930939 0.579287827014923 0.623980462551117 0.635404467582703 0.494373619556427 0.252016842365265 0.182334303855896 0.160573273897171 0.126658484339714 0.294064998626709 0.0898862034082413 0.0748939588665962 0.0702087879180908 0.0372644178569317 0.0594659075140953 0.0345329381525517 0.0131138795986772 0.00733286701142788 0.0103692710399628 0.0105906222015619 0.0141059970483184 0.00809066276997328 0.0201472453773022 0.0185784604400396 0.0151514150202274
-9999 -9999 -9999 -9999 -9999 -9999 -9999 -9999 -9999 -9999 -9999 -9999 -9999 -9999 -9999 -9999 -9999 -9999 -9999 0.408321499824524 0.234674900770187 0.241281196475029 0.277997583150864 0.452495455741882 0.485642343759537 0.341266423463821 0.287493288516998 0.189377531409264 0.0334050394594669 0.0750917866826057 0.12495244294405 0.103570632636547 0.0527463629841805 0.0457717590034008 0.0414558351039886 0.0383148454129696 0.0296714790165424 0.0151268020272255 0.014982121065259 0.0128742810338736 0.00934054981917143 0.0104755712673068 0.0154069419950247 0.0349188782274723 0.0275235194712877 0.031076718121767
-9999 -9999 -9999 -9999 -9999 -9999 -9999 -9999 -9999 -9999 -9999 -9999 -9999 -9999 -9999 -9999 -9999 -9999 -9999 0.349980592727661 0.177891701459885 0.190448805689812 0.203799217939377 0.259042382240295 0.254257172346115 0.47018900513649 0.185176998376846 0.09672661870718 0.0582077279686928 0.0908883139491081 0.128463417291641 0.0629074349999428 0.0677632391452789 0.0373775810003281 0.0267177317291498 0.0217437539249659 0.0209687650203705 0.019484743475914 0.0168390441685915 0.0152235953137279 0.0139251304790378 0.0115396967157722 0.0124624753370881 0.0131209101527929 0.0232654195278883 0.0313746966421604
-9999 -9999 -9999 -9999 -9999 -9999 -9999 -9999 -9999 -9999 -9999 -9999 -9999 -9999 -9999 -9999 -9999 -9999 -9999 -9999 0.332269757986069 0.266226440668106 0.157144367694855 0.249052539467812 0.435087859630585 0.140442460775375 0.131244629621506 0.120076559484005 0.124581322073936 0.0434992387890816 0.0633020177483559 0.0656053498387337 0.0474740266799927 0.0659645423293114 -9999 0.0207007080316544 0.0200951024889946 0.0198062509298325 0.0140881957486272 0.0123231029137969 0.00820071529597044 0.00742263719439507 0.00926720444113016 0.0137561792507768 0.0173743180930614 0.0215417202562094
-9999 -9999 -9999 -9999 -9999 -9999 -9999 -9999 -9999 -9999 -9999 -9999 -9999 -9999 -9999 -9999 -9999 -9999 -9999 -9999 0.367623031139374 0.239103361964226 0.227606937289238 0.368634074926376 0.342129290103912 0.227506160736084 0.195597603917122 0.122659496963024 0.0654893517494202 0.0384154506027699 0.0646080672740936 0.058756597340107 0.0150328064337373 0.0111855827271938 0.0123006114736199 0.0138610508292913 0.0116643123328686 0.0111731514334679 0.00965838693082333 0.0100174928084016 0.00862739142030478 0.00813209917396307 0.00857872795313597 0.0147632658481598 0.0145852584391832 0.0211953427642584
-9999 -9999 -9999 -9999 -9999 -9999 -9999 -9999 -9999 -9999 -9999 -9999 -9999 -9999 -9999 -9999 -9999 -9999 -9999 -9999 0.441673874855042 0.377903610467911 0.558763086795807 0.462905585765839 0.426183015108109 0.238549172878265 0.216581717133522 0.147992700338364 0.0679638609290123 0.0405005775392056 0.048464473336935 0.0287803988903761 0.0183063168078661 0.0161197409033775 0.012162309139967 0.0169240217655897 0.0101156206801534 0.0170554611831903 0.0281919632107019 0.0105410702526569 0.00954819098114967 0.0126444427296519 0.00973852723836899 0.0120942145586014 0.0231707133352757 0.022690562531352
-9999 -9999 -9999 -9999 -9999 -9999 -9999 -9999 -9999 -9999 -9999 -9999 -9999 -9999 -9999 -9999 -9999 -9999 -9999 -9999 0.287107765674591 0.515074372291565 0.433654248714447 0.311895966529846 0.120477586984634 0.12872003018856 0.122337348759174 0.114429466426373 0.0402489192783833 0.0472914054989815 0.0331464074552059 0.0287226997315884 0.0313274338841438 0.0176059883087873 0.0168645437806845 0.0184484329074621 0.0272353533655405 0.0222704876214266 0.0201457813382149 0.0121234524995089 0.0222501959651709 0.0436395816504955 0.0688600838184357 0.0730882436037064 0.0649699196219444 0.104573331773281
-9999 -9999 -9999 -9999 -9999 -9999 -9999 -9999 -9999 -9999 -9999 -9999 -9999 -9999 -9999 -9999 -9999 -9999 -9999 0.293922573328018 0.153659731149673 0.185381636023521 0.454310923814774 0.244153663516045 0.0502979457378387 0.0658430010080338 0.0745634809136391 0.252942800521851 0.210863918066025 0.0662956237792969 0.0490513481199741 0.0291385725140572 0.0226109996438026 0.045549675822258 0.171539440751076 0.106441214680672 0.067574754357338 0.0157124269753695 0.0319188870489597 0.0310558937489986 0.108809851109982 0.195292621850967 0.118268489837646 0.122292973101139 0.120411597192287 0.170011192560196
