resultados/modelos/ensamblado_pseudoausencia.asc
NCOLS 330 
NROWS 228 
XLLCORNER -12 
YLLCORNER 34 
CELLSIZE 0.166667 
NODATA_value -9999 
[rows 105 to 125 of 228, columns 138 to 183 of 330]
-9999 0.754992306232452 -9999 -9999 -9999 -9999 -9999 -9999 -9999 0.667203426361084 -9999 -9999 -9999 0.304850429296494 0.393506735563278 -9999 -9999 -9999 -9999 -9999 -9999 -9999 -9999 -9999 -9999 -9999 -9999 -9999 -9999 -9999 -9999 -9999 0.370568573474884 0.23317551612854 0.126414909958839 0.121116377413273 0.291284084320068 0.356416404247284 0.338691741228104 0.491807341575623 0.542757511138916 0.593777060508728 0.581836044788361 0.505858719348907 0.644676744937897 0.918216645717621
-9999 -9999 -9999 -9999 -9999 -9999 -9999 0.747745990753174 0.448961913585663 0.236885830760002 0.289495289325714 0.348305404186249 0.405174076557159 -9999 -9999 -9999 -9999 -9999 -9999 -9999 -9999 -9999 -9999 -9999 -9999 -9999 -9999 -9999 -9999 -9999 0.503958821296692 0.572932004928589 0.385368227958679 0.269082099199295 0.326028227806091 0.32097914814949 0.286642253398895 0.389396160840988 0.407248139381409 0.48185271024704 0.516120910644531 0.409601300954819 0.639318108558655 0.701605439186096 0.769476652145386 0.608937501907349
-9999 -9999 -9999 -9999 0.321098625659943 0.386818468570709 0.45784854888916 0.339502513408661 0.3178890645504 0.235409125685692 0.195721998810768 0.184549003839493 0.189459413290024 0.174433290958405 0.466569989919662 0.361455798149109 0.310442447662354 -9999 -9999 -9999 -9999 -9999 -9999 -9999 0.239786714315414 0.180570438504219 0.141756638884544 0.146336644887924 0.163447856903076 0.29369392991066 0.395334839820862 0.540445804595947 0.443921744823456 0.32379812002182 0.413021743297577 0.341548889875412 0.356623858213425 0.302709579467773 0.351802468299866 0.42969423532486 0.45437017083168 0.530177652835846 0.447121024131775 0.483908921480179 0.583071351051331 0.450078397989273
0.145290106534958 0.269992053508759 -9999 0.18842077255249 0.250381082296371 0.188216254115105 0.219616264104843 0.174406379461288 0.191125094890594 0.150577023625374 0.187633886933327 0.200632989406586 0.271737307310104 0.152347967028618 0.151460275053978 0.187798619270325 0.27329033613205 -9999 0.34584504365921 -9999 0.673762321472168 0.398969709873199 0.243662342429161 0.194778710603714 0.185483783483505 0.132141247391701 0.203451797366142 0.251859098672867 0.350811451673508 0.450376063585281 0.449917703866959 0.328140258789062 0.456067770719528 0.424075841903687 0.37596470117569 0.352979749441147 0.323282539844513 0.30542653799057 0.29542875289917 0.344379544258118 0.321998000144958 0.431336909532547 0.453527390956879 0.51567941904068 0.310288369655609 0.328130096197128
0.0925841853022575 0.105095140635967 0.321622401475906 0.193895280361176 0.381688684225082 0.301396906375885 0.241010293364525 0.368697047233582 0.234240904450417 0.32838961482048 0.326862037181854 0.335240036249161 0.155182927846909 0.204988807439804 0.144936174154282 0.139509037137032 0.10452326387167 0.350330263376236 -9999 0.494906008243561 -9999 0.278420209884644 0.295031875371933 0.27399954199791 0.196470275521278 0.197733461856842 0.213847264647484 0.287419199943542 0.221712693572044 0.405239522457123 0.529196381568909 0.483284771442413 0.372014164924622 0.297111839056015 0.311071813106537 0.257931590080261 0.305420279502869 0.311424374580383 0.306874424219131 0.354669243097305 0.297254055738449 0.311412900686264 0.338796228170395 0.362134039402008 0.417474150657654 0.316364198923111
0.10049657523632 0.139560028910637 0.39833065867424 0.329939156770706 0.211388349533081 0.203224211931229 0.292550057172775 0.501653969287872 0.540409505367279 0.378832370042801 0.276592701673508 0.184424504637718 0.136265769600868 0.326449304819107 0.211018666625023 0.177113220095634 0.242428928613663 0.268342047929764 0.230917409062386 0.244414284825325 0.279615134000778 -9999 0.304868161678314 0.258347243070602 0.170368194580078 0.120567977428436 0.155639842152596 0.264376163482666 0.293771058320999 0.41075611114502 0.459173947572708 0.435196906328201 0.428725779056549 0.303006112575531 0.238511130213737 0.206130906939507 0.190989479422569 0.153451338410378 0.145174145698547 0.104934342205524 0.0876291990280151 0.286604225635529 0.286393642425537 0.337580412626266 0.355889022350311 0.398398965597153
0.157140135765076 0.198604077100754 0.214869111776352 0.23746295273304 0.238507732748985 0.232008337974548 0.161827728152275 0.357774347066879 0.341436505317688 0.301336258649826 -9999 0.571152091026306 0.472466856241226 0.323763251304626 0.218633741140366 0.156584247946739 0.0994223803281784 0.0672101154923439 0.0891158953309059 0.0928789600729942 0.181143835186958 0.752996444702148 0.423882275819778 0.212437883019447 0.0678310990333557 0.147165045142174 0.262095779180527 0.318816065788269 0.277649879455566 0.375932544469833 0.349789023399353 0.292423278093338 0.253053724765778 0.253508746623993 0.229162931442261 0.192214637994766 0.114223688840866 0.218281731009483 0.209397822618484 0.139738455414772 0.0972792580723763 0.248486548662186 0.132613658905029 0.0950666591525078 0.316325098276138 0.286895036697388
0.163297951221466 0.274905532598495 0.18879047036171 0.252937942743301 0.112754568457603 0.167252346873283 0.129681602120399 0.109438896179199 0.196319743990898 0.297411680221558 0.420666962862015 0.58263087272644 0.464667141437531 0.486499309539795 0.41324120759964 0.215456143021584 0.167850196361542 0.163835197687149 0.0857135951519012 0.0610292032361031 0.171399623155594 0.246570929884911 0.156399413943291 0.123851910233498 0.0497584044933319 0.10541982203722 0.106263972818851 0.203706815838814 0.24443219602108 0.238281324505806 0.226309388875961 0.226856112480164 0.201041877269745 0.218065574765205 0.230822786688805 0.149157911539078 0.0921537652611732 0.0909518599510193 0.0937312543392181 0.0834742486476898 0.0648133903741837 0.20159275829792 0.184955313801765 0.183573976159096 0.116386562585831 0.090890571475029
0.137880519032478 0.17863854765892 0.237277135252953 0.212875604629517 0.174049690365791 0.211558416485786 0.110752873122692 0.208884969353676 0.226810663938522 0.326274693012238 0.397987604141235 0.392778784036636 0.300919234752655 0.316562354564667 0.320966184139252 0.301371663808823 0.2268146276474 0.196039766073227 0.0973439663648605 0.190089181065559 0.249617293477058 0.169137522578239 0.148818925023079 0.0784398019313812 0.082530602812767 0.0742973163723946 0.0630761981010437 0.160515874624252 0.227027758955956 0.218241304159164 0.257252961397171 0.244823187589645 0.289374589920044 0.171240404248238 0.27974060177803 0.196198225021362 0.111358784139156 0.171594589948654 0.115361019968987 0.157279595732689 0.144107028841972 0.198109418153763 0.383468240499496 0.308351159095764 0.198686048388481 0.239492893218994
0.119218237698078 0.101410433650017 0.217695847153664 0.189748182892799 0.13759346306324 0.146892070770264 0.216306731104851 0.119019635021687 0.128618374466896 0.116969302296638 0.136963933706284 0.211444541811943 0.231828644871712 0.0940721407532692 0.195111274719238 0.275097906589508 0.345411539077759 0.293573617935181 0.195456802845001 0.252627521753311 0.156881749629974 0.159664034843445 0.129374161362648 0.121018931269646 0.156811416149139 0.190377980470657 0.17916464805603 0.12598928809166 0.248026102781296 0.21553310751915 0.193852588534355 0.200268745422363 0.157401025295258 0.153837352991104 0.214448869228363 0.149809807538986 0.163554117083549 0.0680765509605408 0.0562534034252167 0.0613275729119778 0.112494759261608 0.130716100335121 0.0891267135739326 0.100153632462025 0.168933093547821 0.190706640481949
0.101118184626102 0.0906184911727905 0.0926894024014473 0.0760196223855019 0.0785463228821754 0.0622268579900265 0.180193722248077 0.0894114002585411 0.158079966902733 0.130943715572357 0.0529274195432663 0.0854949802160263 0.168320864439011 0.283033400774002 0.249499708414078 0.270686060190201 0.209993451833725 0.277502000331879 0.211008667945862 0.134903490543365 0.182490319013596 0.113994561135769 0.183328941464424 0.177757695317268 0.166746854782104 0.124142147600651 0.158923894166946 0.122191429138184 0.190267294645309 0.209758937358856 0.214228063821793 0.221318855881691 0.224935159087181 0.200801223516464 0.157752305269241 0.116623945534229 0.143823549151421 0.106223158538342 0.080514207482338 0.078314445912838 0.121617183089256 0.0903321504592896 0.10081323236227 0.105661779642105 0.0756203904747963 0.0593712702393532
0.115086123347282 0.285445898771286 0.124098628759384 0.165439501404762 0.0810779631137848 0.100408881902695 0.165800482034683 0.238113299012184 0.248317375779152 0.0758886784315109 0.0802964568138123 0.0624369904398918 0.178616479039192 0.40914261341095 0.229066178202629 0.142092600464821 0.142574369907379 0.244302347302437 0.165022939443588 0.120787240564823 0.0693669989705086 0.108161278069019 0.242004171013832 0.10198512673378 0.139256358146667 0.183786362409592 0.170870393514633 0.188973680138588 0.1658705919981 0.212671160697937 0.179785579442978 0.107803344726562 0.101405344903469 0.067791149020195 0.0791913419961929 0.213306814432144 0.249368816614151 0.100203402340412 0.0557991415262222 0.105089440941811 0.128932312130928 0.0874694064259529 0.109144873917103 0.0797277018427849 0.0848041251301765 0.0717480480670929
0.0989146828651428 0.170197993516922 0.267417252063751 0.294850677251816 0.217199355363846 0.149642869830132 0.192023292183876 0.137189149856567 0.257709354162216 0.135220110416412 0.121829502284527 0.132465153932571 0.360613614320755 0.307473808526993 0.199543073773384 0.374141871929169 0.303086638450623 0.189770981669426 0.13618066906929 0.109113551676273 0.083305798470974 0.0864548310637474 0.104376628994942 0.204606249928474 0.203013882040977 0.260281473398209 0.198248609900475 0.207181721925735 0.203479096293449 0.227426886558533 0.17072169482708 0.0696651414036751 0.0399622917175293 0.0526495575904846 0.148388788104057 0.348032236099243 0.155267879366875 0.0856617465615273 0.155836001038551 0.0558850169181824 0.0437836013734341 0.176637277007103 0.0598489679396152 0.0608094073832035 0.0730194970965385 0.0712267085909843
0.30842188000679 0.236311390995979 0.182559221982956 0.180729225277901 0.137411251664162 0.197939351201057 0.192975953221321 0.156245395541191 0.272393643856049 0.215993344783783 0.174405738711357 0.228435680270195 0.136697009205818 0.0645974427461624 0.0931822657585144 0.222214087843895 0.246552482247353 0.275207847356796 0.252097070217133 0.185225263237953 0.184059128165245 0.220711037516594 0.175490245223045 0.193571418523788 0.212862625718117 0.214295208454132 0.195010095834732 0.122028931975365 0.124734200537205 0.164008796215057 0.134444504976273 0.182847663760185 0.0726969689130783 0.04228300973773 0.132883682847023 0.189637273550034 0.113364040851593 0.0680800154805183 0.0693830922245979 0.0580592527985573 0.0518822818994522 0.0527934618294239 0.0570344962179661 0.178174436092377 0.0546534471213818 0.0738830715417862
0.174882411956787 0.233837246894836 0.165828496217728 0.230564326047897 0.164382874965668 0.086236298084259 0.0966744497418404 0.246673241257668 0.272703975439072 0.223244071006775 0.155362367630005 0.17619401216507 0.131058841943741 0.188053503632545 0.231070771813393 0.238419964909554 0.235417917370796 0.171203881502151 0.136704087257385 0.132471993565559 0.215385407209396 0.195421189069748 0.14780829846859 0.165721401572227 0.173116222023964 0.203560620546341 0.183816730976105 0.15660634636879 0.166931867599487 0.15245546400547 0.108839459717274 0.0669806227087975 0.047331590205431 0.0496586970984936 0.0512746684253216 0.0744614899158478 0.108337804675102 0.0879750475287437 0.121631562709808 0.105275943875313 0.0980253145098686 0.125290408730507 0.0457912124693394 0.0477467142045498 0.0928666964173317 0.0604328662157059
0.209778338670731 0.159908786416054 0.181262001395226 0.130926862359047 0.101623222231865 0.112769909203053 0.106527917087078 0.213520392775536 0.26048156619072 0.254548400640488 0.133959650993347 0.0865786448121071 0.102671556174755 0.1389449685812 0.175127252936363 0.150989040732384 0.0853716805577278 0.119909919798374 0.128887474536896 0.174497589468956 0.179036498069763 0.189822733402252 0.122178263962269 0.184750437736511 0.185824200510979 0.206674888730049 0.275387823581696 0.278674006462097 0.167359992861748 0.205858185887337 0.0998223796486855 0.161295160651207 0.103728838264942 0.0969768166542053 0.0914068669080734 0.0775526836514473 0.120338052511215 0.0721657499670982 0.103046126663685 0.072641409933567 0.0600549951195717 0.0980493277311325 0.0896399170160294 0.0983209013938904 0.0567136406898499 0.0420268066227436
0.708524405956268 0.465441763401031 0.195150956511497 0.171524807810783 0.120246902108192 0.098871260881424 0.0766583904623985 0.215561792254448 0.237556830048561 0.331567704677582 0.100443169474602 0.0587846599519253 0.144893974065781 0.0643994957208633 0.199860826134682 0.20434159040451 0.200727730989456 0.2190912514925 0.122300259768963 0.133668810129166 0.192617908120155 0.132654771208763 0.198331460356712 0.226589113473892 0.208589196205139 0.202353611588478 0.160510808229446 0.171545505523682 0.217521980404854 0.159604430198669 0.150123596191406 0.0902704000473022 0.0716203078627586 0.0940930619835854 0.0531820505857468 0.0579908080399036 0.069491483271122 0.0733191519975662 0.0669464841485023 0.126162722706795 0.129633083939552 0.0731291994452477 0.0911879688501358 0.0590323954820633 0.0322717912495136 0.0427621230483055
0.481335073709488 0.521226525306702 0.444744646549225 0.160870850086212 0.133025407791138 0.132063820958138 0.0836391970515251 0.105688229203224 0.138095483183861 0.173371836543083 0.243417084217072 0.150443002581596 0.113608136773109 0.0955512002110481 0.195327863097191 0.171727538108826 0.200030237436295 0.18514458835125 0.184110254049301 0.167198687791824 0.255481719970703 0.23078927397728 0.253292202949524 0.1971615254879 0.245475575327873 0.227188125252724 0.168110430240631 0.137784048914909 0.191276475787163 0.0959092900156975 0.159183576703072 0.118307895958424 0.166719675064087 0.160772189497948 0.126080572605133 0.10263941437006 0.107952602207661 0.180062294006348 0.233044028282166 0.126354247331619 0.164333462715149 0.149886682629585 0.11187718808651 0.111181996762753 0.0927042290568352 0.0645980834960938
0.528981924057007 0.248650223016739 0.345245718955994 0.238388851284981 0.167880356311798 0.186573028564453 0.132766425609589 0.140081167221069 0.0994506478309631 0.105464547872543 0.0941983908414841 0.157444834709167 0.190714448690414 0.0798239931464195 0.0679763182997704 0.0944820716977119 0.184971332550049 0.236915305256844 0.283569395542145 0.197695523500443 0.243449777364731 0.232824951410294 0.264517784118652 0.215647742152214 0.236802011728287 0.242147609591484 0.27525195479393 0.23342764377594 0.211211040616035 0.187582120299339 0.151519641280174 0.159319937229156 0.0815043821930885 0.194730952382088 0.190599411725998 0.153463631868362 0.160164907574654 0.296611368656158 0.239633157849312 0.29604834318161 0.224097445607185 0.205627903342247 0.0872678831219673 0.134671941399574 0.118343599140644 0.0654522180557251
0.397241503000259 0.377016961574554 0.515553951263428 0.323854148387909 0.18411023914814 0.1677465736866 0.138172701001167 0.0986034423112869 0.168868973851204 0.129322469234467 0.195187464356422 0.161447793245316 0.143408954143524 0.103869520127773 0.0782547146081924 0.0991784334182739 0.229112669825554 0.327598989009857 0.328225672245026 0.179014161229134 0.214422941207886 0.184406235814095 0.259606838226318 0.226929470896721 0.254216432571411 0.298076570034027 0.218106552958488 0.236678197979927 0.126366659998894 0.0703361704945564 0.0974095612764359 0.138935223221779 0.120982341468334 0.14810699224472 0.235670566558838 0.24685737490654 0.177783504128456 0.178916290402412 0.23686920106411 0.140772804617882 0.133951604366302 0.125128328800201 0.0708775743842125 0.0842943266034126 0.0608105733990669 0.0890112519264221
0.282142460346222 0.360360234975815 0.196206048130989 0.236835718154907 0.243711963295937 0.173249915242195 0.194910377264023 0.139770641922951 0.171887010335922 0.153143629431725 0.20064751803875 0.169880047440529 0.231326729059219 0.214049816131592 0.15961267054081 0.40026330947876 0.489179760217667 0.395709812641144 0.22516180574894 0.555877923965454 0.627028286457062 0.410077631473541 0.180090442299843 0.186388522386551 0.256498694419861 0.318698167800903 0.314913064241409 0.39542630314827 0.264368027448654 0.305597692728043 0.32152184844017 0.0535935088992119 0.0651081427931786 0.0619178675115108 0.067149743437767 0.196313068270683 0.273789286613464 0.155191674828529 0.168399199843407 0.148048296570778 0.102529130876064 0.112901091575623 0.152552872896194 0.0856124833226204 0.122560039162636 0.108713768422604
