resultados/modelos/ensamblado_ausencia.asc
NCOLS 330 
NROWS 228 
XLLCORNER -12 
YLLCORNER 34 
CELLSIZE 0.166667 
NODATA_value -9999 
[rows 168 to 188 of 228, columns 47 to 93 of 330]
-9999 -9999 -9999 -9999 -9999 -9999 -9999 -9999 -9999 -9999 -9999 -9999 -9999 -9999 -9999 -9999 -9999 0.173574596643448 0.126333370804787 0.11882296204567 0.0942921712994576 0.0777093842625618 0.0776251256465912 0.0653615742921829 0.0691831633448601 0.0841708779335022 0.0950622037053108 0.0814983546733856 0.075382299721241 0.0794643983244896 0.0898827463388443 0.102033674716949 0.11260861158371 0.101084694266319 0.0774751082062721 0.0985969975590706 0.106577292084694 0.0837688446044922 0.0879083946347237 0.131268098950386 0.181990429759026 0.113260552287102 0.144266813993454 0.203832030296326 0.206220373511314 0.270417243242264 0.296435862779617
-9999 -9999 -9999 -9999 -9999 -9999 -9999 -9999 -9999 -9999 -9999 -9999 -9999 -9999 -9999 -9999 0.488592058420181 0.112144023180008 0.10356429964304 0.0664855763316154 0.0533030889928341 0.0530061908066273 0.0543516092002392 0.0590148977935314 0.0694854557514191 0.0745522007346153 0.0805583670735359 0.0820141956210136 0.082853764295578 0.0784205347299576 0.083044707775116 0.0883801728487015 0.100565746426582 0.13192692399025 0.0996339172124863 0.106916092336178 0.115665666759014 0.100044138729572 0.127650499343872 0.192816600203514 0.244733721017838 0.268358677625656 0.330881237983704 0.313740223646164 0.291121810674667 0.363557755947113 0.374333262443542
-9999 -9999 -9999 -9999 -9999 -9999 -9999 -9999 -9999 -9999 -9999 -9999 -9999 -9999 -9999 -9999 0.182428672909737 0.0727648586034775 0.0613863207399845 0.0612918101251125 0.0619437582790852 0.0683078989386559 0.0704631358385086 0.0755978301167488 0.0891342833638191 0.0754222944378853 0.0904964208602905 0.0875699818134308 0.0810535997152328 0.0878039672970772 0.0793448835611343 0.0941386818885803 0.100170947611332 0.233087822794914 0.0948345959186554 0.090704120695591 0.112807966768742 0.114976942539215 0.122591242194176 0.303642421960831 0.422620266675949 0.477011024951935 0.58079320192337 0.322379648685455 0.260612010955811 0.213176846504211 0.238849401473999
-9999 0.668077826499939 0.55231112241745 0.490798592567444 -9999 -9999 -9999 0.75945121049881 0.794204294681549 -9999 -9999 -9999 -9999 -9999 -9999 0.266279667615891 0.106659613549709 0.120131805539131 0.0742897167801857 0.0815655738115311 0.0815205872058868 0.0908709317445755 0.0851504951715469 0.0934685841202736 0.120422549545765 0.0836135745048523 0.108283065259457 0.0798796415328979 0.090365819633007 0.0832953453063965 0.0833657160401344 0.0844974219799042 0.0923241004347801 0.106274619698524 0.0909818708896637 0.100399129092693 0.10603378713131 0.247959643602371 0.335429280996323 0.451823085546494 0.376413971185684 0.344988942146301 0.373950719833374 0.213923186063766 0.221846461296082 0.166172102093697 -9999
0.587286829948425 0.583115220069885 0.531749486923218 0.649811029434204 0.587210893630981 0.625936090946198 0.648536622524261 0.620856106281281 0.498420268297195 0.515581667423248 0.480536848306656 0.546573877334595 0.387531667947769 0.273011445999146 0.256085783243179 0.218547493219376 0.217972546815872 0.135105982422829 0.158906996250153 0.133515328168869 0.149356976151466 0.141744211316109 0.213364392518997 0.115877762436867 0.0989892855286598 0.143326565623283 0.136123657226562 0.118866853415966 0.118672214448452 0.101337663829327 0.097970224916935 0.0961510762572289 0.0864140391349792 0.0860177427530289 0.0907472595572472 0.103159449994564 0.13296440243721 0.137843459844589 0.221397161483765 0.255866885185242 0.219997808337212 0.218112722039223 0.207082226872444 0.22161728143692 0.42821940779686 -9999 -9999
0.564738869667053 0.774985253810883 0.572893083095551 0.48430398106575 0.467649757862091 0.573413252830505 0.610275864601135 0.607131838798523 0.651349663734436 0.464763045310974 0.422337919473648 0.359149038791656 0.387049734592438 0.295371949672699 0.301072865724564 0.373022019863129 0.339081317186356 0.396015614271164 0.372114211320877 0.346725732088089 0.462527573108673 0.515087485313416 0.534110248088837 0.565233945846558 0.427074790000916 0.377370446920395 0.351012289524078 0.202873721718788 0.168525129556656 0.140941366553307 0.147360652685165 0.130397170782089 0.150322526693344 0.122486717998981 0.141945421695709 0.126198247075081 0.124213576316833 0.22938172519207 0.275488406419754 0.374638259410858 0.332307487726212 0.33076137304306 0.384457975625992 -9999 -9999 -9999 -9999
0.495314061641693 0.503081202507019 0.487819194793701 0.505710542201996 0.396711319684982 0.4638552069664 0.491432309150696 0.42315074801445 0.349395185709 0.402857929468155 0.292220026254654 0.37141215801239 0.326181173324585 0.293656826019287 0.134126916527748 0.225677624344826 0.380215972661972 0.321491986513138 0.448938876390457 0.370585709810257 0.553448617458344 0.747199416160583 0.78699803352356 0.712453246116638 0.756794214248657 0.546062529087067 0.642803966999054 0.524275422096252 0.507322072982788 0.523139655590057 0.540201008319855 0.456548422574997 0.326209336519241 0.529096484184265 0.357480138540268 0.492221266031265 0.410001367330551 0.357628464698792 0.353900402784348 0.37067985534668 0.409823000431061 0.371345043182373 0.418204575777054 -9999 -9999 -9999 -9999
0.450919389724731 0.463854342699051 0.480480968952179 0.564933300018311 0.589000403881073 0.491134881973267 0.478640079498291 0.289024621248245 0.267867118120193 0.341958522796631 0.278317034244537 0.369330823421478 0.356438726186752 0.347666472196579 0.132651969790459 0.185396298766136 0.151010930538177 0.325718194246292 0.460639655590057 0.549030840396881 0.633474469184875 0.499360203742981 0.36135795712471 0.526333272457123 0.365771144628525 0.441845953464508 0.521781265735626 0.535834133625031 0.771233379840851 0.670024394989014 0.425309538841248 0.593728363513947 0.760914266109467 0.66535747051239 0.744542419910431 0.659202218055725 0.499653577804565 0.559054493904114 0.623997688293457 0.477694600820541 0.319616258144379 0.305762737989426 0.357431679964066 -9999 -9999 -9999 -9999
0.407016962766647 0.366053223609924 0.371559262275696 0.481092691421509 0.449658215045929 0.222423166036606 0.239947736263275 0.325529158115387 0.49954080581665 0.420230388641357 0.338117122650146 0.225467205047607 0.17896232008934 0.104038394987583 0.0955449342727661 0.212706357240677 0.316588938236237 0.245403096079826 0.688670217990875 0.397874861955643 0.461361199617386 0.493877589702606 0.628087162971497 0.582764744758606 0.631750047206879 0.701491951942444 0.652539253234863 0.603026866912842 0.465551346540451 0.412191361188889 0.32680556178093 0.631859958171844 0.547463715076447 0.380181193351746 0.498207032680511 0.438746124505997 0.423985868692398 0.46585938334465 0.615534603595734 0.699103355407715 0.569452702999115 0.361538141965866 0.342490762472153 -9999 -9999 -9999 -9999
0.214052751660347 0.217602625489235 0.226213201880455 0.237279385328293 0.285741537809372 0.28100323677063 0.339573591947556 0.302698791027069 0.378180414438248 0.472627431154251 0.337232142686844 0.224640905857086 0.164831772446632 0.138258665800095 0.115879543125629 0.164419904351234 0.16787001490593 0.241411730647087 0.388208031654358 0.55618292093277 0.585502743721008 0.625533103942871 0.587430953979492 0.574405431747437 0.612714886665344 0.525896489620209 0.707771122455597 0.538321495056152 0.430256485939026 0.456636935472488 0.568637251853943 0.56602931022644 0.526960968971252 0.683077037334442 0.712520480155945 0.670125305652618 0.365700870752335 0.539014875888824 0.579732298851013 0.61207240819931 0.482969105243683 0.622597694396973 0.517635822296143 0.473767310380936 -9999 -9999 -9999
0.217783287167549 0.205217748880386 0.219223663210869 0.263322383165359 0.423116266727448 0.521108567714691 0.57017570734024 0.567401885986328 0.554263889789581 0.411609828472137 0.389427453279495 0.408186167478561 0.394553899765015 0.290573537349701 0.16866934299469 0.179084479808807 0.183014631271362 0.142087981104851 0.246894165873528 0.372325927019119 0.37868544459343 0.566305577754974 0.679743409156799 0.690429747104645 0.647957444190979 0.49386277794838 0.604747653007507 0.393666982650757 0.360619217157364 0.419316411018372 0.603465616703033 0.671956777572632 0.694484889507294 0.719504237174988 0.638674139976501 0.64734548330307 0.69345635175705 0.581186830997467 0.549786508083344 0.478760302066803 0.493811160326004 0.430441230535507 0.182803213596344 0.378848165273666 -9999 -9999 -9999
0.200626492500305 0.186667665839195 0.242054104804993 0.352218359708786 0.344095587730408 0.350634157657623 0.507169306278229 0.548471927642822 0.462724804878235 0.452361583709717 0.328308582305908 0.345710247755051 0.418260008096695 0.371741682291031 0.243447750806808 0.2018101811409 0.262451440095901 0.178156733512878 0.218558073043823 0.244042694568634 0.231006488204002 0.233942717313766 0.235557615756989 0.234661146998405 0.240351155400276 0.321776956319809 0.406161099672318 0.302507787942886 0.316072374582291 0.462282091379166 0.507903695106506 0.465564012527466 0.665846884250641 0.720915555953979 0.718842923641205 0.681691706180573 0.48290878534317 0.47397455573082 0.453867971897125 0.476608037948608 0.409097820520401 0.299572497606277 0.17965205013752 0.239306375384331 -9999 -9999 -9999
0.190732717514038 0.182758703827858 0.215110391378403 0.282230854034424 0.38334909081459 0.304407745599747 0.334025472402573 0.539033889770508 0.640267610549927 0.364662200212479 0.263810634613037 0.245259538292885 0.34149095416069 0.30973556637764 0.28315743803978 0.2857925593853 0.159178048372269 0.143225938081741 0.273271471261978 0.228046894073486 0.17677353322506 0.254289954900742 0.213921681046486 0.224125862121582 0.165869101881981 0.169391334056854 0.113908931612968 0.157882377505302 0.321182489395142 0.264018177986145 0.432231843471527 0.133308947086334 0.172601625323296 0.308112472295761 0.293768972158432 0.355284988880157 0.32348045706749 0.438253849744797 0.305300682783127 0.673812747001648 0.554182529449463 0.171610563993454 0.289375185966492 0.407732397317886 -9999 -9999 -9999
0.190311014652252 0.305097371339798 0.314266562461853 0.302527815103531 0.299987077713013 0.314148187637329 0.300378113985062 0.297074943780899 0.264501929283142 0.234946131706238 0.202769324183464 0.212359815835953 0.229911983013153 0.38388666510582 0.631393373012543 0.435568481683731 0.272972583770752 0.164895206689835 0.174837052822113 0.183699637651443 0.200800120830536 0.299716502428055 0.32390171289444 0.245436698198318 0.153958216309547 0.133973658084869 0.0792175009846687 0.0599396713078022 0.0568237639963627 0.055073257535696 0.0706737414002419 0.0827288329601288 0.116172835230827 0.171143054962158 0.283902019262314 0.342834919691086 0.327902495861053 0.525858998298645 0.518424689769745 0.693292558193207 0.389019936323166 0.292599558830261 0.779206931591034 -9999 -9999 -9999 -9999
0.225864246487617 0.290629804134369 0.362121105194092 0.42621111869812 0.36580964922905 0.297819405794144 0.288285285234451 0.252494513988495 0.249697312712669 0.202999979257584 0.193685531616211 0.176820799708366 0.270792335271835 0.355272203683853 0.471068739891052 0.427851468324661 0.353310734033585 0.235254123806953 0.29484549164772 0.322855085134506 0.205144822597504 0.198078766465187 0.299992173910141 0.278042137622833 0.186619609594345 0.152463674545288 0.110589295625687 0.0814710408449173 0.0644946321845055 0.0636301562190056 0.107880003750324 0.184571906924248 0.21549066901207 0.205290347337723 0.340619176626205 0.464419603347778 0.504773557186127 0.465769022703171 0.269404470920563 0.564772427082062 -9999 -9999 -9999 -9999 -9999 -9999 -9999
0.179497703909874 0.314187347888947 0.355403989553452 0.275294542312622 0.246960535645485 0.329901069402695 0.413500815629959 0.372172206640244 0.301985442638397 0.243093639612198 0.195087686181068 0.279635667800903 0.281363934278488 0.318567723035812 0.455507427453995 0.510654985904694 0.523363411426544 0.410326063632965 0.397612035274506 0.331886172294617 0.289505392313004 0.191513910889626 0.235590562224388 0.267890214920044 0.158808901906013 0.228790327906609 0.222084477543831 0.15507285296917 0.150555074214935 0.235068589448929 0.349012583494186 0.490739703178406 0.472677499055862 0.543246030807495 0.542610704898834 0.383724093437195 0.49766206741333 0.492645680904388 -9999 -9999 -9999 -9999 -9999 -9999 -9999 -9999 -9999
0.261151045560837 0.296485841274261 0.322166472673416 0.351306557655334 0.540042757987976 0.440810948610306 0.4807049036026 0.33874174952507 0.312790960073471 0.246004715561867 0.287492632865906 0.269038438796997 0.305604934692383 0.396927565336227 0.477316111326218 0.48552218079567 0.449539244174957 0.526571094989777 0.551202356815338 0.443599700927734 0.443299978971481 0.262702643871307 0.246249824762344 0.230495527386665 0.206149831414223 0.303072333335876 0.250016629695892 0.383811593055725 0.273748397827148 0.446488857269287 0.617410957813263 0.720325529575348 0.512199938297272 0.535231292247772 0.686069130897522 0.730502188205719 -9999 -9999 -9999 -9999 -9999 -9999 -9999 -9999 -9999 -9999 -9999
0.25300207734108 0.484218120574951 0.519047319889069 0.478453457355499 0.521987736225128 0.587815344333649 0.50856751203537 0.368419885635376 0.303339153528214 0.267180740833282 0.294286489486694 0.340140968561172 0.370600789785385 0.443203508853912 0.448369264602661 0.389501184225082 0.561608493328094 0.461029052734375 0.663017153739929 0.608360707759857 0.544261872768402 0.51044100522995 0.38460710644722 0.306134790182114 0.319503456354141 0.373829483985901 0.354636073112488 0.376454323530197 0.2806077003479 0.44334664940834 0.634621977806091 0.741138219833374 -9999 -9999 -9999 -9999 -9999 -9999 -9999 -9999 -9999 -9999 -9999 -9999 -9999 -9999 -9999
0.382249653339386 0.611335039138794 0.494988173246384 0.396631747484207 0.507659077644348 0.323762506246567 0.300589829683304 0.251734912395477 0.258960634469986 0.290174275636673 0.299640655517578 0.337993681430817 0.319947004318237 0.343349128961563 0.375517338514328 0.413659930229187 0.5186607837677 0.587945997714996 0.552241504192352 0.651274740695953 0.686801731586456 0.634279131889343 0.544061243534088 0.448626846075058 0.466643571853638 0.36029514670372 0.454700708389282 0.556090116500854 0.417915940284729 0.526218175888062 -9999 -9999 -9999 -9999 -9999 -9999 -9999 -9999 -9999 -9999 -9999 -9999 -9999 -9999 -9999 -9999 -9999
0.568206250667572 0.700964570045471 0.314612120389938 0.203716948628426 0.221617594361305 0.222956299781799 0.249065935611725 0.212358191609383 0.279100060462952 0.361275970935822 0.333570927381516 0.37072491645813 0.379301965236664 0.388298571109772 0.412588059902191 0.41878542304039 0.506315648555756 0.640973269939423 0.50651878118515 0.611337304115295 0.651615977287292 0.655646145343781 0.667877674102783 0.555786609649658 0.570843279361725 0.663620710372925 0.750734090805054 0.575070083141327 0.271728366613388 0.266638815402985 -9999 -9999 -9999 -9999 -9999 -9999 -9999 -9999 -9999 -9999 -9999 -9999 -9999 -9999 -9999 -9999 -9999
0.274345397949219 0.334446609020233 0.134581178426743 0.157399073243141 0.147207632660866 0.215295478701591 0.274351537227631 0.252977967262268 0.428148359060287 0.329582631587982 0.31296968460083 0.372635155916214 0.412608593702316 0.401565283536911 0.445528537034988 0.455901801586151 0.6125328540802 0.58125364780426 0.557536661624908 0.678203344345093 0.553620278835297 0.630110561847687 0.662314116954803 0.580693364143372 0.527508139610291 0.661082804203033 0.535546660423279 0.361617773771286 -9999 -9999 -9999 -9999 -9999 -9999 -9999 -9999 -9999 -9999 -9999 -9999 -9999 -9999 -9999 -9999 -9999 -9999 -9999
