resultados/modelos/ensamblado_pseudoausencia.asc
NCOLS 330 
NROWS 228 
XLLCORNER -12 
YLLCORNER 34 
CELLSIZE 0.166667 
NODATA_value -9999 
[rows 63 to 83 of 228, columns 138 to 183 of 330]
0.899796724319458 0.889115989208221 0.922800123691559 0.869677126407623 0.786393821239471 0.768067896366119 0.850989043712616 0.824905753135681 0.753812789916992 0.870235621929169 0.841550409793854 0.818937718868256 0.571088314056396 0.590980648994446 0.63837468624115 0.679380118846893 0.803367912769318 0.805855810642242 0.758946061134338 0.714917480945587 0.687889754772186 0.568299114704132 0.539590418338776 0.630456745624542 0.36575049161911 0.408293604850769 0.34775498509407 0.346863448619843 0.35595241189003 0.331499665975571 0.345138102769852 0.434974551200867 0.606826364994049 0.394309967756271 0.293133050203323 0.289086610078812 0.313999950885773 -9999 -9999 -9999 -9999 -9999 -9999 -9999 -9999 -9999
0.652507662773132 0.918176829814911 0.792944729328156 0.826756596565247 0.859385132789612 0.806642591953278 0.856466591358185 0.846184313297272 0.764573812484741 0.798505485057831 0.821114718914032 0.856739342212677 0.864959120750427 0.638109147548676 0.566571176052094 0.513142764568329 0.693498015403748 0.705105841159821 0.671825110912323 0.663955569267273 0.650933384895325 0.647401988506317 0.577952444553375 0.526240468025208 0.424449145793915 0.430749326944351 0.374633371829987 0.431420832872391 0.409721404314041 0.54411381483078 0.45147904753685 0.433750808238983 0.405433237552643 0.49293452501297 0.597141146659851 -9999 0.424334585666656 -9999 -9999 -9999 -9999 -9999 -9999 -9999 -9999 -9999
0.740200877189636 0.892079532146454 0.806222677230835 0.786183416843414 0.791983008384705 0.771928489208221 0.688369572162628 0.77478289604187 0.785531401634216 0.746191024780273 0.701268792152405 0.772462725639343 0.823841214179993 0.829243659973145 0.520515561103821 0.583381831645966 0.608703434467316 0.42575877904892 0.61368602514267 0.6003537774086 0.38282573223114 -9999 0.352541536092758 0.386658430099487 0.456187963485718 0.440419226884842 0.427802532911301 0.480848044157028 0.572815537452698 0.400195419788361 0.371880054473877 0.300953507423401 0.304402709007263 0.323257952928543 0.333135455846786 0.343065083026886 0.255041748285294 -9999 -9999 -9999 -9999 -9999 -9999 -9999 -9999 -9999
0.896950006484985 0.887162327766418 0.817785441875458 0.779078602790833 0.63971471786499 0.760361015796661 0.707266867160797 0.772401213645935 0.753917098045349 0.805054783821106 0.764889240264893 0.716226637363434 0.752790451049805 0.708833694458008 0.729166865348816 0.572749435901642 0.456189602613449 0.52974545955658 0.591596484184265 0.559436678886414 0.460579037666321 0.657365500926971 -9999 0.518559753894806 0.507411062717438 0.386243909597397 0.549386978149414 0.35795384645462 0.451732844114304 0.403062224388123 0.406047761440277 0.27380308508873 0.289645820856094 0.369843423366547 0.315469592809677 0.338121861219406 0.311579614877701 -9999 -9999 -9999 -9999 -9999 -9999 -9999 -9999 -9999
0.554101705551147 0.707859337329865 0.499497354030609 0.703342914581299 0.819939970970154 0.772217750549316 0.685537159442902 0.646648526191711 0.739249885082245 0.767581701278687 0.782252371311188 0.802041828632355 0.73733377456665 0.598579883575439 0.453612893819809 0.518263578414917 0.581320226192474 0.585757911205292 0.406825453042984 0.50557941198349 0.537938177585602 0.476842135190964 0.532495856285095 0.579339504241943 0.565180540084839 0.340191870927811 0.467953264713287 0.52692848443985 0.374022960662842 0.418738335371017 0.387163668870926 0.331434220075607 0.297636210918427 0.27715340256691 0.237318083643913 0.396021395921707 0.313556492328644 0.455987840890884 -9999 -9999 -9999 -9999 -9999 -9999 -9999 -9999
0.906947791576385 0.792174696922302 0.483657836914062 0.716342866420746 0.761081755161285 0.73817366361618 0.781706869602203 0.550269246101379 0.635129749774933 0.761181771755219 0.713529765605927 0.640132367610931 0.578926920890808 0.527908146381378 0.528008282184601 0.490550369024277 0.446758985519409 0.467380881309509 0.408676266670227 0.435356676578522 0.412328541278839 0.42727792263031 0.398233234882355 0.357060045003891 0.392023742198944 0.323390662670135 0.348670721054077 0.566436767578125 0.545652151107788 0.319927364587784 0.33860245347023 0.372521251440048 0.313111394643784 0.418958216905594 0.53419041633606 0.426318287849426 0.284513801336288 0.275184124708176 0.507804095745087 0.408868610858917 -9999 0.55058217048645 -9999 -9999 -9999 -9999
0.78458958864212 0.769831895828247 0.585993349552155 0.748712956905365 0.687304317951202 0.62190979719162 0.787487626075745 0.659281313419342 0.581259429454803 0.705058753490448 0.642650663852692 0.520142316818237 0.493899166584015 0.53893381357193 0.518517315387726 0.460067242383957 0.444678336381912 0.537012815475464 0.439539849758148 0.421517223119736 0.394268006086349 0.351406216621399 0.322965919971466 0.339704275131226 0.400010854005814 0.32834804058075 0.553004026412964 0.54304426908493 0.418160170316696 0.400676310062408 0.431418091058731 0.348279029130936 0.274282991886139 0.423594295978546 0.292711168527603 0.243477806448936 0.452847242355347 0.60593968629837 0.469235777854919 0.342921882867813 0.34902748465538 0.350603133440018 0.506835579872131 -9999 -9999 -9999
0.640364170074463 0.494204998016357 0.535766005516052 0.702796339988708 0.690221726894379 0.70391434431076 0.699474096298218 0.542433559894562 0.580531656742096 0.590879023075104 0.627440273761749 0.655544102191925 0.530674338340759 0.544722855091095 0.540735721588135 0.466804385185242 0.533052206039429 0.615766048431396 0.42606109380722 0.441733121871948 0.517541766166687 0.371567010879517 0.314294636249542 0.41252475976944 0.53863787651062 0.356908321380615 0.283294647932053 0.283675521612167 0.328176081180573 0.351669609546661 0.425445646047592 0.431955575942993 0.374385058879852 0.387345045804977 0.499995648860931 0.483227252960205 0.406876981258392 0.360644996166229 0.476949155330658 0.335633873939514 0.39976754784584 0.454848110675812 0.337988018989563 0.469208657741547 -9999 -9999
0.617987871170044 0.531166613101959 0.620280921459198 0.475463151931763 0.438159644603729 0.479276597499847 0.537970066070557 0.494387805461884 0.630614221096039 0.553785979747772 0.509722292423248 0.540127277374268 0.624077379703522 0.490116745233536 0.598454236984253 0.486836165189743 0.469131231307983 0.528385281562805 0.446553617715836 0.469872385263443 0.38704714179039 0.365786492824554 0.308720231056213 0.417548447847366 0.455153286457062 0.467138677835464 0.365255028009415 0.398799329996109 0.271997064352036 0.314196586608887 0.259191602468491 0.363813161849976 0.33663147687912 0.302428513765335 0.292553097009659 0.291128665208817 0.335174798965454 0.448854804039001 0.394464075565338 0.579218685626984 0.39211767911911 0.387605279684067 0.409484535455704 0.430342465639114 0.443598449230194 -9999
0.840682804584503 0.752468764781952 0.71992027759552 0.716272592544556 0.670236110687256 0.691844761371613 0.636118829250336 0.668756902217865 0.623377561569214 0.695895850658417 0.685917019844055 -9999 0.741440236568451 0.698803305625916 0.685367345809937 0.647130131721497 0.678553462028503 0.600684642791748 0.617398381233215 0.615104615688324 0.585015058517456 0.492018133401871 0.461292862892151 0.573182940483093 0.550991117954254 0.508546054363251 0.463929653167725 0.468428403139114 0.460221320390701 0.483457535505295 0.454563736915588 0.444161653518677 0.482214897871017 0.497111827135086 0.474045693874359 0.52004486322403 0.4894799888134 0.516451835632324 0.558046102523804 0.538926243782043 0.6586834192276 0.580708265304565 0.538899481296539 0.601744592189789 0.562361538410187 0.667734622955322
0.68707686662674 0.753773987293243 0.67553323507309 0.676673233509064 0.732930719852448 0.669063627719879 0.712871491909027 0.756850481033325 0.778710007667542 0.738410830497742 0.721737623214722 0.743603050708771 0.793511271476746 0.750880300998688 0.709664881229401 0.66108238697052 0.620158553123474 0.654702425003052 0.632341206073761 0.688250958919525 0.625858068466187 0.631174862384796 0.407854378223419 0.511389434337616 0.559424996376038 0.452109009027481 0.483989208936691 0.44113427400589 0.477253913879395 0.406993746757507 0.393046438694 0.422361344099045 0.454119235277176 0.501121044158936 0.491144597530365 0.547104179859161 0.538294672966003 0.628562748432159 0.596901535987854 0.706284463405609 0.657467126846313 0.558576703071594 0.559081554412842 0.625664949417114 0.590839564800262 0.645497500896454
0.706194818019867 0.751388967037201 0.670554578304291 0.704620718955994 0.616569340229034 0.641846537590027 0.727959752082825 0.673021674156189 0.805813372135162 0.785842716693878 0.71500688791275 0.742012739181519 0.662586808204651 0.716308295726776 0.724163413047791 0.646519660949707 0.708514869213104 0.611312866210938 0.527300536632538 0.673642635345459 0.496236860752106 0.614876210689545 -9999 0.55915766954422 0.562422096729279 0.480621874332428 0.353800535202026 0.444652050733566 0.449736893177032 0.421128213405609 0.413347870111465 0.491290718317032 0.458538234233856 -9999 0.481504946947098 0.53227287530899 0.528314769268036 0.432241082191467 0.601992249488831 0.639475345611572 0.713714122772217 0.668873071670532 0.634398579597473 0.647626459598541 0.587629437446594 0.633096575737
0.7565957903862 0.747949182987213 0.702053904533386 0.667540967464447 0.627334117889404 0.781081438064575 0.65548849105835 0.722788155078888 0.679263889789581 0.713226735591888 0.714343845844269 0.700372159481049 0.691446304321289 0.68348103761673 0.73611319065094 0.759235262870789 0.618758320808411 0.611072361469269 0.620741844177246 0.631611108779907 -9999 0.553422093391418 0.499656468629837 0.522569358348846 0.544328570365906 0.439099788665771 0.487188339233398 0.399557113647461 0.411724925041199 0.431713998317719 0.491836965084076 0.509709715843201 0.54647171497345 0.52090847492218 0.548650920391083 0.628975093364716 0.704438090324402 0.690545797348022 -9999 0.785891830921173 0.72298401594162 0.747032165527344 0.781577348709106 -9999 -9999 -9999
0.840054631233215 0.754527032375336 0.617855429649353 0.676743626594543 0.710061848163605 0.792188048362732 0.774631917476654 0.815504491329193 0.745713949203491 0.73780369758606 0.721387624740601 0.622470796108246 0.700935542583466 -9999 -9999 -9999 -9999 -9999 0.665793776512146 0.559021413326263 0.611020743846893 0.608332097530365 0.518046200275421 0.670933663845062 0.487238854169846 0.516293108463287 0.357478588819504 -9999 0.533874332904816 -9999 -9999 0.533076584339142 0.530271053314209 0.501338124275208 0.514037191867828 0.538865923881531 0.535158157348633 0.628012120723724 0.69303685426712 0.767661929130554 0.848726332187653 0.844597578048706 0.810352623462677 0.796788275241852 -9999 -9999
-9999 0.721653342247009 0.813696920871735 0.727118611335754 0.766935586929321 0.776576995849609 0.627140641212463 0.77151483297348 0.688272953033447 0.665078222751617 0.699876725673676 0.709789216518402 0.582313477993011 -9999 -9999 -9999 -9999 -9999 0.680950045585632 0.61596953868866 0.524990737438202 0.602128386497498 0.506484031677246 0.550791621208191 0.59646600484848 0.523643255233765 0.504627645015717 0.544554054737091 0.536620259284973 0.516889929771423 0.537426710128784 0.442751109600067 0.508498728275299 0.53949511051178 0.586329579353333 0.675763666629791 0.63601952791214 0.677680015563965 0.679097771644592 0.673660159111023 -9999 0.582808077335358 0.704852223396301 -9999 0.616755485534668 -9999
-9999 0.653536438941956 0.689969897270203 0.72466766834259 0.693823754787445 0.719862163066864 0.692647337913513 0.804035127162933 0.789648830890656 0.689810037612915 -9999 -9999 -9999 0.696829259395599 -9999 -9999 -9999 -9999 0.62157416343689 -9999 0.624488592147827 0.540511667728424 0.501630783081055 0.563575983047485 0.509177803993225 0.479745984077454 0.412739008665085 0.427783370018005 0.457871735095978 0.625557899475098 0.483479768037796 0.51434051990509 0.518337905406952 0.620533347129822 0.646414220333099 0.610105693340302 0.581523835659027 0.626540422439575 0.606757044792175 0.634937286376953 -9999 0.620767414569855 -9999 -9999 -9999 -9999
-9999 0.614619255065918 0.698503375053406 0.728979766368866 0.678298950195312 0.682355642318726 0.692064881324768 0.718795478343964 0.769849717617035 -9999 -9999 -9999 -9999 -9999 -9999 -9999 -9999 0.645326733589172 0.535291075706482 0.511823356151581 0.698494493961334 0.616983950138092 0.671899139881134 -9999 0.497110694646835 0.460516542196274 0.545042335987091 0.453550070524216 0.474167823791504 0.510636627674103 0.399685621261597 0.488491266965866 0.539887428283691 0.565767467021942 0.58487856388092 0.548102617263794 -9999 0.653023719787598 -9999 -9999 -9999 -9999 -9999 -9999 -9999 -9999
-9999 -9999 0.627090096473694 0.739104807376862 0.685038387775421 0.667932033538818 0.723738431930542 0.712374210357666 0.387946575880051 -9999 -9999 -9999 0.59511411190033 -9999 0.676636397838593 0.549052298069 0.612779974937439 0.426010996103287 0.484927207231522 0.670344948768616 0.632125318050385 -9999 -9999 0.676962554454803 0.64435213804245 0.552841424942017 0.46652963757515 0.540813446044922 0.599141478538513 0.648240566253662 0.691875278949738 0.646586716175079 0.400898486375809 0.513424754142761 -9999 -9999 -9999 -9999 -9999 -9999 -9999 -9999 -9999 -9999 -9999 -9999
-9999 0.677309632301331 -9999 -9999 0.704423606395721 0.721937358379364 0.622909486293793 0.622439384460449 -9999 0.73319011926651 0.443425983190536 0.517945528030396 0.332706958055496 0.493057906627655 0.606858670711517 0.715165317058563 0.78479665517807 0.610635757446289 0.519223868846893 0.669850707054138 -9999 -9999 0.538747072219849 0.284696966409683 0.423258244991302 0.377158880233765 0.411892712116241 0.537977397441864 0.510712206363678 0.470816224813461 0.546445667743683 0.551741182804108 0.586790323257446 0.542746007442474 -9999 -9999 -9999 -9999 -9999 -9999 -9999 -9999 -9999 -9999 -9999 -9999
-9999 -9999 -9999 -9999 -9999 0.765527606010437 0.669508159160614 0.666377305984497 0.605637907981873 0.46356013417244 0.418926060199738 0.392074823379517 0.308176338672638 0.525743305683136 0.657859742641449 0.7160484790802 0.643900215625763 0.511609613895416 0.5458984375 0.665100693702698 -9999 -9999 0.552331626415253 0.541240274906158 0.547865271568298 0.489734381437302 0.556751608848572 0.577111899852753 0.58268541097641 0.583261787891388 0.575328886508942 0.653441071510315 -9999 0.495588541030884 -9999 -9999 -9999 -9999 -9999 -9999 -9999 -9999 -9999 -9999 -9999 -9999
-9999 -9999 -9999 -9999 -9999 0.691821217536926 0.683143317699432 0.5768923163414 0.671018481254578 0.556650102138519 0.429037660360336 0.505981087684631 0.509947955608368 0.469667702913284 0.418159484863281 0.513953745365143 0.574056208133698 0.660790503025055 0.557052910327911 -9999 -9999 0.72186416387558 0.531257033348083 0.528586447238922 0.624921679496765 0.610319852828979 0.492161214351654 0.600383698940277 0.702489137649536 0.589426696300507 0.489506959915161 0.580211102962494 0.709906399250031 0.528790175914764 -9999 -9999 -9999 -9999 -9999 -9999 -9999 -9999 -9999 -9999 -9999 -9999
