resultados/modelos/ensamblado_ausencia.asc
NCOLS 330 
NROWS 228 
XLLCORNER -12 
YLLCORNER 34 
CELLSIZE 0.166667 
NODATA_value -9999 
[rows 0 to 20 of 228, columns 188 to 234 of 330]
-9999 -9999 -9999 -9999 -9999 -9999 -9999 -9999 -9999 -9999 -9999 -9999 -9999 -9999 -9999 -9999 -9999 -9999 -9999 -9999 -9999 -9999 -9999 -9999 -9999 -9999 -9999 -9999 -9999 -9999 -9999 -9999 -9999 -9999 -9999 -9999 -9999 -9999 -9999 -9999 -9999 -9999 -9999 -9999 -9999 -9999 -9999
-9999 -9999 -9999 -9999 -9999 -9999 -9999 -9999 -9999 -9999 -9999 -9999 -9999 -9999 -9999 -9999 -9999 -9999 -9999 -9999 -9999 -9999 -9999 -9999 -9999 -9999 -9999 -9999 -9999 -9999 -9999 -9999 -9999 -9999 -9999 -9999 -9999 -9999 -9999 -9999 -9999 -9999 -9999 -9999 -9999 -9999 -9999
-9999 -9999 -9999 -9999 -9999 -9999 -9999 -9999 -9999 -9999 -9999 -9999 -9999 -9999 -9999 -9999 -9999 -9999 -9999 -9999 -9999 -9999 -9999 -9999 -9999 -9999 -9999 -9999 -9999 -9999 -9999 -9999 -9999 -9999 -9999 -9999 -9999 -9999 -9999 -9999 -9999 -9999 -9999 -9999 -9999 -9999 -9999
-9999 -9999 -9999 -9999 -9999 -9999 -9999 -9999 -9999 -9999 -9999 -9999 -9999 -9999 -9999 -9999 -9999 -9999 -9999 -9999 -9999 -9999 -9999 -9999 -9999 -9999 -9999 -9999 -9999 -9999 -9999 -9999 -9999 -9999 -9999 -9999 -9999 -9999 -9999 -9999 -9999 -9999 -9999 -9999 -9999 -9999 -9999
-9999 -9999 -9999 -9999 -9999 -9999 -9999 -9999 -9999 -9999 -9999 -9999 -9999 -9999 -9999 -9999 -9999 -9999 -9999 -9999 -9999 -9999 -9999 -9999 -9999 -9999 -9999 -9999 -9999 -9999 -9999 -9999 -9999 -9999 -9999 -9999 -9999 -9999 -9999 -9999 -9999 -9999 -9999 -9999 -9999 -9999 -9999
-9999 -9999 -9999 -9999 -9999 -9999 -9999 -9999 -9999 -9999 -9999 -9999 -9999 -9999 -9999 -9999 -9999 -9999 -9999 -9999 -9999 -9999 -9999 -9999 -9999 -9999 -9999 -9999 -9999 -9999 -9999 -9999 0.272473961114883 -9999 -9999 -9999 -9999 0.393946498632431 0.395639091730118 -9999 -9999 -9999 -9999 -9999 -9999 -9999 -9999
-9999 -9999 -9999 -9999 -9999 -9999 -9999 -9999 -9999 -9999 -9999 -9999 -9999 -9999 -9999 -9999 -9999 -9999 -9999 -9999 -9999 -9999 -9999 -9999 -9999 -9999 -9999 -9999 -9999 -9999 -9999 -9999 0.253571063280106 -9999 0.315002411603928 -9999 0.344829767942429 -9999 -9999 -9999 -9999 -9999 -9999 0.573371529579163 -9999 -9999 -9999
-9999 -9999 -9999 -9999 -9999 -9999 -9999 -9999 -9999 -9999 -9999 -9999 -9999 -9999 -9999 -9999 -9999 -9999 -9999 -9999 -9999 -9999 -9999 0.287690728902817 -9999 -9999 -9999 -9999 -9999 -9999 -9999 0.209117457270622 0.142649710178375 0.125672712922096 0.121389575302601 0.277125597000122 0.334122359752655 0.333640247583389 -9999 -9999 -9999 0.419258892536163 0.419849395751953 -9999 -9999 -9999 -9999
-9999 -9999 -9999 -9999 -9999 -9999 -9999 -9999 -9999 -9999 -9999 -9999 -9999 -9999 -9999 -9999 -9999 -9999 0.391247272491455 0.475241273641586 0.401427000761032 0.331244647502899 -9999 -9999 -9999 -9999 0.17866462469101 0.122565649449825 -9999 0.195039689540863 0.0983544141054153 0.216535404324532 0.223302856087685 0.229125320911407 0.265461415052414 -9999 -9999 -9999 -9999 -9999 0.473030567169189 0.496564149856567 0.481233298778534 -9999 -9999 -9999 0.74278324842453
-9999 -9999 -9999 -9999 -9999 -9999 -9999 -9999 -9999 -9999 -9999 -9999 -9999 -9999 -9999 -9999 -9999 -9999 -9999 -9999 -9999 -9999 0.221846863627434 -9999 0.228061228990555 -9999 0.209964439272881 0.132067382335663 0.106364734470844 0.170496985316277 0.158163577318192 0.138687431812286 0.167512774467468 0.198289021849632 -9999 -9999 -9999 -9999 0.342374205589294 0.314864873886108 0.323967665433884 0.288176000118256 0.489989221096039 -9999 -9999 0.58906090259552 0.634979128837585
-9999 0.797904372215271 -9999 -9999 -9999 -9999 -9999 -9999 -9999 -9999 -9999 -9999 -9999 -9999 -9999 0.492183238267899 -9999 -9999 -9999 -9999 -9999 -9999 -9999 -9999 -9999 0.20343816280365 0.0758716911077499 0.0920029431581497 0.122169874608517 0.138867050409317 0.102476455271244 0.10945850610733 0.150352507829666 0.241584181785583 -9999 -9999 -9999 0.272638827562332 0.193104594945908 0.223111048340797 0.250647068023682 0.308667689561844 0.312621146440506 0.338085412979126 0.419052243232727 0.453799068927765 0.515942752361298
-9999 -9999 0.792884469032288 0.809276878833771 -9999 -9999 0.716189563274384 0.673937678337097 0.750392436981201 -9999 -9999 -9999 -9999 -9999 0.528425455093384 -9999 0.417156428098679 0.417392075061798 0.445040047168732 -9999 -9999 0.406386077404022 -9999 0.216376662254333 0.239097133278847 0.20027881860733 0.0835275128483772 0.0876164957880974 0.127823173999786 0.128234684467316 0.126649290323257 0.0974781066179276 0.134601786732674 -9999 -9999 0.219114288687706 0.0688610449433327 0.0829501450061798 0.148844674229622 0.131172090768814 0.149694800376892 0.204365357756615 0.186487108469009 0.284958213567734 0.378815084695816 0.389090567827225 0.433294236660004
0.865164935588837 0.79516327381134 0.759196519851685 -9999 -9999 0.740177869796753 -9999 -9999 -9999 -9999 -9999 -9999 0.590943455696106 -9999 -9999 -9999 0.508254587650299 0.215010076761246 0.126742973923683 0.10444625467062 0.15442019701004 0.236106783151627 0.285176247358322 0.237476781010628 0.240592688322067 0.175425842404366 0.119539313018322 0.116115294396877 0.124748788774014 0.164981752634048 0.0613022521138191 0.0744660422205925 0.0788764804601669 0.25343531370163 0.198840275406837 0.252308577299118 0.154870361089706 0.202978163957596 0.128955498337746 0.120225824415684 0.152175664901733 0.229255110025406 0.404359519481659 0.429016649723053 0.527069747447968 0.510371744632721 0.555131375789642
0.793078064918518 0.796482264995575 -9999 -9999 0.674756586551666 0.795867919921875 -9999 0.723954439163208 0.709285199642181 0.648794651031494 0.690258145332336 0.650567948818207 0.327923834323883 0.312663316726685 0.340204507112503 0.563873946666718 -9999 0.291845738887787 0.159084066748619 0.10040769726038 0.135884612798691 0.155543312430382 0.183444440364838 0.212912112474442 0.155430972576141 0.148752018809319 0.162359192967415 0.0945362746715546 0.0921428799629211 0.0923452600836754 0.100918218493462 0.098008506000042 0.115312442183495 0.166318446397781 0.213424429297447 0.206245124340057 0.186606138944626 0.177478462457657 0.211944237351418 0.241961374878883 0.216383948922157 0.25006228685379 0.236206069588661 0.254998385906219 0.283824026584625 0.450663924217224 0.444159924983978
0.760898351669312 0.842693567276001 -9999 0.774138748645782 -9999 -9999 -9999 0.7710862159729 0.586138308048248 0.300482094287872 0.392314076423645 0.703882217407227 0.374027252197266 0.112786836922169 0.167937889695168 0.0850214883685112 0.0874693915247917 0.108410894870758 0.169581905007362 0.113539315760136 0.0991780161857605 0.0958898216485977 0.0997358933091164 0.141183704137802 0.124704889953136 0.123194582760334 0.14400689303875 0.0756599009037018 0.0765410885214806 0.0830014646053314 0.0832241028547287 0.0712230429053307 0.0716625675559044 0.10440494120121 0.128997892141342 0.129677772521973 0.166003912687302 0.178705364465714 0.216487601399422 0.253419607877731 0.165907055139542 0.157300546765327 0.154142633080482 0.267616719007492 0.33956778049469 0.400730431079865 0.480866134166718
0.71771514415741 -9999 0.726703822612762 0.701902031898499 0.792316257953644 -9999 0.515451312065125 0.59745055437088 0.323078483343124 0.509219884872437 0.234164908528328 0.306294113397598 0.493838012218475 0.438904702663422 0.388871252536774 0.224520772695541 0.10599722713232 0.0812660679221153 0.169493824243546 0.270048290491104 0.203392282128334 0.113567270338535 0.134157001972198 0.179253965616226 0.141687780618668 0.137260511517525 0.110418640077114 0.0927474573254585 0.0902142897248268 0.10126119852066 0.0913270711898804 0.0924846529960632 0.0874787792563438 0.135271415114403 0.180263936519623 0.167490348219872 0.124844707548618 0.138602510094643 0.175028085708618 0.208932712674141 0.183236226439476 0.210506781935692 0.204689100384712 0.232451990246773 0.278244644403458 0.316691011190414 0.377388328313828
-9999 0.792144000530243 0.719633042812347 -9999 0.685904562473297 0.506931126117706 0.684536755084991 0.591170787811279 0.345115154981613 0.215376570820808 0.187348917126656 0.249763265252113 0.161981672048569 0.161648899316788 0.168514966964722 0.243339851498604 0.278274953365326 0.272440284490585 0.221877560019493 0.242569968104362 0.207913994789124 0.164619967341423 0.119282782077789 0.100721329450607 0.121883578598499 0.134720012545586 0.116854533553123 0.0943712443113327 0.0733983516693115 0.0729599818587303 0.0771073848009109 0.0798705741763115 0.156676471233368 0.147294491529465 0.111946620047092 0.123467676341534 0.156358763575554 0.158488616347313 0.234020948410034 0.199827551841736 0.156064927577972 0.17164708673954 0.224668189883232 0.318479865789413 0.355694323778152 0.398555368185043 0.453734368085861
0.833573877811432 0.801648914813995 0.658585250377655 0.497939765453339 0.63980895280838 0.534244120121002 0.463393658399582 0.38504821062088 0.482440918684006 0.333159208297729 0.245137587189674 0.194556087255478 0.244829773902893 0.255458056926727 0.224233344197273 0.177308425307274 0.202130675315857 0.192377239465714 0.155514195561409 0.149620935320854 0.130845934152603 0.18743160367012 0.150750026106834 0.147768437862396 0.123911499977112 0.107582911849022 0.0964519381523132 0.0876666232943535 0.0777767524123192 0.0916883796453476 0.0887013971805573 0.0807566121220589 0.0877741873264313 0.0967267155647278 0.14588788151741 0.154891967773438 0.141181871294975 0.150984913110733 0.163032293319702 0.198480978608131 0.205246597528458 0.212227761745453 0.250986218452454 0.315499693155289 0.390146672725677 0.385203719139099 0.37254124879837
0.809327483177185 0.815733790397644 0.772985100746155 0.546587407588959 0.420241415500641 0.469284445047379 0.444133698940277 0.475699186325073 0.493570894002914 0.428016662597656 0.361750602722168 0.314221173524857 0.227457568049431 0.194445475935936 0.164219841361046 0.171304941177368 0.163829416036606 0.151507958769798 0.152962192893028 0.143112689256668 0.146860703825951 0.153418079018593 0.134941071271896 0.124739468097687 0.123521387577057 0.117910489439964 0.100001364946365 0.0895156934857368 0.0806866437196732 0.072402261197567 0.066344141960144 0.0767919421195984 0.131751164793968 0.0946638435125351 0.136755138635635 0.116516180336475 0.104893170297146 0.121365837752819 0.105418868362904 0.115220196545124 0.159617647528648 0.172218650579453 0.220957517623901 0.262429296970367 0.303265035152435 0.323471218347549 -9999
0.645307540893555 0.718619465827942 0.764181077480316 0.52596116065979 0.366844236850739 0.295026779174805 0.300010293722153 0.295860767364502 0.317252397537231 0.318314582109451 0.346068918704987 0.342343926429749 0.270939111709595 0.217364117503166 0.154832497239113 0.159671396017075 0.156044036149979 0.167036846280098 0.129206046462059 0.124004758894444 0.116482354700565 0.120115593075752 0.131119534373283 0.115647457540035 0.10876102745533 0.107554331421852 0.0901578962802887 0.0928418561816216 0.0950945839285851 0.0884556844830513 0.0699004009366035 0.0800280049443245 0.0945558771491051 0.0867819115519524 0.103144019842148 0.13574206829071 0.117120139300823 0.128094643354416 0.122228257358074 0.133758932352066 0.162211805582047 0.197325766086578 0.212736845016479 0.285905867815018 0.289266794919968 0.314658373594284 0.321819365024567
0.685721218585968 0.664579808712006 0.628678858280182 0.550360500812531 0.476825445890427 0.47812408208847 0.452985376119614 0.405971944332123 0.339757531881332 0.298440784215927 0.263647884130478 0.241394877433777 0.205406323075294 0.206052988767624 0.22397954761982 0.207115098834038 0.211707413196564 0.211538702249527 0.178596824407578 0.168320015072823 0.163402423262596 0.163479596376419 0.158914506435394 0.109313309192657 0.111805625259876 0.11022911965847 0.098971351981163 0.115899562835693 0.0939292758703232 0.0984371155500412 0.111137166619301 0.0773139372467995 0.0864986628293991 0.102032758295536 0.14188577234745 0.15005499124527 0.138244912028313 0.140375658869743 0.164920851588249 0.140831932425499 0.125668078660965 0.200570583343506 0.214073583483696 0.22290863096714 0.209365636110306 0.25047042965889 0.323739916086197
