resultados/modelos/gam_backgroundw.asc
NCOLS 330 
NROWS 228 
XLLCORNER -12 
YLLCORNER 34 
CELLSIZE 0.166667 
NODATA_value -9999 
[rows 80 to 99 of 228, columns 230 to 275 of 330]
0.733958797826096 0.635179566188331 0.610430709972866 0.742011107244038 0.764406003198213 -9999 -9999 -9999 -9999 0.827155519527874 0.554732902311098 0.72153828401511 0.639837631495551 0.658544990486197 0.716159175418444 0.644797918259746 0.78055750924934 0.720846238722311 0.458733885174773 0.611091428139749 0.788440067824258 0.376336839776344 0.544933626907346 0.496999508255763 0.125004484955385 0.154370748851946 0.301452921327046 0.22539821721894 0.300681430824902 0.24780248479527 0.0950413978608549 0.0878074843654968 0.0737557005258767 0.155476356574729 0.129097192977809 0.197047188503499 0.0560912101637627 0.00306254980254757 0.000571256711840587 0.211541434501655 0.277679597288062 0.0299351110713271 0.0145261330349599 0.0263675563615242 0.133734655027949 0.204382014882534
0.867923048213763 0.585587831900015 0.504961795744831 0.554895698850329 0.791934167234147 0.709197417927556 -9999 -9999 0.550813779261648 0.516355374752942 0.65147217546077 0.576814286071097 0.755348670457664 0.654253106195826 0.733239300837006 0.699981838430837 0.733286625279906 0.617384727166637 0.487444480345709 0.771101399821306 0.605215121358131 0.576942576742562 0.41022643272845 0.418633404068795 0.133368106596787 0.184064937317747 0.0702904660797092 0.0491735025172209 0.0765100594221098 -9999 0.395500002505282 0.071330747471605 0.137076835662713 0.0633954006668753 0.0692182912098844 0.0353814820642352 0.170659236225757 0.00523626798346162 0.030570681797887 0.0286431308569689 0.124710592484936 0.187704326160366 0.134665618711908 0.234236481286602 0.27844668269738 0.128538887338292
0.665620126456002 0.687980162803083 0.680932767088929 0.611231336846288 0.66923684779726 0.686278789374286 0.518372674267934 0.734301497091605 0.729885700782949 0.672495159206672 0.518515397779355 0.490458348764039 0.359814785639812 0.512526764863215 0.529382692125328 0.680226726201119 0.267532338553921 0.330223769534257 0.240532326690588 0.556469481607953 0.59714657582254 0.320285323616437 0.021938615838333 0.116671125581461 0.0081832267647085 0.0435463680384264 0.265883067228076 0.0846545836157078 -9999 -9999 -9999 -9999 0.217863737193069 0.00814340121450567 0.00948272769489212 2.32286464061502e-07 0.0532456402745864 0.0689125862102371 0.0514870559522701 4.75084132158302e-11 7.46618579791201e-05 0.447304027460427 0.0350204738047195 0.0824304685880339 0.0415931917540127 0.214459655356675
0.859677352268934 0.834722172469919 0.810133711567763 0.754968105586793 0.70862720151113 0.645002675177109 0.598979708954335 0.340762806270905 -9999 -9999 0.578008959152188 0.605821873535029 0.18635356272921 0.195247278489849 0.595840558868984 0.590037570552434 0.570006211603491 0.596801679403827 0.62934591531403 0.625660971277414 0.260990754045602 0.2235173680955 0.331443517497918 0.202252138551746 0.146815569176438 0.123391784821965 0.00373432437782425 0.0325353333620858 0.449900002825994 0.105320680963755 0.00021917084227145 7.3017290166805e-11 0.0584855820151711 0.0105021945037776 0.0556804353117056 0.0145575269022384 0.0214947695280293 0.375383821506237 0.1433500421394 0.135829638099495 0.0745920296742701 0.232673438141269 0.183459428408465 0.0672982496648943 0.0234358343264091 0.251138383228851
0.842060031546667 0.80576053990885 0.703799317219335 0.623077657847455 0.539931506265318 0.662171103122303 0.670887084136865 0.552926403736748 0.720076560064714 -9999 -9999 0.454416505483622 0.276502404277108 0.380950503455188 0.40728265245047 0.560139085907923 0.450315018096156 0.514889033801011 0.330992440093515 0.378817753962375 0.170774490906051 0.103018968283723 0.105340732201687 0.158596894991221 0.0554783299648774 0.0353995950129184 0.0114495209371044 0.000437359596895115 0.0445005657176798 0.0257054158151103 0.208137181461091 0.141632956539136 0.110006926824289 0.259996472530213 0.231089956305822 0.115215408018828 0.258577794577306 0.459178888019564 0.15815477382748 0.0863805524041559 0.118290508098161 0.124209510071729 0.129842771421598 0.160830265744273 0.108504856385734 0.180458432959159
0.709407042233803 0.675319155978074 0.824449033017779 0.82716361359347 0.859536980588808 0.818184165711997 0.79343050523039 0.63277569338414 0.715382532896694 0.446821427098068 0.316303422790374 0.472528142822242 0.309755619184791 0.501829369198822 0.311184545365364 0.0834734830134547 0.0351009592347007 0.405628209394259 0.21982852904089 0.104478260054152 0.0972278670149379 0.0542641058329619 0.0382348428029774 0.243910668380326 0.45414341045528 0.605468855447421 0.528259968586018 0.0767495585820698 0.484204317409266 0.0420878581313013 0.0990814193856317 0.223066573142266 0.171673697133707 0.0923088892466647 0.118607914579474 0.11266970685259 0.13444578666288 0.260077110948507 0.359271882030063 0.0991916104755059 0.113152280254965 0.115307069003303 0.303521802102431 0.280239539626967 0.226760171318363 0.157894218149638
0.778913158125443 0.764627515360547 0.758796072041388 0.787818136298822 0.676353204898729 0.648016597121182 0.696785883649196 0.64839554921433 0.243607986721316 0.434150716004615 0.341674352066231 0.325974536843291 0.0822564331937662 0.270994743944224 0.103040153541478 0.0210014042147365 0.00114162869270018 0.1679977205163 3.50302621690175e-05 0.328804702461107 0.510821751129375 0.0540102308097708 0.0833395436330164 0.0965094099045609 0.290012337746163 0.582914107818014 0.533467937218647 0.533928659162936 0.427869308622627 0.335800133657411 0.216204090759662 0.014526360222161 0.181672188545396 0.314030824059797 0.233973237409335 0.261050210144909 0.425865882623873 0.671461690698249 0.591074781422071 0.300761444191766 0.275697421531761 0.211176198562057 0.187023539526449 0.170881342220773 0.137655955274966 0.105061026596726
0.709927863110204 0.786279974920242 0.645842329690891 0.727631496707551 0.688740184865936 0.734907843493855 0.564223713966768 0.393064449314954 0.482453162316673 0.415608650032288 0.428059287609544 0.238907090366284 0.15752401236674 0.230302539955607 0.195600871325962 0.107128610621322 0.0438794418865846 0.466165068293763 0.31606085907293 0.447261871900073 0.326315478751027 0.290479157611384 0.0580774064247347 0.0905407263716092 0.208939456713101 0.0440075820172482 0.617516979075457 0.515222682675146 0.399161379121916 0.181779316482372 0.070554767570456 0.016311483268436 0.0949431489598311 0.309245808599673 0.219669078345889 0.317308536073757 0.501965807000731 0.328254796814198 0.179201569524564 0.283464675773347 0.227414227303676 0.229950456802375 0.308097038406613 0.265577432414052 0.160890817444564 0.324088669806248
0.788500014529578 0.685807892390276 0.659626962215577 0.655927479438968 0.660411255162304 0.609771762759115 0.448128731385872 0.295955362997365 0.585337195264243 0.442726762714706 0.150171047765049 0.29573256868666 0.161523810853767 0.0112214903082749 0.284398747336145 0.206091274431497 0.693598709130076 0.52819752830671 0.470241202494813 0.467921123247155 0.366074961841297 0.274468918036802 0.102908387546675 0.48768393770337 0.541407527244597 0.621380772932846 0.428681621354013 0.552367609826838 0.00253933445497234 0.166329561341015 0.0627332132361829 0.301689044401063 0.117886500021882 0.399218197069424 0.609783730339092 0.282608387677851 0.244191346307166 0.247046708996502 0.211381854409383 0.289328077385297 0.895958864523985 0.337678799847658 0.463425149124463 0.30838494448781 0.243932565493285 0.26824735467503
0.713266905648652 0.571507150017737 0.692093598540899 0.525860809155189 0.595951502959556 0.604481549130092 0.650046336492281 0.611447406657834 0.46160931381262 0.395796169461922 0.39739301604302 0.600225257353554 0.333363199422176 0.11845678901098 0.015689435148839 0.498851515097662 0.082538646838974 0.0654509907869191 1.93413085213913e-05 4.0605593694794e-06 0.33039770777798 0.236340442985873 0.0385192294075144 0.224304615337698 0.523334404623753 0.465666180388417 0.222882958775019 0.0229902831444396 0.184473358866031 0.278201210942803 0.0642697289719268 0.191694180692244 0.662368282680389 0.437701917401735 0.222391118437584 0.171497615583107 0.296107819571819 0.426582790185684 0.392214088408724 0.559866735702109 0.120956202555673 0.336219156123761 0.44433391591619 0.348984653215542 0.231200576814506 0.190636548104477
0.734877457440874 0.680880424866686 0.6159517672427 0.60349397521281 0.631302112078731 0.713972395943759 0.689514691049902 0.478916193907213 0.321267447114839 0.465473414455215 0.492416039401689 0.502416091303574 0.369620917686923 0.330307765565149 0.113471019349089 0.481271033595075 0.327216146714987 2.37235263560768e-05 0.00759896950306454 0.0895717165451051 0.262140716711201 0.413301837648072 0.425492621634987 0.0541403852904491 0.354112929058173 0.0594429286283773 0.0237362296460715 0.108822160061857 0.0565710309927732 0.418329084751401 0.383660575055527 0.309569750277958 0.19682339334425 0.405900741457666 0.213699190846566 0.278692043918984 0.344190967563951 0.189834693357449 0.109674110839386 0.306520990387796 0.217312456548584 0.190689242960829 0.22650043764201 0.295017935861197 0.173031902960022 0.160552047689561
0.707391331767727 0.511572581417298 0.421522240334468 0.738335716022044 0.693453240800969 0.680412950108652 0.672839961939274 0.248347606764024 0.328672402094516 0.568269609804924 0.611819799606991 0.610862104791152 0.574810847616052 0.502341134687873 0.297699815093441 0.122037334839262 0.00134304053371194 0.0585710140552479 0.472900315200291 1.42334771689813e-05 0.649846656303875 0.80997556380399 0.529038919987229 0.0237426532955509 0.0135550719267863 0.00195226024487965 0.00687542372454449 0.0137210711680021 0.0763149576842408 0.343315550523326 0.379477965887153 0.347951816134231 0.395317176086271 0.459937325820057 0.203977219655623 0.0625230734271293 0.164861746653104 0.259927510523731 0.18400034032634 0.422600220923028 0.271910633047693 0.433464672050063 0.23977860154133 0.297817298166374 0.317812799731035 0.0868464148462307
0.674853380624295 0.448761658887962 0.552112170440974 0.522469859661853 0.624228633070792 0.552070618836821 0.616857168077312 0.567109772947427 0.549049356383665 0.718791574883234 0.641319470359899 0.470788455474023 0.422839591396646 0.442732419087027 0.246728321739185 0.488092122417192 0.388005036695149 0.0345923133272465 0.187981456195862 0.591453231162046 0.482868678859901 0.583442278784855 0.430655369995751 0.299507152775368 4.75609161205896e-08 0.0303048111671383 0.240030557056999 0.22203650268896 0.318093474585105 0.257066805427626 0.356849446103966 0.209716512700034 0.228685641786251 0.447679218150697 0.150544717248259 0.18643251101387 0.176212888449647 0.269305149974071 0.359586566178908 0.345687472141376 0.375393316315261 0.491082129582302 0.38162988979667 0.377913282535979 0.297652784569552 0.305762094713759
0.582712751244434 0.500843113264473 0.601486146625151 0.494025218052589 0.55837178306565 0.515582911403321 0.584588732518147 0.700152166065627 0.745698241095426 0.729864211956802 0.59232254812464 0.497210489797259 0.0930570454506524 0.00521537735005967 0.10899028096819 0.401733514969803 0.211591378717166 0.516681249982995 0.406985318419874 0.177681133163252 0.515964646635047 0.511073572290796 0.46472306072314 0.10979021117128 0.39437435007183 0.231746659099853 0.31472620955401 0.0961708539743803 0.470948826878091 0.235145101643064 0.302472293241201 0.304614382570948 0.215631655702922 0.187624479444507 0.156802490888427 0.244698917257683 0.330046478135977 0.0639126949394994 0.388749146853168 0.361414881279961 0.396748392049875 0.6045536728214 0.62678621496946 0.324880113363074 0.0634301894132694 0.143056838693756
0.493518848936926 0.48341283168255 0.590100971004622 0.622054453091205 0.397682997910126 0.60948973252211 0.672929590072748 0.811120872128629 0.596552235217911 0.773328076023949 0.665805987462041 0.623678426322309 0.46685617014346 0.412006713812948 0.595100647052718 0.394671864827803 0.566635926419485 0.146122617931083 0.530173745396797 0.284938592010772 0.548253128099183 0.142490744743579 0.598568775743609 0.212250130249265 0.352991063356483 0.316916072563746 0.375344972336359 0.482922549163114 0.473386581885379 0.293358962058583 0.290414393729876 0.245825346319408 0.249051505055366 0.330609122966724 0.228522260606234 0.246161699965764 0.210965147211543 0.0100613185495125 0.257403717091548 0.310328483512279 0.498738568277688 0.207818268437531 0.222540762481567 0.208226623285213 0.0444301358242614 0.126555629990667
0.525047560308489 0.487838981142007 0.295232115592757 0.729498526628418 0.702971353542304 0.471207030298812 0.632991900386407 0.574097928022438 0.586857133759209 0.642251977298891 0.472901085442529 0.435845944666731 -9999 0.287760054779302 0.54737407577865 0.296671425757847 0.560541052964203 0.549723934482754 0.390017802911228 0.405175597689178 0.243899681501476 0.423220225063062 0.226614985898136 0.342192350628979 0.255723219476666 0.399768602066214 0.417873785575119 0.582247272196993 0.503454550315549 -9999 0.304147977540323 0.276439293970411 0.338052308454394 0.111147956661794 0.174090638195453 0.37928549263057 0.213746856067411 0.100466303736257 0.382588498025595 0.518237344157007 0.475631176024291 0.506741171714064 0.0544503694759378 0.0355308219375656 0.380266911720379 0.400243689185661
0.717866280348592 0.353117268158309 0.551743168861622 0.637634226971098 0.687426631694297 0.621467755764839 0.586640631633219 0.492794965732021 0.563270519556394 0.535774811268278 0.371897054212454 0.558436071251979 0.183163078402388 0.383606474359918 0.42266390411947 0.569671568752354 -9999 0.251077140505832 0.599015481129657 0.34148994616238 0.315775941943865 0.193212749232084 0.356957671147611 0.431657602406279 0.212697607786997 0.434194064861724 0.461386927223867 0.124999101461699 0.509117628400591 0.519105619838327 0.441631671577347 0.382836647716127 0.334741228795786 0.0710227787806907 0.448507935031427 0.376222517345079 0.583676781709401 0.487571446064665 0.0492640612528308 0.439556486334926 0.3273852652496 0.148056164216291 0.362432128718816 0.0293748778327992 0.240695744995945 0.288851284027185
0.588400979201953 0.542856712359172 0.49144377289656 0.604229324166296 -9999 0.490114546240635 0.554045961841197 0.542573054328653 0.47066439082458 0.487170220734512 0.246346321115764 0.413600513338749 0.465363689042864 0.45654064347427 0.550253388311626 0.410164642244896 0.259348280223352 0.231844291346151 0.306203560611877 0.429739954086213 0.642477644568184 0.488794486719474 0.578886981089889 0.466638589306561 0.463607248559716 0.477346538297776 0.420340484488874 0.38676554202738 0.00699627242827892 0.513225426339498 0.380134690857829 0.340654605878979 0.411032708816452 0.0904483984259785 0.308381941709432 0.518164809469054 0.389844175590386 0.404004059963138 0.51481992144194 0.513227809924452 0.379780967169171 0.293145914293565 0.0568964715851633 0.0325099281191223 0.224697035160132 0.18571939720523
0.696650227199629 0.415132501436365 0.553970752615134 0.478937912643626 0.360829903317193 0.566384800877712 0.395163067874961 0.428468702656566 0.413517636335204 0.520687568474452 0.222991880714765 0.304564034704601 0.524646410067004 0.506676055938061 0.538745436812197 0.494479510110337 0.471607029817591 0.513722373908881 0.1938935382696 0.611195886722204 0.668152107711925 0.413637317012278 0.556792881033048 0.366916700140166 0.341402767587257 0.331749778727358 0.310088665631846 0.365368776849807 0.423895175025741 0.339033741964524 0.306174784050104 0.564265680657161 0.055023888189004 0.033240248371083 0.207543494159603 0.450751607319444 0.334158211634126 0.642807375356624 0.689183786472106 0.507801232914698 0.49042496259423 0.314325362883502 0.216807752387067 0.366846412567159 0.210580146276861 0.189173495875093
0.495050197841242 0.64055449263643 0.632732854047068 0.480537271721759 0.510191627318952 0.129743572527016 0.144133641040843 0.137968791188943 0.472377430614667 0.405828006195623 0.431587594946056 0.48621228651242 0.371340494824 0.529275900073463 0.459378055731353 0.320900538968118 0.358979352458152 0.423777022594798 0.154290139574717 0.219708785780662 0.465676407613921 0.522223491960955 0.22502153751628 0.455550502104103 0.388316639761451 0.499033126837428 0.286671767823955 0.289996063967963 0.302876991541347 0.317663280623968 0.404716535029318 0.659355643591508 0.584594720577394 0.414574585963014 0.41390586149998 0.535501317277317 0.519093234822429 0.739961107080835 0.641663142416123 0.598973968878233 0.187015419107262 0.383440101748799 0.387430253862819 0.259644980086323 0.273046337362697 0.450020525021449
