resultados/modelos/gam_backgroundw.asc
NCOLS 330 
NROWS 228 
XLLCORNER -12 
YLLCORNER 34 
CELLSIZE 0.166667 
NODATA_value -9999 
[rows 80 to 99 of 228, columns 276 to 321 of 330]
0.192392910531016 0.0145171516196306 0.0746792896974691 0.110561041321592 0.126361287515585 0.274939686919701 0.237719936007888 0.270123187609626 0.243476621272735 0.172120259468318 0.0547417684783542 0.0835136948410651 0.148690533952082 0.35806903061947 0.207959045598179 0.263040311867683 0.267736726654108 0.104033752395389 0.0754137234393085 0.0480834490689448 0.0349765897900028 0.020609259573964 0.0333030477057047 0.0125990910434924 0.021838390602917 -9999 -9999 -9999 0.0225467304406284 0.0193641935259696 0.0374043970750554 0.0456512155673786 0.0139514922123245 0.0429763603057145 0.0213307411684021 1.59267641091722e-05 0.087720592879851 0.0344023587179751 0.0431326213400046 4.84484123044507e-07 2.91469272568842e-12 1.69669028879988e-06 0.000948165188529615 0.10597847819751 0.0071270239993616 0.000599110842449815
0.0301990753009324 0.0615839752712625 0.258121131190454 0.0682547248096732 0.169882051128995 0.334224664412396 0.133028746233077 0.247797570818823 0.190572013671686 0.0970965724927036 0.114257243368423 0.107072504015902 0.218793567189331 0.107348471011289 0.0652204543947377 0.15936250806137 0.135043749789084 0.0916977672896812 0.0800802171556647 0.105474019928534 0.073064830387494 0.0194487029575707 0.573615146177266 -9999 -9999 -9999 -9999 -9999 -9999 -9999 0.0493380847635618 0.0197933763577901 0.0275722158632326 0.00122254314139147 0.00533579828199025 0.0166857043410842 0.01139076476197 0.0226883509427426 0.0559194125867745 0.0728898012381907 0.0478362593769433 0.0660183731797905 0.00806948033393593 0.114164633967575 0.0657570554982553 0.0599942773682601
0.236296160099437 0.153447586726356 0.127774684618549 0.238886798496613 0.234213508095382 0.0346356028637831 0.165126945804753 0.192654500824782 0.376291517741306 0.294856033230192 0.06259240274708 0.0565434858525554 0.126580498726284 0.302744680335813 0.25200062277183 0.140006117508273 0.133786155882956 0.125910455082229 0.0676246835174487 0.0134780944960445 0.00465804882212502 0.0841384879120631 0.0557275628203164 0.0166076106466061 0.0297442623415383 0.308950617459428 -9999 0.0155775085707888 -9999 0.0309586643837147 0.00339813593429604 0.0390536513507335 0.0371424343958056 0.0458295671937426 0.0303471029234781 0.0333774659703591 0.0229253607015454 0.0308193559417058 0.0658409953453969 0.0163693575336032 0.00839201605200587 0.0377135288875612 0.131387618066675 0.109535889821379 0.126534412710766 0.0999720387421901
0.135772558608342 0.276127972407965 0.16573010254009 0.176235101193456 0.236171904894522 0.275198679115161 0.508611123935793 0.230837366089124 0.376610790240575 0.206061028688351 0.1891701817495 0.101518802479387 0.0937501498322907 0.165266588533011 0.103807741402918 0.0618740149440185 0.0519037274769401 0.0190985150943991 0.0196593520079556 0.0199088252845801 0.0479803761676831 0.0421898457800168 0.100345005132361 0.0265948561906394 0.0274165930145844 0.00497127700422533 0.0207686780617638 0.0226977762448393 0.0085681520091434 0.124306449807031 0.00765306428013603 0.0370597032703676 0.0383359024484136 0.0576936848160081 0.0388474823230251 0.0544906189136838 0.0272444827439796 0.0411252728288328 0.0748209546675962 0.0653141488279599 0.0423130760459582 0.109076638915953 0.120511585019746 0.0821611050312096 0.0717788823401941 0.0443250588097813
0.168329400335229 0.134977212383552 0.133298749721654 0.09988532930012 0.182755314893121 0.272882248401048 0.0739045702361235 0.38268130187749 0.338960261402242 0.171313203576956 0.126228508383814 0.069486403306968 0.0563806966873017 0.0783874987037981 0.0409747138361786 0.0630591228282671 0.0200196141116627 0.0309838240142384 0.0240470757004895 0.0200904431203373 0.0578868374558843 0.0423710519400023 0.00872267409843173 0.030335483991968 0.0339690952192474 0.0346028086855091 0.0134871714270604 0.0315960344342038 0.0299980081080461 0.0356384009308344 0.0558440825307621 0.0337638336914848 0.0330117188832847 0.0153827566942576 0.0391150684066021 0.0397867811703891 0.0392445450049366 0.055810775000719 0.0564736743864495 0.0361137735414427 0.0119505430884442 0.0224616847055468 0.0275235930097599 0.10406471462766 0.0609309903172133 0.0501714262085926
0.158925228425606 0.195942720245403 0.0911623644804443 0.187376118589712 0.212952795064982 0.293909230039111 0.36569169725348 0.371789124118433 0.301758394133447 0.148433905554194 0.110687417170571 0.136898534870446 0.121728862792673 0.0948361156523343 0.0381460752722897 0.0334734858190896 0.0404349376810942 0.0246127638935865 0.0687422976369538 0.0560422253207753 0.00970592017006256 0.0175618900595038 0.0359061824072634 0.0114955857332609 0.0564386166168943 0.0300858248361538 0.0608970902364502 0.0360102338328127 0.0692282567903613 0.0447623743261812 0.0433427107185217 0.0464170169456066 0.057226403113853 0.0858556231836611 0.00906129207807703 0.0220572006259843 0.0250019272561303 0.0128900440115008 0.0318541333552959 0.0430687622217829 0.0232379692716418 0.0221036251815858 0.0101662229558684 0.0616699648588346 0.0394470409440641 0.0510880504127173
0.136492337758734 0.0868487153046408 -9999 0.0910025468726838 0.126718338238872 0.185720831843323 0.123645218840073 0.0985822966628494 0.131374138748921 0.255588449693467 0.124361931815611 0.0175420356157702 0.0378564944529171 0.0991641751301304 0.243061861061034 0.167843651613132 0.0968435553191081 0.159654260072044 0.0981213551106077 0.0506887209578923 0.026504321290623 0.104047767007918 0.0479973870731801 0.0288809408937778 0.0487625276018828 0.0634318607202451 0.0607314692156918 0.115214707865647 0.178841351735409 0.104411813919514 0.0779298117288661 0.160113180831147 0.086532581017249 0.0315686848363222 0.0413712553717015 0.0271617477128528 0.0425522883831964 0.0402472136659309 0.0169804269940875 0.0735153915488795 0.055945327765959 0.0494938377529172 0.0169328595258454 0.0146416327622733 0.0465043930637358 0.0329587643427009
0.206404785768882 0.308324080983063 0.360741463764864 0.266885623607404 0.258814829065826 0.187333634896221 0.159081687811235 0.194239548827356 0.311399691200269 0.100205545210049 0.162074223852863 0.226721562138931 0.154086075830947 0.239244136452543 0.355964769567434 0.221310777374286 0.168110680255412 0.262930210830087 0.0649234890581625 0.0244332638926598 0.0172090879095301 0.0137149830388877 0.0197431349534102 0.0474363272293563 0.0217798800627676 0.0385160796807326 0.0903509656065885 0.0943189189501479 0.0461805520874801 0.112632418137558 0.117708518038499 0.12684268183891 0.106961635048053 0.0477185792389499 0.0156980091686073 0.0822010483122343 0.0846209764799851 0.0667017599973655 0.035845892148379 0.0193582728929994 0.026940908567577 0.0337579038833129 0.0203494005622272 0.0254644086458706 0.0103911538323082 0.0558466013638992
0.241262420765426 0.266102943473838 0.247227766612485 0.327848579974363 0.244865598287474 0.0567527869441594 0.232807981535924 0.10281256487142 0.161455451332195 0.195987035262302 0.159687162014136 0.165884638020452 0.132067800260253 0.324869724447675 0.217352848688454 0.291819323561354 0.141769663010754 0.299410669571891 0.228846146870231 0.193693102316362 0.107099288302822 0.0206804918536358 0.0113737274932024 0.0168516598005103 0.0666498144220301 0.0584742535362217 0.353764770930033 0.128272955542239 0.0931781830334001 0.0896188942970946 0.0859620356204573 0.0344091149441533 0.00865183251349533 0.0215439703171334 0.0145213633611962 0.0167492758284378 0.0505192261373975 0.0374452415686105 0.0620579573746128 0.0241949883879673 0.0120849788632403 0.0137011759803502 0.0271489244546692 0.00580482241135969 0.0224684915603241 0.0170263077015669
0.179150743918752 0.283998145392452 0.292228212781944 0.205083591319781 0.234717260379899 0.147014956064883 0.136568399757055 0.166434912803802 0.140151202846396 0.0980760863019032 0.237908268198238 0.199535681781773 0.140328522007757 0.341550537465301 0.221828661068183 0.0986433003611251 0.171143881860887 0.197278932260303 0.0332061067851363 0.185813189152906 0.259855383902742 0.0976814206288768 0.167937601947468 0.0385236590614187 0.076067153766305 0.138065137472571 0.305557135186721 0.0912934543100077 0.0199140349404232 0.00704832673005643 0.0306022524987849 0.021320831701572 0.0369289872840576 0.054159382387087 0.0415302363972229 0.0408334371684093 0.0302134255788782 0.0835543589246019 0.0506959286937019 0.0426099777369968 0.01539227187724 0.0797746454203981 0.0188315588076871 0.00743492255985594 0.0250079086180973 0.0063207184829758
0.150008385879585 0.0887474656752784 0.153633145567015 0.259302557219007 0.150810664410647 0.150636948684627 0.132023958437457 0.179762780728924 0.173012563954839 0.188127904015548 0.196182983515942 0.111735748673318 0.162221812594693 0.134433607444192 0.0954276997986108 0.148381952238944 0.144529219155107 0.225451851670182 0.148998331926838 0.0982678671852981 0.11080046716098 0.0718960093177746 0.0231916269586683 0.0362604924534733 0.0580610037430848 0.0754104877254279 0.181793366279928 0.134298315094039 0.187751002524337 0.162948172243341 0.0394413726124291 0.0256465291581485 0.0282032693013999 0.01518942289233 0.0215064682892181 0.018841043399526 0.0224453029412859 0.122085129609521 0.11106693563248 0.043628475726612 0.0675140118061558 0.0215989831975459 0.0647901370024948 0.0448631530055343 0.0144170071715899 0.0266033363552809
0.0893363312399837 0.060960702269794 0.09358044438973 0.377520800293476 0.322889829134273 0.174414001663426 0.142249573584463 0.133993542767528 0.231068660798257 0.220668091918049 0.171071512530523 0.305387225483994 0.196886696251428 0.049113734400996 0.1519128344917 0.121010470332222 -9999 0.0626109768815765 -9999 0.125727112894207 0.187585719306514 0.0906544527084818 0.124087748570685 0.0448450726052525 0.208067787334805 0.171368042052904 0.184621426923769 0.226428104948332 0.0709069951578473 0.0296230513809612 0.0944543907171995 0.0327589717982265 0.0450066701935251 0.0956522067061699 0.148501601546467 0.104847053866195 0.131007245317588 0.110297721008551 0.0606799929095123 0.0640370123574438 0.0387788321275447 0.0436256967626769 0.0842031078991816 0.0843703736744472 0.0532343079660087 0.0473725177538443
0.186688835734488 0.16430062007464 0.365730731959653 0.363950248318035 0.130449722717092 0.163501013157513 0.178237522580872 0.177712576539729 0.24534559827971 0.270730207302601 0.293353222501139 0.225692223498881 0.0481953913724271 0.0757532378791814 0.0562983559421676 0.0699614883247722 0.193850378566096 0.17035286990168 0.245447690452562 0.122403723440126 0.107896172112308 0.174799796331644 0.151975336512714 0.283052682411455 0.158469013046902 0.215756541467163 0.430855780001904 0.31573900532425 0.235865963152887 0.0948539193018711 0.0416138247606969 0.0248971285674858 0.0632652814200012 0.0465613700465722 0.0402562836548025 0.0440582412767265 0.025749787342173 0.0158269823815717 0.0227383707396979 0.0521764990169417 0.0081907700155681 0.0346893604729509 0.0438174540858259 0.032446058963245 0.0362279524228662 0.0466676561792398
0.194727398449612 0.355258056494408 0.389586787915864 0.285021245304977 0.238964387003505 0.175756843333416 0.164389940673846 0.072106238446788 0.19951245181826 0.294281948754766 0.325047247024679 0.24280267398752 0.273326635817662 0.144278764606587 0.224902716043654 0.184989204454945 0.153797734352775 0.156712084376053 0.345208283779833 0.174524159273272 0.0600009245063598 0.194151827428157 0.403180330129843 0.385417661991541 0.17129829290633 0.133466771068174 0.171499665518779 0.103010069030849 0.0522709673724607 0.0387098198251282 0.0508073291214557 0.078064750354498 0.101685563981437 0.0173759028669547 0.0277059301582126 0.0313569928924492 0.0671646237178949 0.0438352005198011 0.0348788791442945 0.0841496663811019 0.100571451246018 0.0685303854864672 0.0185010634877506 0.0165786580067484 0.0259044894971541 0.0563007559429455
0.219933922263997 0.0877306416187669 0.110163869183202 0.169601124919131 0.233023594373885 0.278205009791511 0.162572473302105 0.0978422317772069 0.0520865169742769 0.0407224348956946 0.074536137406251 0.167951938878372 0.256512809832542 0.483581702763376 0.413181645047743 0.371415975313497 0.204612870031181 0.213892339110332 0.298791874347512 0.285927793018757 0.334335998829678 0.154878727229471 0.280773096694869 0.232356207020453 0.100447935257767 0.215301448473282 0.282879303170368 0.212471922842819 0.0619666160772429 0.076199534965615 0.102185300052644 0.154556464662517 0.0857460436077973 0.110785420062865 0.0221016556000143 0.0320236517880496 0.0295106793457084 0.0401859737227596 0.032946892129158 0.0157534616399201 0.0535850429038717 0.0524594808500975 0.0319364941700983 0.0168329519797731 0.0163298919950596 0.0209120250148931
0.313133028907689 0.24230654675662 0.267639165920659 0.0690854226200541 0.241472679838076 0.133057887444896 0.173447704873921 0.167217841217152 0.218611387000962 0.298903767101534 0.0704315449819931 0.0548701174711952 0.347266667104229 0.293190433405971 0.156034441430008 0.411600494141428 0.177912082666966 0.231087591857102 0.223361223684976 0.297757646280547 0.131807935292912 0.165175387065303 0.148602172800934 0.142011242680127 0.197649435208755 0.335142217712435 0.175455929823934 0.116100044375385 0.0968090205661466 0.0883083310226209 0.220466225745607 0.17774049236793 0.172572951270039 0.0992219006692622 0.132481402015009 0.032537633233382 0.0209054088663023 0.0804674258583747 0.0675279086666864 0.0232258645280896 0.0727892552058478 0.039351288569711 0.0719848896543599 0.0203316009184284 0.0359712670855189 0.0493331452057401
0.255501663262517 0.0418875259447715 0.0406529455933384 0.112878320593764 0.328579609120294 0.18634687687606 0.246109065899353 0.289622772070466 0.179931902561187 0.195081632257538 0.16859617159934 0.150355583540215 0.23693052616348 0.389413987632507 0.41614834973565 0.218988293222799 0.283777829992839 0.20366520152066 0.210273372484578 0.246587311956017 0.099034280211009 0.0856948528501915 0.26706516896211 0.137290193059425 0.188229963138863 0.0850098083978132 0.0743885042120781 0.0767569265385506 0.0478548881898968 0.056962526686711 0.0406469618299737 0.0443484069832717 0.0598592604463699 0.144709871861969 0.066091570798838 0.0522045539067046 0.0268723901409585 0.032111459818706 0.0236262794566599 0.0801141805715007 0.0854994097453147 0.042480358088331 0.0334179461464135 0.0361479675893824 0.0107635647264805 0.0144882309618123
0.0839235521217334 0.0412252395080124 0.0901605799346063 0.33347882293668 0.39099207020137 0.363134394104517 0.588006211770809 0.299896966685472 0.23925081392108 0.181338002989394 0.156569986348547 0.21940584671414 0.0804836983918294 0.162066036297466 0.273332743687637 0.165100816435506 0.321672854069272 0.276867009284579 0.0997332565649533 0.164563852862085 0.376913694711305 0.229963889500033 0.187507919762887 0.0626388757272593 0.105637062776401 0.0933130586704251 0.0748511062160724 0.0618086658395263 0.0306133218287512 0.0581365071732751 0.0311169714775495 0.0402475111244722 0.0357700823226135 0.0239922187954733 0.0116061734762697 0.0115998968158652 0.0130045782852592 0.0153970786460085 0.0200523934753435 0.0468353255854725 0.07448528483298 0.04945311469265 0.029159913495692 0.0201788649100861 0.026210292083368 0.0108466491367304
0.350115178830139 0.231265347828845 0.121223984394869 0.320711798670575 0.116958181694343 0.0443594861859624 0.224664844067419 0.399243373273433 0.194578826647079 0.1562393426664 0.186570828926271 0.121995130393913 0.185904392870855 0.171344272437961 0.261570234567103 0.108645168252264 0.147390469483582 0.169217540971711 0.227763267017116 0.14904250614197 0.0818041876638564 0.229777490645858 0.0795343580645687 0.143024168382338 0.0522937392927469 0.0670497107706896 0.103737897194207 0.094436905292938 0.0516731971578935 0.0321703574313781 0.0607978375893796 0.0340561249054483 0.040605802374097 0.0201121664600658 0.0351850524151253 0.013791308454798 0.0124921220916882 0.011378018722822 0.0175325264625554 0.0218444794808693 0.012557725527093 0.017259014078027 0.0206708021553864 0.0149340139103853 0.0117737879885455 0.0262786892025468
0.554112176128859 0.374720065309158 0.330695373409801 0.178251492701104 0.284001586171094 0.116604557015125 0.215115561554295 0.446089611942999 0.276030630705265 0.327887061798046 0.207348544126705 0.166203833724739 0.110565404894849 0.174069101809887 0.212452655695877 0.204505751056212 0.283567318509739 0.118031180000822 0.231425403846714 0.106599763463817 0.153237096751671 0.0396584942021563 0.080061928189097 0.0964330726283101 0.126529087947222 0.0407558493575925 0.0258473095931986 0.0730197953567337 0.044807413107138 0.0379457394694865 0.0286141854035279 0.0865633476941925 0.0299383378168405 0.0126378336466506 0.0194221070616651 0.0347646841102973 0.0141761292361028 0.0183977015651821 0.0230543603391791 0.00686462342090971 0.0128009662995041 0.0132316893261045 0.0305110450622563 0.00991086721807214 0.0152675212773192 0.00972908677077494
