resultados/modelos/gam_pseudoausencia.asc
NCOLS 330 
NROWS 228 
XLLCORNER -12 
YLLCORNER 34 
CELLSIZE 0.166667 
NODATA_value -9999 
[rows 60 to 79 of 228, columns 92 to 137 of 330]
-9999 -9999 -9999 -9999 -9999 -9999 -9999 -9999 -9999 -9999 -9999 0.932904714161096 -9999 -9999 -9999 -9999 0.949949935163904 -9999 0.915290118412173 0.970006653547938 0.912194018085163 0.84605123307108 -9999 0.928471762425632 0.976511283344553 0.968544013569329 0.975808568381138 0.979406517500085 0.945145628983061 0.962879478316937 0.901252608067012 0.86284543853743 0.751855617823452 0.858773155222806 0.929693780179849 0.911701398811218 0.901673615623804 0.596893376303951 0.573156071619428 0.473697394817925 0.556093995552207 0.579069649827634 0.701280965104141 0.516541102230714 0.5579399005065 0.855285289803723
-9999 -9999 -9999 -9999 -9999 -9999 -9999 -9999 -9999 -9999 -9999 0.929863220963987 0.762937446276868 0.670915670251853 0.737511239730353 -9999 0.889581679418081 0.921572477475939 0.919160195353628 0.874166020487151 0.788658204142465 -9999 0.92921281150091 -9999 0.961652823644372 -9999 0.960303160022367 -9999 0.836620499470456 0.843938762141845 0.941105591906377 0.708907270472894 0.592982974209902 0.854302893080385 0.944984495809945 0.895543464021931 0.825929162007783 0.892332904193989 0.880279810238706 0.830298667488879 0.568797199773211 0.559108007765387 0.715806160290857 0.858492712773491 0.900229848834148 0.899159674388753
-9999 -9999 -9999 -9999 -9999 -9999 -9999 -9999 -9999 -9999 -9999 0.867972598945921 -9999 0.938395563256651 0.903077517835979 0.936370756413864 0.907847065473656 0.698335594393378 0.882151227684727 0.769467261565208 0.8975872267888 0.738022887529376 -9999 0.847394140314089 0.932226713128194 0.934603998585056 0.914214359129933 0.937502010209816 0.811253344130041 0.705048188812629 0.647270651259816 0.598234727475386 0.602713334424173 0.853520065835785 0.87347152445512 0.883036290914617 0.863628707395858 0.860779906016651 0.868136678781595 0.775651870851704 0.839041933046107 0.864047339990603 0.534818880311747 0.768093401646884 0.809230155323199 0.906623866275685
-9999 -9999 -9999 -9999 -9999 -9999 -9999 -9999 -9999 -9999 -9999 0.935966968358933 0.847494500178882 0.879285908633644 0.920154280293342 0.907965333846377 0.922190753783325 0.887786467040817 0.714684734292085 0.81229382281458 0.727874707994845 0.883310066166984 -9999 0.953632973842253 -9999 0.931842419295603 0.921703668877295 0.871705844606611 0.89631863583272 0.888275327261124 0.838773320693599 0.687210802798653 0.671138271426684 0.720656553465871 0.826594317055529 0.734270755899215 0.883368221660375 0.851883856039457 0.825921661943034 0.613800326568969 0.845603466688607 0.876937881380364 0.742655476354196 0.621287257496998 0.692074622829789 0.880219798226548
-9999 -9999 -9999 -9999 -9999 -9999 -9999 -9999 -9999 -9999 0.800896324057697 0.913800535695675 0.899489334394605 0.920613173776323 0.889187693844637 0.905687202299714 0.758921818641469 0.85154788234405 0.693162086958275 -9999 0.70810193719903 0.866100388304992 0.864216035703788 0.951214670268197 0.976587822258424 0.974355095617005 0.961471359590513 0.888561945569448 0.903046737666991 0.92134766385596 0.828679538568877 0.793757782193448 0.8926790934611 0.838625880997322 0.874195331855574 0.817006750805568 0.798830772167477 0.613895627875531 0.752683948814504 0.832711116638848 0.847398036018618 0.875355854634932 0.875903899786978 0.576234822981479 0.656446164121288 0.754206420015165
-9999 -9999 -9999 -9999 -9999 -9999 -9999 -9999 -9999 0.73682744053368 -9999 -9999 0.870175614992787 -9999 0.868299247628119 0.678221453399912 0.525125202243825 0.830438064701879 -9999 0.874901846314633 0.810750059683486 -9999 0.965286601117179 0.857100307325627 0.973042987545823 0.958459184960876 0.945427611749545 0.925923470293755 0.864962014452988 0.767430582901977 0.669451614750715 0.891102167814874 0.938337199124335 0.914719507726282 0.854142926838533 0.849985243230091 0.755613459392712 0.803413598528202 0.815371540131869 0.840729425498089 0.882431698146751 0.855930741421396 0.91690096815265 0.842804059128999 0.838272687072057 0.882415442342757
-9999 -9999 -9999 -9999 -9999 -9999 -9999 -9999 -9999 -9999 0.672315289446823 0.802485699315203 0.907274022483005 0.860109691559331 0.495461502957507 0.400763299726576 0.619610012544057 0.688778679852117 0.890960385731841 0.874389731078166 0.773436642042741 0.824142172986633 0.933597489144194 0.908774153259837 0.821594230986427 0.740987613535483 0.760484738272575 0.688645031422782 0.698764205484202 0.770182653515414 0.935616072573517 0.763521889395584 0.865592271782597 0.710261734954173 0.881391022015106 0.795251939037644 0.787072928794077 0.836505207123002 0.889854508352686 0.911799352231232 0.867274307971074 0.825986722709415 0.903538198676037 0.928999370818644 0.884675815584818 0.938726452565508
-9999 -9999 -9999 -9999 -9999 -9999 -9999 -9999 -9999 -9999 0.226584185336157 -9999 0.701048774640716 0.7208389268094 0.783662941114083 0.66393564325989 0.730413324375282 0.814675419026818 0.622540103952584 0.868624452720487 0.788428434813942 0.875623563657405 0.859963274690177 0.869250084302511 0.85798702012862 0.761767742945396 0.814328679108539 0.822147174977887 0.819684438669193 0.778815063617663 0.931782200600434 0.926016935351848 0.899699143021834 0.840828131458573 0.802816007714106 0.733293227217265 0.734776761168159 0.882150199019381 0.8807140205306 0.896336689460765 0.926888429672683 0.892279115661956 0.830986345864609 0.893817396493663 0.889976808358297 -9999
-9999 -9999 -9999 -9999 -9999 -9999 -9999 -9999 -9999 -9999 0.226727101024845 0.400683446063814 -9999 0.56732225747603 0.67675135877595 0.606947513214092 0.729714267853869 0.580060795906806 0.479390537051638 0.813913014338155 0.853363550092071 0.862108370574301 0.833422845300521 0.880178749055459 -9999 0.798352429686231 0.761900690710209 0.717124724214394 0.916473853181168 0.937079789021168 0.939679865391655 0.930809914088572 0.91726990856166 0.880139023707877 0.773458262453296 0.80967534404193 0.823960527101975 0.875073177619643 0.923013787749222 0.924632785722684 0.882815398289573 0.917976665861441 0.914427704404061 0.833649676803654 0.891521060364712 0.947820513138774
-9999 -9999 -9999 -9999 -9999 -9999 -9999 -9999 -9999 -9999 -9999 -9999 0.798971458811127 -9999 0.711305035773496 0.523812840972363 0.419025288123803 -9999 -9999 0.841029371745927 0.882322523896804 0.730540691584267 0.942725308025007 0.956048296502949 0.821164096307492 0.376528251363219 0.48086051079017 0.665052023019991 0.775792973433735 0.921647413197012 0.939523910978794 0.925020567977198 0.863574854028957 0.890763735520644 0.885767898815015 0.872254120570164 0.865599522890009 0.862738729920941 0.897227327075034 0.907165688384674 0.912753567273099 0.784438157514443 -9999 0.943498889940403 0.884040407819606 0.926915857650121
-9999 -9999 -9999 -9999 -9999 -9999 -9999 -9999 -9999 -9999 0.302752819891929 -9999 0.533524022882919 -9999 0.703010711676664 0.541925465462509 -9999 0.619020566213954 0.678199064334575 -9999 0.865242519326327 0.812573801504416 0.840835986877226 0.748198011535973 0.357396272028579 0.287359251812455 0.329347815696527 0.461377426206351 0.557163686626195 0.527906037152527 0.842818454276072 0.931276793221654 0.920561835899567 0.947129834821325 0.915422283794775 0.911658542040894 0.840016279322762 0.872348111011107 0.900847729436504 0.920591107587961 0.895742409225512 0.846597840623648 0.951910204935772 0.93072179951584 0.905716450265279 0.932568958453996
-9999 -9999 -9999 -9999 -9999 -9999 -9999 -9999 -9999 -9999 -9999 -9999 -9999 -9999 -9999 -9999 -9999 0.487973472347726 -9999 0.611767656189251 0.921849497153397 0.779938824882109 0.671625726023295 0.512385873039833 0.582282904552872 0.464525759058101 0.718988111332849 0.797406939859026 0.727706019541698 0.710091752483574 0.667005459846541 0.934879484738748 0.959327815565077 0.939873601008478 0.949058450843522 0.947918867642458 0.96299265925135 0.962301043014822 0.890549236301622 0.817529200492291 0.867859028709552 0.911279325373281 0.924277824250872 0.954447981207344 0.910553625853854 0.667075052793061
-9999 -9999 -9999 -9999 -9999 -9999 -9999 -9999 -9999 -9999 -9999 -9999 0.868884494656213 0.805240658957587 -9999 0.515064130001574 0.730967972027675 0.605929330289041 0.597931611719148 0.88309402785735 0.830602453390279 -9999 0.889063858527142 0.676679140598432 0.639889753384584 0.690457329267863 0.4362779779391 0.826746015900743 0.91461384503966 0.898245631979229 0.932569179940334 0.953570900289221 0.937270186770872 0.937480411063211 0.967224583706059 0.961337765294215 0.967151849511083 0.931226905947493 0.951019406186736 0.949724615520637 0.957383988782332 0.943645410456169 0.94676007451732 0.938463588260769 0.952393238976858 0.901263234216164
-9999 -9999 -9999 -9999 -9999 -9999 -9999 -9999 -9999 -9999 -9999 -9999 -9999 -9999 -9999 -9999 -9999 0.820990275520922 0.65473223832503 0.770536611274325 0.828090740033436 0.865030964972096 0.8911079636673 0.880590252373448 0.950649877774029 0.972821371376855 0.941342288524202 0.836814317151694 0.961676998143766 0.947842626101473 0.960940843931865 0.942398358896545 0.980480650639811 0.977748134909575 0.961631825164973 0.942314214723573 0.97398835113056 0.960723975754648 0.939716407745393 0.947761593283913 0.969207294954337 -9999 0.95083943543119 -9999 0.731060651187444 0.615736704211815
-9999 -9999 -9999 -9999 -9999 -9999 -9999 -9999 -9999 -9999 -9999 -9999 0.495538505420283 0.806307196351447 0.921247767141243 0.909831647663365 0.883161236885263 0.70425663117519 0.821835538071563 0.732848328807697 0.734596810617892 0.808877314233953 0.815214676691417 0.925375811664767 0.929102853451231 0.880211094205584 0.962733538113623 0.984635189782984 0.988879375254746 0.983749150895796 0.986882710449687 0.989193322437809 0.975807391551368 0.98053943067685 0.973170631428049 0.949498904441241 0.957042403765758 0.961840962256936 0.964239014882977 0.964076067062404 0.931640630541509 0.910585032121333 -9999 -9999 0.575563436318345 0.491658358193232
-9999 -9999 -9999 -9999 -9999 -9999 -9999 -9999 -9999 -9999 -9999 -9999 0.608134735190555 0.731409214472711 -9999 -9999 0.874835282003617 0.890004378415551 0.918268720910701 0.919483891912096 0.811496581473056 0.440757488767018 0.513316212466073 0.927886468822546 0.973731451422143 0.913766027187353 0.976680124673658 0.988846458171289 0.991726575324318 0.986849720327138 0.98842416422843 0.982465863572875 0.973317301173897 0.978147197757803 0.936239158794827 0.925502468074155 0.971109633747954 0.956193488180366 0.946676093145341 0.946775628980354 0.859391463920289 0.768328721738756 0.830285597468834 -9999 0.476824245344444 0.527188126514874
-9999 -9999 -9999 -9999 -9999 -9999 -9999 -9999 -9999 -9999 -9999 0.530782297490102 -9999 -9999 -9999 -9999 -9999 0.915621654718224 0.887619543437182 0.801343007648274 0.650060269640905 0.730511466342187 0.80100068873016 0.936940054011623 0.97762458638532 0.982123830304382 0.96871871120041 0.977692322211455 0.97820288904984 0.974668710297737 0.962465896416468 0.978371356534756 0.972340654519757 0.974480136033117 0.926007911589614 0.83212069732279 -9999 0.914765940163888 0.883741726726142 0.886407934826076 0.772724578932842 0.857376509765657 -9999 -9999 0.584522662708945 0.716009629712091
-9999 -9999 -9999 -9999 -9999 -9999 -9999 -9999 -9999 -9999 -9999 -9999 -9999 -9999 -9999 0.836891012623233 0.815784331467377 0.922381900817794 0.752513242007348 0.741974981667486 0.821676509598024 0.838686073463097 0.86627069468496 0.809116129186816 0.97321948083313 0.973928769024802 0.949198400049837 0.944939682688096 0.960953537350692 0.952720773313773 0.940246514381218 0.960932720015842 0.962321266102611 0.929960847970049 0.862238521451084 0.850747700341722 0.634811382321328 0.735372642096134 0.912285622584127 0.717179802081323 0.833296486041937 -9999 -9999 -9999 -9999 -9999
-9999 -9999 -9999 -9999 -9999 -9999 -9999 -9999 -9999 -9999 -9999 -9999 -9999 -9999 -9999 0.874727428286576 -9999 0.936186156165906 0.814336602045967 0.69125347841094 0.86997216981306 0.913088895274819 0.819879372747719 0.71680832676272 0.929685105594752 0.968991962961573 0.953015762163824 0.940655954915188 0.926537173019626 0.957614623024991 0.912693867616211 0.87968157638344 0.838716712066786 0.891503307098103 0.741396954535858 0.734943985848869 0.668570234216673 -9999 -9999 -9999 -9999 -9999 -9999 -9999 -9999 -9999
-9999 -9999 -9999 -9999 -9999 -9999 -9999 -9999 -9999 -9999 -9999 -9999 -9999 0.541132043261074 0.585633455364255 0.595948064647666 0.917181985241956 0.888545495191794 0.859300017045133 0.846009355679188 0.919511660814159 0.875373278841402 0.735389792538095 0.763891658092264 0.926118342758685 0.921329420501241 0.939136881891367 0.924666477468761 0.92765533556866 0.931957896527316 0.925791996998141 0.803478984970002 0.763062299009013 0.543182611213791 -9999 -9999 -9999 -9999 -9999 -9999 -9999 -9999 -9999 -9999 -9999 -9999
