resultados/modelos/gam_background.asc
NCOLS 330 
NROWS 228 
XLLCORNER -12 
YLLCORNER 34 
CELLSIZE 0.166667 
NODATA_value -9999 
[rows 100 to 119 of 228, columns 45 to 89 of 330]
0.0170918242181551 0.0262303079145643 0.0201916179123661 0.0122381763786517 0.0174313116459756 0.0347430927308032 0.0141022150133333 0.0199329091507489 0.0206829697839884 0.0114442805887587 0.0244469614283519 0.0526700759944577 0.049079725611447 0.0101678257007154 0.0199413701850917 0.0165788538093322 0.00509735604731956 0.0204844131265309 -9999 -9999 -9999 -9999 -9999 -9999 -9999 -9999 -9999 -9999 -9999 -9999 -9999 -9999 -9999 -9999 -9999 -9999 -9999 -9999 -9999 -9999 -9999 -9999 -9999 -9999 -9999
0.0315701217156487 0.033326646652771 0.0147264560268714 0.00957486614690124 0.00787484179678419 0.00873153541442494 0.0068417518106701 0.00960965280026141 0.0106579873837011 0.0126045162725476 0.0276655527474981 0.0590933285523915 0.0265169411756864 0.00938325244263678 0.00797985927232448 0.00351732073765354 0.00636747608768029 0.0677749327699603 -9999 -9999 -9999 -9999 -9999 -9999 -9999 -9999 -9999 -9999 -9999 -9999 -9999 -9999 -9999 -9999 -9999 -9999 -9999 -9999 -9999 -9999 -9999 -9999 -9999 -9999 -9999
0.027269344648216 0.0224743919885731 0.00935385630330885 0.00940380754669621 0.0258689849991733 0.0529310458408888 -9999 0.00620581218131314 0.00695640738202218 0.0101923032745616 0.0143992081320317 0.0299513743897973 0.0199874451531635 0.0250216917475405 0.0315972268749509 0.0170877034715087 0.065276725428453 0.113868437698424 0.0957833018189247 -9999 -9999 -9999 -9999 -9999 -9999 -9999 -9999 -9999 -9999 -9999 -9999 -9999 -9999 -9999 -9999 -9999 -9999 -9999 -9999 -9999 -9999 -9999 -9999 -9999 -9999
0.00930767299000189 -9999 -9999 -9999 -9999 -9999 0.0109198482203783 0.00983413409046241 0.0265540227797645 0.014885739184334 0.00821858616294717 0.0201423095293094 0.0140664413689711 0.0121416164799605 0.0264269570179039 0.0245565560385312 0.0108955615556574 0.0261532894758915 0.0174620935230448 -9999 -9999 -9999 -9999 -9999 -9999 -9999 -9999 -9999 -9999 -9999 -9999 -9999 -9999 -9999 -9999 -9999 -9999 -9999 -9999 -9999 -9999 -9999 -9999 -9999 -9999
-9999 -9999 -9999 -9999 -9999 -9999 0.0184971357766113 0.037858109380542 0.0284773378562686 0.0281123413324102 0.014682698608306 0.00897576020341959 0.0174263864621163 0.018294357532441 0.011270377795155 0.0131624950209354 0.00492445968954433 0.013944768809025 0.0167033203795176 0.054711633409248 0.102788616648297 -9999 -9999 -9999 -9999 -9999 -9999 -9999 -9999 -9999 -9999 -9999 -9999 -9999 -9999 -9999 -9999 -9999 -9999 -9999 -9999 -9999 -9999 -9999 -9999
-9999 -9999 -9999 -9999 -9999 -9999 0.0299428497433353 0.0332145331646809 0.0278114817032229 0.0234989951931653 0.0168217395244329 0.0086867700487076 0.0108145523035246 0.0117469722087044 0.0171772734264717 0.0157992654135613 0.00649663057612442 0.00309748091942338 0.00445159302091459 0.0144475761353616 0.0183450679002328 0.0120279040755824 0.0186276218184619 0.0309805870444595 -9999 -9999 -9999 -9999 -9999 -9999 -9999 -9999 -9999 -9999 -9999 -9999 -9999 -9999 -9999 -9999 -9999 -9999 -9999 -9999 -9999
0.0686190638402839 -9999 -9999 -9999 -9999 -9999 -9999 0.0277301372829744 0.0103264967576859 0.00935718757507288 0.00712086566972134 0.0128707064719425 0.0108264394466063 0.0106660494777277 0.0118460783628725 0.0143670993946396 0.0135409758013722 0.00413434743349343 0.00327673039700008 0.0155254319867643 0.0151761018015512 0.00795234818959953 0.00754368621290593 0.00880144233603787 0.0124363359117993 -9999 -9999 -9999 -9999 -9999 -9999 -9999 -9999 -9999 -9999 -9999 -9999 -9999 -9999 -9999 -9999 -9999 -9999 -9999 -9999
-9999 -9999 -9999 -9999 -9999 -9999 -9999 -9999 -9999 -9999 0.0144297805969059 0.0279684820678678 0.0106662217646015 0.00881902278230598 0.00788129028215056 0.0244480881338538 0.013621407153131 0.00595810435829592 0.00390101198027806 0.00447421469323524 0.0063260787699256 0.00513794017238657 0.00777804345846524 0.00253586988622272 0.00218296653067894 0.00277520657917355 -9999 -9999 -9999 -9999 -9999 -9999 -9999 -9999 -9999 -9999 -9999 -9999 -9999 -9999 -9999 -9999 -9999 -9999 -9999
-9999 -9999 -9999 -9999 -9999 -9999 -9999 -9999 -9999 0.00534377682900753 0.0120594174722307 0.0179252663155486 0.00659862740352102 0.00625233842126842 0.00724807397925838 0.00847518137341214 0.011308817735019 0.00726769275565148 0.00513876675594016 0.00395008686925799 0.00623477035329252 0.00472406191924256 0.00650447677950692 0.00250418636841096 0.00217307797676741 0.00147667153921443 -9999 -9999 -9999 -9999 -9999 -9999 -9999 -9999 -9999 -9999 -9999 -9999 -9999 -9999 -9999 -9999 -9999 -9999 -9999
-9999 -9999 -9999 -9999 -9999 -9999 -9999 -9999 -9999 0.0113583765912028 0.0116055608704714 0.010477159794431 0.0142293373091965 0.0066162278342964 0.00530290574237238 0.00939159799701008 0.0292343251424016 0.0327913788607033 0.0211992759815956 0.010120270485699 0.00499853989213904 0.0036149124162423 0.00279256098363767 0.00741195253744963 0.0168495489698286 0.00512732753065991 0.00153072858504204 -9999 -9999 -9999 -9999 -9999 -9999 -9999 -9999 -9999 -9999 -9999 -9999 -9999 -9999 -9999 -9999 -9999 -9999
-9999 -9999 -9999 -9999 -9999 -9999 -9999 -9999 -9999 0.00939084689466612 0.0159494569981962 0.0232456806928956 0.0124171043826292 0.0119440668951999 0.012978619053337 0.0101730609099621 0.0121460108802361 0.0125654160590803 0.0168666025522988 0.00884975534114286 0.00808481834173 0.00509018843427204 0.00354470185647005 0.00988907854757728 0.00345690406296022 0.00462177116230102 -9999 -9999 -9999 -9999 -9999 -9999 -9999 -9999 -9999 -9999 -9999 -9999 -9999 -9999 -9999 -9999 -9999 -9999 -9999
-9999 -9999 -9999 -9999 -9999 -9999 -9999 -9999 0.0792691493972057 0.0458111290051956 0.0294855998104239 0.0175266174832053 0.00692827233655901 0.0118476751300985 0.0118276667700081 0.0126376427159061 0.0151823647507235 0.0128321709975148 0.019307833653482 0.00859597640907569 0.00469848834749982 0.00378769171384054 0.00377015400306239 0.00245972624164174 0.00243819328957255 0.00279375309461101 0.00274733099690959 0.00199165343289077 -9999 -9999 -9999 -9999 -9999 -9999 -9999 -9999 -9999 -9999 -9999 -9999 -9999 -9999 -9999 -9999 -9999
0.00467076920804018 0.00662188371768057 -9999 0.0612234581705148 0.0264700489655668 0.0268257119013593 0.0142202806456624 0.028718125711608 0.070240961264503 0.0605789422949085 0.0129419289589376 0.00488911092946815 0.00404258376416659 0.00407166858904401 0.00703832185532692 0.00313900810293225 0.0034119101655539 0.00682170087644038 0.00615784716726832 0.00317770747932935 0.00483434213149323 0.00339696995673314 0.00342183878071742 0.00576828181038531 0.0040700257139157 0.00360877442281605 0.00250515616747024 0.00271048398008264 0.00280480016763745 -9999 -9999 -9999 -9999 -9999 -9999 -9999 -9999 -9999 -9999 -9999 -9999 -9999 -9999 -9999 -9999
-9999 0.023940439063595 0.0253775231863114 0.0354941145802223 0.0327777602475481 0.0203317011224176 0.0391538480595766 0.027133841542968 0.035155038368525 0.00998957263840471 0.00795995359971743 0.00529343218351716 0.00562273260117997 0.0098100046098353 0.00637830435719263 0.00387928040575771 0.00474043343119755 0.00440406435917423 0.00398087965168658 0.0102151894383563 0.00367241161290805 0.0023632628876194 0.00339425086346078 0.00274941614772534 0.00312777479028906 0.00214804629297548 0.00292021263759483 0.00319167303516419 0.00570772865794748 -9999 -9999 -9999 -9999 -9999 -9999 -9999 -9999 -9999 -9999 -9999 -9999 -9999 -9999 -9999 -9999
0.0237275556699806 -9999 -9999 0.017819062245587 0.0246891286949373 0.0286030221859352 0.0362373059942167 0.0323763321307169 0.0261703732686089 0.00796809341763686 0.0065505356230362 0.00897138811762985 0.00781989916332512 0.00601859836276742 0.00685845195322867 0.00365693290983253 0.00342524758376557 0.00343169589194244 0.00838609102976709 0.0165137091600683 0.00720554021993607 0.00269166345592487 0.00383821773828701 0.00389594445646811 0.00312609851294827 0.00243179049965119 0.0036720818542155 -9999 -9999 -9999 0.00389634712720462 0.00452085549871469 0.00472632064911454 0.00522093769140406 0.00579630415042974 -9999 -9999 -9999 -9999 -9999 -9999 -9999 -9999 -9999 -9999
-9999 -9999 0.0458390307902579 0.0328018828447878 0.0264326761019612 0.0284380285330973 0.0271116098037569 0.0124717503193376 0.0107158780441597 0.0057874331847273 0.00797500289491151 0.00697319951985084 0.00768223070271645 0.0052041522282356 0.00729945464964755 0.00631666858064551 0.00315596310268783 0.00311024826686727 0.00447774099975192 0.0104755963517374 0.00389666459920391 0.00407703147502936 0.00355510089184619 0.00414617152508565 0.00534700226756744 0.00445054340726017 0.0035276406539415 0.00350942804604163 0.00376274852396582 0.00893255877892535 0.00444195188569224 0.00287511318046722 0.00303407282614373 0.00259629537954898 0.0029772366025547 0.00281008691877586 0.00338239277030228 -9999 -9999 -9999 -9999 -9999 -9999 -9999 -9999
-9999 -9999 0.0320453702042544 0.0383059179154802 0.0248097412135253 0.0151482777975201 0.0138719434896404 0.0098169807632557 0.0149675013827257 0.025409440118091 0.0106321085299241 0.00736837283323273 0.00861955875235603 0.00511785831169725 0.0219628080029446 0.0205569464917408 0.00761117750202138 0.00279064331207573 0.00307529266858392 0.00682734757030439 0.00810407747243985 0.00330353904344411 0.0047892110674064 0.00494124010748918 0.00542006074232572 0.0150357216053372 0.003802934986685 0.00423258446481903 0.00388570032503903 0.00639864665625276 0.00634580093770249 0.0051312721666281 0.00338615311278062 0.00299632091022612 0.00584733606895436 0.00373348844053759 0.00437195648401007 -9999 -9999 -9999 -9999 -9999 -9999 -9999 -9999
-9999 -9999 0.0198711100978759 0.0089032064232454 0.00898033945876773 0.00844869870473726 0.0131338856830862 0.0106245403741083 0.0130371993668569 0.00782767786851501 0.00626084130420644 0.0161634707648519 0.00934310077182731 0.0085084263737779 0.011903895114573 0.0221423099258516 0.0104640683734846 0.00656841931182289 0.00869631611572882 0.00439468135211147 0.00295513784656326 0.0030976615440373 0.00400081124780681 0.00417071242842674 0.00314990317096364 0.00522385827261935 0.00418965370098833 0.00471840744448492 0.00569756349633627 0.00478625004478901 0.0164718151829889 0.0169542639221733 0.00665091457725352 0.00411785926608322 0.00298639088495563 0.00287399690116384 0.00549137806000858 -9999 -9999 -9999 -9999 -9999 -9999 -9999 -9999
-9999 -9999 0.0111651633018257 0.00862992043066675 0.00496543438075824 0.00690497346517203 0.00720735192101377 0.0120271463066221 0.0137819028470573 0.0088289965050395 0.00555335845663881 0.00835501734321892 0.00782696269991292 0.00495082109822499 0.00374969300183847 0.00442966340871563 0.00383442039384461 0.00450098173022907 0.00415463576250458 0.00449430263802872 0.00380305929617413 0.0064286663789108 0.00439471344722864 0.00327690666229795 0.00307296975579566 0.00423107077724355 0.00438865373429081 0.00495462950637954 0.00515480367351639 0.00788792821736631 0.00768368103164708 0.00829740963665533 0.00377710550659009 0.00294769069347044 0.00233336104571538 0.00306104800231701 0.00856515494832377 -9999 -9999 -9999 -9999 -9999 -9999 -9999 -9999
0.010819295987288 0.00965741735545977 0.0111091015565533 0.0110106133688895 0.0163232968423009 0.00512496033937057 0.00676028844039713 0.0115243561461882 0.0217214862538268 0.00450022491080241 0.00504977643239327 0.00394787016883386 0.00478414122815777 0.00387265761826404 0.00506850885730019 0.00526519331384118 0.00848826756842011 0.00489931143935004 0.00626280199102086 0.00475883541957983 0.00435486759143613 0.00343771127189931 0.00520415535603036 0.00339706629642152 0.00400780869995202 0.0028085860639446 0.00358818642817155 0.00480220575573443 0.00452880848936634 0.00478359601311041 0.00468852256890467 0.0045554106830343 0.00346093900664888 0.00561244808645106 0.00556108611347639 0.0064266526857878 -9999 -9999 -9999 -9999 -9999 -9999 -9999 -9999 -9999
