resultados/modelos/gam_background.asc
NCOLS 330 
NROWS 228 
XLLCORNER -12 
YLLCORNER 34 
CELLSIZE 0.166667 
NODATA_value -9999 
[rows 60 to 79 of 228, columns 225 to 269 of 330]
-9999 0.0226088225399333 0.0215330329925271 0.0138060272865642 0.019026543501633 0.015422433511594 -9999 0.0138324192119146 0.0138712021925738 0.0138005061474103 0.0132880779654274 0.022934448973622 0.0327017970862239 0.024093318694872 0.0071698224478963 0.0148084082939506 0.0127627359652932 0.0248129142443461 0.00885904225840729 -9999 0.00516808101043819 0.00861226394280647 0.00393457205649811 0.0251921509815635 0.0279767820866991 0.00565159271520442 0.00417379568432611 0.00720399278947305 0.014859814035041 0.00672218087351499 0.00447335245687925 0.00426057197343678 0.00478041378411855 0.00448506497515664 0.0151514656310595 0.0123305108105436 0.0124580835613817 0.0109717385779965 0.0113558347610035 0.00922875010895508 0.0120592803833554 0.00772170748146998 0.0103347970789416 0.0164168074590855 0.00801477959948771
-9999 0.01357513059594 0.017228250491223 0.00928559100375363 -9999 0.0178004898356864 0.0182117675975039 -9999 0.0263850379008374 0.00804591420216681 0.00986580487196388 0.00965728809878832 0.0146739087252188 0.0225288890515445 0.0155020025560898 0.0207430804135804 0.0164487526904447 0.0151218069880534 0.0545717166087273 -9999 -9999 0.026022996119463 0.0269859803379675 0.00708527357336847 0.00854051417684727 0.0111779649619248 0.00858164623851946 -9999 0.00352998796312323 0.00579401120440196 0.00746047866430709 0.00374543168312282 0.00359084510632378 0.00512655618286872 0.00848055563256093 0.0116910217734397 0.00881827789448096 0.0123081788000677 0.00746427786035119 0.00873808629985858 0.0154579106083565 0.011036229177763 0.00794722498935637 0.0115588728572433 0.00470955308064271
0.0468765697104374 0.0302033368672646 0.0191433788963572 0.0198833714949787 0.0191890227154146 0.0178116208949751 0.0153294706299619 0.0161912175997637 0.0145677221020874 0.011227019298068 0.00702579717626708 0.014807508789223 0.0179181197580911 0.0217506875293681 0.0266880772387017 0.0182862533127999 -9999 0.0367348253252306 0.0320553539307253 0.0134410719737066 0.0118591686695002 -9999 0.0138124126541554 0.00475960683284718 0.00431482450897399 0.0171547322080495 0.0106909444998827 0.00612276372721588 0.0101362680787263 0.0102586791013253 -9999 -9999 -9999 -9999 -9999 -9999 0.00692948230752877 0.0108081653361366 0.0118110727465435 0.00381424633678484 0.00622419097471765 0.01192047857743 0.00888192396796857 0.00537879911279874 0.0163460464321545
0.0265106871475186 0.0169139402757446 0.0171628911476214 0.0158540200150602 0.0231348933242893 0.0156090343643179 0.0226749643777917 0.0244757457581337 0.0159341582478509 0.0273626555150886 0.0127465348547835 0.0204305501067592 0.023612982197963 0.029780699993876 0.039012858826716 -9999 0.0334524882232373 0.0185981180161325 0.0185573327431113 0.0183426671790782 0.0254909604033891 0.0149725227392192 0.00857988886913191 0.00876250941685018 0.0185239536045527 0.0147553140960717 0.0154637851018688 0.019577063835249 -9999 -9999 -9999 -9999 -9999 -9999 -9999 -9999 -9999 0.00542348238724281 0.00608612605186768 0.00626665989708669 0.00486069786473924 0.00482273356321192 0.00789860243067395 0.0115107732803619 0.00968243086560217
-9999 0.0151823430332458 -9999 0.00935599251601265 0.0193942941626476 0.0214255659086248 0.0192589241029215 0.0222953057265828 0.0271475192945193 0.0268388009421005 0.0217301397690334 0.0215732980186076 -9999 0.0155083786071969 0.0236161096530922 -9999 -9999 -9999 0.0589392072082901 0.0239553211157004 0.00772161276648788 0.0277212377681161 0.0261678460544842 0.0237229068986243 0.0228602241501101 0.0315679710523512 0.0128589808290072 -9999 -9999 -9999 -9999 -9999 -9999 -9999 -9999 -9999 -9999 -9999 -9999 -9999 0.00566264086842354 0.00358944396574221 0.00548465215137225 0.00578517300404732 0.00622798526737364
0.00902484169026773 0.0159321298867772 0.0156269291557522 0.00933915936392122 0.0201955989525086 0.0232057006510366 0.0212711251031742 0.0127972729606032 0.0141571587695202 0.0159626960585546 0.0289048229350945 0.0308585325765769 0.0369363197338059 0.0156629302099226 0.0119949098626972 0.0100929012177808 0.0107828842134726 0.00665672488269663 0.0241776834778661 0.0272811273248332 0.0186245515058007 0.0113675979991203 0.0137537664776324 0.00734628374146842 0.0120682113081008 0.0236501071579781 0.0070599547893844 0.0102695957843155 -9999 -9999 -9999 -9999 -9999 -9999 -9999 -9999 -9999 -9999 -9999 -9999 -9999 -9999 0.00342869713448957 0.00720466170857318 0.011249611680321
0.0183573749808123 0.0241774470205856 0.021655098105095 0.0136807614628265 0.012397413027883 -9999 0.0298924871381321 0.0245831162920644 0.017249079476196 0.0164899716973932 0.0201202732581933 0.0187724573684552 0.00964170494717276 0.00997704498316057 0.0123346879043696 0.0188796096117172 0.0165084494124114 0.0196669752867447 0.00786398727276516 0.0122182588487409 0.0202278436002608 0.0217026614679155 0.00902747524709634 0.0128596704442151 0.0130284872352989 0.0115705902390616 0.010236550104485 0.0101598563201596 0.0166668221096103 -9999 -9999 -9999 -9999 -9999 -9999 -9999 -9999 -9999 -9999 -9999 -9999 -9999 -9999 0.00382351459369787 0.00648180971385239
0.0478542494195505 0.0324967201466416 0.0371829946908883 0.0194735731771245 0.0456536335595681 0.0325746532640379 0.0288058402761072 0.0313819991964522 0.0260930469980616 0.032323480407392 0.0343819838641112 0.0338717823196154 0.0281877097933237 0.0230845117826882 0.0220475482868115 0.0257908479917557 0.0232665889511507 0.00645721416825307 0.0197416395227556 0.0163478986351144 0.0190485382797081 0.00832015792262079 0.0101265205230956 0.0101086382880382 0.010380092805589 0.0105870603672932 0.0105689496126113 0.0119394882833972 0.0170526194535865 0.00643076852168147 -9999 -9999 -9999 -9999 -9999 -9999 -9999 -9999 -9999 -9999 -9999 -9999 -9999 -9999 0.0058272329039329
0.0189637899878916 0.0599163702792489 0.0495828513198115 0.0491475836196166 0.0227126478893821 0.0467537833277603 0.0116649164662191 -9999 0.0182281540491736 0.0138972362455219 0.011177706381751 0.0322268812281338 0.0304720971296992 -9999 0.0223193455195424 0.00969763223545836 0.0113860856667315 -9999 -9999 0.0138946877462657 0.00796780569631484 0.00755834261455391 0.00936942568489138 0.0129188766499489 0.0143168913823983 0.0178937310839883 0.0147961308459463 0.0103993688323486 0.00982015157865897 0.00945209645380287 0.0103544157413619 -9999 -9999 -9999 -9999 -9999 -9999 -9999 -9999 -9999 -9999 -9999 -9999 -9999 -9999
0.00529238387270575 0.0423312058772385 0.049862345773673 -9999 0.0116481237181166 -9999 -9999 -9999 -9999 -9999 -9999 -9999 -9999 -9999 -9999 -9999 -9999 -9999 0.00878417553886006 0.00752137980314608 0.00885480680534536 0.0130507574796924 0.0127959151900227 0.0123429600834454 0.0205347399954896 0.011418200908475 0.0107960878384664 0.0133366931185988 0.00910702169983351 0.00554707933084401 0.0329657568386738 0.0250417192951804 -9999 -9999 -9999 -9999 -9999 -9999 -9999 -9999 -9999 -9999 -9999 0.0074999977990789 0.00724183026049621
-9999 0.0150000813520759 -9999 -9999 -9999 -9999 -9999 -9999 -9999 -9999 -9999 -9999 -9999 -9999 -9999 -9999 -9999 -9999 -9999 -9999 -9999 0.00748449740271087 0.00828632390385538 0.0058115939644712 0.0122430710784385 0.00860768680798871 0.00629599772111321 0.0135149504404582 0.0132536538700757 0.0264603865524013 0.035368961752428 0.0446155622423119 0.00919292780025144 -9999 -9999 -9999 -9999 -9999 -9999 -9999 -9999 -9999 -9999 0.00875239137160217 0.01229168648312
-9999 -9999 -9999 -9999 -9999 -9999 -9999 -9999 -9999 -9999 -9999 -9999 -9999 -9999 -9999 -9999 -9999 -9999 -9999 -9999 -9999 -9999 -9999 -9999 -9999 -9999 -9999 0.0261531292303095 0.0545631080110759 0.0329635107448663 0.0269360280809297 0.0274702414320136 0.0136016304883971 -9999 -9999 -9999 0.0135293533923109 0.0316692492423718 0.0303807310571466 0.0220764609394382 0.00335505679217618 0.00404899447045862 0.00941523092622903 0.00850834889787989 0.0144789416892488
-9999 -9999 -9999 -9999 -9999 -9999 -9999 -9999 -9999 -9999 -9999 -9999 -9999 -9999 -9999 -9999 -9999 -9999 -9999 -9999 -9999 0.012784856980075 0.00865763459211022 0.011022625560421 0.0123379574979833 -9999 -9999 -9999 0.0610764041497321 0.0457575695967547 0.0391938370681113 0.0259284729284088 0.0114797364024653 -9999 0.00802540077920905 -9999 0.00833799270247014 0.0158829128572853 0.0234117255087002 0.0169163966799801 0.0127317843190196 0.00895605273533033 0.00697146143469889 0.00834092596169313 0.0101403618616704
-9999 -9999 -9999 -9999 -9999 -9999 -9999 -9999 -9999 -9999 -9999 -9999 -9999 -9999 -9999 0.0203015535238619 -9999 -9999 0.0137155016868172 0.0160403891151912 0.0162141450190078 0.0441903699496387 0.0350822073854029 0.0490048370622066 0.0585854143466912 0.054431350452643 0.0318970549109338 0.040409279104319 0.0345211506347882 0.0562248370073408 0.0291740974123474 0.0256143337172766 0.0102732235026626 0.0216020624048509 0.02061054760473 0.0130542113439862 0.0152968025206759 0.0218036045205501 0.0056642940871706 0.0136503480171635 0.0105761565238086 0.0112668953951623 0.0136700316242917 0.00718814556578177 0.0079366195116699
0.017955758503461 0.0186459915518034 0.0323209962170858 0.0282238115585527 -9999 -9999 -9999 -9999 -9999 -9999 -9999 -9999 -9999 -9999 -9999 -9999 0.0196722918679782 0.0142563990954952 0.0102287897837947 0.038147340311686 0.0420991869490132 0.0481533958717147 0.030109355731289 0.0361894563801499 0.0427576629836081 0.0349536360894546 0.0295058836612199 0.0214155513449977 0.0179850692798033 0.0265827777258366 0.0199788596292044 0.0201578768613081 0.0154595195151821 0.0198663174241047 0.0154326732537718 0.0209288541752107 0.0161858695489562 0.0237037484416286 0.00821734155566323 0.0134768672484338 0.0138650654152933 0.0154793235360527 0.0191549460495733 0.0133794453613739 0.0166948913906127
0.0314408687285668 0.0241869617517891 0.0310251966167046 0.0341340936787562 0.0293976682491636 0.0302401661596297 0.037981933968952 0.044293269077768 0.0135004494285229 -9999 0.0248129025752101 0.0269401088014259 -9999 -9999 -9999 0.0165206870768908 0.0249804012763986 0.0239556218105765 0.0224477577985032 0.0341235904093452 0.0105269326007861 0.0118165524032695 0.0134534438022446 0.0230382270618044 0.0168014324865644 0.0215952619541531 0.0367210014365794 0.0201159756797548 0.022042368938094 0.0107900080714544 0.00795317337144652 0.00686834075051653 0.0268597706771612 0.0144108226261173 0.0189088363347083 0.0359277373932035 0.0182026096837569 0.0216306259779494 0.00789025978492449 0.0102751831311973 0.0229999585299871 0.00634236833218989 0.0132259869336106 0.0148885383879839 0.0143732850206545
0.0184301649260561 0.0478017719813645 0.0413431897083312 0.0425015084599477 0.0327027207032326 0.0402268409132937 0.0534296312042507 0.0345723084930464 0.0345869855278488 0.0438981932557219 0.0445672627860581 0.0359776739072797 0.0235028198923302 0.0146353062747683 0.021265936312781 0.0328776876696091 0.0285510703200591 0.0301336846581236 0.030568080308854 0.0234862467790087 0.0255307091654089 0.0444081237805464 0.0371670975013934 0.0162764645746487 0.028770248725254 0.0358861042990529 0.0228652900645058 0.0292806276506833 0.00973976188915819 0.0169855883331943 0.0404141769113877 0.0140326154902689 0.0296572861390909 0.0258993915944201 0.0244537877901601 0.0187454740853833 0.020417944216134 0.00927545536157962 0.0152685073507235 0.0126513805841874 0.015386591844644 0.0115118744573749 0.0152404751147471 0.0141374355301886 0.00982751793991844
0.066479049567354 0.0523625872080967 0.0402265772659767 0.0465766532823463 0.0392397862163609 0.0526985755778921 0.0584176611504961 0.0352986559234355 0.0315920056050241 0.0427700836877969 0.0325664006518373 0.0373581812552672 0.0365773642202464 0.051974990582169 0.0437245235588481 0.0253150153523992 0.0416437229812369 0.059726697318421 0.0661475877931225 0.0457092893516162 0.0288024253605666 0.0552669031860439 0.0251416550527816 0.0426786966063369 0.0458881649312502 0.0406873387761314 0.0357398005161722 0.0333138028773074 -9999 0.0279562213331893 0.0323819432392751 0.0209313435371233 0.0169926505495803 0.0106595947100674 0.0131112304793579 0.00763925311923542 0.00350557847077981 0.000719427738638192 0.00500059057469758 0.00988898061475032 0.00493499083153489 0.0211315393789084 0.0199838540578741 0.00612322281917341 0.00122087690893262
0.0333990450242354 0.0340800117782829 0.037596026617154 0.0454825691717474 0.0362309623149804 0.0634770479182069 0.0693920879805708 0.0598733184478727 0.0223023473939289 -9999 -9999 -9999 -9999 0.0271734031555733 0.0401141388290414 0.0459301007855363 0.06722422732693 0.0438628602397852 0.0514286992072799 0.0260406248067475 0.0640825314350059 0.0446110269566881 0.0392660461013349 0.0477509392874193 0.0562561209843901 0.0296721049172782 0.0200005194235457 0.0390814482740696 0.0285722832693312 0.0283580712551315 0.0364844319549561 0.0190647054563619 0.0142619688924661 0.0162953597029468 0.00463578385440484 0.000719803935848654 0.000316369714609461 0.0033977783309337 0.00656162555812843 0.00253643453109983 0.000458133003602526 0.00957491470976356 0.0117406372267472 0.0119302236254763 0.0165014521190697
0.0425016154767478 0.0533838105113816 0.0426087260243469 0.0583392063605495 0.0537317886375083 0.0393096023659786 0.0315838132872781 0.0486172047090317 0.045971870712682 0.0295958006270385 -9999 -9999 -9999 -9999 0.0374487733185789 0.052312387858757 0.058726356743811 0.0331141191865038 0.0299463187694024 0.0382609604026251 0.0279554516320677 0.0214776659640949 0.0364308015563848 0.0138439022617846 0.0258288194580881 0.0140080913335251 0.0195951972323095 0.0535031465553607 0.039479678716183 0.0368492727896691 0.0283414520742994 0.0239157346808413 0.0338438981966695 0.013659095936562 0.0171229364271902 0.00236230804044435 0.00384858688103154 0.0109834473800135 0.0184048038667037 0.0146755544202492 0.00546580057636897 0.00862251573933612 0.000176926113378233 0.00149118220113341 0.00585558357621757
