resultados/modelos/gam_background.asc
NCOLS 330 
NROWS 228 
XLLCORNER -12 
YLLCORNER 34 
CELLSIZE 0.166667 
NODATA_value -9999 
[rows 140 to 159 of 228, columns 180 to 224 of 330]
0.00278843415571553 0.00209440571193632 0.00807082329218282 0.014386478680738 0.0107416336080137 0.00882809437819845 0.0111502842352303 0.00585921317962745 0.0134576267946122 0.022214650041304 0.0320726003273165 0.0651118601541324 0.11810680075831 0.0248500531075257 0.066769092980623 0.0824896398120967 0.0514878272479563 0.00982212025328673 0.00173049628721606 0.00172380470393686 0.0200850431475629 0.00284898104994646 0.000612653516578999 0.000404708269766042 0.000362086017135958 0.000413761549043219 0.00415595826543902 0.0136106213100605 0.0270579217972689 0.014774867722338 0.0544259084203124 0.0381481832953928 0.0342979452026954 0.0422926626389003 0.0305257876857049 0.0354130868175116 0.0326329058746478 0.0351128534317817 0.144922092875509 0.046683247010759 0.00790397589078543 0.00345512280855604 0.00311424990624276 0.00611067746645741 0.00260234828264908
0.00221862581694611 0.00847982717664705 0.00765129759243646 0.0125331285145224 0.00685744764718422 0.00985593859388336 0.00602928484314506 0.0121999642306427 0.0164192097590398 0.0109507925732508 0.00235144872651896 0.00297046303773133 0.00480812391502241 0.00163808195176069 0.0134010760391449 0.016593353100351 0.00390770377895426 0.00208252437098384 0.00177983967950154 0.00845532150208099 0.00808518026633867 0.00428699407155313 0.00137716510510193 0.00043414185403838 0.000378335878902515 0.000388956800879027 0.000387788492027384 0.000384100232212601 0.00141530631148404 0.0155492545891151 0.0247421146533722 0.0157991322422914 0.0151708393793601 0.0874070014107371 0.0605025813798053 0.031814347482373 0.0263294092885684 0.0347776606617158 0.0207129851104776 0.0430951200459259 0.0428096580410644 0.0211348173460791 0.00602361251764396 0.00220311540976292 0.00227225141804757
0.000920402805133325 0.000649575437586118 0.000847316601370679 0.00187111467419251 0.0023105104327295 0.00348151708388557 0.00340683364108731 0.00597611899590166 0.00302898801020124 0.00270109164485614 0.00305385838423316 0.00732999031179574 0.00227792039938098 0.00189738963468978 0.0113506135290207 0.00554259441265235 0.00174943853352706 0.00230060830580167 0.00249617212992291 0.00777378986848143 0.00668096443281677 0.000650535039861831 0.000424213155035631 0.000412979913041102 0.000505005889518853 0.000384075467952006 0.000505729056882605 0.000599313962213628 0.00075925217970741 0.000954025417413554 0.00117859928008681 0.0101659714618673 0.00280949058284243 0.0259028282186779 0.0320152576383777 0.02494127344547 0.0487276841534312 0.0749347846423719 0.055277915562752 0.0201714017952657 0.0374880567325262 0.135995673500601 0.0888202316556432 0.019474546790245 0.00735747345544604
0.000552626249317667 0.000728107148598342 0.000762476851942782 0.000721246014505205 0.00072551748836275 0.00165716168853087 0.00266694502654329 0.000853064021935065 0.00106471374629874 0.00164445140720837 0.00328603930389871 0.00872160551499737 0.0091592895929021 0.00690459964928884 0.0308388708668511 0.00443129605408835 0.00454731750301079 0.00223101589604974 0.000897289928301863 0.00051893588806746 0.000871023079593359 0.000521448005556228 0.000538090088260099 0.00046163296999139 0.000488695052995714 0.00051647068789565 0.000363836425129605 0.000557548775606397 0.000649148718292398 0.000650654874731764 0.00201037343297904 0.0086082147431368 0.00214760506880334 0.00141378332087641 0.00403644290447179 0.0173318391591833 0.0358015370208951 0.129514445129993 0.0449896442888646 0.0851098609543537 0.0718643807961167 0.0791491455693312 0.109865489403943 0.0239544120555918 0.0267697509882117
0.000477361095928152 0.000754563285388765 0.000803138214922846 0.000611830882565673 0.00157042856527843 0.00649626936294245 0.00357072197767147 0.00208442667101187 0.00222521873577194 0.00786312149058295 0.014511483235558 0.045930647027746 0.0399361407833524 0.0047425893634471 0.00537713406480718 0.00599147002350401 0.000789791280518205 0.000430633136570827 0.0005397251652909 0.000453992173049314 0.000544364571809044 0.000524042544325991 0.000702617969015973 0.000578396536460922 0.000556957874248159 0.000588230393505951 0.000436310750536471 0.000646848581447046 0.000828566670127077 0.000908213054221039 0.000786622256635575 0.00246464657253555 0.00609131041294162 0.0272051293083108 0.0161967471738598 0.0052567615968228 0.0243335184386608 0.0500905234771638 0.16018354403015 0.233868688001702 0.0968354664427965 0.0629078288919062 0.0595935745294066 0.0308430001368455 0.0215913814852241
0.000727025932429571 0.000784673562388547 0.00301754543774756 0.00197716516863057 0.00275616770269167 0.0191679981897512 0.00738118149021924 0.00176676439510893 0.0019062683823142 0.000633075289721518 0.00129132206581092 0.00151921204910078 0.000903572641735513 0.000629112509377629 0.000601139416666462 0.00043251625027548 0.000368270232756305 0.0004711263600028 0.000521290875895398 0.00042954445446251 0.00050621331090877 0.000588722440113382 0.000648358265662758 0.000659493064922308 0.000557158236497467 0.000566282456302414 0.000451244299861211 0.000503875248009346 0.000878133190234841 0.00076306691927698 0.000557312209534543 0.000960757918644501 0.0119579387546406 0.00862188499616441 0.0326735344406025 0.0230247722480548 0.0300144081097966 0.020674315268986 0.122534996377695 0.16571132269431 0.0870119968732886 0.0669185665381607 0.0565436437045116 0.064930375331788 0.0286324165291025
0.00064125737688921 0.000689848607384364 0.0038525798813651 0.00122652982499497 0.00103547433159964 0.00529177427327061 0.0115412956903014 0.00450311824815315 0.00216817920860339 0.0007542154507496 0.000515433029386839 0.000432892367244416 0.00040279610673706 0.000499143646394268 0.00043401543807719 0.000375711612743226 0.000412355116415335 0.000469395502434324 0.000521176210391676 0.000466916304695063 0.000520894385280269 0.000908046235788471 0.000969840859084772 0.000758803709621903 0.000533955906508517 0.000478930141933805 0.000456623616006073 0.000682165902173309 0.00081038276091584 0.000972453233008916 0.00557183509909083 0.00145086415580905 0.000627474498746951 0.000982752845734761 0.0117737346706973 0.0421473656100851 0.0562445729183971 0.153986471304358 0.119520114323828 0.139110387619994 0.125924448819463 0.0943292510398532 0.0602758680665849 0.0588844249157875 0.0643391759211106
0.000939419938993709 0.0027642227308981 0.00487055448252144 0.000805684727094952 0.000770923842442292 0.00537124602755984 0.00718529670737594 0.0041767364158901 0.00139432884348531 0.000797147597572639 0.000576324577787464 0.00054028987826759 0.000360578005302928 0.000384691979200596 0.000389359465505329 0.000481194448810018 0.00039059036009226 0.000407608834834109 0.00047692109364967 0.000381919429237141 0.000467301803832598 0.00055853945120969 0.000600147244902154 0.000487941689701152 0.000484687996082961 0.000605934978202489 0.000926693660383672 0.001637103024885 0.00134020557102154 0.00150975268266274 0.00127473925809532 0.00123224104551 0.00506239454895908 0.00551296227433813 0.00967050415877358 0.0124374664242873 0.0142705789827694 0.0356543440084764 0.108220703332942 0.177597207740089 0.165440460212838 0.209810189774278 0.04986062100351 0.0764544030816886 0.0477235567570868
0.0044498235281453 0.00116203449329168 0.000849309271434016 0.00138592080506741 0.000623435500310024 0.00101305290051336 0.000637571712427935 0.000664965972568769 0.000714356309597765 0.000872035810187163 0.000631043834699073 0.000500879308206893 0.000487215778838074 0.000433408331850157 0.000428238528547825 0.000407277176145631 0.000409871331782494 0.000379979698455059 0.000353267910729782 0.000406054030065364 0.000396515452034747 0.000546149123227392 0.000433850806968728 0.0003795323720331 0.000626920010372936 0.000958495921640978 0.00325165685060232 0.00193716410869931 0.00171363685601245 0.00114475734941607 0.00215377203659042 0.00324338160568241 0.00817599955893787 0.0056611285534291 0.007374566253186 0.0233250356077049 0.0153045958250327 0.0158718803775733 0.0252377935333553 0.0315343048952241 0.145144525589624 0.184524550798985 0.0352195543389017 0.0862591569043824 0.118854367094273
0.00113085280181684 0.000657886280823913 0.000581669882028929 0.00050631674765286 0.000561525062227036 0.000884396249066604 0.000615846903166818 0.000496434865427364 0.000725805102944912 0.000715617085570539 0.00076200972603693 0.000518207940871482 0.000481719357585806 0.000499003332921736 0.000351217897370301 0.000317340719048972 0.000318519722798211 0.000320073364267886 0.000304062319804093 0.000447106841804083 0.000421038231784288 0.000382403787920824 0.000455973413843789 0.00117343603586762 0.000754843277098021 0.00107475343290323 0.0100725145466802 0.00937149373000399 0.00809246290758559 0.00636074938683406 0.00590265283720828 0.00261668200290325 0.00642115115337434 0.00386082711734805 0.00483050366069747 0.00599255348929269 0.0158023539274431 0.00579939666185771 0.00687775084321264 0.0152777308973117 0.250056761752177 0.0779690311570103 0.0437880794508939 0.107878212287765 0.110595619901477
0.00199362471065281 0.000540978368630559 0.000438867018646092 0.000531798448291106 0.000587551197532136 0.000975956149782316 0.000482071579651678 0.000501097544942235 0.000624913151490941 0.000683008055661017 0.000697053564321022 0.000592901336080755 0.000539675375286258 0.00043592121491496 0.000336226473323476 0.000464230746858485 0.00038911466397018 0.000327790996141457 0.00035205476363265 0.000357383443944771 0.000336551895826134 0.000371547912029319 0.000451946866499651 0.000813006730077679 0.00108059578010601 0.00528415049572984 0.00906541397085665 0.0117055887377941 0.0211780503829998 0.00888428132198681 0.00624846481337663 0.00726934958431227 0.00572932921041072 0.00443343996076416 0.00247897348773859 0.00344394841208725 0.00374333533487959 0.00320374814620043 0.00327696679907151 0.00547121169945465 0.0115445845364568 0.119966443299944 0.116615541974581 0.0504757624483236 0.107544118822066
0.000767520922137053 0.000634229042355053 0.000600166042851968 0.000688848258354226 0.00073761479787079 0.000891369658008286 0.000510115738718297 0.000511892715852647 0.000600352996031626 0.000688537270904166 0.000604015179728668 0.00060589123478499 0.000527796824895733 0.000452548887263954 0.000352534086517466 0.000304570851840827 0.000280746769425955 0.000218003981904194 0.000448553138803596 0.000355780458696521 0.000391264975800737 0.000438045021594279 0.000413979772160051 0.000533785564829409 0.000819872480845336 0.000991422155540773 0.00673223607357504 0.0137478313472532 0.0279083226880798 0.0273578841530232 0.0175971154223468 0.0357008087791914 0.0173412245498085 0.0173367248608832 0.00676885207944005 0.0027253385016007 0.0022513414944973 0.00245230855712147 0.0032550128772086 0.00469550853337748 0.0081748927305747 0.0230262928209864 0.158572882518987 0.0510191601684323 0.0774417040482011
0.000634207888123461 0.000831127332170176 0.000840094843399322 0.00058073952230713 0.000603760227520835 0.000714456283953783 0.00042020281708137 0.000675838315270699 0.000737813123200209 0.000737095703239378 0.000653870087330595 0.000591401959786012 0.000535022668136881 0.000515375007125487 0.000328796848962885 0.000409126647062913 0.000335569063170014 0.00029340938171823 0.000433403498627305 0.00048390115422454 0.00034215468921317 0.000434338889642446 0.000336389340662582 0.000640880831274839 0.0103638175901114 0.0162334813929 0.00440777503254708 0.0336977862842446 0.0275196033323413 0.0346779930767866 0.0306371486881225 0.0533249742919202 0.134924673177395 0.00934891854928048 0.00458878882167051 0.00331717236992216 0.00850065502819843 0.00522699464342878 0.00546183946282566 0.00410115621854077 0.00411493779409484 0.0325983294139913 0.0603995921947847 0.147734945643542 0.143530730723458
0.000413547361279501 0.000607897787390576 0.000909328783932625 0.000541908911130078 0.000583647415096811 0.000436968329342086 0.00047431091649544 0.000751011520301307 0.000820944434148245 0.000784902942415441 0.000736272320662592 0.00058658051298534 0.000673967939232368 0.000510449184558815 0.000379774658234166 0.00033484485409309 0.00032056728561716 0.000291806028222877 0.000255408419065941 0.000278240453753792 0.000307538219988335 0.000370471921886384 0.000336245931249377 0.000621818697301279 0.001396635462778 0.0120405087548445 0.0153125216329982 0.0168274699275293 0.0332977067694126 0.0229894758304512 0.0402876980004594 0.151486073498446 0.105807963974747 0.108310178134252 0.0040603036141848 0.00242660028551547 0.00323192428229224 0.00522122760757718 0.00513081932698454 0.00695845645276687 0.00960668308297692 0.0362084131719791 0.0329185260951898 0.0639454010801433 0.0428299865371943
0.000840980448458938 0.00205337152457047 0.00386083333427127 0.0012773816088938 0.000492162282511725 0.000903484367131734 0.000558367954648884 0.000436000305217297 0.000481866726715968 0.000693441614378979 0.00085792729758175 0.00078858607309585 0.00101508222047967 0.000598488634461246 0.000417332188833102 0.000403887041549579 0.000405011948820424 0.000272189256478896 0.000346121093064646 0.000323440312451356 0.000368447525629761 0.000801853592922039 0.00650142149949731 0.00398350864330551 0.00704897103256457 0.00901111929052352 0.00764369912088462 0.00631626770451238 0.0199884947153342 0.0260373289207865 0.0276298492264502 0.0381583657713705 0.169467203835001 0.0164432682194375 0.00230093536262776 0.00233336989946451 0.00252714674835707 0.00291643342621884 0.00352178007088973 0.00967928174292957 0.025360132831314 0.0232079541124503 0.03193890230586 0.00867594111500784 0.0232992153160965
0.00232592061970765 0.00360072732067534 0.00060780997940737 0.000697249622146758 0.000670528442262047 0.000439260540982923 0.000358290826580088 0.000338000177962561 0.000418220462441712 0.00061359118141585 0.000854942985112513 0.000728250332101575 0.000556671262542811 0.000351008941905898 0.000280756896456166 0.000354327780010665 0.000368098803254872 0.000407981490172071 0.000457509542859506 0.000474704901742099 0.000647778337681079 0.000990080415623615 0.00326077800877397 0.00295517738624538 0.00295151734102762 0.0041929182534524 0.00516522612394171 0.00647269491286236 0.00691096061244176 0.0127546569528004 0.0304628390649583 0.0206318089645403 0.0225222672910475 0.00279477962356394 0.00219699599920674 0.00197656964631008 0.00592658430389568 0.0101426733903233 0.00750404885865767 0.02689691517287 0.019274291530964 0.0355236894981812 0.0232355366949101 0.00534362346736309 0.0147158161671246
0.000454797164728516 0.000779314564692415 0.000515700772260158 0.000402751268232669 0.000423271392159482 0.000328630016366579 0.000230034266716977 0.000200265439081891 0.000260125834384312 0.000257704220818368 0.000329571010738524 0.0004029675877172 0.000566526270150666 0.000436966806859055 0.00036553218420148 0.000280632552372369 0.000318203923657755 0.000254598408780312 0.000296637310145399 0.000369674231308639 0.000554834984919867 0.00101806048855238 0.00163369719102217 0.00123605055347725 0.00139372430913319 0.00187013277362857 0.00276306294002855 0.00579604924560054 0.00957141750695468 0.00434725192612505 0.012533002152079 0.00525393794984422 0.00653483319808067 0.00629945071125978 0.0020338550326679 0.00313635136845255 0.00205881925949443 0.00816479208556291 0.00349918875793572 0.00387844070661764 0.0107261272005182 0.0171469113945259 0.00735057275413794 0.00801674508121921 0.0530544937421664
0.000394109442580106 0.000343703444443791 0.000427674635119953 0.000371398371432137 0.000412276247939353 0.000500514605194425 0.000256582707262662 0.000209253966874614 0.000201225123994797 0.000240651430363757 0.000216976038376817 0.000245039326302477 0.0003455085172617 0.000409149839897059 0.000272603314234595 0.000214561464880213 0.000217113856684624 0.000232844837727612 0.000297860174904178 0.000969572882318107 0.0004688736568389 0.00063056028906842 0.000435177200714917 0.000608413159468484 0.00161948614303258 0.010770704981416 0.0184139043861889 0.0348311828949599 0.0148638628601077 0.00213344606724803 0.00254257653655844 0.0155547259109767 0.0582635124096888 0.0568245416029262 0.0549727060906036 0.0335153801688979 0.0167633837281282 0.00364479873033871 0.00415332374377216 0.0115251708798862 0.0181207056956402 0.0150076391891223 0.0301406459608246 0.0280549193361949 0.0246372473815486
0.000352362660304343 0.000426862083011844 0.000347571090602971 0.000299912110965104 0.0003060587526245 0.000492749853291147 0.000246418907421986 0.000152452017834562 0.000164927525786514 0.000204413556589817 0.000170414060282726 0.000151570006207525 0.000327142306498898 0.00033213435312957 0.000225804553137783 0.000227686095044636 0.000205752399506041 0.000254432303180845 0.000334064126564081 0.000458805595339213 0.000466320162115385 0.000597340720826532 0.000686169056660035 0.000678423885807074 0.00124144822706512 0.00882738574480308 0.00968887270506667 0.0307481776256343 0.016664168840511 0.00211802610155936 0.0166985822808389 0.127133460688101 0.0466514803141812 0.0260596740943764 0.0901149286067671 0.0553696692522141 0.101900170806277 0.100900731118109 0.0935971798965039 0.119024185739573 0.194928011248369 0.249454481762395 0.123391373169444 0.205963995853278 0.0187744802929652
0.000945493785418539 0.000473494300205242 0.000246289767331604 0.000200995538859993 0.000129469720980343 0.000151081897489899 0.000183097890050612 0.000183055066119286 0.000133329224671953 0.000126975255897383 0.000118743922096188 0.000133705524564171 0.000220914718337101 0.000291392713006601 0.000329311443451576 0.000207578284121184 0.000263924991462288 0.000287267177932527 0.00031735436979538 0.000340074258864186 0.000479945175417651 0.000524011995031752 0.00290312879554562 0.00150724742969017 0.00443731580634541 0.00170772932675313 0.0439733741458425 0.0439761163988916 0.0928008045718613 0.0278245450300477 0.0272932530730884 0.0479142273758133 0.0605529848091257 0.17986161389616 0.122552291575995 0.114214417925753 0.0744351625922163 0.055694919554057 0.041029013433612 0.130599887570269 0.110914336567028 0.13233856103549 0.0606260903506525 0.0554453297380017 0.0711117457017102
