resultados/modelos/gam_background.asc
NCOLS 330 
NROWS 228 
XLLCORNER -12 
YLLCORNER 34 
CELLSIZE 0.166667 
NODATA_value -9999 
[rows 100 to 119 of 228, columns 225 to 269 of 330]
0.0168241216726592 0.0100791495740915 0.00889720300495751 -9999 0.0443250838663997 0.0222253114973943 0.0232753729533952 0.032702255710895 0.00990732577803229 0.022492017237425 0.0171556996753746 0.0144078242676927 0.012020159812492 0.00981149207089384 0.00880872460006984 0.0148560519759467 0.019212520641561 0.0368632571154492 0.0208244891117499 0.0227560074500826 0.0143405806244926 0.0274046566642411 0.0192861274047834 0.0197937391992824 0.012611260326461 0.0239458539461091 0.0190632339392647 0.0155494330686035 0.011220304266043 0.0166900367315375 0.0208303550540672 0.0229081247146194 0.025448456487438 0.0146685818832915 0.023155221074867 0.0212131870051278 0.0218063284444779 0.0210408283966092 0.0273823422308987 0.0386269708466309 0.0296956518523926 0.0168815238177354 0.0467088779371767 0.0486537743418299 0.0390300261154099
0.0187196773315059 0.0143913050069866 0.00758526838257852 0.0183808771038262 0.0238231278844035 0.0285055257816457 0.0174804930771426 0.0256483754265919 0.014691837756912 0.0106805253183398 0.017404220025188 0.0167298507092833 0.00922150013267484 0.0127535315876824 0.0115147261261375 0.0162299564035865 0.0128270068876898 0.0319052309297194 0.0218975510295229 0.0139139018202663 0.0247526534986954 0.0118051456950308 0.0114886433155245 0.00932678537744359 0.019660561101224 0.0210839592917408 0.0118433566717314 0.0173365648798326 0.0168089606438574 0.0191551595081545 0.0264627416566536 0.0142459640523167 0.016898596826661 0.026357303655553 0.0291902617798137 0.0449990240458816 0.048074989334008 0.0264478589018299 0.0343952901563282 0.0331964507570787 0.0344274697896301 0.0306829630368846 0.0205676971521186 0.0164074121382026 0.0165241231969833
0.0210722041018646 0.0197396331176875 0.0205277328762966 0.0148042340003394 0.0257839380240415 0.0220253628781691 0.0152621309757914 0.00944161250525415 0.00902191633718879 0.0297436184916089 0.0150401010511644 0.0189927320687308 0.0106205931679826 0.00825598741486424 0.013581758589475 0.016566545101168 0.00878098476848106 0.0129836401172374 0.0157450148780433 0.00479602606903233 0.0132189849593748 0.0121577578641247 0.013468502151047 0.0142223709163214 0.0169385487433988 0.0216917190513545 0.0452418174156194 0.0290696547136446 0.0177412057265208 0.0229804470153978 0.0223367824761821 0.0209597511378471 0.0158887988097205 0.00897754720311831 0.010446327267913 0.0126590246719363 0.019067270325637 0.0165810746193802 0.0232270590897575 0.0148757420537559 0.0236203670824243 0.0150595966252171 0.017532447134944 0.026834707878316 0.0263168592664959
0.0139399832862599 0.0257578227486064 0.0223429215852351 0.00971652430562248 0.0134606574222991 0.0143939876629943 0.00873520356527091 0.0137802515956557 0.0148646773202516 0.0221325710374249 0.0105672388625291 0.0112948503345507 0.0091927333696391 0.0111475463671385 0.0145479401374509 0.0160729309408692 0.00904384570124731 0.0101935678607525 0.0136824778230218 0.0220189592144442 0.0292571484628237 0.00966079435327162 0.0130426815095622 0.0151619270625336 0.0205389484151213 0.0154831010373333 0.0366698791321061 0.0238108071259371 0.0261224343098763 0.0183889512419127 0.0151896313559685 0.0166404808883499 0.0146936781436584 0.0115820865724698 0.0154536223569972 0.0180910937960661 0.0153255988165733 0.0157178415304581 0.0130217278466306 0.00814502395286285 0.0148499362710748 0.011214499639318 0.0212159778274251 0.0193826811633773 0.0407470150808112
0.0273475196360677 0.0260873360534895 0.0263527946223804 0.0154872330127242 0.0101267953362961 0.00768776128338848 0.00865311448528414 0.0120785174166203 0.00889579358607178 0.0112887883128607 0.0073124690953556 0.00976610487785182 0.0118381760217626 0.00956027814600728 0.0106156381719239 0.0125539269206471 0.0292864974337457 0.00948467883242288 0.0162828332456132 0.0128661332096518 0.00930383193671306 0.0121016678333029 0.0293358634155069 0.0150012894273797 0.0169006855654802 0.00631502506007393 0.010234776161678 0.0103719869715672 0.00746300032940312 0.00885261491865201 0.00787801437600127 0.00866286995559182 0.0108121587940752 0.00762754564709501 0.0114762505702977 0.0148284105411738 0.016313762049955 0.0225777236436938 0.0142112545995778 0.00989446830279773 0.0106402449997033 0.0205090560455684 0.0354224257070422 0.0376076171062684 0.0224025518938935
0.0200084527551525 0.0183474994142366 0.013124606567982 0.0255631853399945 0.0276418142535565 0.0127919460387328 0.00822636127424264 0.0111383902217856 0.0097601201894256 0.00850823658522142 0.0108026156592909 0.0166788285092661 0.0236050701470794 0.0159234218172805 0.0102895398920344 0.0116935772010255 0.0255796136100463 0.0280271628644213 0.0146192642011068 0.0238631740545845 0.00656051783292934 0.00717542966332928 0.0133675463917997 0.0279580041140319 0.0179629752409014 0.0132775717763167 0.0107583942743117 0.00880919587440769 0.0103638820790203 0.0123680165214054 0.00714469804727155 0.00934682857420612 0.0091022498750337 0.0097006031033843 0.0117839725785022 0.0205134038450693 0.0194355530868363 0.017640893118984 0.0102228772130435 0.00983402210139371 0.0106550354881877 0.0118038287545539 0.013231484386345 0.0349445837628422 0.0281385761306943
0.0355473268316587 0.0278441061528915 0.0155024323278562 0.0229265639195591 0.0164931665603421 0.0232605231721307 0.0154298953595376 0.0100515570778656 0.0100317249397695 0.0168550249775843 0.0222782418483918 0.0358423613952782 0.0428111874530801 0.0252299772121835 0.00962287368262886 0.0182387142536562 0.0167799177693691 0.0193695200847121 0.0117449851610191 0.00803367130968499 0.00882492330221531 0.00687555388934822 0.0120996839099101 0.0196619692375328 0.0163505732102957 0.0113190967159979 0.0117484194500034 0.0113680735046218 0.00955981022496632 0.00632776828220348 0.00694934624536373 0.00867497025286816 0.00635160289683567 0.00569445311373866 0.0105700034647111 0.0141845432265699 0.0113369983005117 0.0134758963984131 0.0141143323843912 0.00806906045431124 0.0091055703442256 0.0116139828838304 0.0108893898029315 0.0169776474062745 0.0257503301673012
0.009301199224747 0.0122405115585414 0.0130157672961556 0.0281018513137679 0.0171334866899968 0.0160181571192564 0.0144922261996698 0.0121004558691564 0.0101458344962507 0.0148639356427797 0.0193359131636185 0.017266120038385 0.0211623317083429 0.019261576979462 0.010121413950396 0.00884479383172869 0.00753060058417143 0.011254096167612 0.0121879115238936 0.0197782712783762 0.0136222239107813 0.0165818471111347 0.0212264145253678 0.0219223683037578 0.02125051324245 0.0097044126485653 0.00774436801538062 0.0069743491555591 0.00688884530326446 0.00974668072484156 0.00628943869315808 0.0107472403912926 0.018149537438555 0.00714110673978216 0.01251518733938 0.0105671108273644 0.00828796475495949 0.0113459005915183 0.00939958191174748 0.00934808243456737 0.0141535143274494 0.0258849742259342 0.0252296622809211 0.0168150340288623 0.0193989149261451
0.00706807651229251 0.009984502829315 0.0108525055636643 0.0168709587271426 0.0273845041918919 0.0115401612938194 0.0183178295880258 0.0112466219750169 0.0224477489239078 0.0311753864620074 0.0120138982439907 0.00499574260044448 0.00900995489661583 0.00749927052214843 -9999 0.00812451725594634 0.00796616065823222 0.0125968484026802 0.015169746304838 0.0110495603574937 0.0161938428951725 0.0128170999201759 0.0179207538134766 0.0191571822590768 0.0141811285516547 0.0114545584696716 0.00916878455472943 0.00918874270041821 0.006376183251788 0.00816516850926285 0.00636508875030026 0.0111487459249256 0.0172246714263995 0.0126185243496764 0.0144582213331279 0.00979934860024677 0.00759650642163578 0.00821714966350998 0.014390708689007 0.020241296082062 0.0202544862088755 0.0157168134011834 0.015892435008417 0.00875212394197325 0.0113589597771058
0.0104538035210353 0.0141645595534724 0.0153256998380059 0.0106437475396779 0.018260961541714 0.0262880017915748 0.0217642789545259 0.0152035534440121 0.0211802045502031 0.020267045119627 0.0117281803090367 0.0106289869799012 0.00627946991215303 0.00381406297477509 0.00418779088218622 0.00627995959190339 0.0100740194219861 0.00824548629082024 0.0148856047260552 0.0102930925601906 0.0132639641748188 0.0072433404203764 0.0203621218386368 0.0155175582007175 0.0145779022619743 0.00686950129651744 0.00842112709795896 0.0102524115304022 0.00986485726391112 0.00827166486544709 0.00798657505967836 0.00918271766074953 0.00697371351301034 0.0149446787561609 0.0164477454785514 0.0126499415161542 0.00921520846454402 0.00816819167786168 0.00863972998270205 0.0150083332681586 0.0113566353370894 0.0170703023282576 0.0226799498493988 0.0215990350774972 0.0236821777504408
0.0114560417272228 0.019102240113538 0.0153311715489552 0.0072751049127416 0.00776331270387254 0.0132454729180958 0.0134460349372667 0.007108231719378 0.00844200468682049 0.00483752394554475 0.00753798427376643 0.00927314437093896 0.00729110962605614 0.00618486026208528 0.00555519211934958 0.0063865707963232 0.0120317319296717 0.0190663691966345 0.0170424355829753 0.00816607301752445 0.00927825601265179 0.00427165841395715 0.0069283886653315 0.0122801106676954 0.0144791584785579 0.00931801118037722 0.00969091403051616 0.00721818406075691 0.0120201613776459 0.0137065681323049 0.0181408276942072 0.0137656452153045 0.00919629970493932 0.0117626342651784 0.00781107149227408 0.00920615491246307 0.0230042051992761 0.0208939168763228 0.00530312428327204 0.0102832072197779 0.0136659727087457 0.0228807592503097 0.0209012150107444 0.0175047548835299 0.0194929780846262
0.0101105033811763 0.0106571094726098 0.0127701238942807 0.012142913376692 0.00737298907348931 0.00903842134849049 0.00706344828724251 0.00778654955383395 0.0121433255665084 0.00645612767683617 0.00529007582336967 0.0121435501250184 0.00975644763842803 0.0105472828567773 0.0245251373033593 0.0149397315315528 0.00944310572961291 0.0151462783309138 0.00730761518934052 0.0090932683577488 0.0176286412623601 0.024907629996969 0.00822683182040512 0.0147868734175665 0.0228906407485114 0.0130141860018633 0.00911022889058149 0.00704833371535641 0.0142434356019087 0.0161767334605294 0.0117164258118541 0.00812941418331534 0.00647807102040409 0.0131832383336762 0.0139461754659561 0.0182314765289828 0.0210014915635531 0.028025988443537 0.0162346036229803 0.0081812545988652 0.0116612425456696 0.00930889598328032 0.00671304573104283 0.016512321802817 0.0256422681223258
0.0249286298293748 0.0100822745733261 0.00753319665447639 0.00633397096743795 0.00775316606316527 0.0081872398469385 0.00696196006449488 0.00974797699491475 0.00902628801361331 0.00909809360694869 0.00866164267085385 0.00659264280624789 0.00968949639941072 0.014507892228322 0.0162573247838534 0.0204467119533013 0.00893049662982978 0.0174012104524527 0.00577097624464991 0.00577588903280109 0.00703952289462728 0.0207506197431611 0.011219074403091 0.00471957094350173 0.00438152064970857 0.0164820063455084 0.0198652619599037 0.00622241368501124 0.0176095517595867 0.0105534024189104 0.00759105359329308 0.00647174110086971 0.0168759836708637 0.0264980498351156 0.0108945906478784 0.00371317585811459 0.00203616530822965 0.0156913898751601 0.0129445920270688 0.0162486622274727 0.015970292299657 0.0330661853404955 0.0270666051938939 0.038326114704364 0.00482708307037647
0.00533810102138351 0.00713037639581377 0.00617203906715535 0.00650483206885018 0.00745454832388869 0.00645496875987597 0.00707738381853977 0.0074984358431453 0.0121511446822383 0.0070754713293554 0.00530041573660168 0.00395848577869409 0.00412103870360853 0.00372832165440027 0.0101203064976299 0.00906353541513527 0.0083596571035069 0.00673872472359 0.00671774285070264 0.0096754725687478 0.0058584760164743 0.00787230229678082 0.00737583712673758 0.00469541871075945 0.004120594867419 0.00455084963504877 0.00341315107595685 0.0178174456304481 0.0157698044439143 0.0093615210077027 0.00865517162651198 0.00334171130717029 0.0185475032312738 0.0140249245451305 0.0326740090531794 0.0125345109294523 0.00912366873042536 0.0100572561614699 0.0111223602692012 0.0103716647375631 0.00516104311296896 0.00864503666676299 0.0156832371086597 0.00765774551817796 0.00792550803774294
0.0138928870470098 0.00810182047817194 0.0072433858432533 0.00595684686106889 0.0131395185073711 0.00948232140576578 0.00708628864723568 0.00452774667613403 0.00578596465113132 0.00513899603860138 0.00433967892802783 0.00348542223754063 0.00410382862285363 0.00401348400428989 0.00376130195796005 0.00810510477645063 0.0144093685861694 0.0117894048963048 0.00969556927098129 0.0109704246605925 0.00776449182780637 0.00812130900344158 0.00684406630059792 0.00560662076666999 0.00400232917729081 0.00425365157646585 0.00347484993206741 0.0153258607606186 0.00372897058301187 0.00496472173390096 0.00476196784570298 0.00483660997842953 0.0121244024912235 0.0104537355275118 0.00839688682971645 0.00735805097248585 0.0139764569741907 0.0153962930517893 0.0120611282484538 0.0148520559963211 0.0212014685293697 0.0180215748987996 0.0145926959810606 0.00737927565953836 0.0147126334767462
0.0353009783046736 0.0295125705461792 0.0454289808936373 0.0103432518252461 0.0325916141379735 0.00773651596484406 0.006623117684698 0.0125486277384649 0.00610774956533387 0.0149639082164158 0.0104378316701613 0.00415815909796257 0.00320204562643359 0.00240914110558763 0.00266834154296198 0.00458283132124454 0.00955223385917725 0.0150257804457115 0.0093216241609412 0.026319048401161 0.0145029770439425 0.00924989439923951 0.00894405520438401 0.00961641358247382 0.0149573532958253 0.0203899469392545 0.0036193561425081 0.00685645600991739 0.012286402878688 0.00525586492340242 0.00468739008134211 0.00420894772678977 0.00997984464602924 0.0170221606883727 0.0127438062321373 0.00907266292366273 0.00468215691914394 0.0151310616030479 0.0180637238491713 0.00720012303022358 0.00426507905759831 0.00907348257494726 0.010370096340909 0.00803250103844531 0.00882682209142421
0.0206632122878286 0.0125788149868855 0.0128399302656782 0.0384561985326509 0.0126907867312677 0.00839957569839232 0.00988819481133034 0.00965765872712846 0.0385481101114589 0.025414390233246 0.0248874134997337 0.00728061746602386 0.00853461423970582 0.00559988183797253 0.011444348319998 0.010657615416362 0.00916528859077099 0.00935003510591498 0.0106361449461244 0.0296751165949313 0.00578475224584345 0.0059407847510818 0.00825229432979618 0.00611826795915441 0.00525249753291943 0.00493618484055716 0.00411419230962236 0.0153954268665792 0.00739328512087577 0.00536757896864057 0.00319914228490457 0.00266040297896484 0.0032753326138348 0.00414606083002203 0.00545985566249469 0.0169454349587282 0.0155586155660112 0.00685434914087422 0.00300887092979268 0.0034809374678058 0.00434950456065231 0.00734644561352558 0.00726538632843779 0.00730593044986359 0.00524468413154363
0.00772208629829386 0.0113891235787696 0.0140610081304946 0.00974043240585518 0.00640638678231399 0.00814754457625457 0.0198855129611503 0.0184431014460713 0.00545340487512354 0.00818746658046398 0.0163676229164335 0.0126648919475097 0.0186608711900729 0.0225453671235987 -9999 0.0131974792025042 0.0108098012085398 0.0163201466481618 0.00950946217107055 0.026244223994639 0.00572201714785964 0.00625990248187953 0.00522323123526494 0.00400878454844743 0.0042016493505358 0.00376962327932723 0.016804371025535 0.00863595615939322 0.00501998108848533 0.0150672771444908 0.0079041884460562 0.00516249755488559 0.00363339907662634 0.00656606989646963 0.00427016273372077 0.0121469341284435 0.00699170385884165 0.00986972517390435 0.00511964664196276 0.0065305053013623 0.00317504246865429 0.0064716295353685 0.00630052236737851 0.0108037712503356 0.0101219796331133
0.00453149514983752 0.00666912989664345 0.00663164578938086 0.00755017249927598 0.00738034211607169 0.00517718964108005 0.0106681402470391 0.00828633011792096 0.00228215076337903 0.00324663980873443 0.0100525670599284 0.0114477819305872 0.0221299164005998 0.00551957691593989 0.00434002014588335 0.00849048939897065 0.00897385212869435 0.00513991324782653 0.00757547575614813 0.00670831261357066 0.00559940674271869 0.00602062138271496 0.0050567608269969 0.00267526406552025 0.00617937974721009 0.00500598314602782 0.00610859540554624 0.00713169785084362 0.00336181606608846 0.00272083100059138 0.00637282087338031 0.00441815385908359 0.00500608058165119 0.0056464551268229 0.0025871297048975 0.00309462572716572 0.00452198172148341 0.00449915559125698 0.00549605074633585 0.00458257183071275 0.00453656370495746 0.00497409351253043 0.00293902887594719 0.00382912792806309 0.0045447410094256
0.00441963491271063 0.00651284367926809 0.0103323555617154 0.00694357380689055 0.00877057573282835 0.00852096267691043 0.00673268623958062 0.010374121627578 0.000597248283058228 0.00424534921069134 0.00962024711812941 0.00877944073306682 0.00585142142981989 0.0106804310046124 0.0138003122613144 0.00596399635323256 0.008830714885813 0.0120245465210799 0.00982965481991544 0.0157310240008854 0.0210536860656849 0.00644238783978051 0.00412945834825247 0.00400372904292079 0.0046577274416457 0.0038501532076509 0.0077600104268083 0.0106628817918218 0.00657811650570381 0.0025523292555397 0.00431386772795794 0.0053279489902685 0.00530960817421225 0.00545091639268107 0.00388719018830363 0.00445237981907293 0.00432685577916784 0.00341007079657272 0.00643089634391864 0.00791114947747714 0.00997041929399534 0.00934277429117127 0.00311948409899841 0.0028611812901264 0.00465932623358384
