resultados/modelos/gam_ausencia.asc
NCOLS 330 
NROWS 228 
XLLCORNER -12 
YLLCORNER 34 
CELLSIZE 0.166667 
NODATA_value -9999 
[rows 147 to 167 of 228, columns 184 to 229 of 330]
0.254632901391948 0.455546794924653 0.400989335927798 0.605231261908433 0.510632503625034 0.333302369394191 0.17724253666892 0.14266175750059 0.0848946621654729 0.0633859796536446 0.0448302787716441 0.0745627399066027 0.0648750055677406 0.0503843035655089 0.0475391338339793 0.0830881236320604 0.107455991052959 0.184366357834407 0.0931952357149814 0.092210443603014 0.0964967845278146 0.143069483017743 0.145474430486596 0.193309433126068 0.156990306835524 0.139552124057318 0.0961016623112384 0.0958167050234104 0.0799302482017684 0.0549004855557565 0.0724085694582529 0.086089633158105 0.109583286051713 0.515226547888203 0.722593546584471 0.886747004423407 0.923282243867273 0.890880100446629 0.420180096500859 0.655112446556992 0.480889309416684 0.358645814979937 0.686722050149517 0.471868307011323 0.538295477524254 0.159883334951821
0.173344896730524 0.209662253747231 0.219817650194222 0.238012641381322 0.261866617436611 0.382421658564271 0.227880441352276 0.162559922863826 0.115444828363064 0.0639001854524142 0.0706027387698569 0.0692296609584175 0.0669680707605114 0.0603008492585499 0.0558255707940906 0.0805343940168173 0.0709240871246451 0.117154557805278 0.076021856839333 0.0580425655805158 0.112864419629957 0.122771233531844 0.222413085476342 0.175971579366751 0.155841910207004 0.126025243061706 0.131826960567701 0.213627302828884 0.207865887130025 0.139854227810975 0.162322432256308 0.208003855042015 0.196694876320417 0.231533109755703 0.287593616204321 0.338067823248397 0.886630891941117 0.78293286835086 0.226779535994447 0.558590573104417 0.699172000525897 0.165884652736207 0.639023570531223 0.287627861629665 0.659558702461387 0.525048248669893
0.126568354408269 0.14696417482392 0.204002050779021 0.172977636572479 0.292961626555125 0.216105667383413 0.295271023024685 0.181413467574925 0.123189214521444 0.0956721129431062 0.0602470851917033 0.0406515797968277 0.0437824338222844 0.0388028456566177 0.0399408907069548 0.0670229619672345 0.0777371620256248 0.0481632976493183 0.0612175157456279 0.124375711989781 0.0776145000353139 0.139860229434082 0.247235418216155 0.0900627808729429 0.10326633115674 0.0997170850912961 0.125830395819855 0.160329710539413 0.116947224822435 0.0774024827382013 0.099514709986324 0.211186516861316 0.213920892503364 0.209594035503809 0.226744899984244 0.251914928224464 0.889046221743737 0.389618482293043 0.342719457846831 0.853609199313211 0.601172665559639 0.192941708615657 0.322538823207183 0.898456976307318 0.925725871989538 0.728203583818291
0.148279196364558 0.166469461585394 0.12693328678461 0.182088471238931 0.270936610657622 0.361826647322092 0.306567208108988 0.196818424858859 0.151170156035195 0.0917411988699041 0.0677886260824472 0.0571409617995607 0.0548652526708969 0.0425204635549256 0.0447940229481622 0.0427400293611754 0.0395563192226892 0.0238148713619516 0.0453341913832887 0.0526850930035747 0.0887364601117401 0.255931320082005 0.0608934804407745 0.0882796338228156 0.195908481515036 0.0873199825219052 0.149240394884182 0.175159500995142 0.113068451641172 0.100474884024235 0.178855846813461 0.126491467961298 0.154955732101365 0.151117135955083 0.186433529097041 0.186252289160805 0.258044937500655 0.908264986278162 0.700614720967088 0.682021129487377 0.831405294921143 0.629495444191697 0.666388052221455 0.730054211462009 0.887339078237767 0.639915188947541
0.123037294121869 0.165476039434776 0.118390082623849 0.185231087452355 0.251434755927149 0.314495852670659 0.25525804493871 0.189678225557155 0.126132529209544 0.082997282284073 0.069793116148928 0.0462458442762888 0.0334618963755801 0.023980524266904 0.0601937900655642 0.0264356882527969 0.0333506986790297 0.04891207093328 0.0535099038686769 0.0322897321586489 0.0710384359183037 0.121414505955698 0.230705393392442 0.210638270871486 0.160565121373289 0.338762730938723 0.219613058385575 0.615417270372393 0.226291050422533 0.211000186997194 0.205663098702467 0.167910631263205 0.189597146972385 0.194078900842603 0.203827200163646 0.22883264136956 0.289188538480983 0.422508372570574 0.726573737701804 0.302279406641539 0.767160320432785 0.793027091736701 0.30616380710838 0.755377778968618 0.233867106166026 0.273695687951827
0.104226032988966 0.0883220227636624 0.0836723176315627 0.196631190866947 0.304008193115537 0.242730932223214 0.247187994149122 0.211260525791582 0.132484677117962 0.133809480383335 0.0672378833546975 0.0883553061454166 0.058252878017564 0.0380456929318303 0.067271817675303 0.0575809577516189 0.0282539581033012 0.0318099763560958 0.0262922000711658 0.051023368517634 0.391087008948097 0.0767565658647096 0.259839733337066 0.422644510460151 0.126068875462388 0.0941004250335863 0.136835936188023 0.186623921248536 0.702880509564348 0.130082432975797 0.197251014911151 0.21451400944116 0.278397717696334 0.29515453824486 0.279658644214017 0.261039925863511 0.214913415656528 0.387688377939491 0.830218218074541 0.821879503281101 0.831780107030023 0.881859014773654 0.721387637380587 0.644103580775484 0.692780269140597 0.347382870805786
0.0522541620463575 0.0437544687771984 0.0618922763661762 0.131637271198441 0.25463968182821 0.243310069146443 0.30377175602271 0.199633730826659 0.215740371981335 0.0812576400759608 0.0820714386012948 0.072258371632516 0.0558615202114851 0.0449027558721717 0.033841972998978 0.0351543301612489 0.0311989547654295 0.036173692425012 0.0261455768439764 0.0330866212582966 0.0905193176643774 0.385028391983018 0.158020084424657 0.171472623215534 0.207869683594404 0.248069486952734 0.633865887469464 0.808794551686462 0.721855824280494 0.616445466286658 0.176995659498658 0.26620279864598 0.261663421325611 0.346140705658616 0.351586656042719 0.292905898082685 0.279661357756492 0.500962016345653 0.375513917502675 0.708862020340453 0.803875514068063 0.677731268670519 0.717116365235309 0.764622794010971 0.492865008064887 0.639075818369336
0.046965534785086 0.0593458587670411 0.0755646677666462 0.111535353216204 0.179715514221222 0.194685516014826 0.322303621671438 0.268813958396335 0.187456862131208 0.104898916560174 0.0921426973975399 0.0943047438772711 0.0885643874111229 0.0437202582792653 0.0378193775290678 0.0343441747546593 0.0417316988430874 0.0650330644733742 0.450256903353341 0.330699367732643 0.363766333812554 0.547058295745184 0.277527283863883 0.342358092875116 0.229645044060019 0.241360264596605 0.344739292456292 0.317192406483092 0.646127066171099 0.282101549198243 0.300836203342565 0.243418968921853 0.18911508873332 0.207006091350054 0.208734340952659 0.413890934319865 0.532181136853983 0.320544551582944 0.461966201219469 0.236008671923251 0.41899106653914 0.844221688804314 0.634534495710991 0.580453867710009 0.762417365613065 0.333808690517824
0.0549165717206691 0.0299276208379746 0.0297470311083984 0.0482041969243185 0.0872169499943237 0.165759848859434 0.237888420226498 0.210621649374274 0.117039963867957 0.0676453429370735 0.0456441787734647 0.0583260172769211 0.0635009915521437 0.0666710991395597 0.0425740668655529 0.0615292550494444 0.100148224493645 0.0900810378904976 0.274299526285393 0.293049707860358 0.322343129062127 0.220429829701342 0.287125265283681 0.135921465260612 0.282227967589125 0.209167911810214 0.239112926514173 0.247764418229987 0.304110828727808 0.382143127520222 0.254351036917548 0.228043692931177 0.321214740907442 0.505031339546963 0.275168924198667 0.421802333131463 0.367966295146811 0.285111895806813 0.300587565986299 0.153451836735316 0.348662423273431 0.199362968416946 0.676889740329113 0.884649497311304 0.696685792091868 0.696928091956692
0.0191386612764959 0.0128247158568021 0.00815868585390114 0.0081426577916398 0.0235394597077071 0.0257921350696102 0.0540995686992257 0.0854587472006049 0.0943482664676486 0.0781028841092764 0.0670230682290953 0.0509758377074493 0.054038529858238 0.028378754519547 0.0290692988932544 0.0357737913268731 0.0597264796083257 0.096528645714589 0.12403402928253 0.117884432259379 0.171322485287 0.260517638813495 0.346362659542418 0.537363798702049 0.560940424750706 0.355258634086967 0.473538875618563 0.349200157943998 0.34796998065811 0.259248518701013 0.173743778815679 0.122689973608473 0.182321332422076 0.232490822856028 0.129361928634274 0.131757822700826 0.226309643579825 0.252575397727474 0.174783710486412 0.183969100225267 0.605408268251916 0.210731116319359 0.68204541905115 0.459194680080334 0.162849125776303 0.866487358710808
0.0211137057562265 0.0163887907095153 0.00467190788442958 0.00386939351935162 0.00583821614245143 0.0134466909363767 0.0111987617508563 0.0173124694307835 0.029352591165427 0.0479019891941359 0.0337596633657916 0.0236132371828347 0.017273394174375 0.0222432022678435 0.0258567833216962 0.0399774846634734 0.0448024008247992 0.0799225243746649 0.0449586636973397 0.0556112681405916 0.16341287342866 0.368294823711672 0.0767357221729902 0.137412819904192 0.127912823686028 0.260428573182463 0.216670821602896 0.324768563897338 0.431724778979102 0.510201238007006 0.444939039037595 0.537194950315653 0.223158498309999 0.178202946795632 0.17744142238468 0.260077105951985 0.265650517574299 0.263014912473482 0.34447232915286 0.47980392863222 0.441841383365816 0.173187236101638 0.201310227314084 0.462704172832787 0.277918172451848 0.222376328402078
0.00955088612270306 0.00702708527209139 0.00231028293779416 0.00186766759672458 0.00282711356249782 0.00329649048460823 0.00265182598370063 0.00247549293995529 0.0107218852181706 0.0203985737657083 0.0161122702725014 0.015830525367344 0.0133013724885179 0.0236830267810741 0.0345686474150889 0.0468983301260687 0.0706696947057979 0.0877766973859501 0.0837680582672696 0.100119938413168 0.124549439673489 0.1060486257293 0.0929214738282289 0.133384653592311 0.122573952939329 0.146906645001451 0.181361862455712 0.385956475311711 0.229826997908889 0.124141271614353 0.840096105871076 0.444895706623482 0.595594851226252 0.766316088060498 0.864570074697712 0.97003223487649 0.966276944448944 0.969390892985845 0.560379112519524 0.801760237277535 0.346655909229731 0.908149811161406 0.831594376337895 0.660448189285444 0.626450563306908 0.407524966359583
0.00120795713780438 0.000795384323961366 0.000785062604380273 0.00169570010541984 0.00149559036442855 0.00142684829354059 0.00100020936854794 0.00111767030379154 0.0043715524788588 0.00650918910047855 0.0190183128721457 0.00793490706711948 0.0159263049520495 0.0208568116015786 0.0291097597615005 0.0557834246005367 0.116530427362389 0.12118440711746 0.369937608247686 0.244426293258324 0.431107853317688 0.18927865897062 0.292208197581146 0.200860021818131 0.501319906719272 0.868175610511513 0.613648907792876 0.41233080008069 0.645151538892772 0.950574969258447 0.827795740857497 0.398071833063601 0.624509092922783 0.685160222462642 0.761058770087684 0.554111344431061 0.496474546529806 0.854019402520178 0.379393827309733 0.403754818186641 0.964798925200466 0.53745434387437 0.416062364184801 0.319210681859004 0.580178191274065 0.485451583254137
0.0010691925424706 0.000794250500751813 0.00247599434798739 0.00324195076987575 0.00944917174104614 0.00548355640359542 0.00641146586426912 0.00445056831063814 0.00345732125351054 0.00815856449531297 0.00539744382356527 0.00744351343924661 0.00962325690364667 0.0104821919903729 0.0195655858388534 0.0448989744387924 0.101823483468234 0.127571443850716 0.426603454569916 0.349696569226563 0.162932907134862 0.166085515692305 0.306922133170354 0.784878127830078 0.8019833864847 0.438798453157641 0.306278708208863 0.539423926166466 0.472029100945836 0.668916727066351 0.675149040764946 0.577412165530359 0.742268857891999 0.395470391181625 0.328158648473286 0.128154150205851 0.192076650515021 0.217667163744479 0.0856483226558915 0.739342860940632 0.599637721834639 0.550230134061071 0.516240652566028 0.240640731729184 0.11720634171208 0.214706029305435
0.00238254341017571 0.00226326564844473 0.00188121527034437 0.00351038031183137 0.00802870361383817 0.0359780329941598 0.0697348438213365 0.0385788560069784 0.0122340967640484 0.00603117550476739 0.00207268441297746 0.00137111180354477 0.00503285124073841 0.0150249816666926 0.0129920885186507 0.0385865939009223 0.0800428305343866 0.0375495607451354 0.460518028767827 0.0283923995961374 0.119258187058999 0.0812367424999007 0.276696033303687 0.45339458620362 0.13659750451832 0.27685860351096 0.249473662993618 0.118325479614607 0.115168155194634 0.0998657510070553 0.0723469108283748 0.0766060978502485 0.169223942717638 0.210714424605518 0.331722755224289 0.196661240270109 0.248050984674071 0.233416390273711 0.166713054357469 0.148156634305158 0.173061948340415 0.265153855770465 0.182866763296758 0.16674173265105 0.0873191369322766 0.0894676300383512
0.00159190749232113 0.00174019037013791 0.00242796368498244 0.00288317218180951 0.00280657865765124 0.00464901332945636 0.00583043533937296 0.00683212478496425 0.00510160666426812 0.00779343404673916 0.00108442682251962 0.000710948184590912 0.00154294997413935 0.00889357472282419 0.0294588166840707 0.0110505409847456 0.0166071711770594 0.052490764145304 0.425914019915226 0.225553038031172 0.246705743901179 0.108046937199889 0.259698909155106 0.0793263554815984 0.16263938983052 0.190261545364616 0.0562768443749584 0.0348753819938495 0.117050359273701 0.0647625462341269 0.0713764475043383 0.111907415304347 0.0892610788923087 0.0222092429384181 0.197396683303654 0.187047482063322 0.254901614623987 0.12859223164852 0.244235608178078 0.205927397144741 0.0962418343050774 0.0514606352907008 0.0318739601042388 0.0154616008971647 0.00931608371173302 0.00473801329517238
0.0425350599078807 0.0044682997690857 0.00206517231130663 0.00215510266597167 0.00410333125400835 0.00449503573070223 0.00695739176557852 0.00998576514039124 0.00655071619915161 0.00918200945898094 0.0111522187715296 0.00710303541870317 0.00145581572036598 0.00173603483206338 0.00241632370089781 0.00530936968233719 0.016430074522011 0.0292787755962916 0.480378983763578 0.266082836182739 0.0231587033668593 0.0357814752405829 0.56779466314995 0.374100210390951 0.107847227950494 0.0522018471372227 0.0369815058263258 0.0170471369362991 0.0146548749299162 0.0176859205780206 0.0455671622765297 0.0153182551615588 0.0161582788315136 0.0100603079987608 0.0386281630094238 0.0500029426133613 0.0621001808413549 0.0640057552002348 0.0425047285897225 0.0197496346192532 0.0157685482722298 0.00853676058427617 0.00511134287557464 0.00165038090265556 0.00104020181474148 0.00118352905067137
0.192152369560065 0.251460115266728 0.106259267546723 0.00366460727807357 0.0610090039515843 0.0512009250454846 0.0179516152092511 0.0158400313262114 0.00723862350497971 0.00852112507621772 0.0356914685846336 0.0392148811791301 0.0244662236285682 0.0298371059754712 0.00418763584306251 0.00773331985033155 0.0171817934104384 0.0397077710068544 0.470308673436092 0.557270405408971 0.564377819205385 0.664120233835288 0.338993621925084 0.0103216119387751 0.0234565353834756 0.0654494960562064 0.0350904546132253 0.0222079237995435 0.00441598849230595 0.00635335000737532 0.004508026102134 0.00416289175835215 0.00398772634324368 0.00179800592885924 0.00835629994161975 0.00783523929583527 0.00851653866921389 0.0111571519249915 0.0116590826056892 0.00730820843677497 0.00337131022133289 0.00190614089830634 0.000978993448964702 0.000766436629763844 0.000700806158402407 0.000524991417335154
0.18905802776236 0.242420581918632 0.0820044762723886 0.227088196127454 0.154298088114151 0.0846917411413634 0.162695862031506 0.0815327111353749 0.017875069671996 0.0154413903090672 0.0209442185384057 0.0245222865696811 0.0349159896385434 0.0505891719772107 0.0187322560081882 0.0129750266686963 0.0252523908427741 0.354552461150984 0.353656476617142 0.0910420741003916 0.617904133859284 0.448957938177846 0.0658174645024419 0.00927231694588178 0.0056277975648051 0.035001596898313 0.076174628403267 0.0337212171622891 0.00975901919137484 0.00186447819236826 0.00149802138645373 0.00183804997160032 0.000761428923770322 0.000820947977352221 0.00138406044756364 0.00139751327684278 0.00119670453386641 0.00174231612813809 0.00336870518731464 0.00230473342175682 0.00172616964279355 0.00104564476642061 0.000759799042014582 0.000515062236226919 0.00072907626989445 0.00055349740691551
0.13353575673075 0.321813828611841 0.362874130623886 0.408095276231285 0.340392141389338 0.163120866910698 0.134524092263372 0.164883895828565 0.0832181759735001 0.0302088002817435 0.158067545913922 0.115036384872647 0.0472481960576536 0.042400244898926 0.0213685938328161 0.0306415703532733 0.139820490023333 0.256902613954315 0.165351801726316 0.0834965391208991 0.234381987435296 0.265552246072543 0.0683416618288186 0.00197103307946724 0.00730708205983693 0.00600514519717735 0.0208712980853884 0.0223329358059054 0.00584707841069563 0.000983118011468732 0.00060238970325245 0.000771295505531363 0.000745470417404467 0.000530542365714693 0.000408036397755076 0.000818430575051604 0.00057478062905969 0.000537102876567183 0.00051179242923948 0.000516540826264845 0.000604401709275308 0.000780266751347051 0.00046885184900044 0.00036280569400023 0.000393531081439514 0.000477840606936804
0.0611928381713803 0.104067778235073 0.172114161776418 0.288373103459037 0.361193292946492 0.310534834738685 0.170512951945364 0.105548516422442 0.0635764863242143 0.0856567491632802 0.100305512019616 0.105918886124664 0.0846265798619967 0.0548008050552917 0.120769104795866 0.0271301389847425 0.0937313522117238 0.168488894190607 0.246770198619318 0.204668915506146 0.168757011681233 0.189192829671688 0.0568966883696561 0.0173270237368849 0.00552939662870153 0.00225056904300036 0.00249451301857981 0.00293317941340279 0.00118497746512865 0.000712526457329613 0.000392632368441304 0.000469248978792404 0.000883730353800914 0.000387825601327649 0.000286994655593066 0.000276567085329104 0.00045685388548132 0.000246944037607894 0.000372052195796845 0.000311719990455967 0.000456504261374846 0.000374594998035133 0.000521354637372926 0.000518073503165359 0.000578145850447508 0.000674552719849537
