resultados/modelos/gam_pseudoausencia.asc
NCOLS 330 
NROWS 228 
XLLCORNER -12 
YLLCORNER 34 
CELLSIZE 0.166667 
NODATA_value -9999 
[rows 100 to 119 of 228, columns 230 to 275 of 330]
0.46607910797776 0.46698893254995 0.506742368739315 0.237514996653353 0.39341133478262 0.311299037466145 0.293435692271425 0.251119424584248 0.195211077614248 0.211309821316997 0.293333964666522 0.36344944778496 0.491909959074576 0.357056627916551 0.393244278670415 0.331394418002046 0.372960977932281 0.284386717344378 0.283799323212346 0.229806133370762 0.30029880502475 0.284507626985066 0.232208964919312 0.219037791137904 0.243581544589161 0.292353152966357 0.340964048519316 0.343423483577005 0.210090572230896 0.290461232116776 0.269758105599261 0.269970297260031 0.281119963578037 0.364525187434969 0.406687453464749 0.311860724874324 0.227414521236061 0.390149855570861 0.363172903060227 0.346800082456052 0.319739106441374 0.211279766878247 0.227349494434875 0.160289439527614 0.204268502629924 0.215102232089612
0.501696075242323 0.396924141723538 0.499584982173693 0.315855501379092 0.266762052943552 0.326405282007452 0.322970113903989 0.178728218954662 0.254700959668863 0.230700597386254 0.311945947074878 0.32748772827192 0.469587219526905 0.362079923733984 0.267962612663866 0.396691961882413 0.258853953306832 0.200631859443519 0.163163603937377 0.280639254281137 0.314206085240147 0.243360834738938 0.254055002719014 0.255974683447772 0.26191131465519 0.33118366970697 0.213704980487045 0.237714612582145 0.325063128660286 0.336580888397594 0.380894013003911 0.409531244431325 0.367119885754679 0.381196740538173 0.36670701378676 0.39116466857422 0.341652287313052 0.264509541688723 0.21027409495608 0.197999080840556 0.150196215588602 0.159286659852951 0.170631920350197 0.160618018970086 0.242297290205354 0.214531213687416
0.453140690748884 0.384804167498075 0.36294515756076 0.345178858617904 0.48949634054416 0.318588380672772 0.355834585694713 0.229140346851221 0.184040827106237 0.276334802372418 0.283669745001042 0.236879756517925 0.299613342785748 0.298651860421332 0.128806945653128 0.256658491668735 0.22953512604765 0.241801873292132 0.283753134190392 0.263651382532184 0.32677165315631 0.469979006414927 0.345769937705801 0.255142881889747 0.305568627148898 0.286140560293323 0.271148385633542 0.221807643381656 0.10915373091709 0.155372129979409 0.184934689915679 0.28335315859454 0.248901370444164 0.300647723559571 0.235571302435769 0.287128402716645 0.214522829739497 0.249814971807306 0.326868602935597 0.314820834657738 0.287285335298507 0.165545866141392 0.197444752998992 0.245431499824785 0.239716749075583 0.233868221138838
0.35847893440071 0.295201620023128 0.364408787939376 0.381404713496868 0.399336374345915 0.23127865329284 0.238671216989922 0.19689720238664 0.232130566043643 0.274100507407365 0.295010783966553 0.290735280437761 0.262477717801587 0.307775800642774 0.342400458270648 0.416353275247623 0.25253062216114 0.243442990410692 0.269010079454302 0.287078809385759 0.248548004080086 0.425166658715107 0.337167601234197 0.332896976026556 0.25179445148046 0.198142811884136 0.218932732877732 0.194516410363227 0.166899096588639 0.192520096027853 0.227287484884335 0.222645711148912 0.254615206588509 0.217977683158501 0.160555457512702 0.238857623432835 0.17074358336581 0.276678899637149 0.264118813491586 0.368567911046717 0.273113778282892 0.19412439160647 0.220536993497063 0.230016884281542 0.168984505253294 0.185050926276159
0.190328856522441 0.208145924819726 0.264077171658418 0.220338699234226 0.274267058607289 0.214016487846298 0.220498355082572 0.253099514776768 0.209461764204551 0.252926209248335 0.301624785911727 0.440140980507412 0.378610997599253 0.415026030923233 0.254442378049039 0.186675588843578 0.288024916122199 0.432947509544592 0.286430041531658 0.291651529226026 0.201171615204516 0.176047237034105 0.151326145076237 0.109420618278668 0.133429115314122 0.109031383172964 0.14586646859818 0.172121301404718 0.107634056471246 0.179911023959802 0.213503986388866 0.23746748860386 0.30274901410662 0.229178804388402 0.158469714766678 0.168858483133319 0.282791908967679 0.391536106931057 0.367711686804926 0.264314898394564 0.123221513422202 0.149937439293094 0.131269408845822 0.249794282708196 0.298613817697418 0.234472562338508
0.326200575465436 0.200472642251033 0.235812843882106 0.214601269375666 0.294273285069482 0.288170047832281 0.329418172302898 0.405867660290183 0.326006112587964 0.21229244948543 0.241196142988446 0.39954277954619 0.40985054450303 0.270592705180929 0.363641418111191 0.116448850140641 0.14826792960052 0.230862070448207 0.35972425700525 0.264127709571578 0.194794415492554 0.163051611232224 0.141454244311189 0.172298208530036 0.192720036017675 0.0883052139367328 0.14579186176219 0.124330278007905 0.135158042309554 0.176756623416885 0.271344324691573 0.278480181656602 0.27051640812909 0.170613701052609 0.149246749590262 0.156223521237818 0.168149312901481 0.174814867464545 0.353689705759605 0.28594912134004 0.216031154673042 0.234640212775433 0.276335447118916 0.245711564185098 0.202490154760047 0.1732495105546
0.478184093890421 0.359882106755483 0.246568222646165 0.269209785778466 0.391795231118828 0.417414494308721 0.509809209201993 0.589583297917141 0.468725917236709 0.207604150756003 0.337871868460396 0.281113472973374 0.339634979195203 0.226745513779258 0.162436543523419 0.168289780418602 0.145842139890478 0.247948225507133 0.281362064849105 0.237876816703502 0.161727012798346 0.195633955054655 0.175647404365885 0.152171597982655 0.0976231167592996 0.104879017220555 0.135833194534522 0.101702464169016 0.0740357876333277 0.134321409636583 0.163402608003345 0.166390606120605 0.215300622469624 0.215040446947764 0.116292589364005 0.135181452153563 0.173254832695548 0.15534246006548 0.22495313353502 0.276087195718249 0.239629775864316 0.139000867009866 0.254440343590554 0.21988758848789 0.239396772690627 0.192801201099305
0.366024992839265 0.359776555398542 0.258633957077544 0.24040942796546 0.343513292169347 0.389873484151651 0.361437014304747 0.42213562959038 0.372034109937593 0.219240079652448 0.206729920243325 0.172092658106865 0.213145186737884 0.208886042557266 0.293819362135986 0.231487242410639 0.296851842066996 0.348092982674503 0.350891942006248 0.302003976513524 0.148914032105555 0.101694752658885 0.100674550544684 0.108420439690544 0.161134444537634 0.104870060077477 0.184913608866081 0.25514078035661 0.115261919326929 0.19636469099766 0.136622562435819 0.114823715398124 0.184945186918898 0.152933769382716 0.146789572311405 0.214163600991163 0.314918449411076 0.306183747836977 0.199928781211688 0.224135976055021 0.251436856191436 0.163746114651859 0.150433329983101 0.197187531894044 0.156692668241245 0.146183544245488
0.349774308128931 0.336326836505235 0.277968034300822 0.472711541840986 0.538991099090138 0.278658969369804 0.154887332512554 0.323178442821708 0.174757747547428 -9999 0.170783972432018 0.178520809726416 0.245135734243869 0.256153842571405 0.204749060677378 0.268450300923584 0.213747473153622 0.27966453216749 0.274415198060774 0.205918868401711 0.190019558811967 0.165830637496805 0.153776300656891 0.103060975419852 0.163446676194869 0.0975150723789556 0.191216482612897 0.262769945201485 0.212379068780416 0.23137519851401 0.149605727821255 0.105654863622677 0.118599270145792 0.233200661462496 0.270362094091283 0.285791973463336 0.236268095396455 0.22741053473485 0.105781566727419 0.169132921574093 0.235985302258977 0.209952079216516 0.180222334593387 0.115952836984047 0.163801918519982 0.180696389172137
0.430130144963186 0.380524640637873 0.344059137042332 0.448795021465909 0.408931155122235 0.222241224929232 0.201646611054032 0.125142569721101 0.0789001085600601 0.0745762845930796 0.151077359659084 0.219043371155501 0.162923153184341 0.262258063550142 0.199589941724005 0.229745799062176 0.138350682122148 0.285458157913172 0.258293687745084 0.215048408003015 0.104835581779258 0.146230108325902 0.165091951084453 0.166072658447883 0.142007035218143 0.121377442256904 0.157852886879853 0.121841658633054 0.23782292565441 0.248249118056555 0.213929540226718 0.151673589004 0.142638361757897 0.147437046439919 0.237790798924352 0.175138853412295 0.221702302671515 0.270711059103613 0.263171455078507 0.270860492692615 0.133425973205838 0.13511916340003 0.154925686477313 0.111186198470905 0.160112554048849 0.162089856411236
0.290791665647435 0.300094818748059 0.178625359510034 0.184267553318121 0.122378862371002 0.171841208613022 0.210632043332503 0.174963712215562 0.148527921357372 0.103836494454189 0.108680168176595 0.231084594269758 0.311254483035446 0.276428275228932 0.14259491661786 0.168049961817001 0.0652415035025744 0.133799802835378 0.252800527237585 0.283674739006875 0.14040956469924 0.156730120656909 0.120927994905438 0.190684274047802 0.207806206703369 0.261568956690368 0.215594139300143 0.166094857677573 0.193588730099912 0.138102801552108 0.158572075473931 0.310671513663097 0.297531353624909 0.0899898618939834 0.170373800552765 0.2089249572269 0.295160465465662 0.275808838572473 0.226645974501606 0.252208386677057 0.36287950707764 0.230897486528856 0.178768287685526 0.14332129497629 0.143453743171848 0.133021863337485
0.180381064512046 0.145838494971744 0.188476279303337 0.257225619605082 0.155870467762045 0.125477745709444 0.235542935446068 0.218651106053077 0.230799106446315 0.386437966176336 0.267754595758741 0.181066995347102 0.245939119789501 0.126461095984235 0.178559698222065 0.286178534261162 0.317376538954596 0.146448659164495 0.269377402519593 0.359185054494147 0.222066764894234 0.178480637329111 0.120199451048994 0.210958670998834 0.232586829686443 0.192904336371398 0.147684420680658 0.112177006955581 0.193620485688262 0.202723992880715 0.242014347898064 0.265464857823879 0.325839682988968 0.243034315969015 0.136605400895878 0.183902282557163 0.146905564716179 0.106795439663259 0.242896001551272 0.304943409365928 0.312259422933575 0.213625108693554 0.156439807421551 0.180013899323644 0.157429262301095 0.134290755318394
0.151372808606324 0.137814323169163 0.185528822941828 0.181559875665807 0.200096559056486 0.203753223112479 0.150444065625729 0.213699009112119 0.265228175992443 0.28171363150249 0.33509727833954 0.178574949270783 0.272949939938019 0.10756403666089 0.104764521926727 0.130936635786475 0.302402249296948 0.208645405226441 0.0830392922004949 0.0665627584415588 0.266977765759262 0.295622110384714 0.0933712736942627 0.245399475521122 0.159012061197777 0.104964621925545 0.103578677262906 0.253523582884488 0.328621128838462 0.230766885033889 0.105961432634951 0.100278260905199 0.25234162181264 0.212513188914159 0.242155745792356 0.23889547073282 0.367537522058986 0.328866851722394 0.380320367758743 0.226708573818714 0.07688959147083 0.18278786852788 0.155049360943138 0.179697330758532 0.118557638617596 0.0770210037799531
0.121652778611038 0.133276692896015 0.13578988491221 0.229508017087753 0.133750608079441 0.0955508975086668 0.0704826893628238 0.072952803864375 0.0772898892957296 0.213356197462358 0.192461514577552 0.160417987911992 0.141756344572355 0.134963923210498 0.17381588719227 0.11978591025275 0.152316530986233 0.1447594716153 0.0952261237838255 0.0597017926708617 0.0762350758839397 0.0495795328048852 0.275368560921257 0.237363332334922 0.156846275920622 0.132769100290935 0.045736196949493 0.271213981653949 0.304380048819904 0.359028844105557 0.223739987116028 0.153466140003865 0.210722206692669 0.22756068359015 0.181889989880411 0.0884292551544719 0.120027210193748 0.245580357557595 0.120264339632288 0.104744916169582 0.128006097171739 0.125064693337213 0.101968126375402 0.146561939643414 0.208547805624612 0.108791513449901
0.216914373916452 0.177184650003923 0.0993676126633355 0.135646520444401 0.110176004635269 0.0762605982928326 0.0644296095728183 0.0747736732508957 0.0735806817513733 0.0926630202356334 0.257188471765379 0.258706835456808 0.229059039471581 0.201695743095763 0.2127258409498 0.140096394622316 0.172420959647403 0.115717842450001 0.107790926913839 0.068910055778736 0.0842902630972384 0.0616478861254852 0.244877532892186 0.0565053675055732 0.0691574809460291 0.082078779296799 0.0896725557308116 0.191945840751394 0.165129322413618 0.154242337692332 0.143869287136071 0.223850596287092 0.258480515463402 0.207361744591245 0.24842037016938 0.323326448155743 0.268425854291874 0.20394915846669 0.122701941272842 0.207114529761361 0.199927804684368 0.069650919441534 0.125852134495739 0.137505376382088 0.170483375081355 0.105110105684995
0.169704713720896 0.153967103427423 0.269577210126604 0.126984320503673 0.297530851271289 0.227712012733106 0.0995464990240417 0.102234844653966 0.048018155336797 0.0528158115257292 0.118056964483993 0.204132788409901 0.280576355065087 0.189730527962301 0.388542152592172 0.254288758818849 0.166043132564315 0.171307583965075 0.1768215252372 0.240407593069555 0.278433082635424 0.0683352846164747 0.112666941587097 0.198874654133626 0.073064335550094 0.0877725891038386 0.0787367366526677 0.180543305937487 0.252995853821092 0.212701466691318 0.172944304378084 0.0768613953354273 0.2590684296364 0.307589746599177 0.138627220979637 0.0772563275119564 0.15542863767761 0.166967182332769 0.12853518538149 0.137809616642026 0.101656036269109 0.123860027929049 0.204480962245615 0.0855356795275196 0.186784918439676 0.0549557697693195
0.176173082913276 0.199057805633495 0.358411036598431 0.48630338932783 0.381937173682804 0.416332623162387 0.167822165678934 0.193159739943987 0.130015219998038 0.234306581477219 0.20316445961983 0.191619573350641 0.192009354434314 0.202565315849008 0.391997775682753 0.122298653790759 0.119508826139659 0.166373828546819 0.127464455341773 0.107785982448148 0.102772221228891 0.0779233618904984 0.242582113072367 0.219156122423435 0.100466311076823 0.0475783572585372 0.038832575727782 0.0458277063064648 0.069458597761993 0.10294967906848 0.281403052861108 0.263839113206627 0.138845981687115 0.0583382862740317 0.0609431221368622 0.0729030210597746 0.119326834137953 0.110167046724493 0.103399141850731 0.0907902654178592 0.130731227525199 0.099629444949177 0.159654840545116 0.10773613585496 0.175250948002858 0.177948590255167
0.174118813934773 0.358884148977275 0.322225789860009 0.122032202237935 0.163386382151002 0.318629126516989 0.255576233118817 0.352179398605804 0.382434191966799 -9999 0.281851582721333 0.229537284307087 0.278124911436137 0.206918122105198 0.400623158540238 0.132732866958892 0.134421196880373 0.119833468709197 0.0894965591584577 0.0925260339729587 0.0694328523073205 0.25342378055186 0.146503314583321 0.0906072862739522 0.27140254394418 0.135056623201513 0.0940340423806861 0.0779085734340884 0.161313946935918 0.0886601152317244 0.210313338773131 0.136435221195485 0.1646364311159 0.10895923917035 0.113222558799554 0.0573902038680466 0.118782433514977 0.12677826763058 0.186503064012964 0.1723087339371 0.0824813220292993 0.0991635090412341 0.0979780505569818 0.131097957927901 0.0863706840463463 0.0698445799930928
0.117672391606959 0.211710557066162 0.186189948671872 0.0495579694249203 0.0768315980740043 0.208073678005627 0.250396570496519 0.348706083450062 0.119224788421456 0.100762238196863 0.171500485110957 0.189486089596316 0.114985913658965 0.153193165777915 0.147387074949039 0.123750437991202 0.13285105309484 0.114144796931014 0.0601904247160343 0.123993849335733 0.105635323755172 0.121084340711238 0.13896934426368 0.0565566852579506 0.0503003947727842 0.133938396413727 0.0934634291362839 0.105542872469854 0.107437252090362 0.052296069529601 0.0483642090831517 0.0741232778295606 0.0810243095639862 0.120538020387546 0.100320486783949 0.0972358465886256 0.112406125649837 0.0616863680184416 0.0781340082519407 0.093018400158163 0.0900520328732816 0.153245416306757 0.149542789554736 0.0727972531919263 0.125565549693134 0.184596956498583
0.148060823127776 0.135041411319361 0.217896308877069 0.0925076150034941 0.161152890666737 0.21601763345493 0.190230606542151 0.170771211283423 0.231088009683903 0.278078047020258 0.246025742148656 0.274459910425963 0.252711607023192 0.209829300811402 0.321961602957608 0.363104896480339 0.15767414629324 0.108260037749464 0.0956245797021388 0.10048400624078 0.0806267425097078 0.146426824238002 0.193234322023599 0.130086831016409 0.0541280705788883 0.0959223876707077 0.120298402369839 0.113029464978322 0.104292676755327 0.088782096897614 0.0981692656470843 0.0932066107222157 0.0822484523034071 0.15164590683573 0.174035707309645 0.197739248809182 0.166704342423071 0.0731004717045971 0.0658305652979242 0.095690236275756 0.0765433951030426 0.151863726158884 0.044622385986711 0.0675316160253182 0.0790085363614852 0.0952806827754163
