resultados/modelos/gam_ausencia.asc
NCOLS 330 
NROWS 228 
XLLCORNER -12 
YLLCORNER 34 
CELLSIZE 0.166667 
NODATA_value -9999 
[rows 189 to 209 of 228, columns 276 to 321 of 330]
0.000254394716639252 0.000249830428321118 0.0100132564452672 0.0665606448941539 0.00728603415522296 0.0046682195175885 0.0159282985242929 0.0302428323635982 0.00294117741507099 0.000357356413811708 0.0115023754392008 0.104535550603501 0.00659855626616636 0.244261329930876 0.327135977271824 0.467135985161142 0.428837007575668 0.620931812901458 0.542126610573088 0.457607379005417 0.338045470899379 0.269232097458207 0.131034268434839 0.305867654191416 0.296095838583118 0.391224198748984 0.417823872110524 0.501355580094976 0.450080486334065 0.382162742148124 0.435517084756347 0.526501178667668 0.607564783351578 0.560250808797435 0.390954091310611 0.186354782834449 0.407177640112566 0.510859775614565 0.52165704894471 0.680608411235234 0.665401899639947 0.782778297871384 0.544375085251418 0.490246427349245 0.774092798055236 0.638638766541215
0.000435059460892114 0.00019439968174381 0.00641848452520995 0.00802178543716857 0.0200604815882915 0.00499160929546787 0.0250076447926199 0.00128982246877209 0.00123284938477197 0.00258164419018865 0.00444163301566549 0.000616025353697029 0.00520606538900901 0.0258791396498083 0.209304340177449 0.249164645182541 0.261976555640057 0.357379988154801 0.351445683172445 0.36070305051854 0.305114372790282 0.3071985130059 0.510148899177267 0.444313029374417 0.557122470146551 0.246649089462763 0.0652450578470847 0.1914968725077 0.386287672951451 0.227709761965278 0.49060132935832 0.488690825362552 0.415369657137849 0.380912608849449 0.351457526027723 0.248050891545787 0.193317952453322 0.276468329894221 0.238181286665682 0.165174270061604 0.140373582601036 0.103921656527155 0.149737345499362 0.330224127054571 0.280408166521595 0.351687911215152
0.000325802506539639 0.000170717780031254 0.00459328160143469 0.000919151654150837 0.03431219322866 0.00108605199014652 0.0264774876630077 0.133139500128472 0.018337619978251 0.00237351957425647 0.0134325111294448 0.104935459433281 0.0384832052339665 0.0561158605689872 0.0355644025158345 0.211434259074957 0.138361565814815 0.250713768019472 0.239949197531877 0.279157129659938 0.310786064334062 0.325411055662615 0.303193461000522 0.244561886606639 0.262297664404941 0.0346746640136666 0.00862599790740369 0.00254625175020749 0.00338393164809307 0.0757006072853343 0.192459837587013 0.085801246578769 0.0689947071089509 0.0845890210466738 0.208296579822666 0.211194356426829 0.172984446572111 0.0802982263870226 0.207643377523572 0.104816044045617 0.119339542627922 0.153995798865608 0.243376586149569 0.327447556842848 0.240263871309638 0.336394322614207
0.000420157795110928 0.00131132448686065 0.01932587198362 0.0610621992570004 0.124443771726105 0.113168750834983 0.045782153528276 0.0754838478119774 0.0705880268783318 0.00139856009890128 0.00261367893985887 0.00424259956378727 0.00774968355099943 0.046165357919469 0.123715596992437 0.152820542884304 0.13371456354685 0.143886078251585 0.259406349476418 0.232906840253703 0.0999068055721141 0.0984163257646414 0.066088418575571 0.0346552599716084 0.0074376699965072 0.0315802270810543 0.291858975900964 0.0154694958887264 0.00538556505897927 0.199336174487549 0.27077441408794 0.331854662196956 0.251536087470332 0.395142635055207 0.196462358463524 0.16983746592267 0.0157461028043805 0.233535779548973 0.316534254946321 0.126083036638006 0.0841272116377311 0.295157213256497 0.137974399838999 0.378899760156318 0.334789957195913 0.432562951663652
0.000289941086582653 0.000321018084093961 0.000211450369614611 0.000103817939188062 0.0609179025604726 0.0778956944924614 0.0165263976998663 0.00338429654642719 0.00387218793190012 0.00623664401084949 0.00271354102671574 0.0290656612220901 0.126874655892872 0.20736011901105 0.163717777238352 0.191938836394141 0.00752823246577819 0.062831156323999 0.0119295363552971 0.0313795050087624 0.0264495568483211 0.0122133674000875 0.00764820420630227 0.00688325698410541 0.00019232742493002 6.69304741727878e-05 0.000208155458234271 0.000315796779731626 0.00826811061199603 0.00134396212308794 0.0446261011443894 0.288659706602481 6.11522325579211e-05 0.00426853109703776 0.599638947645358 0.267446414963722 0.0695518400702154 9.55697825006316e-05 0.000437002228698322 0.104682213471993 0.151738045706312 0.0597176137702494 0.191353698942031 0.18023824427606 0.0944952351314298 0.128949225547589
0.0323000956483621 0.0275468706984093 0.000145512399050334 0.000164740166300123 0.0051099799807828 0.00168220365884538 0.00120716818481143 0.00468834263405627 0.00552755679272693 0.0182886261010869 0.2221517928993 0.292585614007023 0.266795789614652 0.21057932608584 0.0117292792709706 0.0115066907651675 0.0599621516150707 0.0854598876727539 0.0224347162803946 0.031968785369822 0.14594387701802 0.0490905509782929 0.00055210188362106 0.000258632065394546 6.43489069747872e-05 7.86912007319915e-05 6.99017403984375e-05 9.44251691452699e-05 0.000101053821137612 8.23495730823393e-05 0.00672461905197229 0.031906836899499 0.725785869970941 0.251311890377695 0.0192796533841566 0.0372638997470652 0.195610159717372 0.0110191429111136 0.283750910848331 0.189581650821594 0.185903658838887 0.0335191703121999 0.0894024328352135 0.134900431723145 0.122488025121774 0.16210280243129
0.0345048320522468 0.00635749102716985 0.0009802680756311 0.00124407142545755 0.000231222761733888 0.000454215498852107 0.00785682608714271 0.0608344197399729 0.00974563681218173 0.0795178537631567 0.265399928672098 0.305277896187713 0.452045702067178 0.0534061886438906 0.0109220723042353 0.0799387521442102 0.141882284458732 0.107205785838552 0.123264616058065 0.257244661102402 0.207558689342981 0.00625569220597485 7.64405356593316e-05 5.23123773375928e-05 0.00019321887033316 0.00031604482218572 0.000533705802040393 0.000296763956687662 0.0010269706840392 0.282621339550354 0.550060455271919 0.104006285451031 0.279773335675473 0.3335313323666 0.209409979606495 0.0224582007496375 0.289374545816943 0.00823560324306679 0.000750105968667298 0.0611791985186851 0.118922706863479 0.260384529276974 0.209352303025378 0.114770227892213 0.100940314514931 0.173101664320893
0.0353403418738718 0.0101169725888361 0.000335956842643056 0.00119977212608434 0.000587440975385242 0.0016831524772526 0.0103024786383417 0.0106755919717978 0.0222642696463604 0.161694678040794 0.266544628266179 0.017091326558014 0.000253365209670071 0.0157813465486528 0.0696057625628655 0.268459241099553 0.257741290016316 0.237627909569559 0.202640024184543 0.14554397836651 0.0495108807664654 0.00172039446171074 0.000230849024401994 9.76455122566426e-05 0.000148709302267907 0.000173842228576946 0.000162115864286271 0.00019278043897902 0.0230071547099571 0.0840008370686035 0.000110197532962631 0.00114378331422248 0.000301780672175604 0.0391176530959331 0.000418308695645248 0.00208991131801334 0.000111567655917558 8.54521263863369e-05 0.000109779217040728 0.000784037431448896 0.13744366296864 0.0494255890079618 0.00253998913431379 0.00912935086595074 0.510539810156826 0.222982288607118
0.00049612535078089 0.0034020845190395 0.00224501982904375 0.00195610590692083 0.00368681951331683 0.0076328042772923 0.00296050321576796 0.0114603394809967 0.0378985270689949 0.0810835085004884 0.048444162845734 0.000145085351589456 0.00119815555852261 0.252658649915919 0.251324944394066 0.18364208402872 0.199470894427822 0.190759645308532 0.199519726717427 0.0903398916223903 0.0541157250793807 0.00215876306551134 0.000107385904704311 0.000662497118120727 0.000207802554406689 8.83477073884941e-05 0.000122415617738806 0.000901695973487421 0.0114412415451286 0.000224498202029131 4.69038666407993e-05 0.000356402891462006 8.86594939257225e-05 0.00159496654436848 5.37426282165772e-05 0.0109098655847145 0.000568948610835166 5.20328862518203e-05 2.60612601008238e-05 0.000144302218153322 9.30910371924357e-05 0.0305877487767068 0.0348181447620114 0.0441601577606359 0.000350643215946648 0.000295260691807657
0.000196447392157466 0.000138357184345155 0.000538849930746975 0.0142143398837505 0.0238254250158331 0.0538328754235496 0.00745142057120588 0.00144028672564378 0.00319357096082578 0.0040272207941276 0.00817527029705128 0.0171770946568837 0.395455097499256 0.249262834862708 0.407037094518755 0.21069619938272 0.205862404163453 0.15646917594001 0.200347965455966 0.161461219914023 0.012723630412984 0.000498728049388116 8.35636791605902e-05 8.19008688068091e-05 0.000142729147192877 0.000218152643930913 0.000397761586944338 0.00344604006117605 -9999 -9999 0.0390782887768827 0.00265578380861597 6.5790046269269e-05 0.110944477921797 0.0980549537556063 0.568652697131086 0.0293242997543008 4.55334349076055e-05 0.000489477627471811 0.0505413144012612 0.00137294801218602 0.000741483022995711 0.000102599069828093 0.000142341979747189 0.000114046216639533 9.82575923017838e-05
0.000959902576520615 0.00056200535104347 0.00026288402084262 0.000933291285025293 0.00272218554578887 0.00637078427359033 0.00231533691522743 0.000386013433630519 8.19848502484235e-05 0.000129606547820148 0.333992240037034 0.269872298930287 0.168577051314647 0.368472754355075 0.357271088268795 0.255321822239309 0.0731592842416904 0.193295303947901 0.187308645402012 0.036878621892944 0.00244209935699363 0.000406038337423059 0.000165113676518215 0.000332810411288962 0.00389867233484679 0.0230595302577319 0.302284586676187 0.121799213299884 0.0147873701759423 0.00266640408755575 0.0165718413542429 0.0142613615253545 0.0920268243885496 0.502737840365519 0.421542886037481 0.982398330106491 0.258980485724242 0.0193285114953474 0.0832486877343233 0.609167696643835 0.000275185545125629 0.00718046585386384 0.000176028403566304 0.000151553806771425 0.000357075648242992 0.000228677179151346
0.00750486647597194 0.0013912267358144 0.0021693410226533 0.0100833203847419 0.0492576380939274 0.0451200078329351 0.0547292698879783 0.00203914259548663 0.556510912397904 0.306276144777102 0.168698973047958 0.244073913612858 0.0913717405234091 0.316352709868825 0.133897238633002 0.158952506608277 0.286013639407347 0.240155215417462 0.21662285545617 0.124571593271006 0.000430651414641207 0.000263777859263261 0.000265284770818403 0.000355120394326315 0.207909495428534 0.801585751012419 0.832593441614955 0.0218450561150135 0.000624361015523024 0.000258525786739872 0.00530050642001078 0.070938144211425 0.354214971907526 0.153905546770649 0.985750817296202 0.228520425712826 0.00708842843486778 0.919474520713481 0.993322206489128 0.414535039578222 0.106191298691871 0.00384342754770989 0.00223345993121258 0.000191018599261389 0.000501236396435703 0.00078126304183932
0.000168627649781015 0.00031181157231375 0.0013803376449159 0.0537871085186264 0.028237249874515 0.0582283175833755 0.00796336628301334 0.000295202384628595 0.17899770979268 0.212432158573722 0.0568116773418253 0.0407404928346231 0.506473148940196 0.239878130688121 0.340069681605998 0.203232862177494 0.517834506816637 0.000299102876949196 0.00136723147600233 0.000390049943159337 0.000454929555452457 0.000256006658180113 0.000238346052373532 0.000389319495603789 0.800090830530021 0.896880324805473 0.940681358757066 0.921707248397639 0.68180100216604 0.0341833048798227 0.00416241068878474 0.000361631303208851 0.00355589009453359 0.046461972781547 0.989674307904717 0.999865598655257 0.999869140443632 0.999970649301601 0.999931713411279 0.999684660237069 0.999871129703507 0.999737399752028 0.998976517649187 0.774533180020676 0.0115043625187445 0.00026757163986223
0.00016839983654231 0.00253035976157488 0.0908770535609041 0.15296435885378 0.00283066844831852 0.00901481111232578 0.00254051404297634 0.000125636437610548 0.000450409804028824 0.0252726896835224 0.0115344944143726 0.309230856632639 0.587131442901649 0.0577711486221736 0.365543338374158 0.239209161614325 0.463307622617723 4.04159406604941e-05 4.66663439158356e-05 9.49604328224831e-05 9.9408244954119e-05 0.000124423535979293 0.00214867194141669 0.00218448518672488 0.0185434255877475 0.00351661273192921 0.000295350304702163 0.00137905944905749 0.0239872675706356 0.349110586019476 0.391662861375487 0.289966067931722 0.712886399128065 0.998174419469402 0.99986253482451 0.99995195261003 0.999986571878486 0.999994666935563 0.999989817227949 0.999971415442495 0.999767632014714 0.999240866412297 -9999 -9999 0.979554867951871 0.79074933418903
0.00932232527247251 0.523369591052553 0.375977646517013 0.424449883960355 0.00662410879492359 0.0426638507158523 0.0741675667805584 0.679214200567838 0.0139184769840049 0.0213680890966978 0.451700098082404 0.603550149612436 0.324525608506133 0.259105476660635 0.538618314546796 0.0103640696203025 0.00698722639713745 0.00193480852121221 7.4476177744966e-05 0.00010916355431595 0.038441320016292 0.000514740643872064 0.000156887076039432 0.00102454213334603 0.00020239124584949 0.000150411140055127 0.000316124202221592 0.0224143525817476 0.0549506137713813 0.00912350281580057 0.948251259060186 0.99789439893519 0.99973495901713 0.999857916664747 0.999929403046789 0.999985548070889 0.999997257910812 0.999997667953063 0.999996345459644 0.999995873585921 0.999996487063989 0.999995722673461 0.999997570781302 0.999998907325862 0.999998228094481 0.999991082185468
0.000134186550344561 0.000217495354826772 0.000657515261896137 0.0019897563037435 0.506146699000352 0.295840573624179 0.531336457795427 0.497609560956175 0.363708084928891 0.0298823267001786 0.0513450077874883 0.000724023995557583 0.000852916802636946 0.0108088996001777 0.138164362657151 0.0684708811741793 0.00178477233630888 0.00123537992193585 0.0361495789592797 0.000434981284955245 8.3421075285826e-05 0.000417083570374759 0.0268038305485934 0.000257260582659629 0.00860198648516141 0.153506667576905 0.992039051183049 0.999584206194281 0.981999339491061 0.999798976022409 0.999731285325529 0.99899857060606 0.99866082336402 0.999438242298096 0.999884586187944 0.99997837370796 0.999995166008187 0.999999554366173 0.999999026517076 0.999999553874402 0.999999663172233 0.999999792891071 0.999999934706284 0.999999553051467 0.999999807225974 0.999997737263902
0.000179099951841015 0.000168158872046703 0.000249996245152924 0.000891655744580461 0.225512163782057 0.431625293671864 0.865303087957698 0.926175374594844 0.00396504097961155 0.00413778081183737 0.00553940377969245 0.0136650564306873 0.0062653996968998 0.0415733001983685 0.00366733643269172 0.000244239868673788 0.423679489434433 0.613695159522172 0.00104282924569074 0.000273532610780052 0.0202534899591417 0.769403452607214 0.929139120127397 0.998978895437198 0.999931564296684 0.999978740085772 0.99998809148224 0.999984664026015 0.99999333003616 0.999996781975768 0.999989083272476 0.999955312007934 0.999724687717986 0.998418448200586 0.980957012939506 0.995720071950942 0.999991280520966 0.999998864899098 0.999999740781843 0.999999715537294 0.999999895050991 0.999999930467156 0.999999946198479 0.999999920169721 0.999999920623246 0.999999980423173
0.000137174291014006 0.00032824838976736 0.00795358603254406 0.0408684255504643 0.0279375966163373 0.0946845872450936 0.531702096353757 0.00127297957123462 0.00230072876294869 0.121105676922102 0.388726029573293 0.927414984292655 0.121165046258966 0.00451352461179264 0.00119829758850601 0.141545053737406 0.978866936787792 0.824618767780009 0.0547167228172904 0.0505828696312861 0.946596622882761 0.984564002645007 0.999483128781484 0.99998489952994 0.999998073290515 0.999998942227612 0.999998722844096 0.999999187287904 0.999998461913645 0.999998279158925 0.999996868861534 0.999987953447545 0.999947346608559 0.999733375362584 0.998165275209809 0.995840795313287 0.999991512860666 0.999996234625197 0.999997583964754 0.999997799887593 0.999998479543274 0.999998637369428 0.999990548677386 0.999997740839037 0.999995545855566 0.999984164330724
0.38995731276591 0.67112926582025 0.716533766422286 0.869365612544469 0.606117988277841 0.0149234770655874 0.00365457496141733 0.0527859801186747 0.958150846635392 0.995474497276851 0.998749937520391 0.999043365140103 0.997239861289533 0.993439684482317 0.527957653415286 0.000987841229755673 0.2393934808188 0.996711584658181 0.997439557799166 0.986879446295669 0.992304858466333 0.999873532887208 0.9999855218373 0.999998141136663 0.999999611197279 0.999999879117125 0.999999766972523 0.999999619831261 0.999997704947561 0.999992269765508 0.999994889245906 0.999994676376674 0.999993547767199 0.999994433654855 0.999993348563254 0.999997030129345 0.999999391924162 0.999997297342819 0.999992103175189 0.999988009160122 0.999994993450104 0.999991617845799 0.999998098618832 0.99999942574497 0.999999326515727 0.99999974647992
0.535848204063029 0.790042503530555 0.954654421080823 0.737565558827375 0.00514549183824138 0.00249677707591995 0.84610412783237 0.962233646088682 0.989996531869966 0.976764595574585 0.978602500103963 0.929558273753768 0.90997812950948 0.934279927953414 0.892192252266952 0.00364699436545054 0.535165055629107 0.984987287000727 0.98397773398816 0.938828342606163 0.997675879103627 0.999927429160469 0.999996013883958 0.99999949283205 0.999998054851113 0.999999385470773 0.999999105390162 0.999995560436169 0.999998972490696 0.99999925464572 0.999999647210344 0.999999205775327 0.999999188324182 0.999999883853017 0.999999923044291 0.999999927455006 0.999999963600969 0.999999959220303 0.999999930681641 0.999999937396737 0.999999966536072 0.999999927638776 0.999999935354233 0.999999938846737 0.999999693814558 0.999999881728969
0.221827635055586 0.327158791672633 0.390038282651262 0.000875873524210548 0.0171432738319408 0.0558043134116374 0.207665217555573 0.900013750788936 0.954464902716475 0.765483674662102 0.730563842307769 0.490775853646332 0.216734195012557 0.65616155359021 0.00329834588476551 0.0240030514257233 0.930929062627999 0.464757555941394 0.546229693979329 0.864621673975852 0.995854714036521 0.999697892075286 0.999994935540832 0.999999972825257 0.999999567996401 0.999997635798592 0.999999524294212 0.999998966843707 0.999999775408438 0.999999960421213 0.999999961928394 0.999999882787982 0.999999860182863 0.999999931578858 0.999999979837109 0.999999982671496 0.999999993159171 0.999999990319982 0.999999982568866 0.999999958067491 0.99999998615836 0.999999997853335 0.99999999942528 0.999999999779489 0.999999999753905 0.999999999673889
