resultados/modelos/gam_ausencia.asc
NCOLS 330 
NROWS 228 
XLLCORNER -12 
YLLCORNER 34 
CELLSIZE 0.166667 
NODATA_value -9999 
[rows 147 to 167 of 228, columns 276 to 321 of 330]
0.075292326529517 0.000542528793109895 0.000643354384408771 0.000485590030561406 0.000449745887498939 -9999 0.000348736432706127 0.00103216271838937 0.00140941986847566 0.00227178004569937 0.00393069372661841 0.00568632391062202 0.0139789785508495 0.0202149280370975 0.0468705641300418 0.0868318666302278 0.0655392475995788 0.0756459660552126 0.0674314272078373 0.0522970574117314 0.0634687695513002 0.0452770865672028 0.0350352395870558 0.0098709420556339 0.0120324988500646 0.00557035972552469 0.00380956179831882 0.00250855436162883 0.00173311098646026 0.000791056252577883 0.000706953328860467 0.000470839978965922 0.000372286522840292 0.00022931078476808 0.000187642316570279 0.00011768920298338 0.000107262161229056 7.30674050788647e-05 0.000103248144339869 6.66474974823698e-05 4.83909895462385e-05 5.83121078235051e-05 6.85872691004225e-05 0.000117587486953493 0.000112256751398654 0.000116859751844703
0.000493123509574398 0.000560649982478177 0.000514146756989907 0.000521748219840173 0.000714271455182169 0.000709243362994312 0.000993584620987875 0.00147030701035651 0.00207851461226794 0.00215174343581402 0.00271317827931829 0.00470281401509546 0.0122897259736166 0.0348432293524736 0.0773959173140514 0.0775234935824891 0.0474986878102667 0.0400022758481137 0.0464503520413235 0.0450448096523802 0.0180681782089709 0.0119571268197769 0.00572612576756636 0.00433897082699389 0.00333218284600752 0.00239919777920492 0.0016738417001924 0.00150520187719631 -9999 0.000854941192468845 -9999 0.000330094900794959 0.00014950708338388 0.000215017727804913 0.000153135403371306 8.8346748348915e-05 4.7876311723236e-05 4.81364853595252e-05 4.71667532753091e-05 3.90302936299764e-05 3.26156169833129e-05 4.17842889778296e-05 5.17253081001133e-05 7.32476608026012e-05 7.61493519460704e-05 0.000117693453709291
0.000482766698155284 0.000495495852477585 0.000630481338411001 0.000563097211352383 0.000755324986275833 0.00109226352363543 0.00124265220857879 0.00199147407853434 0.00216677518479104 0.00164758680588278 0.0028659051914279 0.00331941994767682 0.00825145435230923 0.0257190222020112 0.0167481407850802 0.0182069537637586 0.0191203633936224 0.0114822165833246 0.0145965812712965 0.0178154129272098 0.00902950499643797 -9999 -9999 -9999 -9999 -9999 -9999 -9999 -9999 -9999 -9999 -9999 0.000112568592997551 8.14013432139906e-05 9.68465337366953e-05 6.22670867128097e-05 6.12049349203533e-05 6.25103642117795e-05 5.52332093705953e-05 4.41578709051292e-05 6.16915561703045e-05 4.13048615967339e-05 5.36519819978563e-05 4.66190698470843e-05 6.27956722144295e-05 8.06661868841754e-05
0.000345545907865948 0.000534181834990984 0.000639209007651791 0.000692934490165639 0.000858328429203342 0.00147133874548283 0.00124251313838967 0.00155468085774716 0.00267168289004014 0.00208959359193274 0.00274579301349944 0.00488438148165566 0.00696429302786573 0.00654285944433713 0.00674368175410218 0.00785160551551406 0.00914396761252167 0.00505316946297879 0.00408800031609143 -9999 -9999 -9999 -9999 -9999 -9999 -9999 -9999 -9999 -9999 0.000241666238639721 0.000125924280769317 0.000119844025638888 9.78083787288225e-05 8.64461885851691e-05 4.99885195269146e-05 4.0788407756323e-05 4.6687958350262e-05 4.42941978206613e-05 4.75689908800683e-05 5.15588582093123e-05 6.57678236896599e-05 6.25197652301154e-05 4.77580182815659e-05 4.30924226094736e-05 7.77728466636652e-05 6.03234959133625e-05
0.000318887068941419 0.000438592637884219 0.000578324071294788 0.000841550153840312 0.00116880782839895 0.00116846332474457 0.00160813007556363 0.00233149933375488 0.00262017281593154 0.00259372954331477 0.00360276865747828 0.00412441383708176 0.00296882867385589 0.00454321487135172 0.00441440194686429 -9999 -9999 -9999 -9999 -9999 -9999 -9999 -9999 -9999 -9999 -9999 -9999 0.000555655447466746 0.000497463373788697 0.000232819277571781 0.000284914640791184 0.000141923514081758 7.74495251503111e-05 6.75212950850966e-05 4.12061385109624e-05 3.19143488330809e-05 2.97304430362375e-05 3.47497218243617e-05 3.82592728695568e-05 3.69864580302994e-05 3.34240281070015e-05 2.93316401229091e-05 4.03975634107406e-05 3.63300604521741e-05 4.17915972063288e-05 4.82057931919907e-05
0.000271613473565585 0.000359284989545019 0.000552595286787947 0.000781909460124099 0.00106429448300511 0.00176379473887047 0.00260811148651872 0.0032934218071747 0.00326158938104622 0.00286608392624325 -9999 -9999 -9999 -9999 -9999 -9999 -9999 -9999 -9999 -9999 -9999 -9999 -9999 0.000995866407040446 0.0008557751204057 0.000678880253319515 0.000294433692493015 0.000420004941170522 0.000377490062189303 0.000220780120206084 0.000178852890003266 9.6266848427882e-05 7.99170661745868e-05 5.84881671511873e-05 4.24357093898049e-05 2.91207502047048e-05 2.830661699995e-05 3.00351058796397e-05 2.62931080553047e-05 3.0312735117924e-05 2.9002225158807e-05 3.43563140061557e-05 3.51206585931075e-05 4.11731329157119e-05 3.50509449158658e-05 3.80197582901349e-05
0.000275794331978496 0.000409277704269942 0.000757341139698941 0.00172224828681634 0.00208132899556094 0.00328089159379471 0.00375121990380018 -9999 0.848406768728415 -9999 -9999 -9999 -9999 -9999 -9999 -9999 -9999 -9999 -9999 -9999 -9999 -9999 -9999 0.00254941446498041 0.000559652203264753 0.000560951820054922 0.000480910657254584 0.000327640294681922 0.000367762958312499 0.000230804254218828 0.000135931462572677 8.36654923513764e-05 7.63811843851204e-05 4.86587599143636e-05 2.88043847123221e-05 3.08591870311035e-05 3.36591726924499e-05 2.87708072873576e-05 2.21566087879865e-05 2.2513057147662e-05 2.52697050534287e-05 2.56785438776933e-05 3.40184364566106e-05 4.00504650469963e-05 3.79387736191553e-05 5.10857395657864e-05
0.000875854288979994 0.000793715673160224 0.00204084684160628 0.00201940367751567 0.00372885165631861 0.00904909095048422 -9999 -9999 -9999 -9999 -9999 -9999 -9999 -9999 -9999 -9999 -9999 -9999 -9999 -9999 -9999 -9999 -9999 -9999 -9999 -9999 0.00293899645643956 0.000247271868980148 0.000224555309126003 0.000250380777719032 0.000120412386812208 8.52328448557679e-05 8.20356337972025e-05 6.30353782517713e-05 6.02168860750298e-05 3.87481038980277e-05 3.36360823070343e-05 2.87983059476492e-05 2.37355046180795e-05 2.05647545747017e-05 3.14680905174551e-05 3.15449342645195e-05 4.21267284304874e-05 4.82310636054637e-05 3.97693504936183e-05 4.84372954823907e-05
-9999 -9999 -9999 0.0108414330713172 -9999 -9999 -9999 -9999 -9999 -9999 -9999 -9999 -9999 -9999 -9999 -9999 -9999 -9999 -9999 -9999 -9999 -9999 -9999 -9999 -9999 0.000697346843694132 -9999 0.000439679723150125 0.000248796050158891 0.000233851916075168 0.000171581539670128 0.000103137693867125 8.66541566501185e-05 7.40866086062245e-05 7.77149225795331e-05 4.87772884620564e-05 4.01121102615906e-05 4.02322144671773e-05 4.414734599253e-05 2.87650479535036e-05 3.44730305360565e-05 3.64848468668445e-05 3.77137250193649e-05 4.38751026931797e-05 4.31607109955982e-05 4.68427469218441e-05
0.00197132455491927 0.0011950374291178 -9999 0.234390781473304 -9999 -9999 -9999 -9999 -9999 -9999 -9999 -9999 -9999 -9999 -9999 -9999 -9999 -9999 -9999 -9999 -9999 -9999 -9999 0.0194103022967815 0.00134541066820977 0.000545767234584367 0.000393978796429889 0.000359043809922127 0.000232940864594702 0.000229201906196284 0.000176400568689374 0.00014789571752431 0.000148973069578516 9.42809097905452e-05 7.05730936957728e-05 5.18410444828014e-05 6.25588145986759e-05 4.47099506910111e-05 3.95044524439656e-05 4.79015056642639e-05 3.81794573329895e-05 4.33455653789347e-05 3.99328596354592e-05 4.20117722178778e-05 5.00706904484671e-05 5.40802821520634e-05
0.00136040764873202 0.00148412815210241 0.0024634489430142 0.00439597270660144 -9999 -9999 -9999 -9999 -9999 -9999 -9999 -9999 -9999 -9999 -9999 -9999 -9999 -9999 -9999 -9999 -9999 -9999 -9999 0.0118496915150269 0.00143649992070037 0.000894577458885762 0.000603422382637682 0.000501327718972331 0.000350938457794144 0.000216931516251139 0.000223538417521203 0.00015505269102506 0.000189879269034286 0.000113748731754346 0.000114887793731948 0.000107499533612115 7.37416615440217e-05 6.6696468184184e-05 5.36769983942501e-05 4.24574740499605e-05 4.40312828028573e-05 4.34231354969803e-05 4.18661734018385e-05 4.60466417266538e-05 5.32376825835295e-05 5.66328724607413e-05
0.00104288892939257 0.00140815212726639 0.00189823318879587 0.00270326703376643 0.00298281680043083 0.00426690982284594 -9999 -9999 -9999 -9999 -9999 -9999 -9999 -9999 -9999 -9999 -9999 -9999 -9999 -9999 -9999 -9999 0.00344097157495979 0.00293341333101107 0.00166019550824597 0.00108724291188711 0.000964069988436159 0.000450102358906306 0.000317361513319617 0.000422234110131795 0.000410639742936685 0.000305983189017171 0.000222143268329345 0.000227166131307136 0.000211773233052185 0.000165724472877241 0.000124337309056451 9.1475737193335e-05 7.30444739319656e-05 6.7878603763161e-05 6.42334780341748e-05 6.59465017388284e-05 5.32522505599857e-05 5.64388699155111e-05 5.56500892141364e-05 5.5488155334331e-05
0.000780371663664619 0.0015160309910832 0.00185678305504621 0.00261301638814381 0.00325141653071545 0.00362859873011881 -9999 -9999 -9999 -9999 -9999 -9999 0.160219594119364 0.230756972974094 0.438265790840016 0.838168618179275 -9999 -9999 -9999 -9999 -9999 -9999 0.00477967618889637 0.00357027998839722 0.00206487074920864 0.00134607679418642 0.00124839437119694 0.000875090016274484 0.000717398280162756 0.000734891320761814 0.000558617136635004 0.000367795563770785 0.000401925425094124 0.00030157609932644 0.000213448857819384 0.00019979716845797 0.000230924283982785 0.000232332517223357 0.000194811486880448 0.000179748202597174 0.000145401586792531 9.9148402445306e-05 8.70767932560479e-05 6.99572868820037e-05 6.80197796064108e-05 6.83752659408443e-05
0.00184692475210367 0.00271681532250621 0.00853200006870644 0.0101676093633152 0.0116357412259398 0.00781720072851671 0.00672351804418956 0.00594319703425474 0.00587995047262638 0.0225366321392843 0.0590903405988653 0.106980067980017 0.181876760172799 0.231022378177271 0.377321954752045 -9999 -9999 0.157605539260722 -9999 0.0904657856950664 0.0715827455544447 0.0274112527108845 0.0118968388885494 0.0034916133866906 0.00339712516936684 0.00266226628309868 0.0023412964572049 0.00147368896610246 0.000978570276212189 0.00100067219012484 0.000871145668659434 0.00104517572227003 0.000471401760650019 0.000485818776565985 0.000517009706394134 0.000453666599465018 0.000271743204831934 0.00018480110810949 0.000164842563067844 0.00011678913948881 9.50604152101995e-05 9.43403479914377e-05 0.000107083284599655 7.41807893592591e-05 7.12489269146445e-05 9.34348455417387e-05
0.0218600694608245 0.0665278065961056 0.143278148558546 0.0802842947798474 0.247703310995705 0.150801564770335 0.182769773489535 0.0230405824698605 0.017462333614769 -9999 0.0771186169175376 0.0664482917004946 0.0558703131260791 0.197656722633548 0.944167874464284 -9999 -9999 -9999 -9999 0.114139953806904 0.134960592991236 0.0659382423854113 0.034091844953749 0.00681183252670726 0.00554324194361182 0.00324479188183228 0.0036809020511205 0.00307503032437695 0.00196311903130662 0.00241081355543656 0.00365119513273738 0.00130294224090014 0.000633682857534376 0.000793047349678335 0.000428211334542892 0.000525262809483079 0.00046861176138358 0.000497138268526768 0.000364897494731397 0.000247373115269349 0.000153040502845443 0.000162244062309641 0.000181894699780828 0.000154736060062269 0.000237617512749622 0.000261280525398381
0.319313975822049 0.239096069107498 0.379292241490558 0.333824308261096 0.679597120298579 0.696128172297977 0.536743168741646 -9999 -9999 -9999 -9999 -9999 -9999 -9999 -9999 -9999 -9999 -9999 -9999 -9999 0.171202603063216 0.203966044504889 0.250462699906661 0.0368544018573475 0.0101298866021726 0.00920418220861657 0.00773968863695577 0.00784393108543261 0.00636439424887205 0.00350930664523939 0.00212808581081478 0.00185434928520727 0.00128127961044792 0.000624255704450533 0.00108906392674911 0.000762492926437424 0.000970705238056267 0.000871258928692584 0.000850233590846682 0.000694683382003281 0.000331990903888943 0.000341583826591148 0.000311566991493404 0.000328044237946725 0.0010808574670794 0.00114033889236351
0.394259110886832 0.285300376407352 0.553852031520385 -9999 -9999 -9999 -9999 -9999 -9999 -9999 -9999 -9999 -9999 -9999 -9999 -9999 -9999 -9999 -9999 -9999 0.230262024150816 0.263563223562523 0.249115540089948 0.592407242585147 0.154699520835167 0.135434980822439 0.379626113716522 0.106480978724692 0.0377737608457941 0.0322065015785794 0.0163441146915534 0.00243846130056222 0.00276245791064517 0.00164853668474875 0.000848616662784383 0.0023549062126285 0.00452907289904562 0.00467010016108538 0.00395849077183997 0.00254483998940251 0.0016253831603264 0.0015190016421863 0.00132244183601646 0.00135740788178085 0.00141383564398282 0.00133376800617937
0.422384576246268 0.378761418683465 -9999 -9999 -9999 -9999 -9999 -9999 -9999 -9999 -9999 -9999 -9999 -9999 -9999 -9999 -9999 -9999 -9999 -9999 -9999 -9999 -9999 -9999 0.404674642280937 0.259038831104788 0.183726190893183 0.120522746268966 0.0586796627353684 0.0202378771389331 0.0653577100102555 0.0339498678012507 0.0120285521413925 0.0195257898856817 0.0180495871576376 0.0192842030958868 0.012249306269441 0.0652199601068602 0.0259407719167078 0.0266873185509347 0.0128846920318073 0.030064388005371 0.018213440869522 0.0218625370458119 0.0142000738869073 0.0395647656236229
-9999 -9999 -9999 -9999 -9999 -9999 -9999 -9999 -9999 -9999 -9999 -9999 -9999 -9999 -9999 -9999 -9999 -9999 -9999 -9999 -9999 -9999 -9999 -9999 -9999 0.304141978149936 0.422609757211804 0.320531692590385 0.0290923176635481 0.0648913304725228 0.0428219889433848 0.0190566619040559 0.0306309234719971 0.0436208412726753 0.081045473526535 0.047929149599903 0.111749318079471 0.245483606522432 0.129803908425498 0.214333090301051 0.0588872013580195 0.158203802185236 0.262679848641637 0.330689148694496 0.214161912931719 0.194319617618386
-9999 -9999 -9999 -9999 -9999 -9999 -9999 -9999 -9999 -9999 -9999 -9999 -9999 -9999 -9999 -9999 -9999 -9999 -9999 -9999 -9999 -9999 -9999 -9999 -9999 -9999 -9999 -9999 -9999 0.222377267007697 0.0498246918375088 0.0452598234131086 0.0358917580475844 0.0344871896497918 0.0840929011597751 0.254603164474314 0.163418967398214 0.296034064001313 0.105768605725456 0.376923726309393 0.338822772016075 0.149394663481159 0.309503516031118 0.201077019612863 0.285031358645764 0.296440577115441
-9999 -9999 -9999 -9999 -9999 -9999 -9999 -9999 -9999 -9999 -9999 -9999 -9999 -9999 -9999 -9999 -9999 -9999 -9999 -9999 -9999 -9999 -9999 -9999 -9999 -9999 -9999 -9999 -9999 -9999 -9999 0.0173383799689288 0.0486177477596501 0.145668963672685 0.190798146127682 0.72169987324952 0.345109683311406 0.10986248240349 0.331612218476472 0.127078243380445 0.221613272411644 0.27521068574703 0.296366848189899 0.277255917342911 0.284679617622125 0.190778983311702
