resultados/modelos/gam_pseudoausencia.asc
NCOLS 330 
NROWS 228 
XLLCORNER -12 
YLLCORNER 34 
CELLSIZE 0.166667 
NODATA_value -9999 
[rows 80 to 99 of 228, columns 230 to 275 of 330]
0.643763597817437 0.524279136229633 0.546091673397331 0.644258042168653 0.561701340676995 -9999 -9999 -9999 -9999 0.660907327000418 0.553596694408163 0.544226330168537 0.496316556443105 0.527186086555382 0.571522121518216 0.493038426441936 0.574843745040533 0.52467519876345 0.373633694413122 0.469592788832043 0.538142174835082 0.325137724071815 0.437439455819858 0.419323601024147 0.289312727920559 0.265582171035825 0.289975999390744 0.261842359198359 0.210333445582445 0.188998375982534 0.0632683709705384 0.130870190587901 0.0759675501389784 0.11550678441654 0.0991283437939559 0.14106480324388 0.113700778792378 0.0575479336024933 0.0481341020039526 0.121505510111385 0.147443795212713 0.0885096000954515 0.0761222856983781 0.0897217431874174 0.134238829115694 0.128349919590144
0.72693930214686 0.518232169144458 0.422776194200669 0.412272097293705 0.634150293607162 0.466723897374856 -9999 -9999 0.5439295358924 0.427154964673423 0.490328077675375 0.431052714761805 0.579326641629088 0.54921724835189 0.562575585815117 0.536389341577616 0.504314332431003 0.472786772431379 0.411226537433963 0.532720244447718 0.476346787760501 0.412123997522997 0.385016521795664 0.374792874913927 0.262499290449956 0.255136762506705 0.212899011839485 0.182599152171238 0.118541370412385 -9999 0.157677874437361 0.0834623977813381 0.125933839828233 0.158415733911421 0.142232992983544 0.110906531131775 0.132671300266574 0.061955919109805 0.107103701173254 0.0794207271920375 0.102081463652917 0.102557175433886 0.103292180422829 0.159077168819702 0.117699991387895 0.0632569947052846
0.564108395046073 0.602548431772587 0.560876623504285 0.461965816306548 0.556323973038046 0.563550991030601 0.441424922201967 0.555725402037514 0.543532317705462 0.507035753222323 0.476108635034035 0.457218079314737 0.460326249288761 0.501599693758557 0.534647857834742 0.528700142342855 0.252027240748353 0.341604979577027 0.228989997836328 0.434873294243435 0.459427717612446 0.411815203556502 0.218529915120165 0.286064431221846 0.174022631249346 0.187842926786183 0.242197469049957 0.179973977424702 -9999 -9999 -9999 -9999 0.237219820672781 0.0913407343921574 0.0769020688476509 0.031468130652713 0.102926349637408 0.104786927879213 0.11669140263085 0.0111266616071651 0.0356815349539875 0.187448556389728 0.0756896466927742 0.0757775376936898 0.0815683347476649 0.115660254291995
0.67520478188985 0.630098865958447 0.620947987274621 0.577494660072268 0.516566367047182 0.470239919686956 0.427413879078609 0.463873857987118 -9999 -9999 0.429767846690765 0.46986481611273 0.451185796644236 0.456910359181379 0.595952284095161 0.535784220057924 0.445709044463104 0.419584096168936 0.462573984118053 0.461316727888572 0.381198966552621 0.361045284416155 0.346024928036619 0.192370175912497 0.192040249606846 0.231620089240686 0.116626519316007 0.135102981186666 0.245262638034281 0.161921800404692 0.0624071843166209 0.0144871624875776 0.126633133917527 0.11768564438578 0.118945125188552 0.113175040614726 0.099946015945987 0.163168739784283 0.133988616224069 0.15022344616822 0.117914332136101 0.144913725349479 0.127497667095107 0.0897526347043164 0.063947239103942 0.118433925082744
0.712744776447771 0.638075139794431 0.575520970970801 0.433318494854881 0.43375844919871 0.49466770794747 0.499106192127476 0.466518948313469 0.541171017158348 -9999 -9999 0.333251586339982 0.309930098194491 0.329104390281938 0.397769898997138 0.47953437493615 0.450835660986208 0.439003898013569 0.389752442046722 0.355972026172182 0.329083410006099 0.251647901710056 0.198377031101249 0.255503030195228 0.20271456572618 0.162318109815062 0.108186693592953 0.0900153717594248 0.151635582181867 0.0843714057851337 0.125395614259727 0.113509061670449 0.0978887733576402 0.131190519541422 0.129336949004731 0.124996954919347 0.182357373951689 0.221627238777914 0.153899221130678 0.141733946950601 0.087059961124376 0.0607201097743355 0.112965364014051 0.080074605247907 0.062029990204107 0.0757381250849786
0.632505608939061 0.532784028805371 0.675163955741981 0.656545777084821 0.733714696204141 0.607597636411894 0.605694008920227 0.468987146728149 0.456251837594781 0.329959357310075 0.312211616310537 0.267168343351825 0.270530672747673 0.367702372968059 0.335566705437359 0.279825179295388 0.212703572206045 0.375557653184193 0.332995773534208 0.191742047338399 0.22016821758044 0.143905487724352 0.145864904022168 0.265531021688442 0.298531590308204 0.347849396145358 0.280955590286795 0.160248566150519 0.268805273401349 0.156002021656794 0.196027711955493 0.197382412250638 0.17009894387997 0.0971391965819721 0.161091735325516 0.155575947250607 0.0775693438484861 0.117466894033625 0.165526006156919 0.078362844766414 0.064930516667727 0.0920093415599334 0.141977483715561 0.148234672843503 0.123771341207275 0.0742085013123704
0.629904247079129 0.579834397272145 0.573105832802423 0.670986279914135 0.600906407377062 0.553433850269381 0.464942325752957 0.440261133287441 0.341254431399003 0.313868480108073 0.256938800090576 0.287554835681449 0.184039449696686 0.377264874367221 0.275985110016804 0.207874336120614 0.152334363742675 0.356564151373511 0.226420113347285 0.470372137598694 0.424911014986643 0.13135172947877 0.186104078369413 0.273913286751966 0.325244476699746 0.258374388188292 0.216868231597408 0.218700669164192 0.216939721961399 0.204633443869495 0.2531490767613 0.137757714967164 0.212955331741701 0.18600091958973 0.18107698105567 0.164728203629415 0.212310605234162 0.323120212578695 0.205312601886031 0.125625983165352 0.117472932490758 0.101236864451375 0.097003016941166 0.107000842988789 0.0986168867025662 0.0886339703970437
0.596644458215431 0.625068509224591 0.568913623672815 0.574096068822471 0.505748096890952 0.58970183434627 0.442448509557303 0.356908716382572 0.406048306067466 0.312570604638195 0.28570313747731 0.268782607602982 0.266367651943934 0.310834699032684 0.328212870657075 0.326639478657144 0.311898299339774 0.447771361052633 0.434559990355039 0.497302300639956 0.443065995996023 0.323369754860405 0.273426954255023 0.262987313788815 0.288816312235396 0.148072526262795 0.275435392796287 0.207626989827574 0.20282463219318 0.207518105518299 0.176674261382102 0.130227478807188 0.0755746495604717 0.140733651636511 0.127426060486244 0.150622958171767 0.226441005873866 0.158955822667685 0.111304071260903 0.159157047694867 0.0883783764691716 0.109985253410503 0.099100861586904 0.135726378183409 0.0862925067158237 0.185562349738579
0.652017952859433 0.559719401172372 0.49841910607767 0.501845526526599 0.519211964178647 0.492788605055143 0.408244287102997 0.349636999380502 0.395847900054778 0.380752351546037 0.22483647685078 0.250229474542032 0.29428916915583 0.158063621331902 0.385463788930375 0.387669033606088 0.558838605816934 0.511213993919625 0.553715471357853 0.460914463781902 0.336266000801615 0.260665207686555 0.243795018438104 0.278320168210528 0.296803411435234 0.327385231248781 0.181598190275141 0.305879737268522 0.108875282137861 0.233222848928185 0.171391512450662 0.158057014171699 0.12054619516892 0.208390360541658 0.37066112911366 0.205090395572737 0.185301147750065 0.143019018882594 0.0969088799078157 0.0994673865308112 0.270419053174399 0.145474291614209 0.165390530741697 0.143734909045787 0.173358871746285 0.151485829303897
0.562081491361473 0.487588928819989 0.485455003576616 0.517689318897375 0.527900182056171 0.388840574279129 0.512115272081671 0.470587953816532 0.380889680190833 0.297246972857715 0.299447952178016 0.482839017287817 0.32444594924829 0.240464349081068 0.14660370305651 0.390909855808952 0.296764461349751 0.269955541610993 0.121455637060145 0.113119646416264 0.292567178935559 0.290283492866966 0.194329601107536 0.322435288505949 0.375435489371432 0.274084200142255 0.271434384126913 0.186420889965114 0.258111878307637 0.251476205373857 0.194922095773436 0.233097777504845 0.330476636645367 0.289277125886003 0.149980483618572 0.101990428667497 0.154612587470125 0.266504018317601 0.171660355957574 0.262735957629184 0.0777924179825809 0.161211442333311 0.170177563413578 0.150989827964115 0.159148430370987 0.138803661554456
0.51607730614764 0.559094887170779 0.513985864216106 0.548711054221254 0.490304264548804 0.564807179240229 0.504193968915294 0.413895536610691 0.317520452790284 0.368265305509285 0.456197136064446 0.410842304426629 0.342278828603134 0.335918020708606 0.227088396783705 0.35624587330615 0.430167885061161 0.245750356233378 0.350637559971731 0.359455811444424 0.377780005851035 0.343532861823848 0.318981925062848 0.203149942955721 0.365466274756592 0.190515711876348 0.165184059155927 0.247132132213532 0.221843796603855 0.325943696922808 0.281701280285507 0.212696061200016 0.213000248120713 0.245404399009186 0.134831142981463 0.141813664589407 0.168522026492424 0.144289001773789 0.0691317576986444 0.195262251261225 0.127700994902037 0.106104074332678 0.0943719088529606 0.148222210597385 0.133662672763507 0.122261188873231
0.533767651071995 0.439709622461939 0.362982877708926 0.531341755480389 0.517475719303048 0.552485476112496 0.537817526328863 0.344627680627347 0.332685353011036 0.497752159177618 0.525798889899528 0.435436573930787 0.392127502217293 0.353798411113231 0.313753635341229 0.335038954904422 0.201115057413629 0.289570771858557 0.451693995184506 0.127940426784474 0.472278233075754 0.495469731072163 0.394004242070983 0.167689492740744 0.166125138978616 0.114801240748369 0.127477669329598 0.141991804808639 0.20784204712134 0.277871099788231 0.294654875617652 0.226557185666713 0.21557369942385 0.230520546949832 0.174967588109046 0.0854982680839237 0.109094960160656 0.153776770743616 0.105074942605453 0.216161621680588 0.172003652971679 0.195844116106326 0.136085161147121 0.163325071952142 0.19133622936136 0.138409818398284
0.521083919326267 0.429409393805599 0.380322899270156 0.358180753750194 0.440711297411087 0.409255721894039 0.486746844421082 0.450488627769264 0.428501279944204 0.571985585283951 0.474294246424596 0.426660909597019 0.39032084778373 0.393558991629881 0.33184912371764 0.439590936204896 0.343738642694008 0.23200892700912 0.354068411861551 0.42872999677986 0.295776722705795 0.353600902419551 0.329026440904549 0.255630084093923 0.0586520903138521 0.164677132177766 0.204962985504571 0.237824381797981 0.285524101543022 0.306126501016458 0.278919797914688 0.148802301421288 0.1417350208787 0.247239886740056 0.190068055021467 0.113072850043361 0.119837423558327 0.165810961254753 0.168590770551604 0.171925236426698 0.196430106116052 0.228618416931147 0.226949735819406 0.246749159277182 0.183343532157904 0.172066750503742
0.519253280509461 0.458561683484248 0.446194416018238 0.384366874549686 0.380804964266989 0.452960343347518 0.434400136712253 0.562563432965196 0.549018141520694 0.486655268417159 0.447452671624974 0.433306700998949 0.386564698943855 0.230348053975858 0.323306878407444 0.391887664801505 0.252579553376946 0.455076014807565 0.355190015721307 0.179250554833112 0.289273871021113 0.328458122556506 0.347811831625551 0.152184298883567 0.220816522699366 0.171724906653115 0.171423050761972 0.245563445778059 0.384820917390275 0.253407481340842 0.224462539745148 0.152335324109313 0.153565837273277 0.158986092497228 0.157751679057792 0.196417737473518 0.225298397935768 0.1951458634879 0.229087274306204 0.16889375674045 0.186060993456779 0.268873535326159 0.29280666841232 0.241100389171226 0.15397829273489 0.161257998246564
0.333684959592115 0.372019413103494 0.431144797138419 0.455346466162536 0.362484993135777 0.526742590922191 0.519115153007253 0.648447134745841 0.545259083427262 0.635614790171554 0.607102537879619 0.565339087814729 0.417141920166731 0.375459109144489 0.505296864312675 0.330647627394847 0.471389599864973 0.33844380845314 0.389551942272469 0.255974630146055 0.424828312378057 0.308309259104956 0.327844125576723 0.242592421164074 0.22784348366371 0.219391973448024 0.241494525006141 0.300571546002196 0.31314072488716 0.210077666495953 0.309753003905555 0.247604105463751 0.164194727195536 0.202259529514576 0.147828280203618 0.184154302252668 0.22347665108713 0.106489430207152 0.162183284899467 0.212461278989279 0.245332119741116 0.146696984146446 0.125674913531378 0.130549494973195 0.110708218755026 0.0976563872719211
0.401586877135725 0.403756474710345 0.355595944108254 0.491637536881189 0.510829016053114 0.487612551207371 0.481957548254613 0.419354380238673 0.520003614195914 0.467218188619556 0.371245370865108 0.345392482170021 -9999 0.291009143983766 0.491811289658334 0.330053112737266 0.492443408437967 0.428633702749135 0.374236498794 0.372771279411203 0.339623182701745 0.242241039830825 0.155582654886489 0.230364034593305 0.205398510615317 0.226254130592901 0.311444798643663 0.348702906383697 0.279622054913342 -9999 0.248661297370595 0.235674373516911 0.260631323450442 0.199176810237998 0.155897458829865 0.245351809601876 0.252598808518271 0.207934828517803 0.249271358713339 0.254290851932173 0.226657770901262 0.261010173412325 0.141871627091733 0.105938875226671 0.189764188992739 0.187639834174269
0.484949076467445 0.333383354688732 0.426878151490682 0.464048440538211 0.499979533279439 0.429914826931332 0.478469087387939 0.417303583921864 0.418098682810572 0.401623559924895 0.338305836046751 0.414923577483882 0.241196018259181 0.324289205275555 0.324199009991937 0.465754242037971 -9999 0.379399017897985 0.446057807897624 0.373487362261494 0.278546642281213 0.199349609539808 0.210722975771069 0.232287221447255 0.180337230106532 0.354435508527621 0.341830990968602 0.263349319657473 0.434390898302655 0.345772027314031 0.32122784109727 0.27182128413541 0.283801596586439 0.258682752228282 0.29266798633452 0.200858228908451 0.243468656955242 0.22968290423215 0.151148235468342 0.248907371143363 0.213896030476038 0.199219874231759 0.238989897871281 0.122054324505041 0.197845373622051 0.185071475873181
0.48324820724263 0.436012865529783 0.419305443795481 0.434489277463852 -9999 0.39598858009885 0.453553789850838 0.369167211568488 0.340523129789372 0.329941740447565 0.280589659667885 0.287814408688123 0.368392226477765 0.365582504738612 0.392038535512033 0.362759963718155 0.29560261784892 0.254004671209202 0.323056470345977 0.376035028268418 0.474733436679025 0.361778094028456 0.299642902523214 0.308337655521092 0.254657260305748 0.278731555618394 0.253358170735009 0.364679686518153 0.165019678246254 0.34599166407597 0.299959451731762 0.281061120783214 0.358993926346609 0.245836167440789 0.302721730430548 0.384556442899103 0.283641648867623 0.214042785715427 0.26718077892026 0.311740947943093 0.252874237604344 0.231129413220902 0.144950126623884 0.126676621821059 0.163768826486487 0.141523166515847
0.488491345547345 0.351283712774065 0.449619682925368 0.394922543837384 0.26913731166644 0.369486961733157 0.367736926098544 0.293146272770784 0.354421295192638 0.348252774573561 0.227053150100626 0.259905072872024 0.314235999717614 0.283611281574497 0.347094694151485 0.317954672815992 0.329091480774513 0.346619330768382 0.367092778507896 0.457924856845988 0.488062544904992 0.290999305207636 0.330513271308634 0.283037153570276 0.288017918842519 0.283628298527946 0.328244401903819 0.278007368776148 0.252811428598369 0.196151715372507 0.219610659234454 0.322884858005501 0.220834317307507 0.197932501990786 0.293243575472721 0.267192037008164 0.190179437865113 0.318869016485493 0.320024001227447 0.313022153682146 0.282331221970112 0.24956060583746 0.153565196702836 0.188294892779152 0.116835662867577 0.128251978009707
0.445124778552344 0.470137123220361 0.533988409188697 0.463784098172751 0.472021843418672 0.203561702869368 0.196088033307164 0.205231014586396 0.333518129527985 0.346670013912137 0.273980782052781 0.316766391335236 0.285544371685514 0.309628435111902 0.246822598706595 0.235150072058884 0.268496475961157 0.290369369066126 0.277888654638752 0.322589206166172 0.37463364519516 0.335484000502973 0.157272858419628 0.275117324123613 0.220105753040418 0.297023229720071 0.174431148815166 0.235506653804549 0.209654175162114 0.274795654973175 0.329658046381554 0.382887111038408 0.406311688631335 0.370697150639429 0.32413479983515 0.282759890625376 0.285582619007401 0.345951654338913 0.348178045912638 0.329686676430896 0.217540602006022 0.261005180684012 0.27296280659486 0.149728532951512 0.204172155840377 0.238666056934813
