resultados/modelos/gam_backgroundw.asc
NCOLS 330 
NROWS 228 
XLLCORNER -12 
YLLCORNER 34 
CELLSIZE 0.166667 
NODATA_value -9999 
[rows 140 to 159 of 228, columns 92 to 137 of 330]
0.123264822297048 0.123898143520542 0.137948360498115 0.0420245798653012 0.0258395503252464 0.117403978153804 0.113121852683208 0.0621171740231323 -9999 0.345038336534449 0.172768227256209 0.259898788265035 0.0762794056803086 0.270084714744384 0.294659255370054 0.473302762530975 0.365029272737254 0.0590483710856684 0.108857474003061 0.0567335662230548 0.0718454393341112 0.277794900884322 0.591257716016652 0.459508626184745 0.4430548290015 0.19852052641959 0.352082521259151 0.0367968007145041 0.44326572220754 0.266570367357263 0.0942453147252484 0.304680889849131 0.106045380273195 0.194844820105722 0.474192337390783 0.361249292684916 0.675599647524941 0.510137562392709 0.350538438784851 0.163649947733403 0.172521950697869 0.0663353488464549 0.0701103775994774 0.028635101080492 0.041598664433354 0.0715606304382473
0.104898253514159 0.0699001556819241 0.0461251350781419 0.0718317322756989 0.0588769559799833 0.0689797854961905 0.0515508546030005 0.0346255373233569 0.0714089607631072 0.214575086535036 0.253146611800341 0.12721527453648 0.111440826218785 0.29059649818357 0.286869437813366 0.215522675509243 0.150976879084071 0.0343130482767031 0.107119564768259 0.0804511664606554 0.262588686014764 0.467185577075644 0.351205977730614 0.475039263062716 0.741778891239523 0.0975094832928933 0.0712697578746874 0.544303580151496 0.562738163689937 0.0985307660003923 0.20160617012358 0.157868873951004 0.0993336102110305 0.220912417844182 0.340845273990009 0.334494009619278 0.217157640885645 0.113989031105276 0.225175138307568 0.118843721978833 0.0619886852486254 0.130235534333735 0.0638659021419896 0.0981057790263117 0.0891766274785938 0.17415189477027
0.0627610352802283 0.0979330469902003 0.0535307638960973 0.060727975768712 0.176672887250514 0.0255582542396571 0.188982874849006 0.0745408870019335 0.0719276369453992 0.225499390604833 0.173647772203936 0.19522335789905 0.210793504926581 0.30764011880343 0.0759741283308378 0.114810481967287 0.0446848477876348 0.0593830348593326 0.175504594199106 0.226618139638259 0.418443086392839 0.548489973113442 0.548375449109879 0.640030786882417 0.738107130310975 0.0893891685413056 0.0775912630493267 0.485098856605507 0.528303127651139 0.248681337305277 0.347411236159966 0.132275000264125 0.224841645581098 0.272311560579567 0.297213319442456 0.114427351974124 0.236058066350529 0.180827017492663 0.0616843500519133 0.0497265047195102 0.0889647469185073 0.158651372707384 0.10247026280786 0.13605203248848 0.0990622578378502 0.0451725364866188
0.140756134962547 0.196259582868551 0.0673606493603115 0.119707548889348 0.0784305911704672 0.117950362699482 0.0578514230793187 0.198020971225362 0.275173310167073 0.215858008077447 0.16622995259255 0.200829149940969 0.0530263438305692 0.059010158007814 0.193655095505883 0.181965685353801 0.227652007656885 0.151058566574518 0.333800738355962 0.609634324567719 0.228607935865559 0.153236173344227 0.311753906772651 0.734184178126842 0.0993277814164001 0.415816254305794 0.0796636432017944 0.641676978700095 0.321622182616416 0.0891045174237673 0.158491638091369 0.131605435705896 0.120304617382046 0.181146004958884 0.184159794265981 0.22025565752276 0.0391015729338183 0.0225449447776548 0.0463249295943221 0.108885503506292 0.0983697063029568 0.169619727739798 0.124061806399058 0.0783997742344349 0.0333893738699833 0.164983876839932
0.0976915673818116 0.0299754973945949 0.0346852762085674 0.0335169775414984 0.0416912025384747 0.0521305813897708 0.139267401711695 0.115734259988803 0.196437881262482 0.258062874346286 0.223763444063522 0.0584869413090394 0.0753703123109381 0.122103116403806 0.138364776468883 0.0405805344435374 0.0783252724273712 0.19289908501055 0.253179209749485 0.1356121896533 0.150745663398706 0.173569588880844 0.241155901647581 0.644320319045718 0.148542250167226 0.0918848306956185 0.45639502019506 0.26518464047565 0.18449080953419 0.0785983112726639 0.110035467016499 0.115243743256163 0.248295346204281 0.190489595431841 0.0886639464739047 0.100481781699617 0.0961706876726305 0.078728642911672 0.112239661866238 0.0321833498444497 0.0894338032830944 0.138212938632277 0.467152962827539 0.195766728656127 0.43195048180475 0.372081240905046
0.0355932556503544 0.0971902827788703 0.0941972878519556 0.0579809702639287 0.0302301947350552 0.0880808228144685 0.115532948332415 0.146647848916344 0.299028823805049 0.150210592623685 0.186371376890126 0.0588496955305161 0.0641490802841211 0.128738799226893 0.141353248746146 0.0899844514034623 0.0817322830568257 0.0848278260640348 0.0668820057979836 0.224872163703219 0.226948588630769 0.373192368743163 0.3398518966917 0.0595396945448566 0.205545787786222 0.194393760433683 0.304453742296328 0.314025908648415 0.14766226598389 0.346847771600333 0.17106782916232 0.259831405239214 0.0909447125897159 0.395165127087444 0.727780344633673 0.31944747609103 0.277227617891189 0.0793710369649264 0.186492909466008 0.216054531470938 0.505557409061013 0.30546171683184 0.508462394127921 0.281168616636237 0.435601696727001 0.431383331830752
0.0486522116852926 0.0815717595603712 0.105839402410435 0.0197176257761046 0.0249023042312908 0.0320909036245169 0.0372950971247799 0.0596733700767104 0.138079072873088 0.236463781287711 0.222861275372069 0.0787310228681752 0.0174865253457045 0.0218225344448297 0.0257903337549955 0.0518548649303213 0.182046253299353 0.0691303560146599 0.0744614244227849 0.196817235865348 0.136675034600284 0.0766889212776144 0.137326655218529 0.125790779153083 0.0848521543576966 0.40325103768319 0.298956389656315 0.58310890429008 0.460453204229095 0.484056978466681 0.336109373512484 0.264352173630198 0.0901683428270618 0.308827648625263 0.168994906459702 0.269028574684094 -9999 -9999 0.336981498310303 0.443476839853377 0.848365660748581 0.74157385554427 0.934058786487607 0.776935113049415 0.492039909057069 0.662394015776101
0.0297776715826826 0.0888775078543373 0.112874016580137 0.233745141118665 0.291714682295679 0.0970843348763975 0.052811046406384 0.0884004169523128 0.198957738099671 0.413653923160509 0.14970333448622 0.0194654657146764 0.016940568663351 0.0410073274826089 0.1065509518899 0.125321891548549 0.106677864907036 0.114293671464944 0.100420461008333 0.22233929570988 0.426929854207198 0.210921303911825 0.255636460553827 0.497747335325518 0.518121569844195 0.601605349833325 0.587920757491729 0.513928151208626 0.536052710762855 0.339280267536076 0.42756222346503 0.674240132862791 0.463434415477554 0.401037030691299 0.261461881479178 0.227363086804807 0.583986733619135 0.412337718678266 0.584814649668266 0.591304787141782 0.961656341606524 0.877972346031251 0.921591700777734 0.892477494985076 0.864159397725714 0.733948287112837
0.0688046036166991 0.0237849529606015 0.122409461701085 0.545759048764022 0.453588577265154 0.25818404868791 0.170357092182764 0.05799349366955 0.361304139417199 0.367334564506645 0.0823186683385218 0.013746067833894 0.0739200840590441 0.0649979246655056 0.026695872613743 0.13162510181889 0.235270814478104 0.183947780803723 0.195316699557491 0.205349605779268 0.161730437940001 0.127961346371022 0.124232626949625 0.307024246927872 0.562216611009412 0.518501133449585 0.448702952997951 0.527598902915325 0.294253452809433 0.289734672904234 0.102798025060424 0.680425684215087 0.585453249487765 0.560688948968123 0.412627895006098 0.373650303571813 0.298271926611337 0.386711785950218 0.784408646165827 0.932566700627518 0.869741056357981 0.856482839926128 0.688120691226006 0.808410177856155 0.877958889883487 0.260394098070496
0.147558364917965 0.0220926749815227 0.0721808986876011 0.34915978862399 0.522261315330515 0.35785511214115 0.0579447785818292 0.0453453543014385 0.33508935852224 0.0769519239633833 0.032337055178927 0.0120961712387385 0.0263083314169395 0.0741790626268432 0.0659499878901553 0.296809588952439 0.184718977745975 0.109129751619775 0.0441505106483762 0.112688023610481 0.115933523615024 0.201702136708188 0.238779310035832 0.405423651953896 0.240785509553163 0.297651625962273 0.290016351963269 0.479529965226211 0.452218200614228 0.475431771711709 0.58660787896857 0.386331226056818 0.375891998835624 0.41806512951294 0.0378681848983549 0.0219477317991999 0.776481873023872 0.71446378547167 0.916547274425407 0.966396835925713 0.815787317681696 0.217679528423019 0.954527609657058 0.956385419195015 0.971025695732246 0.977833671568441
0.0560196057376521 0.0198885375474009 0.0581768539786871 0.391931094973322 0.433618607345393 0.289922673573657 0.297859818493861 0.0924600038368202 0.128213029744953 0.0147291101270079 0.0157143136917198 0.00756914571736604 0.0238309975764893 0.0319156145798952 0.271104107404087 0.173571424821622 0.086119697352402 0.0493621199848193 0.0718765268257758 0.151936153818938 0.214433652163809 0.418097404585149 0.204502408936094 0.196178429476911 0.435930129313182 0.539672822138912 0.413563965901035 0.229033395049252 0.176910254023375 0.125575255943588 7.37102180036517e-07 1.45477683230773e-05 0.558174802859842 0.357750236446971 7.97455850822871e-05 0.23527331909268 0.517974974261444 0.974200230503012 0.90530116952373 0.749038621601641 0.128963736499722 0.0335851384223471 0.879933119552508 0.943311505175905 4.10483805554469e-05 0.000325601901194949
0.0240278205318951 0.0287611830809161 0.0443356994435296 0.0667411587475317 0.0878127768612468 0.169148954487193 0.150735143059432 0.0644754334743775 0.187453147599165 0.0225518058604163 0.0116164329184937 0.01449260316756 0.0315913205521833 0.235967054911526 0.177504639466869 0.112457570580295 0.0423075724348076 0.113073993489324 0.195616955590752 0.155943797216005 0.175059619641114 0.0840345700739716 0.335377801701787 0.174252178453199 0.134652374346296 0.442548963097624 0.262628260887391 0.122715726877071 0.413209370223735 0.789951694363498 0.000379875656221602 0.000340496885592621 0.0919492827364138 0.000607503545654346 0.770409030092071 0.780919708878262 0.779198277764171 0.923164693181074 0.840755864034791 0.025251278194559 0.158855076258003 0.532494502137341 0.224928261216751 0.977610763516964 6.75876400281101e-05 0.0139789421665358
0.018978004819095 0.0424763780850368 0.0596773260060699 0.0413637229740035 0.0342856241556974 0.0363312314381829 0.0529185669938835 0.072784202997107 0.0550350897998055 0.0481989698889608 0.00919368609509619 0.00738549351266354 0.32437463255874 0.198088813622388 0.275051033031156 0.0587897589101544 0.0693255950050229 0.283712473140799 0.217636562587461 0.257009275956768 0.232743430339242 0.156606874566036 0.143569184180543 0.270158966971182 0.272673477896216 0.368772720037774 7.04514178744924e-07 2.22044604925031e-16 -9999 7.30400555660073e-06 1.24495760697383e-08 0.0517853412441957 0.022254541914419 0.412863088195068 0.0154484551020713 0.448521049654121 0.47414411472442 0.910503756164046 0.0120644508955553 0.166261513864879 0.251372280479209 0.577288333202285 0.497573235503924 2.22044604925031e-16 2.22044604925031e-16 5.75332057137223e-12
0.0329057958991689 0.0616828338253196 0.197082060101329 0.0627208458331336 0.051011202724635 0.0550905754665273 0.173313118055376 0.192325028958938 0.268665594769012 0.0408641655867051 0.0277607765502797 0.0104513289185993 0.291160401562891 0.354034081176529 0.156815337783832 0.122501786422504 0.113314120251094 0.428036787395531 -9999 -9999 -9999 0.509721610016983 0.159495660348311 0.205092747014544 0.0172799689776901 0.000481968452741393 3.63205221295912e-06 3.07928933002162e-10 2.22044604925031e-16 0.000650434109010177 0.00142854364250499 0.817474734916021 0.834524797993151 2.91758905143659e-06 0.658501452782342 0.755856632146268 0.792194265741848 0.643345358086053 0.063368606922062 7.13263829080313e-05 0.309388697964707 0.517489567843404 0.592747955405536 6.72652453818039e-05 0.825460677657097 0.975245008589534
0.0577339463481715 0.127194816637903 0.251658650309756 0.0933346491132092 0.16045498680236 0.108936243375479 0.49277426482879 0.499587534784921 0.195116519334169 0.0333639407330657 0.0253657261036132 0.0227253835162273 0.44372609635905 0.437536886471598 0.0745645870727239 0.171727292441031 0.299513128487289 0.31370024083652 0.094110369282221 0.122550451079381 0.208956954018316 0.0158043002995516 1.25589260291514e-06 2.22044604925031e-16 1.5498431714151e-06 2.22044604925031e-16 2.22044604925031e-16 2.22044604925031e-16 -9999 7.94604044493369e-12 0.55356694265642 0.45807462598314 0.26713360973112 4.8973341444314e-08 5.84186990105558e-09 0.680101553580764 0.0541977007048157 0.00065115517258781 2.22044604925031e-16 2.22044604925031e-16 1.22281404251535e-12 0.91962324048284 0.942738790001354 0.76432377369266 0.980095303950619 0.934139760801596
0.129543945530528 0.724213271925691 0.834558028976993 0.579047002861941 0.204859486992429 0.14650740897308 0.585837993221158 0.459157602576302 0.0477386948280948 0.0326523743856803 0.0186900270219402 0.0750340321409095 0.56506293953531 0.215985606367512 0.169879279285158 0.195581974926082 0.379407090594774 0.145943236108248 0.0818501806495392 0.0962067796263652 0.0742534606171676 0.0225786900266381 2.22044604925031e-16 2.71116899495951e-06 0.000136408802081817 -9999 4.71821783478334e-13 -9999 6.02816939080156e-06 0.916997019616713 0.403547095136959 0.849747183223633 0.660968730714459 0.837137010521193 0.934926295747719 0.849949266407835 0.000117992004550679 2.52341194489037e-06 0.000560966403961091 4.30851578101786e-11 0.000740861824857463 0.990645383316303 2.22044604925031e-16 0.921337722000216 0.618215375764185 2.22044604925031e-16
0.0707264112642515 0.772343444767509 0.787636679006453 0.574493517295501 0.136318431711306 0.201883481237075 0.478697268246546 0.127753674874579 0.366231447588111 0.0287373265129703 0.0163747159859245 0.0098970358501948 0.388651274716642 0.379257117039191 0.195592144293737 0.389379211551783 0.473282519434873 0.124654121923778 0.135766478194241 0.07901089653487 5.54924074871013e-06 2.22044604925031e-16 0.00108136828122585 -9999 1.68464332243698e-06 4.82732326877624e-06 5.53167381526038e-09 2.22044604925031e-16 0.326240691917192 0.509564393387274 0.324144622604917 -9999 0.558189138142901 0.817956592332758 0.671014161636846 0.766740953374683 0.376045636100285 0.580487245437007 0.603610877836009 0.578167311924407 0.718793487462728 0.429450036482068 0.911959350606923 0.895139463516266 0.734548158417481 0.538902201762574
0.31718575848526 0.781926847120423 0.716485553733492 0.77692735967646 0.174512027085798 0.296677243137628 0.195353057642291 0.43545323792733 0.504936487573927 0.308513539848651 0.0620342720479387 0.0441791363021588 0.0985079316038785 0.537156411345119 0.203175915189674 0.469943324608667 0.138927546778961 0.0633828055791443 0.0524500478200671 0.216707993479284 0.176941979017422 0.135263473514597 0.0919164614143914 0.0116084501064956 2.22044604925031e-16 1.46899351614072e-05 0.000162332141999819 0.51528618896577 0.641500221315805 0.341081393171358 0.510130611956209 -9999 0.0631641827213663 0.0694004642030017 0.126865397399792 0.117056016434619 0.276017186106183 0.283850255054106 0.216978231823979 0.442971906386403 0.482099174813789 0.614151236229767 0.551555182315236 0.766098850972871 -9999 0.933521151729455
0.807279515517472 0.820612151166838 0.674631645372554 0.845724391375164 0.537266644971472 0.193815175420902 0.150249029255383 0.249636358971581 0.165668088936448 0.0614568480621538 0.0973726456204003 0.103138387409703 0.105206350524707 0.057373767155128 0.200541980447796 0.207690293304442 0.154498105857109 0.279069973576303 0.00968265453639524 0.533595965703465 0.495119499898684 0.0688974204742834 0.0117041295808829 2.11454100650664e-05 0.00139069878317614 0.256689108420856 0.000301876560917936 0.0572154468635115 0.261844941153068 0.189388886360922 0.0493049273231838 0.00699520331469275 0.00453457661194514 0.0383843148407782 0.0773048292017705 0.0853806683825141 0.0180933040427376 0.0081499663217798 0.00237256744524939 0.0118030019878433 0.0190176373316633 0.157477157197804 0.162878720386691 -9999 0.166593452040315 0.265176651342305
0.877127023245694 0.581032049681 0.911247875766061 0.643038541808877 0.698926433162973 0.677164779409277 0.69439061708225 0.446319400336637 0.132999513065312 0.0510353458203697 0.120333753356667 0.0884459329206123 0.0567192979990513 0.212331547016331 0.288849330457106 0.226178777947969 0.200125315628813 0.000374165087770434 0.0921662918728619 0.496571980878825 0.556795057398967 0.00690240631481966 0.000100102195547836 0.898044451989575 0.219761741286967 0.616891334621506 0.37286076935898 0.142411775253093 0.0585273759923793 0.00454686637982348 0.00237165455744634 0.00374871439010727 0.00539716595623034 0.00253689587807941 0.000547942426145609 0.00557025774878022 0.00105680310669633 0.000234429301452767 0.000743946977966295 0.00062169357333035 0.000701776060621387 0.00148619457536036 0.00323440197768015 0.00810303115691732 0.00536372252135503 0.0856795187715369
