resultados/modelos/gam_pseudoausencia.asc
NCOLS 330 
NROWS 228 
XLLCORNER -12 
YLLCORNER 34 
CELLSIZE 0.166667 
NODATA_value -9999 
[rows 120 to 139 of 228, columns 184 to 229 of 330]
0.0370704357209084 0.0362910352696273 0.0202656530479108 0.0430396135041472 0.0824651975574787 0.062243774896225 0.0564660442061085 0.0623806203930772 0.0451907238616443 0.0498358327987897 0.0488297823027042 0.0529470581735265 0.0690323839415145 0.0517052180841323 0.0430164875703549 0.078052326160561 0.0970037121021349 0.0563228487041787 0.04320068167602 0.0370118475082094 0.0411697407826765 0.0493824656703427 0.0361101274484829 0.0555177982374441 0.0349425523101379 0.09486918351971 0.0574765044100491 0.049184303645315 0.0372479522038826 0.0558508726545878 0.100732302808316 0.121297352150204 0.162937266762541 0.154511189323011 0.141891541250419 0.111009641730473 0.186080019559512 0.203958915940762 0.345948317331536 0.297382731324754 0.175049200902917 0.320944078949994 0.398668759614039 0.158044591724817 0.0803236308494994 0.10609124089721
0.0390485625870506 0.0289643010325185 0.0356214533900405 0.0464013646606323 0.388811759447823 0.171946012182028 0.100946491624832 0.0752362581194826 0.0438594616610113 0.054441453265539 0.037341799930725 0.0394267721880596 0.0392467323448159 0.0429192969147518 0.082537573436499 0.0774085540799459 -9999 0.0771968258522485 0.063619389189431 0.0398630102428397 0.0460100144396357 0.0419553772036716 0.0412255576537732 0.0455286283343578 0.0455464725763921 0.0428883944549543 0.038126309069107 0.0376143605467217 0.0541331798711438 0.0515150357011026 0.0987899009367535 0.0866943275332354 0.101673103126812 0.156007874644368 0.113413093319496 0.111011043000126 0.137868837119422 0.0951866763557778 0.0855344398969097 0.0922154547858093 0.0663443483162023 0.267966676280471 0.185015776384338 0.269942435502245 0.378985712187881 0.195702668953867
0.0341375610814246 0.0399929761810157 0.036003472132397 0.056783248992042 0.0683504206048487 0.065674179019459 0.040749573171739 0.0600325903713392 0.102828661777697 0.148475065000915 0.0815537527538758 0.0810058335325277 0.107193958276093 0.106733282480736 0.0781215531584238 0.086993367430344 0.119197521997478 0.100058413087555 0.0854657065340621 0.0987803380063091 0.0562229479014652 0.0499537993601524 0.0436434222945807 0.0480785656672491 0.040313514006598 0.0658935976654439 0.107602408480199 0.203360221270963 0.0919675866395572 0.0607851243453262 0.120791558535927 0.122888807773085 0.127128755810182 0.117258978979188 0.107559079530892 0.0991033794468449 0.0847799937248794 0.0681532599705742 0.115944547998424 0.123613627912234 0.195737234790071 0.429496823347491 0.248970284811595 0.237339138401057 0.128170597567968 0.278536349136184
0.0359348517149517 0.0322883738974614 0.0477906626050274 0.0684068330219818 0.0441376852022989 0.0344515829280404 0.0773164272417281 0.158248787076091 0.0751484383106312 0.0683839206463555 0.126004481887191 0.222046301394936 0.0756777993402874 0.0837569937807006 0.0746329500641722 0.0678391648441065 0.0557511364739455 0.0543078757548995 0.0413162408388907 0.129627818667165 0.0694921997073747 0.0390342949863461 0.054139069825209 0.0759900656509227 0.050525546271856 0.0534307934763227 0.0767388842531287 0.104768138625227 0.110821590955956 0.0885859628254945 0.0923077332303283 0.104316331217909 0.0966891015681605 0.106837112357283 0.146035314419936 0.104524174128899 0.0521615459448988 0.11108437995123 0.120834653549678 0.237163670565378 0.264414860533324 0.218271917116397 0.257268355138478 0.135155393200346 0.0912885507680765 0.105370886418579
0.05542504792769 0.0372631155353174 0.0376208931832362 0.087935305862777 0.0969571159442383 0.0459496232319861 0.12169379205625 0.130789123781794 0.103299523544266 0.13448415386026 0.113795908137464 0.342219978871476 0.404923795618262 0.110825335412305 0.0535185746763902 0.0491218347230802 0.068700772668339 0.054307578290055 0.0526614654375438 0.0911376859116305 0.0904338759034321 0.0701289409525432 0.0535768286478546 0.108582399285766 0.0595510591532634 0.0435988901814566 0.0535260656781237 0.0747799179883673 0.114439578535461 0.133274359197738 0.126715253358961 0.0760487855733701 0.0625959197070249 0.116034371325319 0.0654655218315436 0.0708952870233653 0.106408327704789 0.156180354555432 0.0910271132205548 0.293438000922384 0.174975342964435 0.176084687557498 0.189827758346606 0.0952851977493474 0.1805583500273 0.0796184099498939
0.0860284134195152 0.0543756551045145 0.0707494225018109 0.0723667334452324 0.0889237908689175 0.0707954315356479 0.0724815924854283 0.21474128533794 0.173147811970762 0.254546110101382 0.20310331742142 0.288383832587527 0.311697997215688 0.257265491983696 0.171730782331692 0.158083904851265 0.0779886494572843 0.049515521045931 0.0611273095835755 0.0762368419920377 0.0596963607903782 0.0685050016123739 0.0570607811793487 0.0584093006703543 0.0966572255730674 0.062345686059853 0.0693435933835065 0.108914456568433 0.121389035234278 0.0924796620909611 0.0969730400478638 0.0949167952122843 0.0808928790578635 0.103867014671436 0.0597985791033318 0.0690872124434411 0.105423237483451 0.0934598706468291 0.0607026813499193 0.0432220514121103 0.143232765135619 0.127516308813342 0.189104846660262 0.358232200139601 0.129828545061215 0.0604990789091021
0.0479610700540053 0.0759788960378052 0.0681441731128668 0.0773116093987833 0.0906237346224371 0.154605784482189 0.163654764242543 0.132074078924427 0.202459860755209 0.121128678380603 0.110862574701685 0.240668327160303 0.247742573425519 0.415619991473247 0.332055266231216 0.123293722970465 0.107887326075039 0.0686285034499737 0.0789350891222169 0.0999483467125529 0.114092075686907 0.184628696185796 0.119418207606659 0.100231989350167 0.088206362486944 0.0944275687561474 0.102763681640013 0.128641895357535 0.148822984646339 0.116450764897315 0.10341065355408 0.138794013138652 0.107946652941375 0.105651772574239 0.0503744661798968 0.120484343480033 0.0638758982465904 0.086689818888154 0.0936725123099974 0.0512590682910301 0.0923616373269554 0.231535402036215 0.405544708338513 0.291877563767189 0.0870055384682115 0.0692348308547136
0.142693326361084 0.140197376405253 0.0872050067733494 0.169749406623507 0.270901788152325 0.108885390321173 0.152781569726045 0.117899423085356 0.132806517191731 0.102659142434933 0.0920987205486009 0.0793472149729517 0.13339559656789 0.316511939356825 0.371926688578532 0.191227134150748 0.0702061822981075 0.0543752291362329 0.0608211367642177 0.0820265687031684 0.150299171248616 0.15746119278341 0.169379661604753 0.154842607728139 0.200629973940668 0.187395144207788 0.130124528220242 0.10052080474332 0.0933262023886417 0.0846660787340268 0.0705054947269159 0.103280667823241 0.0745878941942266 0.0759506513261762 0.0851228954945217 0.0608808977498305 0.0662246179367821 0.0733366316975576 0.0691183617426862 0.0744100700834362 0.0644458083211322 0.139654847359847 0.0796512458209642 0.087234696248606 0.0896774658313433 0.163880023846186
0.15909542126493 0.172628294656585 0.169598630799108 0.217344607332401 0.291259796246908 0.180335993614991 0.170233524257323 0.111724459001539 0.0996975439809831 0.0757992070669724 0.0519713162913869 0.0790152227864974 0.0610238514144539 0.088421889948794 0.114410044140007 0.130056451673362 0.13373892588932 0.0526014178411939 0.0416129424495509 0.0633035843246272 0.08740416858119 0.0988652409906876 0.178284869538761 0.157173688021864 0.14175678140971 0.184666293476326 0.349098538762349 0.269912999824365 0.140007388802471 0.0825570371127322 0.0674827047762009 0.0859173805271493 0.094474467957576 0.0743606162940351 0.114056398647574 0.0659152465568309 0.0557318684339191 0.0556622783353403 0.0700229902945374 0.0731524187949657 0.144480048110951 0.0874998110836825 0.0771550588510703 0.124151174945569 0.187579244159472 0.24488534608821
0.139608276037467 0.17914532665094 0.111262779885605 0.170676099056116 0.459737665242334 0.230411663012688 0.158121935566429 0.109145845865812 0.126808598476933 0.123822632167147 0.123759296647689 0.0974803980843116 0.0581722797665266 0.0538586252876265 0.0330146266585777 0.0670084786310034 0.0365052367291596 0.0579018455735662 0.0969496253205109 0.114369708288469 0.0763826005593283 0.083465005643197 0.0757097786790027 0.0910085008288482 0.0789655701882422 0.131148887106559 0.287368986107093 0.258336878770116 0.127654580261995 0.107263678481629 0.0663406246658058 0.119535199708855 0.0688601445661394 0.0781497256469697 0.0961900185211933 0.0563253155176891 0.0771949488129677 0.117314748105475 0.102726990960621 0.1045344904429 0.104598016919721 0.186906721384609 0.110407965547552 0.322731883692437 0.221214335137008 0.191106744887711
0.310026331974777 0.156869423402183 0.21466634829388 0.251184955019304 0.18512477238628 0.162230271381556 0.136043281528256 0.180629517351344 0.150257100807762 0.0890327454681682 0.0711156516231207 0.0483403908111872 0.0205578943257182 0.0202275209258483 0.0280934000186549 0.0431506559936175 0.0501231644941305 0.115765126887851 0.0462177867540358 0.0692241483467695 0.0702284038570355 0.0855765221447123 0.0748651617189999 0.0713037523612322 0.141063035672234 0.119619782682455 0.0775914458626301 0.273161263572908 0.220414482051387 0.145100758619987 0.0534654780495512 0.0634839176358625 0.0707928712335633 0.0840237492466292 0.117883532079809 0.0680147480569946 0.0805000120284999 0.0869347280452937 0.103288445959733 0.109539579546287 0.0580892195581124 0.054409166395266 0.0732591585800656 0.273632189851093 0.309094900796118 0.294317422127927
0.173031785357392 0.118638907462266 0.0747009197049895 0.0995489194369539 0.160305805582582 0.160259867317358 0.144447016531668 0.371170450077946 0.336839497817742 0.0573321238519851 0.0610856610526187 0.0631215870756416 0.0622949952793306 0.0204283778685904 0.036444320807013 0.0541235488357924 0.0866040551180029 0.107154723652506 0.100803756743965 0.0736976451798143 0.066245028961445 0.0585557045518761 0.0481395346643436 0.0547983282475839 0.0610597253365316 0.0894952165180079 0.0843235068694176 0.100746836547122 0.144021666782743 0.226265593543927 0.155826840780948 0.0808978714769532 0.0578907546380927 0.0491875907967941 0.133078269008558 0.104011399676022 0.128418435523178 0.170696928048678 0.104566737063825 0.091175180275029 0.0828396378786708 0.0898803383939048 0.340342542399086 0.253234530624259 0.158385961184976 0.101296437089173
0.070823762349917 0.0820198008748464 0.0910510983911307 0.0495791809666916 0.0965807886339554 0.200729329207673 0.121557851913254 0.131397356169018 0.222381097496606 0.0581053198369368 0.121961480633133 0.108387427669071 0.0545180713992354 0.101372222606965 0.101647641191879 0.0780232834895457 0.160140774049812 0.123482519753078 0.112860705575508 0.238348433955776 0.14405188339212 0.16532883119571 0.177114071960684 0.16690011406356 0.0684445495878968 0.0385019462124982 0.0483732708106659 0.0520630965353887 0.0543031591118443 0.134767133164734 0.137169574786589 0.142412020837603 0.0701920526268305 0.0567588172893433 0.0600940020432127 0.0795320322397963 0.0746308355019703 0.33295538157221 0.394024813129092 0.23933603045852 0.125251253035544 0.0920934931173483 0.10127548817826 0.348757404994056 0.182036722993298 0.20960820426529
0.532552351062701 0.583344570910083 0.438339296670869 0.460008307515415 0.773496138067554 0.70012302999322 0.660938796705179 0.74318896217103 0.715438274719571 0.562358717592204 0.350733328312243 0.483060588865304 0.249538538319628 0.10614129037239 0.0528666406029282 0.0611200367421405 0.0797790503086797 0.0771237889010971 0.18667406121396 0.179288361658718 0.15771903811759 0.323076911836347 0.401495350460893 0.467378495212444 0.246936611812923 0.0987027738051216 0.0664358204678079 0.0662418488772343 0.0765013127267048 0.0489473833948917 0.0499131223646028 0.0538705540584993 0.0945581116273908 0.07157472774833 0.13496831381247 0.150827777891825 0.217238232170472 0.183858179456781 0.219965785689431 0.134629615086278 0.154871288898431 0.0880961231403385 0.162694502410018 0.132935934198914 0.249799005992421 0.193932605900832
0.624621813353773 0.697513066434959 0.520535949420856 0.575169077266727 0.71389357266545 0.922093102646089 0.671694043508971 0.741626652975041 0.736804177385421 0.856878079097214 0.638027234756091 0.248204417351849 0.401098142361233 0.481479871775256 0.672548390492455 0.578064433851805 0.639729791966521 0.377695878141084 0.257010360926927 0.367759311784362 0.140915438972823 0.403021933935843 0.460251779151237 0.557448525797707 0.458565538570921 0.129999857816181 0.0721743717505472 0.0440828140334772 0.0389639874395348 0.0561956213870436 0.0369994434696181 0.0391898417785263 0.142993844999576 0.104201530381522 0.126647886195838 0.105298704190812 0.103606971699886 0.171099174240174 0.107394037200184 0.104419480798454 0.077088425433407 0.111666250498461 0.128721632457493 0.123608439012683 0.242816993240767 0.0874856701700857
0.494235627202423 0.540297138121357 0.644018011331324 0.663541118898055 0.707371924614032 0.472113552218514 0.518512561509184 0.393947813049461 0.56502010540081 0.755098001794048 0.708300552233928 0.774152404893373 0.699854650937462 0.682396739139941 0.653899697194068 0.647933768107289 0.567127580047401 0.619178437298787 0.503739839347143 0.606046693785867 0.420211740774681 0.431051258738493 0.527005756418966 0.461074333058829 0.601411533471476 0.54841038480413 0.483042355455044 0.225144136009848 0.0847102794526952 0.0392464896639338 0.0382925222885608 0.0421068062612304 0.071575723052915 0.0428286365731584 0.0451594340265488 0.11284057376061 0.174308764981398 0.217755688526064 0.14559925901973 0.0717257306312964 0.0674995758920617 0.0716161252465136 0.0759386586570712 0.0957597253882258 0.135093847955686 0.0703907939405648
0.273630432402342 0.539904565956969 0.698270787656623 0.664853817077899 0.755490171292125 0.744875261176583 0.794733480973611 0.788684426666341 0.679572001296266 0.718003270094825 0.6746590586313 0.767063002035891 0.698408307746929 0.635439207123618 0.884688253031455 0.524657420560218 0.349988271861614 0.235560064818115 0.429753973464311 0.483477515263598 0.584671281459291 0.684842469478628 0.883506619827644 0.92107552496379 0.495474117093494 0.476742323025319 0.533683979816547 0.628808263328746 0.645115563927127 0.367162535506397 0.0491978443995197 0.0679542185910967 0.047981010762483 0.0509103547136441 0.0812652413151961 0.0557524475653845 0.071775911728364 0.119047588207134 0.182070461548949 0.0630958730096425 0.133407743451364 0.223759684478625 0.25794856045692 0.16560486385065 0.08865059475604 0.132080390674713
0.54590893722856 0.410713032231076 0.616572246828122 0.59675052540315 0.623174071959748 0.676808036682349 0.63209900685113 0.737396076104851 0.637688238579661 0.820515331052625 0.463551118102263 0.828828952839207 0.813173815086803 0.676166639034484 0.443460599718978 0.418235743927226 0.321393346824965 0.292789505462176 0.43022992210335 0.305981447206331 0.491479351184084 0.701221647733566 0.785476063876916 0.792131490376443 0.792042357176656 0.432359105737747 0.519795068404625 0.784172094552955 0.9326801803792 0.623295771559271 0.424068209486791 0.125391012057615 0.161314190473878 0.0856177888081618 0.0610822523398723 0.0986499797132972 0.0681746923633332 0.0814850094175099 0.164114714095518 0.0683314321446194 0.0745766105715611 0.104858323186735 0.108693782670841 0.0687602052779524 0.0910572976498231 0.0842094371558251
0.49549259471648 0.489656848754367 0.674032768068299 0.611793675703525 0.625946252143588 0.557425205841862 0.668758684139735 0.691624419217159 0.746526556619286 0.802501493647491 0.881551532280513 0.682592568365551 0.694139137002405 0.673150058764752 0.629456979915176 0.245277502843362 0.665924422502602 0.364228656270274 0.0879356367205127 0.251352499275877 0.485970435007649 0.562779521009792 0.457174158883404 0.641709697697314 0.690671818766304 0.711285256880823 0.506436075529216 0.654920973300164 0.676256899491846 0.951208989980467 0.942873031656351 0.473423603839126 0.256510536423999 0.11046635033058 0.234969552957689 0.154616694490437 0.0814812399754259 0.0913949595810819 0.118582217674522 0.146521701922571 0.164131872282628 0.0840815699535682 0.0935502514397543 0.0631969883324314 0.0527924847221515 0.140297961358077
0.400393923970342 0.513731097869399 0.59677973162823 0.451852234882503 0.770901291342042 0.720262423922523 0.683054396458354 0.898164238155249 0.917109051859467 0.744187594634943 0.702083137556685 0.748764444778148 0.733751801375768 0.722713801144115 0.666767867682671 0.314863337506375 0.161731648964148 0.560651281328667 0.0174506136978087 0.0287945382856319 0.0293009533275552 0.298331230051458 0.489705743155891 0.52178779812804 0.617343112147298 0.816880827152734 0.884298872943927 0.676439681719024 0.669594384656075 0.757050061536918 0.777919614122476 0.83284860010523 0.786356684756871 0.466062691214208 0.201862853938137 0.0719534296462146 0.0589910128100561 0.0434077848675861 0.0534990583634778 0.0518352751730857 0.0726756996065585 0.126489245126415 0.111712385719408 0.0542758726556608 0.0848328595780067 0.065542092844571
