resultados/modelos/gam_backgroundw.asc
NCOLS 330 
NROWS 228 
XLLCORNER -12 
YLLCORNER 34 
CELLSIZE 0.166667 
NODATA_value -9999 
[rows 180 to 199 of 228, columns 184 to 229 of 330]
-9999 -9999 -9999 0.141604509540071 0.0171905000191281 0.010550482470688 0.0234568057867917 0.39384732979606 0.333245449168098 0.184511977973167 0.0370424451990834 0.497040303799259 0.696113063107749 0.0576186658006829 0.128500107143064 0.24419167417226 0.0632423824066404 0.0431097059619085 0.0243335307178746 0.032699736089058 0.0509267159772465 0.0891286813933074 0.0889302199042099 0.129503610392667 0.2580374017553 0.534182664814116 0.136943522531893 0.531133724758727 0.48795660378642 0.655292343893946 0.86602338439922 0.751700333430174 0.80795691916858 0.838315654089146 0.670276299183865 0.798783628514526 0.792946451721586 0.564464039622453 0.212571135091316 0.304799758838164 0.0211754099826685 0.0113017897271513 0.00857014081621193 0.0219499165666947 0.0432278080849679 0.0402835135486852
-9999 -9999 -9999 -9999 -9999 -9999 0.0910932965711568 0.0548042160122795 0.184742127256184 0.0858609780503364 0.0282898525274406 0.5097705151157 0.367544448713932 0.371389425160376 0.292773093207905 0.354600361409968 0.494706619353034 0.365864733388774 0.0371721295754592 0.0112739468746733 0.0120157625554557 0.0655700893210518 0.645832222985027 0.786641339182334 0.488348422524576 0.680077545918562 0.434789620744007 0.748680252174742 0.946996780102063 0.867351975491972 0.733981684314017 0.680031211659152 0.897052756791815 0.769856009962762 0.806396433276758 0.893826880998088 0.792586295753936 0.881898596552244 0.751858964758134 0.146788288506154 0.0331832129359084 0.0246330187270514 0.0266999367584046 0.0751959655800988 0.0121195430082955 0.0105980612293714
-9999 -9999 -9999 -9999 -9999 0.0291452658552366 0.034523456091525 0.238938195634071 0.0679665246610367 0.373488344148527 0.0639984781489396 0.161034240080236 0.476561016536271 0.247281331352198 0.521013959419703 0.566485543032931 0.292032886980198 0.0853163701274972 0.0477602501768058 0.0439041277696684 0.0398691613528793 0.0340510106326442 0.0338984055544502 0.0588177918463421 0.500130193465544 0.809602634287791 0.551067485795135 0.0854260224833678 0.00943125406174122 0.82385876341605 0.168261617049854 0.432555185549705 0.754888561991731 0.807990591709422 0.947406305084433 0.926479138588351 0.739668006458024 0.785593217519659 0.678358101386879 0.556654026684394 0.115033998523202 0.085291700633427 0.218115500405939 0.4101972759623 0.121598627466451 0.00556955297045886
-9999 -9999 -9999 -9999 -9999 0.0679715974539525 0.0962158641583841 0.25317188499437 0.401259066369539 0.336928626844266 0.12598313630931 0.227441568486137 0.461995438448438 0.518159331298311 0.345954090870481 0.384124578739968 0.0439525041737967 0.107390239086868 0.0993382965349415 0.0148634781472903 0.111386238712963 0.0716240441025071 0.197566519989421 0.118925986530094 0.0246935979800997 0.154419965085094 0.159965046297464 0.0239807943834322 0.0297400812995637 0.677391810574426 0.528427679356166 0.699347620846909 0.711554436329686 0.917574209198357 0.915265638969205 0.910995306710892 0.927763389072916 0.884542710700756 0.565897795497999 0.38894092508047 0.0661267859537078 0.0611064656898837 0.229583357046969 0.228193365594077 0.0277897263468062 0.0067050555206573
-9999 -9999 -9999 -9999 -9999 0.132304667108294 0.0318889737844954 0.124510843859397 0.183205206507358 0.0979071007871917 0.224580064919196 0.185462268951807 0.60624626315771 0.691637902143341 0.549001125684626 0.262833854302557 0.0137604496632078 0.201553751051218 0.179524394469665 0.500813047019263 0.681221592534006 0.784980583537434 0.0759769327282509 0.00975335894911731 -9999 0.0450461173500711 0.0535933055750616 0.0119814147665053 0.0304806205984879 0.654359683751807 0.592916491035786 0.115674784163803 0.458661086828114 0.597869610914543 0.271293542837339 0.481496874728608 0.556344400386678 0.520014345627674 0.344742994599128 0.558741766458307 0.488319616044752 0.373653872044439 0.117090541884023 0.268092176227274 0.0376486660399713 0.004789349657526
-9999 -9999 -9999 -9999 -9999 0.0101259380976639 0.0975894249972729 0.06143475193826 0.0493492907661064 0.514900608184606 0.397054225491771 0.218478596965636 -9999 0.416989448810499 0.496599836247828 0.317063020509109 0.0168753397000616 0.183264160814718 0.39322197712153 0.75610771671321 0.00200098731073543 0.305412680695744 0.0939456348472053 0.0166095525407916 0.00623447498111573 0.008331348405788 0.113680097857663 0.0118643331598377 0.00443815434193811 0.020120832237252 0.0375158156243289 0.0209212014892309 0.00157502283991714 0.0151658699846472 0.646496843621447 0.445092692013061 0.0123696493975961 0.00784309563557741 0.0130022642913648 0.00562708507385426 0.00128008527553772 0.00253795188336092 0.0245403378611581 0.523774419140742 0.138325864129622 0.00483924010488482
-9999 -9999 -9999 -9999 -9999 0.00360801281949131 0.00888579108131772 0.0122783984289819 0.0564456095873004 0.162276789848749 0.537211547694776 0.218472215939149 0.705329870074085 0.29572947523814 -9999 0.521032949421396 0.0314961066164503 0.11491948032845 0.503032640652125 0.170955851073789 0.0223063100187488 0.0352426443348814 0.0178262829989201 0.00915767935509808 0.00282715866372303 0.00487275690796151 0.0352545018549299 0.152791980911215 0.00756794574247849 0.00962723556849735 0.002342941406126 0.025255237353512 0.28930274282424 0.00807127264099473 -9999 -9999 0.000640895163889559 -9999 -9999 -9999 -9999 0.0208807959262301 0.0155627096855457 0.0106823884002296 0.00281756488473099 0.00113967901813276
-9999 -9999 -9999 -9999 0.00479717904441968 0.00997222319619544 0.0319059233318688 0.0801947204701085 0.110564124745294 0.319333285343789 0.177897140080863 0.332747004688154 0.175285461731534 0.223658736925938 0.566397909255733 0.362366490293547 0.276388051703315 0.0616150953151124 0.19710691194566 0.290900730272136 0.0395446903874748 0.00212372850108791 0.0109244776018406 0.0078393864086753 0.00472348712868379 0.0170235240611785 0.0293341912149951 0.0807010335077234 0.0584692490166798 0.107604541326088 -9999 -9999 0.0429402929898052 -9999 -9999 0.2774889364766 -9999 -9999 -9999 -9999 -9999 -9999 -9999 -9999 0.00275776676242866 0.00368919461585928
-9999 -9999 -9999 -9999 -9999 0.0706244865449181 0.137285291090204 0.156843497795132 0.0662427671386793 0.203741180584106 0.230678747118438 0.331546816993058 0.354997643872787 0.205687105674844 0.191968772582377 0.181416306624095 0.356973752553241 0.064747902833377 0.0926479776405509 0.509722600280388 0.224253338582286 0.0164761861086751 0.00502582456616982 0.00287038064017057 0.0027465605090255 -9999 0.0267700055800801 0.0108728356548895 0.0109990680529388 0.0443746415621245 0.0736238219556141 -9999 -9999 -9999 -9999 -9999 -9999 -9999 -9999 -9999 -9999 -9999 -9999 -9999 -9999 -9999
-9999 -9999 -9999 -9999 -9999 0.223436176637936 0.0401046091302932 0.104378980541053 0.248550959487015 0.204091440532105 0.391460467660054 0.280805800567407 0.126711608954643 0.667078134605194 0.204328973316465 0.0656424303643858 0.126994245583941 0.129982910208331 0.0844174034074155 0.132131823725916 0.0679526339546124 0.0514418452298657 0.00908974339930391 0.0405323414626513 -9999 0.0152259669463146 0.0124912446225924 0.0199950565862707 0.0551138615906807 0.152018450655357 0.0443571767709547 -9999 -9999 -9999 -9999 -9999 -9999 -9999 -9999 -9999 -9999 0.581371351869511 -9999 -9999 -9999 -9999
-9999 -9999 -9999 -9999 -9999 0.327445836006567 0.1254921353144 0.625078726481361 0.0631138119618199 0.164316309833163 0.219635558065857 0.343438644226874 0.678002047057788 0.650605055430593 0.720860517616756 0.0678883193782027 0.0238851437721321 0.140422301637429 0.0821501913185671 0.035386615269758 0.498770393160439 0.434372550924286 0.0381486851094891 -9999 -9999 -9999 -9999 -9999 -9999 -9999 -9999 -9999 -9999 0.231381478538018 -9999 -9999 -9999 -9999 -9999 -9999 -9999 -9999 -9999 -9999 -9999 -9999
-9999 -9999 -9999 -9999 -9999 -9999 -9999 0.196520426131055 0.0858115264240195 0.535750131221016 0.449542253354384 0.231585756352899 0.428771033571402 0.363120590940092 0.832176983208659 0.132579305316839 0.0222226080243497 0.0126536701315516 0.0504688782272215 0.0403504653506292 0.0499679922431889 0.181198053718749 2.22044604925031e-16 -9999 -9999 -9999 -9999 -9999 0.0129366310693447 -9999 -9999 0.0817051827909912 -9999 -9999 -9999 -9999 -9999 -9999 -9999 -9999 -9999 -9999 -9999 -9999 -9999 0.0324185503757532
-9999 -9999 -9999 -9999 -9999 -9999 -9999 -9999 0.0132720435004956 0.0920289169748227 0.178295583016188 0.169468751244471 0.410676498883722 0.813465154114265 0.892065126310503 0.784612876491272 0.161317359391494 0.00934257591551995 0.0173775220080547 0.0397717716076208 0.0313742302091497 0.0368695452055231 0.015042766220511 0.025313875675615 -9999 -9999 -9999 -9999 -9999 -9999 -9999 -9999 -9999 -9999 -9999 -9999 -9999 -9999 0.0698723850497877 -9999 -9999 -9999 -9999 -9999 -9999 0.0260079686988228
-9999 -9999 -9999 -9999 -9999 -9999 0.134641244965597 -9999 0.0293044464430013 0.0346213312070068 0.236086453622306 0.0924502682383779 0.0562822807726101 0.279644121322503 0.485684076293553 0.671274686341633 0.205378386398511 0.0199351676050266 0.0191786297821814 0.0173540579601078 0.0401978706300479 0.157455789758245 0.0299233157934652 0.0273160447209861 0.077392048879196 -9999 -9999 -9999 -9999 -9999 -9999 -9999 -9999 -9999 -9999 -9999 -9999 -9999 -9999 -9999 -9999 -9999 -9999 -9999 -9999 0.0538726998385758
-9999 -9999 -9999 -9999 -9999 -9999 -9999 -9999 -9999 0.019292575130056 0.0313471419204275 0.0957077628023302 0.219833446696011 0.0343796955697179 0.228563719975208 0.658716833683152 0.587307162629022 0.0129098994291805 0.0735081566844648 0.0858773286835292 0.0436342890236948 0.0329895269871263 0.0114635631891047 0.00701436160869136 0.00683636139523736 0.085842042540154 -9999 -9999 -9999 -9999 -9999 -9999 -9999 -9999 -9999 -9999 -9999 -9999 -9999 -9999 -9999 -9999 -9999 -9999 -9999 0.045161357345339
-9999 -9999 -9999 -9999 -9999 -9999 -9999 -9999 0.170464431821004 0.0573741943589267 0.0149251984033068 0.0344003102742772 0.175149621261067 0.134425685598675 0.568634729247049 0.174410483110145 0.421674409319477 0.0339728236787119 0.021112372555347 0.00354313537900698 0.00448633983109579 0.0189381086346277 0.0100750272214043 0.0131059346833496 0.0425526080350026 0.0368758635496684 0.0438707245874576 -9999 -9999 -9999 -9999 -9999 -9999 -9999 -9999 -9999 -9999 -9999 -9999 -9999 -9999 -9999 -9999 -9999 -9999 -9999
-9999 -9999 -9999 -9999 -9999 -9999 -9999 -9999 -9999 -9999 -9999 0.00733614486503044 0.00497492173356855 0.00816461522939011 0.03151357320894 0.11840610774632 0.124896090192141 0.409375635130213 0.258994278929443 0.0197797972099987 0.0333251283080566 0.0139336657093433 0.0282709420541398 0.0146966290820976 0.0694536096217099 -9999 -9999 0.0789389402238463 -9999 -9999 -9999 -9999 -9999 -9999 -9999 -9999 -9999 -9999 -9999 -9999 -9999 -9999 -9999 0.0934915422856418 0.133207918643987 0.0399422017487503
-9999 -9999 -9999 -9999 -9999 -9999 -9999 -9999 -9999 -9999 -9999 -9999 0.0716808401816827 0.0339433296962881 0.0520219247446376 0.0939890082515565 0.0284508113397773 0.520761779342749 0.349551341712998 0.503349848253633 0.0356768924589185 0.00919184467335263 0.00678081560610535 0.0879944211611921 0.00208789162680096 0.113836079848048 -9999 -9999 -9999 -9999 -9999 -9999 -9999 -9999 -9999 -9999 -9999 -9999 -9999 -9999 -9999 -9999 -9999 -9999 -9999 0.0267522823286749
-9999 -9999 -9999 -9999 -9999 -9999 -9999 -9999 -9999 -9999 -9999 -9999 -9999 0.0964093995255996 -9999 0.0447704449177497 0.0403828319485818 0.0463977301986882 0.506630846624341 0.164105892959202 0.0036034751817519 0.00593603433690709 0.0487629827052425 -9999 0.026651742670717 -9999 0.170919541385208 0.0473742363525924 0.109281533421138 -9999 -9999 -9999 -9999 -9999 -9999 -9999 -9999 -9999 -9999 -9999 -9999 -9999 -9999 -9999 -9999 -9999
-9999 -9999 -9999 -9999 -9999 -9999 -9999 -9999 -9999 -9999 -9999 -9999 -9999 0.0182329527622978 0.00369817430234973 0.0275768084994561 0.0434037037004115 0.505486785423685 0.779157717285373 0.823241030770304 0.459749412766794 0.650931768083567 0.0140697326009428 0.00770597628333691 0.0185184276135465 0.220446391002187 -9999 -9999 0.0414582784196869 0.0254938819103201 -9999 -9999 -9999 -9999 -9999 -9999 -9999 -9999 -9999 -9999 -9999 -9999 -9999 -9999 -9999 -9999
