resultados/modelos/gam_ausencia.asc
NCOLS 330 
NROWS 228 
XLLCORNER -12 
YLLCORNER 34 
CELLSIZE 0.166667 
NODATA_value -9999 
[rows 42 to 62 of 228, columns 138 to 183 of 330]
0.572491411617224 -9999 0.263129410246244 -9999 0.487115149891098 0.284285665373937 0.225693469405557 0.289350957547168 0.314524752371894 0.352059031790085 0.310300689023731 0.606230459515459 0.628361188896648 0.826911698534682 0.750342076969985 0.613544793515077 0.763985118088288 0.76534416799368 0.711743552546226 0.582338169446796 0.543255506924346 0.595469500278058 0.585700956594465 0.66726362010952 0.706934185689645 0.739139850829963 0.769445593882818 0.736430405602307 0.74578989722845 0.611108391452906 0.491411831448863 0.502102482684381 0.353998094695502 0.254995030457163 0.188157054612048 0.100013587327252 0.0387819763782167 0.0429467677613355 0.029817679928839 0.0200668444227155 0.00856934673802588 0.0102274224078486 0.00994036398379575 0.0118486493289828 0.0152738692062369 0.0133729577415915
-9999 -9999 -9999 -9999 0.457833810734611 0.29904736742562 0.388478538359585 0.363525247543373 0.445341172371639 0.583710929963971 0.512461305960404 0.540314848597723 0.779392057469838 0.653740265217776 -9999 0.921348042026031 0.688507142278228 0.791470217146745 0.483288234629516 0.561892816683155 0.456996494781237 0.566474843946146 0.674257683938347 0.660963149192325 0.721784135735008 0.671044357912899 0.766624061090793 0.716399684176276 0.670905347322484 0.516006070376095 0.340087874952182 0.19523849737062 0.174110367252223 0.251878487362816 0.179825596280767 0.085560260249142 0.0509762741886917 0.0273345469155015 0.0167288934178709 0.0101790374198875 0.00923052664127181 0.00863983793038433 0.0108130330807831 0.0181264012976061 0.02463563787108 0.0129824682642761
-9999 0.609178444157664 -9999 -9999 0.557462672245728 0.448471245311216 0.391302615380255 0.400167372816804 0.5979915166664 0.471419448287442 0.713542470799585 0.819066068101813 0.731283655674012 0.817014474918777 0.784457862382684 0.717534047121921 0.697636177987918 0.364817065271087 0.372009307887941 0.539616017882564 0.569943891266263 0.60404977598537 0.613856938695861 0.693828605908234 0.67947955179175 0.685776495640218 0.622798467274854 0.590330962978329 0.430266288443155 0.608062470955204 0.42896152500131 0.407948322741706 0.224901513337311 0.148079594068554 0.120310227010142 0.107927088227962 0.0444003498534565 0.0262707233572483 0.0162704760615697 0.0101358777446783 0.00751160246159149 0.00687483567279088 0.0105134367427585 0.0200915919294309 0.0240398553496959 0.0370165321371165
0.843884830353104 0.761105556094713 0.730656059878034 0.767063255327661 0.705599434541907 0.779981979504325 0.759044489313602 0.771005761429329 0.788539998803575 0.611607742788528 0.702894778462428 0.806620716353078 0.794440087577915 0.804976568996323 0.782562880800306 0.695026750976217 0.667960978485958 0.754283237747985 0.752103832707197 0.679747980584625 0.758842073175372 0.570032565495654 0.677355960088381 0.709685776166738 0.713425251455624 0.677947734385126 0.68978630089587 0.429099636397345 0.281341897617186 0.392045687814455 0.34784527153682 0.349788842704116 0.241097923102519 0.141402976025187 0.0860367269923911 0.0736714481364336 0.0568565845752994 0.0197087507826256 0.0197727796352937 0.018524819246184 0.00866607334693126 0.00801800331716556 0.0056141988668546 0.00949134229346066 0.0304262437055601 0.0342349495674313
0.667709688605709 0.771807729691478 0.742542781251099 0.666912774005032 0.579160834060539 0.62837908470566 0.611705481719944 -9999 0.775501214498327 0.678457430962865 0.795670885394495 0.735555918473357 0.771640458833786 0.634430855304897 0.727715816883701 0.710767797017111 0.661487273635803 0.642226911241061 0.403329883557259 0.424449178208367 0.505765986165641 0.620924859513734 0.737594793060661 0.641664932401861 0.439451844075075 0.335149176604753 0.315744312530768 0.444837178827122 0.280050804298504 0.431046511488179 0.24399188797998 0.225805672192609 0.254584985649485 0.10752240091648 0.0858571282964107 0.0430030719969614 0.0568600597899736 0.0340667850813601 0.0314952364948076 0.0172860370730576 0.0182353985821436 0.0289151752969626 0.0183355770591925 0.0134491121716036 0.0174849870986501 0.0255298132181141
0.635960252641352 0.668334501124738 0.662571419932543 0.608778947394972 0.589873434417669 0.638950716997853 0.758430552449742 0.737495016256862 0.81991150642903 0.78448321671903 0.741514413780415 0.678245818479116 0.750923833350097 0.634578946864397 0.32988818079932 0.553783389632706 0.599693683346814 0.604234112737969 0.439089686778215 0.585075523633017 0.510176852498119 0.491243376002518 0.521465152513941 0.543326478282045 0.5150597831677 0.407978068113373 0.313745815637895 0.452343037794155 0.267588071421946 0.110727064623193 0.330151589708218 0.256218223151769 0.218287304399356 0.154831138811804 0.139762069768576 0.150956544256475 0.0856728369444339 0.0459197718115425 0.0284319961677269 0.0324982252715418 0.0223237001479894 0.032379649889578 0.0316745930019123 0.0376808832216599 0.0151281128841951 0.0258896023435231
-9999 0.130422150100216 0.490727960939418 0.670137926993629 0.68266286054587 0.719502677580935 0.711706040368644 0.783624821543773 0.766017554894372 0.702056712538838 0.808184108219995 0.628552537117412 0.703926113226243 0.573300592246062 0.307759986381593 0.218521369983884 0.410905567454668 0.526796827295545 0.53570545411574 -9999 0.543713674770759 0.630630875488136 0.55780614364161 0.471955162751478 0.286431365240343 0.336996151240273 0.121969971750588 0.371145399631703 0.329904625292035 0.248118917519292 0.304294568539362 0.269666860458835 0.188517249125934 0.248866990726242 0.222201754731486 0.20133092061177 0.093876285868227 0.0497812620601926 0.0798416036067586 0.0407294343232823 0.0584851122001977 0.0411171653874288 0.0551797396439923 0.075721411537507 0.0492457644905726 0.0572439964490094
-9999 -9999 0.534309120295375 0.812182258317789 0.86893094613816 0.836524770734942 0.746298579533019 0.691568038369444 0.601078701943447 0.698664272594525 0.781980296183705 0.349659047769918 0.323628984424491 0.607927159319261 0.462559013740017 0.544823221721031 0.517528178399506 0.48151500481602 0.544499395171168 0.60421123333173 0.381883717928999 0.476361738551658 0.478891401588232 0.349783590916518 0.223160215875319 0.344923815472607 0.380240104529739 0.237626266897619 0.217097772632133 0.300512246666131 0.321219301353631 0.334091363839304 0.318707054505939 0.235122906973024 0.21056282821278 0.199879976314589 0.160982159723061 0.110685638690194 0.115891107969101 0.0890144005827143 0.104184768245373 0.0732003272678569 0.081638176116307 0.083701473395576 0.134348859119961 0.148986596081503
0.725090139138112 0.774579035085504 0.629101281058608 0.712497026570119 0.746196470395158 0.731569110466114 0.663581817477494 0.626679835875539 0.578360220105674 0.300966741132591 0.556766561540691 0.396192415866745 0.3044935260039 0.500770377260785 0.437955510692227 0.431139106377085 0.404774794945956 0.503976682410723 0.708856285944476 0.69283198589078 0.664906559933135 0.675312617294909 0.450202737013134 0.531989220546545 0.659937405793038 0.518503988602736 -9999 0.301946163003428 0.320528878609526 0.312992311056317 0.32628212760909 0.26938624377258 0.305201168983049 0.297862917876359 0.342409840252104 0.215107468520382 0.144197025711425 0.125527962342147 0.156761390723539 0.0984503325011312 0.153846045808447 0.161457153144614 0.15522498732139 0.181241005607983 0.208119601025894 0.223469290055011
0.857880045799421 0.876369642197192 0.808650028738667 0.746615287253873 0.789944581484433 0.617490595904016 0.554209035963238 0.440355715550275 0.422931110144775 0.429726421339865 0.611776636956721 0.519619759033106 0.670971317232018 0.391032613290144 0.53434229624176 0.608222889137768 0.688548905466155 0.67902416441746 0.739719516031587 0.616341360505948 0.66485039293874 0.648550329778721 0.586799327659332 0.658528059923924 0.597231995150921 0.48127674870703 0.293577491891562 0.446477932680887 0.442883243083265 0.419109570796252 0.378608765682104 0.359480223375311 0.300064464465752 0.275506658655385 0.289782816622572 0.30878458507325 0.26051934071685 0.201581940625497 0.202588223543243 0.142622420430021 0.16508177470807 0.236196298682092 0.207499649086019 0.240585980807264 0.321218865373062 0.219539298107556
0.753583924198217 0.709596872576468 0.653667990013049 0.619066633310628 0.555098371226006 0.509402631520038 0.46305594504826 0.624803702373405 0.553330462225382 -9999 0.507411943138936 0.482237634281479 0.48622822475226 0.644421934135769 0.666708612081301 0.624016194020335 0.729092639315258 0.776559393901777 0.455903283706304 -9999 0.39541008952812 0.513768280279795 0.600269701091711 0.459254133615074 0.423347461282279 0.446937229347401 0.387691401216364 0.447924404961817 0.440908091637626 0.430213579304788 0.488437976127145 0.360898344576161 0.366671469646156 0.310995160990259 0.304308692790832 0.236714168778113 0.379057766083242 0.328001283530273 0.230562577969109 0.220572160449938 0.193092964661246 0.124463494073367 0.125304778140091 0.219816818518845 0.289587759661985 0.330997485132538
0.774061183401142 0.809537839472926 0.790028921983047 0.769513875476942 0.631072033942752 0.398323635506851 0.373195757155485 0.365815340084452 0.360870746544334 0.1777405579897 0.420168489578704 0.54014445890043 0.517920749684647 0.528541870400939 0.484690303904395 0.526379474249861 0.651756298941734 0.830667351744183 0.609577396805805 0.514201793447155 -9999 0.463499689343215 0.389044654352098 0.422323896558111 0.394053302291271 0.354411575931989 0.427746833388513 0.476626006487528 0.435513167085729 0.36978321694409 0.345921818517164 0.407547071556673 0.394156532830522 0.326182792010321 0.25344610698299 0.238624597987706 0.193939949584686 0.213531758976712 0.224684399781988 0.227489660973648 0.371141367428029 0.20791513680616 0.185676793444413 0.289234799757443 0.201677431776401 -9999
0.873392252485163 0.846109666156488 0.643149066480762 0.573427964654988 0.688934272561873 0.519244807678445 0.351724584796346 0.265189723155674 0.353758813356938 0.362293441853264 0.56858124431856 0.486382368245291 0.633432905586806 0.601166047285259 0.607365550012344 0.612783522578507 0.685822330611105 0.650550656731172 0.491614269025602 0.656457104993044 0.654490830495698 0.157030217200054 0.457962580066854 0.396352015543713 0.401562088263613 0.367673925767669 0.358765437629408 0.353917823160544 0.408265093866843 0.38685698992048 0.305860919437505 0.326667756918036 0.257803078554487 0.340262979514909 0.23156250976928 0.159862152429051 0.159961663595349 0.154693061527129 0.182374470942174 0.173630501001402 0.294314149998898 -9999 0.254322721114988 0.272950570289965 0.206068825293806 -9999
0.811071400636525 0.842081914648415 0.817958405262871 0.743566741283565 0.739913998366541 0.704949023869454 0.647418952414043 0.532792722085455 0.554804277893972 0.598392105861352 0.572991860561507 0.603290661234928 0.606150735609204 0.549309628786785 0.621947445899558 0.560780095975561 0.581811925789365 0.510592475069606 0.413373623492093 0.433164157629051 0.553622730862493 0.470074019230798 0.415032837359214 0.415537873124369 0.351367916448598 0.380385524269257 0.36896843496569 0.383595829802614 0.295286756788112 0.404610878569807 0.351047259500019 0.235031389740622 0.249782186807533 0.299643980176082 0.271753095919498 0.134284501356959 0.149315138986432 0.111864544264799 0.111938657706996 0.145068832973214 0.16398186907128 0.215271404903598 -9999 -9999 -9999 -9999
0.842942106377973 0.800702948028325 0.790323851421867 0.772271641204591 0.761767881977884 0.842058471145565 0.698632884605899 0.666832962723128 0.743835854870665 0.720704256943145 0.686775764175392 0.661364016809012 0.581822678350361 0.625536702571329 0.693439840496587 0.600126526839808 0.516702339853738 0.655000860087819 0.643894788885247 0.61913366898042 0.41389759466337 0.508295997075101 0.49507104815055 0.448057213534154 0.370570361141941 0.437290135293581 0.416091084946176 0.479330952665604 0.522059578351341 0.46059985549019 0.27564153632494 0.277177021727354 0.275174550590835 0.228257598604 -9999 0.238074965243939 0.242232124691417 0.19751473242493 0.247559248296431 0.190475620159844 0.205345253302545 0.164394996425657 -9999 -9999 -9999 -9999
0.824632833634599 0.849780150848563 0.772921297823227 0.771204054956277 0.80214878682354 0.576586674299769 0.759915087428063 0.742553527899946 0.758813587520837 0.678477305826425 0.674645562978776 0.684059270340351 0.669949867226625 0.821735524369251 0.672864787918258 0.563507048445286 0.506269219246955 0.735927518312344 0.609459235959197 0.54473199319935 0.51157592553402 0.519515351655904 0.478636088139038 0.502234499587857 0.380443504764203 0.386837526243065 0.409543524750085 0.37167099686642 0.338558761302823 0.379539178866339 0.411685253402691 0.39756190698516 0.360384028085617 0.355751727299317 0.284374825770146 0.241808878063421 0.246889860800381 0.26953457260925 -9999 -9999 -9999 -9999 -9999 -9999 -9999 -9999
0.747871377942533 0.687377504569456 0.759962136717476 0.798925848431949 0.777272211165298 -9999 0.77795385928992 0.747281766457128 0.558700021798536 0.668712035050859 0.610997087824765 0.577147029499194 0.635266286094923 0.652612589695038 0.666000923888579 0.806625561288098 0.668713105461521 0.507264631650968 0.489260854168098 0.473182197714611 0.302171732303793 0.328240412746894 0.545880482274237 0.414300178237748 0.321891958780325 0.374984574345265 0.407927007369383 0.467578578992902 0.288476028100634 0.215375679535587 0.236470941974119 0.248179322881039 0.173861182251879 0.151301028723586 0.187473896654408 0.21252344562884 0.202237669041981 0.221780029072255 0.292027716569651 -9999 -9999 -9999 -9999 -9999 -9999 -9999
0.861550545972946 0.632351589060197 0.760137256756047 0.780034213920135 0.458788262733296 0.624215773521313 0.833222885999732 0.801256606548265 0.772989408055382 0.690637457539003 0.602317194113259 0.579736979690365 0.605805492480251 0.726213671352405 0.51854437635859 0.599948309661693 0.45752449105613 0.427936659871928 0.396984434062546 0.391886325140943 0.472739100614617 0.433570202529069 0.417638229247361 0.451309733034134 0.549753967140792 0.499109923434028 0.469763410588754 0.351789829182888 0.353972360283148 0.33839056086025 0.320267073348703 0.278187744106253 0.223055489063616 0.184645131373659 0.229851367457873 0.205560611620092 0.199181494616867 0.214770809930725 0.268740006708703 -9999 -9999 -9999 -9999 -9999 -9999 -9999
0.841643562200013 0.718692527984711 0.765835350326652 0.778675278601927 0.606785814813619 0.591993833312369 0.615256152867442 0.550135547068952 0.649265513674656 0.550446691154748 0.781003876983485 0.713201693118795 0.570628574091213 0.677152807373367 0.524168622959237 0.418028098175409 0.341234301538577 0.348998289383175 0.332781001063505 0.432379994132535 0.409751566263736 0.305814403628242 0.396071079284156 0.308078511402004 0.335899907597803 0.479371600569388 0.472108059602806 0.441038964794434 0.446685368576348 0.490576400682031 0.385421636769143 0.297520356255576 0.303982334978325 0.490211870015707 0.453619627209691 0.196698810961317 0.316777367607993 0.326914878068715 -9999 -9999 -9999 -9999 -9999 -9999 -9999 -9999
0.794261077902305 0.734885019688969 0.644694776482576 0.645307707433518 0.70687493598762 0.809529736469719 0.763086210300234 0.69000200681143 0.660313005689169 0.64832747148567 0.555191823214085 0.44787448430611 0.370520070421687 0.349023656302558 0.303750173725757 0.357033693360944 0.401046672389914 0.379730148413054 0.235269552631116 0.272911331095395 0.30952784271179 0.326435773499902 0.386444547640969 0.420766412368206 0.401698114505661 0.308776081330002 0.388853958112769 0.38469402489837 0.538149571436334 0.521963040747827 0.632959413087911 0.567482901913239 0.388106778489214 0.574762110667668 0.568861254236154 0.489071702005861 0.547404142424423 0.437926775563004 -9999 -9999 -9999 -9999 -9999 -9999 -9999 -9999
0.702368257073522 0.647961276289939 0.701042172569302 0.724617383224476 0.770406605898223 0.85553100072084 0.751321398828529 0.74808018016029 0.746654880371878 0.744318944599339 0.782563371029401 0.57932016378342 0.419072718818416 0.269617101392882 0.227006889141928 0.27559546193214 0.406099592883583 0.521857431418484 0.280104911290426 0.299015320844197 0.240463671840414 0.376613349337092 0.368888056052373 0.434559557280517 0.398406694923155 0.492094689748702 0.511059658973825 -9999 0.407514832316192 0.41147412003957 0.3480249654984 0.528393717571846 0.528880075351087 0.302512704974373 0.335091004713079 0.555071100949799 -9999 -9999 -9999 -9999 -9999 -9999 -9999 -9999 -9999 -9999
