resultados/modelos/glm_backgroundw.asc
NCOLS 330 
NROWS 228 
XLLCORNER -12 
YLLCORNER 34 
CELLSIZE 0.166667 
NODATA_value -9999 
[rows 126 to 146 of 228, columns 138 to 183 of 330]
0.639227601970182 0.615045683430381 0.550101277844664 0.723152788761113 0.538536960233295 0.504823944579811 0.378509568717211 0.14905919468611 0.204120969477086 0.25128816326671 0.295219863287439 0.278493516788917 0.434847043963386 0.470489051139262 0.461918470905954 0.643064456226937 0.732495285802754 0.724154711873861 0.745867287421605 0.736381755906816 0.759413271066358 0.782455099137715 0.5717542719221 0.517612718721061 0.760213220210998 0.933980137682774 0.933964251210797 0.758044435857262 0.557156594230034 0.707213249048282 0.635103867589567 0.376286902872397 0.212458288236212 0.191106545739382 0.483109745926802 0.259493055459464 0.244875557067593 0.178798963124882 0.267583432912025 0.352190119262739 0.307286473752397 0.3292477362261 0.419146173175649 0.375160098006148 0.35522446803928 0.227971574390872
0.478274760976376 0.645306507048481 0.687346201161246 0.600133801165771 0.635767752471675 0.450474722966305 0.429362794041359 0.363469709921428 0.363622948610188 0.408592738885275 0.549271982074901 0.66954514017382 0.664794673756591 0.627187563082916 0.734536779683223 0.893113214855605 0.935457682007618 0.905879639888448 0.917427684423992 0.898757113933511 0.813328418393225 0.786937072387332 0.634459522731759 0.779419797913683 0.843263701975955 0.94707366229856 0.955371204673088 0.964292162787654 0.948061160561019 0.874469984238014 0.679434239277223 0.839045566517467 0.839799903706094 0.547276141620312 0.387001299158374 0.381795326613513 0.406569743422844 0.224637368421225 0.161789680252497 0.19943280471482 0.265278646050014 0.358655944249216 0.48829996192439 0.432310442759532 0.433148107053649 0.348128654228128
0.75988673873832 0.741944850907066 0.766405780766771 0.685929750580008 0.551161269577709 0.613665989367062 0.520409972222396 0.560635853464408 0.646451485847987 0.764314352214484 0.792863416051469 0.747894245947024 0.838289524892345 0.877965645173001 0.917585413915996 0.939934095856828 0.820795422413622 0.937910524937758 0.940292687401912 0.789261976536027 0.706083190328642 0.635297489033736 0.55449101242061 0.568422204172376 0.556435329836612 0.793093142669827 0.765222112156388 0.815388000308509 0.91632318228333 0.859214019626835 0.750514199414224 0.613332716747708 0.736416938031876 0.886333458410181 0.533365657615554 0.332164337759505 0.349944233425571 0.352094256046136 0.204177697361348 0.451992874317581 0.482949262837804 0.316275367670794 0.390845403062459 0.38563555525469 0.455731778188454 0.423347754771511
0.77981172364876 0.714220433534509 0.596322965076903 0.607885958544358 0.536506255166283 0.46179984611353 0.515000871249182 0.659787810862109 0.753325364901949 0.763936640777398 0.799808925413706 0.891927354476539 0.958878108851425 0.941015873164077 0.724559237806013 0.511702354165796 0.726085445865453 0.774888148139248 0.435415378837754 0.359321736878719 0.477424270585368 0.54714323772177 0.354929921784145 0.453225024402966 0.469819113566367 0.51491897301472 0.587849829907413 0.693526142816523 0.695572761918569 0.680303282253738 0.597382952810847 0.810288883391611 0.916498552068359 0.68144970543979 0.833052843566934 0.88237610070664 0.410708540597257 0.340933177851138 0.387762108332369 0.237878243756746 0.216661487044713 0.228150916710128 0.387041228011406 0.431049252055163 0.401946821182559 0.34560075199822
0.383469995328144 0.433649425818779 0.585686535733575 0.594200523667976 0.472025381091075 0.465420705147442 0.524259449606424 0.644926517607851 0.759953815273056 0.769382111940644 0.829509911838358 0.822060685184878 0.994532791192886 0.970698255360254 0.63205978246841 0.657461498800916 0.768032528939015 0.67930694478986 0.552821636325673 0.563448968493426 0.452262108082858 0.296868092886436 0.3870364275018 0.312339242726321 0.460469767107365 0.772897283147862 0.60406821013533 0.307231751331107 0.401461740076743 0.359531417758583 0.467278632158945 0.749799657528481 0.880368549113503 0.928151259872581 0.948398621998301 0.961892042138527 0.950670523367686 0.899183427878927 0.871212286312981 0.619646253775906 0.253330844365025 0.218674311451622 0.213386649563464 0.360449179916175 0.396289479011134 0.358712216924557
0.54555223613338 0.470747189636756 0.428375051594553 0.405558030462837 0.754355913024452 0.693840397231977 0.498633776083965 0.565354264419195 0.509891137677966 0.825007930960571 0.777072671263574 0.776678691435255 0.654508784035013 0.739340252183127 0.794110719365284 0.682898901975076 0.665202772884578 0.728649793335206 0.65953611624622 0.557618230206608 0.598676098623902 0.411988443970868 0.555944840721222 0.495163691985583 0.353171882755262 0.367152184292638 0.340894975731606 0.359902364411004 0.346691790274588 0.376029134929708 0.480122449243673 0.610984022120154 0.519708872702845 0.653103212074426 0.804309889249518 0.891684620550435 0.942502152739764 0.95202717962883 0.777964844873981 0.717264605214872 0.368799317898887 0.243784558774433 0.169061836878914 0.262775647366268 0.37955301585834 0.410542813709496
0.533982620066703 0.336656545557254 0.395435438629903 0.460407796806818 0.625090101691197 0.611972253608042 0.639324062087146 0.46565440720696 0.63455991848348 0.66161640731314 0.713731248152268 0.676591285475563 0.69996606846987 0.574899318097594 0.54540575107651 0.537490676943016 0.666316000564393 0.60465624846187 0.644313821980357 0.63274850243594 0.586930206716483 0.540669004992089 0.584206057830351 0.526461728518045 0.498080378888381 0.535546714208077 0.332727862458806 0.61356001094392 0.753729875382779 0.57307335226397 0.518609047982373 0.448140544137736 0.705712781252121 0.647898462369984 0.807935481076507 0.715526320781428 0.817783519113252 0.821910987916901 0.608026393088253 0.633304615410651 0.551227344753753 0.524093547057252 0.471480186583404 0.393589442266544 0.39418233713407 0.268754693046148
0.427540579797644 0.509474147242088 0.411004082102665 0.421512533278014 0.40196036666404 0.47108785147757 0.51334962233886 0.439105935393398 0.647930876846024 0.63136810563605 0.476326521483505 0.492784084721513 0.425028011717688 0.386900584697217 0.569414668600433 0.606843469548181 0.613054812667614 0.730619089719017 0.540090376175133 0.4545775444196 0.484273736505748 0.387568167216825 0.50872308061625 0.471260548462433 0.589100841752684 0.582598362720774 0.646136846165251 0.607819790507077 0.673940700522755 0.756747568665886 0.72233445593183 0.644350632566802 0.683971304251655 0.667852844960789 0.746878562243256 0.716137715364932 0.447581179140005 0.623868525320505 0.586009453579721 0.577441995585193 0.627843871340158 0.522259292611046 0.353693310558825 0.316915826014134 0.338964920052827 0.32029145293465
0.399329951262842 0.395036832125895 0.519880526475981 0.412986249418984 0.371180016828181 0.393923421924995 0.433785586678966 0.45069123071334 0.498204096210564 0.643221232663474 0.480741018719495 0.371327380543517 0.402423850630023 0.33697255242358 0.47453167294905 0.484402225264122 0.618430704129335 0.432113366623588 0.383648116742785 0.476188688347021 0.458895080222666 0.618165909721006 0.49151406566553 0.668952309628114 0.528249782294318 0.604880482432202 0.719094596189055 0.587557865791089 0.594465682301227 0.728262063088801 0.668671544611281 0.698246987287296 0.736036971666453 0.713305905060829 0.778736819952392 0.667307419947628 0.529661591380617 0.258707131750722 0.577938080109099 0.714064982681807 0.532590654109465 0.339403108742864 0.608715074703002 0.594072818383195 0.773888165530575 0.777444669255118
0.424867867790311 0.373469892102642 0.44395568628743 0.453991179816384 0.393767254514441 0.378570160683385 0.377708580681092 0.409246602461609 0.466994448050591 0.540392300978961 0.681947402432641 0.390011529840921 0.424359500752167 0.331442554379738 0.392978214327642 0.348015906806669 0.285091288447756 0.286775869340397 0.307742752527159 0.399859815957935 0.414133031266513 0.477399698172749 0.578818954629862 0.590592956918181 0.674638860910915 0.643537229968625 0.663743034861756 0.687386096667663 0.468141513083173 0.57174032938321 0.604535981958433 0.574626509107959 0.780293671137494 0.572587761391594 0.655609143419367 0.706439923148643 0.328982895336427 0.273166150694852 0.266339258774263 0.301077201596214 0.678531620315746 0.538825459576141 0.650163904470598 0.702920638758804 0.516271598991837 0.647933759467464
0.306062978025924 0.22938584065162 0.290972701742377 0.384195931708416 0.479629740454058 0.374122013112056 0.362365142401824 0.338476819000656 0.344056336221634 0.308875778570283 0.39999573720357 0.55178083588106 0.751030988749778 0.792770098512783 0.612920771685883 0.380202035682644 0.338584080729165 0.225448768736513 0.266113685357238 0.385787406733938 0.327573417004098 0.320293468368685 0.359213419105061 0.575516354481881 0.576453249691502 0.567157122289464 0.629822883377056 0.5380810486482 0.518007090282726 0.410179760959169 0.391304845803252 0.53620396444142 0.624654503042245 0.663435980117158 0.705611796862691 0.544021515507468 0.465899124222301 0.426182386187652 0.53545616876004 0.458499899315391 0.488397291644073 0.50375462137684 0.58623491444955 0.690659337359078 0.707998344584265 0.507447467108614
0.376599467006835 0.278157053413531 0.427991337072209 0.393493016041171 0.382958554642406 0.373219934558203 0.320757478641078 0.437996767492288 0.501082223103451 0.47923759282431 0.555189007613719 0.558730906034562 0.737047004465911 0.677139848495626 0.687660661184629 0.64733784436895 0.554794429593914 0.452142406770224 0.356034637570175 0.162112831249852 0.381148479987114 0.402179556839329 0.422155557955141 0.408175036961702 0.572218306730155 0.582255646870881 0.357782452449067 0.370201625408199 0.431882256628302 0.331753646842168 0.364062326429485 0.337652822307134 0.471129270005286 0.252786363147336 0.220776306022613 0.448962384000044 0.431335207344588 0.559020339817977 0.368938383015889 0.444582931713973 0.439799504718596 0.455544096012148 0.585408353668344 0.503537178533378 0.48210367200775 0.425384201676264
0.403112329086689 0.387801969147415 0.411217168709917 0.398486755976721 0.443038620202184 0.378640545367701 0.277615280832008 0.197624883968799 0.223136137797885 0.284630110431806 0.466192941146636 0.689776535817671 0.577974950556279 0.489670976780942 0.741452100136769 0.727532722681199 0.487439317657771 0.526723684174665 0.649883403637245 0.551214874523827 0.303986905973012 0.325596032084454 0.363909631239962 0.400173627179938 0.453577806973603 0.397006008203951 0.399046880598548 0.291319189047 0.447798159742164 0.43483411612693 0.283881518148157 0.171897722309683 0.142433769981509 0.181068592273757 0.24390964354335 0.17653280109672 0.196565955775699 0.268105257043433 0.654958216084972 0.703694694010088 0.726878814070974 0.630752749232735 0.571984418262865 0.675847346969607 0.611948057163184 0.684948177836812
0.320656933350872 0.252833965237574 0.205184522084638 0.221790422706965 0.320509648460442 0.222539339835048 0.202636330071211 0.249016867667631 0.221475933861634 0.152055926820084 0.121130625879047 0.189775702331349 0.251365726317942 0.515673177849539 0.307832795251614 0.447399087058235 0.56269265065283 0.617985923700917 0.574301798197488 0.500646774113106 0.430753453944893 0.494611158838699 0.709493148659158 0.464027331191516 0.391112284484607 0.309396219042263 0.463062072875873 0.425219342457198 0.397615205798241 0.398984520919597 0.239403546621872 0.145516835366844 0.089306593284918 0.180855511794255 0.196878064167472 0.162587324775586 0.210154209651434 0.273351317416868 0.531135113884909 0.442380137348149 0.417870662235026 0.644269013115908 0.741838715728886 0.295372526524911 0.693770512236265 0.467835043134298
0.230342582384541 0.244852744977037 0.233357864019035 0.249054824583141 0.219221932510831 0.237193829308805 0.243188551550678 0.339526672807402 0.28289921730989 0.271446853117682 0.184643386837675 0.21031387500038 0.13338928547772 0.150943459280178 0.178719033168786 0.266386623550228 0.473106560547766 0.300455326598281 0.471937700815963 0.495062074399458 0.228597171958031 0.616526628414046 0.585759229547795 0.555962393511838 0.447716289318433 0.563864963500639 0.423956286186234 0.492330051604935 0.283258966574677 0.150492915029755 0.247739243959225 0.328909972341666 0.25608727511383 0.139768591481976 0.119258338540573 0.131612577481476 0.137285733476307 0.171761549836113 0.489811769718711 0.413763896575907 0.109736815118766 0.535036200257591 0.266914447935608 0.247475727963953 0.474255692236125 0.728863624785298
0.257835050323351 0.282908472709915 0.1833522751848 0.155476538793009 0.155543235316872 0.127535132401869 0.161858454364471 0.148379614128316 0.134737859321262 0.139232626403872 0.110481944472446 0.104538404877063 0.156249529619636 0.0679307778222513 0.0800034181545021 0.10654302056099 0.246425262976034 0.256088302815179 0.243129472864442 0.406706448835627 0.27963998503317 0.447838376334885 0.646182128895084 0.621006340185788 0.609780794161135 0.649212377766376 0.682060740336247 0.461888518976945 0.173799028005713 0.163676804678813 0.230256081247229 0.280443520232755 0.176384256988782 0.10951274466725 0.112519167317602 0.0788603601420762 0.218904787144124 0.661982328989259 0.293189847347313 0.0657335679103904 0.0910716679408455 0.111556399506984 0.2296941024234 0.500682260125771 0.430289606527244 0.559181058742609
0.303912562690385 0.210251574721587 0.217322124767035 0.287343347149715 0.212634752299954 0.175123002263204 0.225108597792285 0.195393172729306 0.180264341519703 0.198883126919453 0.186721140188773 0.126422322362159 0.111078176236302 0.070962285945538 0.0513358444291317 0.032979121605207 0.0328524406734319 0.0512921367392815 0.0784665609922244 0.189207723606815 0.183698290089065 0.15319638336643 0.34095237364247 0.622819352581899 0.663514213155698 0.58699131316423 0.539840119639098 0.308407419595718 0.145307133462806 0.199045744057188 0.449049754291144 0.605141835640629 0.220938535571081 0.0530768244070579 0.045117864857843 0.0904852301422729 0.556160545850106 0.346596721567468 0.0709276509486666 0.0528947741699507 0.0596665474993713 0.0861223371344059 0.0888336632972354 0.061536950288207 0.10241539404342 0.217359901571238
0.440264531213606 0.480927075485719 0.577984993535909 0.511760209054946 0.375003448486506 0.278063986779518 0.251615435184538 0.297488752150591 0.265070107813279 0.172218517077753 0.177352274446137 0.102661709811901 0.100632452843617 0.204158798484565 0.133241731863743 0.111976560245923 0.0608040139837281 0.0516756977696782 0.0531925806501025 0.0557933311101586 0.158696434903202 0.166686025929505 0.152948002375385 0.251254378462658 0.250261768127529 0.335266021700897 0.400296200232131 0.536771001652822 0.553767276523366 0.558702180427537 0.48914362368428 0.54414582097496 0.0713238083871438 0.0997631367771499 0.12502593186864 0.107511863755648 0.119131797518796 0.0756309356305294 0.0379826508638712 0.0360579059342647 0.0398159414273841 0.0543388100217964 0.0563936298598889 0.0736461888518822 0.0867755330020779 0.070990615937011
0.574118136453585 0.550891411865946 0.544793577055957 0.495820943227558 0.430263746740347 0.230754838840631 0.111995688264321 0.226455924058857 0.320512741801081 0.252727466751023 0.29644902094059 0.176278517769277 0.15818028099447 0.197516924653003 0.161617152235886 0.234662103529718 0.300432352291759 0.419141953432829 0.464592627858101 0.638864090904148 0.690549166557948 0.664407584312207 0.650613967750277 0.723188555631617 0.785138131126357 0.826410972901018 0.806751614804929 0.740949317235798 0.701562517489317 0.630763868395683 0.637411786637261 0.182626232482535 0.144034265762866 0.333797454123859 0.336517253997291 0.0414035476845743 0.0429703165593401 0.0425357440711338 0.0696918285410711 0.055093726680621 0.0344086394377447 0.0467030456233508 0.0428922074189107 0.0560347854229898 0.0872587819663265 0.0543477036296574
0.633784391050747 0.358090876232792 0.766033058159648 0.804749631160316 0.807863791186428 0.84003397027444 0.770171859967081 0.816640982258543 0.806847610633975 0.807451440372463 0.790787607925103 0.76433410759006 0.588447241410906 0.613020957891859 0.571032521741905 0.447329627280628 0.495355452475469 0.471319100732311 0.462816803835154 0.746099913315768 0.733059480583329 0.757028232603468 0.7940195574886 0.860276582319116 0.840222198261406 0.838831890519919 0.814741540225144 0.898231461933302 0.874824383138213 0.782736295603281 0.528232542153994 0.485538080304798 0.283562611764067 0.134359304151321 0.169609817594039 0.0269427290573673 0.0737721992509859 0.0998908246565963 0.035068453140612 0.0531644589242974 0.06774785496467 0.0453721724582224 0.0605158369001543 0.0610878394983464 0.286543608394128 0.224533060941405
0.928619776727776 0.909731035993697 0.922936065347821 0.914441147312727 0.912140946978544 0.908746419885911 0.855460499711272 0.856936295989896 0.824305492466384 0.865038034928587 0.83132233692876 0.585001731942407 0.311816127438109 0.267530756158952 0.646476021438995 0.406535487572248 0.499565034285432 0.621339034131418 0.410503816728875 0.600206929865034 0.779141101487913 0.833299369403847 0.848799259299145 0.892758995464764 0.855403138371089 0.872402343873671 0.846316904271393 0.784798784605901 0.83713737646112 0.84280772489906 0.626700671704053 0.427913522844401 0.382378492571946 0.210077150658458 0.154187304119368 0.0925534150025284 0.0528633084464458 0.0379312837899594 0.0329919629538112 0.0791801622748655 0.0827205889216893 0.0434280763277224 0.0435149526395717 0.0529801374512509 0.369173491650817 0.18508472801435
