resultados/modelos/glm_pseudoausencia.asc
NCOLS 330 
NROWS 228 
XLLCORNER -12 
YLLCORNER 34 
CELLSIZE 0.166667 
NODATA_value -9999 
[rows 105 to 125 of 228, columns 138 to 183 of 330]
-9999 0.754992313076336 -9999 -9999 -9999 -9999 -9999 -9999 -9999 0.667203400146198 -9999 -9999 -9999 0.304850432962586 0.393506739494618 -9999 -9999 -9999 -9999 -9999 -9999 -9999 -9999 -9999 -9999 -9999 -9999 -9999 -9999 -9999 -9999 -9999 0.370568574224362 0.233175513119546 0.126414909369514 0.121116376123164 0.291284080825288 0.356416392320547 0.338691746661048 0.491807340935363 0.542757507717206 0.593777059693351 0.581836043990452 0.505858741514969 0.644676774646361 0.918216645550409
-9999 -9999 -9999 -9999 -9999 -9999 -9999 0.747746010305545 0.448961914142391 0.236885829121352 0.289495300241078 0.348305403551262 0.405174071347091 -9999 -9999 -9999 -9999 -9999 -9999 -9999 -9999 -9999 -9999 -9999 -9999 -9999 -9999 -9999 -9999 -9999 0.503958818020243 0.572932000727539 0.385368227633201 0.269082097007714 0.326028225254872 0.320979154988497 0.286642267180024 0.389396153249595 0.407248137133036 0.481852724142949 0.516120881642384 0.409601288257374 0.639318096386331 0.701605415476747 0.769476627824479 0.608937506566427
-9999 -9999 -9999 -9999 0.321098623011694 0.38681845502176 0.457848557656875 0.339502505230128 0.317889050775957 0.235409120848404 0.195722003058338 0.184549000709252 0.189459411289763 0.174433290831693 0.466569990462384 0.361455788315384 0.310442448912532 -9999 -9999 -9999 -9999 -9999 -9999 -9999 0.239786712515167 0.180570436881996 0.141756633115503 0.146336644988928 0.163447851639265 0.293693925012556 0.395334828474639 0.540445792152757 0.443921730649146 0.323798112987986 0.413021734655116 0.341548881251646 0.356623872863367 0.302709585547409 0.351802455777233 0.429694224638373 0.454370158733743 0.530177648201213 0.447121015631596 0.483908933462858 0.583071329755061 0.450078398104758
0.145290103840095 0.269992063166898 -9999 0.188420775334599 0.250381074149235 0.188216252688544 0.219616259152405 0.174406383494127 0.191125093674147 0.150577024835088 0.187633890448733 0.200632989156562 0.27173731033932 0.152347970550002 0.151460276613816 0.187798626462695 0.273290344718154 -9999 0.345845049465039 -9999 0.673762342829532 0.398969709907237 0.243662349366024 0.194778706425929 0.185483786606918 0.132141244889996 0.203451802906535 0.251859089098308 0.350811464407862 0.450376066286435 0.449917715210721 0.32814025831757 0.456067781806027 0.424075848004743 0.375964692584812 0.3529797492364 0.323282537801876 0.305426524677073 0.295428744922446 0.344379542567796 0.321998006630109 0.431336909428423 0.453527385250687 0.515679447150147 0.310288382228568 0.328130110050378
0.0925841825771953 0.105095144035356 0.321622413822824 0.193895277906864 0.381688681259591 0.301396913560025 0.241010287297006 0.368697044310566 0.234240910355996 0.328389609532345 0.326862037724505 0.335240029039371 0.155182921567959 0.204988813750195 0.144936174309832 0.139509040156556 0.104523266704328 0.350330253665481 -9999 0.494906000666875 -9999 0.278420220756462 0.295031865533505 0.273999532674939 0.196470281264935 0.197733467080542 0.213847260095624 0.287419189637554 0.221712690159213 0.405239525511635 0.529196373816238 0.483284768436994 0.372014161186256 0.297111848694679 0.311071801660967 0.257931596322676 0.30542026629185 0.311424385502187 0.30687442700788 0.354669237144696 0.297254065954727 0.311412896535299 0.338796230210727 0.362134038700129 0.417474149082965 0.316364209903002
0.100496572477966 0.139560032856448 0.39833066525369 0.32993915487327 0.211388346015217 0.203224215264537 0.292550047847512 0.501653955310227 0.540409533817421 0.378832366308627 0.276592706586898 0.1844245091214 0.136265764716438 0.326449295045546 0.211018667666971 0.177113224602043 0.242428922694975 0.268342052948809 0.230917412836182 0.244414286620418 0.279615127773138 -9999 0.304868151306446 0.258347252979307 0.170368193116195 0.12056797395985 0.155639848199642 0.264376161095433 0.29377105430713 0.410756102635026 0.459173952294173 0.43519691151323 0.428725792953002 0.303006121029872 0.238511133209603 0.206130905671285 0.190989485980462 0.153451339703561 0.145174151946042 0.10493434462358 0.0876292005630693 0.286604239846321 0.286393641862955 0.337580404906525 0.355889018124795 0.398398967416644
0.157140129079512 0.198604074403649 0.214869118596937 0.237462953170369 0.238507732295596 0.232008342945837 0.161827721910689 0.357774343126534 0.341436511643368 0.301336263623661 -9999 0.571152106325115 0.472466842264679 0.323763237663502 0.218633735482636 0.156584245488064 0.0994223772094782 0.0672101133751863 0.0891158948905531 0.0928789609561271 0.18114383556963 0.752996422381878 0.423882262895555 0.212437885677583 0.0678310958596466 0.147165048619727 0.2620957889847 0.318816063593659 0.277649887710546 0.375932546335067 0.349789012172898 0.292423265375186 0.253053730982957 0.253508754861693 0.229162936449139 0.192214642286955 0.11422368725922 0.218281737262752 0.209397825608198 0.139738451348855 0.0972792583958963 0.248486552666807 0.132613662303816 0.0950666622182837 0.316325099517679 0.28689503015769
0.163297947123397 0.274905520514102 0.188790474531284 0.252937955982315 0.11275456985659 0.167252344466471 0.129681594993762 0.109438897933848 0.196319750762781 0.29741166938534 0.420666975105706 0.582630857864721 0.464667152074109 0.486499298704995 0.413241211654123 0.215456145461436 0.167850198633327 0.163835197290999 0.0857135953485387 0.0610292026619798 0.171399621069253 0.246570934191128 0.156399409498179 0.123851908509789 0.0497584027818411 0.105419818987406 0.106263973893706 0.203706813101339 0.24443219937201 0.238281320721478 0.226309392183082 0.226856107937184 0.201041876429466 0.218065574844315 0.230822786962141 0.149157905632483 0.0921537668613638 0.0909518598464582 0.0937312574308109 0.0834742504588618 0.0648133891090071 0.201592762822928 0.184955314229405 0.183573972359397 0.116386566016647 0.0908905750691926
0.13788052510328 0.178638540716474 0.237277131428329 0.212875603792155 0.17404968526032 0.211558419185775 0.110752876585225 0.208884974654192 0.226810669984847 0.326274706322136 0.397987602079214 0.392778796711799 0.300919232552239 0.316562364042638 0.320966187737476 0.301371669775933 0.226814622940626 0.196039762694108 0.0973439670946834 0.190089174362026 0.249617293821944 0.169137524645867 0.14881892437389 0.0784397983130614 0.0825306006353376 0.0742973192595165 0.0630761996364848 0.160515873123464 0.22702776367449 0.218241300726999 0.25725297587911 0.24482318808292 0.289374602213725 0.171240409571893 0.279740596521626 0.196198224859555 0.111358786292941 0.171594590980318 0.115361020576086 0.157279599475442 0.144107021669793 0.198109424335947 0.383468234345619 0.30835115766925 0.198686048727334 0.239492891302109
0.119218237523693 0.101410433663274 0.217695851060606 0.189748184368524 0.137593459083765 0.146892075656389 0.216306735279686 0.119019634505864 0.128618379758287 0.116969301593139 0.136963934327054 0.211444545607212 0.231828644733157 0.0940721381574997 0.195111270560584 0.275097908734391 0.345411545839027 0.293573630663544 0.195456809017379 0.252627521890009 0.15688174501398 0.159664027994279 0.129374161335506 0.121018928122381 0.156811420071619 0.190377982772597 0.1791646466152 0.125989282455531 0.248026096486178 0.215533111376765 0.193852591332243 0.200268740656719 0.157401020746711 0.153837345866074 0.214448862559039 0.149809805201367 0.163554119175121 0.0680765541860579 0.0562534027069767 0.0613275718262431 0.112494761905613 0.130716104157223 0.0891267164179017 0.10015362952575 0.168933099674944 0.190706643160967
0.101118181843649 0.0906184942272451 0.0926894041581268 0.0760196239243493 0.0785463198162803 0.0622268574542298 0.180193718230797 0.0894114033876997 0.158079966687866 0.130943714128408 0.0529274211371707 0.0854949817120135 0.168320867786413 0.283033391969418 0.249499711252293 0.270686051128291 0.209993455056577 0.277501990916073 0.211008672755296 0.134903486885415 0.182490322805054 0.113994558547089 0.183328938509575 0.17775768840209 0.166746848482682 0.124142148614102 0.158923901282511 0.122191426900403 0.190267292288569 0.209758934321667 0.21422805654354 0.221318861143724 0.224935156463763 0.200801222118655 0.157752310383166 0.116623944303998 0.143823551512907 0.106223157165388 0.0805142086700331 0.0783144440038081 0.121617185055266 0.0903321498360998 0.100813234824939 0.105661782256186 0.0756203899914939 0.0593712711577976
0.115086124646563 0.285445909394552 0.124098630211576 0.165439494206539 0.0810779630539082 0.10040887921181 0.165800484510978 0.238113298366917 0.248317381483967 0.0758886813717807 0.0802964570737038 0.0624369900534887 0.178616480736467 0.409142607868538 0.229066174428383 0.142092594270031 0.14257436268075 0.244302348294451 0.165022940475877 0.120787239022264 0.0693669966041923 0.108161275018445 0.242004165465574 0.101985126065344 0.139256353270858 0.183786362871071 0.170870388131066 0.18897367531608 0.165870598222335 0.212671164602965 0.179785575953753 0.107803346051012 0.10140534316583 0.0677911479395873 0.0791913454878748 0.213306807783837 0.249368823993035 0.100203404937654 0.0557991420828133 0.105089442734003 0.12893231363846 0.0874694037248364 0.109144877192246 0.0797277025350995 0.0848041242964229 0.0717480498568043
0.0989146824923228 0.170197992203239 0.267417247862494 0.294850678270222 0.217199356572886 0.149642866115005 0.192023286705907 0.137189152910252 0.257709364410248 0.135220111034523 0.121829501054762 0.132465160622954 0.360613609123814 0.307473810581142 0.19954307420121 0.37414185908214 0.30308664999707 0.189770983990453 0.136180667236362 0.109113555369849 0.0833057961618378 0.086454830958963 0.104376626191105 0.20460625610387 0.203013876805054 0.260281487693194 0.1982486145704 0.207181721957039 0.203479101637414 0.227426890458949 0.170721699718351 0.0696651409569598 0.0399622898709929 0.0526495567204063 0.148388787778805 0.348032241042868 0.155267872490483 0.0856617456389183 0.155835998430435 0.0558850184060775 0.0437836019195577 0.176637272085229 0.0598489681337007 0.060809408449649 0.0730195002169765 0.0712267112820552
0.308421866112524 0.236311386331744 0.182559219330098 0.180729222092981 0.137411250383962 0.197939355320439 0.192975959366263 0.156245392757282 0.272393635414436 0.215993338332543 0.174405743798735 0.228435685550598 0.136697007274507 0.0645974407810356 0.0931822623439498 0.222214082599934 0.246552484737077 0.275207852220951 0.252097073324044 0.185225270556582 0.184059123465998 0.220711040902677 0.175490248687663 0.193571421749098 0.212862632462986 0.214295215726142 0.19501009098311 0.122028931509095 0.124734201353476 0.164008794641228 0.134444500683789 0.182847660244754 0.0726969660618985 0.0422830105913398 0.132883688207365 0.189637267104705 0.113364037426556 0.0680800119140419 0.0693830923681579 0.0580592535805782 0.0518822831975232 0.0527934626234434 0.057034495309952 0.178174431392545 0.0546534462997805 0.0738830682858905
0.174882418329223 0.233837246200436 0.165828496523546 0.2305643289967 0.164382879742803 0.0862362957568541 0.0966744490249623 0.246673234036451 0.272703981641911 0.223244078333253 0.155362373933844 0.176194007984808 0.131058843330401 0.188053509864595 0.23107076844483 0.238419963795119 0.235417913585947 0.171203875705909 0.136704091280818 0.132471995771618 0.21538540314431 0.195421184664151 0.14780829209852 0.165721403852908 0.173116227643557 0.203560618731951 0.183816731562551 0.156606342321872 0.166931866212883 0.152455461308806 0.108839456323243 0.0669806229981 0.0473315896045244 0.0496586974471877 0.0512746699352737 0.0744614907265247 0.108337806874093 0.0879750505230913 0.121631562814876 0.105275941363591 0.0980253155084845 0.125290413028259 0.0457912108800378 0.0477467151648915 0.092866699374878 0.0604328648550931
0.209778336048719 0.159908786741745 0.18126200788313 0.130926865723427 0.101623221461867 0.112769912790188 0.106527915397203 0.213520395309076 0.260481567267849 0.254548394466024 0.133959655691796 0.0865786463454685 0.102671555358977 0.138944962265821 0.175127256892766 0.150989039257729 0.085371680468674 0.11990991706397 0.128887477339609 0.174497587182928 0.179036502233679 0.189822726969365 0.122178262592154 0.184750443816287 0.185824196756369 0.206674882704025 0.27538781742495 0.278674004568133 0.167359996117167 0.20585818557123 0.0998223827080868 0.161295166948287 0.103728837274297 0.0969768187152427 0.0914068635534688 0.0775526813967165 0.120338055140013 0.0721657515798776 0.103046129351056 0.0726414099762778 0.0600549958287505 0.0980493313094737 0.0896399180867805 0.0983208981601459 0.0567136409926452 0.04202680508704
0.708524431623284 0.465441761227036 0.195150958544956 0.171524810582437 0.12024690381676 0.0988712630702451 0.0766583931465128 0.215561788761966 0.23755683458346 0.331567710584776 0.100443170014734 0.0587846616382238 0.144893976956846 0.0643994935532917 0.199860823550063 0.204341588121362 0.200727734038478 0.219091247966241 0.122300263217027 0.133668805771003 0.19261791451257 0.132654771109452 0.19833146461195 0.226589106690488 0.208589197300093 0.202353606786879 0.160510807770613 0.171545508131194 0.217521987639703 0.159604429486877 0.150123595894351 0.0902703999255448 0.0716203112636084 0.0940930589898044 0.0531820506790662 0.0579908069176659 0.069491480624442 0.0733191507124838 0.0669464852478357 0.126162720391131 0.129633078703817 0.073129199852988 0.0911879679812659 0.0590323951132135 0.0322717929828197 0.0427621247746642
0.481335062176978 0.521226496182792 0.444744652301141 0.160870851074609 0.133025409760026 0.132063813647102 0.0836391944782705 0.105688227015972 0.138095488880923 0.173371837813882 0.243417089067319 0.150443003285505 0.113608134920691 0.0955511971611333 0.195327863158192 0.171727545154049 0.20003023269619 0.18514458734562 0.184110258925299 0.16719868155825 0.255481731107049 0.23078927696195 0.253292197493605 0.197161520280886 0.245475579018522 0.227188119893018 0.168110436509662 0.137784050459012 0.191276476106411 0.0959092912181329 0.159183579719778 0.118307895482981 0.166719671203628 0.160772191709126 0.126080576259892 0.102639416706863 0.107952605443009 0.180062293434101 0.23304403157292 0.126354241977418 0.164333458086344 0.14988668432056 0.111877190918727 0.111181998009765 0.0927042256919953 0.0645980828887273
0.528981928838288 0.248650230369371 0.345245722238514 0.23838884611584 0.167880360870893 0.186573027161731 0.132766418271572 0.140081165951788 0.0994506495667362 0.105464546036451 0.094198393413111 0.157444840572941 0.190714455073963 0.079823993201171 0.0679763188406523 0.0944820736350612 0.184971330130859 0.236915304079295 0.283569399503023 0.197695518055134 0.243449782718528 0.232824953242316 0.264517777020882 0.215647741661136 0.236802014737505 0.24214761054204 0.275251942839523 0.233427639638575 0.211211040328273 0.187582114326834 0.151519642740872 0.159319939512979 0.0815043801341392 0.194730959378806 0.19059941153159 0.153463633844322 0.160164902772273 0.296611364377932 0.239633163723982 0.296048328596229 0.224097441705415 0.205627898840864 0.0872678817695146 0.134671939604745 0.118343598544053 0.065452214970386
0.397241506801834 0.377016969373167 0.515553977530893 0.323854147678603 0.184110238582351 0.167746577317273 0.138172694019713 0.0986034432967927 0.168868977740167 0.129322469090055 0.195187463702276 0.161447800633533 0.143408951081845 0.103869522222336 0.0782547160647323 0.0991784337035364 0.229112673585876 0.327598983703471 0.328225668369719 0.179014161790406 0.214422945523305 0.18440624076595 0.259606849423065 0.226929469553871 0.254216418580791 0.298076583055856 0.21810655778318 0.236678194284541 0.126366658558465 0.070336172073695 0.0974095597007778 0.138935218520048 0.120982339336512 0.148106990054469 0.235670573569708 0.246857367538967 0.177783508388983 0.178916284318769 0.236869205960414 0.140772803303218 0.133951610545944 0.125128330035712 0.070877572284504 0.0842943271553985 0.060810573575488 0.0890112524434725
0.282142469049836 0.360360248957441 0.196206049304769 0.236835714603232 0.243711968386488 0.173249921686862 0.194910373342111 0.139770634823917 0.171887016514884 0.153143632144523 0.200647520331444 0.169880050436886 0.231326722923073 0.214049808754285 0.159612666897535 0.40026331538443 0.489179764111362 0.395709823611803 0.225161799295273 0.555877898660829 0.627028279620282 0.41007762479866 0.180090439541448 0.18638852187648 0.256498703094625 0.318698176469663 0.314913067794354 0.395426294737884 0.264368020230493 0.305597681587931 0.321521853586496 0.0535935104637334 0.0651081452514232 0.0619178671659466 0.0671497433031713 0.196313064392884 0.273789286822798 0.155191678900008 0.168399205972148 0.148048303038427 0.102529129536516 0.112901095040134 0.152552866794671 0.0856124822309177 0.122560036243222 0.108713765134539
