resultados/modelos/glm_background.asc
NCOLS 330 
NROWS 228 
XLLCORNER -12 
YLLCORNER 34 
CELLSIZE 0.166667 
NODATA_value -9999 
[rows 140 to 159 of 228, columns 88 to 131 of 330]
0.000923680665181217 0.00153466742900365 0.00107059203963657 0.00154080149091021 0.00177413936918015 0.0037819018426856 0.00186845165261323 0.00123681437755888 0.00118817029045017 0.00215615887941144 0.00190476106219175 0.00185681378269854 -9999 0.0049023699864884 0.00516488227744393 0.00812149181838857 0.00650241106486033 0.0088877986740117 0.0105512068906542 0.00707831675876173 0.00617843499798806 0.00299229756286259 0.00273651741851316 0.00305026546093447 0.00293184255781827 0.0055332928457384 0.0166268001458597 0.019324705662971 0.0114339698827527 0.0016961298989899 0.00211936077571323 0.00150708042318819 0.0110459565129579 0.0129230616201237 0.00857856545417192 0.00790366261007861 0.00494402193630165 0.00594595444790516 0.0102231155533524 0.0092179562784136 0.0260235550257144 0.0380211443193285 0.0272118791954779 0.0110948816462546
0.00278527991799644 0.00235730971272152 0.0017657394853597 0.00150099769805782 0.00155870119551375 0.0013792929969377 0.00135298629001136 0.00148944819888848 0.00132126894786228 0.00142311264286939 0.00124664124315657 0.00220811621623413 0.00353906177224704 0.00616590781656862 0.00700012781239843 0.0070782851265428 0.00641411147675243 0.0089482101565633 0.00639463211667889 0.00648277307844025 0.00231234001547418 0.00255759407383944 0.00354138678488055 0.00273827001373535 0.00566184112294335 0.00982767161284736 0.0142188302669393 0.0241694610474358 0.0285877212070967 0.00209337191324997 0.00205258897385859 0.00660304168528185 0.0148045054918043 0.0107446000584409 0.00766601550208287 0.00666745973119091 0.00380184267657042 0.00672010241401062 0.0216762451101516 0.0207145059268075 0.0134904558914079 0.0111008094647509 0.0176904950352024 0.00896119021158761
0.00205017183935256 0.00134270108059222 0.00144265803380538 0.00170173828478109 0.00251899732321674 0.00228752908424525 0.00303542575947437 0.00357964165118487 0.00113844565505164 0.00239187989647997 0.00495268976628085 0.00408018544933869 0.00481068051140382 0.00676756597342552 0.00680135664179666 0.00781464045767691 0.00887405054636603 0.00719166496398217 0.00456054079394968 0.00336934527127937 0.00238712553332423 0.00268996763941445 0.00285096807420688 0.00506788852604653 0.00721743326298018 0.0101001059674594 0.0224215700642998 0.0237464441532089 0.0088333779681338 0.00227473247148193 0.00227587437827446 0.0107507854927602 0.0135738996359529 0.0130728870851385 0.00963875886127151 0.00473533603392211 0.00820394683396733 0.0137571777946893 0.00841579010831704 0.00675437124888559 0.0124954443329752 0.0115778383442216 0.00426581058815879 0.0036555844195006
0.00148894869630183 0.000941227470954575 0.00121288546251947 0.00177772073581847 0.00399447288488793 0.00417744154457529 0.00307447865770591 0.00400724470980604 0.00316137351329092 0.00374949357670774 0.00296082057159835 0.00536423404772124 0.00753116717872566 0.0058548749313337 0.00473024880876782 0.00661667045424942 0.00436168661643967 0.00246045805548599 0.0052877206523823 0.00471261401684269 0.00426278135656259 0.00338057418932391 0.00540470423560442 0.00783746944021495 0.0120665005548471 0.0152908272192343 0.0246524260588116 0.0256991622753278 0.00237265774611376 0.00412439312692911 0.00253660633141991 0.0116109361976048 0.0193754805086297 0.00868470065029538 0.00781421808165098 0.00540356795754836 0.00815983101056272 0.00734745744207068 0.00796381173919381 0.00738547559892088 0.00349241698941559 0.00396985996837548 0.00526490742173228 0.00759913701338408
0.000854052023951685 0.000780978840835987 0.000985541269453316 0.00209308812398679 0.00124598338501063 0.00159697782771301 0.00186551649333224 0.00206566858633143 0.00269675598189218 0.00299278148242586 0.00422169448088263 0.00373727208694714 0.00577439216396438 0.00660698829282135 0.00687135090099463 0.00407390811339948 0.00243345493294572 0.00398715076882458 0.00396391884856155 0.00195029064557019 0.00232006389603758 0.00294714491011585 0.00513241771319314 0.00651927269488178 0.0100732963200155 0.0164473969542956 0.0202485518624735 0.012794759913464 0.00294014470379933 0.00232694599016929 0.0120684207592695 0.0200871355588797 0.0206112183440601 0.00873029019378837 0.00767326981265848 0.00627933290496849 0.00853401437881481 0.00826014030131191 0.004872926912127 0.00499254567201199 0.00599082060499804 0.00565891504544735 0.00626468232171526 0.00537709682847328
0.00183389063993976 0.00116160807092086 0.00147040266883935 0.00283478000726192 0.00241344125860859 0.00143204787115446 0.0017902222317694 0.00153737618256102 0.00210299112648252 0.00305546432709874 0.00343734731626432 0.00473677104924783 0.00615077958640304 0.0054927614713095 0.00591780052041613 0.0037075528710461 0.00322884553546945 0.00308516777705246 0.00309690946101799 0.00194540941214409 0.00169633895358519 0.0017916034874077 0.00182154639584975 0.00446097245718173 0.0113560625121795 0.0137992065531788 0.0113487468124171 0.00243931392502332 0.00395439257923748 0.00507944887044963 0.0160200012114484 0.0187888670701782 0.0148643964558951 0.0185449991814523 0.010379180928627 0.0113389098369396 0.00391816219675746 0.00710513362869341 0.010793732892013 0.00933840093414394 0.00973476497132503 0.00495849279007715 0.00889328000931146 0.00804477883306089
0.00135429336481605 0.00176069771860231 0.00303450697000627 0.00165258650316234 0.00198536389497991 0.00268452773881525 0.00305969622969626 0.00205174014114048 0.00229192651894072 0.00245939458374102 0.00299269187796702 0.00233932071250259 0.00453822129107155 0.00634018984354896 0.00609069731001475 0.00338936715031745 0.00176832679852612 0.00165464966322794 0.00137262760087487 0.00130057720717676 0.00244596229413143 0.00173377588118599 0.00132920473827954 0.00265773463033376 0.0021482614494049 0.00143877874335297 0.00277664224086768 0.00349266011660719 0.00392682211580114 0.00312517214881659 0.00593558447276135 0.0153353329588123 0.0132066159922565 0.00657714199399311 0.00519399507520035 0.00469948625776051 0.00270222231651927 0.00603999857836921 0.00560440135541344 0.00532960697395202 -9999 -9999 0.019517867858833 0.0235983167039201
0.00129252472788605 0.00144519018385737 0.00143842066247024 0.00323065504859582 0.00213144088639598 0.00297700496936941 0.00333977336084542 0.00537910433205332 0.00786015838898579 0.00355932466400787 0.00270519456530494 0.00458463753903416 0.00546983558324388 0.00768218023506658 0.00249314100162749 0.00110210876786133 0.0012254035049842 0.0012280062891241 0.00186080293963304 0.00235998717144061 0.00204512391159854 0.00210818220809011 0.0026372303391016 0.00496009821244596 0.00601000230336368 0.00689568454678023 0.00929032523983841 0.0127750183998717 0.0114521701879494 0.0197800609099082 0.018551006565446 0.0111920229430604 0.00689359679188407 0.00407162871543243 0.00555311024825021 0.00509846708795599 0.0068959839186877 0.0127903573515379 0.00995014210009937 0.0123777481793196 0.023664807970547 0.0154251666273453 0.0234573810541426 0.0599640384546893
0.00102178572763448 0.00107355504233701 0.002011365324379 0.00361340520938919 0.00294110736089736 0.00212441933043682 0.00348586454068175 0.00900317822623269 0.00765012388185999 0.00676413784172822 0.00325859628523542 0.0032387264466555 0.009443692403351 0.00673670670145835 0.000773938179060382 0.000987971546013455 0.00122934063341863 0.00163094634517874 0.00111716677379795 0.00140527484218673 0.00317388036401466 0.00383831065720273 0.00565394945648909 0.00774934354087839 0.0113550078929795 0.0130289287187475 0.0161092573318827 0.0214967119395491 0.0246277920927196 0.0202338421018962 0.00781672177128553 0.00642772473966608 0.00739617317016907 0.00986180781237062 0.0042780342202671 0.0112866679185539 0.0117691248378356 0.0191369904257887 0.0325203760848145 0.055510081839001 0.0181412764940731 0.0275631020351857 0.0491972667794045 0.133448371441671
0.000609622049333665 0.0011059919934675 0.0026639588605553 0.00347169628692451 0.00429235822138022 0.00148328767005164 0.00258510086851778 0.00967750871571439 0.0123637365692748 0.00805535255583787 0.00288268330738184 0.00290718036610963 0.00899533955047054 0.00264143905395975 0.00136876417270917 0.000613851267106002 0.00107338819186986 0.00129412477543841 0.00139152102448729 0.00318293471010142 0.00434802330989653 0.0055623669423432 0.00681926349374099 0.00843207954916082 0.0111437801110973 0.0193242377772291 0.0205091199914332 0.0127040536398524 0.00549254781389922 0.00524933196816432 0.0118846882409109 0.0221489371507986 0.0131934961182764 0.0104130956068934 0.0171109949761742 0.0295228480488238 0.0452332622479177 0.0450216687922109 0.00258107545142263 0.00310767455538243 0.00745490007811298 0.00836479752961528 0.0357693470598414 0.0296575998479201
0.000675268070189442 0.00130336210510634 0.00163137877809904 0.00185537480171122 0.00268868558995782 0.00166124487698325 0.0020118445275959 0.00935944381253359 0.0146970043173854 0.00612444461428473 0.00718759639825879 0.00340729924940741 0.00272405765697922 0.000822104553237846 0.000644731256359698 0.000611114362352587 0.00082429568602063 0.00106928818701523 0.00455135907195825 0.00465944623364766 0.00430725739754183 0.00399105301988996 0.00868888060060101 0.014803891067484 0.0219840544236463 0.00294573136913339 0.00590629102745336 0.00583402491691237 0.0101139504328255 0.0134106862781373 0.0170209248862837 0.0242198882435107 0.0304527476109512 0.0127664464413805 0.000658685260054955 0.000878252887210886 0.0154502384225898 0.00740746772015522 0.00108362454694387 0.0118373511252767 0.00517681092045455 0.0135135130588016 0.0571277478562011 0.0882658272945429
0.00115911102359347 0.00138130012289156 0.00130810122823635 0.00202452859183153 0.00107103428054341 0.00103787662032353 0.00175140312754079 0.00132157967333163 0.00199296208025326 0.00438593701974953 0.00163093347877128 0.00237535201387057 0.00211099860846517 0.000588203363361344 0.000751342721345874 0.000474312466041252 0.000732382656156627 0.00292137186598882 0.00263854222796114 0.0037719133489189 0.00671485470224467 0.00789163963294677 0.01473629883071 0.00626102332642985 0.00795025393478347 0.00668246750930084 0.012958330291159 0.0273643059118401 0.022520309202659 0.0223817813280657 0.0304899939842956 0.0126733192216273 0.00259963419593185 0.00841035741174435 0.000763117375122498 0.000729247534011184 0.00155052598976778 0.000826181292162889 0.0148466565801729 0.0217243188313355 0.0355816134727504 0.0322593871281845 0.0869284516219973 0.0407507832720716
0.00349530961364773 0.00198266926944987 0.0018692156749058 0.00141464151775412 0.00136596033867648 0.00125218747785058 0.00110032076096303 0.00181585940266299 0.00154142103132811 0.00160209062835238 0.00220432945201046 0.00240122942359153 0.00197011266537804 0.00127692115829904 0.000647211483612211 0.000504238856177997 0.00316274169085098 0.00325984443035494 0.00514180261741434 0.00514463222080707 0.00866245677004166 0.0156560846347743 0.010299059326718 0.00338014938531562 0.00634678552667159 0.0178451931183317 0.0211124848674442 0.0252967411618674 0.0227169918896059 0.0118445040100873 0.000546410438752953 1.60798832898853e-05 -9999 0.0008515882775968 0.0016470074932526 0.00768758142063075 0.0109424119862903 0.00775861555418715 0.0128083795160499 0.0353516049930236 0.037167600231866 0.0470238986409677 0.0263557160269502 0.0494639240492232
0.00162874400685358 0.00260869306773174 0.00234435950861634 0.00165473074372648 0.00128257165480163 0.00151880430326007 0.0015554628395202 0.00100733318642785 0.000828137528960578 0.00130459757898113 0.00352943003832413 0.00387814643920094 0.00377305448958091 0.000612290176587182 0.000459155887070605 0.000560142647473416 0.0034840566332209 0.00435159233765072 0.00631643265642711 0.0112778418945566 0.013930393885968 0.00811172520249114 -9999 -9999 -9999 0.00426566390053229 0.0233514637324541 0.0149521790332678 0.00417317290890388 0.0023789591284774 0.000845797095749663 0.000172170411032646 2.79969934629799e-05 0.00295428973608098 0.00750270558770582 0.00412436196536561 0.00749192552604968 0.0011725552043995 0.0151417492827243 0.00784548306872237 0.0117602811525066 0.0166097092602797 0.0336324047374255 0.00822525095979972
0.00426586120050854 0.00484554333477429 0.0041856284572683 0.00101526880664879 0.00107122253200402 0.00127783185208087 0.00393659578642809 0.00117448166319397 0.00194265258263388 0.00171911274518963 0.0128481783678311 0.00971187769480199 0.00224101630506702 0.000468358242645774 0.000442876647329113 0.00067303993464875 0.00412011696708598 0.00635435380747546 0.00768827347695182 0.0108859797547968 0.00270005461041696 0.00262356933600422 0.0111015547708934 0.016656118076435 0.0194445943152564 0.00084290994988018 0.000429324968518092 1.74355346329645e-05 0.000556395412013355 2.56673820849456e-05 2.05844583343831e-05 6.25973265469183e-05 -9999 0.000314595728204805 0.0178991981310745 0.0300295084501767 0.00296734727959025 0.000820640707345309 0.000653905184280989 0.027918659849335 0.00219721202791546 0.00378882482136247 0.000194955864010113 0.000223064901545745
0.00755241585505076 0.00887912277004133 0.00612167918046712 0.00141752468621283 0.00214642724762825 0.00786139365562005 0.0360824741210224 0.0125615740689319 0.00101475261009686 0.00398020251082381 0.0129560281996425 0.0105554842504736 0.000526537977858419 0.000677966919675592 0.000738597275900934 0.000955482059630646 0.00596965222965575 0.00880588994550911 0.0109807384154537 0.006377770824979 0.00618203622159202 0.00755167542713992 0.00524041516287255 0.00840494691250707 0.00995019994652228 0.00330571190879743 0.000125527064287727 0.000475360773645558 0.000934254872198841 -9999 9.50708738116704e-05 -9999 0.000352785157440997 0.00403108221577223 0.0357646864536559 0.0502342570707172 0.00975065405737166 0.0131043358572779 0.0169377705750233 0.00314053815460069 0.00135647131248989 0.00173648356148886 0.00493643835620365 0.00184055299746078
0.0111962267807125 0.0192257407403717 0.0115604399366538 0.00092790893290534 0.00169362947412938 0.0233832631463511 0.0336252544709847 0.0199716216511534 0.00245975936914299 0.00530089754413583 0.0130687768390125 0.00283200384677869 0.00138920614203635 0.000646712655393194 0.000827140698896512 0.000702544731450301 0.00620961446602606 0.0102618924135072 0.00658700110930572 0.00491157732283508 0.00398359545439043 0.00814169497929721 0.015811539913707 0.00538368359610117 0.00041491454870655 3.69719097003813e-06 0.000822382840938724 -9999 0.000449133687602527 0.000669719319556451 0.000514394218272515 7.01007597507318e-06 0.0209603390217664 0.0261631590961895 0.0114093148100918 -9999 0.00873859382657793 0.00888172538989398 0.0175800343737252 0.0123940108571778 0.0116489662387043 0.0398322785933042 0.0381138473510586 0.022827630321633
0.0146108414810252 0.0274907135052911 0.0250248891248165 0.00435957060672266 0.00641106645795684 0.0186964728551728 0.0503356731187927 0.0332599561137258 0.00191781831165365 0.00270880794136007 0.00434820686998084 0.00856248430533747 0.001330534010194 0.000636392323350025 0.00042006750095092 0.000992775406757842 0.00130210621749276 0.00802342800830045 0.00372371023133782 0.00740862079016203 0.0105786608403008 0.00610400304393767 0.00441744352629126 0.0211796840510991 0.0014223791218924 0.00114420581691933 0.00108663212091326 0.00123280159962792 2.53043799506422e-05 0.000901156932058332 0.000985183556027864 0.00997405091346814 0.0420957715136266 0.0160295884457531 0.00838361197876211 -9999 0.000989358103841736 0.000864978558915994 0.00188244122616269 0.00133267811545456 0.00423695798176712 0.00512950229838903 0.00736718541483344 0.0122444049592263
0.0498112862980002 0.0512053167350407 0.0209081540887858 0.00684084773238455 0.0224646550243624 0.0399474193924601 0.048671133100337 0.0665093722882367 0.00653166326817271 0.00108139283618873 0.00497967626598972 0.00629662560423071 0.00144121862193947 0.000617468038942662 0.000973311169515279 0.00129993097721408 0.00128376512118028 0.00156414563849795 0.00787241880536704 0.00638231507371637 0.00680643310849264 0.00266195949022726 0.000791900034652566 0.00482180597016126 0.00255415348695142 0.000867240692230895 0.00233605631080428 0.000328687548320461 0.00279844031578979 0.00835601121447958 0.00110162520186028 0.00162912474493052 0.0131522459666832 0.00359667024550806 0.00120481100072745 0.000449072044712241 0.0003236913077274 0.000194698694499669 0.000166614926021104 0.000164713027393198 0.000144093173504061 0.000123079941499745 0.000128039394461401 0.00032357812715178
0.0276551306544782 0.0295073400876437 0.0442726585716594 0.00505463605451719 0.0292662571446966 0.0213092199017739 0.0389223851415046 0.0310933242503545 0.0248387322094874 0.00995830639893048 0.0202883308790207 0.0194129586869132 0.0022332637215514 0.00108217876624352 0.0014518709249368 0.0017879466481201 0.00175682147480552 0.00406851220617134 0.00792145928109718 0.00367353425849229 0.00230040826679732 0.000608222804803794 0.0121621697110189 0.00277479457302213 0.00218299388006171 0.00595780198920577 0.00437963304289202 0.00181462832634522 0.00281626580460587 0.00645719647704684 0.012546684033687 0.00212951888018562 0.0017378685296136 0.000614619510729077 0.000433270873617948 0.000214345244334827 0.000134976517939013 0.000109293229707597 5.78527769392433e-05 7.18502242065646e-05 7.48684298076158e-05 5.62036165421404e-05 6.66447164841698e-05 7.93084034436378e-05
