resultados/modelos/glm_pseudoausencia.asc
NCOLS 330 
NROWS 228 
XLLCORNER -12 
YLLCORNER 34 
CELLSIZE 0.166667 
NODATA_value -9999 
[rows 147 to 167 of 228, columns 184 to 229 of 330]
0.0305082971583737 0.144985756952331 0.0787077233566306 0.0675080441247265 0.0512522455345409 0.0333102653170208 0.0216340259404569 0.0190297090760248 0.0112148208137685 0.0148756143594519 0.0207966954903885 0.0162768240127892 0.0107182076806043 0.0131504450329159 0.0177116661380236 0.0129055213487434 0.0162460024820328 0.0149441958173525 0.0285620212199183 0.0232028536874224 0.0193713646497941 0.0234548133565275 0.0477957534026244 0.0877673136629085 0.0703179543362076 0.0898081559942933 0.0671867515929455 0.0741066185559013 0.246652590139448 0.215009933131933 0.288085703752124 0.274905189907296 0.250777169539976 0.565615160102724 0.658187916649645 0.851779345753261 0.852911406005025 0.86640138373514 0.798790873479115 0.804798221050749 0.787622303165309 0.751106631145094 0.639226982950647 0.511238212838848 0.439692468158895 0.114032799679286
0.0222310675093048 0.0342248151328631 0.0172265187641811 0.0247029163080868 0.0303016866290762 0.0286625683424957 0.0183509533694095 0.015583589770505 0.0162278725169421 0.0193156108838311 0.0140659988309331 0.0112380040995316 0.0120548407830172 0.0101649279328429 0.00982329428585532 0.0104443768264398 0.0111849625194436 0.0124214830745656 0.0119462395262617 0.0110319194148825 0.0213411767775613 0.043690014252706 0.129406057498182 0.0925341261435152 0.0896839783004585 0.0700983850177761 0.11880250319215 0.191422596700382 0.313209988709475 0.250108994992207 0.279075609859731 0.384491830180753 0.266429650898227 0.220370771529594 0.315829219414402 0.373600404261581 0.784537908396812 0.791289348875607 0.71389842108732 0.842751599485854 0.856049143892153 0.717707657067792 0.733030597302278 0.602934004091652 0.607431857985375 0.421555033719571
0.0227893901693657 0.037084259759323 0.0174485012269275 0.0148135035645736 0.0239981034195771 0.0329009009753977 0.0226015249385723 0.0134570942387585 0.014802190835621 0.0173683240269869 0.0112131269294545 0.00837616134341871 0.00865279939142153 0.00877105940723131 0.00878828922995305 0.014398569161756 0.0127939472227653 0.00982436813641139 0.0112153547961869 0.0266098466100917 0.0367141223057831 0.0507146996933444 0.337162842316783 0.326182300678844 0.275524602260234 0.274844928790127 0.246464854747078 0.136011846356035 0.228435720924949 0.184129999217876 0.192639041024043 0.202137972579617 0.280252982753427 0.142257126262708 0.166017678991925 0.213419957682621 0.899747702887355 0.834393475923699 0.821433505959983 0.907746588545478 0.820803529970886 0.722716165719928 0.768110178035192 0.706171890052406 0.692332640944668 0.565408275475559
0.0232067480260734 0.0398670845220538 0.013566410682791 0.0138673065885253 0.0176195001750802 0.0152851699284521 0.0178855658668539 0.0166045750781163 0.0134499036846239 0.0115000440260301 0.00937413076694067 0.0178731200422111 0.0109020947089478 0.0090777039522383 0.00973806700140014 0.0106682205106774 0.0096151968949994 0.0143631870445461 0.0121036389764096 0.0491176342879158 0.0560852593011056 0.1627497516764 0.297081399346338 0.40578943175424 0.601122430155022 0.387173955547777 0.303230470448138 0.312448385918879 0.241807114633748 0.190710821403594 0.0790709107620946 0.133053700554479 0.132448456620018 0.0854566264244369 0.0959105496399962 0.13692836109174 0.216883678480307 0.740159190028993 0.810179208485644 0.793312792063485 0.726364603628198 0.756721635013632 0.757912119859306 0.759860520655481 0.680466115307969 0.576705156242951
0.0393842208789144 0.0317060446797785 0.0149926193985258 0.0133166686379996 0.0153753299593426 0.0193937693618266 0.0131303429380699 0.0133971094720727 0.013642676144254 0.0134369776217437 0.00974050952261517 0.00752747418782073 0.00720181992052179 0.0059122178223002 0.0116288387820397 0.0160641417917653 0.0133836106919852 0.0100585535451443 0.00867377392464473 0.0218636615453581 0.033140948995601 0.0315531588311846 0.183677513972062 0.719283229998642 0.837631253277773 0.713359629375276 0.613410824135766 0.922593865719092 0.487364591519848 0.534128395446597 0.1972490562866 0.082851786578748 0.0576182484319605 0.0673343735642226 0.0870354814056303 0.108433142041757 0.212958915920202 0.403039294704968 0.867085243908851 0.803073765860929 0.598275831544853 0.79498468604681 0.738802751894715 0.801614097095051 0.664990686254887 0.554070300941606
0.0260701717687704 0.0286070999392474 0.0109643520156595 0.0149102399624531 0.0174745482199675 0.020758474274169 0.0133525691657508 0.0132103021614265 0.0156484635181821 0.0140384063489264 0.00934336095901928 0.0092018602169782 0.00795682640501411 0.00651029119809186 0.0103375355639529 0.013105115353217 0.0106816995330066 0.0113237641077952 0.00817135309300326 0.0194390618496527 0.243200903523934 0.465542182243245 0.165725647140071 0.700803165858958 0.799253611671704 0.7318676305954 0.786357920617898 0.877219559104995 0.869011479929025 0.343292096337133 0.11553235050108 0.0684351998910683 0.0860834133404802 0.0644080778828589 0.114278188447928 0.141503509196232 0.102388336660041 0.425805667795414 0.644339846444833 0.81698293631826 0.852125356193064 0.834322843788008 0.587396660954315 0.738395735770383 0.772301173275346 0.662776592766752
0.026889076216307 0.0188864537150153 0.0143538122560234 0.0288326480933515 0.024463296278191 0.0205516347896533 0.0127809925150498 0.0102656945980751 0.0148400494792081 0.0201892417056235 0.0084980194732723 0.00836719518611854 0.00775972897381933 0.0071796039445839 0.00635433064195252 0.00738650828218503 0.00679257435022731 0.00918000561766428 0.00897565589860327 0.0318041478067506 0.0612518946309575 0.355087914653478 0.420149554614584 0.60908214133723 0.777314859069212 0.63094353177544 0.812098250569146 0.892726359930617 0.899844615030897 0.849299680304659 0.179736512688783 0.0758295933792911 0.0896651416580796 0.0872848151935562 0.088470361793455 0.134990413064186 0.184295789887534 0.376916497048927 0.392690462970419 0.577981358293849 0.553670679712976 0.848200334102229 0.493838779801296 0.71788727792446 0.725761343874675 0.667642559909577
0.0156556602787028 0.068518443960411 0.0266038921898231 0.0135721479295009 0.0140800771537682 0.0212852627420726 0.0166872740233655 0.01106441531543 0.0225851800458794 0.0226033736278703 0.0107245773291537 0.00895737263761287 0.00852798291394924 0.00635134149916517 0.00840828926426183 0.00760602885164622 0.00814944740540997 0.0342371668024165 0.247632829998489 0.166024545295178 0.26070663766467 0.323769837350613 0.350460977794242 0.216788303420648 0.530771880445808 0.623744444084031 0.642601277203359 0.691525915035237 0.857703937903474 0.488521979774195 0.0779842483062822 0.0685234353104918 0.0907325953687526 0.105602782533172 0.117544618591392 0.22166218825981 0.340463391761062 0.298110767336618 0.441357406853873 0.194021665520144 0.390313877610493 0.624054202031919 0.747869648128075 0.369444900634145 0.640019149912771 0.734058329550997
0.0293148781267767 0.0196424682459267 0.01056782467147 0.00826315952459631 0.0105173625426654 0.0138171750414294 0.0217390226991008 0.0118951493579564 0.0149184811758967 0.00805168368734407 0.00684637730405099 0.00924220160004612 0.00880545422536886 0.0103297538235944 0.0201618635962511 0.013764790343581 0.0153515159792559 0.0473987642367131 0.156430216340374 0.182970360500466 0.164382166371952 0.257404116427511 0.280097701311095 0.372969883804966 0.263192650221163 0.388717123244081 0.587317505060133 0.58705322598423 0.581047054489978 0.0856118558413749 0.0631078270064531 0.0558303084562041 0.188712091618196 0.253562963512096 0.202040964760423 0.297869894047339 0.285928995537446 0.35103367594187 0.316909873113023 0.148442837871217 0.343663367113952 0.22682124902967 0.52498533894552 0.756541718873726 0.548906886210509 0.613940292271699
0.0334730185347132 0.0173334033628715 0.00661169281093448 0.00524989638719605 0.00639154610492441 0.00595738105965488 0.00646942268733795 0.00835347389107677 0.0142957838504934 0.00886531738234555 0.00934418451249864 0.00615912717917924 0.00722831794200518 0.0056337770420244 0.00804467395954223 0.0107375153915249 0.0232502575659403 0.0547269413095661 0.0655720120970182 0.0580811613522755 0.0666204808698306 0.0908358061530313 0.150577908650503 0.268632162244972 0.350573809117235 0.194245784649392 0.424244409081612 0.219336415014473 0.22920386220586 0.210294966800886 0.0717183017619841 0.108940274164228 0.0524084932806329 0.188523041494893 0.114996390151809 0.101890541801336 0.214903764240976 0.271588109168369 0.194968790136595 0.231434340711498 0.574941403962355 0.288657767869828 0.545370053625603 0.480309730351856 0.0563651302930831 0.701351587290483
0.0266006910861395 0.0337704954848632 0.00823262522256383 0.00554434401273215 0.00543906603388197 0.00555354635157311 0.00501029063163967 0.00627989951331451 0.0085708781680716 0.00837869223545688 0.00658370581944207 0.00597344799413057 0.00557635571109065 0.00567714069395732 0.00778478842810361 0.0176035651830678 0.0113783128634816 0.0183319562971614 0.0105912008486915 0.0249699966983115 0.103180607438696 0.398252004482989 0.638059903088346 0.643698807293881 0.482741093056971 0.140977999290875 0.119148593396689 0.529234228300803 0.788034354241884 0.769354551750617 0.751511331497279 0.649214628079815 0.335488891433107 0.13855257083548 0.136360232589268 0.286658867110541 0.375733125547713 0.309510029524381 0.451373523370313 0.452303299024479 0.451817713743917 0.0512482940067172 0.0826728404878337 0.478143708238785 0.336188039500351 0.62812820333086
0.0227605760169225 0.0370949563652949 0.0112318956075195 0.00446821269610618 0.00440923591051023 0.00527138068658064 0.00495493029593563 0.00452255428711883 0.0101871904379104 0.00716870919115198 0.00507406701519568 0.00521570273232201 0.00592015348223238 0.00714859290291973 0.00837577186849666 0.0141764719335414 0.0118657899051204 0.0268445440762366 0.0382619389742898 0.0320856900877543 0.0856533526051982 0.530948298573025 0.537424387447082 0.611709651858088 0.472207024286608 0.110338546371955 0.48220030077488 0.856757163254079 0.858433515595979 0.804342018513608 0.909518403821293 0.87336894534105 0.873638842940777 0.814405397408885 0.703932842398469 0.901512019366182 0.947265061424803 0.939970638685868 0.888663603525152 0.860321696908278 0.407071729969432 0.848884246930067 0.727694551850497 0.816615620618376 0.697357509951741 0.826428497105233
0.00564421045575697 0.00682879516543236 0.0148033027686998 0.00926815413882513 0.00439138890854416 0.00362485350609619 0.00346086609315183 0.0040830034833119 0.00607968038975794 0.0101973352957693 0.00831892409931339 0.00524641190153778 0.00766346553517799 0.00955919286016114 0.0108407465643879 0.0112237571391083 0.0105722698450443 0.0214838199486662 0.176483522848047 0.107423706006959 0.2378795550353 0.103552118836285 0.755812594953654 0.828335959758306 0.853566465526396 0.413439657223896 0.737012461099405 0.769950149639077 0.830138794964593 0.94677943719304 0.917640630373288 0.864451707670562 0.772162309267889 0.698461587702722 0.704964612457812 0.867088222759465 0.847049966280198 0.849542731077266 0.805155774532383 0.791653350325973 0.88407121505975 0.905389570881547 0.849953528390191 0.762083137556139 0.704852528516493 0.612101527663593
0.0148160380882858 0.0133787223491203 0.0164824919215649 0.0249087066728542 0.0303321372653513 0.0326017855750703 0.0814895391442634 0.0559037313841167 0.0114981090848605 0.0167094726063749 0.00980370946757368 0.00752270626061946 0.00736856074718231 0.00731987561574257 0.00752576723369937 0.00914114379094001 0.0145685703840685 0.0784022986689734 0.263769516092324 0.42546806662748 0.658848805030631 0.499250516941383 0.866256683493993 0.913666255752004 0.883439146391708 0.896576608582627 0.827595898953757 0.838250605282244 0.824513162433757 0.70399504359014 0.720482680805753 0.741054037352703 0.795198111041038 0.745557017172379 0.517410054526985 0.354531551871415 0.430217735879341 0.418347927713261 0.251282166563285 0.700858163588607 0.694087516088984 0.599102065225984 0.615782352009449 0.455319374487608 0.225198140179739 0.229398398047295
0.0211671625165249 0.0218291827784911 0.0186254405067261 0.0164721708201883 0.0210036814217662 0.056240721925415 0.0912095794439357 0.0342553526933745 0.0105364907434634 0.0112539582557333 0.0145111757331701 0.00511656167781721 0.00648691848605335 0.0101601140320224 0.00989981160343308 0.0123955446546159 0.0692357917872576 0.0218544197648815 0.457942799013319 0.40456133335818 0.687221458476583 0.38143300743632 0.688884176955015 0.787055116040159 0.604739670851853 0.473028997880226 0.254177298266285 0.104565771503206 0.0901187197405494 0.0713902264187277 0.0670426320689355 0.117582546666626 0.12054146695088 0.179778715298526 0.190003310398321 0.146317603955832 0.204729066361067 0.161665158326757 0.203329118935714 0.221923092719654 0.183856834405978 0.197748315359741 0.144489978662005 0.110934499751908 0.0518212996377665 0.0741560237059842
0.0178758193236738 0.0168064888098964 0.0221241152669961 0.0236799113740733 0.0139237984355236 0.00921368165924851 0.0106743912320951 0.00682887618982763 0.00512015879861162 0.0121738010124377 0.014155275362367 0.0200926669827772 0.00896083953354923 0.0107015213440647 0.0365002070122245 0.0212443391358784 0.0150956944435684 0.0658262416590234 0.395261811919843 0.476662008471095 0.353541036386699 0.532903013112452 0.566150387832474 0.452437505129642 0.201102762803316 0.100201906882774 0.0651650795735252 0.0696318138481252 0.117231819085668 0.0914836090837094 0.0721490854681447 0.0872109532750041 0.0762561252813706 0.0507951854461529 0.111495906164233 0.107660048422337 0.116796842955721 0.0959189633253359 0.115374195098819 0.105919579260369 0.04493533805935 0.0382449601363076 0.0430791971302193 0.0118346836196489 0.0186950186836757 0.0101295606203287
0.085215365181188 0.0416749003264126 0.0160769393164553 0.00872309477389861 0.00720268626610622 0.00704131288632506 0.0207350607183888 0.0291127816005175 0.0174993628122961 0.0197539668664413 0.108805082413451 0.0698402123832138 0.0121673557648584 0.00934835872635829 0.0128604843691711 0.0270985562065068 0.11213448573745 0.142363678740394 0.32238842301983 0.321105903265452 0.400732797948785 0.442666205741833 0.410470360768458 0.272453048956261 0.0916714728710794 0.0477176853012628 0.0479212107869562 0.0446196955454857 0.0603469349934001 0.0677413420453986 0.068861314530425 0.0407146592653053 0.0390883342706646 0.0291319744901902 0.0350087963792252 0.0214496039425167 0.0170457949246251 0.0127969922679484 0.0121001959622069 0.0228760393952813 0.0195711791141251 0.00672240009011932 0.00940573255130499 0.00666564939281501 0.0155910817477646 0.00924832438977593
0.124459055896417 0.177189918084475 0.118875047737267 0.0240529603906761 0.0913114920981765 0.0576678366059964 0.0284314833685662 0.0263782842349272 0.0111934333386152 0.0294445861128662 0.0599705195501226 0.0522882476415035 0.0445846367294189 0.022975188762497 0.0105593480794102 0.0250392605875224 0.0200442284777097 0.0831352357538362 0.2620267469603 0.328629527249153 0.486794226151061 0.379291841735861 0.215660107378139 0.0454750372956121 0.0814144396818562 0.0456710279775443 0.0390806765444839 0.0657531581133172 0.0393319193422277 0.0274356770608021 0.032194785366237 0.0221486563602176 0.0346435216540332 0.0224066575790355 0.0103989867611711 0.00982374946883636 0.00835318961781081 0.00668275450108623 0.00693013527435346 0.00831028402809291 0.00598998330325652 0.00478002859327759 0.00428781722203027 0.00693838414155085 0.00752725534277882 0.00736351392770892
0.129680692027803 0.146629872914964 0.104315636110088 0.216274135522157 0.11473359407763 0.0566072331615508 0.0936139641569929 0.0567135778267999 0.025025100390481 0.0375898348278058 0.036292335426617 0.0319313197379633 0.018848442711214 0.0151519132143334 0.0217666202667731 0.0287825546823245 0.032683824777838 0.249932819212591 0.285605504270798 0.221820482978097 0.287361046657082 0.201375055713923 0.0930938187878717 0.0187375120408494 0.0118310839868369 0.0182559876855847 0.0149210980012681 0.0211206865861625 0.0160415585724037 0.00891340574385469 0.0127607632142304 0.00777159311169795 0.0136579069617373 0.0118169756517756 0.00878479359393316 0.00599179944798606 0.00547580364459708 0.00449605676183389 0.00660557777406616 0.00500311870232011 0.00589954192554696 0.00849428521638613 0.00540121672699195 0.00529057221726747 0.0156403536104037 0.011205172279753
0.38644795229327 0.288916133135987 0.176909109542651 0.185044442148003 0.264682097725862 0.415639993430321 0.208718761558208 0.131309909640788 0.071411174122773 0.0545843924626619 0.137303774414252 0.107185117727989 0.0311566317375542 0.0329348449400136 0.0242769494545869 0.0333624990751864 0.111671841106805 0.281281523875207 0.299685157711742 0.35626649140953 0.353225949141047 0.30245571082363 0.0388438922720185 0.0157959902114869 0.0158574324789962 0.011868080477495 0.0130422609349982 0.0156816215685029 0.0100843832332276 0.0149077666979649 0.014269558501711 0.0080180714182161 0.0052128914076676 0.00467743005965491 0.00617413009276248 0.00470453648026018 0.00394651237357087 0.00433952766910045 0.00347460235636878 0.0045797769872405 0.00495745189792332 0.0051734947410405 0.00620067977535423 0.0049205331413535 0.00501871894933604 0.00566269839744215
0.316863819042377 0.365704636469794 0.433389888282831 0.479315674834475 0.464655916617362 0.460390277679036 0.526820320218421 0.339145723425176 0.338716425174716 0.252686103468116 0.100080038371778 0.303256669312359 0.0744382131487223 0.0290933460184563 0.127207902823093 0.0422682325500491 0.0632528437832986 0.432136961538131 0.770994581016867 0.628698631362324 0.194033722032869 0.106877609229014 0.0526086803607084 0.0478838417936658 0.0134079494211483 0.0104742337560581 0.00979068240190177 0.00737878355000285 0.00658691003159508 0.00745180382029594 0.00685729533384259 0.00642749390014834 0.00494118383657075 0.00347926013829604 0.0045343841759599 0.00594196118740074 0.00371403007570319 0.0041134136331088 0.00625506603128732 0.00451004894319336 0.00420553746200649 0.005015646410239 0.00545494567596119 0.00633195235999495 0.0138992397241511 0.0127304664092721
