resultados/modelos/glm_ausencia.asc
NCOLS 330 
NROWS 228 
XLLCORNER -12 
YLLCORNER 34 
CELLSIZE 0.166667 
NODATA_value -9999 
[rows 168 to 188 of 228, columns 47 to 93 of 330]
-9999 -9999 -9999 -9999 -9999 -9999 -9999 -9999 -9999 -9999 -9999 -9999 -9999 -9999 -9999 -9999 -9999 0.173574596717366 0.126333371049268 0.118822963077612 0.0942921708282983 0.0777093807779476 0.0776251236786917 0.0653615727932482 0.0691831670222964 0.084170881296417 0.0950622028421681 0.0814983569480875 0.0753823029946794 0.0794644000710769 0.089882749199065 0.102033671389167 0.112608609348736 0.101084691277547 0.0774751061171507 0.0985969979281301 0.106577295645935 0.0837688435513338 0.0879083943898623 0.131268104889797 0.181990430092858 0.113260552907062 0.144266814963112 0.20383202574213 0.206220373664642 0.270417256225369 0.29643586633935
-9999 -9999 -9999 -9999 -9999 -9999 -9999 -9999 -9999 -9999 -9999 -9999 -9999 -9999 -9999 -9999 0.488592050353592 0.11214401980492 0.103564301013583 0.0664855727321655 0.0533030886156954 0.0530061909243632 0.0543516076313525 0.0590148972675433 0.0694854558151929 0.0745522024093364 0.0805583699985727 0.0820141945590334 0.0828537639233283 0.0784205351687597 0.0830447081437102 0.0883801760647433 0.100565747872758 0.131926922961118 0.0996339144042246 0.106916094418002 0.11566566427903 0.100044136040002 0.127650501841354 0.192816597398805 0.244733713851447 0.268358686194454 0.330881234930384 0.313740210740884 0.291121803856126 0.363557746837667 0.374333251319225
-9999 -9999 -9999 -9999 -9999 -9999 -9999 -9999 -9999 -9999 -9999 -9999 -9999 -9999 -9999 -9999 0.18242866584568 0.0727648569687815 0.0613863222593722 0.0612918102961494 0.0619437568630553 0.0683079005464176 0.0704631363730154 0.0755978316241791 0.0891342830980153 0.0754222965888459 0.0904964216311464 0.0875699833491906 0.0810536004638787 0.0878039684181449 0.0793448853576549 0.0941386830388052 0.100170949329104 0.233087828184159 0.0948345977206158 0.0907041240226233 0.112807963718352 0.114976940924248 0.122591238936664 0.30364242613111 0.422620266632404 0.477011032577016 0.580793186303159 0.322379640863722 0.2606120194804 0.213176842769115 0.238849404623593
-9999 0.668077812766098 0.552311123796376 0.490798578918338 -9999 -9999 -9999 0.759451211203219 0.794204281818851 -9999 -9999 -9999 -9999 -9999 -9999 0.266279653725377 0.106659610873443 0.12013180346931 0.0742897204046373 0.0815655752125291 0.0815205857420325 0.0908709320532384 0.0851504928574218 0.0934685813431704 0.120422548515559 0.0836135777910423 0.108283062939186 0.0798796438551085 0.0903658206375965 0.0832953423642777 0.0833657177633881 0.0844974196970821 0.0923240999046358 0.106274622185216 0.0909818735046772 0.100399130991581 0.10603378357751 0.247959636458228 0.335429278559998 0.451823082186956 0.37641396667956 0.344988955501374 0.373950722357039 0.213923189125546 0.221846468205678 0.166172109270198 -9999
0.587286805862642 0.583115234894389 0.531749507346757 0.649811038118603 0.587210906945984 0.625936075345387 0.648536614458612 0.620856134189842 0.498420276962368 0.515581694977973 0.480536834172714 0.546573876602129 0.387531663360083 0.273011442439021 0.25608578851769 0.218547492233434 0.217972542978276 0.135105976425988 0.158907001935605 0.133515328943417 0.149356978201187 0.141744213225054 0.213364399553636 0.115877763883456 0.0989892879357946 0.143326563372126 0.13612365005401 0.118866853181745 0.118672212280114 0.101337662670198 0.0979702267248235 0.0961510767881063 0.0864140364610404 0.0860177440752782 0.090747261699658 0.103159450923403 0.132964404752948 0.137843462284273 0.221397162431294 0.255866876519944 0.219997805473756 0.218112721011028 0.207082231707347 0.221617282297449 0.428219411409275 -9999 -9999
0.564738882729956 0.774985244485103 0.572893076975816 0.484303971131576 0.467649759503996 0.573413279947318 0.610275859231889 0.60713186187042 0.65134966770837 0.46476303150141 0.422337910467036 0.359149046782412 0.387049744969137 0.295371955347925 0.301072857956446 0.373022011749265 0.339081307436391 0.396015601509225 0.372114209915909 0.346725745235134 0.462527586576163 0.51508746527685 0.534110246009832 0.565233947076846 0.427074785625803 0.377370444235346 0.351012285880464 0.202873726086528 0.168525129601312 0.140941359899038 0.147360653696384 0.130397173997447 0.150322532411065 0.12248671773213 0.141945419513465 0.126198252213306 0.12421357995752 0.229381722239935 0.275488420128148 0.374638262118335 0.332307498343854 0.330761371619699 0.384457967729368 -9999 -9999 -9999 -9999
0.495314075210997 0.503081214473926 0.487819183489781 0.505710514721161 0.39671133023681 0.463855202227938 0.491432306873745 0.423150754599205 0.349395186975241 0.402857941574216 0.292220024986601 0.371412145474349 0.32618117145186 0.293656821749606 0.134126915570347 0.225677626551304 0.380215973423299 0.321491987328943 0.448938874495509 0.370585720179804 0.553448594656486 0.747199432983945 0.786998046660974 0.712453240508836 0.756794207712954 0.546062551345389 0.642803938487511 0.524275435227139 0.507322050944966 0.523139665598728 0.540200992612344 0.456548432608631 0.326209333134181 0.529096487823293 0.357480138433482 0.492221256772331 0.410001367107441 0.357628466664802 0.3539003894239 0.370679842848201 0.409822992751098 0.371345033361364 0.418204583429847 -9999 -9999 -9999 -9999
0.45091938794452 0.463854336392369 0.480480967655854 0.564933291818764 0.589000413598642 0.491134883662436 0.478640071580435 0.289024619921044 0.267867116886462 0.341958533441844 0.278317041078451 0.369330820314378 0.356438718448198 0.347666458062554 0.132651962532506 0.185396294348729 0.151010929520487 0.32571818495568 0.460639641318829 0.549030835317011 0.633474477482807 0.499360197501898 0.361357966390069 0.526333282105265 0.365771137402414 0.441845962594517 0.521781273191785 0.535834162572001 0.771233377278742 0.6700244064378 0.425309550032142 0.593728354276476 0.760914266699372 0.665357465730782 0.744542412155508 0.659202214278816 0.499653565746593 0.559054501052106 0.623997706150559 0.477694598856942 0.319616272663819 0.305762752471632 0.357431685297591 -9999 -9999 -9999 -9999
0.40701695661017 0.36605322331398 0.37155926669901 0.481092694938505 0.449658216968538 0.222423173334423 0.239947738286711 0.325529147392518 0.499540799250546 0.42023037740558 0.33811711228589 0.225467206879587 0.178962313612285 0.104038391699615 0.0955449354536617 0.212706353074064 0.316588950988464 0.245403096410866 0.688670192075706 0.397874866238538 0.46136120603276 0.493877588070078 0.628087192658194 0.58276476574074 0.631750076431809 0.701491938488318 0.652539239586918 0.603026847349775 0.46555133843126 0.412191371675451 0.326805552906632 0.631859945818429 0.54746374407541 0.380181196707577 0.498207038954703 0.438746127624026 0.423985857920962 0.465859374801711 0.615534600533957 0.699103365013845 0.569452690892163 0.361538152770475 0.342490773514181 -9999 -9999 -9999 -9999
0.214052757141825 0.217602621736225 0.226213207739989 0.237279380855405 0.285741545837298 0.281003250418798 0.339573605694381 0.302698777818623 0.378180403028608 0.472627423688834 0.337232130756009 0.224640912610328 0.164831769358241 0.138258663624939 0.115879541791007 0.164419910506266 0.167870007737311 0.241411723591274 0.388208026986689 0.556182934635142 0.585502769112386 0.625533132928922 0.587430977361693 0.574405432574866 0.612714912168881 0.525896506449027 0.707771095391528 0.538321515835062 0.430256486119381 0.45663692906669 0.568637276536543 0.566029298432981 0.526960972945809 0.683077063425975 0.712520496421982 0.670125284591735 0.365700859534155 0.539014884429575 0.579732269397242 0.612072407403444 0.482969110536149 0.622597704207845 0.517635802468825 0.473767321933396 -9999 -9999 -9999
0.217783283437847 0.205217751378297 0.219223660523783 0.263322371837893 0.423116276117813 0.521108564297696 0.570175735973236 0.567401875408689 0.55426390478085 0.411609818030363 0.389427466274501 0.408186181213206 0.394553906715975 0.290573529108706 0.168669347832776 0.179084482682715 0.183014633480414 0.142087984807472 0.24689416507193 0.372325936242311 0.378685452057545 0.566305583638807 0.679743390188851 0.690429750398798 0.647957423505792 0.493862786837012 0.604747626393734 0.393666994609518 0.360619225824231 0.419316420165548 0.60346561228235 0.671956752752496 0.69448488193396 0.71950426488931 0.638674131697875 0.64734550705345 0.693456365557538 0.581186825255836 0.549786504173098 0.478760303242162 0.493811167437864 0.430441226626502 0.18280321869629 0.378848157105382 -9999 -9999 -9999
0.200626489134881 0.186667661542535 0.242054110307312 0.35221836730985 0.344095592590569 0.350634156621646 0.507169325044604 0.548471935886415 0.462724809662234 0.452361590720203 0.328308570287509 0.345710247171517 0.418259997477826 0.371741691909413 0.243447743554977 0.201810182240226 0.262451425537912 0.178156727429456 0.218558079715017 0.244042692088985 0.231006495629937 0.233942722052661 0.235557612441865 0.234661147554645 0.24035115477236 0.321776961022781 0.406161103427181 0.302507777167138 0.316072376416318 0.462282092829308 0.507903673757207 0.465564018083307 0.665846872967838 0.720915531852523 0.71884292070546 0.681691682602905 0.482908785963735 0.473974548695361 0.453867974544986 0.476608047166059 0.409097828250688 0.299572507874444 0.179652054368085 0.239306374876457 -9999 -9999 -9999
0.190732721686807 0.182758698035152 0.215110393544114 0.28223084234489 0.383349101196853 0.30440773972104 0.334025485555648 0.539033905208887 0.640267582916041 0.364662207003335 0.263810623815311 0.245259535136273 0.341490967212507 0.309735562742755 0.283157451086182 0.285792557620493 0.159178051580101 0.143225937213419 0.273271473311656 0.228046891083302 0.17677353636817 0.254289955009681 0.213921684871167 0.224125865548471 0.165869104771931 0.169391327484602 0.113908928277529 0.157882372276673 0.321182494803103 0.264018176206254 0.432231835384068 0.133308942991625 0.172601630605964 0.30811248643251 0.29376898080096 0.355284979823044 0.323480451096509 0.43825383907289 0.305300688562492 0.673812767826144 0.554182507104586 0.171610559446146 0.289375198457076 0.407732402720623 -9999 -9999 -9999
0.190311012118088 0.305097369374162 0.314266551452762 0.302527803994919 0.299987074006223 0.314148182029874 0.300378122922789 0.297074935324437 0.264501920137046 0.234946138946312 0.202769324466866 0.212359819478837 0.229911985346852 0.383886660217547 0.631393365563565 0.43556849293329 0.272972591929461 0.164895204328221 0.174837056241459 0.183699633868953 0.200800115229958 0.299716513677892 0.323901704549512 0.245436702787229 0.153958211835631 0.13397366047745 0.0792174989132925 0.0599396722654852 0.0568237640130678 0.0550732589730049 0.0706737381686541 0.0827288355221337 0.116172835920266 0.171143051926187 0.283902030951594 0.342834931713384 0.327902493517469 0.525858974004129 0.518424691369566 0.69329254209437 0.389019945946482 0.292599555195638 0.779206954442972 -9999 -9999 -9999 -9999
0.225864247799925 0.290629808467009 0.362121113774374 0.426211117485373 0.365809638260252 0.297819409756759 0.288285282821639 0.252494503180101 0.249697319525564 0.202999975548284 0.193685531133772 0.176820794365489 0.270792323742255 0.355272217898914 0.471068738628873 0.427851461957529 0.35331071994957 0.235254126471579 0.294845502179201 0.322855084005609 0.205144827243426 0.198078763010802 0.299992159938807 0.278042150485869 0.186619609720659 0.15246366938516 0.110589296238212 0.0814710413413046 0.0644946329669043 0.0636301533746344 0.107880002146312 0.184571905659991 0.215490665879671 0.205290346898972 0.340619169923337 0.464419589775429 0.504773538254 0.465769009291479 0.269404475337813 0.564772414167365 -9999 -9999 -9999 -9999 -9999 -9999 -9999
0.179497698676491 0.31418733596458 0.355403997970233 0.275294538111219 0.246960539255532 0.329901069866477 0.413500809118539 0.372172193846479 0.301985439898284 0.243093643057631 0.195087682666466 0.279635656949359 0.281363946258193 0.318567722336715 0.455507436210898 0.510654985555119 0.523363390438802 0.410326077910628 0.397612028186072 0.331886166785188 0.289505380074097 0.191513914573409 0.235590559542816 0.267890220524087 0.158808903695105 0.228790330378151 0.222084474862724 0.155072853118808 0.150555077877509 0.235068596740815 0.349012591654314 0.490739695323252 0.472677503439326 0.543246019064983 0.542610725876697 0.383724107098922 0.497662055834944 0.492645673174101 -9999 -9999 -9999 -9999 -9999 -9999 -9999 -9999 -9999
0.261151050657243 0.29648582989772 0.322166469976743 0.351306554198943 0.54004278777251 0.440810950219565 0.480704916702682 0.338741756197323 0.312790963737443 0.246004722565539 0.287492636182282 0.269038426612243 0.305604940511128 0.396927563560492 0.477316097370292 0.485522175335926 0.449539255360113 0.526571102021885 0.551202349202062 0.443599713080004 0.443299975063358 0.26270263609785 0.246249829707743 0.230495523501445 0.206149836414424 0.303072331494559 0.25001661917519 0.383811582271788 0.273748402337291 0.446488861289197 0.61741093694348 0.720325552475856 0.512199947068739 0.535231312830016 0.686069106116468 0.730502162966833 -9999 -9999 -9999 -9999 -9999 -9999 -9999 -9999 -9999 -9999 -9999
0.253002071768154 0.484218132715173 0.519047307624618 0.478453442820159 0.52198774227979 0.587815330116903 0.508567503743493 0.368419877421479 0.303339144345144 0.267180755050459 0.294286481296247 0.340140956374565 0.370600788280886 0.443203513774391 0.448369255296859 0.38950119715499 0.561608478067439 0.461029040780103 0.663017172850371 0.608360721445229 0.544261898632718 0.510441005478276 0.384607093797669 0.306134795024731 0.319503449870052 0.373829490284315 0.354636077159296 0.376454311095756 0.280607714855008 0.443346641385318 0.634621991608438 0.741138217266569 -9999 -9999 -9999 -9999 -9999 -9999 -9999 -9999 -9999 -9999 -9999 -9999 -9999 -9999 -9999
0.382249655143625 0.611335036334942 0.494988166197847 0.396631742206557 0.5076590819681 0.323762493157709 0.300589838602121 0.251734900512535 0.258960644641669 0.29017428229242 0.299640641791678 0.337993684095986 0.319947015563501 0.343349142312205 0.37551734591445 0.413659923979728 0.51866077520511 0.587945990483455 0.552241495315281 0.651274757172199 0.686801708873405 0.634279121375333 0.544061219988251 0.448626841104507 0.466643578267784 0.360295146991118 0.454700709483174 0.556090093524003 0.417915929354418 0.526218180862518 -9999 -9999 -9999 -9999 -9999 -9999 -9999 -9999 -9999 -9999 -9999 -9999 -9999 -9999 -9999 -9999 -9999
0.568206229378681 0.70096459960531 0.314612110157086 0.203716954425914 0.221617597887776 0.222956301147912 0.249065936435703 0.212358188308863 0.279100065210029 0.361275969231538 0.3335709152558 0.370724929920706 0.379301968782917 0.388298583275429 0.412588073624871 0.418785409876927 0.5063156233408 0.64097329943864 0.506518767256483 0.611337319977128 0.651615966928836 0.655646115986836 0.667877665411217 0.55578663538811 0.570843301245728 0.663620710637887 0.750734095470638 0.575070063499577 0.271728375850496 0.266638804589278 -9999 -9999 -9999 -9999 -9999 -9999 -9999 -9999 -9999 -9999 -9999 -9999 -9999 -9999 -9999 -9999 -9999
0.274345395754241 0.334446621167342 0.134581183042492 0.157399079844781 0.147207631715621 0.215295484365318 0.274351539557551 0.252977973258905 0.428148368298421 0.329582621287847 0.312969675010854 0.372635159981646 0.412608608192096 0.401565282814436 0.44552853399979 0.455901800216464 0.612532863610886 0.581253625488493 0.557536643360615 0.678203357104748 0.55362028967292 0.630110543162033 0.662314138325913 0.580693353479338 0.527508148034576 0.66108280275007 0.535546637928116 0.361617762952829 -9999 -9999 -9999 -9999 -9999 -9999 -9999 -9999 -9999 -9999 -9999 -9999 -9999 -9999 -9999 -9999 -9999 -9999 -9999
