resultados/modelos/glm_ausencia.asc
NCOLS 330 
NROWS 228 
XLLCORNER -12 
YLLCORNER 34 
CELLSIZE 0.166667 
NODATA_value -9999 
[rows 105 to 125 of 228, columns 141 to 187 of 330]
-9999 -9999 -9999 -9999 -9999 -9999 0.800906466008321 -9999 -9999 -9999 0.489475883241896 0.442806194692673 -9999 -9999 -9999 -9999 -9999 -9999 -9999 -9999 -9999 -9999 -9999 -9999 -9999 -9999 -9999 -9999 -9999 0.545260682250717 0.253752649723927 0.186769945921447 0.212355726185468 0.337934416343083 0.433412077715191 0.390616441693025 0.493915233057868 0.533862331424725 0.559219357285014 0.572204756704049 0.544810581818592 0.540421165294854 0.812345359039224 -9999 -9999 -9999 -9999
-9999 -9999 -9999 -9999 0.843978683421492 0.609363706540183 0.312013521504287 0.32950142518243 0.363963623195668 0.487361302584906 -9999 -9999 -9999 -9999 -9999 -9999 -9999 -9999 -9999 -9999 -9999 -9999 -9999 -9999 -9999 -9999 -9999 0.640762079152264 0.515943567311171 0.358563173540276 0.289517238317989 0.341860503767667 0.357937912411129 0.305788814494653 0.449594998617331 0.45736603339789 0.512004947307916 0.555090232878275 0.495889468772413 0.635867842808095 0.655371331577954 0.694195323526961 0.560858694573956 0.409608118556519 0.47480473904964 0.358266554938357 0.385710273373487
-9999 0.35949132779941 0.349444338716935 0.404214712669353 0.337725103312799 0.351887179617169 0.325575293755896 0.317529893050617 0.303660147783466 0.286197240428567 0.284028160558502 0.54242590421931 0.506909118799769 0.406369550978301 -9999 -9999 -9999 -9999 -9999 -9999 -9999 0.592492664962907 0.375861833998603 0.280639768286554 0.24606194055651 0.259753444345433 0.396860231576998 0.473985137768708 0.57648835754615 0.51614646984313 0.320437598511149 0.411068873395753 0.331275121415953 0.366942387519313 0.363287863839489 0.40116228969713 0.489601913289754 0.499581428409871 0.595619620820005 0.525758060724195 0.5796642078017 0.585446078932147 0.497438173440816 0.449209200628929 0.344097043018339 0.260967846950965 0.225311318862101
0.246185135455103 0.312782788452129 0.296913230169648 0.298016981946127 0.303260039774938 0.288481239900402 0.284671553539568 0.296010958275418 0.339550820999151 0.32131070880807 0.287440895810941 0.277681196416558 0.279224979640532 0.314895001312527 -9999 0.665273066651362 -9999 0.789123360355252 0.544445020575075 0.360765897835696 0.262500093262991 0.253211966674344 0.21918400617361 0.269170161331702 0.301581547311884 0.362354084156117 0.473511268336217 0.475100735755128 0.324798817943335 0.448103167727421 0.504697157309589 0.461601599205631 0.412493452781927 0.407346144734398 0.42791502834789 0.371752256272903 0.459995135649556 0.410730749139168 0.526331964412181 0.561616380828544 0.54436573078104 0.457827001867459 0.425767163333325 0.482112444632136 0.443224929772984 0.273413975850684 0.285702632618504
0.317770058729129 0.397455285209007 0.350562224775077 0.347636851904277 0.376959948189559 0.299079763027232 0.483847460761325 0.414500069946143 0.496626141270992 0.303675120589392 0.315076346376767 0.286077385978786 0.288278599237169 0.238328758558178 0.525295940217486 -9999 0.765514104967451 -9999 0.587233766521417 0.404852442401854 0.330664260295005 0.251601933029754 0.256340451372013 0.267820487144584 0.346857223332806 0.390506644721633 0.495712956576364 0.535910857433819 0.486483744826973 0.402368392076846 0.376502437388786 0.407493970524939 0.367365523815428 0.389950539661198 0.434019419226231 0.372506012262727 0.436285623126291 0.380628209850247 0.396619431675552 0.397053465765705 0.46533571426109 0.562737690278742 0.369119949124283 0.408722664342814 0.445344176794496 0.277212399753189 0.342767298711323
0.381785223495094 0.286638224177758 0.280389397290152 0.414397525992805 0.608690651956045 0.635968451173515 0.526181928967013 0.410460721574279 0.336998162800364 0.298364079969646 0.43381629725983 0.31060610744879 0.278490548973544 0.32194271628876 0.293967901635632 0.33827681790386 0.330876108917481 0.436641606938788 -9999 0.387534411581923 0.306786464823907 0.253722953011127 0.232804353506312 0.319259574099849 0.30791894740137 0.399201154278739 0.542094873888434 0.57102357172672 0.555149830847934 0.57010348369539 0.415110632442399 0.291818399610116 0.254128805111891 0.262940207819038 0.288800421128082 0.268750335244799 0.263086954045393 0.238928927058525 0.381801744476352 0.352897420953904 0.424178530942577 0.444336057214254 0.448677602486797 0.494655036754491 0.394687679067673 0.299791986021707 0.224001269392558
0.307476979811169 0.28864756089567 0.303089140129396 0.275306749329468 0.561240075637309 0.47504883714478 0.616964514011597 -9999 0.719783167402254 0.536972012661767 0.482420138619848 0.318958494129133 0.282702888165558 0.229930199478581 0.19726551800043 0.195500255231261 0.201462687049481 0.237529031134197 0.683341975275828 0.493877976513599 0.314462911312146 0.189190469739479 0.23310939949355 0.305098975381584 0.429833968738399 0.403062842399485 0.492385464240511 0.422171765213106 0.38181730316216 0.360414693712525 0.37523825651037 0.283596669364699 0.299110053965473 0.195228079970451 0.282063343515365 0.275724730278624 0.287027077351742 0.279939306016517 0.35125349317619 0.234517819241708 0.236555066029104 0.345476047248435 0.380346345625752 0.473172754770121 0.32204267919605 0.307193451510537 0.363631917090231
0.313278492326216 0.249141047323601 0.28801682461697 0.272964775498989 0.26637687044437 0.355077574040785 0.371259222754582 0.556432476991087 0.759297167147238 0.624382067432 0.677724408656291 0.551073879062272 0.286181425417496 0.283191153639035 0.351689641361786 0.18882242593354 0.189971037763101 0.227323658325822 0.319646725849077 0.233912279238671 0.407695432291344 0.167797678196463 0.200613949300288 0.205608173895233 0.2623081384359 0.353016335871887 0.343875395651491 0.304881548067668 0.321263198144294 0.258870984756222 0.277278140992539 0.405311008296779 0.242331022544424 0.206270049261534 0.213231779426715 0.245475833910767 0.217596777151762 0.209830992308547 0.262559175281261 0.260324954634575 0.328653474936654 0.269032808170728 0.329138297231208 0.337411884301026 0.33577670401044 0.260759381991106 0.284099734174367
0.275027054460453 0.272402545383514 0.293032817114589 0.244483293563021 0.324746142285947 0.340516267540557 0.450353720664725 0.556459293758372 0.612649744728031 0.404707705309161 0.415434980015385 0.466057073746098 0.42040226145114 0.282604515549194 0.278168838974191 0.262593678577497 0.232060408787371 0.273185420322596 0.281607944402248 0.233730246313926 0.207192735846489 0.233464601319453 0.179150204594448 0.185829687777343 0.264713013952048 0.353039451176844 0.462815087708955 0.429836331050194 0.416143999711247 0.389439300214897 0.225860890996995 0.297412822926988 0.233675082204768 0.181684275291958 0.230297037919252 0.199267061486534 0.222814702706641 0.222950309285101 0.255526535428957 0.397989713723563 0.386208734936365 0.313273962033033 0.337740009761558 0.349959316650956 0.258463730728454 0.272139670258079 0.275972395516338
0.291764141641169 0.230671256625964 0.254191905173969 0.291622440919177 0.26073755691643 0.292499877357835 0.24954257110059 0.273336821260684 0.359413637951328 0.360486439478889 0.24779503085352 0.280727926972234 0.438293587330228 0.477697811029359 0.368932450429995 0.268917103085153 0.287551828605697 0.259948490305615 0.245493544901798 0.223066281400343 0.27376712131045 0.262231551008769 0.365730131600376 0.274825504047102 0.224076340273502 0.327314075278438 0.380327718517791 0.25472917773946 0.277203719957072 0.235662798817549 0.213043900698827 0.325830832405722 0.220809654787608 0.307420871609394 0.212386915365682 0.202015240265968 0.197596160470045 0.2573256194965 0.253658222133982 0.220932215507973 0.216721382004311 0.256623802882743 0.280359248407095 0.426060607994847 0.371004678931923 0.230469605381631 0.256405196855023
0.228015393909111 0.216173301022597 0.208274340468361 0.273371780939297 0.258149859425006 0.266433240203136 0.249893432265802 0.172375943476053 0.209923726086439 0.243910059635746 0.292310267023421 0.320689045499096 0.370906155526148 0.283918151519849 0.29596762829721 0.242911442769719 0.221781924597342 0.247900012003181 0.194730116146974 0.302374711324293 0.267056203867985 0.204694213675752 0.181974591223267 0.211887253685737 0.180302404585456 0.316051284718002 0.414006416340967 0.507609360719105 0.39453261650224 0.366851300985666 0.299668337567282 0.25549412375901 0.218673056867218 0.253957273443027 0.217643902215243 0.231801288332641 0.285345390644116 0.263718600917117 0.244176847481359 0.289546809498157 0.24931255311058 0.242824793161966 0.2601896945666 0.272777127841857 0.362617685506637 0.287138127857819 0.208434720786044
0.296335569696485 0.220969924313409 0.232413764602712 0.285604046353175 0.34890165740809 0.343031131186724 0.184947579384874 0.192768979519337 0.151767157817379 0.203865539563376 0.352226885084945 0.261280552570219 0.237087649024476 0.222614364806556 0.291163324486316 0.269239522417123 0.230855994715021 0.182607297060372 0.190347469930616 0.397897879576586 0.16737221278551 0.209308258086646 0.3039678853314 0.283676128739055 0.310467342123071 0.318210659990144 0.311901541014173 0.294857994127857 0.257636711478708 0.215705306093109 0.208799177857237 0.225357004551801 0.284361750317267 0.321345649370309 0.219531056856759 0.236127550536992 0.218343555741245 0.270116609814057 0.33777747577708 0.290583650173572 0.216245534831342 0.351343502175801 0.283839248602651 0.255972220304819 0.257313321096146 0.255247769177887 0.339789838549233
0.453945571132105 0.324883544348767 0.261209008094391 0.279452632604944 0.257761933536334 0.465618260380343 0.293147437131071 0.341566067853301 0.297815786086929 0.38586643165767 0.283403875988387 0.262372952690638 0.401614005215085 0.404314097914873 0.329454455503839 0.221830327186708 0.207540121359316 0.1870940578047 0.179730195757942 0.210898066514665 0.306283478998895 0.318097895157235 0.363137315464846 0.276235053584438 0.320325505573311 0.346148493232185 0.403062111199383 0.289968947752538 0.213428560768273 0.195961328441839 0.218729684073398 0.323186945575311 0.349397440802547 0.24316578966514 0.217056259711901 0.24651564300013 0.187470001235586 0.186692971961296 0.374597425717357 0.23818662535756 0.21463776888559 0.25740945077818 0.217643203386628 0.298319120419377 0.245764904192667 0.200577609662562 0.223296541411268
0.262815574648332 0.252648521651896 0.287076081794078 0.301409118047303 0.269111431541966 0.364115534938968 0.286266219922071 0.306630970953088 0.358593949559197 0.257173663395003 0.173262446367195 0.213928639817879 0.335178193839745 0.468867592303818 0.522424808920523 0.418528130915798 0.30459113264814 0.281553131725398 0.257941927164856 0.301240493481592 0.336312543269886 0.423386471866429 0.397968299568834 0.33024375848283 0.225170153279212 0.250159833389258 0.39777298938451 0.272107983272342 0.315309357133473 0.205320378816293 0.212263548395575 0.24660194281621 0.283770376631986 0.259491703881116 0.224930392693135 0.218820268151521 0.198020327837966 0.201811305267637 0.193302055672874 0.197573142821436 0.279207642705985 0.198732157216077 0.213242494152054 0.225856475956431 0.189422996539061 0.175684460957924 0.164816775139051
0.301761886907052 0.249126650790621 0.202126528841747 0.241420549756186 0.371401609399973 0.368041422962322 0.273483354315768 0.251368655559449 0.259739777799816 0.267668548859506 0.318758572192143 0.345293016649571 0.454714949956645 0.453708695488999 0.316958260404126 0.304996136440836 0.321474943959941 0.377419193306849 0.271413568818891 0.21820943249956 0.267739987403245 0.258525131596878 0.284759874518533 0.262918395552781 0.219479528080545 0.271021148804328 0.30725947255309 0.281116179300083 0.183447983408755 0.160202833330246 0.171478331097736 0.187735473499579 0.216410897311659 0.224487391095025 0.222459444682732 0.247276228562547 0.242605283321499 0.229068432247572 0.263056581469423 0.176891785647702 0.191910857384219 0.215630776883125 0.177161318655595 0.16876104155889 0.194845696774246 0.165696590871593 0.151057699673888
0.273484151107055 0.239355171959579 0.245997243771298 0.221791184418368 0.271765373402299 0.298284183423938 0.275710672014966 0.211474242510128 0.212858898881616 0.220547449419824 0.247118086132331 0.296848984057439 0.24538938933224 0.222801100414603 0.211472372907062 0.234478958486073 0.321170091838176 0.324042274218999 0.311112754510372 0.198506484849384 0.331778524827646 0.337698096946925 0.3208004984924 0.33574863799489 0.321792466623571 0.253824035299474 0.359515183158436 0.265589738852633 0.281328843233393 0.231506934936822 0.192945114387709 0.221481307906798 0.187526398845767 0.262762405999666 0.197504756410215 0.227686762023677 0.23875677505251 0.220011372439731 0.242916756069396 0.230148556012635 0.219421058022846 0.17498898262182 0.183726446221181 0.238613209367475 0.202550683909549 0.160702660821857 0.203787580559722
0.285589052713527 0.271710296416523 0.244472685172134 0.215819400555183 0.29025394107153 0.305127714164515 0.38505483829937 0.210148304242247 0.188836865838665 0.267078828847802 0.200170391288968 0.303859287089276 0.285511264602902 0.296895263737074 0.290575686066839 0.228157782331786 0.236542806658806 0.327833936060963 0.262941866713385 0.295511485478937 0.270197326275205 0.257995751465299 0.287196565601002 0.23550010129337 0.237517457010177 0.261946921291686 0.237824103621586 0.23209929464888 0.17788510146255 0.172349294845334 0.182168672991488 0.178088138198453 0.191562049649974 0.224319468469266 0.220090897775082 0.213940657945054 0.257913383344555 0.309736481185336 0.273946306716632 0.246517200961855 0.223557352260133 0.185537604566279 0.186741643990539 0.234122358575701 0.19666243380097 0.195469025224203 0.207211590404334
0.277023880652723 0.260488824527471 0.256329111818289 0.223443694622434 0.242757106526123 0.282508399264461 0.265425197279304 0.341200935537971 0.257425775272034 0.229238472206835 0.22321042049784 0.294754087829218 0.266401238701382 0.32619873590394 0.295213504444885 0.32163777000845 0.293700794495973 0.353817152137281 0.307677424127519 0.337912036118454 0.273909140476732 0.277943677539417 0.323595521583114 0.247166737431692 0.216850840961447 0.282692675129922 0.179332952816942 0.210460341932024 0.216951951496342 0.235007568757775 0.25394518832179 0.2182845748332 0.218929668638824 0.233630345491246 0.274140178138276 0.394003261773764 0.264341068664048 0.288015011464479 0.250074191617132 0.280525322764857 0.246814853602146 0.222833544425439 0.218134089352447 0.197045733300101 0.179062062992462 0.182770596115839 0.237651454030995
0.318600546007337 0.311916249951344 0.298335423806497 0.238956674833461 0.243423165067745 0.224974483262755 0.197084575933017 0.209118113063859 0.236047173653164 0.256221310605503 0.210648232936709 0.207520546520215 0.203191659664104 0.254256355259643 0.308687496756155 0.378365357228681 0.338966475556239 0.446833571469425 0.407370293059439 0.424303289301738 0.332941798397053 0.444561805138034 0.441828303876791 0.442463210851704 0.386971080198853 0.371740288208401 0.324341273444956 0.225451456354922 0.203862063330599 0.183693846883257 0.247435983215258 0.252643727267194 0.253342035006847 0.250731339466873 0.386443292177842 0.293101500687482 0.326956967203073 0.317251192536271 0.294096262353393 0.237095999874156 0.238490317704702 0.236191178699321 0.197148012870897 0.194568261465182 0.186943448373613 0.192749299508064 0.267148909880997
0.356653956578148 0.308900161150788 0.328561801296543 0.260776405385693 0.261352140707198 0.284487112486037 0.225720761536843 0.247005305672932 0.247645281550999 0.245770834666391 0.228091162468159 0.205244454381204 0.199320330384915 0.340726696573344 0.315478812396276 0.284078531942943 0.266489940265345 0.318653505460375 0.320560962238687 0.329154946068511 0.24275590254458 0.268179203295218 0.306724117556524 0.277478577414141 0.28110284605052 0.223334828868322 0.186695007592687 0.17901104545565 0.209238759502803 0.210291440158087 0.241987882744276 0.274539997256644 0.280126196778983 0.271047246410805 0.288119790371106 0.304076169366498 0.252375087254688 0.247125319666122 0.240019926039431 0.188743454447577 0.192207856723059 0.228118650738814 0.212940951933603 0.233536070274368 0.205582330278813 0.198101708194144 0.281166518389525
0.316023302797993 0.314257328964647 0.276582854645818 0.271427935511729 0.272659204112704 0.318752718639011 0.232389979179031 0.251898836938621 0.226829219718049 0.265577135689743 0.261932802553454 0.219976620145523 0.310695817791616 0.38371796688981 0.277612764873327 0.23981494197432 0.362888977384122 0.439703975540793 0.293759181389786 0.233545492721612 0.250019001197927 0.262248692441766 0.290515131330462 0.271066025390298 0.289479757931277 0.241703122829788 0.285121654273217 0.291392251833524 0.19882899049059 0.202039651106617 0.218363687832837 0.215796708453488 0.285219565384253 0.294086913954536 0.263657278412663 0.274782400086935 0.249224529115643 0.220360119172667 0.215235979235085 0.328780395547521 0.243970795765628 0.217561752488875 0.226438386237343 0.254663494492816 0.237501647327183 0.26604240779725 0.298491627663473
