resultados/modelos/glm_backgroundw.asc
NCOLS 330 
NROWS 228 
XLLCORNER -12 
YLLCORNER 34 
CELLSIZE 0.166667 
NODATA_value -9999 
[rows 189 to 209 of 228, columns 276 to 321 of 330]
0.015682474999872 0.0437086828831391 0.204316168746938 0.276972037002024 0.100753811088175 0.159800054508413 0.168984396600358 0.228754471599904 0.152197839430374 0.0968534482545859 0.186542040039796 0.215676567547571 0.168737661507201 0.329790533868292 0.519222318999283 0.536640289437577 0.538194814188174 0.591550968053834 0.687920580603847 0.607069045226939 0.640815686880181 0.578558407214453 0.636617729418675 0.671815658328758 0.545235928066364 0.304022489107796 0.311812875134894 0.327594570722954 0.270029202189157 0.367719152258927 0.261798964330671 0.373121477414197 0.31043141353683 0.240417012269597 0.232846784630324 0.18837945445026 0.158020157902984 0.156883271091658 0.155844787861773 0.142859001658067 0.125801195123745 0.106599677819994 0.0959970951717542 0.23665218291477 0.136482446851616 0.158779241177576
0.0194510251674464 0.0388431383968193 0.137800121680523 0.100094470205131 0.0755729360870807 0.0856739708023266 0.166026163127976 0.124032886240266 0.124070865827673 0.131039508266318 0.119380348806729 0.0798680241684252 0.191897101400752 0.207488900699331 0.228686168758574 0.301457930506982 0.451434880955622 0.565600026708109 0.62690288312874 0.630527645161783 0.527848809412825 0.49043359859949 0.317990154981165 0.370281507731821 0.279970440375291 0.279881648980628 0.258083955488917 0.239128150092631 0.233841086860666 0.189867556967156 0.178699075892893 0.270018140703908 0.176218929771688 0.160139265022777 0.144336595873973 0.0737712533307566 0.0444047103698545 0.0803627562400588 0.12019201286855 0.151720332299493 0.140390516981683 0.125122155979681 0.170356221383433 0.186813603776922 0.188284284252255 0.186827959424087
0.0260678181306189 0.0539496393533518 0.178772194065073 0.0949397854478383 0.122589434626871 0.0510696667126217 0.105782746944792 0.285648886959571 0.166767586392894 0.100110787484748 0.158861529323436 0.230537177214141 0.137976925553895 0.122361235042004 0.0804408971311647 0.232370449300627 0.124323789607609 0.214880545595222 0.185490404097337 0.252163861123168 0.28323327255947 0.253027924078082 0.230445018459481 0.205370014707647 0.226858658409465 0.2337013121476 0.19836063001538 0.153693445758822 0.168092641860322 0.175910965258238 0.136389854526584 0.173177675594285 0.133742440132741 0.084678158170245 0.0882562396468675 0.0925406996747477 0.109956401571744 0.117125258905913 0.140701932839147 0.13948490989875 0.129145161852683 0.148582054695581 0.140602334501655 0.120788823874045 0.150783873445747 0.0829909506401686
0.0403252406136208 0.0957253992383789 0.122274751727456 0.139448253137413 0.130405805782098 0.105294571023925 0.0821766022794039 0.10948509393763 0.15695286320203 0.07186840203777 0.0748919035501325 0.0919160304741094 0.0947814808201376 0.0892270848801966 0.105660408870339 0.117892278273237 0.113026404314927 0.0958294787253564 0.114757398889436 0.143987285183674 0.131764266760356 0.112450502856262 0.118478275654146 0.125117991497309 0.101672731718948 0.140746840424923 0.151652512974859 0.197395300451034 0.170381118586918 0.198700338591971 0.151903374098628 0.146524378340738 0.133713938024678 0.184332870988548 0.146676616835055 0.0971302004048146 0.0556089549358813 0.0886103323711015 0.107472736196124 0.080434113832006 0.0805523560747634 0.114596125483562 0.0660268005652123 0.162205011009988 0.141182578337644 0.105152054841978
0.0639553635414708 0.0252066086249974 0.0261927988698497 0.0287746019555015 0.113363360436847 0.115266806271882 0.0849263226532266 0.0467540824165735 0.0570774058366639 0.078907636931434 0.0651171565264969 0.142285682460255 0.235160997784443 0.244503737542683 0.0877371362541862 0.116866183278254 0.0520075208474096 0.0845788807621582 0.0599689950543208 0.0839726261751995 0.0713595652937313 0.0490202175334458 0.101898379758223 0.0919800364151268 0.0583514735232212 0.0583340889172177 0.0814772485855596 0.0813685036665376 0.0772799075696273 0.0966095099360024 0.100448087825563 0.116429107894792 0.0632420544106082 0.00850896316128584 0.00879848667044383 0.120269776896525 0.0970874239715754 0.0223665321757982 0.0415222907112267 0.0955413997331912 0.130830794782819 0.0745133428520302 0.120202537787522 0.140274191298243 0.10211281782533 0.114075817144133
0.106190082437084 0.140361991778081 0.0604379976450074 0.0387183419975687 0.0858059102786847 0.0573260610200858 0.0386366795381402 0.0557031353999071 0.0601499764057109 0.0778884411020964 0.237132523118147 0.388313707294974 0.263364620570914 0.0996470875437916 0.0683819308346246 0.0651777772917934 0.0593172235173154 0.0565414591810012 0.049354822779036 0.0542380220094591 0.105119025442212 0.097248321293763 0.0543975927270612 0.059498358837629 0.0376917019399869 0.0519294914454302 0.0490315328865541 0.0606692498885268 0.065435952866883 0.0705207821750669 0.00703474753085179 0.0118455335304688 0.0193668317806758 0.00155047148169947 0.0121182537611755 0.130496825696595 0.102996377727795 0.114886932919708 0.120263538723151 0.0984253244071711 0.109167555223009 0.0554425269977303 0.128442486551927 0.100281619148655 0.0444343154503435 0.0642990793340443
0.0900128543181548 0.0528863799587977 0.0562725579177503 0.0429937811033341 0.0362881461123661 0.037904834094767 0.0578216974095376 0.106565846565077 0.0481291915052325 0.0939356770592606 0.238886804677029 0.17211425880652 0.173903128528742 0.122754191497822 0.0852301298004797 0.0749901742656314 0.0824820696042351 0.0501783738349789 0.0887659476939562 0.0904491749867767 0.0774855506559826 0.0590336780593024 0.0366126307593428 0.0400710459507447 0.0454405599378788 0.0381458534299882 0.0462108084762356 0.029634284997668 0.0540657859918685 0.0940052486487205 0.0142778609606039 0.00612954835549877 0.0765483931816218 0.0916787334595249 0.096689693081619 0.160651196753992 0.137815812175926 0.116022462407148 0.100179705106763 0.116562194664236 0.106997176339335 0.110699853516515 0.0860167967954313 0.0895727199458144 0.141947911100241 0.0795421920874241
0.146056829077857 0.104897446442509 0.0380765095518365 0.0317176305110515 0.0413967426807614 0.047608842153538 0.0887811942628111 0.0575954841033135 0.0612552886950213 0.103056329866925 0.169716750573978 0.0803758831848687 0.0406146043911067 0.0732733922233861 0.0967086245272777 0.0579972266866123 0.0882171420240573 0.0643156388019242 0.0471749398376195 0.0395473279991629 0.0338371242640876 0.0326566183524697 0.0458594835818214 0.0393340113346492 0.035927484364896 0.0358997730292581 0.0374885049024125 0.0426580258319006 0.0065142862146599 0.0636066458598655 0.124527282639255 0.159286328596337 0.112155576175108 0.0856390606048556 0.0865983175423813 0.102780988367389 0.0976775715040462 0.0603035482317282 0.0485410456534729 0.0737225182839183 0.0970529768138415 0.088618174088627 0.0361329213807578 0.0627477700762106 0.0284106283278733 0.0891307575346165
0.0623814493755455 0.117427782882772 0.0627078400824701 0.0476129835207053 0.0340925853387744 0.0507996790090613 0.0409238964556142 0.0545628584218072 0.0789292433226118 0.095355643336583 0.103190853212449 0.0314347209291391 0.0370777488753407 0.103607295141931 0.0499987354664326 0.0386102880903625 0.0363446065077961 0.0312330006664555 0.0415326022089901 0.0377048453494843 0.0419594294676583 0.0226743088174575 0.0338105968119428 0.0515138964907568 0.0405879158247562 0.0305481744202355 0.0353397690455033 0.0304020324675654 0.0467804786578246 0.047433409680766 0.0606769335453774 0.0704029471279545 0.0548483767193133 0.0332374657446971 0.0372316907863768 0.0193403418273798 0.0389709328981228 0.0698162666170861 0.0321507670208765 0.0512582586102382 0.0606982129115022 0.0876389520784793 0.0497287658724433 0.0865724319697117 0.0504799733023192 0.049230662652586
0.0376332421346836 0.0239053515074524 0.0524529741038936 0.0881452489392231 0.0978428752350811 0.123258793788402 0.0552327575248629 0.0667972303397043 0.0880882815666913 0.0949411877514978 0.0837199251774103 0.0780443021114285 0.112440297703893 0.171119239312035 0.119190474061701 0.0431997151501331 0.0546937507974281 0.0596567054799755 0.0631151786826016 0.0497448681321474 0.0421436411932284 0.041417780136845 0.0334450983328359 0.0311443114321616 0.0333696285648587 0.0286547236381484 0.0366719571058851 0.0275030347970723 -9999 -9999 0.0303015817354013 0.0516098097523754 0.0380221668934888 0.0140673771137636 0.0183087424760916 0.0110718809904539 0.0153722815014745 0.0532669892241062 0.0324473374748174 0.0211398248154166 0.0248577168319725 0.026382626026845 0.0404425438376611 0.0352328635755666 0.0250773765870622 0.0339645148555004
0.0900455537800408 0.054884500014666 0.0305152875182403 0.0718289312746256 0.0717091888226457 0.0988121486328374 0.068436690752181 0.0756931905784295 0.058316241567012 0.060855264830277 0.112738947183123 0.0660403600823923 0.0463016081126604 0.127190235943572 0.098681059228341 0.124054824284852 0.120883315230214 0.0603896842800506 0.0439921287035913 0.0578057230757541 0.0536042642792083 0.0405758763489193 0.0388068098331957 0.0361836559487609 0.0224085217754362 0.0190496657012707 0.0213985791906949 0.0192845997093783 0.0352993502591913 0.0206737583439028 0.0107111090916418 0.0264472656050701 0.0316431026729509 0.0178022910824099 0.0103747241260855 0.00589731264635653 0.0177362548341565 0.0265208514890116 0.0181998029946554 0.0139713250759299 0.0341562928005722 0.0717438213075811 0.0464841427098532 0.0398142702619721 0.0265799598454868 0.0230225557978634
0.129318680237679 0.0832462293159157 0.0711589688874615 0.0950086996152717 0.134684534665829 0.165181737370277 0.13834406372747 0.136623898358971 0.0348323296141361 0.219162574366255 0.0418847323478338 0.0869458716506986 0.0351119009336513 0.101231236374253 0.128444587503747 0.109507557210012 0.074611657511823 0.0571863342716009 0.0537721327497281 0.0587107192239657 0.0492485767823113 0.0392064525842565 0.0428111414222201 0.0287994918107176 0.0244658233170175 0.00592068071518115 0.0323084879356071 0.0242136427229705 0.0302234605331131 0.0326419135931825 0.00969053437050819 0.0147240568616471 0.0447100725273635 0.0329527398230418 0.0187044153403777 0.0212744418786008 0.017161657903907 0.0112082404980274 0.00565462135885506 0.0122539984642943 0.0158980709894148 0.016431067767256 0.0228675681945324 0.0558089194564623 0.0623860525670163 0.0828080937004779
0.0449834986353421 0.0349452695761369 0.0554188227654754 0.15189116508212 0.0911697053075883 0.0740871781094354 0.136766867920443 0.0467608967812271 0.109601241800561 0.139193111090497 0.0674881065387534 0.0555080603207776 0.174731828337728 0.184391027589174 0.164402918855341 0.182569444869 0.134244902207093 0.0485807703691079 0.0571343414572459 0.0492949641076986 0.0331243965601016 0.0446004745122434 0.0382405961082479 0.0256044520808052 0.00741262574936961 0.00565695784283472 0.0138970901817595 0.0179336410462133 0.0259798392844197 0.0404973741787752 0.0412917730299939 0.045166456469988 0.0372340970903198 0.0175497434903436 0.0125298608348816 0.00332439657940012 0.00491904401116911 0.00338130946979778 0.00342349902255146 0.00388613616092243 0.00297155118006456 0.00160990277756638 0.00428103116643831 0.0105448667574355 0.0194685114766251 0.0732110801844259
0.0522071463414809 0.0748288317779861 0.154176730401424 0.210328297664905 0.0465293104583479 0.0503639914779123 0.0838552747268549 0.0178107067626409 0.0893905292117926 0.128625408168343 0.0894770028447054 0.17089643896413 0.150898333382625 0.101121506831413 0.145813122112843 0.173592421925967 0.123130362964202 0.0230283655224418 0.03143882171988 0.0134491185859451 0.019065156412133 0.0359734533497246 0.0608267247622327 0.0278624419907713 0.0232835497610659 0.0283546068128313 0.0329262345106689 0.0348939253025425 0.0135100794912729 0.0234869039285103 0.0243553999462329 0.0234285911982883 0.0167907709983973 0.00623080527012584 0.0038022505916893 0.00239960662273496 0.000976076672843892 0.000658307129071411 0.000766090269365532 0.00210688995264354 0.00384763752088472 0.00368624694563168 -9999 -9999 0.00930664279186045 0.0115264451242238
0.131365342888371 0.169577685813342 0.256090799587339 0.279905652935266 0.0556320796307939 0.113253202063132 0.132959260187812 0.138005437777431 0.159977161701278 0.0998764292409645 0.250035807057925 0.22199714926537 0.209828490625701 0.188388667571923 0.19090153616746 0.114182428732997 0.138911871952648 0.0517666025161659 0.0290831070846167 0.0491240308318286 0.0300389604238357 0.0608987363694848 0.0415753706219689 0.0311903663569551 0.0517218583598555 0.0482434470885353 0.0385727861234171 0.026122170320783 0.0243522776708362 0.0218638075544349 0.0145361394431817 0.0122452206060749 0.00573011008597965 0.00228924665998598 0.000882620027621027 0.000706983707953331 0.000927816777474522 0.000782576203584435 0.000729134232134021 0.000570351557240787 0.000674455202377883 0.0008853746465809 0.00213123511188111 0.000760401625724922 0.000738135631369546 0.00239960938604771
0.0203783504537617 0.0250596459335737 0.0898832135563644 0.116848520393582 0.215411045745798 0.275849198823691 0.22351777567707 0.361590856453499 0.206906440591559 0.189915304294585 0.224397106303436 0.111776959030039 0.140278274727926 0.191231242390774 0.184155060589876 0.105631438748976 0.114424479292452 0.0347226982528979 0.0903725902908005 0.0656442554334408 0.0419426314900185 0.0315886879137208 0.0226985927924783 0.0407419234675149 0.0267253705554241 0.0200668576633692 0.00985796148168588 0.00600507228516777 0.0107170750955803 0.0053585052442614 0.00479848915706969 0.00258456787390172 0.00326316346871509 0.00561566429515742 0.00276485575012092 0.0017173474964725 0.000906609213614656 0.00118032203709051 0.00058907246340552 0.000660657804566124 0.00059332650271433 0.000631276960936624 0.000622686980940043 0.00108355260615157 0.00114145241540403 0.00244630323297787
0.0156229320241852 0.0112202194481473 0.0190559949633525 0.0726882092855623 0.161386915319816 0.232712691668781 0.024404655807511 0.0096099844311442 0.188245963399487 0.177733275317167 0.0981163484264152 0.0780479765856445 0.190835718388546 0.239010869211489 0.207806383245802 0.112220142654298 0.0224951992054052 0.0248263584615477 0.0217226394717374 0.0595384863548702 0.0276368943919579 0.0153639075609041 0.010154291115391 0.00906430505137152 0.0037654977620882 0.00311550806100548 0.001432008156548 0.00143588547511464 0.00151352822750366 0.0013123309539209 0.00150055659264088 0.00132340638393018 0.00263224162349722 0.00244391343146416 0.0115444680363958 0.0102556956045271 0.00113871024157364 0.000800582857292105 0.00065203768041135 0.000528181873783646 0.00059689039874324 0.00058204107288687 0.000694051749909242 0.00173133715452855 0.00223740901446172 0.0017682192186277
0.0141781882930038 0.0502939082487312 0.112951910815804 0.114359375468468 0.169245798220768 0.201857775144661 0.205417439456127 0.171687998504738 0.141108901231431 0.0515925584235358 0.0435407383717668 0.0344213904905642 0.0460066197667513 0.0819468147496099 0.0971318802785332 0.048030773929338 0.0135319469833166 0.0157760597083946 0.0106779454899992 0.0325959558297779 0.0080513439287648 0.00369398240503693 0.00323809981219033 0.00162861903930076 0.000939620242901987 0.0010504672399251 0.00151538874992385 0.00186102235781781 0.00127231884763419 0.00115946919438244 0.000946408327306342 0.00105812534794814 0.00120065121658517 0.00154256030411714 0.0068052828836093 0.00786895235338493 0.000907678775229517 0.000904301400524013 0.000899388097439661 0.000876209405588095 0.0010347496896717 0.00153446605477563 0.00155101492030602 0.00132432299424403 0.00148102858139073 0.00182913999802044
0.0672307412852486 0.113533525046446 0.108900170896618 0.0645779386616196 0.108393040113383 0.219715509268896 0.0867745985758541 0.0621672262846192 0.0261994251118454 0.00430794140773852 0.00139667485796141 0.00471564154830471 0.00295635017597995 0.0103551323232572 0.0607697190437994 0.0943571538273886 0.0351361243318958 0.00421520775769016 0.00447483932148785 0.00802245507225025 0.00649470557278075 0.0043808875408898 0.00198382386915767 0.00134625158729849 0.000680175579135097 0.00064393507091413 0.000964883327767026 0.000914360002800487 0.00102460358626632 0.000817239302532275 0.000745157261445561 0.000774588365242718 0.000859729261764266 0.00133448146739753 0.00159437958021575 0.00144825835399727 0.00111935091481621 0.00211808488380029 0.000884972078250202 0.000877492370448258 0.00119486334502284 0.000787749254250066 0.000669492802548914 0.00046986367946491 0.000396147228136536 0.000503613509254356
0.410160763798508 0.507684739012281 0.025580945306234 0.188727138712658 0.165544719483367 0.0715732082457044 0.00719482479167023 0.00303957037401181 0.00229359469759674 0.00204001930961104 0.0010488755312697 0.00106467278870678 0.00326023877933474 0.0120508681152207 0.0237428655863796 0.0930247641066743 0.0282983310078959 0.00834188047793369 0.0149915723058805 0.00495602851423382 0.00350576575103889 0.00260256631122992 0.00138327346018667 0.000862279288906267 0.000565169522093069 0.000546469043569919 0.000577078840851887 0.000844882280490215 0.00103591417431348 0.000918120182940032 0.000687436320648248 0.000648812000560098 0.000495831478219036 0.000550626049708347 0.000683599243375238 0.000486961228560688 0.000366749555342502 0.000598779188054264 0.00182777538909159 0.00177391362363889 0.00115309275578952 0.00118284094048652 0.00103877801716906 0.000747117526882496 0.000694520786074284 0.000903541107963696
0.18973760796562 0.446632780804043 0.231242720945148 0.150209336163193 0.0561881520787903 0.0152270127891652 0.00321894427255227 0.0045716518318402 0.00320545022960557 0.00270221890174145 0.00191228571494894 0.00432948437345524 0.00887125902169212 0.0388009338595381 0.0877807325007481 0.0715438130057204 0.00814500430403854 0.0186036888024842 0.0198112742100716 0.00596793698261387 0.00306242214205892 0.00161564583971861 0.00136725277759486 0.000630216594197105 0.00110565105803492 0.000747148819918748 0.000579226980553088 0.000706032737159425 0.000706976746186736 0.000380166454588236 0.000301248909826336 0.000699133712379081 0.000340020541728587 0.000290147456420361 0.00021115338594008 0.000184554736164568 0.000142726561299169 0.000162822953943683 0.000180739417705534 0.000195834379823364 0.000247486142224333 0.000224225499289273 0.00025707178986347 0.0004468246540138 0.000393159492185314 0.000227320050606688
