resultados/modelos/glm_pseudoausencia.asc
NCOLS 330 
NROWS 228 
XLLCORNER -12 
YLLCORNER 34 
CELLSIZE 0.166667 
NODATA_value -9999 
[rows 105 to 125 of 228, columns 46 to 91 of 330]
-9999 -9999 -9999 -9999 -9999 0.647387210721141 0.591116439176426 0.599030891020897 0.612942215959357 0.365354343432789 0.208967362852324 0.281388276684025 0.4107703356042 0.54185197807741 0.524825083460984 0.270747574215569 0.150753958760391 0.192891110438094 0.598470790318947 0.704313945869882 0.614782104860335 0.615188977339115 0.745603965541054 -9999 -9999 -9999 -9999 -9999 -9999 -9999 -9999 -9999 -9999 -9999 -9999 -9999 -9999 -9999 -9999 -9999 -9999 -9999 -9999 -9999 -9999 -9999
-9999 -9999 -9999 -9999 -9999 -9999 0.554209404913379 0.398728280849714 0.431056540027056 0.148275040109262 0.197654439786286 0.386836596523844 0.341810021385206 0.3582578855837 0.452804717921523 0.44622187421405 0.172610771836492 0.140315889145593 0.492899670739883 0.514296583858913 0.346503875053822 0.355985975021027 0.461687015080108 0.480654537167925 -9999 -9999 -9999 -9999 -9999 -9999 -9999 -9999 -9999 -9999 -9999 -9999 -9999 -9999 -9999 -9999 -9999 -9999 -9999 -9999 -9999 -9999
-9999 -9999 -9999 -9999 -9999 -9999 -9999 -9999 -9999 0.31959776063874 0.427339947114428 0.315711944931184 0.203011885605305 0.2061223974741 0.570575149232995 0.413940864513347 0.219713051398921 0.14482041107769 0.15019166953894 0.197829086153519 0.206119698680186 0.27055132959625 0.143499573246014 0.139470153836886 0.265533250997623 -9999 -9999 -9999 -9999 -9999 -9999 -9999 -9999 -9999 -9999 -9999 -9999 -9999 -9999 -9999 -9999 -9999 -9999 -9999 -9999 -9999
-9999 -9999 -9999 -9999 -9999 -9999 -9999 -9999 0.193906455131715 0.237158795210391 0.376930302405465 0.214635811640667 0.149887854097401 0.198090077029454 0.283137495838195 0.438997014464927 0.275229481438371 0.248200326491232 0.155382394202413 0.214269727345911 0.138450259461558 0.23027842680166 0.151456743109394 0.126642377265804 0.1139928083121 -9999 -9999 -9999 -9999 -9999 -9999 -9999 -9999 -9999 -9999 -9999 -9999 -9999 -9999 -9999 -9999 -9999 -9999 -9999 -9999 -9999
-9999 -9999 -9999 -9999 -9999 -9999 -9999 -9999 0.343599611802196 0.235077821364395 0.262853614792593 0.311979466440377 0.178629141783071 0.241427640061347 0.296424183333016 0.416516185786124 0.485236627160859 0.414495014565359 0.319011662231544 0.182514405388753 0.166323990823765 0.161229825206356 0.342790545045436 0.40961232465495 0.26379582519565 0.142052398230017 -9999 -9999 -9999 -9999 -9999 -9999 -9999 -9999 -9999 -9999 -9999 -9999 -9999 -9999 -9999 -9999 -9999 -9999 -9999 -9999
-9999 -9999 -9999 -9999 -9999 -9999 -9999 -9999 0.372095969980241 0.392787587488027 0.459672452987853 0.319093806147135 0.271842490307342 0.297571184436396 0.362048222455611 0.392868658582079 0.35210255052607 0.368677234158448 0.278249391548433 0.208449697619166 0.214959375023865 0.16634785207526 0.313416815578567 0.162764117094962 0.272631650565613 -9999 -9999 -9999 -9999 -9999 -9999 -9999 -9999 -9999 -9999 -9999 -9999 -9999 -9999 -9999 -9999 -9999 -9999 -9999 -9999 -9999
-9999 -9999 -9999 -9999 -9999 -9999 -9999 0.806663602193322 0.624526464671084 0.516207667776796 0.389730776447107 0.268214852941345 0.262814666139886 0.307699238044679 0.461606393291627 0.538205383977416 0.47603804301889 0.427322051738735 0.269828266864092 0.166024250201017 0.137781943427069 0.153726516217984 0.108578831600025 0.0974956050032344 0.146261691437417 0.150063581012726 0.0970372757305981 -9999 -9999 -9999 -9999 -9999 -9999 -9999 -9999 -9999 -9999 -9999 -9999 -9999 -9999 -9999 -9999 -9999 -9999 -9999
0.364834690082153 -9999 0.881996267381725 0.677497061426629 0.663039233182954 0.511297167753131 0.668599665382706 0.748173897308622 0.652911278449447 0.46098047999943 0.233776609703642 0.166308313241398 0.167641818067827 0.255082768805534 0.16573011936759 0.109803224868445 0.334270979047603 0.224591505590254 0.180731817113405 0.270990329032563 0.140678716988155 0.0929561708264221 0.20222608996233 0.148852237784371 0.139685203414865 0.111663843671856 0.125391478254249 0.12359120972744 -9999 -9999 -9999 -9999 -9999 -9999 -9999 -9999 -9999 -9999 -9999 -9999 -9999 -9999 -9999 -9999 -9999 -9999
0.654945653459924 0.686715705635754 0.714674951242711 0.600557638455828 0.474553402806884 0.600304137850144 0.6008678436277 0.7306962026523 0.313632636471867 0.228010315154902 0.145269701411433 0.18954152099458 0.338065902864754 0.166361066028681 0.135050022321693 0.091554199462302 0.162990801576634 0.131109608899545 0.252077975200496 0.186992484314099 0.0989881915320743 0.11723004453906 0.111065121613127 0.106786972006321 0.0869527581358375 0.109197551092275 0.135132855023663 0.253296509837836 -9999 -9999 -9999 -9999 -9999 -9999 -9999 -9999 -9999 -9999 -9999 -9999 -9999 -9999 -9999 -9999 -9999 -9999
-9999 -9999 0.613833971738639 0.584941683611716 0.56663137696237 0.675173114302353 0.579084322534692 0.570320179173109 0.282628016087423 0.229338350587174 0.199559318105364 0.240137689054476 0.244068750781752 0.219544661471041 0.137177992874391 0.0999420797648702 0.110426971855208 0.202462772377131 0.265552304544329 0.185967036582407 0.0954549589616994 0.140468040152152 0.12493835433311 0.109780708190488 0.0898801565365267 0.125355355337008 -9999 -9999 -9999 0.199843649827263 0.225849465665181 0.223361072782947 0.248068053794666 0.308814311411312 -9999 -9999 -9999 -9999 -9999 -9999 -9999 -9999 -9999 -9999 -9999 -9999
-9999 0.753360836628615 0.715759671415231 0.619078120054391 0.578295384236102 0.497071041098371 0.331591581208187 0.333038262713083 0.212095231395248 0.293927462643263 0.258651628864248 0.302984944454799 0.157986587298732 0.343283687164468 0.286204793562177 0.125869664751361 0.150866421559814 0.174530050643219 0.344533657446683 0.120655593235675 0.0925267439847796 0.104278474733713 0.146739073386585 0.149752659454846 0.156807142301249 0.0968694998444014 0.115582811656493 0.136519455618613 0.320686937133076 0.190708811062395 0.118171741797554 0.134779857862 0.12493378894225 0.148303962638882 0.188088817042904 0.209550212140449 -9999 -9999 -9999 -9999 -9999 -9999 -9999 -9999 -9999 -9999
-9999 0.715667428874552 0.70570531373039 0.501335854133082 0.341902334374732 0.261094473647791 0.28246166685822 0.387099591686303 0.535716612078939 0.376500916217838 0.341595524654348 0.366224668708449 0.224053394021893 0.450994240144626 0.430289474349641 0.293880082028738 0.166790221848157 0.121406784256013 0.182260935648005 0.188499160571088 0.0987586434654964 0.149578682119981 0.15766190929586 0.151626653289396 0.29985746197919 0.162396630612378 0.141098947129127 0.137643184826906 0.194439768518344 0.20448910831957 0.168780946130365 0.118600829128043 0.109381728707474 0.211458292334154 0.19166090921092 0.158160780940222 -9999 -9999 -9999 -9999 -9999 -9999 -9999 -9999 -9999 -9999
-9999 0.606245008016105 0.317788237860241 0.34337410108237 0.227426999967345 0.286403107538303 0.280149374993276 0.282989279799645 0.3341727600029 0.305950918773309 0.47700156478583 0.425437628489685 0.414873396816281 0.4485434240549 0.462486927124676 0.285731258686202 0.239514357696023 0.214782169526166 0.126009319478348 0.0914254608070394 0.104614060238191 0.165507659275758 0.149374835276355 0.107610054593825 0.214046750291223 0.13904819398577 0.173996199788572 0.209015959036481 0.194534906176809 0.440639295537034 0.423569781146993 0.190293981498307 0.114430663489019 0.105327789191962 0.125025062703924 0.21935238338136 -9999 -9999 -9999 -9999 -9999 -9999 -9999 -9999 -9999 -9999
-9999 0.338588048824392 0.298747420129616 0.22979963809473 0.286990797924478 0.192140162399255 0.275390165065219 0.326828445177514 0.315444834916993 0.227048052265968 0.282943111454883 0.32914541225535 0.216940742695682 0.171478691525691 0.170628145670565 0.147258243463306 0.185025953261678 0.150633248405077 0.158823945552597 0.134236168557285 0.193565152941414 0.167384810432695 0.132154527276521 0.123385059536862 0.176842153512438 0.165777644714364 0.179390053681233 0.189304978768367 0.201382486286253 0.242478140767116 0.220514624159393 0.115857246983598 0.118324670339008 0.102357934435743 0.144403540289923 0.370048877036672 -9999 -9999 -9999 -9999 -9999 -9999 -9999 -9999 -9999 -9999
0.299334871448337 0.328064590426606 0.307011627156286 0.43838064387265 0.205708912249929 0.240829613373696 0.323092684725705 0.463851678220713 0.248675504296006 0.259784696272186 0.184388890246087 0.281364660957737 0.126453257881268 0.179372681232219 0.183533782695367 0.24975332731094 0.162056680863189 0.177890539317576 0.135124414506228 0.134942657980249 0.119201195140083 0.157209467338122 0.142936654546675 0.155828275650188 0.11440060888966 0.156629877525166 0.181075987081653 0.170845806418756 0.21973495406837 0.192154412624579 0.156784682315737 0.126090144151839 0.203430847296994 0.22953108296375 0.254188492128094 -9999 -9999 -9999 -9999 -9999 -9999 -9999 -9999 -9999 -9999 -9999
0.423448899863961 0.311555099133229 0.294688654454005 0.382587002115802 0.21179811223096 0.340187084676861 0.376092934297969 0.60791478674037 0.229716454473166 0.226194556843175 0.270211955873642 0.254556706805972 0.137280731926694 0.39014116220962 0.206468093121399 0.161185871225775 0.181447845326192 0.169219144002214 0.135117388045452 0.103990399069358 0.0847363121462011 0.120197807802965 0.135898998052529 0.141803766629428 0.142386935336949 0.1051909403566 0.11770212833378 0.14549785461577 0.128051290179843 0.171096813724257 0.172188873501178 0.276685161380908 0.198118562414045 -9999 -9999 -9999 -9999 -9999 -9999 -9999 -9999 -9999 -9999 -9999 -9999 -9999
0.406755136333791 0.354793763977817 0.424586892220326 0.488521533709461 0.472614327953527 0.339305457885562 0.292805430212996 0.616606464716492 0.13034722269165 0.369749302000519 0.5551080725602 0.186632742825152 0.330467580484689 0.210773266486956 0.174675843713594 0.138084738071099 0.145126733208217 0.123844306726783 0.212929213122662 0.0808538293529957 0.100586584694982 0.214125322003488 0.146988002748043 0.173718000735748 0.206300653426631 0.236118722701052 0.160415127312861 0.0993830399494888 0.130373133180141 0.166534930863299 0.175988411217741 0.291343722212071 -9999 -9999 -9999 -9999 -9999 -9999 -9999 -9999 -9999 -9999 -9999 -9999 -9999 -9999
0.416911588996995 0.494679937404881 -9999 0.720434485641541 0.475876261053016 0.361864801581481 0.378165915991269 0.646413640764803 0.432356007956641 -9999 0.248606391184578 0.20334293363674 0.141967191866038 0.111198735244749 0.149346143825032 0.226836580960388 0.193963548921515 0.188071469123678 0.140499056565651 0.165361033600876 0.202380043257378 0.278471768536274 0.352185251888598 0.361646344886952 0.419020282175816 0.395851421651152 0.374058892391921 0.346564223988195 0.322389697078561 0.437487196572891 0.306930460880693 -9999 -9999 -9999 -9999 -9999 -9999 -9999 -9999 -9999 -9999 -9999 -9999 -9999 -9999 -9999
-9999 -9999 -9999 -9999 -9999 0.261018497293809 0.464475006858894 -9999 -9999 0.298757908661119 0.349964380252439 0.237181862141396 0.227082706650649 0.162819306783554 0.114534278137393 0.14085934420418 0.149550940100898 0.199821406100223 0.237967887677398 0.215758388440844 0.22352874062504 0.341582796600132 0.379092002893328 0.31549258952327 0.444786722408977 0.390588876329882 0.48791770921436 0.477071535184499 0.50344486045875 -9999 0.451922831868717 -9999 -9999 -9999 -9999 -9999 -9999 -9999 -9999 -9999 -9999 -9999 -9999 -9999 -9999 -9999
-9999 -9999 -9999 -9999 -9999 -9999 -9999 -9999 0.0841937738498837 0.280238070159463 0.248963788815511 0.186865167135163 0.283405462338422 0.125212264178528 0.0718056238660321 0.0830555278120833 0.14343771542303 0.163961029019055 0.103299985342962 0.180562939635525 0.177515938356953 0.367780508351701 0.273422329179679 0.435166040566319 0.308351196520238 0.207600429386246 0.279363983732679 0.331463140226225 0.24965639198582 0.28421300177557 0.180587141615376 0.278517064290438 0.320106814335326 0.173413335742644 -9999 -9999 -9999 -9999 -9999 -9999 -9999 -9999 -9999 -9999 0.252790456836933 0.1823141595009
-9999 0.191153119942654 0.171068807820047 0.196086272791523 0.196040060538253 0.285893741007104 0.329415080245307 0.226157276635752 0.0981755721509151 0.107842397767929 0.110905719877217 0.157710161213766 0.149518493359667 0.143655762056663 0.11287444155388 0.110437776275674 0.122116401186042 0.116448753143041 0.104485259164922 0.105240762715867 0.21524081783095 0.338481346700938 0.148834041141982 0.135374072787093 0.265011219015022 0.359933796443588 0.32474431097771 0.257770778598915 0.195650834354816 0.102309228517719 0.0697779987286032 0.115308069910302 0.535244057480113 -9999 -9999 -9999 -9999 -9999 -9999 -9999 -9999 0.301384686166371 0.11418427704893 0.0942452861377439 0.125745455582983 0.122623039244766
