resultados/modelos/glm_backgroundw.asc
NCOLS 330 
NROWS 228 
XLLCORNER -12 
YLLCORNER 34 
CELLSIZE 0.166667 
NODATA_value -9999 
[rows 42 to 62 of 228, columns 230 to 275 of 330]
0.165276749777967 0.19327459576896 0.16448723292315 0.157337391087781 0.163547776671578 0.151539206167187 0.158290561436894 0.17420203029993 0.159052766588859 0.166633174324685 0.197591670950033 0.161619315280816 0.177929540714652 0.136188293693354 0.141306245551103 0.145827632017859 0.15235937364419 0.141039943534686 0.124990961062479 0.139862512644169 0.164094842527848 0.148580095063296 0.170448963258355 0.233339356650798 0.217358718153964 0.202891930736381 0.212945216329392 0.147318595471656 0.14586799977068 0.180794736213721 0.16284378324548 0.173067648021641 0.173559590668797 0.171232693943076 0.153760259004864 0.125967062641428 0.147791304055048 0.183014031628279 0.188749212138708 0.186415856630325 0.182868924968975 0.236614914977984 0.240431813190886 0.236530930489702 0.245390941066678 0.303619659210451
0.172930190740953 0.158749974934579 0.172024539574786 0.155784175888571 0.147444195803068 0.151598503301148 0.170488724364669 0.210565880985033 0.214777794741503 0.198674856407507 0.240439182003856 0.2254524471681 0.15805963047893 0.154774903634012 0.178894105713831 0.166624665273199 0.160666499611826 0.148213309753527 0.149914429521413 0.140163917610323 0.159428165415301 0.151887744018106 0.158493218343338 0.17955647436344 0.232236385356798 0.161137448334348 0.141696762856544 0.170223392099666 0.169851427621099 0.138645806792076 0.142396672570328 0.14727782359373 0.161761409563908 0.151497242685859 0.148926033943073 0.134136541808029 0.118185340584818 0.157270142657216 0.171297397388544 0.151369362887843 0.151736215725898 0.197856974277084 0.26663618923748 0.292530955416766 0.344457549845653 0.285151337674765
0.17314985037231 0.185741326349522 0.155013463322949 0.145843515883279 0.153876996206366 0.158398057752273 0.188351000906753 0.197969000520607 0.209242997225095 0.2246629701332 0.266393665705519 0.303144767193209 0.19444185363839 0.20022482286409 0.214848356540772 0.177741103025483 0.142771916259902 0.160913474001 0.147423397036846 0.146233908207542 0.126059341464685 0.128167826080675 0.166924729606364 0.179411075171581 0.17467242592024 0.154350165113734 0.121980190747411 0.187545057202932 0.158691851163685 0.140506661378887 0.137544237046363 0.142852572860808 0.165518301403113 0.155171234482252 0.135123998167064 0.113868641658039 0.116262944191241 0.139913744509987 0.158872170696038 0.166137625231919 0.170690437966435 0.240363493865771 0.312071887854297 0.273734015938116 0.3161503818609 0.343047909292932
0.174516074404464 0.148303825045262 0.146591131401787 -9999 0.178249200020993 0.197054127594755 0.184038267012726 0.200451584586686 0.18309861579485 0.211198258441254 0.233371924825219 0.231672290376117 0.205298254829294 0.194398767315407 0.179629534664243 0.148619387325437 0.175427586835224 0.17730335971618 0.158756712688125 0.172174323365498 0.164522512079201 0.184989551705909 0.190664397050782 0.242635474471186 0.197801335667195 0.184431885530681 0.198541398312835 0.186074040277261 0.161690887509097 0.149976736233005 0.179442526683588 0.166164813346682 -9999 0.147015006041933 0.154063072681593 0.156267576867258 0.178443373996126 0.14343067394436 0.159212015072298 0.162687543807185 0.227970338934084 0.254794106644996 0.276535409128941 0.328056697230297 0.345262727816578 0.37968555580846
0.217842424648434 0.170484998566685 0.172312884713936 0.172683609188971 0.174227105442028 -9999 -9999 0.16754089980097 0.225684558262941 0.191566540398278 0.167308702620648 0.200684987788518 0.21480691021976 0.190773423312576 0.182942925528443 0.204140564520971 0.190231205157443 0.216830434515865 0.193076586753203 0.258124012900934 0.171780291862005 0.194032254512443 0.183623542751221 0.205050295937693 0.169143994961391 0.178010529797243 0.204574862856657 0.198971048189671 0.191896995994525 0.14629923064414 0.150417395099992 0.138566446232627 0.170004738887616 0.187794473672421 0.153207642972082 0.223787623840246 0.22222976492663 0.213482115422995 0.176454715005723 0.207236854139009 0.230410532065098 0.205368944242646 0.19085712534823 0.225356304260615 0.233229255802463 0.268524883573702
0.203331186138727 0.233482241409749 0.213476567103202 0.242057648205825 0.218020943088273 0.192162552038917 0.193609377479643 0.165687526759024 0.197164175421382 0.230985501886751 0.225395550850457 0.24304583307294 0.188647437300422 0.21198669717552 0.194677873349191 0.204089742349699 0.206555777098774 0.185475239510399 0.157034460727789 0.175118903104 0.201552325968098 0.200447247492406 0.175203746443727 0.182637019370559 0.157488968532669 0.157145801543382 0.161534160876665 0.185675966930549 0.196874045812981 0.177551629759606 0.169974485556566 0.19445733693458 0.239214675767672 0.246396652082952 0.207202016675806 0.197552108449867 0.214155585976927 0.202532881640223 -9999 0.208696437102143 0.201910991623254 0.220440598938821 0.246165682997083 0.237617588400025 0.254388550081584 0.268398319966887
0.232981427991441 0.222786452937178 0.214635810890336 0.261156368624978 0.22968487182581 0.215465085433615 0.194840482800739 0.208781495874199 0.197380275625249 0.23013750878388 0.203606904165144 0.277355980627892 0.222087643770044 0.175278952827978 0.19005306001734 0.213420171461515 0.21128404065413 0.17948093543527 0.198328923044885 0.184816357805169 0.171286660728751 0.184106000606334 0.19750580145092 0.215738045523006 0.217715496668508 0.191372209203352 0.172997832399208 0.194679254497385 0.200913564843752 0.200591264383894 0.160386764795138 0.190349698449022 0.216760589407807 0.207412374175599 0.200068847548823 0.200265634269135 0.203687283900152 0.19926905926261 0.193270311205416 0.275170319474751 0.204970986082965 0.163794307648598 0.249198880773114 0.221108750524431 0.230773704873066 0.248698004564642
0.266590458218958 0.229388952191074 0.196802490149822 0.204974410402393 0.229815142529978 0.221811524824118 0.223237782687412 0.215658653257377 0.205771900037925 0.230295872624166 0.229864507762128 0.235927237080431 0.270770868038572 0.223406016632909 0.244502249585633 0.222975488711819 0.219346601773345 0.225677325586343 0.196860896819603 0.177699034983289 0.185883031597947 0.208869173568731 0.250720812537294 0.250761123279987 0.216658653086741 0.159594072310105 0.191265019787568 0.169370832913859 -9999 0.24284180503853 0.191931923643719 0.18466973555787 0.193518426334556 0.187865085880744 0.190683416455609 0.206819282207615 0.273634594567619 0.230112877111294 0.1972219891289 0.260292316454008 0.379411605921165 0.235460871604962 -9999 0.25150993333981 0.254590836973596 0.343921319354964
0.281317789453922 0.2475378670868 0.244870310343501 0.231584995581405 0.236464232619805 0.27027591200345 0.220388846925722 0.218714031628923 0.256504103076929 0.287270701057175 0.254058496902054 0.226748728117667 0.280794977157462 0.281467516623804 0.268773399720214 0.221458453108401 0.237244187243426 0.198400831985454 0.198578100096878 0.200042990802407 0.198520696620734 0.177901695590761 0.180287921231101 0.215900053684097 0.255942149080366 -9999 0.226948556277741 0.176930167449573 0.173456218521061 0.223580353995767 0.223971467633812 0.174529527470604 0.20002829083474 0.276796593620119 0.17247691480455 0.186457596393762 0.306533052676546 0.309787726735107 0.317492164605532 0.232944364678028 0.361186715988075 0.36176863884451 0.316318074899529 0.259464186139682 0.241896768062884 0.225630165548985
0.300741339567099 0.25940219594284 0.247931262158498 0.25231060896202 0.273294855205014 0.24362540927869 0.218610508744154 0.243374298160647 0.263702526826974 0.260574108568417 0.284233461171948 0.309155227427247 0.244202745535074 0.27013034610797 0.223936229305895 0.264771862469339 0.243728692742134 -9999 -9999 0.224181322163902 0.18997129927265 0.200112138791211 0.205091293841054 0.186946054361778 0.200552581294195 0.213459346201043 0.189729596174635 0.22509312249533 0.198399045257933 0.206540919177119 0.200676613378893 0.227657554116011 0.211564624288327 0.315979944942912 0.245794655023896 0.247696463000832 0.288213039011372 0.245447128812053 0.256638355998723 0.312679158782048 -9999 0.241950029249659 -9999 -9999 0.252148338991424 0.291443760919768
0.296621822255778 0.288164385720593 0.302632464039345 0.312300564991741 0.304611569455124 0.232751795100662 0.283737268126399 0.288073348030903 0.296732880119882 0.388800308814688 -9999 0.303370156591767 0.296449123613714 0.287602364248638 0.261170867130058 0.275129990720215 0.262341213737612 0.217029631889167 0.250159300284819 0.185486077282096 -9999 -9999 0.209578964274294 0.201127763479988 0.2211794976706 0.18224837556112 0.169954808183527 0.190605161038632 0.181862510310765 0.184813861072795 0.198107363325748 0.219836448777734 0.219820264573158 0.235895680827093 0.212036354967933 0.228858616027719 0.303900708500197 0.38904416799686 0.34685723841238 0.343451005951943 0.392796888054345 0.321166151030655 -9999 -9999 -9999 -9999
0.334045729192491 0.275267935802527 0.308188287208267 0.313154792636842 0.317682525305472 0.273074098556021 0.186573105729288 0.302741721472108 -9999 0.35928072066232 0.37852933928969 0.296281952813999 0.274474294360638 0.289235648557597 0.253608383408103 0.30913948485283 0.281994748934416 0.223062794914464 0.240671016011797 0.249196550405042 0.291408135945053 -9999 0.209042300045948 0.241453664442781 0.231729123145897 0.191283672792026 0.180662252725589 0.190188062100585 0.192554748788558 0.179458905612974 0.212199247033422 0.178518226319788 0.26534843758628 0.24497998928339 0.251611111769968 0.241128024827712 0.253943729871362 0.417228834403184 0.346111727690705 0.342903444192669 0.317851581331782 0.337508597280451 0.280885821086452 0.285004570632304 0.30595374813549 0.342835769371415
0.344844785635875 0.366968105004021 0.395867819660933 0.323061514733158 0.362017518877412 0.32893005791929 0.335114282059011 0.37481283961506 -9999 0.395318405117153 0.316867633450923 0.308665190423155 0.309392927663104 0.391961914960292 0.35993466173537 0.299430617123629 0.312294243961137 0.22944624572328 0.189469625375049 -9999 0.208304562834391 0.2306514706373 0.264209854679987 0.208646917175076 0.245596654375171 0.249486654436401 -9999 0.201524765570213 0.198032664810325 0.187448399836572 0.158294717019941 0.195824948361592 0.207312404199553 0.251255839113438 -9999 0.258262862287491 0.252252672462506 0.226638836315291 0.358410847046118 0.380588519814876 0.285549239500833 0.284966929664147 0.29889308362761 0.293245587653779 0.321315164520391 0.336286702728809
0.391115951642138 0.392064854651203 0.321024836784963 0.369690794594753 0.329336816313926 0.297979581046767 0.360037889463936 0.355550885566805 -9999 0.358366931792457 0.377373678091059 0.356187993037577 0.351543591316644 0.33796731628991 0.319852538775432 0.264072816010053 0.221309373577098 -9999 0.256130639710965 0.255028226481983 -9999 0.263064105282973 0.246387572605125 0.233469654421459 0.223329112159248 0.210110209487691 0.183135161923516 0.166609701066068 0.194996012269323 0.222585973870019 0.257282409075503 0.208529557413809 0.230395129860001 0.210614534051387 0.202432269701235 0.255325521233218 0.241748170391617 0.257593490081565 0.249834868167244 0.291081735671583 0.313927146271339 0.296652092868988 0.282979086394751 0.301066697697704 0.355088547397606 0.373981839069688
0.406568438036275 -9999 0.433378282860208 0.327684396084039 0.292907718027105 0.336657824164495 0.382440990364163 0.40642006112196 -9999 0.342516211980725 0.371894372159414 -9999 0.360697733576746 0.357571361088389 0.374304305816224 0.308917156961804 0.251616667645482 0.20339049729692 0.228195740946526 0.214603253175389 0.202720802162749 0.230701853835245 0.238790767536248 0.234892190117852 0.190700005142983 0.214891748783 0.213110911744781 0.195912375917592 0.241774529416296 0.253109841682705 0.252248711140024 0.245614782195224 0.246021755801104 0.218996097803217 0.221265101148823 0.234384376718351 0.242380226638709 0.263156732272356 0.260770900665029 0.271666116218442 0.254240067528401 0.279293461068048 0.31247134107928 0.318265125876023 -9999 0.409786393769564
0.390534046055475 0.381882284856141 0.404201528587894 0.374428631151731 0.326668747213982 0.377084011476338 0.386743296525156 -9999 -9999 0.418383241086176 0.365737423930887 0.336221143310688 0.32447624218939 0.349855793460569 -9999 0.349802746712707 0.316946593767505 0.294207417567665 -9999 0.246941495549596 -9999 0.260454516259286 0.255207781179948 0.226740576555561 0.273895909712148 0.256063085341261 0.229608729893341 0.23654574414302 0.253026751628587 0.252435863341387 0.267080736488514 0.244122706414204 0.240016365687243 0.245493885880632 0.259524074621372 0.250504207711461 0.290693040155305 0.265090882450038 0.244632921406676 0.217513501371873 0.247797241984965 0.276703562052667 0.315334305512848 0.367231941088353 0.296662020515211 0.346892209563385
0.374159670374924 0.369487712795849 0.37654839957253 0.332751982957939 0.390464869107613 -9999 0.362133326280645 0.376686280794723 0.359253630011043 0.400470946765737 0.41074121920122 0.402692371191106 0.414771109922199 0.390319653970014 0.464444942343105 0.440067833490551 0.356860571045009 0.33779563694075 -9999 0.249083432448483 0.239597137084794 0.244383414478629 0.253056256685967 0.263109914915159 0.280510088298052 0.320658288114892 0.229304178707763 0.29901851124455 0.288726862306969 0.291150592825015 0.283473487937051 0.335089474996007 0.309208680399581 0.299287404402267 0.22635191596703 0.266567707847636 0.294479246938212 0.233919255588339 0.229453978780069 0.239495061946745 0.301210389867319 0.33321491809131 0.352666070638121 0.386270568185816 0.37069478472308 0.446559700532008
0.405681821209967 0.390121207368499 0.404844662241447 0.377256084379805 0.40537211697233 0.326969460913581 0.419053995886827 0.46327677937675 0.427405158585762 0.359380321441941 0.384776600497836 0.379678483571976 0.346871302252268 -9999 0.41980780853378 0.386331763026989 0.39050247486828 0.343233105556239 0.320953891126556 0.31296389491024 -9999 0.364365918733872 0.272771328166077 0.287371744452593 0.258603985065372 0.279745992914296 0.319552842132965 0.387000839443665 0.394980404102094 0.328816489570069 0.322170971519228 0.321043930795192 0.309338866100415 0.231127996457586 0.231545714963391 0.263249779661164 0.260278788710407 0.270183165319429 0.260994433805248 0.257746084745236 0.325998594112842 0.339312055600911 0.303242678369979 0.299060877219181 0.401105214141828 0.405033600975399
0.450414112064792 -9999 0.418966335711378 0.429731875351566 0.403358456987781 0.358001181987092 0.377470563484957 0.381774500122825 0.394680479794087 0.33480781581516 0.406828224143819 0.386434684188225 0.371782781673942 0.423495583181678 -9999 0.396629927653953 0.369334332929082 0.33091919433425 0.308676126977029 0.307049339272022 0.299993097890158 0.270298300025568 0.332809434205934 0.312480515653529 0.261272769351916 0.314440322302446 0.319211802513522 0.299577038699935 0.313664693639884 0.327130240619619 0.311983707150248 0.291343877927715 0.286108985228092 0.291091230622265 0.301969029457792 0.320191389608323 0.293896893447219 0.287768845803678 0.356394589541389 0.33387095905289 -9999 -9999 0.296560488422532 0.289155404372722 0.313397158936694 0.30582431160668
0.491249541987633 0.457491912081313 -9999 0.539133206933123 0.406226610351943 0.373485830380701 0.362768942834678 0.448768859690202 0.414393810538139 0.434925986439059 0.427828527471176 0.408778041931024 0.487098550133278 0.477880364274739 -9999 -9999 0.498765326360137 0.464033769419097 0.398049495921962 0.327888369572878 0.306518373277277 0.355470575370605 -9999 0.226810180612487 0.257611424301608 0.332527462571745 0.392359827237132 0.379259598713995 0.354427441104474 0.304203491340717 0.324117585799624 0.317111695510233 0.31174634786851 0.291300989805406 0.309309535832719 0.330520446500172 0.274876532842837 0.306848488635652 0.33023432670638 0.35329887484433 -9999 0.279181163437312 0.286602834650649 0.325411543422975 0.315636218980417 0.391481645522918
0.478393989365614 0.428091286597192 0.453507982054515 0.409294315773636 0.387248490033403 0.405343373865887 0.418126780020803 0.466475948736049 0.498122583579135 0.559570994551943 0.479607713290543 -9999 0.585316646267523 0.546599013854524 0.3998929592047 0.413927191513142 -9999 0.402726443793232 0.350290731521523 0.369093010927974 0.382577050753097 0.368098313651987 0.283201507918169 0.37214252094123 0.347139171277314 -9999 -9999 -9999 -9999 -9999 -9999 0.28283370528882 0.283091321105126 0.278403951625704 0.224313436221324 0.268843420547516 0.289619121570411 0.310243180795881 0.349618585620184 0.379719730538001 0.399511043236884 0.389960605942216 0.419830345062602 0.423516901761267 0.593067727859915 0.478508335172503
