resultados/modelos/glm_ausencia.asc
NCOLS 330 
NROWS 228 
XLLCORNER -12 
YLLCORNER 34 
CELLSIZE 0.166667 
NODATA_value -9999 
[rows 189 to 209 of 228, columns 235 to 281 of 330]
0.364014028206977 -9999 -9999 -9999 -9999 -9999 -9999 -9999 -9999 -9999 -9999 -9999 0.397328379290172 0.789971302909171 -9999 0.455248710300357 0.477235721595791 0.309327524176771 0.40671833888638 0.408993275678052 0.418738007554358 0.47498394037963 0.447294368304813 0.459550357663553 0.489040445833305 0.533268286665207 0.60167529575857 0.580636656142879 0.643795584805513 0.596381520950111 0.503624521005865 0.448784374362099 0.546376095289055 0.50001120963613 0.458965101008388 0.437625197018821 0.321261727414751 0.55241487828995 0.316396009807543 0.202278419294524 0.15635829937211 0.123237139684488 0.196114750337171 0.397086814831828 0.342823543412932 0.265889064652194 0.30649106105135
0.17184069849436 0.296291778083681 0.319232247907746 0.269521245207642 0.4140867895928 0.392559489985326 0.298865264768548 0.322405203218709 0.345055780271712 0.181946302506847 0.13849496545451 0.227376159804387 0.392626957768177 0.263383375208732 0.152602254532655 0.234730296073062 0.3221226626367 0.29295723612058 0.427258208735576 0.463363129958327 0.403513714443123 0.465740491719824 0.504649704383375 0.478417496724162 0.551396703707534 0.561477275060139 0.538453688471672 0.659785867085476 0.646244274486341 0.504227330640279 0.51085095787856 0.411552893566396 0.455542584705684 0.325501352117175 0.404115861108119 0.378956918959636 0.453238972832797 0.429997357011581 0.277632084012628 0.285255318132556 0.34094644708108 0.184316196808001 0.177822496427118 0.35666412958812 0.263421971770326 0.275047819494613 0.301826008907178
0.276947289854651 0.363784619340956 0.2841442521019 0.238355404971708 0.311242875367273 0.217611481618082 0.150618417784746 0.167415754217328 0.544495794030462 0.368285226426209 0.355907668591477 0.747003429770141 0.913130327700348 0.497063263926008 0.203609811660607 0.382042476767117 0.436247320707723 0.409583331388128 0.571756479313614 0.590448229612375 0.628893072900039 0.621759900204564 0.495646305147315 0.617965174652761 0.684408370938402 0.382868572592807 0.34670239666896 0.394676556809886 0.410675597062704 0.345446406600686 0.311948280112814 0.413660271713347 0.233023682627935 0.440528124929085 0.31347752104363 0.375479026662451 0.51110466291302 0.520079466267482 0.454854906731844 0.345767547282949 0.374521694115991 0.179062191901354 0.196908707490903 0.388311593855732 0.24447292051734 0.334611759151231 0.232368079657359
0.313471387124657 0.231353412088543 0.236717285850629 0.219241487228322 0.214408340529341 0.290070672714266 0.461574068001123 0.566076470550096 0.33635921918329 0.433264148414043 0.433003506285725 0.543766616878554 0.654228752919292 0.754427714035288 0.786998834666073 0.788047512424086 0.494244751671061 0.404931913074891 0.418642256590025 0.548485288267954 0.517437452935473 0.577568460155849 0.560979687095937 0.604136992680275 0.662355000583346 0.609290399943954 0.665910651545141 0.555020125183663 0.414938692324795 0.390271790889311 0.397037060337942 0.379952801390783 0.296547209306729 0.353020533496785 0.42813752366807 0.512108365135903 0.508657019173279 0.434015843399907 0.486162798630775 0.373506127581582 0.358437608805066 0.27868794430661 0.419462617689997 0.372464321985344 0.400212183689907 0.42346373499666 0.397131162790783
0.372133769029726 0.242926900237645 0.19077684779297 0.163651751198534 0.163904473602577 0.154171695598506 0.32278696347086 0.385527191318302 0.373858964124766 0.491681528119686 0.467331687314866 0.506436034154099 0.525811745556818 0.600290782345383 0.48672160003422 0.556979868057525 0.521522342917993 0.447351812731677 0.462539708563384 0.388335161690233 0.400237892542065 0.405821092960173 0.367251530989752 0.333062022221087 0.435303978706716 0.503437741059437 0.499687214452316 0.498850514312497 0.303610813604755 0.438218570696846 0.452916257132979 0.318796778439452 0.389202108453351 0.339372386145817 0.50709175283893 0.554356180535596 0.582671785801416 0.48235514199899 0.539925629418189 0.55636947294644 0.280245154099517 0.282749750115413 0.170375855570425 0.193728978637437 0.182965724460756 0.383741122271425 0.381790529883297
0.293879639654073 0.169325404861606 0.167126486204966 0.139774792810838 0.13309919278913 0.184897996498344 0.303757167075728 0.352037429844193 0.414059117705909 0.418175381279548 0.405405815592993 0.432296839785141 0.453907667046997 0.408073486314473 0.474894655796721 0.434366190448941 0.458646027471956 0.523200688836368 0.547168283576146 0.476616993360802 0.42824605108817 0.29523323676029 0.361175404628427 0.424996431505122 0.586120265462359 0.526028915611444 0.52764974933561 0.441623913753453 0.33017271687931 0.398096896151282 0.380011719258075 0.371212123705971 0.32461885061672 0.309141805690068 0.359549656118143 0.380154369520302 0.534387514987538 0.399790152248384 0.462695138202601 0.382197191893429 0.326556673933736 0.410189718654441 0.393010423377112 0.244630883652654 0.230566663585869 0.37042270545983 0.296571367550443
0.470226446469486 0.211855035790003 0.174602580683882 0.189850835539306 0.194718011510689 0.167920924719242 0.323627404304334 0.504699476712711 0.610034269351752 0.446779490073506 0.591319120968385 0.68625371677443 0.519576784326451 0.479229327799197 0.451470157756609 0.507991503950402 0.640740270133856 0.403830695042846 0.48713500202038 0.506467228915184 0.456712834049431 0.414949651402577 0.407618253644443 0.301871015000468 0.360228537171573 0.564511730979906 0.598041933472775 0.607006814767259 0.334455244205759 0.440855170488809 0.397373516220497 0.429846708650539 0.345541090957988 0.257801967755213 0.377157581197978 0.439105469030217 0.263325010157108 0.422612926091082 0.422421771886102 0.387256024596148 0.375581530224726 0.40302666252658 0.325120815809601 0.286146854808005 0.292866153576486 0.220474246761525 0.216554249017526
0.223767505694379 0.164309531750814 0.138054094255245 0.280867035119565 0.262023295601893 0.295708265744896 0.423046509135394 0.559923307914547 0.601082603654261 0.625030519847625 0.562799480232078 0.495979855132102 0.41554686564467 0.518779559993271 0.330992346160328 0.376673065426726 0.424319633828127 0.494891581449389 0.423398449770956 0.46995211030974 0.444129725488621 0.439447584078609 0.505915715307732 0.365340050012153 0.41745594751484 0.379242594331223 0.512909922747726 0.672620484180069 0.595081758084742 0.36680751548574 0.36981231542377 0.437286538946859 0.355416234979674 0.31496613153419 0.404231232888145 0.3450792746792 0.410854432019042 0.34260840654803 0.690666019466678 0.503959579906238 0.495214695435894 0.473386319383635 0.361364047156624 0.406389180807121 0.297660921059455 0.258042880138963 0.289172484670531
0.0800343276916925 0.129479885328638 0.344647609972549 0.122562011558483 0.177714138193116 0.431458982297343 0.367469657796923 0.426634895953632 0.563501205619256 0.626943883720426 0.527153419185523 0.422522862778086 0.504651399402839 0.441259645352068 0.36654871236363 0.41351132101232 0.445035998616316 0.284346352173869 0.373349160684558 0.375306705839868 0.465757504520746 0.453454186521614 0.51768794113137 0.499010210073199 0.318637484994262 0.360243323981993 0.406063477953745 0.375897937994048 0.378155167995941 0.272960569727219 0.38953959647716 0.361644860893255 0.305052564313894 0.381380976032354 0.387505597055898 0.395727114150599 0.346905110080209 0.574042513169792 0.545198078662258 0.595510172397425 0.460093797224597 0.376559819007109 0.471849818611163 0.370231551444908 0.291224844206811 0.292631267187948 0.320649107771009
0.142211722168226 0.267754371003885 0.0969461972754191 0.0531069269224825 0.214127009824193 0.2825760266558 0.284575399469198 0.390709357416975 0.45746953271046 0.425866026926809 0.432424513371517 0.350223381729839 0.264362564471355 0.336759100975759 0.45964575011408 0.592123736910047 0.336416999142422 0.303287567572746 0.415500563566919 0.310125749042343 0.389964602575923 0.513568738672397 0.514752201952169 0.545590028251793 0.657605576788066 0.560338686448191 0.532814849536844 0.490424670297815 0.297017982724915 0.247848143717386 0.290680157686272 0.329511035666654 0.364664857540908 0.306294825040959 0.274564361986098 0.34646274712574 0.526576118179644 -9999 0.427541200124563 0.386581140012902 0.384895286237837 0.270865243766142 0.241484199373566 0.32380502224838 0.3858779082264 0.452408148328293 0.438322829784896
0.0929542231086878 0.0674083457148063 0.0358893263516987 0.0377083513699768 0.0817136854113121 0.163787418933897 0.257865289045645 0.364655409414175 0.31533356800014 0.352586077247211 0.351529594431942 0.346319003448173 0.271303993017719 0.334743874426381 0.312436753021816 0.242421935254155 0.351215740528712 0.406708501690151 0.361985135042534 0.393319671301932 0.300398258831721 0.326984840640138 0.470322594237966 0.551686387520408 0.805640485921432 0.520588765954715 0.523173444556299 0.541314706978185 0.327593398684422 0.234083601623531 0.274440309356331 0.229611840133458 0.2874085611017 0.381561807526473 0.309253651051263 0.301761273865281 -9999 -9999 0.621774953149779 0.419871049798189 0.315097638081529 0.338478076921061 0.330274953519313 0.300794589402048 0.41404303152772 0.497208370460911 0.557149203375317
0.232434505352426 0.437439314245693 0.0362500194233295 0.0888732967234309 0.0611194437700997 0.0598897725769922 0.226055224514819 0.386289345479421 0.293244026492883 0.247418961027297 0.332605779075003 0.277534080319177 0.261076721157998 0.13550797706496 0.155683639753525 0.489611462459596 0.410970924074589 0.460769182409275 0.368380752415915 0.494540256545603 0.400158777444127 0.534972275977859 0.511558781760865 0.781355251727323 0.614546367800709 0.753782517796891 0.626053611140013 0.55904097191368 0.569008149337413 0.332758429451295 0.246017672435499 0.246318047842091 0.288770336394882 0.358268528070774 0.36299132598726 -9999 0.446152708117384 0.57939305714239 0.435749083745504 0.319542891472611 0.307529216843622 0.40794539753063 0.360486235270496 0.341628429952091 0.379681047210207 0.474813489368373 0.512611445573833
0.275420407222759 0.327482119509001 0.264668934539658 0.305295570768921 0.403980630837205 0.669937468879009 0.686959675663465 0.339152422887206 0.412540836888107 0.43785126326671 0.308847491617069 0.256822956604939 0.198303569337487 0.219527878331613 0.201489259170195 0.533043019239174 0.458426765732838 0.337056373677544 0.307186588010149 0.582019179965551 0.451590049752865 0.589282080143272 0.74482974820702 0.695681802397499 0.717346728715826 0.711009061568608 0.212258097742863 0.35565254077839 0.506940301009259 0.375662874019454 0.193134825661341 0.222934966057507 0.279862075310991 0.300990764862272 0.271725274012781 0.265412519816973 0.263542865569769 0.261143904885062 0.268142042041418 0.10605757299344 0.123722414559285 0.275155781528903 0.283901752946213 0.318987108879525 0.497861195431232 0.363635627808663 0.382521434027735
0.124101287180092 0.187396783321951 0.233473801442402 0.122843144181004 0.191419591513953 0.41490922620185 0.529886084596301 0.546325302980039 -9999 0.280046637052711 0.373092702188432 0.268761934745892 0.489898162251035 0.331123196065179 0.333402823273101 0.163548744401952 0.466332728711144 0.609559955778388 0.36627405591662 0.484601541958181 0.626122947261875 0.735002521418083 0.686292262696092 0.288722293688495 0.574019443442834 0.551351716210611 0.426879874056185 0.251236126539864 0.304885313500674 0.230170918905516 0.211859847390114 0.249574659433464 0.264279650379599 0.232555782608787 0.302739677249702 0.162573000078852 0.137429434762645 0.173272644124064 0.17921195196506 0.140916171570115 0.186715164792509 0.3191560054403 0.386328956205861 0.46389422816318 0.601423536950928 0.31552899169948 0.359646358386304
0.16189100794803 0.101310100524634 0.0799617779639518 0.206968375087993 0.298221187127621 0.471324460809048 0.44347999294954 0.334828751102369 0.4676453593652 0.376881547689219 0.340597532572256 0.415981661686407 0.412421868506499 0.433073253047814 0.219194358074995 0.272224345437974 0.226535786659514 0.257527529683605 0.414410953458423 0.608411125018392 0.78190034080286 0.846759364097949 -9999 0.681776602011849 0.523743139551249 0.417834562956689 0.434428303515765 0.356253648677523 0.371050506120763 0.432089973550618 0.548730171608578 0.594919809673852 0.372283907580567 0.333275928367917 0.53753253314814 0.292687272216494 0.165761808922254 0.168255171835413 0.188139151541821 0.222704438669739 0.228701414453461 0.67680194612917 0.772418785060025 0.746597718683005 0.804176779243892 0.452291829777691 0.539570721634915
-9999 0.158760834136786 0.0967172745982726 0.128514680240123 0.353013978039215 0.163477963348489 0.0894569110985178 0.0652464219874988 0.150175610010132 0.189693180008216 0.073555908721571 0.0938459988312548 0.431485473598233 0.266479281449335 0.318977952081234 0.449833653283958 0.261042400452965 0.353038550500507 0.400882874700946 0.388292719279029 0.401531692520612 0.668612145070254 0.696988110690752 0.584795833810324 0.732886342541466 -9999 0.400193786433811 0.424063177165102 0.354639176531266 0.526085716050718 0.537353190428919 0.588593155071114 0.277389619396393 0.177410143066602 0.322044874638321 0.490217453411272 0.22858424825799 0.202954602972766 0.240582004329304 0.265466939189482 0.315316570603844 0.344362330760173 0.395411104366988 0.535984931286413 0.555271675613803 0.79407983501316 0.711469176233643
0.750886739970685 0.14255048295361 0.0472747831975077 0.0479433862443607 0.0220383816726786 0.0366186723279096 0.173907483491728 0.244976918257505 0.291609649506357 0.365046031500839 0.608129918324326 0.416639517851931 0.507051365278055 0.388575121502148 0.25023085816007 0.483838471988391 0.617375267020937 0.653953661583387 0.463580974928048 0.524314693296288 0.529705960928936 0.737442729267615 0.488309667119344 0.482287067188917 0.624828341884124 0.700977414055433 -9999 0.265965291511036 0.501813595235857 0.460209107301918 0.535796309032453 0.425606047999862 0.213632613249596 0.174388304546362 0.145151086820821 0.297412412702127 0.336819212719026 0.225363325464135 0.346776445156745 0.674126764795451 0.513056521746236 0.32477135199303 0.277636815773263 0.347126788003037 0.520041741613368 0.689663015182133 0.744301938881532
0.190528658810829 0.0723670209171297 0.178743471971856 0.0979630834762123 0.0439549845929163 0.0925906833332642 0.370098006969026 0.186398137951053 0.21519390379855 0.187437056463531 0.145958967893041 0.296303273277448 0.499595590589808 0.381706267743008 0.420288820978705 0.411278360801995 0.414855728732481 0.326808136615209 0.493167083676415 0.453409244497328 0.369744052642345 0.339939071675364 0.530818483898508 0.631492059522814 0.855912614246488 0.534140826283187 0.514568168714781 0.433006702357337 0.374407953683719 0.479384349451624 0.457808896556186 0.409871892822498 0.288499718313521 0.166601253180223 0.176395846407794 0.448799383939765 0.217173667650466 0.236784540611653 0.348336166993841 0.30093855801148 0.228014193435048 0.1942418367386 0.404364495776959 0.581537540084356 0.62609906565074 0.691857685521314 0.656948686959946
0.213179446499362 -9999 0.154011452097063 0.167847591957912 0.139667366343685 0.0828531080848185 0.122871552458091 0.222507028746286 0.148536437707494 0.122479048631171 0.320472855769982 0.253163039421018 0.41083766427413 0.138330577927355 0.54488534995234 0.477537086470042 0.404721829920487 0.275293793797562 0.421697734345226 0.360880602468894 0.328771250205166 0.273895354734298 0.481506462163076 0.662349565837096 0.663744464643874 0.462832203964583 0.420703153529466 0.647425635829969 0.318012467767366 0.631800420940006 0.599789174480606 0.435717641369186 0.353022754765625 0.366345232612452 0.345452280119022 0.617801940801778 0.406813531712636 0.280605479161296 0.311767858254937 0.527392589614179 0.688163649914128 0.847499811978998 0.857999720182179 0.910449158514977 0.931345769789643 0.87805727572924 0.635332844135348
-9999 -9999 -9999 0.0329519521790236 0.179474994379848 0.209781611647534 0.107726587206218 0.410382420803178 0.200418282588661 0.147174807205722 0.340619532040923 0.561926138676921 0.496308650848602 0.343313936345864 0.333250169591655 0.342204131123747 0.564138669185429 0.571472620662763 0.348715159315013 0.213516206495995 0.326009316339614 0.271273908297981 0.29197159205607 0.605697102831151 0.563904280247116 0.548404898699229 0.630188811568964 0.445431770267159 0.685116913408081 0.663395037559267 0.412367990748413 0.509109935740423 0.417321639426131 0.506554663384875 0.636673800304484 0.193836601340559 0.184682855701471 0.277707982711022 0.525654802148178 0.612261283868729 0.734130465656078 0.841745858276573 0.89003495374983 0.959251322882062 0.860260249136751 0.615754841814505 0.580492758448628
0.230900407364533 0.206351920376985 0.0754612394626286 0.100946698117939 0.249957340348122 0.52674377027901 0.422908320598764 0.106134864301003 0.115898250135941 0.450571242913674 0.443027579591327 0.245357478867151 0.330445050807853 0.350767678315441 0.385516592884311 0.558911070075358 0.501150409513775 0.539037284426792 0.303478655052423 0.344673891974216 0.220307995911936 0.0638443405745534 0.0525927038897015 0.388120234250857 0.331019301512477 0.532732758222741 0.59616102429863 0.458503469549437 0.801260459055163 0.711371983159594 0.647955537843789 0.614673521054855 0.631615501806066 0.648000471482039 0.716659980033644 0.481618676672957 0.468102576665294 0.513223785351736 0.574271314446592 0.644293699306518 0.648310909665731 0.614909756514198 0.789471450320304 0.725939965538973 0.391601342396272 0.290315273045311 0.0890906006002811
