resultados/modelos/glm_background.asc
NCOLS 330 
NROWS 228 
XLLCORNER -12 
YLLCORNER 34 
CELLSIZE 0.166667 
NODATA_value -9999 
[rows 140 to 159 of 228, columns 176 to 219 of 330]
0.0132604613854889 0.0114481756360649 0.00178312396137044 0.016098888423573 0.00629170550123281 0.00531858761573964 0.0141200601187021 0.0356224281932445 0.0218545940609827 0.0150494505391898 0.0154300720676201 0.010360387858517 0.035160950560826 0.0319937109844488 0.0424931277092964 0.043419444826767 0.038725923295941 0.0219175062807545 0.038533900551196 0.0373324051531132 0.0512926593734648 0.0177991220290861 0.00290278290042921 0.00204523760166043 0.0216484547093751 0.00531211336567253 0.000862569614093428 0.000835813539361354 0.000565589739446085 0.000637768431938509 0.0096768689320786 0.0217785948690645 0.0328375660240974 0.0287682109885222 0.0541626190197994 0.0647628570074695 0.0474522437357136 0.0686579571630265 0.0406316865427688 0.0531060523155962 0.0643797950732742 0.0580406858938971 0.0856769839530697 0.0351240690291506
0.00758305256542294 0.00109613865825838 0.00154144584456914 0.00205858875365084 0.00470973632371137 0.0166035934068916 0.0129172417329464 0.0194807321727854 0.0134434495322091 0.0160228746509038 0.0115457315053215 0.0191715003225539 0.0186244360282038 0.0157131203773601 0.00505417871467763 0.00603151292485583 0.00940605013874488 0.00407200077743186 0.0113720594476733 0.0113507894318675 0.00753514168132015 0.00437026259905485 0.00452467161412105 0.0141487627117518 0.0128188330680256 0.00729956091983002 0.00346318170166174 0.000791879614902105 0.000771658401860532 0.000682924361305628 0.000867586493154601 0.000749554655340191 0.00317772549836748 0.0231553252762978 0.0405696079923112 0.0248924961990094 0.0327721645574763 0.0683472006394285 0.0944858295319809 0.0702180077078492 0.0483257183411446 0.0511402515394065 0.046445294026016 0.0523061235112781
0.00111197620722347 0.000864232981564709 0.000902251341069805 0.00159641581768295 0.00139871111227118 0.0012673657666177 0.00205555876450511 0.00391139850722556 0.00522509824672365 0.00847518351013762 0.00641393639112849 0.0109770286099151 0.00654000252672734 0.00496991025192224 0.00621859609483887 0.0112618916234614 0.00544650123763015 0.00410970785764494 0.0100617958653055 0.00777209945092793 0.00226743011799311 0.00252532180669313 0.0021990093902567 0.0132668263554559 0.0114702194565767 0.00121317318384957 0.000808275172633316 0.000669993005399222 0.000868895099951648 0.00081400030602955 0.000791029395229668 0.0010762391449588 0.00204880439466854 0.00220594354523813 0.00301607951180366 0.021491991176824 0.00809518158790365 0.0409293552523248 0.0425693287305593 0.0517418500292508 0.0849765573072039 0.111280887938091 0.0822828342793489 0.0403376164877673
0.000634143677891612 0.000668606051018572 0.000728755755319198 0.000784539078660629 0.000917780552373587 0.0013886194541428 0.00177153640477541 0.00111233208570032 0.00174716566719004 0.00361717536719859 0.0059067543627743 0.00159789688268744 0.00277259790480628 0.00387521221452736 0.00658555108235941 0.0122036018663225 0.00990598692742261 0.00887284157648661 0.0701405196194033 0.0694657190196283 0.00631658115941019 0.00124136522038802 0.00139949367500618 0.000939942091697822 0.00178343017959084 0.000771985673819688 0.000732289829976671 0.000878400550938081 0.00101261629318959 0.00087216104626566 0.000753526298838631 0.000988629263783714 0.000830515469274056 0.000662977047819568 0.00258044464871609 0.0148958941552718 0.00557211275349199 0.00378992098414728 0.00886734065173371 0.0263804374218534 0.0483370711818659 0.0899603909180975 0.0778756798590438 0.119600887864992
0.00101102455001115 0.000832034995977092 0.000649754137242237 0.000817150840407767 0.000787470161124026 0.00101719853182245 0.0017801333229976 0.000993733430533318 0.00387645216436614 0.015319883598467 0.00652612358670076 0.00515703434002968 0.0053554703536051 0.0111884986292043 0.0195946775080612 0.0315073544637066 0.0265097767619113 0.00701819916048719 0.00910504718555139 0.0100006756592783 0.00149250195436837 0.000625203811468726 0.000867920462942566 0.000836540277857891 0.000765636510626739 0.000854836248103173 0.000827884190988456 0.00114870314787071 0.00106743926686395 0.000910720063602647 0.000629097142608089 0.00077591844333326 0.00096386599662393 0.000955857104249909 0.00101356263461109 0.0056594037212155 0.0130356785510942 0.049577207489708 0.0419037827774832 0.00950539101967898 0.0372819379954753 0.0949038366785411 0.127582946970346 0.133748734987651
0.00066132582162904 0.000839781088232814 0.00117731088969263 0.000783432632327309 0.000849706099915246 0.000960089954259296 0.00590442473110907 0.00382913755349051 0.0049297046226808 0.017853541089447 0.00736630454792575 0.00354020324260043 0.00411030650419575 0.00121767309282989 0.00211069486168996 0.00228666156190234 0.00149221806711756 0.00121640506020212 0.00102727133569551 0.000752535741797466 0.000851489833430455 0.00098934809046115 0.00092461018996228 0.000815283036794699 0.000845532720686348 0.00111957134926692 0.00101494996711515 0.00118920671831063 0.00106230863371813 0.00138254757132281 0.000729573028112595 0.000712129331583086 0.000775755548389339 0.000785827973273861 0.000785194541723632 0.00186996327723333 0.0189433733484814 0.0233031762241091 0.0504284190056458 0.0468672935478373 0.0428127061365446 0.0235646608742617 0.0696844097186194 0.098889180249903
0.00068782425608927 0.00162112774675561 0.00175430945494908 0.00096197475238757 0.000892097607938045 0.00107003825074914 0.00723901157809232 0.00342147756533936 0.00201021363060172 0.0082456005353415 0.00160338893594018 0.002312403658 0.00376430983422071 0.00118384213833391 0.000805062883202907 0.000739928788390728 0.000718932332194003 0.000764584305059756 0.00075919544690648 0.000699391868650395 0.000708496444993748 0.000796157764348514 0.00115312897377354 0.00082832931611821 0.000712530896901547 0.0015171799369516 0.00145423576906858 0.00156293836273804 0.00107927303732817 0.000950493555036643 0.000737650976264186 0.000838579510155496 0.000962896522527316 0.00246897687751424 0.0081150621442588 0.00349639840245885 0.00148150593765682 0.00224251017337371 0.0191157270327058 0.0459073159847054 0.0588380986201229 0.0903913929965295 0.072471725131759 0.0888498343306535
0.000806481785972664 0.00118750112792291 0.00371877215644266 0.00413276615913358 0.00245376118667474 0.00607862599711257 0.00831568672282738 0.00131423055293304 0.00130448931293112 0.00270346242455056 0.000943104777654132 0.00122318896939498 0.00197962413735915 0.00151264899674292 0.00103625805104359 0.000862112717346142 0.000618065967650745 0.000683920061924576 0.000960529403058194 0.000713122186041876 0.000562379428657192 0.000749297991889281 0.000942223400548664 0.000629759234226149 0.000718129462964988 0.000707841598088485 0.00134554858222018 0.00111414553845012 0.000915566945068344 0.00116063504739281 0.00218473211555047 0.00380770939618185 0.0031719995660834 0.00394037442253252 0.00324699202020557 0.00296231867303202 0.0111724080464269 0.0109434437992728 0.0163311414347882 0.0167105962948269 0.0164734808898324 0.0474246950134714 0.0506887279791015 0.109194031712693
0.00160855896688379 0.00720256616698555 0.0103678163702311 0.00823742622258489 0.00918370670230347 0.002059710514321 0.00100898337306422 0.00199395896346005 0.00081794588883975 0.000824910950983738 0.00058287119049048 0.00101855744519643 0.00126880342147165 0.00130481941180371 0.000905132500535651 0.000757417744824159 0.000666903822332374 0.000772932996017716 0.000645583145028249 0.00054230266570778 0.000563287106533194 0.000536354314124972 0.000528802465685928 0.00056368236846107 0.000599481899049965 0.000610335630586196 0.000603933011701724 0.000583877674565489 0.00104006670011144 0.00209298426524236 0.00585698317523257 0.00433584912198101 0.00383020023074342 0.00322664535287061 0.00481900790341401 0.00739277611320189 0.0135795540761558 0.0112256311806514 0.0132229628306495 0.0201891982647846 0.0135555844308364 0.0102469280179518 0.0155408216875118 0.019133647632232
0.00249084215937971 0.00813027937704228 0.00640000553771102 0.00314699233721137 0.00110856185195735 0.00113631617073698 0.000762903378554476 0.000739153848811682 0.000817062743808191 0.00110447453282015 0.000635465898978383 0.00076227458047285 0.00102689713133423 0.00142925894473832 0.000940963527499683 0.00068290887567405 0.000634356090979069 0.000606792135478082 0.000519706714458799 0.000432977420811277 0.000483670564340573 0.000469460217355538 0.000490776584235256 0.00057134175413237 0.000628693866292638 0.000501845975007458 0.000468006927969989 0.000714883223734304 0.00150084329955704 0.00224081562899419 0.0146342918305097 0.0163959368918663 0.0153104833280794 0.015036272714366 0.0128585356231057 0.00649148960380945 0.0117215129017491 0.0093818533132212 0.0105520012112602 0.00731011239144743 0.0139755365780473 0.00688192942939162 0.00776503297446402 0.0106654098984609
0.00345951008702674 0.00589945995109984 0.00516140661380741 -9999 0.000661185697015669 0.000848022582805579 0.000756586544422009 0.000797082996059667 0.000853099624853165 0.000902969907111688 0.000553694681073083 0.000663957207541569 0.000862192450655517 0.000707654751544475 0.000672780379153064 0.000774894409526646 0.000597677308154413 0.00052752970548168 0.000521423507087471 0.000657189734299029 0.000498646921849142 0.000452793341811718 0.000472936355491529 0.000502217010397613 0.000443253013922826 0.000622989102405268 0.000567483246847594 0.00185046751763995 0.00225405303057791 0.00711121380402315 0.013444026332179 0.0219318166974823 0.0371886584263319 0.0196632575081853 0.0145286193571712 0.0161301652772483 0.0125096959484858 0.0111094502227467 0.00440799430708145 0.00760327616901571 0.00727310296668905 0.00504790409061485 0.00520737438440312 0.00742028215720774
-9999 0.00117001135011387 0.00308824657520321 0.00213110105108828 0.00158847062614841 0.0010564041706056 0.00115125434655865 0.00110124360864113 0.00142645546794812 0.000934011731320322 0.000548496794765068 0.000598705455984614 0.000700936983621225 0.000831684545770553 0.000668962772047554 0.000571644019067845 0.000601112794564508 0.00058530579946329 0.000522941314760668 0.000425510787295905 0.00037834254907997 0.000342341161074124 0.000410753577572435 0.000659725552288159 0.000578972566256145 0.000475289107541865 0.000437658885529294 0.000996786615021906 0.00143446744722549 0.00156739174220939 0.00948716990207253 0.0496124127287867 0.0877656037261108 0.0653091565421565 0.0476001571897845 0.14309694334949 0.0280230778327912 0.0271447494760241 0.0102088614132081 0.00481253092355426 0.00352249791885895 0.00387242682140999 0.00458674989898854 0.00538670961744284
0.0017957414575767 0.00127749102718677 0.00168562926395385 0.0014749941153507 0.00145924467172346 0.00173865740331739 0.00166766310251517 0.00092758283126084 0.00098661712217071 0.00066091732165155 0.00046936550097064 0.000591425311189642 0.000754444467265237 0.000908653000753583 0.000623300252874136 0.000633293517337988 0.000674805876619888 0.000592390058674749 0.000516890948544115 0.00046110441642442 0.000368794759370127 0.00035054466205418 0.000457307725410726 0.000492152105614306 0.000530361420742468 0.00050351851258683 0.000433370667250147 0.000916154988494585 0.0101878122824029 0.0236033028965261 0.007646166680154 0.0510437969055078 0.0700469994225965 0.0596345625679046 0.0686487886465918 0.111785124797542 0.124483632348621 0.020663388989927 0.00640204257083532 0.00335792261796738 0.00415429504601814 0.00347860574077067 0.0052063655169842 0.00520178713904187
0.00136029559447722 0.00102260025105045 0.000761149016407074 0.0007022464007523 0.000681781202014135 0.00124254150231403 0.00202296107454118 0.00115884565566268 0.000805998009711103 0.000627148645170392 0.000611209138353708 0.00118133811195845 0.000938051369446473 0.000815957818829717 0.000613495996644089 0.000513753365901736 0.000627818340600147 0.000739055601233438 0.000426918629662278 0.000464589893390762 0.000391178938437487 0.000365127698412841 0.000371736019578137 0.000386267901140191 0.000346935952530049 0.000435697564410985 0.000425489701142483 0.00119505723688884 0.00229108014868137 0.0156184580708745 0.0216603528306946 0.037056152611877 0.0746969031746862 0.0510606572073688 0.0887993623548343 0.11699918616076 0.137803795750766 0.0954517535488873 0.0091006136562321 0.00384141068462099 0.00457517530081655 0.00434053174058974 0.00417103562878163 0.00615655892902262
0.000975841080344709 0.00124347884321922 0.00206819423804783 0.00235728449430181 0.00188638738636426 0.00369861498830268 0.00684034299096912 0.00255211156502509 0.000574250148670132 0.00123397332732256 0.00103458654074451 0.000647637978535709 0.0006260439375092 0.000863425309686195 0.000792539867489256 0.000516339064224159 0.000592744846476413 0.000669382939718956 0.000460302241636362 0.000429360527606233 0.000409370027149924 0.000341142591048669 0.000377676361291296 0.000322670669320925 0.000337760109282737 0.00140946709766902 0.00959365333635384 0.00624635384877797 0.0100217972188718 0.0132491819208009 0.0133875531477473 0.00884679881258811 0.0309544628547688 0.0438561748358036 0.0448235321784485 0.0586864861640654 0.108000720062971 0.0318720177820468 0.00351086637334797 0.00380281660468032 0.00542542024266765 0.0057230970811268 0.00675958637880122 0.010914279961053
0.000951864811668232 0.00117558587735644 0.000794072844959675 0.00166816879133973 0.00425855023233548 0.00531791957940741 0.00110880288408434 0.0011670027378133 0.000868169366973866 0.000610271073972548 0.000417463795530176 0.000380467491522363 0.000475566198613561 0.0005027200033802 0.000658522794550992 0.000526262346974047 0.000507211524183022 0.00040856122403942 0.000356016483387941 0.000396715979095356 0.000396765540611396 0.000433467533191642 0.000768471641247483 0.000523171935737372 0.00066558796555972 0.00172913327595937 0.00494564193422226 0.00547429622223095 0.00512138626280982 0.00862364620033828 0.0097279242949385 0.0141342881578075 0.00998383982597803 0.0182196231724107 0.038499529749558 0.0413851215274502 0.0398611039655801 0.00354332923481665 0.00368017993583347 0.00352405077934009 0.00972398025371623 0.012070823008135 0.0110849608524053 0.0155729484998112
0.000445624824235866 0.000674672860419697 0.000759409383009722 0.000718137228687569 0.00101058765374091 0.00128076410949692 0.000914588214440871 0.00060843312382726 0.000906619895590565 0.000580477746571851 0.000290289023867479 0.000270202730540556 0.000295606809694681 0.000294641715056721 0.000330749732424963 0.000396726417449478 0.00046259321320586 0.000432028436824516 0.000365950680296661 0.000333836374651154 0.000345592800837613 0.000290044073011546 0.000415299300542099 0.000559135063599961 0.00104062913879195 0.00219068103198015 0.00252907144969824 0.00229385457088037 0.00231430282984653 0.0029216486946524 0.00448737465166874 0.00967893599346391 0.0139561767925692 0.00676522529489238 0.021642080335335 0.00991477307201793 0.0105579822146555 0.00998609479609075 0.00416805892864247 0.00654622969447793 0.00335061020429262 0.0104047096818137 0.00648881239360293 0.00593409533632968
0.00153968612103298 0.00123861548557531 0.000789048622550956 0.000691587182908952 0.000885199154468155 0.00066398072774377 0.000858630329879962 0.000677346305934722 0.000971920191426911 0.000856338720972749 0.000242620556368456 0.000248607662193891 0.000250840268960583 0.000271715083009632 0.000258543633725652 0.000316650780607084 0.000321883382957514 0.000362124799079462 0.000310086256845381 0.000297815603440713 0.00027065408742891 0.000307309277960317 0.000355281763593569 0.000388850597505891 0.000457920322238504 0.000697595113325414 0.00044131297691223 0.000873961044892086 0.00379899566470162 0.0176203377739818 0.0336026227579409 0.0389996930936426 0.0252181211801391 0.00443068869934969 0.00520426551312078 0.030239048306801 0.0700022097022926 0.0829964925845565 0.0817765756312762 0.0561642808872044 0.0186373395302924 0.00550986290031032 0.00696834354766697 0.0160319238485928
0.00733368448111387 0.00966868027525965 0.0067573786613075 0.00131898693871478 0.000818429052133493 0.000923598789928832 0.000673115469773914 0.000574681636603416 0.000577503300868567 0.000917964172754984 0.000366480725201267 0.000199213210849547 0.000207080664433499 0.000217223991922491 0.000214011095891923 0.000205138935848111 0.000334813758311409 0.000292502344105833 0.000273445371187423 0.000261070223265752 0.000305595598537022 0.000352035304509512 0.000370892082128456 0.000523639023774558 0.000513240627836013 0.00111466842277953 0.00156145801107906 0.00131854016483879 0.00303760246072458 0.0223186037172112 0.0273609275266214 0.0389300664686112 0.0252925816819958 0.00511894248943799 0.0281651973002906 0.0940972769589177 0.105074619323412 0.0694777376506222 0.138150831158549 0.10631204262709 0.0949984513401292 0.0687311484827329 0.0334816713837666 0.118962232849716
0.00954564409725118 0.00533581907845584 0.00732607157832706 0.00783530783963254 0.00214461807013367 0.00128180117107741 0.000468529468937463 0.000386773818116749 0.000230357459716272 0.000231907585543252 0.000425059800573719 0.000327165973486386 0.000191184726373227 0.000173561839295158 0.000166197064027192 0.000171360953173504 0.000242647759852275 0.000391321746095494 0.000275633981486022 0.000221418812280858 0.000308091693086934 0.000380614410814474 0.000436239315436721 0.000488646780195297 0.000482673045364993 0.000926508086888331 0.00520181200607924 0.0035820853147799 0.00834819893712149 0.00321565010926685 0.0463385523238192 0.072199500364879 0.0713831872552261 0.0104471193755936 0.050999301132727 0.0551955054691474 0.0736784243089421 0.180479590138979 0.153008381983178 0.101908577692886 0.0591939958567032 0.0446814851150088 0.0582070714854521 0.100358309647861
