resultados/modelos/glm_background.asc
NCOLS 330 
NROWS 228 
XLLCORNER -12 
YLLCORNER 34 
CELLSIZE 0.166667 
NODATA_value -9999 
[rows 180 to 199 of 228, columns 220 to 263 of 330]
0.0457031287385717 0.0198929617548661 0.00806683184844826 0.00483033756069711 0.000653284529673989 0.000273950577095145 0.000380211102648095 0.000386264990647881 0.000607230715147888 0.00155125234902537 0.00139633683373499 0.00051776764199073 0.000841223705642007 0.000800730220890726 0.000803556485628467 0.00337975247520031 0.0041428111855937 0.00387552212058495 0.00429000635603139 0.00211757658285013 -9999 -9999 -9999 -9999 -9999 -9999 -9999 -9999 -9999 -9999 -9999 -9999 -9999 -9999 -9999 -9999 -9999 -9999 -9999 -9999 -9999 -9999 -9999 -9999
0.0740521218628866 0.0754842027874796 0.0229594021778259 0.00558735182361658 0.0017775525009915 0.000998265495613413 0.00125203199104505 0.00196647408109072 0.00101016630740932 0.000193492759167424 0.000200983056826254 0.000122316451438677 0.000144219907570564 0.000177377579164604 0.000215520510674844 0.000379166909421161 0.00131781416297798 0.00784476190648339 0.00891598116848703 0.00338137120533813 -9999 -9999 -9999 -9999 -9999 -9999 -9999 -9999 -9999 -9999 -9999 -9999 -9999 -9999 -9999 -9999 -9999 -9999 -9999 -9999 -9999 -9999 -9999 -9999
0.0486180644509993 0.0342380072408262 0.0172804137313757 0.00917485581405747 0.00246092071917164 0.00265587074197099 0.00460743156221468 0.00647519478903014 0.00229544155581674 0.000229864855968376 0.000112802706726511 8.0261171687083e-05 8.35555744010247e-05 9.15652611414762e-05 8.62665130905339e-05 0.000123642510571839 0.000257036190453154 0.000692756139107117 0.00266712937813591 0.00270776780058822 0.00533341681940612 -9999 -9999 -9999 -9999 -9999 -9999 -9999 -9999 -9999 -9999 -9999 -9999 -9999 -9999 -9999 -9999 -9999 -9999 -9999 -9999 -9999 -9999 -9999
0.0648053629418894 0.0274456498890886 0.0118323403610323 0.00634345385517307 0.00334363993100368 0.00250404954051349 0.00442420157124144 0.00473998208396934 0.00168369526344292 0.000425708365644481 0.00017574752043258 0.000116317467448104 0.000118646857860708 8.87956658812681e-05 8.19800636257715e-05 0.00013284602588967 0.000301512136461985 0.000393267393487417 0.000397045292320036 0.000590621289542545 0.00267941378544558 0.00370254172587326 0.00243019818170075 -9999 -9999 -9999 -9999 -9999 -9999 -9999 -9999 -9999 -9999 -9999 -9999 -9999 -9999 -9999 -9999 -9999 -9999 -9999 0.00832929849277225 0.00700099068971001
0.011375278970252 0.0108648730314313 0.00678196444640922 0.0143227896192877 0.0104996542535828 0.00751295311471704 0.00511742374641842 0.00873589811060024 0.00198467236220231 0.000868569839803755 0.000281245436475477 0.000182366501199716 0.00018339273015271 0.000242353360556791 0.000142899626356344 0.000213574103802983 0.000410825886246455 0.000465753242750765 0.000370106139631437 0.000411677564301321 0.000866889891537358 0.00160924275294968 0.00212269063357719 0.00121862872137206 0.00165890926134703 0.00346568372318965 0.00225208947342636 -9999 -9999 -9999 -9999 -9999 -9999 -9999 -9999 -9999 -9999 -9999 -9999 -9999 0.00153212498064486 0.00365065182594022 0.0129449642993399 0.00875926522831814
0.00363629796717632 0.000777118363614977 0.000863709794985032 0.000591530087210614 0.000176812017330573 0.00031418152744953 0.00259965863324079 0.0101248935932488 0.00406134404225959 0.00064383376572768 0.000171192860119351 0.00021483851526042 0.000521265278735599 0.000399058233711935 0.000228698453970661 0.000532344977370617 0.000658571146638495 0.000812208176025979 0.00062444605394642 0.000545515811429544 0.000791312565136484 -9999 0.0011161830092796 0.000651568466849939 0.000991299464903772 0.00116030042164934 0.00198814544017897 0.00253853120100352 0.00315972461136308 0.00343258323305058 0.00348236783165625 0.00351944251508878 0.00154847721291274 0.000645885876482525 0.000741260294766287 0.000760214242557621 0.00281607600562074 -9999 0.00596405022526534 0.00495367310318049 0.00557830586243712 0.0182638952126718 0.0280843449679376 0.00993972314470412
0.000105461321075567 -9999 -9999 -9999 -9999 0.00113595728737804 0.00263902674616428 0.00115383925873303 0.000629758324305799 0.000142113309658639 0.000176847915481964 0.000264791312216083 0.000438860825765855 0.000384134064638494 0.000512647895011385 0.00101744932389244 0.00209428379648026 -9999 -9999 -9999 -9999 -9999 -9999 -9999 -9999 -9999 -9999 0.00139752514730976 0.00141733740801012 0.00336518083168516 0.00346949672529185 0.00200684602500533 0.00115605241855282 0.000423426681157615 0.000415541602688793 0.00136721711484887 0.00962333334369317 0.00803206229644233 0.00806532095426324 0.00642174597584202 0.0223968331376644 0.0511523201875204 0.0425212740176831 0.0230603568341846
-9999 -9999 -9999 -9999 -9999 -9999 -9999 -9999 0.0002106379759022 0.000893312415012237 0.000297361760219729 0.000698078273180374 0.00161620392973122 0.00275674870339909 0.00171859594229052 0.00934043769192133 -9999 -9999 -9999 -9999 -9999 -9999 -9999 -9999 -9999 -9999 -9999 -9999 -9999 -9999 -9999 -9999 0.00169189066928716 0.00204661920350796 0.000190277276208631 0.000245985785174732 0.00629093226346364 0.012978484272668 0.00152730221620869 0.0122830843435172 0.0288551789651985 0.0312181957818577 0.0292914745259772 0.0616371588397212
-9999 -9999 -9999 -9999 -9999 -9999 -9999 -9999 -9999 -9999 -9999 -9999 -9999 0.000822238187490037 -9999 -9999 -9999 -9999 -9999 -9999 -9999 -9999 -9999 -9999 -9999 0.0150534451920357 0.010867284400811 0.00752735026682582 0.00559623708809496 0.00459658677311744 0.0136831949651467 0.0248521838951745 0.0299078789782563 0.0101212016412051 0.0127359253428533 0.00511172628179043 0.0172081374918554 0.033734409506225 0.0457961239909323 0.0613052710054337 0.0562010535933486 0.0654312473291378 0.117684822615297 0.146286095263325
-9999 -9999 -9999 -9999 -9999 0.00477115472541744 -9999 -9999 -9999 -9999 0.000892876260186208 0.000516961892258324 -9999 -9999 0.000725968743702858 0.000593082516484385 -9999 -9999 -9999 -9999 -9999 -9999 -9999 -9999 -9999 -9999 -9999 0.00649978717477943 0.00685610384268266 -9999 0.00512978121733415 0.00716431835390707 0.00248565541382674 0.006952096336865 0.0125227643004356 0.0148602036834159 0.0287217399611303 0.025001595390587 0.0256974703269886 0.0201853270806145 0.0231747503586662 0.0133396878821569 0.0227875125596532 0.0512791071624338
-9999 -9999 -9999 -9999 -9999 -9999 -9999 -9999 -9999 -9999 0.000654057949700601 0.00135527453583317 0.00230215282354343 0.00380126380406191 0.000544732604273714 0.000980314131552647 0.00359666175873076 0.00218321467989141 0.00116350178978054 0.00077668460201096 0.000799753770192916 0.00285194849141206 0.0024671596605701 0.000646097482853232 0.000532796804661422 0.000396537271464883 0.000964506674257621 0.00430492779024808 0.00406649562506754 0.000744000747899702 0.00246888400896562 0.00440117287815786 0.00226620101988845 0.00843151403282085 0.00718888676153526 0.00608583071750431 0.00882160992325905 0.0145738466428731 0.019864066762994 0.0170252624375203 0.00831018069224796 0.00899621145467622 0.00888838627071608 0.010889940780069
-9999 -9999 -9999 -9999 -9999 -9999 -9999 -9999 -9999 0.000518016000294096 0.00122275665178434 0.00255978674421356 0.00368575337435572 0.00129106745280852 0.00125086916307344 0.00402859700924938 0.0104093344513722 0.00430452430115608 0.00290101704497757 0.00132627640857095 0.000629126146600955 0.000404134403683145 0.000493592227524965 0.00512226439329216 0.00696936918169154 0.0104562304412621 0.0272874386691404 0.00673635356122082 0.0100576481989151 0.00205160184805413 0.0168519590426228 0.0174762237981056 0.00438905907477424 0.00622033336533406 0.00605482329581099 0.00940702248843743 0.00666518694446706 0.00648285328816129 0.0120179685255571 0.0122316299188788 0.00117174319107582 0.000618668186818612 0.00128309026892643 0.00147675317363303
-9999 -9999 0.000516601045202418 -9999 -9999 -9999 -9999 -9999 -9999 0.000422965196834717 0.00180070067282233 0.00213535227972993 0.00174657763752699 0.00317057464626999 0.00683066185231208 0.00494210480568141 0.00267760906721285 0.00385453006230384 0.00276692232148912 0.00281479883354108 0.00394259726902613 0.00888871763500314 0.010402614243339 0.00584241588187021 0.0101989666250987 0.00799640097784603 0.0173118012304661 0.0393666513900234 0.0873303559910724 0.0263188377023418 0.045347347681842 0.0310248567090678 0.0081169511352996 0.00768870837563679 0.0128653963022946 0.0194033709138749 0.0193311395680487 0.010985870220477 0.0205929226684769 0.0254113185318401 0.018012248902187 0.00858760608362416 0.00411989345527885 0.00223311023289306
-9999 -9999 -9999 -9999 -9999 -9999 -9999 -9999 -9999 0.00140027477348108 0.000287533750572606 0.00268385434748335 0.00515056998161208 0.0162747012114556 0.00892683568822417 0.0054655005179906 0.00334269931945599 0.00209144865294014 0.000988415200174149 0.00088447627903528 0.000918775330068162 0.00431175405043501 0.0110497436711512 0.0115369131096294 0.0102494589125747 0.00753076131813429 0.0103333472282938 0.0116214687053863 0.0127146321203312 0.0127766543502668 0.0355532103133976 0.0204202695505888 0.00950457963033744 0.00503010219022567 0.00210239694911724 0.0023599407738043 0.00276178633948155 0.00253120768906196 0.00122210007450692 0.00158677674794649 0.00273272322344048 0.00244178432916869 0.00249550771682128 0.00071958386545163
-9999 -9999 -9999 -9999 -9999 -9999 -9999 -9999 -9999 0.00221701100559028 0.00165606726169307 0.00415140121259954 0.00603416606815075 -9999 0.000702684253167563 0.00355740246473081 0.00141202502403576 0.00153537425579156 0.00077393624251323 0.000292155658528546 0.000565001455761046 0.00342606527078513 0.00575017277777351 0.00676493963012197 0.00566646417372509 0.00593960262033344 0.00705715735914994 0.0135731269671136 0.00503347360763853 0.0115708441028162 0.00622978014531145 0.00649998365180352 0.00711851301828214 0.0102257834169384 0.00969455730383928 0.00359693700048526 0.00111140571123094 0.00147098265701258 0.00162516887659867 0.00458403111284172 0.00521840050152432 0.00306643480249106 0.00103968122792358 0.000661837252017061
-9999 -9999 -9999 -9999 -9999 -9999 -9999 -9999 -9999 -9999 -9999 -9999 -9999 0.00052356673719276 0.00441383128614762 0.00907634820442525 0.00165884340875166 0.00133792630006709 0.0020419499845151 0.00168621139515533 0.000691138081886612 0.00336361232119379 0.00975277156797456 0.0300590119555429 0.0122318449519204 0.0153290957321219 0.0284215954997289 0.00966639307436844 0.0147923288613972 0.0105387758655676 0.0253157997955381 0.0234225683851533 0.00257975446157295 0.0248957525768106 0.0286806355977176 0.00451117209297943 0.0030886278740331 0.00163830552867136 0.000799169277301316 0.00138199227077422 0.00372719885343369 0.00417033065509388 0.00480245440050962 0.00077451276021537
-9999 -9999 -9999 -9999 -9999 -9999 -9999 0.000963957834962784 0.00297703462730651 0.0010675167312828 0.000591507930792017 -9999 0.000104612246119198 0.00157423425245072 0.00340575497952906 0.00119928637281179 0.000709751297222342 0.000394125105939077 0.00234828214646227 0.00199227872579334 0.0022898895997236 0.00254963201555781 0.00801816457512785 0.0102237097401955 0.028722770422203 0.0129078739102784 0.0156304027588354 0.00432621970927206 0.0134372684546828 0.00192518847028838 0.00295032788306597 0.00357909619922788 0.00564844041540192 0.004897505755108 0.00757011912361817 0.00587379175187191 0.00708348765446731 0.00358836843004062 0.00124191953185112 0.000925740050412529 0.000761455183234457 0.00140259963092205 0.00501080282710015 0.00225101311947751
-9999 -9999 -9999 -9999 -9999 -9999 -9999 -9999 -9999 0.00109584601774766 0.00195907536698607 -9999 -9999 0.000510342708272351 0.000701445321218775 0.000160418246713977 0.000450395346971154 0.00263204364782213 0.000231574654242155 0.000755426940383185 0.00553947274728004 0.00566279602625152 0.00714426508782949 0.00851459279747065 0.013037900094034 0.0123135876235551 0.00616625076505278 0.0138309272940878 0.00510055511498744 0.00613205536167761 0.00955221086641944 0.00629507981477575 0.00128701059288845 0.00232478104977758 0.00197719307791185 0.00986565905358784 0.0128657503128538 0.00487537887480103 0.00253034771858276 0.000788925205356743 0.000971177283787529 0.000747916255718877 0.00081789231629672 0.000819016458286322
-9999 -9999 -9999 -9999 -9999 -9999 -9999 -9999 -9999 -9999 -9999 -9999 -9999 -9999 0.00027261265913628 0.000700198477327086 0.00214740581453195 0.000254229671260653 4.26428225297299e-05 0.000707574022401286 0.00206202129912868 0.001337868506002 0.00229165588263564 0.00276171629232731 0.00251109603196561 0.00340156757983845 0.00198874769060848 0.00140917246329738 0.0033571068872366 0.0120059559916441 0.0339117580352334 0.00707618028072172 0.00176069392216069 0.00302739590071639 0.00151002073837056 0.00264743790776482 0.00595092334423909 0.00516712322561946 0.0071026964429908 0.0125083527977885 0.00537567885947191 0.00380436586583339 0.00304116733289869 0.00097183673573858
-9999 -9999 -9999 -9999 -9999 -9999 -9999 -9999 -9999 -9999 -9999 -9999 -9999 0.000103582924016119 0.000685973257028035 0.000288074560819215 0.000145019562564835 3.02074970835667e-05 4.71596213708791e-05 0.000172857910961073 0.000522784172286542 0.000750829514274176 0.000547294723872918 0.000896626802771608 0.00106320495637041 0.00143862915839901 0.0011927720123545 0.00108990232161732 0.00357023056030918 0.00399739094034293 0.0017034746460605 0.00524524929658055 0.00905451754225299 0.00412533677838624 0.00500771807551461 0.00134859151613205 0.00078551568145171 0.00393208532017619 0.00461903889069929 0.00607259172572669 0.00321133126642549 0.00381629312293677 0.00347019108305855 0.000710196388481324
