resultados/modelos/glm_backgroundw.asc
NCOLS 330 
NROWS 228 
XLLCORNER -12 
YLLCORNER 34 
CELLSIZE 0.166667 
NODATA_value -9999 
[rows 168 to 188 of 228, columns 0 to 45 of 330]
-9999 -9999 -9999 -9999 -9999 -9999 -9999 -9999 -9999 -9999 -9999 -9999 -9999 -9999 -9999 -9999 -9999 -9999 -9999 -9999 -9999 -9999 -9999 -9999 -9999 -9999 -9999 -9999 -9999 -9999 -9999 -9999 -9999 -9999 -9999 -9999 -9999 -9999 -9999 -9999 -9999 -9999 -9999 -9999 -9999 -9999
-9999 -9999 -9999 -9999 -9999 -9999 -9999 -9999 -9999 -9999 -9999 -9999 -9999 -9999 -9999 -9999 -9999 -9999 -9999 -9999 -9999 -9999 -9999 -9999 0.882091093324662 -9999 -9999 -9999 -9999 -9999 -9999 -9999 -9999 -9999 -9999 -9999 -9999 -9999 -9999 -9999 -9999 -9999 -9999 -9999 -9999 -9999
-9999 -9999 -9999 -9999 -9999 -9999 -9999 -9999 -9999 -9999 -9999 -9999 -9999 -9999 -9999 -9999 -9999 -9999 -9999 -9999 -9999 -9999 -9999 0.691039822589759 0.648754805452048 0.681752668504075 0.75706041710242 0.665299338285873 -9999 -9999 -9999 -9999 -9999 -9999 -9999 -9999 0.566774295141845 -9999 -9999 -9999 -9999 -9999 -9999 -9999 -9999 -9999
-9999 -9999 -9999 -9999 -9999 -9999 -9999 -9999 -9999 -9999 -9999 -9999 -9999 -9999 -9999 -9999 -9999 -9999 -9999 -9999 -9999 -9999 -9999 0.687438905614775 0.666587887278637 0.648073123301095 0.667094417763732 0.717003092831256 0.661700188620569 0.724309781768616 0.769455495316186 0.734760552688487 0.704686384318394 0.72032176307753 0.647429695587067 0.546533219119627 0.470496995606317 0.452516587530589 0.528219565951978 0.531693060393696 0.732052245883007 0.740337854621133 0.811677598497429 0.845395846127113 -9999 -9999
-9999 -9999 -9999 -9999 -9999 -9999 -9999 -9999 -9999 -9999 -9999 -9999 -9999 -9999 -9999 -9999 -9999 -9999 0.705070581589754 0.586174505717709 0.696027205233742 0.67513023751793 0.547550864912923 0.586565040393559 0.459046524111095 0.419868434595887 0.275381785709236 0.329247432020213 0.652084206864282 0.655465804578802 0.740541311298884 0.79446601261428 0.67268353191392 0.722972183630692 0.742972166491014 0.709530718534814 0.624699596831755 0.742445848731234 0.739510996057573 0.731676151763079 0.777254209105107 0.738299194341826 0.265768245519168 0.293186294298671 0.745031650254436 0.774210242354019
-9999 -9999 -9999 -9999 -9999 -9999 -9999 -9999 -9999 -9999 -9999 -9999 -9999 -9999 -9999 -9999 -9999 0.622912832669315 0.507647995030603 0.493953835030064 0.369784142400217 0.280844528416805 0.277439079737273 0.333822288671888 0.506260321196456 0.415563935885068 0.348211195134399 0.461863687964437 0.640308037101397 0.650840766875207 0.754431858150596 0.78498833261425 0.762643809737764 0.807576548138288 0.786707929128901 0.754171676609312 0.728266294670586 0.690866279059121 0.756817045695225 0.858936794031412 0.825632563105901 0.824397210580577 0.837183348026801 0.718911498360074 0.762030616490751 0.877857452482957
-9999 -9999 -9999 -9999 -9999 -9999 -9999 -9999 -9999 -9999 -9999 -9999 -9999 -9999 -9999 -9999 -9999 0.722093623827106 0.511035186155271 0.538134805105175 0.421958749501594 0.261237740603854 0.285188574406854 0.437592157271602 0.487943516419372 0.389141958394165 0.340901165699841 0.305529432723475 0.569594408726162 0.61714131746268 0.783818134756025 0.817643781133433 0.79383086510648 0.803245459798405 0.716320186614828 0.626490129772482 0.633166707393873 0.601173331940707 0.563645366618757 0.633876792213082 0.606942040998953 0.620188519269787 0.723316793191042 0.775473040076268 0.762746760822923 0.742394403152014
-9999 -9999 -9999 -9999 -9999 -9999 -9999 -9999 -9999 -9999 -9999 -9999 -9999 -9999 -9999 -9999 -9999 0.724536957391381 0.763691770422016 0.670314693848374 0.472672681404206 0.456849269708055 0.459587466246274 0.471848569713827 0.464027801979711 0.401264538738788 0.471771344164183 0.371595160509483 0.712986289140879 0.722661249181386 0.791097198721209 0.716864188543403 0.524740924701258 0.714359923232298 0.722519255487919 0.568283758861181 0.336603093742086 0.338892912248639 0.288585312635836 0.391666394013582 0.31945474482171 0.421402647490781 0.423534596791409 0.425457161509096 0.270713397067822 0.205285224756847
-9999 -9999 -9999 -9999 -9999 -9999 -9999 -9999 -9999 -9999 -9999 -9999 -9999 -9999 -9999 -9999 -9999 -9999 -9999 0.617091252393918 0.5805569054111 0.542126903789833 0.563761115780205 0.47345895739314 0.526256854175048 0.453838502881589 0.375324663982073 0.424860700504636 0.719319655509162 0.784727872382448 0.642702888417386 0.379178807179129 0.349941882869286 0.587486927001434 0.54707105894081 0.211712762452567 0.114863180238658 0.110932894332364 0.109905086820694 0.0681733809268998 0.0815016545869994 0.104601073019318 0.172340496284432 0.122397958240813 0.155264235621536 0.100888564607154
-9999 -9999 -9999 -9999 -9999 -9999 -9999 -9999 -9999 -9999 -9999 -9999 -9999 -9999 -9999 -9999 -9999 -9999 -9999 0.783414045034862 0.62473578912915 0.689082641085359 0.690740313776451 0.489139548026578 0.474424700424854 0.602569718559357 0.645196754981797 0.628617811528606 0.656137815499789 0.652595992694747 0.582774656631669 0.585889101772666 0.691975683529122 0.726831465832076 0.316822958114253 0.112045871357328 0.0760684643775085 0.0410386867922797 0.0359587124583996 0.0305326425452693 0.0339654577462759 0.0417030903111549 0.0728348506413772 0.0501741696513187 0.0532160167671337 0.0550918182874412
-9999 -9999 -9999 -9999 -9999 -9999 -9999 -9999 -9999 -9999 -9999 -9999 -9999 -9999 -9999 -9999 -9999 -9999 -9999 -9999 0.651310641223957 0.664214774454821 0.705447582449797 0.441373507384546 0.347821071634465 0.439573830907763 0.671799580470495 0.777295693678368 0.746933467262825 0.627349487066188 0.760824075412841 0.792648888549876 0.690537604802414 0.680219493031901 0.551510564605536 0.107022450727023 0.0585206329296563 0.0370337963807688 0.0294236113724166 0.0297216147037615 0.0279827049312141 0.0262096368610545 0.0318343364283901 0.0354519234904761 0.0316253736466788 0.0427235690477609
-9999 -9999 -9999 -9999 -9999 -9999 -9999 -9999 -9999 -9999 -9999 -9999 -9999 -9999 -9999 -9999 -9999 -9999 -9999 0.721929253204863 0.508574815829859 0.555676248732954 0.669533188260014 0.800957217996411 0.573469576457838 0.262654205608747 0.40291937078162 0.721757503970448 0.686501069866055 0.627058239502316 0.738070208063205 0.751029110001875 0.491116793982265 0.449613494385903 0.207214170302096 0.0902777119748562 0.0701866828447325 0.0334983647171406 0.0306218041812352 0.0241873691592886 0.0238667863121261 0.0254885360218681 0.0225692471231706 0.0242672777205356 0.0386656092704723 0.0553340229358243
-9999 -9999 -9999 -9999 -9999 -9999 -9999 -9999 -9999 -9999 -9999 -9999 -9999 -9999 -9999 -9999 -9999 -9999 -9999 0.71601773988547 0.70966585028336 0.644865482244891 0.718853253961286 0.710925337834579 0.796706817346898 0.646437643248889 0.325292422856014 0.321960592145655 0.339168819418885 0.358977123638273 0.400312311271488 0.497084267462002 0.280506292161761 0.244418628246806 0.223240589106136 0.185776460738116 0.0616869699608663 0.0379542406487263 0.0237703842450045 0.0233872227090256 0.0219340133332488 0.0262052480734861 0.0315079527014958 0.0405401323691225 0.0606646978377257 0.0582861584576542
-9999 -9999 -9999 -9999 -9999 -9999 -9999 -9999 -9999 -9999 -9999 -9999 -9999 -9999 -9999 -9999 -9999 -9999 -9999 0.744026580325713 0.56102206890108 0.533517079063701 0.707701106391561 0.721752851546656 0.724146215947624 0.574961010605005 0.374847660880789 0.286301161178641 0.250517934985963 0.20609630188457 0.399317740198897 0.152183651554784 0.137923480549857 0.130890915745 0.0809973524161313 0.1141353654156 0.0752587875309327 0.0307612561889686 0.0193332463328962 0.0249959982821549 0.0284492860280663 0.0377207350036229 0.0240735280174676 0.0492662334117872 0.0443363145116929 0.0424041651464463
-9999 -9999 -9999 -9999 -9999 -9999 -9999 -9999 -9999 -9999 -9999 -9999 -9999 -9999 -9999 -9999 -9999 -9999 -9999 0.569576486277542 0.375486690478555 0.369066204370161 0.402027908107325 0.577250314227724 0.59524760282808 0.459659470960308 0.41611739293009 0.295816135035282 0.0802409150463363 0.154629806103436 0.205709556115839 0.179907975188564 0.10350281366167 0.0863999872847476 0.081936779573312 0.0822185307449479 0.0653479001449397 0.0348011262176784 0.0342022270166586 0.0307972574206334 0.0239561929897385 0.0307476620887986 0.0448751191413878 0.0649926813463173 0.0608463495349341 0.0681711540502415
-9999 -9999 -9999 -9999 -9999 -9999 -9999 -9999 -9999 -9999 -9999 -9999 -9999 -9999 -9999 -9999 -9999 -9999 -9999 0.517713185584136 0.326749601391493 0.296709380066293 0.301575881986979 0.373494647292538 0.382695143270077 0.566951717420297 0.284402703075568 0.183682190554962 0.142784668686137 0.187248778157165 0.232140526499025 0.134958440401289 0.142493112124593 0.0786455759008274 0.063203588865124 0.054498306947485 0.0508557476148834 0.0412178726129429 0.0342651438717066 0.029783353166585 0.0294106319638371 0.0268646020284283 0.0260680615954466 0.0279485637249175 0.0489695258514837 0.0654356573554176
-9999 -9999 -9999 -9999 -9999 -9999 -9999 -9999 -9999 -9999 -9999 -9999 -9999 -9999 -9999 -9999 -9999 -9999 -9999 -9999 0.468089261419881 0.388235613454359 0.248856500455541 0.372245187242223 0.561573354758507 0.232472979420359 0.223167141805647 0.207248690713614 0.205476750504808 0.107013865988096 0.142752169734371 0.134964775172867 0.0978745362698427 0.128334769624858 -9999 0.051666246147286 0.0487762759921258 0.0400182512216813 0.0308106248085078 0.0307929620983032 0.0202132349181348 0.0176485374068448 0.0209294955416431 0.0290900070952727 0.0392689760564446 0.0442604071488822
-9999 -9999 -9999 -9999 -9999 -9999 -9999 -9999 -9999 -9999 -9999 -9999 -9999 -9999 -9999 -9999 -9999 -9999 -9999 -9999 0.487775258898759 0.37724874486709 0.350723766298215 0.514587015863551 0.499025633512195 0.353389131125085 0.314253109741161 0.219044543758517 0.132939831091504 0.09948586573242 0.147095886246617 0.136849614541046 0.0412512474150442 0.0326923433367437 0.0365896028332526 0.0400762543499849 0.0323102969155943 0.027878097174721 0.0273707587939979 0.0260482812174551 0.0219498125207401 0.0219271073591292 0.0231942099751202 0.0323352559071235 0.0355023982567804 0.0503722545922516
-9999 -9999 -9999 -9999 -9999 -9999 -9999 -9999 -9999 -9999 -9999 -9999 -9999 -9999 -9999 -9999 -9999 -9999 -9999 -9999 0.592377590267861 0.508090629576713 0.681734226270298 0.599326046612595 0.55462915228759 0.339604820172734 0.325688694399955 0.232946728127403 0.139139799433955 0.101656867233819 0.11613554199117 0.0772223615526991 0.0521530911491799 0.0456106863435786 0.0366876619060737 0.04986820620218 0.0283894763746401 0.0438433459472824 0.0625320854289183 0.0274094461713768 0.0269486198485398 0.034234036295434 0.0265453879131158 0.0271100207159693 0.0489112188542819 0.0537821086585076
-9999 -9999 -9999 -9999 -9999 -9999 -9999 -9999 -9999 -9999 -9999 -9999 -9999 -9999 -9999 -9999 -9999 -9999 -9999 -9999 0.469805303901128 0.653719403956987 0.557914046734267 0.433379900330042 0.19576183859023 0.206397700409858 0.211743950803628 0.21047664126758 0.0907084023752101 0.107724112496254 0.0794661826779758 0.0757496181221448 0.0790947096492832 0.0481125448607235 0.0459318439820794 0.0520915748682363 0.0749695440886389 0.0602677505467536 0.049541764201434 0.0342511603124314 0.0575194332197585 0.101816539531175 0.147593640894608 0.137767236705172 0.121197109965398 0.198159017924176
-9999 -9999 -9999 -9999 -9999 -9999 -9999 -9999 -9999 -9999 -9999 -9999 -9999 -9999 -9999 -9999 -9999 -9999 -9999 0.450772617071575 0.294793045325313 0.328348645977827 0.596529659949357 0.364952222716169 0.0963749528953495 0.126070091197965 0.1498065775396 0.416968111966374 0.340094220012942 0.131708408939571 0.102810019922968 0.0733325213103888 0.0621095013746156 0.107704442997416 0.288944421859174 0.19789653565729 0.134973257827255 0.0427496183934986 0.075422202215848 0.0749739829534694 0.196933004951201 0.297460327558791 0.193566134885282 0.203081395686347 0.210147741567163 0.272527222184544
