resultados/modelos/glm_ausencia.asc
NCOLS 330 
NROWS 228 
XLLCORNER -12 
YLLCORNER 34 
CELLSIZE 0.166667 
NODATA_value -9999 
[rows 63 to 83 of 228, columns 235 to 281 of 330]
0.426873649129333 0.517746554486397 0.513449202913952 0.557653918580181 0.589267718238382 -9999 0.535178499323658 0.542559204625811 0.572030116575947 0.451510623309034 0.496809505430878 0.475255172802265 0.468830584358662 0.450499784066084 0.657890726037308 0.548632343175535 0.580818321733319 0.537972382235808 -9999 -9999 -9999 -9999 -9999 -9999 -9999 -9999 -9999 0.461325703511972 0.430482291921226 0.444482378113188 0.389014833844838 0.435638579229241 0.485514295860013 0.493559171941277 0.538377320152671 0.868586039073608 0.650300279827418 0.529758603352866 0.574495756231033 0.701901439345284 0.712484655337137 0.565244215114766 0.670638327667911 0.868230971862217 0.98842050141539 0.961367625150874 0.80300838400309
0.521403099053725 0.56742582247497 -9999 0.508441774063779 0.502277245233703 -9999 -9999 -9999 0.610106785270662 0.540101644983512 0.448498196555912 0.576532435616647 0.682745042623413 0.671258695736579 0.759813569597507 0.639783793950434 0.484341070271061 -9999 -9999 -9999 -9999 -9999 -9999 -9999 -9999 -9999 -9999 -9999 -9999 -9999 0.407833160403907 0.365137086946007 0.377364403950713 0.457741582510488 0.479468791398189 0.511559841505479 0.559609671133974 0.558131099546868 0.500381609414848 0.44910714652503 0.471527752041265 0.605864697755182 0.577723173863072 0.561839061659622 0.613855755310793 0.500483073796807 0.434086066029603
0.532560104154045 0.555799785573703 0.553891180217671 0.499558991985254 0.505624574410259 0.447792136010972 0.449568498549286 0.392958806607266 0.492245032360263 0.532806141139106 0.523089466165014 0.575051824373912 0.529792404864537 0.49784033928762 0.572092451840222 0.550085126725953 0.46947168959385 0.469401174578357 -9999 -9999 -9999 -9999 -9999 -9999 -9999 -9999 -9999 -9999 -9999 -9999 -9999 -9999 0.390795865356196 0.360829477707011 0.37959946762764 0.404468703996006 0.420042795856529 0.467930434277853 0.466753473318404 0.531227665594746 0.550030172081921 0.806864530271834 0.557995968290826 0.526126537390387 0.477021218643483 0.589929999668543 0.376026454648607
0.481972972564489 0.534335900354778 0.487915826134151 0.485168019017806 0.476672891029521 0.480370987896808 0.453989369398979 0.495460732880426 0.486475562477877 0.521010340055651 0.573389375372134 0.609269058257084 0.493774404286925 0.518754281840911 0.530087998824517 0.519327707915022 0.479737720136801 0.505003721405312 0.503205881058671 -9999 -9999 -9999 -9999 -9999 -9999 -9999 -9999 -9999 -9999 -9999 -9999 -9999 -9999 0.344523019454792 0.321362705616366 0.365882624406797 0.376127778637955 0.423648012759124 0.47475660479744 0.575013344147362 0.55938022315465 0.637972386032536 0.759684742756934 0.708715818220552 0.562758301472836 0.663432572674012 0.571968558383344
0.499973215146704 0.499342379390599 0.465273102448361 0.495185836805857 0.562053628854565 0.547549486726705 0.546331636927248 0.496560379768653 0.515066942950174 0.500814119944679 0.568412675371066 0.478572245534036 0.532967067052954 0.504168776934655 0.465229209357894 0.525396912080189 0.512315810907672 0.523221381918384 0.515491993988364 0.554386419469668 -9999 -9999 -9999 -9999 -9999 -9999 -9999 -9999 -9999 -9999 -9999 -9999 -9999 -9999 0.45100885156701 0.31797220417223 0.39126175049275 0.418554317124148 0.414304515437446 0.530617813626831 0.666377867421115 0.555884655359267 0.65818100996888 0.69290004116097 0.603604025797849 0.379938503456743 0.477758528774627
0.468829351811743 0.529534827299916 0.533852403336249 -9999 0.512376495706362 0.436013448360756 0.481858682285834 -9999 -9999 0.439997434851862 0.417637151251914 0.414539254936004 0.433357661091555 0.499679997096829 0.499528529839495 0.529378208065045 0.507159440894998 0.473897998953278 0.480070239898364 0.465882972270888 0.484786603878475 -9999 -9999 -9999 -9999 -9999 -9999 -9999 -9999 -9999 -9999 -9999 -9999 -9999 -9999 -9999 0.395336702287725 0.459157617027988 0.5421676919173 0.48246618591524 0.567227897238225 0.558855262043561 0.630585505465656 0.751226065962865 0.543645007682354 0.5020615915345 0.565552789114453
-9999 -9999 -9999 -9999 -9999 -9999 -9999 -9999 0.430776939634326 0.389123876553249 0.52628114924696 0.514296447724743 0.457856213248149 0.503688200558536 0.584917238999669 0.485639211975932 0.471579295153808 0.546872527687654 0.516301678927765 0.456256236684617 0.510290475142945 0.572322947619753 -9999 -9999 -9999 -9999 -9999 -9999 -9999 -9999 -9999 -9999 -9999 0.446163199713151 0.340736544789449 0.311255433035456 0.348529023368047 0.379561470081321 0.349983163095274 0.3785696007052 0.459081791519859 0.43494563470696 0.565073680531466 0.520024193411301 0.513003604189725 0.54522939115027 0.447789907854532
-9999 -9999 -9999 -9999 -9999 -9999 -9999 -9999 -9999 -9999 -9999 0.403500630231627 0.435782309454067 0.364451159869474 0.432166829343401 0.457285590218596 0.446922222903631 0.52768609522114 0.508643884619295 0.539594911744362 0.676313302589625 0.598574766891276 0.467475071328964 -9999 -9999 -9999 -9999 -9999 -9999 -9999 -9999 -9999 -9999 0.384775630742233 0.403924443309589 0.339494248084416 0.393040641393016 0.386633221095639 0.511699631688388 0.468153353601138 0.498489260613004 0.416419441534355 0.46111575188074 0.694737118899893 0.549822974416559 0.539541823826256 0.370470659080455
-9999 -9999 -9999 -9999 -9999 -9999 -9999 -9999 -9999 -9999 -9999 -9999 -9999 -9999 -9999 -9999 -9999 0.62903675424902 0.568509949657765 0.545844947534881 0.838434139964916 0.54789274709509 0.521852730376906 -9999 -9999 -9999 0.480557216104179 0.486880395452344 0.47353581599837 0.458967991829953 0.37211039414656 0.392629900670404 0.390901630666467 0.40360292385228 0.43426388964585 0.398833596854216 0.401486388998279 0.405275134628309 0.385430252960558 0.415789829421209 0.51530338509328 0.447722827581965 0.427623114385179 0.422108288942113 0.42197734212858 0.432993652805371 0.368011665607399
-9999 -9999 -9999 -9999 -9999 -9999 -9999 -9999 -9999 -9999 -9999 0.481187310974863 0.500573499632608 0.484108202259131 0.495767704976349 -9999 -9999 -9999 0.438302664566569 0.337263134230143 0.550783048536625 0.502396486784536 0.509471110074606 -9999 0.455123384429465 -9999 0.47453361724021 0.45243688718542 0.564744758388755 0.501812293197469 0.438411229763275 0.469341454949658 0.498945910062297 0.469307557935297 0.407710477004263 0.310725076123487 0.394189880640286 0.374860965158521 0.346907492140713 0.351210840593513 0.320758833678258 0.374231373600375 0.335564535785861 0.371827837279665 0.371932229508046 0.379454788574258 0.390584934854461
-9999 -9999 -9999 -9999 -9999 0.591012814582645 -9999 -9999 0.542275971592794 0.547652899892229 0.526066637652638 0.560081720953661 0.628242896308502 0.584774428365402 0.650912563799932 0.599842969493408 0.5853541901442 0.527757113849594 0.480063546477698 0.485513618307065 0.539187973424035 0.525328516765903 0.541822074290008 0.503559314965593 0.558064090837996 0.607028963010488 0.5004426131663 0.521806358576784 0.855281041385539 0.593244172333182 0.652331833416374 0.461084582885627 0.45652279768033 0.339915256005256 0.408123786444045 0.345259259269599 0.351761290854784 0.307060344515342 0.287914894707217 0.316715495746026 0.366948974251739 0.433610019998627 0.415683366329775 0.350776155636489 0.329093976949661 0.302970705758085 0.388369409518791
-9999 -9999 -9999 -9999 -9999 -9999 0.602866312063603 0.602903955682271 0.631268886207119 0.602499074949842 0.607634717644721 0.544873849882174 0.524168200270542 0.572917543231027 0.58155768186746 0.55738119852947 0.594618111163736 0.540923925336015 0.527449396434614 0.500681091420953 0.461806775001854 0.579040923555192 0.502296415988964 0.586141987187608 0.58327526102671 0.507632494721387 0.645833084935718 0.599817375592872 0.772852966207257 0.535314839860263 0.550196770872578 0.507796619432334 0.471189913633415 0.372517563524115 0.387488951026843 0.397539249842575 0.384600481089387 0.289463233906618 0.261592482114859 0.323362260836716 0.421692494990019 0.3875424913569 0.340929404282128 0.413444242774895 0.37180096017823 0.332919896209458 0.295848159572969
0.531382708319663 0.567902252502138 -9999 -9999 -9999 0.545692199867949 0.533579481162493 0.501002455459617 0.47998341936548 0.659577599076936 0.829722542439923 0.732663666308429 0.801260502402923 0.64249663058926 0.709951937144352 0.731708533586058 0.603967505390433 0.62308734004538 0.495629371807075 0.485475191303194 0.445455001323421 0.433592769596108 0.477833037815208 0.542597042712719 0.498226955210924 0.545639898893861 0.575857812010608 0.685549483364069 0.766111106443106 0.396060973297414 0.540319439094895 0.79169623986758 0.657532654803232 0.425105655384832 0.392495562639135 0.615792979305334 0.58568619053218 0.37848339400387 0.383535747358881 0.414130674240268 0.367355485533954 0.376705467079052 0.315374680567077 0.316896913958435 0.342427768581631 0.303396720571679 0.305084517592589
0.626240162715728 0.606865123959596 0.505300940285819 0.430667301432626 0.608791909992932 0.658987410381094 0.618564723560755 0.583989601657087 0.474720923972512 0.453899595965878 0.514658430381884 0.713013922689527 0.685411530304132 0.88484067294201 0.788090610665851 0.589609300875874 0.749085279182173 0.549489922106519 0.505802033793475 0.526208605497495 0.644493797723695 0.604676983706553 0.737139300827872 0.704036713028966 0.517932759259175 0.632062632603312 0.495768190001798 0.759246495834451 0.758588729801763 0.673217648997368 0.516163133660577 0.395632595765726 0.421959476115983 0.482019325922964 0.423375958804838 0.571592832525183 0.880068569923518 0.598765614172324 0.748919344886054 0.832876861202092 0.509460921255745 0.426135254523599 0.52713727974559 0.492640851749704 0.3575655392239 0.376676265378388 0.350092715893555
0.541448054276109 0.555460175060386 0.577954603030995 0.673045458852665 0.597421879772057 0.583751761542766 0.651686456546902 0.644064807044846 0.71623629304943 0.796236874279174 0.579990182010912 0.633220391137883 0.559832793616423 0.587039713727629 0.608319970575836 0.592919526439518 0.668938711404118 0.730468782933787 -9999 0.584874308137843 0.621153932702674 0.573983113512629 0.744109168342098 0.788630292336328 0.659946632086289 0.872304101331823 0.890592068093565 0.975719235027121 0.840896851137775 0.664886950634032 0.786409652183372 0.429109276521263 0.610063270486113 0.810475616958671 0.940695599577257 0.996241233527777 0.822872834905347 0.725170740390147 0.832933289546984 0.68628614239273 0.596980987172373 0.454963177907362 0.46152210869067 0.311908368356057 0.311533521088661 0.325869281512518 0.324372188803505
-9999 -9999 -9999 0.578348733980442 0.655520113700578 0.767577927251033 0.717483836834801 0.817200040307378 0.751019767250147 0.593025091262328 0.81743823020751 0.608613113166683 0.667472706320985 0.645581790329846 0.62936964379252 0.612343924710526 0.5291411519591 0.592773871460087 0.583869926198309 0.76246441240433 0.657566037017144 0.804042077095667 0.548657920217998 0.547364129531121 0.887683999568685 0.97676766173223 0.993058032835868 0.906651575993849 0.745531158938625 0.891647194226556 0.980954210632416 0.73281320501693 0.398414343949989 0.639940069960928 0.475867491314901 0.788691110544912 0.544311169123074 0.831629802699134 0.874338254977173 0.558568664195098 0.426018779852246 0.372203193524971 0.365859805313406 0.326855675171359 0.289211860608763 0.372627513513643 0.325193775342361
-9999 -9999 -9999 -9999 0.68867365202892 0.685084240889348 0.716861222940057 0.634244574519378 0.829875159365211 0.664781526687322 0.559871641661014 0.510207460224765 0.570732448400319 0.489353391702193 0.495005240664919 0.491605240844358 0.451390144381872 0.583295102133248 0.618344760619574 0.612436726901277 0.768504592684846 0.807448328395737 0.607799409170277 0.768870049076862 0.684891841224022 0.929375435549155 0.880117563248519 0.687249720675054 0.461306898630837 0.690029765110496 0.766285007979445 0.703077839807213 0.993911543700231 0.949756160167988 0.81190307561921 0.634489380245981 0.948180010398754 0.777384341015863 0.915339798054902 0.651282557577647 0.609186897267812 0.451980672101091 0.483670504132877 0.409391629475716 0.424162930355582 0.363764133416829 0.43458677242483
-9999 -9999 -9999 -9999 0.770693059260627 0.796451791451336 0.609673214716881 0.58317026959755 0.621601168922132 0.628535134282492 0.570594196727329 0.648859497434326 0.62171015308993 0.506722274610672 0.557798077330995 0.564673017441257 0.504496445908119 0.556068958805657 0.675974220820952 0.837131540462594 0.860508804069585 0.767594002414959 0.759688678528936 0.609170061896118 0.480769302064434 0.411316215690769 0.66482546903712 0.482467237321073 0.494908122609925 0.401397751451247 0.499304408406608 0.72494732023739 0.952437276131092 0.976081453722046 0.557307798241554 0.599835774191437 0.832235891152198 0.874076094620757 0.880788318868196 0.747061765319634 0.700568554587737 0.581713884548259 0.89889810286527 0.847782106156013 0.525260323527771 0.627180946124624 0.423145774096877
0.573980754767499 -9999 -9999 0.615610715831781 0.618315995159004 0.578535571109624 0.550037896465679 0.628643829545788 0.642829574454434 0.64085014007787 0.65852310242586 0.655835529308026 0.559377589830755 0.556213719522644 0.707198646033527 0.741436666552586 0.574057783262384 0.777496668061568 0.740698784921925 0.904750547291683 0.840472936459763 0.896139834912289 0.881176789919101 0.546737457819215 -9999 0.361007057612369 0.475928713490551 0.669059806397666 0.634503651931135 0.77628546097986 0.863386975727669 0.506207962761643 0.931633779473784 0.89311214863756 0.785965262640815 0.650265352787784 0.596810721065882 0.583559544299341 0.55735534239987 0.486489802124294 0.298942804904569 0.648025182730167 0.692132425053233 0.687375592077038 0.752042804525378 0.682633438099642 0.562545001823455
0.60845409931922 0.564049397265796 0.564686995394749 0.642198975969151 0.58043718339008 0.586888785247436 0.545674268929586 0.586573660489695 0.740626968727092 0.726851633806042 0.666953633888929 0.532015816923564 0.499153269430793 0.44498795155439 0.596743881740542 0.678945842793776 0.777546147145663 0.965766785690865 0.823865611454453 0.976147599978896 0.856889134752887 0.551962510127776 0.482289180666874 -9999 -9999 -9999 -9999 0.83352677238206 0.939612409222906 0.946755627962943 0.995384414408227 0.698384802994079 0.694337793401182 0.917411712058942 0.999592626088095 0.984882151647074 0.619652864168249 0.768690586981753 0.640852077251605 0.73753760079346 0.539745951976359 0.474284997289208 0.455803713687686 0.535811044074151 0.476639870629594 0.463770987735068 0.8578922258674
0.573106818089706 0.560212787021133 0.493293946248803 -9999 -9999 0.571815721525431 0.6544250247394 0.906257688585165 0.926922430212772 0.810359192060446 0.734108267257386 0.563794786116795 0.593493189755999 0.639165383528837 0.624272702056489 0.805470311510164 0.789403082920634 0.720571185486993 0.572404140923321 0.661008328073861 0.881804218873111 0.971117891589057 0.928431482529005 0.558274506984026 0.507331932666556 0.987449837483107 0.9995128278634 0.855246981119672 0.902521803602058 0.791760063558187 0.868662376086101 0.869742813727787 0.499004276768725 0.676615257145137 0.744805592047801 0.762462095473459 0.627879406201901 0.658045055530986 0.665470960693004 0.78437724688196 0.47111310591183 0.599028306287869 0.411526261136434 0.509979839576181 0.523738657801238 0.566366248692295 0.644873485314172
