resultados/modelos/glm_pseudoausencia.asc
NCOLS 330 
NROWS 228 
XLLCORNER -12 
YLLCORNER 34 
CELLSIZE 0.166667 
NODATA_value -9999 
[rows 126 to 146 of 228, columns 276 to 321 of 330]
0.0366343085202582 0.0199662113494589 0.0483837184597326 0.192369618661943 0.0716406726125792 0.083965021488869 0.142258747847513 0.0881700503705818 0.0416812731125421 0.0452367317017716 0.0476228706346881 0.0400249387720868 0.0244776477552214 0.0288675359407946 0.0256746260328482 0.0328929197102526 0.0317940271426016 0.0249577625140955 0.0256897942540551 0.0340719815554003 0.0319923907173048 0.0396636101113025 0.0552130505165675 0.0294200861995972 0.0465057521265716 0.0381424157279419 0.0269093185693905 0.0332384657225686 0.037703230671356 0.0692780374066989 0.0257899186384343 0.0189074682631761 0.0209480124091358 0.0201555306704371 0.0326305165850045 0.0121536720880851 0.0186104403396539 0.00981122903079178 0.010754578776558 0.0101452117541534 0.00834886223691448 0.0110854029732176 0.00632841606196527 0.00692649856138229 0.00791268438367334 0.00618638232903573
0.0302247099281814 0.0582798466721917 0.0390825643498213 0.0938660928820594 0.0683923046494917 0.0919185077822984 0.0941948328975182 0.0752012019746776 0.0950403942907365 0.0522303696804987 0.0619687196222326 0.0541180847949403 0.0266368823971815 0.0241962654037094 0.024506916682447 0.0437433857988215 0.0415348993408133 0.0397727385964986 0.0635046995014825 0.0280458207836077 0.0262657314844852 0.0362833957065796 0.0815986050511411 0.0355589635438881 0.0320735468155028 0.101122761627172 0.0601408065315879 0.0220723975948124 0.120257484887234 0.0244056866320601 0.0150520112582203 0.0113896414624259 0.0127618895563953 0.0121693627374447 0.0201463607313584 0.0116561699829409 0.0117363097746512 0.0936904731808218 0.154384291257448 0.00711883025833504 0.00772280698662065 0.00832524207031074 0.00539797540429084 0.00704039299587094 0.00541190297002579 0.00777845557654239
0.0259965275007695 0.029695538669522 0.0621066651401343 0.0762047961818797 0.163129679152071 0.222053665961747 0.0675036917273011 0.26556656232548 0.30821054928244 0.162384719719351 0.135615016678755 0.0633772857520985 0.0447659006153051 0.0441903283866627 0.0340861959145858 0.0811181775921565 0.0436290744578367 0.0955858030201008 0.064822280058912 0.0393166590197846 0.036323741286913 0.0301750290457288 0.0556358091748754 0.038969939831967 0.04049751736221 0.0397643002203411 0.0287162309402164 0.0269689698174407 0.0179023497905632 0.0181119238408744 0.0137862464223017 0.0181501419115914 0.0160222369116824 0.0142597712042395 0.0141119101271258 0.0246324381722435 0.01409080736836 0.0732391163396147 0.0130797462982987 0.00856430586193158 0.0184646125108427 0.00967707204510136 0.00940054567099753 0.00582204118847565 0.00643628838584241 0.00636256572678727
0.0510312446184387 0.0458072620218255 0.0429868034303729 0.070939247393914 0.75788874344699 0.662520659140075 0.187959420006049 0.090480684913859 0.15219642065855 0.160635104156917 0.449847695189513 0.0928457611751799 0.056629290126182 0.0980206870297179 0.0440881230064298 0.0362621208211637 0.0779505820133994 0.138405494268243 0.142998073371615 0.044543417947893 0.0503531991998316 0.0503389335059535 0.0406793820446949 0.0377441589216779 0.0698125957442734 0.10713609323444 0.0396782314868886 0.0238043710009516 0.0182483989852165 0.016436565201805 0.0140767418141554 0.0133263433955545 0.0193301602871575 0.0117956142376305 0.0124158932638669 0.0118019351923124 0.0174989602859815 0.00718119180136317 0.0154277104796254 0.0117881908399355 0.00843827500424656 0.0193637137864868 0.00595113795818465 0.00469571436966554 0.00486780076890909 0.00664518477011746
0.0319601988594887 0.0284341175753065 0.0289314508872384 0.0278376686784936 0.129982767554058 0.246415052255508 0.581181769380162 0.138556012887707 0.118404036776386 0.0893849035175755 0.294741312621589 0.208482458626204 0.0522951961405993 0.056769623624792 0.0592952412591202 0.0410998021097263 0.249870526568048 0.0698262758964781 0.0399459328263487 0.0378319745475775 0.0262950529731539 0.0301800545219818 0.0311778214048133 0.0528981116351694 0.0752594365240232 0.0668570586469995 0.0356135494267573 0.0221895365948809 0.0211192563312539 0.0146120920824214 0.01817004603676 0.0146099474379005 0.0139181888013276 0.0146385113631361 0.0113197933964223 0.0120885007384912 0.00905690686237681 0.00537405813993278 0.00588397891943849 0.00766991515268184 0.00644811279950436 0.0046101470341537 0.00627104066047179 0.00468934328507832 0.00582456516708277 0.0090773783637534
0.0649108467699462 0.0367055827007955 0.0279827846710017 0.0306294423745564 0.0444690464425601 0.19320888168881 0.161140961054533 0.0927829047058697 0.0963555595351349 0.105489213520998 0.136665044839976 0.0470735289494734 0.208039111971371 0.186883026197647 0.0475268927094434 0.0698166109916971 0.0863562305083729 0.0263992594058272 0.0287515155693418 0.0375085846090585 0.0392506983642932 0.0424715230475438 0.0517158605888703 0.0503772361036231 0.0455873905943681 0.0282509026897086 0.0316560735953186 0.0270960608770003 0.0265983332120776 0.0154665845897318 0.0123716662111965 0.0179509033531775 0.0136940015319346 0.0134428911347272 0.0121144013791794 0.00712544672573117 0.0194652745981969 0.00982574161881793 0.0124278534483883 0.00925327152311972 0.00537237813422824 0.00719994387722518 0.00616832693808891 0.0049713561545516 0.00687369789050275 0.00576428206797593
0.2257096260765 0.112479664755257 0.0237309385405359 0.0746870914393953 0.0311193502928223 0.121787001219758 0.359078290348782 0.449649957564989 0.798889222449541 0.591164717177619 0.0528290345332632 0.0738654887806411 0.0778518487303104 0.051314016204154 0.0515778868336338 0.0273391799273138 0.178960195638027 0.128147082667942 0.0277047467023584 0.0306418978885636 0.0436566153604106 0.0360575940563017 0.048112436352024 0.0265629303015926 0.0217787375943916 0.0190494674583999 0.0177924721394691 0.0217344407742296 0.0173624740579132 0.015352711296768 0.0145392753939119 0.0143634480833102 0.0113182174005597 0.00905466361332311 0.00905393121124738 0.00708955624552586 0.00963273255423006 0.00737636791098748 0.00686511764953923 0.0111824780259332 0.0180401197903291 0.00890146940776842 0.00562502525457558 0.0117408262314729 0.00471756660149796 0.0141621414037982
0.364587549942856 0.196067092463578 0.13213374658938 0.0564577081365676 0.0390589097775751 0.106878219214831 0.0696987029541429 0.304474249119914 0.245001813503015 0.0458927236886268 0.0451880663822845 0.0363320038137961 0.0432343532931085 0.0592712226512064 0.0746691643136061 0.0623621830040799 0.0288404694623744 0.0283655799210127 0.0207619879476568 0.0186205506358374 0.0278230114084519 0.0652059024282316 0.0271221296615653 0.0231199916589682 0.0202236870211513 0.0221305034982689 0.0209046439357346 0.0158359085071665 0.0156039924300444 0.0198114334782695 0.0135938335183863 0.0147814466739508 0.0120015249968358 0.00984187770994497 0.00908088798098601 0.0102591211411773 0.00694624790751402 0.00568157741963239 0.00455516872563161 0.00423763568959452 0.00466710862696448 0.00579974699732797 0.00920885803736172 0.00668518591665237 0.00370726890744595 0.00856180177302745
0.0481499390672558 0.0825557680915124 0.0404056633283767 0.0477215568872971 0.0433581610178832 0.0342894046564839 0.105944982198352 0.0571201900910867 0.0226801635863495 0.0201378825838468 0.0271029200675625 0.0268068330562089 0.0225938933988732 0.15192316028539 0.0594533219465384 0.0413838493887417 0.0127262545123736 0.0181419085768249 0.0170175024917752 0.0294357172720989 0.0341737739638031 0.0451167030926045 0.103723912433308 0.0329868498068406 0.0355408754892862 0.0177216944321582 0.0153731874584982 0.0134061780535258 0.0146400698900354 0.0230418822066278 0.0140113675303901 0.016332217064915 0.0106692456257409 0.0103669553855495 0.00845724297392001 0.00890410958294645 0.00895959111401938 0.00685636942139547 0.0063427878785662 0.00639166297002857 0.00483835840089814 0.00474831901252039 0.00499743787416697 0.0128436633961955 0.00573615564896149 0.0100378115420491
0.0573119651687772 0.104342274902684 0.0541354984609331 0.021692000480319 0.0473464584780932 0.0763822450451968 0.256830296738981 0.0787363449136633 0.0192708352354569 0.0247974303095178 0.0243556341013504 0.0265868265231524 0.0277807186263595 0.025238711445261 0.025111392354473 0.0269178618286996 0.0388113039703776 0.031611491085445 0.0223795533650866 0.0159982159114675 0.017628714858319 0.0648232570307769 0.0348411145928774 0.0438352023153653 0.094310674710254 0.0206910176517094 0.0178929830581802 0.0166342650487755 0.0155948560433328 0.0178439917689158 0.0106635122253933 0.00954438642137951 0.0105494063879111 0.00881445102928738 0.00678709685999205 0.00671336992381055 0.00747100300813618 0.00669795449771171 0.00548728930593981 0.0055157876798967 0.00633580202989416 0.00705074777102607 0.00604349330062591 0.00472642124026272 0.012180099977878 0.00729029272943394
0.0420750750515472 0.024165183532523 0.0127063942130887 0.0822943366832667 0.374333071775281 0.106057572277329 0.0254556568994798 0.0130057727213802 0.015867824278306 0.0158136149834413 0.0186775318181385 0.0139830892699881 0.0167467544918336 0.0134164869289484 0.0196015670378795 0.0139114604378434 0.0135819808661453 0.0371688246419617 0.0353185768088218 0.0241549219299454 0.0327199092936802 0.0628758436602938 0.0705142232209662 0.0290740563901264 0.0356488463362936 0.0460323198983979 0.0371078816841454 0.0164109194052986 0.0177661177085166 0.0184488247619655 0.0432838570478278 0.0189695534113031 0.015088653922188 0.010634377003505 0.00700745165262414 0.00696513440370849 0.00665346035466142 0.00774880940206624 0.00594402558001873 0.00563526772797514 0.00707495046463884 0.00593829231672106 0.00493056594960382 0.00854410713541372 0.00610667961628822 0.00405396070739486
0.0229258220988404 0.0120130507088309 0.0131030582596627 0.0146974321190795 0.0432341206027753 0.0650572568958245 0.0163554723673416 0.0171941422098395 0.0126392067469171 0.0145209148851886 0.0128453436502697 0.0205688591162855 0.0105854202120881 0.00973902912810203 0.0137993070374879 0.0110715955005534 0.013539810749277 0.0165434773322236 0.0321021303200016 0.0592576564235902 0.0813507012390008 0.0334785578346335 0.0261469994179303 0.0198748448263873 0.0210489521749941 0.0170748730655911 0.0185764846693701 0.0125511212649056 0.0297024946267207 0.0196698084318602 0.0229547186702081 0.0370167977190784 0.0283313752444031 0.0137907980303793 0.0122833930752306 0.00885525429071223 0.00736370972647901 0.0144441865167397 0.00929603114716634 0.0123789956404288 0.00500199967373919 0.00483237477800755 0.00590396971759483 0.00909427081418587 0.0069379273444946 0.00555209217186677
0.0426100218378849 0.0148613172450507 0.0164901784128744 0.0150422657963497 0.0551727802664601 0.0256814978396521 0.0723754976038218 0.035018182438117 0.0169846226461015 0.0143180980101237 0.0280794672192604 0.019002977278555 0.0111226120198 0.0142366603280376 0.0138202145038891 0.0102477132067569 0.0125860464195031 0.0179038143691397 0.0179504412070612 0.0375915460293183 0.057782886155986 0.0968018064095911 0.0393707597495695 0.0239378554565634 0.0307848517538226 0.034168844192909 0.060561293205771 0.0180163190342293 0.0170771457185172 0.0202029562967997 0.0154551498439543 0.015426023983695 0.0320951209721743 0.0319910399974213 0.0175530265578719 0.00967036450723628 0.0127002789950227 0.00804711031969627 0.011790417307922 0.0115600471857203 0.00702255491041907 0.00611547114716615 0.0176477487154947 0.0126287019077198 0.00434606332693478 0.00487507938754237
0.0395044472576778 -9999 0.0148932560001155 0.0146337978492455 0.0142740978889605 0.012962983726445 0.0275554669926369 0.0350070309702288 0.0324455490537938 0.0399865197112221 0.0158119504717961 0.0210041727902203 0.0156622757361366 0.0130203838451384 0.0115034153043846 0.0238200960264353 0.0195857180587128 0.016835477765162 0.0200900817742442 0.0185455447559527 0.0327188336285633 0.0274523186514401 0.0491075051202513 0.0799077345080801 0.115435238151073 0.0949086260288453 0.105613160511373 0.055838405073189 0.0277170546177002 0.0175584956241623 0.0133237897669883 0.0258732486970411 0.0177324209825368 0.0149545342831146 0.0112864161867068 0.0171566425516084 0.0175600722663796 0.0102979715957085 0.0100770834213501 0.00693941439196412 0.00889918997019913 0.0051835528028406 0.00709572483943351 0.00535894244949278 0.0073207374003733 0.00529831171574048
0.0362243729842644 0.0429747919169937 0.0467904106500308 0.0413359102904409 0.017547131923508 0.024790762985428 0.0276073390068727 0.0300908463276788 0.0239955986613193 0.0258038504654099 0.0294072376663053 0.0261927608439382 0.0498130847577924 0.0175254282037227 0.0177375774130351 0.0172996238319085 0.0192873572408305 0.0139838525488379 0.0264109373865728 0.0206320631173361 0.015668533329763 0.0244175074745594 0.019143491089081 0.0437376882779485 0.0434432881342044 0.0358383012669401 0.0280647085139998 0.0296083298725326 0.0181552312797618 0.0167092278551627 0.0189700745526254 0.0360424716483899 0.0689403605985228 0.0605615103002117 0.0190333205873714 0.00894547762545239 0.0325115192472579 0.0184217827813821 0.0167446269194974 0.0097867789217791 0.0124128149063877 0.00895686411716742 0.00625825716602202 0.00724537522485595 0.00890094216290905 0.00702884895453604
0.0192858703304636 0.0132435767067382 0.0153446716784667 0.048435150688923 0.102310848330741 0.180814726384597 0.118104888760452 0.0235429773346889 0.0343138806562263 0.0218005667953517 0.0335624888695398 0.0145463632215432 0.0260697289588972 0.0375305876503133 0.0320916624560559 0.025624870632405 0.0130300301793637 0.0155199026716422 0.0196858150233056 0.0252667756881474 0.0143271888536856 0.0193878646443411 0.0156762320509946 0.0179717204051048 0.0255980281207014 0.0198043797236951 0.0192810432147316 0.020583174396779 0.0172995955228698 0.0162874142067406 0.0131847642368748 0.0114953684827869 0.0125854591298594 0.0147434638188316 0.0435039102448558 0.0133485072561274 0.0148982698915637 0.0129912023758725 0.0166989031424166 0.00608964509896045 0.0072987452049763 0.00620955862001541 0.00736842813649637 0.00500277836558319 0.00503991375103167 0.00554023832610157
0.0274564258653078 0.0227905172653818 0.0553955327076458 0.0309082820134426 0.020657245278072 0.0378844061557459 0.14794189174197 0.0489227911861851 0.0445544855066193 0.113583378166619 0.0809547077177778 0.0135098864688341 0.0248616570711449 0.0182564910308745 0.0666323554869296 0.0365844195457287 0.0431952713161469 0.039384825843532 0.107887721766767 0.0659736431475814 0.0329164827467984 0.0222783843188249 0.0269981147489845 0.0282044722615061 0.0841179802548976 0.0421712527387835 0.0237198219467345 0.0283978486074517 0.0223685129661518 0.0276272050197726 0.0319081333342766 0.0124406455470445 0.00817212997510973 0.00807117012178441 0.00914818884264553 0.00663573266855009 0.00738131094928169 0.0129252886947531 0.00776834530944558 0.00611214665153949 0.00801516588228168 0.00619897942981179 0.0112154942933835 0.00571560987404124 0.00466617443218735 0.00516751683528323
0.0216191429019938 0.0331650511309335 0.491141988846572 0.0762636514019672 0.0528163077471233 0.0295290035068005 -9999 0.0235358195065013 0.0418040407474193 0.151691383859279 0.0782583692313272 0.0207551212072355 0.0258877836049864 0.0531114160682337 0.0572106468337115 0.0203320624258069 0.0182328291196721 0.0592537105744887 0.0939056489962349 0.0442852034482776 0.0394000402368035 0.0762263595789957 0.08967107998586 0.0481026893057763 0.154448038551353 0.0296910925469232 0.029786739866666 0.0516998378999692 0.0387968921441719 0.0352948616230138 0.0259344095034694 0.0808518768205098 0.0224377550568473 0.0199753137832647 0.0130446771962547 0.0113670840217707 0.0113809145426441 0.0107790488957851 0.00655233148425451 0.00731458946448696 0.0108523157710443 0.0116823182421452 0.00509492066227092 0.00379532028383818 0.00551688249105634 0.00487967116526414
0.0105343686569284 0.0307573685758024 0.0494987149135718 0.190009213871226 0.0676057148817681 0.0129560328355339 0.0419696165637203 0.0252136807377771 0.045911798776373 0.021259895833092 0.0141141321562851 0.0125290011672812 0.0782848761816104 0.0241305248917739 0.0507658615816714 0.0581278028572756 0.0665030667551502 0.102664619937094 0.0581054245159023 0.0290848940511263 0.0366486688935178 0.196035334217331 0.134677932879909 0.128654448925416 0.0422480384441834 0.0605487626995133 0.0209218529301081 0.0180834516027143 0.0214767688212491 0.014683436988737 0.0312172073121465 0.022888085753571 0.0158173842037719 0.0221271638070116 0.0136781071440576 0.0169388555740257 0.0203530428474219 0.00938436516974991 0.00937459235991339 0.00719968132624074 0.00701659374532572 0.00705411138431653 0.00503964249610772 0.00522914795413317 0.00497116885762895 0.0036908219297488
0.0128775538019784 0.0112206370783055 0.0134134289555626 0.011377301516762 0.0166252409091206 0.0132193044177138 0.0276410079275332 0.0318976291932048 0.0189963983317524 0.0113150236184639 0.0129767332300058 0.00994348958259916 0.0247877822876145 0.0252031396723972 0.0123435795182571 0.0500111594595176 0.0739968185098961 0.0627454811763979 0.133289113017202 0.0558401724512659 0.0905738006262956 0.131139553667239 0.0955505975910704 0.0863679864485986 0.0346187807912375 0.091263621915718 0.0370675259359613 0.0253501203571734 0.0163572029683117 0.00898294127147162 0.0151722019871187 0.00920513130296726 0.0109081824462596 0.0190918407099969 0.0176070054380946 0.0245117354199389 0.0277840560087911 0.018254135954854 0.0162818104483396 0.0068324412045818 0.00708149270374859 0.00466773266355234 0.00700896828584122 0.00804492399811836 0.00416223897056757 0.00404949700374062
0.0222285047502428 -9999 0.0367463991335763 -9999 0.0305989461290625 0.0239377537250352 -9999 -9999 0.00984592527992234 0.00942242494961342 0.0102357827740365 0.0141712956293503 0.0322730489860556 0.0167341991393612 0.0138937301902851 0.0567560725564333 0.0239933706518019 0.0632210014261252 0.0788745774531196 0.0857976156542093 0.0539206376972092 0.0399580058756973 0.04502697244009 0.027992353850531 0.0471027680784743 0.0194425191021556 0.0104298309501033 0.00750793049112723 0.00841124985705794 0.00592021492396434 0.00489964261202044 0.00648344468337252 0.00603760512077317 0.0106836175475471 0.0064076786597562 0.00662427386611195 0.00523552328652209 0.00832916032912521 0.00503945762165049 0.00815955917145379 0.00733866837935826 0.0056947817631739 0.00805466758711842 0.00516231671661401 0.00344849921534174 0.00417933314084837
