resultados/modelos/glm_background.asc
NCOLS 330 
NROWS 228 
XLLCORNER -12 
YLLCORNER 34 
CELLSIZE 0.166667 
NODATA_value -9999 
[rows 80 to 99 of 228, columns 220 to 263 of 330]
0.0215971455158471 0.0235172117002348 0.0226091391084881 0.0211220886484305 0.0248100654172053 0.0270877974171088 0.0223999279958941 0.0206448507507436 0.0212929887363807 0.0211497585611524 0.0194320420265282 0.0207637935934816 0.0217761079020536 0.0194977193854445 0.0221257358202148 -9999 -9999 -9999 -9999 0.0203628036954412 0.0166832237807036 0.0133945483542981 0.0112648953258366 0.0119087735146335 0.0136178712019081 0.0123389288040355 0.0155737555674462 0.013287984365321 0.00908177640678308 0.0139544187927972 0.0167623970507819 0.0114332895266322 0.0146014991845738 0.0144357773668519 0.0136112640144207 0.0188966376926845 0.014219148670482 0.0136690852997553 0.0120620749339238 0.00868444672056433 0.00588079558131798 0.00729934488018973 0.00622672650942992 0.00673105080079673
0.0202326478996833 0.0204871522268989 0.0198681493868147 0.0240091749412711 0.0309997882392634 0.0245786393720176 0.0231191197266365 0.0226553651544344 0.0167673541729228 0.020051278768737 0.0248633093572999 0.0210313636290416 0.0145232112475339 0.0178325580703932 0.0222459807388487 0.0137725971619257 -9999 -9999 0.0123659478328164 0.012646022459416 0.0123411520420105 0.0130333167862907 0.0152789199580135 0.0132409345354943 0.0142026962230763 0.0135242540593968 0.01558583336008 0.011322892002788 0.0115592642373219 0.0199536572977032 0.0182457072263149 0.0104274985387384 0.0159180164948328 0.0166855165687225 0.0240730606179705 0.0184669626621737 0.018961438934948 0.0180557069117962 0.00824281245226966 -9999 0.00214914900236411 0.00610059622044729 0.00825832746726957 0.00607906347290597
0.0175049636271189 0.0176053156058453 0.0187026852388301 0.0255205056546427 0.0260074010721821 0.0272007935992628 0.0285655593233615 0.0180057161672721 -9999 0.0203335274849654 0.0214406342749327 0.0263854354781756 0.0240798183909403 0.0193172978861131 0.0206953110539523 0.0165100598854979 0.0150685215598615 0.00920196704230079 0.0149786745379799 0.0125779855953308 0.0106046164844392 0.0117402458983003 0.00987306123697181 0.014422416920662 0.0138776988961639 0.0135701754227993 0.00958034056654604 0.00917205062876264 0.00780282282684376 0.00994273817616415 0.0120384236877973 0.0123867362418065 0.0257073805477756 0.0153623022298309 0.0284937136335143 0.0229792661022105 0.0119470039713087 0.00677579355476876 -9999 -9999 -9999 -9999 0.0148650979124456 0.0139404646958053
0.0233445909556513 0.0218937622774957 0.0200363230772 0.0254366776815286 0.0262454911427108 0.0261595909096416 0.024267969566043 0.025407047104534 0.0220104614476737 0.0310750935767452 0.0276156853391744 0.0264279210714946 0.0253111146844657 0.0235669030523767 0.0179665036653754 0.0170084008120566 0.0156831811895042 0.00679402658859056 -9999 -9999 0.0121076014276656 0.0163154868644925 0.0277903841034725 0.0289047461025304 0.0230153169860428 0.0167688285207247 0.0111935234223849 0.0121099675220941 0.0113312980202312 0.0117666902080818 0.0170083985287065 0.0171408147685773 0.0173047981596447 0.0121762855028174 0.0151317619278124 0.0272587135015315 0.0422925974932891 0.029993297473628 0.0123218609633575 0.00722773723839156 0.037088097114713 0.103227614026144 0.0151346871353031 0.0122021777673776
0.0249554147369407 0.023006768699662 0.0273979955189703 0.0260268585263626 0.0239962931185415 0.0258486349631316 0.0203043403187855 0.0211918489701825 0.0231326466967904 0.0247884569583305 0.0329453392065824 0.0269911735629676 0.0229102566734222 0.0165099875675634 0.0159374772953267 0.0173533871112311 0.0163627692874226 0.0157072328480023 0.0164215658984692 -9999 -9999 0.0109191009926209 0.0175646261412115 0.0106889703390986 0.00927739772805916 0.0105493790433517 0.0113329322722716 0.0113451420208694 0.0171176196166669 0.0140399178737022 0.0165805282443684 0.0178251526216606 0.0198305650699238 0.015112697966328 0.0147503568391932 0.0311422594040229 0.02600577082258 0.0404436478141329 0.0188859487394238 0.0154117777837609 0.00849484171631199 0.00703071070868506 0.00613532927640765 0.00879407806046264
0.0268442918880715 0.0259167563454692 0.0309914814708412 -9999 0.0260011791925517 0.0245488061949238 0.0264140305419385 0.0182410735767603 0.0181519946488867 0.0208878923659302 0.0190360945440751 0.0179309961270041 0.0225554309690565 0.0254985108152282 0.0330198983968054 0.02428231939981 0.0242958303173593 0.0180979874439668 0.0169441403170311 0.012969042825571 0.0119495359658666 0.0091659711045124 0.00951084543844304 0.0110925411491332 0.013361214141431 0.0233045520971909 0.0340614619398935 0.0118321115683263 0.014776249192088 0.0137064021517619 0.0213963618962436 0.0205377643146879 0.0234943093920597 0.0140464375387472 0.0102941356270976 0.0137745192788246 0.0144257931654319 0.0218216919503411 0.0143546522844081 0.0238895030937865 0.0133628902081758 0.00852720088271225 0.0074020087450089 0.00633175182764998
0.0345023472507125 0.0292097160370822 0.0302672685703662 0.0267402491815985 0.0237405025556526 0.02086565845079 0.0195619210133813 0.0204112427715563 0.0159490483366418 0.0199776124516011 0.0189699598527817 0.0189169071586058 0.0197271858698383 0.0239171262343559 0.018635492002691 0.0150541776417787 0.0170210026052873 0.0151959165065921 0.00912397723282646 0.0118909182610042 0.00969024744929302 0.0103298847606571 0.0113503989642106 0.0165055639245301 0.022762993425755 0.0327576308206509 0.0475745722832999 0.0314539369838924 0.0988673234655624 0.0341371494218742 0.0226916243729774 0.0105197323410431 0.0168944630639506 0.0119314682398159 0.0123027968529002 0.0113136740108244 0.0116296703240962 0.0117428737163298 0.0100917059007735 0.00848407217688149 0.0104327826899607 0.0155013179719373 0.0073860823296785 0.00818311334389828
0.0311837477295818 0.0292115512073658 0.0265960914149456 0.0242793659323926 0.0223644816211151 0.0251435482623355 0.0398399753929075 0.027677382238215 0.0234619778485429 0.0201400580229083 0.017073316214426 0.0198297029458972 0.0158234023948884 0.0204818318271698 0.018978365574278 0.0190811522732852 0.0155098405831796 0.0103980753377947 0.0120309522586561 0.0120793471293426 0.0103171503777496 0.0127931278313078 0.0141748196361763 0.0164023030928351 0.0182977380025211 0.0219232444953887 0.0397454730018819 0.0164204163010024 0.0193822966810782 0.0185100631376363 0.0368886843632154 0.0161637275173562 0.0151681416878343 0.0135697478368993 0.0144385929117863 0.0197286175305061 0.0137429755542344 0.0119473946493003 0.00976047352351138 0.0134398148566879 0.0153825892231117 0.012204918929665 0.00571475300584124 0.00882254542375928
0.0313570583638784 0.0317629639001991 0.0294586716764236 0.0334220304549939 0.0357978138320343 0.0318081431803416 0.021413262067346 0.0178738502189301 0.0186487935393723 0.0172086902674769 0.019730608486281 0.016614213946139 0.0181864497800246 0.0186509420894318 0.0171045290666168 0.0146760487887118 0.0125662213571725 0.00999213790239678 0.0132132483804678 0.0127049733560797 0.00950774242135839 0.0108411773759089 0.0163936142008585 0.0319022559537573 0.0161349146783948 0.0214667883538269 0.0189064867993898 0.0288495114834674 0.0287148554647278 0.0176874887060751 0.0152333391141068 0.014298456415653 0.0202200692590795 0.0101127732187062 0.0111638518999884 0.0114936528344818 0.0110953254416256 0.012218816764931 0.0242616364492744 0.0107516920176493 0.0134018990714847 0.0078107466721858 0.00702049978634415 0.0116292823501732
0.0259024677837399 0.027878919585944 0.03059228955124 0.0321090825745822 0.0239881028999053 0.024768121890124 0.0233722406233531 0.0294424462190546 0.0196924942420088 0.0219167870131913 0.0204735650740758 0.0181114166879244 0.0173831088132789 0.0126208938604071 0.0136383787883234 0.0135834914739578 0.014256150287108 0.0157472202377064 0.0133811138176416 0.00999223238678396 0.0115996324685334 0.0141288921304169 0.0145824724635598 0.0156562024184559 0.0321176548875896 0.0173774739278281 0.0310327917197901 0.0320261258378438 0.0658258033928851 0.0722468968699649 0.0129338794829685 0.0162654213403669 0.0242125670076846 0.0174565512044052 0.0128783508493345 0.00937583967124691 0.0111023056103912 0.0102863929235469 0.0086055661634014 0.00886121423892806 0.0182958765531163 0.0203837100661151 0.0159093862018444 0.0122218684991794
0.0204560052829974 0.026189146749696 0.0252667381318685 0.0322040845861655 0.0282688479032374 0.0250032774924817 0.0208458138737618 0.02653464679906 0.0278353800542046 0.0303537315742847 0.0165219150966626 0.0139883037487456 0.0143275483472042 0.0118210069669281 0.0148468133397899 0.0164066243692406 0.0146781100134485 0.0145033632354509 0.0137197409659389 0.0148317191522411 0.01278662654487 0.0113885307424199 0.0151439808374422 0.0173196815615952 0.0171814660503044 0.0134511538219132 0.0227241434952274 0.107153494235477 0.0825001413650239 0.0510975973849652 0.0289211171972416 0.0178289698613748 0.0113298341971602 0.0197180985642393 0.0148361958530675 0.0141703335450407 0.0153155156365371 0.0101670214482949 0.0105212646472205 0.0122059009937326 0.0140275031510073 0.0097655937168318 0.0111132724559963 0.0108654637018719
0.0214792074683149 0.0240118196368347 0.0235503475332828 0.021134228049774 0.0216842169997769 0.0256719977071686 0.0287329639561658 0.0337267529802791 0.0250717267697164 0.0194024697624658 0.0167553305065689 0.0150670559457601 0.0126310244920292 0.0137798544679313 0.0159537498008932 0.0217978726694519 0.0193330907126031 0.0178502220058784 0.0147985693356697 0.0116942668249487 0.0118494365414774 0.0138736244090009 0.0119000828996033 0.0123100524599521 0.015005182917779 0.0248330186718252 0.0472648867415926 0.0263699218999131 0.0171037821598129 0.0588163413632954 0.0157448038437875 0.0172680729399882 0.0167686165937919 0.0292765905017477 0.0167627445930194 0.0242177948910541 0.0114955706593938 0.0130854105492222 0.00823409803370579 0.00971609734289687 0.0104568650311775 0.00924444725026781 0.00902684840409108 0.0101685165458565
0.0239999794872883 0.0192006141756754 0.0200974397535834 0.0194907442300054 0.0209505048348486 0.0177384405383805 0.0195510837711543 0.0153836959841775 0.0170295022496944 0.0177968947283915 0.0158896684751287 0.014512893004508 0.0132412804020032 0.0129502710789952 0.0160828178288324 0.0143510088154585 0.0160529920316405 0.0154370951794516 0.014283683519521 0.0194375485761266 0.0118833874352184 0.00975819982459658 0.0107036991584268 0.0110380767251835 0.0224896591267552 0.0121490999597221 0.0115328318294971 0.0246109879760253 0.019213203187544 0.0157329546118638 0.0120054285869063 0.0137645835947664 0.0136014028048347 0.010751448734756 0.0423370148038559 0.0133635684229004 0.00911307449813637 0.00824526222258282 0.0085702640390619 0.0104934329833873 0.0107181309567202 0.00814270913883803 0.00985279713640937 0.010351429701128
0.0219350945397694 0.0209369804505295 0.0140980296856305 0.0144473894563344 0.0154788984353862 0.0178165120072291 0.0166733357665859 0.0150262201065094 0.0161971410997092 0.0146153497417402 0.0157940976974151 0.0143508349821938 0.0144434010443603 0.0129924913553876 0.0137173812186186 0.0160939667512604 0.0147672870430441 0.0194354388348799 0.0195099161142386 0.0166435690923864 0.0146503692336029 0.0112594316628313 0.0285347224603543 0.0380533943697826 0.0203104876549912 0.0101366262769813 0.00899554840498034 0.0140143831433057 0.0123798621905489 0.0091659277569586 0.0116612570974977 0.012885315004172 0.0163692297823935 0.00810092579896824 0.0115716885095303 0.0092012161708005 0.00921802943823369 0.0148637895506474 0.0115578921326551 0.0101094134128714 0.011054119534581 0.00907521094645618 0.00841621513152295 0.00800675319733484
0.00869640503767069 0.0192654891499351 0.0174267279672541 0.0194587842681528 0.0192708071230584 0.0194690949180813 0.0188154844304195 0.0167399475832201 0.0153874606519338 0.0145376757439481 0.0117670817677309 0.0122953716179432 0.015821805789217 0.0158946457235683 0.0147000915199197 0.0144324433305188 0.0176716804714908 0.0221862584669688 0.0174890932534022 0.017223444788105 0.0172785951121928 0.0151728646216078 0.0133027987136381 0.0111950554963475 0.0121258741817168 0.0106498524492123 0.0119074677038224 0.016231361243114 0.0117197129087577 0.00933261676294956 0.0138864604018577 0.0208182864143469 0.0133732345630074 0.0128660851650647 0.0110065044521655 0.0103718827981588 0.0113140343650485 0.0124708100355997 0.0117614236752365 0.00806918384641691 0.0103604466651982 0.0125988230993697 0.00859756299906031 0.0094133961450852
0.00919614511979118 0.0162415654966807 0.0134785726054713 0.0159475330800499 0.0172089005868168 0.0177632300728212 0.0180936853832206 0.017738254514137 0.0210507352238361 0.0213356604658748 0.0137202055882534 0.0144338421385502 0.0114240722432514 0.0175036742804328 0.0172357935636436 0.0161603536139102 0.0162462425268114 0.0147712640876081 0.0152815060076788 0.0172759725279034 0.0140483796046066 0.0127922864751538 -9999 0.00854065354778996 0.0104726602348168 0.00871979713766308 0.0108275748363759 0.0110040860467678 0.00886686341323609 0.011676829725331 0.0143561040853657 0.0108155746523254 0.0085273467047033 0.00955144401897219 0.00828739541888831 0.00991056850068238 0.00950583762455491 0.0106729665422977 0.00975412878084858 -9999 0.00815237839556698 0.0083075274704158 0.0111288598979146 0.0133100860106772
0.0114989490050968 0.010229217664725 0.0122125506539552 0.0134122604402252 0.0139561181861148 0.0141904193342278 0.0137076219912056 0.0178790318742957 0.0187879746625664 0.0199568399672656 0.0164344172373203 0.0133601427701624 0.013871511726446 0.0164906496752618 0.0178455162156071 0.0163833583781779 0.0179088019567241 0.0149948070422189 0.0151329851265578 0.014861492922528 0.0146433577154702 0.0120868932881956 0.00800682430051068 0.00878465463665142 0.0105125507176505 0.00987089321912371 -9999 0.0213378585188044 0.0103621567756197 0.0101347063427049 0.00898302587379296 0.0077844227471224 0.0103987312555872 0.00971298020209608 0.00865923089573561 0.0100922049908733 0.00990380405355489 0.0174290431626929 0.0160871992458422 0.0114101821410788 0.00965922677445335 0.00966671733583733 0.00924613782891713 0.0141421708881261
0.0157275510343212 0.0161046210138475 0.01466231449481 0.0159015822222729 0.0130490983872119 0.0154207033912809 0.0178340374374154 0.0210723873536038 -9999 0.0170462681646789 0.0168928216193264 0.0154633104151102 0.0158983122636528 0.0142761628812093 -9999 0.0149272878171213 0.0158915818866743 0.0119915032670804 0.0118402255497769 0.0102076610157271 0.00922242291718685 0.0102170848427002 0.00999113175196544 0.00955549140986926 0.0101162409315469 0.00790452846880273 0.00735895278299043 0.00804135193970661 0.00843297128541497 0.00870820284137433 0.0134373113358498 0.0113438890259135 0.0121493007293022 0.0113686750047139 0.0105906850953227 0.0104460623006484 0.00976390518425561 0.0131573158495202 0.0189213773115363 0.0122041785040586 0.00957158204242172 0.00890181918288549 0.0113986701456512 0.0148734827733555
0.0174788192516247 0.0161448386798824 0.0158105560216143 0.0178865653846553 0.0160395578856047 0.0122099397338069 0.0172414944361166 0.0185977044720356 0.0181933968663198 0.0168041266183149 0.0161078917420606 0.0120553455792086 0.0155315483738761 0.0148579762715221 0.0119170205573084 0.0128728639797383 0.0144927442657846 0.0106452993259163 0.0124526242452577 0.011887572031331 0.00820185766794592 0.00909419249914291 0.0103183164570819 0.00889615480660077 0.00878572527975638 0.00968687274807806 0.00950311972000007 0.00977683392838351 0.0147121774690835 0.0141525738097775 0.0157095703853015 0.011724952432431 0.0124494811924474 0.00979477190858221 0.00873199133929828 0.00857009619447298 0.0123496846992693 0.00942108274993463 0.0103422472926384 0.00927319804356973 0.0101236521217023 0.0123158146395805 0.0239367929496771 0.0235458461631086
0.0165157823759036 0.015641543328138 0.0186822500439566 0.013323315634182 0.014055534910496 0.0146380601089308 0.0169887184347652 0.0195575442233685 0.0161283637559213 0.0180047408830846 0.0153512436041821 0.0145559991924277 0.0161235536288526 0.012496264028584 0.0107594436124647 0.00756567984147019 0.00643259989800012 0.00742272625986453 0.0104468333345863 0.0118085670029183 0.0102492198252766 0.0105993816856781 0.00999761295988438 0.0089485519771375 0.0079762891317946 0.00861806920103936 0.00920383803271629 0.00871685490185203 0.0173311703090883 0.0132953526985191 0.0121824300393359 0.0114169263624142 0.00830027364678654 0.0102808638987861 0.00987389074060189 0.0122804907404041 0.00845920296271822 0.00821622651629576 0.00837317908001714 0.0102821636801337 0.0119401344938209 0.012034999558068 0.010428058205846 0.00874208525224624
