resultados/modelos/maxent2.asc
NCOLS 330 
NROWS 228 
XLLCORNER -12 
YLLCORNER 34 
CELLSIZE 0.166667 
NODATA_value -9999 
[rows 120 to 139 of 228, columns 90 to 134 of 330]
-9999 -9999 -9999 -9999 -9999 -9999 0.00872478300092226 -9999 -9999 0.00403154820579572 0.00119728784872649 0.00104904107875882 0.0012556496481994 0.00146913653652617 0.0018573978427502 0.00240501860244578 0.00334467901086302 0.00309277628785472 0.00206005743772704 0.0030147966824209 0.00152846244645407 0.00226335316142438 0.00337699725423749 0.00344168084851416 0.00355188660741859 0.00474153019563664 0.0049553229287018 0.00533642991197201 0.00276931740730254 0.00288582123015089 0.00240630148564488 0.00229300327693058 0.00273301326495482 0.00956185755869127 0.0147401125220236 0.0137092708891668 0.00755989034532525 0.0171292051480687 0.0176786730187205 0.0197260455133748 0.0207198641713458 0.0143519082407015 0.00941798408512895 0.0264959866252612 0.0333871393021387
-9999 -9999 -9999 -9999 -9999 -9999 0.00379008776950084 -9999 0.002136205162458 0.00259360420367386 0.00447652626703704 0.0029538501672811 0.00206766937666464 0.00200783644097762 0.00228266990423806 0.00381585062848849 0.00293740840042742 0.00637180661840175 0.00513785291036746 0.00262057893037707 0.00231276399933843 0.00275332245357853 0.00341113746094055 0.00468711462563994 0.00855801668564515 0.0136874271639721 0.0029807234179941 0.0030419671001698 0.00227044408402131 0.00292437998127936 0.00364640378862529 0.00280564687437382 0.00195660257715915 0.00238208361189039 0.00790475782627641 0.0153287398533305 0.012302546604124 0.0110062699910792 0.0257286227079436 0.0187628332891423 0.0249531520455512 0.00665729594611417 0.0166526682309678 0.0289415119443895 0.0110786930333911
-9999 -9999 -9999 0.0150245286481641 0.00715978025620238 -9999 0.0024354752129946 0.00229588675349709 0.00172136848094076 0.00229057475990831 0.00261493753828603 0.00357331486547012 0.00625505078798958 0.00581901005191751 0.00557537168939642 0.00339758395224455 0.00477428586605442 0.00353951609979519 0.0031407129789232 0.00348220430232221 0.0037836620193633 0.0021895340715892 0.00596028871534271 0.00574895336594277 0.00485697905779793 0.00426547533376323 0.0038193610247851 0.00397604101624638 0.00365031265085205 0.00299717350835832 0.00320517626581449 0.00432745077648265 0.00737400970792698 0.0109876246190838 0.011482060271575 0.014315277710483 0.00794508470355893 0.00540010405922564 0.0154845262185324 0.0293837446639201 0.017541274882167 0.0126578337035045 0.0218037680068045 0.00558976959167241 0.0231100193732047
-9999 -9999 -9999 -9999 -9999 -9999 0.00619062114933239 0.00561092016324461 0.00929572411200168 0.00316224784874804 0.0025038254022125 0.00340321524986535 0.0092859661241123 0.00678356820551407 0.00583603216226145 0.00751774150471414 0.00399559843248188 0.00375925925741722 0.00256694258264377 0.00396257499295904 0.00188082604557912 0.003389036238207 0.00608987621128144 0.00622915156510583 0.00711913956486288 0.00747256503141778 0.00802643267432226 0.00869383866807494 0.0154732983341007 0.0171419744758142 0.0172042895886021 0.0167950746415233 0.0137632185716135 0.0150716078405509 0.0157247250231445 0.014279083544732 0.00975764281944122 0.0120534745830834 0.00712976390623238 0.0280924486979061 0.0267211251886734 0.017036422444782 0.0156626025907708 0.0161422153106605 0.0172792351858958
0.00387308273277544 0.00230579314780845 0.00133346074681876 0.00138793148220979 0.00155096904186056 0.00158519921331586 0.00192536479629128 0.00216382097656882 0.005201071212597 0.00765438804597538 0.00700099884397348 0.00555129124211384 0.00674419056262514 0.0108319204264115 0.00640269640569063 0.00567720683023226 0.00323809734386728 0.00428706226980294 0.00607361738456368 0.0028269738335311 0.0026342190390019 0.00236826481343289 0.00347194867476007 0.00524448381004258 0.0059684294628436 0.0086566789751012 0.0115348724146688 0.0137235037379997 0.0166428146112552 0.0192390741017831 0.0160588711141352 0.016054382793898 0.0167382863397346 0.0117475221703503 0.0155284970224722 0.0115629725862547 0.020149547146461 0.0112726251619219 0.0149102068247493 0.0266126942855698 0.0223207153904853 0.0365129256572141 0.0270958489248386 0.02052147701662 0.0135690760530716
0.00216394813147453 0.00259703260453685 0.00219038306966437 0.00178233801855652 0.00261734409540815 0.00182111689997441 0.00211139242334379 0.00291132428935208 0.00286143299007425 0.00276085416804218 0.0025180286760186 0.00510227433020455 0.0051625616941479 0.00672679477978671 0.00635819431384405 0.00675051288871681 0.00278231465756006 0.0024111255798392 0.00254628026465796 0.00310804939840927 0.00207952294115465 0.00238554017101244 0.00227125111035183 0.00347814455432991 0.00951131720268723 0.0109289796431565 0.0123039208688431 0.0155876484928706 0.0161706285879196 0.0202953495493172 0.0170955597475029 0.0145477197116549 0.0152991478253021 0.0232814241861007 0.0142266716385281 0.0186145855451468 0.0274839752839343 0.0100405940077266 0.00884896198596912 0.027139559043512 0.0237883932745067 0.0216671873452438 0.0229007103558815 0.0208736443934115 0.0267500102495937
0.00135707985910222 0.00160431052480556 0.00158402701509735 0.00172512592611407 0.00182308656134112 0.00165894622509167 0.00198756143187592 0.00205341881823482 0.00319287128369961 0.00359606957232911 0.00390076531206656 0.00211478434243717 0.00223946929066733 0.00349742109635864 0.00458433662586539 0.00807976477118089 0.00319116124502339 0.00286223700577331 0.00350160126960984 0.00260638521975329 0.00337356938466241 0.00279071644451919 0.00362221460441777 0.00359592081171519 0.00718122941157824 0.0132329833231902 0.0129030946192932 0.0127278716173066 0.0169852870463222 0.0166484094271064 0.0181935108352191 0.0138807677919666 0.0183311200701676 0.0231350706605891 0.0148969529624327 0.0133439814094597 0.0153347880348622 0.00793116354363137 0.0235683508246971 0.0258515244768624 0.0272225986349708 0.0252440286326392 0.0193827031829082 0.0295585341349747 0.0484265625166673
0.00195239034953758 0.00212617001937721 0.00135589189934247 0.00201192948301209 0.00204513285203939 0.00181199840562892 0.00171563907215315 0.00335857537735493 0.00685630931218622 0.00479538897590695 0.00384031254048821 0.00199963973115054 0.00205890117814574 0.00214168043853016 0.00226398858176098 0.00218883046930454 0.00370097626565049 0.00414293979930827 0.00677255354462898 0.0147472374470465 0.0171917129412708 0.00322524194748089 0.00227428866041133 0.00731145374462132 0.00606572669657096 0.0117436713956014 0.0171657846746482 0.015630902412328 0.0193914602243811 0.0245667654772545 0.0235085717261847 0.0218613865344957 0.0216265147766298 0.018787939830469 0.0126205174576942 0.01072502884147 0.0135466302015825 0.012225189668117 0.0181395716533789 0.0204654608532559 0.0132015367461749 0.0124646942565308 0.031181376423155 0.0269142901374667 0.0368273772596893
0.00322562199543026 0.00184395183130734 0.00235856243367776 0.00194175821594544 0.00198854732513509 0.0024639672979598 0.00200572669669947 0.00291042818374917 0.00207744365738316 0.00310283675565907 0.00201831963685987 0.00237378755122472 0.00308992043825936 0.00443301449584885 0.00575630922410925 0.00791477649943209 0.00588916484905905 0.00781363628317843 0.0101382114309658 0.00723296906148404 0.0232419020329011 0.0187354429181999 0.021502643938569 0.0257629141546042 0.0154424099635796 0.0218696264557393 0.0236021308181993 0.0173433552607992 0.019999568112273 0.0171672949490714 0.0254980862593977 0.0293510116617863 0.0206832053057723 0.0125500545135667 0.0107444017237059 0.0112077874941522 0.0165910728361978 0.0240135743409514 0.0143981827090054 0.0175781986833101 0.0138061211326685 0.0223339692528018 0.0243441147580142 0.0221505544996753 0.0275497643112492
0.00266448792782362 0.00285831344458113 0.00475719397989871 0.00487820153033353 0.00387158981375716 0.00391908943197426 0.0026994163886845 0.00417905356348936 0.0052974560478923 0.00519443046795316 0.00650048454944392 0.00934001935575652 0.00773042597120558 0.00615190372021573 0.00669436284080017 0.0134840983233286 0.00887115494441459 0.0079095826288546 0.00910518372546828 0.00886590440312703 0.0111221594680112 0.0131341708563525 0.0190763129889398 0.0330927434639557 0.0300717865883592 0.0219149715243981 0.0103577268431718 0.0173104394956255 0.0284318127445261 0.0158806573154249 0.00480480729372788 0.0163492475822068 0.0209154475426912 0.0198063082400403 0.00539747099635923 0.00495118171656377 0.0173670917877101 0.0176766612085132 0.0101238772832386 0.0172812866656001 0.0252780848958529 0.0222741093985275 0.0345404760915695 0.00971880992375281 0.0101404839264394
0.00179646301594435 0.00234590343672094 0.00197943945654774 0.0020743191532029 0.00863140171326042 0.00298490607058886 0.00486747199395847 0.00449726987207259 0.00684369512050954 0.00524478912349306 0.00768923486559457 0.00810721677152043 0.00869305802904379 0.00954025185047885 0.0134419990695888 0.0144643230947227 0.009505271854691 0.0093607268332144 0.00889541992569683 0.0120186475982128 0.016359109702526 0.0208215370922741 0.022870782553896 0.0219689617098773 0.0219255037758637 0.0104506335136368 0.0156200825570088 0.0363858189216085 0.0221269043955973 0.0230632292014392 0.0216378092491459 0.0205468867462456 0.0300619797219824 0.0237109697504154 0.00306222227452298 0.00417968402513884 0.0102385660495012 0.0243567494928232 0.0324166987288374 0.0280682333034952 0.022125770981396 0.0269265876815509 0.0204573611920198 0.00777663951849614 0.010105746906321
0.00195975116639119 0.00186408392396209 0.00218875980801293 0.00264335046135312 0.00436573750820281 0.00249830177894081 0.00794699875679138 0.00723744675596309 0.00874760854616884 0.0104635204331057 0.0117889470426403 0.0122873461029167 0.0153172413662582 0.0123328059297634 0.0081021327004437 0.00900848224258049 0.00862302294877726 0.00880107098566063 0.016510879531152 0.0121730256962696 0.0199868738732184 0.031516416494597 0.0370791198879417 0.0270523399871859 0.0442765777527225 0.0508592830888562 0.0217273730561009 0.0226150701424036 0.033805660996578 0.0392913573955504 0.0433570614794859 0.0239636389447773 0.0142027906013065 0.0100643886221153 0.00932745262579953 0.00930868328662588 0.018500765257516 0.0214535982725429 0.0231689866637955 0.0292368060133271 0.0210866015876951 0.00899814267152906 0.006883429080488 0.0109936983024351 0.0113778435441486
0.00184592361782568 0.00196399987578237 0.00175907610884244 0.00243761878260282 0.00386007432547187 0.00366578871338703 0.00650435020025425 0.00733403631419849 0.00764969712794971 0.00808187788028246 0.008520385917394 0.00837113510183035 0.00625290438484585 0.00629612075995783 0.00648444532172767 0.00668640556472312 0.0099652382561688 0.0156514072919974 0.0210609538410873 0.0181925502666835 0.0128298590606757 0.00844260607621316 0.0241486546454632 0.0160770680791372 0.0523221524631286 0.0345350102015837 0.0169633526479914 0.0323546499683868 0.0361540442180477 0.0102071541832958 0.0051909374270615 0.00448096995909004 0.00531037165690814 0.00910666708130424 0.0140910628796449 0.00941495220214045 0.0117855191730652 0.0245447007362905 0.0183127715110161 0.025184048353106 0.0100946684908871 0.0114539183053404 0.00337752004153784 0.00335189779674954 0.0139346616372388
0.0017056921228649 0.00245117122872301 0.00204311661443285 0.00146789775022334 0.00213053437243612 0.00271023199370048 0.00339293093275624 0.00518558842041521 0.00705413330173077 0.00664288458454455 0.00749041913862387 0.0119656859861212 0.0108625389026759 0.00883620470074953 0.00773385879946779 0.00962924895033325 0.0121964972876109 0.00915751770944589 0.0110649751796359 0.00971454757797201 0.0105076626659433 0.0136190681199558 0.0243069614404953 0.0383329565146024 0.0333492747672086 0.0360960162444762 0.0279127742116439 0.0167616346722815 0.009343039904603 0.0154133336390128 0.0048750067190536 0.00351637319857225 0.00322095976695157 0.00996658489391672 0.0202761707642633 0.0143385056177711 0.0265056149789013 0.0267048550278136 0.0193542927391847 0.00970776409397719 0.00812877997670031 0.00781137724699845 0.00370766553458983 0.00759003916308003 0.0138597302076226
0.00794032294714568 0.00609242355969887 0.0193152749553047 0.00477442435510214 0.00726951246048582 0.00420880639465755 0.00151217439890144 0.00250348431537629 0.00497147514364624 0.0056921640015782 0.00875149332334382 0.0078050457119164 0.00542541886541184 0.00555661758047611 0.00872127225043371 0.0113260203049455 0.00865774084253105 0.004258665639565 0.00517553574483349 0.00634100254556184 0.00670076167235043 0.0234515808266074 0.0233852236754241 0.0249120459460052 0.0218157864476417 0.0168247417582425 0.0211521299297437 0.014200825544435 0.010229337224367 0.0260722002218569 0.00844235814185662 0.00281786437108003 0.00350962017508409 0.00631532363006347 0.0224923681377378 0.0184011721516471 0.0196831939559588 0.02237073862626 0.0109252301673018 0.00892369365133231 0.00663039719358164 0.00546333830009239 0.0037329987587568 0.00711938466568391 0.00607956426720117
0.00341328740600366 0.0039672453678523 0.00541651766782026 0.0060683909283279 0.00637976247771105 0.00198111195087855 0.00136447919432908 0.00156095937966121 0.00165120801672821 0.00185690976625976 0.00934745880322035 0.00431962171788712 0.00782023275383004 0.00880866061050613 0.00642810401016456 0.00517042935966466 0.00407233092810232 0.00723636151186533 0.00941232338957729 0.00353763746575653 0.00840177057930781 0.00769017276584615 0.0117801644993479 0.00864263455637925 0.00997852895444687 0.0131044045658906 0.0114376297264999 0.0184707042793618 0.0260271555079615 0.0218868841037219 0.0269902742255223 0.00348618648228012 0.00452710806349782 0.00311004704093908 0.0240376678933357 0.02490317697988 0.027642826117783 0.0109205038300824 0.00860005005968451 0.00658683300198664 0.00960847984347817 0.00864391460604286 0.00671745190484855 0.00904463107176343 0.0116927499290721
0.0098053524734775 0.0039592717989461 0.00214030457994735 0.00341723700030328 0.00333939163361392 0.00466972132214506 0.00296104539940375 0.00218270064653113 0.00147873744029109 0.00293004510423024 0.00356907837570079 0.013086336526754 0.00743061170475639 0.00638220923561812 0.013109713194656 0.00376958147306368 0.00318559476452722 0.00506912798607925 0.00907398791634504 0.00362202971622618 0.0080736599189391 0.00585775652477307 0.0101803156433927 0.0110863457044015 0.0117232182279549 0.0118110684543143 0.00707575884469171 0.012939107438772 0.0230255615972266 0.025775806741144 0.0239472696101749 0.00439403992338527 0.00453642047792931 0.00692606316405405 0.00463948289383 0.00414049233301732 0.0065094604815344 0.0058723361275132 0.00737464016957645 0.00993590337148733 0.00764738708813067 0.00702057786591719 0.00521598021383939 0.00712839105828105 0.00747064743626594
0.00503480359956848 0.00327716825653797 0.00652804493251646 0.0117826013398808 0.00868066343636862 0.0176309661982197 0.0121330884301188 0.00223179873296401 0.00278308980661617 0.00225778172224108 0.00151027770107394 0.00877873564205611 0.00821383137836641 0.00457153187892612 0.0102776397957074 0.0187793357999133 0.00311006368796016 0.00321920687105086 0.0082598210763522 0.00270383688116557 0.00329453039114231 0.00516864954517667 0.00590234433106863 0.00509451363065304 0.00700881231812374 0.00516371246375416 0.0146063002246495 0.0218981729091669 0.0220601491326758 0.0253970140479961 0.00684516643381961 0.00669571443723523 0.00596702261246623 0.00633208399256531 0.00466017337007486 0.0106065629723816 0.00473362286062283 0.00805316708179559 0.030805966971398 0.023045678282532 0.0145060001516725 0.0104769683926042 0.0118267336553442 0.00923413721783814 0.010092969077969
0.00299907481068102 0.00385558423427501 0.00275357888854157 0.00304217749018092 0.00606595550456284 0.00880752932145645 0.00159931571009717 0.00155380204607592 0.00182223827164983 0.00192518221034729 0.00203929700857444 0.0072178641921 0.00745820750702272 0.00291184884761213 0.013635785979425 0.0134427867924587 0.00895641886124343 0.0104782845698454 0.00674378961735143 0.00187485295273823 0.00223306585462188 0.00263792441796033 0.00400186833816674 0.00539174831721844 0.00660952112076131 0.0130118074591793 0.0235449684897242 0.0204067655820734 0.0189118347535816 0.00708776736815456 0.00278966661961523 0.0046322417938514 0.0159920407625228 0.0149146016383148 0.0140327232171681 0.0126947915070737 0.00593082844671523 0.00498408968951486 0.00985717854621616 0.0272996849683372 0.0213022166382808 0.0166386408134589 0.0153983499032715 0.0122894769216152 0.00544428844090392
0.0016360875628989 0.00128467594315496 0.00125051156285213 0.00293567799571477 0.00315775952851086 0.00134352484509048 0.00126603464436686 0.00206305496409756 0.00187280749429681 0.00218860679709575 0.00229876916748779 0.0124993441454325 0.0101078040530964 0.0115790394409421 0.00752826808910878 0.00958224909694054 0.0147398915062543 0.00489028903859854 0.0134517039286875 0.00600767322117999 0.00474237990209568 0.00253195125271391 0.00656441831938804 0.00932120184647931 0.0054712484686417 0.017556448464787 0.00705790615425337 0.00179592623806245 0.00338543268943072 0.00421622777833255 0.00335390216892616 0.0248172868517049 0.0181319395255008 0.00841781405732731 0.0153398232274515 0.00842812387625596 0.0188566743179395 0.0115495975902954 0.0198969686252352 0.0174410527314164 0.0178519522153519 0.0301980120944233 0.0245911480502601 0.0149331287102029 0.0153942993642696
