resultados/modelos/maxent2.asc
NCOLS 330 
NROWS 228 
XLLCORNER -12 
YLLCORNER 34 
CELLSIZE 0.166667 
NODATA_value -9999 
[rows 40 to 59 of 228, columns 225 to 269 of 330]
0.0112263577774568 0.00884345500971851 0.00897078276109338 0.00685742997547776 0.00494097355072131 0.0042152873987374 0.00391186993770387 0.00336278601111278 0.00290992222056587 0.00369473682047229 0.00160934908221827 0.00353341620624053 0.00386828130686515 0.00436662192547177 0.00216614111085809 0.00474312583031692 0.00396541384134138 0.00786771572502606 0.0088782727855988 0.00490765152739481 0.0035023287798503 0.00351724238558788 0.0035680338636759 0.00294777187943465 0.00430388744942941 0.00484679710215887 0.00419643234511478 0.00317147171519505 0.00292450288588181 0.00317168670970136 0.0034537966921342 0.00427290061354954 0.00254408604560262 0.00266724017627714 0.00209339238905928 0.00341019460200184 0.00226425121508294 0.00335652000153924 0.00328950724107889 0.00298308871175545 0.00284195314187316 0.00301639692159637 0.00461412381365156 0.00443255723405701 0.00284095857091151
0.0177979776143179 0.014803582300529 0.00805411844134081 0.00773799505291869 0.00724671100029102 0.0081570827460747 0.0044485837108635 0.00458803899419235 0.00341602601806757 0.00340862942782822 0.00322624112293773 0.00305423595470702 0.00499570187219919 0.00413976446858492 0.00608838577160672 0.00241038620416881 0.00448897930138196 0.00823659812775129 0.0073205380594448 0.00493910979274404 0.00453697053800888 -9999 0.00188241707576421 0.00310829662438193 0.00474060681725451 0.0040294411179571 0.00318708449581806 0.00244554949428453 0.00212505006446954 0.00179214275978171 0.00179005072510045 -9999 0.00127220289696554 0.00107794650571557 0.000923767640623828 0.000855127722400718 -9999 0.0037908694711078 0.00418852855202035 0.00269227428535255 0.00414869648087509 0.00540257454799255 0.00825326923388477 0.0103724569774855 0.0153569207806783
0.0276480511572511 0.0160921297371048 0.0110399876468003 0.00944561459820519 0.00842450474303441 0.00607362942708957 0.00482903579324051 0.0041169020873768 0.00357766753019507 0.00312594813379954 0.00386277503899843 0.00416575365622089 0.0056404533954113 0.00391040641661643 0.00473114812155267 0.00598611143276787 0.00424007268797643 0.00510770763453207 0.00337830068056899 0.0037771048640168 0.00222672050605425 0.00212441305026921 0.00428679698004145 0.005067281229315 0.00379502520511528 0.00246482019214629 0.00324843089365576 0.00252114751312785 0.00246609988761795 0.00218622574179317 0.00178950190469266 0.00139286599574075 0.00417890905317869 0.00196298139686492 0.00252910230986134 0.00328063154530684 0.00195081685185342 0.000980908097746845 0.00170556443667128 0.0034650684963662 0.00430013797357471 0.00536477837210639 0.0055270730141674 0.00450570495307388 0.00521407466121344
0.0171530861852903 0.0121557382961641 0.0115521243955804 0.0150291643122475 0.00955299709317255 0.00949371102983767 0.00595933735579749 0.0052989340908492 0.0037248523441849 0.00250697611659616 0.00299754434731731 0.00386117727916652 0.00514308892978556 0.0058148185445243 0.00689117667493781 0.00946987957948743 0.0100401059312361 0.00569985350855019 0.00228100644180168 0.00471690110504223 0.00433986272456278 0.00465250051012395 0.00246513754812265 0.00305876571540093 0.00318660598250995 0.00355376594984113 0.00365246011657159 0.00339556293304684 0.00387682406221557 0.00451711312120198 0.0043268167729138 0.0023821285942665 0.00330663135870095 0.00313498286175171 0.00446682778339323 0.00436452298404772 0.00356708356670649 0.00407587497263304 0.0038715855634539 0.00205054614452242 0.00487393847616887 0.00362858474642105 0.00533440712181461 0.00436677139446957 0.00340811691209407
0.0107838480798308 0.0103953391934421 0.00836519530303162 0.00938939158674934 0.00750655399816336 0.00547176523467911 0.00607097723785851 0.00564329011864201 0.00332936729338724 0.00227379527104183 0.00352040744474503 0.00385753547766095 0.00302815078105587 0.00515886180516451 0.00590689888519819 0.00692589315192385 0.010511389473514 0.00830679826146089 0.00597927269483074 0.00565496995198649 0.00368917919477457 0.0029523071301036 0.00401303388481737 0.00493194201049658 0.0035945950712916 0.00503490879457403 0.00681931113073617 0.00383808608996651 0.00275195084529897 0.00365355846577105 0.00578255165898083 0.00471737926415841 0.00428593381428876 0.0044711329863985 0.00372066012840782 0.00391973087357381 0.00315953473850366 0.00224360306477466 0.00297612246472067 0.00443833764648368 0.00575916826143205 0.00445606105686468 0.00472468411868583 0.00475608004625399 0.00347337252635046
0.00805808539104539 0.00694541975346075 0.00666907707835288 0.00599125996677731 0.0078157961456158 0.00625264299119568 0.00548561449364327 0.00217327896388679 -9999 0.00162038835944304 0.00239397047042257 0.00290782044560632 0.00320279680437562 0.00295132460166785 0.00487586138419977 0.00837665412060684 0.0119592099407285 0.00460516700792573 0.00578493430814714 0.00589572377536524 0.00508538787537282 0.00449671024881069 0.00537934770328032 0.00523630976849953 0.00250261123224935 0.00220610724365185 0.00251607052588987 0.00204897530327779 0.0013408225377002 0.00259005520045602 0.00353430699896437 0.00256107096579309 0.00339448264763622 0.00208918724527646 0.00210331472200784 0.00145600681848387 0.00136217544141694 -9999 0.000962429727250187 0.00289417219056692 0.00553320549338035 0.00648968027856996 0.00511900989927073 0.004459265077135 0.00404552957835272
0.0108519861080779 0.00931293500664853 0.00902994627401774 0.00645870973551924 0.0082838352897424 0.0070269809477707 0.00460786984660391 0.00529352522576539 0.00263247428951576 0.00174876009155489 -9999 -9999 0.00349913078084292 0.00931186534699605 0.00480962288731568 0.00588148278011775 0.0107876790198312 0.00796742925615382 0.00581612161666386 0.00511243999301446 0.00514438881419769 0.00269823197084414 0.00598667176441365 0.0036751280464058 0.00223202895772365 0.00282784479150642 0.00464460096733278 0.00377334440821202 0.00526942388115847 0.00399713491710853 0.00429920751135382 0.00451938526248366 0.00438466269182914 0.00573136879880142 0.00459161137407809 0.00470592009239125 0.0047180387695468 0.0058825623571445 0.0042476910023689 0.00725746285075817 0.00814863668512334 0.00649884322400365 0.00423401069295912 0.00451273460046555 0.0048305418173605
0.0123620480161571 0.00969940799777805 0.00836559412315371 0.00666280433913252 0.00422762142459119 0.00758587599104185 0.00614070062921968 0.00605541191895518 0.00736235820993754 0.0110494665314426 0.0061754149810541 0.0105278091033716 0.00874841752055502 0.00844254657196759 0.00873737310754715 0.00451444215979821 0.00754336162435081 0.00358103554133265 0.00302883826760735 0.00378512660302655 0.00511121059279798 0.00229031318916216 0.00223551509187252 0.00419566587376115 0.00349475757298557 0.00315210768775765 0.00481864167663065 0.00460314315519252 0.00601520405016381 0.00610181247958895 0.00541886950228797 0.00310781988203351 0.00207654170761328 0.00372639555845837 0.00443400410812337 0.00596818436202257 0.00578660184379081 0.00294491355049573 0.00747827177192136 0.00466416652998284 0.0032112410943673 0.00432643212046923 0.00578871601546819 -9999 0.00644295811165657
0.0115175488869857 0.0157675751637927 0.011855946697999 0.00901666195119455 0.00498630161816709 0.0076355932049822 0.00789424186763991 0.00679187258969027 0.00494422751205488 0.00775915589605709 0.00725246378574653 0.00936823924421744 0.00651090275110556 0.00545731172426887 0.00455492558991728 0.00741471061189592 0.0109962328999427 0.00871720896052202 0.00533797489720516 0.00543363045130031 0.00687563614947013 0.00410002271638383 0.0046442882158516 0.00568734805379846 0.00573572642221351 0.00574264060303342 0.00331263703720013 0.00470664299813653 0.00637047273156359 0.00730671961517924 0.00440439295373034 0.00296382314967679 0.00198601237343548 0.002398788189162 0.00621402756935714 0.00734689418992845 0.00412647660384234 0.00520580782138266 0.00766309125027366 0.0100337318931215 0.00649503991097439 0.00608650217888092 0.00615397715982025 0.00521621185536678 0.00615298117209085
0.0104201467967733 0.00814420432721235 0.0123839016587261 0.0139162974936421 0.0144916029577804 0.00783554163777032 0.00846881769638614 0.00543698889925556 0.00940762113740962 0.00941956094763652 0.00851525438459758 0.0057121400726843 0.00691635263788435 0.00412708475139973 0.00386999842938013 0.00444426681952427 0.00623361934221061 0.00965218146154508 0.00717022750160293 0.0102217886857863 0.00747825193717284 0.00644173048239978 0.00676557029638118 0.00709947624523794 0.00607866603644663 0.00573943835372279 0.00496594620749549 0.00658231067932343 0.00778820317688497 0.00527395328766044 0.00349655332611076 0.00579573751644529 0.00136343875551148 -9999 0.00485817339301256 0.00692096634206755 0.00607721739142058 0.0065347519110527 0.00689574716770458 0.00627909404511869 0.00620622188742951 0.00765627588900443 0.00537143363861969 0.00381295085909283 0.00669372529531194
0.00775203522133738 0.00795594281160745 -9999 0.00801025956205348 0.0102782539645277 0.0125259255419886 0.0138790109999546 0.00857110407775087 0.00663127204766828 0.00777041778291483 0.011688974243014 0.00884781157055479 0.00836225480156311 0.00857409345770682 0.00557207132891899 0.0067299584221761 0.00631158690511854 0.00912109686085463 0.0093496717944484 0.0106863865010442 0.00893628092442171 0.00836099033634477 0.0081703231490976 0.00484561339270238 0.00524655370772772 0.005840084826415 0.00486905841964836 0.00454518991611999 0.00568732892743381 0.00356871284962087 -9999 0.00433757535302777 0.00631467970912036 0.00270471208944414 0.00440527134973635 0.00721905852731463 0.0053847441716463 0.00621543158619901 0.00945809915563259 0.00637215018458152 0.0055957688947167 0.0105307127688785 0.00946211073352134 0.00853533848424475 0.00417150821263609
0.00682734845419119 0.00716500387890265 0.011227645619343 0.0105098211116129 0.0062239647783671 0.00895692323056302 0.00749944961627279 0.00743063933172755 0.00704091769214353 0.0147668795151552 0.00554836101221152 0.010337029991472 0.0110149413181031 0.0110817015397117 0.00667675879310224 0.0069176985672484 0.00683440962466533 0.00804636943012325 0.00744082943378117 0.00812226426181054 0.00826453253751026 0.00413623565430753 -9999 -9999 0.00394534993063467 0.00370205300914173 0.00554767954692298 0.00529874211881885 0.00307930813941575 0.00369729762818337 0.00317323275751033 0.00399581271860432 0.00439327805652683 0.00315056872378744 0.00309816531819 0.00421554879238758 0.00635492158033777 0.00576756579808792 0.0116201320811944 0.00591237540094214 0.00759382476651239 0.00811230509290043 0.00670008020706189 0.00286019278700367 0.00368368178170629
0.0108364158304874 0.00627773819838037 0.00837389850732991 0.0132075580091194 0.0100754812052267 0.0101525243271767 0.00552536014195568 0.00775626923176314 0.00858328119657617 0.0135279033654414 0.00445698585201456 0.00701008103364533 0.0143816617802536 0.014885457308896 0.0217801972417206 -9999 0.00783228873901257 0.00926095450622495 0.00628024091861363 0.00773415065362463 0.00641437057196409 0.00670064620577867 0.00515632118639389 0.00364561854509895 0.00326347413364261 -9999 -9999 0.00774010107818149 0.0057698790256344 0.00640821259093162 0.00515232838067785 0.00590031233192085 0.00674707014308034 0.00655503152464959 0.0050665898466522 0.00457647214807607 0.00534695401702308 0.00371023165517998 0.00675335704997822 0.00353241490563207 0.0030592073927475 0.00718546908907501 0.00452223013212894 0.00680224262124835 0.00870889961765869
0.00676719887091168 -9999 0.00860897994682306 0.0131368839665968 0.011081283593225 0.00795001859725399 0.0061885937546798 0.00903185891048245 0.00792013188153327 0.0110189373115465 0.00641517458766315 0.00530875158298414 0.0175743634930064 -9999 0.0104202799729419 0.0111596343918097 0.00927681026251736 0.00691046950979569 0.0109393447160275 0.00772118510354555 0.00766810164942732 0.00785468146171103 0.00521514538344174 0.00690933042852337 0.00443986138020056 0.00756081266113157 -9999 0.00439789282328584 0.00722896102551467 0.00759949112913505 0.00564258315153395 0.00219735356700241 0.00381207529662232 0.0042342047901411 0.00485673643632046 0.00641555428142058 0.00539479436788445 0.0050904312143767 0.00512966434695495 0.00404683654660361 0.0021582530793049 0.00799189116815354 0.00682122801750413 0.00793382919215607 0.00743303579437943
0.010043997083866 0.0141782833527388 0.00853959516295453 0.00746663302484169 0.00769241975950024 0.0112638107413551 0.00653145155057526 0.0088573782947977 0.00795651731093074 0.00856379355615244 0.00928293990819481 0.00785319881425894 0.0133555337337065 -9999 0.011676595943168 0.00831128870684969 0.00909629138267514 0.0118962771172009 0.0093895892258507 0.00787081419609888 0.00865810636861098 0.0101878422220733 0.00777785793876254 0.00657582117463707 -9999 0.0039331589983238 0.00774977689354128 0.00461980257299205 0.00614047111284392 0.0087363728695145 0.0033711661923637 -9999 0.00377351689968579 0.00404411635252047 0.00417128188398777 0.00406879255064262 0.00447886322544336 0.00544399729513095 0.00293613083010738 -9999 0.00481972869168809 0.00236035482197954 0.0055260639213363 0.00833614802220374 0.00394086054782168
0.00933083303365492 0.0133590884039954 0.0119083777305676 0.0100183429618033 0.00859692254487278 0.00878536469836601 0.00839009074596334 0.00629222394025696 0.00983395063892811 0.00909251640500091 0.0101658058164644 0.0157904262108588 0.0184210664044156 -9999 0.00741574556073849 0.00877707023156407 0.00744471633610778 0.00977667001034567 0.00732163605445232 0.00680090590087469 0.0121908684693337 0.00991711207241353 -9999 0.00566913337919957 0.00471152588819253 -9999 0.0134596335777934 0.006466742808671 0.00613191312724017 0.00618155879440906 0.00484258398905745 0.00565828129241399 0.00315543921712562 0.00269228190047921 0.00337435179465325 0.00401887946856061 0.00526929778882857 0.00470289706420121 0.00581608123878294 0.00628735380111071 0.00537126398068144 0.00607827642531493 0.00472616499517823 0.00949226450996325 0.00810565124315488
0.0206703212198389 0.0174547486252715 0.0159426324039523 0.0116106340701874 0.0120267713445006 0.00989432973858338 -9999 0.0106262404596841 0.0113345216198392 0.0150431988135952 0.0108384297658463 0.0111937034059333 0.0118504751409422 -9999 0.0108093399819859 0.00913321164189886 -9999 0.00862508647100751 0.00829370095198091 0.00797730837768597 0.00676339272434692 0.0103848735300608 0.00586825973249981 0.00773073907687869 0.00625151949436863 0.00619587239900382 0.0139505946073737 0.00832788826621172 0.0070169686500699 0.00585857718749321 0.00849911244121934 0.00783958792646899 0.00726685389579988 0.00441856913185319 0.00321321288088564 0.00322974053928426 0.0046264723613748 0.00653530657562746 0.00562028783161842 0.00768358125388167 0.00565985602976993 0.00661267838769583 0.00402288183745898 0.00937916252358254 0.00811982317097448
0.015113306149017 0.019424146473179 0.0191354474581253 0.0116588728869789 -9999 0.0131939202027421 0.0110703036431498 0.0122736884617909 0.0118638735135694 0.0106545729811813 0.0118645365608771 0.0106761808145453 -9999 -9999 0.0141737114432043 0.00993402898775192 0.00938300550610885 0.0112709611681976 0.00941830285787306 -9999 0.0086377297064231 0.00807650974727152 0.00618036587596218 -9999 0.00602944256606773 -9999 0.0086034835963306 0.00889582582965767 0.0100509321620103 0.0108888348205301 0.00650366660981409 0.00790765157440912 0.00608961623439901 0.00491107018797951 0.00407335312603513 0.00598448569177287 0.00665495969609172 0.00676111881210555 0.00632574820718 0.00572233229988956 0.00823894783706738 0.0087184663419016 0.0103085742111804 0.00752188130008441 0.00617046621129764
0.020517546902877 0.0208513076330392 0.0233622139503699 0.0132030314361529 0.0139858154536793 0.0147277908928876 0.0141568037368563 0.01073261563278 0.011269652783179 0.014171567873596 -9999 0.0110805723758136 0.0102613915947478 0.0169786608235478 0.0155728050171368 0.0121733033827489 0.0119590739310243 0.00974884965039071 0.00916815834364454 0.0104132018012547 0.00969125379098352 0.00775460382127109 0.00716857200848514 -9999 0.00576775139466338 0.00494943873803733 0.0053800865476628 0.00622999525030193 0.0145522873708862 0.0149541365424242 0.0206975784146126 0.00870079783127097 0.00559451930555976 0.00722231567637563 0.00944491117301651 0.00849676698220651 0.00512552951027181 0.00802678828302792 0.0079997280189717 0.00567097163535732 0.00419669728068434 0.00449042794640801 0.00968942970250329 0.00904162681574609 0.00763350559770016
0.0147985357737977 -9999 0.0142001072431849 0.0155958119086556 0.0129838914674011 0.0107664225448695 0.0133733694229319 0.0110577411634961 0.00975484824505112 0.0106054061815124 0.0113146457850515 0.0108847573629409 0.0166823438482936 0.0134345950413187 0.0122861758527539 0.0117536596082504 0.0119538786436791 0.0159198196096155 -9999 0.0111759725575216 0.0100821031776978 0.00830901621137607 0.00862945507436968 0.00750183899508592 0.00763244373027031 -9999 0.0107557316154157 0.0127428638536544 0.00855434088171354 0.00976182795137955 0.0122177573044919 0.011500707768722 0.00559230914786721 0.0118979758217351 0.0102188021393659 0.00902270588242302 0.00984756365186969 0.00628469240288927 0.00734805877302029 0.0084077025858839 0.00932713172790378 0.00774479553812653 0.0101203374890112 0.0084557338461998 0.00554325073093137
