resultados/modelos/maxent2.asc
NCOLS 330 
NROWS 228 
XLLCORNER -12 
YLLCORNER 34 
CELLSIZE 0.166667 
NODATA_value -9999 
[rows 20 to 39 of 228, columns 270 to 314 of 330]
0.0666919574010602 0.0970720483236117 0.0572580693025438 0.0461283527083539 0.0265246421698058 0.0501123064594846 0.0176154285062876 0.0184175315688752 0.00700918705319405 0.0155190542654075 0.0211404755982187 0.01469977997767 0.0143771366240549 0.0101149948578198 -9999 0.0253685426832593 0.0151441732680219 0.0173227625415292 0.0049345396541692 0.00746732724103999 0.0118408439537666 0.00678819395222315 0.0140825112694961 0.0209888021097998 0.0218500028056114 0.0247199520736322 0.0228543948013129 0.0192164610716992 0.0229903322503144 -9999 -9999 -9999 -9999 -9999 -9999 -9999 -9999 -9999 -9999 -9999 -9999 -9999 -9999 -9999 -9999
0.0646604881244181 0.0432143532973993 0.0498862469970339 0.0317940434696717 0.0472994160958932 0.0343410461957785 0.0210527663402506 0.02729863089313 0.0137341819165438 0.0194195164761667 0.0172423708889983 0.0120721574994242 0.0226227943601855 0.012133697640252 0.0140790231872915 0.0280063092186068 0.0148912193033419 0.0145910402191966 0.0126635078583498 0.0130612129842143 0.00616767092852367 0.0134321681181602 0.0189164279146324 0.013685146167892 0.00721975699381618 0.0110553872038767 0.0181711868257566 0.0152793555798118 0.0110804859529808 0.0143570426070335 0.0151731178331878 0.00604853563667263 -9999 -9999 -9999 -9999 -9999 -9999 -9999 -9999 -9999 -9999 -9999 -9999 -9999
0.00832175224507939 0.00625248643835912 0.0199864672608736 0.0550242969251103 0.0580447947679553 0.0275529095356578 0.0455197574523554 0.0175085333794268 0.00693283602229074 0.00562864180266593 0.0252875432373629 0.0278733994022905 0.0381804669679585 0.0104673449976512 0.042481538678473 0.0245105339651921 0.0256212203782277 0.0254230599063422 0.0241715524458651 0.00531123128074144 0.0102831340210482 0.00635778840988321 0.00719729839141728 0.00627906358461203 0.00848003778859521 0.00893639497422571 0.0109509069576486 0.011061997133822 0.00512599739782179 0.0117362142385406 0.0168176933386782 0.0201276580846983 0.0286630547434123 0.031060004763408 -9999 0.00655682302747153 -9999 -9999 -9999 -9999 -9999 -9999 -9999 -9999 -9999
0.0236878240156569 0.0232983503104294 0.0226227447733142 0.0432595481886764 0.0296874543333024 0.0575311314519228 0.0460186013777058 0.0330257643517294 0.0318534173726072 0.031744008899755 0.0310928737752459 0.0372595820970738 0.0277705675653414 -9999 0.0429390809903278 0.0232459624892773 0.0234374230664654 0.0273724586606677 0.0238275215662713 0.0225057126731904 0.0212063949681668 0.0117972776370199 0.00538894878414121 0.00959123707155691 0.0108911370681265 0.0189486933834081 0.0286191406101826 0.0153252475208227 0.00495747570730041 -9999 -9999 0.0119541874990489 0.00437430009830175 0.00599893318092016 0.0138510525051438 0.00877577672260683 0.0115098671722363 0.0141193812334646 -9999 -9999 -9999 -9999 -9999 -9999 -9999
0.00828390471136223 -9999 0.0355024698955356 0.110823944174346 0.032644795503315 0.0295330776520133 0.0736163814518171 0.00900229167588972 0.0700628389100973 0.050203625641684 0.0770675766911589 0.10769275143353 0.00790261354828431 0.0023532628368068 0.0297784674936674 0.0263101633669569 0.0252965312119792 -9999 0.0177966600203088 0.0184168331023737 0.00699475373172428 0.00627118848106457 0.00392257326387553 0.00767771229347053 0.00830964313110617 0.0124548363865149 0.0138282737132331 0.00746234517724137 0.0145291161343082 0.0124476434566398 0.0164573667964051 0.0070946705690244 0.00801038848791887 0.00616406950489901 0.0135018036699207 0.0107107138201075 0.0167114244231636 0.0152570854075239 0.0190832990707232 0.0134752959452877 0.0208094194776944 0.02653525092673 0.0157393814855352 -9999 -9999
0.00104951569595562 0.0146153689550277 0.00587386552830109 0.00556627214431962 0.00369811581155994 0.0232495950817925 0.040986843033428 -9999 0.00439951573074534 0.0165794298388148 0.0295008036826311 0.0419535235051165 -9999 0.0350207150228055 0.0322368542304449 0.0370261809441341 0.0506409761795424 0.0191218677392259 0.0227713637104606 0.029709669251648 0.016239038635575 0.00981273879215065 0.0107694785129098 0.0139554824561168 0.0110885572788618 0.0119647410020308 0.0157578249681259 0.0155769363119005 0.01420127607658 0.00826209640536133 0.0169612742496998 0.0145741155116356 0.0188526365298473 0.0216091792064208 0.0134412595168224 0.0134973890216067 0.0132014021532385 0.014020026144578 0.0107017102610459 0.0117316897907258 0.0138628031768759 0.0110667532231642 0.0170685830727441 0.0350503736389182 0.00973268362196068
0.000992451213003284 0.00442457339358461 0.0657726734777349 0.0492605683554862 0.0562328848233193 0.0599725793134619 0.0895282870837635 0.00841449244533361 -9999 -9999 0.0463311460107873 0.0441757293906257 0.0544200454790384 0.0919444088049743 0.0649406057772001 0.0544605933720901 0.0406154883709762 0.0481030350999751 0.0264685778363381 0.0195973675823326 0.0275471432909087 0.0320837016364933 0.0506964624717674 0.0335020023308347 0.0250023025523908 0.0323987341137467 0.0285488859309146 0.0163997369345718 0.0119172495302283 0.0112001475740516 0.0135312497708707 0.00976251579212297 0.0117325171830927 0.0116181245212903 0.00942257087072486 0.00876640055362651 0.00939721852019324 0.00778625299607485 0.0106053771377735 0.00828646481068944 0.0109401869844558 0.0137957093064618 0.0152296114472842 0.0144289265692159 0.017840754083043
0.00304181338086875 0.0151893979114218 0.0223230870597015 0.0360554966867795 0.0249250235386102 0.032554227208024 0.014212331115346 0.0445098372288871 0.0827844329164879 0.0567416177875761 0.0391181405367001 0.0368836682759973 0.0420736682439906 0.031678562730236 0.0502852824678172 0.044338586843676 0.0258392127651007 0.0442608884666409 0.026722502286928 0.022878135578527 0.0502181276763897 0.039234264488695 0.0272041863212706 0.0399028371906912 0.0403885561795904 0.0200734468834497 0.00809094944419617 0.0273572029055181 0.0215153240099461 0.0178784486058429 0.017279388196813 0.0138017730724387 0.0104177361664438 0.0119311055188393 0.0125869060595545 0.00903269551183979 0.00925610774374661 0.00841151298275192 0.0102547228689408 0.00917901432654144 0.00852142653330757 0.00918347997849459 0.0100869874845216 0.00862194762205377 0.0117288180024932
0.0516642791911927 0.0285095536245937 0.0265197911570242 0.0170761146101117 0.0120441763363295 0.0295604241031554 0.0225516598681437 0.013132501903941 0.0128298179744109 0.0161267470403482 0.0192501659765106 0.0171691041614902 0.0254771520990996 0.0369340683719939 0.0427718485584604 0.0344527384982463 0.0346658798723377 0.0329283700694111 0.0258517738279867 0.0366031850971352 0.0524728058787663 0.0567806525726692 0.0454646905233849 0.0395770061096348 0.0321079623674723 0.00394523375567904 0.00781087712798213 0.0107958190589482 0.0139541421938237 0.0208075238424427 0.0247479587385465 0.0165792938291107 0.0189964242889607 0.021750829062997 0.0137853683186426 0.0114931804816576 0.01602772064158 0.0158711522205791 0.0163761817539332 0.0200534704581517 0.012947333192338 0.0107177523222976 0.0099330953378036 0.00861021465991861 0.0122813120890625
0.0262889231848244 0.011634349345582 -9999 0.00266286997905126 0.0091703798354791 0.011593797202227 0.00300667754062822 0.0204035211839222 0.0252617892331737 0.0292650450281527 0.0110337368674801 0.0422921281642216 0.0291592521466026 0.0220271285266884 0.0326108440809148 0.0305894423559158 0.0438977510571485 0.0475652527297388 0.0277325018493905 0.034472802763145 0.0264051661453105 0.028648481870319 0.0197578377817214 0.0216484265066766 0.0322015228762547 0.0211061062293318 0.0192777830302932 0.0244100907986723 0.0150821896788879 0.0191785752852528 0.031311795561764 0.0258629832944376 0.0275449274661451 0.0222509268278076 0.0227776768275619 0.0149816218368059 0.0226749002445551 0.0248644680513699 0.0232408876271909 0.0192474386985887 0.0176541572695462 0.0143276786786131 0.0190250571652212 0.0227362094522393 0.0300355655040209
0.010192247661397 0.019302906572833 0.01519394856944 0.00916314652772313 0.0121052999474382 0.0111024940232347 0.00407396800323934 0.00584337349855849 0.0142547363909202 0.0448102429958726 0.0231460307759158 0.00948198090123801 0.00484991292863665 0.0166321236818014 0.0261643071269261 0.0256226314789084 0.0276478584768368 0.0274684900124089 0.0376392730209763 0.0415687237167017 0.0237155005736851 0.0264801471617979 0.0263452198682033 0.0263765757720825 0.0207353281913549 0.0195647082521219 0.0192112275316247 0.0243803981801335 0.0252009163899569 0.0204894325636135 0.0217892574714923 0.0126485312064473 0.0195313362877322 0.0244336488128464 0.0190780839486294 0.0180390264795809 0.0109307208507233 0.0110362225865004 0.0109698838532978 0.0145063982634107 0.0102620319737715 0.0132221847193872 0.0119262913420192 0.0101430652772829 0.0144224944436235
-9999 -9999 -9999 -9999 -9999 0.00597375580120587 0.00994380326847045 0.0171146648606337 0.0275320178783922 0.0248033203552093 0.0292770932211125 0.0344454251431124 0.00965534014524735 0.00472150099573985 0.0286788205349525 0.0215593330666151 0.0199277181525166 0.0304064951361472 0.0422333521372773 0.0398063383055919 0.0262813831468502 0.00609842002920767 -9999 0.00807777633764148 0.0215194014675353 0.0195231417030567 0.0209389418023165 0.0249191014494084 0.0210858917870515 0.0181266167290579 0.016454937039711 0.0189753484518874 0.014162030193092 0.012739979314512 0.0120080260903788 0.0144700907562396 0.0142292303210875 0.0141283847925262 0.0119652269533697 0.0111079648719076 0.00758276689421089 0.00795636288324581 0.00621315342365438 0.00703164211367358 0.00739343359380188
-9999 -9999 -9999 -9999 -9999 -9999 -9999 -9999 0.00350143763293452 0.00672001483771126 -9999 -9999 0.0139149543978135 0.0184850844720409 0.0319055034222283 0.0270531418777334 0.0194216232098134 0.0275004296246018 0.0293365832990037 0.0210938384373704 0.026798404202454 0.0272758606018258 0.019777639944586 0.0185417480982675 0.0196383759249036 0.00963523479408391 0.0104384344349113 0.0141000876902228 0.0129096811725705 0.00919130195325136 0.00958294827182597 0.0129951972740592 0.0183618171770422 0.0213218119530536 0.0142932639731581 0.0149926357893071 0.0138317263762438 0.0115845372082023 0.0120469602849614 0.0100810030575387 0.0074981164378185 0.00312738402791583 0.00855028184210511 0.00998659390487305 0.0157483241235835
0.0016617149434703 0.00307759987169921 0.00294442494271739 -9999 -9999 -9999 -9999 -9999 -9999 -9999 -9999 -9999 -9999 -9999 0.00370351900957274 0.0073801400619883 0.0121552410106833 0.021388710309518 0.0334200479834737 0.0279754293486922 0.0383241980563618 0.027737324526817 0.0281137087147872 0.0339219946302001 0.0277651413448526 0.022980465879692 0.00631027710333215 0.00641220008376859 0.0140518056620149 0.00486048839151873 0.00208695070028453 0.00119227975182043 0.00474392417894496 0.0126814979752601 0.0163846752766042 0.0143512140245032 0.0132008935336157 0.00972834406233743 0.0102632234754506 0.00894810030938972 0.00870064623712154 0.0106303533364671 0.0138865807900516 0.00569751265403256 0.00171953482927821
0.00372831244522633 0.00390293402930237 0.00371118159795745 0.00469694947317984 -9999 -9999 -9999 -9999 -9999 -9999 -9999 -9999 -9999 -9999 -9999 -9999 -9999 -9999 -9999 -9999 -9999 -9999 -9999 -9999 -9999 0.00552144136235466 0.010824165039739 0.0190590397565119 0.0118536883702029 0.00987116771099579 0.012540315652042 0.00960804206224292 0.0118948164296489 0.013951745022788 0.0131030118831908 0.0150809840095312 0.0140351246385072 0.0169964540097406 0.013951328493069 0.00507587038380928 0.00300782158058767 0.00135057875462989 -9999 -9999 -9999
0.00629558167982833 0.00256601920426164 0.00269959082821392 0.0040588043379936 0.00631048111788839 0.00318572829488781 0.0144359948235288 -9999 -9999 -9999 -9999 -9999 -9999 -9999 -9999 -9999 -9999 -9999 -9999 -9999 -9999 -9999 -9999 -9999 -9999 -9999 -9999 -9999 -9999 -9999 0.00228121151893372 0.00405581814576509 0.00397123463164897 0.00289366339384812 0.002155309035917 -9999 -9999 -9999 -9999 -9999 -9999 -9999 -9999 -9999 -9999
0.00194207875964924 0.00398653891109406 0.00254883416562625 0.00181804074299367 0.00580519267022776 0.00566862653053643 0.00331082215771028 0.00860943118735196 0.0106959376408419 -9999 -9999 -9999 -9999 -9999 -9999 -9999 -9999 -9999 -9999 -9999 -9999 -9999 -9999 -9999 -9999 -9999 -9999 -9999 -9999 -9999 -9999 -9999 -9999 -9999 -9999 -9999 -9999 -9999 -9999 -9999 -9999 -9999 -9999 -9999 -9999
0.00224884014676857 0.00164221012473758 0.0010874503608895 0.00104017813389654 0.00264936269240315 0.00516866548381388 0.0109300910974577 0.00879260721511236 0.0110587251086996 0.0136441548265339 -9999 -9999 -9999 -9999 -9999 -9999 -9999 -9999 -9999 -9999 -9999 -9999 -9999 -9999 -9999 -9999 -9999 -9999 -9999 -9999 -9999 -9999 -9999 -9999 -9999 -9999 -9999 -9999 -9999 -9999 -9999 -9999 -9999 -9999 0.00277405560995191
0.00208022264732799 0.002639917101803 0.00246875579586436 0.00215967728508723 0.00584449912053716 0.0058940686364394 0.00552680241152684 0.00941574134177811 0.00828110376151725 -9999 -9999 -9999 -9999 -9999 -9999 -9999 -9999 -9999 -9999 -9999 -9999 -9999 -9999 -9999 -9999 -9999 -9999 -9999 -9999 -9999 -9999 -9999 -9999 -9999 -9999 -9999 -9999 -9999 -9999 -9999 -9999 0.00464794064311532 0.00790682984911318 0.00617492973809916 0.00704017318069004
0.00324804907474669 0.00229954980651894 0.00629112807040107 0.00625956956873342 0.0068845362844859 0.00829266458637059 0.0120122154726204 0.0181482536061609 0.00448915427219929 -9999 -9999 -9999 -9999 -9999 -9999 -9999 -9999 -9999 -9999 -9999 -9999 -9999 -9999 -9999 -9999 -9999 -9999 -9999 -9999 -9999 -9999 -9999 -9999 -9999 -9999 -9999 -9999 -9999 -9999 -9999 0.00507649199066031 0.0107752723846301 0.0070033945982415 0.00409158338507928 0.00563670002344529
