resultados/modelos/maxent2.asc
NCOLS 330 
NROWS 228 
XLLCORNER -12 
YLLCORNER 34 
CELLSIZE 0.166667 
NODATA_value -9999 
[rows 140 to 159 of 228, columns 225 to 269 of 330]
0.00188414836595671 0.00253226630644268 0.0023827036248777 0.0041245898233891 0.00474216455339743 0.00403395033551862 0.00298206013836777 0.00376522632899516 0.00590753855583806 0.00515241055320744 0.00634733833094715 0.00637179811779524 0.00312246961477734 0.00250899093743495 0.00137415359292112 0.00165919256558448 0.0019221639637484 0.00232038355340269 0.00179898911284551 0.00357331769900562 0.00221381906471593 0.00238645947618728 0.00278691490244962 0.00221305153078648 0.00187953820369289 0.00161558622514887 0.00207785150939966 0.00181738761306017 0.00260579672984846 0.00203438596025937 0.00283216522476503 0.00162375371414108 0.00182168537803475 0.00117921812717819 0.00111856018991981 0.00120056155626059 0.00128781408372483 0.0014207862378222 0.00119751807348613 0.000852693007019535 0.00117398866031094 0.000875212441883775 0.000945905964962878 0.000754162122772448 0.000780420407733251
0.00301877709141912 0.00280063381878063 0.00788741233869316 0.0129944548877573 0.00644415032171957 0.00252777231913449 0.00179052835292872 0.0016747077663286 0.00212953555117121 0.00311577892907025 0.00196123717866669 0.00326641782283857 0.00335100523306601 0.00321860793248386 0.0026965801967417 0.00182074092523232 0.00185416690389259 0.00199951966008359 0.0017372902940296 0.00234850869552022 0.00300512511736437 0.00209688241931946 0.00341387288527702 0.00305049497945883 0.00329062400825911 0.00196627945509475 0.00188282085457343 0.0030763393025922 0.0019417938122352 0.00412030339255653 0.00199835844181516 0.00147117907288411 0.00115500237857532 0.000920234133303268 0.000849629866592517 0.000958167027277458 0.00108979679393016 0.00103724684141841 0.000806716148491488 0.000615905956249385 0.000825120138681185 0.000730702352587053 0.000598751997956552 0.000677977340709988 0.000647174950281788
0.00880488209091252 0.0141950267140276 0.00565143263710259 0.00250135845536496 0.00200593832638237 0.00344318581005833 0.00260549265606976 0.00224641304651406 0.0024299762060626 0.00246397030859128 0.00138560302440998 0.00163158843980761 0.00167145238822728 0.00156312898237687 0.00176764135538092 0.00243232609247465 0.00240050796811651 0.00224663105165184 0.0016201917829175 0.00286025087448149 0.00326906894949381 0.0033161265361724 0.00318975758237346 0.00195217553212723 0.00207437387585731 0.00386886749452239 0.00219993845976526 0.00182717375920861 0.00165236197406192 0.00143626292019307 0.00163658236903615 0.00151525852520078 0.001101371875009 0.000935307125412903 0.000859108751234826 0.00087944202491031 0.000737464585065603 0.000685507372761939 0.000652721596029435 0.000580177995636659 0.000492939237384011 0.000505107988424774 0.000727685080015995 0.000640278301962802 0.000552069589088191
0.00917770239960342 0.00852261661821895 0.0109916560317211 0.0080978675211274 0.0102543205068994 0.00353872802273335 0.00121327695828352 0.00151939353897989 0.00168809639867751 0.00160495302898092 0.00167227287385145 0.00122062874324272 0.00114872459211985 0.00118055396207201 0.00114126601829137 0.00134604855119606 0.00222238094643099 0.00181583182497291 0.00192176567491422 0.00207510032352196 0.00230273753396012 0.00262828313631449 0.00534131103106832 0.00264983465316041 0.00347243002160369 0.00234562787539324 0.00235699265500895 0.00354568187305031 0.00241697328873407 0.00161977897221387 0.0013853815659008 0.00115422935467084 0.00140191250057485 0.000917975451315225 0.00087009640498464 0.000649106226097226 0.000834867235168474 0.000649199599946857 0.00057692930290817 0.000653387344050727 0.000499437818238781 0.000495143816553539 0.00055648853197953 0.000557267444324983 0.000503050531731455
0.0415700441442462 0.0188027875565061 0.00411756690564425 0.00456611557581162 0.00445792339807421 0.00386513324892102 0.0011128438862339 0.00123298915639589 0.00146362353901263 0.00179312971561669 0.00187559392227234 0.00142172953950084 0.00130251021561253 0.00110662755207965 0.00106299323048095 0.00117934262564437 0.00170549466085952 0.00203680562248319 0.00260992448269284 0.00274092237092832 0.00294242251859642 0.00217796545451323 0.00228616011159421 0.00376063918920731 0.0024470310791608 0.00211981245118772 0.00213916425900326 0.00135648136327514 0.00134421064923025 0.00136120070520382 0.00127703761691799 0.00117912400067069 0.000870012904235278 0.00119657539164338 0.000900761900228839 0.000614109184822367 0.000730840266072876 0.000486518844399536 0.000402490703242052 0.000343788060439893 0.000217767764329826 0.000384107920294638 0.000415648668091401 0.000384873993182342 0.000390581176425846
0.0332501690294462 0.050214897445916 0.00361495331549871 0.00469455336471989 0.0105816512366208 0.00294041903189964 0.00341272672016595 0.00120036772472257 0.00205372005847802 0.00165333299125969 0.00213136566091439 0.00166792286556602 0.00116176461105387 0.00107261450028229 0.00177019791278874 0.00218139013636087 0.0014050324888079 0.0013555038820745 0.00268776914099832 0.0022357279612272 0.00332406964457194 0.00213570539763361 0.00180794733533909 0.00213246985428082 0.00261415831602263 0.00258002023447119 0.00202357779327409 0.00155972519785357 0.00142020217531659 0.00113336328777275 0.000997625248832252 0.000897485624803185 0.000987096893477921 0.00102150354106628 0.00130850863317698 0.000671837777658282 0.000530759188404002 0.000481255330832254 0.00043698496906105 0.000383549138238595 0.000254780998937237 0.000433017842260505 0.000305207880699174 0.000362274665899107 0.000352468839961113
0.0454234795830254 0.0376790586929777 0.0265606422383748 0.00567779974753632 0.00258262814971002 0.00307517259434873 0.00270271072789899 0.0192699058015941 0.00252451534716945 0.00119622943466803 0.00117731824162325 0.00201258898840048 0.00136448353318032 0.00116373471516051 0.00134465498301636 0.0014879065840837 0.00169426465127619 0.001664705740194 0.0014009493641477 0.00167852754928297 0.00244732452718136 0.00162545737736242 0.0019990250310423 0.00174140317081259 0.0017750845218601 0.00178996678161117 0.00197063513045118 0.00140908940326471 0.00143456536678266 0.00137831986413875 0.0010304638001635 0.00106051273579179 0.000830413537193228 0.00100331923842607 0.00163161854612234 0.000809101365549348 0.000524594521998696 0.000584478284228799 0.000261439076849045 0.000382558950402179 0.00037545239908599 0.000379211438123013 0.000375407328161891 0.000356712103651249 0.000430108775326478
0.0766971315936036 0.0532185754220135 0.0372515291891736 0.0267069801794411 0.00482193920357257 0.00427967772208949 0.00879547262789004 0.0178326147523098 0.00310506426875658 0.000915618303968443 0.000990065464657517 0.00144470331407343 0.00160319464310518 0.0011932525399779 0.00163645273478688 0.00290360325929761 0.00249778182517596 0.00351748146514597 0.00271641529945652 0.00166888343410163 0.0020903826430669 0.00293359676388762 0.00186247376741236 0.00169161795202017 0.00187823955895255 0.00197986236172161 0.00143032028785884 0.00134299550523927 0.00134863813700209 0.00112372643352614 0.00104274354610281 0.000800399578018812 0.000869926481402428 0.000768379032968159 0.000890268432780391 0.000857222679165463 0.000941073370162054 0.000684371479217066 0.000518579014673242 0.000285845867728424 0.000474669751582736 0.000495178793007407 0.000396029489636732 0.000410219348423185 0.000511260523756206
0.0476240939279997 0.0737283797761193 0.0353643407068223 0.0610149350178361 0.0262873959091881 0.00271320083052403 0.00416669120228054 0.0024662895574007 0.00270918535652396 0.00101405745250361 0.00112304868725295 0.00110905173025068 0.00130605257773153 0.00113295702961997 0.00150309539695703 0.00652586169341119 0.00388504946158962 0.0033406929347938 0.00355188979514603 0.00517147139234599 0.00288529507802712 0.00195471455703413 0.00146381869877041 0.00157470379781175 0.00212281157142196 0.00187213506090269 0.00184691712621151 0.00142436871217818 0.00125131814644273 0.000983373096538719 0.0010808623908444 0.00101441341540121 0.00115461250179967 0.000848278358705443 0.000710033614872377 0.000766277789296517 0.00101574783352728 0.00252104727680942 0.00090379643965687 0.000615112212116532 0.000761004048437028 0.00060994561431826 0.000434707869092236 0.000460648975172642 0.000564399364638725
0.0606699804056683 0.0797642240942643 0.0663679482833325 0.0514049086853656 0.0424912888741398 0.00719431538691621 0.00303383060297217 0.00245034348216412 0.00154237900188643 0.00327050838552947 0.00864728013783686 0.00502444065184915 0.00564415788888989 0.00502762731671451 0.00125111413188649 0.00214448634706227 0.00506815785436132 0.0079127873575088 0.00740413869093323 0.00296844340641084 0.00216763155053281 0.00206101836045459 0.00143670185255212 0.00125281602414815 0.00159819504680563 0.00175955922664575 0.001674374648811 0.00147055259589393 0.00140627118656276 0.00140432817813937 0.000895581666040957 0.000873285903385506 0.00141322078657646 0.000941418972945469 0.000795154438158309 0.000725646395495385 0.00068568677097849 0.000837191619760999 0.00394768724323293 0.000837238815836725 0.00077444076234151 0.000622754213094854 0.000464779561552531 0.00057542876876322 0.000634853365419818
0.0862760457062482 0.0911677537247415 0.09153140400416 0.0539218079302857 0.0486596321459531 0.0109998541583159 0.00204215144140205 0.00212369474901913 0.00141943101091978 0.0068534743599152 0.00332695737144171 0.00235134931486225 0.00332524520761386 0.00187192608765933 0.00462330623964184 0.00122437697942564 0.00185621891488487 0.0031830906275262 0.00464009635426646 0.00260020651849245 0.00204348214051277 0.00188804713371323 0.00143017258982073 0.00160951750048475 0.00118255142750585 0.00153524575335293 0.00181777722419187 0.00168202696562951 0.00137492909616917 0.00158395617670977 0.00134879654934632 0.000866696870764594 0.00110119061728477 0.0072393650594988 0.00104391972898062 0.000911755398145628 0.00106222144624824 0.000832803624390234 0.00349501436214055 0.0015948484642803 0.000693892645521963 0.000542581185537552 0.000468137743863826 0.000601165816013399 0.000502744199979157
0.0758594988293404 0.061974534484302 0.116146343922265 0.0313892814236363 0.0236912695948289 0.0313310834379347 0.0026846894420982 0.0040458171822063 0.00133484112134877 0.0028955328188964 0.00545119518369313 0.00315968881199665 0.00148637523524015 0.00172970739883091 0.00220705860319707 0.00180053551484642 0.00121003477383189 0.00217972915326805 0.00290438602348039 0.00238460652106411 0.00298408222014129 0.00119557506506275 0.00110602710819691 0.00147751202473391 0.00198981426969699 0.00104143852590758 0.00157793420538145 0.00164789118632567 0.00120449131581169 0.00175212402948517 0.00532971301606151 0.0017887715609167 0.00134860776504342 0.00171557602598821 0.00262334056491694 0.00164998021037545 0.00118154623078607 0.000705901257532798 -9999 0.000699372127623384 0.00064195721602248 0.000687272665380475 0.000754681368153422 0.00155349283651413 0.00183546362151536
0.112581812929863 0.0393590420581169 0.077495151531531 0.0912152834492733 0.0261686537703882 0.0379009188558126 0.00890919445016209 0.0148097239887324 0.00144106018434809 0.00543560188362671 0.0035501404411647 0.00253356707633464 0.00532614807420646 0.00225157893592845 0.00365271761411045 0.00261902880936081 0.000844889096051596 0.00115932670794525 0.00117879610748417 0.00109272153385744 0.00128948551547982 0.0013622070530474 0.00123866313414521 0.0013057430139778 0.00136449681537799 0.00174999462755447 0.00294161885708931 0.00128657113566672 0.00108199474246989 0.00151556295317141 0.00538676696180369 -9999 0.014703464990592 -9999 -9999 -9999 -9999 -9999 -9999 -9999 -9999 0.00663738115021332 0.0155333735370733 0.00223656704192811 0.00107024415928583
0.12262906512463 0.0251742329861227 0.0717016085013415 0.075663242493313 0.0544758547943107 0.0338902902014541 0.0234302301365903 0.00925592710585827 0.00512042064575942 0.0049989572503005 0.0028364362482483 0.00364447769286695 0.00216723503265832 0.00153000991103079 0.00122015651684151 0.00105842025837061 0.000881750647961598 0.00180319709016383 0.00132107022735087 0.001183457539031 0.00155191951592594 0.00134300072957036 0.00135239372266772 0.00126823754112468 0.00114605425055197 0.00118292448016445 0.00142015745858443 0.0096055117150385 0.00746688237596597 0.00125724802786719 0.00229095197432218 0.026364473741948 -9999 -9999 -9999 -9999 -9999 -9999 -9999 0.00263231561152758 0.00156217248704855 0.00201609690535353 0.00137377567012337 0.000877250108102563 0.000847236503120085
0.0548529870356537 0.0770779814335268 0.0183395455879865 0.0554240861163375 0.0796068041958447 0.0420325791456577 0.0181486418005248 0.00277747639568823 0.0119204471750438 0.00276223799594359 0.00148697240284746 0.0013986327717778 0.00138529222098446 0.00184383299991217 0.00189454035741494 0.000986416490765198 0.00140089844905662 0.00185125668583477 0.00130344855860403 0.00121153344846917 0.0013178026296277 0.00106669099431271 0.00110097208085908 0.000903730559956419 0.000979344871628885 0.000806279252736078 0.00111709897107996 0.00168224390819148 -9999 -9999 0.00391416935176477 -9999 -9999 -9999 -9999 -9999 -9999 -9999 -9999 0.00686467815929512 0.000970135084311403 0.000527999192001842 0.000622891728114747 0.000647002193164073 0.000647098223453238
0.0104846394815954 0.0349753501193981 0.0793926455825077 0.0361451072470704 0.0437144496454421 0.0839118286883863 0.0445421933707989 0.0194853338388366 0.0212237928761568 0.00540694563069828 0.00262219085788649 0.00121700305747032 0.00116891627756815 0.00151439358848841 0.00143658284406098 0.000826854528053138 0.00193723252845881 0.00129523307660424 0.0013860353156702 0.00121131101593216 0.00108689268568326 0.000995241359994159 0.000915724030261909 0.00106014800664373 0.00092348012531823 0.00094222396267235 0.00108786520819678 0.00102626219830006 0.00111964082952236 0.0403588380592321 -9999 -9999 -9999 -9999 -9999 -9999 -9999 -9999 -9999 -9999 -9999 -9999 -9999 -9999 -9999
0.0139667330088325 0.0355927151677792 0.0264572011912925 0.00193385566252279 0.0616836720648915 0.0504373526512066 0.069088941423482 0.0117032318852826 0.0195667129784905 0.00241795758812952 0.00129332194545527 0.00125523117042476 0.00117049482248743 0.00117191654892619 0.00138814824767579 0.00113246036397504 0.00141616996574745 0.00115351512662805 0.00118270443842303 0.000947213198857714 0.000995482741799843 0.000867730668483364 0.00106272962313116 0.001216982071598 0.00129229505447929 0.000852693361211473 0.00102227700771069 0.00163027438771797 0.00831535766383239 -9999 -9999 -9999 -9999 -9999 -9999 -9999 -9999 -9999 -9999 -9999 -9999 -9999 -9999 -9999 -9999
0.00219970239083865 0.00364142810028156 0.028380188561192 0.0172350575338643 0.0455827299453801 0.0437645777220304 0.0301678236071714 0.021722221688556 0.0189180997005794 0.00404144574530864 0.00072566844394352 0.000743168801951628 0.000783795148517644 0.000958925440764505 0.00132556527723487 0.000995390386252034 0.00128842320531004 0.000975876447076916 0.00144482922930735 0.000897840879316907 0.00111319435915646 0.000871184482617895 0.00120389202305275 0.000837406968459247 0.00231316246526858 0.00219158307195 -9999 -9999 -9999 -9999 -9999 -9999 -9999 -9999 -9999 -9999 -9999 -9999 -9999 -9999 -9999 -9999 -9999 -9999 -9999
0.0525371668041876 0.0592985435550154 0.0852024021028469 0.0561815978307102 0.0794833583881093 0.0318917324396824 0.0303600591563197 0.0317695787241365 0.00689080052309975 0.00247678940030403 0.000446422191876662 0.000397354123210518 0.000540040566766934 0.000822554195187006 0.000834681815688979 0.000879267231188952 0.000896011035217687 0.00103705504648403 0.00340421088340281 0.000615622868343011 0.00119366189731013 0.000974139844005351 0.00162497301988733 0.00168828695394011 0.00967582731531985 -9999 -9999 -9999 -9999 -9999 -9999 -9999 -9999 -9999 -9999 -9999 -9999 -9999 -9999 -9999 -9999 -9999 -9999 -9999 0.00403559484868633
0.106232143220589 0.108158165307013 0.0634868943896744 0.057387386195842 0.0392809923226794 0.0305863878046432 0.0117508402404246 0.00361898933263117 0.00391676026579057 0.00165860124214415 0.000569870567503598 0.000434974265703535 0.000358085239383532 0.000416404336590929 0.000568199976954461 0.00689911694980184 0.00483018797961453 -9999 0.00736633791055188 0.00123104853876808 0.00251759461379869 0.00650544181980689 0.000956335323670564 0.0222489093505292 0.0188882469872847 -9999 -9999 -9999 -9999 -9999 -9999 -9999 -9999 -9999 -9999 -9999 -9999 -9999 -9999 -9999 -9999 -9999 0.00633665590209983 0.00637164014819093 0.0040966532884785
