resultados/modelos/rf_ausencia.asc
NCOLS 330 
NROWS 228 
XLLCORNER -12 
YLLCORNER 34 
CELLSIZE 0.166667 
NODATA_value -9999 
[rows 84 to 104 of 228, columns 188 to 234 of 330]
-9999 -9999 -9999 -9999 -9999 -9999 -9999 -9999 -9999 -9999 -9999 -9999 -9999 -9999 -9999 -9999 -9999 -9999 -9999 -9999 -9999 -9999 -9999 -9999 -9999 -9999 -9999 -9999 -9999 -9999 0.735065873015873 0.823240476190476 0.953684920634921 0.952186507936508 0.928052380952381 0.853866666666667 0.728480952380953 0.943780158730159 0.979302380952381 0.974552380952381 0.952647619047619 0.706665873015873 0.758090476190476 0.700066666666667 0.670946031746032 0.574723015873016 0.765007142857143
-9999 -9999 -9999 -9999 -9999 -9999 -9999 -9999 -9999 -9999 -9999 -9999 -9999 -9999 -9999 -9999 -9999 -9999 -9999 0.644357142857143 -9999 -9999 -9999 -9999 -9999 -9999 -9999 -9999 -9999 -9999 0.825310317460317 0.880880952380952 0.848494444444445 0.940363492063492 0.911592063492063 -9999 0.955394444444444 0.91021507936508 0.916687301587302 0.938857936507936 0.907512698412698 0.940683333333333 0.952120634920635 0.936433333333334 0.787911111111111 0.781212698412699 0.620535714285714
-9999 -9999 -9999 -9999 -9999 -9999 -9999 -9999 -9999 -9999 -9999 -9999 -9999 -9999 -9999 0.594211904761905 0.526683333333333 0.494523015873016 0.508392857142857 0.588239682539683 -9999 -9999 -9999 -9999 -9999 -9999 -9999 -9999 -9999 -9999 0.637360317460317 0.928703174603175 0.774863492063492 0.921279365079365 0.910770634920635 0.85674126984127 0.814038095238095 0.940580158730159 0.944419047619048 0.950222222222222 0.840046825396825 0.949248412698413 0.937370634920635 0.947844444444444 0.775073015873016 0.641169841269842 0.777364285714286
-9999 -9999 -9999 -9999 -9999 -9999 -9999 -9999 -9999 -9999 -9999 -9999 -9999 0.441226984126984 0.471837301587302 0.509772222222222 0.496021428571429 0.471914285714286 0.644865079365079 0.613375396825397 0.493188888888889 0.668427777777778 -9999 -9999 -9999 -9999 -9999 -9999 -9999 -9999 0.667418253968254 0.918284920634921 0.857355555555556 0.95615873015873 0.927810317460317 0.578615873015873 0.655700793650794 0.746707936507937 0.697142857142857 0.614476190476191 0.539447619047619 0.790122222222222 0.827735714285715 0.949715873015873 0.71461507936508 0.729828571428571 0.465984920634921
-9999 -9999 -9999 -9999 -9999 -9999 -9999 -9999 -9999 -9999 -9999 -9999 -9999 0.311605555555556 0.497399206349206 0.557331746031746 0.598110317460317 0.509789682539682 0.64382619047619 0.446592063492063 0.48907380952381 0.473421428571429 -9999 -9999 -9999 -9999 -9999 -9999 -9999 -9999 0.594406349206349 0.832623015873016 0.917104761904762 0.820665873015873 0.831762698412698 0.818964285714286 0.830081746031746 0.774416666666667 0.711826190476191 0.697154761904762 0.698253968253968 0.647816666666667 0.804060317460318 0.799756349206349 0.729919841269841 0.727507936507937 0.66023253968254
-9999 -9999 -9999 -9999 -9999 -9999 -9999 -9999 -9999 -9999 -9999 -9999 0.562174603174603 0.44020873015873 0.52309126984127 0.51961746031746 0.525221428571428 0.558235714285714 0.569931746031746 0.513526190476191 0.495078571428572 0.527702380952381 0.534342063492063 0.638492063492063 -9999 -9999 -9999 -9999 -9999 0.59006746031746 0.563894444444444 0.698589682539682 0.774120634920635 0.842419047619047 0.899906349206349 0.799186507936508 0.889290476190476 0.919742063492063 0.829430158730158 0.793151587301588 0.743380158730159 0.704278571428572 0.798283333333333 0.688768253968254 0.828498412698413 0.840778571428572 0.701336507936508
-9999 -9999 -9999 -9999 -9999 -9999 -9999 -9999 -9999 -9999 -9999 0.558022222222223 0.568061904761905 0.436980952380952 0.59647619047619 0.407452380952381 0.615112698412698 0.537529365079365 0.635499206349206 0.64510873015873 0.564883333333333 0.534637301587302 0.438766666666667 0.401722222222222 0.485623015873016 0.53767619047619 0.580220634920635 0.545757936507936 0.535942857142857 0.57062619047619 0.629395238095238 0.608585714285714 0.74559126984127 0.879030158730159 0.893496031746032 0.843022222222222 0.687580158730159 0.676600793650794 0.977714285714286 0.885407936507937 0.813387301587302 0.709316666666667 0.772478571428571 0.704095238095238 0.831846031746032 0.664436507936508 0.713518253968254
-9999 -9999 -9999 -9999 -9999 -9999 -9999 -9999 -9999 -9999 0.60366507936508 0.480835714285714 0.47684126984127 0.475822222222222 0.458201587301587 0.537231746031746 0.517854761904762 0.471931746031746 0.402206349206349 0.547594444444444 0.591582539682539 0.47685 0.591650793650794 0.436640476190476 0.401268253968254 0.676347619047619 0.478583333333333 0.492901587301587 0.512405555555556 0.63526746031746 0.646212698412699 0.540734920634921 0.514697619047619 0.669784126984127 0.782739682539683 0.9048 0.824411904761905 0.638142857142857 0.814745238095238 0.583734920634921 0.669215873015873 0.691361111111111 0.753296031746032 0.863926190476191 0.689376190476191 0.695198412698413 0.71535
-9999 -9999 -9999 -9999 -9999 -9999 -9999 -9999 -9999 -9999 0.328992857142857 0.330772222222222 0.358330952380952 0.467565079365079 0.489926190476191 0.491355555555556 0.540438095238095 0.586297619047619 0.497843650793651 0.607851587301587 0.649274603174603 0.60482619047619 0.49462619047619 0.382927777777778 0.470388888888889 0.438159523809524 0.436437301587302 0.500219841269841 0.537572222222222 0.540927777777778 0.689551587301587 0.654013492063492 0.821639682539682 0.836060317460317 0.666480952380952 0.689753968253968 0.736315873015873 0.691564285714286 0.771833333333333 0.718135714285714 0.812673809523809 0.604950793650794 0.925580952380952 0.867586507936508 0.722992857142857 0.661164285714286 0.566657936507936
-9999 -9999 -9999 -9999 -9999 -9999 -9999 -9999 -9999 -9999 0.326270634920635 0.396153968253968 0.350911111111111 0.330338888888889 0.382294444444445 0.456916666666667 0.346746031746032 0.387507142857143 0.424564285714286 0.569361111111111 0.50463492063492 0.385393650793651 0.513419841269841 0.485519047619047 0.507937301587301 0.539172222222222 0.464734126984127 0.502104761904762 0.460798412698412 0.474051587301587 0.641351587301587 0.738722222222222 0.724688888888889 0.833038888888889 0.613788095238095 0.660522222222222 0.686629365079365 0.91150873015873 0.716255555555555 0.641376984126984 0.714676984126984 0.785726190476191 0.774777777777778 0.77935873015873 0.696049206349207 0.680955555555556 0.674919047619048
-9999 -9999 -9999 -9999 -9999 -9999 -9999 -9999 -9999 -9999 0.474773809523809 0.436939682539683 0.44867380952381 0.308963492063492 0.398342063492063 0.42213253968254 0.309320634920635 0.29545 0.345629365079365 0.404597619047619 0.386040476190476 0.382907936507936 0.494614285714286 0.61642619047619 0.536546825396825 0.451288888888889 0.451698412698413 0.486138888888889 0.474937301587301 0.530244444444445 0.551105555555555 0.551627777777778 0.516114285714286 0.699328571428571 0.673411904761905 0.787103968253968 0.893795238095238 0.776496825396826 0.79812619047619 0.775670634920635 0.726976984126984 0.703642063492064 0.518131746031746 0.711318253968254 0.663909523809524 0.879299206349206 0.731862698412698
-9999 -9999 -9999 -9999 -9999 -9999 -9999 -9999 -9999 -9999 0.483684920634921 0.333084126984127 0.459603174603175 0.362583333333333 0.397409523809524 0.523156349206349 0.50887619047619 0.458390476190476 0.52128253968254 0.457823809523809 0.561496031746031 0.454139682539682 0.535257142857143 0.569206349206349 0.469370634920635 0.47216746031746 0.569650793650794 0.499042063492063 0.473757936507936 0.495623809523809 0.480646031746032 0.504030158730159 0.5098 0.510065873015873 0.67009126984127 0.661474603174603 0.793619841269842 0.757124603174603 0.785645238095238 0.773477777777778 0.604510317460318 0.698479365079365 0.518569841269841 0.599261111111111 0.470520634920635 0.842784920634921 0.830392063492064
-9999 -9999 -9999 -9999 -9999 -9999 -9999 -9999 -9999 -9999 0.352811904761905 0.250242063492063 0.323678571428571 0.308124603174603 0.369735714285714 0.448155555555555 0.525459523809524 0.496081746031746 0.468587301587301 0.481496825396825 0.576353174603174 0.371869047619048 0.334692857142857 0.36735873015873 0.378935714285714 0.48231746031746 0.455211904761905 0.440296825396825 0.54626746031746 0.348639682539683 0.453974603174603 0.645081746031746 0.500380952380952 0.48912619047619 0.496555555555556 0.478453174603175 0.468945238095238 0.584657936507937 0.607619047619048 0.722229365079365 0.792503174603175 0.7489 0.484461904761905 0.606015079365079 0.553539682539683 0.736250793650794 0.697545238095238
-9999 -9999 -9999 -9999 -9999 -9999 -9999 -9999 -9999 -9999 0.409016666666667 0.244666666666667 0.255004761904762 0.352240476190476 0.403862698412698 0.415807142857143 0.451426190476191 0.574694444444445 0.543754761904762 0.471623809523809 0.508018253968254 0.503059523809524 0.48521746031746 0.497814285714286 0.445726984126984 0.469753174603174 0.435453968253968 0.471753968253968 0.350897619047619 0.233346825396825 0.257792857142857 0.436913492063492 0.312403174603175 0.500286507936508 0.479524603174603 0.459596031746032 0.413419047619048 0.619538095238095 0.629048412698413 0.73527380952381 -9999 0.794570634920635 0.715763492063492 0.661950793650794 0.824973015873016 0.865698412698413 -9999
-9999 -9999 -9999 -9999 -9999 -9999 -9999 -9999 -9999 -9999 -9999 0.267626984126984 0.281580158730159 0.365531746031746 0.444153968253968 0.498201587301587 0.435827777777778 0.514562698412698 0.469218253968254 0.488469047619047 0.499320634920635 0.393830952380952 0.385009523809524 0.474802380952381 0.497469841269841 0.430034126984127 0.456624603174603 0.35034126984127 0.230496031746032 0.328346031746032 0.30962619047619 0.397775396825397 0.384174603174603 0.365511904761905 0.457745238095238 0.505938888888889 0.387195238095238 0.272938888888889 0.683944444444444 0.910215873015873 0.899036507936508 0.76831746031746 0.841460317460318 0.735445238095238 0.540365079365079 0.571657142857143 0.605751587301587
-9999 -9999 -9999 -9999 -9999 -9999 -9999 -9999 -9999 -9999 -9999 0.381697619047619 0.291984126984127 0.270529365079365 0.415815873015873 0.437612698412698 0.462961904761905 0.410373015873016 0.442314285714285 0.424948412698413 0.373575396825397 0.341754761904762 0.36401746031746 0.387531746031746 0.484062698412698 0.4799 0.363900793650794 0.225909523809524 0.260553968253968 0.260568253968254 0.306898412698413 0.579362698412698 0.369604761904762 0.332503174603175 0.28505873015873 0.493798412698413 0.63995873015873 0.597388095238096 0.705379365079365 0.869952380952381 0.686065079365079 0.672053174603175 0.72886746031746 0.547388095238095 0.504840476190476 0.651301587301587 0.460157142857143
-9999 -9999 -9999 -9999 -9999 -9999 -9999 -9999 -9999 0.539407142857143 -9999 -9999 0.390613492063492 0.360219841269841 0.405353174603175 0.475522222222222 0.433099206349206 0.355837301587302 0.401207936507937 0.451137301587302 0.544660317460317 0.479965873015873 0.425592063492064 0.372926984126984 0.290729365079365 0.347580952380952 0.263534126984127 0.1985 0.201295238095238 0.219877777777778 0.34825 0.337876984126984 0.317692857142857 0.30525873015873 0.355110317460318 0.461737301587302 0.535356349206349 0.709462698412698 0.754193650793651 0.61413253968254 -9999 0.658406349206349 0.68504126984127 0.401180158730159 0.488377777777778 0.378996825396825 0.392046031746032
-9999 -9999 -9999 -9999 -9999 -9999 -9999 -9999 -9999 -9999 -9999 0.512621428571429 0.369363492063492 0.399640476190476 0.409598412698413 0.377737301587302 0.308618253968254 0.394347619047619 0.483062698412698 0.457939682539683 0.193710317460317 0.362983333333333 0.328044444444444 0.205434920634921 0.179325396825397 0.186446031746032 0.180548412698413 0.205584126984127 0.196438095238095 0.211188095238095 0.446736507936508 0.439546031746032 0.31883253968254 0.361037301587302 0.37333253968254 0.312933333333333 0.755223015873016 0.831371428571429 0.720530158730159 0.510049206349206 0.718029365079365 0.756470634920635 0.80258253968254 0.637385714285714 0.487426984126984 0.382512698412698 0.374288095238095
-9999 -9999 -9999 -9999 0.355559523809523 0.397403968253968 0.348228571428571 0.364315079365079 0.404584920634921 -9999 -9999 0.414844444444445 0.497635714285714 0.420819841269841 0.322257936507937 0.382264285714286 0.341770634920635 0.242088888888889 0.26215 0.285618253968254 0.254453968253968 0.26697619047619 0.279988095238095 0.265119841269841 0.491453174603175 0.388188888888889 0.185219841269841 0.264779365079365 0.413102380952381 0.374813492063492 0.36428253968254 0.259050793650794 0.343775396825397 0.321105555555555 0.309554761904762 0.387335714285714 0.501657936507937 0.510244444444445 0.638973809523809 0.669129365079365 0.545614285714286 0.64555873015873 0.777078571428571 0.814074603174603 0.754448412698413 0.627915079365079 0.477963492063492
-9999 -9999 -9999 -9999 0.310297619047619 0.339053968253968 0.385148412698413 0.365819047619048 0.361465079365079 0.343834920634921 0.355716666666666 0.438413492063492 0.39172380952381 0.369368253968254 0.212376190476191 0.186862698412698 0.209690476190476 0.312836507936508 0.241346825396825 0.258288095238095 0.316507142857143 0.260718253968254 0.272419047619048 0.311351587301587 0.371943650793651 0.374363492063492 0.204603174603175 0.16832619047619 0.21947619047619 0.315643650793651 0.313209523809524 0.328101587301587 0.361584920634921 0.484327777777778 0.389265873015873 0.446769047619048 0.476216666666667 0.590873809523809 0.545630158730159 0.705266666666666 0.488070634920635 0.426899206349207 0.388142857142857 0.455725396825397 0.468415079365079 0.637615079365079 0.510557142857143
-9999 -9999 -9999 -9999 -9999 0.220813492063492 0.144374603174603 0.258831746031746 0.202318253968254 0.268038095238095 0.212374603174603 0.193559523809524 0.312649206349206 0.245211904761905 0.196822222222222 0.158420634920635 0.193121428571429 0.211971428571429 0.236452380952381 0.323509523809524 0.433753174603175 0.364815079365079 0.246083333333333 0.210742857142857 0.222800793650794 0.288427777777778 0.221837301587302 0.350052380952381 0.238451587301587 0.236807142857143 0.329256349206349 0.429187301587302 0.443630952380952 0.500178571428572 0.432311904761905 0.383143650793651 0.63925873015873 0.710387301587302 0.766328571428571 0.667076190476191 0.475720634920635 0.417334126984127 0.409892063492063 0.339714285714286 0.451137301587302 0.411256349206349 0.405720634920635
