resultados/modelos/rf_ausencia.asc
NCOLS 330 
NROWS 228 
XLLCORNER -12 
YLLCORNER 34 
CELLSIZE 0.166667 
NODATA_value -9999 
[rows 21 to 41 of 228, columns 282 to 328 of 330]
0.16698253968254 0.260757142857143 0.207934920634921 0.154615079365079 0.411216666666667 0.408687301587302 0.377497619047619 0.436065079365079 0.40292380952381 0.448361111111111 0.410204761904762 0.42622380952381 0.422284920634921 0.441073809523809 0.36636746031746 0.317257936507936 0.260865873015873 0.216743650793651 0.261011111111111 0.450139682539682 -9999 -9999 -9999 -9999 -9999 -9999 -9999 -9999 -9999 -9999 -9999 -9999 -9999 -9999 -9999 -9999 -9999 -9999 -9999 -9999 -9999 -9999 -9999 -9999 -9999 -9999 -9999
0.178651587301587 0.325718253968254 0.211169841269841 0.243992857142857 0.366161904761905 0.343326190476191 0.346278571428571 0.392615079365079 0.370303968253968 0.386274603174603 0.393857142857143 0.406138095238095 0.400556349206349 0.421095238095238 0.409214285714286 0.420915873015873 0.385813492063492 0.360771428571429 0.205631746031746 0.185356349206349 0.215369047619048 0.259751587301587 -9999 0.363168253968254 -9999 -9999 -9999 -9999 -9999 -9999 -9999 -9999 -9999 -9999 -9999 -9999 -9999 -9999 -9999 -9999 -9999 -9999 -9999 -9999 -9999 -9999 -9999
0.337246031746032 -9999 0.181247619047619 0.347535714285714 0.317502380952381 0.306052380952381 0.30700873015873 0.317168253968254 0.300225396825397 0.256559523809524 0.302115873015873 0.277999206349206 0.268931746031746 0.268719047619048 0.286665079365079 0.383725396825397 0.415638095238095 -9999 -9999 0.192481746031746 0.320742857142857 0.305920634920635 0.221366666666667 0.287344444444445 0.299647619047619 0.287630952380952 -9999 -9999 -9999 -9999 -9999 -9999 -9999 -9999 -9999 -9999 -9999 -9999 -9999 -9999 -9999 -9999 -9999 -9999 -9999 -9999 -9999
0.36671746031746 0.368165873015873 0.173696031746032 0.274852380952381 0.129868253968254 -9999 0.195415873015873 0.176557142857143 0.239553174603175 0.232242857142857 0.26139126984127 0.218938095238095 0.199827777777778 0.233386507936508 0.255392857142857 0.249205555555556 0.24280873015873 0.255581746031746 0.243559523809524 0.251405555555556 0.215259523809524 0.244889682539683 0.229034126984127 0.299181746031746 0.234730158730159 0.279840476190476 0.317365079365079 0.293888095238095 0.229384920634921 0.217304761904762 0.210592063492064 -9999 -9999 -9999 -9999 -9999 -9999 -9999 -9999 -9999 -9999 -9999 -9999 -9999 -9999 -9999 -9999
-9999 0.124253174603175 0.103259523809524 0.109722222222222 0.144335714285714 0.173584920634921 0.140068253968254 0.130440476190476 0.187272222222222 0.213092857142857 0.204237301587302 0.221861904761905 0.244388888888889 0.2456 0.196464285714286 0.160265873015873 0.229540476190476 0.269612698412698 0.214490476190476 0.185980158730159 0.150665079365079 0.162384920634921 0.230272222222222 0.233983333333333 0.239025396825397 0.258625396825397 0.285488095238095 0.243697619047619 0.183614285714286 0.275403968253968 0.17520873015873 0.189234920634921 0.3227 0.371898412698413 -9999 -9999 -9999 -9999 -9999 -9999 -9999 -9999 -9999 -9999 -9999 -9999 -9999
0.132103968253968 0.253572222222222 0.188311904761905 0.0939674603174604 0.141377777777778 0.131047619047619 0.117761111111111 0.140424603174603 0.123546031746032 0.13577619047619 0.109516666666667 0.1098 0.148162698412698 0.157919047619048 0.159607936507937 0.181634126984127 0.341769047619048 0.337844444444444 0.30015 0.393438095238095 0.16465 0.214 0.194836507936508 0.294344444444444 0.38807380952381 0.394054761904762 0.401553174603175 0.399626190476191 0.406445238095238 0.409857936507936 0.388502380952381 0.217730158730159 0.248570634920635 0.261530158730159 0.237735714285714 0.261162698412699 -9999 -9999 -9999 -9999 -9999 -9999 -9999 -9999 -9999 -9999 -9999
0.127988095238095 0.133453968253968 0.124593650793651 0.158212698412698 0.184938095238095 0.144431746031746 0.116961111111111 0.122893650793651 0.164380158730159 0.143971428571429 0.126103174603175 0.147669047619048 0.113187301587302 0.136552380952381 0.224543650793651 0.0951150793650794 0.150706349206349 0.279924603174603 0.259106349206349 0.314238888888889 0.330301587301587 0.320577777777778 0.302635714285714 0.343083333333333 0.328805555555556 0.339192063492063 0.327433333333333 0.420419047619048 0.392023015873016 0.39440873015873 0.387443650793651 0.380537301587302 0.413176984126984 0.41597380952381 0.258538888888889 0.198155555555556 -9999 -9999 -9999 -9999 -9999 -9999 -9999 -9999 -9999 -9999 -9999
0.0956595238095239 0.251254761904762 0.248721428571429 0.262698412698413 0.246498412698413 0.270976984126984 0.272620634920635 0.18728253968254 0.143871428571429 0.142621428571429 0.125415873015873 0.10343253968254 0.0972492063492064 0.298306349206349 0.200853174603175 0.168842857142857 0.154702380952381 0.11849126984127 0.0973452380952382 0.0963412698412699 0.0963515873015873 0.0886174603174603 0.14329126984127 0.297569047619048 0.159862698412698 0.117564285714286 0.109742063492064 0.100856349206349 0.130040476190476 0.149920634920635 0.206587301587302 0.225937301587302 0.128035714285714 0.177107936507937 0.170168253968254 0.28225 0.281969047619048 -9999 -9999 -9999 -9999 -9999 -9999 -9999 -9999 -9999 -9999
0.0927166666666667 0.131913492063492 0.182499206349206 0.237746031746032 0.138865079365079 0.142043650793651 0.105019841269841 0.136760317460318 0.117048412698413 0.124076190476191 0.0939039682539683 0.106455555555556 0.0950436507936508 0.102510317460318 0.109295238095238 0.088268253968254 0.105957142857143 0.0835666666666667 0.071981746031746 0.0714706349206349 0.0776095238095238 0.100668253968254 0.0818730158730159 0.0982309523809524 0.0705936507936508 0.0665031746031746 0.071384126984127 0.0738309523809524 0.0743976190476191 0.120857936507937 0.101257142857143 0.0847015873015873 0.113206349206349 0.127838888888889 0.131816666666667 0.134243650793651 0.154138095238095 0.196284920634921 -9999 -9999 -9999 -9999 -9999 -9999 -9999 -9999 -9999
0.282496031746032 0.131057142857143 0.165403968253968 0.113918253968254 0.108315079365079 0.109804761904762 0.0812849206349207 0.0858142857142858 0.0781357142857143 0.0796357142857143 0.0863642857142857 0.0802825396825397 0.0846769841269842 0.0869214285714286 0.0920404761904762 0.0828166666666667 0.109203968253968 0.081620634920635 0.0769039682539683 0.107494444444444 0.109153968253968 0.119868253968254 0.0737063492063492 0.0687896825396826 0.118130158730159 0.113350793650794 0.113388888888889 0.156714285714286 0.134755555555556 0.138309523809524 0.155714285714286 0.110444444444444 0.147038888888889 0.144407142857143 0.120772222222222 0.113685714285714 0.106252380952381 -9999 -9999 -9999 -9999 -9999 -9999 -9999 -9999 -9999 -9999
0.208227777777778 0.289387301587302 0.180588888888889 0.171755555555556 0.114096031746032 0.124992857142857 0.102178571428571 0.127803968253968 0.115226190476191 0.170176190476191 -9999 0.167076984126984 0.0820976190476191 0.0690357142857143 0.0783087301587302 0.0705984126984127 0.253759523809524 0.230619047619048 0.23184126984127 0.223457142857143 0.228653968253968 0.235269841269841 0.236834126984127 0.23191746031746 0.231231746031746 0.231731746031746 0.23167619047619 0.257703968253968 0.280366666666667 0.279003174603175 0.277555555555556 0.267709523809524 0.256959523809524 0.177983333333333 0.0818095238095238 0.0951865079365079 -9999 -9999 -9999 -9999 -9999 -9999 -9999 -9999 -9999 -9999 -9999
0.326846825396825 0.172426984126984 0.122957142857143 0.121650793650794 0.129053968253968 0.153443650793651 0.12018253968254 0.105668253968254 0.103203174603175 0.122203174603175 0.110384920634921 0.163724603174603 0.126030158730159 0.167637301587302 0.158142857142857 0.124390476190476 0.133657936507937 0.144212698412698 0.157524603174603 0.227318253968254 0.240707142857143 0.235507142857143 0.228104761904762 0.222679365079365 0.226257142857143 0.23832380952381 0.247740476190476 0.228907142857143 0.267357142857143 0.27480873015873 0.246251587301587 0.130251587301587 0.0548150793650794 0.0805809523809524 -9999 -9999 -9999 -9999 -9999 -9999 -9999 -9999 -9999 -9999 -9999 -9999 -9999
-9999 -9999 0.503150793650794 0.395500793650794 0.31463253968254 0.260790476190476 0.247107936507937 0.274038095238095 0.170073809523809 0.136289682539683 0.113005555555556 0.0864523809523809 0.0694563492063492 0.0663079365079365 0.176314285714286 0.194131746031746 0.131185714285714 0.196614285714286 0.310084126984127 0.335325396825397 0.184179365079365 0.116357142857143 0.128288888888889 0.129022222222222 0.119110317460317 0.112896031746032 0.120062698412698 0.0778293650793651 0.076834126984127 0.0875 0.0562595238095238 0.160653174603175 0.289819047619048 -9999 -9999 -9999 -9999 -9999 -9999 -9999 -9999 -9999 0.271698412698413 0.186101587301587 0.175295238095238 -9999 -9999
-9999 -9999 -9999 -9999 -9999 -9999 -9999 -9999 -9999 -9999 -9999 -9999 -9999 0.247762698412698 0.143530158730159 0.072268253968254 0.112490476190476 0.0949484126984127 0.068368253968254 0.0774896825396826 0.0714301587301587 0.0768190476190476 0.0841301587301587 0.0773079365079365 0.0669912698412698 0.0674246031746032 0.0562555555555556 0.15355873015873 0.230626984126984 0.308676984126984 -9999 -9999 -9999 -9999 -9999 -9999 -9999 -9999 -9999 -9999 -9999 0.0987071428571429 0.0934571428571429 0.0754603174603175 0.0849277777777778 0.0845277777777778 0.127178571428571
-9999 -9999 -9999 -9999 -9999 -9999 -9999 -9999 -9999 -9999 -9999 -9999 -9999 -9999 -9999 -9999 -9999 -9999 0.29203253968254 0.262252380952381 0.262252380952381 0.275447619047619 0.291799206349206 -9999 -9999 -9999 -9999 -9999 -9999 -9999 -9999 -9999 -9999 -9999 -9999 -9999 -9999 -9999 0.293426984126984 0.105722222222222 0.0725777777777778 0.0755436507936508 0.148038888888889 0.182473015873016 0.145855555555556 0.140568253968254 0.128288888888889
-9999 -9999 -9999 -9999 -9999 -9999 -9999 -9999 -9999 -9999 -9999 -9999 -9999 -9999 -9999 -9999 -9999 -9999 -9999 -9999 -9999 -9999 -9999 -9999 -9999 -9999 -9999 -9999 -9999 -9999 -9999 -9999 -9999 -9999 0.129952380952381 0.0726507936507937 0.063347619047619 0.0572515873015873 0.0705357142857143 0.0804738095238095 0.13077380952381 0.120357936507937 0.126213492063492 0.141226190476191 0.134990476190476 0.129711111111111 0.137394444444445
-9999 -9999 -9999 -9999 -9999 -9999 -9999 -9999 -9999 -9999 -9999 -9999 -9999 -9999 -9999 -9999 -9999 -9999 -9999 -9999 -9999 -9999 -9999 -9999 -9999 -9999 -9999 -9999 -9999 -9999 -9999 -9999 0.173977777777778 0.0837563492063492 0.0692801587301587 0.113002380952381 0.118702380952381 0.124202380952381 0.126584920634921 0.13457380952381 0.130262698412698 0.15897380952381 0.136612698412698 0.160168253968254 0.119507142857143 0.124518253968254 0.129826190476191
-9999 -9999 -9999 -9999 -9999 -9999 -9999 -9999 -9999 -9999 -9999 -9999 -9999 -9999 -9999 -9999 -9999 -9999 -9999 -9999 -9999 -9999 -9999 -9999 -9999 -9999 -9999 -9999 -9999 0.120474603174603 0.0632230158730159 0.0586071428571429 0.100592857142857 0.0794134920634921 0.152284920634921 0.129088095238095 0.107895238095238 0.105200793650794 0.108600793650794 0.113662698412698 0.147618253968254 0.159530158730159 0.14632380952381 0.162215873015873 0.173142857142857 0.157253968253968 0.270903968253968
-9999 -9999 -9999 -9999 -9999 -9999 -9999 -9999 -9999 -9999 -9999 -9999 -9999 -9999 -9999 -9999 -9999 -9999 -9999 -9999 -9999 -9999 -9999 -9999 -9999 -9999 -9999 -9999 0.185290476190476 0.0920507936507937 0.085584126984127 0.126997619047619 0.0993896825396825 0.12345873015873 0.100889682539683 0.125590476190476 0.114769047619048 0.110881746031746 0.149049206349206 0.183681746031746 0.173964285714286 0.150763492063492 0.113296825396825 0.103940476190476 0.110913492063492 0.146580158730159 0.166303968253968
-9999 -9999 -9999 -9999 -9999 -9999 -9999 -9999 -9999 -9999 -9999 -9999 -9999 -9999 -9999 -9999 -9999 -9999 -9999 -9999 -9999 -9999 -9999 -9999 -9999 -9999 -9999 -9999 -9999 0.222921428571429 0.100842063492063 0.0656992063492064 0.106956349206349 0.130178571428571 0.108234126984127 0.109619841269841 0.129671428571429 0.21237380952381 0.136961111111111 0.251340476190476 0.126143650793651 0.105724603174603 0.114520634920635 0.123499206349206 0.153087301587302 0.111306349206349 0.155470634920635
-9999 -9999 -9999 -9999 0.25187619047619 -9999 -9999 -9999 -9999 -9999 -9999 0.146914285714286 0.142192063492064 0.151797619047619 0.257938095238095 -9999 -9999 -9999 -9999 -9999 -9999 -9999 -9999 -9999 -9999 -9999 -9999 -9999 -9999 -9999 -9999 0.111476984126984 0.116075396825397 0.108892063492063 0.101018253968254 0.12403253968254 0.107770634920635 0.23848253968254 0.250490476190476 0.129403968253968 0.125157142857143 0.133090476190476 0.210694444444445 0.25641746031746 0.234446031746032 0.253431746031746 0.272089682539682
