resultados/modelos/rf_ausencia.asc
NCOLS 330 
NROWS 228 
XLLCORNER -12 
YLLCORNER 34 
CELLSIZE 0.166667 
NODATA_value -9999 
[rows 126 to 146 of 228, columns 188 to 234 of 330]
0.120838888888889 0.175535714285714 0.260165873015873 0.182703968253968 0.234629365079365 0.0893301587301587 0.226569841269841 0.59262380952381 0.41976507936508 0.357807936507937 0.182015873015873 0.190888888888889 0.0727793650793651 0.0907507936507937 0.183454761904762 0.168989682539683 0.0697920634920635 0.255585714285714 0.302186507936508 0.346359523809524 0.284083333333333 0.263121428571429 0.128376984126984 0.130538888888889 0.232611904761905 0.174069047619048 0.145950793650794 0.126366666666667 0.146490476190476 0.119380952380952 0.0586015873015873 0.23595 0.227388095238095 0.271160317460318 0.269916666666667 0.197777777777778 0.110153968253968 0.214745238095238 0.382585714285714 0.431109523809524 0.22835 0.175986507936508 0.194730952380952 0.263698412698413 0.255466666666667 0.371818253968254 0.438568253968254
0.10847380952381 0.103470634920635 0.16293253968254 0.154814285714286 0.138614285714286 0.0562849206349206 0.0810976190476191 0.293738095238095 0.370965873015873 0.432323015873016 0.174435714285714 0.0995880952380953 0.15407619047619 0.138135714285714 0.147219841269841 0.224314285714286 0.333919047619048 0.186326984126984 0.125916666666667 0.300700793650794 0.204450793650794 0.176447619047619 0.162806349206349 0.202003174603175 0.150629365079365 0.212292857142857 0.223628571428571 0.21351746031746 0.209190476190476 0.137443650793651 0.106815873015873 0.0908238095238095 0.114814285714286 0.106668253968254 0.208752380952381 0.177936507936508 0.163656349206349 0.114906349206349 0.189793650793651 0.0670531746031746 0.124024603174603 0.168700793650794 0.167253968253968 0.239065873015873 0.262196825396825 0.277244444444445 0.287324603174603
0.0927460317460318 0.0975730158730159 0.182315873015873 0.179889682539683 0.130446031746032 0.138496825396825 0.0745150793650794 0.0929428571428571 0.105396031746032 0.0597722222222222 0.0388079365079365 0.132293650793651 0.102871428571429 0.1062 0.131823015873016 0.151369841269841 0.215284920634921 0.292963492063492 0.472070634920635 0.511588888888889 0.308071428571429 0.342549206349206 0.466136507936508 0.273986507936508 0.240824603174603 0.205095238095238 0.139192857142857 0.120433333333333 0.0964777777777778 0.0886063492063492 0.0863753968253968 0.0935349206349207 0.130423809523809 0.146398412698413 0.166872222222222 0.199973015873016 0.219234920634921 0.195015079365079 0.205125396825397 0.185788095238095 0.189549206349206 0.302969047619047 0.195762698412698 0.203181746031746 0.26030873015873 0.272838888888889 0.255665873015873
0.272042063492063 0.188169047619048 0.237196031746032 0.137696825396825 0.119754761904762 0.0743111111111111 0.0789246031746032 0.0688365079365079 0.0711706349206349 0.0744325396825397 0.0947603174603175 0.105023015873016 0.13737380952381 0.145126984126984 0.169836507936508 0.340968253968254 0.166088888888889 0.189960317460317 0.0935634920634921 0.160029365079365 0.201316666666667 0.36042380952381 0.538519047619048 0.452095238095238 0.112259523809524 0.248247619047619 0.0967412698412699 0.0998674603174603 0.0335714285714286 0.0532968253968254 0.0728190476190476 0.109944444444444 0.0709912698412698 0.0911904761904762 0.178339682539683 0.146268253968254 0.152237301587302 0.153047619047619 0.233786507936508 0.161974603174603 0.163283333333333 0.172692063492063 0.0872603174603175 0.138820634920635 0.234147619047619 0.310414285714286 0.263210317460318
0.0917214285714286 0.191003174603175 0.5716 0.223762698412698 0.204776190476191 0.155152380952381 0.148705555555556 0.083615873015873 0.10330873015873 0.115026190476191 0.0843611111111111 0.0592746031746032 0.048618253968254 0.391196825396825 0.101430158730159 0.218031746031746 0.300346031746032 0.213586507936508 0.103304761904762 0.107576984126984 0.391283333333333 0.336781746031746 0.171144444444445 0.377816666666667 0.352063492063492 0.142903174603175 0.0672714285714286 0.256746031746032 0.164326190476191 0.099381746031746 0.13062619047619 0.0879420634920635 0.0766166666666667 0.152440476190476 0.169935714285714 0.260164285714286 0.227707936507936 0.0713325396825397 0.0517682539682539 0.433234920634921 0.32765 0.186633333333333 0.122210317460317 0.255183333333333 0.361716666666667 0.312987301587302 0.408961111111111
0.0760928571428572 0.12359126984127 0.0574142857142857 0.289569841269841 0.273421428571429 0.0744134920634921 0.0688325396825397 0.150230952380952 0.15540873015873 0.0936833333333334 0.0567246031746032 0.084518253968254 0.0779261904761905 0.0880849206349207 0.13570873015873 0.250592857142857 0.295021428571429 0.249213492063492 0.119326984126984 0.145746031746032 0.113360317460317 0.17395 0.155977777777778 0.149192857142857 0.264220634920635 0.414724603174603 0.17095873015873 0.0548777777777778 0.0930801587301587 0.0222873015873016 0.151806349206349 0.271776984126984 0.140142857142857 0.361580952380953 0.0813293650793651 0.0902253968253969 0.177927777777778 0.135147619047619 0.113661904761905 0.141486507936508 0.20765 0.213085714285714 0.240731746031746 0.197092063492064 0.203969047619048 0.258926190476191 0.28025873015873
0.0432142857142857 0.119336507936508 0.0633603174603175 0.112653968253968 0.140490476190476 0.0736801587301588 0.0876230158730159 0.103337301587302 0.0799603174603175 0.10573253968254 0.0776563492063492 0.0767896825396825 0.126495238095238 0.222214285714286 0.263512698412699 0.25615 0.25922380952381 0.323211904761905 0.225865079365079 0.110347619047619 0.12143253968254 0.0884468253968254 0.127256349206349 0.116372222222222 0.0579555555555556 0.0891992063492064 0.186614285714286 0.274843650793651 0.129043650793651 0.0819285714285715 0.0513214285714286 0.185640476190476 0.0992960317460318 0.102653174603175 0.17084126984127 0.10465873015873 0.199959523809524 0.224231746031746 0.158981746031746 0.166498412698413 0.126297619047619 0.13437380952381 0.160049206349206 0.192697619047619 0.240678571428571 0.234125396825397 0.262795238095238
0.317934126984127 0.265828571428571 0.396021428571429 0.26245873015873 0.370638095238095 0.203278571428571 0.270705555555556 0.244857142857143 0.154657936507937 0.0816714285714286 0.0919634920634921 0.0537301587301587 0.0726047619047619 0.159701587301587 0.252624603174603 0.282254761904762 0.312121428571429 0.354063492063492 0.394334126984127 0.464803174603175 0.173396825396825 0.077118253968254 0.0408333333333333 0.122118253968254 0.0642825396825397 0.0323690476190476 0.0605738095238095 0.0550515873015873 0.0723888888888889 0.0603238095238095 0.0773031746031746 0.0688666666666667 0.103246825396825 0.0886174603174603 0.133419841269841 0.0937373015873016 0.16795 0.220307142857143 0.132468253968254 0.139888888888889 0.113377777777778 0.19967380952381 0.151921428571429 0.197638095238095 0.219707142857143 0.204392857142857 0.28933253968254
0.293679365079365 0.499011904761904 0.40752380952381 0.573210317460317 0.347409523809524 0.178654761904762 0.393001587301587 0.140146825396825 0.307468253968254 0.355460317460318 0.32499126984127 0.401653968253968 0.459965079365079 0.365084920634921 0.329525396825397 0.335088888888889 0.317279365079365 0.463380158730159 0.433738095238095 0.440181746031746 0.283336507936508 0.0661373015873016 0.0502873015873016 0.0774857142857143 0.068831746031746 0.0391396825396825 0.0482650793650794 0.0565460317460317 0.27108253968254 0.0647206349206349 0.204687301587302 0.0950460317460317 0.0897182539682539 0.146023015873016 0.238906349206349 0.10004126984127 0.12850873015873 0.207697619047619 0.155106349206349 0.110788095238095 0.114084126984127 0.111048412698413 0.130211904761905 0.184881746031746 0.273111111111111 0.255593650793651 0.293880952380952
0.656692063492063 0.533230952380952 0.57255873015873 0.502342063492064 0.521492063492064 0.496261904761905 0.449231746031746 0.338368253968254 0.432292063492064 0.35825 0.44775 0.460844444444444 0.410953968253968 0.481911904761905 0.374284126984127 0.384695238095238 0.401310317460317 0.485707142857143 0.418792063492064 0.388019841269841 0.406438888888889 0.28346746031746 0.287623015873016 0.0709436507936508 0.0448777777777778 0.0481 0.0297595238095238 0.0687246031746032 0.0551944444444444 0.0672047619047619 0.042002380952381 0.0497793650793651 0.175423809523809 0.10459126984127 0.135855555555556 0.104169047619048 0.111401587301587 0.0928253968253969 0.117314285714286 0.111143650793651 0.116362698412698 0.139354761904762 0.0856 0.199648412698413 0.19835873015873 0.304194444444444 0.318769841269841
0.464076190476191 0.300330952380952 0.542172222222222 0.645464285714286 0.482531746031746 0.400942063492063 0.558126984126984 0.479552380952381 0.524933333333333 0.433043650793651 0.322765873015873 0.329161904761905 0.340103968253968 0.15652380952381 0.450564285714286 0.414175396825397 0.326894444444444 0.346771428571428 0.248766666666667 0.335125396825397 0.331518253968254 0.319630952380953 0.308169841269841 0.353268253968254 0.325859523809524 0.197527777777778 0.0405730158730159 0.0571428571428571 0.0303547619047619 0.0277007936507936 0.0263547619047619 0.0265865079365079 0.125530952380952 0.14944126984127 0.128492063492064 0.105635714285714 0.124498412698413 0.17366746031746 0.14251746031746 0.143451587301587 0.176381746031746 0.157435714285714 0.215353968253968 0.0971753968253968 0.129635714285714 0.199668253968254 0.20740873015873
0.502556349206349 0.574036507936508 0.535020634920635 0.35624126984127 0.506646031746032 0.559223809523809 0.502865079365079 0.434553968253968 0.430980158730159 0.48267619047619 0.222225396825397 0.166802380952381 0.163135714285714 0.326771428571429 0.435674603174603 0.360080158730159 0.440103174603175 0.384722222222222 0.361597619047619 0.362842857142857 0.334698412698413 0.352471428571429 0.306736507936508 0.250606349206349 0.295260317460317 0.311659523809524 0.341397619047619 0.129434126984127 0.314169047619048 0.0421880952380952 0.0533349206349206 0.0628603174603174 0.0695166666666667 0.0780706349206349 0.0760912698412698 0.129205555555556 0.115288888888889 0.15047380952381 0.0425579365079365 0.069081746031746 0.129552380952381 0.0815126984126984 0.0485460317460317 0.038065873015873 0.183642063492064 0.157228571428571 0.127173015873016
0.215742857142857 0.344574603174603 0.236456349206349 0.284488888888889 0.358873015873016 0.397112698412698 0.435661904761905 0.48131746031746 0.461837301587302 0.375217460317461 0.340124603174603 0.235790476190476 0.367954761904762 0.268846031746032 0.160901587301587 0.304903968253968 0.564190476190477 0.402125396825397 0.376372222222222 0.406046031746032 0.344048412698413 0.351775396825397 0.343229365079365 0.389192857142857 0.249910317460317 0.375951587301587 0.351353968253968 0.369707142857143 0.168286507936508 0.081747619047619 0.318729365079365 0.167361111111111 0.102733333333333 0.0647357142857143 0.0667166666666667 0.0677039682539683 0.0535230158730159 0.135329365079365 0.163409523809524 0.0626436507936508 0.0768055555555556 0.230606349206349 0.159965873015873 0.0908904761904762 0.0629031746031746 0.143565873015873 0.182913492063492
0.384384126984127 0.412753968253968 0.374894444444444 0.396646825396825 0.436945238095238 0.348795238095238 0.458736507936508 0.349655555555556 0.440594444444445 0.379939682539683 0.385768253968254 0.262401587301587 0.094634126984127 0.415472222222222 0.101193650793651 0.141151587301587 0.214911111111111 0.361888888888889 0.389055555555556 0.395175396825397 0.535212698412698 0.226915873015873 0.390311111111111 0.320038095238095 0.375065873015873 0.353857142857143 0.317797619047619 0.334453968253968 0.261273015873016 0.381776984126984 0.163321428571429 0.0887111111111111 0.0601174603174603 0.0655436507936508 0.0449285714285714 0.0952071428571429 0.0531984126984127 0.0508619047619048 0.187642857142857 0.0965896825396826 0.0288063492063492 0.100189682539683 0.172974603174603 0.157857936507937 0.0270063492063492 0.0453023809523809 0.0622698412698413
0.631711904761905 0.634665873015873 0.351631746031746 0.334599206349207 0.352029365079365 0.37925634920635 0.348788888888889 0.246669841269841 0.393983333333334 0.286395238095238 0.104081746031746 0.148478571428571 0.315474603174603 0.097734126984127 0.068331746031746 0.0819507936507937 0.0914817460317461 0.059484126984127 0.320068253968254 0.446380158730159 0.381222222222222 0.430603968253968 0.323343650793651 0.379929365079365 0.342546031746032 0.307525396825397 0.343565873015873 0.352140476190476 0.327083333333333 0.312125396825397 0.463564285714286 0.399138888888889 0.222076190476191 0.0645015873015873 0.0797976190476191 0.188726984126984 0.108800793650794 0.187096031746032 0.118897619047619 0.115720634920635 0.0622563492063492 0.0821142857142858 0.0507904761904762 0.136088095238095 0.0973150793650794 0.11259126984127 0.0762261904761905
0.361092857142857 0.305959523809524 0.106655555555556 0.149014285714286 0.208069841269841 0.139218253968254 0.421481746031746 0.373968253968254 0.404265873015873 0.172775396825397 0.115055555555556 0.245149206349206 0.35908253968254 0.354338888888889 0.106348412698413 0.0921277777777778 0.0722587301587302 0.0909349206349206 0.0668714285714286 0.0980777777777778 0.094602380952381 0.458553968253968 0.462025396825397 0.379889682539683 0.241139682539682 0.379223809523809 0.454968253968254 0.287607142857143 0.366428571428571 0.376798412698413 0.31882619047619 0.342511111111111 0.421395238095238 0.320524603174603 0.119007142857143 0.0602801587301587 0.0991373015873016 0.185396825396825 0.20562619047619 0.0528404761904762 0.159245238095238 0.0592626984126984 0.0881420634920635 0.0970714285714286 0.21511746031746 0.123700793650794 0.0380642857142857
0.260263492063492 0.367579365079365 0.283744444444445 0.386505555555556 0.180678571428571 0.191759523809524 0.548254761904762 0.616910317460318 0.24090873015873 0.210526984126984 0.237380952380952 0.34424126984127 0.307911904761905 0.0338380952380952 0.0614269841269841 0.101148412698413 0.0954388888888889 0.0715253968253969 0.0821936507936508 0.0820047619047619 0.0577523809523809 0.0661801587301587 0.0704380952380952 0.439945238095238 0.16963253968254 0.407281746031746 0.449484126984127 0.388453174603175 0.365403968253968 0.575139682539682 0.377423809523809 0.420084920634921 0.36514126984127 0.384427777777778 0.316260317460318 0.283644444444444 0.22343253968254 0.11777380952381 0.262147619047619 0.19177380952381 0.128648412698413 0.140536507936508 0.0806309523809524 0.118793650793651 0.113759523809524 0.157969047619048 0.16222380952381
0.10207380952381 0.183481746031746 0.372593650793651 0.29886746031746 0.41972380952381 0.325142063492063 0.592804761904762 0.417404761904762 0.322429365079365 0.328693650793651 0.0608920634920635 0.0484746031746032 0.0645912698412699 0.0482888888888889 0.0685380952380953 0.0428214285714286 0.0490857142857143 0.0627944444444444 0.0788603174603175 0.0814936507936508 0.101679365079365 0.141746825396825 0.268776190476191 0.301126984126984 0.156844444444444 0.0450261904761905 0.169403968253968 0.416353174603175 0.236942857142857 0.513649206349206 0.284587301587302 0.538875396825397 0.349088095238095 0.401076984126984 0.383471428571429 0.409259523809524 0.41058253968254 0.168922222222222 0.133330158730159 0.17694126984127 0.0861420634920635 0.164122222222222 0.0671801587301587 0.076552380952381 0.16219126984127 0.204330952380952 0.214919047619048
0.236588888888889 0.363140476190476 0.335913492063492 0.299330158730159 0.18579126984127 0.392942857142857 0.367148412698413 0.323298412698413 0.066984126984127 0.0658611111111111 0.0413484126984127 0.0417730158730159 0.0443079365079365 0.0381436507936508 0.0715015873015873 0.0582531746031746 0.0730555555555556 0.0759087301587302 0.0894277777777778 0.0915388888888889 0.131307936507936 0.13473253968254 0.0988619047619048 0.211472222222222 0.296542063492063 0.253965079365079 0.513140476190476 0.226111111111111 0.474384126984127 0.487900793650794 0.671819841269842 0.688335714285715 0.578125396825397 0.294011904761905 0.375431746031746 0.321302380952381 0.392797619047619 0.478889682539683 0.424292063492064 0.097768253968254 0.107811111111111 0.0720071428571428 0.121476190476191 0.109084920634921 0.135638888888889 0.194850793650794 0.256728571428571
0.209705555555555 0.0544809523809524 0.0860214285714286 0.0920634920634921 0.0788619047619048 0.0370611111111111 0.0527396825396825 0.0535333333333333 0.0514222222222222 0.0454103174603174 0.0332484126984127 0.0459896825396825 0.063747619047619 0.0299515873015873 0.0519531746031746 0.0649119047619048 0.0877111111111111 0.141240476190476 0.0743936507936508 0.104334920634921 0.162568253968254 0.130424603174603 0.0711015873015873 0.0952650793650794 0.463792063492064 0.388192063492064 0.315150793650794 0.513442857142857 0.465698412698413 0.256025396825397 0.65964126984127 0.519172222222222 0.478473015873016 0.523262698412698 0.339848412698413 0.476215873015873 0.393060317460317 0.437587301587302 0.531604761904762 0.183044444444445 0.0975674603174603 0.18400873015873 0.139090476190476 0.118349206349206 0.172189682539683 0.144946031746032 0.161109523809524
0.39707380952381 0.0595896825396825 0.0591055555555556 0.0649492063492064 0.0576603174603175 0.048381746031746 0.0345150793650794 0.0725380952380952 0.0388761904761905 0.0522761904761905 0.0481928571428571 0.0405007936507936 0.0527333333333333 0.072984126984127 0.0738626984126984 0.0679047619047619 0.0446547619047619 0.0417380952380952 0.0600357142857143 0.100673015873016 0.130480952380952 0.0747380952380953 0.283218253968254 0.172788095238095 0.059765873015873 0.0760460317460317 0.388893650793651 0.562976190476191 0.331680952380952 0.465157936507936 0.469843650793651 0.718996825396826 0.71903253968254 0.547585714285714 0.401915873015873 0.410143650793651 0.328623809523809 0.570346031746032 0.500902380952381 0.483403174603175 0.178613492063492 0.143188888888889 0.140284920634921 0.0842619047619047 0.316569047619048 0.259556349206349 0.221170634920635
