resultados/modelos/rf_ausencia.asc
NCOLS 330 
NROWS 228 
XLLCORNER -12 
YLLCORNER 34 
CELLSIZE 0.166667 
NODATA_value -9999 
[rows 63 to 83 of 228, columns 282 to 328 of 330]
0.379264285714286 0.285937301587302 -9999 -9999 -9999 -9999 -9999 -9999 -9999 0.324696825396825 0.33864126984127 0.354570634920635 0.25773253968254 0.0844007936507936 0.194310317460318 0.115266666666667 0.266271428571428 0.269649206349206 0.30126746031746 0.257068253968254 0.321469841269841 0.365333333333333 -9999 0.267976984126984 0.360270634920635 0.283549206349206 0.322319841269841 0.403746825396826 0.31312380952381 0.284511904761905 0.405144444444445 0.415465873015873 0.376199206349206 0.371004761904762 0.308033333333333 0.299978571428571 0.412039682539683 0.413790476190476 0.451846031746032 0.406365873015873 0.418714285714286 0.364759523809524 0.349571428571429 0.337730952380952 0.284388095238095 0.33085873015873 0.377080158730159
0.403760317460317 0.433661904761905 0.407356349206349 0.449238888888889 -9999 -9999 -9999 -9999 0.292792063492063 0.219152380952381 0.326379365079365 0.332534126984127 0.184775396825397 0.360577777777778 0.370422222222222 0.154805555555556 0.245420634920635 0.291213492063492 0.33908253968254 0.284298412698413 0.308831746031746 0.212193650793651 -9999 0.268516666666667 0.310562698412698 0.426565873015873 0.429401587301587 0.44921507936508 0.423981746031746 0.354444444444445 0.353885714285714 0.245819047619048 0.257200793650794 0.31534126984127 0.317189682539682 0.434324603174603 0.390081746031746 0.376493650793651 0.344921428571429 0.40361746031746 0.409404761904762 0.370147619047619 0.404592063492064 0.36317380952381 0.325957936507936 0.358199206349206 0.387192857142857
-9999 0.282673015873016 0.294451587301587 0.296302380952381 -9999 -9999 -9999 0.356653968253968 0.261713492063492 0.390778571428572 0.407248412698413 0.374713492063492 0.304686507936508 0.253673809523809 0.262629365079365 -9999 0.28030873015873 0.271503968253968 0.257335714285714 0.308861904761905 0.289163492063492 0.346069047619048 0.24071746031746 0.1943 0.312624603174603 0.370396031746032 0.41544126984127 0.435421428571429 0.405472222222222 0.378463492063492 0.360103174603175 0.387680158730159 0.411984126984127 0.41233253968254 0.399153174603175 0.361661111111111 0.403942857142857 0.398519841269841 0.411579365079365 0.383903968253968 0.384188888888889 0.292379365079365 0.195905555555556 0.258485714285714 0.333500793650794 0.373983333333334 0.369833333333333
0.372493650793651 0.294684920634921 0.301288095238095 -9999 -9999 -9999 0.306511111111111 0.369137301587302 0.334090476190476 0.33865873015873 0.313807936507937 0.350950793650794 0.380523015873016 0.31284126984127 0.20045873015873 0.319207142857143 0.43156507936508 0.329302380952381 0.292753174603175 0.329834126984127 0.340176984126984 0.338437301587302 0.204987301587302 0.207987301587302 0.309522222222222 0.303953968253968 0.30882380952381 0.288298412698413 0.358460317460318 0.380698412698413 0.402120634920635 0.42815 0.426307936507937 0.406843650793651 0.395326984126984 0.386380158730159 0.324003968253968 0.369574603174603 0.372312698412698 0.368888095238095 0.318684126984127 0.405711904761905 0.322076190476191 0.36276746031746 0.349340476190476 0.401031746031746 0.392604761904762
0.257743650793651 0.289334126984127 0.309915079365079 0.427049206349206 0.290571428571429 0.376538888888889 0.338904761904762 0.318630158730159 0.447977777777778 0.370413492063492 0.199940476190476 0.156953174603175 0.308362698412698 0.384348412698413 0.347063492063492 0.17152619047619 0.296343650793651 0.410628571428572 0.335676190476191 0.275553968253968 0.224497619047619 0.29691746031746 0.163507142857143 -9999 0.239752380952381 0.383487301587302 0.377488095238095 0.400257142857143 0.431548412698413 0.412110317460318 0.341286507936508 0.305838888888889 0.334488888888889 0.397160317460318 0.301161111111111 0.427464285714286 0.353009523809524 0.396657142857143 0.412297619047619 0.363543650793651 0.377268253968254 0.395846031746032 0.232493650793651 0.421989682539683 0.313864285714286 0.254653968253968 0.305912698412698
0.307015079365079 0.242385714285714 0.233961111111111 0.421093650793651 0.353809523809524 0.313771428571429 0.402966666666667 0.156156349206349 0.306226190476191 0.243560317460317 0.315343650793651 0.264872222222222 0.276418253968254 0.31745 0.295363492063492 0.32930873015873 0.426887301587302 0.400298412698413 0.378557142857143 0.379695238095238 0.334496825396825 0.325588888888889 0.324011904761905 0.324712698412698 -9999 0.176655555555556 0.384807142857143 0.349768253968254 0.363464285714286 0.378610317460318 0.339687301587302 0.310788888888889 0.265842857142857 0.295895238095238 0.307135714285714 0.420160317460318 0.331631746031746 0.295338888888889 0.301196825396825 0.391679365079365 0.334213492063492 0.399522222222222 0.416342857142857 0.372377777777778 0.312869047619048 0.38056746031746 0.331361111111111
0.331535714285714 0.356511904761905 0.27024126984127 0.511484920634921 0.363027777777778 0.352376984126984 0.432537301587302 0.373998412698413 0.239207936507937 0.303780952380952 0.320809523809524 0.33841746031746 0.364053968253968 0.349719047619048 0.389247619047619 0.295715079365079 0.343887301587302 0.314050793650794 0.332544444444445 0.376133333333334 0.347007936507937 0.333999206349206 0.191811904761905 0.12084126984127 -9999 0.167126984126984 0.383639682539683 0.41268253968254 0.391056349206349 0.370061111111111 0.371592063492064 0.340990476190476 0.373915873015873 0.373426984126984 0.373576190476191 0.360538095238095 0.300804761904762 0.288892063492063 0.286012698412698 0.386346031746032 0.211549206349206 0.378100793650794 0.411681746031746 0.398175396825397 0.392686507936508 0.399715873015873 0.287497619047619
0.253584126984127 0.317275396825397 0.218454761904762 0.27074126984127 0.489029365079365 0.314964285714286 0.303797619047619 0.280690476190476 0.263784126984127 0.369007142857143 0.350459523809524 0.38460873015873 0.3765 0.276068253968254 -9999 -9999 -9999 -9999 0.365845238095238 0.396961111111111 0.39567380952381 0.382114285714286 0.2522 0.210494444444444 0.224992063492063 0.379257936507937 0.382183333333333 0.335301587301587 0.350042857142857 0.357796825396826 0.347714285714286 0.357996031746032 0.348615873015873 0.378238095238095 0.354822222222222 0.333022222222222 0.309612698412698 0.314657142857143 0.349176984126984 0.366107936507937 0.312852380952381 0.294230952380952 0.326546825396825 0.293011904761905 0.253476984126984 0.31790873015873 0.31286746031746
0.227514285714286 0.22306746031746 0.244864285714286 0.294643650793651 0.410968253968254 0.466980158730159 0.392307142857143 0.413595238095238 0.239930158730159 0.317500793650794 0.372777777777778 0.353472222222222 0.421104761904762 0.316593650793651 -9999 -9999 -9999 -9999 0.235056349206349 0.412720634920635 0.398772222222222 0.373754761904762 0.369765079365079 0.298353968253968 0.351710317460318 0.386924603174603 0.379138095238095 0.353842857142857 0.352252380952381 0.377407142857143 0.24788253968254 0.34502380952381 0.263335714285714 0.282753968253968 0.312187301587302 0.324536507936508 0.378464285714286 0.340319841269841 0.342338888888889 0.248615873015873 0.302285714285714 0.360926984126984 0.396279365079365 0.369660317460318 0.4312 0.375953968253968 0.335069841269841
0.326756349206349 0.269226190476191 0.256661904761905 0.194019841269841 0.25735 0.331736507936508 0.136719047619048 0.40226507936508 0.11887619047619 0.279411111111111 0.179651587301587 0.20054126984127 0.344965873015873 0.408184920634921 0.439688888888889 0.435579365079365 0.330238095238095 0.32010873015873 0.296038888888889 0.329711904761905 0.201242063492063 0.297876984126984 0.172142063492064 0.326 0.381598412698413 0.143796825396825 0.375284126984127 0.373071428571429 0.389934126984127 0.362651587301587 0.375181746031746 0.279080952380952 0.320626984126984 0.319863492063492 0.370744444444445 0.363775396825397 0.358649206349207 0.274570634920635 0.23922380952381 0.376774603174603 0.361668253968254 0.380299206349206 0.311134920634921 0.299412698412698 0.312769047619048 0.409481746031746 0.371929365079365
0.258781746031746 0.277084920634921 0.439028571428572 0.378444444444444 0.367589682539683 0.310592063492064 0.359555555555556 0.360219841269841 0.383507142857143 0.191743650793651 0.340631746031746 0.33916746031746 0.43133253968254 0.385354761904762 0.404537301587302 0.395730952380952 0.394734920634921 0.27188253968254 0.31336746031746 0.349809523809524 0.32155 -9999 0.28293253968254 0.316411111111111 0.208696825396825 0.387364285714286 0.356800793650794 0.271607936507936 0.193611904761905 0.207687301587302 0.359330158730159 0.354471428571429 0.360533333333333 0.38045 0.370596825396825 0.385774603174603 0.386560317460318 0.362666666666667 0.359492063492064 0.364523015873016 0.349748412698413 0.370589682539683 0.36128253968254 0.374656349206349 0.345590476190476 0.34584126984127 0.363785714285714
0.254160317460317 0.210392857142857 0.307320634920635 0.290007142857143 0.338535714285714 0.345059523809524 0.366471428571429 0.268274603174603 0.387231746031746 0.18714126984127 0.156813492063492 0.367342063492064 0.383689682539683 0.40484126984127 0.432538888888889 0.398511111111111 0.379794444444445 0.22476746031746 0.382269047619048 0.410253174603175 0.378047619047619 0.3486 0.321972222222222 0.381125396825397 0.370999206349206 0.154349206349206 0.36542619047619 -9999 0.292573809523809 0.168726190476191 0.251418253968254 0.35355873015873 0.310650793650794 0.360668253968254 0.373864285714286 0.305438095238095 0.336992063492064 0.211347619047619 0.344319841269841 0.375092063492064 0.361742857142857 0.32937619047619 0.158949206349206 0.14854126984127 0.366457142857143 0.377279365079365 0.342752380952381
0.322771428571429 0.219636507936508 0.123665873015873 0.171436507936508 0.263147619047619 0.352624603174603 0.329220634920635 0.319707936507937 0.197148412698413 0.368165873015873 0.335119047619048 0.210825396825397 0.20208253968254 0.327566666666667 0.391235714285715 0.400838888888889 0.422330158730159 0.199295238095238 0.380992857142857 0.396257142857143 0.245198412698413 0.184542857142857 0.313937301587302 0.360513492063492 0.383265079365079 0.212578571428571 0.162769841269841 0.182338095238095 0.244926984126984 0.191654761904762 0.209815873015873 0.221192063492063 0.173776190476191 0.287130952380952 0.417489682539683 0.38066507936508 0.375984920634921 0.324000793650794 0.365179365079365 0.206584920634921 0.193952380952381 0.221222222222222 0.139409523809524 0.320346825396825 0.321254761904762 0.355949206349206 0.371592063492064
0.339902380952381 0.312336507936508 0.311019841269841 0.15942619047619 0.194694444444444 0.164048412698413 0.304226984126984 0.207989682539682 0.190556349206349 0.171557936507937 0.210035714285714 0.198876984126984 0.220620634920635 0.295807142857143 0.354620634920635 0.200723015873016 0.18237380952381 0.175515873015873 0.150993650793651 0.162224603174603 0.333556349206349 0.176194444444445 0.32963253968254 0.373402380952381 0.369074603174603 0.344015079365079 0.297506349206349 0.172638888888889 0.18009126984127 0.265753968253968 0.192238095238095 0.218599206349206 0.291644444444444 0.214022222222222 0.183284126984127 0.150726984126984 0.282090476190476 0.381589682539683 0.384984920634921 0.37599126984127 0.369502380952381 0.388100793650794 0.387334126984127 0.370587301587302 0.363692063492064 0.356638095238095 0.363469841269841
0.302242857142857 0.352519841269841 0.269146031746032 0.279440476190476 0.278216666666667 0.23144126984127 0.132511904761905 0.259857142857143 0.327268253968254 0.196850793650794 0.172469047619048 0.178788888888889 0.242974603174603 0.165415079365079 0.182242063492063 0.304572222222222 -9999 0.374610317460317 0.22806746031746 0.312701587301587 0.188220634920635 0.324256349206349 0.226765873015873 0.276855555555556 0.358036507936508 0.40803253968254 0.372810317460318 0.302434920634921 0.146348412698413 0.152650793650794 0.163036507936508 0.189186507936508 0.245240476190476 0.372128571428572 0.377750793650794 0.372231746031746 0.384122222222223 0.344154761904762 0.358146825396825 0.366071428571429 0.33832380952381 0.366942857142857 0.325298412698413 0.327355555555556 0.389000793650794 0.325043650793651 0.360537301587302
0.387264285714286 0.339696825396825 0.347184920634921 0.358192857142857 0.226253968253968 0.218307142857143 0.265726984126984 0.226168253968254 0.234456349206349 0.319436507936508 0.313072222222222 0.323811111111111 0.354524603174603 0.31097380952381 0.223028571428571 0.303206349206349 0.308828571428571 -9999 -9999 0.187333333333333 0.349988888888889 0.211145238095238 0.388338888888889 0.358106349206349 0.36131507936508 0.378496825396826 0.378939682539683 0.387815079365079 0.360846031746032 0.182469047619048 0.207961904761905 0.210260317460318 0.361729365079365 0.29399126984127 0.298864285714286 0.370280158730159 0.360544444444445 0.368629365079365 0.36852380952381 0.368711904761905 0.378983333333334 0.372317460317461 0.31191746031746 0.37921507936508 0.371630158730159 0.372551587301587 0.308993650793651
0.30800873015873 0.347783333333333 0.309884920634921 0.359426190476191 0.338553968253968 0.374514285714286 0.225870634920635 0.221846031746032 0.185919841269841 0.281081746031746 0.316595238095238 0.325164285714286 0.349223015873016 -9999 0.346188095238095 0.171778571428571 0.170092857142857 0.203203174603175 0.419425396825397 -9999 0.387964285714286 0.417956349206349 0.395628571428572 0.418586507936508 0.371259523809524 0.190034920634921 0.194529365079365 0.200053174603175 0.35521507936508 0.328592857142857 0.377907142857143 0.313275396825397 0.373988095238095 0.342765873015873 0.325365873015873 0.313347619047619 0.316693650793651 0.366649206349207 0.322101587301587 0.39076507936508 0.391752380952381 0.374633333333334 0.362629365079365 0.379074603174603 0.36291746031746 0.200380952380952 0.251219841269841
0.299305555555556 0.26586746031746 0.303034920634921 0.265501587301587 0.390342857142857 0.362697619047619 0.3285 0.266084126984127 0.196696825396825 0.344174603174603 0.253552380952381 0.201773015873016 0.203159523809524 0.27758253968254 0.405376190476191 0.359730158730159 0.37780873015873 0.277881746031746 0.376476984126984 -9999 -9999 -9999 0.351974603174603 0.416763492063492 0.388659523809524 0.331803174603175 0.357405555555556 0.20074126984127 0.198053968253968 0.368311904761905 0.329175396825397 0.324330952380952 0.37375 0.386212698412699 0.335619047619048 0.368601587301587 0.314965079365079 0.34101746031746 0.340566666666667 0.373581746031746 0.32390873015873 0.348192063492064 0.327076190476191 0.357653968253968 0.35411746031746 0.340793650793651 0.376842063492064
0.345426190476191 0.277633333333333 0.200128571428571 0.185954761904762 0.312090476190476 0.343516666666667 0.272039682539682 0.190778571428571 0.16631746031746 0.215931746031746 0.199766666666667 0.207642857142857 0.177434126984127 0.185000793650794 0.17496746031746 0.26292380952381 0.494383333333334 -9999 -9999 -9999 -9999 -9999 -9999 -9999 0.179115873015873 0.198246031746032 0.226292857142857 0.363921428571429 0.348977777777778 0.302505555555556 0.371553174603175 0.29654126984127 0.215740476190476 0.334070634920635 0.266356349206349 0.290976984126984 0.354102380952381 0.183743650793651 0.180476190476191 0.305446825396825 0.354635714285714 0.143028571428572 0.164022222222222 -9999 0.153173015873016 0.287737301587302 0.352534920634921
0.240257142857143 0.332915079365079 0.259346825396825 0.307796031746032 0.429507936507937 0.419235714285714 0.332679365079365 0.33119126984127 0.222630952380952 0.204737301587302 0.178929365079365 0.177647619047619 0.183388095238095 0.357619047619048 0.359699206349206 0.328125396825397 0.204157142857143 0.281685714285714 0.387735714285714 0.447888095238096 -9999 0.416135714285715 -9999 0.2535 0.348480158730159 0.308496825396825 0.338759523809524 0.186029365079365 0.174143650793651 0.1921 0.20226746031746 0.235897619047619 0.320609523809524 0.33045 0.335888095238095 0.195253968253968 0.307351587301587 0.274338095238095 0.292115079365079 0.211671428571429 0.162579365079365 0.200337301587302 0.189550793650794 0.307676984126984 0.336389682539683 0.284151587301587 0.34656507936508
0.233853968253968 0.322430952380952 0.314424603174603 0.389697619047619 0.349788095238095 0.39273253968254 0.35872380952381 0.33189126984127 0.20070873015873 0.20702619047619 0.215404761904762 0.207603968253968 0.205901587301587 0.182995238095238 0.17580873015873 0.29341746031746 0.227365079365079 0.175378571428572 0.146474603174603 0.429144444444444 0.423331746031746 0.400969047619048 0.394972222222222 0.195137301587301 0.315511904761905 0.199637301587302 0.275301587301587 0.3041 0.183416666666667 0.206828571428571 0.172245238095238 0.172478571428571 0.162693650793651 0.170169841269841 0.170710317460318 0.286586507936508 0.319414285714286 0.214329365079365 0.195063492063492 0.138954761904762 0.15385873015873 0.162221428571429 0.30423253968254 0.295175396825397 0.25042380952381 0.286129365079365 0.206977777777778
