resultados/modelos/rf_background.asc
NCOLS 330 
NROWS 228 
XLLCORNER -12 
YLLCORNER 34 
CELLSIZE 0.166667 
NODATA_value -9999 
[rows 114 to 132 of 228, columns 172 to 214 of 330]
0.000749999999999674 -6.81999595686378e-16 -7.177348992915e-16 -7.40272426691391e-16 -7.25870752393831e-16 -7.93847626523458e-16 -7.05029784553446e-16 -7.7531037145917e-16 -7.29610816208037e-16 -7.5456654813344e-16 0.000799999999999535 0.000499999999999385 -5.70252178810904e-16 0.00296666666666613 -8.0885645403761e-16 -8.37503677519891e-16 -5.80091530366644e-16 -7.33139243758174e-16 -7.78509201548871e-16 0.000222222222221563 0.000222222222221539 0.000249999999999301 -6.57050802654879e-16 0.00429999999999928 -8.30970708909362e-16 -7.91700038860199e-16 -7.93854565417362e-16 -7.21901705080796e-16 -6.22547152717701e-16 -6.96043916947886e-16 -6.89229923134249e-16 0.00202222222222159 -6.40470315671493e-16 -7.46527839545763e-16 0.00199999999999926 -7.08356984180369e-16 -6.93931023754146e-16 -7.32188615293339e-16 -7.25534216039492e-16 0.00139999999999929 -6.69769795180741e-16 -3.95475319159289e-16 0.000222222222221779
-4.97924618203527e-16 0.00114999999999935 0.000399999999999293 -7.3437436687307e-16 -8.06976013789651e-16 -7.88744070057135e-16 -8.37593883140641e-16 -7.33933747110171e-16 -6.77544825800069e-16 0.00142142857142803 -7.90447568510544e-16 -8.08016847875237e-16 -7.3661216015708e-16 0.00153571428571357 -7.26779747495243e-16 -8.06878869274996e-16 0.000999999999999203 -8.11534867084518e-16 -8.04550870370235e-16 -7.95051524615786e-16 -7.7531037145917e-16 -7.67084312736088e-16 0.000222222222221541 -7.08651887171285e-16 -8.28042495681913e-16 -7.87526294176999e-16 -7.64770191619135e-16 -7.27737314853982e-16 -7.08468006482832e-16 0.00699999999999962 0.00358333333333307 0.00312619047619002 -7.04630798153971e-16 -7.70387226234348e-16 -7.90978393894193e-16 0.000499999999999223 -7.03506697341538e-16 0.000499999999999288 0.00299999999999929 -6.48696374394575e-16 -7.31352478577918e-16 0.000199999999999597 0.00827222222222202
-6.73485572866284e-16 0.00326666666666619 0.00940238095238065 -7.66404301133505e-16 0.000285714285713501 -6.83047368665868e-16 -7.61710139407512e-16 -8.02396343813072e-16 0.000785714285713489 -6.92293444792824e-16 -7.06820019180654e-16 -7.23060500362749e-16 -7.79602077338737e-16 -6.8365452188246e-16 0.000571428571428037 -5.21912374429334e-16 0.00628571428571381 -6.73665984107785e-16 0.0212984126984122 -8.06799071995101e-16 -7.97556465315097e-16 -8.04242089591511e-16 -7.49549727840915e-16 -8.02094501928252e-16 -7.57744561541429e-16 -7.89035503601099e-16 -7.29676735700124e-16 -7.77475306357189e-16 0.000999999999999399 0.00033333333333295 -6.23341656069698e-16 0.00174999999999947 -7.13692993592474e-16 -7.86502807326173e-16 -8.12273859285284e-16 -7.81711501085525e-16 -7.13370335025942e-16 -7.23907045419025e-16 0.000399999999999323 -6.71816768882394e-16 0.0101666666666663 0.000666666666666348 0.00346666666666643
0.0089888888888884 0.00219444444444418 0.000422222222221709 -6.97414348493908e-16 0.00128571428571377 -7.08901687351826e-16 -7.8463277541907e-16 -6.86894985335584e-16 0.000285714285713493 0.00382142857142791 -7.53026113686772e-16 -7.31584931523699e-16 -7.23927862100737e-16 -7.45042916250327e-16 -8.21853002319628e-16 -8.63458610167456e-16 -7.70664781990504e-16 -5.5857748981758e-16 -7.78852676797115e-16 -8.17946405051728e-16 -8.15132683573694e-16 -7.7356870908929e-16 -7.96633592425877e-16 -8.02979210901e-16 -6.51843162779997e-16 0.00159999999999953 0.00543174603174564 -6.40300312770847e-16 0.000999999999999339 0.000285714285713774 -7.40345285077382e-16 -7.26970567077601e-16 0.000649999999999199 -7.63777929790876e-16 -8.28823121246103e-16 -8.20652573674252e-16 -7.71400304744319e-16 -6.88359091949309e-16 -3.15296400099641e-16 -6.7482824883669e-16 -7.51735479420645e-16 -6.92900598009416e-16 -7.09290265410445e-16
-7.03673230795232e-16 0.00286666666666623 -7.01980140682679e-16 -6.99832553019419e-16 0.000649999999999235 -6.44023029350294e-16 0.000722222222221487 0.00281904761904691 -7.79612485679593e-16 0.000985714285713723 -7.86308518296863e-16 -7.18172049607446e-16 -6.93747143065693e-16 -7.33867827618084e-16 -8.07281325121423e-16 -7.47821943258842e-16 -7.10265180003944e-16 -7.78176134641484e-16 -8.07815619952024e-16 -8.00203653339437e-16 -8.29093738108355e-16 -6.89334006542808e-16 -7.97903410010292e-16 -7.28726107235289e-16 0.000622222222221583 0.0273333333333329 0.00356111111111083 0.0036936507936505 -6.94930224476309e-16 -7.05477343210248e-16 -7.32698623995276e-16 -7.29603877314133e-16 -7.41118971747667e-16 -7.24195009516038e-16 -7.16211812079592e-16 -7.67042679372665e-16 -7.9282067022568e-16 -7.8777609435754e-16 0.000622222222221483 -7.90537774131295e-16 0.000499999999999217 -7.42194500302773e-16 -7.40754679817712e-16
-6.60031057586608e-16 -6.9409755720784e-16 -6.4534835808594e-16 0.00099999999999934 -7.2144720753009e-16 -7.68961283537095e-16 -7.41139788429379e-16 0.000666666666666109 -7.64967950095397e-16 -7.78280218050043e-16 -7.90721654819748e-16 -7.96380322798385e-16 -8.00231408915053e-16 -8.05307209805761e-16 -8.65019861295835e-16 -7.51801398912733e-16 -8.05966404726632e-16 -8.2409426505059e-16 -8.51322484729522e-16 -7.60367463437106e-16 -8.15139622467598e-16 -7.67236968401974e-16 -8.1125384188141e-16 -7.33191285462453e-16 0.00199999999999929 0.000922222222221674 0.00122222222222168 0.0149047619047614 0.000999999999999427 -8.02479610539919e-16 -8.13769190921576e-16 0.000222222222221526 0.000222222222221509 -7.05154684643716e-16 -7.86554849030452e-16 0.000499999999999267 0.00424444444444365 -7.37826466590263e-16 0.000999999999999355 -7.03843233695878e-16 0.00199999999999928 -6.55555471018587e-16 -5.0039833388027e-16
-8.09987493743947e-16 0.00203888888888819 0.00199999999999929 -7.36161132053326e-16 0.000399999999999305 -7.19046350239339e-16 0.00138888888888815 -7.72684000116541e-16 -7.59808882477842e-16 -7.19129616966185e-16 -8.08783595651619e-16 -8.10830569353271e-16 -8.52606180101745e-16 -7.58199059092135e-16 -8.62449001104437e-16 -8.33170338276901e-16 -6.39096414678519e-16 0.00316666666666596 -8.2903128806322e-16 0.00172222222222151 -7.78054703998166e-16 -8.48258963070947e-16 -8.4641668673946e-16 -8.45021969064774e-16 -8.30075591595758e-16 -7.08683112193853e-16 -7.4059161581097e-16 -7.60301543945019e-16 0.000499999999999579 -7.26262799899402e-16 -8.11517519849758e-16 -8.11885281226665e-16 -7.47558265290493e-16 -7.64180385637303e-16 -7.21717824392343e-16 -7.56422702252735e-16 -7.88001608409417e-16 -5.37202227146594e-16 -6.78797296149725e-16 -7.24562770892945e-16 -8.01660821059258e-16 -7.64350388537949e-16 -4.17551410114569e-16
-7.67299418447109e-16 -7.6064154974631e-16 0.00072222222222147 -7.70161712182471e-16 -7.05296931968746e-16 -7.94548454807753e-16 -7.76104874811168e-16 0.00066666666666595 0.00334047619047564 0.00124999999999924 -7.95457449909165e-16 -8.10077699364697e-16 -7.80004533185163e-16 -8.38665942248795e-16 0.00166666666666583 -7.59507040593022e-16 0.000485714285713844 0.00569285714285665 -7.3975547909555e-16 -7.85139314674055e-16 -8.23799362059674e-16 -8.35470581606046e-16 -8.12357126012131e-16 0.00149999999999924 -8.26849005930441e-16 -8.14601858190045e-16 0.00039999999999921 -7.92095555812722e-16 -9999 -7.62709340129675e-16 -8.31820723412591e-16 -8.16693934702073e-16 -7.78360015329938e-16 -7.95970928058054e-16 -7.72340524868298e-16 -8.07545003089771e-16 -7.87668541502029e-16 -7.81510273162311e-16 -7.84376036344625e-16 -7.81034958929894e-16 -7.55465134893996e-16 -7.61366664159269e-16 0.000999999999999618
-6.51700915454967e-16 0.000722222222221497 -7.12936654156948e-16 0.000399999999999455 0.000399999999999329 -7.36202765416749e-16 -6.66005445237872e-16 -7.29683674594028e-16 -8.00505495224257e-16 -7.32941485281913e-16 -7.92532706128668e-16 -8.36580804630671e-16 -7.33361288363099e-16 0.0015357142857136 -7.20899034911682e-16 -6.13269851568177e-16 -7.8536135927898e-16 0.000999999999999226 -8.01921029580654e-16 -8.32223179259017e-16 -4.96568064445313e-16 -5.20937459835835e-16 0.00166666666666586 -7.84091541694565e-16 -7.76399777802084e-16 -7.77912456673135e-16 -7.63909768775051e-16 -8.22029944114178e-16 -3.67022384706317e-16 -7.46715189681169e-16 -7.48779510617581e-16 0.00628571428571363 -8.1091730552707e-16 -8.20035012116804e-16 -7.79067782508136e-16 -7.61807283922167e-16 -7.98975469118446e-16 0.00116666666666616 -6.91252610707238e-16 0.000333333333332838 0.00146666666666623 0.00269999999999937 0.000249999999999526
-4.92290236353554e-16 -6.74866412753161e-16 0.000222222222221646 0.00635555555555538 0.000799999999999539 0.00621666666666649 0.00142222222222195 -5.07868053167826e-16 -7.44460049162399e-16 0.000285714285713817 0.000399999999999327 -7.72094194134709e-16 -7.79022679697761e-16 -7.66067764779166e-16 -6.82561646092594e-16 -7.36299909931404e-16 -7.49449113879308e-16 -7.70321306742261e-16 0.000999999999999304 -5.10119724239644e-16 -7.72926861403178e-16 -7.89958376490318e-16 0.000399999999999357 0.00163333333333299 -7.70838254338102e-16 -8.23993651088983e-16 -6.69637956196567e-16 -7.30672466975335e-16 -7.54535323110872e-16 -8.06021915877864e-16 -8.23743850908443e-16 0.000555555555554894 -7.49331152682942e-16 -8.45216258094084e-16 -8.01348570833582e-16 0.000999999999999275 -8.15850859092748e-16 -7.5421266454434e-16 -7.0022460052499e-16 -7.2773384540703e-16 -4.24302953883071e-16 0.000666666666666338 0.000249999999999522
0.00667936507936467 0.000685714285713761 -5.32428268140706e-16 -6.52259496414231e-16 0.000599999999999528 -7.07378600139919e-16 -7.28226506874208e-16 -6.85417000934052e-16 -6.30939744894476e-16 -7.00283581123173e-16 0.00266666666666594 -6.42829539598821e-16 0.000749999999999331 0.00424444444444368 0.000999999999999253 -6.72021466252559e-16 -6.37656594193459e-16 -7.7744061188767e-16 -5.66154761960647e-16 0.00219999999999938 -7.20354331740225e-16 -6.5728325560066e-16 -5.93275428784068e-16 0.0116190476190475 0.00474999999999986 0.000599999999999269 -7.97483606929106e-16 0.000499999999999191 -7.66293278831043e-16 -8.29687013537139e-16 -8.29281088243761e-16 -7.24666854301503e-16 -7.45115774636318e-16 0.00133333333333255 -7.54705326011518e-16 0.000971428571428004 -7.57272716755963e-16 -8.04262906273223e-16 -7.67084312736088e-16 -8.0180653783124e-16 0.00119999999999921 -7.41177952345851e-16 -5.01744479297628e-16
-7.55860651846518e-16 0.000422222222221698 0.000249999999999601 -5.84053638785775e-16 -6.19077705765747e-16 -6.93275298280227e-16 -6.25839657875105e-16 -7.07729014282066e-16 0.00264999999999932 -7.20670051412853e-16 -7.01185637330681e-16 -6.97150670525559e-16 -6.01865779437105e-16 -6.62036397924837e-16 0.00106666666666605 -7.17332443445073e-16 -6.22678991701875e-16 0.000399999999999241 0.00118571428571355 -3.23813892366687e-16 0.00111111111111078 0.000399999999999549 0.0189825396825394 0.00173333333333311 0.00610555555555541 0.0119158730158728 0.000399999999999698 0.00253333333333301 0.00199999999999925 -8.46486075678499e-16 0.000999999999999181 -7.62542806675981e-16 -7.99235677639842e-16 -8.17134554464971e-16 -8.23147106032707e-16 -8.33728919236165e-16 -7.64853458345982e-16 0.000333333333332557 -8.33003804823207e-16 -7.54136336711397e-16 -7.85531362179626e-16 -7.83907661006111e-16 0.000571428571427813
0.0185690476190473 0.000666666666665893 -7.03756497522079e-16 -6.23921053710674e-16 0.00541904761904708 -3.04242742110716e-16 -3.36192879091257e-16 0.0022499999999998 0.00024999999999973 0.0028999999999994 0.00106666666666615 -7.2176639664967e-16 -7.34436816918205e-16 -6.9098893273889e-16 -6.71566968701853e-16 0.00199999999999937 0.00049999999999928 -4.47666209657527e-16 -5.84386705693163e-16 -5.8999333196752e-16 0.000333333333332903 -6.92952639713695e-16 -6.46874914744799e-16 0.331023809523809 0.0169039682539681 0.0126777777777775 0.00028571428571397 0.00428571428571378 -6.3279242956682e-16 0.000499999999999195 -7.29572652291566e-16 -7.26380761095768e-16 -7.61370133606221e-16 0.000999999999999365 -7.76396308355132e-16 -8.06847644252429e-16 -8.28299234756358e-16 -8.26477775106582e-16 0.000499999999999259 -7.30762672596086e-16 0.000722222222221509 -7.97403809649211e-16 -8.33461771820865e-16
0.000222222222221827 -4.11129463806503e-16 -3.68045871557143e-16 -7.39516087255865e-16 -6.19608531149396e-16 -6.09325090383805e-16 0.000799999999999386 0.00327222222222176 0.000999999999999666 0.00274999999999972 0.00259999999999965 -6.71549621467094e-16 0.00328333333333298 0.00133333333333304 0.00039999999999953 -4.89660395563973e-16 0.00019999999999974 -7.35536631601974e-16 -4.70234962079985e-16 -6.34086533279898e-16 -6.63188254312885e-16 -7.44754952153315e-16 -6.91596085955481e-16 -6.67629146411386e-16 0.00279999999999947 0.0030190476190475 0.000333333333333022 0.00667460317460269 -7.56034124194116e-16 -7.95676025067138e-16 -6.38784164452844e-16 -6.61588839268035e-16 0.000666666666666389 -4.63660360106033e-16 0.000666666666666022 -7.2547870488826e-16 0.000999999999999337 -7.13755443637609e-16 -8.13796946497192e-16 0.00173333333333272 -8.11895689567521e-16 -8.24038753899359e-16 -7.56828627546113e-16
0.00205555555555522 0.000249999999999367 0.000799999999999364 0.000222222222221566 0.000199999999999284 0.00124999999999953 0.0134706349206347 0.00114999999999946 0.00024999999999956 -4.94587010235747e-16 0.00379999999999975 0.000399999999999711 0.00133333333333314 0.00133333333333308 -4.29305896387788e-16 0.000499999999999381 -5.39738392868472e-16 0.00270238095238051 0.000444444444443844 -7.3975547909555e-16 -7.51877726745676e-16 -7.03388736145172e-16 -7.48612977163887e-16 -6.18959744569381e-16 -6.83442885618391e-16 -6.66779131908157e-16 -6.67764454842512e-16 0.00342380952380915 0.00223333333333269 -6.98517632624629e-16 -6.6030167444886e-16 0.0025333333333328 0.0100238095238092 0.000333333333333007 0.00302222222222199 0.00828888888888867 0.00149999999999966 0.000666666666666311 0.00705555555555527 0.00159999999999944 -6.58511439821652e-16 -7.31890242855471e-16 -7.78821451774547e-16
0.0108722222222222 0.00668650793650793 0.000649999999999659 0.00593333333333288 0.00342777777777753 0.00376666666666612 0.000649999999999356 0.00233333333333279 0.0230777777777776 0.000222222222221988 0.000571428571427948 -5.66324764861292e-16 0.000499999999999382 0.0011190476190473 0.00129999999999941 -4.36921332447326e-16 0.00899126984126953 0.0082555555555553 0.00701031746031723 0.00348333333333274 0.00425238095238035 -6.4920291364956e-16 -6.46198372589168e-16 -6.59087368015676e-16 -6.04665623127332e-16 0.000199999999999365 -7.74269537373584e-16 0.000399999999999232 0.00124999999999933 0.000399999999999473 -4.22824969481539e-16 0.000472222222221878 -3.83897774680619e-16 -3.88276216733985e-16 -6.72132488555022e-16 0.00166666666666604 0.000649999999999256 0.0118611111111106 0.00516349206349191 0.00235714285714251 0.0023999999999993 -6.90773827027869e-16 -7.38964445190504e-16
0.00776904761904762 0.0599928571428571 0.0102857142857143 0.0120793650793651 0.00568650793650794 0.0101547619047618 -6.07607714142588e-16 0.00309999999999936 0.0016999999999995 0.00107142857142796 0.00039999999999973 -5.5934076814701e-16 0.00683333333333287 0.00166666666666628 0.000666666666666275 0.00809999999999961 0.00199999999999965 0.0040166666666665 0.292631746031746 0.00144444444444405 0.00798888888888827 -6.62900290215873e-16 0.00066666666666601 -7.61828100603878e-16 -7.61318091901941e-16 -7.02080754644285e-16 0.000999999999999237 -7.7040804291606e-16 -7.06393277205564e-16 0.00949603174603147 -7.03076485919496e-16 -6.50601100771198e-16 -6.23921053710674e-16 -6.32684876711309e-16 -5.29336990906515e-16 -6.73787414751104e-16 -2.8020294418063e-16 0.00226666666666627 -7.41365302481256e-16 -3.57439772225021e-16 0.000733333333332995 -4.2765790908561e-16 -6.10532457923085e-16
0.00584126984126984 0.017047619047619 0.00428333333333333 0.00926666666666667 0.00316666666666665 0.0157190476190476 0.0113396825396823 0.00942619047618985 0.000399999999999337 0.00319999999999949 0.000999999999999483 0.0111666666666663 0.00449999999999965 0.00166666666666635 -4.44904529883772e-16 0.00942222222222163 0.000999999999999765 0.0065944444444443 0.00499999999999979 0.00623571428571406 0.00230476190476157 -6.84247797311244e-16 -7.1787714661653e-16 -7.39023425788687e-16 -6.55829557327792e-16 -6.69148764176342e-16 -6.92404467095287e-16 -7.03805069779406e-16 0.00259999999999977 -3.44772821403438e-16 -6.57439380713498e-16 -6.97612106970169e-16 0.000666666666666275 -6.88546442084714e-16 -6.82259804207774e-16 0.00124999999999941 0.000249999999999361 -4.1689568464065e-16 0.000799999999999605 -4.70824768061817e-16 -3.25902499431763e-16 0.00428571428571408 0.000685714285714102
0.010847619047619 0.0163468253968253 0.00502222222222222 0.00691666666666666 -3.02882718905551e-17 0.000685714285714254 0.00172222222222203 0.000222222222222052 -2.15355511201665e-16 0.00206666666666629 0.0465793650793648 0.00189999999999953 -6.20153234320853e-16 -6.23428392243497e-16 0.00289999999999967 0.000999999999999461 -2.29715552135801e-16 0.00234444444444426 -1.99128907807378e-16 0.00299999999999984 0.00179999999999979 0.000999999999999377 0.00119999999999977 0.00449999999999983 0.00109126984126953 0.00199999999999983 0.000499999999999813 0.000444444444444214 -1.80026132889921e-16 0.00149999999999978 0.00125714285714262 0.00144444444444418 0.000399999999999758 0.00155476190476165 0.000333333333333105 0.00128571428571405 -5.64812085990241e-16 0.000399999999999288 -6.7781197321537e-16 0.000285714285713657 -7.15871806278301e-16 -2.92658258738143e-16 -2.55989673902945e-16
