resultados/modelos/rf_background.asc
NCOLS 330 
NROWS 228 
XLLCORNER -12 
YLLCORNER 34 
CELLSIZE 0.166667 
NODATA_value -9999 
[rows 95 to 113 of 228, columns 172 to 214 of 330]
-9999 -9999 -9999 -9999 -9999 -9999 -9999 -9999 -9999 -9999 -9999 -9999 -9999 -9999 -9999 -9999 -9999 -9999 -9999 -9999 -9999 -9999 -9999 -9999 -9999 -9999 0.0152182539682539 0.00458174603174598 0.0137777777777777 0.000685714285714073 0.0126857142857142 0.00168571428571423 0.00649047619047609 0.00632222222222216 0.00815238095238091 0.00767777777777773 0.00572698412698409 0.00545952380952373 0.00578571428571422 0.010474603174603 0.00148571428571403 0.00886746031746004 0.00312380952380931
-9999 -9999 -9999 -9999 -9999 -9999 -9999 -9999 -9999 -9999 -9999 -9999 -9999 -9999 -9999 -9999 -9999 -9999 -9999 -9999 -9999 -9999 -9999 -9999 -9999 -9999 0.00264999999999979 0.00231666666666648 0.000866666666666611 0.000499999999999845 0.000666666666666505 0.00603333333333329 0.00435476190476188 0.0146793650793649 0.00277777777777762 0.00798015873015854 0.00424285714285711 0.00244444444444427 0.00186111111111087 0.00681984126984103 0.0119706349206347 0.00498095238095212 0.00954047619047596
-9999 -9999 -9999 -9999 -9999 -9999 -9999 -9999 -9999 -9999 -9999 -9999 -9999 -9999 -9999 -9999 -9999 -9999 -9999 -9999 -9999 -9999 -9999 -9999 -9999 -9999 0.00149999999999986 0.000888888888888662 0.00146666666666646 0.000499999999999948 0.0301460317460317 0.00685238095238092 0.00122222222222219 0.0278714285714285 0.0340674603174601 0.00697222222222205 0.00443650793650777 0.00350476190476187 0.00612698412698409 0.00457222222222216 0.00447301587301564 0.0014571428571427 0.00263492063492037
-9999 -9999 -9999 -9999 -9999 -9999 -9999 -9999 -9999 -9999 -9999 -9999 -9999 -9999 -9999 -9999 -9999 -9999 -9999 -9999 -9999 -9999 -9999 -9999 -9999 -9999 -9999 -2.54591486781308e-16 0.00344126984126961 0.00943888888888885 0.0259142857142857 0.0604198412698412 0.0104206349206348 0.0230984126984125 0.0165714285714284 0.0175944444444443 0.0177039682539681 0.0213555555555553 0.00322222222222205 0.00309365079365074 0.00683253968253952 0.00824523809523786 0.00810555555555533
-9999 -9999 -9999 -9999 -9999 -9999 -9999 -9999 -9999 -9999 -9999 -9999 -9999 -9999 -9999 -9999 -9999 -9999 -9999 -9999 -9999 -9999 -9999 -9999 -9999 -9999 -9999 0.00671904761904749 0.00175793650793631 0.00327142857142843 0.00522460317460309 0.0018666666666666 0.00148571428571423 0.0121111111111111 0.0114206349206348 0.0150619047619046 0.0113285714285713 0.00608888888888865 0.0046833333333331 0.00416111111111087 0.00524047619047598 0.0137706349206347 0.00328253968253932
-9999 -9999 -9999 -9999 -9999 -9999 -9999 -9999 -9999 -9999 -9999 -9999 -9999 -9999 -9999 -9999 -9999 -9999 -9999 -9999 -9999 -9999 -9999 -9999 -9999 0.0321579365079364 -9999 -9999 0.00395555555555539 0.0106214285714284 0.00850476190476169 0.00632301587301566 0.00329999999999978 0.0013944444444442 0.00327142857142852 0.010929365079365 0.0240087301587299 0.0118730158730157 0.012788095238095 0.00487777777777751 0.00183015873015834 0.004596825396825 -4.49931758517152e-16
-9999 -9999 -9999 -9999 -9999 -9999 -9999 -9999 -9999 -9999 -9999 -9999 -9999 -9999 -9999 -9999 -9999 -9999 -9999 -9999 -9999 -9999 -9999 -9999 -9999 -9999 -9999 0.0375484126984127 0.0129571428571427 0.00653492063492043 0.00273571428571407 0.00770476190476175 0.00139999999999965 0.00277142857142847 0.000785714285714221 0.000685714285714209 0.000722222222221621 0.00897619047619008 0.00609444444444408 0.000899999999999388 -6.71570438148805e-16 -7.17072234923677e-16 -6.12260242505158e-16
-9999 -9999 -9999 -9999 -9999 -9999 -9999 -9999 -9999 -9999 -9999 -9999 -9999 -9999 -9999 -9999 -9999 -9999 -9999 -9999 0.00523333333333313 0.0131515873015871 0.00739920634920612 0.0193738095238093 0.00801666666666644 -9999 -9999 0.0149714285714285 0.0255944444444444 0.00203333333333313 0.00119999999999964 0.00193333333333299 0.00153333333333298 0.000285714285713716 0.000999999999999652 0.000444444444444066 -5.31994587271711e-16 -6.30776680887735e-16 -6.56034254697957e-16 -6.48744946651902e-16 0.00582777777777759 0.00368809523809492 0.000666666666666188
-9999 -9999 -9999 -9999 0.0316571428571428 0.00760238095238081 0.000666666666666467 0.00155555555555545 0.00387936507936498 0.0102349206349206 -9999 -9999 -9999 -9999 -9999 -9999 -9999 -9999 -9999 -9999 0.00496666666666657 0.0146492063492063 0.0163460317460317 0.0170484126984126 0.0147944444444443 0.00227777777777761 0.0111214285714284 0.0114904761904761 0.0192674603174602 0.00192380952380937 0.00124999999999943 0.000535714285713731 0.00222619047619013 0.00210476190476133 0.0015357142857137 0.000285714285713681 0.00157142857142797 -7.04370589632575e-16 -7.09772518536766e-16 0.000285714285713587 -3.82777143315138e-16 0.00412222222222195 -6.1704114040495e-16
-9999 0.00164999999999952 0.00259999999999954 0.00406349206349162 0.013006349206349 0.00419444444444425 0.00652301587301571 0.00199999999999998 0.00890317460317459 0.0111333333333333 0.0212499999999999 -9999 -9999 -9999 -9999 -9999 -9999 -9999 -9999 -9999 -9999 0.00158730158730113 0.00269999999999951 0.00307222222222186 0.00470238095238053 -2.91242724381746e-16 0.00265238095238061 0.00235714285714232 0.0042499999999997 0.00044999999999962 0.00129999999999947 0.000199999999999428 -6.13016581940684e-16 -5.68663172106909e-16 -6.77000122628613e-16 0.0101999999999996 0.0249714285714284 0.0173531746031741 0.00243571428571361 -7.09054343017712e-16 0.000285714285713627 0.00674603174603126 0.00499999999999951
-5.48394663013596e-16 -5.79713360648881e-16 0.00218333333333288 0.000666666666666342 0.00178888888888875 0.0073333333333333 0.00107142857142853 0.00333333333333327 0.00643571428571417 0.00106666666666641 0.00119999999999974 0.0531166666666666 -9999 -9999 -9999 -9999 -9999 -9999 0.000599999999999521 0.000199999999999467 0.000666666666666094 0.00143809523809484 0.00841666666666651 0.000666666666666351 -5.70887087603111e-16 0.0004999999999994 -6.18314427436317e-16 0.000857142857142215 -5.8999333196752e-16 -6.50549059066918e-16 -5.55659684930987e-16 0.000285714285713688 -6.74637429254332e-16 0.00108571428571376 0.0204595238095238 0.0406753968253968 -9999 0.00796666666666654 0.0140095238095236 -6.8631905714156e-16 -7.59739493538802e-16 0.00122222222222154 -7.47832351599698e-16
0.000199999999999784 0.0026666666666665 -2.86833057305813e-16 0.00996666666666649 0.00133015873015862 0.00914761904761901 0.00785714285714281 0.00226111111111089 0.00522698412698403 0.0101166666666666 0.00937460317460313 0.0120547619047617 0.00809444444444421 0.0186142857142854 0.00889603174603143 0.00348333333333277 0.00680158730158716 0.00669047619047611 -3.99919680704741e-16 0.000499999999999329 -6.44002212668582e-16 -6.25551693778092e-16 -6.14324563441571e-16 0.000499999999999337 -6.31297097930528e-16 -6.81316114636843e-16 -6.80674266950732e-16 -6.61568022586323e-16 -6.38409464182033e-16 -6.48252285184725e-16 0.00308888888888829 -6.48731068864095e-16 0.000499999999999539 0.00874920634920622 0.0127222222222222 0.0140301587301586 0.00585238095238073 0.0119555555555554 0.00791666666666641 0.00703015873015837 0.00629999999999955 0.00177142857142792 0.00898888888888824
0.00823888888888879 0.00795476190476178 0.0248023809523808 0.0011666666666663 0.0167420634920634 0.000285714285714229 0.00528571428571425 -5.96224458693229e-17 0.00299999999999976 0.00903333333333307 0.000399999999999741 -3.45026091030931e-16 0.0042103174603172 0.00416666666666633 0.010962698412698 -6.13866596443913e-16 -5.65648222705661e-16 -3.01911273759003e-16 0.00019999999999942 -3.07000952437519e-16 0.00019999999999937 -6.70009187020426e-16 -4.07097966448333e-16 -6.81083661691062e-16 -6.81024681092879e-16 0.00211111111111051 0.000571428571427976 0.00094444444444388 -6.21520196419922e-16 0.00898333333333272 0.00387698412698358 -6.08079558928054e-16 0.00349999999999968 0.0069079365079361 0.00166666666666625 0.00683333333333307 0.0108412698412696 0.0151761904761903 0.0152873015873014 0.000499999999999586 0.00244444444444404 0.0108666666666663 0.00119999999999964
-2.65076155470112e-16 -3.80841191915948e-16 -2.74773259700822e-16 0.0024999999999998 0.0024999999999997 0.00146666666666646 0.00347142857142839 0.0105222222222222 0.0102865079365079 0.00566984126984121 0.000285714285713914 0.000844444444444085 0.0076238095238092 0.00235476190476158 0.000793650793650248 0.00199999999999937 0.00129999999999943 0.000399999999999315 -6.69422850485546e-16 0.00249999999999945 0.0031428571428565 0.00247777777777716 -6.00162280983696e-16 -7.0098787885442e-16 -5.1979254234169e-16 0.00400238095238039 -4.35092933903647e-16 -6.88601953235946e-16 -7.06427971675083e-16 0.000399999999999292 0.000399999999999266 -6.36213304261446e-16 -6.80219769400026e-16 0.000952380952380291 -6.84424739105793e-16 0.000222222222221514 -6.85406592593196e-16 -4.43690223450588e-16 0.00423333333333307 0.00679682539682523 0.0142142857142855 0.00402222222222202 0.00199999999999972
0.00241666666666625 0.0041142857142855 0.00184126984126956 0.000999999999999594 0.000399999999999644 0.00164444444444408 0.000399999999999757 0.0058857142857142 0.0123436507936507 0.014063492063492 0.0120404761904761 0.00253571428571397 0.00373015873015836 0.0106690476190471 0.00230793650793591 -6.84514944726544e-16 -4.18158563331161e-16 0.0089984126984124 0.0010714285714281 -3.51395995634718e-16 -3.55125651108068e-16 -4.16555678839359e-16 0.00136666666666633 0.000199999999999609 -3.9224526404702e-16 -4.99218721916605e-16 -4.9498252718827e-16 0.000249999999999621 -3.46951634089265e-16 0.0158746031746028 -9999 0.00279999999999958 0.00209999999999967 -7.35116828520788e-16 -5.64361057886487e-16 -7.47419487412415e-16 -7.70990910003988e-16 0.00249999999999947 0.00439999999999961 0.00865238095238065 0.00577777777777734 -7.69228430952396e-16 -6.19997109208015e-16
0.000399999999999587 -3.02695368770145e-16 -6.06546063375291e-16 -7.37229721714527e-16 0.00139999999999928 -7.50777912061906e-16 0.000222222222221472 0.00239999999999972 0.00497142857142836 0.00199999999999964 0.00244444444444415 0.00179999999999969 -6.98920088471056e-16 0.000999999999999368 -7.38308719716585e-16 -7.23244381051202e-16 -7.04283853458776e-16 0.00238888888888848 0.00494920634920567 -3.4093908252153e-16 0.000199999999999398 -4.52794052252514e-16 0.0111293650793648 0.0109555555555553 0.00390714285714247 0.00125714285714246 0.00024999999999959 -2.75494904666829e-16 0.000799999999999809 0.00250476190476164 -9999 0.00258333333333275 -6.75140499062366e-16 -6.64572563646715e-16 -7.54875328912163e-16 -5.15365528030998e-16 0.0155666666666663 0.00538333333333276 0.000249999999999358 0.000249999999999259 0.000249999999999238 -7.96543386805126e-16 0.000799999999999616
0.000333333333333001 -5.44075201558414e-16 -7.47617245888676e-16 -4.04828948141756e-16 0.00142222222222177 -6.94954510604973e-16 -7.37847283271975e-16 -2.51087345359835e-16 -7.24188070622134e-16 -7.44432293586783e-16 0.0031555555555551 0.000399999999999331 0.00199999999999945 -7.85614628906472e-16 -7.60370932884058e-16 -7.44626582616092e-16 -4.38708097627583e-16 -7.04204056178881e-16 -7.44335149072128e-16 -6.65408700362136e-16 -7.37427480190789e-16 -6.98878455107632e-16 0.000799999999999472 0.000399999999999716 0.00188888888888872 0.00258333333333315 0.00474999999999974 0.000666666666666209 -6.48415349191467e-16 -5.65009844466502e-16 -6.04214595023578e-16 -7.20055959302357e-16 -7.61106455637872e-16 0.000249999999999327 -6.73947009310893e-16 0.000599999999999725 -7.65769392341298e-16 -7.66157970399917e-16 0.000249999999999259 -6.30065444262584e-16 0.00039999999999925 -7.67098190523896e-16 -7.08010039485174e-16
0.000777777777777579 0.000249999999999533 -7.25971366355438e-16 -7.32559846117198e-16 -7.45285777536964e-16 -7.00564606326282e-16 -7.77097136639426e-16 -5.25860605060657e-16 0.00399999999999946 -7.14053816075477e-16 -6.84133305561829e-16 -6.99749286292572e-16 -7.87730991547164e-16 -7.61630342127617e-16 -7.97549526421193e-16 -8.15351258731667e-16 -6.5314420538698e-16 0.000285714285713492 0.000333333333333043 0.000499999999999293 -7.77176933919321e-16 -7.32299637595801e-16 -7.60207868877316e-16 -7.33222510485021e-16 0.00796666666666636 -6.57637139189759e-16 0.000952380952380365 0.00116666666666613 -6.02049660125559e-16 0.000333333333332793 0.00124999999999952 -7.06042863063416e-16 0.00024999999999934 -7.80098208252866e-16 0.000499999999999224 0.000749999999999557 -7.20180859392627e-16 -7.66730429146989e-16 0.00108888888888868 -3.32758126608823e-16 0.00143333333333314 0.016222222222222 -5.88935150647174e-16
0.00660476190476159 0.000199999999999487 0.000199999999999438 0.00199999999999941 -7.83147852123633e-16 0.000666666666666045 -6.37757208155065e-16 0.00791666666666616 0.00832698412698385 0.00843650793650757 0.000222222222221497 0.00639047619047554 0.000999999999999318 -8.11611194917461e-16 -8.41920283489728e-16 0.000999999999999166 0.000666666666665926 0.000399999999999276 0.00907460317460286 -7.88862031253501e-16 -7.53369588935016e-16 -7.76788355860703e-16 0.00199999999999932 0.000249999999999309 -7.96404608927048e-16 -7.37476052448116e-16 -6.00589022958786e-16 0.00199999999999941 -5.5905627349695e-16 0.00538809523809469 -6.97823743234238e-16 -7.15569964393481e-16 -6.15011513938057e-16 -7.17682857587221e-16 -6.8916053419521e-16 -7.06677771855624e-16 0.000249999999999318 -7.10660696956467e-16 0.00124999999999952 -5.86031223548389e-16 -3.00426350463567e-16 -3.35811239926542e-16 -3.18287063372225e-16
