resultados/modelos/rf_background.asc
NCOLS 330 
NROWS 228 
XLLCORNER -12 
YLLCORNER 34 
CELLSIZE 0.166667 
NODATA_value -9999 
[rows 95 to 113 of 228, columns 258 to 300 of 330]
-3.48145123840737e-16 -9999 -3.36078387341843e-16 0.00149999999999967 0.00199999999999965 0.000333333333332975 0.00284999999999968 0.00114285714285681 -3.38163524959967e-16 -3.45799777701217e-16 0.000999999999999654 -3.56364243669915e-16 0.0011428571428568 -3.45685285951802e-16 -3.67803010270507e-16 -4.44391051734883e-16 -3.41639910805824e-16 -3.28397031790217e-16 0.000999999999999552 -5.71095254420229e-16 -4.83883766388971e-16 0.0019999999999992 -4.79439404843518e-16 0.000333333333332817 -4.45705972129673e-16 0.000333333333332796 -4.49539711011582e-16 -5.49327944243672e-16 -6.93160806530813e-16 -7.5216916028964e-16 0.0068690476190473 -4.42781228349176e-16 -3.65985020067683e-16 -4.1991410348885e-16 0.000822222222221737 -4.72004380025481e-16 0.000833333333332914 0.000666666666666277 0.000199999999999527 0.000249999999999552 0.00928095238095205 0.00514999999999956 -4.50667281270967e-16
0.00057142857142823 -3.83065107412151e-16 -3.65631136478584e-16 0.00199999999999963 -3.581128449337e-16 -3.6995753682767e-16 -3.2998256904726e-16 0.000472222222221836 -3.81906312130198e-16 -3.33365279825415e-16 -3.49088813411669e-16 -3.33687938391947e-16 -3.75123543339129e-16 -3.33965494148103e-16 -4.27553825677052e-16 -3.64999697133328e-16 -3.5408134757553e-16 -3.41039696483136e-16 -4.77874684268187e-16 -7.45004752333855e-16 0.00418253968253901 0.000399999999999495 0.00437222222222183 0.000952380952380585 0.00139285714285679 -4.1945266704424e-16 -5.1235057862975e-16 0.00116666666666603 -5.34607080826532e-16 -5.36595073930002e-16 -4.89105284051661e-16 -4.25607465937006e-16 -4.21471885170277e-16 -4.70432720556246e-16 0.000888888888888426 0.00033333333333288 0.00293333333333293 0.00109999999999962 0.0016666666666662 0.00380952380952336 0.00149999999999961 0.000499999999999573 -3.98948235558194e-16
0.00114285714285682 -3.70738162391859e-16 -3.63625796140354e-16 -3.56683432789495e-16 -3.56065871232047e-16 -3.57137930340201e-16 0.000399999999999648 -3.51427220657285e-16 -3.34496319531752e-16 0.00174285714285682 -3.40380501562265e-16 -3.79724029997419e-16 0.000222222222221793 0.000999999999999649 -3.31228100503012e-16 -3.41213168830734e-16 0.000333333333332979 -4.6344178494806e-16 -7.36712774118686e-16 -7.86627707416443e-16 0.000199999999999351 -5.59444851555568e-16 0.000399999999999439 -6.2693253366497e-16 -4.06362443694519e-16 -3.59452051457154e-16 -4.17485490622482e-16 -5.90281296064532e-16 -5.21423182409109e-16 -4.96606228361784e-16 -4.74311562248531e-16 0.00114285714285676 -4.39464437063108e-16 -3.87814780289375e-16 0.000999999999999683 0.000333333333332937 0.00298809523809477 0.0126388888888886 0.0154380952380948 0.0288833333333331 0.0142992063492061 0.00708412698412658 0.000749999999999618
0.00111111111111075 0.000999999999999583 -5.07829889251354e-16 -4.1559811148062e-16 -3.80466491645137e-16 -3.64906022065625e-16 -3.35443478549635e-16 0.0011428571428568 -4.65030791652055e-16 -3.8666986279523e-16 -3.94635712996916e-16 0.000222222222221792 -3.58719998150292e-16 -3.54535845126236e-16 -4.78991846186716e-16 -4.3394454696255e-16 -6.68697736072588e-16 -4.96141322470223e-16 -5.765492250287e-16 -6.36140445875455e-16 -6.80424466770191e-16 -6.4549060541097e-16 -6.41882380580938e-16 -7.7443954027423e-16 -6.21863671668166e-16 -4.19695528330877e-16 -4.87890977618477e-16 -4.94569663000988e-16 0.000249999999999402 0.00424999999999931 0.000222222222221642 -4.84449286242139e-16 -4.14106249291279e-16 0.000949999999999564 -3.3779576358306e-16 0.000333333333332929 0.00149999999999961 0.000533333333332919 0.00425555555555513 0.0172047619047616 -5.05224334590437e-16 0.000866666666666124 0.000722222222221595
0.000666666666666316 -4.5072626186915e-16 0.00022222222222177 -4.11275180578485e-16 -3.60177165870112e-16 -3.56898538500516e-16 -3.39742123323106e-16 0.00399999999999959 -3.77014391927943e-16 0.000999999999999598 -3.60642071761674e-16 -4.29420388137203e-16 -3.3525612841423e-16 -3.48908402170167e-16 -3.66047470112818e-16 -6.96408208877841e-16 0.000222222222221717 -3.83998388642226e-16 -3.78516662458139e-16 -4.63303007069982e-16 -5.84195886110805e-16 -6.63299276615348e-16 0.000249999999999392 0.000249999999999332 0.000249999999999368 -4.35075586668887e-16 -4.48401732411341e-16 -4.47787640300845e-16 -4.76396699866655e-16 -4.85115420056914e-16 -4.93501073339786e-16 -4.54858373188927e-16 -4.74800754268756e-16 0.00286666666666632 -3.33042621258883e-16 -3.32876087805189e-16 -3.40099476359157e-16 0.00888888888888842 -5.36883038027014e-16 -6.27123353247327e-16 -6.56481813354759e-16 0.000249999999999319 -5.69714414533351e-16
-6.97497615220755e-16 -4.90416734999499e-16 0.000222222222221716 0.000933333333332968 0.00199999999999968 0.00199999999999966 -2.85847734371458e-16 -3.77042147503559e-16 -6.20767326431348e-16 0.000799999999999611 -4.02948507893797e-16 0.000222222222221806 -4.11646411402344e-16 0.000399999999999586 -4.95315594095658e-16 0.00133333333333265 -3.90409926609436e-16 -3.53387458185139e-16 0.00119999999999959 -8.03444116792562e-16 -6.56134868659564e-16 -4.59420695930746e-16 -5.13731418516628e-16 -5.01560598609174e-16 -5.54320478407533e-16 -4.43051845211428e-16 -4.67237359913497e-16 0.000199999999999583 0.000749999999999487 -4.73957678659431e-16 -5.13297737647633e-16 -5.09169095774809e-16 -4.70231492633033e-16 0.00114285714285664 -4.48727860424825e-16 -3.87665594070441e-16 0.00149999999999959 -4.47537840120305e-16 -4.53592025051464e-16 -4.59264570817908e-16 0.00199999999999952 -7.42125111363734e-16 -5.6756335742314e-16
0.000555555555555074 -4.42732656091849e-16 -3.77621545144535e-16 0.0029714285714282 -3.29836852275278e-16 -3.52679691006941e-16 -3.95683485976406e-16 0.000222222222221813 -4.54560000751059e-16 -4.94104757109426e-16 0.000999999999999507 -5.34711164235091e-16 0.00582857142857084 0.0065999999999995 -6.40740932533745e-16 0.000583333333332877 -3.80809966893381e-16 -4.58317411800024e-16 -3.8895969778352e-16 -4.69686789461576e-16 -4.82561907100276e-16 -4.32494318136634e-16 -4.20816159696358e-16 -4.88258738995384e-16 -5.47426687314001e-16 -4.27276269920895e-16 -3.57238544301808e-16 -4.56537585513672e-16 -4.44352887818411e-16 -4.43114295256564e-16 -4.83970502562769e-16 0.000222222222221665 0.00199999999999961 0.000222222222221744 -4.08072881041832e-16 0.000333333333332962 -3.77649300720151e-16 -4.13700323997901e-16 -5.22654836077052e-16 -4.50670750717919e-16 0.000666666666666203 -6.13575162899949e-16 -7.35307648103145e-16
-7.63493435140816e-16 -7.18626547158152e-16 -6.97331081767061e-16 -5.66068025786848e-16 -5.60110985370343e-16 -3.91988524972575e-16 -5.46378914334511e-16 0.00199999999999959 -6.53314208287625e-16 -6.9619310316682e-16 -3.85993320639599e-16 -3.90364823799061e-16 -5.0654272443218e-16 -7.3805198064214e-16 0.000333333333332862 -3.88328258438264e-16 0.00199999999999962 -3.5823774502397e-16 -3.50764556289462e-16 0.000799999999999623 -5.49043449593611e-16 -4.51850362681583e-16 -3.66377067573254e-16 -3.70699998475388e-16 -3.92637311552591e-16 -4.68385746854594e-16 -3.91114224340683e-16 -4.55999821236119e-16 -6.22595724975028e-16 -5.41722916524989e-16 -4.57089227579033e-16 -4.84483980711659e-16 -4.87585666286705e-16 0.000666666666666343 0.00199999999999968 0.00304365079365055 0.00456666666666633 0.00134999999999961 0.000285714285713892 -3.20469345505003e-16 0.000285714285713959 0.00119999999999965 0.000222222222221812
-7.11090908378509e-16 -4.11486816842554e-16 0.000285714285713871 0.000571428571428071 0.00249999999999949 -5.60749363609503e-16 0.00226904761904719 -6.3534941197041e-16 -7.77163056131514e-16 -4.59920296291827e-16 0.00153333333333295 -4.04027505895854e-16 0.000499999999999509 0.000999999999999523 -4.94684154750402e-16 -3.98913541088675e-16 0.00472222222222191 0.000285714285713946 -3.84782483653368e-16 -3.77142761465166e-16 -3.77566033993304e-16 0.00168571428571395 0.000799999999999774 -2.59361976340244e-16 0.000722222222221884 -4.2243639142292e-16 0.00199999999999964 -4.10112915849581e-16 0.00226666666666624 0.000399999999999504 -7.75782216244636e-16 -4.22196999583235e-16 -3.99954375174261e-16 -5.08853376102181e-16 -4.7271214720368e-16 -4.22693130497365e-16 -4.52693438290908e-16 0.00124999999999956 -6.74956618373912e-16 -7.49685036272041e-16 -7.27997523375379e-16 -6.29066243540422e-16 -6.80892842108705e-16
-7.64791008300847e-16 -7.10122932678914e-16 0.000333333333332822 0.00199999999999941 -4.48693165955305e-16 0.000888888888888255 -6.75993983012546e-16 -7.8161435657087e-16 -5.22196869079394e-16 0.00253571428571388 0.000199999999999556 -5.41539035836536e-16 -7.97896471116388e-16 0.00199999999999934 -7.88598353285153e-16 -5.33070115826817e-16 -3.67761376907083e-16 -3.57915086457439e-16 -3.81011194816594e-16 -3.6724095986429e-16 -3.4466873799488e-16 -3.82947146215784e-16 -4.68906163897387e-16 -6.03548461208803e-16 -7.74751790499906e-16 -6.56991822056696e-16 -5.95412608106472e-16 -6.87245399477732e-16 -7.02674030073069e-16 0.00199999999999933 0.00205555555555523 0.0145468253968251 -4.78107137213968e-16 -4.38274416758588e-16 0.000888888888888434 -4.94018020935627e-16 0.000249999999999519 0.000999999999999405 0.000666666666665951 -7.40425082357277e-16 -6.61408428026533e-16 -6.78394840303298e-16 -7.14601988693886e-16
0.000249999999999332 -6.87731122051005e-16 -4.83526413352919e-16 -5.25909177317985e-16 0.000666666666665994 -7.28105076230889e-16 -7.39606292876616e-16 -7.76809172542414e-16 -7.19650034008978e-16 0.000249999999999354 -5.32591332147447e-16 -4.07601036256366e-16 0.00199999999999963 -3.75918046691126e-16 -4.41435082931818e-16 -5.04575548010422e-16 0.00199999999999951 -4.83980910903625e-16 0.000249999999999502 -4.61127663831107e-16 -4.87724444164783e-16 -5.09085829047962e-16 -4.6868064984551e-16 -5.47700773623205e-16 0.00142222222222167 -5.37608152439972e-16 -7.19750647970585e-16 -7.61019719464073e-16 -7.96262361602018e-16 -8.09369932186499e-16 -6.46024900241571e-16 0.000666666666666259 0.000999999999999576 -6.86006806915884e-16 -6.90919543799851e-16 -6.00925559313126e-16 -6.43599756822155e-16 -7.45334349794291e-16 -6.24486573563843e-16 -7.09911296414845e-16 -7.66622876291478e-16 0.00133333333333263 -7.05862451821915e-16
-8.20753187635859e-16 0.00024999999999937 0.000249999999999384 0.000249999999999287 -7.08069020083357e-16 0.000333333333332736 -7.37715444287801e-16 -7.49587891757386e-16 -7.00411950660396e-16 0.000399999999999266 -6.85593942728602e-16 0.000499999999999555 0.000499999999999536 0.00541666666666627 0.00033333333333294 -4.24226626050128e-16 -4.35984581770299e-16 -3.87342935503909e-16 0.00099999999999952 -6.73253119920503e-16 -8.23268536676025e-16 -7.25149107427825e-16 -4.64243227193961e-16 -4.44609626892856e-16 -7.52051199093273e-16 -7.81215370171395e-16 -7.77180403366273e-16 -7.92671484006746e-16 0.00133333333333264 -6.69318767076987e-16 -7.36802979739437e-16 -5.56051732436558e-16 -5.71178521147075e-16 -5.57470736239907e-16 -4.62865856754036e-16 -7.11156827870596e-16 -6.17617068598975e-16 -6.50833553716978e-16 -6.70689198623009e-16 0.00270238095238051 -7.06445318909843e-16 -6.54545861955569e-16 -7.46562534015283e-16
0.000952380952380158 0.000799999999999405 -6.90423412885721e-16 -7.26953219842841e-16 -7.7008885379648e-16 -7.75719766199501e-16 -7.82915399177853e-16 -6.3742761069463e-16 -4.58601906450085e-16 -4.66925109687821e-16 -4.8244394590391e-16 -4.34818847594443e-16 0.000444444444443961 -6.09356315406373e-16 0.000444444444443766 -4.90895518678869e-16 -5.25648968796588e-16 -5.6125937231144e-16 0.000999999999999628 -4.22707008285173e-16 0.00199999999999953 -5.03392466599806e-16 -4.79883494053368e-16 -4.14956263794508e-16 0.000444444444443919 -7.93243942753818e-16 -8.16527401248379e-16 -7.61474217014779e-16 -7.34221711207184e-16 0.000199999999999636 -3.8681211012026e-16 -7.02070346303429e-16 -7.14827502745763e-16 0.000722222222221719 -4.80740447450501e-16 -6.20732631961829e-16 -6.72805561263701e-16 0.00205555555555516 -6.4669797295025e-16 0.000249999999999467 -6.32709162839973e-16 -7.58389878674493e-16 -6.68264055203593e-16
0.00285714285714225 0.000333333333332727 -7.59978885378487e-16 -7.94805193882198e-16 -7.83473980137117e-16 0.000249999999999462 0.00108888888888846 0.00224999999999949 0.0004999999999994 0.000499999999999412 -8.28493523785667e-16 -7.29732246851356e-16 -3.81771003699072e-16 -4.44939224353291e-16 -5.25052223920852e-16 0.000844444444443659 0.000333333333332907 -4.08822281583454e-16 -5.35457095329761e-16 -4.19667772755261e-16 0.00222380952380912 -4.05359773525404e-16 -5.53904144773298e-16 -5.51378387392276e-16 0.000199999999999579 0.00169999999999963 -4.99440766521531e-16 -5.29198213028437e-16 -4.23185791964542e-16 -4.78988376739764e-16 -6.98378854746551e-16 0.000422222222221757 -4.85073786693491e-16 -6.89139717513498e-16 -7.20958015509865e-16 -6.56443649438287e-16 -6.70099392641177e-16 -6.63576832371504e-16 0.000999999999999281 0.00039999999999938 -6.54573617531185e-16 -6.84841072740028e-16 -6.90423412885721e-16
0.0114484126984122 0.00276666666666625 -6.02032312890799e-16 -7.48158479613181e-16 -6.26217827592868e-16 0.00161904761904697 0.000249999999999453 -6.08964267900802e-16 0.00399999999999956 0.000699999999999613 0.00311904761904723 -4.87852813702006e-16 -7.87512416389191e-16 -8.1988582589787e-16 0.0108333333333326 -7.85083803522824e-16 0.000444444444443941 0.000999999999999595 -3.82756326633427e-16 -3.65915631128644e-16 -3.95433685795865e-16 -4.11493755736458e-16 -6.34877567184944e-16 -4.74498912383936e-16 -3.94451832308462e-16 -3.96550847714394e-16 -4.57644339091345e-16 -5.1684351243253e-16 -3.94222848809633e-16 0.000249999999999306 -7.38870770122801e-16 -7.15753845081934e-16 -7.8697812155859e-16 -8.00436106285218e-16 -8.08342975888721e-16 -7.58858254013006e-16 -7.52467532727508e-16 -7.39450167763778e-16 -7.97972798949331e-16 -7.46926825945238e-16 -7.66636754079286e-16 -7.81381903625089e-16 -7.63465679565201e-16
0.0066555555555551 -6.45355296979844e-16 0.000249999999999459 0.00194444444444398 0.000749999999999476 -7.58504370423907e-16 -7.10313752261271e-16 -6.51066006662759e-16 -4.92845347865867e-16 -5.04301461701218e-16 0.00199999999999957 0.00288888888888843 0.0041071428571425 0.000749999999999571 0.00199999999999923 0.000444444444443733 -5.1592063954331e-16 0.000999999999999613 0.00199999999999966 0.001733333333333 -4.57540255682787e-16 -4.57519439001075e-16 -4.48661940932738e-16 -4.70387617745871e-16 -4.57283516608342e-16 -4.32143903994486e-16 -3.80917519748891e-16 0.000199999999999619 -3.9011502361852e-16 0.000444444444443783 -7.28351406964478e-16 -8.13210609962312e-16 0.000222222222221696 -6.93389790029641e-16 -7.77235914517504e-16 -7.8459808094955e-16 -8.04870059489815e-16 -8.02195115889859e-16 -7.27362614583171e-16 -8.01889804558087e-16 -7.75924463569666e-16 -8.068858081689e-16 -8.05418232108224e-16
0.00729047619047577 0.00155555555555516 0.000199999999999613 0.000199999999999607 0.00119999999999959 -5.91453969134292e-16 -7.61193191811671e-16 -7.06396746652516e-16 -7.25197679685152e-16 -7.57182511135213e-16 0.000622222222221721 -4.79314504753248e-16 -3.6841363293405e-16 -3.79966891284056e-16 -3.73034936274053e-16 0.000199999999999472 0.00024999999999942 -4.62907490117459e-16 -4.21419843465998e-16 -4.17575696243233e-16 0.00250238095238062 -3.71321029479787e-16 -5.15906761755502e-16 -6.98802127274689e-16 0.000888888888888312 -3.46951634089265e-16 0.00299999999999964 -4.1268724548793e-16 -7.78585529381814e-16 0.00133333333333256 -7.37417071849933e-16 -7.3076961148999e-16 -6.99471730536416e-16 -6.72600863893535e-16 -8.02351241002697e-16 -7.37705035946945e-16 0.000666666666665909 -7.70765395952111e-16 -7.84837472789235e-16 -7.60863594351235e-16 -7.63691193617078e-16 -7.0757635861618e-16 -7.93032306489749e-16
-4.07313072159354e-16 0.00239999999999951 -7.23299892202434e-16 -7.2210293300401e-16 -6.74949679480008e-16 -7.02288921461403e-16 -4.62321153582579e-16 -5.90603954631064e-16 0.00019999999999958 -4.63344640433405e-16 0.000449999999999605 0.00124999999999963 0.000666666666666319 0.00199999999999954 -4.17336304403548e-16 0.000685714285713605 -8.01702454422681e-16 -7.94590088171177e-16 -8.38870639618961e-16 0.0108960317460313 0.00536031746031715 0.00208333333333303 0.00139999999999967 -2.66425770334422e-16 0.000199999999999659 -4.26516461038418e-16 -7.58625801067225e-16 -7.56620460728996e-16 -7.99599969569797e-16 -7.34370897426118e-16 -7.89149995350513e-16 -6.95010021756204e-16 -7.01286251292288e-16 -5.95058724517372e-16 -6.71993710676944e-16 -6.92512019950797e-16 -7.66522262329872e-16 0.000666666666665908 -7.44182493406242e-16 -7.56075757557539e-16 -7.55701057286728e-16 -6.90676682513214e-16 -7.64915908391117e-16
0.000199999999999709 0.00219999999999964 -6.52370518716694e-16 -7.2569034115233e-16 -6.32070784600813e-16 0.000399999999999416 -6.97872315491566e-16 -7.47436834647175e-16 -7.83310916130375e-16 0.00066666666666594 -7.84542569798319e-16 -7.65852659068145e-16 0.00047222222222158 -7.25936671885918e-16 0.000249999999999314 -6.99090091371701e-16 0.000649999999999584 -7.57033324916279e-16 0.000999999999999416 0.00139285714285687 -3.01862701501676e-16 -3.61793928149723e-16 -4.86288093126674e-16 -8.03523914072457e-16 -8.07427041893405e-16 -7.94427024164435e-16 -8.0391943102498e-16 -7.93688031963669e-16 -7.95460919356117e-16 -8.13737965899009e-16 -6.68732430542107e-16 -6.26401708281321e-16 -7.65377344835727e-16 -7.23698878601908e-16 -6.11306144593371e-16 -6.77100736590219e-16 -7.66289809384091e-16 -7.0144931529903e-16 0.000666666666665914 -7.62116064700891e-16 -7.66640223526238e-16 0.000666666666665973 -7.52623657840346e-16
