resultados/modelos/rf_background.asc
NCOLS 330 
NROWS 228 
XLLCORNER -12 
YLLCORNER 34 
CELLSIZE 0.166667 
NODATA_value -9999 
[rows 76 to 94 of 228, columns 129 to 171 of 330]
0.0137142857142857 0.00848015873015873 0.0160111111111111 0.0111285714285714 0.0144912698412698 -9999 -9999 0.00142222222222211 0.0082555555555555 0.0100436507936507 0.00234444444444443 0.00375238095238093 0.00762063492063491 0.000999999999999978 0.0196007936507936 0.0118365079365079 0.0309579365079365 0.000285714285714257 0.00421666666666666 0.000666666666666637 0.00119999999999997 0.0203412698412698 -9999 -9999 -9999 -9999 -9999 0.0247214285714285 0.00344444444444443 0.00226666666666665 0.0017333333333333 0.021752380952381 0.00983015873015871 0.00268333333333306 0.0177952380952378 0.00422222222222168 -9999 0.0419214285714284 -9999 -9999 0.0291103174603174 0.00148571428571425 0.000822222222222191
0.00984365079365078 0.0241452380952381 0.01135 0.0109571428571428 -9999 -9999 -9999 -9999 -9999 -9999 0.00353888888888886 0.00728888888888888 0.00988095238095235 0.0131365079365079 0.0163492063492063 0.00663333333333331 0.0147952380952381 0.00807936507936507 0.000199999999999955 0.013513492063492 0.00467222222222211 0.00374999999999996 -9999 -9999 -9999 -9999 -9999 0.0292253968253968 0.00915317460317456 0.0141460317460317 0.00408888888888886 0.00400793650793646 0.00284126984126971 0.0107928571428569 0.00413809523809508 -2.77243505930613e-16 0.00194999999999992 0.00304761904761881 0.00219999999999987 0.0174531746031745 0.000285714285714226 0.00128571428571424 0.00866666666666664
-9999 -9999 -9999 -9999 -9999 -9999 -9999 -9999 -9999 -9999 0.00501904761904757 0.00354444444444443 0.00433888888888888 0.00243650793650792 0.00541111111111109 0.00919523809523808 0.00427698412698412 0.0213047619047619 0.00302222222222216 -9999 -9999 -9999 0.074913492063492 -9999 -9999 -9999 -9999 0.00255555555555551 -9999 0.00288888888888888 0.000866666666666633 0.0024222222222222 0.00119999999999995 0.00129999999999998 0.00423333333333331 0.000285714285714235 0.00682460317460315 0.015663492063492 0.0511428571428571 0.00497460317460314 0.00299999999999996 0.00346031746031742 0.0274579365079365
-9999 -9999 -9999 -9999 -9999 -9999 -9999 -9999 -9999 -9999 0.000571428571428497 0.00463333333333333 0.00558253968253966 0.00339999999999998 0.0322420634920635 0.00427460317460316 0.0022222222222222 0.00242222222222217 -9999 -9999 -9999 -9999 -9999 -9999 -9999 -9999 0.0295380952380952 0.00159920634920631 0.000999999999999968 0.0754523809523809 0.0119865079365079 0.0229420634920635 -9999 0.00399365079365077 0.00399999999999998 0.00786031746031743 0.000888888888888836 0.000666666666666609 0.00301904761904757 0.012197619047619 0.00246666666666663 0.000199999999999949 0.00149999999999996
-9999 -9999 -9999 -9999 -9999 -9999 -9999 -9999 -9999 -9999 -9999 0.00261904761904757 0.0013333333333333 0.000222222222222184 0.00173333333333331 0.0026222222222222 0.0139 0.0158888888888887 -9999 -9999 -9999 0.00903492063492052 -9999 0.0141690476190476 0.00361904761904759 0.00245555555555551 0.00499365079365057 0.0057428571428571 0.0128666666666666 0.00149999999999997 -9999 -9999 0.034695238095238 0.0020555555555555 -7.69453945004273e-17 0.00789523809523805 0.00749999999999996 0.00849523809523804 0.00488015873015859 0.00924206349206342 0.00273571428571412 0.00192222222222194 0.0104412698412698
-9999 -9999 -9999 -9999 -9999 -9999 -9999 -9999 -9999 -9999 0.00199047619047604 -9999 -9999 0.000399999999999974 -4.3753195511087e-17 -4.28407309627232e-17 0.00776984126984122 -9999 0.0283412698412698 0.00169999999999977 0.00439999999999994 0.00899999999999977 0.00199999999999978 0.00676349206349201 0.0140015873015873 0.0271547619047619 0.0116063492063491 0.00840714285714283 0.000844444444444426 -9999 -9999 0.0573349206349206 0.00547619047619025 0.0037666666666665 0.00546349206349184 0.00785238095238078 0.00464126984126963 0.00277380952380932 0.00918333333333327 0.00318888888888886 0.00312222222222218 0.0069412698412698 0.00269999999999995
-9999 -9999 -9999 -9999 -9999 -9999 -9999 -9999 -9999 -9999 -9999 -9999 -9999 -9999 0.00217777777777776 -5.00120778124113e-17 0.0105277777777777 0.00700793650793648 0.00516269841269838 0.000499999999999914 0.00288888888888869 0.00599999999999977 0.00128571428571424 0.00097142857142855 0.00752142857142856 0.00166666666666664 0.000999999999999956 0.000622222222222175 0.0210904761904761 -9999 -9999 0.000571428571428515 0.000749999999999961 0.0020444444444444 -4.14494827349898e-17 0.00199999999999997 -3.85767806587722e-17 0.00139999999999995 0.0023333333333333 0.00139999999999995 0.00634920634920633 -9999 0.00299999999999997
-9999 -9999 -9999 -9999 -9999 -9999 -9999 -9999 -9999 -9999 -9999 -9999 -9999 -9999 0.00359999999999997 0.00968333333333332 0.000916666666666625 0.000472222222222175 0.000916666666666621 0.00431349206349201 0.0265571428571428 0.00299999999999996 0.00666190476190472 0.000857142857142782 0.0111666666666665 0.00269999999999994 0.00483333333333333 0.00669047619047618 -9999 -9999 0.00545714285714285 0.00836190476190475 0.00333333333333329 0.000333333333333277 0.00243809523809521 0.0117 0.00455555555555553 0.0207968253968254 0.00592777777777776 0.00780476190476188 0.000199999999999948 0.0153261904761904 0.0006666666666666
-9999 -9999 -9999 -9999 -9999 -9999 -9999 -9999 -9999 -9999 -9999 -9999 -9999 -9999 0.00489999999999995 0.0152650793650794 0.00241269841269838 -9999 0.00254999999999999 0.00199999999999998 0.00105555555555552 0.00149999999999996 -4.63934446415237e-17 0.00255555555555553 0.00590158730158728 -4.28788948791947e-17 0.00500238095238093 0.00364999999999999 -9999 0.00864999999999998 0.00230714285714283 0.00249999999999997 0.00259682539682538 0.00449999999999999 0.0272134920634921 0.0206952380952381 0.000285714285714242 0.0045722222222222 0.00318888888888887 0.0101246031746032 0.000872222222222201 0.00258333333333329 -9999
-9999 -9999 -9999 -9999 -9999 -9999 -9999 -9999 -9999 -9999 -9999 -9999 -9999 -9999 0.0134746031746031 0.00583809523809522 0.000821428571428528 0.000499999999999947 0.00131111111111108 0.00128888888888885 0.0123349206349206 0.0184634920634921 0.0012333333333333 0.01295 0.0188555555555555 0.00213333333333331 -4.12725409404402e-17 0.000999999999999986 0.00419920634920634 -5.12645481620666e-17 0.000666666666666635 0.00156666666666664 0.000699999999999955 0.00133333333333331 0.00146666666666664 0.0141833333333333 0.0122071428571428 0.000999999999999969 0.00371428571428569 0.00738333333333331 0.0024222222222222 0.00670952380952375 0.00545793650793644
-9999 -9999 -9999 -9999 0.00428571428571408 -9999 -9999 -9999 -9999 -9999 -9999 -9999 -9999 -9999 -9999 0.00573333333333329 0.0023333333333333 0.000972222222222184 0.000199999999999947 0.00168888888888886 0.00199999999999996 0.00239999999999996 0.000733333333333281 0.00108333333333329 0.00181904761904758 0.00239999999999998 0.00807301587301584 -4.5997927689001e-17 -5.18855791664663e-17 0.00199999999999997 0.00319444444444442 -5.03416752728469e-17 0.00395238095238091 -4.68028393818543e-17 -9999 0.00239999999999996 0.000799999999999956 -4.75487704765243e-17 -4.9214105013462e-17 0.00265793650793647 0.00272460317460315 0.00324999999999994 -9999
-9999 -9999 -2.3323010189813e-16 -2.40110015203854e-16 -2.38500191818147e-16 -2.32387026288805e-16 -9999 -9999 -9999 -9999 -9999 -9999 -9999 -9999 -1.44981249228238e-16 -9999 0.00141666666666661 0.00567460317460315 0.00184999999999995 0.00111111111111108 0.00369999999999996 0.00630158730158727 0.00732698412698409 -4.05751821030975e-17 0.000749999999999954 0.00475238095238093 -2.42479647472038e-17 -5.07545394601294e-17 0.000199999999999948 0.00339999999999998 0.00199999999999998 0.000485714285714233 0.00135238095238092 0.000799999999999954 0.000799999999999964 0.000285714285714234 0.00033333333333328 0.0037333333333333 0.00133333333333329 0.0102460317460317 0.00716666666666665 0.0149230158730158 0.00845079365079359
0.0022619047619046 -2.36671793274468e-16 -2.31214353219045e-16 0.000399999999999734 0.000499999999999744 -2.64458593912664e-16 -9999 -9999 0.0256785714285714 -9999 -9999 -9999 -9999 -9999 -9999 -9999 0.000785714285714222 0.00122222222222218 0.00103571428571426 0.00151666666666663 0.00222222222222219 0.00111111111111107 0.00296031746031742 0.000999999999999968 0.0047333333333333 0.00300238095238093 -5.13408759950096e-17 0.00634126984126981 0.000499999999999949 0.005665873015873 0.000485714285714234 -4.4349940386823e-17 -4.94361496183871e-17 -4.47419878923938e-17 -4.50056658607423e-17 -5.21839516043343e-17 0.0027833333333333 0.00518888888888886 0.00315238095238092 0.00203571428571424 0.00419047619047616 0.00239999999999997 -9999
0.00215555555555536 -9999 0.00116666666666648 -2.37674463443582e-16 0.000444444444444198 -9999 -9999 -9999 -9999 -9999 -9999 -9999 -9999 -9999 -9999 -9999 -9999 0.000199999999999775 0.00183333333333328 0.000499999999999944 0.00260555555555552 0.000999999999999964 -5.30062105319473e-17 0.00181111111111108 0.00735714285714283 0.0109166666666666 0.00627222222222219 0.0196888888888889 0.00405079365079362 0.0145071428571428 0.000485714285714241 0.00320555555555554 0.00155555555555553 0.00258650793650792 0.00369444444444442 0.00473888888888886 0.00699999999999998 0.00631190476190475 0.00525714285714284 0.00474999999999997 0.00666666666666664 0.00133333333333329 -9999
0.000399999999999713 -2.53158605190151e-16 0.000199999999999765 0.00199999999999976 -9999 -9999 -9999 -9999 -9999 -9999 -9999 -9999 -9999 -9999 -9999 -9999 -9999 -1.58074942024911e-16 0.00778809523809509 0.00129999999999997 0.000666666666666624 0.00139999999999995 0.000999999999999974 0.00380952380952379 0.0215246031746032 0.039415873015873 0.00171666666666663 0.0104888888888889 0.00510476190476187 0.00530158730158728 0.00119999999999995 0.0532793650793651 0.00152380952380949 0.00732222222222221 0.00507301587301585 0.0134166666666666 0.00159999999999996 0.00302222222222219 0.00888095238095236 0.048784126984127 0.0185896825396825 0.00257142857142851 -9999
-2.7571001037785e-16 -2.57696641803307e-16 0.00199999999999973 0.00109999999999975 -2.44811115823751e-16 -9999 -9999 -9999 -9999 -9999 -9999 -9999 -9999 -9999 -9999 -9999 -9999 -9999 -9999 0.000499999999999846 0.0233730158730158 0.00279999999999999 0.0105968253968254 0.00548888888888887 0.0066801587301587 0.00725555555555553 0.000916666666666634 0.008231746031746 0.00289999999999997 0.0073785714285714 0.0172095238095238 0.0104936507936508 0.00198571428571425 0.00255555555555553 0.000733333333333285 0.00673333333333331 0.0104555555555555 0.00272222222222218 0.00290476190476187 0.00577142857142853 0.0143492063492063 -9999 0.022097619047619
-2.76299816359682e-16 -2.66110050661794e-16 0.000199999999999737 -2.66630467704587e-16 -2.7661553603231e-16 -9999 -9999 -9999 -9999 -9999 -9999 -9999 -9999 -9999 -9999 -9999 -9999 -9999 -9999 -9999 -9999 0.000755555555555447 -5.14206732749045e-17 0.000999999999999949 0.00419999999999997 0.00241269841269838 0.000685714285714236 0.0104873015873016 0.00774761904761902 0.0374968253968254 0.00744603174603171 0.0649309523809524 0.0072833333333333 0.0128357142857143 0.00367460317460315 0.00228571428571425 0.000285714285714231 0.00429126984126982 0.0286992063492063 0.0028571428571428 -9999 0.0042166666666665 0.00288888888888867
-2.54924553688696e-16 0.000866666666666429 0.000866666666666434 0.00400476190476169 -2.42451891896422e-16 0.000699999999999803 0.000199999999999738 -2.60572813326476e-16 -9999 -9999 -9999 -9999 -9999 -9999 -9999 -9999 -9999 -9999 -9999 0.00233333333333328 0.00594603174603174 0.0150547619047619 0.00279999999999996 0.00459047619047615 0.00378095238095235 0.00372936507936505 0.00074999999999995 0.00097142857142853 0.00991507936507933 0.0145650793650793 0.000333333333333283 0.000983333333333284 -4.55191440096314e-17 0.00179999999999995 0.00366507936507934 0.00577142857142855 0.0125206349206349 0.014731746031746 0.0038301587301587 -9999 -9999 -9999 -9999
-2.56201310167015e-16 -2.71244832150686e-16 0.000199999999999745 0.00106666666666646 0.000999999999999841 -9999 0.00332142857142837 0.00491031746031722 -9999 -9999 -9999 -9999 -9999 -9999 -9999 -9999 -9999 -9999 -1.4960255256824e-16 -9999 0.00326666666666646 0.00344999999999995 0.000285714285714231 0.00156666666666662 0.0162023809523809 0.00779682539682536 0.00482936507936504 0.000666666666666607 0.000333333333333281 -4.34478841793151e-17 0.00468809523809521 0.00205952380952377 0.00405952380952377 0.00295238095238092 -4.97692165257746e-17 0.000285714285714232 0.0080238095238095 0.00419999999999996 0.000571428571428532 -9999 -9999 0.0114492063492062 -9999
