resultados/modelos/rf_pseudoausencia.asc
NCOLS 330 
NROWS 228 
XLLCORNER -12 
YLLCORNER 34 
CELLSIZE 0.166667 
NODATA_value -9999 
[rows 60 to 79 of 228, columns 138 to 183 of 330]
0.976192857142857 0.791192857142857 0.810218253968254 0.721010317460317 0.686746825396826 0.718378571428572 0.597994444444444 0.644644444444444 0.561447619047619 0.52259126984127 0.984283333333333 0.916725396825397 0.820619841269841 0.801779365079365 0.265027777777778 0.226188888888889 0.233180158730159 0.252597619047619 0.489788095238095 0.846342063492064 0.505311904761905 0.490740476190476 0.468092857142857 0.444566666666667 0.471297619047619 0.729083333333333 0.437431746031746 0.342130158730159 0.365506349206349 0.470440476190476 0.540144444444445 0.365213492063492 0.323812698412698 0.665745238095239 0.607748412698413 0.234634126984127 0.384820634920635 0.192336507936508 -9999 -9999 -9999 -9999 -9999 -9999 -9999 -9999
0.934777777777778 0.895204761904762 0.912389682539682 0.738924603174603 0.970880158730159 0.994483333333333 0.979354761904762 0.681276984126984 0.576997619047619 0.584057142857143 0.498118253968254 0.543715079365079 0.553330952380952 0.448869047619048 0.231550793650794 0.208637301587302 0.321911904761905 0.224019047619048 0.258263492063492 0.219249206349206 0.225530952380952 0.324953968253968 0.378055555555555 0.293653968253968 0.341369841269841 0.3978 0.370036507936508 0.355284920634921 0.418760317460317 0.461476984126984 0.331342857142857 0.338602380952381 0.539162698412698 0.724254761904762 0.550888888888889 0.322622222222222 0.253837301587302 0.341640476190476 -9999 -9999 -9999 -9999 -9999 -9999 -9999 -9999
0.953837301587302 0.883888888888889 0.7902 0.969387301587302 0.92798253968254 0.997633333333333 0.970323015873016 0.970109523809524 0.907253968253968 0.981235714285714 0.601551587301587 0.938403968253968 0.535573015873016 0.55302619047619 0.621576984126984 0.409673015873016 0.194843650793651 0.778707936507936 0.263818253968254 0.43793492063492 0.179088888888889 0.323469047619048 0.327557936507936 0.474157142857143 0.373081746031746 0.440093650793651 0.412775396825397 -9999 0.374357936507937 0.529092857142857 0.323309523809524 0.458920634920635 0.492605555555555 0.314371428571429 0.392919841269841 0.382088095238095 -9999 -9999 -9999 -9999 -9999 -9999 -9999 -9999 -9999 -9999
0.976568253968254 0.881823809523809 0.937525396825397 0.907037301587302 0.939881746031746 0.946497619047619 0.960659523809524 0.962339682539682 0.972854761904762 0.901114285714286 0.887630952380952 0.952463492063492 0.600795238095238 0.593230952380952 0.289166666666667 0.668228571428571 0.894550793650793 0.897334126984127 0.920749206349206 0.426210317460317 0.419955555555556 0.250680952380952 0.411713492063492 0.67175873015873 0.506152380952381 0.469842857142857 0.49477619047619 0.408257142857143 0.334176984126984 0.40651746031746 0.458534126984127 0.548628571428571 0.419037301587302 0.353656349206349 0.435562698412698 0.311836507936508 0.240212698412699 -9999 -9999 -9999 -9999 -9999 -9999 -9999 -9999 -9999
0.700160317460317 0.988761904761905 0.895062698412698 0.827214285714286 0.924464285714286 0.92330873015873 0.983987301587302 0.986375396825397 0.800046825396826 0.985103174603174 0.959006349206349 0.98792619047619 0.993900793650794 0.641524603174603 0.587281746031746 0.564388095238095 0.681319047619047 0.81101746031746 0.795904761904762 0.510319841269841 0.696185714285714 0.688338888888889 0.684835714285715 0.672342063492064 0.626949206349206 0.450919047619047 0.459512698412698 0.507419047619047 0.445844444444444 0.556212698412698 0.594288888888889 0.520480952380952 0.373065873015873 0.46508492063492 0.560379365079365 -9999 0.170699206349206 -9999 -9999 -9999 -9999 -9999 -9999 -9999 -9999 -9999
0.974098412698413 0.983273809523809 0.783613492063492 0.830879365079365 0.923856349206349 0.928695238095238 0.643888888888889 0.764203968253968 0.860857936507936 0.851812698412698 0.716915079365079 0.934647619047619 0.980984126984127 0.974340476190476 0.497550793650794 0.53533253968254 0.584151587301587 0.587970634920635 0.719500793650793 0.694460317460317 0.366912698412698 -9999 0.550992857142857 0.506989682539683 0.565245238095238 0.586756349206349 0.413685714285714 0.542055555555555 0.542230952380952 0.325589682539683 0.34385873015873 0.348420634920635 0.309536507936508 0.534785714285714 0.288018253968254 0.293903174603175 0.33353253968254 -9999 -9999 -9999 -9999 -9999 -9999 -9999 -9999 -9999
0.958824603174603 0.992312698412698 0.912062698412698 0.753463492063492 0.579472222222222 0.90150873015873 0.82715873015873 0.896722222222222 0.889145238095238 0.904870634920635 0.86552380952381 0.702781746031746 0.653069841269841 0.682790476190476 0.844056349206349 0.500104761904762 0.65137380952381 0.669290476190476 0.678609523809524 0.611348412698413 0.685746825396825 0.745264285714286 -9999 0.82967619047619 0.61159126984127 0.601372222222222 0.650811111111111 0.581153174603175 0.580032539682539 0.324719047619048 0.301353174603175 0.476703968253968 0.484818253968254 0.576060317460317 0.272387301587302 0.474569841269841 0.363892857142857 -9999 -9999 -9999 -9999 -9999 -9999 -9999 -9999 -9999
0.711619841269841 0.698542063492064 0.533888888888888 0.753822222222222 0.87796746031746 0.773415873015873 0.704644444444444 0.652631746031746 0.854495238095238 0.910175396825397 0.814910317460317 0.957092063492063 0.721164285714286 0.579022222222222 0.661395238095238 0.731059523809524 0.522885714285714 0.683116666666667 0.583902380952381 0.562361111111111 0.536375396825397 0.593411111111111 0.712819841269841 0.49395873015873 0.470461904761905 0.412285714285714 0.695244444444444 0.702243650793651 0.540916666666666 0.472970634920635 0.562089682539682 0.570461111111111 0.516096825396825 0.419456349206349 0.537965873015873 0.648972222222222 0.35010873015873 0.47132619047619 -9999 -9999 -9999 -9999 -9999 -9999 -9999 -9999
0.88393253968254 0.848571428571429 0.677969841269841 0.863364285714285 0.95012380952381 0.693519047619048 0.732683333333333 0.752287301587302 0.654718253968254 0.740216666666666 0.727913492063492 0.718673015873016 0.774311111111111 0.70663253968254 0.555361904761905 0.615206349206349 0.607130952380952 0.669906349206349 0.610637301587302 0.462900793650794 0.30825 0.539602380952381 0.440392063492063 0.441976984126984 0.424151587301587 0.439422222222222 0.493193650793651 0.496470634920635 0.624495238095238 0.381980158730159 0.481420634920635 0.311460317460317 0.401648412698413 0.401676984126984 0.747135714285714 0.351392857142857 0.372957142857143 0.338429365079365 0.432433333333333 0.583264285714285 -9999 0.782538888888889 -9999 -9999 -9999 -9999
0.770424603174603 0.799134126984127 0.673850793650794 0.735190476190476 0.730807936507936 0.778107936507936 0.910755555555555 0.662805555555556 0.616126984126984 0.677126190476191 0.622468253968254 0.68195 0.666973015873016 0.737776984126984 0.679880158730159 0.655907142857143 0.609093650793651 0.680775396825397 0.573457142857143 0.644081746031746 0.620296825396825 0.42207380952381 0.399314285714286 0.487205555555555 0.450497619047619 0.574409523809523 0.532071428571428 0.60030873015873 0.437996031746032 0.537542857142857 0.42969126984127 0.358003968253968 0.378266666666667 0.624003968253968 0.500028571428572 0.545746031746032 0.683770634920635 0.680319047619047 0.375023809523809 0.360053968253968 0.343088095238095 0.337480158730159 0.336250793650794 -9999 -9999 -9999
0.540653968253968 0.361763492063492 0.57358492063492 0.705223809523809 0.645713492063492 0.772020634920635 0.681750793650794 0.736910317460317 0.655011904761905 0.72308253968254 0.68148492063492 0.663620634920635 0.70544126984127 0.637725396825397 0.641607142857143 0.601596825396826 0.618695238095238 0.670376984126985 0.65594126984127 0.626823015873016 0.599589682539682 0.57214365079365 0.543098412698413 0.46083492063492 0.484712698412698 0.46248253968254 0.448045238095238 0.469586507936508 0.338325396825397 0.441272222222222 0.415634126984127 0.445472222222222 0.405883333333333 0.46164126984127 0.896643650793651 0.699165079365079 0.617628571428571 0.637287301587301 0.657663492063492 0.349869047619048 0.506840476190476 0.285461111111111 0.360519047619048 0.240854761904762 -9999 -9999
0.604836507936508 0.579384126984127 0.489693650793651 0.526738888888889 0.557169047619047 0.512114285714286 0.574646031746032 0.638297619047619 0.588526984126984 0.678761904761905 0.61492380952381 0.650970634920635 0.556581746031745 0.628404761904762 0.714296825396826 0.531044444444444 0.416807142857143 0.586472222222222 0.596275396825397 0.375761904761905 0.51500873015873 0.50164126984127 0.386921428571429 0.431701587301587 0.392542063492063 0.437843650793651 0.510252380952381 0.393981746031746 0.423618253968254 0.355261111111111 0.357681746031746 0.36280873015873 0.375971428571429 0.368007142857143 0.51479126984127 0.36939126984127 0.494260317460317 0.566112698412698 0.74372619047619 0.670211111111111 0.227350793650794 0.252469047619048 0.170634126984127 0.314819047619048 0.329953174603175 -9999
0.333071428571429 0.489656349206349 0.559080952380952 0.540790476190476 0.615785714285714 0.585328571428571 0.369187301587301 0.419473809523809 0.437457142857143 0.563781746031746 0.532653174603175 -9999 0.550148412698412 0.639557142857143 0.551073809523809 0.417802380952381 0.529875396825397 0.592066666666667 0.591474603174603 0.424478571428571 0.593935714285714 0.349790476190476 0.518475396825397 0.329161111111111 0.45402619047619 0.45863492063492 0.547115873015873 0.624635714285715 0.337911111111111 0.410246031746032 0.299602380952381 0.495457936507937 0.701978571428571 0.567916666666666 0.475761904761904 0.443851587301587 0.572798412698413 0.307846031746032 0.518897619047619 0.526855555555556 0.393068253968254 0.201537301587302 0.271640476190476 0.142989682539683 0.391566666666667 0.257888888888889
0.4157 0.545634126984127 0.529719047619047 0.546971428571428 0.544642063492063 0.574763492063492 0.511353968253968 0.381635714285714 0.476565079365079 0.411884126984127 0.540461904761905 0.697386507936508 0.613180158730158 0.519640476190476 0.401485714285714 0.485154761904762 0.541728571428571 0.534365873015873 0.449594444444444 0.508962698412698 0.364311904761905 0.576504761904762 0.364983333333333 0.388163492063492 0.382178571428571 0.375189682539683 0.461781746031746 0.387645238095238 0.485069841269841 0.564860317460318 0.486496031746032 0.207976984126984 0.411130952380952 0.558580158730158 0.48185873015873 0.323289682539682 0.398796031746031 0.382447619047619 0.489603968253968 0.431899206349206 0.253416666666667 0.136890476190476 0.312763492063492 0.200137301587302 0.121328571428571 0.129774603174603
0.188511904761905 0.268194444444444 0.212470634920635 0.467373015873016 0.47373492063492 0.507006349206349 0.563064285714286 0.539410317460317 0.631634126984127 0.578063492063492 0.309897619047619 0.612559523809524 0.309105555555555 0.322843650793651 0.354321428571428 0.245869841269841 0.435973809523809 0.499616666666666 0.402857142857143 0.441233333333333 0.434323809523809 0.450238095238095 -9999 0.281904761904762 0.317365079365079 0.215942063492064 0.168537301587302 0.200506349206349 0.321703174603175 0.226536507936508 0.206550793650794 0.243738888888889 0.361574603174603 -9999 0.422420634920635 0.423588888888889 0.400577777777778 0.181383333333333 0.364904761904762 0.265530952380952 0.325586507936508 0.239938095238095 0.241301587301587 0.180702380952381 0.0876420634920635 0.10995873015873
0.211284126984127 0.199675396825397 0.251299206349206 0.39781746031746 0.38583253968254 0.600234920634921 0.258794444444444 0.447644444444444 0.518202380952381 0.55314126984127 0.587426984126984 0.503330158730159 0.330269841269841 0.297665079365079 0.438938888888889 0.543319841269841 0.584643650793651 0.463002380952381 0.310743650793651 0.494992063492064 -9999 0.342862698412698 0.257626190476191 0.316023809523809 0.375637301587302 0.179852380952381 0.209431746031746 0.109626984126984 0.0883142857142857 0.157869047619048 0.250705555555556 0.285253174603175 0.326934126984127 0.371913492063492 0.487088095238095 0.443616666666667 0.36645 0.599207936507936 -9999 0.414496031746032 0.348439682539683 0.396096031746032 0.374277777777778 -9999 -9999 -9999
0.317864285714286 0.183674603174603 0.194684126984127 0.407231746031746 0.448130952380952 0.515528571428571 0.469960317460317 0.559725396825397 0.465070634920635 0.209588888888889 0.209949206349206 0.315627777777778 0.351198412698413 -9999 -9999 -9999 -9999 -9999 0.573192063492063 0.241204761904762 0.249911111111111 0.299542063492063 0.336089682539682 0.460504761904761 0.152930158730159 0.209857142857143 0.156987301587302 -9999 0.323359523809524 -9999 -9999 0.430073015873016 0.143099206349206 0.144149206349206 0.115481746031746 0.130609523809524 0.0911761904761905 0.0883198412698413 0.351935714285714 0.356752380952381 0.366081746031746 0.435648412698413 0.392896031746032 0.221707936507936 -9999 -9999
-9999 0.117948412698413 0.334933333333333 0.310553968253968 0.432150793650794 0.455496031746032 0.347294444444444 0.235474603174603 0.237961904761905 0.121915079365079 0.301918253968254 0.353983333333333 0.26007619047619 -9999 -9999 -9999 -9999 -9999 0.4475 0.447001587301587 0.322090476190476 0.288649206349206 0.187892857142857 0.181594444444445 0.250988095238095 0.238153174603175 0.143544444444445 0.186811904761905 0.206921428571429 0.168966666666667 0.274086507936508 0.115161111111111 0.13002380952381 0.135145238095238 0.0948150793650794 0.385010317460318 0.264424603174603 0.33542619047619 0.215065079365079 0.206624603174603 -9999 0.154598412698413 0.253697619047619 -9999 0.320388888888889 -9999
-9999 0.108553174603175 0.348763492063492 0.238274603174603 0.421463492063492 0.175423015873016 0.386127777777778 0.279233333333333 0.319822222222222 0.237706349206349 -9999 -9999 -9999 0.627630952380952 -9999 -9999 -9999 -9999 0.148815079365079 -9999 0.266071428571429 0.189788095238095 0.337480952380952 0.136412698412698 0.144665873015873 0.266522222222222 0.0849373015873016 0.428273015873016 0.408622222222222 0.477504761904762 0.22278253968254 0.0927055555555556 0.204062698412699 0.357045238095238 0.331503968253968 0.331053968253968 0.211712698412698 0.0989039682539683 0.0951293650793651 0.28446746031746 -9999 0.19141746031746 -9999 -9999 -9999 -9999
-9999 0.0902992063492064 0.182922222222222 0.348470634920635 0.38961746031746 0.424818253968254 0.267031746031746 0.213181746031746 0.209080158730159 -9999 -9999 -9999 -9999 -9999 -9999 -9999 -9999 0.322542063492063 0.196645238095238 0.149366666666667 0.728877777777778 0.580287301587301 0.531995238095238 -9999 0.151542063492064 0.139971428571429 0.234418253968254 0.13697380952381 0.128388095238095 0.133192063492064 0.10655873015873 0.0803214285714286 0.0797531746031746 0.112661111111111 0.130047619047619 0.158703968253968 -9999 0.32615 -9999 -9999 -9999 -9999 -9999 -9999 -9999 -9999
