resultados/modelos/rf_pseudoausencia.asc
NCOLS 330 
NROWS 228 
XLLCORNER -12 
YLLCORNER 34 
CELLSIZE 0.166667 
NODATA_value -9999 
[rows 100 to 119 of 228, columns 276 to 321 of 330]
0.0324253968253968 0.00476666666666667 0.0281603174603175 0.01775 0.0216777777777778 0.01475 0.0193611111111111 0.00675 0.00668888888888889 0.00184444444444444 0.0125666666666667 0.00668888888888889 0.00895555555555556 0.0165722222222222 0.0223634920634921 0.0477944444444444 0.0463873015873016 0.039102380952381 0.0415603174603175 0.0278325396825397 0.0376452380952381 0.0343039682539683 0.0247579365079365 0.0277206349206349 0.0454960317460317 0.00303571428571429 0.00295238095238095 0.014102380952381 0.044947619047619 0.0324849206349206 0.0243079365079365 0.00754444444444444 0.00754444444444444 0.0797611111111111 0.0536150793650794 0.0401047619047619 0.164477777777778 0.0792420634920635 0.0927968253968254 0.115813492063492 0.0494706349206349 0.0602206349206349 0.0402523809523809 0.0457880952380952 0.0720055555555555 0.0411785714285714
0.0186666666666667 0.0286349206349206 0.00857301587301587 0.0129388888888889 0.0133555555555556 0.0143333333333333 0.0154444444444444 0.00697222222222222 0.0100746031746032 0.0179944444444444 0.00468888888888889 0.00291111111111111 0.00868888888888889 0.0126777777777778 0.0240166666666667 0.059265873015873 0.0562809523809524 0.0448515873015873 0.0323579365079365 0.0457412698412698 0.0372261904761905 0.0239238095238095 0.0321404761904762 0.0376460317460317 0.0279539682539683 0.00870238095238095 0.00475793650793651 0.033552380952381 0.0903587301587302 0.0400452380952381 0.0547619047619048 0.0233007936507936 0.0363793650793651 0.053965873015873 0.0563119047619048 0.0509865079365079 0.0365222222222222 0.0327269841269841 0.0227285714285714 0.0309119047619048 0.01415 0.0250142857142857 0.0483333333333333 0.0746198412698413 0.0453023809523809 0.0251333333333333
0.00542222222222222 0.00732222222222222 0.016 0.00908333333333333 0.0088 0.00927222222222222 0.00855555555555556 0.0219111111111111 0.0241111111111111 0.0178222222222222 0.0261206349206349 0.0196761904761905 0.00735555555555556 0.0144666666666667 0.0230333333333333 0.0318769841269841 0.117514285714286 0.12303253968254 0.0496492063492063 0.0671023809523809 0.125786507936508 0.0653285714285714 0.0503214285714286 0.064834126984127 0.0745253968253968 0.0596380952380952 0.0196809523809524 0.0973301587301588 0.0315634920634921 0.0135833333333333 0.0179777777777778 0.0659507936507937 0.0335063492063492 0.042134126984127 0.0572484126984127 0.0628738095238095 0.0554579365079365 0.0181388888888889 0.0655579365079365 0.083515873015873 0.0976634920634921 0.0487539682539682 0.0180214285714286 0.0225246031746032 0.105789682539683 0.0153333333333333
0.00852222222222222 0.0073 0.00455 0.00773333333333333 0.0769238095238095 0.0763626984126984 0.0408888888888889 0.0317190476190476 0.0162388888888889 0.0136333333333333 0.04085 0.0607373015873016 0.00648333333333333 0.0365484126984127 0.01885 0.0253888888888889 0.0456515873015873 0.0480849206349206 0.0388166666666667 0.12600873015873 0.0253626984126984 0.0369539682539682 0.0342396825396825 0.0397063492063492 0.0172 0.0122936507936508 0.00891349206349206 0.0462436507936508 0.0161714285714286 0.0268849206349206 0.010702380952381 0.0269944444444444 0.0134603174603175 0.0286325396825397 0.0114690476190476 0.0246642857142857 0.0164166666666667 0.0117833333333333 0.0265634920634921 0.0327349206349206 0.0173579365079365 0.0132785714285714 0.0661333333333333 0.0643142857142857 0.0175357142857143 0.0439087301587301
0.00852222222222222 0.00452222222222222 0.00562222222222222 0.00452222222222222 0.0103333333333333 0.0184555555555556 0.00365238095238095 0.0205888888888889 0.0186111111111111 0.0183579365079365 0.0121246031746032 0.0187746031746032 0.131804761904762 0.138361111111111 0.0307674603174603 0.0189293650793651 0.0259801587301587 0.0412388888888889 0.10526746031746 0.0601380952380952 0.0383873015873016 0.0270785714285714 0.0312746031746032 0.022981746031746 0.0169984126984127 0.00532142857142857 0.00278571428571429 0.0131166666666667 0.0150103174603175 0.029084126984127 0.0270777777777778 0.0181269841269841 0.0291698412698413 0.0632769841269841 0.277330158730159 0.0702936507936508 0.0288555555555556 0.0137769841269841 0.0142230158730159 0.013718253968254 0.0190579365079365 0.00941666666666667 0.0486801587301587 0.0328698412698413 0.0606428571428571 0.0148388888888889
0.0179238095238095 0.0141738095238095 0.00577777777777778 0.0103333333333333 0.007 0.00694444444444444 0.0175111111111111 0.00663333333333333 0.0128746031746032 0.00845634920634921 0.00212460317460317 0.00338888888888889 0.0232634920634921 0.0409349206349206 0.0610428571428571 0.0145412698412698 0.0157079365079365 0.0430626984126984 0.0453349206349206 0.0277706349206349 0.0311150793650794 0.030781746031746 0.0245539682539683 0.00640238095238095 0.0113301587301587 0.00958015873015873 0.0127111111111111 0.0323055555555556 0.0239960317460317 0.0145436507936508 0.0313920634920635 0.0291420634920635 0.0313920634920635 0.0185436507936508 0.0115833333333333 0.00888888888888889 0.00888888888888889 0.0848373015873016 0.0609611111111111 0.0260507936507936 0.00675 0.0590698412698413 0.0396365079365079 0.0119420634920635 0.0133722222222222 0.0075984126984127
0.00963730158730159 0.00843015873015873 0.00466666666666667 0.00617460317460317 0.00522222222222222 0.0264515873015873 0.00581904761904762 0.00362460317460317 0.00174603174603175 0.0112547619047619 0.0259150793650794 0.0201246031746032 0.0149809523809524 0.0209777777777778 0.0312650793650794 0.0257269841269841 0.048868253968254 0.0311039682539683 0.033281746031746 0.0127079365079365 0.015 0.0873944444444444 0.0086936507936508 0.0136579365079365 0.010202380952381 0.0125722222222222 0.0202626984126984 0.0206896825396825 0.0123492063492063 0.0378944444444444 0.0227531746031746 0.0127380952380952 0.0295587301587302 0.0143333333333333 0.0116714285714286 0.0100833333333333 0.00733333333333333 0.008 0.0110722222222222 0.0133 0.0255865079365079 0.0182912698412698 0.0141214285714286 0.0405357142857143 0.00661904761904762 0.00833333333333333
0.0296126984126984 0.0331428571428571 0.0354849206349206 0.00754047619047619 0.00644444444444444 0.0301690476190476 0.0585801587301587 0.00832777777777778 0.0212412698412698 0.00783015873015873 0.0229904761904762 0.0569801587301587 0.0325063492063492 0.00915 0.0116611111111111 0.0268492063492063 0.0339515873015873 0.0165190476190476 0.0158412698412698 0.121251587301587 0.0324547619047619 0.0643380952380952 0.0318039682539683 0.0102793650793651 0.0452293650793651 0.173007936507937 0.0714753968253968 0.0204 0.076234126984127 0.0200436507936508 0.0278055555555556 0.0129047619047619 0.0191388888888889 0.0257285714285714 0.0594460317460317 0.00811904761904762 0.0102 0.0144888888888889 0.0113357142857143 0.0159111111111111 0.0139833333333333 0.0337055555555556 0.0215420634920635 0.01 0.00993333333333333 0.0128333333333333
0.00711587301587302 0.0139690476190476 0.0712650793650794 0.0196738095238095 0.0155777777777778 0.0104325396825397 0.0482142857142857 0.0509484126984127 0.0257888888888889 0.0258111111111111 0.0325269841269841 0.0160436507936508 0.018197619047619 0.0237103174603175 0.0151992063492063 0.0148706349206349 0.0164119047619048 0.0197412698412698 0.0182746031746032 0.0263214285714286 0.0277690476190476 0.0260666666666667 0.0279626984126984 0.0314674603174603 0.0482388888888889 0.0643642857142857 0.0700119047619048 0.063963492063492 0.0164722222222222 0.0162222222222222 0.012 0.0141666666666667 0.0101666666666667 0.0171388888888889 0.00825 0.0120333333333333 0.00828333333333333 0.0277722222222222 0.00995555555555556 0.00815 0.00758333333333333 0.0101666666666667 0.0769777777777778 0.105228571428571 0.00694126984126984 0.0084047619047619
0.0351809523809524 0.0324801587301587 0.0402634920634921 0.020452380952381 0.01255 0.0216349206349206 0.0150777777777778 0.0169404761904762 0.0129666666666667 0.0343222222222222 0.0184357142857143 0.0268444444444444 0.0149238095238095 0.01295 0.00553571428571429 0.00958015873015873 0.00138888888888889 0.0219412698412698 0.0149801587301587 0.0182571428571429 0.00621031746031746 0.0111738095238095 0.0251357142857143 0.0111269841269841 0.00466904761904762 0.0103611111111111 0.0203888888888889 0.0373642857142857 0.0213555555555556 0.01425 0.01 0.0122 0.0240738095238095 0.084384126984127 0.013452380952381 0.0279857142857143 0.0191769841269841 0.01225 0.0086547619047619 0.0120047619047619 0.00733333333333333 0.00758333333333333 0.0095 0.032352380952381 0.0107333333333333 0.0079047619047619
0.019218253968254 0.0595873015873016 0.0474984126984127 0.0229912698412698 0.0265126984126984 0.0126666666666667 0.0187134920634921 0.0195777777777778 0.0131190476190476 0.0312388888888889 0.00750238095238095 0.0325 0.0162119047619048 0.022365873015873 0.033015873015873 0.00987619047619047 0.00359126984126984 0.00703571428571429 0.00313888888888889 0.00958015873015873 0.015402380952381 0.00129365079365079 0.0157746031746032 0.0160246031746032 0.00780555555555556 0.00837698412698413 0.0224523809523809 0.0381611111111111 0.0126666666666667 0.008 0.00878571428571429 0.0133333333333333 0.0108888888888889 0.0252071428571429 0.01195 0.01 0.0118333333333333 0.0085 0.00875 0.00932142857142857 0.0197531746031746 0.00786904761904762 0.00783333333333333 0.00933333333333333 0.0286222222222222 0.00963333333333333
0.03125 0.034868253968254 0.0933039682539683 0.0253761904761905 0.0110634920634921 0.00501349206349206 0.0119865079365079 0.0700611111111111 0.00687460317460317 0.0119079365079365 0.00145238095238095 0.0124690476190476 0.0140666666666667 0.00707460317460318 0.00700793650793651 0.0267269841269841 0.0151031746031746 0.011352380952381 0.0120436507936508 0.00717460317460317 0.00142460317460317 0.0182190476190476 0.0143333333333333 0.0167388888888889 0.00988888888888889 0.0119722222222222 0.017 0.0121190476190476 0.00933333333333333 0.0102666666666667 0.0200095238095238 0.00940476190476191 0.0254388888888889 0.0123333333333333 0.00733333333333333 0.00913888888888889 0.00763888888888889 0.00983333333333333 0.00916666666666667 0.00608333333333333 0.020181746031746 0.0186547619047619 0.01075 0.0214674603174603 0.0150388888888889 0.018134126984127
0.00124444444444444 0.111696825396825 0.134914285714286 0.0944579365079365 0.0407873015873016 0.0906547619047619 0.0532746031746032 0.0380626984126984 0.00395238095238095 0.00453571428571429 0.0211547619047619 0.00943809523809524 0.0069047619047619 0.0246714285714286 0.0209134920634921 0.0295365079365079 0.0107579365079365 0.0273626984126984 0.00562142857142857 0.0435888888888889 0.035852380952381 0.0124412698412698 0.00612142857142857 0.028465873015873 0.0297698412698413 0.0288865079365079 0.00501904761904762 0.00666666666666667 0.00933333333333333 0.0079047619047619 0.0297031746031746 0.0117103174603175 0.0113888888888889 0.00786904761904762 0.012 0.0112666666666667 0.0100357142857143 0.0218126984126984 0.00917460317460317 0.00775 0.0177222222222222 0.00608333333333333 0.00876666666666667 0.0212246031746032 0.00828571428571429 0.0221761904761905
0.0667904761904762 0.114799206349206 0.0874007936507937 0.0263238095238095 0.0131849206349206 0.0182111111111111 0.0223111111111111 0.0281142857142857 0.00624444444444445 0.00418809523809524 0.00748809523809524 0.0144833333333333 0.0164785714285714 0.0244571428571429 0.0464896825396825 0.0457539682539682 0.0885960317460318 0.0170380952380952 0.023318253968254 0.0132039682539683 0.0219468253968254 0.0112539682539683 0.00575238095238095 0.022152380952381 0.0133428571428571 0.0277634920634921 0.00616984126984127 0.0160285714285714 0.0156722222222222 0.0097547619047619 0.0138547619047619 0.0139769841269841 0.00811904761904762 0.0178484126984127 0.026681746031746 0.007 0.0246801587301587 0.0298873015873016 0.0392134920634921 0.0110357142857143 0.00953571428571429 0.00953571428571429 0.0103333333333333 0.0304507936507936 0.0171190476190476 0.0306285714285714
0.0621833333333333 0.0309404761904762 0.0239277777777778 0.0329492063492063 0.0168492063492063 0.0466412698412698 0.0227174603174603 0.00822698412698413 0.00633015873015873 0.0271738095238095 0.0199801587301587 0.0327563492063492 0.122224603174603 0.0352039682539683 0.0498087301587301 0.0383285714285714 0.0478253968253968 0.0236142857142857 0.0175992063492064 0.0234174603174603 0.00103571428571429 0.0109785714285714 0.028452380952381 0.00765476190476191 0.0194325396825397 0.00741904761904762 0.0157246031746032 0.0063 0.0019047619047619 0.0170785714285714 0.0207769841269841 0.0196388888888889 0.021634126984127 0.021681746031746 0.00511904761904762 0.0652 0.0659380952380952 0.0481952380952381 0.0533857142857143 0.0533023809523809 0.0136746031746032 0.0354166666666667 0.0108690476190476 0.0258 0.00977380952380952 0.0949642857142857
0.0391007936507936 0.0453357142857143 0.0627444444444444 0.035697619047619 0.015602380952381 0.0303936507936508 0.0184269841269841 0.0064468253968254 0.028115873015873 0.0259746031746032 0.01645 0.0051968253968254 0.0349912698412698 0.0405785714285714 0.0123428571428571 0.0376984126984127 0.0149404761904762 0.0140095238095238 0.0202619047619048 0.00238333333333333 0.0099047619047619 0.0131809523809524 0.0267007936507936 0.00508571428571429 0.00615476190476191 0.0108738095238095 0.0126055555555556 0.0250309523809524 0.02495 0.0213642857142857 0.00277142857142857 0.0201206349206349 0.0159674603174603 0.0191634920634921 0.005 0.00283333333333333 0.00333333333333333 0.0378690476190476 0.00555555555555556 0.0184166666666667 0.00803571428571428 0.00820238095238095 0.00853571428571429 0.0122714285714286 0.180169841269841 0.0793936507936508
0.0678119047619048 0.0924753968253968 0.0689952380952381 0.0136865079365079 0.0040468253968254 0.0276992063492064 0.0415690476190476 0.0267738095238095 0.0204269841269841 0.0275992063492063 0.0256095238095238 0.020931746031746 0.0351404761904762 0.0139801587301587 0.00931349206349206 0.0115634920634921 0.0175095238095238 0.0164952380952381 0.0147007936507937 0.0172992063492064 0.0151325396825397 0.0144880952380952 0.00273809523809524 0.0236238095238095 0.00161904761904762 0.0315801587301587 0.0282833333333333 0.0422365079365079 0.0107769841269841 0.0268507936507936 0.0127190476190476 0.0194174603174603 0.0533555555555555 0.180801587301587 -9999 0.0633928571428571 0.00286904761904762 0.00353571428571429 0.00358333333333333 0.00520238095238095 0.024134126984127 0.0279198412698413 0.0238674603174603 0.018452380952381 0.0519849206349206 0.0498079365079365
0.00730238095238095 0.034565873015873 0.0280761904761905 0.00698015873015873 0.00304444444444444 0.00136111111111111 0.00443571428571429 0.0498507936507937 0.020731746031746 0.0199761904761905 0.0181793650793651 0.00731349206349206 0.013515873015873 0.0113134920634921 0.0110714285714286 0.0327269841269841 0.0153357142857143 0.0126960317460317 0.0226952380952381 0.010452380952381 0.00535873015873016 0.0717968253968254 0.016065873015873 0.0234238095238095 0.0308087301587302 0.0212563492063492 0.0284896825396825 0.00653571428571429 0.0157492063492064 0.0286047619047619 0.0347095238095238 0.0575126984126984 0.012131746031746 0.021165873015873 0.000666666666666667 0.0196420634920635 0.019884126984127 0.00733333333333333 0.00866666666666667 0.0045 0.0243507936507936 0.0183007936507937 0.0208007936507936 0.0340531746031746 0.0130722222222222 0.0222055555555556
0.0293436507936508 0.00795238095238095 0.0169333333333333 0.00203015873015873 0.00536904761904762 0.00621031746031746 0.05125 0.0177984126984127 0.0679698412698413 0.0163865079365079 0.0330023809523809 0.0112880952380952 0.00971031746031746 0.0368325396825397 0.0113214285714286 0.0274468253968254 0.0218079365079365 0.0226126984126984 0.0192952380952381 0.00577380952380952 0.00987619047619048 0.000785714285714286 0.0127738095238095 0.00075 0.002 0.00775 0.00271428571428571 0.00861190476190476 0.0165230158730159 0.026165873015873 0.0321492063492064 0.031452380952381 0.0311174603174603 0.0220095238095238 0.00341666666666667 0.00366666666666667 0.0132531746031746 0.0244198412698413 0.0146420634920635 0.0263484126984127 0.0282674603174603 0.00866666666666667 0.029184126984127 0.0345531746031746 0.032497619047619 0.0270031746031746
0.0196452380952381 0.0426428571428571 0.0247619047619048 0.00952777777777778 0.0103349206349206 0.0160293650793651 0.0198984126984127 0.0197706349206349 0.0130571428571429 0.0174873015873016 0.0137444444444444 0.0231404761904762 0.0345079365079365 0.0237825396825397 0.0184555555555556 0.00882142857142857 0.00617460317460317 0.0202626984126984 0.0113380952380952 0.0148055555555556 0.000571428571428571 0.0045 0.00583333333333333 5e-04 0.00533333333333333 0.00361904761904762 0.00295238095238095 0.00748095238095238 0.014181746031746 0.025181746031746 0.0177833333333333 0.000916666666666667 0.0345468253968254 0.0025 0.00759365079365079 0.00933333333333333 0.015681746031746 0.0207865079365079 0.0170150793650794 0.0105150793650794 0.0143531746031746 0.015181746031746 0.0240007936507936 0.0194198412698413 0.0201698412698413 0.0302833333333333
