resultados/modelos/rf_pseudoausencia.asc
NCOLS 330 
NROWS 228 
XLLCORNER -12 
YLLCORNER 34 
CELLSIZE 0.166667 
NODATA_value -9999 
[rows 100 to 119 of 228, columns 184 to 229 of 330]
-9999 -9999 -9999 -9999 -9999 -9999 -9999 -9999 -9999 -9999 -9999 -9999 -9999 0.381746825396826 -9999 -9999 0.437303174603175 0.372554761904762 0.312822222222222 0.325930158730159 0.371433333333333 0.270625396825397 0.259389682539683 0.327194444444444 0.49243253968254 0.487378571428571 0.454215873015873 0.359872222222222 0.145094444444444 0.176725396825397 0.0892261904761905 0.0450722222222222 0.0546555555555556 0.078381746031746 0.132823015873016 0.0946865079365079 0.0641690476190476 0.0863246031746032 0.173942857142857 0.332461111111111 0.316676984126984 0.693436507936508 0.3449 0.469373809523809 -9999 0.713103968253968
-9999 -9999 -9999 -9999 -9999 -9999 -9999 -9999 -9999 -9999 -9999 -9999 -9999 -9999 -9999 0.442310317460318 0.383453968253968 0.35950873015873 0.356596825396825 0.35545 0.165854761904762 0.20573253968254 0.174529365079365 0.200020634920635 0.0856277777777778 0.185603968253968 0.154466666666667 0.0938904761904762 0.0402825396825397 0.0473261904761905 0.0379714285714286 0.0627142857142857 0.0636333333333333 0.146516666666667 0.182584920634921 0.101649206349206 0.0767547619047619 0.124230158730159 0.125816666666667 0.191844444444444 0.646568253968254 0.696589682539682 0.423023809523809 0.349423015873016 0.598381746031746 0.640271428571428
-9999 -9999 -9999 -9999 -9999 -9999 -9999 -9999 0.316980952380952 0.363040476190476 0.323895238095238 0.355795238095238 0.373483333333333 -9999 -9999 0.3025 0.337842857142857 0.384573015873016 0.201533333333333 0.219695238095238 0.177269841269841 0.157833333333333 0.229001587301587 0.168612698412698 0.189775396825397 0.14141746031746 0.152914285714286 0.0781595238095238 0.191579365079365 0.0932301587301587 0.0889484126984127 0.219083333333333 0.27945 0.133038095238095 0.152219047619048 0.039418253968254 0.124603968253968 0.101369047619048 0.107030158730159 0.205496825396825 0.25053253968254 0.245262698412698 0.520738888888889 0.529261111111111 0.41064126984127 0.56825873015873
-9999 -9999 -9999 -9999 -9999 -9999 -9999 -9999 0.197247619047619 0.20082380952381 0.363792857142857 0.453512698412698 0.362796031746032 0.359711111111111 0.359242857142857 0.336252380952381 0.286014285714286 0.285996825396825 0.170328571428571 0.134540476190476 0.159720634920635 0.17166746031746 0.134187301587302 0.159996825396825 0.15487619047619 0.0618412698412698 0.0630436507936508 0.0414015873015873 0.105988888888889 0.183066666666667 0.0694547619047619 0.0459436507936508 0.101524603174603 0.153672222222222 0.218416666666667 0.143505555555556 0.167634126984127 0.103769047619048 0.125604761904762 0.253640476190476 0.258488888888889 0.251145238095238 0.395843650793651 0.543445238095238 0.18193253968254 0.289880952380952
-9999 -9999 -9999 -9999 -9999 -9999 -9999 -9999 -9999 0.18645 0.076647619047619 0.22217619047619 0.170287301587302 0.159280158730159 0.195611111111111 0.0859531746031746 0.169363492063492 0.116154761904762 0.0754063492063492 0.0639460317460318 0.0767238095238095 0.0817301587301587 0.0672888888888889 0.17646746031746 0.419477777777778 0.196605555555556 0.133856349206349 0.0758761904761905 0.0495055555555556 0.0661920634920635 0.0912880952380952 0.165269047619048 0.0843119047619048 0.0384047619047619 0.191612698412699 0.151484920634921 0.12404126984127 0.133980158730159 0.116734126984127 0.198903174603175 0.58823492063492 0.612215079365079 0.558382539682539 0.634751587301587 0.226200793650794 0.234492063492064
-9999 -9999 -9999 -9999 -9999 -9999 0.109812698412698 0.0847436507936508 0.0742349206349206 0.167494444444444 0.233026984126984 0.130980158730159 0.0564865079365079 0.0471468253968254 0.0579936507936508 0.0480246031746032 0.0771960317460318 0.0550650793650794 0.06505 0.151888095238095 0.0518611111111111 0.134031746031746 0.432203968253968 0.502042857142857 -9999 0.599188888888889 0.502070634920635 0.106642857142857 0.058134126984127 0.096334126984127 0.0376912698412698 0.0319444444444444 0.144561904761905 0.142084126984127 0.100510317460317 0.0836793650793651 0.145790476190476 0.0894095238095238 0.103557142857143 0.139950793650794 0.204335714285714 0.647984920634921 0.584342063492064 0.54311507936508 0.565836507936508 0.58103492063492
0.295846031746032 0.312 0.301557142857143 0.171172222222222 0.37427380952381 0.263207936507936 0.0868539682539683 0.0438301587301587 0.0382142857142857 0.0549888888888889 0.0456753968253968 0.0251634920634921 0.0393380952380952 0.0244349206349206 0.0360047619047619 0.0375492063492063 0.0880960317460317 0.0860047619047619 0.118719047619048 0.0775150793650793 0.111538095238095 0.504647619047619 0.615323015873016 0.699756349206349 0.610738888888889 0.607065873015873 0.539882539682539 0.397684126984127 0.190360317460317 0.13752619047619 0.230723809523809 0.0891492063492063 0.117038888888889 0.103092857142857 0.133637301587302 0.143422222222222 0.123134920634921 0.0402849206349206 0.0942968253968254 0.0791690476190476 0.0518547619047619 0.272798412698413 0.394592063492064 0.196146825396825 0.523498412698413 0.17795
0.23843253968254 0.294153174603175 0.219790476190476 0.0618230158730159 0.0551722222222222 0.149965873015873 0.0329920634920635 0.124746031746032 0.0238912698412698 0.0135301587301587 0.0388460317460317 0.0257253968253968 0.046784126984127 0.0501126984126984 0.0747095238095238 0.0941888888888889 0.0692753968253968 0.192873809523809 0.170584126984127 0.0794206349206349 0.147388095238095 0.152826984126984 0.150083333333333 0.48729126984127 0.573648412698413 0.52091746031746 0.45244126984127 0.192988095238095 0.142345238095238 0.101684126984127 0.107603174603175 0.0813301587301587 0.0938484126984127 0.151035714285714 0.139356349206349 0.147311904761905 0.0503222222222222 0.028784126984127 0.0260095238095238 0.0910674603174603 0.0534738095238095 0.0510960317460317 0.114037301587302 0.104857142857143 0.13071746031746 0.131079365079365
0.24154126984127 0.164611904761905 0.152605555555556 0.0460611111111111 0.0523333333333333 0.027618253968254 0.025315873015873 0.0473246031746032 0.076197619047619 0.0485150793650793 0.0352730158730159 0.0317166666666667 0.067715873015873 0.133175396825397 0.0763365079365079 0.0599071428571429 0.114269047619048 0.147186507936508 0.158572222222222 0.0359238095238095 0.0601071428571429 0.0828642857142857 0.0787928571428571 0.0632785714285714 0.121857936507937 0.138647619047619 0.206865873015873 0.25984126984127 0.218894444444444 0.185292857142857 0.129976984126984 0.093634126984127 0.136613492063492 0.0974833333333333 0.179618253968254 0.129961111111111 0.0212349206349206 0.0413428571428571 0.0421531746031746 0.0448595238095238 0.0360642857142857 0.0257492063492063 0.0702769841269841 0.0221404761904762 0.105465873015873 0.143875396825397
0.205059523809524 0.181709523809524 0.0730976190476191 0.0520039682539683 0.0478531746031746 0.167859523809524 0.0566087301587301 0.0769047619047619 0.0758801587301587 0.0483968253968254 0.16605 0.187653968253968 0.116135714285714 0.121469841269841 0.150116666666667 0.116410317460318 0.127171428571429 0.189463492063492 -9999 0.196618253968254 0.129996031746032 0.0218380952380952 0.124070634920635 0.0569 0.057365873015873 0.126264285714286 0.102011904761905 0.166411904761905 0.0909484126984127 0.0347944444444444 0.072934126984127 0.0891873015873016 0.0861880952380953 0.144592857142857 0.176744444444445 0.013552380952381 0.0236547619047619 0.017618253968254 0.025465873015873 0.0345484126984127 0.0379468253968254 0.122139682539683 0.0717936507936508 0.0959809523809524 0.0100515873015873 0.0764404761904762
0.0520928571428571 0.0546150793650794 0.0299230158730159 0.0486642857142857 0.051231746031746 0.0942984126984127 0.062918253968254 0.135713492063492 0.0347063492063492 0.0639380952380952 0.19369126984127 0.13234126984127 0.0912420634920635 0.120416666666667 0.097754761904762 0.144850793650794 0.180412698412698 0.123357936507937 -9999 0.0917166666666667 0.128596825396825 0.0942587301587302 0.0892785714285715 0.152259523809524 0.100299206349206 0.103290476190476 0.0744904761904762 0.125730158730159 0.113496031746032 0.0199714285714286 0.14582380952381 0.0782444444444444 0.0278253968253968 0.0381277777777778 0.0551873015873016 0.0178333333333333 0.0297365079365079 0.0185420634920635 0.0251198412698413 0.0514793650793651 0.0956944444444445 0.0876476190476191 0.114627777777778 0.0423166666666667 0.0364198412698413 0.0153547619047619
0.0879698412698413 0.0219579365079365 0.0252960317460317 0.0174126984126984 0.0334666666666667 0.0582928571428572 0.0535809523809524 0.0963952380952381 0.101687301587302 0.0230611111111111 0.112413492063492 0.162338095238095 0.197847619047619 0.204642857142857 0.165122222222222 0.125568253968254 0.0885174603174603 0.0793809523809524 0.0925809523809524 0.0627960317460317 0.0707880952380952 0.112184126984127 0.0879293650793651 0.159246825396825 0.0841722222222222 0.0551468253968254 0.0329119047619048 0.0680603174603174 0.015802380952381 0.0137880952380952 0.0357761904761905 0.026868253968254 0.0132507936507936 0.0172833333333333 0.0610547619047619 0.0983460317460318 0.0894238095238096 0.0962238095238096 0.103716666666667 0.117214285714286 0.0469269841269841 0.073684126984127 0.0093515873015873 0.0164634920634921 0.0298825396825397 0.0274230158730159
0.02695 0.0193547619047619 0.0100690476190476 0.00183333333333333 0.114914285714286 0.0893126984126984 0.119680952380952 0.12057619047619 0.125133333333333 0.0708380952380952 0.129024603174603 0.0728134920634921 0.158613492063492 0.0762373015873016 0.0929595238095238 0.138818253968254 0.0878015873015873 0.104393650793651 0.0990944444444445 0.0803285714285714 0.100788095238095 0.0644952380952381 0.147752380952381 0.0935214285714286 0.0511706349206349 0.0467079365079365 0.126597619047619 0.132973809523809 0.181031746031746 0.190096031746032 0.0429452380952381 0.0479293650793651 0.0227539682539682 0.0377388888888889 0.0602460317460317 0.0416626984126984 0.043718253968254 0.076084126984127 0.0393722222222222 0.0571007936507937 0.0505968253968254 0.052002380952381 0.00775714285714286 0.0109912698412698 0.0161190476190476 0.00444603174603175
0.037281746031746 0.0613515873015873 0.00917698412698413 0.02795 0.0598238095238095 0.0969301587301587 0.121520634920635 0.0977111111111111 0.0897142857142857 0.179137301587302 0.084484126984127 0.0685190476190476 0.0636238095238095 0.0902650793650794 0.0864698412698413 0.0806452380952381 0.107337301587302 0.0876547619047619 0.070152380952381 0.0830357142857143 0.0939222222222223 0.0605857142857143 0.109248412698413 0.0733404761904762 0.0570047619047619 0.0233 0.101101587301587 0.0790531746031746 0.10615 0.0860571428571429 0.093818253968254 0.033097619047619 0.0207325396825397 0.0204857142857143 0.049265873015873 0.0244166666666667 0.0602007936507937 0.0553039682539682 0.0222079365079365 0.0414563492063492 0.0659023809523809 0.211290476190476 0.176788888888889 0.0271428571428571 0.0298492063492063 0.0112912698412698
0.0944515873015874 0.0941722222222222 0.0792777777777777 0.00410238095238095 0.0729579365079365 0.048997619047619 0.027365873015873 0.0612904761904762 0.049734126984127 0.0856246031746032 0.093752380952381 0.0582587301587301 0.0133714285714286 0.0288984126984127 0.0507293650793651 0.0838428571428571 0.0835452380952381 0.0538801587301587 0.0666523809523809 0.100065079365079 0.074515873015873 0.077081746031746 0.0872611111111111 0.0788365079365079 0.0365023809523809 0.0213626984126984 0.0371452380952381 0.103411111111111 0.0291023809523809 0.0625428571428572 0.0759857142857143 0.0656190476190476 0.161589682539683 0.10654126984127 0.0725452380952381 0.0487404761904762 0.0553746031746032 0.0777968253968254 0.0225722222222222 0.0330642857142857 0.0844087301587302 0.0697753968253968 0.169426984126984 0.0345936507936508 0.0384761904761905 0.0751214285714286
0.029265873015873 0.07815 0.0733888888888889 0.00662619047619048 0.0242928571428571 0.0106619047619048 0.0459642857142857 0.0308547619047619 0.032665873015873 0.0248325396825397 0.0431714285714286 0.0429206349206349 0.0252373015873016 0.0334912698412698 0.0256230158730159 0.0343984126984127 0.0496333333333333 0.125521428571429 0.156165079365079 0.086718253968254 0.0851531746031746 0.0582769841269841 0.0852571428571429 0.0595722222222222 0.0261611111111111 0.0252293650793651 0.0288880952380952 0.0368134920634921 0.0146746031746032 0.0734150793650793 0.136392857142857 0.210830158730159 0.152355555555556 0.0977674603174603 0.0533809523809524 0.0608388888888889 0.129724603174603 0.0957896825396826 0.0447515873015873 0.0549452380952381 0.0228333333333333 0.0586801587301587 0.0570333333333333 0.0943650793650793 0.0560333333333333 0.107792857142857
0.0313095238095238 0.0339174603174603 0.0617396825396825 0.0409555555555556 0.0474150793650793 0.054047619047619 0.153146825396825 0.043731746031746 0.0223650793650794 0.0286428571428571 0.0278896825396825 0.0102103174603175 0.0170714285714286 0.0281936507936508 0.0244587301587302 0.0188992063492063 0.0553285714285714 0.0716595238095238 0.0900206349206349 0.0846650793650794 0.0737761904761905 0.0576960317460317 0.14379126984127 0.0213714285714286 0.0304253968253968 0.0239626984126984 0.0352063492063492 0.0409396825396825 0.12694126984127 0.101578571428571 0.16754126984127 0.156683333333333 0.111942063492064 0.0276634920634921 0.0247634920634921 0.0177269841269841 0.0310873015873016 0.043618253968254 0.065284126984127 0.0873571428571429 0.0477269841269841 0.0664698412698413 0.112529365079365 0.101957936507937 0.0576801587301587 0.0524079365079365
0.0367761904761905 0.0198650793650794 0.0209761904761905 0.0202238095238095 0.0405380952380952 0.0648603174603175 0.0738373015873016 0.0728246031746031 0.0737785714285714 0.0769928571428571 0.0665873015873016 0.0561150793650794 0.03655 0.0890857142857143 0.109838095238095 0.0293095238095238 0.0491880952380952 0.057615873015873 0.138010317460317 0.0662769841269841 0.0549507936507936 0.0585595238095238 0.0878642857142857 0.0772785714285714 0.0948484126984127 0.0309619047619048 0.133276190476191 0.0495992063492064 0.011981746031746 0.0279309523809524 0.0240753968253968 0.0458952380952381 0.0736333333333333 0.074365873015873 0.112784126984127 0.0697539682539682 0.0344904761904762 0.0333571428571429 0.0401690476190476 0.0779150793650794 0.0627055555555556 0.0348579365079365 0.087281746031746 0.0257444444444444 0.0773912698412698 0.111496031746032
0.0233222222222222 0.0256142857142857 0.0215587301587302 0.0278428571428571 0.0391642857142857 0.0278730158730159 0.0537190476190476 0.0472166666666667 0.038097619047619 0.0276373015873016 0.0230761904761905 0.043431746031746 0.039681746031746 0.339768253968254 0.37517380952381 0.160146825396825 0.0593634920634921 0.0321873015873016 0.0726960317460317 0.0821436507936508 0.0663960317460317 0.0516896825396825 0.0655690476190476 0.0435595238095238 0.0312119047619048 0.097765873015873 0.13008253968254 0.0371174603174603 0.0188706349206349 0.0268904761904762 0.0238380952380952 0.0275857142857143 0.0374666666666667 0.0326563492063492 0.0350134920634921 0.0288936507936508 0.027015873015873 0.0294515873015873 0.0422166666666667 0.0401523809523809 0.0417301587301587 0.0496857142857143 0.0348436507936508 0.016502380952381 0.0134555555555556 0.0215714285714286
0.064884126984127 0.0180873015873016 0.0272015873015873 0.0218539682539683 0.0265960317460317 0.0667952380952381 0.0355857142857143 0.0217277777777778 0.0200309523809524 0.0136238095238095 0.0814222222222222 0.10162619047619 0.0513777777777778 0.0861587301587301 0.117287301587302 0.111459523809524 0.0613357142857143 0.0327277777777778 0.0655793650793651 0.0608047619047619 0.0599650793650793 0.059881746031746 0.103837301587302 0.0695460317460317 0.0442428571428571 0.0429412698412698 0.028084126984127 0.0119142857142857 0.00956031746031746 0.0330055555555556 0.133164285714286 0.0235928571428571 0.0524531746031746 0.0465166666666667 0.0526007936507936 0.0713468253968254 0.0475579365079365 0.0320880952380952 0.0355388888888889 0.0598 0.0388333333333333 0.0480277777777778 0.0345880952380952 0.0712611111111111 0.0377611111111111 0.0215357142857143
