resultados/modelos/rf_pseudoausencia.asc
NCOLS 330 
NROWS 228 
XLLCORNER -12 
YLLCORNER 34 
CELLSIZE 0.166667 
NODATA_value -9999 
[rows 120 to 139 of 228, columns 138 to 183 of 330]
0.100961904761905 0.151920634920635 0.215255555555556 0.0471531746031746 0.0616285714285714 0.0371555555555556 0.0252412698412698 0.0710809523809524 0.113406349206349 0.084670634920635 0.0414190476190476 0.0281833333333333 0.0197833333333333 0.0327119047619048 0.0673793650793651 0.0539888888888889 0.0315079365079365 0.044747619047619 0.0688515873015873 0.107815873015873 0.111498412698413 0.0862650793650794 0.0478039682539682 0.17503253968254 0.158897619047619 0.12197380952381 0.145811111111111 0.164987301587302 0.0410222222222222 0.115054761904762 0.0536619047619048 0.0931476190476191 0.0724111111111111 0.0183269841269841 0.0158968253968254 0.0606936507936508 0.0331579365079365 0.0195674603174603 0.0307793650793651 0.0406611111111111 0.0830912698412698 0.0230142857142857 0.0236134920634921 0.022502380952381 0.0086968253968254 0.0178761904761905
0.628586507936508 0.494819047619048 0.222296031746032 0.12417619047619 0.108714285714286 0.0541142857142857 0.0461301587301587 0.0752190476190476 0.1125 0.205277777777778 0.0458388888888889 0.0393738095238095 0.0912912698412699 0.0540833333333333 0.0597269841269841 0.0422190476190476 0.0532388888888889 0.0643238095238095 0.0351753968253968 0.0385753968253968 0.135596825396825 0.0468555555555555 0.105374603174603 0.0942174603174603 0.0331809523809524 0.0507920634920635 0.0497261904761905 0.0750357142857143 0.137065873015873 0.0814698412698413 0.0961793650793651 0.0361674603174603 0.0341563492063492 0.030784126984127 0.0373412698412698 0.0199246031746032 0.0225420634920635 0.0157912698412698 0.0375650793650794 0.0223277777777778 0.044115873015873 0.086181746031746 0.0886206349206349 0.0481484126984127 0.032947619047619 0.0327047619047619
0.212292063492063 0.332806349206349 0.322911111111111 0.145861111111111 0.213157142857143 0.127352380952381 0.0774071428571429 0.104085714285714 0.0501071428571428 0.0320357142857143 0.0883992063492064 0.0310738095238095 0.031965873015873 0.0382801587301587 0.0633428571428571 0.0432944444444444 0.101734126984127 0.0673428571428571 0.06185 0.0798722222222222 0.13251746031746 0.0831706349206349 0.206495238095238 0.0850531746031746 0.0629912698412698 0.0372579365079365 0.0363079365079365 0.0504492063492063 0.0634031746031746 0.0423396825396825 0.0773706349206349 0.0496253968253968 0.0758396825396826 0.0767753968253968 0.0437976190476191 0.0266888888888889 0.0216404761904762 0.0465206349206349 0.060334126984127 0.0214071428571429 0.02395 0.0239373015873016 0.0090968253968254 0.0305761904761905 0.0508111111111111 0.0506960317460318
0.577772222222222 0.245243650793651 0.293275396825397 0.232335714285714 0.152815079365079 0.170902380952381 0.103328571428571 0.100250793650794 0.107471428571429 0.116146825396825 0.0664166666666667 0.0337079365079365 0.0255261904761905 0.0405666666666667 0.0322722222222222 0.0400373015873016 0.0532587301587301 0.0853730158730159 0.101046031746032 0.0881357142857143 0.12944126984127 0.118340476190476 0.115862698412698 0.0406761904761905 0.224042063492064 0.242342063492064 0.241863492063492 0.108476984126984 0.183834920634921 0.101983333333333 0.0583301587301587 0.0823706349206349 0.0187571428571429 0.1565 0.062647619047619 0.0706944444444444 0.0379460317460317 0.18776746031746 0.0613666666666667 0.15227380952381 0.108088888888889 0.0638246031746032 0.0577920634920635 0.0824 0.0367190476190476 0.0261547619047619
0.29655873015873 0.343293650793651 0.572457936507936 0.307127777777778 0.279560317460317 0.239704761904762 0.150988095238095 0.108803968253968 0.112081746031746 0.0445412698412698 0.0574365079365079 0.0323468253968254 0.0977793650793651 0.130853174603175 0.0769095238095238 0.0533833333333333 0.109071428571429 0.309095238095238 0.313534920634921 0.0830928571428571 0.0969150793650794 0.0747857142857143 0.0914666666666667 0.0557404761904762 0.0607960317460317 0.069897619047619 0.0469539682539683 0.0800373015873016 0.0462563492063492 0.0701349206349206 0.0354984126984127 0.0422484126984127 0.0362134920634921 0.0332365079365079 0.15854126984127 0.0716039682539683 0.118338888888889 0.0799634920634921 0.0832801587301587 0.0214357142857143 0.0203857142857143 0.0228619047619048 0.0209611111111111 0.0155888888888889 0.0646222222222222 0.0553388888888889
0.187564285714286 0.396362698412698 0.279577777777778 0.269480952380952 0.320089682539682 0.327474603174603 0.153320634920635 0.221068253968254 0.130205555555556 0.0331 0.0649539682539682 0.139918253968254 0.185598412698413 0.273134920634921 0.287297619047619 0.470847619047619 0.648674603174603 0.288666666666667 0.133689682539683 0.489592857142857 0.530903174603174 0.30942619047619 0.297388095238095 0.254887301587302 0.182405555555556 0.155968253968254 0.19741746031746 0.427946031746032 0.209078571428571 0.247455555555556 0.316946031746032 0.0852309523809524 0.0785515873015873 0.0289047619047619 0.0164992063492063 0.11937380952381 0.352327777777778 0.0543230158730159 0.0373579365079365 0.026052380952381 0.0251055555555556 0.0194507936507937 0.0438984126984127 0.0719277777777777 0.0381690476190476 0.0274619047619048
0.530565873015873 0.403849206349206 0.492290476190476 0.587740476190476 0.549887301587301 0.43929126984127 0.165552380952381 0.112338095238095 0.146269047619048 0.0582833333333333 0.37028492063492 0.199613492063492 0.302421428571428 0.327351587301587 0.360194444444444 0.48168253968254 0.715704761904762 0.595376984126984 0.535075396825397 0.450898412698413 0.410839682539683 0.462166666666667 0.403983333333333 0.391625396825397 0.573628571428572 0.714778571428571 0.755236507936508 0.714661904761905 0.49871746031746 0.651865079365079 0.613564285714286 0.229360317460317 0.114546825396825 0.0605769841269841 0.303986507936508 0.0674682539682539 0.0433388888888889 0.0759468253968254 0.0486801587301587 0.0459920634920635 0.0550095238095238 0.112363492063492 0.0998634920634921 0.045868253968254 0.075915873015873 0.0818809523809524
0.208733333333333 0.598434126984127 0.687181746031746 0.783689682539683 0.525389682539683 0.121695238095238 0.349492857142857 0.109863492063492 0.324165873015873 0.370259523809524 0.361277777777777 0.529425396825397 0.45598253968254 0.269544444444444 0.44358492063492 0.671148412698413 0.772976984126984 0.708171428571428 0.750233333333333 0.698789682539683 0.575632539682539 0.62128253968254 0.420310317460317 0.603035714285714 0.528424603174603 0.774726984126984 0.838189682539683 0.830773015873016 0.770946825396825 0.826166666666667 0.41689126984127 0.69779126984127 0.539047619047619 0.36795 0.14304126984127 0.196606349206349 0.244477777777778 0.0982444444444445 0.0614698412698413 0.0593587301587302 0.0503492063492063 0.0991896825396826 0.107229365079365 0.124328571428571 0.0675444444444444 0.00846825396825397
0.596731746031746 0.559601587301587 0.832965873015873 0.506851587301588 0.152081746031746 0.381973809523809 0.255498412698413 0.33189126984127 0.426919841269841 0.689414285714286 0.535296825396826 0.325148412698413 0.612307142857143 0.639789682539682 0.692596825396826 0.546057936507937 0.575904761904762 0.674294444444445 0.593596825396825 0.633626190476191 0.429251587301587 0.173083333333333 0.206803174603175 0.330423809523809 0.309923015873016 0.564538095238095 0.335170634920635 0.722574603174603 0.730180158730159 0.729665079365079 0.542084920634921 0.486319841269841 0.605778571428571 0.685344444444444 0.326437301587301 0.192797619047619 0.112123015873016 0.14217380952381 0.102538095238095 0.0760031746031746 0.169688095238095 0.0872769841269841 0.104603968253968 0.08735 0.107780158730159 0.0849547619047619
0.59990634920635 0.506681746031746 0.323151587301587 0.358322222222222 0.298257936507936 0.116696031746032 0.414045238095238 0.407727777777778 0.52545 0.376753174603175 0.481840476190476 0.451303174603175 0.739530158730159 0.737688095238096 0.505463492063492 0.246813492063492 0.423134126984127 0.633712698412698 0.358296031746032 0.270870634920635 0.204434920634921 0.263727777777778 0.184521428571429 0.146 0.172987301587302 0.224025396825397 0.296290476190476 0.430066666666667 0.517292063492064 0.510610317460317 0.409643650793651 0.600281746031746 0.607233333333333 0.554976190476191 0.564894444444444 0.644833333333333 0.307843650793651 0.237361904761905 0.239273015873016 0.178252380952381 0.119889682539683 0.0943603174603175 0.29791746031746 0.185177777777778 0.0661373015873016 0.0859214285714286
0.315925396825397 0.564050793650794 0.550122222222222 0.371545238095238 0.123692063492064 0.148664285714286 0.241788888888889 0.352566666666666 0.48023253968254 0.63385 0.604249206349206 0.591654761904762 0.746094444444445 0.725801587301588 0.359157142857143 0.468838888888889 0.584492857142857 0.346742857142857 0.337864285714286 0.347042063492063 0.36511746031746 0.238078571428572 0.122007142857143 0.197337301587302 0.173726190476191 0.11234126984127 0.0633111111111111 0.00873333333333333 0.222600793650794 0.0821579365079365 0.181707142857143 0.616271428571429 0.729016666666667 0.696468253968254 0.655804761904762 0.805947619047619 0.628236507936508 0.61588253968254 0.62360873015873 0.413492857142857 0.127743650793651 0.180618253968254 0.153335714285714 0.0653642857142857 0.0937380952380953 0.0399984126984127
0.673285714285714 0.652312698412699 0.613514285714286 0.554604761904762 0.576569841269841 0.541565079365079 0.107116666666667 0.154206349206349 0.260348412698413 0.613512698412699 0.497538888888889 0.321022222222222 0.29998492063492 0.316763492063492 0.50698253968254 0.374065873015873 0.30355 0.408293650793651 0.14332619047619 0.442784920634921 0.44777380952381 0.446615873015873 0.3381 0.301707142857143 0.322626984126984 0.117460317460318 0.146962698412698 0.0647301587301587 0.113392857142857 0.120087301587302 0.096052380952381 0.214761111111111 0.290338888888889 0.496586507936508 0.550100793650794 0.627183333333333 0.606526984126984 0.511918253968254 0.538763492063492 0.439992857142857 0.2617 0.144868253968254 0.0685801587301587 0.14629126984127 0.0656142857142857 0.159922222222222
0.550776190476191 0.156253968253968 0.419773015873015 0.612218253968254 0.595209523809524 0.530688095238095 0.544361111111111 0.0719984126984127 0.43445 0.375696031746032 0.668438888888889 0.397077777777778 0.365320634920635 0.204234126984127 0.310186507936508 0.253461111111111 0.413669047619048 0.504992857142857 0.355947619047619 0.480522222222222 0.354768253968254 0.266527777777778 0.399703968253968 0.2717 0.39836746031746 0.416692857142857 0.257142063492064 0.359528571428571 0.435209523809524 0.253481746031746 0.346831746031746 0.21708253968254 0.425831746031746 0.398012698412698 0.585796825396825 0.341031746031746 0.543972222222222 0.511474603174603 0.253434126984127 0.357380952380952 0.337880952380952 0.345861904761905 0.257689682539682 0.157704761904762 0.185609523809524 0.0893952380952381
0.625508730158731 0.706099206349206 0.605400793650793 0.484875396825397 0.278751587301587 0.469484126984127 0.410257936507937 0.223 0.380218253968254 0.267280158730159 0.186550793650794 0.17510873015873 0.16510873015873 0.134144444444444 0.344401587301587 0.454715079365079 0.489969841269841 0.655731746031746 0.280748412698413 0.245872222222222 0.189135714285714 0.211193650793651 0.252881746031746 0.234696031746032 0.33220873015873 0.297702380952381 0.29948253968254 0.350613492063492 0.272154761904762 0.428695238095238 0.561203174603175 0.446098412698413 0.433484920634921 0.475609523809524 0.407284126984127 0.420429365079365 0.14020873015873 0.402222222222222 0.282765873015873 0.26015873015873 0.352912698412698 0.339665873015873 0.302301587301587 0.155461111111111 0.171465873015873 0.140326984126984
0.396230158730158 0.588865079365079 0.738288888888889 0.45994126984127 0.176828571428571 0.192484126984127 0.372952380952381 0.287365079365079 0.297511904761905 0.484280158730159 0.20791746031746 0.114734126984127 0.0735444444444444 0.106507142857143 0.316822222222222 0.345873809523809 0.541480952380952 0.383915873015873 0.115159523809524 0.389685714285714 0.309654761904762 0.347603174603175 0.217697619047619 0.394609523809524 0.22183253968254 0.380807936507936 0.348127777777777 0.239876984126984 0.302136507936508 0.288665079365079 0.336338888888889 0.330121428571428 0.413854761904762 0.346079365079365 0.583461111111111 0.430953968253968 0.272661111111111 0.205313492063492 0.47586746031746 0.44922380952381 0.380169047619048 0.18719126984127 0.463979365079365 0.457357936507936 0.616329365079365 0.563215079365079
0.442357142857143 0.290465873015873 0.550734126984127 0.363962698412698 0.376403968253968 0.288525396825397 0.482411111111111 0.385282539682539 0.180999206349206 0.409643650793651 0.576262698412699 0.297683333333333 0.350739682539682 0.19383253968254 0.21547619047619 0.234972222222222 0.140815873015873 0.0380079365079365 0.0656444444444444 0.13989126984127 0.146096031746032 0.169986507936508 0.347640476190476 0.317241269841269 0.321337301587301 0.349919047619047 0.311154761904762 0.347597619047619 0.15345873015873 0.251774603174603 0.201974603174603 0.235977777777778 0.602011904761905 0.443590476190476 0.392243650793651 0.50827380952381 0.216333333333333 0.145186507936508 0.428347619047619 0.206169047619048 0.474128571428571 0.443800793650794 0.544812698412699 0.536110317460318 0.418834920634921 0.494079365079365
0.195000793650794 0.0744349206349207 0.151184920634921 0.132910317460317 0.341946031746032 0.263388095238095 0.38079126984127 0.258561904761905 0.317771428571428 0.39383253968254 0.497029365079365 0.567401587301587 0.473387301587302 0.457480952380952 0.582846825396826 0.332199206349206 0.349057936507937 0.15934126984127 0.0940095238095238 0.200884126984127 0.124242857142857 0.106712698412698 0.0741293650793651 0.238506349206349 0.252636507936508 0.247544444444444 0.369646031746032 0.130868253968254 0.302978571428571 0.180406349206349 0.133448412698413 0.196861904761905 0.41094126984127 0.35562380952381 0.714642063492064 0.300401587301587 0.27152619047619 0.291544444444445 0.346838095238095 0.261473015873016 0.331973015873016 0.504503968253968 0.547930952380953 0.550746825396825 0.582960317460317 0.654660317460318
0.548103174603174 0.236711111111111 0.376227777777778 0.249128571428571 0.136753174603175 0.269211904761905 0.186006349206349 0.503338888888889 0.436961111111111 0.384773809523809 0.396811904761905 0.455042063492064 0.437843650793651 0.500407142857143 0.449973015873016 0.544230158730159 0.530857936507937 0.44945 0.377866666666667 0.0919198412698413 0.161600793650794 0.186761904761905 0.0788055555555555 0.092018253968254 0.28631746031746 0.256263492063492 0.101811111111111 0.213876984126984 0.181680158730159 0.145039682539683 0.148366666666667 0.252800793650794 0.321168253968254 0.334642857142857 0.208161904761905 0.312116666666667 0.242705555555556 0.353220634920635 0.319388888888889 0.18488253968254 0.367533333333333 0.527711111111111 0.616386507936508 0.401936507936508 0.608972222222222 0.621388095238095
0.451950793650793 0.331300793650794 0.279538095238095 0.195087301587302 0.336311904761905 0.44414126984127 0.0847246031746032 0.0555031746031746 0.108861111111111 0.160426984126984 0.43022619047619 0.278548412698413 0.509752380952381 0.39629126984127 0.549676984126984 0.601638888888889 0.538886507936508 0.492400793650794 0.633751587301588 0.377744444444445 0.119047619047619 0.0739698412698413 0.127434920634921 0.349037301587302 0.170672222222222 0.186763492063492 0.148523015873016 0.0933952380952381 0.0643436507936508 0.170153174603175 0.354644444444445 0.31047619047619 0.176037301587302 0.510239682539682 0.392653174603175 0.200146825396825 0.0747079365079365 0.0843071428571429 0.321024603174603 0.418979365079365 0.618624603174603 0.391271428571429 0.391304761904762 0.570701587301587 0.52945873015873 0.520020634920635
0.360382539682539 0.0575984126984127 0.126407936507936 0.0817873015873016 0.224387301587302 0.0365896825396825 0.0379230158730159 0.0822753968253968 0.0610603174603175 0.064731746031746 0.118893650793651 0.0888912698412698 0.323351587301587 0.357361904761905 0.286656349206349 0.405553968253968 0.457164285714286 0.417388888888889 0.522573809523809 0.418461904761905 0.420595238095238 0.314143650793651 0.497477777777778 0.328773809523809 0.18775873015873 0.0708365079365079 0.223530952380952 0.272348412698413 0.186773015873016 0.390640476190476 0.189179365079365 0.107596825396825 0.114183333333333 0.270378571428571 0.143634920634921 0.038665873015873 0.0562380952380952 0.33580873015873 0.313861111111111 0.355380158730159 0.292273015873016 0.403544444444445 0.682711111111111 0.248688095238095 0.490169841269841 0.41914126984127
