resultados/modelos/svm_ausencia.asc
NCOLS 330 
NROWS 228 
XLLCORNER -12 
YLLCORNER 34 
CELLSIZE 0.166667 
NODATA_value -9999 
[rows 126 to 146 of 228, columns 230 to 275 of 330]
0.26411403392635 -0.00753493935621175 0.0217289096942097 0.249160215988547 0.738183485687263 0.614506944551976 0.70905771542161 0.471180090317768 0.137491841637124 0.270964269593233 0.403673105636606 0.524557823652297 0.0841997833178884 0.118177411144904 0.00767366455699664 -0.00762451788913876 0.0103766832028522 0.052189225557942 0.0130981301976382 0.183793837400945 0.404563138727989 0.116149486000769 0.498711381564655 0.589831175119921 0.637560030604052 0.638485258927841 0.303861954894287 0.00549621943119444 0.0663767625545262 0.0500092710052174 0.406256640625136 0.0398038964146283 0.033004480431551 0.0137357195739826 0.0546012286884454 0.0801912704865348 0.00756987840124884 0.0672319016089122 0.15916630087982 0.0894779562475586 0.0587608460114373 0.0920992670059982 0.118323344330202 0.0912090466221534 0.0856464450056683 0.0665811703170738
0.0476457825887803 0.0721495884563506 0.211791384738802 0.135739554670149 0.262199083334206 0.472947197323542 0.752559109177356 0.60905057039856 0.0284469809580436 -0.0165514510982537 -0.0143183589891613 0.0384478592780771 0.198980159778012 0.0822762546604156 0.410594085665448 0.274398888316583 0.207404657716363 0.0859513792893494 0.219689170800386 0.360677551575548 0.640769584316428 0.337510859228995 0.168795548236099 -0.00768566984792918 -9999 0.56713188342135 0.0121961268911769 0.0554059449112599 0.0450623762982787 0.0310676879144532 0.0808716078207506 0.0220736636760769 0.118033159899965 0.0804444353981557 0.0212256379386492 0.166570388885265 0.015059347665314 0.0957438105818563 0.103900848013999 0.0978798026070647 0.138015310114323 0.13106645657653 0.099376964504819 0.0542089956544686 0.17079885609216 0.0972341213419615
0.077901164688671 0.191168407983546 0.0963971877142247 0.0609811768222922 0.0632106432589851 0.0207452949191913 0.0785124890679313 0.120825143332423 -0.0205767534355196 0.0757723491181128 0.218034674566201 0.0156753275525082 0.04256569889945 0.00176927641289559 0.0307597437872976 0.0312855318198662 0.0161331817048358 0.020334451108827 0.193233113619276 0.367935823827047 0.0100930815171376 0.0334420054725741 0.0224530093209479 0.0836564466292662 0.404622669610842 0.485322960542347 0.101491151614802 0.0340899664709787 0.0605795985414771 0.0872700960325377 0.0477469215419512 0.0333539407652809 0.151138036581975 0.0414769595211352 0.159518690124235 0.120110537789365 0.130720376334999 0.0892479450760805 0.041538860249935 0.0915146470397897 0.114223828930524 0.104028318708665 0.14332847456195 0.154088608942746 0.131927914442005 0.136088007056363
-0.0162069086691792 -0.00907524172700491 0.0335113855758108 0.0921509588202444 0.038229444771612 0.022423437282531 0.020916909114978 -0.00280221865850461 0.0854720950809369 0.364681366823157 -0.00303001031144134 0.00100282744011737 0.0219683662572466 0.039852882850755 0.0489463306160205 0.0523784563418238 0.0223251163932501 0.212567669534991 0.0597304753468537 0.0573895652011294 0.0510819976068268 0.0392295931022648 0.0296310167223592 0.0782167093842305 0.368592109133161 0.49091050630539 0.318365015474827 0.0695725233119356 0.0540909880518176 0.0282125430381905 0.0110034958962088 0.0408868500239263 0.248532464918481 0.0369352699015568 0.0837420923942647 0.0680295675313781 0.0529628108219843 0.169844911425428 0.0774385471783158 0.114785463492207 0.113599743133442 0.145458477474556 0.116380794819872 0.238187593898636 0.0930764057664221 0.0953662401111512
0.100522005196054 0.445742814706936 0.63869804801406 0.486272244885393 0.604596956089392 0.617052279528578 0.610011224451434 0.0450167826980444 0.485714893446926 0.70391992541282 0.494974898429599 0.0696779427857614 0.495828734041205 0.256536129801702 0.142483224083608 0.296046884565855 0.48096779604879 0.0140555527232865 0.0503452439865176 0.0402940028400088 0.0515220604590372 0.0207260365153204 0.169915829700347 0.0329274485656503 -0.0211902389525915 0.308061938762014 0.536073711714172 0.0147088329181816 0.0200477725477815 0.0383332698522912 -0.0187011643633302 -0.0258972403786392 0.103644641096897 0.0929290875667821 0.101243688753043 0.115679708380657 0.20277109219733 0.101756541111767 0.107894779958014 0.112615162764273 0.182997110884139 0.188386167976352 0.274466514273911 0.337576951482418 0.153102691900515 0.0767476509902758
0.0324387881967192 0.0211213772529447 0.0168718884379165 0.0455737320530138 0.050738664585904 0.0598298719251674 0.0377856458884286 0.01519972941972 -0.011457533123262 0.0223264876034384 -0.00672126299960873 0.0348383625159023 0.162860593256806 -0.0174454242184245 -0.00748963321576734 0.0224385622148801 -0.0180695153990827 -0.000337777522188998 0.00179684356025794 -0.0159176273476539 0.179962087625785 0.0344814649748572 0.103763164005211 0.0960075359450749 0.0382172046835555 -0.00885244012842268 0.218377965254244 0.533779472601768 0.466351375174085 0.285977737118706 0.328660861820965 0.0184267150010503 -0.00154669433306354 0.0920959538983959 0.247110424186211 0.152738860741308 0.161560691951925 0.149437807014863 0.167381244753483 0.0566355147529417 0.166309415962532 0.244533647812443 0.330409661978717 0.257322079920415 0.170884584117691 0.0868146570363847
0.0444249655261321 0.0542567850311484 0.0687113369634306 0.084958614243787 0.0656337699242833 0.0726586068796293 0.0500314437380903 0.0481019724589071 0.0463489695560179 0.0478817862847525 0.0203928844419956 0.0250476045172145 -0.00254988531942379 0.14441821884987 -0.0249369292672024 0.00644775720975421 -0.00536676338195452 0.0210879693510093 0.0125114803001526 -0.00690622119025597 0.0528085440150688 0.0355830506672774 0.117564886247916 0.0813888340708366 0.0493563323564334 0.0793787578976745 0.0751137501474467 0.00185603659144068 0.187765284636285 0.540804755689082 0.632610851463843 0.593628822782317 0.017732038751743 0.131801459058816 0.18568284656729 0.269783617100361 0.288404638410725 0.198327339776907 0.168777257432707 0.111387847364039 0.272376839892737 0.313501396036449 0.275873632561143 0.130260732796438 0.121010904533735 0.0119012514410098
0.0673651215316679 0.0746804838918146 0.0520436743544681 0.0633392879783165 0.129994031611802 0.132300005332656 0.0607298116878334 0.0594265695876576 0.0728445196681056 0.064121812024418 0.0444980796272734 0.0658174053698774 0.0505569828155057 0.0435563390701651 0.0293963482455047 0.016803962386284 0.0204296609318501 0.0201601047207859 0.045488304582817 0.0179245210899562 0.00208186786690434 0.039970266089409 0.0630061714880059 -0.00237547979007002 0.0037225648320155 0.00605799106037147 0.0472341280875179 0.0245677112654404 0.0164268088635765 -0.021949755628598 0.240239814530762 0.525210136129033 -0.0148645618543375 0.0643679767584149 0.0776282932247554 0.238245026027459 0.268593925440981 0.212824950307694 0.165491702407015 0.140056917121108 0.279802782479271 0.219169832736144 0.154877417022153 0.145427898124549 0.0210047183262345 0.0502963149842841
0.0923763225013415 0.0892617037808997 0.0705960916632575 0.0352047525838578 0.0374950292376504 0.179830734782468 0.0635274986387572 0.0381104386888098 0.0121013615127666 0.0675807678782874 0.0487918548453222 0.0288598851863939 0.0226459257825501 -0.00453636379131772 0.0381550220084574 0.024531371325893 0.014329016720681 -0.00597491391277949 0.0395490312524157 0.0585471714069655 0.0580328387619153 0.0381625931664001 0.0233949226268787 0.0418133018192427 0.0590550301704022 0.342013599846092 -0.0104169731967066 -0.0256889977110007 -0.0068187285107888 0.00556947540112984 0.110724283672195 0.239867987124033 0.448664998823829 0.587652413309053 0.474277194483577 0.154051889859293 0.161071303191778 0.114209981944827 0.26602621840628 0.0573464479476213 0.17920510834366 0.104737215014734 0.097037617907108 0.127459432304512 0.0571451842618085 0.0852464241791316
0.0500244185397295 0.0528632584036531 0.0580695123765072 0.288469371959402 0.222753669401021 0.00921902741744901 0.16564178009335 0.31685784494701 0.00538658406552306 0.0296472501559017 0.024022272150298 0.166012121021582 0.0516208273816431 0.123040845416858 0.027528793909887 0.029553545445956 -0.00119437164311098 -0.010360684487951 0.00367799740853564 -0.00341180545186059 -0.000238014361233718 0.0293322224006599 0.0444997375989924 0.0403321435549947 0.0947524221641827 0.100560388591217 0.0278063825515067 0.0880435457353584 -0.0178407388050181 -0.0339661225720908 -0.0227172180505023 0.157141490787799 0.575972288059135 0.229284647499626 0.459171808407926 -9999 -9999 0.44543300083956 -9999 0.450663428478983 0.0513343483803652 0.14528201489204 0.141373248454466 0.16771411594482 0.0812869916632048 0.0592022711249225
0.128961172126247 0.0740938834780335 0.0611996860166441 -0.000576982066273657 0.0322351923443445 -0.00150102420440834 0.0456064322949437 0.0230826740880108 0.0242964646077301 0.0862924392119157 0.0764720880925548 0.00552841324213094 0.138763317240633 0.171989069426197 -0.0215110101117056 0.0328667364738389 0.00977039622824483 0.0102677492881795 0.025942708092015 0.0433908627847073 0.0487294955974836 0.079919264873073 0.0723587570685937 0.0984892975237154 0.0735604910620238 0.0740002751694671 0.0156354991428179 -0.00705399314372057 0.0120014752900637 -0.00157323762604256 0.00236163817441998 0.118787842975964 0.358076163710506 -0.0175659034990585 0.076457051502441 0.110828063149316 0.449613104835757 -9999 -9999 -9999 -9999 0.10983574178614 0.142640545240885 0.0154139168267057 0.0639300558317809 0.182809100948502
0.0551360474832471 0.0500526091678852 0.0716242429215204 0.00881829477729618 0.0271086659051874 0.0262204707022896 0.0497755972470209 0.0653880629135241 0.0356515111332554 -0.012560724123896 0.086299301626071 0.0109031907004035 0.02991517906318 -0.0305051114204885 0.00490220987132201 0.00462945751168031 0.00766398361901693 0.0278128825662566 0.0102781603986352 0.0029443597873326 0.0139860373555564 0.0596718946245121 0.119378525467905 0.108927076967423 0.0907133639609364 0.0737845938701828 0.0645567888667371 -0.0148092265537957 -0.00968687861924267 -0.021189440960198 0.0255023366834581 0.0900305503086259 0.0237972865959724 0.0467884332576622 0.0682580321117536 0.12260428102618 0.0892601929480024 0.0378931324010856 0.387049407295849 0.559701075186414 0.549548955762322 -9999 0.3313423673455 0.203547274965921 0.102939791966041 0.0778226093659951
0.0937034773737894 0.0426705124796442 0.0318600795979049 0.00115518776305967 0.074271207020328 0.0635750818833096 0.0467607582212468 0.0501220607159511 0.0143525730285211 0.0436904226449338 0.0523158362359881 -0.0101587396950149 0.00788383765704737 0.0103426731256816 -0.0186217304867667 0.0171002904727808 -0.0311397458865909 -0.0339577157730044 0.0112423975962879 0.0199553336311366 0.0486340896770771 0.0524067262345041 0.0652407853925034 0.043717154339649 0.0200296978591522 0.0212564878533728 0.0228294153938853 -0.000144489615960142 -0.0109134711559895 0.0303979447417867 0.00166589937344425 0.00521683838370662 -0.0245200646416757 0.0351256088991574 0.0871489083286489 0.0725613168553584 0.240430406991776 0.165865211094729 0.0268982695670729 0.0471736662404091 0.0735050522528498 0.0701533685872724 0.0881208129486926 0.110795042132494 0.41332653724524 0.460054981500315
0.127102304205476 0.144907915787201 -0.0201182072442068 0.0389694058120587 0.04883245021879 0.0105686920500443 -0.0247479434303568 0.0376141112284469 0.0101160514049522 0.0467378885191487 0.0416075192761492 0.015290592915327 -0.0119812883103606 -0.0343197656122595 -0.00474293670418224 0.00630552828760755 -0.00775700218610387 -0.0238620411509105 -0.0193298636852172 0.0443121862323045 0.0671067401990944 0.0291648055326878 0.00406675034068921 0.0559644522408812 0.0580118218351292 0.0405212008149615 0.0102367674544854 0.0366678314825911 0.0288090407372895 0.0975964850093649 0.0519617353407547 0.0156825731575229 0.00888668635195716 0.0355513467258928 0.0181591484562097 0.0030244720863275 0.0929151373602238 0.132213445111432 0.211297914829836 0.153796612894437 0.218719432534272 0.0380422185034951 0.0189520493587542 0.0507320747485255 0.0400458983323008 0.0679127729872236
0.0208911682537015 0.0964803989907126 0.0188697199251498 0.00953940068363329 -0.00166979101414655 0.0419357683485167 0.0032338776218182 -0.00171471791530708 -0.00218009501312466 0.0593695632600342 0.037174949822928 0.0240144580275479 0.00291936356540845 0.0222604079984673 -0.0456826277375426 0.00725296116060165 -0.0148869594024251 -0.0128510907488427 0.0321389377032577 0.0620851391692046 0.0625086095844921 0.0358902121680995 0.0547548963337047 0.0140657134425709 0.0294592462797509 -0.00699641910757531 0.0273432528273805 0.0187060348202615 0.0526273063966008 0.0568973045781961 0.113326930141634 0.0167913678155178 -0.00911830649967649 0.0144549779283675 0.0813000521744658 0.212434293995395 0.146679575075203 0.0835820661290647 0.148078182399929 0.125009024917614 0.150549770021446 0.0804865574319099 0.0554699188322847 0.138076167567404 0.098655890931949 0.155216786732221
0.059951169795906 0.0551862943261505 0.144086134648135 0.110217039156619 0.0324951264906519 0.021829565182893 0.0659204596775625 0.116472741300935 0.0828766059955905 -0.0107829271547035 0.0105465625033411 0.0454010501418259 0.0107155956416281 0.045940440600596 0.00115452991236653 -0.0266298785542174 0.0443662143881404 -0.0135514352871549 0.00233901822498173 0.0233728899489586 0.0981468286784338 0.0489919941248539 -0.0160323211048232 0.0454466307211777 0.026679896935739 0.0036014359472325 0.0258671926584342 0.0481968252477374 0.0809596532411131 0.0815632331294568 0.06260087940787 0.0476710676103948 0.0198820001977785 0.201665238959547 0.193816941255417 0.131308481178962 0.0734507539238888 0.101290081860094 0.124726698304044 0.0996075149693623 0.0697147450703317 0.104579211018347 0.0856088091777437 0.290100224377714 0.27752894540634 0.184060311951415
0.0170037729768079 0.0238320507040314 0.0610659669695348 0.0411096041641846 0.00574115844083278 0.0493251864444052 0.0346405004105813 0.0307906845787043 0.0377218084729475 0.051692780890515 0.0198456390117829 0.0675733396367704 0.113946133093237 0.055514888309095 -0.0122188949290896 -0.0586425754342057 -0.0419807539900789 -0.0435572133748796 0.0503198905383511 0.0336264377466032 -0.0154305426517027 0.0703552549460973 0.08682421987646 0.076619212101408 0.0433694404711236 0.0719297732745041 0.0280061416954358 0.0413177952377134 0.0886910609112052 0.0974553470949832 0.16290376106526 0.149775829211179 0.196057373338274 0.240950797943327 0.214627214732826 0.255158587498153 0.209363182897364 0.0353094954275467 0.065532365031839 0.0548557820735274 0.0745292430765342 0.161461975219557 0.196760495883482 0.22595869555883 0.230074080841951 0.233761140435884
-0.0288345581433691 0.122351136329539 0.171376163128628 0.148412753210953 0.134809048984827 0.0810906238782285 0.0846542149472485 0.0906772576609302 0.0809325025226671 0.083950036453684 0.0838822267611117 0.0523667960537342 0.0903306999528438 0.116740068950954 0.0662805857791435 -0.0092591211361549 0.00147319066443735 0.0118182152886798 -0.00653459132697964 -0.0084630669243001 0.0251519486622138 0.00714147405439491 0.0055952857894066 0.0251880380950535 0.069698784512465 0.0967951233185098 0.155438446852125 0.245624064856238 0.0865962401976094 0.049964591377032 0.131324859549443 0.105410593078983 0.121743170181498 0.274095579395795 0.168371456750728 0.256665333565255 0.169179580393391 0.0814968071482367 0.170451089559201 0.0687439050702198 0.114722751807206 0.190103020481317 0.317406354430368 0.285148311833534 0.283832280852476 0.243865288267922
0.0510347666298386 0.136448973853424 0.155234524532006 0.153664992349247 0.149307026366908 0.153871064628542 0.084912143562392 0.0651480556723082 0.101574469723011 0.0896798552909009 0.106068879236331 0.0814624402141893 0.105915378957913 0.0304365234481842 0.108781109244907 0.0249281243357914 0.0646701058088493 0.0257346667542311 -0.0510512435167521 0.0111077954090336 0.0150562358661182 0.00453871233555075 0.0603018215958824 0.0811510566543935 0.0656986030887797 0.103205658990288 0.14520591288774 0.089936733392211 0.105176115251022 0.144497066094811 0.0733882677784375 0.0693723019463979 0.214363752905875 0.333005633058816 0.322669210446613 0.367678038988029 0.178945557322571 0.114109426035164 0.131163986918284 0.10248639141995 0.142287080790239 0.322575840876488 0.360321151429529 0.294802263798741 0.185612002568887 0.0665148464023905
0.104834571864717 0.0556619790769836 0.0916041159187738 0.0929079352423253 0.116989819213393 0.192357879516105 0.0790350286809014 0.076306108535845 0.0778020377038794 0.130669352496637 0.0552000412645515 0.0735707392493287 0.0850949272009504 0.0319587691764555 0.053320187498123 0.168649326944323 0.240009918867337 0.060850859984751 0.0497520945660855 0.0871627561420228 -0.0225445458402749 0.0219901741284251 0.0378398414560409 0.0672186964463283 0.0455523390261035 0.0478762235400976 0.0502427949400024 0.0461653919972095 0.0678111194779488 0.197920366402848 0.0884275831715101 0.101087973436168 0.139450366483623 0.186925411580071 0.207028448381881 0.297483028326186 0.147727759423049 0.227588143880258 0.106853818889751 0.103967638218007 0.109921184581269 0.263829547025628 0.256843549140314 0.180719367066087 0.102211026579876 0.0684047324794569
0.101584908722019 0.0553007073673687 0.239983302222942 0.152563921993844 0.107493702999375 0.0892504207463065 0.031948606735316 0.0804160365023967 0.0798353888984704 0.0864744847911381 0.117062019734468 0.123320861531475 0.112479677756628 0.0936704524797972 0.0769188514876045 0.106882170985916 0.247770103041911 0.0631760982311647 0.104231064622635 0.0467731296942168 0.0345326671988496 0.0366797711907254 0.0400155006558731 0.059198914538924 0.066110361387489 0.0556802982746026 0.0548274757373915 0.0554813944081557 0.0607165057739552 0.161852811943198 0.157785500361398 0.145503302700148 0.0908883280927857 0.256603050279339 0.142939880981162 0.15062547064459 0.142495224841016 0.171174858660124 0.118285710364334 0.0633185934472739 0.10393868506937 0.113010425216535 0.138312583498351 0.171119101853629 0.241805851483453 0.281788254392018
