resultados/modelos/svm_pseudoausencia.asc
NCOLS 330 
NROWS 228 
XLLCORNER -12 
YLLCORNER 34 
CELLSIZE 0.166667 
NODATA_value -9999 
[rows 200 to 219 of 228, columns 225 to 269 of 330]
-9999 -9999 0.171244923008108 -9999 -9999 0.0398548888502994 -9999 -9999 0.0669098514416221 0.163506628443315 0.074718485340775 0.129421271180518 -0.00726502372038407 0.0273687580320635 -0.00779713701945511 -0.00399626878385378 0.0177476808337599 -0.00464579027098183 0.00320512849693738 -0.000620150943191788 0.0146960140691133 0.00995161974858194 0.00954353674975456 0.0493574635390258 0.0277501469221574 0.0435915766326188 0.00920257952844333 0.0220605165184404 0.0258112681901291 0.036154521620009 0.0406392144291615 0.0489300935082538 0.0964684110686845 0.103953861920904 0.107875638692773 0.256019734517999 0.112530719549192 0.0375213277599762 0.0364766775990727 0.0247553862460648 0.0534225872317682 0.0631700824093734 0.0547229329624803 0.0677256301632376 0.0693933033427589
-9999 -9999 -9999 0.0709846182608372 -9999 -9999 0.020928488013627 -9999 -9999 -9999 0.15643603991499 0.0531371905529037 0.0633161698633115 0.0570199608028119 0.0694392474056167 0.190201031165532 0.17899916360557 0.00179134583416446 0.0507717668687521 0.0164667881716036 0.0227210606975666 0.0147898041045006 0.0247843880156145 0.0159338213972287 0.0372904324447573 0.0447283709619429 0.0358829676994409 -0.00444385058561236 0.0210690040303959 0.0779394421318328 0.0310105522076184 0.0565683885295283 0.0825041596592109 0.105778986834211 0.124575804901762 0.149190869968418 0.0828591358878334 0.036884855898526 0.0427270839187935 0.0285032155796987 0.0467574453697916 0.0697597742537334 0.0709688937709172 0.0704849144356819 0.0617202881807948
-9999 -9999 0.21939101968024 0.0969626343177752 -9999 0.102921158562016 0.0131919495225961 0.0207545618428998 0.0135767054671592 0.0172092141374879 0.0234809799540493 0.0234764907900251 0.0572096206898659 0.0153230845166707 0.0630469950279371 0.125260668315289 0.113588221872766 0.0556148431706604 -9999 -0.000379773276593887 0.00339246546002353 0.0183611858945721 0.0989115394112705 0.0229747990102167 0.0274499345648041 0.0371523121622455 0.0887610050414301 0.0822439700336159 0.0190874022319524 0.0214381055278837 0.0444569697549382 0.13190791532843 0.0902102721497312 0.0392485061928561 0.0987521161430238 0.141738624422324 0.0531195093352765 0.0472464371554936 0.0328829228982227 0.0238948041974226 0.0289042842899171 0.0516457871718219 0.0554454261268186 0.0344168030185752 0.0345469869376792
-9999 -9999 -9999 -9999 -9999 -9999 -9999 -9999 -9999 0.0170442786346979 0.000284907133913437 0.0131936761829452 0.0110486875469645 0.0855568975984298 0.105811791444892 0.149426593747577 0.0864883262891384 0.00696082772792533 0.0576889402131952 0.00651626001696587 0.00675833720282876 0.0269244305880719 0.0135869715638661 0.0293100190628693 0.0203271324531306 0.00590686669259793 0.0152218548690936 -0.00183186821573944 0.0538975790915258 0.0592304204978311 0.114962775447137 0.140390834489133 -9999 0.118218247951441 0.0586491441218349 0.0272469603298324 0.0637980905015583 0.0340970502259128 0.0464909053826011 0.0566222030307419 0.0684522598586969 0.0724577406164257 0.0572850390079062 0.0506854610073351 0.0632365212243847
-9999 -9999 -9999 -9999 -9999 -9999 -9999 -9999 -9999 -9999 -9999 0.104922750113021 0.0148749190646794 0.0340964470247527 0.12966616858526 0.0725131905883173 0.0940444868838877 0.0667266015911627 0.053297234534551 0.0315249467785653 0.0165257749280633 0.0804955667084438 0.0639243354435608 0.0121531231445196 0.0174703575145563 0.0108304366307279 0.0826780667115617 0.00640815871723727 0.033236900575511 0.0341013212548099 0.0513857776109776 0.058865161162004 0.217889662000592 0.118473929354166 0.0810979909485779 -9999 0.0673181369998443 0.0299643157149305 0.0384916514418683 0.0749021083282846 0.0674333809441466 0.0949201935119736 0.127049320068855 0.0740249995781271 0.0272062910371811
-9999 -9999 -9999 -9999 -9999 -9999 0.309985744091764 0.0831136601268705 0.104882849048901 -9999 0.128290461690366 0.0737873863273405 0.0234572987780641 0.0471628158974379 0.0216181973586888 0.0190158390473764 0.0711427106311319 0.119480827186561 0.0697150411120616 0.0345887914977704 0.131237103213613 0.129246956586054 0.164677703388017 0.0620741911993327 -0.0087339693440448 0.119756404838966 0.056197592215205 0.103304928348594 0.182855844932863 0.047420479243368 0.100496761686945 0.103686870450999 0.0719145533955883 0.0449446268705055 0.118549057163289 0.197594298970919 -9999 0.0867909844725106 0.0690202676463246 0.0633898860459015 0.0554454833524169 0.0383013270343567 0.0703246875223785 0.0698746714225973 0.0575572274104434
-9999 -9999 -9999 0.231838453705358 -9999 -9999 -9999 -9999 -9999 -9999 0.0565620288345225 0.0638048136729138 0.00522214610506816 -0.00399700899637018 0.0147059948995667 0.0656847493305168 0.0746856013139922 0.0527751326288173 -0.000387854701008994 -0.00503838151606467 0.0132370957724874 0.0312685881365607 0.0686471529909436 0.0490241149124848 0.0409380811022314 0.0584821594978037 0.0188471769391098 0.0269948022061725 0.0286958686832332 0.0249204508131604 0.0116896897684658 0.0566136818113996 0.045533010161689 0.0938634362813218 0.17845380867051 0.0475453849328204 0.0874887255547045 0.0248016975667882 0.0250114735997141 0.0864331336998156 0.0343388813934203 0.0648742883837148 0.0403947325644078 0.0739684388959688 0.0554515689797868
-9999 -9999 -9999 -9999 -9999 -9999 -9999 -9999 -9999 -9999 0.113634087905786 -9999 0.0295304728075079 0.048273146827157 0.00646817407537847 0.00105671854911654 0.00792245272869851 0.0243651159850128 0.0162431536312441 -0.0044025243460396 0.0236926628059911 0.0208597510438577 0.0547575685436087 0.0187743498355324 0.0713055697045962 0.029265548420302 0.0284475100895791 0.0165011771340642 0.0481026044177493 0.0277221022310591 0.00325734848253645 0.0620979181512181 0.123048376706493 0.109212101964939 0.103349906114619 0.0473857599638179 0.0275886919822863 0.0892596417416925 0.02687045052274 0.0852770833168492 0.0545975689072651 0.04532910728037 0.0672274412478558 0.0825876804580601 0.0632582325330648
-9999 -9999 -9999 -9999 -9999 -9999 -9999 -9999 -9999 -9999 -9999 -9999 -9999 0.022611782332523 0.0159606705495152 0.0126185529676413 -0.00590032230672394 0.0570090511940403 0.0268417506792697 0.00499596870298746 0.0285920271192465 0.0801556928709821 0.0891231061995287 0.0255485448065851 0.0172042989879778 0.0206382256441924 0.0622243372657555 0.0867552027992309 -0.00178028973208344 -0.0165642981295213 0.032429581624697 0.0484084633207932 0.0931158974125693 0.129619950102797 0.138044013792647 0.0666251544388851 0.0866660739754459 0.0372513422770435 0.0800387217477997 0.0884226486478976 0.031673930111131 0.0519505443274159 0.0377121573884192 0.0292737885248414 0.0669859919390869
-9999 -9999 -9999 -9999 -9999 -9999 -9999 -9999 -9999 -9999 0.289777804055381 0.106064196154429 0.0266851682138264 0.0273408748322896 0.0433623684790451 0.0921213228732051 0.054305781596503 0.0840762336601253 0.0356345509942871 0.081266639357604 0.0513868471609502 0.0286528018937487 0.0235039183106794 0.0170456359253121 0.0383745440724303 0.0455866399304887 0.0489761497777638 0.037286699788026 0.0193098943331695 0.0115344533659358 0.027120747580075 0.0224199375646106 0.0224101243922648 0.115777537255622 0.0895870855118009 0.0899821845529128 0.0778759025262259 0.032490374834021 0.0969351744958483 0.14321663884893 0.106629578040049 0.0631854263369275 0.0487319314078069 0.0426234164535347 0.0683036743031001
-9999 -9999 -9999 -9999 -9999 -9999 -9999 -9999 -9999 -9999 -9999 -9999 -9999 -9999 -9999 0.147404941482662 0.0392368359993563 0.0310621026380856 0.0435235306987777 0.0657398148464323 0.0238987868720126 0.0540151573947941 0.0794948031687029 0.05291549075554 0.0472468151190694 0.0589688486928933 0.0837002806529372 0.0456285826179539 0.0979737369218397 0.0986038778345601 0.0536962976633351 0.118213085304874 0.0658459426257501 0.0516684135114101 0.0349640066976425 0.0294491874727631 0.111274893357218 0.0443994801458878 0.146746731799082 0.152107485281226 0.193796716432877 0.136512386441837 0.0879748134036059 0.0913106073025137 0.0900005517673669
-9999 -9999 -9999 -9999 -9999 -9999 -9999 -9999 -9999 -9999 -9999 -9999 0.12079561247425 -9999 -9999 -9999 0.140103261042883 -9999 -9999 0.0299199665491418 0.0340872337793568 0.0438992878324969 0.0388315165996587 0.144719482503936 0.0918859343449347 0.0732787502559117 0.101808646945515 0.0747467128582099 0.123624262551649 0.158804502320819 -9999 -9999 -9999 -9999 -9999 -9999 0.0380379187124413 0.0411542707296602 0.051974379070617 0.129915807060346 0.143883527028498 0.119638846980545 0.124671469274669 0.0913421624297225 0.116140159820763
-9999 -9999 -9999 -9999 -9999 -9999 -9999 -9999 -9999 -9999 -9999 -9999 -9999 -9999 -9999 -9999 -9999 -9999 -9999 -9999 -9999 0.174091625381552 0.107590384919385 0.177005013295679 0.119340316411011 0.0578266532981541 0.0901619888242587 0.168807874649786 0.292176948023791 0.13556436773434 -9999 -9999 -9999 -9999 -9999 -9999 -9999 -9999 0.132961873887698 0.135955985647436 0.23346372794507 0.0725044165259286 0.124207844495593 0.091642933130182 0.102281046124743
-9999 -9999 -9999 -9999 -9999 -9999 -9999 -9999 -9999 -9999 -9999 -9999 -9999 -9999 -9999 -9999 -9999 -9999 -9999 -9999 -9999 -9999 0.0800154359578738 0.157499115188338 0.0620872915640251 0.260365842449982 0.21404562856391 0.218071801612017 0.120646270736732 0.0973266749302844 -9999 -9999 -9999 -9999 -9999 -9999 -9999 -9999 -9999 -9999 0.0210897793957527 0.195374029050288 0.141602763817347 0.120134012384502 0.0234431997613346
-9999 -9999 -9999 -9999 -9999 -9999 -9999 -9999 -9999 -9999 -9999 -9999 -9999 -9999 0.0487255055090373 0.0362833092904727 -9999 -9999 -9999 -9999 -9999 -9999 -9999 0.207194825529262 0.154247545366803 0.00897214880673758 0.0885881307759371 -9999 -9999 0.257529796228665 -9999 -9999 -9999 -9999 -9999 -9999 -9999 -9999 -9999 -9999 -9999 0.0419984526649779 0.20466704957599 0.2288928982119 0.173876091618789
-9999 -9999 -9999 -9999 -9999 -9999 -9999 -9999 -9999 -9999 -9999 -9999 -9999 -9999 0.0447499191596339 -9999 -9999 -9999 -9999 -9999 -9999 -9999 -9999 -9999 -9999 -9999 -9999 -9999 -9999 -9999 -9999 -9999 -9999 -9999 -9999 -9999 -9999 -9999 -9999 -9999 -9999 -9999 -9999 0.0697644564131667 -9999
-9999 -9999 -9999 -9999 -9999 -9999 -9999 -9999 -9999 -9999 -9999 -9999 -9999 -9999 -9999 -9999 -9999 -9999 -9999 -9999 -9999 -9999 -9999 -9999 -9999 -9999 -9999 -9999 -9999 -9999 -9999 -9999 -9999 -9999 -9999 -9999 -9999 -9999 -9999 -9999 -9999 -9999 -9999 -9999 -9999
-9999 -9999 -9999 -9999 -9999 -9999 -9999 -9999 -9999 -9999 -9999 -9999 -9999 -9999 -9999 -9999 -9999 -9999 -9999 -9999 -9999 -9999 -9999 -9999 -9999 -9999 -9999 -9999 -9999 -9999 -9999 -9999 -9999 -9999 -9999 -9999 -9999 -9999 -9999 -9999 -9999 -9999 -9999 -9999 -9999
-9999 -9999 -9999 -9999 -9999 -9999 -9999 -9999 -9999 0.271634509706966 -9999 -9999 -9999 -9999 -9999 -9999 -9999 -9999 -9999 -9999 -9999 -9999 -9999 -9999 -9999 -9999 -9999 -9999 -9999 -9999 -9999 -9999 -9999 -9999 -9999 -9999 -9999 -9999 -9999 -9999 -9999 -9999 -9999 -9999 -9999
-9999 -9999 -9999 -9999 -9999 -9999 -9999 -9999 -9999 -9999 -9999 -9999 -9999 -9999 -9999 -9999 -9999 -9999 -9999 -9999 -9999 -9999 -9999 -9999 -9999 -9999 -9999 -9999 -9999 -9999 -9999 -9999 -9999 -9999 -9999 -9999 -9999 -9999 -9999 -9999 -9999 -9999 -9999 -9999 -9999
