resultados/modelos/svm_background.asc
NCOLS 330 
NROWS 228 
XLLCORNER -12 
YLLCORNER 34 
CELLSIZE 0.166667 
NODATA_value -9999 
[rows 120 to 139 of 228, columns 88 to 131 of 330]
-9999 -9999 -9999 -9999 -9999 -9999 -9999 -9999 0.00909904968498178 -9999 -9999 0.00948905923077013 0.00859287685297032 0.00908494204031499 0.00848960864509449 0.0078259964490588 0.0076350984736568 0.00700454859811784 0.00744519108864916 0.010736262040833 0.00651255930568057 0.00702740284617001 0.00787856944387513 0.00814826721016547 0.00775197131669886 0.00707896306263124 0.00698682831783936 0.00687258413025979 0.00697054939565166 0.0076197602411174 0.00660171336215114 0.00552704589231753 0.00543004120284985 0.00598767280816299 0.00936952794877838 0.0293667421185717 0.0122910176915298 0.0150300090291425 0.0055745334712344 0.00972430411463823 0.0125163460442488 0.0122740266678792 0.00995624074073995 0.00981823804759199
-9999 -9999 -9999 -9999 -9999 -9999 -9999 -9999 0.00868612620179888 -9999 0.00795801304850453 0.00701753569029873 0.00768502674479738 0.00674529877362107 0.00708843119979959 0.00901509014159831 0.00711547760445235 0.00707160909084934 0.00670720017408169 0.00939408834812418 0.00702628191175911 0.00680767241290493 0.00682718047310807 0.0075328369024985 0.00846099262495638 0.00708188627105468 0.00834604542313144 0.0122313020654329 0.00621604138195246 0.00572057085176487 0.00585249686405842 0.00646423596557409 0.00503623717992244 0.00574326447878214 0.00578068092338033 0.00565795298178699 0.01461541552813 0.0122411537486165 0.00837948216530645 0.00777618512685815 0.0122815137114325 0.00668174590012784 0.00895331565521115 0.00708315570542477
-9999 -9999 -9999 -9999 -9999 0.00971386386347012 0.00969785768385542 -9999 0.00850761544789744 0.00723874829001922 0.00661061368303169 0.00747443289207222 0.00826942549031766 0.00747614713397777 0.00786659630258811 0.00847243013724741 0.00830522233981169 0.00708168123807422 0.00685570538841551 0.00606566373089051 0.00582770364020464 0.00643116004268397 0.00750826418999447 0.00650630815015445 0.00703671648976579 0.00839304105214202 0.0112424567861959 0.0121524594702314 0.00959899292801056 0.0118657960789264 0.00910468872130182 0.00641592694785548 0.00563483704184215 0.00488305477511039 0.00480082222849782 0.00549344425104401 0.00549934670075576 0.00955042635026638 0.00644016376614719 0.00726321093761365 0.0118633990967551 0.0115158354663626 0.0110768936960768 0.0101623900026052
-9999 -9999 -9999 -9999 -9999 -9999 -9999 -9999 0.00910754669514924 0.00806659484106492 0.010660436802716 0.00747105789538574 0.0072141555616578 0.00640447948080239 0.00822321332019539 0.00698449573291826 0.00704811544988283 0.00926871709109294 0.00643819894502145 0.00584058599257195 0.00708574379679236 0.00722033152972433 0.00648500814155161 0.00893150630741544 0.0105651702301983 0.0122422709482323 0.0127088339568814 0.0119481874457781 0.0117344142305124 0.0149913518723202 0.0287850518491836 0.0122578757018908 0.0081845774546092 0.0063903034631434 0.00711162940755064 0.00800185047404629 0.00763142845146891 0.0102274190762178 0.00721475388319453 0.0110814226094219 0.00906667511009347 0.0131117705630589 0.012231554579739 0.0129710410918548
-9999 -9999 0.00743225208826887 0.00887356225883492 0.00810664067422288 0.00762116243455211 0.00689924674285898 0.00676485776182057 0.00669235593969212 0.00816561269879186 0.00964097433416256 0.00982269119197145 0.00857112597849173 0.00859897948757069 0.00718956495727169 0.00919491645951396 0.00716700005735393 0.00653392825079163 0.00608716273472186 0.0066261756109581 0.00978354603220265 0.00715579824469938 0.00797430888495039 0.00985482091431604 0.0102516626607334 0.0114906674388112 0.0114226136732069 0.0304935771349173 0.00847115098696192 0.00963862967300118 0.00652958059007839 0.00678641958658776 0.00752555075011698 0.00670376269150301 0.0109438213939955 0.00858252883023569 0.00649710506274946 0.0111629228112279 0.0122453388082265 0.00988013531359959 0.0122788125164379 0.0119013869958978 0.0151433074642729 0.0123530688774909
0.00810001559266212 0.00921506251714073 0.00875392593564607 0.00856917639037762 0.00849489126622947 0.00825860708623381 0.00961768176666057 0.00896388342475835 0.0122119936358066 0.00929261109376989 0.0104756723257339 0.00879830354519287 0.00831536327285152 0.00941740523639877 0.00873134816854587 0.0089837115023355 0.00746252026521794 0.00639037816949034 0.00657034969306667 0.00599413761196561 0.00610962879314851 0.00572192385217963 0.00591424013647486 0.00577562196662227 0.00585101651604288 0.0113410308869097 0.0122442054627532 0.00743452233502473 0.00573969754813115 0.0086890332977774 0.00695459738579406 0.00801648588966869 0.00716076043025734 0.00835303065532151 0.00918090307457133 0.00874394542905818 0.0106405630644534 0.00901245695835095 0.00959921908039161 0.0132317971883827 0.0122900922967672 0.0101321487883264 0.00916528436075496 0.0106749163050815
0.00963555408884034 0.00861561008581139 0.00794487202724849 0.0105162334448625 0.0103991323044374 0.0111645149423 0.00973067323992298 0.0106206641246336 0.0119825076332602 0.0110271159217517 0.010775841642244 0.0090376991424991 0.00945442645514073 0.00708441262987714 0.00690726429637968 0.00881667948970425 0.00916947057390045 0.0122291614557475 0.0122817773983214 0.0104769702318974 0.00784388639727359 0.0060989024868705 0.00573714475254875 0.00567778279550966 0.00800418546547149 0.0117948544342976 0.0100140397856478 0.00896785454531996 0.00597585093722664 0.00801481811930702 0.00704815983884236 0.0122818221150537 0.0122024389726893 0.00771750580520192 0.00704579059014041 0.00910461354718667 0.0123343096450673 0.0106566398967193 0.00928779488949638 0.00769862603297978 0.00866491476224102 0.00900636057833944 0.00973815674058165 0.00992709795580059
0.00848447881780961 0.0080687961856865 0.010353942165652 0.0107722905181526 0.00810561338247438 0.0102031670371848 0.00764924201853399 0.00755937709664683 0.00711956639146914 0.0100771877341479 0.0118352011125464 0.0113634421245521 0.00652134584288751 0.00647445105100817 0.00700733116397249 0.00739381552243625 0.00735117771056008 0.00970755561669655 0.00989940496328013 0.00760348008604762 0.0173957966806295 0.00794860668034842 0.00769151012888324 0.00520021985914584 0.00606807854289668 0.0110270067961858 0.0204521553794411 0.0137818028727518 0.00775376284719165 0.00646452864591271 0.00828448704740389 0.00863510061732976 0.00706305946582154 0.0168282012891846 0.00965041003615867 0.0111722042048085 0.0122109780215236 0.00815463632107815 0.0083019254486718 0.00799985986962752 0.00905065372025364 0.00992851821148319 0.00824437604363375 0.0083523637016521
0.00646546422164877 0.00800821794467617 0.0105249524641725 0.009844801803574 0.00994318755187945 0.00989465250978655 0.00701299946946742 0.00681788551546881 0.00686681600448672 0.00818319731994681 0.00702541436777 0.00761530526025521 0.007369141066314 0.00755841782290633 0.00776663849513061 0.0104480510392346 0.0128722648255079 0.0122689878177407 0.0122866890695065 0.00810516447070473 0.00901145212254325 0.00912768660196005 0.0117625740682518 0.00728968850246792 0.00836611003456277 0.00780845687877606 0.0129634240441598 0.0130763233751388 0.00906574693349049 0.00844080119628794 0.00796938799164235 0.0085433483590022 0.00610590460512708 0.00855173194264549 0.0139323790787079 0.012232956111454 0.00883990691803787 0.0078879928277357 0.00610614787059691 0.00808947252127867 0.00705633108849696 0.00980343097141533 0.00935522486574433 0.00741072053785266
0.00777765534989418 0.0089684220029051 0.0101968894358321 0.00823584092100376 0.00732633063882139 0.00794724874330111 0.00784759338665407 0.00826451402922733 0.00600852162662011 0.00924998737437964 0.00983904963218364 0.010737633673818 0.0112320205145403 0.0666646048900176 0.00439979491735817 0.00432345277116905 0.00403161277563535 0.0048166214625221 0.00650862023717323 0.0073989173039721 0.00668950408935876 0.00869491634632183 0.00781999343642954 0.00683413949847628 0.00743427546035888 0.00762836375175708 0.00856932832158897 0.0155753420351928 0.0106084836793411 0.0114084440616436 0.0116413886822742 0.010692818671458 0.00740262179314245 0.00981747439998747 0.010454623835361 0.0108834356591556 0.00729424450279768 0.00692052459927637 0.00818804830674102 0.00573417272557012 0.00577440533794379 0.00858948428271629 0.0097051568041171 0.0165959428074993
0.00706115028512184 0.00851975032034478 0.00809805580130365 0.00638692574235107 0.00660966069954728 0.00637191614000273 0.00649977297722424 0.00537144740965788 0.00426988940073493 0.00418998758842573 0.00535002448443173 0.00489512888005367 0.00511657908368136 0.00903921122973577 0.00505475197184219 0.00501464035751178 0.00475218345227542 0.00854932955226904 0.00872899222964854 0.00675746090512449 0.00564921158038838 0.00775932006274684 0.00608572510499945 0.00621936202270978 0.00747199013322201 0.0078051937767636 0.010581080299337 0.0107140079118205 0.015463068259838 0.0113258427636012 0.00974184843622201 0.00919800363430589 0.0114359752831785 0.01226190258059 0.00744506556959039 0.0122725006154367 0.00730090832532771 0.00742683545640752 0.0110721678884718 0.00837737107310743 0.00804421552743925 0.008851327089156 0.00929027992990206 0.00764429255489769
0.00869855306181127 0.00897368626229334 0.00790098044331702 0.00740315439457533 0.00663867301319455 0.00631417353909056 0.00659965687553913 0.00649424895295552 0.00681565294416476 0.00551799249415098 0.00627165513733939 0.00653634447143362 0.00861629176053391 0.00585726230586785 0.00511439680992758 0.00561057502577507 0.00902098205723869 0.00683540941800781 0.004463845669211 0.00541031677003928 0.00605290242987261 0.00519298441407915 0.00781066292650571 0.00894961640193093 0.0111788292423781 0.00938018429499562 0.0112442682166185 0.010450174003922 0.010008725301574 0.0100683231670786 0.0122380531909783 0.00967906858315988 0.015486084890002 0.0122425137270665 0.017527644273833 0.012220679043102 0.012242868808766 0.00848999701238293 0.0121718595404477 0.00770990621333367 0.00805452057440712 0.00828982230743166 0.0109479477695556 0.00811018936475517
0.00946014346789979 0.00712861531588584 0.0087846576286937 0.00837320140477595 0.00842266191836176 0.00768444671766763 0.00632018220175254 0.00577026209098988 0.00417139155990547 0.0045240816934033 0.00577335894660175 0.00671924083414405 0.00684383522634894 0.00739195564253783 0.00765958225670124 0.00664474084894616 0.00574054770580176 0.00593362924816451 0.00584546145699063 0.00711981136483199 0.00734953098911107 0.00638987259185233 0.00721795519137077 0.00759084107193393 0.0102253868029274 0.0116600590429211 0.0110876331291788 0.0100969587539871 0.0102905260998472 0.0100629460957811 0.0124704844111259 0.0132658043122429 0.00932721973461261 0.00819483434169053 0.00644441987639162 0.00877957283584457 0.00938529681216064 0.0121618786331523 0.0115453266534637 0.0108192207953826 0.00817573403783255 0.0122113961836457 0.0125553095349455 0.0130313802889277
0.0077223643139698 0.0081933585567751 0.00732992062278651 0.00831210192774962 0.0103106801409149 0.0104525073763004 0.0092205274937622 0.00719532558884888 0.00590933697882492 0.00685324435642169 0.00629534845775338 0.00358499893865957 0.0347139071117425 0.00922954106885039 0.00631933821596589 0.00763422994590201 0.00671243974426161 0.00541960528215396 0.00639911659019955 0.00443622234369639 0.00561983775487798 0.00557125498767102 0.00741089761226153 0.0109232600261855 0.0117455313168583 0.00918368822631515 0.00790842780535262 0.00934273648023993 0.0098716870297922 0.00986354014366459 0.00898956160646175 0.0140771262651412 0.00929915803378549 0.00959247144745495 0.00679948932871236 0.0122637472957936 0.00741106711180776 0.00632130976050326 0.00797190919750447 0.0132436835099589 0.0122923275435054 0.0122449307464897 0.0104017525857618 0.0107573888816576
0.00773344580588447 0.0103188671712927 0.0113176040729288 0.0100303137455137 0.0117942372909744 0.0101940337973667 0.0114354059722661 0.00918522524388011 0.00796371611393482 0.0064556786914666 0.00450456254257892 0.00332395809685365 0.00613263904849632 0.00471297390387602 0.0033027824618649 0.00332350007947705 0.00475508097032986 0.00731883850190247 0.0122431006270255 0.00991392360768671 0.0102999164886884 0.0109541178986539 0.00491419534564672 0.00992072760631828 0.00807354617741143 0.00939676089244003 0.00934263759278117 0.0122797032496186 0.00879976346941808 0.0070157506569096 0.00683007922032709 0.0104418262120419 0.011049276251935 0.00761378834157014 0.00969668340825655 0.00764905606555348 0.00761001032062209 0.0082361257081611 0.00736128338688279 0.0079423190351758 0.0108678263404489 0.00864072817650369 0.00796893178094123 0.0080316077685098
0.00615046734248726 0.00989911303624183 0.00852661107843357 0.00992867851390389 0.00963476612479482 0.00861236419004404 0.00912393422541358 0.0117460094675198 0.00989372609443238 0.00781923275079883 0.00759594044796321 0.00660784101527363 0.00540152609064247 0.00560411828705308 0.0044346566506858 0.00609378547462561 0.00425057380051722 0.00396638274034461 0.00442145936507268 0.0167841233388028 0.0224217071871314 0.0071714103048904 0.00444023895606935 0.00459366570922836 0.0121766689655508 0.00622643020494813 0.00938523997734633 0.0108000688456642 0.00757105127157787 0.0114123385176122 0.0112367528222349 0.00805714455070601 0.00764712027733079 0.00812622805809917 0.00554702801405536 0.0110238124253122 0.0149330655150931 0.00821635121775495 0.0136267002999942 0.00973830401796248 0.00920601200263457 0.00753048026704827 0.00849677310977902 0.00698602714811533
0.00728564270984667 0.0106117840139646 0.012019916984403 0.00911172698400758 0.00993735599037672 0.0088842215547989 0.00916435019005841 0.00769069572139166 0.0122034071075017 0.00966343901176208 0.00875929198103652 0.00744272226898769 0.00554760229896692 0.00853406785651138 0.00510254694090242 0.00523504633799067 0.0122674522220777 0.005177503422027 0.00478621932299036 0.00706713949733039 0.0122509880093122 0.00773964461111998 0.00558777810424696 0.00424211684093047 0.012302693896457 0.0133876398706306 0.0122063806927816 0.0122456611302722 0.00628043378679287 0.00956407886997225 0.0078673542332323 0.00695112095258596 0.00993410179739712 0.00904870921200998 0.00628357929292604 0.00957103094193741 0.00668759674602221 0.00651813583113669 0.00948665325220925 0.0082479843806194 0.0122588976073999 0.0112915791735733 0.00769174398330682 0.00683702181033756
0.00622042616514086 0.00873305627348331 0.00918308026561873 0.00885961960487429 0.0105346797925978 0.0147289200783071 0.0127375049077857 0.0164086509462716 0.0173864959574084 0.00834290668961559 0.00690488453172488 0.00812694320732992 0.00776572513094012 0.00814634844573471 0.00684184908744499 0.00550890632840308 0.0100690136435171 0.0102183114320921 0.00685676124296824 0.00539534025179635 0.0122544379955408 0.00839071322721826 0.00452152842039867 0.00469093988340059 0.00801053249430853 0.00470830925342153 0.00899225414447111 0.0055552600308402 0.00963672753763045 0.00956454666187525 0.00863741724876108 0.00930401877479091 0.0105387694664133 0.0104833254131606 0.00656790432603875 0.00843826693206769 0.00748225434656988 0.0107140581355993 0.00776330685953479 0.00977299770117341 0.00985780989927725 0.0114839818653639 0.0115077876827156 0.00880648956509257
0.00951766258375431 0.00782814184885135 0.00716896707859374 0.00838068388660812 0.00827792803787358 0.00756717303000952 0.00810269823720954 0.012054097934867 0.00982432803230899 0.00819343627737837 0.00674225765171157 0.0105566465308447 0.00941946954680731 0.00823122336973451 0.00705859872081407 0.00671711818744327 0.0111327374193267 0.0123547886799311 0.0120931645975665 0.0124116340516967 0.00889950955011917 0.0052094779896029 0.00488548643166753 0.0045332563141861 0.00472923772619185 0.00638208446756311 0.00519293784463819 0.00889289749135042 0.0108426677943327 0.0102636599132129 0.0105305382469583 0.0121366832937597 0.0087889686124679 0.00827803198268658 0.0133697820574557 0.0117674541034991 0.0122456092087371 0.0122458774039333 0.00962571000871699 0.011211614103966 0.0116867787546915 0.0105608845744562 0.0119165693950804 0.0116738226020723
0.00740952813802613 0.0086345369814077 0.00771296782048147 0.00857837461319531 0.00852695763109649 0.00694430726079241 0.00926776794869043 0.0117813596047077 0.0116500588684197 0.0118710681994295 0.0108627745458343 0.00646872897194196 0.00971844594779854 0.0100973978735525 0.00966103908492774 0.00970691519775754 0.00780469283402525 0.00899816803322934 0.00997351497133023 0.006682862248596 0.0100816013689473 0.00898848491396735 0.00470105051557766 0.00483030561675859 0.00876281664587682 0.00978996712823334 0.00590437964940902 0.0080601798326348 0.00956870660799411 0.0105163717092866 0.00565527417279058 0.00810847035138237 0.0067047021061272 0.0231542414064764 0.00965204551139524 0.00741465651432235 0.00765262061374221 0.00842262094555713 0.00971281468318727 0.074606443982056 0.0107741972060333 0.0122526013635182 0.011541056784062 0.0082252692402288
