resultados/modelos/svm_background.asc
NCOLS 330 
NROWS 228 
XLLCORNER -12 
YLLCORNER 34 
CELLSIZE 0.166667 
NODATA_value -9999 
[rows 20 to 39 of 228, columns 220 to 263 of 330]
0.00370984534038299 0.00515279066184567 0.00557210819256268 0.00617020450499332 0.00791766458710084 0.00692887012564436 0.00606373744238009 0.00556374119600877 0.00556895691297891 0.00293254114486331 0.00358209299726907 0.00499646318278515 0.00612133015981907 0.00410831673899325 0.0057203546280875 0.00294793574432845 0.000953377879026222 0.0100257273420523 0.000385893025235881 0.000281149001614767 0.000696747915168909 0.00055993433918256 0.00142580481243741 0.00652234534608168 0.00257330984462451 0.00187475634441895 0.00257960041821119 0.00532873047640695 0.00678637370776409 0.0122539362836253 0.0156650383972697 0.0136473688487709 0.0122951966168433 0.0122590906349545 0.0113502792915405 0.00917261911822399 0.0123154454874513 0.0204953783506698 -9999 -9999 -9999 0.0194693583229679 0.00908314544989013 0.00455214488791129
0.00204727358007531 0.00347488338579712 0.00461370904431579 0.00438734760945922 0.00333429112351051 0.00325405850592853 0.000968950876011142 0.00102922753332162 0.00132921131878517 0.00215761599355594 0.0026499344161817 0.00350948384893051 0.00430375670966138 0.00356679271782612 0.00289656659851985 0.00210895484228108 0.00406812839440623 0.00478982827924756 0.00675538248204215 0.00488108191056643 0.00295792885357158 0.0041564733721006 0.00673082318851616 0.0122299816049544 0.0122307453819138 0.0122502429435707 0.0122708227906301 0.0122204718985569 0.0155657104488213 0.00704470616312951 0.00870582857036207 0.0140140852512142 0.00869597880322836 0.00730127488859806 0.00812388704189576 0.0101709810193248 0.00927487344601995 -9999 -9999 0.00600791831504557 0.00721166306935312 0.00815023301679041 0.00476137538798001 0.00346546622094172
0.000997549456578064 0.000420019940397677 0.000615780126466122 0.00461506142458568 0.00193056694830041 0.000526682265961869 -0.000104070787432209 -0.00010229143411985 0.00108556533927896 0.00257895054783973 0.00253050081369926 0.00366295656820191 0.00545812082956864 0.00407418547842216 0.00341230381900288 0.00151134281822976 -0.00214583479993836 0.00370199982761832 0.00495790811874865 0.00749765215286329 0.00853800559706368 0.00880990657811363 0.00750559502835609 0.00719894132725077 0.00737008838130342 0.023466802356449 0.01182647978784 0.00765562787003072 0.00996421574481854 0.00833067961452026 0.0106354979074354 0.00946583118080079 0.0069581308020726 0.00793071219562736 0.00583443285213783 0.0100538868769511 0.00475682965611292 0.0121339349538612 0.0122170176308776 0.0122613801957689 0.0175161936444296 0.00869554165227271 0.00278334070214194 -0.0013815726417873
-0.000327473442440248 -0.00144402421875024 0.00230686214242437 0.001645409210105 0.00123256025653385 0.00118336593465551 0.00174545636119744 0.00300318940886558 0.00423928878884904 0.00485888387680433 0.00590419481585151 -9999 -9999 0.00203727534494547 -0.000153011686398001 0.00302566733234127 -9999 0.00250319786348188 0.00453349232581325 0.0045831614085776 0.004523342233483 0.00475937581000601 0.00410382347176885 0.00199142372109789 0.00130448557325251 0.00271852406692854 0.00237516800496793 0.00472854486178903 0.0063365759495413 0.00731577838043765 0.00859752475736379 0.00979779356738074 0.00964739383080889 0.00755456797000038 0.0110894035718648 0.0078855168863999 0.00503549216584703 0.00545376032650306 0.00491205231878622 0.0240589610398995 0.00762082280176496 0.00861975278594856 0.000858006327133926 0.00254127943208707
-0.00239011548808023 -0.00150379673222601 -0.000579697497849495 0.00137331988091772 0.00251405927297006 0.00351972785816286 0.00471219973619449 0.0048928121687082 0.005256443965374 0.0055184697931408 0.00450285284060497 0.00224662524286633 0.00167674173994256 0.000958122761277224 0.00147479229432263 0.00294584040795745 -9999 -9999 -9999 0.00567335486110802 0.00383036182800202 0.00432761467524678 0.0041280961463366 0.00228338469392968 0.00258586277503677 0.00388583673562049 0.00339136735327433 0.00235866602850466 0.00294196240425263 0.00556090714039986 0.00634755218770244 0.00668410507741648 0.00801539462506356 0.0090263981033377 0.0053118427288044 0.00463601469254787 0.00325192069552609 0.00370584332068757 -0.00174475677036919 -0.000169139588180642 0.00153650241677981 -0.00173905655256466 -0.00171381377196874 -0.00143121354146596
0.000160242558173354 0.00254224720348747 -0.00285843379022006 -0.00153455735562983 0.00109553469317599 0.000925702785962478 0.00225122068951266 0.00297666190401323 0.00231801116622081 0.00194370377430012 0.00263856824782283 0.00163681019212868 0.000369039753844553 -0.000420156060592074 0.000207759452508291 0.000974258028784054 -0.00110191983881693 -0.00241532113996113 -0.00298490464096178 -0.0022375409721045 0.00218545641299498 0.00427213020017855 0.0030185389818141 -7.2540753304897e-05 0.00185184645491919 0.00012907047724353 0.000947144360458344 0.00352561061267413 0.00167775222440795 0.00192259752020436 0.0010028051388368 0.00490170516103895 0.00886706280560842 0.00641579171007416 0.00506615679740109 0.0101783601373874 -0.00345295473452521 0.00347642238560515 0.00519809207817385 -0.00230388075628695 0.00300611993035575 -0.0017862367033436 -0.00556566787429341 -0.00518921301603373
0.000359199691379701 0.000250839228007395 -0.00171237944394333 -0.00182223942954187 0.000541052456294124 0.000996705706313133 0.00153637228292747 0.00222074535341911 2.14948079418319e-05 -0.000289306802598747 0.000357438189840695 0.000333751459293119 -0.00120073379219719 -0.00108368040433187 -0.000568934829434962 -0.00064831354870977 -0.000325244241084068 -0.00232511441794708 -0.00359576821126636 0.00030446927627726 -0.000537773865383624 -0.00164540093980289 -0.000396718363544449 0.00139068369730943 0.00192802755243349 0.00207011433945244 0.00422178409198513 0.00353001977456575 0.00273734933522836 0.00305875279764986 0.00454881621204777 0.0047973916209075 0.00200414275927368 -3.5004104806698e-05 0.0101717048008762 0.0122877914806498 0.0101408473272078 0.00199609125604438 0.00117375290677607 0.00867302217483988 -0.00216584406368513 -9999 0.012192423805311 -9999
-0.000829880113656558 -0.000386116449956998 -0.000306514836945129 -0.000454815957305722 0.000949374500521391 0.00111117839432144 0.0012153642057352 0.000595825903032926 -0.00102101438580555 -0.00392229478174442 -0.00129888567998132 -0.000723864960380714 -0.00271874500418559 -0.000931388897810876 -0.00239957926795327 -0.00180799244170579 -0.00248328242096124 -0.000627259184434372 0.000987323590893537 -0.00285791478686836 -0.000462728382199178 0.00101332857098197 -0.000615060715968896 0.000820897245890257 -9.62757277187011e-05 0.00273883115693553 0.000754004682205735 1.65756768413881e-05 0.000147398426610526 -0.000245082521857887 0.0024924619955682 0.00144054770234324 0.00101242928422385 0.00249350372099369 0.00242293574220587 0.00700551098571332 0.0077821617159998 0.0122978338539001 0.00699325888956891 -0.00240933691511473 -0.0016497702978537 -0.00444166673979872 -0.00404617122088085 -0.00381590576118158
0.000662697650296577 -0.000133010074946222 -0.000235483597764275 -0.00163748185116708 0.001521346617988 -0.000792355494710462 6.94128087736327e-05 -0.00271266168230455 -0.000469382534052945 0.000427886437991245 0.00117264555232391 -0.00076861768530552 -0.00180779214789773 0.00020255877341567 -0.000326315889668334 -0.000546449725656147 -0.000146368154373164 0.00121323808093278 0.000686159627118061 0.00107631719315812 0.00202865110428049 0.00174577658103348 0.0002958383169152 0.00172963347161544 0.00143014315813523 0.00130041533529931 -0.000293979202993322 0.00064465789090838 0.00147692118990201 -0.00178784604725623 -0.00211210457953594 -0.001647602442165 -0.00201921740752806 0.00127355192045607 0.000453134264889816 -0.00207652650658281 0.0031953508450639 0.00593062399360257 -0.00139266379800935 -0.00520603857937102 -0.00721735953359274 -0.00189987766348826 -0.00188288636751752 3.92954644626228e-05
0.00113368644497936 0.00163738085177866 0.00174045879871346 -0.000192327780286057 -0.00039546998546541 -0.000448014244817007 -0.000967961889975024 0.00172985945020376 0.000624693597640757 0.00114248216897065 0.000982878543998637 -0.000164734819441426 0.00011209502721877 -0.00212848096808697 0.0013852597691618 -0.00312144143602725 0.000857580752059633 0.00094855870730442 0.000345528471702862 0.00213713527132981 0.00243453285583248 0.00117662765114681 0.00169714286901797 0.00313138067870343 0.00296147044817169 0.00180136742574571 0.00135367516264363 0.000666379278681489 -0.000485574311799124 -0.00212091440983722 -0.00314053623615109 -0.00223013670503168 -0.00238962270760556 -0.000685978558285762 -0.00271550675214048 -0.00507375783236378 -0.000908380803144104 0.000353118649816324 -0.00653138288119173 -0.00338765238129112 -0.00497921608095431 0.00464372536694336 0.0188601945302497 0.0218369754553033
0.00396674482532943 0.00330441483210258 -0.000445315692279104 -0.00278081605545978 -0.000527005116861917 0.00281518481444346 -0.000742805596089881 0.00103727048496491 0.00141896386006288 0.000716637100938458 0.000181280696019907 0.00076916987341781 0.000425960793469295 0.00178996868925554 0.00191214422725657 0.000412435347039192 -0.00337616473204335 0.000122983611477827 0.00226715610553718 0.00531036322935867 0.00317165520010092 0.00275074105213877 0.00254991916805504 0.00176744650640135 0.00212866270135056 0.00172277214097626 0.00265856983365391 0.0139402904199833 0.00468271579386593 -0.00539019684219396 -0.00542996820930016 -0.000714667232459758 -0.00137851531000002 0.00329855661773002 0.00335347471251112 0.00914239473577593 -0.00231835937415456 0.00940993827560172 -0.0031340296043837 0.0104713232243508 -0.00253434521437896 0.000559021758314201 0.00708321339555974 0.00290280299562037
-0.000666482382610634 0.00117565382980657 0.00433014769529554 0.00153848537672177 -0.00229471157710056 0.00209562789230586 0.000209449285594989 0.00133831971592263 0.00160587715856374 -0.000891985408613818 -0.00101507383393282 0.00022893569377341 -0.000482790274643017 -0.000220517028701761 -0.00203430466884076 -0.000556666016934985 0.00897368658205965 0.00118811475964223 0.00298699644770744 0.00185188122000659 -0.000134856252414696 0.00437475387458188 0.00102285462552409 -0.000703015714653563 0.00356318767676311 -0.00203785814934394 0.000757894865953079 -0.00190051770381554 0.00153820526136896 -0.00332763635354864 -0.00255166777326523 -0.00231408359093621 -0.00258497152400027 0.00748926359426711 0.0122666079239162 0.00584930001480633 0.00272157798192777 0.00952768740890508 0.00207950647670369 0.00345121621679305 -0.00410192119656376 -9999 -9999 0.0102433972932369
7.12287770479741e-05 0.00228050274472813 0.00346930850922401 -0.000396961344120258 -0.00248538287545917 0.00250138240793425 0.00482621819803122 0.00738476134917098 -0.00261616662709714 -0.00078775574451169 0.00172668450656032 -0.000481206616596862 -0.00135928813862617 0.000596773572205798 0.00111670595838424 -0.00227429996306064 -9999 0.00964750016149958 -0.000235349766803731 -0.000139929090028575 0.00246847171752424 0.00474406443118882 0.00222233555237927 0.000284270258849171 -0.000865710843774029 -0.00216360756515414 0.00121678272365932 0.00130459612673985 -0.00129092235785577 -0.00374079506994763 -0.00263234896834807 -0.00185289228599307 -0.00214262457221104 0.00407906774352248 0.00797726542106334 0.00629443966967651 0.000350804851592498 0.00891903629214003 0.0100202960041813 0.00474783546107005 -0.000291627238822739 -0.0011929383562585 0.00292847623657224 0.0022249138774796
0.00177306948549481 0.00175828562058841 0.00271204541673042 0.00305395744947511 0.00449841773642232 0.00522508580805009 0.00902317088627533 0.00410305299129582 0.00194924939816692 0.00285074397963166 0.00290237452751096 -0.00235031519822829 -0.00118390532757814 -0.00250658188224747 0.000999722870541871 -0.00164175002937194 -0.000667425228087742 -0.00208471064321794 -0.000976006964417572 -0.000405670382018049 0.000562124815073574 0.000984263237704347 0.000233771492708498 -0.00161087924407744 -0.00249770776189991 0.000981079048180268 0.000921142950912413 1.32736426194675e-05 -0.000848163619133806 -0.000562217228649572 -0.0025910824011353 -0.00389005747547311 -0.00148244332379118 -0.0011363926105263 0.00933703678686004 0.0082255551097411 -9999 0.00210719155971554 0.000917892629516151 0.00711028305176752 0.00236800825137535 0.00101534189724567 0.00265234545765426 0.00731568642017096
0.00453582059728861 0.00549695842923719 0.00491493065426372 0.00416162455520296 0.00174059727367336 0.00407377060742063 0.00479138948146445 0.00511129466817479 0.00145050378691975 0.000339838587366491 0.00232066731705677 -0.00198381006197085 -0.00221772821501345 -0.00235955421625626 -0.000290998307611338 0.0006210834393593 -3.4976381179757e-05 -0.000902197490388078 4.0212139158325e-05 -0.000188878340144652 -9999 -0.00021881833268917 -0.000740369062853165 -0.00294148887216103 0.0077471265334405 0.0094340692815325 -0.000670936602284178 -0.00579397802045433 0.000144314782349544 0.00163499927658118 0.00119312895821058 -0.00417399718658787 -0.00284062991783302 0.000708682934017206 0.00717157555571558 0.00666903576167158 0.00301608355556648 0.00940140874194504 -9999 0.0017870634423098 0.00141655750264592 0.0014008602022956 -9999 -9999
0.00282957072004139 0.0037396431036589 0.00301858186499174 0.00488320676275113 0.00577045497518796 0.00461133079269726 0.00466552308847062 0.00351898961691509 0.00303965369773906 0.00287112308076177 0.00391730007098482 0.00277181165046834 0.00237497511785498 0.00245296333549395 0.00359666809408283 0.00557313379941536 0.00183193563026218 0.000999044314283508 0.00070875611869561 -0.00113801890472227 0.00604068803138772 0.00259983068418213 0.00822930053260467 0.00963910811010369 0.00271768447043869 -0.00195603500778158 -0.00478163516901927 -0.00544997510709961 -0.00151754786768525 -0.00029897418420077 -0.0018112508026936 0.000400435646675117 0.00298087266850664 0.000501424860149816 0.00196849234878073 0.00265943950831593 -9999 0.010546160643102 -9999 0.00322035346735597 0.00322167478797735 0.00215830591562285 0.00528029386991035 0.00227942036858784
0.00401220142400592 0.00336442990587485 0.00515099487564574 0.00573966507288563 0.00578232952982025 0.00599516643485425 0.00558902127902126 0.00523791816036353 0.0045059428752953 0.00355125807505184 0.0021705934820077 0.000471066927398978 0.00226649299201814 0.00252277361370199 0.00180122137634723 0.00133166776128322 0.00174338397477725 0.00346216332004316 0.00166686659029283 -0.000300805446561562 0.00267732816667017 0.00607406644554981 0.000676895866459505 -0.000799661086920617 -0.00178957518195866 -0.00151071364823695 -0.00451809168237561 -9999 0.00292306560719213 0.00858830196764078 0.00627849437636506 0.0027725806394714 0.00106386203924853 0.00228755650291807 0.00299538351628356 0.00268491643570697 -0.000700224384626535 0.0051030847327129 0.00845907050795176 -9999 0.0036234119098575 0.00323923482416553 0.000330181470668817 0.00504389712782279
0.0102695276537682 0.00411413858930399 0.00450725699462665 0.00574538308518585 0.00614293587643844 0.00581509094307077 0.00563426508045848 0.00526454099738188 0.00514115006471173 0.0049412727353254 0.00453927079284037 0.003713787305872 0.00423662025803824 0.00363686765640602 0.00380610410212171 0.0038030216829659 0.00337436715933572 0.00235548497309868 0.00029442917872698 0.00128597621390484 0.000491488222627108 0.000776725604729314 0.000282891227729535 0.000279918240343249 -0.00294900657070979 -0.00270615032815338 -0.00419274072805857 -0.00284594062265862 -0.000388061728128719 -0.00203947405808419 -0.000827957534431052 0.000847505014630497 -0.00034599200590906 0.000896011480520235 0.00141939986144798 0.00221819494828316 0.000590158526414317 0.00101843393958835 0.00155962095587496 0.00178149176344275 0.00128009228902034 -9999 -9999 -9999
-9999 -9999 -9999 0.00353260576528981 0.00635355933850396 0.00673428259080553 0.00678142675958032 0.00606342833980543 0.00578427168008248 0.00460136657718672 0.00501515767967298 0.00474815248644014 0.00367645749316149 0.00306486912862633 0.00403057841732084 0.00456811578838298 0.00436155591930424 0.00443975567649489 0.00389438201930303 0.00200999220878409 0.00178139122615232 0.0038316866995636 0.000975103734175895 -0.000747646738148144 -0.00110338831932438 -0.000305565865177906 0.00756236223945888 -0.00312963573495074 0.00154586089122059 -0.000877284495615908 0.00122304224310541 0.00285160033134341 0.00361418678888106 0.0029962994155801 0.00222163478737847 0.0036648564831032 0.00275286021022544 0.00341812070738615 0.00339846930303609 0.00247282666259634 0.00250479177594187 0.00372708758766799 0.00377912819782858 0.00539749068682906
-9999 -9999 -9999 -9999 0.00798585570526101 0.00638553380643556 0.00545727440391757 0.00511804158882839 0.00505793460213791 0.00464592754340741 0.00523886888827007 0.0033113696540215 0.00349509603132672 -0.00140330957864413 0.000154368067064963 0.001629262450768 0.00223723016868583 0.00257430727960471 0.00236561993345049 0.00455139861841303 0.00568682240983373 0.00142168534019143 -0.00235548384005401 0.000929249497409393 0.00686051051440746 -0.00198489986316665 0.000166380293980648 0.00084626105124006 0.00139754183145373 0.000201465742462163 0.00191719936627968 0.00193254273844686 0.00355619138997584 0.00191457391004531 0.00182068283480567 0.0017703614064825 0.00477449485657327 0.00213170639412707 0.00313074450971935 0.00250330407021465 0.0023610477707307 0.00396231956135255 0.00389891326616461 0.00421362135170835
