resultados/modelos/svm_ausencia.asc
NCOLS 330 
NROWS 228 
XLLCORNER -12 
YLLCORNER 34 
CELLSIZE 0.166667 
NODATA_value -9999 
[rows 42 to 62 of 228, columns 230 to 275 of 330]
0.0178611436247537 -0.0325109982239478 -0.0373002856257535 -0.0391160554831059 -0.0501107929720718 -0.0119548538615202 -0.000984184119016684 0.000880077385691402 -0.0160694128504187 0.0955638748366412 0.031178076814651 -0.00669362690062281 -0.00656844257011835 -0.0313576225751255 0.00590874779938516 0.621756134600422 0.422771005732132 -0.00488958571636622 0.0656906740478652 0.00317390333235207 -0.012257182948352 0.0510032045690296 0.133537450145736 0.0252816132166741 0.0459953313938093 0.124378673905817 0.341076827640394 0.0461821512209775 0.0543296571706003 0.0167883022786863 -0.000283716857934713 0.036273934052482 0.522427114958703 0.382638139574701 -0.00600783178223041 0.068554013681768 0.0545886020870513 0.089598304541012 0.0377948115766012 0.0629347660348434 0.0648943033812273 0.0605864061649575 0.0515295228276971 0.108422516097631 0.125227868638829 0.190425180343922
0.210450000976394 0.0249477487051046 0.00157974494312002 -0.0153170982311656 -0.00874947382287905 -0.0560190534344289 -0.0347428462785659 0.0109873381255857 0.0112904377293633 0.105670133540025 0.103549280519906 0.178076118038993 0.0633690999529322 0.00886785278244118 0.110983245016429 -0.0186074921524074 -0.0231101801565207 -0.0271010982145321 -0.0653712547747143 -0.0539849199804724 -0.0504456766157307 -0.0282014627446807 -0.0328365746810378 0.113760819149736 0.0745203101372835 0.0267172899002777 0.0692280926042482 0.0429866816607606 -0.0174480133499825 0.0269241541009295 0.044309126878842 0.00959558280506023 0.00597017414015089 -0.0062713149893695 0.245176197758126 0.0798348590496323 0.0665009966514265 0.0927626099368462 0.0515373185887095 0.0612166776438513 0.0982685585573564 0.0606303806288217 0.0737409826110894 0.309968292485639 0.14513162305221 0.165552667511043
0.12499502404893 0.0861465179913825 0.137713709566864 0.446154326534025 0.337074412155833 -0.0452412083388998 -0.0337543500997551 -0.0189752966703487 -0.000205451786785882 0.0209015938342508 0.0514220672585861 0.163079407384876 0.148254301719669 0.048336262692958 -0.00603994467912772 -0.0671900119927004 -0.0674918719632916 -0.0305607074911731 0.00757456184522204 -0.0537967327515673 0.0332547957263544 0.102196153726084 -0.0233480747967596 -0.0344048424864447 0.0133887873070965 0.219164059087737 0.0985572770676036 -0.0143628195263781 0.0180042453370518 0.0316892564461633 0.0518813413340263 0.0293204580946938 0.0324749248240404 -0.00526504025215446 0.0598312053413708 0.18727233236966 0.117041730385785 0.108977380726037 0.0751768316102207 0.0881022316371455 0.109151461370881 0.114303077765073 0.268100052139832 0.0757618871131977 0.088504372625141 0.130694591877704
0.0198072319741453 0.0467716058334818 0.618615425595539 -9999 0.5139388707161 0.47283734808021 0.418403568677791 0.193212200272058 0.553243293073007 0.225007814317072 0.236224003949739 0.161098127334048 -0.0536725471388598 0.0598668093630009 -0.00885520870977907 -0.00929242137839337 -0.042976768633778 -0.0318569983418634 0.00258734025816854 -0.00304038902335735 0.0153680586411806 -0.0424299036363666 0.0206361600483973 0.500523454550806 0.0307244906543265 0.209964564115589 0.0548157246398456 0.0298495076989677 -0.0082121578393568 0.0380896828229473 0.295932362459394 0.315891896942954 -9999 0.579085751403765 0.125344128049005 0.060797056860419 0.124481807246461 0.114509590554211 0.0735980695543207 0.0898294485163714 0.365603092821026 0.105923662383733 0.0700236299694254 0.0640466425146969 0.0674860005252616 0.101758297423921
0.0735393003446171 0.0197130070599481 0.00435537981149697 0.457136656636347 0.558200963308955 -9999 -9999 0.742402739221576 0.538018782464339 0.714399915353353 0.37530869056328 0.097930977605979 0.0624060553252259 0.0125924092624987 -0.0202740466426905 -0.0270699019115581 0.0860299740407365 -0.035733099959617 -0.0507642844634185 0.511772107692001 0.499196991644521 -0.0164227873886489 -0.0340718662896071 0.00638007265104423 0.00103745074830736 0.0500575430135198 0.0927177789791029 0.0190854192906275 0.0353990403831395 0.0609927767889833 0.0516840322565029 0.0190955388850597 0.0344708710034202 0.00580077303214616 0.195953515768621 0.0973183293455906 0.085354973620735 0.0277130241224098 0.0455019778023363 0.0462919628270739 0.218977927334117 0.0868404419853875 0.118504482748419 0.0789855291640007 0.0880830390200916 0.0991551909063833
0.0321364982720062 0.0871964399676128 0.0168487352573926 -0.0119931156474995 0.109193270807369 0.0930174598155227 0.0500241618418831 0.0924384316743277 0.117200361771919 0.173199065700906 0.54865236622098 0.544274822098308 0.68403147229599 0.180513223389786 -0.0853655548423466 0.0233953407667674 0.436208259685524 0.42476463362102 0.148278141122343 0.45435563584579 -0.0692246776680711 -0.0194120719100548 -0.0180854107231579 0.00424062039149503 0.0441691802661234 0.0290872737362368 -0.0431219606693666 0.164960863026441 -0.0325013988828907 0.0150413765601162 0.060590657925348 0.03340297890434 0.0513886275425813 0.0217167851531505 -0.0147631212369882 0.110023919886441 0.0697460819592781 0.00699995643542045 -9999 0.0380111655159427 0.045991090273389 0.0817925033694305 0.0703868513799716 0.116755264951593 0.0977195206433581 0.0748999565226183
0.0283116630290813 0.0502143635855216 0.0968214615020215 0.00361078998750164 0.0713554819299218 0.0851226878531595 0.0927794081615039 -0.0309620924496885 -0.0315980122728901 0.050035722955193 0.121742887629273 0.151289287210415 0.2031415222941 0.119544820986615 0.0819142783764264 0.093243736720129 -0.0841120307875305 -0.0179007467733892 0.0310988949499377 -0.00313288262868716 0.0389701195680016 0.000291787292968249 -0.0362836807325249 0.0215805011547496 0.0182857647473666 -0.0263251098082656 0.0833524457422072 0.433189071272489 0.159679112557242 0.0159595631091849 0.0751569003679211 0.025817790070164 -0.0229319482277277 0.0733746974444439 0.114492128853892 0.0363362849129878 0.0461100096604984 0.0432899858551723 0.0428744830263439 0.0287369469508663 0.203146220911666 0.477275197884455 0.340994342960186 0.178743524248066 0.117157041737771 0.119988690139104
0.169935611501478 0.0342416211763266 -0.00542952879644054 0.0531111141802709 0.0946702669720552 0.0487468236748451 -0.00551158054667333 0.111180684363655 -0.0434832242840715 -0.0517425641090949 -0.0756168199298817 -0.0498844859178946 0.153015871618606 0.0469604296231544 0.074739277067212 0.0488893549646818 0.182385137462981 0.0424205957327049 0.0573052782892598 -0.00485549694210818 0.0502822850494655 -0.0408962086343457 0.0596006074652156 0.0565906897954203 -0.03227608148288 0.134869291938923 0.0504370796751834 0.541041650163013 -9999 -0.0306234855595627 0.0259790135788106 0.0245072340119261 0.0249904150122917 0.0621654590171503 0.0363471410236025 0.0174285631252252 0.0547936136858999 0.0148939601717639 0.031863019217802 0.0241245502277963 0.182597050090505 0.502631252450594 -9999 0.101051559256031 0.112667878547879 0.118926230600268
0.0911049366777921 0.198726694739215 0.190257076596019 0.319732667759936 0.688027624761004 0.580787201501705 0.184642604006372 0.0342743644986656 0.125155334945582 -0.0795080440685815 0.149281629646564 0.0171332005295436 0.0399378941843733 0.0499428892657387 0.0925285868054813 0.0563637226974056 0.367915344319545 0.167117952079566 -0.0364495930717775 -0.0166088982919356 0.114559007591435 0.147962513715423 -0.00160162674466469 0.114108471659 -0.0229911505306435 -9999 -0.0508063467524178 0.0119249032191857 0.0521342710696182 -0.0157909110689478 0.0193914541786803 0.0133134847460604 0.0207045719342561 0.090620231025389 0.0758439973487359 0.0173332780729609 0.066540080279483 0.0609327953364076 0.0518371657666484 0.168329232613165 0.123622342326265 0.177000746718865 0.0264631992519336 0.0847400265284821 0.120925093103284 0.134043169422224
-0.00325522536846223 -0.00357566586252245 -0.0137967712998305 0.0373970743600854 0.174693417087556 0.755587024307358 0.372809330066924 0.172505158538229 0.0571740434605044 0.165373481692578 -0.0600257272463059 -0.0449737224929431 0.029269762140113 0.0784670943046833 0.144336624711658 0.15315926015485 0.348865984738854 -9999 -9999 0.343255747943473 0.075586585153305 0.0595478505438708 -0.00856507104798154 -0.0613355721116242 -0.0798041394967862 -0.0246497908838339 -0.0647023847955113 -0.0599898391179798 0.024192485599762 0.4106451115458 -0.0614274712780941 0.0213173200669204 0.0100234782370505 0.128819396377666 -0.0146086992440803 0.0531026185632237 0.0885800264355892 0.0467103725225505 0.293078143034892 0.363759358861125 -9999 0.135589330156308 -9999 -9999 0.514524243946951 0.477385978546168
0.0560552443414823 0.637595680737941 0.588270347915051 -0.0367441470689671 0.205169374399472 0.679538767680617 0.725374857586081 0.211608315527997 0.123292176468436 0.19685077937418 -9999 0.400450537728791 0.0522224237258 -0.0571325272829237 0.0857670812172665 -0.0789685420117427 0.17132995619927 0.19273693782502 0.625627771789369 0.477121854840437 -9999 -9999 0.346364203245755 0.0894701697121447 0.292728872608634 0.0624041975782639 0.0348965367163523 0.0765767962273589 0.0384588426244655 -0.0258841349048412 -0.0387713179928495 -0.0360288505720415 0.0601401445343192 0.0283122228283282 0.0018725902051755 0.115790795223876 0.0834902908341252 0.10623201451107 0.0756053260664747 0.109993811837065 0.244202666208324 0.0662753973646639 -9999 -9999 -9999 -9999
0.0398133551466785 0.51705403066303 -0.0362756368653644 -0.0457123017490325 0.113894885266619 0.496977200667752 0.485071115351168 0.326941130264445 -9999 0.72021058898494 0.533380432776136 0.740799644782129 0.782468638777122 0.250952870994164 0.27325001124947 0.00266069928668339 0.140893576758966 0.102718499326385 0.0804682249664279 0.0577210406733319 0.0504013328718101 -9999 0.0502242140133856 0.247820606477289 0.121046324868087 0.0655116755544424 0.372499758609729 -0.0690929218279762 0.0333009321762997 0.0162737932434061 -0.00789956678115644 0.0112769398839621 -0.0435754832118119 -0.0478694205108525 -0.037637832707872 0.525127639995302 0.0134468710201101 0.0665154687455711 0.0420756794359467 0.0159350338219647 0.0504428362899513 0.0953001550895637 0.0557470974960847 0.0372172448968959 0.112360213112115 0.216770872390146
0.152950571694479 0.416164374655069 0.654674946447323 0.679692648964443 0.0464815272068236 -0.0103978763836285 0.62639033781821 0.561712471478142 -9999 0.720817433461558 0.720431066496517 0.498718244414214 0.139425539758808 0.453686846370412 0.41153006094799 0.109606089422542 0.227285146020036 0.278750050645874 0.0501882492949168 -9999 0.409184899067902 0.253639428926645 0.387302252859404 0.575913994729885 0.219919027476836 0.0159714459475511 -9999 -0.080662106382921 -0.0451583763275487 -0.0694999224138927 -0.0151764653735563 0.0138536862366003 -0.0225938069577817 0.122395020557327 -9999 -0.0308744895754325 0.548248959812402 -0.0308592157779356 0.0352001659361542 0.389955519048757 0.0709083938822498 0.000567228900327288 0.0571616513560064 0.032380817910328 0.128250627202327 0.0737796382301297
0.703019937070401 0.636556499342244 0.613431316036509 0.607625592988546 0.144142289046539 0.371715230018131 0.341496674942738 0.517297774346571 -9999 0.623768212423458 0.608138733078359 0.555252177457971 0.0629891418491844 0.70254872913376 0.652540811425019 0.430402123050974 0.390638869675361 -9999 0.250803063988166 0.669144608766792 -9999 0.440835550964129 0.328700976424868 0.0828190519743421 0.0658914507458774 0.0411000828345736 0.0556695084775105 0.375376464532891 0.0114266321668562 -0.0684590883689808 -0.0236314447855765 -0.0385932754669192 -0.0363881329009696 -0.0173920693640578 0.00451283465092522 -0.0500652161310535 -0.0239259532548624 0.146427588468719 0.146339338341925 0.0601465116709627 0.0580567082615481 0.0760624906511647 0.215082653191053 0.0364249382251178 0.12246280214056 0.276579823476276
0.292498015146502 -9999 0.411841691014605 0.380667109206852 0.615933329750039 0.384907535852152 0.147719031335112 0.611231251458597 -9999 0.123381041340142 0.0183182528996724 -9999 0.0718933025141483 0.0501289533312231 0.647630477622495 0.443680152685227 0.317074574693873 0.949989630945876 0.724058502650675 0.756931490934885 0.591577755449388 0.384482392818655 0.332467690416686 0.119345279151038 0.148929341003893 0.214995888505083 0.145492176402529 0.12466170316892 -0.0654003472841381 0.0502666190635915 0.191315738599777 -0.0462796491666589 0.177592891423553 0.02380792781713 0.0178380600772548 -0.0409847480653207 0.0119177674701724 0.00647765208946649 0.140876572492107 0.0106290883312146 0.05188546317973 0.0909845856856975 0.31355066182126 0.215729053213736 -9999 0.359294799751306
0.425250927962476 0.336457904170393 0.115687731515733 0.231222061673331 0.350542191502868 0.354070991061698 0.0619735145032044 -9999 -9999 0.699111556592728 0.403140692106161 0.162997505937712 0.449332732197777 0.241722054532158 -9999 0.0639814629619423 0.174655033217072 0.549060450598574 -9999 0.629099162185176 -9999 0.614158211978427 0.221849502289002 0.1185959933153 0.249478224747216 0.0711393909777027 0.223098903264375 0.0866083369174527 -0.0254795715322169 -0.0651250455748782 -0.0327314762090777 -0.00189333874663589 -0.0322115222592571 -9.25495402729348e-05 -0.0695867586297209 0.0890700713377623 0.0615538126752178 0.0894829973681048 -0.0140892329663468 -0.015589870508316 0.00672359684684576 0.0942973958270625 0.0418595121281296 0.0674782207015847 0.464131150110599 0.568547815721459
0.410296821026565 0.401780334582528 0.0623454045940801 0.4166007484498 0.676239587929285 -9999 0.170750728014684 0.378171473225452 0.569531564533562 0.67006817526142 0.711520411870936 0.714623377828429 0.653292611416736 0.666867534571237 0.559231913981569 0.00253954886907387 -0.0193881403652519 0.032532571989908 -9999 0.709699342841544 0.468457840482883 0.0198622973104151 0.231758514378345 0.18607807815791 0.257169781608036 0.259772309613621 0.502481757202722 0.0988060311315138 0.171943772386351 0.166960867641781 0.0408883021668467 0.0954827465336233 -0.0356568574589313 -0.0384028889237581 -0.0700184979874822 0.378925943760507 0.37520665979741 0.214134493479485 0.0465976821525715 0.0639858125475756 -0.0315855359699274 0.0465831111967752 0.278631074017756 0.23619680918596 0.104718784387694 0.19955227961154
0.0381623402687478 0.431263331128422 0.084828673926746 0.0446002248939779 0.53150476079854 0.33842698562146 0.222620026422766 0.171998585999796 0.270979988283162 0.40283440657061 0.741264144898747 0.735413879104186 0.568546887178851 -9999 0.684771791231078 0.0444222066028961 0.0796715647261032 0.284498768552587 0.679897904401353 0.0824683837810684 -9999 0.601290908255383 0.499602215276928 0.179169667020298 0.343432972846637 0.472353667139064 0.475095894174274 0.52103211818082 0.124256807523389 0.178480801909704 0.0398641630061318 0.0582261246238584 -0.0524203631958249 -0.0183054341934858 0.00215571283669169 0.110260592556907 0.492063047409138 0.219464640006583 0.223151975921338 -0.0455072780253458 0.0617651572177539 0.048761586360156 0.170313636160615 0.139255272510945 0.345833826309357 0.132475270475451
0.0590717655298987 -9999 0.594723396454776 0.303131553109231 0.706023215503719 0.450303798809015 0.337198348563144 0.350565317397695 0.558967409954618 0.466842606012518 0.0521113459658397 0.0500703111820368 0.664454543864011 0.442492092626618 -9999 0.735638354628068 0.458428832300114 0.656653800061168 0.50618425283277 0.50620642726811 0.63880498955077 0.721014480845213 0.628171761066907 0.314201554988864 0.558324579814002 0.590924260601865 0.446962224411756 0.662437201082841 0.367617914534168 0.249385563171773 0.331678192924028 0.353115288923243 0.358075264212713 0.194517996788431 0.128100488566773 0.122504926716085 0.0644194508314598 0.0864603127869484 0.305967109410726 -0.0316403856151887 -9999 -9999 0.0188542417590787 0.246062133753087 0.425021869410405 0.455428442664863
0.351710224264711 0.620757783336209 -9999 0.625907230439185 0.534769249982359 0.660080883922077 0.622994314680021 0.340715942928152 0.203170324829533 0.0680384342407075 0.139809103378879 0.0812831356679901 0.547484349225702 0.527242847147662 -9999 -9999 0.620328215787591 0.541440290086595 0.67027906340359 0.142640697255764 0.275875824093116 0.541723742224963 -9999 0.617504036551642 0.619038557679288 0.506752855782003 0.626833744431622 0.682078816489021 0.513640852516188 0.534728969454195 0.395929737562878 0.187233512727419 0.185458914048945 0.343676469621333 0.321767850873303 0.196322699977428 0.131213727524844 0.0137741411447133 0.136685343337659 0.27182106104139 -9999 -0.0156426753485615 0.384632372442897 0.273258246354799 0.468517743450883 0.418390789059024
0.381148509111802 0.0945942229575218 0.466004303754206 0.164639425873389 0.763916682985539 0.649509280259175 0.271382077168183 0.271899674791404 0.684401933102361 0.610561616095984 0.0564432157142958 -9999 0.5649064508231 0.558834584875583 0.189080742428178 0.123433737690871 -9999 0.0298846928387132 0.780231214561138 0.798999602754088 0.189688302499469 0.316653306095409 0.697263704723238 0.659230618732931 0.447893026097549 -9999 -9999 -9999 -9999 -9999 -9999 0.491818172283524 0.3106713883235 0.387876889295995 0.509704458433314 0.289035265778971 0.377678131697391 -0.000763552803783485 0.138175496928217 0.0814175616820011 0.187127813096599 0.0423360280448175 0.266367545654773 0.0526896464024601 0.300361298508805 0.270647202982877
