resultados/modelos/svm_pseudoausencia.asc
NCOLS 330 
NROWS 228 
XLLCORNER -12 
YLLCORNER 34 
CELLSIZE 0.166667 
NODATA_value -9999 
[rows 160 to 179 of 228, columns 180 to 224 of 330]
0.279124870501391 0.171371588812039 0.0462918311369991 0.109987093669385 0.10059117780824 0.0885044323541354 0.0495014797236664 0.157259278447833 0.0817284238728945 0.114908027850105 0.161058569590863 0.186874697090369 0.0905170385869921 0.0654837680530511 0.00376545975556652 -0.00505687713230252 0.00522337968476444 0.0257442203772412 0.0398464114399418 0.0325193901364071 0.0715759042924449 0.111791955043142 0.184860819473316 0.618782806027231 0.310736560796444 0.610847961217988 0.298610985987843 0.664899106371003 0.306831435021475 0.281343782519407 0.298277796539233 0.282078259128788 0.358554945568147 0.225952044012021 0.231407375079709 0.248990382840186 0.192174842487073 0.525627903920314 0.549235706858175 0.105015067799467 0.32060750322225 0.286026080749991 0.0768764162311653 0.313487067762417 0.414044914340186
0.316048793248194 0.230748051672076 0.113429684792191 0.142035646008374 0.196559069657507 0.141603971332601 0.116289632898569 0.0141357807265168 0.0345720635981372 0.141435853749782 0.260761260008444 0.0970164647806598 0.00570428981247423 0.119444187223222 0.0653346381121033 0.0201981977113281 0.0525410315586566 0.0296952998160349 0.0603390352022029 -0.00518268426606505 0.187527681677932 0.0744786177909919 0.348812328302168 0.294599878097645 0.233892497429305 0.454904730178143 0.367545672072282 0.220463805866725 0.198639803161656 0.349385787639321 0.505380085542887 0.048502967887284 0.163740486270587 0.0604012292522857 0.00910996996491042 -0.0350916118765276 -0.013776299720179 0.370845504695676 0.451392345727119 0.0862649106903966 0.26395928232392 0.0549021954321355 0.103862921173385 0.129990339735221 0.240891397699528
0.27695266501113 0.38315752132157 0.300380229622227 0.144363240403163 0.163297364026659 0.132095071566141 0.112475171005898 0.152889874747673 0.0829111462896515 0.00290827832049312 0.0129225922762096 -0.00887569972972768 0.0061269075557111 0.06114322182163 0.0422116769686391 0.0656352317103693 0.0468076514291948 0.0400666414561443 0.0801356506790577 0.06881990129348 0.0144843704883594 0.24287728695637 0.221286795759131 0.248830508452873 0.324486882841269 0.372926481902421 0.275510201559852 0.369847105863434 0.106997044046434 0.0969172552381354 0.158857599022613 0.168904377860297 0.0757073332970911 0.0374476581685991 -0.0159108366213598 -0.00581772640147554 0.0153031890085144 0.0987222388571644 0.0586229028822399 -0.00887781318422015 0.156463417824969 0.192267496238694 0.0667384416548776 0.0673487513791549 0.0640999902192221
0.362041099893717 0.330345637941496 0.237445713809544 0.340065139269611 0.279082008654838 0.256271057061441 0.108118726808679 0.0182716817532467 -0.00201760581247701 0.00174164062338761 0.068266377284711 0.147884859250167 0.0856669737311888 0.0436024267023564 0.398251387707611 0.184999129850238 0.0682230115819139 0.0740392270126912 0.0886314959896381 0.0974432484635991 0.207056862429754 0.234552315089257 0.454672644862177 0.286132759807358 0.291669410829381 0.327643990651704 0.436250365976577 0.420838164116681 0.20446240959566 0.0741764782217887 0.0961777277208865 0.0761133408311001 0.10524283813098 0.134822864538513 -0.0163663099255397 -0.00939020364333915 0.0044142795560797 0.0353640963819752 0.0299536505728862 0.0120842642444138 0.0225763300182674 0.0484798588028247 0.0252131223621476 0.0201036797570178 0.0121363511163711
0.312287054713158 0.198463288856756 0.235449701944494 0.391524880721975 0.279272875341108 0.254976507403365 0.419374626406108 0.0931622853291713 0.277453175046753 0.234278390221302 0.152269148189675 0.157008102548181 0.0452189757086086 0.125219421614189 0.297775864555687 0.236694960645246 0.163870179433192 0.0434883465157769 0.00531653984647201 0.0523679171702514 0.0628140707705823 0.310426700011895 0.503777025514189 0.369770214019566 0.358744647667395 0.591301612793906 0.316385302395209 0.100235747605448 0.13041873782806 0.0978537316732506 0.0710149122219806 0.126080874692574 0.095505307515705 0.0506319464814109 0.025521516022364 0.017461715701744 -0.011441936437243 0.0461154854492878 0.0250807298025942 0.023126264067535 0.032138826042962 0.0554252128796362 0.108740485062053 0.0715750398724856 0.0173699227565086
0.343788007534781 0.273145462359853 0.0975573492815593 0.263087008622223 0.128506463472659 0.246586810969928 0.405672921887182 0.342171341809663 0.336125195751113 0.261327889564776 0.285016103032959 0.196620915389801 0.121591681221517 0.147822059444494 0.15055128744039 0.0856882607706926 0.0508707188890063 0.0327829277968884 0.0397696311205041 0.114647603019138 0.13889653811616 0.247788294640719 0.293158772482367 0.274168510418983 0.194334951947171 0.278931598255863 0.280782351440681 0.16140944287438 0.0775570908747712 0.0856624544148269 0.108561147244268 0.0551828589971011 0.0185985869621418 0.00691600497765194 0.054096315857487 0.0576703633642253 0.0275930607721205 0.00496693437139611 0.00960818193737667 0.0214549945508893 0.0117586638997578 0.0637354581194954 0.100028211914342 0.106670857936006 0.0656472016162558
0.182877689603137 0.198861368668137 0.14302739051438 0.194529461351415 0.13623927079806 0.186746470302199 0.233533771612752 0.289186526556713 0.42405980175072 0.349555445143261 0.337103096081778 0.298623319059848 0.208450007605432 0.309034835584052 0.26879316587476 0.507367626636421 0.138868190132885 0.134872246035389 0.0625578997948282 0.0899749964054241 0.272770406181885 0.152536588041968 0.268526763028252 0.223005755691992 0.215055280989633 0.340714787374058 0.132199049577083 0.0744240450854504 0.159021540113408 0.0947065352945581 0.0981133232430944 0.0826864979650642 0.0610938246850549 0.0268476053398601 0.0399950615958972 0.0637219511693349 0.0788309059885123 0.0441216935955743 0.038571048831795 0.0699620649870107 0.0396537331850427 0.0295175524239316 0.0430183162316558 0.0115966589834143 0.0281768843817861
0.273236395505638 0.19647691120738 0.133168450230648 0.107710863185587 0.141312038684574 0.186390655193167 0.192177571982025 0.196975401247407 0.186134188982573 0.268439487361073 0.301563468419591 0.276851673640015 0.317137395747645 0.288452729720318 0.357501898089707 0.417216759953817 0.209317101561203 0.0716476711302945 0.427567551372275 0.151566570942812 0.219148497710145 0.239192994449719 0.0484679921837862 0.207008822098435 0.290277484245876 0.281792024774823 0.139455110413663 0.108550942389645 0.039857623540468 0.136554293214939 0.142331318445684 0.05534188247343 0.0273730980885011 0.0225360705530035 0.0219986332455023 0.0705516396516452 0.0976852834475762 0.0529477768944296 0.0193239461053028 0.00582762663020037 0.0403320299653176 0.0204582669330376 0.00410638710376887 0.0182482326944728 0.0604635476742689
0.164836942504112 0.183992957534283 0.22531177967757 0.139832533462815 0.18636530706431 0.244093301710977 0.201184426756329 0.164689947270801 0.156312481771184 0.281064391995134 0.0727077363875109 0.341942095828971 0.374609403382859 0.395721718596106 0.23887369326139 0.382053873102902 0.356278346797414 0.582001398349795 0.244081409766451 0.326122212314056 0.154538744597612 0.470402756933555 0.196342879276142 0.263524416598903 0.148876020089286 0.0854570921663106 0.116191248482232 0.055598605907245 0.0563717370041888 0.140319837742383 0.0476441671711061 0.145674316856421 0.118255678836414 0.113320961391611 0.0255484874495718 0.0227900910341511 0.140401507957944 0.121295622234701 0.0489597035689232 0.0284092135180644 0.0582889335571914 0.0268998002380701 0.0638451347532107 0.0408380044213948 0.0177644321886128
0.20089215203842 0.292897487260484 0.0750419629311624 0.108926447920679 0.124524854441935 0.132046213120941 0.189682501117161 0.226626187186867 0.144618509651353 0.335974905985688 0.334627228322934 0.134628202888597 0.265382900235437 0.317927230186243 0.391232478023862 0.217929358888954 0.371364517851341 0.496844253159539 0.318685688560386 0.374229312121779 0.0519934344890869 0.384749001797149 0.247496348875976 0.354785044766383 0.3023609348725 0.233714407615826 0.193754463438165 0.100984075592288 0.0683235780550815 0.120931560619419 0.15115773309257 0.0539869241433512 0.0199001480811862 0.110965271256845 0.0976121145672442 0.112218615079653 0.138059959447554 -9999 0.14167080403283 0.0951709431409857 0.147112204076831 0.120174162200233 0.14333380133802 0.140618062745708 0.009053587575927
0.277441321120432 0.164898116417653 0.163884786550863 0.124186775268807 0.0513102804903986 0.0712761616470516 0.1036006394526 0.0469399444779234 0.0373592309855228 0.15621069927679 0.535332111490512 0.23168860243152 0.230804306549671 0.280190536482618 0.251209285255708 0.196760918618951 0.202454560243778 0.486820082905025 0.242021957317456 0.0897040002825428 0.297941765344178 0.100619749972906 0.397688544184874 0.345422739094814 0.299888795025875 0.308025150597345 0.161537832670705 0.0485290007878922 0.202404650752857 0.116078499975833 0.0526216704102543 0.0217402747237379 0.0526114595568696 0.0435284328236945 0.000771001748711642 0.018759662405561 0.0354837415345953 0.0392513903561144 0.0390175212737286 0.041271653928836 0.0275952597627097 0.0555574039830206 0.0428952517462443 0.118223608937642 0.118294823944743
0.0480819145590652 0.196833353285206 0.311795083612988 0.142283653439172 0.127908839759481 0.0391279600576172 0.0556215736579929 0.0846583572300884 0.185309779834645 0.135218327893353 0.0979741415095325 0.299461431786174 0.304581401647133 0.195870824902792 0.222503115219207 0.201825988376258 0.189891230535318 0.360179439410949 0.388175591569638 0.310859269928263 0.155314625940818 0.414294292868866 0.168779711860404 0.371980450773561 0.337511501120998 0.291556850507584 0.150374197379204 0.303257333042621 0.24170086232614 0.221759459369044 0.155761715092651 0.0208445061089849 0.0202000987993017 0.0514715411404967 0.024319302884454 0.0108795844702414 0.00537532015754671 0.014984197779943 -0.000634593504649839 0.054439640941259 0.0377570311184036 0.0260285201550446 0.0324128508615721 0.0421393293450732 0.0511594671843246
0.259178566063194 0.236823576310676 0.162274270744258 0.0971526998175093 0.351110906360575 0.287533524851799 0.20746510607483 0.123734965485748 0.144027881534732 0.0483568798146152 0.101973071316518 0.465258498263413 0.311020374266895 0.281286339718517 0.233468417089737 0.216293753819658 0.356282958810816 0.322995372893538 0.19169160951652 0.255057250613069 0.219482442757448 0.24840718530059 0.0244283550932976 0.200219706490864 0.373739677850363 0.277854912622162 0.363056890063548 0.377111688668109 0.43989086428983 0.223020895562898 0.201955436086912 0.241958965205364 0.285450210084952 0.1732846312083 0.122679923629873 0.0961876918924818 0.0382577829300301 0.0140613727957089 0.0588034438715913 0.0457767849860393 0.0485549864796025 0.086878830322328 0.0815882231024365 0.0165461986174824 0.0155248350569689
0.149386774641204 0.207276224569495 0.286079189848107 0.161136481092459 0.254731402912754 0.41821641374697 0.509040693037415 0.436914407500741 0.132963456230693 0.079118335300823 0.119261195920451 0.365840166345054 0.330503422270751 0.312619622045983 0.152538494608213 0.168332190303268 0.203794135276076 0.324559236940161 0.271577660097347 0.304509200659512 0.103887201075756 0.215500916503742 0.104228476949454 0.0624543744309679 0.329309756872781 0.224768125054808 0.227686142685037 0.345066886349689 0.415492899432649 0.392659535497734 0.579240028976585 0.645713269266686 0.509542029335042 0.398394504014196 0.318908811585484 0.332137165722704 0.280760379333106 0.138876258774197 0.0291739508107519 0.151604349774172 0.253691835987758 0.0932060318957674 0.112494837869177 0.120907577636957 0.0969054789986477
0.115004028421658 0.166294248335027 0.165429379929258 0.27348489704337 0.0485247876184554 0.13079744303125 0.173236194445529 0.395158510787532 0.432731067115071 0.184501357997476 0.242619082198509 0.148226982433812 0.378249711462499 0.148450234682258 0.146043790893349 0.193760436528194 0.170627550835814 0.311043938867427 0.308553495654805 0.326180695451321 0.157817666412493 0.203989097618369 0.229686492257416 0.275087482575199 0.474324379531154 0.235367815439713 0.376991353087913 0.310083125250996 0.246978443260848 0.192401782538235 0.213610480205134 0.42660727646731 0.562524103286589 0.373939002090556 0.33681523699841 0.276481821609928 0.231506698972758 0.308256708535604 0.191582335376329 0.171112219748903 0.356366902679378 0.241686186145558 0.229084675612865 0.320540153512399 0.414148715398819
0.0409180707462775 0.0726909030184911 0.242090445310233 0.211354290119398 0.233825875798403 -9999 0.254958745925089 0.300901726170224 0.304940210383089 0.17363115681086 0.164118592794262 0.197164953439364 0.230489943022012 0.190310609729584 0.378193878167435 0.157631162090675 0.154859112308475 0.186587651054702 0.0333711265618252 0.356580505186381 0.186980028892463 0.140489596827592 0.22831320047842 0.351315425441091 0.545286302437864 0.399264526102202 0.510895467225374 0.266240932035817 0.198991979538584 0.129523699254035 0.17591381576153 0.299964435656024 0.248943810534857 0.298171458057904 0.401582367534918 0.382092339694908 0.492189388166147 0.376113077508537 0.400101630075483 0.308447299101992 0.36415713022246 0.262420772681475 0.283649863537555 0.407103445893911 0.347097820692672
-9999 0.127352730030779 0.247092393234671 0.330510872621695 0.224749065532341 0.195963197321203 0.247873690251925 0.460954728968141 0.392387588432579 0.370501433729384 0.0499343592365566 0.27192628164706 0.637936781999054 0.317818986676082 0.090249092855317 0.139335945118364 0.1530126412696 0.20261182718177 0.0102850464026628 0.327961686659771 0.179943619680393 0.229394219120696 0.312030067532612 0.363410360927516 0.358347719050669 0.540065576889563 0.514898442550204 0.246096743577812 0.193723617659975 0.177549265719417 0.212940111125303 0.394036694597772 0.462155141763024 0.345214689474863 0.191802378336855 0.183286096484881 0.248877958256097 0.46975278457704 0.434558701299743 0.246882433412948 0.139391397939537 0.185136190172673 0.305419871480894 0.355128777375499 0.123446521864037
-9999 -9999 -9999 -9999 0.283690302766638 0.275894262563732 0.00131943478411767 0.103008324528152 0.213458759876697 0.451084929490445 0.593838103050401 0.572622425085733 0.437333274580266 0.273386373571297 0.0791319568489024 0.0690014287718764 0.134672340490595 0.314543099175473 0.248536501952586 0.240426866563774 0.144905542672705 0.278391614575246 0.155569348494768 0.205378461705696 0.29102692940287 0.459110680120494 0.336299157929338 0.260154264831995 0.333362183239013 0.310124345585709 0.188972142833372 0.340176211819814 0.248488118736752 0.306459503900009 0.270811065046751 0.332375133829295 0.210757065726033 0.194596046610715 0.101776138541692 0.206680866038319 0.0484515966031874 0.157332941878483 0.168209911867432 0.180938712794362 0.164596799509232
-9999 -9999 -9999 -9999 -9999 0.214651886218452 0.111488308105019 -9999 0.138369055957452 0.429760405570937 0.412043044780005 0.442022230855618 0.295240263702775 0.3231732960597 0.230981171743551 0.211103607363346 0.182232701569226 0.281824763130548 0.351550120014951 0.484929399998195 0.315963872793597 0.417284528479147 0.0375041898748036 0.155219577161702 0.263383877818712 0.3216012371699 0.403084999021204 0.394520206076882 0.0484643419688416 0.187522768366911 0.097824773731608 0.337534025021656 0.383378325463782 0.3789536787693 0.336542041758505 0.434409932498209 0.0961517219663824 0.0368733714609612 0.0291995415182247 0.025397991660463 0.081677973497091 0.048414896623648 0.0119611711416649 0.0320207639347417 0.0433558111244797
-9999 -9999 -9999 -9999 -9999 -9999 -9999 0.184080038898206 -9999 0.0565044914933409 0.274281882298576 0.305585121346745 0.234061947166599 0.290247640119029 0.286400912244075 0.44262017740832 0.4121505028674 0.328493056347666 0.302947933782069 0.115204839730016 0.186299757532825 0.138504999273131 0.0252932467235304 0.0417377988539732 0.105778588607935 0.31303258930034 0.415848033562041 0.329922695282399 0.180438354008575 0.322353457043707 0.0929821931412732 0.32250296731663 0.750874119802814 0.403973701786987 0.575115143732447 0.686259793128385 0.546723139288446 0.24888506037049 0.098525073993737 0.0984690152834816 0.207801098624407 0.0650597508151472 0.0197396235357877 0.015334057920598 0.00910125544336027
