resultados/modelos/svm_background.asc
NCOLS 330 
NROWS 228 
XLLCORNER -12 
YLLCORNER 34 
CELLSIZE 0.166667 
NODATA_value -9999 
[rows 120 to 139 of 228, columns 132 to 175 of 330]
0.00705531632692226 0.00858679016278762 0.0104883568225079 0.011055570417723 0.010260971600976 0.0085818602043679 0.00891831819355311 0.0103906192789935 0.0113263862474131 0.00889689429820273 0.00816512541199856 0.00899694702778283 0.00830922230332021 0.00843490707414917 0.010083130071728 0.0104422460708311 0.00843608216685842 0.011391907677142 0.00973476279317098 0.00868792501547426 0.00996086872713724 0.00967328863844005 0.011718797189341 0.00819500772973055 0.00824709309615986 0.0103814193147814 0.0137022690470368 0.0108512125351668 0.00761348876367598 0.0102310328293797 0.00986844712980303 0.00923827125364533 0.0107599401585171 0.0117193610890966 0.00644601617290697 0.00928856895625014 0.00931232403492055 0.00627987341559642 0.0079250246971762 0.00655568092160985 0.00991273520658095 0.00772696751231801 0.00900667515254366 0.0089079084677699
0.0108079490818948 0.0122365905473952 0.011794150307777 0.0122442822616247 0.00796923417461693 0.0108652774240853 0.0175761541529273 0.0122445202386724 0.0109918808170719 0.00980544746481854 0.00734536667395896 0.00860205416390172 0.00961067745912389 0.00800273491812703 0.00962472481852781 0.0118100739780553 0.00987220754413464 0.00999250301381314 0.0108210866685286 0.011403527779504 0.0100141149844977 0.00937631000721297 0.0115159009972162 0.0122485610470705 0.0101051042249179 0.00951531733713672 0.00900242712610568 0.0105630466998208 0.00905694979718087 0.00788270530375254 0.0075208207465063 0.00794780543170481 0.006547634457671 0.00766974500623736 0.00949777474752488 0.00602364404399771 0.00859748214976758 0.00700563370617508 0.00686200556654713 0.00642966623403547 0.00879935080183501 0.00910736071838316 0.00983979178640807 0.00970715857664334
0.0113301738811327 0.00674996375018176 0.0122337976791671 0.0122512647615615 0.0127853146316826 0.0105523729154736 0.0149896605420326 0.0122658080811949 0.0084492953294796 0.00853307552155232 0.0103477259315001 0.00893056323227498 0.00932983798174956 0.00767840572729897 0.00977576718333428 0.00967653211771844 0.0105172231442665 0.00939465908308755 0.00866774727026725 0.0102316827197302 0.0108130668372125 0.00963362233971904 0.0141072261456973 0.0115987956653448 0.0108959657322564 0.0119143516935531 0.012658628471555 0.00997175879730828 0.00913857090413091 0.00790229711118601 0.00693529982552418 0.00941400459122111 0.00603173074313246 0.00504807104439352 0.00652129946391625 0.00644979379770799 0.00790310459920959 0.00764327650053636 0.00583950161708724 0.0070022400470838 0.00536463121734876 0.00674407055127321 0.00656943803850552 0.005193836047733
0.0107702876675517 0.012278068821592 0.012280389934653 0.0122836200564711 0.0122494588117193 0.0156965178357131 0.0122494742268398 0.0101741531032502 0.00927500714080592 0.0104411859780086 0.0110515538352322 0.00915833124758626 0.00783830832367682 0.00738015205743278 0.00813382644653509 0.00717329872820219 0.00806877452663472 0.00808490136915068 0.008913418429011 0.00961421860052169 0.0105045351550872 0.0102679522168603 0.00916785398640616 0.00940234787489383 0.0121989728779814 0.0115856630074143 0.0122236878890003 0.0118942802584663 0.0125152104553256 0.009721021034616 0.0106554660448873 0.0108298132328009 0.0105636505941616 0.00871505427196893 0.00924418565517429 0.00742378776202078 0.00537751970983432 0.00760621820140822 0.00669064070131605 0.00695611718026034 0.00491907781649378 0.00846265482179501 0.00492507189219701 0.00862055743520265
0.0122151991336147 0.014478341189531 0.0165042066359143 0.0110564549748415 0.0112688673567795 0.0119645420438073 0.0111293240277723 0.0116393961484382 0.00976219716254953 0.0114919134694123 0.0117367057626168 0.00800800742241821 0.00743524098706811 0.00767140067371377 0.00813847863384925 0.00800880106236767 0.00813973635575091 0.00879789095767088 0.00909637637382675 0.00790288340060158 0.00915189417385286 0.00814586312169372 0.0130526976061992 0.00948069287089526 0.0115242760951758 0.0102839676855429 0.0105032676006827 0.012264687449911 0.0132798098015607 0.00901027276461176 0.00647530157694686 0.00842529095490465 0.00626308181007002 0.00759732175425756 0.00799476887393941 0.00869153811857034 0.00647427040753203 0.00727033885914826 0.00652530684103523 0.00719207495375418 0.0075466343082936 0.00811576171564191 0.00804481804875366 0.0088653307939815
0.0102460572618082 0.0136976078045896 0.0110718019014377 0.0112101121604407 0.0125237107715946 0.0122782164268905 0.0220406751602519 0.0130466219866254 0.0131879987116915 0.0102986894315356 0.0104786750103119 0.00950761630281053 0.00853367938413089 0.0110081495895484 0.0107775212657092 0.00834596986353858 0.00911381198069302 0.00807903364799461 0.00854603188330443 0.00886609949347532 0.00846612594893815 0.0122792402425276 0.0386110350225665 0.0086047191817626 0.00835135492940983 0.0203333336642666 0.014207086161981 0.0138708384813008 0.00881019456451206 0.00793779949801037 0.0110867239071801 0.00996909317909957 0.00725079365452128 0.00820663765384251 0.00387504878662151 0.00586090361719662 0.00707750412019 0.00978532028579964 0.00911509670570612 0.00954041103962624 0.00924209033169854 0.00850302645759565 0.0111132441636104 0.00678378386492953
0.00896804449261556 0.00974786583726057 0.0122447244608376 0.0568149108245113 0.00913082236356086 0.0122709808691061 0.0123169716341478 0.0121844217960341 0.0133587757204914 0.0106849903771168 0.0115814912406091 0.0118192323048139 0.00905498731852781 0.0122766473454466 0.00831811171064361 0.00851775087495145 0.00882659495699895 0.0077584423099307 0.0116858504566945 0.0122694775137721 0.0122522587976348 0.0167553046763558 0.0310124846003107 0.0122857179546327 0.00843859895932835 0.0083933890600371 0.0101808136006928 0.0116865688103933 0.015490884263943 0.00998486162158616 0.0106858472022289 0.00967621676591231 0.0115321316740724 0.00951355085807128 0.0101815155978828 0.00355403879299823 0.00602081617702008 0.00840899882204233 0.00874897100230108 0.00996270712062892 0.00812080832913912 0.011746602966446 0.00876936864548554 0.00885343303656663
0.0104614229135091 0.0104476072328387 0.0110114676541498 0.00774028909371252 0.0113361353335956 0.0104754026546802 0.00660275429381714 0.0135203556541749 0.0122695691052453 0.0131077659202204 0.00968139849875713 0.00915671544303665 0.0108606884024779 0.00890169152665781 0.0156042574744855 0.00865482619615774 0.0103596792940281 0.0162519531745634 0.00908702604602821 0.00926315923480068 0.0100896888730124 0.00810439969376371 0.0101517363702899 0.0131447354576523 0.0122759959958898 0.0121684021343631 0.00953331396439247 0.0120332250388815 0.00886475638799563 0.00955519107445571 0.0115364638402421 0.0122366026642525 0.0122148942274081 0.015099317291545 0.0122831904034253 0.0054271357057417 0.00612588446073347 0.0119054965523889 0.00806915285817044 0.0108109701859514 0.00881106930439715 0.0121530912030838 0.0109488204057539 0.0122741747212317
0.0083552999224329 0.00761408882058334 0.00970350085546112 0.00889797180119299 0.012282638059764 0.00893143232950295 0.0123010693622116 0.00952693419296553 0.0129874405195292 0.0122617767565321 0.0110183331180828 0.0104348201751229 0.0122649036763575 0.0123103678066158 0.0262612842910888 0.0164081029915542 0.0111598016206841 0.00903347064005732 0.0106738855222391 0.00635210643806876 0.00879186336055122 0.0084125617999125 0.0105401976071258 0.0122541700220598 0.0111890677171776 0.0110615638207656 0.00655984243671327 0.00690090849909105 0.0102150940304995 0.00739673269585811 0.00868337518596801 0.00822832950236524 0.00691156878116524 0.0122851900005566 0.00891245282477738 0.012202293074124 0.00395648810419184 0.0040000232546654 0.00613381531946305 0.0109977257341387 0.0115698748574511 0.0119115296502003 0.0108220081899697 0.0101492437853718
0.0123000681760591 0.0108402148027654 0.00852663531972233 0.010217837456518 0.0104003640051343 0.0106458420882759 0.01229980054551 0.00891713413723872 0.00926568255927976 0.0112549018506123 0.0104319531407892 0.0122554544458568 0.0118980893339636 0.0122324531215264 0.0102067854783104 0.00898418049135357 0.00954512923807404 0.00794491919339712 0.0158639625316913 0.0122719232193346 0.00963562529820651 0.0135696004227907 0.0149791074408527 0.0126514030873863 0.0122976182465416 0.00983626509195834 0.00886563813972753 0.00737650376428547 0.0122627745522493 0.0121857286036589 0.00903100263466902 0.0113915547946001 0.0102271073290641 0.0105284443457268 0.00992703153343638 0.0110964858193044 0.0105673499816897 0.00728147859729915 0.010295792887372 0.0104362474568273 0.00721851276551868 0.00743262019965965 0.0123146816296346 0.0122571491714857
0.0085169848733733 0.00989631884961444 0.00809326601513141 0.00774438297784215 0.00790875488315269 0.00862719159156493 0.00989760807631666 0.010693565205751 0.0091091042502202 0.00953247626215066 0.012648009171756 0.0109095221417144 0.00931347856345181 0.00926070455635665 0.008051088848944 0.0114575306730883 0.0115334413096632 0.0109157939785247 0.015076984206778 0.0150562692760924 0.0111991107947643 0.011251930560272 0.0113009740298012 0.0106678707207663 0.0158255555974555 0.015537322276978 0.0122668215498756 0.00995606611393682 0.0100252881869456 0.0129682551644517 0.0113740318548795 0.0109110418030399 0.00976854610720247 0.00928021497048418 0.0220197568653906 0.00835224029144175 0.00947266597334608 0.00783072039801419 0.00992416191657155 0.00869568695269235 0.0122509587621013 0.0129511535554435 0.0115721124150152 0.0145071070775113
0.0096980207945082 0.0100338330002772 0.0102012538230782 0.0109151229986847 0.0104747712440533 0.00891849129560588 0.0119821166440975 0.0117311924900589 0.0109181388318996 0.00912690950345727 0.0129152244455728 0.0117106936738535 0.0108246183033099 0.00741177548540604 0.00813152024355256 0.0118763910503644 0.00994331133860282 0.00839383725224293 0.00913344128762105 0.00760853100120462 0.00922117909036957 0.0110047230723982 0.01018672198442 0.00770295494737904 0.00981907954043658 0.0114119233486658 0.0124548288677123 0.0109315906722285 0.0151259771590141 0.0115483738919797 0.0238553949156272 0.0132451098263828 0.00925199243067816 0.00969825180415019 0.0121198535873289 0.00941474575396967 0.00540018067686361 0.010363736270646 0.00628717858794129 0.00775977851829066 0.00915565335596378 0.012077909389852 0.0111187380412535 0.0115298996348075
0.00700404880590655 0.00880293181752929 0.0122708549116888 0.00940994092095864 0.0123451456085816 0.00844710193618693 0.0115661733649725 0.00889621367728564 0.00810697385922022 0.0108639611673352 0.0123013014417281 0.00895409570827912 0.00876718632180622 0.00751591504612686 0.008079425986246 0.0104011704894014 0.0172589827764758 0.00691688319365198 0.00726307425346172 0.00700595841054143 0.00939003072017317 0.0085688047805447 0.00705174630820486 0.00847485718857987 0.0101993134996529 0.0115699115241318 0.00982504548637238 0.00929850641209387 0.00784393284614286 0.006040427553068 0.0120261258544288 0.0122493871045571 0.0119713830464881 0.00796632388821945 0.0110288966286456 0.0116370810708372 0.0112777149529706 0.0107356179353035 0.0101674415147342 0.00912065705057031 0.00579915515599842 0.00943609747810848 0.0123628960375154 0.0049911081077796
0.00662138696437995 0.0100091859270266 0.0104982452508596 0.00901670634413948 0.0117110680206065 0.0142674015050979 0.0122570304336111 0.00990551881610821 0.012251880860076 0.0101939005241954 0.008777262494287 0.0108296896843434 0.0106066538878946 0.00773404276957081 0.0109470797230211 0.00848491047626357 0.0102051254921905 0.00755876888364241 0.00966740559032526 0.00961238790305934 0.01386751644559 0.0112829576951535 0.0087981605558302 0.00989863561678301 0.00706814382895239 0.00778370531026874 0.00592559098092345 0.010026952684673 0.0100214356138481 0.00755652458965011 0.00902332721075052 0.00610570598298869 0.00830203027082897 0.00702990291723686 0.00536193793921803 0.0098510382811759 0.00752562938908034 0.0110150101577611 0.0105209516299093 0.00729525426235897 0.00700493474860707 0.0100243427454572 0.0127796993136666 0.00972339156721562
0.00713196436468807 0.00871597546819847 0.0085343882657715 0.0109114601862424 0.0120075374140565 0.00931300501264525 0.00919887979693129 0.010997683510656 0.00947021578763335 0.0111401911328093 0.0101860057929954 0.00827145646484774 0.010947688405103 0.00766462740859219 0.00781722744802807 0.0103392611574695 0.00768004979565421 0.00936661160750785 0.00903475170835801 0.0114583975275713 0.00848088946182027 0.00745483623118898 0.011607342686811 0.00711280326761963 0.00933394522436558 0.00872425267530967 0.00600261282706553 0.00864196324920164 0.00913597973201025 0.0054349076997779 0.00738185697850804 0.00579794276055292 0.0105468004169295 0.0100838823538683 0.0100404472707638 0.00852145240037532 0.00701347696231152 0.00812081726303878 0.00719755826693139 0.00730015792829682 0.00671261923732266 0.00685074613425844 0.0117335515078613 0.0123582300257381
0.0065101647361133 0.00817349070853452 0.00951649539414592 0.00981137170493212 0.0106478054410941 0.0102110782875808 0.0122115303329991 0.0104897386599198 0.00888008322994531 0.0117612864141604 0.00849945048682075 0.010903663499463 0.00880884371875746 0.00854863796746086 0.00755181439200145 0.00740187495603148 0.0164816463363892 0.0131387382203646 0.0112532005938626 0.0131858664912786 0.00751490617710454 0.007538482407524 0.00730269323729712 0.00653968572077073 0.00621406459157874 0.00693793149582719 0.00912594652219468 0.00947422362474384 0.0101145764700532 0.00726238722398844 0.00707148765639263 0.00939605248572284 0.00654834190230949 0.00979574854839136 0.00741596581329475 0.00654705717072826 0.00967313684078069 0.0098103289771433 0.00927107371143521 0.00947955960387663 0.00614892093103383 0.00612142655819918 0.0122766611421701 0.0122644822127009
0.00654530346505636 0.00645082575175259 0.00737030878011935 0.00815603533416433 0.0111967004439945 0.0125839440182527 0.0115650550225641 0.00823977639170825 0.0106387303668863 0.00905650359443596 0.016230126748683 0.00967982736361766 0.0145601784382037 0.00998267414406582 0.00951347703993955 0.00711727540348379 0.00698283915157841 0.00820460397744558 0.0122669562834318 0.0122840574638773 0.0123123096283675 0.00903059828511607 0.00835498797434619 0.00982157158896186 0.0105661766528815 0.00947850693095806 0.011233301325035 0.00794289167974095 0.00916862207989772 0.00684370555483925 0.00817639256495967 0.00757204091166708 0.00794177085568424 0.00703596685321762 0.00703733026615974 0.010133861816649 0.00974225030649896 0.00816045802789088 0.00964900971319215 0.0105803871226439 0.0122076886922964 0.00919220517679669 0.0108165982320673 0.0116940484136973
0.009441788120673 0.00780642167269527 0.00934232306351663 0.00874088279535214 0.00834002729232266 0.0084314124326153 0.00924415790005932 0.00763608372146829 0.0122099497360502 0.00886828195643784 0.00966968841608076 0.00812564830548447 0.00931270471155541 0.0106451562842114 0.0106675571386195 0.00942120205179473 0.0107591325447809 0.0123089512643444 0.00750334126859518 0.00869452273685717 0.00964440675558145 0.0101684735817915 0.0122300013785955 0.0122673580981243 0.0109734069935694 0.00801007715513979 0.0121398007941012 0.0106926453871984 0.00872415133257858 0.0105592855817654 0.00851196446601218 0.0211578565006027 0.00952926748842184 0.00909420000332559 0.0108294558816088 0.0107176195501015 0.00856159979675407 0.0132552688980542 0.00969807664463491 0.0111419292179944 0.0123223435554871 0.0107344053337674 0.0097323784745286 0.00759053490745777
0.0121748279369974 0.00766183928480801 0.00660769327545118 0.00644488393406768 0.00880737558783584 0.0120700109320306 0.010935876950273 0.010734792635324 0.0118890377311957 0.0108473416148781 0.0105445174785136 0.0112533945198473 0.00830238897492417 0.0068384664032125 0.00884765984870577 0.0081624714861056 0.012312573674184 0.0154322204184997 0.0122721998214949 0.00900448177510595 0.00946491578707861 0.010149720505388 0.00755418972576539 0.00812231546494725 0.00880296761743551 0.0142657897110193 0.0102943918729502 0.00999451695691633 0.0152049087257001 0.0636162948867182 0.0182317200858535 0.00804223911825184 0.00756236923472555 0.0104210565422029 0.0073550175496904 0.00940937371177823 0.0122726683956933 0.0169810288698643 0.0122748180432438 0.04810173186728 0.0197201564252195 0.0263901414431102 0.00730697354516845 0.00839553886631812
0.0114323997346556 0.00979333267282012 0.00992196027167555 0.0112490789544769 0.0122664506052716 0.00903142190552923 0.0109000358155303 0.00994525869097651 0.00961256589517978 0.00622882480153443 0.00946102648041533 0.00793323964033806 0.00739731815294315 0.00885204477233831 0.00823891045652194 0.00693439865813103 0.00663497084002931 0.00800079799629564 0.0155923515199946 0.012254218382303 0.0105456798088074 0.0122916143586268 0.0122122883078846 0.00887607440311495 0.0122817733787793 0.0122269631858749 0.0213428528883301 0.0122859293246606 0.00791112814372483 0.0121433698355354 0.0101816497475188 0.00869321042245581 0.0102623456625403 0.00910077195741002 0.0107431688294014 0.0125463036380402 0.0124055435274922 0.0115276749235659 0.0120546195840632 0.0118003673249533 0.0206310103421292 0.00756336792378226 0.00821768358774415 0.0123847744070791
