resultados/modelos/svm_pseudoausencia.asc
NCOLS 330 
NROWS 228 
XLLCORNER -12 
YLLCORNER 34 
CELLSIZE 0.166667 
NODATA_value -9999 
[rows 200 to 219 of 228, columns 270 to 314 of 330]
-9999 0.152073039899934 0.298651154129526 0.225978028293103 0.0629402064157789 0.0299536032679422 0.0392970077503511 0.0301120688200632 0.0432992730820122 0.042718033850208 0.0927883562238361 0.0939193141935136 0.0508940008549483 0.0485724948333 0.221405373654613 0.118226425823618 0.115635795540839 0.0859657546684073 0.0995463831894532 0.0945640537745893 0.146090068760361 0.160125905172823 0.134091264646588 0.108763444722231 0.121990435187259 0.0980269093030335 0.0768059416729072 0.0776804486618671 0.0871465712439917 0.0813437413014956 0.0812875373147233 0.0481638703201297 0.225846465045591 0.0668405548241979 0.074182757709643 0.0620575654759022 0.0449363959256883 0.0338453296429396 0.174196514950406 0.139086732809702 0.0916440325967349 0.0494154535296699 0.097825634003174 0.0795096875562261 0.0483756483937689
0.0875731949191316 0.107253216499801 0.105542033582356 0.16555753156992 0.080300881424144 0.0273950709093043 0.0481521891876381 0.0558978535587948 0.0490171394099408 0.0513794216970241 0.0630413239793537 0.0857252505524298 0.070172793689228 0.0749453791434828 0.090293294708389 0.0933612932393061 0.048237235911995 0.0697169965977269 0.13810933794402 0.137533961501299 0.111334915689257 0.136540133992397 0.106808004431874 0.0429675556367876 0.0873712011482428 0.0672214743915982 0.0695236570964668 0.0792825460046015 0.070669226006535 0.0630928068321703 0.0405213211206298 0.077198947560465 0.0920306123885458 0.0971578176338951 0.159683973004811 0.092571399832622 0.0751652065987428 0.0582801952332482 0.099836014435931 0.0187452242699106 0.0529132632612903 0.0327007761377063 0.0486480028571054 0.0431461026444619 0.048399017404632
0.0514750622873255 0.0534600533565204 0.0758714855566284 0.0780614474563573 0.0684250334538948 0.0601470020913771 0.0183089931849177 0.0361094991447252 0.0635901803783406 0.0760684004261029 0.0660045126194678 0.0741911919636378 0.0405146985522304 0.0668680437102472 0.0335098334657478 0.0582658336597422 0.055464110740973 0.116727432490598 0.0935833988537049 0.0510617855425143 0.0900448778649477 0.142113133253781 0.0764709479363767 0.0522501377183887 0.0216654146467164 0.079993521658353 0.0781855342341457 0.0614375511818885 0.067519903048247 0.0588197084238131 0.0674784343457536 0.0669906117426335 0.0959302170090475 0.0680099214414619 0.137303345696364 0.094644361218499 0.0986343071722457 0.0484072989663634 0.0813062777539946 0.0253761350649301 0.0556881508985419 0.0370328721904093 0.0522134944426594 0.0517672732526862 0.0547212490326682
0.0454208310006964 0.0763156250920639 0.0710212019537199 0.0835875054360822 0.0998672533225012 0.104488933454262 0.0695125306081247 0.0742306525420296 0.101817593604754 0.115577081714362 0.0657829901057009 0.058225906017393 0.060212281742451 0.100909362418332 0.0906799976107616 0.0424868299820878 0.107594573471173 0.0826114749640597 0.0893604958442094 0.075612925986992 0.0851912739191824 0.0719247534100931 0.101209893240605 0.0791057690916512 0.0251747143319505 0.0536896296510516 0.132140753533644 0.066286919190105 0.06518960474356 0.0372049914226241 0.078554918586617 0.0846641652509326 0.0773497289118943 0.0619059108644032 0.067632959805371 0.0975461348192738 0.0811219378677896 0.0572105455175819 0.0223522301185448 0.0287048334970506 0.0742469001774065 0.0668368692997284 0.0643325578385895 0.077024448364409 0.120433008737697
0.0568158455005343 0.0533125175886053 0.089432719568242 0.0917598651286742 0.0741706013304418 0.0759521310184679 0.0943389203335599 0.0908098620479248 0.0490852045767718 0.119371704577167 0.124619416711751 0.150857534119936 0.0485596318336701 0.290009190196474 0.0789097972396191 0.0880232572402834 0.0965638759303903 0.050429142492354 0.0769536741664357 0.0742427274698416 0.0872626621509399 0.0698924645765072 0.0638326115109699 0.112244117215969 0.0620072744883535 0.0480701406932038 0.0409206432152978 0.0545950259251349 0.0972199872059008 0.0814680546390197 0.0921565948826108 0.0502265430781643 0.0451913228884928 0.0494908126262041 0.102364196209404 0.0288726733110417 0.0125985349800056 0.026039213828607 0.0449174679842594 0.0368632956774821 0.0493336323968298 0.0581411166527029 0.0707465791742381 0.161828754261704 0.115611732731678
0.0778892823439539 0.105857949546902 0.0785592056381071 0.104884811975335 0.0864975116502289 0.074966995163371 0.0924006685217366 0.0880704821517934 0.074513917166845 0.0442664312295398 0.085109722479122 0.112909662265293 0.251554592423738 0.273017902589707 0.0847439506180567 0.0861917019768654 0.0634663682712933 0.0471532780003893 0.0585607031664975 0.0919720916684201 0.0832644652552297 0.0681254531647507 0.0213151369749214 0.0337199012410276 0.138782987990692 0.0767322186350052 0.0431139055005041 0.0568284204463241 0.0416274116946075 0.0679292611532666 0.0231767926057975 0.050178116932789 0.0214414876362 0.0409812172425708 0.0469732313978905 0.0562980815716984 0.0250429926590219 0.0266721298432242 0.0215626020552163 0.0290729914380571 0.0485385886165211 0.083587077746022 0.0576875025357713 0.0708316189219138 0.0803524169185219
0.206441061928105 0.0521857950992665 0.0662978743929991 0.112062846101322 0.105277992426864 0.0883888823852131 0.0649064259986773 0.0374683076753996 0.0651567910427505 0.0690254252850228 0.0696268647581434 0.0728071008807034 0.11758191357608 0.0596403640835991 0.0684343138511032 0.039618719515731 0.0340684098434835 0.0187683147287798 0.104314889214283 0.0545707200956642 0.0389366728351815 0.0483781157483787 -0.00199155774552418 0.190216577181631 0.15475047680116 0.0443961808561887 0.0344882088987861 0.0398766279905736 0.0382084292814892 0.0244022343015113 0.0275725098069837 0.0784521858305813 0.21319089640038 0.241597452232924 0.0597261582313142 0.0423752528772682 0.0505064360174389 0.0510621166107985 0.0627510062922846 0.0475081814506692 0.038272109744763 0.0565401726338534 0.0551330788209585 0.0603257923301221 0.0603954847361824
0.0652296818838312 0.0371349005180829 0.0459358891035858 0.0639269384906043 0.0679308582413489 0.0806348758749491 0.14226918157026 0.125684331130863 0.197899348829362 0.244257455871614 0.176230486260161 0.132745688619815 0.109733576340725 0.0595243375375867 0.0537337258235945 0.00857687445554178 0.0437256022377498 0.0236332045485264 0.0189157381397214 -0.00724809331502457 0.0551762228014148 0.0979503871312774 0.0455944027135309 0.0108231225009546 0.0139529340604115 0.00855870063965797 0.0282376910194854 0.026499410199588 0.0219290042100541 0.0350720974575231 0.022641265491334 0.0324798135210232 0.113071540127487 0.0747905813060408 0.0229652544129219 0.0296199306461932 0.039230653481244 0.0427291330835297 0.0401551269763595 0.0389522593561424 0.0308069961197896 0.0387934234092801 0.0515251806299248 0.0567763883206897 0.0536425761503582
0.0477087992271049 0.0725273682421899 0.043200660945533 0.0737879361577737 0.0876310036344097 0.106723565556614 0.176400987574467 0.262616540878056 0.260309331120911 0.140073602634436 0.0852136493409853 0.103800597923847 0.00946268345104567 0.0139422095542328 0.0201414115817645 0.0418626905203519 0.0946157799276335 0.097577110893531 0.0317214535424307 -0.00563179774596145 0.0164585292109989 0.0534029238464402 0.048040645835927 -0.000962276652598015 0.0305910397259761 0.0302044235748617 0.0265549224640704 0.0330604178808072 0.031972317573254 0.0376738793573952 0.0312484320741991 0.0352968597190049 0.0330761680402917 0.0459449438495388 0.0341441189858431 0.0284073836783851 0.0464495474076015 0.0356326597607501 0.0397582863252798 0.0524963363714058 0.0648710334049233 0.0618004761390206 0.0806663406976902 0.0767761605735338 0.100686577380465
0.0268764744560874 0.0383681676019313 0.0620042866473524 0.0775212042294702 0.102185782781098 0.171406974942274 0.233159498342706 0.159288956765518 0.101689296603239 0.0309270637259124 0.0148215037048298 0.00993731222719585 0.0258780623096496 0.0746301246749462 0.0441255954970805 0.0240589826373196 0.0493183723890163 0.0417965860800198 0.0101201372245587 0.0610813882270704 0.141377444121655 0.0413714346553353 -0.00502841348311284 0.00893516120501575 0.033359490241025 0.0357166562889343 0.0784410168112031 0.0440017241190293 0.042919595376565 0.0498857163161782 0.0379554278281783 0.0339747242247948 0.0276106595722135 0.0300022858034529 0.0306936458181815 0.0556604558992886 0.0493613423644989 0.0481385985529224 0.0447707248206369 0.054204153148258 0.0535311325578029 0.0785320229886972 0.0701116862683305 0.0986080556103917 0.0835749056218948
0.119693034318652 0.0791756492325794 0.0722648249488494 0.0901801874877163 0.147247021987681 0.145992228063474 0.0995887442355574 0.0768382361106147 0.0877339924159056 0.0780141962487911 0.0862886458584122 0.0699101319484273 0.0442415572029293 0.039978307408717 0.0462536238578268 0.00398549729012482 -0.00268488344185774 0.039269107843095 -9999 0.147358970582271 0.116210248650809 0.0326328448341218 0.001297609803807 0.00588456537410464 0.0111006147686828 0.0132532740231309 0.0150197074579901 0.0247899640796834 0.0344211652912858 0.0289879798808114 0.0734391254642749 0.0344769452842439 0.063000862613229 0.0319848022419487 0.0345761311254883 0.0550993715409625 0.0725926378571913 0.0411896092332373 0.0467291814848177 0.0444177776154921 0.0780173825913679 0.0560855008991037 0.0873713883908226 0.0893198582376905 0.0833162953551102
0.143265688984028 0.0582885453644136 0.196060106371956 0.0886138362272876 0.0571627432535643 0.0429194049817165 0.00987653717195441 0.112230732713068 0.0592736435251525 -9999 -9999 0.215914310104965 0.0614534320705875 0.0396864920662584 0.048215909166217 0.0223627984341993 -9999 -9999 -9999 0.208588135515307 0.144647499175195 -0.00468805232580488 0.00520703554421126 0.0135982927424599 0.0226496723277168 0.00414085425218963 0.0348697860091293 0.0376480519062912 0.0347313891626286 0.0280735022788716 0.101329695103044 0.056396085362901 0.0424534346488852 0.0398203621291355 0.0431364142432595 0.0558089255084332 0.0541099670990026 0.0332953275254493 0.0357272396905843 0.0501722788775043 0.0643059188240517 0.0752642182235986 0.0875862446719394 0.0863572625580425 0.0672235679187378
0.122425390760918 0.0913221027610626 0.0332422022860495 0.0484144620982985 0.0566338231666902 0.0273992131906088 0.0212679898260805 0.0664366092208698 -9999 -9999 -9999 -9999 -9999 -9999 -9999 -9999 -9999 -9999 -9999 0.151188549816634 0.0649133873271877 0.00988757226462927 0.0112445323525245 0.0214914759269421 0.0132921753091735 0.045627963263478 0.0372972657739685 0.0324917239417399 0.048513118746271 0.0462881396423245 0.0527406926413825 0.0654028995541025 0.0349490065358705 0.0476708817694273 0.0448840669813814 0.0564741032199111 0.0364869353380565 0.0349354245244717 0.0425792400067028 0.0472056298402712 0.0534229457388586 0.0524035780024523 0.051317543690273 0.041769339805697 0.0496241620750726
0.0663466828198194 0.0132274613221339 0.0605429344106985 0.0887149158892495 0.0538201061624868 0.116121881582485 -9999 -9999 -9999 -9999 -9999 -9999 -9999 -9999 -9999 -9999 -9999 0.0762660071782578 0.122440255607349 0.0292110614543746 0.0627862002237275 -0.00310441159129637 0.00533754804781639 -0.000280889275360297 0.0268264239252805 0.0340725268275697 0.0316549929227821 0.031602280271779 0.0529390115598104 0.0470957511452302 0.025285230778951 0.0464400200782835 0.0272614652145333 0.0326732795504463 0.0344499737372913 0.0320396094280562 0.0331901766788576 0.0333196231870528 0.0409027994901279 0.0450393228416144 0.0456666385166276 0.0504256987907365 0.0490835321780654 0.06420604737317 0.0618807204680726
0.113105314217195 0.0627484539657512 0.0290592434681841 0.0712104194448813 0.101444991876188 -9999 -9999 -9999 -9999 -9999 -9999 -9999 -9999 -9999 -9999 -9999 -9999 0.209533640375793 0.136369315821299 0.00173417512802215 0.0318228395906285 0.013307679893652 0.00229034380067328 0.0189963875922374 0.050724926966207 0.0579839214452488 0.0227727568816316 0.0339870060338992 0.0320643568150677 0.0480528483547943 0.135492206770732 0.102302525100576 0.030520325042059 0.0387242012756714 0.0355924656866894 0.0321293791736948 0.0363797655957656 0.0414845292998277 0.045169788685046 0.044198826163053 0.0424349646381038 0.0499609016471484 0.0425964995476872 0.0382516544521843 0.0380027510053344
-9999 -9999 -9999 -9999 -9999 -9999 -9999 -9999 -9999 -9999 -9999 -9999 -9999 -9999 -9999 -9999 -9999 -9999 0.0807995270186461 -0.00447990128506542 0.0084779693627417 0.00273766716620916 0.0234221170428041 0.0210084465810493 0.0270926379366248 0.0181340559139223 0.0312281863255258 0.134530452627656 0.0378080990742323 0.0382026120463839 -9999 0.0401568542714503 0.0328115756367578 0.0438702282880504 0.0344135793753433 0.0410424998054401 0.0440293046091695 0.0375550551605216 0.040152998975094 0.038714177618881 0.0359165905943668 0.0341478143921015 0.035423510948191 0.0383070045420563 0.0350127381560514
-9999 -9999 -9999 -9999 -9999 -9999 -9999 -9999 -9999 -9999 -9999 -9999 -9999 -9999 -9999 -9999 -9999 0.163520667229819 -0.00571640502350418 0.000954295634697122 2.90497658750333e-05 0.00541273608430526 0.0222314363458267 0.0542983157400022 0.059292519276403 0.0316584350910085 0.0247444974604718 0.0976451150761523 0.0443396516380636 0.0385797722022767 0.0392670100254035 -9999 -9999 0.104515034667244 0.0491762664121717 0.0550049152858236 0.100549769244456 0.0543421627507724 0.0537077134908445 0.0399843938161317 0.0321244629443297 0.0375013989196009 0.0367616422328852 0.0400978042155453 0.0410320622855102
-9999 -9999 -9999 -9999 -9999 -9999 -9999 -9999 -9999 -9999 -9999 -9999 -9999 -9999 -9999 -9999 -9999 0.0172841647940782 0.0226900420370908 0.0592782377472836 0.0296725363994499 0.0115755595109661 0.0181245458174832 0.0497226694262182 0.0503191527930241 0.0284471693687333 0.0303597816584727 0.0299287755571301 0.0357636881647168 0.0348817348357792 0.0357865496204468 0.0356490127504874 0.0983459022379683 0.0411228412817318 0.035733294722601 0.034521400478203 0.0328876051192318 0.0306645842957315 0.0451551789773803 0.0520114639716214 0.0540142559094464 0.0451604118748706 0.0421565849755858 0.0502505962640585 0.0370722375021865
-9999 -9999 -9999 -9999 -9999 -9999 -9999 -9999 0.285399574950201 -9999 -9999 -9999 -9999 -9999 -9999 -9999 -9999 0.0663235078603384 0.0294608049796706 0.127381024290239 0.0303734375985873 0.0153022929762386 0.0192636383214938 0.0333681047619746 0.0273575448595867 0.0335960638349641 0.0401299885385489 0.0409458116571887 0.0387920853365409 0.0380578854429311 0.0399355676032013 0.0417017561860842 0.0436536243871461 0.0390733922803612 0.0380575734154365 0.0420625338432981 0.0350411503927562 0.041044158699066 0.044491558048175 0.0449620685842396 0.0346531758426863 0.0542861869593247 0.0474587790978457 0.0470253606553316 0.0356754457519118
-9999 -9999 -9999 -9999 -9999 0.110157098562596 0.0850928113770381 -9999 -9999 -9999 -9999 -9999 -9999 -9999 -9999 -9999 -9999 -9999 0.0882840971529563 0.132066018390927 0.028818571283993 0.0195241545797489 0.0226460309070669 0.0294263203170192 0.0332956462488146 0.0307473086226054 0.0287142177792777 0.0334986493448887 0.0280006145381919 0.0352790063467932 0.0411196623522384 0.0410957609180316 0.0399485574154751 0.0477687321907804 0.0445391703426979 0.0408235148029904 0.0448575497319044 0.0537118834055701 0.0519398438516624 0.0429432399758248 0.0474759028453893 0.0401491234496458 0.0772279813529573 0.129076630799787 0.0928747904417539
