resultados/modelos/svm_ausencia.asc
NCOLS 330 
NROWS 228 
XLLCORNER -12 
YLLCORNER 34 
CELLSIZE 0.166667 
NODATA_value -9999 
[rows 105 to 125 of 228, columns 184 to 229 of 330]
-9999 -9999 -9999 -9999 -9999 -9999 0.593290021276169 0.151662796074618 0.130571816561127 0.333584491412163 0.552984572142158 0.198943808233785 0.140407557831649 0.117137203016182 0.11839635883155 0.112198796771276 0.189586664908176 0.136119607130396 0.108823439158564 0.114751691025532 0.135817257150761 0.132479648632999 0.736957709684795 0.785018398310084 -9999 0.281920029483868 0.209091015376381 0.135694834891802 0.136646614046372 0.432799037803721 0.0834185233783336 0.0654951691525075 0.196355703598972 0.448333853584589 0.735239645657111 0.903746676558058 0.828913088798655 0.888550917698817 0.891528859068653 0.840773424110405 0.630543158949405 0.432195115789074 0.476040622665335 0.216402350399254 0.490535445990338 0.513966277125093
0.320809660080677 0.249367104280252 0.267079958103944 0.313135312797782 0.541693012290649 0.190676758261961 0.276792497146753 0.189718652982859 0.0864528170133306 0.201120459023513 0.15977385075524 0.115667943975061 0.0592293608213322 0.0601919370136962 0.0910166147649006 0.0951150716846237 0.134530613093564 0.184119031479581 0.393499515298313 0.1653137450691 0.317797569623976 0.155863848064893 0.562758453732663 0.754949179194868 0.448377296052336 0.437844628293723 0.288675864283128 0.124305352034077 0.243623380356176 0.206213905553371 0.769631976694743 0.627965259757175 0.805134160656966 0.814833936505289 0.863693263933002 0.771536834080409 0.835504476189993 0.276273095018095 0.418696178847634 0.376333509778305 0.236466215932411 0.744916348541502 0.645180454265844 0.353522231726025 0.333952018414403 0.156207817076587
0.319388027960413 0.217880127565547 0.239859143738612 0.167818812388296 0.108942531486178 0.117174282015957 0.100917396358627 0.135861707706842 0.0595491697256171 0.0779263780801385 0.485955454528511 0.0153268746839552 0.0791976761991633 0.0788341513856293 0.0558360343139225 0.0532587219414159 0.0588626653717121 0.716727643942424 0.706479238997719 0.461069511508814 0.861765430402303 0.64553939375276 0.115407156272483 0.222883218844303 0.209982374757202 0.251721618641509 0.777616538343312 0.535363406150657 0.64858115303585 0.825029532151169 0.782063831845307 0.726789687925302 0.74148765227751 0.762478825191585 0.773765814889831 0.887474414344678 0.824596902324292 0.18163966216806 0.123254968242533 0.440265498984496 0.278049011538571 0.192516843526415 0.428712140168216 0.476720889171608 0.753857624580627 0.714195230170723
0.171511833940739 0.269142596648107 0.228877726707033 0.117758099066273 0.121552299151094 0.121465307726393 0.161380532989542 0.114084179026564 0.352660588857634 0.0467591600927144 0.131806158676394 0.176457505216726 0.33218634280173 0.444426016072787 0.50645251909507 0.145280835141552 0.167999135186089 0.391498715773374 0.403770997480004 0.228651042965849 0.303976816050346 0.497402005836239 0.242873955773131 0.137908835745182 0.106938563288894 0.483107148668424 0.626962581901033 0.484988439383863 0.6283566977713 0.643221668955667 0.765740456031772 0.684564585572033 0.800364974003078 0.868872176575475 0.683634832315707 0.602403352552137 0.202376005393267 0.126754313163196 0.188936649729757 0.104991714460678 0.124934638581647 0.0458320465800318 0.298171591897167 0.198313514392241 0.761181366697058 0.822231854091186
0.165959422325562 0.278532983298422 0.089316705403891 0.292427922071242 0.333684056535605 0.804515072219289 0.446338657134268 0.616272910318382 0.781298475896274 0.485868598684811 0.420906616244982 0.358956171656979 0.488185882105338 0.232211332145844 0.36366979102578 0.33467963774321 0.547517048402521 0.730891509339017 -9999 0.690537423106568 0.575851397166474 0.0661645153953714 0.349496511289029 0.289092962175274 0.254192691593884 0.190074615803567 0.469193198608698 0.437483701584957 0.36351442294292 0.0782239008970949 0.0726399370858217 0.162099688773534 0.650425434513624 0.659771071830963 0.718101607879225 0.125154227646689 0.108240211693861 0.140896315107578 0.0795701133865658 0.103328071307344 0.0892171246779652 0.704538084915532 0.366674197174045 0.170136958469555 0.11191188378711 0.854573632362447
0.232634450603133 0.11164505824452 0.164325232099775 0.113602742874709 0.1624308320835 0.42440972466248 0.0677608261383666 0.0825679475828844 0.106540051539493 0.412989566285082 0.546939642956279 0.466065197185476 0.425368928645647 0.390871075751365 0.38187266740754 0.347530460766841 0.395681763785878 0.449945764515263 -9999 0.204426605569551 0.0225466419074009 0.0597010736685658 0.0807013322986028 0.163380134002327 0.403410596754263 0.182114280490284 0.21389140188585 0.120408123980512 0.131028694215367 0.0756200531522664 0.250487031172368 0.115527810684893 0.0399016920913653 0.0636947158738486 0.50777389316717 0.0696447857136311 0.0678054360023244 0.0349249225812839 0.0462415268255373 0.205413052585279 0.662151030351257 0.723861251745216 0.316294356786418 0.107457551030629 0.0874990600475937 0.0621162219059586
0.286810577319306 0.147600852795925 0.142489374480639 0.128332530877133 0.599754273208057 0.0501662444840148 0.0538593533087047 0.155905356949694 0.228613765039827 0.183326640287285 0.249649856240123 0.403853914592738 0.346326919678858 0.301177390983117 0.205677672903241 0.114514012419548 0.0623444302037502 0.113032313755325 0.0961728976830195 0.090451788074342 0.0441239032366795 0.114629116006369 0.137914423574577 0.62695268466442 0.102701461315151 0.115889950169314 0.178267490793025 0.182380280141109 0.0533652233570393 0.0470983814540591 0.0877621853063389 0.0406236029177575 0.0802476378833155 0.0501984973881031 0.210999420452734 0.468893667305775 0.590112656929448 0.630638146663709 0.781803294030159 0.672588820362609 0.114457218359961 0.307007930836007 0.123819713204225 0.107491835568323 0.110488125777829 0.145869344246809
0.20095340953259 0.101179633539345 0.0743111697829261 0.0229183337406638 0.162052292443247 0.130824020259538 0.499457875076111 0.0423032613595993 0.0458107532603373 0.0808776547077965 0.0967353068909825 0.116137047410655 0.179021240319296 0.12182696663801 0.135903550236147 0.162393906587726 0.162682734965281 0.170761271947778 0.124454983314566 0.110861955719126 0.106804764233169 0.0823176012285036 0.0499478605652692 0.373921803903549 0.0895663997700187 0.0365781245197201 0.419258114881447 0.531758835002886 0.490026066713155 0.572562736357942 0.216473999180037 0.110268982175678 0.0681525595049909 0.0677474435295169 0.10668470985629 0.0509279126637306 0.102703011347324 0.114191575556377 0.14969159863896 0.467590436708027 0.228485415517115 0.397824450688078 0.134110202736706 0.0783952208414775 0.0573303777335262 0.116787593171802
0.279542464152127 0.0464209595932378 0.0421150223589717 0.141278006126073 0.103994761275794 0.0550542430107348 0.200664977934038 0.0694747131618094 0.0803965340447817 0.0715792647328445 0.147546549499948 0.141818745358793 0.0953758465590277 0.0791078856910262 0.137665421428283 0.158109114934447 0.162171670788531 0.224053237651678 0.118489864377371 0.128749093405232 0.175190360655868 0.0880466036769909 0.123955857045471 0.135889153479616 0.0566731119459364 0.0218026064312118 0.243489631229686 0.153047743200342 0.557867226013344 0.547762672244303 0.658519048820068 0.310984779256915 0.0545031933059247 0.0591854257750469 0.165483969491108 0.0619194110067202 0.0725785443565971 0.146926644376877 0.0820908138019287 0.0432466880371332 0.48032258008726 0.684840875896173 0.462902404812559 0.134371002121833 0.0781834208066706 0.062159340729511
0.332752799578886 0.320599992360448 0.0567050588877946 0.00127375350605807 0.168551659936205 0.0526682029225851 0.0923340211037367 0.117889360289013 0.124507470760401 0.134024533260654 0.139323086158219 0.117468576459151 0.0849283761246009 0.0816121574001589 0.0506602734853995 0.128356715482339 0.161002336443035 0.144965624317979 0.166524868071977 0.203210862710873 0.148763801278452 0.0688737904547128 0.0959773251480711 0.0534824771273001 0.0579974890180611 0.00308370518788853 0.0243563406079693 0.0351044148727788 0.0603588337136542 0.310249749616847 0.219585487052579 0.586408511270594 0.463460989962378 0.525020875018541 0.608984900003306 0.191107654866028 0.1483686082129 0.229252420634011 0.144692501706988 0.211086643931887 0.554214253849534 0.547186260064292 0.675842553989402 0.164310130788652 0.113596429941837 0.552678349084585
0.170982624942562 0.326840957550279 0.106137888554101 0.0269951605520344 0.0179900204352091 0.024858718763211 0.0729490265416504 0.109052058372661 0.0936511496785868 0.11014141084549 0.148441704287143 0.128280852991273 0.0975018589863538 0.0823322956625374 0.0799495952402061 0.112890937606688 0.154881746368148 0.214867899422994 0.280009673578963 0.187311888850949 0.0887568251030914 0.0579038618173486 0.0504584458055601 0.0836376960589931 0.0131259997440744 0.0859897358284182 0.0611090334266001 0.092819367034101 0.0724444594613229 0.253284151994479 0.646890944408555 0.665527484144667 0.478299018660263 0.663079611832458 0.267579580750298 0.486636069937079 0.744633365984177 0.65395543379127 0.0823012454156409 0.244708687875188 0.01927455718343 0.733095895284088 0.474887115542295 0.560476195439845 0.288493454561918 0.786148267144057
0.114808002023125 0.179468563133622 0.278565820132324 0.432124134247041 0.426302922109137 0.254455622935115 0.317863852175334 0.114777589402897 0.144244557025559 0.133701179850935 0.154745097045002 0.160597309309449 0.106933441028313 0.104787308458387 0.117669473745979 0.182302624154994 0.209659277187497 0.207106573384974 0.135076136266531 0.147643659503144 0.0659474316353642 0.0486859500082316 0.0107219484327532 0.00275823305880568 0.0201356703122231 0.0209547232487226 0.0845866055326818 0.0979368480225393 0.389323246450031 0.631124788442892 0.693959781026038 0.464262034310526 0.538490571602022 0.0580898738522609 0.072908668022841 0.0517488977066595 0.0911221285273379 0.137334548368398 0.518593790030175 0.639961649267314 0.417164255401009 0.657675237717183 0.864016583859614 0.783237391104055 0.691710425282385 0.336560134727045
0.217601336260607 0.124256016386833 0.0754414978331868 0.100676826373441 0.0775364720318532 0.184159486335159 0.24231212924387 0.333743186973716 0.236203339546473 0.228225593232894 0.289242273953684 0.360337218547365 0.281083583397992 0.298734450103196 0.33059764872611 0.170669435174075 0.135848554950872 0.169819102685515 0.173125157475587 0.166418678475028 0.124862331431574 0.0610291085415747 0.0259357839878656 0.0353063085329279 0.0177540077266062 -0.00339530349718065 0.541633079901415 0.0495119814903413 0.0633861061127236 0.130288060558839 0.0989482441935435 0.178929527619207 0.45814302344743 0.554714624790323 0.638686661678302 0.296069344225482 0.0482935182735864 0.0526741059645122 0.129038056807185 0.34492339537412 0.276432249961902 0.126244920639941 0.647580163936505 0.142841373767948 0.265886998247677 0.433324387420378
0.122197497626387 0.145576955311677 0.0969291096187484 0.111420353367945 0.163291020716881 0.124260687830063 0.103212415754609 0.122969404412851 0.10695034886061 0.132912913050144 0.0496356586956002 0.0754197112050431 0.15560598727709 0.402102114326249 0.39987198690908 0.354781709036885 0.0605975987293959 0.137110438008295 0.188966269586207 0.139257290553829 0.151734352534151 0.100724321499397 0.101400082323829 0.0465350179553286 0.0530937361992375 0.0258418596288278 0.0201249284083995 0.0132829832536262 -0.000678762766094465 0.0691177719944983 0.0818092214671662 0.0143129993735119 0.0726399796031532 0.141286886954556 0.148346921637854 0.0291427368312335 0.0301850829988585 0.0205526513837275 0.0329849788301831 0.00894399107208155 0.060861531190906 0.0178473147502107 0.135471410822211 0.0200082332189633 0.0389097841230372 0.192558910731187
0.0655319431196645 0.101091966062479 0.100817714431566 0.134390735427009 0.101332892110844 0.088501872260313 0.0905358214417581 0.114244097222209 0.0442967192959762 0.0407946340014601 0.0508605450117551 0.0845181502574761 0.102682723062035 0.258236672711465 0.290590785776605 0.301462643966166 0.136444704090903 0.0990958878347288 0.0632954678686311 0.0863521383970291 0.167595830685546 0.123400335738966 0.0300549652027365 0.101442666205129 0.0183283066553843 0.0453105828237526 0.134407806123587 0.0561357218645828 0.0119320016081971 0.187081733539634 0.298225449966809 0.0103965751302433 0.0362469466034445 0.0374738341989773 0.0611928146246911 0.419193676962252 0.139283838748641 0.134907916967398 0.0392416455060884 0.0237929661411874 -0.00770819357537955 0.0960958550113027 0.101405359381388 0.141356240653514 0.185680338905828 0.0411898385518303
0.0178589212500797 0.0452353475615299 0.0806778813893503 -0.0131212820098444 0.033475679037166 0.0456103396534208 0.0215437653760505 0.0467349895473518 0.107980998480208 0.0527404015395277 0.0632940773437707 0.0409139902412299 0.0418293094863127 0.128900506191856 0.0832829175365842 0.443608115034459 0.285420224578393 0.0347198576907628 0.0527371312503229 0.071896412599482 0.122837205635209 0.0374490644312956 0.0711830722423915 0.0244564804288493 0.00118269059652232 0.215615781966359 0.0769237756271374 0.0466404036439998 0.00653400408324545 0.0277139054454837 0.441224891929022 0.554007711680122 0.664845435252995 0.183475630000758 0.153563590461742 0.124536415829159 0.381036555935423 0.561253509733639 0.669525185847333 0.540722578816284 0.0862313020261475 0.366411749957774 0.479449726671708 0.0984522126107805 0.22819427710647 0.214818172804342
0.062050415831881 0.0572559608619537 0.050832455972235 0.0134490006945735 0.361254726434632 0.334000074115181 0.0254848230910795 0.021572652517897 0.105454904318102 0.0741043388277 0.0927367519385906 0.135260755872153 0.0665816688222475 0.121918271028501 0.053805312817002 0.0340374940395314 -9999 0.10085049612252 0.0209487070634395 0.0582124995257722 0.0532343891167765 0.0494027420390294 0.0725096124574108 0.00138826076420262 0.00690473581547701 0.0280430345402038 0.0681184707200092 0.0672397248057777 0.0267042009486936 0.0299498558661934 0.470910706337233 0.165361885636099 0.12952855244074 0.435012884240887 0.417543270140402 0.212521014838543 0.0977753329573807 0.0117661461196185 0.0111708394403303 0.0206084116312841 0.00954012336278248 0.163015325724448 0.260102296960715 0.586385037565415 0.623592095799859 0.20540768589169
0.0867387820907824 0.0782009582598625 0.0452150467965212 0.0917962377197275 -0.0218600249894434 0.0179831211266146 0.0808210718521817 0.0299856955437832 0.279624459797715 0.307595366675952 0.0648468685944772 0.0607775015985881 0.054566683318313 0.0663975498034193 0.0595442549535719 0.0319581980651756 0.350683207164021 0.335283465151137 0.259139172576426 0.180543142974921 0.0234399955030634 0.0548121992664167 0.0563223765379715 0.0536230960536088 0.0975853331706829 0.26104373782517 0.180196565118241 0.34657119850398 0.491850870452089 0.159951290273472 0.505973967688445 0.582382971855709 0.545444752982533 0.350104399858484 0.213095897345423 0.0662141932429281 0.0306709260375498 0.00336221964401212 0.436969584908184 0.353495275661713 0.639880526606237 0.779299041172214 0.621996991706008 0.335225274584696 0.412355385899853 0.550070587019757
0.139414932845465 0.175049425944506 0.10577685703556 0.0788924850591612 0.0491961391415093 0.109332887176725 0.0437068694635405 0.301861360505656 0.05015130870783 0.00944790705160131 0.0334576628357535 0.0304121248448113 0.0812196849707478 0.0505939133220697 0.218642129571034 0.0610504669494367 0.0321498605645893 0.0160674689203045 0.0862093022374839 0.36383877656712 0.0516182109741997 0.0841526895634767 0.106453142230036 0.0859476171651535 0.0558992621404148 0.125194433791153 0.187418249013144 0.183214896561369 0.432897696475694 0.576769542398307 0.294713805559304 0.434020976701093 0.226998914116515 0.21815621915942 0.464284368410907 0.176411188222733 0.126198835849417 0.427452336563751 0.683321393267657 0.697440193117369 0.717512861734487 0.659771420107575 0.782085236900445 0.147363646512685 0.0119529357056344 0.188173103170475
0.127228499653316 0.0806267122247848 0.192591488438761 0.132183263903646 0.0102118663003838 0.0516680728838848 0.148075328732228 0.0989448696615858 0.0607092532380285 0.100485556858413 0.0870685768975419 0.514430102511061 0.303309091665083 0.0233992524113413 0.0870772560617562 0.101585405761092 0.109453424279077 0.0403059330326416 0.153904379688002 0.149271647703237 0.0714738446838326 0.0612081049992559 0.114402599489722 0.343546054860839 0.114889156053161 0.10667930939647 0.0799621525351942 0.108945629037589 0.0773264839820242 0.0944505827075821 0.293398671425774 0.175186696774851 -0.00993883848431087 0.0870350889169251 0.0324591792029795 0.00352604415432928 0.104555300871221 0.393133246345083 0.0294421716481006 0.424532815936641 0.701959617431535 0.644672972714368 0.33263077257395 -0.0154120312145937 0.164794803733306 0.0203576993639403
0.189118117714202 0.083865574187735 0.0852072621641263 0.0320691386800795 0.0945160789939077 0.0287416293644738 0.0718247827377278 0.264308196114538 0.288573165784807 0.222241430782949 0.306551082933548 0.542826124107211 0.605675540902785 0.45583145617378 0.382755698508232 0.395856147123447 0.0940886196607967 0.0774294959006318 0.144806151242357 -0.0143371926643081 0.0268919144121469 0.077013650418644 0.0588339714606708 0.100588076580744 0.0663318271030529 0.142258606376342 0.081738631824572 0.0812645743122999 0.0584769556723493 0.0590171387878625 0.0183851347235374 0.35308814005418 0.276206709160034 0.0807212191623402 0.0315366668971222 -0.001301646332035 0.0758612490366726 0.0124244901412824 0.0277898822907543 0.0664536987365572 0.0849640536652034 0.139658448247068 0.259271330031798 0.345951512208876 0.245101086214707 0.081441427699229
