resultados/modelos/svm_background.asc
NCOLS 330 
NROWS 228 
XLLCORNER -12 
YLLCORNER 34 
CELLSIZE 0.166667 
NODATA_value -9999 
[rows 160 to 179 of 228, columns 176 to 219 of 330]
0.0122780535159014 0.00868528850069714 0.0122607051136616 0.0108576283138985 0.0103311122135931 0.0085023557959041 0.00533561892933245 0.00604298935582272 0.00557883618066415 0.00620824365414249 0.00616441573330614 0.00865963664406034 0.00749235564053174 0.00830891980039483 0.00777038096789745 0.00790060989892338 0.00816168670208442 0.00821097448301857 0.00626104280681189 0.00633807038893768 0.00697698858986889 0.0072133711401337 0.00761340412327421 0.00784990701117938 0.0085984618837358 0.0100159787534772 0.0145449028177993 0.0116041864066884 0.00760779298061552 0.0122971100945261 0.0095738374952374 0.0149686195764337 0.00921532040181564 0.0100078512229756 0.00560429473128381 0.00671725528044234 0.00850833769917863 0.00845328284117508 0.00805280989449352 0.00812177590235372 0.00925782170511755 0.0122508816254068 0.00793060729760844 0.00693058130431422
0.00662176862294467 0.00989232684291907 0.0105520431250437 0.0112507412586818 0.0122723835887692 0.00865136939189362 0.00676888776678452 0.00750190181176789 0.0080852950753769 0.0105730415169037 0.00749219315258127 0.0055630158197759 0.00628624643622649 0.00754068997830309 0.00965444089284487 0.00578048629328986 0.00603285796758317 0.00894668381613437 0.00787708662228572 0.00688794771155773 0.00770038812504783 0.00745938340364062 0.00830900244080002 0.00603792292563615 0.00798125205028887 0.0062442305008969 0.00971005686120074 0.00719594437868055 0.00559738579053193 0.0118574758195568 0.007650345004168 0.00621322502794881 0.00533798818108868 0.00634246156712599 0.0122483716873786 0.00847587444576637 0.0091230753104962 0.00515708344471294 0.00484946239186923 0.00567492216464701 0.00846520398229259 0.00930611281838775 0.0102730831413424 0.00813613525874694
0.00782113253789947 0.00747878761465391 0.00506762867028713 0.0122665703088513 0.0112614898385108 0.010366004755992 0.013430468805729 0.00607481024485957 0.0080002114561621 0.00755172330033095 0.0112734717799674 0.00905618318015365 0.00782592365420284 0.00538146945836964 0.00618296873598975 0.00591100443584782 0.0067465530522678 0.00570851886218007 0.00679054349261478 0.00616931639275633 0.00792499750276043 0.0075785571241489 0.00917207588962265 0.0071463403537417 0.00647621920629069 0.00766559031036851 0.00962429140982886 0.00547078344143165 0.0122556223351013 0.00767531904399057 0.00621993391773912 0.0118299281554494 0.0133452217282975 0.0152617056578377 0.00898421947575407 0.00903350366426316 0.0100861975788859 0.00929928412571306 0.00854039503322691 0.0103996327534203 0.0108443550484472 0.006976691515924 0.00866521971657366 0.0130979802934051
0.00797745789910808 0.00701104796775097 0.00717483423047277 0.00765783219149353 0.0135543380777473 0.0115311219694493 0.00714390041894805 0.0111434649233644 0.00763611380017768 0.00698774704959199 0.00522328723585776 0.00530608823022721 0.00534562822674597 0.00561611062125778 0.00653014036903533 0.0093423288300496 0.00711751395265919 0.00551453022039091 0.0118899499256736 0.00690438188123466 0.00835095544785244 0.0082286857564624 0.00828406048090736 0.0076649819624228 0.00832502445724973 0.00844094351243053 0.0122897406393731 0.00657059045805841 0.00659227802932562 0.00696750300723746 0.0122022596622503 0.0150319656854115 0.007682404369497 0.00691874999023308 0.00705741613078992 0.00747151481871809 0.00784445360405574 0.00878775313423867 0.0110213319133514 0.00614620161621334 0.00601524537681973 0.00613374405172309 0.00537784610534356 0.00539999956006995
0.00590911523867509 0.00432775946274706 0.00560569669340439 0.00909647294439175 0.0122190732467824 0.00555469793967918 0.00864905460041377 0.0148363540994976 0.00839014707838491 0.00655448478206472 0.0136722122175364 0.00556821275314127 0.00872464747721172 0.00707013535071837 0.00504480573041519 0.00638900624076074 0.0049787579958843 0.00651937948140572 0.0133913122892717 0.0119326721990317 0.010084977201348 0.00536257397887262 0.00513160528353539 0.00553384370444253 0.00626906497484483 0.0141017006457182 0.0600300226432175 0.0256612954453074 0.0229285713636933 0.0812778818024797 0.0136357882672059 0.00737909943283201 0.00740749242209707 0.00769992878614457 0.00618297963696449 0.00909260651099972 0.00727868739469728 0.00594402679329645 0.00599600569402538 0.00589520192325869 0.00694915258158922 0.0067483300985588 0.00586873619545561 0.00583199871346165
0.0088993548921968 0.00670316390754521 0.00812407647352929 0.00954739014294227 0.0181766932052174 0.00998941603442205 0.00616720688611244 0.012806259149371 0.0080399882146017 0.00849197279885276 0.0122789998115841 0.00965546785729658 0.0109263784249777 0.0117094167813482 0.0104922069941576 0.00487877321808586 0.00356279883788478 0.00680990078698578 0.00739986953739278 0.00575831181173683 0.0048647530378555 0.00551647715257584 0.00549714560478374 0.00638398895379922 0.00636232015586419 0.00965471324442066 0.00576362638725214 0.00910461656204961 0.0122750835396551 0.0108187669909487 0.0100766198189522 0.00770369395949047 0.00809146284695837 0.0071938480427789 0.00845902422712031 0.00648322250510064 0.00580665526147015 0.00564339879855578 0.00603155962149417 0.00670530499826468 0.00539944996982828 0.00502114189117761 0.00563674077060469 0.00539838318464498
0.00710334012411222 0.00753408729081712 0.00465919141785893 0.0122803704464906 0.00483918701381449 0.00429616651519366 0.00389365662068966 0.00420966090465255 0.00518658997311703 0.00634167884806195 0.00782809321979549 0.00932324781994205 0.0122054672384924 0.0106814640694492 0.0121671466249663 0.0090792599023322 0.00471957987976977 0.0122178663955842 0.0134462166392223 0.0510898311486788 0.00409816492404563 0.00438814216317666 0.00560981142171634 0.00670687793538802 0.00766022854883946 0.00938382254635445 0.0119737264919468 0.0122730587832669 0.0110144578211529 0.011672533838078 0.00609750192731238 0.00709213966303586 0.00785411769585183 0.00842181831924316 0.00833927414698539 0.00768487489477326 0.00690389922074927 0.00558814054413235 0.0053450550108305 0.00652848201808661 0.00761600478411308 0.00710450295828546 0.006170369315481 0.00757101116882635
0.00843291126966874 0.00677533401550465 0.0191783945572191 0.00765722363773032 0.010088193933482 0.0082049534518058 0.0059832496371191 0.00523205753409128 0.00467880758601054 0.00553094477318203 0.0102595162186491 0.0064212724343448 0.00676391874736586 0.00696728345271906 0.00881219800740025 0.0103079612044257 0.0198647949463924 0.0122835988954501 0.0193851098015808 0.0101271786351344 0.0071526335897855 0.0055104322563979 0.0122192931347389 0.00900884840467478 0.00766975317197384 0.00759240437474847 0.00748697254251268 0.00684137128610344 0.0149194465056554 0.0109010898395153 0.00756680096543296 0.0072804499483294 0.00730227626554322 0.00810119729206586 0.00842551437126299 0.00804181544539641 0.0065074883702396 0.00590171279424995 0.00574005808262576 0.00749087143289917 0.00872043714385461 0.00712228679544622 0.00600218312483606 0.00538095576571468
0.00862937817214198 0.00595428128615762 0.0100626073018553 0.0115171306026992 0.00841188656532548 0.00907761494393051 0.00644227917753442 0.00646748335213884 0.0091401239968733 0.0109929388721844 0.00734614984633687 0.00882316185795212 0.0084452571738876 0.00721374578523933 0.0105021368167243 0.0132727915435853 0.0122438407460156 0.0122405303922641 0.0088370547936509 0.0120792423647305 0.0171563843019315 0.0122442111376412 0.00638153081134249 0.0123079928742591 0.00703066301542474 0.0098830428076182 0.00671989138255369 0.00994577368392584 0.00885141894764618 0.00812767521073375 0.00829265370265804 0.00719398038134327 0.00689035335329616 0.00798583748290987 0.00755160869280348 0.00809775171991403 0.00781343141632548 0.0075138488976899 0.00577988067021283 0.00628428938379795 0.0093859769747888 0.00846384167014751 0.00697159191254292 0.00590028988627095
0.00874089826635665 0.00590908437105339 0.00602978603063092 0.0121940602561548 0.0109902684099546 0.00988552693557681 0.00577919392826497 0.00804173515719094 0.00544096590225788 0.00582861058159021 0.0068739697670181 0.00792715979196953 0.00712362331951229 0.0235205282375059 0.0122452905510991 0.00955366142734864 0.0106104880627772 0.0153982878585393 0.0122457998147646 0.00867522611113642 0.0105098955644347 0.0107588937677107 0.015938969540479 0.0126131633993187 0.00515953029237008 0.00951678148087186 0.0123233259667889 0.00907186244471911 0.0122572631363862 0.00907255004666989 0.0114698366894357 0.00736283795900432 0.00753268395548967 0.00981143806454075 0.00828059291168703 0.00727281479062335 0.00652263184974141 0.00785958534726271 0.00750365871999578 0.00740480884093749 0.00769689675695936 -9999 0.0075606114013199 0.00721651539264418
0.0119688460948085 0.0256613991524703 0.0086834242631987 0.0096049476959404 0.00595898585621774 0.00638058260758259 0.00729800169514543 0.00563405161530921 0.0045887117298848 0.0056300208238948 0.00641395101032126 0.00680106495534972 0.0065596706901323 0.00806189096841175 0.0704924974376718 0.0146193150097974 0.00755224723330356 0.00797799359620823 0.00670879331262436 0.00582770135746147 0.00643261973210799 0.0115676068109976 0.00983313167850587 0.00542782317054553 0.00982794939725679 0.00591205570134746 0.0112920319557963 0.00763868333966198 0.0131572402000637 0.0122523950985085 0.00847738854562983 0.00828311201748802 0.0118585171405234 0.00644184931485852 0.00680082143317596 0.00638513843601305 0.00671326806561695 0.00645912790544628 0.00567017865188463 0.00592517006006197 0.00622599877918034 0.00615366913412083 0.0062517596051013 0.00635738890900211
0.00306063647280646 0.00649623753471933 0.00387627878086144 0.00804559935777179 0.00798188897858741 0.00490811518207102 0.00625079609286869 0.0117106876755181 0.0103959691382014 0.00608927718760381 0.00639874943080358 0.0107295910186488 0.0116845293711589 0.00412198294350979 0.00781042487823331 0.0122589060379525 0.0169315323688602 0.00695792070611433 0.00747336415985071 0.0115465878934784 0.00636554711326414 0.00861837559342539 0.0123110673103565 0.0103670222696024 0.0058106766644073 0.0121723805743818 0.00643276669035528 0.0118469130268477 0.0127687490671847 0.0120471052406443 0.00968833692917931 0.00913647017845879 0.00865740815842553 0.00932829207190966 0.00825254172448806 0.00581353517048069 0.00573001239812991 0.00625330242754603 0.00590763719109614 0.00565560933507593 0.0056196345556109 0.00552662922703496 0.00544951775760856 0.00604256697111766
0.000330343280864898 0.00169796570308484 0.00322754961269826 0.00553162455563822 0.0103766795267613 0.0093954837370903 0.00948825966728731 0.0095391619918364 0.00884547932601685 0.00730885301591735 0.00754426544914415 0.00637197609246805 0.0107255388350865 0.0119731840280486 0.00574422151671135 0.0122658220582487 0.0105072799914344 0.0122835998860906 0.00618756027956583 0.0122615131866723 0.00972024871890968 0.00906604963912333 0.00859704170118397 0.00868412551510966 0.00535026626213796 0.00618470187085036 0.00609567652654278 0.00755792714944449 0.0102293066326817 0.00533431686994803 0.00884643460476358 0.00888256413416032 0.00995007073348857 0.00821739280745283 0.00772362149752838 0.00971398502570872 0.00540550618070351 0.00734491757681166 0.00674729380690857 0.00638669848636943 0.0056802784817082 0.00536187618914546 0.00533180699267091 0.00637113913207444
0.00641790142130843 0.00503763914553399 0.00326290322204156 0.00160340421408675 0.00409141575838765 0.00802911870737483 0.00845387377510799 0.00749056187300209 0.012301722307197 0.0093165191313912 0.00800079227766431 0.00904289206870099 0.010368147508472 0.00675598634027593 0.00564358350387718 0.013033215669916 0.0078008802550035 0.0122458901107605 0.012258027251971 0.0109572622522142 0.00962338227446781 0.00965426252035369 0.00698437686213405 0.0122846972541874 0.00689698043312717 0.00795943542078843 0.00437999383126265 0.00519100035748544 0.00964173709644982 0.00571494330007297 0.008923683560183 0.00639139282813526 0.00636866576192651 0.00619207850865832 0.00968452520546543 0.0114116935388627 0.00620798315373072 0.00583518552557818 0.0113425855057727 0.0130028762422821 0.00952650052333273 0.00579743912437959 0.00829058724481693 0.0107909923924299
0.0098110103355658 -9999 0.00150572618887645 0.00214658162740664 0.00310347457348226 0.012304833283786 0.0049889801629702 0.0122521558802184 0.0195199538470617 0.00934805744413088 0.0074184153338628 0.0072784077764789 0.00698572900835284 0.00883714377359813 0.0096701638147381 0.00735024746773413 0.0122591819204627 0.0137939216543996 0.00718710158404855 0.00629184266400967 0.0111943038814913 0.00612381632564548 0.0102767228338214 0.0122219281092456 0.0078254183138726 0.00968175529914374 0.00415229498219201 0.00969930079009458 0.012301425043155 0.00819762262949793 0.0122134944343022 0.0103268986497437 0.00909562538551379 0.00863371112708993 0.00630550456297502 0.0082052061112137 0.0086134019762999 0.00484905032181783 0.00718605644242697 0.00999482841020658 0.00991054023601686 0.0122580155111095 0.00488520868949384 0.00761268262378954
-9999 -9999 -9999 0.00758925872730616 0.00232737098563269 0.00247981584749285 0.00869571951641463 0.00710353748256027 0.0166860741994983 -9999 0.00431056453488678 0.0141240275731456 0.0119949546361693 0.0122613101257806 0.0110270864467619 0.0108917148745816 0.0104390736612606 0.00857054338671874 0.0105970942728921 0.00425866412507792 0.00593864414897904 0.00517978922349795 0.00488946866429043 0.0122318357822743 0.0129919069713245 0.00875730055454336 0.00586650606907284 0.00751237722415087 0.0122964092319276 0.00536035788794016 0.00904714401265727 0.00643666672878732 0.00788863816201736 0.00796884836651246 0.00848894155385871 0.0123978496919835 0.0113578715272155 0.00737292872599253 0.00686157762313482 0.00575682343959261 0.00596051049473012 0.00687236600636029 0.00875346880282024 0.00597347584913546
-9999 -9999 -9999 -9999 -9999 0.00758289394281348 0.00704742165930162 0.00672828021749377 0.00494760770114266 0.0117373665610986 0.00683382614412235 0.00812366050717193 0.00633240663331015 0.00797162898967924 0.00725910999076348 0.0122827139562085 0.00912297275245381 0.00744359438732124 0.00433412672981765 0.00622823026210594 0.00537523974438448 0.00425442385734581 0.00531588486996935 0.0095049955539652 0.00913372731288543 0.00338652002217699 0.00874816652782237 0.00962337729513419 0.00706811199570004 0.00805652802557108 0.00653849645386976 0.00743309412888916 0.010645247432419 0.00980130083461567 0.0119382339577507 0.0102768666729694 0.00895390074517072 0.00865667552506504 0.0103142542239823 0.00885864610108535 0.00865275506549377 0.0066577327730577 0.00657996770644582 0.00462158105539412
-9999 -9999 -9999 -9999 -9999 -9999 -9999 -9999 0.00843161122141925 0.00574652858860198 0.00335306554423253 0.00466936178341979 0.00557066925219132 0.00840145973863408 0.022515706636914 0.0256470606395432 0.0122516693617925 0.00455007743949952 0.00461587977392785 0.00301844971679378 0.00307553278496255 0.0108511809068387 0.00372838269800926 0.00548935342556507 0.0064666646618847 0.0102458824475441 0.00800484933365081 0.00392518463881232 0.00696611311472237 0.00560326027853854 0.00538576722745181 0.00687980228967771 0.00787977539119898 0.00856201272323903 0.00870098175023871 0.00862118203257135 0.00652905238165783 0.0126131934382618 0.009373316284713 0.0129187307526081 0.00600224781048829 0.00600868981241292 0.00725534434158106 0.00991022838907927
-9999 -9999 -9999 -9999 -9999 -9999 -9999 -9999 -9999 0.00874637312418389 0.00614296114973481 -9999 0.00765671806956554 0.0096723780005713 0.00712544427793317 0.00695797431854138 0.0057514676414579 0.00861017543595526 0.00560420704883277 0.00516399185866014 0.00662787552916052 0.00941111477719619 0.0126014535059099 0.0122502405531868 0.00586046735032417 0.0122572236198826 0.00626336728952717 0.00506820250295734 0.00687977978512839 0.0073441208557783 0.0083298368018547 0.0104105417121808 0.00894381444790313 0.00502233101110126 0.0083065668995147 0.00880313120750765 0.0109712718522605 0.0103858396607561 0.00844554895329319 0.00837755180333019 0.00710413691190067 0.00682757503554498 0.00687382863437891 0.00739302692405213
-9999 -9999 -9999 -9999 -9999 -9999 -9999 -9999 -9999 -9999 -9999 0.0067961203175829 -9999 0.00345047003556831 0.00747235607358952 0.00636969074507794 0.0109623374290591 0.00559174862151337 0.00856671562988703 0.00702669411762754 0.0100403347274791 0.00878335664081944 0.00856542449579114 0.00489986803871793 0.00812467235567522 0.00723616721571625 0.00584362258846204 0.00555429594357073 0.00467980538228512 0.00675620519418102 0.00709328334023002 0.00707940772021938 0.00600327124198434 0.00674169898392832 0.00813788689221317 0.00911504734353876 0.0122591271222233 0.00953214682658067 0.011988109351419 0.0122831269571515 0.0105721605628406 0.00638478838569577 0.00792960607216086 0.00717585898065826
