resultados/modelos/svm_pseudoausencia.asc
NCOLS 330 
NROWS 228 
XLLCORNER -12 
YLLCORNER 34 
CELLSIZE 0.166667 
NODATA_value -9999 
[rows 20 to 39 of 228, columns 180 to 224 of 330]
0.722465887629961 0.901200025342049 0.49642904243499 0.918672629798509 0.611291974737408 0.677041771201419 0.62415713431466 0.489898608343081 0.300117247226005 0.44521311192694 0.596229529850745 0.516146893842211 0.320672140227966 0.404640140098942 0.460664799418932 0.352942501394042 0.39412859784557 0.362828286333295 0.433507466746693 0.574621199438765 0.546800531887804 0.570167533682073 0.437049341812771 0.41919225207542 0.391870342209678 0.244909731870718 0.204137312228873 0.231013231273153 0.247974482925483 0.188978276288579 0.281160915995869 0.302101530711393 0.32194541559543 0.349875819419376 0.423614479928749 0.327036218280833 0.315734728258493 0.326314814522825 0.344000523886928 0.352365996877651 0.311330694110698 0.309254050762447 0.177545554472968 0.100700777504465 0.153932026799271
0.803184101004762 0.592276986045803 0.588656073075662 0.734948294198105 -9999 -9999 0.355328074171255 0.425876330184902 0.361579447803795 0.350337377490961 0.279615505399796 0.437694916198519 0.350549622539553 0.167277874011342 0.270240900412547 0.187106423043331 0.165885816271501 0.305803713996181 0.494862996585751 0.599730929283575 0.413540734940113 0.330833190355565 0.350766396911429 0.371787405539022 0.219147228219474 0.1854600273962 0.401021156725788 0.28510025032331 0.21299997972594 0.140975943054066 0.13841574039788 0.139509045325827 0.189664440940611 0.259014087584933 0.262327498615098 0.182507155300776 0.196420097149833 0.137412835540739 0.151206383580038 0.140508833478096 0.225645310700811 0.256278483414305 0.176228943383804 0.112906907195805 0.0370921016726195
0.502942316797981 0.581624394954885 0.728629217731414 0.55415459703971 0.625761145886442 0.736870180162735 0.793261006674188 0.586283919060059 0.456273506668491 0.309167117880378 -9999 -9999 0.22240993084068 0.330206168233821 0.234287633463486 0.153290816926248 0.135016031287275 0.189302788791173 0.195782341141517 0.408460962633771 0.347465460664992 0.454996570386449 0.467699991716751 0.287153253818482 0.273861413960567 0.206922956125373 0.198322523974004 0.110215197055752 0.0626455208131846 0.13908825646492 0.0795228487733215 0.0403025000348715 0.0290151068049887 0.0691845188488292 0.430826587007874 0.318307086019372 0.186200910259176 0.101558320833654 0.128686736342772 0.10285165126343 0.171866891294062 0.0901880318528967 0.130263559524995 0.200520673912404 0.110797369321613
0.346511554277862 0.355016095428084 0.400526817598505 0.449540129455173 0.386542115901615 0.41294341917387 0.451244992515046 0.467465943373989 0.533606441123656 0.660475546745745 0.566369171014912 0.317668264449422 0.39611644400231 0.292693159502988 0.15284811064684 0.222450898133791 0.154019728877405 0.127940938485397 0.138293154682556 0.211517104993499 0.228511523760992 0.22718633900643 0.315564896538326 0.357589966954672 0.303123441017105 0.139107596064755 0.100305402888929 0.177146056364755 0.148810652492034 0.0322757097578295 0.0567690416058568 0.0559451456352378 0.164785244317504 0.141072353635392 0.156694777877777 0.135266582812211 0.471168784800492 0.146865717159711 0.109425062636116 0.106464751674499 0.115834520926662 0.098119703692392 0.0788665409216101 0.0302368792980918 0.033981096847721
0.312042877672357 0.427416621207086 0.348000182006415 0.399579454446163 0.653906098333125 0.904599086906434 0.664314603531855 0.574183072834809 0.677746071083941 0.497824060755986 0.314830228354179 0.375246114119246 0.583182776923354 0.592951862221965 0.434803273169206 0.411824786836199 0.261593100779774 0.114184982005821 0.0852876347028418 0.000720935208320783 0.0311095997600899 0.122309572630048 0.0729659076916793 0.0648217717777871 0.049321627312318 0.00976179634101315 0.0590201411660314 0.0983329604113995 0.0445693720476281 0.0125098027592294 0.00237464307082685 0.0573597316607889 0.0750934026137892 0.126600418162458 0.283087821316259 0.242369153186329 -9999 0.147449585296832 0.161252410183458 0.16234354857244 0.117981654598107 0.105938586872785 0.084418109545767 0.018275928397655 0.0290275200051766
0.406781016996737 0.535876322015551 0.39025510894606 0.492468290143543 0.480694210471965 0.454620147117225 0.653854841268275 0.572361897642624 0.262039591126748 0.446001833759984 0.624184103188811 0.339821638159369 0.451595688621768 0.506702329849861 0.370330132252187 0.250672919753115 0.279965279454708 0.0515017456003123 0.186267453397818 0.00805296273150374 0.0157219947985046 0.0849504419725919 0.0899295545243514 0.0760867943441768 0.0627853982564512 0.126271724320672 0.0806177580616062 0.0992927050116351 0.0343880757387959 0.0029209774676936 -0.0340995302281832 0.0113085072213228 0.0122979540750976 -0.0129671298171045 -0.00622077031598856 0.0284143622957074 0.103807197661062 0.0664771241353166 0.0491753316672608 0.0441387181420519 0.183994802726492 0.236011761528477 0.037335377746157 0.040234093461471 0.0343308740203908
0.372444669658053 0.398550231569087 0.434227086492091 0.368396137888971 0.366721798133675 0.290599159820964 0.406785986401232 0.363110969264761 0.185579810425143 0.142284671111082 0.275893752485233 0.215273139930798 0.359379102796541 0.354797746223586 0.160771704943721 0.167332817818458 0.0624147451927302 0.115903835270685 0.190725653063478 0.248143912154913 0.114762270663466 0.148555095153635 0.15301467584215 0.156065881534583 0.0102515747140313 0.0357246774579397 0.0223938627587183 -0.0293263023237459 -0.00357244496276571 0.0622810717690119 0.00413577452664193 0.00408830674690169 -0.0130335940796025 -0.0402361938470149 0.00515965489473963 -0.0474422175189759 0.00217437245531532 0.311153018912127 0.0466373945210156 0.0550072913310328 0.083836072640386 0.187066547147779 0.0860868260994221 0.0672030523325944 0.0284127225267166
0.584206269279235 0.650032631182749 0.481113388368311 0.425569729369672 0.290131650851822 0.280666300989107 0.173960058310583 0.22007388879852 0.11151853855491 0.242730428159704 0.158316638924895 0.170900672465344 0.191513891920349 0.134321226257448 0.224994843593875 0.186602394077313 0.0523404127220914 0.128262966636727 0.16903720620882 0.0897739292667739 0.0516840325806523 0.033571600446238 0.233177801927795 0.094227389350888 0.0616634153386346 -0.0359249853663419 -0.0348444898713719 -0.00101517127184148 -0.0130785469732035 0.0152529671500318 -0.0149182962432279 0.00712327301036803 -0.00321322195922408 -0.0404534391928997 0.0553790589078501 0.063914976952811 0.0368832062194484 -0.0195405007832692 -0.0136001553018485 -0.0134424392980096 -0.000508108561102616 0.085815701667361 0.00606137520771127 0.0187457392580246 0.0434769599431399
0.460343589877939 0.413112799517024 0.378600498211044 0.463092107886863 0.307010377962532 0.520750759644522 0.298049059854398 0.251406557911432 0.103085652550257 0.0649024563308462 -0.0242348488779387 0.0354686659001768 -0.0301440580912424 -0.00959521651554318 0.0755085340010987 0.138360952980415 0.345555070612033 0.0535504948467566 0.0850803037714346 0.00102742130241429 -0.0433582232181919 0.106531820792674 0.0678921608957349 0.0441459334175048 0.00564876459983349 -0.0611013124737757 -0.0578397492732171 -0.00512851732498243 -0.0481772969719729 -0.0531994186440879 0.00207607604628934 0.036488717349354 0.0305111810063693 -0.00678315183732636 0.00568404986155929 0.00244419155692643 -0.0157807985324234 -0.037827670072302 0.0117301381583464 0.00854221232282509 -0.0177422105885875 -0.0102452327515999 0.0143631294348559 -0.0492315661912054 -0.0193373521338811
0.851921780691327 0.516620195046277 0.377585898187618 0.340327305563725 0.436060129699949 0.320081239224004 0.103529398113965 0.206064862585375 0.222153687053623 0.311227834389587 0.270041584404749 0.0912585405411305 0.0331128164765781 0.0849457006536762 0.123447253572756 0.524663149753392 0.278817171991992 0.182510355624005 -0.0171994367502464 0.0494276613844941 0.0222035097397616 -0.0237965617541037 -0.000319768646883323 0.0324303627266171 0.000859404970595667 -0.0223154975465971 -0.00868016728047627 0.000994407205194281 -0.0352555117176775 -0.0531429888407316 0.0415355283481718 0.0615693617299096 0.0275107685402655 -0.0231306351067291 0.0118512950979212 0.0146129175534625 0.0112689005114983 0.00275534426846819 -0.0307876233284816 -0.0765920663204074 -0.0282057158782252 -0.0261699710183889 0.00748620658434229 -0.0463772866250839 -0.0292675526349854
0.808620329892591 0.725703147290839 0.581244182562712 0.314302710704212 0.32926778347395 0.127442757203322 0.0364807382649653 0.0696044887846751 0.0465686145099263 0.0261334801043052 0.171645432642682 0.0483515709644855 -0.0158445423387604 -0.0434142717386273 -0.0360614047031999 0.0334518895175018 0.0207928033491 0.0390433313129078 0.0103516783502968 0.0205507833018213 -0.0271029280136986 0.0109433049078743 -0.0146136029528925 -0.0523193871021585 0.0530732576619333 -0.00673386895780725 -0.0207391751060199 -0.0309591366284997 0.0310311837553749 -0.0425340583800622 -0.0198236196492581 -0.0191789491127656 -0.0171501425114189 0.00628070336415526 -0.0114294247953882 0.0309972303017315 0.0391034952678282 0.0450450310724983 0.00939138125620248 -0.00530785407575785 0.023905325747608 -0.00269747919109381 -0.0247950747657359 -0.0181627119749899 0.163471066245311
0.387623076200826 0.244680819266514 0.376362707367759 0.378559015347997 0.318601579560374 0.144959265440398 0.25408616941832 0.34327649843737 0.137115059195992 0.0452337304285926 0.0413442176721545 0.0815535742763207 0.0416333349330525 0.200790770818824 0.128697435908247 -0.00961001527959904 -0.000597264051053203 0.0351818294121383 0.0267196389876126 0.0576152761080372 0.0530454503164161 0.0665075804695108 0.0399877761333672 0.0590043749451275 0.0270175971866106 0.0104536554774543 0.0343791880715185 0.0677932145661804 0.0543741780453788 0.0130304327421716 0.0285930701063679 0.0154042398536499 0.0357391588713738 0.0450273423751464 0.0397755657299773 0.354222445476523 0.152788889851453 0.0821462590986945 -0.0433446280819469 -0.0319090042923499 0.00642685851929936 -0.0404464692935182 0.03650387175675 0.0111592335553429 0.073536010796889
0.430795898175502 0.400724161985438 0.444019272350933 0.148855704148519 0.345441168861823 0.0777834788686631 0.0542639374322225 -0.00590331785554571 0.0821978807070934 0.131303610273287 0.269380481760848 0.203142617621096 0.000375984519145778 -0.00376058923430622 0.111989953995529 0.220494784276249 0.00237776452465271 -0.014067908518285 0.00472094801910877 0.0325192255085862 0.0754106249575173 0.000859720337703707 -0.0254925273641157 -0.0149169127688864 0.0048945263648717 -0.0328649182806362 0.0818605606978053 0.0844551848683697 0.0621441587040675 0.00354986869428225 -0.00185698080544067 0.0301144665888848 0.0885916278326785 0.135769205349547 0.0545432413454778 0.361544788024819 -0.016349125909657 0.0537430046415009 0.409180002582934 0.0740689304735395 -0.0306893821342475 -0.0262172529359112 0.00718840568855517 -0.0112607566346301 0.12802349275641
0.364740842897218 0.353023292591306 0.240237415026562 0.269691976004318 0.0549558293765725 0.0203523288695863 -0.0281598183363727 0.0245560582337086 0.0806436472675484 0.00732491681707803 -0.0391650671878503 0.00763241668564646 0.013847912973085 -0.0273441283122652 -0.00380540931239487 0.00206087969006707 0.0896324062691971 0.0445891317756887 0.0344075341116465 0.000809720411023451 0.0432247726270561 -0.00252248530924692 0.0858060216603085 0.0103287126751764 0.0309955771277606 0.110459134757546 0.008493921250533 -0.0173865883055926 0.0175525469749112 -0.0342419495026955 -0.0440044256893985 -0.025306770419621 0.0190483757189409 0.261827833206112 0.345404441475349 0.0779925567380109 -0.00288084965786145 0.0335603120290875 -0.0224805298271347 0.0599690014096197 -0.0096074475929247 -0.0398514412807744 0.0408506559446731 0.0597018008499189 0.19990698010263
0.173883391238941 0.192229212753643 0.201416497022353 0.326720355526259 0.0276511401646897 -0.0132557316803155 -0.0125143210152617 -0.00706509389735982 0.00421452843499226 -0.0241450621160345 -0.0306071680046113 -0.0194492598163491 -0.0227907841259602 -0.0229351911574436 -0.0223770510576515 0.0490651834564307 0.056051892554753 0.0686166477367923 0.00633300291183669 0.00804764104615724 0.0675318255252066 0.145022114659913 0.0530810924455977 0.0547705118437561 0.0522390003741535 0.0666986275700016 0.0541827159628444 0.0778190034996054 0.021856274050121 0.105621094187195 0.0547753114049088 -0.0250377876718487 -0.019655460767031 0.175649273743846 0.314741101634475 0.141262146006228 0.0758384923950758 0.0174633140130495 0.0479715763771799 0.0734496178554724 0.070109425143724 0.056011430046875 0.115116625791087 0.0449566544092266 0.0792318705736775
0.243269385675807 0.128428090114101 0.093545702305426 0.142457957270737 0.0536445131887689 0.0389325406099948 0.0253571239153049 0.0122067711613859 0.0645573759898523 0.0703597527645338 0.000929915177279084 0.00425367229296653 0.0993578781830428 -0.0095486072715929 -0.0622390919266251 0.0489737706853824 0.088627330815023 0.0852352002677517 0.2177451569404 0.0771553068541754 0.0803247296811065 0.0226607627738865 0.00903491063221951 0.144136371447591 0.103056310146843 0.111555942218933 0.0429878153347918 0.0948791992743775 0.352531498186124 0.0400181162308878 0.104500318925722 0.14086903725242 0.128616621975589 0.137815834689061 0.109728687185863 -9999 0.196856486804741 0.0496083436664104 0.0465805815439433 0.0487104847280335 0.0180593425820958 0.0292142260109887 0.0293914913505516 0.0511206006965372 0.0275875461934039
0.0063860433982682 0.0357222093020588 -0.0328861821866794 0.0232355057474493 0.113449415458907 -0.00433554448497941 0.00871810890328284 -0.0099869825584642 0.0187746668027006 0.002713661048382 0.0297997527717573 0.0736514765859028 -0.000447567685722683 0.152563311616973 0.161345016267076 0.0891574813868725 0.0454617630674406 -0.00011056531053466 -0.020515806325041 0.00952316266298031 0.18231800748253 0.13181454749696 0.160298962222584 0.0489957372636461 -0.0128945848329944 0.0909137898296497 0.359584620518461 0.0756676503251357 0.331955815685875 0.189116649309973 0.215613972349664 0.17855361582917 0.154356647875156 0.109708822895675 0.0924016548960745 0.135707296932544 0.236792296925857 0.230699551771388 0.102215497569469 0.208243928661518 0.1031640200522 0.0574978516173019 0.0545204646577844 0.0339644935921696 -0.0155284081544567
-9999 0.299524040946591 0.190455734613833 0.0630998950693064 0.0182399349769919 0.102051133764868 0.0126973631275323 0.0149136003493999 -0.0633799334390131 -0.0672147785792507 0.0460668605106667 -0.0252129548622735 0.0513072914148268 0.0216235948464553 0.140278356019083 0.0410781554768616 0.0545400033558276 0.0704726788937314 0.101022759794732 0.0425891373491115 0.0155600250341932 0.198200941039667 -9999 0.135699007192002 0.283581088088579 0.224761987600453 -9999 -9999 -9999 -9999 0.519551958883263 -9999 -9999 -9999 -9999 -9999 -9999 -9999 -9999 0.419250201824905 0.227611804046773 0.0328103666899724 0.0747175794813935 0.0242889966440453 0.0518164867077979
0.220249409147215 0.241939261610325 0.143478884460339 0.0209336099454163 -0.0079041034643223 0.0192047512736704 0.156137786851509 0.217146900334774 -0.0508811855482691 0.00585768619838467 0.0551278736412265 -9999 0.0518147583902402 0.10086016997374 0.00553338407211668 -0.010289030464663 0.138019917546382 -0.0035108330732313 0.0669333812120306 0.0718551123026419 0.0386079107724612 0.00720445079283416 0.176834651217279 0.314176151448344 0.29230258524589 -9999 -9999 -9999 -9999 -9999 -9999 -9999 -9999 -9999 -9999 -9999 -9999 -9999 -9999 -9999 -9999 -9999 -9999 0.27582596939674 0.0490300242508077
-0.0443340044754285 0.00253536130969295 0.0405150496750707 -0.015454282619664 0.0200028196703551 0.0112050254472474 0.0135105549027184 -0.000725638977950083 -0.0484532219802599 -0.0269056750411315 0.00682119934166148 0.00757845591070316 0.031965732024218 0.0495462235315941 0.110322742211977 0.0986527002531112 0.0738846119824925 0.0301926764780461 0.099937109515142 0.214641390626269 0.222533243151273 -9999 0.506607891228751 0.586720423249378 -9999 -9999 -9999 -9999 -9999 -9999 -9999 -9999 -9999 -9999 -9999 -9999 -9999 -9999 -9999 -9999 -9999 -9999 -9999 -9999 0.137800465492327
