resultados/modelos/svm_ausencia.asc
NCOLS 330 
NROWS 228 
XLLCORNER -12 
YLLCORNER 34 
CELLSIZE 0.166667 
NODATA_value -9999 
[rows 147 to 167 of 228, columns 184 to 229 of 330]
0.087630179809982 0.291669053081977 0.395225869606989 0.334483893364694 0.0843985682509776 0.0757290435829867 0.0821604293487188 0.0554332821515928 0.0519641085701587 0.0357696957193219 0.0472128361029114 0.0623119096546332 0.0409380554391556 0.104558989978208 0.107791528088954 0.0207488695884476 0.0212874870054405 0.0411315685245435 0.0566255464428683 0.0320623405977049 -0.00205965251612106 0.0370360875458882 0.0375536167806683 0.078786155622265 0.0105246316436741 0.103055935029619 -0.0250656316765338 -0.0061981366325663 0.19349700998801 0.109024843414177 0.122769357026084 0.112960378852578 0.120467440244302 0.291636071342666 0.261078525533245 0.465138296555327 0.545798761482375 0.519947178040059 0.285269413779706 0.438311764455131 0.407114740329838 0.340034017101132 0.464863836805321 0.426157036602721 0.272647693951321 0.0232243680003402
0.0316704365644565 0.157461805125099 0.0935933880102255 0.100406413177751 0.100278989567923 0.0916833004973637 0.0697432133528424 0.0700334204625935 0.0400426275204099 0.0398892749521251 0.0279239469454747 0.0328404582217229 0.0470215219189438 0.0329200975560956 0.0318540182163071 0.0511510951054834 0.0491894250926169 0.0800475403958144 0.0499780304553696 0.0266626928198886 0.0721869808469617 0.00464092094705421 0.10919840527045 0.0158164538627746 0.00801219895844302 -0.0303246030663606 0.0356973307678473 0.18317911972027 0.197429831667071 0.207836181932587 0.180461673922618 0.0859327979694019 0.0505731809254645 0.0707519819889917 0.122467054277355 0.207291246274634 0.508518758666889 0.373947575559174 0.34840503230803 0.275187470390134 0.423025255668378 0.370464704945009 0.430825379717605 0.40959003518936 0.498745822149849 0.325125306876348
0.0333042955043536 0.137672151586897 0.0920539607811021 0.123254181891883 0.0990201860147949 0.142182583528198 0.0880429196115672 0.0792400336158449 0.0375061199937063 0.0925216976335337 0.03122905793909 0.028113950537641 0.0387258697738219 0.0197656050478325 0.0423008386780583 0.0500470205086137 0.0952842383104235 0.0436426345274952 0.0660126099303116 0.21494775055576 0.00991646392546985 -0.00867167169188887 0.433776214771334 0.237984812235481 0.216791991430134 0.075005282492045 0.0824309214096238 0.0521343209496128 0.0900059184896388 -0.0130591783041325 -0.0519030029803318 0.142755101049242 0.0428855195542349 -0.0277089246400591 0.0538921555590033 0.0439237159111777 0.422897732460463 0.227941393238718 0.22641336065102 0.363027902134773 0.383329757524512 0.332587109715851 0.319528711596708 0.482463720721895 0.54345370053778 0.441029622055642
0.0187986863803424 0.195376222392458 0.0494569037127848 0.160564158503733 0.164297798323053 0.125247785213819 0.105641494301673 0.0961562744677181 0.0707827138714143 0.0432652529686101 0.0548847029640454 0.0732534762281267 0.0235430948320121 0.0182229200674992 0.0122152327852054 0.00809568930469651 0.00684489405277344 0.0283711855385497 0.0500863849803759 0.124263590920696 0.0422772683393232 0.223004500586213 0.0649430021085053 0.315949182987727 0.289985097709609 0.15268976325933 0.0498660423761054 0.104767853791647 0.0890632804549315 -0.0231449252693647 0.0166416822065755 -0.042628056966049 -0.0536779985465633 -0.0149621513777735 -0.0360394559707885 -0.0113335444587022 0.104256813971533 0.373256122312497 0.398104327588389 0.305920790694454 0.512064086989441 0.491376411960688 0.377240949079662 0.373637589071372 0.545683222196621 0.521261490930918
0.0985357526060587 0.176037902143171 0.0674803580672948 0.119147895218868 0.127704206846257 0.171254556088784 0.166611849658401 0.0937633792396096 0.0704058629878989 0.0396703676332622 0.0366088896710558 0.0548612448248478 0.0289201581789971 0.0573126153231251 0.133135197219738 0.01729259657204 0.023663250967651 0.0711957415362703 0.118128273042171 0.0498614201966069 0.0580964699598345 0.0500216976749997 0.283358285344327 0.153252894530515 0.0772209269433358 0.0693802362034384 0.309355433602203 0.264101541141427 0.183076749279315 0.306407601560928 0.110120464698862 -0.016098478190141 -0.012886410666462 -0.0324640137812945 -0.0415553482236358 -0.0411565670934259 0.208023900486875 0.171078803097225 0.406060291431654 0.272511948496911 0.35299573465077 0.582328161865632 0.433443852341914 0.421395818739538 0.391263893752103 0.382274971517252
0.0319721648689714 0.212744750489743 0.030224542327039 0.113247264897436 0.214783426022495 0.224495453626981 0.115916746817629 0.145590409399445 0.118527704081146 0.0606191972111947 0.0519495607548219 0.0715233343739921 0.0571462671447398 0.0491666897179932 0.0540078841500164 0.0911819100323308 0.0337464638000676 0.0615018316184858 0.0824006360851425 0.115353238938306 0.420451138973882 0.364593112863148 0.154557354296968 0.268962305208106 0.105708277425005 0.295957938752604 0.267980363803451 0.0583611502252241 0.184747591972334 -0.00290699331054278 0.11763335077201 0.121871919802452 0.080747496413173 0.018419119484467 0.00802660447187875 0.171245854461763 -0.0519510934597451 0.125917733127928 0.343793512493243 0.396696960303985 0.406186192709984 0.507725021447704 0.369487391866535 0.530512804008568 0.453229969522127 0.375055406297585
0.0394439813374612 0.0849882625781748 0.0645907856934164 0.217060522685289 0.203640426350954 0.134336380062307 0.205310708166594 0.15340871955609 0.136667419673032 0.0681544775257663 0.057108131850377 0.0994559170525098 0.0290865805424165 0.0262034317144265 0.0789374063577016 0.0211073749709156 0.0431960176023742 0.030893359286879 0.0127080002754157 0.0518443374579032 0.13546722086331 0.569445456797253 0.366738666575388 0.283816288678086 0.286800221335476 0.164933335082423 0.31219074871151 0.272125491064319 0.0500834037868509 0.197992463485888 0.0123799141279733 0.0420523679958562 0.0124808986075967 0.036084443971973 0.0455985413154038 -0.0122140039548145 -0.0120101101914467 0.286655228500082 0.0883609996337689 0.266980994943201 0.402466500503093 0.373767153128554 0.297049849144055 0.504874828651959 0.477675695167431 0.43689141272204
-0.00206004805064908 0.409261835903313 0.0823505597986951 0.113631712272039 0.0951883129999938 0.154812338036406 0.289801346843122 0.22271945388838 0.230297505193771 0.128583203717161 0.0449498481648005 0.0690544200822256 0.0763084581672067 0.0525993297863442 0.0368211317801638 0.0706179509591154 0.0927418598227532 0.0239613224073764 0.512669201482608 0.369352540621993 0.458438161863023 0.581983882576453 0.55310981027594 0.272717421229958 0.400519078791163 0.204979509746127 0.192087114576048 0.203034797533631 0.0499541482479665 0.226224669182818 0.0760066638293961 0.012185249624264 -0.0448924475921662 -0.0264357909908791 -0.0362047105838577 0.272101640559409 0.318980478163913 0.0350570886730691 0.20533309761855 0.0157840235286166 0.098251954913906 0.503105243190176 0.400743037564627 0.233369762857093 0.35766031667244 0.2985814556263
0.169874314845593 0.0724401523658959 0.00215248876835727 0.0745715913120528 0.107721340177575 0.0959532019119848 0.193481507014201 0.168612337581449 0.110392959740613 0.0470535560024509 0.030477622986845 0.0251650888926935 0.0368102145068921 0.0435400912320095 0.0479448643901437 0.0580713920518633 0.090187542168172 0.0832271257877042 0.479359868689955 0.528555243452392 0.497987163665669 0.46862527168294 0.49869163828363 0.43465012687065 0.401189896589104 0.412194506936885 0.107635335348047 0.317606613051224 0.343265797106318 0.118597202221625 0.0331074240378263 0.00882071244935856 0.112937039408601 0.293158938937059 0.161243954019563 0.422190639669133 0.260923992435622 0.125389614093109 0.0502411035416363 0.0163809953410257 0.2753894635844 0.097191929971345 0.276000352262477 0.427713625205426 0.258010943403692 0.262381999832112
0.221519070353904 0.0464016485190337 0.0231770811431514 0.0708063299224351 0.0566443071378608 0.0927942735868902 0.157378874998845 0.102129709770291 0.109938299141266 0.119018017714075 0.0444868988457652 0.0830482572172436 0.0498676205952363 0.0525360370280985 0.0232175603464526 0.0251829071451861 0.0409379052429918 0.178172826671226 0.282006753288879 0.201239907505413 0.288491609283698 0.345963366441945 0.477883325911419 0.492479476755975 0.585795793795802 0.265514460044668 0.533166099133953 0.152516274298257 0.17806546909305 0.136389503404793 -0.0294447952732697 -0.0403748130389682 -0.020552429511727 0.228428907745224 -0.0195229507674117 -0.0619867296235892 0.134200356410522 0.0497584919314248 0.0271845999965116 0.0339280954381815 0.455025383367135 0.0863247710350205 0.365663790297201 0.244157225653116 0.0838033028902349 0.420307463381359
0.0500964290062856 0.423924950668989 0.0727873304091736 0.0171738364179079 0.0182427226192745 0.0925797622956092 0.0775986780242862 0.0786690655469161 0.0451025047813478 0.0565329842776432 0.0266738400294742 0.0500043118426992 0.0226301974849973 0.0721282101529563 0.0170137576211618 0.252978375616177 0.0755995375770596 0.0971570438524129 0.0420714900197546 0.0284319161103079 0.161024965600589 0.457304629648159 0.203283021292398 0.172185760940312 0.220626229590598 0.167256540108845 0.0346554512438993 0.482938875542134 0.146885909192688 0.183709121674085 0.350656956049561 0.415494623993027 0.276037781926811 0.202311688161028 0.0423169458246047 0.107009647902683 0.226277895674483 0.132613852318086 0.190032121366569 0.370672194750975 0.293284609146039 0.206187422856833 0.0501100162295864 0.295037185862263 0.180483961639278 0.341568374233734
0.130254764416394 0.419081273750624 0.0368213669931481 0.0178382808397609 0.0309207184732533 0.0120331564921815 0.00910795610740323 0.0269800952549344 0.0422167428693807 0.043368902160945 0.0782911168114358 0.0424241081415809 0.0882530106306501 0.0617214903334552 0.0605330528781404 0.0906675631430954 0.105915124032443 0.0491872036941738 0.0300325180717789 -0.00237851862164151 0.0983853043008091 0.273709642976183 0.430200507781981 0.076817824063142 0.141559468306484 -0.00892215975969002 0.435549784721116 0.129740067716086 0.151040083487346 0.190475372947695 0.218399686773934 0.187466887337172 0.245885229662909 0.346493341541781 0.352016118230476 0.467433997267386 0.587606571186669 0.440688855741548 0.261014867326962 0.310872088370604 0.289282110318825 0.431210470200084 0.454201543084574 0.206153038015682 0.251279673398285 0.373510364773153
0.0298186139079182 0.0260484621487516 0.172531726282872 0.0327870794439308 0.026145695202911 0.0359880936703563 0.0299932423838106 0.0239552958970206 0.012467532667944 0.0364150961827313 0.0663371047681338 0.0177829047756727 0.0117369410151646 0.00875520456702267 0.0189242378239606 0.046612274148164 0.141736002970018 0.110386667177862 0.456914287784622 0.262183682001557 0.485597319195257 0.129042671693936 0.2202793517112 0.19644753883794 0.258356808716976 0.408716209075178 0.0499724786470571 0.349115838384096 0.34485803698657 0.401113946042406 0.251948085807768 0.277554508521367 0.25642469366449 0.307075219128431 0.281514621020741 0.232923223207038 0.258691347294074 0.379914522217583 0.226258229451004 0.241218199058114 0.448800782101549 0.426346101476973 0.213330290385849 0.160841603999017 0.0944571089062405 0.279192495896516
0.126342213280059 0.104783655801343 0.0882804759600255 0.206407393024557 0.105818364728435 0.150823448091401 0.234280751269926 0.212446655121173 0.126535066992382 0.0714339049741723 0.019792308170928 0.0123955447098711 0.0139968033117854 0.0305100892600442 0.0579293362877216 0.0450933543345497 0.0860753814980747 0.140591346716588 0.324352358773164 0.593115938553086 0.146639086958149 0.658771224754456 0.218717679814525 0.585253170021003 0.354774730552632 0.195669790244962 0.0583568743835597 0.124027165741231 0.234386615729443 0.282897923986872 0.322721888836103 0.340235820157461 0.260492795095775 0.276700473687253 0.34865818485786 0.11577895283567 0.146616007372 0.18660696047732 0.0272110734494947 0.260772442822476 0.259773339919483 0.538493089940317 0.186875597351572 0.431647013643999 0.0273105191649546 0.0954453029849382
0.255475248279184 0.416831370678524 0.216955469526496 0.018368832323387 0.0101772239530993 0.0749370336936449 0.154853999353586 0.0465532004456134 0.0251695190098444 0.135518066562041 0.109572003194873 0.026582713798163 0.0539211481490092 0.0206622325111247 0.0558653531435733 0.00104337916077124 0.111809063676065 0.0431765233478137 0.377048796661681 0.303811361595481 0.0782200679778732 0.455692655850712 0.221193587044839 0.234960311898116 0.0500238922798368 0.514274353930081 0.580598102897184 0.105959013377654 0.0673996460812953 -0.0270143547975238 -0.0608254059312774 -0.00963642268718623 0.121273423603638 0.223123923032839 0.372997884813466 0.21706883083948 0.336951331309757 0.163278708719874 0.282429684796502 0.16777843948905 0.154139791779352 0.314065933436389 0.10985763382704 0.0444715165775574 -0.0277369370964051 -0.00935017379757841
0.214663871549994 0.18880918621317 0.373937722688461 0.314593497624944 0.144696007145119 0.0275200154660048 0.0395996433744734 0.0112729755468414 0.0337350186033279 0.0914464836345467 0.0977944247333268 0.15142263799691 0.0500615148443233 0.0381609943663935 0.200058864665675 0.0555022614824033 0.0181662780539215 0.126265232048435 0.330808624994062 0.417761438740572 0.517614722510539 0.433073660347609 0.289556361748043 0.418764801886887 0.225464867036168 0.289672140382107 0.0994937275501473 0.149556754611845 0.210445016190621 0.0499165797194298 0.0731761817406274 0.155202419737871 0.203566433547852 0.0560729722010262 0.159008926129922 0.274020926009878 0.300193358787368 0.183021345841343 0.249037916738952 0.273451877941359 0.0298340766269504 0.0157335402277797 0.0342167323703124 0.059503553590563 0.201380734174995 0.0113711786977121
0.337088723525085 0.137642255392955 0.0708585241428702 0.0468795851052798 0.0222506198196578 0.0258376202013426 0.143003125724937 0.276282671712445 0.133539041267187 0.0893856634314634 0.369761414851721 0.188961034262073 0.0759417269612574 0.106269785902778 0.133658018912188 0.182782789653979 0.332844325348649 0.363454996346685 0.68858738710979 0.45674884425654 0.326656332362873 0.366475504115548 0.586643302166917 0.454155015754163 0.0772916782406346 0.0581042764171953 0.0329678911077701 0.0373809389138977 0.0598897382844172 0.10138775195557 0.170596795608698 0.021962183577733 -0.00229180200047396 0.0124571941257522 -0.0150142671278276 -0.00934682454141911 -0.00195980415855845 0.112138658251088 0.0487758607638729 -0.0121309641805205 -0.00848584253844897 0.0336224515359267 0.0167064457766591 0.000518743666387933 0.0489741839524067 0.0237086536229917
0.422825144799758 0.489544604125813 0.470620149601854 0.122029600881131 0.419031248874115 0.132972288415428 0.0550458114634688 0.0784490146098329 0.0489281845133549 0.0862894823045596 0.201565130942782 0.155424025279007 0.0905980138607822 0.0440440348997965 0.0233587051406434 0.0587399600552766 0.0292605479031927 0.205351558398455 0.721599148277587 0.666238371534545 0.489111130302133 0.946877053640685 0.451150935009996 0.172485508807861 0.20637260881156 0.0180379984324275 0.00377093289874125 0.109175019757474 0.0572824296127364 0.0129895221958046 0.0309253524992829 0.0165051330648027 0.0678777116647083 0.0345189051663384 0.0136977219867715 0.0275457479730433 0.0336911542835711 0.0757409012001548 0.144716120068805 0.0983303386126782 0.0327727661023411 0.0240191802587706 0.0273501786500469 0.0218811800823734 0.0769434787071138 0.0173763576527008
0.481475130287154 0.504057230752735 0.461383149230313 0.498261499639507 0.37924552451916 0.218613911488081 0.223020932591678 0.0500688264186044 0.0389274322194907 0.0951735167293862 0.0501057718216797 0.0422400631922984 0.0221819048684104 0.0313633049679878 0.0194741614339841 0.0346294432125459 0.04245059002137 0.42641554241721 0.528645294507976 0.434488841758151 0.689715058047209 0.490302689849943 0.251853071831073 0.292260605486089 0.0795406166194412 0.0730934554998581 0.105746112723766 0.0412154113410311 -0.00815891384457168 0.0177636449481712 0.0899359305686884 0.0651223243959351 0.0186424403765466 0.00246324335455433 0.0319567363825325 0.0365367147949768 0.0126671042332991 0.089055417673139 0.125213267694803 0.14418517262689 0.0894518927541456 0.0322509314088482 0.029469629800418 0.0818607603656685 0.350137526352285 0.11039658696002
0.179629285864767 0.303150072659686 0.447686837412011 0.530797700530233 0.606970722299112 0.499972400810803 0.402340803002287 0.189291260217728 0.0963800615999196 0.177767334030501 0.343409347995454 0.341075525429656 0.0346071622813013 0.0132379011905884 0.0258847171073811 0.0389397862317853 0.176123214870532 0.158278345668478 0.398188007558483 0.295434658575837 0.438237485632963 0.521369482517074 0.0395336181611207 0.129826118188562 0.283328597317341 0.0994226110189437 0.0951558564484903 0.0675829188162789 0.0661953579893649 0.0362521089066465 0.0609495586399909 0.119735845941395 0.109520899014023 0.0816467428493293 0.0379329353033352 0.100611122932498 0.0602393730401972 0.0484898754160766 0.074794153410577 0.0284812490235878 0.0413898758542464 0.0463489157106011 0.0169508612819659 0.0176577643190274 0.0154157347737409 0.00130705805875864
0.143845304246861 0.119272561502941 0.190149891722962 0.209490717659326 0.221107512506042 0.333875757379678 0.295089796097881 0.400508739463192 0.312647350139798 0.372913477167145 0.193696148174191 0.542422624005894 0.0308421318830596 0.00332058966488141 0.249833391575409 0.0662127373071451 0.0518939646066375 0.375925376201344 0.181234284791933 0.100024746740223 0.199536869474872 0.104261126785661 0.0617343187964597 0.0639162736350397 0.0141972537742256 0.15716901343328 0.130646104411327 0.0736879005952802 0.0159371693505422 0.0209066619249284 0.00986414779360473 0.104201152408225 0.148731594945329 0.0848899253419502 0.0541570754894611 0.0121737413974371 0.0789579855062184 0.0257083705061095 0.0180583354503609 0.029332486679906 0.0857521313890142 0.0277866368920272 0.040172772343616 0.0488742448480701 0.0121853731653311 0.064910422484722
