resultados/variables_proyeccion_tiempo/variables_futuro_ccsm_A1B/bio16.asc
ncols 330
nrows 228
xllcorner -12.000000
yllcorner 34.000000
cellsize 0.166667
NODATA_value -9999
[rows 160 to 199 of 228, columns 0 to 91 of 330]
-9999 -9999 -9999 -9999 -9999 -9999 -9999 -9999 -9999 -9999 -9999 -9999 -9999 -9999 -9999 -9999 -9999 -9999 -9999 -9999 -9999 -9999 -9999 -9999 -9999 -9999 -9999 -9999 -9999 -9999 -9999 -9999 -9999 -9999 -9999 -9999 -9999 -9999 -9999 -9999 -9999 -9999 -9999 -9999 -9999 -9999 -9999 -9999 -9999 -9999 -9999 -9999 -9999 -9999 -9999 -9999 -9999 -9999 -9999 -9999 -9999 -9999 -9999 -9999 -9999 303 294 286 280 278 275 270 263 260 261 261 260 259 260 257 245 244 234 227 212 198 191 200 198 203 182 168
-9999 -9999 -9999 -9999 -9999 -9999 -9999 -9999 -9999 -9999 -9999 -9999 -9999 -9999 -9999 -9999 -9999 -9999 -9999 -9999 -9999 -9999 -9999 -9999 -9999 -9999 -9999 -9999 -9999 -9999 -9999 -9999 -9999 -9999 -9999 -9999 -9999 -9999 -9999 -9999 -9999 -9999 -9999 -9999 -9999 -9999 -9999 -9999 -9999 -9999 -9999 -9999 -9999 -9999 -9999 -9999 -9999 -9999 -9999 -9999 -9999 -9999 -9999 -9999 319 312 302 291 283 278 271 263 261 257 256 255 256 256 247 242 236 228 224 214 210 202 199 207 221 191 181 188
-9999 -9999 -9999 -9999 -9999 -9999 -9999 -9999 -9999 -9999 -9999 -9999 -9999 -9999 -9999 -9999 -9999 -9999 -9999 -9999 -9999 -9999 -9999 -9999 -9999 -9999 -9999 -9999 -9999 -9999 -9999 -9999 -9999 -9999 -9999 -9999 -9999 -9999 -9999 -9999 -9999 -9999 -9999 -9999 -9999 -9999 -9999 -9999 -9999 -9999 -9999 -9999 -9999 -9999 -9999 -9999 -9999 -9999 -9999 -9999 -9999 -9999 -9999 -9999 330 321 310 297 284 276 268 264 256 252 248 246 245 238 234 231 224 216 209 205 213 200 193 188 192 186 180 180
-9999 -9999 -9999 -9999 -9999 -9999 -9999 -9999 -9999 -9999 -9999 -9999 -9999 -9999 -9999 -9999 -9999 -9999 -9999 -9999 -9999 -9999 -9999 -9999 -9999 -9999 -9999 -9999 -9999 -9999 -9999 -9999 -9999 -9999 -9999 -9999 -9999 -9999 -9999 -9999 -9999 -9999 -9999 -9999 -9999 -9999 -9999 -9999 -9999 -9999 -9999 -9999 -9999 -9999 -9999 -9999 -9999 -9999 -9999 -9999 -9999 -9999 -9999 -9999 339 329 318 303 289 281 273 264 257 249 242 237 235 234 230 220 218 216 213 211 207 194 194 180 185 201 197 191
-9999 -9999 -9999 -9999 -9999 -9999 -9999 -9999 -9999 -9999 -9999 -9999 -9999 -9999 -9999 -9999 -9999 -9999 -9999 -9999 -9999 -9999 -9999 -9999 -9999 -9999 -9999 -9999 -9999 -9999 -9999 -9999 -9999 -9999 -9999 -9999 -9999 -9999 -9999 -9999 -9999 -9999 -9999 -9999 -9999 -9999 -9999 -9999 -9999 -9999 -9999 -9999 -9999 -9999 -9999 -9999 -9999 -9999 -9999 -9999 -9999 -9999 -9999 -9999 353 339 325 312 297 283 271 259 249 241 233 228 224 226 223 219 218 216 208 200 191 188 183 177 180 194 208 190
-9999 -9999 -9999 -9999 -9999 -9999 -9999 -9999 -9999 -9999 -9999 -9999 -9999 -9999 -9999 -9999 -9999 -9999 -9999 -9999 -9999 -9999 -9999 -9999 -9999 -9999 -9999 -9999 -9999 -9999 -9999 -9999 -9999 -9999 -9999 -9999 -9999 -9999 -9999 -9999 -9999 -9999 -9999 -9999 -9999 -9999 -9999 -9999 -9999 -9999 -9999 -9999 -9999 -9999 -9999 -9999 -9999 -9999 -9999 -9999 -9999 -9999 -9999 -9999 360 349 333 317 303 286 274 262 248 232 224 219 214 212 215 214 213 207 207 202 200 200 191 187 183 178 182 184
-9999 -9999 -9999 -9999 -9999 -9999 -9999 -9999 -9999 -9999 -9999 -9999 -9999 -9999 -9999 -9999 -9999 -9999 -9999 -9999 -9999 -9999 -9999 -9999 -9999 -9999 -9999 -9999 -9999 -9999 -9999 -9999 -9999 -9999 -9999 -9999 -9999 -9999 -9999 -9999 -9999 -9999 -9999 -9999 -9999 -9999 -9999 -9999 -9999 -9999 -9999 -9999 -9999 -9999 -9999 -9999 -9999 -9999 -9999 -9999 -9999 -9999 -9999 -9999 370 357 342 323 307 290 275 260 246 230 217 209 207 206 204 203 203 201 206 202 203 206 203 199 200 198 186 190
-9999 -9999 -9999 -9999 -9999 -9999 -9999 -9999 -9999 -9999 -9999 -9999 -9999 -9999 -9999 -9999 -9999 -9999 -9999 -9999 -9999 -9999 -9999 -9999 -9999 -9999 -9999 -9999 -9999 -9999 -9999 -9999 -9999 -9999 -9999 -9999 -9999 -9999 -9999 -9999 -9999 -9999 -9999 -9999 -9999 -9999 -9999 -9999 -9999 -9999 -9999 -9999 -9999 -9999 -9999 -9999 -9999 -9999 -9999 -9999 -9999 -9999 -9999 -9999 381 366 349 328 308 289 272 258 242 226 213 203 196 193 190 188 189 191 201 197 199 199 199 201 200 192 187 191
-9999 -9999 -9999 -9999 -9999 -9999 -9999 -9999 -9999 -9999 -9999 -9999 -9999 -9999 -9999 -9999 -9999 -9999 -9999 -9999 -9999 -9999 -9999 -9999 -9999 -9999 -9999 -9999 -9999 -9999 -9999 -9999 -9999 -9999 -9999 -9999 -9999 -9999 -9999 -9999 -9999 -9999 -9999 -9999 -9999 -9999 -9999 -9999 -9999 -9999 -9999 -9999 -9999 -9999 -9999 -9999 -9999 -9999 -9999 -9999 -9999 -9999 -9999 398 390 374 351 327 305 284 266 252 237 222 210 201 194 191 186 180 180 187 192 193 195 197 201 201 193 192 196 198
-9999 -9999 -9999 -9999 -9999 -9999 -9999 -9999 -9999 -9999 -9999 -9999 -9999 -9999 -9999 -9999 -9999 -9999 -9999 -9999 -9999 -9999 -9999 365 364 347 322 310 -9999 -9999 -9999 -9999 -9999 -9999 -9999 -9999 -9999 -9999 -9999 -9999 -9999 -9999 -9999 -9999 -9999 -9999 -9999 -9999 -9999 -9999 -9999 -9999 -9999 -9999 -9999 -9999 -9999 -9999 -9999 -9999 -9999 -9999 -9999 404 393 374 347 323 299 279 260 244 231 219 208 198 191 184 183 173 173 179 187 196 200 204 211 215 216 208 200 198
-9999 -9999 -9999 -9999 -9999 -9999 -9999 -9999 -9999 -9999 -9999 -9999 -9999 -9999 -9999 -9999 -9999 -9999 -9999 -9999 -9999 -9999 360 365 370 382 360 324 304 295 281 273 275 269 265 261 257 256 252 254 251 -9999 -9999 -9999 -9999 -9999 -9999 -9999 -9999 -9999 -9999 -9999 -9999 -9999 -9999 -9999 -9999 -9999 -9999 -9999 -9999 -9999 412 405 388 370 342 316 294 274 255 238 223 215 204 195 188 181 175 169 166 177 189 200 203 205 213 220 221 213 197 195
-9999 -9999 -9999 -9999 -9999 -9999 -9999 -9999 -9999 -9999 -9999 -9999 -9999 -9999 -9999 -9999 -9999 -9999 -9999 -9999 -9999 364 367 397 397 392 392 354 321 302 315 293 295 284 265 254 255 251 256 248 247 244 254 268 262 271 290 305 328 342 358 361 371 385 403 402 398 387 -9999 -9999 443 407 407 398 378 354 328 304 281 263 250 236 218 210 199 193 184 178 176 168 168 175 187 199 214 221 217 212 204 195 188 192
-9999 -9999 -9999 -9999 -9999 -9999 -9999 -9999 -9999 -9999 -9999 -9999 -9999 -9999 -9999 -9999 -9999 364 378 393 410 403 382 403 411 380 358 344 332 338 305 322 295 274 273 270 261 245 245 247 254 258 291 286 264 266 275 287 301 312 324 334 345 359 374 372 372 379 386 400 410 412 404 391 366 338 312 288 268 248 234 230 214 206 203 196 186 180 170 169 170 173 184 194 199 203 197 187 186 186 187 190
-9999 -9999 -9999 -9999 -9999 -9999 -9999 -9999 -9999 -9999 -9999 -9999 -9999 -9999 -9999 -9999 355 385 420 450 465 450 441 436 422 386 355 346 349 337 302 322 306 332 310 320 272 266 274 281 267 270 285 282 254 277 267 264 272 281 290 295 305 314 319 322 324 331 344 361 369 375 372 361 344 330 301 287 277 261 247 228 229 219 219 200 189 179 179 177 172 173 179 187 193 194 200 195 190 186 185 -9999
-9999 -9999 -9999 -9999 -9999 -9999 -9999 -9999 -9999 -9999 -9999 -9999 -9999 -9999 -9999 -9999 343 417 446 460 464 471 454 432 422 397 358 330 346 318 321 344 326 329 321 315 284 272 257 259 239 240 247 273 255 247 242 239 244 247 254 258 265 270 273 270 271 282 295 310 325 341 343 327 316 304 300 316 288 307 320 274 321 296 262 244 246 242 218 206 223 198 208 194 195 188 204 202 194 188 181 -9999
-9999 -9999 -9999 -9999 -9999 -9999 -9999 -9999 -9999 -9999 -9999 -9999 -9999 -9999 -9999 -9999 -9999 395 446 473 477 474 468 452 437 390 370 340 368 353 356 308 268 287 291 262 232 218 203 200 198 204 205 209 207 206 207 212 216 219 226 224 231 230 225 224 232 235 250 261 277 296 307 294 279 267 259 264 291 318 324 342 338 315 312 285 270 317 304 282 284 256 246 253 242 226 207 188 183 178 180 -9999
-9999 -9999 -9999 -9999 -9999 -9999 -9999 -9999 -9999 -9999 -9999 -9999 -9999 -9999 -9999 -9999 -9999 417 454 481 513 538 520 478 458 382 347 319 358 367 306 246 230 244 244 215 195 183 172 171 172 174 179 179 179 179 183 187 192 194 193 194 195 194 185 184 187 179 177 193 217 240 253 248 237 228 215 206 210 222 237 249 247 274 294 309 309 326 284 275 334 307 314 327 288 260 228 214 187 181 183 -9999
-9999 -9999 -9999 -9999 -9999 -9999 -9999 -9999 -9999 -9999 -9999 -9999 -9999 -9999 -9999 -9999 -9999 -9999 455 519 542 565 516 433 387 384 364 353 321 313 294 288 311 310 236 198 175 164 157 154 157 154 157 155 155 155 158 161 166 165 169 176 177 178 166 148 145 123 125 146 170 188 199 200 200 197 193 177 177 171 192 195 172 189 214 241 235 265 254 263 240 284 283 248 307 323 281 234 214 203 194 184
-9999 -9999 -9999 -9999 -9999 -9999 -9999 -9999 -9999 -9999 -9999 -9999 -9999 -9999 -9999 -9999 -9999 -9999 487 540 567 547 520 408 389 385 410 434 408 334 376 381 325 288 236 188 164 150 144 144 140 139 138 137 135 137 141 146 146 146 154 171 195 200 189 171 173 172 158 134 138 148 158 159 157 153 150 134 135 144 164 165 155 160 169 194 204 206 231 233 224 266 261 257 242 240 231 227 213 192 183 192
-9999 -9999 -9999 -9999 -9999 -9999 -9999 -9999 -9999 -9999 -9999 -9999 -9999 -9999 -9999 -9999 -9999 -9999 574 550 504 498 510 524 476 423 406 413 392 363 388 345 268 242 202 173 153 138 131 128 126 127 126 123 120 125 127 131 133 135 144 146 156 180 187 195 195 182 168 148 127 123 125 130 124 120 117 108 108 107 112 118 124 138 164 172 188 184 200 195 212 220 226 206 216 226 240 236 223 204 190 186
-9999 -9999 -9999 -9999 -9999 -9999 -9999 -9999 -9999 -9999 -9999 -9999 -9999 -9999 -9999 -9999 -9999 -9999 509 515 561 516 550 504 525 501 422 351 359 341 324 294 251 223 198 167 142 127 119 115 116 118 120 121 117 116 122 126 128 130 135 143 141 150 164 161 157 155 158 140 125 114 109 103 100 105 106 98 102 101 104 110 112 120 139 149 165 169 164 172 192 195 192 191 209 219 237 240 228 223 202 191
-9999 -9999 -9999 -9999 -9999 -9999 -9999 -9999 -9999 -9999 -9999 -9999 -9999 -9999 -9999 -9999 -9999 -9999 493 521 502 489 523 533 532 503 420 370 354 313 324 274 239 213 182 158 132 115 106 106 108 113 118 119 115 114 118 120 118 120 121 123 128 133 138 139 138 132 132 134 153 149 113 97 90 86 87 91 100 104 101 104 107 113 116 125 129 141 153 170 184 193 182 185 208 221 240 233 228 226 207 -9999
-9999 -9999 -9999 -9999 -9999 -9999 -9999 -9999 -9999 -9999 -9999 -9999 -9999 -9999 -9999 -9999 -9999 -9999 -9999 489 480 456 461 503 505 460 436 402 314 296 306 269 225 205 176 148 122 103 98 100 101 105 111 113 114 113 114 116 117 118 119 121 117 118 120 120 123 121 121 125 130 125 103 93 88 93 87 87 91 97 105 108 110 111 113 116 128 143 158 178 188 182 187 188 195 202 218 231 228 -9999 -9999 -9999
-9999 -9999 -9999 -9999 -9999 -9999 -9999 -9999 -9999 -9999 -9999 -9999 -9999 -9999 -9999 -9999 -9999 -9999 -9999 464 463 450 456 485 444 524 474 386 330 311 296 251 232 199 171 148 122 102 98 96 96 99 104 105 109 110 114 116 119 127 122 121 123 123 120 118 114 116 110 109 109 102 100 101 92 95 101 89 90 95 104 109 112 116 119 130 148 163 171 175 186 186 184 193 197 202 -9999 -9999 -9999 -9999 -9999 -9999
-9999 -9999 -9999 -9999 -9999 -9999 -9999 -9999 -9999 -9999 -9999 -9999 -9999 -9999 -9999 -9999 -9999 -9999 -9999 453 447 461 449 448 517 452 428 395 383 296 278 264 234 199 174 150 133 116 106 97 96 97 97 100 103 105 110 115 118 122 126 148 142 140 124 118 121 117 103 102 103 100 104 118 114 112 104 94 93 98 104 110 117 124 132 137 159 176 179 171 178 181 189 202 208 -9999 -9999 -9999 -9999 -9999 -9999 -9999
-9999 -9999 -9999 -9999 -9999 -9999 -9999 -9999 -9999 -9999 -9999 -9999 -9999 -9999 -9999 -9999 -9999 -9999 -9999 -9999 427 424 440 477 512 452 438 416 346 290 276 251 239 209 182 153 131 114 105 100 96 95 95 97 99 103 109 117 129 141 141 142 132 125 115 111 116 120 131 130 128 121 124 118 126 130 112 110 103 107 113 121 132 140 152 157 171 180 179 177 177 -9999 -9999 -9999 -9999 -9999 -9999 -9999 -9999 -9999 -9999 -9999
-9999 -9999 -9999 -9999 -9999 -9999 -9999 -9999 -9999 -9999 -9999 -9999 -9999 -9999 -9999 -9999 -9999 -9999 -9999 384 408 448 486 515 528 533 477 456 378 319 296 270 242 211 184 161 138 123 110 100 98 97 94 93 97 101 107 122 153 138 124 122 116 110 108 111 113 118 121 133 129 130 128 126 126 140 129 116 114 119 122 135 145 156 167 178 187 188 -9999 -9999 -9999 -9999 -9999 -9999 -9999 -9999 -9999 -9999 -9999 -9999 -9999 -9999
-9999 -9999 -9999 -9999 -9999 -9999 -9999 -9999 -9999 -9999 -9999 -9999 -9999 -9999 -9999 -9999 -9999 -9999 -9999 376 378 423 468 449 464 460 450 434 373 343 314 276 249 217 189 168 153 138 118 108 105 108 106 103 102 113 122 133 141 126 119 120 115 111 114 108 105 111 127 132 136 140 141 124 137 143 144 144 137 133 135 150 166 176 178 185 190 194 -9999 -9999 -9999 -9999 -9999 -9999 -9999 -9999 -9999 -9999 -9999 -9999 -9999 -9999
-9999 -9999 -9999 -9999 -9999 -9999 -9999 -9999 -9999 -9999 -9999 -9999 -9999 -9999 -9999 -9999 -9999 -9999 -9999 361 365 374 460 439 413 412 406 435 415 373 332 282 239 220 222 190 157 141 126 126 128 134 121 119 113 119 121 110 118 122 124 124 117 115 113 108 109 115 124 141 152 164 159 140 130 134 146 150 159 158 149 161 166 171 180 187 190 -9999 -9999 -9999 -9999 -9999 -9999 -9999 -9999 -9999 -9999 -9999 -9999 -9999 -9999 -9999
-9999 -9999 -9999 -9999 -9999 -9999 -9999 -9999 -9999 -9999 -9999 -9999 -9999 -9999 -9999 -9999 -9999 -9999 -9999 352 361 375 392 379 391 430 587 451 394 368 340 294 262 238 198 159 148 160 148 148 167 159 139 119 110 93 99 103 115 123 126 125 123 116 111 101 105 103 119 137 156 169 162 146 125 126 152 165 190 175 159 164 165 174 178 -9999 -9999 -9999 -9999 -9999 -9999 -9999 -9999 -9999 -9999 -9999 -9999 -9999 -9999 -9999 -9999 -9999
-9999 -9999 -9999 -9999 -9999 -9999 -9999 -9999 -9999 -9999 -9999 -9999 -9999 -9999 -9999 -9999 -9999 -9999 342 341 346 363 372 375 435 486 487 360 341 351 322 302 243 198 161 140 164 198 197 175 176 120 113 90 93 93 92 102 111 118 118 120 118 112 107 107 112 118 128 138 156 164 164 155 133 129 135 133 155 160 158 160 167 172 175 -9999 -9999 -9999 -9999 -9999 -9999 -9999 -9999 -9999 -9999 -9999 -9999 -9999 -9999 -9999 -9999 -9999
-9999 -9999 -9999 -9999 -9999 -9999 -9999 -9999 -9999 -9999 -9999 -9999 -9999 -9999 -9999 -9999 -9999 -9999 313 324 337 364 417 436 449 415 397 342 303 285 251 218 188 173 147 137 145 136 110 94 87 86 86 91 85 88 94 98 104 109 109 113 111 108 111 114 122 130 132 136 147 147 142 146 120 168 158 131 137 148 154 160 166 -9999 -9999 -9999 -9999 -9999 -9999 -9999 -9999 -9999 -9999 -9999 -9999 -9999 -9999 -9999 -9999 -9999 -9999 -9999
-9999 -9999 -9999 -9999 -9999 -9999 -9999 -9999 -9999 -9999 -9999 -9999 -9999 -9999 -9999 -9999 -9999 -9999 298 321 340 358 387 396 429 380 324 306 268 254 230 207 182 164 151 137 117 107 101 96 93 90 88 90 90 93 93 94 96 100 109 112 112 111 110 113 117 127 131 137 132 129 140 133 123 129 148 146 142 153 156 157 160 -9999 -9999 -9999 -9999 -9999 -9999 -9999 -9999 -9999 -9999 -9999 -9999 -9999 -9999 -9999 223 257 255 264
-9999 -9999 -9999 -9999 -9999 -9999 -9999 -9999 -9999 -9999 -9999 -9999 -9999 -9999 -9999 -9999 -9999 278 291 314 334 328 336 351 365 320 299 275 254 241 215 200 179 164 148 136 128 123 115 109 105 102 105 105 104 102 105 106 106 104 103 106 107 107 110 115 116 122 119 130 129 126 119 126 124 119 128 137 148 157 162 161 -9999 -9999 -9999 -9999 -9999 -9999 -9999 -9999 -9999 -9999 -9999 -9999 -9999 -9999 -9999 221 233 236 242 258
-9999 -9999 -9999 -9999 -9999 -9999 -9999 -9999 -9999 -9999 -9999 -9999 -9999 -9999 -9999 -9999 -9999 266 293 338 318 293 309 320 310 286 280 269 256 234 212 199 182 159 146 136 132 130 130 139 131 118 124 125 127 126 122 120 114 109 107 106 104 105 110 109 114 116 116 116 119 121 113 118 118 129 132 140 152 165 168 -9999 -9999 -9999 -9999 -9999 -9999 -9999 -9999 -9999 -9999 -9999 -9999 -9999 -9999 -9999 189 192 186 215 234 251
-9999 -9999 -9999 -9999 -9999 -9999 -9999 -9999 -9999 -9999 -9999 -9999 -9999 -9999 -9999 222 240 255 286 286 270 276 277 276 284 284 284 299 271 244 211 189 172 159 149 141 139 144 141 142 124 118 112 116 120 124 118 128 125 116 114 107 105 106 104 105 106 107 111 110 112 111 106 107 114 125 136 144 157 168 175 -9999 -9999 -9999 -9999 -9999 -9999 -9999 -9999 -9999 -9999 -9999 -9999 -9999 -9999 -9999 169 171 187 204 225 243
-9999 -9999 -9999 -9999 -9999 -9999 -9999 -9999 -9999 -9999 -9999 -9999 -9999 -9999 -9999 -9999 251 265 260 258 255 266 272 266 262 254 258 274 260 215 196 181 169 161 154 149 138 130 126 124 123 116 123 121 121 122 114 124 116 118 117 108 107 107 106 106 107 106 105 106 107 107 105 109 116 123 137 146 157 168 177 -9999 -9999 -9999 -9999 -9999 -9999 -9999 -9999 -9999 -9999 -9999 -9999 -9999 -9999 -9999 -9999 -9999 -9999 -9999 220 -9999
-9999 -9999 -9999 -9999 -9999 -9999 -9999 -9999 -9999 -9999 -9999 -9999 -9999 -9999 -9999 260 269 277 250 246 249 254 251 245 241 236 234 229 210 191 172 163 158 150 149 138 131 128 128 127 127 128 129 131 128 129 121 118 112 110 110 110 110 111 114 117 116 115 106 104 105 104 109 119 129 127 140 144 154 169 182 -9999 -9999 -9999 -9999 -9999 -9999 -9999 -9999 184 181 181 -9999 -9999 -9999 -9999 -9999 -9999 -9999 210 -9999 -9999
-9999 -9999 -9999 -9999 -9999 -9999 -9999 -9999 -9999 -9999 -9999 -9999 -9999 -9999 -9999 293 302 277 244 242 240 237 234 231 229 229 231 218 210 172 158 152 149 146 143 138 138 138 137 137 138 140 136 135 137 129 129 122 117 116 118 116 117 121 124 124 125 125 113 105 105 113 122 124 122 129 141 143 153 168 185 202 230 -9999 -9999 -9999 -9999 -9999 -9999 179 174 171 -9999 -9999 -9999 -9999 -9999 -9999 -9999 -9999 -9999 -9999
-9999 -9999 -9999 -9999 -9999 -9999 -9999 -9999 -9999 -9999 -9999 -9999 -9999 -9999 -9999 295 296 262 242 239 237 234 233 236 227 223 223 208 181 169 163 158 156 157 151 155 155 155 152 156 156 148 146 142 142 145 139 136 136 125 123 123 123 122 126 128 123 126 127 123 115 115 117 117 120 129 133 146 160 169 184 202 224 231 -9999 -9999 -9999 -9999 -9999 -9999 173 182 -9999 -9999 -9999 -9999 -9999 -9999 -9999 -9999 -9999 -9999
