resultados/variables_proyeccion_tiempo/variables_futuro_ccsm_A1B/bio19.asc
ncols 330
nrows 228
xllcorner -12.000000
yllcorner 34.000000
cellsize 0.166667
NODATA_value -9999
[rows 164 to 204 of 228, columns 186 to 278 of 330]
184 181 177 173 171 169 168 168 168 161 154 147 142 140 141 139 142 141 145 138 136 126 125 128 125 122 119 118 117 115 113 111 111 111 110 109 110 110 110 111 112 112 111 110 107 104 101 99 96 94 92 92 92 92 93 96 95 95 91 91 -9999 -9999 -9999 -9999 -9999 -9999 -9999 -9999 -9999 -9999 -9999 -9999 -9999 -9999 -9999 -9999 -9999 -9999 -9999 -9999 -9999 -9999 -9999 -9999 -9999 -9999 131 139 161 188 243 272 192
195 188 186 183 179 176 173 170 166 160 153 147 142 141 140 144 143 145 140 139 131 126 126 128 129 128 125 121 119 119 116 115 114 113 112 111 111 112 113 114 115 117 118 115 111 108 105 102 99 97 95 94 95 93 93 95 96 92 91 -9999 -9999 -9999 -9999 -9999 -9999 -9999 -9999 -9999 -9999 -9999 -9999 -9999 -9999 -9999 -9999 -9999 -9999 -9999 -9999 -9999 -9999 -9999 -9999 -9999 -9999 -9999 -9999 173 184 269 259 -9999 -9999
204 200 194 188 186 182 177 172 167 161 153 148 143 141 142 146 146 148 143 142 133 127 127 127 129 130 128 125 122 121 120 118 116 116 113 112 112 112 114 115 117 119 120 118 114 111 108 104 101 98 95 96 96 96 97 97 95 94 -9999 -9999 -9999 -9999 -9999 -9999 -9999 -9999 -9999 -9999 -9999 -9999 -9999 -9999 -9999 -9999 -9999 -9999 -9999 -9999 -9999 -9999 -9999 -9999 -9999 -9999 -9999 -9999 -9999 -9999 -9999 -9999 -9999 -9999 -9999
210 205 202 197 188 185 180 175 168 165 156 148 145 141 141 148 161 152 144 139 134 132 129 128 129 129 128 127 126 124 123 122 120 116 116 115 114 114 115 117 118 120 121 119 116 113 111 109 105 103 101 101 103 103 103 102 101 98 -9999 -9999 -9999 -9999 -9999 -9999 -9999 -9999 -9999 -9999 -9999 -9999 -9999 -9999 -9999 -9999 -9999 -9999 -9999 -9999 -9999 -9999 -9999 -9999 -9999 -9999 -9999 -9999 -9999 -9999 -9999 -9999 -9999 -9999 -9999
219 216 208 204 197 195 188 181 171 163 155 155 148 143 139 146 156 144 138 136 137 135 132 130 130 132 131 128 127 125 124 123 120 117 117 116 115 116 117 118 120 119 121 121 120 119 117 115 113 111 110 109 110 110 109 108 107 105 -9999 -9999 -9999 -9999 -9999 -9999 -9999 -9999 -9999 -9999 -9999 -9999 -9999 -9999 -9999 -9999 -9999 -9999 -9999 -9999 -9999 -9999 -9999 -9999 -9999 -9999 -9999 -9999 -9999 -9999 -9999 -9999 -9999 -9999 -9999
239 235 222 205 199 200 197 188 177 163 155 157 150 145 140 143 146 148 146 138 142 136 135 132 132 134 132 131 127 126 123 122 120 117 116 117 116 117 117 119 119 123 125 126 127 127 125 123 121 119 117 116 117 118 117 116 114 112 -9999 -9999 -9999 -9999 -9999 -9999 -9999 -9999 -9999 -9999 -9999 -9999 -9999 -9999 -9999 -9999 -9999 -9999 -9999 -9999 -9999 -9999 -9999 -9999 -9999 -9999 -9999 -9999 -9999 -9999 -9999 -9999 -9999 -9999 -9999
252 247 243 224 212 208 204 198 195 180 174 161 150 144 142 140 142 148 145 136 144 141 135 133 133 133 132 131 128 127 125 122 121 120 119 119 118 119 120 121 126 127 129 131 131 132 133 130 128 125 123 123 124 125 125 122 122 121 -9999 -9999 -9999 -9999 -9999 -9999 -9999 -9999 -9999 -9999 -9999 -9999 -9999 -9999 -9999 -9999 -9999 -9999 -9999 -9999 -9999 -9999 -9999 -9999 -9999 -9999 -9999 -9999 -9999 -9999 -9999 -9999 -9999 -9999 -9999
273 265 249 247 232 222 217 213 205 187 188 179 156 152 158 146 138 140 139 141 138 154 155 138 132 132 133 133 131 127 124 122 120 120 122 118 118 120 120 122 126 130 134 132 134 135 137 134 130 131 128 128 131 130 128 127 127 127 -9999 -9999 -9999 -9999 -9999 -9999 -9999 -9999 -9999 -9999 -9999 -9999 -9999 -9999 -9999 -9999 -9999 -9999 -9999 -9999 -9999 -9999 -9999 -9999 -9999 -9999 -9999 -9999 -9999 -9999 -9999 -9999 -9999 -9999 -9999
283 281 271 261 257 240 232 225 215 196 195 188 170 154 147 143 136 135 135 135 133 136 152 149 139 132 135 135 132 128 123 122 121 122 121 121 122 120 122 122 127 129 135 138 142 136 134 133 130 130 129 129 130 133 128 -9999 -9999 -9999 -9999 -9999 -9999 -9999 -9999 -9999 -9999 -9999 -9999 -9999 -9999 -9999 -9999 -9999 -9999 -9999 -9999 -9999 -9999 -9999 -9999 -9999 -9999 -9999 -9999 -9999 -9999 -9999 -9999 -9999 -9999 -9999 -9999 -9999 -9999
299 294 287 285 285 262 249 238 224 211 194 194 186 160 155 147 134 130 132 139 131 129 131 135 147 146 137 136 129 127 126 122 122 124 121 124 122 126 126 126 125 128 139 145 148 144 143 141 137 134 131 130 133 134 -9999 -9999 -9999 -9999 -9999 -9999 -9999 -9999 -9999 -9999 -9999 -9999 -9999 -9999 -9999 -9999 -9999 -9999 -9999 -9999 -9999 -9999 -9999 -9999 -9999 -9999 -9999 -9999 -9999 -9999 -9999 -9999 -9999 -9999 -9999 -9999 -9999 -9999 -9999
324 312 305 307 297 291 266 254 242 226 203 191 180 164 159 144 133 128 126 137 135 135 128 124 125 127 131 134 125 128 126 127 131 126 123 125 123 127 131 133 138 141 147 153 159 157 155 154 151 149 146 144 138 138 -9999 -9999 -9999 -9999 -9999 -9999 -9999 -9999 -9999 -9999 -9999 -9999 -9999 -9999 -9999 -9999 -9999 -9999 -9999 -9999 -9999 -9999 -9999 -9999 -9999 -9999 -9999 -9999 -9999 -9999 -9999 -9999 -9999 -9999 -9999 -9999 -9999 -9999 -9999
358 326 374 316 312 300 283 274 256 230 208 191 174 166 157 147 141 140 125 145 145 131 128 123 120 114 115 122 126 132 137 141 144 135 145 152 151 142 148 149 152 155 159 163 160 158 156 157 157 151 149 144 149 146 -9999 -9999 -9999 -9999 -9999 -9999 -9999 -9999 -9999 -9999 -9999 -9999 -9999 -9999 -9999 -9999 -9999 -9999 -9999 -9999 -9999 -9999 -9999 -9999 -9999 -9999 -9999 -9999 -9999 -9999 -9999 -9999 -9999 -9999 -9999 -9999 -9999 -9999 -9999
450 402 392 324 317 314 298 286 268 239 215 196 175 166 158 140 141 129 127 155 146 128 122 117 120 147 120 119 121 124 127 133 137 129 119 126 132 131 133 139 142 142 142 144 147 150 154 160 157 146 141 139 -9999 -9999 -9999 -9999 -9999 -9999 -9999 -9999 -9999 -9999 -9999 -9999 -9999 -9999 -9999 -9999 -9999 -9999 -9999 -9999 -9999 -9999 -9999 -9999 -9999 -9999 -9999 -9999 -9999 -9999 -9999 -9999 -9999 -9999 -9999 -9999 -9999 -9999 -9999 -9999 -9999
483 530 453 367 346 327 327 305 278 245 219 206 179 163 146 138 125 123 135 152 135 121 119 116 114 127 128 124 120 122 118 119 116 114 114 120 127 133 136 138 136 138 144 148 151 154 160 160 153 147 142 149 149 -9999 -9999 -9999 -9999 -9999 -9999 -9999 -9999 -9999 -9999 -9999 -9999 -9999 -9999 -9999 -9999 -9999 -9999 -9999 -9999 -9999 -9999 -9999 -9999 -9999 -9999 -9999 -9999 -9999 -9999 -9999 -9999 -9999 -9999 -9999 -9999 -9999 -9999 -9999 -9999
494 556 588 428 404 387 355 319 282 251 224 230 214 165 166 141 120 120 128 126 129 136 110 110 111 160 164 167 153 125 116 113 112 111 111 114 119 126 131 134 138 142 147 153 155 156 162 164 164 161 161 157 156 158 -9999 -9999 -9999 -9999 -9999 -9999 -9999 -9999 -9999 -9999 -9999 -9999 -9999 -9999 -9999 -9999 -9999 -9999 -9999 -9999 -9999 -9999 -9999 -9999 -9999 -9999 -9999 -9999 -9999 -9999 -9999 -9999 -9999 -9999 -9999 -9999 -9999 -9999 -9999
473 492 602 594 440 395 345 321 285 268 269 253 188 159 142 131 112 109 109 126 149 133 119 115 108 152 200 190 165 148 133 126 117 119 116 116 122 126 132 136 142 146 156 164 160 162 169 174 179 182 174 170 169 172 171 -9999 -9999 -9999 -9999 -9999 -9999 -9999 -9999 -9999 -9999 -9999 -9999 -9999 -9999 -9999 -9999 -9999 -9999 -9999 -9999 -9999 -9999 -9999 -9999 -9999 -9999 -9999 -9999 -9999 -9999 -9999 238 -9999 -9999 -9999 -9999 -9999 -9999
-9999 514 565 551 476 396 355 319 298 292 287 213 194 166 140 118 111 104 101 99 101 106 117 117 110 134 146 131 157 156 166 166 145 167 153 147 138 141 140 143 149 151 158 170 171 168 177 180 181 193 195 188 184 176 176 -9999 -9999 -9999 -9999 -9999 -9999 -9999 -9999 -9999 -9999 -9999 -9999 -9999 -9999 -9999 -9999 -9999 -9999 -9999 -9999 -9999 -9999 -9999 -9999 -9999 -9999 -9999 255 240 232 229 219 225 228 227 249 241 226
-9999 -9999 -9999 485 444 419 347 320 298 298 280 219 214 181 207 132 108 101 96 98 120 134 120 132 128 130 205 158 149 166 170 169 158 173 174 173 159 152 152 153 157 164 163 164 168 167 173 176 177 179 186 203 205 188 186 -9999 -9999 -9999 -9999 -9999 -9999 -9999 -9999 -9999 -9999 -9999 -9999 -9999 -9999 -9999 -9999 -9999 -9999 -9999 -9999 -9999 -9999 -9999 -9999 310 287 263 257 233 222 209 192 188 183 183 186 191 188
-9999 -9999 423 433 410 375 358 322 292 287 284 230 214 168 169 127 113 102 97 99 100 102 117 131 122 114 146 160 135 143 155 172 178 185 171 170 163 159 157 161 169 176 177 173 175 178 184 183 182 182 183 188 193 193 197 197 -9999 -9999 -9999 -9999 -9999 -9999 -9999 -9999 -9999 -9999 -9999 -9999 -9999 -9999 -9999 -9999 -9999 -9999 -9999 -9999 -9999 309 328 316 285 247 245 232 214 201 185 168 155 157 161 176 180
-9999 -9999 367 392 407 366 335 322 299 283 273 227 204 176 138 131 122 108 101 99 100 101 107 118 119 118 121 151 142 145 146 161 156 170 183 176 169 166 168 172 181 186 184 185 189 193 199 195 191 190 188 186 186 192 208 215 190 192 -9999 -9999 -9999 -9999 -9999 -9999 -9999 -9999 -9999 -9999 -9999 -9999 -9999 -9999 -9999 -9999 -9999 303 288 272 302 274 243 264 239 227 208 201 173 148 119 126 148 152 156
-9999 -9999 -9999 363 383 363 331 314 303 277 240 232 204 165 138 136 123 118 119 124 99 99 105 110 123 122 125 149 158 150 165 157 159 163 173 172 170 181 183 186 198 206 197 196 200 207 212 212 205 199 195 190 188 193 205 219 198 201 219 247 271 250 238 229 -9999 -9999 -9999 244 243 -9999 -9999 -9999 -9999 -9999 323 305 247 240 244 236 249 263 204 202 189 171 155 146 136 141 154 164 169
-9999 -9999 336 345 353 346 334 313 289 263 229 229 200 174 141 135 130 148 127 122 104 102 105 111 122 119 121 131 146 146 146 154 171 174 168 164 166 169 171 176 192 216 211 203 207 218 227 229 220 216 211 199 192 195 202 210 196 202 216 237 257 252 241 235 231 233 233 251 251 267 267 270 273 287 275 238 217 208 233 240 322 224 217 209 193 195 190 196 191 191 150 148 151
-9999 -9999 331 337 340 333 325 308 292 260 235 219 196 216 144 132 180 127 105 114 106 104 107 111 122 131 129 131 136 148 167 161 167 166 167 169 169 172 181 190 202 200 207 209 217 228 237 239 238 238 224 -9999 -9999 201 -9999 -9999 -9999 202 202 205 229 238 234 236 240 252 258 265 266 266 255 258 254 242 219 221 234 210 228 288 299 239 255 242 212 189 180 155 156 148 149 160 147
-9999 -9999 332 339 339 333 332 320 296 261 222 216 192 200 161 134 123 118 108 107 105 105 108 113 117 127 135 145 147 150 156 160 -9999 184 190 -9999 -9999 -9999 -9999 -9999 -9999 -9999 214 225 229 239 249 256 256 265 246 -9999 -9999 -9999 -9999 -9999 -9999 -9999 -9999 -9999 -9999 -9999 220 222 238 234 240 244 248 246 239 230 235 216 204 199 197 239 246 264 273 274 252 227 211 193 174 153 153 144 154 151 135
-9999 -9999 340 353 360 365 368 333 303 272 230 214 203 177 180 136 123 172 125 109 105 104 106 111 121 130 134 144 151 -9999 -9999 -9999 -9999 181 185 -9999 -9999 -9999 -9999 213 -9999 -9999 230 234 238 244 251 255 265 262 -9999 243 233 234 -9999 -9999 -9999 -9999 202 270 270 244 236 226 240 245 240 221 218 223 212 214 204 210 207 222 251 256 247 251 250 235 235 231 198 189 168 134 130 132 128 128 126
-9999 -9999 356 379 393 424 402 382 329 285 275 241 208 186 170 167 128 135 148 115 105 102 -9999 110 118 132 146 154 152 152 156 158 -9999 -9999 -9999 -9999 -9999 -9999 213 252 232 -9999 -9999 255 259 255 257 263 265 259 245 234 266 256 260 267 248 242 236 227 219 238 215 195 186 188 181 187 184 184 190 191 183 182 188 178 188 214 233 210 194 203 202 207 192 155 150 130 122 121 122 125 134
-9999 -9999 376 388 415 387 443 423 388 313 287 263 234 204 179 166 138 124 145 146 108 103 -9999 -9999 118 126 136 143 147 -9999 165 174 178 -9999 -9999 -9999 -9999 -9999 -9999 -9999 269 284 -9999 258 258 267 277 285 264 257 252 242 248 255 259 257 251 233 217 200 201 215 191 149 153 161 153 163 164 161 157 158 165 161 154 155 159 173 161 166 164 172 160 169 161 154 135 124 124 126 119 123 138
-9999 -9999 -9999 -9999 472 452 506 479 376 384 336 289 261 227 202 175 157 149 151 172 199 110 -9999 -9999 -9999 -9999 135 -9999 155 163 153 218 186 -9999 -9999 -9999 -9999 -9999 -9999 -9999 271 282 -9999 261 270 280 296 282 277 280 294 263 256 254 255 257 252 238 242 264 357 396 212 148 191 181 133 140 140 149 144 137 141 144 133 134 136 138 136 135 148 129 147 139 146 161 128 132 135 138 120 125 140
-9999 -9999 398 -9999 -9999 554 546 490 452 415 334 300 281 256 226 201 182 169 146 143 148 133 122 -9999 -9999 -9999 138 144 145 160 -9999 -9999 -9999 -9999 -9999 -9999 190 200 210 -9999 -9999 -9999 246 255 280 286 291 293 301 295 280 278 263 271 262 270 274 242 264 246 290 324 347 257 245 190 164 161 155 150 147 137 143 148 147 137 131 129 124 124 122 118 116 124 141 132 118 130 132 127 122 136 152
-9999 -9999 -9999 -9999 467 490 505 461 449 435 382 338 302 282 255 232 207 195 162 142 124 140 160 129 -9999 -9999 -9999 -9999 -9999 -9999 -9999 -9999 -9999 -9999 -9999 -9999 194 211 209 -9999 -9999 -9999 248 268 268 294 314 345 322 301 298 280 268 258 248 252 284 281 256 290 274 270 240 225 267 229 180 153 127 118 121 117 115 117 118 118 118 114 116 116 110 123 114 132 128 128 122 133 143 126 124 116 116
-9999 -9999 -9999 -9999 447 444 488 458 441 422 388 364 326 305 286 259 240 209 182 153 132 133 148 160 146 -9999 -9999 -9999 -9999 -9999 -9999 -9999 -9999 -9999 -9999 202 189 -9999 -9999 -9999 -9999 -9999 261 282 291 302 324 305 300 312 295 285 262 236 236 249 262 263 236 238 236 269 251 243 232 218 180 154 137 131 116 114 113 118 121 116 109 106 105 107 109 120 109 110 115 124 122 136 136 131 142 143 118
-9999 -9999 -9999 -9999 -9999 427 425 441 440 406 390 367 347 321 302 282 259 231 201 178 164 168 158 161 189 156 -9999 -9999 -9999 -9999 183 176 -9999 -9999 -9999 -9999 -9999 -9999 -9999 -9999 -9999 -9999 288 292 278 289 292 302 329 339 309 291 290 260 245 261 287 338 313 307 325 266 280 243 248 218 174 182 170 131 117 109 107 108 111 114 109 103 102 104 115 124 117 116 116 119 128 143 145 143 140 135 127
-9999 -9999 -9999 -9999 -9999 -9999 428 423 422 406 395 375 361 339 320 309 285 258 231 207 204 191 175 166 157 166 173 -9999 -9999 180 174 -9999 -9999 -9999 -9999 -9999 -9999 -9999 -9999 -9999 -9999 281 295 298 302 297 303 328 338 316 298 281 301 287 266 260 308 308 360 333 337 283 290 237 220 196 179 159 150 127 128 111 106 105 105 104 106 103 102 105 114 124 126 126 124 129 134 140 145 141 134 130 122
-9999 -9999 -9999 -9999 -9999 -9999 -9999 -9999 -9999 406 385 368 363 353 337 322 306 292 268 249 236 243 221 189 181 172 163 179 181 180 -9999 -9999 -9999 -9999 -9999 -9999 -9999 -9999 -9999 -9999 -9999 280 305 311 325 321 -9999 317 319 306 305 325 276 269 311 330 324 327 336 340 323 300 256 240 224 193 159 143 130 134 145 120 109 107 106 104 102 102 102 106 116 129 139 144 139 141 143 141 136 130 124 122 118
-9999 -9999 -9999 -9999 -9999 -9999 -9999 -9999 -9999 -9999 388 383 372 363 352 337 325 310 286 269 252 240 228 207 195 202 191 -9999 -9999 -9999 -9999 -9999 208 206 -9999 -9999 -9999 -9999 -9999 -9999 -9999 -9999 -9999 -9999 322 329 335 323 316 336 340 300 268 278 300 296 304 291 306 319 299 250 230 230 243 190 162 146 122 115 125 121 124 132 116 110 105 101 100 105 118 136 163 179 175 164 154 144 134 126 120 115 113
-9999 -9999 -9999 -9999 -9999 -9999 -9999 -9999 -9999 423 400 392 385 368 359 349 338 329 322 312 275 258 243 227 207 202 192 197 204 -9999 -9999 -9999 -9999 215 -9999 -9999 -9999 -9999 -9999 -9999 -9999 -9999 -9999 -9999 -9999 -9999 334 314 334 332 317 294 272 263 273 289 264 275 271 270 256 223 222 207 177 185 182 144 136 109 110 120 116 130 124 118 110 101 97 100 116 143 176 222 214 184 162 145 130 119 114 111 109
-9999 -9999 -9999 -9999 -9999 -9999 -9999 -9999 -9999 413 402 389 380 363 356 348 342 336 323 328 298 303 247 238 221 202 196 197 200 232 206 210 -9999 -9999 -9999 -9999 -9999 -9999 -9999 220 -9999 324 346 325 351 349 319 310 318 343 347 303 290 253 229 259 292 299 266 258 239 220 192 178 188 178 171 156 170 142 139 132 139 134 138 129 118 107 95 95 110 138 178 228 219 187 161 142 127 112 106 104 103
-9999 -9999 -9999 -9999 -9999 -9999 -9999 -9999 406 421 400 -9999 365 348 350 340 333 320 317 308 282 284 269 244 221 206 200 183 193 203 195 188 -9999 -9999 -9999 -9999 -9999 -9999 -9999 -9999 -9999 320 346 316 330 341 329 333 327 341 354 332 330 335 328 316 288 286 285 267 239 210 190 176 191 177 162 156 193 162 157 160 168 167 162 145 122 107 96 90 100 125 158 184 185 169 150 134 119 109 99 96 96
-9999 -9999 -9999 -9999 -9999 -9999 -9999 -9999 414 425 424 -9999 -9999 336 301 307 307 336 297 274 -9999 271 273 264 232 222 210 199 202 203 186 196 -9999 -9999 -9999 -9999 -9999 -9999 -9999 -9999 -9999 313 332 318 326 353 340 363 360 346 343 343 327 305 327 333 348 293 270 266 230 205 194 184 162 168 184 174 186 189 176 173 175 176 172 154 130 110 98 93 95 112 133 143 150 144 131 121 111 100 94 86 88
-9999 -9999 -9999 -9999 -9999 -9999 -9999 -9999 -9999 422 416 -9999 -9999 -9999 308 313 324 349 341 332 308 266 242 230 241 208 198 172 181 190 167 209 206 194 -9999 -9999 -9999 -9999 -9999 -9999 -9999 -9999 -9999 -9999 -9999 338 -9999 360 368 359 342 325 327 329 334 337 336 327 294 252 235 217 199 177 172 158 154 173 199 204 202 190 193 188 177 167 144 135 132 128 113 101 112 116 121 120 111 104 95 88 84 92 102
-9999 -9999 -9999 -9999 -9999 -9999 -9999 -9999 -9999 430 426 -9999 365 339 324 326 357 358 340 350 341 293 247 221 217 188 157 143 158 154 152 -9999 162 163 173 187 -9999 -9999 -9999 -9999 -9999 -9999 -9999 -9999 -9999 -9999 -9999 -9999 -9999 358 360 335 326 344 311 294 290 295 278 252 235 221 197 187 180 154 166 173 182 196 204 206 209 206 192 174 159 146 153 132 109 96 103 105 103 102 97 92 87 81 79 80 90
