resultados/variables_proyeccion_tiempo/variables_futuro_ccsm_A1B/bio13.asc
ncols 330
nrows 228
xllcorner -12.000000
yllcorner 34.000000
cellsize 0.166667
NODATA_value -9999
[rows 48 to 95 of 228, columns 192 to 287 of 330]
73 73 74 74 75 75 -9999 -9999 -9999 -9999 -9999 -9999 -9999 -9999 -9999 -9999 -9999 76 74 74 73 73 72 72 73 73 74 73 74 74 74 74 75 76 76 76 76 77 78 79 79 79 80 81 80 80 80 80 81 81 80 80 80 79 79 78 78 78 78 77 77 77 76 76 75 75 76 77 79 79 80 80 81 81 82 82 83 83 82 82 82 81 80 80 79 78 78 78 79 78 76 76 75 75 75 74
73 73 74 74 74 75 -9999 -9999 -9999 -9999 -9999 -9999 -9999 -9999 -9999 76 76 75 74 74 74 73 73 74 74 74 75 75 76 76 76 75 76 77 78 78 79 78 78 79 79 79 80 81 80 80 80 80 81 82 82 80 79 79 78 78 78 79 78 77 77 77 77 76 76 75 76 78 79 81 81 82 82 83 83 82 83 84 84 84 83 83 83 81 80 79 79 79 78 79 79 77 76 76 77 76
-9999 -9999 -9999 -9999 75 75 -9999 -9999 -9999 -9999 -9999 -9999 -9999 76 76 76 76 75 74 74 73 73 74 75 75 76 76 77 77 77 77 77 78 79 79 79 80 80 80 80 80 80 80 80 81 80 81 80 81 81 81 81 80 78 78 78 78 78 78 77 76 77 77 76 77 78 77 78 80 81 83 85 83 84 84 85 84 85 85 86 85 85 84 83 82 81 80 79 79 79 79 78 78 78 78 78
-9999 -9999 -9999 -9999 -9999 -9999 -9999 77 77 -9999 76 76 76 76 76 76 75 75 75 74 74 74 75 75 76 77 78 78 78 78 79 80 79 79 80 81 81 80 80 80 81 82 82 80 81 82 81 81 81 81 81 81 81 80 78 78 78 78 78 78 77 77 78 77 78 78 78 79 80 82 83 85 84 84 85 85 84 86 86 86 86 85 85 84 84 83 82 81 80 80 79 79 78 79 79 80
-9999 -9999 -9999 -9999 -9999 -9999 77 77 77 76 76 76 75 75 76 76 75 75 75 74 75 75 75 76 77 78 78 79 80 80 79 80 80 81 81 81 82 81 81 81 81 82 82 81 81 82 82 83 81 81 81 81 82 81 81 79 78 78 78 78 78 79 79 79 79 80 81 81 82 83 83 84 84 84 85 86 87 88 88 87 87 86 86 85 85 84 83 82 81 80 80 81 80 80 80 80
-9999 -9999 -9999 -9999 -9999 -9999 -9999 -9999 77 76 76 76 75 76 76 76 76 75 74 75 76 75 76 76 78 79 79 80 81 80 80 81 81 81 81 82 82 83 82 82 82 82 82 81 80 81 81 81 82 81 81 82 81 82 82 81 80 79 80 79 80 80 81 80 80 80 81 82 82 83 84 84 84 84 86 87 88 89 88 88 88 88 87 87 86 86 85 84 82 81 81 81 81 80 81 82
-9999 -9999 -9999 -9999 -9999 78 78 78 78 76 76 76 76 76 76 76 76 75 75 75 75 76 76 77 78 80 80 81 81 82 82 82 83 83 83 82 82 82 82 82 82 81 82 82 81 81 81 82 81 81 82 82 82 82 81 80 79 79 80 80 80 80 81 81 81 81 82 82 82 83 85 85 85 86 86 87 88 88 89 89 89 88 88 88 87 85 84 83 82 82 82 82 82 81 82 83
-9999 -9999 -9999 -9999 -9999 -9999 79 78 78 77 77 77 77 77 77 77 77 76 76 76 76 76 77 78 79 80 81 82 82 82 82 84 83 84 84 82 83 82 82 82 82 82 82 82 82 82 81 82 81 82 82 82 82 81 80 79 80 80 80 80 81 81 81 82 82 82 82 83 82 83 84 86 86 86 87 87 88 89 89 89 89 89 88 87 86 85 84 82 82 81 81 81 81 81 82 84
-9999 -9999 -9999 -9999 -9999 -9999 79 79 78 78 78 78 78 78 78 78 77 77 77 77 77 76 77 78 79 81 81 82 83 84 84 84 84 85 85 84 83 83 83 82 83 83 82 82 82 82 81 82 82 82 82 82 82 81 81 80 80 80 80 80 81 82 82 83 82 82 82 83 83 83 84 86 86 86 87 87 88 88 89 89 88 88 87 86 85 85 84 83 82 81 80 80 79 80 82 84
-9999 -9999 -9999 -9999 -9999 -9999 79 78 78 79 78 79 79 79 79 79 78 78 78 77 78 76 77 78 80 80 81 82 82 84 85 85 86 87 86 84 84 84 84 83 83 83 83 82 82 82 82 82 82 82 83 82 82 81 81 81 80 80 80 81 81 82 83 82 83 83 82 83 84 84 85 86 86 86 87 87 87 88 88 89 88 88 87 87 86 87 85 83 83 82 82 81 80 81 82 84
-9999 -9999 -9999 -9999 -9999 -9999 -9999 78 79 78 79 80 80 80 81 80 79 79 79 78 78 77 77 78 79 81 81 81 82 83 83 84 85 86 85 85 84 84 84 84 84 84 83 83 83 82 82 82 82 82 82 82 81 81 81 81 80 80 80 80 81 81 82 82 82 82 82 84 84 84 85 85 86 86 86 87 88 88 89 89 89 89 88 88 86 86 87 84 83 82 82 82 81 81 82 85
-9999 -9999 -9999 -9999 -9999 -9999 -9999 79 79 79 79 80 80 81 82 82 80 80 80 79 79 79 78 78 78 80 80 81 81 82 82 84 85 85 85 85 85 85 84 84 84 83 82 83 82 83 82 82 82 82 82 81 82 81 81 81 80 81 80 80 81 81 82 81 81 80 81 83 83 84 84 86 86 87 87 87 88 88 88 88 89 89 88 87 86 86 86 85 84 83 83 82 82 82 83 85
-9999 -9999 -9999 -9999 -9999 -9999 -9999 -9999 79 79 79 80 80 81 83 82 80 79 79 80 79 78 78 78 78 80 80 80 81 82 82 83 83 83 85 85 85 84 83 83 83 83 82 82 82 82 82 82 82 83 83 83 82 81 81 81 80 80 80 80 80 79 79 79 79 79 80 81 81 82 84 85 86 86 87 87 88 88 88 88 89 89 89 87 86 85 86 86 84 84 83 83 82 82 83 86
-9999 -9999 -9999 -9999 -9999 -9999 -9999 -9999 -9999 79 79 80 80 81 82 81 80 79 78 78 78 78 77 78 79 80 79 80 81 82 82 82 82 82 84 83 83 82 82 82 82 82 82 82 82 81 81 82 82 82 82 82 82 82 81 81 80 80 80 80 79 79 78 76 77 77 78 79 80 82 83 84 85 86 86 87 87 88 88 88 88 88 88 89 88 88 86 84 85 84 84 83 82 82 84 85
-9999 -9999 -9999 -9999 -9999 -9999 -9999 -9999 -9999 79 79 80 80 80 80 80 79 78 78 78 78 77 76 77 78 78 78 79 80 81 82 81 81 81 82 82 82 82 82 82 81 82 81 81 81 81 81 81 82 81 81 81 82 82 81 81 81 80 80 79 79 77 76 76 76 76 77 78 79 81 82 83 84 85 86 86 88 89 89 89 89 88 90 91 89 88 88 86 84 84 83 82 82 82 84 85
-9999 -9999 -9999 -9999 -9999 -9999 -9999 -9999 79 79 78 78 79 79 79 79 79 79 78 78 78 76 76 77 76 77 78 79 79 79 80 80 79 80 80 81 81 81 81 80 80 80 80 80 80 80 80 80 81 81 82 82 82 82 82 81 80 80 79 79 78 77 77 76 76 77 77 77 79 80 81 82 84 85 86 87 88 89 88 89 88 88 89 89 89 88 87 85 84 84 84 83 81 82 84 85
-9999 -9999 -9999 -9999 -9999 -9999 -9999 -9999 78 78 78 78 78 79 79 78 78 78 78 79 79 77 76 77 77 77 77 77 78 79 80 80 80 79 80 80 80 80 80 80 79 80 79 79 79 80 80 80 80 81 81 81 82 82 82 81 80 79 79 78 78 78 77 77 76 77 77 78 79 80 81 82 83 84 85 86 87 87 87 88 88 87 87 87 88 87 86 84 83 82 82 82 82 82 83 84
-9999 -9999 -9999 -9999 -9999 -9999 -9999 -9999 78 79 78 78 78 78 79 79 78 77 78 78 79 78 77 77 77 76 77 77 78 79 79 80 80 79 80 80 79 79 78 78 78 78 78 79 79 79 80 80 80 81 81 81 82 82 81 81 81 80 79 79 78 78 78 77 77 77 77 78 79 80 80 81 82 83 84 85 86 87 86 87 87 87 86 86 86 86 85 84 83 82 80 80 81 82 83 84
-9999 -9999 -9999 -9999 -9999 -9999 -9999 78 78 78 78 79 79 79 78 78 77 77 78 79 79 79 78 79 78 78 77 77 78 78 78 78 79 79 79 79 79 78 77 77 78 78 78 78 79 79 79 79 79 80 81 82 83 83 82 82 81 80 80 79 79 79 78 77 77 77 78 78 79 80 80 81 82 83 84 85 86 87 86 87 86 86 86 85 84 85 85 85 84 83 82 83 82 82 83 84
-9999 -9999 -9999 -9999 -9999 -9999 79 78 78 78 79 80 81 82 80 78 77 77 77 78 79 78 78 78 78 78 77 77 77 77 78 78 78 78 78 78 78 78 78 78 78 78 78 78 79 79 79 79 80 81 82 83 84 84 83 82 82 81 80 80 79 79 79 77 77 78 78 78 79 79 80 81 82 83 84 85 86 86 86 86 85 85 85 86 86 86 86 85 84 83 83 84 84 83 84 84
-9999 -9999 -9999 -9999 -9999 -9999 78 78 78 79 80 82 83 84 82 79 77 76 77 77 77 77 78 78 78 78 78 77 78 79 79 79 78 78 79 79 79 79 79 79 79 78 78 79 79 79 79 80 81 82 82 84 85 85 84 83 82 81 81 81 80 80 79 78 78 78 78 78 79 79 80 80 82 82 84 84 85 86 86 85 85 85 86 86 85 86 85 84 83 83 84 84 84 84 84 84
75 -9999 76 -9999 77 77 78 -9999 78 80 81 82 84 84 83 80 78 76 75 75 76 77 77 77 76 77 78 79 80 81 81 81 80 79 79 79 80 80 80 79 79 78 79 -9999 79 80 -9999 -9999 -9999 -9999 84 85 86 85 84 84 83 82 82 82 81 80 79 78 78 78 77 77 78 78 79 80 81 81 82 83 85 86 85 84 84 84 84 84 84 84 84 84 84 84 84 84 84 83 84 83
75 75 75 -9999 77 77 -9999 78 78 79 81 82 84 84 83 81 79 77 76 76 76 76 76 77 77 78 79 80 81 82 82 81 80 80 80 80 80 -9999 -9999 -9999 -9999 -9999 -9999 -9999 -9999 -9999 -9999 -9999 -9999 -9999 -9999 85 85 84 84 84 83 82 82 81 80 79 78 78 77 77 77 77 78 78 78 79 80 81 82 82 84 84 84 84 83 84 84 84 84 84 85 85 85 85 84 83 83 82 82 82
73 75 75 76 77 -9999 -9999 -9999 -9999 79 81 81 -9999 84 82 81 79 78 77 76 77 77 78 78 79 80 80 80 81 -9999 83 -9999 -9999 -9999 -9999 -9999 -9999 -9999 -9999 -9999 -9999 81 -9999 -9999 -9999 -9999 82 82 -9999 -9999 84 -9999 -9999 -9999 -9999 -9999 -9999 -9999 80 79 78 78 78 77 77 77 77 77 77 77 78 79 79 80 81 81 82 83 83 82 82 83 83 83 84 84 83 83 84 84 83 82 81 81 81 80
-9999 -9999 -9999 -9999 -9999 77 -9999 -9999 -9999 -9999 -9999 -9999 -9999 -9999 81 81 -9999 78 77 77 77 78 78 79 -9999 -9999 -9999 -9999 -9999 -9999 -9999 -9999 -9999 -9999 -9999 -9999 -9999 -9999 -9999 -9999 -9999 -9999 -9999 82 -9999 -9999 -9999 -9999 -9999 -9999 -9999 -9999 -9999 -9999 84 83 82 81 80 79 78 77 76 76 76 76 76 76 76 77 77 78 79 80 80 80 81 81 81 81 81 81 82 81 82 82 82 83 83 83 82 81 80 80 79 79
-9999 -9999 -9999 -9999 -9999 -9999 -9999 -9999 -9999 -9999 -9999 -9999 -9999 -9999 81 -9999 -9999 -9999 -9999 -9999 -9999 -9999 -9999 -9999 -9999 -9999 -9999 -9999 -9999 -9999 -9999 -9999 -9999 -9999 -9999 -9999 -9999 -9999 -9999 -9999 -9999 -9999 -9999 -9999 -9999 -9999 -9999 -9999 85 85 86 86 86 85 84 84 83 83 82 80 79 78 77 76 76 76 75 75 76 76 77 77 77 77 78 79 81 81 81 81 81 81 81 81 82 82 82 82 82 82 81 80 79 79 79 79
-9999 -9999 -9999 -9999 -9999 -9999 -9999 -9999 -9999 -9999 -9999 -9999 -9999 -9999 -9999 -9999 -9999 -9999 -9999 -9999 -9999 -9999 -9999 -9999 -9999 -9999 -9999 87 87 86 -9999 86 84 84 84 84 84 82 82 81 81 -9999 -9999 -9999 -9999 -9999 -9999 -9999 85 86 86 86 86 85 85 85 85 84 83 82 80 78 77 76 76 75 75 75 75 75 75 75 76 77 78 80 81 82 82 82 82 82 81 82 82 82 82 82 82 80 79 78 78 78 78 79
-9999 -9999 -9999 -9999 -9999 -9999 -9999 -9999 -9999 -9999 -9999 -9999 -9999 -9999 -9999 -9999 -9999 -9999 -9999 -9999 -9999 -9999 -9999 83 85 87 88 89 88 87 87 86 85 85 84 83 83 83 82 82 82 82 82 83 83 84 84 85 86 86 87 86 86 85 85 85 84 84 82 81 79 78 77 76 76 76 76 75 74 74 74 75 75 77 79 80 81 82 82 82 82 82 81 82 82 82 81 81 80 79 78 78 78 78 78 78
-9999 -9999 -9999 -9999 -9999 -9999 -9999 -9999 -9999 -9999 -9999 -9999 -9999 -9999 -9999 -9999 -9999 -9999 -9999 -9999 -9999 81 82 83 85 86 88 89 89 88 87 86 85 84 83 83 82 82 82 81 82 82 82 82 83 83 83 84 85 86 86 86 85 84 84 84 83 83 83 82 80 79 78 77 76 76 75 75 74 74 75 75 76 77 78 80 81 82 82 82 82 82 82 82 82 81 81 80 79 78 78 78 78 78 78 78
-9999 -9999 -9999 -9999 -9999 -9999 -9999 -9999 -9999 -9999 -9999 -9999 -9999 -9999 -9999 81 81 -9999 79 80 80 81 83 84 85 86 88 89 89 87 86 85 84 82 82 81 81 80 81 81 81 81 81 81 81 82 82 83 84 84 84 84 83 83 83 83 83 83 82 81 80 79 78 77 76 76 75 74 74 74 75 76 77 78 79 81 82 83 83 83 83 83 83 82 82 81 80 80 79 79 79 78 78 78 78 78
-9999 -9999 -9999 -9999 -9999 -9999 -9999 -9999 -9999 -9999 -9999 -9999 81 82 82 81 81 80 80 80 80 81 83 84 86 87 88 89 90 88 86 84 82 81 80 80 79 79 79 79 79 78 78 78 79 79 80 81 82 82 82 83 84 84 84 84 84 84 83 82 81 79 78 76 76 75 74 74 74 74 75 76 77 78 80 81 82 82 83 82 82 82 82 82 81 81 81 80 79 79 79 78 79 79 78 78
-9999 -9999 -9999 -9999 -9999 -9999 -9999 -9999 -9999 -9999 -9999 -9999 -9999 -9999 82 82 82 80 -9999 -9999 -9999 81 83 85 86 88 89 89 90 88 86 84 82 81 79 78 77 77 77 77 77 76 76 76 77 77 78 79 80 81 82 82 83 84 84 84 85 85 84 82 81 80 79 77 76 75 74 73 74 74 75 76 77 78 80 81 82 83 82 82 81 81 81 81 81 81 80 80 80 80 80 80 79 79 78 79
-9999 -9999 -9999 -9999 -9999 -9999 -9999 -9999 -9999 -9999 -9999 -9999 -9999 84 83 83 82 81 80 79 80 82 83 85 86 88 89 89 89 88 86 84 83 81 78 77 76 76 76 77 76 77 76 76 77 77 77 78 80 80 81 82 83 84 84 84 84 84 84 83 81 80 78 77 75 75 74 73 72 74 75 76 77 78 80 81 83 83 82 81 80 79 80 81 81 81 81 81 81 81 81 81 80 80 79 80
-9999 -9999 -9999 -9999 -9999 -9999 -9999 -9999 -9999 -9999 -9999 84 85 84 84 83 82 82 80 80 -9999 -9999 83 84 86 88 89 89 88 87 85 84 83 82 78 76 76 76 77 77 77 76 76 76 77 77 77 78 78 80 81 82 83 84 85 84 84 84 84 82 81 80 78 76 75 75 74 73 72 74 75 77 78 78 79 80 82 82 81 81 80 79 79 79 80 81 81 81 82 82 81 81 81 80 79 80
-9999 -9999 -9999 -9999 -9999 -9999 -9999 -9999 -9999 -9999 -9999 85 85 85 84 83 83 82 -9999 -9999 -9999 -9999 -9999 -9999 85 87 87 87 86 86 85 83 82 81 78 76 75 76 77 78 77 76 76 76 76 77 77 78 79 81 82 83 83 84 84 84 83 83 83 82 80 79 77 76 76 75 74 74 74 75 76 78 79 79 79 80 81 81 81 80 80 80 79 80 81 81 82 82 82 82 82 82 81 80 80 80
-9999 -9999 -9999 -9999 -9999 -9999 -9999 -9999 -9999 -9999 -9999 -9999 86 85 -9999 84 -9999 -9999 -9999 -9999 -9999 -9999 -9999 84 -9999 -9999 86 86 85 85 83 82 81 80 78 77 76 78 79 80 78 77 77 76 76 76 77 77 78 79 80 81 83 83 83 82 82 82 81 80 80 78 77 77 77 77 76 76 75 76 77 79 79 79 80 79 80 80 80 80 80 80 80 80 81 82 83 83 83 83 83 82 82 81 81 81
-9999 -9999 -9999 -9999 -9999 -9999 -9999 -9999 -9999 -9999 -9999 -9999 87 86 -9999 -9999 -9999 -9999 -9999 -9999 -9999 -9999 -9999 -9999 -9999 -9999 87 86 85 84 82 81 80 79 78 77 77 77 78 79 78 77 77 77 76 76 77 77 77 78 79 79 80 81 81 81 81 80 80 80 79 79 79 78 78 77 77 76 77 77 78 79 80 80 80 80 82 81 81 80 80 80 80 80 81 82 84 84 85 84 83 83 82 82 81 82
-9999 -9999 -9999 -9999 -9999 -9999 -9999 -9999 -9999 -9999 -9999 -9999 -9999 86 86 85 -9999 -9999 -9999 81 -9999 -9999 -9999 -9999 -9999 -9999 86 86 85 84 82 80 80 79 78 77 76 77 78 78 78 78 79 78 78 77 78 77 77 78 78 79 80 80 80 80 80 80 80 80 80 80 79 79 78 78 78 78 78 78 79 79 80 80 80 81 82 83 81 80 81 81 81 81 82 83 84 86 85 85 84 83 82 82 81 82
-9999 -9999 -9999 -9999 -9999 -9999 -9999 -9999 -9999 -9999 93 92 89 88 87 85 84 -9999 -9999 -9999 -9999 -9999 -9999 -9999 -9999 -9999 84 84 83 82 81 79 79 78 77 77 77 77 77 77 77 78 79 79 78 77 77 77 77 78 78 79 79 80 80 80 82 82 81 80 79 79 79 79 78 78 78 79 79 79 80 81 81 81 80 82 83 82 82 81 82 82 82 82 83 84 85 86 86 85 85 84 83 83 82 82
-9999 -9999 -9999 -9999 -9999 -9999 -9999 -9999 -9999 95 94 92 91 89 87 86 84 82 80 -9999 -9999 -9999 -9999 -9999 -9999 -9999 82 82 81 80 79 78 77 77 78 79 78 78 78 78 77 78 78 76 77 77 77 77 77 78 78 79 79 79 80 82 83 82 81 79 79 79 79 79 78 78 79 79 79 80 81 81 81 81 82 83 83 83 82 82 82 83 83 83 84 86 86 86 86 85 85 84 84 84 83 83
-9999 -9999 -9999 -9999 -9999 -9999 -9999 -9999 96 96 95 94 92 90 87 86 85 82 80 78 -9999 -9999 -9999 -9999 -9999 -9999 80 79 78 77 77 77 78 79 80 81 80 79 78 77 77 77 76 76 76 77 77 77 78 78 78 79 79 80 80 81 80 80 79 79 79 78 78 78 78 78 79 79 80 80 81 82 84 85 84 83 83 83 82 83 83 83 84 86 86 86 87 86 85 85 85 84 84 84 84 83
-9999 -9999 -9999 -9999 -9999 -9999 -9999 -9999 97 97 97 95 93 91 89 87 85 82 80 78 77 -9999 -9999 -9999 80 79 78 77 76 76 76 77 78 80 80 82 80 79 78 77 76 76 75 76 76 77 77 77 77 78 78 78 78 79 79 79 79 79 79 79 79 78 78 78 79 79 79 79 80 81 82 84 85 84 84 83 83 83 83 83 83 84 84 84 85 86 86 85 85 85 84 83 84 83 84 83
-9999 -9999 -9999 -9999 -9999 -9999 98 98 98 99 99 97 94 92 91 88 85 82 80 77 77 76 77 78 78 78 76 75 75 74 74 75 76 78 80 81 80 79 77 76 75 75 74 76 76 76 77 78 78 78 79 79 79 79 79 81 82 81 80 80 79 79 79 78 78 78 79 80 82 84 85 84 84 84 84 84 83 83 83 83 83 84 84 85 86 86 85 85 85 85 84 84 84 83 84 84
-9999 -9999 -9999 -9999 -9999 -9999 98 99 100 100 100 98 95 93 92 89 86 82 78 76 75 75 74 75 76 75 74 73 73 73 73 74 74 76 77 77 76 76 76 75 74 74 75 76 77 77 78 78 79 79 79 79 79 80 81 82 82 83 82 82 81 79 78 78 78 79 79 80 82 84 83 85 84 84 84 84 83 84 85 84 83 84 84 84 84 86 87 86 86 85 85 84 84 84 85 85
-9999 -9999 -9999 -9999 -9999 -9999 99 100 100 102 102 100 97 95 92 90 86 82 78 75 74 75 76 75 74 73 73 72 72 72 72 73 74 74 75 75 75 75 75 75 75 75 76 77 78 78 79 79 79 79 79 80 80 80 81 82 82 83 83 82 81 78 78 78 79 79 80 82 83 82 83 84 85 84 84 84 84 84 85 84 84 84 84 85 86 88 88 87 87 86 86 85 85 85 86 86
-9999 -9999 -9999 -9999 -9999 98 99 100 101 102 102 101 98 95 93 89 85 81 77 75 75 76 76 75 74 74 73 72 72 72 72 73 73 74 74 74 74 74 75 75 76 76 77 78 78 78 79 80 79 80 80 80 80 80 81 81 82 82 83 83 81 79 79 78 79 80 82 83 83 82 82 83 84 84 84 84 84 84 85 85 84 85 85 86 87 88 88 88 88 87 86 86 86 86 86 85
-9999 -9999 -9999 -9999 -9999 -9999 100 101 102 102 102 102 100 97 94 89 85 80 76 76 76 76 76 75 75 74 73 73 72 72 72 72 73 74 74 75 75 74 75 75 76 77 77 78 78 79 79 80 80 80 81 81 81 81 81 81 82 82 82 82 81 81 80 80 81 81 82 82 82 82 83 83 83 83 84 83 83 84 84 84 85 86 87 87 88 88 89 89 89 89 88 87 87 87 86 86
-9999 -9999 -9999 -9999 -9999 -9999 101 102 103 104 104 104 102 99 95 90 85 80 76 76 76 76 76 76 76 75 74 73 73 72 72 73 73 74 74 75 75 74 75 75 76 77 77 77 78 78 79 79 79 80 80 81 81 81 81 81 81 82 82 82 81 81 81 81 81 81 81 82 82 82 83 83 83 83 83 83 83 83 84 84 86 86 87 87 88 89 90 90 90 90 89 89 89 88 88 87
