resultados/variables_proyeccion_tiempo/variables_futuro_ccsm_A1B/bio18.asc
ncols 330
nrows 228
xllcorner -12.000000
yllcorner 34.000000
cellsize 0.166667
NODATA_value -9999
[rows 40 to 79 of 228, columns 92 to 183 of 330]
-9999 -9999 -9999 -9999 -9999 -9999 -9999 -9999 -9999 -9999 -9999 -9999 -9999 -9999 -9999 -9999 -9999 -9999 -9999 -9999 -9999 -9999 -9999 -9999 -9999 -9999 -9999 -9999 -9999 -9999 -9999 -9999 -9999 -9999 -9999 -9999 -9999 -9999 -9999 -9999 -9999 -9999 -9999 -9999 -9999 -9999 -9999 -9999 -9999 -9999 -9999 -9999 415 420 404 410 406 408 400 374 360 360 353 330 321 303 284 267 263 251 243 248 247 249 234 227 229 228 225 222 222 228 235 236 231 227 226 223 222 221 219 215
-9999 -9999 -9999 -9999 -9999 -9999 -9999 -9999 -9999 -9999 -9999 -9999 -9999 -9999 -9999 -9999 -9999 -9999 -9999 -9999 -9999 -9999 -9999 -9999 -9999 -9999 -9999 -9999 -9999 -9999 -9999 -9999 -9999 -9999 -9999 -9999 -9999 -9999 -9999 -9999 -9999 -9999 -9999 -9999 -9999 -9999 340 -9999 -9999 374 381 403 402 398 399 391 394 393 381 352 345 334 315 311 308 293 278 270 258 249 240 246 252 234 230 228 229 225 225 227 229 225 221 225 224 225 225 225 222 217 216 216
-9999 -9999 -9999 -9999 -9999 -9999 -9999 -9999 -9999 -9999 -9999 -9999 -9999 -9999 -9999 -9999 -9999 -9999 -9999 -9999 -9999 -9999 -9999 -9999 -9999 -9999 -9999 -9999 -9999 -9999 -9999 -9999 -9999 -9999 -9999 -9999 -9999 -9999 -9999 -9999 -9999 -9999 -9999 -9999 323 328 333 336 351 360 376 387 391 388 385 391 385 369 347 343 331 310 306 287 271 254 252 256 254 251 251 240 235 234 225 221 225 228 227 227 227 228 226 230 233 230 223 222 219 214 212 208
-9999 -9999 -9999 -9999 -9999 -9999 -9999 -9999 -9999 -9999 -9999 -9999 -9999 -9999 -9999 -9999 -9999 -9999 -9999 -9999 -9999 -9999 -9999 -9999 -9999 -9999 -9999 -9999 -9999 -9999 -9999 -9999 -9999 -9999 -9999 -9999 -9999 -9999 -9999 -9999 -9999 -9999 -9999 -9999 -9999 -9999 -9999 330 337 347 357 370 379 371 367 367 348 340 334 327 309 294 292 273 252 254 259 255 243 245 231 225 225 228 226 225 218 216 216 221 222 223 227 232 234 232 229 223 217 215 212 208
-9999 -9999 -9999 -9999 -9999 -9999 -9999 -9999 -9999 -9999 -9999 -9999 -9999 -9999 -9999 -9999 -9999 -9999 -9999 -9999 -9999 -9999 -9999 -9999 -9999 -9999 -9999 -9999 -9999 -9999 -9999 -9999 -9999 -9999 -9999 -9999 -9999 -9999 -9999 -9999 -9999 -9999 -9999 -9999 302 310 316 320 328 333 345 350 342 339 339 334 337 338 332 319 306 287 269 254 241 250 246 242 232 227 228 223 215 217 215 218 226 227 218 215 216 220 222 226 233 234 231 226 222 215 213 206
-9999 -9999 -9999 -9999 -9999 -9999 -9999 -9999 -9999 -9999 -9999 -9999 -9999 -9999 -9999 -9999 -9999 -9999 -9999 -9999 -9999 -9999 -9999 -9999 -9999 -9999 -9999 -9999 -9999 -9999 -9999 -9999 -9999 -9999 -9999 -9999 -9999 -9999 -9999 -9999 -9999 -9999 284 290 298 309 315 308 308 318 315 313 326 328 323 319 323 317 320 307 288 277 267 268 256 237 229 226 222 225 219 219 216 211 213 213 212 220 220 218 215 218 218 220 222 224 226 226 222 218 213 207
-9999 -9999 -9999 -9999 -9999 -9999 -9999 -9999 -9999 -9999 -9999 -9999 -9999 -9999 -9999 -9999 -9999 -9999 -9999 -9999 -9999 -9999 -9999 -9999 -9999 -9999 -9999 -9999 -9999 -9999 -9999 -9999 -9999 -9999 -9999 -9999 -9999 -9999 -9999 -9999 -9999 279 284 292 299 297 302 296 298 307 312 306 307 299 298 302 305 300 302 300 286 271 261 266 270 258 243 234 226 217 212 209 209 210 209 216 211 208 213 213 214 215 218 216 216 215 218 215 212 212 215 209
-9999 -9999 -9999 -9999 -9999 -9999 -9999 -9999 -9999 -9999 -9999 -9999 -9999 -9999 -9999 -9999 -9999 -9999 -9999 -9999 -9999 -9999 -9999 -9999 -9999 -9999 -9999 -9999 -9999 -9999 -9999 -9999 -9999 -9999 -9999 -9999 -9999 -9999 -9999 266 272 280 280 285 294 294 294 287 289 282 282 289 298 305 306 308 307 294 289 294 297 282 263 244 234 239 242 240 236 224 218 213 211 212 212 208 209 209 209 212 214 216 214 211 212 213 215 212 211 207 205 205
-9999 -9999 -9999 -9999 -9999 -9999 -9999 -9999 -9999 -9999 -9999 -9999 -9999 -9999 -9999 -9999 -9999 -9999 -9999 -9999 -9999 -9999 -9999 -9999 -9999 -9999 -9999 -9999 -9999 -9999 -9999 -9999 -9999 -9999 278 -9999 -9999 -9999 256 257 264 269 270 280 280 277 272 268 271 275 285 284 286 297 302 297 294 280 291 289 286 283 268 249 236 224 223 226 222 218 217 211 208 212 209 209 209 206 205 208 212 215 210 211 215 213 215 213 209 204 200 201
-9999 -9999 -9999 -9999 -9999 -9999 -9999 -9999 -9999 -9999 -9999 -9999 -9999 -9999 -9999 -9999 -9999 -9999 -9999 -9999 -9999 -9999 -9999 -9999 -9999 -9999 -9999 -9999 -9999 278 282 284 285 283 -9999 -9999 264 257 260 258 261 264 264 261 265 265 256 259 263 268 271 278 284 282 280 288 291 271 265 269 260 252 246 248 241 231 220 212 212 210 210 211 210 209 208 210 209 208 206 206 205 205 206 212 212 210 206 209 207 204 197 198
-9999 -9999 -9999 -9999 -9999 -9999 -9999 -9999 -9999 -9999 -9999 -9999 -9999 -9999 -9999 -9999 -9999 -9999 -9999 -9999 -9999 -9999 -9999 -9999 -9999 -9999 -9999 -9999 -9999 -9999 280 285 288 286 282 274 269 266 264 254 250 251 264 256 245 254 256 260 269 277 280 279 288 281 280 275 277 268 260 262 256 243 235 229 230 222 217 215 209 216 217 212 210 213 216 215 211 209 208 207 205 206 204 207 207 201 201 198 200 196 197 189
-9999 -9999 -9999 -9999 -9999 -9999 -9999 -9999 -9999 -9999 -9999 -9999 -9999 -9999 -9999 -9999 -9999 -9999 -9999 -9999 -9999 -9999 -9999 -9999 -9999 -9999 -9999 263 267 269 281 286 289 294 293 280 282 273 264 251 239 244 233 233 240 246 252 255 265 272 260 272 282 280 277 267 262 269 269 252 249 242 234 229 222 216 212 211 210 212 218 216 214 217 217 221 222 217 212 207 207 203 207 210 208 205 202 198 195 191 188 189
-9999 -9999 -9999 -9999 -9999 -9999 -9999 -9999 -9999 -9999 -9999 -9999 -9999 -9999 -9999 -9999 -9999 -9999 -9999 -9999 -9999 -9999 -9999 -9999 -9999 -9999 -9999 255 265 270 281 289 297 299 296 293 288 272 257 256 243 235 239 242 245 245 244 255 269 273 272 276 271 278 272 268 270 273 261 251 246 239 232 225 218 214 211 209 211 210 210 213 214 217 216 216 220 217 217 212 205 202 198 198 200 198 198 200 198 191 185 181
-9999 -9999 -9999 -9999 -9999 -9999 -9999 -9999 -9999 -9999 -9999 -9999 -9999 -9999 -9999 -9999 -9999 -9999 -9999 -9999 -9999 -9999 -9999 -9999 250 248 249 246 253 263 275 285 294 297 296 290 282 272 263 256 250 235 240 248 252 245 250 251 252 254 262 269 274 286 280 297 286 268 271 278 264 260 260 240 224 216 212 215 212 214 217 217 220 223 220 218 214 212 208 213 210 205 204 203 194 190 186 194 195 189 185 176
-9999 -9999 -9999 -9999 -9999 -9999 -9999 -9999 -9999 -9999 -9999 -9999 -9999 -9999 -9999 -9999 -9999 -9999 -9999 -9999 389 380 364 321 259 251 243 240 248 253 267 276 285 293 296 295 289 277 262 267 255 245 244 243 238 245 239 243 261 269 258 259 277 277 283 276 276 282 271 260 256 257 262 248 236 223 213 214 216 217 217 219 220 221 222 222 217 215 216 206 210 211 210 207 203 197 188 186 186 183 181 176
-9999 -9999 -9999 -9999 -9999 -9999 -9999 -9999 -9999 -9999 -9999 -9999 -9999 -9999 -9999 -9999 -9999 443 422 410 406 352 327 263 244 239 228 229 238 256 258 281 281 288 294 302 293 288 282 258 255 263 258 256 262 254 249 244 240 253 254 255 268 274 270 269 264 261 255 252 252 246 239 235 233 227 221 221 220 220 220 221 223 227 221 222 218 213 213 211 204 209 207 205 198 196 191 185 182 179 -9999 -9999
-9999 -9999 -9999 -9999 -9999 -9999 -9999 -9999 -9999 -9999 -9999 -9999 -9999 -9999 -9999 -9999 465 484 454 430 385 339 263 268 242 232 227 244 246 272 274 281 289 291 287 288 288 276 282 275 266 258 256 262 256 247 238 237 237 243 246 254 268 264 256 254 263 262 253 254 254 251 249 248 241 233 225 228 226 225 226 229 227 220 217 220 216 215 211 214 211 206 201 196 192 190 188 184 181 -9999 -9999 -9999
-9999 -9999 -9999 -9999 -9999 -9999 -9999 -9999 -9999 -9999 -9999 -9999 -9999 505 507 502 476 447 440 394 344 295 288 289 275 262 274 260 264 274 273 266 304 309 311 309 309 293 293 284 278 265 247 244 241 230 233 247 245 244 243 240 251 257 259 252 251 252 248 250 243 241 237 241 251 239 232 227 226 220 223 221 221 223 227 223 220 214 209 208 210 207 202 197 187 182 180 -9999 -9999 -9999 -9999 -9999
-9999 -9999 -9999 -9999 -9999 -9999 -9999 -9999 -9999 -9999 538 536 528 528 518 509 471 442 380 342 330 303 282 283 272 281 296 288 244 248 266 262 279 289 298 304 286 275 278 286 271 263 248 236 233 234 249 257 248 253 240 240 256 257 256 259 258 260 261 260 253 253 242 241 234 243 244 241 230 224 222 225 226 225 226 228 225 226 222 218 212 207 199 197 189 183 -9999 -9999 -9999 -9999 -9999 -9999
-9999 -9999 -9999 -9999 -9999 -9999 -9999 -9999 -9999 -9999 559 549 550 551 539 488 381 389 362 358 328 308 321 313 298 308 283 301 314 289 276 269 271 257 255 266 289 285 282 259 259 260 256 237 237 236 241 252 248 241 235 245 258 256 259 250 253 257 258 263 251 252 246 240 235 233 235 233 233 228 224 226 226 229 222 221 224 219 218 214 209 208 203 199 190 185 -9999 -9999 -9999 -9999 -9999 -9999
-9999 -9999 -9999 -9999 -9999 -9999 -9999 -9999 -9999 574 562 586 584 580 465 412 400 371 356 323 326 320 299 303 332 313 278 239 247 236 258 253 254 246 251 250 261 292 299 298 274 264 262 264 252 226 227 247 251 248 241 243 246 244 243 240 247 255 252 264 260 255 250 247 242 245 243 235 238 237 234 230 226 222 219 215 217 217 209 203 202 206 198 192 191 -9999 -9999 -9999 -9999 -9999 -9999 -9999
-9999 -9999 -9999 -9999 -9999 -9999 -9999 -9999 -9999 562 595 613 625 527 465 440 418 413 356 377 359 368 362 345 319 307 297 312 297 269 246 279 296 255 240 244 248 243 262 266 271 268 259 246 233 236 234 232 241 242 247 254 258 253 252 250 246 240 240 243 251 255 254 255 250 246 248 244 240 237 233 231 231 227 219 217 211 211 212 206 202 199 194 191 188 -9999 -9999 -9999 -9999 -9999 -9999 -9999
-9999 -9999 -9999 -9999 -9999 -9999 -9999 -9999 549 571 592 623 561 477 444 450 439 423 390 372 400 371 337 286 319 269 265 294 293 315 315 316 297 261 268 246 262 251 244 246 246 258 271 261 250 234 227 224 247 248 252 259 249 262 259 265 262 247 242 242 245 254 258 261 260 254 253 249 243 235 231 226 223 229 224 224 221 212 209 212 207 198 192 189 188 -9999 -9999 -9999 -9999 -9999 -9999 -9999
-9999 -9999 -9999 -9999 -9999 -9999 -9999 -9999 -9999 590 615 633 560 469 464 456 442 438 430 410 359 354 312 273 253 284 283 263 296 286 284 290 277 275 259 252 257 269 256 260 258 242 256 264 260 245 229 227 240 241 239 242 246 245 253 250 255 250 240 242 247 248 251 252 249 255 252 251 246 235 228 230 225 222 220 214 209 210 204 206 201 195 191 -9999 -9999 -9999 -9999 -9999 -9999 -9999 -9999 -9999
-9999 -9999 -9999 -9999 -9999 -9999 -9999 -9999 540 584 618 616 494 496 498 492 475 452 438 368 377 337 289 265 273 261 254 285 270 256 270 272 244 237 253 259 265 262 259 254 245 234 240 262 255 258 252 228 221 234 237 240 252 241 239 243 243 251 249 245 245 245 244 244 241 244 245 238 236 233 227 231 226 223 221 220 217 209 202 201 198 194 190 189 -9999 -9999 -9999 -9999 -9999 -9999 -9999 -9999
-9999 -9999 -9999 -9999 -9999 -9999 -9999 -9999 550 590 638 539 486 492 508 515 498 461 435 391 392 342 313 328 290 286 283 281 283 291 282 246 235 233 229 250 256 261 268 260 256 249 227 235 242 242 244 238 224 231 240 244 243 245 239 235 240 249 253 250 250 246 244 245 241 238 229 227 235 235 232 230 229 227 222 227 224 219 215 210 199 194 189 -9999 -9999 -9999 -9999 -9999 -9999 -9999 -9999 -9999
-9999 -9999 -9999 -9999 -9999 -9999 -9999 -9999 558 588 616 502 518 545 552 537 518 494 461 441 403 374 345 339 340 340 331 315 309 277 263 269 256 250 250 246 254 252 256 253 247 249 247 231 224 227 235 240 230 229 232 240 240 239 236 240 245 244 248 249 248 253 246 240 240 240 235 227 227 229 227 228 228 225 222 228 224 216 212 205 197 194 189 186 -9999 -9999 -9999 -9999 -9999 -9999 -9999 -9999
-9999 -9999 -9999 -9999 -9999 -9999 -9999 -9999 539 576 545 461 535 540 541 552 529 505 457 428 405 392 374 376 361 335 323 294 290 288 266 256 241 239 252 268 263 252 250 255 251 241 246 239 226 219 217 223 233 238 233 234 236 233 236 242 236 242 247 248 244 245 245 242 239 242 243 240 233 230 231 232 225 221 216 215 217 216 210 203 198 194 190 186 -9999 -9999 -9999 -9999 -9999 -9999 -9999 -9999
-9999 -9999 -9999 -9999 -9999 -9999 -9999 -9999 544 557 469 457 485 532 559 558 524 502 460 427 396 364 379 362 376 348 329 318 281 260 255 250 256 251 236 260 266 268 249 242 249 239 243 246 245 248 242 231 243 249 245 232 229 235 243 245 241 240 234 241 248 247 243 241 239 236 235 240 237 232 229 229 224 216 214 218 214 210 204 198 195 193 190 187 183 181 177 175 -9999 -9999 167 -9999
-9999 -9999 -9999 -9999 -9999 -9999 -9999 -9999 -9999 550 423 447 495 532 546 558 531 492 464 425 393 404 361 353 335 330 311 301 289 277 268 261 258 266 273 252 252 252 261 261 243 246 234 249 258 254 241 237 243 237 244 238 233 239 237 239 239 232 231 232 238 243 240 241 239 236 235 234 236 234 241 233 222 217 213 210 208 208 205 200 196 193 190 187 184 181 179 176 173 171 166 -9999
-9999 -9999 -9999 -9999 -9999 -9999 -9999 -9999 -9999 396 423 430 470 495 517 521 500 480 475 436 435 411 387 373 356 334 321 308 298 292 285 281 269 257 255 261 263 246 237 236 238 234 242 250 251 247 238 237 238 236 236 240 231 238 235 239 230 228 223 232 227 231 234 237 237 243 239 239 238 233 229 228 223 220 218 210 206 205 200 197 193 192 190 188 184 182 179 177 174 169 166 162
-9999 -9999 -9999 -9999 -9999 -9999 -9999 -9999 -9999 -9999 387 401 422 454 470 470 493 486 485 430 435 422 403 377 358 335 322 316 306 295 289 284 262 270 241 246 238 229 226 229 222 221 247 246 243 240 234 234 234 238 241 242 233 233 231 235 229 224 217 223 225 222 224 228 231 228 233 235 236 236 231 224 219 214 214 211 205 200 198 194 192 190 188 186 184 180 179 176 172 168 164 160
-9999 -9999 -9999 -9999 -9999 -9999 -9999 -9999 -9999 -9999 441 375 426 431 447 476 475 476 448 420 420 401 404 375 351 336 345 317 295 290 284 285 252 246 250 251 232 232 224 219 242 229 230 226 226 234 232 235 237 236 237 233 228 224 222 224 226 221 215 215 217 213 220 224 221 223 223 223 226 224 227 226 219 216 208 205 202 198 195 192 190 188 188 184 182 179 177 175 171 167 163 158
-9999 -9999 -9999 -9999 -9999 -9999 -9999 -9999 -9999 -9999 -9999 366 378 383 408 436 440 456 440 426 396 410 392 362 330 304 307 308 270 278 288 271 262 253 228 244 241 230 222 215 227 214 217 216 218 227 232 229 230 233 232 232 226 219 215 214 220 218 211 207 206 210 212 213 212 215 216 215 215 219 211 212 208 205 203 202 200 196 191 188 186 183 181 180 178 177 175 174 170 165 162 156
-9999 -9999 -9999 -9999 -9999 -9999 -9999 -9999 -9999 -9999 -9999 391 348 382 394 418 437 431 416 406 387 391 383 362 335 350 302 267 270 261 260 254 262 244 227 217 234 232 220 225 216 210 208 214 211 217 222 225 228 228 229 225 224 225 218 208 207 204 205 202 200 198 199 203 204 204 209 210 210 206 204 198 198 197 197 194 192 189 186 183 181 179 178 176 175 174 173 173 170 165 161 154
-9999 -9999 -9999 -9999 -9999 -9999 -9999 -9999 -9999 -9999 -9999 428 340 346 377 391 396 404 412 409 417 404 396 368 338 339 304 273 257 242 243 238 240 245 219 217 238 236 235 217 207 202 198 201 203 209 217 219 224 227 223 220 220 221 219 215 204 201 200 197 194 192 192 192 195 197 198 201 201 203 195 192 191 190 190 188 187 185 183 182 179 176 174 172 171 169 170 171 168 162 155 148
-9999 -9999 -9999 -9999 -9999 -9999 -9999 -9999 -9999 371 -9999 403 311 332 335 349 375 399 410 416 416 405 388 369 336 327 310 290 266 285 253 258 242 238 220 214 207 207 211 201 199 193 190 194 198 201 206 215 224 226 221 218 215 213 212 207 201 199 194 190 188 187 187 186 187 192 192 193 194 189 184 185 185 184 184 184 185 182 182 182 179 178 174 172 168 166 164 165 162 157 151 145
-9999 -9999 -9999 -9999 -9999 -9999 -9999 -9999 -9999 -9999 -9999 386 286 296 322 336 380 397 403 411 409 387 391 376 350 315 319 298 282 275 263 260 250 232 218 215 207 199 196 191 186 181 180 -9999 186 194 201 211 218 223 221 216 214 210 209 203 196 192 190 187 184 184 182 182 182 185 186 185 182 182 181 182 183 182 181 181 181 181 179 178 176 173 171 167 164 159 156 154 152 150 144 -9999
-9999 -9999 -9999 -9999 -9999 -9999 -9999 -9999 -9999 -9999 -9999 -9999 -9999 282 301 333 358 388 414 419 403 388 381 369 352 322 301 306 293 278 265 247 251 238 221 213 204 196 187 182 177 -9999 -9999 -9999 -9999 -9999 195 205 216 218 218 213 209 207 201 195 189 186 184 182 180 179 179 178 180 180 184 183 184 181 184 182 181 180 178 177 177 176 174 173 173 171 167 163 157 151 146 141 142 138 139 -9999
-9999 -9999 -9999 -9999 -9999 -9999 -9999 -9999 -9999 -9999 -9999 -9999 -9999 275 300 340 367 382 397 396 379 382 375 365 340 326 303 305 290 278 263 252 245 232 217 208 199 -9999 -9999 -9999 -9999 -9999 -9999 -9999 -9999 -9999 194 198 208 209 209 207 205 205 195 190 187 183 180 177 175 175 175 176 177 179 178 181 178 175 179 178 175 174 173 173 176 175 173 171 169 167 163 159 151 146 138 133 -9999 -9999 -9999 -9999
