resultados/variables_proyeccion_tiempo/variables_futuro_ccsm_A1B/bio15.asc
ncols 330
nrows 228
xllcorner -12.000000
yllcorner 34.000000
cellsize 0.166667
NODATA_value -9999
[rows 147 to 195 of 228, columns 192 to 287 of 330]
27 27 28 28 27 28 27 27 27 26 27 26 26 27 27 28 28 28 29 28 29 29 31 32 33 35 36 38 40 42 43 45 46 47 49 51 52 52 52 51 50 49 48 46 44 42 40 39 38 36 35 33 32 31 30 29 29 28 28 28 27 26 26 25 24 24 24 23 23 23 24 24 24 24 24 24 23 22 22 21 21 21 21 20 20 20 20 18 18 19 19 20 20 21 21 21
26 27 27 27 28 28 27 27 27 27 27 27 28 28 28 28 29 29 30 30 31 32 32 33 32 33 34 36 39 42 43 44 46 46 48 49 50 51 52 52 51 49 48 45 43 41 40 38 37 36 34 33 32 30 29 29 28 28 28 27 27 26 25 24 23 22 22 22 23 23 23 23 23 23 23 23 23 22 21 21 21 21 21 20 20 19 19 18 18 18 19 19 20 20 20 21
25 26 27 27 28 27 27 27 27 27 27 28 28 28 29 30 31 31 32 32 34 35 34 34 34 34 34 36 40 42 43 44 46 46 47 49 50 50 52 52 51 50 47 45 43 41 39 38 36 35 33 32 30 28 28 28 27 28 27 27 26 25 24 23 22 22 22 21 21 21 22 22 22 22 22 22 22 22 21 21 21 21 20 20 20 19 18 18 18 17 18 18 19 19 20 20
25 26 26 27 27 27 27 27 27 27 28 28 29 29 31 31 32 33 34 35 37 38 37 37 36 36 36 37 39 42 44 45 46 47 48 48 50 50 51 51 51 49 46 44 42 41 38 37 35 34 32 31 29 28 28 27 27 27 27 27 26 25 23 21 21 20 20 20 20 20 21 21 21 21 22 21 21 21 20 19 20 20 20 19 19 19 18 17 17 17 17 18 18 19 19 20
25 26 26 26 27 27 27 27 27 27 27 28 29 29 30 33 34 35 36 37 39 41 40 39 38 38 38 39 40 42 44 44 46 47 46 47 48 48 49 49 49 47 45 44 41 40 38 36 34 33 31 30 29 28 28 27 27 26 26 26 25 23 22 20 20 19 19 19 19 19 20 20 20 19 20 20 20 20 19 19 19 20 19 19 18 18 17 16 16 15 16 16 17 18 18 19
25 26 26 27 27 27 27 27 27 27 28 28 30 31 31 33 35 36 36 38 40 41 41 40 39 39 39 40 41 43 44 45 45 46 47 47 46 46 47 48 47 45 44 42 40 39 37 35 33 32 31 30 28 28 27 27 27 26 26 25 23 22 20 19 18 18 18 18 18 18 18 18 18 18 18 18 18 18 18 18 18 18 18 19 18 18 17 15 15 15 15 16 16 17 18 18
26 27 26 27 27 26 27 27 27 27 28 28 29 31 32 33 36 36 37 38 39 41 41 40 40 40 40 41 42 43 44 45 46 45 47 46 45 46 46 46 45 43 42 40 39 38 36 35 33 32 31 29 28 27 27 27 27 26 25 24 22 21 19 17 17 -9999 -9999 -9999 -9999 16 17 17 17 17 17 17 17 17 17 17 17 17 18 19 19 18 17 15 14 14 14 15 16 17 -9999 -9999
27 27 26 26 26 26 26 26 27 27 28 29 30 31 32 32 34 36 37 38 40 40 40 41 41 41 41 41 42 43 44 45 46 46 45 46 45 44 44 44 43 42 40 39 38 36 35 34 32 31 30 29 28 27 27 26 26 26 25 24 21 20 18 17 -9999 -9999 -9999 -9999 -9999 -9999 16 16 16 16 16 15 16 16 16 16 16 16 16 17 18 17 17 15 13 13 14 -9999 -9999 -9999 -9999 -9999
26 26 26 26 26 26 26 26 27 27 28 29 30 31 32 33 34 35 37 38 38 38 39 40 41 41 42 42 43 43 44 45 45 46 45 44 44 44 43 42 42 40 39 37 36 35 34 33 31 30 29 28 27 26 26 26 26 26 24 22 20 18 17 17 -9999 -9999 -9999 -9999 -9999 -9999 -9999 -9999 -9999 16 15 15 15 15 15 16 15 15 15 16 17 17 17 15 13 -9999 14 -9999 -9999 -9999 -9999 -9999
24 25 25 25 26 26 26 26 26 27 28 29 29 30 31 32 33 34 35 36 37 38 39 40 41 42 41 42 42 43 44 44 45 45 44 44 44 43 41 41 40 39 37 36 35 34 33 31 30 29 28 27 26 26 25 25 24 24 23 21 19 17 -9999 -9999 -9999 -9999 -9999 -9999 -9999 -9999 -9999 -9999 -9999 -9999 -9999 -9999 -9999 -9999 -9999 -9999 -9999 14 15 15 16 18 18 16 14 14 -9999 -9999 -9999 -9999 -9999 -9999
23 24 24 25 26 26 25 25 26 27 27 28 29 31 33 34 34 33 34 36 37 38 38 39 40 40 40 41 41 42 43 44 44 45 44 43 42 41 39 39 39 38 36 34 34 32 31 30 29 28 27 26 25 24 23 23 23 22 21 19 18 -9999 -9999 -9999 -9999 -9999 -9999 -9999 -9999 -9999 -9999 -9999 -9999 -9999 -9999 -9999 -9999 -9999 14 14 14 14 15 16 17 19 20 17 16 14 14 -9999 -9999 -9999 -9999 -9999
22 23 24 25 25 26 25 25 26 27 28 28 29 31 32 33 33 33 35 36 36 37 36 37 38 39 39 38 38 39 40 41 42 42 41 40 40 39 38 38 37 36 35 33 32 31 30 29 27 26 25 24 23 22 21 21 21 20 20 -9999 -9999 -9999 -9999 -9999 -9999 -9999 -9999 -9999 -9999 -9999 -9999 -9999 -9999 -9999 -9999 -9999 16 15 14 14 14 15 16 18 21 21 19 18 16 15 14 14 -9999 -9999 -9999 -9999
22 23 24 25 25 25 25 26 26 27 28 29 30 30 33 34 34 34 35 35 35 35 36 36 37 37 38 39 39 38 39 40 38 39 39 39 39 38 37 37 36 35 34 32 31 29 29 27 26 25 23 22 22 21 20 20 19 18 18 -9999 -9999 -9999 -9999 -9999 -9999 -9999 -9999 -9999 -9999 -9999 -9999 -9999 -9999 -9999 -9999 16 15 15 14 14 14 15 17 20 25 25 21 18 17 15 15 15 15 -9999 16 17
21 22 24 24 25 26 26 26 26 27 28 29 32 31 32 34 34 34 34 34 34 35 35 35 36 36 37 38 38 38 39 39 39 39 38 38 37 37 36 35 34 33 32 31 30 28 28 26 25 24 22 21 20 19 18 17 17 17 17 -9999 -9999 -9999 -9999 -9999 -9999 -9999 -9999 -9999 -9999 -9999 -9999 -9999 -9999 -9999 -9999 -9999 -9999 -9999 15 14 15 15 17 20 22 23 21 20 18 16 15 15 15 16 16 17
22 23 24 24 25 25 25 26 26 26 28 30 32 30 32 33 32 31 30 30 31 31 32 33 33 34 34 36 36 37 38 38 37 37 36 36 35 35 34 34 32 32 31 30 29 28 26 25 23 22 22 20 19 18 16 15 15 16 -9999 -9999 -9999 -9999 -9999 -9999 -9999 -9999 -9999 -9999 -9999 -9999 -9999 -9999 -9999 -9999 -9999 -9999 -9999 -9999 -9999 -9999 -9999 16 17 17 19 20 21 20 19 18 17 16 16 15 16 17
22 23 24 24 25 25 25 25 25 26 27 28 28 30 30 30 29 29 29 28 30 30 30 31 31 31 33 34 34 35 35 36 35 35 34 34 33 33 32 32 32 31 30 29 28 27 25 24 23 22 21 19 18 16 15 14 13 14 -9999 -9999 -9999 -9999 -9999 -9999 -9999 -9999 -9999 -9999 -9999 -9999 -9999 -9999 -9999 -9999 -9999 -9999 -9999 -9999 -9999 -9999 -9999 17 17 17 18 21 24 24 22 20 19 17 16 -9999 -9999 -9999
22 23 24 24 24 24 24 24 25 25 26 27 29 29 27 28 28 27 27 27 28 28 28 29 29 30 31 32 32 33 33 33 33 32 32 32 31 32 32 31 31 30 29 28 27 26 24 23 22 21 20 18 16 15 14 13 -9999 -9999 -9999 -9999 -9999 -9999 -9999 -9999 -9999 -9999 -9999 -9999 -9999 -9999 -9999 -9999 -9999 -9999 -9999 -9999 -9999 -9999 -9999 -9999 -9999 18 18 19 21 26 25 22 22 -9999 20 -9999 -9999 -9999 -9999 -9999
20 22 23 24 24 24 23 23 24 24 26 26 27 26 26 26 26 26 26 27 26 27 27 27 28 28 29 30 31 31 32 32 31 31 30 30 30 30 30 30 30 29 29 28 27 25 24 22 21 20 19 17 16 15 -9999 -9999 -9999 -9999 -9999 -9999 -9999 -9999 -9999 -9999 -9999 -9999 -9999 -9999 -9999 -9999 -9999 -9999 -9999 -9999 -9999 -9999 -9999 -9999 -9999 -9999 20 20 20 22 27 30 24 -9999 -9999 -9999 -9999 -9999 -9999 -9999 -9999 -9999
20 20 22 22 22 22 22 23 23 24 25 25 25 26 25 25 25 25 26 26 26 26 26 26 26 27 28 28 29 30 30 30 30 30 29 29 28 29 29 29 29 28 28 27 26 25 23 21 20 19 17 16 15 -9999 -9999 -9999 -9999 -9999 -9999 -9999 -9999 -9999 -9999 -9999 -9999 -9999 -9999 -9999 -9999 -9999 -9999 -9999 -9999 -9999 -9999 -9999 -9999 -9999 -9999 -9999 -9999 21 23 30 30 -9999 -9999 -9999 -9999 -9999 -9999 -9999 -9999 -9999 -9999 -9999
18 19 20 21 21 22 22 22 22 24 24 25 25 25 25 24 24 25 25 26 25 25 25 25 26 26 26 28 28 29 29 29 29 29 28 28 28 28 28 28 28 28 27 26 26 24 21 20 19 17 16 15 -9999 -9999 -9999 -9999 -9999 -9999 -9999 -9999 -9999 -9999 -9999 -9999 -9999 -9999 -9999 -9999 -9999 -9999 -9999 -9999 -9999 -9999 -9999 -9999 -9999 -9999 -9999 -9999 -9999 -9999 -9999 -9999 -9999 -9999 -9999 -9999 -9999 -9999 -9999 -9999 -9999 -9999 -9999 -9999
18 18 19 21 21 21 21 21 22 23 24 24 24 24 24 24 24 25 25 25 25 25 25 25 25 25 26 27 28 28 28 28 28 28 28 28 27 27 27 27 27 27 27 26 24 22 20 19 17 16 15 15 -9999 -9999 -9999 -9999 -9999 -9999 -9999 -9999 -9999 -9999 -9999 -9999 -9999 -9999 -9999 -9999 -9999 -9999 -9999 -9999 -9999 -9999 -9999 -9999 -9999 -9999 -9999 -9999 -9999 -9999 -9999 -9999 -9999 -9999 -9999 -9999 -9999 -9999 -9999 -9999 -9999 -9999 -9999 -9999
16 17 17 18 20 20 20 20 20 21 22 22 22 23 23 23 24 24 25 25 25 25 25 24 25 25 26 27 28 27 28 28 28 28 28 27 27 27 27 27 27 26 26 24 23 21 19 18 17 16 15 15 -9999 -9999 -9999 -9999 -9999 -9999 -9999 -9999 -9999 -9999 -9999 -9999 -9999 -9999 -9999 -9999 -9999 -9999 -9999 -9999 -9999 -9999 -9999 -9999 -9999 -9999 -9999 -9999 -9999 -9999 -9999 -9999 -9999 -9999 -9999 -9999 -9999 -9999 -9999 -9999 -9999 -9999 -9999 -9999
15 15 16 17 19 19 19 20 20 20 20 21 22 22 23 23 24 24 25 25 25 24 24 24 25 25 26 26 26 27 27 27 27 27 27 27 26 27 27 26 26 26 24 23 21 20 18 17 17 16 16 17 -9999 -9999 -9999 -9999 -9999 -9999 -9999 -9999 -9999 -9999 -9999 -9999 -9999 -9999 -9999 -9999 -9999 -9999 -9999 -9999 -9999 -9999 -9999 -9999 -9999 -9999 -9999 -9999 -9999 -9999 -9999 -9999 -9999 -9999 -9999 -9999 -9999 -9999 -9999 -9999 -9999 -9999 -9999 -9999
14 15 15 16 17 18 18 18 18 19 19 20 21 22 22 23 23 24 24 24 24 24 24 25 25 26 26 26 27 27 27 27 26 26 26 26 26 26 26 26 26 25 24 22 20 19 18 18 17 17 18 18 -9999 -9999 -9999 -9999 -9999 -9999 -9999 -9999 -9999 -9999 -9999 -9999 -9999 -9999 -9999 -9999 -9999 -9999 -9999 -9999 -9999 -9999 -9999 -9999 -9999 -9999 -9999 -9999 -9999 -9999 -9999 -9999 -9999 -9999 -9999 -9999 -9999 -9999 -9999 -9999 -9999 -9999 -9999 -9999
14 14 15 16 16 17 18 18 18 18 19 19 20 21 22 22 23 24 24 24 24 24 24 24 25 25 26 26 27 26 26 26 26 25 25 25 25 25 25 25 25 25 24 22 20 19 18 19 19 18 20 20 -9999 -9999 -9999 -9999 -9999 -9999 -9999 -9999 -9999 -9999 -9999 -9999 -9999 -9999 -9999 -9999 -9999 -9999 -9999 -9999 -9999 -9999 -9999 -9999 -9999 -9999 -9999 -9999 -9999 -9999 -9999 -9999 -9999 -9999 -9999 -9999 -9999 -9999 -9999 -9999 -9999 -9999 -9999 -9999
15 14 15 17 16 16 17 18 18 19 19 20 20 21 22 23 23 23 24 24 24 24 24 24 25 25 26 26 26 26 26 25 25 24 24 24 24 25 24 24 24 24 23 22 21 20 20 21 20 -9999 -9999 -9999 -9999 -9999 -9999 -9999 -9999 -9999 -9999 -9999 -9999 -9999 -9999 -9999 -9999 -9999 -9999 -9999 -9999 -9999 -9999 -9999 -9999 -9999 -9999 -9999 -9999 -9999 -9999 -9999 -9999 -9999 -9999 -9999 -9999 -9999 -9999 -9999 -9999 -9999 -9999 -9999 -9999 -9999 -9999 -9999
16 16 17 17 18 17 17 19 18 19 20 21 21 21 22 24 24 24 23 24 24 25 24 25 25 25 26 26 26 26 26 25 25 24 24 24 24 24 24 24 24 24 23 22 22 22 22 22 -9999 -9999 -9999 -9999 -9999 -9999 -9999 -9999 -9999 -9999 -9999 -9999 -9999 -9999 -9999 -9999 -9999 -9999 -9999 -9999 -9999 -9999 -9999 -9999 -9999 -9999 -9999 -9999 -9999 -9999 -9999 -9999 -9999 -9999 -9999 -9999 -9999 -9999 -9999 -9999 -9999 -9999 -9999 -9999 -9999 -9999 -9999 -9999
19 20 18 18 19 19 18 19 19 20 21 22 23 22 23 23 23 24 24 24 25 25 25 25 26 26 26 26 26 26 25 25 24 24 23 23 23 23 23 23 24 24 25 24 23 22 23 23 -9999 -9999 -9999 -9999 -9999 -9999 -9999 -9999 -9999 -9999 -9999 -9999 -9999 -9999 -9999 -9999 -9999 -9999 -9999 -9999 -9999 -9999 -9999 -9999 -9999 -9999 -9999 -9999 -9999 -9999 -9999 -9999 -9999 -9999 -9999 -9999 -9999 -9999 -9999 -9999 -9999 -9999 -9999 -9999 -9999 -9999 -9999 -9999
20 21 25 24 21 21 21 20 20 21 21 22 23 24 24 24 24 24 25 26 26 26 26 25 25 26 26 26 26 26 25 24 24 23 23 23 23 22 23 24 26 28 28 26 24 24 23 24 -9999 -9999 -9999 -9999 -9999 -9999 -9999 -9999 -9999 -9999 -9999 -9999 -9999 -9999 -9999 -9999 -9999 -9999 -9999 -9999 -9999 -9999 -9999 -9999 -9999 -9999 -9999 -9999 -9999 -9999 -9999 -9999 -9999 -9999 -9999 -9999 -9999 -9999 -9999 -9999 -9999 -9999 -9999 -9999 -9999 -9999 -9999 -9999
21 26 29 27 24 23 23 22 22 22 23 24 25 25 25 25 25 24 24 24 26 26 25 26 25 25 25 25 25 25 24 24 23 23 22 22 23 24 25 26 28 29 29 28 26 25 -9999 -9999 -9999 -9999 -9999 -9999 -9999 -9999 -9999 -9999 -9999 -9999 -9999 -9999 -9999 -9999 -9999 -9999 -9999 -9999 -9999 -9999 -9999 -9999 -9999 -9999 -9999 -9999 -9999 -9999 -9999 -9999 -9999 -9999 -9999 -9999 -9999 -9999 -9999 -9999 -9999 -9999 -9999 -9999 -9999 -9999 -9999 -9999 -9999 -9999
30 31 32 30 27 24 24 23 23 23 24 25 26 27 28 26 26 26 26 25 25 25 25 25 26 25 26 26 26 25 24 23 23 22 23 23 23 24 25 26 27 28 29 28 27 27 27 -9999 -9999 -9999 -9999 -9999 -9999 -9999 -9999 -9999 -9999 -9999 -9999 -9999 -9999 -9999 -9999 -9999 -9999 -9999 -9999 -9999 -9999 -9999 -9999 -9999 -9999 -9999 -9999 -9999 -9999 -9999 -9999 -9999 -9999 -9999 -9999 -9999 -9999 -9999 -9999 -9999 -9999 -9999 -9999 -9999 -9999 -9999 -9999 -9999
35 35 32 31 30 26 24 24 24 23 25 25 27 28 27 27 27 27 26 28 26 27 26 25 26 26 26 26 26 25 24 23 23 23 23 24 24 24 25 26 27 28 28 28 28 28 29 31 -9999 -9999 -9999 -9999 -9999 -9999 -9999 -9999 -9999 -9999 -9999 -9999 -9999 -9999 -9999 -9999 -9999 -9999 -9999 -9999 -9999 -9999 -9999 -9999 -9999 -9999 -9999 -9999 -9999 -9999 -9999 -9999 -9999 -9999 -9999 -9999 -9999 -9999 -9999 -9999 -9999 -9999 -9999 -9999 -9999 -9999 -9999 -9999
34 35 33 30 27 26 27 26 25 25 25 25 26 26 27 28 28 28 28 27 30 29 27 25 25 26 26 25 26 25 24 24 23 24 25 25 24 25 26 27 27 28 28 28 30 30 31 32 34 -9999 -9999 -9999 -9999 -9999 -9999 -9999 -9999 -9999 -9999 -9999 -9999 -9999 -9999 -9999 -9999 -9999 -9999 -9999 -9999 -9999 -9999 -9999 -9999 -9999 -9999 -9999 -9999 -9999 -9999 -9999 36 -9999 -9999 -9999 -9999 -9999 -9999 -9999 -9999 42 43 41 -9999 -9999 -9999 -9999
36 33 32 29 27 31 29 27 26 26 25 25 26 27 28 28 29 29 30 28 28 27 27 26 26 26 26 25 24 24 24 24 25 26 26 27 27 27 28 29 29 30 30 30 31 32 33 35 36 -9999 -9999 -9999 -9999 -9999 -9999 -9999 -9999 -9999 -9999 -9999 -9999 -9999 -9999 -9999 -9999 -9999 -9999 -9999 -9999 -9999 -9999 -9999 -9999 -9999 -9999 -9999 36 32 29 27 23 26 30 28 33 34 35 36 36 38 40 -9999 -9999 -9999 -9999 -9999
36 33 35 30 31 32 29 28 25 25 26 26 27 27 27 28 29 29 30 30 32 29 27 27 27 27 27 26 26 25 26 26 27 28 29 29 30 31 31 32 33 33 34 35 35 34 35 37 38 -9999 -9999 -9999 -9999 -9999 -9999 -9999 -9999 -9999 -9999 -9999 -9999 -9999 -9999 -9999 -9999 -9999 -9999 -9999 -9999 -9999 -9999 -9999 -9999 36 35 34 32 29 28 25 22 23 24 25 25 26 25 26 26 27 29 32 34 -9999 -9999 41
40 34 36 34 32 32 30 28 26 26 26 27 28 28 28 30 29 29 30 33 31 29 30 30 29 28 28 28 28 28 29 30 31 32 32 32 33 35 35 36 36 36 37 38 38 38 39 39 40 42 -9999 -9999 -9999 -9999 -9999 -9999 -9999 -9999 -9999 -9999 -9999 -9999 -9999 -9999 -9999 -9999 -9999 -9999 -9999 -9999 -9999 38 38 38 37 34 33 32 29 27 26 25 24 25 24 25 27 27 30 27 27 27 29 32 39 40
36 35 36 35 33 32 30 28 27 26 26 28 29 29 29 30 31 30 31 34 34 30 31 31 33 32 34 31 30 31 32 34 34 35 35 36 37 39 40 40 40 40 39 40 41 42 42 42 42 42 44 46 -9999 -9999 -9999 -9999 -9999 -9999 -9999 -9999 -9999 -9999 -9999 -9999 -9999 -9999 -9999 -9999 -9999 36 37 36 39 38 36 37 35 34 31 30 28 25 23 22 25 25 27 26 29 30 29 28 29 29 33 34
39 39 35 34 34 32 30 29 28 27 27 28 28 28 30 31 30 30 32 34 34 31 32 35 34 36 38 38 36 36 38 36 37 39 38 38 41 43 44 45 44 43 43 43 44 45 45 44 44 45 46 47 48 50 52 51 50 48 -9999 -9999 -9999 38 37 -9999 -9999 -9999 -9999 -9999 35 36 37 38 39 39 39 39 34 33 31 28 27 29 29 30 32 33 34 32 30 29 29 31 31 31 31 31
43 38 37 36 35 32 31 30 30 28 28 27 28 28 29 32 31 30 30 34 37 38 36 40 45 46 38 39 43 45 45 46 46 47 45 42 44 47 48 48 48 47 47 46 46 47 47 47 46 47 47 48 50 52 53 52 49 46 44 42 40 38 36 35 34 33 32 33 34 35 38 38 43 42 45 39 37 36 34 34 35 36 36 37 32 31 31 29 30 33 32 32 32 31 32 33
43 41 36 36 35 33 32 30 31 29 28 28 31 28 29 31 31 31 30 31 36 40 43 42 40 48 48 51 49 48 49 49 49 49 49 51 50 51 51 51 51 51 50 49 49 -9999 -9999 50 -9999 -9999 -9999 50 49 50 52 50 48 44 42 40 39 38 36 35 33 32 32 31 32 37 40 41 43 45 46 42 43 41 38 37 36 35 36 34 35 37 35 33 32 30 36 35 36 34 35 36
44 44 38 37 36 34 33 31 30 30 29 28 30 32 31 31 32 32 34 34 36 37 40 45 47 49 -9999 47 46 -9999 -9999 -9999 -9999 -9999 -9999 -9999 55 54 55 54 54 53 53 51 50 -9999 -9999 -9999 -9999 -9999 -9999 -9999 -9999 -9999 -9999 -9999 47 44 41 40 39 38 37 36 35 35 34 33 35 36 37 42 44 45 45 44 44 42 41 40 38 37 38 38 39 38 35 36 34 34 37 36 35 35 37 38
49 44 39 38 38 36 35 34 31 31 30 28 29 33 32 32 32 33 33 36 39 40 42 -9999 -9999 -9999 -9999 50 49 -9999 -9999 -9999 -9999 60 -9999 -9999 58 58 56 56 58 57 55 56 -9999 53 53 54 -9999 -9999 -9999 -9999 47 47 46 46 43 40 39 39 38 38 37 37 36 37 37 37 38 39 40 41 43 44 44 44 44 43 42 41 40 37 37 37 35 34 32 33 38 36 38 37 37 37 39 39
52 51 46 42 38 36 37 36 33 31 30 29 29 30 31 32 -9999 34 35 36 37 40 44 49 52 54 -9999 -9999 -9999 -9999 -9999 -9999 60 54 62 -9999 -9999 63 61 60 60 59 58 57 56 53 52 53 53 51 50 48 46 44 43 43 41 39 37 36 36 37 36 36 37 37 37 37 38 38 40 41 42 43 44 44 44 43 43 40 40 38 36 34 34 36 38 38 36 36 37 38 38 39 40 40
55 54 52 46 41 40 37 38 36 33 31 33 32 31 34 35 -9999 -9999 38 40 42 44 47 -9999 50 52 54 -9999 -9999 -9999 -9999 -9999 -9999 -9999 67 68 -9999 65 63 61 60 58 60 58 56 54 54 55 55 53 51 48 44 40 40 41 38 35 34 34 34 35 36 36 35 36 37 37 37 38 40 42 43 42 42 43 42 43 43 42 39 38 38 38 36 37 40 40 40 39 40 39 39 40 41 41
60 58 50 54 50 41 39 39 38 36 33 32 32 32 33 35 -9999 -9999 -9999 -9999 44 -9999 49 50 56 45 52 -9999 -9999 -9999 -9999 -9999 -9999 -9999 67 69 -9999 67 64 62 61 62 61 59 56 56 55 56 56 55 53 48 46 46 49 47 41 35 39 38 34 34 35 36 35 35 36 36 35 37 40 43 42 41 41 40 42 41 43 43 39 41 42 42 38 39 42 41 42 41 41 41 41 42 42 42
68 61 60 58 47 43 41 40 40 38 35 33 35 34 33 35 38 -9999 -9999 -9999 45 47 50 53 -9999 -9999 -9999 -9999 -9999 -9999 61 62 66 -9999 -9999 -9999 70 68 65 64 64 64 62 61 60 57 57 55 55 54 52 49 49 47 50 50 49 44 44 41 39 39 38 38 38 37 38 38 39 39 40 40 41 40 40 39 39 40 43 42 40 43 42 41 40 43 45 45 45 45 43 43 42 42 43 42
70 61 61 62 55 51 45 42 42 43 39 35 38 38 39 38 38 42 -9999 -9999 -9999 -9999 -9999 -9999 -9999 -9999 -9999 -9999 -9999 -9999 63 64 67 -9999 -9999 -9999 72 69 68 66 65 61 63 64 62 60 58 57 56 55 53 52 51 52 51 50 48 47 47 45 42 40 38 39 38 37 37 37 38 38 39 39 39 39 38 41 41 43 43 44 42 44 45 42 42 41 40 42 46 46 44 43 42 42 43 42
70 68 65 61 56 55 49 43 42 46 49 44 42 40 41 42 42 41 46 -9999 -9999 -9999 -9999 -9999 -9999 -9999 -9999 -9999 -9999 68 67 -9999 -9999 -9999 -9999 -9999 74 71 70 69 67 71 72 66 65 63 61 59 58 56 55 54 52 52 51 53 51 49 48 46 43 40 39 38 37 37 37 37 37 37 37 38 38 38 39 42 42 43 43 44 44 45 46 45 46 46 42 42 44 43 43 42 41 41 41 41
71 68 66 60 58 55 54 48 45 47 49 49 46 43 42 42 45 45 43 48 -9999 -9999 -9999 -9999 61 64 -9999 -9999 -9999 -9999 -9999 -9999 -9999 -9999 -9999 -9999 72 74 79 79 79 76 70 66 66 64 62 61 60 58 57 57 57 57 55 54 52 50 48 46 44 41 39 37 36 36 36 36 36 36 36 36 37 38 41 44 44 44 44 46 46 48 48 47 46 45 43 43 42 42 42 42 41 40 40 40
