resultados/variables_proyeccion_tiempo/variables_futuro_ccsm_A1B/bio11.asc
ncols 330
nrows 228
xllcorner -12.000000
yllcorner 34.000000
cellsize 0.166667
NODATA_value -9999
[rows 45 to 89 of 228, columns 96 to 191 of 330]
-9999 -9999 -9999 -9999 -9999 -9999 -9999 -9999 -9999 -9999 -9999 -9999 -9999 -9999 -9999 -9999 -9999 -9999 -9999 -9999 -9999 -9999 -9999 -9999 -9999 -9999 -9999 -9999 -9999 -9999 -9999 -9999 -9999 -9999 -9999 -9999 -9999 -9999 22 21 18 10 7 13 16 8 10 10 -1 -3 -2 -2 -13 -15 -26 -24 -18 -20 -23 -32 -32 -24 -25 -27 -29 -36 -35 -39 -39 -37 -42 -44 -46 -55 -57 -58 -58 -62 -64 -67 -70 -73 -76 -77 -75 -73 -71 -68 -69 -65 -63 -63 -63 -64 -65 -64
-9999 -9999 -9999 -9999 -9999 -9999 -9999 -9999 -9999 -9999 -9999 -9999 -9999 -9999 -9999 -9999 -9999 -9999 -9999 -9999 -9999 -9999 -9999 -9999 -9999 -9999 -9999 -9999 -9999 -9999 -9999 -9999 -9999 -9999 -9999 -9999 -9999 17 16 10 5 8 5 11 9 1 -3 0 -2 3 1 -5 -13 -14 -24 -30 -27 -24 -25 -37 -46 -45 -40 -39 -36 -32 -31 -32 -35 -39 -40 -49 -47 -46 -52 -55 -58 -60 -64 -64 -66 -67 -70 -70 -68 -69 -73 -70 -66 -64 -64 -63 -61 -61 -61 -63
-9999 -9999 -9999 -9999 -9999 -9999 -9999 -9999 -9999 -9999 -9999 -9999 -9999 -9999 -9999 -9999 -9999 -9999 -9999 -9999 -9999 -9999 -9999 -9999 -9999 -9999 -9999 -9999 -9999 -9999 -9999 -9999 -9999 -9999 -9999 22 16 9 9 6 -1 -1 -1 7 5 8 6 -1 -9 -16 -19 -24 -27 -22 -24 -34 -44 -40 -33 -25 -24 -34 -43 -45 -47 -40 -38 -36 -38 -41 -43 -41 -45 -47 -50 -54 -57 -61 -61 -60 -62 -65 -68 -67 -67 -65 -65 -67 -66 -63 -60 -59 -60 -58 -59 -55
-9999 -9999 -9999 -9999 -9999 -9999 -9999 -9999 -9999 -9999 -9999 -9999 -9999 -9999 -9999 -9999 -9999 -9999 -9999 -9999 -9999 -9999 -9999 -9999 -9999 -9999 -9999 -9999 -9999 -9999 28 -9999 -9999 -9999 25 23 16 10 8 -2 -0 3 6 10 6 2 -8 -10 -12 -22 -28 -27 -28 -21 -35 -39 -43 -47 -42 -33 -29 -26 -30 -37 -38 -38 -39 -36 -35 -40 -40 -42 -45 -45 -46 -51 -55 -59 -57 -59 -63 -64 -67 -66 -64 -62 -60 -63 -60 -59 -60 -56 -56 -53 -52 -51
-9999 -9999 -9999 -9999 -9999 -9999 -9999 -9999 -9999 -9999 -9999 -9999 -9999 -9999 -9999 -9999 -9999 -9999 -9999 -9999 -9999 -9999 -9999 -9999 -9999 34 32 30 29 28 -9999 -9999 25 22 18 16 9 4 2 4 2 3 8 5 1 -3 -8 -17 -22 -22 -21 -30 -35 -23 -23 -31 -28 -29 -30 -37 -36 -34 -29 -28 -31 -32 -33 -36 -37 -37 -39 -42 -43 -46 -46 -48 -49 -50 -52 -58 -60 -61 -58 -61 -60 -60 -56 -58 -56 -53 -54 -54 -51 -48 -49 -45
-9999 -9999 -9999 -9999 -9999 -9999 -9999 -9999 -9999 -9999 -9999 -9999 -9999 -9999 -9999 -9999 -9999 -9999 -9999 -9999 -9999 -9999 -9999 -9999 -9999 -9999 30 29 25 25 22 21 16 13 8 12 11 6 -6 2 8 2 -1 -8 -17 -26 -30 -29 -36 -31 -32 -29 -33 -28 -25 -31 -31 -25 -24 -24 -29 -28 -29 -31 -30 -38 -40 -37 -37 -40 -44 -45 -44 -46 -46 -48 -48 -50 -50 -54 -54 -52 -53 -51 -53 -52 -54 -50 -52 -52 -49 -47 -44 -44 -42 -40
-9999 -9999 -9999 -9999 -9999 -9999 -9999 -9999 -9999 -9999 -9999 -9999 -9999 -9999 -9999 -9999 -9999 -9999 -9999 -9999 -9999 -9999 -9999 33 33 34 28 24 22 16 12 15 3 3 3 9 10 2 8 5 1 -2 -9 -15 -27 -34 -23 -34 -43 -41 -39 -31 -30 -36 -39 -29 -31 -30 -27 -27 -26 -26 -26 -29 -32 -36 -41 -40 -39 -42 -44 -49 -52 -51 -49 -46 -48 -46 -51 -54 -54 -52 -51 -49 -47 -45 -45 -47 -46 -44 -41 -39 -40 -41 -40 -9999
-9999 -9999 -9999 -9999 -9999 -9999 -9999 -9999 -9999 -9999 -9999 -9999 -9999 -9999 -9999 -9999 -9999 -9999 -9999 -9999 -9999 -9999 -9999 32 26 27 19 16 8 6 5 -4 -8 -0 4 -3 1 3 -7 -12 -16 -16 -17 -30 -44 -48 -46 -48 -45 -49 -43 -40 -42 -46 -39 -35 -34 -30 -28 -26 -24 -25 -27 -30 -34 -34 -35 -37 -38 -42 -42 -44 -49 -49 -52 -50 -46 -45 -44 -45 -47 -46 -46 -49 -47 -44 -41 -39 -37 -38 -37 -9999 -9999 -9999 -9999 -9999
-9999 -9999 -9999 -9999 -9999 -9999 -9999 -9999 -9999 -9999 -9999 -9999 -9999 -9999 -9999 -9999 -9999 -9999 -9999 -9999 40 34 29 31 26 26 15 11 2 -4 -2 -4 -7 -8 -9 -12 -13 -6 -17 -29 -36 -33 -40 -41 -43 -44 -50 -55 -56 -63 -58 -69 -61 -49 -53 -59 -51 -50 -53 -40 -31 -28 -28 -35 -36 -38 -40 -40 -43 -46 -45 -46 -45 -45 -45 -50 -50 -48 -50 -50 -44 -41 -37 -43 -45 -41 -40 -34 -36 -9999 -9999 -9999 -9999 -9999 -9999 -9999
-9999 -9999 -9999 -9999 -9999 -9999 -9999 -9999 -9999 -9999 -9999 -9999 -9999 -9999 -9999 -9999 53 50 44 30 26 21 20 21 17 18 11 5 -0 -15 -24 -28 -28 -24 -16 -30 -26 -24 -29 -34 -36 -44 -42 -47 -62 -66 -58 -57 -66 -65 -66 -61 -60 -64 -57 -51 -49 -51 -56 -49 -43 -35 -29 -33 -37 -39 -39 -40 -41 -43 -46 -49 -47 -48 -51 -46 -51 -54 -55 -54 -52 -47 -38 -36 -36 -36 -36 -34 -9999 -9999 -9999 -9999 -9999 -9999 -9999 -9999
-9999 -9999 -9999 -9999 -9999 -9999 -9999 -9999 -9999 -9999 -9999 -9999 -9999 53 56 54 45 40 40 26 29 20 23 15 10 -6 -2 -21 -19 -30 -36 -45 -42 -42 -43 -29 -33 -46 -49 -52 -61 -61 -62 -60 -58 -65 -64 -61 -67 -68 -63 -61 -57 -54 -50 -48 -49 -45 -41 -40 -40 -38 -35 -37 -39 -40 -40 -40 -42 -47 -44 -47 -48 -45 -48 -49 -46 -52 -52 -52 -48 -46 -39 -31 -31 -31 -9999 -9999 -9999 -9999 -9999 -9999 -9999 -9999 -9999 -9999
-9999 -9999 -9999 -9999 -9999 -9999 -9999 -9999 -9999 -9999 -9999 -9999 52 23 38 44 37 34 34 14 18 14 8 -9 -9 -28 -32 -32 -35 -42 -39 -43 -45 -39 -48 -49 -49 -48 -53 -62 -64 -64 -61 -63 -63 -65 -64 -65 -70 -66 -58 -55 -59 -57 -51 -51 -51 -50 -49 -50 -46 -41 -37 -41 -41 -41 -43 -45 -44 -40 -39 -44 -44 -46 -45 -50 -49 -47 -46 -45 -44 -42 -36 -30 -31 -9999 -9999 -9999 -9999 -9999 -9999 -9999 -9999 -9999 -9999 -9999
-9999 -9999 -9999 -9999 -9999 -9999 -9999 -9999 -9999 51 48 42 50 48 43 42 28 26 9 -4 -7 -10 -23 -24 -29 -38 -41 -39 -58 -61 -63 -64 -65 -58 -63 -61 -61 -59 -51 -55 -59 -55 -62 -70 -70 -68 -65 -60 -63 -64 -62 -55 -52 -52 -48 -49 -44 -42 -40 -43 -52 -43 -40 -38 -39 -36 -39 -37 -39 -42 -46 -45 -45 -43 -42 -43 -46 -46 -43 -41 -38 -36 -33 -9999 -9999 -9999 -9999 -9999 -9999 -9999 -9999 -9999 -9999 -9999 -9999 -9999
-9999 -9999 -9999 -9999 -9999 -9999 46 48 48 45 45 43 33 26 20 17 10 11 6 -5 -11 -25 -38 -41 -30 -36 -44 -45 -53 -58 -63 -66 -58 -54 -58 -66 -61 -61 -55 -52 -53 -59 -71 -76 -72 -73 -64 -60 -68 -65 -61 -61 -58 -58 -58 -56 -50 -50 -42 -42 -36 -45 -47 -47 -40 -36 -36 -39 -41 -41 -44 -46 -46 -50 -49 -48 -46 -43 -38 -38 -35 -33 -9999 -9999 -9999 -9999 -9999 -9999 -9999 -9999 -9999 -9999 -9999 -9999 -9999 -9999
-9999 -9999 -9999 -9999 -9999 -9999 40 46 45 40 22 25 32 21 18 7 9 7 -14 -22 -26 -39 -38 -50 -59 -55 -54 -53 -54 -50 -50 -53 -65 -64 -64 -54 -57 -61 -63 -54 -57 -59 -64 -73 -71 -65 -59 -63 -68 -64 -63 -55 -55 -56 -56 -58 -48 -48 -44 -39 -36 -35 -38 -38 -40 -37 -36 -38 -40 -42 -38 -40 -44 -43 -43 -44 -42 -41 -38 -37 -33 -32 -9999 -9999 -9999 -9999 -9999 -9999 -9999 -9999 -9999 -9999 -9999 -9999 -9999 -9999
-9999 -9999 -9999 -9999 -9999 39 47 35 36 27 27 27 23 28 22 25 9 -0 -5 -20 -41 -43 -39 -33 -41 -42 -52 -51 -54 -51 -54 -52 -56 -72 -77 -78 -68 -66 -68 -72 -68 -52 -53 -69 -71 -67 -60 -59 -59 -55 -52 -48 -50 -54 -50 -57 -54 -50 -46 -43 -39 -42 -42 -38 -41 -42 -41 -39 -37 -36 -34 -34 -37 -39 -35 -34 -34 -38 -32 -30 -32 -9999 -9999 -9999 -9999 -9999 -9999 -9999 -9999 -9999 -9999 -9999 -9999 -9999 -9999 -9999
-9999 -9999 -9999 -9999 -9999 48 38 30 16 14 10 16 17 7 25 -2 -6 -23 -32 -38 -38 -43 -47 -58 -59 -55 -51 -65 -72 -61 -55 -56 -55 -51 -62 -65 -70 -70 -67 -61 -53 -58 -57 -55 -62 -61 -62 -65 -66 -60 -57 -54 -49 -43 -42 -42 -47 -48 -47 -47 -43 -41 -43 -42 -41 -39 -38 -38 -40 -38 -34 -34 -32 -33 -36 -34 -32 -31 -28 -28 -27 -9999 -9999 -9999 -9999 -9999 -9999 -9999 -9999 -9999 -9999 -9999 -9999 -9999 -9999 -9999
-9999 -9999 -9999 -9999 52 48 44 36 35 30 30 18 12 6 10 4 -25 -24 -23 -13 -39 -30 -37 -55 -60 -71 -74 -78 -75 -66 -68 -60 -66 -60 -54 -55 -56 -65 -74 -70 -64 -55 -50 -48 -64 -63 -64 -66 -58 -66 -61 -64 -59 -47 -41 -40 -41 -46 -48 -50 -49 -46 -45 -43 -41 -37 -36 -33 -33 -38 -36 -38 -38 -33 -33 -36 -34 -29 -25 -25 -27 -9999 -9999 -9999 -9999 -9999 -9999 -9999 -9999 -9999 -9999 -9999 -9999 -9999 -9999 -9999
-9999 -9999 -9999 -9999 -9999 44 41 30 36 31 29 22 18 4 -8 -14 -2 -16 -9 -6 -8 -36 -45 -45 -62 -64 -68 -72 -71 -72 -68 -65 -66 -71 -64 -66 -64 -53 -65 -71 -69 -60 -50 -48 -57 -56 -52 -52 -53 -51 -55 -52 -53 -48 -39 -38 -41 -41 -42 -42 -40 -44 -42 -43 -42 -35 -32 -34 -32 -31 -32 -30 -28 -30 -28 -31 -29 -26 -23 -9999 -9999 -9999 -9999 -9999 -9999 -9999 -9999 -9999 -9999 -9999 -9999 -9999 -9999 -9999 -9999 -9999
-9999 -9999 -9999 -9999 51 52 45 37 32 26 19 12 4 3 -10 16 -9 -5 5 2 -19 -25 -30 -53 -55 -56 -64 -68 -62 -61 -67 -69 -71 -69 -66 -62 -55 -48 -52 -68 -64 -66 -63 -46 -40 -47 -48 -49 -56 -46 -43 -44 -43 -47 -44 -40 -37 -36 -34 -34 -32 -35 -36 -32 -32 -31 -29 -33 -32 -32 -31 -32 -32 -28 -25 -25 -24 -23 -20 -20 -9999 -9999 -9999 -9999 -9999 -9999 -9999 -9999 -9999 -9999 -9999 -9999 -9999 -9999 -9999 -9999
-9999 -9999 -9999 -9999 48 45 39 38 36 33 25 6 -0 4 3 9 -14 -2 -6 -30 -24 -34 -44 -52 -59 -66 -67 -58 -58 -58 -56 -65 -67 -67 -69 -64 -60 -55 -39 -47 -52 -53 -54 -49 -37 -40 -45 -47 -45 -45 -39 -36 -38 -43 -44 -41 -39 -35 -32 -33 -31 -28 -22 -22 -28 -30 -30 -30 -32 -32 -31 -35 -35 -33 -32 -30 -23 -21 -19 -9999 -9999 -9999 -9999 -9999 -9999 -9999 -9999 -9999 -9999 -9999 -9999 -9999 -9999 -9999 -9999 -9999
-9999 -9999 -9999 -9999 49 48 44 35 26 16 2 4 -6 -12 -10 -21 -16 -20 -21 -33 -47 -57 -61 -63 -66 -61 -61 -65 -64 -64 -63 -61 -62 -60 -60 -56 -49 -50 -49 -39 -34 -38 -43 -45 -36 -33 -35 -40 -39 -37 -34 -36 -38 -37 -38 -38 -36 -37 -31 -26 -28 -28 -25 -20 -20 -23 -24 -27 -30 -29 -28 -34 -33 -29 -27 -24 -20 -19 -17 -15 -9999 -9999 -9999 -9999 -9999 -9999 -9999 -9999 -9999 -9999 -9999 -9999 -9999 -9999 -9999 -9999
-9999 -9999 -9999 -9999 48 50 50 46 22 27 25 3 3 -14 -1 -5 -16 -30 -38 -52 -56 -56 -59 -56 -59 -63 -59 -59 -57 -57 -62 -68 -65 -57 -53 -53 -48 -39 -43 -40 -31 -27 -25 -27 -33 -35 -29 -30 -31 -29 -31 -34 -30 -33 -36 -35 -31 -30 -28 -26 -25 -27 -28 -26 -22 -21 -24 -27 -25 -25 -23 -23 -26 -26 -24 -20 -18 -17 -15 -14 -9999 -9999 -9999 -9999 -9999 -9999 -9999 -9999 -9999 -9999 -9999 -9999 -9999 -9999 -9999 -9999
-9999 -9999 -9999 -9999 48 49 50 47 43 31 20 10 7 0 0 -2 -9 -11 -41 -48 -63 -62 -62 -63 -55 -52 -54 -55 -60 -59 -54 -63 -64 -62 -49 -39 -42 -33 -37 -40 -40 -42 -37 -27 -35 -38 -35 -24 -22 -27 -34 -35 -31 -30 -25 -29 -32 -31 -27 -25 -24 -22 -20 -24 -22 -20 -20 -23 -21 -19 -19 -23 -21 -20 -17 -15 -14 -14 -13 -12 -11 -11 -10 -10 -9999 -9999 -8 -9999 -9999 -9999 -9999 -9999 -9999 -9999 -9999 -9999
-9999 -9999 -9999 -9999 -9999 50 49 47 36 26 24 3 0 3 -4 -3 -8 -39 -32 -46 -51 -57 -56 -58 -58 -57 -57 -57 -58 -62 -65 -57 -54 -51 -53 -51 -35 -36 -25 -37 -43 -40 -31 -26 -30 -24 -30 -26 -21 -26 -26 -27 -27 -22 -21 -21 -25 -27 -24 -25 -23 -21 -20 -18 -20 -19 -25 -22 -18 -17 -16 -15 -15 -17 -16 -14 -13 -13 -12 -11 -11 -10 -10 -9 -8 -6 -6 -9999 -9999 -9999 -9999 -9999 -9999 -6 -6 -7
-9999 -9999 -9999 -9999 -9999 50 48 48 39 33 25 17 19 1 -20 -16 -39 -44 -48 -55 -58 -58 -59 -59 -59 -60 -60 -61 -58 -55 -55 -57 -55 -44 -35 -31 -29 -24 -28 -34 -33 -31 -23 -21 -22 -19 -20 -24 -18 -24 -22 -26 -20 -18 -15 -21 -17 -19 -21 -22 -22 -25 -21 -20 -18 -16 -16 -18 -17 -16 -17 -14 -12 -14 -12 -12 -10 -10 -10 -10 -9 -9 -8 -8 -6 -5 -4 -3 -1 -9999 -9999 -9999 -9999 -4 -5 -6
-9999 -9999 -9999 -9999 -9999 -9999 50 46 43 34 32 32 5 -12 -38 -17 -42 -50 -54 -55 -57 -57 -58 -59 -59 -58 -59 -59 -52 -56 -44 -46 -39 -30 -25 -24 -16 -12 -29 -26 -22 -20 -16 -16 -16 -19 -22 -23 -18 -18 -18 -22 -19 -16 -11 -15 -16 -13 -15 -17 -19 -16 -18 -18 -18 -17 -15 -13 -12 -10 -12 -13 -10 -8 -9 -8 -8 -8 -8 -7 -7 -6 -6 -5 -3 -2 -1 0 0 1 -9999 -9999 -9999 -9999 -5 -5
-9999 -9999 -9999 -9999 -9999 -9999 47 47 32 35 23 11 4 -17 -15 -15 -34 -39 -53 -53 -52 -54 -63 -57 -52 -54 -54 -55 -42 -40 -43 -43 -31 -30 -22 -16 -28 -16 -14 -9 -6 -13 -12 -14 -15 -15 -17 -15 -12 -11 -11 -14 -16 -13 -10 -10 -13 -10 -14 -16 -14 -14 -12 -12 -12 -10 -13 -14 -12 -11 -7 -6 -6 -5 -5 -5 -5 -5 -6 -5 -4 -4 -3 -0 1 2 2 3 3 3 3 -9999 -9999 -9999 -9999 -9999
-9999 -9999 -9999 -9999 -9999 -9999 -9999 45 42 40 35 21 15 -9 -13 -22 -22 -43 -46 -44 -38 -35 -45 -50 -40 -46 -51 -46 -43 -39 -24 -33 -32 -24 -17 -9 -15 -3 -3 1 1 -5 -9 -8 -8 -11 -11 -13 -10 -7 -6 -7 -12 -13 -8 -6 -6 -9 -10 -9 -9 -10 -9 -7 -7 -9 -3 -5 -4 -3 -3 -3 -3 -2 -1 -1 -1 -0 -1 -0 0 0 2 3 6 6 5 5 6 5 4 4 -9999 -9999 -9999 -9999
-9999 -9999 -9999 -9999 -9999 -9999 -9999 45 42 31 29 20 7 5 1 -8 -13 -30 -39 -40 -36 -51 -37 -27 -33 -32 -33 -29 -35 -27 -17 -11 -22 -21 -11 -12 -4 2 6 3 8 5 1 -1 -4 -5 -7 -6 -7 -10 -7 -1 -3 -3 -4 -3 -2 -2 -2 -4 -4 -3 -6 -6 -5 -1 -0 3 2 2 2 2 3 3 3 4 3 4 4 4 4 5 7 9 11 10 8 8 7 7 -9999 -9999 -9999 -9999 -9999 -9999
-9999 -9999 -9999 -9999 -9999 -9999 -9999 44 40 37 28 25 24 16 4 -9 -30 -35 -41 -37 -31 -41 -31 -21 -16 -10 -13 -12 -15 -20 -5 -4 -18 -17 -16 -2 5 11 16 16 16 12 7 6 2 -1 -0 0 -2 -5 -6 -6 -1 -0 -1 0 1 1 2 2 0 -0 -0 -1 0 -1 5 7 7 7 6 6 6 6 6 6 6 7 7 8 9 10 11 13 14 13 13 12 11 10 -9999 -9999 -9999 -9999 -9999 -9999
-9999 -9999 -9999 -9999 -9999 47 -9999 43 40 37 37 34 26 15 2 -14 -27 -32 -32 -32 -22 -27 -26 -22 -12 -28 -11 -17 -9 -8 1 4 8 6 3 10 13 19 22 21 20 19 17 11 6 3 3 2 2 1 -1 -0 2 1 3 4 4 4 5 5 5 2 3 3 3 7 10 10 10 9 9 9 7 7 7 7 7 7 8 9 11 12 14 14 16 15 14 13 13 11 -9999 -9999 -9999 -9999 -9999 -9999
-9999 -9999 -9999 -9999 -9999 -9999 -9999 43 41 38 35 35 20 11 4 -10 -20 -15 -30 -31 -25 -12 -23 -18 -13 -13 -8 -9 -6 3 9 9 12 14 14 17 21 25 27 -9999 26 23 20 17 14 7 5 4 3 4 1 2 5 5 5 5 5 5 6 6 6 5 5 6 8 10 10 10 9 9 9 9 9 9 9 10 10 12 12 13 12 14 14 15 16 17 16 -9999 -9999 -9999 -9999 -9999 -9999 -9999 -9999 -9999
-9999 -9999 -9999 -9999 -9999 -9999 -9999 -9999 -9999 36 33 29 25 11 -8 -17 -14 -12 -20 -22 -21 -9 -4 -14 -11 -5 -0 8 0 6 14 15 17 18 21 23 25 -9999 -9999 -9999 -9999 -9999 24 21 15 11 7 6 6 5 6 7 8 7 7 6 6 6 6 7 5 5 4 5 5 8 6 7 8 8 10 10 10 11 12 13 13 14 15 15 16 16 16 16 17 17 17 -9999 -9999 -9999 -9999 -9999 -9999 -9999 -9999 -9999
-9999 -9999 -9999 -9999 -9999 -9999 -9999 -9999 -9999 36 32 24 16 10 0 -3 3 -9 -14 -16 -9 -8 0 -6 0 3 9 11 10 14 20 22 23 -9999 -9999 -9999 -9999 -9999 -9999 -9999 -9999 -9999 25 23 17 14 11 10 8 6 10 10 10 9 8 8 8 7 7 7 6 4 5 4 6 9 6 8 10 10 11 11 10 10 12 13 14 16 17 17 17 17 17 17 -9999 -9999 -9999 -9999 -9999 -9999 -9999 -9999 -9999 -9999 -9999 -9999
-9999 -9999 -9999 -9999 -9999 -9999 -9999 -9999 -9999 35 29 27 26 13 10 8 10 5 -1 -7 3 5 10 4 7 15 15 14 19 22 23 -9999 -9999 -9999 -9999 -9999 -9999 -9999 -9999 -9999 -9999 -9999 -9999 23 21 17 14 13 11 12 12 12 11 10 9 9 6 7 6 7 6 6 6 8 9 9 9 10 11 10 11 14 14 16 16 16 16 17 18 -9999 -9999 -9999 -9999 -9999 -9999 -9999 -9999 -9999 -9999 -9999 -9999 -9999 -9999 -9999 -9999 -9999
-9999 -9999 -9999 -9999 -9999 -9999 -9999 -9999 -9999 -9999 -9999 34 29 25 19 21 18 16 8 12 14 13 13 15 16 17 17 23 24 26 -9999 -9999 -9999 -9999 -9999 -9999 -9999 -9999 -9999 -9999 -9999 -9999 -9999 24 22 20 17 15 15 14 14 14 12 10 10 9 7 5 -1 6 6 4 7 9 10 10 10 11 12 13 13 13 14 14 16 16 18 18 -9999 -9999 -9999 -9999 -9999 -9999 -9999 -9999 -9999 -9999 -9999 -9999 -9999 16 -9999 -9999 -9999 -9999
-9999 -9999 -9999 -9999 -9999 -9999 -9999 -9999 -9999 -9999 -9999 -9999 -9999 -9999 25 26 26 18 15 15 17 20 19 22 24 26 28 28 -9999 -9999 -9999 -9999 -9999 -9999 -9999 -9999 -9999 -9999 -9999 -9999 -9999 -9999 -9999 -9999 24 20 19 17 16 17 15 14 13 11 10 9 6 4 2 5 5 7 9 9 8 8 9 9 10 11 12 12 14 14 16 17 18 20 -9999 -9999 -9999 -9999 -9999 -9999 -9999 -9999 -9999 -9999 -9999 -9999 -9999 -9999 -9999 -9999 -9999 -9999
-9999 -9999 -9999 -9999 -9999 -9999 -9999 -9999 -9999 -9999 -9999 -9999 -9999 -9999 -9999 30 25 24 27 23 24 28 26 30 33 32 -9999 -9999 -9999 -9999 -9999 -9999 -9999 -9999 -9999 -9999 -9999 -9999 -9999 -9999 -9999 -9999 -9999 -9999 21 21 20 19 18 18 15 14 14 11 9 7 5 4 2 2 0 8 9 4 5 6 8 8 8 9 13 11 13 15 18 18 20 -9999 -9999 -9999 -9999 -9999 -9999 -9999 -9999 -9999 -9999 -9999 -9999 -9999 -9999 -9999 -9999 -9999 -9999 -9999
-9999 -9999 -9999 -9999 -9999 -9999 -9999 -9999 -9999 -9999 -9999 -9999 -9999 -9999 -9999 -9999 -9999 -9999 32 -9999 -9999 33 -9999 -9999 -9999 -9999 -9999 -9999 -9999 -9999 -9999 -9999 -9999 -9999 -9999 -9999 -9999 -9999 -9999 -9999 -9999 -9999 -9999 -9999 -9999 20 20 20 20 19 18 15 10 10 8 6 5 3 1 0 5 9 3 3 5 4 5 8 8 10 12 13 14 16 19 20 20 -9999 -9999 -9999 -9999 -9999 -9999 -9999 -9999 -9999 -9999 24 24 22 21 20 -9999 -9999 -9999 -9999
-9999 -9999 -9999 -9999 -9999 -9999 -9999 -9999 -9999 -9999 -9999 -9999 -9999 -9999 -9999 -9999 -9999 -9999 -9999 -9999 -9999 -9999 -9999 -9999 -9999 -9999 -9999 -9999 -9999 -9999 -9999 -9999 -9999 -9999 -9999 -9999 -9999 -9999 34 35 -9999 -9999 -9999 -9999 -9999 19 19 22 22 21 17 14 11 9 8 5 5 0 1 2 4 5 2 1 3 5 4 5 8 10 13 13 15 17 19 21 21 -9999 -9999 -9999 -9999 -9999 -9999 -9999 -9999 -9999 25 24 24 22 22 -9999 -9999 -9999 -9999 -9999
-9999 -9999 -9999 -9999 -9999 -9999 -9999 -9999 -9999 -9999 -9999 -9999 -9999 -9999 -9999 -9999 -9999 -9999 -9999 -9999 -9999 -9999 -9999 -9999 -9999 -9999 -9999 -9999 -9999 -9999 -9999 -9999 -9999 -9999 -9999 30 30 31 33 -9999 -9999 -9999 -9999 -9999 -9999 -9999 20 22 22 20 20 16 16 13 11 10 9 6 4 2 3 4 1 -0 3 6 6 7 8 10 12 14 16 18 20 22 22 -9999 -9999 -9999 -9999 -9999 -9999 -9999 26 25 25 25 24 -9999 -9999 -9999 -9999 -9999 -9999 -9999
-9999 -9999 -9999 -9999 -9999 -9999 -9999 -9999 -9999 -9999 -9999 -9999 -9999 -9999 -9999 -9999 -9999 -9999 -9999 -9999 -9999 -9999 -9999 -9999 -9999 -9999 -9999 -9999 -9999 -9999 -9999 -9999 -9999 -9999 28 29 29 29 30 32 -9999 -9999 -9999 -9999 -9999 -9999 -9999 23 24 22 20 20 16 12 12 11 8 8 6 4 6 5 4 4 4 6 7 8 10 12 14 15 16 18 20 22 23 -9999 24 -9999 -9999 -9999 -9999 -9999 27 25 24 23 24 24 -9999 -9999 -9999 -9999 -9999 -9999
-9999 -9999 -9999 -9999 -9999 -9999 -9999 -9999 -9999 -9999 -9999 -9999 -9999 -9999 -9999 -9999 -9999 -9999 -9999 -9999 -9999 -9999 -9999 -9999 -9999 -9999 -9999 -9999 -9999 -9999 -9999 -9999 27 27 28 28 27 28 29 30 -9999 28 27 26 -9999 -9999 -9999 -9999 23 22 20 19 16 15 15 13 12 11 9 9 9 7 7 6 6 6 6 6 8 11 13 16 17 19 21 22 -9999 23 24 -9999 -9999 -9999 -9999 -9999 26 25 25 25 25 -9999 -9999 -9999 -9999 -9999 -9999 -9999
-9999 -9999 -9999 -9999 -9999 -9999 -9999 -9999 -9999 -9999 -9999 -9999 -9999 -9999 -9999 -9999 -9999 -9999 -9999 -9999 -9999 -9999 -9999 -9999 -9999 -9999 32 31 31 30 29 27 26 26 27 27 28 28 29 -9999 -9999 -9999 -9999 -9999 -9999 -9999 -9999 -9999 -9999 23 23 21 20 18 17 15 13 12 12 11 11 9 8 7 8 9 8 6 8 11 13 16 19 20 23 23 -9999 24 24 -9999 -9999 -9999 -9999 -9999 -9999 26 25 -9999 -9999 -9999 -9999 -9999 -9999 -9999 -9999 -9999
