resultados/variables_proyeccion_tiempo/variables_futuro_ccsm_A1B/bio14.asc
ncols 330
nrows 228
xllcorner -12.000000
yllcorner 34.000000
cellsize 0.166667
NODATA_value -9999
[rows 147 to 195 of 228, columns 0 to 95 of 330]
-9999 -9999 -9999 -9999 -9999 -9999 -9999 -9999 -9999 -9999 -9999 -9999 -9999 -9999 -9999 -9999 -9999 -9999 -9999 -9999 -9999 -9999 -9999 -9999 -9999 -9999 -9999 -9999 -9999 -9999 -9999 -9999 -9999 -9999 -9999 -9999 -9999 -9999 -9999 -9999 -9999 -9999 -9999 -9999 -9999 -9999 -9999 -9999 -9999 -9999 -9999 -9999 30 30 30 -9999 -9999 32 32 32 32 31 30 31 30 30 30 30 30 31 32 33 34 35 35 35 36 37 37 37 37 38 38 39 40 42 45 47 47 45 45 46 44 44 45 46
-9999 -9999 -9999 -9999 -9999 -9999 -9999 -9999 -9999 -9999 -9999 -9999 -9999 -9999 -9999 -9999 -9999 -9999 -9999 -9999 -9999 -9999 -9999 -9999 -9999 -9999 -9999 -9999 -9999 -9999 -9999 -9999 -9999 -9999 -9999 -9999 -9999 -9999 -9999 -9999 -9999 -9999 -9999 -9999 -9999 -9999 -9999 -9999 -9999 -9999 -9999 -9999 29 29 -9999 -9999 -9999 31 31 32 31 31 31 30 31 31 31 31 31 31 32 32 33 34 35 36 37 37 38 39 38 37 38 39 40 43 46 47 47 45 45 47 46 45 46 50
-9999 -9999 -9999 -9999 -9999 -9999 -9999 -9999 -9999 -9999 -9999 -9999 -9999 -9999 -9999 -9999 -9999 -9999 -9999 -9999 -9999 -9999 -9999 -9999 -9999 -9999 -9999 -9999 -9999 -9999 -9999 -9999 -9999 -9999 -9999 -9999 -9999 -9999 -9999 -9999 -9999 -9999 -9999 -9999 -9999 -9999 -9999 -9999 -9999 -9999 -9999 -9999 -9999 -9999 -9999 -9999 -9999 -9999 31 32 31 31 31 31 30 31 31 32 33 32 32 32 34 34 34 36 37 38 39 39 40 39 38 39 40 41 43 44 46 46 46 46 48 46 47 50
-9999 -9999 -9999 -9999 -9999 -9999 -9999 -9999 -9999 -9999 -9999 -9999 -9999 -9999 -9999 -9999 -9999 -9999 -9999 -9999 -9999 -9999 -9999 -9999 -9999 -9999 -9999 -9999 -9999 -9999 -9999 -9999 -9999 -9999 -9999 -9999 -9999 -9999 -9999 -9999 -9999 -9999 -9999 -9999 -9999 -9999 -9999 -9999 -9999 -9999 -9999 -9999 -9999 -9999 -9999 -9999 -9999 -9999 30 31 31 32 31 31 31 31 32 33 33 34 33 33 33 34 35 35 37 39 40 40 40 40 40 39 40 41 44 44 46 46 44 44 46 45 45 50
-9999 -9999 -9999 -9999 -9999 -9999 -9999 -9999 -9999 -9999 -9999 -9999 -9999 -9999 -9999 -9999 -9999 -9999 -9999 -9999 -9999 -9999 -9999 -9999 -9999 -9999 -9999 -9999 -9999 -9999 -9999 -9999 -9999 -9999 -9999 -9999 -9999 -9999 -9999 -9999 -9999 -9999 -9999 -9999 -9999 -9999 -9999 -9999 -9999 -9999 -9999 -9999 -9999 -9999 -9999 -9999 -9999 -9999 -9999 30 31 32 31 31 31 30 31 33 34 35 34 34 34 34 35 36 38 39 40 40 40 40 40 41 42 42 43 45 46 45 44 44 44 44 45 47
-9999 -9999 -9999 -9999 -9999 -9999 -9999 -9999 -9999 -9999 -9999 -9999 -9999 -9999 -9999 -9999 -9999 -9999 -9999 -9999 -9999 -9999 -9999 -9999 -9999 -9999 -9999 -9999 -9999 -9999 -9999 -9999 -9999 -9999 -9999 -9999 -9999 -9999 -9999 -9999 -9999 -9999 -9999 -9999 -9999 -9999 -9999 -9999 -9999 -9999 -9999 -9999 -9999 -9999 -9999 -9999 -9999 -9999 -9999 -9999 31 31 31 31 30 30 31 31 33 35 35 36 35 35 36 37 38 40 41 41 41 42 42 42 43 44 45 45 46 45 44 43 44 44 44 46
-9999 -9999 -9999 -9999 -9999 -9999 -9999 -9999 -9999 -9999 -9999 -9999 -9999 -9999 -9999 -9999 -9999 -9999 -9999 -9999 -9999 -9999 -9999 -9999 -9999 -9999 -9999 -9999 -9999 -9999 -9999 -9999 -9999 -9999 -9999 -9999 -9999 -9999 -9999 -9999 -9999 -9999 -9999 -9999 -9999 -9999 -9999 -9999 -9999 -9999 -9999 -9999 -9999 -9999 -9999 -9999 -9999 -9999 -9999 -9999 -9999 30 30 30 29 29 30 30 32 32 34 35 36 36 37 38 39 41 42 43 45 45 46 46 47 48 47 44 44 43 44 43 43 43 44 43
-9999 -9999 -9999 -9999 -9999 -9999 -9999 -9999 -9999 -9999 -9999 -9999 -9999 -9999 -9999 -9999 -9999 -9999 -9999 -9999 -9999 -9999 -9999 -9999 -9999 -9999 -9999 -9999 -9999 -9999 -9999 -9999 -9999 -9999 -9999 -9999 -9999 -9999 -9999 -9999 -9999 -9999 -9999 -9999 -9999 -9999 -9999 -9999 -9999 -9999 -9999 -9999 -9999 -9999 -9999 -9999 -9999 -9999 -9999 -9999 -9999 -9999 29 30 29 30 30 31 32 32 34 36 36 37 38 40 42 44 45 47 48 48 49 48 49 49 48 45 44 43 41 40 42 42 44 42
-9999 -9999 -9999 -9999 -9999 -9999 -9999 -9999 -9999 -9999 -9999 -9999 -9999 -9999 -9999 -9999 -9999 -9999 -9999 -9999 -9999 -9999 -9999 -9999 -9999 -9999 -9999 -9999 -9999 -9999 -9999 -9999 -9999 -9999 -9999 -9999 -9999 -9999 -9999 -9999 -9999 -9999 -9999 -9999 -9999 -9999 -9999 -9999 -9999 -9999 -9999 -9999 -9999 -9999 -9999 -9999 -9999 -9999 -9999 -9999 -9999 -9999 -9999 30 -9999 30 31 33 34 34 35 36 37 38 40 42 43 46 47 50 51 51 51 52 49 50 49 45 45 41 38 38 40 42 46 42
-9999 -9999 -9999 -9999 -9999 -9999 -9999 -9999 -9999 -9999 -9999 -9999 -9999 -9999 -9999 -9999 -9999 -9999 -9999 -9999 -9999 -9999 -9999 -9999 -9999 -9999 -9999 -9999 -9999 -9999 -9999 -9999 -9999 -9999 -9999 -9999 -9999 -9999 -9999 -9999 -9999 -9999 -9999 -9999 -9999 -9999 -9999 -9999 -9999 -9999 -9999 -9999 -9999 -9999 -9999 -9999 -9999 -9999 -9999 -9999 -9999 -9999 -9999 30 30 31 32 33 35 35 36 36 37 38 40 42 44 47 50 53 52 52 53 54 53 52 50 45 41 42 33 32 34 39 45 42
-9999 -9999 -9999 -9999 -9999 -9999 -9999 -9999 -9999 -9999 -9999 -9999 -9999 -9999 -9999 -9999 -9999 -9999 -9999 -9999 -9999 -9999 -9999 -9999 -9999 -9999 -9999 -9999 -9999 -9999 -9999 -9999 -9999 -9999 -9999 -9999 -9999 -9999 -9999 -9999 -9999 -9999 -9999 -9999 -9999 -9999 -9999 -9999 -9999 -9999 -9999 -9999 -9999 -9999 -9999 -9999 -9999 -9999 -9999 -9999 -9999 -9999 -9999 -9999 31 32 33 35 36 36 36 37 38 39 41 44 46 49 52 53 53 51 53 55 58 55 50 46 46 45 32 28 32 34 46 41
-9999 -9999 -9999 -9999 -9999 -9999 -9999 -9999 -9999 -9999 -9999 -9999 -9999 -9999 -9999 -9999 -9999 -9999 -9999 -9999 -9999 -9999 -9999 -9999 -9999 -9999 -9999 -9999 -9999 -9999 -9999 -9999 -9999 -9999 -9999 -9999 -9999 -9999 -9999 -9999 -9999 -9999 -9999 -9999 -9999 -9999 -9999 -9999 -9999 -9999 -9999 -9999 -9999 -9999 -9999 -9999 -9999 -9999 -9999 -9999 -9999 -9999 -9999 -9999 -9999 33 34 36 37 37 37 37 38 40 42 43 47 50 52 53 53 53 52 57 58 52 48 45 54 50 34 29 32 39 40 51
-9999 -9999 -9999 -9999 -9999 -9999 -9999 -9999 -9999 -9999 -9999 -9999 -9999 -9999 -9999 -9999 -9999 -9999 -9999 -9999 -9999 -9999 -9999 -9999 -9999 -9999 -9999 -9999 -9999 -9999 -9999 -9999 -9999 -9999 -9999 -9999 -9999 -9999 -9999 -9999 -9999 -9999 -9999 -9999 -9999 -9999 -9999 -9999 -9999 -9999 -9999 -9999 -9999 -9999 -9999 -9999 -9999 -9999 -9999 -9999 -9999 -9999 -9999 -9999 -9999 35 36 37 37 38 38 39 40 40 42 43 44 47 49 50 51 50 51 53 52 50 44 43 48 51 41 29 32 39 35 42
-9999 -9999 -9999 -9999 -9999 -9999 -9999 -9999 -9999 -9999 -9999 -9999 -9999 -9999 -9999 -9999 -9999 -9999 -9999 -9999 -9999 -9999 -9999 -9999 -9999 -9999 -9999 -9999 -9999 -9999 -9999 -9999 -9999 -9999 -9999 -9999 -9999 -9999 -9999 -9999 -9999 -9999 -9999 -9999 -9999 -9999 -9999 -9999 -9999 -9999 -9999 -9999 -9999 -9999 -9999 -9999 -9999 -9999 -9999 -9999 -9999 -9999 -9999 -9999 -9999 36 37 37 38 39 39 40 39 40 42 43 44 44 46 47 45 48 48 50 49 48 47 51 49 49 39 33 29 33 38 35
-9999 -9999 -9999 -9999 -9999 -9999 -9999 -9999 -9999 -9999 -9999 -9999 -9999 -9999 -9999 -9999 -9999 -9999 -9999 -9999 -9999 -9999 -9999 -9999 -9999 -9999 -9999 -9999 -9999 -9999 -9999 -9999 -9999 -9999 -9999 -9999 -9999 -9999 -9999 -9999 -9999 -9999 -9999 -9999 -9999 -9999 -9999 -9999 -9999 -9999 -9999 -9999 -9999 -9999 -9999 -9999 -9999 -9999 -9999 -9999 -9999 -9999 -9999 -9999 38 38 39 39 39 39 39 39 40 41 42 43 45 46 45 45 45 45 46 46 48 49 50 52 56 45 39 40 34 33 34 31
-9999 -9999 -9999 -9999 -9999 -9999 -9999 -9999 -9999 -9999 -9999 -9999 -9999 -9999 -9999 -9999 -9999 -9999 -9999 -9999 -9999 -9999 -9999 -9999 -9999 -9999 -9999 -9999 -9999 -9999 -9999 -9999 -9999 -9999 -9999 -9999 -9999 -9999 -9999 -9999 -9999 -9999 -9999 -9999 -9999 -9999 -9999 -9999 -9999 -9999 -9999 -9999 -9999 -9999 -9999 -9999 -9999 -9999 -9999 -9999 -9999 -9999 -9999 -9999 40 40 40 40 39 39 39 40 40 41 41 43 44 44 44 45 44 44 43 44 50 48 48 47 46 43 39 38 44 38 40 38
-9999 -9999 -9999 -9999 -9999 -9999 -9999 -9999 -9999 -9999 -9999 -9999 -9999 -9999 -9999 -9999 -9999 -9999 -9999 -9999 -9999 -9999 -9999 -9999 -9999 -9999 -9999 -9999 -9999 -9999 -9999 -9999 -9999 -9999 -9999 -9999 -9999 -9999 -9999 -9999 -9999 -9999 -9999 -9999 -9999 -9999 -9999 -9999 -9999 -9999 -9999 -9999 -9999 -9999 -9999 -9999 -9999 -9999 -9999 -9999 -9999 -9999 -9999 -9999 41 41 42 41 41 41 42 41 42 41 42 42 44 45 46 44 45 45 45 46 47 45 48 44 44 47 45 42 43 48 41 47
-9999 -9999 -9999 -9999 -9999 -9999 -9999 -9999 -9999 -9999 -9999 -9999 -9999 -9999 -9999 -9999 -9999 -9999 -9999 -9999 -9999 -9999 -9999 -9999 -9999 -9999 -9999 -9999 -9999 -9999 -9999 -9999 -9999 -9999 -9999 -9999 -9999 -9999 -9999 -9999 -9999 -9999 -9999 -9999 -9999 -9999 -9999 -9999 -9999 -9999 -9999 -9999 -9999 -9999 -9999 -9999 -9999 -9999 -9999 -9999 -9999 -9999 -9999 -9999 42 42 42 43 42 42 41 41 41 41 42 43 43 45 46 45 45 46 44 42 41 42 42 42 42 45 49 42 42 48 50 47
-9999 -9999 -9999 -9999 -9999 -9999 -9999 -9999 -9999 -9999 -9999 -9999 -9999 -9999 -9999 -9999 -9999 -9999 -9999 -9999 -9999 -9999 -9999 -9999 -9999 -9999 -9999 -9999 -9999 -9999 -9999 -9999 -9999 -9999 -9999 -9999 -9999 -9999 -9999 -9999 -9999 -9999 -9999 -9999 -9999 -9999 -9999 -9999 -9999 -9999 -9999 -9999 -9999 -9999 -9999 -9999 -9999 -9999 -9999 -9999 -9999 -9999 -9999 -9999 42 43 43 43 43 43 43 43 41 41 41 42 43 44 45 45 44 43 43 43 43 45 44 44 43 40 40 40 41 45 52 47
-9999 -9999 -9999 -9999 -9999 -9999 -9999 -9999 -9999 -9999 -9999 -9999 -9999 -9999 -9999 -9999 -9999 -9999 -9999 -9999 -9999 -9999 -9999 -9999 -9999 -9999 -9999 -9999 -9999 -9999 -9999 -9999 -9999 -9999 -9999 -9999 -9999 -9999 -9999 -9999 -9999 -9999 -9999 -9999 -9999 -9999 -9999 -9999 -9999 -9999 -9999 -9999 -9999 -9999 -9999 -9999 -9999 -9999 -9999 -9999 -9999 -9999 -9999 -9999 43 44 44 44 44 44 43 43 42 42 42 42 43 44 44 43 42 42 43 42 43 45 46 45 47 45 41 42 46 46 44 39
-9999 -9999 -9999 -9999 -9999 -9999 -9999 -9999 -9999 -9999 -9999 -9999 -9999 -9999 -9999 -9999 -9999 -9999 -9999 -9999 -9999 -9999 -9999 -9999 -9999 -9999 -9999 -9999 -9999 -9999 -9999 -9999 -9999 -9999 -9999 -9999 -9999 -9999 -9999 -9999 -9999 -9999 -9999 -9999 -9999 -9999 -9999 -9999 -9999 -9999 -9999 -9999 -9999 -9999 -9999 -9999 -9999 -9999 -9999 -9999 -9999 -9999 -9999 -9999 45 45 45 45 44 43 42 43 43 41 42 42 42 42 41 40 40 40 42 39 40 40 41 43 44 41 40 42 47 48 36 33
-9999 -9999 -9999 -9999 -9999 -9999 -9999 -9999 -9999 -9999 -9999 -9999 -9999 -9999 -9999 -9999 -9999 -9999 -9999 -9999 -9999 -9999 -9999 -9999 -9999 -9999 -9999 -9999 -9999 -9999 -9999 -9999 -9999 -9999 -9999 -9999 -9999 -9999 -9999 -9999 -9999 -9999 -9999 -9999 -9999 -9999 -9999 -9999 -9999 -9999 -9999 -9999 -9999 -9999 -9999 -9999 -9999 -9999 -9999 -9999 -9999 -9999 -9999 48 47 47 45 44 43 42 42 42 42 41 42 42 42 43 42 40 39 39 38 37 36 37 39 39 36 37 40 41 39 34 30 28
-9999 -9999 -9999 -9999 -9999 -9999 -9999 -9999 -9999 -9999 -9999 -9999 -9999 -9999 -9999 -9999 -9999 -9999 -9999 -9999 -9999 -9999 -9999 26 27 26 24 23 -9999 -9999 -9999 -9999 -9999 -9999 -9999 -9999 -9999 -9999 -9999 -9999 -9999 -9999 -9999 -9999 -9999 -9999 -9999 -9999 -9999 -9999 -9999 -9999 -9999 -9999 -9999 -9999 -9999 -9999 -9999 -9999 -9999 -9999 -9999 51 49 46 44 43 42 42 41 41 41 42 42 42 42 42 43 40 39 38 37 36 36 36 40 44 45 41 37 34 32 30 28 26
-9999 -9999 -9999 -9999 -9999 -9999 -9999 -9999 -9999 -9999 -9999 -9999 -9999 -9999 -9999 -9999 -9999 -9999 -9999 -9999 -9999 -9999 23 25 26 29 28 24 23 23 23 24 27 29 30 31 31 32 32 32 31 -9999 -9999 -9999 -9999 -9999 -9999 -9999 -9999 -9999 -9999 -9999 -9999 -9999 -9999 -9999 -9999 -9999 -9999 -9999 -9999 -9999 56 54 49 46 44 43 43 42 42 41 41 42 42 43 43 43 42 42 39 38 38 36 34 33 39 45 45 41 31 27 24 25 24 23
-9999 -9999 -9999 -9999 -9999 -9999 -9999 -9999 -9999 -9999 -9999 -9999 -9999 -9999 -9999 -9999 -9999 -9999 -9999 -9999 -9999 21 23 27 28 28 30 27 24 24 27 26 28 30 30 30 33 32 34 31 31 29 30 33 29 28 30 31 32 34 36 36 36 38 39 42 44 42 -9999 -9999 59 54 57 55 50 47 45 43 42 42 43 44 42 43 43 44 44 44 45 42 41 40 38 36 40 46 43 39 34 27 23 22 22 22 22 -9999
-9999 -9999 -9999 -9999 -9999 -9999 -9999 -9999 -9999 -9999 -9999 -9999 -9999 -9999 -9999 -9999 -9999 17 19 21 23 24 23 26 27 25 24 25 24 27 24 29 27 27 30 32 33 31 32 33 34 35 40 39 33 32 32 31 32 36 38 36 38 37 37 39 44 46 48 50 54 56 56 54 51 47 44 43 42 41 42 44 43 44 46 47 47 47 45 44 43 41 40 37 32 29 27 24 23 21 21 21 20 20 -9999 -9999
-9999 -9999 -9999 -9999 -9999 -9999 -9999 -9999 -9999 -9999 -9999 -9999 -9999 -9999 -9999 -9999 15 18 21 25 27 26 26 27 27 24 22 23 25 26 22 27 27 33 33 37 33 33 35 38 37 38 41 40 34 40 37 34 34 36 38 38 36 36 37 41 41 42 45 48 52 52 53 54 52 53 47 48 50 50 49 46 50 50 52 50 49 48 49 48 46 45 44 42 37 33 36 29 24 21 20 -9999 -9999 -9999 -9999 -9999
-9999 -9999 -9999 -9999 -9999 -9999 -9999 -9999 -9999 -9999 -9999 -9999 -9999 -9999 -9999 -9999 12 19 21 23 24 26 25 25 25 23 21 20 23 21 23 28 28 31 33 34 33 33 32 34 32 33 35 40 37 36 34 32 32 32 32 32 35 36 37 36 37 41 43 45 47 46 47 50 50 52 56 65 59 68 74 62 77 73 66 62 64 64 58 53 58 52 55 50 48 39 44 36 28 22 18 -9999 -9999 -9999 -9999 -9999
-9999 -9999 -9999 -9999 -9999 -9999 -9999 -9999 -9999 -9999 -9999 -9999 -9999 -9999 -9999 -9999 -9999 15 18 21 22 23 24 24 24 22 21 20 23 23 26 21 18 24 28 27 25 22 19 21 24 27 28 29 29 29 28 29 29 30 31 30 31 31 30 31 35 36 38 39 40 40 41 40 42 44 46 52 64 74 77 83 83 79 79 73 70 84 81 73 74 66 64 65 62 56 45 32 24 18 17 -9999 -9999 -9999 -9999 -9999
-9999 -9999 -9999 -9999 -9999 -9999 -9999 -9999 -9999 -9999 -9999 -9999 -9999 -9999 -9999 -9999 -9999 14 17 19 23 26 26 24 24 19 18 16 20 23 17 11 11 17 20 20 18 14 12 16 20 23 24 24 24 24 25 26 27 27 27 27 27 28 25 27 29 29 28 29 31 33 37 36 35 38 37 38 42 49 55 60 61 69 75 80 81 86 74 71 87 79 81 82 73 64 52 44 28 20 19 -9999 -9999 -9999 -9999 -9999
-9999 -9999 -9999 -9999 -9999 -9999 -9999 -9999 -9999 -9999 -9999 -9999 -9999 -9999 -9999 -9999 -9999 -9999 16 20 22 24 23 19 17 18 17 17 15 16 14 16 22 25 19 17 16 14 14 16 19 19 20 21 21 21 22 22 24 24 25 26 26 27 25 22 24 21 22 24 26 28 29 29 32 35 37 34 37 37 45 47 42 47 54 62 61 68 63 67 55 71 68 59 74 76 65 51 39 31 24 17 -9999 -9999 -9999 -9999
-9999 -9999 -9999 -9999 -9999 -9999 -9999 -9999 -9999 -9999 -9999 -9999 -9999 -9999 -9999 -9999 -9999 -9999 15 18 20 20 21 15 15 16 19 23 22 16 23 27 23 22 18 15 15 15 15 17 17 17 18 18 18 18 19 20 21 22 24 28 34 35 33 29 31 31 29 24 23 23 25 25 26 27 28 26 28 32 38 40 37 38 40 47 49 47 54 53 46 64 61 57 52 51 47 46 36 26 20 21 -9999 -9999 -9999 -9999
-9999 -9999 -9999 -9999 -9999 -9999 -9999 -9999 -9999 -9999 -9999 -9999 -9999 -9999 -9999 -9999 -9999 -9999 18 16 14 15 18 21 19 17 17 19 19 17 23 21 16 16 14 13 13 13 13 14 15 15 15 15 16 16 16 18 18 20 22 24 27 32 34 36 37 35 33 29 24 22 21 23 22 22 23 21 21 20 22 24 27 30 37 38 42 39 41 37 41 43 44 34 37 42 48 45 37 26 20 18 -9999 -9999 -9999 -9999
-9999 -9999 -9999 -9999 -9999 -9999 -9999 -9999 -9999 -9999 -9999 -9999 -9999 -9999 -9999 -9999 -9999 -9999 12 12 16 14 18 17 20 20 16 13 14 14 14 14 12 13 13 13 12 11 12 12 13 14 14 14 14 14 15 16 17 18 20 23 24 27 30 30 30 30 32 29 26 23 21 18 18 21 22 19 20 19 19 22 22 23 28 30 33 32 29 30 34 34 31 29 34 38 44 44 32 29 21 18 -9999 -9999 -9999 -9999
-9999 -9999 -9999 -9999 -9999 -9999 -9999 -9999 -9999 -9999 -9999 -9999 -9999 -9999 -9999 -9999 -9999 -9999 8 11 10 11 14 17 18 18 14 12 12 11 13 10 10 11 12 12 10 10 10 11 12 13 13 12 12 13 14 14 15 16 17 18 21 23 25 26 27 26 28 29 33 32 23 19 17 16 18 18 20 20 18 19 19 20 19 21 21 23 26 30 33 35 30 29 36 41 45 35 27 26 19 -9999 -9999 -9999 -9999 -9999
-9999 -9999 -9999 -9999 -9999 -9999 -9999 -9999 -9999 -9999 -9999 -9999 -9999 -9999 -9999 -9999 -9999 -9999 -9999 9 9 9 10 13 14 13 12 12 9 9 10 10 9 10 10 10 9 9 9 10 11 11 12 11 12 13 13 13 14 15 16 18 18 20 21 22 24 24 25 27 28 27 21 18 17 18 17 17 17 18 19 19 19 18 17 17 19 22 26 32 35 31 32 31 32 30 31 31 24 -9999 -9999 -9999 -9999 -9999 -9999 -9999
-9999 -9999 -9999 -9999 -9999 -9999 -9999 -9999 -9999 -9999 -9999 -9999 -9999 -9999 -9999 -9999 -9999 -9999 -9999 9 10 9 10 11 10 15 13 10 9 8 9 9 9 9 9 9 9 8 9 10 10 10 10 10 11 12 12 13 13 16 16 17 19 20 21 22 22 24 23 23 23 21 19 18 17 17 18 17 16 16 17 17 17 17 17 19 22 25 27 26 30 29 27 27 26 25 -9999 -9999 -9999 -9999 -9999 -9999 -9999 -9999 -9999 -9999
-9999 -9999 -9999 -9999 -9999 -9999 -9999 -9999 -9999 -9999 -9999 -9999 -9999 -9999 -9999 -9999 -9999 -9999 -9999 10 11 11 10 10 13 10 9 9 9 7 8 9 8 8 9 9 9 10 10 9 10 10 10 10 10 11 11 12 12 14 16 23 23 24 21 22 24 24 21 21 21 19 18 19 18 18 17 17 17 16 15 14 15 16 16 15 20 25 24 19 22 23 24 24 23 -9999 -9999 -9999 -9999 -9999 -9999 -9999 -9999 -9999 -9999 -9999
-9999 -9999 -9999 -9999 -9999 -9999 -9999 -9999 -9999 -9999 -9999 -9999 -9999 -9999 -9999 -9999 -9999 -9999 -9999 -9999 11 11 11 11 12 10 10 9 8 7 7 7 8 8 9 8 9 9 9 10 10 10 10 10 11 11 11 12 15 19 20 21 19 20 19 20 22 24 26 27 26 22 20 17 18 19 17 18 18 18 16 16 16 16 17 14 17 18 17 17 18 -9999 -9999 -9999 -9999 -9999 -9999 -9999 -9999 -9999 -9999 -9999 -9999 -9999 -9999 -9999
-9999 -9999 -9999 -9999 -9999 -9999 -9999 -9999 -9999 -9999 -9999 -9999 -9999 -9999 -9999 -9999 -9999 -9999 -9999 11 11 12 13 13 13 13 10 10 9 7 8 8 8 8 9 9 9 10 9 9 10 10 11 11 12 12 12 13 21 18 13 14 14 14 16 19 21 23 24 27 26 24 20 17 16 21 19 18 20 21 19 20 19 19 16 16 16 16 -9999 -9999 -9999 -9999 -9999 -9999 -9999 -9999 -9999 -9999 -9999 -9999 -9999 -9999 -9999 -9999 -9999 -9999
-9999 -9999 -9999 -9999 -9999 -9999 -9999 -9999 -9999 -9999 -9999 -9999 -9999 -9999 -9999 -9999 -9999 -9999 -9999 11 11 12 12 11 11 10 10 10 8 8 8 7 8 9 9 9 10 11 10 9 10 12 13 13 13 15 16 18 19 13 10 11 12 13 16 18 18 21 24 27 28 26 24 17 20 22 24 25 24 24 22 24 26 25 16 14 14 13 -9999 -9999 -9999 -9999 -9999 -9999 -9999 -9999 -9999 -9999 -9999 -9999 -9999 -9999 -9999 -9999 -9999 -9999
-9999 -9999 -9999 -9999 -9999 -9999 -9999 -9999 -9999 -9999 -9999 -9999 -9999 -9999 -9999 -9999 -9999 -9999 -9999 10 10 10 13 11 10 9 9 9 9 9 9 8 8 8 10 10 10 10 10 12 13 15 15 15 15 16 16 12 12 10 9 10 10 13 15 16 18 20 23 28 32 34 30 22 18 20 25 28 32 32 25 26 22 17 14 15 13 -9999 -9999 -9999 -9999 -9999 -9999 -9999 -9999 -9999 -9999 -9999 -9999 -9999 -9999 -9999 -9999 -9999 -9999 -9999
-9999 -9999 -9999 -9999 -9999 -9999 -9999 -9999 -9999 -9999 -9999 -9999 -9999 -9999 -9999 -9999 -9999 -9999 -9999 9 10 10 10 9 9 9 13 9 9 9 9 8 9 9 9 8 8 11 12 14 18 18 17 15 14 11 11 10 10 10 9 9 12 12 14 14 16 17 21 26 32 36 32 25 19 19 28 33 41 36 27 24 18 16 13 -9999 -9999 -9999 -9999 -9999 -9999 -9999 -9999 -9999 -9999 -9999 -9999 -9999 -9999 -9999 -9999 -9999 -9999 -9999 -9999 -9999
-9999 -9999 -9999 -9999 -9999 -9999 -9999 -9999 -9999 -9999 -9999 -9999 -9999 -9999 -9999 -9999 -9999 -9999 8 8 9 10 9 9 10 10 11 8 8 8 8 9 8 7 6 6 9 14 16 16 18 12 12 9 10 10 9 10 10 10 9 10 11 12 12 14 16 17 21 25 31 34 33 29 22 21 24 25 31 30 24 18 16 14 12 -9999 -9999 -9999 -9999 -9999 -9999 -9999 -9999 -9999 -9999 -9999 -9999 -9999 -9999 -9999 -9999 -9999 -9999 -9999 -9999 -9999
-9999 -9999 -9999 -9999 -9999 -9999 -9999 -9999 -9999 -9999 -9999 -9999 -9999 -9999 -9999 -9999 -9999 -9999 6 8 8 9 10 10 10 8 9 8 7 7 6 6 5 6 6 6 8 8 6 6 6 6 8 9 7 8 9 9 9 9 8 10 10 11 13 15 16 18 20 22 27 28 28 28 21 33 32 24 22 21 18 16 14 -9999 -9999 -9999 -9999 -9999 -9999 -9999 -9999 -9999 -9999 -9999 -9999 -9999 -9999 -9999 -9999 -9999 -9999 -9999 -9999 -9999 3 3
-9999 -9999 -9999 -9999 -9999 -9999 -9999 -9999 -9999 -9999 -9999 -9999 -9999 -9999 -9999 -9999 -9999 -9999 5 7 8 8 8 8 9 8 7 7 6 6 6 5 5 5 5 5 5 5 5 5 5 6 6 6 6 7 8 8 8 8 9 10 10 11 12 13 14 17 18 20 22 22 26 25 23 25 28 26 19 19 15 13 12 -9999 -9999 -9999 -9999 -9999 -9999 -9999 -9999 -9999 -9999 -9999 -9999 -9999 -9999 -9999 6 8 5 5 -9999 -9999 -9999 3
-9999 -9999 -9999 -9999 -9999 -9999 -9999 -9999 -9999 -9999 -9999 -9999 -9999 -9999 -9999 -9999 -9999 3 4 6 7 6 6 7 7 7 6 6 5 6 5 5 5 5 4 4 5 5 5 5 5 6 6 7 7 7 8 8 8 8 8 8 9 10 11 12 13 15 15 18 19 20 20 22 22 19 18 18 17 15 13 12 -9999 -9999 -9999 -9999 -9999 -9999 -9999 -9999 -9999 -9999 -9999 -9999 -9999 -9999 -9999 8 8 6 4 4 4 -9999 -9999 -9999
-9999 -9999 -9999 -9999 -9999 -9999 -9999 -9999 -9999 -9999 -9999 -9999 -9999 -9999 -9999 -9999 -9999 3 4 6 6 5 5 5 6 6 5 6 5 5 5 5 5 4 4 4 4 5 5 7 7 6 7 8 8 9 8 9 8 8 8 8 8 8 10 11 12 14 14 15 16 17 16 18 18 20 17 13 12 11 11 -9999 -9999 -9999 -9999 -9999 -9999 -9999 -9999 -9999 -9999 -9999 -9999 -9999 -9999 -9999 6 6 4 5 4 4 3 -9999 -9999 -9999
-9999 -9999 -9999 -9999 -9999 -9999 -9999 -9999 -9999 -9999 -9999 -9999 -9999 -9999 -9999 1 2 2 4 4 4 4 5 5 5 5 6 6 6 6 5 5 4 4 4 4 4 5 6 7 5 5 5 6 6 7 7 8 8 7 7 7 7 8 8 9 10 11 12 12 13 14 14 13 14 16 16 13 11 10 9 -9999 -9999 -9999 -9999 -9999 -9999 -9999 -9999 -9999 -9999 -9999 -9999 -9999 -9999 -9999 4 5 4 4 4 4 -9999 -9999 -9999 -9999
