resultados/variables_proyeccion_tiempo/variables_futuro_ccsm_A1B/bio14.asc
ncols 330
nrows 228
xllcorner -12.000000
yllcorner 34.000000
cellsize 0.166667
NODATA_value -9999
[rows 147 to 195 of 228, columns 96 to 191 of 330]
46 44 44 46 51 52 49 50 52 55 59 63 63 62 62 62 60 61 59 62 55 57 60 60 59 60 64 66 68 68 65 65 65 65 66 64 64 60 63 62 60 60 59 54 64 59 54 50 52 55 58 64 67 73 79 76 82 88 88 84 83 85 82 78 72 64 53 49 51 54 48 46 39 38 36 32 30 30 30 29 28 28 31 32 32 32 33 32 32 32 30 29 29 29 28 28
52 49 46 47 51 50 48 50 53 56 59 60 64 65 68 69 69 73 75 71 67 62 55 57 62 64 63 69 66 68 72 73 75 63 64 67 67 71 66 63 56 56 60 54 51 55 62 53 63 61 58 61 65 66 71 76 84 87 87 87 84 80 74 70 61 56 62 48 47 44 40 37 35 34 33 30 30 30 29 28 27 30 35 34 33 32 32 32 32 31 30 28 29 29 28 28
54 48 46 49 51 48 49 50 53 57 59 62 66 69 75 77 81 77 68 53 54 55 64 69 65 63 65 78 83 85 82 87 71 72 76 59 67 70 62 56 60 64 79 62 52 67 62 66 74 77 77 74 80 76 76 80 83 81 80 79 76 72 67 73 64 66 48 41 38 37 36 37 36 35 33 31 30 30 30 30 30 33 34 33 32 32 32 32 32 31 30 29 29 29 29 28
51 48 50 49 48 47 49 51 54 57 62 70 75 75 82 83 67 50 49 51 55 61 66 79 85 77 88 84 94 104 94 97 85 60 61 66 76 76 61 64 84 77 72 66 44 56 64 47 68 72 68 59 69 60 68 70 73 74 78 78 72 64 57 68 60 61 59 42 37 37 39 40 39 37 35 33 33 32 33 34 33 34 34 33 32 32 32 32 33 32 31 30 30 29 29 29
48 49 49 50 48 48 51 52 54 60 68 71 80 82 80 57 56 54 54 65 74 57 73 81 89 97 111 102 107 104 90 75 62 67 71 85 71 63 66 49 80 74 61 41 45 40 42 34 40 43 51 52 54 54 63 63 68 71 75 73 64 56 48 57 54 57 61 45 42 42 42 41 40 38 36 36 36 35 36 36 35 34 34 34 32 32 32 32 33 32 31 31 30 30 29 29
46 47 50 49 49 50 51 53 56 64 68 77 85 89 64 54 58 62 65 84 83 86 92 101 122 112 118 104 109 97 107 95 83 69 84 70 72 62 59 51 47 41 37 35 35 36 51 44 48 50 44 47 52 56 57 63 69 75 73 68 61 52 53 54 57 55 56 55 54 49 46 44 41 39 39 38 38 38 38 38 37 36 36 34 33 32 32 33 34 33 32 31 31 31 30 29
44 46 50 51 52 50 52 54 60 65 69 77 83 62 52 50 57 56 79 82 99 104 113 121 106 109 113 96 100 81 95 85 78 80 83 86 70 64 53 82 56 38 33 35 31 37 44 43 42 38 41 46 48 55 62 66 70 72 72 72 69 69 69 69 67 64 59 63 60 52 48 45 44 43 42 41 40 40 40 40 39 38 37 35 33 33 33 34 34 34 33 33 32 31 31 30
44 46 53 54 50 51 53 55 60 66 75 78 59 56 71 82 91 64 79 73 68 81 90 92 104 95 95 81 74 76 71 68 59 67 65 56 46 37 45 55 38 34 38 33 30 34 37 40 38 43 46 48 58 65 72 70 73 76 73 74 74 68 65 68 68 66 62 59 56 53 52 49 48 45 44 43 42 41 41 41 40 39 39 36 34 33 34 35 35 35 35 34 33 32 31 30
40 45 53 51 47 52 55 56 61 71 71 63 64 67 67 68 81 102 65 90 109 121 117 123 109 71 80 68 66 67 65 63 56 55 52 51 45 37 44 50 32 38 40 36 34 36 40 46 54 53 51 67 78 78 76 73 72 74 75 75 75 73 70 69 70 70 69 64 63 58 51 48 47 45 45 45 44 44 42 41 41 40 39 38 36 35 36 37 37 36 36 35 34 33 32 31
39 44 49 47 48 52 55 56 63 71 65 60 59 71 85 81 81 110 110 113 118 115 120 114 87 75 62 61 65 68 62 60 54 50 48 42 40 39 37 35 33 41 39 32 34 35 43 52 57 66 72 76 77 76 74 73 70 68 71 74 78 77 77 76 75 72 69 66 61 58 53 53 50 47 46 46 46 46 44 43 42 41 40 39 37 37 38 38 38 37 37 36 35 34 33 32
37 40 48 49 47 50 53 56 57 61 57 59 69 72 70 84 107 104 96 73 84 79 92 93 74 57 56 60 65 68 66 63 58 53 48 45 44 40 40 39 42 38 35 40 50 51 56 58 60 63 67 70 72 72 72 71 67 65 70 73 78 80 82 83 82 79 74 72 72 66 57 51 49 47 47 47 48 47 46 45 44 43 42 40 39 39 39 40 40 39 38 37 36 35 34 33
37 39 47 50 48 51 56 58 58 56 62 58 65 58 72 87 85 102 109 112 111 103 70 69 49 49 52 56 61 65 65 63 60 55 50 48 48 47 47 48 45 43 41 48 55 56 56 56 56 57 60 63 66 68 69 -9999 -9999 64 64 73 78 80 84 85 84 82 81 70 69 63 60 56 53 50 50 50 51 49 48 47 50 48 45 43 41 41 41 42 42 41 39 38 36 36 34 34
40 41 49 56 49 51 56 59 60 59 64 66 59 70 88 80 104 108 115 102 82 63 46 43 44 46 50 53 57 60 60 59 58 55 51 50 50 51 51 49 47 44 46 51 54 54 53 53 53 53 53 58 -9999 -9999 -9999 -9999 -9999 62 66 69 77 79 79 83 83 82 80 74 70 67 65 61 58 56 53 52 52 52 51 52 52 48 48 46 44 43 43 43 43 42 40 39 37 36 35 34
36 44 55 53 47 48 54 58 55 59 60 62 87 79 75 98 96 101 108 85 55 41 41 40 42 45 48 49 51 52 53 53 50 47 46 48 50 52 52 50 48 46 46 49 52 52 51 51 51 50 -9999 -9999 -9999 -9999 -9999 -9999 -9999 58 63 67 66 74 -9999 72 80 84 79 73 71 70 69 65 63 63 60 56 55 54 53 53 51 50 48 47 46 45 45 45 44 43 41 40 39 37 36 35
42 48 54 53 47 44 46 48 59 65 52 76 78 95 100 94 89 84 70 58 44 40 39 38 39 42 43 44 45 46 47 46 40 36 36 40 46 51 51 51 49 47 46 46 47 47 47 48 48 47 47 -9999 -9999 -9999 -9999 -9999 -9999 54 54 59 59 69 65 65 65 75 74 74 71 69 68 68 67 64 61 60 59 59 57 54 52 51 50 48 47 46 46 46 45 44 43 41 40 39 40 39
50 53 51 49 47 40 47 59 65 63 54 69 85 96 102 81 82 96 76 51 42 41 38 36 36 36 38 39 41 43 45 46 41 32 28 33 40 46 48 48 49 48 47 45 43 42 42 43 44 44 45 44 -9999 -9999 -9999 -9999 -9999 -9999 40 40 49 48 55 64 64 69 71 69 72 72 64 65 65 64 64 63 60 60 59 57 55 53 52 50 50 49 48 47 46 45 44 42 40 39 39 38
51 52 49 45 39 39 43 47 53 60 59 61 65 79 90 71 83 84 80 48 39 38 36 33 31 32 34 36 39 42 47 52 45 43 42 37 38 43 44 44 45 46 47 44 42 39 40 41 42 42 44 -9999 -9999 -9999 -9999 -9999 -9999 -9999 -9999 31 -9999 33 46 -9999 57 71 75 65 67 70 68 64 68 67 67 64 61 60 60 58 57 55 54 52 51 51 50 50 49 48 46 44 43 42 41 39
49 42 37 41 35 37 44 50 51 55 55 60 50 59 62 66 79 93 77 55 39 34 32 31 33 32 33 37 42 42 46 47 48 46 42 40 44 44 44 43 43 44 45 45 44 42 41 41 40 39 -9999 -9999 -9999 -9999 -9999 -9999 -9999 -9999 -9999 -9999 -9999 -9999 37 -9999 -9999 56 69 64 61 64 65 66 61 64 66 66 62 62 62 60 58 56 54 54 54 53 52 52 51 50 49 48 47 46 43 40
39 34 35 35 32 35 41 44 45 49 45 46 47 48 58 68 71 77 64 54 37 31 31 30 32 30 32 38 37 33 38 38 41 41 42 41 48 45 45 44 45 45 46 46 47 46 43 41 40 37 -9999 -9999 -9999 -9999 -9999 -9999 -9999 -9999 -9999 -9999 -9999 -9999 -9999 37 42 51 52 61 64 61 61 62 59 59 63 67 64 62 62 59 60 60 58 56 55 55 55 54 54 53 52 51 49 47 46 42
34 31 32 30 29 29 33 39 43 46 43 38 45 52 53 67 72 65 67 59 47 44 50 41 33 30 24 -9999 -9999 -9999 -9999 34 31 34 34 33 36 45 48 46 46 44 44 46 47 46 44 41 39 37 36 -9999 -9999 -9999 -9999 -9999 -9999 -9999 -9999 -9999 -9999 -9999 -9999 37 38 41 46 47 49 55 54 54 56 58 61 62 64 64 61 61 61 62 58 58 58 59 58 58 57 56 54 52 52 52 49 45
29 31 30 29 26 26 27 36 41 43 43 37 36 38 46 51 53 51 48 57 62 46 47 34 23 20 -9999 -9999 -9999 -9999 -9999 -9999 -9999 24 28 27 32 39 38 42 43 44 44 44 45 47 47 44 41 39 37 37 -9999 -9999 -9999 -9999 -9999 -9999 -9999 -9999 -9999 -9999 -9999 -9999 -9999 39 40 44 44 46 48 44 45 48 58 60 62 63 66 64 56 60 62 58 58 60 62 60 60 61 59 57 54 53 53 52
27 27 26 25 24 23 24 27 30 32 30 29 32 38 41 42 36 33 29 29 34 28 27 21 19 -9999 -9999 -9999 -9999 -9999 -9999 -9999 -9999 -9999 -9999 -9999 25 27 31 33 35 35 37 39 41 44 47 47 46 44 44 42 41 42 41 -9999 -9999 -9999 -9999 -9999 -9999 -9999 -9999 -9999 -9999 -9999 38 40 41 43 41 39 41 43 47 58 55 59 64 62 63 59 66 62 57 57 62 66 64 63 62 59 58 55 54 51
24 23 23 21 21 21 22 23 25 26 23 26 27 31 33 33 35 34 26 20 23 21 20 -9999 -9999 -9999 -9999 -9999 -9999 -9999 -9999 -9999 -9999 -9999 -9999 -9999 -9999 24 25 28 28 31 33 34 37 43 43 48 50 51 48 47 48 46 46 44 -9999 -9999 -9999 -9999 -9999 -9999 -9999 -9999 -9999 -9999 -9999 37 36 40 38 36 38 41 46 45 50 54 56 57 62 58 55 58 62 64 60 65 62 61 60 58 59 58 57 54
22 21 20 19 18 18 17 18 20 21 22 21 21 22 23 20 18 17 17 -9999 -9999 -9999 -9999 -9999 -9999 -9999 -9999 -9999 -9999 -9999 -9999 -9999 -9999 -9999 -9999 -9999 -9999 21 23 25 27 30 31 34 36 37 41 43 44 50 52 52 54 51 49 47 44 39 -9999 -9999 -9999 -9999 -9999 -9999 -9999 -9999 -9999 -9999 -9999 -9999 37 36 37 37 39 42 43 49 51 54 59 62 54 60 57 64 64 61 58 60 61 59 57 59 60 60
-9999 20 19 17 16 16 14 15 16 17 19 18 16 14 13 13 12 15 -9999 -9999 -9999 -9999 -9999 -9999 -9999 -9999 -9999 -9999 -9999 -9999 -9999 -9999 -9999 -9999 -9999 16 -9999 -9999 22 25 26 30 29 32 33 35 36 39 44 46 50 53 55 52 52 49 45 42 41 -9999 -9999 -9999 -9999 -9999 -9999 -9999 -9999 -9999 -9999 -9999 -9999 -9999 32 31 32 37 40 42 47 46 49 52 51 55 56 59 62 64 59 59 61 60 62 59 62 61
-9999 -9999 -9999 -9999 -9999 -9999 -9999 -9999 14 14 16 17 13 12 13 11 10 -9999 -9999 -9999 -9999 -9999 -9999 -9999 -9999 -9999 -9999 -9999 -9999 -9999 -9999 -9999 -9999 -9999 -9999 -9999 -9999 -9999 19 20 24 27 28 28 29 31 34 37 42 43 46 50 53 53 53 48 45 44 42 -9999 -9999 -9999 -9999 -9999 -9999 -9999 -9999 -9999 -9999 -9999 -9999 -9999 -9999 -9999 31 36 39 34 46 46 41 42 43 48 55 56 59 60 65 62 65 61 61 61 60 61
-9999 -9999 -9999 -9999 -9999 -9999 -9999 -9999 -9999 -9999 10 11 10 10 9 -9999 -9999 -9999 -9999 -9999 -9999 -9999 -9999 -9999 -9999 -9999 -9999 -9999 -9999 -9999 -9999 -9999 -9999 -9999 13 -9999 -9999 -9999 -9999 18 19 23 24 24 25 28 31 34 37 40 43 46 51 54 53 51 47 45 44 42 -9999 -9999 -9999 -9999 -9999 -9999 -9999 -9999 -9999 -9999 22 -9999 25 22 -9999 38 34 36 32 41 39 36 36 40 48 51 57 57 61 62 65 63 63 60 57 59
-9999 -9999 -9999 -9999 -9999 -9999 -9999 -9999 -9999 -9999 -9999 -9999 -9999 -9999 -9999 -9999 -9999 -9999 -9999 -9999 -9999 -9999 -9999 -9999 -9999 -9999 -9999 -9999 -9999 -9999 -9999 -9999 14 -9999 -9999 -9999 -9999 -9999 11 14 16 17 18 19 21 26 28 31 36 38 40 44 48 53 52 48 50 46 42 40 -9999 -9999 -9999 -9999 -9999 -9999 -9999 -9999 -9999 -9999 -9999 -9999 18 -9999 -9999 26 29 33 33 34 34 33 36 39 42 49 46 56 58 56 60 63 63 60 59 55
-9999 -9999 -9999 -9999 -9999 -9999 -9999 -9999 -9999 -9999 -9999 -9999 -9999 -9999 -9999 -9999 -9999 -9999 -9999 -9999 -9999 -9999 -9999 -9999 -9999 -9999 -9999 -9999 -9999 -9999 11 10 14 -9999 -9999 -9999 12 11 11 -9999 14 14 14 16 17 21 24 28 31 35 38 43 46 50 51 48 50 50 43 38 -9999 -9999 -9999 -9999 -9999 -9999 -9999 -9999 -9999 -9999 -9999 -9999 -9999 -9999 -9999 20 24 25 -9999 -9999 29 28 32 35 36 37 41 47 51 47 56 61 52 60 58 56
-9999 -9999 -9999 -9999 -9999 -9999 -9999 -9999 -9999 -9999 -9999 -9999 -9999 -9999 -9999 -9999 -9999 -9999 -9999 -9999 -9999 -9999 -9999 -9999 -9999 -9999 -9999 -9999 9 12 12 14 11 10 -9999 -9999 -9999 -9999 -9999 -9999 -9999 -9999 12 12 13 15 20 24 29 30 36 37 44 48 48 51 47 49 43 38 35 -9999 -9999 -9999 -9999 -9999 -9999 -9999 -9999 -9999 -9999 -9999 -9999 -9999 -9999 -9999 -9999 -9999 -9999 -9999 -9999 -9999 -9999 -9999 26 29 41 52 45 48 41 50 51 60 59 55
-9999 -9999 -9999 -9999 -9999 -9999 -9999 -9999 -9999 -9999 -9999 -9999 -9999 -9999 -9999 -9999 -9999 -9999 -9999 -9999 -9999 -9999 -9999 -9999 -9999 -9999 -9999 9 12 22 16 13 12 9 -9999 -9999 -9999 6 -9999 -9999 -9999 7 8 9 10 12 15 19 25 28 29 35 42 44 47 49 48 48 48 40 34 33 32 -9999 -9999 -9999 -9999 -9999 -9999 -9999 -9999 -9999 -9999 -9999 -9999 -9999 -9999 -9999 -9999 -9999 -9999 -9999 -9999 -9999 -9999 -9999 27 33 37 45 38 35 45 53 56 57
-9999 -9999 -9999 -9999 -9999 -9999 -9999 -9999 -9999 -9999 -9999 -9999 -9999 -9999 -9999 -9999 -9999 -9999 -9999 -9999 -9999 -9999 -9999 -9999 -9999 -9999 -9999 10 13 19 21 11 10 6 -9999 -9999 -9999 -9999 -9999 -9999 -9999 -9999 -9999 -9999 -9999 10 12 16 22 25 26 28 36 43 46 46 46 46 43 40 38 36 33 30 -9999 -9999 -9999 -9999 -9999 -9999 -9999 -9999 -9999 -9999 -9999 -9999 -9999 -9999 -9999 -9999 -9999 -9999 -9999 -9999 -9999 -9999 -9999 -9999 30 39 35 33 35 48 48 46
-9999 -9999 -9999 -9999 -9999 -9999 -9999 -9999 -9999 -9999 -9999 -9999 -9999 -9999 -9999 -9999 -9999 -9999 -9999 -9999 -9999 -9999 -9999 -9999 -9999 -9999 -9999 8 8 11 18 13 6 6 -9999 -9999 -9999 -9999 -9999 -9999 -9999 -9999 -9999 -9999 -9999 -9999 11 14 17 20 23 24 31 39 42 44 43 44 42 40 48 38 34 31 28 27 -9999 -9999 -9999 -9999 -9999 -9999 -9999 -9999 -9999 -9999 -9999 -9999 -9999 -9999 -9999 -9999 -9999 -9999 -9999 -9999 -9999 -9999 -9999 -9999 37 39 34 36 44 45
-9999 -9999 -9999 -9999 -9999 -9999 -9999 -9999 -9999 -9999 -9999 -9999 -9999 -9999 -9999 -9999 -9999 -9999 -9999 -9999 -9999 -9999 -9999 -9999 -9999 -9999 -9999 7 6 10 14 14 6 -9999 -9999 -9999 -9999 -9999 -9999 -9999 -9999 -9999 -9999 -9999 -9999 -9999 -9999 -9999 13 15 17 20 25 34 36 41 41 40 43 44 43 40 36 31 29 27 26 25 23 23 18 20 14 -9999 -9999 -9999 -9999 -9999 -9999 -9999 -9999 -9999 -9999 -9999 -9999 -9999 -9999 -9999 -9999 -9999 -9999 31 32 34 40 43
-9999 -9999 -9999 -9999 -9999 -9999 -9999 -9999 -9999 -9999 -9999 -9999 -9999 -9999 -9999 -9999 -9999 -9999 -9999 -9999 -9999 -9999 -9999 -9999 -9999 -9999 -9999 -9999 6 7 11 11 6 -9999 -9999 -9999 -9999 -9999 -9999 -9999 -9999 -9999 -9999 -9999 -9999 -9999 -9999 -9999 -9999 12 14 18 25 26 28 33 36 36 38 42 38 36 32 30 29 29 27 26 24 27 28 28 25 -9999 -9999 -9999 -9999 -9999 -9999 -9999 -9999 -9999 -9999 -9999 -9999 -9999 -9999 -9999 -9999 -9999 -9999 -9999 -9999 33 38 37
-9999 -9999 -9999 -9999 -9999 -9999 -9999 -9999 -9999 -9999 -9999 -9999 -9999 -9999 -9999 -9999 -9999 -9999 -9999 -9999 -9999 -9999 -9999 -9999 -9999 -9999 -9999 -9999 6 6 9 6 -9999 -9999 -9999 -9999 -9999 -9999 -9999 -9999 -9999 -9999 -9999 -9999 -9999 -9999 -9999 -9999 -9999 -9999 12 14 15 20 28 27 28 29 32 34 32 32 31 28 28 28 28 26 24 21 20 18 -9999 -9999 -9999 -9999 -9999 -9999 -9999 -9999 -9999 -9999 -9999 -9999 -9999 -9999 -9999 -9999 -9999 -9999 -9999 -9999 28 31 37 40
-9999 -9999 -9999 -9999 -9999 -9999 -9999 -9999 -9999 -9999 -9999 -9999 -9999 -9999 -9999 -9999 -9999 -9999 -9999 -9999 -9999 -9999 -9999 -9999 -9999 -9999 -9999 -9999 -9999 -9999 6 6 -9999 -9999 -9999 -9999 -9999 -9999 -9999 -9999 -9999 -9999 -9999 -9999 -9999 -9999 -9999 -9999 -9999 -9999 -9999 12 13 14 16 22 25 26 25 26 28 30 32 28 27 27 28 25 24 22 19 18 17 17 -9999 -9999 -9999 -9999 -9999 -9999 -9999 -9999 -9999 -9999 -9999 -9999 -9999 -9999 -9999 -9999 -9999 -9999 25 29 31 37
-9999 -9999 -9999 -9999 -9999 -9999 -9999 -9999 -9999 -9999 -9999 -9999 -9999 -9999 -9999 -9999 -9999 -9999 -9999 -9999 -9999 -9999 -9999 -9999 -9999 -9999 -9999 -9999 -9999 -9999 -9999 5 6 -9999 -9999 -9999 -9999 -9999 -9999 -9999 -9999 -9999 -9999 -9999 -9999 -9999 -9999 -9999 -9999 -9999 -9999 -9999 -9999 -9999 14 17 19 24 22 23 24 26 25 26 26 26 26 25 23 22 20 19 18 19 19 18 -9999 -9999 -9999 -9999 -9999 -9999 -9999 -9999 -9999 -9999 -9999 -9999 -9999 -9999 -9999 -9999 -9999 27 31 33
-9999 -9999 -9999 -9999 -9999 -9999 -9999 -9999 -9999 -9999 -9999 -9999 -9999 -9999 -9999 -9999 -9999 -9999 -9999 -9999 -9999 -9999 -9999 -9999 -9999 3 -9999 -9999 -9999 5 7 6 5 7 -9999 -9999 -9999 -9999 -9999 -9999 -9999 -9999 -9999 -9999 -9999 -9999 -9999 -9999 -9999 -9999 -9999 -9999 -9999 -9999 -9999 -9999 -9999 -9999 -9999 19 20 22 23 25 25 24 24 24 22 21 20 20 21 23 22 21 19 19 19 -9999 -9999 -9999 -9999 -9999 -9999 -9999 -9999 -9999 -9999 -9999 -9999 -9999 22 24 29 30
-9999 -9999 -9999 -9999 -9999 -9999 -9999 -9999 -9999 -9999 -9999 -9999 -9999 -9999 -9999 -9999 -9999 -9999 -9999 -9999 -9999 -9999 -9999 -9999 -9999 2 -9999 3 5 6 8 8 6 5 -9999 -9999 -9999 -9999 -9999 -9999 -9999 -9999 -9999 -9999 -9999 -9999 -9999 -9999 -9999 -9999 -9999 -9999 -9999 -9999 -9999 -9999 -9999 -9999 -9999 18 19 21 22 23 24 24 23 22 21 21 21 21 21 22 22 22 22 22 21 20 16 -9999 -9999 -9999 -9999 -9999 -9999 -9999 -9999 -9999 -9999 -9999 19 22 26 27
-9999 -9999 -9999 -9999 -9999 -9999 -9999 -9999 -9999 -9999 -9999 -9999 -9999 -9999 -9999 -9999 -9999 -9999 -9999 -9999 -9999 -9999 -9999 -9999 -9999 3 3 3 6 5 5 7 7 6 4 -9999 -9999 -9999 -9999 -9999 -9999 -9999 -9999 -9999 -9999 -9999 -9999 -9999 -9999 -9999 -9999 -9999 -9999 -9999 -9999 -9999 -9999 -9999 -9999 17 18 19 21 20 22 23 25 21 22 20 22 21 19 18 19 20 22 22 22 21 19 17 14 -9999 -9999 -9999 -9999 -9999 -9999 -9999 -9999 -9999 17 20 24 26
-9999 -9999 -9999 -9999 -9999 -9999 -9999 -9999 -9999 -9999 -9999 -9999 -9999 -9999 -9999 -9999 -9999 -9999 -9999 -9999 -9999 -9999 -9999 -9999 -9999 2 2 4 5 5 7 9 8 6 4 -9999 -9999 -9999 -9999 -9999 -9999 -9999 -9999 -9999 -9999 -9999 -9999 -9999 -9999 -9999 -9999 -9999 -9999 -9999 -9999 -9999 -9999 -9999 -9999 -9999 -9999 -9999 17 21 19 21 20 20 19 19 21 19 19 17 16 16 18 16 17 18 18 17 14 12 12 -9999 -9999 -9999 -9999 -9999 -9999 -9999 15 18 23 29
-9999 -9999 -9999 -9999 -9999 -9999 -9999 -9999 -9999 -9999 -9999 -9999 -9999 -9999 -9999 -9999 -9999 -9999 -9999 -9999 -9999 -9999 -9999 -9999 -9999 -9999 4 4 6 7 6 7 6 4 4 -9999 -9999 -9999 -9999 -9999 -9999 -9999 -9999 -9999 -9999 -9999 -9999 -9999 -9999 -9999 -9999 -9999 -9999 -9999 -9999 -9999 -9999 -9999 -9999 -9999 -9999 -9999 -9999 -9999 -9999 18 18 18 20 18 20 20 19 16 14 14 13 13 -9999 14 15 15 13 12 13 12 -9999 -9999 -9999 -9999 -9999 -9999 18 20 24 24
-9999 -9999 -9999 -9999 -9999 -9999 -9999 -9999 -9999 -9999 -9999 -9999 -9999 -9999 -9999 -9999 -9999 -9999 -9999 -9999 -9999 -9999 -9999 -9999 -9999 -9999 2 5 6 4 4 7 7 5 -9999 -9999 -9999 -9999 -9999 -9999 -9999 -9999 -9999 -9999 -9999 -9999 -9999 -9999 -9999 -9999 -9999 -9999 -9999 -9999 -9999 -9999 -9999 -9999 -9999 -9999 -9999 -9999 -9999 -9999 -9999 17 17 17 20 17 18 17 16 14 14 13 12 -9999 -9999 -9999 -9999 13 12 13 13 14 13 -9999 -9999 -9999 -9999 -9999 18 26 25 31
3 3 -9999 -9999 -9999 -9999 -9999 -9999 -9999 -9999 -9999 -9999 -9999 -9999 -9999 -9999 -9999 -9999 -9999 -9999 -9999 -9999 -9999 -9999 -9999 -9999 2 4 4 4 6 10 10 6 7 -9999 -9999 -9999 -9999 -9999 -9999 -9999 -9999 -9999 -9999 -9999 -9999 -9999 -9999 -9999 -9999 -9999 -9999 -9999 -9999 -9999 -9999 -9999 -9999 -9999 -9999 -9999 -9999 -9999 -9999 -9999 -9999 16 14 14 17 18 17 15 15 12 -9999 -9999 -9999 -9999 -9999 -9999 -9999 14 14 14 13 -9999 -9999 -9999 -9999 -9999 -9999 -9999 19 25
3 3 -9999 -9999 -9999 -9999 -9999 -9999 -9999 -9999 -9999 -9999 -9999 -9999 -9999 -9999 -9999 -9999 -9999 -9999 -9999 -9999 -9999 -9999 -9999 -9999 3 3 4 5 7 9 9 5 3 -9999 -9999 -9999 -9999 -9999 -9999 -9999 -9999 -9999 -9999 -9999 -9999 -9999 -9999 -9999 -9999 -9999 -9999 -9999 -9999 -9999 -9999 -9999 -9999 -9999 -9999 -9999 -9999 -9999 -9999 -9999 -9999 -9999 -9999 -9999 13 16 18 20 15 10 -9999 -9999 -9999 -9999 -9999 -9999 -9999 -9999 13 14 14 -9999 -9999 -9999 -9999 -9999 11 -9999 -9999 15
-9999 -9999 -9999 -9999 -9999 -9999 -9999 -9999 -9999 -9999 -9999 -9999 -9999 -9999 -9999 -9999 -9999 -9999 -9999 -9999 -9999 -9999 -9999 -9999 -9999 -9999 4 3 4 5 6 7 8 4 -9999 -9999 -9999 -9999 -9999 -9999 -9999 -9999 -9999 -9999 -9999 -9999 -9999 -9999 -9999 -9999 -9999 -9999 -9999 -9999 -9999 -9999 -9999 -9999 -9999 -9999 -9999 -9999 -9999 -9999 -9999 -9999 -9999 -9999 -9999 -9999 11 17 18 12 10 9 -9999 -9999 -9999 -9999 -9999 -9999 -9999 -9999 -9999 -9999 14 -9999 -9999 -9999 -9999 -9999 -9999 -9999 11 14
-9999 -9999 -9999 -9999 -9999 -9999 -9999 -9999 -9999 -9999 -9999 -9999 -9999 -9999 -9999 -9999 -9999 -9999 -9999 -9999 -9999 -9999 -9999 -9999 -9999 -9999 3 4 3 4 5 6 5 4 -9999 -9999 -9999 -9999 -9999 -9999 -9999 -9999 -9999 -9999 -9999 -9999 -9999 -9999 -9999 -9999 -9999 -9999 -9999 -9999 -9999 -9999 -9999 -9999 -9999 -9999 -9999 -9999 -9999 -9999 -9999 -9999 -9999 -9999 -9999 -9999 -9999 15 14 10 11 11 8 6 -9999 -9999 -9999 -9999 -9999 -9999 -9999 -9999 -9999 -9999 -9999 -9999 -9999 -9999 -9999 -9999 10 10
-9999 -9999 -9999 -9999 -9999 -9999 -9999 -9999 -9999 -9999 -9999 -9999 -9999 -9999 -9999 -9999 -9999 -9999 -9999 -9999 -9999 -9999 -9999 -9999 -9999 -9999 4 6 4 3 3 6 5 2 -9999 -9999 -9999 -9999 -9999 -9999 -9999 -9999 -9999 -9999 -9999 -9999 -9999 -9999 -9999 -9999 -9999 -9999 -9999 -9999 -9999 -9999 -9999 -9999 -9999 -9999 -9999 -9999 -9999 -9999 -9999 -9999 -9999 -9999 -9999 -9999 -9999 13 15 12 17 18 14 8 6 -9999 -9999 -9999 -9999 -9999 -9999 -9999 -9999 -9999 -9999 -9999 -9999 -9999 -9999 -9999 -9999 8
