resultados/variables_proyeccion_tiempo/variables_futuro_ccsm_A1B/bio17.asc
ncols 330
nrows 228
xllcorner -12.000000
yllcorner 34.000000
cellsize 0.166667
NODATA_value -9999
[rows 84 to 125 of 228, columns 188 to 281 of 330]
-9999 -9999 -9999 -9999 -9999 -9999 -9999 -9999 -9999 -9999 -9999 -9999 -9999 -9999 -9999 -9999 104 104 -9999 -9999 -9999 -9999 -9999 -9999 -9999 -9999 -9999 -9999 -9999 -9999 108 112 115 116 115 114 113 112 113 112 111 109 109 108 108 106 106 107 108 108 109 110 111 114 115 116 116 117 116 115 114 114 113 112 110 109 107 105 103 101 98 96 95 96 97 99 103 104 107 112 120 122 125 127 126 126 124 123 121 118 115 114 113 112
-9999 -9999 -9999 -9999 -9999 -9999 -9999 -9999 -9999 -9999 -9999 -9999 -9999 -9999 -9999 -9999 -9999 107 107 107 -9999 -9999 -9999 102 -9999 -9999 -9999 -9999 -9999 -9999 108 111 114 115 115 114 114 113 113 113 112 111 110 109 108 111 114 113 113 112 112 112 112 113 114 115 115 116 115 114 114 114 113 112 111 109 107 105 104 102 100 99 96 95 95 97 100 101 105 111 119 122 123 124 124 124 122 122 119 116 113 111 111 110
-9999 -9999 -9999 -9999 -9999 -9999 -9999 -9999 -9999 -9999 -9999 -9999 -9999 -9999 109 110 109 109 110 108 108 -9999 -9999 -9999 -9999 -9999 -9999 -9999 -9999 -9999 109 112 115 116 116 115 115 116 115 115 114 113 112 111 111 114 116 116 116 113 112 111 112 113 113 114 114 114 116 116 117 117 114 111 110 109 107 106 104 102 100 99 97 96 95 97 98 100 105 111 116 120 121 122 123 123 121 119 117 114 111 109 107 107
-9999 -9999 -9999 -9999 -9999 -9999 -9999 -9999 -9999 -9999 -9999 -9999 -9999 110 111 111 111 112 113 111 110 111 111 -9999 -9999 -9999 -9999 -9999 -9999 -9999 111 111 114 116 117 117 118 119 122 122 120 117 115 113 113 115 115 114 114 113 112 111 111 112 112 113 113 115 117 119 120 117 114 111 110 107 105 105 102 102 100 98 97 96 96 94 95 100 106 112 116 118 119 120 121 121 120 119 117 115 111 109 108 107
-9999 -9999 -9999 -9999 -9999 -9999 -9999 -9999 -9999 -9999 -9999 -9999 112 112 113 114 113 113 113 115 115 112 111 111 -9999 -9999 -9999 -9999 -9999 -9999 111 112 113 116 118 121 123 127 128 128 125 121 118 116 115 114 113 113 113 113 111 111 112 112 112 113 113 116 116 117 116 114 112 110 109 107 104 104 103 101 100 98 97 97 96 96 101 106 109 111 114 116 117 119 120 120 120 121 118 115 113 110 108 107
-9999 -9999 -9999 -9999 -9999 -9999 -9999 -9999 -9999 -9999 -9999 -9999 113 115 117 117 116 116 117 117 118 116 115 112 111 -9999 -9999 -9999 110 110 111 112 113 117 119 125 127 128 129 131 128 123 120 118 116 114 113 113 113 113 112 112 112 112 112 114 114 115 115 115 114 113 112 111 109 108 105 104 103 101 100 99 100 100 100 102 106 107 109 111 113 116 116 117 118 119 118 118 117 116 112 109 109 107
-9999 -9999 -9999 -9999 -9999 -9999 -9999 -9999 -9999 -9999 114 114 115 118 120 121 119 119 120 120 120 118 117 114 112 111 110 111 111 110 110 112 113 115 118 120 123 126 128 129 128 125 119 117 115 114 113 113 113 112 112 113 113 113 114 114 115 115 117 121 120 118 116 113 110 108 106 105 103 102 101 102 105 106 107 107 107 108 110 111 112 114 115 116 116 118 118 117 117 114 112 111 109 107
-9999 -9999 -9999 -9999 -9999 -9999 -9999 -9999 -9999 -9999 113 115 117 120 122 122 121 122 123 124 123 120 117 115 111 110 110 110 111 110 111 110 111 113 116 118 120 123 125 125 122 121 119 117 115 114 113 113 113 112 112 113 114 114 114 115 115 116 119 122 122 121 119 117 114 109 107 105 105 104 103 104 106 107 108 110 109 109 110 111 113 115 116 116 116 117 116 116 114 114 114 112 109 107
-9999 -9999 -9999 -9999 -9999 -9999 -9999 -9999 -9999 -9999 114 116 118 124 126 126 125 126 126 126 123 121 119 115 111 109 110 109 109 109 109 109 110 112 114 116 118 120 121 121 121 119 118 116 115 115 114 114 114 113 114 113 114 114 114 115 117 117 120 120 120 121 120 117 114 110 108 106 105 105 106 108 108 108 109 110 111 111 111 112 113 115 116 117 116 116 116 115 115 115 113 112 110 108
-9999 -9999 -9999 -9999 -9999 -9999 -9999 -9999 -9999 115 115 118 120 124 129 131 128 127 126 126 123 121 118 114 111 109 109 109 109 109 107 107 108 111 113 115 117 119 120 120 119 117 117 115 115 115 114 114 114 114 114 114 114 114 115 116 117 117 119 119 120 119 120 118 115 112 110 107 107 107 109 110 110 109 109 109 110 111 112 113 114 115 116 117 116 116 115 114 113 113 112 112 110 109
-9999 -9999 -9999 -9999 -9999 -9999 -9999 -9999 -9999 -9999 117 119 121 125 129 132 131 130 129 126 124 120 118 114 111 109 108 108 107 105 105 106 107 110 112 114 116 118 119 120 118 117 116 115 115 115 114 114 114 116 115 115 115 115 116 118 118 118 119 119 119 118 120 119 117 116 113 111 110 110 112 111 110 109 109 110 110 110 111 111 112 113 115 115 116 116 114 112 111 111 110 110 109 109
-9999 -9999 -9999 -9999 -9999 -9999 -9999 -9999 -9999 -9999 118 121 124 128 133 136 136 135 133 130 126 122 117 114 111 109 108 106 106 105 105 107 107 109 112 114 116 118 120 120 120 118 116 115 114 114 114 114 114 114 114 114 114 115 116 118 119 120 120 120 119 119 119 119 117 116 114 113 112 112 112 112 110 110 110 109 109 109 110 111 111 112 112 115 114 113 113 112 110 110 110 110 110 110
-9999 -9999 -9999 -9999 -9999 -9999 -9999 -9999 -9999 -9999 119 122 126 130 134 138 140 140 137 133 129 122 117 113 110 110 109 108 107 107 107 107 107 109 112 115 118 120 121 121 121 120 117 115 114 114 113 113 113 113 112 112 113 116 117 119 119 119 119 120 119 120 120 118 118 117 114 113 112 112 112 112 111 111 111 111 111 110 110 110 111 111 111 112 112 112 112 111 110 109 109 109 110 111
-9999 -9999 -9999 -9999 -9999 -9999 -9999 -9999 -9999 -9999 120 122 127 132 135 139 142 144 141 136 129 124 119 116 113 112 111 109 108 107 108 107 108 110 113 116 119 122 122 123 122 120 118 117 116 115 113 112 112 111 112 112 113 116 118 119 119 119 120 120 120 120 120 120 119 117 116 113 113 112 112 112 111 111 112 111 111 111 110 110 111 112 113 113 112 112 112 111 110 109 109 109 108 109
-9999 -9999 -9999 -9999 -9999 -9999 -9999 -9999 -9999 -9999 118 120 124 130 135 138 142 144 140 135 131 125 121 119 117 114 112 110 109 108 107 106 107 109 113 117 120 123 126 125 123 122 119 118 116 115 113 113 112 112 112 113 115 118 119 120 120 121 121 121 121 121 121 121 120 118 117 116 114 113 113 112 113 114 114 114 113 113 113 112 112 111 112 113 112 111 111 111 110 110 109 109 109 109
-9999 -9999 -9999 -9999 -9999 -9999 -9999 -9999 -9999 -9999 115 120 122 128 132 136 138 138 135 131 127 123 120 118 117 115 113 111 109 107 106 105 105 108 114 118 123 125 127 126 123 122 120 118 116 115 114 113 112 112 114 115 118 120 121 121 121 121 121 121 121 120 120 121 120 119 118 117 114 113 113 114 114 114 114 116 116 117 116 114 113 112 112 113 112 111 111 111 111 111 110 110 110 110
-9999 -9999 -9999 -9999 -9999 -9999 -9999 -9999 -9999 115 -9999 119 122 126 130 132 133 130 128 125 121 118 117 117 116 115 113 112 111 108 107 105 104 110 116 120 124 125 126 124 123 124 121 118 116 115 114 114 114 114 117 119 122 124 124 123 123 123 122 122 121 120 120 119 119 119 119 118 117 116 114 114 114 114 115 118 119 120 117 116 113 112 112 112 111 110 110 111 111 110 110 110 110 111
-9999 -9999 -9999 -9999 -9999 -9999 -9999 124 122 -9999 -9999 120 121 124 128 130 129 126 123 119 116 115 114 114 113 114 114 114 113 111 109 108 111 113 119 122 126 126 126 125 124 124 122 120 118 117 117 117 117 118 120 121 123 125 126 125 125 124 123 122 122 121 119 119 119 120 119 118 116 115 115 115 115 116 117 119 120 120 119 116 113 112 111 111 110 109 109 109 110 110 110 109 109 110
-9999 -9999 -9999 117 121 124 126 127 125 123 121 121 121 123 125 126 124 121 118 115 112 111 110 111 112 113 114 115 114 114 113 114 115 118 123 126 127 127 126 126 124 122 122 120 119 118 119 119 119 120 122 123 124 125 126 127 127 126 124 122 121 120 119 119 119 118 116 115 114 114 113 114 115 116 118 121 123 121 118 115 113 112 111 110 109 109 109 109 109 109 108 108 109 109
-9999 -9999 -9999 116 120 124 127 130 128 124 122 122 121 122 123 122 120 118 115 111 108 106 106 107 108 110 112 113 114 116 118 118 120 123 128 128 129 129 130 127 124 122 121 120 119 119 120 120 121 122 123 124 125 124 124 125 126 127 125 122 121 122 121 120 120 117 114 113 112 112 111 112 114 117 119 122 124 120 117 114 113 111 111 111 109 108 108 108 107 107 108 109 109 109
-9999 -9999 113 115 119 123 125 128 127 124 121 119 118 119 118 118 117 114 111 108 107 104 104 104 105 107 109 111 113 115 120 122 124 127 130 130 132 131 130 128 124 122 121 120 119 119 122 122 122 123 124 126 126 124 124 125 125 124 123 122 122 122 122 120 118 116 113 111 110 109 109 110 113 116 118 121 121 119 116 114 113 111 110 110 108 108 107 108 107 108 109 109 109 109
108 110 113 116 121 125 127 126 125 122 119 118 117 117 117 117 114 113 111 110 109 108 104 102 101 102 105 109 113 117 119 121 124 126 129 130 130 129 128 127 125 125 122 120 119 119 121 123 125 126 126 127 125 124 123 124 123 122 121 121 121 121 118 117 116 113 111 110 108 107 108 110 112 114 116 117 118 117 114 112 110 109 107 107 108 108 107 108 108 108 108 109 109 109
112 117 115 116 119 121 123 122 121 118 116 115 115 116 116 114 113 114 112 110 109 106 104 101 100 101 104 108 111 116 118 122 124 126 128 129 128 129 128 126 126 124 124 123 122 121 123 125 128 130 128 126 123 122 121 121 121 120 119 120 119 117 116 115 114 111 110 108 107 105 105 107 110 112 114 115 115 113 112 110 108 107 106 105 105 105 105 105 104 104 105 106 108 109
110 114 115 117 115 115 117 117 118 118 116 115 115 115 113 112 112 110 109 107 105 102 100 99 99 101 104 108 111 114 118 121 124 126 127 128 128 126 125 124 122 121 120 122 123 123 127 127 129 130 128 124 121 119 118 118 117 116 117 117 116 116 114 113 113 111 108 107 106 106 105 108 109 110 112 112 113 112 110 108 106 105 105 104 103 103 103 102 103 103 103 105 106 107
109 114 115 115 113 113 112 115 115 116 116 114 114 112 110 110 109 107 106 105 103 101 100 100 100 102 105 108 111 114 118 121 124 125 126 127 126 124 123 122 120 119 119 120 121 124 126 128 128 128 126 121 118 116 115 113 114 114 114 114 114 113 113 113 111 109 107 107 106 106 106 107 108 109 110 110 111 110 109 108 106 104 104 105 104 102 101 102 102 102 102 104 106 106
107 109 110 111 110 109 108 110 111 112 112 111 110 108 107 107 106 106 104 103 101 100 101 101 102 106 108 109 111 114 117 122 124 125 125 125 123 123 124 122 118 118 118 119 120 122 123 124 124 123 119 115 112 110 110 111 111 111 112 112 112 112 111 110 109 108 107 106 106 106 106 107 107 108 108 109 109 108 108 107 105 105 104 103 103 102 101 101 100 101 102 104 105 106
102 105 107 111 110 109 108 107 107 107 107 106 106 105 104 104 105 104 102 100 99 100 101 105 106 108 110 112 112 114 117 120 123 124 124 124 124 123 125 123 118 115 115 116 117 118 119 119 119 118 114 110 105 105 106 108 109 109 110 110 111 111 110 109 109 107 107 106 106 106 106 106 107 108 108 108 109 108 108 106 105 104 104 104 103 102 101 101 100 101 101 104 105 106
100 102 105 108 108 108 106 105 103 102 102 101 100 100 99 100 100 101 99 99 100 102 103 106 107 109 111 110 111 113 116 118 120 122 124 126 127 123 122 119 115 113 113 114 114 116 116 116 116 114 112 107 104 104 105 106 108 108 108 109 109 110 109 109 109 107 106 106 106 106 106 107 108 108 109 109 109 108 107 106 105 105 104 104 103 103 102 101 100 100 101 102 104 105
97 99 102 102 103 103 103 100 99 97 97 96 96 96 96 96 97 98 97 97 99 101 103 106 107 108 108 110 113 115 117 120 120 123 124 125 127 123 119 115 112 111 112 112 113 113 114 113 113 112 109 107 104 104 104 105 107 107 108 108 108 108 108 108 108 107 106 106 106 105 106 107 108 108 108 108 108 108 108 107 107 106 106 105 104 103 102 101 100 99 100 102 104 106
95 97 98 98 98 97 97 96 95 93 91 90 90 90 91 93 95 95 96 98 99 100 103 105 106 106 107 109 111 114 116 119 121 122 124 126 124 122 116 112 109 110 110 110 111 111 111 110 110 108 107 106 104 104 105 105 106 106 107 107 107 108 107 107 107 107 107 107 107 106 107 107 107 108 108 108 108 108 108 108 108 108 107 106 105 103 102 103 101 101 102 104 106 107
93 94 95 94 93 92 91 90 88 86 85 86 86 86 88 88 90 91 94 95 98 100 101 103 104 105 106 108 110 112 114 116 118 119 121 122 121 117 113 109 108 108 108 108 109 109 109 109 109 107 106 106 105 106 106 106 106 107 107 107 107 107 108 108 107 107 106 107 107 106 107 108 108 108 108 107 107 108 108 109 108 108 107 106 104 103 103 102 102 103 104 106 106 108
92 93 93 93 92 89 87 86 84 83 81 81 82 83 85 86 86 88 90 93 95 97 100 101 103 104 105 107 108 109 111 113 115 116 118 118 116 113 110 108 106 105 106 106 106 106 107 107 107 107 106 106 106 106 106 106 106 108 108 108 108 108 109 109 108 108 107 107 107 107 108 108 109 109 108 108 109 109 109 109 109 109 107 106 105 106 105 105 104 105 106 107 108 110
90 91 92 92 91 88 86 83 81 79 78 79 80 81 83 84 85 87 88 91 94 97 98 100 101 102 103 105 106 107 109 110 112 113 113 113 112 110 108 105 104 104 104 104 104 105 106 106 106 107 107 107 107 107 107 107 107 107 109 109 110 110 109 109 108 107 108 107 107 108 108 109 110 110 110 110 111 111 111 111 110 109 109 107 108 107 106 106 106 107 108 108 110 111
90 91 90 89 88 86 84 81 78 75 75 77 79 80 82 84 85 87 88 89 92 94 97 98 98 99 101 102 104 106 107 108 109 110 110 109 108 107 106 104 103 103 103 103 104 105 105 106 106 106 106 106 107 108 108 108 108 108 109 109 110 111 110 110 111 110 109 109 108 107 109 111 111 111 112 112 112 112 112 111 112 112 111 110 109 109 109 108 109 109 109 110 112 113
89 89 89 88 87 85 83 81 79 78 77 78 79 82 84 83 84 84 87 89 91 94 94 95 94 95 98 100 101 102 104 106 107 108 108 107 106 105 104 102 101 101 102 102 104 104 106 106 106 106 106 107 108 108 108 108 108 109 109 110 111 112 112 112 112 111 111 110 109 109 110 112 113 113 112 112 113 113 112 113 113 114 114 113 111 111 112 112 111 111 112 112 113 114
88 89 89 88 87 86 84 83 82 81 80 79 80 81 82 83 84 84 86 88 91 93 94 92 90 88 93 96 98 100 102 104 105 106 106 104 104 103 101 100 100 101 101 102 103 105 105 105 106 107 107 107 107 108 109 110 110 111 111 111 112 112 112 113 113 113 113 112 111 111 112 112 113 114 114 113 114 114 114 114 115 116 116 115 114 114 115 115 115 115 114 113 115 115
91 92 91 91 89 87 88 88 86 83 81 80 80 82 83 84 84 85 86 87 89 91 92 90 87 86 90 94 96 99 100 103 104 104 105 104 102 102 101 100 100 101 102 104 104 106 106 106 107 107 108 108 109 110 110 112 113 113 114 114 114 113 113 114 114 113 113 113 113 113 114 115 115 115 115 114 114 115 116 116 118 118 117 116 116 116 116 116 116 116 116 116 116 115
93 95 94 93 91 90 88 88 86 84 82 82 81 82 83 83 85 84 85 86 88 89 89 88 86 86 88 92 95 98 100 101 102 103 103 103 102 100 100 100 100 102 103 105 105 106 107 107 108 108 109 109 110 111 112 113 114 114 114 114 114 113 114 114 113 114 114 114 115 117 117 116 116 116 115 115 115 116 117 118 119 120 119 117 118 118 118 117 117 116 116 116 115 114
94 95 93 93 92 91 89 88 87 86 85 84 82 81 81 82 83 83 84 85 86 86 87 87 86 86 88 90 93 96 99 100 101 102 102 101 100 100 100 99 100 101 103 104 106 107 108 108 109 108 108 109 110 111 113 114 115 115 115 114 114 114 114 114 115 115 116 117 118 119 119 118 117 116 116 116 116 116 117 117 117 118 119 119 120 120 120 118 118 118 117 116 114 115
94 94 93 92 93 92 93 91 89 88 87 85 85 84 83 82 84 84 85 85 85 85 86 85 84 84 88 90 93 96 99 100 102 101 101 100 99 100 99 99 100 102 103 106 107 107 108 108 108 109 110 111 111 114 114 116 117 116 116 115 116 116 116 116 116 116 118 118 120 120 120 119 118 117 117 116 116 117 118 119 119 119 120 121 122 121 120 120 120 118 117 117 116 115
95 95 95 94 94 95 96 100 96 91 90 87 85 85 82 83 86 86 87 86 85 85 85 85 84 85 88 92 94 96 100 101 101 101 101 100 100 99 99 99 100 101 103 106 107 109 108 108 108 109 110 111 111 113 114 115 116 116 114 114 115 116 116 117 118 118 118 120 121 121 120 120 119 118 117 117 117 118 119 121 122 122 122 123 124 123 121 121 119 118 118 117 116 116
96 98 97 97 98 99 101 102 102 98 94 91 88 86 84 84 86 87 87 87 87 85 85 86 87 87 89 92 95 97 100 102 102 101 100 99 98 98 98 98 99 100 104 105 106 108 108 108 108 109 110 110 110 111 112 112 113 113 113 114 116 117 117 119 119 119 120 122 123 121 121 120 119 118 117 117 117 118 120 122 124 125 125 126 127 126 124 122 121 119 118 118 117 117
