resultados/variables_proyeccion_tiempo/variables_futuro_ccsm_A1B/bio10.asc
ncols 330
nrows 228
xllcorner -12.000000
yllcorner 34.000000
cellsize 0.166667
NODATA_value -9999
[rows 80 to 119 of 228, columns 92 to 183 of 330]
-9999 -9999 -9999 -9999 -9999 -9999 -9999 -9999 -9999 -9999 -9999 -9999 -9999 155 150 149 150 139 139 138 143 139 134 129 141 144 151 146 149 159 161 161 168 172 174 -9999 -9999 -9999 -9999 -9999 -9999 -9999 -9999 -9999 -9999 -9999 -9999 183 182 180 179 180 179 182 183 184 184 184 183 183 181 181 181 182 181 180 180 182 184 184 183 185 186 186 187 189 190 191 192 191 191 191 193 -9999 -9999 -9999 -9999 -9999 -9999 -9999 -9999 -9999
-9999 -9999 -9999 -9999 -9999 -9999 -9999 -9999 -9999 -9999 -9999 -9999 -9999 -9999 -9999 157 154 151 147 151 150 150 143 148 151 151 152 154 156 159 161 169 172 174 -9999 -9999 -9999 -9999 -9999 -9999 -9999 -9999 -9999 -9999 -9999 -9999 -9999 182 182 182 181 181 182 183 184 185 184 183 183 182 180 178 172 179 179 178 181 183 183 184 184 185 186 187 188 188 188 189 191 191 192 192 -9999 -9999 -9999 -9999 -9999 -9999 -9999 -9999 -9999 -9999
-9999 -9999 -9999 -9999 -9999 -9999 -9999 -9999 -9999 -9999 -9999 -9999 -9999 -9999 -9999 -9999 -9999 -9999 154 156 159 152 150 151 154 157 156 160 162 166 170 172 -9999 -9999 -9999 -9999 -9999 -9999 -9999 -9999 -9999 -9999 -9999 -9999 -9999 -9999 -9999 -9999 183 182 182 182 182 184 184 183 183 182 182 180 178 175 174 177 177 179 182 181 181 180 182 183 183 185 185 186 187 188 189 190 192 193 -9999 -9999 -9999 -9999 -9999 -9999 -9999 -9999 -9999 -9999
-9999 -9999 -9999 -9999 -9999 -9999 -9999 -9999 -9999 -9999 -9999 -9999 -9999 -9999 -9999 -9999 -9999 -9999 -9999 161 157 157 162 158 160 163 162 167 170 170 -9999 -9999 -9999 -9999 -9999 -9999 -9999 -9999 -9999 -9999 -9999 -9999 -9999 -9999 -9999 -9999 -9999 -9999 181 182 182 183 183 183 182 182 182 180 179 177 175 174 172 172 172 180 181 176 177 178 180 180 180 182 186 184 185 187 190 191 192 -9999 -9999 -9999 -9999 -9999 -9999 -9999 -9999 -9999 -9999 -9999
-9999 -9999 -9999 -9999 -9999 -9999 -9999 -9999 -9999 -9999 -9999 -9999 -9999 -9999 -9999 -9999 -9999 -9999 -9999 -9999 -9999 -9999 167 -9999 -9999 168 -9999 -9999 -9999 -9999 -9999 -9999 -9999 -9999 -9999 -9999 -9999 -9999 -9999 -9999 -9999 -9999 -9999 -9999 -9999 -9999 -9999 -9999 -9999 183 184 183 184 184 184 182 178 178 176 175 174 172 170 170 175 179 173 173 176 175 177 180 180 181 183 184 185 187 191 191 192 -9999 -9999 -9999 -9999 -9999 -9999 -9999 -9999 -9999 -9999 187
-9999 -9999 -9999 -9999 -9999 -9999 -9999 -9999 -9999 -9999 -9999 -9999 -9999 -9999 -9999 -9999 -9999 -9999 -9999 -9999 -9999 -9999 -9999 -9999 -9999 -9999 -9999 -9999 -9999 -9999 -9999 -9999 -9999 -9999 -9999 -9999 -9999 -9999 -9999 -9999 -9999 -9999 177 177 -9999 -9999 -9999 -9999 -9999 184 183 186 185 185 182 180 177 176 175 173 173 168 169 171 173 175 172 172 173 176 176 176 179 180 183 183 186 187 189 191 191 -9999 -9999 -9999 -9999 -9999 -9999 -9999 -9999 -9999 186 186
-9999 -9999 -9999 -9999 -9999 -9999 -9999 -9999 -9999 -9999 -9999 -9999 -9999 -9999 -9999 -9999 -9999 -9999 -9999 -9999 -9999 -9999 -9999 -9999 -9999 -9999 -9999 -9999 -9999 -9999 -9999 -9999 -9999 -9999 -9999 -9999 -9999 -9999 -9999 175 176 176 177 -9999 -9999 -9999 -9999 -9999 -9999 -9999 184 187 187 185 185 183 182 180 178 177 176 173 172 171 172 173 171 170 173 178 178 178 179 181 182 184 185 188 190 191 192 -9999 -9999 -9999 -9999 -9999 -9999 -9999 188 186 186 187
-9999 -9999 -9999 -9999 -9999 -9999 -9999 -9999 -9999 -9999 -9999 -9999 -9999 -9999 -9999 -9999 -9999 -9999 -9999 -9999 -9999 -9999 -9999 -9999 -9999 -9999 -9999 -9999 -9999 -9999 -9999 -9999 -9999 -9999 -9999 -9999 -9999 -9999 176 176 175 175 176 178 -9999 -9999 -9999 -9999 -9999 -9999 -9999 188 189 187 187 186 182 178 178 178 175 176 174 173 175 175 174 174 176 178 179 180 182 182 184 185 186 188 190 191 191 -9999 191 -9999 -9999 -9999 -9999 -9999 188 187 186 186
-9999 -9999 -9999 -9999 -9999 -9999 -9999 -9999 -9999 -9999 -9999 -9999 -9999 -9999 -9999 -9999 -9999 -9999 -9999 -9999 -9999 -9999 -9999 -9999 -9999 -9999 -9999 -9999 -9999 -9999 -9999 -9999 -9999 -9999 -9999 -9999 178 178 178 177 176 176 178 178 -9999 183 183 184 -9999 -9999 -9999 -9999 190 189 187 185 181 180 180 179 178 179 178 178 178 177 177 177 178 178 178 178 180 182 183 185 186 189 190 191 -9999 191 191 -9999 -9999 -9999 -9999 -9999 188 187 187 188
-9999 -9999 -9999 -9999 -9999 -9999 -9999 -9999 -9999 -9999 -9999 -9999 -9999 -9999 -9999 -9999 -9999 -9999 -9999 -9999 -9999 -9999 -9999 -9999 -9999 -9999 -9999 -9999 -9999 -9999 171 172 174 175 177 178 178 179 178 178 178 178 178 -9999 -9999 -9999 -9999 -9999 -9999 -9999 -9999 -9999 -9999 190 190 186 184 182 181 180 179 179 180 179 180 178 178 179 180 181 180 177 178 181 182 185 188 189 191 191 -9999 191 191 -9999 -9999 -9999 -9999 -9999 -9999 188 188 -9999
-9999 -9999 -9999 -9999 -9999 -9999 -9999 -9999 -9999 -9999 -9999 -9999 -9999 -9999 -9999 -9999 -9999 -9999 -9999 -9999 -9999 -9999 -9999 -9999 -9999 -9999 -9999 -9999 -9999 171 172 172 174 176 177 178 178 179 177 177 178 179 -9999 -9999 -9999 -9999 -9999 -9999 -9999 -9999 -9999 -9999 -9999 -9999 190 189 186 182 182 180 180 180 180 180 180 179 180 182 183 182 180 179 179 181 183 186 188 190 192 190 191 191 -9999 -9999 -9999 -9999 -9999 -9999 -9999 188 188 -9999
-9999 -9999 -9999 -9999 -9999 -9999 -9999 -9999 -9999 -9999 -9999 -9999 -9999 -9999 -9999 -9999 -9999 -9999 -9999 -9999 -9999 -9999 -9999 -9999 -9999 -9999 -9999 -9999 -9999 172 173 174 175 176 177 178 179 179 177 177 178 179 179 -9999 -9999 -9999 -9999 -9999 -9999 194 -9999 -9999 -9999 -9999 -9999 190 189 187 183 180 180 180 181 181 181 181 181 183 183 184 183 182 182 182 185 187 190 191 192 190 191 -9999 -9999 -9999 -9999 -9999 -9999 -9999 -9999 -9999 -9999 -9999
-9999 -9999 -9999 -9999 -9999 -9999 -9999 -9999 -9999 -9999 -9999 -9999 -9999 -9999 -9999 -9999 -9999 -9999 -9999 -9999 -9999 -9999 -9999 -9999 -9999 -9999 -9999 -9999 174 174 173 175 176 176 177 178 179 180 179 178 178 179 179 179 180 -9999 -9999 -9999 -9999 -9999 -9999 -9999 -9999 -9999 -9999 -9999 190 189 187 183 182 180 182 182 182 182 182 182 184 184 184 184 184 185 186 188 191 192 190 191 192 -9999 -9999 -9999 -9999 -9999 -9999 -9999 -9999 -9999 -9999 -9999
-9999 -9999 -9999 -9999 -9999 -9999 -9999 -9999 -9999 -9999 -9999 -9999 -9999 -9999 -9999 -9999 -9999 -9999 -9999 -9999 -9999 -9999 -9999 -9999 -9999 -9999 -9999 -9999 174 175 174 174 175 175 175 176 178 179 179 179 178 178 178 178 180 183 -9999 -9999 -9999 -9999 -9999 -9999 -9999 -9999 -9999 190 186 184 186 185 183 183 183 184 183 183 183 183 184 185 185 185 186 187 187 190 192 -9999 191 192 -9999 -9999 -9999 -9999 -9999 -9999 -9999 -9999 -9999 -9999 -9999 -9999
-9999 -9999 -9999 -9999 -9999 -9999 -9999 -9999 -9999 -9999 -9999 -9999 -9999 -9999 -9999 -9999 -9999 -9999 -9999 -9999 -9999 -9999 -9999 -9999 -9999 -9999 -9999 -9999 174 175 174 173 174 174 175 175 176 178 179 178 178 178 178 178 180 182 -9999 -9999 -9999 -9999 192 -9999 -9999 -9999 -9999 189 190 189 186 184 183 183 186 187 187 185 185 186 187 188 189 189 189 189 189 191 192 -9999 192 193 -9999 -9999 -9999 -9999 -9999 -9999 -9999 -9999 -9999 -9999 -9999 -9999
-9999 -9999 -9999 -9999 -9999 -9999 -9999 -9999 -9999 -9999 -9999 -9999 -9999 -9999 -9999 -9999 -9999 -9999 -9999 -9999 -9999 -9999 -9999 -9999 -9999 -9999 -9999 -9999 174 175 174 174 174 175 175 175 175 177 179 180 180 180 -9999 181 182 -9999 -9999 -9999 -9999 -9999 -9999 -9999 190 189 188 190 189 189 186 186 185 184 185 186 189 189 189 188 189 191 191 -9999 192 191 193 191 -9999 -9999 -9999 -9999 -9999 -9999 -9999 -9999 -9999 -9999 -9999 -9999 -9999 -9999 -9999 -9999
-9999 -9999 -9999 -9999 -9999 -9999 -9999 -9999 -9999 -9999 -9999 -9999 -9999 -9999 -9999 -9999 -9999 -9999 -9999 -9999 -9999 -9999 -9999 -9999 -9999 -9999 -9999 -9999 175 175 176 176 176 176 176 176 175 177 180 181 182 183 -9999 186 -9999 -9999 188 190 -9999 190 190 192 192 191 190 191 190 189 187 186 186 185 182 183 188 190 190 -9999 -9999 -9999 -9999 -9999 -9999 -9999 -9999 -9999 -9999 -9999 -9999 -9999 -9999 -9999 -9999 -9999 -9999 -9999 -9999 -9999 -9999 -9999 -9999 -9999
-9999 -9999 -9999 -9999 -9999 -9999 -9999 -9999 -9999 -9999 -9999 -9999 -9999 -9999 -9999 -9999 -9999 -9999 -9999 -9999 -9999 -9999 -9999 -9999 -9999 -9999 -9999 -9999 -9999 177 176 176 177 176 176 175 176 178 180 181 184 184 -9999 185 -9999 -9999 187 189 189 190 190 191 192 193 193 194 -9999 191 190 188 187 185 183 182 184 188 -9999 -9999 -9999 -9999 -9999 -9999 -9999 -9999 -9999 -9999 -9999 -9999 -9999 -9999 -9999 -9999 -9999 -9999 -9999 -9999 -9999 -9999 -9999 -9999 -9999 -9999
-9999 -9999 -9999 -9999 -9999 -9999 -9999 -9999 -9999 -9999 -9999 -9999 -9999 -9999 -9999 -9999 -9999 -9999 -9999 -9999 -9999 -9999 -9999 -9999 -9999 -9999 -9999 -9999 178 178 179 178 178 176 176 176 177 179 181 183 183 183 184 186 186 -9999 187 188 188 188 188 189 191 193 195 194 191 191 190 189 187 186 187 186 184 186 -9999 -9999 -9999 -9999 -9999 -9999 -9999 -9999 -9999 -9999 -9999 -9999 -9999 -9999 -9999 -9999 -9999 -9999 -9999 -9999 -9999 -9999 -9999 -9999 -9999 -9999
-9999 -9999 -9999 -9999 -9999 -9999 -9999 -9999 -9999 -9999 -9999 -9999 -9999 -9999 -9999 -9999 -9999 -9999 -9999 -9999 -9999 -9999 -9999 -9999 -9999 -9999 -9999 -9999 -9999 181 181 180 179 177 176 176 177 179 182 182 181 182 184 185 186 -9999 188 188 187 187 188 189 190 191 192 -9999 -9999 191 190 189 189 189 188 188 188 188 -9999 -9999 -9999 -9999 -9999 -9999 -9999 -9999 -9999 -9999 -9999 -9999 -9999 -9999 -9999 -9999 -9999 -9999 -9999 -9999 -9999 -9999 -9999 -9999 -9999 -9999
-9999 -9999 -9999 -9999 -9999 -9999 -9999 -9999 -9999 -9999 -9999 -9999 -9999 -9999 -9999 -9999 -9999 -9999 -9999 -9999 -9999 -9999 -9999 -9999 -9999 -9999 -9999 -9999 -9999 -9999 -9999 182 180 178 176 176 178 180 183 182 181 182 182 182 185 -9999 -9999 188 188 188 188 187 188 190 190 -9999 -9999 -9999 -9999 -9999 -9999 -9999 -9999 -9999 -9999 -9999 -9999 -9999 181 180 -9999 -9999 -9999 -9999 -9999 -9999 -9999 -9999 -9999 -9999 -9999 -9999 -9999 -9999 -9999 -9999 -9999 -9999 -9999 -9999 -9999 -9999
-9999 -9999 -9999 -9999 -9999 -9999 -9999 -9999 -9999 -9999 -9999 -9999 -9999 -9999 -9999 -9999 -9999 -9999 -9999 -9999 -9999 -9999 -9999 -9999 -9999 -9999 -9999 -9999 -9999 -9999 185 182 180 178 177 177 178 181 184 183 183 183 183 183 185 188 -9999 -9999 -9999 -9999 189 188 187 189 189 -9999 -9999 -9999 -9999 -9999 -9999 -9999 -9999 -9999 -9999 -9999 -9999 -9999 183 181 182 -9999 -9999 -9999 -9999 -9999 -9999 -9999 -9999 -9999 -9999 -9999 -9999 -9999 -9999 -9999 -9999 -9999 -9999 -9999 -9999 -9999
-9999 -9999 -9999 -9999 -9999 -9999 -9999 -9999 -9999 -9999 -9999 -9999 -9999 -9999 -9999 -9999 -9999 -9999 -9999 -9999 -9999 -9999 -9999 -9999 -9999 -9999 -9999 -9999 -9999 187 187 182 180 179 179 180 181 182 184 184 185 184 186 186 187 187 189 189 189 190 189 188 188 188 188 184 -9999 -9999 -9999 -9999 -9999 -9999 -9999 -9999 -9999 -9999 -9999 -9999 -9999 -9999 -9999 -9999 -9999 -9999 -9999 -9999 -9999 -9999 -9999 -9999 -9999 -9999 -9999 -9999 -9999 -9999 -9999 -9999 -9999 -9999 -9999 -9999
-9999 -9999 -9999 -9999 -9999 -9999 -9999 -9999 -9999 -9999 -9999 -9999 -9999 -9999 -9999 -9999 -9999 -9999 -9999 -9999 -9999 -9999 -9999 -9999 -9999 -9999 -9999 -9999 -9999 186 185 184 181 180 181 182 184 185 185 186 -9999 -9999 -9999 -9999 188 -9999 189 190 190 190 190 190 189 -9999 -9999 -9999 -9999 -9999 -9999 -9999 -9999 -9999 -9999 -9999 -9999 -9999 -9999 -9999 -9999 -9999 -9999 -9999 -9999 -9999 -9999 -9999 -9999 -9999 -9999 -9999 -9999 -9999 205 203 199 195 193 192 192 190 191 192
-9999 -9999 -9999 -9999 -9999 -9999 -9999 -9999 -9999 -9999 -9999 -9999 -9999 -9999 -9999 -9999 -9999 -9999 -9999 -9999 -9999 -9999 -9999 -9999 -9999 -9999 -9999 -9999 -9999 -9999 185 183 183 182 183 185 188 188 188 186 187 -9999 -9999 -9999 -9999 -9999 190 -9999 191 192 -9999 192 -9999 -9999 -9999 -9999 -9999 -9999 191 192 192 190 -9999 -9999 -9999 -9999 -9999 -9999 -9999 -9999 -9999 -9999 -9999 -9999 -9999 -9999 -9999 -9999 -9999 207 210 212 208 203 199 198 196 190 189 187 187 188
-9999 -9999 -9999 -9999 -9999 -9999 -9999 -9999 -9999 -9999 -9999 -9999 -9999 -9999 -9999 -9999 -9999 -9999 -9999 -9999 -9999 -9999 -9999 -9999 -9999 -9999 -9999 -9999 -9999 -9999 185 184 184 185 186 187 190 189 188 186 185 187 187 189 -9999 190 190 191 -9999 -9999 -9999 -9999 -9999 -9999 192 192 192 192 192 193 193 195 198 -9999 -9999 -9999 -9999 -9999 -9999 -9999 -9999 -9999 -9999 -9999 -9999 -9999 -9999 -9999 202 205 209 210 207 203 199 195 191 187 184 181 180 183
-9999 -9999 -9999 -9999 -9999 -9999 -9999 -9999 -9999 -9999 -9999 -9999 -9999 -9999 -9999 -9999 -9999 -9999 -9999 -9999 -9999 -9999 -9999 -9999 -9999 -9999 -9999 -9999 -9999 -9999 -9999 184 185 186 187 188 190 189 188 185 184 186 187 188 188 192 193 -9999 -9999 -9999 -9999 -9999 195 193 193 192 192 192 192 193 194 -9999 197 -9999 -9999 -9999 -9999 -9999 -9999 -9999 -9999 -9999 -9999 216 209 203 197 197 200 203 206 207 203 202 199 194 190 187 184 180 179 184
-9999 -9999 -9999 -9999 -9999 -9999 -9999 -9999 -9999 -9999 -9999 -9999 -9999 -9999 -9999 -9999 -9999 -9999 -9999 -9999 -9999 -9999 -9999 -9999 -9999 -9999 -9999 -9999 -9999 -9999 -9999 -9999 186 186 188 188 188 188 188 187 186 187 189 190 192 193 -9999 -9999 196 195 194 194 194 193 192 193 194 193 193 194 195 197 200 204 206 -9999 -9999 -9999 206 206 207 209 212 213 208 204 198 197 198 200 201 202 201 199 197 195 193 190 187 185 184 186
-9999 -9999 -9999 -9999 -9999 -9999 -9999 -9999 -9999 -9999 -9999 -9999 -9999 -9999 -9999 -9999 -9999 -9999 -9999 -9999 -9999 -9999 -9999 -9999 -9999 -9999 -9999 -9999 -9999 -9999 185 186 186 187 188 189 190 190 190 190 189 190 192 194 196 196 195 196 196 195 194 195 196 194 194 194 194 194 195 195 196 198 201 205 208 210 208 207 206 206 206 207 207 207 205 202 200 199 198 199 200 200 200 200 200 198 196 193 191 189 189 190
-9999 -9999 -9999 -9999 -9999 -9999 -9999 -9999 -9999 -9999 -9999 -9999 -9999 -9999 -9999 -9999 -9999 -9999 -9999 -9999 -9999 -9999 -9999 -9999 187 186 185 185 185 185 -9999 187 188 188 188 189 190 191 192 192 192 193 194 196 197 196 196 196 196 196 197 196 196 196 194 195 195 194 193 195 198 200 203 206 208 210 209 207 206 205 205 205 204 203 202 200 198 198 200 201 202 202 201 201 200 200 198 196 194 193 193 193
-9999 -9999 -9999 -9999 -9999 -9999 -9999 -9999 -9999 -9999 -9999 -9999 -9999 -9999 -9999 -9999 -9999 -9999 -9999 -9999 185 186 187 187 187 186 186 185 186 188 189 190 190 189 188 189 190 192 193 194 195 194 195 197 198 198 198 197 197 197 197 196 196 196 194 194 194 194 195 197 197 199 202 205 208 208 207 206 206 205 204 204 203 204 203 200 200 199 200 201 201 202 201 201 201 201 200 198 197 197 196 197
-9999 -9999 -9999 -9999 -9999 -9999 -9999 -9999 -9999 -9999 -9999 179 180 182 182 184 183 182 183 184 186 187 188 189 189 188 187 187 189 191 192 192 191 190 190 190 191 192 193 194 197 198 198 200 200 200 200 201 200 200 198 198 198 197 196 196 196 195 196 197 197 199 203 205 205 207 206 204 206 207 207 206 205 204 204 203 201 200 202 202 202 202 202 203 203 202 201 201 200 200 201 201
-9999 -9999 -9999 -9999 -9999 -9999 -9999 -9999 -9999 181 -9999 -9999 182 183 183 184 183 183 183 184 186 189 191 192 191 190 190 190 191 192 193 193 193 194 192 192 193 194 194 194 195 198 200 200 201 202 202 202 202 202 201 200 200 198 199 198 198 198 199 199 200 201 204 206 207 208 208 206 207 210 211 210 210 208 207 206 205 203 202 202 203 204 204 205 205 204 203 204 203 203 203 202
-9999 -9999 -9999 -9999 -9999 -9999 -9999 -9999 183 183 -9999 -9999 182 183 184 184 184 184 184 184 187 189 191 192 191 191 190 191 192 193 193 194 196 196 195 195 195 196 195 195 196 197 198 200 200 200 203 204 204 204 204 203 202 201 202 201 201 201 202 203 204 205 206 208 209 210 210 208 208 210 211 213 212 211 210 209 208 206 205 206 205 205 206 207 207 207 207 207 206 207 206 205
-9999 -9999 -9999 -9999 -9999 -9999 -9999 -9999 186 185 184 -9999 184 184 185 185 185 185 185 186 187 189 190 191 190 189 189 190 190 191 192 193 194 196 197 196 196 196 196 197 198 197 198 201 201 203 205 206 205 206 206 206 205 205 206 205 205 206 205 206 207 207 208 210 211 210 211 210 212 214 214 215 214 214 213 212 212 210 209 207 206 206 206 207 206 206 207 207 207 208 208 208
-9999 -9999 -9999 -9999 -9999 -9999 -9999 187 187 187 186 185 -9999 186 186 186 186 187 187 187 188 189 190 191 191 190 189 190 191 191 191 192 193 194 196 198 198 199 199 199 199 198 198 200 202 203 205 206 206 207 207 208 207 208 208 208 209 209 208 209 209 209 209 209 213 215 215 215 216 216 217 220 219 218 216 215 213 211 210 209 208 208 207 207 207 207 207 208 209 210 210 210
-9999 -9999 -9999 -9999 -9999 -9999 -9999 187 188 188 187 186 186 187 187 188 188 188 188 189 189 190 191 191 191 191 190 192 192 191 192 193 194 196 197 198 198 199 199 200 200 201 201 202 202 204 204 204 207 206 208 208 209 209 210 210 211 211 212 211 211 211 211 211 213 216 218 219 219 220 220 220 220 218 217 215 212 211 210 210 209 209 208 207 207 207 208 209 210 211 213 214
-9999 -9999 -9999 -9999 -9999 -9999 -9999 188 189 189 188 188 187 188 188 188 189 190 190 191 190 190 191 191 192 193 193 194 194 194 193 194 195 196 197 198 199 199 199 199 200 200 201 202 203 204 205 205 206 206 208 209 210 210 211 212 212 213 213 213 213 214 214 214 215 215 217 220 218 217 216 214 217 217 216 214 212 211 211 210 209 209 209 208 208 208 209 210 212 213 215 216
-9999 -9999 -9999 -9999 -9999 -9999 190 190 190 190 189 189 189 189 188 188 192 192 192 193 193 191 192 193 194 194 194 196 195 194 193 193 195 197 196 193 192 195 199 198 199 200 201 202 199 202 202 203 206 209 209 209 209 210 210 211 213 213 214 215 214 215 215 215 214 217 217 219 220 217 216 216 216 216 216 216 214 212 212 211 211 211 210 210 210 210 211 212 213 215 217 218
-9999 -9999 -9999 -9999 -9999 192 192 192 192 191 191 190 190 191 191 189 193 195 195 196 195 194 194 193 194 196 198 199 198 196 194 195 194 192 190 194 197 194 198 194 197 197 199 202 203 204 205 205 206 209 211 210 209 209 206 209 211 213 214 215 214 215 215 216 217 217 216 216 219 219 218 218 218 217 217 216 215 214 213 212 212 211 211 211 211 212 213 213 214 215 217 219
