resultados/variables_proyeccion_tiempo/variables_futuro_ccsm_A1B/bio19.asc
ncols 330
nrows 228
xllcorner -12.000000
yllcorner 34.000000
cellsize 0.166667
NODATA_value -9999
[rows 123 to 163 of 228, columns 93 to 185 of 330]
189 191 194 196 199 203 205 207 209 209 205 202 199 196 195 193 196 197 201 205 212 220 222 223 225 245 252 256 272 284 292 276 244 204 204 184 184 180 158 177 180 176 164 132 110 106 95 103 103 96 93 96 102 105 110 112 115 117 115 118 123 124 125 126 124 125 127 131 133 133 128 123 116 110 104 100 94 89 90 91 90 91 95 96 98 97 100 97 96 98 98 98 98
192 193 195 197 199 202 205 206 207 207 209 205 200 194 190 192 197 198 200 202 213 230 245 259 263 269 268 290 293 340 351 282 235 221 200 177 175 204 170 167 189 158 136 120 106 92 92 102 103 102 99 100 103 106 110 113 117 117 116 118 124 128 131 131 125 125 126 133 139 137 132 125 119 113 103 95 89 87 87 89 91 93 94 96 100 100 101 100 100 101 101 100 100
193 195 197 199 200 203 203 204 205 206 209 210 204 192 188 190 196 200 199 196 193 210 231 242 257 276 271 293 322 318 293 238 231 217 164 160 164 172 160 162 148 149 121 107 89 84 95 101 108 112 114 112 109 109 112 117 122 122 125 127 125 124 130 130 131 130 131 132 135 135 132 128 122 116 110 101 91 88 87 87 88 89 90 93 98 101 103 104 105 105 105 104 103
195 200 204 202 207 206 206 205 205 204 205 206 206 197 199 200 200 201 197 195 187 187 205 217 227 246 249 253 298 279 239 202 192 188 160 178 174 151 159 145 146 162 135 115 98 104 111 120 124 128 129 123 122 117 119 125 126 129 138 138 139 131 122 122 121 123 126 122 125 131 146 146 129 123 124 114 98 92 88 89 86 88 89 93 98 102 105 107 108 110 109 108 108
197 204 205 209 208 217 211 212 207 209 212 215 216 218 233 232 243 231 208 195 191 181 190 201 206 214 237 263 238 240 211 187 179 173 164 160 147 153 156 174 155 158 190 177 136 127 124 125 126 142 143 132 133 126 129 136 139 142 145 152 161 156 134 121 110 108 109 110 116 123 139 149 172 168 135 120 122 107 92 89 88 89 90 94 99 103 108 110 111 113 112 112 112
194 203 211 218 221 224 217 218 220 221 220 228 232 253 279 329 333 288 254 227 217 198 190 203 205 211 233 238 209 185 180 171 169 177 204 162 151 156 186 198 171 150 153 182 188 170 165 142 161 164 163 151 144 145 144 153 160 157 172 157 129 107 107 101 98 95 93 96 99 104 110 120 124 126 123 121 112 105 102 90 89 92 94 95 101 106 110 111 112 112 113 113 114
188 201 211 219 234 234 229 230 229 234 240 244 249 286 318 337 338 317 281 253 234 235 197 172 169 196 183 165 173 190 189 159 150 162 182 175 161 169 217 187 148 148 146 148 163 175 178 183 187 180 181 156 153 175 196 198 201 169 139 113 103 97 92 84 79 78 83 85 87 92 97 100 106 108 107 100 110 116 89 95 100 91 94 98 102 105 108 111 113 113 114 116 116
194 211 223 238 249 256 260 250 240 242 238 244 274 308 298 290 285 279 253 244 239 224 186 173 174 180 182 175 178 208 178 151 147 150 154 161 161 168 171 150 144 144 143 140 138 140 144 159 186 190 181 177 162 151 148 138 131 159 134 107 105 104 96 81 72 71 72 76 79 83 86 91 92 93 92 93 100 124 109 114 132 128 120 120 109 106 109 109 108 111 114 115 119
195 210 226 247 271 278 269 258 265 261 268 309 281 279 262 246 252 231 220 216 205 187 183 195 203 171 180 171 151 144 142 146 142 152 164 173 165 151 144 145 144 144 142 145 140 152 154 150 158 190 192 165 148 126 143 168 150 149 133 126 116 107 96 86 74 69 73 77 79 80 83 85 87 87 88 89 92 96 104 117 116 129 162 130 117 109 107 106 106 112 116 120 122
186 202 222 240 273 299 293 292 299 312 329 330 312 282 250 226 210 192 192 187 173 188 206 189 200 177 138 141 134 129 140 152 149 146 160 179 158 146 149 143 136 144 151 143 142 164 161 161 157 173 170 165 145 152 151 145 145 142 136 123 117 115 100 89 83 78 83 87 88 92 89 87 93 94 90 92 91 97 94 102 94 107 123 126 124 112 108 108 104 110 118 123 125
171 182 199 224 244 259 265 261 279 306 330 336 306 273 236 218 208 191 185 190 215 235 213 190 173 158 159 152 143 133 142 172 165 165 158 162 151 155 150 144 141 154 151 147 145 148 160 163 162 158 150 149 145 167 150 136 136 133 126 124 130 135 133 109 95 91 91 96 96 97 102 104 103 109 112 112 104 101 99 99 92 89 98 122 127 122 115 106 107 118 126 140 157
163 171 179 193 205 218 237 253 263 269 282 285 278 255 238 220 206 195 199 222 219 217 212 196 179 175 177 160 142 139 141 170 181 182 175 167 164 158 154 151 151 148 150 150 144 145 152 158 159 150 149 142 148 156 158 149 143 142 139 147 145 158 140 122 110 111 113 108 112 108 108 108 106 110 114 118 111 106 96 101 101 90 91 105 118 115 111 121 134 148 181 163 181
162 166 163 171 186 200 209 226 243 257 261 257 249 244 238 216 192 202 198 195 198 203 198 182 181 177 182 179 146 145 145 165 167 165 160 154 157 161 163 162 160 157 156 151 147 142 146 157 164 152 145 141 144 152 162 175 158 166 162 168 165 155 144 130 123 121 119 114 124 123 120 120 114 114 111 108 103 100 92 106 106 92 92 97 106 125 128 142 166 183 177 169 184
164 165 164 163 176 188 204 204 220 232 237 240 219 216 212 206 197 196 199 191 197 198 191 185 184 192 191 175 154 152 149 154 151 146 140 142 151 157 162 159 161 159 156 156 152 145 149 153 161 156 144 140 145 152 157 165 182 209 220 210 185 175 156 143 136 128 125 121 125 126 130 125 124 116 111 105 105 94 88 96 95 98 103 104 109 121 138 147 164 168 157 159 178
166 169 168 170 165 175 188 196 204 211 220 213 210 194 198 200 198 200 205 194 190 187 189 183 177 172 170 155 157 160 160 156 150 141 136 147 158 150 152 156 156 155 155 155 152 159 154 153 151 156 147 139 152 168 177 191 202 244 256 283 270 229 198 171 148 139 137 128 127 131 134 122 120 117 110 105 98 94 88 88 95 101 112 108 114 125 139 153 142 149 167 197 174
168 171 170 157 159 163 177 187 188 194 200 194 193 183 189 188 193 198 196 189 180 178 177 167 156 150 147 151 156 178 174 169 155 137 129 133 148 153 150 151 159 153 149 159 158 160 154 153 149 145 146 143 145 151 159 176 209 240 246 280 288 269 243 223 185 154 149 140 135 140 133 124 119 116 110 103 99 96 95 98 100 104 108 114 132 140 136 133 150 174 181 173 179
168 164 160 164 167 168 168 171 180 186 192 189 177 178 173 190 200 198 190 182 179 172 171 147 136 132 137 146 183 223 224 188 167 152 132 133 137 142 163 162 163 159 153 152 152 152 146 143 142 144 148 153 158 167 172 178 187 205 239 237 253 270 266 237 204 183 172 167 150 144 138 133 124 120 111 105 103 103 108 106 107 112 121 130 134 130 131 142 135 154 151 176 196
162 157 158 162 166 170 171 172 177 185 192 189 192 190 187 200 202 198 192 187 185 196 209 146 120 123 135 164 274 247 220 192 171 153 140 149 166 166 162 156 150 148 149 151 151 152 150 150 150 152 154 156 163 173 183 195 205 216 234 248 250 258 240 233 227 197 198 199 174 157 146 135 127 119 113 113 115 118 116 117 118 123 127 133 132 124 133 132 132 144 173 162 165
165 165 165 170 174 172 175 179 189 197 198 205 205 201 214 208 211 212 202 197 199 234 224 157 115 123 147 192 243 243 214 189 174 178 187 188 190 169 154 148 152 156 157 158 157 158 160 158 154 150 150 161 170 180 191 202 216 233 240 243 253 249 229 209 217 191 176 183 186 180 163 139 120 112 113 116 119 123 122 123 124 132 144 133 126 124 127 129 139 141 157 158 166
172 176 180 173 178 185 193 199 207 204 206 214 216 219 223 225 232 226 224 224 209 244 211 119 117 133 186 212 235 236 221 214 222 223 202 189 171 161 157 158 163 165 166 166 164 165 164 162 159 157 159 167 174 178 188 202 216 228 241 258 260 241 215 188 172 162 152 150 152 149 133 127 122 117 118 123 129 125 124 124 127 139 133 128 124 122 122 124 126 130 133 139 142
178 179 180 185 194 200 209 208 205 213 223 226 223 234 235 242 249 261 254 279 311 300 173 106 124 148 193 278 314 268 239 239 240 214 190 177 179 177 178 175 176 176 176 174 174 171 172 170 169 168 167 170 174 187 193 203 218 238 266 286 284 256 226 200 181 168 160 149 142 134 133 131 130 135 135 134 128 123 123 124 126 126 127 125 122 119 118 119 122 128 128 130 131
164 172 183 199 213 212 210 213 215 227 227 234 230 230 230 242 252 272 293 303 320 288 141 111 126 174 277 325 312 261 251 239 215 197 194 193 187 192 197 193 191 191 187 186 183 175 175 173 174 172 168 167 175 184 197 206 210 244 273 297 298 282 271 233 214 196 189 176 175 171 173 168 153 154 145 136 122 121 122 119 121 122 123 122 119 117 116 116 119 125 126 128 144
168 180 192 205 218 224 221 224 225 232 232 226 229 236 240 245 257 264 272 295 269 203 149 135 149 240 295 312 280 242 235 202 192 180 176 190 195 210 209 207 202 198 192 191 186 178 173 172 176 179 180 175 193 194 219 242 233 245 296 308 333 344 332 309 262 252 209 204 195 202 195 186 192 187 152 128 125 119 115 111 114 116 117 117 115 115 115 116 118 125 126 129 134
176 180 198 212 225 227 227 229 228 218 214 215 222 230 240 258 266 262 263 253 228 205 183 172 155 176 208 220 210 218 210 207 200 195 188 191 210 226 221 214 209 204 201 196 195 184 182 180 180 186 194 181 194 194 232 240 263 284 303 319 326 334 316 309 284 258 251 223 225 228 207 194 167 180 184 142 136 119 111 107 108 111 113 113 114 116 116 118 121 127 129 129 132
182 189 203 217 220 219 221 235 230 200 197 205 216 232 252 256 263 272 278 267 262 238 241 205 211 222 217 210 208 224 220 221 227 218 218 222 224 234 226 222 207 226 217 209 207 201 178 215 193 176 166 173 186 202 224 238 262 284 271 294 322 323 299 296 307 292 272 247 214 173 164 170 179 157 152 130 127 120 105 103 106 109 110 111 113 118 122 122 124 127 124 124 124
185 189 213 230 223 214 214 221 208 183 190 200 220 233 246 274 288 307 316 314 319 317 288 267 238 202 205 221 224 213 225 214 223 242 249 259 221 229 243 246 262 245 234 200 192 212 179 169 181 204 177 209 209 209 217 245 240 256 271 302 312 312 312 300 280 257 236 200 185 206 157 155 147 133 123 118 113 109 101 101 106 109 109 112 120 131 131 128 122 122 123 121 118
185 186 202 223 204 198 206 212 185 183 187 200 217 232 258 293 314 348 354 369 343 294 215 211 208 241 256 230 220 216 257 277 285 280 303 251 256 274 221 247 265 236 210 218 230 318 216 169 228 210 228 262 277 288 268 295 268 264 282 289 283 274 274 261 246 224 250 211 220 157 136 124 123 122 122 119 116 111 106 106 110 112 113 117 125 129 127 122 123 121 121 120 118
176 175 194 198 189 203 196 184 178 180 189 200 216 247 300 340 350 385 388 304 216 212 218 229 238 254 302 320 275 317 287 323 369 330 344 306 220 224 246 287 281 226 234 344 292 267 231 142 184 224 158 228 242 226 210 244 221 240 245 252 255 266 267 242 213 186 228 200 202 197 138 123 125 130 131 129 124 119 116 115 115 118 122 121 125 125 123 123 124 123 121 121 118
169 169 175 176 180 181 184 175 174 182 189 199 228 278 307 370 392 382 260 252 240 251 296 324 246 294 317 344 374 438 377 395 382 314 259 221 242 255 306 265 232 233 180 309 280 218 134 145 131 139 123 142 158 178 184 192 200 220 225 234 241 246 242 208 187 160 188 177 188 203 149 143 142 143 140 137 133 127 125 124 123 125 125 125 124 126 128 128 126 124 123 123 119
163 161 166 164 166 175 171 172 175 179 187 205 252 276 348 414 442 294 248 271 295 313 389 370 374 385 418 528 450 473 378 393 335 385 329 288 250 294 254 254 218 206 193 163 140 121 113 116 118 170 148 163 167 157 167 187 199 210 222 235 245 238 224 200 174 176 177 187 181 185 184 181 170 161 153 145 139 136 134 134 133 132 130 130 129 131 130 128 127 125 123 122 120
157 156 152 152 158 170 172 176 168 177 185 223 252 284 351 406 267 228 234 279 286 374 383 449 457 488 521 424 419 422 322 332 260 321 287 266 282 291 308 238 219 191 291 197 130 111 115 104 127 151 147 140 138 151 165 180 207 230 232 234 236 239 240 230 230 231 232 224 214 197 213 206 184 173 163 156 151 146 142 140 139 139 137 136 133 131 129 127 127 128 125 123 121
150 154 145 148 155 178 182 163 165 175 186 217 255 322 360 243 234 315 374 429 320 382 369 328 364 380 364 392 329 313 256 232 242 229 223 195 228 228 199 171 142 161 189 134 119 127 109 102 119 125 132 128 149 159 174 210 234 261 255 251 253 244 245 245 233 233 239 233 226 216 207 199 191 187 178 171 161 156 152 148 146 144 143 140 138 137 134 132 131 133 129 125 124
145 161 144 134 151 177 169 152 167 178 189 220 288 302 257 264 279 298 316 375 475 322 406 475 525 494 507 402 227 253 217 206 210 206 201 185 188 180 179 160 133 154 173 111 132 132 116 112 121 129 147 172 172 172 235 270 268 270 274 266 260 257 256 258 260 270 269 258 250 242 228 222 207 188 177 171 165 163 159 157 155 152 149 146 143 138 135 133 132 131 131 129 127
136 157 146 131 147 162 152 151 164 175 184 226 281 257 232 236 306 383 374 380 503 486 491 502 478 482 443 286 239 200 197 204 209 196 191 177 164 161 149 143 141 128 122 115 141 130 107 112 113 136 166 181 214 236 257 261 259 258 259 259 255 254 259 272 282 287 292 286 273 260 244 226 214 196 193 181 170 166 165 163 163 162 158 152 147 142 137 132 131 131 132 132 131
118 162 141 123 133 159 160 149 154 170 188 200 227 211 225 286 314 311 372 481 454 406 295 327 281 320 315 232 186 186 195 205 208 204 199 191 181 171 162 158 138 137 135 144 128 118 132 164 175 192 196 196 204 217 231 240 243 246 250 250 248 256 270 284 294 300 300 304 297 280 269 258 239 211 191 181 176 174 173 174 172 171 169 162 155 149 143 139 137 137 138 138 137
138 141 178 124 127 156 163 153 163 186 203 213 209 244 226 273 247 317 386 367 437 453 456 428 369 227 220 162 167 178 190 200 202 200 196 194 190 186 178 172 165 160 163 152 145 138 157 194 213 205 198 191 185 192 208 220 230 236 -9999 -9999 240 243 274 296 311 295 310 320 317 303 277 262 240 223 209 199 190 185 183 186 182 181 179 180 171 160 152 147 145 145 146 146 144
137 121 145 134 135 160 184 160 174 198 218 229 230 263 279 242 305 392 348 448 455 472 390 280 199 149 142 148 159 172 183 193 197 197 193 190 186 182 178 176 174 169 163 156 149 154 170 187 196 196 192 184 173 173 191 -9999 -9999 -9999 -9999 -9999 238 254 274 298 319 337 323 330 330 322 300 278 259 246 230 216 209 200 196 193 192 191 191 186 175 169 164 157 154 153 154 154 152
120 132 122 120 146 186 173 166 176 200 222 218 246 254 262 390 348 328 425 404 415 432 311 172 136 135 135 141 153 167 182 193 199 198 194 189 182 176 174 175 174 172 166 160 154 155 163 172 177 177 177 172 165 -9999 -9999 -9999 -9999 -9999 -9999 -9999 234 253 276 298 316 -9999 355 339 329 336 321 300 282 267 248 238 234 222 211 205 202 199 195 189 183 175 169 165 162 161 161 160 157
119 121 109 148 163 180 178 176 179 193 203 248 277 223 336 344 426 438 403 365 333 251 187 138 132 128 125 131 145 165 184 198 206 206 200 190 178 171 172 175 177 174 170 164 159 156 157 157 157 158 160 159 159 159 -9999 -9999 -9999 -9999 -9999 -9999 229 242 268 290 324 336 346 346 346 349 343 327 308 286 271 258 244 232 228 222 220 212 204 197 190 183 177 173 171 170 168 166 163
141 144 135 176 182 172 178 188 185 205 248 278 279 242 309 376 423 436 346 341 391 287 164 134 131 126 121 129 146 169 191 209 220 218 209 197 181 169 173 180 183 181 177 171 164 159 154 147 141 143 147 149 151 155 160 -9999 -9999 -9999 -9999 -9999 -9999 234 246 276 302 318 340 343 350 353 356 348 336 305 289 274 257 246 241 230 229 224 216 208 200 194 188 185 182 179 176 174 170
182 152 170 180 182 176 183 190 194 203 215 242 269 268 277 295 349 393 297 346 342 314 164 138 134 129 126 131 147 175 204 226 239 225 209 205 197 190 188 192 194 193 188 181 172 164 156 146 137 137 141 143 144 150 -9999 -9999 -9999 -9999 -9999 -9999 -9999 -9999 240 -9999 273 302 -9999 320 333 344 366 362 347 331 306 302 284 272 256 246 240 232 224 215 207 202 198 195 191 188 184 182 179
