resultados/variables_proyeccion_tiempo/variables_futuro_ccsm_A1B/bio18.asc
ncols 330
nrows 228
xllcorner -12.000000
yllcorner 34.000000
cellsize 0.166667
NODATA_value -9999
[rows 120 to 159 of 228, columns 92 to 183 of 330]
-9999 -9999 -9999 -9999 172 173 174 170 165 166 170 173 174 176 179 182 184 186 186 188 191 193 194 198 196 194 196 201 207 212 215 216 216 219 208 214 208 211 216 211 209 231 230 205 177 171 162 158 156 152 150 152 155 158 162 167 169 171 173 175 176 172 170 170 170 171 172 171 170 172 172 174 175 176 176 176 177 179 181 180 179 180 180 180 181 181 178 176 176 177 181 181
-9999 -9999 168 168 169 168 166 158 160 164 167 169 170 174 178 184 188 189 188 189 192 195 197 196 195 196 198 202 209 210 208 206 207 225 209 209 206 230 215 202 211 234 277 278 232 202 181 168 161 157 153 155 154 157 160 167 168 171 174 176 178 179 177 176 173 173 172 172 173 175 176 177 179 180 180 180 181 182 182 182 182 182 184 182 183 183 181 178 175 177 180 182
164 165 165 165 166 162 154 156 158 162 165 166 166 172 179 184 187 189 191 190 192 197 197 198 198 198 199 201 204 210 214 215 217 222 206 202 201 208 214 201 209 198 213 205 204 205 201 187 175 167 162 160 157 157 160 165 171 174 176 179 182 182 183 182 178 178 176 177 178 180 182 181 183 185 188 190 190 186 187 188 186 185 184 184 184 182 182 181 177 179 184 186
162 164 165 164 159 154 152 154 158 162 166 167 166 172 179 184 187 190 190 190 192 200 208 210 208 207 215 217 218 224 229 233 229 217 201 205 198 205 209 199 210 211 209 203 185 173 172 165 172 171 164 160 157 158 162 167 172 179 183 182 184 187 186 184 184 179 177 177 178 180 184 185 189 191 193 194 196 194 190 192 193 189 188 191 189 189 187 189 183 184 187 189
161 162 161 159 156 151 151 153 157 162 168 173 174 176 179 183 188 192 192 192 192 206 221 228 230 227 226 222 229 228 245 251 226 209 209 203 193 198 221 202 199 213 195 184 178 173 166 171 178 176 171 165 162 162 165 170 176 183 186 187 190 195 196 196 193 184 180 177 180 184 187 193 196 200 203 201 197 195 194 195 197 197 196 194 193 195 193 192 190 190 192 193
158 158 158 153 151 150 149 150 155 162 170 178 182 183 179 182 186 192 196 197 198 204 216 222 222 224 228 221 227 237 233 223 202 206 208 183 186 192 199 192 192 183 185 171 166 160 162 177 182 181 178 177 172 168 169 174 181 189 193 199 203 202 198 201 198 196 191 188 185 184 189 197 205 210 215 217 212 203 202 201 199 197 195 194 195 197 196 197 197 198 199 201
154 155 156 153 152 154 151 150 157 165 171 178 181 185 183 189 193 194 196 198 204 206 206 210 211 209 214 210 207 225 214 197 183 185 192 183 203 201 184 188 176 176 188 175 168 163 175 187 193 190 188 186 179 178 176 180 188 193 200 212 214 217 210 198 196 192 193 193 184 185 196 223 232 225 231 241 234 218 212 206 206 201 199 198 199 199 200 201 203 205 209 209
150 155 153 154 157 157 163 160 167 170 177 184 189 192 196 209 211 217 212 203 201 203 198 199 200 197 196 203 214 199 199 184 174 177 184 188 194 183 184 183 192 176 177 207 205 184 185 188 189 187 193 191 183 186 182 188 199 205 212 217 228 238 236 216 202 189 186 184 183 190 200 224 242 272 275 255 245 251 237 218 212 206 204 203 202 202 203 205 208 211 214 215
142 148 152 157 162 166 171 170 176 182 190 192 199 200 214 229 256 260 239 225 215 211 202 195 198 195 195 203 203 186 171 168 165 172 188 213 191 183 184 202 207 182 167 178 205 216 208 208 192 202 200 197 192 190 197 201 212 223 225 240 233 211 194 194 189 186 183 178 179 182 190 201 220 233 243 246 248 243 238 236 218 211 208 206 202 206 210 211 213 216 218 220
137 143 150 157 163 174 176 177 184 189 200 207 209 208 227 243 255 258 250 234 223 215 216 194 178 174 187 177 165 169 179 181 166 165 179 199 198 188 192 225 199 168 168 173 182 198 210 212 213 212 202 203 192 196 218 239 246 254 235 214 196 190 187 185 177 174 174 179 181 180 187 196 205 218 228 229 225 241 249 222 226 223 203 203 207 212 212 213 217 224 225 227
138 147 158 166 175 181 187 193 192 193 203 205 205 218 234 229 228 228 228 216 214 212 206 185 176 175 178 178 174 178 198 183 169 169 174 180 186 187 191 191 173 169 171 174 178 181 185 187 195 209 207 199 205 204 203 206 202 202 229 211 191 193 197 193 182 176 175 175 178 181 185 191 200 206 212 212 213 225 255 240 244 258 248 238 239 225 221 224 225 224 230 234
142 148 158 167 178 190 194 192 190 200 204 211 231 216 215 208 202 209 200 194 192 188 180 179 187 192 172 180 175 166 166 169 173 172 179 190 197 190 177 170 170 171 174 177 184 183 193 194 189 192 212 215 202 197 187 206 228 221 222 211 208 203 198 194 189 183 180 184 185 186 187 191 197 202 203 205 207 211 221 231 244 241 252 287 255 242 232 231 232 231 239 242
136 143 154 164 173 189 201 201 203 209 218 226 228 223 211 198 189 184 177 176 173 167 178 190 182 190 177 154 160 161 162 173 182 181 179 190 203 185 174 175 170 167 177 187 186 187 203 199 198 195 207 205 207 198 211 215 215 218 216 213 205 200 202 193 189 190 188 195 199 199 203 200 198 208 210 205 208 208 217 214 224 212 228 249 256 255 242 239 242 238 240 246
130 134 142 153 165 175 181 184 182 194 206 215 218 212 202 187 182 181 176 173 176 192 205 193 182 172 166 170 171 170 169 178 200 197 198 191 194 183 184 178 173 173 188 189 190 190 192 201 205 204 202 196 199 201 223 215 207 208 206 202 200 207 215 220 206 199 199 202 206 206 208 214 218 218 227 232 233 223 220 218 217 208 204 218 253 260 256 252 243 245 254 258
129 129 137 143 151 157 162 172 180 185 188 194 197 199 192 188 181 178 176 182 196 195 194 193 186 177 177 182 177 172 176 182 205 214 216 211 204 199 191 186 184 186 187 193 195 190 192 199 206 208 202 202 198 206 216 219 213 209 208 205 213 214 231 224 216 212 217 222 218 223 220 220 222 220 225 231 238 230 224 211 220 222 207 209 230 247 243 239 255 271 286 323
127 130 136 137 143 151 157 161 169 179 187 191 190 189 191 190 180 169 179 178 179 183 188 188 180 182 182 189 193 177 183 189 207 210 210 207 200 200 201 202 202 202 201 203 200 198 194 201 212 220 210 204 202 205 213 221 231 216 219 216 223 225 223 224 220 221 225 226 224 236 235 231 234 228 228 225 222 214 209 200 224 226 207 207 214 226 251 256 271 297 316 311
129 133 138 140 141 149 156 164 163 173 182 187 191 181 181 178 175 170 174 179 178 185 188 188 188 190 198 201 194 184 188 193 202 202 201 197 197 204 207 211 209 211 210 211 212 211 205 212 217 226 221 209 206 209 215 217 222 231 246 252 248 234 234 229 228 231 229 231 229 235 236 243 238 240 229 221 212 212 196 188 204 205 210 219 220 224 239 258 267 284 285 271
133 137 142 144 147 145 152 159 164 170 177 186 185 185 175 176 175 172 177 185 182 184 186 191 193 193 193 194 186 189 193 200 204 207 203 202 213 220 209 210 214 216 216 219 221 221 230 228 227 226 230 220 209 220 232 237 243 245 268 275 298 297 272 259 247 236 236 241 234 236 241 246 233 232 227 217 208 197 191 183 185 201 213 229 220 225 237 252 265 245 250 272
135 139 145 147 139 143 147 156 163 165 173 181 183 184 177 179 173 173 178 182 182 182 186 192 190 189 189 186 189 193 211 214 218 215 208 205 209 219 221 217 219 229 225 222 236 239 244 239 238 234 230 229 222 220 224 226 235 255 269 267 294 307 302 294 292 270 250 251 246 243 252 245 235 229 222 214 201 192 187 187 195 203 212 218 224 244 250 239 229 246 275 280
136 140 140 139 143 148 150 150 155 163 173 181 185 180 179 174 179 179 180 180 181 186 188 194 185 185 185 187 192 217 248 254 235 229 226 215 215 215 217 240 241 245 242 238 239 242 244 239 237 237 239 242 244 245 248 246 244 244 246 261 249 271 303 317 307 292 282 278 278 262 259 253 249 235 227 209 197 190 189 199 202 208 219 231 240 240 226 223 234 216 236 224
134 134 133 137 140 144 150 152 156 162 172 182 184 188 187 182 185 181 181 183 187 192 206 222 192 182 187 193 210 282 266 254 241 234 229 224 233 251 251 248 242 237 237 242 247 252 256 255 259 261 264 263 260 262 267 269 272 270 265 263 258 269 299 299 313 324 304 313 319 296 279 267 253 239 222 207 200 199 200 201 208 215 229 235 237 228 207 215 208 201 212 249
131 134 136 139 144 146 147 151 157 167 177 182 190 192 189 196 189 188 191 190 193 203 232 235 203 183 194 208 234 262 262 249 240 238 250 267 275 282 262 248 240 246 253 260 266 269 275 281 282 280 276 273 281 283 288 293 295 298 299 289 282 294 306 304 302 325 307 297 309 315 312 292 261 229 210 202 197 191 193 197 206 215 238 249 226 207 199 197 194 203 200 218
138 138 143 146 142 146 152 159 166 176 178 183 191 194 196 198 197 201 199 203 210 210 240 230 180 189 207 242 251 258 256 254 260 281 294 287 283 272 262 258 259 266 270 276 283 285 293 295 296 296 296 296 300 301 300 305 314 319 320 320 327 330 321 309 292 285 281 273 274 279 276 254 244 232 216 206 204 201 185 190 199 209 232 216 203 193 186 181 177 175 176 175
140 142 143 144 145 151 157 165 168 170 180 190 195 195 202 203 206 210 219 220 244 273 276 209 173 197 223 254 297 316 280 266 285 303 295 286 283 290 289 291 285 286 289 294 298 307 309 316 318 319 319 316 313 313 325 328 335 347 359 375 384 379 354 335 321 305 294 288 278 271 260 256 250 245 245 238 227 203 188 191 196 200 198 193 186 179 173 168 164 162 166 162
132 133 139 145 153 159 159 161 168 173 185 190 198 197 199 198 205 210 224 244 258 279 271 188 177 199 244 307 334 327 286 286 296 293 293 304 313 311 316 320 311 309 314 313 320 326 318 327 330 337 334 323 315 324 332 345 356 362 390 404 415 411 395 390 358 344 331 328 315 316 310 310 301 280 276 259 237 204 197 198 192 190 187 181 174 168 161 157 154 154 158 156
139 137 145 149 153 157 163 166 173 179 188 192 192 197 202 206 208 213 218 228 251 246 216 191 191 214 288 327 342 324 298 298 284 289 290 297 322 328 340 333 330 322 322 318 328 334 326 326 332 345 350 348 335 355 352 373 388 389 400 429 437 452 457 447 429 397 391 352 350 340 347 338 327 329 318 274 234 222 207 195 184 183 180 174 166 157 152 150 149 148 154 152
146 142 145 154 157 160 164 172 178 182 181 182 186 193 200 208 220 223 221 225 226 219 218 215 217 218 252 286 302 300 309 305 309 314 320 321 327 342 350 340 333 321 329 328 327 350 342 347 351 356 363 366 352 355 360 384 389 402 417 431 445 448 452 442 432 415 398 394 370 373 372 353 341 311 321 321 268 255 222 203 189 183 178 171 163 157 153 149 148 150 157 155
149 150 154 161 166 164 166 171 186 186 172 175 183 193 205 220 223 226 233 239 240 247 244 261 249 269 293 306 314 323 339 338 346 360 360 367 370 355 352 342 340 315 339 336 334 335 343 343 362 364 349 341 347 360 368 380 386 399 413 413 429 442 446 431 429 436 424 410 392 367 333 324 327 333 308 297 263 253 236 204 191 185 180 173 166 160 159 159 155 155 158 151
156 156 159 176 186 177 171 174 183 176 164 173 183 197 208 219 236 244 255 266 272 285 295 292 292 288 283 306 340 358 355 364 353 365 391 401 396 347 351 357 342 346 331 328 308 312 324 325 324 342 365 345 372 371 364 373 379 386 394 409 423 428 429 434 428 417 403 386 357 346 366 327 325 313 293 270 253 237 224 205 195 190 185 177 172 175 183 175 163 149 147 149
165 163 165 176 190 172 168 176 182 166 168 174 185 197 208 224 242 252 272 283 299 296 281 244 253 266 310 341 348 364 365 395 414 424 409 429 376 375 377 319 335 337 314 298 317 325 361 327 320 355 354 360 367 369 380 385 393 388 391 400 403 407 408 412 405 397 381 397 368 377 328 312 304 300 286 274 256 244 228 213 204 200 191 184 179 183 178 163 147 149 146 147
164 164 165 179 180 172 181 176 169 165 170 177 186 196 214 240 255 261 281 292 268 235 236 241 256 278 308 360 389 379 410 402 436 463 431 439 401 331 332 337 353 342 302 312 375 351 339 328 299 337 346 331 357 359 367 357 369 359 369 373 379 385 393 399 389 370 347 380 358 361 358 308 298 296 291 283 270 254 240 227 217 208 201 196 185 182 167 152 146 149 150 148
166 168 170 174 174 175 175 176 169 169 175 180 186 203 228 239 261 271 274 235 241 241 246 275 305 265 321 356 390 414 461 442 456 452 415 372 341 353 354 377 337 308 314 274 358 343 311 277 302 294 304 300 322 326 341 341 341 340 351 353 358 358 372 375 352 340 316 342 330 337 356 304 300 293 289 278 270 262 246 237 229 217 210 201 188 177 172 167 162 157 154 153
172 174 175 179 175 175 181 174 174 174 176 181 191 216 225 252 273 285 239 225 240 253 266 322 325 342 365 404 473 446 472 442 452 428 447 412 385 357 379 344 337 311 295 277 268 261 249 246 270 284 319 325 326 333 324 328 332 335 334 342 347 355 349 343 328 310 314 314 323 317 323 326 324 305 288 280 268 258 250 244 238 229 219 205 197 188 185 177 170 166 162 158
176 179 182 179 178 181 187 183 183 175 179 184 203 214 226 251 270 224 209 212 233 237 294 310 365 389 419 453 417 429 442 418 429 395 420 397 378 378 379 381 336 318 287 356 300 262 234 239 257 293 311 306 316 305 309 319 317 321 324 330 340 346 351 353 337 345 351 351 346 333 311 334 327 299 284 278 273 266 257 246 239 232 225 214 206 198 190 183 176 173 174 166
179 184 193 185 187 190 201 199 178 177 183 187 201 216 242 254 212 212 247 275 309 249 296 289 274 318 345 356 396 385 399 387 378 389 377 374 328 352 339 310 279 250 273 300 256 253 230 238 261 289 299 302 289 297 305 307 315 320 321 323 328 329 334 334 334 308 303 318 322 314 299 292 291 286 292 286 282 268 261 255 244 237 229 222 213 207 202 197 190 189 189 176
181 192 208 194 185 195 209 196 175 183 188 190 204 233 234 216 222 231 238 245 278 349 254 323 384 427 423 447 407 308 366 357 338 368 375 343 327 319 306 299 281 255 267 290 226 239 234 241 260 270 270 277 279 289 298 314 321 317 318 314 301 305 311 309 310 304 296 297 301 303 304 290 298 287 271 267 268 264 262 257 252 245 234 226 219 213 204 200 198 197 187 180
173 192 209 201 190 199 203 186 178 184 188 188 209 233 215 206 210 239 276 274 285 376 374 388 406 403 421 411 340 330 300 287 323 344 350 330 323 309 295 269 254 238 259 235 229 221 231 240 255 260 263 265 270 274 283 295 299 299 296 288 274 270 284 297 304 296 297 297 295 284 283 277 269 270 263 275 271 260 255 254 250 250 245 235 225 216 208 200 196 192 185 178
171 178 213 199 182 186 203 196 178 175 182 190 192 204 193 199 229 241 238 275 352 346 326 262 295 282 329 342 305 266 265 262 282 304 306 290 276 269 258 247 231 235 228 226 219 228 234 236 239 245 245 246 250 250 257 267 273 274 273 269 253 248 261 270 290 291 296 301 292 287 277 280 289 279 259 251 250 251 253 253 255 250 248 245 236 225 214 205 198 192 186 182
176 197 197 221 181 176 198 194 178 179 191 196 199 192 209 196 218 202 242 286 283 339 361 375 373 351 264 275 225 218 222 226 236 251 253 242 230 221 216 213 212 215 216 208 215 221 225 227 228 230 228 227 225 222 227 238 248 256 258 -9999 -9999 229 229 261 273 275 303 295 285 278 283 249 254 246 246 248 249 247 249 252 259 253 250 253 265 251 229 212 203 196 191 185
170 196 182 201 189 182 195 206 176 181 193 203 205 202 218 221 198 232 286 266 338 354 376 337 280 241 208 193 194 190 192 196 203 212 216 206 196 192 190 191 194 200 204 204 207 205 202 205 211 213 209 207 204 201 200 218 -9999 -9999 -9999 -9999 -9999 220 228 234 260 264 261 281 277 270 263 246 239 239 243 242 240 247 245 247 249 251 255 264 264 244 237 230 214 205 196 189
