resultados/variables_proyeccion_tiempo/variables_futuro_ccsm_A1B/bio13.asc
ncols 330
nrows 228
xllcorner -12.000000
yllcorner 34.000000
cellsize 0.166667
NODATA_value -9999
[rows 144 to 191 of 228, columns 96 to 191 of 330]
70 75 74 74 76 77 81 81 84 81 81 82 88 92 98 106 110 116 105 65 61 71 88 112 121 116 100 101 105 106 106 112 116 115 116 118 115 114 116 116 118 120 117 121 122 126 125 120 117 121 125 130 134 137 148 154 159 160 155 152 141 135 130 128 123 122 119 118 114 106 104 97 89 77 74 74 72 72 71 69 64 58 56 55 55 57 60 60 61 73 67 67 66 68 71 78
73 77 79 78 79 80 83 83 80 81 83 85 88 93 95 98 108 99 79 66 66 74 98 113 117 111 103 105 101 104 106 111 120 122 125 122 123 120 121 119 123 125 123 123 126 132 134 133 127 135 134 142 147 147 151 162 166 170 170 166 160 151 148 136 134 130 132 128 123 122 118 102 88 84 78 73 69 68 66 63 58 55 54 54 54 56 59 60 62 67 63 63 64 62 64 64
76 81 82 81 81 81 77 75 75 78 82 86 93 95 95 96 94 85 79 77 78 78 88 97 102 101 106 106 109 113 118 120 122 126 127 124 123 120 125 126 127 136 133 136 138 140 142 143 136 136 138 148 148 152 157 161 165 167 167 165 160 156 150 148 141 140 139 132 128 117 119 118 100 94 82 74 69 66 63 60 57 56 56 55 55 57 61 61 62 66 61 63 63 61 61 61
79 80 80 80 85 82 71 70 74 79 86 94 96 97 99 101 98 96 90 95 92 97 104 106 108 110 116 117 122 130 132 136 137 128 126 124 127 119 133 133 135 138 139 137 146 144 138 134 136 141 143 147 148 152 155 154 160 163 164 160 159 160 156 152 146 139 128 124 123 124 115 110 99 94 86 74 68 65 63 62 60 59 59 60 59 60 62 60 61 63 60 60 62 62 61 62
84 82 79 78 80 75 68 71 76 83 89 96 102 104 110 114 114 115 115 107 108 105 103 109 118 122 122 127 124 131 143 148 147 123 126 131 130 137 134 135 129 129 137 132 133 138 146 138 147 146 143 145 146 147 149 153 157 158 158 159 157 155 151 146 137 133 137 124 122 118 111 103 96 89 83 74 70 67 66 64 64 66 70 67 64 59 59 61 61 61 59 59 60 62 61 62
82 75 73 75 77 70 70 73 78 84 90 98 106 112 124 126 132 123 112 94 96 99 112 120 121 125 127 139 148 152 150 158 136 138 141 117 129 133 128 124 135 142 158 141 134 147 145 147 151 152 152 149 150 148 148 150 151 151 151 152 151 149 144 148 139 141 126 119 116 114 109 105 98 92 85 78 73 71 69 67 67 70 69 64 59 60 60 61 61 62 61 60 61 62 62 62
72 70 74 73 71 70 71 75 80 85 93 105 119 123 137 138 112 93 93 94 97 103 111 126 135 132 148 145 158 172 159 162 149 119 124 130 138 137 124 132 161 153 147 142 125 138 144 135 146 147 144 139 142 136 139 140 141 143 146 148 145 140 133 142 135 135 133 116 112 112 110 108 103 96 90 84 79 75 72 72 69 70 66 61 59 61 62 62 63 62 61 61 62 62 62 63
66 68 69 70 69 70 73 76 80 87 98 107 130 138 135 95 93 93 96 108 117 101 116 125 138 151 175 165 173 170 150 132 119 130 135 148 134 124 128 115 153 147 132 115 125 120 124 122 130 131 134 133 131 128 134 133 133 132 137 139 132 129 122 129 125 126 132 114 112 110 109 106 103 99 92 88 84 79 76 74 71 68 68 67 66 65 65 64 65 64 62 62 62 63 63 63
64 65 68 67 68 70 72 76 81 92 99 122 146 157 104 91 95 102 111 137 130 133 142 155 195 168 180 162 170 156 167 153 142 133 147 135 134 125 122 116 113 110 103 98 110 114 133 131 132 132 127 128 127 127 127 131 133 135 131 126 122 118 119 119 121 119 121 122 120 113 107 105 101 97 93 91 87 83 79 76 75 73 74 72 70 69 68 67 66 65 64 64 64 64 64 64
65 66 68 68 70 69 72 75 85 92 102 124 145 100 89 88 102 103 131 135 159 163 178 193 162 159 163 148 154 138 154 145 140 144 148 151 134 128 117 147 126 108 94 92 103 119 130 125 124 120 118 122 120 126 133 133 133 131 132 131 127 127 130 131 128 124 116 124 121 110 105 103 102 99 96 91 87 84 82 80 79 77 76 75 73 73 73 70 68 66 66 66 66 65 64 64
68 70 74 72 66 67 71 75 83 93 114 129 95 92 112 132 152 114 135 130 115 132 143 139 149 141 144 138 133 138 133 133 116 131 129 119 109 99 110 122 104 103 88 92 104 116 118 119 111 111 114 116 126 134 139 138 138 138 133 132 130 123 119 122 120 117 112 108 107 105 107 105 103 99 96 93 88 85 84 83 82 82 81 80 79 79 80 75 70 69 69 68 67 66 65 64
68 71 76 71 65 68 71 74 82 102 110 99 100 102 109 113 132 170 113 144 174 193 182 189 156 114 134 130 120 130 134 120 116 116 112 111 106 98 103 114 88 94 90 90 97 103 99 103 103 108 112 140 151 142 138 136 133 136 137 136 135 132 129 128 126 123 120 115 112 106 100 97 97 96 95 92 90 88 86 85 84 84 82 82 82 82 79 76 72 70 69 69 68 67 66 65
69 72 73 68 67 68 70 72 83 100 97 91 93 111 136 133 135 183 177 179 185 176 180 167 128 124 112 106 116 122 126 118 117 113 109 100 96 90 97 89 85 86 86 87 94 95 94 98 104 116 129 140 141 135 129 128 126 126 131 136 139 138 138 138 136 132 128 122 116 110 103 101 98 94 92 90 89 90 90 88 86 86 84 82 81 80 78 76 73 72 70 70 69 68 67 67
67 68 73 71 67 67 69 72 76 85 83 89 104 114 112 132 175 164 147 109 122 112 125 130 117 102 101 103 111 116 115 109 104 100 97 93 90 89 86 84 83 84 85 85 91 93 95 97 100 104 114 123 127 126 124 123 120 120 129 135 142 144 145 145 145 143 137 133 129 120 110 102 97 95 94 92 91 91 92 93 92 89 87 85 82 81 79 77 76 74 72 71 71 70 68 68
66 65 71 71 68 70 73 75 78 80 91 88 101 94 116 137 131 158 164 166 157 135 102 106 88 87 93 102 109 112 110 104 99 94 91 89 88 86 84 82 80 80 83 86 91 94 93 93 92 94 101 110 116 119 120 -9999 -9999 118 120 136 143 148 146 150 153 152 148 138 132 122 115 109 104 100 97 95 95 93 93 96 103 100 93 88 85 83 81 79 77 76 74 73 71 70 69 68
68 66 71 74 69 73 76 79 81 84 96 104 93 112 140 124 162 165 173 142 110 93 82 79 81 84 93 100 106 109 108 102 97 93 91 88 87 86 84 80 77 75 79 83 87 89 89 90 88 89 91 101 -9999 -9999 -9999 -9999 -9999 117 125 133 144 150 157 155 158 158 156 148 139 130 124 117 111 107 103 100 97 95 96 101 103 98 97 96 90 87 83 81 78 77 75 74 73 71 69 69
62 68 76 71 72 74 78 80 79 90 94 99 141 126 118 154 146 150 157 115 82 82 83 80 79 85 93 101 107 110 108 104 99 94 90 88 87 85 83 80 78 76 78 80 82 83 84 84 84 83 -9999 -9999 -9999 -9999 -9999 -9999 -9999 116 126 135 141 150 -9999 166 162 158 161 156 148 139 132 124 119 117 111 106 102 98 96 95 95 96 94 93 92 88 84 83 81 80 79 78 76 74 72 70
68 70 73 73 74 76 78 78 89 100 85 122 126 154 159 145 132 120 96 80 76 85 84 79 77 84 93 102 109 113 112 109 102 96 91 89 87 86 84 83 81 79 79 78 78 77 78 79 80 81 82 -9999 -9999 -9999 -9999 -9999 -9999 116 123 134 142 154 159 165 166 165 166 164 158 149 140 133 128 122 115 112 108 106 100 96 94 93 92 89 89 88 85 84 82 81 80 79 78 78 77 76
73 74 72 75 77 78 80 90 100 101 89 114 138 156 160 123 121 140 104 73 74 79 78 74 76 84 94 106 114 119 120 117 110 101 93 91 89 88 88 87 84 83 81 79 76 74 73 75 76 78 81 84 -9999 -9999 -9999 -9999 -9999 -9999 122 129 139 149 156 163 164 166 167 169 165 159 148 141 134 128 122 118 112 110 106 100 98 95 93 91 90 91 87 85 83 82 81 79 78 76 74 73
74 74 75 78 81 81 80 80 88 97 98 102 108 127 144 109 124 122 115 73 71 73 73 72 75 84 97 111 122 129 125 117 114 109 104 98 94 93 93 92 89 86 84 81 77 74 72 73 74 75 78 -9999 -9999 -9999 -9999 -9999 -9999 -9999 -9999 128 -9999 143 152 -9999 155 160 164 173 170 164 157 148 146 139 133 125 119 115 111 106 102 99 96 94 91 92 90 91 88 85 83 80 78 77 75 73
73 74 78 81 85 83 81 84 85 92 93 101 88 100 100 104 121 140 112 83 73 74 74 76 81 88 100 114 125 135 125 119 114 111 107 103 100 98 98 98 95 92 88 85 82 78 75 74 73 72 -9999 -9999 -9999 -9999 -9999 -9999 -9999 -9999 -9999 -9999 -9999 -9999 146 -9999 -9999 155 163 174 175 167 161 155 148 144 140 135 126 124 119 113 107 103 99 97 94 91 89 90 93 91 87 80 82 80 77 74
73 77 81 84 85 83 81 82 81 86 83 85 86 83 96 111 112 120 100 88 76 76 78 80 86 93 104 114 129 141 133 126 118 113 108 106 101 100 102 103 103 102 100 94 90 84 79 76 74 72 -9999 -9999 -9999 -9999 -9999 -9999 -9999 -9999 -9999 -9999 -9999 -9999 -9999 145 145 152 153 164 169 166 162 156 150 146 144 141 136 130 125 118 114 111 105 100 97 92 89 88 88 88 84 87 82 79 79 76
76 82 84 86 85 82 80 80 80 83 81 75 84 93 93 114 120 108 110 100 88 88 94 91 91 97 107 -9999 -9999 -9999 -9999 134 123 117 112 111 108 101 98 102 104 109 109 110 106 94 86 80 76 74 75 -9999 -9999 -9999 -9999 -9999 -9999 -9999 -9999 -9999 -9999 -9999 -9999 142 142 143 148 148 152 156 156 154 151 148 147 144 142 137 130 126 120 116 109 105 100 96 92 91 90 87 86 85 86 87 82 78
81 85 88 87 84 79 77 79 81 83 83 76 75 80 89 95 100 95 94 102 107 94 96 92 93 98 -9999 -9999 -9999 -9999 -9999 -9999 -9999 119 114 117 111 104 107 104 105 109 113 116 115 110 98 89 82 79 78 80 -9999 -9999 -9999 -9999 -9999 -9999 -9999 -9999 -9999 -9999 -9999 -9999 -9999 141 141 144 145 147 150 145 145 144 147 146 145 143 138 133 123 120 117 111 107 101 97 92 93 94 92 88 87 88 89 85
86 90 91 88 82 77 75 75 76 75 73 72 76 85 89 91 88 90 93 93 93 94 93 94 95 -9999 -9999 -9999 -9999 -9999 -9999 -9999 -9999 -9999 -9999 -9999 117 112 110 109 109 108 108 109 106 108 107 98 93 88 87 84 84 84 83 -9999 -9999 -9999 -9999 -9999 -9999 -9999 -9999 -9999 -9999 -9999 138 138 138 140 140 140 139 141 143 147 149 149 142 139 134 128 125 118 114 109 103 102 99 97 94 95 92 89 86 83
89 91 91 87 81 76 73 72 73 74 72 74 78 85 88 90 94 96 100 104 100 101 102 -9999 -9999 -9999 -9999 -9999 -9999 -9999 -9999 -9999 -9999 -9999 -9999 -9999 -9999 113 112 109 108 107 108 107 103 107 100 102 101 99 94 91 92 87 85 83 -9999 -9999 -9999 -9999 -9999 -9999 -9999 -9999 -9999 -9999 -9999 133 130 133 132 133 134 136 142 143 148 154 152 146 139 136 141 133 122 118 112 110 106 105 103 101 97 91 88 87
92 92 90 86 81 75 70 70 72 74 75 77 81 86 92 98 105 115 116 -9999 -9999 -9999 -9999 -9999 -9999 -9999 -9999 -9999 -9999 -9999 -9999 -9999 -9999 -9999 -9999 -9999 -9999 111 108 107 106 106 106 106 102 98 96 95 93 100 103 103 106 96 87 84 83 85 -9999 -9999 -9999 -9999 -9999 -9999 -9999 -9999 -9999 -9999 -9999 -9999 126 128 128 128 131 138 143 154 155 152 145 141 152 135 138 126 121 119 120 115 110 108 106 99 94 92
-9999 92 90 86 83 77 73 72 73 75 78 80 84 89 95 102 109 115 -9999 -9999 -9999 -9999 -9999 -9999 -9999 -9999 -9999 -9999 -9999 -9999 -9999 -9999 -9999 -9999 -9999 112 -9999 -9999 104 101 102 101 103 102 100 96 91 91 96 97 106 112 111 100 94 86 82 84 87 -9999 -9999 -9999 -9999 -9999 -9999 -9999 -9999 -9999 -9999 -9999 -9999 -9999 119 116 119 128 137 146 154 159 161 162 164 156 142 136 130 126 128 124 120 117 110 109 103 98
-9999 -9999 -9999 -9999 -9999 -9999 -9999 -9999 74 75 79 85 87 92 98 102 105 -9999 -9999 -9999 -9999 -9999 -9999 -9999 -9999 -9999 -9999 -9999 -9999 -9999 -9999 -9999 -9999 -9999 -9999 -9999 -9999 -9999 100 96 96 94 96 97 97 94 91 91 95 99 104 109 109 103 97 87 82 84 86 -9999 -9999 -9999 -9999 -9999 -9999 -9999 -9999 -9999 -9999 -9999 -9999 -9999 -9999 -9999 114 125 134 133 150 158 172 181 191 174 149 145 139 135 129 129 123 123 120 115 113 106
-9999 -9999 -9999 -9999 -9999 -9999 -9999 -9999 -9999 -9999 78 83 88 92 96 -9999 -9999 -9999 -9999 -9999 -9999 -9999 -9999 -9999 -9999 -9999 -9999 -9999 -9999 -9999 -9999 -9999 -9999 -9999 99 -9999 -9999 -9999 -9999 90 91 88 87 90 91 91 89 92 95 99 103 105 106 103 98 92 86 86 88 89 -9999 -9999 -9999 -9999 -9999 -9999 -9999 -9999 -9999 -9999 103 -9999 108 106 -9999 126 126 137 145 160 170 181 190 188 167 160 149 147 139 137 129 127 125 125 125 114
-9999 -9999 -9999 -9999 -9999 -9999 -9999 -9999 -9999 -9999 -9999 -9999 -9999 -9999 -9999 -9999 -9999 -9999 -9999 -9999 -9999 -9999 -9999 -9999 -9999 -9999 -9999 -9999 -9999 -9999 -9999 -9999 105 -9999 -9999 -9999 -9999 -9999 83 87 87 87 90 89 87 82 85 89 94 99 103 104 102 101 99 100 92 90 89 90 -9999 -9999 -9999 -9999 -9999 -9999 -9999 -9999 -9999 -9999 -9999 -9999 101 -9999 -9999 113 120 133 145 156 165 176 181 181 177 164 172 153 149 151 141 134 131 133 128 126
-9999 -9999 -9999 -9999 -9999 -9999 -9999 -9999 -9999 -9999 -9999 -9999 -9999 -9999 -9999 -9999 -9999 -9999 -9999 -9999 -9999 -9999 -9999 -9999 -9999 -9999 -9999 -9999 -9999 -9999 104 104 101 -9999 -9999 -9999 81 80 81 -9999 82 83 88 83 78 77 82 87 95 98 102 102 102 99 98 99 96 97 92 91 -9999 -9999 -9999 -9999 -9999 -9999 -9999 -9999 -9999 -9999 -9999 -9999 -9999 -9999 -9999 104 118 124 -9999 -9999 160 169 180 179 183 184 181 171 165 173 156 141 159 135 134 128
-9999 -9999 -9999 -9999 -9999 -9999 -9999 -9999 -9999 -9999 -9999 -9999 -9999 -9999 -9999 -9999 -9999 -9999 -9999 -9999 -9999 -9999 -9999 -9999 -9999 -9999 -9999 -9999 100 102 101 99 98 96 -9999 -9999 -9999 -9999 -9999 -9999 -9999 -9999 82 81 82 82 81 89 92 101 102 104 101 98 98 98 102 98 96 94 91 -9999 -9999 -9999 -9999 -9999 -9999 -9999 -9999 -9999 -9999 -9999 -9999 -9999 -9999 -9999 -9999 -9999 -9999 -9999 -9999 -9999 -9999 -9999 191 191 178 163 178 174 194 172 167 138 134 133
-9999 -9999 -9999 -9999 -9999 -9999 -9999 -9999 -9999 -9999 -9999 -9999 -9999 -9999 -9999 -9999 -9999 -9999 -9999 -9999 -9999 -9999 -9999 -9999 -9999 -9999 -9999 98 101 108 100 96 91 90 -9999 -9999 -9999 67 -9999 -9999 -9999 68 72 79 82 85 88 93 95 99 107 104 101 101 98 99 102 104 103 98 92 89 89 -9999 -9999 -9999 -9999 -9999 -9999 -9999 -9999 -9999 -9999 -9999 -9999 -9999 -9999 -9999 -9999 -9999 -9999 -9999 -9999 -9999 -9999 -9999 197 193 191 180 207 224 189 156 144 136
-9999 -9999 -9999 -9999 -9999 -9999 -9999 -9999 -9999 -9999 -9999 -9999 -9999 -9999 -9999 -9999 -9999 -9999 -9999 -9999 -9999 -9999 -9999 -9999 -9999 -9999 -9999 99 103 107 106 91 87 84 -9999 -9999 -9999 -9999 -9999 -9999 -9999 -9999 -9999 -9999 -9999 88 91 94 96 104 109 110 106 102 101 102 103 105 106 102 98 94 91 90 -9999 -9999 -9999 -9999 -9999 -9999 -9999 -9999 -9999 -9999 -9999 -9999 -9999 -9999 -9999 -9999 -9999 -9999 -9999 -9999 -9999 -9999 -9999 -9999 204 192 211 228 229 176 167 160
-9999 -9999 -9999 -9999 -9999 -9999 -9999 -9999 -9999 -9999 -9999 -9999 -9999 -9999 -9999 -9999 -9999 -9999 -9999 -9999 -9999 -9999 -9999 -9999 -9999 -9999 -9999 98 97 98 104 94 81 80 -9999 -9999 -9999 -9999 -9999 -9999 -9999 -9999 -9999 -9999 -9999 -9999 93 92 100 107 109 112 111 107 107 106 110 109 108 108 104 98 94 91 89 86 -9999 -9999 -9999 -9999 -9999 -9999 -9999 -9999 -9999 -9999 -9999 -9999 -9999 -9999 -9999 -9999 -9999 -9999 -9999 -9999 -9999 -9999 -9999 -9999 201 203 230 226 178 164
-9999 -9999 -9999 -9999 -9999 -9999 -9999 -9999 -9999 -9999 -9999 -9999 -9999 -9999 -9999 -9999 -9999 -9999 -9999 -9999 -9999 -9999 -9999 -9999 -9999 -9999 -9999 93 93 96 100 96 80 -9999 -9999 -9999 -9999 -9999 -9999 -9999 -9999 -9999 -9999 -9999 -9999 -9999 -9999 -9999 101 104 110 114 118 116 117 108 114 114 107 104 101 98 94 91 87 84 78 72 66 62 60 63 63 -9999 -9999 -9999 -9999 -9999 -9999 -9999 -9999 -9999 -9999 -9999 -9999 -9999 -9999 -9999 -9999 -9999 -9999 209 217 210 189 164
-9999 -9999 -9999 -9999 -9999 -9999 -9999 -9999 -9999 -9999 -9999 -9999 -9999 -9999 -9999 -9999 -9999 -9999 -9999 -9999 -9999 -9999 -9999 -9999 -9999 -9999 -9999 -9999 92 91 97 92 78 -9999 -9999 -9999 -9999 -9999 -9999 -9999 -9999 -9999 -9999 -9999 -9999 -9999 -9999 -9999 -9999 107 114 116 117 130 143 137 127 127 114 105 103 100 96 90 86 80 76 69 63 61 64 65 66 -9999 -9999 -9999 -9999 -9999 -9999 -9999 -9999 -9999 -9999 -9999 -9999 -9999 -9999 -9999 -9999 -9999 -9999 -9999 -9999 193 181 170
-9999 -9999 -9999 -9999 -9999 -9999 -9999 -9999 -9999 -9999 -9999 -9999 -9999 -9999 -9999 -9999 -9999 -9999 -9999 -9999 -9999 -9999 -9999 -9999 -9999 -9999 -9999 -9999 88 87 91 80 -9999 -9999 -9999 -9999 -9999 -9999 -9999 -9999 -9999 -9999 -9999 -9999 -9999 -9999 -9999 -9999 -9999 -9999 120 123 132 138 128 154 161 148 128 116 115 106 96 92 85 81 73 67 61 56 55 55 -9999 -9999 -9999 -9999 -9999 -9999 -9999 -9999 -9999 -9999 -9999 -9999 -9999 -9999 -9999 -9999 -9999 -9999 -9999 -9999 181 180 172 160
-9999 -9999 -9999 -9999 -9999 -9999 -9999 -9999 -9999 -9999 -9999 -9999 -9999 -9999 -9999 -9999 -9999 -9999 -9999 -9999 -9999 -9999 -9999 -9999 -9999 -9999 -9999 -9999 -9999 -9999 80 78 -9999 -9999 -9999 -9999 -9999 -9999 -9999 -9999 -9999 -9999 -9999 -9999 -9999 -9999 -9999 -9999 -9999 -9999 -9999 125 133 142 148 147 146 141 140 134 125 109 98 94 87 81 74 68 61 56 54 55 58 60 -9999 -9999 -9999 -9999 -9999 -9999 -9999 -9999 -9999 -9999 -9999 -9999 -9999 -9999 -9999 -9999 -9999 -9999 167 170 168 158
-9999 -9999 -9999 -9999 -9999 -9999 -9999 -9999 -9999 -9999 -9999 -9999 -9999 -9999 -9999 -9999 -9999 -9999 -9999 -9999 -9999 -9999 -9999 -9999 -9999 -9999 -9999 -9999 -9999 -9999 -9999 75 72 -9999 -9999 -9999 -9999 -9999 -9999 -9999 -9999 -9999 -9999 -9999 -9999 -9999 -9999 -9999 -9999 -9999 -9999 -9999 -9999 -9999 139 146 147 134 139 134 133 125 123 106 100 88 77 70 64 59 57 58 59 61 64 66 -9999 -9999 -9999 -9999 -9999 -9999 -9999 -9999 -9999 -9999 -9999 -9999 -9999 -9999 -9999 -9999 -9999 162 162 156
-9999 -9999 -9999 -9999 -9999 -9999 -9999 -9999 -9999 -9999 -9999 -9999 -9999 -9999 -9999 -9999 -9999 -9999 -9999 -9999 -9999 -9999 -9999 -9999 -9999 91 -9999 -9999 -9999 89 89 81 73 74 -9999 -9999 -9999 -9999 -9999 -9999 -9999 -9999 -9999 -9999 -9999 -9999 -9999 -9999 -9999 -9999 -9999 -9999 -9999 -9999 -9999 -9999 -9999 -9999 -9999 137 138 138 130 110 109 100 84 73 66 63 62 62 63 66 67 68 69 70 72 -9999 -9999 -9999 -9999 -9999 -9999 -9999 -9999 -9999 -9999 -9999 -9999 -9999 156 156 156 152
-9999 -9999 -9999 -9999 -9999 -9999 -9999 -9999 -9999 -9999 -9999 -9999 -9999 -9999 -9999 -9999 -9999 -9999 -9999 -9999 -9999 -9999 -9999 -9999 -9999 98 -9999 96 102 96 103 94 79 72 -9999 -9999 -9999 -9999 -9999 -9999 -9999 -9999 -9999 -9999 -9999 -9999 -9999 -9999 -9999 -9999 -9999 -9999 -9999 -9999 -9999 -9999 -9999 -9999 -9999 137 138 142 138 123 103 96 88 80 74 70 69 68 68 69 71 71 70 70 72 74 73 -9999 -9999 -9999 -9999 -9999 -9999 -9999 -9999 -9999 -9999 -9999 153 154 152 149
-9999 -9999 -9999 -9999 -9999 -9999 -9999 -9999 -9999 -9999 -9999 -9999 -9999 -9999 -9999 -9999 -9999 -9999 -9999 -9999 -9999 -9999 -9999 -9999 -9999 106 102 106 113 103 98 98 92 81 71 -9999 -9999 -9999 -9999 -9999 -9999 -9999 -9999 -9999 -9999 -9999 -9999 -9999 -9999 -9999 -9999 -9999 -9999 -9999 -9999 -9999 -9999 -9999 -9999 119 134 139 130 130 120 104 90 90 83 80 80 77 73 71 70 71 72 70 73 76 75 76 77 -9999 -9999 -9999 -9999 -9999 -9999 -9999 -9999 -9999 154 155 154 151
-9999 -9999 -9999 -9999 -9999 -9999 -9999 -9999 -9999 -9999 -9999 -9999 -9999 -9999 -9999 -9999 -9999 -9999 -9999 -9999 -9999 -9999 -9999 -9999 -9999 108 112 119 115 106 111 110 99 83 72 -9999 -9999 -9999 -9999 -9999 -9999 -9999 -9999 -9999 -9999 -9999 -9999 -9999 -9999 -9999 -9999 -9999 -9999 -9999 -9999 -9999 -9999 -9999 -9999 -9999 -9999 -9999 115 110 117 135 120 103 94 88 89 87 84 77 74 69 69 66 66 70 73 74 76 80 84 -9999 -9999 -9999 -9999 -9999 -9999 -9999 156 161 162 163
-9999 -9999 -9999 -9999 -9999 -9999 -9999 -9999 -9999 -9999 -9999 -9999 -9999 -9999 -9999 -9999 -9999 -9999 -9999 -9999 -9999 -9999 -9999 -9999 -9999 -9999 126 118 127 125 106 108 91 79 72 -9999 -9999 -9999 -9999 -9999 -9999 -9999 -9999 -9999 -9999 -9999 -9999 -9999 -9999 -9999 -9999 -9999 -9999 -9999 -9999 -9999 -9999 -9999 -9999 -9999 -9999 -9999 -9999 -9999 -9999 131 118 108 99 97 97 97 95 86 76 71 66 63 -9999 67 70 73 75 80 88 97 -9999 -9999 -9999 -9999 -9999 -9999 162 171 174 180
-9999 -9999 -9999 -9999 -9999 -9999 -9999 -9999 -9999 -9999 -9999 -9999 -9999 -9999 -9999 -9999 -9999 -9999 -9999 -9999 -9999 -9999 -9999 -9999 -9999 -9999 111 126 132 110 99 109 97 84 -9999 -9999 -9999 -9999 -9999 -9999 -9999 -9999 -9999 -9999 -9999 -9999 -9999 -9999 -9999 -9999 -9999 -9999 -9999 -9999 -9999 -9999 -9999 -9999 -9999 -9999 -9999 -9999 -9999 -9999 -9999 124 118 110 104 104 105 103 101 90 84 75 70 -9999 -9999 -9999 -9999 73 76 83 89 99 108 -9999 -9999 -9999 -9999 -9999 169 172 180 170
96 94 -9999 -9999 -9999 -9999 -9999 -9999 -9999 -9999 -9999 -9999 -9999 -9999 -9999 -9999 -9999 -9999 -9999 -9999 -9999 -9999 -9999 -9999 -9999 -9999 106 116 110 103 111 122 116 87 82 -9999 -9999 -9999 -9999 -9999 -9999 -9999 -9999 -9999 -9999 -9999 -9999 -9999 -9999 -9999 -9999 -9999 -9999 -9999 -9999 -9999 -9999 -9999 -9999 -9999 -9999 -9999 -9999 -9999 -9999 -9999 -9999 113 112 108 109 113 110 101 95 83 -9999 -9999 -9999 -9999 -9999 -9999 -9999 87 93 102 110 -9999 -9999 -9999 -9999 -9999 -9999 -9999 196 189
