resultados/variables_proyeccion_tiempo/variables_futuro_ccsm_A1B/bio17.asc
ncols 330
nrows 228
xllcorner -12.000000
yllcorner 34.000000
cellsize 0.166667
NODATA_value -9999
[rows 168 to 209 of 228, columns 188 to 281 of 330]
187 179 176 168 163 153 145 142 135 136 130 121 114 119 129 111 101 97 100 98 93 88 86 85 86 87 88 89 89 89 88 89 91 93 93 93 93 95 95 96 98 99 101 102 101 101 100 100 99 99 100 98 96 94 93 91 -9999 -9999 -9999 -9999 -9999 -9999 -9999 -9999 -9999 -9999 -9999 -9999 -9999 -9999 -9999 -9999 -9999 -9999 -9999 -9999 -9999 -9999 -9999 -9999 -9999 -9999 -9999 -9999 -9999 -9999 -9999 -9999 -9999 -9999 -9999 -9999 -9999 -9999
194 189 183 179 170 163 156 144 140 140 133 124 114 116 117 115 111 99 104 98 95 90 87 90 90 91 90 90 88 88 88 88 89 91 91 92 93 93 94 98 102 104 105 106 104 103 103 102 101 101 101 100 99 97 96 96 -9999 -9999 -9999 -9999 -9999 -9999 -9999 -9999 -9999 -9999 -9999 -9999 -9999 -9999 -9999 -9999 -9999 -9999 -9999 -9999 -9999 -9999 -9999 -9999 -9999 -9999 -9999 -9999 -9999 -9999 -9999 -9999 -9999 -9999 -9999 -9999 -9999 -9999
194 194 194 192 186 176 175 159 153 141 128 120 116 110 110 116 110 97 107 104 96 93 92 92 93 93 93 93 93 91 91 90 92 93 93 94 95 95 100 101 103 106 106 106 108 106 106 104 103 102 103 102 101 100 100 101 -9999 -9999 -9999 -9999 -9999 -9999 -9999 -9999 -9999 -9999 -9999 -9999 -9999 -9999 -9999 -9999 -9999 -9999 -9999 -9999 -9999 -9999 -9999 -9999 -9999 -9999 -9999 -9999 -9999 -9999 -9999 -9999 -9999 -9999 -9999 -9999 -9999 -9999
205 197 201 200 193 189 179 158 160 151 130 125 129 117 105 106 104 104 100 113 112 101 94 94 97 100 98 95 93 91 90 91 95 92 91 94 95 96 100 104 107 105 107 107 109 107 104 106 105 106 107 103 101 101 103 104 -9999 -9999 -9999 -9999 -9999 -9999 -9999 -9999 -9999 -9999 -9999 -9999 -9999 -9999 -9999 -9999 -9999 -9999 -9999 -9999 -9999 -9999 -9999 -9999 -9999 -9999 -9999 -9999 -9999 -9999 -9999 -9999 -9999 -9999 -9999 -9999 -9999 -9999
202 201 196 200 192 186 175 153 155 152 137 121 113 110 102 100 100 98 94 96 108 106 101 99 105 107 105 101 94 94 93 96 94 94 96 94 95 95 100 101 106 108 111 106 104 104 102 105 104 105 104 103 100 -9999 -9999 -9999 -9999 -9999 -9999 -9999 -9999 -9999 -9999 -9999 -9999 -9999 -9999 -9999 -9999 -9999 -9999 -9999 -9999 -9999 -9999 -9999 -9999 -9999 -9999 -9999 -9999 -9999 -9999 -9999 -9999 -9999 -9999 -9999 -9999 -9999 -9999 -9999 -9999 -9999
205 198 188 193 190 181 166 158 144 149 142 120 118 112 98 93 96 98 91 88 92 97 106 110 109 109 102 99 99 95 96 100 96 102 98 101 99 98 97 98 108 113 114 111 111 109 108 107 105 104 105 104 -9999 -9999 -9999 -9999 -9999 -9999 -9999 -9999 -9999 -9999 -9999 -9999 -9999 -9999 -9999 -9999 -9999 -9999 -9999 -9999 -9999 -9999 -9999 -9999 -9999 -9999 -9999 -9999 -9999 -9999 -9999 -9999 -9999 -9999 -9999 -9999 -9999 -9999 -9999 -9999 -9999 -9999
203 193 191 181 186 174 170 161 142 136 130 117 116 103 94 88 85 91 90 91 89 89 94 99 102 104 98 100 99 102 105 101 97 98 95 99 102 103 106 107 112 116 120 119 118 119 118 115 114 112 107 105 -9999 -9999 -9999 -9999 -9999 -9999 -9999 -9999 -9999 -9999 -9999 -9999 -9999 -9999 -9999 -9999 -9999 -9999 -9999 -9999 -9999 -9999 -9999 -9999 -9999 -9999 -9999 -9999 -9999 -9999 -9999 -9999 -9999 -9999 -9999 -9999 -9999 -9999 -9999 -9999 -9999 -9999
174 194 186 183 187 177 151 141 136 127 117 114 109 101 95 93 82 89 89 86 86 87 88 89 90 94 98 102 105 108 113 107 116 123 121 110 114 113 114 115 116 119 117 116 118 118 118 115 114 109 110 106 -9999 -9999 -9999 -9999 -9999 -9999 -9999 -9999 -9999 -9999 -9999 -9999 -9999 -9999 -9999 -9999 -9999 -9999 -9999 -9999 -9999 -9999 -9999 -9999 -9999 -9999 -9999 -9999 -9999 -9999 -9999 -9999 -9999 -9999 -9999 -9999 -9999 -9999 -9999 -9999 -9999 -9999
172 192 190 180 188 163 137 132 130 123 112 109 105 93 91 82 77 88 83 79 81 81 85 94 87 88 90 93 95 100 105 99 92 97 100 98 98 101 102 101 101 102 104 108 112 112 110 104 104 102 -9999 -9999 -9999 -9999 -9999 -9999 -9999 -9999 -9999 -9999 -9999 -9999 -9999 -9999 -9999 -9999 -9999 -9999 -9999 -9999 -9999 -9999 -9999 -9999 -9999 -9999 -9999 -9999 -9999 -9999 -9999 -9999 -9999 -9999 -9999 -9999 -9999 -9999 -9999 -9999 -9999 -9999 -9999 -9999
161 174 182 182 160 146 128 124 123 123 110 103 94 90 80 77 77 81 73 72 76 77 78 84 86 85 84 86 85 88 87 87 88 92 95 98 98 97 94 94 98 100 102 105 109 105 100 98 97 98 95 -9999 -9999 -9999 -9999 -9999 -9999 -9999 -9999 -9999 -9999 -9999 -9999 -9999 -9999 -9999 -9999 -9999 -9999 -9999 -9999 -9999 -9999 -9999 -9999 -9999 -9999 -9999 -9999 -9999 -9999 -9999 -9999 -9999 -9999 -9999 -9999 -9999 -9999 -9999 -9999 -9999 -9999 -9999
146 162 157 150 144 135 133 122 114 129 125 101 102 90 77 75 74 70 71 75 68 71 72 83 87 88 87 83 79 79 81 83 85 87 88 90 92 91 91 90 94 97 98 97 101 101 100 97 97 94 91 89 -9999 -9999 -9999 -9999 -9999 -9999 -9999 -9999 -9999 -9999 -9999 -9999 -9999 -9999 -9999 -9999 -9999 -9999 -9999 -9999 -9999 -9999 -9999 -9999 -9999 -9999 -9999 -9999 -9999 -9999 -9999 -9999 -9999 -9999 -9999 -9999 -9999 -9999 -9999 -9999 -9999 -9999
138 139 149 146 150 135 127 134 143 137 105 94 87 82 73 72 70 72 79 72 68 68 65 79 88 88 88 89 85 83 80 83 84 82 85 84 85 84 85 86 93 97 92 92 95 96 97 98 92 90 90 89 86 -9999 -9999 -9999 -9999 -9999 -9999 -9999 -9999 -9999 -9999 -9999 -9999 -9999 -9999 -9999 -9999 -9999 -9999 -9999 -9999 -9999 -9999 -9999 -9999 -9999 -9999 -9999 -9999 -9999 -9999 -9999 113 -9999 -9999 -9999 -9999 -9999 -9999 -9999 -9999 84
128 128 136 142 144 146 140 147 149 107 103 94 84 74 74 71 70 66 63 62 64 64 61 71 76 76 85 87 91 94 87 100 96 93 87 87 81 79 82 81 83 90 89 86 89 88 88 94 94 90 87 83 84 -9999 -9999 -9999 -9999 -9999 -9999 -9999 -9999 -9999 -9999 -9999 -9999 -9999 -9999 -9999 -9999 -9999 -9999 -9999 -9999 -9999 -9999 -9999 -9999 -9999 -9999 -9999 115 114 118 122 124 122 117 116 119 115 108 103 97 89
-9999 119 130 127 145 147 130 146 133 107 110 99 114 83 71 69 67 66 71 71 64 67 64 65 86 79 80 86 88 89 86 95 98 99 89 83 80 77 76 78 76 75 76 75 77 76 75 74 78 88 88 81 79 -9999 -9999 -9999 -9999 -9999 -9999 -9999 -9999 -9999 -9999 -9999 -9999 -9999 -9999 -9999 -9999 -9999 -9999 -9999 -9999 -9999 -9999 -9999 -9999 132 126 120 111 108 107 108 106 101 97 96 95 96 97 97 96 94
105 110 126 135 127 146 121 130 133 110 109 93 97 79 73 66 64 65 62 59 63 67 63 54 69 78 67 71 77 85 89 93 86 86 80 75 71 71 74 76 74 70 69 69 70 69 68 66 68 71 74 76 78 76 -9999 -9999 -9999 -9999 -9999 -9999 -9999 -9999 -9999 -9999 -9999 -9999 -9999 -9999 -9999 -9999 -9999 -9999 -9999 -9999 -9999 144 133 126 115 107 99 95 95 94 92 90 87 86 89 93 90 88 86 84
92 102 113 130 140 143 127 126 126 110 105 97 82 83 78 67 62 59 59 58 57 61 59 54 54 71 66 66 64 71 66 77 84 79 72 68 67 67 70 71 67 65 65 65 66 63 63 62 61 63 65 69 76 80 79 79 -9999 -9999 -9999 -9999 -9999 -9999 -9999 -9999 -9999 -9999 -9999 -9999 -9999 -9999 -9999 -9999 -9999 146 133 118 120 108 98 95 89 87 87 86 84 82 79 81 81 79 76 78 80 78
-9999 97 111 118 127 118 133 125 111 113 106 92 81 84 77 72 70 70 56 54 57 58 58 54 55 68 69 61 67 60 58 60 67 64 61 67 66 64 69 72 64 61 60 60 61 61 59 59 58 58 60 64 69 75 77 78 80 82 85 80 80 81 -9999 -9999 -9999 120 121 -9999 -9999 -9999 -9999 -9999 141 132 98 91 91 85 85 85 79 80 80 79 77 73 71 70 70 70 71 69 71 70
83 87 102 108 107 124 119 113 103 114 105 95 79 81 79 84 71 70 60 53 54 57 62 53 48 51 57 51 43 45 60 59 51 47 48 48 48 48 55 66 61 56 55 56 58 59 56 58 58 56 56 60 64 69 74 75 75 75 78 80 81 87 92 100 107 115 122 128 134 138 140 137 123 93 72 74 67 72 85 74 74 74 73 74 72 74 72 71 64 65 66 66 64 61
72 81 89 96 106 110 124 113 106 109 101 110 79 78 94 74 57 66 61 53 54 55 60 60 52 47 43 47 56 42 44 41 42 44 44 45 47 48 51 49 51 50 51 52 54 53 54 57 56 -9999 -9999 55 -9999 -9999 -9999 70 70 67 69 75 77 85 90 95 100 108 117 121 112 121 120 114 91 74 70 63 65 76 77 69 72 71 68 66 65 60 60 58 58 59 58 57 58 57
68 74 83 91 108 104 118 111 101 106 99 103 88 78 73 73 58 53 53 53 54 54 52 54 54 54 50 44 43 41 -9999 49 52 -9999 -9999 -9999 -9999 -9999 -9999 -9999 46 48 47 49 51 53 54 60 58 -9999 -9999 -9999 -9999 -9999 -9999 -9999 -9999 -9999 -9999 -9999 67 72 80 81 87 95 103 106 102 90 96 90 72 68 65 69 67 69 70 72 67 64 63 61 58 55 54 51 53 53 51 52 52 51
62 69 82 96 97 109 118 113 102 102 98 90 93 77 73 88 68 52 52 52 53 53 55 52 47 48 48 -9999 -9999 -9999 -9999 44 47 -9999 -9999 -9999 -9999 39 -9999 -9999 44 44 46 46 44 47 52 50 -9999 54 52 50 -9999 -9999 -9999 -9999 65 77 77 70 70 70 79 80 78 77 76 79 74 69 66 66 65 67 74 74 68 67 66 61 63 63 57 56 53 48 47 47 47 48 50 50 49 48
68 72 83 81 94 93 98 102 114 108 94 86 85 87 75 75 75 61 55 52 -9999 52 50 52 53 51 45 39 38 37 -9999 -9999 -9999 -9999 -9999 -9999 40 54 38 -9999 -9999 38 42 42 42 44 46 46 45 49 59 55 57 61 60 63 66 68 64 69 64 61 65 67 66 65 64 63 61 60 59 58 59 56 57 62 65 58 53 54 54 56 54 49 48 45 44 45 46 45 46 47 47 46
70 89 87 101 88 89 88 95 106 101 100 87 79 83 74 62 69 68 50 48 -9999 -9999 46 44 43 42 40 -9999 42 44 43 -9999 -9999 -9999 -9999 -9999 -9999 -9999 37 36 -9999 36 38 42 45 48 43 44 47 48 51 51 52 55 57 59 63 65 65 66 62 55 58 58 59 56 55 54 54 53 54 53 51 49 48 50 46 48 46 48 46 47 46 46 44 42 42 41 42 42 44 44 45 44
-9999 -9999 70 84 82 84 96 82 85 102 103 90 78 75 72 69 69 74 80 48 -9999 -9999 -9999 -9999 41 -9999 40 43 36 62 47 -9999 -9999 -9999 -9999 -9999 -9999 -9999 38 34 -9999 34 38 42 46 42 42 46 51 49 49 48 48 49 52 58 63 68 83 99 62 55 58 55 48 50 49 50 50 49 48 48 47 44 40 39 39 40 43 40 42 41 42 45 40 40 39 40 39 39 40 41 43 42
48 -9999 -9999 56 56 75 76 78 98 100 102 93 80 72 73 71 58 59 61 54 47 -9999 -9999 -9999 42 40 37 39 -9999 -9999 -9999 -9999 -9999 -9999 34 33 30 -9999 -9999 -9999 30 33 40 41 40 39 43 43 44 47 45 49 48 51 56 54 60 59 64 70 77 64 63 52 47 47 46 46 46 44 46 46 45 41 38 38 36 36 37 37 37 38 39 37 36 36 36 36 36 37 39 39 41 40
-9999 -9999 45 54 44 72 70 66 80 84 94 96 83 66 69 74 55 51 45 51 56 42 -9999 -9999 -9999 -9999 -9999 -9999 -9999 -9999 -9999 -9999 -9999 -9999 29 32 29 -9999 -9999 -9999 28 34 34 38 41 52 44 40 42 41 42 42 41 44 55 57 53 58 56 56 53 52 62 56 47 43 37 35 37 37 37 38 37 36 36 34 35 35 34 36 34 35 34 33 33 34 35 34 34 34 34 35 38 38
-9999 -9999 38 38 45 46 56 67 79 77 87 98 94 69 53 55 53 50 45 42 46 50 42 -9999 -9999 -9999 -9999 -9999 -9999 -9999 -9999 -9999 -9999 25 29 -9999 -9999 -9999 -9999 -9999 26 33 34 35 39 29 28 37 36 38 37 33 34 41 46 50 46 48 48 52 50 51 51 51 45 42 39 40 37 38 37 39 40 38 35 34 33 34 33 34 31 30 30 31 30 31 31 31 32 34 33 34 36 36
-9999 -9999 -9999 34 33 43 53 68 72 76 76 88 89 74 59 51 50 49 48 48 43 44 54 41 -9999 -9999 -9999 -9999 32 27 -9999 -9999 -9999 -9999 -9999 -9999 -9999 -9999 -9999 -9999 32 28 20 19 19 23 34 41 36 36 39 35 34 40 48 58 52 52 59 49 55 50 55 51 42 50 50 42 40 38 38 37 38 40 38 35 34 33 34 33 30 29 29 28 28 30 30 31 32 32 32 33 34 35
-9999 -9999 -9999 -9999 38 35 46 45 56 54 58 75 78 90 78 59 53 50 54 49 42 41 39 40 36 -9999 -9999 30 26 -9999 -9999 -9999 -9999 -9999 -9999 -9999 -9999 -9999 -9999 22 24 24 20 18 17 27 34 31 30 30 38 37 35 36 48 48 61 52 59 49 58 49 49 46 46 45 47 44 46 42 41 40 40 39 39 37 35 33 32 31 29 28 27 27 26 27 29 30 29 30 31 33 34 34
-9999 -9999 -9999 -9999 -9999 -9999 -9999 45 40 40 49 72 70 78 77 77 64 59 58 63 53 41 38 35 31 35 33 30 -9999 -9999 -9999 -9999 -9999 -9999 -9999 -9999 -9999 -9999 -9999 18 22 19 20 15 -9999 19 24 26 29 37 30 32 41 46 46 48 52 53 52 56 51 52 53 49 44 44 45 49 53 47 44 42 41 41 40 38 37 34 31 28 26 25 25 25 25 26 26 26 26 28 30 32 34 35
-9999 -9999 -9999 -9999 -9999 -9999 -9999 -9999 36 42 46 56 60 63 77 73 59 56 52 52 50 41 37 38 32 -9999 -9999 -9999 -9999 -9999 20 18 -9999 -9999 -9999 -9999 -9999 -9999 -9999 -9999 -9999 -9999 14 14 18 18 20 28 34 29 26 31 37 38 40 39 42 48 49 45 48 53 61 51 48 48 46 47 50 48 48 50 46 45 43 40 38 36 32 29 21 17 18 20 23 24 26 26 26 26 30 32 34 36
-9999 -9999 -9999 -9999 -9999 -9999 -9999 46 36 50 53 48 50 73 75 77 76 75 56 52 49 43 34 33 28 27 28 -9999 -9999 -9999 -9999 21 -9999 -9999 -9999 -9999 -9999 -9999 -9999 -9999 -9999 -9999 -9999 -9999 14 13 21 25 26 26 26 28 31 34 31 34 37 41 43 44 50 50 46 52 54 48 50 46 46 48 47 50 49 48 45 42 39 36 32 25 18 11 11 16 19 22 24 26 26 27 29 31 33 34
-9999 -9999 -9999 -9999 -9999 -9999 -9999 34 32 37 41 38 40 45 57 69 67 74 63 67 45 43 36 29 26 26 25 32 23 22 -9999 -9999 -9999 -9999 -9999 -9999 -9999 14 -9999 16 19 11 16 15 10 9 15 24 30 26 28 27 26 26 32 38 36 39 42 46 45 46 50 51 52 50 54 49 50 48 50 47 47 46 46 44 40 37 31 25 16 8 9 13 18 21 23 25 27 26 28 31 33 33
-9999 -9999 -9999 -9999 -9999 -9999 24 35 27 -9999 30 28 39 39 44 44 55 57 48 56 52 41 31 27 27 21 23 24 18 15 -9999 -9999 -9999 -9999 -9999 -9999 -9999 -9999 -9999 14 17 10 11 12 9 12 13 20 28 28 31 35 38 33 24 29 40 43 43 42 44 45 51 50 48 47 57 50 49 51 53 53 49 46 46 44 41 36 31 25 17 12 12 14 18 21 23 23 24 25 26 29 31 33
-9999 -9999 -9999 -9999 -9999 -9999 26 36 40 -9999 -9999 24 22 22 32 53 36 29 -9999 45 50 47 35 32 29 26 24 22 16 16 -9999 -9999 -9999 -9999 -9999 -9999 -9999 -9999 -9999 12 12 10 9 12 10 15 16 15 21 27 28 28 33 33 43 31 33 43 41 41 46 47 44 47 52 49 50 51 47 47 47 51 54 49 46 43 39 36 32 26 20 18 15 15 18 21 23 24 23 24 27 28 28 30
-9999 -9999 -9999 -9999 -9999 -9999 -9999 34 31 -9999 -9999 -9999 20 26 36 56 58 58 50 36 28 31 35 28 26 21 21 20 13 18 16 15 -9999 -9999 -9999 -9999 -9999 -9999 -9999 -9999 -9999 -9999 -9999 8 -9999 10 12 14 17 21 26 30 32 34 38 43 43 38 44 47 47 46 48 46 46 48 51 53 52 45 53 51 50 51 47 46 43 40 35 26 22 21 19 19 20 21 22 23 25 29 32 35 28 30
-9999 -9999 -9999 -9999 -9999 -9999 -9999 26 25 -9999 20 18 20 27 49 54 50 60 59 45 30 25 28 22 16 15 16 14 12 -9999 9 11 8 11 -9999 -9999 -9999 -9999 -9999 -9999 -9999 -9999 -9999 -9999 -9999 -9999 -9999 11 17 20 25 31 29 28 28 33 36 36 37 47 48 50 51 45 49 48 45 45 48 47 58 57 48 47 46 44 44 39 33 26 23 21 22 20 20 21 22 22 24 24 25 27 32 36
-9999 -9999 -9999 -9999 -9999 -9999 -9999 22 24 18 -9999 17 20 25 36 38 46 48 52 34 29 36 29 -9999 16 14 11 11 10 -9999 -9999 -9999 -9999 10 -9999 -9999 -9999 -9999 -9999 -9999 -9999 -9999 6 12 9 7 6 13 14 18 22 24 27 32 34 39 46 52 48 49 52 51 50 54 48 42 48 48 54 48 52 57 49 46 44 45 44 38 31 26 23 21 20 20 21 21 23 22 24 25 27 29 33 36
-9999 -9999 -9999 -9999 -9999 -9999 -9999 -9999 -9999 -9999 -9999 18 16 18 23 31 50 52 44 36 18 24 25 22 16 11 -9999 -9999 -9999 10 11 -9999 6 -9999 8 9 -9999 -9999 -9999 -9999 10 10 -9999 6 10 6 9 7 10 22 26 24 27 38 35 39 45 48 52 57 56 59 57 53 46 49 46 44 40 45 52 52 49 46 46 43 46 37 31 26 23 21 20 20 21 21 22 23 25 27 30 32 35 38
-9999 -9999 -9999 -9999 -9999 -9999 -9999 -9999 -9999 -9999 -9999 -9999 -9999 16 27 40 31 40 41 33 20 14 18 18 16 12 -9999 6 -9999 -9999 7 -9999 -9999 6 -9999 5 7 -9999 -9999 -9999 -9999 -9999 -9999 4 4 -9999 -9999 7 11 16 23 30 29 34 40 38 40 51 51 56 49 60 61 55 48 50 41 41 36 38 51 46 51 50 51 43 42 40 32 28 25 23 25 23 22 22 24 27 32 34 40 44 42 42
-9999 -9999 -9999 -9999 -9999 -9999 -9999 -9999 -9999 -9999 -9999 -9999 -9999 16 24 22 32 35 36 44 32 18 11 12 12 -9999 -9999 -9999 -9999 -9999 5 6 -9999 -9999 -9999 -9999 -9999 6 -9999 -9999 -9999 -9999 -9999 4 4 3 -9999 -9999 8 12 14 29 30 32 41 40 40 46 55 52 54 56 59 58 59 42 38 37 31 32 43 39 50 52 47 49 41 38 36 32 29 28 25 24 24 25 27 31 39 48 44 40 40 46
-9999 -9999 -9999 -9999 -9999 -9999 -9999 -9999 -9999 -9999 -9999 -9999 -9999 16 25 19 25 41 24 30 31 23 -9999 -9999 -9999 -9999 -9999 -9999 -9999 -9999 6 4 3 -9999 4 5 6 9 5 -9999 -9999 -9999 -9999 -9999 -9999 5 3 6 8 9 15 20 29 29 27 31 44 47 43 50 56 55 58 58 52 40 37 28 23 21 30 30 40 44 44 51 50 43 38 34 30 29 28 27 28 30 33 37 40 42 38 38 43 46
