resultados/variables_proyeccion_tiempo/variables_futuro_ccsm_A1B/bio11.asc
ncols 330
nrows 228
xllcorner -12.000000
yllcorner 34.000000
cellsize 0.166667
NODATA_value -9999
[rows 45 to 89 of 228, columns 192 to 287 of 330]
-63 -62 -56 -54 -51 -47 -44 -42 -41 -40 -9999 -9999 -9999 -9999 -9999 -9999 -9999 -9999 -9999 -9999 -9999 -9999 -9999 -9999 -37 -37 -37 -38 -39 -39 -39 -38 -39 -39 -40 -42 -43 -45 -45 -46 -47 -48 -49 -51 -52 -53 -53 -52 -54 -55 -54 -56 -57 -58 -57 -58 -58 -58 -58 -59 -61 -62 -63 -64 -64 -63 -62 -62 -61 -61 -61 -61 -61 -60 -61 -61 -60 -58 -58 -57 -56 -55 -54 -54 -53 -52 -50 -49 -47 -47 -46 -9999 -9999 -47 -45 -45
-63 -59 -55 -51 -47 -43 -41 -40 -9999 -9999 -9999 -9999 -9999 -9999 -9999 -9999 -9999 -9999 -9999 -9999 -9999 -36 -36 -36 -37 -37 -37 -37 -37 -37 -38 -40 -40 -40 -40 -41 -42 -44 -44 -46 -47 -47 -48 -49 -50 -51 -51 -51 -52 -54 -53 -54 -55 -55 -54 -56 -56 -56 -57 -58 -61 -62 -64 -65 -65 -65 -65 -64 -63 -62 -62 -61 -61 -61 -61 -60 -59 -59 -58 -56 -56 -54 -53 -53 -51 -50 -50 -50 -49 -49 -48 -47 -47 -47 -46 -46
-55 -53 -49 -46 -42 -39 -9999 -9999 -9999 -9999 -9999 -9999 -9999 -9999 -9999 -9999 -9999 -9999 -9999 -9999 -34 -35 -35 -36 -37 -37 -37 -37 -37 -38 -38 -38 -39 -39 -40 -41 -42 -42 -44 -46 -48 -49 -49 -49 -50 -51 -53 -54 -51 -51 -50 -51 -52 -53 -54 -54 -54 -56 -56 -57 -60 -62 -63 -65 -63 -63 -63 -64 -65 -63 -62 -61 -60 -59 -60 -60 -59 -58 -57 -56 -55 -55 -54 -53 -51 -49 -50 -53 -54 -52 -50 -49 -49 -47 -46 -46
-50 -46 -44 -41 -39 -37 -9999 -9999 -9999 -9999 -9999 -9999 -9999 -9999 -9999 -9999 -9999 -34 -32 -33 -34 -35 -36 -36 -37 -38 -38 -37 -37 -36 -35 -37 -39 -39 -40 -40 -40 -41 -42 -44 -45 -46 -48 -49 -47 -48 -48 -49 -51 -53 -50 -51 -52 -53 -54 -55 -56 -57 -58 -58 -59 -61 -61 -62 -62 -61 -62 -63 -64 -62 -62 -61 -60 -59 -59 -59 -58 -57 -55 -54 -53 -53 -52 -52 -51 -50 -50 -51 -53 -53 -51 -50 -50 -49 -48 -47
-44 -40 -40 -38 -37 -35 -9999 -9999 -9999 -9999 -9999 -9999 -9999 -9999 -9999 -31 -32 -32 -32 -32 -33 -34 -36 -37 -38 -38 -38 -38 -37 -38 -36 -36 -37 -39 -40 -40 -41 -40 -39 -41 -42 -43 -44 -46 -44 -46 -46 -46 -48 -51 -51 -48 -48 -50 -51 -51 -54 -55 -55 -55 -57 -59 -60 -60 -62 -60 -59 -61 -64 -63 -61 -61 -61 -60 -58 -57 -56 -56 -56 -54 -54 -54 -53 -51 -51 -50 -50 -49 -50 -52 -53 -51 -51 -52 -52 -49
-9999 -9999 -9999 -9999 -33 -33 -9999 -9999 -9999 -9999 -9999 -9999 -9999 -28 -29 -30 -30 -31 -32 -32 -32 -33 -34 -36 -38 -38 -38 -38 -37 -36 -37 -36 -37 -39 -40 -38 -41 -41 -40 -39 -40 -41 -41 -42 -42 -42 -43 -43 -45 -46 -48 -48 -47 -46 -46 -48 -50 -50 -52 -52 -53 -56 -57 -57 -60 -61 -59 -60 -61 -62 -63 -65 -60 -59 -59 -59 -57 -54 -55 -55 -55 -54 -53 -52 -51 -50 -50 -49 -48 -49 -50 -51 -52 -53 -54 -53
-9999 -9999 -9999 -9999 -9999 -9999 -9999 -25 -24 -9999 -25 -26 -25 -28 -28 -30 -30 -31 -32 -32 -32 -33 -34 -36 -37 -38 -38 -38 -37 -37 -37 -37 -36 -36 -37 -39 -38 -37 -38 -38 -40 -41 -42 -39 -41 -42 -40 -40 -41 -43 -44 -45 -46 -47 -44 -44 -46 -48 -49 -51 -51 -53 -54 -55 -56 -57 -57 -57 -58 -60 -62 -64 -60 -58 -58 -57 -56 -55 -55 -53 -53 -52 -52 -52 -52 -52 -51 -50 -49 -49 -48 -48 -49 -51 -53 -54
-9999 -9999 -9999 -9999 -9999 -9999 -26 -25 -23 -22 -22 -23 -25 -26 -28 -30 -30 -31 -31 -32 -33 -33 -34 -35 -37 -38 -38 -38 -38 -37 -35 -36 -35 -36 -36 -36 -37 -36 -36 -36 -38 -40 -40 -38 -38 -39 -39 -40 -38 -39 -40 -41 -44 -45 -47 -44 -44 -45 -46 -47 -50 -53 -55 -55 -56 -57 -59 -59 -59 -60 -59 -59 -57 -56 -57 -57 -58 -56 -55 -53 -52 -51 -51 -51 -52 -52 -52 -51 -50 -48 -50 -51 -50 -51 -52 -53
-9999 -9999 -9999 -9999 -9999 -9999 -9999 -9999 -21 -20 -21 -22 -23 -25 -27 -29 -29 -29 -30 -31 -33 -32 -34 -35 -37 -39 -38 -37 -38 -36 -34 -34 -34 -33 -34 -33 -35 -36 -35 -35 -36 -37 -37 -37 -35 -34 -33 -34 -36 -36 -37 -40 -40 -44 -46 -45 -45 -45 -48 -47 -49 -53 -55 -54 -53 -54 -56 -57 -57 -58 -58 -57 -56 -55 -56 -57 -59 -56 -53 -53 -53 -53 -52 -53 -52 -53 -53 -52 -50 -49 -49 -51 -52 -50 -52 -54
-9999 -9999 -9999 -9999 -9999 -27 -24 -24 -21 -20 -20 -21 -23 -25 -26 -27 -28 -29 -31 -31 -32 -34 -35 -36 -37 -38 -38 -37 -36 -36 -35 -34 -34 -34 -34 -31 -32 -34 -35 -34 -34 -34 -35 -36 -34 -31 -31 -32 -33 -34 -37 -37 -39 -41 -42 -42 -42 -42 -45 -48 -48 -49 -52 -52 -52 -53 -54 -55 -55 -56 -57 -56 -56 -56 -54 -55 -56 -54 -54 -53 -53 -53 -53 -53 -52 -50 -49 -48 -47 -48 -51 -51 -52 -51 -50 -51
-9999 -9999 -9999 -9999 -9999 -9999 -24 -23 -21 -20 -20 -22 -25 -27 -26 -26 -28 -30 -31 -32 -32 -33 -35 -37 -37 -38 -39 -38 -36 -35 -34 -34 -32 -34 -33 -31 -32 -31 -32 -33 -33 -33 -34 -34 -33 -31 -29 -30 -31 -33 -35 -35 -37 -39 -38 -38 -40 -42 -42 -45 -47 -48 -50 -52 -52 -51 -52 -54 -54 -54 -55 -57 -56 -55 -55 -55 -55 -55 -53 -52 -52 -52 -52 -51 -49 -48 -47 -44 -44 -44 -46 -48 -48 -49 -50 -53
-9999 -9999 -9999 -9999 -9999 -9999 -23 -22 -20 -20 -21 -22 -26 -27 -26 -28 -29 -30 -31 -32 -33 -32 -34 -35 -36 -37 -37 -37 -36 -36 -34 -32 -32 -31 -30 -31 -30 -30 -31 -31 -32 -32 -32 -31 -30 -30 -28 -30 -31 -31 -33 -34 -35 -36 -38 -37 -39 -40 -40 -43 -46 -49 -49 -51 -52 -52 -52 -52 -52 -53 -54 -54 -54 -52 -53 -53 -53 -52 -52 -52 -50 -50 -47 -46 -45 -46 -46 -45 -45 -44 -44 -44 -44 -45 -46 -50
-9999 -9999 -9999 -9999 -9999 -9999 -21 -20 -19 -20 -21 -24 -24 -26 -28 -29 -29 -30 -31 -32 -33 -32 -33 -34 -35 -35 -35 -34 -32 -34 -34 -33 -32 -32 -30 -28 -28 -29 -30 -30 -31 -31 -30 -29 -29 -28 -28 -28 -30 -30 -33 -32 -33 -35 -36 -36 -37 -38 -39 -41 -44 -45 -48 -48 -50 -51 -51 -51 -52 -53 -53 -52 -51 -51 -51 -52 -50 -50 -50 -50 -49 -48 -46 -46 -46 -49 -46 -44 -45 -46 -47 -45 -45 -44 -44 -46
-9999 -9999 -9999 -9999 -9999 -9999 -9999 -18 -17 -18 -19 -22 -24 -26 -28 -29 -30 -31 -31 -32 -33 -32 -31 -32 -32 -33 -32 -31 -29 -31 -30 -29 -29 -29 -27 -26 -27 -27 -28 -30 -30 -30 -28 -28 -28 -27 -27 -26 -28 -28 -29 -30 -31 -34 -34 -34 -34 -36 -38 -39 -42 -43 -44 -46 -47 -49 -50 -52 -53 -52 -52 -50 -49 -48 -48 -48 -49 -50 -50 -50 -50 -49 -46 -46 -44 -45 -47 -44 -43 -44 -44 -44 -46 -44 -44 -47
-9999 -9999 -9999 -9999 -9999 -9999 -9999 -17 -17 -18 -19 -20 -22 -24 -26 -28 -29 -30 -31 -32 -33 -33 -31 -31 -29 -30 -29 -28 -28 -28 -27 -28 -29 -26 -25 -26 -27 -29 -28 -28 -28 -27 -26 -27 -26 -27 -27 -26 -27 -27 -27 -28 -29 -31 -32 -32 -33 -36 -37 -38 -40 -42 -44 -44 -45 -45 -48 -50 -50 -50 -49 -49 -49 -48 -48 -48 -48 -47 -48 -48 -49 -49 -48 -45 -43 -43 -43 -44 -42 -42 -45 -43 -43 -43 -44 -47
-9999 -9999 -9999 -9999 -9999 -9999 -9999 -9999 -16 -16 -17 -18 -20 -22 -25 -26 -28 -29 -29 -31 -32 -32 -30 -29 -29 -30 -29 -28 -27 -28 -26 -26 -25 -24 -25 -26 -26 -26 -25 -25 -25 -25 -26 -26 -26 -26 -26 -25 -26 -27 -28 -28 -28 -29 -30 -31 -31 -33 -35 -36 -38 -39 -41 -41 -43 -42 -44 -45 -45 -46 -46 -46 -47 -47 -46 -45 -47 -46 -46 -46 -47 -47 -47 -45 -42 -42 -44 -43 -41 -42 -42 -43 -43 -43 -43 -45
-9999 -9999 -9999 -9999 -9999 -9999 -9999 -9999 -9999 -15 -15 -16 -18 -20 -22 -24 -27 -27 -27 -28 -30 -30 -27 -28 -30 -30 -28 -27 -26 -27 -26 -24 -24 -23 -25 -25 -25 -25 -25 -24 -24 -25 -26 -26 -25 -25 -25 -25 -25 -25 -25 -26 -27 -27 -28 -29 -30 -33 -34 -35 -36 -38 -38 -38 -40 -40 -41 -41 -41 -43 -43 -43 -44 -44 -44 -44 -44 -44 -44 -43 -44 -44 -46 -48 -47 -46 -44 -41 -41 -41 -42 -42 -42 -43 -43 -44
-9999 -9999 -9999 -9999 -9999 -9999 -9999 -9999 -9999 -14 -15 -16 -17 -19 -21 -23 -25 -26 -28 -28 -31 -29 -26 -26 -27 -26 -25 -25 -26 -26 -26 -24 -23 -22 -24 -24 -24 -25 -25 -24 -24 -25 -24 -24 -24 -24 -23 -23 -25 -24 -24 -25 -26 -27 -27 -29 -30 -31 -32 -34 -35 -34 -34 -35 -36 -36 -37 -38 -38 -40 -41 -41 -41 -42 -42 -42 -43 -45 -46 -46 -46 -45 -50 -52 -50 -49 -49 -44 -41 -41 -41 -42 -42 -42 -43 -43
-9999 -9999 -9999 -9999 -9999 -9999 -9999 -9999 -15 -15 -14 -14 -16 -18 -20 -22 -24 -26 -26 -27 -29 -28 -26 -26 -24 -25 -24 -26 -23 -24 -24 -23 -21 -23 -23 -24 -25 -25 -24 -24 -24 -24 -24 -24 -23 -23 -23 -22 -23 -23 -24 -24 -26 -27 -27 -28 -28 -29 -30 -31 -31 -30 -31 -32 -34 -34 -35 -35 -35 -36 -37 -38 -39 -40 -40 -41 -42 -44 -43 -44 -44 -44 -47 -50 -50 -48 -46 -44 -42 -43 -44 -44 -42 -42 -43 -43
-9999 -9999 -9999 -9999 -9999 -9999 -9999 -9999 -13 -14 -14 -14 -15 -17 -19 -20 -22 -24 -25 -26 -27 -26 -23 -23 -23 -24 -24 -22 -22 -22 -24 -25 -22 -21 -22 -22 -23 -23 -24 -23 -23 -25 -23 -23 -23 -23 -23 -22 -22 -22 -21 -23 -24 -24 -25 -25 -25 -26 -27 -27 -27 -28 -29 -30 -31 -32 -33 -33 -33 -34 -34 -34 -35 -37 -37 -38 -38 -40 -41 -42 -44 -44 -43 -44 -47 -46 -45 -43 -40 -40 -41 -43 -45 -43 -43 -44
-9999 -9999 -9999 -9999 -9999 -9999 -9999 -9999 -12 -13 -13 -13 -14 -15 -17 -19 -20 -21 -22 -22 -22 -21 -22 -22 -22 -22 -21 -21 -22 -22 -23 -23 -22 -21 -23 -23 -23 -22 -21 -22 -22 -23 -23 -24 -23 -22 -22 -22 -22 -20 -20 -21 -20 -21 -21 -22 -23 -24 -24 -24 -25 -25 -26 -28 -29 -30 -31 -31 -32 -32 -32 -33 -33 -34 -35 -36 -36 -37 -38 -39 -41 -42 -41 -42 -42 -43 -43 -42 -40 -39 -40 -41 -42 -43 -43 -43
-9999 -9999 -9999 -9999 -9999 -9999 -9999 -11 -10 -10 -10 -11 -11 -12 -14 -16 -17 -18 -18 -18 -17 -18 -19 -20 -21 -20 -20 -18 -18 -19 -19 -19 -20 -19 -20 -20 -20 -20 -20 -20 -20 -21 -21 -21 -21 -20 -20 -20 -19 -18 -18 -18 -18 -19 -19 -20 -20 -21 -21 -22 -24 -25 -24 -25 -26 -27 -28 -29 -30 -30 -31 -32 -32 -33 -33 -34 -35 -36 -36 -37 -39 -40 -40 -39 -39 -41 -42 -42 -42 -42 -43 -45 -45 -42 -42 -43
-9999 -9999 -9999 -9999 -9999 -9999 -8 -9 -8 -8 -7 -8 -9 -10 -12 -12 -13 -14 -14 -13 -12 -13 -14 -16 -17 -16 -16 -17 -15 -16 -15 -16 -17 -17 -17 -17 -17 -18 -18 -18 -18 -19 -19 -19 -19 -18 -18 -18 -17 -17 -17 -16 -16 -17 -18 -18 -19 -20 -20 -22 -21 -22 -23 -23 -24 -25 -26 -28 -29 -29 -30 -31 -31 -32 -32 -33 -33 -34 -35 -36 -36 -37 -38 -40 -42 -42 -44 -43 -43 -44 -46 -48 -50 -47 -45 -45
-9999 -9999 -9999 -9999 -9999 -9999 -7 -7 -7 -6 -6 -5 -6 -6 -8 -9 -10 -11 -11 -10 -9 -10 -11 -12 -14 -13 -14 -13 -12 -12 -12 -14 -13 -13 -14 -15 -15 -16 -16 -16 -17 -17 -17 -16 -17 -16 -16 -16 -16 -15 -15 -15 -16 -17 -18 -17 -17 -18 -19 -21 -21 -21 -21 -21 -22 -24 -25 -26 -27 -29 -29 -30 -31 -31 -32 -32 -32 -33 -34 -35 -36 -38 -41 -41 -41 -43 -44 -43 -43 -44 -48 -50 -51 -51 -50 -50
-8 -9999 -7 -9999 -8 -6 -6 -9999 -6 -4 -3 -3 -3 -4 -4 -5 -7 -8 -6 -7 -8 -8 -8 -8 -8 -8 -8 -8 -8 -8 -9 -10 -11 -11 -12 -13 -15 -16 -16 -16 -16 -15 -15 -9999 -16 -15 -9999 -9999 -9999 -9999 -16 -16 -17 -17 -18 -19 -18 -19 -20 -22 -23 -23 -21 -22 -22 -23 -24 -26 -27 -28 -29 -30 -31 -31 -32 -32 -33 -34 -34 -35 -36 -38 -39 -40 -40 -41 -43 -45 -46 -46 -48 -51 -52 -51 -52 -52
-7 -6 -6 -9999 -6 -6 -9999 -6 -5 -4 -2 -2 -2 -4 -4 -4 -5 -5 -5 -5 -5 -6 -5 -6 -6 -6 -6 -5 -3 -3 -7 -9 -9 -10 -11 -13 -15 -9999 -9999 -9999 -9999 -9999 -9999 -9999 -9999 -9999 -9999 -9999 -9999 -9999 -9999 -17 -16 -17 -18 -18 -18 -18 -18 -18 -20 -19 -20 -22 -21 -22 -24 -25 -26 -28 -29 -30 -30 -31 -32 -33 -34 -36 -36 -36 -36 -39 -40 -42 -42 -43 -46 -48 -49 -50 -50 -50 -50 -51 -51 -52
-4 -5 -4 -4 -4 -9999 -9999 -9999 -9999 -3 -3 -3 -9999 -4 -4 -5 -4 -4 -4 -4 -4 -4 -4 -4 -4 -4 -3 -2 -1 -9999 -4 -9999 -9999 -9999 -9999 -9999 -9999 -9999 -9999 -9999 -9999 -20 -9999 -9999 -9999 -9999 -16 -16 -9999 -9999 -16 -9999 -9999 -9999 -9999 -9999 -9999 -9999 -14 -14 -14 -15 -17 -19 -21 -23 -24 -25 -26 -28 -30 -30 -31 -32 -33 -34 -35 -37 -37 -37 -37 -39 -41 -42 -44 -44 -44 -46 -49 -50 -50 -50 -50 -50 -49 -50
-9999 -9999 -9999 -9999 -9999 -4 -9999 -9999 -9999 -9999 -9999 -9999 -9999 -9999 -4 -5 -9999 -5 -5 -5 -4 -4 -3 -4 -9999 -9999 -9999 -9999 -9999 -9999 -9999 -9999 -9999 -9999 -9999 -9999 -9999 -9999 -9999 -9999 -9999 -9999 -9999 -17 -9999 -9999 -9999 -9999 -9999 -9999 -9999 -9999 -9999 -9999 -17 -16 -17 -17 -16 -15 -14 -14 -15 -18 -21 -22 -24 -25 -27 -29 -30 -32 -33 -33 -34 -34 -35 -36 -37 -37 -38 -38 -40 -40 -41 -42 -44 -46 -49 -48 -49 -49 -49 -49 -49 -49
-9999 -9999 -9999 -9999 -9999 -9999 -9999 -9999 -9999 -9999 -9999 -9999 -9999 -9999 -5 -9999 -9999 -9999 -9999 -9999 -9999 -9999 -9999 -9999 -9999 -9999 -9999 -9999 -9999 -9999 -9999 -9999 -9999 -9999 -9999 -9999 -9999 -9999 -9999 -9999 -9999 -9999 -9999 -9999 -9999 -9999 -9999 -9999 -18 -18 -20 -19 -18 -19 -20 -21 -20 -20 -19 -18 -17 -18 -17 -18 -21 -23 -25 -28 -30 -31 -31 -32 -32 -33 -33 -34 -36 -36 -36 -37 -37 -38 -39 -40 -42 -44 -45 -46 -47 -47 -47 -47 -48 -49 -49 -49
-9999 -9999 -9999 -9999 -9999 -9999 -9999 -9999 -9999 -9999 -9999 -9999 -9999 -9999 -9999 -9999 -9999 -9999 -9999 -9999 -9999 -9999 -9999 -9999 -9999 -9999 -9999 -5 -3 -4 -9999 -6 -8 -10 -12 -13 -14 -15 -15 -15 -14 -9999 -9999 -9999 -9999 -9999 -9999 -9999 -18 -18 -18 -19 -20 -22 -23 -24 -23 -22 -22 -21 -20 -20 -20 -22 -23 -24 -26 -28 -29 -30 -31 -31 -31 -32 -33 -34 -35 -35 -36 -37 -37 -38 -38 -40 -42 -44 -45 -46 -46 -46 -46 -46 -46 -47 -48 -48
-9999 -9999 -9999 -9999 -9999 -9999 -9999 -9999 -9999 -9999 -9999 -9999 -9999 -9999 -9999 -9999 -9999 -9999 -9999 -9999 -9999 -9999 -9999 -4 -4 -5 -5 -5 -5 -6 -7 -8 -10 -12 -13 -15 -15 -16 -16 -16 -17 -17 -16 -18 -18 -18 -17 -18 -18 -18 -18 -18 -20 -21 -23 -22 -22 -22 -22 -22 -21 -21 -21 -23 -24 -25 -27 -28 -28 -30 -30 -30 -31 -32 -34 -34 -34 -35 -36 -36 -37 -38 -38 -42 -44 -44 -45 -45 -44 -44 -44 -45 -45 -45 -46 -45
-9999 -9999 -9999 -9999 -9999 -9999 -9999 -9999 -9999 -9999 -9999 -9999 -9999 -9999 -9999 -9999 -9999 -9999 -9999 -9999 -9999 -3 -4 -4 -5 -5 -6 -6 -7 -8 -8 -10 -11 -12 -13 -14 -16 -17 -18 -17 -18 -18 -18 -18 -19 -18 -18 -18 -18 -19 -19 -19 -19 -19 -20 -21 -21 -22 -22 -23 -22 -22 -23 -24 -25 -26 -28 -28 -29 -29 -30 -30 -32 -33 -34 -35 -35 -36 -36 -37 -37 -41 -42 -42 -43 -44 -43 -43 -43 -43 -43 -43 -44 -44 -44 -44
-9999 -9999 -9999 -9999 -9999 -9999 -9999 -9999 -9999 -9999 -9999 -9999 -9999 -9999 -9999 -2 -2 -9999 -3 -3 -3 -4 -4 -5 -6 -7 -8 -9 -9 -10 -10 -11 -12 -13 -14 -15 -16 -16 -18 -18 -18 -18 -18 -18 -18 -19 -18 -19 -20 -21 -21 -21 -21 -21 -20 -20 -21 -22 -22 -23 -23 -23 -24 -25 -26 -28 -30 -30 -30 -30 -30 -32 -33 -34 -35 -36 -36 -36 -38 -39 -40 -43 -45 -44 -45 -44 -43 -43 -43 -43 -43 -43 -43 -43 -43 -43
-9999 -9999 -9999 -9999 -9999 -9999 -9999 -9999 -9999 -9999 -9999 -9999 -1 -1 -2 -2 -3 -3 -3 -4 -4 -4 -5 -7 -8 -8 -9 -9 -10 -11 -11 -11 -12 -13 -13 -14 -15 -16 -17 -17 -17 -17 -17 -18 -18 -18 -19 -20 -21 -22 -23 -23 -23 -22 -21 -21 -22 -22 -22 -23 -24 -24 -25 -26 -27 -29 -31 -31 -32 -32 -32 -33 -33 -35 -36 -36 -36 -36 -38 -40 -41 -44 -45 -44 -44 -44 -43 -43 -43 -42 -43 -43 -44 -43 -43 -43
-9999 -9999 -9999 -9999 -9999 -9999 -9999 -9999 -9999 -9999 -9999 -9999 -9999 -9999 -2 -2 -2 -2 -9999 -9999 -9999 -5 -6 -7 -8 -9 -10 -10 -11 -11 -11 -11 -12 -13 -14 -14 -15 -15 -16 -18 -17 -17 -17 -18 -18 -19 -19 -21 -22 -23 -24 -24 -24 -24 -22 -22 -23 -25 -25 -24 -24 -25 -27 -28 -29 -30 -32 -33 -33 -33 -33 -33 -34 -35 -36 -36 -37 -39 -38 -38 -38 -42 -44 -44 -43 -43 -43 -42 -42 -43 -44 -45 -44 -43 -42 -42
-9999 -9999 -9999 -9999 -9999 -9999 -9999 -9999 -9999 -9999 -9999 -9999 -9999 0 -2 -2 -2 -3 -4 -4 -4 -5 -7 -8 -9 -10 -11 -11 -11 -11 -10 -11 -12 -13 -13 -14 -14 -14 -16 -16 -17 -18 -19 -18 -19 -19 -20 -22 -23 -23 -24 -24 -25 -25 -24 -23 -24 -26 -26 -25 -25 -27 -28 -28 -29 -31 -33 -33 -33 -33 -33 -34 -34 -34 -35 -37 -41 -42 -42 -40 -38 -39 -41 -43 -43 -43 -43 -42 -43 -43 -44 -44 -45 -44 -42 -43
-9999 -9999 -9999 -9999 -9999 -9999 -9999 -9999 -9999 -9999 -9999 0 0 -1 -2 -2 -2 -3 -4 -4 -9999 -9999 -7 -8 -10 -11 -11 -12 -11 -11 -10 -11 -13 -15 -14 -14 -14 -14 -15 -16 -17 -18 -18 -18 -19 -19 -20 -22 -22 -24 -26 -27 -27 -27 -27 -25 -25 -26 -26 -26 -27 -27 -28 -29 -30 -31 -32 -33 -33 -33 -33 -34 -35 -35 -35 -37 -39 -42 -41 -41 -39 -38 -38 -38 -41 -42 -42 -42 -43 -43 -44 -44 -44 -43 -42 -42
-9999 -9999 -9999 -9999 -9999 -9999 -9999 -9999 -9999 -9999 -9999 2 0 0 0 -1 -1 -2 -9999 -9999 -9999 -9999 -9999 -9999 -9 -10 -10 -11 -11 -11 -12 -12 -13 -15 -15 -14 -14 -15 -16 -18 -18 -19 -18 -19 -19 -20 -21 -22 -23 -26 -29 -30 -29 -28 -28 -27 -26 -26 -26 -27 -27 -27 -28 -28 -29 -30 -31 -32 -32 -32 -33 -35 -36 -36 -35 -37 -39 -41 -42 -42 -42 -42 -41 -40 -40 -41 -41 -41 -41 -42 -44 -44 -43 -42 -42 -42
-9999 -9999 -9999 -9999 -9999 -9999 -9999 -9999 -9999 -9999 -9999 -9999 1 1 -9999 0 -9999 -9999 -9999 -9999 -9999 -9999 -9999 -7 -9999 -9999 -9 -11 -11 -12 -13 -13 -14 -16 -16 -15 -14 -18 -20 -22 -22 -20 -19 -19 -19 -20 -21 -22 -23 -25 -28 -28 -29 -28 -28 -27 -26 -26 -26 -26 -27 -27 -27 -29 -30 -31 -31 -31 -32 -32 -33 -34 -36 -36 -35 -34 -36 -38 -41 -43 -43 -42 -41 -40 -41 -41 -41 -41 -42 -42 -43 -43 -42 -41 -41 -42
-9999 -9999 -9999 -9999 -9999 -9999 -9999 -9999 -9999 -9999 -9999 -9999 2 1 -9999 -9999 -9999 -9999 -9999 -9999 -9999 -9999 -9999 -9999 -9999 -9999 -9 -10 -11 -11 -12 -12 -13 -15 -15 -15 -15 -15 -17 -20 -20 -20 -20 -20 -21 -21 -21 -22 -23 -25 -26 -26 -26 -25 -26 -26 -25 -25 -26 -26 -28 -29 -29 -30 -30 -31 -31 -31 -32 -32 -33 -33 -35 -35 -34 -35 -40 -41 -42 -43 -42 -42 -41 -40 -40 -40 -40 -40 -41 -42 -42 -42 -42 -41 -41 -41
-9999 -9999 -9999 -9999 -9999 -9999 -9999 -9999 -9999 -9999 -9999 -9999 -9999 3 1 0 -9999 -9999 -9999 -2 -9999 -9999 -9999 -9999 -9999 -9999 -8 -9 -10 -11 -12 -11 -13 -14 -14 -14 -15 -15 -17 -18 -19 -22 -26 -24 -24 -24 -24 -23 -24 -25 -25 -25 -25 -25 -25 -24 -25 -26 -27 -27 -28 -29 -30 -30 -31 -31 -31 -32 -31 -31 -32 -33 -34 -34 -34 -35 -40 -42 -42 -43 -43 -42 -41 -40 -40 -40 -40 -40 -40 -40 -41 -40 -40 -40 -40 -40
-9999 -9999 -9999 -9999 -9999 -9999 -9999 -9999 -9999 -9999 4 3 3 0 -2 0 0 -9999 -9999 -9999 -9999 -9999 -9999 -9999 -9999 -9999 -7 -9 -10 -12 -12 -12 -13 -13 -14 -15 -15 -15 -16 -18 -20 -24 -26 -26 -26 -25 -25 -24 -24 -25 -25 -26 -26 -26 -26 -27 -30 -31 -29 -28 -28 -29 -30 -30 -30 -31 -31 -32 -32 -32 -33 -34 -34 -34 -34 -38 -40 -42 -43 -43 -43 -43 -42 -41 -40 -40 -39 -40 -40 -40 -42 -42 -41 -40 -41 -41
-9999 -9999 -9999 -9999 -9999 -9999 -9999 -9999 -9999 5 4 3 3 1 -1 -1 -0 -0 0 -9999 -9999 -9999 -9999 -9999 -9999 -9999 -7 -8 -10 -11 -11 -12 -13 -14 -17 -18 -17 -17 -17 -19 -21 -24 -25 -25 -25 -24 -24 -24 -24 -25 -25 -26 -26 -26 -28 -31 -34 -32 -31 -28 -30 -30 -30 -30 -30 -31 -32 -32 -32 -33 -33 -33 -34 -35 -37 -41 -43 -42 -42 -42 -43 -43 -42 -43 -43 -43 -41 -40 -40 -40 -42 -42 -42 -41 -41 -40
-9999 -9999 -9999 -9999 -9999 -9999 -9999 -9999 5 6 5 3 3 2 0 -2 -3 -0 0 0 -9999 -9999 -9999 -9999 -9999 -9999 -5 -7 -9 -11 -12 -14 -17 -21 -21 -21 -20 -20 -19 -19 -21 -22 -22 -23 -24 -24 -23 -23 -23 -24 -25 -26 -26 -27 -28 -30 -29 -29 -28 -29 -30 -30 -30 -30 -31 -31 -31 -32 -32 -33 -34 -35 -39 -42 -42 -41 -42 -42 -42 -43 -43 -43 -44 -46 -45 -44 -44 -41 -40 -40 -41 -41 -41 -42 -40 -39
-9999 -9999 -9999 -9999 -9999 -9999 -9999 -9999 6 5 4 3 3 1 -1 -2 -3 -2 -2 -1 0 -9999 -9999 -9999 -2 -3 -5 -7 -8 -12 -13 -18 -20 -21 -21 -22 -22 -20 -20 -20 -20 -20 -21 -22 -23 -23 -23 -23 -24 -24 -25 -25 -26 -26 -26 -26 -26 -27 -27 -29 -29 -30 -30 -30 -30 -30 -30 -31 -33 -34 -36 -40 -42 -42 -42 -41 -42 -42 -41 -41 -42 -43 -43 -44 -44 -44 -43 -40 -40 -40 -39 -39 -40 -39 -39 -39
