resultados/variables_proyeccion_tiempo/variables_futuro_ccsm_A1B/bio1.asc
ncols 330
nrows 228
xllcorner -12.000000
yllcorner 34.000000
cellsize 0.166667
NODATA_value -9999
[rows 42 to 83 of 228, columns 95 to 189 of 330]
-9999 -9999 -9999 -9999 -9999 -9999 -9999 -9999 -9999 -9999 -9999 -9999 -9999 -9999 -9999 -9999 -9999 -9999 -9999 -9999 -9999 -9999 -9999 -9999 -9999 -9999 -9999 -9999 -9999 -9999 -9999 -9999 -9999 -9999 -9999 -9999 -9999 -9999 -9999 -9999 -9999 80 80 81 81 78 78 75 73 70 68 66 51 49 53 63 54 51 54 44 45 45 49 45 38 35 34 31 36 38 37 43 45 40 37 37 36 35 34 35 32 30 34 39 39 39 40 40 41 41 40 40 38 39 40
-9999 -9999 -9999 -9999 -9999 -9999 -9999 -9999 -9999 -9999 -9999 -9999 -9999 -9999 -9999 -9999 -9999 -9999 -9999 -9999 -9999 -9999 -9999 -9999 -9999 -9999 -9999 -9999 -9999 -9999 -9999 -9999 -9999 -9999 -9999 -9999 -9999 -9999 -9999 -9999 -9999 -9999 -9999 -9999 83 81 76 78 71 61 65 64 57 66 64 59 53 57 57 46 49 55 45 37 36 40 36 44 46 44 41 41 41 46 46 45 40 39 38 34 30 29 31 33 37 40 40 40 41 42 42 43 43 40 40
-9999 -9999 -9999 -9999 -9999 -9999 -9999 -9999 -9999 -9999 -9999 -9999 -9999 -9999 -9999 -9999 -9999 -9999 -9999 -9999 -9999 -9999 -9999 -9999 -9999 -9999 -9999 -9999 -9999 -9999 -9999 -9999 -9999 -9999 -9999 -9999 -9999 -9999 -9999 -9999 -9999 78 78 75 77 74 75 68 65 71 73 69 69 60 50 47 47 48 53 57 59 59 45 42 42 46 48 45 46 50 48 48 45 38 37 43 44 43 40 37 34 29 28 30 32 35 39 39 42 43 43 44 45 44 43
-9999 -9999 -9999 -9999 -9999 -9999 -9999 -9999 -9999 -9999 -9999 -9999 -9999 -9999 -9999 -9999 -9999 -9999 -9999 -9999 -9999 -9999 -9999 -9999 -9999 -9999 -9999 -9999 -9999 -9999 -9999 -9999 -9999 -9999 -9999 -9999 -9999 -9999 -9999 79 78 75 68 66 74 77 71 74 74 65 63 66 66 56 55 44 47 54 53 52 44 45 54 55 54 54 48 50 48 49 53 50 49 48 41 40 41 43 40 40 38 36 34 32 31 33 35 38 40 40 44 46 46 46 45
-9999 -9999 -9999 -9999 -9999 -9999 -9999 -9999 -9999 -9999 -9999 -9999 -9999 -9999 -9999 -9999 -9999 -9999 -9999 -9999 -9999 -9999 -9999 -9999 -9999 -9999 -9999 -9999 -9999 -9999 -9999 -9999 -9999 -9999 -9999 -9999 -9999 -9999 73 72 67 64 68 66 74 73 66 63 67 65 71 70 65 58 57 49 43 47 52 52 41 32 35 41 44 48 53 56 56 54 52 52 45 49 50 46 45 43 42 39 40 40 40 37 38 40 39 35 38 42 45 45 46 48 48
-9999 -9999 -9999 -9999 -9999 -9999 -9999 -9999 -9999 -9999 -9999 -9999 -9999 -9999 -9999 -9999 -9999 -9999 -9999 -9999 -9999 -9999 -9999 -9999 -9999 -9999 -9999 -9999 -9999 -9999 -9999 -9999 -9999 -9999 -9999 -9999 78 72 66 68 64 59 60 62 71 71 75 74 68 60 54 52 48 46 52 50 41 32 38 45 54 56 47 40 39 39 46 50 53 53 51 50 53 51 50 49 45 43 41 42 44 43 41 38 40 40 42 42 41 41 45 47 48 48 50
-9999 -9999 -9999 -9999 -9999 -9999 -9999 -9999 -9999 -9999 -9999 -9999 -9999 -9999 -9999 -9999 -9999 -9999 -9999 -9999 -9999 -9999 -9999 -9999 -9999 -9999 -9999 -9999 -9999 -9999 -9999 81 -9999 -9999 -9999 80 79 73 69 68 60 62 66 71 77 75 71 62 61 60 51 45 47 47 55 42 38 35 32 38 48 52 58 54 48 49 50 51 55 56 52 54 53 52 53 53 49 45 43 46 45 41 41 39 40 42 44 46 44 46 48 47 52 52 54
-9999 -9999 -9999 -9999 -9999 -9999 -9999 -9999 -9999 -9999 -9999 -9999 -9999 -9999 -9999 -9999 -9999 -9999 -9999 -9999 -9999 -9999 -9999 -9999 -9999 -9999 85 84 83 82 82 -9999 -9999 80 78 74 74 69 64 64 67 66 69 76 75 72 68 65 57 52 53 54 47 42 55 56 48 51 52 52 46 47 51 57 59 57 57 57 56 56 56 56 54 54 52 53 52 52 52 50 45 44 43 46 43 44 45 49 46 50 52 52 52 56 57
-9999 -9999 -9999 -9999 -9999 -9999 -9999 -9999 -9999 -9999 -9999 -9999 -9999 -9999 -9999 -9999 -9999 -9999 -9999 -9999 -9999 -9999 -9999 -9999 -9999 -9999 -9999 83 82 80 80 79 79 75 71 68 72 72 69 58 66 75 70 69 65 56 49 47 48 41 46 46 49 46 51 55 50 51 57 59 59 55 57 57 57 60 53 52 56 57 54 51 52 54 53 53 53 53 52 52 49 48 51 50 52 50 52 50 54 51 52 56 57 61 62
-9999 -9999 -9999 -9999 -9999 -9999 -9999 -9999 -9999 -9999 -9999 -9999 -9999 -9999 -9999 -9999 -9999 -9999 -9999 -9999 -9999 -9999 -9999 -9999 85 85 86 81 79 78 74 71 74 63 64 65 72 75 67 74 72 70 69 64 60 50 44 56 45 37 39 41 49 51 45 42 54 53 54 57 58 60 61 61 60 59 56 52 54 56 53 52 48 46 48 51 54 53 55 51 47 48 49 50 53 55 57 57 55 57 59 62 64 65 64
-9999 -9999 -9999 -9999 -9999 -9999 -9999 -9999 -9999 -9999 -9999 -9999 -9999 -9999 -9999 -9999 -9999 -9999 -9999 -9999 -9999 -9999 -9999 -9999 86 79 82 74 72 65 65 65 58 55 64 69 63 68 71 63 58 56 58 60 48 36 33 36 33 38 33 39 43 40 37 45 50 52 55 58 60 63 63 62 61 58 59 59 58 57 55 54 54 49 50 48 51 55 56 58 57 54 54 54 52 53 57 61 63 65 64 66 -9999 -9999 -9999
-9999 -9999 -9999 -9999 -9999 -9999 -9999 -9999 -9999 -9999 -9999 -9999 -9999 -9999 -9999 -9999 -9999 -9999 -9999 -9999 -9999 89 85 81 85 81 82 72 70 62 58 61 61 59 59 59 57 57 66 56 45 41 45 41 40 40 40 34 30 28 21 26 15 23 36 33 27 35 36 34 47 57 61 62 57 58 56 55 56 54 52 52 53 54 55 55 51 51 54 52 52 57 60 63 57 55 60 62 67 66 -9999 -9999 -9999 -9999 -9999
-9999 -9999 -9999 -9999 -9999 -9999 -9999 -9999 -9999 -9999 -9999 -9999 -9999 -9999 -9999 -9999 -9999 95 94 89 77 75 72 73 76 73 76 71 66 62 48 40 37 39 44 54 41 47 50 47 43 44 37 41 38 23 20 29 30 20 21 19 25 26 22 30 37 39 37 32 40 47 56 62 60 57 56 57 56 56 55 52 50 53 53 50 55 51 48 48 48 50 54 61 63 63 65 65 68 -9999 -9999 -9999 -9999 -9999 -9999
-9999 -9999 -9999 -9999 -9999 -9999 -9999 -9999 -9999 -9999 -9999 -9999 -9999 -9999 94 96 97 88 84 86 74 79 72 77 71 68 54 59 41 46 35 29 21 26 27 28 45 42 30 29 28 20 22 24 27 31 24 26 28 21 20 24 27 31 34 39 41 40 44 49 50 51 54 57 57 56 56 56 56 55 51 54 52 52 55 53 53 56 50 50 50 53 55 60 67 68 70 -9999 -9999 -9999 -9999 -9999 -9999 -9999 -9999
-9999 -9999 -9999 -9999 -9999 -9999 -9999 -9999 -9999 -9999 -9999 -9999 -9999 94 66 80 87 81 79 81 63 70 67 63 47 50 31 29 31 29 24 29 25 25 34 25 26 28 31 27 19 19 22 27 28 29 27 28 26 19 23 32 35 30 32 39 39 39 41 41 41 46 51 57 53 54 55 54 52 54 58 59 55 56 55 56 52 53 55 56 58 58 60 63 68 71 -9999 -9999 -9999 -9999 -9999 -9999 -9999 -9999 -9999
-9999 -9999 -9999 -9999 -9999 -9999 -9999 -9999 -9999 -9999 93 90 84 92 91 86 86 73 73 58 46 45 44 31 34 30 23 22 27 6 4 4 4 4 14 11 15 17 22 32 30 27 33 28 21 22 25 28 33 28 27 29 35 38 39 43 42 48 49 51 48 40 49 54 57 56 60 58 60 59 57 52 54 55 58 59 58 56 56 58 61 65 66 69 -9999 -9999 -9999 -9999 -9999 -9999 -9999 -9999 -9999 -9999 -9999
-9999 -9999 -9999 -9999 -9999 -9999 -9999 88 90 90 87 88 86 76 70 64 62 56 60 57 47 43 30 18 17 32 29 21 22 15 10 6 3 14 22 19 12 19 22 30 35 36 31 19 14 21 20 30 33 24 27 30 31 33 34 34 36 41 42 50 50 56 48 47 48 56 60 62 58 57 57 55 52 53 50 52 53 55 58 63 64 67 70 -9999 -9999 -9999 -9999 -9999 -9999 -9999 -9999 -9999 -9999 -9999 -9999
-9999 -9999 -9999 -9999 -9999 -9999 -9999 82 88 88 83 65 69 76 65 63 53 57 56 36 30 28 16 20 9 0 8 12 16 17 26 29 23 9 12 14 29 27 23 24 35 33 32 28 19 23 29 35 31 25 29 29 38 38 36 36 34 44 44 49 54 57 58 57 57 56 59 61 59 58 56 60 59 55 57 57 57 59 60 62 64 68 70 -9999 -9999 -9999 -9999 -9999 -9999 -9999 -9999 -9999 -9999 -9999 -9999
-9999 -9999 -9999 -9999 -9999 -9999 81 89 78 80 71 71 72 68 73 69 73 58 50 48 34 12 13 20 30 24 26 17 21 21 29 26 31 25 6 1 2 16 20 20 16 22 42 41 25 23 27 35 35 35 39 42 46 43 38 42 35 38 43 47 50 54 52 53 57 54 54 56 58 60 62 63 65 61 60 65 66 66 62 67 70 68 -9999 -9999 -9999 -9999 -9999 -9999 -9999 -9999 -9999 -9999 -9999 -9999 -9999
-9999 -9999 -9999 -9999 -9999 -9999 91 81 74 59 58 55 61 64 54 74 47 44 27 19 15 18 14 12 2 4 12 21 6 -1 19 30 30 31 37 24 21 16 18 23 31 40 36 38 40 33 34 33 29 28 34 37 40 44 50 51 51 46 44 46 46 50 53 51 52 55 56 58 59 58 60 64 64 67 66 63 66 67 68 71 72 72 -9999 -9999 -9999 -9999 -9999 -9999 -9999 -9999 -9999 -9999 -9999 -9999 -9999
-9999 -9999 -9999 -9999 -9999 96 92 88 80 81 76 77 65 59 54 59 54 24 28 31 45 18 32 27 8 5 -6 -8 -10 -3 14 12 27 20 30 38 37 36 26 15 21 28 40 46 49 31 32 31 28 37 28 32 29 34 46 52 53 52 47 45 43 45 48 49 51 54 59 61 64 64 59 61 60 60 65 65 63 64 69 73 74 72 -9999 -9999 -9999 -9999 -9999 -9999 -9999 -9999 -9999 -9999 -9999 -9999 -9999
-9999 -9999 -9999 -9999 -9999 -9999 89 86 76 82 78 77 71 67 53 41 37 51 38 48 55 56 26 19 22 4 5 3 0 6 7 16 23 23 17 27 25 28 41 28 20 23 34 46 49 39 40 43 43 42 43 39 42 40 45 54 55 52 53 51 51 53 50 52 51 53 60 65 62 64 66 66 68 70 68 70 67 69 72 75 -9999 -9999 -9999 -9999 -9999 -9999 -9999 -9999 -9999 -9999 -9999 -9999 -9999 -9999 -9999
-9999 -9999 -9999 -9999 -9999 97 98 92 84 80 75 68 62 54 54 42 69 45 52 66 66 45 42 38 15 15 18 10 9 22 28 21 20 18 22 27 32 40 49 44 25 29 27 31 50 57 49 48 46 39 49 51 50 50 46 49 53 56 57 59 59 62 58 58 62 63 64 67 63 65 65 66 65 65 69 72 72 73 74 76 76 -9999 -9999 -9999 -9999 -9999 -9999 -9999 -9999 -9999 -9999 -9999 -9999 -9999 -9999
-9999 -9999 -9999 -9999 -9999 95 92 87 85 84 82 76 57 51 57 57 65 41 56 55 32 41 33 24 18 12 5 7 25 30 34 40 28 26 26 23 30 35 40 58 49 44 43 42 47 60 56 50 48 50 49 54 58 55 50 48 52 54 58 61 60 62 64 71 72 66 65 65 66 64 64 66 61 61 63 64 67 73 74 77 -9999 -9999 -9999 -9999 -9999 -9999 -9999 -9999 -9999 -9999 -9999 -9999 -9999 -9999 -9999
-9999 -9999 -9999 -9999 -9999 97 96 92 83 76 66 52 56 46 41 45 34 41 39 41 30 16 7 4 5 3 14 18 16 22 26 29 35 33 37 36 40 48 46 47 58 63 59 53 50 60 62 61 55 56 56 59 57 54 56 54 55 57 55 61 66 64 64 68 73 73 72 71 68 66 67 68 62 63 66 68 72 76 76 78 79 -9999 -9999 -9999 -9999 -9999 -9999 -9999 -9999 -9999 -9999 -9999 -9999 -9999 -9999
-9999 -9999 -9999 -9999 -9999 96 98 99 96 72 78 77 56 57 40 55 53 43 31 25 11 8 10 8 16 13 12 20 25 33 37 30 22 29 40 44 43 48 58 53 57 65 69 72 69 63 61 65 64 62 64 62 58 62 59 56 57 61 62 63 66 67 65 64 66 71 72 70 68 70 71 73 73 69 69 71 74 77 77 79 80 -9999 -9999 -9999 -9999 -9999 -9999 -9999 -9999 -9999 -9999 -9999 -9999 -9999 -9999
-9999 -9999 -9999 -9999 -9999 98 99 99 97 94 83 73 63 62 56 58 57 52 53 22 18 1 5 7 7 20 27 28 30 27 31 44 30 28 30 48 59 54 64 59 55 56 53 58 68 59 56 58 69 71 65 58 57 60 61 67 62 59 60 64 66 67 69 70 67 70 72 73 71 73 76 76 72 73 74 77 79 79 79 79 80 81 82 83 82 -9999 -9999 83 -9999 -9999 -9999 -9999 -9999 -9999 -9999
-9999 -9999 -9999 -9999 -9999 -9999 100 98 97 87 79 78 57 55 60 54 57 54 25 35 23 20 14 16 16 18 21 23 27 28 24 21 37 41 44 40 42 61 60 70 57 50 53 64 68 64 70 63 67 71 65 65 64 64 69 70 69 65 63 66 65 67 69 70 72 71 72 67 70 75 76 77 78 78 76 76 78 79 80 80 80 81 82 82 83 84 84 84 -9999 -9999 -9999 -9999 -9999 -9999 78
-9999 -9999 -9999 -9999 -9999 -9999 99 98 100 91 87 79 73 77 60 38 44 22 19 18 13 11 13 13 13 15 15 16 17 25 33 35 32 34 50 60 64 65 70 65 59 59 62 71 72 71 73 72 68 73 67 68 64 70 71 75 69 73 70 69 67 67 64 68 69 71 73 74 73 74 75 75 78 79 78 79 79 81 81 81 81 82 82 82 83 84 85 85 85 86 -9999 -9999 -9999 -9999 78
-9999 -9999 -9999 -9999 -9999 -9999 -9999 101 97 96 88 87 89 62 46 20 45 20 14 11 13 12 15 14 12 13 15 16 18 31 27 48 46 54 64 69 69 77 81 61 64 68 71 76 76 76 72 69 67 72 72 72 67 70 73 78 73 73 75 74 71 69 72 69 69 70 71 74 76 78 79 78 78 80 82 81 82 82 82 82 83 83 84 84 85 87 87 87 87 86 86 -9999 -9999 -9999 -9999
-9999 -9999 -9999 -9999 -9999 -9999 -9999 98 99 85 89 79 67 61 41 45 46 29 26 12 15 17 16 6 14 20 20 21 20 41 45 43 44 60 62 70 76 61 73 75 80 83 77 78 76 74 74 72 74 76 78 78 75 72 75 78 77 75 78 74 71 73 73 74 75 75 77 74 73 76 77 81 82 82 84 84 84 84 84 83 84 85 85 86 88 90 89 89 88 87 87 86 -9999 -9999 -9999
-9999 -9999 -9999 -9999 -9999 -9999 -9999 -9999 97 95 94 91 78 73 50 47 40 42 22 20 24 32 37 26 21 34 28 22 31 37 43 63 52 54 63 71 79 71 84 83 87 88 82 79 80 80 77 76 75 78 80 82 81 75 74 79 81 81 78 76 77 77 76 76 78 78 76 82 80 81 83 84 84 84 85 86 87 87 87 87 87 88 88 90 91 93 93 91 90 89 88 87 86 -9999 -9999
-9999 -9999 -9999 -9999 -9999 -9999 -9999 -9999 97 95 86 85 77 65 65 62 54 51 34 27 28 33 17 34 47 40 42 43 48 42 54 67 74 62 63 74 72 79 85 89 86 91 88 86 84 82 81 79 80 79 76 79 85 83 84 82 83 83 84 83 81 80 81 78 78 78 82 83 87 86 87 87 88 89 89 90 90 89 90 90 90 91 91 94 96 97 95 93 92 91 89 -9999 -9999 -9999 -9999
-9999 -9999 -9999 -9999 -9999 -9999 -9999 -9999 96 93 92 84 83 83 76 65 53 33 29 24 29 36 27 39 51 56 65 62 65 62 58 76 77 61 63 64 78 85 91 94 96 96 93 89 89 86 83 84 84 82 79 79 79 84 85 85 85 86 86 86 86 84 83 83 82 82 81 86 89 90 90 90 91 91 91 91 91 92 92 92 93 94 95 96 98 99 98 96 95 94 92 -9999 -9999 -9999 -9999
-9999 -9999 -9999 -9999 -9999 -9999 97 -9999 95 94 91 94 92 85 75 63 48 36 32 32 33 45 41 42 48 58 42 62 56 67 68 80 82 86 85 81 88 90 95 98 98 98 97 96 92 87 84 86 86 85 84 82 84 86 85 87 88 88 88 88 88 88 84 85 84 83 87 90 91 92 92 92 92 91 91 90 90 91 91 92 93 94 96 97 98 99 98 97 96 95 93 -9999 -9999 -9999 -9999
-9999 -9999 -9999 -9999 -9999 -9999 -9999 -9999 97 95 94 92 94 78 71 64 51 42 48 34 33 41 55 44 50 56 57 63 62 67 77 85 84 88 90 90 93 96 100 101 -9999 101 99 97 95 92 87 86 86 85 86 84 86 88 89 88 89 89 89 89 89 89 87 86 87 89 89 90 90 90 90 91 91 92 91 92 92 93 94 94 95 95 97 97 98 99 99 98 -9999 -9999 -9999 -9999 -9999 -9999 -9999
-9999 -9999 -9999 -9999 -9999 -9999 -9999 -9999 -9999 -9999 93 91 88 83 70 52 43 48 50 44 42 44 57 63 53 57 64 70 78 72 78 86 89 91 92 96 97 99 -9999 -9999 -9999 -9999 -9999 99 97 92 89 86 87 87 86 88 90 91 90 90 90 89 89 89 89 88 87 85 86 85 88 86 87 89 89 91 92 92 93 94 95 95 95 96 96 97 98 98 99 100 100 99 -9999 -9999 -9999 -9999 -9999 -9999 -9999
-9999 -9999 -9999 -9999 -9999 -9999 -9999 -9999 -9999 -9999 93 90 82 74 69 60 58 65 54 49 47 56 58 67 61 68 72 78 80 81 85 92 94 96 -9999 -9999 -9999 -9999 -9999 -9999 -9999 -9999 -9999 100 98 94 92 89 89 88 86 91 92 92 91 91 90 90 90 89 89 87 86 86 84 86 89 86 88 90 91 92 92 90 91 93 94 95 96 97 97 98 99 99 99 -9999 -9999 -9999 -9999 -9999 -9999 -9999 -9999 -9999 -9999
-9999 -9999 -9999 -9999 -9999 -9999 -9999 -9999 -9999 -9999 92 87 85 85 72 71 69 72 68 62 57 68 70 76 71 74 83 84 84 90 93 95 -9999 -9999 -9999 -9999 -9999 -9999 -9999 -9999 -9999 -9999 -9999 -9999 98 96 94 91 91 90 91 93 93 93 92 91 91 88 89 88 89 88 87 86 88 90 89 89 90 91 91 92 94 95 96 97 96 97 97 98 -9999 -9999 -9999 -9999 -9999 -9999 -9999 -9999 -9999 -9999 -9999 -9999 -9999 -9999 -9999
-9999 -9999 -9999 -9999 -9999 -9999 -9999 -9999 -9999 -9999 -9999 -9999 93 88 85 79 82 80 79 72 76 78 78 78 80 82 84 85 93 95 97 -9999 -9999 -9999 -9999 -9999 -9999 -9999 -9999 -9999 -9999 -9999 -9999 -9999 99 97 97 95 93 94 94 94 94 93 92 92 90 88 86 80 87 87 85 88 90 90 90 90 91 92 93 93 93 94 94 96 96 98 98 -9999 -9999 -9999 -9999 -9999 -9999 -9999 -9999 -9999 -9999 -9999 -9999 -9999 95 -9999 -9999
-9999 -9999 -9999 -9999 -9999 -9999 -9999 -9999 -9999 -9999 -9999 -9999 -9999 -9999 -9999 86 87 89 82 79 79 82 85 84 87 90 92 96 97 -9999 -9999 -9999 -9999 -9999 -9999 -9999 -9999 -9999 -9999 -9999 -9999 -9999 -9999 -9999 -9999 99 97 96 95 94 95 94 93 93 92 91 89 87 84 83 86 86 87 90 89 88 87 88 89 90 91 91 92 93 94 96 97 98 100 -9999 -9999 -9999 -9999 -9999 -9999 -9999 -9999 -9999 -9999 -9999 -9999 -9999 -9999 -9999 -9999
-9999 -9999 -9999 -9999 -9999 -9999 -9999 -9999 -9999 -9999 -9999 -9999 -9999 -9999 -9999 -9999 93 88 87 91 87 88 92 91 95 97 97 -9999 -9999 -9999 -9999 -9999 -9999 -9999 -9999 -9999 -9999 -9999 -9999 -9999 -9999 -9999 -9999 -9999 -9999 97 98 97 96 95 96 93 93 93 91 89 87 85 83 82 82 81 89 90 84 85 86 88 88 87 89 93 90 92 94 97 98 99 -9999 -9999 -9999 -9999 -9999 -9999 -9999 -9999 -9999 -9999 -9999 -9999 -9999 -9999 -9999 -9999 -9999
