resultados/variables_proyeccion_tiempo/variables_futuro_ccsm_A1B/bio16.asc
ncols 330
nrows 228
xllcorner -12.000000
yllcorner 34.000000
cellsize 0.166667
NODATA_value -9999
[rows 40 to 79 of 228, columns 184 to 275 of 330]
213 213 210 209 213 211 210 208 206 205 206 204 202 200 196 192 190 187 188 188 -9999 -9999 -9999 -9999 -9999 -9999 -9999 -9999 -9999 -9999 -9999 -9999 -9999 -9999 -9999 -9999 -9999 -9999 -9999 185 187 188 191 193 196 199 201 202 204 207 208 209 212 212 214 214 214 218 219 221 222 222 221 219 218 218 218 218 216 215 214 215 215 215 215 216 216 215 214 216 215 213 213 211 210 208 207 205 202 200 197 193
214 212 209 207 206 206 205 206 206 206 204 204 200 198 194 193 192 191 -9999 -9999 -9999 -9999 -9999 -9999 -9999 -9999 -9999 -9999 -9999 -9999 -9999 -9999 -9999 -9999 -9999 188 186 186 -9999 184 185 188 190 193 196 198 201 203 206 208 209 211 212 215 214 219 215 217 219 221 222 222 219 220 220 221 220 220 217 216 214 214 214 216 215 214 215 214 215 215 214 213 213 212 211 209 207 206 204 202 199 195
208 208 208 211 210 208 206 203 203 203 203 200 199 195 195 194 194 -9999 -9999 -9999 -9999 -9999 -9999 -9999 -9999 -9999 -9999 -9999 -9999 -9999 -9999 -9999 -9999 -9999 -9999 188 187 188 186 184 184 188 191 194 196 199 201 204 207 208 210 211 213 214 217 220 220 220 222 221 221 219 219 219 220 220 219 218 218 217 216 216 215 219 217 217 219 216 215 215 215 214 214 213 212 212 211 210 207 203 199 196
208 208 207 207 210 209 207 206 207 204 202 199 198 198 200 201 -9999 -9999 -9999 -9999 -9999 -9999 -9999 -9999 -9999 -9999 -9999 -9999 -9999 -9999 -9999 -9999 -9999 -9999 191 190 190 191 190 188 188 189 192 195 197 201 203 204 208 210 211 214 216 218 219 222 224 221 218 218 219 220 220 219 220 219 220 220 223 222 220 221 221 219 219 220 219 217 217 216 216 216 214 215 216 215 213 211 208 205 203 201
208 208 207 206 208 208 208 208 207 208 204 200 200 202 205 207 208 207 -9999 -9999 -9999 -9999 -9999 -9999 -9999 -9999 -9999 -9999 -9999 -9999 -9999 -9999 -9999 193 194 194 197 196 194 193 193 193 196 198 201 203 206 208 209 212 213 214 217 219 219 218 221 221 218 219 221 221 221 220 221 221 221 221 222 222 224 221 220 220 220 220 220 220 220 219 218 217 217 219 218 217 215 212 210 208 206 204
212 208 207 207 207 208 209 209 208 209 204 204 204 206 209 212 211 208 -9999 -9999 -9999 -9999 -9999 -9999 -9999 -9999 -9999 -9999 -9999 -9999 -9999 -9999 197 197 197 198 200 200 199 199 199 199 200 202 204 206 208 210 212 213 214 215 216 217 218 218 220 222 220 222 222 223 220 220 221 219 219 219 221 221 221 221 219 218 218 218 217 218 220 220 219 219 221 220 219 217 215 212 210 208 206 205
211 209 210 210 207 206 207 210 210 208 206 204 205 207 209 212 -9999 -9999 -9999 -9999 -9999 -9999 -9999 -9999 -9999 -9999 -9999 -9999 -9999 200 201 200 201 201 201 200 202 202 202 204 204 204 205 206 208 210 210 212 214 214 216 216 217 218 219 220 221 224 222 221 222 222 219 221 220 219 219 220 221 222 222 223 222 222 222 221 221 220 221 221 221 222 222 220 220 218 216 212 210 208 206 205
213 211 208 208 209 208 207 204 205 204 202 203 203 205 -9999 -9999 -9999 -9999 -9999 -9999 -9999 -9999 -9999 -9999 -9999 -9999 -9999 -9999 202 203 203 204 204 205 205 205 205 206 206 207 208 208 209 211 212 213 214 216 218 220 221 221 221 222 224 226 222 223 222 221 221 222 221 221 221 222 221 221 223 223 224 224 221 221 221 222 225 224 223 222 222 221 222 222 221 219 217 214 212 210 208 207
211 210 210 207 207 204 204 204 202 200 201 201 202 203 -9999 -9999 -9999 -9999 -9999 -9999 -9999 -9999 -9999 -9999 -9999 206 204 204 204 206 207 208 208 208 209 209 209 209 208 209 211 212 212 214 214 215 217 219 220 221 223 224 222 223 223 224 226 228 225 224 225 224 225 225 226 225 226 224 224 226 225 224 222 222 223 224 226 225 225 224 223 222 223 223 221 220 216 214 212 210 209 208
210 208 208 209 205 203 204 201 200 199 200 199 200 202 -9999 -9999 -9999 -9999 -9999 -9999 -9999 -9999 -9999 208 207 207 206 208 209 209 210 211 212 212 213 213 213 214 213 212 214 216 218 218 219 218 218 220 220 221 222 224 223 224 224 224 226 229 229 224 224 224 224 224 225 227 225 224 224 226 226 225 225 222 222 225 227 228 227 226 227 227 224 222 221 221 219 216 214 213 212 211
212 211 208 206 201 201 200 199 -9999 -9999 -9999 -9999 201 201 -9999 -9999 -9999 -9999 -9999 -9999 -9999 209 209 209 210 209 210 210 210 211 212 214 215 216 216 217 217 216 218 218 218 221 221 220 223 223 222 221 222 223 222 222 223 224 224 224 226 227 228 228 225 222 222 224 225 223 225 223 222 226 225 224 226 227 225 226 227 229 231 233 228 228 227 228 224 221 221 220 218 217 215 214
211 208 204 201 200 201 199 -9999 -9999 -9999 -9999 -9999 -9999 -9999 -9999 207 207 -9999 208 210 209 209 210 211 211 212 213 212 213 214 214 216 218 219 221 221 221 221 222 223 221 221 223 225 224 223 224 223 225 226 226 223 226 226 225 225 226 227 227 228 228 228 223 222 222 223 223 224 223 224 225 225 226 226 226 226 227 230 232 234 231 229 228 228 225 225 222 219 219 216 217 217
210 207 203 -9999 -9999 -9999 -9999 -9999 -9999 -9999 -9999 -9999 -9999 -9999 206 207 207 207 209 209 211 211 213 215 215 215 215 215 216 216 216 218 220 222 223 224 225 224 222 224 224 225 225 226 227 224 225 224 225 227 226 224 224 226 228 229 226 226 226 226 229 228 228 224 223 222 222 222 224 226 228 228 228 228 231 230 230 231 230 231 230 230 231 231 231 229 226 222 220 218 218 219
212 -9999 -9999 -9999 -9999 -9999 -9999 -9999 -9999 -9999 -9999 -9999 -9999 -9999 -9999 -9999 208 207 209 210 211 212 215 216 216 215 216 217 218 218 218 220 223 226 225 224 226 225 224 225 225 225 226 226 228 228 227 225 226 226 226 225 223 224 225 226 226 225 225 227 226 229 230 227 226 225 227 223 225 228 229 228 226 227 228 229 229 230 231 230 230 229 231 233 234 231 227 225 224 223 222 222
-9999 -9999 -9999 -9999 -9999 -9999 -9999 -9999 -9999 -9999 -9999 -9999 -9999 208 209 210 210 210 211 212 214 215 217 218 218 218 218 219 219 220 221 222 225 227 227 227 226 228 228 228 229 230 230 227 227 227 227 226 226 225 226 227 225 224 224 225 225 225 227 227 227 228 227 225 224 223 224 226 225 225 228 227 228 228 229 229 229 229 232 231 231 231 230 231 232 230 229 228 226 225 224 225
-9999 -9999 -9999 -9999 -9999 -9999 -9999 -9999 -9999 -9999 -9999 -9999 -9999 -9999 212 211 213 213 216 217 220 222 221 220 222 221 223 222 221 221 224 226 226 229 230 230 229 229 230 232 230 233 232 229 229 228 228 227 226 226 227 227 227 225 224 225 225 226 227 226 227 227 224 222 223 223 223 225 226 227 228 229 230 229 229 230 229 229 230 234 234 232 233 232 233 233 231 229 227 226 226 224
-9999 -9999 -9999 -9999 -9999 -9999 -9999 -9999 -9999 -9999 -9999 -9999 -9999 -9999 213 214 214 217 219 221 226 226 224 225 226 226 225 224 223 223 224 226 227 229 230 231 232 234 233 233 233 234 233 233 232 230 230 228 228 229 228 227 226 225 225 227 227 226 227 228 226 226 226 224 224 224 224 225 228 230 231 232 232 231 231 231 230 232 233 234 233 232 233 233 233 232 231 230 227 226 224 223
-9999 -9999 -9999 -9999 -9999 -9999 -9999 -9999 -9999 -9999 -9999 -9999 -9999 -9999 213 213 216 219 221 224 227 228 230 231 229 229 228 226 227 224 225 226 229 230 229 231 230 234 236 236 238 239 238 234 233 232 231 230 230 230 228 228 227 226 226 226 228 228 229 227 226 227 227 225 224 224 224 227 228 230 233 233 234 234 233 233 234 235 235 235 234 234 234 234 233 233 232 231 230 228 226 226
-9999 -9999 -9999 -9999 -9999 -9999 -9999 -9999 -9999 -9999 -9999 -9999 -9999 -9999 -9999 214 217 219 222 226 230 232 234 234 234 233 231 229 229 226 224 226 227 229 230 229 230 233 233 234 236 239 238 236 235 233 233 233 233 231 229 228 228 226 226 226 227 226 227 226 227 228 228 226 225 226 227 227 230 231 232 234 235 235 235 236 237 236 236 236 236 235 235 235 235 235 235 234 233 232 229 229
-9999 -9999 -9999 -9999 -9999 -9999 -9999 -9999 -9999 -9999 -9999 -9999 -9999 -9999 -9999 216 218 221 224 227 230 234 236 237 236 235 233 231 231 229 227 227 226 228 228 228 229 231 231 236 238 237 238 237 237 237 235 233 232 230 228 228 227 228 227 226 226 227 226 226 228 228 228 227 227 228 229 229 231 232 233 234 234 232 234 237 236 237 237 238 238 239 238 238 238 237 236 236 235 234 232 230
-9999 -9999 -9999 -9999 -9999 -9999 -9999 -9999 -9999 -9999 -9999 -9999 -9999 -9999 -9999 -9999 218 221 223 226 229 233 237 237 236 234 232 232 231 229 227 226 227 230 230 230 230 232 232 234 235 235 237 238 237 235 232 230 229 228 228 228 227 226 227 226 228 229 230 230 230 230 229 228 228 228 230 230 231 231 231 230 232 230 231 233 234 234 237 238 238 239 239 239 240 239 237 237 237 237 235 232
-9999 -9999 -9999 -9999 -9999 -9999 -9999 -9999 -9999 -9999 -9999 -9999 -9999 -9999 -9999 -9999 -9999 220 222 225 228 231 235 236 236 234 231 230 229 227 223 225 229 230 229 230 230 232 234 232 233 233 236 235 233 232 231 230 228 228 228 227 227 227 227 229 228 229 230 230 232 232 231 230 230 231 231 231 231 231 230 226 227 228 229 231 232 233 235 237 238 238 239 240 240 240 239 237 236 236 237 236
-9999 -9999 -9999 -9999 -9999 -9999 -9999 -9999 -9999 -9999 -9999 -9999 -9999 -9999 -9999 -9999 -9999 220 223 226 228 230 232 233 234 233 231 228 228 224 221 223 225 226 226 227 230 232 233 232 232 232 233 232 232 232 230 229 228 228 227 227 227 228 228 229 231 230 231 232 234 234 234 234 233 232 232 231 231 229 226 225 224 226 227 229 229 233 236 237 238 239 241 241 242 244 243 242 241 239 242 243
-9999 -9999 -9999 -9999 -9999 -9999 -9999 -9999 -9999 -9999 -9999 -9999 -9999 -9999 -9999 -9999 219 221 222 224 227 230 231 233 233 232 230 228 226 221 221 223 222 225 226 228 228 230 231 230 228 230 230 231 231 229 228 228 228 228 227 228 228 228 229 229 230 232 233 235 236 237 237 236 234 233 232 232 230 227 225 225 225 226 226 228 230 232 234 235 238 239 241 243 244 246 244 244 243 241 242 243
-9999 -9999 -9999 -9999 -9999 -9999 -9999 -9999 -9999 -9999 -9999 -9999 -9999 -9999 -9999 -9999 219 221 223 225 227 230 231 231 231 230 230 228 227 222 220 221 223 224 225 226 226 228 231 232 230 229 230 229 229 229 230 229 228 230 229 229 229 230 230 230 231 233 235 237 239 239 239 238 236 234 232 230 229 228 227 226 225 226 227 228 230 232 233 235 237 240 241 242 244 244 244 244 244 242 240 239
-9999 -9999 -9999 -9999 -9999 -9999 -9999 -9999 -9999 -9999 -9999 -9999 -9999 -9999 -9999 -9999 221 223 225 226 228 229 231 232 230 229 229 228 226 223 223 223 224 224 225 227 229 230 231 232 231 230 231 231 230 230 228 228 228 229 229 231 231 232 232 232 232 235 238 240 241 241 241 240 238 236 234 231 230 229 229 228 227 227 227 229 231 232 234 235 237 239 241 244 244 245 245 244 245 243 241 240
-9999 -9999 -9999 -9999 -9999 -9999 -9999 -9999 -9999 -9999 -9999 -9999 -9999 -9999 -9999 220 223 226 227 230 231 230 230 232 230 228 228 228 227 225 226 227 226 227 227 226 228 230 230 230 231 231 231 231 231 230 229 228 229 230 230 231 231 232 232 233 234 236 240 242 244 244 242 241 239 237 235 233 233 232 230 228 228 227 228 230 231 232 234 236 238 240 242 244 247 247 246 246 245 244 242 240
-9999 -9999 -9999 -9999 -9999 -9999 -9999 -9999 -9999 -9999 -9999 -9999 -9999 -9999 220 222 225 227 230 232 234 235 233 230 229 228 228 227 226 225 226 227 228 228 229 229 229 231 231 232 233 232 232 231 231 230 229 228 229 229 229 230 231 232 233 234 236 238 242 244 247 247 244 242 240 238 236 236 233 233 232 228 227 228 228 230 231 232 234 236 238 240 243 245 247 248 247 246 244 243 242 243
-9999 -9999 -9999 -9999 -9999 -9999 -9999 -9999 -9999 -9999 -9999 -9999 -9999 -9999 222 224 226 229 231 235 237 239 237 232 228 226 226 226 225 224 226 227 229 229 231 231 231 233 234 234 234 233 232 232 231 230 229 228 228 228 227 229 230 232 233 235 237 238 240 244 247 247 246 243 241 239 238 237 235 234 231 230 228 228 228 229 230 231 234 236 237 240 242 245 247 248 247 246 245 245 246 244
-9999 -9999 -9999 -9999 -9999 198 201 203 206 -9999 211 -9999 218 221 221 -9999 226 230 232 235 238 240 238 233 230 226 223 223 223 225 226 226 226 228 231 234 236 238 240 240 238 237 235 232 232 231 229 228 228 226 227 -9999 230 232 -9999 -9999 -9999 -9999 242 245 247 247 246 246 242 241 240 239 239 236 232 231 229 227 227 227 228 231 232 234 236 238 241 243 247 249 247 245 245 244 243 243
188 -9999 -9999 -9999 -9999 197 200 203 206 208 210 -9999 218 221 -9999 225 227 230 233 236 238 239 238 234 231 228 226 225 225 226 227 229 230 232 235 237 239 242 243 242 240 238 236 234 233 -9999 -9999 -9999 -9999 -9999 -9999 -9999 -9999 -9999 -9999 -9999 -9999 -9999 -9999 244 245 246 246 245 243 240 239 238 237 234 232 231 228 227 226 226 228 229 231 233 235 236 239 242 245 247 246 245 243 244 243 244
182 180 -9999 -9999 -9999 -9999 199 202 204 208 212 214 219 -9999 -9999 -9999 -9999 230 233 234 -9999 239 237 235 232 230 228 228 228 229 231 232 233 235 236 238 240 -9999 245 -9999 -9999 -9999 -9999 -9999 -9999 -9999 -9999 -9999 -9999 230 -9999 -9999 -9999 -9999 235 236 -9999 -9999 242 -9999 -9999 -9999 -9999 -9999 -9999 -9999 236 232 232 230 230 228 228 227 226 226 226 228 230 232 233 234 237 240 243 245 244 243 242 243 243 242
177 178 179 -9999 -9999 -9999 -9999 -9999 -9999 -9999 -9999 -9999 -9999 221 -9999 -9999 -9999 -9999 -9999 -9999 -9999 -9999 236 236 -9999 231 230 230 230 231 232 234 -9999 -9999 -9999 -9999 -9999 -9999 -9999 -9999 -9999 -9999 -9999 -9999 -9999 -9999 -9999 -9999 -9999 -9999 -9999 231 -9999 -9999 -9999 -9999 -9999 -9999 -9999 -9999 -9999 -9999 245 243 241 239 236 234 229 228 226 226 226 225 224 224 224 226 228 231 233 234 236 238 240 242 241 241 241 240 240 239
173 175 178 181 -9999 -9999 -9999 -9999 -9999 -9999 -9999 -9999 -9999 -9999 -9999 -9999 -9999 -9999 -9999 -9999 -9999 -9999 237 -9999 -9999 -9999 -9999 -9999 -9999 -9999 -9999 -9999 -9999 -9999 -9999 -9999 -9999 -9999 -9999 -9999 -9999 -9999 -9999 -9999 -9999 -9999 -9999 -9999 -9999 -9999 -9999 -9999 -9999 -9999 -9999 -9999 243 243 248 249 249 248 248 246 243 241 239 236 233 231 228 225 224 224 224 224 226 226 227 228 229 231 233 236 238 238 238 239 239 238 238 238
171 173 -9999 -9999 -9999 -9999 -9999 -9999 -9999 -9999 -9999 -9999 -9999 -9999 -9999 -9999 -9999 -9999 -9999 -9999 -9999 -9999 -9999 -9999 -9999 -9999 -9999 -9999 -9999 -9999 -9999 -9999 -9999 -9999 -9999 248 249 250 -9999 248 243 242 240 239 239 236 234 232 230 -9999 -9999 -9999 -9999 -9999 -9999 -9999 243 244 248 250 250 250 249 247 245 243 241 238 234 231 229 226 225 223 224 224 224 224 224 225 227 229 231 233 235 236 236 237 237 236 236 237
171 174 -9999 -9999 -9999 -9999 -9999 -9999 -9999 -9999 -9999 -9999 -9999 -9999 -9999 -9999 -9999 -9999 -9999 -9999 -9999 -9999 -9999 -9999 -9999 -9999 -9999 -9999 -9999 -9999 -9999 246 249 250 252 254 253 252 251 249 247 244 241 239 238 237 235 234 234 234 233 236 237 238 239 242 245 246 249 249 249 248 247 245 244 242 240 237 234 231 228 226 225 224 224 222 222 222 222 223 224 227 229 232 234 235 235 235 236 236 235 238
174 175 -9999 -9999 -9999 -9999 -9999 -9999 -9999 -9999 -9999 -9999 -9999 -9999 -9999 -9999 -9999 -9999 -9999 -9999 -9999 -9999 -9999 -9999 -9999 -9999 -9999 -9999 -9999 241 245 247 251 253 256 257 257 256 253 251 248 245 242 238 237 237 236 234 234 234 234 235 236 237 238 240 242 245 247 247 246 244 243 243 242 241 239 237 234 231 228 227 224 223 222 221 220 219 220 220 222 224 227 231 233 234 235 234 235 238 238 237
-9999 -9999 -9999 -9999 -9999 -9999 -9999 -9999 -9999 -9999 -9999 -9999 -9999 -9999 -9999 -9999 -9999 -9999 -9999 -9999 -9999 -9999 -9999 238 238 -9999 234 234 237 241 245 250 253 256 258 261 261 258 255 251 248 243 240 237 235 234 234 233 232 231 230 231 232 233 235 237 240 242 243 243 243 242 241 240 240 238 237 235 232 230 227 225 223 222 220 218 218 218 219 220 222 224 227 231 233 234 235 235 234 238 239 238
-9999 -9999 -9999 -9999 -9999 -9999 -9999 -9999 -9999 -9999 -9999 -9999 -9999 -9999 -9999 -9999 -9999 -9999 -9999 -9999 238 240 240 239 237 236 235 235 238 240 245 249 253 256 259 260 261 258 254 249 245 241 238 233 230 230 229 229 227 226 226 226 227 228 230 233 235 238 240 242 242 241 240 240 240 238 236 234 231 229 226 223 221 219 218 216 216 216 218 220 222 224 228 230 232 232 233 233 235 238 238 236
-9999 -9999 -9999 -9999 -9999 -9999 -9999 -9999 -9999 -9999 -9999 -9999 -9999 -9999 -9999 -9999 -9999 -9999 -9999 -9999 -9999 -9999 240 240 238 236 -9999 -9999 -9999 240 245 249 252 256 257 259 258 255 251 247 242 239 235 229 227 226 225 225 223 221 221 221 222 224 226 230 233 235 237 238 240 240 239 239 240 240 237 233 229 228 226 223 220 218 216 214 214 214 216 218 221 225 228 230 233 234 233 230 229 233 235 235
