resultados/variables_proyeccion_tiempo/variables_futuro_ccsm_A1B/bio10.asc
ncols 330
nrows 228
xllcorner -12.000000
yllcorner 34.000000
cellsize 0.166667
NODATA_value -9999
[rows 160 to 199 of 228, columns 184 to 275 of 330]
252 252 251 249 249 250 251 253 255 255 256 256 255 254 252 250 247 243 236 229 208 222 206 160 176 180 197 195 207 192 190 181 189 214 218 217 215 216 210 193 191 201 208 216 223 228 231 238 243 245 251 252 254 254 255 255 256 251 251 254 254 254 253 253 253 253 252 -9999 -9999 -9999 -9999 -9999 -9999 -9999 -9999 -9999 -9999 -9999 -9999 -9999 -9999 -9999 -9999 -9999 -9999 -9999 253 252 254 255 255 254
252 252 252 250 248 245 245 247 253 255 258 258 255 252 252 249 245 246 231 216 200 223 207 194 218 225 237 242 241 238 232 228 234 235 236 228 227 230 224 224 227 228 232 236 240 240 239 244 251 252 252 253 253 254 254 255 255 252 246 248 250 251 252 253 252 252 -9999 -9999 -9999 -9999 -9999 -9999 -9999 -9999 -9999 -9999 -9999 -9999 -9999 -9999 -9999 -9999 -9999 -9999 -9999 -9999 -9999 -9999 -9999 255 254 251
252 252 252 252 251 251 252 254 255 257 261 262 258 253 249 249 249 244 234 228 230 218 225 221 232 242 245 248 243 243 240 239 239 245 236 232 234 238 234 235 239 243 244 247 250 251 252 252 252 252 253 253 253 253 254 254 254 248 240 247 250 252 253 252 251 250 -9999 -9999 -9999 -9999 -9999 -9999 -9999 -9999 -9999 -9999 -9999 -9999 -9999 -9999 -9999 -9999 -9999 -9999 -9999 -9999 -9999 -9999 -9999 253 251 247
246 249 250 252 251 252 252 254 255 257 260 257 259 256 254 251 246 247 233 234 221 221 240 237 242 246 247 248 249 247 243 245 245 248 243 241 241 243 245 246 246 248 250 251 253 254 254 254 253 253 253 253 253 253 253 253 251 247 240 246 251 252 252 252 -9999 -9999 -9999 -9999 -9999 -9999 -9999 -9999 -9999 -9999 -9999 -9999 -9999 -9999 -9999 -9999 -9999 -9999 -9999 -9999 -9999 -9999 -9999 -9999 -9999 249 246 241
236 234 241 251 244 245 249 251 254 256 253 252 250 251 253 250 246 245 237 237 230 237 238 253 251 244 246 249 253 252 250 250 250 253 248 247 248 248 248 250 251 252 252 254 254 254 254 254 254 254 254 253 253 253 251 253 250 245 246 246 251 252 -9999 -9999 -9999 -9999 -9999 -9999 -9999 -9999 -9999 -9999 -9999 -9999 -9999 -9999 -9999 -9999 -9999 -9999 -9999 -9999 -9999 -9999 -9999 -9999 -9999 -9999 244 244 239 232
239 236 244 232 242 244 242 248 252 254 252 249 250 249 250 247 245 235 234 230 237 237 247 254 254 250 247 248 251 256 257 254 255 256 254 252 253 252 253 253 254 254 255 255 255 255 255 254 254 254 254 253 253 252 250 252 251 248 246 249 251 -9999 -9999 -9999 -9999 -9999 -9999 -9999 -9999 -9999 -9999 -9999 -9999 -9999 -9999 -9999 -9999 -9999 -9999 -9999 -9999 -9999 -9999 -9999 -9999 -9999 -9999 -9999 -9999 230 231 211
219 229 238 237 232 224 232 241 246 248 242 241 246 246 248 246 240 230 229 224 232 232 245 256 256 256 253 252 255 257 260 259 258 259 259 256 256 255 255 256 256 256 256 256 256 256 256 255 254 255 255 254 253 252 252 250 248 248 248 249 -9999 -9999 -9999 -9999 -9999 -9999 -9999 -9999 -9999 -9999 -9999 -9999 -9999 -9999 -9999 -9999 -9999 -9999 -9999 -9999 -9999 -9999 -9999 -9999 -9999 -9999 -9999 -9999 -9999 -9999 -9999 -9999
207 198 209 221 229 224 214 224 224 230 237 228 237 244 242 245 241 227 208 219 232 239 247 250 256 260 260 260 261 262 261 263 260 259 260 260 258 258 258 258 257 257 256 256 256 256 257 256 254 252 252 251 252 249 246 246 245 245 246 248 -9999 -9999 -9999 -9999 -9999 -9999 -9999 -9999 -9999 -9999 -9999 -9999 -9999 -9999 -9999 -9999 -9999 -9999 -9999 -9999 -9999 -9999 -9999 -9999 -9999 -9999 -9999 -9999 -9999 -9999 -9999 -9999
204 206 204 213 211 224 223 233 232 237 243 237 240 232 237 243 245 231 213 232 242 247 243 247 254 261 262 263 264 265 265 265 262 261 262 263 260 259 259 259 259 257 257 258 257 255 253 250 249 248 247 246 245 245 243 243 244 245 246 247 -9999 -9999 -9999 -9999 -9999 -9999 -9999 -9999 -9999 -9999 -9999 -9999 -9999 -9999 -9999 -9999 -9999 -9999 -9999 -9999 -9999 -9999 -9999 -9999 -9999 -9999 -9999 -9999 -9999 -9999 -9999 -9999
210 214 217 222 218 211 216 226 234 235 234 246 243 231 236 241 247 236 229 225 226 242 232 244 249 256 260 258 261 261 265 264 266 266 265 265 264 261 262 261 260 260 260 255 250 248 246 243 244 243 242 242 243 243 241 241 242 244 246 247 -9999 -9999 -9999 -9999 -9999 -9999 -9999 -9999 -9999 -9999 -9999 -9999 -9999 -9999 -9999 -9999 -9999 -9999 -9999 -9999 -9999 -9999 -9999 -9999 -9999 -9999 -9999 -9999 -9999 -9999 -9999 -9999
224 216 208 216 224 215 205 205 213 221 205 223 219 232 245 249 246 248 240 223 226 242 222 227 240 248 254 257 260 262 263 262 261 263 261 262 259 259 259 258 258 258 252 250 248 243 243 240 237 237 238 239 241 241 239 239 240 243 245 247 -9999 -9999 -9999 -9999 -9999 -9999 -9999 -9999 -9999 -9999 -9999 -9999 -9999 -9999 -9999 -9999 -9999 -9999 -9999 -9999 -9999 -9999 -9999 -9999 -9999 -9999 -9999 -9999 -9999 -9999 -9999 -9999
211 211 206 210 201 216 205 202 202 196 201 227 207 209 238 238 220 235 250 238 233 225 227 198 197 227 248 256 258 258 259 261 262 263 262 259 254 260 261 258 258 258 252 247 241 245 241 239 235 236 240 238 239 239 237 239 241 242 245 246 -9999 -9999 -9999 -9999 -9999 -9999 -9999 -9999 -9999 -9999 -9999 -9999 -9999 -9999 -9999 -9999 -9999 -9999 -9999 -9999 -9999 -9999 -9999 -9999 -9999 -9999 -9999 -9999 -9999 -9999 -9999 -9999
173 191 174 198 204 203 212 195 202 199 205 230 210 204 220 238 244 243 253 247 235 229 229 221 193 200 222 246 245 250 249 253 261 258 257 251 254 253 252 258 257 258 254 252 243 240 236 244 246 244 246 244 246 245 244 243 246 -9999 -9999 -9999 -9999 -9999 -9999 -9999 -9999 -9999 -9999 -9999 -9999 -9999 -9999 -9999 -9999 -9999 -9999 -9999 -9999 -9999 -9999 -9999 -9999 -9999 -9999 -9999 -9999 -9999 -9999 -9999 -9999 -9999 -9999 -9999
188 185 171 182 188 203 221 201 196 202 218 216 226 205 204 233 227 232 252 253 236 217 226 229 222 214 194 193 215 224 249 250 247 253 249 240 247 239 246 243 247 252 256 254 239 232 231 239 241 242 246 248 250 251 248 248 -9999 -9999 -9999 -9999 -9999 -9999 -9999 -9999 -9999 -9999 -9999 -9999 -9999 -9999 -9999 -9999 -9999 -9999 -9999 -9999 -9999 -9999 -9999 -9999 -9999 -9999 -9999 -9999 -9999 -9999 -9999 -9999 -9999 -9999 -9999 -9999
198 207 191 178 179 200 201 218 193 206 201 205 227 225 219 230 222 236 249 251 244 217 213 210 220 226 225 220 216 213 242 233 235 228 219 230 239 237 245 241 239 240 238 238 231 228 223 228 233 237 240 241 241 242 248 249 -9999 -9999 -9999 -9999 -9999 -9999 -9999 -9999 -9999 -9999 -9999 -9999 -9999 -9999 -9999 -9999 -9999 -9999 -9999 -9999 -9999 -9999 -9999 -9999 -9999 -9999 -9999 -9999 -9999 -9999 -9999 -9999 -9999 -9999 -9999 -9999
216 233 207 181 229 186 197 199 178 186 230 241 236 235 240 228 226 228 229 220 238 201 196 212 214 221 227 238 239 228 222 211 204 199 193 212 196 187 193 216 213 219 221 222 222 221 230 237 244 246 244 246 244 247 243 247 -9999 -9999 -9999 -9999 -9999 -9999 -9999 -9999 -9999 -9999 -9999 -9999 -9999 -9999 -9999 -9999 -9999 -9999 -9999 -9999 -9999 -9999 -9999 -9999 -9999 -9999 -9999 -9999 -9999 -9999 -9999 -9999 -9999 -9999 -9999 -9999
229 225 258 227 227 178 178 191 162 208 251 252 241 237 245 233 226 238 225 234 229 188 194 212 221 228 222 189 222 228 226 225 224 214 207 225 246 236 231 240 244 241 243 249 253 255 256 256 255 251 251 256 255 254 -9999 -9999 -9999 -9999 -9999 -9999 -9999 -9999 -9999 -9999 -9999 -9999 -9999 -9999 -9999 -9999 -9999 -9999 -9999 -9999 -9999 -9999 -9999 -9999 -9999 -9999 -9999 -9999 -9999 -9999 -9999 -9999 -9999 -9999 -9999 -9999 -9999 -9999
247 228 266 290 248 207 184 177 215 234 256 254 247 229 240 240 244 237 247 239 214 191 205 221 223 228 230 210 209 218 231 232 244 244 251 256 258 251 245 241 245 250 259 261 259 258 259 258 254 255 259 260 259 253 255 -9999 -9999 -9999 -9999 -9999 -9999 -9999 -9999 -9999 -9999 -9999 -9999 -9999 -9999 -9999 -9999 -9999 -9999 -9999 -9999 -9999 -9999 -9999 -9999 -9999 -9999 -9999 -9999 -9999 -9999 -9999 -9999 -9999 -9999 -9999 -9999 -9999
266 245 268 288 286 229 230 236 240 248 240 246 250 202 199 237 218 231 248 239 221 217 211 205 239 239 239 185 174 174 192 231 254 262 262 263 264 264 262 258 257 261 262 263 262 258 259 262 257 256 255 255 252 252 255 256 -9999 -9999 -9999 -9999 -9999 -9999 -9999 -9999 -9999 -9999 -9999 -9999 -9999 -9999 -9999 -9999 -9999 -9999 -9999 -9999 -9999 -9999 -9999 -9999 -9999 -9999 -9999 -9999 -9999 -9999 -9999 -9999 -9999 -9999 -9999 -9999
-9999 -9999 256 255 282 278 243 239 224 239 238 214 179 177 234 244 245 243 256 251 243 216 193 208 223 230 249 188 145 156 177 197 222 239 256 252 256 263 262 264 263 264 264 263 256 252 261 261 256 254 248 245 249 250 250 252 256 -9999 -9999 -9999 -9999 -9999 -9999 -9999 -9999 -9999 -9999 -9999 -9999 -9999 -9999 -9999 -9999 -9999 -9999 -9999 -9999 -9999 -9999 -9999 -9999 -9999 -9999 -9999 -9999 -9999 -9999 -9999 245 -9999 -9999 -9999
-9999 -9999 -9999 275 281 278 262 241 228 214 210 177 157 234 229 235 246 260 254 256 252 254 251 243 228 229 248 213 199 219 187 191 182 184 214 187 209 223 244 247 257 261 260 263 261 252 256 262 255 255 254 243 240 243 245 253 255 -9999 -9999 -9999 -9999 -9999 -9999 -9999 -9999 -9999 -9999 -9999 -9999 -9999 -9999 -9999 -9999 -9999 -9999 -9999 -9999 -9999 -9999 -9999 -9999 -9999 -9999 -9999 247 239 232 228 218 221 226 217
-9999 -9999 -9999 -9999 -9999 278 261 265 219 204 224 174 183 228 209 220 182 237 261 263 266 255 222 208 223 210 223 227 150 196 205 184 182 186 203 186 190 197 223 239 248 255 257 256 263 267 267 269 266 266 265 262 252 239 238 249 254 -9999 -9999 -9999 -9999 -9999 -9999 -9999 -9999 -9999 -9999 -9999 -9999 -9999 -9999 -9999 -9999 -9999 -9999 -9999 -9999 -9999 -9999 -9999 -9999 241 239 236 220 222 221 216 212 203 202 200
-9999 -9999 -9999 -9999 274 275 256 238 248 199 237 203 182 218 210 232 213 244 252 267 268 254 254 255 231 215 235 268 219 198 238 228 212 191 186 182 205 212 228 241 252 253 251 250 257 266 269 271 268 269 269 264 257 250 247 248 251 256 -9999 -9999 -9999 -9999 -9999 -9999 -9999 -9999 -9999 -9999 -9999 -9999 -9999 -9999 -9999 -9999 -9999 -9999 -9999 -9999 -9999 245 244 244 245 240 224 217 216 210 207 208 210 210
-9999 -9999 -9999 -9999 273 272 271 242 212 196 217 208 195 220 218 224 244 232 238 258 260 262 257 260 262 246 255 271 272 219 235 236 240 222 235 215 203 219 236 246 249 251 248 249 259 265 267 268 266 269 270 264 255 252 252 251 248 250 256 257 -9999 -9999 -9999 -9999 -9999 -9999 -9999 -9999 -9999 -9999 -9999 -9999 -9999 -9999 -9999 -9999 -9999 240 237 234 246 246 239 223 225 218 216 206 211 216 225 229
-9999 -9999 -9999 -9999 -9999 271 266 256 231 241 201 208 228 211 215 234 246 230 235 238 230 224 269 277 270 267 264 275 271 228 223 245 228 246 249 247 235 241 250 240 244 247 241 239 257 264 267 266 265 264 266 262 255 253 252 252 252 251 254 256 254 252 250 253 251 251 -9999 -9999 -9999 244 247 -9999 -9999 -9999 -9999 -9999 241 239 230 236 242 239 233 222 238 231 229 226 222 217 217 213
-9999 -9999 -9999 -9999 272 274 267 264 265 221 223 228 242 209 218 226 248 234 230 209 233 231 262 287 286 276 259 282 291 278 257 267 281 274 243 245 263 272 271 270 272 271 261 243 255 267 269 266 260 259 262 257 252 253 255 256 256 256 254 256 256 256 254 254 251 247 248 249 250 248 246 244 238 235 232 237 235 223 220 236 222 228 204 235 231 226 224 210 202 189 187 183
-9999 -9999 -9999 -9999 275 276 275 273 259 241 206 222 229 216 222 192 247 242 196 237 277 251 268 292 290 287 266 260 279 288 289 274 248 274 270 279 278 276 274 273 270 266 263 270 269 272 268 265 261 260 258 253 254 -9999 -9999 258 -9999 -9999 -9999 258 260 261 262 257 254 248 247 247 250 252 252 246 228 232 232 233 223 212 209 223 223 204 203 225 210 203 209 212 209 219 213 221
-9999 -9999 -9999 -9999 275 276 274 271 243 244 209 218 232 216 224 205 230 242 247 244 279 292 293 295 294 288 289 278 273 266 271 277 274 276 -9999 260 255 -9999 -9999 -9999 -9999 -9999 -9999 -9999 275 270 270 266 261 257 256 246 249 -9999 -9999 -9999 -9999 -9999 -9999 -9999 -9999 -9999 -9999 -9999 259 258 253 263 260 256 258 255 243 225 227 231 217 217 221 209 213 210 203 192 201 207 207 209 213 223 219 224
-9999 -9999 -9999 -9999 275 273 267 252 250 222 201 207 225 222 222 235 218 247 249 204 251 292 294 296 298 295 280 277 284 276 271 -9999 -9999 -9999 -9999 268 265 -9999 -9999 -9999 -9999 272 -9999 -9999 274 273 269 267 267 264 257 262 -9999 255 260 262 -9999 -9999 -9999 -9999 262 246 246 252 254 253 239 230 225 240 234 230 225 213 214 209 209 204 191 191 202 201 201 210 199 191 210 209 217 241 242 239
-9999 -9999 -9999 -9999 261 261 254 260 241 242 229 220 197 209 232 246 238 225 246 236 229 260 280 290 -9999 295 291 277 265 264 273 282 280 282 -9999 -9999 -9999 -9999 -9999 -9999 270 236 272 -9999 -9999 272 267 268 268 265 263 262 264 262 247 256 256 252 259 258 258 260 262 252 257 262 257 251 259 247 236 232 221 215 220 219 216 227 224 209 198 216 227 218 214 202 208 231 231 246 256 259
-9999 -9999 -9999 -9999 256 233 238 220 239 239 240 229 208 216 218 244 253 238 249 268 243 239 287 295 -9999 -9999 297 295 290 284 285 -9999 269 263 263 -9999 -9999 -9999 -9999 -9999 -9999 -9999 260 266 -9999 272 271 265 259 253 265 263 258 260 259 262 262 260 259 262 263 264 263 254 253 263 258 248 261 240 234 233 237 232 224 229 237 240 242 232 245 238 236 228 233 224 227 228 241 253 253 250
-9999 -9999 -9999 -9999 -9999 -9999 257 237 242 239 221 247 243 209 207 236 256 257 255 253 245 225 207 289 -9999 -9999 -9999 -9999 290 -9999 278 269 283 216 254 -9999 -9999 -9999 -9999 -9999 -9999 -9999 256 265 -9999 270 266 260 252 261 262 256 246 256 259 264 264 264 262 258 250 242 222 197 244 254 234 231 249 249 249 240 244 250 243 241 258 263 264 263 260 255 237 248 233 238 230 217 246 242 239 237
-9999 -9999 -9999 -9999 273 -9999 -9999 271 270 250 251 252 217 212 206 224 250 263 255 252 275 266 257 273 290 -9999 -9999 -9999 286 285 289 276 -9999 -9999 -9999 -9999 -9999 -9999 270 267 266 -9999 -9999 -9999 266 269 260 260 261 261 254 255 259 256 260 255 259 253 248 254 242 243 232 220 208 222 217 224 226 227 229 229 229 234 230 227 229 243 251 252 257 253 251 248 249 244 229 239 256 245 244 250
-9999 -9999 -9999 -9999 -9999 -9999 275 265 280 247 254 264 248 242 222 214 243 275 266 250 284 286 294 279 263 295 -9999 -9999 -9999 -9999 -9999 -9999 -9999 -9999 -9999 -9999 -9999 -9999 274 264 268 -9999 -9999 -9999 260 263 270 262 251 231 248 260 256 261 262 262 266 261 239 237 243 232 232 228 229 227 213 217 224 230 239 242 241 245 248 249 249 252 253 262 253 250 255 240 245 232 238 241 253 242 233 253
-9999 -9999 -9999 -9999 -9999 -9999 281 281 276 274 266 258 246 253 232 207 213 268 297 292 291 293 296 299 287 275 290 -9999 -9999 -9999 -9999 -9999 -9999 -9999 -9999 -9999 -9999 273 264 -9999 -9999 -9999 -9999 -9999 269 263 265 263 250 272 278 261 266 265 269 275 274 261 248 243 249 245 242 231 230 226 224 222 228 232 235 234 241 242 244 241 240 245 255 259 254 249 250 240 247 247 246 245 255 243 246 249
-9999 -9999 -9999 -9999 -9999 -9999 -9999 284 285 274 267 251 251 248 249 229 225 256 287 300 300 297 294 287 295 288 256 290 -9999 -9999 -9999 -9999 273 280 -9999 -9999 -9999 -9999 -9999 -9999 -9999 -9999 -9999 -9999 260 267 284 290 287 280 260 250 266 269 263 270 272 260 245 228 235 234 224 236 226 230 221 224 235 223 221 234 238 244 246 247 245 242 247 256 252 249 243 238 244 245 251 258 252 238 239 232
-9999 -9999 -9999 -9999 -9999 -9999 -9999 -9999 280 283 274 279 269 276 278 253 248 215 242 284 297 300 286 291 300 294 295 290 284 -9999 -9999 280 282 -9999 -9999 -9999 -9999 -9999 -9999 -9999 -9999 -9999 -9999 269 268 274 282 289 288 270 261 275 281 283 264 264 269 265 244 243 223 235 225 240 224 237 234 235 233 233 229 235 231 240 245 247 249 250 245 250 252 251 245 241 243 242 248 246 252 248 234 227
-9999 -9999 -9999 -9999 -9999 -9999 -9999 -9999 -9999 -9999 -9999 279 289 294 287 253 259 241 243 238 268 279 279 255 272 298 295 298 299 282 282 281 -9999 -9999 -9999 -9999 -9999 -9999 -9999 -9999 -9999 -9999 -9999 275 269 277 276 288 -9999 282 281 291 285 264 284 280 255 244 244 242 236 234 237 232 242 235 231 236 242 240 238 231 223 234 242 246 247 248 251 251 249 249 250 246 246 242 245 248 249 245 250 251
-9999 -9999 -9999 -9999 -9999 -9999 -9999 -9999 -9999 -9999 -9999 -9999 291 287 285 275 271 268 236 244 278 285 294 287 284 296 296 280 287 -9999 -9999 -9999 -9999 -9999 268 270 -9999 -9999 -9999 -9999 -9999 -9999 -9999 -9999 -9999 -9999 285 283 279 282 288 275 266 287 296 281 265 263 256 259 252 244 245 255 251 238 221 236 240 239 242 240 234 234 232 227 238 242 244 249 250 248 245 240 249 249 249 250 251 246 237 245
-9999 -9999 -9999 -9999 -9999 -9999 -9999 -9999 -9999 -9999 -9999 267 288 268 268 280 280 238 234 229 227 226 275 282 287 291 302 286 291 283 276 -9999 -9999 -9999 -9999 263 -9999 -9999 -9999 -9999 -9999 -9999 -9999 -9999 -9999 -9999 -9999 -9999 284 291 280 285 297 301 298 291 280 270 277 268 266 261 260 262 249 246 252 239 232 242 240 247 246 240 239 234 236 240 243 249 250 249 246 246 244 249 252 253 253 253 242 234
