resultados/variables_proyeccion_tiempo/variables_futuro_ccsm_A1B/bio1.asc
ncols 330
nrows 228
xllcorner -12.000000
yllcorner 34.000000
cellsize 0.166667
NODATA_value -9999
[rows 42 to 83 of 228, columns 190 to 284 of 330]
41 44 43 44 44 49 50 54 55 56 57 -9999 -9999 -9999 -9999 -9999 -9999 -9999 -9999 -9999 -9999 -9999 -9999 -9999 -9999 -9999 -9999 -9999 -9999 60 60 60 61 61 61 59 57 56 55 54 53 52 52 51 50 49 48 48 46 43 44 45 44 44 45 46 45 44 43 44 44 44 44 45 46 46 46 43 44 44 42 44 45 45 44 45 45 45 45 45 44 44 45 46 47 48 49 49 49 50 51 51 49 -9999 -9999
42 43 43 45 48 51 53 54 57 58 -9999 -9999 -9999 -9999 -9999 -9999 -9999 -9999 -9999 -9999 -9999 -9999 -9999 -9999 -9999 -9999 -9999 -9999 62 61 60 60 60 60 61 60 59 58 56 55 54 54 52 51 50 49 48 47 46 44 43 45 47 47 47 46 46 46 46 46 45 44 42 43 44 44 43 44 43 43 44 45 46 46 46 45 46 45 43 44 44 45 46 47 47 46 46 48 49 50 51 51 -9999 -9999 -9999
43 44 44 44 48 53 55 57 57 59 60 61 -9999 -9999 -9999 -9999 -9999 -9999 -9999 -9999 -9999 -9999 -9999 -9999 -9999 -9999 -9999 62 61 59 58 58 59 60 60 60 58 57 56 55 54 53 53 52 52 51 49 48 48 48 47 47 49 48 47 47 47 47 45 46 46 44 43 43 42 44 44 44 44 44 44 44 45 45 46 46 46 44 44 44 45 46 46 46 46 46 47 48 49 50 52 52 -9999 -9999 -9999
44 45 45 45 50 52 54 57 59 60 61 62 -9999 -9999 -9999 -9999 -9999 -9999 -9999 -9999 -9999 -9999 -9999 -9999 -9999 -9999 61 61 61 59 57 57 58 58 58 58 58 57 56 55 55 55 54 54 53 53 51 51 51 51 50 49 50 48 48 47 48 47 47 48 48 47 45 46 44 44 45 45 46 46 47 46 46 46 46 46 44 44 45 46 46 46 46 46 47 46 47 48 50 50 51 52 53 -9999 -9999
47 46 45 48 50 54 56 60 61 62 -9999 -9999 -9999 -9999 -9999 -9999 -9999 -9999 -9999 -9999 -9999 -9999 -9999 62 61 61 60 60 60 60 60 59 58 57 57 57 58 58 57 56 56 55 54 54 54 54 53 53 52 52 52 49 50 50 49 50 51 49 49 49 49 48 47 45 44 43 44 44 44 44 45 45 45 46 46 45 45 46 46 46 46 47 47 48 48 48 49 50 51 50 50 51 52 52 53
49 53 52 53 56 58 61 63 -9999 -9999 -9999 -9999 -9999 -9999 -9999 -9999 -9999 -9999 -9999 -9999 -9999 -9999 63 62 61 60 60 60 60 60 60 59 58 58 58 59 58 58 57 57 56 55 53 53 53 53 53 52 50 49 52 52 53 53 52 51 52 51 51 50 50 50 47 46 45 44 46 47 46 45 43 45 45 46 47 47 46 46 47 46 47 47 48 47 48 49 50 51 50 48 47 48 50 52 52
55 55 56 59 60 62 63 65 -9999 -9999 -9999 -9999 -9999 -9999 -9999 -9999 -9999 -9999 -9999 64 65 64 62 61 61 60 59 59 59 59 60 60 61 60 59 58 58 58 59 58 57 56 55 55 53 53 55 54 54 53 52 50 53 53 52 51 51 50 50 49 48 49 48 47 47 47 48 49 47 45 44 46 46 46 47 48 46 46 47 48 49 49 50 50 50 50 51 52 51 50 48 48 50 51 51
57 60 61 63 64 64 65 66 -9999 -9999 -9999 -9999 -9999 -9999 -9999 -9999 -9999 67 66 65 64 64 62 62 61 59 58 59 58 58 59 58 60 61 60 58 57 58 57 59 60 58 58 58 58 56 57 56 56 56 55 52 52 55 55 54 53 54 52 50 51 52 50 49 49 49 48 50 50 47 45 45 46 46 46 46 47 48 49 48 49 50 50 50 49 51 51 52 52 52 52 49 49 51 51
63 64 -9999 -9999 -9999 -9999 67 68 -9999 -9999 -9999 -9999 -9999 -9999 -9999 68 68 67 66 65 64 63 63 63 62 60 59 58 58 58 59 59 59 60 59 58 58 59 57 58 59 60 60 59 60 60 60 59 58 59 58 56 55 55 57 58 58 56 54 55 53 54 54 51 51 51 49 48 50 49 47 46 45 42 46 47 47 46 48 50 49 49 49 49 50 50 51 52 52 53 54 53 52 52 51
65 -9999 -9999 -9999 -9999 -9999 -9999 -9999 -9999 72 72 -9999 70 69 69 68 67 66 66 65 64 63 62 62 61 60 59 58 57 57 58 59 59 59 60 61 60 59 60 61 61 61 60 59 58 62 60 59 61 61 60 59 59 57 57 56 59 60 59 57 57 55 56 54 53 53 52 51 52 51 49 48 46 43 46 48 48 49 50 50 50 51 50 51 51 51 51 51 51 53 54 54 54 54 54
-9999 -9999 -9999 -9999 -9999 -9999 -9999 -9999 72 72 72 72 71 70 68 68 67 66 65 65 64 63 62 62 62 60 59 58 57 57 58 58 61 60 61 61 61 61 60 62 62 63 62 60 61 63 63 62 62 60 63 63 62 61 58 57 56 59 60 60 59 59 56 54 52 52 52 51 48 49 48 48 48 48 49 49 48 48 47 49 50 51 52 52 53 52 51 51 51 52 53 54 53 52 53
-9999 -9999 -9999 -9999 -9999 -9999 -9999 -9999 -9999 -9999 74 73 72 70 69 68 67 66 66 66 65 64 62 63 61 61 58 57 58 58 57 59 61 61 62 63 63 64 62 61 63 64 63 63 63 64 65 66 67 66 65 65 64 62 62 59 57 58 58 59 56 58 56 53 52 53 54 53 52 50 50 50 49 50 50 51 49 48 46 48 51 51 51 51 51 51 52 51 51 52 53 54 54 52 52
-9999 -9999 -9999 -9999 -9999 -9999 -9999 72 72 72 73 72 72 71 69 68 67 67 66 66 64 64 63 61 60 59 58 57 57 58 60 59 60 61 62 62 62 65 65 64 64 64 65 65 64 64 66 68 69 68 67 66 64 64 63 61 60 61 62 61 60 57 57 57 54 54 55 53 53 52 51 50 49 50 51 50 52 51 49 51 51 51 51 52 52 51 52 54 55 56 56 56 54 53 52
-9999 -9999 -9999 -9999 -9999 -9999 -9999 -9999 72 72 72 72 70 69 66 66 67 67 66 66 64 63 63 62 60 58 58 57 57 57 60 60 61 61 63 62 63 66 64 66 66 66 66 66 65 66 66 68 70 69 69 67 65 66 64 63 64 64 63 62 61 59 58 57 56 55 54 54 54 52 53 52 51 50 50 51 51 51 50 50 52 52 53 53 53 54 56 56 57 60 60 60 59 57 57
-9999 -9999 -9999 -9999 -9999 -9999 -9999 -9999 73 73 73 71 69 68 65 65 67 66 65 65 64 63 62 62 61 60 59 58 58 59 59 58 61 62 64 64 66 65 66 67 66 67 66 66 67 68 69 69 71 69 68 69 66 66 66 65 63 65 63 63 63 61 58 57 57 55 54 54 54 54 54 53 52 52 52 54 52 52 52 53 53 54 55 56 58 58 59 58 59 60 60 60 61 61 61
-9999 -9999 -9999 -9999 -9999 -9999 -9999 -9999 74 74 73 72 70 67 67 66 64 64 65 65 64 64 62 63 62 61 60 60 61 61 62 61 61 62 63 64 65 68 68 68 68 68 66 67 68 69 69 70 71 70 69 69 66 67 67 65 65 65 65 65 64 62 60 59 57 57 55 54 54 54 53 52 53 53 54 54 54 54 55 55 55 56 57 57 59 59 59 56 59 61 60 60 59 60 61
-9999 -9999 -9999 -9999 -9999 -9999 -9999 -9999 -9999 75 74 73 71 68 66 65 64 64 64 64 64 64 63 63 65 64 63 62 63 64 65 63 65 66 66 66 69 70 69 69 68 67 67 68 70 70 70 71 71 72 71 71 70 70 68 66 66 66 67 65 64 63 61 60 60 58 57 56 54 54 53 53 53 55 56 56 57 57 56 56 55 55 56 56 59 59 61 60 58 61 62 61 62 61 60
-9999 -9999 -9999 -9999 -9999 -9999 -9999 -9999 -9999 75 75 73 72 70 69 68 67 66 65 65 65 64 63 63 65 65 66 66 66 67 67 67 68 66 67 70 71 70 69 68 69 69 69 70 71 71 71 70 71 72 72 71 71 71 70 68 67 68 67 66 65 64 63 61 60 60 58 59 57 55 55 55 56 55 56 56 57 57 57 58 58 57 57 56 58 60 62 62 62 62 63 63 62 63 64
-9999 -9999 -9999 -9999 -9999 -9999 -9999 -9999 -9999 -9999 75 75 74 73 71 70 68 67 67 67 66 65 65 65 66 67 66 66 66 67 68 67 69 69 70 72 71 70 70 71 72 72 72 72 72 71 71 72 71 72 71 71 70 70 70 70 69 68 69 68 66 65 64 63 62 61 60 61 60 60 59 59 58 58 58 58 58 59 58 59 60 60 59 58 58 61 63 63 61 63 64 64 64 64 64
-9999 -9999 -9999 -9999 -9999 -9999 -9999 -9999 -9999 -9999 -9999 76 75 74 72 71 70 69 68 68 69 69 68 68 70 68 66 66 68 68 69 68 69 71 72 72 71 71 72 72 72 72 73 72 72 72 72 73 73 72 72 72 72 73 72 71 70 70 69 68 67 66 65 64 64 64 62 63 62 62 62 62 61 61 61 61 60 60 60 61 62 62 62 62 60 58 58 59 61 65 65 65 65 65 65
-9999 -9999 -9999 -9999 -9999 -9999 -9999 -9999 -9999 -9999 -9999 76 76 74 74 73 72 70 70 69 69 70 68 69 71 70 69 70 71 71 69 69 69 71 73 73 72 73 73 72 72 73 73 72 74 74 74 74 75 74 73 74 73 73 72 71 72 70 70 70 68 67 66 67 67 66 66 66 66 66 66 64 63 63 63 63 62 62 62 60 59 59 59 60 56 54 56 57 57 62 65 66 66 66 66
-9999 -9999 -9999 -9999 -9999 -9999 -9999 -9999 -9999 -9999 77 76 76 76 75 74 73 71 70 70 71 70 71 72 71 71 72 71 71 70 71 71 71 72 74 73 73 73 72 73 73 74 74 74 74 75 75 76 75 75 75 75 74 73 72 71 71 71 72 71 70 70 70 70 70 69 68 68 68 68 68 67 67 66 65 64 64 63 63 61 62 61 61 61 58 56 57 59 60 62 64 64 63 63 66
-9999 -9999 -9999 -9999 -9999 -9999 -9999 -9999 -9999 -9999 77 77 76 76 76 75 74 73 72 71 70 70 71 72 74 73 73 72 72 72 72 72 71 70 73 75 74 75 75 74 74 75 75 74 75 75 75 75 75 76 76 76 76 75 74 74 73 73 74 74 74 74 73 72 72 71 70 69 69 69 69 69 69 69 68 67 67 66 66 65 64 63 62 62 62 62 60 61 62 64 66 67 66 65 63
-9999 -9999 -9999 -9999 -9999 -9999 -9999 -9999 -9999 -9999 78 77 77 77 77 76 75 73 73 72 72 73 72 74 73 73 73 73 74 73 72 72 72 72 73 74 74 74 75 75 76 76 76 76 75 75 76 76 76 76 76 76 77 77 77 77 76 75 75 75 75 76 75 74 74 73 72 71 71 70 70 70 70 70 70 69 69 68 68 68 67 66 64 63 65 64 64 64 64 65 66 68 68 68 67
-9999 -9999 -9999 -9999 -9999 -9999 -9999 -9999 -9999 79 79 79 79 79 79 78 77 75 75 75 74 74 74 74 73 72 73 73 74 75 75 74 75 75 74 76 76 76 76 77 78 78 77 77 77 76 77 77 78 78 78 79 78 78 79 79 79 78 78 78 78 77 76 74 75 75 74 73 72 72 72 71 71 71 71 70 70 70 69 69 69 68 66 66 67 67 68 65 65 64 65 66 65 64 65
-9999 -9999 -9999 -9999 -9999 -9999 -9999 -9999 79 79 80 81 81 81 80 80 78 78 77 77 76 76 77 76 76 75 74 75 75 75 76 76 77 76 77 77 78 78 79 79 80 80 80 79 79 79 79 79 79 80 80 80 80 81 81 80 80 79 79 79 79 77 78 77 76 77 76 75 74 73 73 73 72 72 72 72 71 71 71 70 70 70 69 69 68 66 65 64 63 64 65 64 63 61 60
-9999 -9999 -9999 -9999 -9999 -9999 -9999 -9999 80 80 81 82 82 83 83 83 82 80 80 79 78 78 78 78 78 77 76 77 76 77 78 78 79 78 79 80 80 81 81 82 81 82 81 81 81 81 81 81 82 81 81 82 82 82 81 80 80 80 80 80 79 77 78 77 78 78 77 76 76 74 74 74 73 73 72 72 72 72 72 72 71 71 70 69 66 66 66 64 64 65 65 65 61 59 59
77 76 75 -9999 77 -9999 78 80 80 -9999 82 83 84 84 85 85 84 84 82 81 82 81 80 80 79 80 81 81 80 81 81 81 81 81 81 81 81 82 82 82 82 82 82 83 83 -9999 82 83 -9999 -9999 -9999 -9999 82 82 81 81 80 79 80 80 78 76 75 76 77 77 78 78 77 75 75 74 74 73 73 73 73 72 72 72 71 71 70 69 68 68 68 67 65 64 63 63 61 59 59
77 76 76 77 78 -9999 80 80 -9999 81 82 83 84 85 85 85 85 85 84 83 83 83 82 82 82 82 82 82 82 83 84 84 83 82 83 83 82 82 83 -9999 -9999 -9999 -9999 -9999 -9999 -9999 -9999 -9999 -9999 -9999 -9999 -9999 -9999 82 82 82 80 80 80 81 80 79 78 79 79 78 79 78 77 76 75 75 74 74 74 74 73 73 72 70 70 71 71 69 68 66 66 65 63 61 60 59 60 60 60
76 76 77 78 79 79 81 -9999 -9999 -9999 -9999 83 84 84 -9999 84 85 85 85 85 85 84 84 84 84 84 85 84 85 86 86 -9999 85 -9999 -9999 -9999 -9999 -9999 -9999 -9999 -9999 -9999 -9999 79 -9999 -9999 -9999 -9999 84 84 -9999 -9999 83 -9999 -9999 -9999 -9999 -9999 -9999 -9999 85 84 84 84 82 81 79 78 78 77 76 75 74 74 74 74 73 72 72 70 70 70 70 69 68 67 65 65 65 64 61 60 61 61 62
-9999 -9999 -9999 -9999 -9999 -9999 -9999 82 -9999 -9999 -9999 -9999 -9999 -9999 -9999 -9999 86 86 -9999 85 85 85 86 86 86 85 -9999 -9999 -9999 -9999 -9999 -9999 -9999 -9999 -9999 -9999 -9999 -9999 -9999 -9999 -9999 -9999 -9999 -9999 -9999 82 -9999 -9999 -9999 -9999 -9999 -9999 -9999 -9999 -9999 -9999 83 83 83 82 82 84 86 86 85 82 80 79 78 77 76 75 74 73 72 73 73 72 72 71 71 71 71 70 69 69 68 68 66 64 62 62 62 62 62
-9999 -9999 -9999 -9999 -9999 -9999 -9999 -9999 -9999 -9999 -9999 -9999 -9999 -9999 -9999 -9999 86 -9999 -9999 -9999 -9999 -9999 -9999 -9999 -9999 -9999 -9999 -9999 -9999 -9999 -9999 -9999 -9999 -9999 -9999 -9999 -9999 -9999 -9999 -9999 -9999 -9999 -9999 -9999 -9999 -9999 -9999 -9999 -9999 -9999 83 83 80 81 82 82 80 79 80 79 80 81 82 82 83 83 81 79 77 76 74 74 74 73 74 74 73 72 72 72 72 72 72 71 70 69 68 66 65 64 64 64 64 65 64
-9999 -9999 -9999 -9999 -9999 -9999 -9999 -9999 -9999 -9999 -9999 -9999 -9999 -9999 -9999 -9999 -9999 -9999 -9999 -9999 -9999 -9999 -9999 -9999 -9999 -9999 -9999 -9999 -9999 86 88 87 -9999 87 86 85 84 84 83 83 84 84 84 -9999 -9999 -9999 -9999 -9999 -9999 -9999 83 83 83 82 81 79 77 77 77 77 78 79 80 81 81 80 79 79 77 75 75 74 74 74 75 74 74 73 73 73 72 72 72 71 71 70 68 66 65 65 65 65 66 66 66
-9999 -9999 -9999 -9999 -9999 -9999 -9999 -9999 -9999 -9999 -9999 -9999 -9999 -9999 -9999 -9999 -9999 -9999 -9999 -9999 -9999 -9999 -9999 -9999 -9999 87 87 87 86 86 86 86 85 85 84 83 82 82 82 82 82 83 82 83 83 82 82 83 83 83 83 83 83 83 82 80 78 78 78 78 79 79 80 80 80 79 78 78 76 76 75 75 75 76 75 74 74 74 73 73 72 72 72 71 71 67 66 65 65 66 67 67 67 67 68
-9999 -9999 -9999 -9999 -9999 -9999 -9999 -9999 -9999 -9999 -9999 -9999 -9999 -9999 -9999 -9999 -9999 -9999 -9999 -9999 -9999 -9999 -9999 88 88 87 87 87 86 86 85 85 85 84 84 83 82 81 81 80 80 81 81 82 82 82 82 83 83 83 83 83 82 82 82 82 81 80 80 80 79 79 79 79 80 79 78 78 76 76 76 76 76 76 75 75 74 73 73 73 72 72 72 68 67 67 67 67 67 68 68 68 68 68 69
-9999 -9999 -9999 -9999 -9999 -9999 -9999 -9999 -9999 -9999 -9999 -9999 -9999 -9999 -9999 -9999 -9999 88 88 -9999 89 89 89 88 87 87 86 86 85 84 84 84 84 83 83 83 82 81 81 81 80 81 82 82 83 82 83 83 83 83 82 82 81 82 81 82 82 81 81 80 80 80 80 79 79 78 77 76 76 76 75 76 76 75 74 74 73 73 72 72 71 70 70 67 65 66 66 66 67 68 68 69 69 69 69
-9999 -9999 -9999 -9999 -9999 -9999 -9999 -9999 -9999 -9999 -9999 -9999 -9999 -9999 88 88 88 88 88 88 89 88 88 88 87 86 86 86 85 85 84 84 83 83 83 83 83 82 83 82 82 81 83 83 84 84 84 83 83 82 81 81 80 80 80 81 82 81 80 80 80 80 80 79 79 78 77 76 75 75 75 75 76 75 75 74 73 73 73 73 72 70 68 66 66 66 67 67 68 68 69 69 69 69 69
-9999 -9999 -9999 -9999 -9999 -9999 -9999 -9999 -9999 -9999 -9999 -9999 -9999 -9999 -9999 -9999 88 89 89 89 -9999 -9999 -9999 88 88 87 87 87 86 86 85 84 84 84 84 83 83 83 83 83 82 82 83 83 84 84 84 83 83 82 81 80 80 80 80 80 81 81 80 79 79 80 80 79 78 77 77 76 75 75 75 75 75 75 75 74 74 74 73 71 72 73 73 69 67 67 68 68 69 69 69 69 69 68 69
-9999 -9999 -9999 -9999 -9999 -9999 -9999 -9999 -9999 -9999 -9999 -9999 -9999 -9999 -9999 90 88 89 89 89 89 89 89 88 88 87 87 86 86 86 85 86 86 85 84 84 84 84 84 84 84 83 83 82 82 84 84 84 83 82 81 81 80 80 80 79 80 81 80 79 78 80 79 79 78 78 77 76 75 75 76 75 75 75 76 76 75 73 70 68 69 71 73 72 70 68 69 69 69 70 69 70 69 69 68
-9999 -9999 -9999 -9999 -9999 -9999 -9999 -9999 -9999 -9999 -9999 -9999 -9999 89 89 89 89 89 89 89 89 89 -9999 -9999 88 88 87 87 87 86 86 86 86 86 84 83 84 85 85 85 85 84 84 83 84 84 84 84 83 82 82 81 79 78 78 78 78 80 80 79 79 79 79 79 78 78 77 77 76 76 76 76 76 76 75 76 76 74 72 69 70 70 72 73 73 73 71 70 71 71 70 70 70 70 70
-9999 -9999 -9999 -9999 -9999 -9999 -9999 -9999 -9999 -9999 -9999 -9999 -9999 90 90 90 91 90 90 90 -9999 -9999 -9999 -9999 -9999 -9999 88 88 88 87 87 86 86 85 84 83 84 85 86 84 84 82 83 83 84 84 84 84 83 83 82 79 76 76 76 77 77 78 80 79 79 79 79 79 79 79 78 78 78 77 77 77 77 75 74 75 76 74 72 70 69 70 69 70 70 71 71 71 71 72 72 71 70 70 71
-9999 -9999 -9999 -9999 -9999 -9999 -9999 -9999 -9999 -9999 -9999 -9999 -9999 -9999 91 91 -9999 91 -9999 -9999 -9999 -9999 -9999 -9999 -9999 89 -9999 -9999 88 87 86 86 85 85 84 83 83 85 85 82 81 78 80 82 83 83 84 84 84 84 83 81 78 77 77 77 77 79 80 80 80 80 80 80 79 78 77 77 77 78 78 78 77 76 75 75 76 76 75 73 70 68 69 69 70 71 71 71 72 72 72 71 71 71 72
