resultados/variables_proyeccion_tiempo/variables_futuro_ccsm_A1B/bio12.asc
ncols 330
nrows 228
xllcorner -12.000000
yllcorner 34.000000
cellsize 0.166667
NODATA_value -9999
[rows 80 to 119 of 228, columns 182 to 272 of 330]
-9999 -9999 -9999 -9999 -9999 -9999 -9999 -9999 -9999 -9999 -9999 -9999 -9999 -9999 -9999 -9999 -9999 -9999 -9999 -9999 -9999 -9999 -9999 640 641 637 630 622 614 610 612 642 662 683 703 721 734 744 742 732 716 699 687 675 668 668 668 665 658 650 645 645 645 644 648 654 663 674 685 691 700 705 712 715 712 708 708 710 707 692 683 675 668 657 647 640 631 623 627 642 655 670 686 700 719 740 764 774 771 757 746
-9999 -9999 -9999 -9999 -9999 568 -9999 -9999 -9999 -9999 -9999 -9999 -9999 -9999 -9999 -9999 -9999 -9999 -9999 -9999 -9999 640 646 647 646 640 634 627 620 616 -9999 -9999 664 684 703 718 731 739 731 723 708 692 681 670 664 664 667 665 653 642 637 637 640 642 646 652 659 669 676 685 700 708 713 714 716 706 703 703 696 690 679 669 659 650 641 632 623 618 623 634 650 667 683 695 708 730 749 764 761 758 746
-9999 -9999 -9999 -9999 -9999 -9999 -9999 -9999 -9999 -9999 -9999 -9999 -9999 -9999 -9999 -9999 -9999 -9999 -9999 -9999 -9999 648 652 649 645 641 638 629 -9999 -9999 -9999 -9999 -9999 -9999 701 711 722 728 723 719 708 693 680 671 669 667 665 666 654 648 640 642 641 644 647 651 658 666 673 690 707 714 713 714 714 705 697 694 690 684 673 663 654 644 636 628 621 619 625 632 648 666 680 691 701 720 737 752 757 756 750
-9999 -9999 -9999 -9999 -9999 -9999 -9999 -9999 -9999 -9999 -9999 -9999 -9999 -9999 -9999 -9999 -9999 -9999 -9999 -9999 -9999 -9999 661 655 -9999 651 -9999 -9999 -9999 -9999 -9999 -9999 -9999 684 -9999 -9999 712 719 721 717 709 698 688 683 681 673 669 675 669 670 660 651 648 649 649 650 657 664 669 680 695 702 708 708 705 697 693 689 683 676 667 659 652 647 643 635 628 625 626 633 643 660 674 685 696 706 721 736 750 758 750
-9999 550 550 562 569 572 -9999 -9999 -9999 -9999 -9999 -9999 -9999 -9999 -9999 -9999 -9999 -9999 -9999 -9999 -9999 -9999 664 659 -9999 -9999 -9999 -9999 -9999 -9999 -9999 -9999 -9999 -9999 -9999 -9999 704 713 715 713 705 697 691 688 686 681 677 670 668 667 661 656 654 655 658 658 662 663 666 675 681 684 687 689 691 687 684 680 676 671 667 663 657 651 645 639 631 628 630 636 642 653 668 677 685 701 730 739 748 753 743
545 550 554 565 567 -9999 -9999 -9999 -9999 -9999 -9999 -9999 -9999 -9999 -9999 -9999 -9999 -9999 -9999 -9999 -9999 -9999 -9999 671 674 675 -9999 -9999 -9999 658 -9999 -9999 -9999 -9999 -9999 -9999 700 708 712 712 706 696 695 690 687 686 679 674 671 666 662 670 682 675 675 672 672 668 668 669 672 675 678 681 682 680 680 676 674 670 666 662 656 650 645 641 637 637 634 635 640 648 661 669 679 697 724 737 740 740 735
548 551 556 -9999 -9999 -9999 -9999 -9999 -9999 -9999 -9999 -9999 -9999 -9999 -9999 -9999 -9999 -9999 -9999 -9999 695 695 687 688 690 681 681 -9999 -9999 -9999 -9999 -9999 -9999 -9999 -9999 -9999 695 702 708 708 704 697 696 694 692 691 688 680 673 668 670 680 685 683 681 674 670 665 664 666 667 671 673 675 679 682 689 689 675 663 660 657 651 648 644 640 637 636 636 636 641 649 656 665 676 699 713 723 729 730 726
548 556 560 566 -9999 -9999 -9999 -9999 -9999 -9999 -9999 -9999 -9999 -9999 -9999 -9999 -9999 -9999 -9999 703 706 705 701 700 702 692 686 682 679 -9999 -9999 -9999 -9999 -9999 -9999 -9999 693 694 698 699 699 696 697 701 712 712 704 691 681 676 674 681 681 674 672 670 667 661 659 660 662 665 668 671 681 692 698 689 674 659 657 652 647 644 640 638 636 634 634 638 641 643 651 664 680 702 712 714 714 718 717
544 551 555 -9999 -9999 -9999 -9999 -9999 -9999 -9999 -9999 -9999 -9999 -9999 -9999 -9999 -9999 -9999 710 713 718 720 715 710 707 710 704 688 679 678 -9999 -9999 -9999 -9999 -9999 -9999 684 687 689 693 696 705 716 731 735 733 724 707 692 680 678 673 668 666 667 667 661 658 657 658 658 662 665 670 674 679 675 667 659 656 652 647 641 640 636 635 633 632 635 637 640 648 668 686 694 696 702 704 703 706 708
538 -9999 -9999 -9999 -9999 -9999 -9999 -9999 -9999 -9999 -9999 -9999 -9999 -9999 -9999 -9999 -9999 -9999 721 727 734 734 728 724 723 718 713 703 695 685 680 -9999 -9999 -9999 685 683 681 681 682 692 699 720 726 733 737 744 730 709 695 685 676 669 666 665 665 665 658 659 658 658 659 659 662 666 664 664 662 659 655 655 650 646 640 637 635 632 631 631 637 644 651 667 679 682 688 690 695 699 698 698 699
536 -9999 -9999 -9999 -9999 -9999 -9999 -9999 -9999 -9999 -9999 -9999 -9999 -9999 -9999 -9999 723 727 734 743 755 754 740 739 739 731 724 711 702 689 682 679 681 685 685 680 676 676 679 682 688 699 710 723 730 736 729 714 689 681 673 668 664 665 664 662 658 660 661 661 661 661 662 663 668 685 685 677 666 659 649 645 640 635 632 630 632 640 657 668 674 677 677 680 683 684 687 691 694 693 691
-9999 -9999 -9999 -9999 -9999 -9999 -9999 -9999 -9999 -9999 -9999 -9999 -9999 -9999 -9999 -9999 727 737 747 759 767 764 753 753 753 746 736 722 704 694 678 676 677 677 679 675 674 669 669 673 680 684 691 702 711 711 700 694 686 679 671 667 664 664 663 661 659 661 662 662 662 661 662 667 679 685 686 688 681 673 663 643 637 633 634 634 636 640 654 665 668 680 679 678 681 683 683 691 697 695 688
-9999 -9999 -9999 -9999 -9999 -9999 -9999 -9999 -9999 -9999 -9999 -9999 -9999 -9999 -9999 -9999 735 750 759 777 787 778 771 768 763 756 740 724 707 692 676 671 672 670 668 667 664 660 662 665 670 677 684 689 693 692 692 690 684 678 673 670 669 672 669 666 666 663 662 662 661 662 668 670 679 678 681 683 680 672 660 642 637 633 634 637 639 654 661 660 664 674 680 679 682 684 684 690 693 695 691
-9999 -9999 -9999 -9999 -9999 -9999 -9999 -9999 -9999 -9999 -9999 -9999 -9999 -9999 -9999 744 744 759 768 781 800 803 786 776 767 755 739 721 703 687 676 669 667 664 663 660 654 651 652 658 664 672 679 686 688 688 685 682 680 675 676 675 673 673 669 668 669 670 662 663 663 665 669 669 674 673 677 676 678 675 663 649 644 634 637 640 652 661 662 658 661 665 669 674 678 682 684 686 690 694 689
-9999 -9999 -9999 -9999 -9999 -9999 -9999 -9999 -9999 -9999 -9999 -9999 -9999 -9999 -9999 -9999 756 768 779 788 801 809 803 791 776 758 740 718 700 682 671 664 661 658 655 649 644 643 642 650 658 666 672 681 685 688 684 680 675 674 677 677 674 671 672 676 674 670 665 663 666 669 671 671 673 674 675 674 677 673 667 663 653 647 646 651 660 657 659 659 660 664 665 668 672 672 674 679 683 683 686
-9999 -9999 -9999 -9999 -9999 -9999 -9999 -9999 -9999 -9999 -9999 -9999 -9999 -9999 -9999 -9999 768 781 793 805 823 831 824 814 796 771 748 722 697 677 663 657 654 651 649 645 641 640 641 646 656 664 671 678 685 687 686 678 674 673 672 673 671 670 670 668 665 662 661 661 660 666 670 672 674 673 670 672 672 669 664 660 655 652 652 652 656 657 657 657 660 661 664 664 665 667 667 670 675 683 685
-9999 -9999 -9999 -9999 -9999 -9999 -9999 -9999 -9999 -9999 -9999 -9999 -9999 -9999 -9999 -9999 779 792 805 816 828 838 839 831 810 782 755 724 695 672 660 656 653 650 645 642 641 640 640 646 654 663 672 682 683 686 688 683 675 673 675 669 665 661 661 660 657 655 656 659 663 666 668 671 670 673 669 669 669 666 666 663 655 651 651 651 655 657 656 658 659 660 662 664 664 664 668 669 672 679 679
-9999 -9999 -9999 -9999 -9999 -9999 -9999 -9999 -9999 -9999 -9999 -9999 -9999 -9999 -9999 -9999 788 797 813 827 838 840 841 842 820 791 755 729 703 679 666 660 656 648 643 640 640 639 642 648 655 663 673 683 681 686 686 682 678 678 676 669 658 656 653 649 650 649 651 655 660 664 666 669 671 671 670 669 670 672 672 665 659 654 652 651 654 657 656 656 660 661 663 663 663 665 668 673 674 677 678
-9999 -9999 -9999 -9999 -9999 -9999 -9999 -9999 -9999 -9999 -9999 -9999 -9999 -9999 -9999 -9999 788 796 808 823 835 839 840 839 818 787 761 732 707 689 674 662 655 646 639 637 636 638 639 644 652 665 674 680 690 690 687 684 678 674 671 664 655 654 648 648 648 651 653 656 661 666 668 668 670 670 670 670 674 678 676 668 662 659 655 654 654 656 659 662 665 663 666 668 668 665 669 670 674 675 674
-9999 -9999 -9999 -9999 -9999 -9999 -9999 -9999 -9999 -9999 -9999 -9999 -9999 -9999 -9999 -9999 780 798 807 820 826 828 823 811 793 768 743 721 705 686 673 661 652 644 636 636 635 635 633 640 655 668 680 684 693 690 683 683 676 670 666 660 654 648 642 643 648 653 657 661 665 668 670 669 669 670 670 670 673 675 674 668 665 664 656 655 654 658 661 660 663 668 670 676 678 674 671 667 673 675 673
-9999 -9999 -9999 -9999 -9999 -9999 -9999 -9999 -9999 -9999 -9999 -9999 -9999 -9999 -9999 774 -9999 790 802 809 811 808 799 778 759 738 717 703 690 678 666 657 647 640 638 637 638 633 631 646 661 671 680 684 686 680 680 688 677 667 663 656 652 647 646 648 654 660 668 673 673 672 672 671 671 671 670 670 669 669 672 670 668 669 665 662 657 656 657 657 660 670 678 681 675 674 670 668 672 670 666
-9999 -9999 -9999 -9999 -9999 -9999 -9999 -9999 -9999 -9999 -9999 -9999 -9999 791 790 -9999 -9999 786 789 791 792 788 776 756 738 716 699 684 672 664 654 651 644 642 642 641 639 638 646 652 664 672 683 682 681 678 682 687 679 674 667 660 660 655 655 657 661 664 668 676 679 677 678 673 671 669 668 667 665 667 667 668 671 670 665 661 660 659 661 661 661 670 675 678 678 668 663 664 666 665 660
-9999 -9999 -9999 -9999 -9999 -9999 -9999 -9999 -9999 735 751 767 784 799 799 791 781 779 777 774 773 767 753 732 713 694 676 663 656 650 646 642 641 640 639 642 644 649 653 659 670 678 681 679 676 676 674 670 674 671 668 662 664 662 660 662 664 664 666 672 677 682 680 677 670 665 663 662 661 664 661 658 657 656 657 656 653 653 657 660 666 673 679 677 670 664 659 658 660 660 657
587 582 580 -9999 -9999 -9999 -9999 -9999 -9999 724 738 761 785 808 803 788 775 768 761 757 752 741 729 713 696 673 653 642 636 631 631 632 634 635 638 647 658 658 667 669 681 682 683 682 690 677 670 665 664 664 662 663 664 662 661 662 663 665 666 666 668 672 674 680 669 661 661 666 665 660 662 657 651 649 648 648 645 646 652 662 665 674 680 670 663 658 661 659 661 662 657
581 570 580 -9999 -9999 -9999 -9999 -9999 694 709 723 745 764 785 784 772 759 747 737 733 724 716 705 690 672 656 645 630 621 616 617 622 628 629 633 642 661 668 675 679 685 684 694 691 687 684 672 664 662 661 658 661 666 664 663 663 663 671 668 663 663 669 670 667 663 660 660 661 663 659 655 651 645 642 642 642 640 642 649 658 663 668 669 668 662 657 658 658 656 655 648
579 555 542 -9999 -9999 611 648 664 678 698 726 745 763 764 762 748 734 724 718 710 708 705 686 677 668 656 651 642 618 607 605 607 611 619 631 649 656 665 671 674 679 683 687 687 685 682 674 676 666 656 656 656 661 664 668 671 669 675 665 660 659 664 663 659 656 654 654 655 647 648 645 639 637 637 636 635 637 642 648 651 655 658 660 660 656 653 651 651 646 648 646
581 545 533 540 569 604 653 682 675 689 707 720 733 732 729 718 706 700 697 694 694 682 676 676 663 649 642 622 612 601 600 602 606 613 622 635 648 660 670 674 678 679 679 680 679 676 678 672 673 668 663 661 667 666 678 686 677 668 658 652 653 652 653 650 646 644 642 641 640 639 637 630 630 629 626 625 627 632 638 641 645 649 651 649 649 647 647 645 643 640 638
572 550 539 542 567 602 634 655 668 683 682 689 695 702 707 704 693 687 684 680 672 666 662 648 643 630 616 601 590 587 589 591 597 605 611 624 641 655 666 670 671 676 674 670 663 663 659 657 656 664 670 671 681 678 680 684 676 661 652 648 644 644 641 638 639 638 636 635 631 630 628 625 621 623 622 622 621 632 634 636 640 641 643 646 644 640 638 638 638 634 630
563 551 544 552 576 606 631 653 664 669 668 671 671 682 684 685 683 676 672 660 652 648 639 628 621 612 604 589 585 582 583 585 587 596 606 618 633 646 657 663 665 671 665 659 658 654 652 650 652 655 661 672 679 680 676 674 669 656 649 641 638 635 634 632 632 633 632 630 625 625 620 616 614 615 616 618 620 624 628 630 631 634 638 639 640 639 637 632 629 633 626
559 552 548 552 581 602 623 633 640 645 647 646 649 652 655 661 658 651 645 636 631 625 619 617 604 597 589 582 580 578 580 587 590 590 598 610 625 642 652 658 659 661 657 658 661 657 646 644 648 655 659 668 669 668 666 661 650 636 629 626 627 628 628 627 627 627 628 627 623 621 616 612 611 612 612 613 615 620 621 623 624 628 630 633 634 633 629 632 625 622 621
553 548 539 557 573 588 601 612 621 643 637 637 636 633 631 632 631 626 622 619 612 609 611 603 593 584 579 576 577 587 584 589 592 594 592 602 618 633 647 652 652 655 655 658 672 664 648 639 639 641 646 651 651 651 652 644 636 625 613 613 616 622 623 620 623 623 625 625 621 618 614 609 608 609 610 609 610 613 616 618 622 624 626 628 627 625 623 619 620 621 617
536 535 536 553 561 572 586 596 606 620 623 625 619 615 606 603 601 598 595 592 589 589 591 590 578 573 578 579 575 583 584 589 594 586 592 600 609 618 629 639 647 658 665 657 655 653 640 634 635 640 637 641 640 641 640 635 629 618 610 609 612 616 618 620 619 619 620 622 619 617 615 610 609 607 606 606 604 608 612 617 619 620 620 619 618 616 614 614 613 614 611
530 533 538 545 553 559 569 576 591 594 597 597 598 589 587 578 574 572 571 569 570 571 573 576 567 563 566 568 574 576 579 583 585 588 600 605 615 627 625 638 643 651 661 653 645 635 628 629 630 631 633 634 636 635 631 629 623 617 612 609 609 613 617 618 617 618 618 617 615 613 613 612 609 607 606 603 604 605 608 610 612 610 613 614 614 612 612 613 614 610 608
516 521 525 531 540 551 559 567 570 574 573 569 572 567 566 557 552 551 550 549 553 557 561 557 560 561 560 558 565 572 576 576 582 584 595 602 612 625 631 635 647 652 648 645 633 622 618 621 628 628 630 631 629 627 625 620 616 615 609 608 610 612 614 616 617 616 616 614 614 613 610 609 610 608 605 600 603 604 602 604 606 607 608 608 610 609 611 609 610 606 603
516 513 513 522 531 540 547 550 551 551 550 547 546 541 536 529 528 529 528 531 538 541 546 546 552 554 554 555 558 562 566 570 574 581 590 598 605 611 616 622 632 636 636 628 623 612 612 614 619 620 621 620 621 621 619 616 615 612 611 613 611 612 611 615 617 616 615 615 616 615 611 610 608 607 605 601 602 601 599 601 603 602 602 604 605 610 610 610 608 602 596
510 511 514 514 524 530 533 537 542 541 537 531 525 521 515 510 504 507 510 518 524 527 529 534 538 541 546 548 554 556 563 569 574 578 583 588 595 600 610 614 619 620 617 614 610 606 605 606 609 613 613 614 615 615 615 615 612 610 609 608 610 611 611 616 619 619 618 619 619 617 614 611 609 606 604 598 598 597 598 599 599 599 602 603 604 606 609 608 603 600 599
504 507 509 511 513 516 521 523 527 534 531 525 516 506 501 494 488 493 499 505 511 518 524 529 529 536 544 548 548 554 562 563 567 574 579 582 587 591 597 600 605 606 606 605 604 601 600 603 606 607 609 610 612 613 614 614 612 612 611 612 612 612 614 616 621 622 622 622 620 620 616 612 610 606 603 600 596 597 598 598 599 601 604 604 605 605 605 601 601 597 602
502 505 508 515 520 522 520 521 517 514 516 514 507 498 486 475 475 485 495 504 512 517 524 533 532 530 536 540 549 549 551 556 561 564 569 576 579 584 588 592 594 595 596 595 596 595 598 599 601 605 606 609 611 613 614 614 612 613 613 617 617 618 618 616 622 623 626 627 625 626 624 617 609 609 604 597 595 597 597 599 601 603 607 604 601 602 606 604 604 602 599
496 501 506 513 517 518 518 516 516 516 511 505 501 496 490 487 482 489 497 510 521 516 520 524 530 534 534 539 538 537 537 545 553 557 559 565 570 575 580 585 588 590 591 591 591 592 592 595 597 599 604 607 610 613 614 614 615 615 616 617 617 618 618 618 622 624 625 629 631 630 624 618 613 607 603 600 600 600 600 599 599 599 601 603 599 603 604 606 608 606 600
501 501 500 506 512 514 514 516 516 513 512 511 508 506 505 500 494 492 502 508 515 517 522 523 526 527 532 534 535 530 524 524 540 545 552 558 562 569 573 576 580 581 581 583 584 587 588 592 595 599 602 606 609 611 613 614 613 613 613 617 617 618 623 625 625 626 626 630 630 629 626 622 616 611 606 601 603 600 601 601 602 598 598 599 602 604 606 610 611 606 604
