resultados/variables_proyeccion_tiempo/variables_futuro_ccsm_A1B/bio14.asc
ncols 330
nrows 228
xllcorner -12.000000
yllcorner 34.000000
cellsize 0.166667
NODATA_value -9999
[rows 49 to 97 of 228, columns 96 to 191 of 330]
-9999 -9999 -9999 -9999 -9999 -9999 -9999 -9999 -9999 -9999 -9999 -9999 -9999 -9999 -9999 -9999 -9999 -9999 -9999 -9999 -9999 -9999 -9999 -9999 -9999 64 66 66 66 65 -9999 -9999 61 60 61 61 62 62 62 61 62 61 59 59 59 60 60 62 63 62 61 63 62 58 56 57 54 52 50 49 46 42 39 37 36 36 36 35 35 34 34 34 34 34 33 33 33 34 34 36 37 38 39 40 40 41 40 41 41 40 40 40 39 39 39 38
-9999 -9999 -9999 -9999 -9999 -9999 -9999 -9999 -9999 -9999 -9999 -9999 -9999 -9999 -9999 -9999 -9999 -9999 -9999 -9999 -9999 -9999 -9999 -9999 -9999 -9999 64 65 66 65 64 62 61 61 60 59 59 59 61 60 57 58 58 58 60 61 61 61 62 61 60 59 59 56 55 55 52 49 46 43 40 37 36 35 34 35 35 34 34 34 35 35 34 34 34 34 34 35 35 36 37 38 39 40 41 41 42 41 42 42 40 40 39 38 37 36
-9999 -9999 -9999 -9999 -9999 -9999 -9999 -9999 -9999 -9999 -9999 -9999 -9999 -9999 -9999 -9999 -9999 -9999 -9999 -9999 -9999 -9999 -9999 62 63 62 65 66 66 66 65 63 63 62 59 57 54 55 53 54 55 56 56 56 57 58 56 58 59 59 58 56 54 56 55 51 49 46 42 39 36 34 32 32 33 33 34 34 34 34 34 35 36 36 36 35 36 36 37 38 40 41 41 41 42 42 42 43 42 41 40 39 38 37 37 -9999
-9999 -9999 -9999 -9999 -9999 -9999 -9999 -9999 -9999 -9999 -9999 -9999 -9999 -9999 -9999 -9999 -9999 -9999 -9999 -9999 -9999 -9999 -9999 60 62 62 65 66 67 67 66 65 63 60 56 56 54 52 53 53 52 52 52 52 53 54 54 55 54 56 54 53 54 54 51 48 46 42 40 36 33 31 29 30 32 32 32 33 33 34 34 35 36 36 37 37 37 37 38 39 40 41 42 44 44 43 43 42 41 40 39 -9999 -9999 -9999 -9999 -9999
-9999 -9999 -9999 -9999 -9999 -9999 -9999 -9999 -9999 -9999 -9999 -9999 -9999 -9999 -9999 -9999 -9999 -9999 -9999 -9999 63 61 60 58 59 60 63 64 65 66 65 63 61 59 56 55 53 51 51 50 49 47 47 47 47 47 49 50 52 54 53 56 53 50 49 50 46 43 43 37 32 30 28 30 31 32 33 33 34 35 35 35 35 36 36 38 39 40 41 42 42 42 43 45 45 44 43 41 41 -9999 -9999 -9999 -9999 -9999 -9999 -9999
-9999 -9999 -9999 -9999 -9999 -9999 -9999 -9999 -9999 -9999 -9999 -9999 -9999 -9999 -9999 -9999 74 72 70 70 66 63 59 57 58 58 60 61 63 64 64 64 63 59 55 56 53 50 48 46 43 43 41 42 44 46 45 45 49 49 50 49 48 49 46 44 42 41 42 38 34 31 29 29 31 32 32 33 34 34 35 36 36 37 38 38 40 42 43 44 44 44 45 45 45 44 43 41 -9999 -9999 -9999 -9999 -9999 -9999 -9999 -9999
-9999 -9999 -9999 -9999 -9999 -9999 -9999 -9999 -9999 -9999 -9999 -9999 -9999 86 81 78 77 75 71 70 63 60 56 54 55 59 58 62 61 63 64 65 62 59 57 52 49 48 45 43 42 39 38 37 37 40 40 41 44 45 45 44 44 43 41 40 40 39 37 35 34 31 30 31 31 32 32 33 34 35 35 36 37 37 38 40 41 43 44 45 45 46 46 45 44 42 -9999 -9999 -9999 -9999 -9999 -9999 -9999 -9999 -9999 -9999
-9999 -9999 -9999 -9999 -9999 -9999 -9999 -9999 -9999 -9999 -9999 -9999 91 97 88 83 80 75 70 70 62 58 56 58 57 62 61 62 62 62 61 60 58 55 54 51 47 44 41 40 38 34 32 32 32 34 35 37 41 40 39 40 41 41 39 39 39 39 38 37 35 33 31 32 32 33 33 34 35 34 35 36 37 38 39 41 43 44 44 45 44 45 45 44 44 -9999 -9999 -9999 -9999 -9999 -9999 -9999 -9999 -9999 -9999 -9999
-9999 -9999 -9999 -9999 -9999 -9999 -9999 -9999 -9999 100 100 100 92 89 86 82 82 75 75 74 70 65 66 62 61 62 59 56 63 63 62 61 59 54 53 49 46 42 37 34 32 28 28 31 30 31 31 32 35 37 38 37 37 37 37 37 36 36 36 36 37 34 33 32 32 32 33 33 34 35 37 37 38 38 39 41 43 44 45 45 43 43 42 -9999 -9999 -9999 -9999 -9999 -9999 -9999 -9999 -9999 -9999 -9999 -9999 -9999
-9999 -9999 -9999 -9999 -9999 -9999 108 107 106 106 103 100 100 98 95 90 86 79 72 71 67 68 71 66 53 51 53 51 54 55 56 56 51 48 47 47 42 39 35 31 29 27 29 31 29 30 28 29 33 34 35 35 36 37 38 37 37 37 36 35 34 35 35 35 34 33 33 34 35 36 37 38 38 40 41 42 43 44 44 44 43 41 -9999 -9999 -9999 -9999 -9999 -9999 -9999 -9999 -9999 -9999 -9999 -9999 -9999 -9999
-9999 -9999 -9999 -9999 -9999 -9999 112 110 109 110 114 109 101 100 95 93 85 79 81 78 72 73 64 66 67 58 53 49 49 44 43 45 49 47 45 40 38 37 34 30 28 27 26 28 27 25 25 28 31 32 33 33 34 35 36 37 36 36 36 35 34 34 34 35 35 34 34 34 35 36 36 37 38 39 41 42 43 44 45 44 42 41 -9999 -9999 -9999 -9999 -9999 -9999 -9999 -9999 -9999 -9999 -9999 -9999 -9999 -9999
-9999 -9999 -9999 -9999 -9999 114 110 116 115 117 114 109 105 97 92 84 84 81 75 74 80 72 58 45 45 41 45 43 42 39 40 39 40 46 47 46 40 37 34 34 30 25 24 26 27 26 24 25 27 28 29 30 32 34 34 36 37 37 36 36 36 36 36 36 36 36 35 35 35 35 36 36 37 38 39 40 41 43 43 42 42 -9999 -9999 -9999 -9999 -9999 -9999 -9999 -9999 -9999 -9999 -9999 -9999 -9999 -9999 -9999
-9999 -9999 -9999 -9999 -9999 109 117 120 126 124 122 115 108 106 91 96 90 92 90 84 74 66 60 63 57 48 41 48 51 39 34 35 36 35 38 38 38 37 34 30 27 26 25 24 24 24 24 27 28 29 30 31 31 32 32 33 34 36 37 37 37 37 37 37 37 36 35 35 35 36 36 36 36 37 40 40 41 41 41 41 40 -9999 -9999 -9999 -9999 -9999 -9999 -9999 -9999 -9999 -9999 -9999 -9999 -9999 -9999 -9999
-9999 -9999 -9999 -9999 105 109 113 119 118 119 115 116 112 108 99 93 100 92 82 67 71 54 50 56 55 60 58 57 50 39 40 34 38 35 34 34 33 34 36 33 30 27 26 25 27 26 26 28 28 31 32 34 35 33 32 33 34 36 37 38 38 38 38 37 37 35 35 34 34 36 36 37 38 38 38 40 40 40 40 39 40 -9999 -9999 -9999 -9999 -9999 -9999 -9999 -9999 -9999 -9999 -9999 -9999 -9999 -9999 -9999
-9999 -9999 -9999 -9999 -9999 111 116 123 120 120 118 116 111 111 108 102 88 87 74 61 52 56 52 46 54 51 49 49 44 42 37 35 36 39 36 37 35 32 34 35 33 30 27 26 28 27 27 27 29 29 32 33 34 34 33 33 35 35 36 37 37 38 38 38 37 36 34 35 34 34 35 35 36 37 37 39 39 39 38 -9999 -9999 -9999 -9999 -9999 -9999 -9999 -9999 -9999 -9999 -9999 -9999 -9999 -9999 -9999 -9999 -9999
-9999 -9999 -9999 -9999 102 108 114 121 123 125 125 123 119 113 109 90 92 81 67 57 55 49 45 51 46 41 44 43 35 33 35 36 38 37 37 36 33 31 32 35 33 33 31 28 27 28 28 29 31 31 32 33 33 35 35 35 35 35 35 35 35 36 37 36 36 35 34 35 35 35 35 36 37 37 37 37 37 37 37 38 -9999 -9999 -9999 -9999 -9999 -9999 -9999 -9999 -9999 -9999 -9999 -9999 -9999 -9999 -9999 -9999
-9999 -9999 -9999 -9999 103 109 117 121 123 123 126 128 123 114 107 94 96 81 71 71 58 55 52 49 49 50 46 36 33 31 30 35 36 38 40 37 36 34 30 31 32 31 31 30 28 29 30 31 32 33 32 32 33 35 36 36 36 35 34 36 36 35 34 34 35 35 35 35 36 36 35 37 37 38 38 38 36 37 37 -9999 -9999 -9999 -9999 -9999 -9999 -9999 -9999 -9999 -9999 -9999 -9999 -9999 -9999 -9999 -9999 -9999
-9999 -9999 -9999 -9999 103 107 114 124 130 136 137 133 128 122 112 108 97 89 78 74 71 68 64 58 55 45 40 41 37 35 35 34 36 36 37 36 34 34 34 31 30 30 31 32 31 31 31 33 33 34 33 34 35 35 36 36 36 36 35 35 36 36 36 34 33 34 34 35 35 35 35 37 37 37 37 36 36 36 36 36 -9999 -9999 -9999 -9999 -9999 -9999 -9999 -9999 -9999 -9999 -9999 -9999 -9999 -9999 -9999 -9999
-9999 -9999 -9999 -9999 99 104 108 115 133 133 132 135 128 123 110 102 98 92 85 83 76 67 62 52 50 48 41 38 34 34 36 40 39 37 37 38 36 34 35 34 32 31 31 32 33 34 34 34 34 34 35 36 35 36 37 37 36 36 35 36 36 37 38 37 36 35 36 36 35 34 34 34 36 36 36 36 35 35 36 36 -9999 -9999 -9999 -9999 -9999 -9999 -9999 -9999 -9999 -9999 -9999 -9999 -9999 -9999 -9999 -9999
-9999 -9999 -9999 -9999 100 101 106 113 119 130 136 135 126 120 110 102 94 84 86 78 81 70 64 59 48 41 39 38 38 37 34 39 42 42 38 36 37 36 37 38 38 39 38 36 38 38 38 36 35 36 37 38 37 37 36 37 38 37 37 36 37 36 37 38 38 37 36 36 35 34 34 35 36 36 35 35 35 35 35 36 35 34 33 33 -9999 -9999 31 -9999 -9999 -9999 -9999 -9999 -9999 -9999 -9999 -9999
-9999 -9999 -9999 -9999 -9999 100 104 110 121 130 132 136 128 117 110 101 93 94 80 76 69 66 58 54 50 46 43 40 40 41 43 39 40 41 42 42 38 39 37 41 43 44 43 42 41 40 41 39 38 38 38 38 38 37 36 36 37 38 37 38 38 38 38 38 38 38 40 38 36 35 35 35 35 36 36 35 35 35 35 35 34 33 33 33 32 32 31 -9999 -9999 -9999 -9999 -9999 -9999 28 28 28
-9999 -9999 -9999 -9999 -9999 98 101 106 115 121 125 125 118 114 115 105 104 96 87 82 75 66 61 57 53 50 48 47 44 41 41 42 44 41 39 38 39 39 41 44 45 47 47 46 44 43 42 41 39 40 39 39 39 38 36 37 36 37 38 38 38 40 39 40 40 39 39 39 38 37 37 36 36 36 35 35 34 34 34 34 33 33 32 32 32 31 31 30 29 -9999 -9999 -9999 -9999 28 28 28
-9999 -9999 -9999 -9999 -9999 -9999 96 100 105 112 114 113 118 118 120 103 104 99 92 83 76 67 62 59 55 51 50 49 43 45 40 41 40 40 39 40 38 38 44 45 46 47 47 47 46 45 44 44 41 41 40 40 40 39 37 37 37 37 37 38 39 38 40 40 41 41 40 39 38 37 38 38 37 36 35 34 34 33 33 32 32 31 31 31 31 30 30 30 29 28 -9999 -9999 -9999 -9999 28 28
-9999 -9999 -9999 -9999 -9999 -9999 93 95 107 107 110 116 115 116 109 101 100 93 92 82 74 69 70 61 53 52 50 50 43 42 43 44 41 42 41 40 45 42 43 43 43 46 47 48 47 46 46 44 42 40 40 40 39 39 37 37 38 37 38 38 38 38 39 39 40 40 41 41 40 39 38 37 36 35 34 32 32 32 32 31 31 30 30 30 30 30 30 29 29 28 27 -9999 -9999 -9999 -9999 -9999
-9999 -9999 -9999 -9999 -9999 -9999 -9999 91 96 96 100 106 106 111 107 103 94 96 88 79 68 60 60 60 48 50 53 48 46 45 40 44 44 43 43 42 44 42 42 42 43 45 47 47 47 47 46 45 43 41 40 39 40 40 38 37 37 38 38 38 37 38 38 38 38 40 38 39 39 38 38 37 37 35 33 32 31 31 30 30 30 30 30 30 29 29 29 29 28 28 27 26 -9999 -9999 -9999 -9999
-9999 -9999 -9999 -9999 -9999 -9999 -9999 83 88 96 98 103 107 105 101 99 92 92 88 80 70 74 60 50 50 48 47 46 48 44 42 41 44 45 44 45 44 43 43 44 43 45 46 47 47 47 47 45 44 44 41 39 39 38 38 37 37 36 36 37 37 36 38 38 38 38 38 37 37 37 37 36 36 34 32 30 30 30 30 30 29 29 29 29 29 29 29 28 28 27 -9999 -9999 -9999 -9999 -9999 -9999
-9999 -9999 -9999 -9999 -9999 -9999 -9999 76 81 84 92 96 97 99 101 100 101 96 92 83 73 72 61 52 48 44 45 44 46 47 42 42 47 48 48 45 43 43 43 42 43 44 46 47 48 48 47 45 44 44 43 41 39 38 37 37 36 35 35 35 35 36 36 36 37 38 37 36 36 36 36 36 35 33 32 31 30 30 29 29 29 29 29 29 28 28 28 27 27 27 -9999 -9999 -9999 -9999 -9999 -9999
-9999 -9999 -9999 -9999 -9999 63 -9999 69 73 79 81 85 94 100 103 104 102 98 91 84 74 70 64 58 52 57 50 51 48 47 44 44 43 43 45 43 43 42 42 42 43 43 45 47 49 49 48 46 45 43 42 41 39 38 37 35 35 35 34 34 33 35 35 35 36 35 35 35 35 35 35 35 34 33 32 32 31 30 30 29 29 28 28 28 28 28 28 28 27 27 -9999 -9999 -9999 -9999 -9999 -9999
-9999 -9999 -9999 -9999 -9999 -9999 -9999 65 64 68 76 82 96 101 102 104 101 94 94 88 80 69 68 62 57 56 53 53 51 48 45 45 44 42 42 42 41 41 41 -9999 42 43 44 47 48 50 49 47 46 44 43 41 38 36 36 35 34 34 34 33 33 33 33 33 32 33 33 34 34 34 33 33 33 33 32 31 31 30 29 29 29 28 28 28 27 27 27 -9999 -9999 -9999 -9999 -9999 -9999 -9999 -9999 -9999
-9999 -9999 -9999 -9999 -9999 -9999 -9999 -9999 -9999 64 72 83 91 101 107 107 101 95 92 88 82 73 66 66 62 59 56 53 54 51 47 46 44 43 41 41 41 -9999 -9999 -9999 -9999 -9999 44 46 49 49 49 48 46 45 42 40 37 36 35 34 34 34 33 33 33 33 33 33 33 32 33 33 33 33 33 33 33 32 32 31 31 30 30 29 28 27 26 26 26 26 27 -9999 -9999 -9999 -9999 -9999 -9999 -9999 -9999 -9999
-9999 -9999 -9999 -9999 -9999 -9999 -9999 -9999 -9999 65 74 87 96 100 104 103 97 96 93 89 82 77 70 69 64 62 58 56 55 51 48 46 43 -9999 -9999 -9999 -9999 -9999 -9999 -9999 -9999 -9999 43 45 48 48 48 48 47 46 42 40 38 36 35 34 33 33 33 33 33 33 33 33 33 32 33 32 32 32 32 32 33 33 32 32 31 30 30 29 28 26 26 25 -9999 -9999 -9999 -9999 -9999 -9999 -9999 -9999 -9999 -9999 -9999 -9999
-9999 -9999 -9999 -9999 -9999 -9999 -9999 -9999 -9999 68 77 84 89 98 100 100 97 94 92 89 80 76 70 71 68 63 61 59 54 51 48 -9999 -9999 -9999 -9999 -9999 -9999 -9999 -9999 -9999 -9999 -9999 -9999 44 45 46 48 47 47 45 43 41 39 37 35 33 33 34 34 33 33 33 33 32 32 32 32 31 31 31 31 31 31 31 31 31 30 30 30 -9999 -9999 -9999 -9999 -9999 -9999 -9999 -9999 -9999 -9999 -9999 -9999 -9999 -9999 -9999 -9999 -9999
-9999 -9999 -9999 -9999 -9999 -9999 -9999 -9999 -9999 -9999 -9999 79 86 90 95 94 95 92 90 84 78 75 73 71 70 68 65 58 54 50 -9999 -9999 -9999 -9999 -9999 -9999 -9999 -9999 -9999 -9999 -9999 -9999 -9999 41 43 44 46 47 46 45 44 43 41 38 36 33 34 35 37 34 34 34 33 33 32 32 32 31 30 30 30 31 31 31 30 30 29 29 -9999 -9999 -9999 -9999 -9999 -9999 -9999 -9999 -9999 -9999 -9999 -9999 -9999 29 -9999 -9999 -9999 -9999
-9999 -9999 -9999 -9999 -9999 -9999 -9999 -9999 -9999 -9999 -9999 -9999 -9999 -9999 91 91 89 90 87 82 78 73 72 69 68 67 62 59 -9999 -9999 -9999 -9999 -9999 -9999 -9999 -9999 -9999 -9999 -9999 -9999 -9999 -9999 -9999 -9999 41 43 45 46 47 46 46 46 45 42 39 36 36 38 38 36 36 34 34 33 34 33 33 32 32 31 31 31 30 30 30 29 29 28 -9999 -9999 -9999 -9999 -9999 -9999 -9999 -9999 -9999 -9999 -9999 -9999 -9999 -9999 -9999 -9999 -9999 -9999
-9999 -9999 -9999 -9999 -9999 -9999 -9999 -9999 -9999 -9999 -9999 -9999 -9999 -9999 -9999 85 87 85 80 78 74 70 68 65 63 64 -9999 -9999 -9999 -9999 -9999 -9999 -9999 -9999 -9999 -9999 -9999 -9999 -9999 -9999 -9999 -9999 -9999 -9999 40 42 44 46 47 47 48 48 48 47 45 42 41 40 40 38 38 35 35 36 36 35 34 34 34 33 31 32 31 30 29 29 29 -9999 -9999 -9999 -9999 -9999 -9999 -9999 -9999 -9999 -9999 -9999 -9999 -9999 -9999 -9999 -9999 -9999 -9999 -9999
-9999 -9999 -9999 -9999 -9999 -9999 -9999 -9999 -9999 -9999 -9999 -9999 -9999 -9999 -9999 -9999 -9999 -9999 75 -9999 -9999 68 -9999 -9999 -9999 -9999 -9999 -9999 -9999 -9999 -9999 -9999 -9999 -9999 -9999 -9999 -9999 -9999 -9999 -9999 -9999 -9999 -9999 -9999 -9999 40 43 46 48 48 48 50 52 52 50 48 45 43 42 40 37 35 38 38 37 37 36 35 35 34 33 32 31 30 28 29 29 -9999 -9999 -9999 -9999 -9999 -9999 -9999 -9999 -9999 -9999 30 30 30 29 30 -9999 -9999 -9999 -9999
-9999 -9999 -9999 -9999 -9999 -9999 -9999 -9999 -9999 -9999 -9999 -9999 -9999 -9999 -9999 -9999 -9999 -9999 -9999 -9999 -9999 -9999 -9999 -9999 -9999 -9999 -9999 -9999 -9999 -9999 -9999 -9999 -9999 -9999 -9999 -9999 -9999 -9999 35 35 -9999 -9999 -9999 -9999 -9999 35 42 46 48 48 50 52 54 55 54 51 48 47 44 40 38 37 39 40 39 38 38 37 36 35 34 33 32 30 28 28 28 -9999 -9999 -9999 -9999 -9999 -9999 -9999 -9999 -9999 31 30 30 30 30 -9999 -9999 -9999 -9999 -9999
-9999 -9999 -9999 -9999 -9999 -9999 -9999 -9999 -9999 -9999 -9999 -9999 -9999 -9999 -9999 -9999 -9999 -9999 -9999 -9999 -9999 -9999 -9999 -9999 -9999 -9999 -9999 -9999 -9999 -9999 -9999 -9999 -9999 -9999 -9999 37 36 35 34 -9999 -9999 -9999 -9999 -9999 -9999 -9999 40 44 47 48 49 51 52 54 53 51 49 47 45 43 40 39 40 41 40 39 38 38 37 36 35 34 32 30 28 27 27 -9999 -9999 -9999 -9999 -9999 -9999 -9999 31 31 31 31 30 -9999 -9999 -9999 -9999 -9999 -9999 -9999
-9999 -9999 -9999 -9999 -9999 -9999 -9999 -9999 -9999 -9999 -9999 -9999 -9999 -9999 -9999 -9999 -9999 -9999 -9999 -9999 -9999 -9999 -9999 -9999 -9999 -9999 -9999 -9999 -9999 -9999 -9999 -9999 -9999 -9999 38 36 35 35 34 33 -9999 -9999 -9999 -9999 -9999 -9999 -9999 43 45 47 48 49 52 54 53 52 50 48 46 44 41 40 40 40 40 39 39 38 37 37 36 34 33 31 29 28 27 -9999 26 -9999 -9999 -9999 -9999 -9999 30 31 32 32 31 31 -9999 -9999 -9999 -9999 -9999 -9999
-9999 -9999 -9999 -9999 -9999 -9999 -9999 -9999 -9999 -9999 -9999 -9999 -9999 -9999 -9999 -9999 -9999 -9999 -9999 -9999 -9999 -9999 -9999 -9999 -9999 -9999 -9999 -9999 -9999 -9999 -9999 -9999 41 40 38 34 34 35 34 33 -9999 32 32 31 -9999 -9999 -9999 -9999 44 45 48 49 52 53 53 52 51 48 46 44 42 41 41 40 40 40 40 40 39 38 36 35 34 32 30 28 -9999 27 27 -9999 -9999 -9999 -9999 -9999 29 30 31 32 32 -9999 -9999 -9999 -9999 -9999 -9999 -9999
-9999 -9999 -9999 -9999 -9999 -9999 -9999 -9999 -9999 -9999 -9999 -9999 -9999 -9999 -9999 -9999 -9999 -9999 -9999 -9999 -9999 -9999 -9999 -9999 -9999 -9999 48 47 46 44 44 43 42 41 38 35 34 34 34 -9999 -9999 -9999 -9999 -9999 -9999 -9999 -9999 -9999 -9999 44 46 48 50 52 52 52 51 49 46 45 43 42 42 41 40 40 40 41 40 38 37 35 33 32 30 29 -9999 28 27 -9999 -9999 -9999 -9999 -9999 -9999 30 31 -9999 -9999 -9999 -9999 -9999 -9999 -9999 -9999 -9999
-9999 -9999 -9999 -9999 -9999 -9999 -9999 -9999 -9999 -9999 -9999 -9999 -9999 -9999 -9999 -9999 -9999 -9999 -9999 -9999 -9999 -9999 -9999 -9999 -9999 46 46 46 45 44 43 43 43 42 42 40 37 35 -9999 -9999 -9999 -9999 -9999 -9999 -9999 -9999 -9999 -9999 -9999 -9999 43 44 47 51 51 52 51 49 47 45 44 43 42 40 40 40 40 40 40 39 37 35 34 32 30 29 28 28 -9999 -9999 -9999 -9999 -9999 -9999 -9999 30 30 -9999 -9999 -9999 -9999 -9999 -9999 -9999 -9999 -9999
-9999 -9999 -9999 -9999 -9999 -9999 -9999 -9999 -9999 -9999 -9999 -9999 -9999 -9999 -9999 -9999 -9999 -9999 -9999 -9999 -9999 -9999 -9999 -9999 -9999 46 45 44 44 43 42 42 42 43 43 42 39 35 34 -9999 -9999 -9999 -9999 -9999 -9999 32 -9999 -9999 -9999 -9999 -9999 41 42 46 51 52 51 49 47 45 43 42 42 41 40 40 39 39 39 38 37 35 33 32 30 29 29 -9999 -9999 -9999 -9999 -9999 -9999 -9999 -9999 -9999 -9999 -9999 -9999 -9999 -9999 -9999 -9999 -9999 -9999 -9999
-9999 -9999 -9999 -9999 -9999 -9999 -9999 -9999 -9999 -9999 -9999 -9999 -9999 -9999 -9999 -9999 -9999 -9999 -9999 -9999 -9999 -9999 -9999 -9999 46 46 45 44 43 42 40 41 42 43 42 41 40 36 35 32 32 -9999 -9999 -9999 -9999 -9999 -9999 -9999 -9999 -9999 -9999 -9999 39 43 47 49 49 48 46 44 43 42 42 41 40 40 39 39 38 37 36 35 33 32 30 30 29 -9999 -9999 -9999 -9999 -9999 -9999 -9999 -9999 -9999 -9999 -9999 -9999 -9999 -9999 -9999 -9999 -9999 -9999 -9999
-9999 -9999 -9999 -9999 -9999 -9999 -9999 -9999 -9999 -9999 -9999 -9999 -9999 -9999 -9999 -9999 -9999 -9999 -9999 -9999 -9999 -9999 -9999 -9999 44 44 45 45 44 43 43 43 44 43 42 40 39 37 35 34 32 31 -9999 -9999 -9999 -9999 -9999 -9999 -9999 -9999 -9999 38 40 44 45 47 47 46 44 43 42 42 41 41 40 40 39 39 38 37 36 34 33 -9999 32 30 -9999 -9999 -9999 -9999 -9999 -9999 -9999 -9999 -9999 -9999 -9999 -9999 -9999 -9999 -9999 -9999 -9999 -9999 -9999 -9999
-9999 -9999 -9999 -9999 -9999 -9999 -9999 -9999 -9999 -9999 -9999 -9999 -9999 -9999 -9999 -9999 -9999 -9999 -9999 -9999 -9999 -9999 -9999 -9999 44 43 44 45 45 45 46 46 46 43 42 40 39 38 35 34 33 31 -9999 -9999 -9999 -9999 31 -9999 -9999 -9999 -9999 35 37 40 43 45 45 44 42 41 40 40 40 39 39 39 38 37 37 37 36 35 34 -9999 32 31 -9999 -9999 -9999 -9999 -9999 -9999 -9999 -9999 -9999 -9999 -9999 -9999 -9999 -9999 -9999 -9999 -9999 -9999 -9999 -9999
-9999 -9999 -9999 -9999 -9999 -9999 -9999 -9999 -9999 -9999 -9999 -9999 -9999 -9999 -9999 -9999 -9999 -9999 -9999 -9999 -9999 -9999 -9999 -9999 42 42 44 45 46 47 48 47 47 45 42 39 38 38 -9999 34 33 -9999 -9999 -9999 -9999 -9999 -9999 -9999 32 32 34 35 37 38 41 43 43 43 41 40 38 38 37 38 37 37 37 -9999 36 35 35 35 -9999 -9999 -9999 -9999 -9999 -9999 -9999 -9999 -9999 -9999 -9999 -9999 -9999 -9999 -9999 -9999 -9999 -9999 -9999 -9999 -9999 -9999 -9999 -9999
-9999 -9999 -9999 -9999 -9999 -9999 -9999 -9999 -9999 -9999 -9999 -9999 -9999 -9999 -9999 -9999 -9999 -9999 -9999 -9999 -9999 -9999 -9999 -9999 42 43 44 45 47 48 49 49 49 46 42 40 38 38 -9999 35 -9999 -9999 32 32 -9999 31 31 31 32 32 34 35 37 38 39 41 41 41 41 40 38 37 37 -9999 -9999 -9999 -9999 -9999 -9999 -9999 -9999 -9999 -9999 -9999 -9999 -9999 -9999 -9999 -9999 -9999 -9999 -9999 -9999 -9999 -9999 -9999 -9999 -9999 -9999 -9999 -9999 -9999 -9999 -9999 -9999 -9999
-9999 -9999 -9999 -9999 -9999 -9999 -9999 -9999 -9999 -9999 -9999 -9999 -9999 -9999 -9999 -9999 -9999 -9999 -9999 -9999 -9999 -9999 -9999 -9999 -9999 43 45 47 48 50 50 50 48 45 42 40 38 37 -9999 34 -9999 -9999 34 33 33 32 33 32 32 32 34 35 -9999 37 37 38 39 39 40 40 38 36 -9999 -9999 -9999 -9999 -9999 -9999 -9999 -9999 -9999 -9999 -9999 -9999 -9999 -9999 -9999 -9999 -9999 -9999 -9999 -9999 -9999 -9999 -9999 -9999 -9999 -9999 -9999 -9999 -9999 -9999 -9999 -9999 -9999 -9999
