resultados/variables_proyeccion_tiempo/variables_futuro_ccsm_A1B/bio1.asc
ncols 330
nrows 228
xllcorner -12.000000
yllcorner 34.000000
cellsize 0.166667
NODATA_value -9999
[rows 168 to 209 of 228, columns 0 to 94 of 330]
-9999 -9999 -9999 -9999 -9999 -9999 -9999 -9999 -9999 -9999 -9999 -9999 -9999 -9999 -9999 -9999 -9999 -9999 -9999 -9999 -9999 -9999 -9999 -9999 -9999 -9999 -9999 -9999 -9999 -9999 -9999 -9999 -9999 -9999 -9999 -9999 -9999 -9999 -9999 -9999 -9999 -9999 -9999 -9999 -9999 -9999 -9999 -9999 -9999 -9999 -9999 -9999 -9999 -9999 -9999 -9999 -9999 -9999 -9999 -9999 -9999 -9999 -9999 162 160 158 158 158 157 156 155 153 152 153 153 154 155 155 156 160 160 157 158 160 160 158 153 150 155 153 144 140 141 151 159
-9999 -9999 -9999 -9999 -9999 -9999 -9999 -9999 -9999 -9999 -9999 -9999 -9999 -9999 -9999 -9999 -9999 -9999 -9999 -9999 -9999 -9999 -9999 156 155 157 162 162 -9999 -9999 -9999 -9999 -9999 -9999 -9999 -9999 -9999 -9999 -9999 -9999 -9999 -9999 -9999 -9999 -9999 -9999 -9999 -9999 -9999 -9999 -9999 -9999 -9999 -9999 -9999 -9999 -9999 -9999 -9999 -9999 -9999 -9999 -9999 164 162 161 161 160 159 157 156 155 153 153 153 154 155 156 153 158 159 159 160 159 160 156 147 140 136 141 149 153 155 159 163
-9999 -9999 -9999 -9999 -9999 -9999 -9999 -9999 -9999 -9999 -9999 -9999 -9999 -9999 -9999 -9999 -9999 -9999 -9999 -9999 -9999 -9999 161 158 154 146 148 157 160 159 161 162 156 155 156 158 162 162 162 161 163 -9999 -9999 -9999 -9999 -9999 -9999 -9999 -9999 -9999 -9999 -9999 -9999 -9999 -9999 -9999 -9999 -9999 -9999 -9999 -9999 -9999 168 166 165 163 161 160 157 155 154 155 155 152 153 154 154 155 156 156 159 159 159 159 162 161 148 137 134 141 159 165 171 167 169
-9999 -9999 -9999 -9999 -9999 -9999 -9999 -9999 -9999 -9999 -9999 -9999 -9999 -9999 -9999 -9999 -9999 -9999 -9999 -9999 -9999 165 162 151 147 144 138 146 153 155 144 149 143 143 151 157 156 158 152 157 157 162 155 146 163 169 165 168 167 166 163 162 164 163 166 163 164 175 -9999 -9999 158 172 169 165 163 163 161 159 158 155 150 150 154 152 153 153 154 155 154 157 158 159 160 160 152 140 143 146 155 165 174 175 176 174 171
-9999 -9999 -9999 -9999 -9999 -9999 -9999 -9999 -9999 -9999 -9999 -9999 -9999 -9999 -9999 -9999 -9999 164 164 163 160 160 163 154 146 149 151 149 148 139 146 132 138 142 138 135 141 150 145 140 134 132 113 118 139 147 151 156 156 146 143 152 151 159 165 165 157 161 163 168 164 157 154 150 155 158 158 155 154 154 151 146 149 149 147 149 151 152 156 156 157 159 158 160 164 164 167 172 175 178 179 179 177 176 -9999
-9999 -9999 -9999 -9999 -9999 -9999 -9999 -9999 -9999 -9999 -9999 -9999 -9999 -9999 -9999 -9999 162 159 157 155 154 157 155 149 146 149 152 149 141 138 145 128 128 110 113 104 122 123 116 108 112 110 100 105 126 109 121 134 134 130 125 132 146 151 153 144 151 156 155 156 141 141 139 130 133 125 140 133 127 129 130 137 132 136 135 143 148 151 149 149 153 154 155 155 159 162 156 164 171 177 180 -9999 -9999 -9999 -9999
-9999 -9999 -9999 -9999 -9999 -9999 -9999 -9999 -9999 -9999 -9999 -9999 -9999 -9999 -9999 -9999 165 155 156 159 161 160 157 154 148 147 151 154 141 144 134 117 116 107 103 100 108 109 112 109 115 115 110 96 107 113 120 127 128 133 136 139 135 138 139 146 147 139 139 136 134 145 140 127 122 115 105 84 100 83 73 98 70 84 104 116 115 116 127 134 123 137 131 143 145 157 147 155 166 174 183 -9999 -9999 -9999 -9999
-9999 -9999 -9999 -9999 -9999 -9999 -9999 -9999 -9999 -9999 -9999 -9999 -9999 -9999 -9999 -9999 -9999 165 162 162 164 162 157 151 145 149 148 150 133 129 119 128 135 119 110 116 122 125 130 130 129 125 124 122 125 127 130 128 128 129 126 138 136 142 148 147 140 139 136 138 141 149 145 143 136 128 119 105 83 65 62 52 53 66 69 87 96 67 74 88 86 102 107 104 114 128 147 167 176 183 184 -9999 -9999 -9999 -9999
-9999 -9999 -9999 -9999 -9999 -9999 -9999 -9999 -9999 -9999 -9999 -9999 -9999 -9999 -9999 -9999 -9999 170 165 168 163 150 143 145 139 152 154 156 135 123 136 151 149 134 126 131 135 136 141 141 138 136 131 132 133 135 134 132 128 127 131 137 140 143 152 148 142 146 151 155 158 156 144 145 145 135 134 129 119 108 99 93 95 82 74 66 67 58 83 88 58 72 69 64 86 108 136 150 175 182 182 -9999 -9999 -9999 -9999
-9999 -9999 -9999 -9999 -9999 -9999 -9999 -9999 -9999 -9999 -9999 -9999 -9999 -9999 -9999 -9999 -9999 -9999 172 166 165 146 147 157 158 151 149 145 148 142 140 132 115 107 127 137 142 143 145 144 141 142 139 140 141 141 141 139 133 133 130 129 132 135 143 153 150 157 160 162 162 162 159 156 143 134 127 130 125 124 113 113 129 125 115 102 108 93 101 93 113 86 90 111 78 72 100 141 160 167 174 187 -9999 -9999 -9999
-9999 -9999 -9999 -9999 -9999 -9999 -9999 -9999 -9999 -9999 -9999 -9999 -9999 -9999 -9999 -9999 -9999 -9999 171 167 165 156 146 163 158 153 139 123 121 136 111 100 109 114 126 140 145 147 148 145 147 147 146 145 146 146 144 140 139 136 130 122 110 110 117 128 127 129 137 155 164 167 163 161 157 150 142 145 139 130 120 123 134 138 139 130 129 131 116 116 126 97 103 110 123 130 147 158 170 182 187 178 -9999 -9999 -9999
-9999 -9999 -9999 -9999 -9999 -9999 -9999 -9999 -9999 -9999 -9999 -9999 -9999 -9999 -9999 -9999 -9999 -9999 156 165 172 165 149 136 142 148 145 134 131 130 109 113 130 131 140 145 147 150 150 149 150 149 150 151 151 146 147 143 142 139 133 131 126 114 112 108 109 117 124 137 154 165 168 161 164 161 155 158 154 153 148 150 154 151 140 141 137 143 137 144 136 133 132 150 147 148 144 162 173 183 187 186 -9999 -9999 -9999
-9999 -9999 -9999 -9999 -9999 -9999 -9999 -9999 -9999 -9999 -9999 -9999 -9999 -9999 -9999 -9999 -9999 -9999 166 167 156 160 140 145 132 132 147 158 147 142 137 137 141 140 140 145 150 152 153 153 153 152 151 150 151 151 147 143 142 140 136 130 132 127 120 122 125 127 124 134 143 154 162 171 171 160 155 165 156 161 161 159 164 165 156 155 150 153 161 161 152 155 161 165 156 160 153 163 180 177 184 185 -9999 -9999 -9999
-9999 -9999 -9999 -9999 -9999 -9999 -9999 -9999 -9999 -9999 -9999 -9999 -9999 -9999 -9999 -9999 -9999 -9999 168 163 166 163 149 139 136 137 153 159 154 157 142 150 150 146 146 147 151 154 156 154 153 150 149 152 154 152 148 146 148 146 145 142 139 135 133 132 134 138 134 132 122 126 150 165 172 174 172 170 157 155 165 169 174 173 175 172 176 174 170 163 158 156 170 174 159 159 153 177 183 179 188 -9999 -9999 -9999 -9999
-9999 -9999 -9999 -9999 -9999 -9999 -9999 -9999 -9999 -9999 -9999 -9999 -9999 -9999 -9999 -9999 -9999 -9999 -9999 167 168 169 165 152 148 156 155 156 172 168 152 154 158 151 150 152 154 156 156 154 155 155 153 158 155 152 150 150 148 147 144 142 145 144 142 142 139 140 138 136 133 137 153 163 169 165 172 177 174 168 163 166 171 178 180 182 179 175 168 158 155 168 169 178 178 184 182 178 184 -9999 -9999 -9999 -9999 -9999 -9999
-9999 -9999 -9999 -9999 -9999 -9999 -9999 -9999 -9999 -9999 -9999 -9999 -9999 -9999 -9999 -9999 -9999 -9999 -9999 170 169 170 167 160 167 143 150 165 171 166 159 163 156 155 154 152 153 156 155 156 157 157 156 158 154 153 151 149 146 137 141 141 138 137 139 140 142 139 143 144 144 150 153 154 162 160 157 170 179 179 171 172 177 178 182 176 168 161 161 165 159 168 182 183 190 190 -9999 -9999 -9999 -9999 -9999 -9999 -9999 -9999 -9999
-9999 -9999 -9999 -9999 -9999 -9999 -9999 -9999 -9999 -9999 -9999 -9999 -9999 -9999 -9999 -9999 -9999 -9999 -9999 171 170 166 168 169 153 168 167 167 159 174 168 160 157 157 154 153 150 149 150 154 155 156 157 156 156 155 153 150 148 143 138 119 122 123 135 138 134 137 147 148 148 151 148 139 142 144 152 163 174 179 182 184 183 180 180 184 170 160 166 183 181 186 188 184 195 -9999 -9999 -9999 -9999 -9999 -9999 -9999 -9999 -9999 -9999
-9999 -9999 -9999 -9999 -9999 -9999 -9999 -9999 -9999 -9999 -9999 -9999 -9999 -9999 -9999 -9999 -9999 -9999 -9999 -9999 172 173 170 164 156 167 166 163 171 177 171 167 157 155 153 154 154 154 152 152 154 155 155 154 152 153 151 147 135 126 126 125 132 136 142 143 137 135 129 130 131 135 134 138 133 132 145 149 162 167 174 176 175 178 174 188 181 178 190 190 192 -9999 -9999 -9999 -9999 -9999 -9999 -9999 -9999 -9999 -9999 -9999 -9999 -9999 -9999
-9999 -9999 -9999 -9999 -9999 -9999 -9999 -9999 -9999 -9999 -9999 -9999 -9999 -9999 -9999 -9999 -9999 -9999 -9999 178 174 167 161 156 152 149 157 153 164 170 166 162 158 157 156 155 155 154 154 154 152 150 151 153 149 148 150 140 115 129 146 148 150 152 150 143 140 137 136 128 132 131 132 134 135 125 132 144 150 153 166 163 167 167 179 183 187 187 -9999 -9999 -9999 -9999 -9999 -9999 -9999 -9999 -9999 -9999 -9999 -9999 -9999 -9999 -9999 -9999 -9999
-9999 -9999 -9999 -9999 -9999 -9999 -9999 -9999 -9999 -9999 -9999 -9999 -9999 -9999 -9999 -9999 -9999 -9999 -9999 178 179 172 164 169 166 165 163 160 166 165 162 162 158 158 157 155 151 149 153 152 149 143 142 144 143 137 132 127 128 148 162 159 158 156 148 148 149 143 133 130 128 126 125 136 128 124 124 126 132 142 155 149 143 148 185 198 200 199 -9999 -9999 -9999 -9999 -9999 -9999 -9999 -9999 -9999 -9999 -9999 -9999 -9999 -9999 -9999 -9999 -9999
-9999 -9999 -9999 -9999 -9999 -9999 -9999 -9999 -9999 -9999 -9999 -9999 -9999 -9999 -9999 -9999 -9999 -9999 -9999 180 182 182 166 171 176 175 173 160 156 157 158 162 165 159 147 149 154 152 152 145 137 129 134 135 138 136 137 154 159 168 171 167 165 157 152 153 149 144 138 128 120 114 117 128 135 131 124 122 119 124 143 142 156 179 192 192 200 -9999 -9999 -9999 -9999 -9999 -9999 -9999 -9999 -9999 -9999 -9999 -9999 -9999 -9999 -9999 -9999 -9999 -9999
-9999 -9999 -9999 -9999 -9999 -9999 -9999 -9999 -9999 -9999 -9999 -9999 -9999 -9999 -9999 -9999 -9999 -9999 -9999 182 184 183 181 184 181 171 135 157 162 160 157 160 159 155 160 169 163 148 145 138 122 121 129 141 148 166 166 173 172 174 174 173 160 160 158 163 157 157 146 134 120 112 117 127 140 138 123 116 103 114 139 149 173 184 197 -9999 -9999 -9999 -9999 -9999 -9999 -9999 -9999 -9999 -9999 -9999 -9999 -9999 -9999 -9999 -9999 -9999 -9999 -9999 -9999
-9999 -9999 -9999 -9999 -9999 -9999 -9999 -9999 -9999 -9999 -9999 -9999 -9999 -9999 -9999 -9999 -9999 -9999 179 184 188 187 185 184 171 159 155 178 176 166 164 159 168 175 182 183 160 135 126 130 124 151 156 172 169 174 181 177 177 176 179 173 167 166 166 160 156 153 147 137 124 118 119 124 138 140 136 139 128 133 150 172 182 192 201 -9999 -9999 -9999 -9999 -9999 -9999 -9999 -9999 -9999 -9999 -9999 -9999 -9999 -9999 -9999 -9999 -9999 -9999 -9999 -9999
-9999 -9999 -9999 -9999 -9999 -9999 -9999 -9999 -9999 -9999 -9999 -9999 -9999 -9999 -9999 -9999 -9999 -9999 184 187 189 186 174 170 167 173 174 183 187 185 187 190 192 189 192 188 174 172 183 190 191 187 183 176 185 186 181 181 181 180 182 175 174 172 163 157 153 150 150 145 133 132 135 133 149 121 126 148 158 162 176 186 192 -9999 -9999 -9999 -9999 -9999 -9999 -9999 -9999 -9999 -9999 -9999 -9999 -9999 -9999 -9999 -9999 -9999 -9999 -9999 -9999 -9999 192
-9999 -9999 -9999 -9999 -9999 -9999 -9999 -9999 -9999 -9999 -9999 -9999 -9999 -9999 -9999 -9999 -9999 -9999 185 186 186 184 178 177 169 180 191 192 196 194 194 194 196 195 192 191 197 198 196 196 192 191 190 187 188 185 186 185 186 184 176 172 170 167 164 161 160 155 154 148 147 147 140 144 151 148 136 143 167 169 188 200 201 -9999 -9999 -9999 -9999 -9999 -9999 -9999 -9999 -9999 -9999 -9999 -9999 -9999 -9999 -9999 182 170 189 185 -9999 -9999 -9999
-9999 -9999 -9999 -9999 -9999 -9999 -9999 -9999 -9999 -9999 -9999 -9999 -9999 -9999 -9999 -9999 -9999 180 183 185 184 188 187 185 182 192 195 198 199 197 198 196 197 195 195 195 193 191 190 189 188 188 183 180 180 182 179 176 176 177 178 176 173 171 168 164 163 160 162 153 151 153 156 152 154 165 168 173 176 184 197 202 -9999 -9999 -9999 -9999 -9999 -9999 -9999 -9999 -9999 -9999 -9999 -9999 -9999 -9999 -9999 172 172 179 190 186 186 -9999 -9999
-9999 -9999 -9999 -9999 -9999 -9999 -9999 -9999 -9999 -9999 -9999 -9999 -9999 -9999 -9999 -9999 -9999 181 181 176 185 194 191 189 192 198 198 198 198 198 198 196 195 197 197 197 193 189 184 172 173 181 172 170 166 166 168 167 171 174 176 176 177 175 170 170 166 165 164 163 160 158 163 160 162 159 170 190 198 200 203 -9999 -9999 -9999 -9999 -9999 -9999 -9999 -9999 -9999 -9999 -9999 -9999 -9999 -9999 -9999 184 183 190 185 187 187 190 -9999 -9999
-9999 -9999 -9999 -9999 -9999 -9999 -9999 -9999 -9999 -9999 -9999 -9999 -9999 -9999 -9999 180 181 184 183 188 196 196 197 198 196 196 195 189 192 193 196 197 197 196 195 196 192 184 181 176 185 188 189 184 178 172 175 165 166 172 174 178 179 177 176 175 173 172 168 168 167 167 170 175 176 171 171 189 199 205 207 -9999 -9999 -9999 -9999 -9999 -9999 -9999 -9999 -9999 -9999 -9999 -9999 -9999 -9999 -9999 195 192 189 190 190 189 -9999 -9999 -9999
-9999 -9999 -9999 -9999 -9999 -9999 -9999 -9999 -9999 -9999 -9999 -9999 -9999 -9999 -9999 -9999 182 184 191 195 198 196 195 197 198 200 198 192 192 198 198 198 197 196 194 193 196 197 198 196 193 195 186 186 183 179 182 173 176 173 174 181 181 180 179 176 174 174 173 172 172 172 173 173 175 180 174 185 200 207 208 -9999 -9999 -9999 -9999 -9999 -9999 -9999 -9999 -9999 -9999 -9999 -9999 -9999 -9999 -9999 -9999 -9999 -9999 -9999 192 -9999 -9999 -9999 -9999
-9999 -9999 -9999 -9999 -9999 -9999 -9999 -9999 -9999 -9999 -9999 -9999 -9999 -9999 -9999 184 184 186 196 199 199 197 198 199 200 201 200 199 201 202 203 202 201 201 199 202 204 203 201 200 197 192 188 184 184 180 182 180 182 183 183 182 181 179 174 171 169 168 173 175 175 175 172 165 159 173 168 190 204 204 203 -9999 -9999 -9999 -9999 -9999 -9999 -9999 -9999 190 191 190 -9999 -9999 -9999 -9999 -9999 -9999 -9999 195 -9999 -9999 -9999 -9999 -9999
-9999 -9999 -9999 -9999 -9999 -9999 -9999 -9999 -9999 -9999 -9999 -9999 -9999 -9999 -9999 180 181 190 201 201 200 201 200 200 199 198 196 198 197 205 204 204 204 204 204 205 204 202 201 199 197 193 192 188 183 187 183 184 184 183 181 181 178 174 170 167 163 161 169 175 176 171 164 161 167 171 168 186 195 196 195 209 211 -9999 -9999 -9999 -9999 -9999 -9999 194 195 198 -9999 -9999 -9999 -9999 -9999 -9999 -9999 -9999 -9999 -9999 -9999 -9999 -9999
-9999 -9999 -9999 -9999 -9999 -9999 -9999 -9999 -9999 -9999 -9999 -9999 -9999 -9999 -9999 180 185 198 202 201 200 199 197 194 195 196 195 198 204 204 202 202 202 200 202 199 198 197 198 194 193 197 195 194 189 183 183 182 179 184 183 181 178 176 170 166 165 161 159 162 169 168 168 168 171 171 181 177 174 182 176 185 203 207 -9999 -9999 -9999 -9999 -9999 -9999 200 196 -9999 -9999 -9999 -9999 -9999 -9999 -9999 -9999 -9999 -9999 -9999 -9999 -9999
-9999 -9999 -9999 -9999 -9999 -9999 -9999 -9999 -9999 -9999 -9999 -9999 -9999 -9999 -9999 -9999 194 198 200 203 201 198 194 192 194 198 199 202 204 200 196 196 196 197 198 196 194 194 190 194 196 196 194 194 186 181 183 185 186 184 182 180 177 176 172 174 167 149 155 164 174 178 180 177 176 181 183 175 172 172 182 201 203 -9999 -9999 -9999 -9999 -9999 -9999 -9999 198 -9999 -9999 -9999 -9999 -9999 -9999 -9999 -9999 -9999 -9999 -9999 -9999 -9999 -9999
-9999 -9999 -9999 -9999 -9999 -9999 -9999 -9999 -9999 -9999 -9999 -9999 -9999 -9999 -9999 -9999 188 192 202 203 203 202 198 197 196 198 200 204 204 201 195 189 191 192 192 195 193 192 192 191 191 191 190 190 189 184 183 182 191 182 177 183 185 182 184 180 168 155 173 178 184 188 190 187 185 180 186 195 200 207 211 -9999 -9999 -9999 -9999 -9999 -9999 -9999 -9999 -9999 -9999 -9999 -9999 -9999 -9999 -9999 -9999 -9999 -9999 -9999 -9999 -9999 -9999 -9999 -9999
-9999 -9999 -9999 -9999 -9999 -9999 -9999 -9999 -9999 -9999 -9999 -9999 -9999 -9999 -9999 -9999 -9999 -9999 -9999 201 200 202 202 199 197 196 200 204 204 202 198 194 193 193 190 189 189 193 194 190 191 190 190 190 189 189 192 193 199 199 198 200 192 190 186 173 154 158 164 159 175 194 196 198 192 194 199 209 212 -9999 -9999 -9999 -9999 -9999 -9999 -9999 -9999 -9999 -9999 -9999 -9999 -9999 -9999 -9999 -9999 -9999 -9999 -9999 -9999 -9999 -9999 -9999 -9999 -9999 -9999
-9999 -9999 -9999 -9999 -9999 -9999 -9999 -9999 -9999 -9999 -9999 -9999 -9999 -9999 -9999 -9999 -9999 -9999 -9999 198 194 200 201 198 197 200 203 201 203 199 195 192 185 184 184 194 194 190 196 200 195 190 194 198 200 208 207 210 210 210 207 198 195 193 164 154 140 142 148 158 171 185 191 197 208 210 212 214 214 -9999 -9999 -9999 -9999 -9999 -9999 -9999 -9999 -9999 -9999 -9999 -9999 -9999 -9999 -9999 -9999 -9999 -9999 -9999 -9999 -9999 -9999 -9999 -9999 -9999 -9999
-9999 -9999 -9999 -9999 -9999 -9999 -9999 -9999 -9999 -9999 -9999 -9999 -9999 -9999 -9999 -9999 -9999 -9999 198 196 197 200 198 197 197 199 201 199 200 197 191 187 188 194 194 194 199 194 190 198 205 203 204 209 212 210 211 210 211 211 206 203 201 191 158 138 152 159 160 166 174 171 179 200 203 204 206 212 -9999 -9999 -9999 -9999 -9999 -9999 -9999 -9999 -9999 -9999 -9999 -9999 -9999 -9999 -9999 -9999 -9999 -9999 -9999 -9999 -9999 -9999 -9999 -9999 -9999 -9999 -9999
-9999 -9999 -9999 -9999 -9999 -9999 -9999 -9999 -9999 -9999 -9999 -9999 -9999 -9999 -9999 -9999 -9999 -9999 -9999 194 195 195 194 193 196 199 200 201 201 199 199 201 196 196 202 201 208 208 206 211 214 213 211 210 210 208 208 205 193 199 182 167 186 186 165 173 174 168 161 165 183 190 193 204 202 209 213 214 -9999 -9999 -9999 -9999 -9999 -9999 -9999 -9999 -9999 -9999 -9999 -9999 -9999 -9999 -9999 -9999 -9999 -9999 -9999 -9999 -9999 -9999 -9999 -9999 -9999 -9999 -9999
-9999 -9999 -9999 -9999 -9999 -9999 -9999 -9999 -9999 -9999 -9999 -9999 -9999 -9999 -9999 -9999 -9999 -9999 -9999 195 196 191 192 190 193 197 201 202 200 203 205 202 201 201 208 212 215 217 216 213 212 211 210 208 204 195 198 196 183 161 173 171 173 184 182 181 172 157 160 169 177 195 190 204 205 207 210 210 -9999 -9999 -9999 -9999 -9999 -9999 -9999 -9999 -9999 -9999 -9999 -9999 -9999 -9999 -9999 -9999 -9999 -9999 -9999 -9999 -9999 -9999 -9999 -9999 -9999 -9999 -9999
-9999 -9999 -9999 -9999 -9999 -9999 -9999 -9999 -9999 -9999 -9999 -9999 -9999 -9999 -9999 -9999 -9999 -9999 -9999 192 189 193 187 184 188 192 198 203 203 206 208 208 208 210 214 216 219 214 214 212 210 210 209 207 203 191 184 184 177 175 177 168 173 172 154 163 168 172 185 191 196 202 206 213 -9999 -9999 -9999 -9999 -9999 -9999 -9999 -9999 -9999 -9999 -9999 -9999 -9999 -9999 -9999 -9999 -9999 -9999 -9999 -9999 -9999 -9999 -9999 -9999 -9999 -9999 -9999 -9999 -9999 -9999 -9999
-9999 -9999 -9999 -9999 -9999 -9999 -9999 -9999 -9999 -9999 -9999 -9999 -9999 -9999 -9999 -9999 -9999 -9999 191 189 187 195 194 187 182 189 198 205 206 208 210 209 209 211 214 216 216 214 213 210 208 205 199 200 199 195 190 186 185 189 176 154 157 166 152 141 140 153 177 188 206 208 -9999 -9999 -9999 -9999 -9999 -9999 -9999 -9999 -9999 -9999 -9999 -9999 -9999 -9999 -9999 -9999 -9999 -9999 -9999 -9999 -9999 -9999 -9999 -9999 -9999 -9999 -9999 -9999 -9999 -9999 -9999 -9999 -9999
-9999 -9999 -9999 -9999 -9999 -9999 -9999 -9999 -9999 -9999 -9999 -9999 -9999 -9999 -9999 -9999 -9999 -9999 187 193 198 197 196 196 195 198 203 -9999 -9999 -9999 -9999 208 211 213 214 214 214 211 208 202 197 195 195 198 196 187 172 172 179 179 173 114 99 129 138 165 182 188 184 195 202 -9999 -9999 -9999 -9999 -9999 -9999 -9999 -9999 -9999 -9999 -9999 -9999 -9999 -9999 -9999 -9999 -9999 -9999 -9999 -9999 -9999 -9999 -9999 -9999 -9999 -9999 -9999 -9999 -9999 -9999 -9999 -9999 -9999 -9999
