resultados/variables_proyeccion_tiempo/variables_futuro_ccsm_A1B/bio18.asc
ncols 330
nrows 228
xllcorner -12.000000
yllcorner 34.000000
cellsize 0.166667
NODATA_value -9999
[rows 80 to 119 of 228, columns 92 to 183 of 330]
-9999 -9999 -9999 -9999 -9999 -9999 -9999 -9999 -9999 -9999 -9999 -9999 -9999 279 303 323 336 368 373 374 364 360 355 351 323 310 292 296 288 270 262 253 235 222 215 -9999 -9999 -9999 -9999 -9999 -9999 -9999 -9999 -9999 -9999 -9999 -9999 189 194 199 201 200 200 195 191 189 186 182 178 173 176 175 176 174 174 176 176 173 172 172 173 171 170 171 169 167 167 166 164 164 163 163 161 -9999 -9999 -9999 -9999 -9999 -9999 -9999 -9999 -9999
-9999 -9999 -9999 -9999 -9999 -9999 -9999 -9999 -9999 -9999 -9999 -9999 -9999 -9999 -9999 299 322 335 350 345 344 335 334 317 302 294 288 280 277 272 263 239 226 215 -9999 -9999 -9999 -9999 -9999 -9999 -9999 -9999 -9999 -9999 -9999 -9999 -9999 178 185 188 192 194 193 191 189 189 188 185 179 175 176 179 187 175 175 177 172 170 170 170 170 168 166 164 164 165 166 164 162 161 158 156 -9999 -9999 -9999 -9999 -9999 -9999 -9999 -9999 -9999 -9999
-9999 -9999 -9999 -9999 -9999 -9999 -9999 -9999 -9999 -9999 -9999 -9999 -9999 -9999 -9999 -9999 -9999 -9999 329 324 314 317 312 301 288 275 272 262 257 252 241 232 -9999 -9999 -9999 -9999 -9999 -9999 -9999 -9999 -9999 -9999 -9999 -9999 -9999 -9999 -9999 -9999 175 181 186 191 195 193 194 196 194 191 186 182 183 184 184 178 177 173 169 170 172 172 171 170 168 166 165 165 163 162 159 157 152 147 -9999 -9999 -9999 -9999 -9999 -9999 -9999 -9999 -9999 -9999
-9999 -9999 -9999 -9999 -9999 -9999 -9999 -9999 -9999 -9999 -9999 -9999 -9999 -9999 -9999 -9999 -9999 -9999 -9999 297 305 296 278 278 266 252 252 240 232 234 -9999 -9999 -9999 -9999 -9999 -9999 -9999 -9999 -9999 -9999 -9999 -9999 -9999 -9999 -9999 -9999 -9999 -9999 173 176 183 191 197 200 205 205 203 202 198 196 193 191 189 185 184 172 170 177 176 174 171 171 171 168 162 166 163 159 154 152 147 -9999 -9999 -9999 -9999 -9999 -9999 -9999 -9999 -9999 -9999 -9999
-9999 -9999 -9999 -9999 -9999 -9999 -9999 -9999 -9999 -9999 -9999 -9999 -9999 -9999 -9999 -9999 -9999 -9999 -9999 -9999 -9999 -9999 259 -9999 -9999 241 -9999 -9999 -9999 -9999 -9999 -9999 -9999 -9999 -9999 -9999 -9999 -9999 -9999 -9999 -9999 -9999 -9999 -9999 -9999 -9999 -9999 -9999 -9999 172 181 192 198 207 210 215 220 217 213 208 203 200 196 189 178 173 181 181 177 178 176 172 172 168 164 163 161 156 150 148 143 -9999 -9999 -9999 -9999 -9999 -9999 -9999 -9999 -9999 -9999 125
-9999 -9999 -9999 -9999 -9999 -9999 -9999 -9999 -9999 -9999 -9999 -9999 -9999 -9999 -9999 -9999 -9999 -9999 -9999 -9999 -9999 -9999 -9999 -9999 -9999 -9999 -9999 -9999 -9999 -9999 -9999 -9999 -9999 -9999 -9999 -9999 -9999 -9999 -9999 -9999 -9999 -9999 154 153 -9999 -9999 -9999 -9999 -9999 166 179 189 202 212 222 225 228 228 225 220 211 211 202 190 182 179 184 183 181 177 178 177 173 169 164 162 158 153 147 142 138 -9999 -9999 -9999 -9999 -9999 -9999 -9999 -9999 -9999 121 124
-9999 -9999 -9999 -9999 -9999 -9999 -9999 -9999 -9999 -9999 -9999 -9999 -9999 -9999 -9999 -9999 -9999 -9999 -9999 -9999 -9999 -9999 -9999 -9999 -9999 -9999 -9999 -9999 -9999 -9999 -9999 -9999 -9999 -9999 -9999 -9999 -9999 -9999 -9999 161 158 155 153 -9999 -9999 -9999 -9999 -9999 -9999 -9999 177 187 198 215 221 226 226 228 227 220 214 210 203 197 190 185 188 188 182 176 175 174 172 168 165 161 158 151 143 136 131 -9999 -9999 -9999 -9999 -9999 -9999 -9999 118 121 122 124
-9999 -9999 -9999 -9999 -9999 -9999 -9999 -9999 -9999 -9999 -9999 -9999 -9999 -9999 -9999 -9999 -9999 -9999 -9999 -9999 -9999 -9999 -9999 -9999 -9999 -9999 -9999 -9999 -9999 -9999 -9999 -9999 -9999 -9999 -9999 -9999 -9999 -9999 164 161 159 158 155 151 -9999 -9999 -9999 -9999 -9999 -9999 -9999 184 193 208 218 221 230 234 231 226 223 213 208 200 191 188 187 185 181 178 175 173 169 166 162 159 156 149 141 133 129 -9999 114 -9999 -9999 -9999 -9999 -9999 118 121 124 125
-9999 -9999 -9999 -9999 -9999 -9999 -9999 -9999 -9999 -9999 -9999 -9999 -9999 -9999 -9999 -9999 -9999 -9999 -9999 -9999 -9999 -9999 -9999 -9999 -9999 -9999 -9999 -9999 -9999 -9999 -9999 -9999 -9999 -9999 -9999 -9999 170 167 163 160 159 158 153 150 -9999 149 150 151 -9999 -9999 -9999 -9999 196 204 216 224 233 235 234 231 224 214 208 200 193 190 186 184 182 180 179 176 171 166 161 158 154 147 139 133 -9999 117 115 -9999 -9999 -9999 -9999 -9999 121 122 123 122
-9999 -9999 -9999 -9999 -9999 -9999 -9999 -9999 -9999 -9999 -9999 -9999 -9999 -9999 -9999 -9999 -9999 -9999 -9999 -9999 -9999 -9999 -9999 -9999 -9999 -9999 -9999 -9999 -9999 -9999 182 182 180 177 174 173 170 166 162 160 157 154 153 -9999 -9999 -9999 -9999 -9999 -9999 -9999 -9999 -9999 -9999 202 209 221 230 236 238 235 229 220 210 203 195 192 189 185 182 178 176 177 172 167 162 156 151 145 138 131 -9999 121 117 -9999 -9999 -9999 -9999 -9999 -9999 122 121 -9999
-9999 -9999 -9999 -9999 -9999 -9999 -9999 -9999 -9999 -9999 -9999 -9999 -9999 -9999 -9999 -9999 -9999 -9999 -9999 -9999 -9999 -9999 -9999 -9999 -9999 -9999 -9999 -9999 -9999 179 180 180 177 175 174 172 170 166 165 162 157 153 -9999 -9999 -9999 -9999 -9999 -9999 -9999 -9999 -9999 -9999 -9999 -9999 206 213 225 238 241 241 232 221 212 203 196 193 188 181 179 177 175 174 171 166 160 154 149 143 137 135 129 126 -9999 -9999 -9999 -9999 -9999 -9999 -9999 121 122 -9999
-9999 -9999 -9999 -9999 -9999 -9999 -9999 -9999 -9999 -9999 -9999 -9999 -9999 -9999 -9999 -9999 -9999 -9999 -9999 -9999 -9999 -9999 -9999 -9999 -9999 -9999 -9999 -9999 -9999 177 176 175 175 174 173 171 170 167 166 162 156 152 150 -9999 -9999 -9999 -9999 -9999 -9999 165 -9999 -9999 -9999 -9999 -9999 210 217 226 240 243 232 222 211 202 194 190 186 180 177 173 170 167 166 163 157 151 146 140 137 136 131 -9999 -9999 -9999 -9999 -9999 -9999 -9999 -9999 -9999 -9999 -9999
-9999 -9999 -9999 -9999 -9999 -9999 -9999 -9999 -9999 -9999 -9999 -9999 -9999 -9999 -9999 -9999 -9999 -9999 -9999 -9999 -9999 -9999 -9999 -9999 -9999 -9999 -9999 -9999 180 178 177 174 173 174 172 172 170 167 163 159 157 152 150 151 152 -9999 -9999 -9999 -9999 -9999 -9999 -9999 -9999 -9999 -9999 -9999 210 215 222 227 223 217 207 199 193 186 183 178 173 169 167 164 161 158 154 150 143 139 137 135 132 -9999 -9999 -9999 -9999 -9999 -9999 -9999 -9999 -9999 -9999 -9999
-9999 -9999 -9999 -9999 -9999 -9999 -9999 -9999 -9999 -9999 -9999 -9999 -9999 -9999 -9999 -9999 -9999 -9999 -9999 -9999 -9999 -9999 -9999 -9999 -9999 -9999 -9999 -9999 177 175 175 175 175 175 175 175 171 167 163 158 155 152 151 152 152 152 -9999 -9999 -9999 -9999 -9999 -9999 -9999 -9999 -9999 195 204 213 212 213 212 207 201 191 186 181 178 174 168 164 161 159 156 156 154 147 142 -9999 137 135 -9999 -9999 -9999 -9999 -9999 -9999 -9999 -9999 -9999 -9999 -9999 -9999
-9999 -9999 -9999 -9999 -9999 -9999 -9999 -9999 -9999 -9999 -9999 -9999 -9999 -9999 -9999 -9999 -9999 -9999 -9999 -9999 -9999 -9999 -9999 -9999 -9999 -9999 -9999 -9999 174 173 176 178 177 177 178 179 176 169 164 160 155 152 150 150 151 152 -9999 -9999 -9999 -9999 165 -9999 -9999 -9999 -9999 184 189 195 201 204 203 199 190 182 175 173 169 163 157 154 152 151 151 151 150 146 142 -9999 135 133 -9999 -9999 -9999 -9999 -9999 -9999 -9999 -9999 -9999 -9999 -9999 -9999
-9999 -9999 -9999 -9999 -9999 -9999 -9999 -9999 -9999 -9999 -9999 -9999 -9999 -9999 -9999 -9999 -9999 -9999 -9999 -9999 -9999 -9999 -9999 -9999 -9999 -9999 -9999 -9999 174 172 176 178 179 180 181 182 181 173 165 158 153 149 -9999 146 147 -9999 -9999 -9999 -9999 -9999 -9999 -9999 166 169 172 176 181 184 191 190 191 190 184 175 166 161 156 155 150 148 148 -9999 146 145 145 145 -9999 -9999 -9999 -9999 -9999 -9999 -9999 -9999 -9999 -9999 -9999 -9999 -9999 -9999 -9999 -9999
-9999 -9999 -9999 -9999 -9999 -9999 -9999 -9999 -9999 -9999 -9999 -9999 -9999 -9999 -9999 -9999 -9999 -9999 -9999 -9999 -9999 -9999 -9999 -9999 -9999 -9999 -9999 -9999 174 175 176 178 179 181 182 182 181 174 165 158 151 146 -9999 141 -9999 -9999 150 155 -9999 160 161 161 162 164 168 168 175 175 179 182 181 179 181 174 162 155 153 -9999 -9999 -9999 -9999 -9999 -9999 -9999 -9999 -9999 -9999 -9999 -9999 -9999 -9999 -9999 -9999 -9999 -9999 -9999 -9999 -9999 -9999 -9999 -9999 -9999
-9999 -9999 -9999 -9999 -9999 -9999 -9999 -9999 -9999 -9999 -9999 -9999 -9999 -9999 -9999 -9999 -9999 -9999 -9999 -9999 -9999 -9999 -9999 -9999 -9999 -9999 -9999 -9999 -9999 178 182 184 184 185 186 185 179 173 164 158 149 142 -9999 140 -9999 -9999 147 151 155 156 157 158 157 159 162 163 -9999 164 166 170 171 173 172 170 162 152 -9999 -9999 -9999 -9999 -9999 -9999 -9999 -9999 -9999 -9999 -9999 -9999 -9999 -9999 -9999 -9999 -9999 -9999 -9999 -9999 -9999 -9999 -9999 -9999 -9999 -9999
-9999 -9999 -9999 -9999 -9999 -9999 -9999 -9999 -9999 -9999 -9999 -9999 -9999 -9999 -9999 -9999 -9999 -9999 -9999 -9999 -9999 -9999 -9999 -9999 -9999 -9999 -9999 -9999 178 179 181 185 186 189 189 184 178 170 164 156 152 147 143 142 143 -9999 148 150 154 154 157 158 157 156 157 156 156 153 157 162 167 165 160 157 155 149 -9999 -9999 -9999 -9999 -9999 -9999 -9999 -9999 -9999 -9999 -9999 -9999 -9999 -9999 -9999 -9999 -9999 -9999 -9999 -9999 -9999 -9999 -9999 -9999 -9999 -9999
-9999 -9999 -9999 -9999 -9999 -9999 -9999 -9999 -9999 -9999 -9999 -9999 -9999 -9999 -9999 -9999 -9999 -9999 -9999 -9999 -9999 -9999 -9999 -9999 -9999 -9999 -9999 -9999 -9999 178 178 182 185 190 191 185 179 170 161 159 158 153 148 147 146 -9999 148 149 153 153 153 154 153 151 149 -9999 -9999 143 150 155 156 156 154 148 144 141 -9999 -9999 -9999 -9999 -9999 -9999 -9999 -9999 -9999 -9999 -9999 -9999 -9999 -9999 -9999 -9999 -9999 -9999 -9999 -9999 -9999 -9999 -9999 -9999 -9999 -9999
-9999 -9999 -9999 -9999 -9999 -9999 -9999 -9999 -9999 -9999 -9999 -9999 -9999 -9999 -9999 -9999 -9999 -9999 -9999 -9999 -9999 -9999 -9999 -9999 -9999 -9999 -9999 -9999 -9999 -9999 -9999 209 185 192 195 190 181 172 164 162 162 157 155 156 151 -9999 -9999 149 150 149 149 153 151 149 149 -9999 -9999 -9999 -9999 -9999 -9999 -9999 -9999 -9999 -9999 -9999 -9999 -9999 135 138 -9999 -9999 -9999 -9999 -9999 -9999 -9999 -9999 -9999 -9999 -9999 -9999 -9999 -9999 -9999 -9999 -9999 -9999 -9999 -9999 -9999 -9999
-9999 -9999 -9999 -9999 -9999 -9999 -9999 -9999 -9999 -9999 -9999 -9999 -9999 -9999 -9999 -9999 -9999 -9999 -9999 -9999 -9999 -9999 -9999 -9999 -9999 -9999 -9999 -9999 -9999 -9999 224 225 190 195 198 195 187 180 171 170 162 160 158 155 152 150 -9999 -9999 -9999 -9999 148 150 148 144 143 -9999 -9999 -9999 -9999 -9999 -9999 -9999 -9999 -9999 -9999 -9999 -9999 -9999 126 132 145 -9999 -9999 -9999 -9999 -9999 -9999 -9999 -9999 -9999 -9999 -9999 -9999 -9999 -9999 -9999 -9999 -9999 -9999 -9999 -9999 -9999
-9999 -9999 -9999 -9999 -9999 -9999 -9999 -9999 -9999 -9999 -9999 -9999 -9999 -9999 -9999 -9999 -9999 -9999 -9999 -9999 -9999 -9999 -9999 -9999 -9999 -9999 -9999 -9999 -9999 225 225 192 193 197 198 197 193 185 177 172 170 164 161 154 151 150 153 154 153 157 158 156 149 146 145 150 -9999 -9999 -9999 -9999 -9999 -9999 -9999 -9999 -9999 -9999 -9999 -9999 -9999 -9999 -9999 -9999 -9999 -9999 -9999 -9999 -9999 -9999 -9999 -9999 -9999 -9999 -9999 -9999 -9999 -9999 -9999 -9999 -9999 -9999 -9999 -9999
-9999 -9999 -9999 -9999 -9999 -9999 -9999 -9999 -9999 -9999 -9999 -9999 -9999 -9999 -9999 -9999 -9999 -9999 -9999 -9999 -9999 -9999 -9999 -9999 -9999 -9999 -9999 -9999 -9999 224 227 228 197 200 202 202 201 196 189 182 -9999 -9999 -9999 -9999 155 -9999 154 154 157 159 160 158 156 -9999 -9999 -9999 -9999 -9999 -9999 -9999 -9999 -9999 -9999 -9999 -9999 -9999 -9999 -9999 -9999 -9999 -9999 -9999 -9999 -9999 -9999 -9999 -9999 -9999 -9999 -9999 -9999 -9999 178 178 178 177 182 181 179 178 177 176
-9999 -9999 -9999 -9999 -9999 -9999 -9999 -9999 -9999 -9999 -9999 -9999 -9999 -9999 -9999 -9999 -9999 -9999 -9999 -9999 -9999 -9999 -9999 -9999 -9999 -9999 -9999 -9999 -9999 -9999 227 204 200 204 207 207 206 203 196 190 183 -9999 -9999 -9999 -9999 -9999 160 -9999 160 157 -9999 159 -9999 -9999 -9999 -9999 -9999 -9999 148 147 146 151 -9999 -9999 -9999 -9999 -9999 -9999 -9999 -9999 -9999 -9999 -9999 -9999 -9999 -9999 -9999 -9999 -9999 185 186 185 183 183 184 184 186 188 184 184 181 180
-9999 -9999 -9999 -9999 -9999 -9999 -9999 -9999 -9999 -9999 -9999 -9999 -9999 -9999 -9999 -9999 -9999 -9999 -9999 -9999 -9999 -9999 -9999 -9999 -9999 -9999 -9999 -9999 -9999 -9999 225 200 204 206 209 209 207 206 201 196 192 188 184 178 -9999 171 163 161 -9999 -9999 -9999 -9999 -9999 -9999 157 155 154 153 152 150 149 147 146 -9999 -9999 -9999 -9999 -9999 -9999 -9999 -9999 -9999 -9999 -9999 -9999 -9999 -9999 -9999 190 190 189 189 188 190 192 196 198 197 193 190 186 181
-9999 -9999 -9999 -9999 -9999 -9999 -9999 -9999 -9999 -9999 -9999 -9999 -9999 -9999 -9999 -9999 -9999 -9999 -9999 -9999 -9999 -9999 -9999 -9999 -9999 -9999 -9999 -9999 -9999 -9999 -9999 201 204 206 209 209 207 205 203 201 198 192 188 183 182 171 168 -9999 -9999 -9999 -9999 -9999 163 163 162 160 160 158 157 154 152 -9999 148 -9999 -9999 -9999 -9999 -9999 -9999 -9999 -9999 -9999 -9999 164 172 181 192 196 196 195 193 193 196 196 198 201 202 200 196 193 190 181
-9999 -9999 -9999 -9999 -9999 -9999 -9999 -9999 -9999 -9999 -9999 -9999 -9999 -9999 -9999 -9999 -9999 -9999 -9999 -9999 -9999 -9999 -9999 -9999 -9999 -9999 -9999 -9999 -9999 -9999 -9999 -9999 200 204 206 208 208 207 205 201 199 196 190 187 181 174 -9999 -9999 165 165 167 167 166 167 166 164 162 160 159 157 156 155 152 149 149 -9999 -9999 -9999 148 150 152 155 160 167 175 182 192 198 200 199 200 198 199 201 202 202 201 197 195 192 190 185
-9999 -9999 -9999 -9999 -9999 -9999 -9999 -9999 -9999 -9999 -9999 -9999 -9999 -9999 -9999 -9999 -9999 -9999 -9999 -9999 -9999 -9999 -9999 -9999 -9999 -9999 -9999 -9999 -9999 -9999 196 200 199 203 205 205 205 204 202 201 198 194 190 184 178 175 173 170 169 169 170 168 167 168 168 167 165 163 161 160 158 156 155 152 150 150 150 149 150 153 156 159 164 171 178 185 190 195 200 200 201 201 200 199 198 198 197 196 194 192 189 187
-9999 -9999 -9999 -9999 -9999 -9999 -9999 -9999 -9999 -9999 -9999 -9999 -9999 -9999 -9999 -9999 -9999 -9999 -9999 -9999 -9999 -9999 -9999 -9999 201 199 195 191 192 192 -9999 197 198 200 203 203 202 202 202 201 198 193 188 182 179 176 174 173 172 170 168 169 168 169 170 168 166 166 166 163 159 157 156 155 154 154 153 152 154 157 160 163 168 176 182 189 194 197 196 197 196 197 198 198 199 197 196 195 194 192 190 188
-9999 -9999 -9999 -9999 -9999 -9999 -9999 -9999 -9999 -9999 -9999 -9999 -9999 -9999 -9999 -9999 -9999 -9999 -9999 -9999 206 204 200 197 194 193 193 193 195 196 196 196 198 200 202 202 202 200 199 198 195 192 187 182 179 176 174 173 171 170 170 171 170 170 172 171 170 169 166 164 164 163 161 158 156 156 155 154 155 160 164 168 172 176 181 188 191 193 195 194 195 194 196 196 196 195 195 194 193 191 191 190
-9999 -9999 -9999 -9999 -9999 -9999 -9999 -9999 -9999 -9999 -9999 202 204 204 205 203 204 193 187 191 190 188 188 189 192 195 197 198 200 199 198 198 199 201 200 202 202 201 199 199 190 186 184 178 177 174 173 170 170 168 170 170 169 172 172 171 170 170 169 168 169 168 163 160 161 158 159 158 158 161 165 168 173 179 180 184 189 191 190 190 191 191 192 192 192 192 193 191 192 191 188 188
-9999 -9999 -9999 -9999 -9999 -9999 -9999 -9999 -9999 196 -9999 -9999 201 202 202 201 184 184 183 188 189 189 190 191 193 198 200 202 204 203 201 201 201 199 201 201 200 199 199 197 194 186 182 181 178 173 169 169 168 169 168 170 169 172 171 171 171 170 170 170 170 168 165 163 162 161 160 162 163 162 164 167 171 176 179 182 183 187 188 188 186 187 188 188 189 189 190 189 190 188 189 192
-9999 -9999 -9999 -9999 -9999 -9999 -9999 -9999 194 195 -9999 -9999 199 199 192 184 177 180 184 187 190 190 191 193 196 200 202 204 206 205 204 202 199 198 199 200 198 196 198 198 194 191 186 182 181 180 170 167 166 166 165 166 168 170 169 170 172 172 172 170 169 168 167 165 164 162 163 167 168 167 169 170 173 176 177 179 180 184 184 182 181 182 182 184 184 185 185 185 186 186 187 190
-9999 -9999 -9999 -9999 -9999 -9999 -9999 -9999 193 194 195 -9999 197 195 179 175 176 180 184 188 191 191 192 194 198 203 207 208 209 209 207 205 202 200 198 197 197 196 195 194 191 191 188 182 180 176 169 166 165 164 162 162 164 166 166 167 169 170 171 171 170 170 168 167 164 166 166 169 169 169 171 173 174 175 175 177 176 177 179 180 181 180 181 182 184 185 185 186 186 186 187 188
-9999 -9999 -9999 -9999 -9999 -9999 -9999 194 194 194 195 195 -9999 171 172 174 176 179 183 188 190 192 193 195 198 202 208 209 208 209 207 206 204 203 200 195 192 190 190 190 189 191 189 185 181 175 169 165 164 161 160 161 161 162 164 165 166 168 170 171 172 171 169 170 165 162 165 167 168 169 171 171 172 172 174 175 176 177 178 178 176 176 178 180 182 184 185 185 185 185 185 186
-9999 -9999 -9999 -9999 -9999 -9999 -9999 195 195 194 194 195 170 171 172 174 176 179 183 186 189 190 191 194 196 201 208 207 207 210 207 205 202 200 199 195 192 188 186 185 185 184 184 180 180 174 169 167 161 161 160 159 160 162 163 164 166 167 169 171 171 169 168 169 167 164 163 164 166 167 168 171 172 174 174 175 177 177 178 176 174 175 177 179 180 182 184 184 184 184 183 184
-9999 -9999 -9999 -9999 -9999 -9999 -9999 195 196 193 186 180 172 172 174 177 178 180 183 186 187 189 190 192 194 197 201 205 208 208 209 206 204 201 199 196 191 188 186 188 188 186 183 180 177 172 166 162 160 160 157 156 159 160 162 164 165 166 168 169 166 162 163 164 166 167 168 166 170 172 176 179 176 175 176 176 177 178 176 175 174 173 176 178 180 180 181 182 182 181 181 183
-9999 -9999 -9999 -9999 -9999 -9999 186 191 193 185 177 174 174 175 179 182 179 182 184 186 187 189 191 192 193 194 200 205 212 216 216 213 208 202 202 210 210 200 191 192 191 190 185 180 185 175 170 166 157 152 152 155 158 160 164 164 165 167 167 166 164 162 163 164 167 167 168 167 168 171 174 176 175 176 176 175 175 177 176 175 174 173 174 177 178 178 177 177 178 179 178 180
-9999 -9999 -9999 -9999 -9999 178 181 185 178 171 173 176 176 176 180 186 183 184 186 187 188 191 193 196 193 191 193 201 209 217 220 213 212 215 218 208 199 205 198 208 202 201 193 181 174 169 163 162 156 150 149 153 158 162 169 169 169 169 170 169 167 166 166 166 167 168 172 172 169 170 171 172 171 174 175 175 175 176 176 176 176 176 176 176 176 176 175 176 176 178 180 180
