resultados/variables_proyeccion_tiempo/variables_futuro_ccsm_A1B/bio12.asc
ncols 330
nrows 228
xllcorner -12.000000
yllcorner 34.000000
cellsize 0.166667
NODATA_value -9999
[rows 120 to 159 of 228, columns 182 to 272 of 330]
506 503 504 509 515 522 528 531 532 535 527 523 530 530 523 511 507 500 505 511 516 523 524 523 523 524 524 528 527 520 514 511 523 536 544 553 558 565 570 574 577 578 577 579 580 582 586 590 595 599 605 608 611 612 616 617 618 620 620 620 619 624 625 627 631 632 630 627 626 627 625 619 615 613 606 602 603 604 602 600 599 596 597 601 605 606 610 611 608 604 603
504 506 508 517 523 532 540 552 549 546 539 534 532 533 525 518 510 507 503 512 520 522 525 521 520 520 520 521 516 512 504 503 514 526 537 546 555 562 566 569 572 573 574 575 576 579 585 589 596 602 605 609 612 615 620 622 623 624 623 623 624 625 624 626 627 628 625 622 622 621 619 615 613 610 611 610 608 602 600 598 594 596 597 598 602 605 609 613 608 604 607
516 518 516 526 531 538 548 553 548 547 545 541 535 531 534 527 522 519 515 510 511 514 519 518 517 519 518 515 512 507 499 497 509 521 534 543 552 559 563 565 569 568 568 569 571 574 580 588 596 601 608 611 616 619 622 624 626 624 624 625 629 629 628 627 627 625 624 622 620 618 617 616 614 612 616 613 609 604 598 596 596 597 597 596 597 598 600 601 603 606 612
521 525 527 527 536 546 554 556 552 552 556 551 554 554 542 539 536 532 530 526 522 518 525 525 524 524 520 514 512 504 498 500 509 522 536 547 555 561 564 565 566 564 564 566 568 572 580 587 594 603 610 615 620 624 626 630 633 631 632 639 636 635 634 632 631 629 628 626 623 621 616 614 613 609 611 610 606 598 595 593 592 591 590 593 595 598 599 601 602 608 610
535 536 536 540 543 549 560 562 565 564 564 569 576 592 577 558 550 542 535 531 521 523 535 537 537 529 526 518 514 513 507 509 517 529 542 550 560 565 565 565 563 559 562 563 564 567 576 584 594 605 612 622 628 628 634 636 636 636 634 636 636 635 631 629 625 624 623 622 622 620 619 615 613 610 613 608 600 596 595 594 592 591 591 592 596 599 603 605 604 607 610
555 558 556 555 559 563 568 580 580 582 587 591 598 608 611 590 573 558 549 539 529 534 539 545 542 543 541 530 523 526 526 521 527 536 548 556 564 566 567 564 559 557 555 555 559 563 572 581 594 606 615 625 633 636 639 640 641 638 636 632 632 630 625 625 625 626 628 626 624 622 619 616 614 613 612 603 600 595 593 593 589 590 590 592 596 601 605 609 611 614 616
583 579 578 579 573 578 578 586 589 594 600 605 614 614 622 619 600 580 558 545 539 541 547 554 556 551 552 548 539 537 540 548 545 551 556 565 572 575 572 566 561 557 553 553 557 561 568 579 593 609 620 629 640 646 648 646 641 640 638 633 630 626 623 625 624 625 624 626 626 622 620 622 617 614 612 606 599 593 591 589 586 585 586 592 598 604 609 612 615 617 620
596 596 596 601 592 603 609 602 604 613 613 613 612 617 614 620 618 605 582 556 543 533 544 551 559 562 558 548 546 548 551 555 554 559 567 577 577 578 579 574 566 556 553 553 555 558 564 577 595 613 630 640 650 650 651 649 647 642 636 632 626 622 619 618 616 618 618 617 620 621 623 622 618 617 610 607 597 589 587 584 581 581 583 589 599 602 611 615 618 620 617
603 607 610 617 619 624 648 645 635 633 634 627 617 621 622 613 604 591 575 549 538 538 541 547 550 556 555 560 569 570 573 570 571 580 579 581 586 586 582 576 569 560 552 555 559 556 566 579 603 614 636 651 658 660 658 652 648 643 636 632 624 618 616 616 616 615 614 618 619 620 624 620 625 616 613 605 593 584 579 574 572 572 578 584 592 601 604 613 617 615 611
619 624 633 634 637 642 661 680 687 664 658 650 641 622 625 615 598 584 568 557 556 556 556 554 557 560 563 560 569 586 591 589 588 593 596 592 593 592 586 580 570 564 565 563 558 572 576 587 601 618 644 657 667 668 662 655 645 642 633 627 619 613 609 607 606 606 611 615 616 618 621 620 626 615 612 601 588 578 570 564 560 563 571 581 589 599 612 616 616 610 604
629 641 643 656 654 656 676 708 721 682 655 648 640 635 619 615 609 600 588 584 580 577 577 575 569 567 575 577 575 588 610 606 606 608 609 604 602 599 591 583 574 570 567 563 562 578 588 595 607 625 649 668 683 678 669 657 647 641 632 619 610 603 600 601 603 605 608 610 612 613 617 620 621 610 603 596 585 573 561 555 550 556 566 576 588 598 611 617 617 604 593
651 664 676 679 671 667 674 679 664 649 642 638 637 633 636 638 644 630 615 613 602 597 593 589 584 581 580 585 590 602 618 642 637 633 630 624 614 607 598 590 584 579 581 576 584 592 591 607 624 639 654 676 690 684 669 658 648 642 629 621 612 605 601 601 604 606 605 605 606 610 614 617 612 610 603 592 577 567 558 550 549 554 564 574 583 594 609 622 614 600 590
654 676 693 701 710 710 703 698 671 684 680 659 676 668 665 673 682 668 654 657 640 632 627 632 620 611 602 596 602 615 628 648 666 675 655 640 626 614 607 611 612 608 603 593 596 593 598 610 624 643 660 672 679 677 668 658 644 639 630 624 613 607 605 603 604 605 606 605 608 608 610 610 609 607 603 594 581 571 563 554 552 556 564 573 580 588 598 608 604 599 580
695 716 766 841 863 829 866 782 792 804 784 765 749 706 714 711 702 681 659 654 659 658 659 647 640 642 628 614 623 631 644 658 672 686 685 661 648 640 639 632 625 618 606 605 605 607 614 622 635 647 658 665 668 667 663 654 646 637 629 622 618 611 609 608 605 605 606 608 605 604 606 604 602 599 593 585 574 568 563 553 552 555 564 570 577 583 586 588 592 582 569
796 909 860 934 930 988 984 995 905 848 898 876 773 707 740 756 763 762 729 702 690 676 663 667 692 697 659 645 649 651 659 666 674 679 691 675 667 652 650 637 630 622 612 605 606 618 619 626 637 646 654 662 665 664 660 652 642 632 623 613 611 612 611 611 606 603 603 607 605 603 606 606 604 596 590 584 576 568 555 548 548 551 556 563 570 574 572 575 575 569 564
900 888 869 936 977 1020 956 897 899 894 843 793 747 834 796 837 808 787 738 739 744 763 731 709 701 724 726 715 694 686 678 676 678 676 674 663 658 655 650 642 639 630 618 612 610 619 628 630 639 648 654 654 655 655 648 644 639 632 621 610 604 604 603 608 609 607 606 602 603 607 610 605 602 600 593 583 570 563 554 547 549 552 550 551 557 563 562 564 564 561 557
826 791 808 892 1022 960 921 1002 1174 1203 1211 1049 753 787 794 784 802 725 690 673 702 723 761 797 767 761 759 746 765 754 745 710 690 686 677 666 659 643 637 643 640 637 626 622 621 625 629 637 640 645 652 651 652 648 646 646 638 628 616 610 605 604 602 601 602 605 604 603 606 606 608 604 601 596 588 577 575 563 552 552 542 541 550 550 549 551 552 553 552 550 545
741 810 928 842 898 934 892 867 942 947 1036 739 654 760 751 748 701 685 676 657 663 685 705 756 790 801 820 788 776 820 779 744 728 702 700 679 661 654 637 634 640 641 633 632 627 626 627 631 643 639 645 645 639 641 642 636 631 621 613 603 598 599 602 601 598 596 598 602 604 603 601 603 596 591 581 569 560 557 549 544 540 536 544 549 552 548 545 548 545 538 532
822 846 809 838 1004 983 1032 1092 968 934 985 821 696 655 691 700 692 638 746 654 635 661 730 741 702 739 776 819 798 814 794 814 786 737 709 691 689 667 642 640 633 631 635 634 624 627 628 625 627 630 638 637 629 633 631 627 624 620 609 606 600 595 592 592 595 601 592 594 599 602 603 602 592 577 567 556 550 546 544 539 535 533 537 534 540 548 548 546 543 537 532
724 702 806 896 829 764 845 794 802 804 705 721 638 701 702 704 689 620 635 686 620 634 651 696 736 717 753 777 770 804 799 827 833 836 775 731 696 670 653 642 637 629 631 627 628 623 623 619 619 617 629 628 623 623 618 620 616 611 606 600 601 597 590 589 583 586 588 592 592 595 600 595 582 572 557 545 541 532 528 526 525 523 523 523 531 541 538 535 531 532 528
666 781 722 736 695 694 758 798 722 651 589 556 570 591 600 581 578 584 656 618 614 629 647 666 682 705 732 725 743 810 787 808 849 883 853 795 757 703 677 655 641 632 627 623 624 622 613 615 612 605 607 615 612 612 607 611 613 609 599 598 597 593 593 589 583 580 580 581 583 583 586 581 568 558 542 538 532 526 524 520 521 515 506 502 514 523 526 523 518 515 518
641 703 701 739 698 775 712 618 566 559 548 527 541 543 542 559 571 605 649 617 616 624 638 648 648 646 654 696 746 710 787 784 841 854 848 832 831 757 727 674 647 628 616 617 616 625 630 617 607 600 599 608 612 612 609 603 604 602 591 588 588 589 586 589 581 580 575 572 567 569 570 562 556 544 530 522 518 515 512 510 510 506 499 493 498 507 512 514 511 505 506
581 588 605 620 636 652 588 563 556 562 534 521 530 531 525 543 559 600 599 592 603 614 624 632 633 634 638 644 657 705 700 753 780 788 850 834 783 804 802 739 685 658 641 632 629 616 602 591 589 588 586 587 596 598 599 599 597 599 584 574 574 574 579 581 579 572 566 567 561 557 553 547 540 533 520 508 507 504 502 506 504 503 495 492 489 496 504 504 501 497 492
560 553 561 570 580 560 554 550 554 562 539 543 602 603 533 528 545 558 576 586 593 603 613 620 619 619 621 628 650 707 697 711 719 728 763 766 810 858 774 734 724 721 676 634 623 617 609 591 584 576 573 576 575 582 586 587 587 583 580 580 563 558 564 573 571 570 562 555 551 546 541 535 530 515 502 499 497 495 499 499 501 498 489 484 484 488 493 491 486 487 484
540 541 548 626 577 566 552 559 558 589 547 519 533 530 520 521 535 550 564 577 585 594 605 607 602 603 603 609 630 669 716 774 750 703 718 765 815 823 820 786 758 737 712 660 621 602 596 585 569 559 559 558 561 563 576 574 571 571 567 566 571 571 562 557 555 558 559 550 543 539 532 524 516 507 497 491 484 488 487 482 486 487 484 480 475 475 479 481 475 473 473
531 533 546 579 544 537 535 516 514 509 500 499 500 502 508 517 529 540 551 566 576 586 594 593 590 589 590 595 619 656 726 755 773 732 710 691 716 763 789 826 795 758 720 697 659 586 576 579 566 552 544 545 548 544 556 562 563 559 560 562 554 566 561 550 543 544 542 543 536 529 524 518 511 502 494 486 477 473 476 475 474 475 471 470 466 468 469 467 465 463 464
541 543 545 570 523 531 527 505 496 491 490 490 492 498 505 515 523 532 543 554 562 574 579 580 580 579 582 602 638 653 668 697 710 722 734 742 722 813 806 824 772 746 710 660 645 606 571 556 554 545 548 528 532 535 535 545 552 555 548 544 534 534 544 546 535 529 531 536 525 520 513 505 499 496 489 484 478 466 467 471 465 469 463 464 459 462 460 457 458 453 453
545 529 531 534 512 505 513 505 494 490 487 488 491 496 504 511 519 527 533 538 549 562 566 573 581 591 591 601 612 623 661 668 677 672 675 699 681 731 703 709 741 713 724 698 648 622 573 551 549 538 550 526 519 520 530 533 540 548 551 547 542 529 524 532 522 517 522 520 513 513 504 502 494 485 486 478 472 467 462 462 461 464 460 454 456 455 453 448 449 445 442
516 523 518 513 504 497 501 505 497 491 490 491 491 496 501 507 516 523 530 537 546 558 566 574 588 586 589 589 598 607 620 624 626 634 624 624 635 643 668 707 732 740 718 714 668 663 619 567 534 527 518 520 506 513 519 527 527 537 554 547 529 531 529 526 509 508 508 513 499 504 496 491 490 483 475 473 473 469 466 464 457 459 458 450 451 449 446 440 438 435 435
513 515 517 514 504 500 502 504 499 495 493 493 493 497 502 509 515 524 530 539 551 565 575 580 620 638 616 608 604 577 593 595 593 585 611 607 612 622 704 742 749 784 700 696 697 607 617 587 533 514 501 502 508 517 526 529 531 518 526 540 543 523 512 509 502 496 491 498 496 490 487 481 477 479 473 465 463 460 459 458 455 451 449 447 445 441 438 433 432 430 426
524 519 524 516 507 504 504 504 502 499 496 495 495 498 505 511 518 526 532 541 551 568 580 603 654 644 670 640 594 579 574 568 549 569 582 591 594 609 608 633 675 671 617 666 644 638 579 575 519 509 501 485 517 518 523 537 535 538 506 513 522 522 509 501 496 490 484 479 486 478 484 477 469 468 467 460 453 455 452 450 449 444 444 442 439 438 431 427 424 421 418
536 529 532 521 512 509 508 507 504 501 499 495 495 500 506 514 520 529 536 544 549 558 565 566 596 748 837 705 689 634 571 568 548 553 563 576 578 579 573 594 680 724 604 629 695 650 644 626 543 494 501 488 517 524 521 511 520 526 508 498 510 510 508 500 491 491 482 469 467 464 473 471 462 458 458 455 451 446 443 442 442 439 438 436 433 431 426 419 412 409 407
551 541 537 526 520 515 514 511 507 504 499 495 496 501 508 516 525 533 539 544 548 556 605 668 589 682 826 787 816 796 645 591 543 541 551 558 564 561 566 582 597 669 672 641 595 652 661 655 598 517 514 493 516 525 517 521 505 511 503 483 495 500 493 496 490 478 478 477 465 453 454 461 458 451 447 448 443 441 436 432 431 430 432 428 422 419 413 409 404 400 399
574 556 544 535 530 530 526 518 510 501 491 489 495 503 511 520 529 538 543 546 548 556 562 616 645 660 783 717 719 719 631 590 537 534 547 545 550 550 559 566 574 593 583 702 564 630 668 627 555 539 516 501 507 509 515 510 499 499 486 480 492 488 489 478 483 472 475 466 466 460 443 442 447 445 444 -9999 -9999 -9999 -9999 417 425 421 418 416 414 412 407 401 395 394 391
608 582 557 549 551 543 535 526 512 496 483 487 496 506 514 526 534 542 548 558 603 588 614 602 617 583 625 639 655 700 671 568 521 537 540 544 554 553 554 555 563 556 561 597 664 572 623 676 593 531 501 512 491 495 496 493 491 489 470 478 487 476 477 475 470 460 460 455 453 446 440 430 434 434 -9999 -9999 -9999 -9999 -9999 -9999 412 412 412 409 410 406 401 395 390 387 386
605 593 575 565 560 552 544 532 519 505 494 495 503 512 519 530 541 551 562 569 586 590 589 617 607 621 594 608 618 613 588 512 527 533 546 552 559 566 567 572 564 545 553 542 581 620 587 587 631 595 534 526 494 480 479 481 494 490 464 478 479 462 463 466 459 447 443 443 438 428 424 421 417 425 -9999 -9999 -9999 -9999 -9999 -9999 -9999 -9999 -9999 406 403 398 395 388 385 381 382
609 600 588 581 573 566 556 544 533 522 511 509 514 520 527 536 545 560 570 581 584 580 572 570 583 584 590 554 581 538 528 530 522 540 550 566 564 561 567 565 555 549 601 554 596 576 546 601 690 621 533 521 487 471 468 476 489 473 459 466 465 452 460 452 442 433 425 419 416 407 403 404 -9999 -9999 -9999 -9999 -9999 -9999 -9999 -9999 -9999 -9999 -9999 -9999 -9999 -9999 -9999 -9999 -9999 -9999 -9999
626 621 614 603 590 578 570 559 549 539 529 526 526 529 535 542 550 558 564 569 567 570 584 626 710 733 647 562 560 616 680 667 692 625 568 553 554 564 568 561 569 573 574 540 552 580 590 678 740 668 559 522 478 460 458 461 466 466 448 460 455 448 449 436 427 412 402 396 387 383 387 -9999 -9999 -9999 -9999 -9999 -9999 -9999 -9999 -9999 -9999 -9999 -9999 -9999 -9999 -9999 -9999 -9999 388 389 395
653 645 639 629 612 596 582 572 564 555 547 542 539 540 545 552 557 564 571 581 590 586 578 667 688 696 638 580 619 720 824 799 848 821 749 633 743 824 873 812 781 715 623 693 679 719 685 682 694 661 578 515 480 457 454 451 453 456 438 448 444 438 438 425 410 392 376 367 362 -9999 -9999 -9999 -9999 -9999 -9999 -9999 -9999 -9999 -9999 -9999 -9999 -9999 -9999 -9999 -9999 -9999 396 396 396 399 407
680 672 663 650 630 612 596 584 580 573 564 556 552 553 557 562 566 573 580 588 610 614 619 586 726 828 841 872 743 689 701 859 840 717 688 623 673 725 746 795 739 753 830 790 777 750 706 632 613 562 531 512 472 458 454 447 442 438 432 427 431 426 428 417 395 372 353 337 328 -9999 -9999 -9999 -9999 -9999 -9999 -9999 -9999 -9999 -9999 -9999 -9999 -9999 -9999 -9999 -9999 413 413 407 399 401 412
