resultados/variables_proyeccion_tiempo/variables_futuro_ccsm_A1B/bio12.asc
ncols 330
nrows 228
xllcorner -12.000000
yllcorner 34.000000
cellsize 0.166667
NODATA_value -9999
[rows 160 to 199 of 228, columns 182 to 272 of 330]
703 695 684 669 653 635 615 600 597 590 577 572 567 567 569 570 573 576 583 601 630 664 780 684 747 949 851 824 741 744 676 720 716 745 712 614 595 598 605 599 626 698 717 687 652 618 587 566 552 522 499 487 466 459 454 446 439 432 427 439 432 419 412 400 381 358 334 314 309 -9999 -9999 -9999 -9999 -9999 -9999 -9999 -9999 -9999 -9999 -9999 -9999 -9999 -9999 -9999 -9999 -9999 -9999 -9999 398 401 405
725 715 702 687 669 649 631 624 625 618 600 591 581 580 585 588 582 581 594 588 661 735 826 678 746 794 661 623 570 548 545 546 557 568 547 542 538 569 572 559 583 585 574 573 563 549 540 540 540 515 485 475 466 458 452 446 437 430 423 429 439 424 410 394 370 348 325 304 -9999 -9999 -9999 -9999 -9999 -9999 -9999 -9999 -9999 -9999 -9999 -9999 -9999 -9999 -9999 -9999 -9999 -9999 -9999 -9999 -9999 -9999 -9999
758 741 726 708 689 668 644 624 616 612 606 600 593 590 589 595 599 588 585 600 645 672 655 705 663 672 610 564 550 537 549 543 544 548 544 522 557 570 560 549 564 561 548 538 540 532 524 517 509 499 490 481 469 460 453 445 436 428 421 430 447 416 397 379 361 344 327 315 -9999 -9999 -9999 -9999 -9999 -9999 -9999 -9999 -9999 -9999 -9999 -9999 -9999 -9999 -9999 -9999 -9999 -9999 -9999 -9999 -9999 -9999 -9999
794 791 769 744 719 694 671 652 639 630 622 614 616 617 596 589 586 586 601 593 648 636 694 690 596 606 585 564 555 550 541 541 553 544 541 528 546 551 552 547 543 542 543 539 537 535 530 523 513 502 494 484 473 462 454 445 435 427 423 429 441 413 387 374 362 344 -9999 -9999 -9999 -9999 -9999 -9999 -9999 -9999 -9999 -9999 -9999 -9999 -9999 -9999 -9999 -9999 -9999 -9999 -9999 -9999 -9999 -9999 -9999 -9999 -9999
819 817 813 796 764 723 718 694 673 657 641 635 640 634 624 607 592 591 601 596 621 617 645 609 607 547 553 576 566 552 534 536 538 537 535 522 535 538 537 541 541 539 538 538 540 541 540 533 522 511 498 486 474 464 454 447 441 428 427 429 415 405 382 373 -9999 -9999 -9999 -9999 -9999 -9999 -9999 -9999 -9999 -9999 -9999 -9999 -9999 -9999 -9999 -9999 -9999 -9999 -9999 -9999 -9999 -9999 -9999 -9999 -9999 -9999 442
843 837 828 814 783 782 745 724 712 685 664 651 648 641 627 613 599 600 600 628 623 637 605 604 565 538 540 554 564 559 546 528 523 531 525 518 523 530 527 532 532 534 535 536 539 542 544 537 525 514 502 491 479 468 459 450 445 429 420 419 414 393 381 -9999 -9999 -9999 -9999 -9999 -9999 -9999 -9999 -9999 -9999 -9999 -9999 -9999 -9999 -9999 -9999 -9999 -9999 -9999 -9999 -9999 -9999 -9999 -9999 -9999 -9999 -9999 -9999
871 874 859 839 818 800 790 784 753 721 698 681 682 670 640 628 607 601 610 635 634 651 618 619 568 530 533 533 543 547 539 533 523 523 523 516 512 523 522 522 525 526 530 532 535 539 540 535 524 514 504 490 478 466 456 449 442 435 430 420 406 392 -9999 -9999 -9999 -9999 -9999 -9999 -9999 -9999 -9999 -9999 -9999 -9999 -9999 -9999 -9999 -9999 -9999 -9999 -9999 -9999 -9999 -9999 -9999 -9999 -9999 -9999 -9999 -9999 -9999
908 877 892 903 878 845 820 812 808 778 764 739 707 714 674 639 631 607 606 644 711 662 609 586 557 549 533 522 524 525 526 524 528 520 524 520 512 512 521 522 521 520 525 530 533 539 539 533 521 514 510 503 488 479 467 464 466 456 447 436 420 403 -9999 -9999 -9999 -9999 -9999 -9999 -9999 -9999 -9999 -9999 -9999 -9999 -9999 -9999 -9999 -9999 -9999 -9999 -9999 -9999 -9999 -9999 -9999 -9999 -9999 -9999 -9999 -9999 -9999
916 944 925 916 907 887 870 834 818 790 773 744 713 704 676 682 652 616 591 625 677 604 566 552 565 557 539 520 519 520 522 522 526 522 524 521 515 510 518 521 520 520 520 528 530 528 531 535 534 533 528 521 511 504 492 485 481 473 460 446 434 420 -9999 -9999 -9999 -9999 -9999 -9999 -9999 -9999 -9999 -9999 -9999 -9999 -9999 -9999 -9999 -9999 -9999 -9999 -9999 -9999 -9999 -9999 -9999 -9999 -9999 -9999 -9999 -9999 -9999
956 977 948 940 932 914 891 868 844 823 796 773 747 695 678 690 656 625 589 603 613 616 606 558 586 556 548 532 526 542 540 544 531 530 517 515 510 506 507 514 512 516 519 519 520 538 552 556 558 560 550 540 535 520 508 500 496 489 479 464 448 437 -9999 -9999 -9999 -9999 -9999 -9999 -9999 -9999 -9999 -9999 -9999 -9999 -9999 -9999 -9999 -9999 -9999 -9999 -9999 -9999 -9999 -9999 -9999 -9999 -9999 -9999 -9999 -9999 -9999
1023 1001 993 979 966 947 926 902 888 873 847 817 821 759 741 688 633 602 589 570 576 611 594 545 595 584 556 547 543 549 551 551 545 545 540 526 524 516 520 522 519 523 524 525 546 552 557 570 568 571 575 565 553 538 522 511 511 504 494 476 464 455 -9999 -9999 -9999 -9999 -9999 -9999 -9999 -9999 -9999 -9999 -9999 -9999 -9999 -9999 -9999 -9999 -9999 -9999 -9999 -9999 -9999 -9999 -9999 -9999 -9999 -9999 -9999 -9999 -9999
1056 1050 1038 1022 1007 987 965 944 925 903 884 873 838 759 773 739 644 622 650 594 547 560 560 569 560 631 638 579 551 553 564 576 567 550 536 525 519 520 534 516 512 520 521 524 544 561 578 566 574 575 583 571 548 548 533 526 528 511 496 485 476 471 -9999 -9999 -9999 -9999 -9999 -9999 -9999 -9999 -9999 -9999 -9999 -9999 -9999 -9999 -9999 -9999 -9999 -9999 -9999 -9999 -9999 -9999 -9999 -9999 -9999 -9999 -9999 -9999 -9999
1079 1070 1076 1055 1049 1026 1002 981 965 939 909 884 845 766 772 751 682 617 583 567 533 530 537 537 530 548 617 610 585 572 594 604 590 568 535 533 527 539 529 529 533 518 522 520 537 543 570 580 592 564 554 550 535 533 522 516 511 510 490 -9999 -9999 -9999 -9999 -9999 -9999 -9999 -9999 -9999 -9999 -9999 -9999 -9999 -9999 -9999 -9999 -9999 -9999 -9999 -9999 -9999 -9999 -9999 -9999 -9999 -9999 -9999 -9999 -9999 -9999 -9999 -9999
1115 1107 1095 1095 1077 1057 1040 1026 1008 969 937 898 843 805 745 752 722 623 608 578 522 503 516 543 514 508 529 556 608 621 607 609 576 561 558 536 538 556 537 557 539 550 542 532 525 531 581 603 608 583 578 566 548 532 516 505 511 504 -9999 -9999 -9999 -9999 -9999 -9999 -9999 -9999 -9999 -9999 -9999 -9999 -9999 -9999 -9999 -9999 -9999 -9999 -9999 -9999 -9999 -9999 -9999 -9999 -9999 -9999 -9999 -9999 -9999 -9999 -9999 -9999 -9999
1187 1132 1126 1137 1105 1091 1076 1065 1039 1009 964 917 886 839 757 718 687 625 610 555 512 490 482 517 515 521 512 514 533 555 576 590 557 569 563 574 590 567 546 551 533 548 559 561 573 578 601 618 635 624 610 600 585 572 560 549 518 512 -9999 -9999 -9999 -9999 -9999 -9999 -9999 -9999 -9999 -9999 -9999 -9999 -9999 -9999 -9999 -9999 -9999 -9999 -9999 -9999 -9999 -9999 -9999 -9999 -9999 -9999 -9999 -9999 -9999 -9999 -9999 -9999 -9999
1214 1194 1182 1225 1160 1109 1182 1081 1063 1029 998 964 882 805 756 703 645 625 593 558 531 523 475 525 528 497 501 501 506 503 513 539 557 582 601 617 634 598 640 669 660 606 626 617 621 622 632 642 620 606 591 587 588 566 561 539 548 531 -9999 -9999 -9999 -9999 -9999 -9999 -9999 -9999 -9999 -9999 -9999 -9999 -9999 -9999 -9999 -9999 -9999 -9999 -9999 -9999 -9999 -9999 -9999 -9999 -9999 -9999 -9999 -9999 -9999 -9999 -9999 -9999 -9999
1202 1176 1231 1228 1324 1241 1217 1093 1073 1054 1031 966 880 807 754 703 637 612 588 527 525 483 471 543 516 478 474 473 493 571 510 514 526 538 551 577 596 565 518 545 563 546 542 558 559 548 543 542 546 553 564 580 574 540 528 520 -9999 -9999 -9999 -9999 -9999 -9999 -9999 -9999 -9999 -9999 -9999 -9999 -9999 -9999 -9999 -9999 -9999 -9999 -9999 -9999 -9999 -9999 -9999 -9999 -9999 -9999 -9999 -9999 -9999 -9999 -9999 -9999 -9999 -9999 -9999
1241 1267 1280 1253 1387 1489 1328 1157 1123 1081 1049 978 890 808 748 722 643 594 541 518 472 462 483 524 477 452 458 459 461 505 515 509 501 512 503 511 502 495 494 514 532 547 544 536 517 518 533 542 547 555 572 567 547 530 521 536 526 -9999 -9999 -9999 -9999 -9999 -9999 -9999 -9999 -9999 -9999 -9999 -9999 -9999 -9999 -9999 -9999 -9999 -9999 -9999 -9999 -9999 -9999 -9999 -9999 -9999 -9999 -9999 -9999 -9999 -9999 -9999 -9999 -9999 -9999
-9999 -9999 1323 1301 1400 1520 1575 1267 1209 1162 1084 990 906 818 745 787 746 595 602 527 457 455 470 459 466 487 428 431 437 563 581 595 567 502 474 467 472 474 478 482 488 503 512 508 513 517 531 547 549 546 564 568 565 558 558 544 532 524 -9999 -9999 -9999 -9999 -9999 -9999 -9999 -9999 -9999 -9999 -9999 -9999 -9999 -9999 -9999 -9999 -9999 -9999 -9999 -9999 -9999 -9999 -9999 -9999 -9999 -9999 -9999 -9999 -9999 -9999 -9999 -9999 -9999
-9999 -9999 -9999 -9999 1351 1387 1581 1557 1267 1171 1068 993 906 877 893 852 651 571 523 492 435 429 428 464 522 479 443 436 415 533 649 632 588 557 520 500 472 485 480 470 480 484 493 498 508 518 550 571 549 552 572 582 597 602 574 560 552 549 536 -9999 -9999 -9999 -9999 -9999 -9999 -9999 -9999 -9999 -9999 -9999 -9999 -9999 -9999 -9999 -9999 -9999 -9999 -9999 -9999 -9999 -9999 -9999 -9999 -9999 -9999 -9999 -9999 -9999 -9999 -9999 780
-9999 -9999 -9999 -9999 -9999 1398 1486 1450 1311 1159 1078 1005 952 949 945 710 664 591 514 447 438 422 414 404 402 408 433 432 408 478 514 483 560 564 595 601 543 618 577 555 516 519 502 500 515 516 532 570 569 556 580 584 586 618 618 594 575 544 540 -9999 -9999 -9999 -9999 -9999 -9999 -9999 -9999 -9999 -9999 -9999 -9999 -9999 -9999 -9999 -9999 -9999 -9999 -9999 -9999 -9999 -9999 -9999 -9999 -9999 -9999 -9999 755 721 712 714 702
-9999 -9999 -9999 -9999 -9999 -9999 -9999 1294 1232 1169 1063 1009 936 961 900 726 723 635 716 506 430 412 400 405 454 481 442 468 453 456 645 539 526 575 587 587 559 608 614 613 560 533 522 515 519 536 529 528 538 535 551 554 553 556 571 617 614 561 548 -9999 -9999 -9999 -9999 -9999 -9999 -9999 -9999 -9999 -9999 -9999 -9999 -9999 -9999 -9999 -9999 -9999 -9999 -9999 -9999 -9999 -9999 -9999 -9999 892 833 768 742 693 676 659 632
-9999 -9999 -9999 -9999 -9999 -9999 1159 1173 1151 1100 1049 1013 908 911 909 758 722 599 612 491 447 409 395 404 398 395 433 465 436 396 491 538 468 490 527 579 600 621 579 574 549 528 511 518 535 553 550 535 536 541 557 554 550 546 547 556 564 562 566 557 -9999 -9999 -9999 -9999 -9999 -9999 -9999 -9999 -9999 -9999 -9999 -9999 -9999 -9999 -9999 -9999 -9999 -9999 -9999 -9999 -9999 997 928 889 805 706 695 675 645 629 605
-9999 -9999 -9999 -9999 -9999 -9999 1026 1077 1105 1068 1031 1011 937 899 877 750 698 625 520 515 482 425 403 390 392 390 396 425 420 403 407 504 476 483 481 526 505 556 593 566 537 521 522 527 549 560 548 545 552 561 574 563 557 550 542 535 531 545 582 597 597 618 -9999 -9999 -9999 -9999 -9999 -9999 -9999 -9999 -9999 -9999 -9999 -9999 -9999 -9999 -9999 -9999 -9999 961 891 795 846 763 678 719 666 651 622 618 567
-9999 -9999 -9999 -9999 -9999 -9999 -9999 1006 1055 1035 1001 947 954 885 785 772 702 592 517 523 487 464 461 468 381 373 390 401 420 407 415 493 512 477 519 491 492 502 535 526 511 544 542 543 574 597 560 554 559 574 587 588 572 559 547 530 525 536 563 595 610 631 677 747 809 772 761 750 -9999 -9999 -9999 825 828 -9999 -9999 -9999 -9999 -9999 922 867 690 663 669 637 664 698 577 584 565 538 514
-9999 -9999 -9999 -9999 -9999 -9999 935 951 986 982 957 960 905 840 748 769 693 617 515 515 503 547 476 462 400 371 378 397 427 397 389 415 457 445 426 449 511 516 486 466 470 473 472 480 523 596 575 550 557 581 604 609 588 583 571 542 521 528 545 572 613 624 657 707 762 762 752 758 756 764 771 791 808 822 832 851 846 842 791 666 588 565 596 618 805 597 592 586 559 578 577
-9999 -9999 -9999 -9999 -9999 -9999 895 919 933 937 944 927 923 840 774 742 679 736 522 502 630 482 396 437 402 371 377 387 420 436 412 403 405 435 492 451 469 456 458 464 464 468 485 504 527 517 539 544 564 588 608 612 610 614 586 -9999 -9999 530 -9999 -9999 -9999 612 614 620 683 711 709 726 723 721 723 736 754 763 733 754 744 708 628 605 622 550 587 724 749 615 663 648 589 547 537
-9999 -9999 -9999 -9999 -9999 -9999 886 906 922 931 967 939 922 843 748 739 670 693 580 507 476 463 402 383 375 373 375 386 387 410 424 443 438 430 439 443 -9999 498 517 -9999 -9999 -9999 -9999 -9999 -9999 -9999 534 562 572 595 619 636 636 666 629 -9999 -9999 -9999 -9999 -9999 -9999 -9999 -9999 -9999 -9999 -9999 648 650 660 644 652 669 690 694 681 655 674 624 575 554 537 623 627 663 692 706 652 601 575 543 508
-9999 -9999 -9999 -9999 -9999 -9999 884 920 962 1006 1010 975 933 867 769 730 694 621 632 511 477 601 462 384 371 365 367 374 399 410 406 425 438 -9999 -9999 -9999 -9999 480 493 -9999 -9999 -9999 -9999 507 -9999 -9999 553 564 582 594 602 616 645 631 -9999 607 581 579 -9999 -9999 -9999 -9999 600 712 715 663 632 611 650 664 653 602 602 618 594 598 572 585 573 601 674 681 642 649 643 602 618 622 536 524 481
-9999 -9999 -9999 -9999 -9999 -9999 932 983 1028 1078 1068 1030 947 873 867 789 694 628 596 593 494 504 523 426 383 365 -9999 364 378 410 441 449 431 412 416 413 -9999 -9999 -9999 -9999 -9999 -9999 507 613 532 -9999 -9999 582 604 602 605 619 624 617 590 580 660 629 640 662 622 621 620 607 588 633 581 538 525 529 505 519 520 524 537 541 520 514 525 491 508 572 622 550 502 526 528 556 522 429 430
621 -9999 -9999 -9999 -9999 -9999 977 1041 1081 1061 1127 1089 1026 907 871 815 754 665 598 583 511 452 501 501 376 358 -9999 -9999 367 377 392 405 405 -9999 439 456 455 -9999 -9999 -9999 -9999 -9999 -9999 -9999 581 601 -9999 579 589 617 646 666 616 608 609 594 608 618 625 628 623 597 582 563 561 588 541 455 456 467 440 469 471 465 456 462 479 465 441 432 432 462 421 441 434 457 425 447 429 426 389
634 -9999 -9999 -9999 -9999 -9999 -9999 -9999 1146 1141 1220 1173 1018 998 915 861 806 712 634 578 540 515 515 560 617 374 -9999 -9999 -9999 -9999 384 -9999 416 433 395 576 478 -9999 -9999 -9999 -9999 -9999 -9999 -9999 582 594 -9999 572 604 636 677 646 637 655 694 630 617 609 610 614 611 607 633 680 876 992 573 444 530 505 395 409 407 433 424 407 417 422 386 376 367 363 361 363 405 360 404 382 403 453 372
630 -9999 -9999 -9999 -9999 -9999 985 -9999 -9999 1260 1243 1178 1110 1042 935 872 837 769 682 613 583 554 476 472 482 430 387 -9999 -9999 -9999 391 396 385 414 -9999 -9999 -9999 -9999 -9999 -9999 465 468 473 -9999 -9999 -9999 514 546 615 636 649 656 680 671 647 651 623 644 622 647 666 606 665 630 715 792 854 661 640 516 459 452 440 434 431 408 426 438 429 394 370 361 345 349 346 342 338 358 400 378 346
626 -9999 -9999 -9999 -9999 -9999 -9999 -9999 1109 1162 1163 1128 1094 1053 978 902 854 819 736 646 612 603 496 448 396 437 482 389 -9999 -9999 -9999 -9999 -9999 -9999 -9999 -9999 -9999 -9999 -9999 -9999 446 478 464 -9999 -9999 -9999 506 562 571 636 690 773 715 670 673 640 622 604 584 596 681 681 630 699 668 661 603 573 677 595 486 426 367 347 361 355 353 356 357 353 348 328 338 340 325 357 338 381 372 371 353
-9999 -9999 -9999 -9999 -9999 -9999 -9999 -9999 1068 1064 1138 1084 1059 1033 984 928 877 861 817 695 612 569 520 461 411 403 434 463 415 -9999 -9999 -9999 -9999 -9999 -9999 -9999 -9999 -9999 -9999 433 464 -9999 -9999 -9999 -9999 -9999 524 582 606 639 698 645 635 678 648 635 595 544 544 581 618 629 573 578 575 643 612 602 584 562 480 427 394 389 354 354 354 368 374 361 335 326 323 327 327 353 327 332 344 361 349
-9999 -9999 -9999 -9999 -9999 -9999 -9999 -9999 -9999 1026 1016 1052 1054 1008 974 931 888 862 829 748 658 591 539 497 472 478 444 449 523 424 -9999 -9999 -9999 -9999 424 399 -9999 -9999 -9999 -9999 -9999 -9999 -9999 -9999 -9999 -9999 584 584 547 577 590 622 694 728 665 634 642 582 554 595 656 774 711 698 754 624 669 598 624 564 460 504 488 395 368 349 346 348 354 365 348 327 324 324 341 356 339 340 337 336 353
-9999 -9999 -9999 -9999 -9999 -9999 -9999 -9999 -9999 -9999 1024 1010 1008 967 952 901 871 861 828 839 759 656 591 543 550 512 468 452 423 437 436 -9999 -9999 417 398 -9999 -9999 -9999 -9999 -9999 -9999 -9999 -9999 -9999 -9999 536 570 581 584 585 596 664 701 657 626 597 649 625 584 575 686 682 811 730 766 642 696 578 554 511 483 451 445 393 405 363 352 349 347 345 352 335 327 327 339 353 351 354 345 355 358
-9999 -9999 -9999 -9999 -9999 -9999 -9999 -9999 -9999 -9999 -9999 -9999 -9999 962 905 862 859 880 838 827 790 766 686 638 611 641 576 487 464 437 406 436 434 422 -9999 -9999 -9999 -9999 -9999 -9999 -9999 -9999 -9999 -9999 -9999 523 577 585 616 601 -9999 616 637 618 627 683 579 572 668 712 700 706 734 743 712 693 609 595 576 514 443 421 403 422 451 393 365 359 357 353 344 338 334 334 340 356 367 374 363 363 367
-9999 -9999 -9999 -9999 -9999 -9999 -9999 -9999 -9999 -9999 -9999 -9999 -9999 -9999 902 895 874 868 845 815 824 782 700 660 615 598 575 518 488 505 468 -9999 -9999 -9999 -9999 -9999 429 419 -9999 -9999 -9999 -9999 -9999 -9999 -9999 -9999 -9999 -9999 591 607 635 618 616 672 694 613 550 578 628 621 639 613 645 687 658 571 553 579 630 514 460 434 391 382 404 396 404 427 388 374 360 344 335 337 351 374 399 417 408 392 378
-9999 -9999 -9999 -9999 -9999 -9999 -9999 -9999 -9999 -9999 -9999 -9999 -9999 990 924 927 913 867 846 863 841 827 811 791 671 632 595 558 504 494 462 468 475 -9999 -9999 -9999 -9999 452 -9999 -9999 -9999 -9999 -9999 -9999 -9999 -9999 -9999 -9999 -9999 -9999 612 589 647 652 628 589 552 543 561 588 535 563 565 577 566 520 551 531 472 505 509 432 421 366 367 391 384 419 410 394 373 347 332 330 348 379 422 484 465 419 385
