resultados/variables_proyeccion_tiempo/variables_futuro_ccsm_A1B/bio13.asc
ncols 330
nrows 228
xllcorner -12.000000
yllcorner 34.000000
cellsize 0.166667
NODATA_value -9999
[rows 144 to 191 of 228, columns 192 to 287 of 330]
72 69 73 74 73 74 76 77 79 79 79 80 80 80 80 80 81 82 85 90 97 110 107 99 104 114 124 127 128 124 122 120 118 112 108 106 104 101 98 96 96 96 96 96 96 95 93 91 89 87 85 83 81 80 80 81 81 80 78 78 76 75 71 67 64 63 62 63 62 62 63 63 62 62 61 60 61 60 59 58 57 57 56 55 54 54 54 55 54 55 54 53 54 55 57 58
64 65 68 69 70 72 74 75 76 78 78 79 80 80 80 80 80 81 84 88 99 106 113 106 103 102 108 118 124 130 127 124 120 118 114 105 102 101 98 96 94 94 94 92 93 92 91 89 87 86 83 82 80 78 77 77 77 77 76 75 74 73 70 67 64 62 60 59 60 60 60 60 60 59 59 60 60 59 58 57 57 56 55 54 53 53 52 52 52 54 52 52 53 54 55 57
62 64 66 68 69 71 72 73 74 75 76 78 79 79 79 79 80 82 88 89 90 94 99 105 108 110 109 125 126 130 124 122 118 113 111 106 101 98 97 94 94 91 91 91 90 90 89 88 85 82 79 76 77 77 75 74 75 75 74 73 72 70 68 66 63 61 60 58 58 59 58 59 58 58 58 58 58 58 57 56 55 55 55 54 52 52 51 49 50 51 50 51 53 54 55 56
62 64 65 66 68 69 71 72 72 73 75 77 78 79 80 82 81 83 84 86 91 93 95 95 97 103 101 112 110 113 120 117 120 117 111 108 100 96 95 93 94 90 88 88 88 88 87 86 85 82 79 75 73 74 72 72 72 72 71 71 69 68 66 64 62 60 59 58 57 57 57 58 58 57 58 58 57 56 56 55 54 54 53 52 52 51 50 48 48 49 50 51 52 53 55 56
63 64 64 66 67 69 70 71 72 74 75 77 79 80 82 81 82 82 84 85 88 88 89 90 88 89 92 96 104 113 118 121 119 119 113 112 106 98 92 90 88 88 85 86 86 86 84 84 84 81 77 75 73 72 70 70 70 70 68 68 67 66 65 63 60 59 58 58 57 57 57 57 58 57 57 57 57 56 55 54 54 54 52 51 51 50 48 47 48 49 49 50 50 51 53 55
63 64 64 66 67 68 70 71 73 74 77 80 81 82 88 91 88 87 87 83 86 86 86 84 88 87 88 92 110 118 121 126 116 116 116 103 104 99 91 87 84 83 84 85 86 86 84 81 80 80 78 73 69 68 67 66 66 67 67 66 65 64 62 61 60 58 57 56 56 56 56 56 56 56 56 56 55 55 54 53 53 52 51 50 50 48 47 46 47 47 47 48 49 49 51 53
63 64 64 66 67 68 70 72 73 75 77 81 83 87 94 93 97 93 87 85 85 84 80 83 85 86 87 91 94 101 110 111 104 111 108 107 98 96 87 85 83 79 83 83 84 85 83 82 76 75 75 73 69 66 65 64 63 63 64 63 64 62 60 58 58 56 54 55 54 54 54 54 54 55 56 56 54 54 53 52 51 51 50 49 48 47 45 44 45 45 46 46 47 48 50 52
63 64 64 66 67 69 70 72 74 75 77 79 81 81 86 110 123 105 103 95 86 86 82 82 83 85 86 88 89 95 110 118 101 106 114 108 107 103 90 80 81 77 81 82 81 79 79 79 75 72 72 71 69 66 64 64 63 61 60 61 61 59 57 55 55 54 53 53 52 52 53 53 53 53 53 53 53 52 51 50 50 49 48 47 46 45 44 43 43 43 44 44 45 47 48 49
64 64 65 66 68 69 70 72 74 75 76 79 88 98 86 100 123 118 123 120 99 90 82 81 82 84 86 86 89 93 98 110 110 107 100 108 108 107 98 83 81 76 79 81 79 79 76 76 74 69 70 69 67 66 64 62 62 61 60 58 57 57 55 52 52 52 51 52 51 50 50 51 52 51 51 51 50 50 49 49 48 47 46 46 46 44 43 41 42 42 42 42 44 45 47 48
64 64 65 66 68 69 71 72 74 75 76 78 80 90 95 98 118 108 109 110 97 91 82 81 83 83 84 85 88 91 93 98 97 114 95 104 108 102 90 86 81 77 77 78 78 77 74 74 71 69 70 68 66 64 63 61 61 60 59 58 54 53 52 50 50 -9999 -9999 -9999 -9999 46 49 49 49 49 48 48 48 48 47 47 46 46 45 45 44 43 42 40 40 39 40 41 42 44 -9999 -9999
64 65 66 67 68 70 71 73 75 77 85 83 89 88 91 86 93 97 100 108 104 88 80 83 83 84 86 87 88 89 92 92 93 99 108 94 101 108 95 84 78 78 75 75 75 73 72 71 68 68 68 66 65 63 62 60 59 58 57 55 53 51 49 48 -9999 -9999 -9999 -9999 -9999 -9999 46 47 47 47 47 46 46 46 45 45 45 44 43 43 43 43 42 40 38 38 38 -9999 -9999 -9999 -9999 -9999
65 66 67 67 68 70 72 74 76 78 82 84 84 90 89 92 88 92 94 94 91 79 81 82 84 86 87 90 90 92 92 89 91 90 96 100 95 94 100 94 83 81 75 72 72 71 73 71 67 68 67 64 62 62 60 58 57 56 54 51 50 48 47 47 -9999 -9999 -9999 -9999 -9999 -9999 -9999 -9999 -9999 46 45 45 44 44 44 44 43 42 42 43 44 44 44 41 39 -9999 38 -9999 -9999 -9999 -9999 -9999
66 67 68 68 70 71 72 74 76 80 81 82 81 82 85 86 88 83 88 82 81 82 81 84 86 89 89 89 91 91 90 90 98 91 97 93 88 96 108 97 83 80 74 71 69 70 71 68 66 66 65 62 62 60 57 56 54 52 50 48 46 45 -9999 -9999 -9999 -9999 -9999 -9999 -9999 -9999 -9999 -9999 -9999 -9999 -9999 -9999 -9999 -9999 -9999 -9999 -9999 41 42 44 46 47 47 44 41 40 -9999 -9999 -9999 -9999 -9999 -9999
67 67 68 69 71 71 72 72 74 77 78 79 83 92 107 111 97 84 84 94 105 103 107 97 88 86 87 90 91 91 93 94 94 88 90 94 94 106 113 103 87 80 72 68 68 67 67 67 63 64 63 61 60 57 54 52 50 48 45 43 42 -9999 -9999 -9999 -9999 -9999 -9999 -9999 -9999 -9999 -9999 -9999 -9999 -9999 -9999 -9999 -9999 -9999 39 40 40 41 43 46 48 50 50 46 43 40 41 -9999 -9999 -9999 -9999 -9999
68 68 69 70 71 72 72 73 76 79 82 82 82 98 103 105 96 86 94 110 125 122 127 123 113 97 113 125 132 126 123 115 102 112 109 114 108 106 107 101 88 78 72 67 66 65 65 64 61 62 60 58 57 54 51 48 45 43 41 -9999 -9999 -9999 -9999 -9999 -9999 -9999 -9999 -9999 -9999 -9999 -9999 -9999 -9999 -9999 -9999 -9999 41 40 40 41 42 45 49 53 55 54 50 47 44 42 42 43 -9999 -9999 -9999 -9999
69 70 70 71 72 73 74 75 77 79 84 86 88 84 109 126 128 130 112 104 106 128 126 108 104 95 103 112 117 123 118 120 129 126 123 118 110 98 94 86 81 77 70 67 66 64 63 62 60 58 57 55 54 52 47 44 41 38 35 -9999 -9999 -9999 -9999 -9999 -9999 -9999 -9999 -9999 -9999 -9999 -9999 -9999 -9999 -9999 -9999 43 43 42 42 42 44 47 52 58 66 65 56 50 48 46 45 44 44 -9999 45 46
70 71 71 72 74 74 75 75 77 81 87 95 116 100 112 143 128 124 112 112 102 108 108 111 106 93 91 93 96 96 101 111 114 110 104 98 92 87 84 80 75 73 69 67 65 63 62 60 58 59 56 53 51 48 45 40 36 33 32 -9999 -9999 -9999 -9999 -9999 -9999 -9999 -9999 -9999 -9999 -9999 -9999 -9999 -9999 -9999 -9999 -9999 -9999 -9999 42 43 44 46 51 57 63 64 61 57 53 50 48 46 46 46 47 48
73 72 72 74 75 76 75 76 78 78 93 107 124 99 111 119 98 91 82 79 79 80 82 84 80 80 81 87 89 88 93 93 91 91 89 86 83 82 81 77 72 70 69 66 64 62 60 58 56 56 56 53 50 46 42 37 34 30 -9999 -9999 -9999 -9999 -9999 -9999 -9999 -9999 -9999 -9999 -9999 -9999 -9999 -9999 -9999 -9999 -9999 -9999 -9999 -9999 -9999 -9999 -9999 47 50 54 58 63 66 63 63 58 56 51 48 48 49 50
72 72 73 74 75 76 77 76 76 80 89 95 93 102 96 98 88 80 78 76 78 78 78 79 78 76 82 86 85 84 87 87 85 83 83 81 79 77 76 74 72 71 68 66 64 61 59 56 54 55 56 51 47 43 39 35 32 31 -9999 -9999 -9999 -9999 -9999 -9999 -9999 -9999 -9999 -9999 -9999 -9999 -9999 -9999 -9999 -9999 -9999 -9999 -9999 -9999 -9999 -9999 -9999 49 51 54 60 69 84 82 74 67 62 54 49 -9999 -9999 -9999
72 72 74 76 74 74 74 75 78 77 88 88 99 99 83 85 82 79 77 77 76 76 78 77 76 75 79 81 81 81 82 82 82 81 80 80 78 77 76 74 72 70 68 65 63 60 58 55 54 54 54 49 44 41 37 34 -9999 -9999 -9999 -9999 -9999 -9999 -9999 -9999 -9999 -9999 -9999 -9999 -9999 -9999 -9999 -9999 -9999 -9999 -9999 -9999 -9999 -9999 -9999 -9999 -9999 51 55 61 70 90 85 69 63 -9999 60 -9999 -9999 -9999 -9999 -9999
72 72 75 76 76 75 73 74 76 77 82 83 89 83 83 74 75 80 78 76 74 74 74 73 74 72 76 77 78 79 79 79 79 79 79 79 79 78 76 74 72 70 67 65 62 60 58 54 53 52 49 47 42 39 -9999 -9999 -9999 -9999 -9999 -9999 -9999 -9999 -9999 -9999 -9999 -9999 -9999 -9999 -9999 -9999 -9999 -9999 -9999 -9999 -9999 -9999 -9999 -9999 -9999 -9999 53 56 64 74 94 105 75 -9999 -9999 -9999 -9999 -9999 -9999 -9999 -9999 -9999
73 73 74 75 75 74 72 74 75 81 81 85 81 82 76 71 72 75 77 76 74 71 70 71 70 70 72 74 74 77 77 78 78 78 78 78 77 77 75 74 72 70 67 65 62 59 57 53 51 49 47 43 40 -9999 -9999 -9999 -9999 -9999 -9999 -9999 -9999 -9999 -9999 -9999 -9999 -9999 -9999 -9999 -9999 -9999 -9999 -9999 -9999 -9999 -9999 -9999 -9999 -9999 -9999 -9999 -9999 68 72 104 100 -9999 -9999 -9999 -9999 -9999 -9999 -9999 -9999 -9999 -9999 -9999
75 75 78 78 74 74 72 72 75 81 81 86 81 82 75 69 70 70 72 73 72 70 68 68 69 69 69 72 73 74 74 75 75 76 76 76 76 76 74 73 72 69 66 63 61 58 55 52 50 47 44 43 -9999 -9999 -9999 -9999 -9999 -9999 -9999 -9999 -9999 -9999 -9999 -9999 -9999 -9999 -9999 -9999 -9999 -9999 -9999 -9999 -9999 -9999 -9999 -9999 -9999 -9999 -9999 -9999 -9999 -9999 -9999 -9999 -9999 -9999 -9999 -9999 -9999 -9999 -9999 -9999 -9999 -9999 -9999 -9999
85 82 79 83 78 73 74 71 72 80 91 85 78 75 71 71 68 67 68 69 69 68 68 67 68 68 68 69 72 73 73 73 74 75 75 76 75 74 73 72 71 70 67 64 61 58 56 53 50 47 45 46 -9999 -9999 -9999 -9999 -9999 -9999 -9999 -9999 -9999 -9999 -9999 -9999 -9999 -9999 -9999 -9999 -9999 -9999 -9999 -9999 -9999 -9999 -9999 -9999 -9999 -9999 -9999 -9999 -9999 -9999 -9999 -9999 -9999 -9999 -9999 -9999 -9999 -9999 -9999 -9999 -9999 -9999 -9999 -9999
82 78 75 77 75 78 74 70 67 74 84 73 69 68 70 70 68 66 66 67 67 66 67 66 68 68 69 69 71 72 73 72 72 74 74 73 73 74 74 74 73 72 69 66 62 58 56 53 50 48 49 49 -9999 -9999 -9999 -9999 -9999 -9999 -9999 -9999 -9999 -9999 -9999 -9999 -9999 -9999 -9999 -9999 -9999 -9999 -9999 -9999 -9999 -9999 -9999 -9999 -9999 -9999 -9999 -9999 -9999 -9999 -9999 -9999 -9999 -9999 -9999 -9999 -9999 -9999 -9999 -9999 -9999 -9999 -9999 -9999
84 81 79 75 76 78 74 70 65 68 71 73 73 67 72 68 68 66 66 69 68 69 67 67 66 67 67 68 68 70 70 71 71 71 71 73 76 77 77 77 75 73 70 66 62 58 56 53 52 52 52 52 -9999 -9999 -9999 -9999 -9999 -9999 -9999 -9999 -9999 -9999 -9999 -9999 -9999 -9999 -9999 -9999 -9999 -9999 -9999 -9999 -9999 -9999 -9999 -9999 -9999 -9999 -9999 -9999 -9999 -9999 -9999 -9999 -9999 -9999 -9999 -9999 -9999 -9999 -9999 -9999 -9999 -9999 -9999 -9999
89 86 86 81 80 75 69 65 64 61 63 70 69 63 72 72 68 67 67 68 68 68 68 69 70 69 70 69 71 71 71 71 71 70 74 75 75 77 77 78 78 75 71 67 62 57 56 55 55 55 56 56 -9999 -9999 -9999 -9999 -9999 -9999 -9999 -9999 -9999 -9999 -9999 -9999 -9999 -9999 -9999 -9999 -9999 -9999 -9999 -9999 -9999 -9999 -9999 -9999 -9999 -9999 -9999 -9999 -9999 -9999 -9999 -9999 -9999 -9999 -9999 -9999 -9999 -9999 -9999 -9999 -9999 -9999 -9999 -9999
95 92 88 82 81 79 69 67 70 64 59 61 62 65 65 76 79 71 67 67 68 70 70 69 68 68 68 70 72 70 68 70 69 69 72 74 77 75 76 76 77 75 70 66 61 59 59 59 58 58 59 58 -9999 -9999 -9999 -9999 -9999 -9999 -9999 -9999 -9999 -9999 -9999 -9999 -9999 -9999 -9999 -9999 -9999 -9999 -9999 -9999 -9999 -9999 -9999 -9999 -9999 -9999 -9999 -9999 -9999 -9999 -9999 -9999 -9999 -9999 -9999 -9999 -9999 -9999 -9999 -9999 -9999 -9999 -9999 -9999
102 97 92 86 84 80 74 68 64 62 59 58 58 59 60 64 74 74 72 69 72 73 73 71 68 69 69 72 71 71 71 68 68 67 69 69 73 75 76 71 70 69 64 61 60 61 61 62 60 -9999 -9999 -9999 -9999 -9999 -9999 -9999 -9999 -9999 -9999 -9999 -9999 -9999 -9999 -9999 -9999 -9999 -9999 -9999 -9999 -9999 -9999 -9999 -9999 -9999 -9999 -9999 -9999 -9999 -9999 -9999 -9999 -9999 -9999 -9999 -9999 -9999 -9999 -9999 -9999 -9999 -9999 -9999 -9999 -9999 -9999 -9999
108 103 98 92 85 82 78 70 67 64 59 57 57 60 57 58 62 67 74 77 76 76 71 70 71 69 71 74 72 75 72 72 70 67 66 66 73 75 75 70 68 66 64 64 63 63 64 64 -9999 -9999 -9999 -9999 -9999 -9999 -9999 -9999 -9999 -9999 -9999 -9999 -9999 -9999 -9999 -9999 -9999 -9999 -9999 -9999 -9999 -9999 -9999 -9999 -9999 -9999 -9999 -9999 -9999 -9999 -9999 -9999 -9999 -9999 -9999 -9999 -9999 -9999 -9999 -9999 -9999 -9999 -9999 -9999 -9999 -9999 -9999 -9999
115 110 104 97 89 83 78 71 69 63 59 57 56 58 57 58 59 61 65 69 73 75 70 73 73 76 79 76 72 73 70 71 71 71 71 71 73 74 75 72 70 70 71 70 69 69 67 66 -9999 -9999 -9999 -9999 -9999 -9999 -9999 -9999 -9999 -9999 -9999 -9999 -9999 -9999 -9999 -9999 -9999 -9999 -9999 -9999 -9999 -9999 -9999 -9999 -9999 -9999 -9999 -9999 -9999 -9999 -9999 -9999 -9999 -9999 -9999 -9999 -9999 -9999 -9999 -9999 -9999 -9999 -9999 -9999 -9999 -9999 -9999 -9999
119 115 111 101 92 84 77 73 69 65 62 61 56 60 59 56 56 59 61 63 65 68 71 75 78 81 85 80 86 90 88 78 80 77 76 75 75 75 70 70 71 74 76 74 73 71 71 70 -9999 -9999 -9999 -9999 -9999 -9999 -9999 -9999 -9999 -9999 -9999 -9999 -9999 -9999 -9999 -9999 -9999 -9999 -9999 -9999 -9999 -9999 -9999 -9999 -9999 -9999 -9999 -9999 -9999 -9999 -9999 -9999 -9999 -9999 -9999 -9999 -9999 -9999 -9999 -9999 -9999 -9999 -9999 -9999 -9999 -9999 -9999 -9999
123 122 116 105 96 87 79 74 70 63 62 58 57 63 60 56 54 55 58 67 63 64 66 68 70 74 77 73 66 69 71 67 65 66 65 62 62 64 66 69 72 76 77 74 72 71 -9999 -9999 -9999 -9999 -9999 -9999 -9999 -9999 -9999 -9999 -9999 -9999 -9999 -9999 -9999 -9999 -9999 -9999 -9999 -9999 -9999 -9999 -9999 -9999 -9999 -9999 -9999 -9999 -9999 -9999 -9999 -9999 -9999 -9999 -9999 -9999 -9999 -9999 -9999 -9999 -9999 -9999 -9999 -9999 -9999 -9999 -9999 -9999 -9999 -9999
138 131 120 108 98 92 81 74 67 63 58 57 60 62 58 55 54 53 54 59 61 62 61 63 62 63 62 61 61 63 65 65 63 61 59 60 63 65 67 70 74 75 75 74 73 74 73 -9999 -9999 -9999 -9999 -9999 -9999 -9999 -9999 -9999 -9999 -9999 -9999 -9999 -9999 -9999 -9999 -9999 -9999 -9999 -9999 -9999 -9999 -9999 -9999 -9999 -9999 -9999 -9999 -9999 -9999 -9999 -9999 -9999 -9999 -9999 -9999 -9999 -9999 -9999 -9999 -9999 -9999 -9999 -9999 -9999 -9999 -9999 -9999 -9999
149 136 123 111 100 100 92 75 74 65 57 57 59 58 58 58 53 53 52 64 65 67 65 59 56 55 56 57 58 57 56 57 58 58 59 61 64 67 68 70 73 76 77 76 76 76 74 75 -9999 -9999 -9999 -9999 -9999 -9999 -9999 -9999 -9999 -9999 -9999 -9999 -9999 -9999 -9999 -9999 -9999 -9999 -9999 -9999 -9999 -9999 -9999 -9999 -9999 -9999 -9999 -9999 -9999 -9999 -9999 -9999 -9999 -9999 -9999 -9999 -9999 -9999 -9999 -9999 -9999 -9999 -9999 -9999 -9999 -9999 -9999 -9999
147 137 125 118 114 106 85 74 66 61 54 54 54 58 62 58 55 54 53 60 72 71 65 64 61 58 55 57 56 53 54 55 57 59 61 64 67 70 70 72 75 76 78 80 78 78 77 77 76 -9999 -9999 -9999 -9999 -9999 -9999 -9999 -9999 -9999 -9999 -9999 -9999 -9999 -9999 -9999 -9999 -9999 -9999 -9999 -9999 -9999 -9999 -9999 -9999 -9999 -9999 -9999 -9999 -9999 -9999 -9999 104 -9999 -9999 -9999 -9999 -9999 -9999 -9999 -9999 92 88 84 -9999 -9999 -9999 -9999
151 138 130 124 118 96 88 77 66 57 55 53 53 52 52 53 55 55 54 58 60 57 62 63 67 69 63 71 66 63 59 60 60 61 64 65 67 71 72 73 76 78 78 82 82 81 79 77 77 -9999 -9999 -9999 -9999 -9999 -9999 -9999 -9999 -9999 -9999 -9999 -9999 -9999 -9999 -9999 -9999 -9999 -9999 -9999 -9999 -9999 -9999 -9999 -9999 -9999 -9999 -9999 104 96 92 89 84 89 96 90 106 103 99 95 88 86 84 -9999 -9999 -9999 -9999 -9999
150 139 131 128 121 100 97 83 88 65 55 53 52 52 57 59 56 58 57 58 75 64 62 65 66 67 66 70 70 70 66 64 64 64 66 69 69 70 71 72 74 75 76 77 78 83 84 79 78 -9999 -9999 -9999 -9999 -9999 -9999 -9999 -9999 -9999 -9999 -9999 -9999 -9999 -9999 -9999 -9999 -9999 -9999 -9999 -9999 -9999 -9999 -9999 -9999 128 118 106 100 91 86 80 72 71 68 68 70 72 71 72 72 71 72 73 74 -9999 -9999 97
152 142 130 127 124 106 98 81 80 64 58 54 52 53 53 53 56 58 57 57 62 64 60 62 63 68 70 72 70 70 68 67 66 67 70 72 72 72 72 73 75 75 75 76 77 78 80 80 82 82 -9999 -9999 -9999 -9999 -9999 -9999 -9999 -9999 -9999 -9999 -9999 -9999 -9999 -9999 -9999 -9999 -9999 -9999 -9999 -9999 -9999 143 134 129 116 98 95 89 81 76 69 63 61 61 61 67 68 68 69 65 63 63 65 71 85 93
148 143 134 127 121 105 96 84 70 68 63 57 54 52 53 53 54 56 57 58 58 63 62 62 62 66 66 69 72 70 69 68 69 70 72 74 74 74 75 77 77 76 75 76 77 77 77 79 86 89 90 95 -9999 -9999 -9999 -9999 -9999 -9999 -9999 -9999 -9999 -9999 -9999 -9999 -9999 -9999 -9999 -9999 -9999 136 126 112 121 109 95 101 91 86 78 75 65 59 54 53 58 58 60 60 65 65 63 58 60 59 69 75
148 139 135 125 112 108 97 81 70 69 64 61 60 60 52 52 54 55 57 58 59 63 64 63 66 65 66 68 70 70 69 72 72 73 77 80 78 78 80 82 83 81 78 77 78 77 78 81 85 92 94 99 108 121 134 126 123 119 -9999 -9999 -9999 121 120 -9999 -9999 -9999 -9999 -9999 131 122 96 93 95 91 96 100 77 76 71 64 58 59 59 60 63 67 69 63 60 58 55 59 58 58 55 59
146 140 132 122 108 107 96 85 71 69 67 70 62 60 54 52 53 54 57 57 57 60 62 63 64 66 68 69 68 67 68 69 69 70 76 84 83 81 83 87 89 88 83 82 83 81 81 82 84 90 97 101 108 118 128 126 121 120 117 116 116 116 117 117 116 117 115 116 110 92 82 79 87 91 123 85 82 79 72 73 71 74 73 74 59 58 59 55 55 59 56 57 54 51 50 54
146 140 134 122 111 104 94 98 73 69 80 64 54 57 54 51 52 54 56 58 58 59 60 63 67 67 69 68 68 68 69 70 72 75 79 80 83 85 88 91 93 93 92 92 88 -9999 -9999 84 -9999 -9999 -9999 101 103 104 114 116 113 111 109 108 108 108 108 108 102 104 102 96 84 83 88 78 86 109 113 91 97 92 79 70 66 59 61 57 58 65 59 54 54 50 58 55 56 48 50 55
150 144 136 123 109 105 95 94 80 70 64 62 55 52 51 51 51 53 54 56 58 61 62 63 65 66 -9999 71 73 -9999 -9999 -9999 -9999 -9999 -9999 -9999 86 91 93 96 99 101 101 104 97 -9999 -9999 -9999 -9999 -9999 -9999 -9999 -9999 -9999 -9999 -9999 102 97 96 95 97 98 100 100 96 90 93 84 77 74 74 90 93 99 104 104 95 86 79 72 64 57 58 56 60 59 53 55 52 52 56 52 46 45 48 58
161 149 137 127 113 105 99 88 86 71 65 77 61 52 51 50 50 52 54 56 57 59 62 -9999 -9999 -9999 -9999 70 71 -9999 -9999 -9999 -9999 85 -9999 -9999 92 94 96 98 100 101 105 103 -9999 97 92 92 -9999 -9999 -9999 -9999 96 111 111 101 90 83 90 95 93 88 86 88 83 82 78 79 78 83 94 96 92 94 94 89 89 87 74 70 62 49 49 50 47 47 47 47 54 49 54 49 49 46 48 52
172 164 147 132 124 113 100 90 83 81 68 67 68 57 52 50 -9999 49 52 56 59 61 61 62 63 64 -9999 -9999 -9999 -9999 -9999 -9999 85 98 92 -9999 -9999 102 103 102 103 105 106 103 98 93 106 101 102 106 99 97 94 90 85 90 78 70 67 70 70 74 72 72 73 73 70 68 70 66 70 80 87 79 73 77 76 78 72 58 55 47 44 44 44 46 50 51 48 47 48 48 47 47 51 53
184 175 164 141 128 119 109 95 84 80 70 61 66 65 52 50 -9999 -9999 51 53 55 57 58 -9999 65 68 70 -9999 -9999 -9999 -9999 -9999 -9999 -9999 107 112 -9999 103 103 106 111 114 106 104 101 97 98 99 100 101 99 92 85 78 77 79 68 56 56 60 58 64 64 62 60 60 62 61 58 58 59 64 60 62 62 65 61 63 61 57 50 45 45 46 43 45 52 53 52 49 50 47 48 50 52 52
206 196 160 160 142 125 115 102 87 78 71 67 66 71 77 51 -9999 -9999 -9999 -9999 56 -9999 61 64 61 83 72 -9999 -9999 -9999 -9999 -9999 -9999 -9999 107 112 -9999 104 107 111 118 114 112 113 118 104 100 98 98 99 98 93 94 101 138 152 78 54 71 69 51 54 54 57 56 53 54 54 50 50 51 52 51 51 55 48 55 52 55 60 48 50 51 52 44 46 52 52 56 50 52 52 51 50 53 54
