resultados/variables_proyeccion_tiempo/variables_futuro_ccsm_A1B/bio13.asc
ncols 330
nrows 228
xllcorner -12.000000
yllcorner 34.000000
cellsize 0.166667
NODATA_value -9999
[rows 48 to 95 of 228, columns 96 to 191 of 330]
-9999 -9999 -9999 -9999 -9999 -9999 -9999 -9999 -9999 -9999 -9999 -9999 -9999 -9999 -9999 -9999 -9999 -9999 -9999 -9999 -9999 -9999 -9999 -9999 -9999 -9999 -9999 -9999 -9999 -9999 157 -9999 -9999 -9999 148 149 149 148 147 146 146 145 143 143 144 144 144 142 140 138 136 132 129 124 121 117 113 109 103 97 92 87 87 89 87 86 86 84 83 84 84 84 84 82 82 83 84 85 83 82 83 81 81 79 77 75 73 73 71 71 72 72 72 72 73 73
-9999 -9999 -9999 -9999 -9999 -9999 -9999 -9999 -9999 -9999 -9999 -9999 -9999 -9999 -9999 -9999 -9999 -9999 -9999 -9999 -9999 -9999 -9999 -9999 -9999 175 176 175 170 164 -9999 -9999 148 145 146 145 144 142 140 139 138 137 134 135 134 135 134 133 131 129 126 124 122 117 113 110 105 101 96 94 92 89 86 83 84 83 83 84 84 83 83 84 83 82 82 81 81 80 80 81 81 79 76 77 75 74 71 72 71 71 72 73 73 73 74 73
-9999 -9999 -9999 -9999 -9999 -9999 -9999 -9999 -9999 -9999 -9999 -9999 -9999 -9999 -9999 -9999 -9999 -9999 -9999 -9999 -9999 -9999 -9999 -9999 -9999 -9999 180 178 174 167 158 150 145 142 140 139 137 136 136 134 128 129 128 127 127 127 126 125 124 121 119 116 114 111 107 104 100 95 91 88 88 86 85 84 83 86 86 84 84 84 86 85 83 82 82 81 80 80 78 78 78 74 73 72 72 72 73 72 73 73 73 72 72 72 73 72
-9999 -9999 -9999 -9999 -9999 -9999 -9999 -9999 -9999 -9999 -9999 -9999 -9999 -9999 -9999 -9999 -9999 -9999 -9999 -9999 -9999 -9999 -9999 172 177 179 182 180 177 171 163 150 144 140 136 132 127 126 123 121 120 120 120 119 118 118 117 116 116 114 112 110 107 105 104 98 95 91 89 88 85 83 82 83 83 85 87 86 85 86 86 87 87 85 83 80 79 77 78 78 77 75 74 74 74 74 73 75 74 74 72 72 72 73 73 -9999
-9999 -9999 -9999 -9999 -9999 -9999 -9999 -9999 -9999 -9999 -9999 -9999 -9999 -9999 -9999 -9999 -9999 -9999 -9999 -9999 -9999 -9999 -9999 176 179 181 182 179 175 170 161 150 140 135 129 126 122 119 116 113 112 111 110 110 110 110 110 109 108 108 106 105 103 103 99 95 93 90 88 86 83 82 82 83 84 84 84 84 85 86 85 84 85 84 84 81 78 76 75 75 76 76 77 78 77 76 76 75 75 74 72 -9999 -9999 -9999 -9999 -9999
-9999 -9999 -9999 -9999 -9999 -9999 -9999 -9999 -9999 -9999 -9999 -9999 -9999 -9999 -9999 -9999 -9999 -9999 -9999 -9999 187 183 180 177 178 180 178 174 169 162 156 146 135 128 123 118 114 111 108 105 103 102 101 101 101 101 102 102 103 106 104 110 106 100 101 104 100 98 99 91 86 84 83 85 85 86 86 86 87 88 87 85 83 81 80 80 79 77 78 78 78 79 79 80 80 79 78 76 75 -9999 -9999 -9999 -9999 -9999 -9999 -9999
-9999 -9999 -9999 -9999 -9999 -9999 -9999 -9999 -9999 -9999 -9999 -9999 -9999 -9999 -9999 -9999 212 208 206 207 199 191 182 178 176 174 171 165 160 150 140 133 125 120 116 112 108 104 101 98 95 96 93 93 98 101 97 97 103 103 105 103 103 105 102 98 97 97 100 95 91 87 83 84 86 86 86 87 87 87 86 86 84 82 82 78 78 80 81 82 82 83 83 82 82 81 80 77 -9999 -9999 -9999 -9999 -9999 -9999 -9999 -9999
-9999 -9999 -9999 -9999 -9999 -9999 -9999 -9999 -9999 -9999 -9999 -9999 -9999 241 228 225 225 221 211 209 196 188 178 172 166 160 156 149 144 134 129 123 117 113 110 105 102 100 97 96 98 95 94 92 91 95 95 96 100 102 101 100 99 98 96 95 95 93 91 90 90 88 86 87 87 86 87 87 87 88 85 85 84 81 80 79 79 82 83 84 85 86 85 84 84 82 -9999 -9999 -9999 -9999 -9999 -9999 -9999 -9999 -9999 -9999
-9999 -9999 -9999 -9999 -9999 -9999 -9999 -9999 -9999 -9999 -9999 -9999 256 271 254 241 234 225 212 210 193 181 170 163 155 150 141 138 134 126 120 113 111 107 106 102 99 96 95 98 96 93 90 90 90 92 93 95 101 99 96 95 98 98 95 96 96 95 95 95 93 90 87 89 88 88 88 89 88 85 83 84 82 80 78 80 81 83 84 86 86 86 86 86 84 -9999 -9999 -9999 -9999 -9999 -9999 -9999 -9999 -9999 -9999 -9999
-9999 -9999 -9999 -9999 -9999 -9999 -9999 -9999 -9999 287 287 280 266 260 254 245 244 229 224 214 197 181 171 156 147 140 130 121 126 122 117 113 113 108 107 104 102 99 92 91 91 87 89 93 92 92 92 91 94 96 97 94 94 94 93 94 92 91 90 91 96 92 90 87 87 85 86 85 85 85 87 84 83 79 79 80 82 84 85 86 87 86 86 -9999 -9999 -9999 -9999 -9999 -9999 -9999 -9999 -9999 -9999 -9999 -9999 -9999
-9999 -9999 -9999 -9999 -9999 -9999 302 304 303 301 294 288 289 286 280 266 256 236 216 204 187 176 168 154 128 120 119 111 111 110 110 111 105 101 102 105 100 98 92 88 87 88 94 97 93 95 90 90 96 96 95 96 96 97 98 98 95 96 92 92 89 93 94 92 88 86 85 86 86 85 85 85 83 83 82 82 83 84 84 86 85 85 -9999 -9999 -9999 -9999 -9999 -9999 -9999 -9999 -9999 -9999 -9999 -9999 -9999 -9999
-9999 -9999 -9999 -9999 -9999 -9999 313 314 318 317 321 312 299 297 287 277 257 236 227 207 187 176 154 150 147 128 116 108 105 98 95 98 106 104 103 95 96 96 95 88 88 88 90 94 93 90 88 91 96 95 96 93 94 96 97 99 94 95 93 91 89 89 90 89 89 86 85 86 85 86 83 82 82 80 81 82 83 83 84 85 84 84 -9999 -9999 -9999 -9999 -9999 -9999 -9999 -9999 -9999 -9999 -9999 -9999 -9999 -9999
-9999 -9999 -9999 -9999 -9999 317 319 331 335 335 328 321 317 300 288 268 255 234 214 200 193 171 144 117 113 104 106 101 98 93 93 92 96 107 109 109 101 97 97 98 94 84 84 92 93 92 89 90 91 91 90 90 92 95 94 98 98 96 95 94 92 93 92 89 90 89 88 86 84 83 81 79 79 79 80 81 81 83 82 82 83 -9999 -9999 -9999 -9999 -9999 -9999 -9999 -9999 -9999 -9999 -9999 -9999 -9999 -9999 -9999
-9999 -9999 -9999 -9999 -9999 313 334 345 354 354 352 340 328 320 290 284 261 247 229 207 182 162 146 143 130 114 102 107 108 94 88 90 90 89 96 97 99 98 96 91 86 87 86 86 89 89 91 94 95 94 93 93 91 89 89 91 94 96 96 96 94 93 93 92 90 88 87 86 86 84 81 79 77 78 80 80 80 81 80 81 80 -9999 -9999 -9999 -9999 -9999 -9999 -9999 -9999 -9999 -9999 -9999 -9999 -9999 -9999 -9999
-9999 -9999 -9999 -9999 299 314 333 349 351 352 345 350 341 326 304 283 271 245 217 183 177 142 128 130 125 129 123 118 108 95 98 90 95 91 89 90 90 94 99 96 92 86 83 82 90 90 92 94 91 96 95 98 97 92 90 90 91 94 96 97 97 95 95 93 91 88 86 84 82 84 82 81 80 79 79 80 80 79 79 78 80 -9999 -9999 -9999 -9999 -9999 -9999 -9999 -9999 -9999 -9999 -9999 -9999 -9999 -9999 -9999
-9999 -9999 -9999 -9999 -9999 318 337 357 356 358 355 353 344 334 317 292 257 239 205 173 149 145 132 118 124 117 112 109 101 100 94 91 93 97 93 94 94 88 93 96 95 89 83 82 87 87 86 88 89 90 93 92 94 92 89 90 92 92 93 94 92 94 94 93 92 87 84 85 83 81 79 78 77 78 78 79 79 78 77 -9999 -9999 -9999 -9999 -9999 -9999 -9999 -9999 -9999 -9999 -9999 -9999 -9999 -9999 -9999 -9999 -9999
-9999 -9999 -9999 -9999 286 313 333 355 364 371 374 372 358 341 318 277 262 231 194 169 154 137 123 125 116 107 107 103 91 87 91 93 96 95 94 92 89 85 87 95 93 93 91 82 79 84 85 86 91 87 87 88 89 92 91 90 90 90 90 90 89 90 90 88 87 86 83 84 82 80 79 80 80 78 77 78 77 76 76 76 -9999 -9999 -9999 -9999 -9999 -9999 -9999 -9999 -9999 -9999 -9999 -9999 -9999 -9999 -9999 -9999
-9999 -9999 -9999 -9999 284 310 338 355 365 369 380 383 368 341 321 285 264 229 201 190 162 146 134 125 120 118 110 95 88 85 83 90 92 93 96 93 92 90 82 85 87 87 88 85 80 82 86 87 86 87 86 85 87 90 92 92 92 90 90 90 88 87 84 83 86 86 85 83 82 82 80 82 83 82 81 81 78 77 76 -9999 -9999 -9999 -9999 -9999 -9999 -9999 -9999 -9999 -9999 -9999 -9999 -9999 -9999 -9999 -9999 -9999
-9999 -9999 -9999 -9999 287 305 329 359 379 400 405 398 379 355 327 300 269 240 213 195 179 164 149 136 128 113 103 100 93 89 89 87 90 90 91 90 89 90 89 83 80 81 84 85 81 82 82 85 85 85 84 86 88 88 90 91 91 92 90 87 87 87 85 83 83 83 82 82 81 81 81 83 83 81 81 79 77 77 76 75 -9999 -9999 -9999 -9999 -9999 -9999 -9999 -9999 -9999 -9999 -9999 -9999 -9999 -9999 -9999 -9999
-9999 -9999 -9999 -9999 270 293 311 335 385 393 399 408 389 357 323 298 269 245 222 206 186 164 148 130 122 115 103 95 88 86 89 94 93 90 89 91 90 86 88 85 81 79 77 79 82 84 83 83 83 82 84 86 84 87 89 90 89 90 90 88 86 88 88 87 84 83 83 83 81 80 79 79 80 81 80 79 78 77 76 75 -9999 -9999 -9999 -9999 -9999 -9999 -9999 -9999 -9999 -9999 -9999 -9999 -9999 -9999 -9999 -9999
-9999 -9999 -9999 -9999 271 277 299 323 346 382 409 412 381 358 321 294 264 237 223 202 192 169 151 138 119 106 100 94 92 89 85 91 94 94 88 86 89 86 87 87 86 87 86 83 85 88 86 84 82 83 86 87 86 86 84 87 90 90 88 88 87 85 84 86 85 83 81 81 80 79 78 80 79 79 78 76 76 76 76 75 73 72 71 70 -9999 -9999 71 -9999 -9999 -9999 -9999 -9999 -9999 -9999 -9999 -9999
-9999 -9999 -9999 -9999 -9999 270 285 305 341 374 395 406 381 345 319 290 259 246 218 201 180 164 145 132 121 111 104 98 94 95 97 91 91 92 93 92 87 87 86 89 90 89 87 87 88 87 87 85 84 84 84 84 85 82 82 83 86 87 87 87 86 85 84 83 84 83 85 82 80 79 78 78 77 78 77 76 76 75 75 74 72 71 70 69 68 67 69 -9999 -9999 -9999 -9999 -9999 -9999 73 73 74
-9999 -9999 -9999 -9999 -9999 261 271 289 319 342 366 371 354 333 318 287 270 247 224 205 186 165 148 134 123 116 110 106 100 95 94 95 96 93 91 90 89 88 89 90 91 91 91 90 90 88 88 87 85 85 84 85 82 82 80 82 81 83 84 85 85 87 85 85 84 82 82 81 80 80 79 77 76 76 75 74 74 74 73 72 71 70 69 68 67 66 65 67 68 -9999 -9999 -9999 -9999 72 73 74
-9999 -9999 -9999 -9999 -9999 -9999 259 272 289 313 326 326 343 329 313 283 269 248 227 205 185 164 148 137 127 118 113 109 101 102 95 96 95 93 93 92 90 90 92 92 92 93 94 93 92 91 90 88 86 85 83 83 82 81 79 80 80 79 80 81 82 81 83 83 83 83 82 80 78 77 77 77 75 74 74 73 73 72 72 70 70 68 67 67 66 65 64 64 65 65 -9999 -9999 -9999 -9999 72 73
-9999 -9999 -9999 -9999 -9999 -9999 248 259 291 298 308 327 329 321 301 279 263 240 226 202 182 165 156 139 124 119 114 112 104 101 101 101 97 98 96 95 97 94 93 92 92 94 95 96 94 93 91 89 86 84 83 82 82 80 79 78 78 77 78 79 79 80 80 80 81 81 81 81 79 78 75 74 74 72 72 71 71 71 70 69 68 66 66 65 64 63 62 62 62 64 64 -9999 -9999 -9999 -9999 -9999
-9999 -9999 -9999 -9999 -9999 -9999 -9999 246 265 268 282 298 305 313 300 282 257 243 221 199 177 156 145 137 117 117 119 112 109 106 101 103 103 101 100 98 98 95 94 94 94 96 97 97 96 95 93 91 88 85 82 81 81 80 78 77 76 77 77 77 77 78 78 78 79 80 79 79 77 75 74 73 72 71 70 70 69 68 68 67 66 65 64 64 63 62 61 60 60 62 63 65 -9999 -9999 -9999 -9999
-9999 -9999 -9999 -9999 -9999 -9999 -9999 230 243 262 270 286 303 303 295 281 257 240 220 201 180 172 146 126 121 116 115 114 115 109 106 103 106 106 104 104 101 99 97 96 96 97 98 98 98 97 95 92 90 88 84 81 80 78 78 76 75 75 75 76 76 76 78 78 78 78 77 76 75 74 72 71 70 68 67 67 67 66 66 65 64 64 63 64 63 61 60 60 59 61 -9999 -9999 -9999 -9999 -9999 -9999
-9999 -9999 -9999 -9999 -9999 -9999 -9999 215 227 238 257 270 280 293 299 286 267 246 226 206 185 172 150 134 124 119 118 116 115 115 109 108 110 110 110 106 103 101 99 97 97 98 100 100 100 99 96 93 91 89 86 83 80 78 77 75 74 73 74 74 74 75 76 76 77 77 76 75 73 72 71 69 67 66 66 66 65 65 64 63 62 62 63 63 62 60 58 59 60 62 -9999 -9999 -9999 -9999 -9999 -9999
-9999 -9999 -9999 -9999 -9999 173 -9999 196 209 226 234 247 268 290 296 286 268 249 229 211 190 174 158 144 133 136 126 125 121 118 113 111 109 109 109 106 105 102 100 99 98 99 100 102 102 100 98 95 92 89 87 83 80 78 76 74 72 72 72 72 72 74 74 74 75 75 74 73 72 70 69 68 67 66 66 66 65 65 64 63 61 60 60 61 60 58 58 60 62 62 -9999 -9999 -9999 -9999 -9999 -9999
-9999 -9999 -9999 -9999 -9999 -9999 -9999 187 188 202 222 240 268 283 287 283 267 247 233 218 199 178 167 153 144 139 134 132 128 123 118 115 112 110 108 106 103 102 101 -9999 99 100 101 102 102 102 99 96 93 90 88 84 80 77 75 73 72 71 71 71 71 72 72 72 72 72 72 72 70 69 68 66 66 65 65 64 64 64 63 61 60 58 57 57 56 57 59 -9999 -9999 -9999 -9999 -9999 -9999 -9999 -9999 -9999
-9999 -9999 -9999 -9999 -9999 -9999 -9999 -9999 -9999 191 207 235 256 274 284 279 265 248 236 222 206 186 170 163 154 147 142 136 134 129 123 118 114 110 107 104 103 -9999 -9999 -9999 -9999 -9999 100 101 103 102 100 97 94 91 88 83 79 77 74 73 72 71 71 70 71 71 72 71 71 70 70 70 68 67 66 65 64 64 63 62 62 63 62 60 58 57 56 55 56 56 58 -9999 -9999 -9999 -9999 -9999 -9999 -9999 -9999 -9999
-9999 -9999 -9999 -9999 -9999 -9999 -9999 -9999 -9999 186 206 234 254 265 271 267 257 249 238 226 210 195 180 172 162 156 149 144 139 133 126 120 115 -9999 -9999 -9999 -9999 -9999 -9999 -9999 -9999 -9999 98 99 101 100 99 97 94 92 87 84 80 77 74 72 71 70 70 70 70 71 70 71 69 68 68 67 66 65 64 64 64 64 62 61 61 62 62 60 58 57 55 55 -9999 -9999 -9999 -9999 -9999 -9999 -9999 -9999 -9999 -9999 -9999 -9999
-9999 -9999 -9999 -9999 -9999 -9999 -9999 -9999 -9999 189 205 220 233 251 257 258 253 247 239 229 213 200 188 181 174 165 158 151 142 134 127 -9999 -9999 -9999 -9999 -9999 -9999 -9999 -9999 -9999 -9999 -9999 -9999 96 97 98 98 97 95 91 88 85 82 78 75 72 71 71 71 70 70 70 70 69 68 67 66 65 64 64 62 62 62 61 59 60 60 61 61 -9999 -9999 -9999 -9999 -9999 -9999 -9999 -9999 -9999 -9999 -9999 -9999 -9999 -9999 -9999 -9999 -9999
-9999 -9999 -9999 -9999 -9999 -9999 -9999 -9999 -9999 -9999 -9999 205 218 229 242 247 249 244 237 226 214 204 196 190 185 180 170 155 143 134 -9999 -9999 -9999 -9999 -9999 -9999 -9999 -9999 -9999 -9999 -9999 -9999 -9999 93 95 95 96 96 94 92 90 88 85 81 77 73 72 72 74 71 71 71 70 68 67 66 65 63 62 62 61 61 61 61 59 59 59 60 -9999 -9999 -9999 -9999 -9999 -9999 -9999 -9999 -9999 -9999 -9999 -9999 -9999 70 -9999 -9999 -9999 -9999
-9999 -9999 -9999 -9999 -9999 -9999 -9999 -9999 -9999 -9999 -9999 -9999 -9999 -9999 230 235 238 237 232 223 214 205 200 195 192 186 172 160 -9999 -9999 -9999 -9999 -9999 -9999 -9999 -9999 -9999 -9999 -9999 -9999 -9999 -9999 -9999 -9999 92 94 95 96 96 94 94 92 89 85 80 77 75 75 75 73 72 71 69 68 68 66 64 64 63 62 62 62 61 60 59 59 58 58 -9999 -9999 -9999 -9999 -9999 -9999 -9999 -9999 -9999 -9999 -9999 -9999 -9999 -9999 -9999 -9999 -9999 -9999
-9999 -9999 -9999 -9999 -9999 -9999 -9999 -9999 -9999 -9999 -9999 -9999 -9999 -9999 -9999 222 230 228 220 217 209 202 199 193 188 185 -9999 -9999 -9999 -9999 -9999 -9999 -9999 -9999 -9999 -9999 -9999 -9999 -9999 -9999 -9999 -9999 -9999 -9999 90 91 94 97 98 98 99 97 94 91 87 82 80 78 77 76 75 71 70 70 69 67 65 64 64 63 61 62 62 59 58 58 57 -9999 -9999 -9999 -9999 -9999 -9999 -9999 -9999 -9999 -9999 -9999 -9999 -9999 -9999 -9999 -9999 -9999 -9999 -9999
-9999 -9999 -9999 -9999 -9999 -9999 -9999 -9999 -9999 -9999 -9999 -9999 -9999 -9999 -9999 -9999 -9999 -9999 212 -9999 -9999 200 -9999 -9999 -9999 -9999 -9999 -9999 -9999 -9999 -9999 -9999 -9999 -9999 -9999 -9999 -9999 -9999 -9999 -9999 -9999 -9999 -9999 -9999 -9999 89 92 96 99 102 102 102 101 98 94 88 84 82 80 78 74 72 72 71 69 68 66 65 65 63 62 61 61 59 58 57 56 -9999 -9999 -9999 -9999 -9999 -9999 -9999 -9999 -9999 -9999 63 64 66 68 70 -9999 -9999 -9999 -9999
-9999 -9999 -9999 -9999 -9999 -9999 -9999 -9999 -9999 -9999 -9999 -9999 -9999 -9999 -9999 -9999 -9999 -9999 -9999 -9999 -9999 -9999 -9999 -9999 -9999 -9999 -9999 -9999 -9999 -9999 -9999 -9999 -9999 -9999 -9999 -9999 -9999 -9999 85 84 -9999 -9999 -9999 -9999 -9999 84 90 95 100 105 107 106 105 103 98 93 88 86 83 79 76 74 74 72 70 68 67 67 65 64 62 61 60 58 58 57 56 -9999 -9999 -9999 -9999 -9999 -9999 -9999 -9999 -9999 62 63 64 66 68 -9999 -9999 -9999 -9999 -9999
-9999 -9999 -9999 -9999 -9999 -9999 -9999 -9999 -9999 -9999 -9999 -9999 -9999 -9999 -9999 -9999 -9999 -9999 -9999 -9999 -9999 -9999 -9999 -9999 -9999 -9999 -9999 -9999 -9999 -9999 -9999 -9999 -9999 -9999 -9999 90 88 85 84 -9999 -9999 -9999 -9999 -9999 -9999 -9999 89 94 98 105 106 106 104 103 100 94 90 87 84 81 78 75 75 74 71 68 66 65 64 63 61 60 58 57 57 56 56 -9999 -9999 -9999 -9999 -9999 -9999 -9999 61 62 63 64 65 -9999 -9999 -9999 -9999 -9999 -9999 -9999
-9999 -9999 -9999 -9999 -9999 -9999 -9999 -9999 -9999 -9999 -9999 -9999 -9999 -9999 -9999 -9999 -9999 -9999 -9999 -9999 -9999 -9999 -9999 -9999 -9999 -9999 -9999 -9999 -9999 -9999 -9999 -9999 -9999 -9999 90 87 85 84 82 80 -9999 -9999 -9999 -9999 -9999 -9999 -9999 90 94 100 102 102 103 103 101 97 93 88 85 82 78 76 74 72 70 68 66 65 63 61 60 59 57 56 55 55 55 -9999 55 -9999 -9999 -9999 -9999 -9999 60 61 63 65 66 69 -9999 -9999 -9999 -9999 -9999 -9999
-9999 -9999 -9999 -9999 -9999 -9999 -9999 -9999 -9999 -9999 -9999 -9999 -9999 -9999 -9999 -9999 -9999 -9999 -9999 -9999 -9999 -9999 -9999 -9999 -9999 -9999 -9999 -9999 -9999 -9999 -9999 -9999 96 92 88 84 82 82 80 79 -9999 76 76 76 -9999 -9999 -9999 -9999 90 94 97 99 101 102 102 100 95 89 85 82 78 75 74 72 70 68 67 65 63 61 59 58 57 55 54 55 -9999 56 55 -9999 -9999 -9999 -9999 -9999 60 61 63 65 67 -9999 -9999 -9999 -9999 -9999 -9999 -9999
-9999 -9999 -9999 -9999 -9999 -9999 -9999 -9999 -9999 -9999 -9999 -9999 -9999 -9999 -9999 -9999 -9999 -9999 -9999 -9999 -9999 -9999 -9999 -9999 -9999 -9999 121 119 114 109 105 101 97 91 86 82 80 79 78 -9999 -9999 -9999 -9999 -9999 -9999 -9999 -9999 -9999 -9999 90 92 95 97 101 104 102 98 93 86 81 77 75 74 72 70 68 66 66 64 62 60 58 56 55 54 54 -9999 55 56 -9999 -9999 -9999 -9999 -9999 -9999 61 63 -9999 -9999 -9999 -9999 -9999 -9999 -9999 -9999 -9999
-9999 -9999 -9999 -9999 -9999 -9999 -9999 -9999 -9999 -9999 -9999 -9999 -9999 -9999 -9999 -9999 -9999 -9999 -9999 -9999 -9999 -9999 -9999 -9999 -9999 120 119 116 111 106 102 98 95 91 88 84 80 78 -9999 -9999 -9999 -9999 -9999 -9999 -9999 -9999 -9999 -9999 -9999 -9999 88 90 95 100 106 108 101 94 87 81 77 75 73 70 69 68 66 65 64 62 60 58 56 54 53 54 55 55 -9999 -9999 -9999 -9999 -9999 -9999 -9999 62 63 -9999 -9999 -9999 -9999 -9999 -9999 -9999 -9999 -9999
-9999 -9999 -9999 -9999 -9999 -9999 -9999 -9999 -9999 -9999 -9999 -9999 -9999 -9999 -9999 -9999 -9999 -9999 -9999 -9999 -9999 -9999 -9999 -9999 -9999 119 116 113 108 103 99 95 93 91 89 85 80 76 74 -9999 -9999 -9999 -9999 -9999 -9999 71 -9999 -9999 -9999 -9999 -9999 87 90 94 104 108 102 94 87 81 77 73 71 69 68 66 65 64 62 61 59 57 55 54 53 54 54 -9999 -9999 -9999 -9999 -9999 -9999 -9999 -9999 -9999 -9999 -9999 -9999 -9999 -9999 -9999 -9999 -9999 -9999 -9999
-9999 -9999 -9999 -9999 -9999 -9999 -9999 -9999 -9999 -9999 -9999 -9999 -9999 -9999 -9999 -9999 -9999 -9999 -9999 -9999 -9999 -9999 -9999 -9999 122 121 118 113 107 102 97 94 93 90 87 83 79 75 73 70 70 -9999 -9999 -9999 -9999 -9999 -9999 -9999 -9999 -9999 -9999 -9999 86 89 92 98 96 92 85 80 76 73 70 68 66 65 64 63 61 60 59 58 56 55 55 55 55 -9999 -9999 -9999 -9999 -9999 -9999 -9999 -9999 -9999 -9999 -9999 -9999 -9999 -9999 -9999 -9999 -9999 -9999 -9999
-9999 -9999 -9999 -9999 -9999 -9999 -9999 -9999 -9999 -9999 -9999 -9999 -9999 -9999 -9999 -9999 -9999 -9999 -9999 -9999 -9999 -9999 -9999 -9999 121 120 118 114 109 104 100 97 93 91 87 83 78 74 71 70 68 67 -9999 -9999 -9999 -9999 -9999 -9999 -9999 -9999 -9999 79 82 85 87 90 90 86 82 77 74 70 68 67 66 64 63 62 60 60 59 58 57 -9999 57 57 -9999 -9999 -9999 -9999 -9999 -9999 -9999 -9999 -9999 -9999 -9999 -9999 -9999 -9999 -9999 -9999 -9999 -9999 -9999 -9999
-9999 -9999 -9999 -9999 -9999 -9999 -9999 -9999 -9999 -9999 -9999 -9999 -9999 -9999 -9999 -9999 -9999 -9999 -9999 -9999 -9999 -9999 -9999 -9999 119 118 116 114 111 107 103 99 96 92 88 83 78 74 70 68 66 66 -9999 -9999 -9999 -9999 65 -9999 -9999 -9999 -9999 74 76 78 82 86 86 83 77 73 68 67 66 64 63 63 62 61 60 59 59 59 58 -9999 59 59 -9999 -9999 -9999 -9999 -9999 -9999 -9999 -9999 -9999 -9999 -9999 -9999 -9999 -9999 -9999 -9999 -9999 -9999 -9999 -9999
-9999 -9999 -9999 -9999 -9999 -9999 -9999 -9999 -9999 -9999 -9999 -9999 -9999 -9999 -9999 -9999 -9999 -9999 -9999 -9999 -9999 -9999 -9999 -9999 117 116 115 113 111 109 106 102 99 94 89 83 79 75 -9999 68 65 -9999 -9999 -9999 -9999 -9999 -9999 -9999 67 68 69 71 73 74 78 80 81 79 75 70 64 62 62 62 62 62 61 -9999 59 59 60 60 -9999 -9999 -9999 -9999 -9999 -9999 -9999 -9999 -9999 -9999 -9999 -9999 -9999 -9999 -9999 -9999 -9999 -9999 -9999 -9999 -9999 -9999 -9999 -9999
