resultados/variables_proyeccion_tiempo/variables_futuro_ccsm_A1B/bio15.asc
ncols 330
nrows 228
xllcorner -12.000000
yllcorner 34.000000
cellsize 0.166667
NODATA_value -9999
[rows 147 to 195 of 228, columns 0 to 95 of 330]
-9999 -9999 -9999 -9999 -9999 -9999 -9999 -9999 -9999 -9999 -9999 -9999 -9999 -9999 -9999 -9999 -9999 -9999 -9999 -9999 -9999 -9999 -9999 -9999 -9999 -9999 -9999 -9999 -9999 -9999 -9999 -9999 -9999 -9999 -9999 -9999 -9999 -9999 -9999 -9999 -9999 -9999 -9999 -9999 -9999 -9999 -9999 -9999 -9999 -9999 -9999 -9999 42 42 41 -9999 -9999 37 37 36 35 34 34 33 32 31 30 29 27 27 26 26 25 24 23 22 21 20 19 18 17 16 16 15 14 13 12 12 12 12 13 12 12 12 13 14
-9999 -9999 -9999 -9999 -9999 -9999 -9999 -9999 -9999 -9999 -9999 -9999 -9999 -9999 -9999 -9999 -9999 -9999 -9999 -9999 -9999 -9999 -9999 -9999 -9999 -9999 -9999 -9999 -9999 -9999 -9999 -9999 -9999 -9999 -9999 -9999 -9999 -9999 -9999 -9999 -9999 -9999 -9999 -9999 -9999 -9999 -9999 -9999 -9999 -9999 -9999 -9999 42 43 -9999 -9999 -9999 38 37 36 36 35 35 34 32 31 30 29 28 27 26 25 25 24 23 22 21 20 19 18 17 16 16 14 14 13 12 12 12 12 13 12 12 12 13 14
-9999 -9999 -9999 -9999 -9999 -9999 -9999 -9999 -9999 -9999 -9999 -9999 -9999 -9999 -9999 -9999 -9999 -9999 -9999 -9999 -9999 -9999 -9999 -9999 -9999 -9999 -9999 -9999 -9999 -9999 -9999 -9999 -9999 -9999 -9999 -9999 -9999 -9999 -9999 -9999 -9999 -9999 -9999 -9999 -9999 -9999 -9999 -9999 -9999 -9999 -9999 -9999 -9999 -9999 -9999 -9999 -9999 -9999 38 37 37 36 35 34 33 32 31 30 29 28 27 26 25 24 23 22 21 20 19 18 17 16 16 15 14 13 12 12 12 12 13 13 12 12 12 13
-9999 -9999 -9999 -9999 -9999 -9999 -9999 -9999 -9999 -9999 -9999 -9999 -9999 -9999 -9999 -9999 -9999 -9999 -9999 -9999 -9999 -9999 -9999 -9999 -9999 -9999 -9999 -9999 -9999 -9999 -9999 -9999 -9999 -9999 -9999 -9999 -9999 -9999 -9999 -9999 -9999 -9999 -9999 -9999 -9999 -9999 -9999 -9999 -9999 -9999 -9999 -9999 -9999 -9999 -9999 -9999 -9999 -9999 38 38 37 36 35 35 34 33 32 31 30 29 28 27 26 24 23 22 21 20 19 18 17 17 16 15 14 13 12 11 11 12 12 12 12 11 11 12
-9999 -9999 -9999 -9999 -9999 -9999 -9999 -9999 -9999 -9999 -9999 -9999 -9999 -9999 -9999 -9999 -9999 -9999 -9999 -9999 -9999 -9999 -9999 -9999 -9999 -9999 -9999 -9999 -9999 -9999 -9999 -9999 -9999 -9999 -9999 -9999 -9999 -9999 -9999 -9999 -9999 -9999 -9999 -9999 -9999 -9999 -9999 -9999 -9999 -9999 -9999 -9999 -9999 -9999 -9999 -9999 -9999 -9999 -9999 38 37 36 35 35 34 34 33 31 30 29 29 27 26 25 24 22 21 20 19 19 18 17 16 15 14 13 11 11 11 11 11 11 11 11 11 11
-9999 -9999 -9999 -9999 -9999 -9999 -9999 -9999 -9999 -9999 -9999 -9999 -9999 -9999 -9999 -9999 -9999 -9999 -9999 -9999 -9999 -9999 -9999 -9999 -9999 -9999 -9999 -9999 -9999 -9999 -9999 -9999 -9999 -9999 -9999 -9999 -9999 -9999 -9999 -9999 -9999 -9999 -9999 -9999 -9999 -9999 -9999 -9999 -9999 -9999 -9999 -9999 -9999 -9999 -9999 -9999 -9999 -9999 -9999 -9999 37 36 36 35 35 35 34 33 32 30 29 28 26 25 24 23 22 21 20 19 18 17 16 15 13 12 11 10 10 10 11 11 11 12 11 11
-9999 -9999 -9999 -9999 -9999 -9999 -9999 -9999 -9999 -9999 -9999 -9999 -9999 -9999 -9999 -9999 -9999 -9999 -9999 -9999 -9999 -9999 -9999 -9999 -9999 -9999 -9999 -9999 -9999 -9999 -9999 -9999 -9999 -9999 -9999 -9999 -9999 -9999 -9999 -9999 -9999 -9999 -9999 -9999 -9999 -9999 -9999 -9999 -9999 -9999 -9999 -9999 -9999 -9999 -9999 -9999 -9999 -9999 -9999 -9999 -9999 36 36 36 35 35 34 34 33 32 31 29 27 26 24 23 22 21 21 20 18 17 16 14 13 11 11 11 10 11 12 12 12 13 13 13
-9999 -9999 -9999 -9999 -9999 -9999 -9999 -9999 -9999 -9999 -9999 -9999 -9999 -9999 -9999 -9999 -9999 -9999 -9999 -9999 -9999 -9999 -9999 -9999 -9999 -9999 -9999 -9999 -9999 -9999 -9999 -9999 -9999 -9999 -9999 -9999 -9999 -9999 -9999 -9999 -9999 -9999 -9999 -9999 -9999 -9999 -9999 -9999 -9999 -9999 -9999 -9999 -9999 -9999 -9999 -9999 -9999 -9999 -9999 -9999 -9999 -9999 37 36 36 35 35 34 33 33 31 29 27 26 25 24 22 21 20 20 18 17 16 14 12 11 10 11 12 13 14 14 14 14 14 15
-9999 -9999 -9999 -9999 -9999 -9999 -9999 -9999 -9999 -9999 -9999 -9999 -9999 -9999 -9999 -9999 -9999 -9999 -9999 -9999 -9999 -9999 -9999 -9999 -9999 -9999 -9999 -9999 -9999 -9999 -9999 -9999 -9999 -9999 -9999 -9999 -9999 -9999 -9999 -9999 -9999 -9999 -9999 -9999 -9999 -9999 -9999 -9999 -9999 -9999 -9999 -9999 -9999 -9999 -9999 -9999 -9999 -9999 -9999 -9999 -9999 -9999 -9999 36 -9999 35 34 33 32 32 30 29 27 26 25 24 22 22 21 20 18 17 16 14 12 11 11 12 12 15 16 17 16 16 15 16
-9999 -9999 -9999 -9999 -9999 -9999 -9999 -9999 -9999 -9999 -9999 -9999 -9999 -9999 -9999 -9999 -9999 -9999 -9999 -9999 -9999 -9999 -9999 -9999 -9999 -9999 -9999 -9999 -9999 -9999 -9999 -9999 -9999 -9999 -9999 -9999 -9999 -9999 -9999 -9999 -9999 -9999 -9999 -9999 -9999 -9999 -9999 -9999 -9999 -9999 -9999 -9999 -9999 -9999 -9999 -9999 -9999 -9999 -9999 -9999 -9999 -9999 -9999 36 36 35 34 33 32 31 30 29 27 26 25 24 23 22 21 20 19 18 16 13 12 11 11 12 14 15 20 21 19 18 15 16
-9999 -9999 -9999 -9999 -9999 -9999 -9999 -9999 -9999 -9999 -9999 -9999 -9999 -9999 -9999 -9999 -9999 -9999 -9999 -9999 -9999 -9999 -9999 -9999 -9999 -9999 -9999 -9999 -9999 -9999 -9999 -9999 -9999 -9999 -9999 -9999 -9999 -9999 -9999 -9999 -9999 -9999 -9999 -9999 -9999 -9999 -9999 -9999 -9999 -9999 -9999 -9999 -9999 -9999 -9999 -9999 -9999 -9999 -9999 -9999 -9999 -9999 -9999 -9999 35 34 33 32 31 30 29 28 27 26 25 23 22 22 21 20 19 18 15 13 12 11 12 13 14 15 22 24 22 20 15 17
-9999 -9999 -9999 -9999 -9999 -9999 -9999 -9999 -9999 -9999 -9999 -9999 -9999 -9999 -9999 -9999 -9999 -9999 -9999 -9999 -9999 -9999 -9999 -9999 -9999 -9999 -9999 -9999 -9999 -9999 -9999 -9999 -9999 -9999 -9999 -9999 -9999 -9999 -9999 -9999 -9999 -9999 -9999 -9999 -9999 -9999 -9999 -9999 -9999 -9999 -9999 -9999 -9999 -9999 -9999 -9999 -9999 -9999 -9999 -9999 -9999 -9999 -9999 -9999 -9999 34 33 31 30 30 29 28 27 25 24 23 22 21 20 19 18 17 15 13 12 12 12 13 12 14 20 23 22 18 18 13
-9999 -9999 -9999 -9999 -9999 -9999 -9999 -9999 -9999 -9999 -9999 -9999 -9999 -9999 -9999 -9999 -9999 -9999 -9999 -9999 -9999 -9999 -9999 -9999 -9999 -9999 -9999 -9999 -9999 -9999 -9999 -9999 -9999 -9999 -9999 -9999 -9999 -9999 -9999 -9999 -9999 -9999 -9999 -9999 -9999 -9999 -9999 -9999 -9999 -9999 -9999 -9999 -9999 -9999 -9999 -9999 -9999 -9999 -9999 -9999 -9999 -9999 -9999 -9999 -9999 33 32 31 30 29 28 27 25 25 24 23 22 21 20 19 18 16 15 13 12 12 13 13 13 13 16 22 21 18 19 16
-9999 -9999 -9999 -9999 -9999 -9999 -9999 -9999 -9999 -9999 -9999 -9999 -9999 -9999 -9999 -9999 -9999 -9999 -9999 -9999 -9999 -9999 -9999 -9999 -9999 -9999 -9999 -9999 -9999 -9999 -9999 -9999 -9999 -9999 -9999 -9999 -9999 -9999 -9999 -9999 -9999 -9999 -9999 -9999 -9999 -9999 -9999 -9999 -9999 -9999 -9999 -9999 -9999 -9999 -9999 -9999 -9999 -9999 -9999 -9999 -9999 -9999 -9999 -9999 -9999 33 32 31 30 28 27 26 26 25 23 22 21 21 19 18 18 16 14 13 12 12 12 12 13 13 16 19 21 20 18 18
-9999 -9999 -9999 -9999 -9999 -9999 -9999 -9999 -9999 -9999 -9999 -9999 -9999 -9999 -9999 -9999 -9999 -9999 -9999 -9999 -9999 -9999 -9999 -9999 -9999 -9999 -9999 -9999 -9999 -9999 -9999 -9999 -9999 -9999 -9999 -9999 -9999 -9999 -9999 -9999 -9999 -9999 -9999 -9999 -9999 -9999 -9999 -9999 -9999 -9999 -9999 -9999 -9999 -9999 -9999 -9999 -9999 -9999 -9999 -9999 -9999 -9999 -9999 -9999 33 32 31 31 29 28 27 26 25 24 23 22 20 19 19 18 17 16 15 14 13 13 12 12 12 14 15 15 18 19 19 20
-9999 -9999 -9999 -9999 -9999 -9999 -9999 -9999 -9999 -9999 -9999 -9999 -9999 -9999 -9999 -9999 -9999 -9999 -9999 -9999 -9999 -9999 -9999 -9999 -9999 -9999 -9999 -9999 -9999 -9999 -9999 -9999 -9999 -9999 -9999 -9999 -9999 -9999 -9999 -9999 -9999 -9999 -9999 -9999 -9999 -9999 -9999 -9999 -9999 -9999 -9999 -9999 -9999 -9999 -9999 -9999 -9999 -9999 -9999 -9999 -9999 -9999 -9999 -9999 32 32 31 30 29 28 27 26 25 24 23 21 20 19 18 17 16 15 15 14 13 13 13 13 14 14 15 15 14 16 15 16
-9999 -9999 -9999 -9999 -9999 -9999 -9999 -9999 -9999 -9999 -9999 -9999 -9999 -9999 -9999 -9999 -9999 -9999 -9999 -9999 -9999 -9999 -9999 -9999 -9999 -9999 -9999 -9999 -9999 -9999 -9999 -9999 -9999 -9999 -9999 -9999 -9999 -9999 -9999 -9999 -9999 -9999 -9999 -9999 -9999 -9999 -9999 -9999 -9999 -9999 -9999 -9999 -9999 -9999 -9999 -9999 -9999 -9999 -9999 -9999 -9999 -9999 -9999 -9999 32 32 31 30 29 28 26 25 24 23 22 21 20 18 17 16 15 15 14 14 14 14 14 14 14 14 14 14 14 12 14 12
-9999 -9999 -9999 -9999 -9999 -9999 -9999 -9999 -9999 -9999 -9999 -9999 -9999 -9999 -9999 -9999 -9999 -9999 -9999 -9999 -9999 -9999 -9999 -9999 -9999 -9999 -9999 -9999 -9999 -9999 -9999 -9999 -9999 -9999 -9999 -9999 -9999 -9999 -9999 -9999 -9999 -9999 -9999 -9999 -9999 -9999 -9999 -9999 -9999 -9999 -9999 -9999 -9999 -9999 -9999 -9999 -9999 -9999 -9999 -9999 -9999 -9999 -9999 -9999 33 32 31 30 28 27 26 25 24 23 22 20 19 17 16 15 15 14 14 14 15 15 15 15 16 15 14 15 15 13 12 13
-9999 -9999 -9999 -9999 -9999 -9999 -9999 -9999 -9999 -9999 -9999 -9999 -9999 -9999 -9999 -9999 -9999 -9999 -9999 -9999 -9999 -9999 -9999 -9999 -9999 -9999 -9999 -9999 -9999 -9999 -9999 -9999 -9999 -9999 -9999 -9999 -9999 -9999 -9999 -9999 -9999 -9999 -9999 -9999 -9999 -9999 -9999 -9999 -9999 -9999 -9999 -9999 -9999 -9999 -9999 -9999 -9999 -9999 -9999 -9999 -9999 -9999 -9999 -9999 33 33 31 30 28 27 26 24 23 22 21 20 18 17 16 15 15 15 14 14 15 15 15 16 17 17 17 17 16 15 13 15
-9999 -9999 -9999 -9999 -9999 -9999 -9999 -9999 -9999 -9999 -9999 -9999 -9999 -9999 -9999 -9999 -9999 -9999 -9999 -9999 -9999 -9999 -9999 -9999 -9999 -9999 -9999 -9999 -9999 -9999 -9999 -9999 -9999 -9999 -9999 -9999 -9999 -9999 -9999 -9999 -9999 -9999 -9999 -9999 -9999 -9999 -9999 -9999 -9999 -9999 -9999 -9999 -9999 -9999 -9999 -9999 -9999 -9999 -9999 -9999 -9999 -9999 -9999 -9999 34 33 31 29 28 26 25 23 22 22 20 18 17 16 15 14 14 15 14 15 15 15 16 16 17 17 18 17 15 16 17 19
-9999 -9999 -9999 -9999 -9999 -9999 -9999 -9999 -9999 -9999 -9999 -9999 -9999 -9999 -9999 -9999 -9999 -9999 -9999 -9999 -9999 -9999 -9999 -9999 -9999 -9999 -9999 -9999 -9999 -9999 -9999 -9999 -9999 -9999 -9999 -9999 -9999 -9999 -9999 -9999 -9999 -9999 -9999 -9999 -9999 -9999 -9999 -9999 -9999 -9999 -9999 -9999 -9999 -9999 -9999 -9999 -9999 -9999 -9999 -9999 -9999 -9999 -9999 -9999 34 33 31 29 28 26 24 23 21 21 19 18 17 15 14 14 14 14 14 15 16 16 16 17 18 19 20 18 16 15 21 24
-9999 -9999 -9999 -9999 -9999 -9999 -9999 -9999 -9999 -9999 -9999 -9999 -9999 -9999 -9999 -9999 -9999 -9999 -9999 -9999 -9999 -9999 -9999 -9999 -9999 -9999 -9999 -9999 -9999 -9999 -9999 -9999 -9999 -9999 -9999 -9999 -9999 -9999 -9999 -9999 -9999 -9999 -9999 -9999 -9999 -9999 -9999 -9999 -9999 -9999 -9999 -9999 -9999 -9999 -9999 -9999 -9999 -9999 -9999 -9999 -9999 -9999 -9999 34 34 33 31 30 28 26 24 22 21 20 18 16 15 14 13 13 13 14 15 16 17 17 17 18 20 21 19 19 19 22 25 28
-9999 -9999 -9999 -9999 -9999 -9999 -9999 -9999 -9999 -9999 -9999 -9999 -9999 -9999 -9999 -9999 -9999 -9999 -9999 -9999 -9999 -9999 -9999 49 47 47 47 47 -9999 -9999 -9999 -9999 -9999 -9999 -9999 -9999 -9999 -9999 -9999 -9999 -9999 -9999 -9999 -9999 -9999 -9999 -9999 -9999 -9999 -9999 -9999 -9999 -9999 -9999 -9999 -9999 -9999 -9999 -9999 -9999 -9999 -9999 -9999 34 34 33 32 30 28 26 24 22 20 18 17 15 14 13 12 12 12 14 15 17 18 18 17 16 17 18 20 22 24 26 28 31
-9999 -9999 -9999 -9999 -9999 -9999 -9999 -9999 -9999 -9999 -9999 -9999 -9999 -9999 -9999 -9999 -9999 -9999 -9999 -9999 -9999 -9999 52 50 48 47 47 47 47 45 44 43 41 39 39 38 38 38 38 37 37 -9999 -9999 -9999 -9999 -9999 -9999 -9999 -9999 -9999 -9999 -9999 -9999 -9999 -9999 -9999 -9999 -9999 -9999 -9999 -9999 -9999 33 33 33 33 31 29 27 25 22 21 19 17 15 14 12 11 11 10 11 13 15 17 19 20 18 16 16 19 23 25 30 30 33 36
-9999 -9999 -9999 -9999 -9999 -9999 -9999 -9999 -9999 -9999 -9999 -9999 -9999 -9999 -9999 -9999 -9999 -9999 -9999 -9999 -9999 54 53 51 50 48 47 47 46 46 43 42 40 39 38 38 38 38 36 37 37 38 37 36 38 39 38 39 40 39 38 38 39 39 40 37 35 36 -9999 -9999 30 32 32 32 32 32 30 28 26 24 21 19 18 15 14 12 11 10 9 9 10 12 14 17 17 14 16 18 21 24 28 30 32 35 36 -9999
-9999 -9999 -9999 -9999 -9999 -9999 -9999 -9999 -9999 -9999 -9999 -9999 -9999 -9999 -9999 -9999 -9999 62 58 57 55 54 54 52 51 51 50 48 47 45 45 42 41 40 39 37 37 37 37 35 34 34 32 32 34 35 36 37 37 35 34 35 35 37 39 37 33 32 31 31 30 30 31 30 31 30 29 27 25 23 20 18 16 14 12 11 10 9 9 9 10 11 13 16 20 23 25 26 28 29 30 31 34 36 -9999 -9999
-9999 -9999 -9999 -9999 -9999 -9999 -9999 -9999 -9999 -9999 -9999 -9999 -9999 -9999 -9999 -9999 64 61 58 56 56 55 54 53 53 53 51 50 48 46 46 43 43 39 38 36 37 36 35 33 32 31 30 30 32 28 30 32 32 31 30 30 33 33 33 30 30 30 29 29 28 29 29 27 27 24 26 23 21 19 18 17 14 13 12 11 10 10 9 9 10 10 11 12 16 20 18 22 26 29 31 -9999 -9999 -9999 -9999 -9999
-9999 -9999 -9999 -9999 -9999 -9999 -9999 -9999 -9999 -9999 -9999 -9999 -9999 -9999 -9999 -9999 67 61 60 59 59 58 57 56 54 53 53 52 49 49 47 44 43 40 39 37 36 35 35 33 32 32 30 28 28 28 28 29 29 30 30 30 29 28 28 27 27 26 26 26 27 30 30 26 24 22 19 16 17 14 13 13 12 11 11 10 10 9 10 10 10 11 10 11 11 15 13 17 23 29 35 -9999 -9999 -9999 -9999 -9999
-9999 -9999 -9999 -9999 -9999 -9999 -9999 -9999 -9999 -9999 -9999 -9999 -9999 -9999 -9999 -9999 -9999 66 63 62 61 60 59 57 55 55 53 52 50 49 47 48 49 44 41 40 39 39 38 36 34 32 31 30 29 28 28 28 28 28 27 28 27 28 27 26 24 24 24 25 26 30 31 29 26 23 20 17 14 12 12 11 11 10 10 10 10 8 8 9 9 10 10 10 10 11 13 20 27 35 37 -9999 -9999 -9999 -9999 -9999
-9999 -9999 -9999 -9999 -9999 -9999 -9999 -9999 -9999 -9999 -9999 -9999 -9999 -9999 -9999 -9999 -9999 66 64 64 62 60 58 58 56 56 55 55 52 50 52 56 55 49 45 43 42 41 40 37 35 33 31 30 29 28 28 27 26 26 26 27 26 26 26 24 23 22 22 24 26 28 27 27 26 23 21 19 16 14 12 11 11 10 10 9 8 8 9 9 8 9 8 9 9 11 13 15 25 33 36 -9999 -9999 -9999 -9999 -9999
-9999 -9999 -9999 -9999 -9999 -9999 -9999 -9999 -9999 -9999 -9999 -9999 -9999 -9999 -9999 -9999 -9999 -9999 66 64 64 61 60 60 58 56 55 55 56 55 56 54 49 44 45 44 42 40 39 36 34 32 30 29 28 27 27 26 25 25 25 24 24 24 24 24 22 22 20 22 24 25 26 26 22 20 17 16 15 14 11 11 11 11 10 10 10 10 11 9 14 10 11 12 10 11 12 14 20 25 31 42 -9999 -9999 -9999 -9999
-9999 -9999 -9999 -9999 -9999 -9999 -9999 -9999 -9999 -9999 -9999 -9999 -9999 -9999 -9999 -9999 -9999 -9999 65 65 65 63 60 61 59 57 56 53 53 56 50 47 47 46 45 44 41 38 36 34 32 31 29 28 27 27 26 25 24 24 23 22 21 20 20 20 20 19 19 20 22 23 24 24 22 20 17 16 15 13 12 12 12 12 12 11 12 14 12 14 17 11 12 14 16 16 16 17 22 31 37 36 -9999 -9999 -9999 -9999
-9999 -9999 -9999 -9999 -9999 -9999 -9999 -9999 -9999 -9999 -9999 -9999 -9999 -9999 -9999 -9999 -9999 -9999 64 65 65 64 61 59 58 58 57 55 55 55 50 50 52 48 46 43 40 37 35 33 31 30 29 28 27 26 26 25 24 23 22 21 21 19 19 18 18 17 17 18 19 21 22 21 21 19 17 16 16 17 17 16 15 14 13 14 14 16 17 20 19 19 19 25 24 21 17 19 24 32 38 41 -9999 -9999 -9999 -9999
-9999 -9999 -9999 -9999 -9999 -9999 -9999 -9999 -9999 -9999 -9999 -9999 -9999 -9999 -9999 -9999 -9999 -9999 66 66 64 63 61 60 58 57 58 59 57 56 55 54 53 49 45 42 39 36 34 32 31 30 29 28 27 27 25 24 24 23 22 21 20 19 18 18 18 18 17 17 19 20 21 22 22 19 17 16 17 19 19 18 19 18 17 17 17 19 21 22 22 23 25 26 25 23 19 20 29 31 39 43 -9999 -9999 -9999 -9999
-9999 -9999 -9999 -9999 -9999 -9999 -9999 -9999 -9999 -9999 -9999 -9999 -9999 -9999 -9999 -9999 -9999 -9999 67 66 65 64 62 61 60 59 60 59 58 58 55 56 53 48 44 41 38 36 34 32 30 29 28 29 28 27 26 25 25 24 23 22 20 19 19 18 18 18 18 18 16 18 21 23 24 23 18 17 19 20 22 22 23 22 23 23 24 24 23 22 22 22 24 26 23 21 21 27 35 35 42 -9999 -9999 -9999 -9999 -9999
-9999 -9999 -9999 -9999 -9999 -9999 -9999 -9999 -9999 -9999 -9999 -9999 -9999 -9999 -9999 -9999 -9999 -9999 -9999 66 65 65 64 62 62 62 60 60 60 59 56 55 52 48 44 41 38 36 34 32 30 29 28 29 28 26 26 26 25 24 23 22 22 21 20 19 18 18 18 19 19 21 24 25 26 24 21 21 22 23 23 24 25 26 26 27 26 25 24 22 21 23 24 27 28 31 31 31 38 -9999 -9999 -9999 -9999 -9999 -9999 -9999
-9999 -9999 -9999 -9999 -9999 -9999 -9999 -9999 -9999 -9999 -9999 -9999 -9999 -9999 -9999 -9999 -9999 -9999 -9999 65 64 64 63 63 63 61 61 62 61 59 57 55 52 49 45 42 39 37 34 32 30 29 29 29 28 27 26 26 26 24 24 23 22 21 20 20 19 19 19 21 22 24 26 26 27 27 25 23 24 26 26 26 27 28 29 27 25 23 23 24 22 24 28 30 36 38 -9999 -9999 -9999 -9999 -9999 -9999 -9999 -9999 -9999 -9999
-9999 -9999 -9999 -9999 -9999 -9999 -9999 -9999 -9999 -9999 -9999 -9999 -9999 -9999 -9999 -9999 -9999 -9999 -9999 63 63 62 62 63 62 64 63 63 60 60 58 55 52 49 46 42 39 37 34 31 30 29 28 29 28 28 27 27 26 26 24 21 20 20 20 19 18 18 20 22 24 26 28 29 30 29 28 27 27 28 29 31 31 30 31 33 28 24 27 33 30 30 31 32 40 -9999 -9999 -9999 -9999 -9999 -9999 -9999 -9999 -9999 -9999 -9999
-9999 -9999 -9999 -9999 -9999 -9999 -9999 -9999 -9999 -9999 -9999 -9999 -9999 -9999 -9999 -9999 -9999 -9999 -9999 -9999 62 62 62 62 62 62 63 62 61 60 58 56 52 49 45 42 40 38 34 30 29 29 28 28 28 27 27 27 25 24 23 22 22 22 21 20 19 19 18 20 22 25 28 32 32 30 30 29 28 28 29 30 30 31 30 36 34 33 38 38 38 -9999 -9999 -9999 -9999 -9999 -9999 -9999 -9999 -9999 -9999 -9999 -9999 -9999 -9999 -9999
-9999 -9999 -9999 -9999 -9999 -9999 -9999 -9999 -9999 -9999 -9999 -9999 -9999 -9999 -9999 -9999 -9999 -9999 -9999 60 60 60 60 61 61 61 62 61 60 59 57 54 51 48 44 41 39 37 32 29 28 28 28 29 29 28 28 27 24 24 27 27 26 25 23 21 20 19 20 20 23 25 29 34 36 30 30 29 28 27 29 28 28 28 33 35 38 39 -9999 -9999 -9999 -9999 -9999 -9999 -9999 -9999 -9999 -9999 -9999 -9999 -9999 -9999 -9999 -9999 -9999 -9999
-9999 -9999 -9999 -9999 -9999 -9999 -9999 -9999 -9999 -9999 -9999 -9999 -9999 -9999 -9999 -9999 -9999 -9999 -9999 60 59 59 59 60 60 61 61 60 59 58 56 54 51 47 44 41 38 35 33 31 29 29 29 30 32 30 27 26 25 28 32 30 28 26 23 22 21 20 20 20 21 24 26 34 32 29 27 26 26 26 28 25 24 24 36 42 44 45 -9999 -9999 -9999 -9999 -9999 -9999 -9999 -9999 -9999 -9999 -9999 -9999 -9999 -9999 -9999 -9999 -9999 -9999
-9999 -9999 -9999 -9999 -9999 -9999 -9999 -9999 -9999 -9999 -9999 -9999 -9999 -9999 -9999 -9999 -9999 -9999 -9999 59 59 58 59 60 60 60 60 60 58 57 55 53 50 47 43 40 38 35 33 31 30 29 29 30 31 30 28 28 29 33 35 34 31 26 24 23 22 21 20 20 20 20 23 29 34 31 27 24 22 22 25 24 28 34 39 40 44 -9999 -9999 -9999 -9999 -9999 -9999 -9999 -9999 -9999 -9999 -9999 -9999 -9999 -9999 -9999 -9999 -9999 -9999 -9999
-9999 -9999 -9999 -9999 -9999 -9999 -9999 -9999 -9999 -9999 -9999 -9999 -9999 -9999 -9999 -9999 -9999 -9999 -9999 60 59 59 59 59 59 59 60 59 57 56 54 52 49 46 44 41 38 36 33 31 30 29 29 30 30 29 29 30 31 33 36 36 30 27 25 25 23 23 22 20 19 19 22 27 33 33 25 22 17 19 24 26 32 36 41 -9999 -9999 -9999 -9999 -9999 -9999 -9999 -9999 -9999 -9999 -9999 -9999 -9999 -9999 -9999 -9999 -9999 -9999 -9999 -9999 -9999
-9999 -9999 -9999 -9999 -9999 -9999 -9999 -9999 -9999 -9999 -9999 -9999 -9999 -9999 -9999 -9999 -9999 -9999 63 61 59 59 59 59 60 60 59 57 56 55 53 51 49 47 44 42 39 36 33 32 30 31 31 31 31 30 30 30 31 32 34 33 30 28 27 25 24 23 22 21 20 20 21 24 30 31 28 27 23 23 27 33 36 39 44 -9999 -9999 -9999 -9999 -9999 -9999 -9999 -9999 -9999 -9999 -9999 -9999 -9999 -9999 -9999 -9999 -9999 -9999 -9999 -9999 -9999
-9999 -9999 -9999 -9999 -9999 -9999 -9999 -9999 -9999 -9999 -9999 -9999 -9999 -9999 -9999 -9999 -9999 -9999 65 62 60 59 60 60 60 59 58 57 55 54 53 51 49 47 44 42 40 38 38 37 36 35 34 32 33 32 31 31 31 32 33 32 31 29 27 25 24 23 23 22 20 21 22 24 29 22 22 27 28 29 34 38 40 -9999 -9999 -9999 -9999 -9999 -9999 -9999 -9999 -9999 -9999 -9999 -9999 -9999 -9999 -9999 -9999 -9999 -9999 -9999 -9999 -9999 62 62
-9999 -9999 -9999 -9999 -9999 -9999 -9999 -9999 -9999 -9999 -9999 -9999 -9999 -9999 -9999 -9999 -9999 -9999 68 63 62 61 61 60 60 59 58 56 55 54 52 51 49 47 45 43 42 41 40 39 38 37 36 35 35 33 32 31 31 32 31 30 29 28 27 26 25 24 23 23 22 22 22 24 25 25 23 24 30 30 38 44 45 -9999 -9999 -9999 -9999 -9999 -9999 -9999 -9999 -9999 -9999 -9999 -9999 -9999 -9999 -9999 53 49 55 55 -9999 -9999 -9999 63
-9999 -9999 -9999 -9999 -9999 -9999 -9999 -9999 -9999 -9999 -9999 -9999 -9999 -9999 -9999 -9999 -9999 73 69 65 63 63 62 61 60 59 58 56 55 53 52 51 49 47 46 45 43 42 40 39 39 38 37 36 35 34 33 32 32 32 32 31 30 30 28 27 26 24 24 22 22 22 23 23 24 27 29 30 32 37 44 46 -9999 -9999 -9999 -9999 -9999 -9999 -9999 -9999 -9999 -9999 -9999 -9999 -9999 -9999 -9999 50 49 52 56 56 57 -9999 -9999 -9999
-9999 -9999 -9999 -9999 -9999 -9999 -9999 -9999 -9999 -9999 -9999 -9999 -9999 -9999 -9999 -9999 -9999 73 69 64 64 64 63 62 60 59 57 56 54 53 52 50 49 48 47 45 44 42 42 40 39 39 38 36 36 34 34 33 33 33 33 32 32 31 29 28 26 25 24 24 23 23 24 24 25 25 29 37 43 47 49 -9999 -9999 -9999 -9999 -9999 -9999 -9999 -9999 -9999 -9999 -9999 -9999 -9999 -9999 -9999 56 55 58 55 56 56 59 -9999 -9999 -9999
-9999 -9999 -9999 -9999 -9999 -9999 -9999 -9999 -9999 -9999 -9999 -9999 -9999 -9999 -9999 82 77 73 68 66 66 64 63 62 60 58 57 56 54 52 50 50 49 48 47 46 45 44 43 41 41 41 41 40 38 37 36 35 34 34 34 34 33 32 31 29 28 27 26 26 25 26 26 28 28 27 29 37 44 50 51 -9999 -9999 -9999 -9999 -9999 -9999 -9999 -9999 -9999 -9999 -9999 -9999 -9999 -9999 -9999 62 60 59 58 58 58 -9999 -9999 -9999 -9999
