resultados/variables_proyeccion_tiempo/variables_futuro_ccsm_A1B/bio19.asc
ncols 330
nrows 228
xllcorner -12.000000
yllcorner 34.000000
cellsize 0.166667
NODATA_value -9999
[rows 41 to 81 of 228, columns 93 to 185 of 330]
-9999 -9999 -9999 -9999 -9999 -9999 -9999 -9999 -9999 -9999 -9999 -9999 -9999 -9999 -9999 -9999 -9999 -9999 -9999 -9999 -9999 -9999 -9999 -9999 -9999 -9999 -9999 -9999 -9999 -9999 -9999 -9999 -9999 -9999 -9999 -9999 -9999 -9999 -9999 -9999 -9999 -9999 -9999 -9999 -9999 432 -9999 -9999 524 541 544 550 552 545 552 538 526 513 493 468 441 411 385 360 332 304 280 256 235 218 211 206 185 175 166 161 151 144 140 135 126 120 119 121 123 124 126 126 125 126 127 127 128
-9999 -9999 -9999 -9999 -9999 -9999 -9999 -9999 -9999 -9999 -9999 -9999 -9999 -9999 -9999 -9999 -9999 -9999 -9999 -9999 -9999 -9999 -9999 -9999 -9999 -9999 -9999 -9999 -9999 -9999 -9999 -9999 -9999 -9999 -9999 -9999 -9999 -9999 -9999 -9999 -9999 -9999 -9999 421 438 461 466 502 532 553 562 558 531 531 523 518 499 478 458 434 406 381 353 325 297 275 259 242 227 215 198 186 178 166 157 153 148 142 137 131 126 122 124 127 128 127 128 127 127 127 127 128 129
-9999 -9999 -9999 -9999 -9999 -9999 -9999 -9999 -9999 -9999 -9999 -9999 -9999 -9999 -9999 -9999 -9999 -9999 -9999 -9999 -9999 -9999 -9999 -9999 -9999 -9999 -9999 -9999 -9999 -9999 -9999 -9999 -9999 -9999 -9999 -9999 -9999 -9999 -9999 -9999 -9999 -9999 -9999 -9999 -9999 -9999 480 495 513 536 551 521 520 513 500 480 461 442 421 396 371 350 323 295 277 262 245 226 214 195 182 174 167 160 154 145 140 135 133 127 124 125 128 130 131 132 131 130 131 132 132 132 133
-9999 -9999 -9999 -9999 -9999 -9999 -9999 -9999 -9999 -9999 -9999 -9999 -9999 -9999 -9999 -9999 -9999 -9999 -9999 -9999 -9999 -9999 -9999 -9999 -9999 -9999 -9999 -9999 -9999 -9999 -9999 -9999 -9999 -9999 -9999 -9999 -9999 -9999 -9999 -9999 -9999 -9999 -9999 414 421 443 456 473 487 500 502 498 489 474 458 442 427 408 387 365 340 316 292 268 257 240 225 209 195 185 174 163 156 150 147 147 143 135 130 126 126 126 128 133 135 137 137 137 136 136 136 136 137
-9999 -9999 -9999 -9999 -9999 -9999 -9999 -9999 -9999 -9999 -9999 -9999 -9999 -9999 -9999 -9999 -9999 -9999 -9999 -9999 -9999 -9999 -9999 -9999 -9999 -9999 -9999 -9999 -9999 -9999 -9999 -9999 -9999 -9999 -9999 -9999 -9999 -9999 -9999 -9999 -9999 382 392 405 417 428 429 437 448 452 451 450 443 431 418 405 388 372 352 329 310 291 276 256 233 217 204 192 185 172 165 157 149 145 141 138 138 135 132 128 128 128 129 132 136 139 142 143 143 143 143 144 143
-9999 -9999 -9999 -9999 -9999 -9999 -9999 -9999 -9999 -9999 -9999 -9999 -9999 -9999 -9999 -9999 -9999 -9999 -9999 -9999 -9999 -9999 -9999 -9999 -9999 -9999 -9999 -9999 -9999 -9999 -9999 -9999 -9999 -9999 -9999 -9999 -9999 -9999 -9999 -9999 368 375 385 390 395 401 401 406 412 413 409 404 395 386 378 367 351 337 322 303 283 266 256 245 228 210 196 183 170 161 153 148 144 140 140 134 130 131 130 129 128 130 131 133 136 141 143 144 146 150 149 148 148
-9999 -9999 -9999 -9999 -9999 -9999 -9999 -9999 -9999 -9999 -9999 -9999 -9999 -9999 -9999 -9999 -9999 -9999 -9999 -9999 -9999 -9999 -9999 -9999 -9999 -9999 -9999 -9999 -9999 -9999 -9999 -9999 -9999 -9999 -9999 -9999 -9999 -9999 348 354 362 364 368 373 373 373 373 373 368 368 368 367 363 355 347 337 321 306 295 285 267 247 225 209 202 195 186 177 164 156 149 144 141 138 133 132 130 129 130 130 132 131 132 135 140 145 146 148 148 150 153 155 154
-9999 -9999 -9999 -9999 -9999 -9999 -9999 -9999 -9999 -9999 -9999 -9999 -9999 -9999 -9999 -9999 -9999 -9999 -9999 -9999 -9999 -9999 -9999 -9999 -9999 -9999 -9999 -9999 -9999 -9999 -9999 -9999 -9999 374 -9999 -9999 -9999 335 338 344 346 346 348 347 341 332 330 333 335 338 336 331 329 324 315 305 290 283 272 260 248 230 209 193 178 170 165 158 152 147 141 138 137 134 132 131 129 128 130 131 133 132 134 140 143 149 150 151 152 153 156 156 156
-9999 -9999 -9999 -9999 -9999 -9999 -9999 -9999 -9999 -9999 -9999 -9999 -9999 -9999 -9999 -9999 -9999 -9999 -9999 -9999 -9999 -9999 -9999 -9999 -9999 -9999 -9999 -9999 424 426 423 414 400 -9999 -9999 338 328 334 332 332 331 327 320 319 312 293 296 297 302 303 303 301 295 288 285 279 263 251 244 229 214 201 192 180 166 152 145 142 139 136 135 134 132 131 132 130 131 131 130 129 129 132 138 142 147 149 153 155 157 157 160 159 158
-9999 -9999 -9999 -9999 -9999 -9999 -9999 -9999 -9999 -9999 -9999 -9999 -9999 -9999 -9999 -9999 -9999 -9999 -9999 -9999 -9999 -9999 -9999 -9999 -9999 -9999 -9999 -9999 -9999 433 429 420 404 383 362 342 330 324 316 310 309 311 306 279 277 273 272 274 276 276 273 273 266 262 254 250 240 229 222 209 193 179 167 158 146 138 134 132 134 134 131 130 131 132 132 132 132 132 132 132 133 135 140 144 148 152 153 158 160 162 162 165 163
-9999 -9999 -9999 -9999 -9999 -9999 -9999 -9999 -9999 -9999 -9999 -9999 -9999 -9999 -9999 -9999 -9999 -9999 -9999 -9999 -9999 -9999 -9999 -9999 -9999 -9999 415 424 429 436 434 426 413 396 366 350 329 312 297 279 277 268 258 249 247 244 242 245 247 241 244 245 241 237 229 224 221 216 200 191 179 166 153 141 131 123 122 124 127 130 129 129 130 131 135 138 136 136 136 137 137 142 147 151 155 158 160 162 162 164 167 166 162
-9999 -9999 -9999 -9999 -9999 -9999 -9999 -9999 -9999 -9999 -9999 -9999 -9999 -9999 -9999 -9999 -9999 -9999 -9999 -9999 -9999 -9999 -9999 -9999 -9999 -9999 420 429 433 436 431 422 411 391 368 343 317 293 279 264 253 245 236 227 220 215 216 220 222 220 221 217 220 214 210 209 207 196 186 177 165 154 142 130 120 112 114 120 121 123 125 127 129 130 133 137 138 140 141 141 142 144 148 154 158 162 168 169 168 167 166 162 159
-9999 -9999 -9999 -9999 -9999 -9999 -9999 -9999 -9999 -9999 -9999 -9999 -9999 -9999 -9999 -9999 -9999 -9999 -9999 -9999 -9999 -9999 -9999 442 435 428 420 424 428 426 419 409 393 378 355 328 301 278 260 245 230 220 211 202 194 191 190 190 191 195 198 201 207 203 213 204 192 189 190 177 168 164 145 127 116 108 112 118 120 124 125 128 131 132 134 136 137 139 144 148 149 153 157 158 161 164 173 176 172 170 164 162 -9999
-9999 -9999 -9999 -9999 -9999 -9999 -9999 -9999 -9999 -9999 -9999 -9999 -9999 -9999 -9999 -9999 -9999 -9999 -9999 421 411 447 466 466 452 432 421 417 414 408 396 386 366 346 325 307 283 260 245 227 211 198 187 176 172 164 165 174 179 175 177 188 189 192 188 187 188 178 169 163 161 161 147 132 119 111 112 116 120 122 124 127 130 134 137 137 140 145 145 152 158 162 165 169 171 173 175 176 174 170 164 -9999 -9999
-9999 -9999 -9999 -9999 -9999 -9999 -9999 -9999 -9999 -9999 -9999 -9999 -9999 -9999 -9999 -9999 492 460 444 446 456 470 493 460 444 418 406 395 384 374 361 348 332 319 302 283 268 249 223 208 199 184 172 167 155 149 145 145 154 157 160 170 175 173 172 169 167 160 156 155 151 144 137 130 122 117 117 118 121 123 125 129 134 134 137 139 141 146 150 153 162 166 170 171 174 177 178 178 172 -9999 -9999 -9999 -9999
-9999 -9999 -9999 -9999 -9999 -9999 -9999 -9999 -9999 -9999 -9999 -9999 -9999 -9999 -9999 522 559 514 480 466 453 480 485 455 428 403 390 370 359 345 337 326 307 290 280 263 245 235 215 196 178 166 159 147 133 125 125 127 133 138 146 158 158 155 155 160 158 152 151 151 150 148 144 136 126 120 122 123 124 126 130 132 131 133 139 140 144 147 154 160 164 167 170 170 173 175 179 179 -9999 -9999 -9999 -9999 -9999
-9999 -9999 -9999 -9999 -9999 -9999 -9999 -9999 -9999 -9999 -9999 -9999 571 578 575 539 524 508 485 487 484 494 494 452 433 415 379 353 345 322 299 309 297 284 268 264 239 227 206 189 168 145 134 124 112 110 121 120 121 125 127 136 144 147 145 144 145 144 145 141 142 140 139 141 131 126 124 124 123 126 127 130 135 141 142 144 146 149 154 162 167 171 174 168 167 167 -9999 -9999 -9999 -9999 -9999 -9999 -9999
-9999 -9999 -9999 -9999 -9999 -9999 -9999 -9999 -9999 599 599 604 604 594 584 589 581 566 538 518 516 494 474 440 424 403 372 314 293 295 274 273 266 263 251 230 210 201 194 171 155 135 120 113 107 114 120 113 118 113 116 130 134 136 140 142 144 146 146 144 145 140 138 132 135 135 134 130 127 127 130 133 137 141 145 148 153 156 161 166 168 171 173 169 163 -9999 -9999 -9999 -9999 -9999 -9999 -9999 -9999
-9999 -9999 -9999 -9999 -9999 -9999 -9999 -9999 -9999 625 620 629 638 664 638 604 600 576 559 523 505 510 470 450 409 374 367 362 322 289 266 252 225 210 209 218 204 190 162 152 143 132 115 110 105 106 111 107 103 101 111 122 126 131 129 133 138 140 145 139 141 139 136 133 132 133 133 133 131 130 132 134 140 140 143 148 151 156 161 165 169 171 171 166 162 -9999 -9999 -9999 -9999 -9999 -9999 -9999 -9999
-9999 -9999 -9999 -9999 -9999 -9999 -9999 -9999 627 621 664 671 684 673 651 637 596 577 546 539 517 509 474 452 402 354 287 276 248 255 235 221 200 192 181 179 197 195 186 156 140 132 129 116 100 98 105 106 104 98 102 110 114 118 121 128 134 133 141 142 141 140 139 137 139 139 136 138 137 136 135 135 136 139 140 146 150 152 156 160 167 165 164 165 -9999 -9999 -9999 -9999 -9999 -9999 -9999 -9999 -9999
-9999 -9999 -9999 -9999 -9999 -9999 -9999 -9999 604 657 691 729 724 719 688 658 644 602 594 564 543 509 483 442 393 358 354 321 276 233 253 255 195 168 163 158 148 154 151 148 138 128 116 106 104 101 98 99 98 100 108 114 117 120 124 126 125 126 129 135 140 142 143 141 141 143 141 140 139 137 137 139 140 140 143 144 148 155 157 159 161 161 161 159 -9999 -9999 -9999 -9999 -9999 -9999 -9999 -9999 -9999
-9999 -9999 -9999 -9999 -9999 -9999 -9999 567 600 642 688 694 703 688 700 682 675 625 596 578 543 489 439 434 347 312 326 308 314 305 286 249 194 188 156 161 145 136 133 128 132 138 127 117 106 100 98 106 104 106 112 111 123 125 134 135 130 127 129 132 139 144 147 148 146 146 145 143 139 137 135 136 142 144 147 150 149 154 159 161 159 158 157 156 -9999 -9999 -9999 -9999 -9999 -9999 -9999 -9999 -9999
-9999 -9999 -9999 -9999 -9999 -9999 -9999 -9999 607 654 710 699 709 704 714 695 691 640 613 559 510 480 414 353 354 325 282 305 280 262 252 220 204 172 155 152 156 141 141 136 123 129 132 127 115 105 103 107 106 105 108 113 117 125 128 134 133 129 131 135 138 141 144 144 148 147 148 146 141 137 139 138 139 142 142 144 148 150 155 157 156 156 -9999 -9999 -9999 -9999 -9999 -9999 -9999 -9999 -9999 -9999 -9999
-9999 -9999 -9999 -9999 -9999 -9999 -9999 535 588 637 691 716 735 742 748 734 686 648 625 554 536 456 397 368 322 287 302 268 238 239 224 179 158 162 156 157 149 143 137 129 121 122 133 126 126 121 107 104 109 111 114 122 120 123 128 130 137 137 135 136 137 138 140 140 144 145 142 141 140 137 141 140 141 142 146 148 148 148 152 154 154 155 154 -9999 -9999 -9999 -9999 -9999 -9999 -9999 -9999 -9999 -9999
-9999 -9999 -9999 -9999 -9999 -9999 -9999 531 589 652 687 707 717 757 775 759 719 667 625 560 511 470 426 372 343 316 291 278 271 245 188 163 148 134 146 146 146 151 142 136 130 118 119 121 119 119 116 110 113 118 121 123 127 128 128 132 138 141 140 140 139 140 142 142 142 138 136 140 141 141 141 142 143 143 150 152 154 156 156 154 155 154 -9999 -9999 -9999 -9999 -9999 -9999 -9999 -9999 -9999 -9999 -9999
-9999 -9999 -9999 -9999 -9999 -9999 -9999 535 573 626 696 750 805 817 794 760 714 668 605 549 504 448 416 382 380 343 322 298 246 214 206 178 158 150 139 141 138 140 137 132 133 131 121 115 114 118 122 118 119 121 126 128 130 130 133 137 138 141 142 142 145 142 141 144 146 144 138 138 139 140 141 142 141 143 150 152 151 152 152 152 154 155 154 -9999 -9999 -9999 -9999 -9999 -9999 -9999 -9999 -9999 -9999
-9999 -9999 -9999 -9999 -9999 -9999 -9999 501 545 579 632 768 809 859 824 789 727 691 614 554 501 467 435 395 347 324 295 273 252 210 185 157 147 150 161 151 141 139 143 140 134 136 132 124 117 116 119 127 130 129 132 133 132 135 139 137 141 145 145 143 143 144 144 146 150 152 150 145 143 144 145 141 138 138 140 146 149 150 150 151 154 155 154 -9999 -9999 -9999 -9999 -9999 -9999 -9999 -9999 -9999 -9999
-9999 -9999 -9999 -9999 -9999 -9999 -9999 500 511 552 627 737 802 843 847 797 751 692 631 554 507 455 414 407 353 331 309 254 215 194 177 171 158 141 156 159 160 145 142 145 140 143 146 145 146 143 137 143 146 145 139 137 140 145 147 145 145 141 146 150 149 148 148 151 151 151 155 153 150 148 148 142 136 137 143 145 146 146 146 148 151 153 151 147 143 138 137 -9999 -9999 131 -9999 -9999 -9999
-9999 -9999 -9999 -9999 -9999 -9999 -9999 -9999 491 522 640 703 800 832 824 795 731 678 603 563 499 447 407 360 330 312 296 262 231 206 187 174 175 178 157 155 157 163 161 150 152 147 158 164 163 159 155 156 151 154 149 145 147 147 149 149 145 144 145 149 152 151 154 155 155 156 157 158 158 162 156 148 143 141 142 144 146 146 146 146 148 148 147 144 141 139 137 135 134 131 -9999 -9999 -9999
-9999 -9999 -9999 -9999 -9999 -9999 -9999 -9999 471 495 616 696 764 797 818 800 700 660 607 557 506 460 424 382 332 298 296 270 248 227 212 191 172 167 171 174 159 153 153 154 153 160 169 173 175 176 171 166 160 158 158 151 154 152 154 150 149 144 149 146 150 152 156 158 164 163 165 165 164 163 161 154 150 150 147 146 146 145 145 143 144 144 144 141 139 138 137 136 134 132 130 126 -9999
-9999 -9999 -9999 -9999 -9999 -9999 -9999 -9999 -9999 472 519 619 673 737 760 769 692 642 591 549 514 474 425 381 332 302 282 279 251 235 220 190 194 163 166 160 156 155 158 152 152 171 174 177 179 180 177 173 171 169 167 159 157 155 158 155 151 145 148 149 148 151 155 159 159 165 169 172 174 170 164 157 152 152 151 148 144 143 140 140 140 140 138 137 135 136 135 133 133 132 130 128 126
-9999 -9999 -9999 -9999 -9999 -9999 -9999 -9999 -9999 460 506 593 642 668 688 684 662 628 573 533 491 472 421 372 335 327 288 262 250 233 226 191 181 179 180 165 167 163 160 174 165 167 167 169 179 179 181 180 176 174 168 162 157 155 156 156 152 147 147 150 147 152 157 158 161 163 165 170 170 172 170 163 159 154 151 149 144 139 136 134 135 136 135 133 132 132 131 131 131 131 130 128 126
-9999 -9999 -9999 -9999 -9999 -9999 -9999 -9999 -9999 -9999 462 525 561 636 658 691 631 601 569 517 501 460 406 351 312 290 278 237 239 241 220 208 195 172 184 182 176 172 167 173 163 165 166 169 177 182 180 180 181 177 174 167 161 157 154 158 156 149 146 145 148 151 153 155 159 162 163 166 170 163 164 160 157 155 153 151 143 136 131 130 130 132 132 130 130 129 130 129 129 130 129 128 126
-9999 -9999 -9999 -9999 -9999 -9999 -9999 -9999 -9999 -9999 431 454 532 583 629 627 643 621 571 526 499 454 409 355 356 295 245 242 223 217 210 219 197 181 173 187 189 181 183 176 170 167 170 169 174 178 181 183 182 181 176 173 171 164 154 153 149 148 145 144 143 145 149 152 154 161 164 165 162 161 156 156 155 152 150 147 140 132 126 127 128 130 130 129 129 129 128 127 129 130 129 128 126
-9999 -9999 -9999 -9999 -9999 -9999 -9999 -9999 -9999 -9999 395 419 467 546 581 628 610 598 566 540 504 472 421 364 344 287 249 229 210 209 205 206 209 185 183 201 201 201 187 178 172 169 166 169 173 180 181 185 187 183 178 176 174 169 165 155 150 147 144 141 141 141 143 148 153 157 161 162 163 156 154 153 151 149 146 144 139 134 130 129 130 130 130 129 128 128 128 127 128 128 128 127 126
-9999 -9999 -9999 -9999 -9999 -9999 -9999 -9999 331 -9999 354 371 430 490 535 582 587 591 565 544 511 471 429 371 339 295 258 231 242 226 235 219 213 196 190 185 187 192 184 179 173 169 169 169 172 176 184 191 192 188 184 179 174 170 163 156 151 145 141 139 138 138 140 144 151 155 158 161 155 149 151 150 148 146 144 144 140 138 135 135 135 134 133 131 129 128 128 128 128 127 127 127 126
-9999 -9999 -9999 -9999 -9999 -9999 -9999 -9999 -9999 -9999 329 318 394 454 510 541 577 582 561 546 498 481 445 393 331 317 277 252 241 232 235 234 219 208 203 194 187 185 177 172 170 171 -9999 159 160 173 185 191 197 195 189 185 178 173 165 155 147 144 140 138 137 136 138 142 147 153 156 156 154 150 150 148 147 146 144 142 142 139 138 138 138 138 135 133 129 126 126 125 126 126 -9999 -9999 -9999
-9999 -9999 -9999 -9999 -9999 -9999 -9999 -9999 -9999 -9999 -9999 -9999 364 411 470 523 545 568 564 534 502 477 446 406 352 309 302 276 255 241 226 232 220 205 195 185 182 181 170 166 -9999 -9999 -9999 -9999 -9999 166 185 198 199 199 194 187 183 173 163 153 147 142 138 136 135 135 137 142 146 154 157 161 156 154 150 147 145 143 142 141 140 139 139 140 142 142 138 132 126 123 121 122 124 125 -9999 -9999 -9999
-9999 -9999 -9999 -9999 -9999 -9999 -9999 -9999 -9999 -9999 -9999 -9999 307 389 422 480 520 540 536 516 502 480 453 409 374 333 320 293 274 257 246 239 225 207 194 185 -9999 -9999 -9999 -9999 -9999 -9999 -9999 -9999 -9999 175 180 193 196 198 195 192 188 173 164 156 149 142 137 134 133 135 137 141 146 150 155 155 151 152 147 143 140 139 138 141 140 140 140 142 144 143 138 132 127 122 120 -9999 -9999 -9999 -9999 -9999 -9999
-9999 -9999 -9999 -9999 -9999 -9999 -9999 -9999 -9999 -9999 -9999 -9999 314 357 393 422 489 501 509 497 486 470 452 407 377 345 337 319 292 280 266 243 224 210 -9999 -9999 -9999 -9999 -9999 -9999 -9999 -9999 -9999 -9999 -9999 -9999 169 184 191 195 195 193 186 178 170 161 153 144 136 135 135 137 137 139 143 146 147 147 147 146 141 138 136 135 134 135 135 136 138 139 141 141 -9999 -9999 -9999 -9999 -9999 -9999 -9999 -9999 -9999 -9999 -9999
-9999 -9999 -9999 -9999 -9999 -9999 -9999 -9999 -9999 -9999 -9999 -9999 -9999 -9999 366 394 426 462 472 480 468 459 429 401 381 366 351 343 332 312 272 244 226 -9999 -9999 -9999 -9999 -9999 -9999 -9999 -9999 -9999 -9999 -9999 -9999 -9999 168 177 183 190 195 193 190 185 180 173 162 149 139 138 141 149 140 140 144 142 143 143 142 140 136 133 131 132 133 135 136 136 135 135 136 -9999 -9999 -9999 -9999 -9999 -9999 -9999 -9999 -9999 -9999 -9999 -9999
