resultados/variables_proyeccion_tiempo/variables_futuro_ccsm_A1B/bio17.asc
ncols 330
nrows 228
xllcorner -12.000000
yllcorner 34.000000
cellsize 0.166667
NODATA_value -9999
[rows 0 to 41 of 228, columns 188 to 281 of 330]
-9999 -9999 -9999 -9999 -9999 -9999 -9999 -9999 -9999 -9999 -9999 -9999 -9999 -9999 -9999 -9999 -9999 -9999 -9999 -9999 -9999 -9999 -9999 -9999 -9999 -9999 -9999 -9999 -9999 -9999 -9999 -9999 -9999 -9999 -9999 -9999 -9999 -9999 -9999 -9999 -9999 -9999 -9999 -9999 -9999 -9999 -9999 -9999 -9999 -9999 -9999 -9999 -9999 -9999 -9999 -9999 -9999 -9999 -9999 -9999 -9999 -9999 -9999 -9999 -9999 -9999 -9999 -9999 -9999 -9999 -9999 -9999 -9999 -9999 -9999 -9999 -9999 -9999 -9999 -9999 -9999 -9999 -9999 -9999 -9999 -9999 -9999 -9999 -9999 -9999 -9999 -9999 -9999 -9999
-9999 -9999 -9999 -9999 -9999 -9999 -9999 -9999 -9999 -9999 -9999 -9999 -9999 -9999 -9999 -9999 -9999 -9999 -9999 -9999 -9999 -9999 -9999 -9999 -9999 -9999 -9999 -9999 -9999 -9999 -9999 -9999 -9999 -9999 -9999 -9999 -9999 -9999 -9999 -9999 -9999 -9999 -9999 -9999 -9999 -9999 -9999 -9999 -9999 -9999 -9999 -9999 -9999 -9999 -9999 -9999 -9999 -9999 -9999 -9999 -9999 -9999 -9999 -9999 -9999 -9999 -9999 -9999 -9999 -9999 -9999 -9999 -9999 -9999 -9999 -9999 -9999 -9999 -9999 -9999 -9999 -9999 -9999 -9999 -9999 -9999 -9999 -9999 -9999 -9999 -9999 -9999 -9999 -9999
-9999 -9999 -9999 -9999 -9999 -9999 -9999 -9999 -9999 -9999 -9999 -9999 -9999 -9999 -9999 -9999 -9999 -9999 -9999 -9999 -9999 -9999 -9999 -9999 -9999 -9999 -9999 -9999 -9999 -9999 -9999 -9999 -9999 -9999 -9999 -9999 -9999 -9999 -9999 -9999 -9999 -9999 -9999 -9999 -9999 -9999 -9999 -9999 -9999 -9999 -9999 -9999 -9999 -9999 -9999 -9999 -9999 -9999 -9999 -9999 -9999 -9999 -9999 -9999 -9999 -9999 -9999 -9999 -9999 -9999 -9999 -9999 -9999 -9999 -9999 -9999 -9999 -9999 -9999 -9999 -9999 -9999 -9999 -9999 -9999 -9999 -9999 -9999 -9999 -9999 -9999 -9999 -9999 -9999
-9999 -9999 -9999 -9999 -9999 -9999 -9999 -9999 -9999 -9999 -9999 -9999 -9999 -9999 -9999 -9999 -9999 -9999 -9999 -9999 -9999 -9999 -9999 -9999 -9999 -9999 -9999 -9999 -9999 -9999 -9999 -9999 -9999 -9999 -9999 -9999 -9999 -9999 -9999 -9999 -9999 -9999 -9999 -9999 -9999 -9999 -9999 -9999 -9999 -9999 -9999 -9999 -9999 -9999 -9999 -9999 -9999 -9999 -9999 -9999 -9999 -9999 -9999 -9999 -9999 -9999 -9999 -9999 -9999 -9999 -9999 -9999 -9999 -9999 -9999 -9999 -9999 -9999 -9999 -9999 -9999 -9999 -9999 -9999 -9999 -9999 -9999 -9999 -9999 -9999 -9999 -9999 -9999 -9999
-9999 -9999 -9999 -9999 -9999 -9999 -9999 -9999 -9999 -9999 -9999 -9999 -9999 -9999 -9999 -9999 -9999 -9999 -9999 -9999 -9999 -9999 -9999 -9999 -9999 -9999 -9999 -9999 -9999 -9999 -9999 -9999 -9999 -9999 -9999 -9999 -9999 -9999 -9999 -9999 -9999 -9999 -9999 -9999 -9999 -9999 -9999 -9999 -9999 -9999 -9999 -9999 -9999 -9999 -9999 -9999 -9999 -9999 -9999 -9999 -9999 -9999 -9999 -9999 -9999 -9999 -9999 -9999 -9999 -9999 -9999 -9999 -9999 -9999 -9999 -9999 -9999 -9999 -9999 -9999 -9999 -9999 -9999 -9999 -9999 -9999 -9999 -9999 -9999 -9999 -9999 -9999 -9999 -9999
-9999 -9999 -9999 -9999 -9999 -9999 -9999 -9999 -9999 -9999 -9999 -9999 -9999 -9999 -9999 -9999 -9999 -9999 -9999 -9999 -9999 -9999 -9999 -9999 -9999 -9999 -9999 159 154 -9999 -9999 148 136 133 126 128 122 117 112 112 109 106 -9999 -9999 -9999 -9999 -9999 98 94 100 98 99 100 97 -9999 -9999 -9999 -9999 -9999 -9999 -9999 -9999 -9999 -9999 -9999 -9999 -9999 -9999 -9999 -9999 -9999 -9999 -9999 -9999 -9999 -9999 -9999 -9999 -9999 -9999 -9999 -9999 -9999 -9999 -9999 -9999 -9999 -9999 -9999 -9999 -9999 -9999 -9999 -9999
-9999 -9999 -9999 -9999 -9999 -9999 -9999 -9999 -9999 -9999 -9999 -9999 -9999 -9999 -9999 -9999 -9999 -9999 -9999 -9999 -9999 -9999 135 149 -9999 -9999 -9999 156 155 144 152 147 145 137 132 122 119 119 108 108 103 -9999 108 103 98 -9999 99 93 96 100 102 103 105 107 106 100 108 108 107 -9999 -9999 -9999 -9999 -9999 -9999 -9999 -9999 -9999 -9999 -9999 -9999 -9999 -9999 -9999 -9999 -9999 -9999 -9999 -9999 -9999 -9999 -9999 -9999 -9999 -9999 -9999 -9999 -9999 -9999 -9999 -9999 -9999 -9999 -9999
-9999 -9999 -9999 -9999 -9999 -9999 -9999 -9999 -9999 -9999 -9999 -9999 -9999 -9999 -9999 -9999 -9999 -9999 133 135 140 134 141 147 149 155 151 148 148 144 146 141 142 141 136 127 119 114 109 101 104 109 106 103 95 -9999 96 96 99 102 105 103 101 106 -9999 108 110 114 116 113 114 126 123 122 118 -9999 -9999 -9999 -9999 -9999 -9999 -9999 -9999 -9999 -9999 -9999 -9999 -9999 -9999 -9999 -9999 -9999 -9999 -9999 -9999 -9999 -9999 -9999 -9999 -9999 -9999 -9999 -9999 -9999
-9999 -9999 -9999 -9999 -9999 -9999 -9999 -9999 -9999 -9999 -9999 -9999 -9999 -9999 -9999 126 127 130 137 134 136 140 146 135 144 145 153 152 144 150 152 138 134 130 127 123 112 -9999 94 98 102 100 101 93 -9999 -9999 91 94 96 101 101 105 108 104 106 110 113 114 109 115 121 122 123 127 124 122 119 115 -9999 -9999 -9999 -9999 -9999 -9999 -9999 -9999 -9999 -9999 -9999 -9999 -9999 -9999 -9999 -9999 -9999 -9999 -9999 -9999 -9999 -9999 -9999 -9999 -9999 -9999
-9999 -9999 -9999 -9999 -9999 -9999 -9999 -9999 -9999 -9999 -9999 -9999 119 -9999 128 -9999 124 -9999 137 136 141 154 155 155 151 148 147 149 151 143 137 134 129 123 115 106 96 95 94 95 98 97 91 84 86 87 90 93 95 96 93 91 90 94 97 100 106 108 110 110 116 124 124 126 126 126 123 118 113 110 106 -9999 -9999 -9999 -9999 -9999 -9999 -9999 -9999 -9999 -9999 -9999 -9999 -9999 -9999 -9999 -9999 -9999 -9999 -9999 -9999 -9999 -9999 -9999
-9999 155 149 135 -9999 129 128 131 142 -9999 -9999 120 126 129 128 143 141 138 144 142 145 144 151 154 138 146 149 145 139 137 134 129 121 112 103 93 98 96 99 94 92 89 90 88 85 85 86 88 88 88 89 88 87 91 92 96 100 101 101 103 110 115 120 123 117 114 114 115 112 109 110 -9999 -9999 -9999 -9999 -9999 -9999 -9999 -9999 -9999 -9999 -9999 -9999 -9999 -9999 -9999 -9999 -9999 -9999 -9999 -9999 -9999 -9999 -9999
160 151 147 144 133 -9999 139 136 136 126 -9999 112 118 126 138 130 137 134 138 142 147 136 129 131 139 140 144 145 136 130 130 126 116 104 93 98 103 98 94 98 94 100 95 89 85 84 83 82 80 81 83 85 84 87 88 90 89 91 94 96 98 104 105 105 106 107 105 -9999 -9999 -9999 -9999 -9999 -9999 -9999 -9999 -9999 -9999 -9999 -9999 -9999 -9999 -9999 -9999 -9999 -9999 -9999 -9999 -9999 -9999 -9999 -9999 -9999 -9999 -9999
162 154 147 139 133 142 126 129 128 122 116 117 124 121 117 122 127 135 141 148 142 141 130 125 126 134 137 136 132 128 129 127 122 100 90 91 95 88 92 96 91 86 80 81 77 75 76 78 79 82 84 82 82 88 91 92 92 94 95 94 94 94 92 93 97 100 -9999 -9999 -9999 -9999 -9999 -9999 -9999 -9999 -9999 99 102 100 98 -9999 -9999 -9999 -9999 -9999 -9999 -9999 -9999 -9999 -9999 -9999 -9999 -9999 -9999 -9999
163 158 143 138 147 142 -9999 135 123 127 114 119 135 131 125 124 121 126 133 139 137 136 134 131 133 133 129 129 125 120 118 116 107 95 87 80 77 76 77 76 77 77 79 77 74 71 72 76 76 79 83 83 83 84 86 88 86 85 86 85 86 87 88 87 86 95 95 101 104 103 109 106 104 -9999 105 105 104 102 97 94 91 87 83 -9999 -9999 -9999 -9999 -9999 -9999 -9999 -9999 -9999 -9999 -9999
162 154 144 150 143 125 125 119 127 132 126 112 120 133 127 134 133 129 126 129 131 133 134 129 126 125 123 121 115 111 107 104 100 92 83 76 72 70 68 70 74 76 78 73 71 70 68 69 74 77 77 78 79 79 79 79 80 81 81 82 83 85 84 81 81 84 92 98 104 102 102 102 106 107 105 101 98 100 95 94 91 88 86 -9999 -9999 -9999 -9999 -9999 -9999 -9999 -9999 -9999 -9999 -9999
155 143 147 145 135 117 134 126 134 120 122 117 115 114 114 118 120 122 118 117 120 126 120 119 118 114 113 112 108 103 100 94 91 84 77 71 68 65 64 67 70 72 72 70 68 68 67 67 69 71 73 74 76 76 76 77 78 80 82 82 80 78 76 75 76 84 95 97 97 97 97 102 103 102 102 101 99 96 92 90 86 83 82 82 80 -9999 -9999 -9999 86 86 -9999 -9999 -9999 -9999
140 140 138 128 131 131 119 114 117 120 118 118 115 112 110 107 107 109 109 109 109 113 112 111 109 105 104 103 102 99 94 90 83 78 75 73 68 64 63 68 70 70 68 68 66 64 64 65 66 67 68 69 70 71 73 74 76 76 76 74 76 75 80 78 80 84 90 92 95 97 97 100 103 102 101 98 95 96 93 89 84 82 80 78 78 79 80 85 87 85 84 83 85 83
132 131 132 134 128 120 113 109 94 101 105 106 102 100 101 102 100 100 101 102 101 101 101 101 103 102 99 100 97 93 89 86 82 80 74 70 66 63 62 65 68 69 68 67 66 64 63 62 63 64 65 67 69 70 71 73 74 73 72 73 75 77 78 78 80 82 84 90 94 96 99 100 99 97 98 98 96 94 91 91 88 82 77 78 77 78 81 84 87 88 87 86 86 84
128 117 119 123 122 114 106 99 92 87 91 94 96 97 96 94 93 93 95 96 97 95 95 97 98 99 99 96 94 91 89 86 83 79 76 71 68 65 64 64 65 64 64 63 62 64 63 62 62 62 64 66 68 71 72 73 73 73 74 74 76 76 76 77 81 83 84 88 91 94 93 96 96 98 99 96 98 95 92 89 88 85 79 81 82 82 82 85 87 87 86 86 87 87
126 119 111 115 112 110 101 96 93 92 90 88 87 91 93 92 92 90 91 93 94 93 92 91 92 94 95 95 93 92 91 89 85 81 76 73 70 69 72 69 68 66 65 68 68 67 66 65 64 63 66 67 70 73 75 75 77 76 76 76 76 76 77 79 81 82 82 86 86 89 91 91 93 96 94 92 93 92 92 91 88 87 84 84 85 85 86 88 87 87 88 89 88 88
113 111 106 103 104 100 95 91 87 86 86 88 89 88 86 85 87 83 84 87 88 89 88 88 89 90 94 92 90 90 89 88 86 83 78 76 75 73 73 74 72 71 71 72 71 70 68 65 65 66 70 70 73 75 77 74 76 76 77 77 77 77 79 80 81 84 83 84 86 87 88 89 91 91 91 92 92 95 96 96 94 91 87 85 87 88 86 87 88 88 87 90 88 87
108 100 93 95 94 92 91 89 87 84 83 84 84 84 85 84 80 81 81 82 84 85 84 85 86 86 88 88 87 87 86 86 86 84 81 78 76 75 74 73 72 73 72 71 72 72 72 71 72 74 73 73 75 76 78 80 79 81 82 83 83 82 84 90 87 88 85 88 91 91 91 91 90 91 93 96 95 95 100 97 94 91 92 87 87 89 90 92 90 87 87 88 87 87
89 85 85 83 84 86 87 86 85 85 84 84 82 82 83 81 81 82 83 84 84 83 81 83 85 86 92 89 86 87 86 85 85 83 82 80 79 78 77 76 76 75 75 75 75 75 74 74 76 78 77 80 84 84 87 86 83 86 86 85 86 85 86 84 84 85 85 86 90 99 97 96 98 96 98 100 101 100 101 97 97 95 92 91 92 93 94 94 93 88 86 86 86 85
93 89 83 83 83 82 81 82 82 83 83 84 81 79 79 80 81 81 83 85 84 83 82 82 83 85 87 88 89 85 84 83 82 80 80 79 79 79 79 78 78 77 78 78 77 77 77 76 77 78 78 79 80 81 82 83 84 84 86 86 86 85 84 86 86 85 85 88 90 92 93 99 102 106 102 104 103 103 109 101 97 96 96 95 95 96 96 95 94 90 89 88 87 85
84 84 81 81 82 82 81 81 80 80 79 78 79 80 80 79 79 80 82 84 85 84 84 84 84 85 87 87 87 87 85 82 81 80 79 79 79 79 82 83 82 83 83 82 80 81 81 80 79 79 80 81 82 82 83 83 83 83 86 86 88 88 88 88 86 87 90 93 95 96 100 98 99 101 104 107 107 104 118 111 103 99 98 96 100 102 104 101 95 90 92 99 99 95
81 82 81 80 81 84 84 83 81 79 78 77 76 77 78 79 79 79 80 82 83 85 86 86 86 87 88 89 87 87 85 84 82 81 81 80 81 82 83 84 85 85 85 84 84 83 82 82 82 81 82 84 85 83 84 84 83 84 86 87 89 92 92 92 88 88 90 93 97 96 96 97 98 102 102 101 100 101 115 108 104 100 99 107 120 121 121 108 100 92 93 106 101 93
79 78 80 81 83 85 85 86 84 82 82 82 81 80 80 80 79 80 81 82 84 86 88 88 88 88 90 89 88 88 86 86 84 82 82 83 83 83 85 85 86 87 88 88 87 86 85 84 83 82 85 84 85 85 85 84 85 86 86 88 91 94 93 94 96 96 96 97 97 96 97 97 98 98 98 99 99 101 103 101 102 103 102 102 105 109 112 109 96 89 87 87 88 86
78 80 80 82 85 86 87 87 85 85 84 84 84 83 84 83 82 82 82 83 85 86 87 88 89 90 90 90 89 88 88 87 86 86 86 87 87 87 88 88 89 91 91 92 91 89 89 88 86 86 86 86 85 85 86 87 90 90 90 91 92 95 95 94 96 99 101 98 97 100 102 106 105 102 103 101 100 101 102 104 107 108 105 103 102 100 97 94 90 88 88 88 86 86
79 79 79 81 82 84 85 86 87 87 87 86 84 85 87 86 85 84 85 85 85 87 89 90 91 91 92 92 91 92 92 90 89 88 89 89 89 89 89 90 92 94 94 95 94 92 92 89 87 86 87 87 86 86 87 88 89 91 92 91 93 94 94 95 98 99 102 103 102 104 106 108 105 105 103 103 102 99 101 107 111 112 113 107 102 97 94 91 88 86 84 85 84 81
78 78 78 81 83 84 85 89 87 86 85 84 85 85 86 86 88 86 86 86 88 91 93 94 94 94 94 94 94 94 93 93 92 91 90 91 93 92 92 94 96 96 96 96 97 97 96 93 91 90 90 91 92 95 93 92 92 93 94 95 95 98 97 97 100 99 99 99 100 102 101 106 108 106 102 98 97 97 100 106 109 114 109 107 99 95 93 88 85 83 82 82 80 80
80 81 79 82 82 84 86 88 88 89 89 87 86 86 87 87 88 89 90 90 90 92 94 96 96 95 94 94 96 97 96 95 95 93 93 92 92 93 95 96 96 96 97 97 98 97 96 95 93 93 92 93 94 94 95 95 95 96 99 99 100 100 103 103 101 96 94 96 95 95 99 97 99 97 98 98 98 102 102 104 -9999 110 114 108 100 95 92 88 85 82 80 78 77 76
79 80 80 80 80 82 86 90 90 89 90 91 91 91 90 89 89 90 93 93 93 95 96 98 101 99 97 96 99 99 97 97 96 96 96 94 93 94 96 97 96 95 96 97 97 98 98 97 95 94 95 96 96 98 100 102 102 103 104 106 106 107 105 104 100 96 94 92 93 93 96 99 95 95 96 96 98 99 103 106 107 108 -9999 101 98 93 90 86 83 80 78 76 74 73
81 81 82 82 82 84 84 90 92 92 91 92 94 94 95 94 93 92 93 95 95 97 99 99 101 102 101 101 102 101 99 98 98 98 97 96 95 95 95 95 94 95 96 96 96 96 97 98 97 98 97 97 98 101 103 103 105 105 104 105 106 107 105 105 104 100 97 94 92 92 94 96 98 98 98 98 99 100 103 107 107 108 105 101 96 93 -9999 -9999 -9999 -9999 76 74 71 70
88 88 88 88 86 85 86 87 90 92 93 94 94 96 95 99 99 97 96 97 98 99 101 103 104 104 105 106 105 104 101 101 100 99 97 96 94 95 96 95 94 94 94 95 95 96 99 98 99 102 102 101 102 103 104 106 107 106 106 106 106 107 105 105 106 103 98 95 92 92 97 96 98 99 99 99 100 101 102 104 106 106 102 99 95 91 -9999 -9999 -9999 -9999 -9999 -9999 -9999 -9999
94 93 92 91 91 89 89 91 91 91 94 96 95 96 95 98 100 101 100 101 100 101 103 105 106 106 107 107 108 108 106 102 100 98 97 94 95 96 96 95 96 96 95 96 97 96 98 99 100 103 103 103 103 105 107 108 107 108 109 111 109 106 107 107 105 104 99 96 94 95 96 97 99 98 99 99 101 103 103 103 103 102 100 97 93 88 85 82 77 -9999 -9999 -9999 -9999 -9999
92 92 91 90 91 93 94 95 94 93 95 97 97 97 96 98 100 101 101 101 101 103 104 106 106 107 108 109 109 109 106 101 99 97 95 94 94 95 94 95 96 96 97 97 98 99 99 99 101 102 104 105 105 106 106 107 109 111 113 113 112 109 109 107 106 104 101 97 94 93 94 96 97 98 98 99 100 101 101 101 101 100 99 96 92 88 85 81 77 73 68 64 -9999 -9999
91 93 93 92 91 92 95 97 98 97 98 96 97 98 98 100 100 101 100 101 102 103 104 106 106 108 109 110 109 107 106 101 98 96 95 94 93 92 92 93 94 95 96 96 97 99 98 99 100 103 105 105 105 105 107 110 111 113 114 113 112 111 109 108 107 104 102 101 99 96 93 93 94 95 96 98 99 100 100 100 98 98 96 94 90 87 83 79 75 71 66 60 55 -9999
96 95 96 96 98 98 98 96 98 98 99 99 99 99 99 100 100 100 98 103 102 103 103 104 106 106 106 107 109 107 105 100 97 95 93 92 91 91 91 92 93 95 96 96 97 98 98 98 100 104 105 106 107 107 107 108 110 112 113 113 113 112 111 109 107 103 101 100 99 97 94 93 94 94 95 96 98 97 98 98 96 95 94 91 88 84 81 77 72 68 63 59 56 54
98 99 99 102 104 104 103 103 103 102 101 100 102 101 101 101 101 101 101 101 102 102 -9999 -9999 -9999 -9999 -9999 -9999 -9999 -9999 -9999 -9999 97 92 90 89 88 88 89 89 91 92 94 95 97 98 98 99 100 101 104 104 105 105 107 108 110 111 113 113 113 112 111 109 106 102 100 99 99 97 96 95 95 96 97 96 97 96 96 97 96 94 92 90 87 84 79 75 71 67 63 60 59 -9999
101 101 102 104 105 106 109 109 108 106 104 103 102 101 102 102 -9999 102 102 101 102 -9999 -9999 -9999 -9999 -9999 -9999 -9999 -9999 -9999 -9999 -9999 -9999 -9999 -9999 86 85 86 86 87 89 91 92 94 95 97 98 99 99 100 102 103 104 105 108 110 111 112 112 112 111 111 110 108 106 103 100 98 97 97 95 94 95 96 97 98 98 96 96 96 95 94 91 89 87 83 78 74 70 66 64 62 -9999 -9999
105 104 106 106 106 107 110 110 111 111 108 106 106 105 104 104 -9999 -9999 -9999 -9999 -9999 -9999 -9999 -9999 -9999 -9999 -9999 -9999 -9999 -9999 -9999 -9999 -9999 -9999 -9999 83 83 83 85 85 88 90 91 94 95 95 97 97 99 99 101 101 103 106 107 110 111 112 112 111 110 110 109 108 105 102 100 98 97 94 92 92 93 94 96 97 97 96 96 94 93 92 90 88 85 82 79 74 70 67 66 65 -9999 -9999
106 106 106 107 108 109 110 112 112 111 109 109 107 106 -9999 -9999 -9999 -9999 -9999 -9999 -9999 -9999 -9999 -9999 -9999 -9999 -9999 -9999 -9999 -9999 -9999 91 89 87 -9999 82 81 82 82 85 87 88 90 92 95 95 96 96 98 100 100 104 102 103 106 108 110 110 110 110 110 111 110 109 106 103 101 98 96 94 92 91 92 94 96 96 95 94 94 93 93 92 90 88 84 82 79 76 72 69 67 66 66 -9999
