resultados/variables_proyeccion_tiempo/variables_futuro_ccsm_A1B/bio11.asc
ncols 330
nrows 228
xllcorner -12.000000
yllcorner 34.000000
cellsize 0.166667
NODATA_value -9999
[rows 90 to 134 of 228, columns 96 to 191 of 330]
-9999 -9999 -9999 -9999 -9999 -9999 -9999 -9999 -9999 -9999 -9999 -9999 -9999 -9999 -9999 -9999 -9999 -9999 -9999 -9999 -9999 -9999 -9999 -9999 -9999 34 33 31 31 30 28 26 24 23 22 24 26 27 -9999 -9999 -9999 -9999 -9999 -9999 -9999 -9999 -9999 -9999 -9999 -9999 24 25 23 19 19 16 15 15 14 13 13 11 11 12 11 10 10 9 9 11 14 17 19 21 23 23 23 24 -9999 -9999 -9999 -9999 -9999 -9999 -9999 25 26 -9999 -9999 -9999 -9999 -9999 -9999 -9999 -9999 -9999
-9999 -9999 -9999 -9999 -9999 -9999 -9999 -9999 -9999 -9999 -9999 -9999 -9999 -9999 -9999 -9999 -9999 -9999 -9999 -9999 -9999 -9999 -9999 -9999 -9999 35 34 33 31 29 28 25 22 20 20 22 24 26 27 -9999 -9999 -9999 -9999 -9999 -9999 21 -9999 -9999 -9999 -9999 -9999 27 26 24 21 17 16 16 16 16 16 15 13 14 13 14 14 14 13 13 16 19 22 23 24 23 23 -9999 -9999 -9999 -9999 -9999 -9999 -9999 -9999 -9999 -9999 -9999 -9999 -9999 -9999 -9999 -9999 -9999 -9999 -9999
-9999 -9999 -9999 -9999 -9999 -9999 -9999 -9999 -9999 -9999 -9999 -9999 -9999 -9999 -9999 -9999 -9999 -9999 -9999 -9999 -9999 -9999 -9999 -9999 32 33 31 33 31 30 29 26 22 20 21 22 23 26 28 28 27 -9999 -9999 -9999 -9999 -9999 -9999 -9999 -9999 -9999 -9999 -9999 27 27 25 21 20 18 19 19 18 18 16 16 17 17 16 17 17 18 19 21 23 25 23 23 24 -9999 -9999 -9999 -9999 -9999 -9999 -9999 -9999 -9999 -9999 -9999 -9999 -9999 -9999 -9999 -9999 -9999 -9999 -9999
-9999 -9999 -9999 -9999 -9999 -9999 -9999 -9999 -9999 -9999 -9999 -9999 -9999 -9999 -9999 -9999 -9999 -9999 -9999 -9999 -9999 -9999 -9999 -9999 29 30 30 30 30 30 28 25 24 21 21 22 23 26 27 28 28 27 -9999 -9999 -9999 -9999 -9999 -9999 -9999 -9999 -9999 27 25 24 25 24 23 22 21 22 21 21 20 20 20 20 20 20 21 21 21 24 25 -9999 24 24 -9999 -9999 -9999 -9999 -9999 -9999 -9999 -9999 -9999 -9999 -9999 -9999 -9999 -9999 -9999 -9999 -9999 -9999 -9999 -9999
-9999 -9999 -9999 -9999 -9999 -9999 -9999 -9999 -9999 -9999 -9999 -9999 -9999 -9999 -9999 -9999 -9999 -9999 -9999 -9999 -9999 -9999 -9999 -9999 25 26 27 28 29 29 29 26 23 22 21 20 22 25 28 30 29 29 -9999 -9999 -9999 -9999 25 -9999 -9999 -9999 -9999 26 28 29 27 25 24 24 26 26 27 25 24 25 26 26 26 26 26 25 25 25 26 -9999 24 25 -9999 -9999 -9999 -9999 -9999 -9999 -9999 -9999 -9999 -9999 -9999 -9999 -9999 -9999 -9999 -9999 -9999 -9999 -9999 -9999
-9999 -9999 -9999 -9999 -9999 -9999 -9999 -9999 -9999 -9999 -9999 -9999 -9999 -9999 -9999 -9999 -9999 -9999 -9999 -9999 -9999 -9999 -9999 -9999 21 24 26 28 29 29 28 25 22 21 20 20 23 26 -9999 32 32 -9999 -9999 -9999 -9999 -9999 -9999 -9999 25 23 24 27 28 29 27 27 26 25 26 28 30 30 31 30 31 30 30 -9999 29 29 28 27 -9999 -9999 -9999 -9999 -9999 -9999 -9999 -9999 -9999 -9999 -9999 -9999 -9999 -9999 -9999 -9999 -9999 -9999 -9999 -9999 -9999 -9999 -9999 -9999
-9999 -9999 -9999 -9999 -9999 -9999 -9999 -9999 -9999 -9999 -9999 -9999 -9999 -9999 -9999 -9999 -9999 -9999 -9999 -9999 -9999 -9999 -9999 -9999 22 25 29 31 31 30 28 25 22 21 21 20 24 28 -9999 36 -9999 -9999 32 30 -9999 28 27 27 28 27 28 30 30 30 29 27 28 27 25 26 31 33 32 -9999 -9999 -9999 -9999 -9999 -9999 -9999 -9999 -9999 -9999 -9999 -9999 -9999 -9999 -9999 -9999 -9999 -9999 -9999 -9999 -9999 -9999 -9999 -9999 -9999 -9999 -9999 -9999 -9999 -9999 -9999 -9999 -9999
-9999 -9999 -9999 -9999 -9999 -9999 -9999 -9999 -9999 -9999 -9999 -9999 -9999 -9999 -9999 -9999 -9999 -9999 -9999 -9999 -9999 -9999 -9999 -9999 -9999 28 30 31 32 30 28 26 24 23 23 23 25 32 -9999 36 -9999 -9999 34 32 30 30 29 29 31 32 34 34 -9999 32 31 30 29 27 26 25 28 33 -9999 -9999 -9999 -9999 -9999 -9999 -9999 -9999 -9999 -9999 -9999 -9999 -9999 -9999 -9999 -9999 -9999 -9999 -9999 -9999 -9999 -9999 -9999 -9999 -9999 -9999 -9999 -9999 -9999 -9999 -9999 -9999 -9999 -9999
-9999 -9999 -9999 -9999 -9999 -9999 -9999 -9999 -9999 -9999 -9999 -9999 -9999 -9999 -9999 -9999 -9999 -9999 -9999 -9999 -9999 -9999 -9999 -9999 30 32 34 33 33 31 29 27 26 26 26 29 29 32 34 36 35 -9999 33 33 30 30 29 30 32 34 36 35 33 33 32 31 29 29 30 30 29 31 -9999 -9999 -9999 -9999 -9999 -9999 -9999 -9999 -9999 -9999 -9999 -9999 -9999 -9999 -9999 -9999 -9999 -9999 -9999 -9999 -9999 -9999 -9999 -9999 -9999 -9999 -9999 -9999 -9999 -9999 -9999 -9999 -9999 -9999
-9999 -9999 -9999 -9999 -9999 -9999 -9999 -9999 -9999 -9999 -9999 -9999 -9999 -9999 -9999 -9999 -9999 -9999 -9999 -9999 -9999 -9999 -9999 -9999 -9999 35 37 36 35 32 30 29 28 28 29 29 29 32 34 35 35 -9999 35 33 31 31 31 32 34 36 36 -9999 -9999 33 32 31 31 31 31 32 32 33 -9999 -9999 -9999 -9999 -9999 -9999 -9999 -9999 -9999 -9999 -9999 -9999 -9999 -9999 -9999 -9999 -9999 -9999 -9999 -9999 -9999 -9999 -9999 -9999 -9999 -9999 -9999 -9999 -9999 -9999 -9999 -9999 -9999 -9999
-9999 -9999 -9999 -9999 -9999 -9999 -9999 -9999 -9999 -9999 -9999 -9999 -9999 -9999 -9999 -9999 -9999 -9999 -9999 -9999 -9999 -9999 -9999 -9999 -9999 -9999 -9999 39 35 33 31 30 30 31 31 31 31 33 33 32 34 -9999 -9999 34 32 31 32 31 33 35 35 -9999 -9999 -9999 -9999 -9999 -9999 -9999 -9999 -9999 -9999 -9999 -9999 -9999 30 29 -9999 -9999 -9999 -9999 -9999 -9999 -9999 -9999 -9999 -9999 -9999 -9999 -9999 -9999 -9999 -9999 -9999 -9999 -9999 -9999 -9999 -9999 -9999 -9999 -9999 -9999 -9999 -9999 -9999 -9999
-9999 -9999 -9999 -9999 -9999 -9999 -9999 -9999 -9999 -9999 -9999 -9999 -9999 -9999 -9999 -9999 -9999 -9999 -9999 -9999 -9999 -9999 -9999 -9999 -9999 -9999 40 38 36 33 31 30 30 33 34 34 34 34 33 33 34 35 -9999 -9999 -9999 -9999 32 32 34 35 35 -9999 -9999 -9999 -9999 -9999 -9999 -9999 -9999 -9999 -9999 -9999 -9999 -9999 31 29 30 -9999 -9999 -9999 -9999 -9999 -9999 -9999 -9999 -9999 -9999 -9999 -9999 -9999 -9999 -9999 -9999 -9999 -9999 -9999 -9999 -9999 -9999 -9999 -9999 -9999 -9999 -9999 -9999 -9999
-9999 -9999 -9999 -9999 -9999 -9999 -9999 -9999 -9999 -9999 -9999 -9999 -9999 -9999 -9999 -9999 -9999 -9999 -9999 -9999 -9999 -9999 -9999 -9999 -9999 38 38 37 35 33 32 32 32 33 34 34 35 34 35 35 35 34 34 33 32 30 30 31 33 35 34 30 -9999 -9999 -9999 -9999 -9999 -9999 -9999 -9999 -9999 -9999 -9999 -9999 -9999 -9999 -9999 -9999 -9999 -9999 -9999 -9999 -9999 -9999 -9999 -9999 -9999 -9999 -9999 -9999 -9999 -9999 -9999 -9999 -9999 -9999 -9999 -9999 -9999 -9999 -9999 -9999 -9999 -9999 -9999 11
-9999 -9999 -9999 -9999 -9999 -9999 -9999 -9999 -9999 -9999 -9999 -9999 -9999 -9999 -9999 -9999 -9999 -9999 -9999 -9999 -9999 -9999 -9999 -9999 -9999 38 37 37 35 33 33 32 32 33 34 35 -9999 -9999 -9999 -9999 35 -9999 34 33 31 29 28 28 30 -9999 -9999 -9999 -9999 -9999 -9999 -9999 -9999 -9999 -9999 -9999 -9999 -9999 -9999 -9999 -9999 -9999 -9999 -9999 -9999 -9999 -9999 -9999 -9999 -9999 -9999 -9999 -9999 -9999 9 8 8 6 4 5 9 12 16 22 23 -9999 -9999 -9999 -9999 -9999 -9999 10
-9999 -9999 -9999 -9999 -9999 -9999 -9999 -9999 -9999 -9999 -9999 -9999 -9999 -9999 -9999 -9999 -9999 -9999 -9999 -9999 -9999 -9999 -9999 -9999 -9999 -9999 37 36 35 34 33 33 34 34 34 34 35 -9999 -9999 -9999 -9999 -9999 33 -9999 31 31 -9999 24 -9999 -9999 -9999 -9999 -9999 -9999 32 32 32 27 -9999 -9999 -9999 -9999 -9999 -9999 -9999 -9999 -9999 -9999 -9999 -9999 -9999 -9999 -9999 -9999 -9999 14 11 9 7 4 2 1 -1 -2 2 5 11 15 24 -9999 -9999 -9999 -9999 -9999 10 10
-9999 -9999 -9999 -9999 -9999 -9999 -9999 -9999 -9999 -9999 -9999 -9999 -9999 -9999 -9999 -9999 -9999 -9999 -9999 -9999 -9999 -9999 -9999 -9999 -9999 -9999 37 36 36 34 34 33 34 34 34 33 32 32 31 31 -9999 32 33 32 -9999 -9999 -9999 -9999 -9999 -9999 32 32 32 32 31 31 30 30 29 -9999 -9999 -9999 -9999 -9999 -9999 -9999 -9999 -9999 -9999 -9999 -9999 -9999 -9999 -9999 15 12 9 6 3 -0 -3 -7 -8 -8 -6 -4 1 7 11 -9999 -9999 9 8 8 6 5
-9999 -9999 -9999 -9999 -9999 -9999 -9999 -9999 -9999 -9999 -9999 -9999 -9999 -9999 -9999 -9999 -9999 -9999 -9999 -9999 -9999 -9999 -9999 -9999 -9999 -9999 -9999 36 35 34 33 33 34 34 33 32 30 30 29 29 29 32 33 -9999 -9999 -9999 -9999 -9999 34 32 32 31 31 30 30 30 30 -9999 29 -9999 -9999 -9999 -9999 -9999 -9999 -9999 -9999 -9999 -9999 17 17 18 19 17 12 7 4 1 -3 -5 -7 -10 -12 -11 -9 -8 -5 2 8 10 9 7 2 -1 2 1
-9999 -9999 -9999 -9999 -9999 -9999 -9999 -9999 -9999 -9999 -9999 -9999 -9999 -9999 -9999 -9999 -9999 -9999 -9999 -9999 -9999 -9999 -9999 -9999 -9999 -9999 -9999 -9999 34 33 32 32 31 31 31 31 30 29 28 28 30 31 -9999 -9999 32 31 30 31 33 31 30 30 30 29 29 29 28 27 26 25 23 -9999 -9999 -9999 20 17 16 14 13 13 14 15 14 11 6 1 -3 -5 -8 -10 -12 -12 -12 -11 -9 -7 -5 -1 3 6 6 4 2 -1 -2 -4
-9999 -9999 -9999 -9999 -9999 -9999 -9999 -9999 -9999 -9999 -9999 -9999 -9999 -9999 -9999 -9999 -9999 -9999 -9999 -9999 -9999 -9999 -9999 -9999 -9999 -9999 38 33 32 32 32 32 32 32 31 30 29 29 29 29 31 31 30 31 31 30 30 31 32 31 30 29 28 28 28 28 27 26 25 24 22 20 19 19 18 16 13 10 8 7 8 8 9 6 0 -5 -8 -10 -11 -12 -12 -12 -12 -11 -9 -7 -4 -2 1 2 1 -0 -2 -5 -7 -8
-9999 -9999 -9999 -9999 -9999 -9999 -9999 -9999 -9999 -9999 -9999 -9999 -9999 -9999 -9999 -9999 -9999 -9999 -9999 -9999 40 41 42 42 41 41 -9999 35 33 33 32 32 32 31 31 30 29 29 28 30 30 30 29 29 29 31 31 31 31 30 28 28 27 26 25 26 26 25 24 23 21 20 20 20 17 14 10 7 3 2 3 2 1 -0 -3 -7 -10 -11 -12 -12 -13 -13 -12 -9 -8 -6 -4 -2 -0 1 -2 -4 -5 -7 -8 -9
-9999 -9999 -9999 -9999 -9999 -9999 -9999 -9999 -9999 -9999 -9999 -9999 -9999 -9999 -9999 -9999 40 39 38 39 39 40 40 40 40 39 39 37 34 33 32 31 31 31 30 30 29 28 27 28 29 29 29 29 30 30 30 29 29 28 26 26 25 24 24 25 24 23 22 22 21 21 20 20 18 14 9 5 2 2 2 0 -0 -2 -5 -8 -10 -10 -11 -12 -13 -12 -10 -8 -6 -4 -3 -1 1 -1 -3 -4 -6 -8 -9 -14
-9999 -9999 -9999 -9999 -9999 -9999 -9999 46 46 45 44 43 42 41 41 40 40 40 39 38 39 39 39 39 39 39 38 37 35 33 32 31 30 30 29 28 29 28 27 28 30 30 30 30 30 30 29 29 29 27 26 26 25 24 24 23 21 20 21 22 20 21 20 20 18 14 10 7 3 1 1 1 -2 -3 -4 -6 -8 -8 -9 -9 -10 -9 -8 -5 -4 -2 1 1 1 -2 -3 -4 -7 -9 -11 -14
-9999 -9999 -9999 -9999 -9999 48 -9999 -9999 45 45 44 44 42 41 41 40 40 40 41 40 39 38 38 38 38 38 38 37 35 35 33 32 31 31 29 28 26 27 27 27 29 30 31 31 31 30 30 28 28 27 27 26 26 25 24 23 21 21 22 21 20 20 20 18 16 14 11 8 6 4 2 2 1 -1 -3 -4 -4 -5 -6 -6 -6 -5 -5 -3 -2 1 2 2 0 -2 -3 -5 -7 -9 -12 -14
-9999 -9999 -9999 -9999 50 50 -9999 -9999 46 45 44 43 42 42 41 40 40 41 41 40 39 38 38 37 37 37 36 36 36 36 34 33 32 31 29 27 27 26 26 28 28 28 31 32 32 31 31 30 28 27 27 27 26 25 24 23 23 22 21 21 20 20 19 16 14 12 10 8 6 5 4 4 3 1 0 0 -1 -2 -1 -2 -2 -2 -1 0 1 3 5 4 2 -1 -3 -6 -8 -10 -12 -14
-9999 -9999 -9999 -9999 50 49 49 -9999 46 45 44 44 43 42 41 40 40 41 40 40 38 36 35 35 34 33 34 35 35 36 35 34 33 31 30 29 29 28 28 29 29 30 32 32 32 32 31 32 30 29 29 28 27 27 25 24 24 23 22 21 21 18 17 14 13 11 9 8 7 7 7 6 7 6 5 3 2 1 1 1 -0 -0 0 1 2 4 4 4 4 -0 -3 -6 -8 -10 -12 -13
-9999 -9999 -9999 51 50 50 48 48 -9999 45 44 44 43 43 42 42 42 41 41 40 38 37 35 34 34 34 34 35 35 35 35 36 35 34 32 32 32 30 29 29 30 31 32 32 32 32 32 32 31 31 30 29 29 28 26 25 24 23 22 20 21 20 17 14 12 11 10 11 11 11 10 9 8 7 6 6 6 6 5 4 2 2 2 2 3 3 3 2 1 0 -2 -5 -8 -10 -12 -13
-9999 -9999 -9999 51 50 50 49 48 46 46 45 44 44 43 43 43 43 42 42 41 39 38 36 36 36 35 36 36 37 37 36 36 35 35 34 34 34 34 32 32 31 32 32 31 32 31 32 32 32 31 31 30 29 29 27 26 25 24 23 21 20 20 17 14 13 13 12 12 12 12 11 10 9 8 7 8 10 9 7 6 4 3 3 3 3 3 3 1 -0 -1 -2 -4 -6 -8 -11 -12
-9999 -9999 -9999 51 50 49 48 47 47 46 45 43 44 44 43 44 44 43 42 41 40 40 39 38 37 38 38 38 38 38 37 37 36 35 35 34 34 34 33 33 33 32 32 32 32 30 32 32 32 32 32 31 30 30 28 27 26 26 25 24 22 19 15 13 10 11 11 10 12 13 12 11 9 8 9 10 11 12 10 8 6 6 6 4 4 3 2 0 -1 -3 -4 -6 -6 -8 -8 -8
-9999 -9999 52 51 51 50 48 47 46 45 43 42 44 44 44 44 44 43 43 42 42 42 40 39 38 38 38 38 38 39 37 32 31 32 35 34 34 33 33 33 30 31 30 30 31 32 33 32 32 31 30 31 30 30 29 28 28 27 27 26 24 21 17 14 13 13 14 14 15 14 13 12 10 9 9 10 11 12 11 9 9 8 8 7 6 4 3 0 -2 -3 -4 -5 -6 -7 -7 -7
-9999 53 52 52 50 49 48 47 46 45 44 42 44 45 45 45 45 44 43 41 42 43 43 43 42 41 39 40 39 35 32 34 35 31 33 29 31 30 31 33 33 33 32 31 31 32 33 33 31 30 28 28 29 29 29 29 28 28 27 27 25 23 18 15 17 17 17 18 19 18 15 14 11 9 8 9 10 11 11 12 11 10 10 8 7 5 2 1 -0 -1 -3 -4 -5 -6 -6 -5
54 54 52 51 50 49 48 47 46 46 46 46 46 45 46 46 45 44 44 42 42 43 44 44 44 44 43 40 37 34 36 32 32 29 27 28 28 23 21 25 30 31 32 32 32 33 34 34 33 32 31 29 29 29 29 28 27 28 28 27 26 24 21 19 20 19 19 19 20 19 16 13 11 8 5 6 8 10 10 10 10 9 9 9 7 6 3 2 1 -0 -2 -4 -6 -7 -8 -8
55 54 52 51 50 49 48 47 47 46 46 46 46 46 46 46 46 46 45 45 44 43 44 43 42 43 44 42 40 30 34 32 32 22 26 29 26 21 9 4 13 20 26 29 31 32 34 33 33 33 32 29 30 30 30 29 28 27 27 27 26 25 23 22 20 20 19 19 18 17 14 12 9 7 6 6 8 10 10 11 11 10 10 10 9 7 5 4 3 1 -1 -3 -6 -9 -10 -10
54 53 52 51 50 49 48 48 47 47 46 47 47 47 46 47 47 46 46 45 45 44 43 42 42 40 37 35 32 29 33 33 32 28 25 27 24 26 21 21 20 18 18 22 27 30 31 32 33 32 31 29 29 30 30 30 29 29 28 26 26 24 23 21 20 20 18 18 16 14 10 8 6 6 6 7 10 12 13 13 13 13 12 11 10 9 6 5 5 2 0 -2 -5 -8 -8 -9
54 53 51 50 49 48 48 47 47 47 47 48 48 47 47 47 47 46 44 42 41 40 35 34 33 29 26 23 23 27 32 29 31 27 24 26 22 20 19 20 24 27 28 32 29 30 32 33 33 31 30 28 28 27 27 30 30 29 29 28 25 25 24 23 22 21 18 16 13 10 7 5 4 4 8 9 10 13 15 13 14 13 13 10 11 11 9 7 7 6 3 -0 -3 -6 -8 -9
54 53 52 51 50 49 48 47 47 48 48 49 49 48 47 47 47 44 40 35 31 30 29 29 24 23 15 11 20 26 26 27 30 27 18 23 22 16 20 22 23 25 29 30 29 30 31 32 31 30 29 27 27 25 26 28 28 28 27 24 21 22 22 23 22 20 17 12 9 5 2 2 3 5 8 11 13 14 14 15 15 14 14 13 13 12 11 9 9 8 6 3 -1 -4 -7 -8
53 52 52 51 50 50 48 48 46 47 50 50 51 49 47 47 47 47 42 37 34 30 25 26 22 16 15 18 25 23 23 31 29 26 22 23 21 22 20 23 24 27 30 28 29 30 29 28 28 28 27 26 24 22 22 21 21 24 26 20 16 13 14 14 17 18 15 9 3 -0 -5 -6 -2 3 6 11 15 18 18 18 18 17 16 15 14 13 12 10 10 10 8 5 2 -3 -5 -7
52 50 50 50 50 48 49 49 48 48 49 49 50 49 48 47 46 46 46 42 38 35 29 28 26 16 19 24 28 28 25 28 21 20 24 21 23 21 16 19 20 22 21 22 23 26 25 23 24 23 24 22 19 18 17 12 11 10 13 16 13 12 10 8 14 14 7 -5 -8 -8 -11 -13 -9 -0 5 11 13 18 19 19 19 19 19 18 16 14 12 12 11 10 10 7 5 1 -2 -5
50 50 47 48 46 47 47 47 46 46 47 45 45 41 41 44 45 45 48 45 40 37 34 27 20 24 22 26 29 28 26 24 22 24 22 21 17 19 16 7 7 13 15 19 22 26 20 19 21 19 20 17 14 12 10 7 2 -5 -6 -1 3 10 10 11 12 8 3 -7 -13 -20 -20 -15 -10 -10 -2 8 12 16 17 18 19 20 20 19 18 16 13 12 11 10 10 7 4 2 -0 -3
48 47 45 45 44 43 43 44 43 44 42 39 28 23 28 31 35 36 40 42 36 34 31 24 22 27 31 31 30 29 24 16 21 22 20 14 12 15 18 14 7 4 7 9 18 14 13 12 14 14 12 11 6 3 2 -4 -3 4 9 5 7 9 12 15 15 13 11 6 -2 -6 -8 -8 -8 -5 -2 1 10 13 15 16 19 19 19 19 18 16 14 13 11 9 7 6 1 0 -0 -2
48 44 44 44 42 42 40 39 39 41 35 30 24 20 19 22 25 28 26 35 42 41 31 33 36 33 28 27 34 35 29 20 19 21 18 10 14 20 18 16 14 10 8 8 8 8 9 7 11 9 2 -4 -6 -7 -2 4 11 11 10 9 14 17 19 17 17 18 15 11 8 4 1 0 2 -4 -6 8 6 7 15 16 16 17 18 18 18 15 14 12 10 8 6 5 2 -1 -3 -2
44 43 42 39 40 41 39 40 40 34 27 28 28 25 22 24 23 23 25 34 37 36 31 29 29 28 20 29 38 37 33 29 25 23 20 18 21 21 20 18 18 17 18 19 17 10 7 7 4 4 6 5 7 8 -1 5 12 9 5 5 11 18 22 25 23 22 20 17 13 11 9 9 8 3 -8 -1 -2 -9 -4 1 3 12 16 16 16 16 13 12 10 7 6 6 3 -1 -3 -1
42 40 40 40 41 38 38 37 28 32 31 30 31 27 28 27 27 29 34 33 27 24 31 26 28 32 34 37 40 40 34 28 24 24 26 26 24 23 21 21 19 20 18 19 22 20 9 4 7 7 10 4 -3 0 0 4 5 6 6 8 9 14 24 24 23 22 21 19 16 14 14 12 10 9 5 1 -3 -1 -5 -18 -2 6 12 14 15 15 12 10 8 6 7 7 6 4 5 5
42 39 36 36 35 34 32 30 29 29 30 32 35 36 36 33 34 39 34 25 28 24 27 36 34 36 38 36 34 37 37 31 23 28 30 26 26 27 23 20 23 24 17 19 20 22 14 9 6 7 2 0 1 1 3 4 8 8 7 11 14 16 22 20 17 16 14 15 17 11 10 12 10 10 6 7 4 10 5 -1 -1 2 9 12 12 14 13 10 7 6 5 5 5 5 6 3
43 42 41 41 42 39 36 35 34 33 34 38 39 37 38 39 37 29 23 25 28 30 32 30 32 35 39 37 29 32 32 33 30 32 29 28 28 27 22 22 23 25 24 20 19 18 16 14 9 6 -1 1 5 6 8 11 11 8 4 3 10 16 18 18 15 15 14 10 8 8 3 1 -0 3 4 5 6 11 15 12 1 1 5 8 13 13 9 7 2 -5 -7 -4 -7 -1 -3 -6
47 47 46 44 42 41 42 41 40 37 37 37 39 40 40 36 30 29 28 26 27 29 28 27 32 38 41 41 31 28 27 29 30 29 30 28 27 24 24 23 23 27 27 23 19 17 17 13 11 6 3 2 5 7 9 11 8 7 1 5 10 14 13 10 12 9 10 10 8 8 5 2 -1 1 2 7 5 5 15 17 11 6 9 12 8 4 -0 -11 -5 -12 -10 -16 -16 -16 -11 -8
