resultados/variables_proyeccion_tiempo/variables_futuro_ccsm_A1B/bio16.asc
ncols 330
nrows 228
xllcorner -12.000000
yllcorner 34.000000
cellsize 0.166667
NODATA_value -9999
[rows 160 to 199 of 228, columns 184 to 275 of 330]
206 204 203 200 197 192 190 187 186 187 188 190 194 195 197 199 203 212 226 242 294 253 282 364 326 317 285 287 260 279 278 291 279 242 236 240 244 243 255 282 289 278 264 248 234 224 217 203 192 186 175 171 166 161 156 150 146 149 144 137 132 127 119 110 102 94 91 -9999 -9999 -9999 -9999 -9999 -9999 -9999 -9999 -9999 -9999 -9999 -9999 -9999 -9999 -9999 -9999 -9999 -9999 -9999 114 115 117 123 134 148
212 210 207 204 202 203 203 200 193 192 191 193 198 200 199 200 206 204 238 272 313 249 279 300 245 230 208 200 200 202 209 216 208 208 208 224 227 223 234 235 229 228 223 216 210 210 209 197 184 179 174 169 164 159 153 148 143 143 144 137 130 122 112 103 95 87 -9999 -9999 -9999 -9999 -9999 -9999 -9999 -9999 -9999 -9999 -9999 -9999 -9999 -9999 -9999 -9999 -9999 -9999 -9999 -9999 -9999 -9999 -9999 126 134 143
218 215 211 208 203 198 195 193 191 191 192 194 196 201 204 201 200 209 229 242 235 258 240 245 220 200 195 190 198 196 198 202 202 194 212 220 218 214 222 221 214 210 208 204 200 197 193 188 184 180 173 168 163 158 152 146 141 142 146 133 123 115 106 98 91 86 -9999 -9999 -9999 -9999 -9999 -9999 -9999 -9999 -9999 -9999 -9999 -9999 -9999 -9999 -9999 -9999 -9999 -9999 -9999 -9999 -9999 -9999 -9999 132 138 146
236 227 219 211 206 202 197 195 193 192 196 202 196 195 196 197 205 202 228 224 250 248 208 213 205 196 193 192 189 190 197 195 196 193 203 208 210 210 208 207 207 205 203 201 199 196 192 187 184 178 173 167 162 156 150 144 140 140 142 130 118 110 104 96 -9999 -9999 -9999 -9999 -9999 -9999 -9999 -9999 -9999 -9999 -9999 -9999 -9999 -9999 -9999 -9999 -9999 -9999 -9999 -9999 -9999 -9999 -9999 -9999 -9999 139 149 163
254 250 234 214 220 212 204 200 194 195 203 206 206 200 195 197 202 201 214 212 225 210 209 183 187 198 195 189 182 185 187 187 189 186 194 199 200 203 203 203 202 201 200 200 199 196 192 188 183 178 172 167 162 156 151 143 140 138 131 125 114 108 -9999 -9999 -9999 -9999 -9999 -9999 -9999 -9999 -9999 -9999 -9999 -9999 -9999 -9999 -9999 -9999 -9999 -9999 -9999 -9999 -9999 -9999 -9999 -9999 -9999 -9999 144 150 168 193
246 244 229 238 221 214 214 204 199 198 203 206 204 201 196 198 200 213 212 218 206 206 189 178 179 185 190 188 183 176 175 180 181 181 186 191 192 196 196 197 197 196 196 196 195 194 190 186 182 178 173 168 162 155 150 141 135 132 127 117 111 -9999 -9999 -9999 -9999 -9999 -9999 -9999 -9999 -9999 -9999 -9999 -9999 -9999 -9999 -9999 -9999 -9999 -9999 -9999 -9999 -9999 -9999 -9999 -9999 -9999 -9999 -9999 -9999 181 190 271
255 245 236 234 235 239 226 213 208 206 215 216 206 205 197 196 201 214 214 222 208 209 188 171 173 173 177 179 177 175 171 173 176 176 177 185 187 189 191 191 192 192 192 192 191 190 187 184 181 175 171 165 160 153 146 140 135 128 120 113 -9999 -9999 -9999 -9999 -9999 -9999 -9999 -9999 -9999 -9999 -9999 -9999 -9999 -9999 -9999 -9999 -9999 -9999 -9999 -9999 -9999 -9999 -9999 -9999 -9999 -9999 -9999 -9999 -9999 -9999 -9999 -9999
258 266 258 245 240 242 249 237 238 231 222 233 220 206 205 196 196 214 242 223 201 192 180 177 169 165 166 166 167 167 170 169 174 175 175 178 185 187 186 186 187 189 189 190 189 188 183 181 180 178 172 167 161 155 151 144 136 129 120 114 -9999 -9999 -9999 -9999 -9999 -9999 -9999 -9999 -9999 -9999 -9999 -9999 -9999 -9999 -9999 -9999 -9999 -9999 -9999 -9999 -9999 -9999 -9999 -9999 -9999 -9999 -9999 -9999 -9999 -9999 -9999 -9999
261 260 258 258 256 244 239 228 228 221 215 221 215 221 211 195 185 201 224 194 179 174 180 177 170 162 162 162 164 165 168 169 173 174 175 176 182 184 184 184 183 185 185 184 184 186 186 185 184 181 177 172 164 157 151 145 136 128 125 123 -9999 -9999 -9999 -9999 -9999 -9999 -9999 -9999 -9999 -9999 -9999 -9999 -9999 -9999 -9999 -9999 -9999 -9999 -9999 -9999 -9999 -9999 -9999 -9999 -9999 -9999 -9999 -9999 -9999 -9999 -9999 -9999
280 276 273 269 256 250 243 236 227 223 223 209 211 218 207 195 180 188 193 195 192 175 187 175 173 166 164 170 170 173 170 172 169 171 172 173 175 179 179 180 180 179 179 185 190 192 193 193 188 184 180 172 164 156 151 144 138 134 134 133 -9999 -9999 -9999 -9999 -9999 -9999 -9999 -9999 -9999 -9999 -9999 -9999 -9999 -9999 -9999 -9999 -9999 -9999 -9999 -9999 -9999 -9999 -9999 -9999 -9999 -9999 -9999 -9999 -9999 -9999 -9999 -9999
316 302 289 282 277 261 254 248 242 234 243 225 224 208 189 179 176 171 174 190 185 168 189 186 176 173 172 174 175 176 176 178 179 176 178 176 179 181 180 181 180 179 186 188 190 194 193 194 194 189 182 173 163 154 149 146 145 143 144 143 -9999 -9999 -9999 -9999 -9999 -9999 -9999 -9999 -9999 -9999 -9999 -9999 -9999 -9999 -9999 -9999 -9999 -9999 -9999 -9999 -9999 -9999 -9999 -9999 -9999 -9999 -9999 -9999 -9999 -9999 -9999 -9999
337 326 313 304 286 284 267 255 250 246 237 217 224 217 187 182 195 176 161 168 170 175 174 200 204 187 176 176 180 186 184 179 176 174 175 177 184 177 175 177 176 176 182 188 194 188 191 190 192 187 176 170 161 153 154 154 152 150 152 151 -9999 -9999 -9999 -9999 -9999 -9999 -9999 -9999 -9999 -9999 -9999 -9999 -9999 -9999 -9999 -9999 -9999 -9999 -9999 -9999 -9999 -9999 -9999 -9999 -9999 -9999 -9999 -9999 -9999 -9999 -9999 -9999
339 337 322 322 311 299 295 275 266 256 244 224 223 214 195 178 169 165 155 156 160 163 163 171 195 195 189 186 194 198 194 188 176 178 178 184 181 181 182 174 174 171 176 177 186 189 191 180 175 173 164 159 153 155 157 160 154 -9999 -9999 -9999 -9999 -9999 -9999 -9999 -9999 -9999 -9999 -9999 -9999 -9999 -9999 -9999 -9999 -9999 -9999 -9999 -9999 -9999 -9999 -9999 -9999 -9999 -9999 -9999 -9999 -9999 -9999 -9999 -9999 -9999 -9999 -9999
363 359 340 334 327 326 326 299 284 271 256 241 222 220 210 182 176 168 153 148 152 162 156 157 167 178 196 202 201 203 190 186 186 178 182 190 183 191 183 185 180 173 168 168 186 192 193 182 178 172 163 159 157 157 162 163 -9999 -9999 -9999 -9999 -9999 -9999 -9999 -9999 -9999 -9999 -9999 -9999 -9999 -9999 -9999 -9999 -9999 -9999 -9999 -9999 -9999 -9999 -9999 -9999 -9999 -9999 -9999 -9999 -9999 -9999 -9999 -9999 -9999 -9999 -9999 -9999
389 396 370 355 347 350 338 332 303 290 275 257 232 218 206 187 182 165 153 147 144 156 155 158 159 164 174 183 191 196 184 189 188 193 200 192 185 186 178 181 182 181 182 182 190 193 197 191 184 181 179 176 174 172 167 167 -9999 -9999 -9999 -9999 -9999 -9999 -9999 -9999 -9999 -9999 -9999 -9999 -9999 -9999 -9999 -9999 -9999 -9999 -9999 -9999 -9999 -9999 -9999 -9999 -9999 -9999 -9999 -9999 -9999 -9999 -9999 -9999 -9999 -9999 -9999 -9999
430 454 408 371 423 358 355 341 319 309 293 263 239 220 200 191 181 170 162 161 145 165 165 151 154 159 164 167 171 179 185 193 199 205 211 200 213 222 218 198 202 197 196 195 196 197 187 183 183 187 190 182 179 173 178 176 -9999 -9999 -9999 -9999 -9999 -9999 -9999 -9999 -9999 -9999 -9999 -9999 -9999 -9999 -9999 -9999 -9999 -9999 -9999 -9999 -9999 -9999 -9999 -9999 -9999 -9999 -9999 -9999 -9999 -9999 -9999 -9999 -9999 -9999 -9999 -9999
464 456 513 457 444 367 358 356 334 325 306 274 247 226 202 192 183 162 164 150 149 177 167 149 145 149 157 179 167 168 173 177 180 190 196 186 171 179 182 173 169 172 171 165 164 166 171 176 183 192 191 178 173 171 -9999 -9999 -9999 -9999 -9999 -9999 -9999 -9999 -9999 -9999 -9999 -9999 -9999 -9999 -9999 -9999 -9999 -9999 -9999 -9999 -9999 -9999 -9999 -9999 -9999 -9999 -9999 -9999 -9999 -9999 -9999 -9999 -9999 -9999 -9999 -9999 -9999 -9999
501 472 549 599 509 415 389 367 370 347 318 282 253 237 208 189 170 161 147 145 158 174 158 143 140 142 145 159 163 163 160 164 162 165 163 162 162 166 170 171 167 162 156 159 165 171 175 180 189 190 185 178 174 180 179 -9999 -9999 -9999 -9999 -9999 -9999 -9999 -9999 -9999 -9999 -9999 -9999 -9999 -9999 -9999 -9999 -9999 -9999 -9999 -9999 -9999 -9999 -9999 -9999 -9999 -9999 -9999 -9999 -9999 -9999 -9999 -9999 -9999 -9999 -9999 -9999 -9999
533 505 560 622 646 479 452 434 400 362 323 289 259 263 245 192 193 166 143 144 152 150 152 157 132 132 135 177 179 185 176 157 147 145 149 151 154 153 150 152 154 154 158 163 168 175 179 181 189 193 193 191 191 188 187 190 -9999 -9999 -9999 -9999 -9999 -9999 -9999 -9999 -9999 -9999 -9999 -9999 -9999 -9999 -9999 -9999 -9999 -9999 -9999 -9999 -9999 -9999 -9999 -9999 -9999 -9999 -9999 -9999 -9999 -9999 -9999 -9999 -9999 -9999 -9999 -9999
-9999 -9999 535 551 655 641 489 443 390 364 327 308 304 286 218 187 168 155 136 133 133 149 170 154 140 135 128 166 207 198 178 170 160 153 144 149 148 143 144 147 152 157 162 168 178 186 184 187 195 200 206 209 202 199 199 202 202 -9999 -9999 -9999 -9999 -9999 -9999 -9999 -9999 -9999 -9999 -9999 -9999 -9999 -9999 -9999 -9999 -9999 -9999 -9999 -9999 -9999 -9999 -9999 -9999 -9999 -9999 -9999 -9999 -9999 -9999 -9999 293 -9999 -9999 -9999
-9999 -9999 -9999 571 617 599 524 443 401 364 341 331 321 246 225 195 166 142 136 131 128 126 126 128 138 138 130 152 162 149 172 171 180 181 165 186 174 167 158 161 160 164 170 173 180 191 193 192 201 205 207 219 222 216 213 206 207 -9999 -9999 -9999 -9999 -9999 -9999 -9999 -9999 -9999 -9999 -9999 -9999 -9999 -9999 -9999 -9999 -9999 -9999 -9999 -9999 -9999 -9999 -9999 -9999 -9999 -9999 -9999 287 265 253 247 232 247 268 250
-9999 -9999 -9999 -9999 -9999 534 492 464 395 365 341 338 319 254 248 212 236 160 135 129 125 126 142 155 142 152 148 148 213 173 166 180 183 183 176 188 189 189 178 173 173 173 177 184 184 186 190 191 198 201 203 206 212 229 231 217 216 -9999 -9999 -9999 -9999 -9999 -9999 -9999 -9999 -9999 -9999 -9999 -9999 -9999 -9999 -9999 -9999 -9999 -9999 -9999 -9999 -9999 -9999 -9999 -9999 342 317 287 268 244 231 217 196 190 186 187
-9999 -9999 -9999 -9999 478 483 459 423 403 369 334 329 324 268 248 200 201 157 140 131 126 126 125 126 139 151 142 135 163 175 156 163 172 187 193 198 189 189 184 180 179 182 189 196 197 195 196 199 205 205 206 207 210 216 221 222 227 228 -9999 -9999 -9999 -9999 -9999 -9999 -9999 -9999 -9999 -9999 -9999 -9999 -9999 -9999 -9999 -9999 -9999 -9999 -9999 -9999 -9999 387 361 347 313 266 254 236 217 202 186 176 171 171
-9999 -9999 -9999 -9999 426 444 451 413 384 370 344 326 313 264 240 209 170 163 152 137 130 126 126 125 131 139 140 140 143 169 163 166 169 182 180 190 200 195 190 188 190 193 200 206 204 205 208 212 217 214 211 212 215 214 215 221 236 245 249 261 -9999 -9999 -9999 -9999 -9999 -9999 -9999 -9999 -9999 -9999 -9999 -9999 -9999 -9999 -9999 -9999 -9999 367 341 305 331 298 259 273 243 228 208 201 176 165 153 150
-9999 -9999 -9999 -9999 -9999 416 428 408 379 358 348 320 281 271 242 201 172 168 155 148 146 149 126 124 128 132 143 143 147 169 177 172 184 181 185 189 196 196 194 202 203 205 216 223 215 215 218 225 230 230 224 222 222 219 218 222 233 248 256 268 291 326 357 336 326 317 -9999 -9999 -9999 316 316 -9999 -9999 -9999 -9999 -9999 348 329 262 255 260 247 256 266 209 205 192 173 161 163 163 166
-9999 -9999 -9999 -9999 394 399 402 392 378 360 335 306 271 271 241 212 176 169 162 176 155 148 130 126 127 132 143 141 144 155 169 171 175 185 195 199 196 192 192 194 194 197 210 232 227 221 224 234 243 245 239 238 237 229 222 224 230 242 259 266 283 309 336 331 320 314 307 302 300 303 304 306 306 311 307 309 292 247 221 216 233 242 323 227 219 211 194 195 191 202 201 204
-9999 -9999 -9999 -9999 390 393 391 381 372 356 340 307 282 265 240 253 182 170 209 158 134 141 131 126 128 131 142 151 151 155 162 173 190 192 198 197 197 197 196 198 204 211 219 217 225 227 233 243 252 255 257 258 249 -9999 -9999 230 -9999 -9999 -9999 260 261 265 299 304 296 294 286 280 278 280 283 283 266 274 269 255 224 222 235 210 229 288 299 239 255 242 212 189 180 162 167 157
-9999 -9999 -9999 -9999 392 397 394 385 382 369 345 312 277 267 240 240 201 174 160 152 137 133 129 127 127 132 137 147 156 166 170 177 184 190 -9999 209 214 -9999 -9999 -9999 -9999 -9999 -9999 -9999 232 242 245 254 264 271 272 282 268 -9999 -9999 -9999 -9999 -9999 -9999 -9999 -9999 -9999 -9999 -9999 265 259 255 249 250 254 259 260 250 237 244 223 205 199 197 239 246 264 273 274 252 227 211 193 174 157 160 154
-9999 -9999 -9999 -9999 402 415 418 420 420 384 351 323 287 268 252 224 219 178 163 200 155 135 129 126 125 130 141 150 154 165 173 -9999 -9999 -9999 -9999 208 210 -9999 -9999 -9999 -9999 233 -9999 -9999 246 250 254 260 267 271 280 278 -9999 264 254 255 -9999 -9999 -9999 -9999 245 286 286 264 245 232 243 247 242 224 221 227 214 214 204 210 207 222 251 256 247 251 250 235 235 231 198 189 168 134 133 136
-9999 -9999 -9999 -9999 419 443 454 480 455 432 379 336 322 290 258 233 214 206 170 170 176 144 132 127 -9999 128 137 152 166 173 173 176 182 185 -9999 -9999 -9999 -9999 -9999 -9999 234 266 249 -9999 -9999 270 274 272 273 279 280 275 262 253 283 273 275 279 260 253 246 235 225 242 220 200 190 191 185 189 186 185 190 191 183 182 188 178 188 214 233 210 194 203 202 207 192 155 150 130 122 121
-9999 -9999 -9999 -9999 440 450 476 445 497 473 438 363 333 308 280 249 221 206 179 161 174 172 134 129 -9999 -9999 137 145 155 163 168 -9999 189 199 203 -9999 -9999 -9999 -9999 -9999 -9999 -9999 279 290 -9999 272 274 282 292 298 280 274 268 259 264 271 272 269 261 242 225 209 207 220 195 156 158 163 156 164 164 161 157 158 165 161 154 155 159 173 161 166 164 172 160 169 161 154 135 124 124 126
-9999 -9999 -9999 -9999 -9999 -9999 533 510 558 529 428 432 381 332 302 267 238 211 192 180 178 195 218 136 -9999 -9999 -9999 -9999 154 -9999 176 184 176 235 209 -9999 -9999 -9999 -9999 -9999 -9999 -9999 279 288 -9999 274 283 294 308 298 293 295 305 276 269 266 266 266 259 245 248 266 357 396 215 153 192 181 134 141 140 149 145 137 141 144 133 134 136 138 136 135 148 129 147 139 146 162 128 132 137 141
-9999 -9999 -9999 -9999 463 -9999 -9999 610 601 544 505 466 382 344 321 293 257 226 209 195 170 166 169 154 144 -9999 -9999 -9999 158 164 164 182 -9999 -9999 -9999 -9999 -9999 -9999 215 219 228 -9999 -9999 -9999 253 265 289 298 305 308 314 307 293 288 273 279 268 276 278 247 268 249 291 325 347 257 245 190 164 161 155 150 147 137 143 148 147 137 131 129 124 124 122 118 116 124 141 132 118 130 132 128
-9999 -9999 -9999 -9999 -9999 -9999 532 553 565 519 504 486 432 382 342 318 283 244 223 215 181 166 151 162 178 148 -9999 -9999 -9999 -9999 -9999 -9999 -9999 -9999 -9999 -9999 -9999 -9999 210 226 225 -9999 -9999 -9999 252 274 277 303 324 349 330 312 307 289 276 264 253 255 286 284 259 290 274 270 240 225 267 229 180 153 127 118 121 117 116 118 119 119 118 114 116 116 110 123 117 134 130 130 122 133 144 126
-9999 -9999 -9999 -9999 -9999 -9999 515 513 549 515 495 474 438 407 364 340 317 270 240 212 192 174 160 157 166 176 164 -9999 -9999 -9999 -9999 -9999 -9999 -9999 -9999 -9999 -9999 213 225 -9999 -9999 -9999 -9999 -9999 266 286 297 311 331 319 315 321 304 291 269 242 239 251 264 266 239 239 236 269 251 243 232 218 180 154 137 131 117 118 119 124 126 122 112 109 108 111 111 123 115 118 122 127 122 136 136 131
-9999 -9999 -9999 -9999 -9999 -9999 -9999 495 487 498 494 458 438 409 381 353 332 296 262 231 205 189 180 181 173 176 204 172 -9999 -9999 -9999 -9999 195 189 -9999 -9999 -9999 -9999 -9999 -9999 -9999 -9999 -9999 -9999 290 295 287 305 310 318 335 341 313 294 292 262 246 262 287 339 313 307 325 266 280 243 248 218 174 182 170 131 122 118 118 118 120 124 118 110 110 111 119 126 120 121 119 119 128 143 145 143
-9999 -9999 -9999 -9999 -9999 -9999 -9999 -9999 488 482 474 456 440 412 390 367 344 336 302 262 232 212 211 200 187 180 172 181 187 -9999 -9999 192 187 -9999 -9999 -9999 -9999 -9999 -9999 -9999 -9999 -9999 -9999 282 296 300 308 311 317 334 340 321 303 284 301 287 266 260 308 308 360 333 337 283 290 237 220 196 179 159 150 129 133 122 119 119 118 117 120 114 111 112 119 125 126 127 124 129 134 140 145 144
-9999 -9999 -9999 -9999 -9999 -9999 -9999 -9999 -9999 -9999 -9999 455 429 406 394 383 359 344 324 309 275 253 241 253 230 200 193 186 178 192 194 191 -9999 -9999 -9999 -9999 -9999 -9999 -9999 -9999 -9999 -9999 -9999 280 305 312 327 326 -9999 321 323 310 307 325 276 269 311 330 324 327 336 340 323 300 256 240 224 193 159 143 132 138 148 131 123 122 120 118 116 114 114 115 120 129 139 144 139 141 143 141 136 130
-9999 -9999 -9999 -9999 -9999 -9999 -9999 -9999 -9999 -9999 -9999 -9999 433 425 409 394 376 356 345 325 292 273 254 244 236 217 207 214 204 -9999 -9999 -9999 -9999 -9999 212 210 -9999 -9999 -9999 -9999 -9999 -9999 -9999 -9999 -9999 -9999 323 330 335 324 316 336 340 300 268 278 300 296 304 291 306 319 299 250 230 230 243 190 162 146 128 126 133 131 134 142 130 125 121 115 113 116 125 139 163 179 175 164 154 144 134 127
-9999 -9999 -9999 -9999 -9999 -9999 -9999 -9999 -9999 -9999 -9999 472 447 435 425 404 390 376 360 349 337 326 280 264 250 238 219 215 206 210 214 -9999 -9999 -9999 -9999 225 -9999 -9999 -9999 -9999 -9999 -9999 -9999 -9999 -9999 -9999 -9999 -9999 334 314 334 332 317 294 272 263 273 289 264 275 271 270 256 223 222 207 177 185 182 144 140 121 120 128 125 137 135 130 124 115 112 113 125 146 178 224 214 184 162 145 130 127
