resultados/variables_proyeccion_tiempo/variables_futuro_ccsm_A1B/bio10.asc
ncols 330
nrows 228
xllcorner -12.000000
yllcorner 34.000000
cellsize 0.166667
NODATA_value -9999
[rows 120 to 159 of 228, columns 92 to 183 of 330]
-9999 -9999 -9999 -9999 195 195 195 195 194 194 193 193 193 194 194 196 197 198 199 199 199 198 198 196 196 197 199 200 200 200 199 196 194 191 195 193 195 194 192 194 196 189 189 194 201 202 205 206 207 209 211 212 212 212 211 210 211 213 214 213 213 215 217 217 217 217 217 217 219 218 218 216 216 216 217 216 216 214 212 211 212 210 210 209 209 209 211 213 214 215 216 218
-9999 -9999 199 199 199 199 198 197 197 196 196 195 195 196 197 198 200 201 203 203 203 202 202 202 201 200 200 201 199 200 201 200 198 189 196 196 197 187 193 197 195 190 176 172 183 190 198 203 206 208 211 211 212 213 213 211 213 215 215 215 215 214 216 216 217 217 217 217 216 216 215 215 214 215 216 216 216 215 214 213 211 211 209 210 209 209 210 212 214 215 216 218
199 200 201 201 201 201 200 199 198 198 197 196 196 197 199 200 203 204 205 207 207 207 206 204 203 203 202 201 201 199 196 194 192 190 197 199 200 196 193 197 194 198 193 193 192 189 190 195 200 205 208 210 212 213 213 213 212 214 215 216 215 216 215 215 216 215 214 213 213 212 211 213 213 213 213 213 213 216 214 213 212 212 211 210 210 211 211 212 214 215 214 216
199 201 201 202 203 202 201 200 200 199 198 197 197 198 200 202 204 206 208 210 211 210 206 203 201 200 195 193 192 188 186 183 185 191 199 198 201 198 195 197 192 192 192 193 198 202 202 206 203 204 208 210 212 212 212 212 212 212 213 216 216 215 216 215 214 214 214 213 212 211 210 210 210 211 212 213 213 214 216 213 211 211 211 208 209 208 210 209 212 214 214 215
199 201 202 203 203 203 203 202 202 201 200 199 199 200 202 204 205 206 209 211 213 210 203 196 192 190 189 189 184 184 175 173 184 193 194 198 202 199 189 194 194 188 194 197 198 200 204 205 202 203 205 209 211 212 211 211 211 210 211 213 214 214 212 210 207 211 211 212 209 208 206 205 207 207 208 212 216 217 216 213 211 208 207 207 208 207 209 209 211 213 214 214
199 201 202 203 204 204 205 204 204 203 202 201 199 200 203 205 207 207 208 210 213 213 207 199 195 191 186 188 183 177 179 183 193 192 193 204 203 200 195 196 194 196 195 200 200 204 206 203 203 202 202 203 206 209 210 209 208 206 206 206 206 209 212 205 202 199 200 200 203 205 203 201 201 202 202 204 208 213 211 211 209 209 209 209 209 209 209 209 211 211 212 212
200 201 201 202 205 204 205 205 204 203 203 203 202 201 203 204 205 207 208 209 210 211 210 203 200 197 191 192 190 181 185 193 201 201 198 202 195 194 199 195 198 196 192 195 197 200 198 198 197 198 198 199 202 203 206 206 203 202 201 196 195 194 198 203 200 199 195 192 200 201 195 180 181 192 194 189 194 203 206 207 206 208 208 209 209 209 210 210 210 210 210 211
201 200 201 204 204 206 203 204 203 203 203 202 201 201 202 200 200 198 200 205 207 207 209 206 202 200 198 192 185 192 192 198 204 204 202 200 197 199 197 196 191 194 193 184 184 192 194 196 198 199 195 196 200 199 202 200 196 195 192 190 184 176 175 184 190 198 198 198 199 194 190 178 173 161 164 180 188 183 190 200 202 205 206 207 208 209 210 210 210 211 210 211
202 202 203 204 203 203 203 203 201 201 200 201 200 201 198 194 184 180 186 191 196 197 201 204 200 199 197 191 189 198 205 207 209 207 201 192 199 199 197 192 189 192 197 195 186 182 186 187 196 191 191 191 195 196 194 194 189 185 185 177 180 192 200 196 198 200 202 205 204 203 203 199 191 188 188 188 185 187 189 189 198 201 202 204 208 208 209 210 211 212 213 213
204 205 205 205 205 202 203 203 201 201 199 198 197 198 192 187 182 178 179 183 186 190 189 200 209 210 199 203 208 206 202 203 213 215 208 199 199 200 198 192 196 202 201 200 197 192 188 187 186 186 189 188 194 192 183 175 173 171 180 191 201 204 204 203 208 211 212 208 208 212 209 206 206 201 199 198 200 188 181 196 193 193 204 205 206 206 209 212 212 212 214 215
204 203 201 202 202 202 201 199 201 202 200 200 200 193 186 187 187 186 183 186 186 186 189 201 206 206 202 200 202 202 194 206 218 218 214 211 207 205 203 203 207 207 205 204 203 203 202 201 197 189 188 190 187 189 190 190 193 196 183 193 205 203 198 198 206 213 216 218 217 217 216 214 211 210 209 208 206 196 177 184 182 173 178 186 189 201 208 209 212 216 216 216
202 202 201 201 201 200 201 201 203 200 201 198 189 193 191 191 192 190 191 191 191 194 200 200 196 193 203 198 202 209 214 219 221 221 217 210 206 207 211 212 212 210 208 207 205 205 201 201 203 201 189 186 192 194 200 192 182 187 188 194 196 198 200 201 203 209 217 217 216 216 217 216 214 213 213 210 208 203 196 189 182 184 178 162 183 195 204 209 212 216 216 217
203 202 202 201 202 200 198 198 197 197 195 193 191 191 193 195 199 200 201 200 202 206 200 192 196 193 199 211 210 215 221 220 218 220 220 214 207 213 215 213 214 215 210 206 207 207 199 201 201 202 195 194 192 197 191 189 190 191 193 196 201 202 200 206 208 210 215 211 208 209 207 210 214 207 206 209 205 204 198 199 194 202 195 187 187 191 202 207 210 215 218 218
205 205 205 206 204 204 204 204 206 203 200 199 198 197 198 203 205 204 205 207 206 196 188 192 197 201 205 205 208 214 222 221 211 215 214 217 214 217 214 214 215 215 208 208 209 210 208 203 201 200 201 202 200 198 188 192 197 199 202 206 206 202 196 194 203 210 211 211 207 207 206 202 200 201 195 192 190 195 196 197 198 206 212 207 192 192 197 203 211 214 213 215
204 206 207 209 210 211 210 208 206 206 207 207 206 203 204 204 207 209 209 207 200 198 197 196 198 200 200 201 209 218 222 223 213 210 209 211 213 213 215 214 213 211 211 209 209 213 212 208 204 202 204 203 204 199 195 194 198 202 204 207 202 202 193 198 203 207 205 201 204 200 202 201 200 201 197 192 188 191 194 201 198 200 213 215 207 200 205 210 206 202 200 188
207 208 208 212 213 212 212 212 210 208 206 206 207 206 205 204 209 214 210 210 210 208 205 202 204 201 202 202 206 221 224 224 216 215 215 216 217 215 213 210 208 206 207 206 209 212 214 211 205 199 204 206 207 205 201 197 193 202 201 204 201 201 202 204 207 208 206 206 206 197 196 198 195 198 197 198 198 201 203 208 197 200 214 218 217 213 203 203 198 190 185 191
208 208 208 210 214 213 212 210 212 210 208 207 205 210 209 210 211 214 213 211 213 210 209 207 205 202 201 203 212 223 226 226 222 221 221 222 221 215 212 208 206 204 204 205 206 208 212 209 206 201 202 208 209 208 206 205 204 199 191 189 192 201 202 207 210 209 210 209 209 203 200 195 197 195 200 202 206 204 212 215 209 212 215 214 216 216 209 202 199 194 196 205
208 209 208 209 210 214 213 212 212 211 209 206 207 207 212 211 212 213 212 210 213 212 212 208 207 207 209 212 222 226 228 225 222 220 220 221 214 209 211 208 205 204 205 205 206 207 204 206 206 206 203 207 213 208 202 201 199 198 186 184 174 176 188 197 205 212 212 208 211 208 203 198 204 203 204 208 211 216 218 223 223 219 218 213 220 218 212 205 200 210 209 201
210 209 208 209 215 215 216 213 212 213 211 208 207 207 211 209 213 214 212 213 214 215 213 210 211 214 217 222 225 228 221 219 216 216 218 217 215 210 206 206 205 201 205 208 204 205 203 206 206 207 209 209 213 215 215 215 211 201 194 195 183 178 181 186 189 200 211 208 210 210 203 205 208 209 211 214 220 224 226 226 225 225 225 224 222 210 206 211 216 208 195 194
212 211 212 214 214 213 214 216 216 214 211 208 206 210 210 213 210 211 213 215 216 214 213 211 216 219 223 226 228 218 205 202 209 210 210 213 213 212 210 198 198 198 202 206 208 209 209 212 213 212 211 210 209 210 210 213 215 217 215 206 210 201 189 184 190 197 201 201 199 205 204 205 204 210 212 220 225 229 229 225 228 230 228 223 216 214 219 220 213 220 210 214
215 215 217 217 217 216 216 216 217 215 212 208 208 207 208 210 209 212 214 214 214 212 206 201 215 223 226 227 221 192 199 204 208 209 209 211 208 201 198 198 201 207 210 211 211 211 211 211 209 207 205 207 209 209 209 210 211 214 216 216 215 212 201 202 197 191 198 190 184 193 199 202 207 211 217 224 225 225 225 228 229 232 229 227 220 222 229 222 223 225 218 200
220 217 217 218 217 217 219 218 216 213 210 209 206 207 209 206 210 212 211 213 212 208 197 198 213 226 227 226 214 201 201 206 210 210 206 201 198 194 199 204 209 209 208 208 209 210 209 207 206 205 207 211 208 208 208 208 210 211 212 217 220 214 210 211 212 199 205 206 196 188 187 193 206 220 227 229 229 230 230 231 232 234 229 216 226 231 231 229 227 221 221 210
218 218 216 216 220 219 217 215 213 209 210 210 208 208 209 209 210 210 211 210 207 207 196 201 223 227 228 216 210 204 202 204 206 203 199 199 200 204 208 208 208 206 206 207 207 209 208 208 208 208 209 210 208 208 211 211 212 214 217 218 215 215 217 220 225 225 223 223 218 212 209 216 218 220 226 228 226 226 235 235 235 235 223 230 234 235 234 234 233 232 230 230
219 218 219 220 220 218 217 213 213 213 210 209 209 212 210 211 210 210 206 206 197 186 185 210 225 225 228 219 193 184 192 198 202 202 203 206 208 206 206 203 205 204 203 202 204 205 207 206 206 208 208 208 210 212 207 210 213 214 213 208 206 208 216 218 217 220 221 220 220 220 220 218 217 215 210 212 216 227 234 235 234 234 236 236 237 237 237 238 237 236 233 237
226 226 224 222 219 216 217 217 215 214 211 212 211 214 215 217 215 214 208 201 195 187 191 220 224 224 220 195 181 183 192 194 201 207 210 208 207 209 206 200 200 197 194 196 198 200 207 205 206 204 205 211 215 212 211 209 212 218 210 207 203 207 209 201 207 206 207 203 204 199 196 190 190 197 195 202 211 228 231 231 236 237 238 239 239 239 239 239 240 239 237 239
223 225 223 222 221 220 217 217 214 213 212 214 218 218 218 219 220 218 215 211 202 205 215 223 223 221 199 187 183 190 201 202 213 216 220 220 214 214 206 201 193 190 189 193 194 198 205 208 206 198 195 195 205 193 201 190 185 203 208 189 195 187 176 170 169 184 179 193 188 187 177 176 178 171 174 196 216 220 227 233 239 239 240 240 240 240 241 241 241 242 240 242
222 225 226 222 222 221 219 215 213 214 218 222 224 224 224 223 220 218 219 217 219 221 219 219 219 223 218 211 209 214 212 216 216 217 217 221 222 220 210 198 187 187 177 180 185 176 190 186 187 183 176 172 192 189 194 171 179 175 171 171 173 176 168 174 164 168 174 169 177 168 162 170 172 186 176 173 201 206 220 228 236 238 240 241 241 240 239 241 241 241 238 240
224 225 223 221 218 220 220 217 212 214 225 228 229 228 226 223 223 221 217 214 214 210 211 205 211 208 206 208 213 216 211 213 211 206 208 206 203 214 203 185 165 176 150 156 160 160 162 175 142 156 180 194 189 177 172 165 170 161 157 188 178 157 159 172 164 147 148 152 161 173 192 193 186 178 190 194 210 211 216 228 234 238 239 241 242 241 238 236 238 239 238 244
222 224 224 215 209 214 218 218 216 222 231 232 232 229 228 228 220 214 207 201 198 192 188 192 196 203 213 213 208 208 215 210 216 211 195 185 178 211 181 152 145 129 136 140 163 170 155 172 181 169 143 171 141 147 158 159 155 164 165 164 138 134 140 140 146 154 163 170 185 189 172 197 195 199 209 218 223 225 226 230 234 237 239 242 241 235 226 229 235 244 246 247
219 224 225 219 210 220 223 220 219 230 233 234 233 231 230 224 214 207 195 190 183 185 194 212 211 212 200 196 204 210 214 195 182 175 177 156 183 163 142 170 132 122 133 147 134 128 94 130 153 121 133 126 110 104 102 114 102 124 133 126 125 143 163 160 166 172 179 157 176 167 202 213 218 218 222 224 229 228 230 233 235 236 239 241 240 233 232 238 247 246 250 250
224 227 229 220 219 224 219 223 230 234 235 235 234 232 226 212 201 197 186 182 198 214 212 209 204 201 196 180 173 189 171 182 160 135 146 130 143 182 156 132 112 108 128 123 83 95 105 114 164 135 121 156 117 111 122 144 128 156 145 153 159 162 139 145 174 189 198 168 184 179 179 219 227 226 225 226 227 229 231 233 235 238 239 239 241 238 242 248 250 249 250 251
227 229 229 226 227 226 226 227 233 235 235 236 235 229 216 209 194 188 187 212 208 206 201 187 177 200 183 174 162 148 118 138 125 125 146 165 180 146 130 103 114 122 116 140 88 97 131 169 146 176 173 184 160 155 145 152 162 174 161 177 183 200 180 176 200 202 212 195 203 195 180 223 226 229 229 232 231 231 234 234 234 238 240 242 244 247 246 244 246 249 250 251
227 229 230 228 230 230 227 231 233 235 236 237 233 220 216 198 185 178 208 216 204 194 186 163 164 158 150 134 88 114 98 130 116 136 106 121 132 135 110 116 110 117 124 138 146 158 183 205 183 184 135 146 143 141 160 160 166 168 182 179 188 191 198 202 213 217 211 213 206 212 208 205 206 221 230 232 235 237 238 236 236 237 239 245 245 246 244 245 247 248 250 251
228 229 229 232 232 230 226 228 230 237 237 237 227 221 214 198 188 219 228 222 206 200 170 161 137 129 110 91 123 119 111 150 137 176 125 137 134 121 106 94 113 116 134 85 117 152 206 224 194 155 138 153 158 172 180 169 188 204 216 200 176 172 165 171 196 187 181 173 186 197 217 195 200 224 233 234 234 235 237 240 240 241 241 243 244 245 247 249 251 250 247 250
229 229 224 231 230 228 219 221 235 238 238 237 229 219 202 196 226 229 203 184 165 190 166 165 173 156 145 147 131 153 152 176 196 185 191 173 206 143 141 154 165 173 144 118 154 154 231 214 179 158 162 163 190 199 186 201 220 229 247 230 212 210 187 192 196 220 225 210 207 214 225 230 231 233 228 229 228 235 238 238 241 242 243 243 245 245 245 246 248 246 243 247
229 220 209 224 234 226 216 226 240 237 237 237 228 208 207 221 218 213 206 198 177 140 182 150 117 92 98 85 122 205 177 200 228 219 198 221 211 184 172 163 163 169 160 126 195 201 229 217 192 190 211 217 236 226 209 237 256 257 256 258 253 238 224 221 218 223 235 235 228 223 221 231 224 232 242 242 239 238 237 239 239 241 245 246 246 246 248 248 247 245 247 248
231 216 203 214 229 224 221 234 240 238 238 240 227 210 220 227 225 204 179 178 170 119 121 112 101 104 95 107 167 187 221 242 236 239 224 233 215 205 191 204 202 210 156 191 201 237 226 196 190 195 219 239 244 259 263 265 263 261 261 261 260 256 238 221 216 227 226 229 230 237 236 239 244 242 247 237 236 240 242 241 243 241 242 245 248 248 250 250 250 248 250 250
226 223 195 211 232 231 219 227 241 244 243 241 239 230 236 230 207 197 197 173 128 134 145 180 165 176 155 153 188 224 236 247 248 247 249 254 252 246 243 240 240 217 223 225 242 218 202 221 247 250 264 266 263 264 264 264 264 263 262 263 262 262 252 244 224 223 218 212 223 228 235 232 223 232 246 250 244 243 242 242 241 243 244 243 243 246 247 249 250 250 250 250
217 201 204 186 227 234 220 225 240 242 239 237 236 238 223 229 209 218 190 163 165 134 122 115 119 137 195 196 237 248 250 253 257 260 265 266 266 268 268 265 261 255 254 266 257 246 231 248 268 274 273 271 269 266 264 264 264 263 263 -9999 -9999 264 266 242 233 231 195 206 219 227 221 249 245 250 250 246 242 243 243 243 239 243 244 240 223 229 238 245 247 248 249 250
217 197 210 197 212 223 216 211 240 240 236 233 230 227 211 204 217 191 157 170 128 121 108 135 173 206 239 254 253 258 259 259 262 266 271 270 270 272 272 271 270 267 266 267 267 268 269 271 272 273 275 273 270 267 265 264 -9999 -9999 -9999 -9999 -9999 265 258 254 233 231 234 209 215 221 229 244 248 248 244 243 243 240 243 245 245 244 241 229 225 235 233 233 240 245 248 251
