resultados/variables_proyeccion_tiempo/variables_futuro_ccsm_A1B/bio11.asc
ncols 330
nrows 228
xllcorner -12.000000
yllcorner 34.000000
cellsize 0.166667
NODATA_value -9999
[rows 90 to 134 of 228, columns 192 to 287 of 330]
-9999 -9999 -9999 -9999 -9999 -9999 6 6 5 5 2 1 3 1 -2 -3 -4 -3 -2 -1 -0 0 -1 -1 -2 -3 -5 -7 -9 -10 -12 -14 -17 -19 -21 -22 -22 -21 -18 -18 -19 -19 -20 -21 -22 -22 -22 -23 -24 -24 -25 -26 -25 -26 -27 -31 -32 -32 -30 -30 -29 -30 -30 -30 -30 -30 -30 -33 -37 -40 -41 -41 -41 -41 -41 -40 -40 -41 -41 -41 -41 -43 -43 -44 -44 -43 -42 -41 -40 -39 -39 -38 -39 -39 -38 -37
-9999 -9999 -9999 -9999 -9999 -9999 6 6 5 4 2 2 2 -0 -3 -4 -5 -4 -3 -2 0 -0 -0 -1 -2 -4 -6 -7 -8 -10 -11 -12 -14 -16 -18 -18 -17 -17 -16 -17 -18 -18 -19 -20 -21 -22 -22 -23 -24 -24 -25 -25 -25 -27 -29 -31 -32 -34 -33 -32 -32 -28 -29 -29 -30 -30 -31 -32 -35 -38 -39 -41 -41 -40 -40 -40 -39 -41 -42 -42 -40 -41 -41 -41 -42 -42 -43 -41 -39 -38 -38 -38 -38 -38 -37 -38
-9999 -9999 -9999 -9999 -9999 -9999 6 6 5 2 0 1 1 -1 -2 -4 -5 -4 -4 -2 -0 -0 -1 -1 -2 -4 -5 -7 -9 -10 -10 -12 -13 -14 -14 -14 -15 -16 -16 -17 -17 -18 -20 -22 -22 -22 -23 -22 -23 -23 -24 -25 -26 -27 -29 -29 -31 -32 -32 -31 -29 -28 -28 -28 -30 -30 -30 -34 -36 -35 -36 -39 -40 -39 -40 -40 -39 -40 -41 -41 -40 -40 -40 -40 -41 -43 -42 -41 -39 -39 -38 -38 -38 -38 -38 -38
-9999 -9999 -9999 -9999 -9999 8 8 6 5 4 0 -1 0 -0 -1 -3 -4 -4 -3 -2 -2 -1 -2 -2 -3 -4 -5 -7 -8 -9 -10 -12 -13 -14 -14 -14 -14 -14 -15 -16 -18 -19 -20 -22 -22 -22 -22 -24 -22 -23 -24 -25 -26 -26 -27 -27 -28 -29 -30 -30 -29 -28 -28 -27 -29 -30 -32 -34 -35 -34 -35 -36 -37 -37 -38 -38 -38 -39 -40 -41 -40 -39 -39 -38 -39 -40 -40 -40 -39 -38 -37 -37 -37 -37 -36 -36
-9999 -9999 -9999 -9999 -9999 -9999 9 7 5 5 2 -1 -1 -1 -2 -2 -3 -3 -4 -4 -3 -2 -3 -3 -4 -5 -6 -7 -8 -10 -11 -12 -12 -14 -14 -15 -14 -14 -14 -16 -18 -19 -20 -21 -22 -24 -24 -23 -23 -23 -24 -25 -26 -26 -26 -27 -28 -28 -30 -30 -29 -30 -29 -29 -29 -30 -33 -32 -32 -33 -34 -35 -35 -35 -36 -35 -36 -36 -38 -38 -39 -40 -39 -38 -38 -38 -38 -38 -38 -38 -38 -38 -37 -36 -36 -36
-9999 -9999 -9999 -9999 -9999 -9999 8 7 5 3 -1 -3 -3 -3 -4 -4 -5 -4 -5 -5 -4 -4 -4 -4 -5 -6 -6 -8 -9 -10 -11 -12 -13 -14 -15 -15 -15 -14 -14 -15 -17 -18 -20 -21 -22 -22 -22 -22 -22 -23 -23 -24 -25 -26 -26 -27 -26 -27 -28 -28 -28 -28 -28 -28 -29 -30 -31 -32 -32 -32 -33 -32 -33 -33 -34 -34 -34 -35 -36 -38 -38 -39 -39 -38 -37 -38 -38 -38 -39 -39 -39 -39 -39 -38 -37 -37
-9999 -9999 -9999 -9999 -9999 -9999 9 7 4 2 -1 -4 -5 -5 -6 -6 -6 -6 -6 -6 -6 -6 -5 -5 -6 -6 -7 -8 -9 -11 -12 -13 -13 -14 -14 -15 -16 -16 -15 -15 -17 -18 -19 -20 -21 -21 -21 -21 -21 -22 -23 -24 -24 -25 -25 -26 -26 -27 -27 -27 -28 -28 -28 -28 -28 -29 -30 -32 -32 -32 -32 -32 -32 -32 -32 -33 -34 -35 -36 -37 -38 -38 -39 -39 -38 -38 -37 -37 -38 -40 -40 -40 -40 -40 -39 -39
-9999 -9999 -9999 -9999 -9999 -9999 10 7 4 0 -3 -4 -5 -7 -8 -8 -6 -7 -8 -7 -8 -8 -7 -6 -6 -6 -8 -9 -10 -12 -12 -13 -14 -15 -14 -15 -16 -15 -15 -16 -17 -18 -17 -19 -20 -19 -20 -20 -20 -21 -22 -22 -23 -23 -24 -25 -25 -26 -27 -28 -29 -28 -27 -27 -27 -28 -30 -31 -31 -31 -31 -31 -31 -32 -32 -33 -35 -36 -36 -36 -37 -38 -38 -38 -38 -37 -37 -37 -37 -37 -40 -41 -40 -40 -38 -38
-9999 -9999 -9999 -9999 -9999 -9999 9 7 4 1 -2 -4 -5 -7 -8 -8 -8 -8 -8 -8 -8 -7 -7 -7 -6 -7 -8 -9 -10 -11 -11 -13 -13 -13 -15 -16 -15 -15 -15 -15 -16 -16 -17 -18 -19 -20 -19 -19 -20 -20 -21 -22 -22 -23 -24 -23 -24 -25 -27 -29 -28 -28 -27 -27 -27 -28 -29 -29 -30 -30 -31 -31 -31 -32 -32 -32 -34 -34 -35 -36 -36 -37 -37 -38 -38 -38 -37 -37 -37 -37 -38 -41 -41 -40 -39 -37
-9999 -9999 -9999 -9999 -9999 -9999 8 6 4 1 -2 -3 -4 -5 -5 -6 -6 -7 -7 -7 -7 -7 -6 -6 -6 -7 -8 -9 -9 -10 -12 -13 -14 -14 -15 -15 -14 -14 -14 -14 -14 -15 -16 -16 -17 -18 -18 -19 -19 -20 -20 -21 -21 -22 -22 -22 -23 -23 -25 -26 -26 -25 -26 -26 -26 -27 -27 -28 -29 -29 -29 -30 -30 -32 -34 -33 -33 -32 -35 -35 -36 -35 -36 -38 -38 -38 -38 -38 -38 -38 -38 -40 -41 -41 -39 -38
-9999 -9999 -9999 -9999 -9999 9 -9999 4 3 1 -0 -2 -2 -2 -2 -3 -3 -4 -5 -6 -6 -5 -4 -4 -5 -7 -9 -9 -9 -11 -12 -13 -13 -13 -12 -12 -12 -15 -14 -13 -13 -14 -15 -16 -16 -17 -19 -19 -21 -21 -21 -21 -21 -21 -21 -22 -22 -23 -23 -23 -24 -25 -26 -27 -27 -28 -27 -27 -27 -27 -27 -29 -31 -32 -32 -32 -32 -32 -34 -34 -34 -34 -36 -37 -38 -38 -38 -38 -38 -39 -38 -39 -40 -40 -38 -38
-9999 -9999 -9999 10 10 -9999 -9999 3 2 0 -1 -1 -1 -1 -2 -2 -2 -3 -4 -4 -4 -4 -3 -4 -6 -7 -8 -8 -11 -11 -11 -12 -12 -11 -11 -10 -12 -14 -14 -15 -14 -14 -16 -17 -18 -18 -19 -19 -20 -21 -21 -21 -21 -20 -21 -21 -22 -22 -23 -23 -23 -24 -26 -28 -28 -28 -28 -28 -28 -27 -26 -28 -29 -30 -31 -30 -30 -31 -33 -34 -33 -34 -35 -36 -38 -38 -38 -36 -36 -37 -36 -38 -38 -38 -38 -37
10 9 10 9 8 6 3 1 -0 -1 -2 -3 -2 -2 -2 -1 -2 -2 -3 -3 -4 -3 -3 -4 -5 -7 -8 -9 -10 -10 -11 -11 -11 -10 -9 -10 -10 -11 -13 -14 -15 -15 -17 -17 -18 -18 -19 -19 -19 -20 -20 -21 -21 -22 -21 -21 -22 -22 -23 -24 -23 -23 -24 -25 -27 -27 -27 -27 -26 -26 -26 -27 -28 -29 -28 -28 -29 -30 -31 -32 -32 -33 -35 -36 -37 -37 -36 -35 -35 -35 -35 -36 -36 -37 -36 -36
10 9 8 8 6 4 1 -1 -2 -4 -4 -4 -4 -3 -3 -2 -1 -1 -2 -2 -3 -3 -4 -4 -5 -8 -10 -10 -11 -10 -12 -11 -11 -10 -12 -10 -10 -10 -12 -13 -14 -15 -16 -16 -17 -18 -18 -19 -19 -19 -20 -20 -21 -24 -22 -21 -23 -25 -26 -25 -26 -25 -25 -25 -26 -26 -26 -26 -26 -27 -26 -27 -27 -26 -26 -27 -30 -30 -32 -33 -33 -33 -34 -34 -35 -35 -36 -36 -36 -36 -34 -34 -35 -35 -35 -35
6 6 7 5 3 1 -1 -3 -5 -6 -6 -6 -6 -5 -4 -4 -4 -4 -3 -3 -4 -4 -5 -6 -6 -8 -11 -12 -12 -11 -11 -11 -14 -13 -13 -13 -11 -11 -12 -13 -13 -15 -16 -16 -16 -18 -18 -21 -20 -19 -19 -21 -22 -22 -22 -23 -24 -25 -27 -26 -27 -26 -25 -25 -26 -26 -26 -26 -27 -27 -27 -27 -26 -27 -27 -28 -30 -31 -32 -33 -32 -32 -34 -35 -35 -36 -37 -37 -37 -36 -35 -35 -36 -35 -35 -35
1 -0 -2 -1 -2 -2 -5 -7 -8 -9 -10 -11 -9 -9 -10 -10 -11 -11 -7 -5 -5 -6 -6 -7 -9 -11 -11 -12 -11 -10 -11 -11 -13 -14 -14 -14 -13 -15 -13 -12 -13 -14 -15 -16 -18 -19 -19 -21 -20 -19 -20 -21 -22 -22 -22 -23 -24 -26 -26 -27 -27 -26 -26 -27 -27 -27 -27 -28 -28 -27 -26 -26 -26 -27 -28 -28 -30 -31 -31 -33 -33 -34 -34 -35 -36 -36 -37 -37 -38 -37 -36 -36 -37 -38 -37 -37
-2 -3 -4 -4 -5 -6 -8 -10 -12 -13 -14 -13 -13 -14 -14 -13 -13 -11 -9 -7 -7 -7 -7 -8 -9 -10 -11 -11 -12 -11 -11 -12 -12 -13 -14 -14 -15 -14 -15 -15 -15 -16 -17 -17 -20 -21 -20 -20 -19 -19 -20 -20 -21 -21 -22 -23 -24 -24 -25 -26 -27 -25 -26 -26 -26 -26 -26 -26 -26 -26 -26 -26 -26 -26 -27 -28 -29 -31 -32 -32 -33 -33 -34 -35 -35 -36 -36 -37 -37 -38 -38 -38 -37 -38 -38 -37
-3 -4 -5 -7 -9 -11 -12 -15 -17 -17 -16 -16 -16 -14 -14 -12 -11 -10 -8 -6 -7 -6 -7 -8 -9 -9 -10 -10 -11 -11 -10 -12 -12 -11 -11 -12 -12 -12 -12 -15 -17 -18 -21 -20 -20 -20 -19 -18 -18 -18 -19 -20 -20 -20 -21 -22 -23 -24 -24 -25 -26 -26 -25 -26 -25 -25 -25 -27 -26 -26 -26 -25 -26 -27 -27 -27 -28 -30 -31 -32 -32 -33 -33 -34 -35 -35 -35 -36 -37 -38 -37 -38 -38 -37 -36 -36
-7 -8 -9 -11 -12 -15 -17 -19 -20 -19 -18 -17 -16 -14 -12 -11 -10 -8 -8 -6 -6 -6 -5 -6 -8 -9 -9 -10 -10 -10 -10 -11 -10 -9 -10 -10 -11 -11 -12 -13 -15 -18 -20 -20 -19 -18 -18 -18 -19 -19 -19 -19 -20 -20 -20 -22 -22 -23 -23 -24 -25 -25 -24 -24 -24 -24 -24 -25 -25 -25 -25 -25 -26 -26 -27 -28 -29 -29 -30 -33 -33 -32 -32 -34 -34 -35 -34 -36 -36 -36 -36 -37 -36 -36 -36 -38
-9 -10 -11 -12 -14 -16 -18 -20 -21 -20 -19 -17 -16 -15 -12 -10 -9 -7 -7 -6 -6 -6 -6 -6 -7 -8 -8 -10 -10 -10 -9 -9 -9 -9 -11 -12 -10 -10 -12 -13 -15 -17 -18 -18 -18 -17 -16 -16 -17 -18 -18 -19 -19 -19 -20 -20 -22 -22 -23 -23 -23 -23 -24 -24 -23 -23 -24 -24 -24 -24 -24 -25 -25 -26 -27 -27 -28 -30 -30 -31 -33 -32 -32 -33 -34 -35 -35 -35 -36 -36 -37 -35 -38 -36 -38 -38
-13 -14 -15 -15 -15 -17 -18 -20 -21 -21 -20 -18 -18 -15 -13 -10 -8 -7 -6 -8 -6 -7 -7 -7 -6 -7 -8 -8 -10 -9 -8 -8 -9 -11 -15 -15 -12 -11 -11 -12 -14 -15 -15 -16 -16 -16 -16 -16 -16 -17 -17 -18 -18 -18 -19 -20 -20 -21 -21 -22 -22 -22 -22 -22 -23 -22 -23 -23 -23 -24 -24 -25 -25 -26 -26 -26 -27 -28 -30 -31 -32 -32 -32 -34 -34 -35 -35 -36 -36 -36 -37 -36 -37 -36 -37 -37
-16 -17 -17 -17 -16 -16 -18 -19 -20 -20 -19 -18 -18 -16 -12 -10 -9 -8 -6 -7 -6 -7 -7 -5 -6 -6 -7 -7 -7 -7 -8 -10 -12 -11 -13 -14 -13 -12 -12 -13 -13 -14 -14 -15 -16 -15 -16 -15 -16 -17 -17 -18 -18 -18 -19 -19 -20 -21 -21 -21 -22 -21 -22 -22 -22 -22 -22 -23 -23 -24 -24 -24 -25 -25 -25 -25 -26 -27 -28 -30 -32 -33 -33 -33 -33 -35 -34 -35 -35 -36 -35 -36 -36 -37 -37 -36
-16 -18 -19 -17 -16 -15 -16 -17 -19 -19 -19 -17 -17 -16 -12 -9 -8 -6 -6 -5 -5 -6 -6 -6 -8 -8 -8 -9 -7 -8 -7 -9 -12 -12 -13 -13 -12 -12 -13 -13 -14 -14 -15 -16 -16 -16 -16 -16 -16 -16 -17 -17 -17 -18 -18 -19 -20 -20 -20 -20 -21 -21 -22 -22 -22 -22 -22 -23 -23 -23 -23 -23 -24 -24 -25 -25 -26 -27 -29 -30 -31 -32 -33 -34 -34 -34 -33 -34 -35 -35 -35 -36 -36 -37 -37 -36
-16 -17 -18 -16 -15 -14 -15 -16 -17 -18 -18 -17 -17 -14 -13 -11 -8 -6 -5 -4 -5 -5 -6 -6 -7 -8 -9 -10 -10 -9 -10 -10 -10 -12 -12 -12 -12 -12 -13 -13 -14 -14 -15 -15 -15 -15 -15 -16 -16 -16 -17 -17 -17 -18 -18 -18 -19 -19 -20 -20 -20 -20 -22 -22 -22 -21 -22 -23 -22 -22 -22 -23 -24 -24 -25 -25 -27 -27 -29 -29 -30 -30 -32 -33 -32 -32 -33 -34 -35 -36 -36 -37 -37 -37 -37 -36
-14 -14 -14 -13 -12 -10 -11 -13 -15 -16 -17 -17 -16 -15 -14 -11 -9 -6 -5 -4 -4 -4 -4 -6 -7 -8 -9 -9 -8 -9 -9 -10 -10 -10 -12 -11 -12 -12 -13 -12 -13 -12 -13 -14 -14 -14 -15 -15 -15 -16 -17 -17 -17 -17 -18 -18 -18 -19 -19 -20 -20 -20 -21 -21 -21 -21 -22 -22 -21 -22 -23 -22 -23 -24 -25 -26 -27 -28 -29 -28 -29 -30 -31 -32 -31 -34 -34 -34 -34 -35 -36 -36 -36 -37 -36 -35
-12 -11 -10 -9 -8 -7 -7 -9 -11 -13 -15 -16 -15 -14 -13 -10 -8 -6 -5 -4 -4 -4 -5 -5 -6 -7 -7 -8 -9 -9 -9 -9 -9 -10 -10 -11 -11 -11 -11 -12 -12 -12 -13 -13 -13 -14 -14 -14 -14 -15 -16 -16 -16 -16 -17 -18 -18 -18 -19 -19 -19 -19 -20 -21 -20 -20 -21 -21 -22 -22 -22 -22 -23 -24 -25 -25 -26 -27 -27 -27 -28 -30 -31 -32 -31 -33 -33 -33 -34 -36 -35 -36 -36 -36 -35 -35
-11 -10 -8 -5 -4 -2 -2 -5 -8 -10 -12 -14 -15 -15 -12 -10 -9 -6 -4 -4 -4 -4 -4 -5 -5 -6 -6 -7 -7 -7 -7 -8 -8 -9 -10 -10 -10 -11 -11 -11 -11 -11 -12 -12 -13 -13 -13 -14 -14 -14 -14 -15 -15 -15 -16 -16 -17 -18 -18 -18 -18 -18 -19 -19 -19 -20 -20 -20 -21 -21 -21 -22 -24 -24 -24 -25 -25 -25 -26 -25 -28 -29 -29 -29 -30 -32 -33 -33 -33 -34 -35 -36 -36 -35 -35 -35
-8 -7 -4 -2 2 4 3 -1 -5 -9 -12 -14 -16 -17 -14 -10 -7 -5 -4 -3 -3 -3 -3 -3 -4 -5 -5 -6 -6 -6 -6 -7 -7 -8 -9 -10 -10 -10 -10 -11 -11 -11 -11 -11 -12 -12 -12 -12 -13 -14 -14 -14 -14 -14 -15 -15 -16 -17 -16 -17 -18 -18 -17 -18 -19 -19 -19 -19 -20 -20 -21 -22 -23 -23 -22 -23 -24 -24 -25 -25 -25 -26 -27 -28 -30 -30 -31 -32 -33 -33 -35 -35 -35 -35 -35 -36
-6 -4 -2 1 4 6 5 1 -4 -9 -13 -14 -16 -17 -15 -12 -7 -4 -0 -0 -2 -3 -2 -3 -3 -4 -4 -5 -6 -6 -7 -7 -8 -8 -9 -9 -9 -9 -9 -10 -10 -10 -10 -11 -11 -11 -12 -12 -12 -13 -13 -13 -13 -13 -14 -14 -15 -16 -16 -16 -16 -16 -17 -16 -17 -18 -19 -19 -20 -20 -20 -20 -21 -22 -21 -22 -23 -24 -25 -25 -24 -25 -27 -28 -30 -30 -30 -31 -32 -33 -34 -33 -33 -33 -34 -35
-5 -4 -2 0 3 5 5 2 -3 -7 -10 -12 -16 -16 -14 -10 -6 -2 2 1 -2 -5 -3 -3 -4 -4 -5 -5 -5 -6 -6 -7 -7 -8 -8 -8 -9 -8 -9 -9 -10 -10 -10 -10 -10 -10 -11 -11 -12 -12 -12 -12 -13 -13 -13 -13 -14 -15 -16 -16 -16 -16 -16 -16 -16 -17 -18 -18 -19 -19 -20 -19 -19 -20 -21 -21 -22 -23 -25 -24 -24 -25 -27 -29 -30 -30 -30 -30 -32 -32 -31 -32 -33 -33 -34 -35
-7 -5 -5 -3 -1 2 2 1 -2 -6 -9 -12 -14 -14 -13 -10 -6 -2 2 0 -4 -6 -6 -5 -5 -5 -5 -5 -6 -6 -6 -7 -7 -8 -8 -8 -8 -8 -9 -10 -10 -10 -10 -10 -11 -11 -12 -12 -12 -12 -12 -13 -13 -14 -14 -15 -14 -14 -14 -15 -15 -15 -15 -16 -16 -16 -16 -18 -18 -18 -18 -18 -18 -20 -20 -21 -22 -23 -23 -23 -23 -25 -26 -27 -29 -30 -30 -30 -31 -30 -30 -32 -34 -35 -36 -36
-8 -7 -5 -4 -2 -0 1 -0 -1 -5 -9 -11 -13 -12 -11 -9 -6 -4 -2 -3 -5 -6 -7 -6 -6 -5 -5 -5 -5 -6 -6 -7 -7 -8 -8 -9 -9 -9 -10 -9 -10 -10 -10 -10 -11 -12 -12 -13 -13 -12 -13 -12 -12 -12 -12 -13 -13 -13 -13 -14 -14 -14 -14 -14 -15 -16 -17 -16 -16 -17 -16 -17 -18 -18 -20 -21 -22 -23 -22 -22 -24 -25 -27 -28 -28 -28 -29 -30 -29 -30 -29 -31 -33 -34 -34 -34
-8 -8 -6 -3 -3 -2 -1 -2 -3 -4 -6 -8 -10 -11 -10 -9 -7 -5 -4 -5 -7 -8 -7 -6 -6 -6 -5 -5 -5 -6 -7 -7 -8 -8 -8 -9 -9 -10 -10 -10 -10 -11 -11 -11 -11 -12 -12 -12 -13 -13 -13 -13 -12 -12 -12 -12 -13 -13 -13 -13 -13 -13 -13 -13 -15 -15 -16 -16 -15 -15 -15 -16 -17 -17 -18 -18 -19 -19 -20 -21 -24 -25 -26 -26 -26 -28 -28 -29 -28 -29 -31 -32 -32 -33 -34 -34
-10 -8 -8 -7 -5 -4 -4 -4 -4 -5 -6 -6 -10 -11 -12 -10 -8 -7 -6 -6 -7 -7 -6 -6 -6 -6 -6 -5 -5 -6 -7 -8 -8 -9 -9 -9 -9 -10 -10 -10 -10 -10 -11 -12 -12 -12 -13 -13 -14 -16 -15 -14 -14 -13 -13 -13 -13 -13 -13 -12 -12 -12 -12 -12 -13 -13 -14 -13 -13 -14 -14 -14 -15 -15 -16 -17 -17 -18 -19 -21 -22 -23 -23 -25 -26 -26 -27 -28 -29 -29 -32 -33 -33 -34 -34 -35
-8 -9 -10 -12 -10 -6 -5 -4 -3 -3 -4 -5 -10 -12 -14 -11 -9 -7 -6 -7 -6 -6 -5 -5 -6 -6 -6 -5 -5 -5 -6 -7 -8 -9 -9 -9 -9 -9 -10 -10 -10 -11 -12 -12 -13 -13 -12 -13 -14 -15 -14 -14 -13 -12 -11 -11 -11 -11 -11 -11 -12 -11 -10 -10 -12 -12 -11 -12 -12 -13 -13 -13 -14 -15 -15 -16 -17 -18 -18 -19 -20 -21 -22 -23 -23 -24 -26 -27 -28 -28 -30 -30 -32 -33 -35 -34
-8 -10 -12 -13 -14 -10 -7 -5 -3 -2 -2 -4 -8 -11 -12 -12 -11 -8 -6 -6 -7 -5 -4 -4 -4 -5 -4 -4 -4 -5 -5 -6 -7 -7 -8 -8 -9 -10 -10 -10 -10 -11 -12 -13 -12 -13 -13 -13 -14 -13 -14 -13 -12 -11 -11 -11 -11 -12 -11 -11 -10 -9 -9 -9 -10 -9 -10 -11 -11 -12 -12 -12 -13 -14 -14 -15 -16 -17 -18 -18 -20 -21 -21 -22 -24 -24 -25 -26 -28 -29 -29 -29 -30 -30 -31 -31
-7 -9 -11 -13 -14 -13 -9 -6 -2 -0 -0 -3 -6 -10 -11 -10 -10 -8 -6 -5 -5 -5 -3 -3 -3 -3 -3 -3 -4 -4 -5 -6 -6 -7 -8 -8 -9 -10 -10 -10 -10 -10 -12 -13 -13 -12 -12 -13 -13 -13 -13 -12 -12 -11 -11 -11 -11 -11 -10 -9 -9 -9 -8 -8 -8 -9 -9 -9 -10 -11 -11 -11 -12 -13 -14 -15 -16 -16 -16 -17 -19 -20 -20 -21 -22 -24 -25 -25 -26 -26 -28 -28 -30 -30 -31 -31
-5 -7 -8 -11 -11 -10 -9 -8 -4 0 2 0 -4 -7 -10 -10 -9 -6 -4 -3 -3 -3 -1 -1 -1 -2 -2 -3 -4 -5 -5 -5 -7 -8 -8 -9 -9 -10 -11 -11 -11 -11 -12 -12 -12 -12 -12 -12 -12 -13 -13 -12 -12 -11 -10 -10 -10 -9 -9 -9 -9 -8 -7 -7 -7 -8 -8 -9 -10 -10 -10 -11 -11 -12 -14 -13 -15 -15 -16 -17 -17 -17 -19 -20 -22 -23 -24 -25 -23 -25 -27 -28 -30 -30 -30 -31
-4 -5 -5 -6 -7 -6 -4 -3 -1 2 2 -1 -4 -6 -7 -7 -5 -5 -5 -4 -3 -1 -0 -1 -0 -0 -2 -3 -3 -4 -5 -5 -5 -7 -9 -8 -10 -11 -12 -10 -11 -12 -12 -12 -12 -12 -12 -13 -13 -13 -12 -12 -12 -12 -11 -10 -9 -9 -9 -8 -9 -7 -8 -6 -7 -7 -7 -8 -9 -10 -10 -10 -11 -11 -12 -13 -12 -14 -15 -15 -15 -18 -18 -20 -20 -22 -21 -23 -25 -25 -26 -26 -27 -27 -28 -28
-3 -4 -4 -3 -3 -2 -1 0 0 -0 -3 -5 -7 -7 -6 -5 -3 -1 -2 -3 -2 -0 1 1 0 1 -0 -2 -2 -3 -3 -4 -6 -7 -7 -11 -11 -11 -11 -10 -11 -11 -11 -12 -12 -12 -12 -13 -13 -12 -12 -12 -12 -12 -11 -10 -10 -10 -9 -9 -9 -8 -8 -5 -7 -7 -7 -7 -8 -9 -10 -10 -11 -11 -11 -11 -13 -13 -13 -13 -14 -17 -17 -19 -19 -20 -22 -24 -24 -24 -24 -24 -24 -25 -27 -28
0 -0 -1 -1 1 2 2 0 -1 -4 -8 -11 -12 -11 -7 -3 -2 -0 2 1 -1 1 2 2 2 2 1 -0 -1 -2 -3 -4 -5 -6 -7 -10 -11 -11 -10 -10 -11 -11 -12 -13 -13 -12 -12 -13 -13 -12 -11 -11 -11 -11 -11 -10 -10 -10 -9 -9 -9 -9 -9 -6 -6 -6 -7 -7 -7 -9 -10 -10 -10 -10 -10 -10 -11 -12 -12 -12 -13 -16 -16 -17 -18 -21 -21 -23 -23 -22 -24 -24 -25 -26 -27 -27
4 3 2 2 2 3 1 -1 -3 -7 -10 -14 -15 -12 -7 -2 2 4 4 4 2 -0 2 3 3 3 2 1 0 -1 -3 -4 -6 -7 -9 -11 -9 -11 -11 -11 -10 -12 -13 -13 -12 -13 -13 -13 -12 -12 -12 -12 -12 -12 -12 -12 -11 -10 -9 -9 -9 -10 -8 -8 -8 -8 -7 -7 -7 -8 -9 -10 -10 -10 -10 -10 -11 -12 -10 -11 -14 -15 -15 -16 -17 -19 -21 -22 -20 -22 -23 -23 -23 -25 -26 -25
2 2 -1 -1 -0 0 -2 -4 -6 -10 -13 -16 -18 -18 -11 -4 3 7 7 6 5 3 1 1 3 3 2 2 1 -3 -6 -8 -9 -8 -10 -9 -9 -9 -9 -11 -11 -12 -12 -13 -13 -12 -12 -13 -13 -13 -12 -12 -12 -12 -12 -12 -11 -10 -10 -9 -9 -9 -9 -9 -10 -10 -9 -9 -9 -9 -8 -9 -9 -9 -9 -8 -9 -9 -9 -12 -12 -12 -14 -15 -18 -20 -21 -21 -20 -20 -21 -22 -23 -24 -24 -25
-7 -7 -8 -5 -5 -4 -3 -3 -4 -8 -12 -16 -20 -18 -13 -8 2 7 6 6 6 5 4 3 2 2 1 -0 -3 -5 -6 -7 -7 -9 -9 -10 -10 -9 -10 -11 -12 -12 -12 -12 -12 -12 -13 -13 -13 -13 -13 -13 -12 -12 -12 -12 -11 -11 -10 -9 -9 -8 -9 -9 -9 -9 -8 -9 -10 -8 -8 -8 -9 -9 -9 -9 -7 -8 -10 -10 -10 -12 -13 -15 -16 -18 -19 -19 -18 -20 -20 -20 -22 -22 -22 -22
-14 -15 -10 -5 -7 -7 -7 -10 -10 -11 -14 -16 -18 -20 -22 -17 -5 2 3 5 6 6 6 5 2 2 0 -0 -2 -3 -5 -6 -6 -7 -8 -9 -8 -9 -9 -11 -11 -12 -12 -12 -13 -12 -12 -12 -12 -12 -12 -12 -12 -12 -12 -11 -11 -11 -10 -9 -10 -10 -10 -9 -9 -10 -10 -10 -8 -7 -7 -7 -7 -8 -9 -9 -7 -7 -8 -9 -10 -12 -12 -14 -14 -16 -18 -18 -17 -17 -18 -18 -19 -20 -21 -21
