resultados/variables_proyeccion_tiempo/variables_futuro_ccsm_A1B/bio19.asc
ncols 330
nrows 228
xllcorner -12.000000
yllcorner 34.000000
cellsize 0.166667
NODATA_value -9999
[rows 0 to 40 of 228, columns 186 to 278 of 330]
-9999 -9999 -9999 -9999 -9999 -9999 -9999 -9999 -9999 -9999 -9999 -9999 -9999 -9999 -9999 -9999 -9999 -9999 -9999 -9999 -9999 -9999 -9999 -9999 -9999 -9999 -9999 -9999 -9999 -9999 -9999 -9999 -9999 -9999 -9999 -9999 -9999 -9999 -9999 -9999 -9999 -9999 -9999 -9999 -9999 -9999 -9999 -9999 -9999 -9999 -9999 -9999 -9999 -9999 -9999 -9999 -9999 -9999 -9999 -9999 -9999 -9999 -9999 -9999 -9999 -9999 -9999 -9999 -9999 -9999 -9999 -9999 -9999 -9999 -9999 -9999 -9999 -9999 -9999 -9999 -9999 -9999 -9999 -9999 -9999 -9999 -9999 -9999 -9999 -9999 -9999 -9999 -9999
-9999 -9999 -9999 -9999 -9999 -9999 -9999 -9999 -9999 -9999 -9999 -9999 -9999 -9999 -9999 -9999 -9999 -9999 -9999 -9999 -9999 -9999 -9999 -9999 -9999 -9999 -9999 -9999 -9999 -9999 -9999 -9999 -9999 -9999 -9999 -9999 -9999 -9999 -9999 -9999 -9999 -9999 -9999 -9999 -9999 -9999 -9999 -9999 -9999 -9999 -9999 -9999 -9999 -9999 -9999 -9999 -9999 -9999 -9999 -9999 -9999 -9999 -9999 -9999 -9999 -9999 -9999 -9999 -9999 -9999 -9999 -9999 -9999 -9999 -9999 -9999 -9999 -9999 -9999 -9999 -9999 -9999 -9999 -9999 -9999 -9999 -9999 -9999 -9999 -9999 -9999 -9999 -9999
-9999 -9999 -9999 -9999 -9999 -9999 -9999 -9999 -9999 -9999 -9999 -9999 -9999 -9999 -9999 -9999 -9999 -9999 -9999 -9999 -9999 -9999 -9999 -9999 -9999 -9999 -9999 -9999 -9999 -9999 -9999 -9999 -9999 -9999 -9999 -9999 -9999 -9999 -9999 -9999 -9999 -9999 -9999 -9999 -9999 -9999 -9999 -9999 -9999 -9999 -9999 -9999 -9999 -9999 -9999 -9999 -9999 -9999 -9999 -9999 -9999 -9999 -9999 -9999 -9999 -9999 -9999 -9999 -9999 -9999 -9999 -9999 -9999 -9999 -9999 -9999 -9999 -9999 -9999 -9999 -9999 -9999 -9999 -9999 -9999 -9999 -9999 -9999 -9999 -9999 -9999 -9999 -9999
-9999 -9999 -9999 -9999 -9999 -9999 -9999 -9999 -9999 -9999 -9999 -9999 -9999 -9999 -9999 -9999 -9999 -9999 -9999 -9999 -9999 -9999 -9999 -9999 -9999 -9999 -9999 -9999 -9999 -9999 -9999 -9999 -9999 -9999 -9999 -9999 -9999 -9999 -9999 -9999 -9999 -9999 -9999 -9999 -9999 -9999 -9999 -9999 -9999 -9999 -9999 -9999 -9999 -9999 -9999 -9999 -9999 -9999 -9999 -9999 -9999 -9999 -9999 -9999 -9999 -9999 -9999 -9999 -9999 -9999 -9999 -9999 -9999 -9999 -9999 -9999 -9999 -9999 -9999 -9999 -9999 -9999 -9999 -9999 -9999 -9999 -9999 -9999 -9999 -9999 -9999 -9999 -9999
-9999 -9999 -9999 -9999 -9999 -9999 -9999 -9999 -9999 -9999 -9999 -9999 -9999 -9999 -9999 -9999 -9999 -9999 -9999 -9999 -9999 -9999 -9999 -9999 -9999 -9999 -9999 -9999 -9999 -9999 -9999 -9999 -9999 -9999 -9999 -9999 -9999 -9999 -9999 -9999 -9999 -9999 -9999 -9999 -9999 -9999 -9999 -9999 -9999 -9999 -9999 -9999 -9999 -9999 -9999 -9999 -9999 -9999 -9999 -9999 -9999 -9999 -9999 -9999 -9999 -9999 -9999 -9999 -9999 -9999 -9999 -9999 -9999 -9999 -9999 -9999 -9999 -9999 -9999 -9999 -9999 -9999 -9999 -9999 -9999 -9999 -9999 -9999 -9999 -9999 -9999 -9999 -9999
-9999 -9999 -9999 -9999 -9999 -9999 -9999 -9999 -9999 -9999 -9999 -9999 -9999 -9999 -9999 -9999 -9999 -9999 -9999 -9999 -9999 -9999 -9999 -9999 -9999 -9999 -9999 -9999 -9999 244 241 -9999 -9999 199 188 175 168 162 154 147 141 139 137 134 -9999 -9999 -9999 -9999 -9999 107 104 110 109 110 111 109 -9999 -9999 -9999 -9999 -9999 -9999 -9999 -9999 -9999 -9999 -9999 -9999 -9999 -9999 -9999 -9999 -9999 -9999 -9999 -9999 -9999 -9999 -9999 -9999 -9999 -9999 -9999 -9999 -9999 -9999 -9999 -9999 -9999 -9999 -9999 -9999 -9999
-9999 -9999 -9999 -9999 -9999 -9999 -9999 -9999 -9999 -9999 -9999 -9999 -9999 -9999 -9999 -9999 -9999 -9999 -9999 -9999 -9999 -9999 -9999 -9999 200 218 -9999 -9999 -9999 238 232 210 210 198 191 180 172 159 153 150 138 138 131 -9999 136 115 108 -9999 108 103 106 111 114 115 117 119 120 114 122 122 122 -9999 -9999 -9999 -9999 -9999 -9999 -9999 -9999 -9999 -9999 -9999 -9999 -9999 -9999 -9999 -9999 -9999 -9999 -9999 -9999 -9999 -9999 -9999 -9999 -9999 -9999 -9999 -9999 -9999 -9999 -9999 -9999
-9999 -9999 -9999 -9999 -9999 -9999 -9999 -9999 -9999 -9999 -9999 -9999 -9999 -9999 -9999 -9999 -9999 -9999 -9999 -9999 186 189 195 193 203 211 216 217 218 214 212 205 202 189 186 180 172 161 151 145 139 131 134 138 134 127 105 -9999 104 106 109 113 116 115 113 119 -9999 122 124 128 130 128 130 142 144 150 147 -9999 -9999 -9999 -9999 -9999 -9999 -9999 -9999 -9999 -9999 -9999 -9999 -9999 -9999 -9999 -9999 -9999 -9999 -9999 -9999 -9999 -9999 -9999 -9999 -9999 -9999
-9999 -9999 -9999 -9999 -9999 -9999 -9999 -9999 -9999 -9999 -9999 -9999 -9999 -9999 -9999 -9999 -9999 182 183 186 190 189 192 197 203 194 203 204 210 208 201 196 194 180 173 166 160 155 144 -9999 123 126 131 128 128 120 -9999 -9999 101 104 106 111 113 117 119 116 120 124 127 128 124 130 136 140 142 148 150 149 146 142 -9999 -9999 -9999 -9999 -9999 -9999 -9999 -9999 -9999 -9999 -9999 -9999 -9999 -9999 -9999 -9999 -9999 -9999 -9999 -9999 -9999 -9999 -9999
-9999 -9999 -9999 -9999 -9999 -9999 -9999 -9999 -9999 -9999 -9999 -9999 -9999 -9999 170 -9999 186 -9999 181 -9999 191 190 194 204 203 203 201 197 194 194 192 183 175 169 162 154 144 136 121 121 121 121 124 123 117 109 110 105 99 102 105 106 104 103 102 106 110 114 119 122 125 126 132 141 142 145 147 149 147 144 140 140 138 -9999 -9999 -9999 -9999 -9999 -9999 -9999 -9999 -9999 -9999 -9999 -9999 -9999 -9999 -9999 -9999 -9999 -9999 -9999 -9999
287 282 -9999 251 243 224 -9999 201 206 210 216 -9999 -9999 170 177 182 186 199 196 192 195 194 195 193 197 197 182 188 188 184 176 172 166 159 150 141 131 119 121 119 122 118 117 114 114 110 107 103 96 97 99 99 100 99 98 102 105 109 114 116 116 119 126 133 139 142 139 138 139 140 138 139 142 -9999 -9999 -9999 -9999 -9999 -9999 -9999 -9999 -9999 -9999 -9999 -9999 -9999 -9999 -9999 -9999 -9999 -9999 -9999 -9999
280 276 275 263 242 231 216 -9999 215 213 210 196 -9999 167 172 182 194 187 190 186 189 190 193 182 174 176 179 179 180 178 169 161 159 153 142 130 117 120 124 120 116 121 117 122 116 109 105 104 97 91 90 91 93 96 95 99 100 103 103 106 109 112 115 122 124 126 129 132 129 -9999 -9999 -9999 -9999 -9999 -9999 -9999 -9999 -9999 -9999 -9999 -9999 -9999 -9999 -9999 -9999 -9999 -9999 -9999 -9999 -9999 -9999 -9999 -9999
280 268 263 253 248 236 221 222 209 207 202 193 181 176 179 176 171 176 177 181 186 190 184 181 171 166 165 170 170 168 161 155 155 152 146 124 113 112 115 109 113 117 113 108 101 101 97 94 92 87 90 93 95 93 94 100 103 105 106 108 111 110 111 112 112 113 118 121 -9999 -9999 -9999 -9999 -9999 -9999 -9999 -9999 -9999 120 121 117 114 -9999 -9999 -9999 -9999 -9999 -9999 -9999 -9999 -9999 -9999 -9999 -9999
276 265 247 251 248 232 229 221 -9999 208 194 193 178 178 188 182 174 170 166 167 172 176 173 172 170 165 165 165 160 158 152 145 142 140 131 118 108 100 96 96 97 96 98 98 99 96 93 89 86 85 85 88 93 93 94 96 98 101 100 100 101 101 103 106 107 107 107 116 118 123 127 127 132 130 127 -9999 126 124 121 118 113 111 111 118 115 -9999 -9999 -9999 -9999 -9999 -9999 -9999 -9999
254 248 240 249 237 231 221 206 198 191 192 192 184 169 173 179 170 174 171 164 160 162 163 164 164 159 155 153 149 146 140 134 130 126 121 112 102 94 89 87 87 89 94 96 96 91 88 87 85 82 82 85 87 88 89 90 90 92 93 94 96 97 100 103 103 101 102 105 114 120 125 124 124 123 128 126 123 121 122 134 129 125 123 120 116 -9999 -9999 -9999 -9999 -9999 -9999 -9999 -9999
236 234 234 234 225 219 208 189 198 188 191 176 175 168 162 157 154 155 154 153 148 146 149 153 147 146 143 138 136 133 129 123 119 114 110 102 94 87 84 80 80 84 87 89 89 86 84 83 82 81 78 78 81 83 85 86 87 89 90 93 96 97 97 95 95 94 96 105 116 118 119 118 118 123 123 121 124 133 134 131 127 123 119 115 112 111 108 -9999 -9999 -9999 112 112 -9999
225 226 222 216 209 199 196 192 179 172 171 171 167 164 157 152 147 140 137 137 135 133 133 136 135 134 131 126 123 122 120 117 111 107 100 96 91 88 83 78 78 82 85 85 84 83 81 79 78 78 78 75 75 77 78 80 83 85 89 89 90 89 92 92 98 97 99 105 110 113 116 118 117 120 122 121 133 133 130 130 126 122 116 113 110 107 106 107 108 111 112 111 110
210 209 205 198 194 192 186 176 167 161 147 150 151 148 142 136 134 131 127 124 123 123 122 121 120 120 120 119 117 116 113 110 106 102 99 96 90 85 81 78 76 79 83 83 83 81 79 77 76 73 74 75 74 74 76 78 80 83 85 86 86 87 90 93 95 96 98 102 104 110 114 116 119 119 118 123 132 132 129 127 124 123 121 115 107 106 106 107 108 111 113 113 112
193 192 188 178 175 175 172 163 155 147 139 132 133 133 133 131 126 121 116 113 113 113 113 112 111 112 114 114 114 112 109 107 105 102 98 94 91 86 82 79 78 78 78 77 77 76 76 77 75 73 73 72 74 74 76 78 81 83 84 85 87 88 90 92 93 95 99 101 103 108 110 114 113 115 116 128 133 130 131 128 125 123 122 119 113 111 112 112 111 113 113 112 111
180 178 174 167 159 160 157 154 145 138 134 131 127 122 120 121 120 115 111 106 106 107 108 106 105 104 106 108 109 109 108 107 105 103 100 96 91 88 84 83 85 82 80 79 79 81 80 80 77 75 74 73 76 78 78 81 84 84 87 87 88 89 90 92 93 96 98 99 101 104 105 108 110 110 114 126 130 127 127 125 125 124 123 122 118 116 115 114 114 112 109 111 111
157 155 155 152 145 142 143 138 133 127 123 120 118 118 116 113 109 105 103 96 95 98 99 99 99 99 100 103 107 106 104 104 103 102 101 98 94 90 90 88 87 87 85 84 85 84 84 82 79 76 75 77 81 83 84 83 86 84 86 88 90 91 92 92 95 96 98 102 101 103 106 107 107 108 110 122 128 127 127 129 129 129 128 125 121 117 117 117 112 104 97 97 96
134 142 145 136 128 128 127 125 123 121 118 114 112 111 109 106 105 100 94 92 89 91 93 94 94 94 97 99 101 102 101 100 101 101 101 99 97 94 92 91 90 87 86 86 85 84 85 84 84 82 83 85 85 87 90 86 87 89 89 93 96 97 98 98 100 106 104 105 103 106 110 110 110 111 114 117 128 132 131 130 134 130 127 124 123 118 117 116 108 103 96 93 91
139 131 123 117 115 113 112 113 114 112 111 111 109 107 104 102 100 96 94 92 92 91 92 93 91 92 95 99 105 102 100 100 101 100 100 98 98 95 94 94 93 91 89 88 88 88 88 87 86 86 87 89 90 94 97 94 97 95 93 98 99 98 100 100 102 101 101 101 103 104 108 118 116 116 123 124 133 135 136 134 135 130 129 127 123 120 119 119 115 100 97 92 90
131 124 122 116 109 107 106 104 104 104 104 104 104 104 100 97 95 93 92 91 92 93 93 92 92 93 94 97 100 101 103 99 98 97 96 95 95 94 94 94 94 92 91 91 91 91 90 90 89 88 89 89 91 93 95 96 96 92 93 94 98 100 100 100 100 102 103 101 103 105 108 112 115 122 130 137 136 137 137 137 141 132 128 126 125 122 121 122 119 108 99 94 92
120 113 110 108 104 103 102 100 99 100 99 100 98 96 96 95 94 93 90 90 91 93 93 94 95 95 96 98 100 100 101 100 98 96 95 94 93 93 93 94 96 97 96 96 96 95 94 94 94 92 92 92 93 94 96 97 96 92 91 93 96 100 101 103 107 104 102 102 106 112 111 114 125 127 132 133 136 139 140 137 148 140 132 127 124 122 126 126 124 109 101 94 95
115 107 103 104 102 100 99 99 100 100 98 97 96 94 92 92 92 92 92 90 91 92 93 94 95 97 98 100 101 102 101 99 98 97 95 94 94 94 95 95 96 97 98 99 99 97 97 98 97 96 95 94 95 96 98 97 98 97 95 94 100 102 104 104 112 110 111 116 111 115 119 124 124 128 129 132 132 132 132 133 144 136 132 127 124 131 141 139 128 118 105 95 96
108 105 100 99 100 98 99 99 99 100 99 98 98 97 95 94 94 93 92 91 93 93 94 96 100 101 101 102 104 102 102 102 99 99 98 97 96 97 98 97 99 99 101 102 103 104 103 102 100 99 98 96 98 98 99 100 99 100 101 102 106 107 113 112 116 114 120 125 124 125 124 126 127 127 128 127 128 128 128 130 130 129 129 129 127 126 128 130 128 120 100 93 91
103 100 98 99 98 99 100 102 103 102 101 101 100 99 98 97 96 95 94 93 94 94 96 99 100 101 103 105 105 105 104 104 103 103 102 102 102 103 103 103 104 106 106 108 109 110 109 106 105 103 101 100 100 101 100 100 101 103 106 107 109 112 113 118 117 118 122 126 129 127 126 130 132 135 133 130 130 128 126 127 127 129 131 132 129 126 124 120 116 103 96 91 91
102 101 98 98 97 97 99 100 101 102 102 103 103 102 99 99 101 100 98 97 97 97 99 100 103 106 107 108 109 108 107 108 108 107 107 106 107 106 106 107 108 109 111 113 113 114 113 111 110 106 104 102 103 103 102 103 105 105 107 110 112 112 115 116 116 118 122 125 129 131 130 132 134 136 133 132 129 128 126 122 124 131 134 135 134 128 121 116 106 97 92 89 87
106 100 97 96 95 97 100 100 101 105 103 102 101 101 101 101 101 101 102 100 101 101 103 106 108 110 111 111 111 112 112 111 111 111 110 110 108 110 112 111 111 112 114 115 115 116 116 116 114 111 109 107 107 107 109 112 111 109 110 112 114 116 117 119 119 120 124 124 124 125 126 128 128 132 134 131 127 122 119 119 122 128 132 135 130 125 119 112 100 93 89 87 85
102 99 100 100 98 100 99 100 103 104 105 105 104 103 103 102 103 103 104 105 105 106 106 109 111 114 114 114 113 113 116 117 115 115 114 112 112 111 111 112 114 116 115 115 116 116 117 116 116 114 112 111 110 111 113 114 114 114 115 116 120 120 122 123 126 126 125 121 119 120 119 119 124 123 124 122 121 120 119 121 121 123 -9999 130 132 126 115 105 96 93 89 86 84
102 100 99 100 99 99 99 100 103 107 107 106 106 107 107 107 107 106 106 107 110 110 111 113 114 116 119 118 118 118 120 120 118 118 118 117 116 114 113 114 116 117 116 115 116 117 116 117 118 117 114 113 114 115 116 119 120 122 122 123 125 128 128 129 128 126 123 120 117 116 116 116 120 123 119 118 118 117 118 119 123 125 127 128 -9999 118 110 100 95 91 88 85 83
106 103 102 102 102 101 101 102 102 107 110 109 108 110 111 112 113 112 111 111 112 114 114 117 119 120 122 124 124 124 126 124 122 121 119 119 118 118 117 116 117 117 116 116 116 115 115 116 117 118 118 117 117 117 119 122 124 124 126 126 126 127 128 130 128 127 126 123 120 116 114 114 117 118 120 119 118 118 118 119 122 125 126 126 122 117 110 100 -9999 -9999 -9999 -9999 81
110 109 109 109 108 107 105 105 104 106 108 110 111 112 113 115 115 118 119 116 116 117 119 120 123 126 127 127 129 130 130 128 126 125 123 122 119 117 116 117 118 117 116 116 115 115 115 117 119 119 120 122 122 121 123 124 125 127 128 127 127 127 128 128 127 127 128 125 119 116 114 113 118 118 119 120 118 117 118 119 121 122 123 123 119 116 105 96 -9999 -9999 -9999 -9999 -9999
114 114 115 114 112 111 110 108 108 111 111 111 113 114 115 115 115 118 120 122 122 123 122 124 127 129 131 132 133 134 134 134 131 127 124 121 119 117 117 117 117 117 118 118 117 117 117 117 119 121 122 124 124 124 124 125 127 128 128 126 128 130 129 128 128 127 126 124 120 117 114 115 115 117 118 116 116 117 118 120 120 120 119 118 116 110 102 93 89 86 81 -9999 -9999
112 113 114 113 112 111 111 113 114 115 115 114 115 117 117 117 117 119 121 123 124 124 125 127 129 131 133 134 136 136 137 136 133 128 123 121 119 117 116 117 117 117 118 118 118 118 119 120 121 122 123 124 126 126 125 127 127 128 130 131 131 132 133 130 129 127 124 124 121 116 113 112 113 114 114 115 116 116 117 118 117 117 116 115 113 108 95 91 87 84 81 76 71
114 115 113 115 114 114 112 114 116 119 120 119 118 117 117 119 120 123 122 124 124 125 126 128 130 132 133 135 137 139 140 138 134 128 123 120 119 117 115 115 115 116 116 117 118 118 119 121 120 120 121 123 126 126 126 126 127 130 131 133 133 133 132 131 129 127 124 122 119 118 116 113 110 109 110 111 113 114 115 115 114 114 112 111 110 100 93 89 85 81 77 72 68
119 119 118 116 118 118 120 121 121 119 121 119 120 121 122 122 122 123 125 126 124 126 127 130 130 131 132 135 136 139 139 139 133 127 122 119 116 114 114 113 113 114 115 117 119 119 120 121 121 121 122 125 125 127 128 128 127 129 130 132 133 132 132 131 130 128 124 120 117 116 114 112 109 108 108 108 109 110 111 112 112 110 109 108 105 95 90 86 82 78 74 69 64
122 120 121 121 122 124 126 127 127 127 127 125 124 123 125 124 124 125 127 128 128 128 128 131 -9999 -9999 -9999 -9999 -9999 -9999 -9999 -9999 -9999 -9999 123 116 114 112 111 110 111 111 113 115 116 119 120 121 121 122 123 123 124 125 126 126 128 129 130 131 132 132 132 130 129 126 123 119 116 115 114 112 110 108 108 109 110 109 110 109 109 108 107 105 100 92 87 84 80 75 71 67 63
125 125 124 124 126 127 130 130 133 133 133 131 127 126 126 126 126 127 -9999 129 129 129 129 -9999 -9999 -9999 -9999 -9999 -9999 -9999 -9999 -9999 -9999 -9999 -9999 -9999 -9999 108 107 107 108 108 110 113 115 118 119 120 121 122 122 122 123 124 126 127 128 129 130 131 132 132 130 129 128 126 123 119 116 114 113 111 109 108 108 109 110 111 110 108 108 107 106 104 99 91 87 83 78 74 70 66 64
125 126 129 128 129 130 132 133 135 136 137 137 134 131 130 129 129 130 -9999 -9999 -9999 -9999 -9999 -9999 -9999 -9999 -9999 -9999 -9999 -9999 -9999 -9999 -9999 -9999 -9999 -9999 -9999 104 104 104 106 107 109 111 114 116 118 119 120 121 121 121 123 123 124 126 128 130 131 131 130 129 128 128 127 125 122 118 116 114 113 109 106 105 107 109 109 109 109 107 107 105 104 103 97 88 85 82 79 74 70 67 66
