resultados/variables_proyeccion_tiempo/variables_futuro_ccsm_A1B/bio10.asc
ncols 330
nrows 228
xllcorner -12.000000
yllcorner 34.000000
cellsize 0.166667
NODATA_value -9999
[rows 80 to 119 of 228, columns 184 to 275 of 330]
-9999 -9999 -9999 -9999 -9999 -9999 -9999 -9999 -9999 -9999 -9999 -9999 -9999 -9999 -9999 -9999 -9999 -9999 -9999 -9999 -9999 190 189 189 190 190 191 191 192 192 192 192 192 192 193 193 192 192 193 192 192 192 192 193 193 193 193 192 192 192 193 194 195 195 195 194 193 193 193 194 193 192 193 194 193 192 192 194 194 194 193 193 193 192 192 193 193 193 192 192 192 192 191 189 186 185 186 189 191 191 190 188
-9999 -9999 -9999 187 -9999 -9999 -9999 -9999 -9999 -9999 -9999 -9999 -9999 -9999 -9999 -9999 -9999 -9999 -9999 188 188 188 188 189 190 190 191 192 -9999 -9999 192 192 192 193 194 194 194 193 193 193 192 191 193 193 193 194 193 193 193 193 194 194 195 195 194 194 194 193 191 191 191 191 191 193 193 192 193 193 193 194 194 194 194 194 194 194 194 194 194 193 192 192 193 191 188 186 188 189 191 192 193 193
-9999 -9999 -9999 -9999 -9999 -9999 -9999 -9999 -9999 -9999 -9999 -9999 -9999 -9999 -9999 -9999 -9999 -9999 -9999 188 188 188 190 190 191 191 -9999 -9999 -9999 -9999 -9999 -9999 193 194 195 194 194 193 193 192 192 191 192 193 194 193 192 191 192 193 194 195 195 195 195 195 194 191 188 188 189 190 190 191 192 193 193 193 193 194 194 195 195 194 195 195 195 195 194 193 192 193 193 192 190 188 188 189 189 190 191 191
-9999 -9999 -9999 -9999 -9999 -9999 -9999 -9999 -9999 -9999 -9999 -9999 -9999 -9999 -9999 -9999 -9999 -9999 -9999 -9999 189 189 -9999 190 -9999 -9999 -9999 -9999 -9999 -9999 -9999 194 -9999 -9999 195 194 193 192 192 191 191 190 190 193 193 191 190 188 189 192 193 194 195 195 196 196 194 193 190 190 190 190 190 192 192 193 193 194 194 194 195 194 193 194 195 195 195 195 195 193 192 193 194 194 193 191 189 188 189 190 191 192
188 187 188 188 -9999 -9999 -9999 -9999 -9999 -9999 -9999 -9999 -9999 -9999 -9999 -9999 -9999 -9999 -9999 -9999 189 189 -9999 -9999 -9999 -9999 -9999 -9999 -9999 -9999 -9999 -9999 -9999 -9999 194 193 193 192 192 192 192 191 191 192 193 193 192 190 191 192 192 193 194 194 195 195 195 194 193 193 193 193 192 193 193 194 194 194 193 193 193 193 193 193 194 195 195 195 195 195 193 194 195 194 189 189 189 189 190 190 191 192
187 187 188 -9999 -9999 -9999 -9999 -9999 -9999 -9999 -9999 -9999 -9999 -9999 -9999 -9999 -9999 -9999 -9999 -9999 -9999 192 191 191 -9999 -9999 -9999 192 -9999 -9999 -9999 -9999 -9999 -9999 194 193 192 192 192 193 193 193 193 193 193 193 193 192 192 190 187 189 190 191 192 193 194 194 194 194 194 193 193 194 193 194 193 193 193 193 193 192 193 193 194 194 195 196 196 196 194 195 195 194 189 188 189 190 190 190 191 192
187 -9999 -9999 -9999 -9999 -9999 -9999 -9999 -9999 -9999 -9999 -9999 -9999 -9999 -9999 -9999 -9999 -9999 189 189 190 189 188 191 192 -9999 -9999 -9999 -9999 -9999 -9999 -9999 -9999 -9999 194 193 192 192 193 194 193 194 194 194 193 194 194 193 191 189 188 188 189 190 191 193 194 194 194 194 193 194 193 192 190 189 192 194 193 193 193 193 193 194 194 194 195 196 195 195 195 195 195 192 190 189 188 189 190 190 191 192
187 188 -9999 -9999 -9999 -9999 -9999 -9999 -9999 -9999 -9999 -9999 -9999 -9999 -9999 -9999 -9999 189 189 190 190 190 189 191 192 193 194 -9999 -9999 -9999 -9999 -9999 -9999 -9999 195 194 193 193 193 194 194 193 191 191 191 193 193 192 192 189 189 190 191 191 193 194 195 195 194 194 194 194 192 189 187 189 191 194 193 193 193 194 194 194 194 194 195 195 195 195 195 195 193 189 188 189 190 190 190 190 191 191
188 -9999 -9999 -9999 -9999 -9999 -9999 -9999 -9999 -9999 -9999 -9999 -9999 -9999 -9999 -9999 189 190 190 190 191 191 191 190 190 193 195 196 -9999 -9999 -9999 -9999 -9999 -9999 196 195 194 193 193 191 189 187 187 188 189 191 192 192 191 192 192 192 192 192 194 195 195 195 195 195 194 194 193 191 192 193 194 194 194 194 194 194 195 194 194 195 195 195 195 194 191 188 189 190 190 191 191 191 191 191 190 188
-9999 -9999 -9999 -9999 -9999 -9999 -9999 -9999 -9999 -9999 -9999 -9999 -9999 -9999 -9999 -9999 189 189 190 190 191 191 191 190 191 193 193 195 196 -9999 -9999 -9999 196 196 196 195 194 192 191 188 187 187 187 187 188 191 192 192 193 194 194 193 193 193 194 195 196 195 195 195 195 195 195 195 195 195 195 194 194 194 194 194 195 195 195 196 194 194 193 190 188 189 189 190 190 191 192 192 192 191 191 191
-9999 -9999 -9999 -9999 -9999 -9999 -9999 -9999 -9999 -9999 -9999 -9999 -9999 -9999 187 188 189 189 188 189 192 191 190 191 191 193 193 195 196 197 197 196 196 196 196 195 194 194 192 191 190 189 188 187 188 189 194 194 194 194 195 194 194 194 195 195 196 195 195 195 196 195 194 190 189 190 192 193 194 194 195 195 196 196 196 194 190 189 188 188 190 189 190 191 192 192 192 193 193 191 191 192
-9999 -9999 -9999 -9999 -9999 -9999 -9999 -9999 -9999 -9999 -9999 -9999 -9999 -9999 187 188 188 189 189 190 192 191 190 190 190 192 194 195 198 197 197 197 197 196 195 196 195 194 193 193 193 192 191 192 193 193 194 195 195 195 195 194 194 195 195 195 195 195 196 196 195 194 191 189 189 188 189 190 191 195 195 195 195 195 196 195 192 190 190 189 190 191 192 192 192 191 191 192 193 193 193 193
-9999 -9999 -9999 -9999 -9999 -9999 -9999 -9999 -9999 -9999 -9999 -9999 -9999 -9999 188 188 188 188 188 190 192 191 191 190 191 192 194 195 198 198 198 198 197 196 196 196 195 195 194 194 193 194 194 195 194 194 194 194 195 195 195 193 193 194 194 195 196 196 196 196 195 195 192 192 190 189 189 191 193 196 196 196 195 195 195 192 191 192 192 190 190 191 191 192 193 192 192 192 193 193 194 195
-9999 -9999 -9999 -9999 -9999 -9999 -9999 -9999 -9999 -9999 -9999 -9999 -9999 188 189 189 189 189 187 188 192 193 193 192 193 193 195 196 197 198 197 197 197 197 196 196 196 195 194 194 194 193 194 194 195 195 195 195 195 194 194 194 194 193 193 194 196 196 196 195 195 195 194 194 192 192 190 191 193 195 196 196 195 195 193 192 192 193 193 193 193 193 193 193 193 193 192 191 193 194 194 196
-9999 -9999 -9999 -9999 -9999 -9999 -9999 -9999 -9999 -9999 -9999 -9999 -9999 -9999 189 189 190 191 190 190 191 193 193 194 194 195 195 196 197 197 197 197 197 197 197 196 196 195 195 195 195 194 194 194 195 195 196 195 194 194 194 194 193 192 192 193 195 196 195 195 195 195 194 194 194 193 192 192 193 193 195 195 195 195 193 194 194 194 194 194 195 195 194 195 195 195 194 194 194 193 195 196
-9999 -9999 -9999 -9999 -9999 -9999 -9999 -9999 -9999 -9999 -9999 -9999 -9999 -9999 190 189 190 190 188 188 190 191 192 193 193 194 194 195 196 196 196 197 197 196 197 196 196 195 195 195 195 194 194 194 194 195 196 196 196 195 194 194 194 194 194 195 196 196 197 196 196 196 195 195 195 194 194 194 195 195 195 195 195 195 195 195 195 196 196 196 196 196 196 196 197 197 196 194 194 195 196 197
-9999 -9999 -9999 -9999 -9999 -9999 -9999 -9999 -9999 -9999 -9999 -9999 -9999 -9999 191 190 189 189 189 188 189 190 191 192 193 194 194 195 195 196 196 196 197 197 196 196 196 195 195 195 194 194 194 194 193 194 196 197 196 196 196 196 196 196 196 197 198 197 197 197 197 196 196 195 196 196 196 196 195 195 196 196 196 196 196 195 196 196 196 196 197 198 197 197 196 196 196 195 196 196 196 197
-9999 -9999 -9999 -9999 -9999 -9999 -9999 -9999 -9999 -9999 -9999 -9999 -9999 -9999 191 191 190 188 188 190 190 189 190 190 193 193 193 194 194 194 195 196 197 197 196 196 196 195 195 195 195 194 195 194 194 194 195 195 195 196 197 197 197 198 198 198 199 199 198 198 198 198 197 197 197 197 196 195 195 196 197 197 197 197 197 197 197 197 197 197 197 197 197 197 196 195 196 196 196 197 197 198
-9999 -9999 -9999 -9999 -9999 -9999 -9999 -9999 -9999 -9999 -9999 -9999 -9999 -9999 193 193 192 190 190 190 190 190 190 191 191 192 194 193 194 195 196 196 197 197 197 196 196 195 196 195 195 195 193 193 194 194 195 196 197 197 198 198 198 198 198 199 199 200 200 199 199 199 199 199 199 198 197 196 195 196 197 198 198 198 198 198 198 198 196 198 197 197 197 198 197 197 196 196 197 198 199 198
-9999 -9999 -9999 -9999 -9999 -9999 -9999 -9999 -9999 -9999 -9999 -9999 -9999 -9999 196 194 193 192 192 192 192 193 193 193 194 194 194 194 195 196 197 198 198 198 197 196 196 196 195 195 193 194 193 193 195 195 196 197 198 198 199 200 200 200 200 200 200 200 200 200 200 200 200 199 200 200 198 198 198 198 199 198 199 199 199 199 198 199 198 198 198 197 196 197 197 198 197 197 197 200 200 198
-9999 -9999 -9999 -9999 -9999 -9999 -9999 -9999 -9999 -9999 -9999 -9999 -9999 198 -9999 196 194 194 195 195 195 196 196 196 196 196 196 196 196 197 198 199 199 198 197 197 197 196 195 195 195 195 194 196 196 194 196 198 199 199 200 200 200 200 199 199 198 198 200 201 201 201 201 201 200 200 200 200 199 199 199 198 198 199 200 200 200 200 200 198 197 196 197 198 198 199 198 199 200 201 200 199
-9999 -9999 -9999 -9999 -9999 -9999 -9999 -9999 -9999 -9999 -9999 197 197 -9999 -9999 197 196 196 196 197 197 198 197 198 198 197 197 197 198 198 199 199 198 198 198 197 196 196 196 196 195 196 196 197 195 194 196 197 198 199 199 200 200 200 199 199 200 199 199 201 201 202 202 202 202 201 201 201 201 200 199 198 198 198 198 199 199 200 201 199 198 198 198 199 200 200 200 200 201 201 200 201
-9999 -9999 -9999 -9999 -9999 -9999 -9999 195 195 196 197 197 198 198 198 198 197 198 197 197 197 198 198 198 198 198 198 198 198 199 199 199 199 198 198 197 198 198 198 197 197 198 198 197 197 198 197 198 198 199 199 200 200 200 200 201 201 201 201 201 202 201 202 202 202 202 202 201 202 202 201 201 200 199 200 200 201 201 201 200 199 199 200 201 201 201 201 201 202 202 201 201
193 -9999 -9999 -9999 -9999 -9999 -9999 198 199 199 199 198 198 199 199 198 198 198 198 198 198 198 198 198 199 199 199 200 199 199 198 199 198 197 195 197 197 199 199 199 199 198 195 198 199 200 200 200 200 200 200 201 201 202 202 201 202 202 203 202 202 200 202 203 202 200 200 201 200 201 201 202 201 201 201 202 202 201 202 201 200 202 202 203 201 201 201 200 202 202 202 203
192 -9999 -9999 -9999 -9999 -9999 202 201 202 202 202 200 200 200 200 200 200 199 200 200 199 199 199 198 196 197 198 198 199 198 198 198 199 198 195 195 196 199 200 200 197 197 197 197 199 201 201 201 201 201 201 202 203 203 203 201 202 204 204 202 202 202 203 203 202 201 200 200 200 201 202 202 202 202 202 202 202 202 202 202 202 202 202 202 201 201 202 202 203 204 204 203
188 -9999 -9999 200 203 202 204 204 201 200 200 201 201 202 202 202 201 201 200 198 200 198 196 194 192 191 195 197 198 198 199 199 198 195 196 196 198 200 201 200 199 198 198 197 199 198 200 202 202 203 203 203 203 203 203 202 204 205 205 204 204 204 204 204 203 201 202 201 201 202 202 202 202 202 202 202 202 202 203 203 203 203 203 203 203 203 203 203 203 203 204 203
190 195 198 202 202 200 205 205 204 204 203 204 204 204 204 203 201 201 200 201 199 196 195 194 192 193 193 196 197 197 198 198 198 197 197 197 198 199 200 200 200 199 199 199 198 200 199 201 201 202 202 203 202 201 203 204 206 206 206 206 206 206 205 204 204 203 203 203 202 203 202 203 203 204 204 204 204 205 205 205 205 205 205 204 204 203 204 204 204 204 204 204
191 196 200 204 206 206 205 205 207 208 208 206 205 204 204 202 202 202 203 202 200 200 197 196 195 195 197 198 198 198 199 199 199 199 198 198 198 200 201 200 201 201 202 202 202 203 203 202 200 201 199 202 202 203 205 206 207 207 207 207 207 207 206 205 205 204 205 204 203 203 204 204 205 205 206 204 204 205 206 206 206 206 205 206 205 205 205 205 206 206 206 205
194 198 199 201 203 203 203 204 207 208 209 207 206 204 203 203 203 206 207 204 203 203 201 199 198 198 198 198 199 200 201 200 199 199 199 200 200 201 202 201 202 204 204 204 204 205 205 204 203 200 200 201 204 206 206 207 206 207 207 207 207 207 207 206 206 205 206 205 204 204 205 205 206 206 206 206 206 206 207 207 206 206 206 205 205 206 206 204 206 207 207 206
196 199 198 200 201 204 205 206 207 210 211 210 208 206 205 206 208 211 210 208 206 203 203 202 201 200 200 200 200 199 199 201 201 201 201 200 201 202 202 203 204 204 203 203 206 206 205 204 203 202 202 203 205 206 208 209 208 208 208 208 208 208 208 207 207 206 206 206 206 206 206 206 206 207 207 206 207 208 208 207 207 207 207 207 207 206 207 207 206 207 208 208
200 199 200 202 203 204 205 202 205 206 208 208 208 208 207 208 210 211 211 209 206 204 204 204 202 202 200 198 199 199 199 200 203 203 202 202 201 203 204 204 205 204 199 200 204 206 206 206 205 205 206 207 207 208 209 210 209 209 209 209 209 209 209 208 208 207 208 207 208 208 208 208 208 208 208 208 209 209 209 209 208 208 208 208 209 209 208 207 208 208 209 208
202 201 203 204 204 204 204 202 203 203 205 206 208 209 209 210 212 212 212 210 207 205 206 205 202 200 200 199 199 199 199 203 204 204 204 205 205 205 205 204 202 203 202 201 204 206 206 205 207 206 208 208 208 209 209 210 210 210 210 210 209 209 209 209 208 208 208 209 208 209 209 209 209 209 210 209 209 209 209 210 210 210 210 210 210 210 210 209 209 208 209 210
202 203 204 206 206 206 204 204 203 203 203 206 207 210 211 212 212 213 212 211 209 206 207 206 204 203 200 200 200 200 201 203 201 202 203 202 205 205 206 206 203 203 203 204 205 206 206 207 207 207 207 208 209 210 209 210 210 210 210 210 210 210 210 210 209 210 210 210 209 210 210 210 210 210 210 210 210 211 211 212 211 211 212 212 211 211 210 210 209 209 210 210
206 207 207 207 207 207 206 205 205 204 203 205 207 209 211 212 213 214 213 211 209 209 207 206 204 204 202 201 201 202 202 203 203 203 203 202 203 205 204 205 206 204 205 206 206 207 206 207 207 207 208 209 210 211 211 210 211 211 210 211 211 211 210 211 210 211 211 212 211 211 211 211 211 212 211 211 212 212 213 212 212 212 212 212 211 211 211 211 211 212 211 211
210 210 209 209 209 209 209 208 207 206 206 207 208 211 212 213 214 213 212 211 209 208 206 206 205 205 204 204 204 204 204 204 203 203 203 204 205 206 205 206 206 207 206 208 207 207 207 208 209 209 210 210 210 211 211 212 212 211 211 211 212 212 211 212 212 212 212 212 212 212 212 212 212 213 212 212 214 213 213 214 214 213 213 212 212 211 212 213 213 213 212 212
211 213 212 212 212 212 210 209 208 208 208 209 210 211 213 214 214 213 211 211 211 210 208 207 206 206 205 205 205 204 205 205 205 205 206 206 205 206 207 207 208 208 208 209 209 209 209 209 210 210 211 212 212 212 212 213 213 213 212 213 213 212 212 212 213 213 213 213 214 213 213 213 214 214 214 214 214 214 214 214 214 213 213 212 212 212 213 214 214 213 212 213
214 215 216 216 215 215 214 210 209 209 209 210 211 212 213 213 213 213 212 211 210 209 209 208 207 206 206 206 205 206 206 206 206 207 207 207 207 208 208 209 209 209 209 210 210 210 210 210 211 211 212 212 212 213 213 213 213 213 213 214 214 214 213 213 214 214 214 214 214 214 214 215 215 215 215 215 215 215 215 215 214 214 214 214 214 214 215 216 215 215 215 216
216 216 215 215 215 215 215 214 212 211 211 211 212 214 213 213 212 211 210 210 208 207 208 209 209 208 207 207 207 208 208 208 208 208 208 208 209 209 209 210 210 210 210 210 211 211 211 210 211 212 212 212 213 213 214 214 214 213 213 214 214 215 214 214 214 214 215 214 214 214 215 215 215 216 216 216 216 216 215 215 214 215 216 216 215 215 215 216 217 217 217 217
219 218 217 216 216 216 215 214 213 213 212 211 211 210 212 211 211 209 207 209 209 208 208 208 209 209 210 210 210 210 210 210 210 210 210 210 210 210 210 210 210 210 210 211 212 212 212 212 212 212 212 213 214 214 214 215 214 214 215 215 215 216 216 216 215 214 214 215 215 216 216 217 217 217 217 216 216 216 217 218 217 216 218 217 217 216 216 217 219 218 218 216
221 220 218 218 218 217 216 215 214 212 211 210 209 209 210 211 210 210 209 209 208 208 209 210 210 211 212 212 211 211 212 211 211 211 211 211 211 211 211 211 211 211 211 212 212 213 212 213 213 213 214 214 215 215 215 215 215 215 216 216 215 215 216 216 216 215 216 216 216 216 217 217 218 218 217 217 217 218 218 219 219 218 218 218 217 217 217 219 219 219 218 217
