resultados/variables_proyeccion_tiempo/variables_futuro_ccsm_A1B/bio14.asc
ncols 330
nrows 228
xllcorner -12.000000
yllcorner 34.000000
cellsize 0.166667
NODATA_value -9999
[rows 147 to 195 of 228, columns 192 to 287 of 330]
27 27 27 28 29 29 29 30 30 31 32 33 33 33 34 33 33 33 33 33 34 34 35 36 37 38 38 40 38 38 39 37 37 35 32 29 25 24 24 23 25 24 25 26 26 26 26 26 26 26 26 26 26 26 26 26 27 27 27 27 26 26 26 26 26 25 25 25 24 24 24 24 24 24 25 26 26 26 27 27 26 26 26 25 25 24 23 24 24 24 24 24 24 24 25 25
28 28 28 28 28 28 29 29 30 31 32 31 32 32 33 33 32 32 32 32 32 32 33 34 34 34 34 34 36 38 39 38 37 36 33 32 29 25 23 23 23 24 24 25 25 25 25 26 26 26 26 26 26 26 25 25 25 26 26 26 26 26 26 26 25 25 25 24 24 24 23 23 24 24 25 26 26 26 26 26 25 25 25 24 24 24 24 24 24 24 24 24 24 24 24 24
28 28 28 28 28 29 29 30 30 31 31 30 31 32 34 35 33 33 32 30 31 32 32 31 32 32 32 32 37 39 39 40 36 36 35 29 29 27 23 22 21 22 24 26 26 25 26 25 26 26 26 26 25 25 25 25 25 25 25 26 26 25 25 25 25 25 25 24 24 24 23 23 24 24 24 25 26 26 26 26 25 25 24 24 24 23 24 24 24 24 24 24 24 23 23 23
28 28 28 28 29 29 30 30 31 31 31 31 32 33 35 35 36 34 31 30 30 30 28 29 30 30 30 31 31 32 35 34 31 34 32 31 27 27 22 21 21 21 25 25 25 26 26 26 25 25 26 26 25 25 25 25 24 25 25 25 25 25 25 25 25 25 24 24 24 24 23 23 24 24 25 26 26 26 26 26 25 25 25 24 24 24 24 24 24 24 24 23 23 23 23 23
28 28 28 29 29 30 30 31 32 32 31 31 32 32 33 40 44 38 37 33 30 29 27 27 28 29 29 29 29 29 35 38 30 32 36 33 32 31 25 21 22 22 25 25 25 24 25 26 25 24 25 25 25 25 24 24 24 25 25 25 25 25 25 25 25 25 25 24 24 24 24 24 25 25 25 26 26 26 25 26 26 25 25 25 25 24 24 24 24 24 23 23 23 23 23 22
29 29 29 29 30 30 31 31 32 32 31 32 34 36 32 37 43 41 43 42 35 31 27 26 27 28 28 28 28 29 29 34 34 32 30 33 33 33 29 24 24 23 25 26 25 25 24 25 25 24 25 25 24 24 24 24 24 25 24 24 25 25 25 25 25 25 25 25 24 24 24 24 25 26 26 26 26 26 25 25 25 25 25 25 25 25 24 24 24 24 24 22 22 22 22 22
29 29 29 30 30 31 31 32 32 32 32 32 32 34 36 36 42 38 38 38 34 31 27 26 27 27 27 27 27 27 28 29 29 36 28 32 34 32 27 26 25 25 25 26 26 25 24 24 24 24 24 24 24 24 24 24 24 24 24 24 24 24 25 25 25 -9999 -9999 -9999 -9999 25 25 25 26 27 27 26 26 25 25 24 24 25 25 25 25 25 24 24 24 23 23 22 22 22 -9999 -9999
28 29 30 30 31 31 32 32 33 33 35 34 35 34 35 32 34 35 36 38 37 30 26 27 27 27 27 27 27 26 27 27 27 30 34 29 32 35 30 27 25 26 26 26 25 25 24 24 23 23 23 23 24 24 23 23 23 23 23 23 24 24 25 25 -9999 -9999 -9999 -9999 -9999 -9999 26 26 26 27 27 26 26 25 24 24 24 25 25 26 25 25 24 24 25 24 23 -9999 -9999 -9999 -9999 -9999
30 30 31 31 31 32 32 33 34 34 35 34 34 35 34 35 34 34 34 34 33 28 27 27 27 27 27 27 28 28 27 26 26 26 29 32 30 30 32 31 28 27 26 25 25 25 25 24 23 24 23 23 22 23 23 23 22 23 23 23 24 24 24 25 -9999 -9999 -9999 -9999 -9999 -9999 -9999 -9999 -9999 27 27 26 26 25 24 24 24 26 26 26 25 25 24 24 24 -9999 23 -9999 -9999 -9999 -9999 -9999
31 31 31 32 31 32 33 34 34 35 35 34 33 32 33 33 33 31 33 30 30 30 28 28 27 28 28 28 28 28 27 26 29 26 30 29 27 31 35 32 28 28 26 26 25 25 25 24 23 23 23 22 22 23 22 22 22 22 22 22 23 24 -9999 -9999 -9999 -9999 -9999 -9999 -9999 -9999 -9999 -9999 -9999 -9999 -9999 -9999 -9999 -9999 -9999 -9999 -9999 27 27 27 26 24 24 24 23 23 -9999 -9999 -9999 -9999 -9999 -9999
32 32 32 32 32 32 33 34 34 34 34 34 34 36 40 41 36 32 32 35 38 37 38 34 29 28 28 29 29 28 28 28 28 25 27 29 31 36 38 34 29 28 26 26 25 25 25 24 23 24 23 22 22 22 22 21 21 21 21 22 23 -9999 -9999 -9999 -9999 -9999 -9999 -9999 -9999 -9999 -9999 -9999 -9999 -9999 -9999 -9999 -9999 -9999 26 26 27 27 28 28 27 25 23 24 23 23 23 -9999 -9999 -9999 -9999 -9999
33 33 33 32 33 33 34 34 34 35 35 35 34 38 38 39 35 32 35 40 44 43 45 44 41 34 40 44 46 43 42 38 32 37 36 39 37 36 36 34 30 28 26 26 25 25 25 25 24 24 23 22 22 22 22 21 20 20 20 -9999 -9999 -9999 -9999 -9999 -9999 -9999 -9999 -9999 -9999 -9999 -9999 -9999 -9999 -9999 -9999 -9999 24 26 26 27 28 29 30 30 29 27 25 25 24 24 24 24 -9999 -9999 -9999 -9999
34 33 33 33 34 34 34 34 35 35 36 36 36 33 41 45 45 46 41 39 39 45 44 40 39 35 38 40 41 43 40 41 44 44 42 41 38 34 33 31 29 28 26 26 26 25 25 24 24 23 23 23 22 22 22 20 20 19 19 -9999 -9999 -9999 -9999 -9999 -9999 -9999 -9999 -9999 -9999 -9999 -9999 -9999 -9999 -9999 -9999 26 26 26 26 26 28 30 30 31 31 30 28 27 25 25 24 24 24 -9999 23 23
35 35 34 34 34 33 34 35 35 36 37 39 44 39 42 51 46 45 41 41 38 39 39 40 40 35 33 33 34 34 35 38 39 38 37 35 33 32 31 30 29 28 26 26 26 26 25 25 24 24 24 23 22 22 22 21 20 18 17 -9999 -9999 -9999 -9999 -9999 -9999 -9999 -9999 -9999 -9999 -9999 -9999 -9999 -9999 -9999 -9999 -9999 -9999 -9999 25 25 26 28 30 31 31 31 30 29 27 26 26 25 25 25 25 25
37 36 34 33 33 34 34 35 36 35 39 43 46 39 42 44 37 34 32 31 31 31 32 33 32 32 31 33 33 32 33 34 33 33 32 32 31 30 31 30 28 28 27 26 26 25 25 24 24 24 24 24 23 22 21 21 20 18 -9999 -9999 -9999 -9999 -9999 -9999 -9999 -9999 -9999 -9999 -9999 -9999 -9999 -9999 -9999 -9999 -9999 -9999 -9999 -9999 -9999 -9999 -9999 27 30 32 32 33 33 31 30 29 29 27 26 26 26 27
37 35 33 33 33 34 35 35 35 36 38 39 38 41 38 38 35 32 31 31 32 31 31 32 32 30 33 33 33 32 33 32 32 31 32 31 30 30 30 29 28 28 27 27 26 26 25 25 24 24 25 24 23 23 22 22 21 19 -9999 -9999 -9999 -9999 -9999 -9999 -9999 -9999 -9999 -9999 -9999 -9999 -9999 -9999 -9999 -9999 -9999 -9999 -9999 -9999 -9999 -9999 -9999 27 30 32 33 35 38 37 35 33 31 29 27 -9999 -9999 -9999
36 34 32 33 33 34 34 34 36 35 39 38 41 40 34 35 34 33 32 32 31 31 32 31 31 31 32 32 32 32 32 32 32 32 31 31 30 30 29 29 28 28 28 27 27 26 26 25 25 25 26 25 24 23 23 22 -9999 -9999 -9999 -9999 -9999 -9999 -9999 -9999 -9999 -9999 -9999 -9999 -9999 -9999 -9999 -9999 -9999 -9999 -9999 -9999 -9999 -9999 -9999 -9999 -9999 27 31 33 35 39 38 34 32 -9999 32 -9999 -9999 -9999 -9999 -9999
37 35 34 35 36 35 35 35 36 36 37 36 38 36 35 32 32 33 32 31 30 30 30 30 31 30 31 31 32 32 32 32 32 32 31 31 31 30 30 29 28 28 27 27 27 27 26 26 26 26 25 25 25 24 -9999 -9999 -9999 -9999 -9999 -9999 -9999 -9999 -9999 -9999 -9999 -9999 -9999 -9999 -9999 -9999 -9999 -9999 -9999 -9999 -9999 -9999 -9999 -9999 -9999 -9999 26 28 34 37 40 42 35 -9999 -9999 -9999 -9999 -9999 -9999 -9999 -9999 -9999
39 37 37 37 37 36 36 36 36 38 37 38 35 35 33 31 31 31 32 31 30 29 29 30 29 29 30 30 30 31 31 32 32 32 32 31 31 31 30 30 29 28 28 27 27 27 26 26 26 26 26 26 25 -9999 -9999 -9999 -9999 -9999 -9999 -9999 -9999 -9999 -9999 -9999 -9999 -9999 -9999 -9999 -9999 -9999 -9999 -9999 -9999 -9999 -9999 -9999 -9999 -9999 -9999 -9999 -9999 36 36 43 41 -9999 -9999 -9999 -9999 -9999 -9999 -9999 -9999 -9999 -9999 -9999
42 41 42 41 39 38 37 37 37 38 38 39 36 36 33 30 30 29 30 29 28 29 28 28 28 28 28 29 30 30 31 31 31 31 32 31 30 30 30 30 30 29 28 28 27 27 27 27 27 28 27 27 -9999 -9999 -9999 -9999 -9999 -9999 -9999 -9999 -9999 -9999 -9999 -9999 -9999 -9999 -9999 -9999 -9999 -9999 -9999 -9999 -9999 -9999 -9999 -9999 -9999 -9999 -9999 -9999 -9999 -9999 -9999 -9999 -9999 -9999 -9999 -9999 -9999 -9999 -9999 -9999 -9999 -9999 -9999 -9999
51 49 45 45 41 38 38 37 37 39 43 39 35 34 32 31 30 28 28 28 28 27 28 27 28 27 27 28 29 30 30 31 31 31 31 31 31 30 30 29 29 29 28 28 28 29 29 29 29 30 30 28 -9999 -9999 -9999 -9999 -9999 -9999 -9999 -9999 -9999 -9999 -9999 -9999 -9999 -9999 -9999 -9999 -9999 -9999 -9999 -9999 -9999 -9999 -9999 -9999 -9999 -9999 -9999 -9999 -9999 -9999 -9999 -9999 -9999 -9999 -9999 -9999 -9999 -9999 -9999 -9999 -9999 -9999 -9999 -9999
50 48 45 43 41 41 39 37 35 38 41 35 31 30 32 31 30 28 27 27 27 27 28 28 28 28 28 28 29 30 30 30 31 31 31 31 31 31 30 30 30 30 30 30 29 30 30 30 30 30 30 28 -9999 -9999 -9999 -9999 -9999 -9999 -9999 -9999 -9999 -9999 -9999 -9999 -9999 -9999 -9999 -9999 -9999 -9999 -9999 -9999 -9999 -9999 -9999 -9999 -9999 -9999 -9999 -9999 -9999 -9999 -9999 -9999 -9999 -9999 -9999 -9999 -9999 -9999 -9999 -9999 -9999 -9999 -9999 -9999
51 50 48 42 40 42 40 38 35 36 37 36 35 30 33 31 30 28 28 28 28 28 28 29 28 28 28 28 28 29 29 29 30 30 30 32 32 32 32 32 32 32 31 31 31 31 31 31 32 32 30 28 -9999 -9999 -9999 -9999 -9999 -9999 -9999 -9999 -9999 -9999 -9999 -9999 -9999 -9999 -9999 -9999 -9999 -9999 -9999 -9999 -9999 -9999 -9999 -9999 -9999 -9999 -9999 -9999 -9999 -9999 -9999 -9999 -9999 -9999 -9999 -9999 -9999 -9999 -9999 -9999 -9999 -9999 -9999 -9999
57 54 55 48 46 42 38 36 35 33 33 36 34 29 34 33 30 29 29 29 29 29 29 30 30 28 28 28 29 29 29 30 30 30 32 32 32 33 33 33 33 33 33 32 32 32 33 33 33 32 30 29 -9999 -9999 -9999 -9999 -9999 -9999 -9999 -9999 -9999 -9999 -9999 -9999 -9999 -9999 -9999 -9999 -9999 -9999 -9999 -9999 -9999 -9999 -9999 -9999 -9999 -9999 -9999 -9999 -9999 -9999 -9999 -9999 -9999 -9999 -9999 -9999 -9999 -9999 -9999 -9999 -9999 -9999 -9999 -9999
59 59 55 48 49 46 39 38 39 35 31 32 31 32 31 34 34 31 29 29 30 31 31 30 28 27 27 27 29 28 28 29 29 29 31 33 33 33 33 34 34 34 33 34 33 33 34 32 31 31 30 30 -9999 -9999 -9999 -9999 -9999 -9999 -9999 -9999 -9999 -9999 -9999 -9999 -9999 -9999 -9999 -9999 -9999 -9999 -9999 -9999 -9999 -9999 -9999 -9999 -9999 -9999 -9999 -9999 -9999 -9999 -9999 -9999 -9999 -9999 -9999 -9999 -9999 -9999 -9999 -9999 -9999 -9999 -9999 -9999
59 57 53 46 46 46 41 35 33 32 29 29 29 29 27 29 32 32 31 30 32 33 33 31 28 28 28 30 28 29 29 28 28 28 30 30 33 34 34 32 32 32 31 31 30 30 30 30 29 -9999 -9999 -9999 -9999 -9999 -9999 -9999 -9999 -9999 -9999 -9999 -9999 -9999 -9999 -9999 -9999 -9999 -9999 -9999 -9999 -9999 -9999 -9999 -9999 -9999 -9999 -9999 -9999 -9999 -9999 -9999 -9999 -9999 -9999 -9999 -9999 -9999 -9999 -9999 -9999 -9999 -9999 -9999 -9999 -9999 -9999 -9999
58 55 49 47 42 44 42 34 34 32 27 26 27 28 26 25 27 29 31 32 33 34 32 31 31 28 29 31 30 32 30 32 30 29 28 28 33 35 35 32 32 30 29 28 27 26 28 28 -9999 -9999 -9999 -9999 -9999 -9999 -9999 -9999 -9999 -9999 -9999 -9999 -9999 -9999 -9999 -9999 -9999 -9999 -9999 -9999 -9999 -9999 -9999 -9999 -9999 -9999 -9999 -9999 -9999 -9999 -9999 -9999 -9999 -9999 -9999 -9999 -9999 -9999 -9999 -9999 -9999 -9999 -9999 -9999 -9999 -9999 -9999 -9999
57 52 51 48 41 39 38 34 33 29 26 24 23 25 25 26 26 27 29 30 32 32 31 32 31 32 33 32 30 31 28 30 31 31 32 32 33 35 36 34 32 31 29 28 28 28 27 27 -9999 -9999 -9999 -9999 -9999 -9999 -9999 -9999 -9999 -9999 -9999 -9999 -9999 -9999 -9999 -9999 -9999 -9999 -9999 -9999 -9999 -9999 -9999 -9999 -9999 -9999 -9999 -9999 -9999 -9999 -9999 -9999 -9999 -9999 -9999 -9999 -9999 -9999 -9999 -9999 -9999 -9999 -9999 -9999 -9999 -9999 -9999 -9999
58 54 44 40 39 36 32 32 31 28 26 25 21 24 25 24 25 26 27 28 29 30 30 31 32 33 34 33 35 36 37 34 36 36 36 35 34 35 32 30 28 26 26 26 26 26 28 27 -9999 -9999 -9999 -9999 -9999 -9999 -9999 -9999 -9999 -9999 -9999 -9999 -9999 -9999 -9999 -9999 -9999 -9999 -9999 -9999 -9999 -9999 -9999 -9999 -9999 -9999 -9999 -9999 -9999 -9999 -9999 -9999 -9999 -9999 -9999 -9999 -9999 -9999 -9999 -9999 -9999 -9999 -9999 -9999 -9999 -9999 -9999 -9999
59 49 40 36 36 34 31 30 29 25 25 21 20 24 23 21 23 24 26 27 27 27 28 28 29 31 32 30 26 29 31 28 27 29 28 26 25 24 23 23 23 24 24 22 22 23 -9999 -9999 -9999 -9999 -9999 -9999 -9999 -9999 -9999 -9999 -9999 -9999 -9999 -9999 -9999 -9999 -9999 -9999 -9999 -9999 -9999 -9999 -9999 -9999 -9999 -9999 -9999 -9999 -9999 -9999 -9999 -9999 -9999 -9999 -9999 -9999 -9999 -9999 -9999 -9999 -9999 -9999 -9999 -9999 -9999 -9999 -9999 -9999 -9999 -9999
49 44 37 33 32 34 30 28 25 24 21 19 20 22 19 19 21 22 23 24 25 25 25 26 26 26 25 24 23 26 27 28 27 26 23 22 23 23 23 23 24 23 21 21 21 23 23 -9999 -9999 -9999 -9999 -9999 -9999 -9999 -9999 -9999 -9999 -9999 -9999 -9999 -9999 -9999 -9999 -9999 -9999 -9999 -9999 -9999 -9999 -9999 -9999 -9999 -9999 -9999 -9999 -9999 -9999 -9999 -9999 -9999 -9999 -9999 -9999 -9999 -9999 -9999 -9999 -9999 -9999 -9999 -9999 -9999 -9999 -9999 -9999 -9999
44 40 38 33 30 36 36 27 28 24 20 19 19 18 19 20 18 19 20 22 23 23 24 24 22 20 21 21 22 22 23 23 23 22 22 22 23 24 23 22 23 23 23 23 23 23 23 22 -9999 -9999 -9999 -9999 -9999 -9999 -9999 -9999 -9999 -9999 -9999 -9999 -9999 -9999 -9999 -9999 -9999 -9999 -9999 -9999 -9999 -9999 -9999 -9999 -9999 -9999 -9999 -9999 -9999 -9999 -9999 -9999 -9999 -9999 -9999 -9999 -9999 -9999 -9999 -9999 -9999 -9999 -9999 -9999 -9999 -9999 -9999 -9999
45 40 36 37 41 40 27 23 22 21 18 18 18 19 22 20 19 19 18 21 20 21 23 24 24 22 20 22 22 20 21 21 21 20 21 21 24 25 23 23 24 24 25 26 24 24 24 24 24 -9999 -9999 -9999 -9999 -9999 -9999 -9999 -9999 -9999 -9999 -9999 -9999 -9999 -9999 -9999 -9999 -9999 -9999 -9999 -9999 -9999 -9999 -9999 -9999 -9999 -9999 -9999 -9999 -9999 -9999 -9999 36 -9999 -9999 -9999 -9999 -9999 -9999 -9999 -9999 25 23 23 -9999 -9999 -9999 -9999
43 42 40 42 45 27 26 23 21 17 19 18 18 17 16 16 17 17 17 19 19 20 22 23 24 25 24 28 27 26 23 24 21 20 21 21 22 25 25 23 25 25 24 27 27 25 24 23 24 -9999 -9999 -9999 -9999 -9999 -9999 -9999 -9999 -9999 -9999 -9999 -9999 -9999 -9999 -9999 -9999 -9999 -9999 -9999 -9999 -9999 -9999 -9999 -9999 -9999 -9999 -9999 37 35 36 36 36 36 34 34 34 32 30 28 26 24 23 -9999 -9999 -9999 -9999 -9999
42 43 36 42 37 27 29 26 33 22 18 18 17 18 20 20 18 18 18 17 20 20 21 22 23 23 23 26 27 28 26 23 22 20 20 21 21 20 22 22 22 22 21 22 22 26 26 23 23 -9999 -9999 -9999 -9999 -9999 -9999 -9999 -9999 -9999 -9999 -9999 -9999 -9999 -9999 -9999 -9999 -9999 -9999 -9999 -9999 -9999 -9999 -9999 -9999 42 40 36 34 32 32 32 31 30 29 29 28 28 26 25 23 22 21 20 19 -9999 -9999 20
36 42 33 36 37 29 29 24 27 21 19 16 16 17 16 15 17 19 18 15 18 20 18 19 21 22 24 25 25 25 24 21 19 19 20 21 20 20 20 20 20 20 19 19 19 20 21 22 22 20 -9999 -9999 -9999 -9999 -9999 -9999 -9999 -9999 -9999 -9999 -9999 -9999 -9999 -9999 -9999 -9999 -9999 -9999 -9999 -9999 -9999 44 40 39 36 32 29 28 28 28 28 27 26 25 25 24 23 22 21 20 19 18 18 17 18 19
41 42 36 35 35 29 28 26 21 23 21 17 16 15 15 15 15 17 17 15 15 19 18 18 17 19 17 21 24 23 20 18 18 18 19 20 18 18 18 18 19 18 16 16 16 17 18 19 21 21 20 20 -9999 -9999 -9999 -9999 -9999 -9999 -9999 -9999 -9999 -9999 -9999 -9999 -9999 -9999 -9999 -9999 -9999 47 41 36 38 33 28 28 26 26 26 26 26 25 23 23 22 22 21 20 19 18 17 17 17 16 16 17
37 33 38 35 30 31 29 24 21 23 20 19 19 19 14 13 15 16 15 14 15 18 18 16 18 15 14 14 17 17 15 18 18 17 19 20 17 16 16 16 16 17 15 15 15 15 15 17 19 19 19 19 21 22 24 23 24 25 -9999 -9999 -9999 38 37 -9999 -9999 -9999 -9999 -9999 44 42 30 27 27 24 24 25 23 23 24 23 23 22 22 21 21 21 21 19 18 17 16 15 15 15 14 15
29 36 34 32 27 32 29 26 20 21 21 23 19 19 15 13 14 16 18 14 12 13 15 12 8 8 15 15 11 9 9 9 9 10 13 18 16 14 14 14 15 16 15 15 15 14 14 15 17 17 18 19 19 20 22 23 23 25 27 29 32 35 38 39 42 43 45 43 39 29 21 21 18 20 25 21 21 22 22 23 22 23 23 23 19 19 18 17 16 16 15 15 14 14 13 14
30 32 37 33 30 30 28 32 20 20 27 19 13 17 16 13 14 14 17 17 13 11 9 10 14 7 8 7 8 8 7 7 8 9 11 11 12 11 12 12 13 13 14 14 15 -9999 -9999 14 -9999 -9999 -9999 17 17 17 19 20 21 24 25 26 28 31 35 37 35 39 38 36 28 23 21 18 18 22 23 20 21 22 20 20 20 18 18 17 17 18 17 16 15 14 14 13 13 12 12 13
32 31 36 34 30 31 27 29 23 19 18 19 14 12 13 13 14 14 13 14 14 14 12 9 8 7 -9999 10 12 -9999 -9999 -9999 -9999 -9999 -9999 -9999 9 10 10 11 12 13 13 15 14 -9999 -9999 -9999 -9999 -9999 -9999 -9999 -9999 -9999 -9999 -9999 19 21 22 22 24 26 30 32 32 28 30 28 22 21 20 21 20 21 21 22 20 19 18 18 17 16 16 15 16 15 14 14 14 13 13 12 11 10 10 12
29 34 36 34 31 30 27 23 25 19 18 25 18 12 12 13 13 13 14 14 12 12 12 -9999 -9999 -9999 -9999 8 10 -9999 -9999 -9999 -9999 3 -9999 -9999 8 8 9 10 9 10 11 10 -9999 11 11 11 -9999 -9999 -9999 -9999 16 20 20 20 20 21 22 23 22 21 22 23 22 21 20 20 20 21 24 24 21 21 20 18 19 19 16 16 15 13 13 13 13 13 13 13 13 12 12 11 11 9 9 10
29 29 30 31 34 31 26 22 22 23 19 19 20 15 13 13 -9999 13 13 13 14 13 10 7 6 6 -9999 -9999 -9999 -9999 -9999 -9999 3 10 4 -9999 -9999 5 7 8 8 9 10 9 9 10 14 12 12 14 13 15 16 18 18 20 19 18 18 18 18 18 18 18 17 17 17 17 17 17 17 19 20 17 15 16 15 16 15 12 13 12 11 11 11 11 11 12 12 12 12 11 10 9 10 10
27 27 27 29 31 29 28 22 19 21 18 14 18 19 12 11 -9999 -9999 12 10 10 9 8 -9999 8 8 8 -9999 -9999 -9999 -9999 -9999 -9999 -9999 4 5 -9999 5 5 7 9 11 9 9 10 10 11 11 11 12 13 14 15 17 17 18 17 15 15 14 15 14 14 15 15 15 15 15 14 14 14 14 12 13 13 13 12 12 12 12 11 10 10 10 10 10 10 11 11 11 11 10 10 10 10 9
24 25 29 23 23 29 29 23 18 17 17 17 18 21 23 12 -9999 -9999 -9999 -9999 9 -9999 8 9 6 16 10 -9999 -9999 -9999 -9999 -9999 -9999 -9999 5 4 -9999 5 6 8 10 9 10 11 13 11 10 10 10 10 10 14 16 18 22 29 16 13 14 13 11 12 12 13 13 13 13 13 13 12 10 10 10 11 12 11 11 10 10 12 10 10 10 10 9 9 9 10 11 10 11 10 10 9 10 10
15 22 22 21 28 28 28 24 19 16 18 18 14 15 16 14 12 -9999 -9999 -9999 9 8 7 7 -9999 -9999 -9999 -9999 -9999 -9999 5 4 3 -9999 -9999 -9999 6 6 8 9 9 9 11 11 11 12 11 12 11 12 13 13 15 15 16 19 22 16 16 12 11 11 11 11 12 11 12 12 12 11 9 9 9 9 9 9 9 9 10 9 8 9 9 8 8 9 9 10 10 10 10 10 9 9 8 8
11 21 20 17 20 20 24 25 20 14 16 18 12 12 10 13 15 10 -9999 -9999 -9999 -9999 -9999 -9999 -9999 -9999 -9999 -9999 -9999 -9999 4 5 3 -9999 -9999 -9999 6 7 7 9 10 14 12 10 11 10 10 9 8 10 14 15 13 15 14 14 13 12 16 14 11 10 8 8 9 9 10 10 10 9 9 8 9 9 8 9 8 8 8 8 8 8 9 8 8 8 8 8 9 9 9 9 9 8 8 9
11 12 15 18 20 18 21 26 25 15 10 11 11 11 10 9 11 12 9 -9999 -9999 -9999 -9999 -9999 -9999 -9999 -9999 -9999 -9999 5 6 -9999 -9999 -9999 -9999 -9999 6 7 8 8 10 7 7 10 9 9 9 7 6 8 11 12 11 11 11 13 12 13 13 13 11 10 9 10 10 10 10 11 11 10 9 9 8 8 8 8 7 7 7 7 7 7 7 7 8 8 7 8 8 8 8 9 8 8 9 10
8 12 15 19 18 18 18 22 22 16 11 9 10 10 10 10 9 9 14 9 -9999 -9999 -9999 -9999 8 7 -9999 -9999 -9999 -9999 -9999 -9999 -9999 -9999 -9999 -9999 8 7 4 4 4 6 8 11 9 9 10 8 7 9 11 15 13 13 16 12 14 13 15 14 10 13 14 11 11 11 11 11 11 11 10 9 9 8 8 8 7 7 6 6 6 7 7 8 8 7 7 7 8 8 8 9 8 9 10 10
