resultados/variables_proyeccion_tiempo/variables_futuro_ccsm_A1B/bio18.asc
ncols 330
nrows 228
xllcorner -12.000000
yllcorner 34.000000
cellsize 0.166667
NODATA_value -9999
[rows 80 to 119 of 228, columns 184 to 275 of 330]
-9999 -9999 -9999 -9999 -9999 -9999 -9999 -9999 -9999 -9999 -9999 -9999 -9999 -9999 -9999 -9999 -9999 -9999 -9999 -9999 -9999 154 155 154 152 151 150 148 150 159 166 173 180 186 190 192 192 188 183 178 175 174 176 183 190 195 199 201 201 202 203 203 206 208 211 215 219 221 226 228 232 234 234 234 234 234 234 229 226 225 223 220 218 216 214 210 211 214 216 218 221 224 227 231 237 239 238 232 229 228 229 231
-9999 -9999 -9999 128 -9999 -9999 -9999 -9999 -9999 -9999 -9999 -9999 -9999 -9999 -9999 -9999 -9999 -9999 -9999 152 155 157 157 155 154 153 152 151 -9999 -9999 168 175 181 185 188 190 189 185 181 175 172 170 174 182 191 198 202 203 203 203 204 206 208 210 212 215 218 222 228 232 234 236 238 235 234 234 232 230 227 225 223 220 217 215 213 210 211 214 216 219 223 224 226 230 235 238 237 235 230 228 225 224
-9999 -9999 -9999 -9999 -9999 -9999 -9999 -9999 -9999 -9999 -9999 -9999 -9999 -9999 -9999 -9999 -9999 -9999 -9999 153 157 158 157 158 157 155 -9999 -9999 -9999 -9999 -9999 -9999 182 184 188 189 188 186 183 177 173 173 178 185 192 201 206 208 207 207 206 208 210 211 214 217 220 226 233 236 236 237 238 236 234 233 232 231 227 225 223 220 217 215 213 212 213 214 217 221 224 225 226 229 234 237 238 237 234 231 228 225
-9999 -9999 -9999 -9999 -9999 -9999 -9999 -9999 -9999 -9999 -9999 -9999 -9999 -9999 -9999 -9999 -9999 -9999 -9999 -9999 161 160 -9999 161 -9999 -9999 -9999 -9999 -9999 -9999 -9999 179 -9999 -9999 188 190 190 189 186 183 180 181 186 190 196 206 211 215 213 210 210 210 211 212 215 217 220 224 230 233 236 237 237 235 234 232 231 229 227 225 223 222 220 219 216 215 214 216 218 222 224 226 227 227 230 233 237 239 236 232 228 223
125 128 129 128 -9999 -9999 -9999 -9999 -9999 -9999 -9999 -9999 -9999 -9999 -9999 -9999 -9999 -9999 -9999 -9999 163 163 -9999 -9999 -9999 -9999 -9999 -9999 -9999 -9999 -9999 -9999 -9999 -9999 190 192 192 191 189 186 186 188 191 195 200 205 210 213 213 212 212 212 214 215 218 218 220 223 227 228 231 232 234 232 232 230 230 229 228 227 226 225 223 220 218 217 217 218 220 222 225 226 226 229 236 237 239 240 236 232 226 222
126 129 129 -9999 -9999 -9999 -9999 -9999 -9999 -9999 -9999 -9999 -9999 -9999 -9999 -9999 -9999 -9999 -9999 -9999 -9999 172 175 177 -9999 -9999 -9999 176 -9999 -9999 -9999 -9999 -9999 -9999 192 194 194 194 192 190 191 192 194 199 202 206 210 211 212 216 221 219 220 220 222 221 222 223 225 226 228 230 231 231 231 230 230 229 229 228 227 226 223 222 220 220 220 219 220 221 224 225 227 230 236 239 239 237 235 231 228 225
125 -9999 -9999 -9999 -9999 -9999 -9999 -9999 -9999 -9999 -9999 -9999 -9999 -9999 -9999 -9999 -9999 -9999 171 174 174 178 182 181 183 -9999 -9999 -9999 -9999 -9999 -9999 -9999 -9999 -9999 194 196 198 197 195 194 195 196 199 202 206 207 209 210 213 218 221 222 223 222 222 221 221 223 224 226 228 228 230 232 235 235 231 228 228 227 226 225 224 223 222 221 221 220 221 223 224 225 226 232 235 237 238 237 236 233 230 228
125 125 -9999 -9999 -9999 -9999 -9999 -9999 -9999 -9999 -9999 -9999 -9999 -9999 -9999 -9999 -9999 171 175 178 181 185 189 187 187 187 188 -9999 -9999 -9999 -9999 -9999 -9999 -9999 197 198 199 198 198 198 199 202 208 210 211 211 212 213 215 219 221 219 221 222 222 221 221 222 223 225 226 228 232 236 239 236 232 227 228 226 225 224 224 223 223 222 221 222 222 222 223 226 229 235 237 236 235 235 234 234 232 232
122 -9999 -9999 -9999 -9999 -9999 -9999 -9999 -9999 -9999 -9999 -9999 -9999 -9999 -9999 -9999 172 175 179 184 187 190 194 195 194 190 190 190 -9999 -9999 -9999 -9999 -9999 -9999 199 200 200 201 201 204 209 214 217 218 218 217 216 215 216 217 217 218 219 221 221 221 221 222 222 225 226 228 229 232 231 229 227 227 227 225 224 224 223 222 222 222 222 222 222 224 230 234 235 234 235 235 234 234 235 234 234 237
-9999 -9999 -9999 -9999 -9999 -9999 -9999 -9999 -9999 -9999 -9999 -9999 -9999 -9999 -9999 -9999 177 180 185 189 192 197 200 199 198 197 197 196 198 -9999 -9999 -9999 204 202 201 201 202 205 206 212 214 218 220 224 222 219 217 216 216 216 216 218 219 221 220 221 221 222 223 224 224 226 227 227 226 227 226 226 226 225 224 224 224 223 222 221 223 224 226 231 234 234 234 233 234 234 234 234 234 235 235 236
-9999 -9999 -9999 -9999 -9999 -9999 -9999 -9999 -9999 -9999 -9999 -9999 -9999 -9999 178 180 182 187 193 197 197 201 204 203 204 202 202 201 200 201 203 205 206 204 202 202 204 205 205 208 212 217 220 224 224 222 216 216 215 216 216 218 219 220 220 221 221 222 223 224 224 225 228 234 235 232 229 228 227 226 224 223 222 222 222 224 229 232 234 233 232 232 233 232 232 233 234 234 233 236 236 236
-9999 -9999 -9999 -9999 -9999 -9999 -9999 -9999 -9999 -9999 -9999 -9999 -9999 -9999 182 185 189 193 198 201 201 205 208 209 209 207 205 204 201 202 204 205 206 205 205 203 203 204 206 206 209 213 216 218 215 216 216 216 215 216 217 218 220 221 221 222 223 223 223 223 224 226 231 234 235 236 235 234 231 225 224 224 224 223 223 224 228 231 231 234 233 232 232 232 232 234 237 236 234 235 236 236
-9999 -9999 -9999 -9999 -9999 -9999 -9999 -9999 -9999 -9999 -9999 -9999 -9999 -9999 186 190 194 200 205 206 207 210 211 213 212 210 208 206 204 204 206 205 205 205 204 203 203 204 205 207 209 210 212 213 215 216 217 217 217 218 219 222 222 223 224 223 223 223 223 224 227 227 231 232 234 235 235 233 229 224 224 224 224 224 224 229 230 229 229 232 233 232 233 233 233 234 236 237 236 236 236 236
-9999 -9999 -9999 -9999 -9999 -9999 -9999 -9999 -9999 -9999 -9999 -9999 -9999 189 190 194 198 202 210 214 212 212 213 213 213 212 210 208 207 207 207 207 206 205 203 203 203 203 205 207 209 211 212 214 214 215 216 216 218 220 221 223 223 223 224 225 223 224 224 225 227 227 229 230 232 232 234 233 229 226 225 224 224 225 228 231 230 227 228 229 230 231 232 232 233 234 236 237 236 237 237 236
-9999 -9999 -9999 -9999 -9999 -9999 -9999 -9999 -9999 -9999 -9999 -9999 -9999 -9999 192 197 202 206 211 216 217 217 217 216 214 213 212 211 210 209 208 208 207 205 203 202 201 202 204 206 208 211 213 216 216 215 216 217 220 222 222 223 224 226 226 225 224 224 226 226 227 228 229 230 231 231 233 232 230 230 228 227 226 228 230 228 228 228 228 228 228 228 230 229 230 233 234 234 236 239 239 237
-9999 -9999 -9999 -9999 -9999 -9999 -9999 -9999 -9999 -9999 -9999 -9999 -9999 -9999 196 201 206 211 219 224 225 226 224 221 219 217 215 213 211 210 209 208 208 206 204 203 203 204 206 208 209 212 214 216 217 216 217 218 220 222 222 222 223 223 223 223 223 224 224 226 227 228 230 229 229 230 231 230 229 228 227 227 227 226 227 227 226 226 227 227 227 227 228 229 229 230 233 236 238 238 238 237
-9999 -9999 -9999 -9999 -9999 -9999 -9999 -9999 -9999 -9999 -9999 -9999 -9999 -9999 199 204 210 215 221 226 230 231 229 226 223 220 217 214 214 213 212 210 209 207 206 206 205 206 208 209 211 214 214 216 218 219 218 220 223 222 221 220 221 221 221 221 222 223 224 225 226 228 228 229 228 228 229 228 229 229 227 225 226 225 226 227 226 226 226 226 226 228 228 229 230 232 234 236 237 238 238 238
-9999 -9999 -9999 -9999 -9999 -9999 -9999 -9999 -9999 -9999 -9999 -9999 -9999 -9999 202 207 214 222 227 229 230 234 232 230 224 223 221 218 217 215 214 212 210 208 208 207 207 208 209 210 212 215 215 218 219 220 221 224 225 223 219 218 218 217 219 219 220 220 222 224 225 226 227 228 228 228 228 230 230 229 227 226 225 224 225 226 225 224 225 226 227 227 228 229 231 234 235 237 238 238 239 238
-9999 -9999 -9999 -9999 -9999 -9999 -9999 -9999 -9999 -9999 -9999 -9999 -9999 -9999 205 210 216 223 229 230 232 233 234 231 229 226 222 222 219 216 215 212 209 208 207 208 207 208 209 212 214 214 218 220 221 222 223 223 224 222 218 218 216 217 218 219 220 220 222 223 225 224 226 227 227 227 230 231 232 229 227 226 225 225 224 224 225 226 226 226 228 229 230 229 232 233 235 237 237 237 237 239
-9999 -9999 -9999 -9999 -9999 -9999 -9999 -9999 -9999 -9999 -9999 -9999 -9999 -9999 206 216 221 226 229 230 231 230 230 228 226 223 222 220 218 216 214 211 209 208 208 208 207 208 211 214 216 217 221 222 222 224 224 223 223 220 217 216 214 215 218 219 220 221 222 224 225 225 226 227 227 227 229 229 230 228 227 226 224 224 223 224 225 224 225 227 228 230 233 232 233 232 236 237 238 235 237 239
-9999 -9999 -9999 -9999 -9999 -9999 -9999 -9999 -9999 -9999 -9999 -9999 -9999 205 -9999 217 222 226 227 228 228 225 224 222 220 220 219 219 217 216 213 210 210 209 209 207 207 210 214 216 217 219 220 221 223 227 225 223 222 219 217 216 215 216 219 221 223 225 225 224 225 225 226 226 227 227 227 227 228 228 228 228 226 225 224 223 222 222 223 227 229 230 230 231 232 233 236 236 236 236 238 239
-9999 -9999 -9999 -9999 -9999 -9999 -9999 -9999 -9999 -9999 -9999 208 207 -9999 -9999 217 221 223 225 226 225 223 222 220 218 217 217 216 215 214 212 211 211 210 209 208 210 211 214 216 219 220 221 222 225 229 227 226 224 221 221 219 220 220 221 222 223 225 227 226 226 225 225 226 226 226 226 226 226 227 228 228 226 224 224 223 223 222 222 225 227 229 231 230 230 232 235 235 234 235 236 237
-9999 -9999 -9999 -9999 -9999 -9999 -9999 202 204 206 208 210 212 212 214 216 219 220 223 224 223 220 219 216 215 214 214 215 214 213 212 210 209 210 210 210 210 211 214 217 219 221 222 224 224 224 225 226 225 224 224 223 222 222 222 222 223 224 226 227 226 227 226 225 225 226 225 226 225 224 224 223 223 222 221 221 222 221 223 225 227 229 229 229 229 231 233 234 234 234 235 236
178 -9999 -9999 -9999 -9999 -9999 -9999 202 203 206 210 214 214 213 214 215 216 218 220 220 220 218 217 215 212 211 211 210 211 211 211 210 209 211 213 212 213 212 216 217 219 222 228 224 224 222 223 223 223 225 225 224 223 222 222 223 223 223 224 224 226 229 226 225 225 227 227 225 226 224 222 222 221 221 220 220 221 222 222 224 226 226 227 228 231 233 234 235 234 234 233 233
179 -9999 -9999 -9999 -9999 -9999 202 202 206 207 209 213 214 214 214 213 214 216 215 216 216 216 214 213 214 211 209 208 209 210 210 209 208 209 214 215 216 216 217 218 223 226 226 227 224 222 221 222 222 224 225 224 223 222 222 226 225 223 224 226 227 227 226 225 225 226 226 225 223 222 220 220 220 219 218 218 220 222 223 224 226 228 229 231 233 235 235 235 232 231 231 232
178 -9999 -9999 190 195 198 201 204 211 215 218 216 216 213 211 211 212 212 215 218 216 216 217 216 218 217 210 207 208 208 206 206 207 211 211 214 216 216 217 219 222 224 226 226 224 225 222 220 220 221 222 223 225 226 225 228 226 224 225 227 227 225 224 223 223 224 221 221 220 218 218 218 218 218 218 219 221 221 222 223 225 228 229 231 233 235 233 235 234 233 231 231
178 179 184 190 201 208 203 207 212 214 216 215 213 210 208 208 210 212 215 214 215 219 218 217 217 211 209 206 208 208 206 205 204 206 209 213 216 217 218 220 221 222 224 225 226 224 225 224 223 223 225 223 227 230 228 226 224 223 224 225 225 224 222 221 221 221 220 219 218 215 215 216 215 214 215 216 218 219 221 223 224 226 229 231 233 235 234 233 232 230 230 230
182 182 186 192 197 202 206 210 210 212 212 213 214 213 210 209 210 211 211 212 214 212 214 212 209 205 201 201 203 202 202 201 200 202 206 211 216 218 217 220 220 220 220 221 220 220 221 224 227 227 230 228 228 229 228 225 224 223 224 224 224 222 223 222 221 220 219 217 216 214 212 214 214 214 214 217 218 219 220 222 223 226 228 230 233 234 234 231 229 228 226 226
185 186 191 197 201 206 210 212 212 214 213 215 214 213 213 211 210 208 208 209 209 208 208 207 205 200 199 198 198 197 196 196 197 199 204 209 213 215 216 219 217 217 218 219 219 219 220 221 224 228 230 230 227 226 227 226 225 224 224 224 224 223 223 223 222 222 219 218 214 211 210 212 213 213 213 214 217 217 219 221 223 225 228 231 233 233 231 231 228 225 223 224
187 187 195 199 204 205 208 209 210 212 213 212 210 211 209 207 206 205 204 204 205 206 203 202 200 197 196 195 195 196 196 193 194 196 201 208 212 214 215 216 216 217 220 221 218 218 220 223 225 228 227 227 226 225 224 222 222 222 223 224 224 224 224 224 224 223 221 218 214 211 211 212 212 211 212 213 214 216 217 220 222 224 227 228 229 231 228 226 225 222 220 219
186 191 196 199 201 203 205 213 211 212 211 209 206 206 204 203 202 202 201 202 203 202 200 198 196 195 195 198 196 196 195 194 191 194 199 205 210 212 213 214 216 218 225 224 220 218 218 219 222 222 223 223 223 222 221 220 219 220 221 224 225 224 225 225 226 225 222 219 216 213 211 211 212 211 211 212 213 214 216 218 221 222 224 224 225 225 226 225 223 220 217 217
188 193 194 196 199 201 204 209 210 210 208 205 202 200 199 198 196 196 197 197 199 200 196 195 197 197 195 197 196 197 197 192 193 195 197 200 204 207 210 215 219 218 220 222 218 217 218 221 220 221 220 221 221 221 221 220 219 220 221 223 224 225 225 225 225 225 222 220 218 216 214 212 211 211 209 210 212 213 215 216 217 218 219 220 220 221 221 220 219 218 215 213
193 194 194 195 197 198 203 203 203 202 203 200 198 195 193 192 192 191 192 193 194 197 193 192 193 193 195 194 194 196 196 194 197 198 200 203 202 206 209 212 217 217 217 217 216 216 217 218 219 220 221 221 220 220 220 220 220 220 221 223 224 226 226 227 226 224 222 220 219 218 216 214 212 211 210 210 211 211 211 212 214 215 217 217 218 218 220 218 217 215 213 212
190 191 192 194 196 197 197 198 197 195 196 194 194 190 188 188 188 187 189 190 192 191 192 193 192 190 192 193 194 194 195 194 197 198 200 204 204 206 210 212 212 214 213 213 213 215 217 218 219 220 220 219 220 219 219 219 219 220 222 224 225 226 228 228 227 224 223 222 220 219 218 216 213 210 210 210 208 208 209 210 211 212 214 214 216 216 216 215 214 213 212 211
187 189 190 192 193 193 193 192 192 191 191 189 187 184 183 184 183 184 187 188 191 190 192 192 192 191 191 191 192 192 192 194 196 198 199 200 201 203 206 208 209 209 211 210 212 213 215 215 216 216 217 218 219 218 219 220 220 222 222 223 224 226 227 227 226 225 223 222 220 220 218 217 214 212 211 209 206 206 207 207 208 210 211 214 214 215 215 213 211 211 211 210
187 186 188 190 189 189 190 190 189 187 185 184 182 180 177 178 179 182 184 185 186 188 189 190 191 191 192 191 192 193 193 193 194 195 197 198 200 201 202 204 204 205 206 207 209 211 213 215 215 216 217 217 218 219 219 219 219 220 222 223 224 226 227 227 226 226 224 223 222 220 219 218 216 212 210 208 206 205 203 204 206 208 209 210 212 212 212 211 211 212 210 209
184 184 184 184 185 184 186 188 188 186 183 179 178 176 173 175 176 179 181 184 186 188 188 190 192 193 193 193 194 192 192 193 194 194 195 196 196 197 199 201 202 203 205 206 208 210 212 213 215 215 217 218 218 219 220 220 220 221 222 223 224 225 227 227 226 226 225 225 223 220 220 218 216 214 210 208 205 202 202 203 206 207 208 208 210 209 209 208 210 210 209 208
184 185 187 187 185 184 183 182 184 183 181 177 174 170 170 173 177 180 183 184 187 191 190 190 191 193 195 193 192 192 192 191 191 193 193 194 195 196 197 199 200 201 204 205 208 210 212 214 215 216 217 218 219 220 221 221 222 223 224 224 225 225 227 227 227 227 226 227 226 222 219 219 217 214 211 208 205 202 202 204 207 206 206 206 209 208 209 208 208 208 208 208
182 184 185 185 185 184 183 183 183 181 180 178 176 175 173 176 179 183 187 186 187 188 191 193 194 195 194 192 190 190 190 190 190 190 192 192 194 195 197 199 200 202 203 205 207 209 211 212 214 216 218 219 220 221 222 223 223 224 224 225 225 225 226 227 227 227 227 227 225 222 220 218 217 215 213 210 207 205 203 203 204 205 204 206 207 208 209 208 206 207 208 208
180 182 184 184 184 183 184 183 183 183 183 182 182 180 178 178 181 184 186 188 190 190 191 192 194 196 196 193 188 186 187 187 188 189 190 191 192 193 195 196 198 199 201 204 207 209 211 212 214 215 217 219 220 221 222 223 223 225 225 226 227 227 227 227 226 227 228 227 225 223 221 220 218 216 215 212 210 207 205 204 203 204 205 206 206 207 208 206 205 206 207 208
