resultados/variables_proyeccion_tiempo/variables_futuro_ccsm_A1B/bio1.asc
ncols 330
nrows 228
xllcorner -12.000000
yllcorner 34.000000
cellsize 0.166667
NODATA_value -9999
[rows 168 to 209 of 228, columns 190 to 284 of 330]
124 132 132 136 141 136 138 131 136 141 143 129 111 129 138 142 137 140 145 151 150 151 151 152 150 150 148 147 147 148 145 144 145 144 145 143 143 145 144 143 142 140 140 140 140 140 140 141 140 140 142 144 146 148 -9999 -9999 -9999 -9999 -9999 -9999 -9999 -9999 -9999 -9999 -9999 -9999 -9999 -9999 -9999 -9999 -9999 -9999 -9999 -9999 -9999 -9999 -9999 -9999 -9999 -9999 -9999 -9999 -9999 -9999 -9999 -9999 -9999 -9999 -9999 -9999 -9999 -9999 -9999 -9999 -9999
118 127 134 134 133 144 140 130 134 139 145 135 127 123 124 138 129 138 141 147 150 146 149 149 151 150 152 150 150 150 148 146 147 146 146 146 146 142 139 138 136 135 136 136 136 138 139 140 139 140 141 144 147 149 -9999 -9999 -9999 -9999 -9999 -9999 -9999 -9999 -9999 -9999 -9999 -9999 -9999 -9999 -9999 -9999 -9999 -9999 -9999 -9999 -9999 -9999 -9999 -9999 -9999 -9999 -9999 -9999 -9999 -9999 -9999 -9999 -9999 -9999 -9999 -9999 -9999 -9999 -9999 -9999 -9999
109 108 115 121 107 122 120 130 142 146 144 145 138 122 124 139 120 124 135 141 145 147 148 150 150 148 147 148 146 147 145 144 145 145 145 145 139 138 138 134 134 133 130 132 133 135 138 140 138 139 141 145 148 150 -9999 -9999 -9999 -9999 -9999 -9999 -9999 -9999 -9999 -9999 -9999 -9999 -9999 -9999 -9999 -9999 -9999 -9999 -9999 -9999 -9999 -9999 -9999 -9999 -9999 -9999 -9999 -9999 -9999 -9999 -9999 -9999 -9999 -9999 -9999 -9999 -9999 -9999 -9999 -9999 -9999
108 105 105 99 104 126 108 110 136 136 119 133 147 136 131 123 126 100 98 124 141 146 148 146 146 148 148 149 147 145 140 145 146 144 145 145 140 136 132 136 133 133 130 132 136 135 138 139 137 141 143 145 148 150 -9999 -9999 -9999 -9999 -9999 -9999 -9999 -9999 -9999 -9999 -9999 -9999 -9999 -9999 -9999 -9999 -9999 -9999 -9999 -9999 -9999 -9999 -9999 -9999 -9999 -9999 -9999 -9999 -9999 -9999 -9999 -9999 -9999 -9999 -9999 -9999 -9999 -9999 -9999 -9999 -9999
114 99 104 102 106 128 111 105 119 135 141 140 149 144 133 128 128 120 96 101 120 139 137 140 139 142 148 145 144 138 140 140 140 144 144 146 142 142 135 133 130 138 140 140 143 142 145 145 146 145 148 -9999 -9999 -9999 -9999 -9999 -9999 -9999 -9999 -9999 -9999 -9999 -9999 -9999 -9999 -9999 -9999 -9999 -9999 -9999 -9999 -9999 -9999 -9999 -9999 -9999 -9999 -9999 -9999 -9999 -9999 -9999 -9999 -9999 -9999 -9999 -9999 -9999 -9999 -9999 -9999 -9999 -9999 -9999 -9999
122 104 99 104 118 116 124 105 105 131 126 130 148 150 134 118 126 128 122 114 96 95 113 120 139 139 136 141 137 130 136 129 135 132 136 141 145 144 131 126 126 134 136 139 143 147 150 152 150 151 -9999 -9999 -9999 -9999 -9999 -9999 -9999 -9999 -9999 -9999 -9999 -9999 -9999 -9999 -9999 -9999 -9999 -9999 -9999 -9999 -9999 -9999 -9999 -9999 -9999 -9999 -9999 -9999 -9999 -9999 -9999 -9999 -9999 -9999 -9999 -9999 -9999 -9999 -9999 -9999 -9999 -9999 -9999 -9999 -9999
104 119 96 107 103 106 124 122 118 128 121 134 145 147 142 117 114 112 120 125 123 119 114 111 134 126 127 120 113 122 129 127 134 131 130 131 130 130 125 123 119 124 130 134 138 140 143 144 152 153 -9999 -9999 -9999 -9999 -9999 -9999 -9999 -9999 -9999 -9999 -9999 -9999 -9999 -9999 -9999 -9999 -9999 -9999 -9999 -9999 -9999 -9999 -9999 -9999 -9999 -9999 -9999 -9999 -9999 -9999 -9999 -9999 -9999 -9999 -9999 -9999 -9999 -9999 -9999 -9999 -9999 -9999 -9999 -9999 -9999
101 102 84 90 128 137 132 131 136 126 124 126 128 120 135 104 100 114 115 121 126 135 134 124 118 108 102 98 92 108 95 87 93 111 108 114 115 117 117 117 126 133 140 143 143 146 146 150 148 152 -9999 -9999 -9999 -9999 -9999 -9999 -9999 -9999 -9999 -9999 -9999 -9999 -9999 -9999 -9999 -9999 -9999 -9999 -9999 -9999 -9999 -9999 -9999 -9999 -9999 -9999 -9999 -9999 -9999 -9999 -9999 -9999 -9999 -9999 -9999 -9999 -9999 -9999 -9999 -9999 -9999 -9999 -9999 -9999 -9999
85 96 70 109 146 145 136 133 139 130 124 135 124 132 128 92 97 114 121 127 121 92 120 124 122 120 119 110 105 119 136 128 124 131 135 133 135 141 145 148 150 151 150 148 150 156 157 158 -9999 -9999 -9999 -9999 -9999 -9999 -9999 -9999 -9999 -9999 -9999 -9999 -9999 -9999 -9999 -9999 -9999 -9999 -9999 -9999 -9999 -9999 -9999 -9999 -9999 -9999 -9999 -9999 -9999 -9999 -9999 -9999 -9999 -9999 -9999 -9999 -9999 -9999 -9999 -9999 -9999 -9999 -9999 -9999 -9999 -9999 -9999
90 84 116 132 150 148 141 126 136 136 139 134 142 136 115 95 107 122 123 127 129 110 110 116 127 127 136 136 141 145 147 141 136 133 136 142 150 153 151 151 152 152 150 152 158 161 161 157 160 -9999 -9999 -9999 -9999 -9999 -9999 -9999 -9999 -9999 -9999 -9999 -9999 -9999 -9999 -9999 -9999 -9999 -9999 -9999 -9999 -9999 -9999 -9999 -9999 -9999 -9999 -9999 -9999 -9999 -9999 -9999 -9999 -9999 -9999 -9999 -9999 -9999 -9999 -9999 -9999 -9999 -9999 -9999 -9999 -9999 -9999
131 136 138 143 136 141 144 104 101 133 118 128 143 136 121 118 113 107 136 137 136 89 80 79 95 127 146 152 152 152 152 152 152 149 149 152 154 156 154 152 154 157 153 153 154 155 154 157 161 163 -9999 -9999 -9999 -9999 -9999 -9999 -9999 -9999 -9999 -9999 -9999 -9999 -9999 -9999 -9999 -9999 -9999 -9999 -9999 -9999 -9999 -9999 -9999 -9999 -9999 -9999 -9999 -9999 -9999 -9999 -9999 -9999 -9999 -9999 -9999 -9999 -9999 -9999 -9999 -9999 -9999 -9999 -9999 -9999 -9999
144 139 126 137 136 115 85 83 131 139 140 138 149 145 139 117 96 109 123 129 145 92 55 64 82 99 120 134 148 144 147 154 153 155 155 157 156 156 150 147 155 157 153 151 147 145 151 154 156 158 163 -9999 -9999 -9999 -9999 -9999 -9999 -9999 -9999 -9999 -9999 -9999 -9999 -9999 -9999 -9999 -9999 -9999 -9999 -9999 -9999 -9999 -9999 -9999 -9999 -9999 -9999 -9999 -9999 -9999 -9999 -9999 162 -9999 -9999 -9999 -9999 -9999 -9999 -9999 -9999 166 168 166 -9999
164 143 131 118 114 85 66 132 127 132 141 152 147 149 147 149 147 140 127 128 145 114 102 119 91 94 87 88 114 91 110 121 139 142 151 155 154 157 156 148 151 157 152 152 152 143 142 146 151 160 162 -9999 -9999 -9999 -9999 -9999 -9999 -9999 -9999 -9999 -9999 -9999 -9999 -9999 -9999 -9999 -9999 -9999 -9999 -9999 -9999 -9999 -9999 -9999 -9999 -9999 -9999 -9999 162 153 146 141 130 134 140 129 145 147 149 152 152 158 166 -9999 -9999
166 167 125 111 127 83 91 128 112 120 87 134 153 155 157 149 122 109 122 112 123 126 60 99 107 89 88 91 105 91 94 100 122 136 144 150 153 152 158 162 162 165 163 163 163 160 154 143 143 156 161 -9999 -9999 -9999 -9999 -9999 -9999 -9999 -9999 -9999 -9999 -9999 -9999 -9999 -9999 -9999 -9999 -9999 -9999 -9999 -9999 -9999 -9999 -9999 -9999 157 154 149 132 134 132 126 121 111 109 107 105 108 116 119 123 127 141 151 158
164 144 152 108 140 110 91 122 113 131 114 140 146 159 160 148 148 150 129 115 133 162 119 102 136 128 114 96 92 88 108 114 128 139 149 150 149 148 154 163 166 168 166 167 168 165 160 155 153 156 159 164 -9999 -9999 -9999 -9999 -9999 -9999 -9999 -9999 -9999 -9999 -9999 -9999 -9999 -9999 -9999 -9999 -9999 -9999 -9999 -9999 -9999 164 162 161 160 151 134 126 124 117 114 114 117 115 123 135 129 133 137 130 121 134 140
180 150 120 106 124 115 103 124 121 125 141 131 134 151 154 155 151 154 156 143 150 165 166 119 134 135 139 123 135 117 107 121 136 145 148 150 147 148 157 163 165 167 166 169 170 167 161 159 159 158 156 159 165 167 -9999 -9999 -9999 -9999 -9999 -9999 -9999 -9999 -9999 -9999 -9999 -9999 -9999 -9999 -9999 -9999 -9999 159 155 150 162 160 150 133 133 125 122 112 116 121 130 134 130 127 117 126 147 151 148 127 123
177 165 139 148 110 116 133 117 119 134 143 129 132 134 127 123 162 169 163 161 159 169 166 128 124 144 129 145 148 147 137 142 150 142 145 148 142 140 156 163 166 167 166 165 168 166 161 160 159 159 159 159 163 166 166 165 165 167 165 165 -9999 -9999 -9999 164 166 -9999 -9999 -9999 -9999 -9999 158 157 146 151 155 149 142 129 144 136 134 131 125 120 119 116 109 100 96 108 125 140 138 152 152
179 173 173 130 130 134 146 114 121 127 145 132 128 110 131 129 156 178 177 168 154 176 185 173 155 165 179 173 144 146 163 172 172 172 173 172 162 145 156 167 169 167 162 162 166 163 159 160 162 162 164 165 163 166 167 168 168 167 164 161 163 164 166 165 165 164 159 157 153 155 152 138 134 148 133 136 113 141 136 130 128 114 105 92 90 86 120 127 137 142 141 119 124 125 135
189 183 168 149 115 128 133 120 124 96 144 139 98 134 169 146 161 183 182 179 160 156 174 183 185 172 148 174 170 179 180 178 177 176 173 169 165 171 170 172 170 167 164 164 164 159 161 -9999 -9999 166 -9999 -9999 -9999 167 169 171 172 169 166 160 160 160 163 166 169 164 145 150 148 148 137 125 120 132 131 113 111 130 115 108 113 115 110 119 113 121 120 103 117 130 139 145 118 124 122
188 182 153 152 118 124 136 120 126 108 129 139 143 140 172 184 185 186 186 181 183 172 169 164 170 177 175 177 -9999 163 159 -9999 -9999 -9999 -9999 -9999 -9999 -9999 177 172 172 168 164 162 162 152 157 -9999 -9999 -9999 -9999 -9999 -9999 -9999 -9999 -9999 -9999 -9999 171 168 162 172 171 168 172 170 158 138 140 143 129 127 130 117 120 116 109 98 106 110 109 109 113 121 117 122 112 114 130 123 133 133 120 130 144
181 164 160 131 109 113 128 124 124 134 119 144 145 105 146 184 187 189 191 188 175 173 180 174 170 -9999 -9999 -9999 -9999 172 170 -9999 -9999 -9999 -9999 181 -9999 -9999 177 175 172 170 173 170 164 170 -9999 164 169 171 -9999 -9999 -9999 -9999 173 157 158 163 163 161 148 141 136 151 145 141 136 123 124 118 117 111 97 97 108 106 106 113 102 95 111 109 115 136 137 135 143 145 151 149 122 134 122 133 136
168 171 150 149 135 125 102 112 132 144 137 124 142 133 127 155 174 184 -9999 189 185 173 163 164 174 184 184 188 -9999 -9999 -9999 -9999 -9999 -9999 180 147 180 -9999 -9999 177 171 172 173 172 171 171 175 172 155 164 164 161 169 168 168 170 170 161 165 167 162 158 166 154 144 140 128 122 126 125 121 130 126 112 101 117 127 119 115 103 107 128 127 140 149 154 155 147 134 129 134 136 133 133 142
152 131 148 146 145 133 113 119 120 143 150 136 145 162 140 137 181 190 -9999 -9999 192 191 188 184 186 -9999 175 170 173 -9999 -9999 -9999 -9999 -9999 -9999 -9999 172 176 -9999 178 176 170 164 160 173 172 168 169 168 170 171 170 170 173 172 172 170 161 158 164 161 154 166 146 140 138 141 136 128 131 139 139 140 131 141 135 133 126 131 122 125 124 135 146 146 144 154 147 131 127 126 131 127 137 140
170 149 150 146 127 151 146 113 111 136 153 153 150 149 142 125 109 183 -9999 -9999 -9999 -9999 190 -9999 181 175 191 127 164 -9999 -9999 -9999 -9999 -9999 -9999 -9999 170 177 -9999 178 172 166 157 167 169 162 152 164 166 171 172 173 173 167 158 151 133 108 150 158 142 139 154 153 152 142 146 151 143 141 156 160 159 156 154 149 133 143 130 134 126 113 140 136 133 132 152 146 131 132 125 131 124 122 128
-9999 182 180 157 156 156 122 116 110 125 148 159 151 148 169 161 153 169 186 -9999 -9999 -9999 188 188 194 184 -9999 -9999 -9999 -9999 -9999 -9999 183 182 183 -9999 -9999 -9999 183 181 168 166 166 166 160 161 164 160 164 159 164 160 155 162 150 152 141 130 118 130 126 132 133 131 130 129 129 134 129 127 128 141 146 146 150 146 145 142 143 138 124 133 149 138 138 144 150 136 125 123 117 122 122 117 119
191 179 191 156 161 169 152 145 125 116 142 170 161 147 178 180 188 174 160 191 -9999 -9999 -9999 -9999 -9999 -9999 -9999 -9999 -9999 -9999 -9999 -9999 189 180 185 -9999 -9999 -9999 182 176 179 168 157 137 153 164 160 163 164 164 168 164 145 144 150 141 141 137 137 135 120 123 129 132 137 139 138 143 146 146 146 148 149 156 147 144 149 135 139 127 131 134 145 136 129 147 147 152 148 143 124 121 124 126 124
198 197 188 185 175 165 152 157 136 111 115 165 190 186 184 187 190 193 184 173 190 -9999 -9999 -9999 -9999 -9999 -9999 -9999 -9999 -9999 -9999 191 182 -9999 -9999 -9999 -9999 -9999 186 175 174 170 157 176 181 164 168 166 169 175 174 163 152 148 155 152 149 138 136 132 129 126 131 133 134 132 138 139 141 138 137 142 151 154 149 144 144 134 140 139 138 137 148 138 142 144 130 126 143 141 130 132 130 124 122
-9999 200 201 186 177 160 157 152 153 132 127 155 183 195 195 192 189 183 192 186 157 192 -9999 -9999 -9999 -9999 187 195 -9999 -9999 -9999 -9999 -9999 -9999 -9999 -9999 -9999 -9999 174 180 195 196 193 185 164 152 166 168 162 169 171 161 149 133 141 141 130 142 131 134 124 126 136 123 121 132 135 140 143 144 142 139 144 153 149 145 139 133 137 137 142 149 146 134 136 129 127 130 134 133 137 133 124 116 119
-9999 -9999 196 198 186 189 177 183 182 157 151 119 143 182 193 197 183 188 198 192 195 191 189 -9999 -9999 193 197 -9999 -9999 -9999 -9999 -9999 -9999 -9999 -9999 -9999 -9999 187 183 186 191 195 194 175 164 176 180 181 163 163 168 166 147 147 129 141 130 143 127 138 135 135 132 132 127 132 128 137 142 145 147 148 142 147 150 148 141 135 136 134 139 138 145 143 130 124 130 130 136 134 135 131 124 122 116
-9999 -9999 -9999 -9999 -9999 189 198 202 193 158 163 145 145 140 168 178 177 155 171 198 195 200 204 190 191 193 -9999 -9999 -9999 -9999 -9999 -9999 -9999 -9999 -9999 -9999 -9999 193 183 189 186 197 -9999 190 185 191 183 162 180 176 155 146 147 146 140 139 140 134 141 135 131 135 140 138 135 128 121 130 139 144 145 146 149 149 147 146 145 140 139 135 137 141 143 140 145 146 144 137 135 132 129 126 126 120 115
-9999 -9999 -9999 -9999 -9999 -9999 202 196 193 182 177 173 141 148 179 185 194 187 184 197 198 184 191 -9999 -9999 -9999 -9999 -9999 190 193 -9999 -9999 -9999 -9999 -9999 -9999 -9999 -9999 -9999 -9999 196 193 186 189 192 175 165 183 191 178 164 163 158 162 156 147 147 156 150 137 119 134 138 136 139 137 131 131 129 124 136 140 142 146 147 144 140 134 142 142 141 143 145 139 131 139 146 150 141 129 128 121 124 126 123
-9999 -9999 -9999 -9999 -9999 180 199 178 177 189 188 145 140 134 132 129 177 183 188 193 205 190 197 190 185 -9999 -9999 -9999 -9999 185 -9999 -9999 -9999 -9999 -9999 -9999 -9999 -9999 -9999 -9999 -9999 -9999 192 198 184 184 192 195 194 187 178 171 179 171 169 163 161 162 147 144 149 136 129 139 136 144 143 136 137 132 134 138 141 147 146 144 139 139 137 142 145 146 146 145 135 128 136 141 147 142 138 134 130 131 133
-9999 -9999 -9999 -9999 -9999 198 202 198 192 201 198 189 170 149 152 131 156 142 194 190 196 202 198 193 191 169 190 190 -9999 -9999 -9999 -9999 -9999 -9999 -9999 200 -9999 189 178 202 184 185 200 202 195 182 178 196 188 193 195 188 173 164 173 167 164 159 160 157 144 140 137 139 127 138 137 139 133 145 145 144 135 137 143 143 140 138 138 143 145 146 147 148 147 136 125 135 134 131 125 125 119 128 81
-9999 -9999 -9999 -9999 210 189 205 -9999 205 208 191 189 183 187 170 169 190 170 175 189 201 201 196 204 198 193 201 206 -9999 -9999 -9999 -9999 -9999 -9999 -9999 -9999 -9999 198 183 202 197 192 198 196 199 190 177 182 174 166 161 169 189 181 165 160 162 165 163 160 142 142 145 146 122 140 140 134 126 121 144 147 140 136 138 140 139 139 142 143 144 144 146 148 148 148 140 138 134 124 122 116 130 141 119
-9999 -9999 -9999 -9999 202 182 176 -9999 -9999 210 210 207 192 164 192 205 -9999 190 172 171 188 187 187 191 191 195 205 202 -9999 -9999 -9999 -9999 -9999 -9999 -9999 -9999 -9999 199 200 201 199 188 195 186 189 196 190 180 180 183 171 169 150 181 182 161 167 172 160 154 161 152 137 143 141 136 146 145 146 136 117 138 138 139 138 137 137 141 143 138 142 143 144 146 147 146 143 130 116 117 130 126 134 146 138
-9999 -9999 -9999 -9999 -9999 185 190 -9999 -9999 -9999 209 196 182 155 152 150 164 190 202 196 182 194 192 199 196 196 212 191 190 189 -9999 -9999 -9999 -9999 -9999 -9999 -9999 -9999 -9999 -9999 -9999 198 -9999 194 192 193 196 195 186 178 174 170 165 156 162 180 166 158 158 162 153 156 155 148 137 132 134 154 128 135 133 119 130 124 118 116 122 141 142 134 139 141 140 141 141 140 126 109 98 90 130 125 121 107 123
-9999 -9999 -9999 -9999 -9999 189 194 -9999 209 212 205 192 158 148 156 135 135 167 194 203 196 205 211 210 202 207 208 -9999 206 198 198 190 -9999 -9999 -9999 -9999 -9999 -9999 -9999 -9999 -9999 -9999 -9999 -9999 -9999 197 190 193 190 177 188 194 197 190 188 196 194 165 164 152 148 162 148 146 151 153 146 151 114 114 142 138 130 128 113 120 132 146 146 140 130 138 138 138 139 138 139 140 142 137 114 93 100 59 116
-9999 -9999 -9999 -9999 -9999 199 196 214 -9999 212 203 194 174 170 155 153 144 177 189 175 186 -9999 207 211 214 206 207 -9999 -9999 -9999 -9999 193 -9999 -9999 -9999 -9999 -9999 -9999 -9999 -9999 207 179 188 197 203 189 198 200 198 200 195 180 180 174 165 147 172 166 155 158 157 142 148 159 141 143 129 144 135 114 139 143 139 127 116 123 139 146 146 145 143 142 139 140 128 137 145 147 148 141 119 111 89 90 140
-9999 -9999 -9999 -9999 -9999 -9999 -9999 -9999 -9999 209 210 204 194 180 142 138 155 167 204 192 186 192 202 211 -9999 -9999 -9999 198 194 -9999 204 -9999 200 196 -9999 -9999 -9999 -9999 187 187 -9999 202 184 198 193 207 208 186 183 200 192 159 180 177 165 162 151 141 145 138 145 148 157 141 146 151 167 153 132 132 137 140 137 138 110 131 141 144 146 146 146 144 143 143 144 146 145 139 128 128 135 128 121 158 162
-9999 -9999 -9999 -9999 -9999 -9999 -9999 -9999 -9999 -9999 -9999 207 181 158 176 159 157 169 193 208 196 196 198 200 -9999 212 -9999 -9999 204 -9999 -9999 207 -9999 210 205 -9999 -9999 -9999 -9999 -9999 -9999 211 210 -9999 -9999 210 205 196 189 179 188 176 158 179 176 149 151 142 162 138 136 146 152 140 156 157 177 171 130 150 130 130 123 143 131 124 142 147 146 146 136 143 146 144 136 132 117 113 91 83 106 145 160 182 198
-9999 -9999 -9999 -9999 -9999 -9999 -9999 -9999 -9999 -9999 -9999 203 184 190 170 165 162 141 163 192 207 207 204 -9999 -9999 -9999 -9999 -9999 206 199 -9999 -9999 -9999 -9999 -9999 199 -9999 -9999 -9999 -9999 -9999 212 210 215 -9999 -9999 210 205 209 177 179 180 153 165 172 159 137 149 150 151 144 138 125 157 166 164 188 185 152 172 129 121 139 122 139 137 130 135 138 140 150 151 148 139 130 116 89 66 90 109 151 165 219 224 223
-9999 -9999 -9999 -9999 -9999 -9999 -9999 -9999 -9999 -9999 -9999 200 181 195 183 146 180 165 158 173 -9999 -9999 -9999 -9999 -9999 -9999 -9999 -9999 200 211 212 -9999 207 204 201 189 200 -9999 -9999 -9999 -9999 -9999 -9999 210 217 210 208 208 200 195 178 184 195 190 150 148 165 150 142 150 141 131 140 161 167 191 204 212 188 190 161 152 149 112 108 121 131 135 144 140 139 141 134 123 111 99 88 91 127 163 195 215 223 225 225
