resultados/variables_proyeccion_tiempo/variables_futuro_ccsm_A1B/bio12.asc
ncols 330
nrows 228
xllcorner -12.000000
yllcorner 34.000000
cellsize 0.166667
NODATA_value -9999
[rows 0 to 39 of 228, columns 182 to 272 of 330]
-9999 -9999 -9999 -9999 -9999 -9999 -9999 -9999 -9999 -9999 -9999 -9999 -9999 -9999 -9999 -9999 -9999 -9999 -9999 -9999 -9999 -9999 -9999 -9999 -9999 -9999 -9999 -9999 -9999 -9999 -9999 -9999 -9999 -9999 -9999 -9999 -9999 -9999 -9999 -9999 -9999 -9999 -9999 -9999 -9999 -9999 -9999 -9999 -9999 -9999 -9999 -9999 -9999 -9999 -9999 -9999 -9999 -9999 -9999 -9999 -9999 -9999 -9999 -9999 -9999 -9999 -9999 -9999 -9999 -9999 -9999 -9999 -9999 -9999 -9999 -9999 -9999 -9999 -9999 -9999 -9999 -9999 -9999 -9999 -9999 -9999 -9999 -9999 -9999 -9999 -9999
-9999 -9999 -9999 -9999 -9999 -9999 -9999 -9999 -9999 -9999 -9999 -9999 -9999 -9999 -9999 -9999 -9999 -9999 -9999 -9999 -9999 -9999 -9999 -9999 -9999 -9999 -9999 -9999 -9999 -9999 -9999 -9999 -9999 -9999 -9999 -9999 -9999 -9999 -9999 -9999 -9999 -9999 -9999 -9999 -9999 -9999 -9999 -9999 -9999 -9999 -9999 -9999 -9999 -9999 -9999 -9999 -9999 -9999 -9999 -9999 -9999 -9999 -9999 -9999 -9999 -9999 -9999 -9999 -9999 -9999 -9999 -9999 -9999 -9999 -9999 -9999 -9999 -9999 -9999 -9999 -9999 -9999 -9999 -9999 -9999 -9999 -9999 -9999 -9999 -9999 -9999
-9999 -9999 -9999 -9999 -9999 -9999 -9999 -9999 -9999 -9999 -9999 -9999 -9999 -9999 -9999 -9999 -9999 -9999 -9999 -9999 -9999 -9999 -9999 -9999 -9999 -9999 -9999 -9999 -9999 -9999 -9999 -9999 -9999 -9999 -9999 -9999 -9999 -9999 -9999 -9999 -9999 -9999 -9999 -9999 -9999 -9999 -9999 -9999 -9999 -9999 -9999 -9999 -9999 -9999 -9999 -9999 -9999 -9999 -9999 -9999 -9999 -9999 -9999 -9999 -9999 -9999 -9999 -9999 -9999 -9999 -9999 -9999 -9999 -9999 -9999 -9999 -9999 -9999 -9999 -9999 -9999 -9999 -9999 -9999 -9999 -9999 -9999 -9999 -9999 -9999 -9999
-9999 -9999 -9999 -9999 -9999 -9999 -9999 -9999 -9999 -9999 -9999 -9999 -9999 -9999 -9999 -9999 -9999 -9999 -9999 -9999 -9999 -9999 -9999 -9999 -9999 -9999 -9999 -9999 -9999 -9999 -9999 -9999 -9999 -9999 -9999 -9999 -9999 -9999 -9999 -9999 -9999 -9999 -9999 -9999 -9999 -9999 -9999 -9999 -9999 -9999 -9999 -9999 -9999 -9999 -9999 -9999 -9999 -9999 -9999 -9999 -9999 -9999 -9999 -9999 -9999 -9999 -9999 -9999 -9999 -9999 -9999 -9999 -9999 -9999 -9999 -9999 -9999 -9999 -9999 -9999 -9999 -9999 -9999 -9999 -9999 -9999 -9999 -9999 -9999 -9999 -9999
-9999 -9999 -9999 -9999 -9999 -9999 -9999 -9999 -9999 -9999 -9999 -9999 -9999 -9999 -9999 -9999 -9999 -9999 -9999 -9999 -9999 -9999 -9999 -9999 -9999 -9999 -9999 -9999 -9999 -9999 -9999 -9999 -9999 -9999 -9999 -9999 -9999 -9999 -9999 -9999 -9999 -9999 -9999 -9999 -9999 -9999 -9999 -9999 -9999 -9999 -9999 -9999 -9999 -9999 -9999 -9999 -9999 -9999 -9999 -9999 -9999 -9999 -9999 -9999 -9999 -9999 -9999 -9999 -9999 -9999 -9999 -9999 -9999 -9999 -9999 -9999 -9999 -9999 -9999 -9999 -9999 -9999 -9999 -9999 -9999 -9999 -9999 -9999 -9999 -9999 -9999
-9999 -9999 -9999 -9999 -9999 -9999 -9999 -9999 -9999 -9999 -9999 -9999 -9999 -9999 -9999 -9999 -9999 -9999 -9999 -9999 -9999 -9999 -9999 -9999 -9999 -9999 -9999 -9999 -9999 -9999 -9999 -9999 -9999 823 807 -9999 -9999 737 696 677 650 656 633 617 599 596 589 577 -9999 -9999 -9999 -9999 -9999 556 539 560 552 556 558 547 -9999 -9999 -9999 -9999 -9999 -9999 -9999 -9999 -9999 -9999 -9999 -9999 -9999 -9999 -9999 -9999 -9999 -9999 -9999 -9999 -9999 -9999 -9999 -9999 -9999 -9999 -9999 -9999 -9999 -9999 -9999
-9999 -9999 -9999 -9999 -9999 -9999 -9999 -9999 -9999 -9999 -9999 -9999 -9999 -9999 -9999 -9999 -9999 -9999 -9999 -9999 -9999 -9999 -9999 -9999 -9999 -9999 -9999 -9999 711 774 -9999 -9999 -9999 807 794 742 760 736 726 694 681 640 630 631 589 589 562 -9999 600 578 555 -9999 560 538 550 568 576 578 587 590 586 560 591 587 581 -9999 -9999 -9999 -9999 -9999 -9999 -9999 -9999 -9999 -9999 -9999 -9999 -9999 -9999 -9999 -9999 -9999 -9999 -9999 -9999 -9999 -9999 -9999 -9999 -9999 -9999
-9999 -9999 -9999 -9999 -9999 -9999 -9999 -9999 -9999 -9999 -9999 -9999 -9999 -9999 -9999 -9999 -9999 -9999 -9999 -9999 -9999 -9999 -9999 -9999 686 690 711 696 732 758 767 780 771 761 756 736 739 711 715 714 696 666 633 614 596 569 588 608 597 584 552 -9999 556 561 572 582 590 582 572 597 -9999 598 603 618 620 604 607 650 648 652 638 -9999 -9999 -9999 -9999 -9999 -9999 -9999 -9999 -9999 -9999 -9999 -9999 -9999 -9999 -9999 -9999 -9999 -9999 -9999 -9999
-9999 -9999 -9999 -9999 -9999 -9999 -9999 -9999 -9999 -9999 -9999 -9999 -9999 -9999 -9999 -9999 -9999 -9999 -9999 -9999 -9999 668 668 679 700 689 699 718 741 707 740 743 767 762 732 742 748 699 686 672 665 653 606 -9999 556 568 590 580 589 550 -9999 -9999 549 558 565 584 585 600 606 591 598 613 621 626 601 623 642 645 646 662 655 645 628 605 -9999 -9999 -9999 -9999 -9999 -9999 -9999 -9999 -9999 -9999 -9999 -9999 -9999 -9999 -9999 -9999 -9999
-9999 -9999 -9999 -9999 -9999 -9999 -9999 -9999 -9999 -9999 -9999 -9999 -9999 -9999 -9999 -9999 -9999 -9999 654 -9999 680 -9999 658 -9999 700 694 714 764 768 766 753 740 734 739 744 713 693 683 665 646 617 586 557 560 561 565 579 579 551 523 531 533 548 560 569 569 555 545 539 552 567 578 600 607 612 611 634 664 658 660 659 658 644 622 605 598 587 -9999 -9999 -9999 -9999 -9999 -9999 -9999 -9999 -9999 -9999 -9999 -9999 -9999 -9999
-9999 -9999 -9999 1010 989 974 -9999 886 858 792 -9999 731 723 733 768 -9999 -9999 660 682 686 682 735 725 712 731 720 731 724 750 760 697 724 736 722 699 690 682 666 640 607 576 546 577 570 589 572 567 554 559 548 535 533 540 546 548 542 539 533 530 545 550 566 584 586 582 589 618 637 656 659 635 624 619 617 603 597 605 -9999 -9999 -9999 -9999 -9999 -9999 -9999 -9999 -9999 -9999 -9999 -9999 -9999 -9999
-9999 -9999 1047 1041 1017 991 941 898 845 816 764 -9999 760 748 742 700 -9999 627 650 681 725 690 709 697 709 716 735 693 664 674 701 703 718 719 688 666 669 661 624 583 543 576 605 593 578 599 582 608 584 558 540 535 531 525 512 514 515 522 519 533 534 541 541 548 558 565 571 596 600 596 599 605 590 -9999 -9999 -9999 -9999 -9999 -9999 -9999 -9999 -9999 -9999 -9999 -9999 -9999 -9999 -9999 -9999 -9999 -9999
-9999 1025 1054 1056 1034 1000 951 901 853 812 765 786 723 724 715 684 658 655 676 661 641 657 670 698 719 742 715 707 666 645 649 677 689 687 672 657 674 674 660 574 543 558 578 557 577 594 576 555 521 528 511 499 505 508 513 522 525 511 514 540 552 556 559 564 572 566 565 564 558 561 574 584 -9999 -9999 -9999 -9999 -9999 -9999 -9999 -9999 -9999 571 582 574 572 -9999 -9999 -9999 -9999 -9999 -9999
1016 1024 1045 1053 1025 984 940 898 844 801 813 787 -9999 748 695 707 650 662 721 698 670 662 645 657 684 705 695 692 682 666 672 675 661 663 650 631 630 634 608 565 535 519 513 515 518 513 518 517 526 515 501 483 488 502 502 511 525 519 523 526 535 545 535 531 537 534 539 542 548 545 543 571 569 586 597 592 614 604 594 -9999 595 597 592 587 573 567 560 546 526 -9999 -9999
997 995 999 995 977 945 913 876 826 831 795 722 716 687 710 726 697 638 665 712 683 710 701 679 661 671 679 687 686 664 651 649 641 639 619 607 597 592 584 559 528 509 499 495 488 494 511 520 524 503 492 486 476 479 492 502 504 508 509 509 509 510 515 518 521 523 533 544 543 533 532 539 566 586 601 591 589 587 606 606 597 586 576 586 569 571 566 557 538 -9999 -9999
924 950 940 927 920 901 868 821 821 808 761 684 746 712 740 679 682 660 647 636 634 648 653 657 637 630 645 664 640 635 628 611 612 608 595 580 573 559 550 529 506 492 487 478 472 485 496 501 500 489 483 481 474 473 477 481 486 491 496 496 499 504 508 519 528 530 528 520 518 515 518 550 587 592 586 580 578 600 602 594 593 594 587 578 569 566 558 546 540 541 523
884 865 876 855 844 823 803 793 777 735 743 738 686 661 673 685 677 674 656 640 628 610 604 610 606 601 601 621 616 611 601 583 579 579 581 572 557 548 525 515 509 503 488 474 472 490 500 496 489 486 475 465 461 461 464 469 472 475 478 485 492 499 510 511 510 503 514 516 539 535 541 557 575 576 584 590 587 599 611 602 596 589 578 584 577 569 552 548 539 531 522
831 800 793 789 780 764 761 751 750 751 726 690 661 642 580 610 628 627 608 595 595 591 584 580 582 585 579 577 574 575 580 578 569 572 564 554 544 536 527 526 508 495 484 473 467 481 493 494 492 483 475 466 456 453 453 455 460 466 473 480 486 495 503 501 500 504 516 529 535 536 543 551 558 572 586 594 607 605 600 590 590 593 586 582 576 582 578 559 539 537 532
787 798 783 747 750 748 734 686 690 702 696 662 632 605 576 550 569 583 590 591 583 569 559 555 562 566 564 557 554 561 567 572 572 565 559 552 548 540 533 520 515 501 488 479 473 474 476 469 466 463 459 463 458 452 450 450 456 464 473 483 492 498 502 503 508 513 522 529 530 536 550 553 558 571 579 592 588 596 595 603 603 592 600 596 589 579 579 572 552 555 561
808 708 726 723 736 730 714 688 650 667 658 651 613 594 581 578 568 554 550 567 573 565 560 543 549 556 559 553 548 543 550 556 562 562 562 560 558 553 542 530 516 507 498 494 508 494 484 476 474 484 483 481 472 466 459 454 463 471 484 502 512 512 522 520 521 523 527 530 534 543 547 550 553 561 561 571 579 577 587 596 590 582 586 583 589 587 583 585 574 576 577
776 718 728 693 657 655 661 653 626 617 625 609 591 571 558 551 552 558 562 552 540 535 537 521 524 534 541 537 538 533 535 544 560 554 550 553 549 549 545 539 523 513 513 509 508 513 504 499 500 500 499 493 483 468 466 469 484 488 498 509 519 509 515 519 525 528 530 532 541 543 550 562 558 560 566 570 570 575 582 582 584 587 586 605 611 613 611 603 588 579 586
730 664 550 564 584 620 644 608 574 583 582 577 575 569 556 544 539 545 541 537 539 528 513 512 512 516 519 523 520 519 526 530 536 536 537 536 540 540 541 538 532 524 517 515 512 506 503 502 500 498 503 500 501 495 501 505 501 501 506 510 520 531 530 544 551 554 556 553 563 589 578 582 569 576 591 589 590 592 585 585 597 610 607 610 634 621 614 605 610 591 589
726 672 682 665 629 597 564 542 542 535 536 548 558 554 550 549 542 538 527 527 528 520 520 521 525 523 520 518 511 516 523 532 558 544 534 539 541 539 538 533 535 529 525 526 521 517 514 511 511 509 510 510 507 507 512 521 517 531 549 551 564 559 552 568 564 561 566 565 575 566 562 566 568 569 588 632 620 617 622 611 619 631 636 630 641 622 628 624 610 605 606
779 767 722 701 612 592 588 571 540 537 540 536 534 537 534 536 534 538 525 515 513 516 519 518 523 531 526 521 515 515 518 524 533 540 549 530 528 524 523 523 523 519 523 526 527 522 518 517 517 515 515 516 515 513 518 518 520 526 531 537 544 548 553 555 567 569 568 566 564 572 572 565 567 577 587 593 599 628 640 657 640 646 643 643 673 638 622 623 624 618 619
817 764 648 577 583 558 553 549 538 538 540 540 532 532 525 523 518 513 518 517 516 513 508 512 519 527 528 527 523 520 520 525 533 536 538 539 533 524 518 515 516 516 518 521 535 538 536 537 536 529 525 527 531 525 523 524 527 534 539 542 549 551 548 552 563 571 579 577 580 581 571 572 588 599 604 610 630 619 623 632 648 659 663 648 711 679 646 629 624 622 640
712 642 631 624 580 552 541 544 542 537 540 547 550 543 530 519 517 507 504 504 506 508 510 509 513 516 519 525 524 526 525 531 534 542 537 539 534 527 521 520 521 520 526 530 535 538 540 542 540 535 534 535 534 534 533 531 536 542 550 544 548 549 547 556 563 568 583 596 598 596 580 581 584 597 614 609 608 614 620 633 632 630 627 634 697 662 643 631 630 668 723
676 657 588 558 559 554 537 531 539 539 547 551 550 552 542 532 529 529 521 514 513 509 505 505 511 513 518 527 535 534 530 534 543 538 539 543 533 535 530 524 523 529 531 530 539 539 542 546 548 551 548 546 541 541 538 537 547 546 551 551 549 548 553 560 566 574 587 603 602 605 610 616 615 615 613 614 614 614 619 613 614 617 618 626 633 629 634 638 636 641 655
643 598 570 555 543 535 532 541 539 547 555 563 566 560 549 545 537 533 529 525 524 518 512 506 508 511 516 524 527 526 532 536 538 541 541 539 541 540 535 534 539 541 543 543 549 554 555 563 564 563 562 556 557 554 548 545 548 553 549 548 557 564 577 576 581 587 591 606 607 603 612 627 636 620 615 632 641 656 650 633 635 624 619 621 624 632 647 653 645 643 639
645 657 642 581 545 546 537 538 534 538 549 551 555 557 555 555 550 543 528 528 538 530 520 515 515 514 517 522 528 536 541 541 543 547 547 550 553 548 545 544 549 548 550 553 556 562 570 579 576 578 574 570 571 558 552 550 557 556 556 557 563 568 574 583 590 585 597 599 602 605 617 624 642 647 641 648 658 665 652 646 633 632 626 612 620 645 661 670 675 652 628
620 596 605 601 570 547 536 534 531 541 552 552 555 563 548 543 537 531 530 526 525 525 532 521 520 519 526 537 545 547 548 548 549 550 554 554 557 555 554 553 549 556 566 563 565 570 580 580 579 583 588 589 584 573 565 563 564 569 576 590 584 578 579 585 592 600 602 615 612 612 627 623 624 627 631 636 632 655 664 650 630 611 600 599 610 637 649 672 652 643 614
606 584 573 561 548 542 547 549 538 553 546 550 555 554 555 555 550 537 530 524 526 522 529 531 531 530 529 536 543 556 552 549 545 546 558 566 562 564 566 556 559 559 559 565 573 583 581 580 583 588 589 588 588 582 573 574 575 579 585 587 591 589 593 599 615 613 621 622 636 638 630 610 602 608 604 605 625 613 622 613 612 607 602 616 613 618 -9999 651 667 647 614
629 614 582 563 550 538 538 545 543 539 534 540 552 563 560 553 549 554 550 544 537 530 526 526 541 540 538 545 549 555 568 563 558 554 571 571 565 568 565 569 574 567 562 567 576 582 581 578 587 588 587 595 597 592 584 583 586 590 590 603 612 617 622 627 630 643 644 650 646 638 623 610 599 594 597 596 610 625 605 602 600 598 601 606 621 627 628 632 -9999 610 604
656 630 608 579 569 557 551 549 548 545 543 546 537 557 561 557 554 558 561 560 554 547 540 534 536 547 544 553 560 562 569 573 570 571 581 577 571 571 571 573 573 571 570 571 574 577 574 578 582 582 584 590 593 594 593 597 596 595 604 618 624 625 631 633 632 637 646 651 646 643 640 629 615 602 595 594 601 606 616 612 607 607 607 610 620 631 633 631 622 610 595
632 616 615 605 592 586 584 575 571 571 559 549 545 540 548 554 556 556 556 559 552 564 566 551 545 546 551 554 565 575 580 577 583 590 588 586 580 584 582 579 573 569 566 574 580 576 574 577 578 580 584 591 600 599 606 620 619 615 620 625 630 638 641 636 638 639 643 648 642 646 650 641 618 606 595 594 612 610 615 619 613 613 616 615 619 624 630 629 615 606 593
622 602 602 606 605 608 603 595 587 580 575 561 556 557 549 548 553 557 552 551 543 554 563 566 562 563 561 563 575 582 587 589 592 595 600 600 596 587 580 573 571 564 568 573 576 578 585 589 588 592 594 591 599 606 613 624 625 623 625 633 641 645 641 641 648 656 649 643 646 648 645 644 626 613 603 606 604 613 620 614 612 615 621 628 627 626 623 618 611 598 585
632 615 595 595 590 590 588 581 576 568 572 573 574 572 560 550 555 559 556 550 544 550 556 563 563 563 562 571 579 585 589 592 596 600 605 605 595 584 575 570 564 564 566 572 577 580 585 586 589 592 597 600 604 608 619 624 631 636 631 640 639 642 650 658 662 667 665 655 656 651 647 646 637 617 602 601 602 608 613 614 616 619 624 625 624 622 618 615 609 596 585
623 612 597 597 590 588 578 583 576 572 562 562 567 578 578 568 565 551 549 552 548 554 550 554 553 558 564 570 576 583 586 593 599 606 608 604 596 582 574 570 570 567 563 564 569 574 579 582 587 590 596 605 603 606 613 623 634 635 634 636 640 653 660 667 670 665 666 660 657 651 649 646 635 635 623 610 601 599 602 606 611 615 620 621 621 617 612 607 602 592 578
618 621 606 599 604 602 593 585 588 584 586 585 582 564 572 563 566 562 563 556 550 550 549 552 547 561 563 571 576 579 584 588 593 600 607 605 593 579 570 564 560 557 557 558 562 569 575 582 590 593 599 605 601 605 612 632 633 641 644 645 642 649 657 662 666 666 666 664 664 657 650 639 629 624 622 614 605 602 602 600 604 608 611 613 614 611 606 601 594 585 572
623 622 614 610 608 597 599 598 595 603 611 606 601 592 586 580 572 565 571 561 557 554 552 556 558 560 564 572 -9999 -9999 -9999 -9999 -9999 -9999 -9999 -9999 -9999 -9999 566 554 549 546 548 550 556 560 567 574 581 590 599 603 603 606 615 621 630 631 637 637 645 652 658 661 663 665 666 663 660 652 646 635 624 620 622 618 614 610 608 610 610 608 609 609 610 610 606 597 588 580 568
617 614 614 617 616 611 606 603 604 606 612 612 617 614 607 597 581 572 569 564 564 558 -9999 559 560 563 567 -9999 -9999 -9999 -9999 -9999 -9999 -9999 -9999 -9999 -9999 -9999 -9999 -9999 -9999 533 535 542 545 552 560 570 577 588 596 601 606 611 614 619 625 628 637 642 649 654 660 664 664 664 660 658 657 652 646 636 625 620 618 618 614 612 612 615 616 617 616 612 611 607 603 597 588 578 570
