resultados/variables_proyeccion_tiempo/variables_futuro_ccsm_A1B/bio15.asc
ncols 330
nrows 228
xllcorner -12.000000
yllcorner 34.000000
cellsize 0.166667
NODATA_value -9999
[rows 147 to 195 of 228, columns 96 to 191 of 330]
16 18 18 16 15 14 12 11 12 12 13 14 14 14 15 15 15 14 14 14 16 16 17 19 20 21 20 20 21 22 24 25 24 23 21 21 22 22 23 24 26 27 28 32 27 31 33 34 33 32 30 27 25 23 22 23 22 20 20 22 21 21 21 22 23 25 29 30 29 27 29 29 30 29 29 28 28 26 24 23 24 24 22 21 21 21 20 20 21 22 23 24 25 25 26 26
14 16 16 15 14 12 10 11 11 12 13 14 15 15 15 15 15 15 14 14 15 16 20 21 22 23 24 22 23 23 23 23 22 22 22 21 21 20 22 23 27 28 27 30 33 32 29 32 29 28 29 27 24 25 23 22 20 19 19 19 20 21 22 24 26 27 26 30 30 31 32 32 31 30 30 30 29 27 25 24 24 24 23 22 21 20 20 21 21 22 23 24 25 25 25 26
13 14 14 13 12 11 10 10 11 12 13 14 15 15 16 16 16 15 16 17 17 18 17 18 21 24 25 21 20 20 20 20 21 21 20 21 21 20 22 25 26 25 20 27 32 26 28 27 22 20 20 21 18 20 20 19 18 20 20 20 21 23 24 22 25 24 30 33 35 35 33 32 31 30 30 30 28 27 25 24 23 23 22 21 20 20 20 21 21 22 23 24 24 25 25 25
12 12 12 12 11 10 10 10 10 11 13 14 16 17 18 17 16 17 17 17 17 17 16 14 15 19 18 19 17 16 17 17 18 20 22 22 19 19 23 23 18 20 22 24 35 30 27 35 25 22 24 26 22 24 21 21 20 20 20 20 21 24 26 22 25 24 25 32 34 33 32 30 30 29 29 28 27 26 25 24 23 22 21 20 19 20 20 21 22 22 23 23 24 24 24 25
11 11 11 10 10 10 10 10 10 11 12 14 17 18 18 15 15 15 16 16 14 17 14 14 13 13 13 15 15 15 17 18 20 21 21 18 20 22 21 27 19 21 24 33 33 36 36 40 38 35 30 29 27 25 23 23 21 21 20 20 22 25 27 25 26 25 24 28 30 29 29 28 28 28 28 27 26 25 25 24 22 21 21 20 20 20 21 21 22 22 22 23 23 23 24 25
11 11 10 10 10 9 9 9 10 11 13 16 19 20 15 15 15 16 17 15 14 13 13 12 12 11 12 13 13 15 14 15 18 21 18 21 20 22 24 27 29 31 32 32 35 37 32 35 33 31 33 30 27 25 24 22 21 20 19 20 22 25 25 24 23 24 24 24 25 25 26 26 26 26 26 26 25 25 24 23 22 22 22 22 21 21 22 22 22 22 22 22 23 24 24 24
12 12 10 10 9 9 9 9 9 11 12 16 19 14 14 15 17 18 16 15 13 12 12 12 11 10 11 14 14 18 16 17 19 19 18 18 21 22 25 18 26 33 32 30 36 36 33 34 35 35 32 30 27 24 23 22 21 20 19 19 19 19 19 19 20 20 22 21 21 23 24 24 24 25 24 24 24 24 24 23 22 22 22 23 22 22 23 22 22 22 22 22 23 23 24 25
14 13 10 9 10 9 9 8 8 10 14 16 13 13 14 16 17 19 17 20 18 16 13 11 10 12 13 17 19 19 20 22 22 22 22 24 26 30 29 26 32 34 27 31 37 37 36 35 34 30 29 27 24 22 21 20 20 19 18 18 18 18 18 18 18 19 20 20 21 21 22 22 22 23 23 24 24 23 23 23 23 23 23 24 24 24 24 23 22 22 22 22 22 23 24 25
17 14 11 10 11 9 8 8 8 11 13 13 13 13 15 16 16 16 19 15 13 13 11 11 10 14 15 19 19 21 23 21 23 23 24 25 27 31 27 28 32 28 27 29 33 32 30 27 23 24 26 24 22 20 19 19 18 18 18 18 18 18 18 18 18 18 19 19 19 20 20 21 21 22 22 23 23 23 23 23 23 23 23 24 25 25 24 23 21 21 21 21 22 23 23 24
18 15 12 12 12 10 8 8 8 10 12 12 12 14 16 16 16 16 14 13 13 11 11 10 11 14 17 17 19 20 22 22 24 25 26 26 27 26 31 30 30 24 26 31 32 32 26 21 20 18 19 20 20 18 17 17 16 17 17 18 17 18 18 18 19 19 20 20 20 19 19 19 20 21 21 22 22 22 23 23 23 23 23 24 24 24 23 22 21 21 20 21 21 22 22 23
19 16 13 12 13 11 9 7 8 9 10 11 13 14 15 15 16 14 13 12 11 10 8 9 13 16 17 17 17 18 19 18 18 20 21 22 22 25 25 25 22 26 28 24 19 18 15 15 16 16 17 18 18 17 16 16 16 17 18 18 18 18 18 18 20 20 21 20 19 18 19 19 19 20 21 21 21 22 22 22 23 23 23 23 23 22 22 21 20 20 20 21 21 21 22 22
18 16 13 11 12 11 8 7 7 8 10 11 13 14 15 15 14 14 13 12 10 8 11 13 17 17 18 18 18 18 18 17 16 16 17 17 18 18 18 17 19 20 22 18 14 13 13 14 14 15 16 16 17 16 16 -9999 -9999 17 18 18 19 20 18 19 21 22 21 24 22 21 19 18 18 19 20 20 20 20 21 22 23 23 23 23 22 22 21 20 19 19 20 20 21 21 21 21
16 15 12 10 12 10 8 7 8 9 10 12 13 14 15 14 14 13 12 10 8 12 17 18 19 19 20 20 20 20 20 19 18 17 17 17 17 16 16 16 16 17 17 15 13 12 13 14 14 15 16 16 -9999 -9999 -9999 -9999 -9999 18 19 20 20 22 24 21 23 24 25 25 24 22 21 19 18 19 19 19 19 20 20 21 22 22 22 23 22 22 21 20 19 19 19 20 21 21 20 20
17 13 10 10 12 11 9 8 9 11 12 13 15 14 14 14 13 12 11 9 13 20 21 21 20 21 21 22 22 22 22 22 21 20 20 19 18 16 15 15 15 15 15 14 13 13 13 13 14 14 -9999 -9999 -9999 -9999 -9999 -9999 -9999 20 20 22 25 24 -9999 30 25 22 25 27 27 25 22 21 19 18 18 18 18 18 19 19 20 21 22 22 22 21 20 19 19 19 20 20 21 21 20 20
14 12 10 10 12 14 12 12 11 12 13 14 14 15 15 14 12 11 10 11 17 21 23 23 22 22 23 24 25 26 26 25 25 25 24 22 20 18 17 16 15 15 15 15 14 14 14 14 14 14 15 -9999 -9999 -9999 -9999 -9999 -9999 22 24 25 28 28 32 34 34 28 28 28 28 27 25 23 21 20 19 18 18 18 18 18 18 19 20 21 21 20 19 19 19 19 19 20 21 22 22 21
11 11 11 12 13 16 13 11 11 13 14 14 14 14 14 13 12 11 9 12 18 20 22 23 24 24 25 27 28 29 28 27 27 28 28 26 23 21 19 18 17 16 16 16 17 18 16 15 14 15 16 17 -9999 -9999 -9999 -9999 -9999 -9999 29 31 31 34 34 34 34 31 29 31 28 27 28 26 24 22 21 20 19 18 17 17 17 18 19 19 19 19 19 18 18 18 19 20 21 22 21 21
11 12 13 15 18 18 16 14 14 13 14 15 15 14 14 13 12 11 10 14 18 20 21 23 25 27 28 30 31 32 28 25 27 27 26 27 25 24 22 21 19 18 18 18 18 19 18 16 15 15 16 -9999 -9999 -9999 -9999 -9999 -9999 -9999 -9999 34 -9999 38 36 -9999 36 28 26 32 31 28 27 27 24 23 22 21 20 19 18 17 18 18 18 18 18 18 18 19 18 18 18 19 20 20 20 21
13 17 20 18 22 20 16 14 14 14 15 15 17 16 16 14 12 12 10 11 17 20 21 23 24 26 29 30 31 32 29 27 26 26 28 28 25 25 24 23 22 21 20 20 19 19 18 16 16 17 -9999 -9999 -9999 -9999 -9999 -9999 -9999 -9999 -9999 -9999 -9999 -9999 38 -9999 -9999 37 30 33 34 31 29 27 28 26 24 23 23 21 20 19 19 19 18 18 17 18 17 18 19 19 18 18 19 19 19 20
19 22 22 22 24 22 18 16 16 15 16 17 17 17 16 14 13 12 12 13 18 21 23 24 24 27 29 28 32 37 34 33 30 30 28 29 25 25 25 24 23 23 22 21 21 19 18 17 17 18 -9999 -9999 -9999 -9999 -9999 -9999 -9999 -9999 -9999 -9999 -9999 -9999 -9999 38 38 38 39 34 32 33 31 29 29 28 26 24 25 24 22 22 20 19 18 18 17 16 16 16 16 17 16 17 17 17 18 19
22 24 24 25 26 25 23 19 17 16 17 18 17 17 16 14 14 14 14 14 16 17 16 20 24 28 35 -9999 -9999 -9999 -9999 37 37 36 35 36 33 26 24 24 24 24 24 24 23 21 20 19 18 18 19 -9999 -9999 -9999 -9999 -9999 -9999 -9999 -9999 -9999 -9999 -9999 -9999 39 40 39 40 40 40 36 35 33 31 29 28 27 26 26 26 24 22 20 19 18 16 16 15 16 16 15 15 16 16 17 17 17
27 26 26 27 28 28 26 21 17 17 18 18 19 20 18 17 17 17 18 16 14 18 18 25 33 37 -9999 -9999 -9999 -9999 -9999 -9999 -9999 41 38 40 35 29 29 26 25 25 26 26 26 24 22 20 19 19 20 22 -9999 -9999 -9999 -9999 -9999 -9999 -9999 -9999 -9999 -9999 -9999 -9999 -9999 40 41 41 41 40 38 38 36 34 30 29 29 28 25 24 26 22 20 19 18 16 14 14 14 15 15 14 15 16 17 17
29 30 30 30 30 30 28 25 23 22 22 23 22 21 21 21 23 25 29 29 25 30 30 35 37 -9999 -9999 -9999 -9999 -9999 -9999 -9999 -9999 -9999 -9999 -9999 39 37 33 32 30 29 28 26 26 25 23 21 20 20 20 20 20 19 19 -9999 -9999 -9999 -9999 -9999 -9999 -9999 -9999 -9999 -9999 -9999 41 42 42 41 41 40 39 37 36 31 33 32 26 27 24 24 20 19 19 18 15 14 13 13 14 14 15 15 15 15
33 33 33 34 33 32 30 28 27 26 28 26 26 25 25 25 25 25 33 40 36 38 39 -9999 -9999 -9999 -9999 -9999 -9999 -9999 -9999 -9999 -9999 -9999 -9999 -9999 -9999 40 38 35 33 31 29 28 27 25 24 22 21 20 20 19 18 18 18 18 -9999 -9999 -9999 -9999 -9999 -9999 -9999 -9999 -9999 -9999 -9999 41 43 42 42 42 40 39 36 38 36 36 34 31 25 26 29 24 19 17 17 14 14 14 14 14 14 14 14 14
36 37 37 37 37 36 36 34 32 30 30 31 31 32 33 36 40 43 44 -9999 -9999 -9999 -9999 -9999 -9999 -9999 -9999 -9999 -9999 -9999 -9999 -9999 -9999 -9999 -9999 -9999 -9999 41 39 37 34 31 30 29 28 27 25 23 22 21 20 20 19 18 18 18 20 22 -9999 -9999 -9999 -9999 -9999 -9999 -9999 -9999 -9999 -9999 -9999 -9999 42 42 41 41 40 39 40 39 38 34 28 25 32 23 26 19 17 18 20 17 15 15 16 14 14 14
-9999 39 39 40 41 40 41 39 36 34 33 34 36 39 42 43 45 44 -9999 -9999 -9999 -9999 -9999 -9999 -9999 -9999 -9999 -9999 -9999 -9999 -9999 -9999 -9999 -9999 -9999 45 -9999 -9999 39 36 34 31 32 30 29 28 26 25 23 23 21 20 19 19 18 18 19 22 24 -9999 -9999 -9999 -9999 -9999 -9999 -9999 -9999 -9999 -9999 -9999 -9999 -9999 43 43 42 41 41 41 39 41 38 36 35 31 27 24 20 18 21 20 18 17 15 16 14 14
-9999 -9999 -9999 -9999 -9999 -9999 -9999 -9999 41 39 37 36 40 42 42 46 47 -9999 -9999 -9999 -9999 -9999 -9999 -9999 -9999 -9999 -9999 -9999 -9999 -9999 -9999 -9999 -9999 -9999 -9999 -9999 -9999 -9999 42 40 35 32 32 32 32 30 28 26 24 24 23 22 20 19 18 19 20 21 24 -9999 -9999 -9999 -9999 -9999 -9999 -9999 -9999 -9999 -9999 -9999 -9999 -9999 -9999 -9999 43 41 41 43 38 40 44 44 44 39 30 28 25 23 18 20 17 19 18 16 17 14
-9999 -9999 -9999 -9999 -9999 -9999 -9999 -9999 -9999 -9999 44 43 45 46 47 -9999 -9999 -9999 -9999 -9999 -9999 -9999 -9999 -9999 -9999 -9999 -9999 -9999 -9999 -9999 -9999 -9999 -9999 -9999 47 -9999 -9999 -9999 -9999 41 39 34 32 34 34 32 29 28 27 26 25 24 21 20 20 20 20 22 24 25 -9999 -9999 -9999 -9999 -9999 -9999 -9999 -9999 -9999 -9999 44 -9999 44 45 -9999 40 42 43 47 43 45 48 48 45 38 34 29 28 24 23 19 19 19 20 22 17
-9999 -9999 -9999 -9999 -9999 -9999 -9999 -9999 -9999 -9999 -9999 -9999 -9999 -9999 -9999 -9999 -9999 -9999 -9999 -9999 -9999 -9999 -9999 -9999 -9999 -9999 -9999 -9999 -9999 -9999 -9999 -9999 45 -9999 -9999 -9999 -9999 -9999 48 44 42 40 40 38 35 30 29 28 26 26 26 25 23 21 22 24 20 22 25 27 -9999 -9999 -9999 -9999 -9999 -9999 -9999 -9999 -9999 -9999 -9999 -9999 47 -9999 -9999 46 45 44 45 46 47 48 47 44 42 36 39 30 28 29 25 21 21 23 22 23
-9999 -9999 -9999 -9999 -9999 -9999 -9999 -9999 -9999 -9999 -9999 -9999 -9999 -9999 -9999 -9999 -9999 -9999 -9999 -9999 -9999 -9999 -9999 -9999 -9999 -9999 -9999 -9999 -9999 -9999 49 50 45 -9999 -9999 -9999 48 49 48 -9999 44 43 44 41 36 32 31 29 29 27 27 24 24 23 23 24 22 23 25 28 -9999 -9999 -9999 -9999 -9999 -9999 -9999 -9999 -9999 -9999 -9999 -9999 -9999 -9999 -9999 48 47 47 -9999 -9999 48 49 49 46 46 45 42 37 34 37 30 24 32 23 24 23
-9999 -9999 -9999 -9999 -9999 -9999 -9999 -9999 -9999 -9999 -9999 -9999 -9999 -9999 -9999 -9999 -9999 -9999 -9999 -9999 -9999 -9999 -9999 -9999 -9999 -9999 -9999 -9999 52 49 48 46 48 50 -9999 -9999 -9999 -9999 -9999 -9999 -9999 -9999 46 45 44 40 34 32 29 31 27 28 25 25 25 23 25 24 26 28 30 -9999 -9999 -9999 -9999 -9999 -9999 -9999 -9999 -9999 -9999 -9999 -9999 -9999 -9999 -9999 -9999 -9999 -9999 -9999 -9999 -9999 -9999 -9999 52 50 42 33 39 37 42 35 34 24 24 25
-9999 -9999 -9999 -9999 -9999 -9999 -9999 -9999 -9999 -9999 -9999 -9999 -9999 -9999 -9999 -9999 -9999 -9999 -9999 -9999 -9999 -9999 -9999 -9999 -9999 -9999 -9999 51 48 39 44 47 47 51 -9999 -9999 -9999 55 -9999 -9999 -9999 52 50 50 48 46 42 38 32 31 34 29 26 26 26 25 26 25 25 29 31 31 32 -9999 -9999 -9999 -9999 -9999 -9999 -9999 -9999 -9999 -9999 -9999 -9999 -9999 -9999 -9999 -9999 -9999 -9999 -9999 -9999 -9999 -9999 -9999 51 47 44 38 45 47 40 32 28 26
-9999 -9999 -9999 -9999 -9999 -9999 -9999 -9999 -9999 -9999 -9999 -9999 -9999 -9999 -9999 -9999 -9999 -9999 -9999 -9999 -9999 -9999 -9999 -9999 -9999 -9999 -9999 51 47 42 40 49 50 54 -9999 -9999 -9999 -9999 -9999 -9999 -9999 -9999 -9999 -9999 -9999 50 48 42 36 35 36 35 30 27 26 26 27 27 29 30 30 31 33 35 -9999 -9999 -9999 -9999 -9999 -9999 -9999 -9999 -9999 -9999 -9999 -9999 -9999 -9999 -9999 -9999 -9999 -9999 -9999 -9999 -9999 -9999 -9999 -9999 48 42 46 48 49 37 37 37
-9999 -9999 -9999 -9999 -9999 -9999 -9999 -9999 -9999 -9999 -9999 -9999 -9999 -9999 -9999 -9999 -9999 -9999 -9999 -9999 -9999 -9999 -9999 -9999 -9999 -9999 -9999 52 53 49 43 47 55 55 -9999 -9999 -9999 -9999 -9999 -9999 -9999 -9999 -9999 -9999 -9999 -9999 51 45 43 42 39 39 35 30 29 28 29 29 30 31 25 31 33 34 36 36 -9999 -9999 -9999 -9999 -9999 -9999 -9999 -9999 -9999 -9999 -9999 -9999 -9999 -9999 -9999 -9999 -9999 -9999 -9999 -9999 -9999 -9999 -9999 -9999 45 44 50 49 40 38
-9999 -9999 -9999 -9999 -9999 -9999 -9999 -9999 -9999 -9999 -9999 -9999 -9999 -9999 -9999 -9999 -9999 -9999 -9999 -9999 -9999 -9999 -9999 -9999 -9999 -9999 -9999 56 56 51 46 47 55 -9999 -9999 -9999 -9999 -9999 -9999 -9999 -9999 -9999 -9999 -9999 -9999 -9999 -9999 -9999 49 48 46 44 40 34 34 31 32 31 29 27 27 29 30 33 34 36 36 36 36 36 42 40 48 -9999 -9999 -9999 -9999 -9999 -9999 -9999 -9999 -9999 -9999 -9999 -9999 -9999 -9999 -9999 -9999 -9999 -9999 48 50 49 45 39
-9999 -9999 -9999 -9999 -9999 -9999 -9999 -9999 -9999 -9999 -9999 -9999 -9999 -9999 -9999 -9999 -9999 -9999 -9999 -9999 -9999 -9999 -9999 -9999 -9999 -9999 -9999 -9999 56 54 49 49 54 -9999 -9999 -9999 -9999 -9999 -9999 -9999 -9999 -9999 -9999 -9999 -9999 -9999 -9999 -9999 -9999 52 51 47 41 42 42 39 36 36 33 28 31 31 33 32 33 32 34 34 34 30 29 30 35 -9999 -9999 -9999 -9999 -9999 -9999 -9999 -9999 -9999 -9999 -9999 -9999 -9999 -9999 -9999 -9999 -9999 -9999 -9999 -9999 49 44 44
-9999 -9999 -9999 -9999 -9999 -9999 -9999 -9999 -9999 -9999 -9999 -9999 -9999 -9999 -9999 -9999 -9999 -9999 -9999 -9999 -9999 -9999 -9999 -9999 -9999 -9999 -9999 -9999 58 57 52 55 -9999 -9999 -9999 -9999 -9999 -9999 -9999 -9999 -9999 -9999 -9999 -9999 -9999 -9999 -9999 -9999 -9999 -9999 54 52 51 48 42 46 47 45 40 36 38 36 34 34 33 34 32 33 33 33 34 38 -9999 -9999 -9999 -9999 -9999 -9999 -9999 -9999 -9999 -9999 -9999 -9999 -9999 -9999 -9999 -9999 -9999 -9999 -9999 -9999 49 49 44 40
-9999 -9999 -9999 -9999 -9999 -9999 -9999 -9999 -9999 -9999 -9999 -9999 -9999 -9999 -9999 -9999 -9999 -9999 -9999 -9999 -9999 -9999 -9999 -9999 -9999 -9999 -9999 -9999 -9999 -9999 57 56 -9999 -9999 -9999 -9999 -9999 -9999 -9999 -9999 -9999 -9999 -9999 -9999 -9999 -9999 -9999 -9999 -9999 -9999 -9999 55 54 54 53 50 48 46 47 46 43 38 34 35 34 34 32 33 32 31 33 36 39 41 -9999 -9999 -9999 -9999 -9999 -9999 -9999 -9999 -9999 -9999 -9999 -9999 -9999 -9999 -9999 -9999 -9999 -9999 50 49 47 41
-9999 -9999 -9999 -9999 -9999 -9999 -9999 -9999 -9999 -9999 -9999 -9999 -9999 -9999 -9999 -9999 -9999 -9999 -9999 -9999 -9999 -9999 -9999 -9999 -9999 -9999 -9999 -9999 -9999 -9999 -9999 57 56 -9999 -9999 -9999 -9999 -9999 -9999 -9999 -9999 -9999 -9999 -9999 -9999 -9999 -9999 -9999 -9999 -9999 -9999 -9999 -9999 -9999 56 54 52 47 49 48 47 45 45 41 41 38 35 34 33 32 33 35 36 37 38 39 -9999 -9999 -9999 -9999 -9999 -9999 -9999 -9999 -9999 -9999 -9999 -9999 -9999 -9999 -9999 -9999 -9999 49 46 43
-9999 -9999 -9999 -9999 -9999 -9999 -9999 -9999 -9999 -9999 -9999 -9999 -9999 -9999 -9999 -9999 -9999 -9999 -9999 -9999 -9999 -9999 -9999 -9999 -9999 67 -9999 -9999 -9999 60 57 56 56 52 -9999 -9999 -9999 -9999 -9999 -9999 -9999 -9999 -9999 -9999 -9999 -9999 -9999 -9999 -9999 -9999 -9999 -9999 -9999 -9999 -9999 -9999 -9999 -9999 -9999 52 51 50 48 43 45 43 40 36 34 35 35 35 32 32 33 35 38 39 39 -9999 -9999 -9999 -9999 -9999 -9999 -9999 -9999 -9999 -9999 -9999 -9999 -9999 52 51 47 44
-9999 -9999 -9999 -9999 -9999 -9999 -9999 -9999 -9999 -9999 -9999 -9999 -9999 -9999 -9999 -9999 -9999 -9999 -9999 -9999 -9999 -9999 -9999 -9999 -9999 69 -9999 64 61 60 56 55 56 57 -9999 -9999 -9999 -9999 -9999 -9999 -9999 -9999 -9999 -9999 -9999 -9999 -9999 -9999 -9999 -9999 -9999 -9999 -9999 -9999 -9999 -9999 -9999 -9999 -9999 54 53 52 51 48 43 42 42 40 38 37 35 35 34 33 32 32 33 34 36 38 43 -9999 -9999 -9999 -9999 -9999 -9999 -9999 -9999 -9999 -9999 -9999 54 52 49 47
-9999 -9999 -9999 -9999 -9999 -9999 -9999 -9999 -9999 -9999 -9999 -9999 -9999 -9999 -9999 -9999 -9999 -9999 -9999 -9999 -9999 -9999 -9999 -9999 -9999 68 68 64 60 60 60 56 55 55 57 -9999 -9999 -9999 -9999 -9999 -9999 -9999 -9999 -9999 -9999 -9999 -9999 -9999 -9999 -9999 -9999 -9999 -9999 -9999 -9999 -9999 -9999 -9999 -9999 53 55 54 51 52 50 45 40 43 40 40 37 36 38 37 36 34 33 33 34 36 40 43 46 -9999 -9999 -9999 -9999 -9999 -9999 -9999 -9999 -9999 56 55 51 49
-9999 -9999 -9999 -9999 -9999 -9999 -9999 -9999 -9999 -9999 -9999 -9999 -9999 -9999 -9999 -9999 -9999 -9999 -9999 -9999 -9999 -9999 -9999 -9999 -9999 71 68 63 62 62 58 55 55 56 57 -9999 -9999 -9999 -9999 -9999 -9999 -9999 -9999 -9999 -9999 -9999 -9999 -9999 -9999 -9999 -9999 -9999 -9999 -9999 -9999 -9999 -9999 -9999 -9999 -9999 -9999 -9999 51 47 50 54 52 48 46 43 39 39 39 40 40 40 38 40 41 42 42 44 46 48 50 -9999 -9999 -9999 -9999 -9999 -9999 -9999 59 58 54 50
-9999 -9999 -9999 -9999 -9999 -9999 -9999 -9999 -9999 -9999 -9999 -9999 -9999 -9999 -9999 -9999 -9999 -9999 -9999 -9999 -9999 -9999 -9999 -9999 -9999 -9999 65 65 62 58 60 56 57 58 58 -9999 -9999 -9999 -9999 -9999 -9999 -9999 -9999 -9999 -9999 -9999 -9999 -9999 -9999 -9999 -9999 -9999 -9999 -9999 -9999 -9999 -9999 -9999 -9999 -9999 -9999 -9999 -9999 -9999 -9999 55 52 50 45 45 42 41 41 42 44 44 45 44 -9999 50 48 47 48 49 50 52 -9999 -9999 -9999 -9999 -9999 -9999 58 58 55 57
-9999 -9999 -9999 -9999 -9999 -9999 -9999 -9999 -9999 -9999 -9999 -9999 -9999 -9999 -9999 -9999 -9999 -9999 -9999 -9999 -9999 -9999 -9999 -9999 -9999 -9999 69 64 62 62 61 56 56 57 -9999 -9999 -9999 -9999 -9999 -9999 -9999 -9999 -9999 -9999 -9999 -9999 -9999 -9999 -9999 -9999 -9999 -9999 -9999 -9999 -9999 -9999 -9999 -9999 -9999 -9999 -9999 -9999 -9999 -9999 -9999 54 53 50 45 47 45 44 45 46 46 48 49 -9999 -9999 -9999 -9999 51 50 51 52 53 56 -9999 -9999 -9999 -9999 -9999 59 54 55 50
64 65 -9999 -9999 -9999 -9999 -9999 -9999 -9999 -9999 -9999 -9999 -9999 -9999 -9999 -9999 -9999 -9999 -9999 -9999 -9999 -9999 -9999 -9999 -9999 -9999 70 65 63 62 58 53 51 56 54 -9999 -9999 -9999 -9999 -9999 -9999 -9999 -9999 -9999 -9999 -9999 -9999 -9999 -9999 -9999 -9999 -9999 -9999 -9999 -9999 -9999 -9999 -9999 -9999 -9999 -9999 -9999 -9999 -9999 -9999 -9999 -9999 52 53 51 47 45 46 47 47 51 -9999 -9999 -9999 -9999 -9999 -9999 -9999 53 54 56 57 -9999 -9999 -9999 -9999 -9999 -9999 -9999 62 57
63 64 -9999 -9999 -9999 -9999 -9999 -9999 -9999 -9999 -9999 -9999 -9999 -9999 -9999 -9999 -9999 -9999 -9999 -9999 -9999 -9999 -9999 -9999 -9999 -9999 70 68 64 60 56 53 52 60 68 -9999 -9999 -9999 -9999 -9999 -9999 -9999 -9999 -9999 -9999 -9999 -9999 -9999 -9999 -9999 -9999 -9999 -9999 -9999 -9999 -9999 -9999 -9999 -9999 -9999 -9999 -9999 -9999 -9999 -9999 -9999 -9999 -9999 -9999 -9999 51 48 46 44 49 56 -9999 -9999 -9999 -9999 -9999 -9999 -9999 -9999 58 59 60 -9999 -9999 -9999 -9999 -9999 66 -9999 -9999 69
-9999 -9999 -9999 -9999 -9999 -9999 -9999 -9999 -9999 -9999 -9999 -9999 -9999 -9999 -9999 -9999 -9999 -9999 -9999 -9999 -9999 -9999 -9999 -9999 -9999 -9999 66 66 61 59 56 54 53 61 -9999 -9999 -9999 -9999 -9999 -9999 -9999 -9999 -9999 -9999 -9999 -9999 -9999 -9999 -9999 -9999 -9999 -9999 -9999 -9999 -9999 -9999 -9999 -9999 -9999 -9999 -9999 -9999 -9999 -9999 -9999 -9999 -9999 -9999 -9999 -9999 55 48 47 55 59 62 -9999 -9999 -9999 -9999 -9999 -9999 -9999 -9999 -9999 -9999 61 -9999 -9999 -9999 -9999 -9999 -9999 -9999 69 67
-9999 -9999 -9999 -9999 -9999 -9999 -9999 -9999 -9999 -9999 -9999 -9999 -9999 -9999 -9999 -9999 -9999 -9999 -9999 -9999 -9999 -9999 -9999 -9999 -9999 -9999 66 63 61 58 56 54 56 60 -9999 -9999 -9999 -9999 -9999 -9999 -9999 -9999 -9999 -9999 -9999 -9999 -9999 -9999 -9999 -9999 -9999 -9999 -9999 -9999 -9999 -9999 -9999 -9999 -9999 -9999 -9999 -9999 -9999 -9999 -9999 -9999 -9999 -9999 -9999 -9999 -9999 51 53 58 58 59 66 69 -9999 -9999 -9999 -9999 -9999 -9999 -9999 -9999 -9999 -9999 -9999 -9999 -9999 -9999 -9999 -9999 70 71
-9999 -9999 -9999 -9999 -9999 -9999 -9999 -9999 -9999 -9999 -9999 -9999 -9999 -9999 -9999 -9999 -9999 -9999 -9999 -9999 -9999 -9999 -9999 -9999 -9999 -9999 64 60 59 59 57 53 54 64 -9999 -9999 -9999 -9999 -9999 -9999 -9999 -9999 -9999 -9999 -9999 -9999 -9999 -9999 -9999 -9999 -9999 -9999 -9999 -9999 -9999 -9999 -9999 -9999 -9999 -9999 -9999 -9999 -9999 -9999 -9999 -9999 -9999 -9999 -9999 -9999 -9999 55 52 58 51 50 57 66 69 -9999 -9999 -9999 -9999 -9999 -9999 -9999 -9999 -9999 -9999 -9999 -9999 -9999 -9999 -9999 -9999 71
