resultados/variables_proyeccion_tiempo/variables_futuro_ccsm_A1B/bio17.asc
ncols 330
nrows 228
xllcorner -12.000000
yllcorner 34.000000
cellsize 0.166667
NODATA_value -9999
[rows 42 to 83 of 228, columns 188 to 281 of 330]
110 110 109 108 109 110 111 110 112 110 110 108 108 -9999 -9999 -9999 -9999 -9999 -9999 -9999 -9999 -9999 -9999 -9999 -9999 -9999 -9999 -9999 -9999 -9999 -9999 91 88 86 83 80 79 80 82 84 87 87 89 91 94 95 95 96 97 97 99 102 102 103 105 106 106 106 107 107 108 107 107 107 107 105 102 100 98 98 96 95 96 97 97 96 96 95 94 93 92 91 90 89 86 82 79 76 73 71 69 67 66 66
112 112 112 112 112 112 111 111 112 112 111 111 -9999 -9999 -9999 -9999 -9999 -9999 -9999 -9999 -9999 -9999 -9999 -9999 -9999 -9999 -9999 -9999 -9999 -9999 93 91 90 88 84 82 79 80 82 84 87 88 90 91 93 94 95 96 96 97 99 101 104 103 102 104 105 107 107 107 107 107 107 107 110 108 106 104 103 100 99 99 98 98 98 97 96 95 94 92 93 91 89 87 85 83 82 79 78 74 72 69 66 66
113 115 116 115 114 115 114 113 113 112 113 112 111 109 -9999 -9999 -9999 -9999 -9999 -9999 -9999 -9999 -9999 -9999 -9999 -9999 -9999 -9999 -9999 92 92 92 92 90 86 83 82 82 84 86 88 90 91 93 94 94 95 95 96 97 98 98 101 102 102 104 105 106 107 108 108 107 108 109 110 110 109 107 104 102 102 102 101 101 100 98 96 95 94 94 93 92 89 87 85 84 82 81 79 77 74 72 69 68
117 118 119 118 117 117 115 116 116 114 113 112 111 108 -9999 -9999 -9999 -9999 -9999 -9999 -9999 -9999 -9999 -9999 -9999 -9999 -9999 -9999 94 94 92 92 92 91 89 87 86 85 86 87 90 91 92 94 94 94 95 95 96 96 96 98 100 103 103 105 107 108 108 108 108 108 107 108 110 110 110 108 106 104 103 103 102 101 100 99 98 95 95 94 92 90 89 87 85 84 83 81 80 78 76 76 74 73
119 119 120 122 121 119 119 117 115 112 112 111 -9999 -9999 -9999 -9999 -9999 -9999 -9999 -9999 -9999 -9999 -9999 -9999 -9999 96 96 95 95 94 94 92 92 91 90 89 89 88 88 88 90 92 94 94 96 96 96 96 96 96 98 100 101 104 105 106 108 109 108 110 109 109 109 109 112 112 112 112 110 109 108 107 105 104 102 101 99 98 96 94 92 90 89 87 85 84 83 81 80 79 78 78 78 78
123 122 123 120 120 118 116 115 111 110 -9999 -9999 -9999 -9999 -9999 -9999 -9999 -9999 -9999 -9999 -9999 -9999 -9999 -9999 96 95 94 95 95 95 94 93 92 92 91 91 90 90 90 91 92 94 95 96 98 98 99 99 99 100 102 105 104 105 105 107 108 109 110 110 110 110 110 111 113 114 114 115 112 111 111 110 109 106 104 102 101 99 97 94 92 89 89 87 85 85 84 83 81 80 81 82 83 83
123 122 121 121 119 115 115 112 110 108 -9999 -9999 -9999 -9999 -9999 -9999 -9999 -9999 -9999 -9999 -9999 94 95 95 95 96 96 96 96 96 96 95 93 93 92 92 92 93 93 93 94 96 97 98 99 99 101 102 101 103 104 105 107 110 108 110 110 112 114 114 114 114 115 114 115 117 117 116 115 114 113 112 111 107 105 102 102 99 98 96 92 90 88 87 85 85 84 83 83 82 83 83 86 87
123 121 121 117 116 113 113 110 110 107 -9999 -9999 -9999 -9999 -9999 -9999 -9999 -9999 -9999 93 93 94 95 95 95 95 96 97 98 97 96 96 96 96 95 94 94 96 96 96 98 97 98 99 100 100 102 104 104 106 107 108 109 111 113 110 110 113 114 113 115 115 114 114 116 118 118 119 120 117 114 114 112 109 106 104 105 103 100 96 93 91 89 88 87 86 86 85 84 84 85 85 87 89
119 118 116 113 -9999 -9999 -9999 -9999 107 105 -9999 -9999 -9999 -9999 -9999 -9999 -9999 93 92 92 93 94 96 96 96 96 96 98 99 99 99 99 98 97 97 96 97 99 99 99 101 101 101 101 101 103 103 105 106 108 109 109 111 112 113 113 112 112 112 114 115 113 115 114 114 118 119 119 120 121 117 115 113 110 109 109 106 105 103 100 96 92 92 89 89 88 87 87 87 87 87 87 89 91
116 115 114 -9999 -9999 -9999 -9999 -9999 -9999 -9999 -9999 98 96 -9999 93 91 90 93 93 93 94 95 96 96 96 97 97 98 100 100 100 100 100 99 100 100 99 100 100 102 102 102 103 103 105 106 108 107 109 111 111 111 112 113 113 114 114 116 114 113 114 114 114 115 115 116 118 119 119 119 118 115 114 111 110 111 108 106 104 101 98 95 94 91 89 88 88 88 89 89 90 91 91 93
-9999 -9999 -9999 -9999 -9999 -9999 -9999 -9999 -9999 -9999 100 98 95 92 89 89 91 92 93 95 95 96 96 97 98 98 98 99 100 101 101 102 102 103 101 102 102 102 102 103 105 104 105 106 107 110 110 108 110 113 114 116 114 114 114 114 116 117 118 115 114 113 113 113 116 118 120 121 122 121 121 118 116 114 111 110 107 106 106 104 102 99 96 92 89 89 89 89 91 92 93 94 95 96
-9999 -9999 -9999 -9999 -9999 -9999 -9999 -9999 -9999 -9999 -9999 -9999 92 90 87 88 90 92 94 95 95 96 96 97 98 98 99 100 102 104 103 103 105 104 103 103 103 104 105 105 107 109 108 108 109 110 110 110 111 113 115 116 116 116 116 117 117 118 120 118 117 116 117 114 117 119 121 120 118 119 118 118 116 114 112 110 108 107 106 106 105 101 97 95 92 92 92 92 92 94 95 96 99 99
-9999 -9999 -9999 -9999 -9999 -9999 -9999 -9999 -9999 102 96 96 93 91 88 89 92 94 95 95 97 97 98 98 100 101 102 103 104 105 105 105 105 106 105 105 106 107 107 106 107 110 110 110 110 110 112 113 114 115 116 118 118 119 119 118 117 118 118 117 116 115 116 118 117 117 120 119 119 118 117 116 115 114 113 112 110 108 106 106 105 102 99 96 95 94 94 94 94 94 95 96 98 101
-9999 -9999 -9999 -9999 -9999 -9999 -9999 -9999 -9999 -9999 99 97 95 94 93 95 97 98 98 97 99 99 100 101 101 101 103 105 105 106 106 107 106 107 107 108 107 109 109 109 110 111 111 111 112 112 114 115 117 117 116 119 119 119 120 118 119 118 117 115 116 115 115 117 117 118 119 119 119 117 116 117 115 114 114 114 112 110 109 108 107 106 101 98 97 97 96 94 94 94 96 96 98 101
-9999 -9999 -9999 -9999 -9999 -9999 -9999 -9999 -9999 -9999 98 98 97 96 97 99 102 102 101 101 101 101 102 102 102 102 104 105 105 106 108 109 108 110 109 110 110 111 111 113 113 113 114 113 114 115 115 116 116 117 118 121 121 120 120 120 120 119 119 116 116 115 115 116 118 119 118 120 120 119 117 116 115 115 116 114 113 111 110 109 108 106 103 100 98 97 95 94 94 95 96 97 100 102
-9999 -9999 -9999 -9999 -9999 -9999 -9999 -9999 -9999 -9999 98 99 99 99 101 103 104 104 106 105 103 103 104 103 104 103 104 104 106 107 107 108 108 111 112 112 114 116 116 115 115 115 116 116 117 116 116 117 117 118 119 120 122 121 122 122 121 122 120 118 116 116 115 117 117 118 120 120 121 120 118 117 117 118 117 116 115 113 112 111 109 108 105 102 100 98 96 96 96 98 97 98 102 104
-9999 -9999 -9999 -9999 -9999 -9999 -9999 -9999 -9999 -9999 -9999 100 101 102 104 106 107 108 109 108 108 107 105 105 106 105 103 104 105 106 107 107 108 111 111 112 115 119 119 118 117 117 118 119 119 118 117 117 118 119 120 120 121 120 120 121 122 122 120 119 117 117 117 117 118 118 119 120 121 120 119 119 119 119 118 117 115 114 113 112 111 110 110 107 104 102 98 98 96 97 99 100 102 105
-9999 -9999 -9999 -9999 -9999 -9999 -9999 -9999 -9999 -9999 -9999 101 103 105 107 108 109 110 111 110 109 109 108 108 108 107 105 105 105 106 106 106 108 110 111 115 118 119 121 120 120 121 120 120 120 118 116 118 118 121 121 121 121 122 120 120 121 121 121 120 119 119 118 117 117 119 119 120 120 118 118 119 119 119 118 118 117 117 116 115 114 112 111 110 107 105 102 99 97 97 98 101 103 106
-9999 -9999 -9999 -9999 -9999 -9999 -9999 -9999 -9999 -9999 -9999 -9999 104 106 108 109 110 111 112 112 112 110 108 108 107 106 106 105 106 107 108 108 109 112 113 115 117 118 120 122 122 120 119 119 119 119 119 120 121 121 121 120 122 123 123 123 122 121 121 120 119 119 118 117 118 118 118 117 117 116 115 115 116 116 117 117 117 117 117 115 116 115 113 111 108 107 106 103 100 99 103 104 105 107
-9999 -9999 -9999 -9999 -9999 -9999 -9999 -9999 -9999 -9999 -9999 -9999 -9999 108 109 111 112 112 113 113 113 111 108 106 106 106 104 106 108 109 108 110 112 114 115 116 117 118 121 122 121 120 120 120 119 120 120 120 120 120 121 122 121 122 122 122 122 122 122 120 120 120 120 118 117 118 116 114 114 113 113 114 114 116 116 117 116 116 117 118 117 116 114 112 110 109 109 109 107 105 104 105 107 109
-9999 -9999 -9999 -9999 -9999 -9999 -9999 -9999 -9999 -9999 -9999 -9999 -9999 110 111 113 114 114 114 115 113 111 109 106 107 104 103 104 106 107 108 110 113 115 117 117 117 119 121 121 121 121 121 120 120 120 119 119 119 120 120 120 121 120 121 122 123 123 122 123 121 120 120 119 117 116 114 112 110 110 111 112 113 115 116 117 116 116 118 118 119 120 119 118 116 113 116 116 112 111 112 110 109 110
-9999 -9999 -9999 -9999 -9999 -9999 -9999 -9999 -9999 -9999 -9999 -9999 107 111 113 114 116 117 117 116 114 112 109 107 105 103 103 105 105 107 109 112 113 115 117 118 117 120 120 121 122 122 121 121 120 120 119 119 120 120 120 119 119 120 122 123 125 125 126 126 123 122 120 119 117 114 113 112 112 112 111 111 113 113 114 115 116 117 118 119 121 122 120 120 118 116 117 118 116 114 114 111 111 113
-9999 -9999 -9999 -9999 -9999 -9999 -9999 -9999 -9999 -9999 -9999 -9999 107 111 114 116 118 118 118 117 114 112 110 107 105 103 103 104 104 107 110 112 114 116 118 120 119 119 120 121 120 120 120 118 118 119 118 119 119 120 120 119 119 120 121 124 126 126 127 126 124 121 120 117 115 114 113 112 112 112 111 112 113 113 113 113 115 116 117 119 120 122 122 121 121 119 117 116 117 116 115 113 113 114
-9999 -9999 -9999 -9999 -9999 -9999 -9999 -9999 -9999 -9999 -9999 -9999 109 112 115 118 120 120 120 120 116 112 110 107 105 103 103 104 106 107 110 113 115 117 119 120 120 120 121 122 121 121 119 118 117 117 118 118 119 120 119 119 119 120 122 125 126 126 127 127 125 122 120 118 116 116 114 112 112 112 112 112 112 112 114 114 115 116 117 120 121 123 123 122 122 121 119 118 117 116 117 117 115 116
-9999 -9999 -9999 -9999 -9999 -9999 -9999 -9999 -9999 -9999 -9999 106 109 112 115 119 120 121 121 120 117 114 110 107 104 103 104 106 108 110 112 113 115 117 118 120 121 120 120 121 121 121 120 117 116 116 116 116 117 118 119 119 120 120 123 126 128 128 128 126 124 122 120 119 119 118 115 114 112 112 113 112 112 113 114 114 115 116 118 121 122 124 124 123 123 122 120 119 117 118 119 119 120 120
-9999 -9999 -9999 -9999 -9999 -9999 -9999 -9999 -9999 -9999 102 106 109 112 115 119 121 123 123 121 117 115 110 107 103 103 104 107 109 111 113 116 117 120 120 120 120 120 119 120 118 118 117 114 113 114 114 114 115 116 117 118 119 121 124 126 129 129 129 127 125 123 121 121 119 118 117 114 113 112 113 112 112 113 114 114 115 117 119 120 122 123 125 124 123 122 121 122 122 122 123 124 124 124
-9999 -9999 -9999 -9999 -9999 -9999 -9999 -9999 -9999 -9999 103 106 108 112 115 119 122 124 123 120 117 115 112 109 106 105 106 108 111 112 116 118 119 121 122 122 121 120 119 118 117 114 112 111 111 111 111 111 113 114 114 116 118 119 122 125 128 130 129 126 125 123 122 123 122 121 119 115 114 113 112 112 112 113 113 114 116 116 118 119 121 122 123 123 123 123 125 125 124 125 125 126 126 125
-9999 91 89 91 93 -9999 94 -9999 99 99 102 -9999 106 111 114 117 120 122 121 118 116 115 112 110 108 108 110 110 111 113 115 118 120 121 122 122 121 121 119 116 113 111 110 110 110 108 108 -9999 110 112 -9999 -9999 -9999 -9999 122 125 127 128 128 127 125 123 124 125 124 124 120 118 115 113 112 112 113 114 115 115 115 116 117 119 122 123 123 123 124 125 125 125 125 125 126 128 129 129
-9999 90 90 90 92 92 94 -9999 97 99 -9999 104 106 110 112 114 118 120 118 115 114 113 112 111 109 109 110 111 112 114 116 117 118 120 120 120 121 119 118 116 112 -9999 -9999 -9999 -9999 -9999 -9999 -9999 -9999 -9999 -9999 -9999 -9999 -9999 -9999 123 124 126 126 126 124 123 123 123 123 121 120 119 116 114 112 112 113 114 114 114 113 114 116 120 122 124 125 124 124 126 127 128 128 128 130 132 133 134
-9999 -9999 89 89 89 91 92 94 96 -9999 -9999 -9999 -9999 109 113 113 -9999 118 115 114 113 112 110 110 109 108 108 109 110 111 112 114 116 -9999 119 -9999 -9999 -9999 -9999 -9999 -9999 -9999 -9999 -9999 -9999 109 -9999 -9999 -9999 -9999 110 111 -9999 -9999 118 -9999 -9999 -9999 -9999 -9999 -9999 -9999 120 119 118 118 118 117 116 114 113 113 113 114 114 114 114 114 116 119 122 124 124 124 124 126 128 128 130 131 130 132 134 135
-9999 -9999 -9999 -9999 -9999 -9999 -9999 -9999 -9999 98 -9999 -9999 -9999 -9999 -9999 -9999 -9999 -9999 111 113 -9999 111 109 107 106 106 106 108 -9999 -9999 -9999 -9999 -9999 -9999 -9999 -9999 -9999 -9999 -9999 -9999 -9999 -9999 -9999 -9999 -9999 -9999 -9999 107 -9999 -9999 -9999 -9999 -9999 -9999 -9999 -9999 -9999 -9999 123 124 124 123 122 120 118 116 116 115 114 113 113 112 113 114 115 115 115 115 117 119 121 123 123 123 125 125 126 128 129 130 132 133 135 134
-9999 -9999 -9999 -9999 -9999 -9999 -9999 -9999 -9999 -9999 -9999 -9999 -9999 -9999 -9999 -9999 -9999 -9999 110 -9999 -9999 -9999 -9999 -9999 -9999 -9999 -9999 -9999 -9999 -9999 -9999 -9999 -9999 -9999 -9999 -9999 -9999 -9999 -9999 -9999 -9999 -9999 -9999 -9999 -9999 -9999 -9999 -9999 -9999 -9999 -9999 -9999 113 114 120 120 121 123 126 126 126 125 123 121 120 117 115 114 113 113 113 114 115 115 115 115 115 116 117 120 122 123 124 124 125 126 127 128 130 133 134 135 135 134
-9999 -9999 -9999 -9999 -9999 -9999 -9999 -9999 -9999 -9999 -9999 -9999 -9999 -9999 -9999 -9999 -9999 -9999 -9999 -9999 -9999 -9999 -9999 -9999 -9999 -9999 -9999 -9999 -9999 -9999 -9999 108 110 113 -9999 112 112 111 109 110 109 108 109 108 106 -9999 -9999 -9999 -9999 -9999 -9999 -9999 110 113 116 118 122 124 127 128 128 126 125 123 121 117 116 115 114 112 113 114 114 114 113 114 116 116 118 120 122 123 125 126 126 127 128 129 131 133 135 136 136 133
-9999 -9999 -9999 -9999 -9999 -9999 -9999 -9999 -9999 -9999 -9999 -9999 -9999 -9999 -9999 -9999 -9999 -9999 -9999 -9999 -9999 -9999 -9999 -9999 -9999 -9999 -9999 107 108 109 109 109 112 115 116 116 115 114 113 113 113 112 110 109 108 107 106 106 106 107 106 107 109 112 115 117 121 124 125 126 126 125 124 123 121 118 115 115 114 113 113 111 111 111 112 114 115 118 119 121 123 124 126 127 127 128 129 132 134 135 136 136 134 132
-9999 -9999 -9999 -9999 -9999 -9999 -9999 -9999 -9999 -9999 -9999 -9999 -9999 -9999 -9999 -9999 -9999 -9999 -9999 -9999 -9999 -9999 -9999 -9999 -9999 105 108 109 111 112 113 114 118 120 120 119 117 116 116 115 115 114 113 111 109 108 107 107 107 106 106 106 109 112 115 117 119 121 122 123 123 123 123 122 120 117 115 114 113 112 111 109 109 110 110 112 114 118 120 123 124 126 127 128 129 132 132 132 133 133 133 132 131 130
-9999 -9999 -9999 -9999 -9999 -9999 -9999 -9999 -9999 -9999 -9999 -9999 -9999 -9999 -9999 -9999 -9999 -9999 -9999 104 104 -9999 103 102 103 105 108 111 114 116 119 124 127 125 123 120 118 116 116 115 115 114 113 111 108 107 106 106 106 105 106 107 110 113 115 118 120 120 121 122 122 122 121 120 119 116 115 113 112 110 108 107 107 107 109 111 115 117 121 124 126 127 129 131 131 134 135 133 133 132 131 130 129 127
-9999 -9999 -9999 -9999 -9999 -9999 -9999 -9999 -9999 -9999 -9999 -9999 -9999 -9999 -9999 -9999 102 103 102 103 102 101 101 100 102 105 109 112 115 118 122 127 130 127 123 120 116 114 114 113 112 111 110 109 107 106 105 104 104 105 105 108 111 113 117 118 119 120 120 121 122 121 120 119 117 116 114 111 110 107 106 105 105 106 107 110 113 116 121 124 125 127 129 131 132 134 133 132 132 130 129 128 126 124
-9999 -9999 -9999 -9999 -9999 -9999 -9999 -9999 -9999 -9999 -9999 -9999 -9999 -9999 -9999 -9999 -9999 -9999 102 102 101 101 -9999 -9999 -9999 105 108 111 114 118 123 127 129 126 122 118 114 112 111 111 112 111 109 108 106 105 104 104 104 104 106 108 110 114 116 117 119 119 119 119 120 121 120 118 116 114 113 110 107 105 104 102 102 104 106 108 112 115 119 123 126 129 129 128 127 130 132 131 128 128 126 125 124 122
-9999 -9999 -9999 -9999 -9999 -9999 -9999 -9999 -9999 -9999 -9999 -9999 -9999 -9999 -9999 -9999 -9999 101 102 103 101 101 98 96 96 105 109 112 115 119 123 127 126 123 120 115 112 110 109 109 110 110 108 105 104 104 104 103 104 104 106 108 111 113 115 117 118 119 118 118 119 120 120 116 115 112 111 108 105 104 101 99 99 101 104 107 110 112 117 122 129 132 132 130 127 128 128 128 126 125 124 122 121 121
-9999 -9999 -9999 -9999 -9999 -9999 -9999 -9999 -9999 -9999 -9999 -9999 -9999 -9999 -9999 100 101 102 103 102 102 101 99 97 -9999 -9999 108 112 115 117 122 125 123 121 117 114 111 108 108 109 110 110 105 102 101 101 102 102 103 105 106 108 110 113 116 118 120 120 120 118 118 118 117 116 113 111 109 106 104 101 98 97 97 98 102 105 108 111 114 120 125 130 130 129 127 126 124 123 123 123 121 119 119 119
-9999 -9999 -9999 -9999 -9999 -9999 -9999 -9999 -9999 -9999 -9999 -9999 -9999 -9999 -9999 102 102 102 102 102 102 100 -9999 -9999 -9999 -9999 -9999 -9999 113 116 117 120 120 119 116 114 111 109 109 109 110 109 105 103 101 102 102 103 104 105 105 109 110 115 118 121 122 121 120 118 117 117 116 114 112 110 107 105 103 99 98 96 96 97 100 104 107 110 112 118 123 127 128 129 128 128 125 124 122 120 118 116 116 116
-9999 -9999 -9999 -9999 -9999 -9999 -9999 -9999 -9999 -9999 -9999 -9999 -9999 -9999 -9999 -9999 104 103 -9999 103 -9999 -9999 -9999 -9999 -9999 -9999 -9999 109 -9999 -9999 112 115 117 117 116 114 112 111 111 110 110 110 108 108 106 105 104 105 105 105 107 109 110 114 117 119 121 120 119 117 117 116 115 112 111 108 107 105 104 100 98 96 96 97 98 102 105 107 110 114 119 123 126 128 128 127 126 124 121 119 117 115 115 114
