resultados/variables_proyeccion_tiempo/variables_futuro_ccsm_A1B/bio16.asc
ncols 330
nrows 228
xllcorner -12.000000
yllcorner 34.000000
cellsize 0.166667
NODATA_value -9999
[rows 0 to 39 of 228, columns 184 to 275 of 330]
-9999 -9999 -9999 -9999 -9999 -9999 -9999 -9999 -9999 -9999 -9999 -9999 -9999 -9999 -9999 -9999 -9999 -9999 -9999 -9999 -9999 -9999 -9999 -9999 -9999 -9999 -9999 -9999 -9999 -9999 -9999 -9999 -9999 -9999 -9999 -9999 -9999 -9999 -9999 -9999 -9999 -9999 -9999 -9999 -9999 -9999 -9999 -9999 -9999 -9999 -9999 -9999 -9999 -9999 -9999 -9999 -9999 -9999 -9999 -9999 -9999 -9999 -9999 -9999 -9999 -9999 -9999 -9999 -9999 -9999 -9999 -9999 -9999 -9999 -9999 -9999 -9999 -9999 -9999 -9999 -9999 -9999 -9999 -9999 -9999 -9999 -9999 -9999 -9999 -9999 -9999 -9999
-9999 -9999 -9999 -9999 -9999 -9999 -9999 -9999 -9999 -9999 -9999 -9999 -9999 -9999 -9999 -9999 -9999 -9999 -9999 -9999 -9999 -9999 -9999 -9999 -9999 -9999 -9999 -9999 -9999 -9999 -9999 -9999 -9999 -9999 -9999 -9999 -9999 -9999 -9999 -9999 -9999 -9999 -9999 -9999 -9999 -9999 -9999 -9999 -9999 -9999 -9999 -9999 -9999 -9999 -9999 -9999 -9999 -9999 -9999 -9999 -9999 -9999 -9999 -9999 -9999 -9999 -9999 -9999 -9999 -9999 -9999 -9999 -9999 -9999 -9999 -9999 -9999 -9999 -9999 -9999 -9999 -9999 -9999 -9999 -9999 -9999 -9999 -9999 -9999 -9999 -9999 -9999
-9999 -9999 -9999 -9999 -9999 -9999 -9999 -9999 -9999 -9999 -9999 -9999 -9999 -9999 -9999 -9999 -9999 -9999 -9999 -9999 -9999 -9999 -9999 -9999 -9999 -9999 -9999 -9999 -9999 -9999 -9999 -9999 -9999 -9999 -9999 -9999 -9999 -9999 -9999 -9999 -9999 -9999 -9999 -9999 -9999 -9999 -9999 -9999 -9999 -9999 -9999 -9999 -9999 -9999 -9999 -9999 -9999 -9999 -9999 -9999 -9999 -9999 -9999 -9999 -9999 -9999 -9999 -9999 -9999 -9999 -9999 -9999 -9999 -9999 -9999 -9999 -9999 -9999 -9999 -9999 -9999 -9999 -9999 -9999 -9999 -9999 -9999 -9999 -9999 -9999 -9999 -9999
-9999 -9999 -9999 -9999 -9999 -9999 -9999 -9999 -9999 -9999 -9999 -9999 -9999 -9999 -9999 -9999 -9999 -9999 -9999 -9999 -9999 -9999 -9999 -9999 -9999 -9999 -9999 -9999 -9999 -9999 -9999 -9999 -9999 -9999 -9999 -9999 -9999 -9999 -9999 -9999 -9999 -9999 -9999 -9999 -9999 -9999 -9999 -9999 -9999 -9999 -9999 -9999 -9999 -9999 -9999 -9999 -9999 -9999 -9999 -9999 -9999 -9999 -9999 -9999 -9999 -9999 -9999 -9999 -9999 -9999 -9999 -9999 -9999 -9999 -9999 -9999 -9999 -9999 -9999 -9999 -9999 -9999 -9999 -9999 -9999 -9999 -9999 -9999 -9999 -9999 -9999 -9999
-9999 -9999 -9999 -9999 -9999 -9999 -9999 -9999 -9999 -9999 -9999 -9999 -9999 -9999 -9999 -9999 -9999 -9999 -9999 -9999 -9999 -9999 -9999 -9999 -9999 -9999 -9999 -9999 -9999 -9999 -9999 -9999 -9999 -9999 -9999 -9999 -9999 -9999 -9999 -9999 -9999 -9999 -9999 -9999 -9999 -9999 -9999 -9999 -9999 -9999 -9999 -9999 -9999 -9999 -9999 -9999 -9999 -9999 -9999 -9999 -9999 -9999 -9999 -9999 -9999 -9999 -9999 -9999 -9999 -9999 -9999 -9999 -9999 -9999 -9999 -9999 -9999 -9999 -9999 -9999 -9999 -9999 -9999 -9999 -9999 -9999 -9999 -9999 -9999 -9999 -9999 -9999
-9999 -9999 -9999 -9999 -9999 -9999 -9999 -9999 -9999 -9999 -9999 -9999 -9999 -9999 -9999 -9999 -9999 -9999 -9999 -9999 -9999 -9999 -9999 -9999 -9999 -9999 -9999 -9999 -9999 -9999 -9999 271 268 -9999 -9999 227 218 208 202 194 187 184 182 183 181 178 -9999 -9999 -9999 -9999 -9999 184 178 185 182 183 184 180 -9999 -9999 -9999 -9999 -9999 -9999 -9999 -9999 -9999 -9999 -9999 -9999 -9999 -9999 -9999 -9999 -9999 -9999 -9999 -9999 -9999 -9999 -9999 -9999 -9999 -9999 -9999 -9999 -9999 -9999 -9999 -9999 -9999 -9999
-9999 -9999 -9999 -9999 -9999 -9999 -9999 -9999 -9999 -9999 -9999 -9999 -9999 -9999 -9999 -9999 -9999 -9999 -9999 -9999 -9999 -9999 -9999 -9999 -9999 -9999 231 251 -9999 -9999 -9999 266 260 241 239 228 223 214 207 196 189 189 178 180 172 -9999 190 185 178 -9999 183 178 182 187 189 189 192 192 190 182 190 190 189 -9999 -9999 -9999 -9999 -9999 -9999 -9999 -9999 -9999 -9999 -9999 -9999 -9999 -9999 -9999 -9999 -9999 -9999 -9999 -9999 -9999 -9999 -9999 -9999 -9999 -9999 -9999 -9999 -9999
-9999 -9999 -9999 -9999 -9999 -9999 -9999 -9999 -9999 -9999 -9999 -9999 -9999 -9999 -9999 -9999 -9999 -9999 -9999 -9999 -9999 -9999 207 209 217 218 234 243 248 249 248 244 242 235 233 221 219 215 208 199 189 185 182 176 186 192 191 189 179 -9999 184 187 190 192 193 191 187 195 -9999 194 195 200 199 195 197 207 207 206 202 -9999 -9999 -9999 -9999 -9999 -9999 -9999 -9999 -9999 -9999 -9999 -9999 -9999 -9999 -9999 -9999 -9999 -9999 -9999 -9999 -9999 -9999 -9999
-9999 -9999 -9999 -9999 -9999 -9999 -9999 -9999 -9999 -9999 -9999 -9999 -9999 -9999 -9999 -9999 -9999 -9999 -9999 204 203 206 210 209 214 222 232 227 235 237 241 237 231 225 223 212 207 201 197 195 183 -9999 180 182 190 188 194 182 -9999 -9999 186 189 190 195 195 199 201 195 198 202 203 204 196 202 205 206 207 209 206 202 195 188 -9999 -9999 -9999 -9999 -9999 -9999 -9999 -9999 -9999 -9999 -9999 -9999 -9999 -9999 -9999 -9999 -9999 -9999 -9999 -9999
-9999 -9999 -9999 -9999 -9999 -9999 -9999 -9999 -9999 -9999 -9999 -9999 -9999 -9999 -9999 -9999 200 -9999 204 -9999 202 -9999 209 208 213 225 228 230 231 228 225 224 220 212 205 201 196 193 188 180 181 184 185 188 193 195 187 180 184 185 190 194 196 195 190 186 184 188 192 195 200 202 202 201 206 213 209 209 207 205 199 191 185 182 179 -9999 -9999 -9999 -9999 -9999 -9999 -9999 -9999 -9999 -9999 -9999 -9999 -9999 -9999 -9999 -9999 -9999
-9999 324 312 306 -9999 272 263 247 -9999 223 221 222 226 -9999 -9999 201 202 201 202 212 211 208 211 211 214 214 222 224 211 217 216 212 205 201 199 199 195 188 181 180 194 193 201 197 196 192 194 193 190 190 192 194 194 191 188 186 185 189 190 194 199 199 196 198 205 208 211 210 201 197 193 190 184 182 183 -9999 -9999 -9999 -9999 -9999 -9999 -9999 -9999 -9999 -9999 -9999 -9999 -9999 -9999 -9999 -9999 -9999
336 335 324 314 296 283 261 248 234 -9999 225 223 220 209 -9999 188 192 198 207 201 205 202 204 206 209 203 197 202 206 205 206 208 200 197 203 204 197 189 181 196 208 207 204 211 206 214 208 201 196 195 193 190 185 186 184 186 184 188 188 189 189 190 192 192 192 198 198 194 192 193 187 -9999 -9999 -9999 -9999 -9999 -9999 -9999 -9999 -9999 -9999 -9999 -9999 -9999 -9999 -9999 -9999 -9999 -9999 -9999 -9999 -9999
340 338 328 314 299 281 265 253 233 231 221 216 212 204 194 192 198 192 186 191 194 200 206 212 205 202 192 189 189 196 200 203 201 200 210 214 214 192 187 197 205 201 208 213 208 202 191 195 190 186 188 189 189 191 190 185 186 193 197 197 197 198 200 197 196 195 192 191 194 194 -9999 -9999 -9999 -9999 -9999 -9999 -9999 -9999 -9999 177 180 178 178 -9999 -9999 -9999 -9999 -9999 -9999 -9999 -9999 -9999
336 341 326 311 292 274 264 246 238 229 -9999 218 203 206 191 194 215 207 197 196 189 193 201 207 204 202 200 195 197 200 198 202 201 198 202 206 203 194 191 190 192 195 196 193 194 193 197 194 190 185 186 190 189 191 193 191 191 191 194 196 192 190 191 190 191 191 192 190 189 193 189 190 190 185 190 186 183 -9999 183 184 183 182 180 180 180 176 170 -9999 -9999 -9999 -9999 -9999
322 316 303 294 275 265 252 243 230 215 209 201 210 220 212 191 202 221 211 222 218 210 202 204 206 209 208 201 198 199 198 201 197 197 197 200 201 198 193 193 194 194 192 192 196 198 200 193 191 189 186 185 188 191 190 190 189 189 188 188 189 189 189 189 192 196 195 191 189 188 191 193 194 188 185 183 188 188 185 183 181 184 180 183 184 181 176 -9999 -9999 -9999 -9999 -9999
295 292 284 274 258 249 241 236 223 201 225 217 232 213 217 209 205 202 202 208 210 211 203 199 204 209 201 200 198 194 197 198 197 195 196 195 196 193 191 191 194 193 190 193 194 194 194 191 190 190 187 186 187 187 186 187 188 187 187 188 189 192 193 194 193 190 190 189 188 194 201 198 194 188 185 190 190 187 187 188 186 184 183 185 184 181 181 181 174 -9999 -9999 -9999
274 267 262 255 244 237 232 220 224 228 213 209 218 226 224 224 219 213 210 201 200 202 200 197 195 202 200 199 197 192 192 194 198 197 195 196 192 193 195 196 195 192 191 196 198 196 193 192 189 186 184 184 184 185 184 184 184 186 187 188 191 190 189 187 191 192 199 196 196 198 200 196 196 195 192 194 196 193 190 189 186 188 188 187 183 184 183 180 176 176 175 178
251 248 242 238 233 228 231 234 228 219 214 213 194 208 215 216 209 204 204 202 200 198 199 199 196 194 193 194 195 195 194 197 196 195 195 195 195 198 196 194 193 191 190 194 197 196 196 192 190 187 183 183 182 182 182 182 183 185 186 188 190 189 188 189 193 196 198 197 197 197 197 197 199 199 201 198 195 192 191 192 191 190 189 192 193 189 185 184 180 179 180 181
246 236 236 235 231 213 218 225 226 218 212 207 201 192 201 206 209 209 206 200 197 196 198 198 196 193 191 194 196 199 199 198 197 197 198 198 198 196 197 195 194 192 190 191 191 188 186 185 184 185 184 183 181 181 182 183 184 186 188 190 191 190 192 193 195 197 197 197 199 198 197 198 198 200 196 197 196 197 197 193 196 196 195 192 192 192 187 190 191 188 186 187
234 235 240 239 234 225 213 222 222 224 213 211 209 210 206 200 198 204 207 204 203 196 198 200 200 196 194 192 194 196 198 199 201 202 203 202 201 199 197 196 195 195 200 195 192 189 188 192 192 191 188 186 184 182 184 186 188 192 195 194 197 195 195 196 196 197 197 198 198 196 195 195 193 194 195 193 194 196 193 191 193 192 195 195 194 195 192 195 195 193 192 193
242 234 223 222 225 223 214 213 219 216 213 208 206 204 204 206 207 203 198 196 197 192 193 196 197 194 194 192 192 194 200 198 197 199 199 200 201 200 197 196 197 196 197 199 197 195 195 195 195 193 190 186 186 186 190 190 192 194 197 192 194 194 194 195 195 195 197 197 198 200 197 195 195 194 192 193 193 192 192 193 194 200 203 204 204 202 197 196 198 200 195 195
195 200 206 218 226 215 204 208 211 212 214 213 209 204 202 204 202 200 200 196 191 190 191 191 190 191 190 188 190 191 192 192 193 193 195 197 198 198 198 198 196 197 196 194 193 193 193 192 194 193 194 193 195 195 193 192 193 193 196 199 198 201 201 201 201 199 202 210 205 206 199 199 202 200 199 198 194 193 197 200 200 201 209 206 205 203 206 199 199 202 204 205
239 236 226 216 207 199 199 197 199 206 212 211 210 209 206 203 198 197 198 195 195 196 197 195 192 189 188 188 190 192 200 195 192 194 196 196 196 196 198 197 197 197 196 195 194 194 194 193 194 194 194 194 195 198 196 200 205 205 209 208 204 208 204 202 203 202 205 201 199 200 198 197 201 214 209 207 207 202 204 207 208 207 211 206 210 209 205 204 205 206 208 207
255 252 226 221 221 216 204 205 207 206 206 208 206 206 204 205 199 195 193 194 195 194 195 196 194 191 189 188 188 189 191 194 197 191 191 191 191 192 193 192 194 195 196 194 194 193 193 192 193 193 194 194 195 195 195 197 198 200 202 203 204 203 205 204 203 202 201 202 201 198 197 198 200 202 203 211 213 217 211 212 210 210 220 210 206 208 209 208 208 209 208 207
237 217 221 214 213 213 210 211 212 213 209 208 204 202 199 196 197 196 195 193 190 191 194 195 194 193 192 189 188 188 191 192 193 195 193 190 189 189 190 191 192 193 198 198 197 197 196 194 192 194 196 195 195 195 196 198 200 201 203 203 201 202 204 206 207 205 205 204 200 200 203 205 205 207 212 208 208 209 213 216 216 211 231 222 213 209 209 209 214 214 215 212
236 236 224 216 212 215 215 213 215 218 219 214 207 200 199 193 191 190 190 190 191 190 191 191 191 192 190 189 188 189 190 193 193 194 193 191 190 190 191 191 192 194 195 196 196 196 195 192 193 194 194 196 196 196 198 200 203 201 202 202 200 202 204 205 209 212 211 209 203 202 201 204 208 206 205 206 206 209 208 207 205 207 226 216 211 208 210 223 239 238 238 220
225 217 219 218 213 211 216 215 218 218 217 217 210 204 202 201 196 193 192 190 189 188 189 188 189 190 192 190 188 189 192 190 191 194 191 192 191 189 189 191 192 192 194 194 194 194 193 193 193 194 193 195 195 196 200 200 202 202 201 200 201 203 204 206 209 213 213 212 212 212 210 209 208 207 206 206 206 203 203 203 203 204 206 205 207 210 212 215 218 222 225 222
220 217 214 212 212 216 215 219 220 223 222 217 211 207 202 199 197 195 195 192 189 186 186 185 186 187 187 186 186 187 188 189 190 190 192 192 190 190 191 192 192 192 194 195 194 196 195 193 193 193 196 196 196 196 198 200 199 199 202 204 208 207 208 209 210 214 213 211 212 215 216 209 207 212 214 219 216 210 209 205 204 204 204 205 210 213 212 214 214 210 205 201
246 227 215 216 213 215 213 212 215 214 215 213 211 209 206 201 196 194 197 194 189 186 185 184 184 185 186 187 187 186 187 189 189 191 193 191 190 190 192 191 192 193 193 194 197 199 197 196 195 194 197 194 193 194 198 198 198 199 201 203 205 207 208 206 210 211 211 210 212 213 218 218 216 217 219 221 216 214 209 208 207 202 203 209 213 216 220 215 209 206 202 199
235 234 224 217 213 211 209 211 215 213 212 212 205 202 199 196 194 192 190 189 191 186 185 183 185 187 188 188 187 187 186 186 189 189 190 190 190 190 189 191 194 193 194 195 198 197 196 197 199 200 199 196 196 196 197 199 202 206 204 202 203 204 206 209 210 214 212 211 214 212 212 213 213 214 212 218 220 215 209 202 199 198 199 207 209 216 212 211 205 202 201 195
223 219 216 213 215 215 209 215 210 210 210 207 206 205 202 197 192 188 187 184 186 187 186 184 182 183 184 188 186 184 182 182 187 190 188 190 191 189 191 191 191 193 195 198 197 196 197 199 199 198 199 198 196 197 199 200 202 202 203 202 204 206 210 210 212 212 216 217 214 207 205 207 206 205 210 206 208 204 203 201 199 203 200 200 -9999 209 215 210 204 201 198 195
226 219 215 210 209 211 210 206 204 205 207 208 205 202 200 201 197 193 188 185 182 182 186 184 182 183 184 185 188 186 184 182 188 188 187 189 188 190 193 191 190 191 194 197 196 195 198 198 198 201 201 199 198 198 200 201 201 205 208 209 210 212 213 216 217 218 217 215 211 207 204 203 204 204 206 210 203 202 200 199 199 199 202 202 200 202 -9999 201 201 198 196 193
235 224 221 215 212 210 209 207 206 206 200 204 204 201 199 200 199 197 193 188 185 182 182 184 182 183 185 184 186 186 185 185 188 188 186 187 188 190 191 191 192 192 193 194 194 195 197 196 198 199 199 200 200 202 202 201 204 207 210 210 211 212 211 213 215 217 216 216 216 214 209 205 204 203 204 205 207 205 203 202 201 201 203 204 202 202 202 200 199 197 -9999 -9999
237 233 228 224 223 217 215 215 209 204 200 195 197 197 197 196 195 194 189 192 192 185 182 180 181 181 184 186 187 186 188 190 190 190 189 191 191 191 190 190 190 193 196 194 193 195 196 197 198 199 202 201 204 209 209 208 208 209 210 213 213 212 212 212 214 215 214 217 219 217 211 207 204 203 208 207 207 208 205 205 205 204 204 204 203 203 201 200 199 196 -9999 -9999
230 231 230 230 226 223 219 216 212 206 202 200 194 192 193 194 190 189 184 187 189 189 186 185 184 184 186 188 189 189 190 191 193 193 193 191 190 189 190 189 190 193 194 195 197 200 200 201 202 200 202 203 206 210 211 210 210 211 213 214 212 212 214 216 214 214 215 217 218 218 214 210 206 207 206 208 210 208 206 207 208 209 208 206 204 202 201 200 197 195 194 190
224 224 221 220 218 215 212 208 208 207 206 202 196 192 192 192 190 187 184 185 185 186 185 184 184 186 188 189 189 190 191 192 194 195 193 191 189 189 188 188 190 193 195 196 198 199 200 201 203 204 204 204 208 210 212 214 211 214 213 213 215 217 217 219 218 216 218 219 218 220 218 212 207 206 206 208 210 210 210 210 211 210 208 207 205 204 203 200 198 196 194 191
223 222 217 216 211 213 209 206 201 200 200 201 200 195 194 187 186 186 183 184 182 182 182 183 185 186 188 189 190 191 192 194 196 195 193 191 190 189 190 191 190 192 194 195 197 198 200 200 202 205 204 205 207 209 213 214 213 213 213 217 217 219 219 217 218 217 218 218 219 220 218 219 215 211 209 209 209 210 210 210 211 210 209 208 206 204 203 201 198 197 194 191
224 219 220 218 214 210 210 207 206 204 201 194 196 192 193 190 190 186 183 182 182 184 182 184 185 187 189 190 190 190 192 193 197 196 193 190 189 188 188 188 190 190 192 195 197 199 202 202 204 206 204 206 208 214 214 216 216 216 215 216 217 218 218 218 218 218 219 220 219 218 217 216 216 214 212 210 210 209 209 209 209 210 210 208 207 205 203 202 199 197 195 191
223 220 218 212 212 212 209 210 212 208 205 201 198 195 192 190 191 186 184 184 184 186 186 186 187 189 -9999 -9999 -9999 -9999 -9999 -9999 -9999 -9999 -9999 -9999 188 186 186 187 188 190 193 195 196 198 200 202 204 205 205 206 210 212 214 214 216 215 216 217 218 218 218 218 219 218 218 218 218 217 215 215 217 217 216 215 214 213 212 211 210 210 210 210 208 206 203 202 199 197 194 190
220 219 217 214 212 210 210 209 209 208 208 206 202 198 193 189 188 186 186 185 -9999 186 188 188 189 -9999 -9999 -9999 -9999 -9999 -9999 -9999 -9999 -9999 -9999 -9999 -9999 -9999 -9999 184 187 189 191 193 196 198 200 202 204 206 207 209 210 211 213 214 216 217 218 219 220 220 220 219 218 217 218 218 218 217 216 215 216 217 217 217 217 216 215 215 214 212 212 210 209 207 205 203 201 198 195 191
