resultados/variables_proyeccion_tiempo/variables_futuro_ccsm_A1B/bio2.asc
ncols 330
nrows 228
xllcorner -12.000000
yllcorner 34.000000
cellsize 0.166667
NODATA_value -9999
[rows 0 to 48 of 228, columns 192 to 287 of 330]
-9999 -9999 -9999 -9999 -9999 -9999 -9999 -9999 -9999 -9999 -9999 -9999 -9999 -9999 -9999 -9999 -9999 -9999 -9999 -9999 -9999 -9999 -9999 -9999 -9999 -9999 -9999 -9999 -9999 -9999 -9999 -9999 -9999 -9999 -9999 -9999 -9999 -9999 -9999 -9999 -9999 -9999 -9999 -9999 -9999 -9999 -9999 -9999 -9999 -9999 -9999 -9999 -9999 -9999 -9999 -9999 -9999 -9999 -9999 -9999 -9999 -9999 -9999 -9999 -9999 -9999 -9999 -9999 -9999 -9999 -9999 -9999 -9999 -9999 -9999 -9999 -9999 -9999 -9999 -9999 -9999 -9999 -9999 -9999 -9999 -9999 -9999 -9999 -9999 -9999 -9999 -9999 -9999 -9999 -9999 -9999
-9999 -9999 -9999 -9999 -9999 -9999 -9999 -9999 -9999 -9999 -9999 -9999 -9999 -9999 -9999 -9999 -9999 -9999 -9999 -9999 -9999 -9999 -9999 -9999 -9999 -9999 -9999 -9999 -9999 -9999 -9999 -9999 -9999 -9999 -9999 -9999 -9999 -9999 -9999 -9999 -9999 -9999 -9999 -9999 -9999 -9999 -9999 -9999 -9999 -9999 -9999 -9999 -9999 -9999 -9999 -9999 -9999 -9999 -9999 -9999 -9999 -9999 -9999 -9999 -9999 -9999 -9999 -9999 -9999 -9999 -9999 -9999 -9999 -9999 -9999 -9999 -9999 -9999 -9999 -9999 -9999 -9999 -9999 -9999 -9999 -9999 -9999 -9999 -9999 -9999 -9999 -9999 -9999 -9999 -9999 -9999
-9999 -9999 -9999 -9999 -9999 -9999 -9999 -9999 -9999 -9999 -9999 -9999 -9999 -9999 -9999 -9999 -9999 -9999 -9999 -9999 -9999 -9999 -9999 -9999 -9999 -9999 -9999 -9999 -9999 -9999 -9999 -9999 -9999 -9999 -9999 -9999 -9999 -9999 -9999 -9999 -9999 -9999 -9999 -9999 -9999 -9999 -9999 -9999 -9999 -9999 -9999 -9999 -9999 -9999 -9999 -9999 -9999 -9999 -9999 -9999 -9999 -9999 -9999 -9999 -9999 -9999 -9999 -9999 -9999 -9999 -9999 -9999 -9999 -9999 -9999 -9999 -9999 -9999 -9999 -9999 -9999 -9999 -9999 -9999 -9999 -9999 -9999 -9999 -9999 -9999 -9999 -9999 -9999 -9999 -9999 -9999
-9999 -9999 -9999 -9999 -9999 -9999 -9999 -9999 -9999 -9999 -9999 -9999 -9999 -9999 -9999 -9999 -9999 -9999 -9999 -9999 -9999 -9999 -9999 -9999 -9999 -9999 -9999 -9999 -9999 -9999 -9999 -9999 -9999 -9999 -9999 -9999 -9999 -9999 -9999 -9999 -9999 -9999 -9999 -9999 -9999 -9999 -9999 -9999 -9999 -9999 -9999 -9999 -9999 -9999 -9999 -9999 -9999 -9999 -9999 -9999 -9999 -9999 -9999 -9999 -9999 -9999 -9999 -9999 -9999 -9999 -9999 -9999 -9999 -9999 -9999 -9999 -9999 -9999 -9999 -9999 -9999 -9999 -9999 -9999 -9999 -9999 -9999 -9999 -9999 -9999 -9999 -9999 -9999 -9999 -9999 -9999
-9999 -9999 -9999 -9999 -9999 -9999 -9999 -9999 -9999 -9999 -9999 -9999 -9999 -9999 -9999 -9999 -9999 -9999 -9999 -9999 -9999 -9999 -9999 -9999 -9999 -9999 -9999 -9999 -9999 -9999 -9999 -9999 -9999 -9999 -9999 -9999 -9999 -9999 -9999 -9999 -9999 -9999 -9999 -9999 -9999 -9999 -9999 -9999 -9999 -9999 -9999 -9999 -9999 -9999 -9999 -9999 -9999 -9999 -9999 -9999 -9999 -9999 -9999 -9999 -9999 -9999 -9999 -9999 -9999 -9999 -9999 -9999 -9999 -9999 -9999 -9999 -9999 -9999 -9999 -9999 -9999 -9999 -9999 -9999 -9999 -9999 -9999 -9999 -9999 -9999 -9999 -9999 -9999 -9999 -9999 -9999
-9999 -9999 -9999 -9999 -9999 -9999 -9999 -9999 -9999 -9999 -9999 -9999 -9999 -9999 -9999 -9999 -9999 -9999 -9999 -9999 -9999 -9999 -9999 74 74 -9999 -9999 77 77 77 77 77 77 77 77 76 76 75 -9999 -9999 -9999 -9999 -9999 69 68 67 66 64 63 62 -9999 -9999 -9999 -9999 -9999 -9999 -9999 -9999 -9999 -9999 -9999 -9999 -9999 -9999 -9999 -9999 -9999 -9999 -9999 -9999 -9999 -9999 -9999 -9999 -9999 -9999 -9999 -9999 -9999 -9999 -9999 -9999 -9999 -9999 -9999 -9999 -9999 -9999 -9999 -9999 -9999 -9999 -9999 -9999 -9999 -9999
-9999 -9999 -9999 -9999 -9999 -9999 -9999 -9999 -9999 -9999 -9999 -9999 -9999 -9999 -9999 -9999 -9999 -9999 72 73 -9999 -9999 -9999 75 75 76 77 77 78 78 78 78 78 78 78 77 76 -9999 75 74 73 -9999 71 70 68 67 66 65 64 62 61 60 58 57 56 -9999 -9999 -9999 -9999 -9999 -9999 -9999 -9999 -9999 -9999 -9999 -9999 -9999 -9999 -9999 -9999 -9999 -9999 -9999 -9999 -9999 -9999 -9999 -9999 -9999 -9999 -9999 -9999 -9999 -9999 -9999 -9999 -9999 -9999 -9999 -9999 -9999 -9999 -9999 -9999 -9999
-9999 -9999 -9999 -9999 -9999 -9999 -9999 -9999 -9999 -9999 -9999 -9999 -9999 -9999 70 70 71 71 72 73 74 75 75 76 76 77 77 78 79 79 79 79 79 78 78 78 77 77 76 75 74 -9999 72 71 69 68 67 65 64 63 -9999 60 59 58 56 55 53 52 50 50 49 -9999 -9999 -9999 -9999 -9999 -9999 -9999 -9999 -9999 -9999 -9999 -9999 -9999 -9999 -9999 -9999 -9999 -9999 -9999 -9999 -9999 -9999 -9999 -9999 -9999 -9999 -9999 -9999 -9999 -9999 -9999 -9999 -9999 -9999 -9999
-9999 -9999 -9999 -9999 -9999 -9999 -9999 -9999 -9999 -9999 -9999 68 67 68 69 70 71 72 73 74 75 75 76 77 77 78 79 79 79 80 80 80 79 -9999 80 79 78 77 77 76 -9999 -9999 73 72 70 68 67 66 64 63 62 61 60 58 57 56 54 53 51 50 49 47 45 43 -9999 -9999 -9999 -9999 -9999 -9999 -9999 -9999 -9999 -9999 -9999 -9999 -9999 -9999 -9999 -9999 -9999 -9999 -9999 -9999 -9999 -9999 -9999 -9999 -9999 -9999 -9999 -9999 -9999 -9999 -9999 -9999
-9999 -9999 -9999 -9999 -9999 -9999 -9999 -9999 67 -9999 64 -9999 67 -9999 68 69 70 72 73 74 75 76 77 78 78 79 79 80 80 81 81 80 82 81 81 80 79 79 78 76 75 75 73 72 71 70 68 67 65 64 63 61 60 59 58 56 55 54 52 50 49 47 45 43 41 40 40 -9999 -9999 -9999 -9999 -9999 -9999 -9999 -9999 -9999 -9999 -9999 -9999 -9999 -9999 -9999 -9999 -9999 -9999 -9999 -9999 -9999 -9999 -9999 -9999 -9999 -9999 -9999 -9999 -9999
-9999 59 58 57 58 -9999 -9999 66 67 66 64 65 66 67 69 69 70 72 73 75 76 76 77 78 78 79 80 80 81 81 82 82 82 82 81 81 80 79 78 77 76 75 74 72 71 70 68 67 66 64 63 62 61 59 58 56 55 54 52 51 49 47 44 42 40 40 40 -9999 -9999 -9999 -9999 -9999 -9999 -9999 -9999 -9999 -9999 -9999 -9999 -9999 -9999 -9999 -9999 -9999 -9999 -9999 -9999 -9999 -9999 -9999 -9999 -9999 -9999 -9999 -9999 -9999
57 -9999 58 57 58 60 -9999 64 65 65 64 65 66 67 68 69 70 71 73 74 75 76 77 77 78 79 80 80 81 81 82 82 82 82 82 81 80 79 78 77 76 75 74 73 71 70 68 67 66 64 63 62 60 59 58 57 55 54 52 50 49 46 45 -9999 -9999 -9999 -9999 -9999 -9999 -9999 -9999 -9999 -9999 -9999 -9999 -9999 -9999 -9999 -9999 -9999 -9999 -9999 -9999 -9999 -9999 -9999 -9999 -9999 -9999 -9999 -9999 -9999 -9999 -9999 -9999 -9999
56 57 56 57 58 60 62 63 64 64 65 65 67 68 69 70 70 72 73 74 74 75 76 77 78 78 79 80 80 81 82 82 82 82 81 80 80 79 78 77 76 74 73 72 71 70 68 67 66 64 63 62 60 59 58 56 55 53 52 50 48 47 -9999 -9999 -9999 -9999 -9999 -9999 -9999 -9999 -9999 44 44 45 45 -9999 -9999 -9999 -9999 -9999 -9999 -9999 -9999 -9999 -9999 -9999 -9999 -9999 -9999 -9999 -9999 -9999 -9999 -9999 -9999 -9999
55 57 -9999 58 59 60 61 63 64 65 66 67 67 68 69 70 71 72 73 74 74 75 76 77 77 78 79 79 80 81 81 82 82 82 82 81 80 79 78 77 75 74 73 72 71 70 69 68 66 65 63 62 61 59 58 56 55 54 52 50 49 48 46 45 44 43 43 42 43 -9999 44 45 45 46 46 46 47 48 49 -9999 -9999 -9999 -9999 -9999 -9999 -9999 -9999 -9999 -9999 -9999 -9999 -9999 -9999 -9999 -9999 -9999
56 56 59 59 60 61 62 63 64 66 67 68 69 70 70 71 72 73 73 74 74 75 76 77 77 78 79 80 80 81 82 82 83 83 82 81 80 79 78 77 76 74 73 72 71 70 69 68 67 65 64 62 61 60 58 57 56 54 53 51 50 49 48 47 46 45 44 44 44 45 46 46 46 47 47 47 48 49 49 -9999 -9999 -9999 -9999 -9999 -9999 -9999 -9999 -9999 -9999 -9999 -9999 -9999 -9999 -9999 -9999 -9999
58 58 60 61 62 63 64 64 65 67 68 69 70 70 71 72 73 73 74 74 75 76 76 77 78 78 79 80 81 81 82 83 83 83 83 82 81 80 79 77 76 75 74 73 72 71 70 69 67 66 64 63 62 61 59 58 57 55 54 53 51 50 50 49 48 47 46 46 46 47 47 48 48 48 48 49 49 50 50 51 52 -9999 -9999 -9999 55 55 -9999 -9999 -9999 -9999 -9999 -9999 -9999 -9999 -9999 -9999
59 60 61 62 63 64 65 66 67 68 69 70 70 71 72 73 74 74 75 75 76 76 77 78 78 79 80 80 81 82 82 83 83 83 83 82 81 80 79 78 77 76 75 74 73 72 71 69 68 67 65 64 63 62 60 59 58 56 55 54 53 52 51 50 50 49 48 48 48 49 49 50 50 50 50 50 50 51 51 51 52 53 53 54 54 55 55 55 56 56 56 56 57 57 57 -9999
61 62 62 63 64 65 66 67 68 69 70 71 71 72 73 74 74 75 75 76 76 77 77 78 79 79 80 81 81 82 83 83 83 83 83 82 81 81 80 79 78 77 75 74 73 72 71 70 69 68 66 65 64 62 61 60 59 58 56 55 54 53 53 52 51 51 51 50 50 51 51 51 51 52 52 52 52 52 51 52 52 52 53 54 54 55 55 56 56 56 56 57 57 57 57 57
62 63 64 64 65 66 67 68 69 70 70 71 72 73 74 75 75 76 76 76 77 77 78 78 79 80 80 81 81 82 82 83 83 83 83 82 82 81 80 79 78 77 76 75 74 73 72 71 70 68 67 66 65 63 62 61 60 59 58 57 56 55 54 53 53 52 52 52 52 52 53 53 53 53 53 53 53 53 52 52 53 53 53 53 54 55 55 56 56 57 57 57 57 57 57 57
63 64 64 65 66 67 68 69 70 71 72 72 74 74 75 76 76 76 77 77 77 78 78 79 79 80 81 81 81 82 82 83 83 83 83 82 81 81 80 79 78 77 76 76 74 73 72 71 70 69 68 67 66 64 63 62 61 60 59 58 57 56 56 55 54 54 54 54 54 54 54 54 54 54 54 54 54 54 53 53 53 53 53 54 54 54 55 56 56 57 57 57 57 57 57 57
65 65 66 67 67 68 69 70 71 72 72 73 74 75 76 76 77 77 77 77 78 78 78 79 79 80 81 81 81 82 82 83 83 82 82 82 81 81 80 80 79 78 77 76 75 74 73 72 71 70 68 67 66 65 64 63 62 61 60 59 58 57 57 56 56 55 55 55 55 55 55 55 55 55 55 55 55 55 55 54 54 54 54 54 54 55 55 56 56 56 56 56 56 57 56 56
66 66 67 68 69 69 70 71 72 72 73 74 75 76 77 77 77 77 78 78 78 78 79 79 80 80 80 81 81 81 82 82 82 82 82 82 81 81 80 80 79 78 77 76 75 74 73 72 71 70 69 68 67 66 65 64 63 62 61 60 59 59 58 57 57 57 56 56 56 56 56 57 57 57 57 56 56 56 56 55 55 55 55 55 55 55 55 56 56 56 56 56 56 56 56 56
67 68 68 69 70 70 71 72 72 73 74 75 75 76 77 77 77 78 78 78 78 78 79 79 79 80 80 80 81 81 81 82 82 82 82 82 81 81 80 80 79 78 78 77 76 75 74 73 72 70 70 68 67 66 66 64 63 63 62 61 60 60 59 59 58 58 58 58 58 58 58 58 58 58 58 58 58 57 57 56 56 56 56 56 56 56 55 56 56 56 56 56 56 56 56 56
68 69 69 70 71 71 72 73 73 74 74 75 76 76 77 77 78 78 78 78 78 78 78 79 79 80 80 80 80 81 81 81 82 82 82 81 81 81 80 80 79 79 78 77 76 75 74 73 72 71 70 69 68 67 66 65 64 64 63 62 62 61 60 60 60 60 59 59 60 60 60 60 60 60 60 59 59 59 58 58 58 57 57 57 56 56 56 56 56 56 56 56 56 56 56 56
70 70 71 72 72 72 73 74 74 74 75 76 76 77 77 77 78 78 78 78 78 78 78 78 79 79 79 80 80 80 81 81 81 81 81 81 81 81 81 80 80 79 78 78 76 76 75 74 73 72 71 70 69 68 67 66 65 65 64 63 63 62 62 61 61 61 61 61 61 61 61 61 62 62 61 61 61 60 60 60 59 59 58 58 57 57 57 58 58 57 57 57 56 56 56 56
71 72 72 73 73 74 74 74 75 75 76 76 76 77 77 77 78 78 78 78 78 78 78 78 78 79 79 80 79 80 80 80 81 81 81 81 81 81 81 80 80 79 79 78 77 76 75 74 73 72 71 70 70 69 68 67 66 66 65 65 64 64 63 63 63 63 62 62 62 63 63 63 64 64 63 63 63 62 62 61 61 60 60 59 58 58 58 58 58 58 57 57 57 57 57 57
73 73 74 74 74 74 75 75 76 76 76 76 77 77 77 77 77 78 78 77 77 77 78 78 78 78 79 79 79 79 80 80 80 81 81 81 81 81 81 81 80 80 79 78 77 76 76 75 74 73 72 71 70 70 69 68 67 67 66 66 65 65 64 64 64 64 64 64 64 64 65 65 66 66 66 65 65 64 63 62 62 61 61 60 59 59 59 58 58 58 58 58 57 57 57 57
74 75 75 75 76 76 76 76 76 76 76 77 77 77 77 77 77 77 77 77 77 77 78 78 78 78 78 78 79 79 79 80 80 80 80 81 81 81 81 81 81 80 79 78 78 77 76 75 74 74 73 72 71 70 70 69 68 68 67 67 66 66 66 66 66 65 65 65 66 66 66 67 67 68 68 67 66 65 64 64 63 62 61 61 60 60 59 59 59 58 58 58 58 58 58 58
76 76 76 76 76 77 77 77 77 77 77 77 77 77 77 77 77 77 77 77 77 77 77 77 77 78 78 78 78 78 79 79 80 80 80 81 81 81 81 81 81 80 79 79 78 77 76 76 75 74 73 72 72 71 71 70 69 69 68 68 68 67 67 67 67 67 67 67 67 67 68 68 69 70 70 69 68 67 66 65 64 63 62 61 61 60 60 60 59 59 59 58 58 58 58 58
77 77 77 77 78 78 77 78 78 77 77 77 78 78 78 77 78 77 77 77 77 77 77 77 77 77 77 77 78 78 78 79 79 79 80 80 80 80 80 81 80 80 79 79 78 77 77 76 75 75 74 73 73 72 71 71 70 70 69 69 68 68 68 68 68 68 68 68 68 68 69 69 70 71 71 70 69 68 67 66 65 64 63 62 61 61 60 60 60 59 59 59 59 58 59 58
79 78 79 78 78 78 78 78 78 78 78 78 77 78 77 77 77 77 77 76 76 76 76 76 76 76 77 77 77 77 78 78 78 79 79 80 80 80 80 80 80 80 79 79 78 78 77 76 76 75 74 74 73 73 72 71 71 70 70 70 69 69 69 69 69 69 69 69 69 69 70 70 71 71 71 71 -9999 68 67 66 65 64 64 63 62 61 61 61 60 60 59 59 59 59 59 59
80 80 79 79 79 79 79 79 78 78 78 78 78 78 77 77 77 77 76 76 76 76 75 75 76 76 76 76 76 77 77 77 78 78 79 79 79 79 80 80 80 79 79 79 78 78 77 77 76 75 75 74 74 73 73 72 72 71 71 70 70 70 69 70 70 69 70 70 70 70 70 71 71 71 71 71 70 69 -9999 66 66 65 64 63 62 62 61 61 60 60 60 59 59 59 59 59
80 80 80 80 79 79 79 79 79 78 78 78 78 78 77 77 77 76 76 76 75 75 75 75 74 74 75 75 75 76 76 77 77 78 78 78 79 79 79 79 79 79 79 78 78 77 77 77 76 76 75 74 74 74 73 72 72 72 71 71 70 70 70 70 70 70 70 70 70 70 71 71 71 71 71 70 70 69 68 67 66 65 -9999 -9999 -9999 -9999 61 61 60 60 60 60 59 59 59 59
81 81 80 80 80 80 79 79 79 78 78 78 78 77 77 77 77 76 76 75 75 74 74 74 74 74 74 74 75 75 76 76 77 77 77 78 78 78 78 79 79 78 78 78 78 77 77 77 76 76 75 75 74 74 73 73 72 72 71 71 71 70 70 70 70 70 70 70 70 70 71 71 71 71 70 70 69 69 68 67 66 65 -9999 -9999 -9999 -9999 -9999 -9999 -9999 -9999 -9999 60 59 59 59 59
81 81 81 81 80 80 80 79 79 79 78 78 78 77 77 77 76 76 76 75 74 74 73 73 73 73 73 74 74 74 75 75 76 76 77 77 78 78 78 78 78 78 78 78 78 77 77 77 76 76 75 75 74 74 74 73 73 72 72 71 71 71 71 71 70 70 70 70 70 70 70 70 70 70 70 70 69 68 68 66 66 65 64 64 63 -9999 -9999 -9999 -9999 -9999 -9999 -9999 -9999 -9999 -9999 -9999
82 81 81 81 81 80 80 80 79 79 78 78 78 78 77 77 76 76 75 75 74 73 73 72 72 72 72 73 73 74 74 75 75 76 76 76 77 77 77 78 78 78 78 78 77 77 77 76 76 76 75 75 74 74 74 74 73 72 72 71 71 71 71 71 70 70 70 70 70 70 70 70 70 70 70 69 69 68 68 66 66 65 64 64 63 63 62 62 -9999 -9999 -9999 -9999 -9999 -9999 -9999 -9999
82 82 82 81 81 81 80 80 80 79 79 78 78 77 77 76 76 76 75 74 74 73 72 72 71 71 72 72 73 73 74 74 75 75 76 76 76 76 77 77 77 77 77 77 77 77 76 76 76 76 75 75 75 74 74 74 73 72 72 72 71 71 71 71 70 70 70 70 70 70 70 70 70 70 69 69 69 68 67 67 66 65 65 64 63 63 62 62 62 -9999 -9999 -9999 -9999 -9999 -9999 -9999
82 82 82 82 82 81 81 80 80 80 79 79 78 77 77 77 76 76 75 74 74 73 72 71 71 71 71 72 72 73 73 74 74 74 75 75 76 76 76 77 77 77 77 77 77 77 77 76 76 76 76 75 75 74 74 74 73 73 72 72 71 71 71 70 70 70 70 70 70 70 70 69 69 69 69 69 68 68 67 67 66 65 65 64 63 63 62 62 62 61 -9999 -9999 -9999 -9999 -9999 -9999
82 82 82 82 82 81 81 81 80 80 79 79 78 78 77 77 76 75 -9999 -9999 -9999 -9999 -9999 -9999 -9999 -9999 -9999 -9999 73 74 73 73 74 74 75 75 76 76 76 76 76 77 77 77 77 77 76 76 76 76 76 75 75 74 74 73 73 72 72 72 71 71 71 70 70 70 70 70 70 70 70 69 69 69 69 68 68 67 67 67 66 65 65 64 63 63 62 62 62 -9999 -9999 -9999 -9999 -9999 -9999 -9999
82 82 82 82 82 81 81 81 80 80 79 79 -9999 78 78 77 76 -9999 -9999 -9999 -9999 -9999 -9999 -9999 -9999 -9999 -9999 -9999 -9999 -9999 -9999 73 73 74 74 74 75 75 76 76 76 76 77 77 77 77 76 76 76 76 75 75 74 74 74 73 73 72 72 71 71 71 70 70 70 70 69 69 69 69 69 69 69 69 68 68 68 67 67 66 66 65 65 64 63 63 62 62 -9999 -9999 -9999 -9999 -9999 -9999 -9999 -9999
82 82 82 82 82 81 81 80 80 80 80 80 -9999 -9999 -9999 -9999 -9999 -9999 -9999 -9999 -9999 -9999 -9999 -9999 -9999 -9999 -9999 -9999 -9999 -9999 -9999 73 73 73 74 74 74 75 75 76 76 76 76 76 76 76 76 76 76 76 75 75 74 74 73 73 72 72 71 71 71 70 70 70 69 69 69 69 69 69 69 69 69 68 68 68 67 67 66 66 66 65 64 64 64 63 62 62 -9999 -9999 -9999 -9999 -9999 -9999 -9999 -9999
81 81 81 82 81 81 81 80 80 80 -9999 -9999 -9999 -9999 -9999 -9999 -9999 -9999 -9999 -9999 -9999 -9999 -9999 -9999 -9999 -9999 -9999 74 74 73 -9999 72 72 73 73 74 74 74 75 75 76 76 76 76 76 76 76 76 76 75 75 74 74 74 73 72 72 72 71 71 70 70 70 69 69 69 69 68 68 68 68 68 68 68 68 67 67 67 66 66 66 65 64 64 63 63 62 62 61 -9999 -9999 -9999 -9999 62 63 63
81 81 81 81 81 81 80 80 80 -9999 -9999 -9999 -9999 -9999 -9999 -9999 -9999 -9999 -9999 -9999 -9999 -9999 -9999 -9999 -9999 -9999 -9999 74 73 73 73 73 72 73 73 73 74 74 74 75 75 76 76 76 76 76 76 76 75 75 75 74 73 73 73 72 72 71 71 70 70 70 69 69 68 68 68 68 68 68 68 68 67 68 68 67 67 66 66 66 65 65 64 64 64 63 62 62 61 61 62 -9999 -9999 -9999 63 -9999
81 81 81 81 81 80 80 80 -9999 -9999 -9999 -9999 -9999 -9999 -9999 -9999 -9999 -9999 -9999 -9999 -9999 -9999 -9999 -9999 -9999 -9999 74 74 73 73 73 73 73 73 73 73 73 74 74 75 75 75 76 76 76 76 76 75 75 75 74 74 73 73 72 72 71 71 70 70 70 69 69 68 68 68 68 68 67 67 67 67 67 67 67 67 67 66 66 65 65 65 64 64 64 63 63 62 62 62 -9999 -9999 -9999 63 -9999 -9999
81 81 81 80 80 80 80 79 79 79 -9999 -9999 -9999 -9999 -9999 -9999 -9999 -9999 -9999 -9999 -9999 -9999 -9999 -9999 -9999 76 75 74 74 73 73 73 73 73 73 73 74 74 74 74 75 75 75 75 75 76 75 75 75 74 74 73 73 73 72 72 71 71 70 70 69 69 68 68 68 67 67 67 67 67 67 67 67 67 67 67 67 66 66 66 65 65 65 64 64 64 63 63 63 62 -9999 -9999 -9999 -9999 -9999 -9999
82 81 81 81 80 80 79 79 79 79 -9999 -9999 -9999 -9999 -9999 -9999 -9999 -9999 -9999 -9999 -9999 -9999 -9999 -9999 76 76 76 75 74 74 73 73 73 73 73 73 73 74 74 74 74 74 75 75 75 76 76 75 74 74 73 73 72 72 72 72 71 71 70 70 69 69 68 68 67 67 67 67 67 67 67 67 67 67 67 67 66 66 66 66 65 65 65 64 64 64 64 63 63 63 63 -9999 -9999 63 63 64
82 81 81 80 80 79 79 79 -9999 -9999 -9999 -9999 -9999 -9999 -9999 -9999 -9999 -9999 -9999 -9999 -9999 78 78 77 77 76 76 75 75 74 74 73 73 73 73 73 73 73 73 74 74 74 74 75 75 75 75 74 74 73 73 73 72 72 72 71 71 70 70 70 69 69 68 67 67 67 67 67 67 67 67 67 67 67 67 66 66 66 66 66 66 65 65 65 64 64 64 64 64 64 64 64 64 64 64 64
82 81 81 80 80 79 -9999 -9999 -9999 -9999 -9999 -9999 -9999 -9999 -9999 -9999 -9999 -9999 -9999 -9999 79 78 78 78 77 77 76 76 75 74 74 74 73 73 73 73 73 73 73 73 74 74 74 74 74 74 74 74 73 73 72 72 72 72 71 71 71 70 70 69 69 68 68 67 66 66 66 66 66 66 67 67 67 67 67 66 66 66 66 66 66 66 65 65 65 65 64 64 64 64 64 64 64 64 64 64
81 81 80 80 80 79 -9999 -9999 -9999 -9999 -9999 -9999 -9999 -9999 -9999 -9999 -9999 80 80 80 79 79 78 78 78 77 77 76 76 75 74 74 73 73 73 73 73 73 73 73 73 73 73 73 73 73 73 72 72 72 71 71 71 71 71 71 71 70 70 69 68 68 67 67 66 66 66 66 66 66 66 66 66 67 66 67 66 66 66 66 66 66 65 65 65 65 65 65 65 65 64 64 65 65 65 65
