resultados/variables_proyeccion_tiempo/variables_futuro_ccsm_A1B/bio2.asc
ncols 330
nrows 228
xllcorner -12.000000
yllcorner 34.000000
cellsize 0.166667
NODATA_value -9999
[rows 147 to 195 of 228, columns 96 to 191 of 330]
90 90 90 89 87 88 93 94 95 95 96 96 98 99 98 95 93 91 89 86 87 86 84 84 85 85 83 83 83 83 84 85 87 90 92 92 88 94 82 84 84 84 84 90 81 87 96 102 102 100 100 98 99 96 94 103 100 93 94 97 94 88 88 88 90 93 98 97 94 92 94 94 97 97 97 99 100 100 100 99 99 98 97 96 96 95 93 93 92 90 90 90 92 94 97 98
83 85 87 88 88 91 96 96 96 95 96 96 96 95 92 90 88 86 83 83 83 84 86 85 82 82 82 81 82 83 82 81 81 91 87 80 79 73 76 78 87 89 84 91 95 92 84 96 88 91 96 96 94 98 97 97 88 86 87 87 88 90 92 94 97 97 92 98 97 97 99 100 100 100 99 99 100 100 99 99 98 96 94 93 94 95 94 93 92 91 90 91 92 94 96 98
82 87 88 87 88 94 96 97 96 96 96 95 93 92 88 87 84 84 86 90 89 88 83 80 81 82 82 78 76 75 76 73 82 78 73 86 72 69 75 81 76 73 61 75 86 74 81 80 74 72 73 79 74 82 86 83 82 88 95 93 94 95 97 89 94 91 100 102 102 102 102 102 101 100 100 100 100 99 99 99 98 95 94 94 95 94 94 93 92 92 91 92 93 94 96 98
86 88 85 88 92 95 96 97 96 96 94 91 89 89 86 85 90 94 93 91 88 85 82 76 73 77 72 75 70 65 68 65 70 84 78 70 64 63 71 70 55 60 64 68 90 79 75 93 76 74 80 90 83 94 89 92 93 94 86 87 96 99 101 92 96 94 93 103 104 103 102 102 101 100 100 100 100 99 99 98 97 96 96 96 95 94 94 93 92 92 92 93 94 95 96 98
91 89 89 90 94 95 96 96 96 95 92 90 88 87 87 94 94 93 90 85 81 86 79 76 72 68 62 65 62 62 68 74 80 71 67 59 63 67 65 75 56 60 72 89 81 95 95 104 97 96 91 93 96 99 93 98 99 103 97 95 102 101 104 98 100 97 92 103 104 104 103 102 101 100 100 100 99 99 99 98 98 97 96 95 94 94 94 94 93 93 94 94 95 96 97 98
94 92 90 93 95 96 97 97 96 93 92 89 87 86 93 95 93 90 87 79 78 76 72 68 59 61 58 63 60 64 57 61 65 67 60 62 60 63 66 74 77 80 90 99 94 96 77 84 85 85 95 95 95 95 98 97 98 98 99 100 102 103 101 102 99 100 98 97 97 101 102 101 101 101 100 100 99 98 98 99 98 97 95 94 94 94 94 94 94 95 95 96 96 96 98 99
97 94 91 93 94 97 97 97 95 93 92 90 88 94 98 98 94 93 84 80 72 69 64 60 65 63 60 67 64 73 61 64 64 61 58 54 60 61 69 52 62 75 98 102 96 81 74 84 88 96 99 95 100 102 103 98 92 91 88 89 95 93 91 88 92 94 99 93 94 99 100 100 99 100 100 100 100 99 99 99 98 97 96 95 95 94 94 95 96 96 97 96 97 97 98 100
98 95 91 91 97 99 98 98 96 94 91 90 95 96 95 91 85 91 83 82 82 77 73 72 66 70 68 72 77 74 75 72 83 66 67 72 77 80 70 60 73 73 102 97 86 78 81 84 97 100 96 100 103 103 103 99 96 95 89 91 92 98 100 96 95 96 98 99 99 99 97 97 97 99 99 99 100 100 100 99 98 97 96 95 94 94 94 95 97 98 98 98 98 97 98 100
101 96 92 95 100 99 98 99 97 93 94 96 97 98 97 96 90 77 89 78 69 63 63 60 64 83 73 78 86 81 75 83 83 77 75 73 73 75 72 60 86 86 96 94 86 86 95 97 104 102 98 102 104 102 100 97 97 94 92 91 91 93 97 98 97 96 95 97 96 97 98 98 98 98 99 100 100 100 100 100 99 98 97 96 95 93 95 96 99 100 101 101 100 99 98 100
101 98 96 98 100 99 100 101 98 96 98 100 101 98 93 92 89 73 71 69 66 65 62 63 73 77 88 96 91 87 82 86 82 81 78 84 84 88 68 80 84 95 91 83 81 85 93 99 101 103 103 102 100 99 97 96 96 92 86 85 86 88 90 92 93 95 95 97 98 97 97 95 96 99 100 101 101 100 100 101 100 100 99 98 97 96 97 99 100 102 103 103 102 101 101 101
103 101 97 98 101 101 102 102 102 102 103 103 100 99 99 92 75 75 79 87 81 81 73 71 77 90 96 102 102 94 90 90 92 93 94 95 95 87 89 89 93 85 80 86 91 92 98 101 101 99 97 95 94 93 92 92 90 87 80 80 81 83 84 85 88 90 93 93 92 94 96 98 100 101 101 102 101 102 101 101 101 101 101 100 100 99 100 101 102 104 105 106 104 103 103 102
103 103 98 99 102 102 103 104 104 105 103 105 103 105 97 88 88 76 71 68 68 70 83 80 92 98 102 107 109 101 94 91 94 97 99 99 98 96 96 98 94 90 86 88 89 91 96 99 97 92 89 88 88 89 88 -9999 -9999 68 70 74 77 79 77 80 84 87 88 95 96 98 98 99 99 101 102 102 102 103 103 101 97 98 101 102 102 101 102 102 103 105 106 106 106 105 105 104
100 101 98 96 103 104 104 105 106 106 102 101 106 99 85 91 74 70 66 72 81 86 93 96 96 99 102 104 104 99 93 92 94 97 98 98 98 96 96 96 95 93 91 89 88 90 95 96 91 86 81 84 -9999 -9999 -9999 -9999 -9999 68 68 71 73 75 78 78 81 84 88 94 96 98 98 99 101 101 103 104 104 104 104 101 100 102 102 101 103 103 104 104 105 106 106 106 106 106 107 106
103 99 94 99 104 105 105 105 106 102 102 102 83 90 92 75 77 72 68 79 90 96 96 94 94 95 97 99 99 97 94 93 94 96 98 98 97 96 96 95 95 93 91 89 88 88 90 90 87 82 -9999 -9999 -9999 -9999 -9999 -9999 -9999 68 67 68 72 73 -9999 81 79 78 84 92 95 97 98 100 100 99 101 104 105 106 107 106 106 105 105 105 104 105 105 106 106 106 106 106 106 106 106 105
97 96 95 99 104 106 106 107 101 98 107 89 88 73 71 74 79 80 88 92 95 95 91 86 86 87 91 93 94 93 93 92 94 97 98 97 96 95 95 95 94 93 91 88 86 85 85 85 83 80 78 -9999 -9999 -9999 -9999 -9999 -9999 69 68 68 71 73 78 83 86 81 84 86 91 95 98 98 99 100 103 103 104 103 107 109 110 108 108 108 108 107 107 107 107 107 107 107 106 104 103 102
93 93 98 101 102 106 104 97 93 96 106 92 79 71 69 80 78 69 80 92 96 93 88 82 82 84 86 88 89 89 88 86 87 92 95 95 95 94 94 94 94 93 91 89 86 82 82 82 81 79 78 77 -9999 -9999 -9999 -9999 -9999 -9999 70 70 71 77 77 82 85 84 83 87 85 87 97 98 99 100 102 103 106 105 106 110 110 109 109 108 108 106 107 108 108 108 107 107 106 106 105 103
93 95 99 101 105 105 104 104 99 94 97 95 93 79 70 86 74 73 74 91 94 89 84 79 78 77 80 83 85 86 80 73 77 77 78 85 90 91 92 93 93 93 93 91 87 83 82 81 80 79 77 -9999 -9999 -9999 -9999 -9999 -9999 -9999 -9999 72 -9999 78 79 -9999 89 79 76 86 86 84 87 93 89 92 94 100 103 104 105 108 108 108 108 108 108 106 107 106 107 107 107 106 106 105 104 103
96 102 105 102 105 105 102 97 98 95 97 92 104 94 91 86 73 64 72 82 87 86 82 78 72 74 76 78 79 81 75 71 68 69 72 76 74 81 85 88 91 93 94 94 90 86 84 83 81 79 -9999 -9999 -9999 -9999 -9999 -9999 -9999 -9999 -9999 -9999 -9999 -9999 81 -9999 -9999 92 80 84 88 86 86 86 92 90 88 90 99 95 96 99 101 100 105 107 108 105 108 107 105 104 104 106 104 103 104 103
104 106 105 104 105 104 101 99 99 97 102 101 101 102 89 78 75 69 75 78 84 82 79 76 72 73 74 72 76 78 77 74 70 69 67 69 62 68 73 78 78 83 84 89 88 88 87 86 85 83 -9999 -9999 -9999 -9999 -9999 -9999 -9999 -9999 -9999 -9999 -9999 -9999 -9999 83 90 93 97 87 82 87 86 84 89 89 85 83 90 93 92 98 93 91 94 101 106 105 106 106 106 104 106 101 103 103 102 102
106 106 105 106 106 106 104 99 96 94 98 104 97 89 88 73 69 72 70 73 75 73 68 68 69 72 80 -9999 -9999 -9999 -9999 76 76 72 71 77 75 63 58 63 65 75 78 76 77 84 87 89 90 90 91 -9999 -9999 -9999 -9999 -9999 -9999 -9999 -9999 -9999 -9999 -9999 -9999 87 91 92 98 103 103 93 92 89 86 84 82 83 82 86 92 90 90 89 96 100 98 95 100 98 100 103 105 103 101 96 99 101
107 106 106 105 107 106 105 97 93 92 93 100 101 98 89 82 79 79 78 70 65 69 66 69 76 83 -9999 -9999 -9999 -9999 -9999 -9999 -9999 80 72 82 77 66 74 67 63 65 70 72 72 73 81 86 89 91 92 92 -9999 -9999 -9999 -9999 -9999 -9999 -9999 -9999 -9999 -9999 -9999 -9999 -9999 92 98 104 104 101 95 96 93 89 80 80 80 81 80 83 94 90 90 99 103 99 94 100 96 92 95 99 100 96 91 95
107 106 106 106 106 106 104 101 98 98 99 100 98 91 88 86 89 88 87 83 76 77 73 76 79 -9999 -9999 -9999 -9999 -9999 -9999 -9999 -9999 -9999 -9999 -9999 90 89 84 86 86 92 90 87 87 77 68 79 81 84 82 88 88 86 86 -9999 -9999 -9999 -9999 -9999 -9999 -9999 -9999 -9999 -9999 -9999 96 100 102 100 98 96 92 89 85 78 82 80 77 82 82 88 81 90 100 104 98 92 95 96 95 96 93 97 95 98
106 106 105 105 105 104 103 101 98 97 98 97 96 92 89 88 84 82 85 86 81 80 78 -9999 -9999 -9999 -9999 -9999 -9999 -9999 -9999 -9999 -9999 -9999 -9999 -9999 -9999 94 95 94 97 96 96 96 94 72 83 73 71 74 82 85 84 84 84 84 -9999 -9999 -9999 -9999 -9999 -9999 -9999 -9999 -9999 -9999 -9999 96 97 98 97 94 89 86 81 83 82 81 81 82 78 85 94 91 88 88 96 90 97 99 100 101 98 92 91 96
105 104 103 103 103 103 103 101 98 95 94 94 93 92 91 92 93 92 90 -9999 -9999 -9999 -9999 -9999 -9999 -9999 -9999 -9999 -9999 -9999 -9999 -9999 -9999 -9999 -9999 -9999 -9999 93 94 95 95 94 95 93 89 94 88 86 91 79 79 79 80 81 82 81 75 72 -9999 -9999 -9999 -9999 -9999 -9999 -9999 -9999 -9999 -9999 -9999 -9999 94 89 85 84 82 81 83 81 82 82 78 78 92 84 93 84 86 94 102 100 98 101 103 96 89 88
-9999 102 102 101 100 101 100 99 96 93 90 90 90 91 93 93 94 92 -9999 -9999 -9999 -9999 -9999 -9999 -9999 -9999 -9999 -9999 -9999 -9999 -9999 -9999 -9999 -9999 -9999 81 -9999 -9999 89 86 91 89 94 91 91 95 102 97 88 91 81 78 74 79 76 76 74 74 75 -9999 -9999 -9999 -9999 -9999 -9999 -9999 -9999 -9999 -9999 -9999 -9999 -9999 84 82 78 80 82 83 82 87 86 87 90 89 88 88 85 85 96 98 97 100 95 97 90 88
-9999 -9999 -9999 -9999 -9999 -9999 -9999 -9999 94 90 86 85 86 87 87 90 92 -9999 -9999 -9999 -9999 -9999 -9999 -9999 -9999 -9999 -9999 -9999 -9999 -9999 -9999 -9999 -9999 -9999 -9999 -9999 -9999 -9999 89 89 86 85 89 93 98 98 99 100 89 89 85 82 78 78 76 76 76 76 77 -9999 -9999 -9999 -9999 -9999 -9999 -9999 -9999 -9999 -9999 -9999 -9999 -9999 -9999 -9999 78 77 79 86 80 82 90 92 94 91 86 87 86 87 81 89 83 94 96 93 94 87
-9999 -9999 -9999 -9999 -9999 -9999 -9999 -9999 -9999 -9999 86 84 84 85 86 -9999 -9999 -9999 -9999 -9999 -9999 -9999 -9999 -9999 -9999 -9999 -9999 -9999 -9999 -9999 -9999 -9999 -9999 -9999 72 -9999 -9999 -9999 -9999 83 88 82 84 91 95 96 92 97 95 92 88 85 79 74 78 76 78 79 79 80 -9999 -9999 -9999 -9999 -9999 -9999 -9999 -9999 -9999 -9999 77 -9999 72 75 -9999 73 79 81 84 84 87 91 93 92 88 88 85 88 85 86 81 86 87 92 96 89
-9999 -9999 -9999 -9999 -9999 -9999 -9999 -9999 -9999 -9999 -9999 -9999 -9999 -9999 -9999 -9999 -9999 -9999 -9999 -9999 -9999 -9999 -9999 -9999 -9999 -9999 -9999 -9999 -9999 -9999 -9999 -9999 73 -9999 -9999 -9999 -9999 -9999 74 83 88 90 97 96 91 77 85 88 88 90 90 88 84 79 74 65 82 83 83 83 -9999 -9999 -9999 -9999 -9999 -9999 -9999 -9999 -9999 -9999 -9999 -9999 75 -9999 -9999 78 77 77 80 83 84 86 87 87 87 85 90 85 86 91 87 84 84 91 90 93
-9999 -9999 -9999 -9999 -9999 -9999 -9999 -9999 -9999 -9999 -9999 -9999 -9999 -9999 -9999 -9999 -9999 -9999 -9999 -9999 -9999 -9999 -9999 -9999 -9999 -9999 -9999 -9999 -9999 -9999 80 85 70 -9999 -9999 -9999 60 63 66 -9999 85 90 96 92 84 79 84 87 92 90 93 89 90 80 80 72 80 80 87 86 -9999 -9999 -9999 -9999 -9999 -9999 -9999 -9999 -9999 -9999 -9999 -9999 -9999 -9999 -9999 74 76 77 -9999 -9999 82 84 86 84 85 86 88 88 89 96 90 83 96 85 88 88
-9999 -9999 -9999 -9999 -9999 -9999 -9999 -9999 -9999 -9999 -9999 -9999 -9999 -9999 -9999 -9999 -9999 -9999 -9999 -9999 -9999 -9999 -9999 -9999 -9999 -9999 -9999 -9999 79 73 71 66 79 86 -9999 -9999 -9999 -9999 -9999 -9999 -9999 -9999 91 89 89 87 85 90 90 96 94 97 94 78 78 84 70 88 91 88 85 -9999 -9999 -9999 -9999 -9999 -9999 -9999 -9999 -9999 -9999 -9999 -9999 -9999 -9999 -9999 -9999 -9999 -9999 -9999 -9999 -9999 -9999 -9999 86 85 85 82 90 90 99 93 93 83 83 86
-9999 -9999 -9999 -9999 -9999 -9999 -9999 -9999 -9999 -9999 -9999 -9999 -9999 -9999 -9999 -9999 -9999 -9999 -9999 -9999 -9999 -9999 -9999 -9999 -9999 -9999 -9999 73 68 52 58 63 62 81 -9999 -9999 -9999 59 -9999 -9999 -9999 71 78 84 85 86 87 90 92 93 101 100 94 95 82 88 84 69 75 90 87 83 80 -9999 -9999 -9999 -9999 -9999 -9999 -9999 -9999 -9999 -9999 -9999 -9999 -9999 -9999 -9999 -9999 -9999 -9999 -9999 -9999 -9999 -9999 -9999 90 91 93 89 98 103 95 88 84 83
-9999 -9999 -9999 -9999 -9999 -9999 -9999 -9999 -9999 -9999 -9999 -9999 -9999 -9999 -9999 -9999 -9999 -9999 -9999 -9999 -9999 -9999 -9999 -9999 -9999 -9999 -9999 70 62 53 51 61 63 73 -9999 -9999 -9999 -9999 -9999 -9999 -9999 -9999 -9999 -9999 -9999 84 82 85 87 92 101 108 105 101 93 85 74 91 93 92 86 84 80 77 -9999 -9999 -9999 -9999 -9999 -9999 -9999 -9999 -9999 -9999 -9999 -9999 -9999 -9999 -9999 -9999 -9999 -9999 -9999 -9999 -9999 -9999 -9999 -9999 96 90 95 98 97 90 90 92
-9999 -9999 -9999 -9999 -9999 -9999 -9999 -9999 -9999 -9999 -9999 -9999 -9999 -9999 -9999 -9999 -9999 -9999 -9999 -9999 -9999 -9999 -9999 -9999 -9999 -9999 -9999 70 68 62 52 56 70 70 -9999 -9999 -9999 -9999 -9999 -9999 -9999 -9999 -9999 -9999 -9999 -9999 77 80 85 93 101 112 112 99 99 91 91 85 90 90 65 83 81 76 73 69 -9999 -9999 -9999 -9999 -9999 -9999 -9999 -9999 -9999 -9999 -9999 -9999 -9999 -9999 -9999 -9999 -9999 -9999 -9999 -9999 -9999 -9999 -9999 -9999 89 88 92 93 90 92
-9999 -9999 -9999 -9999 -9999 -9999 -9999 -9999 -9999 -9999 -9999 -9999 -9999 -9999 -9999 -9999 -9999 -9999 -9999 -9999 -9999 -9999 -9999 -9999 -9999 -9999 -9999 70 71 62 54 54 65 -9999 -9999 -9999 -9999 -9999 -9999 -9999 -9999 -9999 -9999 -9999 -9999 -9999 -9999 -9999 88 95 102 112 116 104 99 82 90 91 75 70 70 76 76 77 74 71 72 78 82 80 78 68 66 -9999 -9999 -9999 -9999 -9999 -9999 -9999 -9999 -9999 -9999 -9999 -9999 -9999 -9999 -9999 -9999 -9999 -9999 85 88 90 91 91
-9999 -9999 -9999 -9999 -9999 -9999 -9999 -9999 -9999 -9999 -9999 -9999 -9999 -9999 -9999 -9999 -9999 -9999 -9999 -9999 -9999 -9999 -9999 -9999 -9999 -9999 -9999 -9999 66 63 56 55 61 -9999 -9999 -9999 -9999 -9999 -9999 -9999 -9999 -9999 -9999 -9999 -9999 -9999 -9999 -9999 -9999 95 98 108 103 110 114 105 93 94 83 67 77 78 80 78 77 74 78 82 87 75 67 66 66 -9999 -9999 -9999 -9999 -9999 -9999 -9999 -9999 -9999 -9999 -9999 -9999 -9999 -9999 -9999 -9999 -9999 -9999 -9999 -9999 89 90 92
-9999 -9999 -9999 -9999 -9999 -9999 -9999 -9999 -9999 -9999 -9999 -9999 -9999 -9999 -9999 -9999 -9999 -9999 -9999 -9999 -9999 -9999 -9999 -9999 -9999 -9999 -9999 -9999 64 63 58 61 -9999 -9999 -9999 -9999 -9999 -9999 -9999 -9999 -9999 -9999 -9999 -9999 -9999 -9999 -9999 -9999 -9999 -9999 95 101 107 107 95 107 110 106 94 85 89 84 78 79 77 80 79 88 96 101 99 93 -9999 -9999 -9999 -9999 -9999 -9999 -9999 -9999 -9999 -9999 -9999 -9999 -9999 -9999 -9999 -9999 -9999 -9999 -9999 -9999 85 87 88 90
-9999 -9999 -9999 -9999 -9999 -9999 -9999 -9999 -9999 -9999 -9999 -9999 -9999 -9999 -9999 -9999 -9999 -9999 -9999 -9999 -9999 -9999 -9999 -9999 -9999 -9999 -9999 -9999 -9999 -9999 62 60 -9999 -9999 -9999 -9999 -9999 -9999 -9999 -9999 -9999 -9999 -9999 -9999 -9999 -9999 -9999 -9999 -9999 -9999 -9999 96 101 103 103 99 99 98 100 100 95 82 73 77 77 77 75 87 96 104 103 97 91 88 -9999 -9999 -9999 -9999 -9999 -9999 -9999 -9999 -9999 -9999 -9999 -9999 -9999 -9999 -9999 -9999 -9999 -9999 85 87 89 90
-9999 -9999 -9999 -9999 -9999 -9999 -9999 -9999 -9999 -9999 -9999 -9999 -9999 -9999 -9999 -9999 -9999 -9999 -9999 -9999 -9999 -9999 -9999 -9999 -9999 -9999 -9999 -9999 -9999 -9999 -9999 64 61 -9999 -9999 -9999 -9999 -9999 -9999 -9999 -9999 -9999 -9999 -9999 -9999 -9999 -9999 -9999 -9999 -9999 -9999 -9999 -9999 -9999 92 96 98 91 99 97 98 93 93 84 84 80 77 77 88 96 98 95 91 87 85 85 -9999 -9999 -9999 -9999 -9999 -9999 -9999 -9999 -9999 -9999 -9999 -9999 -9999 -9999 -9999 -9999 -9999 87 89 91
-9999 -9999 -9999 -9999 -9999 -9999 -9999 -9999 -9999 -9999 -9999 -9999 -9999 -9999 -9999 -9999 -9999 -9999 -9999 -9999 -9999 -9999 -9999 -9999 -9999 57 -9999 -9999 -9999 70 67 66 68 63 -9999 -9999 -9999 -9999 -9999 -9999 -9999 -9999 -9999 -9999 -9999 -9999 -9999 -9999 -9999 -9999 -9999 -9999 -9999 -9999 -9999 -9999 -9999 -9999 -9999 99 101 98 93 83 87 86 81 74 79 87 91 90 85 83 85 86 86 87 88 -9999 -9999 -9999 -9999 -9999 -9999 -9999 -9999 -9999 -9999 -9999 -9999 -9999 85 87 89 92
-9999 -9999 -9999 -9999 -9999 -9999 -9999 -9999 -9999 -9999 -9999 -9999 -9999 -9999 -9999 -9999 -9999 -9999 -9999 -9999 -9999 -9999 -9999 -9999 -9999 68 -9999 77 75 73 69 68 73 77 -9999 -9999 -9999 -9999 -9999 -9999 -9999 -9999 -9999 -9999 -9999 -9999 -9999 -9999 -9999 -9999 -9999 -9999 -9999 -9999 -9999 -9999 -9999 -9999 -9999 97 95 94 92 86 76 76 76 75 76 79 80 83 84 83 84 87 90 92 92 90 89 -9999 -9999 -9999 -9999 -9999 -9999 -9999 -9999 -9999 -9999 -9999 84 87 90 93
-9999 -9999 -9999 -9999 -9999 -9999 -9999 -9999 -9999 -9999 -9999 -9999 -9999 -9999 -9999 -9999 -9999 -9999 -9999 -9999 -9999 -9999 -9999 -9999 -9999 73 77 81 78 78 76 72 71 73 76 -9999 -9999 -9999 -9999 -9999 -9999 -9999 -9999 -9999 -9999 -9999 -9999 -9999 -9999 -9999 -9999 -9999 -9999 -9999 -9999 -9999 -9999 -9999 -9999 76 90 91 84 85 82 75 65 75 69 75 73 77 84 85 86 88 91 95 93 91 90 89 86 -9999 -9999 -9999 -9999 -9999 -9999 -9999 -9999 -9999 84 87 90 93
-9999 -9999 -9999 -9999 -9999 -9999 -9999 -9999 -9999 -9999 -9999 -9999 -9999 -9999 -9999 -9999 -9999 -9999 -9999 -9999 -9999 -9999 -9999 -9999 -9999 78 82 83 83 82 76 72 72 74 75 -9999 -9999 -9999 -9999 -9999 -9999 -9999 -9999 -9999 -9999 -9999 -9999 -9999 -9999 -9999 -9999 -9999 -9999 -9999 -9999 -9999 -9999 -9999 -9999 -9999 -9999 -9999 74 70 77 87 84 77 78 73 69 73 76 82 85 88 90 90 89 89 92 90 86 82 81 -9999 -9999 -9999 -9999 -9999 -9999 -9999 84 87 90 92
-9999 -9999 -9999 -9999 -9999 -9999 -9999 -9999 -9999 -9999 -9999 -9999 -9999 -9999 -9999 -9999 -9999 -9999 -9999 -9999 -9999 -9999 -9999 -9999 -9999 -9999 81 85 83 79 80 76 76 75 74 -9999 -9999 -9999 -9999 -9999 -9999 -9999 -9999 -9999 -9999 -9999 -9999 -9999 -9999 -9999 -9999 -9999 -9999 -9999 -9999 -9999 -9999 -9999 -9999 -9999 -9999 -9999 -9999 -9999 -9999 84 77 75 67 70 65 67 70 78 84 85 86 88 -9999 84 90 90 87 84 83 80 -9999 -9999 -9999 -9999 -9999 -9999 82 86 89 93
-9999 -9999 -9999 -9999 -9999 -9999 -9999 -9999 -9999 -9999 -9999 -9999 -9999 -9999 -9999 -9999 -9999 -9999 -9999 -9999 -9999 -9999 -9999 -9999 -9999 -9999 83 83 84 84 83 77 75 74 -9999 -9999 -9999 -9999 -9999 -9999 -9999 -9999 -9999 -9999 -9999 -9999 -9999 -9999 -9999 -9999 -9999 -9999 -9999 -9999 -9999 -9999 -9999 -9999 -9999 -9999 -9999 -9999 -9999 -9999 -9999 76 73 69 62 67 64 66 70 76 79 82 84 -9999 -9999 -9999 -9999 88 86 85 84 79 72 -9999 -9999 -9999 -9999 -9999 82 84 88 90
73 72 -9999 -9999 -9999 -9999 -9999 -9999 -9999 -9999 -9999 -9999 -9999 -9999 -9999 -9999 -9999 -9999 -9999 -9999 -9999 -9999 -9999 -9999 -9999 -9999 81 82 85 85 81 74 71 73 71 -9999 -9999 -9999 -9999 -9999 -9999 -9999 -9999 -9999 -9999 -9999 -9999 -9999 -9999 -9999 -9999 -9999 -9999 -9999 -9999 -9999 -9999 -9999 -9999 -9999 -9999 -9999 -9999 -9999 -9999 -9999 -9999 68 70 70 64 61 64 70 72 78 -9999 -9999 -9999 -9999 -9999 -9999 -9999 83 80 74 67 -9999 -9999 -9999 -9999 -9999 -9999 -9999 90 91
73 72 -9999 -9999 -9999 -9999 -9999 -9999 -9999 -9999 -9999 -9999 -9999 -9999 -9999 -9999 -9999 -9999 -9999 -9999 -9999 -9999 -9999 -9999 -9999 -9999 80 82 85 86 82 76 74 74 73 -9999 -9999 -9999 -9999 -9999 -9999 -9999 -9999 -9999 -9999 -9999 -9999 -9999 -9999 -9999 -9999 -9999 -9999 -9999 -9999 -9999 -9999 -9999 -9999 -9999 -9999 -9999 -9999 -9999 -9999 -9999 -9999 -9999 -9999 -9999 68 63 61 61 68 76 -9999 -9999 -9999 -9999 -9999 -9999 -9999 -9999 75 68 65 -9999 -9999 -9999 -9999 -9999 82 -9999 -9999 96
-9999 -9999 -9999 -9999 -9999 -9999 -9999 -9999 -9999 -9999 -9999 -9999 -9999 -9999 -9999 -9999 -9999 -9999 -9999 -9999 -9999 -9999 -9999 -9999 -9999 -9999 78 82 86 87 85 81 77 75 -9999 -9999 -9999 -9999 -9999 -9999 -9999 -9999 -9999 -9999 -9999 -9999 -9999 -9999 -9999 -9999 -9999 -9999 -9999 -9999 -9999 -9999 -9999 -9999 -9999 -9999 -9999 -9999 -9999 -9999 -9999 -9999 -9999 -9999 -9999 -9999 71 62 61 70 73 74 -9999 -9999 -9999 -9999 -9999 -9999 -9999 -9999 -9999 -9999 63 -9999 -9999 -9999 -9999 -9999 -9999 -9999 91 94
-9999 -9999 -9999 -9999 -9999 -9999 -9999 -9999 -9999 -9999 -9999 -9999 -9999 -9999 -9999 -9999 -9999 -9999 -9999 -9999 -9999 -9999 -9999 -9999 -9999 -9999 81 84 90 92 89 83 79 75 -9999 -9999 -9999 -9999 -9999 -9999 -9999 -9999 -9999 -9999 -9999 -9999 -9999 -9999 -9999 -9999 -9999 -9999 -9999 -9999 -9999 -9999 -9999 -9999 -9999 -9999 -9999 -9999 -9999 -9999 -9999 -9999 -9999 -9999 -9999 -9999 -9999 63 65 69 68 69 72 75 -9999 -9999 -9999 -9999 -9999 -9999 -9999 -9999 -9999 -9999 -9999 -9999 -9999 -9999 -9999 -9999 93 95
-9999 -9999 -9999 -9999 -9999 -9999 -9999 -9999 -9999 -9999 -9999 -9999 -9999 -9999 -9999 -9999 -9999 -9999 -9999 -9999 -9999 -9999 -9999 -9999 -9999 -9999 83 84 91 99 93 82 77 74 -9999 -9999 -9999 -9999 -9999 -9999 -9999 -9999 -9999 -9999 -9999 -9999 -9999 -9999 -9999 -9999 -9999 -9999 -9999 -9999 -9999 -9999 -9999 -9999 -9999 -9999 -9999 -9999 -9999 -9999 -9999 -9999 -9999 -9999 -9999 -9999 -9999 66 63 68 62 63 68 74 78 -9999 -9999 -9999 -9999 -9999 -9999 -9999 -9999 -9999 -9999 -9999 -9999 -9999 -9999 -9999 -9999 96
