resultados/variables_proyeccion_tiempo/variables_futuro_ccsm_A1B/bio2.asc
ncols 330
nrows 228
xllcorner -12.000000
yllcorner 34.000000
cellsize 0.166667
NODATA_value -9999
[rows 49 to 97 of 228, columns 96 to 191 of 330]
-9999 -9999 -9999 -9999 -9999 -9999 -9999 -9999 -9999 -9999 -9999 -9999 -9999 -9999 -9999 -9999 -9999 -9999 -9999 -9999 -9999 -9999 -9999 -9999 -9999 52 53 54 56 56 -9999 -9999 60 61 61 61 62 63 62 62 62 61 62 62 62 62 62 62 62 62 62 62 62 62 62 62 62 63 63 63 64 64 65 65 66 67 68 69 70 72 73 74 75 76 77 78 79 80 80 81 81 82 82 82 82 82 81 81 81 81 82 82 82 82 81 81
-9999 -9999 -9999 -9999 -9999 -9999 -9999 -9999 -9999 -9999 -9999 -9999 -9999 -9999 -9999 -9999 -9999 -9999 -9999 -9999 -9999 -9999 -9999 -9999 -9999 -9999 54 55 56 58 59 61 62 62 62 63 63 64 63 63 63 63 63 63 63 63 63 63 63 63 63 62 63 63 63 63 63 63 64 64 64 65 65 66 67 68 69 70 71 72 73 74 75 76 77 78 79 80 80 81 81 81 81 81 81 81 80 80 80 80 81 81 81 81 81 81
-9999 -9999 -9999 -9999 -9999 -9999 -9999 -9999 -9999 -9999 -9999 -9999 -9999 -9999 -9999 -9999 -9999 -9999 -9999 -9999 -9999 -9999 -9999 51 52 53 54 56 57 59 60 62 62 63 64 64 65 65 65 65 64 64 64 64 64 64 64 64 63 63 63 63 63 64 63 64 64 64 64 64 65 65 66 66 67 68 69 70 71 72 73 74 76 76 78 79 79 80 80 80 80 80 80 80 80 79 79 79 79 79 79 80 81 81 81 -9999
-9999 -9999 -9999 -9999 -9999 -9999 -9999 -9999 -9999 -9999 -9999 -9999 -9999 -9999 -9999 -9999 -9999 -9999 -9999 -9999 -9999 -9999 -9999 52 52 54 55 57 59 60 62 63 63 64 65 65 66 66 66 65 65 65 65 65 65 64 64 64 64 64 64 64 64 64 64 64 64 65 65 65 65 65 66 66 68 69 70 71 72 73 74 75 76 77 78 79 80 80 80 81 80 80 80 79 79 78 78 78 78 78 79 -9999 -9999 -9999 -9999 -9999
-9999 -9999 -9999 -9999 -9999 -9999 -9999 -9999 -9999 -9999 -9999 -9999 -9999 -9999 -9999 -9999 -9999 -9999 -9999 -9999 47 49 50 52 53 55 56 58 60 61 63 63 64 65 66 66 67 67 66 66 66 66 65 65 65 66 65 65 65 64 64 64 64 65 65 65 65 65 65 65 66 66 66 67 68 70 71 72 73 74 74 76 77 78 79 80 80 81 81 81 81 80 79 78 78 77 78 78 78 -9999 -9999 -9999 -9999 -9999 -9999 -9999
-9999 -9999 -9999 -9999 -9999 -9999 -9999 -9999 -9999 -9999 -9999 -9999 -9999 -9999 -9999 -9999 38 40 42 45 47 49 51 53 54 56 58 60 61 62 63 64 65 66 66 66 67 67 67 67 66 66 66 66 65 65 66 66 65 65 65 65 65 65 66 66 66 66 66 66 67 67 67 68 69 70 71 72 73 74 75 76 77 79 79 80 81 81 81 81 81 80 79 78 77 77 77 78 -9999 -9999 -9999 -9999 -9999 -9999 -9999 -9999
-9999 -9999 -9999 -9999 -9999 -9999 -9999 -9999 -9999 -9999 -9999 -9999 -9999 36 34 37 38 40 42 46 48 51 52 54 56 58 60 61 62 63 64 64 65 66 66 68 68 67 67 67 66 66 67 67 66 66 66 66 66 65 66 66 66 66 66 66 67 67 67 67 67 68 68 69 70 71 72 73 74 75 76 77 78 79 80 81 81 82 82 82 82 80 79 77 76 76 -9999 -9999 -9999 -9999 -9999 -9999 -9999 -9999 -9999 -9999
-9999 -9999 -9999 -9999 -9999 -9999 -9999 -9999 -9999 -9999 -9999 -9999 36 38 37 38 40 43 45 48 50 52 54 56 58 59 60 62 63 64 65 66 66 67 67 68 68 68 68 67 67 67 67 67 67 67 67 66 66 66 66 66 66 67 67 67 67 67 68 68 68 69 69 70 71 72 73 74 75 76 76 78 78 79 81 81 82 82 82 83 83 81 80 77 76 -9999 -9999 -9999 -9999 -9999 -9999 -9999 -9999 -9999 -9999 -9999
-9999 -9999 -9999 -9999 -9999 -9999 -9999 -9999 -9999 38 38 38 38 38 39 41 43 45 48 50 52 54 55 57 59 60 62 64 63 64 65 65 66 67 67 68 68 69 69 69 68 69 68 67 67 67 67 67 67 67 67 67 67 67 68 68 68 68 69 69 69 70 70 71 72 73 74 74 75 76 77 78 79 80 81 81 82 82 82 83 83 82 81 -9999 -9999 -9999 -9999 -9999 -9999 -9999 -9999 -9999 -9999 -9999 -9999 -9999
-9999 -9999 -9999 -9999 -9999 -9999 38 38 38 39 39 39 40 41 42 44 46 48 50 52 54 56 57 58 61 62 63 65 66 66 66 67 68 70 69 69 70 70 70 70 70 69 68 68 68 67 68 68 68 67 67 67 67 68 68 68 68 69 69 70 70 70 71 72 73 73 74 75 76 77 77 78 79 80 80 81 81 81 82 82 82 82 -9999 -9999 -9999 -9999 -9999 -9999 -9999 -9999 -9999 -9999 -9999 -9999 -9999 -9999
-9999 -9999 -9999 -9999 -9999 -9999 38 39 39 40 40 41 42 43 44 46 48 49 51 53 55 57 58 59 60 62 64 66 67 70 71 71 69 70 70 72 72 71 71 71 70 70 69 69 69 69 68 68 68 68 68 68 68 68 69 69 69 70 70 70 71 71 72 73 74 75 75 76 77 77 78 78 79 80 80 81 81 81 81 81 81 82 -9999 -9999 -9999 -9999 -9999 -9999 -9999 -9999 -9999 -9999 -9999 -9999 -9999 -9999
-9999 -9999 -9999 -9999 -9999 39 39 40 40 41 42 43 44 44 46 47 49 51 53 55 56 58 60 62 63 65 66 68 70 72 72 73 73 70 70 70 72 72 71 70 70 71 71 69 69 69 69 69 69 69 69 69 69 69 69 69 70 70 71 71 72 72 73 74 74 75 76 77 77 78 78 79 79 80 81 81 81 81 80 80 81 -9999 -9999 -9999 -9999 -9999 -9999 -9999 -9999 -9999 -9999 -9999 -9999 -9999 -9999 -9999
-9999 -9999 -9999 -9999 -9999 40 40 41 41 43 44 45 46 47 48 49 51 52 54 56 57 59 61 61 63 65 68 68 68 72 74 75 75 76 74 73 72 72 72 72 72 72 71 71 70 70 69 69 69 69 69 69 69 70 70 70 70 71 72 72 73 73 74 74 75 76 77 77 78 78 79 79 80 80 80 81 81 80 80 79 79 -9999 -9999 -9999 -9999 -9999 -9999 -9999 -9999 -9999 -9999 -9999 -9999 -9999 -9999 -9999
-9999 -9999 -9999 -9999 41 42 42 42 43 44 45 46 47 48 49 51 51 53 56 59 59 62 63 63 64 64 65 66 69 73 73 76 75 76 77 76 75 74 72 72 72 72 72 71 70 70 70 69 69 69 69 69 69 70 71 71 71 72 72 73 73 74 75 75 76 77 78 79 79 79 80 80 80 80 81 81 80 80 79 79 79 -9999 -9999 -9999 -9999 -9999 -9999 -9999 -9999 -9999 -9999 -9999 -9999 -9999 -9999 -9999
-9999 -9999 -9999 -9999 -9999 43 43 44 45 46 47 47 49 49 50 51 54 55 58 61 63 62 63 66 65 67 68 69 71 72 75 76 76 75 76 76 75 76 74 72 72 72 72 71 71 70 70 70 70 70 70 70 70 71 71 72 72 72 73 74 74 75 76 76 77 78 79 79 80 80 80 80 81 81 81 80 80 79 79 -9999 -9999 -9999 -9999 -9999 -9999 -9999 -9999 -9999 -9999 -9999 -9999 -9999 -9999 -9999 -9999 -9999
-9999 -9999 -9999 -9999 42 44 44 45 46 47 47 48 49 51 51 54 54 57 60 62 63 65 66 65 67 69 70 71 75 78 77 77 76 77 77 77 77 77 75 73 72 72 71 72 71 71 70 70 70 70 70 70 71 71 72 72 72 73 74 74 75 76 77 77 78 79 80 80 80 81 81 81 81 81 81 80 80 79 78 78 -9999 -9999 -9999 -9999 -9999 -9999 -9999 -9999 -9999 -9999 -9999 -9999 -9999 -9999 -9999 -9999
-9999 -9999 -9999 -9999 43 44 45 46 47 48 49 49 50 51 53 55 55 58 60 61 64 64 65 66 67 68 70 75 78 80 82 79 78 78 76 77 77 76 76 74 73 72 72 71 71 71 70 70 70 70 70 71 71 71 72 72 73 74 74 75 75 76 77 78 79 79 80 80 81 81 81 81 81 81 80 80 79 78 77 -9999 -9999 -9999 -9999 -9999 -9999 -9999 -9999 -9999 -9999 -9999 -9999 -9999 -9999 -9999 -9999 -9999
-9999 -9999 -9999 -9999 44 46 46 47 47 48 48 50 50 51 53 53 56 57 59 60 61 61 63 64 66 70 72 73 76 78 79 81 80 80 79 78 78 76 75 74 73 72 71 71 71 70 70 70 70 70 70 71 71 71 72 72 73 74 75 75 76 76 77 78 79 80 81 81 82 82 82 81 81 81 80 79 79 78 76 76 -9999 -9999 -9999 -9999 -9999 -9999 -9999 -9999 -9999 -9999 -9999 -9999 -9999 -9999 -9999 -9999
-9999 -9999 -9999 -9999 44 46 47 49 48 49 51 50 52 52 54 55 56 57 58 59 60 62 63 67 68 69 72 75 79 81 80 78 79 80 80 78 77 76 74 74 73 72 71 71 70 70 70 69 69 70 70 70 71 71 72 72 73 74 75 75 76 77 78 78 79 80 81 81 82 83 83 82 81 80 80 79 78 77 76 75 -9999 -9999 -9999 -9999 -9999 -9999 -9999 -9999 -9999 -9999 -9999 -9999 -9999 -9999 -9999 -9999
-9999 -9999 -9999 -9999 45 46 48 50 50 50 51 51 52 53 54 56 57 58 58 60 60 62 63 65 69 72 74 76 77 79 84 79 78 77 79 78 76 75 74 73 72 70 70 70 69 69 69 69 69 69 70 70 71 71 72 73 73 74 75 75 76 77 78 78 79 80 81 82 83 83 83 82 81 80 79 78 77 76 75 74 74 74 73 73 -9999 -9999 72 -9999 -9999 -9999 -9999 -9999 -9999 -9999 -9999 -9999
-9999 -9999 -9999 -9999 -9999 46 48 50 50 50 51 50 51 53 54 55 57 57 59 60 62 63 65 66 68 70 72 75 76 76 76 80 80 78 76 75 75 74 73 71 70 70 69 69 68 68 68 69 69 69 69 70 71 72 72 73 74 74 75 76 77 77 78 79 80 80 81 81 82 83 82 82 81 80 79 78 77 76 74 73 73 72 72 71 71 70 70 -9999 -9999 -9999 -9999 -9999 -9999 69 69 69
-9999 -9999 -9999 -9999 -9999 46 47 50 50 50 50 51 52 53 52 54 54 56 57 59 60 62 64 65 67 68 70 71 74 77 77 76 76 77 76 75 73 72 71 70 69 69 68 68 68 68 68 68 68 69 69 70 71 71 72 73 74 75 75 76 77 77 78 79 80 80 81 81 82 82 81 81 80 79 78 77 76 75 74 73 72 71 70 69 69 68 68 68 68 -9999 -9999 -9999 -9999 68 68 68
-9999 -9999 -9999 -9999 -9999 -9999 46 46 48 49 50 51 51 51 51 54 54 55 56 58 60 61 63 64 66 67 68 70 73 73 77 76 77 76 74 72 71 70 69 68 67 67 67 66 66 66 67 67 68 68 69 70 71 72 72 73 74 75 76 76 77 78 78 79 80 80 81 81 81 81 81 80 79 79 77 77 75 74 73 72 71 70 69 68 67 67 66 66 66 66 -9999 -9999 -9999 -9999 68 68
-9999 -9999 -9999 -9999 -9999 -9999 44 45 46 48 48 49 50 50 52 53 54 55 56 58 59 61 61 63 65 66 67 68 72 73 73 73 74 72 71 69 68 67 66 66 66 65 65 64 65 65 66 66 67 68 69 70 70 71 73 73 74 75 76 76 77 78 78 79 80 80 80 81 81 80 80 80 79 78 77 76 75 73 72 71 70 69 68 67 66 66 65 65 65 65 65 -9999 -9999 -9999 -9999 -9999
-9999 -9999 -9999 -9999 -9999 -9999 -9999 44 46 46 48 48 50 50 51 52 54 54 55 57 59 61 61 62 64 65 65 68 69 70 71 70 70 69 67 66 64 63 62 62 61 62 62 62 63 64 65 65 66 67 68 69 70 71 72 73 74 75 76 77 77 78 79 79 80 80 80 80 80 80 79 79 78 77 76 75 73 72 71 70 69 68 67 65 65 64 64 64 64 64 65 65 -9999 -9999 -9999 -9999
-9999 -9999 -9999 -9999 -9999 -9999 -9999 42 44 45 46 47 48 49 50 52 53 53 54 56 58 58 60 62 63 64 65 66 66 68 68 68 67 65 64 62 60 59 57 58 57 58 59 60 61 62 63 64 65 66 67 69 70 71 72 73 74 75 76 77 77 78 78 79 79 80 80 80 79 79 79 78 77 76 75 74 73 72 70 69 68 67 65 64 63 63 62 63 63 63 -9999 -9999 -9999 -9999 -9999 -9999
-9999 -9999 -9999 -9999 -9999 -9999 -9999 41 42 44 45 46 47 48 49 50 51 52 53 54 56 57 58 60 61 62 63 64 64 64 65 64 63 62 60 58 56 54 52 53 52 54 56 57 59 60 62 63 64 66 67 68 70 71 72 73 74 75 76 77 77 78 78 79 79 79 79 79 79 78 78 77 76 75 74 73 72 71 69 68 67 66 65 63 62 62 62 62 62 62 -9999 -9999 -9999 -9999 -9999 -9999
-9999 -9999 -9999 -9999 -9999 35 -9999 39 41 43 44 45 46 47 48 49 49 51 52 53 54 55 56 58 59 59 60 61 62 62 62 61 60 58 57 54 52 50 48 48 49 50 52 55 56 59 60 62 64 65 66 68 69 70 71 72 74 75 76 77 78 78 78 79 79 79 79 78 78 77 77 76 75 74 73 72 71 69 68 67 66 65 64 62 61 61 61 62 62 62 -9999 -9999 -9999 -9999 -9999 -9999
-9999 -9999 -9999 -9999 -9999 -9999 -9999 39 40 42 43 44 45 46 47 48 48 50 50 51 53 54 54 55 56 57 58 58 59 59 59 58 57 56 54 52 49 46 44 -9999 46 48 50 52 55 57 59 61 63 65 66 68 69 70 72 73 74 75 76 77 78 78 78 79 79 79 79 78 78 77 76 75 74 73 72 71 70 68 67 66 65 64 63 62 61 61 61 -9999 -9999 -9999 -9999 -9999 -9999 -9999 -9999 -9999
-9999 -9999 -9999 -9999 -9999 -9999 -9999 -9999 -9999 41 42 43 44 44 45 46 47 48 49 50 51 52 53 53 54 55 55 56 56 56 56 56 55 54 53 51 49 -9999 -9999 -9999 -9999 -9999 49 51 54 56 58 60 62 64 66 67 69 70 72 73 74 75 76 77 78 78 79 79 79 78 78 78 77 76 76 75 74 73 72 70 69 68 66 65 64 64 63 62 62 61 60 -9999 -9999 -9999 -9999 -9999 -9999 -9999 -9999 -9999
-9999 -9999 -9999 -9999 -9999 -9999 -9999 -9999 -9999 41 41 42 43 43 44 45 46 47 48 49 50 50 51 51 52 53 53 54 55 55 54 54 54 -9999 -9999 -9999 -9999 -9999 -9999 -9999 -9999 -9999 49 51 53 56 58 60 62 64 66 68 69 71 72 73 74 76 76 78 78 78 79 79 79 78 78 78 77 76 75 74 73 72 71 70 68 67 66 64 64 64 63 63 -9999 -9999 -9999 -9999 -9999 -9999 -9999 -9999 -9999 -9999 -9999 -9999
-9999 -9999 -9999 -9999 -9999 -9999 -9999 -9999 -9999 41 41 41 42 43 43 44 45 46 47 47 48 48 49 50 50 51 52 53 53 54 54 -9999 -9999 -9999 -9999 -9999 -9999 -9999 -9999 -9999 -9999 -9999 -9999 52 54 56 58 61 62 64 66 68 69 71 72 73 74 76 77 78 78 79 79 79 79 78 78 77 76 76 75 74 72 71 70 69 68 67 66 -9999 -9999 -9999 -9999 -9999 -9999 -9999 -9999 -9999 -9999 -9999 -9999 -9999 -9999 -9999 -9999 -9999
-9999 -9999 -9999 -9999 -9999 -9999 -9999 -9999 -9999 -9999 -9999 41 42 43 43 44 44 45 46 46 47 47 48 48 48 49 50 52 53 53 -9999 -9999 -9999 -9999 -9999 -9999 -9999 -9999 -9999 -9999 -9999 -9999 -9999 53 54 56 59 61 63 64 66 68 69 71 72 73 75 76 77 78 79 79 79 79 79 78 78 77 76 75 74 73 72 71 70 69 68 66 -9999 -9999 -9999 -9999 -9999 -9999 -9999 -9999 -9999 -9999 -9999 -9999 -9999 58 -9999 -9999 -9999 -9999
-9999 -9999 -9999 -9999 -9999 -9999 -9999 -9999 -9999 -9999 -9999 -9999 -9999 -9999 43 44 44 45 45 45 46 46 46 46 47 48 49 51 -9999 -9999 -9999 -9999 -9999 -9999 -9999 -9999 -9999 -9999 -9999 -9999 -9999 -9999 -9999 -9999 56 57 59 61 63 64 66 67 69 70 72 73 74 76 77 78 79 79 79 79 79 78 77 76 76 74 73 72 71 70 69 68 67 66 -9999 -9999 -9999 -9999 -9999 -9999 -9999 -9999 -9999 -9999 -9999 -9999 -9999 -9999 -9999 -9999 -9999 -9999
-9999 -9999 -9999 -9999 -9999 -9999 -9999 -9999 -9999 -9999 -9999 -9999 -9999 -9999 -9999 44 44 44 45 45 45 45 45 45 46 47 -9999 -9999 -9999 -9999 -9999 -9999 -9999 -9999 -9999 -9999 -9999 -9999 -9999 -9999 -9999 -9999 -9999 -9999 57 58 60 62 63 65 66 67 69 70 72 73 74 76 77 78 79 80 79 79 78 78 77 76 75 74 73 71 70 69 68 68 67 -9999 -9999 -9999 -9999 -9999 -9999 -9999 -9999 -9999 -9999 -9999 -9999 -9999 -9999 -9999 -9999 -9999 -9999 -9999
-9999 -9999 -9999 -9999 -9999 -9999 -9999 -9999 -9999 -9999 -9999 -9999 -9999 -9999 -9999 -9999 -9999 -9999 44 -9999 -9999 45 -9999 -9999 -9999 -9999 -9999 -9999 -9999 -9999 -9999 -9999 -9999 -9999 -9999 -9999 -9999 -9999 -9999 -9999 -9999 -9999 -9999 -9999 -9999 59 61 62 63 64 66 67 68 70 71 72 74 75 77 78 79 79 79 78 78 77 76 75 74 73 72 71 69 68 68 67 66 -9999 -9999 -9999 -9999 -9999 -9999 -9999 -9999 -9999 -9999 56 56 56 56 57 -9999 -9999 -9999 -9999
-9999 -9999 -9999 -9999 -9999 -9999 -9999 -9999 -9999 -9999 -9999 -9999 -9999 -9999 -9999 -9999 -9999 -9999 -9999 -9999 -9999 -9999 -9999 -9999 -9999 -9999 -9999 -9999 -9999 -9999 -9999 -9999 -9999 -9999 -9999 -9999 -9999 -9999 51 50 -9999 -9999 -9999 -9999 -9999 61 62 63 63 64 65 67 68 69 70 72 74 75 76 78 79 79 79 78 78 77 76 75 74 72 71 70 69 68 67 66 66 -9999 -9999 -9999 -9999 -9999 -9999 -9999 -9999 -9999 55 56 56 56 56 -9999 -9999 -9999 -9999 -9999
-9999 -9999 -9999 -9999 -9999 -9999 -9999 -9999 -9999 -9999 -9999 -9999 -9999 -9999 -9999 -9999 -9999 -9999 -9999 -9999 -9999 -9999 -9999 -9999 -9999 -9999 -9999 -9999 -9999 -9999 -9999 -9999 -9999 -9999 -9999 58 57 55 53 -9999 -9999 -9999 -9999 -9999 -9999 -9999 62 63 64 64 66 66 67 69 70 71 73 74 76 77 78 78 78 77 77 76 75 74 73 72 70 69 68 67 66 66 65 -9999 -9999 -9999 -9999 -9999 -9999 -9999 55 54 55 55 55 -9999 -9999 -9999 -9999 -9999 -9999 -9999
-9999 -9999 -9999 -9999 -9999 -9999 -9999 -9999 -9999 -9999 -9999 -9999 -9999 -9999 -9999 -9999 -9999 -9999 -9999 -9999 -9999 -9999 -9999 -9999 -9999 -9999 -9999 -9999 -9999 -9999 -9999 -9999 -9999 -9999 60 60 59 57 56 56 -9999 -9999 -9999 -9999 -9999 -9999 -9999 63 64 64 65 66 67 68 69 70 72 73 74 75 76 77 77 77 76 76 75 74 72 71 70 69 67 66 66 65 65 -9999 62 -9999 -9999 -9999 -9999 -9999 55 54 54 54 55 55 -9999 -9999 -9999 -9999 -9999 -9999
-9999 -9999 -9999 -9999 -9999 -9999 -9999 -9999 -9999 -9999 -9999 -9999 -9999 -9999 -9999 -9999 -9999 -9999 -9999 -9999 -9999 -9999 -9999 -9999 -9999 -9999 -9999 -9999 -9999 -9999 -9999 -9999 62 63 63 63 61 60 59 58 -9999 57 58 58 -9999 -9999 -9999 -9999 64 64 65 65 66 67 69 70 71 72 73 74 75 75 76 76 76 75 74 73 72 70 69 68 67 66 65 65 -9999 62 62 -9999 -9999 -9999 -9999 -9999 55 55 54 54 55 -9999 -9999 -9999 -9999 -9999 -9999 -9999
-9999 -9999 -9999 -9999 -9999 -9999 -9999 -9999 -9999 -9999 -9999 -9999 -9999 -9999 -9999 -9999 -9999 -9999 -9999 -9999 -9999 -9999 -9999 -9999 -9999 -9999 55 56 57 59 61 62 63 64 65 65 64 63 62 -9999 -9999 -9999 -9999 -9999 -9999 -9999 -9999 -9999 -9999 64 64 65 66 67 67 68 69 70 71 72 73 74 74 75 75 75 73 72 70 69 68 67 65 65 64 64 -9999 62 62 -9999 -9999 -9999 -9999 -9999 -9999 55 54 -9999 -9999 -9999 -9999 -9999 -9999 -9999 -9999 -9999
-9999 -9999 -9999 -9999 -9999 -9999 -9999 -9999 -9999 -9999 -9999 -9999 -9999 -9999 -9999 -9999 -9999 -9999 -9999 -9999 -9999 -9999 -9999 -9999 -9999 53 55 57 59 61 62 64 64 65 66 66 66 65 -9999 -9999 -9999 -9999 -9999 -9999 -9999 -9999 -9999 -9999 -9999 -9999 64 64 65 66 66 67 68 69 70 70 71 72 73 74 74 73 72 70 69 68 67 66 64 64 63 62 62 62 -9999 -9999 -9999 -9999 -9999 -9999 -9999 55 55 -9999 -9999 -9999 -9999 -9999 -9999 -9999 -9999 -9999
-9999 -9999 -9999 -9999 -9999 -9999 -9999 -9999 -9999 -9999 -9999 -9999 -9999 -9999 -9999 -9999 -9999 -9999 -9999 -9999 -9999 -9999 -9999 -9999 -9999 53 55 58 60 62 64 65 66 66 67 67 67 67 67 -9999 -9999 -9999 -9999 -9999 -9999 61 -9999 -9999 -9999 -9999 -9999 64 64 65 65 66 67 67 68 68 69 70 70 71 72 71 70 69 68 66 65 64 64 63 63 62 62 -9999 -9999 -9999 -9999 -9999 -9999 -9999 -9999 -9999 -9999 -9999 -9999 -9999 -9999 -9999 -9999 -9999 -9999 -9999
-9999 -9999 -9999 -9999 -9999 -9999 -9999 -9999 -9999 -9999 -9999 -9999 -9999 -9999 -9999 -9999 -9999 -9999 -9999 -9999 -9999 -9999 -9999 -9999 51 52 56 59 62 64 66 67 67 67 67 68 68 68 68 66 64 -9999 -9999 -9999 -9999 -9999 -9999 -9999 -9999 -9999 -9999 -9999 63 64 64 65 65 66 66 66 67 67 68 68 68 68 67 66 66 65 64 63 63 63 62 62 62 -9999 -9999 -9999 -9999 -9999 -9999 -9999 -9999 -9999 -9999 -9999 -9999 -9999 -9999 -9999 -9999 -9999 -9999 -9999
-9999 -9999 -9999 -9999 -9999 -9999 -9999 -9999 -9999 -9999 -9999 -9999 -9999 -9999 -9999 -9999 -9999 -9999 -9999 -9999 -9999 -9999 -9999 -9999 54 55 58 61 63 66 68 68 68 68 68 68 68 68 68 68 65 61 -9999 -9999 -9999 -9999 -9999 -9999 -9999 -9999 -9999 62 62 63 63 63 64 64 64 64 65 65 65 65 65 65 64 64 63 63 62 62 62 -9999 62 62 -9999 -9999 -9999 -9999 -9999 -9999 -9999 -9999 -9999 -9999 -9999 -9999 -9999 -9999 -9999 -9999 -9999 -9999 -9999 -9999
-9999 -9999 -9999 -9999 -9999 -9999 -9999 -9999 -9999 -9999 -9999 -9999 -9999 -9999 -9999 -9999 -9999 -9999 -9999 -9999 -9999 -9999 -9999 -9999 58 58 60 62 64 66 69 69 69 68 68 67 67 67 68 67 64 61 -9999 -9999 -9999 -9999 57 -9999 -9999 -9999 -9999 61 62 62 62 62 63 62 63 62 62 62 62 62 62 62 62 62 61 61 61 61 61 -9999 62 62 -9999 -9999 -9999 -9999 -9999 -9999 -9999 -9999 -9999 -9999 -9999 -9999 -9999 -9999 -9999 -9999 -9999 -9999 -9999 -9999
-9999 -9999 -9999 -9999 -9999 -9999 -9999 -9999 -9999 -9999 -9999 -9999 -9999 -9999 -9999 -9999 -9999 -9999 -9999 -9999 -9999 -9999 -9999 -9999 60 60 61 62 64 66 68 68 68 68 67 66 66 66 -9999 64 62 -9999 -9999 -9999 -9999 -9999 -9999 -9999 60 60 61 62 62 62 62 62 62 61 61 60 60 60 59 59 59 60 60 -9999 60 60 60 61 -9999 -9999 -9999 -9999 -9999 -9999 -9999 -9999 -9999 -9999 -9999 -9999 -9999 -9999 -9999 -9999 -9999 -9999 -9999 -9999 -9999 -9999 -9999 -9999
-9999 -9999 -9999 -9999 -9999 -9999 -9999 -9999 -9999 -9999 -9999 -9999 -9999 -9999 -9999 -9999 -9999 -9999 -9999 -9999 -9999 -9999 -9999 -9999 60 60 61 62 64 65 67 67 67 67 66 65 65 65 -9999 57 -9999 -9999 49 51 -9999 53 55 59 61 62 63 63 62 62 61 61 61 60 59 59 58 58 58 -9999 -9999 -9999 -9999 -9999 -9999 -9999 -9999 -9999 -9999 -9999 -9999 -9999 -9999 -9999 -9999 -9999 -9999 -9999 -9999 -9999 -9999 -9999 -9999 -9999 -9999 -9999 -9999 -9999 -9999 -9999 -9999 -9999
-9999 -9999 -9999 -9999 -9999 -9999 -9999 -9999 -9999 -9999 -9999 -9999 -9999 -9999 -9999 -9999 -9999 -9999 -9999 -9999 -9999 -9999 -9999 -9999 -9999 58 59 61 62 64 66 66 67 66 66 66 66 63 -9999 55 -9999 -9999 45 47 50 52 55 58 61 64 64 63 -9999 61 61 61 60 59 59 58 56 56 -9999 -9999 -9999 -9999 -9999 -9999 -9999 -9999 -9999 -9999 -9999 -9999 -9999 -9999 -9999 -9999 -9999 -9999 -9999 -9999 -9999 -9999 -9999 -9999 -9999 -9999 -9999 -9999 -9999 -9999 -9999 -9999 -9999 -9999
