resultados/variables_proyeccion_tiempo/variables_futuro_ccsm_A1B/bio2.asc
ncols 330
nrows 228
xllcorner -12.000000
yllcorner 34.000000
cellsize 0.166667
NODATA_value -9999
[rows 147 to 195 of 228, columns 0 to 95 of 330]
-9999 -9999 -9999 -9999 -9999 -9999 -9999 -9999 -9999 -9999 -9999 -9999 -9999 -9999 -9999 -9999 -9999 -9999 -9999 -9999 -9999 -9999 -9999 -9999 -9999 -9999 -9999 -9999 -9999 -9999 -9999 -9999 -9999 -9999 -9999 -9999 -9999 -9999 -9999 -9999 -9999 -9999 -9999 -9999 -9999 -9999 -9999 -9999 -9999 -9999 -9999 -9999 69 70 71 -9999 -9999 78 80 82 84 86 88 89 90 91 93 95 96 97 98 98 98 98 98 98 97 97 97 98 98 98 98 98 99 99 99 99 100 101 100 99 98 97 95 92
-9999 -9999 -9999 -9999 -9999 -9999 -9999 -9999 -9999 -9999 -9999 -9999 -9999 -9999 -9999 -9999 -9999 -9999 -9999 -9999 -9999 -9999 -9999 -9999 -9999 -9999 -9999 -9999 -9999 -9999 -9999 -9999 -9999 -9999 -9999 -9999 -9999 -9999 -9999 -9999 -9999 -9999 -9999 -9999 -9999 -9999 -9999 -9999 -9999 -9999 -9999 -9999 69 69 -9999 -9999 -9999 77 79 81 84 85 87 88 89 90 92 94 95 97 97 98 98 98 98 98 98 98 98 98 98 98 98 99 100 100 100 100 101 103 102 99 98 97 94 87
-9999 -9999 -9999 -9999 -9999 -9999 -9999 -9999 -9999 -9999 -9999 -9999 -9999 -9999 -9999 -9999 -9999 -9999 -9999 -9999 -9999 -9999 -9999 -9999 -9999 -9999 -9999 -9999 -9999 -9999 -9999 -9999 -9999 -9999 -9999 -9999 -9999 -9999 -9999 -9999 -9999 -9999 -9999 -9999 -9999 -9999 -9999 -9999 -9999 -9999 -9999 -9999 -9999 -9999 -9999 -9999 -9999 -9999 78 81 82 84 86 87 88 89 91 92 94 96 97 98 98 98 99 99 99 99 99 99 98 98 99 99 100 102 102 103 103 104 103 102 98 97 94 87
-9999 -9999 -9999 -9999 -9999 -9999 -9999 -9999 -9999 -9999 -9999 -9999 -9999 -9999 -9999 -9999 -9999 -9999 -9999 -9999 -9999 -9999 -9999 -9999 -9999 -9999 -9999 -9999 -9999 -9999 -9999 -9999 -9999 -9999 -9999 -9999 -9999 -9999 -9999 -9999 -9999 -9999 -9999 -9999 -9999 -9999 -9999 -9999 -9999 -9999 -9999 -9999 -9999 -9999 -9999 -9999 -9999 -9999 77 79 81 83 84 85 86 88 89 91 93 95 96 97 98 99 99 100 100 100 100 100 100 99 98 100 101 102 103 104 104 105 105 104 101 99 96 89
-9999 -9999 -9999 -9999 -9999 -9999 -9999 -9999 -9999 -9999 -9999 -9999 -9999 -9999 -9999 -9999 -9999 -9999 -9999 -9999 -9999 -9999 -9999 -9999 -9999 -9999 -9999 -9999 -9999 -9999 -9999 -9999 -9999 -9999 -9999 -9999 -9999 -9999 -9999 -9999 -9999 -9999 -9999 -9999 -9999 -9999 -9999 -9999 -9999 -9999 -9999 -9999 -9999 -9999 -9999 -9999 -9999 -9999 -9999 78 79 81 82 83 84 86 88 90 92 94 96 97 98 99 100 101 101 102 102 102 101 101 100 101 102 103 104 105 106 106 106 105 103 101 98 93
-9999 -9999 -9999 -9999 -9999 -9999 -9999 -9999 -9999 -9999 -9999 -9999 -9999 -9999 -9999 -9999 -9999 -9999 -9999 -9999 -9999 -9999 -9999 -9999 -9999 -9999 -9999 -9999 -9999 -9999 -9999 -9999 -9999 -9999 -9999 -9999 -9999 -9999 -9999 -9999 -9999 -9999 -9999 -9999 -9999 -9999 -9999 -9999 -9999 -9999 -9999 -9999 -9999 -9999 -9999 -9999 -9999 -9999 -9999 -9999 78 79 80 81 82 84 86 89 91 93 96 97 99 100 101 102 102 103 103 103 103 103 102 103 104 104 105 106 106 107 107 106 105 103 100 96
-9999 -9999 -9999 -9999 -9999 -9999 -9999 -9999 -9999 -9999 -9999 -9999 -9999 -9999 -9999 -9999 -9999 -9999 -9999 -9999 -9999 -9999 -9999 -9999 -9999 -9999 -9999 -9999 -9999 -9999 -9999 -9999 -9999 -9999 -9999 -9999 -9999 -9999 -9999 -9999 -9999 -9999 -9999 -9999 -9999 -9999 -9999 -9999 -9999 -9999 -9999 -9999 -9999 -9999 -9999 -9999 -9999 -9999 -9999 -9999 -9999 78 79 79 81 82 85 88 91 94 96 98 99 101 102 103 104 105 105 105 105 104 104 104 104 105 106 108 108 108 107 108 108 105 102 99
-9999 -9999 -9999 -9999 -9999 -9999 -9999 -9999 -9999 -9999 -9999 -9999 -9999 -9999 -9999 -9999 -9999 -9999 -9999 -9999 -9999 -9999 -9999 -9999 -9999 -9999 -9999 -9999 -9999 -9999 -9999 -9999 -9999 -9999 -9999 -9999 -9999 -9999 -9999 -9999 -9999 -9999 -9999 -9999 -9999 -9999 -9999 -9999 -9999 -9999 -9999 -9999 -9999 -9999 -9999 -9999 -9999 -9999 -9999 -9999 -9999 -9999 77 78 79 81 84 88 91 94 96 98 100 102 103 105 106 106 107 107 107 106 106 106 106 106 107 107 107 107 109 111 111 107 102 101
-9999 -9999 -9999 -9999 -9999 -9999 -9999 -9999 -9999 -9999 -9999 -9999 -9999 -9999 -9999 -9999 -9999 -9999 -9999 -9999 -9999 -9999 -9999 -9999 -9999 -9999 -9999 -9999 -9999 -9999 -9999 -9999 -9999 -9999 -9999 -9999 -9999 -9999 -9999 -9999 -9999 -9999 -9999 -9999 -9999 -9999 -9999 -9999 -9999 -9999 -9999 -9999 -9999 -9999 -9999 -9999 -9999 -9999 -9999 -9999 -9999 -9999 -9999 78 -9999 81 85 89 92 95 98 100 101 103 104 106 107 108 109 109 108 108 107 107 107 107 107 107 105 107 109 111 111 105 98 100
-9999 -9999 -9999 -9999 -9999 -9999 -9999 -9999 -9999 -9999 -9999 -9999 -9999 -9999 -9999 -9999 -9999 -9999 -9999 -9999 -9999 -9999 -9999 -9999 -9999 -9999 -9999 -9999 -9999 -9999 -9999 -9999 -9999 -9999 -9999 -9999 -9999 -9999 -9999 -9999 -9999 -9999 -9999 -9999 -9999 -9999 -9999 -9999 -9999 -9999 -9999 -9999 -9999 -9999 -9999 -9999 -9999 -9999 -9999 -9999 -9999 -9999 -9999 78 80 83 86 90 94 97 99 101 103 105 106 107 109 110 111 111 111 110 109 108 107 107 106 106 106 105 109 112 111 104 97 98
-9999 -9999 -9999 -9999 -9999 -9999 -9999 -9999 -9999 -9999 -9999 -9999 -9999 -9999 -9999 -9999 -9999 -9999 -9999 -9999 -9999 -9999 -9999 -9999 -9999 -9999 -9999 -9999 -9999 -9999 -9999 -9999 -9999 -9999 -9999 -9999 -9999 -9999 -9999 -9999 -9999 -9999 -9999 -9999 -9999 -9999 -9999 -9999 -9999 -9999 -9999 -9999 -9999 -9999 -9999 -9999 -9999 -9999 -9999 -9999 -9999 -9999 -9999 -9999 83 85 88 92 96 99 101 102 104 106 107 108 110 111 112 113 112 111 110 108 106 106 106 106 104 103 108 111 109 106 96 99
-9999 -9999 -9999 -9999 -9999 -9999 -9999 -9999 -9999 -9999 -9999 -9999 -9999 -9999 -9999 -9999 -9999 -9999 -9999 -9999 -9999 -9999 -9999 -9999 -9999 -9999 -9999 -9999 -9999 -9999 -9999 -9999 -9999 -9999 -9999 -9999 -9999 -9999 -9999 -9999 -9999 -9999 -9999 -9999 -9999 -9999 -9999 -9999 -9999 -9999 -9999 -9999 -9999 -9999 -9999 -9999 -9999 -9999 -9999 -9999 -9999 -9999 -9999 -9999 -9999 87 91 95 98 100 103 104 106 107 108 109 110 111 112 112 112 112 111 108 107 108 108 107 100 101 108 110 107 100 99 92
-9999 -9999 -9999 -9999 -9999 -9999 -9999 -9999 -9999 -9999 -9999 -9999 -9999 -9999 -9999 -9999 -9999 -9999 -9999 -9999 -9999 -9999 -9999 -9999 -9999 -9999 -9999 -9999 -9999 -9999 -9999 -9999 -9999 -9999 -9999 -9999 -9999 -9999 -9999 -9999 -9999 -9999 -9999 -9999 -9999 -9999 -9999 -9999 -9999 -9999 -9999 -9999 -9999 -9999 -9999 -9999 -9999 -9999 -9999 -9999 -9999 -9999 -9999 -9999 -9999 90 93 97 100 102 104 106 107 108 109 110 112 112 113 113 113 113 112 110 110 110 110 109 104 100 104 110 107 100 102 97
-9999 -9999 -9999 -9999 -9999 -9999 -9999 -9999 -9999 -9999 -9999 -9999 -9999 -9999 -9999 -9999 -9999 -9999 -9999 -9999 -9999 -9999 -9999 -9999 -9999 -9999 -9999 -9999 -9999 -9999 -9999 -9999 -9999 -9999 -9999 -9999 -9999 -9999 -9999 -9999 -9999 -9999 -9999 -9999 -9999 -9999 -9999 -9999 -9999 -9999 -9999 -9999 -9999 -9999 -9999 -9999 -9999 -9999 -9999 -9999 -9999 -9999 -9999 -9999 -9999 92 96 99 102 104 106 107 108 109 110 111 112 113 113 114 114 113 113 112 112 111 110 105 104 101 105 107 109 103 99 100
-9999 -9999 -9999 -9999 -9999 -9999 -9999 -9999 -9999 -9999 -9999 -9999 -9999 -9999 -9999 -9999 -9999 -9999 -9999 -9999 -9999 -9999 -9999 -9999 -9999 -9999 -9999 -9999 -9999 -9999 -9999 -9999 -9999 -9999 -9999 -9999 -9999 -9999 -9999 -9999 -9999 -9999 -9999 -9999 -9999 -9999 -9999 -9999 -9999 -9999 -9999 -9999 -9999 -9999 -9999 -9999 -9999 -9999 -9999 -9999 -9999 -9999 -9999 -9999 92 94 98 102 104 106 107 108 109 110 111 112 112 112 113 114 114 114 113 113 112 111 109 105 100 104 105 103 105 104 101 103
-9999 -9999 -9999 -9999 -9999 -9999 -9999 -9999 -9999 -9999 -9999 -9999 -9999 -9999 -9999 -9999 -9999 -9999 -9999 -9999 -9999 -9999 -9999 -9999 -9999 -9999 -9999 -9999 -9999 -9999 -9999 -9999 -9999 -9999 -9999 -9999 -9999 -9999 -9999 -9999 -9999 -9999 -9999 -9999 -9999 -9999 -9999 -9999 -9999 -9999 -9999 -9999 -9999 -9999 -9999 -9999 -9999 -9999 -9999 -9999 -9999 -9999 -9999 -9999 94 96 100 104 106 108 109 110 110 111 112 112 112 113 113 113 114 114 114 113 111 111 110 109 106 106 106 104 99 100 99 99
-9999 -9999 -9999 -9999 -9999 -9999 -9999 -9999 -9999 -9999 -9999 -9999 -9999 -9999 -9999 -9999 -9999 -9999 -9999 -9999 -9999 -9999 -9999 -9999 -9999 -9999 -9999 -9999 -9999 -9999 -9999 -9999 -9999 -9999 -9999 -9999 -9999 -9999 -9999 -9999 -9999 -9999 -9999 -9999 -9999 -9999 -9999 -9999 -9999 -9999 -9999 -9999 -9999 -9999 -9999 -9999 -9999 -9999 -9999 -9999 -9999 -9999 -9999 -9999 94 98 102 106 108 109 110 111 111 112 112 112 112 112 112 113 113 113 113 112 111 112 110 111 108 103 102 102 100 95 98 95
-9999 -9999 -9999 -9999 -9999 -9999 -9999 -9999 -9999 -9999 -9999 -9999 -9999 -9999 -9999 -9999 -9999 -9999 -9999 -9999 -9999 -9999 -9999 -9999 -9999 -9999 -9999 -9999 -9999 -9999 -9999 -9999 -9999 -9999 -9999 -9999 -9999 -9999 -9999 -9999 -9999 -9999 -9999 -9999 -9999 -9999 -9999 -9999 -9999 -9999 -9999 -9999 -9999 -9999 -9999 -9999 -9999 -9999 -9999 -9999 -9999 -9999 -9999 -9999 96 100 104 107 109 111 111 112 112 112 112 112 112 112 112 112 112 112 112 112 113 112 112 112 110 106 100 104 102 97 93 97
-9999 -9999 -9999 -9999 -9999 -9999 -9999 -9999 -9999 -9999 -9999 -9999 -9999 -9999 -9999 -9999 -9999 -9999 -9999 -9999 -9999 -9999 -9999 -9999 -9999 -9999 -9999 -9999 -9999 -9999 -9999 -9999 -9999 -9999 -9999 -9999 -9999 -9999 -9999 -9999 -9999 -9999 -9999 -9999 -9999 -9999 -9999 -9999 -9999 -9999 -9999 -9999 -9999 -9999 -9999 -9999 -9999 -9999 -9999 -9999 -9999 -9999 -9999 -9999 97 100 105 108 110 112 113 113 113 113 112 112 112 111 111 111 111 111 111 111 111 110 111 111 111 111 109 108 105 101 94 99
-9999 -9999 -9999 -9999 -9999 -9999 -9999 -9999 -9999 -9999 -9999 -9999 -9999 -9999 -9999 -9999 -9999 -9999 -9999 -9999 -9999 -9999 -9999 -9999 -9999 -9999 -9999 -9999 -9999 -9999 -9999 -9999 -9999 -9999 -9999 -9999 -9999 -9999 -9999 -9999 -9999 -9999 -9999 -9999 -9999 -9999 -9999 -9999 -9999 -9999 -9999 -9999 -9999 -9999 -9999 -9999 -9999 -9999 -9999 -9999 -9999 -9999 -9999 -9999 96 100 105 109 112 113 114 114 113 113 112 111 111 111 111 111 110 111 110 110 110 109 109 109 108 107 109 107 102 101 101 103
-9999 -9999 -9999 -9999 -9999 -9999 -9999 -9999 -9999 -9999 -9999 -9999 -9999 -9999 -9999 -9999 -9999 -9999 -9999 -9999 -9999 -9999 -9999 -9999 -9999 -9999 -9999 -9999 -9999 -9999 -9999 -9999 -9999 -9999 -9999 -9999 -9999 -9999 -9999 -9999 -9999 -9999 -9999 -9999 -9999 -9999 -9999 -9999 -9999 -9999 -9999 -9999 -9999 -9999 -9999 -9999 -9999 -9999 -9999 -9999 -9999 -9999 -9999 -9999 95 100 105 110 113 115 115 114 114 113 112 111 111 110 110 110 110 110 109 109 109 109 109 108 108 110 110 107 102 98 105 106
-9999 -9999 -9999 -9999 -9999 -9999 -9999 -9999 -9999 -9999 -9999 -9999 -9999 -9999 -9999 -9999 -9999 -9999 -9999 -9999 -9999 -9999 -9999 -9999 -9999 -9999 -9999 -9999 -9999 -9999 -9999 -9999 -9999 -9999 -9999 -9999 -9999 -9999 -9999 -9999 -9999 -9999 -9999 -9999 -9999 -9999 -9999 -9999 -9999 -9999 -9999 -9999 -9999 -9999 -9999 -9999 -9999 -9999 -9999 -9999 -9999 -9999 -9999 92 95 100 105 110 114 116 116 115 114 113 112 111 110 110 109 109 109 108 108 108 108 108 108 108 109 109 107 106 105 106 107 107
-9999 -9999 -9999 -9999 -9999 -9999 -9999 -9999 -9999 -9999 -9999 -9999 -9999 -9999 -9999 -9999 -9999 -9999 -9999 -9999 -9999 -9999 -9999 76 77 80 80 80 -9999 -9999 -9999 -9999 -9999 -9999 -9999 -9999 -9999 -9999 -9999 -9999 -9999 -9999 -9999 -9999 -9999 -9999 -9999 -9999 -9999 -9999 -9999 -9999 -9999 -9999 -9999 -9999 -9999 -9999 -9999 -9999 -9999 -9999 -9999 91 95 100 105 110 113 115 115 115 114 113 112 111 110 109 108 108 107 107 107 106 106 106 105 104 103 104 106 106 106 106 106 106
-9999 -9999 -9999 -9999 -9999 -9999 -9999 -9999 -9999 -9999 -9999 -9999 -9999 -9999 -9999 -9999 -9999 -9999 -9999 -9999 -9999 -9999 73 76 80 83 84 84 85 87 87 89 90 91 90 88 83 80 78 79 78 -9999 -9999 -9999 -9999 -9999 -9999 -9999 -9999 -9999 -9999 -9999 -9999 -9999 -9999 -9999 -9999 -9999 -9999 -9999 -9999 -9999 88 90 96 101 105 109 112 113 114 114 114 112 112 110 109 108 107 106 106 105 105 104 104 104 103 101 100 101 105 106 106 105 105 105
-9999 -9999 -9999 -9999 -9999 -9999 -9999 -9999 -9999 -9999 -9999 -9999 -9999 -9999 -9999 -9999 -9999 -9999 -9999 -9999 -9999 73 75 80 84 86 88 89 90 91 94 95 97 98 97 95 95 91 92 87 86 83 85 86 80 76 74 71 68 67 67 68 68 68 68 73 77 77 -9999 -9999 90 88 88 92 97 102 106 109 111 113 113 113 113 112 111 110 109 107 106 105 104 104 103 102 101 99 99 100 101 103 104 104 104 103 103 -9999
-9999 -9999 -9999 -9999 -9999 -9999 -9999 -9999 -9999 -9999 -9999 -9999 -9999 -9999 -9999 -9999 -9999 64 68 71 75 77 78 83 86 88 90 93 95 97 98 101 102 103 105 106 105 102 102 102 101 99 99 96 91 87 83 79 77 79 79 76 76 74 72 76 82 85 87 89 91 94 96 99 101 103 106 109 110 112 112 111 112 111 110 109 108 107 106 104 103 102 101 100 100 99 99 100 101 101 102 102 102 101 -9999 -9999
-9999 -9999 -9999 -9999 -9999 -9999 -9999 -9999 -9999 -9999 -9999 -9999 -9999 -9999 -9999 -9999 62 66 70 74 78 81 84 86 89 91 93 96 98 100 102 104 106 107 108 109 111 110 110 110 108 107 106 103 98 100 96 91 89 89 90 88 83 82 82 87 89 90 94 95 100 101 102 103 104 104 107 107 106 107 107 109 108 108 107 107 107 106 104 102 101 100 99 98 97 96 95 96 97 98 99 -9999 -9999 -9999 -9999 -9999
-9999 -9999 -9999 -9999 -9999 -9999 -9999 -9999 -9999 -9999 -9999 -9999 -9999 -9999 -9999 -9999 62 66 70 73 77 83 86 88 91 93 95 97 100 102 104 105 107 108 110 111 113 114 114 113 112 111 109 107 106 104 101 97 96 93 91 90 92 92 93 93 95 99 101 103 104 106 107 106 106 105 103 97 100 95 91 98 88 92 98 100 98 97 98 98 94 96 93 94 93 93 91 92 93 94 96 -9999 -9999 -9999 -9999 -9999
-9999 -9999 -9999 -9999 -9999 -9999 -9999 -9999 -9999 -9999 -9999 -9999 -9999 -9999 -9999 -9999 -9999 64 67 71 76 81 86 90 92 95 97 100 101 103 105 108 110 112 112 115 118 119 119 118 116 114 112 110 108 106 103 101 100 98 98 95 96 95 96 98 102 104 106 107 108 110 110 110 109 108 106 103 96 90 88 84 83 86 86 91 92 82 83 86 85 87 87 85 86 87 89 90 91 92 92 -9999 -9999 -9999 -9999 -9999
-9999 -9999 -9999 -9999 -9999 -9999 -9999 -9999 -9999 -9999 -9999 -9999 -9999 -9999 -9999 -9999 -9999 63 66 68 74 84 88 91 93 97 99 102 103 104 108 110 112 114 116 119 121 123 123 121 119 117 116 114 111 109 106 105 104 102 101 99 100 100 100 103 106 108 109 110 110 112 112 112 111 110 109 108 105 102 99 96 96 91 88 84 83 80 85 85 78 80 78 77 79 82 84 85 87 88 88 -9999 -9999 -9999 -9999 -9999
-9999 -9999 -9999 -9999 -9999 -9999 -9999 -9999 -9999 -9999 -9999 -9999 -9999 -9999 -9999 -9999 -9999 -9999 64 68 73 85 89 94 96 98 100 102 105 107 109 111 111 112 117 120 122 124 124 123 121 120 119 117 115 112 110 108 107 105 105 105 105 106 106 106 109 111 112 112 112 113 113 113 112 110 108 108 106 106 103 102 106 104 100 95 95 89 89 85 88 82 81 83 77 75 78 81 82 83 84 84 -9999 -9999 -9999 -9999
-9999 -9999 -9999 -9999 -9999 -9999 -9999 -9999 -9999 -9999 -9999 -9999 -9999 -9999 -9999 -9999 -9999 -9999 66 70 78 87 92 97 99 101 100 99 102 108 106 106 111 114 118 121 123 124 124 124 123 122 121 120 119 116 114 111 109 108 108 109 110 111 112 113 115 116 116 115 114 114 114 114 113 112 111 110 108 106 104 104 107 108 108 103 101 98 92 90 90 83 82 81 82 81 80 80 79 81 82 82 -9999 -9999 -9999 -9999
-9999 -9999 -9999 -9999 -9999 -9999 -9999 -9999 -9999 -9999 -9999 -9999 -9999 -9999 -9999 -9999 -9999 -9999 73 75 81 89 93 93 97 101 102 102 104 107 106 109 115 118 120 122 124 124 125 125 124 124 124 123 122 120 116 114 112 111 111 111 113 114 115 116 117 119 119 119 117 116 115 115 114 113 112 111 110 110 109 111 112 112 108 107 103 101 96 94 89 86 84 84 81 80 78 77 76 77 79 79 -9999 -9999 -9999 -9999
-9999 -9999 -9999 -9999 -9999 -9999 -9999 -9999 -9999 -9999 -9999 -9999 -9999 -9999 -9999 -9999 -9999 -9999 75 78 86 92 92 96 93 95 104 110 109 111 112 115 118 119 121 122 124 124 125 125 125 125 125 125 124 121 118 116 114 113 113 114 115 116 118 120 122 123 122 121 119 117 116 115 114 114 112 112 110 111 111 112 115 116 113 111 106 103 100 95 90 86 84 82 80 78 76 74 72 73 76 77 -9999 -9999 -9999 -9999
-9999 -9999 -9999 -9999 -9999 -9999 -9999 -9999 -9999 -9999 -9999 -9999 -9999 -9999 -9999 -9999 -9999 -9999 77 82 88 94 96 95 95 97 107 111 112 115 113 118 119 120 121 123 124 125 125 126 126 126 126 125 123 121 119 116 115 114 113 114 116 118 120 123 125 126 124 122 119 116 116 115 115 114 113 113 111 110 112 114 116 117 119 118 114 107 99 93 88 84 81 79 77 75 74 72 71 72 74 -9999 -9999 -9999 -9999 -9999
-9999 -9999 -9999 -9999 -9999 -9999 -9999 -9999 -9999 -9999 -9999 -9999 -9999 -9999 -9999 -9999 -9999 -9999 -9999 84 90 96 101 102 102 108 110 111 117 117 116 117 120 120 121 123 124 124 125 126 126 126 125 124 122 120 118 116 115 114 114 115 116 118 120 122 124 125 124 122 120 118 116 115 114 113 113 113 112 111 111 112 115 117 118 119 114 104 96 90 85 82 79 77 75 73 72 71 70 -9999 -9999 -9999 -9999 -9999 -9999 -9999
-9999 -9999 -9999 -9999 -9999 -9999 -9999 -9999 -9999 -9999 -9999 -9999 -9999 -9999 -9999 -9999 -9999 -9999 -9999 86 92 97 103 106 110 103 109 116 117 116 116 118 118 120 121 122 124 125 126 126 126 125 125 123 121 119 117 115 114 114 114 115 117 118 120 122 123 124 123 121 119 117 115 114 113 112 110 111 111 111 111 112 114 115 115 112 106 98 92 87 83 79 76 75 73 72 -9999 -9999 -9999 -9999 -9999 -9999 -9999 -9999 -9999 -9999
-9999 -9999 -9999 -9999 -9999 -9999 -9999 -9999 -9999 -9999 -9999 -9999 -9999 -9999 -9999 -9999 -9999 -9999 -9999 88 93 98 103 107 106 116 116 115 112 116 116 116 117 119 120 122 124 126 126 127 126 125 124 122 120 117 115 113 113 113 114 117 118 119 120 121 123 123 122 120 119 116 114 111 110 108 108 109 109 110 110 111 112 112 111 108 101 94 88 80 77 76 75 73 72 -9999 -9999 -9999 -9999 -9999 -9999 -9999 -9999 -9999 -9999 -9999
-9999 -9999 -9999 -9999 -9999 -9999 -9999 -9999 -9999 -9999 -9999 -9999 -9999 -9999 -9999 -9999 -9999 -9999 -9999 -9999 94 99 103 105 105 111 112 111 114 115 115 115 115 117 119 122 124 126 127 127 126 125 123 121 118 116 113 112 112 114 115 116 117 118 119 120 122 123 122 121 119 116 113 110 108 106 106 106 106 106 107 108 108 108 106 104 99 92 83 76 74 -9999 -9999 -9999 -9999 -9999 -9999 -9999 -9999 -9999 -9999 -9999 -9999 -9999 -9999 -9999
-9999 -9999 -9999 -9999 -9999 -9999 -9999 -9999 -9999 -9999 -9999 -9999 -9999 -9999 -9999 -9999 -9999 -9999 -9999 86 92 98 100 101 101 100 105 103 108 111 111 112 113 115 118 121 124 126 127 127 125 124 122 120 117 114 112 111 115 114 113 114 114 115 117 120 122 123 122 121 119 116 113 109 106 106 104 104 103 103 103 103 103 103 103 100 96 92 -9999 -9999 -9999 -9999 -9999 -9999 -9999 -9999 -9999 -9999 -9999 -9999 -9999 -9999 -9999 -9999 -9999 -9999
-9999 -9999 -9999 -9999 -9999 -9999 -9999 -9999 -9999 -9999 -9999 -9999 -9999 -9999 -9999 -9999 -9999 -9999 -9999 82 90 97 100 104 105 105 104 102 106 106 106 109 111 114 117 119 122 124 125 125 124 122 121 119 117 115 114 115 114 112 112 113 113 114 119 120 122 123 123 122 120 117 114 109 107 106 104 102 101 100 100 99 98 97 100 98 93 89 -9999 -9999 -9999 -9999 -9999 -9999 -9999 -9999 -9999 -9999 -9999 -9999 -9999 -9999 -9999 -9999 -9999 -9999
-9999 -9999 -9999 -9999 -9999 -9999 -9999 -9999 -9999 -9999 -9999 -9999 -9999 -9999 -9999 -9999 -9999 -9999 -9999 83 91 99 100 104 107 106 105 98 96 99 102 106 110 112 113 117 120 122 123 123 122 121 120 119 117 116 115 113 112 111 113 116 114 116 119 121 123 125 125 123 121 118 115 111 107 105 104 102 100 98 98 97 97 97 97 95 92 -9999 -9999 -9999 -9999 -9999 -9999 -9999 -9999 -9999 -9999 -9999 -9999 -9999 -9999 -9999 -9999 -9999 -9999 -9999
-9999 -9999 -9999 -9999 -9999 -9999 -9999 -9999 -9999 -9999 -9999 -9999 -9999 -9999 -9999 -9999 -9999 -9999 -9999 87 95 102 106 108 107 102 84 93 96 97 99 104 107 110 114 118 120 120 121 121 120 120 120 119 118 117 115 114 113 112 114 118 118 119 121 122 124 126 127 125 122 119 116 112 108 105 104 102 100 98 96 95 94 94 93 -9999 -9999 -9999 -9999 -9999 -9999 -9999 -9999 -9999 -9999 -9999 -9999 -9999 -9999 -9999 -9999 -9999 -9999 -9999 -9999 -9999
-9999 -9999 -9999 -9999 -9999 -9999 -9999 -9999 -9999 -9999 -9999 -9999 -9999 -9999 -9999 -9999 -9999 -9999 84 90 100 107 108 108 101 94 93 102 102 99 101 102 108 112 116 118 118 117 118 119 120 122 121 121 120 118 117 116 115 115 116 119 120 121 123 125 127 129 130 128 124 120 117 114 110 106 104 101 99 97 95 92 91 91 91 -9999 -9999 -9999 -9999 -9999 -9999 -9999 -9999 -9999 -9999 -9999 -9999 -9999 -9999 -9999 -9999 -9999 -9999 -9999 -9999 -9999
-9999 -9999 -9999 -9999 -9999 -9999 -9999 -9999 -9999 -9999 -9999 -9999 -9999 -9999 -9999 -9999 -9999 -9999 84 91 100 106 102 100 97 99 99 103 105 106 108 111 113 115 117 118 119 121 122 123 123 123 123 122 121 120 119 118 118 118 119 121 122 123 126 128 130 131 132 131 126 122 119 115 111 109 106 102 98 96 92 89 88 -9999 -9999 -9999 -9999 -9999 -9999 -9999 -9999 -9999 -9999 -9999 -9999 -9999 -9999 -9999 -9999 -9999 -9999 -9999 -9999 -9999 74 74
-9999 -9999 -9999 -9999 -9999 -9999 -9999 -9999 -9999 -9999 -9999 -9999 -9999 -9999 -9999 -9999 -9999 -9999 83 90 98 102 101 101 97 101 105 106 108 109 110 112 114 115 117 118 121 122 123 123 124 124 124 124 123 122 121 121 121 121 123 124 125 126 128 129 131 132 133 132 128 124 121 117 113 109 107 103 98 95 90 86 86 -9999 -9999 -9999 -9999 -9999 -9999 -9999 -9999 -9999 -9999 -9999 -9999 -9999 -9999 -9999 79 78 78 78 -9999 -9999 -9999 74
-9999 -9999 -9999 -9999 -9999 -9999 -9999 -9999 -9999 -9999 -9999 -9999 -9999 -9999 -9999 -9999 -9999 75 81 88 95 100 102 102 101 104 106 107 109 110 112 113 114 116 117 119 120 122 123 124 125 125 125 126 125 125 124 125 125 125 125 126 127 128 129 130 131 132 132 131 128 125 121 118 114 110 106 102 99 94 89 87 -9999 -9999 -9999 -9999 -9999 -9999 -9999 -9999 -9999 -9999 -9999 -9999 -9999 -9999 -9999 80 79 80 79 78 77 -9999 -9999 -9999
-9999 -9999 -9999 -9999 -9999 -9999 -9999 -9999 -9999 -9999 -9999 -9999 -9999 -9999 -9999 -9999 -9999 74 80 87 93 98 101 102 103 105 106 107 109 111 113 114 114 116 117 119 121 122 124 124 125 126 127 127 127 127 128 128 128 128 128 129 129 129 130 131 131 132 131 130 128 125 122 119 115 112 108 102 97 93 90 -9999 -9999 -9999 -9999 -9999 -9999 -9999 -9999 -9999 -9999 -9999 -9999 -9999 -9999 -9999 81 81 82 81 80 78 77 -9999 -9999 -9999
-9999 -9999 -9999 -9999 -9999 -9999 -9999 -9999 -9999 -9999 -9999 -9999 -9999 -9999 -9999 58 65 73 81 87 92 97 100 102 104 104 105 103 107 111 115 116 117 117 118 120 122 123 124 126 127 128 128 129 129 130 130 131 131 131 131 130 130 130 130 131 131 131 130 129 127 125 122 119 116 113 110 104 99 94 94 -9999 -9999 -9999 -9999 -9999 -9999 -9999 -9999 -9999 -9999 -9999 -9999 -9999 -9999 -9999 82 82 82 81 80 79 -9999 -9999 -9999 -9999
