resultados/variables_proyeccion_tiempo/variables_futuro_ccsm_A1B/bio4.asc
ncols 330
nrows 228
xllcorner -12.000000
yllcorner 34.000000
cellsize 0.166667
NODATA_value -9999
[rows 185 to 221 of 228, columns 246 to 327 of 330]
6840 6819 6766 6716 6686 6664 6592 6478 6369 6273 6227 6133 6267 6452 6612 6766 6896 6984 7171 7320 7308 7587 7626 7658 7726 7761 7817 7825 7852 7868 7863 7764 7581 7484 7427 7617 7561 7504 7403 7272 7322 7299 7028 6945 6722 6376 6307 6306 6257 6223 6173 6200 6223 -9999 -9999 -9999 -9999 -9999 -9999 6263 6307 6307 6396 6172 -9999 -9999 -9999 -9999 6242 6447 6619 7025 7446 7946 7898 7987 8207 8211 8458 8389 8532 9186
6964 6915 6882 6882 6885 6868 6780 6671 6528 6469 6615 6544 6663 6772 6873 7017 7130 7231 7348 7359 7425 7620 7612 7682 7797 7886 7948 8033 8042 8042 8004 7966 7881 7726 7554 7452 7711 7686 7707 7580 7580 7534 7401 7218 7005 6792 6854 6885 6661 6529 6380 6407 6388 6358 6461 6416 6387 6483 6466 6585 7029 7099 7253 6902 6765 6753 6599 6755 6736 7380 7924 8110 8048 7991 8199 8320 8386 8442 8560 8573 8840 9107
-9999 -9999 6851 6999 7068 7072 6984 6859 6731 6668 6742 6916 6939 7041 7153 7224 7323 7419 7501 7543 7571 7608 7702 7800 7891 7985 8076 8185 8193 8197 8140 8078 7961 7894 7725 7664 7774 7766 7688 7578 7628 7647 7498 7124 6919 6957 7104 7160 7173 7021 6751 6695 6742 6883 7107 7146 6992 7202 7308 7461 7622 7904 8035 7719 7965 7748 7874 7797 8124 8190 8180 8063 8099 8286 8404 8422 8655 8834 8974 9284 8938 8990
6927 6910 7070 7208 7188 7137 7133 7123 7111 7094 7169 7255 7305 7366 7423 7491 7515 7559 7633 7675 7723 7782 7825 7875 8006 8089 8206 8386 8389 8335 8218 8097 7925 7816 7911 7722 7850 7814 7845 7795 7755 7720 7623 7662 7539 7350 7180 6995 7403 7450 7349 7354 7283 7773 7884 7940 7847 7972 8159 8192 8082 8014 8174 8310 8321 8356 8387 8401 8306 8341 8298 8345 8713 8559 8426 8694 8560 8864 9190 9363 8895 8661
7077 7121 7198 7323 7421 7405 7387 7336 7379 7403 7461 7495 7541 7607 7670 7798 7858 7821 7791 7916 7976 7947 7968 8018 8103 8262 8345 8456 8447 8341 8232 8193 8135 8053 7923 7801 7826 7858 7863 7840 7901 7866 7697 7760 7730 7731 7599 7492 7418 7404 7340 7644 7632 7905 8130 8234 8279 8268 8304 8376 8390 8375 8387 8456 8521 8556 8632 8718 8742 8833 8902 8800 8560 8430 8673 8604 8663 9094 8850 8932 8627 8777
7205 7267 7423 7662 7601 7490 7528 7513 7577 7651 7702 7736 7777 7839 7938 8058 8155 8149 8264 8196 8161 8116 8140 8166 8245 8340 8456 8505 8490 8432 8325 8266 8219 8136 8047 7952 7941 7897 7910 7944 7948 7839 7825 7798 7868 7886 7934 7909 7879 7814 7806 7664 7744 7781 7821 7932 8229 8490 8535 8544 8540 8570 8600 8641 8682 8767 8866 8905 8882 8839 8812 8731 8695 8533 8703 8685 8762 8970 8856 9124 8812 9035
7058 7062 7363 7561 7349 7369 7571 7626 7727 7790 7825 7883 7943 7991 8106 8244 8375 8460 8433 8389 8280 8308 8266 8293 8339 8355 8510 8532 8508 8463 8360 8315 8271 8172 8067 7988 7974 7974 7971 7959 8006 8039 8024 8036 8033 8098 8134 8153 8172 8117 8177 8217 8295 8494 8417 8316 8476 8639 8674 8703 8710 8727 8734 8776 8801 8841 8879 8853 8927 8914 8954 8938 9007 8959 8958 8866 9063 9212 9991 10208 9823 9606
7174 7128 7156 7305 7336 7369 7471 7697 7879 7973 7993 8043 8044 8037 8093 8193 8325 8360 8423 8406 8388 8378 8390 8404 8413 8492 8563 8542 8497 8459 8395 8373 8295 8178 8043 7977 7967 7992 8011 7977 8013 8058 8076 8130 8170 8216 8256 8283 8283 8279 8243 8277 8385 8586 8770 8876 8906 8954 8960 8915 8872 8852 8865 8868 8878 8920 9062 9113 9134 9282 9361 9302 9369 9332 9202 9336 9600 9825 9705 9696 9223 9222
7264 7262 7322 7369 7413 7502 7627 7829 8112 8219 8178 8179 8175 8187 8198 8244 8301 8377 8368 8378 8408 8417 8460 8475 8530 8565 8564 8504 8431 8417 8374 8313 8248 8159 8028 7964 7948 7955 7990 8034 8074 8137 8182 8205 8229 8267 8309 8365 8405 8358 8378 8456 8630 8861 9008 9108 9144 9184 9124 9131 9082 9022 9157 9106 8943 8961 9099 9371 9463 9323 9231 9249 9353 9032 9289 9312 9411 9339 9185 9111 9178 9649
7388 7375 7432 7495 7573 7635 7760 7924 8090 8157 8223 8221 8214 8191 8189 8216 8262 8283 8313 8342 8409 8462 8533 8616 8654 8612 8551 8455 8402 8370 8350 8312 8223 8131 8031 7974 7947 7957 8009 8095 8194 8241 8262 8272 8263 8284 8301 8316 8330 8387 8534 8708 8866 9062 9245 9345 9385 9366 9395 9356 9277 9230 9108 9164 9140 9087 9156 9312 9310 9396 9472 9600 9333 9486 9636 9582 9744 9553 9615 9704 9821 9966
7412 7500 7552 7648 7687 7771 7876 7913 7978 8132 8186 8223 8227 8212 8210 8196 8200 8202 8224 8272 8391 8471 8562 8637 8686 8630 8523 8398 8309 8320 8308 8270 8196 8109 8018 7955 7936 7985 8038 8165 8270 8313 8337 8334 8316 8312 8300 8283 8299 8475 8643 8789 8965 9203 9370 9518 9550 9538 9506 9219 9226 9403 9264 9180 9184 9169 9243 9408 9582 9571 9631 9575 9706 9500 9318 9737 10138 9810 10025 10121 9999 10285
7510 7618 7674 7816 7853 7910 7946 8006 8054 8132 8150 8206 8212 8200 8184 8164 8168 8138 8117 8179 8354 8469 8551 8617 8655 8601 8509 8423 8358 8334 8300 8255 8167 8084 7993 7935 7922 7939 8090 8236 8335 8383 8404 8394 8373 8362 8330 8357 8394 8448 8577 8844 9150 9382 9552 9749 9784 9816 9599 9474 9625 9499 9530 9394 9497 9387 9504 9711 9835 9786 9695 9846 10007 10064 9798 9865 10122 9930 10118 10202 9954 9932
7578 7715 7856 7883 7919 7978 8030 8056 8092 8118 8126 8174 8199 8192 8165 8140 8119 8096 8087 8175 8306 8435 8521 8560 8586 8556 8498 8436 8396 8365 8327 8263 8158 8061 7965 7939 7934 8014 8166 8303 8392 8452 8486 8462 8431 8412 8417 8439 8476 8540 8728 8993 9251 9435 9565 9887 10009 10095 9994 9941 9839 9666 9906 10083 9802 9914 9856 9787 9915 9904 10104 9903 9893 9989 10283 10278 10039 10068 10050 9958 9881 9705
7699 7812 7939 7965 7957 8017 8046 8079 8106 8131 8147 8175 8179 8179 8160 8137 8136 8115 8153 8255 8383 8464 8485 8506 8517 8498 8471 8444 8413 8394 8348 8274 8150 8032 7959 7949 7974 8079 8218 8370 8470 8525 8523 8499 8475 8456 8475 8550 8651 8744 8872 9087 9349 9619 9766 10021 10138 10209 10126 10099 10136 10131 10007 10290 10144 10112 10098 9958 10183 10309 10365 10409 10369 10477 10476 10396 10053 9901 9728 9359 9188 9125
7756 7868 7992 8026 8056 8063 8082 8107 8118 8106 8120 8150 8132 8126 8136 8116 8116 8115 8200 8313 8418 8469 8507 8466 8457 8460 8459 8450 8446 8414 8370 8280 8157 8013 7905 7895 7976 8135 8297 8438 8516 8565 8565 8526 8494 8500 8606 8601 8684 8800 8976 9205 9428 9699 9967 10149 10133 10257 10229 10243 10234 10222 10264 10294 10250 10255 10223 10257 10323 10432 10302 10037 10342 10446 10345 10483 10330 9995 9411 9157 9043 9092
7832 7934 8007 8051 8081 8099 8093 8100 8156 8138 8136 8118 8131 8044 8022 8032 8137 8171 8214 8327 8421 8478 8499 8474 8445 8438 8458 8455 8457 8458 8386 8295 8151 8003 7949 7947 8104 8179 8399 8480 8577 8587 8567 8512 8501 8516 8537 8629 8784 8913 9071 9298 9492 9767 10016 10125 10217 10344 10253 10224 10298 10256 10264 10262 10328 10294 10239 10367 10441 10467 10410 10402 10423 10336 10139 10015 10088 9821 9565 9085 8998 9041
7919 7964 8019 8054 8098 8106 8081 8088 8208 8158 8126 8146 8163 8194 7991 7980 8054 8142 8239 8343 8424 8493 8492 8492 8470 8454 8446 8449 8451 8495 8464 8336 8190 8104 8051 8114 8112 8195 8386 8513 8599 8607 8543 8522 8470 8557 8541 8637 8788 8944 9129 9328 9552 9804 10098 10282 10316 10303 10275 10284 10263 10227 10311 10331 10389 10393 10395 10385 10403 10420 10357 10361 10380 10436 10406 9994 10013 9638 9331 9097 9047 8979
7975 7980 8065 8102 8041 8037 8131 8130 8146 8175 8077 8065 8036 8109 8248 8082 8099 8114 8253 8383 8456 8512 8526 8513 8481 8459 8454 8461 8464 8495 8467 8323 8243 8175 8092 8129 8157 8242 8382 8503 8565 8563 8536 8513 8500 8623 8647 8701 8831 8986 9194 9358 9483 9852 10034 10199 10109 10273 10261 10287 10246 10304 10313 10377 10422 10444 10408 10345 10312 10361 10419 10421 10306 10232 10321 10227 10089 9801 9528 9230 9223 9141
8047 8111 8102 8093 8112 8062 8027 8107 8184 8146 8122 7968 8158 8122 8168 8290 8246 8348 8410 8460 8518 8580 8543 8517 8488 8462 8462 8440 8448 8442 8380 8313 8289 8272 8168 8193 8253 8334 8402 8486 8539 8564 8570 8575 8598 8656 8725 8830 8953 9099 9223 9418 9619 9847 9844 10037 10146 10309 10321 10262 10243 10212 10199 10269 10310 10313 10310 10283 10270 10280 10225 10207 10188 10105 10116 10186 10164 10094 9837 9527 9365 9280
7922 8105 8107 8146 8159 8062 8149 8179 8105 8017 8041 7990 8239 8232 8103 8175 8309 8370 8418 8456 8562 8610 8520 8478 8450 8450 8429 8419 8408 8385 8351 8308 8269 8238 8255 8297 8308 8379 8395 8467 8538 8544 8602 8650 8682 8749 8851 8956 9026 9184 9359 9534 9706 9808 9997 10157 10228 10182 10237 10144 10151 10173 10276 10327 10352 10334 10292 10247 10223 10172 10133 10088 10027 10126 10096 10179 10147 10138 10034 9833 9617 9563
8097 8089 8145 8136 8132 8206 8193 8164 8185 8059 8154 8044 8120 8230 8158 8183 8324 8397 8391 8436 8522 8516 8424 8388 8403 8410 8405 8384 8355 8332 8302 8275 8257 8251 8264 8273 8310 8340 8348 8419 8467 8498 8636 8688 8762 8866 9015 9110 9152 9265 9480 9630 9759 9823 9882 9932 9966 10030 10023 10004 10039 10083 10194 10320 10401 10424 10310 10248 10184 10150 10113 10082 10126 10170 10175 10090 10058 10118 10057 9878 9715 9638
8172 8181 8188 8213 8195 8184 8177 8231 8160 8037 7816 7956 8135 8108 8202 8262 8374 8398 8322 8385 8390 8356 8277 8295 8336 8367 8388 8386 8343 8283 8234 8227 8246 8249 8258 8267 8281 8252 8280 8238 8285 8309 8488 8693 8831 8941 9033 9149 9275 9421 9569 9668 9731 9733 9734 9811 9860 9924 9989 9995 10001 10050 10110 10229 10355 10405 10291 10296 10300 10317 10330 10349 10405 10345 10300 10273 10154 10093 10094 9960 9952 9949
8165 8182 8123 8194 8203 8159 8164 8186 8046 7981 7700 7731 8123 7985 8206 8262 8301 8327 8282 8278 8250 8213 8198 8229 8271 8335 8368 8354 8287 8239 8204 8207 8228 8240 8234 8233 8170 8119 8043 7935 7832 7886 8030 8337 8704 8932 9110 9179 9324 9492 9589 9614 9648 9659 9660 9709 9815 9888 9985 10043 10029 10035 10062 10108 10181 10183 10117 10273 10328 10382 10387 10418 10337 10257 10245 10186 10129 10045 10018 9973 10055 10055
8132 8119 8148 8132 8159 8182 8207 8035 7929 7859 7549 7546 7910 7662 8162 8196 8166 8210 8166 8145 8115 8106 8118 8170 8243 8321 8357 8305 8248 8211 8187 8185 8172 8178 8144 8090 7767 7755 7777 7756 7659 7659 7817 8178 8585 8964 9082 9197 9343 9514 9579 9588 9581 9623 9696 9730 9822 9929 9954 9946 9904 9968 9990 9970 9962 9950 9886 9864 9942 9938 9999 10146 10198 10198 10229 10180 10114 10075 9968 9863 9953 10012
7992 8105 8150 8135 8178 8211 8166 7992 7893 7527 7303 7130 7418 7345 7776 7942 7974 8115 8114 8056 7984 7984 8030 8098 8175 8260 8269 8228 8195 8179 8157 8147 8118 8035 7771 7596 7568 7646 7666 7653 7518 7505 7591 8039 8703 8933 9031 9224 9324 9465 9546 9576 9535 9457 9615 9708 9700 9812 9823 9698 9703 9843 9871 9869 9837 9821 9790 9738 9698 9680 9702 9752 9840 9851 9878 9895 9972 9997 10021 10023 9974 10031
7927 8073 8127 8161 8177 8189 8160 8052 7892 7254 7121 7005 6919 6870 6970 7272 7619 7956 8050 8038 7989 7943 7990 8066 8180 8211 8206 8199 8169 8159 8136 8111 7971 7561 7262 7252 7341 7434 7431 7363 7310 7248 7282 7961 8637 8742 8900 9090 9189 9335 9396 9404 9396 9356 9437 9573 9538 9593 9610 9514 9546 9712 9738 9755 9766 9747 9711 9668 9630 9625 9625 9658 9686 9720 9786 9850 9917 9951 10020 10033 10002 9984
7313 7576 7647 8083 8112 8124 8120 8074 7898 7342 -9999 -9999 -9999 -9999 6590 6599 6947 7222 7683 7839 7931 7936 7918 8028 8104 8284 8298 8199 8157 8126 8073 7867 7305 7035 7036 7089 7129 7164 7156 7092 6976 6853 -9999 8016 8465 8390 8814 8834 9008 9116 9190 9246 9281 9287 9275 9392 9477 9441 9360 9313 9431 9551 9587 9627 9666 9664 9646 9631 9597 9579 9587 9611 9662 9717 9793 9839 9918 9964 9990 10008 9991 9975
6976 7213 7307 7994 7999 8008 7989 7632 7738 6968 -9999 -9999 -9999 -9999 -9999 -9999 6301 6597 7062 7383 7792 7828 7847 7886 8015 8106 8099 8152 8102 8005 7800 7161 6787 -9999 -9999 -9999 -9999 6982 6970 6861 -9999 -9999 7134 8033 7896 8287 8600 8676 8818 8925 9053 9170 9192 9193 9224 9224 9318 9310 9228 9199 9307 9390 9470 9530 9586 9617 9621 9596 9577 9558 9553 9608 9681 9763 9834 9913 9968 10014 10031 10032 9999 9950
7336 6977 7319 7829 7485 7574 7384 7024 7093 6744 -9999 -9999 -9999 -9999 -9999 -9999 -9999 -9999 6228 6489 7368 7851 7882 7876 7935 7998 8017 7919 7852 7410 7085 -9999 -9999 -9999 -9999 -9999 -9999 -9999 -9999 -9999 -9999 6971 7698 7719 7738 8161 8434 8633 8752 8880 9017 9066 9140 9170 9166 9147 9248 9223 9191 9170 9215 9307 9396 9474 9560 9638 9683 9695 9692 9617 9571 9627 9731 9847 9927 10051 10143 10165 10096 10042 10005 9957
-9999 6473 7023 7336 6905 6994 6883 6482 6721 -9999 -9999 -9999 -9999 -9999 -9999 -9999 -9999 -9999 -9999 6211 6693 7451 7523 7629 7607 7718 7672 7652 7495 6888 6763 -9999 -9999 -9999 -9999 -9999 -9999 -9999 -9999 -9999 7248 7345 7576 7746 7930 8247 8520 8664 8760 8863 8952 9003 9045 9055 9020 9074 9170 9134 9123 9121 9166 9267 9372 9453 9520 9592 9624 9622 9610 9583 9572 9647 9746 9825 9908 9963 10015 10033 10001 9954 9914 9882
-9999 -9999 -9999 -9999 6507 -9999 -9999 -9999 -9999 -9999 -9999 -9999 -9999 -9999 -9999 -9999 -9999 -9999 -9999 -9999 6632 6887 6893 6797 7073 7333 7149 7232 7130 -9999 -9999 -9999 -9999 -9999 -9999 -9999 -9999 -9999 -9999 -9999 -9999 7112 7463 7943 8182 8395 8545 8705 8782 8876 8930 8977 8986 9004 8988 9049 9092 9104 9088 9078 9096 9168 9288 9378 9448 9501 9532 9558 9572 9582 9607 9648 9704 9773 9826 9871 9916 9946 9936 9908 9872 9854
-9999 -9999 -9999 -9999 -9999 -9999 -9999 -9999 -9999 -9999 -9999 -9999 -9999 -9999 -9999 -9999 -9999 -9999 -9999 -9999 -9999 -9999 -9999 -9999 -9999 -9999 -9999 -9999 -9999 -9999 -9999 -9999 -9999 -9999 -9999 -9999 -9999 -9999 -9999 -9999 -9999 7234 7576 7973 8274 8474 8654 8785 8831 8927 9021 9010 8992 9004 9010 9013 9067 9096 9083 9052 9054 9131 9223 9321 9405 9494 9534 9563 9582 9604 9630 9654 9706 9760 9809 9825 9857 9896 9915 9899 9874 9836
-9999 -9999 -9999 -9999 -9999 -9999 -9999 -9999 -9999 -9999 -9999 -9999 -9999 -9999 -9999 -9999 -9999 -9999 -9999 -9999 -9999 -9999 -9999 -9999 -9999 -9999 -9999 -9999 -9999 -9999 -9999 -9999 -9999 6097 -9999 -9999 -9999 -9999 -9999 -9999 6456 7006 7541 7768 8236 8571 8860 8872 8855 8911 8996 9022 8998 8988 9003 9015 9055 9079 9087 9093 9119 9166 9226 9318 9395 9495 9565 9591 9598 9618 9623 9651 9699 9719 9750 9787 9806 9833 9865 9866 9855 9830
-9999 -9999 -9999 -9999 -9999 -9999 -9999 -9999 -9999 -9999 -9999 -9999 -9999 -9999 -9999 -9999 -9999 -9999 -9999 -9999 -9999 -9999 -9999 -9999 -9999 -9999 -9999 -9999 -9999 -9999 -9999 6380 6222 6103 -9999 -9999 -9999 -9999 -9999 -9999 6270 6670 7397 7517 8234 8744 8934 8918 8871 8858 8911 8957 8972 8984 9002 9032 9041 9052 9074 9099 9136 9203 9293 9383 9433 9482 9575 9609 9603 9611 9624 9648 9667 9667 9710 9768 9764 9782 9822 9843 9831 9832
-9999 -9999 -9999 -9999 -9999 -9999 -9999 -9999 -9999 -9999 -9999 -9999 -9999 -9999 -9999 -9999 -9999 -9999 -9999 -9999 -9999 -9999 -9999 6047 6196 -9999 -9999 6501 6704 6594 6447 6382 -9999 -9999 -9999 -9999 -9999 -9999 -9999 -9999 -9999 6525 7302 7522 8075 8503 8719 8776 8781 8788 8829 8864 8924 8964 8990 9022 9011 9034 9072 9120 9198 9301 9386 9447 9478 9528 9572 9608 9609 9611 9611 9613 9612 9647 9679 9726 9723 9749 9780 9796 9823 9829
-9999 -9999 -9999 -9999 -9999 -9999 -9999 -9999 -9999 -9999 -9999 -9999 -9999 -9999 -9999 -9999 -9999 -9999 -9999 -9999 -9999 5603 5548 5923 6338 6766 6742 6652 6516 6463 -9999 -9999 -9999 -9999 -9999 -9999 -9999 -9999 -9999 -9999 -9999 6350 7164 7471 7776 8207 8501 8576 8602 8659 8720 8792 8863 8914 8975 9005 9028 9037 9080 9126 9204 9304 9341 9391 9440 9508 9591 9582 9570 9565 9564 9560 9564 9597 9624 9680 9725 9741 9769 9795 9817 9834
-9999 -9999 -9999 -9999 -9999 -9999 -9999 -9999 -9999 -9999 -9999 -9999 -9999 -9999 -9999 -9999 -9999 -9999 -9999 5641 5585 6156 6128 6112 6425 6777 6797 6553 6384 6336 6224 -9999 -9999 -9999 -9999 -9999 -9999 -9999 -9999 -9999 -9999 6185 6963 7370 7716 8001 8235 8299 8348 8451 8578 8678 8780 8860 8938 8985 9022 9063 9076 9094 9130 9193 9251 9300 9369 9448 9500 9517 9502 9502 9503 9508 9508 9540 9587 9629 9679 9723 9755 9781 9814 9823
