resultados/variables_proyeccion_tiempo/variables_futuro_ccsm_A1B/bio4.asc
ncols 330
nrows 228
xllcorner -12.000000
yllcorner 34.000000
cellsize 0.166667
NODATA_value -9999
[rows 0 to 36 of 228, columns 164 to 245 of 330]
-9999 -9999 -9999 -9999 -9999 -9999 -9999 -9999 -9999 -9999 -9999 -9999 -9999 -9999 -9999 -9999 -9999 -9999 -9999 -9999 -9999 -9999 -9999 -9999 -9999 -9999 -9999 -9999 -9999 -9999 -9999 -9999 -9999 -9999 -9999 -9999 -9999 -9999 -9999 -9999 -9999 -9999 -9999 -9999 -9999 -9999 -9999 -9999 -9999 -9999 -9999 -9999 -9999 -9999 -9999 -9999 -9999 -9999 -9999 -9999 -9999 -9999 -9999 -9999 -9999 -9999 -9999 -9999 -9999 -9999 -9999 -9999 -9999 -9999 -9999 -9999 -9999 -9999 -9999 -9999 -9999 -9999
-9999 -9999 -9999 -9999 -9999 -9999 -9999 -9999 -9999 -9999 -9999 -9999 -9999 -9999 -9999 -9999 -9999 -9999 -9999 -9999 -9999 -9999 -9999 -9999 -9999 -9999 -9999 -9999 -9999 -9999 -9999 -9999 -9999 -9999 -9999 -9999 -9999 -9999 -9999 -9999 -9999 -9999 -9999 -9999 -9999 -9999 -9999 -9999 -9999 -9999 -9999 -9999 -9999 -9999 -9999 -9999 -9999 -9999 -9999 -9999 -9999 -9999 -9999 -9999 -9999 -9999 -9999 -9999 -9999 -9999 -9999 -9999 -9999 -9999 -9999 -9999 -9999 -9999 -9999 -9999 -9999 -9999
-9999 -9999 -9999 -9999 -9999 -9999 -9999 -9999 -9999 -9999 -9999 -9999 -9999 -9999 -9999 -9999 -9999 -9999 -9999 -9999 -9999 -9999 -9999 -9999 -9999 -9999 -9999 -9999 -9999 -9999 -9999 -9999 -9999 -9999 -9999 -9999 -9999 -9999 -9999 -9999 -9999 -9999 -9999 -9999 -9999 -9999 -9999 -9999 -9999 -9999 -9999 -9999 -9999 -9999 -9999 -9999 -9999 -9999 -9999 -9999 -9999 -9999 -9999 -9999 -9999 -9999 -9999 -9999 -9999 -9999 -9999 -9999 -9999 -9999 -9999 -9999 -9999 -9999 -9999 -9999 -9999 -9999
-9999 -9999 -9999 -9999 -9999 -9999 -9999 -9999 -9999 -9999 -9999 -9999 -9999 -9999 -9999 -9999 -9999 -9999 -9999 -9999 -9999 -9999 -9999 -9999 -9999 -9999 -9999 -9999 -9999 -9999 -9999 -9999 -9999 -9999 -9999 -9999 -9999 -9999 -9999 -9999 -9999 -9999 -9999 -9999 -9999 -9999 -9999 -9999 -9999 -9999 -9999 -9999 -9999 -9999 -9999 -9999 -9999 -9999 -9999 -9999 -9999 -9999 -9999 -9999 -9999 -9999 -9999 -9999 -9999 -9999 -9999 -9999 -9999 -9999 -9999 -9999 -9999 -9999 -9999 -9999 -9999 -9999
-9999 -9999 -9999 -9999 -9999 -9999 -9999 -9999 -9999 -9999 -9999 -9999 -9999 -9999 -9999 -9999 -9999 -9999 -9999 -9999 -9999 -9999 -9999 -9999 -9999 -9999 -9999 -9999 -9999 -9999 -9999 -9999 -9999 -9999 -9999 -9999 -9999 -9999 -9999 -9999 -9999 -9999 -9999 -9999 -9999 -9999 -9999 -9999 -9999 -9999 -9999 -9999 -9999 -9999 -9999 -9999 -9999 -9999 -9999 -9999 -9999 -9999 -9999 -9999 -9999 -9999 -9999 -9999 -9999 -9999 -9999 -9999 -9999 -9999 -9999 -9999 -9999 -9999 -9999 -9999 -9999 -9999
-9999 -9999 -9999 -9999 -9999 -9999 -9999 -9999 -9999 -9999 -9999 -9999 -9999 -9999 -9999 -9999 -9999 -9999 -9999 -9999 -9999 -9999 -9999 -9999 -9999 -9999 -9999 -9999 -9999 -9999 -9999 -9999 -9999 -9999 -9999 -9999 -9999 -9999 -9999 -9999 -9999 -9999 -9999 -9999 -9999 -9999 -9999 -9999 -9999 -9999 -9999 8026 8011 -9999 -9999 8052 7986 7987 7940 7877 7784 7687 7549 7433 7303 7189 -9999 -9999 -9999 -9999 -9999 5947 5724 5515 5303 5172 5137 5103 -9999 -9999 -9999 -9999
-9999 -9999 -9999 -9999 -9999 -9999 -9999 -9999 -9999 -9999 -9999 -9999 -9999 -9999 -9999 -9999 -9999 -9999 -9999 -9999 -9999 -9999 -9999 -9999 -9999 -9999 -9999 -9999 -9999 -9999 -9999 -9999 -9999 -9999 -9999 -9999 -9999 -9999 -9999 -9999 -9999 -9999 -9999 -9999 -9999 -9999 7961 8083 -9999 -9999 -9999 8078 8105 8176 8229 8171 8179 8150 8116 8008 7905 7835 7686 7546 7399 -9999 7136 6926 6745 -9999 6180 5997 5788 5650 5479 5343 5310 5279 5235 5138 5240 5210
-9999 -9999 -9999 -9999 -9999 -9999 -9999 -9999 -9999 -9999 -9999 -9999 -9999 -9999 -9999 -9999 -9999 -9999 -9999 -9999 -9999 -9999 -9999 -9999 -9999 -9999 -9999 -9999 -9999 -9999 -9999 -9999 -9999 -9999 -9999 -9999 -9999 -9999 -9999 -9999 -9999 -9999 7800 7878 7945 7951 8060 8134 8131 8292 8286 8336 8350 8289 8278 8326 8327 8322 8268 8199 8105 7972 7848 7838 7609 7466 7287 7082 6849 -9999 6445 6268 6069 5905 5752 5580 5408 5476 -9999 5405 5368 5352
-9999 -9999 -9999 -9999 -9999 -9999 -9999 -9999 -9999 -9999 -9999 -9999 -9999 -9999 -9999 -9999 -9999 -9999 -9999 -9999 -9999 -9999 -9999 -9999 -9999 -9999 -9999 -9999 -9999 -9999 -9999 -9999 -9999 -9999 -9999 -9999 -9999 -9999 -9999 7586 7628 7753 7843 7884 7980 8036 8143 8254 8340 8354 8416 8461 8422 8517 8540 8517 8494 8483 8438 8372 8222 -9999 8114 7958 7811 7645 7504 7281 -9999 -9999 6690 6476 6288 6157 5980 5894 5759 5597 5628 5615 5582 5541
-9999 -9999 -9999 -9999 -9999 -9999 -9999 -9999 -9999 -9999 -9999 -9999 -9999 -9999 -9999 -9999 -9999 -9999 -9999 -9999 -9999 -9999 -9999 -9999 -9999 -9999 -9999 -9999 -9999 -9999 -9999 -9999 -9999 -9999 -9999 -9999 7538 -9999 7476 -9999 7592 -9999 7882 7945 8053 8214 8306 8400 8453 8505 8571 8603 8649 8666 8676 8690 8700 8673 8625 8500 8528 8416 8290 8168 8036 7894 7685 7501 7307 7116 6930 6744 6577 6395 6188 6040 5888 5837 5799 5740 5725 5685
-9999 -9999 -9999 -9999 -9999 -9999 -9999 -9999 -9999 -9999 -9999 -9999 -9999 -9999 -9999 -9999 -9999 -9999 -9999 -9999 -9999 5472 5652 5699 -9999 6063 6136 6253 -9999 6600 6620 6641 6789 -9999 -9999 7491 7588 7555 7517 7627 7724 7811 7959 8020 8134 8237 8378 8494 8562 8633 8698 8725 8749 8780 8820 8837 8837 8812 8728 8707 8725 8626 8530 8399 8238 8062 7905 7735 7540 7352 7151 6968 6780 6594 6432 6259 6138 6066 5972 5918 5875 5820
-9999 -9999 -9999 -9999 -9999 -9999 -9999 -9999 -9999 -9999 -9999 -9999 -9999 -9999 -9999 -9999 -9999 -9999 -9999 -9999 5333 5439 5569 5657 5821 5884 6150 6322 6433 -9999 6685 6689 6821 6979 -9999 7433 7533 7572 7626 7652 7802 7909 8027 8114 8243 8312 8419 8479 8620 8689 8758 8810 8836 8869 8913 8949 8958 8953 8937 8928 8873 8804 8704 8564 8418 8270 8106 7924 7742 7539 7352 7145 6940 6781 6626 6491 6354 6255 6148 6069 6001 5939
-9999 -9999 -9999 -9999 -9999 -9999 -9999 -9999 -9999 -9999 -9999 -9999 -9999 -9999 -9999 -9999 -9999 -9999 -9999 5230 5363 5456 5567 5698 5782 5940 6087 6155 6424 6638 6580 6766 6907 7010 7253 7440 7574 7631 7693 7751 7903 8044 8153 8258 8318 8415 8465 8533 8618 8717 8790 8834 8871 8917 8971 9008 9041 9042 9060 9037 9000 8933 8817 8677 8558 8396 8216 8064 7875 7679 7504 7320 7156 7024 6864 6688 6552 6478 6379 6273 6196 6119
-9999 -9999 -9999 -9999 -9999 -9999 -9999 -9999 -9999 -9999 -9999 -9999 -9999 -9999 -9999 -9999 5060 5253 5327 5339 5422 5438 5564 5666 5840 6054 6052 6276 6552 6661 -9999 6958 7031 7219 7301 7475 7677 7770 7867 7966 8052 8157 8266 8376 8432 8514 8583 8651 8730 8787 8832 8888 8933 8969 9036 9082 9134 9161 9192 9203 9184 9120 9001 8859 8699 8546 8384 8227 8043 7861 7697 7546 7381 7233 7094 6934 6808 6672 6567 6474 6356 6248
-9999 -9999 -9999 -9999 -9999 -9999 -9999 -9999 -9999 -9999 -9999 -9999 4940 5044 5183 5126 5206 5303 5390 5452 5420 5535 5707 5773 6006 6115 6236 6523 6646 6636 6952 6996 7224 7413 7511 7568 7748 7917 8028 8154 8255 8339 8414 8484 8564 8647 8716 8760 8813 8876 8916 8962 9000 9068 9119 9188 9237 9283 9308 9350 9356 9304 9191 9024 8871 8721 8568 8404 8243 8088 7910 7749 7613 7470 7312 7170 7024 6882 6765 6655 6549 6441
-9999 -9999 -9999 -9999 -9999 -9999 -9999 -9999 -9999 4747 4865 4952 4995 5187 5200 5214 5277 5386 5476 5569 5600 5612 5768 5924 6150 6185 6501 6677 6761 6866 7129 7245 7446 7525 7666 7784 7895 8022 8145 8280 8390 8478 8551 8628 8696 8756 8813 8874 8937 8973 9015 9072 9107 9165 9236 9294 9336 9401 9438 9462 9490 9461 9339 9190 9040 8899 8748 8606 8455 8313 8153 8009 7858 7706 7553 7402 7258 7118 6990 6874 6758 6662
-9999 -9999 -9999 4324 4310 -9999 -9999 -9999 -9999 4850 4891 5017 5097 5149 5238 5298 5433 5494 5578 5621 5778 5805 5850 5941 6231 6432 6619 6724 6966 7163 7241 7375 7552 7702 7822 7949 8056 8186 8298 8404 8504 8601 8710 8779 8825 8889 8946 9000 9029 9064 9111 9162 9205 9267 9324 9382 9438 9484 9519 9543 9553 9537 9440 9298 9179 9051 8917 8788 8651 8521 8380 8252 8104 7948 7800 7634 7480 7345 7204 7089 6989 6878
4286 4330 4323 4328 4324 -9999 4547 4572 4805 4837 4949 5036 5129 5290 5372 5548 5621 5683 5726 5750 5885 5995 6120 6168 6395 6610 6832 7028 7160 7282 7417 7536 7624 7795 7939 8070 8170 8295 8426 8539 8648 8756 8843 8907 8958 9009 9055 9088 9119 9168 9196 9241 9284 9346 9386 9450 9508 9537 9580 9607 9606 9577 9510 9411 9286 9182 9064 8942 8841 8706 8602 8472 8332 8175 8023 7850 7697 7562 7420 7290 7184 7076
4368 4372 4445 4460 4459 4567 4610 4694 4712 -9999 5016 5152 5270 5492 5470 5648 5714 5833 5929 6139 6258 6256 6406 6544 6668 6713 6938 7156 7306 7423 7550 7660 7776 7877 8035 8178 8312 8427 8564 8670 8775 8883 8955 9041 9092 9122 9148 9185 9220 9238 9265 9317 9346 9380 9446 9506 9542 9592 9629 9639 9642 9610 9548 9474 9370 9268 9170 9053 8960 8884 8787 8692 8559 8405 8236 8060 7902 7767 7621 7489 7363 7253
4401 4481 4505 4555 4613 4655 4691 4684 4879 4940 5084 5244 5380 5548 5653 5816 5892 6105 6217 6191 6412 6539 6684 6806 6906 7011 7106 7305 7452 7586 7688 7806 7932 8047 8170 8291 8399 8540 8672 8785 8901 8996 9100 9162 9201 9221 9262 9270 9286 9302 9333 9363 9387 9433 9481 9519 9562 9603 9639 9639 9630 9608 9561 9499 9435 9342 9254 9166 9083 9021 8949 8886 8794 8621 8430 8246 8100 7953 7812 7668 7549 7440
4565 4609 4644 4736 4737 4765 4792 4855 4946 5149 5251 5321 5496 5605 5756 5953 6132 6182 6368 6445 6613 6694 6767 6896 7037 7176 7282 7421 7578 7702 7824 7923 8033 8146 8284 8413 8540 8645 8755 8857 8973 9087 9199 9272 9299 9309 9326 9325 9323 9337 9363 9383 9412 9464 9498 9524 9551 9594 9619 9617 9602 9585 9552 9510 9447 9383 9318 9248 9166 9112 9048 8994 8932 8767 8584 8398 8236 8093 7950 7807 7690 7586
4632 4729 4733 4752 4802 4913 4934 5015 5109 5201 5379 5492 5620 5733 5880 6036 6183 6343 6452 6541 6578 6743 6891 7060 7222 7316 7396 7545 7688 7819 7947 8059 8168 8284 8391 8492 8617 8714 8832 8938 9032 9138 9261 9335 9347 9357 9361 9344 9343 9353 9370 9398 9419 9454 9495 9515 9523 9562 9573 9564 9560 9546 9527 9481 9440 9395 9332 9273 9218 9157 9107 9039 8964 8842 8685 8514 8349 8201 8069 7956 7834 7746
-9999 4844 -9999 4966 4962 4973 5087 5181 5265 5468 5613 5683 5840 5982 6146 6287 6413 6500 6599 6710 6879 7012 7130 7229 7333 7418 7531 7662 7786 7938 8067 8175 8281 8392 8508 8607 8695 8798 8902 8978 9074 9171 9270 9350 9368 9380 9368 9362 9356 9372 9396 9418 9434 9466 9483 9499 9503 9521 9524 9526 9515 9513 9488 9476 9430 9384 9347 9291 9248 9187 9130 9069 8985 8892 8771 8621 8471 8325 8205 8092 7985 7900
4846 4917 4989 5029 5080 5180 5255 5424 5542 5698 5797 5914 6000 6162 6310 6452 6583 6717 6827 6964 7085 7218 7303 7435 7558 7658 7740 7850 7960 8061 8166 8287 8389 8498 8611 8699 8776 8860 8945 9019 9124 9206 9291 9341 9365 9379 9369 9359 9348 9360 9388 9405 9437 9453 9471 9459 9462 9485 9492 9484 9492 9483 9472 9439 9418 9384 9357 9312 9257 9204 9148 9083 8999 8916 8811 8681 8541 8401 8288 8189 8081 8006
4982 5085 5218 5212 5320 5362 5429 5605 5709 5830 5930 6057 6181 6287 6434 6572 6734 6840 7019 7140 7217 7324 7474 7596 7724 7837 7936 8038 8138 8232 8304 8403 8497 8598 8686 8760 8845 8930 8994 9066 9145 9215 9289 9332 9348 9363 9358 9354 9350 9358 9385 9395 9409 9437 9438 9437 9446 9455 9456 9454 9447 9448 9454 9420 9379 9363 9338 9322 9273 9219 9161 9099 9016 8939 8850 8736 8615 8490 8397 8286 8198 8110
5112 5210 5273 5387 5457 5567 5630 5760 5867 5972 6071 6141 6313 6441 6646 6776 6874 7015 7136 7248 7404 7535 7665 7797 7916 8030 8131 8221 8308 8387 8472 8548 8615 8684 8766 8821 8895 8950 9014 9083 9162 9216 9262 9305 9323 9338 9333 9338 9328 9354 9367 9376 9390 9418 9417 9416 9403 9407 9416 9415 9416 9415 9412 9387 9353 9337 9310 9291 9270 9226 9159 9094 9024 8957 8870 8776 8671 8568 8480 8364 8285 8209
5165 5295 5404 5464 5613 5712 5816 5885 5979 6117 6258 6386 6526 6633 6746 6903 7040 7197 7308 7449 7568 7707 7854 7995 8116 8219 8308 8393 8478 8546 8612 8685 8733 8788 8856 8924 8973 9006 9045 9099 9150 9199 9250 9284 9302 9320 9329 9320 9306 9323 9339 9326 9344 9369 9365 9378 9381 9370 9366 9380 9367 9357 9350 9332 9325 9304 9290 9273 9253 9203 9138 9079 9013 8950 8880 8798 8713 8614 8532 8436 8364 8296
5264 5370 5486 5643 5754 5847 5907 5987 6134 6284 6435 6588 6771 6885 7003 7131 7238 7359 7483 7617 7753 7902 8044 8185 8311 8415 8496 8575 8647 8705 8753 8796 8839 8892 8938 8990 9018 9050 9085 9112 9141 9165 9205 9224 9249 9284 9291 9287 9286 9269 9275 9282 9296 9300 9311 9312 9310 9308 9314 9322 9302 9288 9295 9295 9293 9283 9271 9256 9226 9167 9129 9069 9000 8939 8866 8796 8724 8650 8587 8522 8459 8386
5307 5460 5619 5759 5930 6024 6118 6208 6330 6480 6604 6775 6914 7041 7148 7271 7413 7553 7678 7823 7959 8084 8232 8372 8501 8606 8688 8758 8797 8851 8870 8908 8924 8970 9011 9027 9047 9063 9113 9120 9124 9138 9170 9197 9217 9247 9240 9238 9240 9235 9245 9239 9239 9243 9242 9235 9238 9261 9254 9262 9256 9232 9233 9243 9250 9249 9223 9199 9162 9133 9099 9043 8983 8918 8863 8795 8738 8681 8620 8570 8518 8456
5429 5626 5743 5822 5928 6119 6220 6318 6481 6614 6740 6880 7004 7139 7267 7416 7554 7675 7830 7962 8113 8260 8407 8560 8680 8788 8865 8903 8940 8958 8967 8979 8993 8996 9008 9036 9055 9081 9078 9084 9118 9115 9140 9154 9178 9188 9210 9204 9203 9208 9196 9178 9177 9172 9180 9168 9173 9189 9173 9174 9197 9190 9174 9171 9176 9159 9145 9131 9122 9103 9077 9031 8975 8909 8851 8801 8756 8725 8653 8602 8535 8499
5549 5764 5840 5952 6079 6187 6275 6427 6576 6712 6869 7021 7145 7247 7386 7521 7680 7814 7964 8104 8254 8409 8562 8720 8862 8967 9036 9063 9068 9066 9067 9049 9063 9065 9064 9055 9045 9052 9056 9060 9084 9090 9107 9110 9110 9132 9143 9151 9152 9146 9139 9108 9119 9118 9114 9110 9112 9112 9126 9110 9114 9114 9099 9095 9099 9082 9078 9087 9070 9062 9048 9002 8945 8918 8869 8806 8767 8722 8664 8609 8568 8535
5645 5788 5939 6070 6174 6316 6467 6595 6750 6865 7001 7110 7251 7409 7554 7681 7823 7961 8104 8258 8408 8557 8696 8847 9016 9151 9199 9188 9164 9146 9131 9105 9086 9078 9070 9071 9057 9053 9041 9035 9037 9042 9070 9060 9052 9066 9083 9097 9114 9109 9080 9064 9062 9047 9040 9055 9048 9057 9066 9053 9021 9019 9007 9000 9005 9003 9020 9030 9028 9022 9010 8974 8920 8893 8856 8816 8768 8735 8709 8649 8582 8577
5805 5960 6074 6193 6313 6394 6563 6729 6874 6999 7136 7275 7395 7537 7673 7830 7970 8102 8235 8372 8525 8682 8822 8960 9120 9266 9310 9273 9224 9183 9143 9126 9091 9080 9069 9072 9067 9041 9024 9019 9013 8997 8991 9002 8989 9010 9020 9023 9032 9034 9012 8996 8989 8974 8963 8975 8995 8994 8976 8977 8957 8937 8939 8917 8930 8953 8971 8978 8982 8983 8957 8931 8900 8867 8835 8822 8775 8747 8724 8682 8639 8614
5940 6065 6193 6326 6436 6556 6691 6840 6993 7130 7258 7394 7530 7683 7826 7953 8095 8225 8355 8500 8648 8773 8904 9030 9159 9263 9314 9312 9278 9213 9165 9114 9086 9077 9063 9060 9043 9024 8997 9000 9000 8963 8947 8945 8940 8939 8956 8961 8975 8956 8935 8923 8902 8892 8890 8906 8920 8929 8909 8894 8894 8870 8875 8875 8872 8894 8919 8920 8929 8938 8925 8905 8880 8867 8838 8813 8793 8766 8739 8712 8694 8666
6024 6137 6303 6441 6574 6713 6846 6989 7139 7265 7402 7532 7670 7820 7968 8090 8226 8352 8466 8587 8721 8847 8965 9055 9159 9232 9280 9292 9278 9227 9173 9138 9083 9050 9054 9042 9011 8982 8943 8944 8944 8933 8921 8903 8890 8878 8895 8895 8902 8886 8865 8848 8822 8822 8830 8831 8840 8838 8851 8828 8829 8824 8806 8831 8843 8863 8890 8887 8910 8906 8904 8885 8864 8845 8831 8792 8772 8768 8750 8740 8710 8676
6148 6266 6420 6563 6681 6848 6990 7134 7283 7412 7547 7673 7821 7951 8084 8222 8347 8459 8566 8682 8781 8903 8994 9095 9182 9228 9245 9247 9236 9204 9181 9146 9092 9056 9050 9032 8999 8967 8924 8902 8890 8875 8848 8836 8829 8836 8834 8827 8827 8800 8785 8780 8763 8756 8757 8748 8759 8762 8771 8777 8756 8781 8770 8784 8796 8814 8831 8831 8852 8859 8861 8848 8837 8816 8802 8793 8776 8776 8754 8742 8722 8706
6252 6379 6518 6668 6814 6955 7092 7245 7389 7534 7675 7824 7963 8093 8220 8336 8446 8545 8645 8736 8826 8918 9001 9088 9146 9200 9208 9211 9189 9161 9153 9129 9108 9072 9037 8990 8971 8948 8903 8881 8833 8802 8775 8781 8777 8772 8775 8769 8749 8726 8706 8705 8695 8683 8698 8678 8689 8704 8706 8734 8719 8712 8733 8731 8738 8746 8772 8782 8799 8823 8831 8813 8805 8801 8793 8774 8768 8774 8748 8743 8732 8721
