resultados/variables_proyeccion_tiempo/variables_futuro_ccsm_A1B/bio4.asc
ncols 330
nrows 228
xllcorner -12.000000
yllcorner 34.000000
cellsize 0.166667
NODATA_value -9999
[rows 74 to 110 of 228, columns 164 to 245 of 330]
7175 7194 7210 7230 7250 7243 7269 7262 7274 7269 7271 7275 7300 7315 7325 7346 7337 7302 7259 7205 7188 7141 -9999 -9999 -9999 -9999 -9999 -9999 -9999 -9999 -9999 -9999 -9999 -9999 -9999 -9999 -9999 -9999 -9999 -9999 -9999 -9999 -9999 -9999 -9999 -9999 -9999 -9999 -9999 -9999 -9999 -9999 -9999 -9999 -9999 7688 7664 7669 -9999 7771 7871 7900 7950 8005 8048 8066 8101 8132 8137 -9999 -9999 -9999 -9999 -9999 -9999 -9999 8314 8319 8326 8326 8323 8330
7083 7104 7127 7159 7169 7187 7181 7198 7192 7195 7200 7197 7218 7238 7250 7263 7260 7239 7198 7138 7121 7080 -9999 -9999 -9999 -9999 -9999 -9999 -9999 -9999 -9999 -9999 -9999 -9999 -9999 -9999 -9999 -9999 -9999 -9999 -9999 -9999 -9999 -9999 -9999 -9999 -9999 -9999 -9999 -9999 -9999 7676 7687 7691 7688 7692 7684 7691 7751 7803 7857 7892 7934 7971 8021 8059 8098 8128 8159 8190 8207 8203 8227 8261 8261 8274 8292 8304 8325 8326 8326 8329
7013 7034 7062 7078 7101 7124 7137 7123 7117 7126 7120 7129 7147 7168 7184 7185 7175 7151 7125 7104 7072 7064 -9999 -9999 -9999 -9999 -9999 -9999 -9999 -9999 -9999 -9999 -9999 -9999 -9999 -9999 -9999 -9999 -9999 -9999 -9999 -9999 -9999 -9999 -9999 -9999 -9999 -9999 -9999 7675 7686 7699 7699 7700 7717 7724 7735 7758 7797 7840 7872 7891 7917 7939 7995 8034 8078 8129 8158 8206 8216 8214 8242 8260 8267 8276 8305 8324 8345 8353 8356 8347
6960 6976 7003 7024 7039 7039 7064 7054 7051 7035 7038 7041 7067 7096 7112 7103 7101 7080 7062 -9999 -9999 -9999 -9999 -9999 -9999 -9999 -9999 -9999 -9999 -9999 -9999 -9999 -9999 -9999 -9999 -9999 -9999 -9999 -9999 -9999 -9999 -9999 -9999 7562 7572 -9999 7665 7685 7696 7701 7715 7729 7749 7754 7776 7805 7811 7827 7850 7878 7895 7922 7948 7972 8005 8040 8088 8116 8172 8207 8215 8242 8262 8291 8290 8315 8340 8363 8374 8387 8397 8380
6920 6950 6970 6984 6985 6995 7001 7001 6977 6957 6953 6959 6989 7041 7061 7051 7050 7038 7033 -9999 -9999 -9999 -9999 -9999 -9999 -9999 -9999 -9999 -9999 -9999 -9999 -9999 -9999 -9999 -9999 -9999 -9999 -9999 -9999 -9999 7456 7485 7528 7555 7592 7617 7664 7687 7730 7744 7779 7807 7825 7844 7866 7874 7886 7904 7924 7935 7933 7963 7983 8008 8041 8063 8114 8134 8182 8212 8242 8264 8286 8317 8324 8350 8380 8416 8426 8437 8430 8420
6907 6921 6937 6943 6936 6943 6950 6946 6930 6916 6904 6909 6939 6991 7001 7015 -9999 -9999 -9999 -9999 -9999 -9999 -9999 -9999 -9999 -9999 -9999 -9999 -9999 -9999 -9999 -9999 -9999 -9999 -9999 -9999 -9999 -9999 -9999 -9999 -9999 -9999 7544 7554 7591 7603 -9999 -9999 -9999 7787 7830 7875 7908 7935 7958 7962 7970 7964 7976 7981 7991 8014 8038 8062 8077 8100 8127 8150 8197 8229 8268 8284 8318 8347 8357 8384 8408 8429 8452 8467 8462 8458
6889 6900 6908 6905 6906 6912 6905 6902 6898 6886 6891 -9999 -9999 -9999 -9999 -9999 -9999 -9999 -9999 -9999 -9999 -9999 -9999 -9999 -9999 -9999 -9999 -9999 -9999 -9999 -9999 -9999 -9999 -9999 -9999 -9999 -9999 -9999 -9999 -9999 -9999 7484 7520 7567 7610 7650 7687 7710 7746 7793 7842 7906 7959 8008 8041 8039 8030 8024 8023 8027 8038 8054 8070 8109 8104 8141 8157 8173 8197 8232 8283 8305 8341 8373 8407 8422 8440 8464 8484 8502 8511 8498
6867 6860 6869 6875 6865 6875 6876 6881 6874 6853 -9999 -9999 -9999 -9999 -9999 -9999 -9999 -9999 -9999 -9999 -9999 -9999 -9999 6778 -9999 -9999 -9999 -9999 -9999 -9999 -9999 -9999 -9999 -9999 -9999 -9999 -9999 -9999 -9999 7413 7425 7462 7507 7565 7605 7647 7693 7738 -9999 -9999 7864 7908 7990 8041 8099 8107 8077 8052 8052 8051 8076 8093 8103 8120 8127 8152 8162 8196 8221 8260 8288 8318 8374 8388 8415 8444 8472 8491 8495 8522 8528 8520
6823 6833 6834 6821 6833 6830 6833 6845 6848 6829 -9999 -9999 -9999 -9999 -9999 -9999 -9999 -9999 -9999 -9999 -9999 -9999 -9999 -9999 -9999 -9999 -9999 -9999 -9999 -9999 -9999 -9999 -9999 -9999 -9999 -9999 -9999 -9999 -9999 7374 7428 7445 7488 7550 7593 7645 -9999 -9999 -9999 -9999 -9999 -9999 7980 8040 8080 8104 8087 8077 8069 8068 8102 8107 8138 8128 8151 8161 8189 8209 8240 8279 8293 8340 8388 8412 8437 8470 8476 8497 8510 8534 8534 8537
6778 6782 6793 6786 6787 6794 6788 6808 6814 -9999 -9999 -9999 -9999 -9999 -9999 -9999 -9999 -9999 -9999 -9999 -9999 -9999 -9999 -9999 -9999 -9999 -9999 -9999 -9999 -9999 -9999 -9999 -9999 -9999 -9999 -9999 -9999 -9999 -9999 -9999 7449 7460 -9999 7523 -9999 -9999 -9999 -9999 -9999 -9999 -9999 7947 -9999 -9999 8058 8065 8057 8069 8074 8079 8103 8113 8124 8152 8145 8175 8204 8232 8259 8286 8303 8359 8380 8404 8461 8486 8496 8520 8534 8538 8549 8538
6752 6746 6741 6743 6745 6740 6758 6767 6773 -9999 -9999 -9999 -9999 -9999 -9999 -9999 -9999 -9999 -9999 6504 6535 6573 6639 6674 -9999 -9999 -9999 -9999 -9999 -9999 -9999 -9999 -9999 -9999 -9999 -9999 -9999 -9999 -9999 -9999 7436 7436 -9999 -9999 -9999 -9999 -9999 -9999 -9999 -9999 -9999 -9999 -9999 -9999 8020 8030 8040 8048 8052 8080 8096 8123 8132 8149 8161 8180 8219 8253 8269 8294 8328 8357 8386 8410 8441 8485 8512 8554 8551 8557 8551 8535
6736 6722 6730 6717 6717 6731 6722 6716 6724 -9999 -9999 -9999 -9999 -9999 -9999 -9999 -9999 -9999 6421 6463 6509 6557 6611 -9999 -9999 -9999 -9999 -9999 -9999 -9999 -9999 -9999 -9999 -9999 -9999 -9999 -9999 -9999 -9999 -9999 -9999 7487 7521 7556 -9999 -9999 -9999 7702 -9999 -9999 -9999 -9999 -9999 -9999 7977 8008 8013 8035 8049 8076 8106 8126 8144 8149 8171 8185 8230 8265 8292 8326 8357 8365 8393 8412 8435 8479 8525 8571 8590 8567 8546 8550
6726 6731 6715 6706 6708 6708 6706 6703 6713 -9999 -9999 -9999 -9999 -9999 -9999 -9999 6429 6391 6407 6446 6483 -9999 -9999 -9999 -9999 -9999 -9999 -9999 -9999 -9999 -9999 -9999 -9999 -9999 -9999 -9999 -9999 -9999 7349 7391 7449 7494 7532 7567 7614 -9999 -9999 -9999 -9999 -9999 -9999 -9999 -9999 -9999 7972 7976 8006 8030 8067 8087 8118 8148 8167 8180 8189 8200 8240 8274 8309 8342 8372 8396 8419 8430 8448 8488 8535 8567 8576 8579 8583 8581
6747 6730 6715 6711 6697 6703 6696 6682 6671 -9999 6652 -9999 -9999 -9999 -9999 -9999 6402 6419 6432 6467 6498 6554 -9999 -9999 -9999 -9999 -9999 -9999 -9999 -9999 -9999 -9999 -9999 -9999 -9999 -9999 -9999 7317 7350 7397 7455 7505 7548 7589 7631 7655 7685 -9999 -9999 -9999 -9999 -9999 -9999 -9999 7968 7974 8004 8037 8057 8106 8137 8162 8189 8198 8201 8220 8247 8288 8328 8364 8399 8421 8442 8450 8478 8518 8552 8582 8596 8609 8628 8621
6740 6736 6724 6705 6706 6702 6685 6664 -9999 6644 6638 -9999 -9999 -9999 -9999 -9999 6451 6441 6469 6483 6508 -9999 -9999 -9999 -9999 -9999 -9999 -9999 -9999 -9999 -9999 -9999 -9999 -9999 -9999 -9999 7285 7308 7373 7404 7466 7514 7567 7624 7657 7669 7709 7736 -9999 -9999 -9999 -9999 -9999 -9999 7949 7978 8004 8040 8063 8100 8136 8175 8202 8222 8231 8243 8273 8300 8330 8371 8411 8433 8444 8473 8498 8526 8566 8594 8614 8634 8640 8636
6720 6710 6698 6704 6702 6688 6660 6645 -9999 6624 6604 -9999 -9999 -9999 -9999 -9999 -9999 6453 6465 -9999 -9999 -9999 -9999 -9999 -9999 -9999 -9999 -9999 -9999 -9999 -9999 -9999 -9999 -9999 -9999 -9999 7293 7314 7377 7426 7478 7525 7582 7641 7662 7703 7729 7753 7784 -9999 -9999 -9999 7852 7902 7942 7973 8002 8047 8059 8094 8139 8173 8201 8222 8232 8250 8290 8327 8369 8379 8400 8417 8442 8478 8507 8549 8585 8598 8617 8636 8643 8656
6688 6689 6684 6679 6677 6663 6663 6619 6637 6626 -9999 -9999 -9999 -9999 -9999 -9999 -9999 6469 6475 -9999 -9999 -9999 -9999 -9999 -9999 -9999 -9999 -9999 -9999 -9999 -9999 -9999 -9999 -9999 7201 7244 7288 7332 7398 7443 7492 7546 7609 7660 7698 7724 7747 7767 7784 7794 7815 7820 7846 7894 7935 7972 7996 8029 8042 8079 8123 8157 8202 8209 8224 8250 8296 8322 8348 8367 8381 8407 8433 8475 8514 8556 8589 8604 8621 8644 8659 8659
6663 6659 6650 6649 6652 6645 6643 6630 6636 -9999 -9999 -9999 -9999 -9999 -9999 -9999 -9999 -9999 -9999 -9999 -9999 -9999 -9999 -9999 -9999 -9999 -9999 -9999 -9999 -9999 -9999 -9999 -9999 -9999 7203 7242 7299 7345 7409 7467 7515 7578 7633 7667 7708 7744 7777 7776 7799 7804 7815 7809 7852 7894 7940 7970 7994 8014 8030 8072 8104 8161 8190 8208 8227 8245 8268 8314 8350 8364 8369 8389 8434 8479 8510 8542 8559 8595 8632 8636 8638 8649
6603 6614 6620 6633 6624 6628 6634 6628 6646 -9999 -9999 -9999 -9999 -9999 -9999 -9999 -9999 -9999 -9999 -9999 -9999 -9999 -9999 -9999 -9999 -9999 -9999 -9999 -9999 -9999 -9999 -9999 -9999 -9999 7223 7259 7307 7361 7420 7472 7536 7600 7649 7681 7724 7762 7802 7807 7815 7820 7830 7839 7868 7898 7940 7968 7990 8014 8038 8055 8087 8145 8172 8198 8211 8226 8255 8299 8338 8354 8383 8406 8436 8483 8503 8514 8549 8575 8604 8628 8640 8646
6555 6582 6583 6590 6613 -9999 6624 6622 -9999 -9999 -9999 -9999 -9999 -9999 -9999 -9999 -9999 -9999 -9999 -9999 -9999 -9999 -9999 -9999 -9999 -9999 -9999 -9999 -9999 -9999 -9999 -9999 -9999 7176 7219 7268 7322 7372 7440 7506 7566 7628 7668 7701 7738 7784 7810 7818 7831 7836 7847 7866 7889 7913 7943 7951 7991 8014 8024 8058 8095 8124 8149 8174 8190 8218 8236 8281 8328 8360 8394 8426 8437 8465 8466 8497 8533 8564 8589 8618 8643 8637
6496 6526 6540 6567 6571 -9999 6631 6629 -9999 -9999 -9999 -9999 -9999 -9999 -9999 -9999 -9999 -9999 -9999 -9999 -9999 -9999 -9999 -9999 -9999 -9999 -9999 -9999 -9999 -9999 -9999 -9999 -9999 -9999 7212 7268 7317 7383 7452 7527 7599 7664 7691 7724 7760 7795 7820 7856 7863 7866 7872 7882 7912 7930 7948 7975 8007 8030 8061 8086 8102 8123 8150 8169 8196 8216 8238 8274 8307 8349 8388 8428 8441 8466 8473 8478 8518 8558 8586 8612 8630 8633
6466 6451 6528 6534 -9999 -9999 -9999 -9999 -9999 -9999 -9999 -9999 -9999 -9999 -9999 -9999 -9999 -9999 -9999 -9999 -9999 -9999 -9999 -9999 -9999 -9999 -9999 -9999 -9999 -9999 -9999 -9999 -9999 -9999 7221 7267 7328 7394 7470 7540 7628 7684 7721 7754 7791 7812 7852 7878 7887 7897 7904 7923 7936 7956 7974 7989 8023 8052 8071 8097 8116 8144 8157 8176 8197 8222 8248 8280 8320 8356 8389 8435 8459 8478 8480 8501 8533 8565 8607 8631 8634 8650
-9999 -9999 -9999 -9999 -9999 -9999 -9999 -9999 -9999 -9999 -9999 -9999 -9999 -9999 -9999 -9999 -9999 -9999 -9999 -9999 -9999 -9999 -9999 -9999 -9999 -9999 -9999 -9999 -9999 -9999 -9999 -9999 -9999 -9999 7213 7272 7344 7407 7485 7564 7647 7719 7749 7788 7823 7848 7886 7915 7936 7932 7927 7943 7966 7981 8004 8029 8060 8083 8098 8128 8134 8143 8161 8178 8204 8224 8246 8274 8320 8366 8410 8452 8479 8490 8513 8530 8554 8576 8605 8636 8655 8653
-9999 -9999 -9999 -9999 -9999 -9999 -9999 -9999 -9999 -9999 -9999 -9999 -9999 -9999 -9999 -9999 -9999 -9999 -9999 -9999 -9999 -9999 -9999 -9999 -9999 -9999 -9999 -9999 -9999 -9999 -9999 -9999 -9999 -9999 7211 7288 7375 7441 7523 7600 7678 7726 7768 7801 7828 7867 7905 7922 7949 7950 7950 7959 7981 8005 8031 8049 8059 8093 8113 8140 8151 8151 8177 8177 8198 8226 8243 8271 8308 8359 8405 8454 8493 8512 8530 8546 8580 8593 8616 8644 8669 8661
-9999 -9999 -9999 -9999 -9999 -9999 -9999 -9999 -9999 -9999 -9999 -9999 -9999 -9999 -9999 -9999 -9999 -9999 -9999 -9999 -9999 -9999 -9999 -9999 -9999 -9999 -9999 -9999 -9999 -9999 -9999 -9999 -9999 -9999 7313 7351 7417 7473 7557 7626 7685 7750 7780 7817 7845 7873 7909 7921 7939 7951 7964 7975 7993 8017 8048 8057 8063 8085 8119 8139 8147 8143 8170 8171 8183 8215 8240 8276 8314 8356 8412 8459 8495 8519 8543 8557 8573 8600 8633 8648 8665 8674
-9999 -9999 -9999 -9999 -9999 -9999 -9999 -9999 -9999 -9999 -9999 -9999 -9999 -9999 -9999 -9999 -9999 -9999 -9999 -9999 -9999 -9999 -9999 -9999 -9999 -9999 -9999 -9999 -9999 -9999 -9999 -9999 -9999 -9999 7442 7433 7462 7524 7594 7642 7701 7747 7775 7818 7840 7862 7884 7919 7939 7945 7967 7985 8011 8026 8052 8050 8071 8100 8125 8136 8121 8130 8140 8147 8172 8209 8230 8266 8302 8362 8410 8463 8494 8530 8545 8558 8590 8598 8635 8656 8668 8667
-9999 -9999 -9999 -9999 -9999 -9999 -9999 -9999 -9999 -9999 -9999 -9999 -9999 -9999 -9999 -9999 -9999 -9999 -9999 -9999 -9999 -9999 -9999 -9999 -9999 -9999 -9999 -9999 -9999 -9999 -9999 -9999 -9999 7486 -9999 7532 7536 7580 7645 7687 7727 7752 7784 7811 7832 7853 7875 7910 7915 7926 7945 7975 8010 8024 8052 8051 8068 8098 8124 8136 8126 8126 8116 8128 8161 8187 8223 8268 8313 8366 8424 8460 8498 8512 8543 8555 8582 8602 8638 8664 8675 8678
-9999 -9999 -9999 -9999 -9999 -9999 -9999 -9999 -9999 -9999 -9999 -9999 -9999 -9999 -9999 -9999 -9999 -9999 -9999 -9999 -9999 -9999 -9999 -9999 -9999 -9999 -9999 -9999 -9999 -9999 -9999 7397 7432 -9999 -9999 7609 7633 7669 7703 7752 7762 7777 7791 7809 7825 7847 7863 7887 7903 7924 7939 7970 8006 8024 8053 8068 8101 8129 8157 8156 8140 8132 8120 8119 8137 8177 8236 8285 8333 8382 8432 8473 8507 8537 8553 8566 8580 8608 8645 8673 8686 8688
-9999 -9999 -9999 -9999 -9999 -9999 -9999 -9999 -9999 -9999 -9999 -9999 -9999 -9999 -9999 -9999 -9999 -9999 -9999 -9999 -9999 -9999 -9999 -9999 -9999 -9999 -9999 7247 7313 7382 7398 7419 7488 7578 7662 7702 7730 7768 7780 7815 7817 7817 7815 7805 7804 7831 7861 7886 7903 7931 7937 7971 8002 8032 8060 8080 8139 8192 8205 8201 8181 8149 8110 8118 8152 8199 8251 8303 8355 8400 8443 8482 8521 8552 8565 8589 8616 8635 8660 8685 8706 8714
-9999 -9999 -9999 -9999 -9999 -9999 -9999 -9999 -9999 -9999 7699 7630 7502 7419 7433 7342 7218 7064 6952 6797 6764 -9999 -9999 -9999 -9999 -9999 -9999 7396 7453 7488 7491 7488 7572 7664 7747 7802 7846 7877 7894 7908 7901 7875 7856 7829 7815 7845 7873 7911 7920 7919 7947 7979 8007 8031 8067 8113 8173 8232 8267 8259 8226 8197 8167 8152 8190 8237 8294 8342 8387 8429 8473 8505 8547 8580 8606 8622 8642 8668 8688 8711 8728 8739
-9999 -9999 -9999 -9999 -9999 -9999 -9999 7574 7802 7944 7863 7783 7704 7686 7695 7530 7345 7160 6985 6924 6758 -9999 -9999 -9999 -9999 -9999 7553 7542 7695 7698 7681 7673 7736 7807 7893 7950 8002 8017 8033 8040 8020 7997 7951 7890 7840 7874 7893 7910 7933 7952 7969 8010 8038 8066 8088 8131 8182 8254 8308 8314 8288 8257 8243 8236 8250 8288 8329 8382 8425 8468 8516 8555 8594 8624 8650 8665 8694 8712 8728 8738 8763 8784
-9999 -9999 -9999 -9999 -9999 -9999 7356 7600 7855 7998 7991 7952 7908 7875 7810 7650 7440 7236 7028 6924 6983 -9999 -9999 7490 7644 7652 7768 7796 7837 7865 7898 7904 7933 7983 8060 8115 8149 8183 8186 8175 8164 8111 8047 7993 7949 7936 7933 7948 7957 7987 8016 8059 8085 8099 8114 8147 8194 8254 8308 8324 8311 8305 8300 8307 8326 8358 8383 8419 8476 8518 8558 8599 8637 8672 8696 8724 8752 8777 8776 8791 8817 8827
-9999 7809 7531 7243 7001 7110 7410 7696 7917 8053 8069 8070 8041 7995 7905 7744 7548 7350 7186 7095 7140 7272 7437 7651 7822 7873 7933 7979 8031 8081 8117 8130 8153 8192 8251 8290 8304 8361 8364 8348 8298 8230 8152 8088 8029 7984 7963 7976 7989 8021 8046 8078 8113 8134 8149 8139 8195 8255 8301 8322 8333 8333 8344 8344 8369 8399 8422 8458 8487 8541 8605 8640 8678 8709 8731 8768 8792 8802 8818 8827 8836 8858
7747 7807 7609 7385 7199 7267 7527 7793 7986 8111 8155 8165 8147 8102 8013 7856 7673 7493 7370 7309 7352 7460 7608 7791 7969 8050 8101 8141 8218 8274 8317 8330 8351 8375 8405 8447 8499 8560 8551 8520 8428 8339 8248 8172 8086 8040 8021 7998 8015 8035 8050 8096 8131 8140 8152 8168 8202 8255 8292 8318 8340 8349 8372 8396 8412 8433 8465 8499 8518 8562 8631 8678 8702 8739 8759 8784 8815 8823 8841 8847 8854 8875
7766 7778 7691 7547 7463 7527 7717 7943 8107 8190 8234 8268 8273 8227 8115 7955 7796 7638 7525 7486 7522 7611 7728 7876 8024 8127 8196 8274 8352 8428 8508 8514 8512 8527 8576 8642 8722 8814 8778 8669 8558 8460 8324 8235 8145 8098 8045 8031 8026 8041 8063 8104 8136 8158 8166 8195 8227 8258 8291 8313 8350 8381 8405 8417 8442 8461 8488 8520 8544 8585 8646 8701 8734 8758 8772 8797 8812 8832 8851 8848 8864 8883
7789 7792 7742 7671 7644 7704 7868 8083 8242 8269 8288 8329 8338 8315 8173 8018 7870 7746 7664 7609 7642 7720 7800 7925 8052 8192 8291 8364 8448 8550 8648 8653 8648 8659 8710 8804 8927 9024 8936 8806 8665 8525 8402 8302 8205 8133 8077 8047 8043 8046 8063 8114 8154 8178 8177 8201 8240 8279 8306 8327 8360 8394 8411 8436 8465 8487 8517 8532 8563 8611 8656 8697 8737 8755 8778 8799 8825 8845 8855 8860 8867 8890
7798 7824 7810 7774 7776 7826 7940 8105 8213 8253 8281 8316 8333 8296 8190 8050 7923 7819 7746 7720 7760 7806 7899 8012 8135 8236 8332 8397 8498 8580 8649 8685 8699 8735 8798 8898 8991 9043 8992 8880 8735 8590 8469 8349 8234 8162 8096 8053 8044 8052 8078 8128 8181 8212 8215 8233 8255 8300 8331 8346 8370 8413 8419 8454 8480 8515 8537 8563 8600 8640 8687 8718 8747 8767 8784 8810 8825 8854 8862 8880 8894 8902
