resultados/variables_proyeccion_tiempo/variables_futuro_ccsm_A1B/bio4.asc
ncols 330
nrows 228
xllcorner -12.000000
yllcorner 34.000000
cellsize 0.166667
NODATA_value -9999
[rows 111 to 147 of 228, columns 82 to 163 of 330]
-9999 -9999 -9999 -9999 -9999 -9999 -9999 -9999 -9999 -9999 -9999 -9999 -9999 -9999 -9999 -9999 -9999 -9999 -9999 -9999 -9999 5392 5438 5528 5598 5669 5667 5675 5715 5777 5835 5875 5963 5997 5975 5944 5906 5906 5950 6043 6093 6154 6198 6222 6257 6294 6355 6413 6469 6535 6620 6681 6717 6737 6737 6729 6714 6715 6712 6708 6699 6689 6697 6713 6724 6741 6732 6741 6759 6829 6897 7000 7111 7201 7275 7305 7276 7230 7344 7505 7647 7767
-9999 -9999 -9999 -9999 -9999 -9999 -9999 -9999 -9999 -9999 -9999 -9999 -9999 -9999 -9999 -9999 -9999 -9999 -9999 5440 -9999 -9999 5551 5589 5633 5668 5675 5693 5715 5754 5829 5903 5981 6025 6014 6010 5996 6015 6050 6110 6162 6210 6252 6288 6312 6356 6413 6467 6520 6582 6656 6733 6781 6790 6766 6775 6765 6753 6757 6754 6759 6770 6764 6757 6782 6791 6800 6826 6865 6923 6996 7084 7169 7254 7312 7347 7348 7336 7446 7610 7742 7845
-9999 -9999 -9999 -9999 -9999 -9999 -9999 -9999 -9999 -9999 -9999 -9999 -9999 -9999 -9999 -9999 -9999 -9999 5530 5501 -9999 -9999 5558 5607 5650 5685 5690 5695 5704 5747 5816 5894 5959 6011 6038 6043 6049 6086 6134 6182 6222 6255 6300 6322 6359 6397 6441 6492 6560 6605 6657 6712 6750 6783 6781 6764 6786 6785 6790 6800 6821 6823 6829 6841 6862 6870 6892 6920 6980 7033 7086 7157 7235 7310 7386 7428 7471 7511 7600 7726 7842 7940
-9999 -9999 -9999 -9999 -9999 -9999 -9999 -9999 -9999 -9999 -9999 -9999 -9999 -9999 -9999 -9999 -9999 -9999 5633 5605 5567 -9999 5598 5635 5675 5697 5703 5708 5729 5752 5813 5873 5940 5982 6024 6048 6083 6132 6192 6244 6238 6256 6288 6335 6375 6418 6449 6502 6568 6614 6635 6669 6718 6760 6769 6790 6815 6826 6823 6847 6864 6869 6890 6907 6942 6969 7005 7044 7084 7140 7179 7228 7298 7387 7463 7523 7608 7664 7762 7874 7976 8037
5040 -9999 -9999 -9999 -9999 -9999 -9999 -9999 -9999 -9999 -9999 -9999 -9999 -9999 -9999 -9999 -9999 5613 5639 5641 5624 5612 -9999 5669 5697 5706 5721 5725 5740 5762 5808 5852 5906 5963 6018 6054 6089 6151 6194 6222 6226 6241 6270 6309 6360 6411 6458 6515 6551 6562 6585 6626 6658 6713 6757 6789 6811 6840 6851 6878 6896 6909 6934 6965 7004 7040 7086 7124 7167 7221 7252 7287 7339 7419 7513 7630 7725 7826 7925 7986 8061 8144
4995 -9999 -9999 -9999 -9999 -9999 -9999 -9999 -9999 -9999 -9999 -9999 -9999 -9999 -9999 -9999 -9999 5598 5638 5645 5638 5624 5636 5685 5707 5728 5743 5742 5766 5778 5798 5833 5889 5935 5992 6056 6091 6150 6182 6190 6171 6194 6219 6278 6334 6390 6441 6480 6520 6519 6518 6582 6637 6681 6735 6771 6793 6832 6867 6881 6908 6932 6962 6995 7025 7076 7126 7174 7231 7278 7311 7332 7381 7445 7534 7683 7825 7957 8027 8071 8096 8114
5024 -9999 -9999 -9999 -9999 -9999 -9999 -9999 -9999 -9999 -9999 -9999 -9999 -9999 -9999 -9999 -9999 5576 5615 5651 5648 5651 5662 5695 5732 5751 5772 5786 5797 5808 5802 5813 5874 5928 5984 6037 6100 6165 6194 6184 6162 6176 6208 6261 6302 6358 6423 6458 6487 6487 6505 6558 6610 6653 6713 6764 6799 6846 6863 6886 6918 6957 6997 7018 7046 7101 7149 7199 7272 7300 7339 7362 7396 7460 7529 7666 7855 8058 8050 8017 7985 7966
-9999 -9999 -9999 -9999 -9999 -9999 -9999 -9999 -9999 -9999 -9999 -9999 -9999 -9999 -9999 -9999 5547 5594 5638 5657 5669 5681 5710 5733 5764 5794 5829 5839 5846 5854 5839 5841 5890 5944 5996 6045 6096 6177 6206 6170 6152 6162 6190 6253 6293 6334 6375 6439 6476 6494 6522 6559 6604 6651 6692 6749 6790 6820 6881 6923 6948 6966 6989 7020 7056 7102 7166 7214 7280 7318 7344 7366 7391 7430 7475 7638 7819 7995 8016 7953 7906 7877
-9999 -9999 -9999 -9999 -9999 -9999 -9999 -9999 -9999 -9999 -9999 -9999 -9999 -9999 -9999 5588 5614 5669 5701 5718 5723 5736 5755 5806 5834 5854 5901 5917 5926 5926 5915 5921 5950 5981 6016 6061 6126 6171 6184 6154 6148 6167 6196 6237 6286 6362 6427 6455 6512 6511 6539 6569 6624 6680 6725 6764 6812 6844 6890 6933 6967 6981 7007 7033 7044 7110 7161 7216 7263 7315 7332 7363 7392 7442 7501 7609 7730 7822 7898 7870 7841 7796
-9999 -9999 -9999 -9999 -9999 -9999 -9999 -9999 -9999 -9999 -9999 -9999 -9999 -9999 5678 5701 5739 5776 5791 5797 5801 5808 5829 5876 5908 5946 5991 6027 6032 6027 6034 6043 6051 6065 6074 6090 6147 6185 6180 6163 6185 6203 6224 6266 6352 6399 6461 6503 6524 6560 6589 6582 6622 6703 6747 6778 6826 6866 6898 6944 6975 7018 7040 7069 7103 7144 7188 7240 7281 7303 7324 7370 7423 7469 7509 7588 7660 7733 7776 7766 7746 7717
-9999 -9999 -9999 -9999 -9999 -9999 -9999 -9999 -9999 -9999 -9999 -9999 5719 5756 5789 5825 5846 5866 5879 5880 5873 5883 5894 5926 5980 6016 6073 6127 6139 6148 6151 6153 6166 6180 6173 6187 6202 6226 6225 6233 6244 6285 6305 6326 6418 6488 6544 6529 6582 6624 6638 6648 6625 6643 6742 6768 6809 6853 6892 6932 6988 7020 7058 7094 7134 7166 7215 7265 7293 7326 7337 7354 7402 7434 7495 7550 7605 7652 7656 7650 7648 7660
-9999 -9999 -9999 -9999 -9999 -9999 -9999 -9999 -9999 -9999 5646 5709 5776 5827 5872 5924 5931 5938 5943 5932 5922 5919 5942 5974 6030 6070 6136 6194 6239 6269 6284 6281 6282 6271 6266 6261 6274 6283 6290 6289 6307 6334 6367 6414 6510 6581 6632 6645 6638 6668 6686 6740 6765 6809 6812 6788 6793 6823 6851 6901 6958 7004 7061 7116 7176 7208 7241 7278 7298 7328 7335 7357 7378 7409 7454 7491 7523 7529 7538 7539 7543 7617
-9999 -9999 -9999 -9999 -9999 -9999 -9999 -9999 -9999 5605 5671 5736 5797 5865 5914 5959 5979 5990 6002 6000 5975 5967 5989 6012 6066 6110 6157 6238 6306 6367 6432 6413 6359 6338 6329 6327 6319 6307 6321 6324 6343 6367 6429 6506 6603 6668 6736 6733 6721 6728 6729 6765 6814 6832 6865 6883 6885 6903 6883 6883 6940 7000 7068 7125 7190 7233 7258 7284 7301 7331 7334 7335 7366 7395 7429 7456 7475 7485 7470 7462 7485 7582
-9999 -9999 -9999 -9999 -9999 -9999 5430 5473 5533 5611 5690 5782 5841 5902 5957 5997 6018 6034 6053 6050 6037 6031 6033 6047 6087 6132 6178 6260 6341 6423 6500 6487 6408 6360 6337 6340 6334 6350 6341 6372 6369 6407 6515 6606 6665 6728 6811 6808 6750 6771 6785 6792 6852 6894 6907 6920 6925 6901 6872 6854 6896 6974 7066 7154 7209 7237 7274 7275 7300 7309 7319 7309 7310 7339 7362 7420 7439 7427 7391 7373 7398 7527
-9999 -9999 -9999 5376 5407 5432 5472 5515 5581 5646 5734 5820 5887 5945 6004 6048 6082 6089 6099 6096 6097 6072 6072 6082 6086 6125 6189 6256 6338 6412 6489 6518 6461 6396 6367 6361 6373 6392 6398 6401 6465 6537 6642 6680 6719 6813 6849 6847 6829 6818 6824 6863 6894 6942 6956 6978 6971 6916 6869 6823 6848 6938 7036 7124 7210 7242 7269 7258 7282 7285 7292 7309 7333 7326 7348 7346 7341 7322 7331 7348 7392 7508
5294 5323 5356 5396 5445 5483 5534 5584 5652 5717 5783 5874 5936 5991 6061 6116 6151 6161 6154 6142 6129 6122 6103 6092 6097 6128 6180 6245 6322 6385 6430 6477 6434 6383 6392 6407 6420 6477 6498 6495 6571 6683 6778 6808 6814 6859 6842 6862 6866 6854 6865 6890 6917 6978 7011 7028 7000 6947 6868 6800 6843 6934 7031 7108 7192 7229 7251 7258 7265 7244 7261 7261 7308 7368 7382 7382 7328 7272 7329 7353 7371 7298
5338 5386 5437 5475 5513 5559 5611 5669 5741 5796 5860 5930 5996 6055 6110 6177 6203 6207 6202 6193 6178 6164 6150 6137 6124 6149 6180 6230 6290 6352 6384 6391 6342 6354 6413 6461 6510 6518 6524 6623 6676 6802 6892 6902 6904 6902 6893 6901 6900 6881 6876 6910 6984 6992 7009 7042 7025 6987 6921 6871 6914 6988 7075 7130 7199 7217 7223 7229 7241 7246 7222 7181 7198 7307 7385 7419 7400 7362 7357 7336 7355 7283
5422 5466 5517 5557 5586 5643 5702 5764 5838 5892 5942 5996 6062 6121 6164 6217 6253 6263 6249 6246 6232 6221 6201 6194 6184 6191 6203 6233 6291 6338 6376 6375 6376 6405 6470 6524 6567 6573 6604 6722 6828 6913 6992 6988 6955 6920 6954 6947 6962 6999 6971 6986 7089 7122 7079 7037 7040 7013 7003 6990 7014 7071 7135 7192 7211 7223 7215 7198 7223 7176 7244 7386 7504 7504 7517 7483 7458 7459 7443 7459 7519 7559
5491 5533 5589 5624 5682 5740 5811 5863 5932 5983 6018 6082 6143 6171 6219 6258 6286 6306 6306 6299 6291 6272 6258 6253 6248 6248 6256 6292 6328 6362 6393 6431 6442 6496 6592 6669 6655 6717 6794 6828 6851 6919 7012 7049 7032 7008 7037 7057 7091 7181 7171 7179 7192 7206 7214 7170 7113 7054 7029 7036 7100 7157 7223 7236 7184 7112 7105 7100 7218 7360 7488 7560 7601 7614 7637 7618 7584 7512 7507 7567 7603 7640
5570 5617 5664 5721 5768 5828 5890 5945 5993 6034 6084 6132 6167 6217 6262 6301 6323 6350 6358 6364 6345 6343 6335 6310 6307 6316 6334 6369 6395 6432 6471 6486 6516 6587 6659 6719 6740 6777 6816 6859 6843 6965 7036 7072 7095 7109 7126 7151 7192 7247 7297 7297 7284 7278 7268 7295 7240 7173 7108 7072 7142 7224 7240 7279 7310 7317 7347 7390 7301 7426 7570 7593 7575 7593 7655 7659 7626 7604 7600 7632 7665 7712
5640 5690 5740 5812 5862 5913 5960 6003 6041 6076 6107 6144 6193 6244 6298 6326 6361 6385 6402 6401 6405 6387 6367 6368 6377 6385 6418 6450 6472 6502 6526 6542 6587 6635 6660 6684 6790 6808 6865 6972 7077 7125 7067 7101 7144 7145 7172 7213 7273 7334 7373 7367 7342 7307 7266 7244 7211 7160 7137 7122 7121 7200 7305 7373 7448 7384 7290 7360 7387 7479 7531 7576 7605 7618 7635 7653 7613 7579 7589 7629 7668 7706
5714 5754 5819 5887 5941 5991 6024 6058 6087 6112 6130 6158 6205 6262 6323 6366 6393 6414 6418 6434 6427 6419 6409 6423 6444 6470 6492 6494 6508 6592 6622 6626 6613 6615 6682 6699 6786 6917 6967 7046 7168 7229 7186 7164 7181 7188 7205 7255 7300 7347 7372 7379 7343 7290 7250 7201 7166 7156 7126 7129 7168 7272 7341 7445 7411 7409 7419 7449 7488 7524 7589 7627 7614 7655 7653 7622 7586 7550 7548 7562 7561 7624
5754 5814 5901 5957 6018 6061 6088 6116 6123 6134 6136 6153 6225 6299 6361 6415 6434 6449 6470 6465 6467 6476 6481 6485 6498 6538 6570 6609 6594 6661 6705 6623 6551 6599 6680 6750 6831 6883 6967 7068 7161 7217 7159 7172 7177 7221 7237 7276 7301 7334 7365 7361 7327 7294 7265 7226 7206 7182 7162 7185 7263 7382 7460 7516 7416 7491 7541 7561 7609 7659 7658 7623 7575 7544 7598 7614 7585 7569 7547 7553 7562 7544
5818 5881 5969 6035 6092 6123 6154 6172 6175 6162 6155 6180 6268 6349 6414 6460 6478 6478 6496 6504 6518 6528 6533 6551 6567 6605 6650 6708 6701 6740 6724 6694 6653 6662 6709 6749 6799 6864 6976 7091 7129 7163 7148 7136 7148 7181 7211 7251 7304 7314 7337 7342 7332 7303 7291 7291 7273 7259 7255 7279 7367 7448 7569 7580 7542 7536 7589 7633 7669 7686 7645 7643 7544 7559 7602 7607 7559 7519 7545 7500 7533 7528
5890 5950 6035 6117 6176 6218 6226 6223 6217 6210 6208 6255 6324 6399 6467 6494 6513 6529 6537 6535 6540 6560 6576 6591 6621 6651 6700 6727 6767 6790 6811 6806 6774 6764 6784 6776 6823 6886 6972 7104 7120 7159 7136 7141 7165 7184 7206 7233 7274 7273 7282 7307 7308 7294 7313 7332 7351 7346 7326 7328 7430 7541 7637 7665 7638 7607 7570 7662 7656 7692 7652 7643 7648 7634 7644 7637 7602 7588 7593 7502 7488 7505
5966 6044 6115 6190 6260 6299 6298 6287 6273 6268 6273 6313 6382 6449 6530 6535 6547 6554 6573 6573 6589 6591 6610 6643 6661 6702 6737 6774 6806 6851 6870 6875 6887 6854 6844 6846 6871 6925 7037 7154 7185 7187 7164 7160 7168 7202 7214 7219 7250 7253 7269 7284 7296 7306 7334 7354 7406 7399 7398 7396 7482 7618 7704 7732 7732 7715 7700 7665 7593 7566 7596 7660 7654 7690 7699 7672 7670 7649 7653 7596 7564 7501
6052 6125 6207 6289 6367 6387 6388 6367 6353 6340 6351 6383 6425 6477 6527 6569 6582 6601 6612 6622 6630 6642 6669 6687 6719 6753 6766 6796 6828 6859 6892 6912 6940 6929 6928 6950 6997 7056 7165 7222 7254 7210 7170 7138 7128 7146 7149 7164 7212 7239 7253 7281 7309 7336 7369 7418 7395 7420 7444 7477 7530 7650 7789 7767 7723 7706 7674 7672 7555 7536 7412 7415 7544 7621 7683 7735 7727 7685 7704 7684 7629 7582
6138 6206 6278 6407 6486 6494 6466 6447 6421 6417 6408 6416 6458 6497 6558 6599 6635 6643 6645 6661 6683 6702 6728 6737 6746 6758 6790 6811 6836 6882 6910 6948 6979 6985 7011 7067 7122 7171 7200 7247 7216 7186 7141 7108 7076 7078 7130 7146 7164 7222 7252 7264 7332 7381 7382 7422 7409 7448 7468 7518 7591 7682 7791 7837 7848 7840 7804 7719 7660 7678 7537 7481 7502 7550 7568 7671 7761 7744 7737 7733 7666 7681
6232 6259 6307 6433 6526 6524 6513 6496 6492 6460 6456 6460 6480 6531 6579 6626 6643 6669 6677 6686 6718 6742 6758 6778 6781 6802 6794 6820 6854 6915 6939 6963 7002 7018 7090 7155 7209 7234 7263 7205 7104 7092 7103 7081 7076 7096 7145 7182 7219 7142 7205 7244 7316 7375 7416 7441 7470 7495 7524 7545 7583 7663 7736 7780 7797 7830 7838 7863 7867 7805 7863 7764 7619 7562 7612 7682 7716 7707 7672 7719 7727 7730
6318 6346 6376 6454 6519 6539 6557 6530 6530 6506 6485 6481 6509 6544 6600 6646 6672 6670 6688 6712 6744 6759 6782 6792 6785 6814 6813 6840 6871 6912 6951 6964 6978 6966 7111 7206 7244 7254 7220 6982 7077 7112 7120 7097 7095 7148 7156 7133 7147 7194 7277 7344 7388 7398 7415 7466 7471 7484 7475 7468 7511 7616 7716 7746 7763 7779 7796 7823 7857 7882 7904 7876 7746 7765 7693 7632 7704 7619 7552 7648 7707 7737
6387 6406 6439 6480 6527 6558 6558 6561 6553 6549 6527 6515 6531 6573 6624 6660 6691 6702 6707 6727 6746 6771 6802 6810 6815 6824 6856 6882 6902 6924 6960 6958 6918 6942 7093 7205 7239 7241 7159 7064 7099 7139 7145 7133 7101 7106 7130 7122 7224 7354 7395 7377 7360 7358 7379 7431 7432 7433 7436 7430 7511 7675 7696 7729 7741 7737 7758 7783 7794 7862 7912 7873 7830 7840 7837 7725 7792 7806 7708 7640 7606 7672
6418 6445 6482 6508 6541 6559 6571 6584 6568 6568 6568 6568 6576 6611 6665 6695 6717 6715 6732 6714 6755 6810 6828 6839 6849 6863 6897 6916 6935 6947 6956 6976 6909 6969 7144 7195 7224 7164 7108 7074 7092 7121 7134 7101 7082 7117 7178 7254 7346 7400 7401 7339 7326 7303 7324 7369 7387 7433 7467 7520 7621 7690 7701 7729 7740 7738 7743 7759 7792 7833 7832 7848 7882 7897 7956 7982 7967 7990 7946 7890 7857 7914
6455 6473 6498 6531 6547 6568 6591 6589 6585 6609 6600 6621 6637 6666 6702 6727 6751 6750 6769 6765 6770 6836 6873 6891 6892 6904 6930 6945 6953 6959 6927 6838 6837 7026 7137 7155 7206 7150 6885 6790 6951 7044 7084 7092 7142 7210 7276 7308 7343 7337 7342 7306 7267 7229 7250 7279 7347 7401 7467 7576 7678 7701 7727 7754 7719 7723 7727 7725 7733 7721 7733 7772 7841 7862 7846 7909 7962 7974 7996 8005 7998 7968
6479 6505 6520 6542 6564 6581 6586 6594 6606 6630 6662 6690 6715 6717 6736 6762 6789 6820 6826 6843 6869 6919 6942 6944 6945 6956 6966 6975 6990 6976 6938 6856 6888 7086 7105 7107 7108 6851 6704 6767 6933 6984 7067 7157 7237 7270 7299 7353 7349 7297 7277 7217 7144 7142 7146 7181 7330 7383 7479 7547 7628 7724 7789 7778 7755 7717 7713 7716 7694 7704 7715 7759 7791 7745 7814 7847 7899 7887 7915 7867 7826 7759
6491 6515 6547 6564 6577 6590 6599 6610 6618 6635 6683 6722 6734 6745 6782 6814 6841 6876 6900 6931 6964 7000 7010 7013 6998 7002 7019 7026 7044 7078 7041 7076 7114 7100 7067 7042 6884 6750 6719 6852 7016 7054 7194 7262 7345 7397 7398 7449 7380 7330 7233 7154 7115 7139 7118 7181 7327 7451 7504 7493 7530 7588 7721 7633 7705 7585 7530 7628 7688 7589 7654 7583 7476 7454 7484 7708 7666 7849 7792 7778 7660 7656
6521 6545 6569 6605 6616 6618 6619 6617 6621 6643 6669 6719 6753 6769 6816 6856 6892 6925 6964 7011 7049 7076 7080 7067 7056 7051 7042 7062 7099 7144 7217 7239 7180 7111 7062 7067 7068 7032 7042 7123 7143 7220 7243 7295 7357 7434 7504 7530 7443 7338 7213 7184 7078 7070 7103 7011 7218 7246 7324 7356 7347 7365 7642 7602 7686 7444 7508 7425 7392 7416 7465 7497 7433 7549 7460 7564 7656 7588 7710 7598 7507 7614
6543 6571 6606 6629 6639 6626 6626 6643 6629 6638 6685 6719 6752 6778 6809 6877 6934 6977 7014 7072 7154 7174 7151 7131 7108 7079 7097 7119 7128 7134 7173 7156 7143 7056 7071 7019 7002 7034 7093 7136 7130 7185 7194 7197 7270 7318 7336 7487 7364 7174 6952 7118 6766 6840 6896 6914 6953 7176 6817 7060 7432 7661 7641 7545 7499 7406 7438 7333 7285 7645 7570 7321 7356 7562 7488 7268 7301 7379 7520 7723 7982 7978
