resultados/variables_proyeccion_tiempo/variables_futuro_ccsm_A1B/bio5.asc
ncols 330
nrows 228
xllcorner -12.000000
yllcorner 34.000000
cellsize 0.166667
NODATA_value -9999
[rows 160 to 199 of 228, columns 0 to 91 of 330]
-9999 -9999 -9999 -9999 -9999 -9999 -9999 -9999 -9999 -9999 -9999 -9999 -9999 -9999 -9999 -9999 -9999 -9999 -9999 -9999 -9999 -9999 -9999 -9999 -9999 -9999 -9999 -9999 -9999 -9999 -9999 -9999 -9999 -9999 -9999 -9999 -9999 -9999 -9999 -9999 -9999 -9999 -9999 -9999 -9999 -9999 -9999 -9999 -9999 -9999 -9999 -9999 -9999 -9999 -9999 -9999 -9999 -9999 -9999 -9999 -9999 -9999 -9999 -9999 -9999 288 294 300 302 303 304 305 307 308 308 309 311 314 313 313 316 309 306 299 300 300 292 273 266 259 278 292
-9999 -9999 -9999 -9999 -9999 -9999 -9999 -9999 -9999 -9999 -9999 -9999 -9999 -9999 -9999 -9999 -9999 -9999 -9999 -9999 -9999 -9999 -9999 -9999 -9999 -9999 -9999 -9999 -9999 -9999 -9999 -9999 -9999 -9999 -9999 -9999 -9999 -9999 -9999 -9999 -9999 -9999 -9999 -9999 -9999 -9999 -9999 -9999 -9999 -9999 -9999 -9999 -9999 -9999 -9999 -9999 -9999 -9999 -9999 -9999 -9999 -9999 -9999 -9999 287 290 296 301 305 306 307 309 308 310 310 310 310 310 315 316 315 314 309 309 303 299 289 273 255 271 279 272
-9999 -9999 -9999 -9999 -9999 -9999 -9999 -9999 -9999 -9999 -9999 -9999 -9999 -9999 -9999 -9999 -9999 -9999 -9999 -9999 -9999 -9999 -9999 -9999 -9999 -9999 -9999 -9999 -9999 -9999 -9999 -9999 -9999 -9999 -9999 -9999 -9999 -9999 -9999 -9999 -9999 -9999 -9999 -9999 -9999 -9999 -9999 -9999 -9999 -9999 -9999 -9999 -9999 -9999 -9999 -9999 -9999 -9999 -9999 -9999 -9999 -9999 -9999 -9999 288 292 298 302 307 308 310 309 311 311 313 313 313 316 317 316 317 318 318 314 301 302 298 292 282 282 283 280
-9999 -9999 -9999 -9999 -9999 -9999 -9999 -9999 -9999 -9999 -9999 -9999 -9999 -9999 -9999 -9999 -9999 -9999 -9999 -9999 -9999 -9999 -9999 -9999 -9999 -9999 -9999 -9999 -9999 -9999 -9999 -9999 -9999 -9999 -9999 -9999 -9999 -9999 -9999 -9999 -9999 -9999 -9999 -9999 -9999 -9999 -9999 -9999 -9999 -9999 -9999 -9999 -9999 -9999 -9999 -9999 -9999 -9999 -9999 -9999 -9999 -9999 -9999 -9999 289 295 299 303 308 308 309 310 310 311 313 314 315 314 314 319 316 314 313 309 306 311 302 306 294 272 271 273
-9999 -9999 -9999 -9999 -9999 -9999 -9999 -9999 -9999 -9999 -9999 -9999 -9999 -9999 -9999 -9999 -9999 -9999 -9999 -9999 -9999 -9999 -9999 -9999 -9999 -9999 -9999 -9999 -9999 -9999 -9999 -9999 -9999 -9999 -9999 -9999 -9999 -9999 -9999 -9999 -9999 -9999 -9999 -9999 -9999 -9999 -9999 -9999 -9999 -9999 -9999 -9999 -9999 -9999 -9999 -9999 -9999 -9999 -9999 -9999 -9999 -9999 -9999 -9999 290 296 301 304 307 310 310 312 312 313 314 314 315 314 315 316 315 313 316 318 322 319 318 316 307 287 266 284
-9999 -9999 -9999 -9999 -9999 -9999 -9999 -9999 -9999 -9999 -9999 -9999 -9999 -9999 -9999 -9999 -9999 -9999 -9999 -9999 -9999 -9999 -9999 -9999 -9999 -9999 -9999 -9999 -9999 -9999 -9999 -9999 -9999 -9999 -9999 -9999 -9999 -9999 -9999 -9999 -9999 -9999 -9999 -9999 -9999 -9999 -9999 -9999 -9999 -9999 -9999 -9999 -9999 -9999 -9999 -9999 -9999 -9999 -9999 -9999 -9999 -9999 -9999 -9999 290 295 300 304 307 309 309 308 311 314 315 315 316 317 316 316 317 319 316 316 315 311 314 314 313 314 307 302
-9999 -9999 -9999 -9999 -9999 -9999 -9999 -9999 -9999 -9999 -9999 -9999 -9999 -9999 -9999 -9999 -9999 -9999 -9999 -9999 -9999 -9999 -9999 -9999 -9999 -9999 -9999 -9999 -9999 -9999 -9999 -9999 -9999 -9999 -9999 -9999 -9999 -9999 -9999 -9999 -9999 -9999 -9999 -9999 -9999 -9999 -9999 -9999 -9999 -9999 -9999 -9999 -9999 -9999 -9999 -9999 -9999 -9999 -9999 -9999 -9999 -9999 -9999 -9999 289 294 299 304 307 308 309 309 309 312 313 314 314 315 317 319 320 321 316 317 315 310 309 310 303 300 310 303
-9999 -9999 -9999 -9999 -9999 -9999 -9999 -9999 -9999 -9999 -9999 -9999 -9999 -9999 -9999 -9999 -9999 -9999 -9999 -9999 -9999 -9999 -9999 -9999 -9999 -9999 -9999 -9999 -9999 -9999 -9999 -9999 -9999 -9999 -9999 -9999 -9999 -9999 -9999 -9999 -9999 -9999 -9999 -9999 -9999 -9999 -9999 -9999 -9999 -9999 -9999 -9999 -9999 -9999 -9999 -9999 -9999 -9999 -9999 -9999 -9999 -9999 -9999 -9999 289 294 299 304 309 310 310 308 308 311 312 313 316 318 321 323 324 324 318 323 321 319 317 313 311 318 318 309
-9999 -9999 -9999 -9999 -9999 -9999 -9999 -9999 -9999 -9999 -9999 -9999 -9999 -9999 -9999 -9999 -9999 -9999 -9999 -9999 -9999 -9999 -9999 -9999 -9999 -9999 -9999 -9999 -9999 -9999 -9999 -9999 -9999 -9999 -9999 -9999 -9999 -9999 -9999 -9999 -9999 -9999 -9999 -9999 -9999 -9999 -9999 -9999 -9999 -9999 -9999 -9999 -9999 -9999 -9999 -9999 -9999 -9999 -9999 -9999 -9999 -9999 -9999 287 289 294 300 306 311 312 311 308 308 310 311 312 315 315 318 322 323 322 323 326 326 325 321 319 326 324 315 309
-9999 -9999 -9999 -9999 -9999 -9999 -9999 -9999 -9999 -9999 -9999 -9999 -9999 -9999 -9999 -9999 -9999 -9999 -9999 -9999 -9999 -9999 -9999 255 258 263 267 268 -9999 -9999 -9999 -9999 -9999 -9999 -9999 -9999 -9999 -9999 -9999 -9999 -9999 -9999 -9999 -9999 -9999 -9999 -9999 -9999 -9999 -9999 -9999 -9999 -9999 -9999 -9999 -9999 -9999 -9999 -9999 -9999 -9999 -9999 -9999 287 291 296 302 306 309 310 309 308 307 307 309 311 313 316 314 320 321 322 324 324 325 323 314 306 302 308 318 321
-9999 -9999 -9999 -9999 -9999 -9999 -9999 -9999 -9999 -9999 -9999 -9999 -9999 -9999 -9999 -9999 -9999 -9999 -9999 -9999 -9999 -9999 256 258 261 260 263 268 273 275 276 277 274 273 271 270 266 263 263 264 266 -9999 -9999 -9999 -9999 -9999 -9999 -9999 -9999 -9999 -9999 -9999 -9999 -9999 -9999 -9999 -9999 -9999 -9999 -9999 -9999 -9999 286 288 293 297 301 304 304 303 304 305 306 305 307 309 311 314 315 317 320 321 321 323 326 325 314 301 298 306 326 332
-9999 -9999 -9999 -9999 -9999 -9999 -9999 -9999 -9999 -9999 -9999 -9999 -9999 -9999 -9999 -9999 -9999 -9999 -9999 -9999 -9999 262 262 261 262 263 261 268 275 278 272 276 273 274 278 279 276 274 270 271 271 273 270 266 273 274 270 269 265 264 262 264 266 265 270 273 278 287 -9999 -9999 282 292 289 290 294 298 300 301 301 299 296 297 302 303 306 307 310 312 312 317 318 319 320 321 313 301 305 309 319 330 340 339
-9999 -9999 -9999 -9999 -9999 -9999 -9999 -9999 -9999 -9999 -9999 -9999 -9999 -9999 -9999 -9999 -9999 253 259 263 265 267 270 268 266 271 275 278 280 276 282 274 279 283 280 279 280 283 280 277 272 269 254 256 267 269 269 270 268 262 261 265 266 270 274 279 278 283 287 291 290 288 288 288 292 297 299 298 297 298 295 291 296 299 299 302 307 309 313 314 315 317 317 319 324 324 328 333 336 339 341 340
-9999 -9999 -9999 -9999 -9999 -9999 -9999 -9999 -9999 -9999 -9999 -9999 -9999 -9999 -9999 -9999 248 252 258 264 270 275 274 270 270 275 281 282 280 281 288 278 279 266 269 262 277 277 271 265 267 264 254 255 267 255 261 266 266 263 260 265 272 274 277 275 282 286 288 291 284 286 285 278 279 272 287 279 273 275 276 283 280 285 286 297 303 308 307 307 311 312 313 313 317 320 313 321 329 335 338 -9999
-9999 -9999 -9999 -9999 -9999 -9999 -9999 -9999 -9999 -9999 -9999 -9999 -9999 -9999 -9999 -9999 249 250 259 268 277 283 280 276 274 277 285 291 285 290 285 273 273 267 265 263 272 274 277 273 278 275 269 256 262 265 268 270 269 271 273 275 274 276 278 284 287 283 286 285 286 299 295 281 275 267 256 231 248 228 217 244 212 229 253 267 267 269 283 290 277 293 285 298 300 312 301 309 320 327 335 -9999
-9999 -9999 -9999 -9999 -9999 -9999 -9999 -9999 -9999 -9999 -9999 -9999 -9999 -9999 -9999 -9999 -9999 256 261 269 276 281 280 276 275 284 286 292 282 282 276 286 295 282 276 283 292 296 301 300 297 290 287 282 282 282 281 278 277 276 275 281 281 286 291 292 289 291 290 294 298 310 306 303 294 283 273 257 231 210 206 193 194 209 213 236 246 212 220 237 233 252 257 253 265 279 298 318 325 332 332 -9999
-9999 -9999 -9999 -9999 -9999 -9999 -9999 -9999 -9999 -9999 -9999 -9999 -9999 -9999 -9999 -9999 -9999 258 260 268 273 273 271 276 275 290 297 302 288 281 295 310 311 300 295 303 309 314 318 315 310 305 298 296 295 294 292 289 284 282 284 288 290 293 300 300 298 303 309 314 319 319 308 308 305 295 291 286 273 261 250 242 245 230 220 212 212 203 231 238 202 218 214 209 232 256 284 296 320 327 324 -9999
-9999 -9999 -9999 -9999 -9999 -9999 -9999 -9999 -9999 -9999 -9999 -9999 -9999 -9999 -9999 -9999 -9999 -9999 264 267 273 271 277 291 297 295 297 297 303 301 302 298 283 277 300 313 320 323 325 322 318 315 310 309 307 306 303 301 296 294 291 290 292 295 302 311 311 320 322 324 326 327 325 321 307 296 287 290 282 280 268 268 287 282 271 254 262 243 252 242 264 233 237 259 224 216 245 285 302 307 313 322
-9999 -9999 -9999 -9999 -9999 -9999 -9999 -9999 -9999 -9999 -9999 -9999 -9999 -9999 -9999 -9999 -9999 -9999 265 268 277 280 280 301 302 301 291 278 280 299 276 267 280 288 302 318 325 328 329 326 326 324 321 319 318 316 312 308 306 304 298 290 280 280 287 298 299 301 309 324 331 334 331 329 324 316 306 308 300 288 278 281 295 300 301 291 288 289 269 268 278 245 251 257 270 275 291 300 309 319 322 311
-9999 -9999 -9999 -9999 -9999 -9999 -9999 -9999 -9999 -9999 -9999 -9999 -9999 -9999 -9999 -9999 -9999 -9999 259 269 283 291 284 276 287 299 300 292 293 296 277 284 306 308 318 324 329 332 333 332 332 330 329 329 327 321 320 315 314 311 305 303 299 289 287 284 285 294 301 312 327 335 337 331 333 329 322 324 318 316 310 315 320 318 304 306 299 304 293 298 286 282 279 297 293 292 286 301 310 316 318 313
-9999 -9999 -9999 -9999 -9999 -9999 -9999 -9999 -9999 -9999 -9999 -9999 -9999 -9999 -9999 -9999 -9999 -9999 266 272 274 287 275 286 277 281 304 321 314 312 310 312 319 319 321 327 333 335 337 338 337 335 334 331 331 329 324 319 317 315 311 307 309 306 299 303 307 310 305 312 319 328 334 342 342 331 325 335 323 327 327 326 334 337 327 325 316 315 320 314 301 301 305 307 298 300 292 300 313 308 311 309
-9999 -9999 -9999 -9999 -9999 -9999 -9999 -9999 -9999 -9999 -9999 -9999 -9999 -9999 -9999 -9999 -9999 -9999 267 270 282 291 285 281 282 290 314 325 324 330 317 328 330 327 329 331 335 338 340 340 340 336 335 336 336 332 328 324 325 323 322 320 318 317 315 317 320 324 318 313 299 300 323 336 344 347 346 342 326 322 334 339 346 348 352 350 349 339 327 313 304 299 309 311 298 296 289 309 312 306 313 -9999
-9999 -9999 -9999 -9999 -9999 -9999 -9999 -9999 -9999 -9999 -9999 -9999 -9999 -9999 -9999 -9999 -9999 -9999 -9999 274 284 295 302 298 299 315 319 323 343 341 328 332 337 332 333 336 339 341 342 341 342 341 340 342 338 334 330 328 326 325 323 322 325 326 325 327 325 326 322 317 311 311 325 334 340 337 345 349 345 336 331 336 343 352 357 361 352 337 321 304 298 305 305 311 311 314 311 307 312 -9999 -9999 -9999
-9999 -9999 -9999 -9999 -9999 -9999 -9999 -9999 -9999 -9999 -9999 -9999 -9999 -9999 -9999 -9999 -9999 -9999 -9999 276 284 295 304 307 322 300 314 336 343 340 335 341 336 338 337 337 340 342 342 343 344 343 342 342 338 334 330 329 325 317 322 322 321 321 324 326 327 325 326 324 321 323 323 322 331 328 324 340 349 346 339 340 347 349 354 346 331 317 309 306 298 303 312 312 317 316 -9999 -9999 -9999 -9999 -9999 -9999
-9999 -9999 -9999 -9999 -9999 -9999 -9999 -9999 -9999 -9999 -9999 -9999 -9999 -9999 -9999 -9999 -9999 -9999 -9999 277 285 293 305 315 309 333 336 337 330 348 344 337 338 340 339 338 337 337 338 341 342 342 342 340 338 336 332 328 326 323 319 304 308 310 322 325 322 322 329 327 324 323 315 303 304 306 316 329 340 345 347 350 350 347 346 347 327 310 307 313 309 313 314 310 318 -9999 -9999 -9999 -9999 -9999 -9999 -9999
-9999 -9999 -9999 -9999 -9999 -9999 -9999 -9999 -9999 -9999 -9999 -9999 -9999 -9999 -9999 -9999 -9999 -9999 -9999 -9999 287 298 306 310 310 328 332 331 343 351 346 344 337 337 337 341 342 342 340 339 341 340 340 338 334 332 329 324 315 307 309 309 316 321 327 329 324 321 313 312 309 307 300 298 291 290 304 309 324 329 336 338 338 340 335 343 331 320 321 314 314 -9999 -9999 -9999 -9999 -9999 -9999 -9999 -9999 -9999 -9999 -9999
-9999 -9999 -9999 -9999 -9999 -9999 -9999 -9999 -9999 -9999 -9999 -9999 -9999 -9999 -9999 -9999 -9999 -9999 -9999 277 285 294 298 302 305 306 320 318 334 343 340 339 337 339 340 341 343 343 342 340 339 336 336 336 331 328 327 318 297 311 328 330 333 335 334 330 327 323 320 310 309 304 298 293 290 284 290 302 308 311 324 320 324 324 333 333 331 327 -9999 -9999 -9999 -9999 -9999 -9999 -9999 -9999 -9999 -9999 -9999 -9999 -9999 -9999
-9999 -9999 -9999 -9999 -9999 -9999 -9999 -9999 -9999 -9999 -9999 -9999 -9999 -9999 -9999 -9999 -9999 -9999 -9999 272 286 297 303 316 321 325 326 324 334 335 335 338 337 339 341 341 339 338 342 340 337 330 328 328 325 318 314 309 310 329 344 341 340 339 334 334 334 329 319 313 307 301 295 296 288 284 283 284 289 298 309 303 297 300 333 340 336 332 -9999 -9999 -9999 -9999 -9999 -9999 -9999 -9999 -9999 -9999 -9999 -9999 -9999 -9999
-9999 -9999 -9999 -9999 -9999 -9999 -9999 -9999 -9999 -9999 -9999 -9999 -9999 -9999 -9999 -9999 -9999 -9999 -9999 275 291 308 307 320 333 336 337 322 319 324 329 337 343 340 329 334 341 340 341 334 326 317 321 321 323 320 320 335 339 349 356 352 348 341 338 339 337 332 325 313 303 293 292 296 297 292 285 281 277 281 296 294 305 324 334 332 336 -9999 -9999 -9999 -9999 -9999 -9999 -9999 -9999 -9999 -9999 -9999 -9999 -9999 -9999 -9999
-9999 -9999 -9999 -9999 -9999 -9999 -9999 -9999 -9999 -9999 -9999 -9999 -9999 -9999 -9999 -9999 -9999 -9999 -9999 287 304 318 327 336 339 330 286 317 327 327 327 334 335 335 343 354 350 336 334 327 312 310 318 329 334 352 350 356 355 356 361 362 348 347 346 350 346 346 336 322 306 295 295 299 305 301 285 277 265 271 289 297 315 322 333 -9999 -9999 -9999 -9999 -9999 -9999 -9999 -9999 -9999 -9999 -9999 -9999 -9999 -9999 -9999 -9999 -9999
-9999 -9999 -9999 -9999 -9999 -9999 -9999 -9999 -9999 -9999 -9999 -9999 -9999 -9999 -9999 -9999 -9999 -9999 282 296 316 330 336 340 328 315 313 346 346 335 335 332 346 356 365 368 348 324 315 320 315 342 346 361 357 361 369 364 363 363 368 364 358 356 355 350 348 346 340 329 312 302 299 299 307 305 297 297 285 286 298 312 318 325 333 -9999 -9999 -9999 -9999 -9999 -9999 -9999 -9999 -9999 -9999 -9999 -9999 -9999 -9999 -9999 -9999 -9999
-9999 -9999 -9999 -9999 -9999 -9999 -9999 -9999 -9999 -9999 -9999 -9999 -9999 -9999 -9999 -9999 -9999 -9999 290 303 321 333 324 324 323 334 339 353 360 359 363 367 372 371 376 374 363 362 373 380 382 378 374 368 376 376 372 372 372 371 373 368 366 364 356 351 348 346 347 339 323 317 315 309 318 291 291 305 308 308 314 319 323 -9999 -9999 -9999 -9999 -9999 -9999 -9999 -9999 -9999 -9999 -9999 -9999 -9999 -9999 -9999 -9999 -9999 -9999 -9999
-9999 -9999 -9999 -9999 -9999 -9999 -9999 -9999 -9999 -9999 -9999 -9999 -9999 -9999 -9999 -9999 -9999 -9999 289 304 319 328 328 332 326 343 360 365 371 370 371 373 377 378 378 379 386 388 387 387 385 384 384 381 381 379 380 380 380 378 371 368 366 363 360 357 356 351 350 343 337 333 321 320 321 314 301 303 315 313 322 327 328 -9999 -9999 -9999 -9999 -9999 -9999 -9999 -9999 -9999 -9999 -9999 -9999 -9999 -9999 -9999 310 299 315 313
-9999 -9999 -9999 -9999 -9999 -9999 -9999 -9999 -9999 -9999 -9999 -9999 -9999 -9999 -9999 -9999 -9999 274 287 304 317 330 337 340 341 357 365 372 375 374 376 376 380 380 382 384 384 383 384 384 384 385 381 379 379 381 377 375 374 376 377 374 372 369 365 361 360 356 356 347 341 338 336 327 324 328 325 324 322 322 326 330 -9999 -9999 -9999 -9999 -9999 -9999 -9999 -9999 -9999 -9999 -9999 -9999 -9999 -9999 -9999 302 301 307 316 313
-9999 -9999 -9999 -9999 -9999 -9999 -9999 -9999 -9999 -9999 -9999 -9999 -9999 -9999 -9999 -9999 -9999 275 288 299 317 333 339 343 351 361 366 370 372 375 377 377 378 384 386 388 386 384 381 371 373 381 374 372 369 368 370 370 374 376 378 377 377 374 369 367 363 360 358 354 348 343 342 335 332 324 328 335 334 331 330 -9999 -9999 -9999 -9999 -9999 -9999 -9999 -9999 -9999 -9999 -9999 -9999 -9999 -9999 -9999 313 313 317 312 314 314
-9999 -9999 -9999 -9999 -9999 -9999 -9999 -9999 -9999 -9999 -9999 -9999 -9999 -9999 -9999 248 263 279 293 309 325 335 343 350 353 358 361 358 365 370 376 380 382 384 386 388 387 381 380 376 386 389 391 387 382 376 380 371 371 376 377 380 379 376 375 373 370 366 361 358 354 349 347 346 342 334 330 336 337 335 336 -9999 -9999 -9999 -9999 -9999 -9999 -9999 -9999 -9999 -9999 -9999 -9999 -9999 -9999 -9999 323 321 317 316 316 315
-9999 -9999 -9999 -9999 -9999 -9999 -9999 -9999 -9999 -9999 -9999 -9999 -9999 -9999 -9999 -9999 270 287 304 317 329 336 341 349 355 362 364 361 365 378 380 382 384 385 386 387 392 395 396 395 394 396 390 390 388 385 388 380 382 380 379 383 382 380 377 374 371 368 365 361 358 353 350 346 343 342 334 337 340 342 341 -9999 -9999 -9999 -9999 -9999 -9999 -9999 -9999 -9999 -9999 -9999 -9999 -9999 -9999 -9999 -9999 -9999 -9999 -9999 317 -9999
-9999 -9999 -9999 -9999 -9999 -9999 -9999 -9999 -9999 -9999 -9999 -9999 -9999 -9999 -9999 273 282 297 314 325 333 338 345 352 357 362 366 371 378 385 386 387 388 391 392 396 400 401 400 400 399 396 393 390 391 387 389 388 390 389 387 385 383 380 375 370 367 364 365 363 360 356 350 341 333 339 332 342 347 344 342 -9999 -9999 -9999 -9999 -9999 -9999 -9999 -9999 314 315 314 -9999 -9999 -9999 -9999 -9999 -9999 -9999 319 -9999 -9999
-9999 -9999 -9999 -9999 -9999 -9999 -9999 -9999 -9999 -9999 -9999 -9999 -9999 -9999 -9999 279 289 308 325 332 338 343 348 352 356 360 363 370 375 385 387 388 391 393 396 399 401 400 401 401 400 397 397 394 390 394 390 392 392 390 387 385 382 377 372 368 363 358 362 363 360 353 345 340 340 339 332 342 345 342 339 349 352 -9999 -9999 -9999 -9999 -9999 -9999 317 317 319 -9999 -9999 -9999 -9999 -9999 -9999 -9999 -9999 -9999 -9999
-9999 -9999 -9999 -9999 -9999 -9999 -9999 -9999 -9999 -9999 -9999 -9999 -9999 -9999 -9999 282 299 321 333 336 341 344 347 349 353 358 362 370 379 383 385 387 389 390 395 394 395 397 399 397 397 401 400 400 396 391 391 390 388 391 389 386 381 377 371 366 364 358 354 354 355 352 349 345 344 341 343 337 331 334 327 332 345 347 -9999 -9999 -9999 -9999 -9999 -9999 321 317 -9999 -9999 -9999 -9999 -9999 -9999 -9999 -9999 -9999 -9999
