resultados/variables_proyeccion_tiempo/variables_futuro_ccsm_A1B/bio5.asc
ncols 330
nrows 228
xllcorner -12.000000
yllcorner 34.000000
cellsize 0.166667
NODATA_value -9999
[rows 120 to 159 of 228, columns 92 to 183 of 330]
-9999 -9999 -9999 -9999 244 245 247 249 250 251 252 252 252 252 253 254 255 257 260 261 261 260 260 258 258 260 261 262 262 262 261 257 254 252 258 255 258 256 255 258 259 251 250 256 264 266 269 271 272 273 275 276 276 276 275 275 276 278 279 279 278 281 282 283 283 283 283 284 286 285 284 283 281 281 283 283 284 282 280 280 280 280 279 279 279 279 281 284 285 286 287 290
-9999 -9999 245 247 248 250 251 252 253 254 254 254 254 254 255 256 258 261 264 266 266 265 264 265 264 264 264 264 262 263 264 263 260 249 258 259 260 250 256 261 258 251 235 229 242 252 261 267 270 272 276 276 277 278 278 276 279 280 280 281 280 279 281 281 283 284 284 284 283 282 282 282 280 281 283 284 284 284 284 283 282 281 279 280 279 279 280 283 285 286 287 289
243 245 248 250 252 254 255 255 256 256 255 255 255 256 257 259 262 264 267 271 271 270 270 268 267 266 265 265 264 261 258 256 254 251 259 262 264 260 257 260 258 261 255 256 254 251 252 258 265 269 272 275 277 278 279 278 277 279 281 281 280 280 280 280 281 280 281 280 279 279 278 280 279 280 280 281 283 286 286 284 283 282 282 280 280 281 281 282 284 286 285 286
244 246 249 252 255 257 256 258 258 257 257 256 256 258 260 262 265 267 271 274 276 273 269 267 265 264 257 255 254 249 246 243 246 253 262 262 265 262 259 261 256 255 255 256 262 266 266 272 269 269 274 277 278 278 277 277 278 277 277 281 281 280 281 280 279 280 280 280 279 278 277 277 278 279 280 283 284 286 288 285 282 282 282 278 279 278 280 278 282 284 284 285
246 249 252 255 258 260 261 261 261 260 260 258 258 260 262 265 267 269 272 276 280 274 266 259 253 252 250 250 245 245 234 231 245 256 258 262 267 264 254 260 259 253 258 262 263 266 270 271 268 270 272 275 278 278 277 276 276 274 276 278 278 277 276 273 271 275 277 278 276 275 274 272 274 275 277 283 287 290 288 286 283 280 277 278 278 277 278 279 281 282 283 283
249 252 255 258 261 264 265 265 265 264 262 261 259 260 264 267 269 270 271 275 279 279 272 263 258 253 247 248 243 236 238 244 256 256 257 270 268 265 261 262 261 263 261 266 266 271 273 269 270 269 269 269 272 275 277 276 273 270 270 269 269 272 276 268 264 262 263 264 268 272 270 268 268 270 271 273 279 285 284 282 281 280 281 281 280 280 280 280 281 281 282 281
254 255 257 260 265 266 268 267 267 265 265 264 263 262 263 265 267 269 271 274 274 278 277 269 263 259 253 253 252 241 247 257 266 266 264 269 260 260 265 262 265 264 259 263 264 267 265 264 263 265 265 265 269 269 273 272 268 267 264 257 256 254 259 265 262 261 258 255 264 267 260 242 243 259 262 256 263 274 277 279 277 280 280 280 280 280 281 281 281 281 279 280
258 258 260 264 266 269 267 268 266 266 265 264 262 262 262 260 260 257 260 267 271 272 275 271 266 264 262 255 247 256 256 265 272 272 269 267 263 265 264 264 261 263 262 252 252 259 260 263 265 267 261 262 266 265 268 266 261 258 254 251 243 233 232 243 251 261 262 262 265 259 254 239 233 217 222 244 254 249 258 271 273 276 277 279 279 280 281 281 281 281 280 280
262 262 264 266 267 268 268 267 265 264 262 263 261 262 258 253 238 234 243 250 256 258 264 267 262 262 260 253 253 263 272 275 278 276 269 259 265 265 264 263 262 264 268 265 254 249 252 253 263 257 256 257 261 262 260 259 253 246 245 235 239 252 262 257 261 264 267 272 272 271 271 266 257 254 254 254 252 255 257 256 268 271 273 275 280 279 279 281 282 282 282 283
266 267 267 268 270 268 268 268 266 265 262 259 259 259 251 244 236 232 233 239 244 248 247 261 273 275 262 268 275 273 269 271 283 286 278 268 267 268 268 267 271 276 274 271 267 261 256 254 252 252 255 253 261 259 247 237 234 230 241 254 266 269 268 268 276 280 282 277 278 282 279 276 275 270 268 268 270 255 246 266 261 261 274 276 276 277 280 283 283 282 284 285
267 266 265 266 267 268 267 265 265 266 263 263 262 254 244 245 244 242 240 244 244 244 248 262 269 270 266 265 268 268 260 276 290 290 286 281 276 275 275 277 283 283 279 277 275 273 271 271 266 256 255 257 254 256 259 259 262 264 246 257 271 269 264 265 275 284 288 291 289 289 288 286 282 282 280 280 277 265 240 250 248 236 243 252 256 270 278 280 283 287 286 287
266 266 266 267 267 266 267 267 269 265 265 262 250 254 251 250 252 248 251 250 251 255 261 262 256 255 268 264 268 277 284 292 294 294 288 282 277 279 284 287 288 286 283 281 277 278 272 272 274 272 257 253 260 264 271 261 249 254 253 260 262 265 268 270 274 282 291 290 289 290 290 289 287 285 285 283 279 274 265 256 247 250 243 222 249 263 274 279 283 287 287 289
268 268 268 267 269 267 264 264 263 261 258 255 254 253 255 258 262 264 265 264 266 273 266 254 259 256 265 281 280 284 292 293 291 292 293 285 278 284 287 286 287 289 284 279 281 281 271 272 272 274 264 262 259 265 259 258 259 260 261 264 270 272 270 277 281 283 289 285 281 281 278 282 287 279 278 281 276 275 266 268 262 272 264 253 254 258 271 278 281 287 290 291
271 271 272 273 272 272 272 271 272 269 264 263 262 261 262 269 271 272 273 276 276 264 256 261 265 269 274 272 277 284 293 293 282 286 286 288 285 288 285 285 286 287 280 281 282 284 282 275 272 271 270 271 267 266 255 261 268 270 273 278 279 273 267 264 276 283 286 285 280 279 278 273 271 271 264 259 257 263 265 266 268 277 284 278 260 259 266 273 282 286 287 288
271 273 276 279 280 281 280 276 274 272 273 272 271 269 270 271 275 279 280 278 270 269 269 268 269 270 269 268 278 289 294 295 283 279 279 281 283 284 286 285 284 283 282 281 282 286 286 281 275 273 275 272 272 267 263 263 268 273 276 279 274 274 263 269 277 282 278 274 276 271 274 273 271 272 266 260 255 258 262 271 268 270 285 288 278 270 276 281 277 273 271 257
275 277 278 283 284 283 282 282 279 275 273 272 273 273 272 271 278 286 281 283 282 280 276 274 276 273 272 270 274 293 295 295 286 284 285 286 287 285 283 280 278 277 277 277 281 286 289 285 277 270 275 276 276 274 270 267 263 274 272 276 273 272 275 277 282 283 281 280 280 269 267 267 264 268 266 267 268 270 273 279 267 269 286 291 290 285 273 274 269 259 254 262
277 278 280 283 286 284 283 280 282 278 275 273 272 277 277 278 282 286 285 284 285 281 279 278 276 274 271 272 282 295 298 297 292 291 291 292 290 285 281 277 276 274 274 275 277 281 286 282 279 272 273 279 280 279 277 276 275 271 261 259 263 273 275 282 285 284 286 284 284 276 272 265 266 264 270 273 276 274 283 287 280 284 287 286 289 289 281 273 270 264 267 278
279 280 280 282 283 287 285 282 282 279 277 272 273 273 279 279 282 285 284 282 285 283 282 278 278 278 281 284 295 300 302 297 293 290 291 290 283 278 281 278 274 274 275 275 277 280 277 278 278 277 274 279 286 279 273 272 269 269 255 252 241 243 259 270 280 289 289 284 286 282 275 269 275 274 275 279 283 288 290 296 296 292 290 284 293 291 284 277 271 283 282 273
282 282 281 282 289 289 288 285 282 282 279 274 273 272 278 278 283 285 284 285 286 286 284 281 282 286 290 295 299 301 293 291 287 286 288 287 285 278 275 275 274 270 275 279 275 277 275 278 278 280 282 282 286 288 288 287 283 273 264 266 252 246 251 258 261 275 288 284 286 284 275 277 280 281 282 285 293 297 300 301 299 299 298 298 295 281 277 284 290 281 266 264
285 284 286 289 288 287 287 289 288 284 280 274 271 275 277 282 280 282 284 287 288 286 285 282 289 292 297 300 301 289 275 271 279 280 280 282 282 282 279 266 267 267 271 277 279 280 281 285 285 285 284 282 282 282 282 285 288 290 289 280 286 276 262 256 263 271 276 275 273 279 278 278 276 282 284 293 299 303 304 299 302 304 302 296 288 286 292 293 286 295 283 290
289 291 292 293 292 290 290 290 289 286 282 276 274 273 275 279 279 283 287 287 287 284 276 270 287 296 300 301 294 259 268 275 280 281 280 281 278 269 266 266 271 276 281 282 281 282 282 283 281 279 277 279 282 281 280 281 283 287 291 291 292 289 277 278 271 264 273 263 256 266 272 275 279 284 291 298 299 299 298 302 303 306 303 300 293 295 304 297 298 301 292 271
294 293 292 293 292 291 292 291 289 285 280 278 273 274 277 275 281 283 284 286 286 280 266 266 284 299 302 299 285 270 271 278 282 282 277 271 267 262 268 274 280 280 279 278 278 280 279 277 277 277 279 284 280 280 278 279 282 284 287 294 298 292 288 289 289 274 281 282 269 261 258 264 279 294 303 304 304 305 304 306 306 308 302 288 300 306 306 303 303 295 296 284
292 293 290 290 295 293 290 288 285 281 281 280 276 276 277 279 282 282 284 283 280 279 264 270 296 301 302 288 281 274 274 278 280 276 270 270 270 274 278 280 279 276 276 276 275 277 276 278 279 280 282 282 281 280 281 283 285 288 292 296 293 293 296 300 305 306 303 303 297 288 284 292 293 295 301 303 301 300 310 311 309 309 296 304 309 309 309 309 309 308 307 306
293 292 292 293 294 291 290 286 285 286 282 278 276 279 279 282 283 283 279 279 267 252 251 282 299 299 301 290 260 249 263 271 277 276 275 277 279 276 276 274 275 274 272 271 272 272 274 274 277 280 280 281 283 284 279 282 286 288 289 285 283 286 294 297 296 299 300 298 299 298 297 294 291 289 284 285 289 301 310 309 309 308 310 311 312 312 312 313 312 312 309 312
301 302 299 296 291 288 289 289 287 284 280 279 277 282 286 290 289 290 283 272 264 253 258 293 299 298 292 260 243 248 262 266 274 279 281 279 276 278 275 269 269 266 262 264 264 266 274 273 276 275 277 285 290 286 284 283 286 294 286 283 280 284 287 278 284 284 285 280 280 274 269 262 260 268 266 273 284 302 305 305 310 311 312 313 313 313 314 314 315 314 312 314
297 299 296 294 293 291 288 288 284 282 279 280 285 288 289 292 294 295 293 286 273 276 288 297 298 294 266 250 245 256 270 272 285 287 290 290 283 283 274 270 261 258 256 260 260 263 272 277 276 268 266 267 279 265 275 262 257 277 284 263 271 262 248 242 240 258 252 269 262 260 247 245 246 238 241 267 289 293 300 307 313 313 314 314 314 314 315 315 316 317 314 315
294 298 298 293 292 291 288 284 282 282 287 290 293 294 295 296 293 293 295 293 293 295 293 292 292 297 290 281 278 284 281 286 285 287 287 290 291 287 278 266 254 254 243 244 250 239 255 252 254 252 244 242 265 262 269 242 251 246 241 242 245 248 239 246 234 240 246 240 248 238 229 237 240 256 244 240 271 277 292 301 309 312 314 315 315 314 312 314 314 314 310 312
296 296 294 289 286 287 287 284 278 281 295 299 300 299 298 293 295 294 291 287 286 281 282 274 282 277 274 276 282 284 279 281 278 273 275 273 268 280 270 250 227 241 209 216 220 221 223 240 203 220 250 267 263 250 245 236 241 231 225 263 252 226 228 243 234 214 215 220 229 243 264 266 256 246 260 264 281 283 287 300 307 310 312 314 315 314 310 308 309 309 308 315
294 295 294 280 272 279 283 284 282 290 304 304 304 300 299 298 290 285 277 271 267 259 254 258 262 270 283 281 274 274 282 276 283 277 259 247 238 277 244 210 201 182 191 196 225 233 215 238 250 236 205 241 206 214 228 229 222 235 235 234 204 199 205 206 213 222 233 241 258 261 240 269 266 271 281 292 296 298 299 302 306 309 311 314 313 306 296 298 304 315 316 316
291 295 294 283 272 286 289 286 286 301 305 307 305 303 301 295 284 277 263 257 249 251 261 282 281 282 267 260 271 276 280 257 242 233 235 211 244 220 196 233 185 173 187 206 190 182 140 186 216 177 193 185 164 158 157 173 158 184 196 187 187 208 233 229 236 243 251 224 247 236 276 288 293 293 297 298 302 301 303 306 307 308 311 313 311 303 302 308 317 316 319 319
297 299 299 286 284 290 283 290 299 305 307 308 306 304 297 281 269 266 253 248 267 288 285 280 274 269 262 241 232 251 229 242 215 184 198 178 195 245 214 185 160 156 181 175 126 142 154 167 231 194 178 224 174 166 182 210 190 225 211 221 228 232 204 211 246 262 273 237 255 249 248 294 303 302 301 300 300 302 303 305 307 309 311 310 312 309 313 319 321 319 319 320
301 302 301 296 294 292 293 295 303 307 307 308 308 300 286 279 262 256 255 285 280 278 271 254 242 268 246 235 219 202 166 189 173 173 198 222 242 200 181 147 162 173 166 198 131 144 186 235 208 247 244 260 232 226 212 221 232 246 230 249 255 275 252 248 275 276 289 269 278 268 250 299 303 305 305 306 305 303 306 306 306 310 312 314 316 319 317 314 316 318 319 320
303 304 304 299 299 298 294 301 304 306 309 310 306 292 287 268 253 245 281 290 276 264 254 224 225 218 206 187 132 161 142 180 163 187 149 167 182 187 155 164 157 166 176 196 207 221 252 279 254 256 194 210 207 206 230 230 236 238 254 251 260 263 270 276 289 293 286 289 280 288 282 278 279 295 304 305 308 309 310 308 308 309 311 316 316 317 314 315 318 318 319 320
306 305 302 305 304 301 295 298 301 310 311 311 299 293 286 268 257 294 304 298 278 271 235 224 193 182 158 135 173 168 158 204 188 234 173 188 184 168 151 136 160 164 188 126 167 211 281 301 267 218 195 217 224 244 253 239 262 278 291 272 245 240 231 238 266 257 250 241 256 269 292 266 272 297 304 306 306 307 309 312 311 312 313 315 316 317 318 320 321 320 317 321
309 306 297 305 303 300 289 291 308 312 312 311 302 292 273 267 303 307 277 253 230 260 230 228 237 214 200 202 182 208 207 235 257 244 251 231 271 194 194 210 225 237 200 167 213 214 309 288 246 218 224 227 262 272 258 274 295 303 322 303 283 281 254 261 265 293 300 283 279 287 300 305 305 306 300 300 299 306 309 309 313 314 315 316 317 316 315 316 318 316 312 317
308 296 281 298 309 299 286 298 315 311 310 311 302 281 280 297 295 290 282 272 245 199 249 208 167 137 143 128 170 268 235 262 294 282 259 286 277 245 232 221 221 229 218 176 263 269 304 290 259 257 284 290 312 300 281 310 330 330 329 331 326 308 293 290 287 294 309 310 302 297 294 305 297 305 316 314 310 309 309 310 311 313 318 319 319 318 319 319 317 314 316 318
310 291 275 287 305 298 294 308 315 312 312 315 301 282 295 305 304 280 250 248 238 173 174 163 148 152 140 154 223 246 287 312 304 305 288 299 280 270 253 270 268 278 212 255 269 311 298 261 254 261 290 312 316 332 335 335 333 329 330 332 330 325 304 286 283 295 296 301 302 310 310 313 318 316 320 309 307 311 314 313 316 314 315 318 321 321 322 322 320 318 320 322
304 300 267 286 310 307 294 302 317 320 319 316 316 306 313 308 284 272 272 243 186 191 204 245 225 236 211 208 247 291 306 321 322 318 318 322 321 316 313 311 311 285 292 295 313 286 266 289 317 320 335 339 335 333 331 330 329 328 328 329 328 327 314 307 288 288 284 280 292 298 307 304 295 304 320 323 316 315 315 315 314 317 318 317 317 319 321 321 321 322 322 323
294 275 278 257 304 312 295 301 318 319 315 315 313 315 299 307 287 297 263 230 231 190 175 166 170 191 257 256 304 319 324 330 335 334 337 336 336 338 340 338 334 327 326 339 329 316 299 317 336 342 343 342 337 330 326 325 325 325 325 -9999 -9999 318 321 301 295 294 257 271 286 296 290 322 319 324 324 320 315 316 317 316 313 318 320 314 295 301 312 318 320 321 322 324
294 272 286 271 287 301 291 286 319 319 314 311 308 306 288 280 296 265 221 238 184 174 158 190 234 270 307 325 323 330 333 335 338 341 344 341 340 344 345 345 342 337 337 338 339 339 338 339 339 340 344 342 335 328 322 322 -9999 -9999 -9999 -9999 -9999 318 313 310 292 291 296 272 280 288 298 316 321 322 318 317 317 314 317 319 320 320 317 303 298 310 308 307 315 319 323 327
