resultados/variables_proyeccion_tiempo/variables_futuro_ccsm_A1B/bio5.asc
ncols 330
nrows 228
xllcorner -12.000000
yllcorner 34.000000
cellsize 0.166667
NODATA_value -9999
[rows 120 to 159 of 228, columns 184 to 275 of 330]
291 290 289 288 286 285 284 281 281 281 277 275 276 277 278 280 280 279 279 278 278 279 280 281 282 283 283 283 282 281 281 280 280 280 279 278 278 278 278 279 279 278 278 278 279 279 279 279 279 279 280 280 280 280 280 280 281 282 283 282 283 283 283 283 285 286 286 286 286 287 286 285 286 286 285 284 285 285 285 286 285 284 284 284 283 284 285 286 287 286 285 285
289 288 288 286 285 281 280 280 280 279 278 276 277 278 279 280 281 280 279 279 279 280 282 283 283 283 283 283 282 282 281 280 280 280 279 279 279 279 279 279 279 278 279 279 279 279 279 280 280 280 280 280 281 280 280 280 281 282 282 283 284 285 285 284 285 286 287 287 287 288 288 287 286 285 285 286 286 286 287 286 286 285 285 285 284 284 286 287 286 285 285 285
287 286 286 284 283 281 281 280 279 278 278 279 278 278 278 279 280 281 282 282 281 282 283 283 283 283 283 282 282 283 281 281 280 280 279 279 279 279 278 279 279 279 279 279 279 279 279 280 280 280 281 280 281 281 280 281 282 282 282 283 284 285 285 285 285 286 286 288 287 287 288 287 286 285 285 286 287 288 287 286 286 287 287 287 287 288 288 288 286 286 286 287
286 287 285 283 281 281 281 280 277 277 276 275 278 277 277 277 278 279 280 282 282 282 282 282 282 282 282 281 281 281 281 280 279 278 278 279 279 279 278 279 279 278 278 279 279 279 280 281 280 281 280 280 280 280 280 281 280 279 280 282 282 283 283 284 284 285 286 287 288 288 288 288 287 286 286 288 288 288 288 288 289 289 289 289 289 289 289 288 288 288 289 288
284 283 283 282 280 280 279 279 278 275 273 269 271 275 276 277 278 279 281 282 280 280 280 281 280 281 280 278 278 279 279 278 278 278 278 278 279 279 279 279 278 278 279 279 279 280 281 281 281 280 279 280 280 280 280 280 280 280 281 282 283 284 285 285 286 286 287 287 287 288 288 289 287 287 288 288 288 288 288 288 289 289 289 289 289 289 289 290 290 290 290 290
281 280 280 280 279 277 277 276 275 273 271 268 266 271 273 275 276 279 280 280 279 278 279 278 277 278 278 275 274 277 277 277 277 277 277 278 278 278 279 279 279 279 279 279 279 280 280 280 281 281 280 280 280 280 280 280 281 282 282 283 284 284 284 284 284 285 286 286 287 288 289 289 288 289 288 289 289 289 290 290 290 290 290 290 290 290 290 290 290 290 290 290
279 277 277 277 278 278 278 277 275 274 271 269 267 267 271 274 277 278 279 278 278 276 275 275 274 273 274 273 272 271 274 275 276 276 276 277 277 278 278 279 278 277 277 278 279 280 281 281 281 281 280 280 279 280 280 281 280 281 282 283 284 284 284 284 285 285 286 287 288 288 290 291 290 290 290 290 290 290 291 291 291 291 290 291 291 291 291 292 291 291 291 291
279 276 276 274 275 277 277 276 276 276 275 274 272 271 271 272 275 278 279 282 279 277 275 273 273 273 272 271 271 272 274 275 275 274 276 276 276 276 277 278 278 277 278 278 280 280 280 280 280 280 280 281 280 280 280 281 281 281 282 284 284 285 285 285 286 287 286 286 287 288 290 292 292 292 292 292 291 292 292 292 292 292 292 293 292 293 293 293 294 294 293 293
282 280 277 276 272 273 275 275 275 277 279 278 278 279 279 280 281 283 283 282 282 280 278 276 275 272 268 267 269 272 274 274 275 276 275 276 276 277 278 279 280 278 278 280 279 280 280 282 280 280 280 280 280 281 281 281 281 281 283 284 284 284 285 285 286 286 286 287 286 288 288 293 293 293 293 293 293 293 294 294 294 295 295 294 295 295 295 296 296 295 295 294
284 284 283 280 275 271 269 272 274 277 280 284 284 286 288 287 287 285 283 282 281 282 280 278 276 275 272 268 269 272 274 274 275 276 276 276 277 278 279 280 278 279 281 277 278 279 281 282 280 281 281 281 281 282 282 282 282 282 283 283 284 285 286 286 285 286 286 286 286 287 287 293 293 294 295 295 295 295 294 295 295 296 297 297 296 296 297 298 298 296 297 296
290 290 290 286 279 271 267 272 279 282 285 288 291 293 293 291 288 285 283 281 280 279 280 279 276 274 274 273 270 273 275 276 277 278 278 277 278 279 280 281 280 281 281 278 278 280 282 282 281 281 280 280 281 281 282 281 282 283 284 284 285 285 286 286 286 286 286 287 287 287 288 293 295 295 296 297 297 296 296 296 298 298 299 299 298 299 299 300 301 299 299 299
291 292 294 291 285 280 278 280 284 287 290 293 294 296 292 290 288 283 282 281 281 280 279 279 279 277 276 275 273 269 273 275 277 277 278 279 279 280 280 279 278 279 277 277 280 279 279 280 281 281 279 279 281 282 282 281 282 283 284 284 284 285 285 285 285 286 286 286 286 287 289 291 293 295 297 297 298 298 297 298 299 300 300 301 300 300 302 303 301 301 301 301
292 294 292 290 287 283 283 280 282 287 286 290 293 292 288 285 283 278 278 277 275 271 273 275 277 278 278 276 275 273 271 272 275 277 278 279 279 276 274 273 273 276 276 278 280 280 280 280 279 280 280 280 280 281 283 282 282 282 284 284 284 285 285 284 285 286 285 286 287 287 288 290 291 293 294 296 297 299 299 300 300 301 302 302 303 303 305 303 303 304 302 302
285 275 271 276 266 276 272 268 268 270 273 284 284 285 284 285 286 282 277 274 269 269 270 269 273 277 276 276 275 275 274 273 272 275 276 275 273 273 272 273 275 274 275 276 278 279 279 279 279 280 280 281 281 281 281 281 282 282 282 284 284 284 285 285 285 285 286 287 287 288 289 291 293 295 296 296 297 300 301 302 302 302 302 303 305 305 305 305 305 304 304 303
271 262 264 252 251 248 260 264 254 252 267 283 278 275 271 268 271 274 273 273 272 267 259 258 267 272 273 275 276 276 276 276 273 274 274 275 273 274 274 275 276 277 277 276 278 279 279 279 279 279 279 280 280 281 281 282 283 284 284 284 284 284 284 285 285 285 286 286 286 287 288 291 293 294 295 296 299 301 302 303 304 303 303 304 306 306 307 307 306 306 306 305
270 261 255 247 257 264 262 261 261 260 266 249 260 254 260 262 270 268 263 256 260 261 261 256 256 259 266 270 275 278 278 279 279 280 279 277 276 276 275 276 278 278 279 278 278 279 279 279 279 280 280 280 281 282 282 282 283 284 286 287 287 285 284 284 284 285 285 285 285 287 288 289 290 293 296 297 299 301 302 303 305 306 306 306 307 307 308 308 307 307 308 308
280 268 245 255 261 246 216 211 206 220 255 252 255 260 258 275 281 284 275 268 257 247 252 252 253 256 253 257 261 271 277 278 280 280 280 282 282 278 277 276 278 279 280 280 280 279 280 280 279 280 280 281 281 280 281 282 283 284 285 288 288 287 286 284 284 284 284 284 284 286 287 288 290 293 293 296 299 299 302 304 304 306 308 309 309 309 309 310 310 310 310 309
255 273 264 256 262 263 247 242 223 252 262 251 257 262 276 281 284 289 288 282 276 261 252 248 243 251 254 243 255 264 269 275 275 279 282 282 284 284 280 278 279 279 280 282 283 282 280 282 281 282 283 282 282 283 283 284 284 286 287 288 288 287 287 287 286 284 284 284 285 285 287 288 291 294 296 297 298 300 301 304 303 304 305 308 310 310 311 312 312 312 312 311
274 270 239 243 233 221 237 238 225 241 258 270 266 268 274 288 266 289 297 292 275 272 282 269 258 247 252 248 253 247 254 267 273 276 276 280 285 284 284 283 281 281 284 284 284 284 284 284 282 283 286 285 285 285 284 284 285 286 287 288 289 289 288 285 286 286 284 283 283 284 286 291 293 296 297 297 298 300 301 303 303 306 306 306 308 309 310 311 311 313 314 314
271 255 267 278 260 265 259 254 265 259 271 261 264 267 273 291 290 282 303 303 303 292 278 282 270 262 263 253 254 246 243 240 255 267 275 281 284 285 285 286 285 285 285 286 286 287 287 287 284 284 286 287 288 287 288 288 287 288 288 288 289 289 290 288 287 285 285 284 283 284 289 291 295 298 299 299 301 302 303 304 305 306 307 307 310 311 312 311 311 312 313 315
284 282 290 288 272 261 270 280 290 297 292 287 290 298 300 301 287 301 307 307 308 307 299 289 279 279 273 254 260 253 239 228 235 249 259 272 278 283 285 287 287 288 288 289 290 288 289 290 289 287 290 290 292 290 290 290 291 291 290 289 288 289 289 290 289 288 287 287 286 288 292 293 297 298 299 300 300 303 303 305 308 309 308 310 312 313 314 314 313 313 314 315
285 278 286 268 278 295 304 302 302 307 303 304 307 306 305 299 291 304 307 310 310 310 308 307 303 289 275 285 262 262 242 237 236 239 238 257 264 277 284 288 291 290 291 288 284 286 289 290 290 289 288 290 291 293 293 293 295 294 293 291 291 288 290 290 289 289 291 290 290 292 294 295 299 301 302 302 303 305 305 306 308 310 311 312 313 313 314 316 316 316 316 318
304 301 296 290 304 307 305 300 306 310 307 310 315 312 310 303 307 312 312 311 310 310 310 309 307 304 302 289 292 274 262 257 235 238 251 243 242 259 273 280 282 284 284 287 290 292 292 292 293 293 292 292 294 294 295 294 297 297 297 296 292 290 290 291 292 291 292 292 294 296 297 298 301 304 304 305 305 305 306 306 309 311 313 314 313 314 316 317 318 318 319 318
312 310 308 311 310 308 304 300 304 303 288 289 314 318 316 316 314 313 312 312 311 310 311 310 309 307 304 290 296 294 288 278 261 257 242 227 249 259 262 260 271 280 282 282 283 288 290 293 295 295 297 296 297 296 298 298 297 295 299 300 296 292 292 291 292 293 293 295 297 298 299 302 305 306 306 307 306 306 307 307 311 313 315 315 315 317 319 319 320 321 321 321
314 294 306 306 307 303 301 290 301 310 308 311 318 319 318 317 315 313 312 311 310 311 312 311 310 309 308 303 293 268 274 289 276 256 239 236 235 243 250 254 258 270 278 282 283 287 292 295 297 298 299 301 298 299 301 300 300 299 296 295 296 296 296 294 292 294 295 296 298 300 302 304 306 307 309 308 309 311 311 312 313 315 318 319 318 319 320 322 322 322 323 323
313 304 313 312 309 313 312 313 316 317 318 319 320 319 318 317 315 313 312 311 311 312 313 312 311 310 309 306 289 275 259 272 276 280 268 252 242 230 237 245 254 257 265 282 285 284 289 295 298 299 301 304 303 302 302 303 302 299 300 295 295 297 298 296 296 294 296 298 299 300 302 304 306 308 310 312 312 313 315 316 317 318 320 320 320 321 322 323 323 323 324 325
314 306 318 310 309 314 317 318 318 318 320 320 320 319 318 317 315 312 312 313 314 314 314 314 312 308 302 304 306 302 288 272 264 260 265 236 236 229 241 246 253 264 266 274 283 288 289 293 293 302 303 305 308 307 306 304 306 304 306 304 299 298 300 300 298 295 298 299 300 303 304 305 306 307 309 313 314 314 317 317 319 320 321 321 321 322 323 324 324 324 324 326
316 315 318 314 312 313 316 318 318 319 319 320 319 319 319 318 317 316 316 317 317 316 313 309 308 306 306 306 296 295 288 287 282 272 276 258 264 259 246 251 246 250 260 266 279 286 287 291 289 299 305 308 309 310 309 306 304 303 302 304 304 301 302 303 300 299 300 299 301 301 303 305 305 308 310 312 315 316 318 318 319 322 322 321 322 324 324 325 325 325 326 327
319 320 319 317 315 314 317 318 319 319 320 319 320 320 320 319 319 318 319 320 318 316 310 309 307 306 304 302 298 296 295 292 296 296 291 286 272 256 246 241 244 243 252 252 263 278 288 291 295 297 306 308 312 313 314 309 301 301 304 302 300 301 305 304 302 299 303 300 301 302 302 304 307 308 309 311 312 315 319 320 320 323 322 322 323 325 325 326 326 326 327 329
319 319 319 318 316 315 316 318 318 319 319 320 320 320 320 320 320 321 321 319 317 314 301 293 296 296 296 303 296 294 296 301 294 297 297 291 259 244 239 228 246 244 243 264 261 270 286 292 296 298 302 304 307 310 310 314 308 302 299 302 303 304 307 307 306 302 301 302 302 303 303 303 305 308 310 312 313 315 318 321 322 322 322 323 324 326 325 326 327 328 330 328
318 319 320 319 318 316 317 318 319 319 320 320 320 320 321 322 322 322 322 318 315 308 292 291 281 285 294 295 292 292 300 298 298 298 298 291 287 275 258 255 265 250 254 255 270 271 288 292 293 300 297 301 305 303 306 304 313 309 304 302 303 305 307 307 307 307 303 303 300 302 303 304 304 308 311 311 314 316 318 320 321 322 322 324 325 326 327 328 329 330 330 330
318 320 321 320 319 318 318 319 320 320 320 320 321 321 322 323 323 323 323 322 319 317 307 266 243 269 270 279 290 289 296 299 300 298 299 298 296 284 255 240 267 258 241 251 252 257 281 296 295 302 298 299 304 309 308 305 311 312 307 305 304 306 308 306 307 309 307 306 302 302 303 304 305 307 310 312 314 315 316 318 320 321 323 324 326 327 329 330 331 331 331 331
320 322 322 321 320 319 319 320 320 320 320 320 321 321 323 323 324 324 324 322 308 290 309 283 246 251 243 245 275 285 299 302 302 302 300 301 296 287 278 254 250 255 264 250 248 250 266 291 294 305 300 299 304 305 310 308 310 316 311 308 309 306 307 308 306 304 305 307 305 302 302 303 306 308 310 312 314 313 315 317 319 321 323 325 326 327 329 330 331 331 332 333
322 323 323 321 320 320 320 321 321 322 321 321 321 321 323 323 324 324 324 322 320 305 295 289 257 268 264 261 279 288 303 305 303 305 303 302 297 292 284 274 272 241 271 256 248 258 279 286 295 303 303 304 304 307 311 311 315 316 311 311 309 310 307 308 304 305 302 301 305 304 302 302 304 -9999 -9999 -9999 -9999 309 313 316 318 319 321 322 324 326 328 330 331 332 333 333
324 325 322 322 321 321 321 322 322 323 322 322 322 322 323 324 324 322 311 315 308 310 304 310 296 288 280 266 271 296 310 305 305 304 301 301 297 294 288 285 280 268 252 273 261 248 270 290 302 300 309 309 310 312 312 313 319 316 311 314 312 310 309 309 306 305 303 302 301 304 302 303 -9999 -9999 -9999 -9999 -9999 -9999 312 313 316 318 320 321 322 325 327 329 331 332 332 332
324 326 326 326 325 324 323 324 324 324 323 322 323 323 324 323 323 322 317 315 315 307 307 302 306 298 292 290 293 312 308 306 303 302 299 295 293 289 288 291 286 286 275 266 273 273 261 272 291 295 308 314 316 315 310 312 320 315 313 317 315 312 310 310 308 306 304 302 300 299 301 301 -9999 -9999 -9999 -9999 -9999 -9999 -9999 -9999 -9999 318 319 320 322 324 326 330 330 332 332 332
326 328 330 329 328 327 326 325 326 325 324 324 324 325 326 325 324 321 320 320 321 320 314 313 309 315 305 313 311 308 308 303 302 298 298 297 292 291 292 292 278 287 277 281 288 272 246 265 292 297 311 318 320 316 312 316 321 319 318 320 315 314 314 310 308 307 304 302 300 298 -9999 -9999 -9999 -9999 -9999 -9999 -9999 -9999 -9999 -9999 -9999 -9999 -9999 -9999 -9999 -9999 -9999 -9999 -9999 331 332 332
325 330 333 333 331 331 330 330 328 327 325 325 326 327 328 329 328 326 326 324 319 306 284 277 295 314 312 295 274 273 263 280 297 302 302 296 293 293 290 288 286 294 292 285 281 255 235 254 286 298 314 323 324 321 319 318 324 319 321 322 319 319 315 312 308 306 303 301 299 -9999 -9999 -9999 -9999 -9999 -9999 -9999 -9999 -9999 -9999 -9999 -9999 -9999 -9999 -9999 -9999 -9999 324 326 327 329 331 331
327 331 334 335 335 334 334 333 331 329 328 328 328 329 329 329 326 324 321 321 321 298 290 284 295 308 297 270 239 239 221 226 246 280 246 219 201 221 234 257 280 266 269 256 261 259 252 260 283 303 315 324 325 325 322 320 325 322 323 326 324 322 318 313 309 306 302 -9999 -9999 -9999 -9999 -9999 -9999 -9999 -9999 -9999 -9999 -9999 -9999 -9999 -9999 -9999 -9999 -9999 316 318 321 323 325 326 328 330
331 335 336 336 335 336 336 336 333 332 330 330 330 330 329 327 325 323 317 315 312 317 281 253 244 232 266 278 271 223 223 256 264 284 269 252 244 226 248 246 219 246 246 251 260 278 282 295 303 308 320 325 325 326 325 325 326 327 326 328 327 326 320 314 308 304 300 -9999 -9999 -9999 -9999 -9999 -9999 -9999 -9999 -9999 -9999 -9999 -9999 -9999 -9999 -9999 -9999 310 311 315 320 323 324 325 327 329
