resultados/variables_proyeccion_tiempo/variables_futuro_ccsm_A1B/bio5.asc
ncols 330
nrows 228
xllcorner -12.000000
yllcorner 34.000000
cellsize 0.166667
NODATA_value -9999
[rows 80 to 119 of 228, columns 184 to 275 of 330]
-9999 -9999 -9999 -9999 -9999 -9999 -9999 -9999 -9999 -9999 -9999 -9999 -9999 -9999 -9999 -9999 -9999 -9999 -9999 -9999 -9999 239 238 240 241 241 242 242 243 243 243 244 244 245 245 246 246 247 248 248 248 248 249 250 250 251 250 251 251 251 253 255 256 257 257 256 256 256 256 256 256 255 256 257 257 255 255 258 258 258 258 259 259 259 260 261 262 262 262 262 262 263 263 261 258 257 258 261 263 262 261 259
-9999 -9999 -9999 233 -9999 -9999 -9999 -9999 -9999 -9999 -9999 -9999 -9999 -9999 -9999 -9999 -9999 -9999 -9999 237 237 237 238 240 240 241 242 242 -9999 -9999 243 243 244 245 246 246 246 247 248 248 248 247 249 250 251 252 252 252 252 254 254 255 256 257 257 257 257 256 255 254 254 254 254 256 257 256 257 257 258 259 260 260 260 261 262 263 263 263 264 263 263 263 264 262 260 258 259 260 262 263 264 264
-9999 -9999 -9999 -9999 -9999 -9999 -9999 -9999 -9999 -9999 -9999 -9999 -9999 -9999 -9999 -9999 -9999 -9999 -9999 237 237 238 240 240 241 241 -9999 -9999 -9999 -9999 -9999 -9999 243 245 246 246 246 246 247 247 248 247 248 250 252 251 252 250 252 253 254 256 257 258 257 257 257 254 252 252 253 254 254 255 256 256 258 258 259 260 260 261 262 262 263 264 264 265 264 262 262 263 264 263 261 259 259 260 260 260 261 262
-9999 -9999 -9999 -9999 -9999 -9999 -9999 -9999 -9999 -9999 -9999 -9999 -9999 -9999 -9999 -9999 -9999 -9999 -9999 -9999 238 238 -9999 240 -9999 -9999 -9999 -9999 -9999 -9999 -9999 244 -9999 -9999 245 245 245 245 246 246 246 246 247 250 251 249 249 248 249 252 254 255 256 257 258 258 258 257 254 254 253 254 254 256 256 257 258 259 259 260 261 261 261 262 263 264 265 265 264 264 262 263 264 265 264 262 260 259 259 260 261 262
234 233 233 233 -9999 -9999 -9999 -9999 -9999 -9999 -9999 -9999 -9999 -9999 -9999 -9999 -9999 -9999 -9999 -9999 238 238 -9999 -9999 -9999 -9999 -9999 -9999 -9999 -9999 -9999 -9999 -9999 -9999 244 243 244 244 246 247 247 247 248 249 251 252 252 251 251 252 253 254 256 256 257 258 259 258 257 256 256 257 256 257 258 259 259 260 259 259 260 260 260 261 263 264 265 264 265 264 263 264 265 265 260 260 260 259 260 260 261 262
233 233 234 -9999 -9999 -9999 -9999 -9999 -9999 -9999 -9999 -9999 -9999 -9999 -9999 -9999 -9999 -9999 -9999 -9999 -9999 241 240 240 -9999 -9999 -9999 241 -9999 -9999 -9999 -9999 -9999 -9999 243 244 244 244 246 248 248 249 250 250 252 253 253 253 254 251 248 251 252 253 255 257 257 258 258 258 258 258 258 259 258 259 259 259 259 260 260 260 260 261 262 263 264 265 265 265 265 266 266 264 260 259 260 260 260 260 261 261
233 -9999 -9999 -9999 -9999 -9999 -9999 -9999 -9999 -9999 -9999 -9999 -9999 -9999 -9999 -9999 -9999 -9999 236 238 240 239 238 240 241 -9999 -9999 -9999 -9999 -9999 -9999 -9999 -9999 -9999 244 244 244 245 247 249 249 250 251 252 252 254 254 254 253 250 249 250 251 253 254 256 258 258 259 258 258 258 258 257 255 255 258 260 260 260 260 261 262 262 263 263 264 265 265 265 265 265 265 262 261 260 260 260 260 260 261 262
232 233 -9999 -9999 -9999 -9999 -9999 -9999 -9999 -9999 -9999 -9999 -9999 -9999 -9999 -9999 -9999 236 237 238 239 239 239 240 241 242 244 -9999 -9999 -9999 -9999 -9999 -9999 -9999 244 244 245 247 248 250 251 251 249 250 251 253 253 253 253 251 251 252 254 255 256 258 259 259 259 259 259 258 257 255 253 255 257 260 260 260 261 262 263 263 263 263 264 264 265 265 266 265 263 260 259 260 260 260 260 260 261 261
233 -9999 -9999 -9999 -9999 -9999 -9999 -9999 -9999 -9999 -9999 -9999 -9999 -9999 -9999 -9999 235 236 238 238 240 241 241 240 241 244 245 246 -9999 -9999 -9999 -9999 -9999 -9999 246 246 247 247 248 248 247 246 246 248 250 251 253 253 253 254 255 255 256 256 257 258 259 260 259 259 259 258 259 257 258 259 260 260 261 262 262 263 264 264 264 264 264 264 265 264 262 259 259 261 261 261 262 261 261 261 260 258
-9999 -9999 -9999 -9999 -9999 -9999 -9999 -9999 -9999 -9999 -9999 -9999 -9999 -9999 -9999 -9999 235 236 238 239 241 241 241 241 242 243 244 245 246 -9999 -9999 -9999 243 245 247 248 248 248 247 245 246 247 247 247 249 252 253 254 255 256 256 257 256 257 259 259 260 260 260 260 260 260 261 261 261 262 262 261 261 262 263 264 265 265 265 265 264 264 263 260 259 259 260 261 261 261 262 262 262 261 261 261
-9999 -9999 -9999 -9999 -9999 -9999 -9999 -9999 -9999 -9999 -9999 -9999 -9999 -9999 231 233 234 236 236 238 241 241 241 242 242 244 245 246 247 247 246 244 244 246 248 249 249 250 250 249 249 248 249 248 249 251 255 256 257 257 258 257 257 258 259 260 260 260 260 260 261 261 260 256 255 257 259 260 262 262 263 264 265 265 265 264 260 259 258 258 259 260 260 261 262 261 262 263 263 261 261 261
-9999 -9999 -9999 -9999 -9999 -9999 -9999 -9999 -9999 -9999 -9999 -9999 -9999 -9999 231 232 234 236 236 239 242 242 241 241 242 244 246 247 249 249 248 247 246 248 249 251 252 252 252 252 252 252 252 253 254 255 256 257 258 258 258 258 257 259 260 260 260 261 261 261 261 260 257 256 256 254 256 258 259 263 264 264 264 264 265 264 262 260 260 258 259 261 261 261 261 260 260 261 263 262 262 263
-9999 -9999 -9999 -9999 -9999 -9999 -9999 -9999 -9999 -9999 -9999 -9999 -9999 -9999 232 233 234 235 236 240 242 242 243 242 243 245 247 249 250 250 250 250 250 250 251 253 253 253 254 254 254 255 256 256 256 256 257 258 259 258 258 256 257 259 259 260 261 261 261 261 260 260 257 258 257 256 256 259 261 264 264 264 264 264 265 262 261 262 261 260 259 260 260 261 262 260 261 261 262 263 263 264
-9999 -9999 -9999 -9999 -9999 -9999 -9999 -9999 -9999 -9999 -9999 -9999 -9999 232 233 234 236 237 236 238 243 245 245 245 246 247 249 250 251 251 251 251 252 252 253 254 255 255 256 256 256 256 256 257 257 258 259 259 258 258 258 257 258 258 258 258 261 261 261 261 261 261 259 259 258 258 258 259 261 264 264 265 265 264 263 262 262 262 262 262 262 262 262 262 262 262 261 260 262 262 263 264
-9999 -9999 -9999 -9999 -9999 -9999 -9999 -9999 -9999 -9999 -9999 -9999 -9999 -9999 233 235 236 239 241 241 243 246 247 247 248 249 250 251 252 252 252 253 253 254 255 255 257 257 257 258 258 257 257 257 258 259 260 259 258 258 258 258 257 257 257 258 260 261 260 260 261 261 260 260 260 260 259 260 262 262 264 264 264 264 262 264 264 263 263 263 264 264 263 264 264 263 262 262 262 261 262 264
-9999 -9999 -9999 -9999 -9999 -9999 -9999 -9999 -9999 -9999 -9999 -9999 -9999 -9999 235 235 237 239 239 240 243 246 247 248 249 250 251 252 252 253 253 254 254 255 256 257 258 258 258 259 259 259 258 258 258 259 260 260 260 259 258 258 258 259 259 260 261 261 263 263 262 262 261 261 261 262 261 262 263 264 264 264 264 264 264 264 264 265 264 264 265 265 265 265 265 265 264 262 262 263 264 265
-9999 -9999 -9999 -9999 -9999 -9999 -9999 -9999 -9999 -9999 -9999 -9999 -9999 -9999 234 236 238 239 242 242 244 246 248 249 250 251 252 252 253 254 254 255 256 257 257 258 259 259 259 260 260 259 259 258 258 258 260 261 260 260 260 260 260 261 262 262 263 263 263 263 263 263 263 263 263 263 263 263 263 264 265 265 265 265 265 264 264 264 264 264 265 266 266 266 265 264 264 263 264 264 264 265
-9999 -9999 -9999 -9999 -9999 -9999 -9999 -9999 -9999 -9999 -9999 -9999 -9999 -9999 235 237 239 240 242 245 247 247 248 249 251 251 252 253 253 253 254 256 257 258 258 259 259 259 259 260 260 259 260 258 258 259 260 260 260 260 262 261 262 263 263 264 264 265 264 265 265 265 264 264 264 264 264 263 263 263 265 265 266 266 266 265 266 265 265 266 266 266 266 266 264 263 265 264 264 265 266 266
-9999 -9999 -9999 -9999 -9999 -9999 -9999 -9999 -9999 -9999 -9999 -9999 -9999 -9999 238 241 243 244 245 246 248 248 249 251 251 251 253 252 253 254 256 257 258 259 259 259 260 260 261 260 260 261 259 258 258 259 260 260 261 261 262 262 262 263 264 264 264 265 265 266 266 266 266 266 266 265 264 262 262 264 265 266 266 266 266 266 266 265 264 266 265 265 265 266 265 265 264 265 265 266 267 266
-9999 -9999 -9999 -9999 -9999 -9999 -9999 -9999 -9999 -9999 -9999 -9999 -9999 -9999 240 245 247 248 249 249 251 252 252 253 254 254 254 254 255 256 257 258 260 260 260 259 261 261 261 260 259 259 258 258 259 259 260 261 262 262 263 264 264 264 264 264 265 265 266 266 267 267 267 267 267 266 265 264 264 266 266 266 267 267 267 266 265 266 266 265 265 264 263 264 265 266 265 265 266 268 268 267
-9999 -9999 -9999 -9999 -9999 -9999 -9999 -9999 -9999 -9999 -9999 -9999 -9999 243 -9999 248 249 250 252 253 254 256 256 257 256 256 256 256 257 258 260 261 261 260 260 261 262 261 261 260 260 259 259 260 259 258 260 262 262 263 264 264 264 264 264 264 263 264 266 267 267 267 267 267 267 267 267 267 266 266 266 265 265 266 267 266 267 267 267 264 263 263 264 265 266 266 266 267 268 269 268 267
-9999 -9999 -9999 -9999 -9999 -9999 -9999 -9999 -9999 -9999 -9999 248 246 -9999 -9999 250 251 253 255 256 257 258 258 258 258 258 258 258 260 260 261 261 260 261 262 262 261 262 262 261 260 260 260 260 258 257 259 260 261 263 262 263 264 264 263 264 264 265 265 267 267 268 268 269 269 268 268 267 267 267 265 264 264 265 265 266 266 267 267 266 264 264 264 266 267 267 267 268 269 269 270 270
-9999 -9999 -9999 -9999 -9999 -9999 -9999 246 248 250 251 251 251 252 252 253 254 256 256 257 258 259 259 259 259 259 260 260 260 261 262 261 263 263 263 263 264 264 264 262 261 261 260 259 259 260 260 260 261 262 262 263 264 264 264 265 266 266 267 266 268 268 268 270 269 269 268 267 268 268 267 267 266 265 266 267 267 267 267 266 264 264 266 267 268 268 269 269 270 271 270 271
245 -9999 -9999 -9999 -9999 -9999 -9999 252 254 255 255 255 254 255 255 255 256 257 258 259 259 259 259 259 260 261 261 262 262 262 262 263 263 263 262 264 264 266 264 264 262 261 257 260 261 262 262 262 262 262 263 264 265 266 266 266 266 268 268 268 268 266 268 270 269 267 266 267 266 266 267 267 267 267 267 268 268 268 268 266 266 267 268 269 268 268 268 268 270 271 271 272
244 -9999 -9999 -9999 -9999 -9999 256 256 260 261 261 260 259 258 259 259 260 260 262 261 261 262 261 260 258 260 261 262 263 263 263 264 264 264 262 263 264 266 266 265 261 260 260 259 262 263 263 263 264 263 263 265 266 267 267 265 267 269 269 268 268 268 269 269 268 267 266 266 266 266 267 268 268 268 269 269 268 268 268 268 267 267 268 268 268 268 269 270 271 272 272 272
243 -9999 -9999 257 259 259 262 262 260 260 260 262 262 263 263 263 263 263 263 261 263 262 259 257 254 254 258 261 262 264 265 266 265 263 265 265 266 267 267 265 263 261 260 260 261 261 263 265 265 266 265 266 266 266 267 266 268 270 270 269 269 270 269 269 269 268 269 268 267 268 268 268 268 268 268 268 268 268 269 269 269 269 269 269 270 269 271 270 271 272 272 272
246 251 256 260 260 258 264 265 265 265 265 266 266 267 267 266 264 265 264 265 263 260 258 257 254 256 257 260 262 263 265 266 266 266 266 266 267 268 267 266 265 263 262 262 261 262 262 263 264 265 264 266 265 264 267 269 271 272 271 271 271 271 271 271 270 270 269 269 268 269 268 270 270 270 270 270 270 271 271 271 271 271 271 271 270 271 271 272 272 273 273 273
249 255 259 264 267 266 267 266 270 270 272 271 269 268 268 267 266 267 268 267 265 265 262 261 260 260 261 263 264 265 266 267 268 268 268 268 268 268 269 267 267 267 267 265 266 266 266 264 263 263 262 264 265 266 269 271 272 272 272 272 272 273 273 272 271 271 271 270 269 269 270 270 271 271 271 269 270 272 272 272 272 272 271 272 272 273 272 272 274 275 275 274
254 257 260 262 265 264 265 266 270 272 275 272 271 269 268 268 269 272 272 270 269 268 266 265 263 264 263 264 266 267 269 269 269 269 269 270 269 270 270 269 269 270 269 269 268 268 268 267 265 263 262 263 266 269 270 271 271 272 273 273 273 274 274 273 272 272 272 271 270 271 271 271 272 272 272 272 272 273 274 273 273 272 272 272 272 273 274 272 274 276 276 275
257 260 260 261 263 266 268 269 271 274 277 276 274 272 272 273 275 278 276 274 273 270 269 268 267 266 266 266 267 267 268 270 272 271 271 269 270 271 271 271 271 270 268 268 269 269 268 267 266 264 264 265 266 269 272 273 273 273 273 274 273 275 275 275 273 273 272 272 272 273 272 272 272 273 272 273 273 274 275 274 274 273 273 273 274 273 275 275 275 276 277 277
263 262 263 265 266 268 268 265 269 271 273 275 275 275 274 276 277 279 278 277 273 272 271 270 269 268 267 265 266 267 268 270 273 274 272 271 270 272 273 272 272 270 265 265 268 270 270 269 268 268 268 269 269 271 272 273 273 275 275 275 274 275 276 275 274 274 274 274 274 274 274 274 274 274 275 275 275 275 275 275 274 274 274 275 276 276 275 275 275 277 278 277
267 266 268 269 269 270 269 267 267 268 270 272 275 277 277 279 280 281 280 278 275 273 274 272 269 267 268 266 267 268 268 273 274 274 274 274 274 273 273 271 269 270 268 267 268 270 270 269 270 270 270 271 271 272 273 274 274 275 276 275 276 276 276 276 276 275 275 276 275 276 275 276 276 276 277 276 276 275 275 276 276 276 276 277 277 277 277 277 277 277 277 278
268 269 270 272 272 272 270 270 269 268 268 272 274 278 279 280 281 282 282 281 278 275 276 275 273 271 269 269 269 269 271 273 271 272 273 272 274 273 273 273 269 270 269 269 270 270 270 270 270 270 270 271 272 273 273 274 275 275 275 276 277 277 277 277 277 278 278 277 277 277 277 277 277 277 277 277 277 277 277 278 277 278 278 278 278 278 278 278 278 278 278 278
274 275 275 274 274 274 273 272 271 270 268 272 274 277 279 282 283 284 283 281 279 278 276 275 273 273 271 270 270 271 271 273 272 273 272 271 272 273 272 272 272 271 271 271 271 271 270 270 270 270 271 272 273 274 275 275 276 276 276 277 277 278 278 279 279 280 280 279 279 278 278 278 278 279 277 278 278 279 279 278 278 278 278 279 278 279 279 279 279 280 278 278
279 279 278 278 278 278 277 276 275 273 272 274 276 279 281 282 283 284 282 281 279 279 276 275 274 274 273 272 272 273 274 274 273 272 273 273 274 274 273 273 273 273 272 273 272 272 271 271 272 272 273 273 274 275 276 276 277 276 277 277 278 279 279 280 280 281 281 281 280 280 280 279 279 280 279 279 280 280 279 279 279 279 279 278 278 278 278 280 280 280 279 279
282 283 282 282 281 281 279 278 277 276 276 276 278 280 282 283 284 283 282 281 281 280 278 277 276 276 274 274 273 274 274 274 275 275 275 275 274 275 274 274 275 274 274 274 273 273 273 273 274 274 274 275 275 276 277 278 278 279 279 279 280 280 280 281 281 281 281 283 283 282 281 281 280 281 280 279 280 280 280 280 280 278 278 278 278 278 280 281 282 280 279 280
285 286 286 286 285 285 284 280 279 278 278 278 279 281 283 284 284 284 283 282 280 280 280 278 277 276 276 275 274 275 276 275 275 276 276 276 276 276 276 276 275 274 274 275 274 274 274 275 275 276 276 276 276 277 278 278 279 279 280 280 280 281 282 282 283 283 283 284 284 283 282 282 282 281 280 280 280 281 281 280 279 279 279 279 279 280 282 283 282 282 282 282
288 288 286 286 286 286 286 285 282 280 280 280 281 283 283 283 283 282 281 280 279 278 278 280 279 279 276 277 277 277 278 278 277 277 278 278 277 277 276 276 276 276 276 276 276 276 276 275 276 276 277 277 277 278 279 280 280 279 280 281 281 283 283 283 284 284 285 285 284 284 284 283 282 282 282 281 282 282 281 281 280 280 281 281 280 281 282 283 284 284 284 283
291 289 288 288 287 287 286 284 283 282 281 280 280 279 281 282 281 279 278 280 279 279 278 279 280 279 280 280 280 280 280 280 280 279 279 279 277 277 277 277 276 276 276 276 277 277 277 277 277 278 278 278 279 279 280 280 280 281 282 282 283 284 284 285 285 285 285 286 285 285 284 284 283 283 282 282 282 282 283 283 282 282 283 282 282 282 283 284 286 286 285 284
293 292 290 289 289 288 287 286 284 282 281 279 278 277 279 281 280 279 279 279 279 278 279 280 280 281 282 282 282 281 281 281 280 280 279 279 279 278 278 278 278 277 277 277 278 278 278 279 279 278 279 280 280 280 281 282 282 282 282 283 283 283 284 285 286 285 286 286 286 285 285 285 285 284 283 283 283 283 284 285 284 284 283 284 283 283 283 286 286 286 285 283
