resultados/variables_proyeccion_tiempo/variables_futuro_ccsm_A1B/bio6.asc
ncols 330
nrows 228
xllcorner -12.000000
yllcorner 34.000000
cellsize 0.166667
NODATA_value -9999
[rows 129 to 171 of 228, columns 96 to 191 of 330]
11 7 7 7 6 6 5 4 5 8 3 -2 -8 -12 -12 -10 -7 -5 -6 1 8 7 -2 -1 3 0 -5 -7 -1 -1 -7 -16 -18 -18 -21 -29 -25 -19 -20 -22 -24 -28 -28 -26 -26 -25 -24 -26 -22 -24 -32 -37 -38 -40 -35 -29 -23 -23 -23 -25 -22 -20 -18 -20 -20 -19 -23 -28 -32 -37 -40 -40 -38 -42 -44 -31 -32 -31 -24 -24 -23 -22 -21 -20 -22 -25 -26 -28 -31 -32 -34 -36 -39 -43 -46 -46
7 5 4 2 3 5 4 5 6 2 -5 -3 -4 -7 -9 -8 -9 -9 -7 0 3 2 -2 -4 -3 -5 -12 -5 2 1 -3 -7 -12 -15 -19 -20 -18 -17 -19 -20 -22 -22 -21 -18 -18 -24 -26 -26 -30 -30 -29 -30 -28 -27 -35 -30 -23 -26 -29 -30 -26 -20 -16 -13 -15 -17 -20 -23 -27 -29 -31 -31 -32 -36 -45 -39 -39 -45 -42 -37 -35 -27 -23 -23 -24 -24 -27 -30 -32 -36 -36 -36 -39 -44 -47 -45
4 2 2 3 4 2 3 2 -4 0 -1 -1 -0 -5 -4 -6 -7 -4 0 -1 -6 -10 -3 -8 -6 -2 -1 1 4 3 -3 -9 -14 -14 -12 -12 -14 -15 -17 -18 -20 -19 -20 -18 -14 -14 -25 -30 -28 -28 -25 -31 -37 -35 -35 -31 -31 -31 -30 -29 -29 -25 -14 -14 -16 -17 -19 -21 -24 -26 -27 -29 -30 -32 -34 -36 -41 -39 -42 -54 -40 -32 -27 -25 -25 -26 -30 -33 -35 -37 -37 -37 -38 -40 -40 -41
5 2 -1 -1 -1 -2 -3 -4 -4 -4 -1 1 4 5 4 -0 1 5 -1 -9 -7 -11 -8 0 -2 1 2 -1 -3 -0 -0 -6 -14 -9 -7 -10 -10 -10 -14 -18 -16 -15 -21 -18 -15 -13 -21 -26 -29 -28 -33 -35 -36 -35 -34 -32 -30 -29 -31 -27 -24 -22 -16 -18 -21 -22 -25 -24 -24 -29 -30 -28 -30 -30 -33 -32 -34 -29 -33 -39 -39 -37 -30 -28 -28 -28 -30 -34 -36 -38 -40 -40 -40 -41 -40 -43
5 4 3 3 5 3 0 1 0 0 2 7 8 7 6 6 4 -6 -12 -10 -8 -6 -4 -6 -4 -1 3 1 -8 -5 -5 -4 -6 -4 -7 -7 -8 -9 -15 -15 -14 -13 -13 -17 -17 -17 -19 -22 -27 -30 -36 -35 -32 -32 -30 -28 -27 -31 -35 -35 -29 -23 -20 -20 -23 -24 -26 -29 -31 -32 -36 -38 -38 -36 -35 -34 -33 -28 -25 -28 -38 -38 -35 -32 -28 -30 -34 -37 -42 -49 -51 -49 -53 -47 -50 -52
8 8 8 6 4 4 6 7 6 4 5 6 8 9 7 2 -6 -6 -8 -10 -10 -8 -9 -9 -5 1 5 5 -6 -8 -9 -8 -7 -7 -6 -7 -8 -11 -12 -14 -14 -11 -11 -14 -17 -19 -19 -24 -26 -31 -34 -35 -33 -31 -30 -29 -32 -32 -38 -34 -29 -25 -26 -28 -27 -30 -29 -30 -31 -31 -35 -37 -39 -38 -36 -32 -34 -33 -25 -24 -29 -34 -31 -28 -33 -38 -43 -53 -49 -55 -55 -59 -60 -60 -56 -55
10 9 8 8 7 6 5 5 6 6 5 3 7 11 4 2 1 -0 -2 -5 -6 -9 -10 -10 -8 4 6 6 -2 -3 -4 -4 -3 -5 -8 -10 -13 -14 -14 -16 -14 -13 -11 -13 -18 -23 -22 -23 -25 -28 -31 -34 -37 -32 -33 -33 -35 -35 -33 -32 -28 -27 -27 -27 -26 -32 -33 -32 -34 -33 -34 -33 -33 -31 -31 -29 -36 -35 -25 -23 -24 -28 -35 -35 -40 -47 -53 -52 -50 -56 -60 -62 -59 -56 -57 -58
9 8 7 6 9 6 4 4 3 8 8 7 7 8 4 0 1 -0 1 -2 -6 -9 -11 -11 -5 4 6 7 3 2 1 2 -0 -4 -8 -12 -14 -16 -16 -17 -18 -16 -15 -17 -19 -24 -25 -23 -24 -27 -29 -30 -32 -36 -41 -44 -42 -37 -35 -31 -28 -28 -26 -26 -26 -30 -31 -35 -34 -36 -32 -30 -29 -30 -26 -26 -30 -29 -26 -27 -26 -27 -32 -38 -41 -46 -48 -45 -47 -54 -64 -60 -58 -63 -71 -72
6 9 8 6 7 6 4 1 2 3 8 6 6 6 3 -2 0 1 2 -2 -5 -7 -6 -5 2 6 8 4 3 2 2 1 -4 -9 -8 -11 -14 -16 -16 -18 -19 -20 -22 -21 -21 -22 -26 -25 -23 -28 -33 -34 -36 -38 -46 -49 -55 -54 -45 -39 -33 -28 -27 -28 -26 -28 -31 -34 -30 -31 -30 -28 -25 -22 -22 -21 -23 -25 -26 -29 -24 -27 -31 -37 -42 -38 -41 -48 -58 -53 -58 -61 -59 -59 -64 -66
9 9 8 6 6 6 4 1 0 1 4 3 5 6 3 2 2 3 1 -2 -2 -2 -1 2 5 7 1 -0 -3 -2 0 -1 -3 -8 -11 -12 -14 -18 -17 -16 -20 -22 -23 -21 -22 -22 -22 -24 -24 -24 -25 -26 -29 -38 -44 -44 -51 -54 -51 -48 -46 -38 -30 -31 -29 -28 -33 -32 -29 -28 -27 -25 -20 -18 -18 -18 -21 -22 -22 -22 -25 -33 -36 -34 -33 -40 -50 -53 -52 -55 -67 -66 -69 -72 -67 -67
8 6 6 9 8 6 3 -1 -3 1 2 4 2 2 3 3 4 2 1 -2 1 2 3 5 6 -3 -12 -16 -10 -8 -8 -6 -6 -7 -10 -18 -19 -20 -19 -17 -17 -18 -19 -18 -18 -20 -22 -25 -27 -28 -29 -28 -27 -28 -31 -38 -36 -42 -48 -51 -46 -41 -38 -38 -38 -33 -33 -33 -33 -29 -27 -22 -17 -15 -15 -19 -19 -19 -20 -24 -28 -31 -29 -30 -36 -33 -42 -41 -52 -61 -58 -55 -60 -59 -60 -62
9 9 8 9 8 7 3 -1 -1 -2 -0 1 0 2 3 3 2 0 -5 -10 -0 4 5 6 0 -23 -20 -16 -12 -10 -10 -9 -11 -17 -19 -20 -18 -15 -14 -14 -15 -16 -17 -18 -20 -23 -26 -28 -28 -29 -30 -31 -32 -31 -31 -33 -35 -36 -41 -40 -43 -46 -41 -45 -49 -43 -39 -37 -33 -29 -24 -19 -17 -17 -18 -17 -18 -17 -19 -21 -26 -27 -23 -29 -30 -30 -37 -49 -46 -50 -49 -50 -55 -59 -56 -51
9 10 10 9 8 4 0 -1 -2 -2 -1 -4 -1 -0 -1 1 0 -3 -12 -11 -1 8 8 5 -6 -18 -21 -16 -12 -11 -14 -18 -20 -23 -20 -18 -15 -15 -16 -15 -15 -15 -17 -20 -22 -24 -26 -27 -30 -31 -33 -33 -33 -33 -34 -32 -31 -35 -36 -34 -34 -42 -38 -37 -43 -47 -49 -45 -35 -24 -18 -16 -15 -13 -14 -15 -15 -15 -19 -28 -23 -21 -22 -25 -27 -34 -35 -42 -43 -49 -47 -55 -51 -43 -39 -40
12 11 9 6 3 0 0 -0 -1 -2 -2 -3 -3 -4 -3 -3 -5 -4 -12 -8 9 11 10 -2 -9 -17 -21 -20 -17 -18 -20 -19 -20 -17 -16 -16 -17 -18 -18 -16 -17 -16 -18 -20 -22 -25 -28 -30 -32 -32 -31 -31 -31 -31 -30 -31 -34 -34 -31 -28 -25 -26 -26 -25 -29 -34 -35 -30 -28 -24 -19 -18 -18 -18 -11 -12 -14 -16 -23 -20 -18 -19 -20 -22 -24 -26 -28 -28 -31 -34 -38 -42 -36 -35 -36 -39
11 10 8 4 3 3 1 -1 -1 1 -2 -3 -4 -6 -9 -8 -15 -21 -20 0 13 11 11 1 -19 -27 -27 -25 -20 -19 -17 -15 -14 -17 -18 -21 -21 -21 -21 -20 -18 -18 -18 -21 -24 -27 -31 -32 -32 -32 -36 -34 -32 -32 -34 -38 -41 -39 -34 -31 -31 -29 -28 -30 -30 -31 -30 -30 -31 -30 -32 -31 -27 -18 -13 -14 -15 -16 -16 -17 -18 -19 -19 -20 -21 -22 -25 -22 -23 -25 -27 -27 -29 -32 -34 -37
10 8 8 6 4 2 0 2 1 2 2 1 -1 -4 -9 -14 -17 -21 -16 11 15 14 6 -13 -25 -27 -27 -27 -20 -14 -11 -14 -16 -16 -21 -26 -27 -28 -30 -26 -23 -21 -20 -23 -26 -31 -34 -32 -30 -34 -35 -36 -34 -28 -36 -40 -43 -41 -40 -44 -41 -41 -42 -45 -44 -48 -49 -51 -50 -44 -44 -39 -32 -19 -17 -18 -16 -16 -16 -18 -18 -18 -19 -19 -20 -21 -22 -20 -19 -30 -24 -25 -27 -30 -33 -39
11 10 7 5 2 1 -0 2 4 4 3 2 0 -3 -5 -8 -13 -9 3 14 15 12 -8 -18 -23 -21 -17 -18 -8 -5 -2 -3 -11 -14 -24 -28 -36 -38 -37 -32 -28 -25 -24 -25 -29 -36 -42 -45 -40 -51 -46 -54 -57 -42 -38 -55 -50 -55 -62 -66 -66 -59 -62 -54 -56 -57 -61 -61 -59 -61 -58 -44 -31 -27 -22 -18 -15 -16 -17 -18 -19 -19 -19 -19 -18 -18 -19 -17 -16 -21 -15 -18 -22 -22 -25 -25
11 10 7 3 -0 -1 3 5 7 6 6 5 0 -2 -3 -4 -3 1 5 10 11 14 6 -2 -5 -3 -5 -4 -5 -4 -4 -3 -6 -12 -22 -34 -44 -45 -49 -44 -39 -42 -36 -41 -44 -49 -57 -62 -54 -55 -54 -70 -63 -63 -66 -67 -67 -64 -68 -66 -70 -69 -66 -69 -64 -68 -70 -66 -64 -56 -60 -60 -43 -38 -28 -22 -18 -17 -17 -18 -18 -19 -19 -18 -17 -17 -19 -17 -13 -16 -8 -16 -19 -19 -20 -20
9 8 7 3 -2 -2 5 8 8 8 7 4 2 -0 -4 -7 -7 -8 -4 -7 1 -2 -6 -5 -2 -1 -5 -4 -8 -13 -12 -17 -23 -19 -28 -43 -56 -54 -62 -59 -56 -55 -56 -51 -70 -67 -57 -53 -59 -68 -71 -75 -71 -75 -77 -59 -66 -76 -75 -69 -72 -78 -78 -76 -73 -68 -59 -56 -59 -62 -54 -50 -39 -36 -31 -23 -20 -18 -17 -17 -17 -17 -20 -20 -19 -18 -18 -12 -10 -8 -6 -12 -16 -17 -18 -18
2 4 5 3 -0 2 7 8 9 7 7 6 0 -6 -12 -17 -19 -22 -24 -20 -15 -9 -1 -3 -6 -6 -2 -6 -3 -9 -23 -32 -38 -21 -43 -59 -64 -70 -69 -67 -57 -53 -61 -55 -53 -61 -76 -67 -83 -83 -79 -79 -79 -76 -73 -75 -86 -86 -83 -83 -80 -76 -73 -71 -65 -63 -69 -56 -57 -54 -46 -37 -32 -27 -26 -23 -20 -19 -18 -17 -17 -21 -26 -25 -21 -14 -12 -11 -8 -6 -7 -10 -13 -16 -16 -17
3 8 8 4 2 8 9 10 9 8 7 3 -5 -12 -22 -26 -32 -29 -21 -5 -5 -4 -13 -16 -9 -5 -3 -17 -28 -34 -34 -49 -34 -48 -61 -50 -68 -74 -70 -64 -70 -73 -91 -74 -67 -82 -80 -85 -93 -97 -101 -97 -102 -93 -89 -92 -90 -82 -72 -73 -71 -69 -68 -74 -68 -70 -56 -50 -46 -45 -39 -34 -29 -27 -24 -22 -20 -20 -18 -17 -18 -23 -23 -20 -14 -13 -10 -9 -8 -8 -7 -9 -12 -15 -16 -16
8 10 5 6 9 11 11 10 9 8 3 -9 -17 -21 -31 -34 -22 -8 -9 -10 -13 -14 -18 -28 -32 -21 -34 -27 -44 -61 -53 -64 -57 -37 -53 -66 -77 -79 -71 -74 -96 -88 -84 -79 -62 -74 -83 -74 -88 -91 -90 -84 -89 -79 -82 -78 -74 -72 -80 -77 -67 -63 -61 -70 -64 -66 -65 -46 -41 -39 -37 -34 -30 -27 -25 -23 -21 -19 -18 -19 -18 -19 -17 -13 -12 -12 -11 -9 -9 -8 -8 -9 -11 -14 -15 -16
12 10 10 8 10 12 10 10 10 4 -6 -11 -25 -30 -31 -12 -16 -17 -21 -29 -34 -17 -29 -34 -42 -51 -73 -59 -68 -67 -54 -43 -35 -56 -64 -81 -76 -72 -74 -65 -92 -87 -70 -55 -64 -58 -62 -66 -76 -81 -83 -81 -75 -69 -72 -65 -60 -50 -61 -63 -56 -57 -56 -59 -55 -56 -63 -41 -38 -34 -33 -29 -28 -27 -23 -22 -21 -18 -17 -16 -15 -13 -15 -16 -15 -12 -11 -10 -11 -8 -8 -9 -10 -12 -14 -15
13 12 9 10 10 11 11 11 7 -3 -6 -22 -34 -40 -17 -11 -22 -29 -34 -49 -47 -49 -54 -65 -99 -78 -89 -65 -74 -59 -80 -69 -62 -61 -76 -72 -76 -72 -70 -66 -61 -54 -44 -37 -50 -53 -71 -69 -75 -77 -75 -76 -70 -68 -60 -61 -54 -52 -48 -47 -46 -49 -51 -48 -49 -46 -47 -49 -48 -37 -30 -27 -24 -22 -20 -20 -20 -19 -17 -14 -14 -14 -16 -16 -15 -15 -13 -11 -10 -8 -8 -8 -10 -12 -13 -15
13 10 6 7 6 11 10 10 1 -4 -10 -24 -33 -8 -3 -9 -22 -28 -47 -52 -67 -72 -84 -98 -73 -75 -80 -52 -60 -32 -67 -58 -60 -69 -78 -86 -73 -72 -65 -92 -72 -54 -37 -26 -45 -58 -64 -66 -66 -66 -63 -67 -57 -43 -31 -41 -55 -59 -62 -58 -46 -52 -56 -60 -54 -50 -39 -51 -47 -32 -26 -24 -24 -23 -21 -18 -17 -16 -15 -14 -14 -14 -14 -14 -14 -14 -15 -12 -10 -8 -7 -9 -10 -11 -12 -15
9 7 -0 0 9 11 10 8 1 -7 -22 -27 -1 -2 -26 -42 -54 -37 -53 -53 -46 -56 -62 -58 -68 -51 -51 -32 -18 -25 -21 -35 -17 -55 -58 -53 -47 -43 -58 -70 -51 -52 -22 -31 -46 -53 -54 -58 -53 -47 -54 -47 -29 -19 2 -12 -28 -28 -44 -42 -42 -28 -25 -34 -39 -36 -29 -27 -26 -24 -28 -26 -26 -22 -20 -20 -16 -14 -13 -12 -12 -13 -15 -16 -15 -17 -17 -14 -9 -9 -10 -9 -9 -9 -10 -13
10 4 -4 2 13 9 7 7 -1 -18 -20 -9 -13 -20 -26 -34 -49 -71 -45 -63 -83 -98 -93 -101 -75 -20 -33 -17 2 -1 -15 -4 -12 -32 -40 -47 -47 -44 -49 -65 -35 -30 -19 -29 -37 -40 -36 -31 -20 -28 -37 -12 8 14 18 21 17 3 -11 -14 -20 -17 -10 -13 -20 -24 -28 -21 -27 -22 -15 -16 -18 -19 -20 -19 -17 -15 -10 -9 -9 -11 -11 -13 -15 -17 -15 -13 -10 -8 -8 -8 -9 -9 -9 -12
6 2 -1 8 12 9 8 8 -5 -19 -12 -8 -11 -30 -48 -49 -54 -86 -83 -88 -94 -89 -94 -86 -45 -31 -11 1 1 7 -2 0 -12 -20 -30 -27 -28 -25 -47 -34 -31 -12 -19 -35 -36 -38 -28 -16 -11 2 10 16 20 23 27 29 28 28 12 -5 -14 -6 -10 -10 -12 -8 -11 -10 -8 -11 -9 -18 -20 -18 -17 -17 -14 -14 -11 -8 -6 -7 -8 -10 -11 -12 -11 -10 -8 -7 -6 -7 -8 -8 -9 -11
7 7 -2 2 11 13 10 6 3 -6 -3 -9 -29 -36 -38 -53 -80 -76 -69 -47 -54 -45 -54 -54 -32 -13 -8 -5 -2 2 6 7 4 -3 -8 -12 -12 -23 -21 -19 -8 -20 -29 -21 -4 -1 8 10 7 11 16 21 24 28 30 32 35 38 34 24 0 -4 -11 -18 -12 -10 -6 -11 -20 -16 -7 -7 -14 -17 -18 -16 -15 -11 -8 -7 -8 -7 -8 -8 -8 -9 -10 -9 -9 -8 -6 -6 -8 -9 -9 -10
3 8 -3 -0 10 10 5 1 -2 -2 -15 -12 -29 -23 -42 -59 -58 -76 -82 -85 -81 -66 -31 -29 -9 -5 -5 -7 -5 2 10 12 9 8 5 1 -2 -6 -5 5 1 -6 -14 -4 14 21 22 21 18 19 22 25 27 30 33 -9999 -9999 53 54 26 15 10 -25 -18 -10 -6 -13 7 1 1 -3 -9 -15 -17 -18 -16 -16 -10 -6 -8 -23 -19 -13 -10 -9 -9 -10 -10 -9 -10 -8 -7 -7 -9 -10 -10
-8 -0 -6 -10 9 8 2 -4 -9 -12 -25 -31 -24 -42 -62 -55 -78 -81 -90 -72 -47 -25 -10 -2 -2 0 -0 -1 1 7 12 13 10 8 6 4 3 2 2 4 6 12 16 18 19 22 27 28 26 24 26 26 -9999 -9999 -9999 -9999 -9999 53 47 42 18 14 15 -11 -9 -6 -3 6 6 2 -4 -8 -11 -17 -17 -14 -11 -9 -9 -17 -21 -14 -15 -17 -13 -11 -10 -10 -10 -10 -7 -7 -7 -9 -11 -11
-2 -10 -19 -5 10 10 1 -8 -6 -19 -24 -28 -62 -55 -52 -74 -71 -75 -82 -54 -19 -6 -2 2 4 5 5 5 7 10 13 13 11 8 6 4 3 2 4 6 8 12 17 20 23 26 26 30 29 30 -9999 -9999 -9999 -9999 -9999 -9999 -9999 55 46 42 49 26 -9999 31 -3 -26 -12 3 4 1 -4 -5 -12 -18 -18 -13 -9 -7 -6 -7 -8 -12 -12 -12 -13 -11 -9 -9 -8 -8 -7 -7 -7 -8 -11 -10
-16 -16 -16 -6 7 14 8 4 -21 -34 -15 -51 -54 -73 -78 -71 -65 -59 -39 -21 -2 3 5 6 7 8 10 11 12 15 15 12 12 9 6 5 3 3 4 6 9 13 16 20 23 25 28 30 30 30 30 -9999 -9999 -9999 -9999 -9999 -9999 55 52 44 48 38 48 44 35 -4 -8 -11 -6 -4 -3 -7 -10 -11 -9 -12 -12 -16 -10 -5 -5 -9 -10 -8 -9 -9 -7 -6 -6 -6 -4 -4 -5 -8 -11 -10
-22 -20 -9 -1 4 17 3 -23 -34 -35 -25 -45 -64 -76 -83 -60 -59 -72 -47 -12 9 12 13 13 15 16 16 18 18 16 7 -0 0 4 3 4 5 4 5 8 10 13 16 19 22 24 26 28 29 30 31 32 -9999 -9999 -9999 -9999 -9999 -9999 55 53 51 54 45 42 33 4 -8 -8 -21 -21 -4 -6 -8 -7 -7 -10 -4 -11 -15 -9 -9 -10 -9 -11 -11 -13 -8 -6 -4 -2 -2 -1 -1 -2 -3 -3
-20 -14 -4 5 18 16 6 -4 -18 -32 -34 -39 -44 -58 -70 -50 -61 -62 -55 -5 15 18 19 19 19 18 19 22 21 11 -4 -10 -4 -4 -4 2 6 6 8 10 13 14 16 18 20 23 25 26 28 28 30 -9999 -9999 -9999 -9999 -9999 -9999 -9999 -9999 56 -9999 55 46 -9999 41 -7 -25 -9 -18 -26 -22 -12 -25 -20 -20 -11 -8 -11 -14 -13 -14 -14 -11 -10 -10 -15 -11 -13 -7 -3 -0 1 1 -0 -1 -2
-9 8 18 10 22 16 1 -15 -19 -29 -30 -37 -28 -38 -41 -46 -59 -74 -52 -20 12 21 23 24 19 20 20 17 10 4 -3 -4 -7 -5 -1 4 -0 5 7 10 14 16 17 16 19 22 24 25 25 26 -9999 -9999 -9999 -9999 -9999 -9999 -9999 -9999 -9999 -9999 -9999 -9999 50 -9999 -9999 32 -10 -12 -12 -19 -20 -24 -12 -20 -25 -25 -11 -23 -24 -24 -22 -24 -16 -12 -11 -18 -10 -11 -13 -14 -7 3 -5 -5 -4 -3
12 22 20 20 24 17 2 -6 -11 -20 -17 -19 -23 -26 -37 -47 -49 -55 -38 -20 12 24 27 28 24 27 27 20 25 41 18 20 12 8 4 8 -8 1 5 9 7 11 12 15 17 21 23 24 23 24 -9999 -9999 -9999 -9999 -9999 -9999 -9999 -9999 -9999 -9999 -9999 -9999 -9999 46 44 36 33 0 -16 -12 -15 -21 -12 -14 -23 -32 -22 -20 -26 -19 -31 -35 -30 -22 -13 -16 -14 -11 -10 -12 -4 -14 -7 -7 -10 -6
19 24 23 26 27 24 14 -0 -9 -15 -13 -4 -18 -28 -30 -46 -52 -41 -43 -28 -7 -0 -8 9 24 32 46 -9999 -9999 -9999 -9999 36 42 34 34 37 27 1 -8 -0 1 11 13 11 13 18 20 21 22 21 22 -9999 -9999 -9999 -9999 -9999 -9999 -9999 -9999 -9999 -9999 -9999 -9999 46 46 45 40 37 28 8 4 -3 -9 -15 -23 -24 -29 -27 -19 -26 -30 -32 -23 -19 -26 -32 -26 -28 -24 -17 -10 -11 -16 -21 -17 -11
27 25 25 26 30 29 22 4 -7 -11 -11 -0 -0 -6 -19 -26 -26 -20 -14 -26 -35 -5 -5 24 47 52 -9999 -9999 -9999 -9999 -9999 -9999 -9999 63 50 57 39 16 22 9 5 7 11 13 13 12 15 18 20 21 23 25 -9999 -9999 -9999 -9999 -9999 -9999 -9999 -9999 -9999 -9999 -9999 -9999 -9999 43 44 38 35 30 19 24 18 9 -18 -22 -25 -28 -35 -32 -17 -26 -27 -17 -15 -23 -31 -24 -30 -36 -29 -24 -18 -22 -29 -23
30 31 32 32 32 31 25 17 10 8 11 14 8 -6 -10 -10 2 11 23 26 18 38 41 58 60 -9999 -9999 -9999 -9999 -9999 -9999 -9999 -9999 -9999 -9999 -9999 55 47 36 34 31 35 32 27 24 17 9 15 18 21 23 27 30 33 36 -9999 -9999 -9999 -9999 -9999 -9999 -9999 -9999 -9999 -9999 -9999 43 42 43 39 38 36 30 23 12 -17 -10 -19 -32 -27 -29 -23 -36 -26 -15 -14 -24 -33 -31 -31 -33 -28 -29 -21 -23 -17
33 35 36 37 34 30 26 22 19 17 23 20 17 8 4 5 4 8 30 52 48 57 65 -9999 -9999 -9999 -9999 -9999 -9999 -9999 -9999 -9999 -9999 -9999 -9999 -9999 -9999 54 50 46 46 43 42 39 33 15 18 13 13 16 25 30 31 34 36 38 -9999 -9999 -9999 -9999 -9999 -9999 -9999 -9999 -9999 -9999 -9999 45 50 49 49 46 39 32 15 22 8 -6 -12 -15 -28 -19 -4 -14 -25 -29 -22 -31 -26 -26 -25 -23 -26 -30 -27 -22
36 38 39 39 37 35 32 29 27 25 25 28 28 28 26 32 39 46 52 -9999 -9999 -9999 -9999 -9999 -9999 -9999 -9999 -9999 -9999 -9999 -9999 -9999 -9999 -9999 -9999 -9999 -9999 60 55 53 50 46 45 40 32 29 20 19 22 20 25 27 32 35 37 38 42 48 -9999 -9999 -9999 -9999 -9999 -9999 -9999 -9999 -9999 -9999 -9999 -9999 55 52 47 50 45 37 36 13 6 -4 -18 -25 2 -22 -9 -29 -30 -23 -16 -23 -29 -27 -23 -28 -34 -35
-9999 39 40 40 40 39 38 35 32 33 31 36 40 45 49 47 51 50 -9999 -9999 -9999 -9999 -9999 -9999 -9999 -9999 -9999 -9999 -9999 -9999 -9999 -9999 -9999 -9999 -9999 76 -9999 -9999 59 54 52 47 48 43 37 32 28 24 23 28 27 28 26 35 35 41 46 50 52 -9999 -9999 -9999 -9999 -9999 -9999 -9999 -9999 -9999 -9999 -9999 -9999 -9999 64 70 68 58 48 39 22 30 17 12 11 0 -9 -17 -26 -31 -20 -24 -29 -31 -36 -29 -36 -37
