resultados/variables_proyeccion_tiempo/variables_futuro_ccsm_A1B/bio6.asc
ncols 330
nrows 228
xllcorner -12.000000
yllcorner 34.000000
cellsize 0.166667
NODATA_value -9999
[rows 172 to 214 of 228, columns 0 to 95 of 330]
-9999 -9999 -9999 -9999 -9999 -9999 -9999 -9999 -9999 -9999 -9999 -9999 -9999 -9999 -9999 -9999 -9999 89 85 82 76 75 75 62 50 52 50 46 43 32 38 23 27 31 27 23 30 40 34 30 23 22 2 9 32 44 51 59 60 49 46 57 56 65 72 73 62 64 65 70 62 48 40 32 33 32 30 26 24 22 19 15 17 17 14 15 17 18 21 22 23 26 26 29 34 34 38 42 44 46 46 46 46 45 -9999 -9999
-9999 -9999 -9999 -9999 -9999 -9999 -9999 -9999 -9999 -9999 -9999 -9999 -9999 -9999 -9999 -9999 88 83 76 70 64 64 60 53 47 48 48 42 32 27 32 15 13 -5 -3 -12 3 5 -2 -10 -6 -7 -16 -10 13 -3 11 27 28 25 20 29 45 51 53 42 48 53 50 50 29 24 20 8 10 1 14 6 1 2 2 7 3 5 5 11 14 18 17 18 21 23 25 26 30 34 30 37 43 48 49 -9999 -9999 -9999 -9999 -9999
-9999 -9999 -9999 -9999 -9999 -9999 -9999 -9999 -9999 -9999 -9999 -9999 -9999 -9999 -9999 -9999 92 77 74 73 70 63 60 56 47 42 44 43 29 29 19 2 -1 -11 -15 -19 -14 -13 -11 -14 -7 -7 -10 -21 -11 -3 5 13 16 23 28 32 28 30 31 38 37 26 26 20 14 22 15 3 -3 -9 -17 -35 -21 -36 -45 -24 -47 -35 -19 -10 -10 -9 1 7 -1 11 8 18 21 31 25 31 41 48 54 -9999 -9999 -9999 -9999 -9999
-9999 -9999 -9999 -9999 -9999 -9999 -9999 -9999 -9999 -9999 -9999 -9999 -9999 -9999 -9999 -9999 -9999 88 82 78 75 68 59 51 41 41 37 36 19 14 4 9 13 -2 -12 -9 -4 -3 1 2 2 -0 -0 -1 3 6 10 11 13 16 14 27 25 30 36 33 22 20 15 15 16 21 15 13 8 0 -7 -18 -37 -51 -54 -62 -60 -50 -47 -32 -24 -46 -40 -28 -29 -14 -9 -10 -1 10 27 42 51 58 59 -9999 -9999 -9999 -9999 -9999
-9999 -9999 -9999 -9999 -9999 -9999 -9999 -9999 -9999 -9999 -9999 -9999 -9999 -9999 -9999 -9999 -9999 94 86 86 74 54 44 42 34 40 39 38 19 7 15 26 22 8 -2 2 4 4 8 9 8 6 2 5 6 9 10 10 8 9 15 23 24 26 35 29 20 22 25 26 28 23 11 13 12 6 4 1 -8 -16 -24 -29 -27 -36 -43 -48 -47 -53 -32 -26 -52 -39 -40 -43 -22 -3 20 31 51 59 60 -9999 -9999 -9999 -9999 -9999
-9999 -9999 -9999 -9999 -9999 -9999 -9999 -9999 -9999 -9999 -9999 -9999 -9999 -9999 -9999 -9999 -9999 -9999 95 84 78 50 45 48 44 36 33 27 28 20 16 9 -7 -16 -2 6 9 8 10 10 8 9 5 7 8 10 12 13 10 12 11 10 12 14 21 28 22 27 28 29 28 27 24 20 10 3 -3 0 -4 -4 -14 -13 -2 -5 -12 -21 -15 -26 -17 -21 -5 -26 -22 -2 -28 -32 -7 26 41 49 56 69 -9999 -9999 -9999 -9999
-9999 -9999 -9999 -9999 -9999 -9999 -9999 -9999 -9999 -9999 -9999 -9999 -9999 -9999 -9999 -9999 -9999 -9999 92 84 74 58 43 50 42 36 24 10 6 14 -8 -19 -13 -11 -3 7 10 11 12 8 10 10 9 7 8 9 10 9 11 11 7 -1 -13 -14 -8 1 -3 -2 3 18 27 30 25 24 21 16 9 13 8 0 -8 -6 1 4 4 -1 -0 3 -5 -3 7 -14 -8 -2 10 16 31 41 51 63 69 62 -9999 -9999 -9999 -9999
-9999 -9999 -9999 -9999 -9999 -9999 -9999 -9999 -9999 -9999 -9999 -9999 -9999 -9999 -9999 -9999 -9999 -9999 71 78 79 64 44 31 32 32 27 17 12 8 -10 -9 2 2 7 10 11 13 13 12 13 11 10 10 7 5 9 9 10 9 5 4 -2 -14 -16 -21 -22 -16 -11 -0 15 25 29 22 26 24 20 22 19 19 15 15 15 12 4 6 6 12 11 20 15 16 16 33 31 33 31 46 56 66 73 74 -9999 -9999 -9999 -9999
-9999 -9999 -9999 -9999 -9999 -9999 -9999 -9999 -9999 -9999 -9999 -9999 -9999 -9999 -9999 -9999 -9999 -9999 82 79 61 58 36 36 25 22 27 32 22 17 10 8 10 7 6 8 12 13 14 14 13 13 11 8 7 7 6 6 7 7 4 -1 0 -5 -13 -11 -10 -10 -14 -5 3 13 21 31 32 22 17 27 20 24 24 20 22 21 15 15 14 20 30 34 30 35 43 47 41 45 41 50 64 64 73 75 -9999 -9999 -9999 -9999
-9999 -9999 -9999 -9999 -9999 -9999 -9999 -9999 -9999 -9999 -9999 -9999 -9999 -9999 -9999 -9999 -9999 -9999 82 72 69 60 43 32 27 25 31 32 27 27 13 17 16 11 10 9 12 14 15 14 13 10 10 12 12 9 7 7 11 10 9 7 4 -0 -4 -6 -5 -3 -7 -9 -17 -13 8 23 32 34 32 30 20 19 27 28 30 27 27 24 31 36 40 39 38 39 53 58 47 47 44 64 70 68 76 -9999 -9999 -9999 -9999 -9999
-9999 -9999 -9999 -9999 -9999 -9999 -9999 -9999 -9999 -9999 -9999 -9999 -9999 -9999 -9999 -9999 -9999 -9999 -9999 75 70 65 55 40 33 35 31 30 40 35 21 20 22 15 14 14 15 16 16 14 14 14 14 18 14 11 10 9 9 9 8 6 7 6 3 2 -3 -3 -4 -7 -10 -6 11 21 27 24 30 35 34 29 24 26 28 32 31 33 35 40 40 37 38 53 56 65 68 74 72 69 74 -9999 -9999 -9999 -9999 -9999 -9999 -9999
-9999 -9999 -9999 -9999 -9999 -9999 -9999 -9999 -9999 -9999 -9999 -9999 -9999 -9999 -9999 -9999 -9999 -9999 -9999 76 69 63 55 45 46 26 28 36 40 34 28 29 22 20 17 15 15 16 14 15 16 17 16 17 14 12 11 10 7 0 4 4 1 -2 -1 -1 -1 -4 -1 -1 -0 6 9 11 20 18 16 29 38 38 32 32 35 34 38 34 32 33 38 46 45 56 71 73 83 83 -9999 -9999 -9999 -9999 -9999 -9999 -9999 -9999 -9999 -9999
-9999 -9999 -9999 -9999 -9999 -9999 -9999 -9999 -9999 -9999 -9999 -9999 -9999 -9999 -9999 -9999 -9999 -9999 -9999 74 68 59 56 52 35 42 40 38 31 41 36 27 24 22 18 16 12 11 11 14 15 16 16 15 15 15 14 11 10 5 2 -15 -14 -14 -5 -4 -7 -6 2 3 3 6 4 -4 1 4 12 23 34 40 42 44 43 40 40 46 39 35 46 69 70 77 79 77 88 -9999 -9999 -9999 -9999 -9999 -9999 -9999 -9999 -9999 -9999 -9999
-9999 -9999 -9999 -9999 -9999 -9999 -9999 -9999 -9999 -9999 -9999 -9999 -9999 -9999 -9999 -9999 -9999 -9999 -9999 -9999 67 64 56 47 38 43 40 36 42 45 39 34 24 20 17 17 16 14 12 12 14 14 14 13 12 13 12 9 0 -8 -8 -10 -4 -2 2 1 -6 -9 -15 -14 -12 -9 -9 -5 -8 -8 6 11 24 30 37 38 38 41 40 54 52 55 73 80 84 -9999 -9999 -9999 -9999 -9999 -9999 -9999 -9999 -9999 -9999 -9999 -9999 -9999 -9999 -9999
-9999 -9999 -9999 -9999 -9999 -9999 -9999 -9999 -9999 -9999 -9999 -9999 -9999 -9999 -9999 -9999 -9999 -9999 -9999 77 69 57 48 41 36 31 34 31 37 40 36 31 26 22 20 17 16 14 14 14 12 9 10 11 9 8 10 3 -16 -5 10 11 12 13 10 1 -3 -8 -9 -15 -13 -13 -11 -9 -7 -13 -4 9 15 19 32 30 34 35 47 53 61 65 -9999 -9999 -9999 -9999 -9999 -9999 -9999 -9999 -9999 -9999 -9999 -9999 -9999 -9999 -9999 -9999 -9999 -9999
-9999 -9999 -9999 -9999 -9999 -9999 -9999 -9999 -9999 -9999 -9999 -9999 -9999 -9999 -9999 -9999 -9999 -9999 -9999 78 74 61 51 52 46 44 41 37 40 38 33 32 27 24 21 17 13 11 13 12 9 2 1 2 2 -2 -4 -7 -5 11 22 19 19 16 7 5 4 -1 -11 -14 -16 -17 -17 -6 -11 -13 -10 -6 2 13 25 21 17 22 56 70 76 79 -9999 -9999 -9999 -9999 -9999 -9999 -9999 -9999 -9999 -9999 -9999 -9999 -9999 -9999 -9999 -9999 -9999 -9999
-9999 -9999 -9999 -9999 -9999 -9999 -9999 -9999 -9999 -9999 -9999 -9999 -9999 -9999 -9999 -9999 -9999 -9999 -9999 80 76 70 52 53 55 52 49 39 35 33 32 32 32 25 12 13 15 13 12 5 -3 -10 -6 -5 -2 -3 -2 14 18 26 28 25 24 16 10 9 4 -3 -9 -17 -23 -27 -23 -12 -3 -4 -8 -8 -9 -1 18 18 31 53 66 67 78 -9999 -9999 -9999 -9999 -9999 -9999 -9999 -9999 -9999 -9999 -9999 -9999 -9999 -9999 -9999 -9999 -9999 -9999 -9999
-9999 -9999 -9999 -9999 -9999 -9999 -9999 -9999 -9999 -9999 -9999 -9999 -9999 -9999 -9999 -9999 -9999 -9999 -9999 80 76 70 64 64 59 50 24 38 39 36 32 31 28 22 24 29 22 9 6 -2 -16 -17 -10 -1 5 21 20 28 29 30 29 28 18 17 14 17 10 8 -3 -13 -23 -28 -22 -12 3 5 -8 -12 -21 -9 16 27 50 61 75 -9999 -9999 -9999 -9999 -9999 -9999 -9999 -9999 -9999 -9999 -9999 -9999 -9999 -9999 -9999 -9999 -9999 -9999 -9999 -9999 -9999
-9999 -9999 -9999 -9999 -9999 -9999 -9999 -9999 -9999 -9999 -9999 -9999 -9999 -9999 -9999 -9999 -9999 -9999 82 81 78 71 67 64 53 43 38 53 50 40 37 31 36 38 42 42 20 -2 -11 -8 -14 9 12 25 21 26 33 30 30 30 32 27 22 21 19 13 8 3 -4 -11 -20 -24 -21 -14 2 8 6 11 3 10 29 52 62 72 80 -9999 -9999 -9999 -9999 -9999 -9999 -9999 -9999 -9999 -9999 -9999 -9999 -9999 -9999 -9999 -9999 -9999 -9999 -9999 -9999 -9999
-9999 -9999 -9999 -9999 -9999 -9999 -9999 -9999 -9999 -9999 -9999 -9999 -9999 -9999 -9999 -9999 -9999 -9999 86 84 79 71 60 55 51 54 52 56 57 54 54 55 54 49 50 46 32 29 37 42 42 38 34 27 35 35 30 31 31 31 32 26 25 23 15 9 3 -0 -1 -5 -13 -11 -6 -6 13 -12 -4 20 33 39 57 69 74 -9999 -9999 -9999 -9999 -9999 -9999 -9999 -9999 -9999 -9999 -9999 -9999 -9999 -9999 -9999 -9999 -9999 -9999 -9999 -9999 -9999 90 91
-9999 -9999 -9999 -9999 -9999 -9999 -9999 -9999 -9999 -9999 -9999 -9999 -9999 -9999 -9999 -9999 -9999 -9999 89 83 77 71 64 62 54 60 65 63 64 61 59 58 57 55 50 48 52 51 48 46 42 40 39 36 36 33 33 32 33 31 25 22 20 17 14 11 9 4 3 -2 -1 2 -2 5 14 15 5 16 43 48 70 85 85 -9999 -9999 -9999 -9999 -9999 -9999 -9999 -9999 -9999 -9999 -9999 -9999 -9999 -9999 -9999 79 67 86 82 -9999 -9999 -9999 90
-9999 -9999 -9999 -9999 -9999 -9999 -9999 -9999 -9999 -9999 -9999 -9999 -9999 -9999 -9999 -9999 -9999 91 89 83 78 77 73 69 65 70 71 70 68 64 63 59 58 55 53 51 48 44 42 40 38 37 32 29 28 29 25 23 22 24 25 23 21 19 16 13 12 9 11 3 3 7 13 12 16 30 37 46 52 65 80 88 -9999 -9999 -9999 -9999 -9999 -9999 -9999 -9999 -9999 -9999 -9999 -9999 -9999 -9999 -9999 67 67 75 86 82 83 -9999 -9999 -9999
-9999 -9999 -9999 -9999 -9999 -9999 -9999 -9999 -9999 -9999 -9999 -9999 -9999 -9999 -9999 -9999 -9999 93 87 76 80 84 78 74 75 77 75 71 68 65 63 58 56 57 55 53 48 43 37 25 25 30 22 19 15 14 15 15 18 20 22 22 23 22 18 17 14 14 14 14 13 13 20 19 24 24 39 64 77 83 88 -9999 -9999 -9999 -9999 -9999 -9999 -9999 -9999 -9999 -9999 -9999 -9999 -9999 -9999 -9999 78 77 82 79 82 83 87 -9999 -9999 -9999
-9999 -9999 -9999 -9999 -9999 -9999 -9999 -9999 -9999 -9999 -9999 -9999 -9999 -9999 -9999 102 98 95 87 87 90 87 84 82 78 77 74 68 65 62 61 59 57 55 53 51 46 38 34 27 34 35 36 30 24 19 21 12 13 18 19 24 25 24 24 22 21 20 17 19 20 22 27 34 38 36 39 61 77 88 90 -9999 -9999 -9999 -9999 -9999 -9999 -9999 -9999 -9999 -9999 -9999 -9999 -9999 -9999 -9999 87 85 82 83 85 84 -9999 -9999 -9999 -9999
-9999 -9999 -9999 -9999 -9999 -9999 -9999 -9999 -9999 -9999 -9999 -9999 -9999 -9999 -9999 -9999 96 92 93 93 92 87 84 83 81 80 77 70 66 64 61 59 56 54 51 48 49 50 48 45 42 42 33 32 29 25 27 18 20 18 20 26 26 26 26 24 22 22 23 24 26 28 30 33 37 44 41 56 75 86 88 -9999 -9999 -9999 -9999 -9999 -9999 -9999 -9999 -9999 -9999 -9999 -9999 -9999 -9999 -9999 -9999 -9999 -9999 -9999 87 -9999 -9999 -9999 -9999 -9999
-9999 -9999 -9999 -9999 -9999 -9999 -9999 -9999 -9999 -9999 -9999 -9999 -9999 -9999 -9999 97 93 90 96 96 92 89 87 86 84 81 77 73 69 65 62 60 58 57 54 55 56 54 51 48 44 39 35 30 30 25 26 24 26 27 28 28 27 26 22 19 18 18 23 27 29 31 29 24 20 36 34 59 77 80 81 -9999 -9999 -9999 -9999 -9999 -9999 -9999 -9999 80 81 81 -9999 -9999 -9999 -9999 -9999 -9999 -9999 90 -9999 -9999 -9999 -9999 -9999 -9999
-9999 -9999 -9999 -9999 -9999 -9999 -9999 -9999 -9999 -9999 -9999 -9999 -9999 -9999 -9999 89 86 91 99 96 93 92 90 86 83 79 74 72 66 66 62 61 60 59 58 57 55 52 49 47 44 39 37 34 30 32 28 28 28 28 27 28 27 23 18 16 13 13 21 28 31 27 22 21 27 33 32 53 65 69 69 85 86 -9999 -9999 -9999 -9999 -9999 -9999 84 85 88 -9999 -9999 -9999 -9999 -9999 -9999 -9999 -9999 -9999 -9999 -9999 -9999 -9999 -9999
-9999 -9999 -9999 -9999 -9999 -9999 -9999 -9999 -9999 -9999 -9999 -9999 -9999 -9999 -9999 89 89 98 98 96 93 90 86 82 80 78 72 70 70 66 62 60 59 56 56 52 48 46 46 41 39 43 41 40 35 28 29 27 25 30 30 29 27 25 20 16 17 14 13 18 25 25 26 27 32 33 44 43 43 54 51 62 79 84 -9999 -9999 -9999 -9999 -9999 -9999 91 87 -9999 -9999 -9999 -9999 -9999 -9999 -9999 -9999 -9999 -9999 -9999 -9999 -9999 -9999
-9999 -9999 -9999 -9999 -9999 -9999 -9999 -9999 -9999 -9999 -9999 -9999 -9999 -9999 -9999 -9999 97 99 98 98 93 89 83 79 79 79 75 73 72 64 58 56 54 53 52 49 44 43 39 41 42 41 41 40 33 28 30 32 33 31 29 29 27 26 22 26 18 3 9 19 29 35 38 36 35 41 46 40 40 45 57 77 80 -9999 -9999 -9999 -9999 -9999 -9999 -9999 89 -9999 -9999 -9999 -9999 -9999 -9999 -9999 -9999 -9999 -9999 -9999 -9999 -9999 -9999 -9999
-9999 -9999 -9999 -9999 -9999 -9999 -9999 -9999 -9999 -9999 -9999 -9999 -9999 -9999 -9999 -9999 95 95 100 98 95 91 86 82 79 78 76 75 72 66 58 51 50 48 46 47 44 41 40 38 38 37 37 37 36 32 31 30 40 31 26 33 37 33 35 32 21 9 27 33 41 46 48 45 44 41 48 59 68 78 85 -9999 -9999 -9999 -9999 -9999 -9999 -9999 -9999 -9999 -9999 -9999 -9999 -9999 -9999 -9999 -9999 -9999 -9999 -9999 -9999 -9999 -9999 -9999 -9999 -9999
-9999 -9999 -9999 -9999 -9999 -9999 -9999 -9999 -9999 -9999 -9999 -9999 -9999 -9999 -9999 -9999 -9999 -9999 -9999 95 92 91 88 83 78 74 74 76 73 68 62 56 52 49 45 42 40 43 43 38 39 37 38 37 37 38 41 43 49 50 50 53 45 43 39 27 8 13 20 16 32 52 54 55 50 53 60 73 80 -9999 -9999 -9999 -9999 -9999 -9999 -9999 -9999 -9999 -9999 -9999 -9999 -9999 -9999 -9999 -9999 -9999 -9999 -9999 -9999 -9999 -9999 -9999 -9999 -9999 -9999 -9999
-9999 -9999 -9999 -9999 -9999 -9999 -9999 -9999 -9999 -9999 -9999 -9999 -9999 -9999 -9999 -9999 -9999 -9999 -9999 95 88 90 87 82 78 78 79 74 73 67 61 56 46 44 41 48 46 41 45 49 44 39 43 47 50 59 60 63 64 65 62 52 50 49 19 10 -4 -1 6 16 30 44 50 54 64 66 73 78 81 -9999 -9999 -9999 -9999 -9999 -9999 -9999 -9999 -9999 -9999 -9999 -9999 -9999 -9999 -9999 -9999 -9999 -9999 -9999 -9999 -9999 -9999 -9999 -9999 -9999 -9999 -9999
-9999 -9999 -9999 -9999 -9999 -9999 -9999 -9999 -9999 -9999 -9999 -9999 -9999 -9999 -9999 -9999 -9999 -9999 100 94 91 91 87 82 78 79 79 75 74 68 60 53 51 54 52 49 52 47 43 50 56 54 55 61 65 64 66 66 68 69 64 61 60 49 15 -4 10 18 20 26 34 32 40 58 61 63 68 78 -9999 -9999 -9999 -9999 -9999 -9999 -9999 -9999 -9999 -9999 -9999 -9999 -9999 -9999 -9999 -9999 -9999 -9999 -9999 -9999 -9999 -9999 -9999 -9999 -9999 -9999 -9999 -9999
-9999 -9999 -9999 -9999 -9999 -9999 -9999 -9999 -9999 -9999 -9999 -9999 -9999 -9999 -9999 -9999 -9999 -9999 -9999 94 91 88 84 80 81 81 80 80 78 74 72 70 62 59 61 58 63 62 61 66 69 68 65 65 66 66 67 64 52 58 39 24 45 45 24 33 35 29 22 27 46 53 56 66 65 72 79 82 -9999 -9999 -9999 -9999 -9999 -9999 -9999 -9999 -9999 -9999 -9999 -9999 -9999 -9999 -9999 -9999 -9999 -9999 -9999 -9999 -9999 -9999 -9999 -9999 -9999 -9999 -9999 -9999
-9999 -9999 -9999 -9999 -9999 -9999 -9999 -9999 -9999 -9999 -9999 -9999 -9999 -9999 -9999 -9999 -9999 -9999 -9999 97 94 86 83 79 80 82 84 83 81 81 82 76 71 67 70 70 72 74 73 72 71 70 69 68 64 55 58 57 42 19 31 29 32 46 44 45 35 20 24 33 43 62 57 71 72 74 80 82 -9999 -9999 -9999 -9999 -9999 -9999 -9999 -9999 -9999 -9999 -9999 -9999 -9999 -9999 -9999 -9999 -9999 -9999 -9999 -9999 -9999 -9999 -9999 -9999 -9999 -9999 -9999 -9999
-9999 -9999 -9999 -9999 -9999 -9999 -9999 -9999 -9999 -9999 -9999 -9999 -9999 -9999 -9999 -9999 -9999 -9999 -9999 95 88 88 80 75 77 79 83 88 86 89 90 86 83 79 79 76 77 75 76 75 74 74 74 72 68 54 46 45 36 33 35 26 33 33 16 27 33 38 54 62 68 74 77 85 -9999 -9999 -9999 -9999 -9999 -9999 -9999 -9999 -9999 -9999 -9999 -9999 -9999 -9999 -9999 -9999 -9999 -9999 -9999 -9999 -9999 -9999 -9999 -9999 -9999 -9999 -9999 -9999 -9999 -9999 -9999 -9999
-9999 -9999 -9999 -9999 -9999 -9999 -9999 -9999 -9999 -9999 -9999 -9999 -9999 -9999 -9999 -9999 -9999 -9999 101 95 88 92 90 80 73 79 87 93 94 96 97 91 87 85 84 82 81 81 81 78 77 73 67 69 68 62 56 49 48 51 35 15 18 29 16 5 5 20 48 62 85 86 -9999 -9999 -9999 -9999 -9999 -9999 -9999 -9999 -9999 -9999 -9999 -9999 -9999 -9999 -9999 -9999 -9999 -9999 -9999 -9999 -9999 -9999 -9999 -9999 -9999 -9999 -9999 -9999 -9999 -9999 -9999 -9999 -9999 -9999
-9999 -9999 -9999 -9999 -9999 -9999 -9999 -9999 -9999 -9999 -9999 -9999 -9999 -9999 -9999 -9999 -9999 -9999 104 100 100 97 94 91 89 90 95 -9999 -9999 -9999 -9999 92 92 91 89 87 87 84 82 75 68 66 66 70 68 56 38 36 42 40 33 -25 -38 -8 2 33 54 63 60 75 83 -9999 -9999 -9999 -9999 -9999 -9999 -9999 -9999 -9999 -9999 -9999 -9999 -9999 -9999 -9999 -9999 -9999 -9999 -9999 -9999 -9999 -9999 -9999 -9999 -9999 -9999 -9999 -9999 -9999 -9999 -9999 -9999 -9999 -9999 -9999
-9999 -9999 -9999 -9999 -9999 -9999 -9999 -9999 -9999 -9999 -9999 -9999 -9999 -9999 -9999 -9999 -9999 -9999 -9999 -9999 -9999 -9999 -9999 -9999 96 -9999 -9999 -9999 -9999 -9999 -9999 -9999 -9999 93 92 90 87 85 82 74 64 54 66 72 65 56 60 45 31 26 44 24 24 50 36 26 62 84 82 91 95 -9999 -9999 -9999 -9999 -9999 -9999 -9999 -9999 -9999 -9999 -9999 -9999 -9999 -9999 -9999 -9999 -9999 -9999 -9999 -9999 -9999 -9999 -9999 -9999 -9999 -9999 -9999 -9999 -9999 -9999 -9999 -9999 -9999 89 88
-9999 -9999 -9999 -9999 -9999 -9999 -9999 -9999 -9999 -9999 -9999 -9999 -9999 -9999 -9999 -9999 -9999 -9999 -9999 -9999 -9999 -9999 -9999 -9999 -9999 -9999 -9999 -9999 -9999 -9999 -9999 -9999 -9999 95 94 92 90 87 82 55 55 42 59 92 94 88 84 88 70 64 76 64 62 68 85 92 99 -9999 101 95 -9999 -9999 -9999 -9999 -9999 -9999 -9999 -9999 -9999 -9999 -9999 -9999 -9999 -9999 -9999 -9999 -9999 -9999 -9999 -9999 -9999 -9999 -9999 -9999 -9999 -9999 -9999 -9999 103 99 99 94 90 87 84 83
-9999 -9999 -9999 -9999 -9999 -9999 -9999 -9999 -9999 -9999 -9999 -9999 -9999 -9999 -9999 -9999 -9999 -9999 -9999 -9999 -9999 -9999 -9999 -9999 -9999 -9999 -9999 -9999 -9999 -9999 -9999 -9999 -9999 96 101 99 95 89 78 66 68 59 77 89 90 106 -9999 -9999 -9999 -9999 -9999 -9999 -9999 -9999 -9999 -9999 -9999 -9999 -9999 -9999 -9999 -9999 -9999 -9999 -9999 -9999 -9999 -9999 -9999 -9999 -9999 -9999 -9999 -9999 -9999 -9999 -9999 -9999 -9999 -9999 100 97 98 95 94 97 98 104 103 100 93 79 69 72 71 73
-9999 -9999 -9999 -9999 -9999 -9999 -9999 -9999 -9999 -9999 -9999 -9999 -9999 -9999 -9999 -9999 -9999 -9999 -9999 -9999 -9999 -9999 -9999 -9999 -9999 -9999 -9999 -9999 -9999 -9999 -9999 -9999 -9999 -9999 107 102 97 97 83 95 89 100 106 -9999 -9999 -9999 -9999 -9999 -9999 -9999 -9999 -9999 -9999 -9999 -9999 -9999 -9999 -9999 -9999 -9999 -9999 -9999 -9999 -9999 -9999 -9999 -9999 -9999 -9999 -9999 -9999 -9999 -9999 -9999 -9999 -9999 93 88 89 91 80 83 73 68 69 65 86 89 74 50 50 54 54 56 58 55
-9999 -9999 -9999 -9999 -9999 -9999 -9999 -9999 -9999 -9999 -9999 -9999 -9999 -9999 -9999 -9999 -9999 -9999 -9999 -9999 -9999 -9999 -9999 -9999 -9999 -9999 -9999 -9999 -9999 -9999 -9999 -9999 -9999 -9999 -9999 104 102 98 89 102 105 -9999 -9999 -9999 -9999 -9999 -9999 -9999 -9999 -9999 -9999 -9999 -9999 -9999 -9999 -9999 -9999 -9999 -9999 -9999 -9999 -9999 -9999 -9999 -9999 -9999 -9999 -9999 -9999 -9999 -9999 -9999 -9999 -9999 103 97 87 81 84 86 84 83 82 77 80 76 77 72 57 40 48 51 52 46 46 50
