resultados/variables_proyeccion_tiempo/variables_futuro_ccsm_A1B/bio6.asc
ncols 330
nrows 228
xllcorner -12.000000
yllcorner 34.000000
cellsize 0.166667
NODATA_value -9999
[rows 43 to 85 of 228, columns 192 to 287 of 330]
-111 -108 -105 -101 -99 -97 -95 -94 -9999 -9999 -9999 -9999 -9999 -9999 -9999 -9999 -9999 -9999 -9999 -9999 -9999 -9999 -9999 -9999 -9999 -9999 -84 -86 -88 -88 -87 -87 -86 -88 -90 -92 -94 -97 -99 -99 -101 -103 -104 -106 -107 -109 -110 -112 -114 -111 -108 -107 -107 -108 -108 -108 -109 -109 -109 -111 -112 -112 -112 -112 -114 -113 -114 -113 -112 -110 -109 -108 -108 -108 -106 -107 -108 -106 -105 -104 -102 -101 -100 -99 -98 -94 -93 -91 -89 -88 -9999 -9999 -9999 -86 -9999 -9999
-109 -108 -104 -98 -96 -94 -93 -91 -89 -87 -9999 -9999 -9999 -9999 -9999 -9999 -9999 -9999 -9999 -9999 -9999 -9999 -9999 -9999 -9999 -84 -85 -88 -90 -90 -88 -87 -88 -88 -90 -92 -94 -96 -98 -99 -100 -102 -103 -104 -106 -108 -109 -108 -109 -109 -106 -106 -107 -107 -107 -108 -109 -109 -110 -111 -112 -112 -114 -112 -113 -114 -113 -112 -112 -110 -110 -109 -107 -107 -107 -108 -108 -107 -105 -103 -103 -102 -101 -100 -98 -96 -94 -92 -90 -89 -9999 -9999 -9999 -9999 -9999 -9999
-108 -107 -101 -99 -96 -92 -90 -88 -87 -86 -9999 -9999 -9999 -9999 -9999 -9999 -9999 -9999 -9999 -9999 -9999 -9999 -9999 -9999 -85 -85 -86 -88 -90 -90 -89 -88 -88 -89 -89 -92 -94 -95 -96 -97 -98 -100 -101 -103 -105 -106 -106 -104 -105 -106 -105 -106 -107 -108 -107 -107 -108 -107 -108 -108 -110 -110 -111 -113 -112 -111 -110 -110 -109 -108 -108 -108 -108 -107 -109 -108 -106 -105 -104 -104 -103 -102 -101 -100 -99 -98 -94 -93 -92 -90 -90 -9999 -9999 -89 -87 -86
-108 -104 -100 -96 -92 -87 -86 -85 -9999 -9999 -9999 -9999 -9999 -9999 -9999 -9999 -9999 -9999 -9999 -9999 -9999 -84 -85 -86 -87 -87 -87 -86 -87 -88 -88 -89 -90 -90 -89 -90 -92 -94 -94 -96 -99 -99 -100 -101 -103 -104 -104 -103 -103 -104 -104 -104 -106 -105 -104 -106 -106 -105 -106 -107 -109 -110 -112 -113 -113 -113 -112 -112 -111 -109 -109 -109 -109 -109 -108 -106 -106 -105 -104 -102 -102 -101 -100 -99 -97 -95 -94 -94 -94 -93 -91 -90 -89 -89 -88 -87
-100 -97 -93 -91 -86 -84 -9999 -9999 -9999 -9999 -9999 -9999 -9999 -9999 -9999 -9999 -9999 -9999 -9999 -9999 -83 -84 -85 -86 -87 -87 -87 -87 -86 -86 -87 -88 -88 -88 -89 -90 -92 -93 -94 -97 -99 -100 -102 -102 -103 -103 -105 -105 -102 -102 -100 -101 -102 -103 -104 -103 -104 -105 -105 -106 -108 -109 -110 -112 -110 -110 -110 -111 -112 -110 -110 -109 -107 -106 -106 -106 -105 -104 -103 -102 -101 -101 -100 -98 -97 -94 -95 -97 -98 -96 -94 -92 -91 -90 -89 -87
-94 -90 -88 -86 -83 -82 -9999 -9999 -9999 -9999 -9999 -9999 -9999 -9999 -9999 -9999 -9999 -80 -80 -82 -83 -84 -85 -86 -87 -88 -88 -87 -86 -86 -85 -86 -88 -88 -88 -90 -90 -91 -93 -95 -97 -98 -100 -101 -100 -100 -99 -100 -101 -103 -100 -101 -102 -103 -104 -105 -106 -107 -107 -106 -107 -108 -108 -110 -109 -108 -109 -110 -111 -109 -109 -108 -107 -105 -106 -106 -104 -102 -100 -100 -99 -98 -97 -96 -95 -94 -94 -95 -97 -96 -94 -93 -93 -92 -91 -89
-88 -84 -83 -82 -81 -79 -9999 -9999 -9999 -9999 -9999 -9999 -9999 -9999 -9999 -77 -78 -79 -80 -81 -82 -83 -85 -86 -87 -88 -88 -88 -87 -87 -86 -85 -86 -88 -88 -89 -90 -90 -90 -93 -94 -95 -96 -98 -96 -96 -96 -96 -97 -100 -100 -97 -98 -99 -100 -100 -103 -105 -104 -104 -105 -106 -107 -108 -109 -107 -106 -108 -110 -110 -109 -108 -108 -107 -104 -103 -102 -101 -101 -99 -98 -98 -98 -96 -95 -94 -94 -93 -93 -95 -96 -94 -93 -94 -95 -92
-9999 -9999 -9999 -9999 -77 -77 -9999 -9999 -9999 -9999 -9999 -9999 -9999 -73 -75 -77 -78 -79 -81 -81 -82 -82 -83 -85 -87 -88 -88 -88 -87 -86 -86 -85 -86 -87 -87 -87 -90 -90 -91 -90 -92 -93 -93 -93 -92 -92 -92 -91 -93 -95 -96 -97 -94 -94 -94 -97 -99 -99 -101 -101 -101 -104 -105 -105 -107 -108 -105 -107 -108 -109 -110 -112 -106 -106 -104 -105 -102 -100 -101 -100 -100 -99 -98 -97 -96 -94 -94 -92 -91 -92 -93 -93 -94 -95 -96 -95
-9999 -9999 -9999 -9999 -9999 -9999 -9999 -68 -68 -9999 -69 -71 -71 -73 -75 -77 -78 -79 -80 -81 -82 -83 -84 -85 -86 -87 -88 -88 -87 -86 -86 -86 -84 -84 -85 -88 -87 -87 -88 -88 -90 -92 -93 -90 -91 -91 -88 -87 -89 -90 -91 -93 -93 -95 -92 -93 -94 -96 -97 -100 -99 -101 -102 -102 -104 -105 -104 -104 -106 -107 -108 -110 -106 -104 -103 -102 -101 -101 -100 -98 -98 -97 -97 -97 -96 -96 -95 -93 -92 -92 -91 -91 -91 -93 -95 -96
-9999 -9999 -9999 -9999 -9999 -9999 -70 -69 -67 -66 -67 -68 -71 -72 -74 -77 -78 -79 -80 -81 -82 -83 -83 -85 -86 -88 -88 -88 -88 -86 -84 -84 -83 -83 -83 -84 -86 -85 -86 -86 -87 -90 -89 -88 -87 -86 -85 -86 -84 -85 -86 -88 -91 -92 -94 -92 -93 -93 -94 -95 -98 -101 -103 -103 -104 -105 -107 -106 -106 -107 -106 -105 -103 -102 -103 -103 -104 -102 -100 -98 -98 -96 -96 -95 -96 -96 -96 -94 -93 -91 -92 -93 -92 -93 -94 -95
-9999 -9999 -9999 -9999 -9999 -9999 -9999 -9999 -65 -65 -65 -67 -69 -71 -74 -76 -77 -78 -79 -80 -82 -82 -84 -85 -87 -89 -88 -87 -88 -86 -83 -82 -81 -80 -81 -81 -83 -85 -84 -84 -84 -86 -86 -85 -82 -79 -77 -78 -80 -80 -82 -85 -86 -90 -93 -93 -93 -94 -96 -96 -98 -102 -103 -103 -101 -102 -103 -104 -104 -104 -105 -103 -102 -101 -102 -103 -104 -102 -98 -98 -98 -97 -96 -96 -95 -96 -96 -95 -93 -92 -92 -93 -94 -92 -93 -95
-9999 -9999 -9999 -9999 -9999 -72 -68 -68 -66 -65 -64 -66 -68 -70 -73 -74 -76 -77 -80 -80 -82 -84 -85 -86 -87 -89 -88 -87 -85 -85 -83 -81 -81 -80 -80 -78 -80 -81 -82 -82 -82 -82 -82 -82 -78 -73 -72 -74 -75 -78 -81 -82 -84 -87 -88 -89 -90 -91 -94 -97 -97 -98 -101 -100 -100 -101 -102 -102 -102 -102 -104 -103 -102 -102 -100 -100 -101 -99 -99 -98 -97 -97 -97 -97 -95 -93 -91 -90 -90 -90 -93 -94 -95 -93 -93 -93
-9999 -9999 -9999 -9999 -9999 -9999 -69 -68 -66 -64 -65 -67 -70 -72 -72 -73 -76 -78 -80 -82 -82 -83 -86 -88 -88 -89 -88 -87 -85 -83 -82 -81 -79 -80 -79 -77 -78 -78 -78 -79 -79 -79 -79 -78 -76 -72 -70 -72 -72 -75 -78 -79 -81 -84 -85 -86 -88 -90 -91 -94 -95 -97 -98 -100 -101 -100 -100 -102 -101 -100 -101 -103 -102 -101 -101 -99 -100 -100 -97 -96 -95 -96 -95 -94 -91 -91 -90 -87 -87 -87 -88 -91 -91 -92 -93 -96
-9999 -9999 -9999 -9999 -9999 -9999 -68 -67 -65 -65 -65 -67 -70 -72 -72 -74 -76 -77 -79 -80 -83 -83 -85 -86 -86 -87 -87 -86 -84 -85 -81 -79 -77 -76 -75 -76 -75 -76 -77 -76 -77 -77 -76 -74 -72 -71 -69 -71 -72 -72 -75 -77 -79 -81 -84 -84 -87 -87 -88 -90 -94 -97 -97 -99 -100 -101 -101 -100 -99 -100 -100 -101 -100 -98 -98 -98 -97 -97 -96 -95 -93 -93 -89 -88 -87 -88 -87 -86 -86 -86 -87 -87 -87 -87 -89 -92
-9999 -9999 -9999 -9999 -9999 -9999 -66 -64 -64 -64 -65 -67 -69 -71 -74 -75 -76 -77 -79 -81 -83 -82 -83 -84 -85 -85 -84 -83 -80 -81 -80 -78 -77 -76 -74 -72 -72 -73 -74 -74 -76 -74 -73 -72 -71 -70 -69 -69 -70 -72 -74 -75 -76 -80 -82 -83 -84 -85 -86 -88 -91 -94 -96 -97 -98 -99 -100 -100 -100 -100 -99 -98 -97 -97 -96 -96 -95 -95 -94 -93 -91 -91 -87 -88 -88 -91 -87 -85 -87 -88 -89 -88 -88 -87 -87 -89
-9999 -9999 -9999 -9999 -9999 -9999 -9999 -62 -62 -62 -63 -66 -69 -71 -73 -75 -76 -78 -79 -81 -82 -82 -80 -81 -81 -82 -81 -80 -78 -78 -76 -74 -73 -72 -69 -69 -71 -71 -72 -74 -74 -73 -71 -70 -70 -68 -68 -67 -68 -69 -70 -71 -74 -78 -79 -80 -81 -83 -84 -86 -90 -92 -92 -94 -96 -97 -99 -100 -100 -99 -98 -97 -95 -94 -93 -94 -94 -94 -95 -94 -93 -91 -87 -87 -86 -86 -89 -85 -85 -86 -86 -87 -89 -87 -86 -90
-9999 -9999 -9999 -9999 -9999 -9999 -9999 -61 -61 -62 -62 -64 -66 -69 -71 -73 -75 -77 -79 -81 -82 -82 -80 -80 -78 -79 -77 -76 -76 -74 -72 -73 -72 -68 -67 -68 -70 -72 -71 -71 -71 -69 -68 -68 -68 -68 -67 -67 -67 -68 -68 -69 -72 -75 -77 -77 -79 -82 -83 -84 -87 -90 -92 -92 -94 -94 -97 -98 -97 -97 -95 -95 -95 -94 -93 -93 -93 -91 -92 -92 -92 -92 -89 -86 -84 -84 -84 -85 -83 -84 -87 -86 -86 -86 -87 -90
-9999 -9999 -9999 -9999 -9999 -9999 -9999 -9999 -60 -60 -60 -61 -64 -66 -69 -71 -73 -75 -77 -79 -81 -81 -79 -78 -78 -78 -78 -76 -74 -74 -72 -70 -68 -66 -68 -69 -69 -68 -68 -68 -67 -67 -68 -68 -68 -67 -67 -65 -67 -68 -69 -69 -70 -72 -74 -75 -76 -78 -80 -82 -85 -86 -89 -90 -92 -91 -93 -93 -92 -92 -93 -93 -93 -93 -91 -90 -91 -90 -89 -89 -90 -90 -89 -86 -83 -82 -85 -84 -83 -84 -84 -85 -85 -86 -87 -89
-9999 -9999 -9999 -9999 -9999 -9999 -9999 -9999 -9999 -58 -58 -59 -62 -65 -67 -69 -72 -74 -74 -76 -78 -78 -76 -76 -78 -78 -75 -74 -73 -72 -71 -68 -67 -66 -67 -67 -68 -68 -67 -67 -66 -67 -67 -67 -66 -65 -65 -66 -65 -66 -66 -66 -68 -69 -71 -72 -74 -77 -79 -80 -82 -84 -85 -87 -89 -89 -89 -89 -88 -89 -89 -89 -90 -90 -89 -89 -88 -88 -87 -86 -87 -87 -88 -88 -88 -86 -84 -82 -83 -83 -84 -84 -85 -86 -87 -88
-9999 -9999 -9999 -9999 -9999 -9999 -9999 -9999 -9999 -58 -58 -60 -61 -63 -66 -68 -71 -73 -74 -75 -79 -77 -73 -74 -75 -74 -72 -72 -72 -71 -71 -68 -66 -65 -67 -67 -67 -68 -67 -66 -65 -66 -65 -64 -64 -64 -63 -64 -65 -63 -64 -64 -67 -68 -69 -71 -72 -74 -76 -78 -79 -79 -80 -82 -83 -83 -84 -84 -84 -85 -86 -87 -87 -88 -88 -87 -87 -89 -90 -89 -89 -88 -92 -93 -90 -89 -89 -85 -83 -83 -83 -84 -85 -86 -86 -88
-9999 -9999 -9999 -9999 -9999 -9999 -9999 -9999 -58 -58 -58 -58 -60 -62 -65 -67 -70 -72 -72 -74 -76 -76 -73 -73 -72 -73 -71 -72 -69 -69 -68 -67 -64 -66 -66 -67 -68 -67 -67 -65 -64 -65 -64 -63 -62 -62 -63 -62 -62 -62 -63 -64 -65 -66 -68 -68 -69 -71 -73 -74 -75 -74 -75 -78 -80 -80 -81 -81 -81 -82 -82 -84 -85 -86 -85 -86 -86 -88 -88 -89 -88 -87 -89 -92 -91 -89 -88 -86 -85 -85 -87 -87 -85 -85 -87 -88
-9999 -9999 -9999 -9999 -9999 -9999 -9999 -9999 -57 -57 -58 -58 -59 -61 -63 -65 -68 -70 -72 -73 -73 -72 -70 -70 -71 -71 -70 -69 -67 -66 -68 -68 -65 -64 -65 -65 -66 -66 -66 -64 -63 -64 -62 -62 -62 -63 -63 -62 -61 -61 -60 -61 -62 -64 -65 -65 -66 -67 -68 -69 -70 -71 -73 -74 -76 -77 -77 -78 -78 -79 -79 -80 -81 -83 -82 -82 -83 -85 -85 -86 -88 -86 -85 -86 -89 -88 -88 -85 -83 -83 -84 -86 -89 -87 -87 -88
-9999 -9999 -9999 -9999 -9999 -9999 -9999 -9999 -55 -55 -56 -56 -57 -59 -61 -64 -65 -67 -67 -68 -68 -68 -68 -69 -69 -69 -68 -67 -67 -66 -66 -65 -64 -64 -65 -66 -65 -65 -63 -62 -62 -62 -62 -62 -62 -62 -61 -61 -60 -58 -59 -59 -59 -59 -61 -63 -64 -65 -65 -66 -66 -68 -69 -71 -72 -74 -75 -76 -76 -77 -77 -78 -78 -80 -80 -80 -81 -82 -83 -83 -86 -86 -85 -85 -85 -86 -86 -85 -84 -83 -84 -84 -86 -87 -87 -88
-9999 -9999 -9999 -9999 -9999 -9999 -9999 -53 -53 -53 -53 -53 -54 -55 -57 -60 -61 -62 -62 -63 -62 -63 -65 -66 -67 -67 -65 -63 -62 -63 -61 -61 -61 -61 -62 -62 -62 -62 -61 -60 -59 -60 -60 -60 -60 -59 -58 -58 -57 -56 -56 -57 -57 -58 -58 -59 -60 -61 -61 -63 -65 -67 -66 -67 -69 -70 -72 -73 -74 -75 -75 -76 -77 -78 -79 -79 -80 -80 -81 -82 -84 -84 -83 -83 -82 -84 -85 -86 -86 -86 -88 -90 -89 -86 -87 -88
-9999 -9999 -9999 -9999 -9999 -9999 -50 -51 -50 -49 -49 -49 -50 -52 -54 -54 -56 -57 -58 -57 -57 -58 -59 -61 -62 -61 -61 -61 -58 -59 -57 -57 -58 -58 -58 -59 -59 -58 -58 -57 -57 -57 -58 -57 -57 -56 -57 -56 -55 -55 -55 -55 -55 -55 -57 -58 -58 -59 -59 -61 -61 -63 -64 -64 -66 -68 -69 -70 -72 -73 -74 -76 -76 -77 -78 -78 -78 -79 -80 -81 -81 -82 -83 -84 -85 -86 -88 -88 -87 -88 -91 -93 -95 -91 -90 -90
-9999 -9999 -9999 -9999 -9999 -9999 -48 -48 -48 -47 -46 -46 -46 -46 -49 -51 -52 -54 -54 -53 -53 -54 -55 -56 -58 -57 -58 -56 -54 -54 -53 -53 -54 -53 -54 -55 -56 -56 -56 -55 -56 -56 -55 -55 -55 -55 -54 -54 -54 -53 -53 -53 -55 -55 -56 -56 -56 -56 -58 -60 -60 -61 -61 -62 -63 -65 -67 -69 -71 -73 -74 -75 -76 -77 -77 -77 -78 -79 -79 -80 -80 -83 -86 -86 -85 -87 -88 -88 -88 -88 -93 -95 -96 -96 -95 -94
-47 -9999 -47 -9999 -48 -47 -48 -9999 -46 -44 -43 -43 -43 -43 -45 -46 -48 -50 -49 -49 -51 -51 -52 -51 -51 -51 -51 -49 -48 -47 -48 -49 -50 -51 -52 -52 -54 -55 -55 -55 -55 -54 -53 -9999 -54 -53 -9999 -9999 -9999 -9999 -53 -54 -55 -55 -56 -57 -56 -56 -57 -60 -62 -62 -61 -62 -62 -64 -66 -68 -70 -72 -73 -75 -76 -77 -77 -78 -80 -80 -80 -81 -82 -83 -84 -86 -86 -86 -88 -89 -90 -90 -93 -95 -96 -96 -97 -96
-46 -45 -46 -9999 -46 -47 -9999 -47 -45 -44 -42 -42 -42 -43 -44 -44 -46 -47 -47 -47 -47 -48 -48 -48 -48 -48 -47 -45 -43 -41 -45 -46 -47 -48 -50 -52 -53 -9999 -9999 -9999 -9999 -9999 -9999 -9999 -9999 -9999 -9999 -9999 -9999 -9999 -9999 -53 -53 -54 -55 -56 -55 -54 -55 -56 -58 -57 -58 -61 -61 -63 -65 -68 -70 -72 -73 -75 -76 -77 -78 -79 -80 -82 -82 -81 -81 -84 -85 -87 -88 -88 -91 -92 -93 -94 -94 -95 -95 -95 -95 -96
-43 -44 -43 -44 -44 -9999 -9999 -9999 -9999 -44 -43 -43 -9999 -45 -44 -45 -45 -46 -46 -46 -46 -46 -46 -46 -45 -46 -44 -42 -40 -9999 -41 -9999 -9999 -9999 -9999 -9999 -9999 -9999 -9999 -9999 -9999 -58 -9999 -9999 -9999 -9999 -53 -53 -9999 -9999 -52 -9999 -9999 -9999 -9999 -9999 -9999 -9999 -50 -51 -50 -51 -54 -58 -60 -63 -65 -67 -69 -71 -74 -75 -77 -78 -79 -80 -81 -83 -83 -83 -83 -85 -87 -87 -90 -90 -89 -90 -93 -94 -94 -94 -94 -94 -94 -95
-9999 -9999 -9999 -9999 -9999 -43 -9999 -9999 -9999 -9999 -9999 -9999 -9999 -9999 -44 -44 -9999 -46 -46 -46 -45 -45 -44 -45 -9999 -9999 -9999 -9999 -9999 -9999 -9999 -9999 -9999 -9999 -9999 -9999 -9999 -9999 -9999 -9999 -9999 -9999 -9999 -55 -9999 -9999 -9999 -9999 -9999 -9999 -9999 -9999 -9999 -9999 -52 -52 -52 -52 -52 -50 -49 -49 -52 -56 -60 -63 -65 -67 -70 -72 -74 -77 -78 -79 -79 -81 -82 -83 -84 -84 -85 -85 -86 -86 -87 -87 -89 -91 -94 -93 -93 -93 -94 -93 -94 -93
-9999 -9999 -9999 -9999 -9999 -9999 -9999 -9999 -9999 -9999 -9999 -9999 -9999 -9999 -45 -9999 -9999 -9999 -9999 -9999 -9999 -9999 -9999 -9999 -9999 -9999 -9999 -9999 -9999 -9999 -9999 -9999 -9999 -9999 -9999 -9999 -9999 -9999 -9999 -9999 -9999 -9999 -9999 -9999 -9999 -9999 -9999 -9999 -54 -53 -56 -55 -54 -54 -56 -56 -56 -56 -55 -54 -53 -54 -54 -56 -60 -63 -66 -70 -72 -74 -75 -76 -77 -79 -80 -81 -82 -83 -84 -85 -86 -86 -86 -87 -87 -89 -90 -91 -92 -92 -92 -92 -92 -93 -93 -93
-9999 -9999 -9999 -9999 -9999 -9999 -9999 -9999 -9999 -9999 -9999 -9999 -9999 -9999 -9999 -9999 -9999 -9999 -9999 -9999 -9999 -9999 -9999 -9999 -9999 -9999 -9999 -45 -42 -43 -9999 -44 -45 -47 -48 -50 -51 -51 -51 -51 -50 -9999 -9999 -9999 -9999 -9999 -9999 -9999 -53 -53 -53 -54 -55 -57 -58 -59 -58 -57 -57 -56 -56 -56 -58 -60 -63 -65 -68 -71 -73 -74 -75 -77 -77 -79 -81 -82 -83 -84 -84 -85 -85 -86 -86 -87 -88 -90 -91 -91 -92 -92 -91 -91 -91 -91 -92 -92
-9999 -9999 -9999 -9999 -9999 -9999 -9999 -9999 -9999 -9999 -9999 -9999 -9999 -9999 -9999 -9999 -9999 -9999 -9999 -9999 -9999 -9999 -9999 -43 -44 -44 -44 -45 -44 -44 -45 -46 -48 -49 -50 -51 -51 -52 -52 -53 -54 -54 -53 -54 -55 -54 -53 -54 -53 -52 -53 -53 -54 -56 -58 -57 -57 -57 -57 -57 -57 -58 -59 -62 -64 -67 -70 -71 -73 -74 -75 -76 -78 -80 -82 -83 -84 -84 -85 -86 -86 -85 -86 -89 -91 -91 -91 -91 -90 -90 -90 -90 -90 -90 -90 -89
-9999 -9999 -9999 -9999 -9999 -9999 -9999 -9999 -9999 -9999 -9999 -9999 -9999 -9999 -9999 -9999 -9999 -9999 -9999 -9999 -9999 -42 -43 -44 -44 -44 -46 -46 -47 -47 -47 -48 -49 -50 -50 -51 -52 -52 -53 -54 -54 -54 -54 -54 -55 -54 -53 -54 -53 -53 -54 -54 -54 -54 -55 -55 -56 -57 -57 -58 -59 -60 -61 -64 -66 -68 -71 -73 -74 -75 -76 -77 -79 -82 -83 -85 -85 -86 -86 -86 -86 -89 -89 -89 -90 -91 -90 -90 -89 -89 -88 -88 -89 -88 -88 -88
-9999 -9999 -9999 -9999 -9999 -9999 -9999 -9999 -9999 -9999 -9999 -9999 -9999 -9999 -9999 -42 -42 -9999 -42 -42 -42 -43 -44 -45 -46 -47 -48 -49 -49 -49 -48 -49 -50 -50 -51 -52 -52 -52 -53 -54 -54 -54 -54 -54 -54 -54 -54 -55 -55 -56 -56 -56 -56 -56 -55 -55 -56 -57 -58 -59 -59 -61 -63 -65 -68 -71 -73 -74 -76 -76 -77 -79 -82 -83 -85 -86 -87 -87 -88 -89 -88 -91 -93 -92 -92 -91 -90 -89 -88 -88 -87 -88 -88 -87 -87 -86
-9999 -9999 -9999 -9999 -9999 -9999 -9999 -9999 -9999 -9999 -9999 -9999 -39 -40 -40 -41 -42 -42 -42 -43 -44 -44 -45 -47 -48 -49 -49 -50 -50 -50 -49 -49 -49 -50 -51 -51 -51 -51 -52 -53 -53 -52 -52 -53 -53 -54 -54 -55 -56 -58 -58 -58 -58 -57 -56 -56 -57 -58 -58 -60 -61 -62 -64 -66 -69 -72 -75 -76 -77 -78 -79 -81 -83 -85 -86 -87 -87 -87 -88 -90 -91 -93 -93 -92 -92 -90 -89 -88 -88 -87 -87 -87 -87 -86 -86 -86
-9999 -9999 -9999 -9999 -9999 -9999 -9999 -9999 -9999 -9999 -9999 -9999 -9999 -9999 -41 -41 -41 -41 -9999 -9999 -9999 -45 -46 -47 -49 -50 -50 -50 -50 -50 -49 -49 -49 -50 -51 -51 -52 -52 -52 -53 -52 -52 -52 -52 -54 -54 -54 -56 -58 -58 -59 -59 -59 -59 -58 -57 -59 -61 -61 -60 -62 -64 -66 -69 -71 -74 -76 -78 -79 -80 -81 -82 -84 -86 -87 -87 -88 -90 -89 -88 -88 -91 -92 -92 -91 -90 -89 -88 -87 -87 -88 -88 -87 -85 -85 -85
-9999 -9999 -9999 -9999 -9999 -9999 -9999 -9999 -9999 -9999 -9999 -9999 -9999 -39 -41 -41 -41 -42 -43 -44 -44 -45 -46 -48 -50 -51 -52 -51 -51 -49 -48 -49 -50 -50 -50 -50 -50 -51 -51 -51 -52 -53 -54 -53 -54 -54 -55 -56 -58 -58 -59 -59 -60 -60 -60 -59 -59 -62 -63 -62 -63 -65 -68 -69 -72 -75 -77 -79 -80 -81 -82 -83 -84 -85 -86 -88 -92 -93 -92 -90 -87 -88 -89 -91 -90 -90 -89 -88 -88 -87 -88 -87 -87 -86 -84 -85
-9999 -9999 -9999 -9999 -9999 -9999 -9999 -9999 -9999 -9999 -9999 -37 -38 -39 -40 -41 -41 -42 -43 -43 -9999 -9999 -46 -48 -50 -51 -52 -52 -50 -49 -48 -49 -50 -52 -50 -50 -50 -50 -51 -51 -52 -52 -52 -53 -54 -55 -56 -56 -57 -58 -61 -62 -63 -63 -63 -61 -61 -63 -63 -64 -64 -66 -67 -70 -72 -75 -76 -79 -79 -80 -81 -84 -86 -86 -86 -88 -90 -92 -91 -90 -88 -87 -86 -86 -89 -89 -88 -87 -88 -88 -87 -86 -86 -85 -83 -83
-9999 -9999 -9999 -9999 -9999 -9999 -9999 -9999 -9999 -9999 -9999 -36 -38 -38 -38 -39 -40 -42 -9999 -9999 -9999 -9999 -9999 -9999 -49 -50 -50 -50 -50 -50 -50 -50 -51 -51 -51 -50 -50 -51 -52 -53 -53 -54 -52 -53 -54 -54 -56 -56 -57 -61 -64 -65 -65 -64 -64 -63 -62 -63 -63 -64 -65 -66 -68 -69 -72 -74 -75 -78 -79 -80 -82 -84 -86 -87 -86 -88 -89 -91 -91 -90 -90 -89 -88 -88 -88 -88 -87 -86 -86 -86 -87 -86 -85 -83 -83 -82
-9999 -9999 -9999 -9999 -9999 -9999 -9999 -9999 -9999 -9999 -9999 -9999 -36 -36 -9999 -38 -9999 -9999 -9999 -9999 -9999 -9999 -9999 -48 -9999 -9999 -48 -49 -50 -50 -50 -51 -52 -52 -52 -51 -50 -53 -55 -57 -56 -54 -53 -53 -53 -53 -54 -55 -57 -60 -63 -64 -65 -65 -64 -63 -63 -63 -63 -64 -65 -66 -68 -70 -73 -75 -76 -77 -78 -80 -82 -84 -87 -87 -86 -86 -87 -88 -90 -91 -90 -90 -89 -88 -88 -87 -87 -87 -86 -86 -86 -85 -84 -83 -82 -82
-9999 -9999 -9999 -9999 -9999 -9999 -9999 -9999 -9999 -9999 -9999 -9999 -35 -36 -9999 -9999 -9999 -9999 -9999 -9999 -9999 -9999 -9999 -9999 -9999 -9999 -48 -49 -49 -49 -49 -49 -50 -51 -52 -51 -51 -51 -52 -55 -55 -54 -54 -54 -54 -54 -55 -55 -57 -59 -61 -62 -62 -62 -62 -62 -61 -62 -63 -64 -66 -68 -69 -72 -72 -75 -75 -76 -78 -80 -81 -83 -86 -86 -84 -85 -90 -90 -91 -91 -90 -90 -89 -88 -87 -86 -86 -86 -86 -86 -85 -85 -84 -83 -82 -82
-9999 -9999 -9999 -9999 -9999 -9999 -9999 -9999 -9999 -9999 -9999 -9999 -9999 -34 -36 -37 -9999 -9999 -9999 -41 -9999 -9999 -9999 -9999 -9999 -9999 -47 -48 -49 -49 -48 -48 -50 -50 -51 -51 -50 -51 -51 -53 -54 -56 -60 -58 -58 -57 -58 -57 -58 -60 -61 -61 -61 -61 -61 -60 -61 -62 -64 -65 -67 -68 -70 -72 -73 -74 -75 -77 -78 -79 -81 -82 -84 -84 -84 -85 -90 -91 -91 -91 -91 -90 -89 -88 -87 -86 -85 -84 -84 -84 -84 -83 -83 -82 -81 -81
