resultados/variables_proyeccion_tiempo/variables_futuro_ccsm_A1B/bio6.asc
ncols 330
nrows 228
xllcorner -12.000000
yllcorner 34.000000
cellsize 0.166667
NODATA_value -9999
[rows 172 to 214 of 228, columns 192 to 287 of 330]
-38 -40 -36 -22 -33 -37 -27 -16 -11 -12 -5 -9 -18 -22 -23 -29 -47 -44 -32 -20 -23 -22 -23 -22 -19 -22 -22 -26 -24 -24 -25 -21 -20 -18 -19 -18 -22 -23 -24 -16 -12 -11 -7 -4 -0 2 5 6 10 -9999 -9999 -9999 -9999 -9999 -9999 -9999 -9999 -9999 -9999 -9999 -9999 -9999 -9999 -9999 -9999 -9999 -9999 -9999 -9999 -9999 -9999 -9999 -9999 -9999 -9999 -9999 -9999 -9999 -9999 -9999 -9999 -9999 -9999 -9999 -9999 -9999 -9999 -9999 -9999 -9999 -9999 -9999 -9999 -9999 -9999 -9999
-40 -36 -28 -30 -24 -36 -37 -19 -22 -20 -6 -6 -18 -30 -25 -24 -30 -36 -48 -50 -40 -36 -23 -24 -26 -23 -26 -30 -26 -31 -27 -28 -25 -20 -16 -15 -24 -27 -26 -18 -15 -11 -6 -1 5 9 10 13 -9999 -9999 -9999 -9999 -9999 -9999 -9999 -9999 -9999 -9999 -9999 -9999 -9999 -9999 -9999 -9999 -9999 -9999 -9999 -9999 -9999 -9999 -9999 -9999 -9999 -9999 -9999 -9999 -9999 -9999 -9999 -9999 -9999 -9999 -9999 -9999 -9999 -9999 -9999 -9999 -9999 -9999 -9999 -9999 -9999 -9999 -9999 -9999
-40 -33 -37 -35 -23 -25 -29 -22 -27 -17 -10 -8 -12 -30 -33 -35 -31 -28 -30 -34 -38 -42 -26 -32 -32 -36 -40 -35 -30 -30 -25 -27 -27 -26 -26 -25 -27 -29 -30 -25 -20 -15 -10 -6 -1 3 12 16 -9999 -9999 -9999 -9999 -9999 -9999 -9999 -9999 -9999 -9999 -9999 -9999 -9999 -9999 -9999 -9999 -9999 -9999 -9999 -9999 -9999 -9999 -9999 -9999 -9999 -9999 -9999 -9999 -9999 -9999 -9999 -9999 -9999 -9999 -9999 -9999 -9999 -9999 -9999 -9999 -9999 -9999 -9999 -9999 -9999 -9999 -9999 -9999
-47 -44 -17 -12 -18 -19 -16 -24 -25 -23 -23 -28 -17 -40 -43 -33 -33 -30 -28 -23 -24 -32 -36 -43 -47 -49 -53 -42 -50 -55 -51 -38 -40 -36 -35 -32 -32 -32 -25 -19 -12 -8 -7 -0 2 9 9 15 -9999 -9999 -9999 -9999 -9999 -9999 -9999 -9999 -9999 -9999 -9999 -9999 -9999 -9999 -9999 -9999 -9999 -9999 -9999 -9999 -9999 -9999 -9999 -9999 -9999 -9999 -9999 -9999 -9999 -9999 -9999 -9999 -9999 -9999 -9999 -9999 -9999 -9999 -9999 -9999 -9999 -9999 -9999 -9999 -9999 -9999 -9999 -9999
-56 -29 -4 -5 -14 -18 -13 -21 -25 -18 -26 -20 -23 -48 -44 -33 -28 -25 -30 -50 -32 -30 -32 -34 -35 -40 -44 -35 -22 -28 -30 -24 -20 -21 -19 -14 -10 -7 -5 -4 -3 -4 -1 8 12 16 -9999 -9999 -9999 -9999 -9999 -9999 -9999 -9999 -9999 -9999 -9999 -9999 -9999 -9999 -9999 -9999 -9999 -9999 -9999 -9999 -9999 -9999 -9999 -9999 -9999 -9999 -9999 -9999 -9999 -9999 -9999 -9999 -9999 -9999 -9999 -9999 -9999 -9999 -9999 -9999 -9999 -9999 -9999 -9999 -9999 -9999 -9999 -9999 -9999 -9999
-23 -13 -1 -4 -10 -22 -16 -17 -15 -19 -14 -17 -31 -46 -37 -27 -26 -24 -24 -36 -37 -33 -26 -27 -21 -22 -18 -15 -14 -17 -20 -21 -18 -13 -6 -3 -5 -4 -2 -1 -3 1 7 13 17 17 22 -9999 -9999 -9999 -9999 -9999 -9999 -9999 -9999 -9999 -9999 -9999 -9999 -9999 -9999 -9999 -9999 -9999 -9999 -9999 -9999 -9999 -9999 -9999 -9999 -9999 -9999 -9999 -9999 -9999 -9999 -9999 -9999 -9999 -9999 -9999 -9999 -9999 -9999 -9999 -9999 -9999 -9999 -9999 -9999 -9999 -9999 -9999 -9999 -9999
-5 -4 -11 -8 -7 -37 -40 -19 -30 -24 -14 -18 -27 -29 -33 -38 -17 -17 -17 -51 -57 -58 -47 -24 -12 -7 -8 -7 -8 -7 -6 -8 -7 -3 -2 -0 -1 -2 -0 3 1 3 6 9 11 17 23 27 -9999 -9999 -9999 -9999 -9999 -9999 -9999 -9999 -9999 -9999 -9999 -9999 -9999 -9999 -9999 -9999 -9999 -9999 -9999 -9999 -9999 -9999 -9999 -9999 -9999 -9999 -9999 -9999 -9999 -9999 -9999 -9999 -9999 -9999 -9999 -9999 -9999 -9999 -9999 -9999 -9999 -9999 -9999 -9999 -9999 -9999 -9999 -9999
-13 -7 -10 -26 -50 -52 -19 -15 -15 -18 -10 -12 -15 -30 -46 -36 -26 -21 -9 -48 -74 -68 -54 -42 -28 -18 -9 -11 -10 -4 -3 -1 0 2 3 3 -2 -5 2 4 2 2 1 2 10 15 20 24 30 -9999 -9999 -9999 -9999 -9999 -9999 -9999 -9999 -9999 -9999 -9999 -9999 -9999 -9999 -9999 -9999 -9999 -9999 -9999 -9999 -9999 -9999 -9999 -9999 -9999 -9999 -9999 -9999 -9999 -9999 -9999 41 -9999 -9999 -9999 -9999 -9999 -9999 -9999 -9999 58 60 58 -9999 -9999 -9999 -9999
-6 -19 -24 -48 -63 -17 -22 -19 -15 -8 -12 -11 -12 -9 -9 -13 -22 -21 -8 -31 -39 -27 -47 -45 -50 -49 -30 -46 -33 -24 -12 -9 -1 3 3 6 5 -1 1 7 4 5 7 1 2 9 16 26 29 -9999 -9999 -9999 -9999 -9999 -9999 -9999 -9999 -9999 -9999 -9999 -9999 -9999 -9999 -9999 -9999 -9999 -9999 -9999 -9999 -9999 -9999 -9999 -9999 -9999 -9999 -9999 32 24 18 13 2 8 16 4 25 27 30 34 37 45 56 -9999 -9999 -9999 -9999 -9999
-8 -22 -12 -48 -44 -18 -33 -27 -52 -21 -9 -7 -5 -10 -28 -36 -25 -33 -24 -21 -70 -41 -34 -47 -48 -45 -34 -44 -42 -37 -20 -10 -4 2 4 4 9 13 13 15 14 15 17 18 14 6 8 22 29 -9999 -9999 -9999 -9999 -9999 -9999 -9999 -9999 -9999 -9999 -9999 -9999 -9999 -9999 -9999 -9999 -9999 -9999 -9999 -9999 -9999 -9999 -9999 -9999 27 23 17 0 0 -2 -8 -13 -24 -26 -27 -29 -25 -15 -11 -4 2 19 32 42 -9999 -9999 52
17 -23 0 -27 -45 -23 -31 -20 -34 -17 -14 -4 -2 -10 -9 -6 -20 -30 -16 9 -24 -38 -10 -17 -27 -40 -43 -45 -30 -25 -14 -4 4 5 4 3 8 16 18 19 17 19 21 20 19 17 18 23 28 36 -9999 -9999 -9999 -9999 -9999 -9999 -9999 -9999 -9999 -9999 -9999 -9999 -9999 -9999 -9999 -9999 -9999 -9999 -9999 -9999 -9999 44 36 30 26 15 -1 -11 -13 -20 -24 -24 -22 -22 -13 4 -2 4 10 2 -10 6 14 26 46 49
-8 -23 -11 -22 -35 -20 -25 -24 -15 -24 -22 -9 -7 -4 -6 -2 1 -8 -1 12 14 -23 -10 -9 -4 -17 -6 -20 -28 -17 -5 3 6 7 4 6 12 18 19 20 19 22 23 22 20 21 24 25 26 31 39 44 -9999 -9999 -9999 -9999 -9999 -9999 -9999 -9999 -9999 -9999 -9999 -9999 -9999 -9999 -9999 -9999 -9999 37 35 27 35 27 13 -4 -5 -13 -18 -28 -25 -21 -12 -5 -7 -10 -20 -8 19 24 21 -6 -11 1 25 28
10 14 -22 -19 -8 -25 -26 -18 -14 -25 -23 -22 -26 -28 3 11 8 7 7 17 15 -15 -18 -0 -11 3 7 7 -1 4 11 3 7 9 3 2 15 19 22 22 22 21 24 24 23 23 24 26 30 33 38 43 44 45 46 48 44 44 -9999 -9999 -9999 45 47 -9999 -9999 -9999 -9999 -9999 32 31 19 22 23 13 4 -10 1 -7 -10 -14 -20 -25 -25 -28 -34 -42 -47 -33 -12 6 4 22 22 14 -3 5
41 -0 -3 -3 5 -26 -24 -22 -14 -22 -26 -38 -22 -24 -2 19 19 14 3 23 32 24 10 20 33 29 6 9 24 33 33 32 34 33 23 8 17 25 25 23 21 21 26 25 24 26 28 31 35 39 39 43 45 47 48 46 42 37 40 42 45 46 45 45 39 37 30 28 22 7 2 15 -2 -1 -23 -3 -9 -14 -18 -32 -41 -52 -55 -60 -25 -16 -3 3 3 -23 -17 -15 -4 9 0 -7
38 17 -16 -8 -6 -21 -20 -44 -13 -18 -46 -20 8 -10 3 23 24 24 10 7 25 35 39 29 10 33 30 39 42 41 40 40 36 33 29 33 30 31 28 26 24 25 26 24 28 -9999 -9999 35 -9999 -9999 -9999 44 46 48 52 45 40 34 34 35 39 43 46 42 19 23 19 16 3 -11 -15 -5 -7 -25 -28 -14 -28 -36 -34 -34 -39 -31 -35 -26 -27 -45 -29 -14 -3 4 -28 -22 -24 -4 -9 -22
25 20 -13 -12 -6 -22 -19 -35 -22 -17 -14 -16 10 22 23 26 28 26 29 22 22 20 26 35 34 36 -9999 29 27 -9999 -9999 -9999 -9999 -9999 -9999 -9999 40 36 34 30 27 26 26 19 24 -9999 -9999 -9999 -9999 -9999 -9999 -9999 -9999 -9999 -9999 -9999 42 38 33 44 43 40 45 42 28 7 6 7 -10 -12 -11 -22 -20 -24 -32 -44 -39 -37 -40 -41 -39 -32 -35 -30 -38 -36 -19 -26 -15 -14 -29 -19 -4 4 0 -25
30 1 -21 -21 -12 -18 -20 -15 -28 -12 -12 -41 -9 22 25 29 34 33 22 23 31 29 29 -9999 -9999 -9999 -9999 40 38 -9999 -9999 -9999 -9999 56 -9999 -9999 43 40 36 34 37 35 29 37 -9999 34 41 44 -9999 -9999 -9999 -9999 48 32 31 33 30 27 16 8 3 17 11 8 0 -13 -14 -21 -22 -28 -41 -42 -34 -36 -38 -33 -45 -53 -40 -44 -39 -22 -20 -21 -12 -8 -1 -2 -29 -18 -30 -19 -17 -2 4 -12
20 16 1 -12 -32 -26 -14 -7 -15 -26 -14 -21 -24 -2 15 25 -9999 34 31 24 18 22 33 47 50 56 -9999 -9999 -9999 -9999 -9999 -9999 54 24 55 -9999 -9999 47 39 39 39 39 39 40 45 43 25 35 36 32 42 40 39 39 36 27 29 29 25 21 28 17 5 0 -12 -17 -15 -17 -22 -16 -20 -33 -43 -31 -23 -31 -37 -49 -46 -31 -32 -21 -11 -5 -2 -9 -21 -26 -22 -18 -21 -22 -14 -4 -20 -26
18 13 9 -4 -23 -21 -22 -8 -4 -17 -11 2 -14 -15 22 31 -9999 -9999 38 41 40 41 46 -9999 42 42 47 -9999 -9999 -9999 -9999 -9999 -9999 -9999 55 58 -9999 50 45 37 31 27 40 41 37 39 37 40 41 40 40 43 40 38 34 24 19 20 20 15 25 5 -3 -6 -4 -9 -17 -15 -9 -10 -10 -19 -12 -19 -22 -29 -27 -36 -36 -36 -26 -16 -15 -16 -6 -13 -27 -30 -30 -26 -29 -21 -18 -22 -26 -10
20 12 -6 11 5 -24 -28 -11 -1 -4 -6 -8 -12 -23 -34 24 -9999 -9999 -9999 -9999 47 -9999 46 43 62 5 40 -9999 -9999 -9999 -9999 -9999 -9999 -9999 55 60 -9999 54 42 33 24 33 35 29 18 31 33 38 39 41 41 34 24 18 4 -18 13 16 2 -2 11 9 5 -5 -1 3 -5 -7 5 7 6 2 -1 -8 -25 -20 -30 -28 -35 -45 -21 -25 -28 -29 -10 -15 -28 -28 -32 -27 -33 -36 -31 -25 -35 -43
49 23 20 17 -14 -21 -29 -19 -4 2 -5 -8 8 4 -1 14 30 -9999 -9999 -9999 46 50 58 54 -9999 -9999 -9999 -9999 -9999 -9999 68 68 69 -9999 -9999 -9999 70 60 39 32 31 32 26 26 28 24 27 22 26 23 21 26 15 16 9 -1 -12 -6 -13 -11 -13 -16 -18 -20 -19 -15 -18 -20 -19 -8 -5 -6 -4 -11 -16 -23 -23 -24 -35 -27 -12 -22 -22 -17 -13 -26 -34 -34 -36 -34 -35 -41 -42 -29 -32 -35
62 25 26 30 13 4 -16 -24 -7 12 4 -7 16 19 27 18 10 38 -9999 -9999 -9999 -9999 -9999 -9999 -9999 -9999 -9999 -9999 -9999 -9999 76 68 74 -9999 -9999 -9999 74 56 48 34 24 7 19 27 22 24 23 22 22 20 8 8 13 6 5 1 -0 -5 -19 -20 -18 -18 -16 -15 -14 -9 -5 -4 -4 -2 -2 3 -6 -12 -12 -26 -24 -34 -29 -26 -14 -22 -29 -14 -15 -12 -18 -21 -31 -35 -35 -35 -39 -41 -40 -49
59 55 42 29 14 16 -4 -27 -25 10 26 23 23 26 30 36 30 25 45 -9999 -9999 -9999 -9999 -9999 -9999 -9999 -9999 -9999 -9999 81 73 -9999 -9999 -9999 -9999 -9999 73 56 48 40 26 42 44 26 27 24 25 29 24 17 11 8 14 12 10 -1 -4 -10 -15 -19 -18 -18 -20 -21 -16 -13 -10 -11 -11 -7 0 2 -3 -11 -16 -27 -23 -23 -23 -22 -11 -19 -16 -16 -30 -34 -21 -22 -29 -29 -32 -38 -43 -50 -65 -71
78 59 47 27 21 14 12 -8 -13 6 25 34 35 34 32 29 40 38 17 51 -9999 -9999 -9999 -9999 69 79 -9999 -9999 -9999 -9999 -9999 -9999 -9999 -9999 -9999 -9999 59 62 76 68 61 50 28 15 23 24 18 23 23 16 6 -6 0 0 -9 -2 -12 -12 -21 -20 -14 -25 -27 -20 -18 -12 -9 -7 -8 -11 -7 -0 -6 -11 -21 -29 -26 -25 -20 -11 -13 -22 -20 -28 -31 -30 -28 -28 -25 -29 -38 -48 -48 -58 -73 -76
75 77 57 57 42 43 40 15 8 -19 -2 27 38 42 30 37 48 45 53 53 57 -9999 -9999 73 79 -9999 -9999 -9999 -9999 -9999 -9999 -9999 -9999 -9999 -9999 79 71 69 72 68 64 41 27 34 35 33 17 16 20 18 3 4 -11 -2 -12 -3 -17 -11 -14 -15 -17 -19 -24 -20 -24 -17 -12 -8 -5 -4 -10 -7 -6 -10 -20 -27 -27 -29 -23 -23 -16 -16 -28 -35 -29 -30 -24 -27 -26 -31 -39 -45 -53 -64 -77 -60
-9999 -9999 -9999 57 64 65 53 19 22 4 3 -2 20 29 29 11 27 54 54 63 71 63 66 71 -9999 -9999 -9999 -9999 -9999 -9999 -9999 -9999 -9999 -9999 -9999 86 73 75 68 78 -9999 55 46 46 36 17 29 25 8 1 2 1 -3 -5 -6 -13 -8 -14 -18 -16 -12 -14 -17 -23 -30 -22 -15 -10 -9 -8 -6 -7 -11 -13 -16 -23 -24 -28 -26 -22 -19 -22 -17 -16 -16 -23 -24 -28 -30 -35 -38 -47 -56 -62 -63 -51
-9999 -9999 -9999 -9999 70 63 59 45 38 32 3 7 34 40 49 42 41 55 59 48 59 -9999 -9999 -9999 -9999 -9999 86 91 -9999 -9999 -9999 -9999 -9999 -9999 -9999 -9999 -9999 -9999 80 75 56 55 52 32 21 31 37 26 15 15 11 15 10 0 -1 5 -2 -14 -29 -16 -14 -15 -13 -16 -22 -22 -25 -29 -19 -14 -14 -10 -12 -17 -24 -30 -22 -22 -22 -21 -21 -26 -33 -25 -18 -13 -19 -30 -31 -39 -40 -44 -51 -58 -62 -65
-9999 -9999 -9999 55 71 49 46 55 52 11 4 -2 -5 -8 35 41 47 54 68 56 66 63 62 -9999 -9999 -9999 -9999 81 -9999 -9999 -9999 -9999 -9999 -9999 -9999 -9999 -9999 -9999 -9999 -9999 63 65 46 41 42 41 38 33 27 22 32 25 22 16 12 12 -4 -8 -3 -15 -21 -13 -15 -8 -10 -18 -19 -23 -21 -17 -15 -11 -14 -18 -24 -26 -28 -21 -19 -20 -21 -23 -33 -38 -29 -22 -15 -17 -20 -26 -34 -39 -43 -51 -75 -77
-9999 -9999 -9999 74 76 70 63 71 66 56 35 12 15 -4 18 6 55 52 60 69 68 67 68 50 74 78 -9999 -9999 -9999 -9999 -9999 -9999 -9999 95 -9999 78 65 87 64 62 72 70 58 40 32 44 35 39 42 41 27 17 26 19 15 8 8 5 -9 -12 -15 -12 -24 -14 -15 -15 -22 -10 -9 -11 -23 -22 -19 -22 -26 -29 -27 -22 -20 -21 -23 -24 -27 -34 -41 -29 -26 -27 -32 -34 -45 -40 -88 -81 -73 -74
-9999 -9999 92 68 81 -9999 78 81 62 59 50 52 34 31 51 32 37 52 66 69 67 77 75 74 85 94 -9999 -9999 -9999 -9999 -9999 -9999 -9999 -9999 -9999 87 69 83 76 67 70 64 64 50 34 34 25 17 14 24 47 38 18 12 12 14 10 6 -11 -11 -7 -6 -30 -12 -12 -18 -26 -33 -8 -7 -17 -25 -26 -27 -29 -29 -26 -24 -24 -25 -26 -27 -29 -27 -29 -27 -28 -36 -37 -45 -33 -25 -50 -64 -66 -64
-9999 -9999 85 63 54 -9999 -9999 86 85 80 63 32 59 72 -9999 52 35 36 54 56 59 66 68 76 89 88 -9999 -9999 -9999 -9999 -9999 -9999 -9999 -9999 -9999 87 85 82 77 65 67 56 56 60 49 35 32 33 24 24 3 36 36 11 17 21 6 -1 7 -2 -16 -10 -10 -16 -6 -7 -6 -17 -38 -17 -21 -23 -28 -32 -33 -28 -27 -30 -27 -28 -30 -30 -30 -29 -28 -35 -47 -45 -31 -36 -29 -19 -30 -53 -54 -67
-9999 -9999 -9999 67 70 -9999 -9999 -9999 86 71 54 24 20 18 30 56 68 63 51 63 64 74 73 77 94 78 80 83 -9999 -9999 -9999 -9999 -9999 -9999 -9999 -9999 -9999 -9999 -9999 76 -9999 67 63 61 59 51 37 29 26 23 16 7 12 29 14 4 3 5 -4 -0 -0 -7 -16 -21 -19 1 -26 -19 -24 -40 -30 -39 -47 -51 -47 -29 -28 -36 -33 -32 -35 -35 -35 -34 -43 -56 -65 -72 -34 -39 -44 -58 -45 -52 -69 -69
-9999 -9999 -9999 75 79 -9999 89 91 83 69 32 20 25 6 5 33 60 71 64 75 84 83 78 87 92 -9999 100 92 95 87 -9999 -9999 -9999 -9999 -9999 -9999 -9999 -9999 -9999 -9999 -9999 -9999 -9999 67 53 49 41 28 37 42 44 39 36 45 42 9 7 -6 -11 3 -10 -10 -5 -2 -8 -3 -41 -41 -15 -22 -32 -36 -51 -47 -38 -24 -25 -30 -41 -35 -36 -37 -36 -35 -32 -28 -25 -29 -51 -70 -65 -105 -51 -45 -49 -20
-9999 -9999 -9999 86 82 97 -9999 93 84 72 50 43 27 24 15 44 58 44 57 -9999 82 86 91 88 93 -9999 -9999 -9999 -9999 91 -9999 -9999 -9999 -9999 -9999 -9999 -9999 -9999 96 64 70 80 83 59 61 55 49 48 43 30 28 22 11 -6 17 10 -4 -3 -4 -18 -11 -0 -16 -14 -27 -11 -21 -41 -19 -18 -25 -38 -47 -43 -32 -25 -24 -26 -29 -32 -36 -35 -44 -35 -26 -22 -20 -25 -45 -53 -75 -75 -26 -28 -9 -4
-9999 -9999 -9999 -9999 -9999 -9999 -9999 92 92 85 72 55 18 13 26 38 76 65 60 68 80 91 -9999 -9999 -9999 91 88 -9999 102 -9999 100 96 -9999 -9999 -9999 -9999 80 77 -9999 89 67 82 69 79 72 44 38 50 42 12 28 24 10 6 -7 -19 -17 -23 -17 -13 -4 -19 -13 -8 12 -3 -24 -24 -22 -21 -26 -26 -51 -34 -26 -23 -22 -23 -26 -28 -31 -31 -28 -26 -25 -28 -37 -36 -31 -37 -43 -6 -2 19 21 27
-9999 -9999 -9999 -9999 -9999 -9999 -9999 -9999 -9999 90 62 36 52 33 30 42 67 86 74 75 78 82 -9999 100 -9999 -9999 101 -9999 -9999 107 -9999 112 106 -9999 -9999 -9999 -9999 -9999 -9999 100 96 -9999 -9999 82 70 56 46 35 42 27 9 26 20 -8 -10 -19 -3 -24 -24 -15 -9 -20 -2 -1 24 18 -26 -5 -27 -29 -36 -18 -30 -37 -22 -18 -19 -21 -33 -28 -26 -28 -34 -37 -49 -52 -72 -80 -57 -20 -2 22 38 56 64 59
-9999 -9999 -9999 -9999 -9999 -9999 -9999 -9999 -9999 92 68 71 50 43 39 19 40 72 89 89 88 -9999 -9999 -9999 -9999 -9999 104 98 -9999 -9999 -9999 -9999 -9999 102 -9999 -9999 -9999 -9999 -9999 101 95 99 -9999 -9999 78 69 72 37 35 34 6 14 18 2 -21 -12 -13 -12 -17 -22 -33 -2 8 8 37 35 -2 22 -27 -35 -18 -35 -19 -21 -29 -25 -24 -24 -18 -19 -22 -31 -38 -50 -74 -94 -72 -53 -12 4 67 68 64 61 62 61
-9999 -9999 -9999 -9999 -9999 -9999 -9999 -9999 -9999 92 69 80 64 28 60 45 39 56 -9999 -9999 -9999 -9999 -9999 -9999 -9999 -9999 98 111 114 -9999 112 109 105 90 100 -9999 -9999 -9999 -9999 -9999 -9999 94 98 87 81 78 67 60 39 40 50 40 -2 -7 7 -10 -18 -12 -19 -27 -19 1 10 41 59 70 42 45 10 -1 -4 -42 -46 -34 -24 -21 -15 -21 -25 -25 -32 -42 -52 -63 -72 -70 -35 2 39 62 69 66 63 58 57 56
-9999 -9999 -9999 -9999 -9999 -9999 -9999 -9999 -9999 -9999 93 82 -9999 48 47 81 80 56 72 -9999 -9999 -9999 -9999 -9999 -9999 -9999 -9999 -9999 101 -9999 117 -9999 108 104 -9999 108 -9999 -9999 -9999 -9999 -9999 91 100 92 95 -9999 -9999 -9999 86 73 55 59 58 32 4 -19 -20 -20 -25 -30 -17 -11 7 65 75 79 79 76 64 42 19 -22 -51 -50 -39 -28 -33 -19 0 -28 -36 -40 -51 -52 -47 -37 5 46 70 72 68 62 63 62 57 60
-9999 -9999 -9999 -9999 -9999 -9999 -9999 -9999 -9999 -9999 105 96 -9999 89 72 93 92 90 85 -9999 -9999 -9999 -9999 -9999 -9999 -9999 109 108 -9999 -9999 104 110 108 -9999 116 108 -9999 -9999 -9999 -9999 -9999 105 101 103 90 81 97 87 88 73 73 66 67 50 40 27 20 -23 -15 -9 -17 -35 -2 54 -9999 -9999 -9999 -9999 86 80 58 39 3 -20 -35 -36 -16 -38 -20 24 6 -28 -30 -28 -16 12 56 74 77 74 69 65 66 67 67 71
-9999 -9999 -9999 -9999 -9999 -9999 -9999 -9999 -9999 -9999 -9999 -9999 -9999 -9999 81 -9999 -9999 90 101 -9999 -9999 -9999 -9999 -9999 -9999 -9999 -9999 -9999 -9999 115 -9999 -9999 -9999 -9999 -9999 -9999 -9999 99 108 -9999 -9999 -9999 99 98 -9999 -9999 94 96 93 -9999 -9999 -9999 -9999 67 53 39 36 -38 -8 -11 -36 12 9 77 -9999 -9999 -9999 -9999 -9999 -9999 89 71 43 19 -16 -17 -4 8 -0 32 50 37 -9 -2 25 59 73 -9999 -9999 -9999 -9999 70 72 74 -9999 -9999
-9999 -9999 -9999 -9999 -9999 -9999 -9999 -9999 -9999 -9999 -9999 -9999 -9999 -9999 92 -9999 -9999 106 103 -9999 -9999 -9999 -9999 -9999 -9999 -9999 -9999 -9999 -9999 -9999 -9999 -9999 116 -9999 113 116 -9999 -9999 -9999 -9999 113 -9999 -9999 83 106 -9999 -9999 108 101 102 -9999 -9999 -9999 -9999 33 50 31 -4 18 17 30 58 55 85 -9999 -9999 -9999 -9999 -9999 -9999 -9999 -9999 85 74 21 -33 -30 -10 -7 5 23 35 34 57 67 -9999 -9999 -9999 -9999 -9999 -9999 -9999 -9999 -9999 -9999 72
-9999 -9999 -9999 -9999 -9999 -9999 -9999 -9999 -9999 -9999 -9999 -9999 -9999 -9999 -9999 -9999 -9999 97 108 -9999 -9999 -9999 -9999 -9999 -9999 -9999 -9999 -9999 -9999 -9999 -9999 -9999 -9999 -9999 -9999 -9999 -9999 -9999 -9999 -9999 -9999 -9999 -9999 -9999 -9999 91 85 91 96 106 -9999 -9999 -9999 -9999 -9999 76 46 28 56 53 58 86 74 -9999 -9999 -9999 -9999 -9999 -9999 -9999 -9999 -9999 -9999 86 66 17 17 14 32 33 46 47 54 81 83 -9999 -9999 -9999 -9999 -9999 -9999 -9999 -9999 -9999 38 30
