resultados/variables_proyeccion_tiempo/variables_futuro_ccsm_A1B/bio7.asc
ncols 330
nrows 228
xllcorner -12.000000
yllcorner 34.000000
cellsize 0.166667
NODATA_value -9999
[rows 120 to 159 of 228, columns 92 to 183 of 330]
-9999 -9999 -9999 -9999 220 222 226 230 232 235 237 238 239 240 240 241 242 244 246 247 248 247 247 247 247 248 249 250 249 249 250 251 252 254 258 259 261 262 262 264 264 262 262 264 267 268 270 271 271 272 273 274 275 276 277 278 280 282 284 284 284 286 288 289 291 293 296 299 301 300 299 297 296 298 304 309 312 314 316 316 314 312 310 309 309 311 313 316 318 321 325 328
-9999 -9999 217 220 223 227 231 233 235 237 239 239 240 241 242 243 244 246 249 251 252 251 251 251 251 251 252 252 251 252 253 255 256 255 259 261 263 261 265 267 267 264 258 257 261 264 268 270 271 272 273 274 276 277 278 279 281 283 284 285 284 284 286 287 290 292 294 296 297 296 296 297 297 300 306 311 315 318 320 320 316 313 311 310 310 310 311 313 316 319 322 325
212 214 218 223 228 232 235 237 239 240 240 239 240 242 243 244 247 250 252 256 255 255 254 254 254 254 254 254 254 254 254 255 256 257 261 264 266 266 267 269 270 271 268 268 267 266 267 269 271 272 272 274 276 278 280 280 281 283 284 285 285 284 284 286 288 289 291 292 293 293 293 297 299 303 308 313 317 321 321 319 316 313 311 309 308 309 310 311 314 316 318 320
216 216 221 226 231 236 238 240 242 242 242 242 241 242 244 246 249 252 256 259 261 258 256 256 256 256 254 253 253 252 252 253 256 260 264 266 268 269 270 271 271 271 271 270 272 274 274 276 275 274 275 275 277 278 280 282 282 282 283 285 284 283 284 285 286 288 290 291 291 292 293 296 301 307 313 318 321 323 322 318 314 311 309 306 305 306 307 307 310 313 315 316
219 222 226 231 236 241 243 244 245 245 245 244 244 244 245 247 250 253 257 261 266 262 258 256 254 254 253 253 252 253 250 251 258 263 266 268 270 271 271 273 274 272 274 274 274 276 278 278 276 274 274 275 277 280 282 282 283 282 283 283 283 281 281 281 282 286 288 289 289 289 290 295 303 309 316 322 326 327 323 318 312 308 305 304 304 303 304 305 307 310 311 312
225 228 231 236 242 246 249 249 249 249 248 247 246 246 247 248 250 252 256 261 265 266 264 259 257 255 254 254 253 252 254 258 264 266 268 272 273 274 275 276 277 278 278 278 277 279 281 280 279 274 273 274 277 280 282 283 283 282 282 280 280 280 282 279 280 281 282 283 286 288 290 295 302 311 318 321 324 324 320 314 309 304 304 304 303 303 303 304 305 306 308 308
231 234 238 241 247 252 255 254 253 252 250 249 248 248 248 247 248 251 255 259 261 265 265 262 260 258 256 257 258 256 260 266 271 273 273 275 275 276 278 279 280 280 279 280 280 280 281 281 278 273 272 273 277 279 282 283 282 282 281 277 277 275 277 281 281 282 281 281 285 288 289 283 289 307 315 311 314 316 314 310 305 304 303 302 302 301 301 302 303 305 305 306
237 240 243 247 252 257 259 258 256 254 253 251 250 249 248 246 245 247 251 255 259 261 262 261 261 261 261 259 258 263 265 271 277 278 278 278 277 278 280 281 282 282 283 280 280 281 281 280 279 275 273 275 278 280 282 282 280 279 278 276 273 269 269 275 280 284 286 287 288 287 288 283 283 273 280 299 306 298 301 304 301 301 301 301 301 300 300 301 302 304 305 306
243 245 248 252 255 259 260 260 258 256 254 253 252 251 248 246 242 242 246 250 254 255 258 260 260 262 262 261 263 268 273 277 282 283 280 278 280 281 283 287 288 287 289 288 284 281 280 278 279 276 276 277 279 282 282 282 279 276 276 271 274 280 286 285 287 290 291 293 293 295 298 299 298 300 301 303 301 299 298 294 298 297 298 299 301 299 300 301 303 305 308 309
248 250 253 256 259 260 262 261 260 259 257 255 253 251 248 246 244 244 245 248 251 253 253 260 265 268 265 268 272 273 273 277 284 287 285 284 285 286 289 296 296 295 294 293 292 289 284 280 278 277 278 280 283 283 279 274 272 270 276 283 289 291 292 293 297 300 300 297 298 301 303 304 307 307 308 308 308 297 290 296 293 293 298 299 299 299 301 303 305 306 310 313
252 254 256 258 260 262 263 263 262 261 259 258 256 252 249 248 248 249 249 252 253 253 255 262 266 268 268 270 271 273 272 281 288 289 289 288 289 290 294 297 301 300 298 297 296 296 292 288 284 280 281 283 283 286 288 288 290 290 282 287 294 295 293 295 301 304 305 304 304 306 307 309 309 310 311 311 309 301 285 289 287 281 285 290 291 297 301 303 306 311 314 317
255 257 258 260 263 263 264 265 265 263 262 259 254 254 252 252 252 253 255 257 258 259 261 263 263 264 272 272 274 278 284 290 291 292 291 290 291 293 296 299 302 301 300 298 297 297 293 289 288 285 281 283 287 291 296 292 286 289 288 292 293 296 297 299 302 307 306 304 305 307 309 310 311 311 312 311 309 305 299 293 287 289 286 276 289 295 300 304 308 314 317 322
258 259 260 262 264 266 265 265 264 263 261 259 257 256 256 257 258 259 261 264 266 268 266 262 267 267 272 281 281 283 289 294 294 293 293 292 291 293 294 296 297 299 298 297 297 296 292 290 287 287 285 287 288 293 292 293 295 295 295 297 300 302 301 304 306 305 305 303 302 303 303 307 311 308 307 309 306 305 300 300 296 301 297 292 293 295 301 306 309 315 320 324
260 260 263 266 267 268 268 268 268 266 264 262 261 260 260 262 263 265 267 270 272 270 269 271 273 275 278 278 281 285 290 292 290 291 291 292 292 293 292 292 294 296 295 296 296 296 295 292 289 288 290 293 294 296 291 296 301 301 303 306 306 304 302 299 304 306 306 305 303 303 303 302 302 303 300 297 296 298 299 300 300 305 308 306 298 297 300 305 310 316 320 325
262 263 266 269 271 272 272 271 269 268 267 266 265 264 264 265 267 271 273 276 275 276 277 278 278 279 278 277 282 288 289 290 288 287 288 289 290 291 292 292 292 293 294 294 296 297 297 295 292 291 294 296 298 298 297 298 301 304 307 308 306 306 301 303 306 307 305 302 303 301 303 302 302 303 301 297 294 296 298 303 302 303 310 312 307 304 307 310 310 311 314 309
265 267 269 273 274 274 274 273 271 269 268 267 267 267 267 268 271 275 278 281 282 280 278 279 282 282 282 281 282 289 289 289 288 288 289 290 290 290 291 290 291 291 292 293 295 298 300 298 295 293 296 299 302 302 301 301 300 306 306 308 308 307 308 309 309 309 308 307 306 301 300 300 298 301 301 301 301 302 304 308 303 304 312 314 314 312 308 309 309 306 306 313
268 270 272 275 277 276 276 274 273 272 271 270 268 269 269 272 275 278 281 284 284 281 278 279 282 283 282 283 287 291 291 290 289 290 290 291 290 290 290 289 290 290 290 292 295 298 300 299 298 296 298 302 304 306 306 307 307 306 303 302 305 309 310 312 313 312 312 310 310 306 304 300 300 300 302 303 305 303 309 313 310 313 313 313 315 316 313 311 311 310 314 323
271 272 274 276 277 278 277 276 275 274 273 271 270 270 272 273 276 278 282 283 284 282 280 280 283 285 287 289 293 294 294 292 290 289 289 289 288 287 288 289 289 290 291 293 295 300 299 299 299 300 300 304 309 307 306 306 306 307 302 301 296 297 304 309 313 317 316 312 312 311 306 303 306 305 305 307 308 310 313 317 318 317 316 313 318 318 316 314 313 321 323 322
275 275 276 277 280 280 280 278 277 276 275 274 272 272 274 274 277 280 281 283 284 283 283 283 285 288 291 293 293 295 293 291 289 288 288 287 288 287 286 287 289 288 292 295 295 298 298 300 300 302 304 306 310 312 312 313 313 310 308 310 303 300 302 305 306 313 317 315 315 313 308 308 309 309 310 310 313 316 317 319 320 321 320 320 319 314 314 318 323 321 316 317
276 277 279 280 280 280 281 280 280 278 277 275 273 274 275 277 278 280 282 284 285 284 284 284 288 291 294 294 295 292 287 287 289 289 288 288 288 289 289 284 286 287 291 294 296 298 300 303 303 304 305 307 309 310 311 313 316 318 320 318 322 318 310 307 309 312 314 313 311 312 312 311 310 310 311 314 316 318 319 317 321 323 322 320 317 317 321 323 322 328 325 331
279 280 281 281 282 282 281 281 281 280 279 277 275 274 275 278 279 281 284 284 285 284 281 280 288 292 295 295 294 282 288 291 292 291 290 290 289 286 285 286 289 292 295 296 296 297 299 301 301 302 303 307 310 311 311 312 315 318 322 324 327 326 318 319 314 310 314 309 304 308 311 312 312 313 315 317 316 316 316 319 321 323 322 321 319 322 327 326 328 331 329 320
280 280 281 282 282 281 282 282 282 281 280 278 276 276 278 279 281 284 285 286 286 283 277 277 285 292 294 294 291 288 292 294 295 293 291 289 287 285 288 292 295 295 295 294 294 295 296 298 299 301 305 311 311 311 311 312 315 318 320 326 329 327 324 323 323 316 318 318 312 308 306 308 314 318 320 320 320 319 318 321 322 323 321 316 323 327 328 329 330 329 330 326
280 281 281 281 283 282 282 282 282 280 281 280 277 277 279 282 284 286 287 287 285 283 277 278 287 290 292 290 290 291 295 298 297 294 290 289 290 291 294 296 296 295 294 292 292 293 294 297 301 305 309 312 312 313 313 314 316 319 323 326 327 327 328 327 330 331 328 328 326 322 319 322 321 319 320 321 319 318 321 322 323 324 319 324 327 328 330 331 332 334 334 335
280 281 281 282 283 281 282 281 282 283 281 278 277 279 281 284 287 289 288 287 282 273 271 281 286 288 290 289 278 276 290 297 297 294 292 292 293 293 295 295 296 295 294 291 290 290 293 296 301 307 311 314 315 316 315 316 318 320 322 323 323 325 328 328 327 328 329 328 328 328 327 324 322 319 316 315 316 320 322 323 324 325 326 328 330 330 331 332 334 335 334 335
283 284 283 283 282 280 282 283 283 282 280 277 277 280 284 288 291 293 292 286 281 274 274 283 284 284 285 273 268 274 289 293 294 294 293 292 292 294 295 295 296 294 291 290 287 287 294 296 302 306 311 317 320 320 320 319 320 322 322 323 324 325 327 323 325 325 326 324 324 321 317 313 310 312 310 312 316 321 322 322 326 327 328 331 331 332 332 333 334 335 333 333
282 283 282 282 282 281 281 282 282 282 279 278 281 284 286 290 294 298 297 294 286 285 285 283 283 282 275 268 268 277 287 290 293 292 292 293 294 297 297 298 297 296 293 292 288 288 295 302 305 305 308 312 319 316 320 316 314 319 323 318 321 317 310 307 307 317 314 322 318 316 308 306 305 299 299 311 319 320 322 324 328 329 331 333 333 333 334 334 334 335 333 332
281 282 283 280 281 281 281 281 282 283 284 285 286 287 289 291 292 295 297 296 296 294 288 282 281 283 284 283 284 287 287 290 290 290 291 293 297 300 300 300 298 299 292 289 289 281 291 293 298 301 302 304 319 317 322 311 314 309 308 309 311 312 307 312 305 308 312 308 313 306 299 304 304 311 304 300 314 315 320 323 327 329 330 333 333 332 331 332 331 331 329 329
282 282 280 278 277 279 280 281 280 283 290 291 291 291 291 290 292 295 295 294 293 289 286 280 280 279 279 281 284 285 284 285 286 285 287 290 292 299 298 293 283 295 271 274 276 276 279 291 273 288 307 320 321 318 316 311 312 306 302 322 317 302 303 312 306 293 294 296 302 311 323 322 315 308 314 314 320 318 319 324 327 328 329 331 332 331 330 329 328 327 326 327
281 281 280 274 270 274 278 281 282 288 296 296 295 292 292 292 290 291 290 288 286 282 278 278 276 279 284 284 280 280 284 282 286 286 282 279 277 299 287 269 265 252 260 264 282 286 277 292 303 297 282 308 289 296 307 308 302 311 308 309 289 285 288 289 293 298 306 312 323 324 309 326 324 324 327 329 328 325 324 325 326 328 329 331 330 327 322 323 325 329 328 327
281 282 280 274 269 277 280 281 284 293 297 298 296 295 294 292 289 289 286 284 280 280 282 288 286 286 279 276 280 282 283 275 270 268 269 259 278 268 256 282 253 247 257 270 260 255 231 261 283 259 273 271 258 255 258 270 259 277 285 280 278 290 306 303 307 312 319 299 315 306 332 338 339 338 336 333 331 328 327 327 327 328 329 330 330 326 325 327 331 329 329 328
284 285 284 277 276 280 278 284 290 294 296 297 297 296 294 289 286 287 283 282 289 296 294 290 287 284 280 269 264 272 263 268 258 245 252 242 252 281 268 250 238 235 252 249 222 229 238 246 293 268 261 299 262 257 271 294 280 304 293 299 302 303 284 288 313 326 334 307 320 315 313 340 344 340 338 334 331 329 328 328 328 328 329 328 330 328 330 332 333 330 329 329
288 288 286 283 282 282 283 286 292 295 297 298 298 296 292 291 287 286 286 297 296 295 292 284 276 285 275 268 261 253 239 248 241 240 252 265 277 256 246 228 237 245 240 263 224 231 255 290 272 304 306 326 308 307 295 302 307 315 302 314 315 325 313 310 330 334 345 328 333 324 312 340 340 339 337 335 332 330 329 328 328 328 329 330 331 332 332 330 331 331 330 330
292 291 290 287 287 287 286 291 295 296 298 299 298 295 294 290 287 285 298 301 298 293 288 273 272 267 260 251 230 239 231 245 237 246 229 236 244 248 230 236 233 238 246 263 268 274 296 316 304 309 265 279 282 282 306 306 307 306 314 311 314 315 318 323 334 342 336 337 330 334 329 327 327 333 334 332 332 331 330 329 328 327 328 330 331 331 331 332 333 333 332 331
296 294 292 292 292 291 289 292 295 299 300 301 298 297 296 292 290 302 307 307 301 298 282 276 260 254 243 233 246 243 238 255 248 266 240 246 244 237 229 222 234 236 253 218 238 265 317 328 312 276 260 284 290 310 316 306 319 321 322 313 300 300 293 297 313 309 306 301 311 319 331 317 319 329 330 330 329 330 330 330 328 328 328 329 330 331 332 333 335 334 332 332
300 297 292 295 294 293 289 291 299 301 302 302 301 299 295 294 304 308 303 295 284 297 283 281 283 270 262 260 250 260 258 267 275 269 272 265 288 250 252 263 272 280 258 237 264 265 330 320 292 271 278 285 316 320 311 321 325 322 320 315 311 309 298 303 307 321 325 318 319 324 329 332 331 330 328 326 326 329 330 328 329 328 328 328 329 329 329 331 333 332 329 331
300 294 287 294 298 295 290 296 303 302 303 304 303 298 300 306 308 309 308 306 294 270 294 272 250 235 236 229 245 288 268 279 293 284 274 290 289 276 272 267 268 273 266 241 298 299 323 319 297 297 319 320 332 328 318 322 322 315 310 310 309 306 304 304 307 311 319 323 322 321 322 327 324 327 330 330 328 329 329 329 328 328 328 328 328 328 330 332 332 330 331 331
301 293 286 291 299 296 294 300 304 304 305 308 306 302 307 312 315 310 298 298 292 259 257 251 242 241 234 239 268 277 297 311 303 298 290 299 292 290 283 297 296 304 260 290 300 322 317 296 291 299 318 328 327 330 325 320 313 306 303 303 302 297 292 291 296 301 306 311 314 318 320 323 326 327 330 327 327 330 331 330 330 328 326 326 327 328 330 331 331 330 331 332
299 297 284 292 303 301 296 300 306 307 309 310 312 312 316 317 313 309 310 296 265 266 272 292 279 281 266 262 278 304 315 326 324 316 312 314 317 318 320 323 323 308 313 314 321 306 295 310 321 321 327 329 328 322 315 309 305 300 297 297 293 289 280 283 288 291 295 298 304 308 313 315 315 320 328 330 330 332 333 331 329 328 326 324 325 326 328 329 330 330 332 332
295 287 290 281 302 304 298 302 308 309 311 314 315 318 315 320 316 320 306 289 289 266 257 251 251 257 288 286 314 324 329 337 340 332 327 324 327 331 335 336 335 332 332 334 328 322 313 321 322 321 322 321 319 311 304 300 297 295 292 -9999 -9999 266 268 275 280 284 281 289 296 302 303 315 318 323 326 328 330 333 335 333 329 328 326 322 318 320 324 328 329 330 332 333
296 287 294 288 295 301 297 296 310 312 313 315 318 318 313 311 320 307 283 293 262 256 248 261 281 296 317 328 326 330 333 337 338 334 331 328 330 336 340 341 339 336 335 334 333 327 322 321 319 318 317 314 310 304 296 296 -9999 -9999 -9999 -9999 -9999 265 266 268 273 277 281 283 290 295 301 310 315 320 322 325 328 331 334 332 331 328 326 320 319 323 323 324 328 330 333 336
