resultados/variables_proyeccion_tiempo/variables_futuro_ccsm_A1B/bio7.asc
ncols 330
nrows 228
xllcorner -12.000000
yllcorner 34.000000
cellsize 0.166667
NODATA_value -9999
[rows 80 to 119 of 228, columns 92 to 183 of 330]
-9999 -9999 -9999 -9999 -9999 -9999 -9999 -9999 -9999 -9999 -9999 -9999 -9999 176 179 182 184 186 189 192 195 198 200 202 205 207 209 210 212 216 218 221 222 224 225 -9999 -9999 -9999 -9999 -9999 -9999 -9999 -9999 -9999 -9999 -9999 -9999 229 233 237 241 245 250 254 257 260 263 265 267 269 272 274 276 277 278 279 279 279 280 280 280 280 280 279 278 276 274 272 270 269 267 265 263 -9999 -9999 -9999 -9999 -9999 -9999 -9999 -9999 -9999
-9999 -9999 -9999 -9999 -9999 -9999 -9999 -9999 -9999 -9999 -9999 -9999 -9999 -9999 -9999 182 184 186 189 192 194 196 199 201 202 203 204 206 208 211 214 217 221 223 -9999 -9999 -9999 -9999 -9999 -9999 -9999 -9999 -9999 -9999 -9999 -9999 -9999 228 231 235 240 244 248 252 256 259 261 263 266 269 271 273 274 276 277 278 278 278 278 278 279 278 278 276 275 274 272 270 269 267 265 263 -9999 -9999 -9999 -9999 -9999 -9999 -9999 -9999 -9999 -9999
-9999 -9999 -9999 -9999 -9999 -9999 -9999 -9999 -9999 -9999 -9999 -9999 -9999 -9999 -9999 -9999 -9999 -9999 190 192 194 197 198 200 200 200 201 202 203 206 211 214 -9999 -9999 -9999 -9999 -9999 -9999 -9999 -9999 -9999 -9999 -9999 -9999 -9999 -9999 -9999 -9999 232 235 239 243 248 251 254 257 260 263 265 267 269 271 273 275 276 276 277 277 277 277 276 276 276 274 273 271 270 268 267 266 264 260 -9999 -9999 -9999 -9999 -9999 -9999 -9999 -9999 -9999 -9999
-9999 -9999 -9999 -9999 -9999 -9999 -9999 -9999 -9999 -9999 -9999 -9999 -9999 -9999 -9999 -9999 -9999 -9999 -9999 193 194 196 198 199 199 199 199 200 201 202 -9999 -9999 -9999 -9999 -9999 -9999 -9999 -9999 -9999 -9999 -9999 -9999 -9999 -9999 -9999 -9999 -9999 -9999 232 236 239 243 246 249 252 255 258 261 264 266 268 270 272 274 275 276 275 276 275 275 275 274 273 272 270 269 267 266 265 263 261 -9999 -9999 -9999 -9999 -9999 -9999 -9999 -9999 -9999 -9999 -9999
-9999 -9999 -9999 -9999 -9999 -9999 -9999 -9999 -9999 -9999 -9999 -9999 -9999 -9999 -9999 -9999 -9999 -9999 -9999 -9999 -9999 -9999 198 -9999 -9999 200 -9999 -9999 -9999 -9999 -9999 -9999 -9999 -9999 -9999 -9999 -9999 -9999 -9999 -9999 -9999 -9999 -9999 -9999 -9999 -9999 -9999 -9999 -9999 238 241 243 245 247 250 254 257 260 262 264 267 268 270 272 274 273 274 273 273 272 272 272 271 269 268 266 265 263 262 261 260 -9999 -9999 -9999 -9999 -9999 -9999 -9999 -9999 -9999 -9999 239
-9999 -9999 -9999 -9999 -9999 -9999 -9999 -9999 -9999 -9999 -9999 -9999 -9999 -9999 -9999 -9999 -9999 -9999 -9999 -9999 -9999 -9999 -9999 -9999 -9999 -9999 -9999 -9999 -9999 -9999 -9999 -9999 -9999 -9999 -9999 -9999 -9999 -9999 -9999 -9999 -9999 -9999 210 208 -9999 -9999 -9999 -9999 -9999 242 242 243 244 247 250 254 257 259 261 263 265 266 268 270 272 271 272 272 271 271 270 270 269 267 266 264 263 261 260 258 258 -9999 -9999 -9999 -9999 -9999 -9999 -9999 -9999 -9999 235 237
-9999 -9999 -9999 -9999 -9999 -9999 -9999 -9999 -9999 -9999 -9999 -9999 -9999 -9999 -9999 -9999 -9999 -9999 -9999 -9999 -9999 -9999 -9999 -9999 -9999 -9999 -9999 -9999 -9999 -9999 -9999 -9999 -9999 -9999 -9999 -9999 -9999 -9999 -9999 221 220 218 215 -9999 -9999 -9999 -9999 -9999 -9999 -9999 244 244 246 249 252 254 257 259 260 262 264 265 267 269 270 270 271 270 270 270 269 268 267 266 264 262 261 260 258 257 257 -9999 -9999 -9999 -9999 -9999 -9999 -9999 235 233 234 235
-9999 -9999 -9999 -9999 -9999 -9999 -9999 -9999 -9999 -9999 -9999 -9999 -9999 -9999 -9999 -9999 -9999 -9999 -9999 -9999 -9999 -9999 -9999 -9999 -9999 -9999 -9999 -9999 -9999 -9999 -9999 -9999 -9999 -9999 -9999 -9999 -9999 -9999 226 225 224 223 222 221 -9999 -9999 -9999 -9999 -9999 -9999 -9999 248 251 252 255 256 257 258 260 260 262 264 266 267 268 269 269 269 269 268 268 267 266 264 263 261 259 258 256 255 253 -9999 249 -9999 -9999 -9999 -9999 -9999 234 234 234 235
-9999 -9999 -9999 -9999 -9999 -9999 -9999 -9999 -9999 -9999 -9999 -9999 -9999 -9999 -9999 -9999 -9999 -9999 -9999 -9999 -9999 -9999 -9999 -9999 -9999 -9999 -9999 -9999 -9999 -9999 -9999 -9999 -9999 -9999 -9999 -9999 235 234 232 230 230 229 229 229 -9999 238 240 242 -9999 -9999 -9999 -9999 256 256 257 257 257 258 259 260 260 263 264 265 266 266 267 268 268 268 267 265 264 262 261 260 258 257 255 255 -9999 250 249 -9999 -9999 -9999 -9999 -9999 236 235 235 236
-9999 -9999 -9999 -9999 -9999 -9999 -9999 -9999 -9999 -9999 -9999 -9999 -9999 -9999 -9999 -9999 -9999 -9999 -9999 -9999 -9999 -9999 -9999 -9999 -9999 -9999 -9999 -9999 -9999 -9999 212 216 219 225 231 236 238 239 237 236 235 235 234 -9999 -9999 -9999 -9999 -9999 -9999 -9999 -9999 -9999 -9999 258 258 258 257 257 257 257 258 260 261 262 262 263 264 266 267 266 265 263 262 260 258 257 256 256 254 252 -9999 249 248 -9999 -9999 -9999 -9999 -9999 -9999 235 234 -9999
-9999 -9999 -9999 -9999 -9999 -9999 -9999 -9999 -9999 -9999 -9999 -9999 -9999 -9999 -9999 -9999 -9999 -9999 -9999 -9999 -9999 -9999 -9999 -9999 -9999 -9999 -9999 -9999 -9999 209 212 216 222 227 234 241 246 248 244 242 240 239 -9999 -9999 -9999 -9999 -9999 -9999 -9999 -9999 -9999 -9999 -9999 -9999 258 257 256 255 255 255 256 257 257 258 259 259 261 262 265 264 262 261 259 258 257 256 255 254 252 249 249 249 -9999 -9999 -9999 -9999 -9999 -9999 -9999 235 235 -9999
-9999 -9999 -9999 -9999 -9999 -9999 -9999 -9999 -9999 -9999 -9999 -9999 -9999 -9999 -9999 -9999 -9999 -9999 -9999 -9999 -9999 -9999 -9999 -9999 -9999 -9999 -9999 -9999 -9999 208 214 218 224 229 236 245 254 256 251 247 245 244 244 -9999 -9999 -9999 -9999 -9999 -9999 273 -9999 -9999 -9999 -9999 -9999 256 255 253 253 253 254 254 254 254 254 255 257 258 260 259 258 257 256 255 254 253 252 252 251 250 249 -9999 -9999 -9999 -9999 -9999 -9999 -9999 -9999 -9999 -9999 -9999
-9999 -9999 -9999 -9999 -9999 -9999 -9999 -9999 -9999 -9999 -9999 -9999 -9999 -9999 -9999 -9999 -9999 -9999 -9999 -9999 -9999 -9999 -9999 -9999 -9999 -9999 -9999 -9999 214 214 218 221 226 230 237 245 254 257 255 251 248 246 244 245 249 -9999 -9999 -9999 -9999 -9999 -9999 -9999 -9999 -9999 -9999 -9999 254 252 250 250 250 250 250 250 251 250 252 253 253 254 253 252 252 251 251 251 250 251 249 248 248 -9999 -9999 -9999 -9999 -9999 -9999 -9999 -9999 -9999 -9999 -9999
-9999 -9999 -9999 -9999 -9999 -9999 -9999 -9999 -9999 -9999 -9999 -9999 -9999 -9999 -9999 -9999 -9999 -9999 -9999 -9999 -9999 -9999 -9999 -9999 -9999 -9999 -9999 -9999 224 223 224 226 228 231 236 242 250 254 255 253 250 246 244 242 246 252 -9999 -9999 -9999 -9999 -9999 -9999 -9999 -9999 -9999 253 250 249 248 248 246 246 245 246 246 246 246 247 247 248 248 248 248 248 247 247 248 -9999 248 247 -9999 -9999 -9999 -9999 -9999 -9999 -9999 -9999 -9999 -9999 -9999 -9999
-9999 -9999 -9999 -9999 -9999 -9999 -9999 -9999 -9999 -9999 -9999 -9999 -9999 -9999 -9999 -9999 -9999 -9999 -9999 -9999 -9999 -9999 -9999 -9999 -9999 -9999 -9999 -9999 234 233 230 229 230 232 236 241 247 252 254 254 251 247 241 238 239 245 -9999 -9999 -9999 -9999 257 -9999 -9999 -9999 -9999 251 249 247 245 244 244 242 242 242 241 241 241 240 240 242 243 243 243 244 244 245 246 -9999 247 247 -9999 -9999 -9999 -9999 -9999 -9999 -9999 -9999 -9999 -9999 -9999 -9999
-9999 -9999 -9999 -9999 -9999 -9999 -9999 -9999 -9999 -9999 -9999 -9999 -9999 -9999 -9999 -9999 -9999 -9999 -9999 -9999 -9999 -9999 -9999 -9999 -9999 -9999 -9999 -9999 244 239 234 231 231 233 237 241 246 251 255 257 253 248 -9999 235 234 -9999 -9999 -9999 -9999 -9999 -9999 -9999 251 252 251 248 246 244 243 241 240 239 239 238 237 237 236 236 235 237 240 -9999 241 240 242 242 -9999 -9999 -9999 -9999 -9999 -9999 -9999 -9999 -9999 -9999 -9999 -9999 -9999 -9999 -9999 -9999
-9999 -9999 -9999 -9999 -9999 -9999 -9999 -9999 -9999 -9999 -9999 -9999 -9999 -9999 -9999 -9999 -9999 -9999 -9999 -9999 -9999 -9999 -9999 -9999 -9999 -9999 -9999 -9999 242 237 232 231 232 234 237 241 245 249 255 258 252 247 -9999 227 -9999 -9999 230 240 -9999 244 245 250 249 249 247 244 242 241 239 239 238 237 235 234 234 233 233 -9999 -9999 -9999 -9999 -9999 -9999 -9999 -9999 -9999 -9999 -9999 -9999 -9999 -9999 -9999 -9999 -9999 -9999 -9999 -9999 -9999 -9999 -9999 -9999 -9999
-9999 -9999 -9999 -9999 -9999 -9999 -9999 -9999 -9999 -9999 -9999 -9999 -9999 -9999 -9999 -9999 -9999 -9999 -9999 -9999 -9999 -9999 -9999 -9999 -9999 -9999 -9999 -9999 -9999 232 229 228 230 233 236 239 243 247 250 252 252 238 -9999 225 -9999 -9999 220 226 234 239 242 244 246 245 242 240 -9999 237 237 237 236 235 233 231 229 228 -9999 -9999 -9999 -9999 -9999 -9999 -9999 -9999 -9999 -9999 -9999 -9999 -9999 -9999 -9999 -9999 -9999 -9999 -9999 -9999 -9999 -9999 -9999 -9999 -9999 -9999
-9999 -9999 -9999 -9999 -9999 -9999 -9999 -9999 -9999 -9999 -9999 -9999 -9999 -9999 -9999 -9999 -9999 -9999 -9999 -9999 -9999 -9999 -9999 -9999 -9999 -9999 -9999 -9999 227 226 224 225 227 230 234 238 240 243 244 242 241 237 232 222 218 -9999 218 222 228 234 238 240 242 242 240 236 235 235 235 235 234 233 231 230 228 226 -9999 -9999 -9999 -9999 -9999 -9999 -9999 -9999 -9999 -9999 -9999 -9999 -9999 -9999 -9999 -9999 -9999 -9999 -9999 -9999 -9999 -9999 -9999 -9999 -9999 -9999
-9999 -9999 -9999 -9999 -9999 -9999 -9999 -9999 -9999 -9999 -9999 -9999 -9999 -9999 -9999 -9999 -9999 -9999 -9999 -9999 -9999 -9999 -9999 -9999 -9999 -9999 -9999 -9999 -9999 221 220 222 224 227 231 235 236 238 240 238 236 234 230 222 218 -9999 215 220 225 231 235 237 238 238 236 -9999 -9999 234 235 235 234 233 232 230 229 227 -9999 -9999 -9999 -9999 -9999 -9999 -9999 -9999 -9999 -9999 -9999 -9999 -9999 -9999 -9999 -9999 -9999 -9999 -9999 -9999 -9999 -9999 -9999 -9999 -9999 -9999
-9999 -9999 -9999 -9999 -9999 -9999 -9999 -9999 -9999 -9999 -9999 -9999 -9999 -9999 -9999 -9999 -9999 -9999 -9999 -9999 -9999 -9999 -9999 -9999 -9999 -9999 -9999 -9999 -9999 -9999 -9999 215 220 224 228 232 233 233 234 232 231 229 226 221 218 -9999 -9999 219 225 230 235 236 237 237 236 -9999 -9999 -9999 -9999 -9999 -9999 -9999 -9999 -9999 -9999 -9999 -9999 -9999 219 220 -9999 -9999 -9999 -9999 -9999 -9999 -9999 -9999 -9999 -9999 -9999 -9999 -9999 -9999 -9999 -9999 -9999 -9999 -9999 -9999 -9999 -9999
-9999 -9999 -9999 -9999 -9999 -9999 -9999 -9999 -9999 -9999 -9999 -9999 -9999 -9999 -9999 -9999 -9999 -9999 -9999 -9999 -9999 -9999 -9999 -9999 -9999 -9999 -9999 -9999 -9999 -9999 208 213 218 221 225 229 230 229 227 225 226 226 224 221 220 217 -9999 -9999 -9999 -9999 238 238 237 238 236 -9999 -9999 -9999 -9999 -9999 -9999 -9999 -9999 -9999 -9999 -9999 -9999 -9999 223 223 223 -9999 -9999 -9999 -9999 -9999 -9999 -9999 -9999 -9999 -9999 -9999 -9999 -9999 -9999 -9999 -9999 -9999 -9999 -9999 -9999 -9999
-9999 -9999 -9999 -9999 -9999 -9999 -9999 -9999 -9999 -9999 -9999 -9999 -9999 -9999 -9999 -9999 -9999 -9999 -9999 -9999 -9999 -9999 -9999 -9999 -9999 -9999 -9999 -9999 -9999 216 215 216 217 220 224 226 228 227 226 222 221 222 224 222 222 220 224 228 233 239 244 244 240 238 237 236 -9999 -9999 -9999 -9999 -9999 -9999 -9999 -9999 -9999 -9999 -9999 -9999 -9999 -9999 -9999 -9999 -9999 -9999 -9999 -9999 -9999 -9999 -9999 -9999 -9999 -9999 -9999 -9999 -9999 -9999 -9999 -9999 -9999 -9999 -9999 -9999
-9999 -9999 -9999 -9999 -9999 -9999 -9999 -9999 -9999 -9999 -9999 -9999 -9999 -9999 -9999 -9999 -9999 -9999 -9999 -9999 -9999 -9999 -9999 -9999 -9999 -9999 -9999 -9999 -9999 217 218 219 219 221 225 227 229 229 226 223 -9999 -9999 -9999 -9999 224 -9999 227 232 238 244 251 254 249 -9999 -9999 -9999 -9999 -9999 -9999 -9999 -9999 -9999 -9999 -9999 -9999 -9999 -9999 -9999 -9999 -9999 -9999 -9999 -9999 -9999 -9999 -9999 -9999 -9999 -9999 -9999 -9999 -9999 284 282 279 276 276 272 267 261 257 251
-9999 -9999 -9999 -9999 -9999 -9999 -9999 -9999 -9999 -9999 -9999 -9999 -9999 -9999 -9999 -9999 -9999 -9999 -9999 -9999 -9999 -9999 -9999 -9999 -9999 -9999 -9999 -9999 -9999 -9999 217 221 223 225 229 232 235 234 231 228 226 -9999 -9999 -9999 -9999 -9999 235 -9999 242 244 -9999 264 -9999 -9999 -9999 -9999 -9999 -9999 240 240 240 242 -9999 -9999 -9999 -9999 -9999 -9999 -9999 -9999 -9999 -9999 -9999 -9999 -9999 -9999 -9999 -9999 -9999 279 287 292 289 288 286 286 286 280 273 266 259 258
-9999 -9999 -9999 -9999 -9999 -9999 -9999 -9999 -9999 -9999 -9999 -9999 -9999 -9999 -9999 -9999 -9999 -9999 -9999 -9999 -9999 -9999 -9999 -9999 -9999 -9999 -9999 -9999 -9999 -9999 222 226 229 231 234 237 239 239 237 235 234 238 238 240 -9999 241 238 240 -9999 -9999 -9999 -9999 -9999 -9999 244 243 243 243 243 243 243 245 250 -9999 -9999 -9999 -9999 -9999 -9999 -9999 -9999 -9999 -9999 -9999 -9999 -9999 -9999 -9999 274 281 290 296 296 295 294 293 291 285 277 270 263 259
-9999 -9999 -9999 -9999 -9999 -9999 -9999 -9999 -9999 -9999 -9999 -9999 -9999 -9999 -9999 -9999 -9999 -9999 -9999 -9999 -9999 -9999 -9999 -9999 -9999 -9999 -9999 -9999 -9999 -9999 -9999 228 230 237 240 242 243 243 242 240 240 242 243 244 245 246 245 -9999 -9999 -9999 -9999 -9999 239 243 245 246 246 245 245 244 245 -9999 249 -9999 -9999 -9999 -9999 -9999 -9999 -9999 -9999 -9999 -9999 288 279 271 265 268 277 286 294 300 300 300 299 298 295 289 283 276 270 267
-9999 -9999 -9999 -9999 -9999 -9999 -9999 -9999 -9999 -9999 -9999 -9999 -9999 -9999 -9999 -9999 -9999 -9999 -9999 -9999 -9999 -9999 -9999 -9999 -9999 -9999 -9999 -9999 -9999 -9999 -9999 -9999 239 242 244 246 247 247 246 246 246 247 250 252 252 251 -9999 -9999 250 249 247 244 241 243 246 248 249 249 248 247 248 253 258 263 269 -9999 -9999 -9999 272 274 277 282 287 289 283 277 272 274 283 291 298 303 304 304 304 302 300 296 290 284 280 277
-9999 -9999 -9999 -9999 -9999 -9999 -9999 -9999 -9999 -9999 -9999 -9999 -9999 -9999 -9999 -9999 -9999 -9999 -9999 -9999 -9999 -9999 -9999 -9999 -9999 -9999 -9999 -9999 -9999 -9999 231 244 247 246 248 249 250 251 251 251 252 254 257 258 259 257 255 254 252 250 248 246 246 246 250 252 253 252 251 252 253 256 262 267 273 279 277 275 276 277 281 286 290 290 287 284 282 284 290 297 303 306 308 309 310 308 305 300 296 291 287 286
-9999 -9999 -9999 -9999 -9999 -9999 -9999 -9999 -9999 -9999 -9999 -9999 -9999 -9999 -9999 -9999 -9999 -9999 -9999 -9999 -9999 -9999 -9999 -9999 216 216 216 219 222 225 -9999 243 248 249 251 252 253 255 255 256 258 260 262 264 263 261 259 257 255 253 251 250 250 251 254 257 257 255 254 255 257 260 264 270 277 280 280 278 278 281 284 289 293 293 292 289 289 291 297 304 310 311 312 313 313 312 309 304 300 297 294 293
-9999 -9999 -9999 -9999 -9999 -9999 -9999 -9999 -9999 -9999 -9999 -9999 -9999 -9999 -9999 -9999 -9999 -9999 -9999 -9999 224 221 223 222 222 221 221 222 227 234 239 245 249 251 252 254 256 258 260 262 264 266 268 268 267 265 263 261 259 257 255 254 254 255 256 258 259 257 257 258 260 263 267 272 277 280 280 278 280 283 288 292 294 296 295 294 295 297 301 307 311 312 313 314 315 314 311 308 304 302 299 298
-9999 -9999 -9999 -9999 -9999 -9999 -9999 -9999 -9999 -9999 -9999 208 211 217 221 225 226 228 230 232 232 232 231 231 230 229 228 229 233 240 243 247 250 252 254 256 258 261 263 265 269 272 274 272 270 268 265 263 261 260 259 258 258 258 259 260 260 259 260 261 263 266 270 274 278 280 280 279 282 287 291 295 297 298 298 298 300 301 305 308 311 313 314 316 315 314 312 310 308 305 304 303
-9999 -9999 -9999 -9999 -9999 -9999 -9999 -9999 -9999 205 -9999 -9999 216 220 224 227 229 232 234 236 237 236 238 238 236 236 236 238 240 244 247 250 252 254 255 257 260 263 266 269 272 276 278 276 272 270 268 265 264 263 262 262 261 261 262 262 262 263 264 266 268 270 273 277 280 282 283 283 286 292 296 299 300 301 302 302 304 305 307 309 312 313 314 315 315 314 313 312 310 309 307 306
-9999 -9999 -9999 -9999 -9999 -9999 -9999 -9999 206 207 -9999 -9999 218 222 226 229 232 234 237 241 240 240 240 241 240 241 242 244 247 250 251 252 255 256 257 258 261 265 268 271 273 275 276 275 272 270 269 268 266 265 265 264 264 264 265 265 266 267 269 271 273 275 277 280 284 286 288 289 292 296 300 302 303 304 305 306 306 307 308 310 311 312 313 315 315 315 315 313 312 311 310 309
-9999 -9999 -9999 -9999 -9999 -9999 -9999 -9999 210 212 213 -9999 221 224 227 231 233 236 239 241 242 241 242 242 243 244 246 249 252 255 253 252 255 257 259 260 262 265 269 270 271 272 273 273 272 271 270 269 268 267 267 266 267 267 268 269 271 273 275 277 278 279 282 284 287 289 292 295 299 302 305 306 306 307 307 307 308 308 309 309 310 310 311 312 313 314 315 315 314 313 313 313
-9999 -9999 -9999 -9999 -9999 -9999 -9999 213 213 215 218 221 -9999 228 229 233 235 237 239 241 242 242 242 243 244 246 248 250 253 254 252 251 253 256 258 260 263 265 267 268 270 270 270 271 271 270 270 270 269 269 268 268 269 270 271 273 275 277 279 281 282 283 284 286 289 294 297 301 305 307 308 311 310 309 308 308 308 308 308 308 307 308 309 310 312 314 314 315 315 316 317 319
-9999 -9999 -9999 -9999 -9999 -9999 -9999 215 218 219 221 221 228 229 231 234 236 238 240 241 241 241 242 243 244 247 248 249 251 251 250 251 253 255 258 260 261 263 265 266 267 268 269 269 269 269 269 269 270 269 269 270 271 272 274 276 278 281 283 285 286 286 286 288 291 296 302 307 309 310 310 310 309 308 308 308 307 307 307 306 304 305 307 310 311 313 314 316 317 318 321 324
-9999 -9999 -9999 -9999 -9999 -9999 -9999 218 221 224 226 228 229 231 233 235 237 239 240 241 241 241 242 242 244 245 246 247 248 248 248 250 252 255 257 259 261 262 263 263 265 266 267 267 267 268 269 269 269 269 270 271 272 273 274 277 280 283 285 287 288 288 288 289 291 296 303 312 310 308 306 304 305 306 307 307 307 308 307 306 304 303 306 307 309 312 314 316 318 321 325 329
-9999 -9999 -9999 -9999 -9999 -9999 217 220 224 228 231 233 233 233 235 236 239 240 241 242 242 242 242 243 244 244 245 247 247 247 248 250 252 254 256 257 258 260 262 263 264 265 266 266 265 267 268 268 269 271 271 271 272 273 275 278 281 284 286 287 287 287 287 288 289 295 302 309 310 307 304 302 302 303 305 307 308 309 309 308 306 306 307 308 310 312 314 316 319 322 327 332
-9999 -9999 -9999 -9999 -9999 218 220 225 228 232 235 236 237 237 237 238 240 241 243 244 244 244 244 244 245 245 247 248 247 247 248 250 252 254 255 258 260 260 263 262 263 264 265 266 267 268 269 269 270 272 273 272 273 274 274 277 280 282 284 285 286 286 287 288 290 295 299 302 306 304 302 300 300 300 303 308 310 312 313 313 311 309 309 310 311 312 314 316 319 322 327 332
