resultados/variables_proyeccion_tiempo/variables_futuro_ccsm_A1B/bio7.asc
ncols 330
nrows 228
xllcorner -12.000000
yllcorner 34.000000
cellsize 0.166667
NODATA_value -9999
[rows 160 to 199 of 228, columns 0 to 91 of 330]
-9999 -9999 -9999 -9999 -9999 -9999 -9999 -9999 -9999 -9999 -9999 -9999 -9999 -9999 -9999 -9999 -9999 -9999 -9999 -9999 -9999 -9999 -9999 -9999 -9999 -9999 -9999 -9999 -9999 -9999 -9999 -9999 -9999 -9999 -9999 -9999 -9999 -9999 -9999 -9999 -9999 -9999 -9999 -9999 -9999 -9999 -9999 -9999 -9999 -9999 -9999 -9999 -9999 -9999 -9999 -9999 -9999 -9999 -9999 -9999 -9999 -9999 -9999 -9999 -9999 246 255 262 268 272 275 277 280 282 284 285 288 290 291 292 293 292 291 290 291 293 290 283 280 278 288 295
-9999 -9999 -9999 -9999 -9999 -9999 -9999 -9999 -9999 -9999 -9999 -9999 -9999 -9999 -9999 -9999 -9999 -9999 -9999 -9999 -9999 -9999 -9999 -9999 -9999 -9999 -9999 -9999 -9999 -9999 -9999 -9999 -9999 -9999 -9999 -9999 -9999 -9999 -9999 -9999 -9999 -9999 -9999 -9999 -9999 -9999 -9999 -9999 -9999 -9999 -9999 -9999 -9999 -9999 -9999 -9999 -9999 -9999 -9999 -9999 -9999 -9999 -9999 -9999 242 248 258 265 271 275 277 279 281 283 285 287 288 290 292 293 293 294 292 294 293 292 290 284 277 284 288 286
-9999 -9999 -9999 -9999 -9999 -9999 -9999 -9999 -9999 -9999 -9999 -9999 -9999 -9999 -9999 -9999 -9999 -9999 -9999 -9999 -9999 -9999 -9999 -9999 -9999 -9999 -9999 -9999 -9999 -9999 -9999 -9999 -9999 -9999 -9999 -9999 -9999 -9999 -9999 -9999 -9999 -9999 -9999 -9999 -9999 -9999 -9999 -9999 -9999 -9999 -9999 -9999 -9999 -9999 -9999 -9999 -9999 -9999 -9999 -9999 -9999 -9999 -9999 -9999 244 251 260 268 273 276 279 281 283 284 286 288 289 291 292 293 294 294 295 296 292 294 294 292 289 289 290 289
-9999 -9999 -9999 -9999 -9999 -9999 -9999 -9999 -9999 -9999 -9999 -9999 -9999 -9999 -9999 -9999 -9999 -9999 -9999 -9999 -9999 -9999 -9999 -9999 -9999 -9999 -9999 -9999 -9999 -9999 -9999 -9999 -9999 -9999 -9999 -9999 -9999 -9999 -9999 -9999 -9999 -9999 -9999 -9999 -9999 -9999 -9999 -9999 -9999 -9999 -9999 -9999 -9999 -9999 -9999 -9999 -9999 -9999 -9999 -9999 -9999 -9999 -9999 -9999 245 254 262 270 274 278 280 282 284 285 287 288 290 291 291 294 293 293 293 294 294 298 296 298 294 285 285 286
-9999 -9999 -9999 -9999 -9999 -9999 -9999 -9999 -9999 -9999 -9999 -9999 -9999 -9999 -9999 -9999 -9999 -9999 -9999 -9999 -9999 -9999 -9999 -9999 -9999 -9999 -9999 -9999 -9999 -9999 -9999 -9999 -9999 -9999 -9999 -9999 -9999 -9999 -9999 -9999 -9999 -9999 -9999 -9999 -9999 -9999 -9999 -9999 -9999 -9999 -9999 -9999 -9999 -9999 -9999 -9999 -9999 -9999 -9999 -9999 -9999 -9999 -9999 -9999 248 255 264 271 276 280 282 284 284 286 287 288 290 291 292 293 293 293 296 297 300 300 301 301 299 292 283 290
-9999 -9999 -9999 -9999 -9999 -9999 -9999 -9999 -9999 -9999 -9999 -9999 -9999 -9999 -9999 -9999 -9999 -9999 -9999 -9999 -9999 -9999 -9999 -9999 -9999 -9999 -9999 -9999 -9999 -9999 -9999 -9999 -9999 -9999 -9999 -9999 -9999 -9999 -9999 -9999 -9999 -9999 -9999 -9999 -9999 -9999 -9999 -9999 -9999 -9999 -9999 -9999 -9999 -9999 -9999 -9999 -9999 -9999 -9999 -9999 -9999 -9999 -9999 -9999 247 255 265 272 278 281 283 284 285 286 287 288 289 291 292 293 294 296 296 297 297 296 299 300 301 302 300 298
-9999 -9999 -9999 -9999 -9999 -9999 -9999 -9999 -9999 -9999 -9999 -9999 -9999 -9999 -9999 -9999 -9999 -9999 -9999 -9999 -9999 -9999 -9999 -9999 -9999 -9999 -9999 -9999 -9999 -9999 -9999 -9999 -9999 -9999 -9999 -9999 -9999 -9999 -9999 -9999 -9999 -9999 -9999 -9999 -9999 -9999 -9999 -9999 -9999 -9999 -9999 -9999 -9999 -9999 -9999 -9999 -9999 -9999 -9999 -9999 -9999 -9999 -9999 -9999 244 254 264 273 280 283 285 286 285 286 287 288 289 291 292 294 296 298 297 297 297 296 296 298 296 296 301 298
-9999 -9999 -9999 -9999 -9999 -9999 -9999 -9999 -9999 -9999 -9999 -9999 -9999 -9999 -9999 -9999 -9999 -9999 -9999 -9999 -9999 -9999 -9999 -9999 -9999 -9999 -9999 -9999 -9999 -9999 -9999 -9999 -9999 -9999 -9999 -9999 -9999 -9999 -9999 -9999 -9999 -9999 -9999 -9999 -9999 -9999 -9999 -9999 -9999 -9999 -9999 -9999 -9999 -9999 -9999 -9999 -9999 -9999 -9999 -9999 -9999 -9999 -9999 -9999 243 254 265 275 282 286 286 286 285 286 287 288 289 291 293 295 298 298 298 298 299 299 299 299 299 303 304 299
-9999 -9999 -9999 -9999 -9999 -9999 -9999 -9999 -9999 -9999 -9999 -9999 -9999 -9999 -9999 -9999 -9999 -9999 -9999 -9999 -9999 -9999 -9999 -9999 -9999 -9999 -9999 -9999 -9999 -9999 -9999 -9999 -9999 -9999 -9999 -9999 -9999 -9999 -9999 -9999 -9999 -9999 -9999 -9999 -9999 -9999 -9999 -9999 -9999 -9999 -9999 -9999 -9999 -9999 -9999 -9999 -9999 -9999 -9999 -9999 -9999 -9999 -9999 235 243 254 265 275 284 288 287 286 285 286 287 288 290 291 293 295 297 298 298 299 300 300 299 300 303 303 300 296
-9999 -9999 -9999 -9999 -9999 -9999 -9999 -9999 -9999 -9999 -9999 -9999 -9999 -9999 -9999 -9999 -9999 -9999 -9999 -9999 -9999 -9999 -9999 180 186 192 193 193 -9999 -9999 -9999 -9999 -9999 -9999 -9999 -9999 -9999 -9999 -9999 -9999 -9999 -9999 -9999 -9999 -9999 -9999 -9999 -9999 -9999 -9999 -9999 -9999 -9999 -9999 -9999 -9999 -9999 -9999 -9999 -9999 -9999 -9999 -9999 235 243 254 264 274 281 284 284 284 284 285 286 288 289 291 292 295 296 296 296 297 298 298 296 293 292 294 299 300
-9999 -9999 -9999 -9999 -9999 -9999 -9999 -9999 -9999 -9999 -9999 -9999 -9999 -9999 -9999 -9999 -9999 -9999 -9999 -9999 -9999 -9999 175 184 194 204 207 204 208 211 211 212 215 216 212 208 198 194 192 196 196 -9999 -9999 -9999 -9999 -9999 -9999 -9999 -9999 -9999 -9999 -9999 -9999 -9999 -9999 -9999 -9999 -9999 -9999 -9999 -9999 -9999 228 234 245 255 265 272 277 279 281 282 283 284 286 287 289 291 293 294 295 295 295 296 296 296 293 289 288 290 298 300
-9999 -9999 -9999 -9999 -9999 -9999 -9999 -9999 -9999 -9999 -9999 -9999 -9999 -9999 -9999 -9999 -9999 -9999 -9999 -9999 -9999 178 182 198 206 213 220 221 222 223 230 231 235 236 230 224 221 215 220 212 213 210 215 222 208 200 199 191 185 183 186 191 192 193 193 200 206 204 -9999 -9999 226 225 230 239 249 259 266 271 274 275 277 278 281 283 286 288 290 291 292 293 294 294 294 293 291 286 288 288 292 296 298 297
-9999 -9999 -9999 -9999 -9999 -9999 -9999 -9999 -9999 -9999 -9999 -9999 -9999 -9999 -9999 -9999 -9999 164 174 182 190 193 195 207 215 219 225 231 236 244 244 251 252 252 254 256 251 244 246 247 249 247 252 247 235 226 219 211 207 214 215 209 210 205 202 206 216 218 222 222 228 240 248 256 259 264 269 272 274 275 276 276 279 282 284 287 290 291 292 292 292 292 291 290 290 290 290 291 292 294 294 293
-9999 -9999 -9999 -9999 -9999 -9999 -9999 -9999 -9999 -9999 -9999 -9999 -9999 -9999 -9999 -9999 160 169 182 194 206 211 214 217 222 227 233 241 249 254 256 263 265 270 272 274 274 272 273 275 273 271 270 265 254 258 250 240 237 238 240 236 226 223 224 233 233 234 238 242 255 262 265 270 270 271 273 273 272 273 274 276 277 279 281 286 289 291 290 289 290 289 288 287 286 286 283 285 286 287 289 -9999
-9999 -9999 -9999 -9999 -9999 -9999 -9999 -9999 -9999 -9999 -9999 -9999 -9999 -9999 -9999 -9999 157 173 184 195 207 220 220 220 227 235 241 248 256 262 266 270 274 277 280 282 286 287 289 287 285 282 279 277 273 268 263 257 253 248 244 243 246 246 247 246 250 257 260 266 272 276 280 279 278 276 273 266 269 264 261 268 259 264 272 277 277 278 282 283 278 282 277 280 279 281 276 277 278 279 281 -9999
-9999 -9999 -9999 -9999 -9999 -9999 -9999 -9999 -9999 -9999 -9999 -9999 -9999 -9999 -9999 -9999 -9999 167 178 190 201 214 221 225 234 242 249 256 262 268 273 277 282 284 288 292 296 300 300 298 295 290 287 284 279 276 271 267 264 261 261 254 256 255 255 259 267 271 275 279 282 289 292 290 287 283 280 275 268 261 260 256 255 258 260 268 270 258 260 265 262 266 266 264 266 268 272 275 274 275 273 -9999
-9999 -9999 -9999 -9999 -9999 -9999 -9999 -9999 -9999 -9999 -9999 -9999 -9999 -9999 -9999 -9999 -9999 164 174 182 199 220 227 233 241 251 258 264 269 274 280 284 289 292 296 301 305 310 311 306 302 299 296 292 289 285 281 278 276 273 269 266 267 267 265 271 278 282 284 288 291 296 297 295 293 289 287 285 281 277 274 271 272 266 263 260 259 256 263 264 254 256 254 252 254 259 265 265 269 268 264 -9999
-9999 -9999 -9999 -9999 -9999 -9999 -9999 -9999 -9999 -9999 -9999 -9999 -9999 -9999 -9999 -9999 -9999 -9999 170 183 195 221 232 243 253 259 264 270 276 281 286 289 290 293 301 307 311 315 314 312 310 306 305 302 300 295 291 288 286 282 280 280 280 281 281 282 289 293 295 296 298 300 301 301 298 294 290 289 286 285 282 282 288 287 283 275 277 269 270 264 269 259 258 261 252 248 251 259 261 258 257 253
-9999 -9999 -9999 -9999 -9999 -9999 -9999 -9999 -9999 -9999 -9999 -9999 -9999 -9999 -9999 -9999 -9999 -9999 173 185 203 222 237 251 261 265 266 268 275 286 284 286 293 298 305 311 314 317 317 318 315 313 312 311 310 307 302 299 295 293 291 291 292 293 295 298 302 304 305 306 304 304 306 305 303 300 296 295 292 288 286 288 294 296 297 292 289 286 275 271 271 260 259 259 260 259 260 259 258 256 253 249
-9999 -9999 -9999 -9999 -9999 -9999 -9999 -9999 -9999 -9999 -9999 -9999 -9999 -9999 -9999 -9999 -9999 -9999 188 191 204 227 240 245 256 267 273 276 281 287 286 293 303 306 312 315 317 319 320 320 319 319 318 319 320 317 311 307 304 301 300 300 301 303 304 305 307 310 312 312 312 310 309 308 307 305 303 302 299 297 295 300 304 306 300 300 293 292 282 278 271 266 263 264 262 259 254 255 253 250 245 240
-9999 -9999 -9999 -9999 -9999 -9999 -9999 -9999 -9999 -9999 -9999 -9999 -9999 -9999 -9999 -9999 -9999 -9999 184 193 213 230 239 250 252 259 277 289 291 296 300 304 309 312 315 319 321 322 323 324 324 323 323 324 324 322 318 313 310 308 307 308 309 311 312 314 317 320 319 318 316 315 313 311 310 310 307 308 303 303 303 306 312 316 312 310 302 295 290 280 270 266 262 260 257 255 251 249 250 244 239 234
-9999 -9999 -9999 -9999 -9999 -9999 -9999 -9999 -9999 -9999 -9999 -9999 -9999 -9999 -9999 -9999 -9999 -9999 185 197 213 230 241 249 255 264 283 293 297 303 304 311 314 316 319 321 323 324 325 326 327 326 325 325 324 323 321 317 314 313 313 313 315 317 319 323 325 327 325 322 316 314 314 313 312 313 314 312 306 303 307 311 316 320 326 325 318 302 287 275 265 259 255 253 251 248 244 245 241 238 237 -9999
-9999 -9999 -9999 -9999 -9999 -9999 -9999 -9999 -9999 -9999 -9999 -9999 -9999 -9999 -9999 -9999 -9999 -9999 -9999 199 214 230 247 257 266 280 288 293 303 306 308 311 315 317 319 322 324 326 326 327 328 327 325 324 324 322 321 319 317 316 316 317 318 320 322 325 328 328 327 324 321 317 314 314 313 313 315 314 311 307 307 310 315 320 326 328 316 297 280 267 259 252 248 245 244 240 239 238 237 -9999 -9999 -9999
-9999 -9999 -9999 -9999 -9999 -9999 -9999 -9999 -9999 -9999 -9999 -9999 -9999 -9999 -9999 -9999 -9999 -9999 -9999 200 215 232 249 263 276 275 287 300 303 306 308 312 314 318 320 322 325 326 327 328 328 326 325 324 324 322 320 319 318 317 318 319 320 323 325 327 328 329 327 324 321 317 314 311 311 310 308 311 310 308 307 308 312 315 317 313 299 284 271 260 253 247 241 238 234 232 -9999 -9999 -9999 -9999 -9999 -9999
-9999 -9999 -9999 -9999 -9999 -9999 -9999 -9999 -9999 -9999 -9999 -9999 -9999 -9999 -9999 -9999 -9999 -9999 -9999 203 217 234 249 264 273 291 296 300 299 306 308 310 314 318 321 322 325 326 327 327 327 327 327 325 323 320 318 317 317 318 318 319 321 324 326 329 329 329 327 324 321 317 311 306 303 302 303 306 306 305 304 306 307 308 306 301 288 275 261 244 239 236 235 234 230 -9999 -9999 -9999 -9999 -9999 -9999 -9999
-9999 -9999 -9999 -9999 -9999 -9999 -9999 -9999 -9999 -9999 -9999 -9999 -9999 -9999 -9999 -9999 -9999 -9999 -9999 -9999 219 234 250 263 272 285 293 295 301 306 308 310 313 317 320 324 326 328 328 327 327 326 326 325 322 320 317 315 314 315 317 319 321 323 325 328 330 330 328 325 321 316 310 304 300 298 298 298 299 299 299 300 300 299 295 289 278 265 247 234 230 -9999 -9999 -9999 -9999 -9999 -9999 -9999 -9999 -9999 -9999 -9999
-9999 -9999 -9999 -9999 -9999 -9999 -9999 -9999 -9999 -9999 -9999 -9999 -9999 -9999 -9999 -9999 -9999 -9999 -9999 200 216 237 250 261 269 274 286 287 296 302 304 308 312 316 320 324 327 329 328 326 327 327 326 325 323 320 317 315 313 316 318 319 321 322 325 328 330 331 328 326 322 317 309 302 297 296 294 293 292 291 292 290 291 289 286 280 270 262 -9999 -9999 -9999 -9999 -9999 -9999 -9999 -9999 -9999 -9999 -9999 -9999 -9999 -9999
-9999 -9999 -9999 -9999 -9999 -9999 -9999 -9999 -9999 -9999 -9999 -9999 -9999 -9999 -9999 -9999 -9999 -9999 -9999 194 213 236 252 264 275 281 286 287 294 298 301 306 310 315 321 324 326 327 329 328 328 328 326 326 323 321 318 316 315 318 322 322 321 322 327 329 330 331 330 327 323 318 312 303 300 297 293 291 287 285 284 282 280 278 277 270 260 253 -9999 -9999 -9999 -9999 -9999 -9999 -9999 -9999 -9999 -9999 -9999 -9999 -9999 -9999
-9999 -9999 -9999 -9999 -9999 -9999 -9999 -9999 -9999 -9999 -9999 -9999 -9999 -9999 -9999 -9999 -9999 -9999 -9999 196 215 238 255 267 278 284 288 283 284 291 297 305 311 315 316 321 326 327 329 329 329 327 328 326 325 324 322 321 321 323 327 327 323 324 328 330 333 335 334 330 326 320 315 307 300 296 293 289 286 282 278 276 274 272 268 264 258 -9999 -9999 -9999 -9999 -9999 -9999 -9999 -9999 -9999 -9999 -9999 -9999 -9999 -9999 -9999
-9999 -9999 -9999 -9999 -9999 -9999 -9999 -9999 -9999 -9999 -9999 -9999 -9999 -9999 -9999 -9999 -9999 -9999 -9999 206 228 248 263 273 280 280 262 279 287 291 296 302 307 312 319 324 328 327 329 329 327 327 328 329 329 331 330 328 326 326 332 334 330 330 332 333 336 338 338 335 329 322 317 310 302 296 293 290 286 280 273 270 265 261 258 -9999 -9999 -9999 -9999 -9999 -9999 -9999 -9999 -9999 -9999 -9999 -9999 -9999 -9999 -9999 -9999 -9999
-9999 -9999 -9999 -9999 -9999 -9999 -9999 -9999 -9999 -9999 -9999 -9999 -9999 -9999 -9999 -9999 -9999 -9999 200 215 238 259 270 276 274 272 275 294 296 294 298 302 310 317 323 327 327 326 327 329 329 333 334 336 336 336 336 334 333 333 337 338 336 336 336 337 340 343 344 340 332 325 319 313 304 297 292 285 282 276 269 260 256 254 253 -9999 -9999 -9999 -9999 -9999 -9999 -9999 -9999 -9999 -9999 -9999 -9999 -9999 -9999 -9999 -9999 -9999
-9999 -9999 -9999 -9999 -9999 -9999 -9999 -9999 -9999 -9999 -9999 -9999 -9999 -9999 -9999 -9999 -9999 -9999 204 219 242 262 264 269 272 281 287 296 303 305 309 313 318 322 326 328 331 333 336 338 340 340 340 341 341 341 342 342 341 340 341 342 341 341 342 343 345 347 348 344 336 328 322 315 305 302 295 285 275 268 257 251 249 -9999 -9999 -9999 -9999 -9999 -9999 -9999 -9999 -9999 -9999 -9999 -9999 -9999 -9999 -9999 -9999 -9999 -9999 -9999
-9999 -9999 -9999 -9999 -9999 -9999 -9999 -9999 -9999 -9999 -9999 -9999 -9999 -9999 -9999 -9999 -9999 -9999 200 221 242 257 264 270 272 283 295 302 307 309 312 315 320 323 327 331 334 337 339 341 343 344 345 346 346 346 347 348 347 347 347 346 346 346 346 346 347 347 348 345 339 331 324 315 306 300 295 287 273 265 251 242 243 -9999 -9999 -9999 -9999 -9999 -9999 -9999 -9999 -9999 -9999 -9999 -9999 -9999 -9999 -9999 231 231 229 231
-9999 -9999 -9999 -9999 -9999 -9999 -9999 -9999 -9999 -9999 -9999 -9999 -9999 -9999 -9999 -9999 -9999 183 198 221 239 253 264 271 276 286 294 302 307 310 313 317 322 325 329 333 336 339 342 344 346 348 349 350 351 352 352 352 352 352 352 351 351 350 349 348 348 347 345 344 338 330 322 315 308 297 288 278 269 258 246 242 -9999 -9999 -9999 -9999 -9999 -9999 -9999 -9999 -9999 -9999 -9999 -9999 -9999 -9999 -9999 235 234 232 230 231
-9999 -9999 -9999 -9999 -9999 -9999 -9999 -9999 -9999 -9999 -9999 -9999 -9999 -9999 -9999 -9999 -9999 182 201 223 237 250 261 269 276 284 292 299 305 310 314 318 322 327 331 334 338 341 344 346 348 350 352 353 354 354 355 356 356 356 356 355 354 352 351 350 349 346 344 341 336 330 322 316 307 301 289 271 258 248 243 -9999 -9999 -9999 -9999 -9999 -9999 -9999 -9999 -9999 -9999 -9999 -9999 -9999 -9999 -9999 235 236 235 233 232 231
-9999 -9999 -9999 -9999 -9999 -9999 -9999 -9999 -9999 -9999 -9999 -9999 -9999 -9999 -9999 146 164 183 206 222 235 248 258 267 275 281 287 290 300 309 315 321 325 329 334 337 341 344 346 349 352 354 355 357 357 357 358 359 359 359 358 356 354 353 351 351 349 346 344 339 334 328 320 311 304 298 291 275 260 247 246 -9999 -9999 -9999 -9999 -9999 -9999 -9999 -9999 -9999 -9999 -9999 -9999 -9999 -9999 -9999 236 236 235 233 232 231
-9999 -9999 -9999 -9999 -9999 -9999 -9999 -9999 -9999 -9999 -9999 -9999 -9999 -9999 -9999 -9999 174 195 211 225 237 249 258 266 274 281 287 291 299 314 319 323 327 331 336 339 342 345 348 351 353 354 357 358 359 360 361 362 362 361 360 357 355 353 352 350 348 346 342 338 332 326 319 313 306 297 293 281 266 255 252 -9999 -9999 -9999 -9999 -9999 -9999 -9999 -9999 -9999 -9999 -9999 -9999 -9999 -9999 -9999 -9999 -9999 -9999 -9999 230 -9999
-9999 -9999 -9999 -9999 -9999 -9999 -9999 -9999 -9999 -9999 -9999 -9999 -9999 -9999 -9999 176 189 207 218 230 240 250 258 266 273 281 289 298 309 320 323 327 330 334 338 341 344 347 350 352 354 356 359 360 361 362 362 364 364 362 360 357 355 354 353 351 350 346 341 336 330 325 321 317 313 302 298 283 270 264 261 -9999 -9999 -9999 -9999 -9999 -9999 -9999 -9999 234 233 233 -9999 -9999 -9999 -9999 -9999 -9999 -9999 229 -9999 -9999
-9999 -9999 -9999 -9999 -9999 -9999 -9999 -9999 -9999 -9999 -9999 -9999 -9999 -9999 -9999 190 204 217 227 236 244 252 259 266 273 281 289 299 309 320 325 327 331 334 338 342 346 349 351 354 356 358 359 360 361 362 362 363 364 362 360 357 355 354 354 352 349 346 341 334 329 326 323 319 313 306 300 288 279 273 270 264 265 -9999 -9999 -9999 -9999 -9999 -9999 234 232 231 -9999 -9999 -9999 -9999 -9999 -9999 -9999 -9999 -9999 -9999
-9999 -9999 -9999 -9999 -9999 -9999 -9999 -9999 -9999 -9999 -9999 -9999 -9999 -9999 -9999 193 210 223 234 241 248 254 261 267 273 281 290 300 309 316 323 327 330 334 339 343 347 351 353 356 358 358 360 360 361 363 363 363 363 361 359 356 354 352 352 350 347 344 341 336 330 327 323 318 312 308 299 294 288 280 276 270 266 263 -9999 -9999 -9999 -9999 -9999 -9999 230 230 -9999 -9999 -9999 -9999 -9999 -9999 -9999 -9999 -9999 -9999
