resultados/variables_proyeccion_tiempo/variables_futuro_ccsm_A1B/bio7.asc
ncols 330
nrows 228
xllcorner -12.000000
yllcorner 34.000000
cellsize 0.166667
NODATA_value -9999
[rows 80 to 119 of 228, columns 184 to 275 of 330]
-9999 -9999 -9999 -9999 -9999 -9999 -9999 -9999 -9999 -9999 -9999 -9999 -9999 -9999 -9999 -9999 -9999 -9999 -9999 -9999 -9999 278 279 280 282 284 285 286 286 288 290 292 294 296 297 297 297 296 296 297 297 298 299 300 301 302 301 302 303 304 307 308 309 311 312 312 313 314 315 316 316 316 316 316 316 317 318 320 321 323 326 328 331 334 337 340 341 342 344 345 347 348 350 350 350 350 350 350 350 350 350 350
-9999 -9999 -9999 248 -9999 -9999 -9999 -9999 -9999 -9999 -9999 -9999 -9999 -9999 -9999 -9999 -9999 -9999 -9999 274 275 276 278 281 281 283 285 285 -9999 -9999 289 291 293 296 298 297 297 297 296 298 298 299 299 300 301 302 303 303 304 306 307 308 310 312 312 313 314 315 315 316 317 317 318 318 318 318 320 321 322 325 327 330 332 336 338 342 342 343 345 346 348 349 350 350 350 350 350 350 350 350 350 350
-9999 -9999 -9999 -9999 -9999 -9999 -9999 -9999 -9999 -9999 -9999 -9999 -9999 -9999 -9999 -9999 -9999 -9999 -9999 273 275 276 277 279 281 283 -9999 -9999 -9999 -9999 -9999 -9999 292 295 296 296 296 296 297 297 299 299 299 300 301 302 304 304 305 306 306 309 311 312 313 313 314 315 316 317 318 318 318 318 318 319 321 322 324 326 328 331 333 336 339 342 343 345 346 347 348 350 350 351 350 350 350 350 350 350 349 350
-9999 -9999 -9999 -9999 -9999 -9999 -9999 -9999 -9999 -9999 -9999 -9999 -9999 -9999 -9999 -9999 -9999 -9999 -9999 -9999 274 274 -9999 278 -9999 -9999 -9999 -9999 -9999 -9999 -9999 292 -9999 -9999 293 294 294 295 296 297 298 298 299 301 302 302 303 305 306 306 307 308 310 311 312 313 315 316 317 318 318 318 318 318 319 320 322 322 324 326 329 331 334 336 339 341 343 344 346 348 349 350 350 351 351 350 350 350 349 350 350 350
240 241 243 243 -9999 -9999 -9999 -9999 -9999 -9999 -9999 -9999 -9999 -9999 -9999 -9999 -9999 -9999 -9999 -9999 273 274 -9999 -9999 -9999 -9999 -9999 -9999 -9999 -9999 -9999 -9999 -9999 -9999 292 292 294 294 295 296 297 299 299 301 302 302 304 305 306 307 308 308 310 310 312 314 316 317 318 318 318 318 318 319 319 321 322 323 325 327 329 331 333 336 338 340 343 344 346 347 349 349 349 349 350 350 350 350 350 350 350 349
239 241 242 -9999 -9999 -9999 -9999 -9999 -9999 -9999 -9999 -9999 -9999 -9999 -9999 -9999 -9999 -9999 -9999 -9999 -9999 275 276 276 -9999 -9999 -9999 282 -9999 -9999 -9999 -9999 -9999 -9999 290 292 293 294 294 296 298 299 300 301 302 303 304 305 307 307 308 309 309 311 312 314 315 318 319 319 319 319 319 319 320 322 323 324 326 328 330 331 333 336 337 340 342 344 346 348 349 349 349 349 349 350 351 351 351 350 349 349
236 -9999 -9999 -9999 -9999 -9999 -9999 -9999 -9999 -9999 -9999 -9999 -9999 -9999 -9999 -9999 -9999 -9999 268 270 273 275 276 277 278 -9999 -9999 -9999 -9999 -9999 -9999 -9999 -9999 -9999 290 291 292 294 295 296 298 300 301 302 303 304 305 306 308 308 309 309 310 311 312 314 316 318 319 319 320 320 320 320 321 322 324 325 327 329 330 332 334 336 337 339 341 344 346 347 347 348 348 349 350 350 351 351 350 350 350 349
237 238 -9999 -9999 -9999 -9999 -9999 -9999 -9999 -9999 -9999 -9999 -9999 -9999 -9999 -9999 -9999 267 269 271 273 274 276 278 279 280 282 -9999 -9999 -9999 -9999 -9999 -9999 -9999 289 290 292 294 296 297 299 302 303 304 304 304 305 307 308 309 310 310 312 313 313 315 317 318 319 320 321 321 321 322 323 323 325 326 328 330 331 334 335 336 338 339 341 343 345 346 347 348 348 348 348 349 350 350 351 350 350 350
237 -9999 -9999 -9999 -9999 -9999 -9999 -9999 -9999 -9999 -9999 -9999 -9999 -9999 -9999 -9999 266 267 270 270 273 275 277 279 280 281 282 283 -9999 -9999 -9999 -9999 -9999 -9999 288 291 293 294 296 298 300 302 304 305 305 305 306 307 309 310 311 312 313 313 314 316 317 318 319 320 320 321 322 323 324 325 326 327 328 331 333 334 336 338 339 340 342 342 345 346 347 348 349 348 349 349 350 350 351 350 350 350
-9999 -9999 -9999 -9999 -9999 -9999 -9999 -9999 -9999 -9999 -9999 -9999 -9999 -9999 -9999 -9999 266 267 269 271 274 275 277 279 280 282 282 282 282 -9999 -9999 -9999 281 285 288 291 293 296 296 298 301 303 304 305 305 305 307 308 310 310 311 312 312 313 315 316 317 318 319 320 321 322 323 323 324 325 326 327 329 331 333 335 337 338 339 340 341 343 344 345 346 347 347 347 348 349 349 349 350 349 350 350
-9999 -9999 -9999 -9999 -9999 -9999 -9999 -9999 -9999 -9999 -9999 -9999 -9999 -9999 263 264 265 267 269 271 274 275 278 280 281 283 283 283 283 282 282 281 281 285 289 292 294 296 297 299 301 302 304 304 305 305 307 308 310 310 311 311 312 313 315 317 318 319 319 320 321 322 322 323 323 324 325 327 329 331 333 334 337 338 339 340 341 343 344 345 345 346 346 346 347 347 348 348 348 348 348 349
-9999 -9999 -9999 -9999 -9999 -9999 -9999 -9999 -9999 -9999 -9999 -9999 -9999 -9999 263 264 266 267 269 272 274 276 278 280 281 283 284 284 284 283 283 283 284 287 290 293 295 296 298 299 301 303 304 305 305 305 306 308 310 310 310 311 312 314 316 317 318 319 320 319 320 321 321 321 323 323 325 327 329 331 333 334 336 337 339 340 341 342 343 344 344 345 345 345 344 345 346 347 347 347 347 347
-9999 -9999 -9999 -9999 -9999 -9999 -9999 -9999 -9999 -9999 -9999 -9999 -9999 -9999 263 264 266 268 269 272 274 276 279 280 282 284 285 286 285 285 285 285 287 289 291 294 296 297 299 300 302 304 305 305 305 305 307 309 310 311 310 311 312 315 316 316 317 318 319 319 320 321 321 320 322 323 325 327 328 330 332 334 335 336 338 338 340 340 341 342 343 343 343 344 343 344 345 345 346 346 346 346
-9999 -9999 -9999 -9999 -9999 -9999 -9999 -9999 -9999 -9999 -9999 -9999 -9999 262 262 265 266 268 270 273 276 277 279 280 282 284 286 286 286 286 287 288 289 291 293 295 297 299 301 302 304 305 305 306 305 305 307 308 310 311 311 312 313 314 315 315 316 317 319 319 321 320 320 320 321 322 324 326 328 330 332 333 334 335 336 338 338 338 339 341 342 342 343 343 344 344 344 344 344 344 344 344
-9999 -9999 -9999 -9999 -9999 -9999 -9999 -9999 -9999 -9999 -9999 -9999 -9999 -9999 261 264 266 268 272 274 277 279 280 281 283 285 287 288 289 289 289 290 291 292 294 296 299 300 303 304 305 306 306 306 306 306 307 308 309 310 312 312 313 314 315 315 316 317 318 319 320 320 320 321 322 323 324 326 328 329 331 333 334 334 335 336 337 338 339 340 341 342 342 341 342 342 343 342 343 343 343 343
-9999 -9999 -9999 -9999 -9999 -9999 -9999 -9999 -9999 -9999 -9999 -9999 -9999 -9999 262 263 267 269 273 276 278 280 282 283 285 287 289 290 290 290 291 292 294 295 296 298 301 302 304 305 306 307 308 307 307 307 307 308 309 310 311 312 314 314 315 315 316 317 319 320 320 321 321 321 323 323 324 325 326 329 330 331 332 333 334 335 336 337 338 338 339 340 340 340 341 341 342 342 342 343 344 344
-9999 -9999 -9999 -9999 -9999 -9999 -9999 -9999 -9999 -9999 -9999 -9999 -9999 -9999 260 263 267 271 275 278 280 283 284 286 288 288 290 291 292 293 293 294 295 297 299 300 302 304 305 307 308 307 308 308 307 307 308 308 309 310 312 314 314 315 316 316 317 318 320 321 322 322 322 323 323 324 325 326 327 328 329 330 332 332 334 335 335 336 336 337 338 338 339 340 339 340 341 341 342 343 344 344
-9999 -9999 -9999 -9999 -9999 -9999 -9999 -9999 -9999 -9999 -9999 -9999 -9999 -9999 259 264 269 273 277 280 283 284 286 288 289 289 291 292 293 294 295 296 297 299 300 302 303 305 306 308 308 308 308 308 308 308 308 309 309 310 312 314 315 316 316 317 318 319 320 322 323 323 323 324 324 325 325 326 326 327 328 328 330 331 333 334 335 335 335 336 336 337 337 338 338 339 340 341 342 343 344 344
-9999 -9999 -9999 -9999 -9999 -9999 -9999 -9999 -9999 -9999 -9999 -9999 -9999 -9999 263 267 273 276 280 282 285 287 288 290 290 290 291 292 293 294 296 296 298 300 301 303 304 305 306 308 308 308 308 307 307 307 307 308 309 311 312 313 314 316 317 317 318 319 321 322 323 323 324 324 324 325 325 326 326 326 328 328 329 330 332 333 334 334 335 335 335 335 336 337 338 339 340 340 341 342 343 344
-9999 -9999 -9999 -9999 -9999 -9999 -9999 -9999 -9999 -9999 -9999 -9999 -9999 -9999 266 273 278 281 284 285 287 288 288 290 290 291 292 293 293 294 296 297 300 301 302 303 305 306 307 307 307 307 306 306 306 306 307 308 309 311 312 313 314 315 316 317 318 319 321 322 323 322 324 324 325 325 325 326 326 327 327 328 329 329 330 331 332 333 333 332 333 334 335 336 337 338 339 340 341 343 344 345
-9999 -9999 -9999 -9999 -9999 -9999 -9999 -9999 -9999 -9999 -9999 -9999 -9999 268 -9999 279 282 284 287 287 288 288 290 290 291 291 292 292 293 295 297 298 300 301 302 305 305 306 307 307 306 306 306 305 305 305 307 308 310 311 313 313 314 315 316 316 317 318 321 322 322 322 323 324 324 325 326 326 326 326 327 327 328 329 330 330 330 331 331 330 331 332 333 335 336 338 338 339 341 343 344 345
-9999 -9999 -9999 -9999 -9999 -9999 -9999 -9999 -9999 -9999 -9999 271 271 -9999 -9999 282 285 288 289 290 290 290 291 291 292 292 293 293 294 296 297 298 299 302 304 306 307 307 307 307 306 306 305 304 304 305 307 308 310 311 313 313 314 315 316 316 317 319 321 322 323 323 324 325 326 327 327 326 327 327 327 328 328 329 329 329 330 329 330 330 330 331 332 334 335 336 338 340 341 342 344 345
-9999 -9999 -9999 -9999 -9999 -9999 -9999 266 269 273 274 276 278 281 284 286 289 291 292 293 293 293 293 292 292 293 294 294 295 296 297 298 301 303 305 307 308 309 308 307 306 305 304 304 304 305 306 308 311 311 313 313 314 315 316 317 319 320 321 322 323 324 324 325 326 327 327 327 327 327 327 328 328 328 328 329 328 329 329 328 328 329 331 332 334 335 337 338 340 342 343 344
251 -9999 -9999 -9999 -9999 -9999 -9999 273 276 278 280 281 282 285 288 291 293 295 296 297 296 295 295 294 293 294 295 296 297 297 298 300 302 305 307 309 309 311 310 308 307 306 305 305 305 306 308 309 311 312 313 314 315 316 317 318 319 321 322 323 324 324 325 326 327 328 328 328 328 328 328 328 329 330 329 329 329 329 328 327 328 328 330 332 334 336 336 339 340 342 343 344
248 -9999 -9999 -9999 -9999 -9999 277 279 287 288 288 288 290 292 295 298 300 301 302 301 300 300 298 296 295 296 296 298 298 300 301 303 305 307 309 311 311 312 312 310 309 308 308 307 308 309 310 311 312 313 314 316 317 318 319 319 321 322 323 324 325 326 326 327 328 329 329 330 330 329 329 330 330 331 331 331 330 330 329 328 328 329 330 332 334 336 337 339 340 342 343 344
260 -9999 -9999 277 281 282 288 290 292 294 295 297 298 300 303 305 307 307 308 306 306 304 302 300 298 297 298 300 300 302 304 306 308 310 312 313 313 312 313 312 311 310 309 310 310 311 312 313 314 315 316 317 318 319 320 321 322 324 325 326 326 327 327 328 330 331 332 331 331 331 330 331 331 331 332 332 332 331 330 330 330 330 331 332 334 336 338 340 341 342 343 345
268 271 277 283 290 291 295 298 300 302 304 305 307 308 310 312 312 314 313 313 310 308 306 303 301 300 300 301 302 304 307 309 311 313 314 314 315 315 314 314 313 312 312 312 313 313 313 314 314 315 316 318 319 321 322 323 324 325 326 327 327 327 328 330 331 331 332 332 332 332 332 333 333 332 333 333 332 332 332 331 331 331 332 333 335 337 339 340 342 343 343 345
278 281 286 291 297 300 303 304 307 310 313 314 315 317 317 318 320 320 320 318 315 313 310 307 305 303 302 302 304 306 308 310 312 314 315 316 316 315 315 315 315 314 314 313 314 315 315 315 315 316 317 319 320 321 323 324 325 325 327 327 328 329 330 330 331 332 333 332 332 332 332 333 333 333 333 333 333 333 334 332 332 333 333 333 335 337 339 341 343 344 345 345
286 288 292 296 300 304 307 310 313 317 320 321 321 322 324 324 326 328 326 323 320 317 312 310 307 306 304 304 305 307 309 311 313 315 316 317 317 317 316 315 315 316 315 315 315 316 316 316 316 316 318 320 321 322 323 325 325 326 327 328 329 330 331 331 332 332 333 333 333 333 332 333 333 333 334 333 334 334 334 333 333 333 333 334 335 337 339 342 344 346 346 347
293 295 296 300 303 307 312 314 318 322 326 326 327 326 328 330 332 334 332 328 324 319 316 313 310 307 306 305 307 308 310 312 314 316 316 316 317 317 317 317 316 317 316 317 316 316 316 316 316 317 319 320 321 322 324 325 326 327 328 328 329 330 331 332 332 333 333 333 334 334 333 333 333 334 334 335 334 335 334 334 334 334 334 334 336 338 340 342 345 346 347 347
299 300 302 305 309 312 315 317 321 324 326 327 328 330 331 333 335 336 334 331 326 322 319 315 312 310 308 307 307 309 311 313 316 317 317 317 317 318 318 318 318 318 317 317 317 318 317 317 318 319 320 321 322 322 323 325 325 328 329 329 329 330 332 333 333 334 334 334 334 334 334 334 335 335 336 336 336 335 335 335 335 335 334 336 337 339 341 342 345 346 347 348
304 305 308 310 313 316 318 320 322 324 325 327 329 331 333 335 337 337 336 333 329 325 321 317 314 311 309 308 309 309 311 314 316 317 318 318 318 318 318 318 318 319 319 318 318 318 319 318 319 319 322 323 323 324 325 326 327 329 329 330 330 331 332 333 334 335 335 335 335 336 335 336 336 337 337 338 337 337 336 336 336 336 336 337 338 339 341 344 345 347 348 349
307 309 312 315 317 320 322 323 324 324 325 326 327 330 332 335 338 339 338 335 332 327 324 320 316 313 311 310 310 310 312 315 315 317 318 318 318 318 318 319 318 319 319 319 320 319 319 320 320 321 322 323 324 325 326 327 328 329 329 330 331 332 333 334 335 337 337 337 336 337 337 338 338 338 338 339 339 338 338 337 337 337 338 338 339 341 342 344 346 346 348 349
311 314 316 318 321 323 325 325 325 325 324 325 326 327 331 335 338 340 339 336 332 329 325 321 317 314 311 310 310 312 313 315 316 317 318 318 318 319 319 320 320 320 320 320 321 321 320 320 320 321 322 324 325 326 327 328 329 330 330 331 332 334 334 335 336 338 339 338 338 338 339 339 339 339 339 340 340 339 339 339 339 338 339 339 340 341 343 345 346 347 348 349
315 318 320 323 325 327 328 328 328 326 325 324 324 326 329 332 335 337 337 336 333 330 326 322 318 315 313 312 312 313 314 315 316 317 318 319 319 320 320 320 321 321 322 322 321 321 321 321 321 322 323 324 325 327 328 329 329 330 331 332 333 335 335 336 337 338 340 340 339 340 340 340 339 340 340 340 340 340 340 340 339 339 340 340 340 341 342 344 346 346 348 349
320 322 324 326 328 331 331 331 329 327 324 322 321 322 324 328 332 333 334 335 333 331 327 324 320 317 315 313 313 313 314 315 317 319 318 319 320 321 321 322 322 321 322 322 321 322 322 322 322 323 324 325 326 327 328 329 330 331 331 333 334 335 336 337 338 339 340 341 341 341 341 341 340 340 340 339 340 341 340 340 340 339 340 340 340 341 343 344 346 347 348 350
326 328 328 329 331 334 335 332 329 325 322 319 318 319 320 324 328 331 333 333 333 332 328 326 323 320 318 316 315 314 315 316 317 318 319 320 321 321 321 321 322 322 321 323 322 322 323 323 324 324 325 326 327 328 329 330 330 330 332 333 334 336 337 337 338 340 341 342 342 342 341 341 341 340 339 340 340 340 341 341 341 339 340 340 340 341 343 344 346 347 348 349
331 331 332 332 333 334 334 332 329 325 321 316 314 315 316 320 324 327 330 332 333 332 330 327 326 323 319 318 317 316 316 316 318 319 320 320 321 321 321 321 322 322 322 323 323 323 323 324 324 325 326 326 327 328 330 330 331 331 332 333 334 336 337 337 338 340 341 342 342 342 341 341 340 340 340 340 340 340 340 341 341 340 340 340 340 341 343 344 346 347 348 349
335 333 333 334 333 334 332 330 328 325 320 315 310 307 311 317 321 324 327 331 334 334 331 328 327 325 322 321 320 318 318 318 319 320 320 320 320 321 321 322 322 322 323 323 324 323 324 324 325 326 326 327 328 329 330 330 331 332 333 333 334 336 337 338 339 340 342 342 341 341 341 340 340 340 340 340 340 340 340 341 341 340 341 341 341 342 344 345 347 348 349 349
335 335 333 333 333 333 332 331 328 325 320 315 310 307 311 316 321 323 326 330 333 333 331 328 328 326 324 322 322 321 320 320 321 321 320 321 321 321 321 322 322 323 323 323 324 324 324 325 326 326 327 328 329 329 331 332 332 333 334 334 335 335 336 338 339 340 342 342 342 341 341 341 341 341 341 341 341 341 342 342 341 341 341 341 342 343 344 346 347 348 349 349
