resultados/variables_proyeccion_tiempo/variables_futuro_ccsm_A1B/bio8.asc
ncols 330
nrows 228
xllcorner -12.000000
yllcorner 34.000000
cellsize 0.166667
NODATA_value -9999
[rows 42 to 83 of 228, columns 95 to 189 of 330]
-9999 -9999 -9999 -9999 -9999 -9999 -9999 -9999 -9999 -9999 -9999 -9999 -9999 -9999 -9999 -9999 -9999 -9999 -9999 -9999 -9999 -9999 -9999 -9999 -9999 -9999 -9999 -9999 -9999 -9999 -9999 -9999 -9999 -9999 -9999 -9999 -9999 -9999 -9999 -9999 -9999 88 88 88 88 85 86 83 76 57 61 63 44 32 43 56 40 34 33 24 29 42 51 77 108 114 114 112 118 121 121 128 131 128 126 128 128 128 129 136 143 144 149 156 156 156 157 158 158 147 144 144 142 143 145
-9999 -9999 -9999 -9999 -9999 -9999 -9999 -9999 -9999 -9999 -9999 -9999 -9999 -9999 -9999 -9999 -9999 -9999 -9999 -9999 -9999 -9999 -9999 -9999 -9999 -9999 -9999 -9999 -9999 -9999 -9999 -9999 -9999 -9999 -9999 -9999 -9999 -9999 -9999 -9999 -9999 -9999 -9999 -9999 90 88 83 84 74 66 70 71 63 72 70 64 58 59 61 50 52 58 74 106 115 121 117 126 129 128 126 127 128 134 136 135 132 133 132 138 143 143 146 150 154 157 158 158 154 144 146 146 146 145 145
-9999 -9999 -9999 -9999 -9999 -9999 -9999 -9999 -9999 -9999 -9999 -9999 -9999 -9999 -9999 -9999 -9999 -9999 -9999 -9999 -9999 -9999 -9999 -9999 -9999 -9999 -9999 -9999 -9999 -9999 -9999 -9999 -9999 -9999 -9999 -9999 -9999 -9999 -9999 -9999 -9999 84 84 82 83 80 81 74 71 77 80 75 75 65 56 52 52 52 57 61 61 62 99 118 123 128 130 128 130 135 134 136 134 127 127 134 137 137 135 138 147 143 144 146 149 152 156 154 145 146 146 147 148 148 147
-9999 -9999 -9999 -9999 -9999 -9999 -9999 -9999 -9999 -9999 -9999 -9999 -9999 -9999 -9999 -9999 -9999 -9999 -9999 -9999 -9999 -9999 -9999 -9999 -9999 -9999 -9999 -9999 -9999 -9999 -9999 -9999 -9999 -9999 -9999 -9999 -9999 -9999 -9999 85 84 81 74 72 79 82 77 80 79 71 69 71 71 61 60 49 51 58 57 63 84 97 114 129 135 136 131 134 133 135 140 138 138 138 132 132 134 137 135 136 146 150 149 148 148 150 153 147 143 143 147 149 149 150 149
-9999 -9999 -9999 -9999 -9999 -9999 -9999 -9999 -9999 -9999 -9999 -9999 -9999 -9999 -9999 -9999 -9999 -9999 -9999 -9999 -9999 -9999 -9999 -9999 -9999 -9999 -9999 -9999 -9999 -9999 -9999 -9999 -9999 -9999 -9999 -9999 -9999 -9999 79 78 72 69 72 71 79 78 71 68 72 70 76 75 70 62 62 56 67 75 83 100 109 112 116 123 126 131 137 140 142 141 140 141 135 140 142 138 138 138 138 136 141 145 144 148 145 146 143 137 141 145 148 148 149 152 151
-9999 -9999 -9999 -9999 -9999 -9999 -9999 -9999 -9999 -9999 -9999 -9999 -9999 -9999 -9999 -9999 -9999 -9999 -9999 -9999 -9999 -9999 -9999 -9999 -9999 -9999 -9999 -9999 -9999 -9999 -9999 -9999 -9999 -9999 -9999 -9999 84 78 72 72 69 63 65 66 76 75 80 79 73 65 58 59 52 58 58 73 93 100 107 117 120 137 129 123 122 123 132 136 139 140 139 140 143 142 142 142 139 138 137 139 141 141 140 139 141 141 143 144 143 144 147 150 151 151 153
-9999 -9999 -9999 -9999 -9999 -9999 -9999 -9999 -9999 -9999 -9999 -9999 -9999 -9999 -9999 -9999 -9999 -9999 -9999 -9999 -9999 -9999 -9999 -9999 -9999 -9999 -9999 -9999 -9999 -9999 -9999 88 -9999 -9999 -9999 86 85 78 74 72 64 66 70 75 81 79 76 67 66 64 57 74 73 76 89 94 100 115 112 119 129 134 140 138 133 134 136 138 142 144 141 144 143 144 145 146 143 140 138 142 142 140 140 139 140 143 145 147 146 148 150 150 154 154 156
-9999 -9999 -9999 -9999 -9999 -9999 -9999 -9999 -9999 -9999 -9999 -9999 -9999 -9999 -9999 -9999 -9999 -9999 -9999 -9999 -9999 -9999 -9999 -9999 -9999 -9999 63 62 60 59 60 -9999 -9999 87 84 80 79 74 69 68 70 70 73 80 79 79 78 74 78 86 84 86 98 98 103 106 122 131 132 133 128 130 134 141 144 143 144 144 143 144 145 146 144 146 145 146 146 146 147 146 142 142 142 145 143 145 146 150 148 151 154 154 154 157 159
-9999 -9999 -9999 -9999 -9999 -9999 -9999 -9999 -9999 -9999 -9999 -9999 -9999 -9999 -9999 -9999 -9999 -9999 -9999 -9999 -9999 -9999 -9999 -9999 -9999 -9999 -9999 60 58 56 56 58 76 80 77 73 77 76 72 62 68 78 77 88 84 98 97 94 96 91 98 98 107 114 117 127 130 132 138 141 142 138 141 142 142 146 140 139 144 146 144 142 143 146 146 147 147 148 147 148 146 146 149 149 151 150 151 150 155 152 153 156 158 141 155
-9999 -9999 -9999 -9999 -9999 -9999 -9999 -9999 -9999 -9999 -9999 -9999 -9999 -9999 -9999 -9999 -9999 -9999 -9999 -9999 -9999 -9999 -9999 -9999 63 62 63 58 54 53 48 45 54 66 68 70 76 77 70 76 74 92 108 107 106 101 98 104 99 110 119 121 127 131 125 123 135 134 136 140 141 144 146 147 146 146 144 140 142 145 143 143 140 138 142 145 148 148 150 147 144 145 146 148 152 154 156 133 131 115 117 119 146 86 65
-9999 -9999 -9999 -9999 -9999 -9999 -9999 -9999 -9999 -9999 -9999 -9999 -9999 -9999 -9999 -9999 -9999 -9999 -9999 -9999 -9999 -9999 -9999 -9999 61 54 56 48 46 39 37 38 30 47 67 73 66 71 73 80 87 103 104 106 108 113 109 114 112 118 114 120 124 122 119 127 132 134 138 141 144 147 148 148 147 146 147 147 147 147 145 145 146 142 143 142 145 150 151 154 153 150 151 152 150 152 108 64 66 68 67 68 -9999 -9999 -9999
-9999 -9999 -9999 -9999 -9999 -9999 -9999 -9999 -9999 -9999 -9999 -9999 -9999 -9999 -9999 -9999 -9999 -9999 -9999 -9999 -9999 68 62 57 60 55 56 44 42 34 29 31 31 55 62 64 70 77 83 100 98 113 114 117 118 120 121 116 112 110 103 108 97 105 118 116 110 119 121 119 132 142 147 148 144 146 145 144 146 144 142 144 145 147 148 150 146 146 149 148 148 153 145 104 96 83 70 65 70 70 -9999 -9999 -9999 -9999 -9999
-9999 -9999 -9999 -9999 -9999 -9999 -9999 -9999 -9999 -9999 -9999 -9999 -9999 -9999 -9999 -9999 -9999 80 76 70 57 53 49 48 50 46 48 42 36 32 18 10 7 35 54 69 86 93 106 112 112 119 113 121 118 105 102 113 113 103 104 102 108 109 106 114 121 123 122 118 126 134 142 149 148 146 146 146 146 146 146 144 143 146 147 145 151 147 144 144 145 147 139 73 68 68 69 70 72 -9999 -9999 -9999 -9999 -9999 -9999
-9999 -9999 -9999 -9999 -9999 -9999 -9999 -9999 -9999 -9999 -9999 -9999 -9999 -9999 80 83 81 71 66 66 52 56 48 51 44 40 25 29 11 14 4 -1 17 56 83 94 100 113 105 106 105 99 102 105 110 115 108 110 112 106 104 108 110 115 118 124 126 125 130 135 136 137 141 145 145 145 146 146 147 146 143 146 144 146 149 147 148 151 147 147 146 150 123 64 71 74 75 -9999 -9999 -9999 -9999 -9999 -9999 -9999 -9999
-9999 -9999 -9999 -9999 -9999 -9999 -9999 -9999 -9999 -9999 -9999 -9999 -9999 80 51 65 70 63 59 60 40 46 42 36 19 22 3 -0 1 -1 -7 15 64 78 90 93 99 104 108 106 98 99 103 110 112 114 112 113 111 105 108 116 120 115 117 124 125 125 127 128 129 137 139 145 142 144 144 144 143 145 150 151 147 149 149 151 147 149 150 152 154 155 87 68 73 77 -9999 -9999 -9999 -9999 -9999 -9999 -9999 -9999 -9999
-9999 -9999 -9999 -9999 -9999 -9999 -9999 -9999 -9999 -9999 79 76 70 78 76 69 69 54 52 36 23 21 19 5 5 1 -6 -8 -5 -23 18 67 76 77 86 86 91 94 100 111 110 108 116 112 108 109 112 115 119 114 113 114 121 124 124 129 128 134 136 138 136 133 137 142 146 146 150 149 151 150 148 144 146 148 151 154 153 151 151 154 145 94 80 73 -9999 -9999 -9999 -9999 -9999 -9999 -9999 -9999 -9999 -9999 -9999
-9999 -9999 -9999 -9999 -9999 -9999 -9999 76 78 76 73 73 71 60 53 46 43 36 38 33 23 18 4 -8 -10 2 -3 -8 3 39 74 79 76 90 98 96 89 98 102 111 117 118 114 107 108 115 114 120 122 117 118 120 119 120 120 120 122 129 131 138 138 144 136 136 137 145 150 152 150 148 148 146 145 146 144 146 148 150 153 158 147 116 127 -9999 -9999 -9999 -9999 -9999 -9999 -9999 -9999 -9999 -9999 -9999 -9999
-9999 -9999 -9999 -9999 -9999 -9999 -9999 70 75 74 69 50 53 59 48 44 33 35 34 13 6 2 -9 -7 -19 -27 -22 -7 34 63 90 107 100 85 89 92 110 107 105 106 118 117 120 120 116 119 125 131 127 123 125 125 127 124 124 124 127 131 132 136 141 145 146 145 146 145 149 152 150 150 147 151 151 148 151 151 151 154 154 157 158 149 128 -9999 -9999 -9999 -9999 -9999 -9999 -9999 -9999 -9999 -9999 -9999 -9999
-9999 -9999 -9999 -9999 -9999 -9999 73 76 65 65 56 55 55 50 54 48 51 36 27 23 8 -13 -14 -8 2 4 15 12 50 90 99 106 112 105 84 80 81 98 103 104 105 113 128 130 122 120 126 133 134 134 133 131 133 131 128 131 131 133 134 137 138 142 140 142 146 144 145 146 149 152 154 155 157 154 154 158 160 160 156 161 164 164 -9999 -9999 -9999 -9999 -9999 -9999 -9999 -9999 -9999 -9999 -9999 -9999 -9999
-9999 -9999 -9999 -9999 -9999 -9999 97 70 60 45 42 38 43 45 34 52 25 21 4 -5 -10 -9 -13 -16 -26 -21 4 22 59 73 98 113 113 114 121 106 104 99 103 110 116 127 123 126 132 128 132 132 128 127 133 134 130 132 137 139 138 133 134 136 134 138 141 139 142 144 147 149 149 149 151 156 156 160 159 156 159 161 162 165 166 167 -9999 -9999 -9999 -9999 -9999 -9999 -9999 -9999 -9999 -9999 -9999 -9999 -9999
-9999 -9999 -9999 -9999 -9999 107 102 87 65 65 59 59 46 40 34 37 31 2 3 6 16 -9 1 2 -21 -15 -19 2 46 72 94 92 111 103 114 123 122 122 111 106 112 119 129 134 138 128 132 131 128 133 128 130 129 130 134 139 140 139 137 139 139 140 139 137 140 144 149 151 154 155 151 153 152 153 158 158 156 158 163 167 168 166 -9999 -9999 -9999 -9999 -9999 -9999 -9999 -9999 -9999 -9999 -9999 -9999 -9999
-9999 -9999 -9999 -9999 -9999 -9999 100 88 64 67 60 58 51 46 32 20 14 26 12 20 25 24 -4 -9 10 -8 5 29 53 81 85 98 107 107 101 113 111 114 128 114 113 118 126 134 137 135 135 136 140 137 136 136 135 134 136 142 142 140 141 142 140 141 139 140 141 144 150 155 153 156 157 158 161 162 160 163 161 162 166 168 -9999 -9999 -9999 -9999 -9999 -9999 -9999 -9999 -9999 -9999 -9999 -9999 -9999 -9999 -9999
-9999 -9999 -9999 -9999 -9999 109 108 99 80 67 56 49 42 33 32 20 44 20 25 35 34 14 21 22 4 17 19 44 55 86 109 104 104 103 108 113 119 127 137 132 112 119 123 127 139 145 138 137 139 136 138 139 138 138 137 139 141 144 145 147 147 150 147 146 151 152 154 158 154 156 157 158 157 157 161 165 165 166 167 169 170 -9999 -9999 -9999 -9999 -9999 -9999 -9999 -9999 -9999 -9999 -9999 -9999 -9999 -9999
-9999 -9999 -9999 -9999 -9999 107 103 90 85 80 73 55 37 30 34 33 39 16 29 26 4 17 12 10 20 14 21 53 72 90 112 126 114 112 112 109 118 122 128 147 138 132 131 130 136 148 144 138 138 137 138 141 145 142 138 138 141 142 146 148 148 150 152 160 161 156 155 156 156 156 155 158 153 153 156 157 160 166 167 170 -9999 -9999 -9999 -9999 -9999 -9999 -9999 -9999 -9999 -9999 -9999 -9999 -9999 -9999 -9999
-9999 -9999 -9999 -9999 -9999 110 107 102 85 62 47 33 35 25 20 22 11 16 13 18 4 -11 -18 -22 1 7 54 66 65 91 111 113 123 120 125 124 129 137 134 135 147 151 147 141 139 149 150 149 143 143 143 147 145 142 143 142 142 144 143 149 154 152 152 157 162 163 161 161 159 158 158 159 154 154 158 160 164 168 169 170 171 -9999 -9999 -9999 -9999 -9999 -9999 -9999 -9999 -9999 -9999 -9999 -9999 -9999 -9999
-9999 -9999 -9999 -9999 -9999 110 109 108 103 60 61 55 34 35 18 31 28 18 6 -1 -14 -19 -18 -5 18 22 58 68 74 86 110 115 107 116 126 131 131 136 147 141 145 154 158 160 158 151 149 153 151 149 151 149 145 149 146 143 144 148 149 151 153 154 152 152 155 160 161 160 158 161 162 164 164 161 160 162 166 168 169 170 171 -9999 -9999 -9999 -9999 -9999 -9999 -9999 -9999 -9999 -9999 -9999 -9999 -9999 -9999
-9999 -9999 -9999 -9999 -9999 109 109 107 103 100 67 51 41 39 33 34 32 26 27 -3 -8 -24 -22 -1 4 36 76 77 80 81 89 110 112 115 117 133 146 140 148 144 143 144 141 146 156 147 144 146 156 158 152 145 144 147 148 154 150 146 147 151 153 154 157 158 156 158 162 163 161 163 167 167 162 164 165 168 170 170 170 170 171 171 172 174 173 -9999 -9999 174 -9999 -9999 -9999 -9999 -9999 -9999 -9999
-9999 -9999 -9999 -9999 -9999 -9999 109 106 103 84 61 55 35 33 36 30 31 28 0 13 -3 -5 2 23 22 42 70 72 76 78 85 96 95 108 113 109 120 128 139 128 135 137 139 135 131 138 127 139 149 155 152 152 150 150 156 156 156 152 150 153 152 154 156 158 160 159 161 156 160 165 166 168 168 168 166 167 169 170 170 170 170 171 172 173 173 175 175 169 -9999 -9999 -9999 -9999 -9999 -9999 75
-9999 -9999 -9999 -9999 -9999 -9999 107 105 105 90 76 58 50 52 36 15 20 -1 -4 -6 -12 -15 8 20 20 43 64 65 66 75 83 86 84 96 104 113 116 117 122 116 112 114 113 83 82 103 95 115 124 128 149 152 151 156 157 161 155 159 157 156 154 154 151 155 156 158 162 163 162 164 165 165 168 169 168 169 169 171 171 170 170 171 171 172 173 174 176 175 176 136 -9999 -9999 -9999 -9999 75
-9999 -9999 -9999 -9999 -9999 -9999 -9999 108 105 102 84 64 64 39 23 -2 20 -3 -9 -12 -12 -11 10 22 20 49 65 66 67 82 77 100 98 107 117 122 121 129 132 112 115 118 93 77 77 77 76 85 102 108 114 121 147 154 159 159 159 159 162 161 158 157 159 156 156 158 159 162 164 166 168 168 167 169 171 170 172 172 172 171 171 171 173 173 175 177 177 177 177 164 137 -9999 -9999 -9999 -9999
-9999 -9999 -9999 -9999 -9999 -9999 -9999 108 107 86 84 62 44 38 19 22 22 5 2 -10 -8 -3 10 8 22 52 70 71 69 89 90 95 96 106 111 119 106 112 121 122 120 118 81 80 78 76 76 74 76 78 80 80 94 111 120 131 154 161 164 160 158 160 160 161 162 162 164 162 161 164 166 170 171 171 173 173 174 173 173 172 172 173 174 175 178 180 180 179 178 170 133 103 -9999 -9999 -9999
-9999 -9999 -9999 -9999 -9999 -9999 -9999 -9999 106 103 102 77 54 49 27 24 16 17 -2 -3 0 24 43 35 29 75 79 72 81 87 94 91 88 106 100 86 91 102 99 102 89 90 84 81 83 82 79 79 77 80 83 84 83 77 91 96 105 122 142 156 163 163 162 163 165 165 163 168 167 169 171 171 172 172 174 175 175 175 176 176 176 176 176 178 180 182 183 181 180 148 103 86 85 -9999 -9999
-9999 -9999 -9999 -9999 -9999 -9999 -9999 -9999 107 104 87 81 54 42 41 38 30 26 11 4 4 23 6 41 54 50 82 88 79 78 82 80 78 78 77 79 76 95 89 92 90 95 92 89 88 85 84 82 83 82 79 82 88 86 87 84 88 89 119 138 150 166 166 164 164 164 168 169 173 173 173 174 175 176 177 178 178 178 178 178 178 179 180 182 185 186 184 182 174 151 90 -9999 -9999 -9999 -9999
-9999 -9999 -9999 -9999 -9999 -9999 -9999 -9999 106 102 101 81 63 60 52 41 29 11 7 1 6 29 26 48 59 64 72 69 71 69 69 82 82 67 69 70 84 91 96 100 100 101 98 93 93 90 87 88 88 86 83 82 83 88 89 88 88 89 95 127 132 129 143 165 166 166 166 172 175 175 176 176 177 178 178 178 179 179 179 180 180 182 184 184 187 188 187 185 158 94 92 -9999 -9999 -9999 -9999
-9999 -9999 -9999 -9999 -9999 -9999 111 -9999 106 104 100 102 90 62 52 40 25 14 10 10 10 35 46 51 56 67 51 70 64 74 75 86 89 93 92 88 95 96 102 104 104 104 103 102 97 92 89 91 90 90 89 86 88 90 89 90 91 91 94 111 125 124 132 139 162 157 156 175 176 177 177 177 178 177 178 177 177 178 178 179 180 182 183 185 187 188 186 174 96 96 94 -9999 -9999 -9999 -9999
-9999 -9999 -9999 -9999 -9999 -9999 -9999 -9999 108 105 103 100 96 56 48 42 29 21 25 12 11 24 64 54 59 65 65 71 71 75 85 92 92 96 98 98 100 104 107 109 -9999 109 106 104 101 98 92 91 91 90 90 88 90 92 93 92 92 92 92 97 111 117 103 120 130 126 168 174 174 175 175 176 177 177 177 178 178 179 180 180 181 182 183 184 185 186 176 112 -9999 -9999 -9999 -9999 -9999 -9999 -9999
-9999 -9999 -9999 -9999 -9999 -9999 -9999 -9999 -9999 -9999 102 100 89 64 49 31 22 26 28 22 20 24 56 73 63 67 74 79 87 81 87 95 98 99 101 104 105 107 -9999 -9999 -9999 -9999 -9999 107 104 98 95 92 92 93 91 92 94 95 95 94 93 93 93 92 92 98 89 109 130 142 167 170 172 173 174 176 176 177 178 179 181 181 181 181 182 183 162 149 115 102 102 102 -9999 -9999 -9999 -9999 -9999 -9999 -9999
-9999 -9999 -9999 -9999 -9999 -9999 -9999 -9999 -9999 -9999 103 99 84 55 48 39 37 43 32 27 26 35 50 77 71 78 82 88 91 91 95 102 104 105 -9999 -9999 -9999 -9999 -9999 -9999 -9999 -9999 -9999 108 106 101 99 96 95 94 91 96 97 96 95 95 94 94 93 92 92 90 88 94 134 139 168 170 172 174 176 176 177 175 176 178 179 181 181 150 182 170 103 103 103 -9999 -9999 -9999 -9999 -9999 -9999 -9999 -9999 -9999 -9999
-9999 -9999 -9999 -9999 -9999 -9999 -9999 -9999 -9999 -9999 103 97 93 77 51 50 48 50 46 40 35 45 59 83 82 84 93 94 95 101 104 105 -9999 -9999 -9999 -9999 -9999 -9999 -9999 -9999 -9999 -9999 -9999 -9999 107 105 101 98 98 96 97 98 98 97 96 96 95 92 93 91 92 91 90 89 95 122 173 172 174 175 175 177 179 179 181 182 181 182 182 183 -9999 -9999 -9999 -9999 -9999 -9999 -9999 -9999 -9999 -9999 -9999 -9999 -9999 -9999 -9999
-9999 -9999 -9999 -9999 -9999 -9999 -9999 -9999 -9999 -9999 -9999 -9999 103 96 66 58 61 58 57 50 54 56 58 64 77 72 74 84 105 107 109 -9999 -9999 -9999 -9999 -9999 -9999 -9999 -9999 -9999 -9999 -9999 -9999 -9999 108 106 105 102 100 100 99 99 99 98 96 96 94 92 90 84 91 90 88 91 92 163 173 173 175 176 177 178 178 178 179 181 181 164 163 -9999 -9999 -9999 -9999 -9999 -9999 -9999 -9999 -9999 -9999 -9999 -9999 -9999 100 -9999 -9999
-9999 -9999 -9999 -9999 -9999 -9999 -9999 -9999 -9999 -9999 -9999 -9999 -9999 -9999 -9999 65 66 68 60 57 58 60 63 62 70 75 71 87 109 -9999 -9999 -9999 -9999 -9999 -9999 -9999 -9999 -9999 -9999 -9999 -9999 -9999 -9999 -9999 -9999 109 107 105 102 100 100 99 98 97 97 95 93 91 88 87 90 90 91 93 112 170 170 172 173 173 175 176 176 178 179 155 160 109 104 -9999 -9999 -9999 -9999 -9999 -9999 -9999 -9999 -9999 -9999 -9999 -9999 -9999 -9999 -9999 -9999
-9999 -9999 -9999 -9999 -9999 -9999 -9999 -9999 -9999 -9999 -9999 -9999 -9999 -9999 -9999 -9999 72 67 66 70 66 67 71 69 82 76 76 -9999 -9999 -9999 -9999 -9999 -9999 -9999 -9999 -9999 -9999 -9999 -9999 -9999 -9999 -9999 -9999 -9999 -9999 108 108 106 103 102 101 98 98 98 95 93 91 89 88 86 86 85 93 98 151 167 168 171 171 170 173 176 174 176 173 116 107 104 -9999 -9999 -9999 -9999 -9999 -9999 -9999 -9999 -9999 -9999 -9999 -9999 -9999 -9999 -9999 -9999 -9999
