resultados/variables_proyeccion_tiempo/variables_futuro_ccsm_A1B/bio8.asc
ncols 330
nrows 228
xllcorner -12.000000
yllcorner 34.000000
cellsize 0.166667
NODATA_value -9999
[rows 0 to 41 of 228, columns 190 to 284 of 330]
-9999 -9999 -9999 -9999 -9999 -9999 -9999 -9999 -9999 -9999 -9999 -9999 -9999 -9999 -9999 -9999 -9999 -9999 -9999 -9999 -9999 -9999 -9999 -9999 -9999 -9999 -9999 -9999 -9999 -9999 -9999 -9999 -9999 -9999 -9999 -9999 -9999 -9999 -9999 -9999 -9999 -9999 -9999 -9999 -9999 -9999 -9999 -9999 -9999 -9999 -9999 -9999 -9999 -9999 -9999 -9999 -9999 -9999 -9999 -9999 -9999 -9999 -9999 -9999 -9999 -9999 -9999 -9999 -9999 -9999 -9999 -9999 -9999 -9999 -9999 -9999 -9999 -9999 -9999 -9999 -9999 -9999 -9999 -9999 -9999 -9999 -9999 -9999 -9999 -9999 -9999 -9999 -9999 -9999 -9999
-9999 -9999 -9999 -9999 -9999 -9999 -9999 -9999 -9999 -9999 -9999 -9999 -9999 -9999 -9999 -9999 -9999 -9999 -9999 -9999 -9999 -9999 -9999 -9999 -9999 -9999 -9999 -9999 -9999 -9999 -9999 -9999 -9999 -9999 -9999 -9999 -9999 -9999 -9999 -9999 -9999 -9999 -9999 -9999 -9999 -9999 -9999 -9999 -9999 -9999 -9999 -9999 -9999 -9999 -9999 -9999 -9999 -9999 -9999 -9999 -9999 -9999 -9999 -9999 -9999 -9999 -9999 -9999 -9999 -9999 -9999 -9999 -9999 -9999 -9999 -9999 -9999 -9999 -9999 -9999 -9999 -9999 -9999 -9999 -9999 -9999 -9999 -9999 -9999 -9999 -9999 -9999 -9999 -9999 -9999
-9999 -9999 -9999 -9999 -9999 -9999 -9999 -9999 -9999 -9999 -9999 -9999 -9999 -9999 -9999 -9999 -9999 -9999 -9999 -9999 -9999 -9999 -9999 -9999 -9999 -9999 -9999 -9999 -9999 -9999 -9999 -9999 -9999 -9999 -9999 -9999 -9999 -9999 -9999 -9999 -9999 -9999 -9999 -9999 -9999 -9999 -9999 -9999 -9999 -9999 -9999 -9999 -9999 -9999 -9999 -9999 -9999 -9999 -9999 -9999 -9999 -9999 -9999 -9999 -9999 -9999 -9999 -9999 -9999 -9999 -9999 -9999 -9999 -9999 -9999 -9999 -9999 -9999 -9999 -9999 -9999 -9999 -9999 -9999 -9999 -9999 -9999 -9999 -9999 -9999 -9999 -9999 -9999 -9999 -9999
-9999 -9999 -9999 -9999 -9999 -9999 -9999 -9999 -9999 -9999 -9999 -9999 -9999 -9999 -9999 -9999 -9999 -9999 -9999 -9999 -9999 -9999 -9999 -9999 -9999 -9999 -9999 -9999 -9999 -9999 -9999 -9999 -9999 -9999 -9999 -9999 -9999 -9999 -9999 -9999 -9999 -9999 -9999 -9999 -9999 -9999 -9999 -9999 -9999 -9999 -9999 -9999 -9999 -9999 -9999 -9999 -9999 -9999 -9999 -9999 -9999 -9999 -9999 -9999 -9999 -9999 -9999 -9999 -9999 -9999 -9999 -9999 -9999 -9999 -9999 -9999 -9999 -9999 -9999 -9999 -9999 -9999 -9999 -9999 -9999 -9999 -9999 -9999 -9999 -9999 -9999 -9999 -9999 -9999 -9999
-9999 -9999 -9999 -9999 -9999 -9999 -9999 -9999 -9999 -9999 -9999 -9999 -9999 -9999 -9999 -9999 -9999 -9999 -9999 -9999 -9999 -9999 -9999 -9999 -9999 -9999 -9999 -9999 -9999 -9999 -9999 -9999 -9999 -9999 -9999 -9999 -9999 -9999 -9999 -9999 -9999 -9999 -9999 -9999 -9999 -9999 -9999 -9999 -9999 -9999 -9999 -9999 -9999 -9999 -9999 -9999 -9999 -9999 -9999 -9999 -9999 -9999 -9999 -9999 -9999 -9999 -9999 -9999 -9999 -9999 -9999 -9999 -9999 -9999 -9999 -9999 -9999 -9999 -9999 -9999 -9999 -9999 -9999 -9999 -9999 -9999 -9999 -9999 -9999 -9999 -9999 -9999 -9999 -9999 -9999
-9999 -9999 -9999 -9999 -9999 -9999 -9999 -9999 -9999 -9999 -9999 -9999 -9999 -9999 -9999 -9999 -9999 -9999 -9999 -9999 -9999 -9999 -9999 -9999 -9999 -28 -23 -9999 -9999 -36 -26 -26 -18 -30 -1 103 112 113 115 118 -9999 -9999 -9999 -9999 -9999 112 118 112 116 117 116 102 -9999 -9999 -9999 -9999 -9999 -9999 -9999 -9999 -9999 -9999 -9999 -9999 -9999 -9999 -9999 -9999 -9999 -9999 -9999 -9999 -9999 -9999 -9999 -9999 -9999 -9999 -9999 -9999 -9999 -9999 -9999 -9999 -9999 -9999 -9999 -9999 -9999 -9999 -9999 -9999 -9999 -9999 -9999
-9999 -9999 -9999 -9999 -9999 -9999 -9999 -9999 -9999 -9999 -9999 -9999 -9999 -9999 -9999 -9999 -9999 -9999 -9999 -9999 -19 -29 -9999 -9999 -9999 -28 -27 -22 -34 -34 -35 -30 -30 -21 -10 99 108 119 125 -9999 108 113 118 -9999 113 119 116 113 111 112 110 107 106 94 101 90 93 -9999 -9999 -9999 -9999 -9999 -9999 -9999 -9999 -9999 -9999 -9999 -9999 -9999 -9999 -9999 -9999 -9999 -9999 -9999 -9999 -9999 -9999 -9999 -9999 -9999 -9999 -9999 -9999 -9999 -9999 -9999 -9999 -9999 -9999 -9999 -9999 -9999 -9999
-9999 -9999 -9999 -9999 -9999 -9999 -9999 -9999 -9999 -9999 -9999 -9999 -9999 -9999 -9999 -9999 -30 -30 -32 -22 -27 -30 -27 -34 -30 -29 -29 -27 -32 -30 -36 -40 -39 -14 40 110 119 125 116 108 110 110 118 -9999 114 114 112 110 109 112 116 109 -9999 112 110 106 103 88 91 82 85 86 89 -9999 -9999 -9999 -9999 -9999 -9999 -9999 -9999 -9999 -9999 -9999 -9999 -9999 -9999 -9999 -9999 -9999 -9999 -9999 -9999 -9999 -9999 -9999 -9999 -9999 -9999 -9999 -9999 -9999 -9999 -9999 -9999
-9999 -9999 -9999 -9999 -9999 -9999 -9999 -9999 -9999 -9999 -9999 -9999 -9999 -21 -20 -24 -30 -26 -27 -30 -33 -22 -30 -29 -37 -39 -29 -42 -48 -35 -35 -35 11 109 85 -9999 126 122 114 115 110 119 -9999 -9999 117 114 113 109 110 106 105 110 110 106 105 106 109 103 99 82 85 82 84 85 88 90 -9999 -9999 -9999 -9999 -9999 -9999 -9999 -9999 -9999 -9999 -9999 -9999 -9999 -9999 -9999 -9999 -9999 -9999 -9999 -9999 -9999 -9999 -9999 -9999 -9999 -9999 -9999 -9999 -9999
-9999 -9999 -9999 -9999 -9999 -9999 -9999 -9999 -9999 -9999 82 -9999 -20 -9999 -14 -9999 -28 -26 -32 -48 -49 -48 -43 -38 -38 -42 -48 -42 -40 -2 48 95 117 128 126 124 122 119 113 112 118 124 120 119 114 111 110 110 115 119 122 119 116 115 110 109 110 112 109 104 94 81 82 81 83 87 90 92 84 -9999 -9999 -9999 -9999 -9999 -9999 -9999 -9999 -9999 -9999 -9999 -9999 -9999 -9999 -9999 -9999 -9999 -9999 -9999 -9999 -9999 -9999 -9999 -9999 -9999 -9999
1 8 -9999 57 0 -5 -28 -9999 -9999 80 78 13 -22 -3 11 -33 -40 -34 -39 -38 -47 -53 -34 -43 -48 -46 -43 5 82 112 116 122 128 128 115 116 109 112 113 116 112 113 116 116 114 113 113 116 118 120 122 119 120 117 113 114 117 117 111 109 106 107 92 90 91 88 91 92 91 -9999 -9999 -9999 -9999 -9999 -9999 -9999 -9999 -9999 -9999 -9999 -9999 -9999 -9999 -9999 -9999 -9999 -9999 -9999 -9999 -9999 -9999 -9999 -9999 -9999 -9999
2 -3 3 -9999 -15 -12 -23 -10 -9999 -7 55 -1 29 -18 1 -2 16 -1 -16 -32 -27 -29 -40 -42 -20 65 91 114 109 108 115 122 130 114 103 105 108 102 105 99 103 108 111 112 114 117 122 122 122 121 124 120 122 122 123 123 122 121 122 118 118 122 106 94 97 -9999 -9999 -9999 -9999 -9999 -9999 -9999 -9999 -9999 -9999 -9999 -9999 -9999 -9999 -9999 -9999 -9999 -9999 -9999 -9999 -9999 -9999 -9999 -9999 -9999 -9999 -9999 -9999 -9999 -9999
5 9 2 -10 3 -17 -22 -8 20 20 65 71 63 -8 27 77 81 95 76 41 1 -5 2 67 110 108 110 111 103 100 101 121 124 116 108 110 106 104 107 110 118 115 118 121 119 119 118 117 118 123 124 117 115 116 116 116 115 118 120 122 124 124 121 119 -9999 -9999 -9999 -9999 -9999 -9999 -9999 -9999 -9999 95 91 92 92 -9999 -9999 -9999 -9999 -9999 -9999 -9999 -9999 -9999 -9999 -9999 -9999 -9999 -9999 -9999 -9999 -9999 -9999
9 13 -11 -9 -9999 11 7 74 35 77 96 92 106 112 94 111 108 103 105 106 99 113 112 110 113 110 111 113 110 107 111 119 122 121 120 118 117 119 119 120 118 119 119 123 121 118 119 118 115 118 119 120 118 117 121 124 122 124 125 125 124 125 126 121 122 119 117 120 112 111 111 -9999 92 105 108 115 114 126 126 128 132 -9999 -9999 -9999 -9999 -9999 -9999 -9999 -9999 -9999 -9999 -9999 -9999 -9999 -9999
11 28 11 -8 28 34 59 97 100 107 108 98 106 99 101 109 112 115 114 113 110 108 112 112 114 111 114 115 115 114 113 116 120 121 121 129 125 127 123 125 125 126 123 124 123 123 121 120 120 121 122 124 125 126 126 126 126 126 124 122 122 125 126 126 121 118 116 120 123 124 119 116 117 117 113 123 121 125 125 126 128 -9999 -9999 -9999 -9999 -9999 -9999 -9999 -9999 -9999 -9999 -9999 -9999 -9999 -9999
51 74 67 52 96 93 91 104 102 107 110 114 116 112 111 110 117 120 117 115 111 111 112 117 114 114 116 118 118 118 118 121 124 125 124 125 131 131 133 133 132 129 129 126 123 124 123 125 125 125 125 126 127 127 127 125 123 123 125 127 128 129 128 122 115 116 119 123 126 121 120 122 122 122 124 127 129 128 129 131 131 129 132 -9999 -9999 -9999 126 126 -9999 -9999 -9999 -9999 -9999 -9999 -9999
83 92 96 94 106 108 102 97 98 99 104 109 114 119 121 120 123 126 127 122 124 119 119 119 119 117 115 116 119 118 123 123 123 130 131 132 128 131 131 133 130 128 130 128 128 128 128 128 128 129 129 129 129 127 126 127 128 131 128 127 121 123 123 121 119 120 120 121 123 122 119 121 122 125 128 127 128 129 133 132 133 134 136 132 132 128 126 128 130 131 130 130 130 130 130
94 93 95 104 110 108 119 111 107 108 114 120 121 121 124 126 127 128 131 127 123 123 125 119 118 116 118 120 121 121 122 123 126 130 130 130 133 133 132 131 131 132 134 131 130 130 131 132 132 131 131 130 130 128 128 130 131 131 127 124 123 124 124 124 124 122 120 120 118 120 123 125 125 125 127 128 130 128 128 132 136 135 136 135 132 128 125 125 128 130 130 132 132 131 130
105 98 103 110 113 114 117 124 119 117 117 118 122 126 130 132 130 131 133 135 131 127 126 122 122 118 118 120 120 121 121 123 126 127 127 131 130 136 138 135 136 134 132 133 131 133 133 133 133 132 132 131 130 129 129 130 129 129 126 125 126 126 124 125 126 124 124 122 124 124 125 123 123 127 125 126 128 132 132 134 137 134 131 131 132 129 127 127 127 127 128 130 130 131 129
108 102 109 107 114 114 115 114 118 124 127 123 122 126 128 134 133 132 132 133 132 128 124 123 120 119 119 118 117 118 120 123 125 126 127 128 130 130 137 139 139 136 133 132 133 130 132 134 132 132 130 127 126 127 126 128 128 129 128 127 127 126 127 128 129 129 130 128 128 130 128 127 130 132 131 132 131 133 135 134 136 133 131 131 130 127 127 128 126 126 128 130 131 132 129
106 112 112 115 117 120 121 122 123 122 122 127 132 134 133 139 139 137 134 129 129 128 124 123 119 121 121 121 122 121 122 123 126 127 126 127 127 130 130 135 136 132 133 129 129 132 132 132 129 130 129 128 126 131 131 131 131 131 131 131 129 130 129 127 129 130 131 131 133 133 132 133 134 133 134 129 128 128 129 131 134 135 132 129 131 129 127 125 127 128 129 132 132 132 130
114 117 121 121 120 119 121 125 127 127 130 131 131 135 140 141 141 142 136 127 126 127 126 126 126 126 127 127 127 126 125 126 126 127 128 128 129 130 129 132 134 130 130 131 127 128 126 126 129 131 131 132 130 128 129 127 127 127 128 129 127 120 123 123 128 128 126 128 130 130 133 134 132 129 130 130 124 128 130 133 130 135 134 131 128 123 125 127 127 128 132 133 132 134 132
121 128 133 129 125 125 126 125 128 130 134 135 135 138 138 138 138 140 130 128 129 129 128 127 120 125 129 127 128 128 129 130 128 128 129 128 130 130 130 130 132 135 131 129 129 128 128 126 129 128 124 125 125 123 126 123 126 129 129 129 127 130 130 130 132 133 130 119 124 125 124 129 127 125 125 127 124 130 128 130 134 134 133 131 127 125 125 129 129 130 132 135 136 134 132
126 129 131 134 135 133 133 132 133 131 136 139 140 140 139 140 138 133 127 127 129 130 131 131 130 128 125 132 132 134 134 133 133 133 132 131 130 131 132 132 132 132 131 131 130 130 129 130 131 130 130 129 128 127 127 128 126 128 129 131 132 130 130 133 134 134 133 132 131 124 122 118 123 123 126 126 118 128 133 132 132 134 133 130 129 128 128 129 130 130 132 134 133 132 132
127 130 132 135 139 138 139 139 140 142 140 140 140 140 133 130 130 125 126 127 129 132 133 134 132 131 130 130 132 135 136 137 137 136 136 134 130 130 130 130 130 132 134 132 132 131 132 132 132 130 130 130 129 128 130 130 129 128 127 129 130 130 133 134 131 130 130 129 124 128 127 125 122 121 121 126 110 119 128 133 135 125 131 128 125 126 128 133 128 121 122 125 132 133 132
127 132 134 135 135 137 140 143 143 146 146 146 140 140 131 130 130 131 131 130 133 133 135 134 134 131 133 132 134 136 138 138 138 138 136 135 134 133 132 132 134 135 135 137 135 134 133 133 132 132 132 133 131 131 132 131 129 129 127 125 126 128 132 134 134 133 129 131 132 131 130 126 127 129 132 131 115 125 131 132 103 111 108 107 105 119 124 132 129 116 120 127 134 132 133
130 134 134 136 138 136 139 142 143 142 140 130 130 131 134 135 133 134 134 132 132 134 136 136 135 136 135 133 137 137 138 140 140 138 138 138 135 136 136 136 137 137 139 137 136 136 136 135 134 134 133 132 134 134 133 132 132 130 128 130 126 127 126 127 128 130 131 132 133 133 132 134 134 133 134 133 132 134 129 105 92 92 98 113 115 118 130 135 136 135 133 133 133 131 130
134 134 134 134 134 136 140 141 143 136 130 131 130 132 134 137 137 138 137 137 137 140 140 140 140 139 138 138 138 139 140 140 139 138 138 138 137 137 138 136 137 143 141 140 141 137 136 137 136 135 136 137 134 137 137 136 133 133 134 132 129 129 128 126 125 130 132 129 127 123 125 130 129 132 133 134 134 134 132 107 94 91 94 92 102 128 137 136 134 132 133 131 133 134 132
139 141 139 141 140 140 137 136 133 132 134 133 129 131 135 138 139 140 141 140 141 140 140 142 142 141 141 139 138 140 141 141 140 140 140 140 140 139 137 136 137 141 148 149 142 139 140 140 139 139 138 138 137 137 137 137 138 134 132 132 131 131 129 129 125 124 127 125 124 123 126 128 131 131 132 135 135 131 129 118 99 100 96 94 109 114 136 138 138 134 133 135 135 135 135
142 144 141 142 142 138 132 133 135 136 136 137 138 137 135 139 141 142 141 139 139 139 141 142 143 144 142 141 141 141 142 143 144 142 140 142 141 140 139 139 140 138 137 138 139 140 140 140 140 138 138 137 136 138 138 138 137 135 134 132 132 132 130 132 131 131 130 130 132 126 124 127 133 137 139 139 138 133 129 121 98 102 100 98 97 104 111 123 136 136 136 135 137 137 137
141 143 142 138 138 132 132 132 132 136 139 142 141 143 141 140 141 143 144 143 142 140 142 145 147 148 144 142 143 143 142 145 144 144 145 144 142 140 141 142 140 139 138 139 139 140 142 141 140 140 139 139 138 139 139 138 137 137 135 134 132 130 132 137 138 137 138 138 134 138 135 138 138 139 140 137 139 140 -9999 107 113 102 97 99 99 100 101 102 109 125 137 139 139 139 138
139 138 139 137 134 132 134 135 135 133 135 138 141 144 145 146 141 143 145 144 144 143 140 144 147 150 144 144 146 146 146 145 143 145 147 147 145 143 144 144 142 141 141 139 139 141 142 142 141 140 141 139 137 136 135 135 135 136 135 133 132 133 136 139 141 142 140 141 139 135 141 141 142 142 142 142 140 141 114 100 -9999 101 100 102 101 102 103 104 104 103 127 134 141 140 139
139 139 139 138 142 138 136 138 138 136 135 137 139 142 145 147 147 145 147 146 145 146 145 142 133 122 125 123 125 148 148 146 146 147 147 147 147 146 147 146 144 144 144 142 143 143 143 141 142 143 141 139 138 138 137 137 138 137 135 135 135 134 134 136 138 142 143 143 142 141 139 140 141 142 143 143 142 141 132 100 101 102 102 103 -9999 -9999 -9999 -9999 106 105 106 127 135 126 105
135 134 138 141 144 147 145 143 142 141 141 141 144 140 140 146 150 150 150 150 148 143 123 109 102 101 102 102 103 104 127 136 146 149 150 148 146 148 148 147 147 146 145 144 142 144 142 138 138 140 141 140 139 137 137 139 140 140 139 137 138 136 134 135 140 142 145 144 140 142 140 139 141 142 142 143 144 144 143 119 101 101 102 104 -9999 -9999 -9999 -9999 -9999 -9999 -9999 -9999 -9999 108 106
133 134 136 140 144 145 148 148 147 145 147 147 150 147 145 145 148 148 150 134 120 102 102 104 104 104 103 103 103 103 104 105 119 123 151 149 148 148 146 145 145 144 144 145 144 143 142 139 139 140 141 140 140 140 140 141 140 141 139 140 139 137 137 136 140 142 144 143 144 142 140 141 142 142 141 140 142 143 144 139 116 102 103 103 103 105 106 -9999 -9999 -9999 -9999 -9999 -9999 -9999 -9999
138 141 140 140 141 143 148 152 149 148 149 151 153 152 151 149 150 143 119 106 108 105 106 106 107 107 107 106 107 107 108 107 108 124 151 150 148 148 147 147 147 146 145 145 144 145 142 141 139 139 141 141 141 141 142 140 140 146 139 140 139 138 138 138 138 142 146 145 145 143 142 142 142 142 141 141 142 143 144 144 143 134 128 126 121 109 110 114 131 149 -9999 -9999 -9999 -9999 -9999
141 143 147 147 147 144 145 148 149 153 154 154 155 153 138 130 121 113 110 110 109 110 110 108 109 95 54 92 109 109 109 118 144 153 152 151 150 149 149 149 148 148 147 145 147 146 146 144 141 141 142 143 142 141 142 141 140 141 140 140 140 140 140 138 140 139 141 144 146 146 144 144 143 143 142 142 142 143 144 144 144 144 145 145 145 142 125 141 147 149 150 -9999 -9999 -9999 -9999
139 141 142 143 145 152 150 153 152 153 153 156 158 130 113 113 114 111 112 111 111 112 112 112 111 102 56 78 111 111 111 128 155 155 154 153 152 150 150 150 149 149 149 147 149 149 147 143 143 141 141 142 144 143 142 142 141 142 142 141 140 140 141 141 143 143 143 144 145 145 145 146 145 145 145 144 144 144 145 145 145 146 146 146 146 146 146 147 148 149 150 150 -9999 -9999 -9999
140 139 138 140 143 146 149 151 154 156 154 157 144 114 115 114 114 114 114 114 -9999 -9999 -9999 -9999 -9999 -9999 -9999 -9999 -9999 -9999 112 158 157 157 155 154 153 152 152 152 151 151 150 150 150 150 148 147 144 145 144 145 144 144 144 144 143 143 143 143 142 143 143 144 146 146 144 144 144 143 144 144 145 146 145 145 144 144 144 146 146 146 147 147 147 147 147 148 149 149 150 -9999 -9999 -9999 -9999
140 141 141 142 142 144 146 150 155 158 159 154 119 115 -9999 116 116 115 115 -9999 -9999 -9999 -9999 -9999 -9999 -9999 -9999 -9999 -9999 -9999 -9999 -9999 -9999 158 158 156 155 154 153 153 153 152 151 151 150 149 149 148 147 148 146 145 145 145 144 144 144 145 146 146 145 145 145 146 147 147 146 145 144 144 144 144 144 144 144 145 145 146 145 145 146 147 146 147 147 148 148 149 142 116 -9999 -9999 -9999 -9999 -9999
142 143 144 146 145 146 147 149 154 158 153 132 115 116 -9999 -9999 -9999 -9999 -9999 -9999 -9999 -9999 -9999 -9999 -9999 -9999 -9999 -9999 -9999 -9999 -9999 -9999 -9999 159 158 157 156 155 153 152 152 153 153 152 152 151 150 149 148 149 148 146 146 144 144 145 146 147 148 147 147 146 148 150 150 149 148 149 148 147 146 147 147 146 146 146 146 146 146 147 146 146 147 147 147 148 148 144 109 110 -9999 -9999 -9999 -9999 -9999
146 145 145 146 148 148 151 154 158 144 121 116 -9999 -9999 -9999 -9999 -9999 -9999 -9999 -9999 -9999 -9999 -9999 -9999 -9999 -9999 -9999 -9999 -9999 161 162 162 -9999 160 159 157 156 156 155 154 153 154 153 152 152 152 150 149 149 146 150 149 148 146 146 146 148 148 148 146 147 147 149 150 151 151 152 151 151 151 150 150 148 149 149 149 148 148 147 148 148 147 147 148 148 148 149 126 112 110 110 -9999 -9999 -9999 -9999
