resultados/variables_proyeccion_tiempo/variables_futuro_ccsm_A1B/bio8.asc
ncols 330
nrows 228
xllcorner -12.000000
yllcorner 34.000000
cellsize 0.166667
NODATA_value -9999
[rows 84 to 125 of 228, columns 95 to 189 of 330]
-9999 -9999 -9999 -9999 -9999 -9999 -9999 -9999 -9999 -9999 -9999 -9999 -9999 -9999 -9999 -9999 -9999 -9999 -9999 76 -9999 -9999 75 -9999 -9999 -9999 -9999 -9999 -9999 -9999 -9999 -9999 -9999 -9999 -9999 -9999 -9999 -9999 -9999 -9999 -9999 -9999 -9999 -9999 -9999 -9999 109 108 100 94 102 101 95 82 83 86 90 89 86 85 85 90 108 149 164 166 166 167 170 170 172 174 175 176 148 102 104 104 -9999 -9999 -9999 -9999 -9999 -9999 -9999 -9999 -9999 -9999 106 106 106 105 104 -9999 -9999
-9999 -9999 -9999 -9999 -9999 -9999 -9999 -9999 -9999 -9999 -9999 -9999 -9999 -9999 -9999 -9999 -9999 -9999 -9999 -9999 -9999 -9999 -9999 -9999 -9999 -9999 -9999 -9999 -9999 -9999 -9999 -9999 -9999 -9999 -9999 -9999 -9999 -9999 -9999 114 115 -9999 -9999 -9999 -9999 -9999 112 109 79 67 101 100 93 55 54 56 79 89 84 84 87 89 99 163 162 164 166 166 167 169 172 175 175 177 119 102 105 106 -9999 -9999 -9999 -9999 -9999 -9999 -9999 -9999 -9999 107 107 107 106 106 -9999 -9999 -9999
-9999 -9999 -9999 -9999 -9999 -9999 -9999 -9999 -9999 -9999 -9999 -9999 -9999 -9999 -9999 -9999 -9999 -9999 -9999 -9999 -9999 -9999 -9999 -9999 -9999 -9999 -9999 -9999 -9999 -9999 -9999 -9999 -9999 -9999 -9999 -9999 109 110 111 113 -9999 -9999 -9999 -9999 -9999 -9999 -9999 110 104 86 104 103 92 67 57 55 69 92 90 88 86 88 89 138 160 164 168 169 169 170 172 174 176 173 121 104 106 107 -9999 -9999 -9999 -9999 -9999 -9999 -9999 109 108 108 108 109 -9999 -9999 -9999 -9999 -9999
-9999 -9999 -9999 -9999 -9999 -9999 -9999 -9999 -9999 -9999 -9999 -9999 -9999 -9999 -9999 -9999 -9999 -9999 -9999 -9999 -9999 -9999 -9999 -9999 -9999 -9999 -9999 -9999 -9999 -9999 -9999 -9999 -9999 -9999 -9999 108 108 108 108 110 112 -9999 -9999 -9999 -9999 -9999 -9999 -9999 111 110 107 105 104 67 56 56 55 69 92 90 89 91 90 93 136 152 168 170 171 173 174 176 177 173 117 105 106 108 -9999 109 -9999 -9999 -9999 -9999 -9999 112 110 109 109 110 110 -9999 -9999 -9999 -9999
-9999 -9999 -9999 -9999 -9999 -9999 -9999 -9999 -9999 -9999 -9999 -9999 -9999 -9999 -9999 -9999 -9999 -9999 -9999 -9999 -9999 -9999 -9999 -9999 -9999 -9999 -9999 -9999 -9999 -9999 -9999 -9999 -9999 107 107 107 107 107 108 110 112 -9999 115 115 115 -9999 -9999 -9999 -9999 112 110 106 103 82 61 58 56 55 85 94 94 94 92 92 96 91 144 164 169 171 174 176 178 179 153 107 107 -9999 110 110 -9999 -9999 -9999 -9999 -9999 111 111 111 111 112 -9999 -9999 -9999 -9999 -9999
-9999 -9999 -9999 -9999 -9999 -9999 -9999 -9999 -9999 -9999 -9999 -9999 -9999 -9999 -9999 -9999 -9999 -9999 -9999 -9999 -9999 -9999 -9999 -9999 -9999 -9999 -9999 112 111 110 109 109 107 107 107 106 106 107 109 110 -9999 -9999 -9999 -9999 -9999 -9999 -9999 -9999 -9999 -9999 111 109 104 102 73 60 59 57 56 82 95 96 94 93 92 98 118 172 169 171 173 175 178 181 183 118 109 -9999 110 110 -9999 -9999 -9999 -9999 -9999 -9999 112 112 -9999 -9999 -9999 -9999 -9999 -9999 -9999
-9999 -9999 -9999 -9999 -9999 -9999 -9999 -9999 -9999 -9999 -9999 -9999 -9999 -9999 -9999 -9999 -9999 -9999 -9999 -9999 -9999 -9999 -9999 -9999 -9999 -9999 114 113 111 110 109 108 107 106 105 104 105 106 108 -9999 -9999 -9999 -9999 -9999 -9999 -9999 -9999 -9999 -9999 -9999 -9999 111 108 104 83 61 59 58 58 61 65 92 95 95 96 96 110 148 171 172 174 176 180 182 184 169 109 111 112 -9999 -9999 -9999 -9999 -9999 -9999 -9999 112 113 -9999 -9999 -9999 -9999 -9999 -9999 -9999
-9999 -9999 -9999 -9999 -9999 -9999 -9999 -9999 -9999 -9999 -9999 -9999 -9999 -9999 -9999 -9999 -9999 -9999 -9999 -9999 -9999 -9999 -9999 -9999 -9999 -9999 116 113 112 110 108 107 106 105 104 90 87 106 108 109 -9999 -9999 -9999 -9999 -9999 -9999 119 -9999 -9999 -9999 -9999 -9999 110 107 105 65 60 59 59 60 59 64 90 92 98 97 98 103 113 151 166 178 181 184 186 187 134 112 -9999 -9999 -9999 -9999 -9999 -9999 -9999 -9999 -9999 -9999 -9999 -9999 -9999 -9999 -9999 -9999 -9999
-9999 -9999 -9999 -9999 -9999 -9999 -9999 -9999 -9999 -9999 -9999 -9999 -9999 -9999 -9999 -9999 -9999 -9999 -9999 -9999 -9999 -9999 -9999 -9999 -9999 116 116 112 111 110 108 107 106 104 98 94 102 105 107 108 110 112 -9999 -9999 -9999 -9999 -9999 -9999 -9999 -9999 -9999 -9999 -9999 109 107 89 63 62 60 61 61 60 60 86 86 97 100 100 101 102 108 147 164 148 150 111 117 113 -9999 -9999 -9999 -9999 -9999 -9999 -9999 -9999 -9999 -9999 -9999 -9999 -9999 -9999 -9999 -9999 -9999
-9999 -9999 -9999 -9999 -9999 -9999 -9999 -9999 -9999 -9999 -9999 -9999 -9999 -9999 -9999 -9999 -9999 -9999 -9999 -9999 -9999 -9999 -9999 -9999 -9999 114 113 112 110 108 107 106 104 104 90 85 105 105 106 107 108 111 115 -9999 -9999 -9999 -9999 -9999 -9999 -9999 -9999 -9999 111 107 87 82 66 64 64 63 65 64 63 63 64 80 103 104 97 106 106 116 110 112 -9999 113 114 -9999 -9999 -9999 -9999 -9999 -9999 -9999 -9999 -9999 -9999 -9999 -9999 -9999 -9999 -9999 -9999 -9999 -9999
-9999 -9999 -9999 -9999 -9999 -9999 -9999 -9999 -9999 -9999 -9999 -9999 -9999 -9999 -9999 -9999 -9999 -9999 -9999 -9999 -9999 -9999 -9999 -9999 -9999 112 111 110 107 107 106 105 104 103 86 87 104 105 107 108 108 111 114 -9999 -9999 -9999 -9999 120 -9999 -9999 -9999 -9999 112 111 110 72 67 66 65 68 68 74 67 76 85 106 106 100 108 110 110 110 112 113 -9999 114 114 -9999 -9999 -9999 -9999 -9999 -9999 -9999 -9999 -9999 -9999 -9999 -9999 -9999 -9999 -9999 -9999 -9999 -9999
-9999 -9999 -9999 -9999 -9999 -9999 -9999 -9999 -9999 -9999 -9999 -9999 -9999 -9999 -9999 -9999 -9999 -9999 -9999 -9999 -9999 -9999 -9999 -9999 -9999 110 110 109 108 107 106 105 104 90 76 101 106 106 108 -9999 111 114 -9999 -9999 -9999 -9999 -9999 -9999 -9999 117 115 113 113 111 98 69 70 68 67 68 70 87 106 109 103 107 113 113 -9999 114 115 114 114 -9999 -9999 -9999 -9999 -9999 -9999 -9999 -9999 -9999 -9999 -9999 -9999 -9999 -9999 -9999 -9999 -9999 -9999 -9999 -9999 -9999 -9999
-9999 -9999 -9999 -9999 -9999 -9999 -9999 -9999 -9999 -9999 -9999 -9999 -9999 -9999 -9999 -9999 -9999 -9999 -9999 -9999 -9999 -9999 -9999 -9999 -9999 110 111 111 110 109 99 87 88 72 71 100 107 108 110 -9999 116 -9999 -9999 121 120 -9999 120 120 119 118 115 114 114 102 86 71 70 70 69 67 68 94 113 112 -9999 -9999 -9999 -9999 -9999 -9999 -9999 -9999 -9999 -9999 -9999 -9999 -9999 -9999 -9999 -9999 -9999 -9999 -9999 -9999 -9999 -9999 -9999 -9999 -9999 -9999 -9999 -9999 -9999 -9999 -9999
-9999 -9999 -9999 -9999 -9999 -9999 -9999 -9999 -9999 -9999 -9999 -9999 -9999 -9999 -9999 -9999 -9999 -9999 -9999 -9999 -9999 -9999 -9999 -9999 -9999 -9999 114 112 111 104 74 73 71 71 71 103 108 110 113 -9999 117 -9999 -9999 122 122 116 110 84 95 110 117 116 111 -9999 83 75 73 72 70 68 68 85 114 -9999 -9999 -9999 -9999 -9999 -9999 -9999 -9999 -9999 -9999 -9999 -9999 -9999 -9999 -9999 -9999 -9999 -9999 -9999 -9999 -9999 -9999 -9999 -9999 -9999 -9999 -9999 -9999 -9999 -9999 -9999 -9999
-9999 -9999 -9999 -9999 -9999 -9999 -9999 -9999 -9999 -9999 -9999 -9999 -9999 -9999 -9999 -9999 -9999 -9999 -9999 -9999 -9999 -9999 -9999 -9999 -9999 117 117 116 115 110 77 73 73 87 98 109 111 111 111 113 118 118 -9999 122 122 96 84 83 82 82 109 118 116 114 114 75 74 72 72 73 97 106 113 -9999 -9999 -9999 -9999 -9999 -9999 -9999 -9999 -9999 -9999 -9999 -9999 -9999 -9999 -9999 -9999 -9999 -9999 -9999 -9999 -9999 -9999 -9999 -9999 -9999 -9999 -9999 -9999 -9999 -9999 -9999 -9999
-9999 -9999 -9999 -9999 -9999 -9999 -9999 -9999 -9999 -9999 -9999 -9999 -9999 -9999 -9999 -9999 -9999 -9999 -9999 -9999 -9999 -9999 -9999 -9999 -9999 -9999 119 119 117 115 92 75 74 103 109 111 111 108 109 114 117 119 -9999 123 120 91 84 84 83 83 90 100 -9999 -9999 116 95 74 75 75 99 115 115 115 -9999 -9999 -9999 -9999 -9999 -9999 -9999 -9999 -9999 -9999 -9999 -9999 -9999 -9999 -9999 -9999 -9999 -9999 -9999 -9999 -9999 -9999 -9999 -9999 -9999 -9999 -9999 -9999 -9999 -9999 -9999 -9999
-9999 -9999 -9999 -9999 -9999 -9999 -9999 -9999 -9999 -9999 -9999 -9999 -9999 -9999 -9999 -9999 -9999 -9999 -9999 -9999 -9999 -9999 -9999 -9999 -9999 -9999 -9999 -9999 123 117 105 76 78 104 111 113 113 112 111 114 115 118 -9999 -9999 123 120 103 85 83 83 83 96 -9999 -9999 -9999 -9999 -9999 -9999 -9999 -9999 -9999 -9999 -9999 -9999 -9999 116 116 -9999 -9999 -9999 -9999 -9999 -9999 -9999 -9999 -9999 -9999 -9999 -9999 -9999 -9999 -9999 -9999 -9999 -9999 -9999 -9999 -9999 -9999 -9999 -9999 -9999 -9999 -9999 -9999
-9999 -9999 -9999 -9999 -9999 -9999 -9999 -9999 -9999 -9999 -9999 -9999 -9999 -9999 -9999 -9999 -9999 -9999 -9999 -9999 -9999 -9999 -9999 -9999 -9999 -9999 -9999 127 123 119 114 100 96 110 113 116 116 104 107 116 117 119 122 -9999 -9999 -9999 -9999 86 85 84 83 82 -9999 -9999 -9999 -9999 -9999 -9999 -9999 -9999 -9999 -9999 -9999 -9999 -9999 118 116 118 -9999 -9999 -9999 -9999 -9999 -9999 -9999 -9999 -9999 -9999 -9999 -9999 -9999 -9999 -9999 -9999 -9999 -9999 -9999 -9999 -9999 -9999 -9999 -9999 -9999 -9999 -9999
-9999 -9999 -9999 -9999 -9999 -9999 -9999 -9999 -9999 -9999 -9999 -9999 -9999 -9999 -9999 -9999 -9999 -9999 -9999 -9999 -9999 -9999 -9999 -9999 -9999 -9999 127 127 121 119 114 112 112 112 114 117 114 107 100 88 120 121 121 123 106 85 86 86 85 85 84 92 76 -9999 -9999 -9999 -9999 -9999 -9999 -9999 -9999 -9999 -9999 -9999 -9999 -9999 -9999 -9999 -9999 -9999 -9999 -9999 -9999 -9999 -9999 -9999 -9999 -9999 -9999 -9999 -9999 -9999 -9999 -9999 -9999 -9999 -9999 -9999 -9999 -9999 -9999 -9999 -9999 -9999 -9999
-9999 -9999 -9999 -9999 -9999 -9999 -9999 -9999 -9999 -9999 -9999 -9999 -9999 -9999 -9999 -9999 -9999 -9999 -9999 -9999 -9999 -9999 -9999 -9999 -9999 -9999 127 124 123 118 115 114 113 112 97 85 81 -9999 -9999 -9999 -9999 108 -9999 117 85 85 85 73 81 85 -9999 -9999 -9999 -9999 -9999 -9999 -9999 -9999 -9999 -9999 -9999 -9999 -9999 -9999 -9999 -9999 -9999 -9999 -9999 -9999 -9999 -9999 -9999 -9999 -9999 -9999 -9999 -9999 -9999 120 118 116 114 118 169 189 188 186 162 163 -9999 -9999 -9999 -9999 -9999
-9999 -9999 -9999 -9999 -9999 -9999 -9999 -9999 -9999 -9999 -9999 -9999 -9999 -9999 -9999 -9999 -9999 -9999 -9999 -9999 -9999 -9999 -9999 -9999 -9999 -9999 -9999 126 122 121 116 115 115 107 79 79 79 80 -9999 -9999 -9999 -9999 -9999 84 -9999 85 85 -9999 51 -9999 -9999 -9999 -9999 -9999 -9999 118 126 118 114 -9999 -9999 -9999 -9999 -9999 -9999 -9999 -9999 -9999 -9999 -9999 -9999 -9999 -9999 -9999 -9999 -9999 122 123 122 120 132 145 139 177 187 186 184 186 188 164 -9999 -9999 -9999 -9999 -9999
-9999 -9999 -9999 -9999 -9999 -9999 -9999 -9999 -9999 -9999 -9999 -9999 -9999 -9999 -9999 -9999 -9999 -9999 -9999 -9999 -9999 -9999 -9999 -9999 -9999 -9999 -9999 124 122 120 118 117 117 100 78 78 76 76 77 77 78 -9999 48 66 64 -9999 -9999 -9999 -9999 -9999 -9999 192 170 191 190 177 167 158 143 119 -9999 -9999 -9999 -9999 -9999 -9999 -9999 -9999 -9999 -9999 -9999 -9999 -9999 -9999 -9999 150 146 179 190 193 199 196 191 188 183 181 180 180 183 188 -9999 -9999 182 166 166
-9999 -9999 -9999 -9999 -9999 -9999 -9999 -9999 -9999 -9999 -9999 -9999 -9999 -9999 -9999 -9999 -9999 -9999 -9999 -9999 -9999 -9999 -9999 -9999 -9999 -9999 -9999 -9999 121 120 119 118 117 95 78 76 74 72 74 76 69 52 56 50 -9999 -9999 -9999 -9999 -9999 195 193 193 192 192 192 192 192 191 -9999 194 -9999 -9999 -9999 -9999 -9999 -9999 -9999 -9999 -9999 -9999 128 124 121 171 194 197 199 202 203 199 198 195 190 187 185 184 180 179 184 190 195 198 202 195 186
-9999 -9999 -9999 -9999 -9999 -9999 -9999 -9999 -9999 -9999 -9999 -9999 -9999 -9999 -9999 -9999 -9999 -9999 -9999 -9999 -9999 -9999 -9999 -9999 -9999 -9999 -9999 -9999 -9999 120 118 118 109 78 75 74 74 72 73 63 44 46 48 -9999 -9999 49 48 46 115 194 193 192 193 194 193 193 194 191 188 188 185 184 -9999 -9999 -9999 123 123 122 123 124 125 137 174 194 194 196 199 199 199 197 196 194 193 192 190 187 185 184 186 191 196 200 204 206 206
-9999 -9999 -9999 -9999 -9999 -9999 -9999 -9999 -9999 -9999 -9999 -9999 -9999 -9999 -9999 -9999 -9999 -9999 -9999 -9999 -9999 -9999 -9999 -9999 -9999 -9999 -9999 122 119 118 118 118 93 77 76 75 74 73 74 51 45 46 46 46 47 47 56 92 195 196 194 194 194 194 194 195 194 187 176 179 183 185 188 185 170 151 141 141 125 150 171 191 199 199 199 198 199 200 200 200 200 200 198 196 193 191 189 189 190 194 198 199 201 203 203
-9999 -9999 -9999 -9999 -9999 -9999 -9999 -9999 -9999 -9999 -9999 -9999 -9999 -9999 -9999 -9999 -9999 -9999 -9999 -9999 -9999 87 87 87 86 104 123 -9999 120 119 114 95 82 77 76 75 74 74 74 47 44 45 45 45 45 111 178 197 196 196 196 194 195 195 194 192 181 179 179 182 184 186 187 188 186 184 185 185 195 202 203 202 200 198 198 200 201 202 202 201 201 200 200 198 196 194 193 193 193 196 199 198 200 201 204
-9999 -9999 -9999 -9999 -9999 -9999 -9999 -9999 -9999 -9999 -9999 -9999 -9999 -9999 -9999 -9999 -9999 85 86 86 86 86 86 85 84 84 93 87 106 92 89 77 77 76 76 76 75 75 58 54 55 73 92 121 159 197 197 197 196 196 196 194 194 194 191 174 176 176 178 180 184 186 186 186 185 186 185 185 187 194 204 203 200 200 199 200 201 201 202 201 201 201 201 200 198 197 197 196 197 200 199 200 202 203 204
-9999 -9999 -9999 -9999 -9999 -9999 -9999 -9999 90 90 89 88 86 85 85 84 84 84 84 85 85 85 84 83 82 82 82 82 82 80 78 78 76 76 75 68 56 83 144 165 200 200 200 200 201 200 200 198 198 198 197 196 196 196 185 175 176 176 177 181 184 184 186 185 184 186 186 187 186 194 201 204 203 201 200 202 202 202 202 202 203 203 202 201 201 200 200 201 201 202 201 203 204 204 204
-9999 -9999 -9999 -9999 -9999 -9999 91 -9999 -9999 88 88 87 87 85 84 83 83 83 84 84 85 84 83 83 82 81 74 80 79 87 94 114 99 83 70 74 92 163 198 200 200 201 202 202 202 202 202 201 200 200 198 199 198 197 181 178 178 178 180 183 184 186 187 188 186 187 190 190 190 189 194 199 206 205 203 202 202 203 204 204 205 205 204 203 204 203 203 203 202 202 203 204 206 206 206
-9999 -9999 -9999 -9999 -9999 93 93 -9999 -9999 88 88 87 86 85 84 83 82 83 84 84 84 80 77 67 57 53 52 53 126 196 196 195 185 186 196 195 185 196 197 198 200 200 200 203 204 204 204 204 203 202 201 202 200 187 180 181 182 183 184 184 186 188 189 189 187 188 190 190 191 191 190 189 192 194 201 205 206 205 205 206 207 207 207 207 207 206 207 206 205 206 207 207 207 207 207
-9999 -9999 -9999 -9999 -9999 94 93 92 -9999 88 87 87 86 85 84 83 82 69 62 60 53 52 50 50 49 48 47 48 112 194 196 197 196 196 196 196 197 196 196 198 199 201 200 198 199 205 206 206 199 197 196 195 188 185 184 184 185 186 186 187 188 190 189 190 189 190 192 192 193 193 192 192 191 191 190 200 200 197 199 204 207 206 206 207 207 207 208 208 208 210 210 209 209 209 209
-9999 -9999 -9999 -9999 94 93 92 91 90 -9999 87 87 86 85 84 80 59 53 54 53 53 52 51 50 49 49 48 48 57 166 188 189 190 187 184 184 185 186 192 186 181 188 182 183 185 190 195 190 195 188 187 186 187 188 188 187 188 188 188 188 187 191 194 193 193 194 194 195 198 197 197 195 193 192 190 189 188 187 187 194 203 207 207 207 208 209 210 210 210 211 213 212 212 212 212
-9999 -9999 -9999 -9999 93 93 92 90 90 88 87 86 86 86 83 64 54 54 54 54 53 52 51 49 50 50 49 49 49 159 176 176 177 177 178 178 180 181 180 180 180 180 181 182 182 185 184 185 188 187 191 189 190 189 190 191 191 190 189 190 190 191 195 196 197 197 198 198 198 198 197 195 193 191 190 188 188 188 188 187 201 207 207 208 209 210 211 213 214 214 215 216 216 215 206
-9999 -9999 -9999 -9999 93 92 91 90 89 88 87 86 78 74 61 55 55 55 54 54 53 53 52 52 51 50 50 50 50 128 177 177 177 178 178 178 178 179 180 180 180 181 182 183 184 184 183 186 187 188 189 193 190 191 192 192 192 192 192 192 193 193 193 194 198 195 195 194 192 195 196 195 193 191 189 189 188 188 188 188 198 208 208 209 210 212 213 215 216 216 216 215 215 203 202
-9999 -9999 -9999 94 93 92 91 89 88 87 86 79 58 60 56 56 56 56 54 53 53 53 53 51 51 49 48 48 48 96 161 168 148 155 166 178 178 178 179 180 180 177 180 180 181 184 186 187 188 187 188 188 189 191 192 193 194 194 193 194 194 193 195 195 197 197 195 194 194 195 194 194 194 193 190 190 189 189 189 189 195 207 210 211 212 213 215 217 218 216 214 205 197 194 193
-9999 -9999 95 94 93 92 90 89 88 87 87 69 54 56 57 56 56 55 54 54 52 52 53 54 53 52 49 48 48 63 76 74 149 177 173 177 173 176 176 178 180 181 181 183 182 184 187 189 188 188 187 185 187 189 191 193 194 193 193 194 195 195 195 194 194 197 197 196 196 197 195 195 195 193 192 191 190 190 189 190 190 190 208 213 213 214 215 217 216 204 204 198 195 194 194
-9999 97 96 94 93 92 90 89 88 83 68 57 57 57 57 57 56 56 55 54 52 52 52 53 53 52 52 50 47 45 50 126 131 174 164 172 174 174 135 143 156 178 180 183 184 185 188 189 190 190 190 189 189 189 191 192 192 191 193 195 195 195 195 195 196 197 196 196 195 194 194 195 194 194 192 190 189 189 188 188 189 202 209 211 213 214 215 216 211 203 196 195 194 193 192
99 97 96 95 93 92 90 89 75 58 58 57 57 58 58 57 57 57 56 55 55 54 53 52 52 50 50 51 49 46 38 109 142 160 109 172 176 174 135 39 26 144 168 175 180 184 186 190 190 190 191 190 189 191 193 193 193 192 192 193 194 195 195 195 195 194 194 193 193 192 193 194 194 194 192 191 190 189 189 187 188 189 205 210 212 214 215 216 212 197 195 194 193 192 188
99 97 96 94 92 91 88 70 60 57 58 57 58 59 58 58 58 58 58 57 56 54 53 52 51 50 48 44 42 39 36 101 144 170 176 172 176 173 176 171 171 170 167 167 173 179 183 187 188 190 191 195 190 190 192 193 193 193 193 192 192 193 193 192 192 191 190 189 192 191 191 191 191 191 193 192 190 190 190 190 189 188 195 210 212 214 215 213 197 194 193 193 192 190 189
98 97 95 93 91 90 73 58 57 57 58 58 58 59 59 59 59 58 58 55 53 51 50 44 42 41 37 34 31 32 35 75 116 171 177 174 175 171 170 170 170 176 180 180 185 182 183 187 189 191 191 194 189 190 189 190 193 193 192 193 192 191 192 192 191 190 190 188 189 188 189 189 191 190 191 193 191 189 189 189 186 187 198 210 209 212 214 207 199 195 194 193 191 190 189
97 96 95 93 91 86 62 58 57 57 58 59 60 60 59 59 59 59 56 51 46 42 40 38 38 33 32 24 21 29 35 44 125 164 178 142 156 173 167 173 175 176 179 183 184 182 183 185 188 190 190 199 190 188 187 188 190 191 190 189 187 184 188 189 189 187 186 185 184 185 185 186 189 193 194 193 191 189 187 185 185 186 189 199 207 207 207 198 192 193 193 192 192 190 189
96 95 94 93 84 67 59 58 57 56 57 60 61 61 60 58 58 59 78 63 47 44 40 35 35 31 25 25 27 34 33 95 184 182 179 174 175 173 175 173 178 179 183 185 182 183 183 183 183 185 187 188 188 185 183 184 183 183 186 189 182 179 177 178 178 181 183 182 180 179 180 180 181 185 190 189 189 188 188 188 188 188 189 197 203 198 189 190 190 191 191 190 190 189 187
