resultados/variables_proyeccion_tiempo/variables_futuro_ccsm_A1B/bio8.asc
ncols 330
nrows 228
xllcorner -12.000000
yllcorner 34.000000
cellsize 0.166667
NODATA_value -9999
[rows 84 to 125 of 228, columns 190 to 284 of 330]
-9999 -9999 -9999 -9999 -9999 -9999 -9999 -9999 -9999 -9999 -9999 -9999 -9999 -9999 99 100 -9999 -9999 -9999 -9999 -9999 -9999 -9999 -9999 -9999 -9999 -9999 -9999 98 96 95 94 94 93 92 91 97 143 143 177 181 179 179 180 180 181 182 182 182 183 182 181 180 183 187 191 192 193 193 194 194 194 193 193 193 193 193 193 194 195 195 195 195 195 193 194 195 194 189 189 189 189 190 190 191 192 192 193 193 194 193 194 194 194 194
-9999 -9999 -9999 -9999 -9999 -9999 -9999 -9999 -9999 -9999 -9999 -9999 -9999 -9999 -9999 101 100 100 -9999 -9999 -9999 100 -9999 -9999 -9999 -9999 -9999 -9999 98 97 95 94 94 94 93 92 132 144 166 183 182 181 181 178 176 177 178 179 179 181 181 185 192 194 194 193 193 194 193 194 193 193 193 193 193 192 193 193 194 194 195 196 196 196 194 195 195 194 189 188 189 190 190 190 191 192 192 194 194 194 194 195 195 195 196
-9999 -9999 -9999 -9999 -9999 -9999 -9999 -9999 -9999 -9999 -9999 -9999 102 102 101 100 98 100 101 -9999 -9999 -9999 -9999 -9999 -9999 -9999 -9999 -9999 98 96 95 93 94 94 93 113 143 153 180 183 183 182 180 177 176 176 177 180 185 187 188 193 194 194 193 194 193 192 190 189 192 194 193 193 193 193 193 194 194 194 195 196 195 195 195 195 195 192 190 189 188 189 190 190 191 192 193 194 195 195 195 195 194 194 196
-9999 -9999 -9999 -9999 -9999 -9999 -9999 -9999 -9999 -9999 -9999 103 102 101 102 101 99 100 100 101 101 -9999 -9999 -9999 -9999 -9999 -9999 -9999 99 97 96 95 94 94 100 151 167 181 181 182 182 181 180 178 177 180 188 191 193 194 195 195 194 194 194 194 192 189 187 189 191 194 193 193 193 194 194 194 194 194 195 195 195 195 195 195 193 189 188 189 190 190 190 190 191 191 191 192 194 195 195 196 195 195 195
-9999 -9999 -9999 -9999 -9999 -9999 -9999 -9999 -9999 -9999 104 104 103 101 102 102 101 99 99 101 102 102 -9999 -9999 -9999 -9999 -9999 -9999 110 112 115 131 146 156 173 177 177 178 179 180 181 182 180 181 182 191 192 192 194 195 195 195 195 195 194 194 193 191 192 193 194 194 194 194 194 194 195 194 194 195 195 195 195 194 191 188 189 190 190 191 191 191 191 191 190 188 189 191 192 195 196 196 196 196 196
-9999 -9999 -9999 -9999 -9999 -9999 -9999 -9999 -9999 -9999 105 104 103 102 103 102 100 99 99 100 100 102 103 -9999 -9999 -9999 190 177 162 178 186 184 182 178 178 178 178 177 178 180 181 182 182 184 192 193 193 193 194 195 196 195 195 195 195 195 195 195 195 195 195 194 194 194 194 194 195 195 195 196 194 194 193 190 188 189 189 190 190 191 192 192 192 191 191 191 191 191 193 196 196 197 197 198 198
-9999 -9999 -9999 -9999 -9999 -9999 -9999 -9999 107 106 105 104 102 101 103 102 99 99 98 100 100 102 114 184 190 190 190 190 189 188 186 185 183 182 180 179 178 177 178 179 183 183 186 193 195 194 194 194 195 195 196 195 195 195 196 195 194 190 189 190 192 193 194 194 195 195 196 196 196 194 190 189 188 188 190 189 190 191 192 192 192 193 193 191 191 192 192 193 194 195 196 196 198 199 200
-9999 -9999 -9999 -9999 -9999 -9999 -9999 -9999 108 107 106 104 102 102 103 101 99 98 98 99 101 118 185 190 190 190 189 189 188 187 187 186 184 184 183 182 181 181 183 183 184 185 195 195 195 194 194 195 195 195 195 195 196 196 195 194 191 189 189 188 189 190 191 195 195 195 195 195 196 195 192 190 190 189 190 191 192 192 192 191 191 192 193 193 193 193 194 194 194 195 196 198 199 200 200
-9999 -9999 -9999 -9999 -9999 -9999 -9999 -9999 109 107 106 103 101 102 102 101 100 98 98 98 121 188 190 190 190 190 190 189 188 188 186 186 185 184 184 184 184 185 184 184 185 192 195 195 195 193 193 194 194 195 196 196 196 196 195 195 192 192 190 189 189 191 193 196 196 196 195 195 195 192 191 192 192 190 190 191 191 192 193 192 192 192 193 193 194 195 194 193 194 195 197 198 199 200 200
-9999 -9999 -9999 -9999 -9999 -9999 -9999 110 110 108 107 105 101 100 102 102 100 100 99 99 170 188 189 190 190 190 189 189 188 187 186 186 185 185 184 184 184 184 185 186 194 195 195 194 194 194 194 193 193 194 196 196 196 195 195 195 194 194 192 192 190 191 193 195 196 196 195 195 193 192 192 193 193 193 193 193 193 193 193 193 192 191 193 194 194 196 196 195 196 196 197 198 199 200 201
-9999 -9999 -9999 -9999 -9999 -9999 -9999 -9999 111 109 108 106 103 100 100 100 100 100 100 127 187 188 188 189 189 189 189 189 188 187 186 186 186 185 185 184 184 184 185 194 196 195 194 194 194 194 193 192 192 193 195 196 195 195 195 195 194 194 194 193 192 192 193 193 195 195 195 195 193 194 194 194 194 194 195 195 194 195 195 195 194 194 194 193 195 196 197 198 198 198 199 198 199 200 201
-9999 -9999 -9999 -9999 -9999 -9999 -9999 -9999 111 109 107 105 101 98 98 98 98 98 98 175 186 187 187 188 188 189 188 188 188 187 186 186 186 185 185 185 184 184 191 195 196 196 196 195 194 194 194 194 194 195 196 196 197 196 196 196 195 195 195 194 194 194 195 195 195 195 195 195 195 195 195 196 196 196 196 196 196 196 197 197 196 194 194 195 196 197 198 198 198 199 198 198 198 198 199
-9999 -9999 -9999 -9999 -9999 -9999 -9999 -9999 111 109 106 104 101 99 97 96 96 96 124 185 186 186 187 188 190 192 193 189 189 188 187 186 186 186 185 185 187 192 193 194 196 197 196 196 196 196 196 196 196 197 198 197 197 197 197 196 196 195 196 196 196 196 195 195 196 196 196 196 196 195 196 196 196 196 197 198 197 197 196 196 196 195 196 196 196 197 198 199 199 199 199 199 199 199 200
-9999 -9999 -9999 -9999 -9999 -9999 -9999 -9999 112 110 107 103 100 99 98 95 94 95 151 184 185 190 194 194 195 196 197 197 196 193 187 188 188 188 191 193 195 194 194 194 195 195 195 196 197 197 197 198 198 198 199 199 198 198 198 198 197 197 197 197 196 195 195 196 197 197 197 197 197 197 197 197 197 197 197 197 197 197 196 195 196 196 196 197 197 198 198 199 200 201 202 201 199 199 200
-9999 -9999 -9999 -9999 -9999 -9999 -9999 -9999 112 110 108 105 101 100 98 95 95 117 182 186 192 193 194 195 196 196 197 197 197 196 195 195 196 195 195 195 193 193 194 194 195 196 197 197 198 198 198 198 198 199 199 200 200 199 199 199 199 199 199 198 197 196 195 196 197 198 198 198 198 198 198 198 196 198 197 197 197 198 197 197 196 196 197 198 199 198 199 199 200 201 202 202 202 200 200
-9999 -9999 -9999 -9999 -9999 -9999 -9999 -9999 113 110 108 106 103 101 100 99 98 141 186 192 194 194 195 196 197 198 198 198 197 196 196 196 195 195 193 194 193 193 195 195 196 197 198 198 199 200 200 200 200 200 200 200 200 200 200 200 200 199 200 200 198 198 198 198 199 198 199 199 199 199 198 199 198 198 198 197 196 197 197 198 197 197 197 200 200 198 198 199 200 200 200 201 202 201 199
-9999 -9999 -9999 -9999 -9999 -9999 -9999 115 -9999 111 108 107 105 103 102 103 113 183 192 196 196 196 196 197 198 199 199 198 197 197 197 196 195 195 195 195 194 196 196 194 196 198 199 199 200 200 200 200 199 199 198 198 200 201 201 201 201 201 200 200 200 200 199 199 199 198 198 199 200 200 200 200 200 198 197 196 197 198 198 199 198 199 200 201 200 199 198 200 200 201 202 201 202 202 202
-9999 -9999 -9999 -9999 -9999 114 114 -9999 -9999 110 109 107 106 105 104 104 183 191 198 197 197 197 198 198 199 199 198 198 198 197 196 196 196 196 195 196 196 197 195 194 196 197 198 199 199 200 200 200 199 199 200 199 199 201 201 202 202 202 202 201 201 201 201 200 199 198 198 198 198 199 199 200 201 199 198 198 198 199 200 200 200 200 201 201 200 201 199 199 201 203 203 203 204 203 203
-9999 113 112 112 113 113 113 113 112 110 109 108 106 105 115 174 191 196 198 198 198 198 198 199 199 199 199 198 198 197 198 198 198 197 197 198 198 197 197 198 197 198 198 199 199 200 200 200 200 201 201 201 201 201 202 201 202 202 202 202 202 201 202 202 201 201 200 199 200 200 201 201 201 200 199 199 200 201 201 201 201 201 202 202 201 201 201 201 203 204 204 205 206 205 205
-9999 114 114 113 112 112 112 112 111 110 109 107 106 111 175 193 197 198 199 199 199 200 199 199 198 199 198 197 195 197 197 199 199 199 199 198 195 198 199 200 200 200 200 200 200 201 201 202 202 201 202 202 203 202 202 200 202 203 202 200 200 201 200 201 201 202 201 201 201 202 202 201 202 201 200 202 202 203 201 201 201 200 202 202 202 203 203 204 204 204 205 205 207 207 207
166 127 114 113 113 112 112 111 110 109 109 107 107 178 198 199 199 198 196 197 198 198 199 198 198 198 199 198 195 195 196 199 200 200 197 197 197 197 199 201 201 201 201 201 201 202 203 203 203 201 202 204 204 202 202 202 203 203 202 201 200 200 200 201 202 202 202 202 202 202 202 202 202 202 202 202 202 202 201 201 202 202 203 204 204 203 204 203 203 203 204 206 207 208 208
167 152 117 109 108 110 110 110 110 109 107 125 165 198 200 198 196 194 192 191 195 197 198 198 199 199 198 195 196 196 198 200 201 200 199 198 198 197 199 198 200 202 202 203 203 203 203 203 203 202 204 205 205 204 204 204 204 204 203 201 202 201 201 202 202 202 202 202 202 202 202 202 203 203 203 203 203 203 203 203 203 203 203 203 204 203 203 203 204 204 204 205 207 207 208
186 188 185 157 145 128 110 116 110 126 160 201 200 201 199 196 195 194 192 193 193 196 197 197 198 198 198 197 197 197 198 199 200 200 200 199 199 199 198 200 199 201 201 202 202 203 202 201 203 204 206 206 206 206 206 206 205 204 204 203 203 203 202 203 202 203 203 204 204 204 204 205 205 205 205 205 205 204 204 203 204 204 204 204 204 204 204 205 205 205 206 206 207 207 208
205 205 207 208 208 206 205 204 204 202 202 202 203 202 200 200 197 196 195 195 197 198 198 198 199 199 199 199 198 198 198 200 201 200 201 201 202 202 202 203 203 202 200 201 199 202 202 203 205 206 207 207 207 207 207 207 206 205 205 204 205 204 203 203 204 204 205 205 206 204 204 205 206 206 206 206 205 206 205 205 205 205 206 206 206 205 205 205 207 206 206 206 208 208 208
203 204 207 208 209 207 206 204 203 203 203 206 207 204 203 203 201 199 198 198 198 198 199 200 201 200 199 199 199 200 200 201 202 201 202 204 204 204 204 205 205 204 203 200 200 201 204 206 206 207 206 207 207 207 207 207 207 206 206 205 206 205 204 204 205 205 206 206 206 206 206 206 207 207 206 206 206 205 205 206 206 204 206 207 207 206 206 206 207 207 208 209 210 209 210
205 206 207 210 211 210 208 206 205 206 208 211 210 208 206 203 203 202 201 200 200 200 200 199 199 201 201 201 201 200 201 202 202 203 204 204 203 203 206 206 205 204 203 202 202 203 205 206 208 209 208 208 208 208 208 208 208 207 207 206 206 206 206 206 206 206 206 207 207 206 207 208 208 207 207 207 207 207 207 206 207 207 206 207 208 208 208 207 208 209 209 209 209 211 209
205 202 205 206 208 208 208 208 207 208 210 211 211 209 206 204 204 204 202 202 200 198 199 199 199 200 203 203 202 202 201 203 204 204 205 204 199 200 204 206 206 206 205 205 206 207 207 208 209 210 209 209 209 209 209 209 209 208 208 207 208 207 208 208 208 208 208 208 208 208 209 209 209 209 208 208 208 208 209 209 208 207 208 208 209 208 208 208 209 209 209 210 210 212 210
204 202 203 203 205 206 208 209 209 210 212 212 212 210 207 205 206 205 202 200 200 199 199 199 199 203 204 204 204 205 205 205 205 204 202 203 202 201 204 206 206 205 207 206 208 208 208 209 209 210 210 210 210 210 209 209 209 209 208 208 208 209 208 209 209 209 209 209 210 209 209 209 209 210 210 210 210 210 210 210 210 209 209 208 209 210 210 209 210 210 211 212 212 212 211
204 204 203 203 203 206 207 210 211 212 212 213 212 211 209 206 207 206 204 203 200 200 200 200 201 203 201 202 202 197 204 203 206 206 203 203 203 204 205 206 206 207 207 207 207 208 209 210 209 210 210 210 210 210 210 210 210 210 209 210 210 210 209 210 210 210 210 210 210 210 210 211 211 212 211 211 212 212 211 211 210 210 209 209 210 210 210 211 212 212 212 212 212 212 212
206 205 205 204 203 205 207 209 211 212 213 214 213 211 209 209 207 206 204 204 202 201 201 202 202 203 203 199 191 194 189 197 202 205 206 204 205 206 206 207 206 207 207 207 208 209 210 211 211 210 211 211 210 211 211 211 210 211 210 211 211 212 211 211 211 211 211 212 211 211 212 212 213 212 212 212 212 212 211 211 211 211 211 212 211 211 212 213 213 213 212 212 212 212 212
209 208 207 206 206 207 208 211 212 213 214 213 212 211 209 208 206 206 205 205 204 204 204 204 204 204 203 197 188 184 189 198 199 206 206 207 206 208 207 207 207 208 209 209 210 210 210 211 211 212 212 211 211 211 212 212 211 212 212 212 212 212 212 212 212 212 212 213 212 212 214 213 213 214 214 213 213 212 212 211 212 213 213 213 212 212 214 212 212 213 213 213 213 213 213
210 209 208 208 208 209 208 210 206 204 212 213 211 211 211 210 208 207 206 206 205 205 205 204 205 205 205 204 196 198 194 190 186 189 198 208 208 209 209 209 209 209 210 210 211 212 212 212 212 213 213 213 212 213 213 212 212 212 213 213 213 213 214 213 213 213 214 214 214 214 214 214 214 214 214 213 213 212 212 212 213 214 214 213 212 213 215 214 214 214 214 213 214 213 213
199 198 208 204 199 195 196 194 196 195 195 204 208 211 210 209 209 208 207 206 206 206 205 206 206 206 206 207 207 199 187 188 188 188 190 201 209 210 210 210 210 210 211 211 212 212 212 213 213 213 213 213 213 214 214 214 213 213 214 214 214 214 214 214 214 215 215 215 215 215 215 215 215 215 214 214 214 214 214 214 215 216 215 215 215 216 215 214 214 214 215 214 215 213 214
192 195 196 191 190 190 191 192 192 192 191 190 192 196 206 207 208 209 209 208 207 207 207 208 208 208 208 208 208 205 192 190 189 192 195 192 210 201 211 211 211 210 211 212 212 212 213 213 214 214 214 213 213 214 214 215 214 214 214 214 215 214 214 214 215 215 215 216 216 216 216 216 215 215 214 215 216 216 215 215 215 216 217 217 217 217 216 216 216 215 215 216 215 214 215
192 192 192 191 191 190 190 189 190 190 190 188 186 189 190 201 208 208 209 209 210 210 210 210 210 210 210 210 210 209 206 200 190 189 193 205 202 200 212 212 212 212 212 212 212 213 214 214 214 215 214 214 215 215 215 216 216 216 215 214 214 215 215 216 216 217 217 217 217 216 216 216 217 218 217 216 218 217 217 216 216 217 219 218 218 216 216 217 217 216 216 216 215 217 217
193 193 192 191 190 189 188 188 189 190 189 188 187 187 194 205 209 210 210 211 212 212 211 211 212 211 211 205 198 192 190 191 191 192 194 197 194 199 212 213 212 213 213 213 214 214 215 215 215 215 215 215 216 216 215 215 216 216 216 215 216 216 216 216 217 217 218 218 217 217 217 218 218 219 219 218 218 218 217 217 217 219 219 219 218 217 216 216 217 218 217 217 218 219 218
190 189 190 189 187 185 186 188 189 190 190 189 188 187 191 208 210 211 212 213 213 213 212 212 212 211 210 195 190 190 190 190 191 192 194 192 192 194 212 213 213 213 213 214 214 215 214 214 214 214 215 215 216 215 215 215 215 215 216 217 217 217 218 218 218 218 219 220 219 218 218 219 220 220 220 219 219 218 217 217 219 220 221 220 219 218 218 217 217 218 218 219 220 219 218
188 188 188 188 188 186 187 188 189 190 191 190 188 188 204 210 211 213 213 213 213 213 212 213 212 211 199 191 190 191 191 191 192 192 192 192 192 205 212 213 213 213 214 214 215 215 215 214 214 214 214 215 216 216 216 216 217 217 218 218 218 219 219 220 220 220 220 219 219 220 220 221 222 221 221 220 220 219 218 218 220 221 220 219 219 219 219 219 219 219 220 221 222 221 219
189 188 188 188 188 189 187 188 188 189 190 191 192 191 200 212 213 213 213 213 213 212 212 213 212 209 198 191 190 190 191 191 191 191 192 192 196 206 213 213 213 214 214 214 215 214 215 214 214 214 215 215 215 216 216 217 217 218 218 219 220 220 220 220 221 221 220 220 220 221 222 223 222 222 222 222 222 222 222 222 222 222 220 220 220 221 221 220 220 221 223 222 221 221 221
189 188 187 187 185 185 187 187 187 188 188 189 191 192 199 211 212 212 212 212 212 212 212 210 204 195 190 190 190 190 191 191 191 192 192 191 201 210 212 213 214 215 214 215 214 214 214 214 213 214 214 212 213 215 215 216 217 217 217 218 219 221 221 222 222 222 221 221 221 223 224 224 224 224 224 224 224 223 223 223 223 222 223 223 223 222 221 222 222 222 223 223 221 220 221
188 188 187 185 183 179 182 185 186 187 189 190 192 193 192 207 211 211 211 212 211 209 207 195 190 189 189 189 189 190 191 191 191 192 191 191 196 209 213 214 214 215 215 214 213 214 214 214 214 214 214 213 214 215 217 218 219 219 220 220 221 221 221 222 223 224 222 223 224 224 224 224 224 224 224 224 224 224 224 223 224 224 224 224 224 224 224 224 223 224 224 224 224 224 222
187 186 185 183 181 178 178 181 184 186 188 191 194 191 191 197 204 204 205 201 199 201 188 188 189 189 189 189 189 190 191 191 192 192 192 192 198 213 213 214 214 214 215 215 214 214 214 214 214 214 214 215 215 216 218 218 219 219 219 220 221 222 223 223 224 224 224 225 224 225 225 225 225 225 225 225 225 224 224 224 224 224 224 224 224 224 223 224 225 224 224 223 224 225 224
