resultados/variables_proyeccion_tiempo/variables_futuro_ccsm_A1B/bio9.asc
ncols 330
nrows 228
xllcorner -12.000000
yllcorner 34.000000
cellsize 0.166667
NODATA_value -9999
[rows 138 to 183 of 228, columns 192 to 287 of 330]
-17 -9 -0 6 3 3 5 14 -1 14 19 16 23 8 24 3 3 9 1 11 9 23 22 12 10 12 10 13 16 13 12 10 7 6 7 6 6 6 5 4 1 1 3 1 0 0 -1 -2 -1 -2 -1 -0 0 0 -1 82 104 110 107 106 106 105 106 109 110 111 111 111 111 112 112 113 112 91 114 114 110 116 88 84 61 56 52 79 79 143 143 179 187 187 187 186 186 186 177 186
5 1 7 0 1 3 6 17 16 10 24 57 69 56 42 45 35 46 54 72 78 91 82 67 40 10 9 12 14 14 12 12 10 10 8 9 8 8 7 7 3 3 4 3 3 2 2 2 1 1 -0 -1 1 1 23 99 111 110 109 107 106 106 108 109 111 112 112 113 114 113 113 113 105 38 83 113 104 82 101 107 112 83 60 51 133 108 154 190 190 189 189 189 190 188 188 188
19 23 20 16 17 22 24 24 14 24 28 67 74 74 65 52 45 34 29 72 95 96 86 77 82 73 16 6 10 12 13 13 12 11 10 10 11 10 9 10 8 6 6 6 7 5 5 4 4 3 1 1 0 8 65 115 114 112 111 110 108 108 110 123 149 120 129 117 112 113 112 113 100 -6 8 70 92 95 46 85 84 59 41 41 51 179 190 192 193 193 193 193 192 192 192 192
27 30 26 26 28 27 27 23 17 26 29 61 75 76 75 74 71 48 55 82 103 102 88 83 82 78 77 21 -0 8 12 14 15 14 13 11 8 9 10 10 10 7 6 6 6 8 8 6 7 6 4 3 2 30 108 115 115 115 115 113 116 120 143 173 179 180 176 168 143 115 114 114 99 2 10 87 117 97 64 38 42 41 42 43 88 188 190 190 191 192 194 192 192 190 191 194
31 32 30 30 32 31 30 26 29 33 33 44 76 76 76 75 74 65 61 110 125 112 102 98 82 84 86 68 61 -5 4 8 9 10 9 12 13 14 13 12 12 11 9 8 9 9 9 7 9 9 8 7 26 102 116 117 117 116 116 124 147 159 175 179 180 183 182 182 182 119 115 114 116 102 111 96 117 113 94 71 44 43 44 61 117 191 191 193 195 194 194 195 193 192 192 193
30 28 18 18 32 35 34 35 34 34 35 42 63 73 77 76 71 57 77 123 127 125 120 113 100 98 86 76 53 3 -4 -6 0 7 6 3 4 10 12 12 13 12 13 11 11 11 11 11 10 7 11 11 72 119 118 117 118 119 126 130 138 162 182 183 185 185 184 184 179 162 133 116 118 120 121 120 119 88 84 58 44 46 45 90 192 193 192 195 195 195 197 197 195 193 193 194
29 34 31 32 36 37 36 36 36 35 35 34 33 42 56 53 45 34 102 168 146 106 110 121 112 97 85 82 75 68 33 -10 -8 -2 -6 -4 -4 4 12 14 14 15 14 15 12 13 13 12 12 25 33 57 109 116 123 120 119 120 120 120 120 141 165 186 187 187 188 187 187 188 170 133 133 126 127 123 107 122 67 53 47 47 48 117 194 195 195 195 197 198 200 199 197 196 195 196
40 40 39 39 39 38 38 38 37 35 35 34 34 34 35 36 36 35 111 184 131 110 98 108 111 107 54 74 74 78 44 4 -4 -9 -12 -5 -4 -5 7 13 15 15 16 18 16 15 14 15 34 60 64 108 119 125 125 123 123 121 130 127 142 150 179 187 188 189 191 192 191 191 170 149 124 124 125 125 124 125 115 77 96 97 116 157 193 198 184 198 200 199 202 202 200 199 198 196
43 42 42 41 40 40 39 39 37 36 36 56 116 158 97 46 36 40 99 131 176 170 122 107 77 43 8 39 50 58 28 -1 -10 -6 -12 -10 -5 -2 6 12 11 16 16 17 19 18 17 53 68 71 72 86 120 125 127 127 125 123 128 148 173 186 190 190 191 191 192 195 194 193 194 181 165 156 162 143 131 61 53 54 78 98 127 133 149 153 162 197 201 202 204 204 201 200 201 199
44 44 43 42 41 41 40 40 39 38 119 200 201 200 167 114 44 46 127 136 125 124 118 99 33 19 8 8 18 8 6 3 6 4 -9 -8 -3 5 7 10 7 13 17 19 19 20 36 68 69 69 69 98 117 128 130 130 127 131 155 166 183 191 192 194 192 194 195 195 197 196 197 195 196 188 168 123 60 39 47 50 65 94 128 143 137 133 133 142 181 194 202 202 202 201 199 199
45 45 44 43 42 42 41 41 40 121 193 203 202 199 192 191 115 110 132 118 120 118 74 22 23 21 17 12 17 -5 1 10 5 10 -4 -12 -8 1 9 9 11 12 18 19 21 32 67 74 67 68 71 69 98 110 125 132 131 136 158 184 193 194 194 194 196 196 195 196 197 197 200 186 198 199 170 51 51 36 49 52 51 51 75 101 126 132 132 134 142 151 152 156 181 194 202 201
46 45 44 44 43 42 42 41 71 205 205 203 200 198 170 143 138 127 126 87 46 26 26 28 22 22 20 15 -3 13 16 45 0 -7 28 -4 -6 -2 7 10 12 12 14 16 17 43 74 77 74 68 66 70 79 110 142 135 158 163 187 191 195 197 197 196 197 198 198 199 199 200 200 193 201 191 136 99 42 43 53 53 53 53 54 115 132 132 133 134 134 135 136 136 136 138 158 202
46 46 45 44 44 43 42 52 196 206 206 202 199 193 139 142 117 119 113 52 26 26 30 27 25 23 22 17 14 6 -4 7 -0 -10 -2 -9 -1 -1 9 10 10 14 11 12 13 45 70 69 77 74 71 70 76 100 127 148 175 196 190 199 196 198 200 200 199 200 202 201 201 202 202 193 175 119 83 55 29 53 53 56 55 56 83 133 132 133 134 135 136 136 137 138 139 139 139 158
47 46 45 45 44 43 43 74 146 207 207 205 202 201 182 107 92 109 109 66 25 25 28 28 27 25 23 22 20 13 -4 5 1 1 -3 -5 -7 -11 -3 14 11 10 1 2 15 54 72 70 75 77 73 72 95 104 136 140 176 183 186 202 200 200 202 203 202 202 203 203 203 203 203 160 103 58 58 42 34 58 56 59 58 57 56 89 90 143 136 137 138 138 140 141 141 141 141 142
47 46 46 45 45 44 94 146 197 207 207 206 178 142 187 133 95 98 93 95 22 22 29 30 28 27 24 24 21 15 9 1 10 -0 -2 -11 5 4 -10 -4 -2 3 -1 -2 10 50 74 69 75 80 76 78 84 120 132 142 165 161 191 205 178 202 203 204 205 204 205 204 205 169 133 157 60 60 61 61 58 60 61 61 60 59 58 58 94 167 150 155 148 140 141 142 143 143 143 143
47 46 46 46 46 45 65 136 207 207 207 206 203 171 127 118 102 109 101 62 24 23 31 31 29 28 27 25 21 18 13 6 4 4 2 -8 -8 -0 -7 -6 -2 2 1 2 6 59 74 75 78 80 76 77 92 124 137 140 139 149 185 201 206 206 205 206 206 -9999 -9999 -9999 -9999 64 63 62 63 63 62 62 62 62 62 62 62 62 61 60 69 122 203 204 169 141 143 144 144 144 -9999 -9999
46 47 47 48 47 66 146 187 207 206 157 199 180 174 131 135 78 79 56 54 14 27 34 31 30 28 25 24 22 19 15 12 9 1 -3 2 -6 -2 1 -3 2 0 5 6 30 51 76 76 81 79 77 80 102 116 140 138 142 129 181 178 204 207 207 208 -9999 -9999 -9999 -9999 -9999 -9999 64 64 64 65 64 64 64 64 65 65 65 65 65 64 107 178 205 205 198 150 144 -9999 -9999 -9999 -9999 -9999
48 48 49 49 148 188 208 207 206 205 202 190 199 173 150 80 53 35 37 24 26 36 33 31 28 26 24 21 19 16 14 15 11 11 4 -3 1 0 17 4 -4 0 4 17 24 28 48 72 83 79 78 82 104 125 134 148 164 119 78 94 111 155 176 208 -9999 -9999 -9999 -9999 -9999 -9999 -9999 -9999 -9999 66 82 65 66 83 67 67 68 68 68 94 145 205 205 206 203 -9999 146 -9999 -9999 -9999 -9999 -9999
48 49 50 90 209 209 209 208 207 205 204 204 204 202 198 180 115 118 52 36 36 33 33 29 27 24 22 21 18 17 16 15 7 11 4 6 9 12 68 41 -4 8 12 26 28 25 39 63 80 81 82 85 97 116 137 168 133 70 70 70 70 69 -9999 -9999 -9999 -9999 -9999 -9999 -9999 -9999 -9999 -9999 -9999 -9999 -9999 -9999 -9999 -9999 -9999 -9999 -9999 99 114 191 208 206 206 206 208 209 -9999 -9999 -9999 -9999 -9999 -9999
48 50 121 211 211 211 211 211 210 209 209 207 202 189 142 104 133 177 66 39 34 45 45 16 21 23 24 20 18 17 15 12 11 14 12 7 4 49 82 66 26 5 21 30 31 30 28 30 35 82 84 108 169 157 154 171 107 72 72 72 71 -9999 -9999 -9999 -9999 -9999 -9999 -9999 -9999 -9999 -9999 -9999 -9999 -9999 -9999 -9999 -9999 -9999 125 125 125 126 152 210 210 208 206 207 209 211 151 -9999 -9999 -9999 -9999 -9999
59 141 212 212 213 213 212 212 210 208 205 205 204 157 150 155 183 183 77 30 80 93 80 77 45 12 25 46 66 46 34 14 6 4 -2 16 25 51 66 78 27 16 25 32 33 33 31 29 33 54 98 162 206 207 200 144 74 74 74 -9999 -9999 -9999 -9999 -9999 -9999 -9999 -9999 -9999 -9999 -9999 -9999 -9999 -9999 -9999 -9999 -9999 125 124 124 125 125 125 177 211 214 212 209 209 210 205 159 155 -9999 -9999 -9999 -9999
172 214 214 214 214 214 214 212 210 208 202 200 197 200 157 124 108 100 110 47 49 74 82 76 48 27 18 15 41 55 55 46 55 38 44 46 18 15 24 11 16 20 29 33 34 35 35 34 35 36 89 206 208 209 210 173 73 75 75 -9999 -9999 -9999 -9999 -9999 -9999 -9999 -9999 -9999 -9999 -9999 -9999 -9999 -9999 -9999 -9999 122 121 123 126 126 126 126 179 212 215 214 212 211 212 210 163 155 158 -9999 133 125
214 215 216 216 215 215 214 213 210 206 199 162 95 162 154 79 109 106 119 118 135 120 115 75 44 16 18 16 14 14 16 36 40 20 10 15 13 16 18 22 26 28 33 34 35 36 36 37 37 40 171 210 210 211 211 120 65 76 76 -9999 -9999 -9999 -9999 -9999 -9999 -9999 -9999 -9999 -9999 -9999 -9999 -9999 -9999 -9999 -9999 -9999 -9999 -9999 128 128 129 130 135 205 211 211 210 210 211 213 171 139 132 126 124 123
213 216 219 218 216 214 214 213 209 209 174 141 74 176 161 133 180 187 197 201 200 197 193 139 81 71 29 22 21 22 17 17 18 18 19 22 24 24 23 27 32 33 34 36 36 37 38 38 39 57 193 206 208 209 212 83 68 77 -9999 -9999 -9999 -9999 -9999 -9999 -9999 -9999 -9999 -9999 -9999 -9999 -9999 -9999 -9999 -9999 -9999 -9999 -9999 -9999 -9999 -9999 -9999 131 130 192 205 203 201 204 202 206 197 194 177 126 124 124
216 218 221 222 219 215 212 212 212 207 196 171 191 170 183 172 192 201 204 206 202 202 200 198 188 193 38 24 25 26 23 23 26 27 27 29 32 32 33 34 34 34 36 37 37 38 39 40 40 36 168 196 199 202 128 61 57 72 -9999 -9999 -9999 -9999 -9999 -9999 -9999 -9999 -9999 -9999 -9999 -9999 -9999 -9999 -9999 -9999 -9999 -9999 -9999 -9999 -9999 -9999 -9999 131 129 188 198 193 181 183 192 196 205 224 233 -9999 -9999 -9999
217 219 220 218 219 217 216 214 208 208 195 196 184 180 200 197 200 204 205 205 206 205 201 203 203 205 179 114 103 72 52 30 30 52 43 43 34 34 35 36 36 36 37 38 39 39 41 41 40 37 169 186 212 108 66 46 -9999 -9999 -9999 -9999 -9999 -9999 -9999 -9999 -9999 -9999 -9999 -9999 -9999 -9999 -9999 -9999 -9999 -9999 -9999 -9999 -9999 -9999 -9999 -9999 -9999 128 140 184 192 178 186 203 131 -9999 226 -9999 -9999 -9999 -9999 -9999
217 218 215 213 212 213 214 212 208 206 199 198 191 198 198 210 209 202 204 206 210 209 208 208 207 209 205 204 204 150 182 204 194 173 206 186 133 111 46 36 37 38 38 40 40 41 41 43 41 70 155 188 151 177 -9999 -9999 -9999 -9999 -9999 -9999 -9999 -9999 -9999 -9999 -9999 -9999 -9999 -9999 -9999 -9999 -9999 -9999 -9999 -9999 -9999 -9999 -9999 -9999 -9999 -9999 127 126 144 183 189 179 172 -9999 -9999 -9999 -9999 -9999 -9999 -9999 -9999 -9999
214 216 214 211 212 211 212 209 207 197 196 192 198 197 205 211 211 207 204 205 208 213 214 211 212 212 210 208 208 207 207 207 207 208 208 208 208 209 188 124 39 40 40 41 42 43 42 45 45 106 157 181 181 -9999 -9999 -9999 -9999 -9999 -9999 -9999 -9999 -9999 -9999 -9999 -9999 -9999 -9999 -9999 -9999 -9999 -9999 -9999 -9999 -9999 -9999 -9999 -9999 -9999 -9999 -9999 -9999 112 139 180 200 -9999 -9999 -9999 -9999 -9999 -9999 -9999 -9999 -9999 -9999 -9999
209 210 205 204 209 208 210 208 203 194 192 186 193 193 204 213 212 212 209 209 211 213 216 216 214 214 214 210 210 210 209 210 209 209 209 208 209 209 210 211 147 53 53 44 44 45 46 45 56 129 171 214 -9999 -9999 -9999 -9999 -9999 -9999 -9999 -9999 -9999 -9999 -9999 -9999 -9999 -9999 -9999 -9999 -9999 -9999 -9999 -9999 -9999 -9999 -9999 -9999 -9999 -9999 -9999 -9999 -9999 -9999 -9999 -9999 -9999 -9999 -9999 -9999 -9999 -9999 -9999 -9999 -9999 -9999 -9999 -9999
161 194 200 193 200 207 205 208 204 190 172 182 194 199 206 208 212 215 215 215 215 217 217 218 215 214 215 215 212 211 211 211 210 209 209 208 208 210 211 211 210 209 106 53 55 44 53 64 106 148 212 203 -9999 -9999 -9999 -9999 -9999 -9999 -9999 -9999 -9999 -9999 -9999 -9999 -9999 -9999 -9999 -9999 -9999 -9999 -9999 -9999 -9999 -9999 -9999 -9999 -9999 -9999 -9999 -9999 -9999 -9999 -9999 -9999 -9999 -9999 -9999 -9999 -9999 -9999 -9999 -9999 -9999 -9999 -9999 -9999
196 201 205 200 203 196 200 206 208 194 178 195 203 207 203 205 211 216 216 217 218 220 219 220 217 216 216 216 214 212 212 212 212 210 210 211 210 209 208 206 206 205 206 174 154 145 144 186 198 211 212 214 -9999 -9999 -9999 -9999 -9999 -9999 -9999 -9999 -9999 -9999 -9999 -9999 -9999 -9999 -9999 -9999 -9999 -9999 -9999 -9999 -9999 -9999 -9999 -9999 -9999 -9999 -9999 -9999 -9999 -9999 -9999 -9999 -9999 -9999 -9999 -9999 -9999 -9999 -9999 -9999 -9999 -9999 -9999 -9999
189 199 198 208 205 195 199 204 210 200 193 189 190 204 194 204 207 212 215 212 215 216 219 219 221 219 219 218 217 214 215 214 212 213 213 208 204 203 201 199 200 201 201 203 204 205 204 205 207 210 214 219 -9999 -9999 -9999 -9999 -9999 -9999 -9999 -9999 -9999 -9999 -9999 -9999 -9999 -9999 -9999 -9999 -9999 -9999 -9999 -9999 -9999 -9999 -9999 -9999 -9999 -9999 -9999 -9999 -9999 -9999 -9999 -9999 -9999 -9999 -9999 -9999 -9999 -9999 -9999 -9999 -9999 -9999 -9999 -9999
126 194 172 187 184 196 207 211 209 211 204 188 189 204 185 189 200 206 210 212 215 217 218 216 216 217 215 215 213 212 212 211 211 211 205 203 202 198 198 197 194 195 197 200 203 204 203 204 206 210 214 232 -9999 -9999 -9999 -9999 -9999 -9999 -9999 -9999 -9999 -9999 -9999 -9999 -9999 -9999 -9999 -9999 -9999 -9999 -9999 -9999 -9999 -9999 -9999 -9999 -9999 -9999 -9999 -9999 -9999 -9999 -9999 -9999 -9999 -9999 -9999 -9999 -9999 -9999 -9999 -9999 -9999 -9999 -9999 -9999
185 168 168 210 179 175 218 208 185 199 217 202 197 189 191 164 163 189 207 212 214 213 214 215 216 217 216 212 207 212 213 210 211 210 205 200 196 199 196 196 193 195 200 199 202 203 202 206 209 210 219 244 -9999 -9999 -9999 -9999 -9999 -9999 -9999 -9999 -9999 -9999 -9999 -9999 -9999 -9999 -9999 -9999 -9999 -9999 -9999 -9999 -9999 -9999 -9999 -9999 -9999 -9999 -9999 -9999 -9999 -9999 -9999 -9999 -9999 -9999 -9999 -9999 -9999 -9999 -9999 -9999 -9999 -9999 -9999 -9999
198 192 196 227 197 182 206 233 236 227 249 231 205 194 194 186 160 166 185 205 203 206 206 209 215 213 211 205 207 206 205 210 209 211 207 206 198 196 192 200 203 202 205 206 209 210 210 210 214 -9999 -9999 -9999 -9999 -9999 -9999 -9999 -9999 -9999 -9999 -9999 -9999 -9999 -9999 -9999 -9999 -9999 -9999 -9999 -9999 -9999 -9999 -9999 -9999 -9999 -9999 -9999 -9999 -9999 -9999 -9999 -9999 -9999 -9999 -9999 -9999 -9999 -9999 -9999 -9999 -9999 -9999 -9999 -9999 -9999 -9999 -9999
194 201 216 214 224 201 200 231 225 223 249 248 221 191 193 194 187 179 160 159 178 185 205 206 203 208 204 196 201 194 200 197 201 205 209 208 194 189 188 196 198 201 206 210 214 217 215 215 -9999 -9999 -9999 -9999 -9999 -9999 -9999 -9999 -9999 -9999 -9999 -9999 -9999 -9999 -9999 -9999 -9999 -9999 -9999 -9999 -9999 -9999 -9999 -9999 -9999 -9999 -9999 -9999 -9999 -9999 -9999 -9999 -9999 -9999 -9999 -9999 -9999 -9999 -9999 -9999 -9999 -9999 -9999 -9999 -9999 -9999 -9999 -9999
191 204 199 203 224 222 216 228 220 234 246 247 241 212 187 177 185 191 189 184 180 176 201 192 193 186 178 186 194 192 199 195 194 195 193 194 188 185 182 186 192 189 193 204 207 211 224 239 -9999 -9999 -9999 -9999 -9999 -9999 -9999 -9999 -9999 -9999 -9999 -9999 -9999 -9999 -9999 -9999 -9999 -9999 -9999 -9999 -9999 -9999 -9999 -9999 -9999 -9999 -9999 -9999 -9999 -9999 -9999 -9999 -9999 -9999 -9999 -9999 -9999 -9999 -9999 -9999 -9999 -9999 -9999 -9999 -9999 -9999 -9999 -9999
177 186 230 239 232 232 237 226 224 226 227 218 234 199 189 200 181 187 191 201 201 189 183 173 167 162 156 172 157 149 155 175 171 177 178 180 180 179 188 195 202 211 220 224 225 238 240 245 -9999 -9999 -9999 -9999 -9999 -9999 -9999 -9999 -9999 -9999 -9999 -9999 -9999 -9999 -9999 -9999 -9999 -9999 -9999 -9999 -9999 -9999 -9999 -9999 -9999 -9999 -9999 -9999 -9999 -9999 -9999 -9999 -9999 -9999 -9999 -9999 -9999 -9999 -9999 -9999 -9999 -9999 -9999 -9999 -9999 -9999 -9999 -9999
161 208 251 250 238 234 241 230 223 236 223 232 226 186 192 210 201 193 187 156 186 190 188 186 184 175 169 183 201 192 188 195 199 196 198 205 209 212 216 222 244 251 251 256 252 251 -9999 -9999 -9999 -9999 -9999 -9999 -9999 -9999 -9999 -9999 -9999 -9999 -9999 -9999 -9999 -9999 -9999 -9999 -9999 -9999 -9999 -9999 -9999 -9999 -9999 -9999 -9999 -9999 -9999 -9999 -9999 -9999 -9999 -9999 -9999 -9999 -9999 -9999 -9999 -9999 -9999 -9999 -9999 -9999 -9999 -9999 -9999 -9999 -9999 -9999
215 234 256 254 245 226 237 237 241 235 244 237 212 189 203 219 219 196 195 176 175 182 192 193 202 201 206 210 211 205 200 197 200 210 226 243 240 251 247 251 250 255 259 260 255 250 252 -9999 -9999 -9999 -9999 -9999 -9999 -9999 -9999 -9999 -9999 -9999 -9999 -9999 -9999 -9999 -9999 -9999 -9999 -9999 -9999 -9999 -9999 -9999 -9999 -9999 -9999 -9999 -9999 -9999 -9999 -9999 -9999 -9999 -9999 -9999 -9999 -9999 -9999 -9999 -9999 -9999 -9999 -9999 -9999 -9999 -9999 -9999 -9999 -9999
240 248 240 246 250 200 197 234 216 229 246 237 219 215 209 203 236 232 209 153 143 142 159 192 212 218 217 217 217 217 217 218 227 251 255 256 254 251 253 255 252 253 253 251 248 250 252 254 -9999 -9999 -9999 -9999 -9999 -9999 -9999 -9999 -9999 -9999 -9999 -9999 -9999 -9999 -9999 -9999 -9999 -9999 -9999 -9999 -9999 -9999 -9999 -9999 -9999 -9999 -9999 -9999 -9999 -9999 -9999 -9999 -9999 -9999 -9999 -9999 -9999 -9999 -9999 -9999 -9999 -9999 -9999 -9999 -9999 -9999 -9999 -9999
224 239 238 214 178 177 232 241 242 241 254 248 240 214 191 206 221 228 243 158 117 127 145 163 185 198 222 211 211 230 241 256 256 257 257 257 250 246 254 255 251 249 244 241 246 248 248 249 254 -9999 -9999 -9999 -9999 -9999 -9999 -9999 -9999 -9999 -9999 -9999 -9999 -9999 -9999 -9999 -9999 -9999 -9999 -9999 -9999 -9999 -9999 -9999 -9999 -9999 -9999 -9999 -9999 -9999 -9999 -9999 221 -9999 -9999 -9999 -9999 -9999 -9999 -9999 -9999 221 221 219 -9999 -9999 -9999 -9999
228 214 210 176 156 231 226 232 243 256 251 252 249 251 248 240 226 226 245 204 178 196 154 157 149 150 183 153 176 198 233 241 251 255 254 257 255 247 250 256 250 250 250 240 237 240 243 250 254 -9999 -9999 -9999 -9999 -9999 -9999 -9999 -9999 -9999 -9999 -9999 -9999 -9999 -9999 -9999 -9999 -9999 -9999 -9999 -9999 -9999 -9999 -9999 -9999 -9999 -9999 -9999 224 220 219 215 212 213 216 211 218 223 221 220 222 222 221 -9999 -9999 -9999 -9999 -9999
219 204 224 174 183 226 207 218 180 235 257 259 261 251 220 206 220 208 220 224 130 187 191 151 159 160 182 159 162 177 218 234 242 249 252 251 257 261 261 263 261 261 261 258 249 236 235 246 251 -9999 -9999 -9999 -9999 -9999 -9999 -9999 -9999 -9999 -9999 -9999 -9999 -9999 -9999 -9999 -9999 -9999 -9999 -9999 -9999 -9999 -9999 -9999 -9999 219 219 223 214 220 217 213 209 201 200 198 196 200 206 208 212 214 223 230 243 -9999 -9999 219
248 199 237 203 182 216 208 229 211 241 249 263 264 250 250 251 228 212 232 264 212 194 234 225 209 186 176 163 199 208 223 236 247 248 247 246 252 261 264 265 263 264 265 260 253 247 244 246 249 256 -9999 -9999 -9999 -9999 -9999 -9999 -9999 -9999 -9999 -9999 -9999 -9999 -9999 -9999 -9999 -9999 -9999 -9999 -9999 -9999 -9999 222 222 222 224 228 223 216 215 208 205 206 208 207 214 226 220 223 226 220 211 222 225 232 232 225
212 196 217 208 194 219 216 222 241 230 235 254 256 257 253 255 258 243 251 267 268 216 232 232 237 219 232 211 200 215 231 241 245 246 243 245 255 260 262 263 262 265 266 260 250 248 249 248 245 249 256 247 -9999 -9999 -9999 -9999 -9999 -9999 -9999 -9999 -9999 -9999 -9999 -9999 -9999 -9999 -9999 -9999 -9999 217 219 225 223 226 231 220 224 217 214 205 209 213 222 226 223 220 210 218 237 239 236 217 213 221 235 235
