resultados/variables_proyeccion_tiempo/variables_futuro_ccsm_A1B/bio9.asc
ncols 330
nrows 228
xllcorner -12.000000
yllcorner 34.000000
cellsize 0.166667
NODATA_value -9999
[rows 0 to 45 of 228, columns 192 to 287 of 330]
-9999 -9999 -9999 -9999 -9999 -9999 -9999 -9999 -9999 -9999 -9999 -9999 -9999 -9999 -9999 -9999 -9999 -9999 -9999 -9999 -9999 -9999 -9999 -9999 -9999 -9999 -9999 -9999 -9999 -9999 -9999 -9999 -9999 -9999 -9999 -9999 -9999 -9999 -9999 -9999 -9999 -9999 -9999 -9999 -9999 -9999 -9999 -9999 -9999 -9999 -9999 -9999 -9999 -9999 -9999 -9999 -9999 -9999 -9999 -9999 -9999 -9999 -9999 -9999 -9999 -9999 -9999 -9999 -9999 -9999 -9999 -9999 -9999 -9999 -9999 -9999 -9999 -9999 -9999 -9999 -9999 -9999 -9999 -9999 -9999 -9999 -9999 -9999 -9999 -9999 -9999 -9999 -9999 -9999 -9999 -9999
-9999 -9999 -9999 -9999 -9999 -9999 -9999 -9999 -9999 -9999 -9999 -9999 -9999 -9999 -9999 -9999 -9999 -9999 -9999 -9999 -9999 -9999 -9999 -9999 -9999 -9999 -9999 -9999 -9999 -9999 -9999 -9999 -9999 -9999 -9999 -9999 -9999 -9999 -9999 -9999 -9999 -9999 -9999 -9999 -9999 -9999 -9999 -9999 -9999 -9999 -9999 -9999 -9999 -9999 -9999 -9999 -9999 -9999 -9999 -9999 -9999 -9999 -9999 -9999 -9999 -9999 -9999 -9999 -9999 -9999 -9999 -9999 -9999 -9999 -9999 -9999 -9999 -9999 -9999 -9999 -9999 -9999 -9999 -9999 -9999 -9999 -9999 -9999 -9999 -9999 -9999 -9999 -9999 -9999 -9999 -9999
-9999 -9999 -9999 -9999 -9999 -9999 -9999 -9999 -9999 -9999 -9999 -9999 -9999 -9999 -9999 -9999 -9999 -9999 -9999 -9999 -9999 -9999 -9999 -9999 -9999 -9999 -9999 -9999 -9999 -9999 -9999 -9999 -9999 -9999 -9999 -9999 -9999 -9999 -9999 -9999 -9999 -9999 -9999 -9999 -9999 -9999 -9999 -9999 -9999 -9999 -9999 -9999 -9999 -9999 -9999 -9999 -9999 -9999 -9999 -9999 -9999 -9999 -9999 -9999 -9999 -9999 -9999 -9999 -9999 -9999 -9999 -9999 -9999 -9999 -9999 -9999 -9999 -9999 -9999 -9999 -9999 -9999 -9999 -9999 -9999 -9999 -9999 -9999 -9999 -9999 -9999 -9999 -9999 -9999 -9999 -9999
-9999 -9999 -9999 -9999 -9999 -9999 -9999 -9999 -9999 -9999 -9999 -9999 -9999 -9999 -9999 -9999 -9999 -9999 -9999 -9999 -9999 -9999 -9999 -9999 -9999 -9999 -9999 -9999 -9999 -9999 -9999 -9999 -9999 -9999 -9999 -9999 -9999 -9999 -9999 -9999 -9999 -9999 -9999 -9999 -9999 -9999 -9999 -9999 -9999 -9999 -9999 -9999 -9999 -9999 -9999 -9999 -9999 -9999 -9999 -9999 -9999 -9999 -9999 -9999 -9999 -9999 -9999 -9999 -9999 -9999 -9999 -9999 -9999 -9999 -9999 -9999 -9999 -9999 -9999 -9999 -9999 -9999 -9999 -9999 -9999 -9999 -9999 -9999 -9999 -9999 -9999 -9999 -9999 -9999 -9999 -9999
-9999 -9999 -9999 -9999 -9999 -9999 -9999 -9999 -9999 -9999 -9999 -9999 -9999 -9999 -9999 -9999 -9999 -9999 -9999 -9999 -9999 -9999 -9999 -9999 -9999 -9999 -9999 -9999 -9999 -9999 -9999 -9999 -9999 -9999 -9999 -9999 -9999 -9999 -9999 -9999 -9999 -9999 -9999 -9999 -9999 -9999 -9999 -9999 -9999 -9999 -9999 -9999 -9999 -9999 -9999 -9999 -9999 -9999 -9999 -9999 -9999 -9999 -9999 -9999 -9999 -9999 -9999 -9999 -9999 -9999 -9999 -9999 -9999 -9999 -9999 -9999 -9999 -9999 -9999 -9999 -9999 -9999 -9999 -9999 -9999 -9999 -9999 -9999 -9999 -9999 -9999 -9999 -9999 -9999 -9999 -9999
-9999 -9999 -9999 -9999 -9999 -9999 -9999 -9999 -9999 -9999 -9999 -9999 -9999 -9999 -9999 -9999 -9999 -9999 -9999 -9999 -9999 -9999 -9999 50 56 -9999 -9999 41 52 -2 5 -8 -5 -5 -3 -11 -12 2 -9999 -9999 -9999 -9999 -9999 -24 -16 -18 -8 -4 -8 -3 -9999 -9999 -9999 -9999 -9999 -9999 -9999 -9999 -9999 -9999 -9999 -9999 -9999 -9999 -9999 -9999 -9999 -9999 -9999 -9999 -9999 -9999 -9999 -9999 -9999 -9999 -9999 -9999 -9999 -9999 -9999 -9999 -9999 -9999 -9999 -9999 -9999 -9999 -9999 -9999 -9999 -9999 -9999 -9999 -9999 -9999
-9999 -9999 -9999 -9999 -9999 -9999 -9999 -9999 -9999 -9999 -9999 -9999 -9999 -9999 -9999 -9999 -9999 -9999 60 51 -9999 -9999 -9999 52 53 60 48 46 24 -5 -6 2 -2 -11 -2 -16 8 -9999 -46 -39 -30 -9999 -27 -18 -18 -20 -19 -16 -17 -15 -13 -2 -10 -7 -2 -9999 -9999 -9999 -9999 -9999 -9999 -9999 -9999 -9999 -9999 -9999 -9999 -9999 -9999 -9999 -9999 -9999 -9999 -9999 -9999 -9999 -9999 -9999 -9999 -9999 -9999 -9999 -9999 -9999 -9999 -9999 -9999 -9999 -9999 -9999 -9999 -9999 -9999 -9999 -9999 -9999
-9999 -9999 -9999 -9999 -9999 -9999 -9999 -9999 -9999 -9999 -9999 -9999 -9999 -9999 23 32 48 56 54 51 54 50 54 54 55 56 51 38 -2 -13 -13 -24 -32 -33 -44 -38 -45 -51 -47 -43 -32 -9999 -30 -28 -28 -27 -26 -20 -13 -20 -9999 -16 -15 -19 -16 -7 -0 1 50 50 54 -9999 -9999 -9999 -9999 -9999 -9999 -9999 -9999 -9999 -9999 -9999 -9999 -9999 -9999 -9999 -9999 -9999 -9999 -9999 -9999 -9999 -9999 -9999 -9999 -9999 -9999 -9999 -9999 -9999 -9999 -9999 -9999 -9999 -9999 -9999
-9999 -9999 -9999 -9999 -9999 -9999 -9999 -9999 -9999 -9999 -9999 30 34 35 34 46 49 51 49 62 55 55 49 48 57 4 -19 -1 -6 -6 -31 -57 -42 -9999 -42 -43 -50 -46 -50 -37 -9999 -9999 -31 -31 -30 -32 -29 -31 -30 -21 -22 -25 -26 -24 -13 -17 -19 -5 24 40 49 44 44 22 -9999 -9999 -9999 -9999 -9999 -9999 -9999 -9999 -9999 -9999 -9999 -9999 -9999 -9999 -9999 -9999 -9999 -9999 -9999 -9999 -9999 -9999 -9999 -9999 -9999 -9999 -9999 -9999 -9999 -9999 -9999 -9999
-9999 -9999 -9999 -9999 -9999 -9999 -9999 -9999 10 -9999 4 -9999 63 -9999 -1 2 -4 -11 -5 -9 30 20 7 3 -17 -10 -8 -10 -12 -30 -48 -43 -46 -47 -48 -49 -54 -53 -45 -36 -37 -35 -37 -38 -37 -34 -26 -19 -14 -16 -18 -18 -23 -22 -21 -17 -20 -25 -19 1 15 12 14 18 22 23 27 -9999 -9999 -9999 -9999 -9999 -9999 -9999 -9999 -9999 -9999 -9999 -9999 -9999 -9999 -9999 -9999 -9999 -9999 -9999 -9999 -9999 -9999 -9999 -9999 -9999 -9999 -9999 -9999 -9999
-9999 66 64 46 5 -9999 -9999 10 -1 -1 3 -15 -12 -7 -13 -7 -11 -3 -18 -23 -3 -11 -16 -13 -10 -11 -23 -36 -58 -55 -47 -46 -61 -58 -65 -60 -57 -52 -54 -51 -45 -42 -41 -40 -37 -32 -28 -22 -18 -20 -18 -19 -22 -20 -15 -14 -20 -22 -24 -14 17 21 22 20 23 24 22 -9999 -9999 -9999 -9999 -9999 -9999 -9999 -9999 -9999 -9999 -9999 -9999 -9999 -9999 -9999 -9999 -9999 -9999 -9999 -9999 -9999 -9999 -9999 -9999 -9999 -9999 -9999 -9999 -9999
65 -9999 24 22 12 19 -9999 20 10 -1 -16 -3 -11 -7 -9 -13 -17 -3 3 2 -9 -11 -17 -24 -17 -14 -49 -64 -64 -56 -49 -65 -75 -73 -69 -74 -68 -74 -67 -59 -53 -49 -44 -39 -31 -28 -26 -25 -20 -22 -18 -16 -13 -12 -12 -11 -9 -13 -11 1 24 24 29 -9999 -9999 -9999 -9999 -9999 -9999 -9999 -9999 -9999 -9999 -9999 -9999 -9999 -9999 -9999 -9999 -9999 -9999 -9999 -9999 -9999 -9999 -9999 -9999 -9999 -9999 -9999 -9999 -9999 -9999 -9999 -9999 -9999
49 8 56 9 7 13 12 7 -4 -1 6 3 -4 -16 -23 -29 -16 -14 -1 5 3 -8 -13 -42 -61 -64 -77 -81 -81 -60 -56 -66 -74 -69 -74 -77 -71 -64 -53 -55 -48 -43 -42 -39 -38 -37 -34 -26 -23 -29 -29 -26 -25 -23 -23 -18 -14 -12 -8 -7 -10 4 -9999 -9999 -9999 -9999 -9999 -9999 -9999 -9999 -9999 24 15 3 -16 -9999 -9999 -9999 -9999 -9999 -9999 -9999 -9999 -9999 -9999 -9999 -9999 -9999 -9999 -9999 -9999 -9999 -9999 -9999 -9999 -9999
7 -4 -9999 -8 5 -7 9 -4 -36 -35 -16 -28 -6 -11 -38 -68 -55 -44 -38 -38 -43 -53 -41 -68 -68 -66 -70 -75 -72 -64 -61 -62 -63 -65 -64 -60 -59 -58 -59 -56 -50 -43 -43 -44 -41 -40 -40 -35 -32 -30 -29 -29 -22 -18 -17 -13 -12 -10 -10 -7 -6 -11 17 17 17 20 15 18 21 -9999 18 3 -11 -18 -17 -18 -20 -20 -17 -9999 -9999 -9999 -9999 -9999 -9999 -9999 -9999 -9999 -9999 -9999 -9999 -9999 -9999 -9999 -9999 -9999
-6 18 -1 7 -10 -29 -32 -3 -22 -73 -63 -80 -79 -73 -67 -70 -71 -73 -73 -68 -65 -66 -66 -69 -65 -66 -67 -70 -71 -69 -65 -64 -65 -65 -61 -59 -63 -63 -63 -56 -52 -49 -44 -42 -43 -42 -39 -36 -33 -29 -26 -22 -20 -18 -16 -15 -16 -17 -15 -11 -9 -7 -10 -15 -8 -3 3 0 -5 -16 -15 -12 -11 -20 -16 -20 -23 -24 -21 -9999 -9999 -9999 -9999 -9999 -9999 -9999 -9999 -9999 -9999 -9999 -9999 -9999 -9999 -9999 -9999 -9999
-3 15 -22 -18 -58 -40 -53 -50 -52 -53 -60 -68 -72 -75 -68 -65 -69 -75 -67 -66 -66 -62 -66 -68 -66 -64 -66 -66 -68 -65 -63 -63 -66 -65 -61 -62 -62 -62 -60 -56 -54 -52 -48 -46 -44 -41 -39 -36 -34 -30 -27 -25 -23 -23 -23 -22 -19 -15 -13 -11 -10 -15 -23 -21 -17 -13 -11 -18 -19 -18 -19 -20 -20 -19 -19 -22 -22 -22 -23 -27 -23 -9999 -9999 -9999 -31 -30 -9999 -9999 -9999 -9999 -9999 -9999 -9999 -9999 -9999 -9999
-12 -20 -17 -19 -57 -73 -74 -75 -72 -69 -66 -62 -63 -67 -66 -64 -63 -69 -67 -66 -65 -61 -63 -65 -68 -67 -66 -67 -64 -65 -67 -68 -67 -65 -63 -66 -66 -63 -59 -57 -53 -50 -47 -46 -44 -42 -39 -35 -32 -30 -28 -28 -28 -24 -22 -17 -19 -18 -23 -20 -19 -20 -22 -20 -20 -20 -18 -21 -25 -23 -23 -21 -19 -23 -23 -24 -21 -23 -24 -24 -22 -25 -26 -30 -32 -30 -28 -28 -31 -29 -25 -28 -27 -27 -24 -9999
-23 -23 -31 -52 -45 -61 -67 -69 -64 -61 -62 -64 -63 -63 -64 -65 -62 -61 -60 -62 -65 -66 -65 -67 -66 -65 -65 -66 -67 -70 -68 -66 -65 -63 -61 -64 -65 -64 -62 -58 -56 -52 -48 -46 -44 -41 -39 -36 -34 -32 -31 -30 -29 -25 -22 -21 -22 -25 -25 -22 -22 -20 -20 -22 -24 -25 -27 -26 -24 -22 -23 -24 -24 -24 -24 -28 -29 -26 -24 -25 -24 -24 -28 -31 -34 -35 -33 -32 -32 -30 -29 -30 -30 -29 -27 -29
-41 -51 -38 -54 -53 -49 -57 -61 -65 -65 -64 -62 -60 -60 -63 -64 -63 -61 -60 -64 -67 -69 -70 -68 -67 -66 -68 -68 -69 -68 -68 -66 -64 -62 -60 -60 -61 -57 -55 -53 -51 -52 -50 -48 -45 -43 -41 -39 -36 -35 -34 -32 -31 -27 -27 -26 -27 -27 -24 -23 -25 -23 -22 -24 -24 -26 -24 -26 -25 -28 -28 -26 -29 -30 -29 -26 -27 -27 -24 -28 -31 -31 -30 -33 -35 -34 -33 -33 -34 -35 -34 -33 -31 -29 -31 -34
-52 -60 -55 -57 -59 -62 -61 -57 -56 -63 -67 -65 -65 -61 -64 -66 -66 -64 -65 -63 -65 -66 -68 -69 -69 -70 -71 -71 -70 -69 -67 -65 -64 -63 -68 -64 -62 -59 -57 -60 -59 -58 -56 -54 -51 -46 -45 -42 -42 -42 -41 -37 -37 -33 -31 -29 -28 -27 -26 -26 -24 -23 -22 -22 -20 -22 -24 -23 -25 -28 -25 -24 -26 -26 -29 -28 -26 -28 -27 -31 -33 -33 -34 -37 -37 -35 -36 -38 -37 -37 -35 -32 -31 -32 -34 -37
-55 -54 -54 -54 -55 -56 -58 -61 -64 -61 -58 -58 -62 -58 -61 -64 -65 -63 -65 -64 -63 -65 -69 -66 -66 -68 -67 -68 -69 -69 -66 -65 -65 -64 -65 -67 -65 -64 -64 -63 -62 -60 -57 -54 -53 -51 -50 -46 -45 -44 -43 -36 -34 -32 -31 -29 -27 -26 -27 -26 -26 -27 -25 -23 -24 -24 -22 -23 -25 -25 -25 -26 -26 -33 -35 -36 -36 -34 -31 -30 -34 -37 -34 -36 -38 -39 -37 -41 -38 -35 -34 -34 -33 -36 -35 -38
-48 -50 -54 -58 -57 -56 -56 -58 -58 -59 -61 -60 -57 -58 -60 -61 -60 -60 -60 -60 -61 -61 -62 -62 -61 -62 -64 -64 -65 -66 -66 -65 -63 -62 -62 -61 -61 -61 -60 -59 -60 -59 -60 -58 -59 -57 -52 -47 -45 -42 -42 -42 -38 -39 -38 -36 -34 -31 -32 -39 -35 -35 -29 -29 -32 -30 -29 -29 -27 -27 -31 -35 -33 -34 -42 -38 -37 -35 -37 -32 -33 -36 -39 -43 -42 -39 -38 -40 -38 -38 -37 -34 -36 -38 -39 -38
-36 -44 -52 -54 -56 -58 -58 -58 -55 -56 -59 -58 -60 -61 -64 -63 -61 -59 -57 -59 -60 -62 -69 -64 -60 -62 -63 -63 -62 -62 -64 -63 -62 -62 -61 -61 -60 -60 -60 -59 -59 -59 -58 -58 -57 -58 -54 -54 -56 -54 -54 -50 -44 -46 -41 -37 -35 -33 -35 -31 -30 -30 -29 -28 -31 -43 -39 -37 -39 -36 -39 -42 -43 -41 -44 -39 -42 -40 -36 -35 -36 -38 -42 -43 -43 -39 -37 -36 -37 -36 -35 -34 -36 -36 -36 -38
-42 -41 -43 -47 -49 -53 -55 -58 -55 -53 -54 -57 -60 -61 -63 -65 -63 -60 -58 -57 -57 -57 -58 -61 -65 -58 -58 -57 -57 -58 -58 -58 -59 -60 -60 -58 -58 -58 -58 -57 -57 -57 -56 -56 -55 -54 -51 -51 -49 -48 -47 -46 -44 -42 -42 -40 -37 -34 -32 -33 -33 -30 -29 -30 -31 -32 -34 -42 -46 -51 -46 -47 -45 -45 -53 -44 -39 -39 -39 -37 -37 -40 -40 -42 -41 -39 -38 -38 -38 -35 -34 -34 -36 -37 -36 -37
-44 -43 -41 -44 -45 -48 -48 -48 -52 -54 -56 -56 -55 -57 -61 -62 -62 -61 -58 -56 -54 -54 -57 -58 -59 -61 -59 -56 -55 -54 -54 -55 -55 -56 -60 -60 -59 -59 -58 -56 -54 -56 -57 -54 -53 -52 -51 -51 -50 -48 -49 -47 -43 -42 -42 -42 -41 -38 -37 -36 -32 -31 -35 -36 -37 -38 -44 -40 -42 -45 -49 -52 -52 -46 -64 -55 -46 -40 -38 -36 -41 -43 -46 -45 -42 -36 -41 -51 -50 -50 -35 -33 -34 -34 -35 -36
-45 -46 -48 -48 -46 -45 -47 -45 -46 -48 -50 -53 -54 -54 -56 -56 -56 -57 -55 -55 -53 -54 -55 -57 -56 -58 -57 -55 -53 -53 -53 -53 -55 -56 -56 -56 -56 -56 -54 -52 -52 -52 -52 -52 -51 -51 -51 -51 -51 -48 -47 -45 -42 -42 -43 -42 -43 -45 -43 -41 -35 -33 -33 -36 -40 -38 -38 -40 -42 -46 -46 -45 -43 -44 -61 -51 -44 -39 -38 -49 -66 -66 -68 -52 -47 -38 -42 -59 -52 -43 -33 -35 -34 -36 -36 -36
-48 -47 -47 -51 -49 -48 -49 -51 -50 -50 -51 -50 -50 -50 -52 -52 -53 -55 -57 -54 -51 -52 -54 -52 -54 -56 -53 -54 -53 -50 -50 -52 -52 -51 -53 -52 -51 -51 -50 -50 -49 -50 -48 -49 -48 -48 -50 -48 -49 -47 -44 -42 -42 -42 -42 -43 -44 -47 -45 -44 -44 -43 -42 -41 -40 -40 -39 -40 -41 -41 -42 -43 -42 -44 -45 -43 -42 -41 -39 -39 -44 -50 -56 -55 -42 -35 -34 -35 -35 -35 -34 -37 -37 -35 -35 -36
-50 -52 -54 -53 -51 -51 -50 -50 -50 -51 -52 -51 -50 -46 -48 -48 -49 -50 -50 -48 -48 -48 -48 -49 -50 -50 -50 -50 -49 -49 -50 -50 -50 -49 -50 -51 -50 -51 -50 -47 -47 -47 -49 -48 -47 -45 -46 -46 -44 -42 -44 -44 -46 -44 -44 -44 -44 -47 -46 -43 -44 -46 -47 -42 -40 -45 -47 -52 -50 -47 -48 -46 -45 -45 -45 -45 -47 -46 -42 -41 -41 -39 -38 -37 -34 -34 -36 -37 -36 -38 -35 -34 -36 -38 -38 -36
-47 -48 -49 -50 -51 -52 -52 -51 -47 -48 -54 -52 -48 -46 -46 -45 -46 -46 -46 -47 -46 -45 -45 -46 -46 -48 -49 -48 -46 -47 -48 -48 -48 -47 -47 -48 -50 -51 -49 -47 -45 -45 -47 -44 -42 -42 -44 -43 -42 -41 -41 -42 -42 -43 -43 -40 -43 -43 -43 -42 -44 -44 -49 -50 -48 -50 -52 -54 -51 -50 -48 -49 -48 -46 -46 -50 -51 -50 -51 -44 -39 -38 -37 -35 -34 -33 -33 -36 -36 -34 -34 -33 -33 -35 -36 -35
-48 -48 -48 -50 -46 -46 -45 -45 -46 -45 -45 -45 -49 -44 -44 -43 -44 -47 -48 -47 -46 -45 -44 -43 -45 -45 -46 -45 -44 -44 -42 -44 -47 -45 -45 -46 -47 -46 -45 -45 -46 -47 -46 -43 -42 -41 -41 -41 -43 -46 -43 -40 -39 -39 -39 -40 -40 -44 -42 -42 -45 -44 -44 -44 -45 -47 -45 -51 -54 -52 -48 -44 -42 -42 -44 -48 -47 -52 -44 -42 -36 -35 -35 -33 -31 -31 -32 -34 -34 -35 -32 -31 -31 -30 -31 -30
-44 -46 -48 -46 -48 -48 -48 -45 -42 -41 -41 -40 -43 -44 -44 -42 -41 -42 -43 -46 -44 -41 -39 -38 -42 -44 -42 -43 -44 -41 -42 -41 -40 -41 -43 -45 -43 -42 -43 -45 -44 -43 -44 -42 -39 -40 -40 -40 -41 -40 -40 -38 -38 -39 -42 -40 -41 -41 -46 -46 -44 -38 -37 -39 -39 -38 -44 -40 -43 -41 -43 -42 -41 -46 -43 -42 -9999 -44 -49 -44 -37 -34 -34 -32 -31 -30 -30 -31 -31 -31 -30 -30 -30 -29 -28 -27
-38 -41 -45 -47 -46 -45 -45 -48 -46 -44 -42 -39 -38 -38 -43 -41 -39 -41 -41 -42 -45 -42 -38 -36 -41 -41 -38 -40 -39 -40 -42 -40 -37 -38 -39 -41 -39 -38 -41 -41 -41 -43 -43 -41 -38 -38 -39 -39 -38 -40 -42 -42 -42 -42 -42 -45 -44 -46 -45 -43 -40 -38 -36 -35 -37 -37 -40 -44 -39 -39 -39 -39 -40 -40 -43 -42 -38 -36 -9999 -34 -34 -31 -32 -31 -30 -28 -28 -29 -28 -29 -29 -29 -30 -30 -28 -26
-38 -40 -36 -42 -43 -43 -43 -46 -48 -46 -44 -41 -39 -36 -36 -39 -36 -38 -40 -39 -40 -40 -37 -36 -39 -38 -35 -36 -36 -38 -38 -37 -36 -36 -36 -36 -35 -37 -38 -37 -38 -39 -38 -37 -37 -39 -38 -37 -38 -40 -41 -40 -41 -41 -40 -40 -42 -44 -43 -43 -44 -42 -40 -37 -36 -36 -37 -38 -42 -42 -40 -40 -40 -39 -40 -42 -38 -36 -34 -34 -32 -30 -9999 -9999 -9999 -9999 -26 -27 -25 -25 -26 -26 -27 -28 -27 -27
-42 -39 -36 -33 -36 -38 -39 -41 -41 -42 -40 -44 -44 -38 -34 -33 -34 -34 -36 -38 -38 -34 -35 -36 -34 -34 -34 -36 -36 -36 -34 -34 -32 -34 -35 -34 -33 -34 -34 -35 -36 -37 -38 -36 -38 -43 -42 -40 -39 -39 -40 -42 -42 -39 -38 -38 -39 -41 -40 -42 -45 -44 -39 -37 -35 -36 -40 -39 -41 -43 -41 -42 -41 -39 -39 -39 -38 -37 -34 -34 -33 -31 -9999 -9999 -9999 -9999 -9999 -9999 -9999 -9999 -9999 -22 -23 -25 -26 -25
-44 -40 -36 -36 -32 -32 -34 -37 -35 -35 -32 -36 -39 -39 -36 -35 -33 -32 -34 -35 -35 -33 -32 -32 -29 -33 -33 -32 -31 -30 -31 -29 -30 -32 -32 -32 -34 -36 -36 -37 -36 -35 -36 -36 -38 -41 -41 -39 -38 -39 -40 -41 -38 -38 -39 -41 -39 -38 -40 -41 -42 -44 -41 -38 -36 -38 -38 -40 -42 -41 -40 -41 -42 -43 -41 -39 -38 -36 -35 -33 -32 -31 -30 -29 -28 -9999 -9999 -9999 -9999 -9999 -9999 -9999 -9999 -9999 -9999 -9999
-39 -39 -39 -37 -32 -28 -31 -33 -33 -31 -29 -31 -33 -34 -33 -31 -29 -31 -32 -32 -31 -30 -29 -25 -5 -16 -28 -27 -26 -27 -26 -27 -28 -30 -31 -32 -32 -32 -33 -33 -34 -34 -35 -35 -37 -38 -40 -40 -37 -39 -38 -37 -38 -39 -39 -41 -41 -39 -40 -41 -41 -43 -42 -38 -35 -36 -36 -38 -40 -41 -41 -41 -42 -41 -40 -39 -38 -37 -37 -35 -34 -33 -32 -31 -29 -28 -26 -24 -9999 -9999 -9999 -9999 -9999 -9999 -9999 -9999
-31 -31 -32 -34 -34 -31 -31 -27 -27 -28 -27 -30 -28 -28 -27 -27 -27 -26 -27 -26 -26 -27 -13 7 29 29 5 -24 -24 -24 -26 -26 -26 -26 -28 -29 -29 -29 -30 -30 -31 -33 -32 -32 -33 -35 -38 -38 -36 -36 -36 -38 -38 -39 -38 -37 -39 -38 -39 -39 -40 -42 -41 -42 -40 -38 -36 -36 -37 -38 -40 -39 -40 -40 -40 -38 -36 -36 -36 -35 -34 -33 -32 -31 -30 -28 -26 -24 -21 -9999 -9999 -9999 -9999 -9999 -9999 -9999
-36 -34 -32 -24 -27 -25 -26 -27 -27 -25 -23 -24 -25 -25 -24 -25 -24 -24 -24 -23 -22 -5 4 30 30 31 4 -21 -21 -21 -22 -22 -24 -24 -25 -26 -26 -28 -29 -28 -29 -30 -29 -29 -31 -35 -35 -37 -37 -36 -34 -35 -36 -36 -36 -36 -37 -38 -39 -39 -39 -39 -38 -38 -39 -38 -37 -37 -37 -36 -37 -37 -37 -38 -38 -36 -35 -35 -34 -33 -32 -31 -34 -31 -29 -28 -32 -26 -21 -21 -9999 -9999 -9999 -9999 -9999 -9999
-40 -37 -34 -30 -28 -26 -23 -22 -24 -22 -22 -22 -22 -23 -22 -22 -20 -21 -9999 -9999 -9999 -9999 -9999 -9999 -9999 -9999 -9999 -9999 -17 -18 -18 -19 -20 -21 -23 -23 -24 -24 -25 -25 -27 -27 -27 -28 -29 -30 -33 -32 -33 -32 -33 -34 -34 -33 -34 -35 -36 -36 -37 -37 -37 -36 -35 -36 -38 -38 -39 -38 -38 -38 -37 -36 -36 -36 -36 -36 -35 -33 -33 -34 -40 -47 -49 -46 -46 -47 -41 -32 -26 -9999 -9999 -9999 -9999 -9999 -9999 -9999
-36 -34 -35 -33 -30 -26 -21 -18 -19 -19 -19 -19 -9999 -20 -20 -20 -20 -9999 -9999 -9999 -9999 -9999 -9999 -9999 -9999 -9999 -9999 -9999 -9999 -9999 -9999 -15 -16 -18 -19 -20 -22 -22 -23 -24 -24 -25 -26 -27 -27 -29 -30 -30 -32 -32 -33 -33 -33 -33 -33 -33 -33 -34 -35 -36 -35 -35 -34 -34 -36 -37 -38 -38 -38 -38 -38 -37 -37 -36 -39 -46 -54 -57 -56 -57 -56 -55 -53 -51 -49 -47 -46 -42 -9999 -9999 -9999 -9999 -9999 -9999 -9999 -9999
-31 -30 -31 -29 -28 -26 -22 -18 -17 -16 -17 -15 -9999 -9999 -9999 -9999 -9999 -9999 -9999 -9999 -9999 -9999 -9999 -9999 -9999 -9999 -9999 -9999 -9999 -9999 -9999 -14 -15 -16 -17 -18 -20 -21 -22 -22 -22 -23 -24 -24 -26 -27 -29 -28 -29 -32 -32 -32 -33 -32 -31 -32 -31 -32 -33 -35 -33 -31 -31 -32 -34 -33 -34 -35 -35 -35 -35 -36 -39 -55 -62 -61 -60 -59 -59 -58 -56 -55 -53 -52 -50 -49 -47 -46 -9999 -9999 -9999 -9999 -9999 -9999 -9999 -9999
-29 -28 -27 -26 -23 -20 -14 3 -8 37 -9999 -9999 -9999 -9999 -9999 -9999 -9999 -9999 -9999 -9999 -9999 -9999 -9999 -9999 -9999 -9999 -9999 -8 -8 -8 -9999 -12 -12 -14 -15 -16 -17 -19 -20 -21 -22 -22 -23 -23 -25 -27 -27 -31 -27 -28 -29 -31 -31 -31 -29 -31 -32 -34 -33 -34 -32 -30 -30 -31 -30 -32 -32 -31 -32 -32 -33 -33 -33 -50 -60 -59 -59 -58 -57 -57 -56 -55 -54 -52 -50 -49 -48 -47 -46 -9999 -9999 -9999 -9999 -21 -21 -20
-24 -24 -23 -19 -8 8 25 28 39 -9999 -9999 -9999 -9999 -9999 -9999 -9999 -9999 -9999 -9999 -9999 -9999 -9999 -9999 -9999 -9999 -9999 -9999 -8 -9 -9 -9 -9 -9 -11 -12 -14 -16 -17 -18 -19 -20 -21 -22 -22 -24 -24 -27 -30 -29 -28 -30 -29 -28 -28 -29 -30 -31 -31 -31 -31 -31 -30 -29 -30 -30 -34 -32 -33 -34 -32 -49 -54 -60 -57 -59 -58 -58 -58 -58 -58 -56 -55 -53 -51 -50 -49 -48 -47 -46 -46 -47 -9999 -9999 -9999 -19 -9999
-25 -23 -20 -16 8 38 40 41 -9999 -9999 -9999 -9999 -9999 -9999 -9999 -9999 -9999 -9999 -9999 -9999 -9999 -9999 -9999 -9999 -9999 -9999 -6 -8 -10 -11 -10 -10 -9 -10 -11 -12 -14 -16 -17 -17 -19 -20 -21 -23 -24 -25 -26 -28 -30 -28 -26 -26 -26 -27 -28 -28 -29 -29 -30 -31 -34 -33 -32 -32 -34 -32 -33 -40 -32 -42 -56 -58 -58 -59 -58 -58 -60 -58 -58 -57 -55 -54 -54 -54 -53 -50 -49 -47 -46 -45 -9999 -9999 -9999 -44 -9999 -9999
-23 -23 -19 2 32 41 40 42 44 44 -9999 -9999 -9999 -9999 -9999 -9999 -9999 -9999 -9999 -9999 -9999 -9999 -9999 -9999 -9999 -6 -8 -10 -12 -12 -12 -11 -10 -10 -11 -13 -14 -15 -17 -17 -18 -19 -20 -20 -22 -24 -24 -24 -26 -26 -24 -25 -26 -26 -27 -28 -29 -29 -29 -31 -32 -32 -34 -32 -32 -33 -40 -55 -49 -61 -60 -60 -59 -59 -59 -60 -60 -59 -58 -56 -56 -55 -55 -54 -52 -51 -50 -48 -46 -45 -9999 -9999 -9999 -9999 -9999 -9999
-22 -21 -16 17 38 41 42 44 44 44 -9999 -9999 -9999 -9999 -9999 -9999 -9999 -9999 -9999 -9999 -9999 -9999 -9999 -9999 -7 -7 -8 -10 -12 -13 -12 -11 -11 -11 -11 -12 -13 -15 -15 -15 -16 -17 -18 -19 -20 -21 -21 -21 -22 -23 -22 -24 -25 -26 -26 -26 -27 -27 -27 -28 -30 -29 -31 -32 -33 -34 -41 -58 -55 -59 -59 -60 -60 -59 -60 -60 -59 -58 -57 -56 -56 -55 -54 -54 -53 -52 -50 -49 -47 -46 -46 -9999 -9999 -46 -45 -44
