resultados/variables_proyeccion_tiempo/variables_futuro_ccsm_A1B/bio9.asc
ncols 330
nrows 228
xllcorner -12.000000
yllcorner 34.000000
cellsize 0.166667
NODATA_value -9999
[rows 46 to 91 of 228, columns 192 to 287 of 330]
-21 -19 -16 32 41 44 45 46 -9999 -9999 -9999 -9999 -9999 -9999 -9999 -9999 -9999 -9999 -9999 -9999 -9999 -5 -7 -7 -8 -8 -9 -9 -9 -10 -11 -13 -12 -12 -11 -11 -12 -13 -14 -15 -16 -16 -16 -17 -19 -19 -20 -20 -20 -23 -22 -22 -23 -24 -23 -25 -25 -25 -25 -27 -28 -30 -31 -33 -32 -40 -53 -60 -61 -60 -61 -60 -60 -61 -60 -59 -59 -58 -57 -56 -56 -54 -53 -53 -51 -50 -49 -49 -49 -49 -47 -47 -46 -46 -46 -45
5 19 26 39 46 48 -9999 -9999 -9999 -9999 -9999 -9999 -9999 -9999 -9999 -9999 -9999 -9999 -9999 -9999 -4 -5 -6 -8 -8 -9 -8 -9 -9 -10 -10 -10 -11 -10 -11 -11 -12 -13 -14 -15 -17 -18 -18 -18 -19 -20 -22 -23 -20 -20 -19 -19 -20 -21 -22 -22 -23 -24 -25 -25 -27 -29 -30 -35 -32 -39 -53 -62 -63 -61 -61 -60 -59 -58 -59 -58 -58 -57 -57 -56 -55 -55 -53 -52 -51 -49 -50 -52 -53 -52 -50 -48 -48 -47 -46 -45
26 44 46 47 48 50 -9999 -9999 -9999 -9999 -9999 -9999 -9999 -9999 -9999 -9999 -9999 -0 -1 -3 -4 -6 -7 -7 -8 -9 -9 -9 -8 -8 -8 -9 -10 -10 -10 -11 -10 -11 -13 -14 -15 -15 -17 -18 -16 -17 -18 -18 -20 -22 -19 -19 -20 -21 -22 -23 -24 -25 -26 -25 -27 -28 -28 -29 -28 -30 -41 -59 -62 -61 -61 -60 -59 -58 -59 -58 -57 -56 -54 -53 -53 -52 -52 -51 -50 -49 -49 -50 -53 -53 -51 -50 -50 -49 -48 -46
46 49 49 50 50 51 -9999 -9999 -9999 -9999 -9999 -9999 -9999 -9999 -9999 2 1 -0 -2 -3 -4 -5 -6 -8 -9 -9 -9 -10 -9 -10 -8 -8 -9 -10 -11 -11 -12 -11 -10 -12 -13 -13 -13 -15 -14 -15 -15 -15 -16 -19 -20 -16 -17 -18 -19 -19 -22 -24 -23 -23 -24 -26 -26 -27 -28 -28 -38 -48 -62 -62 -60 -60 -60 -60 -58 -56 -56 -55 -55 -53 -53 -53 -53 -51 -50 -50 -49 -49 -49 -52 -52 -51 -50 -51 -52 -49
-9999 -9999 -9999 -9999 53 53 -9999 -9999 -9999 -9999 -9999 -9999 -9999 5 4 3 2 0 -2 -3 -4 -4 -5 -7 -8 -9 -9 -10 -9 -9 -9 -8 -9 -11 -11 -9 -12 -12 -11 -10 -11 -11 -10 -11 -11 -12 -12 -12 -14 -15 -16 -17 -15 -14 -14 -17 -19 -18 -20 -20 -20 -24 -24 -24 -26 -28 -32 -56 -60 -61 -62 -64 -59 -59 -58 -58 -56 -54 -54 -54 -54 -54 -53 -52 -51 -50 -49 -48 -48 -48 -49 -50 -51 -52 -53 -52
-9999 -9999 -9999 -9999 -9999 -9999 -9999 8 8 -9999 6 5 6 5 4 3 2 0 -2 -3 -4 -4 -5 -6 -8 -9 -10 -10 -9 -9 -9 -9 -8 -7 -8 -10 -9 -8 -9 -8 -10 -11 -12 -9 -10 -11 -9 -9 -10 -11 -12 -14 -14 -16 -13 -13 -14 -16 -16 -19 -19 -20 -22 -22 -24 -25 -30 -54 -57 -59 -61 -63 -60 -58 -57 -56 -54 -54 -54 -52 -52 -51 -51 -52 -51 -51 -51 -49 -48 -48 -47 -47 -48 -50 -52 -53
-9999 -9999 -9999 -9999 -9999 -9999 7 8 8 8 8 7 6 6 4 3 2 0 -1 -2 -4 -4 -4 -6 -7 -9 -10 -10 -10 -9 -7 -8 -7 -7 -7 -8 -9 -7 -7 -7 -8 -10 -9 -7 -7 -8 -8 -9 -7 -8 -9 -10 -13 -14 -16 -13 -13 -13 -14 -15 -18 -20 -23 -23 -24 -25 -39 -54 -58 -59 -58 -58 -56 -56 -56 -56 -57 -55 -54 -52 -51 -50 -50 -50 -51 -51 -51 -50 -49 -47 -48 -50 -49 -50 -51 -51
-9999 -9999 -9999 -9999 -9999 -9999 -9999 -9999 9 9 8 8 7 7 5 4 3 3 1 -1 -3 -3 -4 -5 -8 -10 -9 -9 -10 -8 -6 -6 -5 -5 -5 -5 -7 -8 -6 -5 -6 -6 -7 -6 -4 -3 -2 -3 -5 -5 -6 -9 -10 -12 -15 -14 -14 -14 -16 -15 -17 -21 -23 -22 -21 -26 -26 -50 -56 -56 -57 -56 -55 -54 -55 -56 -57 -55 -52 -52 -52 -52 -51 -51 -51 -52 -52 -50 -49 -47 -48 -49 -50 -48 -50 -52
-9999 -9999 -9999 -9999 -9999 58 8 8 8 9 10 9 8 7 6 6 4 3 1 -0 -2 -4 -5 -6 -7 -9 -9 -8 -7 -8 -7 -6 -6 -6 -6 -3 -4 -5 -6 -5 -4 -4 -5 -5 -3 -0 0 -1 -2 -3 -6 -7 -8 -10 -10 -10 -10 -10 -13 -16 -16 -17 -21 -20 -30 -31 -32 -41 -54 -55 -56 -55 -54 -55 -53 -54 -54 -52 -53 -52 -52 -51 -51 -52 -50 -48 -47 -46 -45 -46 -49 -49 -50 -49 -48 -49
-9999 -9999 -9999 -9999 -9999 -9999 8 8 8 9 8 7 5 4 5 6 4 3 0 -1 -2 -3 -5 -7 -7 -8 -9 -9 -7 -6 -6 -6 -4 -5 -4 -2 -4 -3 -3 -3 -3 -3 -4 -3 -3 0 2 1 -0 -2 -4 -4 -6 -8 -7 -7 -8 -10 -10 -14 -15 -16 -18 -20 -25 -26 -23 -39 -45 -52 -53 -55 -55 -54 -54 -53 -54 -54 -52 -51 -50 -50 -50 -49 -47 -46 -45 -42 -42 -42 -43 -45 -45 -47 -48 -50
-9999 -9999 -9999 -9999 -9999 -9999 8 9 10 9 8 6 4 4 5 4 3 2 1 -0 -2 -3 -4 -5 -6 -6 -7 -7 -7 -8 -6 -4 -3 -3 -1 -3 -1 -1 -2 -1 -2 -2 -1 -1 0 1 2 1 -0 -0 -3 -4 -4 -6 -7 -6 -8 -8 -9 -11 -14 -17 -17 -20 -20 -23 -25 -36 -37 -50 -49 -53 -52 -51 -51 -52 -51 -51 -50 -50 -48 -48 -45 -44 -43 -44 -43 -42 -42 -41 -41 -41 -41 -42 -43 -47
-9999 -9999 -9999 -9999 -9999 -9999 10 11 10 9 8 6 6 5 3 2 3 2 0 -0 -2 -2 -3 -4 -5 -5 -5 -5 -3 -5 -5 -4 -4 -3 -2 1 1 -0 -0 -0 -2 -1 -0 1 1 2 3 2 1 -0 -2 -2 -3 -5 -6 -6 -6 -7 -7 -9 -12 -14 -17 -18 -19 -22 -21 -23 -38 -42 -44 -37 -48 -50 -49 -50 -48 -48 -48 -48 -46 -46 -43 -44 -43 -46 -43 -41 -42 -42 -43 -42 -42 -41 -41 -43
-9999 -9999 -9999 -9999 -9999 -9999 -9999 12 12 11 9 7 5 4 3 2 2 1 0 -0 -2 -2 -1 -2 -2 -3 -2 -2 -1 -2 -1 -0 -0 -0 2 2 1 2 0 -1 -1 -0 2 2 2 3 4 4 3 2 1 0 -2 -4 -5 -5 -4 -6 -7 -8 -11 -13 -13 -16 -17 -18 -20 -21 -29 -21 -20 -26 -36 -47 -47 -47 -47 -48 -48 -48 -47 -47 -43 -44 -42 -42 -44 -41 -40 -41 -40 -41 -43 -39 -38 -36
-9999 -9999 -9999 -9999 -9999 -9999 -9999 13 12 11 10 8 8 6 5 4 3 2 1 -1 -3 -3 -1 -0 1 0 1 2 1 1 2 1 0 3 4 3 2 0 2 1 1 2 4 3 3 3 3 4 4 3 3 2 0 -2 -3 -2 -3 -6 -7 -7 -10 -12 -13 -14 -16 -15 -18 -20 -19 -18 -17 -18 -21 -38 -46 -42 -46 -45 -46 -46 -46 -47 -45 -42 -40 -41 -40 -41 -39 -39 -41 -40 -40 -40 -27 -21
-9999 -9999 -9999 -9999 -9999 -9999 -9999 -9999 13 13 12 12 10 9 6 5 4 3 2 0 -1 -1 0 1 0 0 0 1 2 1 3 3 4 6 4 3 3 4 4 4 5 4 4 4 4 4 3 5 4 3 2 2 1 0 -1 -2 -2 -3 -5 -6 -8 -9 -11 -12 -14 -13 -14 -14 -14 -14 -15 -14 -15 -15 -22 -13 -25 -30 -33 -42 -44 -45 -45 -42 -39 -39 -41 -40 -38 -38 -38 -40 -39 -40 -25 -12
-9999 -9999 -9999 -9999 -9999 -9999 -9999 -9999 -9999 15 14 13 11 10 8 7 5 4 4 3 1 1 3 2 0 0 2 2 3 2 3 5 6 6 4 5 5 5 5 5 6 5 4 4 4 5 5 8 8 4 17 14 3 2 1 1 -1 -3 -4 -5 -6 -8 -9 -9 -11 -11 -11 -11 -11 -11 -11 -11 -12 -12 -12 -12 -11 -10 -14 -9 -41 -42 -44 -45 -44 -43 -41 -38 -36 -35 -38 -38 -34 -30 -16 -8
-9999 -9999 -9999 -9999 -9999 -9999 -9999 -9999 -9999 15 15 13 12 11 10 8 6 5 4 4 0 2 4 4 3 4 5 5 3 3 3 5 7 7 6 6 6 5 5 6 6 6 6 7 7 10 24 52 38 45 35 25 4 3 3 1 1 -0 -2 -3 -5 -4 -4 -6 -6 -7 -7 -7 -7 -8 -9 -9 -9 -9 -10 -9 -10 -11 -12 -28 -44 -43 -47 -49 -47 -45 -45 -40 -38 -35 -37 -27 -30 -6 -4 -5
-9999 -9999 -9999 -9999 -9999 -9999 -9999 -9999 47 62 47 32 25 18 10 9 7 6 6 4 3 3 4 4 6 5 6 4 6 5 5 6 8 7 7 6 5 6 6 7 7 7 8 8 8 38 44 60 60 60 45 32 11 13 3 2 3 2 0 -0 -1 -0 -1 -2 -3 -4 -4 -4 -4 -4 -5 -6 -6 -7 -7 -8 -8 -10 -9 -14 -16 -28 -30 -45 -46 -44 -43 -40 -39 -39 -41 -40 -27 -3 -4 -4
-9999 -9999 -9999 -9999 -9999 -9999 -9999 -9999 63 62 61 61 61 61 33 10 9 7 5 4 3 4 6 6 7 6 6 7 7 7 5 5 7 9 8 8 8 8 7 8 9 7 9 9 9 15 58 61 61 61 60 34 30 35 5 5 5 5 5 4 3 3 2 0 -1 -1 -2 -2 -2 -2 -2 -2 -3 -4 -3 -4 -4 -6 -6 -7 -9 -10 -12 -12 -25 -34 -39 -39 -37 -36 -35 -20 -37 -8 -3 -3
-9999 -9999 -9999 -9999 -9999 -9999 -9999 -9999 63 62 62 62 62 62 60 38 10 9 8 7 6 7 6 6 6 7 8 7 6 6 6 6 7 8 7 8 8 9 10 10 10 10 9 8 9 9 32 62 62 62 58 48 55 38 18 7 7 6 6 7 6 5 4 3 2 1 0 0 -0 -0 -0 -0 -0 -1 -1 -1 -1 -2 -3 -4 -6 -7 -5 -6 -6 -6 -21 -36 -37 -31 -10 -1 -16 -21 -2 -2
-9999 -9999 -9999 -9999 -9999 -9999 -9999 64 64 64 63 63 63 63 62 60 33 11 10 9 9 8 8 6 7 7 8 9 9 8 9 9 9 10 10 10 10 11 11 12 12 12 11 10 10 11 12 24 51 45 57 60 37 21 14 10 10 9 9 8 7 5 6 5 4 4 3 2 2 1 1 1 1 1 1 1 -0 -1 -1 -2 -4 -4 -4 -3 -2 -4 -4 -5 -5 -4 -5 -10 -10 -13 -1 -2
-9999 -9999 -9999 -9999 -9999 -9999 64 65 65 65 65 65 64 63 63 63 59 19 13 12 12 11 10 9 9 9 9 9 11 10 11 11 11 12 12 12 13 13 14 14 14 14 13 13 12 13 13 13 14 17 20 30 14 13 12 11 11 10 10 9 9 8 7 8 7 6 5 4 3 3 2 2 2 2 2 2 2 1 0 -1 -1 -1 -2 -4 -5 -5 -7 -6 -5 -5 -7 -12 -21 -6 -6 -4
-9999 -9999 -9999 -9999 -9999 -9999 65 65 65 66 66 66 66 66 66 64 64 36 14 14 14 14 12 12 10 11 10 11 12 12 13 13 13 14 14 15 15 16 16 16 16 15 15 15 15 15 15 15 15 16 16 16 14 13 12 13 12 13 11 9 9 9 9 9 9 8 6 5 4 4 3 3 3 3 3 3 2 2 1 1 0 -2 -5 -5 -4 -6 -6 -5 -5 -5 -9 -24 -27 -22 -23 -17
60 -9999 61 -9999 63 65 66 -9999 66 67 67 67 68 68 68 67 65 58 20 17 16 15 14 15 16 15 14 15 18 51 60 42 18 15 15 16 16 17 17 17 17 17 17 -9999 16 16 -9999 -9999 -9999 -9999 16 14 14 14 13 11 12 12 10 8 7 8 9 9 9 9 7 6 5 4 4 3 4 3 3 3 2 2 2 1 0 -1 -2 -3 -3 -3 -4 -6 -6 -6 -8 -10 -13 -24 -44 -43
60 61 62 -9999 64 64 -9999 66 67 66 67 68 68 68 68 67 67 66 25 18 18 17 17 17 17 16 16 17 32 65 58 65 33 17 16 16 17 -9999 -9999 -9999 -9999 -9999 -9999 -9999 -9999 -9999 -9999 -9999 -9999 -9999 -9999 15 15 15 13 12 13 13 13 12 10 11 11 9 10 9 8 7 6 5 4 4 4 4 3 3 1 0 0 1 1 -2 -3 -4 -5 -5 -7 -8 -9 -10 -9 -9 -12 -44 -44 -47
62 62 64 63 65 -9999 -9999 -9999 -9999 67 67 67 -9999 68 69 68 68 47 20 19 19 19 19 19 19 18 19 20 20 -9999 19 -9999 -9999 -9999 -9999 -9999 -9999 -9999 -9999 -9999 -9999 -15 -9999 -9999 -9999 -9999 18 17 -9999 -9999 17 -9999 -9999 -9999 -9999 -9999 -9999 -9999 18 17 17 16 14 12 11 9 8 7 6 5 4 4 3 4 3 3 2 0 -0 0 0 -2 -3 -4 -6 -6 -6 -6 -9 -9 -8 -8 -8 -43 -45 -46
-9999 -9999 -9999 -9999 -9999 66 -9999 -9999 -9999 -9999 -9999 -9999 -9999 -9999 70 69 -9999 20 20 20 20 21 21 20 -9999 -9999 -9999 -9999 -9999 -9999 -9999 -9999 -9999 -9999 -9999 -9999 -9999 -9999 -9999 -9999 -9999 -9999 -9999 -12 -9999 -9999 -9999 -9999 -9999 -9999 -9999 -9999 -9999 -9999 16 16 16 16 16 17 18 18 17 14 12 10 9 7 6 5 4 2 2 3 2 2 2 1 -0 0 -1 -1 -2 -2 -3 -3 -5 -6 -8 -8 -15 -12 -19 -35 -45 -45
-9999 -9999 -9999 -9999 -9999 -9999 -9999 -9999 -9999 -9999 -9999 -9999 -9999 -9999 70 -9999 -9999 -9999 -9999 -9999 -9999 -9999 -9999 -9999 -9999 -9999 -9999 -9999 -9999 -9999 -9999 -9999 -9999 -9999 -9999 -9999 -9999 -9999 -9999 -9999 -9999 -9999 -9999 -9999 -9999 -9999 -9999 -9999 -13 -3 14 15 16 16 13 13 13 12 13 14 15 14 15 14 12 10 8 5 3 3 3 3 3 4 3 2 2 1 1 0 0 -0 -1 -2 -3 -5 -6 -6 -7 -6 -8 -38 -44 -44 -44 -44
-9999 -9999 -9999 -9999 -9999 -9999 -9999 -9999 -9999 -9999 -9999 -9999 -9999 -9999 -9999 -9999 -9999 -9999 -9999 -9999 -9999 -9999 -9999 -9999 -9999 -9999 -9999 19 21 20 -9999 20 20 19 18 17 17 17 18 4 4 -9999 -9999 -9999 -9999 -9999 -9999 -9999 -13 -11 6 16 15 13 11 10 10 10 11 12 12 13 12 11 10 9 6 5 4 4 4 4 5 4 4 3 2 2 1 1 1 0 0 -1 -3 -4 -6 -6 -6 -5 -18 -42 -42 -42 -43 -43
-9999 -9999 -9999 -9999 -9999 -9999 -9999 -9999 -9999 -9999 -9999 -9999 -9999 -9999 -9999 -9999 -9999 -9999 -9999 -9999 -9999 -9999 -9999 21 21 20 20 19 19 19 18 18 17 17 16 15 16 16 16 16 7 -13 -12 -14 -14 -13 -13 -13 -13 -13 -2 18 16 14 12 11 12 11 12 12 12 12 12 10 9 8 2 -8 -21 -28 -28 -28 -10 -10 4 3 3 2 2 1 1 1 0 -4 -5 -5 -5 -5 -4 -6 -36 -40 -40 -41 -41 -41
-9999 -9999 -9999 -9999 -9999 -9999 -9999 -9999 -9999 -9999 -9999 -9999 -9999 -9999 -9999 -9999 -9999 -9999 -9999 -9999 -9999 22 21 21 20 20 19 18 17 17 17 17 16 16 15 15 14 14 14 15 15 -3 -14 -14 -14 -14 -13 -13 -14 -14 -7 15 16 16 14 13 13 12 12 12 11 11 11 9 5 -10 -22 -27 -27 -28 -28 -28 -29 -28 -25 -19 -4 2 2 2 1 -2 -4 -3 -4 -4 -4 -3 -3 -32 -39 -39 -39 -40 -39 -39
-9999 -9999 -9999 -9999 -9999 -9999 -9999 -9999 -9999 -9999 -9999 -9999 -9999 -9999 -9999 23 24 -9999 -2 4 22 21 20 20 18 18 17 16 16 15 16 15 15 16 14 14 14 15 14 14 15 6 -14 -14 -14 -14 -14 -14 -15 -16 -16 5 11 15 15 14 14 13 13 12 2 11 10 9 -16 -26 -28 -28 -29 -29 -29 -30 -31 -32 -31 -33 -31 -20 -2 -0 -1 -4 -6 -6 -6 -5 -4 -3 -2 -4 -18 -39 -38 -38 -39 -38
-9999 -9999 -9999 -9999 -9999 -9999 -9999 -9999 -9999 -9999 -9999 -9999 24 24 24 23 23 21 -2 -3 9 19 19 18 17 17 16 15 15 14 14 15 15 15 15 15 15 15 14 15 14 -6 -13 -13 -13 -14 -14 -15 -17 -18 -19 -11 10 -6 3 14 12 -1 5 -2 -13 -16 -22 -22 -25 -27 -29 -30 -30 -30 -30 -31 -32 -33 -34 -34 -27 -18 -6 -1 -3 -6 -6 -5 -5 -4 -3 -2 -9 -15 -39 -39 -39 -38 -38 -38
-9999 -9999 -9999 -9999 -9999 -9999 -9999 -9999 -9999 -9999 -9999 -9999 -9999 -9999 23 23 23 23 -9999 -9999 -9999 10 19 18 17 16 15 15 14 14 15 15 15 15 15 15 15 15 15 15 10 -9 -13 -14 -14 -14 -14 -16 -18 -18 -19 -19 3 -13 -19 -18 -20 -21 -21 -20 -15 -22 -24 -25 -26 -28 -30 -31 -32 -32 -31 -32 -32 -33 -34 -33 -35 -32 1 2 1 -3 -5 -5 -4 -3 -2 -2 -4 -13 -35 -41 -39 -38 -37 -37
-9999 -9999 -9999 -9999 -9999 -9999 -9999 -9999 -9999 -9999 -9999 -9999 -9999 25 23 23 23 14 -3 -3 -4 -2 19 17 16 15 14 14 14 15 16 16 15 15 16 16 17 17 16 16 12 -9 -15 -14 -14 -15 -15 -17 -19 -19 -20 -11 12 -9 -20 -20 -20 -22 -23 -19 -22 -23 -25 -25 -27 -29 -31 -32 -32 -32 -32 -32 -32 -32 -33 -35 -39 -40 -10 -0 1 -0 -2 -4 -3 -3 -2 -6 -32 -34 -40 -40 -40 -38 -37 -38
-9999 -9999 -9999 -9999 -9999 -9999 -9999 -9999 -9999 -9999 -9999 26 25 24 23 24 23 18 -3 -3 -9999 -9999 9 18 16 15 15 14 15 16 16 16 15 14 16 17 18 17 18 17 9 -12 -14 -14 -15 -15 -16 -17 -18 -19 -21 -16 -6 -13 -24 -21 -21 -22 -22 -22 -23 -23 -25 -26 -27 -29 -30 -31 -31 -31 -32 -33 -34 -33 -33 -35 -37 -26 -2 -2 -0 0 1 0 -2 -2 -2 -1 -20 -32 -39 -39 -39 -38 -37 -37
-9999 -9999 -9999 -9999 -9999 -9999 -9999 -9999 -9999 -9999 -9999 26 25 25 26 25 24 24 -9999 -9999 -9999 -9999 -9999 -9999 17 16 16 15 15 15 15 15 15 15 15 17 18 17 16 15 6 -15 -14 -14 -15 -15 -16 -17 -18 -21 -24 -25 -16 -24 -25 -23 -22 -22 -22 -23 -23 -23 -24 -25 -26 -27 -29 -30 -30 -31 -32 -33 -35 -34 -33 -35 -37 -14 -3 -3 -4 -3 -2 -2 -2 -2 -1 -5 -33 -36 -39 -38 -38 -37 -37 -36
-9999 -9999 -9999 -9999 -9999 -9999 -9999 -9999 -9999 -9999 -9999 -9999 25 26 -9999 25 -9999 -9999 -9999 -9999 -9999 -9999 -9999 19 -9999 -9999 17 16 15 15 15 15 15 14 15 17 17 14 14 12 12 9 8 -7 -9 -13 -16 -16 -17 -20 -23 -24 -21 -25 -24 -23 -22 -22 -22 -22 -22 -23 -24 -26 -27 -28 -29 -29 -30 -30 -31 -33 -35 -34 -33 -33 -30 -0 -3 -5 -5 -4 -3 -2 -2 -2 -8 -24 -38 -36 -38 -38 -37 -36 -36 -36
-9999 -9999 -9999 -9999 -9999 -9999 -9999 -9999 -9999 -9999 -9999 -9999 26 26 -9999 -9999 -9999 -9999 -9999 -9999 -9999 -9999 -9999 -9999 -9999 -9999 18 16 16 16 17 17 17 16 16 17 17 17 16 14 15 15 16 10 -2 -10 -16 -17 -17 -19 -21 -22 -22 -22 -22 -22 -21 -21 -22 -21 -23 -25 -26 -27 -27 -29 -28 -28 -29 -30 -31 -32 -34 -34 -32 -33 -27 -3 -4 -6 -5 -5 -3 -2 -2 -1 -8 -24 -31 -38 -37 -37 -36 -36 -36 -36
-9999 -9999 -9999 -9999 -9999 -9999 -9999 -9999 -9999 -9999 -9999 -9999 -9999 28 26 26 -9999 -9999 -9999 -2 -9999 -9999 -9999 -9999 -9999 -9999 19 18 17 17 18 19 18 17 18 18 18 18 17 16 16 14 11 9 -10 -19 -19 -18 -18 -20 -21 -21 -20 -21 -21 -21 -21 -21 -22 -22 -24 -25 -26 -27 -28 -28 -28 -29 -29 -29 -30 -31 -33 -32 -32 -34 -28 -4 -5 -5 -5 -4 -3 -2 -2 -0 -2 -18 -34 -36 -36 -36 -36 -35 -35 -35
-9999 -9999 -9999 -9999 -9999 -9999 -9999 -9999 -9999 -9999 28 28 28 26 24 26 18 -9999 -9999 -9999 -9999 -9999 -9999 -9999 -9999 -9999 20 19 17 17 18 19 19 18 19 18 18 19 18 13 15 12 3 7 -17 -20 -19 -18 -18 -19 -20 -21 -21 -22 -22 -23 -26 -26 -24 -23 -24 -25 -25 -27 -27 -28 -28 -29 -29 -30 -31 -32 -32 -32 -32 -36 -34 -8 -5 -5 -5 -5 -3 -2 -1 -0 -6 -25 -36 -36 -37 -37 -36 -35 -35 -35
-9999 -9999 -9999 -9999 -9999 -9999 -9999 -9999 -9999 29 28 27 27 26 24 25 25 14 0 -9999 -9999 -9999 -9999 -9999 -9999 -9999 21 20 19 19 19 19 19 18 16 16 16 18 18 17 16 13 3 7 -14 -19 -19 -18 -18 -19 -20 -21 -22 -22 -24 -27 -29 -28 -25 -23 -24 -25 -25 -26 -27 -28 -28 -29 -29 -30 -31 -31 -32 -33 -35 -39 -41 -31 -19 -6 -4 -4 -3 -3 -3 -17 -33 -37 -37 -36 -37 -37 -36 -35 -35 -34
-9999 -9999 -9999 -9999 -9999 -9999 -9999 -9999 29 29 28 27 27 27 26 23 23 21 2 0 -9999 -9999 -9999 -9999 -9999 -9999 -5 6 15 20 19 17 15 12 12 13 14 16 16 15 11 -11 5 -10 -12 -18 -18 -18 -18 -19 -20 -21 -22 -17 -23 -25 -25 -21 -23 -23 -24 -24 -25 -26 -26 -27 -28 -28 -29 -30 -31 -33 -36 -40 -40 -39 -40 -40 -38 -36 -23 -13 -4 -11 -30 -41 -40 -37 -36 -36 -36 -36 -36 -36 -34 -33
-9999 -9999 -9999 -9999 -9999 -9999 -9999 -9999 29 29 28 28 28 27 25 24 24 24 10 -0 0 -9999 -9999 -9999 -2 -3 -4 -6 -4 -3 13 12 14 13 13 12 14 16 11 6 -8 -14 -16 -16 -18 -18 -17 -18 -18 -19 -20 -20 -20 -19 -21 -14 -3 -19 -22 -23 -24 -24 -25 -25 -26 -26 -26 -27 -29 -32 -33 -37 -39 -39 -40 -39 -40 -40 -39 -39 -38 -38 -38 -41 -41 -41 -39 -37 -36 -35 -34 -34 -34 -33 -33 -33
-9999 -9999 -9999 -9999 -9999 -9999 30 30 29 29 26 27 28 27 25 25 24 20 3 -0 1 1 0 -1 -2 -3 -3 -5 -7 -8 -9 6 13 12 14 12 14 7 -10 -12 -14 -15 -14 -16 -16 -17 -16 -17 -18 -19 -20 -20 -20 -20 -19 -22 -27 -26 -25 -24 -23 -24 -24 -24 -25 -26 -26 -28 -33 -36 -38 -38 -38 -39 -38 -38 -38 -38 -38 -38 -38 -40 -40 -41 -41 -40 -38 -37 -36 -35 -34 -33 -33 -33 -31 -31
-9999 -9999 -9999 -9999 -9999 -9999 30 30 29 28 27 28 29 28 25 24 24 18 1 -1 1 1 0 0 -1 -2 -4 -4 -5 -6 -8 -9 -0 -8 2 -4 -2 -13 -12 -13 -13 -13 -13 -14 -16 -16 -16 -17 -18 -19 -19 -19 -19 -21 -12 -19 -24 -24 -28 -27 -26 -22 -23 -24 -25 -25 -26 -28 -31 -34 -36 -38 -38 -37 -37 -37 -37 -39 -39 -39 -38 -38 -39 -39 -39 -39 -39 -38 -35 -34 -33 -33 -32 -32 -31 -31
