resultados/variables_proyeccion_tiempo/variables_futuro_ccsm_A1B/bio9.asc
ncols 330
nrows 228
xllcorner -12.000000
yllcorner 34.000000
cellsize 0.166667
NODATA_value -9999
[rows 92 to 137 of 228, columns 192 to 287 of 330]
-9999 -9999 -9999 -9999 -9999 -9999 30 30 29 27 26 28 29 28 27 25 26 24 -2 -0 1 2 1 1 -1 -2 -3 -3 -5 -6 -6 -8 -9 -10 -10 -10 -11 -11 -12 -12 -12 -13 -14 -16 -16 -17 -18 -17 -17 -18 -18 -19 -15 -9 -14 -19 -8 -21 -15 -18 -16 -19 -22 -23 -24 -25 -25 -29 -32 -32 -33 -35 -37 -36 -37 -37 -36 -38 -38 -38 -38 -38 -37 -37 -38 -40 -39 -37 -35 -34 -33 -32 -32 -32 -31 -32
-9999 -9999 -9999 -9999 -9999 31 31 31 31 30 26 26 29 30 29 28 28 25 6 0 1 1 1 0 -0 -2 -2 -3 -4 -5 -6 -7 -8 -9 -9 -10 -9 -10 -10 -11 -13 -14 -15 -16 -16 -17 -17 -18 -17 -18 -18 -19 -15 -3 -7 7 -1 1 -13 -6 1 -9 -17 -14 -23 -24 -27 -29 -30 -30 -31 -32 -33 -34 -35 -35 -35 -36 -38 -38 -37 -36 -36 -35 -36 -36 -36 -36 -35 -34 -33 -32 -31 -31 -30 -30
-9999 -9999 -9999 -9999 -9999 -9999 32 32 31 31 30 28 28 30 30 30 30 29 18 -1 -0 0 0 -0 -1 -2 -2 -3 -4 -5 -6 -7 -7 -8 -9 -10 -9 -9 -10 -11 -13 -14 -15 -16 -17 -19 -19 -18 -17 -17 -18 -19 -20 -12 -10 10 17 16 5 10 1 -4 -10 -15 -23 -25 -27 -27 -28 -29 -30 -31 -31 -32 -33 -32 -33 -33 -35 -36 -36 -37 -36 -35 -34 -34 -34 -34 -33 -34 -33 -33 -31 -30 -30 -29
-9999 -9999 -9999 -9999 -9999 -9999 34 32 31 31 28 27 28 28 29 29 29 29 23 0 -1 -1 -1 -1 -2 -2 -2 -3 -4 -5 -6 -6 -7 -8 -9 -10 -10 -9 -9 -10 -11 -13 -14 -16 -17 -17 -17 -16 -16 -16 -17 -18 -9 -10 -15 -6 19 13 -5 -19 -16 -16 -2 -17 -23 -24 -25 -26 -27 -28 -29 -29 -30 -30 -30 -31 -31 -32 -33 -35 -36 -36 -35 -35 -34 -34 -34 -34 -34 -35 -35 -34 -33 -33 -31 -30
-9999 -9999 -9999 -9999 -9999 -9999 34 33 32 31 29 28 27 27 28 28 28 29 29 9 -3 -2 -2 -2 -2 -2 -2 -3 -4 -5 -6 -7 -8 -9 -9 -10 -10 -10 -9 -9 -11 -12 -14 -14 -15 -16 -15 -15 -15 -16 -17 -10 20 19 20 19 20 19 14 -3 -16 1 11 -4 -22 -23 -24 -26 -26 -27 -27 -28 -28 -28 -29 -30 -31 -32 -33 -34 -35 -35 -35 -35 -34 -34 -33 -33 -34 -35 -35 -35 -34 -34 -33 -32
-9999 -9999 -9999 -9999 -9999 -9999 35 34 33 31 29 29 29 27 27 27 29 28 28 13 -4 -4 -3 -2 -2 -2 -3 -4 -5 -6 -6 -7 -8 -9 -8 -9 -10 -10 -9 -10 -11 -12 -12 -13 -14 -14 -14 -14 -14 -14 -13 15 22 21 21 21 21 20 20 19 6 -6 -20 -20 -20 -22 -23 -25 -25 -25 -26 -27 -27 -28 -28 -29 -31 -32 -32 -33 -34 -34 -35 -34 -34 -33 -32 -32 -32 -32 -35 -35 -34 -33 -32 -31
-9999 -9999 -9999 -9999 -9999 -9999 35 36 35 33 31 31 30 28 27 28 28 28 29 29 0 -3 -2 -2 -1 -2 -3 -4 -4 -5 -5 -7 -7 -7 -9 -10 -9 -10 -9 -9 -10 -11 -11 -13 -13 -14 -13 -13 -13 -13 5 23 23 22 22 23 23 22 20 16 4 -5 -20 -20 -20 -21 -22 -23 -24 -25 -27 -26 -27 -28 -28 -29 -30 -31 -32 -33 -33 -34 -34 -34 -34 -34 -33 -33 -32 -32 -33 -35 -35 -34 -32 -31
-9999 -9999 -9999 -9999 -9999 -9999 35 36 37 35 34 33 32 32 31 31 32 31 31 30 20 -2 -1 -1 -1 -2 -3 -4 -4 -4 -6 -7 -8 -8 -9 -9 -8 -9 -8 -8 -8 -9 -10 -11 -11 -12 -12 -12 -13 -1 24 24 24 24 24 24 24 24 22 21 19 -10 -18 -19 -19 -20 -21 -22 -24 -24 -25 -26 -26 -28 -30 -29 -29 -29 -31 -32 -33 -32 -33 -35 -34 -34 -34 -34 -34 -33 -33 -34 -35 -34 -33 -32
-9999 -9999 -9999 -9999 -9999 37 -9999 37 37 37 37 36 35 35 35 35 35 34 34 32 28 -0 0 1 -0 -2 -3 -3 -3 -5 -6 -7 -7 -7 -6 -6 -6 -9 -8 -7 -8 -8 -9 -10 -11 -11 -12 -13 -14 7 24 25 25 25 25 25 25 24 24 24 23 -7 -18 -20 -20 -21 -21 -22 -22 -22 -22 -25 -27 -28 -27 -28 -28 -29 -30 -31 -31 -31 -33 -34 -34 -34 -34 -34 -33 -34 -33 -33 -34 -33 -32 -31
-9999 -9999 -9999 40 38 -9999 -9999 38 39 39 38 38 38 38 37 37 36 35 35 34 32 5 1 1 -1 -2 -2 -3 -5 -5 -6 -6 -7 -5 -5 -4 -6 -9 -8 -9 -8 -9 -10 -11 -12 -12 -13 -13 -10 21 24 25 25 26 26 26 26 25 25 24 17 -11 -18 -20 -20 -21 -21 -22 -22 -22 -22 -24 -25 -26 -27 -26 -26 -28 -29 -30 -29 -31 -32 -32 -34 -34 -34 -32 -32 -32 -31 -32 -32 -32 -32 -31
41 41 41 40 40 40 40 40 39 39 39 38 38 39 38 38 37 37 36 35 32 4 2 1 0 -1 -2 -4 -5 -5 -5 -6 -6 -4 -3 -4 -5 -5 -7 -8 -9 -9 -10 -11 -11 -12 -12 -12 -13 13 25 24 25 25 26 26 26 25 23 14 -13 -16 -17 -18 -19 -20 -20 -20 -21 -21 -21 -23 -24 -25 -25 -25 -25 -26 -28 -29 -29 -29 -31 -32 -33 -33 -32 -31 -31 -30 -30 -30 -31 -31 -30 -30
43 42 41 41 41 40 40 40 40 39 39 38 38 38 38 38 38 38 37 37 21 6 1 1 -0 -3 -5 -5 -6 -5 -6 -5 -5 -5 -7 -4 -4 -4 -6 -7 -8 -9 -10 -10 -10 -11 -12 -13 4 26 26 26 26 23 25 26 26 21 10 -15 -18 -18 -17 -17 -19 -19 -19 -19 -20 -22 -21 -22 -23 -22 -22 -23 -26 -27 -28 -30 -29 -29 -30 -31 -31 -31 -32 -32 -32 -32 -30 -29 -30 -29 -29 -28
44 43 43 42 42 42 41 41 40 40 39 38 38 37 37 37 35 35 23 15 4 1 -0 -1 -1 -3 -6 -7 -6 -6 -6 -6 -8 -8 -7 -7 -5 -5 -6 -7 -7 -9 -10 -10 -10 -11 -11 -14 -6 24 27 25 25 25 26 25 24 10 -14 -19 -19 -19 -18 -18 -19 -19 -19 -20 -21 -21 -21 -22 -22 -23 -23 -24 -27 -28 -29 -29 -28 -29 -30 -31 -31 -32 -33 -34 -33 -31 -30 -30 -30 -30 -30 -28
41 40 39 41 41 42 42 42 41 39 38 35 36 35 33 32 29 24 28 15 7 2 0 -1 -3 -6 -6 -6 -6 -5 -5 -6 -7 -8 -8 -8 -7 -9 -7 -6 -7 -8 -9 -10 -11 -12 -12 -15 -11 12 27 26 26 26 26 26 11 -16 -18 -19 -19 -18 -18 -19 -19 -20 -20 -21 -21 -21 -21 -21 -21 -22 -23 -24 -26 -27 -28 -29 -30 -30 -31 -32 -32 -32 -33 -34 -33 -33 -32 -32 -32 -32 -32 -31
43 41 40 41 42 43 43 42 41 38 36 36 34 31 30 30 24 3 3 -2 1 -2 -2 -2 -3 -5 -5 -5 -6 -5 -6 -6 -6 -7 -8 -8 -9 -8 -9 -9 -9 -9 -11 -10 -13 -15 -14 -13 -12 -7 8 23 27 27 14 -8 -16 -17 -18 -18 -19 -17 -18 -18 -18 -19 -19 -20 -20 -19 -20 -20 -21 -21 -22 -23 -25 -27 -28 -28 -29 -30 -30 -32 -32 -32 -32 -33 -33 -33 -33 -33 -32 -32 -32 -31
45 44 44 42 41 40 41 40 39 36 36 34 33 33 31 22 0 -4 -2 -0 -1 -1 -1 -2 -2 -3 -4 -4 -5 -5 -5 -6 -6 -5 -5 -6 -5 -5 -6 -9 -11 -11 -14 -13 -13 -14 -13 -11 -11 -11 -12 -4 -2 -10 -14 -15 -15 -16 -16 -17 -18 -18 -18 -18 -18 -18 -18 -20 -20 -19 -20 -20 -21 -22 -22 -22 -24 -25 -27 -28 -28 -29 -29 -31 -32 -31 -31 -32 -33 -33 -33 -33 -33 -32 -30 -30
43 43 44 41 41 39 38 38 36 35 35 34 34 34 12 -1 -3 -2 -1 -0 0 1 1 -0 -2 -2 -3 -3 -4 -4 -4 -5 -4 -3 -4 -4 -4 -4 -5 -7 -9 -12 -14 -14 -12 -11 -12 -11 -12 -12 -12 -12 -12 -12 -13 -14 -15 -16 -15 -17 -17 -17 -16 -17 -16 -17 -17 -18 -18 -18 -18 -19 -20 -21 -22 -23 -24 -25 -26 -29 -29 -29 -29 -31 -31 -32 -31 -32 -32 -31 -32 -32 -32 -31 -30 -32
44 44 44 43 42 39 38 37 36 35 35 35 19 6 -1 -3 -2 -0 0 1 1 0 0 7 -0 -1 -1 -3 -3 -3 -3 -3 -3 -3 -5 -6 -4 -4 -6 -7 -9 -12 -12 -12 -12 -11 -10 -9 -10 -11 -11 -11 -12 -11 -12 -13 -14 -14 -15 -15 -15 -15 -16 -16 -16 -16 -17 -18 -17 -17 -17 -18 -19 -20 -22 -22 -23 -25 -25 -27 -29 -29 -29 -30 -30 -31 -31 -32 -32 -32 -33 -31 -33 -31 -32 -32
41 25 16 27 38 40 38 26 27 18 4 -1 -9 -7 -4 -2 -1 0 1 -1 0 -0 -1 -0 1 1 -1 -2 -3 -3 -2 -2 -2 -4 -9 -9 -6 -5 -5 -6 -8 -9 -9 -9 -10 -9 -9 -9 -9 -10 -10 -11 -11 -11 -11 -12 -13 -14 -14 -14 -14 -14 -14 -14 -15 -15 -16 -16 -16 -16 -18 -18 -19 -20 -21 -21 -22 -23 -26 -27 -28 -28 -28 -31 -31 -32 -32 -32 -32 -32 -32 -31 -33 -31 -32 -31
-4 -5 -5 -5 -5 -5 -6 -8 -9 -10 -9 -9 -9 -7 -4 -2 -2 -1 1 -0 0 0 -1 2 2 1 0 0 0 6 8 -3 -6 -5 -7 -8 -6 -5 -6 -7 -7 -8 -8 -9 -9 -9 -9 -9 -9 -10 -10 -10 -10 -11 -11 -11 -13 -14 -13 -14 -14 -14 -14 -14 -14 -15 -15 -16 -16 -17 -18 -18 -19 -19 -19 -20 -21 -23 -24 -26 -28 -29 -29 -30 -30 -32 -31 -32 -32 -31 -31 -32 -32 -32 -31 -30
-4 -4 -5 -4 -5 -4 -5 -7 -8 -8 -8 -8 -7 -7 -4 -1 -1 1 1 2 2 1 1 1 -1 -1 -1 -2 0 3 20 21 -5 -6 -7 -7 -6 -6 -7 -7 -7 -8 -9 -9 -9 -9 -9 -9 -9 -9 -9 -10 -10 -10 -11 -11 -12 -12 -12 -13 -13 -14 -14 -14 -14 -14 -15 -16 -16 -16 -17 -17 -17 -18 -19 -19 -20 -22 -24 -26 -27 -28 -29 -30 -31 -31 -30 -31 -31 -32 -31 -32 -32 -31 -31 -31
-2 -3 -4 -3 -4 -3 -4 -5 -7 -8 -8 -8 -7 -5 -4 -3 -1 2 3 2 2 2 1 1 0 -1 -2 -3 -2 0 13 22 6 -6 -6 -6 -6 -6 -7 -7 -8 -8 -8 -8 -8 -8 -8 -9 -9 -9 -9 -10 -10 -10 -10 -11 -11 -11 -12 -12 -12 -12 -14 -14 -13 -13 -15 -16 -15 -15 -16 -17 -18 -18 -19 -19 -21 -22 -24 -25 -26 -27 -28 -30 -29 -29 -30 -31 -31 -31 -32 -32 -32 -32 -32 -31
-1 -1 -2 -2 -1 -1 -2 -4 -4 -6 -7 -7 -7 -6 -5 -3 -1 1 2 3 3 3 3 2 0 -1 -1 -1 -1 -1 -0 2 -1 -3 -5 -4 -5 -6 -6 -6 -6 -6 -7 -7 -8 -8 -8 -8 -8 -9 -9 -9 -9 -10 -10 -10 -10 -10 -11 -11 -11 -12 -12 -13 -13 -13 -14 -14 -14 -15 -16 -16 -17 -18 -19 -20 -21 -23 -24 -24 -24 -26 -27 -28 -28 -30 -31 -30 -30 -31 -31 -31 -31 -32 -31 -30
-0 1 1 2 1 1 1 -0 -1 -3 -5 -6 -5 -5 -4 -2 -1 1 2 3 3 2 2 2 2 1 1 -0 -1 -1 -2 -2 -2 -3 -3 -4 -4 -5 -5 -5 -5 -6 -6 -6 -6 -6 -7 -7 -7 -7 -8 -8 -8 -9 -9 -10 -10 -10 -11 -11 -11 -11 -12 -12 -12 -12 -12 -13 -11 -12 -15 -7 2 -12 -18 -19 -21 -22 -22 -22 -23 -25 -27 -28 -27 -29 -28 -29 -29 -31 -31 -32 -32 -31 -30 -30
1 2 3 4 5 4 4 3 1 -1 -2 -4 -6 -5 -3 -3 -2 -0 2 2 2 3 4 3 2 2 2 1 0 0 -0 -1 -1 -2 -3 -3 -4 -4 -4 -5 -5 -5 -5 -6 -6 -6 -6 -6 -6 -6 -6 -7 -8 -8 -8 -8 -9 -10 -10 -10 -10 -10 -11 -11 -11 -11 -11 -12 10 12 11 21 16 7 -7 -19 -19 -20 -20 -20 -23 -24 -24 -25 -26 -28 -28 -28 -28 -30 -30 -31 -31 -30 -30 -30
4 5 6 8 10 10 8 6 3 0 -2 -4 -6 -7 -5 -2 -1 1 1 2 3 4 4 5 4 3 3 2 2 1 1 0 -0 -1 -2 -3 -3 -3 -4 -4 -4 -4 -5 -5 -5 -5 -5 -5 -6 -6 -6 -7 -7 -7 -7 -7 -8 -9 -9 -10 -10 -10 -9 -10 -10 -10 -10 -8 22 32 22 29 25 1 -8 -17 -18 -19 -20 -20 -20 -21 -23 -23 -25 -26 -26 -27 -28 -28 -30 -31 -30 -30 -30 -30
6 8 9 11 12 13 12 8 5 0 -3 -4 -5 -7 -6 -4 -1 1 4 4 4 5 6 5 5 5 4 3 2 2 1 -0 -1 -1 -2 -2 -2 -2 -2 -3 -3 -4 -4 -5 -4 -5 -5 -5 -5 -5 -5 -6 -6 -6 -6 -6 -7 -8 -8 -9 -8 -8 -8 -8 -9 -9 -10 -2 8 27 29 32 30 18 22 9 -6 -18 -19 -19 -19 -20 -22 -23 -25 -25 -26 -26 -27 -28 -29 -28 -28 -28 -29 -29
8 8 10 10 12 14 13 10 6 2 -0 -2 -5 -6 -5 -2 -0 2 5 5 4 5 6 6 6 5 5 4 3 2 2 1 -0 -1 -1 -1 -2 -2 -2 -2 -3 -3 -4 -4 -4 -4 -4 -4 -4 -5 -4 -4 -6 -6 -6 -6 -6 -7 -8 -8 -8 -8 -8 -8 -8 -8 -9 -4 28 33 32 34 33 26 8 18 -5 -17 -19 -12 -16 -20 -22 -23 -24 -25 -25 -25 -26 -26 -26 -27 -28 -28 -26 -30
6 8 7 7 9 12 12 11 7 4 1 -2 -4 -4 -3 -1 1 3 5 6 4 5 5 5 4 4 4 4 3 3 2 1 0 -1 -1 -1 -2 -2 -2 -2 -3 -3 -3 -4 -4 -4 -5 -5 -5 -5 -4 -6 -6 -6 -6 -7 -6 -6 -6 -7 -7 -6 -7 -7 -7 -7 -8 -1 15 20 34 35 34 29 25 19 14 16 2 11 16 9 7 -5 -15 -13 -13 -11 -3 -8 -18 -24 -25 -14 -9 -3
6 7 8 8 10 10 11 10 9 5 2 -0 -2 -1 -1 0 1 3 4 5 5 5 5 4 4 4 4 4 4 3 2 1 0 -0 -1 -2 -2 -2 -3 -3 -3 -4 -4 -4 -5 -5 -5 -6 -5 -5 -5 -5 -5 -5 -5 -5 -5 -5 -5 -6 -6 -5 -5 -5 -7 -8 -8 1 -3 5 8 29 34 31 27 14 4 3 26 26 27 23 24 23 23 23 23 22 22 22 23 22 17 6 17 14
7 7 8 9 9 10 10 9 8 8 6 4 2 0 1 1 2 3 4 4 -0 -3 3 5 4 4 4 4 3 3 2 1 0 -1 -1 -2 -3 -3 -4 -3 -3 -4 -4 -5 -5 -5 -5 -5 -5 -5 -5 -5 -5 -4 -4 -4 -4 -4 -4 -4 -5 -5 -5 -5 -7 -7 -1 15 22 32 23 30 35 35 35 34 33 32 31 30 28 27 26 26 26 24 24 23 24 24 22 22 22 22 21 21
7 7 6 6 8 8 8 7 7 7 6 6 2 1 0 0 2 3 4 1 -7 -7 -2 5 5 3 4 4 3 2 1 0 -0 -2 -2 -2 -3 -3 -3 -3 -3 -3 -4 -5 -5 -6 -6 -6 -7 -8 -7 -7 -6 -5 -5 -5 -5 -5 -4 -4 -4 -4 -3 -3 -5 -5 9 26 14 6 -6 -4 -5 3 17 33 35 34 33 31 30 29 29 27 26 26 25 25 24 24 22 22 22 21 21 21
8 6 4 1 3 5 6 8 9 8 8 7 2 -0 -1 0 2 4 4 1 -6 -6 -0 6 5 4 4 4 4 3 2 1 -1 -2 -2 -3 -3 -3 -3 -3 -4 -5 -6 -5 -6 -6 -6 -6 -6 -7 -7 -6 -5 -4 -3 -3 -3 -3 -3 -3 -3 -2 -2 -2 -3 -3 -3 -1 -4 -5 -5 -6 -7 -7 -8 -6 10 35 34 33 32 31 31 30 30 29 28 27 26 26 25 25 23 23 21 21
7 5 2 -0 -2 2 4 7 8 9 10 8 5 1 1 0 1 3 5 4 2 5 6 7 6 6 5 5 4 4 3 2 1 -0 -2 -2 -3 -3 -4 -4 -4 -5 -5 -6 -6 -5 -6 -6 -6 -6 -6 -5 -4 -3 -3 -3 -4 -3 -3 -2 -2 -1 -0 -1 -2 -1 -2 -3 -3 -4 -4 -5 -6 -7 -7 -8 11 36 35 34 33 32 31 31 29 29 29 28 26 25 26 26 25 25 25 25
8 6 2 0 -2 -1 2 6 9 11 12 9 6 2 1 2 1 3 5 6 6 5 8 8 8 7 6 5 5 4 4 2 1 -0 -2 -2 -3 -3 -4 -4 -4 -4 -5 -6 -6 -5 -5 -5 -6 -5 -5 -5 -4 -4 -3 -3 -3 -3 -2 -1 -0 -0 0 1 0 -0 -1 -1 -2 -3 -3 -4 -4 -6 -7 -8 19 36 36 35 34 33 32 31 31 30 29 28 28 29 26 26 25 25 24 25
9 8 6 3 1 2 2 4 8 12 14 13 8 5 2 2 3 5 7 7 7 8 9 10 9 8 8 7 5 4 3 3 1 -0 -1 -3 -3 -4 -4 -4 -5 -4 -5 -5 -5 -5 -5 -5 -5 -5 -5 -4 -4 -3 -2 -2 -1 -0 -1 -0 -0 1 2 2 1 0 0 -1 -2 -3 -3 -3 -4 -5 -7 -7 3 34 37 36 36 35 34 32 31 30 30 29 31 29 28 27 26 26 26 25
10 9 9 7 6 7 8 9 11 14 14 12 9 7 6 5 6 6 5 6 7 9 10 9 10 10 8 7 6 5 3 3 3 0 -2 -2 -5 -5 -5 -4 -5 -5 -5 -5 -5 -5 -5 -5 -5 -5 -5 -4 -4 -4 -3 -2 -1 -1 -1 0 -0 2 1 3 2 1 1 0 -2 -2 -3 -3 -4 -4 -5 -6 14 33 38 38 37 35 35 33 33 32 33 32 30 30 30 29 28 28 28 28
10 10 10 11 10 11 12 13 13 13 10 8 7 7 7 8 8 10 9 7 8 10 12 11 10 11 9 8 7 6 5 4 2 0 0 -4 -5 -5 -5 -4 -5 -5 -5 -5 -5 -5 -4 -5 -5 -5 -5 -5 -4 -3 -2 -1 -1 -1 -0 -1 -0 1 0 46 58 2 2 1 -0 -2 -3 -3 -4 -4 -4 -4 20 39 65 69 39 36 36 35 35 34 32 31 31 31 31 32 32 30 29 28
14 14 13 14 15 15 15 14 12 9 6 3 2 3 6 9 10 11 13 11 9 11 12 13 12 12 10 9 8 7 6 5 3 1 0 -3 -5 -4 -4 -3 -4 -4 -5 -6 -6 -5 -5 -6 -5 -4 -4 -3 -3 -3 -3 -2 -2 -1 -0 0 -0 -0 14 45 80 2 1 1 1 -2 -3 -3 -3 -3 -3 -3 62 100 108 108 91 46 38 37 36 33 34 32 33 33 32 31 30 29 29 30
18 18 17 17 16 17 14 12 10 6 3 0 -1 2 6 10 14 15 15 14 13 9 12 13 13 12 11 10 9 8 6 4 2 1 -2 -4 -2 -4 -5 -4 -3 -4 -6 -6 -5 -5 -5 -5 -5 -5 -4 -4 -4 -4 -3 -3 -2 -1 -1 -0 -1 -1 98 112 106 78 1 1 0 -1 -2 -3 -3 -3 -3 -3 95 108 110 109 107 80 52 38 37 35 34 33 36 34 33 32 32 31 30 32
16 17 14 14 15 14 10 8 6 1 -0 -3 -5 -5 1 8 15 18 17 16 15 13 11 11 13 13 12 12 10 6 3 0 -1 -1 -2 -1 -1 -2 -2 -3 -4 -4 -5 -5 -6 -5 -4 -5 -5 -5 -4 -4 -4 -3 -4 -3 -3 -2 -2 -1 -0 104 111 111 111 111 41 13 -2 -1 -2 -2 -3 -3 -2 13 104 111 111 108 108 108 52 39 36 35 34 34 36 35 34 32 32 32 32 32
6 6 6 10 9 9 8 8 7 4 -1 -5 -7 -6 -1 4 13 18 17 17 16 15 14 13 11 12 11 10 6 4 2 1 1 -1 -2 -2 -2 -2 -3 -3 -4 -4 -4 -4 -5 -4 -5 -5 -5 -5 -6 -5 -5 -4 -3 -3 -3 -3 -1 28 110 111 111 111 111 105 106 41 48 6 -1 21 35 13 27 84 105 111 110 109 109 95 40 39 37 37 36 36 37 35 35 35 33 33 34 34
-4 -5 2 10 6 3 1 -2 -1 -1 -3 -4 -6 -8 -10 -6 6 12 14 15 16 16 16 15 11 12 10 10 7 6 4 3 2 1 0 -1 -0 -1 -2 -3 -3 -4 -5 -4 -5 -4 -4 -4 -4 -4 -4 -5 -5 -5 -4 -2 -2 11 61 103 110 110 109 110 111 111 111 112 93 108 58 87 109 87 108 100 105 114 108 110 97 54 41 40 40 38 37 37 38 37 36 36 35 35 34 35
1 0 3 -8 -3 -8 -5 -5 -1 -4 -8 -14 -13 -12 -9 -8 -5 0 8 11 15 17 17 17 16 16 14 11 9 8 5 4 4 3 3 2 0 1 -1 -2 -2 -2 -3 -3 -3 -3 -3 -4 -4 -3 -2 -3 -2 -4 -5 -4 -3 33 88 101 107 108 108 108 108 110 111 112 113 115 114 115 117 81 58 80 69 95 87 80 83 46 42 42 39 40 40 40 39 38 38 37 36 37 36 36
-4 -3 -2 -5 -4 -3 -6 3 6 8 1 -4 -12 -18 -13 -10 -8 -3 -4 0 4 12 16 16 16 16 15 15 14 9 8 5 5 4 4 3 2 1 1 0 -1 -1 -2 -2 -2 -4 -4 -4 -3 -2 -2 -2 -2 -2 -3 -3 45 80 108 108 106 107 107 107 108 110 108 110 112 112 114 115 92 79 21 46 41 44 43 76 48 43 43 51 112 130 78 76 85 85 112 75 39 38 38 37
-1 -3 3 -5 -3 -1 6 8 9 11 11 7 3 -7 -4 -13 5 -8 -4 -10 -2 6 9 13 12 14 16 14 16 13 9 6 6 5 5 5 5 4 1 2 -0 -0 1 -1 -2 -2 -2 -2 -2 -1 -1 -1 -2 5 5 6 75 108 107 107 107 106 107 107 108 110 110 110 112 113 113 114 113 112 98 116 82 62 51 44 44 44 43 60 140 159 132 168 177 150 150 123 122 75 93 102
