resultados/variables_proyeccion_tiempo/variables_futuro_csiro_A1B/bio18.asc
ncols 330
nrows 228
xllcorner -12.000000
yllcorner 34.000000
cellsize 0.166667
NODATA_value -9999
[rows 0 to 39 of 228, columns 184 to 275 of 330]
-9999 -9999 -9999 -9999 -9999 -9999 -9999 -9999 -9999 -9999 -9999 -9999 -9999 -9999 -9999 -9999 -9999 -9999 -9999 -9999 -9999 -9999 -9999 -9999 -9999 -9999 -9999 -9999 -9999 -9999 -9999 -9999 -9999 -9999 -9999 -9999 -9999 -9999 -9999 -9999 -9999 -9999 -9999 -9999 -9999 -9999 -9999 -9999 -9999 -9999 -9999 -9999 -9999 -9999 -9999 -9999 -9999 -9999 -9999 -9999 -9999 -9999 -9999 -9999 -9999 -9999 -9999 -9999 -9999 -9999 -9999 -9999 -9999 -9999 -9999 -9999 -9999 -9999 -9999 -9999 -9999 -9999 -9999 -9999 -9999 -9999 -9999 -9999 -9999 -9999 -9999 -9999
-9999 -9999 -9999 -9999 -9999 -9999 -9999 -9999 -9999 -9999 -9999 -9999 -9999 -9999 -9999 -9999 -9999 -9999 -9999 -9999 -9999 -9999 -9999 -9999 -9999 -9999 -9999 -9999 -9999 -9999 -9999 -9999 -9999 -9999 -9999 -9999 -9999 -9999 -9999 -9999 -9999 -9999 -9999 -9999 -9999 -9999 -9999 -9999 -9999 -9999 -9999 -9999 -9999 -9999 -9999 -9999 -9999 -9999 -9999 -9999 -9999 -9999 -9999 -9999 -9999 -9999 -9999 -9999 -9999 -9999 -9999 -9999 -9999 -9999 -9999 -9999 -9999 -9999 -9999 -9999 -9999 -9999 -9999 -9999 -9999 -9999 -9999 -9999 -9999 -9999 -9999 -9999
-9999 -9999 -9999 -9999 -9999 -9999 -9999 -9999 -9999 -9999 -9999 -9999 -9999 -9999 -9999 -9999 -9999 -9999 -9999 -9999 -9999 -9999 -9999 -9999 -9999 -9999 -9999 -9999 -9999 -9999 -9999 -9999 -9999 -9999 -9999 -9999 -9999 -9999 -9999 -9999 -9999 -9999 -9999 -9999 -9999 -9999 -9999 -9999 -9999 -9999 -9999 -9999 -9999 -9999 -9999 -9999 -9999 -9999 -9999 -9999 -9999 -9999 -9999 -9999 -9999 -9999 -9999 -9999 -9999 -9999 -9999 -9999 -9999 -9999 -9999 -9999 -9999 -9999 -9999 -9999 -9999 -9999 -9999 -9999 -9999 -9999 -9999 -9999 -9999 -9999 -9999 -9999
-9999 -9999 -9999 -9999 -9999 -9999 -9999 -9999 -9999 -9999 -9999 -9999 -9999 -9999 -9999 -9999 -9999 -9999 -9999 -9999 -9999 -9999 -9999 -9999 -9999 -9999 -9999 -9999 -9999 -9999 -9999 -9999 -9999 -9999 -9999 -9999 -9999 -9999 -9999 -9999 -9999 -9999 -9999 -9999 -9999 -9999 -9999 -9999 -9999 -9999 -9999 -9999 -9999 -9999 -9999 -9999 -9999 -9999 -9999 -9999 -9999 -9999 -9999 -9999 -9999 -9999 -9999 -9999 -9999 -9999 -9999 -9999 -9999 -9999 -9999 -9999 -9999 -9999 -9999 -9999 -9999 -9999 -9999 -9999 -9999 -9999 -9999 -9999 -9999 -9999 -9999 -9999
-9999 -9999 -9999 -9999 -9999 -9999 -9999 -9999 -9999 -9999 -9999 -9999 -9999 -9999 -9999 -9999 -9999 -9999 -9999 -9999 -9999 -9999 -9999 -9999 -9999 -9999 -9999 -9999 -9999 -9999 -9999 -9999 -9999 -9999 -9999 -9999 -9999 -9999 -9999 -9999 -9999 -9999 -9999 -9999 -9999 -9999 -9999 -9999 -9999 -9999 -9999 -9999 -9999 -9999 -9999 -9999 -9999 -9999 -9999 -9999 -9999 -9999 -9999 -9999 -9999 -9999 -9999 -9999 -9999 -9999 -9999 -9999 -9999 -9999 -9999 -9999 -9999 -9999 -9999 -9999 -9999 -9999 -9999 -9999 -9999 -9999 -9999 -9999 -9999 -9999 -9999 -9999
-9999 -9999 -9999 -9999 -9999 -9999 -9999 -9999 -9999 -9999 -9999 -9999 -9999 -9999 -9999 -9999 -9999 -9999 -9999 -9999 -9999 -9999 -9999 -9999 -9999 -9999 -9999 -9999 -9999 -9999 -9999 170 165 -9999 -9999 199 190 195 190 203 200 201 199 200 198 195 -9999 -9999 -9999 -9999 -9999 201 198 208 198 202 194 187 -9999 -9999 -9999 -9999 -9999 -9999 -9999 -9999 -9999 -9999 -9999 -9999 -9999 -9999 -9999 -9999 -9999 -9999 -9999 -9999 -9999 -9999 -9999 -9999 -9999 -9999 -9999 -9999 -9999 -9999 -9999 -9999 -9999 -9999
-9999 -9999 -9999 -9999 -9999 -9999 -9999 -9999 -9999 -9999 -9999 -9999 -9999 -9999 -9999 -9999 -9999 -9999 -9999 -9999 -9999 -9999 -9999 -9999 -9999 -9999 157 170 -9999 -9999 -9999 170 171 166 179 183 187 184 187 185 185 195 185 190 189 -9999 205 200 194 -9999 201 196 201 209 212 213 216 216 215 204 215 214 210 -9999 -9999 -9999 -9999 -9999 -9999 -9999 -9999 -9999 -9999 -9999 -9999 -9999 -9999 -9999 -9999 -9999 -9999 -9999 -9999 -9999 -9999 -9999 -9999 -9999 -9999 -9999 -9999 -9999
-9999 -9999 -9999 -9999 -9999 -9999 -9999 -9999 -9999 -9999 -9999 -9999 -9999 -9999 -9999 -9999 -9999 -9999 -9999 -9999 -9999 -9999 181 168 170 161 166 170 168 179 176 175 174 172 179 181 189 196 198 194 189 186 185 179 191 200 199 203 194 -9999 202 207 210 214 217 215 212 219 -9999 219 220 225 224 219 218 228 225 228 222 -9999 -9999 -9999 -9999 -9999 -9999 -9999 -9999 -9999 -9999 -9999 -9999 -9999 -9999 -9999 -9999 -9999 -9999 -9999 -9999 -9999 -9999 -9999
-9999 -9999 -9999 -9999 -9999 -9999 -9999 -9999 -9999 -9999 -9999 -9999 -9999 -9999 -9999 -9999 -9999 -9999 -9999 192 186 172 173 167 167 169 173 163 173 173 183 185 176 191 200 186 188 190 195 195 180 -9999 182 188 198 196 203 190 -9999 -9999 205 209 212 218 218 222 224 219 223 227 230 231 223 228 232 230 228 232 230 225 220 208 -9999 -9999 -9999 -9999 -9999 -9999 -9999 -9999 -9999 -9999 -9999 -9999 -9999 -9999 -9999 -9999 -9999 -9999 -9999 -9999
-9999 -9999 -9999 -9999 -9999 -9999 -9999 -9999 -9999 -9999 -9999 -9999 -9999 -9999 -9999 -9999 180 -9999 170 -9999 160 -9999 174 172 177 192 194 193 187 185 186 191 199 192 191 194 193 193 188 179 186 188 192 196 203 205 198 191 195 196 204 214 218 219 214 210 207 211 217 220 227 230 230 229 235 242 237 236 234 232 225 216 210 208 217 -9999 -9999 -9999 -9999 -9999 -9999 -9999 -9999 -9999 -9999 -9999 -9999 -9999 -9999 -9999 -9999 -9999
-9999 280 207 206 -9999 202 199 186 -9999 183 186 191 208 -9999 -9999 186 191 183 173 191 187 183 189 182 186 184 193 199 180 191 198 197 194 196 200 201 197 190 182 183 202 201 212 210 210 206 210 208 204 205 208 210 213 215 213 211 209 214 215 221 227 228 225 227 235 239 242 240 230 224 218 215 209 209 217 -9999 -9999 -9999 -9999 -9999 -9999 -9999 -9999 -9999 -9999 -9999 -9999 -9999 -9999 -9999 -9999 -9999
291 220 211 208 206 197 199 200 190 -9999 205 201 203 193 -9999 172 179 184 194 179 188 184 188 188 195 181 176 176 189 194 203 209 201 199 207 210 202 193 186 205 219 220 219 228 224 234 227 219 214 213 212 209 203 206 209 212 211 215 215 218 218 220 223 224 224 231 231 226 223 221 213 -9999 -9999 -9999 -9999 -9999 -9999 -9999 -9999 -9999 -9999 -9999 -9999 -9999 -9999 -9999 -9999 -9999 -9999 -9999 -9999 -9999
216 218 219 219 210 206 201 193 198 217 192 202 201 191 187 185 192 183 174 175 182 194 201 208 198 195 182 177 182 195 204 207 206 206 219 224 225 200 196 208 220 217 226 234 229 223 212 215 210 207 208 209 210 212 212 206 208 219 225 226 228 229 231 229 228 228 226 224 225 226 -9999 -9999 -9999 -9999 -9999 -9999 -9999 -9999 -9999 225 231 230 232 -9999 -9999 -9999 -9999 -9999 -9999 -9999 -9999 -9999
218 215 218 215 218 218 200 202 224 221 -9999 221 203 211 188 193 215 204 193 190 183 189 198 205 201 201 199 195 200 205 204 209 208 206 211 218 215 207 203 204 208 212 215 214 216 216 220 216 212 206 208 213 211 213 218 213 213 213 218 221 223 222 224 223 224 224 225 222 221 225 221 223 224 220 226 222 220 -9999 228 231 233 233 230 230 229 226 223 -9999 -9999 -9999 -9999 -9999
211 216 224 218 226 218 209 230 225 198 212 203 218 228 216 191 202 220 209 219 217 208 201 203 205 210 211 205 203 205 206 208 205 206 208 211 214 212 207 208 211 214 212 214 220 223 224 217 213 211 208 208 212 214 214 214 212 211 210 210 210 213 215 220 225 228 227 224 223 222 225 227 229 223 221 219 226 228 228 228 226 232 228 230 229 230 226 -9999 -9999 -9999 -9999 -9999
216 211 217 220 223 207 227 232 219 196 231 223 239 218 221 212 206 201 200 207 209 210 203 198 204 211 204 203 203 200 205 207 205 204 206 206 208 207 204 207 211 212 211 214 218 219 219 214 213 212 210 208 209 209 209 210 210 209 208 210 210 212 213 213 215 222 222 222 222 228 235 233 228 223 221 228 228 227 228 230 228 227 227 227 226 224 224 226 220 -9999 -9999 -9999
215 209 206 201 212 218 222 210 224 231 215 213 222 229 227 226 220 214 208 201 200 202 200 198 196 205 204 203 202 197 200 203 207 206 205 206 203 205 209 213 212 211 212 218 220 218 215 214 210 207 204 204 204 206 206 205 204 206 208 210 212 211 209 205 209 214 224 224 227 229 231 230 230 230 226 228 233 231 227 223 220 220 221 220 217 217 218 216 212 216 215 220
203 208 211 203 213 219 228 234 228 221 216 215 197 210 217 218 210 204 204 202 200 198 199 200 197 195 194 196 200 202 203 205 204 204 204 205 206 211 210 210 210 207 207 212 215 215 214 211 209 205 201 200 199 199 201 202 202 204 205 209 210 208 207 207 212 216 218 217 219 219 218 219 221 223 225 222 220 217 218 219 218 218 219 224 225 222 217 217 213 213 215 217
229 216 222 226 223 204 214 226 228 220 214 209 203 195 203 208 210 209 206 201 197 195 198 199 198 195 194 198 202 206 208 206 206 206 207 208 209 209 211 210 208 205 203 204 206 203 202 200 199 200 198 196 195 196 197 199 201 203 205 208 209 208 210 211 214 216 216 217 221 219 218 219 219 222 219 221 219 223 224 220 223 224 224 221 224 225 220 223 224 221 218 220
225 229 238 238 233 225 213 225 224 226 216 213 211 211 208 202 200 206 208 205 203 197 199 201 202 198 198 196 198 202 206 207 208 210 211 211 211 210 209 208 207 206 211 207 204 200 200 204 204 204 201 200 197 195 198 200 204 208 211 211 213 212 213 214 214 216 217 218 219 218 215 216 214 216 217 215 218 222 219 217 219 219 223 223 223 227 223 226 226 225 224 226
239 231 221 222 227 226 217 216 222 219 215 211 209 207 207 209 209 205 200 197 199 193 195 198 199 196 197 195 196 198 205 202 202 205 206 207 208 209 207 206 207 207 207 209 207 206 206 207 207 205 203 198 198 199 204 204 207 210 213 208 210 211 213 214 214 215 218 217 219 221 218 216 216 216 214 215 217 217 218 219 218 226 229 230 232 231 227 225 228 229 225 226
188 197 205 220 231 220 207 213 214 216 217 217 213 209 207 207 205 203 204 199 193 194 195 195 194 194 193 191 193 192 194 194 195 196 198 201 202 204 204 205 204 205 204 204 204 203 203 203 205 205 206 206 208 210 208 207 208 209 212 215 214 219 222 222 222 222 224 233 228 229 222 222 225 223 223 222 220 219 223 227 226 227 236 232 230 229 232 226 226 229 231 235
241 240 230 222 210 202 203 202 204 210 216 215 214 214 211 209 203 201 201 198 198 199 201 199 195 193 190 191 192 193 201 195 192 195 197 196 198 198 202 202 203 205 205 205 203 204 204 204 204 206 206 207 209 213 212 217 223 223 227 224 222 227 225 223 225 225 228 223 222 222 220 219 224 239 233 232 234 229 231 234 235 233 237 231 234 233 229 228 228 232 235 235
262 259 233 228 228 222 211 211 212 210 209 211 210 210 209 210 204 198 197 198 198 198 199 201 198 195 192 190 189 188 190 192 196 190 190 190 191 193 195 196 199 201 203 202 202 202 202 202 203 204 206 206 209 210 211 213 215 216 219 220 221 222 226 226 225 224 223 225 225 221 220 221 223 224 227 237 240 245 238 239 237 237 248 235 229 230 232 230 231 235 235 235
242 222 228 221 220 221 217 217 218 218 212 211 207 206 202 199 201 200 198 196 193 194 196 197 196 195 193 190 187 186 189 190 192 193 191 189 188 188 190 192 194 197 203 205 205 206 206 203 202 205 208 208 208 209 211 214 216 217 220 220 219 220 223 226 229 227 228 227 223 222 226 229 229 231 237 232 234 236 240 242 244 237 261 248 236 229 228 228 236 239 244 241
243 244 232 225 221 223 222 219 221 224 224 219 212 205 203 198 196 194 192 193 192 191 191 190 190 192 190 190 187 187 187 190 189 190 189 187 187 188 190 192 195 198 201 203 204 205 204 203 203 204 206 208 209 210 213 215 218 216 217 218 217 220 223 224 229 234 233 231 225 224 223 227 233 230 228 230 231 235 234 232 228 231 254 240 232 228 228 243 265 268 270 250
231 225 228 229 223 220 223 222 225 225 223 223 217 211 208 207 201 197 196 192 190 188 189 187 188 191 193 191 186 186 187 185 187 190 186 188 187 188 189 193 196 197 201 202 203 204 204 205 205 207 207 209 210 210 214 214 217 217 216 215 217 220 222 226 230 235 234 233 234 235 233 232 231 230 229 228 229 226 225 225 225 226 228 226 227 227 226 228 237 245 251 249
227 227 224 224 222 226 224 227 228 230 229 225 219 216 210 206 203 199 198 195 191 186 186 185 186 187 187 184 183 182 181 183 184 184 185 186 186 189 193 196 199 200 203 205 206 209 209 208 209 210 213 214 212 211 211 214 213 213 216 219 224 224 226 228 229 234 234 231 233 237 239 232 230 235 237 242 238 232 231 226 223 222 221 224 228 230 227 228 228 226 224 220
261 240 227 229 225 226 223 222 225 223 224 222 220 218 214 208 199 198 201 196 190 185 184 182 182 183 184 184 183 181 180 181 182 185 186 185 186 189 195 198 200 202 204 207 210 214 212 213 213 214 217 214 212 211 213 213 214 215 217 219 221 225 227 225 229 230 230 230 233 234 240 241 238 240 242 244 238 234 228 227 224 217 218 226 231 234 236 228 222 219 216 214
250 251 241 232 226 224 221 223 225 222 221 221 213 209 204 200 197 193 191 189 190 183 181 178 179 182 184 183 182 181 181 181 184 185 186 186 188 190 192 196 203 203 205 207 211 212 212 214 217 220 220 218 215 214 214 216 220 226 223 221 220 223 225 228 228 232 231 231 235 234 234 234 234 235 233 239 241 236 227 219 214 211 212 221 224 232 224 223 215 211 211 206
239 236 231 230 232 232 224 227 220 218 218 214 213 211 206 198 191 186 185 180 182 181 179 177 175 176 177 182 181 180 178 178 183 186 186 188 191 190 194 195 196 201 205 209 209 211 213 216 217 218 220 219 217 218 219 221 223 223 225 224 225 228 232 231 233 234 238 238 235 227 225 227 224 224 230 224 226 222 221 217 213 216 212 211 -9999 220 228 223 213 209 206 202
244 237 232 227 227 229 225 219 212 210 212 213 209 204 201 200 195 189 184 178 175 173 177 175 171 173 174 177 183 181 180 179 186 186 185 188 189 192 196 196 195 198 203 207 207 208 212 214 216 220 222 221 220 220 222 224 224 228 232 233 234 236 236 240 240 242 240 237 232 228 224 221 222 221 224 229 220 218 216 214 213 212 214 213 210 210 -9999 210 208 204 202 199
254 244 239 234 231 228 225 219 212 208 200 205 204 200 197 197 196 191 186 180 174 170 170 172 169 171 173 174 178 180 181 181 186 185 184 187 188 192 194 195 196 198 201 204 204 208 211 212 215 218 220 221 222 224 225 225 228 232 234 234 236 236 235 236 238 240 238 237 236 234 229 223 221 220 221 222 225 222 218 217 214 213 214 214 212 211 209 207 204 201 -9999 -9999
257 254 248 245 243 237 232 226 214 204 197 192 193 193 193 191 189 187 180 182 180 172 168 167 168 167 170 174 176 176 179 183 182 184 184 188 190 191 192 193 194 199 203 204 204 207 209 211 215 218 222 222 226 231 233 231 232 234 236 238 238 235 235 235 236 237 235 237 239 237 229 225 221 220 226 223 224 225 220 219 218 215 214 213 213 212 209 208 205 202 -9999 -9999
250 252 252 252 248 243 235 226 217 205 197 194 188 186 188 188 183 180 172 174 174 173 170 169 167 167 170 172 175 176 178 180 182 184 186 187 187 187 190 190 195 199 202 204 209 212 213 216 218 217 222 224 228 233 234 233 234 236 238 240 236 236 237 239 237 235 236 238 237 237 232 227 224 224 223 224 226 223 221 220 220 220 218 216 214 212 210 207 205 202 200 197
245 246 243 242 239 235 228 217 211 204 200 196 189 183 185 185 181 176 169 168 167 168 167 165 164 166 168 170 172 176 178 179 180 182 181 182 184 186 187 191 195 199 203 206 209 210 213 216 219 221 224 226 230 233 236 238 236 238 237 237 239 241 240 241 241 238 239 238 237 238 235 229 223 222 223 224 223 223 222 222 222 221 220 217 214 214 212 209 207 205 202 198
245 245 241 239 233 233 225 215 202 196 193 195 194 189 188 179 176 174 167 166 162 161 159 161 162 163 164 166 170 176 179 180 178 179 180 181 183 186 190 194 195 198 202 206 208 211 215 216 219 223 224 225 228 232 238 238 237 237 238 241 242 243 242 239 240 240 239 237 237 237 234 235 231 226 224 222 222 222 223 222 223 222 221 218 215 213 212 210 207 204 201 199
248 244 245 242 236 230 227 218 212 203 197 186 188 184 184 181 179 172 165 161 159 158 156 161 161 162 163 164 170 175 179 179 180 179 180 182 183 186 189 191 195 198 201 206 208 212 216 217 220 224 222 225 228 236 237 240 240 240 238 240 242 242 242 241 241 240 241 240 238 235 232 231 230 228 225 225 224 221 221 222 222 222 221 218 215 213 212 209 206 203 200 198
249 247 245 238 236 233 227 224 220 212 204 197 192 187 182 178 178 171 166 161 158 158 158 159 160 161 -9999 -9999 -9999 -9999 -9999 -9999 -9999 -9999 -9999 -9999 184 186 188 190 194 198 202 204 207 211 214 217 221 224 224 226 230 233 237 237 239 238 241 242 243 242 242 242 242 240 240 238 237 234 231 230 230 229 228 227 226 226 225 223 222 222 221 219 216 213 211 209 206 204 200 196
248 248 245 241 236 232 227 224 221 215 211 206 199 191 183 177 174 171 167 163 -9999 160 160 160 162 -9999 -9999 -9999 -9999 -9999 -9999 -9999 -9999 -9999 -9999 -9999 -9999 -9999 -9999 191 193 197 200 203 207 211 214 219 221 224 226 229 231 234 236 237 241 242 243 244 245 244 243 242 240 239 239 238 236 234 231 229 229 229 229 228 228 227 227 226 225 223 222 218 216 214 213 210 208 204 200 196
