resultados/variables_proyeccion_tiempo/variables_futuro_csiro_A1B/bio17.asc
ncols 330
nrows 228
xllcorner -12.000000
yllcorner 34.000000
cellsize 0.166667
NODATA_value -9999
[rows 82 to 122 of 228, columns 186 to 278 of 330]
-9999 -9999 -9999 -9999 -9999 -9999 -9999 -9999 -9999 -9999 -9999 -9999 -9999 -9999 -9999 -9999 -9999 102 105 106 106 106 102 97 -9999 -9999 -9999 -9999 -9999 -9999 113 116 117 118 118 117 116 113 111 110 110 110 111 110 106 104 103 104 105 105 107 108 108 112 113 118 122 124 124 124 123 122 120 121 120 119 116 114 112 110 108 105 102 101 101 102 105 109 113 116 119 124 128 132 133 134 133 133 131 130 127 125 124
-9999 -9999 -9999 -9999 -9999 -9999 -9999 -9999 -9999 -9999 -9999 -9999 -9999 -9999 -9999 -9999 -9999 -9999 107 107 -9999 107 -9999 -9999 -9999 -9999 -9999 -9999 -9999 110 -9999 -9999 112 114 116 115 116 114 113 113 113 112 111 112 110 110 108 107 106 107 108 109 111 112 114 117 120 123 124 124 123 121 121 120 119 117 115 113 112 110 109 106 103 101 101 102 104 108 111 113 117 120 125 129 132 134 134 133 131 129 127 125 123
96 97 -9999 -9999 -9999 -9999 -9999 -9999 -9999 -9999 -9999 -9999 -9999 -9999 -9999 -9999 -9999 -9999 107 108 -9999 -9999 -9999 -9999 -9999 -9999 -9999 -9999 -9999 -9999 -9999 -9999 109 112 114 115 114 114 113 114 115 114 113 111 111 110 110 109 109 110 111 112 113 113 114 117 119 119 120 120 121 120 120 119 118 116 116 115 113 111 109 107 105 102 101 101 103 106 109 111 115 120 127 130 133 135 134 133 132 131 128 125 123
96 -9999 -9999 -9999 -9999 -9999 -9999 -9999 -9999 -9999 -9999 -9999 -9999 -9999 -9999 -9999 -9999 -9999 -9999 111 109 107 -9999 -9999 -9999 97 -9999 -9999 -9999 -9999 -9999 -9999 110 112 114 115 115 115 115 115 116 116 115 114 113 112 111 114 117 116 116 116 116 116 116 117 118 119 119 120 120 120 119 119 119 117 116 114 113 111 109 108 106 105 103 102 102 104 106 109 113 119 127 131 132 133 133 133 131 130 128 124 121
-9999 -9999 -9999 -9999 -9999 -9999 -9999 -9999 -9999 -9999 -9999 -9999 -9999 -9999 -9999 -9999 112 113 113 114 113 108 106 -9999 -9999 -9999 -9999 -9999 -9999 -9999 -9999 -9999 112 113 115 116 117 117 117 118 120 119 119 117 116 114 115 118 120 119 119 117 117 116 116 117 117 118 119 120 120 121 123 123 119 117 116 114 112 111 109 108 106 105 103 102 103 104 106 109 113 120 126 129 130 131 132 132 131 129 128 125 121
-9999 -9999 -9999 -9999 -9999 -9999 -9999 -9999 -9999 -9999 -9999 -9999 -9999 -9999 -9999 113 114 115 115 116 116 112 110 109 110 -9999 -9999 -9999 -9999 -9999 -9999 -9999 114 115 117 118 119 119 121 124 126 127 125 122 120 118 118 120 120 119 119 118 118 116 117 118 118 119 119 120 123 126 127 124 121 118 116 115 113 112 109 108 107 106 104 104 104 103 106 110 116 122 126 127 128 131 132 132 131 130 128 126 122
-9999 -9999 -9999 -9999 -9999 -9999 -9999 -9999 -9999 -9999 -9999 -9999 -9999 -9999 115 116 117 118 117 117 117 117 116 113 111 112 -9999 -9999 -9999 -9999 -9999 -9999 115 116 117 120 121 125 128 132 133 133 130 126 123 121 121 120 119 119 119 119 118 118 118 118 118 119 119 121 123 124 123 120 119 118 116 115 112 112 110 109 108 106 106 106 105 107 111 117 121 123 126 127 128 130 131 132 132 133 130 127 124
-9999 -9999 -9999 -9999 -9999 -9999 -9999 -9999 -9999 -9999 -9999 -9999 -9999 -9999 118 119 122 121 119 120 120 119 119 117 115 113 112 -9999 -9999 -9999 114 114 115 116 117 122 124 129 132 133 135 137 133 128 124 123 121 119 119 119 119 119 119 119 118 118 118 119 119 121 122 122 121 120 118 118 116 115 113 112 111 109 108 108 108 110 110 114 117 119 121 123 125 127 128 129 130 131 130 130 129 128 124
-9999 -9999 -9999 -9999 -9999 -9999 -9999 -9999 -9999 -9999 -9999 -9999 118 118 120 122 125 125 123 123 124 123 122 119 116 114 112 112 114 115 115 114 114 115 117 120 123 126 129 132 134 136 134 130 124 122 120 118 118 119 119 118 119 119 119 119 120 120 121 121 123 127 127 125 123 120 117 115 114 112 111 110 110 111 115 117 118 119 119 120 122 124 125 126 128 128 129 130 130 130 129 127 124
-9999 -9999 -9999 -9999 -9999 -9999 -9999 -9999 -9999 -9999 -9999 -9999 118 120 122 126 127 127 126 127 127 128 125 120 117 115 112 112 114 114 114 114 114 113 115 118 121 123 125 128 130 131 129 126 124 121 120 119 118 118 118 118 119 119 120 121 121 120 121 122 126 128 128 128 126 124 120 116 115 113 113 112 112 114 116 119 120 122 121 121 123 125 126 128 130 129 128 129 129 128 127 126 126
-9999 -9999 -9999 -9999 -9999 -9999 -9999 -9999 -9999 -9999 -9999 -9999 120 122 125 129 131 130 129 130 130 130 126 122 119 115 112 111 112 112 112 112 112 112 114 116 119 122 124 126 127 127 126 125 123 121 120 120 119 119 120 120 120 119 120 121 121 121 123 123 125 127 127 128 127 124 121 117 115 114 113 114 115 118 119 120 120 122 123 123 124 125 126 128 129 130 129 129 127 127 127 127 126
-9999 -9999 -9999 -9999 -9999 -9999 -9999 -9999 -9999 -9999 -9999 122 122 125 126 130 134 135 132 131 130 130 127 123 119 115 113 111 111 111 111 111 111 111 113 114 117 121 123 126 126 127 125 123 123 121 120 120 119 119 120 120 120 120 120 121 122 122 123 123 125 124 125 125 126 125 122 120 118 116 117 116 118 120 120 120 121 121 122 123 124 126 127 128 129 130 129 129 127 125 126 125 124
-9999 -9999 -9999 -9999 -9999 -9999 -9999 -9999 -9999 -9999 -9999 -9999 125 127 129 131 134 137 136 135 133 131 128 124 119 115 112 111 111 111 110 109 109 111 112 113 116 120 123 125 127 128 126 124 122 120 120 120 119 119 121 122 121 121 121 121 123 124 125 125 125 125 125 124 125 124 123 122 120 119 118 119 120 120 120 120 121 122 122 122 123 123 125 126 128 127 128 128 126 125 124 123 123
-9999 -9999 -9999 -9999 -9999 -9999 -9999 -9999 -9999 -9999 -9999 -9999 128 130 133 135 139 142 142 141 139 135 132 126 120 115 112 111 110 109 109 109 108 110 111 113 116 120 122 125 128 128 127 125 123 120 119 119 119 119 120 120 120 120 120 121 121 123 124 125 125 125 125 125 125 124 123 122 121 121 121 120 120 120 120 121 121 122 122 122 122 123 123 124 126 128 127 126 126 125 123 123 122
-9999 -9999 -9999 -9999 -9999 -9999 -9999 -9999 -9999 -9999 -9999 -9999 130 133 136 139 142 146 147 147 144 139 134 128 122 114 112 112 111 110 110 109 109 109 111 114 116 120 123 127 128 128 128 126 123 121 120 119 118 118 118 118 118 118 118 120 122 124 125 125 125 126 125 125 124 123 123 122 121 120 121 121 122 122 122 122 122 122 123 123 123 123 124 124 125 126 126 126 126 125 123 122 122
-9999 -9999 -9999 -9999 -9999 -9999 -9999 -9999 -9999 -9999 -9999 -9999 132 133 137 141 145 147 149 151 147 143 136 131 124 118 115 114 113 112 110 109 110 110 112 114 117 120 124 128 128 129 128 126 124 123 122 120 118 117 117 117 118 118 118 120 122 123 124 124 125 125 125 125 125 126 125 124 123 121 120 121 121 122 122 122 123 124 124 123 123 123 123 126 126 126 126 125 125 125 123 122 121
-9999 -9999 -9999 -9999 -9999 -9999 -9999 -9999 -9999 -9999 -9999 -9999 130 132 134 140 145 148 150 151 148 142 138 132 127 123 119 116 114 112 111 110 110 109 110 113 116 122 126 129 132 131 130 128 125 124 121 119 117 118 116 117 118 119 120 121 123 124 124 126 126 125 125 125 125 126 126 124 123 122 121 121 122 122 123 124 124 125 125 125 125 124 124 125 127 126 125 125 125 125 124 122 121
-9999 -9999 -9999 -9999 -9999 -9999 -9999 -9999 -9999 -9999 -9999 -9999 127 130 133 138 142 145 146 146 142 138 134 130 127 124 121 117 115 113 111 111 109 108 108 111 117 123 128 131 133 132 130 128 125 122 121 119 118 117 117 117 120 121 121 123 124 124 125 125 126 126 125 125 125 126 126 125 124 124 122 122 123 124 125 125 126 126 127 128 129 127 126 125 127 126 125 124 124 124 124 123 122
-9999 -9999 -9999 -9999 -9999 -9999 -9999 -9999 -9999 -9999 -9999 127 -9999 130 133 137 140 142 142 139 136 133 129 126 124 123 120 117 115 114 113 112 110 108 108 113 120 125 129 131 132 130 129 130 126 123 121 119 118 119 119 120 122 124 125 127 127 126 126 126 126 126 126 125 125 125 125 125 125 125 124 124 124 125 125 125 126 128 130 130 129 128 127 126 127 125 124 123 124 124 124 123 122
-9999 -9999 -9999 -9999 -9999 -9999 -9999 -9999 -9999 137 134 -9999 -9999 131 132 135 137 139 137 134 132 128 124 122 121 120 118 117 117 116 115 114 113 112 114 116 122 127 131 132 132 131 131 130 127 125 123 121 122 122 122 124 125 125 126 128 129 128 128 127 126 126 126 125 124 125 125 126 126 126 125 124 124 125 126 127 127 130 130 131 130 128 126 125 126 125 124 123 123 123 124 124 122
-9999 -9999 -9999 -9999 -9999 128 133 137 140 140 138 136 133 132 132 132 134 135 134 130 127 122 120 117 116 115 116 116 117 118 116 116 116 117 118 121 127 131 132 133 132 131 130 128 127 125 123 122 123 124 124 126 127 126 128 128 129 131 130 129 128 126 126 125 124 124 124 124 123 123 123 123 122 123 125 127 129 131 132 132 130 127 126 125 125 124 123 123 123 123 123 122 121
-9999 -9999 -9999 -9999 -9999 128 132 138 141 144 142 137 134 132 132 130 131 130 129 127 123 118 114 112 111 110 111 112 115 116 117 118 121 121 123 126 132 133 134 134 136 132 130 127 125 125 123 123 124 125 126 127 128 128 128 128 129 130 130 131 129 126 126 126 125 124 124 123 121 120 120 121 121 121 123 127 129 132 133 130 128 126 125 124 125 125 123 122 122 121 120 120 121
-9999 -9999 -9999 -9999 124 127 131 136 139 142 141 138 134 131 130 128 128 128 126 122 118 115 112 110 108 107 107 109 112 114 116 119 123 125 127 130 134 135 136 135 135 133 130 127 126 125 124 124 127 128 128 128 129 130 129 127 127 129 129 129 127 126 126 126 126 125 124 123 120 119 118 117 118 119 123 125 128 131 131 129 126 125 124 123 123 122 121 120 120 121 120 121 122
-9999 109 117 120 124 128 133 138 141 139 138 135 132 130 129 127 127 127 123 121 119 116 114 112 107 105 104 106 108 111 115 120 123 125 128 130 132 134 135 135 134 133 130 130 127 125 124 124 126 128 131 132 132 131 128 127 126 127 126 125 125 126 125 126 124 124 123 121 119 117 115 114 115 118 121 124 126 128 128 127 124 123 122 121 120 120 119 119 119 119 120 119 119
98 108 121 127 126 128 131 134 136 136 135 132 128 127 126 126 126 123 121 121 118 114 112 108 105 102 101 103 106 110 114 118 121 125 128 130 132 133 132 133 132 131 131 129 129 127 126 126 128 129 132 136 134 130 127 125 124 124 124 124 124 125 124 123 123 122 121 118 116 114 113 111 112 115 118 120 123 124 124 122 121 120 119 118 118 118 117 117 117 117 116 117 117
98 108 118 123 126 128 126 127 128 130 131 130 127 125 124 123 121 119 118 115 113 110 108 105 102 101 101 102 105 109 113 116 120 123 126 128 129 131 130 130 128 127 126 124 123 125 127 128 131 131 133 134 131 126 124 122 121 121 122 122 122 122 121 121 119 118 118 116 113 112 111 111 111 115 116 118 120 121 122 121 119 117 116 115 115 114 114 113 113 113 114 113 114
100 108 115 121 123 124 122 121 121 123 124 125 124 122 121 118 115 114 112 110 108 106 105 102 101 101 102 104 106 109 112 116 119 123 126 127 128 128 127 126 125 123 121 120 120 121 123 126 129 130 130 130 127 123 120 117 117 117 118 117 117 118 117 117 117 117 115 112 111 110 110 110 110 114 115 116 117 117 118 118 117 116 114 112 113 114 113 111 110 111 110 111 111
101 106 112 114 116 117 116 114 114 115 116 117 117 115 114 111 110 109 108 107 105 104 102 101 102 102 103 106 109 110 111 114 117 121 124 124 125 125 124 124 124 122 118 118 118 120 120 123 125 126 126 125 121 116 113 112 112 113 113 113 114 115 116 115 114 113 112 111 110 110 109 110 110 112 113 115 115 116 116 115 115 114 112 112 111 111 111 109 108 108 107 108 109
99 103 106 109 112 116 114 113 112 111 111 111 111 109 109 108 106 106 107 105 103 101 101 101 102 105 106 108 110 112 112 114 117 120 123 124 124 124 124 123 125 122 118 115 115 116 117 118 119 119 119 118 115 111 107 107 108 110 110 110 111 112 114 114 113 112 112 110 110 109 109 109 110 110 112 113 114 115 116 115 115 113 112 111 111 111 110 108 107 107 106 107 108
97 100 103 106 108 111 111 111 109 108 106 105 104 104 103 103 102 102 103 104 101 100 102 103 104 106 107 108 110 110 111 113 116 118 120 122 124 126 127 123 121 119 116 114 114 114 114 116 116 116 116 114 112 108 105 105 106 108 109 109 110 110 112 112 111 111 111 109 109 108 108 109 110 111 112 113 114 114 114 113 113 112 112 112 111 111 110 109 108 107 106 106 108
95 98 100 102 105 106 107 106 106 103 102 100 99 98 98 97 97 98 99 100 98 98 100 102 105 106 108 108 108 110 113 115 117 120 120 123 124 125 126 122 118 115 112 112 112 112 113 113 114 114 113 112 110 107 105 105 106 106 108 108 109 109 111 111 111 110 110 110 109 109 109 109 110 112 112 112 113 113 114 113 114 113 113 113 113 111 110 109 108 108 107 106 107
93 96 99 101 101 102 102 101 101 98 97 95 94 93 93 93 94 95 96 96 97 99 100 101 105 107 108 106 107 109 111 114 116 119 121 122 124 125 124 121 116 112 109 110 110 110 111 111 111 111 111 109 108 107 105 105 106 107 108 108 109 109 110 111 110 110 110 110 110 110 110 109 111 111 112 113 113 114 115 114 115 114 115 115 114 112 112 110 110 110 108 108 110
92 95 97 98 99 98 97 96 95 94 92 90 89 89 89 89 90 91 93 94 96 98 99 101 102 104 104 105 106 107 109 112 115 116 118 118 120 121 120 116 114 110 108 108 107 107 108 109 109 109 109 108 107 107 106 107 107 108 108 109 109 108 109 110 111 111 110 110 110 110 110 110 111 112 113 113 115 114 114 115 116 117 116 117 115 114 112 111 111 111 110 112 112
91 93 96 97 97 97 96 93 91 89 87 85 84 84 84 85 87 88 89 91 93 95 97 99 101 102 103 104 104 106 107 109 111 112 115 116 117 118 115 113 110 108 106 105 105 106 106 107 108 107 107 107 107 107 107 107 107 108 108 109 109 109 110 111 112 112 110 110 111 111 110 110 112 112 112 113 114 115 116 116 116 117 117 117 116 114 113 113 113 112 112 113 114
89 91 93 94 96 96 94 91 89 85 83 81 80 81 82 83 86 87 88 90 91 94 96 99 99 101 101 102 103 105 106 107 109 110 112 113 113 113 112 111 109 107 106 105 105 105 105 106 107 107 107 107 106 106 106 106 106 107 108 108 110 110 110 111 112 111 110 110 110 110 111 111 111 113 113 114 114 115 116 116 116 117 117 116 116 114 115 114 113 113 113 114 115
91 92 93 94 93 92 91 89 87 84 80 77 77 79 81 83 85 86 87 89 89 90 94 96 98 98 98 100 101 102 104 106 107 108 109 110 110 109 108 107 106 105 104 104 104 104 104 105 105 106 106 106 106 106 107 107 107 108 109 109 110 110 111 111 110 111 111 110 110 110 110 110 111 113 114 114 116 117 117 117 117 117 118 118 118 117 116 116 115 115 115 116 116
90 91 92 92 92 91 89 88 85 84 81 79 78 79 81 84 86 85 85 85 88 90 92 94 96 95 95 95 97 99 100 102 104 105 107 107 107 107 106 105 103 102 100 100 101 102 103 104 105 105 106 106 106 106 107 107 107 108 108 109 110 111 111 112 112 112 112 111 112 111 111 111 113 113 114 114 115 115 116 117 117 118 118 119 120 119 118 117 118 118 117 117 118
90 90 90 91 91 90 89 88 86 85 84 83 81 80 81 82 84 83 84 84 86 88 91 93 95 93 90 88 94 97 99 101 102 104 105 106 106 104 104 103 101 100 99 100 100 102 102 104 104 104 105 105 105 105 106 106 107 108 110 111 111 111 111 112 112 113 113 113 113 113 113 113 115 115 116 116 116 115 116 116 117 118 119 120 121 119 119 119 120 120 120 120 119
90 92 94 94 93 93 91 89 90 90 88 85 82 81 81 82 83 84 84 85 86 87 89 92 93 91 88 86 90 95 97 100 101 103 104 104 105 104 103 103 101 100 99 101 101 103 104 104 104 104 105 105 106 106 107 108 108 109 111 112 112 113 112 112 112 113 113 113 114 114 114 114 115 117 117 117 117 116 117 117 118 119 121 120 120 120 119 120 120 120 120 121 120
92 94 95 98 97 95 93 92 90 90 88 86 83 82 81 82 83 83 85 85 86 87 88 90 90 88 86 87 89 92 95 98 101 103 104 104 103 103 102 101 100 100 100 101 102 104 104 105 105 105 106 106 106 107 107 108 108 110 111 111 111 112 112 112 113 113 113 114 114 115 116 118 118 116 117 117 116 117 118 118 119 120 122 123 122 121 122 123 123 122 122 121 122
94 95 96 97 96 95 94 93 91 90 89 88 86 84 83 82 82 83 84 84 85 86 87 87 87 87 86 86 89 91 94 96 100 102 104 104 103 102 101 101 101 100 101 102 104 104 106 106 107 106 106 106 106 107 108 109 110 111 112 113 113 113 114 114 113 114 114 115 116 117 120 120 120 119 118 118 118 118 118 119 120 120 121 122 123 123 124 124 125 123 122 122 123
