resultados/variables_proyeccion_tiempo/variables_futuro_csiro_A1B/bio13.asc
ncols 330
nrows 228
xllcorner -12.000000
yllcorner 34.000000
cellsize 0.166667
NODATA_value -9999
[rows 0 to 46 of 228, columns 192 to 287 of 330]
-9999 -9999 -9999 -9999 -9999 -9999 -9999 -9999 -9999 -9999 -9999 -9999 -9999 -9999 -9999 -9999 -9999 -9999 -9999 -9999 -9999 -9999 -9999 -9999 -9999 -9999 -9999 -9999 -9999 -9999 -9999 -9999 -9999 -9999 -9999 -9999 -9999 -9999 -9999 -9999 -9999 -9999 -9999 -9999 -9999 -9999 -9999 -9999 -9999 -9999 -9999 -9999 -9999 -9999 -9999 -9999 -9999 -9999 -9999 -9999 -9999 -9999 -9999 -9999 -9999 -9999 -9999 -9999 -9999 -9999 -9999 -9999 -9999 -9999 -9999 -9999 -9999 -9999 -9999 -9999 -9999 -9999 -9999 -9999 -9999 -9999 -9999 -9999 -9999 -9999 -9999 -9999 -9999 -9999 -9999 -9999
-9999 -9999 -9999 -9999 -9999 -9999 -9999 -9999 -9999 -9999 -9999 -9999 -9999 -9999 -9999 -9999 -9999 -9999 -9999 -9999 -9999 -9999 -9999 -9999 -9999 -9999 -9999 -9999 -9999 -9999 -9999 -9999 -9999 -9999 -9999 -9999 -9999 -9999 -9999 -9999 -9999 -9999 -9999 -9999 -9999 -9999 -9999 -9999 -9999 -9999 -9999 -9999 -9999 -9999 -9999 -9999 -9999 -9999 -9999 -9999 -9999 -9999 -9999 -9999 -9999 -9999 -9999 -9999 -9999 -9999 -9999 -9999 -9999 -9999 -9999 -9999 -9999 -9999 -9999 -9999 -9999 -9999 -9999 -9999 -9999 -9999 -9999 -9999 -9999 -9999 -9999 -9999 -9999 -9999 -9999 -9999
-9999 -9999 -9999 -9999 -9999 -9999 -9999 -9999 -9999 -9999 -9999 -9999 -9999 -9999 -9999 -9999 -9999 -9999 -9999 -9999 -9999 -9999 -9999 -9999 -9999 -9999 -9999 -9999 -9999 -9999 -9999 -9999 -9999 -9999 -9999 -9999 -9999 -9999 -9999 -9999 -9999 -9999 -9999 -9999 -9999 -9999 -9999 -9999 -9999 -9999 -9999 -9999 -9999 -9999 -9999 -9999 -9999 -9999 -9999 -9999 -9999 -9999 -9999 -9999 -9999 -9999 -9999 -9999 -9999 -9999 -9999 -9999 -9999 -9999 -9999 -9999 -9999 -9999 -9999 -9999 -9999 -9999 -9999 -9999 -9999 -9999 -9999 -9999 -9999 -9999 -9999 -9999 -9999 -9999 -9999 -9999
-9999 -9999 -9999 -9999 -9999 -9999 -9999 -9999 -9999 -9999 -9999 -9999 -9999 -9999 -9999 -9999 -9999 -9999 -9999 -9999 -9999 -9999 -9999 -9999 -9999 -9999 -9999 -9999 -9999 -9999 -9999 -9999 -9999 -9999 -9999 -9999 -9999 -9999 -9999 -9999 -9999 -9999 -9999 -9999 -9999 -9999 -9999 -9999 -9999 -9999 -9999 -9999 -9999 -9999 -9999 -9999 -9999 -9999 -9999 -9999 -9999 -9999 -9999 -9999 -9999 -9999 -9999 -9999 -9999 -9999 -9999 -9999 -9999 -9999 -9999 -9999 -9999 -9999 -9999 -9999 -9999 -9999 -9999 -9999 -9999 -9999 -9999 -9999 -9999 -9999 -9999 -9999 -9999 -9999 -9999 -9999
-9999 -9999 -9999 -9999 -9999 -9999 -9999 -9999 -9999 -9999 -9999 -9999 -9999 -9999 -9999 -9999 -9999 -9999 -9999 -9999 -9999 -9999 -9999 -9999 -9999 -9999 -9999 -9999 -9999 -9999 -9999 -9999 -9999 -9999 -9999 -9999 -9999 -9999 -9999 -9999 -9999 -9999 -9999 -9999 -9999 -9999 -9999 -9999 -9999 -9999 -9999 -9999 -9999 -9999 -9999 -9999 -9999 -9999 -9999 -9999 -9999 -9999 -9999 -9999 -9999 -9999 -9999 -9999 -9999 -9999 -9999 -9999 -9999 -9999 -9999 -9999 -9999 -9999 -9999 -9999 -9999 -9999 -9999 -9999 -9999 -9999 -9999 -9999 -9999 -9999 -9999 -9999 -9999 -9999 -9999 -9999
-9999 -9999 -9999 -9999 -9999 -9999 -9999 -9999 -9999 -9999 -9999 -9999 -9999 -9999 -9999 -9999 -9999 -9999 -9999 -9999 -9999 -9999 -9999 98 98 -9999 -9999 89 87 84 83 83 82 79 78 78 77 75 -9999 -9999 -9999 -9999 -9999 77 76 79 77 77 77 75 -9999 -9999 -9999 -9999 -9999 -9999 -9999 -9999 -9999 -9999 -9999 -9999 -9999 -9999 -9999 -9999 -9999 -9999 -9999 -9999 -9999 -9999 -9999 -9999 -9999 -9999 -9999 -9999 -9999 -9999 -9999 -9999 -9999 -9999 -9999 -9999 -9999 -9999 -9999 -9999 -9999 -9999 -9999 -9999 -9999 -9999
-9999 -9999 -9999 -9999 -9999 -9999 -9999 -9999 -9999 -9999 -9999 -9999 -9999 -9999 -9999 -9999 -9999 -9999 82 90 -9999 -9999 -9999 96 95 90 89 87 85 84 83 81 80 79 75 76 74 -9999 80 78 76 -9999 78 76 77 80 81 81 81 81 79 74 78 78 75 -9999 -9999 -9999 -9999 -9999 -9999 -9999 -9999 -9999 -9999 -9999 -9999 -9999 -9999 -9999 -9999 -9999 -9999 -9999 -9999 -9999 -9999 -9999 -9999 -9999 -9999 -9999 -9999 -9999 -9999 -9999 -9999 -9999 -9999 -9999 -9999 -9999 -9999 -9999 -9999 -9999
-9999 -9999 -9999 -9999 -9999 -9999 -9999 -9999 -9999 -9999 -9999 -9999 -9999 -9999 90 81 76 76 83 87 90 91 91 90 89 87 86 83 83 83 83 81 79 77 77 74 79 82 82 81 76 -9999 80 81 82 84 84 82 80 83 -9999 81 81 82 81 78 76 79 78 80 80 -9999 -9999 -9999 -9999 -9999 -9999 -9999 -9999 -9999 -9999 -9999 -9999 -9999 -9999 -9999 -9999 -9999 -9999 -9999 -9999 -9999 -9999 -9999 -9999 -9999 -9999 -9999 -9999 -9999 -9999 -9999 -9999 -9999 -9999 -9999
-9999 -9999 -9999 -9999 -9999 -9999 -9999 -9999 -9999 -9999 -9999 98 94 88 85 79 75 77 82 82 86 87 89 88 86 84 84 80 80 79 81 81 76 -9999 76 78 82 81 84 79 -9999 -9999 81 83 84 86 85 87 86 83 84 86 86 86 81 82 82 80 79 80 80 80 76 74 -9999 -9999 -9999 -9999 -9999 -9999 -9999 -9999 -9999 -9999 -9999 -9999 -9999 -9999 -9999 -9999 -9999 -9999 -9999 -9999 -9999 -9999 -9999 -9999 -9999 -9999 -9999 -9999 -9999 -9999 -9999 -9999
-9999 -9999 -9999 -9999 -9999 -9999 -9999 -9999 114 -9999 84 -9999 83 -9999 78 76 77 82 82 83 84 84 84 84 85 82 80 81 81 80 78 74 77 78 80 82 85 86 82 79 81 82 84 86 87 87 85 82 80 81 83 83 85 86 85 83 85 86 84 82 81 80 78 74 72 75 79 -9999 -9999 -9999 -9999 -9999 -9999 -9999 -9999 -9999 -9999 -9999 -9999 -9999 -9999 -9999 -9999 -9999 -9999 -9999 -9999 -9999 -9999 -9999 -9999 -9999 -9999 -9999 -9999 -9999
-9999 125 118 117 118 -9999 -9999 116 107 92 79 81 80 78 80 78 79 79 82 83 78 81 83 83 81 82 84 84 82 79 76 76 84 84 88 87 87 86 87 86 85 85 87 88 87 86 85 83 82 83 82 84 86 85 83 83 85 86 87 85 80 77 75 74 72 74 78 -9999 -9999 -9999 -9999 -9999 -9999 -9999 -9999 -9999 -9999 -9999 -9999 -9999 -9999 -9999 -9999 -9999 -9999 -9999 -9999 -9999 -9999 -9999 -9999 -9999 -9999 -9999 -9999 -9999
131 -9999 119 116 114 112 -9999 98 96 83 81 76 79 78 79 79 82 76 73 75 79 81 84 87 84 83 86 87 84 81 78 85 90 91 91 94 93 97 94 91 89 89 88 88 85 85 84 84 82 83 83 83 82 82 83 82 81 83 82 79 78 77 74 -9999 -9999 -9999 -9999 -9999 -9999 -9999 -9999 -9999 -9999 -9999 -9999 -9999 -9999 -9999 -9999 -9999 -9999 -9999 -9999 -9999 -9999 -9999 -9999 -9999 -9999 -9999 -9999 -9999 -9999 -9999 -9999 -9999
128 122 118 111 108 106 94 92 85 78 73 74 77 82 84 87 83 82 76 74 76 81 85 86 86 86 91 93 93 84 82 86 91 90 94 97 95 93 88 90 88 87 88 88 88 88 88 85 84 87 88 87 87 87 87 85 84 83 82 80 80 80 -9999 -9999 -9999 -9999 -9999 -9999 -9999 -9999 -9999 87 87 86 84 -9999 -9999 -9999 -9999 -9999 -9999 -9999 -9999 -9999 -9999 -9999 -9999 -9999 -9999 -9999 -9999 -9999 -9999 -9999 -9999 -9999
125 119 -9999 108 101 95 87 82 88 85 81 80 78 80 83 86 84 84 82 81 83 85 84 87 86 86 87 90 89 86 84 85 86 89 90 90 90 90 92 90 89 87 87 89 88 89 90 88 87 87 87 88 85 84 84 83 83 82 82 81 80 81 79 79 79 77 80 79 78 -9999 83 84 85 85 84 85 84 83 82 -9999 -9999 -9999 -9999 -9999 -9999 -9999 -9999 -9999 -9999 -9999 -9999 -9999 -9999 -9999 -9999 -9999
117 112 102 100 95 92 88 79 84 91 87 91 90 87 84 85 85 87 87 84 83 85 85 86 85 85 86 87 88 87 86 86 87 88 88 89 91 92 93 90 89 88 87 87 88 89 88 88 87 86 85 84 84 83 83 83 84 84 84 82 82 80 81 82 82 79 78 78 81 82 82 82 82 85 84 85 85 85 83 -9999 -9999 -9999 -9999 -9999 -9999 -9999 -9999 -9999 -9999 -9999 -9999 -9999 -9999 -9999 -9999 -9999
107 98 97 93 95 89 90 87 85 84 84 86 86 87 84 82 84 86 84 83 83 82 84 84 84 83 84 84 85 84 84 85 87 87 87 88 90 90 90 88 88 87 87 87 87 86 86 86 85 84 84 84 84 84 85 84 84 83 83 82 82 84 86 85 82 80 79 81 82 82 82 84 83 84 84 84 84 84 84 85 82 -9999 -9999 -9999 82 81 -9999 -9999 -9999 -9999 -9999 -9999 -9999 -9999 -9999 -9999
97 92 89 86 89 92 92 92 90 88 86 83 82 82 81 80 80 83 82 82 82 80 81 82 84 84 83 83 82 83 84 86 86 86 87 89 90 89 88 87 86 85 84 84 84 84 84 83 83 83 83 83 84 84 83 81 83 83 86 85 85 85 86 84 84 83 81 82 84 84 83 83 82 84 84 84 84 84 84 84 82 82 82 82 82 81 79 79 79 79 78 79 78 78 77 -9999
92 87 86 87 81 86 88 89 86 84 83 82 81 80 80 80 79 78 78 79 80 81 81 82 82 82 82 82 82 84 84 84 84 84 84 86 87 87 87 85 84 83 82 82 82 82 82 82 82 82 82 83 83 82 82 82 83 85 85 85 86 85 84 84 84 85 85 84 83 83 83 84 84 83 84 86 87 86 85 84 83 83 83 82 83 82 81 80 80 79 79 80 80 79 79 79
90 87 86 85 83 80 83 85 85 85 83 81 79 78 79 79 78 77 76 78 80 81 82 81 81 81 82 82 82 82 83 82 82 82 82 83 83 82 81 81 80 81 80 80 80 79 80 81 81 82 82 83 83 82 82 83 83 84 84 84 86 85 84 84 84 84 84 84 83 85 85 84 84 85 85 85 86 87 86 86 86 85 83 84 83 83 82 81 81 81 82 81 81 80 81 82
88 90 86 86 86 86 84 82 81 82 83 81 80 78 78 79 78 77 77 76 78 79 80 81 82 82 82 82 82 82 81 81 81 82 84 83 82 80 80 82 82 82 81 80 80 79 80 81 82 84 84 84 84 84 84 83 83 84 84 85 85 84 83 83 82 82 83 82 83 85 84 83 83 83 85 85 86 87 86 86 86 86 85 85 85 83 83 83 82 82 81 81 81 81 83 84
88 87 86 85 85 84 84 84 83 81 79 78 78 75 75 76 77 75 76 75 76 77 80 79 79 80 80 81 81 81 80 80 81 82 82 83 82 82 82 82 82 81 81 79 80 80 82 82 83 84 85 83 83 83 83 84 84 84 84 84 85 85 84 83 83 83 82 82 84 83 83 84 83 85 87 87 88 88 87 86 87 87 85 85 86 85 83 84 83 82 82 82 82 84 84 85
85 86 87 87 85 84 82 82 81 80 80 77 75 74 74 74 73 73 73 73 74 75 76 76 76 76 77 78 79 79 79 80 80 80 80 80 80 80 79 79 80 80 81 81 83 83 83 82 82 83 84 85 84 86 87 87 87 86 87 90 88 88 85 85 86 86 86 86 85 84 86 87 86 86 89 88 87 87 88 86 86 87 88 89 87 85 84 84 84 84 83 83 84 85 86 86
80 83 86 85 85 85 84 82 80 78 78 76 76 76 76 75 73 72 71 72 73 74 78 76 75 76 77 76 77 77 79 79 79 80 80 79 79 79 79 79 79 80 80 81 82 84 84 85 87 87 88 88 86 88 88 87 87 88 89 86 86 86 85 84 86 92 90 90 90 88 89 90 90 89 91 88 88 88 87 87 87 89 90 89 88 86 84 84 84 84 84 83 84 85 85 87
84 83 83 83 82 82 82 82 79 76 75 75 75 74 74 75 73 72 71 71 71 72 73 74 76 73 74 73 74 75 75 76 77 77 78 78 78 78 78 78 79 79 80 80 82 82 82 83 84 85 85 85 86 86 88 87 87 87 86 86 86 85 84 85 86 87 88 91 92 94 92 92 91 91 95 90 88 88 88 88 89 90 90 90 88 87 86 86 86 85 84 83 85 85 86 86
86 85 83 83 81 80 78 77 77 76 75 74 72 72 72 73 72 71 70 70 69 70 72 72 73 74 73 72 72 72 72 73 74 75 77 78 78 78 78 78 77 79 80 80 80 81 82 83 84 84 85 85 84 85 86 87 88 87 88 87 86 85 87 88 88 89 92 90 90 91 93 93 94 92 100 95 91 88 87 87 90 92 94 92 90 86 88 92 92 90 85 83 84 85 86 86
86 87 87 84 82 78 78 75 74 72 72 72 71 70 70 69 69 69 69 69 69 70 71 72 71 72 71 71 70 70 71 72 73 74 75 76 76 77 77 76 77 77 78 79 80 80 82 83 84 83 83 83 83 84 85 86 88 89 89 88 86 86 86 87 90 89 88 89 90 91 91 90 89 90 98 93 90 88 87 93 101 102 103 96 92 88 89 95 93 89 85 86 85 86 86 87
87 87 85 85 82 80 78 78 75 73 72 70 69 68 68 68 68 70 70 70 69 70 71 70 70 71 70 70 70 70 70 71 72 72 74 74 74 75 75 76 76 77 78 78 79 80 81 82 83 83 83 82 83 84 84 86 88 89 89 89 89 90 89 89 88 89 88 88 88 88 87 88 88 88 89 88 88 87 87 88 92 95 97 96 89 86 85 86 86 86 85 86 86 87 87 88
87 87 87 85 82 80 78 76 74 73 72 71 70 69 69 69 69 69 69 68 69 70 70 70 70 70 71 70 70 71 72 72 73 73 73 74 74 75 75 75 76 76 78 79 79 79 80 81 80 81 82 83 85 85 86 86 87 89 88 88 88 90 91 88 88 90 90 92 91 89 89 87 86 86 86 86 88 89 88 89 89 89 88 87 85 84 85 86 86 86 85 85 86 88 88 87
85 84 84 82 81 80 78 76 73 73 74 73 71 70 70 69 69 69 69 69 70 70 70 70 70 71 71 71 72 72 73 72 74 74 74 74 75 75 75 75 75 76 78 78 77 78 80 80 80 80 81 82 83 84 85 85 86 86 86 86 88 88 90 91 90 90 91 92 90 89 87 86 85 83 83 86 89 90 92 90 88 87 86 85 84 83 83 84 84 84 84 84 85 86 87 87
85 83 82 82 79 78 76 75 75 74 73 73 73 71 70 69 70 71 71 71 71 71 71 70 71 71 71 72 72 72 72 73 75 74 74 74 75 74 74 75 76 77 78 78 77 78 79 80 81 83 82 81 81 83 84 85 85 87 86 86 87 87 87 87 87 87 86 89 90 88 85 82 80 79 80 84 87 91 89 89 86 85 85 83 82 81 81 83 82 83 83 83 84 84 85 85
82 82 82 81 81 81 80 77 76 74 73 72 72 72 72 71 71 71 72 73 72 71 69 69 71 72 71 72 73 72 73 73 73 75 75 76 75 75 75 75 76 76 77 78 77 78 79 80 81 81 82 81 82 83 85 85 86 86 88 87 86 84 83 83 82 82 84 83 84 82 82 81 79 81 80 81 -9999 88 91 90 87 86 84 83 82 81 81 81 81 81 82 83 84 84 84 84
82 81 83 84 83 81 80 80 79 77 75 73 72 72 73 72 71 72 72 72 73 72 70 69 71 72 71 72 73 74 75 74 73 74 76 76 75 75 75 75 75 76 77 78 77 78 79 80 80 82 83 83 84 85 85 87 88 88 87 87 85 83 81 80 80 81 82 84 81 81 80 80 80 80 81 83 84 86 -9999 86 86 84 83 82 82 81 80 80 80 81 82 82 84 84 83 83
83 83 81 83 83 82 81 81 80 79 78 75 74 72 72 72 71 72 72 72 73 72 72 71 72 72 72 72 73 74 74 74 74 75 76 76 75 75 75 75 76 76 77 77 78 79 80 80 81 82 83 83 84 85 84 85 86 87 86 86 85 84 82 81 80 80 81 82 83 82 82 81 80 80 82 84 85 86 86 86 85 84 -9999 -9999 -9999 -9999 81 81 80 81 82 82 83 83 83 83
85 83 82 81 82 81 81 80 80 79 76 77 76 74 73 72 72 72 72 73 73 72 72 73 72 72 72 74 74 74 74 74 74 76 77 76 76 76 76 76 76 77 78 78 79 81 82 82 82 82 83 84 85 84 84 85 85 85 85 85 86 85 83 81 80 80 83 83 84 84 83 82 82 82 83 84 86 87 87 87 86 84 -9999 -9999 -9999 -9999 -9999 -9999 -9999 -9999 -9999 82 82 83 83 82
87 85 83 83 81 80 80 80 78 77 75 75 76 76 74 74 73 72 73 73 73 72 72 72 73 73 73 73 73 73 73 73 74 76 76 76 77 77 77 78 77 77 78 80 80 82 82 82 82 83 84 84 84 84 84 86 85 84 85 85 85 85 83 82 81 82 82 83 85 84 83 83 84 84 85 86 86 86 87 87 86 85 84 83 82 -9999 -9999 -9999 -9999 -9999 -9999 -9999 -9999 -9999 -9999 -9999
86 86 85 84 82 80 80 80 79 77 75 74 74 75 74 73 72 72 73 73 73 72 72 72 73 73 72 72 72 73 73 73 75 76 77 77 77 78 78 78 79 79 80 80 82 82 84 84 83 84 84 84 84 85 85 86 86 85 86 85 85 85 85 83 82 82 83 83 84 84 84 84 85 85 86 86 87 87 88 87 87 86 85 83 83 82 81 79 -9999 -9999 -9999 -9999 -9999 -9999 -9999 -9999
84 84 84 85 84 82 82 78 78 76 75 75 73 73 72 72 72 72 72 72 72 73 73 73 74 72 72 72 72 73 74 75 75 75 76 77 78 78 78 79 79 80 80 81 81 83 84 84 84 84 84 85 85 86 86 85 86 85 86 85 85 85 84 86 84 83 83 83 84 84 85 85 85 86 87 86 87 87 88 87 86 86 85 84 83 81 80 78 76 -9999 -9999 -9999 -9999 -9999 -9999 -9999
87 86 85 82 83 81 81 80 79 77 75 74 73 73 72 73 72 72 73 73 72 73 73 73 74 73 72 72 73 73 74 74 75 75 76 78 78 78 79 80 80 81 80 81 82 85 85 86 86 86 85 85 85 86 86 86 86 86 87 86 86 85 84 85 85 84 84 85 85 84 85 85 85 86 87 87 88 87 88 87 86 86 84 84 82 80 78 76 75 75 -9999 -9999 -9999 -9999 -9999 -9999
90 88 87 85 84 82 81 80 79 77 76 75 74 74 74 74 74 73 -9999 -9999 -9999 -9999 -9999 -9999 -9999 -9999 -9999 -9999 73 73 73 74 74 75 77 77 78 79 80 80 81 82 82 82 83 84 86 86 86 85 86 87 87 86 87 87 87 86 86 86 86 85 84 84 85 85 85 86 86 86 86 86 86 86 88 88 88 88 88 88 87 86 85 84 82 80 79 78 78 -9999 -9999 -9999 -9999 -9999 -9999 -9999
89 88 88 88 86 84 81 79 78 78 76 75 -9999 75 75 74 74 -9999 -9999 -9999 -9999 -9999 -9999 -9999 -9999 -9999 -9999 -9999 -9999 -9999 -9999 74 74 75 76 77 78 79 80 81 82 82 83 84 84 85 86 86 87 87 87 88 88 87 87 87 86 86 87 86 86 86 85 85 85 85 86 86 87 87 88 88 87 88 88 88 89 89 89 88 88 87 85 83 82 81 80 81 -9999 -9999 -9999 -9999 -9999 -9999 -9999 -9999
89 88 87 87 87 85 82 81 79 78 77 76 -9999 -9999 -9999 -9999 -9999 -9999 -9999 -9999 -9999 -9999 -9999 -9999 -9999 -9999 -9999 -9999 -9999 -9999 -9999 74 75 76 77 78 79 80 81 82 83 84 84 85 85 86 87 87 87 89 89 90 90 89 88 87 87 87 87 87 86 85 85 85 85 84 84 86 87 87 88 89 89 89 89 89 90 89 90 89 88 88 86 84 83 82 83 84 -9999 -9999 -9999 -9999 -9999 -9999 -9999 -9999
89 88 86 87 85 84 82 81 80 79 -9999 -9999 -9999 -9999 -9999 -9999 -9999 -9999 -9999 -9999 -9999 -9999 -9999 -9999 -9999 -9999 -9999 77 77 76 -9999 74 75 76 78 79 80 81 82 83 84 85 85 86 87 88 88 90 88 89 89 90 90 90 88 88 88 88 88 87 86 85 85 85 84 85 85 86 86 87 89 89 89 89 89 89 90 90 90 90 90 89 88 86 84 84 84 86 86 -9999 -9999 -9999 -9999 85 85 85
88 87 86 84 84 83 82 80 80 -9999 -9999 -9999 -9999 -9999 -9999 -9999 -9999 -9999 -9999 -9999 -9999 -9999 -9999 -9999 -9999 -9999 -9999 78 78 78 77 76 76 77 79 80 81 82 83 84 85 86 87 88 88 89 90 91 90 90 91 90 90 88 88 88 88 88 88 87 87 86 85 85 85 86 87 87 88 89 89 89 89 89 90 91 91 92 92 92 91 90 89 87 86 85 85 85 85 85 87 -9999 -9999 -9999 85 -9999
89 87 85 83 83 83 82 81 -9999 -9999 -9999 -9999 -9999 -9999 -9999 -9999 -9999 -9999 -9999 -9999 -9999 -9999 -9999 -9999 -9999 -9999 80 78 79 79 78 78 78 78 80 81 82 84 85 85 87 88 88 89 90 91 91 92 92 91 90 90 90 89 89 88 88 88 88 88 89 89 88 87 88 87 88 88 89 89 89 90 90 91 92 92 93 93 93 92 92 91 90 90 89 87 86 85 84 85 -9999 -9999 -9999 86 -9999 -9999
89 88 86 84 84 82 82 82 81 81 -9999 -9999 -9999 -9999 -9999 -9999 -9999 -9999 -9999 -9999 -9999 -9999 -9999 -9999 -9999 80 81 81 81 81 80 80 80 81 82 83 84 86 87 87 88 88 89 90 91 92 92 92 92 92 90 91 91 90 89 89 90 89 89 89 89 90 90 88 88 88 89 89 90 91 91 91 92 92 93 94 94 95 94 93 93 93 93 92 90 89 88 86 85 85 -9999 -9999 -9999 -9999 -9999 -9999
90 88 86 85 85 83 82 82 82 81 -9999 -9999 -9999 -9999 -9999 -9999 -9999 -9999 -9999 -9999 -9999 -9999 -9999 -9999 82 81 82 82 83 83 83 83 83 83 83 84 86 87 87 88 89 89 90 91 92 92 92 92 92 92 92 92 92 92 91 90 90 89 89 89 89 90 89 89 88 88 89 90 90 91 92 93 94 94 95 95 95 95 95 95 96 95 94 94 93 91 90 89 88 87 87 -9999 -9999 88 87 87
90 88 87 85 84 82 82 82 -9999 -9999 -9999 -9999 -9999 -9999 -9999 -9999 -9999 -9999 -9999 -9999 -9999 82 82 82 82 83 83 83 83 84 84 85 85 85 85 86 87 88 88 90 91 91 91 92 92 93 93 93 93 94 93 93 92 92 91 91 90 89 89 89 90 91 90 90 90 90 91 92 92 92 94 94 95 96 96 96 97 97 97 97 97 96 95 94 93 92 91 91 91 90 89 89 88 88 88 88
