resultados/variables_proyeccion_tiempo/variables_futuro_csiro_A1B/bio15.asc
ncols 330
nrows 228
xllcorner -12.000000
yllcorner 34.000000
cellsize 0.166667
NODATA_value -9999
[rows 98 to 146 of 228, columns 192 to 287 of 330]
-9999 -9999 -9999 -9999 -9999 -9999 34 34 33 31 29 28 27 26 26 26 25 26 26 26 26 26 26 26 26 26 26 26 25 25 24 23 22 21 21 21 22 23 23 24 24 25 25 25 25 25 24 24 24 24 24 23 23 23 23 23 23 23 23 23 23 23 24 24 23 23 23 22 22 22 22 21 21 21 21 21 21 21 21 21 21 21 21 22 22 22 22 22 22 22 21 21 21 21 21 20
-9999 -9999 -9999 -9999 -9999 -9999 34 33 33 31 29 28 27 26 26 25 25 25 25 25 25 26 26 26 26 26 26 26 26 25 24 22 21 21 21 21 22 23 23 24 24 25 25 24 24 24 24 24 24 24 23 23 23 23 22 23 23 23 23 23 23 23 23 23 23 23 22 21 21 21 21 20 20 20 20 21 21 21 20 21 21 21 21 21 21 22 22 21 21 21 21 21 21 20 20 20
-9999 -9999 -9999 -9999 -9999 34 -9999 32 32 30 29 27 26 26 26 25 25 25 25 25 25 26 25 25 26 25 26 26 26 25 24 22 21 21 21 21 22 23 23 24 24 24 24 24 24 24 24 24 23 23 23 23 23 23 23 22 23 23 23 23 23 23 23 23 23 22 22 21 21 20 20 20 20 20 20 20 20 20 20 20 20 21 21 21 21 21 21 21 21 21 21 21 20 20 20 20
-9999 -9999 -9999 31 32 -9999 -9999 31 30 29 28 26 26 26 25 26 26 26 26 25 26 26 25 25 25 26 25 25 26 25 23 22 21 21 21 21 22 23 23 24 24 24 24 24 24 24 23 23 23 23 23 23 23 22 23 23 23 23 23 23 23 23 23 23 22 22 22 21 20 20 20 19 19 19 19 20 20 20 20 20 21 21 21 21 21 21 21 21 21 21 21 21 20 20 20 20
29 28 28 29 30 30 30 29 29 28 27 26 26 26 26 26 27 27 27 27 26 26 26 25 25 25 25 25 24 24 22 22 21 21 21 22 22 23 23 24 24 24 24 24 24 23 24 23 23 23 23 23 23 23 23 23 22 23 23 23 23 23 23 23 23 22 22 21 20 20 19 19 18 19 19 20 20 20 20 20 20 21 21 21 21 21 21 21 21 21 21 21 20 20 20 20
27 27 27 27 28 28 28 28 28 27 27 26 26 26 26 27 27 28 27 27 27 27 26 25 25 25 25 24 24 23 21 21 21 21 21 22 22 23 24 24 24 24 24 24 23 23 23 23 23 23 23 23 23 23 23 23 23 23 23 23 23 24 24 23 22 22 22 21 21 20 19 18 18 19 19 20 20 21 21 20 20 21 21 21 21 20 20 20 21 20 20 20 20 20 20 20
25 25 26 26 27 27 27 27 27 26 26 26 26 26 27 27 28 28 28 28 28 28 27 26 25 25 24 24 23 22 21 21 21 21 21 22 23 23 24 24 24 24 24 23 23 23 23 23 24 23 23 23 23 23 23 23 23 23 23 24 23 23 24 23 23 23 22 22 21 20 19 19 19 19 20 21 21 22 21 21 21 20 21 20 20 20 20 20 20 20 20 20 20 20 20 20
24 24 24 25 25 25 26 26 26 25 25 25 26 26 26 27 27 28 29 29 29 29 28 27 26 25 24 24 23 22 22 21 21 22 22 22 23 23 24 24 24 24 24 23 23 23 23 23 24 24 24 24 24 24 24 23 24 24 24 24 24 24 24 24 24 23 23 22 21 20 20 20 20 20 21 21 22 22 22 22 21 21 21 21 20 20 20 20 20 20 20 19 19 19 19 19
24 23 23 24 24 24 25 25 25 25 25 25 25 26 26 27 28 28 29 29 30 30 28 27 26 25 24 24 23 22 22 21 22 22 22 23 23 23 23 24 24 24 24 23 23 23 23 23 24 24 24 24 24 24 24 24 24 24 24 24 24 24 24 24 24 23 23 22 21 21 20 20 20 21 21 22 22 23 22 22 21 21 21 20 20 20 20 20 20 20 20 19 19 19 19 19
23 24 24 23 23 24 24 24 24 24 25 25 25 26 26 27 28 28 29 29 29 29 28 26 25 24 24 23 23 22 22 22 22 22 22 23 23 24 24 24 24 24 23 23 23 23 23 24 24 25 25 25 25 24 24 24 24 24 24 24 24 24 24 24 24 23 23 22 21 21 21 20 21 21 22 23 23 24 23 22 21 21 21 21 20 20 20 20 20 20 19 19 19 19 19 19
24 24 24 24 24 24 24 24 24 24 25 25 26 26 27 27 28 28 28 28 28 27 26 26 25 24 24 23 22 22 22 22 22 22 23 23 24 24 24 24 24 24 24 23 23 23 23 24 25 25 25 25 25 25 25 25 24 24 24 24 24 25 25 24 24 24 23 22 22 21 21 21 21 22 22 23 24 24 23 22 22 21 21 21 20 20 20 20 20 20 19 19 19 19 19 19
24 25 25 25 24 24 24 24 25 25 25 26 26 26 27 27 28 28 28 28 27 26 25 25 24 24 23 23 23 23 23 23 23 23 23 24 24 25 25 25 25 25 24 24 24 24 24 25 26 26 26 26 26 25 25 25 25 25 25 25 24 25 25 24 24 23 23 22 22 21 21 21 22 22 22 23 23 23 22 22 21 21 20 20 20 20 20 20 20 19 19 19 19 18 18 18
25 25 25 25 25 25 25 25 26 26 26 26 26 27 27 27 27 27 27 26 26 26 25 24 24 24 23 23 23 23 23 23 23 24 24 25 25 25 25 26 25 25 25 25 25 25 25 26 27 27 27 26 26 26 26 26 25 25 25 25 25 25 24 24 24 23 23 22 22 21 21 21 21 22 22 22 22 22 22 21 21 20 20 20 20 20 19 19 19 19 18 18 18 18 18 18
26 26 26 26 26 26 26 26 26 26 27 27 27 27 27 27 27 27 26 26 25 25 25 24 24 24 23 23 23 23 23 23 24 24 25 25 26 26 26 26 26 26 25 26 26 26 26 27 27 27 27 27 26 26 26 26 25 25 25 25 25 25 25 25 24 24 23 22 22 22 22 21 21 21 21 22 22 21 21 21 20 20 20 19 19 19 19 19 19 18 18 18 18 18 18 18
26 27 27 26 27 27 27 27 28 28 28 28 27 28 27 28 27 27 26 26 25 25 25 24 24 24 24 24 24 24 23 23 24 24 25 26 27 27 27 27 27 27 26 26 26 26 26 27 28 28 27 27 27 27 27 26 26 25 25 25 25 25 25 25 24 24 23 23 22 22 21 21 21 21 21 21 21 21 20 20 20 19 19 19 19 18 18 18 18 18 17 17 17 18 18 17
27 27 28 28 28 28 28 28 28 28 29 29 28 29 28 28 27 27 26 25 25 26 25 25 25 25 24 24 24 24 24 24 24 25 26 27 27 27 27 27 28 28 28 27 27 27 28 27 28 28 27 27 27 27 27 27 26 26 26 26 26 25 25 25 25 24 24 23 22 22 21 20 20 20 20 20 20 20 20 19 19 19 18 18 18 18 18 18 17 17 17 17 17 17 17 17
29 29 29 29 29 29 29 29 29 29 30 30 30 29 29 28 28 27 27 26 26 26 26 26 26 25 25 25 25 25 25 25 25 26 27 28 28 28 28 29 28 28 28 28 28 28 28 28 28 28 27 27 27 27 27 27 26 26 26 26 26 26 26 25 25 24 24 23 22 21 20 20 20 20 20 20 19 19 19 19 19 19 18 18 18 18 18 17 17 17 16 17 16 16 17 17
29 29 30 30 30 30 30 30 30 30 31 31 31 30 30 30 29 29 28 27 27 27 27 27 27 26 26 26 26 26 26 26 26 26 28 28 29 29 30 29 29 29 29 29 29 28 28 28 28 28 28 28 28 27 27 27 27 26 26 26 26 26 26 26 26 25 24 23 22 21 20 20 20 20 20 20 20 19 19 19 18 18 18 18 18 18 17 17 17 17 16 16 17 16 17 17
30 30 30 31 31 32 31 31 31 31 32 32 32 31 31 31 30 30 29 29 28 28 28 28 27 27 27 27 27 27 27 27 27 28 28 29 30 30 30 30 30 30 30 29 29 29 29 29 29 29 29 29 28 28 28 27 27 27 27 27 27 27 27 26 26 26 25 24 23 22 21 21 20 20 20 20 20 19 19 19 19 19 18 18 18 18 18 17 17 17 16 16 16 17 17 17
30 30 31 31 32 32 32 32 32 32 33 33 33 33 32 32 31 31 31 30 30 30 30 29 28 28 28 28 28 28 28 29 29 29 30 31 31 31 31 32 31 31 31 31 30 30 30 30 30 30 30 30 29 29 28 28 28 28 28 28 28 28 28 27 27 27 26 24 23 22 21 21 21 21 21 20 20 20 19 19 19 18 18 18 18 18 18 17 17 17 17 17 17 17 17 17
31 31 32 32 32 33 33 33 33 33 33 34 34 34 34 34 33 33 32 32 32 31 31 30 30 30 30 29 29 30 30 30 30 31 32 32 33 33 33 33 33 33 33 32 32 32 31 31 31 31 31 31 31 30 30 29 29 29 28 29 28 28 28 28 28 28 26 25 24 23 22 22 22 22 21 21 20 20 20 19 19 19 19 19 19 19 18 18 18 18 17 17 17 17 17 17
32 32 32 33 33 33 34 34 34 35 35 35 35 36 35 34 34 34 33 33 33 33 32 31 31 31 30 30 30 30 31 31 31 32 33 34 34 34 34 34 34 33 33 33 33 33 32 32 32 32 32 31 31 30 30 30 30 30 30 29 29 29 29 28 28 28 27 26 25 24 24 23 23 23 22 22 21 21 20 20 19 19 19 19 19 19 19 19 19 18 18 18 18 18 17 17
33 33 33 34 34 34 34 35 35 36 36 36 36 36 36 35 35 34 34 34 34 34 32 32 31 31 31 31 31 31 31 32 32 33 33 34 35 35 35 35 35 35 34 34 33 33 33 33 33 33 32 32 32 32 31 31 31 31 30 30 30 30 30 29 29 29 28 27 26 25 25 24 24 24 23 23 22 22 21 20 20 20 20 20 20 20 19 19 19 19 18 18 18 18 18 18
34 34 34 34 35 35 35 36 36 37 37 37 37 37 36 36 35 34 34 34 34 34 33 33 32 32 31 31 32 32 32 32 33 34 34 34 35 35 35 35 35 35 35 34 34 34 34 33 33 33 33 32 32 32 32 31 31 31 30 30 30 30 29 29 29 29 28 28 27 26 26 26 25 24 24 23 22 22 21 20 20 20 20 20 20 20 20 20 19 19 19 19 19 19 18 18
34 35 35 35 35 35 36 36 37 37 38 38 37 37 36 36 35 35 35 34 34 33 33 33 33 33 32 32 32 32 33 33 33 34 34 35 34 35 35 36 36 36 35 35 35 34 34 34 34 33 33 33 32 32 31 32 31 31 30 30 30 29 28 28 28 28 28 28 28 27 26 26 26 25 24 23 23 22 21 21 20 20 20 20 20 20 20 20 19 19 19 19 19 19 19 18
35 35 35 36 36 36 36 37 37 38 38 38 38 38 37 37 36 36 36 35 35 34 34 34 34 34 33 33 33 33 33 34 33 34 34 35 35 35 36 36 36 36 36 36 35 35 35 34 34 34 33 33 32 32 31 31 30 30 30 29 29 28 27 27 27 27 28 28 28 27 27 26 26 25 24 23 23 22 21 20 20 20 20 20 20 20 20 19 20 19 19 19 19 19 19 18
35 35 35 36 36 36 37 37 38 38 38 38 38 38 37 37 37 37 36 36 36 35 35 35 35 34 34 34 34 33 33 34 34 34 35 35 35 35 36 36 36 36 36 36 36 35 35 35 35 34 34 33 32 31 31 30 29 29 29 28 27 27 27 26 26 27 27 28 28 27 26 26 25 25 24 23 22 21 21 20 20 19 20 20 19 20 19 19 19 19 19 19 19 19 19 18
35 36 36 36 36 37 37 37 38 39 39 39 38 38 38 38 38 38 37 37 37 36 36 35 35 34 34 34 34 34 34 34 34 34 35 35 36 36 36 36 36 36 36 36 36 36 36 35 35 34 34 34 33 32 31 30 29 29 28 27 27 26 26 26 26 27 27 28 27 27 26 26 26 24 24 23 22 21 20 20 20 19 19 19 19 19 19 19 19 19 19 19 19 19 19 19
36 36 36 37 37 37 37 37 38 39 39 39 39 39 39 38 38 39 39 38 38 37 36 36 35 35 35 34 34 34 34 34 34 34 35 35 36 36 36 36 36 37 37 37 36 36 36 36 36 36 35 35 33 33 32 30 29 29 28 27 26 26 25 26 26 27 27 27 27 27 27 26 26 25 24 23 22 21 20 20 19 19 19 19 19 19 19 19 19 19 19 18 18 18 18 18
36 37 37 37 38 37 37 37 38 39 40 40 39 39 39 39 39 39 40 39 39 37 37 36 36 35 35 34 34 34 35 35 34 35 35 35 36 36 36 37 37 37 37 37 37 37 37 37 37 37 36 35 35 33 32 31 30 29 28 27 26 25 25 26 27 27 27 27 27 27 27 26 26 25 24 23 21 20 20 20 19 19 19 19 18 19 19 19 19 19 18 18 18 18 18 18
37 38 38 38 38 38 38 38 39 39 40 40 40 39 39 40 40 40 39 39 38 38 37 36 35 35 35 35 35 35 35 35 35 36 36 36 36 37 37 37 37 37 37 38 38 37 38 38 37 38 37 37 36 34 33 32 31 29 28 27 26 25 25 25 26 26 27 27 27 27 27 26 26 25 23 22 21 20 19 19 19 19 19 18 18 18 18 18 18 18 18 18 18 18 17 18
38 39 39 39 39 39 39 39 39 40 40 40 40 40 40 40 40 40 40 39 38 37 36 36 36 35 35 35 36 36 36 36 36 36 36 37 37 37 37 38 38 38 38 38 38 38 38 38 38 38 38 38 37 36 34 33 32 30 29 28 27 26 25 25 25 26 26 26 26 27 27 27 26 25 23 22 20 20 20 19 19 18 18 18 18 18 18 18 18 18 17 17 17 17 17 17
39 40 40 40 40 40 39 39 39 39 40 40 40 40 40 40 40 40 40 38 38 37 36 35 35 36 36 36 36 36 37 37 37 37 38 38 38 38 38 38 39 39 39 38 39 39 39 39 39 39 39 39 38 36 35 34 32 31 30 28 28 26 26 25 25 25 25 26 27 27 28 27 26 25 23 22 21 20 19 19 19 19 18 18 18 18 18 18 17 17 17 17 17 17 17 17
40 41 41 41 41 40 40 39 39 39 40 40 39 40 40 40 41 40 39 38 37 36 35 35 35 36 36 36 37 37 37 38 38 39 38 38 38 39 39 39 39 40 40 39 39 39 39 39 39 39 39 38 38 36 35 34 32 31 30 29 28 27 26 26 26 26 26 27 27 28 28 28 26 25 24 22 21 20 19 19 19 18 18 18 18 18 17 17 17 17 17 17 17 17 17 17
41 42 42 42 41 40 39 39 39 39 39 39 39 39 39 40 40 40 39 38 37 36 35 34 35 35 36 37 37 38 38 39 39 39 40 39 40 40 40 40 40 40 40 40 40 40 40 40 39 39 38 38 37 36 35 34 32 31 30 29 28 27 27 26 26 27 27 28 28 28 28 28 27 26 25 23 22 21 20 19 19 19 18 18 18 17 17 17 16 16 16 17 16 17 17 17
42 42 42 42 42 40 39 39 38 38 38 38 38 38 38 39 40 39 38 37 36 36 35 34 35 36 37 38 39 39 40 40 40 41 41 40 41 41 41 41 41 41 41 41 41 41 40 39 39 38 37 37 36 35 34 33 32 31 30 30 29 28 28 27 27 27 28 29 30 29 29 28 28 26 26 24 23 21 21 20 19 18 18 18 18 17 17 17 16 16 16 16 16 17 17 17
42 42 43 43 41 39 37 37 37 37 37 37 37 36 37 38 39 39 37 37 36 35 35 35 36 37 38 39 40 40 41 41 42 42 42 42 41 41 41 42 42 42 43 42 42 41 40 40 39 38 37 36 35 34 34 33 32 32 31 30 30 29 29 28 28 28 29 30 30 30 29 28 28 27 26 25 24 22 21 20 19 19 18 18 18 17 17 16 16 16 16 16 17 17 17 17
44 43 42 40 39 36 35 36 36 36 36 35 35 35 36 36 37 37 36 36 35 35 35 36 36 37 39 40 41 42 42 42 42 43 42 42 42 42 42 43 43 43 43 43 42 42 41 40 39 37 36 35 34 34 34 34 33 33 32 32 31 31 30 29 29 29 29 30 30 30 29 28 28 27 26 25 24 23 21 20 19 19 18 18 18 17 17 17 17 16 16 16 17 17 17 17
35 37 42 40 38 37 36 36 36 36 35 34 34 34 34 34 35 35 35 35 35 35 35 36 37 38 40 41 42 42 43 43 43 43 43 43 43 43 43 44 44 44 44 43 43 42 42 41 40 37 35 34 34 34 34 34 34 33 33 32 32 32 31 31 30 30 30 30 30 30 29 29 28 27 27 26 25 23 22 21 20 19 19 19 18 18 18 17 17 17 17 17 17 17 18 18
37 42 42 39 38 37 37 36 36 35 34 33 32 32 32 33 34 34 34 34 35 35 35 36 37 39 40 42 43 43 43 43 44 44 44 44 44 44 44 44 45 45 45 44 43 43 42 42 40 38 36 34 34 34 34 34 34 33 33 33 33 32 32 31 31 30 30 30 30 30 30 29 29 28 27 26 25 24 23 21 21 20 20 19 19 18 18 18 18 18 18 17 18 18 18 18
36 39 40 40 38 37 37 37 35 34 32 31 30 30 30 31 33 33 33 34 34 35 36 36 37 39 41 42 43 43 44 44 44 45 45 45 45 45 45 45 45 45 45 44 44 44 43 42 41 39 37 35 34 34 34 34 34 33 33 32 32 32 32 31 31 30 30 30 30 30 30 30 29 29 28 27 26 25 23 22 21 21 21 20 20 19 19 19 19 18 18 18 18 19 19 19
38 39 40 38 37 37 36 37 35 33 31 29 27 27 29 30 31 32 32 33 34 35 36 37 38 39 41 42 43 43 44 44 44 45 46 45 46 45 46 46 46 45 45 45 44 44 43 42 41 39 37 36 35 34 34 34 33 32 32 32 32 32 32 31 31 30 29 29 29 30 30 30 29 29 28 28 27 25 24 23 22 22 22 21 21 20 20 20 20 20 19 18 19 19 20 20
37 38 39 38 38 37 37 36 34 32 30 28 26 25 26 28 30 31 32 33 34 35 37 38 39 39 40 42 43 43 44 44 45 45 46 46 46 46 46 46 46 46 45 45 44 44 44 42 41 39 37 36 35 34 34 33 33 32 31 31 31 31 30 30 30 29 29 29 28 29 29 29 29 29 29 27 26 25 24 23 23 23 23 22 22 21 20 21 21 21 20 20 20 20 20 21
36 36 37 37 37 36 35 34 33 31 29 28 27 26 26 27 29 30 32 31 34 35 36 38 39 40 41 42 43 43 44 45 45 46 46 46 46 47 47 47 47 46 46 45 44 44 43 42 40 39 37 35 34 34 33 32 32 32 31 31 30 30 30 29 29 28 28 28 28 28 28 28 29 29 28 27 26 25 24 24 24 23 23 23 23 22 22 22 22 21 21 21 22 22 22 23
34 35 36 36 36 35 34 33 32 30 29 28 27 27 27 28 29 29 30 31 31 34 36 37 39 40 41 42 43 44 45 46 46 47 47 46 46 48 48 47 47 47 46 45 44 44 42 41 40 38 36 35 34 33 32 32 32 31 31 30 30 29 28 28 28 28 28 27 27 27 27 27 27 27 27 27 26 25 25 24 24 24 23 24 23 23 22 22 23 22 22 23 24 24 25 24
34 35 36 36 35 34 33 32 30 30 29 28 28 28 28 29 29 30 31 31 31 31 33 36 39 40 41 42 43 44 45 46 47 48 49 49 49 49 49 49 48 47 46 45 44 43 42 40 39 37 35 34 33 32 32 31 31 31 30 30 29 29 28 28 27 27 27 27 27 26 27 26 26 26 26 26 25 25 24 24 24 24 24 24 23 23 23 23 23 24 24 25 26 26 26 25
34 34 34 35 34 33 32 31 30 30 29 29 29 29 30 30 30 31 31 30 31 34 35 34 37 40 41 42 43 44 45 46 48 49 51 52 51 50 50 50 49 48 46 44 43 42 41 39 38 36 35 34 33 31 30 31 30 30 30 29 29 28 27 27 26 26 26 27 26 26 26 26 26 26 25 25 25 25 24 24 24 24 23 23 23 23 23 23 24 24 25 27 28 27 27 27
32 33 33 33 33 33 32 31 31 30 30 30 30 30 30 31 31 32 32 31 32 34 37 37 37 38 40 42 43 44 45 46 48 49 50 54 52 52 51 51 50 49 46 44 42 41 40 38 37 36 34 33 31 31 30 30 30 30 29 29 28 27 27 26 26 26 26 26 26 26 25 25 25 25 25 25 25 24 24 23 23 23 23 23 23 23 23 23 24 25 26 27 28 28 27 27
32 33 33 33 33 33 32 31 31 31 30 31 30 31 31 31 32 32 33 32 30 31 34 37 39 40 41 42 43 44 45 47 48 50 50 52 52 52 52 52 51 49 47 44 42 40 39 37 36 34 33 31 31 30 29 29 29 29 29 28 28 27 26 26 25 25 25 25 25 25 25 25 24 24 24 24 24 24 23 23 23 23 23 23 22 22 23 23 24 25 26 27 27 28 28 28
