resultados/variables_proyeccion_tiempo/variables_futuro_csiro_A1B/bio17.asc
ncols 330
nrows 228
xllcorner -12.000000
yllcorner 34.000000
cellsize 0.166667
NODATA_value -9999
[rows 164 to 204 of 228, columns 0 to 92 of 330]
-9999 -9999 -9999 -9999 -9999 -9999 -9999 -9999 -9999 -9999 -9999 -9999 -9999 -9999 -9999 -9999 -9999 -9999 -9999 -9999 -9999 -9999 -9999 -9999 -9999 -9999 -9999 -9999 -9999 -9999 -9999 -9999 -9999 -9999 -9999 -9999 -9999 -9999 -9999 -9999 -9999 -9999 -9999 -9999 -9999 -9999 -9999 -9999 -9999 -9999 -9999 -9999 -9999 -9999 -9999 -9999 -9999 -9999 -9999 -9999 -9999 -9999 -9999 -9999 157 150 144 141 137 133 132 131 130 130 129 129 130 136 138 140 141 142 137 132 125 127 126 126 135 153 169 149 146
-9999 -9999 -9999 -9999 -9999 -9999 -9999 -9999 -9999 -9999 -9999 -9999 -9999 -9999 -9999 -9999 -9999 -9999 -9999 -9999 -9999 -9999 -9999 -9999 -9999 -9999 -9999 -9999 -9999 -9999 -9999 -9999 -9999 -9999 -9999 -9999 -9999 -9999 -9999 -9999 -9999 -9999 -9999 -9999 -9999 -9999 -9999 -9999 -9999 -9999 -9999 -9999 -9999 -9999 -9999 -9999 -9999 -9999 -9999 -9999 -9999 -9999 -9999 -9999 158 154 148 143 140 137 137 136 132 127 126 126 126 128 133 134 135 131 134 131 131 134 129 128 128 126 132 134 133
-9999 -9999 -9999 -9999 -9999 -9999 -9999 -9999 -9999 -9999 -9999 -9999 -9999 -9999 -9999 -9999 -9999 -9999 -9999 -9999 -9999 -9999 -9999 -9999 -9999 -9999 -9999 -9999 -9999 -9999 -9999 -9999 -9999 -9999 -9999 -9999 -9999 -9999 -9999 -9999 -9999 -9999 -9999 -9999 -9999 -9999 -9999 -9999 -9999 -9999 -9999 -9999 -9999 -9999 -9999 -9999 -9999 -9999 -9999 -9999 -9999 -9999 -9999 -9999 161 157 153 147 144 142 140 138 134 129 125 122 123 126 127 126 127 127 132 128 130 135 135 132 139 143 130 132 140
-9999 -9999 -9999 -9999 -9999 -9999 -9999 -9999 -9999 -9999 -9999 -9999 -9999 -9999 -9999 -9999 -9999 -9999 -9999 -9999 -9999 -9999 -9999 -9999 -9999 -9999 -9999 -9999 -9999 -9999 -9999 -9999 -9999 -9999 -9999 -9999 -9999 -9999 -9999 -9999 -9999 -9999 -9999 -9999 -9999 -9999 -9999 -9999 -9999 -9999 -9999 -9999 -9999 -9999 -9999 -9999 -9999 -9999 -9999 -9999 -9999 -9999 -9999 -9999 166 161 156 150 146 142 140 139 134 128 125 121 118 119 118 117 117 119 127 120 121 121 121 125 126 119 119 125 139
-9999 -9999 -9999 -9999 -9999 -9999 -9999 -9999 -9999 -9999 -9999 -9999 -9999 -9999 -9999 -9999 -9999 -9999 -9999 -9999 -9999 -9999 -9999 -9999 -9999 -9999 -9999 -9999 -9999 -9999 -9999 -9999 -9999 -9999 -9999 -9999 -9999 -9999 -9999 -9999 -9999 -9999 -9999 -9999 -9999 -9999 -9999 -9999 -9999 -9999 -9999 -9999 -9999 -9999 -9999 -9999 -9999 -9999 -9999 -9999 -9999 -9999 -9999 173 170 165 156 148 142 140 136 135 134 129 125 122 120 120 118 113 114 118 118 113 111 110 115 115 103 107 120 124 119
-9999 -9999 -9999 -9999 -9999 -9999 -9999 -9999 -9999 -9999 -9999 -9999 -9999 -9999 -9999 -9999 -9999 -9999 -9999 -9999 -9999 -9999 -9999 93 97 94 86 84 -9999 -9999 -9999 -9999 -9999 -9999 -9999 -9999 -9999 -9999 -9999 -9999 -9999 -9999 -9999 -9999 -9999 -9999 -9999 -9999 -9999 -9999 -9999 -9999 -9999 -9999 -9999 -9999 -9999 -9999 -9999 -9999 -9999 -9999 -9999 180 173 163 152 146 140 138 134 132 132 129 126 123 121 118 121 113 111 112 112 114 111 112 124 132 135 126 113 106 102
-9999 -9999 -9999 -9999 -9999 -9999 -9999 -9999 -9999 -9999 -9999 -9999 -9999 -9999 -9999 -9999 -9999 -9999 -9999 -9999 -9999 -9999 83 88 92 100 96 86 80 81 81 82 90 96 98 100 101 102 100 101 98 -9999 -9999 -9999 -9999 -9999 -9999 -9999 -9999 -9999 -9999 -9999 -9999 -9999 -9999 -9999 -9999 -9999 -9999 -9999 -9999 -9999 195 187 174 162 152 144 140 137 134 131 129 131 128 126 124 120 118 115 110 113 116 114 104 102 121 139 140 126 98 89 80
-9999 -9999 -9999 -9999 -9999 -9999 -9999 -9999 -9999 -9999 -9999 -9999 -9999 -9999 -9999 -9999 -9999 -9999 -9999 -9999 -9999 77 80 92 93 95 99 89 81 78 90 86 95 98 96 95 101 100 106 98 97 92 98 107 96 98 108 110 118 122 128 128 130 136 139 150 155 148 -9999 -9999 203 186 194 188 173 159 149 141 135 133 135 135 129 132 129 129 126 124 125 117 116 116 116 112 125 143 132 122 105 87 75 75 74
-9999 -9999 -9999 -9999 -9999 -9999 -9999 -9999 -9999 -9999 -9999 -9999 -9999 -9999 -9999 -9999 -9999 77 80 82 86 84 77 85 89 80 76 77 77 85 77 91 87 85 93 100 100 95 99 102 107 109 128 124 110 108 110 111 114 123 129 127 132 131 134 141 155 161 169 176 185 191 190 184 171 156 145 138 132 127 127 135 132 133 137 136 132 131 125 124 123 119 118 113 95 87 79 73 70 69 70 71 72
-9999 -9999 -9999 -9999 -9999 -9999 -9999 -9999 -9999 -9999 -9999 -9999 -9999 -9999 -9999 -9999 75 80 86 91 94 88 86 87 83 74 68 70 76 78 69 84 84 104 104 116 101 104 112 119 116 119 129 127 111 130 123 115 117 122 130 128 124 127 132 145 147 151 160 168 177 178 177 178 172 172 152 152 154 149 145 138 148 147 152 142 138 134 138 138 132 129 125 122 109 96 110 92 78 71 68 -9999 -9999
-9999 -9999 -9999 -9999 -9999 -9999 -9999 -9999 -9999 -9999 -9999 -9999 -9999 -9999 -9999 -9999 68 83 83 82 80 82 79 76 76 72 63 59 69 64 71 87 87 98 103 110 103 105 104 109 103 106 111 127 120 118 115 112 112 110 112 114 121 125 130 130 134 145 150 157 162 157 159 165 165 167 174 197 176 199 213 181 222 209 189 181 188 191 177 167 183 159 166 148 142 117 139 119 94 77 64 -9999 -9999
-9999 -9999 -9999 -9999 -9999 -9999 -9999 -9999 -9999 -9999 -9999 -9999 -9999 -9999 -9999 -9999 -9999 67 71 73 71 71 74 74 75 65 63 56 71 71 78 65 55 74 86 83 79 80 78 81 83 88 91 95 95 97 99 103 104 104 109 104 111 110 110 116 125 129 135 137 140 137 140 139 141 145 149 163 192 217 223 238 238 226 226 212 209 241 235 221 224 206 199 204 189 172 143 103 79 63 63 -9999 -9999
-9999 -9999 -9999 -9999 -9999 -9999 -9999 -9999 -9999 -9999 -9999 -9999 -9999 -9999 -9999 -9999 -9999 60 67 64 72 82 83 77 77 59 51 45 60 69 50 31 32 50 62 61 62 64 63 66 70 74 79 80 81 83 87 91 96 97 95 94 96 98 93 100 107 105 103 105 109 115 125 123 122 127 123 124 134 150 166 179 180 204 221 234 237 248 227 219 251 236 238 242 220 199 166 146 94 73 73 -9999 -9999
-9999 -9999 -9999 -9999 -9999 -9999 -9999 -9999 -9999 -9999 -9999 -9999 -9999 -9999 -9999 -9999 -9999 -9999 56 66 69 82 77 61 54 56 52 50 41 41 38 44 65 78 58 53 53 55 57 60 64 65 68 68 68 70 74 78 83 84 87 91 92 94 90 82 87 78 79 85 92 97 100 102 111 118 123 114 119 118 140 147 132 149 174 198 199 216 206 215 181 216 212 192 227 232 208 172 138 113 92 66 -9999
-9999 -9999 -9999 -9999 -9999 -9999 -9999 -9999 -9999 -9999 -9999 -9999 -9999 -9999 -9999 -9999 -9999 -9999 58 64 67 71 74 53 51 52 61 70 66 43 68 82 69 67 58 49 49 51 53 57 58 58 58 57 57 59 64 70 73 75 82 93 111 115 110 101 105 106 99 82 80 81 86 87 88 92 97 89 92 103 123 128 124 131 142 165 172 164 184 177 156 204 195 184 169 168 162 159 130 92 74 81 -9999
-9999 -9999 -9999 -9999 -9999 -9999 -9999 -9999 -9999 -9999 -9999 -9999 -9999 -9999 -9999 -9999 -9999 -9999 72 61 52 57 67 74 65 55 52 59 55 50 71 65 44 48 44 44 45 45 47 50 51 52 50 48 47 53 56 62 65 70 77 80 88 105 112 120 123 116 110 96 80 73 73 77 74 75 78 72 70 66 72 82 92 109 137 141 150 137 142 128 139 142 145 112 123 140 165 163 130 96 77 73 -9999
-9999 -9999 -9999 -9999 -9999 -9999 -9999 -9999 -9999 -9999 -9999 -9999 -9999 -9999 -9999 -9999 -9999 -9999 52 50 62 56 70 62 70 68 50 36 42 42 43 42 38 42 44 42 39 39 40 42 44 46 46 46 45 47 53 58 62 66 71 79 80 88 100 101 101 102 107 95 85 74 69 63 62 69 74 64 67 63 66 74 78 88 106 112 120 116 104 102 113 110 102 98 114 127 157 157 113 109 83 72 -9999
-9999 -9999 -9999 -9999 -9999 -9999 -9999 -9999 -9999 -9999 -9999 -9999 -9999 -9999 -9999 -9999 -9999 -9999 43 50 46 46 57 62 64 60 44 37 38 34 44 35 34 39 39 39 36 35 35 38 40 44 45 45 44 47 52 55 56 59 63 68 73 79 85 89 91 89 92 94 106 103 75 62 56 54 57 60 69 71 65 67 69 76 79 84 83 87 94 102 110 114 102 99 120 137 151 123 102 103 79 -9999 -9999
-9999 -9999 -9999 -9999 -9999 -9999 -9999 -9999 -9999 -9999 -9999 -9999 -9999 -9999 -9999 -9999 -9999 -9999 -9999 41 41 38 40 50 52 44 43 40 27 28 38 35 31 36 37 35 32 31 32 35 37 40 43 42 45 48 51 53 56 59 62 66 66 69 74 78 84 84 86 88 92 87 70 61 57 61 59 56 58 65 71 72 71 70 73 72 79 88 100 115 121 109 110 104 108 104 110 115 97 -9999 -9999 -9999 -9999
-9999 -9999 -9999 -9999 -9999 -9999 -9999 -9999 -9999 -9999 -9999 -9999 -9999 -9999 -9999 -9999 -9999 -9999 -9999 41 41 39 40 44 36 55 47 33 28 30 34 30 34 33 34 34 31 30 32 33 35 38 41 43 47 49 52 54 58 66 64 66 70 74 76 78 80 83 81 80 79 73 71 71 63 67 72 63 57 58 67 69 68 71 70 81 96 107 110 107 117 108 94 98 95 94 -9999 -9999 -9999 -9999 -9999 -9999 -9999
-9999 -9999 -9999 -9999 -9999 -9999 -9999 -9999 -9999 -9999 -9999 -9999 -9999 -9999 -9999 -9999 -9999 -9999 -9999 43 43 44 40 38 50 36 35 33 37 26 28 33 33 33 34 35 36 36 37 37 38 39 41 43 47 50 53 56 58 63 67 86 86 88 79 80 87 86 77 77 78 75 78 84 79 76 71 66 62 60 62 62 66 71 73 71 91 107 103 84 88 86 89 98 94 -9999 -9999 -9999 -9999 -9999 -9999 -9999 -9999
-9999 -9999 -9999 -9999 -9999 -9999 -9999 -9999 -9999 -9999 -9999 -9999 -9999 -9999 -9999 -9999 -9999 -9999 -9999 -9999 41 39 41 45 51 39 38 38 29 24 27 28 34 35 37 35 35 35 37 40 39 41 43 45 49 52 55 60 70 79 80 82 77 76 72 75 84 90 98 99 98 94 90 79 79 83 71 71 66 67 68 71 76 77 83 73 82 89 83 79 77 -9999 -9999 -9999 -9999 -9999 -9999 -9999 -9999 -9999 -9999 -9999 -9999
-9999 -9999 -9999 -9999 -9999 -9999 -9999 -9999 -9999 -9999 -9999 -9999 -9999 -9999 -9999 -9999 -9999 -9999 -9999 37 40 46 51 54 55 56 47 47 37 30 31 33 35 36 36 37 37 38 39 40 42 44 46 46 51 56 58 67 90 78 62 61 60 60 65 76 83 90 94 104 102 99 88 77 71 87 78 71 72 75 72 82 86 90 85 83 82 83 -9999 -9999 -9999 -9999 -9999 -9999 -9999 -9999 -9999 -9999 -9999 -9999 -9999 -9999 -9999
-9999 -9999 -9999 -9999 -9999 -9999 -9999 -9999 -9999 -9999 -9999 -9999 -9999 -9999 -9999 -9999 -9999 -9999 -9999 36 35 42 48 44 45 45 44 44 36 35 35 34 36 37 38 39 42 44 41 42 45 50 52 52 55 63 71 78 80 62 49 52 54 57 68 72 75 84 99 105 109 107 100 74 83 87 90 91 88 83 80 94 110 113 85 79 77 76 -9999 -9999 -9999 -9999 -9999 -9999 -9999 -9999 -9999 -9999 -9999 -9999 -9999 -9999 -9999
-9999 -9999 -9999 -9999 -9999 -9999 -9999 -9999 -9999 -9999 -9999 -9999 -9999 -9999 -9999 -9999 -9999 -9999 -9999 32 34 35 48 43 38 38 37 43 44 42 39 35 33 37 48 45 41 41 42 47 54 61 59 60 60 65 67 56 54 47 43 45 48 57 65 67 75 85 95 110 121 128 117 91 76 78 90 97 107 107 92 103 99 84 79 82 76 -9999 -9999 -9999 -9999 -9999 -9999 -9999 -9999 -9999 -9999 -9999 -9999 -9999 -9999 -9999 -9999
-9999 -9999 -9999 -9999 -9999 -9999 -9999 -9999 -9999 -9999 -9999 -9999 -9999 -9999 -9999 -9999 -9999 -9999 -9999 31 33 36 38 35 35 41 63 45 41 41 41 39 39 43 39 33 36 48 48 54 68 70 66 58 54 45 48 44 45 44 41 41 51 55 59 58 68 71 88 105 123 134 120 98 73 71 97 111 137 125 101 99 85 80 73 -9999 -9999 -9999 -9999 -9999 -9999 -9999 -9999 -9999 -9999 -9999 -9999 -9999 -9999 -9999 -9999 -9999 -9999
-9999 -9999 -9999 -9999 -9999 -9999 -9999 -9999 -9999 -9999 -9999 -9999 -9999 -9999 -9999 -9999 -9999 -9999 28 28 30 35 35 34 42 48 50 33 33 38 39 41 35 32 28 26 40 59 66 62 69 48 47 36 41 41 38 42 43 42 39 42 46 50 53 62 69 76 88 101 120 129 122 108 82 77 84 84 104 106 95 81 75 71 66 -9999 -9999 -9999 -9999 -9999 -9999 -9999 -9999 -9999 -9999 -9999 -9999 -9999 -9999 -9999 -9999 -9999 -9999
-9999 -9999 -9999 -9999 -9999 -9999 -9999 -9999 -9999 -9999 -9999 -9999 -9999 -9999 -9999 -9999 -9999 -9999 20 24 27 33 41 43 44 40 38 31 27 28 26 24 23 25 24 25 32 33 26 22 22 25 29 34 32 34 39 40 40 40 38 42 43 46 56 64 72 79 84 94 109 112 106 103 78 114 106 82 80 83 75 68 66 -9999 -9999 -9999 -9999 -9999 -9999 -9999 -9999 -9999 -9999 -9999 -9999 -9999 -9999 -9999 -9999 -9999 -9999 -9999 -9999
-9999 -9999 -9999 -9999 -9999 -9999 -9999 -9999 -9999 -9999 -9999 -9999 -9999 -9999 -9999 -9999 -9999 -9999 16 22 26 30 34 36 43 36 28 27 24 25 24 23 22 23 25 24 21 20 21 20 22 24 26 29 30 33 35 37 36 37 42 44 46 50 56 61 66 74 80 90 94 95 105 95 85 86 100 96 78 79 64 54 55 -9999 -9999 -9999 -9999 -9999 -9999 -9999 -9999 -9999 -9999 -9999 -9999 -9999 -9999 -9999 53 64 48 50 -9999
-9999 -9999 -9999 -9999 -9999 -9999 -9999 -9999 -9999 -9999 -9999 -9999 -9999 -9999 -9999 -9999 -9999 10 14 19 24 23 26 30 33 27 25 24 23 24 22 23 22 24 24 24 24 25 25 25 25 25 30 32 33 34 37 39 40 39 39 41 44 46 53 59 63 70 71 83 87 88 86 92 88 78 75 73 72 65 56 52 -9999 -9999 -9999 -9999 -9999 -9999 -9999 -9999 -9999 -9999 -9999 -9999 -9999 -9999 -9999 59 61 54 44 46 45
-9999 -9999 -9999 -9999 -9999 -9999 -9999 -9999 -9999 -9999 -9999 -9999 -9999 -9999 -9999 -9999 -9999 8 14 23 21 18 22 25 25 23 24 23 24 23 23 23 23 22 23 22 24 26 28 34 33 29 35 37 40 42 41 42 40 39 39 40 40 43 49 53 60 65 67 72 76 81 78 83 82 86 75 56 52 51 49 -9999 -9999 -9999 -9999 -9999 -9999 -9999 -9999 -9999 -9999 -9999 -9999 -9999 -9999 -9999 47 47 42 46 43 43 40
-9999 -9999 -9999 -9999 -9999 -9999 -9999 -9999 -9999 -9999 -9999 -9999 -9999 -9999 -9999 3 3 6 13 15 13 16 17 19 22 23 24 28 27 25 22 21 22 22 23 23 23 27 29 32 26 25 24 28 31 35 34 41 42 38 39 37 38 41 44 48 53 58 63 65 69 71 70 68 68 74 74 58 50 45 44 -9999 -9999 -9999 -9999 -9999 -9999 -9999 -9999 -9999 -9999 -9999 -9999 -9999 -9999 -9999 37 38 41 40 38 39 -9999
-9999 -9999 -9999 -9999 -9999 -9999 -9999 -9999 -9999 -9999 -9999 -9999 -9999 -9999 -9999 -9999 5 8 9 10 11 15 17 18 19 19 22 27 26 22 20 20 21 22 22 23 21 20 20 20 21 20 24 25 27 29 28 34 33 36 36 34 35 38 42 46 51 55 58 61 63 65 67 68 68 64 70 60 49 43 43 -9999 -9999 -9999 -9999 -9999 -9999 -9999 -9999 -9999 -9999 -9999 -9999 -9999 -9999 -9999 -9999 -9999 -9999 -9999 36 -9999 -9999
-9999 -9999 -9999 -9999 -9999 -9999 -9999 -9999 -9999 -9999 -9999 -9999 -9999 -9999 -9999 8 9 11 8 9 11 14 16 16 18 18 20 20 20 19 18 18 18 18 19 18 16 16 16 17 19 21 22 24 25 27 26 28 26 27 29 31 34 38 43 50 55 59 58 59 60 62 68 77 85 71 76 56 45 46 47 -9999 -9999 -9999 -9999 -9999 -9999 -9999 -9999 45 44 44 -9999 -9999 -9999 -9999 -9999 -9999 -9999 33 -9999 -9999 -9999
-9999 -9999 -9999 -9999 -9999 -9999 -9999 -9999 -9999 -9999 -9999 -9999 -9999 -9999 -9999 13 14 12 7 8 10 12 13 15 17 19 20 20 20 18 17 16 15 16 17 16 17 17 17 17 18 19 20 20 23 22 25 24 25 26 28 29 34 39 45 51 59 64 61 58 59 66 75 80 76 73 78 60 52 52 54 44 46 -9999 -9999 -9999 -9999 -9999 -9999 40 38 36 -9999 -9999 -9999 -9999 -9999 -9999 -9999 -9999 -9999 -9999 -9999
-9999 -9999 -9999 -9999 -9999 -9999 -9999 -9999 -9999 -9999 -9999 -9999 -9999 -9999 -9999 14 13 11 8 8 10 11 13 16 17 18 19 18 16 16 17 16 16 17 16 18 18 19 18 19 18 16 16 17 20 24 24 24 26 24 26 28 32 37 44 51 55 63 69 69 64 66 69 72 70 72 63 68 71 62 68 61 50 48 -9999 -9999 -9999 -9999 -9999 -9999 31 34 -9999 -9999 -9999 -9999 -9999 -9999 -9999 -9999 -9999 -9999 -9999
-9999 -9999 -9999 -9999 -9999 -9999 -9999 -9999 -9999 -9999 -9999 -9999 -9999 -9999 -9999 -9999 11 10 9 9 10 12 15 16 16 16 16 15 14 16 18 18 17 17 17 18 19 20 21 18 16 16 16 16 20 23 23 23 23 24 27 29 33 36 42 43 54 74 71 66 58 56 54 59 63 60 58 68 71 69 62 47 48 -9999 -9999 -9999 -9999 -9999 -9999 -9999 32 -9999 -9999 -9999 -9999 -9999 -9999 -9999 -9999 -9999 -9999 -9999 -9999
-9999 -9999 -9999 -9999 -9999 -9999 -9999 -9999 -9999 -9999 -9999 -9999 -9999 -9999 -9999 -9999 9 10 8 9 9 10 12 13 15 14 13 12 12 15 16 18 16 16 18 17 18 20 19 18 18 17 17 17 18 22 23 25 21 26 30 27 27 31 33 38 51 67 53 50 46 44 44 48 52 57 53 47 42 38 36 -9999 -9999 -9999 -9999 -9999 -9999 -9999 -9999 -9999 -9999 -9999 -9999 -9999 -9999 -9999 -9999 -9999 -9999 -9999 -9999 -9999 -9999
-9999 -9999 -9999 -9999 -9999 -9999 -9999 -9999 -9999 -9999 -9999 -9999 -9999 -9999 -9999 -9999 -9999 -9999 -9999 10 10 10 9 10 12 13 12 10 10 11 12 13 13 15 17 18 19 18 17 18 17 17 17 17 18 20 19 19 17 18 18 18 23 26 31 43 64 63 60 67 52 36 36 36 42 42 39 32 31 -9999 -9999 -9999 -9999 -9999 -9999 -9999 -9999 -9999 -9999 -9999 -9999 -9999 -9999 -9999 -9999 -9999 -9999 -9999 -9999 -9999 -9999 -9999 -9999
-9999 -9999 -9999 -9999 -9999 -9999 -9999 -9999 -9999 -9999 -9999 -9999 -9999 -9999 -9999 -9999 -9999 -9999 -9999 10 12 8 7 9 10 9 8 10 9 10 12 12 16 17 19 15 16 18 16 14 15 17 15 14 14 12 12 12 12 12 14 18 21 23 46 60 77 78 76 67 54 42 38 35 26 26 26 25 27 -9999 -9999 -9999 -9999 -9999 -9999 -9999 -9999 -9999 -9999 -9999 -9999 -9999 -9999 -9999 -9999 -9999 -9999 -9999 -9999 -9999 -9999 -9999 -9999
-9999 -9999 -9999 -9999 -9999 -9999 -9999 -9999 -9999 -9999 -9999 -9999 -9999 -9999 -9999 -9999 -9999 -9999 8 9 8 7 7 7 8 8 7 7 7 9 11 14 14 13 14 15 14 16 18 14 11 12 12 10 10 11 11 12 12 11 13 15 17 24 50 73 63 59 61 56 50 53 48 30 29 29 29 26 -9999 -9999 -9999 -9999 -9999 -9999 -9999 -9999 -9999 -9999 -9999 -9999 -9999 -9999 -9999 -9999 -9999 -9999 -9999 -9999 -9999 -9999 -9999 -9999 -9999
