resultados/variables_proyeccion_tiempo/variables_futuro_csiro_A1B/bio12.asc
ncols 330
nrows 228
xllcorner -12.000000
yllcorner 34.000000
cellsize 0.166667
NODATA_value -9999
[rows 120 to 159 of 228, columns 182 to 272 of 330]
541 538 540 546 554 564 570 572 573 576 571 566 573 573 566 554 548 542 550 559 566 573 576 575 575 574 574 579 578 572 566 562 576 591 599 607 614 620 625 630 632 633 633 633 632 633 635 640 645 649 654 655 656 654 654 655 656 657 657 656 653 657 658 659 661 662 658 653 652 651 648 643 639 636 629 623 622 623 621 619 618 615 616 618 620 620 624 622 619 616 614
538 541 545 554 563 573 583 596 593 590 584 580 579 579 571 564 556 552 550 560 569 572 577 575 574 572 572 573 568 562 554 554 567 580 591 602 612 619 624 627 629 629 630 630 632 634 639 644 649 654 657 660 661 661 663 664 664 664 662 660 660 659 658 659 660 660 656 653 651 650 647 642 638 635 635 633 628 621 619 617 614 616 617 618 622 622 625 630 624 618 622
550 553 552 563 570 580 592 598 593 594 593 590 584 578 580 573 568 565 563 558 562 567 572 571 569 572 568 564 562 557 549 548 562 575 587 598 610 618 624 628 629 626 627 628 632 634 640 647 654 658 664 665 669 670 669 669 670 667 668 667 668 666 664 663 660 658 657 654 652 648 646 645 641 637 638 634 630 624 617 615 616 619 618 618 618 618 618 621 621 622 627
557 562 564 565 575 588 598 601 599 600 606 601 604 602 589 587 583 579 578 574 573 570 577 577 576 576 572 564 562 555 549 553 563 576 592 603 612 619 623 627 628 625 626 628 631 633 641 648 654 662 668 671 674 675 676 677 680 676 676 683 679 675 672 668 664 661 659 655 651 647 642 641 638 632 632 630 628 621 616 614 614 614 612 615 617 618 618 620 622 625 625
572 575 574 579 583 591 604 607 611 614 615 620 625 641 626 607 599 591 582 580 573 575 587 589 589 582 579 570 565 565 561 563 571 585 598 607 618 624 627 628 626 624 625 626 626 629 636 644 654 665 671 678 682 681 683 683 683 681 679 681 678 676 671 665 658 654 650 649 646 644 644 639 635 629 631 627 622 621 618 614 614 615 614 614 620 621 623 625 625 626 626
594 597 596 595 599 604 613 627 629 633 639 643 649 657 660 639 622 608 600 590 581 586 590 597 594 595 594 582 577 580 581 578 584 593 604 616 625 629 631 629 625 622 620 618 621 625 633 641 654 666 674 682 687 688 687 685 685 682 680 677 676 672 665 662 658 656 654 650 645 643 640 638 634 630 630 624 623 620 616 615 612 613 613 614 619 622 626 629 630 631 632
624 619 619 619 613 621 622 633 638 644 653 658 667 667 672 669 650 632 611 598 592 594 599 608 610 606 606 602 594 593 595 605 602 609 616 627 633 638 637 632 628 623 618 617 619 622 627 637 651 667 677 684 692 695 694 690 683 682 680 676 673 668 664 661 658 656 651 648 645 641 640 642 636 633 631 626 621 616 614 611 607 607 608 612 618 624 629 631 632 632 634
642 642 642 645 635 647 655 652 656 667 669 668 667 669 666 671 670 657 634 611 597 587 598 605 614 618 614 604 602 604 608 613 614 620 628 638 638 641 644 640 632 622 618 614 613 614 618 631 647 664 680 688 695 694 694 691 686 682 677 673 666 662 657 654 649 647 644 640 641 642 641 639 635 635 629 626 616 608 606 601 599 598 601 606 616 619 627 629 631 632 628
653 656 659 664 664 669 695 696 689 689 690 682 671 673 673 663 655 645 628 604 592 592 595 602 604 611 610 617 627 628 630 627 629 641 640 640 646 647 645 640 633 624 612 611 612 606 616 628 650 661 682 695 698 698 693 687 683 678 672 668 659 653 649 648 644 641 638 640 640 638 642 636 641 632 631 622 608 598 593 588 583 582 586 594 603 611 614 622 627 625 622
672 677 685 685 688 693 714 735 743 721 714 704 694 675 676 668 651 638 623 610 608 608 606 604 607 610 615 613 623 642 648 644 645 651 655 652 653 653 646 640 628 620 618 612 603 618 621 631 646 661 685 694 703 702 694 687 676 673 664 658 651 645 641 636 632 629 632 636 637 638 639 637 642 630 627 614 599 588 578 572 567 568 575 584 592 602 615 620 619 615 609
688 700 701 713 709 710 732 767 781 742 713 704 696 689 674 669 664 654 643 639 633 630 629 625 617 615 625 629 629 644 666 662 661 663 664 662 660 657 647 638 628 622 617 610 605 618 626 633 644 661 682 699 712 706 696 684 674 668 659 648 640 632 629 628 625 625 627 630 632 633 634 635 634 622 613 605 592 579 565 557 550 554 564 574 583 593 606 615 616 605 594
716 731 743 744 736 731 738 742 728 711 702 697 695 690 691 692 699 685 671 669 659 651 645 638 632 629 629 635 643 655 672 697 692 689 687 680 670 662 652 643 636 628 624 616 620 626 624 637 654 668 681 702 716 707 693 682 671 664 652 643 634 630 626 623 624 623 622 625 626 627 629 629 622 618 609 597 582 572 560 551 548 552 561 569 577 586 600 614 607 596 587
725 751 770 778 784 782 772 765 737 748 743 722 737 728 723 730 739 726 711 715 698 688 681 685 671 660 650 646 655 666 681 703 719 728 709 695 683 670 661 663 659 652 642 629 628 624 627 637 650 668 683 695 701 697 687 676 662 657 647 642 632 628 626 621 621 619 618 620 622 621 620 619 616 611 607 598 587 576 566 555 551 554 562 569 575 580 590 598 594 589 572
773 800 852 927 946 909 941 854 862 873 852 832 813 767 774 770 761 740 718 714 718 716 715 701 692 694 680 667 676 686 699 711 724 737 738 716 704 695 691 679 671 659 643 638 634 636 640 646 657 667 678 685 687 685 680 669 662 653 645 638 636 631 628 625 621 619 619 621 617 613 613 609 606 601 594 587 578 573 567 555 553 556 563 567 573 576 578 580 581 571 558
880 998 950 1024 1018 1072 1064 1072 979 921 971 945 840 769 800 816 823 823 791 764 751 735 720 722 745 749 713 700 706 708 714 721 726 731 744 729 720 704 699 684 675 663 646 636 633 643 641 647 657 668 675 681 684 681 677 667 656 646 637 629 629 629 629 626 622 619 620 622 618 613 614 612 610 601 592 586 580 573 560 550 549 552 556 560 567 569 565 566 564 558 552
990 980 963 1027 1067 1106 1039 976 978 972 920 868 818 899 858 896 867 848 801 800 806 823 789 765 755 779 782 774 754 746 735 730 732 728 726 716 711 706 699 690 684 670 651 642 637 642 649 649 660 668 674 672 675 674 665 660 652 645 636 626 619 620 619 624 627 625 625 620 619 620 621 614 611 609 598 585 572 566 558 549 549 551 548 548 553 557 554 554 553 550 545
916 884 900 984 1111 1046 1006 1085 1257 1281 1290 1126 825 853 856 844 862 786 752 734 764 784 822 857 828 823 822 811 830 818 806 767 747 742 731 720 712 697 689 692 685 678 661 653 647 648 649 657 660 665 671 668 670 666 663 660 652 642 630 625 618 618 618 619 620 625 625 622 624 623 622 616 611 606 594 580 577 564 553 551 540 539 547 545 543 543 542 542 542 540 534
827 898 1016 930 984 1019 976 951 1023 1025 1113 813 723 826 814 809 763 746 739 720 728 750 773 825 862 873 893 860 848 889 845 809 790 763 759 737 716 707 688 684 686 682 670 665 657 651 650 654 666 662 667 664 656 660 658 651 646 636 628 618 614 614 618 619 614 614 618 623 624 622 619 618 608 601 586 572 562 558 548 539 536 532 541 544 545 540 536 538 534 529 522
901 928 893 922 1087 1064 1113 1172 1048 1011 1057 888 762 719 755 763 754 699 808 720 704 731 801 816 780 819 857 898 875 888 866 884 856 806 776 754 748 722 694 690 680 674 675 670 657 657 655 651 652 654 662 657 647 650 648 642 640 636 625 621 615 610 609 606 606 614 608 612 618 620 619 616 602 586 571 558 550 544 540 533 528 526 531 527 533 539 538 534 533 526 522
796 776 882 974 907 842 924 872 877 875 770 784 699 761 760 761 745 677 695 749 688 704 723 771 815 799 837 857 847 880 873 899 904 907 847 799 758 728 707 691 683 671 669 662 662 655 652 646 644 640 651 648 639 636 632 633 628 624 617 610 612 610 601 598 588 592 597 603 604 607 609 602 586 573 554 540 534 526 520 517 513 512 512 512 520 528 525 521 517 522 519
733 850 790 804 764 763 828 866 790 714 647 611 624 645 654 633 630 637 711 677 676 695 716 738 758 785 812 804 819 885 859 879 921 956 925 864 821 762 732 705 687 673 664 658 655 650 639 639 633 625 625 630 623 620 615 617 613 608 599 597 597 594 595 589 581 578 578 581 586 586 587 579 564 550 532 527 521 514 512 506 504 499 490 485 498 505 509 506 502 502 506
702 765 764 799 759 833 770 675 621 612 599 576 588 589 588 604 616 651 698 668 673 683 699 713 716 716 725 768 817 780 857 852 911 925 920 902 897 819 784 727 693 667 649 645 639 646 648 634 620 612 610 616 618 615 609 598 594 589 578 575 575 574 573 574 568 567 562 561 558 559 559 550 541 526 511 504 499 497 494 489 487 484 478 470 474 484 490 495 493 490 491
638 645 662 676 689 702 636 610 604 609 578 563 573 572 566 583 600 642 643 638 652 667 680 691 694 695 700 707 721 769 764 819 847 855 918 903 850 869 860 790 729 695 672 655 648 632 616 604 599 597 593 593 599 598 591 583 576 576 560 550 548 547 553 557 557 549 545 548 542 537 532 525 516 507 496 483 484 481 478 479 475 475 467 464 462 470 479 481 481 480 475
614 606 615 621 628 605 600 594 596 603 579 584 641 642 570 565 583 597 618 631 640 651 663 670 671 672 674 682 707 767 759 775 785 795 831 834 878 925 834 786 768 757 705 655 640 631 622 602 592 583 579 580 576 578 575 566 558 551 549 550 532 524 531 543 543 543 537 530 527 522 514 508 500 485 474 470 470 468 473 470 470 468 459 454 453 459 465 465 464 468 465
591 591 596 676 625 611 596 601 599 629 585 556 567 564 553 555 569 586 604 619 630 641 651 654 650 651 651 657 681 723 775 835 815 769 785 832 882 889 880 838 801 771 739 681 636 614 607 593 576 567 567 563 564 558 562 551 542 539 535 533 537 537 527 525 525 529 531 524 516 513 505 497 487 477 467 462 455 460 459 454 455 455 453 448 443 445 450 455 452 452 453
579 582 596 628 592 583 579 556 554 546 535 532 532 534 540 549 561 574 590 608 620 632 640 639 636 637 637 641 666 707 783 817 837 798 774 755 782 829 850 881 840 794 749 719 677 600 588 589 574 561 553 552 548 536 538 535 531 525 525 528 520 532 528 517 513 517 516 519 510 504 498 491 483 471 464 456 448 444 448 446 444 445 441 440 436 439 440 442 444 444 446
590 592 593 617 571 577 569 545 533 527 523 523 524 530 537 547 556 566 581 595 606 619 624 626 627 627 630 651 687 704 725 759 774 788 798 806 785 878 870 882 821 786 742 685 664 621 584 568 566 559 559 534 531 524 516 517 518 518 511 509 500 500 511 514 505 504 506 512 503 497 488 478 471 465 458 454 448 438 439 443 437 440 435 436 430 433 433 433 435 434 437
593 576 577 580 558 546 552 543 530 524 520 522 525 530 537 545 554 562 572 581 594 608 613 622 632 644 645 654 664 676 719 731 743 739 742 766 748 798 769 768 794 759 762 728 671 640 589 564 562 552 561 532 515 506 507 507 508 513 516 512 509 496 492 499 494 491 498 499 491 490 479 474 466 454 456 448 443 439 435 436 434 437 433 426 428 427 425 424 426 425 425
559 566 560 555 544 537 539 542 530 522 521 523 525 530 536 543 552 560 570 581 592 604 614 625 642 642 646 646 654 664 680 686 690 697 686 687 700 710 735 771 790 792 761 748 696 683 635 581 548 541 529 525 500 496 495 498 496 504 521 515 497 499 498 494 484 486 487 495 480 482 473 465 462 454 446 443 444 441 438 436 429 431 430 422 422 422 419 416 416 415 418
552 554 554 550 542 538 538 538 532 525 522 523 525 528 534 542 550 560 570 581 595 613 625 630 676 699 680 673 666 638 652 655 652 644 669 666 674 687 770 805 808 837 745 733 726 629 634 600 547 529 514 507 501 500 502 501 500 485 494 509 511 492 482 481 479 475 474 482 477 470 465 456 450 451 446 440 437 432 431 430 426 422 421 419 416 414 412 408 409 408 406
556 551 555 547 540 537 536 535 530 526 521 521 524 528 534 541 548 558 570 580 594 616 630 655 709 705 735 705 660 641 634 625 605 622 636 646 651 669 670 694 731 723 664 703 673 659 596 591 533 524 514 490 510 501 500 509 505 507 476 484 492 491 480 473 473 470 467 462 467 460 463 453 444 443 442 435 427 428 424 420 419 414 415 412 410 410 404 400 399 398 397
561 555 558 548 540 536 535 532 529 524 521 518 520 525 531 540 548 558 568 580 591 603 613 617 652 810 904 774 758 699 631 623 598 603 612 627 633 636 630 650 734 773 646 664 723 672 662 642 558 510 513 494 512 510 500 486 491 496 479 470 482 481 479 472 467 470 464 451 449 448 453 448 438 435 433 432 427 422 419 417 415 411 409 404 403 401 397 394 389 388 388
570 560 555 544 538 535 535 530 525 521 517 514 516 522 530 538 547 556 567 579 587 599 651 719 644 742 890 857 889 865 708 646 592 589 599 608 617 614 618 634 646 713 710 673 620 673 679 670 612 532 526 498 514 515 499 499 480 484 477 458 471 474 466 470 466 458 460 459 449 438 437 442 440 431 426 428 421 420 417 420 415 410 402 396 390 391 387 388 384 382 384
587 569 556 549 543 542 538 531 522 515 505 503 510 519 528 538 547 559 569 578 586 596 607 665 698 718 845 786 793 794 698 648 588 583 597 597 603 603 610 614 620 636 621 734 589 651 686 643 569 553 528 508 506 501 499 490 476 475 461 456 467 463 464 455 461 455 460 452 454 447 429 428 432 429 426 -9999 -9999 -9999 -9999 428 422 409 398 388 385 386 386 385 380 379 379
612 587 564 556 558 550 542 533 522 506 493 498 508 519 530 541 551 562 571 586 638 629 659 652 668 639 686 707 729 775 742 631 577 590 595 599 608 607 604 604 610 597 598 629 690 594 641 692 609 545 513 518 490 489 482 475 468 467 448 455 464 451 453 452 449 442 445 442 442 436 431 419 421 419 -9999 -9999 -9999 -9999 -9999 -9999 426 412 400 389 387 387 387 384 378 374 375
609 597 579 568 563 557 550 538 525 514 504 504 513 525 535 546 557 569 581 595 620 631 637 668 661 678 654 673 689 687 663 584 593 595 605 610 617 624 623 626 613 586 590 575 609 644 608 608 650 611 547 535 496 475 468 464 474 468 441 456 458 440 441 446 439 429 428 432 429 420 417 414 407 410 -9999 -9999 -9999 -9999 -9999 -9999 -9999 -9999 -9999 392 391 389 389 386 379 370 374
611 604 592 585 576 571 561 549 538 528 520 519 524 531 540 550 562 577 589 607 618 622 620 625 640 641 650 617 648 610 605 610 602 616 618 629 626 624 630 624 609 596 642 590 627 603 572 627 714 643 550 532 493 468 458 460 470 452 438 444 443 430 438 433 421 416 413 410 408 403 398 399 -9999 -9999 -9999 -9999 -9999 -9999 -9999 -9999 -9999 -9999 -9999 -9999 -9999 -9999 -9999 -9999 -9999 -9999 -9999
626 622 617 606 596 583 574 564 554 544 537 535 537 540 547 554 565 574 585 596 602 612 635 685 774 799 713 628 628 689 759 756 784 709 643 620 618 631 636 627 629 628 623 582 587 612 620 706 766 692 580 534 485 457 448 446 447 447 428 440 434 426 427 418 408 396 391 387 381 379 385 -9999 -9999 -9999 -9999 -9999 -9999 -9999 -9999 -9999 -9999 -9999 -9999 -9999 -9999 -9999 -9999 -9999 389 383 387
652 644 639 630 616 600 586 576 568 561 553 550 549 552 558 564 571 582 593 610 627 630 632 730 757 770 714 653 691 795 906 892 943 912 828 704 812 894 944 882 848 776 676 739 718 754 717 711 720 684 597 527 487 454 443 436 436 437 418 427 423 416 416 406 393 378 366 357 356 -9999 -9999 -9999 -9999 -9999 -9999 -9999 -9999 -9999 -9999 -9999 -9999 -9999 -9999 -9999 -9999 -9999 411 407 398 394 401
678 671 664 649 632 616 602 590 584 578 571 564 561 564 569 574 580 591 602 618 648 661 675 652 802 913 930 955 820 766 783 952 935 808 769 696 743 795 819 868 810 820 888 841 819 785 737 658 636 583 547 524 477 454 441 432 424 418 410 406 409 404 406 397 377 358 341 327 323 -9999 -9999 -9999 -9999 -9999 -9999 -9999 -9999 -9999 -9999 -9999 -9999 -9999 -9999 -9999 -9999 429 427 414 400 399 408
