resultados/variables_proyeccion_tiempo/variables_futuro_csiro_A1B/bio18.asc
ncols 330
nrows 228
xllcorner -12.000000
yllcorner 34.000000
cellsize 0.166667
NODATA_value -9999
[rows 80 to 119 of 228, columns 184 to 275 of 330]
-9999 -9999 -9999 -9999 -9999 -9999 -9999 -9999 -9999 -9999 -9999 -9999 -9999 -9999 -9999 -9999 -9999 -9999 -9999 -9999 -9999 162 168 169 168 163 157 152 156 171 180 189 196 201 206 208 208 205 200 195 191 190 193 200 207 213 217 219 220 221 220 220 220 221 224 228 232 235 238 240 243 246 246 245 245 245 244 239 236 235 233 230 227 225 222 219 219 222 225 228 231 233 235 238 243 244 241 235 232 231 231 234
-9999 -9999 -9999 138 -9999 -9999 -9999 -9999 -9999 -9999 -9999 -9999 -9999 -9999 -9999 -9999 -9999 -9999 -9999 158 164 169 172 172 171 167 161 156 -9999 -9999 184 191 197 201 204 206 206 202 198 193 189 187 191 200 208 216 221 222 223 222 222 221 222 223 225 228 232 235 240 243 246 247 249 246 245 246 243 241 238 236 234 232 229 225 222 219 220 222 225 229 232 234 235 238 241 244 240 238 232 230 227 227
-9999 -9999 -9999 -9999 -9999 -9999 -9999 -9999 -9999 -9999 -9999 -9999 -9999 -9999 -9999 -9999 -9999 -9999 -9999 163 171 174 175 176 173 169 -9999 -9999 -9999 -9999 -9999 -9999 198 201 206 207 206 204 201 196 192 190 195 202 210 220 226 228 226 226 224 224 225 226 228 230 233 239 245 247 247 249 249 248 245 244 243 242 239 237 235 232 230 226 223 221 221 222 226 231 234 234 235 237 240 243 242 239 237 234 230 228
-9999 -9999 -9999 -9999 -9999 -9999 -9999 -9999 -9999 -9999 -9999 -9999 -9999 -9999 -9999 -9999 -9999 -9999 -9999 -9999 179 179 -9999 179 -9999 -9999 -9999 -9999 -9999 -9999 -9999 197 -9999 -9999 208 209 208 207 204 201 198 200 204 208 214 224 230 235 233 229 228 227 227 228 229 231 234 238 243 245 247 248 248 246 245 244 242 240 238 236 235 234 232 230 226 224 223 224 227 231 235 236 236 235 237 240 241 243 239 236 230 226
132 132 133 133 -9999 -9999 -9999 -9999 -9999 -9999 -9999 -9999 -9999 -9999 -9999 -9999 -9999 -9999 -9999 -9999 181 184 -9999 -9999 -9999 -9999 -9999 -9999 -9999 -9999 -9999 -9999 -9999 -9999 212 213 212 211 209 206 205 207 210 214 219 223 229 233 233 232 231 231 232 232 233 233 235 238 241 242 244 244 245 244 243 241 240 240 239 239 238 236 234 232 228 226 227 227 229 232 236 236 235 236 243 244 244 243 239 236 230 226
130 132 132 -9999 -9999 -9999 -9999 -9999 -9999 -9999 -9999 -9999 -9999 -9999 -9999 -9999 -9999 -9999 -9999 -9999 -9999 198 196 193 -9999 -9999 -9999 181 -9999 -9999 -9999 -9999 -9999 -9999 216 217 217 216 214 211 212 213 215 219 223 226 230 233 234 237 241 239 240 239 239 238 238 240 241 242 242 244 243 242 242 241 241 241 240 239 238 237 235 233 231 231 230 230 231 233 236 235 236 238 245 246 244 242 239 235 231 229
127 -9999 -9999 -9999 -9999 -9999 -9999 -9999 -9999 -9999 -9999 -9999 -9999 -9999 -9999 -9999 -9999 -9999 186 195 200 205 206 201 200 -9999 -9999 -9999 -9999 -9999 -9999 -9999 -9999 -9999 221 222 223 222 220 219 219 220 222 225 228 230 233 234 237 242 244 244 244 242 242 240 239 241 242 244 244 244 244 245 247 247 243 239 239 239 237 236 235 234 233 233 232 232 234 236 237 237 237 243 244 245 244 241 240 237 234 232
126 126 -9999 -9999 -9999 -9999 -9999 -9999 -9999 -9999 -9999 -9999 -9999 -9999 -9999 -9999 -9999 188 196 204 209 213 216 213 210 211 214 -9999 -9999 -9999 -9999 -9999 -9999 -9999 225 226 226 225 225 224 225 228 234 236 237 237 237 238 240 244 246 244 244 243 242 241 241 242 243 244 245 245 248 251 253 249 244 240 240 239 238 237 236 235 235 234 234 235 236 237 238 239 242 247 248 246 242 240 239 238 236 236
123 -9999 -9999 -9999 -9999 -9999 -9999 -9999 -9999 -9999 -9999 -9999 -9999 -9999 -9999 -9999 190 198 207 214 218 220 224 226 225 222 220 222 -9999 -9999 -9999 -9999 -9999 -9999 228 228 229 229 230 234 237 243 245 246 246 244 242 240 242 243 242 243 244 244 243 243 243 244 244 245 246 247 247 248 247 244 241 241 240 239 238 237 236 236 236 236 236 237 238 240 245 250 249 248 247 244 241 240 239 238 239 242
-9999 -9999 -9999 -9999 -9999 -9999 -9999 -9999 -9999 -9999 -9999 -9999 -9999 -9999 -9999 -9999 202 209 216 220 223 227 231 232 233 232 231 230 230 -9999 -9999 -9999 234 232 231 231 231 234 236 242 244 247 248 252 250 246 245 244 242 242 243 244 245 245 243 243 243 244 245 245 245 246 245 244 242 242 240 242 242 240 239 238 238 237 235 235 238 240 242 247 251 250 250 248 248 245 242 239 238 239 239 240
-9999 -9999 -9999 -9999 -9999 -9999 -9999 -9999 -9999 -9999 -9999 -9999 -9999 -9999 199 204 210 218 226 229 229 233 237 237 239 237 236 234 233 233 234 236 236 234 232 232 233 234 236 238 242 246 249 253 253 250 243 242 242 242 242 244 244 244 243 244 244 244 246 247 246 246 247 252 252 249 246 244 242 241 240 238 236 237 237 240 246 249 250 251 249 249 249 248 246 244 241 238 237 241 241 241
-9999 -9999 -9999 -9999 -9999 -9999 -9999 -9999 -9999 -9999 -9999 -9999 -9999 -9999 204 211 219 225 230 234 234 238 242 243 244 242 238 237 234 235 236 236 236 235 235 233 233 233 235 235 238 241 245 246 244 244 243 243 242 242 243 244 244 245 244 245 246 246 246 246 246 248 250 252 253 253 252 249 247 240 239 237 237 238 239 240 245 247 247 250 249 248 248 247 245 246 244 241 238 240 240 240
-9999 -9999 -9999 -9999 -9999 -9999 -9999 -9999 -9999 -9999 -9999 -9999 -9999 -9999 209 217 224 232 237 238 240 243 246 248 248 245 242 239 236 236 236 235 235 235 233 232 232 232 233 235 237 239 240 240 243 243 244 244 243 243 243 246 246 246 246 245 245 245 245 246 248 248 250 249 250 251 251 248 245 240 238 238 238 238 238 244 246 244 245 248 249 248 247 247 246 245 244 243 242 241 241 241
-9999 -9999 -9999 -9999 -9999 -9999 -9999 -9999 -9999 -9999 -9999 -9999 -9999 208 211 219 226 233 242 246 245 246 248 250 250 248 244 240 238 237 237 236 234 233 232 231 230 230 232 234 236 238 239 240 241 241 242 243 245 245 245 246 245 245 246 247 244 245 246 246 247 246 246 246 247 248 249 248 245 241 240 238 238 238 241 244 244 242 242 243 244 244 245 244 244 243 244 243 241 241 240 239
-9999 -9999 -9999 -9999 -9999 -9999 -9999 -9999 -9999 -9999 -9999 -9999 -9999 -9999 213 220 228 234 243 249 250 251 252 252 251 248 244 241 237 236 236 235 234 232 229 228 227 228 230 232 233 236 238 240 240 240 240 241 244 244 244 244 244 246 246 245 244 243 244 245 245 244 243 243 244 244 246 245 243 243 240 240 238 239 240 238 238 238 238 238 239 239 240 238 238 238 239 238 238 240 239 238
-9999 -9999 -9999 -9999 -9999 -9999 -9999 -9999 -9999 -9999 -9999 -9999 -9999 -9999 215 222 231 239 249 255 256 258 258 255 254 250 244 240 237 236 235 233 233 230 228 227 227 227 228 230 231 233 235 237 238 237 237 238 240 241 241 241 242 241 240 240 239 240 240 241 241 241 241 240 239 240 240 239 238 238 236 236 235 234 234 233 232 232 232 232 232 232 232 232 231 231 232 234 235 235 235 234
-9999 -9999 -9999 -9999 -9999 -9999 -9999 -9999 -9999 -9999 -9999 -9999 -9999 -9999 215 223 233 242 251 257 260 262 260 257 254 249 244 240 237 236 235 232 231 229 228 226 226 226 227 228 229 231 231 233 235 236 235 235 237 237 237 236 236 235 234 234 234 235 236 237 237 237 235 235 233 233 234 233 234 234 232 230 230 228 228 227 226 225 225 226 226 225 225 226 226 226 226 227 228 228 228 228
-9999 -9999 -9999 -9999 -9999 -9999 -9999 -9999 -9999 -9999 -9999 -9999 -9999 -9999 217 223 235 246 254 257 260 262 262 259 252 249 245 241 238 237 235 232 230 228 227 226 225 226 226 227 227 228 227 230 232 233 233 234 235 234 232 232 231 229 229 229 230 230 232 232 232 232 231 230 229 228 229 230 231 230 228 226 224 223 222 221 220 219 220 220 221 220 220 221 221 222 221 222 223 223 223 222
-9999 -9999 -9999 -9999 -9999 -9999 -9999 -9999 -9999 -9999 -9999 -9999 -9999 -9999 219 226 236 246 253 257 259 260 260 256 254 249 244 242 239 237 235 231 229 228 227 226 224 224 224 226 226 225 228 230 232 233 232 232 232 231 228 229 227 227 226 226 227 228 229 230 230 228 228 226 225 224 226 228 228 226 224 223 220 219 218 216 215 216 217 216 217 217 217 216 217 217 217 217 218 217 217 218
-9999 -9999 -9999 -9999 -9999 -9999 -9999 -9999 -9999 -9999 -9999 -9999 -9999 -9999 221 232 239 247 252 255 256 256 255 252 248 246 243 241 239 236 234 230 228 228 227 226 224 223 225 227 227 226 229 230 231 233 232 231 230 229 227 224 223 222 223 225 226 227 228 228 228 227 225 224 223 222 224 224 224 222 221 221 218 216 214 214 214 212 213 214 215 217 217 216 215 214 215 215 215 213 215 217
-9999 -9999 -9999 -9999 -9999 -9999 -9999 -9999 -9999 -9999 -9999 -9999 -9999 221 -9999 234 241 246 249 251 252 249 248 246 244 242 240 239 237 235 232 229 228 227 227 225 224 226 228 228 228 227 227 228 231 236 233 231 230 228 226 224 222 223 225 226 228 229 228 227 228 226 224 223 222 221 220 220 221 221 221 222 219 216 214 212 210 209 210 213 215 215 214 214 212 212 213 212 211 211 213 214
-9999 -9999 -9999 -9999 -9999 -9999 -9999 -9999 -9999 -9999 -9999 226 224 -9999 -9999 236 240 243 247 249 249 247 247 244 242 240 239 237 235 235 232 231 230 229 228 226 228 228 229 229 230 228 228 229 233 238 235 234 232 229 229 227 226 226 227 227 228 230 230 229 229 226 224 222 221 220 219 219 220 220 222 222 217 216 214 212 210 209 208 210 212 212 213 211 210 211 212 212 210 211 212 212
-9999 -9999 -9999 -9999 -9999 -9999 -9999 218 223 227 228 230 231 231 232 236 239 242 246 248 248 247 245 243 240 238 237 237 236 234 233 231 230 230 230 230 230 229 231 232 231 229 227 230 232 233 235 235 234 231 231 229 227 228 229 228 229 229 230 231 230 228 225 222 220 220 219 220 219 218 217 216 215 214 212 210 208 208 208 210 211 212 211 210 210 210 210 210 209 209 211 212
193 -9999 -9999 -9999 -9999 -9999 -9999 219 222 228 232 234 233 232 234 236 238 242 245 246 246 246 244 241 238 236 235 235 234 234 234 232 230 232 235 233 234 232 234 233 232 231 233 231 232 231 233 233 233 232 231 230 228 228 228 229 229 229 230 230 230 231 227 222 222 223 222 220 220 218 216 214 212 212 209 208 207 208 207 209 210 209 209 208 211 211 212 212 210 209 209 208
194 -9999 -9999 -9999 -9999 -9999 217 220 227 230 231 234 235 235 235 236 238 240 241 243 243 242 240 239 239 237 235 234 234 234 234 232 231 231 235 236 236 235 234 233 236 235 234 235 233 232 232 233 231 232 231 229 228 228 228 231 230 228 228 230 230 228 225 224 222 222 222 220 219 217 214 212 211 210 207 207 207 208 207 208 208 209 210 211 213 212 211 211 206 206 206 207
194 -9999 -9999 207 212 215 220 224 233 237 240 238 238 235 234 235 237 239 242 244 242 242 242 241 243 243 236 234 234 232 230 230 230 233 233 235 234 233 233 233 234 235 236 236 234 236 233 231 231 230 229 228 229 230 229 232 229 227 228 229 228 226 224 222 222 222 219 218 216 212 211 210 209 208 206 206 206 205 205 205 207 208 209 210 211 210 209 209 207 206 205 206
194 195 200 207 220 227 224 228 232 236 239 237 236 233 232 232 235 238 242 240 241 243 242 240 240 236 235 233 233 232 229 227 227 229 230 232 233 233 232 232 232 234 235 234 235 233 234 233 231 231 231 228 230 233 230 228 226 224 225 225 225 223 221 220 219 218 216 214 212 208 207 206 204 202 202 201 202 201 202 203 204 204 206 208 209 210 208 206 204 202 202 202
198 198 203 209 215 222 226 229 229 232 233 235 236 235 232 233 235 236 236 236 237 235 236 233 231 228 226 226 227 225 223 222 222 222 225 228 230 230 229 231 231 230 228 228 228 227 227 231 232 231 233 230 229 230 227 224 222 222 222 222 221 220 219 218 216 214 212 210 208 205 202 202 200 200 198 200 199 198 199 199 200 202 204 205 206 207 205 202 200 198 197 197
201 202 207 214 219 225 228 230 230 232 233 235 234 234 233 233 234 231 230 231 230 229 228 226 226 221 221 220 219 217 215 215 216 218 220 222 224 226 227 228 227 224 224 223 223 223 224 225 227 230 231 229 225 223 224 222 221 220 219 219 219 217 216 215 214 212 208 207 204 200 197 198 197 196 195 195 195 195 194 195 197 199 201 203 205 204 200 201 197 194 193 193
204 204 212 216 220 222 225 226 228 229 231 230 229 231 230 228 228 225 225 224 225 225 222 221 220 216 216 215 214 214 212 209 210 213 215 219 222 224 225 225 224 223 224 223 220 220 222 224 225 227 226 225 223 220 218 216 215 216 216 217 217 215 214 213 212 210 207 205 201 198 196 196 195 193 192 192 191 191 190 192 194 196 197 198 199 200 196 194 193 190 188 187
203 208 212 215 216 219 222 230 227 228 228 227 225 225 225 224 223 222 220 221 223 222 219 216 215 214 213 215 213 211 210 207 205 207 212 217 221 223 222 224 224 224 229 227 222 219 219 220 222 222 220 219 219 217 215 214 212 213 214 216 216 214 214 213 212 210 207 205 202 198 196 195 194 192 191 190 189 187 188 190 192 193 194 193 194 193 193 192 190 187 184 184
204 210 210 212 216 218 221 225 226 227 225 222 220 218 218 217 217 216 215 216 218 219 215 213 214 214 212 213 211 210 210 204 205 207 210 213 218 221 222 225 227 224 225 225 221 219 220 222 220 221 218 218 218 216 214 212 212 213 214 215 215 215 214 212 211 210 207 205 203 200 198 196 194 193 189 188 188 188 188 188 189 190 190 190 190 190 188 188 187 185 182 180
209 209 210 211 213 214 219 220 221 221 221 217 216 212 212 211 212 211 211 212 213 215 211 210 210 210 211 210 209 209 208 206 210 210 213 219 219 223 223 224 227 224 223 222 220 220 220 221 221 221 221 220 218 217 214 213 213 214 214 215 216 216 215 215 213 211 208 205 204 202 200 198 196 193 191 188 188 187 186 185 187 187 188 187 188 188 188 186 185 183 180 179
207 207 208 210 212 214 215 216 215 213 214 212 212 208 206 206 206 206 208 210 211 210 211 211 210 208 209 210 209 208 208 207 211 213 216 221 223 224 225 226 224 224 222 219 217 219 220 221 222 222 221 219 218 216 216 215 214 215 216 217 218 217 217 216 214 212 210 207 205 203 202 200 197 193 192 189 186 185 185 185 186 186 187 186 187 186 187 185 183 181 180 178
204 206 208 210 211 211 211 210 210 209 209 207 205 202 200 200 200 202 206 208 210 209 211 211 210 210 210 208 208 208 207 209 212 215 218 220 221 222 224 224 223 220 221 219 218 219 221 221 221 220 220 219 219 217 217 217 216 218 218 218 218 219 218 217 215 213 211 209 207 205 203 201 198 194 192 189 185 184 184 183 184 185 185 187 187 187 185 183 181 180 180 178
204 203 205 207 207 207 208 207 205 203 202 201 199 196 193 194 195 199 204 206 206 208 210 210 211 211 212 210 211 210 210 212 213 215 218 218 222 222 223 222 221 220 219 219 219 220 221 222 222 222 222 221 220 220 219 219 219 220 220 221 221 221 221 220 218 216 215 213 210 208 206 203 200 196 193 190 186 184 182 182 184 185 186 186 187 186 184 182 181 181 180 179
201 201 200 201 201 200 201 203 202 201 199 195 193 190 187 189 192 197 201 204 207 208 209 212 214 215 214 215 214 213 213 215 216 217 218 219 221 220 222 222 222 221 222 221 221 223 224 225 225 225 225 225 224 224 223 224 224 224 224 224 225 224 224 222 220 220 218 216 214 212 209 206 203 200 196 192 188 185 184 185 187 187 187 187 187 185 183 181 182 182 180 179
200 201 202 202 200 198 195 194 196 196 194 191 187 184 183 187 192 198 204 207 210 212 212 212 214 216 218 217 217 216 216 216 217 218 218 220 221 222 223 223 223 223 224 224 226 227 228 230 230 230 229 229 229 229 228 229 230 231 230 230 229 228 228 226 225 225 222 221 220 216 212 210 208 204 199 196 191 188 187 188 190 190 189 188 189 187 185 183 182 181 181 181
198 199 200 200 199 196 195 195 194 193 193 191 189 188 186 189 195 202 210 209 210 211 214 216 216 218 218 217 216 216 216 216 216 217 219 220 222 224 225 226 226 227 227 229 229 230 232 232 234 235 234 234 234 234 234 234 235 235 234 235 234 232 231 231 230 229 228 226 224 220 218 214 212 208 204 201 197 194 192 191 192 192 190 191 190 189 188 185 183 183 185 185
193 196 199 199 199 197 197 196 196 197 196 196 195 194 192 193 198 204 209 210 213 213 215 216 217 218 219 217 214 212 214 214 216 217 218 220 222 224 225 226 227 228 229 231 232 234 236 237 238 238 239 239 238 238 238 239 239 240 239 239 239 238 237 236 234 234 233 231 228 226 223 220 216 213 210 206 203 200 198 195 194 195 195 194 192 192 192 188 186 187 188 188
