resultados/variables_proyeccion_tiempo/variables_futuro_csiro_A1B/bio16.asc
ncols 330
nrows 228
xllcorner -12.000000
yllcorner 34.000000
cellsize 0.166667
NODATA_value -9999
[rows 120 to 159 of 228, columns 92 to 183 of 330]
-9999 -9999 -9999 -9999 276 277 278 278 277 273 269 264 259 254 250 245 242 242 240 242 247 251 254 259 255 250 249 249 250 252 255 257 260 264 252 257 250 251 253 247 245 268 269 242 215 207 196 190 185 179 178 177 180 183 189 193 195 197 199 201 202 200 198 197 196 196 196 197 195 196 197 198 199 199 198 199 198 199 201 200 198 199 199 200 198 196 193 189 190 190 194 193
-9999 -9999 270 271 274 274 274 273 271 267 263 258 252 248 244 242 240 238 239 241 248 251 255 253 250 251 250 250 254 252 250 250 253 273 255 254 250 272 254 240 248 271 319 325 270 238 216 200 192 187 181 180 179 182 185 193 194 197 200 203 206 208 206 204 201 199 199 199 200 202 203 202 204 204 203 203 204 203 203 202 203 202 204 202 201 200 197 192 189 190 192 193
267 267 267 268 270 270 269 269 267 263 260 254 247 243 241 237 235 236 239 240 247 252 252 254 252 250 252 253 255 261 269 270 271 273 255 249 245 250 254 240 246 235 251 243 240 240 234 219 205 195 189 185 181 180 185 192 198 201 204 207 210 211 212 211 207 206 205 205 206 207 209 207 209 210 212 213 213 208 208 208 206 205 205 205 204 201 199 196 191 191 196 198
266 266 266 266 265 265 267 265 264 262 259 254 246 241 237 236 233 236 239 244 249 256 263 265 265 265 283 289 292 306 315 322 303 273 251 255 245 248 249 238 249 249 246 239 219 206 204 197 202 200 192 185 181 182 187 194 199 206 210 209 212 216 216 214 214 209 207 207 207 208 211 212 215 217 219 218 219 216 212 212 214 210 209 213 210 209 205 205 198 197 199 201
266 265 264 263 263 262 260 260 259 258 257 257 250 243 237 234 235 240 243 247 251 261 274 287 300 303 308 306 326 328 372 382 310 267 262 253 241 243 264 243 239 253 233 220 212 205 198 202 208 205 199 191 187 187 191 197 203 210 213 215 219 224 227 227 224 215 211 209 211 213 216 221 224 228 230 227 222 218 217 218 218 218 219 217 215 215 212 210 206 206 205 206
264 263 264 263 262 260 258 254 254 253 255 257 255 249 238 235 237 243 248 250 250 253 263 274 282 295 313 308 328 357 351 323 268 265 263 233 234 238 243 234 233 223 224 208 202 194 194 207 211 210 207 204 198 194 196 202 210 218 222 228 233 232 229 232 229 228 224 222 219 217 222 230 237 241 246 246 239 229 227 226 225 221 219 217 217 217 216 216 214 214 213 215
258 261 265 266 262 264 259 254 252 253 252 252 253 252 246 248 249 249 250 250 252 252 252 258 260 265 282 284 287 330 310 271 243 242 246 234 251 248 228 231 218 218 229 214 206 200 209 218 224 221 218 214 207 207 206 210 220 226 232 244 247 250 243 231 228 225 227 228 221 222 234 261 268 261 266 273 264 248 240 235 234 228 225 223 222 221 221 222 222 221 225 224
250 259 263 263 266 264 268 258 258 254 255 257 260 262 266 280 280 288 275 255 249 249 243 246 247 248 250 271 296 270 272 247 234 235 238 239 241 228 228 226 234 218 221 247 245 224 222 221 221 219 224 222 213 216 215 222 233 240 246 252 262 273 270 250 236 224 223 222 222 230 241 266 283 311 313 291 280 285 270 252 246 239 236 233 231 228 228 228 229 230 233 234
241 250 257 264 270 272 272 265 264 264 264 263 272 277 300 325 370 374 329 295 268 259 247 240 244 242 246 266 272 245 226 226 225 228 240 263 239 229 230 247 250 224 210 219 245 255 246 242 226 235 233 231 225 224 232 238 250 261 263 278 269 247 230 230 225 222 220 217 219 224 231 244 262 275 283 285 287 282 277 276 259 254 251 247 240 240 240 237 237 239 240 242
231 239 250 260 267 281 280 275 274 272 275 281 288 294 334 364 382 379 357 320 291 270 268 237 221 217 232 222 211 217 229 233 218 216 229 247 245 235 238 272 243 210 210 214 221 235 246 248 249 249 240 239 228 233 257 279 286 294 274 253 234 227 224 222 215 212 213 219 222 222 230 240 247 260 269 272 268 286 296 269 274 275 257 257 256 254 248 244 245 251 252 254
226 239 254 266 282 293 300 304 294 283 284 280 289 322 358 351 341 333 324 294 282 273 255 226 217 216 218 219 215 219 244 227 214 215 220 225 232 232 236 235 216 210 212 213 215 217 221 224 233 249 247 240 244 243 243 248 245 244 270 251 231 232 236 232 221 216 216 217 221 225 230 236 245 250 256 257 261 276 306 292 297 316 310 300 296 275 263 261 258 256 264 268
225 234 248 265 288 314 321 313 302 310 305 313 355 332 335 322 304 304 278 262 252 239 223 220 227 231 211 217 213 202 202 206 213 212 221 232 240 233 220 213 212 212 213 215 220 219 229 231 228 231 253 256 242 238 229 249 273 264 265 253 250 245 241 238 233 227 225 230 233 234 236 240 245 250 251 255 259 265 276 287 302 301 315 350 315 296 280 274 270 270 280 285
213 220 235 257 278 314 340 336 337 345 358 376 380 364 338 307 280 261 238 232 225 212 223 234 221 228 214 190 194 193 195 207 219 220 219 231 245 227 216 217 212 208 216 224 221 222 239 237 236 233 245 245 248 240 254 260 261 262 260 257 249 247 251 242 239 239 239 247 252 252 257 254 252 262 264 259 264 264 274 271 282 270 287 307 312 310 294 286 287 284 289 297
198 201 213 232 259 281 299 307 306 325 353 377 384 357 326 287 267 254 234 225 227 248 263 240 220 210 200 203 203 201 200 212 237 234 236 230 233 222 223 218 214 214 228 227 226 224 228 239 242 242 239 236 241 244 267 261 254 254 252 248 248 257 268 272 259 252 253 256 264 264 267 273 276 276 285 289 290 280 276 275 274 264 258 272 307 315 310 303 293 297 308 316
193 191 198 208 224 238 254 276 295 308 315 329 333 326 303 283 262 247 234 236 254 250 245 238 225 214 211 216 210 204 208 216 241 252 255 251 243 237 229 226 224 228 229 233 234 229 230 237 244 246 240 243 240 250 261 266 262 258 258 256 264 267 285 277 269 265 272 279 278 283 280 280 282 280 284 289 295 286 280 266 274 275 256 259 283 303 299 294 308 324 340 378
187 187 191 189 199 217 233 246 265 283 300 305 301 293 286 279 254 230 238 232 227 228 231 227 216 217 216 223 227 211 217 224 243 248 249 246 240 239 240 242 244 245 245 246 242 239 235 240 251 259 250 246 245 250 261 271 282 269 275 273 280 282 280 278 275 276 280 283 282 296 298 295 296 289 287 282 278 269 263 252 274 276 256 257 266 282 308 312 326 351 371 367
187 187 189 188 188 204 218 236 239 257 271 276 279 258 254 247 240 229 227 230 222 228 227 224 223 225 232 236 231 224 229 233 242 244 243 238 239 244 248 254 253 258 257 257 257 255 248 254 258 267 264 253 250 256 264 270 276 289 308 315 311 295 294 287 284 288 285 290 289 297 300 307 300 299 286 276 266 265 247 238 252 252 257 267 270 278 295 314 321 337 340 330
191 189 192 192 195 192 205 219 228 237 245 255 249 245 228 231 231 228 229 234 223 222 222 228 229 229 230 233 229 235 241 247 250 252 247 246 258 264 254 257 261 264 265 266 268 267 275 272 272 271 275 266 258 271 285 293 302 308 333 342 366 365 340 324 310 298 298 304 298 300 306 310 294 291 283 271 259 246 238 229 232 246 258 275 268 276 289 304 316 297 303 327
190 191 194 194 183 186 192 206 216 217 224 230 226 225 217 221 218 222 227 224 222 220 224 230 229 227 228 229 236 244 263 266 270 265 256 252 256 267 270 268 269 278 274 271 285 286 291 286 286 283 279 279 274 276 281 287 298 320 338 339 368 384 379 368 363 338 316 319 314 310 317 308 296 288 278 266 249 238 232 232 240 248 256 263 271 292 298 287 275 292 323 330
188 189 186 182 188 192 194 193 197 205 212 219 220 215 216 212 220 227 225 220 220 225 229 236 227 227 228 233 242 272 303 310 292 284 279 266 265 267 270 292 292 295 292 288 290 294 296 292 290 290 293 298 302 306 311 312 312 314 320 337 329 354 387 398 383 365 353 350 348 331 325 318 311 294 282 260 244 234 232 242 245 251 262 276 285 285 270 266 277 259 282 272
184 181 176 178 183 187 191 192 193 198 207 216 215 220 220 218 226 226 223 222 227 234 250 268 237 228 232 243 265 338 326 313 301 293 286 280 288 305 306 303 296 290 290 295 303 309 314 314 317 319 322 324 324 330 337 342 347 348 345 345 343 356 386 382 390 397 376 386 392 367 349 334 317 299 279 259 249 243 244 243 251 259 274 280 281 269 248 254 248 241 254 292
179 182 182 183 187 191 189 192 197 208 216 219 226 226 224 236 231 234 236 231 235 247 279 284 250 231 242 261 292 324 326 312 302 300 311 326 332 338 319 304 296 303 312 320 329 333 339 345 345 343 341 340 352 358 366 374 379 384 387 378 372 385 395 388 380 400 381 372 385 390 384 363 329 294 270 258 248 239 238 241 250 261 285 296 270 248 238 234 232 242 240 259
188 187 190 194 188 193 202 210 216 224 222 225 232 234 237 242 246 254 249 248 254 257 292 280 228 236 256 297 312 323 322 317 322 342 356 349 344 330 320 317 320 330 337 345 354 357 365 367 367 367 368 371 378 384 387 396 407 415 418 419 426 427 415 398 376 365 361 353 355 360 356 332 318 303 283 268 260 252 233 237 245 255 278 263 246 232 222 217 214 212 215 216
190 192 192 194 199 208 215 224 222 220 230 240 243 239 250 254 263 271 284 278 302 334 336 259 221 246 276 311 357 378 344 328 345 364 357 348 344 350 349 353 350 355 362 372 379 388 389 395 397 398 399 399 400 404 422 430 441 455 469 486 495 489 461 437 418 398 385 378 367 361 350 345 337 328 323 308 289 259 240 240 243 246 244 238 229 217 207 202 199 198 204 200
180 177 186 199 215 230 228 226 229 231 243 244 251 246 249 252 266 278 297 315 325 344 324 236 226 248 297 363 393 388 348 348 358 355 354 364 374 372 379 385 380 384 395 399 410 417 407 416 418 425 424 415 411 424 439 457 474 483 512 528 540 536 518 510 473 454 438 433 418 417 412 412 401 376 366 340 308 265 252 248 240 237 233 226 215 204 194 190 188 188 194 193
189 184 195 208 222 236 241 238 240 242 249 249 243 248 257 264 271 284 292 297 317 296 261 237 239 266 343 384 400 384 359 360 347 350 349 357 384 392 408 406 409 407 413 415 428 433 424 423 428 442 447 448 438 463 466 493 515 520 533 564 573 589 594 581 559 522 512 469 463 452 459 449 436 434 416 362 310 288 265 247 233 229 224 216 205 193 184 182 182 181 189 189
198 193 198 216 230 243 246 246 246 245 236 232 235 243 253 266 285 294 290 290 278 263 262 262 267 271 308 342 359 358 368 367 372 375 381 383 393 413 429 427 426 420 433 436 438 457 446 450 453 458 466 471 459 467 477 508 518 536 553 569 585 590 595 584 570 548 527 520 492 492 488 467 452 417 420 410 345 322 281 256 238 228 220 212 201 192 186 182 181 183 191 192
201 201 209 224 238 244 244 244 256 250 222 220 229 242 259 282 287 293 301 304 292 293 292 310 300 321 347 360 370 380 398 401 410 425 424 434 443 436 444 443 450 431 461 455 453 457 457 450 475 467 452 446 456 472 485 502 512 530 546 548 566 582 587 571 566 568 554 536 515 486 448 434 433 434 402 382 338 318 294 259 242 230 222 213 203 194 192 191 187 187 191 185
209 206 210 236 256 250 243 242 246 232 208 215 227 248 262 277 306 318 334 340 337 342 349 344 344 340 335 360 396 417 418 431 423 436 464 480 487 440 454 472 473 488 471 461 432 428 449 432 432 446 468 450 477 478 478 487 499 507 517 533 549 557 560 563 555 540 524 506 474 459 474 431 424 408 380 349 322 299 281 260 245 234 225 215 207 207 216 207 194 179 178 182
213 206 210 227 250 232 228 235 238 211 208 214 228 246 262 288 321 340 371 374 388 367 342 297 307 319 364 398 408 429 436 471 496 510 508 536 481 489 503 441 472 483 453 426 438 450 503 448 426 465 459 469 485 491 493 485 496 493 497 508 513 520 521 523 512 501 483 498 468 476 425 407 396 387 366 346 320 301 280 262 249 241 230 220 213 215 209 194 177 177 175 178
203 199 200 219 225 218 231 223 210 204 208 215 228 244 275 324 361 373 408 408 338 286 288 295 311 334 366 421 456 453 499 493 536 582 559 574 539 450 456 469 496 486 432 435 508 475 457 442 387 426 449 416 455 460 453 440 453 444 454 460 468 476 484 487 471 449 424 457 436 441 442 394 381 375 363 348 328 305 286 270 256 245 236 230 217 212 196 181 174 176 177 178
197 194 194 200 203 208 209 211 203 203 211 216 225 253 300 327 388 414 403 288 289 290 298 335 364 323 381 421 466 507 572 554 582 587 545 502 461 477 480 514 466 429 427 369 468 444 398 346 373 360 374 366 389 395 409 408 408 407 417 421 428 428 441 440 412 396 370 395 385 398 424 376 370 360 349 333 319 305 285 272 262 248 240 230 217 203 196 191 186 181 180 179
199 197 195 200 197 198 206 200 201 204 207 214 229 272 294 360 429 461 313 269 290 311 335 406 392 410 441 490 591 549 584 547 573 546 583 548 512 472 501 455 446 409 384 354 331 315 296 288 314 327 381 378 385 390 378 381 384 387 386 396 402 410 402 391 372 350 352 351 362 361 372 380 377 354 334 320 304 290 279 271 263 253 243 228 219 208 204 196 190 187 184 182
199 200 201 197 197 201 209 206 207 199 205 211 241 266 296 360 418 283 245 254 300 305 388 400 467 478 524 570 508 517 540 500 521 483 525 501 481 482 481 481 420 393 350 427 351 295 259 262 279 323 358 350 355 348 352 361 358 361 367 374 384 390 392 390 372 376 380 382 374 364 345 369 361 331 314 306 300 290 281 267 259 251 245 234 224 214 205 198 192 190 192 185
199 202 210 201 204 208 223 221 200 199 205 212 233 265 326 366 256 247 327 385 441 334 396 386 344 391 424 425 468 449 463 450 444 458 448 445 398 429 414 377 335 295 314 338 280 273 243 250 273 307 317 327 316 329 340 340 350 357 366 363 364 364 366 364 361 334 328 342 346 339 325 318 315 310 314 307 302 288 278 272 260 254 246 239 228 222 214 209 203 202 203 193
199 211 228 211 199 213 229 215 194 204 209 214 235 292 306 268 275 290 310 328 387 490 337 422 502 557 528 550 471 356 416 410 395 424 430 397 381 376 361 349 322 288 295 318 241 253 244 249 266 279 278 290 298 311 324 360 376 371 368 359 343 338 338 334 332 329 329 332 329 328 325 311 317 305 288 283 283 279 277 270 266 259 248 241 233 226 216 211 209 209 202 196
192 213 231 220 205 215 222 204 198 206 211 213 240 286 268 246 250 319 398 388 395 530 513 518 535 508 520 490 382 370 346 345 380 402 399 375 368 354 339 307 286 263 280 253 244 238 245 252 266 269 272 279 291 306 326 346 353 351 347 337 319 310 315 327 336 343 350 358 355 345 331 314 295 286 277 288 283 271 266 266 261 261 258 248 237 229 220 212 207 204 199 196
193 198 237 219 196 202 221 214 200 200 208 217 222 243 230 242 297 329 327 388 506 478 429 322 357 326 369 382 342 313 320 326 348 366 360 337 316 305 292 277 257 256 247 243 237 245 250 251 258 265 269 272 277 279 290 306 316 318 317 314 295 289 304 326 347 359 367 370 376 370 353 339 327 305 275 263 260 261 263 264 266 261 259 257 250 239 229 218 211 205 202 200
200 222 221 248 198 194 218 216 204 208 220 228 233 230 259 246 287 268 337 403 385 462 477 482 456 396 305 317 278 278 289 299 308 316 309 290 274 262 253 245 240 238 235 227 232 238 242 245 257 263 259 258 253 245 251 267 281 293 296 -9999 -9999 282 287 331 358 374 362 379 392 391 376 348 331 304 283 266 261 258 260 262 270 265 262 266 280 267 246 228 218 212 207 204
194 220 204 224 211 202 218 231 207 215 227 239 248 249 276 292 262 324 411 365 470 480 501 415 326 285 266 256 260 258 265 275 280 284 286 273 261 253 246 241 238 234 226 223 225 226 230 235 242 243 241 239 232 224 223 244 -9999 -9999 -9999 -9999 -9999 280 301 326 360 383 404 392 400 401 394 371 346 324 307 286 266 262 259 259 261 264 269 279 281 261 255 247 229 220 213 210
