resultados/variables_proyeccion_tiempo/variables_futuro_csiro_A1B/bio1.asc
ncols 330
nrows 228
xllcorner -12.000000
yllcorner 34.000000
cellsize 0.166667
NODATA_value -9999
[rows 168 to 209 of 228, columns 0 to 92 of 330]
-9999 -9999 -9999 -9999 -9999 -9999 -9999 -9999 -9999 -9999 -9999 -9999 -9999 -9999 -9999 -9999 -9999 -9999 -9999 -9999 -9999 -9999 -9999 -9999 -9999 -9999 -9999 -9999 -9999 -9999 -9999 -9999 -9999 -9999 -9999 -9999 -9999 -9999 -9999 -9999 -9999 -9999 -9999 -9999 -9999 -9999 -9999 -9999 -9999 -9999 -9999 -9999 -9999 -9999 -9999 -9999 -9999 -9999 -9999 -9999 -9999 -9999 -9999 158 156 153 154 154 153 152 151 148 148 149 149 150 151 150 152 156 156 154 155 157 157 155 150 147 152 150 142 138 138
-9999 -9999 -9999 -9999 -9999 -9999 -9999 -9999 -9999 -9999 -9999 -9999 -9999 -9999 -9999 -9999 -9999 -9999 -9999 -9999 -9999 -9999 -9999 149 146 148 154 155 -9999 -9999 -9999 -9999 -9999 -9999 -9999 -9999 -9999 -9999 -9999 -9999 -9999 -9999 -9999 -9999 -9999 -9999 -9999 -9999 -9999 -9999 -9999 -9999 -9999 -9999 -9999 -9999 -9999 -9999 -9999 -9999 -9999 -9999 -9999 159 157 156 157 155 154 152 151 150 149 148 149 149 150 151 150 155 156 156 157 156 157 153 144 137 133 138 147 151 153
-9999 -9999 -9999 -9999 -9999 -9999 -9999 -9999 -9999 -9999 -9999 -9999 -9999 -9999 -9999 -9999 -9999 -9999 -9999 -9999 -9999 -9999 154 150 145 137 139 148 152 151 153 153 148 147 148 150 153 153 153 152 155 -9999 -9999 -9999 -9999 -9999 -9999 -9999 -9999 -9999 -9999 -9999 -9999 -9999 -9999 -9999 -9999 -9999 -9999 -9999 -9999 -9999 161 160 159 157 156 155 152 150 149 150 150 147 148 149 149 151 151 153 156 156 156 156 159 158 146 134 131 139 156 163 170
-9999 -9999 -9999 -9999 -9999 -9999 -9999 -9999 -9999 -9999 -9999 -9999 -9999 -9999 -9999 -9999 -9999 -9999 -9999 -9999 -9999 158 155 144 139 135 128 136 144 146 135 140 133 134 142 148 147 149 142 148 148 153 146 137 155 160 157 161 159 159 155 154 156 155 158 155 156 167 -9999 -9999 150 165 162 158 157 157 155 153 152 149 145 144 148 146 148 148 149 150 150 154 155 155 156 157 149 137 140 144 152 163 173 174 174
-9999 -9999 -9999 -9999 -9999 -9999 -9999 -9999 -9999 -9999 -9999 -9999 -9999 -9999 -9999 -9999 -9999 157 156 154 151 152 155 146 138 141 141 139 138 129 136 122 128 132 128 126 131 140 135 131 124 122 104 109 131 139 143 148 149 138 135 144 143 151 157 158 150 154 156 161 157 150 147 143 148 152 152 150 148 148 145 140 143 144 142 143 146 147 151 152 153 155 155 156 161 161 164 170 172 175 177 177 176
-9999 -9999 -9999 -9999 -9999 -9999 -9999 -9999 -9999 -9999 -9999 -9999 -9999 -9999 -9999 -9999 156 152 149 146 146 149 148 142 138 141 143 139 131 127 135 118 118 101 104 95 112 114 107 98 102 100 91 96 118 101 114 127 127 123 117 125 139 144 146 138 144 150 148 150 134 134 132 123 126 119 134 127 122 123 124 131 126 130 129 138 142 146 144 145 149 150 151 152 155 159 153 161 169 175 178 -9999 -9999
-9999 -9999 -9999 -9999 -9999 -9999 -9999 -9999 -9999 -9999 -9999 -9999 -9999 -9999 -9999 -9999 160 148 148 151 153 153 151 148 141 139 143 145 131 134 125 108 107 98 94 91 99 100 103 100 107 106 102 89 100 107 114 120 121 126 129 132 128 131 133 140 142 133 133 130 128 139 134 121 116 109 100 78 95 77 67 92 64 78 98 110 109 110 123 130 119 133 127 139 142 153 144 153 164 172 180 -9999 -9999
-9999 -9999 -9999 -9999 -9999 -9999 -9999 -9999 -9999 -9999 -9999 -9999 -9999 -9999 -9999 -9999 -9999 159 155 155 157 156 151 145 138 142 140 141 123 120 110 119 127 111 103 108 115 117 122 122 121 118 117 115 118 121 124 122 122 124 121 132 130 136 142 141 134 134 130 133 135 143 139 137 131 122 114 100 77 59 56 46 48 60 64 82 91 62 69 84 81 98 103 100 110 124 144 165 174 181 182 -9999 -9999
-9999 -9999 -9999 -9999 -9999 -9999 -9999 -9999 -9999 -9999 -9999 -9999 -9999 -9999 -9999 -9999 -9999 163 158 162 156 144 137 139 133 145 146 147 127 114 127 143 141 126 118 124 127 129 133 133 131 128 124 126 128 129 129 127 122 121 126 132 134 137 147 143 137 141 146 150 153 150 138 139 139 130 128 124 113 102 93 87 90 77 68 61 62 53 78 84 53 67 64 60 82 105 133 147 173 180 180 -9999 -9999
-9999 -9999 -9999 -9999 -9999 -9999 -9999 -9999 -9999 -9999 -9999 -9999 -9999 -9999 -9999 -9999 -9999 -9999 166 160 158 141 141 151 151 144 142 137 139 133 131 124 107 99 119 129 134 135 137 137 134 135 132 133 134 135 135 134 128 127 124 123 126 129 138 147 145 152 155 157 157 156 153 150 137 128 121 125 119 119 108 108 124 119 110 96 104 88 97 89 109 82 85 107 74 68 97 138 158 165 172 185 -9999
-9999 -9999 -9999 -9999 -9999 -9999 -9999 -9999 -9999 -9999 -9999 -9999 -9999 -9999 -9999 -9999 -9999 -9999 165 160 158 150 141 157 151 145 131 114 112 126 101 90 100 106 118 132 136 138 139 137 138 139 138 138 139 139 138 134 132 130 124 115 103 103 111 122 121 124 131 149 158 161 157 155 151 144 137 140 134 124 115 118 129 132 133 125 125 127 112 112 122 93 99 106 120 126 144 156 168 181 186 176 -9999
-9999 -9999 -9999 -9999 -9999 -9999 -9999 -9999 -9999 -9999 -9999 -9999 -9999 -9999 -9999 -9999 -9999 -9999 149 158 165 158 143 129 134 140 135 124 121 119 99 103 121 122 130 135 138 140 141 140 141 140 141 143 143 139 140 136 135 132 126 124 119 107 105 101 102 111 118 130 148 158 161 154 157 155 150 152 148 148 143 145 148 145 135 136 133 139 134 140 132 129 128 147 144 145 142 160 172 182 186 184 -9999
-9999 -9999 -9999 -9999 -9999 -9999 -9999 -9999 -9999 -9999 -9999 -9999 -9999 -9999 -9999 -9999 -9999 -9999 160 160 150 153 133 137 123 122 136 147 136 131 126 126 130 130 130 135 139 142 143 143 142 142 141 140 142 142 138 134 133 131 128 122 124 119 112 115 118 120 117 126 136 147 155 164 164 153 148 159 150 155 155 153 159 159 151 150 146 149 158 158 148 152 158 162 153 157 151 162 179 176 183 184 -9999
-9999 -9999 -9999 -9999 -9999 -9999 -9999 -9999 -9999 -9999 -9999 -9999 -9999 -9999 -9999 -9999 -9999 -9999 161 156 159 157 142 132 126 126 141 147 142 145 130 138 138 135 135 136 140 143 144 143 142 139 139 142 144 142 138 137 139 137 136 133 130 127 124 124 126 130 127 125 115 118 143 157 165 167 166 164 151 149 159 163 168 167 170 167 172 171 167 160 155 153 167 171 156 156 151 176 182 178 186 -9999 -9999
-9999 -9999 -9999 -9999 -9999 -9999 -9999 -9999 -9999 -9999 -9999 -9999 -9999 -9999 -9999 -9999 -9999 -9999 -9999 160 161 162 158 144 138 144 143 143 159 155 140 142 146 139 139 140 143 145 145 143 144 144 143 147 144 142 141 140 139 137 135 133 136 135 133 134 131 132 130 128 125 129 145 156 161 158 165 170 168 162 157 160 166 172 174 177 175 172 165 156 153 165 167 175 176 182 180 177 184 -9999 -9999 -9999 -9999
-9999 -9999 -9999 -9999 -9999 -9999 -9999 -9999 -9999 -9999 -9999 -9999 -9999 -9999 -9999 -9999 -9999 -9999 -9999 163 162 163 160 152 157 131 138 153 158 154 147 151 145 144 142 141 143 145 144 145 146 147 146 148 145 143 141 140 137 128 132 132 129 128 130 132 133 132 135 136 136 142 145 146 155 153 150 163 173 173 165 166 171 172 177 170 164 158 158 162 157 166 180 180 188 188 -9999 -9999 -9999 -9999 -9999 -9999 -9999
-9999 -9999 -9999 -9999 -9999 -9999 -9999 -9999 -9999 -9999 -9999 -9999 -9999 -9999 -9999 -9999 -9999 -9999 -9999 164 163 159 161 160 143 157 155 155 147 162 157 149 146 147 144 143 139 139 140 144 145 146 148 147 147 146 144 142 139 134 130 111 114 115 127 130 127 129 140 140 140 143 141 132 135 138 146 157 167 173 175 178 177 174 174 179 166 156 163 180 179 184 185 182 192 -9999 -9999 -9999 -9999 -9999 -9999 -9999 -9999
-9999 -9999 -9999 -9999 -9999 -9999 -9999 -9999 -9999 -9999 -9999 -9999 -9999 -9999 -9999 -9999 -9999 -9999 -9999 -9999 165 166 163 155 146 157 154 152 160 166 160 157 147 145 144 145 145 145 143 143 145 146 147 146 144 145 144 139 128 118 118 117 124 128 134 135 130 128 122 123 124 128 127 131 126 125 138 142 156 161 168 170 169 172 169 183 176 174 186 187 190 -9999 -9999 -9999 -9999 -9999 -9999 -9999 -9999 -9999 -9999 -9999 -9999
-9999 -9999 -9999 -9999 -9999 -9999 -9999 -9999 -9999 -9999 -9999 -9999 -9999 -9999 -9999 -9999 -9999 -9999 -9999 170 166 160 153 148 143 139 147 143 154 160 156 153 149 148 148 146 147 146 146 146 144 142 143 145 142 141 143 133 108 122 140 142 144 145 144 136 133 130 129 122 125 124 126 128 128 119 126 138 143 147 160 157 161 161 174 178 182 183 -9999 -9999 -9999 -9999 -9999 -9999 -9999 -9999 -9999 -9999 -9999 -9999 -9999 -9999 -9999
-9999 -9999 -9999 -9999 -9999 -9999 -9999 -9999 -9999 -9999 -9999 -9999 -9999 -9999 -9999 -9999 -9999 -9999 -9999 169 171 164 157 162 158 156 154 150 157 155 153 153 150 150 150 148 144 142 146 145 142 136 135 137 136 130 126 121 122 142 156 153 152 150 142 141 142 137 127 124 122 120 119 130 122 118 118 119 126 137 149 144 138 142 180 193 195 195 -9999 -9999 -9999 -9999 -9999 -9999 -9999 -9999 -9999 -9999 -9999 -9999 -9999 -9999 -9999
-9999 -9999 -9999 -9999 -9999 -9999 -9999 -9999 -9999 -9999 -9999 -9999 -9999 -9999 -9999 -9999 -9999 -9999 -9999 172 174 175 159 164 169 167 164 151 147 148 149 153 157 152 139 142 147 145 145 138 130 123 128 128 132 130 131 149 153 162 165 161 159 151 146 147 142 138 132 122 114 108 111 122 129 125 118 116 113 119 139 137 152 175 188 188 196 -9999 -9999 -9999 -9999 -9999 -9999 -9999 -9999 -9999 -9999 -9999 -9999 -9999 -9999 -9999 -9999
-9999 -9999 -9999 -9999 -9999 -9999 -9999 -9999 -9999 -9999 -9999 -9999 -9999 -9999 -9999 -9999 -9999 -9999 -9999 174 176 176 174 177 173 163 127 148 153 150 148 151 150 147 153 162 156 141 138 131 115 114 122 134 142 160 160 167 167 168 168 167 155 154 152 157 150 151 140 128 114 107 112 121 134 133 117 110 98 110 134 145 168 179 193 -9999 -9999 -9999 -9999 -9999 -9999 -9999 -9999 -9999 -9999 -9999 -9999 -9999 -9999 -9999 -9999 -9999 -9999
-9999 -9999 -9999 -9999 -9999 -9999 -9999 -9999 -9999 -9999 -9999 -9999 -9999 -9999 -9999 -9999 -9999 -9999 171 176 180 180 179 178 163 151 146 169 167 156 155 150 160 167 174 176 153 128 119 124 117 145 150 166 162 167 175 171 171 170 173 168 162 161 160 154 150 147 140 131 118 112 113 119 133 134 130 134 123 128 147 169 179 188 197 -9999 -9999 -9999 -9999 -9999 -9999 -9999 -9999 -9999 -9999 -9999 -9999 -9999 -9999 -9999 -9999 -9999 -9999
-9999 -9999 -9999 -9999 -9999 -9999 -9999 -9999 -9999 -9999 -9999 -9999 -9999 -9999 -9999 -9999 -9999 -9999 176 179 181 179 167 163 160 165 165 173 177 175 178 181 183 181 185 181 167 165 176 183 184 180 176 170 179 179 174 175 174 174 176 169 168 166 157 151 147 144 144 139 127 127 129 128 144 115 120 142 153 158 172 183 189 -9999 -9999 -9999 -9999 -9999 -9999 -9999 -9999 -9999 -9999 -9999 -9999 -9999 -9999 -9999 -9999 -9999 -9999 -9999 -9999
-9999 -9999 -9999 -9999 -9999 -9999 -9999 -9999 -9999 -9999 -9999 -9999 -9999 -9999 -9999 -9999 -9999 -9999 177 177 178 177 172 170 162 172 182 182 186 184 185 185 187 187 184 184 190 191 189 188 186 184 183 180 181 179 180 179 179 178 170 166 164 162 158 155 154 149 148 142 141 142 134 138 145 143 130 138 163 165 184 197 198 -9999 -9999 -9999 -9999 -9999 -9999 -9999 -9999 -9999 -9999 -9999 -9999 -9999 -9999 -9999 179 167 186 182 -9999
-9999 -9999 -9999 -9999 -9999 -9999 -9999 -9999 -9999 -9999 -9999 -9999 -9999 -9999 -9999 -9999 -9999 173 175 176 177 181 181 178 175 184 187 189 190 188 189 187 188 187 187 187 186 184 183 182 181 181 176 174 174 176 172 170 170 171 172 170 168 166 162 157 157 153 155 147 145 147 151 146 148 159 162 168 171 180 193 199 -9999 -9999 -9999 -9999 -9999 -9999 -9999 -9999 -9999 -9999 -9999 -9999 -9999 -9999 -9999 169 169 176 187 183 183
-9999 -9999 -9999 -9999 -9999 -9999 -9999 -9999 -9999 -9999 -9999 -9999 -9999 -9999 -9999 -9999 -9999 173 172 168 178 187 185 183 185 190 189 189 188 188 188 186 186 189 189 190 186 182 177 165 166 174 166 163 160 160 162 161 165 168 170 170 171 169 164 163 160 158 158 156 154 152 158 154 157 153 165 185 193 196 199 -9999 -9999 -9999 -9999 -9999 -9999 -9999 -9999 -9999 -9999 -9999 -9999 -9999 -9999 -9999 181 180 186 182 185 184 187
-9999 -9999 -9999 -9999 -9999 -9999 -9999 -9999 -9999 -9999 -9999 -9999 -9999 -9999 -9999 169 171 174 173 179 188 189 190 191 188 188 186 180 182 183 186 188 188 188 188 188 185 177 174 168 177 181 182 177 171 165 169 159 160 166 167 172 173 171 171 169 167 165 162 162 161 161 165 169 170 166 166 184 195 201 203 -9999 -9999 -9999 -9999 -9999 -9999 -9999 -9999 -9999 -9999 -9999 -9999 -9999 -9999 -9999 191 189 186 187 187 186 -9999
-9999 -9999 -9999 -9999 -9999 -9999 -9999 -9999 -9999 -9999 -9999 -9999 -9999 -9999 -9999 -9999 170 174 181 186 191 189 188 190 191 191 189 182 182 188 188 188 188 187 186 185 188 190 190 188 186 188 179 179 176 172 176 166 170 167 168 175 175 174 173 170 168 167 167 166 167 167 168 168 170 175 169 180 195 203 204 -9999 -9999 -9999 -9999 -9999 -9999 -9999 -9999 -9999 -9999 -9999 -9999 -9999 -9999 -9999 -9999 -9999 -9999 -9999 189 -9999 -9999
-9999 -9999 -9999 -9999 -9999 -9999 -9999 -9999 -9999 -9999 -9999 -9999 -9999 -9999 -9999 171 172 174 186 190 191 190 191 192 192 192 191 190 191 192 193 192 192 193 190 194 196 195 194 192 190 185 181 177 177 173 176 174 176 177 177 176 175 173 168 164 162 161 166 169 169 170 166 159 154 168 163 185 199 200 200 -9999 -9999 -9999 -9999 -9999 -9999 -9999 -9999 187 188 187 -9999 -9999 -9999 -9999 -9999 -9999 -9999 192 -9999 -9999 -9999
-9999 -9999 -9999 -9999 -9999 -9999 -9999 -9999 -9999 -9999 -9999 -9999 -9999 -9999 -9999 167 168 178 190 192 192 193 193 192 191 189 187 188 187 194 194 194 195 195 195 197 196 194 193 191 189 185 184 181 176 180 176 177 177 176 175 175 172 168 163 161 156 154 162 169 170 165 159 156 162 165 162 181 190 192 191 205 207 -9999 -9999 -9999 -9999 -9999 -9999 191 192 195 -9999 -9999 -9999 -9999 -9999 -9999 -9999 -9999 -9999 -9999 -9999
-9999 -9999 -9999 -9999 -9999 -9999 -9999 -9999 -9999 -9999 -9999 -9999 -9999 -9999 -9999 168 173 186 192 192 192 192 190 187 187 187 185 187 193 194 192 192 192 192 194 191 190 189 190 186 185 189 187 187 182 175 176 175 172 178 177 175 172 170 164 159 159 154 153 156 163 163 163 163 166 166 175 171 168 178 172 182 199 203 -9999 -9999 -9999 -9999 -9999 -9999 197 193 -9999 -9999 -9999 -9999 -9999 -9999 -9999 -9999 -9999 -9999 -9999
-9999 -9999 -9999 -9999 -9999 -9999 -9999 -9999 -9999 -9999 -9999 -9999 -9999 -9999 -9999 -9999 184 188 191 194 193 190 187 184 186 189 189 191 194 189 185 186 187 188 189 188 186 186 182 186 188 188 187 187 179 174 176 178 179 177 175 174 171 170 166 168 160 142 148 157 168 172 175 172 170 175 177 169 166 168 178 196 199 -9999 -9999 -9999 -9999 -9999 -9999 -9999 195 -9999 -9999 -9999 -9999 -9999 -9999 -9999 -9999 -9999 -9999 -9999 -9999
-9999 -9999 -9999 -9999 -9999 -9999 -9999 -9999 -9999 -9999 -9999 -9999 -9999 -9999 -9999 -9999 180 183 192 194 195 194 191 190 188 190 191 193 194 190 184 179 182 183 183 187 185 184 184 183 183 183 183 183 182 177 176 176 185 175 171 177 179 176 177 173 161 148 166 172 178 183 185 181 179 174 180 189 195 202 206 -9999 -9999 -9999 -9999 -9999 -9999 -9999 -9999 -9999 -9999 -9999 -9999 -9999 -9999 -9999 -9999 -9999 -9999 -9999 -9999 -9999 -9999
-9999 -9999 -9999 -9999 -9999 -9999 -9999 -9999 -9999 -9999 -9999 -9999 -9999 -9999 -9999 -9999 -9999 -9999 -9999 192 192 194 195 192 190 188 191 194 194 192 188 185 184 184 182 181 181 185 186 183 184 182 183 183 182 182 185 186 192 193 192 194 186 184 179 167 147 151 157 152 169 188 191 192 187 189 193 203 206 -9999 -9999 -9999 -9999 -9999 -9999 -9999 -9999 -9999 -9999 -9999 -9999 -9999 -9999 -9999 -9999 -9999 -9999 -9999 -9999 -9999 -9999 -9999 -9999
-9999 -9999 -9999 -9999 -9999 -9999 -9999 -9999 -9999 -9999 -9999 -9999 -9999 -9999 -9999 -9999 -9999 -9999 -9999 190 187 193 194 192 190 193 195 192 193 189 185 184 176 176 176 186 186 183 188 193 188 183 187 191 193 202 201 203 204 203 201 192 190 187 158 148 134 136 142 152 165 179 186 191 203 204 207 208 208 -9999 -9999 -9999 -9999 -9999 -9999 -9999 -9999 -9999 -9999 -9999 -9999 -9999 -9999 -9999 -9999 -9999 -9999 -9999 -9999 -9999 -9999 -9999 -9999
-9999 -9999 -9999 -9999 -9999 -9999 -9999 -9999 -9999 -9999 -9999 -9999 -9999 -9999 -9999 -9999 -9999 -9999 191 188 190 194 193 191 191 192 193 191 192 188 182 178 180 187 187 187 192 187 183 191 198 197 198 203 206 204 205 203 205 205 200 198 196 186 153 133 146 153 154 160 168 166 173 194 198 199 201 207 -9999 -9999 -9999 -9999 -9999 -9999 -9999 -9999 -9999 -9999 -9999 -9999 -9999 -9999 -9999 -9999 -9999 -9999 -9999 -9999 -9999 -9999 -9999 -9999 -9999
-9999 -9999 -9999 -9999 -9999 -9999 -9999 -9999 -9999 -9999 -9999 -9999 -9999 -9999 -9999 -9999 -9999 -9999 -9999 188 189 190 189 189 191 192 193 193 193 191 191 194 188 189 195 194 202 201 200 204 208 206 205 204 204 203 203 200 188 193 177 162 182 181 160 168 168 162 156 159 177 185 188 200 197 204 208 209 -9999 -9999 -9999 -9999 -9999 -9999 -9999 -9999 -9999 -9999 -9999 -9999 -9999 -9999 -9999 -9999 -9999 -9999 -9999 -9999 -9999 -9999 -9999 -9999 -9999
-9999 -9999 -9999 -9999 -9999 -9999 -9999 -9999 -9999 -9999 -9999 -9999 -9999 -9999 -9999 -9999 -9999 -9999 -9999 189 190 187 188 186 189 192 195 195 193 195 198 196 195 195 202 206 209 211 209 207 206 205 204 202 198 190 192 191 178 156 168 167 168 180 177 176 167 152 154 163 172 190 186 199 200 202 206 206 -9999 -9999 -9999 -9999 -9999 -9999 -9999 -9999 -9999 -9999 -9999 -9999 -9999 -9999 -9999 -9999 -9999 -9999 -9999 -9999 -9999 -9999 -9999 -9999 -9999
-9999 -9999 -9999 -9999 -9999 -9999 -9999 -9999 -9999 -9999 -9999 -9999 -9999 -9999 -9999 -9999 -9999 -9999 -9999 186 183 188 183 180 184 187 192 196 196 199 201 202 202 204 208 210 212 208 208 206 204 204 203 201 198 186 179 178 172 170 172 163 169 168 149 158 163 167 179 185 191 197 201 208 -9999 -9999 -9999 -9999 -9999 -9999 -9999 -9999 -9999 -9999 -9999 -9999 -9999 -9999 -9999 -9999 -9999 -9999 -9999 -9999 -9999 -9999 -9999 -9999 -9999 -9999 -9999 -9999 -9999
-9999 -9999 -9999 -9999 -9999 -9999 -9999 -9999 -9999 -9999 -9999 -9999 -9999 -9999 -9999 -9999 -9999 -9999 184 183 182 190 191 184 178 184 192 198 200 201 203 202 203 205 208 210 209 208 206 203 202 199 193 195 194 190 185 180 180 184 171 150 152 162 148 136 135 148 171 183 202 204 -9999 -9999 -9999 -9999 -9999 -9999 -9999 -9999 -9999 -9999 -9999 -9999 -9999 -9999 -9999 -9999 -9999 -9999 -9999 -9999 -9999 -9999 -9999 -9999 -9999 -9999 -9999 -9999 -9999 -9999 -9999
-9999 -9999 -9999 -9999 -9999 -9999 -9999 -9999 -9999 -9999 -9999 -9999 -9999 -9999 -9999 -9999 -9999 -9999 181 186 193 192 192 191 190 193 197 -9999 -9999 -9999 -9999 202 204 206 206 207 207 204 201 195 190 188 188 191 190 181 166 166 173 174 167 109 94 124 132 160 176 182 179 190 197 -9999 -9999 -9999 -9999 -9999 -9999 -9999 -9999 -9999 -9999 -9999 -9999 -9999 -9999 -9999 -9999 -9999 -9999 -9999 -9999 -9999 -9999 -9999 -9999 -9999 -9999 -9999 -9999 -9999 -9999 -9999 -9999
