resultados/variables_proyeccion_tiempo/variables_futuro_csiro_A1B/bio10.asc
ncols 330
nrows 228
xllcorner -12.000000
yllcorner 34.000000
cellsize 0.166667
NODATA_value -9999
[rows 80 to 119 of 228, columns 92 to 183 of 330]
-9999 -9999 -9999 -9999 -9999 -9999 -9999 -9999 -9999 -9999 -9999 -9999 -9999 167 162 160 160 147 145 144 148 144 139 134 146 149 156 150 153 163 165 167 173 177 178 -9999 -9999 -9999 -9999 -9999 -9999 -9999 -9999 -9999 -9999 -9999 -9999 188 186 183 181 181 181 184 186 187 187 187 186 186 184 184 184 186 185 185 185 187 189 189 188 190 191 191 193 196 197 198 199 199 199 198 199 -9999 -9999 -9999 -9999 -9999 -9999 -9999 -9999 -9999
-9999 -9999 -9999 -9999 -9999 -9999 -9999 -9999 -9999 -9999 -9999 -9999 -9999 -9999 -9999 168 163 160 155 158 156 155 149 154 157 157 157 159 160 163 166 176 180 182 -9999 -9999 -9999 -9999 -9999 -9999 -9999 -9999 -9999 -9999 -9999 -9999 -9999 192 188 186 183 182 184 186 186 187 187 186 186 185 183 181 176 183 184 183 186 188 189 189 189 190 191 193 194 194 195 196 198 199 200 200 -9999 -9999 -9999 -9999 -9999 -9999 -9999 -9999 -9999 -9999
-9999 -9999 -9999 -9999 -9999 -9999 -9999 -9999 -9999 -9999 -9999 -9999 -9999 -9999 -9999 -9999 -9999 -9999 162 163 165 158 156 158 160 163 162 165 167 171 176 180 -9999 -9999 -9999 -9999 -9999 -9999 -9999 -9999 -9999 -9999 -9999 -9999 -9999 -9999 -9999 -9999 191 187 185 183 183 186 186 186 186 185 185 183 181 179 178 181 182 184 187 187 186 186 187 188 189 190 191 192 195 195 197 198 200 201 -9999 -9999 -9999 -9999 -9999 -9999 -9999 -9999 -9999 -9999
-9999 -9999 -9999 -9999 -9999 -9999 -9999 -9999 -9999 -9999 -9999 -9999 -9999 -9999 -9999 -9999 -9999 -9999 -9999 169 165 164 169 165 167 170 169 172 175 176 -9999 -9999 -9999 -9999 -9999 -9999 -9999 -9999 -9999 -9999 -9999 -9999 -9999 -9999 -9999 -9999 -9999 -9999 189 187 185 184 185 186 185 186 186 184 183 181 179 177 176 177 177 185 187 182 182 184 186 186 186 188 192 190 192 195 198 198 200 -9999 -9999 -9999 -9999 -9999 -9999 -9999 -9999 -9999 -9999 -9999
-9999 -9999 -9999 -9999 -9999 -9999 -9999 -9999 -9999 -9999 -9999 -9999 -9999 -9999 -9999 -9999 -9999 -9999 -9999 -9999 -9999 -9999 175 -9999 -9999 176 -9999 -9999 -9999 -9999 -9999 -9999 -9999 -9999 -9999 -9999 -9999 -9999 -9999 -9999 -9999 -9999 -9999 -9999 -9999 -9999 -9999 -9999 -9999 187 187 185 187 187 188 186 182 182 180 178 178 176 174 175 180 185 179 180 182 182 183 186 186 188 190 191 192 195 199 199 199 -9999 -9999 -9999 -9999 -9999 -9999 -9999 -9999 -9999 -9999 210
-9999 -9999 -9999 -9999 -9999 -9999 -9999 -9999 -9999 -9999 -9999 -9999 -9999 -9999 -9999 -9999 -9999 -9999 -9999 -9999 -9999 -9999 -9999 -9999 -9999 -9999 -9999 -9999 -9999 -9999 -9999 -9999 -9999 -9999 -9999 -9999 -9999 -9999 -9999 -9999 -9999 -9999 193 194 -9999 -9999 -9999 -9999 -9999 190 188 189 189 189 187 185 182 181 180 178 178 173 174 177 179 181 179 179 180 183 182 183 186 188 190 191 194 196 198 200 201 -9999 -9999 -9999 -9999 -9999 -9999 -9999 -9999 -9999 206 208
-9999 -9999 -9999 -9999 -9999 -9999 -9999 -9999 -9999 -9999 -9999 -9999 -9999 -9999 -9999 -9999 -9999 -9999 -9999 -9999 -9999 -9999 -9999 -9999 -9999 -9999 -9999 -9999 -9999 -9999 -9999 -9999 -9999 -9999 -9999 -9999 -9999 -9999 -9999 189 189 190 192 -9999 -9999 -9999 -9999 -9999 -9999 -9999 192 193 192 190 190 188 187 185 183 183 181 178 178 176 178 180 178 177 181 185 185 185 186 188 190 192 194 197 201 204 205 -9999 -9999 -9999 -9999 -9999 -9999 -9999 207 205 206 208
-9999 -9999 -9999 -9999 -9999 -9999 -9999 -9999 -9999 -9999 -9999 -9999 -9999 -9999 -9999 -9999 -9999 -9999 -9999 -9999 -9999 -9999 -9999 -9999 -9999 -9999 -9999 -9999 -9999 -9999 -9999 -9999 -9999 -9999 -9999 -9999 -9999 -9999 187 187 187 187 190 194 -9999 -9999 -9999 -9999 -9999 -9999 -9999 197 196 193 192 191 187 185 184 184 181 181 180 179 182 182 181 182 184 185 187 187 189 190 192 193 195 199 203 207 208 -9999 213 -9999 -9999 -9999 -9999 -9999 208 207 207 208
-9999 -9999 -9999 -9999 -9999 -9999 -9999 -9999 -9999 -9999 -9999 -9999 -9999 -9999 -9999 -9999 -9999 -9999 -9999 -9999 -9999 -9999 -9999 -9999 -9999 -9999 -9999 -9999 -9999 -9999 -9999 -9999 -9999 -9999 -9999 -9999 188 187 187 187 186 187 190 193 -9999 201 201 201 -9999 -9999 -9999 -9999 198 196 192 191 187 186 186 185 184 184 184 184 184 184 185 185 185 186 185 185 187 189 191 194 196 200 205 208 -9999 215 214 -9999 -9999 -9999 -9999 -9999 209 208 209 209
-9999 -9999 -9999 -9999 -9999 -9999 -9999 -9999 -9999 -9999 -9999 -9999 -9999 -9999 -9999 -9999 -9999 -9999 -9999 -9999 -9999 -9999 -9999 -9999 -9999 -9999 -9999 -9999 -9999 -9999 188 188 189 189 189 188 188 189 189 188 188 190 191 -9999 -9999 -9999 -9999 -9999 -9999 -9999 -9999 -9999 -9999 199 197 192 190 188 187 186 185 184 186 185 187 186 185 186 188 189 188 185 187 189 191 194 197 200 206 210 -9999 215 215 -9999 -9999 -9999 -9999 -9999 -9999 210 210 -9999
-9999 -9999 -9999 -9999 -9999 -9999 -9999 -9999 -9999 -9999 -9999 -9999 -9999 -9999 -9999 -9999 -9999 -9999 -9999 -9999 -9999 -9999 -9999 -9999 -9999 -9999 -9999 -9999 -9999 186 187 187 189 189 190 190 190 190 188 189 190 192 -9999 -9999 -9999 -9999 -9999 -9999 -9999 -9999 -9999 -9999 -9999 -9999 199 197 192 188 188 186 185 186 186 186 187 187 187 190 191 190 188 187 187 189 192 195 197 201 205 209 212 214 -9999 -9999 -9999 -9999 -9999 -9999 -9999 210 210 -9999
-9999 -9999 -9999 -9999 -9999 -9999 -9999 -9999 -9999 -9999 -9999 -9999 -9999 -9999 -9999 -9999 -9999 -9999 -9999 -9999 -9999 -9999 -9999 -9999 -9999 -9999 -9999 -9999 -9999 187 187 188 188 188 189 190 191 191 189 189 191 193 194 -9999 -9999 -9999 -9999 -9999 -9999 218 -9999 -9999 -9999 -9999 -9999 197 195 193 189 186 186 186 187 187 188 188 188 191 191 192 191 190 190 190 193 196 200 203 206 207 210 -9999 -9999 -9999 -9999 -9999 -9999 -9999 -9999 -9999 -9999 -9999
-9999 -9999 -9999 -9999 -9999 -9999 -9999 -9999 -9999 -9999 -9999 -9999 -9999 -9999 -9999 -9999 -9999 -9999 -9999 -9999 -9999 -9999 -9999 -9999 -9999 -9999 -9999 -9999 188 188 186 187 187 187 188 189 190 191 190 190 190 192 192 195 196 -9999 -9999 -9999 -9999 -9999 -9999 -9999 -9999 -9999 -9999 -9999 196 195 193 189 188 186 187 188 189 189 189 190 192 192 192 192 192 193 194 198 203 206 208 209 211 -9999 -9999 -9999 -9999 -9999 -9999 -9999 -9999 -9999 -9999 -9999
-9999 -9999 -9999 -9999 -9999 -9999 -9999 -9999 -9999 -9999 -9999 -9999 -9999 -9999 -9999 -9999 -9999 -9999 -9999 -9999 -9999 -9999 -9999 -9999 -9999 -9999 -9999 -9999 188 188 186 185 185 185 185 185 187 188 188 189 188 189 190 191 194 198 -9999 -9999 -9999 -9999 -9999 -9999 -9999 -9999 -9999 198 193 190 191 191 189 189 189 191 190 190 190 190 192 192 193 194 194 194 195 201 206 -9999 211 212 -9999 -9999 -9999 -9999 -9999 -9999 -9999 -9999 -9999 -9999 -9999 -9999
-9999 -9999 -9999 -9999 -9999 -9999 -9999 -9999 -9999 -9999 -9999 -9999 -9999 -9999 -9999 -9999 -9999 -9999 -9999 -9999 -9999 -9999 -9999 -9999 -9999 -9999 -9999 -9999 187 186 185 182 183 183 182 182 183 185 186 185 186 187 189 190 193 197 -9999 -9999 -9999 -9999 207 -9999 -9999 -9999 -9999 198 196 194 192 190 189 189 192 193 194 193 192 194 195 196 197 198 197 197 198 203 207 -9999 215 215 -9999 -9999 -9999 -9999 -9999 -9999 -9999 -9999 -9999 -9999 -9999 -9999
-9999 -9999 -9999 -9999 -9999 -9999 -9999 -9999 -9999 -9999 -9999 -9999 -9999 -9999 -9999 -9999 -9999 -9999 -9999 -9999 -9999 -9999 -9999 -9999 -9999 -9999 -9999 -9999 185 185 183 182 182 181 181 181 181 183 185 185 186 187 -9999 192 195 -9999 -9999 -9999 -9999 -9999 -9999 -9999 202 200 198 197 196 195 192 192 191 190 191 193 196 197 197 196 198 199 199 -9999 200 199 202 204 -9999 -9999 -9999 -9999 -9999 -9999 -9999 -9999 -9999 -9999 -9999 -9999 -9999 -9999 -9999 -9999
-9999 -9999 -9999 -9999 -9999 -9999 -9999 -9999 -9999 -9999 -9999 -9999 -9999 -9999 -9999 -9999 -9999 -9999 -9999 -9999 -9999 -9999 -9999 -9999 -9999 -9999 -9999 -9999 185 184 184 182 182 182 181 180 179 181 184 185 186 188 -9999 196 -9999 -9999 200 202 -9999 202 202 203 202 200 199 199 196 195 194 192 192 192 189 190 195 198 198 -9999 -9999 -9999 -9999 -9999 -9999 -9999 -9999 -9999 -9999 -9999 -9999 -9999 -9999 -9999 -9999 -9999 -9999 -9999 -9999 -9999 -9999 -9999 -9999 -9999
-9999 -9999 -9999 -9999 -9999 -9999 -9999 -9999 -9999 -9999 -9999 -9999 -9999 -9999 -9999 -9999 -9999 -9999 -9999 -9999 -9999 -9999 -9999 -9999 -9999 -9999 -9999 -9999 -9999 185 183 182 182 180 179 178 179 181 183 184 186 189 -9999 197 -9999 -9999 199 200 200 201 201 201 201 201 201 202 -9999 198 197 195 194 192 190 190 193 197 -9999 -9999 -9999 -9999 -9999 -9999 -9999 -9999 -9999 -9999 -9999 -9999 -9999 -9999 -9999 -9999 -9999 -9999 -9999 -9999 -9999 -9999 -9999 -9999 -9999 -9999
-9999 -9999 -9999 -9999 -9999 -9999 -9999 -9999 -9999 -9999 -9999 -9999 -9999 -9999 -9999 -9999 -9999 -9999 -9999 -9999 -9999 -9999 -9999 -9999 -9999 -9999 -9999 -9999 187 186 185 184 182 180 179 179 180 181 183 184 184 186 188 193 194 -9999 198 199 198 199 198 198 199 200 202 202 199 199 197 196 195 194 196 196 194 196 -9999 -9999 -9999 -9999 -9999 -9999 -9999 -9999 -9999 -9999 -9999 -9999 -9999 -9999 -9999 -9999 -9999 -9999 -9999 -9999 -9999 -9999 -9999 -9999 -9999 -9999
-9999 -9999 -9999 -9999 -9999 -9999 -9999 -9999 -9999 -9999 -9999 -9999 -9999 -9999 -9999 -9999 -9999 -9999 -9999 -9999 -9999 -9999 -9999 -9999 -9999 -9999 -9999 -9999 -9999 189 188 185 183 181 179 179 179 182 184 184 182 184 187 190 192 -9999 198 198 198 198 199 198 199 200 201 -9999 -9999 201 198 197 197 198 198 200 200 199 -9999 -9999 -9999 -9999 -9999 -9999 -9999 -9999 -9999 -9999 -9999 -9999 -9999 -9999 -9999 -9999 -9999 -9999 -9999 -9999 -9999 -9999 -9999 -9999 -9999 -9999
-9999 -9999 -9999 -9999 -9999 -9999 -9999 -9999 -9999 -9999 -9999 -9999 -9999 -9999 -9999 -9999 -9999 -9999 -9999 -9999 -9999 -9999 -9999 -9999 -9999 -9999 -9999 -9999 -9999 -9999 -9999 189 184 181 179 178 180 182 185 184 184 185 186 187 190 -9999 -9999 198 198 198 198 197 198 200 200 -9999 -9999 -9999 -9999 -9999 -9999 -9999 -9999 -9999 -9999 -9999 -9999 -9999 197 197 -9999 -9999 -9999 -9999 -9999 -9999 -9999 -9999 -9999 -9999 -9999 -9999 -9999 -9999 -9999 -9999 -9999 -9999 -9999 -9999 -9999 -9999
-9999 -9999 -9999 -9999 -9999 -9999 -9999 -9999 -9999 -9999 -9999 -9999 -9999 -9999 -9999 -9999 -9999 -9999 -9999 -9999 -9999 -9999 -9999 -9999 -9999 -9999 -9999 -9999 -9999 -9999 193 189 185 181 179 179 180 182 185 186 187 188 189 190 192 195 -9999 -9999 -9999 -9999 199 198 198 200 201 -9999 -9999 -9999 -9999 -9999 -9999 -9999 -9999 -9999 -9999 -9999 -9999 -9999 199 198 200 -9999 -9999 -9999 -9999 -9999 -9999 -9999 -9999 -9999 -9999 -9999 -9999 -9999 -9999 -9999 -9999 -9999 -9999 -9999 -9999 -9999
-9999 -9999 -9999 -9999 -9999 -9999 -9999 -9999 -9999 -9999 -9999 -9999 -9999 -9999 -9999 -9999 -9999 -9999 -9999 -9999 -9999 -9999 -9999 -9999 -9999 -9999 -9999 -9999 -9999 195 195 188 185 182 181 182 182 184 186 188 191 194 197 196 197 195 195 195 195 197 198 198 198 200 201 197 -9999 -9999 -9999 -9999 -9999 -9999 -9999 -9999 -9999 -9999 -9999 -9999 -9999 -9999 -9999 -9999 -9999 -9999 -9999 -9999 -9999 -9999 -9999 -9999 -9999 -9999 -9999 -9999 -9999 -9999 -9999 -9999 -9999 -9999 -9999 -9999
-9999 -9999 -9999 -9999 -9999 -9999 -9999 -9999 -9999 -9999 -9999 -9999 -9999 -9999 -9999 -9999 -9999 -9999 -9999 -9999 -9999 -9999 -9999 -9999 -9999 -9999 -9999 -9999 -9999 194 191 190 185 183 183 184 184 185 186 190 -9999 -9999 -9999 -9999 198 -9999 196 195 195 196 197 199 199 -9999 -9999 -9999 -9999 -9999 -9999 -9999 -9999 -9999 -9999 -9999 -9999 -9999 -9999 -9999 -9999 -9999 -9999 -9999 -9999 -9999 -9999 -9999 -9999 -9999 -9999 -9999 -9999 -9999 216 213 209 206 204 203 203 202 204 208
-9999 -9999 -9999 -9999 -9999 -9999 -9999 -9999 -9999 -9999 -9999 -9999 -9999 -9999 -9999 -9999 -9999 -9999 -9999 -9999 -9999 -9999 -9999 -9999 -9999 -9999 -9999 -9999 -9999 -9999 192 188 187 184 185 186 188 188 188 189 192 -9999 -9999 -9999 -9999 -9999 197 -9999 196 196 -9999 199 -9999 -9999 -9999 -9999 -9999 -9999 199 200 200 197 -9999 -9999 -9999 -9999 -9999 -9999 -9999 -9999 -9999 -9999 -9999 -9999 -9999 -9999 -9999 -9999 -9999 219 222 222 217 212 207 206 204 199 198 196 198 200
-9999 -9999 -9999 -9999 -9999 -9999 -9999 -9999 -9999 -9999 -9999 -9999 -9999 -9999 -9999 -9999 -9999 -9999 -9999 -9999 -9999 -9999 -9999 -9999 -9999 -9999 -9999 -9999 -9999 -9999 190 188 186 186 186 187 189 189 188 187 187 189 188 188 -9999 193 198 199 -9999 -9999 -9999 -9999 -9999 -9999 195 195 196 196 196 197 196 198 200 -9999 -9999 -9999 -9999 -9999 -9999 -9999 -9999 -9999 -9999 -9999 -9999 -9999 -9999 -9999 211 214 218 218 215 210 206 202 199 194 191 188 188 191
-9999 -9999 -9999 -9999 -9999 -9999 -9999 -9999 -9999 -9999 -9999 -9999 -9999 -9999 -9999 -9999 -9999 -9999 -9999 -9999 -9999 -9999 -9999 -9999 -9999 -9999 -9999 -9999 -9999 -9999 -9999 188 186 186 186 187 189 189 187 185 183 185 185 186 186 194 198 -9999 -9999 -9999 -9999 -9999 194 193 193 193 193 193 193 194 195 -9999 199 -9999 -9999 -9999 -9999 -9999 -9999 -9999 -9999 -9999 -9999 219 213 208 202 203 206 209 212 212 209 207 204 200 196 192 190 187 185 190
-9999 -9999 -9999 -9999 -9999 -9999 -9999 -9999 -9999 -9999 -9999 -9999 -9999 -9999 -9999 -9999 -9999 -9999 -9999 -9999 -9999 -9999 -9999 -9999 -9999 -9999 -9999 -9999 -9999 -9999 -9999 -9999 187 186 186 186 187 187 186 186 184 184 185 186 189 193 -9999 -9999 197 195 191 191 193 192 191 192 193 193 193 193 194 197 200 206 211 -9999 -9999 -9999 213 212 211 212 214 216 212 208 202 201 203 205 206 207 206 204 202 200 197 196 193 190 189 192
-9999 -9999 -9999 -9999 -9999 -9999 -9999 -9999 -9999 -9999 -9999 -9999 -9999 -9999 -9999 -9999 -9999 -9999 -9999 -9999 -9999 -9999 -9999 -9999 -9999 -9999 -9999 -9999 -9999 -9999 189 186 186 186 186 186 187 187 188 187 186 187 188 190 192 194 194 195 195 193 190 192 193 193 192 192 192 193 194 194 195 198 201 206 211 214 212 212 211 210 210 209 210 210 209 206 204 203 202 203 204 204 205 204 204 202 200 198 196 194 194 195
-9999 -9999 -9999 -9999 -9999 -9999 -9999 -9999 -9999 -9999 -9999 -9999 -9999 -9999 -9999 -9999 -9999 -9999 -9999 -9999 -9999 -9999 -9999 -9999 188 186 186 186 188 189 -9999 187 186 186 185 186 187 188 188 188 189 190 190 193 193 192 192 191 192 192 193 193 194 194 192 193 194 193 192 194 197 200 203 206 208 210 210 209 208 208 207 208 206 206 206 203 202 202 204 205 206 206 205 205 204 204 202 200 199 198 198 198
-9999 -9999 -9999 -9999 -9999 -9999 -9999 -9999 -9999 -9999 -9999 -9999 -9999 -9999 -9999 -9999 -9999 -9999 -9999 -9999 186 187 188 187 187 186 184 184 186 188 189 188 187 186 184 185 187 188 189 191 191 191 192 193 194 193 192 192 192 192 193 193 193 193 192 192 193 193 193 196 196 198 201 204 207 208 207 206 207 206 206 206 206 206 205 203 203 202 203 204 205 205 205 204 204 204 204 202 201 201 201 202
-9999 -9999 -9999 -9999 -9999 -9999 -9999 -9999 -9999 -9999 -9999 181 180 180 181 181 181 181 182 183 184 186 187 187 186 185 184 184 186 188 188 189 187 186 186 186 186 188 189 189 193 194 194 196 196 195 194 194 194 194 194 194 194 194 193 194 194 193 194 195 195 197 201 204 205 207 205 205 206 208 208 208 206 206 206 205 204 203 204 204 205 205 205 206 206 205 204 205 204 204 205 206
-9999 -9999 -9999 -9999 -9999 -9999 -9999 -9999 -9999 182 -9999 -9999 181 181 181 181 181 181 181 182 184 186 188 188 187 185 185 185 186 187 188 188 188 188 187 187 188 189 189 189 190 193 195 195 195 196 197 196 197 196 196 195 196 194 195 195 195 196 196 196 197 199 202 204 206 207 208 206 207 210 211 211 211 209 208 208 207 205 205 204 206 206 206 207 207 207 206 207 206 207 207 206
-9999 -9999 -9999 -9999 -9999 -9999 -9999 -9999 183 183 -9999 -9999 182 181 181 181 181 181 181 181 183 185 187 187 187 186 186 186 186 187 187 189 190 190 190 189 189 190 189 189 190 191 193 194 194 194 198 198 198 198 198 198 197 196 198 198 197 198 198 199 200 201 202 205 207 209 209 208 208 211 211 213 212 211 211 210 210 208 207 207 207 207 208 208 209 209 210 210 209 210 210 209
-9999 -9999 -9999 -9999 -9999 -9999 -9999 -9999 184 184 183 -9999 182 182 182 182 182 182 181 182 183 185 186 187 186 184 184 184 185 185 186 187 189 190 191 190 190 190 190 190 191 191 193 195 195 196 198 199 199 199 200 200 200 200 201 201 201 202 201 202 203 203 204 206 209 208 210 209 211 213 214 214 214 213 214 213 213 211 210 208 207 207 208 208 208 208 209 210 210 211 211 211
-9999 -9999 -9999 -9999 -9999 -9999 -9999 185 185 185 184 184 -9999 184 183 183 183 183 183 183 184 185 186 186 186 185 184 185 185 185 186 187 188 189 190 192 192 192 192 192 192 192 192 193 195 196 198 199 199 200 201 201 201 203 203 203 204 204 204 205 204 204 205 205 209 212 212 213 214 215 216 219 218 217 216 214 213 212 210 209 209 209 208 208 208 209 209 210 211 212 213 214
-9999 -9999 -9999 -9999 -9999 -9999 -9999 185 186 186 185 185 184 185 184 184 185 184 184 184 185 185 186 186 186 186 185 186 186 185 186 188 189 190 191 191 191 192 192 193 194 194 194 195 195 196 197 197 200 199 201 202 203 203 204 205 205 206 207 206 206 205 206 206 209 213 215 216 217 218 218 219 218 217 216 214 212 211 210 210 209 209 208 208 208 208 209 211 212 214 216 216
-9999 -9999 -9999 -9999 -9999 -9999 -9999 186 187 186 186 186 185 186 186 185 186 186 186 186 186 185 186 187 187 188 188 188 188 188 188 189 189 190 191 191 192 192 192 192 193 193 194 195 196 197 198 198 199 198 201 203 204 205 205 206 207 208 208 207 208 208 208 210 210 211 213 217 214 215 214 212 215 216 215 213 211 210 210 209 209 209 208 208 208 209 210 211 213 215 217 218
-9999 -9999 -9999 -9999 -9999 -9999 188 188 188 187 187 186 186 186 185 185 188 188 188 188 187 186 187 187 188 188 188 189 188 187 187 187 188 190 190 186 185 188 192 192 192 192 193 195 192 194 195 195 199 201 202 202 203 203 204 205 207 208 209 209 209 209 209 210 209 212 213 216 216 214 213 213 214 214 214 214 213 210 211 210 210 210 209 209 209 210 211 213 214 216 219 220
-9999 -9999 -9999 -9999 -9999 189 189 189 189 188 187 187 186 187 187 186 189 190 190 190 189 188 188 186 188 190 191 192 191 188 187 188 188 185 183 187 190 187 190 186 189 189 191 194 195 196 197 197 198 201 203 202 202 202 200 202 204 206 207 208 208 208 209 210 211 212 211 211 215 215 215 214 215 214 214 214 213 211 211 210 210 209 209 209 209 210 212 213 215 216 217 220
