resultados/variables_proyeccion_tiempo/variables_futuro_csiro_A1B/bio1.asc
ncols 330
nrows 228
xllcorner -12.000000
yllcorner 34.000000
cellsize 0.166667
NODATA_value -9999
[rows 168 to 209 of 228, columns 186 to 278 of 330]
105 112 110 122 121 129 128 133 138 132 135 127 132 138 140 125 108 126 135 138 134 137 142 148 148 148 148 149 148 148 145 145 145 146 143 143 143 143 143 142 142 144 144 143 142 140 140 140 140 140 141 142 142 142 144 146 148 149 -9999 -9999 -9999 -9999 -9999 -9999 -9999 -9999 -9999 -9999 -9999 -9999 -9999 -9999 -9999 -9999 -9999 -9999 -9999 -9999 -9999 -9999 -9999 -9999 -9999 -9999 -9999 -9999 -9999 -9999 -9999 -9999 -9999 -9999 -9999
117 120 117 111 115 124 130 131 130 140 137 126 131 136 141 131 124 120 121 135 126 135 138 144 147 144 146 146 149 148 149 148 148 148 147 145 145 145 144 145 146 142 139 138 136 135 136 136 136 138 140 141 141 142 143 146 149 151 -9999 -9999 -9999 -9999 -9999 -9999 -9999 -9999 -9999 -9999 -9999 -9999 -9999 -9999 -9999 -9999 -9999 -9999 -9999 -9999 -9999 -9999 -9999 -9999 -9999 -9999 -9999 -9999 -9999 -9999 -9999 -9999 -9999 -9999 -9999
110 116 123 114 106 105 111 118 104 119 116 127 139 142 140 142 135 118 121 135 117 121 132 138 142 144 146 147 148 146 145 146 144 145 143 143 144 143 143 144 139 138 138 134 134 133 131 132 134 136 139 141 140 142 143 147 149 152 -9999 -9999 -9999 -9999 -9999 -9999 -9999 -9999 -9999 -9999 -9999 -9999 -9999 -9999 -9999 -9999 -9999 -9999 -9999 -9999 -9999 -9999 -9999 -9999 -9999 -9999 -9999 -9999 -9999 -9999 -9999 -9999 -9999 -9999 -9999
108 111 103 115 105 102 102 96 100 123 105 107 132 132 116 130 143 133 127 120 122 96 95 120 138 143 145 144 144 145 146 146 145 143 138 144 145 143 144 144 139 136 132 136 133 133 130 132 137 136 139 140 139 143 146 147 150 151 -9999 -9999 -9999 -9999 -9999 -9999 -9999 -9999 -9999 -9999 -9999 -9999 -9999 -9999 -9999 -9999 -9999 -9999 -9999 -9999 -9999 -9999 -9999 -9999 -9999 -9999 -9999 -9999 -9999 -9999 -9999 -9999 -9999 -9999 -9999
80 101 106 103 110 96 101 98 103 124 108 101 116 132 138 137 146 140 130 125 125 117 92 98 117 136 134 137 137 139 145 143 142 136 139 139 138 143 143 145 141 141 134 132 129 137 140 140 143 143 146 147 148 147 150 -9999 -9999 -9999 -9999 -9999 -9999 -9999 -9999 -9999 -9999 -9999 -9999 -9999 -9999 -9999 -9999 -9999 -9999 -9999 -9999 -9999 -9999 -9999 -9999 -9999 -9999 -9999 -9999 -9999 -9999 -9999 -9999 -9999 -9999 -9999 -9999 -9999 -9999
78 86 90 104 119 101 96 101 114 112 121 102 101 128 122 127 145 146 131 114 123 125 119 111 93 92 110 117 136 137 134 139 135 128 134 127 133 131 135 140 143 143 130 126 125 133 136 139 143 147 151 154 152 153 -9999 -9999 -9999 -9999 -9999 -9999 -9999 -9999 -9999 -9999 -9999 -9999 -9999 -9999 -9999 -9999 -9999 -9999 -9999 -9999 -9999 -9999 -9999 -9999 -9999 -9999 -9999 -9999 -9999 -9999 -9999 -9999 -9999 -9999 -9999 -9999 -9999 -9999 -9999
96 83 83 101 101 116 93 104 100 103 122 120 114 125 118 131 142 144 139 115 111 109 117 123 121 116 112 108 132 123 125 118 111 120 127 126 132 129 128 129 128 129 124 122 118 124 129 134 138 141 143 146 154 155 -9999 -9999 -9999 -9999 -9999 -9999 -9999 -9999 -9999 -9999 -9999 -9999 -9999 -9999 -9999 -9999 -9999 -9999 -9999 -9999 -9999 -9999 -9999 -9999 -9999 -9999 -9999 -9999 -9999 -9999 -9999 -9999 -9999 -9999 -9999 -9999 -9999 -9999 -9999
110 86 127 89 98 99 81 88 125 134 129 128 133 123 121 123 125 117 133 101 97 111 112 119 123 132 132 121 115 106 100 96 90 106 93 85 90 109 106 112 113 116 116 116 125 132 139 143 142 146 146 151 149 154 -9999 -9999 -9999 -9999 -9999 -9999 -9999 -9999 -9999 -9999 -9999 -9999 -9999 -9999 -9999 -9999 -9999 -9999 -9999 -9999 -9999 -9999 -9999 -9999 -9999 -9999 -9999 -9999 -9999 -9999 -9999 -9999 -9999 -9999 -9999 -9999 -9999 -9999 -9999
155 126 125 82 82 94 67 107 143 142 133 130 137 127 121 132 121 130 125 90 95 111 118 125 118 89 118 122 120 118 117 108 103 116 134 126 122 129 133 130 132 139 144 147 149 149 149 147 149 156 157 159 -9999 -9999 -9999 -9999 -9999 -9999 -9999 -9999 -9999 -9999 -9999 -9999 -9999 -9999 -9999 -9999 -9999 -9999 -9999 -9999 -9999 -9999 -9999 -9999 -9999 -9999 -9999 -9999 -9999 -9999 -9999 -9999 -9999 -9999 -9999 -9999 -9999 -9999 -9999 -9999 -9999
164 180 144 109 88 81 114 129 147 145 139 123 133 133 136 131 140 134 113 92 105 119 121 125 127 108 107 114 124 125 134 134 139 143 145 139 134 131 134 140 148 151 149 149 151 151 148 151 156 160 161 157 161 -9999 -9999 -9999 -9999 -9999 -9999 -9999 -9999 -9999 -9999 -9999 -9999 -9999 -9999 -9999 -9999 -9999 -9999 -9999 -9999 -9999 -9999 -9999 -9999 -9999 -9999 -9999 -9999 -9999 -9999 -9999 -9999 -9999 -9999 -9999 -9999 -9999 -9999 -9999 -9999
168 183 179 129 129 134 136 142 134 139 142 102 99 130 115 126 141 134 119 116 110 104 134 134 134 87 78 77 93 125 144 150 150 151 150 151 150 148 147 150 152 154 152 150 152 155 152 152 152 154 153 156 160 162 -9999 -9999 -9999 -9999 -9999 -9999 -9999 -9999 -9999 -9999 -9999 -9999 -9999 -9999 -9999 -9999 -9999 -9999 -9999 -9999 -9999 -9999 -9999 -9999 -9999 -9999 -9999 -9999 -9999 -9999 -9999 -9999 -9999 -9999 -9999 -9999 -9999 -9999 -9999
158 157 179 174 142 138 124 136 134 113 83 81 129 137 137 136 147 143 137 115 94 107 121 127 143 90 53 62 80 97 118 132 146 142 146 152 152 154 154 155 154 155 148 145 154 155 151 149 146 144 150 153 155 157 162 -9999 -9999 -9999 -9999 -9999 -9999 -9999 -9999 -9999 -9999 -9999 -9999 -9999 -9999 -9999 -9999 -9999 -9999 -9999 -9999 -9999 -9999 -9999 -9999 -9999 -9999 -9999 -9999 -9999 -9999 -9999 159 -9999 -9999 -9999 -9999 -9999 -9999
-9999 178 182 179 162 142 130 116 112 83 64 130 125 130 139 150 145 147 145 147 144 138 125 126 143 112 101 117 89 92 85 86 112 90 108 120 138 141 150 154 152 156 155 147 150 156 151 151 151 142 141 145 149 158 160 -9999 -9999 -9999 -9999 -9999 -9999 -9999 -9999 -9999 -9999 -9999 -9999 -9999 -9999 -9999 -9999 -9999 -9999 -9999 -9999 -9999 -9999 -9999 -9999 -9999 -9999 -9999 158 149 142 137 126 130 136 125 141 142 145
-9999 -9999 -9999 182 164 166 124 110 126 81 89 126 109 118 85 132 151 153 155 147 120 107 120 110 121 125 58 98 106 87 86 90 104 90 94 99 122 136 143 150 151 151 157 161 161 164 162 162 162 159 152 141 141 154 158 -9999 -9999 -9999 -9999 -9999 -9999 -9999 -9999 -9999 -9999 -9999 -9999 -9999 -9999 -9999 -9999 -9999 -9999 -9999 -9999 -9999 -9999 -9999 -9999 153 150 145 128 129 127 121 116 106 105 103 101 104 112
-9999 -9999 184 183 163 143 151 107 139 108 89 119 111 128 112 138 144 157 158 146 146 148 127 114 131 160 118 100 135 127 112 94 91 87 107 114 127 139 148 149 148 147 153 162 165 166 164 166 166 164 159 153 151 153 156 161 -9999 -9999 -9999 -9999 -9999 -9999 -9999 -9999 -9999 -9999 -9999 -9999 -9999 -9999 -9999 -9999 -9999 -9999 -9999 -9999 -9999 162 160 158 156 147 131 122 120 113 110 110 112 111 118 131 126
-9999 -9999 186 183 180 150 120 105 122 113 100 122 119 123 139 128 132 149 152 153 149 152 154 141 148 163 164 118 133 134 138 122 134 116 107 121 136 145 148 149 146 147 156 162 164 166 165 168 170 166 159 157 157 155 152 155 162 164 -9999 -9999 -9999 -9999 -9999 -9999 -9999 -9999 -9999 -9999 -9999 -9999 -9999 -9999 -9999 -9999 -9999 157 154 149 160 157 147 130 130 122 120 109 113 118 126 131 127 124 115
-9999 -9999 -9999 183 176 164 138 147 108 114 131 114 117 132 141 127 130 132 125 121 160 167 161 159 157 168 164 127 122 142 128 144 147 146 136 142 150 141 144 147 141 139 155 162 165 165 165 164 167 164 159 158 156 156 156 156 160 162 163 162 163 166 164 164 -9999 -9999 -9999 163 165 -9999 -9999 -9999 -9999 -9999 157 156 145 149 153 147 140 127 141 134 132 128 123 118 117 114 107 98 94
-9999 -9999 186 187 178 172 172 129 129 132 144 112 119 125 142 130 126 108 129 127 154 176 175 166 152 175 183 172 154 163 177 171 143 145 162 171 171 170 172 170 160 143 154 166 168 165 161 160 164 161 156 157 159 159 160 160 159 162 163 165 165 164 162 159 161 163 165 165 164 163 157 156 152 154 151 137 132 147 131 135 111 139 134 128 126 112 103 91 89 84 118 125 135
-9999 -9999 190 190 188 183 167 148 113 126 131 118 122 94 142 137 96 132 167 144 159 181 180 177 159 154 173 182 183 170 146 172 168 178 178 177 176 174 171 167 163 169 168 170 168 165 162 162 162 157 158 -9999 -9999 160 -9999 -9999 -9999 164 165 167 170 166 164 158 158 158 162 165 168 163 144 149 147 147 136 124 119 131 130 110 109 128 113 107 111 113 108 117 112 119 118 102 116
-9999 -9999 190 190 187 182 152 151 116 122 134 118 124 106 127 137 141 138 170 182 183 185 184 179 181 171 168 163 168 174 172 174 -9999 161 157 -9999 -9999 -9999 -9999 -9999 -9999 -9999 174 170 170 166 162 159 159 149 153 -9999 -9999 -9999 -9999 -9999 -9999 -9999 -9999 -9999 -9999 -9999 168 165 159 169 169 167 170 168 156 137 139 142 128 126 128 115 118 115 107 96 104 108 107 107 111 119 116 120 111 113 128
-9999 -9999 190 188 180 163 159 130 108 112 126 122 122 132 117 142 143 103 145 182 185 187 189 187 173 172 179 173 169 -9999 -9999 -9999 -9999 170 167 -9999 -9999 -9999 -9999 177 -9999 -9999 174 173 169 168 169 166 160 167 -9999 158 163 165 -9999 -9999 -9999 -9999 168 153 154 160 160 158 145 138 133 148 143 140 134 121 122 116 115 109 95 94 105 104 104 111 100 92 109 106 113 134 134 133 141 143 149
-9999 -9999 176 176 167 171 149 147 133 123 100 110 130 142 135 122 140 131 125 154 172 182 -9999 188 184 172 162 163 173 183 182 186 -9999 -9999 -9999 -9999 -9999 -9999 176 143 176 -9999 -9999 172 167 169 169 167 167 166 169 166 148 157 158 154 163 163 163 166 167 157 161 164 159 154 163 152 142 137 126 120 124 123 118 127 123 109 98 114 124 117 112 100 105 125 124 137 147 151 153 145 132
-9999 -9999 171 147 152 131 146 145 143 131 111 117 118 141 148 134 144 160 139 135 179 188 -9999 -9999 190 190 187 183 185 -9999 172 168 170 -9999 -9999 -9999 -9999 -9999 -9999 -9999 168 172 -9999 173 171 166 160 155 168 167 162 163 162 163 164 164 164 168 168 168 167 157 155 161 157 150 162 143 137 135 138 133 125 128 136 136 137 128 138 132 130 123 128 119 122 121 132 143 143 141 151 144 128
-9999 -9999 -9999 -9999 170 148 149 145 126 149 144 112 109 134 151 151 149 147 140 124 108 182 -9999 -9999 -9999 -9999 189 -9999 179 173 188 124 161 -9999 -9999 -9999 -9999 -9999 -9999 -9999 166 172 -9999 173 167 161 152 162 164 157 146 157 160 164 166 167 167 162 154 147 129 104 147 154 138 135 151 150 148 139 143 148 140 138 153 157 156 153 150 146 130 140 126 130 123 110 137 132 130 128 149 144 129
-9999 -9999 189 -9999 -9999 182 180 155 155 155 120 114 108 123 146 157 149 146 167 160 152 168 185 -9999 -9999 -9999 186 186 192 180 -9999 -9999 -9999 -9999 -9999 -9999 180 179 179 -9999 -9999 -9999 178 176 163 161 161 161 154 155 158 155 158 153 158 154 150 157 145 148 138 126 115 127 122 128 129 127 127 126 126 131 126 124 125 138 143 143 147 143 141 139 140 134 121 130 146 135 134 141 147 133 122
-9999 -9999 -9999 -9999 190 178 190 154 159 167 151 143 123 115 140 168 160 145 176 178 187 172 159 190 -9999 -9999 -9999 -9999 -9999 -9999 -9999 -9999 -9999 -9999 -9999 -9999 186 176 182 -9999 -9999 -9999 176 171 174 162 152 132 148 158 154 158 158 159 163 159 140 140 146 137 137 133 134 131 116 119 126 129 134 136 135 139 143 143 143 145 146 153 144 141 146 132 136 124 128 131 142 134 126 145 145 149 145
-9999 -9999 -9999 -9999 197 196 186 183 173 163 150 155 134 109 114 163 188 184 183 185 188 192 182 171 189 -9999 -9999 -9999 -9999 -9999 -9999 -9999 -9999 -9999 -9999 187 179 -9999 -9999 -9999 -9999 -9999 180 170 168 164 151 172 176 160 163 161 164 170 169 158 148 144 151 148 145 134 133 128 125 123 128 129 130 129 135 136 138 135 134 139 148 151 146 141 141 132 138 136 135 134 145 135 139 141 127 123 141
-9999 -9999 -9999 -9999 -9999 198 198 183 174 158 156 151 151 131 126 154 181 193 193 190 187 181 190 184 156 190 -9999 -9999 -9999 -9999 182 189 -9999 -9999 -9999 -9999 -9999 -9999 -9999 -9999 -9999 -9999 168 174 190 191 188 181 160 149 162 165 158 165 167 157 145 129 137 138 126 138 128 130 121 123 132 120 118 128 132 138 141 141 140 136 141 150 147 143 137 131 135 135 140 147 144 132 134 127 125 128 132
-9999 -9999 -9999 -9999 -9999 -9999 191 194 183 187 176 181 181 155 149 118 142 180 191 194 180 186 196 191 194 190 188 -9999 -9999 188 191 -9999 -9999 -9999 -9999 -9999 -9999 -9999 -9999 -9999 -9999 183 178 180 186 190 190 171 161 173 177 177 159 160 164 162 144 144 125 138 127 140 124 135 132 132 130 129 124 130 126 134 139 143 145 146 140 146 148 146 139 134 134 132 137 137 143 141 128 122 128 128 135
-9999 -9999 -9999 -9999 -9999 -9999 -9999 -9999 -9999 187 197 201 191 156 162 143 144 138 165 176 175 152 169 196 194 199 202 188 188 189 -9999 -9999 -9999 -9999 -9999 -9999 -9999 -9999 -9999 -9999 -9999 189 179 184 181 192 -9999 186 182 188 180 159 177 173 152 142 144 142 137 136 137 131 139 132 128 132 137 135 133 126 119 129 137 142 143 145 147 147 146 145 144 139 138 134 136 140 142 139 144 145 143 136 134
-9999 -9999 -9999 -9999 -9999 -9999 -9999 -9999 -9999 -9999 200 195 192 180 175 171 139 145 177 182 191 184 181 195 196 182 190 -9999 -9999 -9999 -9999 -9999 186 189 -9999 -9999 -9999 -9999 -9999 -9999 -9999 -9999 -9999 -9999 191 189 182 186 189 172 163 180 188 175 160 159 155 158 153 144 144 153 147 134 117 132 136 134 137 135 129 130 128 123 135 140 141 146 146 143 139 133 141 141 141 143 144 139 131 139 145 149 141
-9999 -9999 -9999 -9999 -9999 -9999 -9999 -9999 -9999 177 197 177 175 187 186 143 137 132 129 126 174 180 186 191 203 189 195 189 184 -9999 -9999 -9999 -9999 181 -9999 -9999 -9999 -9999 -9999 -9999 -9999 -9999 -9999 -9999 -9999 -9999 189 195 181 182 189 192 190 184 175 167 175 168 165 160 158 160 145 142 147 134 127 137 134 142 142 135 136 131 133 138 141 147 146 144 139 139 137 142 145 146 146 146 135 128 136 141 147
-9999 -9999 -9999 -9999 -9999 -9999 -9999 -9999 -9999 194 199 196 190 199 196 187 168 146 150 128 153 138 191 188 194 200 198 192 189 167 187 186 -9999 -9999 -9999 -9999 -9999 -9999 -9999 196 -9999 184 173 198 180 181 197 199 192 180 175 193 185 190 192 185 169 160 170 164 161 156 157 155 142 138 135 137 126 136 136 138 132 144 145 144 135 138 143 143 141 138 139 143 145 146 147 148 147 137 125 136 135
-9999 -9999 -9999 -9999 -9999 -9999 -9999 -9999 206 185 201 -9999 202 205 188 187 180 184 167 165 187 167 172 186 199 199 195 202 196 190 198 203 -9999 -9999 -9999 -9999 -9999 -9999 -9999 -9999 -9999 194 178 197 192 187 195 193 197 187 175 180 171 162 158 166 185 178 161 157 159 162 160 158 140 140 144 144 120 138 139 133 126 121 144 147 140 137 138 140 140 139 142 143 144 145 147 148 149 149 141 139 135
-9999 -9999 -9999 -9999 -9999 -9999 -9999 -9999 198 178 171 -9999 -9999 208 207 205 189 161 190 202 -9999 187 168 168 186 186 186 190 189 193 202 198 -9999 -9999 -9999 -9999 -9999 -9999 -9999 -9999 -9999 195 195 195 194 184 192 183 186 193 188 177 177 180 168 166 147 178 179 158 164 170 158 152 160 150 136 142 140 135 145 144 146 135 118 139 138 140 139 137 138 142 143 139 143 144 144 147 148 146 144 131 117
-9999 -9999 -9999 -9999 -9999 -9999 -9999 -9999 -9999 181 186 -9999 -9999 -9999 206 194 180 153 150 148 161 188 200 194 181 193 191 198 194 193 209 187 186 186 -9999 -9999 -9999 -9999 -9999 -9999 -9999 -9999 -9999 -9999 -9999 194 -9999 191 189 191 194 193 183 175 170 167 162 153 159 177 163 156 156 160 151 154 154 146 136 131 133 153 128 135 133 120 131 125 119 116 123 142 143 135 140 142 141 142 142 141 127 109 98
-9999 -9999 -9999 -9999 -9999 -9999 -9999 -9999 -9999 186 190 -9999 206 209 202 190 156 146 154 134 133 165 192 201 195 204 210 209 200 205 206 -9999 204 195 196 187 -9999 -9999 -9999 -9999 -9999 -9999 -9999 -9999 -9999 -9999 -9999 -9999 -9999 194 188 191 187 174 185 191 194 187 185 194 192 163 162 151 146 160 147 145 150 152 146 151 114 115 143 139 131 129 114 121 133 148 147 142 131 139 140 139 140 139 140 141 143
-9999 -9999 -9999 -9999 -9999 -9999 -9999 -9999 -9999 196 193 211 -9999 209 201 192 172 168 153 152 143 175 188 174 185 -9999 206 209 212 204 204 -9999 -9999 -9999 -9999 191 -9999 -9999 -9999 -9999 -9999 -9999 -9999 -9999 204 175 184 194 200 187 196 198 196 198 192 178 177 171 162 145 170 164 153 156 155 140 147 158 140 142 129 144 136 115 140 144 141 128 118 125 140 148 147 146 144 143 140 142 129 138 146 148 149
-9999 -9999 -9999 -9999 -9999 -9999 -9999 -9999 -9999 -9999 -9999 -9999 -9999 207 208 202 192 178 142 138 154 166 203 191 184 190 200 209 -9999 -9999 -9999 196 191 -9999 200 -9999 197 192 -9999 -9999 -9999 -9999 184 184 -9999 198 180 194 190 205 206 184 181 197 190 156 178 175 162 160 149 139 143 136 143 146 156 140 146 150 167 153 133 133 138 141 138 140 112 133 143 146 148 148 147 145 144 144 146 147 146 140 129
-9999 -9999 -9999 -9999 -9999 -9999 -9999 -9999 -9999 -9999 -9999 -9999 -9999 -9999 -9999 206 181 157 176 158 156 168 192 207 194 194 195 198 -9999 210 -9999 -9999 202 -9999 -9999 204 -9999 208 202 -9999 -9999 -9999 -9999 -9999 -9999 207 206 -9999 -9999 208 203 194 187 177 186 174 156 177 173 147 149 140 160 136 134 144 151 138 156 156 177 171 131 151 131 131 124 144 132 126 143 148 148 148 137 144 147 144 137 133 118 114 91
-9999 -9999 -9999 -9999 -9999 -9999 -9999 -9999 -9999 -9999 -9999 -9999 -9999 -9999 -9999 202 183 190 170 164 162 140 162 191 204 205 200 -9999 -9999 -9999 -9999 -9999 203 196 -9999 -9999 -9999 -9999 -9999 196 -9999 -9999 -9999 -9999 -9999 208 206 211 -9999 -9999 209 203 207 175 176 178 151 163 170 157 134 147 148 149 142 137 124 156 166 164 187 185 152 173 130 122 140 124 140 139 131 136 139 141 151 152 148 139 130 116 89 66 90
-9999 -9999 -9999 -9999 -9999 -9999 -9999 -9999 -9999 -9999 -9999 -9999 -9999 -9999 -9999 198 179 194 182 145 179 164 157 171 -9999 -9999 -9999 -9999 -9999 -9999 -9999 -9999 196 209 208 -9999 204 201 198 186 197 -9999 -9999 -9999 -9999 -9999 -9999 206 214 207 205 205 197 193 175 181 193 187 148 146 163 147 140 148 139 129 139 159 166 190 204 212 188 190 162 153 150 113 109 122 132 136 145 141 139 141 135 123 111 99 88 91 127
