resultados/variables_proyeccion_tiempo/variables_futuro_csiro_A1B/bio13.asc
ncols 330
nrows 228
xllcorner -12.000000
yllcorner 34.000000
cellsize 0.166667
NODATA_value -9999
[rows 47 to 93 of 228, columns 96 to 191 of 330]
-9999 -9999 -9999 -9999 -9999 -9999 -9999 -9999 -9999 -9999 -9999 -9999 -9999 -9999 -9999 -9999 -9999 -9999 -9999 -9999 -9999 -9999 -9999 -9999 -9999 -9999 -9999 -9999 -9999 -9999 -9999 -9999 -9999 -9999 -9999 184 184 183 183 184 184 185 186 188 188 185 182 177 170 164 158 152 146 140 134 129 124 118 111 104 98 100 103 102 102 98 96 94 94 95 94 91 89 87 87 89 90 90 88 87 89 92 94 93 93 93 94 95 96 95 94 93 94 93 93 90
-9999 -9999 -9999 -9999 -9999 -9999 -9999 -9999 -9999 -9999 -9999 -9999 -9999 -9999 -9999 -9999 -9999 -9999 -9999 -9999 -9999 -9999 -9999 -9999 -9999 -9999 -9999 -9999 -9999 -9999 207 -9999 -9999 -9999 181 180 180 180 178 176 175 174 172 173 171 170 167 162 156 150 145 140 136 130 127 122 118 115 110 103 99 95 96 98 97 96 96 94 93 94 93 93 91 90 89 91 92 93 90 90 91 92 93 93 93 93 93 95 95 94 95 93 93 92 91 90
-9999 -9999 -9999 -9999 -9999 -9999 -9999 -9999 -9999 -9999 -9999 -9999 -9999 -9999 -9999 -9999 -9999 -9999 -9999 -9999 -9999 -9999 -9999 -9999 -9999 210 210 208 206 204 -9999 -9999 191 180 179 175 174 172 170 166 166 163 158 157 156 155 152 148 143 139 135 131 128 122 118 114 109 104 102 104 102 99 95 93 94 93 94 94 94 94 93 94 93 93 92 92 92 91 90 92 91 91 91 93 94 94 93 95 94 93 93 93 92 91 90 87
-9999 -9999 -9999 -9999 -9999 -9999 -9999 -9999 -9999 -9999 -9999 -9999 -9999 -9999 -9999 -9999 -9999 -9999 -9999 -9999 -9999 -9999 -9999 -9999 -9999 -9999 208 206 204 201 196 188 181 174 169 166 163 162 160 160 149 148 146 143 141 140 139 137 133 129 126 122 119 115 110 109 106 101 99 98 98 96 95 95 94 97 98 96 95 95 97 96 95 95 94 94 92 92 90 90 89 89 90 90 92 93 95 93 94 94 92 91 89 88 87 86
-9999 -9999 -9999 -9999 -9999 -9999 -9999 -9999 -9999 -9999 -9999 -9999 -9999 -9999 -9999 -9999 -9999 -9999 -9999 -9999 -9999 -9999 -9999 203 205 206 207 204 200 195 190 183 174 166 159 154 146 143 140 135 132 132 130 129 129 129 127 126 123 120 117 113 111 111 112 105 105 103 100 99 97 95 94 95 96 97 99 98 97 98 98 99 100 98 96 94 93 90 91 91 90 91 91 92 92 92 93 94 93 92 90 88 87 87 86 -9999
-9999 -9999 -9999 -9999 -9999 -9999 -9999 -9999 -9999 -9999 -9999 -9999 -9999 -9999 -9999 -9999 -9999 -9999 -9999 -9999 -9999 -9999 -9999 200 200 200 199 197 192 188 182 172 163 155 147 140 136 131 126 122 120 119 118 118 118 119 118 117 114 116 113 111 113 114 110 107 105 103 101 99 96 95 95 96 97 97 97 98 98 99 98 98 99 98 98 95 92 90 87 87 89 90 91 94 94 93 92 91 90 89 88 -9999 -9999 -9999 -9999 -9999
-9999 -9999 -9999 -9999 -9999 -9999 -9999 -9999 -9999 -9999 -9999 -9999 -9999 -9999 -9999 -9999 -9999 -9999 -9999 -9999 224 213 204 197 195 194 191 187 182 176 171 163 153 144 136 128 123 119 115 112 109 108 107 108 108 108 109 111 114 119 117 124 120 114 115 118 114 112 113 106 100 98 96 99 99 100 100 100 102 102 101 99 98 96 94 94 93 90 90 91 89 89 89 93 95 94 93 90 90 -9999 -9999 -9999 -9999 -9999 -9999 -9999
-9999 -9999 -9999 -9999 -9999 -9999 -9999 -9999 -9999 -9999 -9999 -9999 -9999 -9999 -9999 -9999 243 242 242 242 232 215 200 191 187 183 179 174 170 161 153 147 139 131 125 119 115 111 107 104 101 103 100 101 107 110 107 108 116 117 119 118 118 120 116 112 112 113 115 110 106 101 98 98 100 101 101 102 102 102 102 102 98 97 97 93 94 94 94 94 94 93 92 92 93 93 92 90 -9999 -9999 -9999 -9999 -9999 -9999 -9999 -9999
-9999 -9999 -9999 -9999 -9999 -9999 -9999 -9999 -9999 -9999 -9999 -9999 -9999 299 272 259 253 248 245 242 227 209 193 182 176 169 164 158 153 145 140 136 129 122 118 112 108 106 104 104 106 104 103 101 100 105 106 107 113 116 115 116 114 114 110 110 111 109 107 106 106 103 101 102 102 102 102 103 104 105 102 101 99 96 96 94 92 94 94 95 93 93 93 92 92 91 -9999 -9999 -9999 -9999 -9999 -9999 -9999 -9999 -9999 -9999
-9999 -9999 -9999 -9999 -9999 -9999 -9999 -9999 -9999 -9999 -9999 -9999 318 311 293 275 261 251 241 236 217 200 183 174 166 162 153 148 144 136 132 126 121 115 113 109 105 102 102 105 105 102 99 98 99 101 102 106 113 113 110 110 114 114 110 111 112 111 112 112 109 106 103 105 104 104 105 106 105 102 100 100 98 96 94 95 95 94 94 93 92 93 93 93 92 -9999 -9999 -9999 -9999 -9999 -9999 -9999 -9999 -9999 -9999 -9999
-9999 -9999 -9999 -9999 -9999 -9999 -9999 -9999 -9999 347 346 338 322 311 294 279 269 252 243 232 214 196 184 168 159 152 143 133 137 133 128 123 119 113 112 109 108 105 98 99 99 95 97 101 100 100 101 101 106 110 111 109 109 110 108 109 108 108 108 109 113 108 106 104 104 102 103 102 102 102 104 101 99 96 94 94 96 96 95 94 91 90 90 -9999 -9999 -9999 -9999 -9999 -9999 -9999 -9999 -9999 -9999 -9999 -9999 -9999
-9999 -9999 -9999 -9999 -9999 -9999 363 364 362 360 351 342 334 322 309 291 276 255 231 217 200 188 180 167 143 136 134 125 124 121 119 116 109 106 107 110 105 104 99 96 95 96 102 105 101 103 99 100 108 109 109 111 111 112 113 113 111 112 108 109 106 109 110 109 105 103 102 103 103 102 102 102 100 100 99 99 99 97 95 94 92 90 -9999 -9999 -9999 -9999 -9999 -9999 -9999 -9999 -9999 -9999 -9999 -9999 -9999 -9999
-9999 -9999 -9999 -9999 -9999 -9999 372 374 377 374 370 355 340 329 312 297 275 252 237 217 196 184 164 161 159 144 132 122 116 108 102 103 110 108 108 100 101 102 101 96 96 96 98 102 101 99 98 102 108 108 110 107 109 111 112 114 110 111 109 107 105 105 106 106 106 103 102 103 102 103 100 98 99 98 99 100 99 98 97 96 92 91 -9999 -9999 -9999 -9999 -9999 -9999 -9999 -9999 -9999 -9999 -9999 -9999 -9999 -9999
-9999 -9999 -9999 -9999 -9999 373 377 389 392 389 379 365 351 332 313 289 271 248 225 207 197 176 152 132 130 122 123 114 107 100 97 96 99 111 114 113 106 103 104 106 102 93 93 101 102 101 99 100 103 103 103 104 106 109 108 113 112 111 110 109 108 109 108 106 107 106 105 102 100 99 97 95 97 99 98 97 98 98 96 93 93 -9999 -9999 -9999 -9999 -9999 -9999 -9999 -9999 -9999 -9999 -9999 -9999 -9999 -9999 -9999
-9999 -9999 -9999 -9999 -9999 367 390 401 407 399 391 376 359 343 315 299 274 256 236 212 186 167 151 150 143 131 117 119 116 98 91 93 94 93 100 102 105 104 103 99 95 97 96 95 99 99 101 104 107 106 106 107 106 104 104 105 108 110 110 111 109 108 109 108 107 105 103 102 102 100 97 97 97 98 100 99 98 97 95 93 92 -9999 -9999 -9999 -9999 -9999 -9999 -9999 -9999 -9999 -9999 -9999 -9999 -9999 -9999 -9999
-9999 -9999 -9999 -9999 348 366 389 407 408 405 393 386 370 349 324 299 281 253 224 191 182 150 137 141 140 144 138 129 116 100 102 94 100 96 94 95 96 101 107 105 101 96 94 93 101 101 103 106 103 109 109 112 111 106 104 104 105 109 111 112 112 111 110 109 106 103 101 99 98 100 99 101 102 100 100 101 101 98 95 93 92 -9999 -9999 -9999 -9999 -9999 -9999 -9999 -9999 -9999 -9999 -9999 -9999 -9999 -9999 -9999
-9999 -9999 -9999 -9999 -9999 370 395 418 415 412 403 391 375 357 334 306 271 248 216 186 161 154 142 130 139 133 126 120 109 105 99 96 98 103 99 101 101 95 102 106 105 100 94 94 98 98 98 100 102 103 106 106 108 107 103 104 106 106 108 108 108 110 109 108 106 102 99 99 98 98 99 99 99 101 100 101 100 98 96 -9999 -9999 -9999 -9999 -9999 -9999 -9999 -9999 -9999 -9999 -9999 -9999 -9999 -9999 -9999 -9999 -9999
-9999 -9999 -9999 -9999 329 368 392 417 425 426 418 406 384 364 336 299 275 244 210 185 168 149 135 138 129 121 120 113 98 92 97 98 101 101 100 99 96 93 96 105 103 105 103 94 91 96 97 99 104 101 101 103 104 107 106 104 104 104 104 104 103 105 105 102 101 100 98 100 100 101 101 102 103 101 100 100 99 98 96 96 -9999 -9999 -9999 -9999 -9999 -9999 -9999 -9999 -9999 -9999 -9999 -9999 -9999 -9999 -9999 -9999
-9999 -9999 -9999 -9999 324 361 397 419 429 428 430 417 395 367 342 306 278 247 219 203 176 159 146 136 132 129 121 103 94 91 89 96 99 100 103 101 100 98 90 95 97 97 98 95 90 92 97 99 99 101 100 99 101 105 106 106 105 104 103 104 103 102 98 96 99 100 100 101 102 103 102 105 106 104 104 103 100 99 97 -9999 -9999 -9999 -9999 -9999 -9999 -9999 -9999 -9999 -9999 -9999 -9999 -9999 -9999 -9999 -9999 -9999
-9999 -9999 -9999 -9999 331 357 388 423 444 456 446 432 404 375 345 314 285 256 229 210 193 177 162 148 138 122 111 107 98 94 95 94 98 98 99 98 96 97 97 92 90 91 93 95 91 91 92 96 97 98 97 100 102 102 104 104 104 105 103 101 102 102 99 96 97 99 100 101 103 103 103 106 106 104 103 101 99 99 98 97 -9999 -9999 -9999 -9999 -9999 -9999 -9999 -9999 -9999 -9999 -9999 -9999 -9999 -9999 -9999 -9999
-9999 -9999 -9999 -9999 306 341 366 397 448 456 452 441 415 376 344 317 287 262 239 222 201 178 161 141 131 123 109 100 93 91 95 101 100 98 98 99 97 93 96 94 90 87 86 88 91 93 92 94 94 94 96 99 98 100 102 103 102 103 103 101 100 102 102 101 100 100 101 103 103 102 101 102 103 104 102 101 100 99 98 97 -9999 -9999 -9999 -9999 -9999 -9999 -9999 -9999 -9999 -9999 -9999 -9999 -9999 -9999 -9999 -9999
-9999 -9999 -9999 -9999 308 317 348 380 408 442 456 445 409 379 342 314 284 257 242 221 207 184 164 149 127 113 105 99 98 95 91 98 101 103 98 95 96 93 95 96 96 97 94 89 94 97 96 93 92 94 98 100 99 99 97 100 103 103 102 100 100 99 99 102 102 101 102 103 102 101 100 102 101 100 99 98 98 98 98 96 94 91 88 87 -9999 -9999 83 -9999 -9999 -9999 -9999 -9999 -9999 -9999 -9999 -9999
-9999 -9999 -9999 -9999 -9999 307 328 354 396 429 441 434 403 367 338 308 280 264 238 220 198 179 158 142 129 118 109 102 100 102 104 98 98 98 102 101 95 96 91 97 100 98 94 93 96 94 97 96 94 96 96 96 97 95 95 96 99 100 100 100 99 99 100 101 102 103 106 105 102 101 100 99 99 100 99 98 97 97 96 95 93 91 89 87 85 84 82 -9999 -9999 -9999 -9999 -9999 -9999 77 78 78
-9999 -9999 -9999 -9999 -9999 294 309 335 370 397 412 408 384 354 332 304 283 263 242 224 203 179 160 145 132 123 116 110 105 101 100 102 103 98 95 94 95 93 95 98 98 97 96 94 95 94 95 96 93 95 94 96 93 93 91 95 93 95 96 98 99 102 102 103 104 103 103 104 102 101 100 98 98 98 97 96 95 95 94 93 91 90 88 87 85 83 81 79 77 -9999 -9999 -9999 -9999 76 77 78
-9999 -9999 -9999 -9999 -9999 -9999 298 315 339 365 377 374 370 349 326 298 279 260 242 221 200 178 160 147 135 125 119 113 105 107 98 100 98 96 96 96 94 93 98 98 97 98 99 98 96 96 97 97 93 93 92 94 93 91 89 91 91 90 92 94 97 98 101 103 104 104 103 101 99 98 97 97 96 95 95 94 93 92 92 90 89 87 86 85 83 81 79 77 75 73 -9999 -9999 -9999 -9999 76 76
-9999 -9999 -9999 -9999 -9999 -9999 291 305 341 349 353 364 356 341 317 294 274 253 237 216 196 177 167 148 132 126 120 117 107 104 104 104 100 101 100 99 101 97 97 96 97 100 101 101 100 99 97 94 91 89 89 90 91 90 88 88 89 88 91 94 95 97 98 99 100 100 101 101 98 97 94 94 93 92 92 90 90 89 89 88 86 85 83 82 80 79 76 74 73 71 71 -9999 -9999 -9999 -9999 -9999
-9999 -9999 -9999 -9999 -9999 -9999 -9999 294 315 318 328 338 336 334 316 293 268 252 232 210 188 166 155 146 125 124 124 117 113 110 104 107 106 105 104 103 102 99 99 99 100 102 104 103 103 102 100 97 94 90 88 87 90 89 87 86 86 88 90 91 92 94 95 96 96 97 94 95 93 92 91 91 90 90 88 87 87 86 85 84 83 82 81 80 78 76 74 72 70 70 69 69 -9999 -9999 -9999 -9999
-9999 -9999 -9999 -9999 -9999 -9999 -9999 274 289 306 312 323 332 327 313 294 268 250 230 210 189 181 155 134 129 123 120 118 119 113 109 107 110 111 109 109 106 104 102 102 103 104 105 106 105 104 102 99 96 94 90 87 86 85 85 84 84 85 85 88 89 90 93 93 94 91 90 88 88 88 87 87 86 86 85 84 84 83 82 81 80 79 78 77 75 74 72 70 69 68 -9999 -9999 -9999 -9999 -9999 -9999
-9999 -9999 -9999 -9999 -9999 -9999 -9999 250 265 276 295 306 311 319 319 301 278 255 234 214 193 181 159 142 132 125 123 121 120 119 113 112 115 116 116 112 109 107 105 104 105 106 108 108 108 107 104 100 98 95 92 89 86 84 84 83 83 83 83 84 86 88 89 90 90 89 85 84 83 84 83 83 83 83 82 82 81 81 80 79 78 76 75 74 73 71 69 68 66 66 -9999 -9999 -9999 -9999 -9999 -9999
-9999 -9999 -9999 -9999 -9999 189 -9999 222 239 260 267 279 298 318 319 303 281 259 238 219 198 183 166 152 140 141 132 131 126 123 118 116 114 115 115 113 111 108 107 106 106 107 108 110 110 109 106 103 99 96 93 89 86 84 81 81 81 81 81 82 83 86 86 87 87 84 80 80 80 81 81 81 81 81 81 81 80 80 79 78 76 75 73 72 70 69 67 66 68 67 -9999 -9999 -9999 -9999 -9999 -9999
-9999 -9999 -9999 -9999 -9999 -9999 -9999 210 211 229 251 269 298 313 311 302 281 257 242 225 207 187 176 162 151 146 140 138 134 129 124 121 118 116 114 112 109 108 107 -9999 107 108 109 111 111 110 108 104 101 97 94 89 85 82 80 79 79 79 80 80 81 83 84 84 83 82 80 80 80 80 80 80 79 80 79 79 79 78 78 76 74 72 70 69 67 66 65 -9999 -9999 -9999 -9999 -9999 -9999 -9999 -9999 -9999
-9999 -9999 -9999 -9999 -9999 -9999 -9999 -9999 -9999 216 233 261 281 302 311 299 279 259 244 230 215 196 180 172 162 154 148 143 141 136 130 125 120 116 113 110 108 -9999 -9999 -9999 -9999 -9999 108 109 112 110 108 105 101 98 93 88 84 81 78 78 77 77 78 78 80 82 84 84 85 83 82 81 80 80 78 78 78 78 77 76 76 77 76 74 72 69 67 65 64 63 63 -9999 -9999 -9999 -9999 -9999 -9999 -9999 -9999 -9999
-9999 -9999 -9999 -9999 -9999 -9999 -9999 -9999 -9999 208 230 258 278 291 296 287 271 261 250 238 222 208 192 182 171 163 156 151 146 140 133 127 121 -9999 -9999 -9999 -9999 -9999 -9999 -9999 -9999 -9999 107 108 110 109 107 105 102 99 93 88 84 80 78 77 76 76 77 77 79 81 82 83 82 81 81 79 78 78 77 77 77 77 76 75 75 75 75 73 70 68 65 63 -9999 -9999 -9999 -9999 -9999 -9999 -9999 -9999 -9999 -9999 -9999 -9999
-9999 -9999 -9999 -9999 -9999 -9999 -9999 -9999 -9999 210 228 244 256 274 278 278 272 264 255 244 229 215 201 194 185 174 166 158 149 141 134 -9999 -9999 -9999 -9999 -9999 -9999 -9999 -9999 -9999 -9999 -9999 -9999 106 107 107 106 104 102 98 94 90 86 82 78 77 77 76 77 76 77 79 79 79 79 78 78 77 77 77 76 75 74 73 72 72 72 72 72 -9999 -9999 -9999 -9999 -9999 -9999 -9999 -9999 -9999 -9999 -9999 -9999 -9999 -9999 -9999 -9999 -9999
-9999 -9999 -9999 -9999 -9999 -9999 -9999 -9999 -9999 -9999 -9999 228 240 250 263 269 271 265 257 245 232 220 211 203 197 190 178 162 150 142 -9999 -9999 -9999 -9999 -9999 -9999 -9999 -9999 -9999 -9999 -9999 -9999 -9999 105 105 105 105 104 101 98 95 92 89 85 80 77 78 78 81 77 76 77 77 76 77 77 76 75 75 75 74 74 73 72 71 71 70 70 -9999 -9999 -9999 -9999 -9999 -9999 -9999 -9999 -9999 -9999 -9999 -9999 -9999 79 -9999 -9999 -9999 -9999
-9999 -9999 -9999 -9999 -9999 -9999 -9999 -9999 -9999 -9999 -9999 -9999 -9999 -9999 251 258 262 261 255 245 234 222 215 208 202 195 179 167 -9999 -9999 -9999 -9999 -9999 -9999 -9999 -9999 -9999 -9999 -9999 -9999 -9999 -9999 -9999 -9999 103 103 103 103 103 101 99 98 94 90 85 81 80 81 81 78 77 75 74 75 76 76 75 75 74 74 73 73 72 71 70 69 68 67 -9999 -9999 -9999 -9999 -9999 -9999 -9999 -9999 -9999 -9999 -9999 -9999 -9999 -9999 -9999 -9999 -9999 -9999
-9999 -9999 -9999 -9999 -9999 -9999 -9999 -9999 -9999 -9999 -9999 -9999 -9999 -9999 -9999 247 255 254 245 240 230 219 213 204 196 194 -9999 -9999 -9999 -9999 -9999 -9999 -9999 -9999 -9999 -9999 -9999 -9999 -9999 -9999 -9999 -9999 -9999 -9999 101 100 101 104 105 105 105 103 100 97 92 87 84 84 83 81 78 73 73 76 76 76 75 75 75 73 72 72 71 70 68 68 67 -9999 -9999 -9999 -9999 -9999 -9999 -9999 -9999 -9999 -9999 -9999 -9999 -9999 -9999 -9999 -9999 -9999 -9999 -9999
-9999 -9999 -9999 -9999 -9999 -9999 -9999 -9999 -9999 -9999 -9999 -9999 -9999 -9999 -9999 -9999 -9999 -9999 237 -9999 -9999 218 -9999 -9999 -9999 -9999 -9999 -9999 -9999 -9999 -9999 -9999 -9999 -9999 -9999 -9999 -9999 -9999 -9999 -9999 -9999 -9999 -9999 -9999 -9999 98 99 103 107 110 110 110 108 104 100 94 89 86 85 82 76 74 75 76 75 75 75 73 73 72 71 70 69 68 67 67 67 -9999 -9999 -9999 -9999 -9999 -9999 -9999 -9999 -9999 -9999 71 73 75 78 80 -9999 -9999 -9999 -9999
-9999 -9999 -9999 -9999 -9999 -9999 -9999 -9999 -9999 -9999 -9999 -9999 -9999 -9999 -9999 -9999 -9999 -9999 -9999 -9999 -9999 -9999 -9999 -9999 -9999 -9999 -9999 -9999 -9999 -9999 -9999 -9999 -9999 -9999 -9999 -9999 -9999 -9999 100 100 -9999 -9999 -9999 -9999 -9999 93 98 103 109 114 116 114 113 110 105 100 93 91 87 83 79 76 76 75 74 74 74 73 72 70 69 68 67 66 66 65 65 -9999 -9999 -9999 -9999 -9999 -9999 -9999 -9999 -9999 70 72 74 76 77 -9999 -9999 -9999 -9999 -9999
-9999 -9999 -9999 -9999 -9999 -9999 -9999 -9999 -9999 -9999 -9999 -9999 -9999 -9999 -9999 -9999 -9999 -9999 -9999 -9999 -9999 -9999 -9999 -9999 -9999 -9999 -9999 -9999 -9999 -9999 -9999 -9999 -9999 -9999 -9999 98 96 96 97 -9999 -9999 -9999 -9999 -9999 -9999 -9999 98 103 108 114 115 115 113 111 107 102 96 92 89 85 81 78 77 76 73 71 70 70 69 67 66 66 65 64 63 62 60 -9999 -9999 -9999 -9999 -9999 -9999 -9999 66 69 70 72 75 -9999 -9999 -9999 -9999 -9999 -9999 -9999
-9999 -9999 -9999 -9999 -9999 -9999 -9999 -9999 -9999 -9999 -9999 -9999 -9999 -9999 -9999 -9999 -9999 -9999 -9999 -9999 -9999 -9999 -9999 -9999 -9999 -9999 -9999 -9999 -9999 -9999 -9999 -9999 -9999 -9999 96 94 93 93 94 94 -9999 -9999 -9999 -9999 -9999 -9999 -9999 102 105 109 111 111 113 112 109 104 100 94 91 87 82 79 77 75 73 71 69 68 65 64 63 63 63 62 61 62 63 -9999 66 -9999 -9999 -9999 -9999 -9999 66 68 71 74 76 80 -9999 -9999 -9999 -9999 -9999 -9999
-9999 -9999 -9999 -9999 -9999 -9999 -9999 -9999 -9999 -9999 -9999 -9999 -9999 -9999 -9999 -9999 -9999 -9999 -9999 -9999 -9999 -9999 -9999 -9999 -9999 -9999 -9999 -9999 -9999 -9999 -9999 -9999 102 98 94 90 89 89 90 92 -9999 95 94 93 -9999 -9999 -9999 -9999 102 104 107 109 111 111 109 107 102 96 91 87 83 80 78 75 73 71 70 69 67 64 63 61 60 60 61 63 -9999 68 67 -9999 -9999 -9999 -9999 -9999 66 68 71 74 77 -9999 -9999 -9999 -9999 -9999 -9999 -9999
-9999 -9999 -9999 -9999 -9999 -9999 -9999 -9999 -9999 -9999 -9999 -9999 -9999 -9999 -9999 -9999 -9999 -9999 -9999 -9999 -9999 -9999 -9999 -9999 -9999 -9999 133 130 124 118 113 107 102 97 92 88 86 87 88 -9999 -9999 -9999 -9999 -9999 -9999 -9999 -9999 -9999 -9999 101 102 105 107 109 111 110 106 100 92 88 83 80 78 76 73 71 70 70 68 66 63 61 59 59 60 62 -9999 68 68 -9999 -9999 -9999 -9999 -9999 -9999 69 71 -9999 -9999 -9999 -9999 -9999 -9999 -9999 -9999 -9999
-9999 -9999 -9999 -9999 -9999 -9999 -9999 -9999 -9999 -9999 -9999 -9999 -9999 -9999 -9999 -9999 -9999 -9999 -9999 -9999 -9999 -9999 -9999 -9999 -9999 131 129 126 120 114 108 104 100 96 93 90 87 86 -9999 -9999 -9999 -9999 -9999 -9999 -9999 -9999 -9999 -9999 -9999 -9999 98 99 102 107 113 115 109 102 94 89 84 81 78 75 73 71 71 70 69 67 63 61 59 58 59 62 64 65 -9999 -9999 -9999 -9999 -9999 -9999 -9999 70 71 -9999 -9999 -9999 -9999 -9999 -9999 -9999 -9999 -9999
-9999 -9999 -9999 -9999 -9999 -9999 -9999 -9999 -9999 -9999 -9999 -9999 -9999 -9999 -9999 -9999 -9999 -9999 -9999 -9999 -9999 -9999 -9999 -9999 -9999 128 125 120 115 110 105 101 98 96 93 91 87 85 84 -9999 -9999 -9999 -9999 -9999 -9999 94 -9999 -9999 -9999 -9999 -9999 96 97 100 112 116 109 102 94 89 85 81 78 75 73 71 70 69 68 66 63 61 59 59 58 61 63 -9999 -9999 -9999 -9999 -9999 -9999 -9999 -9999 -9999 -9999 -9999 -9999 -9999 -9999 -9999 -9999 -9999 -9999 -9999
-9999 -9999 -9999 -9999 -9999 -9999 -9999 -9999 -9999 -9999 -9999 -9999 -9999 -9999 -9999 -9999 -9999 -9999 -9999 -9999 -9999 -9999 -9999 -9999 132 129 125 118 112 107 102 99 97 94 91 88 85 83 82 82 83 -9999 -9999 -9999 -9999 -9999 -9999 -9999 -9999 -9999 -9999 -9999 94 95 99 106 104 100 93 88 84 80 77 75 72 71 70 69 67 65 63 62 61 61 63 63 63 -9999 -9999 -9999 -9999 -9999 -9999 -9999 -9999 -9999 -9999 -9999 -9999 -9999 -9999 -9999 -9999 -9999 -9999 -9999
-9999 -9999 -9999 -9999 -9999 -9999 -9999 -9999 -9999 -9999 -9999 -9999 -9999 -9999 -9999 -9999 -9999 -9999 -9999 -9999 -9999 -9999 -9999 -9999 130 128 125 120 114 108 104 101 97 94 91 86 83 80 80 80 80 80 -9999 -9999 -9999 -9999 -9999 -9999 -9999 -9999 -9999 88 90 93 95 98 98 94 90 84 81 78 75 73 72 70 69 68 66 64 63 63 64 -9999 67 67 -9999 -9999 -9999 -9999 -9999 -9999 -9999 -9999 -9999 -9999 -9999 -9999 -9999 -9999 -9999 -9999 -9999 -9999 -9999 -9999
