resultados/variables_proyeccion_tiempo/variables_futuro_csiro_A1B/bio18.asc
ncols 330
nrows 228
xllcorner -12.000000
yllcorner 34.000000
cellsize 0.166667
NODATA_value -9999
[rows 80 to 119 of 228, columns 92 to 183 of 330]
-9999 -9999 -9999 -9999 -9999 -9999 -9999 -9999 -9999 -9999 -9999 -9999 -9999 440 471 488 473 498 472 449 458 437 450 444 406 388 358 363 350 335 324 313 294 278 269 -9999 -9999 -9999 -9999 -9999 -9999 -9999 -9999 -9999 -9999 -9999 -9999 230 235 241 245 244 242 236 230 229 226 222 218 213 214 211 211 208 208 209 208 204 203 202 202 199 198 198 195 192 190 186 183 183 181 181 178 -9999 -9999 -9999 -9999 -9999 -9999 -9999 -9999 -9999
-9999 -9999 -9999 -9999 -9999 -9999 -9999 -9999 -9999 -9999 -9999 -9999 -9999 -9999 -9999 461 482 495 484 454 450 457 472 446 413 388 386 376 367 363 332 302 287 269 -9999 -9999 -9999 -9999 -9999 -9999 -9999 -9999 -9999 -9999 -9999 -9999 -9999 223 229 232 237 239 236 232 230 230 228 225 219 214 214 215 222 210 208 209 204 201 200 199 198 196 193 191 190 188 187 185 182 180 176 174 -9999 -9999 -9999 -9999 -9999 -9999 -9999 -9999 -9999 -9999
-9999 -9999 -9999 -9999 -9999 -9999 -9999 -9999 -9999 -9999 -9999 -9999 -9999 -9999 -9999 -9999 -9999 -9999 489 481 453 447 466 455 440 418 410 378 384 364 328 309 -9999 -9999 -9999 -9999 -9999 -9999 -9999 -9999 -9999 -9999 -9999 -9999 -9999 -9999 -9999 -9999 222 227 231 236 239 236 237 238 235 231 225 221 220 221 221 212 209 204 198 199 200 200 198 196 193 192 188 188 184 182 179 177 172 167 -9999 -9999 -9999 -9999 -9999 -9999 -9999 -9999 -9999 -9999
-9999 -9999 -9999 -9999 -9999 -9999 -9999 -9999 -9999 -9999 -9999 -9999 -9999 -9999 -9999 -9999 -9999 -9999 -9999 463 473 452 445 441 423 405 398 366 347 339 -9999 -9999 -9999 -9999 -9999 -9999 -9999 -9999 -9999 -9999 -9999 -9999 -9999 -9999 -9999 -9999 -9999 -9999 219 222 228 235 241 243 247 247 244 242 238 235 230 228 225 219 214 200 197 204 202 200 197 196 195 191 185 187 184 180 175 174 169 -9999 -9999 -9999 -9999 -9999 -9999 -9999 -9999 -9999 -9999 -9999
-9999 -9999 -9999 -9999 -9999 -9999 -9999 -9999 -9999 -9999 -9999 -9999 -9999 -9999 -9999 -9999 -9999 -9999 -9999 -9999 -9999 -9999 428 -9999 -9999 397 -9999 -9999 -9999 -9999 -9999 -9999 -9999 -9999 -9999 -9999 -9999 -9999 -9999 -9999 -9999 -9999 -9999 -9999 -9999 -9999 -9999 -9999 -9999 216 223 234 241 250 253 257 261 257 252 247 240 236 231 222 207 197 205 204 200 201 198 193 192 189 185 182 180 176 172 172 168 -9999 -9999 -9999 -9999 -9999 -9999 -9999 -9999 -9999 -9999 133
-9999 -9999 -9999 -9999 -9999 -9999 -9999 -9999 -9999 -9999 -9999 -9999 -9999 -9999 -9999 -9999 -9999 -9999 -9999 -9999 -9999 -9999 -9999 -9999 -9999 -9999 -9999 -9999 -9999 -9999 -9999 -9999 -9999 -9999 -9999 -9999 -9999 -9999 -9999 -9999 -9999 -9999 197 197 -9999 -9999 -9999 -9999 -9999 207 221 231 243 255 265 267 270 269 264 258 249 248 237 222 207 201 203 202 200 196 196 194 189 185 180 179 175 171 167 165 162 -9999 -9999 -9999 -9999 -9999 -9999 -9999 -9999 -9999 132 131
-9999 -9999 -9999 -9999 -9999 -9999 -9999 -9999 -9999 -9999 -9999 -9999 -9999 -9999 -9999 -9999 -9999 -9999 -9999 -9999 -9999 -9999 -9999 -9999 -9999 -9999 -9999 -9999 -9999 -9999 -9999 -9999 -9999 -9999 -9999 -9999 -9999 -9999 -9999 202 200 198 197 -9999 -9999 -9999 -9999 -9999 -9999 -9999 218 229 240 257 263 268 268 269 267 259 253 248 238 227 212 201 201 202 196 189 187 186 182 179 176 172 170 165 159 152 148 -9999 -9999 -9999 -9999 -9999 -9999 -9999 128 130 129 128
-9999 -9999 -9999 -9999 -9999 -9999 -9999 -9999 -9999 -9999 -9999 -9999 -9999 -9999 -9999 -9999 -9999 -9999 -9999 -9999 -9999 -9999 -9999 -9999 -9999 -9999 -9999 -9999 -9999 -9999 -9999 -9999 -9999 -9999 -9999 -9999 -9999 -9999 205 201 200 199 197 194 -9999 -9999 -9999 -9999 -9999 -9999 -9999 226 235 249 259 262 272 276 272 266 262 252 243 228 209 198 194 191 188 184 180 178 173 170 167 166 165 158 150 142 139 -9999 117 -9999 -9999 -9999 -9999 -9999 126 127 128 127
-9999 -9999 -9999 -9999 -9999 -9999 -9999 -9999 -9999 -9999 -9999 -9999 -9999 -9999 -9999 -9999 -9999 -9999 -9999 -9999 -9999 -9999 -9999 -9999 -9999 -9999 -9999 -9999 -9999 -9999 -9999 -9999 -9999 -9999 -9999 -9999 215 210 205 200 199 198 194 193 -9999 193 194 194 -9999 -9999 -9999 -9999 235 243 256 264 273 276 274 270 264 253 241 224 208 197 189 186 184 182 180 177 172 167 163 160 159 152 143 138 -9999 115 114 -9999 -9999 -9999 -9999 -9999 125 126 125 124
-9999 -9999 -9999 -9999 -9999 -9999 -9999 -9999 -9999 -9999 -9999 -9999 -9999 -9999 -9999 -9999 -9999 -9999 -9999 -9999 -9999 -9999 -9999 -9999 -9999 -9999 -9999 -9999 -9999 -9999 226 225 222 220 219 217 214 208 202 198 194 193 192 -9999 -9999 -9999 -9999 -9999 -9999 -9999 -9999 -9999 -9999 240 247 261 270 277 279 275 267 255 238 223 206 196 190 186 182 177 175 176 171 166 161 157 152 147 138 131 -9999 117 115 -9999 -9999 -9999 -9999 -9999 -9999 123 123 -9999
-9999 -9999 -9999 -9999 -9999 -9999 -9999 -9999 -9999 -9999 -9999 -9999 -9999 -9999 -9999 -9999 -9999 -9999 -9999 -9999 -9999 -9999 -9999 -9999 -9999 -9999 -9999 -9999 -9999 224 223 222 219 215 214 212 210 205 203 198 193 190 -9999 -9999 -9999 -9999 -9999 -9999 -9999 -9999 -9999 -9999 -9999 -9999 244 253 265 280 284 282 268 251 234 219 205 196 189 182 179 176 174 172 169 164 158 154 149 144 137 135 127 123 -9999 -9999 -9999 -9999 -9999 -9999 -9999 123 122 -9999
-9999 -9999 -9999 -9999 -9999 -9999 -9999 -9999 -9999 -9999 -9999 -9999 -9999 -9999 -9999 -9999 -9999 -9999 -9999 -9999 -9999 -9999 -9999 -9999 -9999 -9999 -9999 -9999 -9999 222 220 217 216 213 211 208 206 203 201 197 190 187 184 -9999 -9999 -9999 -9999 -9999 -9999 203 -9999 -9999 -9999 -9999 -9999 251 258 269 283 284 267 248 229 215 202 193 188 181 177 173 168 166 164 162 156 151 145 140 137 137 132 -9999 -9999 -9999 -9999 -9999 -9999 -9999 -9999 -9999 -9999 -9999
-9999 -9999 -9999 -9999 -9999 -9999 -9999 -9999 -9999 -9999 -9999 -9999 -9999 -9999 -9999 -9999 -9999 -9999 -9999 -9999 -9999 -9999 -9999 -9999 -9999 -9999 -9999 -9999 226 229 222 216 213 212 208 207 205 201 197 193 190 185 183 184 185 -9999 -9999 -9999 -9999 -9999 -9999 -9999 -9999 -9999 -9999 -9999 251 258 264 269 257 243 225 211 200 190 184 178 173 169 166 163 160 157 154 150 144 140 142 140 136 -9999 -9999 -9999 -9999 -9999 -9999 -9999 -9999 -9999 -9999 -9999
-9999 -9999 -9999 -9999 -9999 -9999 -9999 -9999 -9999 -9999 -9999 -9999 -9999 -9999 -9999 -9999 -9999 -9999 -9999 -9999 -9999 -9999 -9999 -9999 -9999 -9999 -9999 -9999 224 221 220 218 215 213 212 211 206 202 197 192 188 184 183 183 182 183 -9999 -9999 -9999 -9999 -9999 -9999 -9999 -9999 -9999 237 246 255 255 254 247 234 220 205 194 185 179 174 168 164 161 158 156 154 153 148 145 -9999 144 143 -9999 -9999 -9999 -9999 -9999 -9999 -9999 -9999 -9999 -9999 -9999 -9999
-9999 -9999 -9999 -9999 -9999 -9999 -9999 -9999 -9999 -9999 -9999 -9999 -9999 -9999 -9999 -9999 -9999 -9999 -9999 -9999 -9999 -9999 -9999 -9999 -9999 -9999 -9999 -9999 222 220 220 220 218 216 215 215 212 204 199 195 189 185 182 183 183 182 -9999 -9999 -9999 -9999 204 -9999 -9999 -9999 -9999 226 230 236 242 245 240 229 212 198 185 178 171 164 158 155 152 151 151 151 150 149 147 -9999 147 144 -9999 -9999 -9999 -9999 -9999 -9999 -9999 -9999 -9999 -9999 -9999 -9999
-9999 -9999 -9999 -9999 -9999 -9999 -9999 -9999 -9999 -9999 -9999 -9999 -9999 -9999 -9999 -9999 -9999 -9999 -9999 -9999 -9999 -9999 -9999 -9999 -9999 -9999 -9999 -9999 220 218 220 221 220 220 219 220 217 208 200 193 188 185 -9999 183 183 -9999 -9999 -9999 -9999 -9999 -9999 -9999 214 216 217 220 222 225 231 231 229 223 211 195 178 167 160 157 153 150 149 -9999 148 147 148 149 -9999 -9999 -9999 -9999 -9999 -9999 -9999 -9999 -9999 -9999 -9999 -9999 -9999 -9999 -9999 -9999
-9999 -9999 -9999 -9999 -9999 -9999 -9999 -9999 -9999 -9999 -9999 -9999 -9999 -9999 -9999 -9999 -9999 -9999 -9999 -9999 -9999 -9999 -9999 -9999 -9999 -9999 -9999 -9999 221 220 220 221 222 222 223 222 220 211 200 193 187 184 -9999 189 -9999 -9999 193 192 -9999 203 206 209 209 211 212 211 216 217 220 223 221 216 212 198 178 164 158 -9999 -9999 -9999 -9999 -9999 -9999 -9999 -9999 -9999 -9999 -9999 -9999 -9999 -9999 -9999 -9999 -9999 -9999 -9999 -9999 -9999 -9999 -9999 -9999 -9999
-9999 -9999 -9999 -9999 -9999 -9999 -9999 -9999 -9999 -9999 -9999 -9999 -9999 -9999 -9999 -9999 -9999 -9999 -9999 -9999 -9999 -9999 -9999 -9999 -9999 -9999 -9999 -9999 -9999 224 226 227 226 227 227 225 219 211 202 195 187 184 -9999 191 -9999 -9999 196 196 198 202 204 205 204 205 206 207 -9999 207 208 212 214 214 210 200 184 170 -9999 -9999 -9999 -9999 -9999 -9999 -9999 -9999 -9999 -9999 -9999 -9999 -9999 -9999 -9999 -9999 -9999 -9999 -9999 -9999 -9999 -9999 -9999 -9999 -9999 -9999
-9999 -9999 -9999 -9999 -9999 -9999 -9999 -9999 -9999 -9999 -9999 -9999 -9999 -9999 -9999 -9999 -9999 -9999 -9999 -9999 -9999 -9999 -9999 -9999 -9999 -9999 -9999 -9999 244 231 228 229 228 231 231 225 219 209 200 192 188 186 185 189 190 -9999 196 196 200 202 205 204 202 201 202 202 201 201 203 207 212 211 205 197 188 177 -9999 -9999 -9999 -9999 -9999 -9999 -9999 -9999 -9999 -9999 -9999 -9999 -9999 -9999 -9999 -9999 -9999 -9999 -9999 -9999 -9999 -9999 -9999 -9999 -9999 -9999
-9999 -9999 -9999 -9999 -9999 -9999 -9999 -9999 -9999 -9999 -9999 -9999 -9999 -9999 -9999 -9999 -9999 -9999 -9999 -9999 -9999 -9999 -9999 -9999 -9999 -9999 -9999 -9999 -9999 229 233 228 228 233 233 227 220 209 197 194 193 188 186 186 187 -9999 193 196 201 201 200 200 198 196 198 -9999 -9999 198 201 205 208 208 204 196 188 181 -9999 -9999 -9999 -9999 -9999 -9999 -9999 -9999 -9999 -9999 -9999 -9999 -9999 -9999 -9999 -9999 -9999 -9999 -9999 -9999 -9999 -9999 -9999 -9999 -9999 -9999
-9999 -9999 -9999 -9999 -9999 -9999 -9999 -9999 -9999 -9999 -9999 -9999 -9999 -9999 -9999 -9999 -9999 -9999 -9999 -9999 -9999 -9999 -9999 -9999 -9999 -9999 -9999 -9999 -9999 -9999 -9999 257 237 236 240 233 223 211 200 196 197 194 193 193 189 -9999 -9999 196 199 197 197 199 197 195 198 -9999 -9999 -9999 -9999 -9999 -9999 -9999 -9999 -9999 -9999 -9999 -9999 -9999 197 199 -9999 -9999 -9999 -9999 -9999 -9999 -9999 -9999 -9999 -9999 -9999 -9999 -9999 -9999 -9999 -9999 -9999 -9999 -9999 -9999 -9999 -9999
-9999 -9999 -9999 -9999 -9999 -9999 -9999 -9999 -9999 -9999 -9999 -9999 -9999 -9999 -9999 -9999 -9999 -9999 -9999 -9999 -9999 -9999 -9999 -9999 -9999 -9999 -9999 -9999 -9999 -9999 265 260 248 240 243 239 230 220 209 210 202 202 200 199 193 193 -9999 -9999 -9999 -9999 200 199 199 199 201 -9999 -9999 -9999 -9999 -9999 -9999 -9999 -9999 -9999 -9999 -9999 -9999 -9999 195 201 200 -9999 -9999 -9999 -9999 -9999 -9999 -9999 -9999 -9999 -9999 -9999 -9999 -9999 -9999 -9999 -9999 -9999 -9999 -9999 -9999 -9999
-9999 -9999 -9999 -9999 -9999 -9999 -9999 -9999 -9999 -9999 -9999 -9999 -9999 -9999 -9999 -9999 -9999 -9999 -9999 -9999 -9999 -9999 -9999 -9999 -9999 -9999 -9999 -9999 -9999 270 269 264 249 243 244 242 236 224 216 213 216 216 217 205 202 197 199 200 201 200 201 202 204 203 203 211 -9999 -9999 -9999 -9999 -9999 -9999 -9999 -9999 -9999 -9999 -9999 -9999 -9999 -9999 -9999 -9999 -9999 -9999 -9999 -9999 -9999 -9999 -9999 -9999 -9999 -9999 -9999 -9999 -9999 -9999 -9999 -9999 -9999 -9999 -9999 -9999
-9999 -9999 -9999 -9999 -9999 -9999 -9999 -9999 -9999 -9999 -9999 -9999 -9999 -9999 -9999 -9999 -9999 -9999 -9999 -9999 -9999 -9999 -9999 -9999 -9999 -9999 -9999 -9999 -9999 269 266 266 247 246 248 249 245 238 232 228 -9999 -9999 -9999 -9999 212 -9999 202 202 201 199 199 200 204 -9999 -9999 -9999 -9999 -9999 -9999 -9999 -9999 -9999 -9999 -9999 -9999 -9999 -9999 -9999 -9999 -9999 -9999 -9999 -9999 -9999 -9999 -9999 -9999 -9999 -9999 -9999 -9999 -9999 206 205 204 203 205 202 199 197 194 192
-9999 -9999 -9999 -9999 -9999 -9999 -9999 -9999 -9999 -9999 -9999 -9999 -9999 -9999 -9999 -9999 -9999 -9999 -9999 -9999 -9999 -9999 -9999 -9999 -9999 -9999 -9999 -9999 -9999 -9999 269 265 248 251 255 255 252 248 239 237 233 -9999 -9999 -9999 -9999 -9999 210 -9999 201 200 -9999 198 -9999 -9999 -9999 -9999 -9999 -9999 199 199 196 199 -9999 -9999 -9999 -9999 -9999 -9999 -9999 -9999 -9999 -9999 -9999 -9999 -9999 -9999 -9999 -9999 -9999 214 213 212 211 212 212 210 211 211 206 203 198 197
-9999 -9999 -9999 -9999 -9999 -9999 -9999 -9999 -9999 -9999 -9999 -9999 -9999 -9999 -9999 -9999 -9999 -9999 -9999 -9999 -9999 -9999 -9999 -9999 -9999 -9999 -9999 -9999 -9999 -9999 262 255 256 252 257 257 255 253 247 243 239 235 229 221 -9999 218 214 213 -9999 -9999 -9999 -9999 -9999 -9999 197 196 194 193 193 192 190 187 185 -9999 -9999 -9999 -9999 -9999 -9999 -9999 -9999 -9999 -9999 -9999 -9999 -9999 -9999 -9999 221 219 217 217 217 218 220 223 222 220 214 211 203 198
-9999 -9999 -9999 -9999 -9999 -9999 -9999 -9999 -9999 -9999 -9999 -9999 -9999 -9999 -9999 -9999 -9999 -9999 -9999 -9999 -9999 -9999 -9999 -9999 -9999 -9999 -9999 -9999 -9999 -9999 -9999 259 250 252 256 257 256 253 250 248 243 236 230 223 222 216 218 -9999 -9999 -9999 -9999 -9999 197 198 195 194 193 192 190 188 186 -9999 185 -9999 -9999 -9999 -9999 -9999 -9999 -9999 -9999 -9999 -9999 196 205 215 224 229 226 225 222 220 223 223 225 228 227 223 218 213 208 198
-9999 -9999 -9999 -9999 -9999 -9999 -9999 -9999 -9999 -9999 -9999 -9999 -9999 -9999 -9999 -9999 -9999 -9999 -9999 -9999 -9999 -9999 -9999 -9999 -9999 -9999 -9999 -9999 -9999 -9999 -9999 -9999 248 251 254 257 257 256 254 248 244 238 230 225 219 217 -9999 -9999 210 206 200 199 199 199 198 196 192 191 190 189 188 186 184 183 184 -9999 -9999 -9999 186 186 185 186 189 198 207 215 224 229 229 228 227 224 225 227 228 228 226 221 216 211 206 201
-9999 -9999 -9999 -9999 -9999 -9999 -9999 -9999 -9999 -9999 -9999 -9999 -9999 -9999 -9999 -9999 -9999 -9999 -9999 -9999 -9999 -9999 -9999 -9999 -9999 -9999 -9999 -9999 -9999 -9999 252 250 248 250 252 253 253 253 250 248 244 238 231 223 216 214 215 213 209 208 207 202 200 200 200 198 196 193 192 190 189 187 184 183 183 181 182 182 182 184 186 189 193 201 209 216 220 223 226 226 226 225 223 223 222 223 223 220 214 210 206 203
-9999 -9999 -9999 -9999 -9999 -9999 -9999 -9999 -9999 -9999 -9999 -9999 -9999 -9999 -9999 -9999 -9999 -9999 -9999 -9999 -9999 -9999 -9999 -9999 234 232 233 234 241 247 -9999 248 247 248 250 250 249 249 249 247 244 238 230 223 218 215 212 210 208 206 204 203 201 200 202 200 197 197 197 194 191 188 185 183 180 178 176 176 180 183 187 192 197 204 210 217 221 222 220 220 219 218 218 218 221 221 220 217 213 210 208 206
-9999 -9999 -9999 -9999 -9999 -9999 -9999 -9999 -9999 -9999 -9999 -9999 -9999 -9999 -9999 -9999 -9999 -9999 -9999 -9999 241 238 234 232 232 232 232 236 241 245 245 246 246 246 248 248 248 247 247 244 240 236 230 223 217 213 209 207 205 205 205 205 203 202 204 203 201 200 197 194 195 194 190 185 181 179 178 176 178 184 190 195 200 204 209 214 216 218 217 216 216 214 215 216 217 218 217 215 212 209 208 206
-9999 -9999 -9999 -9999 -9999 -9999 -9999 -9999 -9999 -9999 -9999 248 248 246 246 244 244 243 242 241 238 235 230 228 229 230 235 237 239 240 242 242 244 246 245 246 247 247 246 244 234 228 225 218 214 210 208 204 204 202 204 203 201 202 203 201 200 200 199 198 199 199 192 187 186 181 181 179 181 185 190 194 201 206 208 210 213 215 213 212 212 211 211 211 212 213 213 210 210 208 204 204
-9999 -9999 -9999 -9999 -9999 -9999 -9999 -9999 -9999 241 -9999 -9999 244 244 244 244 242 241 240 239 236 232 229 228 231 233 235 237 238 239 239 241 244 242 244 245 243 241 242 240 235 227 221 219 214 208 205 204 201 201 200 202 199 201 200 200 200 199 198 198 198 198 193 190 188 185 182 185 186 186 189 193 197 203 205 207 208 210 210 209 206 206 207 207 207 208 209 207 207 205 205 207
-9999 -9999 -9999 -9999 -9999 -9999 -9999 -9999 237 239 -9999 -9999 243 243 241 240 239 238 236 234 232 229 228 230 233 235 237 237 238 238 240 240 240 240 241 242 240 238 239 239 234 230 224 219 216 214 204 200 198 197 196 196 197 197 196 198 199 198 198 197 196 196 194 191 189 185 186 190 191 190 192 194 197 200 202 203 203 205 205 202 202 202 202 202 201 201 201 201 203 203 204 206
-9999 -9999 -9999 -9999 -9999 -9999 -9999 -9999 232 234 236 -9999 241 240 239 237 235 234 232 230 229 228 229 231 234 239 241 241 242 243 243 244 243 240 238 237 237 235 234 233 229 228 223 217 213 208 201 198 195 193 192 190 192 192 191 193 194 195 196 196 196 196 193 192 188 189 189 192 191 191 193 195 197 199 199 199 198 198 198 199 200 200 200 200 200 199 198 200 202 203 205 205
-9999 -9999 -9999 -9999 -9999 -9999 -9999 232 232 233 235 236 -9999 236 235 234 232 230 228 227 227 227 228 231 234 238 242 243 242 244 244 245 245 242 239 233 230 226 225 225 225 225 224 218 212 206 199 194 193 190 189 188 188 187 188 190 190 192 195 196 197 196 194 194 188 186 187 189 189 191 192 192 193 193 195 196 196 196 196 195 195 195 197 198 198 196 196 198 200 202 203 204
-9999 -9999 -9999 -9999 -9999 -9999 -9999 232 231 230 231 234 232 232 232 230 229 226 224 225 225 227 228 230 233 237 242 242 243 245 244 244 243 239 237 233 229 224 221 220 219 218 216 212 210 204 198 195 188 188 186 185 185 186 187 188 190 192 194 196 196 193 193 192 190 186 186 186 188 188 190 192 192 194 195 195 197 197 197 194 192 193 196 197 196 195 195 195 198 201 201 202
-9999 -9999 -9999 -9999 -9999 -9999 -9999 232 230 228 229 229 229 228 227 228 225 223 222 226 224 226 227 229 231 233 237 241 245 245 246 245 243 240 237 233 228 223 220 222 221 219 215 211 206 201 195 190 187 187 182 182 184 185 186 187 189 190 193 193 190 187 188 189 189 190 191 188 192 193 197 199 197 194 195 196 197 197 195 193 192 192 194 195 195 193 192 194 196 197 198 199
-9999 -9999 -9999 -9999 -9999 -9999 225 227 226 224 225 226 225 225 227 226 221 220 219 224 225 226 229 230 231 231 237 241 249 252 253 251 247 241 240 246 245 234 224 225 224 221 216 211 215 203 198 194 184 178 177 181 184 186 189 188 190 191 191 191 189 188 189 190 191 190 191 191 191 194 195 197 197 197 196 195 195 197 194 193 192 191 192 194 193 191 190 190 192 194 194 196
-9999 -9999 -9999 -9999 -9999 212 216 218 220 220 222 222 222 221 223 226 221 217 217 227 228 230 233 237 234 230 232 238 246 254 258 252 250 253 256 244 234 240 231 241 233 233 223 212 204 198 191 189 182 176 174 179 184 188 194 195 194 194 194 194 194 194 194 192 191 192 196 196 192 193 194 195 194 196 196 196 196 197 196 196 195 195 195 193 192 191 189 190 190 192 194 194
