resultados/variables_proyeccion_tiempo/variables_futuro_csiro_A1B/bio13.asc
ncols 330
nrows 228
xllcorner -12.000000
yllcorner 34.000000
cellsize 0.166667
NODATA_value -9999
[rows 94 to 140 of 228, columns 96 to 191 of 330]
-9999 -9999 -9999 -9999 -9999 -9999 -9999 -9999 -9999 -9999 -9999 -9999 -9999 -9999 -9999 -9999 -9999 -9999 -9999 -9999 -9999 -9999 -9999 -9999 127 126 124 121 116 112 107 103 100 96 92 87 82 79 77 77 77 77 -9999 -9999 -9999 -9999 79 -9999 -9999 -9999 -9999 83 83 85 90 94 94 91 85 80 75 74 72 70 69 68 67 65 65 64 63 65 66 -9999 72 71 -9999 -9999 -9999 -9999 -9999 -9999 -9999 -9999 -9999 -9999 -9999 -9999 -9999 -9999 -9999 -9999 -9999 -9999 -9999 -9999
-9999 -9999 -9999 -9999 -9999 -9999 -9999 -9999 -9999 -9999 -9999 -9999 -9999 -9999 -9999 -9999 -9999 -9999 -9999 -9999 -9999 -9999 -9999 -9999 125 123 122 120 118 115 111 107 103 99 93 88 83 80 -9999 76 76 -9999 -9999 -9999 -9999 -9999 -9999 -9999 80 80 79 79 80 82 87 89 89 88 83 77 71 68 67 68 67 67 65 -9999 63 63 64 66 -9999 -9999 -9999 -9999 -9999 -9999 -9999 -9999 -9999 -9999 -9999 -9999 -9999 -9999 -9999 -9999 -9999 -9999 -9999 -9999 -9999 -9999 -9999 -9999
-9999 -9999 -9999 -9999 -9999 -9999 -9999 -9999 -9999 -9999 -9999 -9999 -9999 -9999 -9999 -9999 -9999 -9999 -9999 -9999 -9999 -9999 -9999 -9999 122 121 119 119 118 117 114 111 108 102 95 90 84 81 -9999 75 -9999 -9999 72 72 -9999 74 75 76 76 76 76 76 77 79 82 86 86 84 83 77 70 66 66 -9999 -9999 -9999 -9999 -9999 -9999 -9999 -9999 -9999 -9999 -9999 -9999 -9999 -9999 -9999 -9999 -9999 -9999 -9999 -9999 -9999 -9999 -9999 -9999 -9999 -9999 -9999 -9999 -9999 -9999 -9999 -9999 -9999
-9999 -9999 -9999 -9999 -9999 -9999 -9999 -9999 -9999 -9999 -9999 -9999 -9999 -9999 -9999 -9999 -9999 -9999 -9999 -9999 -9999 -9999 -9999 -9999 -9999 118 118 119 120 120 118 114 109 103 96 91 86 80 -9999 75 -9999 -9999 74 72 73 74 74 74 73 74 74 74 -9999 75 77 81 83 83 80 77 72 68 -9999 -9999 -9999 -9999 -9999 -9999 -9999 -9999 -9999 -9999 -9999 -9999 -9999 -9999 -9999 -9999 -9999 -9999 -9999 -9999 -9999 -9999 -9999 -9999 -9999 -9999 -9999 -9999 -9999 -9999 -9999 -9999 -9999 -9999
-9999 -9999 -9999 -9999 -9999 -9999 -9999 -9999 -9999 -9999 -9999 -9999 -9999 -9999 -9999 -9999 -9999 -9999 -9999 -9999 -9999 -9999 -9999 -9999 118 116 115 116 119 123 120 115 109 102 95 90 86 84 81 78 77 -9999 73 72 74 74 75 74 73 72 73 72 71 72 75 79 82 79 76 74 71 69 -9999 -9999 -9999 -9999 -9999 -9999 -9999 -9999 -9999 -9999 -9999 -9999 -9999 -9999 -9999 -9999 -9999 -9999 -9999 -9999 -9999 -9999 -9999 -9999 -9999 -9999 -9999 -9999 -9999 -9999 -9999 -9999 -9999 -9999
-9999 -9999 -9999 -9999 -9999 -9999 -9999 -9999 -9999 -9999 -9999 -9999 -9999 -9999 -9999 -9999 -9999 -9999 -9999 -9999 -9999 -9999 -9999 -9999 -9999 113 113 115 118 120 120 115 108 101 93 90 88 85 82 79 77 -9999 73 73 74 74 74 73 72 71 71 -9999 -9999 70 73 76 77 76 75 72 71 70 -9999 -9999 -9999 -9999 -9999 -9999 -9999 -9999 -9999 -9999 -9999 -9999 -9999 -9999 -9999 -9999 -9999 -9999 -9999 -9999 -9999 -9999 -9999 -9999 -9999 -9999 -9999 -9999 -9999 -9999 -9999 -9999 -9999 -9999
-9999 -9999 -9999 -9999 -9999 -9999 -9999 -9999 -9999 -9999 -9999 -9999 -9999 -9999 -9999 -9999 -9999 -9999 -9999 -9999 -9999 -9999 -9999 -9999 -9999 -9999 -9999 113 116 119 120 116 109 101 94 89 88 85 84 82 78 -9999 -9999 74 73 73 73 73 72 71 71 -9999 -9999 -9999 -9999 -9999 -9999 -9999 -9999 -9999 -9999 -9999 -9999 -9999 75 76 -9999 -9999 -9999 -9999 -9999 -9999 -9999 -9999 -9999 -9999 -9999 -9999 -9999 -9999 -9999 -9999 -9999 -9999 -9999 -9999 -9999 -9999 -9999 -9999 -9999 -9999 -9999 -9999 -9999 -9999
-9999 -9999 -9999 -9999 -9999 -9999 -9999 -9999 -9999 -9999 -9999 -9999 -9999 -9999 -9999 -9999 -9999 -9999 -9999 -9999 -9999 -9999 -9999 -9999 -9999 -9999 113 114 116 118 119 116 111 105 97 95 88 86 85 82 79 77 -9999 -9999 -9999 -9999 73 74 74 73 72 -9999 -9999 -9999 -9999 -9999 -9999 -9999 -9999 -9999 -9999 -9999 -9999 -9999 77 78 77 -9999 -9999 -9999 -9999 -9999 -9999 -9999 -9999 -9999 -9999 -9999 -9999 -9999 -9999 -9999 -9999 -9999 -9999 -9999 -9999 -9999 -9999 -9999 -9999 -9999 -9999 -9999 -9999 -9999
-9999 -9999 -9999 -9999 -9999 -9999 -9999 -9999 -9999 -9999 -9999 -9999 -9999 -9999 -9999 -9999 -9999 -9999 -9999 -9999 -9999 -9999 -9999 -9999 -9999 111 111 113 114 116 117 116 112 106 100 94 92 88 86 82 80 79 76 75 75 74 74 74 74 74 72 72 -9999 -9999 -9999 -9999 -9999 -9999 -9999 -9999 -9999 -9999 -9999 -9999 -9999 -9999 -9999 -9999 -9999 -9999 -9999 -9999 -9999 -9999 -9999 -9999 -9999 -9999 -9999 -9999 -9999 -9999 -9999 -9999 -9999 -9999 -9999 -9999 -9999 -9999 -9999 -9999 -9999 -9999 -9999 94
-9999 -9999 -9999 -9999 -9999 -9999 -9999 -9999 -9999 -9999 -9999 -9999 -9999 -9999 -9999 -9999 -9999 -9999 -9999 -9999 -9999 -9999 -9999 -9999 -9999 108 109 110 112 113 114 114 113 109 103 98 -9999 -9999 -9999 -9999 82 -9999 76 76 76 76 75 74 74 -9999 -9999 -9999 -9999 -9999 -9999 -9999 -9999 -9999 -9999 -9999 -9999 -9999 -9999 -9999 -9999 -9999 -9999 -9999 -9999 -9999 -9999 -9999 -9999 -9999 -9999 -9999 -9999 -9999 84 84 85 85 83 80 78 77 77 79 79 -9999 -9999 -9999 -9999 -9999 -9999 90
-9999 -9999 -9999 -9999 -9999 -9999 -9999 -9999 -9999 -9999 -9999 -9999 -9999 -9999 -9999 -9999 -9999 -9999 -9999 -9999 -9999 -9999 -9999 -9999 -9999 -9999 108 107 106 110 110 111 112 110 104 98 94 -9999 -9999 -9999 -9999 -9999 79 -9999 76 76 -9999 74 -9999 -9999 -9999 -9999 -9999 -9999 67 68 68 69 -9999 -9999 -9999 -9999 -9999 -9999 -9999 -9999 -9999 -9999 -9999 -9999 -9999 -9999 -9999 -9999 -9999 80 80 80 81 81 82 81 80 79 77 76 75 74 79 -9999 -9999 -9999 -9999 -9999 87 88
-9999 -9999 -9999 -9999 -9999 -9999 -9999 -9999 -9999 -9999 -9999 -9999 -9999 -9999 -9999 -9999 -9999 -9999 -9999 -9999 -9999 -9999 -9999 -9999 -9999 -9999 104 102 102 104 106 107 108 107 103 97 92 88 86 84 -9999 82 80 79 -9999 -9999 -9999 -9999 -9999 -9999 69 68 67 66 66 67 67 67 66 -9999 -9999 -9999 -9999 -9999 -9999 -9999 -9999 -9999 -9999 -9999 -9999 -9999 -9999 -9999 80 79 79 79 79 80 81 82 81 80 78 76 74 72 70 -9999 -9999 78 81 82 84 85
-9999 -9999 -9999 -9999 -9999 -9999 -9999 -9999 -9999 -9999 -9999 -9999 -9999 -9999 -9999 -9999 -9999 -9999 -9999 -9999 -9999 -9999 -9999 -9999 -9999 -9999 -9999 100 100 99 100 102 102 103 101 99 95 90 88 86 85 81 81 -9999 -9999 -9999 -9999 -9999 72 71 69 67 66 66 66 66 66 -9999 66 -9999 -9999 -9999 -9999 -9999 -9999 -9999 -9999 -9999 -9999 70 74 77 82 84 84 83 82 81 82 82 83 84 83 81 78 76 73 69 69 71 72 75 80 83 82 83
-9999 -9999 -9999 -9999 -9999 -9999 -9999 -9999 -9999 -9999 -9999 -9999 -9999 -9999 -9999 -9999 -9999 -9999 -9999 -9999 -9999 -9999 -9999 -9999 -9999 -9999 -9999 -9999 93 95 96 98 100 101 100 97 94 91 89 87 84 82 -9999 -9999 77 76 76 74 72 70 68 67 66 66 66 66 66 66 65 64 63 -9999 -9999 -9999 63 64 65 66 68 70 74 78 82 84 85 84 84 83 84 84 84 84 83 80 78 75 71 68 69 71 72 74 76 78 80 81
-9999 -9999 -9999 -9999 -9999 -9999 -9999 -9999 -9999 -9999 -9999 -9999 -9999 -9999 -9999 -9999 -9999 -9999 -9999 -9999 -9999 -9999 -9999 -9999 -9999 -9999 92 90 90 92 93 94 96 96 96 95 93 91 89 86 83 82 80 79 78 76 76 73 71 69 69 69 68 67 66 66 66 66 65 64 63 63 63 62 63 64 65 67 69 72 75 78 80 82 83 83 83 83 82 82 82 83 82 80 77 74 71 69 70 72 74 75 76 77 78 79
-9999 -9999 -9999 -9999 -9999 -9999 -9999 -9999 -9999 -9999 -9999 -9999 -9999 -9999 -9999 -9999 -9999 -9999 -9999 -9999 99 97 96 94 93 92 -9999 89 88 90 92 94 94 95 95 94 93 91 89 85 83 82 80 78 77 76 74 73 70 69 71 71 70 69 68 68 67 66 65 64 63 62 62 62 63 64 67 68 70 73 75 78 80 81 81 81 80 80 80 80 81 81 81 79 77 74 72 70 71 72 75 76 76 76 77 77
-9999 -9999 -9999 -9999 -9999 -9999 -9999 -9999 -9999 -9999 -9999 -9999 -9999 -9999 -9999 -9999 104 103 99 99 98 97 96 94 93 90 89 89 88 90 92 94 94 94 94 92 91 90 88 85 82 80 79 77 76 75 73 72 70 70 72 72 71 70 69 68 68 68 67 65 63 63 63 62 63 65 67 70 72 73 75 77 78 79 79 79 79 78 79 79 80 79 79 78 77 75 73 71 70 73 74 75 75 76 76 79
-9999 -9999 -9999 -9999 -9999 -9999 -9999 103 102 102 101 102 103 104 104 103 102 100 98 97 96 96 95 94 92 90 88 87 89 92 92 93 94 94 94 93 89 87 86 83 81 78 77 76 74 72 72 71 70 71 72 72 71 70 70 69 70 69 68 66 65 63 64 63 64 66 67 69 72 74 74 76 77 78 78 78 78 78 78 78 77 77 77 76 76 75 73 72 71 72 73 74 75 76 76 77
-9999 -9999 -9999 -9999 -9999 102 -9999 -9999 101 101 101 101 103 103 103 102 100 98 96 94 95 95 95 95 93 90 88 89 92 92 93 93 92 92 92 92 90 86 84 82 80 77 75 74 72 72 70 70 70 71 72 72 71 70 69 70 70 70 68 66 65 65 64 65 66 66 67 69 70 72 74 75 75 76 77 77 76 76 76 76 75 75 74 74 75 75 75 75 74 73 73 73 74 74 76 76
-9999 -9999 -9999 -9999 102 101 -9999 -9999 101 100 100 100 102 103 103 101 99 98 96 95 96 96 96 95 93 91 91 92 94 94 92 92 91 90 91 90 89 87 84 81 79 78 74 72 70 69 68 68 70 71 71 71 72 71 71 70 70 70 69 67 66 65 65 67 67 68 69 69 70 72 72 73 74 75 75 74 74 74 74 74 74 73 72 73 74 75 75 76 75 74 74 74 74 75 75 75
-9999 -9999 -9999 -9999 100 101 101 -9999 101 100 100 100 102 102 102 101 99 98 96 96 97 98 98 98 96 94 93 95 95 94 92 91 90 89 88 88 86 85 83 80 78 75 72 70 69 67 67 67 69 70 70 70 71 71 71 72 71 71 69 68 66 66 66 68 68 68 69 70 70 71 71 71 72 72 73 73 74 74 74 74 74 73 72 73 74 75 76 76 75 74 75 75 75 74 74 74
-9999 -9999 -9999 100 100 101 102 102 -9999 100 100 100 101 101 101 100 99 98 97 97 98 99 99 99 97 95 94 95 96 95 92 89 87 85 84 84 83 83 82 79 76 73 70 68 68 67 67 67 68 68 69 70 70 71 72 73 73 72 71 69 66 65 66 68 68 68 69 68 69 69 70 70 71 71 72 72 72 72 73 73 73 73 73 73 74 75 76 76 76 74 75 75 75 75 75 74
-9999 -9999 -9999 100 100 101 102 103 102 101 100 100 100 100 100 99 98 98 98 98 99 100 102 100 99 97 94 95 95 93 91 89 86 84 82 81 80 79 78 76 74 72 70 69 67 68 67 67 67 68 69 70 71 72 74 75 75 73 72 70 67 66 67 68 68 68 68 68 69 69 70 70 72 72 73 72 72 72 73 73 73 72 73 73 74 76 76 76 75 75 74 74 74 74 73 74
-9999 -9999 -9999 100 101 103 103 103 102 102 100 101 100 100 99 98 97 98 98 98 99 99 101 102 102 98 96 96 95 94 92 89 86 83 80 81 80 79 77 76 75 73 71 70 69 68 67 66 67 68 69 70 71 72 74 75 75 73 71 69 67 68 69 69 70 70 71 71 70 69 70 71 71 72 72 72 72 72 73 73 73 72 72 73 74 75 75 76 76 76 76 76 75 75 74 73
-9999 -9999 98 100 101 103 104 104 102 102 102 102 100 99 99 98 97 99 99 100 99 100 103 104 106 102 99 98 96 94 93 94 92 87 82 81 81 80 79 78 80 76 74 72 69 66 66 67 68 69 70 70 71 73 74 74 74 73 71 69 67 68 69 70 70 70 70 70 70 70 70 70 71 72 72 72 72 72 72 73 72 71 70 71 72 74 74 75 75 75 76 76 76 75 74 73
-9999 98 99 100 102 102 104 104 103 101 101 103 99 98 98 98 98 99 100 102 101 99 99 100 101 101 102 99 98 99 99 93 88 89 84 87 85 85 83 80 78 76 73 72 69 66 65 67 68 69 72 73 73 73 74 74 75 73 72 70 68 68 71 71 70 70 69 69 68 69 70 70 71 72 73 73 74 74 74 73 72 71 71 71 71 72 73 73 73 74 75 76 76 75 74 73
99 100 101 101 102 102 102 101 100 99 98 97 97 98 97 98 100 100 101 103 101 99 98 98 98 99 101 101 101 102 95 96 92 91 91 89 89 99 100 90 82 79 74 72 69 67 66 66 67 67 70 72 72 73 74 75 76 74 72 70 69 69 70 71 70 70 70 69 69 69 70 71 72 73 74 75 75 75 75 75 74 73 72 70 70 70 71 71 72 73 76 77 78 77 76 76
100 100 101 101 101 100 100 98 97 97 96 96 96 96 97 98 100 101 102 101 99 100 98 99 99 98 98 98 98 105 95 94 92 100 92 87 91 101 122 122 100 89 82 75 72 69 67 67 66 67 68 71 71 72 74 74 76 76 74 72 70 70 70 70 71 71 71 70 71 71 71 72 73 74 75 75 76 76 77 76 75 74 73 70 68 68 69 69 71 74 76 78 80 80 78 77
100 100 100 100 100 99 99 97 95 94 94 94 94 95 97 98 100 102 101 101 100 99 100 100 99 102 104 104 104 106 95 91 89 90 92 88 91 88 93 91 90 89 88 82 77 73 70 68 67 66 68 70 72 73 74 75 76 76 75 74 73 72 72 72 72 72 72 72 72 73 74 75 76 76 77 77 77 77 77 77 76 75 73 71 69 69 70 71 71 75 77 80 81 80 78 77
99 99 100 99 99 99 100 98 95 94 92 93 92 94 96 98 100 103 105 106 106 106 112 114 114 119 122 124 117 106 92 93 88 89 90 88 92 92 91 89 83 78 78 76 77 75 71 69 67 67 68 70 72 74 75 75 76 77 77 76 75 74 72 72 71 71 71 72 74 75 76 77 78 78 78 78 79 79 79 80 78 77 75 74 72 71 71 72 73 75 78 81 82 81 79 78
99 98 98 98 98 98 99 100 97 94 92 91 92 95 96 97 98 102 109 115 120 121 122 121 128 127 143 145 120 102 97 91 87 87 96 90 88 93 86 82 80 78 76 78 80 78 75 72 70 68 69 71 73 75 76 76 78 80 82 81 79 76 74 72 72 72 72 75 76 78 80 79 79 79 79 80 81 82 82 81 80 79 77 76 74 73 73 74 74 76 79 81 82 82 81 79
99 98 97 96 96 96 98 100 100 97 92 91 92 96 97 97 94 93 99 108 112 118 124 122 129 138 135 124 103 101 97 83 83 86 89 86 87 83 84 78 77 74 75 80 83 82 79 77 74 71 71 72 74 77 78 82 84 84 83 84 82 81 78 77 75 73 75 78 80 82 84 85 84 82 83 83 83 83 82 81 80 79 78 77 76 76 75 76 76 78 80 81 82 83 82 83
100 101 98 95 95 96 96 97 98 98 95 97 98 98 98 96 94 91 92 98 102 105 112 113 113 129 120 105 91 87 87 83 90 90 84 86 82 82 85 80 77 76 80 85 87 86 83 80 77 76 74 75 78 79 82 87 89 90 88 83 82 80 80 80 76 75 79 88 91 89 91 94 92 87 86 85 85 84 83 82 81 80 79 78 78 78 79 78 79 80 80 81 81 83 83 84
103 102 104 98 98 96 96 98 100 102 104 111 112 118 112 101 95 92 90 92 95 97 99 107 116 106 106 95 85 82 83 85 87 84 85 85 89 83 82 91 90 83 84 85 86 85 85 82 79 78 77 79 82 84 87 90 93 97 96 89 84 80 78 77 77 79 83 91 96 106 107 100 97 98 94 89 88 86 86 84 83 82 81 80 80 80 81 82 82 82 82 83 85 85 86 88
105 106 106 102 100 100 100 100 104 107 118 130 155 158 137 121 108 102 94 91 95 95 97 105 106 95 86 83 79 79 85 95 87 85 86 93 94 85 79 82 91 94 92 91 87 88 87 85 82 81 82 84 87 91 92 98 95 88 82 82 80 78 77 76 76 78 80 84 90 95 98 99 100 98 97 96 92 90 89 88 86 85 84 83 83 83 84 85 85 86 86 87 90 92 92 92
104 110 109 106 105 103 104 106 109 113 132 148 160 160 150 133 119 110 108 92 83 82 91 85 78 81 87 86 76 76 82 90 90 88 90 101 92 81 80 81 84 89 92 93 93 92 88 86 82 83 90 98 100 102 96 89 83 81 80 78 75 74 74 76 77 77 80 83 86 91 94 96 95 100 102 95 96 96 91 91 90 89 87 86 86 87 88 88 90 90 90 91 95 99 101 99
110 114 116 118 112 107 107 105 109 123 142 141 139 137 134 121 115 111 104 88 82 82 84 84 81 82 93 82 77 78 81 84 87 88 89 90 83 82 82 83 84 84 85 86 88 92 89 86 87 86 86 87 86 86 95 89 81 82 83 81 77 75 75 76 77 78 80 82 86 88 90 91 93 98 106 102 104 109 106 103 102 95 91 90 90 89 92 94 94 96 96 96 100 106 109 104
112 122 124 121 116 119 116 120 137 128 131 126 120 122 112 107 102 96 88 86 90 92 80 83 80 73 72 75 79 79 83 87 91 89 85 83 83 83 83 84 86 86 88 88 86 86 92 92 87 84 81 88 96 93 93 89 88 86 84 83 81 79 79 81 82 82 82 84 86 88 89 90 92 95 98 101 105 104 109 120 109 102 97 96 95 96 100 102 104 104 103 102 104 105 102 101
108 122 132 131 131 134 140 148 149 143 132 120 110 102 92 92 89 83 88 94 86 90 81 67 68 68 71 77 82 83 84 88 93 88 84 84 83 82 85 88 87 88 92 90 89 87 90 89 88 85 88 92 93 93 92 90 87 86 87 84 83 84 84 87 88 88 90 89 88 92 93 92 94 94 97 96 100 96 101 108 110 109 104 102 104 103 105 108 111 112 113 113 112 111 107 109
100 109 116 120 120 128 140 150 154 142 129 113 104 98 89 86 88 98 105 95 86 79 73 73 72 72 74 79 89 89 90 89 90 87 87 85 84 84 89 89 89 88 89 91 92 90 89 87 87 87 93 92 89 89 88 86 86 90 93 94 90 88 89 91 93 93 94 96 97 97 100 102 102 99 98 98 98 94 93 97 109 112 112 110 108 109 114 118 125 136 139 134 140 128 130 132
87 93 99 108 116 122 125 132 133 130 120 112 103 95 88 90 99 98 96 94 88 81 79 78 75 74 77 82 92 95 97 96 94 92 90 89 88 89 90 91 91 89 88 90 92 92 90 89 87 89 91 93 92 90 90 89 92 93 99 97 94 93 96 98 98 100 99 99 100 99 100 103 105 102 100 96 98 99 93 94 102 109 108 108 116 122 130 146 140 151 151 158 159 162 151 142
77 84 90 95 104 112 119 122 120 117 114 110 99 88 91 88 87 88 89 88 82 82 79 81 81 78 81 85 93 95 96 95 94 94 94 94 95 95 95 95 94 92 90 91 95 97 93 91 89 90 92 94 98 93 95 95 97 98 97 97 96 97 98 100 100 105 106 105 105 103 102 101 100 97 95 92 100 100 93 94 96 102 113 116 123 134 144 143 141 151 157 164 156 150 152 153
72 78 84 91 93 101 107 110 111 102 101 98 94 89 87 88 84 86 86 84 82 82 84 86 84 82 86 89 93 94 94 93 93 95 96 98 97 99 99 99 99 98 95 97 98 100 98 94 92 93 94 95 96 100 107 110 108 103 102 100 100 101 101 103 103 106 107 109 107 107 103 100 96 96 91 88 93 93 95 98 99 102 108 117 122 130 132 128 130 143 161 154 150 163 184 186
74 73 78 84 88 92 96 100 98 97 90 91 90 89 88 90 85 83 81 82 81 82 82 84 83 86 90 94 96 97 96 96 100 102 98 99 100 101 102 102 103 103 105 104 103 102 103 99 96 98 101 103 105 106 116 119 127 126 118 113 109 106 106 108 106 107 109 111 106 105 102 98 94 90 88 85 86 91 95 101 98 101 106 114 120 114 117 128 144 132 141 148 144 142 152 155
69 71 73 79 83 84 87 90 89 88 84 86 85 87 88 86 82 78 79 81 81 81 82 83 86 90 97 100 102 102 99 98 100 103 104 103 103 106 105 104 110 110 111 109 109 107 105 104 102 101 102 102 105 111 118 118 128 133 132 129 128 120 113 114 113 112 114 111 107 104 101 97 91 87 85 85 88 91 93 96 99 108 110 108 104 112 126 129 124 129 153 151 158 165 152 147
71 73 74 74 75 79 82 85 84 80 81 79 85 89 87 82 78 79 80 83 80 80 82 84 88 99 110 113 109 108 107 103 103 103 104 111 111 112 112 111 112 114 114 112 111 111 111 111 111 111 112 111 110 110 111 118 116 124 135 140 135 130 126 125 125 119 117 114 112 106 103 95 90 86 85 89 89 91 95 100 104 105 101 100 105 99 109 106 121 134 125 116 130 124 126 126
69 71 72 73 73 75 79 82 81 83 83 82 88 88 86 82 80 82 88 95 84 81 84 88 96 120 117 114 111 110 109 108 110 116 116 115 113 111 112 114 117 118 120 119 120 120 120 120 119 120 121 121 122 121 120 121 121 126 136 135 138 141 135 138 140 132 126 120 115 109 102 95 92 90 90 89 91 94 98 101 102 99 92 96 94 92 98 115 106 107 101 101 113 121 111 101
