resultados/variables_proyeccion_tiempo/variables_futuro_csiro_A1B/bio14.asc
ncols 330
nrows 228
xllcorner -12.000000
yllcorner 34.000000
cellsize 0.166667
NODATA_value -9999
[rows 147 to 195 of 228, columns 0 to 95 of 330]
-9999 -9999 -9999 -9999 -9999 -9999 -9999 -9999 -9999 -9999 -9999 -9999 -9999 -9999 -9999 -9999 -9999 -9999 -9999 -9999 -9999 -9999 -9999 -9999 -9999 -9999 -9999 -9999 -9999 -9999 -9999 -9999 -9999 -9999 -9999 -9999 -9999 -9999 -9999 -9999 -9999 -9999 -9999 -9999 -9999 -9999 -9999 -9999 -9999 -9999 -9999 -9999 36 34 34 -9999 -9999 32 31 31 30 30 29 30 30 31 31 31 31 32 33 33 33 33 32 31 32 34 36 37 38 38 39 39 40 41 44 47 48 49 50 50 49 49 50 52
-9999 -9999 -9999 -9999 -9999 -9999 -9999 -9999 -9999 -9999 -9999 -9999 -9999 -9999 -9999 -9999 -9999 -9999 -9999 -9999 -9999 -9999 -9999 -9999 -9999 -9999 -9999 -9999 -9999 -9999 -9999 -9999 -9999 -9999 -9999 -9999 -9999 -9999 -9999 -9999 -9999 -9999 -9999 -9999 -9999 -9999 -9999 -9999 -9999 -9999 -9999 -9999 36 35 -9999 -9999 -9999 32 31 31 30 30 29 29 31 32 32 32 32 33 34 33 33 33 32 32 34 35 37 38 39 39 40 41 41 42 45 48 49 50 51 52 51 50 51 56
-9999 -9999 -9999 -9999 -9999 -9999 -9999 -9999 -9999 -9999 -9999 -9999 -9999 -9999 -9999 -9999 -9999 -9999 -9999 -9999 -9999 -9999 -9999 -9999 -9999 -9999 -9999 -9999 -9999 -9999 -9999 -9999 -9999 -9999 -9999 -9999 -9999 -9999 -9999 -9999 -9999 -9999 -9999 -9999 -9999 -9999 -9999 -9999 -9999 -9999 -9999 -9999 -9999 -9999 -9999 -9999 -9999 -9999 32 32 31 30 29 30 30 32 32 34 34 34 34 34 33 32 33 34 35 36 38 40 41 41 42 43 43 43 44 46 49 51 52 52 53 51 52 55
-9999 -9999 -9999 -9999 -9999 -9999 -9999 -9999 -9999 -9999 -9999 -9999 -9999 -9999 -9999 -9999 -9999 -9999 -9999 -9999 -9999 -9999 -9999 -9999 -9999 -9999 -9999 -9999 -9999 -9999 -9999 -9999 -9999 -9999 -9999 -9999 -9999 -9999 -9999 -9999 -9999 -9999 -9999 -9999 -9999 -9999 -9999 -9999 -9999 -9999 -9999 -9999 -9999 -9999 -9999 -9999 -9999 -9999 33 32 31 31 31 31 31 32 34 35 35 36 35 35 34 34 34 34 36 38 39 40 41 42 43 44 45 45 46 48 50 51 51 51 51 50 50 55
-9999 -9999 -9999 -9999 -9999 -9999 -9999 -9999 -9999 -9999 -9999 -9999 -9999 -9999 -9999 -9999 -9999 -9999 -9999 -9999 -9999 -9999 -9999 -9999 -9999 -9999 -9999 -9999 -9999 -9999 -9999 -9999 -9999 -9999 -9999 -9999 -9999 -9999 -9999 -9999 -9999 -9999 -9999 -9999 -9999 -9999 -9999 -9999 -9999 -9999 -9999 -9999 -9999 -9999 -9999 -9999 -9999 -9999 -9999 32 32 32 32 33 33 33 34 36 37 38 37 36 35 34 34 35 37 38 40 41 42 43 43 45 46 46 47 48 49 51 51 50 49 49 50 52
-9999 -9999 -9999 -9999 -9999 -9999 -9999 -9999 -9999 -9999 -9999 -9999 -9999 -9999 -9999 -9999 -9999 -9999 -9999 -9999 -9999 -9999 -9999 -9999 -9999 -9999 -9999 -9999 -9999 -9999 -9999 -9999 -9999 -9999 -9999 -9999 -9999 -9999 -9999 -9999 -9999 -9999 -9999 -9999 -9999 -9999 -9999 -9999 -9999 -9999 -9999 -9999 -9999 -9999 -9999 -9999 -9999 -9999 -9999 -9999 33 34 34 33 33 33 34 36 37 38 39 38 37 35 35 36 38 40 41 43 44 45 46 46 47 48 48 48 50 51 50 49 49 49 49 51
-9999 -9999 -9999 -9999 -9999 -9999 -9999 -9999 -9999 -9999 -9999 -9999 -9999 -9999 -9999 -9999 -9999 -9999 -9999 -9999 -9999 -9999 -9999 -9999 -9999 -9999 -9999 -9999 -9999 -9999 -9999 -9999 -9999 -9999 -9999 -9999 -9999 -9999 -9999 -9999 -9999 -9999 -9999 -9999 -9999 -9999 -9999 -9999 -9999 -9999 -9999 -9999 -9999 -9999 -9999 -9999 -9999 -9999 -9999 -9999 -9999 34 34 34 34 33 34 34 36 36 37 38 38 37 37 38 40 41 44 46 48 49 49 50 49 50 49 48 49 49 50 48 48 48 48 48
-9999 -9999 -9999 -9999 -9999 -9999 -9999 -9999 -9999 -9999 -9999 -9999 -9999 -9999 -9999 -9999 -9999 -9999 -9999 -9999 -9999 -9999 -9999 -9999 -9999 -9999 -9999 -9999 -9999 -9999 -9999 -9999 -9999 -9999 -9999 -9999 -9999 -9999 -9999 -9999 -9999 -9999 -9999 -9999 -9999 -9999 -9999 -9999 -9999 -9999 -9999 -9999 -9999 -9999 -9999 -9999 -9999 -9999 -9999 -9999 -9999 -9999 35 36 34 35 34 35 35 35 37 38 38 39 40 41 43 45 48 50 52 53 52 50 50 50 49 48 50 49 47 46 47 48 50 48
-9999 -9999 -9999 -9999 -9999 -9999 -9999 -9999 -9999 -9999 -9999 -9999 -9999 -9999 -9999 -9999 -9999 -9999 -9999 -9999 -9999 -9999 -9999 -9999 -9999 -9999 -9999 -9999 -9999 -9999 -9999 -9999 -9999 -9999 -9999 -9999 -9999 -9999 -9999 -9999 -9999 -9999 -9999 -9999 -9999 -9999 -9999 -9999 -9999 -9999 -9999 -9999 -9999 -9999 -9999 -9999 -9999 -9999 -9999 -9999 -9999 -9999 -9999 38 -9999 35 35 35 36 36 37 38 39 40 41 43 45 48 50 53 56 56 54 54 51 50 50 49 50 48 44 44 46 48 54 48
-9999 -9999 -9999 -9999 -9999 -9999 -9999 -9999 -9999 -9999 -9999 -9999 -9999 -9999 -9999 -9999 -9999 -9999 -9999 -9999 -9999 -9999 -9999 -9999 -9999 -9999 -9999 -9999 -9999 -9999 -9999 -9999 -9999 -9999 -9999 -9999 -9999 -9999 -9999 -9999 -9999 -9999 -9999 -9999 -9999 -9999 -9999 -9999 -9999 -9999 -9999 -9999 -9999 -9999 -9999 -9999 -9999 -9999 -9999 -9999 -9999 -9999 -9999 38 37 36 36 36 37 36 38 38 39 39 41 44 46 49 52 56 56 56 56 56 54 51 51 49 48 50 40 38 40 46 52 49
-9999 -9999 -9999 -9999 -9999 -9999 -9999 -9999 -9999 -9999 -9999 -9999 -9999 -9999 -9999 -9999 -9999 -9999 -9999 -9999 -9999 -9999 -9999 -9999 -9999 -9999 -9999 -9999 -9999 -9999 -9999 -9999 -9999 -9999 -9999 -9999 -9999 -9999 -9999 -9999 -9999 -9999 -9999 -9999 -9999 -9999 -9999 -9999 -9999 -9999 -9999 -9999 -9999 -9999 -9999 -9999 -9999 -9999 -9999 -9999 -9999 -9999 -9999 -9999 38 37 37 38 38 37 37 39 39 40 42 45 48 51 54 56 56 55 56 57 57 54 51 49 51 53 39 35 38 39 53 47
-9999 -9999 -9999 -9999 -9999 -9999 -9999 -9999 -9999 -9999 -9999 -9999 -9999 -9999 -9999 -9999 -9999 -9999 -9999 -9999 -9999 -9999 -9999 -9999 -9999 -9999 -9999 -9999 -9999 -9999 -9999 -9999 -9999 -9999 -9999 -9999 -9999 -9999 -9999 -9999 -9999 -9999 -9999 -9999 -9999 -9999 -9999 -9999 -9999 -9999 -9999 -9999 -9999 -9999 -9999 -9999 -9999 -9999 -9999 -9999 -9999 -9999 -9999 -9999 -9999 38 38 38 38 38 39 39 40 41 43 44 48 52 55 56 56 56 56 59 57 52 50 49 56 56 41 35 38 46 46 58
-9999 -9999 -9999 -9999 -9999 -9999 -9999 -9999 -9999 -9999 -9999 -9999 -9999 -9999 -9999 -9999 -9999 -9999 -9999 -9999 -9999 -9999 -9999 -9999 -9999 -9999 -9999 -9999 -9999 -9999 -9999 -9999 -9999 -9999 -9999 -9999 -9999 -9999 -9999 -9999 -9999 -9999 -9999 -9999 -9999 -9999 -9999 -9999 -9999 -9999 -9999 -9999 -9999 -9999 -9999 -9999 -9999 -9999 -9999 -9999 -9999 -9999 -9999 -9999 -9999 40 40 39 39 40 40 41 42 42 42 44 46 48 51 53 54 53 54 56 54 52 48 48 52 57 50 35 37 45 40 48
-9999 -9999 -9999 -9999 -9999 -9999 -9999 -9999 -9999 -9999 -9999 -9999 -9999 -9999 -9999 -9999 -9999 -9999 -9999 -9999 -9999 -9999 -9999 -9999 -9999 -9999 -9999 -9999 -9999 -9999 -9999 -9999 -9999 -9999 -9999 -9999 -9999 -9999 -9999 -9999 -9999 -9999 -9999 -9999 -9999 -9999 -9999 -9999 -9999 -9999 -9999 -9999 -9999 -9999 -9999 -9999 -9999 -9999 -9999 -9999 -9999 -9999 -9999 -9999 -9999 42 41 39 39 40 40 41 40 41 42 44 45 45 48 48 47 50 50 52 50 49 50 54 54 57 48 40 35 39 43 40
-9999 -9999 -9999 -9999 -9999 -9999 -9999 -9999 -9999 -9999 -9999 -9999 -9999 -9999 -9999 -9999 -9999 -9999 -9999 -9999 -9999 -9999 -9999 -9999 -9999 -9999 -9999 -9999 -9999 -9999 -9999 -9999 -9999 -9999 -9999 -9999 -9999 -9999 -9999 -9999 -9999 -9999 -9999 -9999 -9999 -9999 -9999 -9999 -9999 -9999 -9999 -9999 -9999 -9999 -9999 -9999 -9999 -9999 -9999 -9999 -9999 -9999 -9999 -9999 44 43 41 40 39 40 40 39 41 41 42 43 44 46 45 46 46 46 47 46 48 48 51 56 60 54 49 49 41 39 39 35
-9999 -9999 -9999 -9999 -9999 -9999 -9999 -9999 -9999 -9999 -9999 -9999 -9999 -9999 -9999 -9999 -9999 -9999 -9999 -9999 -9999 -9999 -9999 -9999 -9999 -9999 -9999 -9999 -9999 -9999 -9999 -9999 -9999 -9999 -9999 -9999 -9999 -9999 -9999 -9999 -9999 -9999 -9999 -9999 -9999 -9999 -9999 -9999 -9999 -9999 -9999 -9999 -9999 -9999 -9999 -9999 -9999 -9999 -9999 -9999 -9999 -9999 -9999 -9999 45 44 42 40 39 39 39 40 40 40 40 41 43 42 43 44 43 42 42 42 47 45 46 48 51 51 49 48 53 46 45 43
-9999 -9999 -9999 -9999 -9999 -9999 -9999 -9999 -9999 -9999 -9999 -9999 -9999 -9999 -9999 -9999 -9999 -9999 -9999 -9999 -9999 -9999 -9999 -9999 -9999 -9999 -9999 -9999 -9999 -9999 -9999 -9999 -9999 -9999 -9999 -9999 -9999 -9999 -9999 -9999 -9999 -9999 -9999 -9999 -9999 -9999 -9999 -9999 -9999 -9999 -9999 -9999 -9999 -9999 -9999 -9999 -9999 -9999 -9999 -9999 -9999 -9999 -9999 -9999 45 44 43 41 40 40 40 39 40 40 40 40 41 43 43 41 42 42 42 43 43 40 44 41 46 53 53 51 50 53 45 47
-9999 -9999 -9999 -9999 -9999 -9999 -9999 -9999 -9999 -9999 -9999 -9999 -9999 -9999 -9999 -9999 -9999 -9999 -9999 -9999 -9999 -9999 -9999 -9999 -9999 -9999 -9999 -9999 -9999 -9999 -9999 -9999 -9999 -9999 -9999 -9999 -9999 -9999 -9999 -9999 -9999 -9999 -9999 -9999 -9999 -9999 -9999 -9999 -9999 -9999 -9999 -9999 -9999 -9999 -9999 -9999 -9999 -9999 -9999 -9999 -9999 -9999 -9999 -9999 46 44 42 41 40 39 39 39 39 39 39 39 40 41 42 41 41 42 40 37 35 36 36 36 39 47 53 46 45 48 48 43
-9999 -9999 -9999 -9999 -9999 -9999 -9999 -9999 -9999 -9999 -9999 -9999 -9999 -9999 -9999 -9999 -9999 -9999 -9999 -9999 -9999 -9999 -9999 -9999 -9999 -9999 -9999 -9999 -9999 -9999 -9999 -9999 -9999 -9999 -9999 -9999 -9999 -9999 -9999 -9999 -9999 -9999 -9999 -9999 -9999 -9999 -9999 -9999 -9999 -9999 -9999 -9999 -9999 -9999 -9999 -9999 -9999 -9999 -9999 -9999 -9999 -9999 -9999 -9999 46 44 43 41 41 40 40 40 39 38 38 38 38 39 40 40 39 38 38 37 37 37 36 36 36 36 38 39 39 40 46 39
-9999 -9999 -9999 -9999 -9999 -9999 -9999 -9999 -9999 -9999 -9999 -9999 -9999 -9999 -9999 -9999 -9999 -9999 -9999 -9999 -9999 -9999 -9999 -9999 -9999 -9999 -9999 -9999 -9999 -9999 -9999 -9999 -9999 -9999 -9999 -9999 -9999 -9999 -9999 -9999 -9999 -9999 -9999 -9999 -9999 -9999 -9999 -9999 -9999 -9999 -9999 -9999 -9999 -9999 -9999 -9999 -9999 -9999 -9999 -9999 -9999 -9999 -9999 -9999 46 44 43 42 41 41 40 40 39 38 38 38 38 39 38 37 37 36 38 35 36 37 37 37 39 41 37 37 40 38 34 30
-9999 -9999 -9999 -9999 -9999 -9999 -9999 -9999 -9999 -9999 -9999 -9999 -9999 -9999 -9999 -9999 -9999 -9999 -9999 -9999 -9999 -9999 -9999 -9999 -9999 -9999 -9999 -9999 -9999 -9999 -9999 -9999 -9999 -9999 -9999 -9999 -9999 -9999 -9999 -9999 -9999 -9999 -9999 -9999 -9999 -9999 -9999 -9999 -9999 -9999 -9999 -9999 -9999 -9999 -9999 -9999 -9999 -9999 -9999 -9999 -9999 -9999 -9999 -9999 47 45 44 42 40 40 39 39 39 37 38 37 36 36 35 34 34 34 36 33 32 32 33 34 35 33 33 35 39 40 27 25
-9999 -9999 -9999 -9999 -9999 -9999 -9999 -9999 -9999 -9999 -9999 -9999 -9999 -9999 -9999 -9999 -9999 -9999 -9999 -9999 -9999 -9999 -9999 -9999 -9999 -9999 -9999 -9999 -9999 -9999 -9999 -9999 -9999 -9999 -9999 -9999 -9999 -9999 -9999 -9999 -9999 -9999 -9999 -9999 -9999 -9999 -9999 -9999 -9999 -9999 -9999 -9999 -9999 -9999 -9999 -9999 -9999 -9999 -9999 -9999 -9999 -9999 -9999 48 47 45 43 41 39 39 38 38 38 38 37 37 36 37 36 33 33 33 32 30 29 29 31 31 27 29 33 34 32 27 23 22
-9999 -9999 -9999 -9999 -9999 -9999 -9999 -9999 -9999 -9999 -9999 -9999 -9999 -9999 -9999 -9999 -9999 -9999 -9999 -9999 -9999 -9999 -9999 30 30 29 27 26 -9999 -9999 -9999 -9999 -9999 -9999 -9999 -9999 -9999 -9999 -9999 -9999 -9999 -9999 -9999 -9999 -9999 -9999 -9999 -9999 -9999 -9999 -9999 -9999 -9999 -9999 -9999 -9999 -9999 -9999 -9999 -9999 -9999 -9999 -9999 50 47 44 41 39 38 38 37 36 37 37 37 37 37 36 36 33 32 32 30 30 29 29 33 36 37 34 30 28 26 24 23 21
-9999 -9999 -9999 -9999 -9999 -9999 -9999 -9999 -9999 -9999 -9999 -9999 -9999 -9999 -9999 -9999 -9999 -9999 -9999 -9999 -9999 -9999 26 27 28 30 29 27 25 25 25 25 27 29 30 31 31 32 31 31 30 -9999 -9999 -9999 -9999 -9999 -9999 -9999 -9999 -9999 -9999 -9999 -9999 -9999 -9999 -9999 -9999 -9999 -9999 -9999 -9999 -9999 53 51 47 43 40 38 38 37 37 36 36 37 37 37 37 36 36 34 31 32 32 30 27 26 32 38 38 34 25 22 19 21 20 20
-9999 -9999 -9999 -9999 -9999 -9999 -9999 -9999 -9999 -9999 -9999 -9999 -9999 -9999 -9999 -9999 -9999 -9999 -9999 -9999 -9999 23 24 28 28 28 30 26 24 23 27 26 29 30 30 29 31 31 34 31 31 29 31 34 30 30 33 33 35 36 38 38 38 39 39 42 43 40 -9999 -9999 56 51 54 51 46 42 39 38 36 36 37 37 35 37 37 37 37 37 38 35 34 33 31 29 33 39 36 33 27 22 18 18 18 18 19 -9999
-9999 -9999 -9999 -9999 -9999 -9999 -9999 -9999 -9999 -9999 -9999 -9999 -9999 -9999 -9999 -9999 -9999 21 23 24 26 25 23 25 26 23 22 22 22 24 22 26 25 25 28 30 31 30 31 32 34 34 40 39 34 33 33 33 34 37 39 38 39 37 37 38 42 44 46 48 50 52 51 50 46 41 38 36 35 34 34 37 36 37 39 40 39 39 37 37 36 34 32 30 25 22 20 18 18 17 17 17 17 17 -9999 -9999
-9999 -9999 -9999 -9999 -9999 -9999 -9999 -9999 -9999 -9999 -9999 -9999 -9999 -9999 -9999 -9999 20 22 25 27 27 26 25 25 24 21 19 19 21 21 18 23 23 30 30 34 30 31 34 36 35 36 39 39 33 40 37 34 35 36 39 38 36 35 36 39 39 40 42 44 48 48 48 49 47 48 41 42 43 42 41 38 42 42 44 41 41 39 42 41 39 37 36 34 30 26 30 24 20 18 17 -9999 -9999 -9999 -9999 -9999
-9999 -9999 -9999 -9999 -9999 -9999 -9999 -9999 -9999 -9999 -9999 -9999 -9999 -9999 -9999 -9999 17 23 24 23 24 24 24 22 22 20 17 15 18 16 18 23 24 27 29 31 29 30 30 32 30 30 32 38 36 35 34 32 32 32 32 32 34 34 35 34 35 38 39 42 43 42 43 45 46 47 50 60 52 61 66 54 69 64 57 54 57 59 54 51 56 47 50 43 41 32 38 32 25 20 17 -9999 -9999 -9999 -9999 -9999
-9999 -9999 -9999 -9999 -9999 -9999 -9999 -9999 -9999 -9999 -9999 -9999 -9999 -9999 -9999 -9999 -9999 18 20 21 21 21 21 21 21 18 17 15 18 18 20 16 13 20 24 23 22 22 22 22 23 24 25 27 27 28 28 29 30 29 30 29 30 29 28 29 32 33 35 36 37 36 37 37 38 40 42 48 58 68 70 76 76 71 71 66 65 77 75 70 70 64 61 63 57 50 40 28 21 17 17 -9999 -9999 -9999 -9999 -9999
-9999 -9999 -9999 -9999 -9999 -9999 -9999 -9999 -9999 -9999 -9999 -9999 -9999 -9999 -9999 -9999 -9999 16 18 18 20 23 23 21 20 15 13 11 15 17 11 5 6 12 16 16 17 17 17 18 19 20 22 22 23 23 24 25 27 27 26 25 25 26 23 24 27 26 25 26 27 29 33 33 32 34 34 34 38 44 49 54 54 63 69 74 75 79 72 69 79 73 73 75 68 60 48 41 26 20 20 -9999 -9999 -9999 -9999 -9999
-9999 -9999 -9999 -9999 -9999 -9999 -9999 -9999 -9999 -9999 -9999 -9999 -9999 -9999 -9999 -9999 -9999 -9999 15 18 20 22 20 16 14 14 13 12 9 9 8 10 16 20 15 13 14 14 15 16 17 17 18 19 19 20 21 22 23 23 24 25 25 25 23 19 21 18 19 20 23 24 26 26 30 32 34 31 33 33 40 42 37 43 51 60 60 67 64 67 57 67 65 59 69 71 62 49 38 30 24 17 -9999 -9999 -9999 -9999
-9999 -9999 -9999 -9999 -9999 -9999 -9999 -9999 -9999 -9999 -9999 -9999 -9999 -9999 -9999 -9999 -9999 -9999 15 17 17 17 18 12 12 12 15 17 16 9 16 20 17 17 14 12 12 12 13 14 14 15 15 16 16 17 18 20 20 21 23 26 32 33 30 26 28 28 26 21 20 20 22 22 23 24 26 24 25 28 35 36 34 36 40 47 50 50 57 55 48 64 60 57 52 51 46 44 36 25 19 21 -9999 -9999 -9999 -9999
-9999 -9999 -9999 -9999 -9999 -9999 -9999 -9999 -9999 -9999 -9999 -9999 -9999 -9999 -9999 -9999 -9999 -9999 18 15 12 12 15 17 15 12 12 14 13 12 17 16 10 12 10 10 10 11 11 12 12 13 13 13 14 16 16 17 17 19 21 22 25 30 31 33 34 31 30 25 20 18 18 20 19 19 20 19 19 18 20 22 25 30 38 40 44 42 44 40 43 44 44 35 37 41 46 43 36 26 19 17 -9999 -9999 -9999 -9999
-9999 -9999 -9999 -9999 -9999 -9999 -9999 -9999 -9999 -9999 -9999 -9999 -9999 -9999 -9999 -9999 -9999 -9999 11 10 13 11 15 13 16 15 11 7 9 10 10 10 9 10 10 10 9 8 9 9 10 11 12 12 13 13 14 16 16 17 19 22 22 24 28 27 27 27 28 24 22 18 17 15 15 18 19 16 17 16 17 20 20 23 29 32 36 35 32 32 35 33 31 31 35 37 43 43 32 29 19 16 -9999 -9999 -9999 -9999
-9999 -9999 -9999 -9999 -9999 -9999 -9999 -9999 -9999 -9999 -9999 -9999 -9999 -9999 -9999 -9999 -9999 -9999 8 9 8 8 11 13 13 13 9 7 8 8 10 8 8 9 9 8 7 6 7 8 9 10 11 12 12 13 14 14 14 15 16 17 19 21 22 23 23 22 24 24 28 27 19 15 13 13 14 15 18 18 17 17 18 20 21 24 24 24 26 30 33 35 32 32 37 40 43 35 27 26 19 -9999 -9999 -9999 -9999 -9999
-9999 -9999 -9999 -9999 -9999 -9999 -9999 -9999 -9999 -9999 -9999 -9999 -9999 -9999 -9999 -9999 -9999 -9999 -9999 7 7 6 6 8 9 7 7 7 5 6 8 7 7 8 8 7 6 5 6 7 8 9 10 10 11 12 13 13 14 15 16 17 17 18 19 19 21 21 21 22 23 22 17 14 13 15 14 14 14 16 18 18 18 17 18 19 21 22 25 30 32 29 30 30 31 29 30 31 26 -9999 -9999 -9999 -9999 -9999 -9999 -9999
-9999 -9999 -9999 -9999 -9999 -9999 -9999 -9999 -9999 -9999 -9999 -9999 -9999 -9999 -9999 -9999 -9999 -9999 -9999 7 7 6 6 6 4 10 8 5 4 5 6 6 7 7 7 6 6 5 6 7 8 9 10 10 11 12 12 13 14 16 16 17 18 19 19 20 20 21 20 19 19 17 17 17 14 16 18 15 14 14 16 17 16 17 17 19 22 25 25 24 28 27 24 25 24 24 -9999 -9999 -9999 -9999 -9999 -9999 -9999 -9999 -9999 -9999
-9999 -9999 -9999 -9999 -9999 -9999 -9999 -9999 -9999 -9999 -9999 -9999 -9999 -9999 -9999 -9999 -9999 -9999 -9999 8 8 8 6 5 7 4 4 4 6 4 4 6 6 6 7 7 8 8 8 9 9 9 10 10 11 12 12 13 14 15 17 24 23 24 21 20 22 22 19 18 19 18 19 22 21 21 19 17 15 14 15 14 15 16 16 15 20 24 23 18 20 21 22 23 22 -9999 -9999 -9999 -9999 -9999 -9999 -9999 -9999 -9999 -9999 -9999
-9999 -9999 -9999 -9999 -9999 -9999 -9999 -9999 -9999 -9999 -9999 -9999 -9999 -9999 -9999 -9999 -9999 -9999 -9999 -9999 8 7 6 6 7 4 4 5 3 3 4 5 6 6 7 7 7 8 9 10 10 10 11 11 12 12 13 14 17 20 21 22 20 20 19 19 22 23 26 26 25 24 25 23 24 26 22 22 18 17 16 16 16 16 17 14 16 17 16 16 17 -9999 -9999 -9999 -9999 -9999 -9999 -9999 -9999 -9999 -9999 -9999 -9999 -9999 -9999 -9999
-9999 -9999 -9999 -9999 -9999 -9999 -9999 -9999 -9999 -9999 -9999 -9999 -9999 -9999 -9999 -9999 -9999 -9999 -9999 7 8 8 8 8 8 8 6 7 5 3 4 5 6 6 7 7 8 9 10 10 11 11 11 11 12 14 14 16 24 20 15 15 15 15 17 20 21 23 25 28 27 27 26 23 22 27 25 22 22 21 18 19 18 19 16 15 15 15 -9999 -9999 -9999 -9999 -9999 -9999 -9999 -9999 -9999 -9999 -9999 -9999 -9999 -9999 -9999 -9999 -9999 -9999
-9999 -9999 -9999 -9999 -9999 -9999 -9999 -9999 -9999 -9999 -9999 -9999 -9999 -9999 -9999 -9999 -9999 -9999 -9999 6 6 7 7 6 6 6 6 6 4 4 5 5 5 6 7 8 9 10 10 10 11 12 12 12 13 15 17 19 20 15 12 13 14 15 18 19 19 22 26 28 29 30 31 23 26 27 28 29 28 24 21 23 25 24 15 13 13 12 -9999 -9999 -9999 -9999 -9999 -9999 -9999 -9999 -9999 -9999 -9999 -9999 -9999 -9999 -9999 -9999 -9999 -9999
-9999 -9999 -9999 -9999 -9999 -9999 -9999 -9999 -9999 -9999 -9999 -9999 -9999 -9999 -9999 -9999 -9999 -9999 -9999 5 5 5 7 5 5 4 4 5 6 6 6 5 5 6 9 9 8 9 10 11 13 15 14 14 14 15 16 13 13 12 10 11 12 14 17 17 20 22 25 30 33 36 36 29 24 25 29 31 33 31 24 25 21 16 13 14 12 -9999 -9999 -9999 -9999 -9999 -9999 -9999 -9999 -9999 -9999 -9999 -9999 -9999 -9999 -9999 -9999 -9999 -9999 -9999
-9999 -9999 -9999 -9999 -9999 -9999 -9999 -9999 -9999 -9999 -9999 -9999 -9999 -9999 -9999 -9999 -9999 -9999 -9999 5 5 5 5 4 4 5 10 6 5 6 6 6 6 8 7 6 7 10 10 12 16 16 15 13 12 10 11 10 10 10 10 9 12 14 15 14 17 18 23 28 34 37 36 32 23 23 31 35 40 35 26 23 17 15 12 -9999 -9999 -9999 -9999 -9999 -9999 -9999 -9999 -9999 -9999 -9999 -9999 -9999 -9999 -9999 -9999 -9999 -9999 -9999 -9999 -9999
-9999 -9999 -9999 -9999 -9999 -9999 -9999 -9999 -9999 -9999 -9999 -9999 -9999 -9999 -9999 -9999 -9999 -9999 5 4 4 5 4 4 5 6 7 3 4 5 5 6 5 5 4 4 7 13 14 14 16 10 10 7 9 9 8 9 9 9 8 9 11 12 13 15 17 19 22 26 32 35 35 33 26 24 27 26 31 29 23 18 15 13 11 -9999 -9999 -9999 -9999 -9999 -9999 -9999 -9999 -9999 -9999 -9999 -9999 -9999 -9999 -9999 -9999 -9999 -9999 -9999 -9999 -9999
-9999 -9999 -9999 -9999 -9999 -9999 -9999 -9999 -9999 -9999 -9999 -9999 -9999 -9999 -9999 -9999 -9999 -9999 3 4 4 4 5 5 6 5 5 3 2 3 3 3 3 4 3 4 6 6 4 4 4 4 5 7 6 7 8 8 8 8 8 9 10 11 13 15 17 20 21 24 28 29 29 30 24 34 32 25 21 20 17 15 13 -9999 -9999 -9999 -9999 -9999 -9999 -9999 -9999 -9999 -9999 -9999 -9999 -9999 -9999 -9999 -9999 -9999 -9999 -9999 -9999 -9999 5 5
-9999 -9999 -9999 -9999 -9999 -9999 -9999 -9999 -9999 -9999 -9999 -9999 -9999 -9999 -9999 -9999 -9999 -9999 2 3 4 4 4 4 6 4 3 3 2 3 3 3 3 3 3 3 3 2 3 3 3 4 4 5 5 6 7 7 7 7 9 10 10 11 12 14 15 18 19 22 24 24 27 26 24 25 28 26 19 18 14 12 11 -9999 -9999 -9999 -9999 -9999 -9999 -9999 -9999 -9999 -9999 -9999 -9999 -9999 -9999 -9999 7 10 6 6 -9999 -9999 -9999 5
-9999 -9999 -9999 -9999 -9999 -9999 -9999 -9999 -9999 -9999 -9999 -9999 -9999 -9999 -9999 -9999 -9999 1 2 2 3 3 3 3 4 3 3 3 2 3 3 3 3 3 3 3 4 4 4 4 4 4 5 6 6 6 7 7 7 8 8 8 9 10 12 13 15 16 17 20 21 22 22 23 23 20 19 18 17 15 12 12 -9999 -9999 -9999 -9999 -9999 -9999 -9999 -9999 -9999 -9999 -9999 -9999 -9999 -9999 -9999 10 10 8 5 6 5 -9999 -9999 -9999
-9999 -9999 -9999 -9999 -9999 -9999 -9999 -9999 -9999 -9999 -9999 -9999 -9999 -9999 -9999 -9999 -9999 1 2 4 3 2 2 3 3 3 3 3 3 3 3 3 3 3 3 3 4 4 4 6 6 5 6 7 7 8 7 8 8 8 8 8 8 9 11 12 14 16 16 17 18 20 19 21 21 22 18 13 12 11 11 -9999 -9999 -9999 -9999 -9999 -9999 -9999 -9999 -9999 -9999 -9999 -9999 -9999 -9999 -9999 7 8 6 6 5 5 4 -9999 -9999 -9999
-9999 -9999 -9999 -9999 -9999 -9999 -9999 -9999 -9999 -9999 -9999 -9999 -9999 -9999 -9999 0 0 1 2 2 2 2 2 3 3 3 3 4 4 4 3 3 3 3 3 3 3 4 5 6 4 4 4 5 5 6 6 7 8 7 7 7 7 9 10 11 13 14 15 16 17 18 18 17 17 18 18 14 11 10 9 -9999 -9999 -9999 -9999 -9999 -9999 -9999 -9999 -9999 -9999 -9999 -9999 -9999 -9999 -9999 5 6 6 5 4 5 -9999 -9999 -9999 -9999
