resultados/variables_proyeccion_tiempo/variables_futuro_csiro_A1B/bio11.asc
ncols 330
nrows 228
xllcorner -12.000000
yllcorner 34.000000
cellsize 0.166667
NODATA_value -9999
[rows 96 to 143 of 228, columns 192 to 287 of 330]
-9999 -9999 -9999 -9999 -9999 -9999 23 21 19 17 14 12 10 10 10 9 9 9 9 9 9 10 11 12 11 11 10 9 8 7 6 6 6 6 6 5 4 4 6 5 4 3 2 2 1 0 0 1 1 -1 -2 -2 -3 -4 -4 -5 -5 -6 -6 -6 -7 -8 -7 -7 -8 -9 -10 -12 -12 -13 -13 -14 -14 -14 -15 -16 -17 -19 -20 -22 -22 -23 -23 -23 -22 -22 -21 -22 -23 -24 -24 -24 -24 -24 -22 -22
-9999 -9999 -9999 -9999 -9999 -9999 23 20 18 15 13 12 10 7 7 7 8 8 7 7 8 8 9 10 11 10 9 8 6 5 5 5 5 4 6 4 4 4 4 3 3 2 3 1 1 1 1 1 0 -0 -1 -2 -3 -4 -4 -4 -5 -5 -7 -8 -9 -8 -7 -7 -7 -8 -9 -10 -11 -11 -12 -12 -13 -14 -14 -15 -17 -19 -19 -21 -22 -22 -22 -22 -22 -21 -21 -21 -21 -22 -25 -25 -24 -23 -22 -21
-9999 -9999 -9999 -9999 -9999 -9999 22 21 18 15 13 11 10 7 6 7 6 6 7 6 7 8 9 10 10 9 8 7 6 5 5 4 4 5 3 3 3 3 3 4 3 3 3 1 1 0 1 0 0 -0 -1 -2 -3 -3 -4 -4 -4 -5 -7 -9 -9 -8 -8 -8 -7 -8 -8 -9 -10 -11 -12 -12 -13 -14 -14 -15 -17 -18 -19 -20 -21 -21 -21 -22 -22 -22 -21 -21 -21 -22 -22 -25 -25 -24 -22 -21
-9999 -9999 -9999 -9999 -9999 -9999 21 19 18 15 13 12 11 10 9 9 9 8 7 7 8 8 9 10 10 9 7 6 6 5 4 4 3 4 3 4 4 3 4 4 4 3 3 2 2 1 1 0 -0 -1 -1 -2 -2 -3 -3 -4 -4 -4 -6 -7 -7 -6 -7 -7 -6 -7 -7 -8 -10 -9 -10 -11 -12 -14 -16 -16 -16 -16 -18 -19 -20 -19 -20 -22 -22 -22 -22 -22 -22 -23 -23 -24 -26 -24 -23 -21
-9999 -9999 -9999 -9999 -9999 22 -9999 17 16 15 14 13 12 13 12 12 11 10 9 9 9 10 11 11 10 9 7 7 6 4 3 4 4 5 6 6 5 3 4 5 5 4 3 3 2 1 0 -1 -2 -2 -2 -2 -2 -2 -3 -3 -3 -4 -4 -5 -6 -6 -7 -8 -8 -8 -7 -7 -7 -7 -8 -11 -13 -14 -13 -14 -14 -16 -18 -18 -18 -19 -21 -21 -22 -22 -22 -22 -22 -24 -23 -23 -24 -24 -22 -21
-9999 -9999 -9999 23 22 -9999 -9999 16 15 15 14 14 13 14 13 13 12 12 11 10 11 11 12 11 10 8 8 7 4 4 4 4 4 6 7 7 5 3 3 3 3 3 2 2 1 1 -0 -1 -1 -2 -3 -2 -2 -2 -2 -3 -3 -4 -4 -5 -5 -6 -8 -9 -9 -8 -8 -7 -8 -7 -7 -9 -11 -12 -13 -12 -13 -14 -16 -17 -17 -18 -19 -20 -22 -22 -22 -20 -20 -21 -21 -22 -22 -22 -22 -21
21 22 23 22 20 18 16 14 14 13 12 12 12 13 13 13 13 12 12 11 11 12 12 11 11 9 8 6 5 5 5 4 6 7 9 9 7 6 4 3 2 3 2 2 1 0 -0 -0 -0 -1 -2 -3 -2 -3 -2 -2 -3 -4 -4 -5 -5 -5 -5 -6 -8 -8 -7 -6 -6 -6 -7 -8 -10 -11 -11 -11 -11 -13 -15 -16 -16 -17 -18 -19 -20 -20 -20 -20 -20 -19 -19 -20 -21 -21 -20 -20
21 21 21 21 18 16 14 12 11 11 10 10 11 11 12 13 14 13 12 12 12 12 11 11 10 8 5 5 4 5 4 5 6 7 5 8 8 8 6 4 3 3 2 2 2 1 0 -1 -1 -0 -1 -1 -2 -5 -4 -2 -4 -6 -7 -6 -7 -6 -6 -6 -7 -6 -6 -5 -6 -7 -6 -8 -8 -8 -8 -9 -12 -13 -15 -16 -16 -16 -17 -18 -18 -19 -20 -20 -20 -21 -19 -19 -19 -19 -19 -18
18 19 20 18 15 13 11 9 8 8 8 8 9 10 10 11 10 11 11 11 11 10 10 10 9 8 4 3 3 4 5 5 3 4 5 5 6 7 6 5 4 3 2 2 2 1 0 -2 -1 0 -0 -3 -3 -4 -4 -4 -5 -6 -8 -8 -8 -8 -6 -6 -7 -7 -6 -5 -6 -7 -7 -7 -7 -8 -9 -10 -13 -14 -15 -16 -15 -15 -16 -18 -18 -19 -21 -21 -21 -20 -19 -19 -20 -19 -19 -18
13 12 11 11 10 9 8 6 5 4 4 3 5 5 4 4 3 3 7 9 9 9 10 9 7 4 4 4 4 5 5 5 4 4 4 4 5 3 4 5 4 4 2 2 0 -1 -1 -3 -2 -1 -1 -3 -4 -4 -4 -5 -6 -8 -7 -8 -9 -8 -7 -8 -8 -8 -7 -7 -7 -7 -6 -7 -7 -8 -9 -10 -12 -13 -14 -15 -16 -16 -17 -18 -19 -20 -20 -21 -21 -22 -20 -21 -21 -21 -21 -20
10 9 7 7 6 6 4 2 0 -0 -1 0 0 -1 -0 1 0 2 4 6 7 7 7 6 6 4 4 3 3 3 4 4 4 3 3 3 2 2 1 1 2 1 -0 0 -2 -4 -3 -2 -2 -1 -2 -2 -3 -4 -5 -5 -6 -7 -8 -8 -9 -8 -9 -8 -8 -7 -7 -6 -7 -6 -6 -7 -8 -8 -9 -10 -11 -13 -14 -15 -16 -16 -17 -18 -18 -18 -19 -20 -21 -22 -22 -22 -22 -22 -22 -21
8 7 6 4 1 -1 -2 -4 -6 -6 -4 -4 -3 -1 -2 0 1 2 5 6 6 6 6 5 5 4 3 3 2 2 3 3 3 4 4 4 4 3 3 0 -2 -2 -5 -4 -4 -4 -3 -2 -2 -2 -3 -3 -4 -4 -5 -6 -7 -8 -8 -9 -10 -10 -9 -9 -8 -8 -7 -8 -8 -7 -7 -7 -8 -9 -10 -10 -11 -12 -14 -15 -15 -16 -16 -18 -19 -18 -19 -20 -21 -22 -22 -23 -23 -22 -20 -20
3 2 2 -1 -3 -5 -8 -9 -10 -9 -7 -6 -5 -3 -1 0 0 3 3 4 5 6 6 6 4 3 3 2 2 2 2 2 3 4 4 3 3 3 2 1 -1 -4 -6 -6 -5 -3 -4 -3 -4 -4 -4 -4 -5 -5 -6 -7 -8 -8 -8 -10 -10 -10 -10 -10 -9 -9 -8 -8 -8 -8 -8 -8 -9 -9 -10 -11 -12 -12 -13 -16 -16 -16 -16 -18 -18 -19 -19 -20 -21 -21 -21 -22 -22 -21 -21 -23
0 -0 -2 -3 -5 -8 -9 -10 -11 -10 -9 -8 -6 -5 -2 -0 1 2 3 4 4 4 4 5 4 3 3 1 1 1 2 2 3 3 1 1 2 2 0 -2 -3 -5 -6 -6 -5 -4 -3 -2 -3 -4 -5 -5 -6 -6 -6 -7 -8 -8 -9 -10 -10 -9 -10 -10 -9 -9 -8 -9 -8 -8 -8 -9 -9 -10 -10 -11 -12 -14 -13 -14 -16 -16 -16 -17 -18 -19 -19 -20 -21 -22 -23 -22 -24 -22 -23 -22
-4 -5 -5 -6 -7 -9 -10 -11 -12 -12 -10 -9 -9 -6 -4 -1 1 2 3 2 3 3 3 3 4 4 3 2 0 1 3 2 2 1 -3 -3 -0 1 0 -1 -2 -3 -3 -4 -4 -3 -3 -3 -4 -4 -5 -6 -6 -6 -6 -7 -8 -8 -9 -9 -9 -9 -9 -10 -10 -9 -8 -8 -8 -8 -9 -9 -10 -11 -11 -10 -10 -11 -13 -15 -16 -16 -15 -18 -19 -20 -20 -21 -22 -22 -23 -22 -23 -22 -23 -22
-7 -8 -8 -8 -8 -8 -9 -10 -11 -11 -10 -9 -8 -7 -4 -1 -0 1 2 2 3 3 3 5 5 4 4 4 3 2 3 1 -1 0 -1 -3 -1 -0 -1 -1 -1 -2 -2 -3 -3 -3 -3 -3 -3 -4 -4 -5 -5 -5 -6 -6 -7 -8 -8 -8 -9 -8 -8 -9 -9 -8 -7 -8 -8 -9 -9 -9 -9 -9 -9 -9 -10 -11 -12 -13 -15 -16 -16 -17 -17 -19 -19 -20 -21 -21 -22 -22 -22 -22 -22 -21
-7 -9 -10 -8 -8 -7 -8 -9 -10 -10 -9 -8 -8 -6 -3 -1 1 3 3 4 4 4 4 5 3 3 2 1 3 2 3 2 -0 -1 -1 -1 -1 -1 -1 -2 -2 -2 -3 -3 -2 -2 -3 -3 -3 -3 -4 -4 -5 -5 -5 -6 -6 -6 -7 -7 -8 -8 -8 -8 -8 -7 -7 -8 -8 -8 -8 -7 -8 -8 -9 -8 -9 -10 -12 -12 -14 -15 -16 -17 -18 -18 -18 -19 -20 -21 -22 -22 -22 -22 -22 -22
-6 -7 -9 -7 -7 -5 -6 -7 -9 -9 -9 -8 -7 -5 -4 -2 1 4 4 5 5 5 5 5 3 3 2 1 1 2 1 1 2 -0 0 0 -0 -1 -2 -2 -2 -2 -2 -2 -1 -1 -2 -2 -2 -3 -4 -3 -4 -4 -5 -4 -5 -5 -6 -6 -6 -7 -8 -8 -7 -6 -7 -7 -6 -6 -6 -7 -8 -8 -8 -8 -9 -10 -11 -12 -12 -13 -15 -16 -15 -16 -17 -19 -20 -21 -22 -22 -22 -22 -22 -21
-5 -5 -6 -4 -3 -2 -3 -5 -6 -7 -8 -7 -7 -6 -4 -2 1 3 5 6 6 6 6 5 4 3 2 2 2 2 2 2 2 2 1 2 0 -0 -1 -1 -0 0 0 -0 -1 -0 -1 -1 -2 -3 -3 -3 -3 -4 -4 -4 -4 -4 -5 -5 -6 -6 -7 -7 -6 -6 -6 -6 -5 -6 -6 -6 -7 -8 -8 -9 -9 -10 -10 -10 -11 -12 -14 -15 -14 -17 -18 -18 -19 -20 -20 -21 -21 -21 -21 -20
-3 -2 -2 -1 1 1 1 -0 -2 -4 -6 -6 -6 -5 -4 -1 1 3 4 6 6 6 6 5 5 4 4 3 2 2 2 2 3 3 3 2 2 1 0 0 1 1 0 1 -0 -0 -1 -1 -0 -1 -2 -2 -2 -3 -3 -4 -4 -4 -5 -5 -5 -5 -6 -6 -6 -5 -5 -5 -5 -6 -5 -6 -7 -7 -8 -8 -9 -9 -9 -8 -10 -12 -13 -14 -13 -15 -16 -17 -18 -20 -19 -21 -21 -21 -20 -20
-3 -1 1 3 5 6 6 3 1 -2 -3 -5 -7 -6 -3 -2 -0 2 4 5 5 6 6 5 5 4 4 3 3 3 3 3 3 3 2 2 2 1 1 1 1 1 1 0 1 0 -0 -1 -1 -1 -0 -1 -2 -2 -3 -3 -3 -4 -4 -4 -5 -5 -5 -5 -5 -6 -5 -5 -5 -5 -5 -6 -7 -8 -8 -8 -8 -8 -8 -7 -10 -10 -11 -11 -13 -15 -16 -16 -17 -19 -19 -20 -20 -20 -20 -19
0 1 3 6 10 12 10 7 3 -1 -4 -6 -8 -9 -6 -2 1 3 4 6 6 6 6 6 6 4 4 3 3 3 3 4 3 3 2 2 1 2 1 1 1 1 1 1 0 0 0 0 -0 -1 -1 -2 -2 -2 -2 -2 -3 -4 -3 -4 -5 -5 -4 -5 -5 -4 -4 -4 -4 -4 -6 -6 -7 -7 -6 -6 -8 -8 -8 -8 -8 -9 -10 -11 -12 -13 -14 -15 -17 -17 -19 -20 -20 -20 -20 -20
2 4 6 8 11 13 12 8 4 -1 -5 -6 -8 -10 -8 -4 1 4 7 7 6 6 7 6 6 5 4 4 3 3 3 3 3 3 2 2 2 2 2 1 1 1 0 0 0 0 -0 -0 -1 -1 -1 -2 -1 -1 -2 -2 -3 -3 -4 -4 -4 -4 -4 -4 -4 -4 -4 -4 -4 -5 -5 -5 -6 -6 -6 -6 -7 -7 -8 -8 -7 -8 -10 -11 -13 -13 -14 -15 -16 -17 -19 -18 -18 -18 -19 -20
2 3 5 7 9 11 11 8 4 -0 -3 -6 -8 -10 -8 -4 1 6 9 8 5 3 5 5 4 4 4 3 3 2 3 2 3 3 2 2 2 2 2 2 1 1 0 0 0 0 -0 -1 -1 -1 -1 -2 -2 -2 -2 -2 -2 -3 -4 -4 -4 -4 -4 -4 -4 -3 -4 -4 -4 -5 -5 -4 -4 -5 -6 -6 -7 -8 -8 -7 -8 -9 -11 -12 -13 -14 -14 -14 -16 -16 -16 -17 -18 -18 -19 -20
-0 1 1 3 5 8 8 7 4 0 -3 -6 -8 -8 -6 -3 1 5 8 7 3 1 2 2 3 2 3 3 2 2 2 2 2 2 2 2 2 2 1 1 0 0 1 0 -0 -1 -2 -2 -2 -2 -2 -3 -3 -3 -3 -4 -3 -3 -3 -3 -4 -4 -4 -4 -3 -2 -3 -4 -4 -3 -4 -3 -3 -5 -5 -6 -8 -8 -7 -7 -7 -9 -11 -11 -13 -14 -15 -15 -16 -15 -15 -17 -19 -19 -20 -21
-2 -1 0 2 4 5 6 5 4 1 -3 -5 -6 -6 -5 -3 -0 3 4 4 2 1 1 1 2 2 2 2 2 2 2 2 2 2 2 2 2 1 1 1 0 0 0 -0 -1 -1 -2 -2 -3 -2 -2 -2 -2 -2 -2 -2 -2 -1 -2 -2 -2 -2 -2 -2 -3 -3 -3 -2 -2 -2 -1 -2 -3 -4 -5 -6 -7 -8 -7 -6 -8 -10 -11 -12 -13 -13 -14 -15 -14 -14 -14 -15 -18 -18 -19 -20
-2 -2 0 2 3 4 4 4 2 2 0 -2 -4 -5 -4 -3 -1 1 2 1 -0 -1 0 1 1 2 2 2 2 2 1 1 2 2 2 2 1 1 0 1 0 -0 -0 -1 -1 -1 -2 -2 -2 -2 -2 -3 -2 -1 -1 -1 -1 -1 -1 -1 -1 -2 -1 -1 -3 -2 -1 -1 0 0 -1 -2 -2 -2 -3 -3 -4 -4 -5 -6 -8 -9 -11 -10 -11 -12 -13 -13 -13 -13 -16 -16 -17 -17 -19 -19
-3 -2 -2 -2 1 1 2 2 1 1 0 -0 -4 -6 -6 -4 -2 -0 0 -0 -0 -0 1 1 1 1 2 2 2 2 1 1 2 1 2 2 1 1 1 1 0 0 -1 -1 -2 -2 -2 -2 -3 -5 -5 -4 -3 -2 -2 -2 -2 -2 -1 -0 0 0 0 1 -0 -0 0 2 2 1 1 1 0 -0 -1 -2 -2 -2 -4 -5 -6 -8 -7 -9 -10 -10 -12 -12 -13 -13 -16 -17 -17 -18 -18 -19
-2 -3 -4 -7 -4 -1 0 1 3 2 3 1 -4 -7 -8 -5 -3 -1 -0 -0 0 1 2 2 1 2 2 2 3 2 2 2 2 2 2 2 2 1 1 0 -0 -1 -2 -2 -2 -2 -2 -3 -3 -4 -4 -3 -2 -1 0 0 1 1 1 1 1 1 2 2 1 2 3 3 3 2 2 2 1 0 -0 -1 -2 -2 -2 -3 -4 -6 -6 -7 -7 -8 -10 -11 -12 -13 -14 -14 -16 -17 -19 -19
-2 -4 -6 -8 -8 -5 -2 0 2 4 4 1 -2 -6 -6 -6 -4 -2 0 -0 -0 2 3 3 3 3 3 4 3 3 3 3 3 3 3 2 2 1 0 1 0 -1 -2 -2 -2 -2 -2 -2 -3 -2 -3 -2 -1 -0 0 0 0 0 1 1 2 2 3 3 2 4 4 4 4 3 3 3 2 1 1 0 -1 -2 -2 -3 -4 -5 -5 -6 -8 -8 -9 -10 -12 -13 -13 -13 -14 -14 -15 -15
-1 -3 -6 -7 -9 -8 -4 -0 3 5 6 3 -1 -4 -5 -5 -4 -2 0 2 2 1 4 4 4 4 4 3 3 4 3 3 3 3 2 2 1 1 0 0 0 0 -2 -2 -2 -2 -2 -2 -2 -2 -2 -2 -1 -0 -0 1 1 1 2 3 3 3 4 4 5 5 5 5 5 4 4 4 3 2 1 1 -0 -1 -1 -1 -3 -4 -5 -6 -6 -8 -9 -10 -10 -10 -12 -12 -14 -14 -15 -15
1 -1 -2 -5 -6 -5 -4 -2 2 6 8 6 1 -2 -4 -4 -3 1 2 3 3 4 6 6 6 5 5 4 3 3 3 3 3 2 2 2 1 0 0 0 -1 -0 -1 -1 -2 -2 -2 -2 -2 -3 -2 -2 -1 -0 1 1 2 3 3 3 3 4 5 6 6 5 6 6 5 5 4 4 4 3 1 2 0 0 -1 -2 -1 -2 -4 -5 -6 -7 -8 -9 -8 -10 -11 -12 -14 -14 -15 -15
2 1 1 -1 -2 -0 1 2 4 8 8 5 2 -0 -1 -1 1 1 1 2 3 6 7 6 7 7 6 5 4 4 3 3 4 3 1 2 -0 -0 -1 -0 -1 -2 -1 -1 -2 -2 -2 -2 -2 -2 -2 -2 -1 -1 0 1 3 2 3 4 3 5 4 7 6 6 6 6 5 5 5 4 4 3 3 2 2 1 0 0 -0 -2 -3 -5 -5 -6 -6 -7 -10 -9 -10 -11 -11 -12 -13 -13
3 2 1 2 2 3 5 5 6 5 3 0 -1 -1 -0 1 3 5 4 3 4 6 8 8 8 8 7 6 5 4 4 4 2 2 3 -1 -2 -2 -1 -0 -2 -1 -1 -2 -2 -2 -2 -2 -2 -2 -2 -2 -2 -1 1 2 2 2 3 3 3 4 3 7 6 6 6 7 6 5 4 4 4 3 4 3 1 1 1 2 1 -2 -2 -4 -4 -5 -7 -8 -9 -8 -8 -8 -9 -10 -12 -13
6 5 5 5 6 7 7 6 4 2 -2 -5 -7 -5 -1 2 4 6 8 7 5 8 9 10 9 9 8 7 6 6 5 4 3 3 2 -0 -2 -1 -1 -1 -1 -2 -2 -3 -3 -2 -2 -3 -2 -2 -1 -1 -1 -0 0 0 1 2 3 3 3 3 3 6 7 6 6 7 6 5 4 3 3 4 4 4 3 3 2 3 2 -1 -1 -2 -3 -6 -6 -8 -8 -7 -9 -9 -10 -11 -12 -11
10 8 7 7 7 8 6 4 2 -1 -4 -8 -10 -7 -2 3 8 9 10 9 8 6 8 10 10 9 9 8 7 6 4 4 2 1 -0 -2 -0 -2 -2 -2 -2 -2 -3 -4 -2 -3 -2 -3 -2 -2 -1 -1 -1 -1 -1 -0 1 2 2 3 2 2 3 3 4 5 6 6 6 5 4 3 3 4 4 4 3 3 4 3 1 -0 -0 -2 -3 -5 -6 -8 -6 -7 -8 -8 -8 -10 -11 -9
7 7 4 4 5 5 3 2 -0 -5 -7 -11 -12 -12 -6 2 9 12 12 12 11 9 8 8 10 10 9 8 8 4 1 -0 -1 -0 -1 -0 0 -0 -1 -2 -3 -3 -3 -3 -3 -3 -2 -3 -3 -3 -2 -2 -2 -1 -1 -0 0 1 2 3 2 2 2 2 2 2 3 4 4 4 4 4 3 4 4 5 5 5 5 2 2 2 0 -0 -4 -6 -7 -7 -5 -6 -7 -8 -9 -9 -10 -10
-1 -2 -3 0 -0 1 2 2 2 -2 -7 -11 -14 -12 -8 -2 7 12 12 12 11 11 10 10 8 9 8 6 4 2 1 -0 0 -1 -1 -1 -1 -1 -2 -2 -3 -3 -3 -3 -3 -3 -3 -3 -3 -3 -3 -3 -2 -2 -1 -0 0 -0 2 3 2 3 3 2 3 3 4 4 3 5 5 4 4 4 4 4 6 6 4 4 3 1 1 -1 -2 -4 -5 -5 -4 -6 -6 -6 -8 -8 -8 -7
-9 -10 -5 -0 -2 -2 -2 -5 -5 -6 -9 -11 -13 -15 -17 -11 0 7 9 11 11 12 12 12 8 8 7 6 4 3 2 1 1 1 1 -1 0 -0 -1 -2 -3 -3 -4 -3 -3 -3 -2 -2 -2 -2 -2 -2 -2 -2 -1 -0 0 0 1 2 1 1 1 2 2 2 2 3 4 6 6 5 5 5 4 4 6 6 5 5 3 2 1 0 -1 -2 -4 -4 -3 -3 -4 -4 -5 -6 -7 -7
-6 -6 -4 -11 -6 -8 -4 -6 -4 -7 -12 -18 -18 -18 -15 -14 -9 -4 3 7 10 12 12 13 12 12 10 8 6 5 3 2 3 3 3 2 0 1 -1 -2 -2 -2 -2 -2 -2 -2 -2 -2 -2 -1 -1 -1 -0 -1 -2 -1 -0 1 1 0 -0 1 0 -0 0 1 3 3 4 5 4 4 5 6 5 5 6 6 5 4 3 3 3 2 0 0 -1 -1 -2 -2 -2 -2 -3 -3 -4 -5
-28 -22 -8 -9 -7 -4 -6 0 2 2 -4 -9 -16 -21 -18 -15 -11 -7 -7 -3 0 7 11 12 12 12 11 11 10 6 5 3 3 3 4 3 2 1 0 -0 -1 -1 -2 -1 -1 -2 -2 -2 -2 -2 -1 -1 0 0 -0 -0 0 0 -0 -0 -0 0 -0 -0 -0 1 0 2 3 2 4 5 2 4 5 6 6 6 6 5 4 4 4 3 2 2 2 1 0 0 1 0 0 -1 -2 -3
-21 -9 -4 -9 -6 -3 3 4 4 6 4 1 -3 -11 -15 -16 -17 -11 -7 -13 -4 2 5 9 8 10 11 10 11 10 6 4 4 4 4 4 4 3 0 1 -0 -0 1 -1 -1 -0 -1 -1 -1 -0 -0 0 -0 -0 1 2 1 0 -0 -0 0 -0 0 -0 0 1 2 1 2 2 2 3 1 0 1 4 5 5 5 6 6 6 5 4 3 5 4 4 4 3 3 3 2 1 -0 -1
-20 -13 -6 -1 -2 -1 1 9 -4 8 12 9 -1 -3 5 -2 -8 -13 -9 -11 -7 -10 -6 2 6 7 6 8 11 9 8 7 5 5 6 5 5 5 3 3 1 1 2 1 0 1 0 -1 0 -0 0 1 2 2 2 0 2 2 0 -1 -1 -1 -0 1 2 2 1 1 0 0 1 1 -0 1 1 0 2 3 3 4 4 4 5 5 5 6 6 5 4 4 4 2 2 3 2 1
-3 -6 -0 -5 -4 -2 1 10 10 5 17 18 19 12 4 6 0 -4 -2 -8 -7 -12 -14 -15 -6 0 5 8 9 9 8 9 7 7 6 6 5 6 5 5 2 1 2 2 3 2 2 2 1 1 0 1 2 3 4 3 2 1 0 -0 -1 -0 1 0 2 2 2 2 2 1 0 0 -1 -0 -1 -0 2 3 4 2 2 3 3 5 4 7 7 7 6 6 5 6 6 4 3 3
8 12 9 6 8 12 15 16 8 16 20 21 22 23 18 11 6 7 4 -8 -4 -8 -16 -23 -20 -12 -6 1 4 7 8 8 8 8 7 7 8 6 6 6 5 3 4 4 5 4 3 3 4 2 1 1 1 2 3 3 3 2 1 1 0 0 1 1 2 1 0 0 -0 -1 -1 -2 -0 0 -0 1 1 3 4 4 2 2 3 3 4 5 6 8 8 9 8 9 7 7 7 6
15 17 14 15 16 15 16 14 9 17 20 22 23 24 24 23 20 13 4 11 -3 -3 -15 -18 -19 -18 -20 -9 -5 3 6 8 10 9 8 6 4 4 6 6 5 4 2 2 4 6 5 4 5 4 3 2 2 1 3 2 3 3 4 3 2 2 1 1 2 2 1 1 0 0 -1 -2 -1 0 1 1 1 1 2 3 3 3 4 5 4 4 5 5 7 6 8 6 6 4 5 6
18 19 16 17 19 18 18 15 18 22 23 23 23 23 24 24 22 21 20 12 15 4 -3 -7 -20 -19 -12 -18 -19 -9 -2 1 3 4 4 6 7 8 7 6 7 6 4 4 5 5 6 5 6 7 6 5 3 2 2 3 4 3 4 4 4 4 3 2 2 3 2 1 1 -0 -1 -2 -1 -0 1 1 0 1 2 3 4 4 5 4 5 6 6 8 9 8 8 9 6 5 5 6
17 15 6 6 18 21 21 22 22 22 23 24 23 23 24 24 24 23 21 13 16 15 11 5 -6 -8 -17 -27 -15 -10 -9 -10 -5 1 2 2 2 5 5 6 7 6 7 6 6 6 7 7 6 5 8 8 6 3 3 3 4 5 5 5 6 5 4 5 5 3 3 3 1 -0 -1 -2 1 2 2 2 1 3 4 4 5 6 6 5 7 7 6 9 9 9 11 10 8 6 5 6
