resultados/variables_proyeccion_tiempo/variables_futuro_csiro_A1B/bio1.asc
ncols 330
nrows 228
xllcorner -12.000000
yllcorner 34.000000
cellsize 0.166667
NODATA_value -9999
[rows 84 to 125 of 228, columns 93 to 185 of 330]
-9999 -9999 -9999 -9999 -9999 -9999 -9999 -9999 -9999 -9999 -9999 -9999 -9999 -9999 -9999 -9999 -9999 -9999 -9999 -9999 -9999 109 -9999 -9999 109 -9999 -9999 -9999 -9999 -9999 -9999 -9999 -9999 -9999 -9999 -9999 -9999 -9999 -9999 -9999 -9999 -9999 -9999 -9999 -9999 -9999 -9999 -9999 111 111 110 109 108 107 104 100 99 97 96 94 92 91 90 96 100 93 93 95 94 96 98 98 100 102 104 105 108 111 113 113 -9999 -9999 -9999 -9999 -9999 -9999 -9999 -9999 -9999 -9999 116 117 116
-9999 -9999 -9999 -9999 -9999 -9999 -9999 -9999 -9999 -9999 -9999 -9999 -9999 -9999 -9999 -9999 -9999 -9999 -9999 -9999 -9999 -9999 -9999 -9999 -9999 -9999 -9999 -9999 -9999 -9999 -9999 -9999 -9999 -9999 -9999 -9999 -9999 -9999 -9999 -9999 -9999 114 114 -9999 -9999 -9999 -9999 -9999 111 111 112 110 108 105 102 99 97 96 94 94 89 89 91 94 95 92 91 92 94 94 94 97 99 102 103 106 108 111 113 114 -9999 -9999 -9999 -9999 -9999 -9999 -9999 -9999 -9999 116 116 116 116
-9999 -9999 -9999 -9999 -9999 -9999 -9999 -9999 -9999 -9999 -9999 -9999 -9999 -9999 -9999 -9999 -9999 -9999 -9999 -9999 -9999 -9999 -9999 -9999 -9999 -9999 -9999 -9999 -9999 -9999 -9999 -9999 -9999 -9999 -9999 -9999 -9999 -9999 111 112 113 113 -9999 -9999 -9999 -9999 -9999 -9999 -9999 112 112 111 108 107 104 103 101 98 98 96 94 92 90 92 93 90 89 92 96 96 96 97 99 101 104 105 108 111 114 115 -9999 -9999 -9999 -9999 -9999 -9999 -9999 116 115 115 116 116 -9999
-9999 -9999 -9999 -9999 -9999 -9999 -9999 -9999 -9999 -9999 -9999 -9999 -9999 -9999 -9999 -9999 -9999 -9999 -9999 -9999 -9999 -9999 -9999 -9999 -9999 -9999 -9999 -9999 -9999 -9999 -9999 -9999 -9999 -9999 -9999 -9999 -9999 111 111 111 111 112 114 -9999 -9999 -9999 -9999 -9999 -9999 -9999 112 112 109 107 107 102 99 98 98 95 95 93 93 95 95 93 93 94 95 97 97 99 101 103 104 105 109 112 114 115 -9999 116 -9999 -9999 -9999 -9999 -9999 117 116 115 115 115 116
-9999 -9999 -9999 -9999 -9999 -9999 -9999 -9999 -9999 -9999 -9999 -9999 -9999 -9999 -9999 -9999 -9999 -9999 -9999 -9999 -9999 -9999 -9999 -9999 -9999 -9999 -9999 -9999 -9999 -9999 -9999 -9999 -9999 -9999 -9999 112 111 111 112 111 111 113 113 -9999 114 114 114 -9999 -9999 -9999 -9999 112 110 107 105 102 100 101 99 98 98 97 97 97 96 96 96 96 96 95 95 97 100 102 104 106 109 113 114 -9999 116 116 -9999 -9999 -9999 -9999 -9999 116 116 116 116 116 -9999
-9999 -9999 -9999 -9999 -9999 -9999 -9999 -9999 -9999 -9999 -9999 -9999 -9999 -9999 -9999 -9999 -9999 -9999 -9999 -9999 -9999 -9999 -9999 -9999 -9999 -9999 -9999 -9999 -9999 111 110 111 111 111 111 110 111 111 111 112 113 113 -9999 -9999 -9999 -9999 -9999 -9999 -9999 -9999 -9999 -9999 112 110 107 104 102 101 101 99 98 99 98 99 98 97 97 98 99 98 95 97 99 101 104 108 110 113 115 -9999 117 117 -9999 -9999 -9999 -9999 -9999 -9999 117 117 -9999 -9999 -9999
-9999 -9999 -9999 -9999 -9999 -9999 -9999 -9999 -9999 -9999 -9999 -9999 -9999 -9999 -9999 -9999 -9999 -9999 -9999 -9999 -9999 -9999 -9999 -9999 -9999 -9999 -9999 -9999 111 111 110 111 111 111 110 109 109 108 109 111 112 -9999 -9999 -9999 -9999 -9999 -9999 -9999 -9999 -9999 -9999 -9999 -9999 112 110 107 103 103 101 100 100 100 100 100 99 99 101 101 100 98 97 98 100 102 106 108 110 114 114 116 117 -9999 -9999 -9999 -9999 -9999 -9999 -9999 116 117 -9999 -9999 -9999
-9999 -9999 -9999 -9999 -9999 -9999 -9999 -9999 -9999 -9999 -9999 -9999 -9999 -9999 -9999 -9999 -9999 -9999 -9999 -9999 -9999 -9999 -9999 -9999 -9999 -9999 -9999 -9999 112 111 111 110 110 109 109 108 107 106 107 109 111 111 -9999 -9999 -9999 -9999 -9999 -9999 118 -9999 -9999 -9999 -9999 -9999 112 110 108 104 101 100 101 101 101 102 101 101 102 102 102 102 102 101 101 104 107 110 113 115 114 116 -9999 -9999 -9999 -9999 -9999 -9999 -9999 -9999 -9999 -9999 -9999 -9999 -9999
-9999 -9999 -9999 -9999 -9999 -9999 -9999 -9999 -9999 -9999 -9999 -9999 -9999 -9999 -9999 -9999 -9999 -9999 -9999 -9999 -9999 -9999 -9999 -9999 -9999 -9999 -9999 112 112 109 110 110 109 109 108 107 106 106 107 107 109 110 112 112 -9999 -9999 -9999 -9999 -9999 -9999 -9999 -9999 -9999 -9999 -9999 111 111 109 105 104 102 102 103 102 103 102 103 104 104 104 104 104 105 106 109 112 115 115 116 117 -9999 -9999 -9999 -9999 -9999 -9999 -9999 -9999 -9999 -9999 -9999 -9999 -9999
-9999 -9999 -9999 -9999 -9999 -9999 -9999 -9999 -9999 -9999 -9999 -9999 -9999 -9999 -9999 -9999 -9999 -9999 -9999 -9999 -9999 -9999 -9999 -9999 -9999 -9999 -9999 110 110 109 108 107 107 106 105 106 105 105 106 106 108 109 110 112 114 -9999 -9999 -9999 -9999 -9999 -9999 -9999 -9999 -9999 112 109 106 108 107 105 105 104 106 105 105 104 104 105 106 106 106 107 107 108 111 115 -9999 116 117 -9999 -9999 -9999 -9999 -9999 -9999 -9999 -9999 -9999 -9999 -9999 -9999 -9999 -9999
-9999 -9999 -9999 -9999 -9999 -9999 -9999 -9999 -9999 -9999 -9999 -9999 -9999 -9999 -9999 -9999 -9999 -9999 -9999 -9999 -9999 -9999 -9999 -9999 -9999 -9999 -9999 108 107 106 105 106 106 105 104 103 104 104 103 105 106 108 109 111 113 -9999 -9999 -9999 -9999 117 -9999 -9999 -9999 -9999 112 113 112 109 107 106 105 108 109 109 108 107 108 110 110 111 111 111 110 111 113 115 -9999 118 119 -9999 -9999 -9999 -9999 -9999 -9999 -9999 -9999 -9999 -9999 -9999 -9999 -9999 -9999
-9999 -9999 -9999 -9999 -9999 -9999 -9999 -9999 -9999 -9999 -9999 -9999 -9999 -9999 -9999 -9999 -9999 -9999 -9999 -9999 -9999 -9999 -9999 -9999 -9999 -9999 -9999 105 106 105 105 105 104 104 103 101 102 103 104 104 106 -9999 111 113 -9999 -9999 -9999 -9999 -9999 -9999 -9999 115 113 113 113 113 112 109 109 108 106 107 109 112 112 113 112 113 113 114 -9999 114 114 114 115 -9999 -9999 -9999 -9999 -9999 -9999 -9999 -9999 -9999 -9999 -9999 -9999 -9999 -9999 -9999 -9999 -9999 -9999
-9999 -9999 -9999 -9999 -9999 -9999 -9999 -9999 -9999 -9999 -9999 -9999 -9999 -9999 -9999 -9999 -9999 -9999 -9999 -9999 -9999 -9999 -9999 -9999 -9999 -9999 -9999 105 106 106 106 106 105 104 102 101 102 103 103 105 107 -9999 114 -9999 -9999 116 116 -9999 116 115 117 116 115 115 116 113 113 111 109 109 108 106 107 112 114 114 -9999 -9999 -9999 -9999 -9999 -9999 -9999 -9999 -9999 -9999 -9999 -9999 -9999 -9999 -9999 -9999 -9999 -9999 -9999 -9999 -9999 -9999 -9999 -9999 -9999 -9999 -9999
-9999 -9999 -9999 -9999 -9999 -9999 -9999 -9999 -9999 -9999 -9999 -9999 -9999 -9999 -9999 -9999 -9999 -9999 -9999 -9999 -9999 -9999 -9999 -9999 -9999 -9999 -9999 -9999 107 107 106 106 105 103 102 102 102 103 104 106 110 -9999 115 -9999 -9999 116 116 116 116 116 117 117 117 118 118 -9999 115 114 112 111 109 107 106 109 113 -9999 -9999 -9999 -9999 -9999 -9999 -9999 -9999 -9999 -9999 -9999 -9999 -9999 -9999 -9999 -9999 -9999 -9999 -9999 -9999 -9999 -9999 -9999 -9999 -9999 -9999 -9999 -9999
-9999 -9999 -9999 -9999 -9999 -9999 -9999 -9999 -9999 -9999 -9999 -9999 -9999 -9999 -9999 -9999 -9999 -9999 -9999 -9999 -9999 -9999 -9999 -9999 -9999 -9999 -9999 109 109 109 109 107 106 104 103 103 104 105 107 106 108 110 113 113 -9999 115 115 115 115 115 115 116 118 120 118 116 115 114 113 111 110 111 111 110 111 -9999 -9999 -9999 -9999 -9999 -9999 -9999 -9999 -9999 -9999 -9999 -9999 -9999 -9999 -9999 -9999 -9999 -9999 -9999 -9999 -9999 -9999 -9999 -9999 -9999 -9999 -9999 -9999
-9999 -9999 -9999 -9999 -9999 -9999 -9999 -9999 -9999 -9999 -9999 -9999 -9999 -9999 -9999 -9999 -9999 -9999 -9999 -9999 -9999 -9999 -9999 -9999 -9999 -9999 -9999 -9999 111 112 110 109 107 105 104 103 105 106 106 105 107 109 112 112 -9999 116 115 114 114 115 115 117 118 118 -9999 -9999 115 114 113 113 113 112 113 113 113 -9999 -9999 -9999 -9999 -9999 -9999 -9999 -9999 -9999 -9999 -9999 -9999 -9999 -9999 -9999 -9999 -9999 -9999 -9999 -9999 -9999 -9999 -9999 -9999 -9999 -9999 -9999 -9999
-9999 -9999 -9999 -9999 -9999 -9999 -9999 -9999 -9999 -9999 -9999 -9999 -9999 -9999 -9999 -9999 -9999 -9999 -9999 -9999 -9999 -9999 -9999 -9999 -9999 -9999 -9999 -9999 -9999 -9999 113 110 107 105 104 104 106 108 107 107 108 108 108 111 -9999 -9999 115 115 115 115 114 115 117 116 -9999 -9999 -9999 -9999 -9999 -9999 -9999 -9999 -9999 -9999 -9999 -9999 -9999 110 109 -9999 -9999 -9999 -9999 -9999 -9999 -9999 -9999 -9999 -9999 -9999 -9999 -9999 -9999 -9999 -9999 -9999 -9999 -9999 -9999 -9999 -9999 -9999 -9999
-9999 -9999 -9999 -9999 -9999 -9999 -9999 -9999 -9999 -9999 -9999 -9999 -9999 -9999 -9999 -9999 -9999 -9999 -9999 -9999 -9999 -9999 -9999 -9999 -9999 -9999 -9999 -9999 -9999 116 113 111 108 106 104 105 107 109 110 110 110 110 110 111 114 -9999 -9999 -9999 -9999 115 115 116 116 116 -9999 -9999 -9999 -9999 -9999 -9999 -9999 -9999 -9999 -9999 -9999 -9999 -9999 112 110 111 -9999 -9999 -9999 -9999 -9999 -9999 -9999 -9999 -9999 -9999 -9999 -9999 -9999 -9999 -9999 -9999 -9999 -9999 -9999 -9999 -9999 -9999 -9999
-9999 -9999 -9999 -9999 -9999 -9999 -9999 -9999 -9999 -9999 -9999 -9999 -9999 -9999 -9999 -9999 -9999 -9999 -9999 -9999 -9999 -9999 -9999 -9999 -9999 -9999 -9999 -9999 115 115 112 110 108 107 106 107 108 109 111 112 113 114 114 114 113 114 113 113 114 114 114 115 116 116 111 -9999 -9999 -9999 -9999 -9999 -9999 -9999 -9999 -9999 -9999 -9999 -9999 -9999 -9999 -9999 -9999 -9999 -9999 -9999 -9999 -9999 -9999 -9999 -9999 -9999 -9999 -9999 -9999 -9999 -9999 -9999 -9999 -9999 -9999 -9999 -9999 -9999 -9999
-9999 -9999 -9999 -9999 -9999 -9999 -9999 -9999 -9999 -9999 -9999 -9999 -9999 -9999 -9999 -9999 -9999 -9999 -9999 -9999 -9999 -9999 -9999 -9999 -9999 -9999 -9999 -9999 115 114 113 110 108 108 108 108 109 110 112 -9999 -9999 -9999 -9999 115 -9999 114 113 113 112 113 113 114 -9999 -9999 -9999 -9999 -9999 -9999 -9999 -9999 -9999 -9999 -9999 -9999 -9999 -9999 -9999 -9999 -9999 -9999 -9999 -9999 -9999 -9999 -9999 -9999 -9999 -9999 -9999 -9999 -9999 116 115 112 109 107 107 107 107 109 113 114 -9999
-9999 -9999 -9999 -9999 -9999 -9999 -9999 -9999 -9999 -9999 -9999 -9999 -9999 -9999 -9999 -9999 -9999 -9999 -9999 -9999 -9999 -9999 -9999 -9999 -9999 -9999 -9999 -9999 -9999 114 113 112 109 109 109 111 111 111 111 113 -9999 -9999 -9999 -9999 -9999 114 -9999 113 113 -9999 112 -9999 -9999 -9999 -9999 -9999 -9999 114 114 114 111 -9999 -9999 -9999 -9999 -9999 -9999 -9999 -9999 -9999 -9999 -9999 -9999 -9999 -9999 -9999 -9999 -9999 120 120 120 116 112 109 109 106 102 102 101 104 106 114 -9999
-9999 -9999 -9999 -9999 -9999 -9999 -9999 -9999 -9999 -9999 -9999 -9999 -9999 -9999 -9999 -9999 -9999 -9999 -9999 -9999 -9999 -9999 -9999 -9999 -9999 -9999 -9999 -9999 -9999 114 112 112 111 111 111 112 112 111 110 110 110 110 110 -9999 112 114 114 -9999 -9999 -9999 -9999 -9999 -9999 113 113 113 113 113 113 113 114 115 -9999 -9999 -9999 -9999 -9999 -9999 -9999 -9999 -9999 -9999 -9999 -9999 -9999 -9999 -9999 117 117 117 116 114 110 107 103 100 97 96 94 95 99 104 -9999
-9999 -9999 -9999 -9999 -9999 -9999 -9999 -9999 -9999 -9999 -9999 -9999 -9999 -9999 -9999 -9999 -9999 -9999 -9999 -9999 -9999 -9999 -9999 -9999 -9999 -9999 -9999 -9999 -9999 -9999 112 112 111 111 111 112 111 110 108 107 108 109 109 108 113 115 -9999 -9999 -9999 -9999 -9999 114 113 113 112 112 111 111 112 113 -9999 115 -9999 -9999 -9999 -9999 -9999 -9999 -9999 -9999 -9999 -9999 122 119 116 114 113 113 112 113 112 108 107 105 101 98 95 94 92 92 97 104 107
-9999 -9999 -9999 -9999 -9999 -9999 -9999 -9999 -9999 -9999 -9999 -9999 -9999 -9999 -9999 -9999 -9999 -9999 -9999 -9999 -9999 -9999 -9999 -9999 -9999 -9999 -9999 -9999 -9999 -9999 -9999 112 111 111 110 110 110 109 109 107 108 109 109 111 113 -9999 -9999 115 113 111 112 113 112 111 111 112 111 111 111 111 112 115 117 119 -9999 -9999 -9999 119 118 117 118 118 119 117 115 112 110 109 108 106 107 105 103 101 100 98 98 96 95 95 98 102 106
-9999 -9999 -9999 -9999 -9999 -9999 -9999 -9999 -9999 -9999 -9999 -9999 -9999 -9999 -9999 -9999 -9999 -9999 -9999 -9999 -9999 -9999 -9999 -9999 -9999 -9999 -9999 -9999 -9999 114 112 112 111 111 111 111 111 111 110 109 109 110 111 113 113 113 114 114 112 111 112 113 112 111 110 110 111 111 111 112 113 115 117 119 121 119 119 118 117 116 115 114 114 113 112 111 109 106 105 104 103 103 103 103 102 100 99 98 98 98 100 103 106
-9999 -9999 -9999 -9999 -9999 -9999 -9999 -9999 -9999 -9999 -9999 -9999 -9999 -9999 -9999 -9999 -9999 -9999 -9999 -9999 -9999 -9999 -9999 114 114 114 114 114 114 -9999 113 112 112 111 111 111 112 111 111 110 111 111 113 113 113 112 112 112 112 112 112 113 112 110 111 110 110 109 110 112 114 116 117 118 119 119 118 116 115 114 113 111 110 110 108 106 106 106 105 104 104 103 103 102 102 102 101 101 101 101 102 104 106
-9999 -9999 -9999 -9999 -9999 -9999 -9999 -9999 -9999 -9999 -9999 -9999 -9999 -9999 -9999 -9999 -9999 -9999 -9999 113 114 114 114 114 114 113 113 113 114 114 114 113 112 111 111 111 112 112 112 112 111 111 112 113 113 112 112 112 112 112 112 112 111 110 109 109 109 109 111 111 112 114 116 118 118 117 117 116 115 113 111 110 110 109 108 107 105 105 104 104 104 103 103 103 103 103 103 102 103 104 104 107 106
-9999 -9999 -9999 -9999 -9999 -9999 -9999 -9999 -9999 -9999 110 110 110 110 111 111 111 112 112 113 114 114 115 114 113 112 112 113 114 114 114 113 112 112 111 111 111 111 110 114 113 112 114 114 114 113 114 113 114 112 112 112 111 110 110 110 109 109 110 109 110 113 116 116 117 116 116 116 116 114 113 111 110 110 109 107 106 106 105 105 105 104 105 105 105 104 106 105 105 108 108 108 106
-9999 -9999 -9999 -9999 -9999 -9999 -9999 -9999 111 -9999 -9999 110 110 111 111 111 111 112 112 113 114 115 116 115 114 113 113 113 114 114 114 113 114 112 112 112 112 111 111 111 113 113 113 114 115 115 115 115 114 114 112 113 111 111 111 111 111 111 111 111 112 114 116 117 117 118 116 116 118 117 116 114 112 111 110 110 108 107 106 107 106 106 106 107 107 107 107 107 109 109 108 108 108
-9999 -9999 -9999 -9999 -9999 -9999 -9999 111 111 -9999 -9999 111 111 111 112 112 112 112 112 113 114 115 115 115 114 113 113 113 114 113 114 115 115 114 113 113 113 111 110 111 111 112 113 112 112 116 116 116 115 115 115 113 113 113 113 112 112 112 113 114 114 115 116 117 118 118 116 116 116 116 116 115 114 113 113 112 110 109 109 108 108 108 109 109 109 110 110 110 111 112 111 110 110
-9999 -9999 -9999 -9999 -9999 -9999 -9999 112 112 112 -9999 112 112 112 112 112 113 112 112 113 114 115 115 114 113 112 112 112 111 113 114 114 115 115 115 113 113 112 112 112 111 112 113 113 114 116 117 116 116 117 117 116 115 116 116 115 115 115 116 116 115 116 117 118 117 118 116 117 117 117 117 116 116 116 115 115 114 113 111 109 109 109 109 109 109 110 110 111 112 112 113 113 112
-9999 -9999 -9999 -9999 -9999 -9999 113 113 113 113 113 -9999 113 113 114 114 114 114 114 114 115 115 115 114 114 113 113 113 112 113 114 114 114 115 116 116 115 114 114 113 112 112 113 114 115 116 117 116 117 117 117 117 118 118 117 118 118 117 117 117 117 117 116 119 120 119 118 119 119 118 120 120 120 118 117 115 114 113 112 112 111 111 110 110 110 111 111 112 113 113 113 113 114
-9999 -9999 -9999 -9999 -9999 -9999 114 115 115 114 114 114 114 114 114 115 115 115 115 115 115 116 116 116 115 113 114 114 113 114 115 115 116 116 116 115 115 115 115 115 115 115 115 114 115 116 115 117 116 117 118 118 118 118 119 119 119 119 119 118 118 118 117 118 120 121 121 121 121 121 121 121 120 118 117 116 114 113 113 113 113 112 111 110 110 111 112 113 113 114 114 114 114
-9999 -9999 -9999 -9999 -9999 -9999 115 116 116 115 115 116 115 115 115 116 116 116 117 116 116 116 116 116 116 116 115 115 115 115 116 116 116 116 116 116 115 115 115 115 115 116 116 116 116 116 116 116 115 117 118 119 119 120 120 120 121 120 120 120 120 120 120 120 119 119 120 118 118 117 116 118 119 118 117 115 114 114 114 114 114 113 112 111 112 112 112 114 115 115 115 115 114
-9999 -9999 -9999 -9999 -9999 117 117 117 117 116 116 116 116 115 115 117 118 118 118 118 116 117 117 117 117 116 116 115 113 114 114 115 116 115 111 110 112 115 114 114 114 115 116 112 114 114 113 115 117 118 118 118 118 118 119 120 121 121 121 121 121 121 121 120 120 120 120 120 119 118 118 119 119 118 118 117 115 115 115 114 115 114 113 113 113 114 114 115 115 117 116 116 115
-9999 -9999 -9999 -9999 119 118 118 118 118 117 116 116 117 116 115 118 120 120 120 119 118 117 116 117 118 119 118 117 115 113 115 114 112 109 112 114 111 113 109 111 111 113 115 115 115 116 114 115 117 119 118 117 117 115 116 118 120 120 121 121 121 121 121 121 121 119 118 121 121 121 120 121 120 119 119 118 116 116 115 115 114 115 114 114 114 115 115 115 115 115 116 117 116
-9999 -9999 -9999 120 120 120 119 119 119 118 118 118 118 118 119 120 121 121 121 120 119 119 117 117 118 118 118 118 117 116 114 112 110 113 109 111 109 107 109 109 103 102 106 112 113 115 115 116 117 119 119 119 119 118 117 118 119 120 119 119 120 121 122 122 121 120 120 121 120 120 120 119 119 119 118 117 116 113 113 114 114 113 113 112 112 113 115 115 115 114 116 116 116
-9999 123 123 122 122 121 121 120 120 119 118 118 118 119 120 121 122 123 123 122 122 120 120 120 118 118 118 116 117 118 117 115 106 112 111 111 102 107 111 108 102 89 85 94 102 108 112 114 116 118 119 119 120 119 117 119 120 120 120 119 119 120 120 121 121 120 120 119 118 118 118 117 118 118 118 116 115 114 114 114 114 112 113 112 112 112 114 115 115 115 116 116 115
124 124 124 123 123 122 122 121 120 119 119 118 119 120 121 122 123 124 125 124 124 123 122 120 120 118 118 117 114 111 110 108 106 111 113 112 109 106 109 107 109 104 104 102 100 100 104 109 112 115 117 118 119 119 118 118 119 120 120 119 120 119 118 119 118 118 117 117 116 115 116 115 115 114 114 113 115 114 114 114 114 114 113 113 114 114 114 115 115 114 115 115 114
125 125 125 125 124 123 122 121 120 119 119 118 119 121 122 123 124 125 126 126 124 122 119 117 116 111 109 108 104 101 99 101 105 112 110 112 109 107 108 104 103 102 102 107 110 110 114 112 112 116 118 118 118 117 117 117 117 117 120 120 119 119 119 117 118 118 117 116 115 114 114 113 113 113 113 112 113 116 114 114 114 114 112 113 112 113 111 114 115 115 115 115 116
125 125 125 125 125 124 123 123 122 121 119 119 120 122 123 124 124 125 126 126 123 117 112 107 106 104 104 100 99 91 88 99 106 106 109 112 110 100 106 105 99 104 106 107 109 113 113 111 112 113 116 117 117 116 116 116 114 115 117 118 117 116 114 112 114 115 116 114 113 112 109 110 109 108 111 113 115 115 115 114 113 112 112 112 111 112 113 114 114 115 115 116 115
125 125 126 126 126 126 125 124 123 122 121 119 120 123 124 125 124 124 125 126 126 120 114 110 106 101 102 98 93 93 97 106 104 105 115 113 110 105 106 104 106 104 108 108 112 114 110 111 111 111 111 113 115 115 114 112 110 110 110 110 113 115 109 107 104 105 106 109 111 109 106 104 104 103 104 107 112 112 113 114 114 115 115 114 114 114 113 114 114 114 114 114 115
