resultados/variables_proyeccion_tiempo/variables_futuro_csiro_A1B/bio11.asc
ncols 330
nrows 228
xllcorner -12.000000
yllcorner 34.000000
cellsize 0.166667
NODATA_value -9999
[rows 96 to 143 of 228, columns 96 to 191 of 330]
-9999 -9999 -9999 -9999 -9999 -9999 -9999 -9999 -9999 -9999 -9999 -9999 -9999 -9999 -9999 -9999 -9999 -9999 -9999 -9999 -9999 -9999 -9999 -9999 30 32 35 36 36 35 34 32 29 28 28 26 30 33 -9999 42 -9999 -9999 39 37 -9999 36 36 37 39 39 41 43 42 42 41 39 39 38 36 37 42 43 42 -9999 -9999 -9999 -9999 -9999 -9999 -9999 -9999 -9999 -9999 -9999 -9999 -9999 -9999 -9999 -9999 -9999 -9999 -9999 -9999 -9999 -9999 -9999 -9999 -9999 -9999 -9999 -9999 -9999 -9999 -9999 -9999 -9999
-9999 -9999 -9999 -9999 -9999 -9999 -9999 -9999 -9999 -9999 -9999 -9999 -9999 -9999 -9999 -9999 -9999 -9999 -9999 -9999 -9999 -9999 -9999 -9999 -9999 35 35 36 36 35 34 32 30 29 29 29 32 37 -9999 41 -9999 -9999 41 40 38 38 39 40 42 44 46 46 -9999 44 43 42 41 38 36 36 39 43 -9999 -9999 -9999 -9999 -9999 -9999 -9999 -9999 -9999 -9999 -9999 -9999 -9999 -9999 -9999 -9999 -9999 -9999 -9999 -9999 -9999 -9999 -9999 -9999 -9999 -9999 -9999 -9999 -9999 -9999 -9999 -9999 -9999 -9999
-9999 -9999 -9999 -9999 -9999 -9999 -9999 -9999 -9999 -9999 -9999 -9999 -9999 -9999 -9999 -9999 -9999 -9999 -9999 -9999 -9999 -9999 -9999 -9999 36 37 38 38 38 36 34 33 32 32 33 34 34 36 38 41 41 -9999 40 40 38 38 38 40 43 46 48 46 44 42 42 41 39 38 39 38 38 40 -9999 -9999 -9999 -9999 -9999 -9999 -9999 -9999 -9999 -9999 -9999 -9999 -9999 -9999 -9999 -9999 -9999 -9999 -9999 -9999 -9999 -9999 -9999 -9999 -9999 -9999 -9999 -9999 -9999 -9999 -9999 -9999 -9999 -9999
-9999 -9999 -9999 -9999 -9999 -9999 -9999 -9999 -9999 -9999 -9999 -9999 -9999 -9999 -9999 -9999 -9999 -9999 -9999 -9999 -9999 -9999 -9999 -9999 -9999 39 41 41 40 38 36 35 34 34 35 35 34 36 38 40 41 -9999 41 40 38 38 39 40 43 44 44 -9999 -9999 41 41 40 39 38 38 39 39 40 -9999 -9999 -9999 -9999 -9999 -9999 -9999 -9999 -9999 -9999 -9999 -9999 -9999 -9999 -9999 -9999 -9999 -9999 -9999 -9999 -9999 -9999 -9999 -9999 -9999 -9999 -9999 -9999 -9999 -9999 -9999 -9999 -9999 -9999
-9999 -9999 -9999 -9999 -9999 -9999 -9999 -9999 -9999 -9999 -9999 -9999 -9999 -9999 -9999 -9999 -9999 -9999 -9999 -9999 -9999 -9999 -9999 -9999 -9999 -9999 -9999 45 42 39 37 35 35 36 37 37 36 37 37 37 39 -9999 -9999 40 39 38 38 38 41 43 41 -9999 -9999 -9999 -9999 -9999 -9999 -9999 -9999 -9999 -9999 -9999 -9999 -9999 37 36 -9999 -9999 -9999 -9999 -9999 -9999 -9999 -9999 -9999 -9999 -9999 -9999 -9999 -9999 -9999 -9999 -9999 -9999 -9999 -9999 -9999 -9999 -9999 -9999 -9999 -9999 -9999 -9999 -9999 -9999
-9999 -9999 -9999 -9999 -9999 -9999 -9999 -9999 -9999 -9999 -9999 -9999 -9999 -9999 -9999 -9999 -9999 -9999 -9999 -9999 -9999 -9999 -9999 -9999 -9999 -9999 45 45 43 40 37 35 35 37 38 38 38 38 37 37 38 40 -9999 -9999 -9999 -9999 38 39 40 40 39 -9999 -9999 -9999 -9999 -9999 -9999 -9999 -9999 -9999 -9999 -9999 -9999 -9999 37 35 37 -9999 -9999 -9999 -9999 -9999 -9999 -9999 -9999 -9999 -9999 -9999 -9999 -9999 -9999 -9999 -9999 -9999 -9999 -9999 -9999 -9999 -9999 -9999 -9999 -9999 -9999 -9999 -9999 -9999
-9999 -9999 -9999 -9999 -9999 -9999 -9999 -9999 -9999 -9999 -9999 -9999 -9999 -9999 -9999 -9999 -9999 -9999 -9999 -9999 -9999 -9999 -9999 -9999 -9999 42 42 44 42 39 37 37 36 37 38 39 40 38 38 39 38 38 39 39 38 37 37 37 39 40 38 34 -9999 -9999 -9999 -9999 -9999 -9999 -9999 -9999 -9999 -9999 -9999 -9999 -9999 -9999 -9999 -9999 -9999 -9999 -9999 -9999 -9999 -9999 -9999 -9999 -9999 -9999 -9999 -9999 -9999 -9999 -9999 -9999 -9999 -9999 -9999 -9999 -9999 -9999 -9999 -9999 -9999 -9999 -9999 21
-9999 -9999 -9999 -9999 -9999 -9999 -9999 -9999 -9999 -9999 -9999 -9999 -9999 -9999 -9999 -9999 -9999 -9999 -9999 -9999 -9999 -9999 -9999 -9999 -9999 42 43 43 42 39 37 36 36 37 38 39 -9999 -9999 -9999 -9999 38 -9999 39 39 38 36 35 34 36 -9999 -9999 -9999 -9999 -9999 -9999 -9999 -9999 -9999 -9999 -9999 -9999 -9999 -9999 -9999 -9999 -9999 -9999 -9999 -9999 -9999 -9999 -9999 -9999 -9999 -9999 -9999 -9999 -9999 16 15 15 13 11 12 16 20 25 30 32 -9999 -9999 -9999 -9999 -9999 -9999 20
-9999 -9999 -9999 -9999 -9999 -9999 -9999 -9999 -9999 -9999 -9999 -9999 -9999 -9999 -9999 -9999 -9999 -9999 -9999 -9999 -9999 -9999 -9999 -9999 -9999 -9999 42 42 42 39 38 37 38 38 39 39 40 -9999 -9999 -9999 -9999 -9999 39 -9999 38 37 -9999 31 -9999 -9999 -9999 -9999 -9999 -9999 37 36 37 32 -9999 -9999 -9999 -9999 -9999 -9999 -9999 -9999 -9999 -9999 -9999 -9999 -9999 -9999 -9999 -9999 -9999 21 18 16 14 12 10 9 6 6 10 14 19 24 32 -9999 -9999 -9999 -9999 -9999 20 20
-9999 -9999 -9999 -9999 -9999 -9999 -9999 -9999 -9999 -9999 -9999 -9999 -9999 -9999 -9999 -9999 -9999 -9999 -9999 -9999 -9999 -9999 -9999 -9999 -9999 -9999 43 42 41 40 39 38 39 39 39 38 38 37 36 36 -9999 36 37 36 -9999 -9999 -9999 -9999 -9999 -9999 39 38 38 38 38 37 36 36 36 -9999 -9999 -9999 -9999 -9999 -9999 -9999 -9999 -9999 -9999 -9999 -9999 -9999 -9999 -9999 23 19 16 13 11 7 5 2 -0 -0 3 5 10 16 20 -9999 -9999 18 18 17 17 16
-9999 -9999 -9999 -9999 -9999 -9999 -9999 -9999 -9999 -9999 -9999 -9999 -9999 -9999 -9999 -9999 -9999 -9999 -9999 -9999 -9999 -9999 -9999 -9999 -9999 -9999 -9999 42 41 39 38 38 39 39 38 37 36 36 35 35 34 37 37 -9999 -9999 -9999 -9999 -9999 40 39 38 38 38 37 37 37 37 -9999 36 -9999 -9999 -9999 -9999 -9999 -9999 -9999 -9999 -9999 -9999 24 24 25 26 24 20 14 12 9 5 3 1 -2 -3 -3 -0 1 5 12 18 19 18 17 12 10 14 13
-9999 -9999 -9999 -9999 -9999 -9999 -9999 -9999 -9999 -9999 -9999 -9999 -9999 -9999 -9999 -9999 -9999 -9999 -9999 -9999 -9999 -9999 -9999 -9999 -9999 -9999 -9999 -9999 39 39 38 37 37 37 36 37 35 34 35 35 36 37 -9999 -9999 38 38 37 38 40 38 37 37 37 37 36 36 36 34 33 32 30 -9999 -9999 -9999 26 24 23 22 21 21 21 22 22 19 14 9 5 3 -0 -2 -4 -4 -4 -2 0 2 4 9 13 15 15 14 13 11 9 8
-9999 -9999 -9999 -9999 -9999 -9999 -9999 -9999 -9999 -9999 -9999 -9999 -9999 -9999 -9999 -9999 -9999 -9999 -9999 -9999 -9999 -9999 -9999 -9999 -9999 -9999 42 38 38 38 38 38 38 37 37 36 35 35 35 36 38 37 37 37 37 37 36 38 39 38 37 36 36 36 36 35 35 33 32 31 28 27 26 26 25 23 21 17 15 15 15 16 17 14 8 3 -0 -2 -3 -4 -4 -4 -4 -2 1 3 5 8 11 12 11 9 8 5 4 3
-9999 -9999 -9999 -9999 -9999 -9999 -9999 -9999 -9999 -9999 -9999 -9999 -9999 -9999 -9999 -9999 -9999 -9999 -9999 -9999 46 47 47 46 44 44 -9999 40 40 39 38 38 38 38 37 36 35 35 35 36 37 37 36 36 37 37 37 38 38 37 36 35 35 34 32 33 34 33 32 30 29 28 29 27 25 22 18 14 11 10 11 10 9 8 5 1 -2 -3 -4 -4 -5 -5 -3 -0 2 4 6 8 10 11 8 6 4 3 2 1
-9999 -9999 -9999 -9999 -9999 -9999 -9999 -9999 -9999 -9999 -9999 -9999 -9999 -9999 -9999 -9999 46 45 44 45 45 46 46 45 44 43 43 42 41 39 38 37 37 37 37 37 36 34 34 35 36 36 36 36 37 37 37 36 36 36 34 33 33 32 32 32 31 30 30 29 29 28 28 28 26 22 17 13 10 10 9 8 7 5 3 0 -2 -2 -4 -4 -5 -4 -2 1 3 6 7 9 11 9 7 5 3 2 -0 -4
-9999 -9999 -9999 -9999 -9999 -9999 -9999 48 46 46 46 46 46 46 46 45 45 45 45 45 45 44 44 44 44 44 44 44 42 40 39 37 37 36 36 34 36 35 34 35 36 37 37 38 37 37 36 36 36 34 33 33 33 32 31 31 29 27 28 29 27 28 28 28 26 22 18 14 11 9 9 9 6 5 4 2 0 -0 -1 -2 -2 -1 0 4 5 7 10 11 11 8 6 5 3 0 -2 -5
-9999 -9999 -9999 -9999 -9999 49 -9999 -9999 47 46 46 46 46 46 46 46 46 46 46 46 45 44 44 43 44 44 44 43 41 41 39 38 37 37 35 34 34 34 34 34 36 37 38 38 38 37 37 35 35 34 34 33 33 32 32 30 29 28 29 28 28 28 28 26 24 22 19 16 14 11 10 9 8 6 5 4 4 3 2 2 2 3 4 6 7 10 11 11 10 8 6 4 2 0 -3 -5
-9999 -9999 -9999 -9999 51 50 -9999 -9999 47 47 46 47 46 46 46 46 46 46 46 45 45 44 43 42 42 42 42 42 43 42 41 39 38 38 35 34 33 33 33 34 35 35 38 39 39 38 38 37 35 34 35 34 33 33 32 31 31 30 28 28 28 28 26 23 21 19 17 16 14 12 12 11 10 8 8 8 7 6 6 6 6 6 8 9 10 13 14 14 12 9 7 4 1 -2 -3 -5
-9999 -9999 -9999 -9999 52 51 50 -9999 48 47 47 47 47 47 46 46 46 46 46 46 44 42 40 40 39 38 40 41 42 42 42 40 39 37 37 36 36 34 34 36 36 37 39 39 39 39 38 38 37 36 36 36 35 35 33 32 32 30 29 29 28 26 24 22 20 18 17 15 14 14 14 14 14 13 12 11 9 9 9 8 8 8 9 10 11 13 14 14 13 10 6 3 1 -1 -2 -3
-9999 -9999 -9999 52 52 51 50 50 -9999 48 47 47 47 47 47 46 47 46 46 46 44 42 40 40 39 39 40 40 41 41 41 42 41 40 39 38 38 37 36 36 37 37 39 39 39 39 39 39 38 38 38 36 37 35 34 33 31 30 30 27 28 27 24 21 19 18 17 18 18 17 17 16 15 15 14 13 14 13 12 11 10 10 10 11 12 13 13 12 11 10 7 4 1 -1 -3 -4
-9999 -9999 -9999 52 52 52 51 50 48 48 48 48 47 47 48 48 48 47 47 46 45 43 41 41 41 40 41 42 43 43 43 42 41 41 40 41 41 40 39 39 38 38 39 38 39 38 39 39 39 38 38 38 37 36 35 34 32 31 30 29 28 27 24 21 20 20 20 19 19 18 18 17 16 15 14 16 17 16 14 13 12 11 11 11 12 12 12 11 9 8 7 5 2 0 -2 -4
-9999 -9999 -9999 52 52 52 51 51 50 49 48 47 48 48 48 48 48 47 47 46 45 45 44 43 42 43 43 44 44 44 44 43 42 41 41 40 40 40 40 40 39 39 39 39 38 37 39 39 39 39 39 38 38 37 35 34 33 33 33 31 30 26 22 20 18 18 18 17 19 20 19 18 16 15 16 17 18 19 17 15 13 13 13 12 13 12 11 9 7 6 4 3 2 0 -0 1
-9999 -9999 53 53 53 52 51 50 50 49 47 46 48 48 48 49 49 48 47 47 47 47 45 44 43 42 43 43 44 44 43 38 36 38 40 40 39 39 39 40 36 38 37 36 38 39 39 39 39 38 38 38 38 37 36 36 34 34 34 33 31 28 24 21 21 20 21 21 22 21 21 20 18 16 16 17 18 19 18 17 16 15 15 15 14 12 11 8 6 5 4 3 2 1 1 1
-9999 53 53 53 53 52 51 50 49 49 47 46 48 49 49 49 49 48 48 46 47 48 48 47 46 45 44 45 44 41 38 39 40 36 38 35 36 36 37 39 39 39 39 37 37 39 40 39 38 37 34 35 36 36 36 36 35 35 34 34 33 30 25 22 24 24 24 25 26 24 22 20 18 16 15 15 16 17 18 18 17 17 16 15 14 12 10 9 8 6 5 4 3 2 1 2
55 54 54 53 53 52 51 51 50 49 49 49 49 49 50 50 49 49 48 47 47 48 48 48 48 48 48 45 42 39 41 37 37 34 32 33 34 28 27 31 37 37 39 38 38 39 40 41 40 39 37 36 36 36 36 35 34 34 35 34 33 30 28 27 26 26 26 26 26 25 23 20 17 15 12 12 15 16 17 17 16 16 16 16 14 13 11 10 9 7 5 3 1 -0 -1 -2
56 55 54 53 53 52 51 50 50 50 50 49 49 50 50 51 50 50 49 49 49 48 48 48 47 47 48 47 45 35 39 37 36 27 31 34 31 26 15 11 19 26 32 35 37 38 40 40 40 39 38 36 37 38 37 37 34 34 34 33 33 32 30 29 28 27 26 26 24 23 21 19 16 14 12 12 14 16 17 18 17 16 16 16 16 15 13 11 10 8 6 3 1 -3 -4 -3
56 55 54 53 52 52 51 51 50 50 50 50 50 50 50 51 51 51 51 50 49 48 47 47 46 44 41 40 37 34 38 38 36 33 30 32 29 32 27 27 26 24 24 29 33 36 38 39 40 40 38 36 36 37 37 37 36 35 35 33 33 31 30 28 28 27 25 25 22 20 17 14 12 13 13 13 16 18 19 19 19 19 19 18 17 16 14 13 12 9 7 5 2 -1 -2 -3
56 54 53 52 52 51 51 50 50 50 50 50 52 51 51 51 51 50 49 47 45 44 39 38 37 33 30 27 28 31 36 34 35 32 29 31 27 25 25 25 30 33 34 38 36 36 38 40 40 38 37 36 35 34 34 37 37 36 36 34 32 31 31 30 29 28 25 23 20 16 14 12 10 11 14 15 17 20 21 19 20 19 19 17 18 18 16 14 14 13 10 6 3 0 -2 -3
55 54 54 52 52 52 51 50 50 51 51 52 52 51 51 51 50 48 44 40 36 34 33 33 28 27 19 16 24 30 30 32 34 31 23 28 27 22 26 28 29 31 35 36 35 36 37 39 38 37 36 34 34 33 33 34 35 35 34 31 28 29 29 30 28 27 24 19 16 12 8 8 10 12 15 17 19 20 21 21 21 20 20 20 19 19 18 16 16 15 13 10 5 3 -0 -2
54 54 54 53 53 52 51 51 50 50 53 54 54 52 51 51 51 50 46 41 38 34 29 30 25 20 20 22 29 28 28 36 34 30 27 28 26 27 25 29 30 33 36 34 36 36 36 34 34 35 34 32 31 28 29 28 28 30 32 27 23 20 21 21 23 25 22 16 10 6 2 1 4 9 13 17 21 24 24 24 24 23 22 22 21 20 19 17 17 16 15 12 9 4 1 -1
54 52 53 52 52 51 52 52 51 51 52 52 53 53 51 50 50 50 50 46 42 39 33 32 30 21 23 28 33 32 30 32 25 24 29 26 28 26 22 24 25 27 27 28 29 32 32 30 31 30 30 29 26 25 24 19 18 17 19 22 20 18 16 15 20 21 14 1 -2 -1 -4 -6 -2 6 11 17 20 24 25 25 25 25 25 24 23 21 19 18 18 17 17 14 11 7 4 2
52 52 48 50 48 50 50 50 49 50 50 48 48 44 44 47 49 49 52 49 44 41 38 31 24 28 26 30 33 32 30 28 26 28 26 25 21 24 21 13 13 19 21 25 28 31 26 25 27 25 26 24 20 18 16 13 8 2 -0 6 9 16 17 18 18 14 9 -1 -6 -14 -14 -8 -4 -3 4 13 18 22 24 24 25 26 26 26 24 22 20 19 18 17 17 13 10 8 6 3
49 48 47 47 46 46 46 47 46 47 45 41 30 26 31 34 38 40 44 46 40 38 34 28 26 30 35 35 34 33 28 20 25 26 24 18 16 20 22 19 12 9 13 15 24 19 18 18 19 20 17 16 12 9 8 2 3 10 15 11 13 15 18 21 21 19 16 11 3 -1 -2 -3 -3 1 5 7 16 19 21 22 25 25 25 25 24 23 21 19 18 16 14 12 8 6 6 4
50 46 46 46 44 44 43 42 42 43 37 32 27 23 22 25 28 31 29 39 45 44 34 36 39 35 31 30 38 39 32 24 23 24 21 13 18 24 22 21 18 14 12 13 13 12 14 11 16 14 6 1 -0 -2 3 9 16 17 15 14 19 22 25 22 22 24 20 16 13 9 6 6 7 2 0 13 12 13 21 22 22 22 24 25 24 21 20 18 16 14 12 11 8 5 3 4
45 44 43 41 42 43 42 42 42 36 29 30 30 28 25 26 26 26 28 37 40 39 34 32 32 30 24 32 41 40 36 33 28 26 22 21 24 25 23 22 21 21 21 22 20 14 11 11 8 9 10 9 11 13 3 9 16 14 9 9 16 22 26 29 28 26 24 22 18 16 14 14 13 8 -3 4 3 -3 1 6 9 17 21 21 22 22 20 17 16 13 12 12 9 5 2 5
43 41 42 42 43 40 41 39 31 34 33 32 33 29 30 29 29 32 36 35 30 27 33 28 30 34 36 40 43 43 37 31 26 26 28 28 26 26 24 24 22 23 21 22 25 24 12 7 10 11 14 8 1 4 4 8 9 9 10 11 13 18 28 28 26 26 25 23 20 18 18 16 15 13 10 6 1 4 -0 -13 3 11 17 19 20 21 18 15 14 12 12 12 11 10 11 11
44 41 38 38 37 36 35 33 31 31 33 35 37 37 38 35 37 42 36 28 30 26 29 38 36 38 41 39 37 39 39 33 26 30 32 29 29 30 26 23 25 26 20 22 23 25 16 12 9 10 6 4 4 5 6 7 11 12 10 14 17 20 26 24 21 20 18 19 20 15 14 16 14 14 10 12 9 15 10 4 4 7 14 17 18 20 18 15 13 12 10 10 11 10 12 9
45 43 43 42 44 42 38 37 36 35 36 40 40 39 40 41 39 31 25 28 30 32 34 32 34 37 41 40 31 35 34 35 32 34 31 30 30 30 24 24 26 28 27 23 21 21 19 17 12 9 2 4 8 9 11 14 14 11 7 6 13 19 22 22 19 19 17 14 12 11 7 5 4 7 9 10 10 16 20 17 6 6 10 13 18 18 15 12 8 0 -1 2 -2 4 2 -1
48 48 48 45 44 43 44 43 42 39 39 39 40 41 42 38 32 32 31 29 30 31 30 29 34 40 43 43 34 31 30 30 31 31 32 31 29 27 26 25 26 29 29 25 21 19 19 15 13 8 5 5 7 10 12 13 10 10 4 8 13 17 16 14 16 13 14 13 12 12 8 6 2 5 7 11 9 10 19 22 15 11 14 17 13 9 5 -6 0 -6 -5 -10 -10 -11 -6 -3
50 49 48 48 46 44 42 42 42 42 39 37 41 46 40 40 40 38 36 34 34 31 30 30 31 43 44 45 37 36 36 36 36 33 30 27 24 23 23 22 24 27 29 26 20 15 16 16 14 12 8 6 3 10 9 10 8 8 10 12 16 17 16 16 16 10 9 10 8 10 9 9 10 11 12 15 7 9 19 22 22 19 11 11 6 -0 -5 -3 -0 -6 -9 -13 -8 -4 -5 -6
49 48 47 45 48 45 42 42 40 44 42 42 43 44 42 40 41 38 37 36 33 31 28 29 35 43 45 45 42 41 41 42 39 34 30 25 24 21 21 20 20 22 25 22 19 14 14 15 15 13 11 10 10 7 1 -1 2 8 10 14 17 16 18 17 17 13 11 7 8 7 10 12 14 13 17 19 14 17 19 19 21 20 14 9 6 1 2 6 5 -2 -14 -9 -7 -13 -24 -26
46 49 47 46 46 44 43 39 40 39 44 42 43 43 42 38 40 39 38 35 33 32 33 35 42 45 46 44 42 41 41 41 35 29 29 26 23 21 21 20 19 19 17 18 17 16 13 14 16 12 8 7 6 5 -3 -5 -12 -10 -1 5 12 18 18 16 18 16 12 8 13 12 13 15 18 21 22 23 23 21 20 17 22 20 15 10 5 12 10 3 -8 0 -5 -9 -6 -6 -12 -13
49 49 48 46 45 45 43 40 39 38 41 40 42 43 41 40 41 41 38 35 35 36 38 41 44 45 39 38 36 37 40 39 36 29 26 24 22 18 20 22 17 17 16 17 17 17 17 15 16 16 17 17 14 7 1 2 -7 -10 -7 -3 -1 8 16 14 15 16 10 12 14 15 17 19 24 26 27 26 24 24 25 24 22 13 10 13 16 10 -0 -2 2 -2 -17 -15 -19 -24 -16 -15
48 46 46 48 48 46 43 38 36 39 40 42 40 40 41 42 42 39 38 35 38 39 41 44 44 36 26 24 30 31 32 34 32 30 27 18 16 15 17 20 20 20 20 21 22 21 18 15 14 13 12 15 17 18 16 9 11 5 -3 -6 -1 4 7 8 6 11 11 11 10 15 17 23 28 30 30 26 27 28 27 22 18 15 18 18 12 18 9 11 -0 -9 -4 1 -7 -4 -7 -9
50 48 48 48 48 46 42 38 37 36 38 40 38 40 41 41 39 37 31 26 36 41 43 44 39 16 20 24 28 29 29 30 26 20 17 15 17 20 23 23 22 22 21 21 19 17 14 13 14 13 12 12 13 15 16 15 15 12 5 6 3 -1 4 -1 -5 1 5 8 11 16 20 26 27 27 27 28 28 30 28 25 20 20 25 19 19 20 14 1 7 4 7 6 -1 -6 -1 4
50 48 49 49 47 44 40 39 36 36 38 35 38 39 38 39 37 33 23 23 34 44 44 42 33 22 21 25 28 29 25 20 17 13 15 17 20 21 21 22 21 22 20 18 17 16 16 16 12 11 10 11 13 14 14 17 19 14 11 13 13 4 8 8 1 -4 -5 0 10 21 28 29 30 31 30 31 30 31 27 17 23 26 26 23 22 16 16 8 8 3 6 -3 2 11 16 15
51 50 48 45 43 40 40 39 36 37 36 36 37 36 36 35 32 31 22 26 42 44 45 35 30 24 22 23 24 22 18 18 17 19 20 19 19 18 19 20 20 21 20 20 18 17 15 13 12 11 13 14 15 16 18 19 16 15 17 20 23 23 21 21 17 12 10 16 18 21 26 27 27 27 34 34 32 31 22 26 28 28 28 26 26 25 23 22 19 17 13 10 17 19 17 14
50 48 46 43 43 43 40 37 36 38 36 37 36 35 31 30 23 14 14 32 44 44 45 38 19 12 16 19 22 21 21 22 22 19 18 16 16 17 17 18 20 20 20 18 17 15 12 12 12 14 11 13 16 17 16 12 9 10 16 17 17 18 18 17 17 16 17 16 16 15 13 14 18 27 33 32 31 30 30 29 28 28 28 28 28 28 25 27 26 24 22 24 22 20 18 15
