resultados/variables_proyeccion_tiempo/variables_futuro_csiro_A1B/bio15.asc
ncols 330
nrows 228
xllcorner -12.000000
yllcorner 34.000000
cellsize 0.166667
NODATA_value -9999
[rows 98 to 146 of 228, columns 96 to 191 of 330]
-9999 -9999 -9999 -9999 -9999 -9999 -9999 -9999 -9999 -9999 -9999 -9999 -9999 -9999 -9999 -9999 -9999 -9999 -9999 -9999 -9999 -9999 -9999 -9999 33 33 33 32 31 30 29 29 28 27 27 26 25 25 25 25 24 -9999 25 25 25 25 24 24 23 22 22 22 23 23 23 23 23 23 22 22 21 21 -9999 -9999 -9999 -9999 -9999 -9999 -9999 -9999 -9999 -9999 -9999 -9999 -9999 -9999 -9999 -9999 -9999 -9999 -9999 -9999 -9999 -9999 -9999 -9999 -9999 -9999 -9999 -9999 -9999 -9999 -9999 -9999 -9999 -9999
-9999 -9999 -9999 -9999 -9999 -9999 -9999 -9999 -9999 -9999 -9999 -9999 -9999 -9999 -9999 -9999 -9999 -9999 -9999 -9999 -9999 -9999 -9999 -9999 -9999 33 33 32 31 30 29 29 28 27 26 25 24 24 24 24 24 -9999 24 25 25 24 24 23 23 23 22 -9999 -9999 23 23 23 23 23 23 22 22 22 -9999 -9999 -9999 -9999 -9999 -9999 -9999 -9999 -9999 -9999 -9999 -9999 -9999 -9999 -9999 -9999 -9999 -9999 -9999 -9999 -9999 -9999 -9999 -9999 -9999 -9999 -9999 -9999 -9999 -9999 -9999 -9999 -9999 -9999
-9999 -9999 -9999 -9999 -9999 -9999 -9999 -9999 -9999 -9999 -9999 -9999 -9999 -9999 -9999 -9999 -9999 -9999 -9999 -9999 -9999 -9999 -9999 -9999 -9999 -9999 -9999 31 31 30 29 28 28 27 26 25 24 24 24 23 24 -9999 -9999 24 24 24 24 23 23 23 22 -9999 -9999 -9999 -9999 -9999 -9999 -9999 -9999 -9999 -9999 -9999 -9999 -9999 23 23 -9999 -9999 -9999 -9999 -9999 -9999 -9999 -9999 -9999 -9999 -9999 -9999 -9999 -9999 -9999 -9999 -9999 -9999 -9999 -9999 -9999 -9999 -9999 -9999 -9999 -9999 -9999 -9999 -9999 -9999
-9999 -9999 -9999 -9999 -9999 -9999 -9999 -9999 -9999 -9999 -9999 -9999 -9999 -9999 -9999 -9999 -9999 -9999 -9999 -9999 -9999 -9999 -9999 -9999 -9999 -9999 31 31 30 29 29 28 27 27 26 25 24 24 24 24 24 24 -9999 -9999 -9999 -9999 24 23 23 23 23 -9999 -9999 -9999 -9999 -9999 -9999 -9999 -9999 -9999 -9999 -9999 -9999 -9999 24 23 23 -9999 -9999 -9999 -9999 -9999 -9999 -9999 -9999 -9999 -9999 -9999 -9999 -9999 -9999 -9999 -9999 -9999 -9999 -9999 -9999 -9999 -9999 -9999 -9999 -9999 -9999 -9999 -9999 -9999
-9999 -9999 -9999 -9999 -9999 -9999 -9999 -9999 -9999 -9999 -9999 -9999 -9999 -9999 -9999 -9999 -9999 -9999 -9999 -9999 -9999 -9999 -9999 -9999 -9999 30 31 30 30 29 28 28 27 26 25 25 25 25 25 26 26 25 22 22 21 22 23 23 23 23 23 23 -9999 -9999 -9999 -9999 -9999 -9999 -9999 -9999 -9999 -9999 -9999 -9999 -9999 -9999 -9999 -9999 -9999 -9999 -9999 -9999 -9999 -9999 -9999 -9999 -9999 -9999 -9999 -9999 -9999 -9999 -9999 -9999 -9999 -9999 -9999 -9999 -9999 -9999 -9999 -9999 -9999 -9999 -9999 30
-9999 -9999 -9999 -9999 -9999 -9999 -9999 -9999 -9999 -9999 -9999 -9999 -9999 -9999 -9999 -9999 -9999 -9999 -9999 -9999 -9999 -9999 -9999 -9999 -9999 29 29 28 29 28 28 27 26 25 25 24 -9999 -9999 -9999 -9999 25 -9999 22 21 21 22 22 22 22 -9999 -9999 -9999 -9999 -9999 -9999 -9999 -9999 -9999 -9999 -9999 -9999 -9999 -9999 -9999 -9999 -9999 -9999 -9999 -9999 -9999 -9999 -9999 -9999 -9999 -9999 -9999 -9999 -9999 26 26 26 27 26 26 27 27 27 29 29 -9999 -9999 -9999 -9999 -9999 -9999 28
-9999 -9999 -9999 -9999 -9999 -9999 -9999 -9999 -9999 -9999 -9999 -9999 -9999 -9999 -9999 -9999 -9999 -9999 -9999 -9999 -9999 -9999 -9999 -9999 -9999 -9999 28 28 27 28 28 27 26 25 24 24 24 -9999 -9999 -9999 -9999 -9999 22 -9999 21 21 -9999 22 -9999 -9999 -9999 -9999 -9999 -9999 22 22 22 21 -9999 -9999 -9999 -9999 -9999 -9999 -9999 -9999 -9999 -9999 -9999 -9999 -9999 -9999 -9999 -9999 -9999 25 25 25 25 25 25 25 25 24 25 25 26 26 28 -9999 -9999 -9999 -9999 -9999 27 26
-9999 -9999 -9999 -9999 -9999 -9999 -9999 -9999 -9999 -9999 -9999 -9999 -9999 -9999 -9999 -9999 -9999 -9999 -9999 -9999 -9999 -9999 -9999 -9999 -9999 -9999 27 26 26 27 27 26 25 24 24 23 22 22 21 21 -9999 21 22 22 -9999 -9999 -9999 -9999 -9999 -9999 21 21 21 21 21 21 21 20 20 -9999 -9999 -9999 -9999 -9999 -9999 -9999 -9999 -9999 -9999 -9999 -9999 -9999 -9999 -9999 25 24 24 24 23 23 23 23 23 23 24 25 26 26 28 -9999 -9999 26 25 25 25 25
-9999 -9999 -9999 -9999 -9999 -9999 -9999 -9999 -9999 -9999 -9999 -9999 -9999 -9999 -9999 -9999 -9999 -9999 -9999 -9999 -9999 -9999 -9999 -9999 -9999 -9999 -9999 26 26 25 25 25 24 24 23 22 22 21 20 20 19 20 21 -9999 -9999 -9999 -9999 -9999 21 20 21 21 21 21 20 20 20 -9999 19 -9999 -9999 -9999 -9999 -9999 -9999 -9999 -9999 -9999 -9999 22 23 24 25 25 24 23 23 23 23 22 22 22 23 23 24 24 26 27 28 30 28 25 24 23 23 23
-9999 -9999 -9999 -9999 -9999 -9999 -9999 -9999 -9999 -9999 -9999 -9999 -9999 -9999 -9999 -9999 -9999 -9999 -9999 -9999 -9999 -9999 -9999 -9999 -9999 -9999 -9999 -9999 24 24 23 23 23 22 22 22 21 20 20 19 19 19 -9999 -9999 20 20 19 20 20 21 21 22 22 21 20 20 19 19 19 19 19 -9999 -9999 -9999 20 20 20 21 21 22 23 24 24 24 23 23 22 22 22 22 22 23 23 24 24 25 26 27 28 29 27 25 23 23 23 23
-9999 -9999 -9999 -9999 -9999 -9999 -9999 -9999 -9999 -9999 -9999 -9999 -9999 -9999 -9999 -9999 -9999 -9999 -9999 -9999 -9999 -9999 -9999 -9999 -9999 -9999 24 22 22 22 22 22 22 21 21 21 20 20 20 19 19 19 19 19 20 19 19 20 21 21 22 23 23 22 21 21 20 20 19 19 19 19 19 19 19 20 20 21 21 22 22 23 23 23 23 22 22 22 22 22 22 23 24 25 25 26 27 28 28 28 27 25 24 23 23 23
-9999 -9999 -9999 -9999 -9999 -9999 -9999 -9999 -9999 -9999 -9999 -9999 -9999 -9999 -9999 -9999 -9999 -9999 -9999 -9999 22 21 21 21 22 23 -9999 22 22 21 21 21 21 21 21 20 20 20 19 19 19 19 19 19 19 20 20 20 21 22 23 24 23 22 21 21 21 20 20 19 19 19 19 19 20 20 20 21 21 22 22 22 22 23 22 22 22 22 22 22 23 24 25 26 26 27 27 28 28 28 27 26 25 24 24 24
-9999 -9999 -9999 -9999 -9999 -9999 -9999 -9999 -9999 -9999 -9999 -9999 -9999 -9999 -9999 -9999 23 23 22 22 21 20 21 20 21 22 22 22 21 20 20 20 20 20 20 20 20 20 19 19 19 19 19 19 19 20 20 20 21 21 22 23 23 22 22 22 21 20 20 20 20 20 20 20 20 20 21 21 22 22 22 22 22 22 22 22 22 22 23 23 24 24 25 26 27 28 28 28 29 28 27 26 26 25 25 25
-9999 -9999 -9999 -9999 -9999 -9999 -9999 26 25 24 24 24 23 23 23 22 22 22 21 21 20 20 20 19 19 20 20 20 20 20 20 20 20 20 20 20 20 20 20 20 19 19 19 19 19 19 20 20 21 21 22 22 22 22 22 22 21 21 20 20 20 20 20 20 21 21 21 22 22 22 22 23 23 23 23 23 23 23 23 24 24 25 26 27 28 29 29 29 29 29 28 27 27 26 26 26
-9999 -9999 -9999 -9999 -9999 27 -9999 -9999 25 24 24 23 23 22 22 22 21 21 20 20 20 19 19 19 18 19 19 19 19 19 19 20 20 20 20 20 20 20 20 20 20 19 19 19 19 19 20 20 20 21 21 22 22 22 22 22 21 21 21 21 21 21 21 21 21 22 22 22 22 23 23 23 23 23 23 23 23 24 24 25 25 26 26 28 29 30 30 30 30 30 29 28 28 27 27 27
-9999 -9999 -9999 -9999 28 28 -9999 -9999 24 23 23 22 22 22 22 21 21 20 20 20 19 19 19 18 18 18 18 18 19 19 19 19 19 19 19 19 19 20 20 20 19 19 19 19 20 20 20 20 20 21 21 21 22 22 21 21 21 21 21 21 21 21 22 22 22 22 22 23 23 23 24 23 24 24 24 24 24 24 25 26 26 27 27 28 29 30 31 32 31 30 30 29 28 28 28 28
-9999 -9999 -9999 -9999 28 27 26 -9999 23 23 22 22 21 21 21 20 20 19 19 19 19 19 19 18 18 18 18 18 19 19 20 19 19 19 19 19 19 19 19 19 19 19 19 20 20 20 20 20 21 21 21 21 21 21 21 21 22 21 21 21 22 22 22 22 23 23 23 23 24 24 24 24 24 24 24 24 25 25 26 26 27 27 28 28 30 31 32 32 32 31 30 30 29 29 28 28
-9999 -9999 -9999 27 27 26 25 24 -9999 22 21 21 21 20 20 20 20 19 19 19 18 19 19 18 18 17 18 18 18 19 19 19 20 20 19 19 19 19 19 19 19 20 20 20 20 20 21 21 21 21 21 21 21 21 21 21 21 22 21 21 22 22 23 23 24 24 24 24 24 24 24 24 24 24 24 25 25 26 27 27 27 27 28 29 30 31 32 32 32 32 31 30 30 29 29 29
-9999 -9999 -9999 26 26 25 24 24 21 21 21 20 20 20 20 20 19 19 19 19 18 18 18 18 18 17 17 18 18 19 19 19 19 20 20 20 20 20 20 20 20 20 20 20 21 20 21 21 21 21 21 21 21 21 21 21 22 22 22 22 22 23 23 24 25 24 24 24 24 24 24 25 25 25 25 26 26 27 27 28 28 28 29 29 30 31 32 32 31 31 31 31 30 30 29 29
-9999 -9999 -9999 25 25 24 23 22 21 20 20 20 19 20 19 19 19 19 19 18 18 18 18 18 17 17 17 17 18 18 19 19 19 20 20 20 20 20 20 20 20 21 21 21 21 20 21 21 21 21 21 21 21 21 21 21 22 23 22 22 22 22 24 25 24 24 24 24 24 24 25 25 25 25 26 26 27 28 28 28 29 29 29 30 31 31 32 32 32 31 31 30 30 30 30 30
-9999 -9999 23 24 23 22 21 21 20 20 19 19 19 19 19 19 19 19 19 18 18 18 18 18 18 17 17 17 17 18 18 18 18 19 20 20 20 20 20 20 20 21 21 21 21 21 21 21 22 22 21 21 21 21 21 22 22 23 22 22 21 22 23 25 25 24 24 24 24 25 25 26 26 26 27 27 28 28 29 30 30 30 30 30 31 32 32 32 32 31 31 31 31 31 30 30
-9999 23 23 22 22 21 20 19 19 18 18 18 19 19 19 19 19 18 18 18 18 18 18 17 17 17 17 17 17 17 17 17 18 18 19 18 19 19 19 21 22 22 23 22 22 22 23 23 22 22 21 21 21 21 22 22 22 22 22 22 22 23 23 24 24 24 24 25 25 25 26 27 27 28 28 29 30 30 31 31 31 31 31 31 31 31 32 32 32 32 32 32 32 31 31 31
23 22 22 21 21 20 19 18 18 18 18 18 18 18 18 19 19 18 18 18 18 18 17 17 17 17 17 16 16 16 17 17 18 18 18 19 19 17 17 19 22 23 24 24 24 24 25 25 24 23 23 22 22 22 22 22 22 23 23 23 23 23 23 24 24 24 24 25 25 26 27 28 28 29 30 30 31 31 32 32 32 31 31 31 31 31 31 31 31 31 32 32 32 32 32 33
22 22 21 20 20 19 18 18 18 17 17 17 17 18 18 19 19 18 18 18 18 17 17 17 16 16 17 17 16 16 17 17 18 17 19 20 19 17 14 14 15 18 22 23 25 25 27 26 25 25 23 23 24 24 24 24 24 24 24 24 24 24 23 24 24 24 24 25 25 27 28 29 30 31 32 32 32 33 33 33 33 32 32 31 31 31 30 30 30 31 32 32 33 32 33 33
21 21 20 20 19 18 18 18 17 16 16 16 17 17 17 18 18 18 18 18 18 17 17 17 16 16 16 16 16 16 17 17 18 19 19 21 20 20 18 18 19 18 19 22 24 26 27 28 26 25 24 24 24 25 25 25 25 25 25 24 24 23 23 23 23 23 24 25 26 27 29 30 31 33 33 34 34 34 34 33 33 33 32 31 31 31 30 30 31 31 32 33 33 33 34 34
20 20 19 18 18 18 17 17 17 16 15 15 16 16 17 18 18 18 17 17 17 17 17 17 17 17 17 16 16 16 16 17 18 19 19 21 19 18 18 18 22 25 26 29 28 27 29 29 27 25 24 24 25 25 26 26 26 26 25 25 24 24 24 24 23 23 23 25 26 28 30 32 33 34 35 35 35 35 35 34 34 33 32 31 31 31 30 31 31 32 33 33 33 34 34 34
19 18 18 18 17 17 17 17 16 16 15 15 16 16 16 17 18 17 17 17 17 17 17 17 18 18 19 19 16 15 16 17 18 19 17 20 20 17 19 21 23 26 30 30 29 28 27 27 26 25 24 24 25 25 26 27 27 27 26 25 24 25 25 24 23 22 23 25 27 29 31 33 35 37 37 37 37 36 36 35 35 33 32 31 31 31 31 31 31 32 33 34 34 34 34 34
19 18 18 17 17 16 16 16 16 15 15 15 15 16 16 16 16 17 17 17 17 17 17 17 18 18 18 17 15 15 16 18 19 19 19 20 19 20 19 23 25 29 32 31 30 28 26 25 24 24 25 25 25 25 26 26 27 27 27 26 25 25 25 24 24 24 24 26 28 30 32 34 36 38 38 39 38 38 37 37 35 34 33 32 31 31 31 31 32 32 33 34 34 34 34 35
19 18 18 17 16 16 15 15 15 15 15 15 16 16 16 17 17 17 18 17 17 17 17 17 17 18 17 16 15 15 16 18 18 19 21 20 20 19 18 20 23 27 28 28 27 25 24 23 23 23 24 24 25 25 26 25 26 26 27 28 27 27 27 26 27 26 26 26 28 30 33 33 35 38 39 40 40 40 39 38 36 35 34 32 32 31 31 31 32 32 33 33 34 34 35 36
18 18 17 16 15 15 14 14 14 15 15 15 16 17 17 17 17 17 18 18 17 17 16 16 16 16 16 15 15 16 16 18 19 20 20 20 18 19 17 15 17 21 23 24 25 25 22 21 22 22 24 24 24 24 24 25 25 24 25 27 29 30 30 30 30 30 30 29 29 27 28 33 36 36 39 41 42 41 41 39 38 36 34 33 32 32 32 32 32 32 33 33 34 35 35 36
18 17 17 15 15 14 13 13 14 14 15 16 19 20 19 18 18 17 17 17 17 17 16 16 16 15 15 15 15 15 15 15 18 20 19 18 17 18 18 18 17 16 18 19 22 20 19 19 21 22 23 23 23 23 24 22 24 29 32 33 34 34 35 35 35 34 34 34 33 34 34 36 36 38 40 42 43 43 42 41 39 37 36 34 33 33 33 33 33 33 33 34 35 35 36 37
17 17 17 16 14 14 13 13 14 14 16 19 20 21 21 20 19 18 18 17 17 17 16 16 16 15 14 14 15 16 16 16 17 18 18 16 17 19 18 19 19 18 18 18 18 18 18 18 21 22 21 19 20 20 23 27 32 34 35 37 39 40 41 40 40 39 38 38 38 38 38 39 41 40 40 46 44 43 44 42 41 39 37 36 34 34 35 35 35 34 34 35 36 36 37 38
17 18 17 16 15 14 13 13 14 15 18 19 20 20 20 20 19 19 18 18 17 17 16 16 16 15 14 14 16 17 17 18 18 18 18 18 19 20 20 20 21 21 22 21 20 18 18 19 19 22 24 25 27 28 25 29 33 34 35 37 41 44 45 45 43 43 42 42 41 41 42 42 43 42 40 43 42 40 40 41 40 40 39 38 37 37 37 37 36 36 36 36 37 38 38 39
17 18 18 17 16 16 15 15 17 17 18 19 19 19 20 20 19 19 18 18 17 16 16 15 16 17 17 17 17 18 17 17 17 18 19 20 20 20 20 21 21 22 21 21 21 21 19 19 21 24 28 27 25 27 27 29 31 33 35 38 42 46 47 47 45 45 44 44 44 43 44 44 44 45 45 44 42 43 41 38 40 41 41 40 40 39 38 38 37 37 37 38 38 38 39 40
17 18 19 19 18 19 19 20 20 19 19 18 18 17 17 18 18 17 17 17 17 16 16 17 17 18 18 18 17 18 19 18 17 19 19 20 20 21 21 21 22 23 20 20 21 21 20 21 22 25 26 27 28 29 29 30 32 34 35 38 42 44 46 46 44 44 43 44 44 44 43 44 44 45 45 46 45 46 44 42 42 41 42 41 41 41 40 39 39 38 38 38 38 39 40 41
16 17 18 18 18 19 20 22 22 20 19 17 16 15 15 15 15 16 17 16 16 16 16 15 16 17 18 18 17 18 18 19 19 20 19 20 20 21 21 21 22 22 22 21 21 21 22 23 24 26 24 27 30 30 31 32 32 31 32 33 38 42 44 44 43 43 43 42 42 42 42 41 42 43 44 45 45 46 46 44 42 41 41 42 42 42 41 39 38 37 37 38 38 39 40 41
14 15 16 17 18 19 20 20 21 20 18 16 15 14 14 13 14 14 15 15 15 15 15 14 15 17 18 19 17 17 17 19 19 20 20 20 21 21 22 22 22 23 23 22 22 22 24 24 26 26 26 27 28 29 29 30 29 30 29 32 36 39 40 40 41 41 42 42 42 42 42 41 41 42 43 44 44 44 45 44 43 42 42 42 40 39 38 36 37 36 36 36 37 38 41 42
13 13 14 15 17 18 19 19 19 18 17 16 14 13 13 12 13 13 14 14 15 15 14 14 14 17 18 19 18 19 20 21 22 21 21 21 21 21 22 22 23 23 24 23 23 23 24 25 26 27 27 26 25 28 27 27 27 28 30 32 35 37 38 39 40 39 40 40 40 40 41 41 41 42 43 45 43 43 44 44 43 42 40 39 38 36 35 35 35 35 35 35 37 39 41 43
12 13 14 14 15 16 17 17 17 16 15 14 14 13 12 12 12 13 13 14 14 15 14 14 15 17 18 20 20 22 23 24 24 23 22 22 22 23 23 24 24 24 25 25 25 24 25 26 28 28 27 27 27 26 24 23 24 26 28 30 33 35 37 38 39 39 40 39 39 39 40 40 41 41 43 44 44 43 43 42 41 41 39 38 36 34 34 34 34 33 33 34 36 37 35 35
12 12 13 14 14 15 16 16 16 15 15 14 13 13 12 12 12 13 13 14 14 15 15 16 17 18 18 20 21 22 24 26 25 24 25 25 24 25 25 25 25 26 26 26 27 27 27 28 29 28 26 26 25 24 22 22 21 22 24 27 31 34 36 37 39 39 39 38 40 39 40 40 40 41 41 42 43 42 41 40 40 39 38 36 34 34 33 32 31 31 32 33 34 36 37 39
12 12 13 14 14 14 15 15 16 16 15 14 13 13 12 12 12 13 14 14 15 17 18 18 19 19 18 20 21 24 27 28 28 26 26 26 26 26 27 27 27 27 27 28 28 29 29 29 30 30 30 29 27 25 23 23 22 22 23 25 28 31 35 37 38 39 38 39 39 39 39 39 39 39 39 39 40 40 40 39 38 37 35 34 34 32 31 30 30 30 30 31 32 32 35 36
13 13 13 14 14 14 15 16 16 16 16 15 14 13 13 12 12 13 14 15 18 21 22 21 20 18 17 17 21 23 27 30 30 29 28 27 27 27 28 29 29 30 30 31 31 32 32 31 31 30 30 29 28 28 26 24 24 24 24 25 28 31 33 35 36 38 38 38 38 39 38 38 37 36 36 36 37 38 38 37 36 35 34 33 32 31 30 29 28 28 28 28 31 32 35 36
13 13 14 14 14 15 16 16 16 16 15 15 14 13 12 12 12 14 14 15 20 24 24 23 20 15 16 18 21 24 27 30 29 28 28 29 29 30 30 31 31 32 32 33 33 33 34 33 33 32 31 30 29 28 27 25 24 25 26 28 29 30 33 33 34 36 38 38 39 39 38 37 36 34 33 33 35 36 36 36 35 34 33 32 30 30 29 28 27 26 25 26 28 31 33 35
13 14 14 15 16 16 16 16 16 15 15 14 13 13 12 12 13 14 13 15 21 26 26 23 19 17 17 19 22 25 26 26 27 27 29 31 32 31 32 32 33 34 34 34 34 35 36 36 35 34 33 32 31 29 28 27 26 26 28 30 32 32 35 37 36 36 36 37 39 40 39 37 34 32 30 31 33 34 35 34 33 32 31 30 30 29 28 27 26 26 25 27 28 29 31 34
14 15 15 16 17 17 18 17 16 15 14 14 13 12 12 12 12 13 14 16 26 27 26 21 19 18 18 19 21 22 23 26 28 30 31 31 32 32 32 33 34 35 35 36 36 36 37 37 37 36 36 35 33 32 31 30 28 28 30 32 35 38 39 40 40 40 40 42 41 40 39 37 34 31 29 31 32 33 33 33 32 31 30 29 29 28 27 26 26 25 25 26 27 28 30 33
14 15 16 16 17 17 18 16 15 15 14 13 13 12 12 12 12 12 13 20 29 27 25 22 16 15 17 19 20 21 25 28 30 30 31 31 31 32 33 33 34 35 36 37 37 38 38 38 38 38 37 36 36 35 33 31 30 30 31 34 36 38 40 41 42 42 43 43 43 42 39 37 35 33 31 31 32 32 32 31 30 29 29 28 28 27 26 26 25 25 26 26 27 29 31 33
15 16 16 16 16 17 16 16 15 14 13 13 12 12 12 12 12 12 13 22 28 27 23 17 15 16 18 19 21 24 27 29 30 31 31 31 31 32 33 34 35 36 37 38 38 39 39 40 39 39 38 38 37 38 35 33 32 32 32 33 35 37 39 39 41 41 41 40 40 41 40 39 37 35 34 33 33 32 31 30 29 28 28 28 27 27 26 26 25 26 26 26 28 29 31 33
16 17 17 17 16 15 15 14 14 13 13 12 12 12 12 11 11 11 14 20 23 24 18 16 16 18 20 21 25 27 30 32 31 31 31 31 31 32 33 34 36 37 38 39 40 40 40 40 40 39 39 37 35 37 36 33 32 31 31 32 32 35 36 38 39 40 39 39 39 38 38 39 39 37 36 35 34 32 31 30 29 28 28 28 27 27 26 26 26 26 26 27 28 29 30 32
16 18 17 16 15 14 14 13 13 12 12 12 12 12 11 11 11 12 13 17 20 23 24 22 22 24 24 25 26 28 30 32 32 31 30 31 32 32 34 35 35 37 39 39 40 40 40 39 40 39 39 36 36 34 32 31 31 31 31 32 32 34 35 36 38 37 36 38 39 41 38 37 39 38 37 37 35 34 32 31 30 29 28 28 27 27 26 26 25 26 26 27 28 29 30 31
