resultados/variables_proyeccion_tiempo/variables_futuro_csiro_A1B/bio19.asc
ncols 330
nrows 228
xllcorner -12.000000
yllcorner 34.000000
cellsize 0.166667
NODATA_value -9999
[rows 164 to 204 of 228, columns 0 to 91 of 330]
-9999 -9999 -9999 -9999 -9999 -9999 -9999 -9999 -9999 -9999 -9999 -9999 -9999 -9999 -9999 -9999 -9999 -9999 -9999 -9999 -9999 -9999 -9999 -9999 -9999 -9999 -9999 -9999 -9999 -9999 -9999 -9999 -9999 -9999 -9999 -9999 -9999 -9999 -9999 -9999 -9999 -9999 -9999 -9999 -9999 -9999 -9999 -9999 -9999 -9999 -9999 -9999 -9999 -9999 -9999 -9999 -9999 -9999 -9999 -9999 -9999 -9999 -9999 -9999 357 344 330 319 305 291 280 270 261 253 246 241 238 239 237 234 231 229 221 213 204 200 194 187 187 196 208 179
-9999 -9999 -9999 -9999 -9999 -9999 -9999 -9999 -9999 -9999 -9999 -9999 -9999 -9999 -9999 -9999 -9999 -9999 -9999 -9999 -9999 -9999 -9999 -9999 -9999 -9999 -9999 -9999 -9999 -9999 -9999 -9999 -9999 -9999 -9999 -9999 -9999 -9999 -9999 -9999 -9999 -9999 -9999 -9999 -9999 -9999 -9999 -9999 -9999 -9999 -9999 -9999 -9999 -9999 -9999 -9999 -9999 -9999 -9999 -9999 -9999 -9999 -9999 -9999 370 359 344 327 312 296 285 274 259 245 237 232 228 226 229 228 226 219 218 212 210 209 200 194 188 180 178 174
-9999 -9999 -9999 -9999 -9999 -9999 -9999 -9999 -9999 -9999 -9999 -9999 -9999 -9999 -9999 -9999 -9999 -9999 -9999 -9999 -9999 -9999 -9999 -9999 -9999 -9999 -9999 -9999 -9999 -9999 -9999 -9999 -9999 -9999 -9999 -9999 -9999 -9999 -9999 -9999 -9999 -9999 -9999 -9999 -9999 -9999 -9999 -9999 -9999 -9999 -9999 -9999 -9999 -9999 -9999 -9999 -9999 -9999 -9999 -9999 -9999 -9999 -9999 -9999 385 371 355 336 319 303 287 273 259 244 232 223 220 219 218 215 214 211 214 211 211 213 209 203 203 200 187 185
-9999 -9999 -9999 -9999 -9999 -9999 -9999 -9999 -9999 -9999 -9999 -9999 -9999 -9999 -9999 -9999 -9999 -9999 -9999 -9999 -9999 -9999 -9999 -9999 -9999 -9999 -9999 -9999 -9999 -9999 -9999 -9999 -9999 -9999 -9999 -9999 -9999 -9999 -9999 -9999 -9999 -9999 -9999 -9999 -9999 -9999 -9999 -9999 -9999 -9999 -9999 -9999 -9999 -9999 -9999 -9999 -9999 -9999 -9999 -9999 -9999 -9999 -9999 -9999 397 382 363 342 321 301 285 270 256 240 227 218 210 206 203 200 201 202 210 205 208 208 207 206 204 195 190 192
-9999 -9999 -9999 -9999 -9999 -9999 -9999 -9999 -9999 -9999 -9999 -9999 -9999 -9999 -9999 -9999 -9999 -9999 -9999 -9999 -9999 -9999 -9999 -9999 -9999 -9999 -9999 -9999 -9999 -9999 -9999 -9999 -9999 -9999 -9999 -9999 -9999 -9999 -9999 -9999 -9999 -9999 -9999 -9999 -9999 -9999 -9999 -9999 -9999 -9999 -9999 -9999 -9999 -9999 -9999 -9999 -9999 -9999 -9999 -9999 -9999 -9999 -9999 415 407 391 367 341 318 297 278 264 250 235 224 215 207 204 198 191 192 198 202 203 206 207 210 208 200 197 200 200
-9999 -9999 -9999 -9999 -9999 -9999 -9999 -9999 -9999 -9999 -9999 -9999 -9999 -9999 -9999 -9999 -9999 -9999 -9999 -9999 -9999 -9999 -9999 332 333 318 292 278 -9999 -9999 -9999 -9999 -9999 -9999 -9999 -9999 -9999 -9999 -9999 -9999 -9999 -9999 -9999 -9999 -9999 -9999 -9999 -9999 -9999 -9999 -9999 -9999 -9999 -9999 -9999 -9999 -9999 -9999 -9999 -9999 -9999 -9999 -9999 419 409 391 363 337 312 292 273 256 243 231 220 212 204 195 194 183 183 189 198 207 211 216 221 222 221 213 204 198
-9999 -9999 -9999 -9999 -9999 -9999 -9999 -9999 -9999 -9999 -9999 -9999 -9999 -9999 -9999 -9999 -9999 -9999 -9999 -9999 -9999 -9999 329 336 345 358 335 296 276 266 250 240 241 233 226 217 209 208 204 206 205 -9999 -9999 -9999 -9999 -9999 -9999 -9999 -9999 -9999 -9999 -9999 -9999 -9999 -9999 -9999 -9999 -9999 -9999 -9999 -9999 -9999 419 416 402 386 358 330 307 286 267 249 234 225 214 207 200 192 185 179 176 187 199 210 214 216 223 227 226 216 200 194
-9999 -9999 -9999 -9999 -9999 -9999 -9999 -9999 -9999 -9999 -9999 -9999 -9999 -9999 -9999 -9999 -9999 -9999 -9999 -9999 -9999 340 342 376 379 375 374 333 298 278 289 266 265 252 229 214 209 204 209 202 204 203 215 233 225 235 253 269 292 310 334 349 371 397 426 424 419 406 -9999 -9999 448 414 413 406 389 367 342 317 294 275 261 245 227 218 208 203 195 187 184 175 177 185 198 210 225 231 226 220 209 196 186 186
-9999 -9999 -9999 -9999 -9999 -9999 -9999 -9999 -9999 -9999 -9999 -9999 -9999 -9999 -9999 -9999 -9999 306 332 356 382 382 366 389 399 368 344 330 315 320 286 302 272 248 244 237 222 203 203 207 217 223 260 256 233 235 245 257 273 290 308 324 344 370 394 393 389 393 396 407 416 417 411 398 375 349 323 300 278 258 244 237 221 213 209 203 194 186 177 175 177 181 193 204 209 214 206 194 186 180 178 180
-9999 -9999 -9999 -9999 -9999 -9999 -9999 -9999 -9999 -9999 -9999 -9999 -9999 -9999 -9999 -9999 290 329 377 419 443 435 431 429 415 379 347 336 337 325 288 308 289 314 289 297 243 234 242 250 237 242 260 258 229 255 246 243 252 265 278 287 303 320 330 331 334 341 353 367 377 382 380 370 353 339 311 296 285 267 252 233 233 223 221 204 192 182 180 178 174 178 185 194 200 202 204 194 182 173 171 -9999
-9999 -9999 -9999 -9999 -9999 -9999 -9999 -9999 -9999 -9999 -9999 -9999 -9999 -9999 -9999 -9999 277 365 406 432 447 462 450 430 420 394 353 324 339 310 313 334 315 315 305 296 260 246 229 231 213 215 224 253 235 228 223 222 229 234 244 252 261 270 275 275 277 289 302 317 333 348 351 336 324 313 307 321 291 308 319 273 320 295 262 241 241 235 209 192 208 186 198 188 191 187 196 190 178 168 158 -9999
-9999 -9999 -9999 -9999 -9999 -9999 -9999 -9999 -9999 -9999 -9999 -9999 -9999 -9999 -9999 -9999 -9999 344 411 449 464 469 469 456 440 392 371 339 365 350 352 303 261 278 278 245 212 195 176 173 173 181 184 190 188 189 192 198 203 208 218 220 230 230 228 228 236 241 255 267 282 303 315 302 286 275 266 269 293 316 320 338 336 313 309 279 261 305 290 263 265 233 224 230 217 204 186 168 157 148 147 -9999
-9999 -9999 -9999 -9999 -9999 -9999 -9999 -9999 -9999 -9999 -9999 -9999 -9999 -9999 -9999 -9999 -9999 376 422 463 508 542 526 484 465 387 351 322 361 371 309 247 227 237 233 200 177 160 145 145 148 153 160 161 162 164 168 173 181 184 187 192 195 196 189 188 192 184 181 197 221 246 260 255 244 235 222 211 213 222 234 246 244 271 289 301 298 312 266 251 312 284 292 302 260 224 191 179 150 140 139 -9999
-9999 -9999 -9999 -9999 -9999 -9999 -9999 -9999 -9999 -9999 -9999 -9999 -9999 -9999 -9999 -9999 -9999 -9999 428 507 541 570 522 439 394 392 372 362 330 323 304 296 313 305 226 184 158 144 134 131 135 135 140 140 141 143 146 150 156 158 165 175 178 181 171 154 151 127 128 150 173 193 204 206 206 203 198 181 180 172 189 191 168 183 206 229 220 243 222 233 191 248 242 201 272 288 238 183 165 155 144 126
-9999 -9999 -9999 -9999 -9999 -9999 -9999 -9999 -9999 -9999 -9999 -9999 -9999 -9999 -9999 -9999 -9999 -9999 467 532 571 554 527 414 398 394 420 444 421 348 390 390 330 285 227 175 151 136 126 125 123 123 124 125 125 126 131 137 140 141 152 171 197 204 196 179 183 181 166 139 143 152 163 165 163 159 154 139 136 142 158 157 144 146 153 173 175 167 188 181 158 219 209 198 176 173 164 165 154 130 124 135
-9999 -9999 -9999 -9999 -9999 -9999 -9999 -9999 -9999 -9999 -9999 -9999 -9999 -9999 -9999 -9999 -9999 -9999 575 551 511 507 518 535 486 433 417 424 405 377 402 358 279 244 198 166 143 127 120 116 114 115 116 114 113 118 121 126 129 133 142 148 161 186 195 206 206 194 180 157 134 130 132 138 131 126 120 109 103 95 95 100 104 115 138 141 150 137 142 128 139 143 147 112 123 140 166 167 157 137 125 120
-9999 -9999 -9999 -9999 -9999 -9999 -9999 -9999 -9999 -9999 -9999 -9999 -9999 -9999 -9999 -9999 -9999 -9999 513 522 572 529 565 519 538 512 432 362 371 354 337 306 261 229 197 163 135 119 111 107 108 110 114 115 112 112 118 123 126 130 136 146 147 158 175 174 172 170 172 152 135 122 117 110 106 107 104 90 89 83 82 86 87 91 106 112 120 116 104 102 113 110 102 98 114 127 157 168 158 154 133 121
-9999 -9999 -9999 -9999 -9999 -9999 -9999 -9999 -9999 -9999 -9999 -9999 -9999 -9999 -9999 -9999 -9999 -9999 500 532 517 506 541 550 547 515 431 381 364 324 335 285 248 219 186 157 129 111 102 101 103 110 115 117 114 113 117 119 119 122 124 128 134 142 148 153 154 149 148 146 157 147 112 98 92 85 81 79 82 81 76 77 77 79 80 84 83 87 94 102 110 114 102 99 120 138 166 158 151 151 135 -9999
-9999 -9999 -9999 -9999 -9999 -9999 -9999 -9999 -9999 -9999 -9999 -9999 -9999 -9999 -9999 -9999 -9999 -9999 -9999 501 495 474 480 522 521 474 448 414 324 306 316 278 234 212 179 147 119 101 95 97 98 103 110 112 112 112 114 116 119 121 124 128 126 128 131 133 139 137 134 133 131 120 98 88 82 80 74 70 69 71 76 77 76 75 75 74 79 88 100 115 121 112 114 109 113 119 138 154 146 -9999 -9999 -9999
-9999 -9999 -9999 -9999 -9999 -9999 -9999 -9999 -9999 -9999 -9999 -9999 -9999 -9999 -9999 -9999 -9999 -9999 -9999 477 478 467 475 503 461 540 488 399 342 322 306 260 240 205 174 146 119 99 94 93 93 96 101 103 107 109 113 117 121 132 129 130 133 135 132 131 128 129 121 114 108 96 90 86 76 75 76 68 64 66 70 73 74 77 76 86 100 113 116 116 125 122 113 118 113 115 -9999 -9999 -9999 -9999 -9999 -9999
-9999 -9999 -9999 -9999 -9999 -9999 -9999 -9999 -9999 -9999 -9999 -9999 -9999 -9999 -9999 -9999 -9999 -9999 -9999 467 461 476 468 467 535 469 442 408 395 308 289 274 242 204 175 148 128 110 100 93 93 93 94 97 100 104 110 117 122 128 134 156 153 152 135 130 133 127 109 103 97 90 86 89 82 78 72 67 64 64 66 68 73 80 86 87 111 125 121 110 115 113 116 126 117 -9999 -9999 -9999 -9999 -9999 -9999 -9999
-9999 -9999 -9999 -9999 -9999 -9999 -9999 -9999 -9999 -9999 -9999 -9999 -9999 -9999 -9999 -9999 -9999 -9999 -9999 -9999 433 435 459 497 530 469 454 430 359 303 288 262 248 215 183 150 125 106 100 96 92 91 90 91 94 100 109 120 133 146 148 150 141 134 125 122 126 126 129 121 112 99 93 82 82 85 72 72 68 68 70 75 83 90 103 96 112 114 102 113 112 -9999 -9999 -9999 -9999 -9999 -9999 -9999 -9999 -9999 -9999 -9999
-9999 -9999 -9999 -9999 -9999 -9999 -9999 -9999 -9999 -9999 -9999 -9999 -9999 -9999 -9999 -9999 -9999 -9999 -9999 403 422 467 508 536 548 551 493 471 391 332 309 282 252 218 186 158 133 117 109 100 95 93 88 87 89 95 107 124 156 143 130 126 120 114 113 120 122 122 119 121 109 101 90 80 75 88 79 72 73 77 75 86 93 103 103 112 115 110 -9999 -9999 -9999 -9999 -9999 -9999 -9999 -9999 -9999 -9999 -9999 -9999 -9999 -9999
-9999 -9999 -9999 -9999 -9999 -9999 -9999 -9999 -9999 -9999 -9999 -9999 -9999 -9999 -9999 -9999 -9999 -9999 -9999 396 399 445 491 471 486 480 467 450 388 358 329 290 260 225 192 167 151 136 117 107 102 101 95 87 82 95 115 133 145 132 124 122 113 110 117 116 112 115 122 119 114 109 101 76 83 87 90 92 89 85 84 98 113 121 100 89 93 105 -9999 -9999 -9999 -9999 -9999 -9999 -9999 -9999 -9999 -9999 -9999 -9999 -9999 -9999
-9999 -9999 -9999 -9999 -9999 -9999 -9999 -9999 -9999 -9999 -9999 -9999 -9999 -9999 -9999 -9999 -9999 -9999 -9999 382 388 398 484 464 437 435 428 455 433 390 349 298 253 231 228 193 159 143 128 125 126 128 110 101 91 100 111 114 124 129 128 124 113 114 117 114 115 118 120 126 127 129 117 91 76 78 90 97 108 108 95 106 107 103 101 97 86 -9999 -9999 -9999 -9999 -9999 -9999 -9999 -9999 -9999 -9999 -9999 -9999 -9999 -9999 -9999
-9999 -9999 -9999 -9999 -9999 -9999 -9999 -9999 -9999 -9999 -9999 -9999 -9999 -9999 -9999 -9999 -9999 -9999 -9999 372 383 399 417 404 417 456 612 475 416 389 360 312 278 251 207 167 155 166 152 150 166 156 132 109 96 92 101 110 123 131 132 127 124 118 115 107 111 109 118 124 132 135 120 98 73 71 97 111 137 126 105 105 99 103 99 -9999 -9999 -9999 -9999 -9999 -9999 -9999 -9999 -9999 -9999 -9999 -9999 -9999 -9999 -9999 -9999 -9999
-9999 -9999 -9999 -9999 -9999 -9999 -9999 -9999 -9999 -9999 -9999 -9999 -9999 -9999 -9999 -9999 -9999 -9999 361 361 367 386 397 402 462 513 514 386 366 373 344 322 260 212 173 150 173 206 203 180 178 125 115 93 93 95 98 109 119 127 125 125 122 117 112 115 118 120 125 127 132 131 122 108 82 77 84 84 105 108 100 95 98 98 96 -9999 -9999 -9999 -9999 -9999 -9999 -9999 -9999 -9999 -9999 -9999 -9999 -9999 -9999 -9999 -9999 -9999
-9999 -9999 -9999 -9999 -9999 -9999 -9999 -9999 -9999 -9999 -9999 -9999 -9999 -9999 -9999 -9999 -9999 -9999 332 343 358 386 440 461 475 441 424 368 327 309 272 237 205 186 159 149 155 147 120 104 97 95 94 96 92 94 100 106 113 119 119 122 118 115 119 122 125 128 127 127 126 118 106 103 78 114 106 82 82 89 90 92 95 -9999 -9999 -9999 -9999 -9999 -9999 -9999 -9999 -9999 -9999 -9999 -9999 -9999 -9999 -9999 -9999 -9999 -9999 -9999
-9999 -9999 -9999 -9999 -9999 -9999 -9999 -9999 -9999 -9999 -9999 -9999 -9999 -9999 -9999 -9999 -9999 -9999 316 340 360 380 410 420 454 405 348 330 291 276 250 225 197 176 162 147 127 118 112 105 102 99 97 97 96 98 100 103 107 112 120 123 121 120 120 121 120 124 124 124 116 106 107 95 85 86 100 96 85 92 90 89 90 -9999 -9999 -9999 -9999 -9999 -9999 -9999 -9999 -9999 -9999 -9999 -9999 -9999 -9999 -9999 163 197 194 205
-9999 -9999 -9999 -9999 -9999 -9999 -9999 -9999 -9999 -9999 -9999 -9999 -9999 -9999 -9999 -9999 -9999 292 307 331 353 348 357 373 387 342 321 297 275 262 235 218 193 177 159 146 138 133 125 118 113 108 109 108 107 105 108 111 114 115 115 117 117 115 117 119 117 118 113 117 111 102 92 92 89 80 80 84 89 93 94 93 -9999 -9999 -9999 -9999 -9999 -9999 -9999 -9999 -9999 -9999 -9999 -9999 -9999 -9999 -9999 161 174 178 184 200
-9999 -9999 -9999 -9999 -9999 -9999 -9999 -9999 -9999 -9999 -9999 -9999 -9999 -9999 -9999 -9999 -9999 278 307 354 336 311 328 340 330 306 301 290 276 253 230 215 197 172 158 147 144 141 140 149 139 124 128 127 127 126 122 122 119 116 115 115 112 112 113 111 112 110 106 103 99 96 87 88 85 90 86 83 89 96 98 -9999 -9999 -9999 -9999 -9999 -9999 -9999 -9999 -9999 -9999 -9999 -9999 -9999 -9999 -9999 130 134 131 163 180 196
-9999 -9999 -9999 -9999 -9999 -9999 -9999 -9999 -9999 -9999 -9999 -9999 -9999 -9999 -9999 217 242 263 298 301 286 292 293 293 302 302 303 318 290 262 228 204 187 174 163 155 153 158 155 155 136 128 123 122 124 126 119 128 125 118 117 111 109 109 106 103 102 100 98 93 89 85 81 77 77 84 89 88 94 100 107 -9999 -9999 -9999 -9999 -9999 -9999 -9999 -9999 -9999 -9999 -9999 -9999 -9999 -9999 -9999 113 116 137 155 174 190
-9999 -9999 -9999 -9999 -9999 -9999 -9999 -9999 -9999 -9999 -9999 -9999 -9999 -9999 -9999 -9999 250 272 270 270 267 279 286 280 276 270 274 292 278 231 211 195 183 176 169 165 154 146 141 139 137 131 134 129 126 125 117 123 116 118 116 108 106 104 102 100 98 94 89 84 80 77 76 77 79 80 90 92 96 103 113 -9999 -9999 -9999 -9999 -9999 -9999 -9999 -9999 -9999 -9999 -9999 -9999 -9999 -9999 -9999 -9999 -9999 -9999 -9999 172 -9999
-9999 -9999 -9999 -9999 -9999 -9999 -9999 -9999 -9999 -9999 -9999 -9999 -9999 -9999 -9999 252 266 281 258 255 259 264 262 256 253 248 247 243 225 204 184 174 169 163 162 152 146 143 143 142 141 142 141 139 133 131 121 117 110 108 108 107 106 105 106 105 101 98 86 79 74 72 76 84 94 85 95 90 94 108 122 -9999 -9999 -9999 -9999 -9999 -9999 -9999 -9999 130 127 128 -9999 -9999 -9999 -9999 -9999 -9999 -9999 165 -9999 -9999
-9999 -9999 -9999 -9999 -9999 -9999 -9999 -9999 -9999 -9999 -9999 -9999 -9999 -9999 -9999 285 299 281 249 248 247 244 241 239 237 238 241 228 221 182 166 159 157 155 154 149 149 150 149 148 148 149 144 143 141 130 127 118 112 111 111 109 109 109 110 108 107 104 90 78 72 75 83 88 86 88 96 91 96 110 128 144 168 -9999 -9999 -9999 -9999 -9999 -9999 128 122 119 -9999 -9999 -9999 -9999 -9999 -9999 -9999 -9999 -9999 -9999
-9999 -9999 -9999 -9999 -9999 -9999 -9999 -9999 -9999 -9999 -9999 -9999 -9999 -9999 -9999 289 295 265 245 242 240 238 238 240 233 228 229 215 187 175 168 162 161 163 158 163 164 164 160 164 162 153 150 146 145 144 136 130 128 118 115 113 112 110 111 110 105 104 101 93 81 80 81 83 82 87 84 97 109 116 133 147 165 172 -9999 -9999 -9999 -9999 -9999 -9999 129 139 -9999 -9999 -9999 -9999 -9999 -9999 -9999 -9999 -9999 -9999
-9999 -9999 -9999 -9999 -9999 -9999 -9999 -9999 -9999 -9999 -9999 -9999 -9999 -9999 -9999 -9999 262 250 244 233 231 233 236 235 222 209 205 192 178 183 186 181 178 174 171 174 178 178 182 174 169 166 163 158 160 158 149 140 132 130 127 122 119 114 111 102 106 122 110 94 79 74 72 76 81 80 82 98 110 120 127 135 152 -9999 -9999 -9999 -9999 -9999 -9999 -9999 135 -9999 -9999 -9999 -9999 -9999 -9999 -9999 -9999 -9999 -9999 -9999
-9999 -9999 -9999 -9999 -9999 -9999 -9999 -9999 -9999 -9999 -9999 -9999 -9999 -9999 -9999 -9999 256 254 234 224 221 217 218 212 211 202 194 182 176 180 190 203 194 190 191 185 189 192 191 191 189 186 183 177 171 169 163 157 141 144 142 128 118 113 103 100 107 117 90 81 73 68 66 71 75 82 80 76 76 81 94 -9999 -9999 -9999 -9999 -9999 -9999 -9999 -9999 -9999 -9999 -9999 -9999 -9999 -9999 -9999 -9999 -9999 -9999 -9999 -9999 -9999
-9999 -9999 -9999 -9999 -9999 -9999 -9999 -9999 -9999 -9999 -9999 -9999 -9999 -9999 -9999 -9999 -9999 -9999 -9999 223 223 211 203 203 203 203 192 179 175 176 183 191 192 194 201 204 206 200 199 204 202 202 197 192 187 179 168 161 147 138 130 118 118 110 105 111 129 117 105 106 86 67 65 65 71 71 67 60 62 -9999 -9999 -9999 -9999 -9999 -9999 -9999 -9999 -9999 -9999 -9999 -9999 -9999 -9999 -9999 -9999 -9999 -9999 -9999 -9999 -9999 -9999 -9999
-9999 -9999 -9999 -9999 -9999 -9999 -9999 -9999 -9999 -9999 -9999 -9999 -9999 -9999 -9999 -9999 -9999 -9999 -9999 220 229 208 200 199 199 188 180 182 176 183 192 197 218 219 221 203 205 215 208 203 210 215 207 198 188 171 163 152 144 135 128 128 118 110 135 139 151 141 129 111 92 77 71 67 61 60 56 54 56 -9999 -9999 -9999 -9999 -9999 -9999 -9999 -9999 -9999 -9999 -9999 -9999 -9999 -9999 -9999 -9999 -9999 -9999 -9999 -9999 -9999 -9999 -9999
-9999 -9999 -9999 -9999 -9999 -9999 -9999 -9999 -9999 -9999 -9999 -9999 -9999 -9999 -9999 -9999 -9999 -9999 208 216 213 203 200 200 197 188 180 182 177 186 201 212 212 201 206 210 205 218 228 217 210 213 211 200 186 177 167 161 152 142 137 125 114 116 146 163 138 121 115 103 92 94 87 67 67 66 65 59 -9999 -9999 -9999 -9999 -9999 -9999 -9999 -9999 -9999 -9999 -9999 -9999 -9999 -9999 -9999 -9999 -9999 -9999 -9999 -9999 -9999 -9999 -9999 -9999
