resultados/variables_proyeccion_tiempo/variables_futuro_csiro_A1B/bio13.asc
ncols 330
nrows 228
xllcorner -12.000000
yllcorner 34.000000
cellsize 0.166667
NODATA_value -9999
[rows 141 to 187 of 228, columns 0 to 95 of 330]
-9999 -9999 -9999 -9999 -9999 -9999 -9999 -9999 -9999 -9999 -9999 -9999 -9999 -9999 -9999 -9999 -9999 -9999 -9999 -9999 -9999 -9999 -9999 -9999 -9999 -9999 -9999 -9999 -9999 -9999 -9999 -9999 -9999 -9999 -9999 -9999 -9999 -9999 -9999 -9999 -9999 153 -9999 160 162 163 162 161 161 156 151 148 146 141 137 132 125 121 115 110 104 101 100 100 102 103 104 102 100 103 104 103 98 96 92 90 87 85 82 77 74 72 71 71 71 71 70 70 69 69 68 68 68 69 69 69
-9999 -9999 -9999 -9999 -9999 -9999 -9999 -9999 -9999 -9999 -9999 -9999 -9999 -9999 -9999 -9999 -9999 -9999 -9999 -9999 -9999 -9999 -9999 -9999 -9999 -9999 -9999 -9999 -9999 -9999 -9999 -9999 -9999 -9999 -9999 -9999 -9999 -9999 -9999 -9999 -9999 -9999 -9999 -9999 161 162 163 160 157 153 151 150 146 142 137 133 129 122 114 107 103 99 98 98 98 99 98 97 97 100 102 98 93 90 87 86 84 83 80 75 73 71 70 70 70 71 71 70 69 70 70 69 71 71 72 74
-9999 -9999 -9999 -9999 -9999 -9999 -9999 -9999 -9999 -9999 -9999 -9999 -9999 -9999 -9999 -9999 -9999 -9999 -9999 -9999 -9999 -9999 -9999 -9999 -9999 -9999 -9999 -9999 -9999 -9999 -9999 -9999 -9999 -9999 -9999 -9999 -9999 -9999 -9999 -9999 -9999 -9999 -9999 159 162 162 163 162 160 158 152 149 146 141 134 130 125 118 113 108 101 95 95 97 97 96 95 93 93 95 98 96 91 87 85 83 83 81 78 74 72 71 69 69 70 71 70 70 69 71 72 70 73 73 73 74
-9999 -9999 -9999 -9999 -9999 -9999 -9999 -9999 -9999 -9999 -9999 -9999 -9999 -9999 -9999 -9999 -9999 -9999 -9999 -9999 -9999 -9999 -9999 -9999 -9999 -9999 -9999 -9999 -9999 -9999 -9999 -9999 -9999 -9999 -9999 -9999 -9999 -9999 -9999 -9999 -9999 -9999 -9999 -9999 -9999 161 162 158 156 153 149 146 143 138 134 131 125 118 114 108 103 98 97 97 96 93 91 89 89 90 92 91 87 85 85 84 81 79 77 73 72 70 69 69 70 71 71 71 71 72 72 72 68 67 71 75
-9999 -9999 -9999 -9999 -9999 -9999 -9999 -9999 -9999 -9999 -9999 -9999 -9999 -9999 -9999 -9999 -9999 -9999 -9999 -9999 -9999 -9999 -9999 -9999 -9999 -9999 -9999 -9999 -9999 -9999 -9999 -9999 -9999 -9999 -9999 -9999 -9999 -9999 -9999 -9999 -9999 -9999 -9999 -9999 -9999 159 159 -9999 151 150 146 143 139 136 134 131 126 120 114 108 104 101 99 98 96 92 88 86 84 84 86 86 86 84 84 81 79 77 75 73 72 70 69 70 71 72 73 73 74 74 74 75 72 70 74 79
-9999 -9999 -9999 -9999 -9999 -9999 -9999 -9999 -9999 -9999 -9999 -9999 -9999 -9999 -9999 -9999 -9999 -9999 -9999 -9999 -9999 -9999 -9999 -9999 -9999 -9999 -9999 -9999 -9999 -9999 -9999 -9999 -9999 -9999 -9999 -9999 -9999 -9999 -9999 -9999 -9999 -9999 -9999 -9999 -9999 -9999 -9999 -9999 -9999 -9999 -9999 -9999 137 135 132 128 125 122 117 112 108 105 102 99 96 92 88 83 80 81 83 84 84 83 82 81 80 77 75 73 72 71 71 72 73 74 75 76 76 76 77 77 76 74 76 82
-9999 -9999 -9999 -9999 -9999 -9999 -9999 -9999 -9999 -9999 -9999 -9999 -9999 -9999 -9999 -9999 -9999 -9999 -9999 -9999 -9999 -9999 -9999 -9999 -9999 -9999 -9999 -9999 -9999 -9999 -9999 -9999 -9999 -9999 -9999 -9999 -9999 -9999 -9999 -9999 -9999 -9999 -9999 -9999 -9999 -9999 -9999 -9999 -9999 -9999 -9999 -9999 138 135 133 -9999 -9999 123 118 115 112 109 106 101 96 92 88 84 80 81 82 83 83 83 82 80 79 77 76 75 73 72 72 72 74 76 78 81 80 77 78 79 77 77 80 86
-9999 -9999 -9999 -9999 -9999 -9999 -9999 -9999 -9999 -9999 -9999 -9999 -9999 -9999 -9999 -9999 -9999 -9999 -9999 -9999 -9999 -9999 -9999 -9999 -9999 -9999 -9999 -9999 -9999 -9999 -9999 -9999 -9999 -9999 -9999 -9999 -9999 -9999 -9999 -9999 -9999 -9999 -9999 -9999 -9999 -9999 -9999 -9999 -9999 -9999 -9999 -9999 137 136 -9999 -9999 -9999 123 120 117 114 112 108 103 100 96 93 88 85 84 84 83 83 82 82 81 79 78 77 77 74 73 72 73 75 77 80 81 81 78 79 81 80 78 80 90
-9999 -9999 -9999 -9999 -9999 -9999 -9999 -9999 -9999 -9999 -9999 -9999 -9999 -9999 -9999 -9999 -9999 -9999 -9999 -9999 -9999 -9999 -9999 -9999 -9999 -9999 -9999 -9999 -9999 -9999 -9999 -9999 -9999 -9999 -9999 -9999 -9999 -9999 -9999 -9999 -9999 -9999 -9999 -9999 -9999 -9999 -9999 -9999 -9999 -9999 -9999 -9999 -9999 -9999 -9999 -9999 -9999 -9999 120 118 116 113 108 105 102 99 96 95 92 89 86 85 84 82 81 81 81 80 79 78 77 75 74 75 76 76 78 78 79 80 80 80 81 78 79 86
-9999 -9999 -9999 -9999 -9999 -9999 -9999 -9999 -9999 -9999 -9999 -9999 -9999 -9999 -9999 -9999 -9999 -9999 -9999 -9999 -9999 -9999 -9999 -9999 -9999 -9999 -9999 -9999 -9999 -9999 -9999 -9999 -9999 -9999 -9999 -9999 -9999 -9999 -9999 -9999 -9999 -9999 -9999 -9999 -9999 -9999 -9999 -9999 -9999 -9999 -9999 -9999 -9999 -9999 -9999 -9999 -9999 -9999 119 116 116 116 112 108 104 102 101 99 97 94 91 88 86 84 84 82 82 82 82 80 78 77 75 76 77 77 78 77 78 78 78 77 76 75 75 82
-9999 -9999 -9999 -9999 -9999 -9999 -9999 -9999 -9999 -9999 -9999 -9999 -9999 -9999 -9999 -9999 -9999 -9999 -9999 -9999 -9999 -9999 -9999 -9999 -9999 -9999 -9999 -9999 -9999 -9999 -9999 -9999 -9999 -9999 -9999 -9999 -9999 -9999 -9999 -9999 -9999 -9999 -9999 -9999 -9999 -9999 -9999 -9999 -9999 -9999 -9999 -9999 -9999 -9999 -9999 -9999 -9999 -9999 -9999 116 116 116 113 110 106 103 102 103 102 100 96 93 89 85 84 84 86 85 84 82 81 78 77 78 78 77 76 76 76 75 75 74 72 72 72 75
-9999 -9999 -9999 -9999 -9999 -9999 -9999 -9999 -9999 -9999 -9999 -9999 -9999 -9999 -9999 -9999 -9999 -9999 -9999 -9999 -9999 -9999 -9999 -9999 -9999 -9999 -9999 -9999 -9999 -9999 -9999 -9999 -9999 -9999 -9999 -9999 -9999 -9999 -9999 -9999 -9999 -9999 -9999 -9999 -9999 -9999 -9999 -9999 -9999 -9999 -9999 -9999 -9999 -9999 -9999 -9999 -9999 -9999 -9999 -9999 114 114 112 110 106 103 102 102 103 103 101 98 93 88 87 87 88 88 88 87 86 84 83 82 80 79 77 74 75 74 73 72 71 72 73 75
-9999 -9999 -9999 -9999 -9999 -9999 -9999 -9999 -9999 -9999 -9999 -9999 -9999 -9999 -9999 -9999 -9999 -9999 -9999 -9999 -9999 -9999 -9999 -9999 -9999 -9999 -9999 -9999 -9999 -9999 -9999 -9999 -9999 -9999 -9999 -9999 -9999 -9999 -9999 -9999 -9999 -9999 -9999 -9999 -9999 -9999 -9999 -9999 -9999 -9999 -9999 -9999 -9999 -9999 -9999 -9999 -9999 -9999 -9999 -9999 -9999 112 110 107 104 102 101 101 103 104 104 100 96 92 91 91 92 93 94 95 95 93 90 89 85 84 78 73 74 74 77 72 71 73 75 75
-9999 -9999 -9999 -9999 -9999 -9999 -9999 -9999 -9999 -9999 -9999 -9999 -9999 -9999 -9999 -9999 -9999 -9999 -9999 -9999 -9999 -9999 -9999 -9999 -9999 -9999 -9999 -9999 -9999 -9999 -9999 -9999 -9999 -9999 -9999 -9999 -9999 -9999 -9999 -9999 -9999 -9999 -9999 -9999 -9999 -9999 -9999 -9999 -9999 -9999 -9999 -9999 -9999 -9999 -9999 -9999 -9999 -9999 -9999 -9999 -9999 -9999 107 106 104 102 101 102 104 106 107 105 100 97 97 97 99 101 102 104 104 101 97 92 88 84 79 76 78 79 76 71 71 74 78 76
-9999 -9999 -9999 -9999 -9999 -9999 -9999 -9999 -9999 -9999 -9999 -9999 -9999 -9999 -9999 -9999 -9999 -9999 -9999 -9999 -9999 -9999 -9999 -9999 -9999 -9999 -9999 -9999 -9999 -9999 -9999 -9999 -9999 -9999 -9999 -9999 -9999 -9999 -9999 -9999 -9999 -9999 -9999 -9999 -9999 -9999 -9999 -9999 -9999 -9999 -9999 -9999 -9999 -9999 -9999 -9999 -9999 -9999 -9999 -9999 -9999 -9999 -9999 108 -9999 102 103 104 106 107 107 105 103 101 102 103 105 109 110 112 112 108 103 98 90 85 81 80 83 81 77 73 71 77 84 80
-9999 -9999 -9999 -9999 -9999 -9999 -9999 -9999 -9999 -9999 -9999 -9999 -9999 -9999 -9999 -9999 -9999 -9999 -9999 -9999 -9999 -9999 -9999 -9999 -9999 -9999 -9999 -9999 -9999 -9999 -9999 -9999 -9999 -9999 -9999 -9999 -9999 -9999 -9999 -9999 -9999 -9999 -9999 -9999 -9999 -9999 -9999 -9999 -9999 -9999 -9999 -9999 -9999 -9999 -9999 -9999 -9999 -9999 -9999 -9999 -9999 -9999 -9999 108 108 107 106 106 107 107 108 107 105 104 105 108 110 114 118 121 119 112 107 102 95 89 85 83 82 84 78 72 70 77 84 82
-9999 -9999 -9999 -9999 -9999 -9999 -9999 -9999 -9999 -9999 -9999 -9999 -9999 -9999 -9999 -9999 -9999 -9999 -9999 -9999 -9999 -9999 -9999 -9999 -9999 -9999 -9999 -9999 -9999 -9999 -9999 -9999 -9999 -9999 -9999 -9999 -9999 -9999 -9999 -9999 -9999 -9999 -9999 -9999 -9999 -9999 -9999 -9999 -9999 -9999 -9999 -9999 -9999 -9999 -9999 -9999 -9999 -9999 -9999 -9999 -9999 -9999 -9999 -9999 112 111 109 110 109 108 107 108 106 107 107 112 115 120 123 126 122 114 108 105 102 94 87 85 87 88 78 74 72 71 85 81
-9999 -9999 -9999 -9999 -9999 -9999 -9999 -9999 -9999 -9999 -9999 -9999 -9999 -9999 -9999 -9999 -9999 -9999 -9999 -9999 -9999 -9999 -9999 -9999 -9999 -9999 -9999 -9999 -9999 -9999 -9999 -9999 -9999 -9999 -9999 -9999 -9999 -9999 -9999 -9999 -9999 -9999 -9999 -9999 -9999 -9999 -9999 -9999 -9999 -9999 -9999 -9999 -9999 -9999 -9999 -9999 -9999 -9999 -9999 -9999 -9999 -9999 -9999 -9999 -9999 114 112 112 111 110 109 108 108 109 110 112 116 120 123 124 120 114 108 106 102 91 86 84 93 91 79 73 75 80 79 89
-9999 -9999 -9999 -9999 -9999 -9999 -9999 -9999 -9999 -9999 -9999 -9999 -9999 -9999 -9999 -9999 -9999 -9999 -9999 -9999 -9999 -9999 -9999 -9999 -9999 -9999 -9999 -9999 -9999 -9999 -9999 -9999 -9999 -9999 -9999 -9999 -9999 -9999 -9999 -9999 -9999 -9999 -9999 -9999 -9999 -9999 -9999 -9999 -9999 -9999 -9999 -9999 -9999 -9999 -9999 -9999 -9999 -9999 -9999 -9999 -9999 -9999 -9999 -9999 -9999 119 116 113 114 113 111 110 111 109 110 111 112 114 117 117 114 109 104 102 95 88 81 80 86 91 83 71 72 79 74 81
-9999 -9999 -9999 -9999 -9999 -9999 -9999 -9999 -9999 -9999 -9999 -9999 -9999 -9999 -9999 -9999 -9999 -9999 -9999 -9999 -9999 -9999 -9999 -9999 -9999 -9999 -9999 -9999 -9999 -9999 -9999 -9999 -9999 -9999 -9999 -9999 -9999 -9999 -9999 -9999 -9999 -9999 -9999 -9999 -9999 -9999 -9999 -9999 -9999 -9999 -9999 -9999 -9999 -9999 -9999 -9999 -9999 -9999 -9999 -9999 -9999 -9999 -9999 -9999 -9999 122 119 116 114 114 112 111 109 108 109 109 109 108 109 108 103 102 99 97 91 86 84 88 87 88 79 72 66 72 76 74
-9999 -9999 -9999 -9999 -9999 -9999 -9999 -9999 -9999 -9999 -9999 -9999 -9999 -9999 -9999 -9999 -9999 -9999 -9999 -9999 -9999 -9999 -9999 -9999 -9999 -9999 -9999 -9999 -9999 -9999 -9999 -9999 -9999 -9999 -9999 -9999 -9999 -9999 -9999 -9999 -9999 -9999 -9999 -9999 -9999 -9999 -9999 -9999 -9999 -9999 -9999 -9999 -9999 -9999 -9999 -9999 -9999 -9999 -9999 -9999 -9999 -9999 -9999 -9999 128 125 122 118 115 113 111 109 108 107 106 106 107 107 103 101 99 96 95 91 90 87 86 89 94 81 76 76 69 67 70 67
-9999 -9999 -9999 -9999 -9999 -9999 -9999 -9999 -9999 -9999 -9999 -9999 -9999 -9999 -9999 -9999 -9999 -9999 -9999 -9999 -9999 -9999 -9999 -9999 -9999 -9999 -9999 -9999 -9999 -9999 -9999 -9999 -9999 -9999 -9999 -9999 -9999 -9999 -9999 -9999 -9999 -9999 -9999 -9999 -9999 -9999 -9999 -9999 -9999 -9999 -9999 -9999 -9999 -9999 -9999 -9999 -9999 -9999 -9999 -9999 -9999 -9999 -9999 -9999 130 128 124 119 115 113 110 109 106 105 103 102 102 100 98 97 94 91 88 87 90 86 84 82 81 75 71 70 75 68 70 68
-9999 -9999 -9999 -9999 -9999 -9999 -9999 -9999 -9999 -9999 -9999 -9999 -9999 -9999 -9999 -9999 -9999 -9999 -9999 -9999 -9999 -9999 -9999 -9999 -9999 -9999 -9999 -9999 -9999 -9999 -9999 -9999 -9999 -9999 -9999 -9999 -9999 -9999 -9999 -9999 -9999 -9999 -9999 -9999 -9999 -9999 -9999 -9999 -9999 -9999 -9999 -9999 -9999 -9999 -9999 -9999 -9999 -9999 -9999 -9999 -9999 -9999 -9999 -9999 134 130 127 121 117 114 112 109 106 104 101 99 98 97 96 92 90 90 88 88 87 82 83 77 78 80 75 70 69 74 66 71
-9999 -9999 -9999 -9999 -9999 -9999 -9999 -9999 -9999 -9999 -9999 -9999 -9999 -9999 -9999 -9999 -9999 -9999 -9999 -9999 -9999 -9999 -9999 -9999 -9999 -9999 -9999 -9999 -9999 -9999 -9999 -9999 -9999 -9999 -9999 -9999 -9999 -9999 -9999 -9999 -9999 -9999 -9999 -9999 -9999 -9999 -9999 -9999 -9999 -9999 -9999 -9999 -9999 -9999 -9999 -9999 -9999 -9999 -9999 -9999 -9999 -9999 -9999 -9999 140 135 130 126 120 115 111 107 104 101 98 96 94 93 92 90 88 88 84 81 78 78 76 74 74 77 79 67 65 71 72 71
-9999 -9999 -9999 -9999 -9999 -9999 -9999 -9999 -9999 -9999 -9999 -9999 -9999 -9999 -9999 -9999 -9999 -9999 -9999 -9999 -9999 -9999 -9999 -9999 -9999 -9999 -9999 -9999 -9999 -9999 -9999 -9999 -9999 -9999 -9999 -9999 -9999 -9999 -9999 -9999 -9999 -9999 -9999 -9999 -9999 -9999 -9999 -9999 -9999 -9999 -9999 -9999 -9999 -9999 -9999 -9999 -9999 -9999 -9999 -9999 -9999 -9999 -9999 -9999 145 141 135 129 124 117 113 109 104 98 95 93 90 88 88 86 84 81 81 80 80 81 78 76 74 70 68 65 65 70 76 76
-9999 -9999 -9999 -9999 -9999 -9999 -9999 -9999 -9999 -9999 -9999 -9999 -9999 -9999 -9999 -9999 -9999 -9999 -9999 -9999 -9999 -9999 -9999 -9999 -9999 -9999 -9999 -9999 -9999 -9999 -9999 -9999 -9999 -9999 -9999 -9999 -9999 -9999 -9999 -9999 -9999 -9999 -9999 -9999 -9999 -9999 -9999 -9999 -9999 -9999 -9999 -9999 -9999 -9999 -9999 -9999 -9999 -9999 -9999 -9999 -9999 -9999 -9999 -9999 150 146 140 132 126 120 114 108 103 98 93 90 87 85 82 80 78 77 78 78 79 82 81 80 81 80 73 71 72 73 76 80
-9999 -9999 -9999 -9999 -9999 -9999 -9999 -9999 -9999 -9999 -9999 -9999 -9999 -9999 -9999 -9999 -9999 -9999 -9999 -9999 -9999 -9999 -9999 -9999 -9999 -9999 -9999 -9999 -9999 -9999 -9999 -9999 -9999 -9999 -9999 -9999 -9999 -9999 -9999 -9999 -9999 -9999 -9999 -9999 -9999 -9999 -9999 -9999 -9999 -9999 -9999 -9999 -9999 -9999 -9999 -9999 -9999 -9999 -9999 -9999 -9999 -9999 -9999 -9999 156 150 144 135 127 120 113 107 102 96 91 87 83 79 76 73 72 72 76 74 77 78 79 80 80 77 74 74 76 79 80 86
-9999 -9999 -9999 -9999 -9999 -9999 -9999 -9999 -9999 -9999 -9999 -9999 -9999 -9999 -9999 -9999 -9999 -9999 -9999 -9999 -9999 -9999 -9999 -9999 -9999 -9999 -9999 -9999 -9999 -9999 -9999 -9999 -9999 -9999 -9999 -9999 -9999 -9999 -9999 -9999 -9999 -9999 -9999 -9999 -9999 -9999 -9999 -9999 -9999 -9999 -9999 -9999 -9999 -9999 -9999 -9999 -9999 -9999 -9999 -9999 -9999 -9999 -9999 163 160 154 145 135 126 118 110 105 99 93 89 85 80 77 72 68 67 70 72 74 76 77 80 80 76 76 78 77 76 80 86 92
-9999 -9999 -9999 -9999 -9999 -9999 -9999 -9999 -9999 -9999 -9999 -9999 -9999 -9999 -9999 -9999 -9999 -9999 -9999 -9999 -9999 -9999 -9999 114 116 111 102 98 -9999 -9999 -9999 -9999 -9999 -9999 -9999 -9999 -9999 -9999 -9999 -9999 -9999 -9999 -9999 -9999 -9999 -9999 -9999 -9999 -9999 -9999 -9999 -9999 -9999 -9999 -9999 -9999 -9999 -9999 -9999 -9999 -9999 -9999 -9999 165 162 155 144 134 124 116 108 101 96 91 86 82 78 73 70 64 65 66 70 75 78 81 84 87 86 83 78 77 80 85 90 96
-9999 -9999 -9999 -9999 -9999 -9999 -9999 -9999 -9999 -9999 -9999 -9999 -9999 -9999 -9999 -9999 -9999 -9999 -9999 -9999 -9999 -9999 112 115 119 124 116 102 97 96 93 94 96 98 98 98 98 98 96 96 94 -9999 -9999 -9999 -9999 -9999 -9999 -9999 -9999 -9999 -9999 -9999 -9999 -9999 -9999 -9999 -9999 -9999 -9999 -9999 -9999 -9999 165 164 159 153 142 131 122 114 106 98 92 88 84 80 76 71 66 63 63 66 72 77 78 80 84 88 88 84 77 79 83 88 94 100
-9999 -9999 -9999 -9999 -9999 -9999 -9999 -9999 -9999 -9999 -9999 -9999 -9999 -9999 -9999 -9999 -9999 -9999 -9999 -9999 -9999 116 116 129 130 129 129 114 102 97 104 99 103 102 99 98 100 98 99 95 94 92 94 98 96 98 104 108 116 122 129 131 136 144 152 151 148 144 -9999 -9999 163 155 160 159 153 144 135 125 116 109 103 96 89 85 81 78 74 69 66 62 62 66 72 77 84 88 86 84 80 78 78 81 85 90 95 -9999
-9999 -9999 -9999 -9999 -9999 -9999 -9999 -9999 -9999 -9999 -9999 -9999 -9999 -9999 -9999 -9999 -9999 113 119 126 133 131 124 133 136 125 117 112 107 108 99 107 102 98 100 101 99 95 94 94 94 95 104 102 95 96 99 101 104 108 114 119 124 132 140 139 137 138 139 144 150 154 155 152 146 136 127 118 109 101 95 92 86 82 81 77 73 69 64 62 63 65 70 74 75 77 76 76 78 78 80 82 86 89 -9999 -9999
-9999 -9999 -9999 -9999 -9999 -9999 -9999 -9999 -9999 -9999 -9999 -9999 -9999 -9999 -9999 -9999 111 120 135 149 156 151 149 147 142 130 120 116 115 111 99 106 103 113 108 112 99 97 99 100 96 96 100 100 92 98 95 93 94 96 99 102 108 113 116 116 117 119 124 130 136 140 141 139 133 129 120 114 109 102 96 89 89 85 85 77 72 67 66 64 62 64 67 71 72 74 77 78 79 80 82 -9999 -9999 -9999 -9999 -9999
-9999 -9999 -9999 -9999 -9999 -9999 -9999 -9999 -9999 -9999 -9999 -9999 -9999 -9999 -9999 -9999 107 131 144 152 156 161 156 149 146 137 123 113 117 108 108 116 110 111 110 109 100 97 92 93 87 87 89 96 91 88 86 85 85 85 87 89 91 94 96 96 96 101 106 113 120 129 131 125 121 117 115 120 109 114 118 102 119 111 99 92 94 91 81 75 82 72 75 70 72 73 77 78 80 82 84 -9999 -9999 -9999 -9999 -9999
-9999 -9999 -9999 -9999 -9999 -9999 -9999 -9999 -9999 -9999 -9999 -9999 -9999 -9999 -9999 -9999 -9999 120 142 156 161 163 163 159 154 138 130 120 128 122 122 106 93 100 100 91 83 79 74 73 73 75 75 76 76 75 76 77 77 77 78 76 79 79 78 78 82 84 89 95 102 113 119 114 107 102 99 100 107 115 116 123 123 116 115 107 104 117 111 102 103 93 88 90 86 83 79 77 79 82 85 -9999 -9999 -9999 -9999 -9999
-9999 -9999 -9999 -9999 -9999 -9999 -9999 -9999 -9999 -9999 -9999 -9999 -9999 -9999 -9999 -9999 -9999 128 144 158 178 192 184 170 164 137 125 116 128 131 110 89 83 87 86 75 70 66 62 62 63 64 66 66 66 66 67 68 69 69 67 66 66 66 64 64 66 64 64 70 80 92 98 96 91 87 82 77 77 81 85 90 90 101 109 115 116 121 106 101 120 111 113 116 105 95 86 84 82 84 87 -9999 -9999 -9999 -9999 -9999
-9999 -9999 -9999 -9999 -9999 -9999 -9999 -9999 -9999 -9999 -9999 -9999 -9999 -9999 -9999 -9999 -9999 -9999 146 175 192 203 184 156 141 140 134 130 120 117 110 107 112 109 83 68 61 58 56 56 57 56 58 57 57 58 58 59 60 59 59 60 61 61 57 52 52 45 46 53 63 72 77 78 77 75 73 66 66 65 71 72 65 72 84 95 95 102 95 97 88 102 101 89 113 120 107 91 90 91 91 88 -9999 -9999 -9999 -9999
-9999 -9999 -9999 -9999 -9999 -9999 -9999 -9999 -9999 -9999 -9999 -9999 -9999 -9999 -9999 -9999 -9999 -9999 161 185 204 199 186 148 143 143 151 159 151 127 139 138 118 102 82 64 56 53 51 51 51 51 51 50 50 51 52 53 52 52 54 58 67 69 66 61 62 62 58 50 52 57 62 63 62 59 56 52 53 56 63 64 60 61 65 77 80 77 85 86 81 96 94 93 88 89 88 93 95 92 89 90 -9999 -9999 -9999 -9999
-9999 -9999 -9999 -9999 -9999 -9999 -9999 -9999 -9999 -9999 -9999 -9999 -9999 -9999 -9999 -9999 -9999 -9999 201 193 181 180 185 192 176 158 153 154 147 136 143 128 101 89 72 60 52 48 46 46 45 46 46 45 44 46 47 48 48 48 50 52 55 63 67 70 71 67 64 58 50 49 50 53 50 48 47 43 43 42 43 45 48 53 62 64 69 66 73 70 76 78 80 71 74 81 93 97 101 99 93 90 -9999 -9999 -9999 -9999
-9999 -9999 -9999 -9999 -9999 -9999 -9999 -9999 -9999 -9999 -9999 -9999 -9999 -9999 -9999 -9999 -9999 -9999 186 189 204 190 204 190 197 188 161 136 136 129 121 110 95 82 71 58 49 44 42 41 41 42 43 44 42 43 45 46 46 47 48 50 51 54 60 59 59 58 62 57 54 49 47 45 44 47 47 40 42 40 40 43 43 45 52 54 58 59 58 60 68 70 68 67 72 78 90 100 108 106 99 93 -9999 -9999 -9999 -9999
-9999 -9999 -9999 -9999 -9999 -9999 -9999 -9999 -9999 -9999 -9999 -9999 -9999 -9999 -9999 -9999 -9999 -9999 188 197 190 185 198 203 203 192 163 144 136 120 120 103 90 79 66 56 47 41 38 38 38 40 42 42 41 42 44 44 44 44 44 45 47 49 51 52 52 52 55 57 64 63 50 45 43 41 39 38 43 44 40 40 41 42 42 44 45 49 54 60 66 69 66 66 74 83 97 101 107 108 104 -9999 -9999 -9999 -9999 -9999
-9999 -9999 -9999 -9999 -9999 -9999 -9999 -9999 -9999 -9999 -9999 -9999 -9999 -9999 -9999 -9999 -9999 -9999 -9999 188 183 175 179 196 197 183 173 158 125 115 115 101 84 76 63 52 43 37 35 35 36 38 40 40 41 42 42 43 44 44 44 46 45 46 46 46 49 50 52 54 56 54 47 44 42 44 39 36 37 40 44 43 42 42 42 42 46 52 58 65 69 68 70 72 74 80 90 100 106 -9999 -9999 -9999 -9999 -9999 -9999 -9999
-9999 -9999 -9999 -9999 -9999 -9999 -9999 -9999 -9999 -9999 -9999 -9999 -9999 -9999 -9999 -9999 -9999 -9999 -9999 178 175 170 176 191 178 206 188 156 133 122 113 95 86 73 61 52 44 37 35 34 34 36 37 38 40 41 42 43 45 47 47 47 48 49 47 46 47 49 48 48 49 46 46 46 42 44 45 39 36 38 42 43 43 44 45 49 56 62 65 68 72 74 76 79 82 84 -9999 -9999 -9999 -9999 -9999 -9999 -9999 -9999 -9999 -9999
-9999 -9999 -9999 -9999 -9999 -9999 -9999 -9999 -9999 -9999 -9999 -9999 -9999 -9999 -9999 -9999 -9999 -9999 -9999 171 163 170 172 177 206 186 176 161 153 118 109 100 87 73 62 52 47 42 38 35 35 35 35 36 38 40 41 43 44 46 48 56 55 54 48 47 50 50 45 46 46 45 46 51 50 49 46 41 38 39 41 43 46 48 51 54 62 68 71 70 74 77 81 84 90 -9999 -9999 -9999 -9999 -9999 -9999 -9999 -9999 -9999 -9999 -9999
-9999 -9999 -9999 -9999 -9999 -9999 -9999 -9999 -9999 -9999 -9999 -9999 -9999 -9999 -9999 -9999 -9999 -9999 -9999 -9999 153 154 169 188 203 184 179 168 140 117 109 97 90 77 64 53 47 42 38 36 35 35 35 36 38 39 42 44 49 54 53 54 51 49 45 44 48 50 55 55 54 52 53 50 53 54 48 47 43 44 46 48 52 55 59 63 69 74 75 72 74 -9999 -9999 -9999 -9999 -9999 -9999 -9999 -9999 -9999 -9999 -9999 -9999 -9999 -9999 -9999
-9999 -9999 -9999 -9999 -9999 -9999 -9999 -9999 -9999 -9999 -9999 -9999 -9999 -9999 -9999 -9999 -9999 -9999 -9999 145 150 169 189 203 210 212 192 182 151 127 116 104 92 78 66 55 49 44 40 37 36 37 37 37 40 41 41 47 59 53 48 48 46 43 42 44 46 49 50 55 53 54 53 52 51 57 53 48 49 51 51 55 58 61 66 70 76 78 -9999 -9999 -9999 -9999 -9999 -9999 -9999 -9999 -9999 -9999 -9999 -9999 -9999 -9999 -9999 -9999 -9999 -9999
-9999 -9999 -9999 -9999 -9999 -9999 -9999 -9999 -9999 -9999 -9999 -9999 -9999 -9999 -9999 -9999 -9999 -9999 -9999 144 146 164 184 179 187 186 181 173 150 136 123 107 95 81 68 59 53 48 42 39 39 41 43 43 44 48 50 54 56 50 48 49 47 44 44 43 43 45 52 54 55 56 56 50 55 57 57 57 57 56 56 61 65 67 71 75 79 81 -9999 -9999 -9999 -9999 -9999 -9999 -9999 -9999 -9999 -9999 -9999 -9999 -9999 -9999 -9999 -9999 -9999 -9999
