resultados/variables_proyeccion_tiempo/variables_futuro_csiro_A1B/bio12.asc
ncols 330
nrows 228
xllcorner -12.000000
yllcorner 34.000000
cellsize 0.166667
NODATA_value -9999
[rows 160 to 199 of 228, columns 182 to 272 of 330]
699 692 683 669 654 637 619 604 601 596 585 582 577 578 582 583 587 594 606 633 670 715 838 750 825 1035 941 910 819 819 755 807 807 832 791 687 665 668 676 671 695 763 774 736 693 650 613 589 571 538 512 494 467 452 440 429 420 412 405 416 410 396 389 380 361 340 320 304 302 -9999 -9999 -9999 -9999 -9999 -9999 -9999 -9999 -9999 -9999 -9999 -9999 -9999 -9999 -9999 -9999 -9999 -9999 -9999 399 400 404
719 710 700 687 669 650 633 628 629 623 607 599 591 592 599 600 596 599 618 621 703 786 884 744 818 873 742 700 641 616 616 622 635 645 619 610 604 634 638 624 646 642 624 614 595 573 558 553 550 524 492 477 463 449 438 427 416 408 401 406 417 402 389 372 350 330 312 295 -9999 -9999 -9999 -9999 -9999 -9999 -9999 -9999 -9999 -9999 -9999 -9999 -9999 -9999 -9999 -9999 -9999 -9999 -9999 -9999 -9999 -9999 -9999
747 735 722 707 689 669 648 630 624 619 612 608 604 601 602 608 613 606 610 634 687 722 712 768 728 738 676 628 612 598 609 606 609 611 604 579 613 627 616 604 617 609 587 569 562 547 534 525 513 500 489 476 459 446 434 423 414 403 396 405 425 397 377 358 340 324 312 307 -9999 -9999 -9999 -9999 -9999 -9999 -9999 -9999 -9999 -9999 -9999 -9999 -9999 -9999 -9999 -9999 -9999 -9999 -9999 -9999 -9999 -9999 -9999
778 780 761 739 716 693 673 658 646 639 630 623 626 628 609 603 601 604 625 627 691 687 750 749 654 661 638 616 608 603 593 593 603 593 591 577 594 598 597 591 583 578 571 560 549 541 533 522 511 499 488 473 457 442 431 419 410 400 396 403 417 390 366 349 336 320 -9999 -9999 -9999 -9999 -9999 -9999 -9999 -9999 -9999 -9999 -9999 -9999 -9999 -9999 -9999 -9999 -9999 -9999 -9999 -9999 -9999 -9999 -9999 -9999 -9999
797 800 800 785 755 717 717 696 677 664 649 644 650 647 638 622 608 610 626 630 664 668 699 666 661 595 599 622 614 600 581 581 582 580 578 566 578 580 576 578 575 568 560 552 545 540 536 525 514 501 488 472 454 439 424 416 409 396 397 399 387 377 354 343 -9999 -9999 -9999 -9999 -9999 -9999 -9999 -9999 -9999 -9999 -9999 -9999 -9999 -9999 -9999 -9999 -9999 -9999 -9999 -9999 -9999 -9999 -9999 -9999 -9999 -9999 448
814 810 805 795 769 772 739 722 713 690 673 662 662 657 643 630 616 621 627 665 668 688 661 661 619 587 584 599 610 607 590 569 563 570 564 559 563 567 564 566 563 558 553 545 540 536 535 524 513 502 487 472 456 439 425 413 406 393 386 385 378 356 344 -9999 -9999 -9999 -9999 -9999 -9999 -9999 -9999 -9999 -9999 -9999 -9999 -9999 -9999 -9999 -9999 -9999 -9999 -9999 -9999 -9999 -9999 -9999 -9999 -9999 -9999 -9999 -9999
838 842 829 813 797 784 780 778 751 724 705 691 695 685 656 643 624 623 638 674 680 702 672 674 621 579 578 579 589 592 582 572 558 558 558 552 548 556 555 553 552 549 546 540 536 531 527 519 508 499 488 469 454 435 419 409 401 394 391 380 367 351 -9999 -9999 -9999 -9999 -9999 -9999 -9999 -9999 -9999 -9999 -9999 -9999 -9999 -9999 -9999 -9999 -9999 -9999 -9999 -9999 -9999 -9999 -9999 -9999 -9999 -9999 -9999 -9999 -9999
871 841 858 873 854 826 805 803 805 781 772 750 720 727 689 654 648 628 633 682 756 712 661 638 607 596 578 569 569 568 565 559 560 551 557 554 546 545 551 548 545 541 539 537 533 531 525 515 504 498 492 483 463 448 430 423 424 414 406 396 382 365 -9999 -9999 -9999 -9999 -9999 -9999 -9999 -9999 -9999 -9999 -9999 -9999 -9999 -9999 -9999 -9999 -9999 -9999 -9999 -9999 -9999 -9999 -9999 -9999 -9999 -9999 -9999 -9999 -9999
878 906 890 884 881 868 856 824 815 792 779 753 724 716 688 696 667 636 618 661 720 651 615 600 612 601 583 563 562 560 559 555 555 549 554 552 546 540 546 546 542 540 534 533 528 519 515 515 514 516 510 499 484 471 455 444 438 430 418 406 397 387 -9999 -9999 -9999 -9999 -9999 -9999 -9999 -9999 -9999 -9999 -9999 -9999 -9999 -9999 -9999 -9999 -9999 -9999 -9999 -9999 -9999 -9999 -9999 -9999 -9999 -9999 -9999 -9999 -9999
916 940 915 911 907 895 878 861 843 826 802 780 758 708 693 705 674 645 615 639 655 662 653 604 632 602 592 575 568 583 576 577 563 561 547 546 542 537 536 541 535 534 529 523 516 527 536 538 539 541 531 519 508 488 472 459 453 446 436 423 414 407 -9999 -9999 -9999 -9999 -9999 -9999 -9999 -9999 -9999 -9999 -9999 -9999 -9999 -9999 -9999 -9999 -9999 -9999 -9999 -9999 -9999 -9999 -9999 -9999 -9999 -9999 -9999 -9999 -9999
988 968 964 953 947 934 918 899 889 878 855 827 835 776 760 708 655 627 619 607 618 657 642 595 646 635 607 595 590 594 591 588 581 580 574 560 558 550 551 550 543 541 535 529 544 543 543 554 551 554 557 545 528 508 488 474 471 463 452 438 431 426 -9999 -9999 -9999 -9999 -9999 -9999 -9999 -9999 -9999 -9999 -9999 -9999 -9999 -9999 -9999 -9999 -9999 -9999 -9999 -9999 -9999 -9999 -9999 -9999 -9999 -9999 -9999 -9999 -9999
1027 1021 1013 1002 993 979 962 946 931 911 897 889 857 782 798 766 673 652 684 632 589 606 610 621 613 687 693 633 603 602 608 618 607 590 574 563 557 556 568 547 539 541 533 529 542 552 566 551 557 558 565 551 525 521 503 493 492 474 458 448 444 441 -9999 -9999 -9999 -9999 -9999 -9999 -9999 -9999 -9999 -9999 -9999 -9999 -9999 -9999 -9999 -9999 -9999 -9999 -9999 -9999 -9999 -9999 -9999 -9999 -9999 -9999 -9999 -9999 -9999
1055 1050 1059 1042 1043 1025 1004 988 974 951 923 903 868 791 800 780 712 648 616 605 573 575 586 590 586 602 671 664 638 621 640 648 633 611 576 573 565 575 562 558 557 535 532 523 532 532 555 560 571 542 532 530 512 506 493 485 478 476 452 -9999 -9999 -9999 -9999 -9999 -9999 -9999 -9999 -9999 -9999 -9999 -9999 -9999 -9999 -9999 -9999 -9999 -9999 -9999 -9999 -9999 -9999 -9999 -9999 -9999 -9999 -9999 -9999 -9999 -9999 -9999 -9999
1096 1091 1081 1087 1076 1060 1045 1033 1016 980 950 914 862 827 770 778 749 652 638 611 556 542 559 589 563 556 576 602 653 665 648 649 615 601 596 573 575 591 568 582 558 562 546 528 515 516 560 579 583 559 552 542 523 505 488 475 478 471 -9999 -9999 -9999 -9999 -9999 -9999 -9999 -9999 -9999 -9999 -9999 -9999 -9999 -9999 -9999 -9999 -9999 -9999 -9999 -9999 -9999 -9999 -9999 -9999 -9999 -9999 -9999 -9999 -9999 -9999 -9999 -9999 -9999
1172 1119 1118 1135 1108 1098 1083 1071 1044 1016 974 928 899 854 774 738 708 647 634 581 539 522 518 556 555 561 549 551 569 590 609 625 592 604 598 609 624 598 573 570 544 550 553 549 555 554 573 586 603 594 581 572 557 544 531 519 486 479 -9999 -9999 -9999 -9999 -9999 -9999 -9999 -9999 -9999 -9999 -9999 -9999 -9999 -9999 -9999 -9999 -9999 -9999 -9999 -9999 -9999 -9999 -9999 -9999 -9999 -9999 -9999 -9999 -9999 -9999 -9999 -9999 -9999
1202 1184 1175 1224 1164 1114 1188 1085 1065 1030 999 967 887 813 765 714 657 639 610 577 551 547 502 555 559 526 530 529 533 530 539 568 587 612 630 646 661 621 657 679 662 600 612 597 595 591 594 603 581 568 556 555 557 536 532 510 517 500 -9999 -9999 -9999 -9999 -9999 -9999 -9999 -9999 -9999 -9999 -9999 -9999 -9999 -9999 -9999 -9999 -9999 -9999 -9999 -9999 -9999 -9999 -9999 -9999 -9999 -9999 -9999 -9999 -9999 -9999 -9999 -9999 -9999
1192 1167 1224 1223 1323 1242 1216 1088 1064 1046 1022 959 876 806 754 705 640 618 598 539 540 502 491 566 540 501 496 494 513 592 533 537 550 561 572 598 616 581 529 548 559 534 523 533 529 512 501 499 503 512 524 543 538 506 496 489 -9999 -9999 -9999 -9999 -9999 -9999 -9999 -9999 -9999 -9999 -9999 -9999 -9999 -9999 -9999 -9999 -9999 -9999 -9999 -9999 -9999 -9999 -9999 -9999 -9999 -9999 -9999 -9999 -9999 -9999 -9999 -9999 -9999 -9999 -9999
1231 1257 1270 1244 1379 1482 1316 1141 1104 1061 1030 962 875 799 740 717 639 591 543 525 483 475 500 542 497 471 476 477 480 524 535 527 520 530 519 527 514 505 500 512 523 532 524 511 484 480 493 500 504 512 532 527 508 493 488 508 499 -9999 -9999 -9999 -9999 -9999 -9999 -9999 -9999 -9999 -9999 -9999 -9999 -9999 -9999 -9999 -9999 -9999 -9999 -9999 -9999 -9999 -9999 -9999 -9999 -9999 -9999 -9999 -9999 -9999 -9999 -9999 -9999 -9999 -9999
-9999 -9999 1311 1288 1388 1508 1558 1243 1181 1134 1056 967 886 803 733 777 737 589 599 530 467 467 483 474 482 503 444 448 454 580 599 612 584 517 486 477 481 480 480 479 477 486 490 483 481 481 492 506 508 506 523 527 525 519 524 516 508 505 -9999 -9999 -9999 -9999 -9999 -9999 -9999 -9999 -9999 -9999 -9999 -9999 -9999 -9999 -9999 -9999 -9999 -9999 -9999 -9999 -9999 -9999 -9999 -9999 -9999 -9999 -9999 -9999 -9999 -9999 -9999 -9999 -9999
-9999 -9999 -9999 -9999 1343 1376 1564 1531 1235 1138 1037 967 884 859 878 840 641 563 520 495 445 443 441 479 538 497 463 455 433 552 668 650 606 573 535 513 482 492 483 467 472 469 473 472 479 484 513 532 511 514 533 543 558 564 543 533 531 534 528 -9999 -9999 -9999 -9999 -9999 -9999 -9999 -9999 -9999 -9999 -9999 -9999 -9999 -9999 -9999 -9999 -9999 -9999 -9999 -9999 -9999 -9999 -9999 -9999 -9999 -9999 -9999 -9999 -9999 -9999 -9999 802
-9999 -9999 -9999 -9999 -9999 1393 1471 1426 1279 1126 1047 979 932 934 932 699 656 586 513 452 449 436 430 421 420 428 453 455 430 501 536 504 581 583 613 619 559 629 584 557 511 508 485 478 489 486 500 535 533 521 546 549 549 582 589 571 560 533 532 -9999 -9999 -9999 -9999 -9999 -9999 -9999 -9999 -9999 -9999 -9999 -9999 -9999 -9999 -9999 -9999 -9999 -9999 -9999 -9999 -9999 -9999 -9999 -9999 -9999 -9999 -9999 796 762 750 748 733
-9999 -9999 -9999 -9999 -9999 -9999 -9999 1266 1198 1134 1032 982 916 946 889 717 714 628 716 508 439 425 414 421 472 501 463 492 477 478 666 561 546 598 609 610 579 623 624 618 558 524 508 494 496 508 499 495 504 501 517 520 519 524 546 598 602 553 544 -9999 -9999 -9999 -9999 -9999 -9999 -9999 -9999 -9999 -9999 -9999 -9999 -9999 -9999 -9999 -9999 -9999 -9999 -9999 -9999 -9999 -9999 -9999 -9999 926 870 810 788 739 721 702 673
-9999 -9999 -9999 -9999 -9999 -9999 1142 1145 1114 1060 1014 984 885 895 896 747 713 591 608 492 452 418 407 420 416 415 454 487 456 417 511 558 488 511 551 602 621 639 591 582 550 522 499 500 512 526 521 504 504 507 524 521 518 516 523 539 553 557 567 563 -9999 -9999 -9999 -9999 -9999 -9999 -9999 -9999 -9999 -9999 -9999 -9999 -9999 -9999 -9999 -9999 -9999 -9999 -9999 -9999 -9999 1025 961 926 847 752 742 722 689 670 643
-9999 -9999 -9999 -9999 -9999 -9999 1004 1044 1061 1022 989 976 909 878 860 736 684 613 511 509 479 428 413 405 409 408 413 442 434 418 422 521 495 502 502 547 524 573 606 574 538 516 509 509 527 533 520 514 520 528 541 532 525 522 520 522 524 544 588 606 610 636 -9999 -9999 -9999 -9999 -9999 -9999 -9999 -9999 -9999 -9999 -9999 -9999 -9999 -9999 -9999 -9999 -9999 986 921 829 885 807 723 763 708 691 656 651 598
-9999 -9999 -9999 -9999 -9999 -9999 -9999 965 1004 981 951 904 919 857 761 751 683 575 500 510 477 458 464 476 391 382 396 407 427 414 424 504 526 493 536 507 508 517 546 533 513 540 532 528 553 572 534 527 530 544 556 558 545 535 531 522 523 542 574 611 626 649 696 770 834 797 787 775 -9999 -9999 -9999 850 853 -9999 -9999 -9999 -9999 -9999 946 895 725 703 713 683 708 738 614 614 589 562 537
-9999 -9999 -9999 -9999 -9999 -9999 899 903 926 921 898 907 860 802 716 740 664 591 489 492 483 534 470 461 399 369 374 393 423 395 388 418 464 455 439 460 523 528 495 471 471 472 464 466 502 574 553 525 531 553 578 583 565 564 561 542 530 543 562 592 634 645 678 732 790 792 783 788 785 790 796 816 836 852 863 880 871 865 817 697 624 604 640 664 847 634 623 612 580 595 593
-9999 -9999 -9999 -9999 -9999 -9999 856 864 865 865 874 865 868 793 732 704 642 700 489 470 602 459 378 421 389 358 363 372 406 424 403 401 408 442 501 460 478 464 464 468 467 468 479 492 510 500 521 522 542 565 586 592 594 603 583 -9999 -9999 554 -9999 -9999 -9999 632 637 644 713 744 745 761 757 755 754 766 785 794 764 784 772 736 656 637 657 588 626 764 786 649 693 673 610 565 553
-9999 -9999 -9999 -9999 -9999 -9999 844 844 845 850 890 869 861 789 699 694 627 650 540 470 441 432 373 356 351 349 352 364 365 388 407 434 437 435 445 450 -9999 503 521 -9999 -9999 -9999 -9999 -9999 -9999 -9999 518 545 554 577 602 621 627 662 630 -9999 -9999 -9999 -9999 -9999 -9999 -9999 -9999 -9999 -9999 -9999 688 689 698 681 688 702 722 728 714 686 704 655 605 588 573 660 663 698 726 739 682 628 596 561 525
-9999 -9999 -9999 -9999 -9999 -9999 838 851 876 919 928 901 868 809 714 679 646 575 586 468 436 563 427 351 342 339 340 348 372 383 382 409 428 -9999 -9999 -9999 -9999 485 497 -9999 -9999 -9999 -9999 510 -9999 -9999 541 553 570 581 591 608 639 629 -9999 632 616 617 -9999 -9999 -9999 -9999 634 749 756 706 675 652 690 701 689 637 637 654 630 633 606 618 608 636 710 717 678 684 676 634 649 649 558 544 499
-9999 -9999 -9999 -9999 -9999 -9999 885 910 938 986 984 956 881 812 809 735 642 576 547 547 452 463 483 391 352 338 -9999 338 350 380 413 426 415 404 413 416 -9999 -9999 -9999 -9999 -9999 -9999 511 611 530 -9999 -9999 584 601 596 602 620 631 632 609 608 697 668 679 701 659 659 660 650 635 681 628 580 564 565 542 556 557 562 575 578 558 550 561 528 545 608 657 584 536 558 559 585 546 450 447
564 -9999 -9999 -9999 -9999 -9999 926 967 988 968 1043 1015 960 845 812 758 699 611 547 534 465 410 460 462 343 329 -9999 -9999 340 350 365 383 388 -9999 439 464 469 -9999 -9999 -9999 -9999 -9999 -9999 -9999 581 603 -9999 585 592 615 644 671 628 627 634 623 640 652 660 664 660 635 624 609 612 641 590 499 496 505 477 504 507 504 496 502 519 503 478 468 468 498 457 477 469 491 456 475 453 447 407
579 -9999 -9999 -9999 -9999 -9999 -9999 -9999 1056 1050 1135 1097 949 934 853 803 750 656 581 528 493 472 475 525 586 345 -9999 -9999 -9999 -9999 373 -9999 406 430 405 592 494 -9999 -9999 -9999 -9999 -9999 -9999 -9999 582 596 -9999 579 608 637 679 654 652 676 720 657 646 638 643 648 647 646 675 727 928 1048 625 493 573 546 433 444 440 468 461 446 456 459 424 411 402 397 393 396 437 391 432 409 426 473 391
581 -9999 -9999 -9999 -9999 -9999 954 -9999 -9999 1176 1162 1102 1038 974 871 812 780 713 628 562 535 510 437 438 450 400 359 -9999 -9999 -9999 386 392 383 423 -9999 -9999 -9999 -9999 -9999 -9999 468 468 475 -9999 -9999 -9999 516 549 619 640 655 665 697 692 670 674 646 667 648 676 698 643 706 676 766 846 910 714 690 561 498 487 472 466 465 444 462 473 465 428 402 391 374 377 373 370 365 381 421 397 363
583 -9999 -9999 -9999 -9999 -9999 -9999 -9999 1044 1088 1086 1054 1023 984 912 839 792 760 678 592 561 556 454 413 362 402 451 362 -9999 -9999 -9999 -9999 -9999 -9999 -9999 -9999 -9999 -9999 -9999 -9999 448 478 463 -9999 -9999 -9999 506 566 577 642 697 783 728 686 692 660 641 625 605 620 709 714 668 742 716 714 659 628 729 642 526 459 398 379 393 389 387 390 392 384 378 358 367 365 347 380 360 402 391 388 369
-9999 -9999 -9999 -9999 -9999 -9999 -9999 -9999 1006 1001 1066 1016 991 963 914 860 813 798 756 637 558 520 476 422 375 366 399 430 382 -9999 -9999 -9999 -9999 -9999 -9999 -9999 -9999 -9999 -9999 444 473 -9999 -9999 -9999 -9999 -9999 526 585 611 645 703 654 645 690 661 649 609 557 559 599 640 656 606 617 621 694 664 655 635 608 519 462 425 421 386 386 386 401 407 391 364 353 350 353 350 373 346 351 362 376 365
-9999 -9999 -9999 -9999 -9999 -9999 -9999 -9999 -9999 969 961 991 990 939 902 859 818 793 763 684 598 535 489 452 431 440 404 408 480 379 -9999 -9999 -9999 -9999 463 442 -9999 -9999 -9999 -9999 -9999 -9999 -9999 -9999 -9999 -9999 586 588 549 581 593 625 698 733 670 640 649 591 564 607 672 795 739 733 796 670 718 644 669 606 498 539 519 425 398 379 376 379 386 394 376 353 350 349 365 380 360 359 355 353 372
-9999 -9999 -9999 -9999 -9999 -9999 -9999 -9999 -9999 -9999 980 969 948 901 880 827 795 787 755 766 692 594 534 492 503 470 424 405 370 383 401 -9999 -9999 444 436 -9999 -9999 -9999 -9999 -9999 -9999 -9999 -9999 -9999 -9999 533 568 581 584 587 596 662 698 655 627 600 655 632 592 586 700 699 833 760 802 684 738 620 593 548 519 483 477 424 433 393 381 379 376 371 376 360 351 349 360 373 371 374 362 373 376
-9999 -9999 -9999 -9999 -9999 -9999 -9999 -9999 -9999 -9999 -9999 -9999 -9999 899 836 788 781 799 757 745 713 695 622 579 558 591 524 430 403 376 361 420 427 433 -9999 -9999 -9999 -9999 -9999 -9999 -9999 -9999 -9999 -9999 -9999 517 572 579 612 596 -9999 610 631 614 625 685 585 577 675 720 711 722 754 769 745 728 645 629 609 545 475 450 432 449 479 420 393 388 384 379 370 361 357 356 361 376 386 392 380 381 385
-9999 -9999 -9999 -9999 -9999 -9999 -9999 -9999 -9999 -9999 -9999 -9999 -9999 -9999 840 825 794 779 755 726 738 702 628 594 555 542 518 458 424 443 414 -9999 -9999 -9999 -9999 -9999 440 426 -9999 -9999 -9999 -9999 -9999 -9999 -9999 -9999 -9999 -9999 582 601 629 611 608 666 691 615 555 583 633 628 650 626 663 710 684 598 582 606 657 540 486 462 418 409 430 423 431 454 414 400 386 368 358 359 372 394 417 435 428 412 395
-9999 -9999 -9999 -9999 -9999 -9999 -9999 -9999 -9999 -9999 -9999 -9999 -9999 949 874 862 835 777 751 768 750 741 734 721 606 569 534 497 445 436 407 416 429 -9999 -9999 -9999 -9999 450 -9999 -9999 -9999 -9999 -9999 -9999 -9999 -9999 -9999 -9999 -9999 -9999 603 579 638 646 624 591 559 550 567 595 544 577 580 597 588 542 574 554 494 527 532 457 445 390 390 416 408 445 436 420 398 370 356 353 369 399 443 503 485 437 403
