resultados/variables_proyeccion_tiempo/variables_futuro_csiro_A1B/bio14.asc
ncols 330
nrows 228
xllcorner -12.000000
yllcorner 34.000000
cellsize 0.166667
NODATA_value -9999
[rows 147 to 195 of 228, columns 192 to 287 of 330]
29 29 29 29 30 31 31 31 31 31 31 32 32 33 34 34 35 35 35 36 37 37 37 37 37 37 35 36 34 34 35 33 33 31 28 26 23 22 22 21 23 22 22 22 22 21 21 21 21 21 21 21 21 21 22 22 22 23 23 23 22 22 22 22 23 23 24 23 22 23 23 22 22 22 22 22 22 22 22 22 23 24 24 24 24 24 23 23 23 24 24 24 24 24 24 24
30 30 30 30 30 31 31 31 31 30 30 31 32 32 34 34 34 34 34 35 35 35 35 35 34 33 33 33 33 34 35 35 33 32 29 29 26 23 21 21 21 22 21 22 21 21 20 21 21 21 21 21 21 21 21 21 22 23 22 22 22 22 22 22 22 23 24 23 23 23 22 23 22 21 21 21 21 21 21 21 22 22 22 22 23 23 24 24 24 24 24 24 24 24 24 24
30 30 30 30 30 30 30 30 30 30 30 30 31 32 35 35 34 34 34 33 33 32 32 31 32 31 31 31 35 36 36 37 33 32 31 26 26 24 21 20 19 20 21 22 21 20 20 20 20 21 21 21 20 20 21 21 22 22 22 22 22 21 21 22 22 23 24 23 22 22 22 22 21 21 20 19 19 19 19 19 20 20 21 21 22 22 23 23 24 24 23 24 24 23 23 24
30 30 30 30 30 30 30 30 30 30 30 31 32 33 35 35 37 35 33 32 30 30 28 29 29 29 29 30 29 30 32 31 28 30 28 28 24 24 20 19 19 19 22 21 21 21 20 20 20 20 20 21 20 20 21 21 21 21 21 21 21 21 21 22 22 23 23 23 22 21 21 20 20 19 19 18 18 17 17 18 18 18 19 19 20 21 21 22 23 23 23 23 23 23 23 23
30 30 29 30 30 30 30 31 31 31 31 31 32 31 33 40 44 38 37 34 30 29 27 28 28 28 28 27 27 27 32 35 27 29 32 30 29 28 22 19 20 20 22 21 21 19 19 20 19 20 20 20 20 20 20 20 21 21 21 21 21 21 21 22 22 23 23 22 21 20 20 19 18 17 16 16 15 15 15 15 16 17 17 18 18 19 20 21 21 22 22 22 23 23 23 23
30 29 29 30 30 30 31 31 31 31 31 32 33 36 33 37 43 41 43 42 34 30 26 26 27 27 27 26 26 27 27 32 32 30 27 30 30 30 26 22 22 21 22 22 20 20 19 19 19 19 20 20 19 20 20 20 20 21 20 20 21 21 22 22 22 23 22 20 20 19 18 18 16 15 13 12 12 12 12 13 14 15 16 16 17 18 19 20 20 20 20 20 21 21 22 23
28 28 29 29 30 30 31 32 32 32 32 32 32 34 36 36 41 38 39 39 34 30 26 26 26 26 26 26 25 25 26 27 26 34 25 29 31 29 24 24 23 23 22 22 20 20 19 19 19 18 19 19 19 19 20 20 20 21 21 21 20 21 22 22 22 -9999 -9999 -9999 -9999 17 18 16 14 12 10 10 9 9 10 11 12 13 14 15 16 17 18 18 19 19 18 18 18 19 -9999 -9999
27 28 28 28 29 30 31 32 33 33 34 34 35 34 35 34 35 36 36 38 36 29 25 26 26 26 26 25 25 24 25 25 25 28 32 26 29 32 27 24 23 23 22 22 20 20 19 19 18 18 18 18 18 19 19 19 20 20 20 20 20 20 21 22 -9999 -9999 -9999 -9999 -9999 -9999 16 14 13 11 10 9 8 8 8 9 10 12 13 14 15 16 16 17 17 17 17 -9999 -9999 -9999 -9999 -9999
28 28 28 28 29 30 30 32 33 34 34 34 34 36 35 35 34 34 35 35 32 27 26 25 25 26 25 25 26 26 25 24 24 24 27 30 27 28 30 28 25 24 23 21 21 20 20 19 18 19 18 18 18 18 18 19 19 20 20 20 20 20 20 21 -9999 -9999 -9999 -9999 -9999 -9999 -9999 -9999 -9999 12 11 9 9 9 8 8 9 11 12 13 14 14 15 16 17 -9999 16 -9999 -9999 -9999 -9999 -9999
28 28 28 28 29 30 31 32 34 35 35 35 34 34 34 34 34 32 34 31 29 28 26 26 25 26 26 26 26 26 25 24 27 24 28 27 25 29 32 29 25 24 23 22 21 20 20 19 18 18 18 17 17 18 18 18 18 19 19 19 19 20 -9999 -9999 -9999 -9999 -9999 -9999 -9999 -9999 -9999 -9999 -9999 -9999 -9999 -9999 -9999 -9999 -9999 -9999 -9999 11 12 13 14 14 14 16 16 16 -9999 -9999 -9999 -9999 -9999 -9999
28 28 28 28 29 29 31 32 33 35 35 35 35 37 40 41 37 33 33 35 38 37 38 32 27 26 26 27 27 27 27 26 26 24 25 27 29 33 35 31 26 24 23 22 21 20 20 19 18 19 18 17 17 18 17 17 18 18 18 18 19 -9999 -9999 -9999 -9999 -9999 -9999 -9999 -9999 -9999 -9999 -9999 -9999 -9999 -9999 -9999 -9999 -9999 10 9 9 11 13 13 13 14 14 16 17 17 16 -9999 -9999 -9999 -9999 -9999
29 29 29 29 30 30 31 32 33 35 36 36 35 38 39 39 36 34 36 40 44 44 45 44 40 32 39 44 46 43 41 36 30 35 34 36 34 33 33 31 27 25 23 22 21 20 20 20 19 19 18 18 17 17 17 17 17 17 17 -9999 -9999 -9999 -9999 -9999 -9999 -9999 -9999 -9999 -9999 -9999 -9999 -9999 -9999 -9999 -9999 -9999 16 14 11 10 10 12 13 15 14 14 15 16 17 17 16 16 -9999 -9999 -9999 -9999
29 29 29 30 30 31 32 32 34 36 37 37 37 35 41 45 45 46 41 39 39 46 45 39 37 33 36 39 40 42 40 40 42 42 40 38 35 32 31 28 26 25 23 22 22 20 20 19 19 18 18 18 17 17 17 16 17 16 16 -9999 -9999 -9999 -9999 -9999 -9999 -9999 -9999 -9999 -9999 -9999 -9999 -9999 -9999 -9999 -9999 18 17 15 12 11 11 12 14 15 16 16 16 17 17 17 17 17 17 -9999 18 18
30 30 30 31 31 31 32 33 34 36 38 40 44 40 42 51 46 45 41 41 38 40 39 41 39 33 32 32 32 32 33 37 38 37 35 32 30 30 28 27 26 25 24 23 22 21 20 20 19 19 19 18 17 17 17 16 16 16 16 -9999 -9999 -9999 -9999 -9999 -9999 -9999 -9999 -9999 -9999 -9999 -9999 -9999 -9999 -9999 -9999 -9999 -9999 -9999 12 12 12 13 14 16 17 17 18 18 18 18 18 19 19 20 19 19
32 32 32 32 33 33 33 33 35 36 39 43 46 39 42 44 38 36 34 33 32 32 32 32 31 31 30 32 32 31 32 32 31 31 30 30 29 29 29 28 26 25 24 23 22 21 21 20 20 20 20 19 18 17 17 16 16 16 -9999 -9999 -9999 -9999 -9999 -9999 -9999 -9999 -9999 -9999 -9999 -9999 -9999 -9999 -9999 -9999 -9999 -9999 -9999 -9999 -9999 -9999 -9999 13 15 18 19 20 21 20 21 20 21 21 21 20 20 20
33 33 32 33 33 34 34 34 35 37 39 40 39 41 39 39 36 34 33 32 33 33 32 32 32 30 32 33 32 32 32 32 31 30 30 29 29 29 28 27 27 26 24 24 23 22 21 21 20 20 21 20 19 18 17 16 16 15 -9999 -9999 -9999 -9999 -9999 -9999 -9999 -9999 -9999 -9999 -9999 -9999 -9999 -9999 -9999 -9999 -9999 -9999 -9999 -9999 -9999 -9999 -9999 14 16 19 21 22 25 25 23 22 22 21 21 -9999 -9999 -9999
34 33 32 33 34 33 34 34 36 36 39 38 41 41 36 36 35 34 33 33 32 32 33 33 32 32 33 33 33 32 32 32 31 31 30 30 30 29 28 28 27 26 25 24 24 22 22 21 21 21 22 21 19 18 17 16 -9999 -9999 -9999 -9999 -9999 -9999 -9999 -9999 -9999 -9999 -9999 -9999 -9999 -9999 -9999 -9999 -9999 -9999 -9999 -9999 -9999 -9999 -9999 -9999 -9999 15 17 19 22 25 24 20 19 -9999 20 -9999 -9999 -9999 -9999 -9999
35 34 33 34 35 35 34 35 37 37 38 38 39 38 37 33 34 35 34 33 32 32 32 32 32 32 32 33 33 32 32 32 32 31 30 30 30 29 29 28 27 26 25 25 24 23 23 21 21 21 20 19 17 16 -9999 -9999 -9999 -9999 -9999 -9999 -9999 -9999 -9999 -9999 -9999 -9999 -9999 -9999 -9999 -9999 -9999 -9999 -9999 -9999 -9999 -9999 -9999 -9999 -9999 -9999 14 15 18 20 24 26 20 -9999 -9999 -9999 -9999 -9999 -9999 -9999 -9999 -9999
35 35 36 36 36 35 34 36 37 40 39 39 38 38 35 33 33 34 34 33 33 32 31 32 32 31 32 32 32 32 32 32 32 31 30 30 30 30 29 29 28 26 26 25 24 23 22 20 19 19 18 17 15 -9999 -9999 -9999 -9999 -9999 -9999 -9999 -9999 -9999 -9999 -9999 -9999 -9999 -9999 -9999 -9999 -9999 -9999 -9999 -9999 -9999 -9999 -9999 -9999 -9999 -9999 -9999 -9999 18 19 25 23 -9999 -9999 -9999 -9999 -9999 -9999 -9999 -9999 -9999 -9999 -9999
38 38 39 38 36 36 35 36 38 40 41 41 38 39 35 33 32 32 32 32 32 32 32 32 31 31 31 32 32 32 31 32 32 31 31 30 30 30 29 29 28 27 26 25 24 22 21 19 19 18 16 14 -9999 -9999 -9999 -9999 -9999 -9999 -9999 -9999 -9999 -9999 -9999 -9999 -9999 -9999 -9999 -9999 -9999 -9999 -9999 -9999 -9999 -9999 -9999 -9999 -9999 -9999 -9999 -9999 -9999 -9999 -9999 -9999 -9999 -9999 -9999 -9999 -9999 -9999 -9999 -9999 -9999 -9999 -9999 -9999
46 44 41 41 38 36 37 36 37 42 45 42 39 38 35 34 32 32 31 31 31 31 32 31 31 31 31 31 32 32 32 32 32 31 31 31 30 29 29 28 28 28 27 26 24 22 21 20 19 18 16 14 -9999 -9999 -9999 -9999 -9999 -9999 -9999 -9999 -9999 -9999 -9999 -9999 -9999 -9999 -9999 -9999 -9999 -9999 -9999 -9999 -9999 -9999 -9999 -9999 -9999 -9999 -9999 -9999 -9999 -9999 -9999 -9999 -9999 -9999 -9999 -9999 -9999 -9999 -9999 -9999 -9999 -9999 -9999 -9999
45 44 40 40 38 39 38 37 36 40 44 40 38 36 36 35 33 31 31 30 31 31 32 32 32 32 32 32 32 33 32 32 31 31 31 30 30 30 30 30 29 29 28 26 24 23 22 20 19 17 16 14 -9999 -9999 -9999 -9999 -9999 -9999 -9999 -9999 -9999 -9999 -9999 -9999 -9999 -9999 -9999 -9999 -9999 -9999 -9999 -9999 -9999 -9999 -9999 -9999 -9999 -9999 -9999 -9999 -9999 -9999 -9999 -9999 -9999 -9999 -9999 -9999 -9999 -9999 -9999 -9999 -9999 -9999 -9999 -9999
45 46 44 39 38 40 38 37 37 40 42 41 40 38 38 35 34 32 32 32 32 33 33 33 33 33 33 33 33 32 32 32 31 31 30 30 31 31 31 31 30 29 28 26 24 22 21 20 19 18 16 14 -9999 -9999 -9999 -9999 -9999 -9999 -9999 -9999 -9999 -9999 -9999 -9999 -9999 -9999 -9999 -9999 -9999 -9999 -9999 -9999 -9999 -9999 -9999 -9999 -9999 -9999 -9999 -9999 -9999 -9999 -9999 -9999 -9999 -9999 -9999 -9999 -9999 -9999 -9999 -9999 -9999 -9999 -9999 -9999
51 50 51 46 44 41 37 36 37 38 40 42 40 38 39 38 36 34 34 34 35 35 35 35 35 34 34 34 34 33 33 32 31 30 31 31 30 32 31 31 31 30 28 26 23 22 21 20 19 18 16 14 -9999 -9999 -9999 -9999 -9999 -9999 -9999 -9999 -9999 -9999 -9999 -9999 -9999 -9999 -9999 -9999 -9999 -9999 -9999 -9999 -9999 -9999 -9999 -9999 -9999 -9999 -9999 -9999 -9999 -9999 -9999 -9999 -9999 -9999 -9999 -9999 -9999 -9999 -9999 -9999 -9999 -9999 -9999 -9999
53 54 52 46 48 46 39 39 42 40 38 40 39 39 38 41 40 37 36 36 37 38 37 36 36 35 35 34 35 33 32 32 31 29 30 30 31 29 30 30 31 29 26 25 22 21 21 19 18 18 16 15 -9999 -9999 -9999 -9999 -9999 -9999 -9999 -9999 -9999 -9999 -9999 -9999 -9999 -9999 -9999 -9999 -9999 -9999 -9999 -9999 -9999 -9999 -9999 -9999 -9999 -9999 -9999 -9999 -9999 -9999 -9999 -9999 -9999 -9999 -9999 -9999 -9999 -9999 -9999 -9999 -9999 -9999 -9999 -9999
52 52 50 44 46 46 42 37 36 37 36 37 39 38 37 37 39 38 38 38 39 40 39 38 36 36 35 35 34 34 33 30 29 26 26 26 27 28 29 26 25 24 22 21 19 19 18 18 16 -9999 -9999 -9999 -9999 -9999 -9999 -9999 -9999 -9999 -9999 -9999 -9999 -9999 -9999 -9999 -9999 -9999 -9999 -9999 -9999 -9999 -9999 -9999 -9999 -9999 -9999 -9999 -9999 -9999 -9999 -9999 -9999 -9999 -9999 -9999 -9999 -9999 -9999 -9999 -9999 -9999 -9999 -9999 -9999 -9999 -9999 -9999
51 49 46 45 42 44 43 36 37 37 33 33 36 38 36 35 36 36 37 37 37 38 38 37 36 36 36 36 34 35 32 32 28 25 22 21 25 27 27 24 24 22 20 18 16 15 16 16 -9999 -9999 -9999 -9999 -9999 -9999 -9999 -9999 -9999 -9999 -9999 -9999 -9999 -9999 -9999 -9999 -9999 -9999 -9999 -9999 -9999 -9999 -9999 -9999 -9999 -9999 -9999 -9999 -9999 -9999 -9999 -9999 -9999 -9999 -9999 -9999 -9999 -9999 -9999 -9999 -9999 -9999 -9999 -9999 -9999 -9999 -9999 -9999
49 46 47 45 40 39 38 34 35 32 30 30 30 34 34 35 34 34 34 34 34 35 35 35 35 35 35 35 34 33 28 28 27 25 24 23 24 25 26 25 24 22 20 19 18 18 15 15 -9999 -9999 -9999 -9999 -9999 -9999 -9999 -9999 -9999 -9999 -9999 -9999 -9999 -9999 -9999 -9999 -9999 -9999 -9999 -9999 -9999 -9999 -9999 -9999 -9999 -9999 -9999 -9999 -9999 -9999 -9999 -9999 -9999 -9999 -9999 -9999 -9999 -9999 -9999 -9999 -9999 -9999 -9999 -9999 -9999 -9999 -9999 -9999
49 48 39 37 37 35 32 33 32 31 30 30 27 32 32 31 32 32 32 31 31 32 33 34 34 35 35 34 35 36 36 32 32 29 27 25 24 24 21 20 18 17 17 16 16 15 16 15 -9999 -9999 -9999 -9999 -9999 -9999 -9999 -9999 -9999 -9999 -9999 -9999 -9999 -9999 -9999 -9999 -9999 -9999 -9999 -9999 -9999 -9999 -9999 -9999 -9999 -9999 -9999 -9999 -9999 -9999 -9999 -9999 -9999 -9999 -9999 -9999 -9999 -9999 -9999 -9999 -9999 -9999 -9999 -9999 -9999 -9999 -9999 -9999
50 42 34 33 34 33 30 30 30 27 28 26 25 30 29 27 28 29 30 32 30 30 31 32 33 34 34 32 28 29 28 23 20 20 18 15 13 12 12 13 13 14 14 12 12 13 -9999 -9999 -9999 -9999 -9999 -9999 -9999 -9999 -9999 -9999 -9999 -9999 -9999 -9999 -9999 -9999 -9999 -9999 -9999 -9999 -9999 -9999 -9999 -9999 -9999 -9999 -9999 -9999 -9999 -9999 -9999 -9999 -9999 -9999 -9999 -9999 -9999 -9999 -9999 -9999 -9999 -9999 -9999 -9999 -9999 -9999 -9999 -9999 -9999 -9999
41 37 32 31 31 33 29 27 25 25 23 23 24 27 24 24 26 27 28 30 30 30 30 30 29 29 27 25 24 25 24 23 20 17 13 12 12 12 12 13 14 13 11 10 11 12 11 -9999 -9999 -9999 -9999 -9999 -9999 -9999 -9999 -9999 -9999 -9999 -9999 -9999 -9999 -9999 -9999 -9999 -9999 -9999 -9999 -9999 -9999 -9999 -9999 -9999 -9999 -9999 -9999 -9999 -9999 -9999 -9999 -9999 -9999 -9999 -9999 -9999 -9999 -9999 -9999 -9999 -9999 -9999 -9999 -9999 -9999 -9999 -9999 -9999
36 34 33 30 28 36 35 27 29 26 22 22 23 23 24 26 23 24 25 30 31 31 30 28 24 22 22 22 21 20 19 18 16 14 13 12 12 13 13 12 13 13 12 12 12 11 10 9 -9999 -9999 -9999 -9999 -9999 -9999 -9999 -9999 -9999 -9999 -9999 -9999 -9999 -9999 -9999 -9999 -9999 -9999 -9999 -9999 -9999 -9999 -9999 -9999 -9999 -9999 -9999 -9999 -9999 -9999 -9999 -9999 -9999 -9999 -9999 -9999 -9999 -9999 -9999 -9999 -9999 -9999 -9999 -9999 -9999 -9999 -9999 -9999
38 34 32 34 40 39 27 24 23 23 21 21 22 24 27 25 24 24 22 29 31 31 32 32 28 25 21 22 21 18 17 15 14 12 12 12 14 15 13 13 14 14 15 15 12 11 10 9 9 -9999 -9999 -9999 -9999 -9999 -9999 -9999 -9999 -9999 -9999 -9999 -9999 -9999 -9999 -9999 -9999 -9999 -9999 -9999 -9999 -9999 -9999 -9999 -9999 -9999 -9999 -9999 -9999 -9999 -9999 -9999 35 -9999 -9999 -9999 -9999 -9999 -9999 -9999 -9999 24 22 21 -9999 -9999 -9999 -9999
36 37 36 40 44 27 26 24 22 19 21 22 22 22 21 22 23 23 21 26 28 26 31 32 32 33 28 34 30 25 19 17 14 12 11 10 12 15 15 14 15 15 14 16 14 12 10 8 8 -9999 -9999 -9999 -9999 -9999 -9999 -9999 -9999 -9999 -9999 -9999 -9999 -9999 -9999 -9999 -9999 -9999 -9999 -9999 -9999 -9999 -9999 -9999 -9999 -9999 -9999 -9999 28 24 25 27 26 28 29 26 30 29 28 26 24 22 21 -9999 -9999 -9999 -9999 -9999
36 38 33 41 37 27 30 27 35 24 21 21 21 22 25 26 23 24 24 24 30 27 28 31 32 32 29 32 31 29 22 16 14 11 11 11 10 10 12 12 13 13 12 12 11 12 11 7 7 -9999 -9999 -9999 -9999 -9999 -9999 -9999 -9999 -9999 -9999 -9999 -9999 -9999 -9999 -9999 -9999 -9999 -9999 -9999 -9999 -9999 -9999 -9999 -9999 48 42 30 18 16 18 20 20 18 17 16 16 17 17 17 16 15 14 15 16 -9999 -9999 20
31 38 30 35 38 30 30 25 28 23 22 20 20 22 21 21 22 24 22 19 24 27 22 23 26 30 31 31 25 23 19 14 11 10 10 11 11 10 10 11 12 11 10 9 9 9 8 8 8 7 -9999 -9999 -9999 -9999 -9999 -9999 -9999 -9999 -9999 -9999 -9999 -9999 -9999 -9999 -9999 -9999 -9999 -9999 -9999 -9999 -9999 49 46 46 40 25 16 14 16 17 17 16 16 16 16 18 17 17 16 14 11 12 12 14 19 20
37 39 34 35 36 30 29 28 23 25 24 20 19 19 19 19 19 21 20 18 18 24 21 20 19 22 18 22 25 20 15 12 10 9 10 10 9 9 9 10 10 9 8 8 8 8 7 8 9 10 10 11 -9999 -9999 -9999 -9999 -9999 -9999 -9999 -9999 -9999 -9999 -9999 -9999 -9999 -9999 -9999 -9999 -9999 45 37 30 39 36 26 21 17 16 17 17 17 17 17 17 17 16 15 14 16 15 14 11 10 10 14 15
34 31 38 36 31 33 31 26 23 25 23 22 22 23 17 16 18 19 18 16 17 22 22 18 20 16 14 14 16 14 11 12 10 9 10 12 9 8 8 8 8 9 8 8 8 8 7 7 8 9 9 11 13 16 19 18 21 23 -9999 -9999 -9999 36 37 -9999 -9999 -9999 -9999 -9999 47 38 20 19 22 20 21 20 17 17 18 18 18 17 16 16 16 15 14 13 13 13 12 13 12 11 9 9
26 34 34 33 30 34 31 28 22 23 23 25 21 21 18 15 15 17 18 14 12 13 15 12 8 8 15 14 9 6 5 4 2 2 4 10 8 6 6 7 8 8 8 8 8 6 5 4 5 6 8 9 11 13 16 17 19 23 25 27 28 30 32 34 36 41 43 44 37 21 11 13 11 15 21 17 17 18 17 18 17 18 18 18 15 14 14 13 12 11 11 11 10 9 8 7
25 29 35 33 32 33 31 34 22 21 28 20 14 18 17 13 14 15 16 16 13 10 9 9 14 7 8 6 6 5 4 2 2 2 3 3 5 5 6 6 6 6 7 8 7 -9999 -9999 2 -9999 -9999 -9999 8 8 9 12 15 16 19 19 20 20 22 24 26 24 29 31 30 22 15 14 12 13 18 19 16 18 18 17 16 16 15 14 14 13 13 11 10 10 10 10 9 9 7 7 7
26 25 32 32 29 31 29 31 25 20 18 19 13 11 12 13 13 14 12 13 12 13 11 8 7 6 -9999 8 10 -9999 -9999 -9999 -9999 -9999 -9999 -9999 3 4 4 4 5 6 7 10 8 -9999 -9999 -9999 -9999 -9999 -9999 -9999 -9999 -9999 -9999 -9999 13 13 14 13 14 15 18 20 20 17 22 21 16 15 15 17 16 16 17 17 16 15 15 14 14 13 12 11 11 10 9 9 8 8 8 8 6 6 5 7
22 27 31 31 28 29 28 26 26 19 17 24 16 10 10 11 11 12 13 12 9 10 9 -9999 -9999 -9999 -9999 6 7 -9999 -9999 -9999 -9999 3 -9999 -9999 2 2 3 4 3 4 7 6 -9999 4 3 2 -9999 -9999 -9999 -9999 9 14 15 13 13 11 12 11 9 9 10 11 11 11 11 13 13 16 19 19 17 16 16 14 15 15 13 13 12 10 10 9 9 8 8 8 7 7 7 6 6 5 5 6
22 21 24 27 32 30 26 23 23 23 17 17 17 12 11 10 -9999 11 10 10 11 10 7 5 4 3 -9999 -9999 -9999 -9999 -9999 -9999 2 5 2 -9999 -9999 1 1 2 3 4 5 6 6 4 6 5 6 8 8 9 10 11 10 12 10 9 8 8 8 8 8 8 9 9 10 11 12 12 13 15 16 13 11 12 12 13 12 10 10 9 8 8 8 7 7 6 6 6 5 6 5 4 6 6
20 20 21 25 29 27 27 23 19 20 16 11 14 14 8 8 -9999 -9999 8 7 7 6 5 -9999 5 5 5 -9999 -9999 -9999 -9999 -9999 -9999 -9999 1 1 -9999 1 1 2 4 6 5 5 7 7 6 6 6 7 8 9 9 10 10 10 9 7 7 7 7 7 7 8 8 9 9 10 10 9 9 10 9 10 9 10 9 10 9 9 8 8 7 6 6 6 6 5 5 5 5 5 4 5 5 4
19 20 25 20 21 28 28 24 18 16 15 14 14 17 21 8 -9999 -9999 -9999 -9999 6 -9999 6 6 3 13 6 -9999 -9999 -9999 -9999 -9999 -9999 -9999 1 1 -9999 1 2 3 6 4 5 7 8 7 6 6 5 6 7 9 10 12 17 22 8 6 7 7 5 6 7 8 8 9 9 9 9 8 7 6 7 7 8 8 8 8 8 9 7 6 6 6 6 5 5 5 5 4 5 5 4 4 5 6
11 18 18 18 26 27 28 25 19 15 15 15 10 11 13 11 8 -9999 -9999 -9999 7 6 5 5 -9999 -9999 -9999 -9999 -9999 -9999 2 1 0 -9999 -9999 -9999 2 1 4 5 4 5 6 6 6 6 6 6 4 6 8 7 10 9 11 13 15 10 10 6 5 6 6 7 7 7 8 9 9 8 6 6 6 7 7 7 7 7 7 7 6 6 5 5 5 5 5 5 5 5 4 4 5 4 4 4
9 18 17 15 20 21 25 26 20 12 14 16 9 9 7 10 12 7 -9999 -9999 -9999 -9999 -9999 -9999 -9999 -9999 -9999 -9999 -9999 -9999 2 2 1 -9999 -9999 -9999 2 4 4 5 6 10 7 6 6 6 5 4 2 3 7 9 8 10 9 8 7 6 10 8 6 5 4 4 5 6 6 7 7 6 6 6 6 6 6 7 6 6 6 6 5 5 5 4 5 4 5 5 5 5 4 4 4 5 4 5
9 10 13 16 19 18 22 26 24 14 8 8 9 8 7 6 8 9 7 -9999 -9999 -9999 -9999 -9999 -9999 -9999 -9999 -9999 -9999 3 4 -9999 -9999 -9999 -9999 -9999 3 5 5 5 7 4 3 5 5 5 4 1 1 2 5 6 6 6 6 7 7 7 7 8 6 6 5 6 6 6 7 7 7 7 6 5 6 6 6 6 5 5 5 5 4 4 4 4 5 5 5 5 5 5 4 4 4 5 6 6
7 10 12 17 17 18 18 22 21 14 8 7 6 7 7 7 6 7 12 7 -9999 -9999 -9999 -9999 6 5 -9999 -9999 -9999 -9999 -9999 -9999 -9999 -9999 -9999 -9999 5 5 2 1 1 2 5 7 5 4 5 3 1 3 5 10 8 8 11 7 9 7 9 9 6 9 10 7 7 7 7 7 7 7 6 6 5 5 6 5 5 4 4 4 4 4 4 4 4 4 4 4 4 5 5 4 4 5 6 7
