resultados/variables_proyeccion_tiempo/variables_futuro_csiro_A1B/bio16.asc
ncols 330
nrows 228
xllcorner -12.000000
yllcorner 34.000000
cellsize 0.166667
NODATA_value -9999
[rows 120 to 159 of 228, columns 184 to 275 of 330]
194 197 200 204 207 209 211 213 212 211 214 215 213 209 207 206 209 213 217 220 221 220 219 217 216 217 217 213 210 207 211 216 218 222 225 227 229 231 233 234 234 235 236 238 240 241 243 245 246 247 246 245 244 244 244 244 244 244 242 244 243 243 242 242 240 237 235 234 233 231 229 228 224 221 219 217 214 211 208 206 205 205 204 203 203 201 198 196 195 196 198 198
195 199 204 209 214 220 220 220 219 218 218 219 216 214 212 212 212 216 221 223 224 223 221 218 216 214 212 208 205 204 209 214 218 223 226 229 231 233 234 234 235 236 237 239 242 244 247 249 250 250 250 249 248 248 248 249 249 248 247 246 244 244 244 243 240 238 235 234 233 230 228 226 225 225 222 218 216 213 210 209 207 206 206 205 204 204 200 198 199 199 200 200
198 204 208 214 219 222 222 223 223 223 222 221 221 219 217 218 218 218 221 222 224 222 220 220 217 213 211 208 203 201 208 213 219 224 228 231 233 235 236 236 236 237 238 240 242 246 250 252 254 253 253 253 252 252 252 252 252 251 251 249 247 245 244 242 240 237 235 232 231 229 227 224 225 224 222 220 217 214 212 211 210 207 206 204 202 200 199 199 201 201 202 200
202 205 211 218 223 225 225 227 230 229 231 230 226 226 226 225 226 226 226 225 226 226 225 224 220 216 213 209 205 206 210 215 223 228 232 234 236 237 237 237 237 238 239 241 245 248 251 254 257 257 257 257 256 256 257 256 256 258 256 253 250 247 244 241 239 236 233 230 228 226 223 219 219 220 220 218 216 213 212 210 208 206 205 204 202 200 199 198 198 200 200 201
207 211 215 220 226 228 231 232 234 237 240 246 241 235 233 230 229 229 228 228 232 232 230 227 225 221 217 215 212 213 215 222 227 231 235 238 239 239 238 237 237 238 238 240 243 246 251 256 259 261 262 261 260 259 259 258 258 258 256 254 249 245 241 237 234 232 229 227 225 222 219 217 217 217 217 218 216 213 212 210 208 206 206 204 202 200 198 197 197 197 197 199
215 218 221 224 229 236 238 241 244 246 249 253 255 247 242 238 236 234 232 234 234 237 234 234 233 228 224 225 224 222 224 228 231 235 239 241 242 242 239 237 236 235 237 238 242 246 252 257 260 263 265 264 263 262 262 260 259 257 257 253 249 245 241 236 234 231 228 225 222 220 217 216 216 216 217 217 215 213 210 209 208 205 205 204 202 200 198 197 197 197 197 198
224 226 226 230 233 239 242 246 250 253 257 258 261 260 253 248 241 238 237 238 239 242 242 240 240 238 235 234 234 236 233 235 237 241 244 246 245 243 241 238 236 235 236 238 240 245 251 258 262 264 268 268 266 265 262 261 260 259 256 253 249 245 241 236 233 230 227 224 221 220 218 217 218 217 216 214 213 211 209 207 206 205 204 203 201 199 198 196 196 196 195 196
235 237 235 240 246 247 251 257 258 259 259 261 261 263 262 258 250 244 241 236 240 243 245 246 245 241 241 241 241 241 240 241 244 247 247 248 249 247 244 239 237 235 235 236 237 243 251 258 265 268 271 269 268 267 264 262 260 259 256 252 248 244 239 235 232 228 227 224 222 219 217 218 218 217 214 211 210 208 206 204 203 202 202 200 199 197 195 195 192 192 193 193
244 246 247 251 263 266 266 267 269 267 264 265 266 262 259 256 250 243 239 240 240 242 243 245 245 248 251 251 250 248 247 250 249 249 252 252 251 249 246 242 236 236 236 233 237 242 253 258 266 272 273 272 270 268 266 264 261 259 255 252 248 244 240 236 232 230 228 224 223 219 219 215 216 214 210 207 205 202 200 199 198 197 196 195 193 193 192 191 190 190 189 190
258 258 259 263 273 284 289 283 282 279 276 270 270 267 260 255 250 247 247 247 246 244 246 248 249 248 251 256 257 254 253 254 255 254 255 255 253 250 246 242 241 238 235 240 241 246 252 259 269 273 276 275 273 270 266 265 261 258 255 252 248 244 240 236 234 232 229 227 223 220 219 213 213 210 205 202 200 198 195 194 194 192 191 190 190 190 189 187 185 186 184 185
269 273 272 274 284 299 307 294 285 282 280 278 272 269 267 263 259 258 257 256 255 253 250 250 254 255 253 257 264 260 259 259 260 259 258 258 254 251 248 245 243 240 238 243 246 249 254 261 270 277 282 279 275 271 267 265 262 257 254 251 247 243 239 236 234 231 229 226 223 221 218 212 209 206 203 199 195 192 190 190 189 189 188 186 186 186 185 182 180 181 178 178
289 289 286 285 290 293 288 284 284 284 283 282 282 281 282 276 270 270 267 263 260 258 256 256 256 257 258 260 265 274 270 268 268 266 263 261 258 255 252 250 249 246 248 249 248 254 260 266 272 280 286 283 277 272 268 266 260 256 252 249 246 243 239 236 233 230 227 225 223 220 215 212 208 205 201 198 195 192 191 190 189 188 186 184 184 184 181 178 177 174 172 173
303 305 308 307 305 304 294 302 303 297 304 299 296 297 298 291 285 287 281 276 274 275 270 268 265 261 262 264 268 275 280 282 275 272 269 266 263 265 265 263 260 254 254 252 253 256 261 269 275 280 283 282 278 273 267 264 260 256 251 247 245 241 238 235 232 228 227 224 221 217 215 211 209 208 206 204 200 196 193 192 192 190 188 185 183 181 178 176 171 167 167 167
332 359 367 355 369 339 345 353 349 342 335 317 317 312 306 297 287 286 287 285 284 278 276 279 275 268 270 271 274 278 282 285 287 281 279 278 279 275 273 269 263 262 259 259 261 264 268 272 276 280 281 281 278 273 268 263 259 255 252 247 244 241 238 234 232 230 226 222 221 217 214 210 207 206 205 205 203 197 195 193 193 190 189 187 182 178 176 171 167 165 164 165
364 390 391 409 412 418 392 376 396 387 347 320 326 327 325 324 312 302 297 290 284 284 293 297 285 280 280 279 279 281 283 285 292 289 288 284 285 281 278 273 268 264 263 266 264 267 270 275 278 282 284 282 280 274 267 262 256 251 247 245 243 241 238 235 234 233 229 225 224 222 220 214 210 208 207 207 202 197 194 193 191 190 189 186 181 176 173 169 166 164 162 161
364 387 402 418 401 385 393 399 382 360 338 362 344 351 336 329 313 313 315 320 306 296 293 304 307 304 295 291 286 284 285 285 286 285 287 288 288 286 284 279 272 269 266 268 270 270 274 278 281 282 282 281 277 273 268 263 257 249 242 239 238 240 241 239 238 234 232 232 230 227 224 221 216 212 207 205 201 197 195 193 190 187 187 185 180 176 172 169 166 163 160 158
336 365 409 390 384 417 474 484 485 435 339 344 341 332 334 306 294 287 297 302 314 326 317 317 318 314 321 317 312 297 291 291 290 289 290 287 287 289 287 285 279 275 273 273 273 276 277 280 283 283 283 280 278 275 270 264 256 249 240 238 238 238 240 241 240 238 237 235 234 231 227 224 219 213 210 205 200 198 192 190 191 188 185 182 178 174 171 168 165 161 158 158
366 337 359 375 366 365 395 405 426 331 298 331 324 319 300 292 288 279 279 285 290 310 325 332 341 329 324 341 325 312 307 299 301 297 292 293 288 287 288 287 283 282 280 277 276 277 283 281 284 283 279 279 278 274 270 264 258 249 241 237 239 239 238 238 238 239 238 236 234 233 228 223 217 210 206 203 199 195 193 190 192 191 189 184 178 175 171 167 162 159 157 157
317 326 386 383 404 426 397 389 405 351 307 290 300 301 295 274 310 275 265 272 296 301 287 307 324 342 332 338 331 341 333 316 307 303 306 300 292 290 287 285 287 287 282 282 282 280 281 281 284 282 277 277 275 272 269 266 258 252 245 239 236 235 236 238 234 234 235 234 234 232 226 218 211 206 202 199 196 194 192 190 190 187 187 186 182 177 173 167 164 160 157 155
306 339 314 293 332 322 332 336 302 308 279 300 299 297 291 265 268 282 254 255 258 275 297 293 312 322 318 333 332 346 353 357 337 320 309 301 296 290 289 284 286 285 286 283 282 279 279 277 281 279 274 273 270 269 266 262 256 249 245 240 234 232 229 229 229 230 229 229 230 226 219 213 205 198 194 191 188 187 186 185 185 184 184 183 179 174 169 168 165 162 159 156
269 272 254 257 290 314 293 271 250 239 246 254 256 248 245 246 269 251 245 248 250 255 266 283 297 296 303 332 325 337 359 378 369 348 334 315 305 296 290 286 285 284 283 281 277 277 274 271 270 272 268 266 263 263 261 257 249 244 240 235 232 229 225 223 221 220 220 219 219 216 209 203 195 192 188 185 183 181 180 179 176 175 177 176 173 170 165 163 163 162 159 157
257 267 252 285 266 238 224 227 226 220 227 228 228 233 236 246 260 244 241 241 243 246 249 252 259 278 300 286 322 325 355 366 368 365 366 338 327 306 294 286 280 279 277 280 282 277 271 267 266 267 267 264 261 256 253 248 240 235 230 227 224 222 218 216 214 212 209 208 207 202 198 192 185 180 177 176 174 172 172 171 170 168 167 168 167 165 162 159 158 157 156 154
219 222 228 235 215 211 214 221 214 211 217 218 215 221 224 237 234 229 232 234 237 239 241 244 248 252 259 280 279 307 325 335 368 365 347 358 359 333 311 299 291 286 283 275 268 264 263 261 259 258 258 256 253 249 244 241 231 223 219 216 215 214 212 208 206 205 202 198 195 190 186 182 176 170 168 167 165 166 165 164 161 161 159 160 162 160 158 156 154 153 151 151
202 204 207 201 202 205 210 217 211 216 240 242 215 211 215 216 221 224 226 228 231 234 236 237 240 244 254 278 274 282 292 305 329 336 359 381 348 332 327 326 307 288 283 279 275 267 262 258 255 253 249 247 244 240 234 229 224 221 210 204 205 207 205 204 201 197 195 191 186 182 178 172 166 163 161 159 161 160 160 159 155 153 153 155 156 154 152 152 151 148 148 148
194 223 207 204 202 208 211 227 213 203 209 209 205 204 207 210 215 219 222 226 230 231 231 233 235 238 246 259 279 314 308 288 305 334 360 367 367 353 341 333 323 302 286 278 274 266 258 253 251 247 243 237 237 231 226 221 216 212 211 208 201 199 197 198 197 193 189 186 181 176 171 166 161 158 154 155 154 151 152 151 150 149 147 148 149 150 147 147 147 146 144 144
194 206 195 196 197 192 194 194 191 193 194 195 197 200 204 206 210 216 220 224 227 228 228 231 232 234 243 255 285 304 325 308 301 297 315 341 354 370 357 342 327 318 303 276 268 267 260 253 247 243 237 227 225 222 218 214 210 208 202 204 199 194 191 191 190 190 185 181 177 172 168 163 158 154 150 147 148 146 145 145 144 144 144 145 145 145 144 143 144 143 140 139
192 202 189 195 195 188 186 186 186 188 189 192 195 198 200 203 208 212 215 220 222 225 227 229 232 240 255 257 259 270 287 305 315 322 317 360 361 370 350 339 324 305 298 283 266 259 257 253 251 236 230 222 215 212 210 208 202 199 192 189 191 191 186 185 186 186 181 178 172 167 163 159 154 152 148 142 142 144 141 142 140 141 140 142 141 140 140 139 140 139 138 135
186 190 186 186 190 188 185 184 184 186 188 191 193 196 199 201 204 206 210 216 219 224 231 238 240 244 249 251 268 273 282 283 289 304 299 327 318 324 339 328 332 321 301 289 268 257 256 250 253 237 225 216 212 206 204 203 202 198 194 186 182 184 180 179 181 180 177 175 169 165 160 154 152 147 144 141 139 139 138 140 139 137 138 138 137 136 136 136 135 136 135 132
181 182 182 182 185 187 184 182 183 184 187 189 192 194 196 199 202 205 208 214 220 227 237 239 244 245 250 254 262 264 267 271 267 269 276 285 304 326 338 341 331 328 309 304 286 263 248 245 239 234 219 212 206 202 197 197 202 198 188 186 184 180 175 176 176 179 172 172 167 162 157 152 146 143 142 140 138 137 135 136 136 134 135 135 134 132 132 131 132 132 131 129
180 180 180 181 182 184 183 182 182 183 185 187 189 192 195 198 202 205 209 217 225 232 254 267 263 263 263 252 261 263 261 256 267 264 266 276 321 340 344 358 325 322 319 282 284 270 248 239 232 226 219 213 209 202 198 188 190 194 193 183 176 173 172 170 170 173 171 168 164 157 151 148 144 139 136 134 134 133 133 132 132 131 131 131 130 128 129 129 128 127 126 127
181 180 179 179 181 182 181 181 180 181 183 185 188 190 193 197 201 205 211 221 230 245 272 274 290 282 266 263 264 262 251 257 260 263 263 273 278 294 315 314 292 309 297 292 266 264 240 236 231 218 221 213 206 205 199 197 181 182 184 181 174 170 169 168 167 165 166 163 162 154 146 142 139 135 130 130 129 128 128 128 128 128 127 128 126 125 124 124 124 124 125 125
182 180 178 178 179 179 178 178 178 179 182 184 187 190 193 196 200 206 211 218 226 231 250 321 362 315 312 292 269 268 256 255 257 261 262 264 264 277 317 334 285 293 316 296 291 283 250 227 228 216 219 214 205 195 192 191 182 176 179 176 174 169 167 168 165 160 158 157 157 151 141 135 132 131 129 128 126 125 125 124 124 122 122 122 122 120 119 119 120 121 121 121
180 177 176 177 178 177 176 175 176 177 179 182 186 189 192 195 200 205 211 218 244 278 249 294 360 350 365 359 302 279 257 252 255 258 262 260 264 273 282 312 311 297 277 297 298 294 271 237 231 214 218 214 203 198 187 185 180 170 173 172 167 168 167 163 164 163 157 151 147 144 137 131 130 131 130 129 128 129 126 124 121 118 117 116 115 115 115 115 117 117 118 118
181 178 176 178 178 177 175 173 172 173 177 181 186 189 191 195 201 206 212 220 227 256 274 287 343 324 330 333 299 281 255 252 258 257 260 260 265 268 272 280 276 322 266 290 302 285 254 244 231 218 213 206 201 194 184 180 172 168 171 167 166 162 164 161 163 159 158 153 142 135 131 133 134 -9999 -9999 -9999 -9999 136 131 126 123 119 118 117 116 115 114 113 114 115 116 118
183 181 182 179 178 177 175 171 170 173 176 181 185 189 192 197 202 210 235 234 251 251 262 253 278 292 305 327 317 273 250 257 258 260 264 265 265 266 270 266 267 282 306 268 286 304 269 240 223 220 204 200 193 186 180 176 166 167 168 162 161 160 158 155 157 155 152 147 141 131 129 132 -9999 -9999 -9999 -9999 -9999 -9999 134 130 127 123 121 119 119 116 114 113 113 115 117 118
188 184 182 181 180 178 175 174 172 174 177 182 186 190 194 199 206 215 228 236 242 258 259 271 264 276 287 290 284 252 258 260 264 265 269 273 273 275 271 261 264 259 274 287 272 270 285 266 236 226 205 192 184 180 180 174 162 166 165 157 155 156 153 149 149 150 147 140 133 128 126 130 -9999 -9999 -9999 -9999 -9999 -9999 -9999 -9999 -9999 126 124 123 120 120 116 112 115 118 121 122
191 188 186 186 183 181 178 177 176 178 180 183 186 190 195 202 208 219 227 232 235 240 250 254 262 251 268 254 258 264 262 269 270 274 272 272 275 273 268 264 285 264 278 269 255 276 306 277 236 223 201 186 178 176 176 166 158 159 157 151 153 150 145 142 141 139 137 131 125 122 -9999 -9999 -9999 -9999 -9999 -9999 -9999 -9999 -9999 -9999 -9999 -9999 -9999 -9999 -9999 -9999 -9999 -9999 -9999 125 126 128
197 194 192 189 188 185 182 181 180 182 184 185 188 191 196 200 206 213 220 227 242 267 309 323 289 254 257 286 321 323 336 307 279 268 266 272 275 273 276 277 276 260 261 270 272 304 322 292 245 222 196 179 172 167 165 162 152 155 151 147 146 142 138 133 131 129 124 121 120 -9999 -9999 -9999 -9999 -9999 -9999 -9999 -9999 -9999 -9999 -9999 -9999 -9999 -9999 -9999 -9999 -9999 128 126 127 131 135 140
201 199 197 193 190 187 185 184 184 186 187 188 191 194 198 203 210 220 231 235 239 287 302 311 290 265 284 329 376 374 395 382 348 299 340 370 388 368 358 333 296 320 311 322 306 302 302 286 248 216 194 176 167 161 158 156 146 148 145 141 140 135 130 124 119 116 114 -9999 -9999 -9999 -9999 -9999 -9999 -9999 -9999 -9999 -9999 -9999 -9999 -9999 -9999 -9999 -9999 -9999 141 138 134 132 134 140 148 158
206 203 200 197 194 190 188 188 188 189 190 192 195 198 201 207 214 223 240 249 258 252 321 371 378 386 335 315 326 393 390 342 324 294 313 334 343 361 343 347 370 355 345 330 310 276 265 242 224 211 187 174 165 158 152 147 141 139 138 135 134 129 121 115 108 102 99 -9999 -9999 -9999 -9999 -9999 -9999 -9999 -9999 -9999 -9999 -9999 -9999 -9999 -9999 -9999 -9999 148 147 143 137 136 139 146 155 170
