resultados/variables_proyeccion_tiempo/variables_futuro_csiro_A1B/bio14.asc
ncols 330
nrows 228
xllcorner -12.000000
yllcorner 34.000000
cellsize 0.166667
NODATA_value -9999
[rows 147 to 195 of 228, columns 96 to 191 of 330]
52 51 52 54 59 59 55 55 58 60 63 66 66 67 68 69 67 66 61 63 56 58 62 61 60 60 64 64 63 65 62 62 66 67 69 67 64 61 65 64 62 61 61 55 67 62 56 52 54 59 63 69 71 77 83 80 86 92 91 86 84 87 83 78 71 61 48 45 47 50 44 42 36 35 33 29 28 30 31 30 29 28 29 29 29 30 31 31 32 34 33 32 32 31 30 30
59 56 53 55 58 57 54 56 59 63 64 66 71 73 76 77 76 78 78 73 69 64 56 58 63 64 63 68 62 65 73 76 78 67 69 71 69 72 68 67 58 57 62 55 53 57 66 56 67 66 64 67 72 72 76 80 88 90 90 90 86 80 73 67 56 51 58 43 43 40 36 34 32 31 30 27 28 30 31 30 29 30 31 31 30 29 30 31 31 32 32 32 31 32 31 30
60 54 53 56 58 54 55 57 60 64 66 70 77 80 85 86 88 83 72 55 55 55 64 69 64 63 65 79 87 89 84 91 76 77 81 66 72 75 67 61 64 68 87 66 55 72 66 70 80 83 83 80 87 81 79 84 84 80 78 78 73 68 62 70 59 62 43 37 34 33 33 34 33 32 30 29 29 31 32 32 32 32 30 29 28 29 29 30 31 32 32 32 32 32 31 31
56 53 57 56 54 54 56 58 61 65 71 80 87 88 93 92 74 55 54 54 57 60 66 81 88 79 94 89 101 113 101 104 92 67 69 74 83 82 67 69 93 84 78 72 46 60 70 51 73 76 71 64 73 64 69 70 71 70 72 73 67 59 51 63 55 56 54 37 33 33 35 36 35 34 33 32 32 32 33 35 33 32 30 29 28 29 29 30 30 31 32 32 32 32 31 31
52 54 54 55 54 55 57 59 61 67 76 81 90 92 90 68 64 61 62 72 80 61 77 86 96 106 123 113 118 116 99 82 69 77 81 94 81 72 73 56 87 81 67 43 48 42 44 38 45 49 54 54 55 56 61 62 65 68 68 67 58 52 43 51 48 51 56 40 38 38 39 38 37 36 35 34 34 34 34 35 35 32 31 30 28 28 29 30 30 31 31 31 32 32 31 30
51 52 55 54 55 55 57 59 62 71 75 86 93 96 75 67 69 72 74 91 89 92 98 109 131 122 128 113 118 103 116 104 92 80 94 81 81 70 66 58 51 46 39 36 38 38 56 48 52 52 48 49 53 55 57 61 64 69 67 63 56 48 49 48 51 50 51 50 49 46 44 42 40 40 39 38 38 37 37 37 36 34 32 30 29 28 29 30 31 31 31 32 32 32 31 30
49 52 55 56 57 54 57 59 66 71 75 84 90 71 64 63 68 68 84 86 101 106 117 125 111 114 117 99 102 81 99 89 83 87 90 92 77 71 59 87 62 43 35 35 33 41 49 48 45 42 44 48 50 56 62 64 64 64 65 66 64 64 64 64 62 60 55 59 58 51 49 47 45 44 43 41 40 40 40 39 37 35 33 31 30 29 29 31 32 32 32 32 32 30 30 29
50 52 59 59 52 52 56 59 65 70 80 83 68 66 77 84 91 71 82 78 72 83 91 92 104 94 95 80 71 76 71 68 59 70 68 61 52 44 50 59 42 38 39 35 33 38 40 43 40 44 46 49 56 63 70 70 71 73 68 69 70 67 65 66 66 64 61 59 57 54 54 51 50 47 46 45 43 42 42 41 39 36 34 32 30 30 30 31 33 33 33 32 31 30 29 28
44 51 59 54 48 52 57 60 65 76 76 70 72 74 74 74 81 99 69 88 105 117 114 120 106 67 78 66 63 66 63 63 56 56 54 54 49 42 49 55 36 41 41 37 35 39 41 46 52 50 49 62 71 72 72 72 71 74 75 74 74 72 70 69 69 69 68 63 63 59 54 52 51 49 48 47 46 45 44 43 41 39 37 34 33 32 33 34 34 33 32 31 30 30 29 28
44 50 55 50 48 52 56 58 66 74 68 66 67 77 86 82 82 106 104 106 111 110 114 109 83 73 59 59 63 67 63 62 55 50 50 46 45 44 42 40 38 42 41 35 37 37 43 51 54 61 65 69 69 67 64 64 62 64 69 72 76 75 75 75 75 71 68 65 61 59 56 57 54 51 50 49 47 46 45 43 41 40 39 38 37 36 37 36 34 33 32 31 31 30 29 28
41 45 54 54 49 50 55 58 59 63 60 62 72 77 74 82 102 97 90 70 78 73 87 89 72 55 55 58 64 67 66 65 63 59 54 51 50 45 44 43 43 40 38 42 49 51 54 55 56 57 61 63 63 62 61 59 57 57 65 70 76 76 76 77 77 74 70 67 66 63 58 55 53 51 50 49 48 45 44 42 42 40 39 38 38 37 37 36 35 34 32 32 31 30 29 29
41 42 53 55 52 54 57 59 60 58 64 60 68 63 75 85 82 96 101 104 104 97 67 66 47 48 51 55 60 63 62 62 63 61 56 54 54 52 51 50 48 46 44 49 53 53 53 52 52 52 54 56 57 58 58 -9999 -9999 56 56 69 74 74 71 74 73 70 69 62 61 58 57 55 53 51 49 48 48 45 43 43 46 44 41 39 38 37 37 36 35 34 33 32 31 30 29 29
44 44 53 61 53 55 58 60 61 60 65 67 60 72 87 79 98 101 107 95 78 60 44 41 42 45 49 52 55 57 56 55 58 59 56 55 55 56 54 51 49 46 47 50 52 51 50 50 49 49 48 52 -9999 -9999 -9999 -9999 -9999 53 58 61 71 72 69 69 70 67 64 60 58 57 56 54 52 51 49 48 47 45 44 45 45 42 41 41 39 38 37 37 36 35 34 32 31 30 29 29
39 48 60 57 52 51 55 57 54 59 60 61 86 78 75 94 91 94 100 81 53 39 39 39 41 44 47 49 50 51 51 51 52 52 52 52 52 51 50 48 47 46 47 48 49 48 48 48 48 47 -9999 -9999 -9999 -9999 -9999 -9999 -9999 49 55 59 56 66 -9999 60 65 65 62 57 56 55 54 52 51 51 50 48 47 45 43 42 41 41 40 39 39 38 38 37 37 36 34 33 32 31 31 30
48 52 57 56 50 46 47 47 58 63 50 74 75 92 95 89 84 81 68 56 42 39 37 36 37 40 42 41 42 43 43 44 44 44 45 45 45 45 45 44 44 44 45 46 46 46 46 46 46 46 45 -9999 -9999 -9999 -9999 -9999 -9999 45 47 52 51 58 53 52 52 60 59 57 54 53 52 51 50 49 48 48 47 47 45 42 41 40 40 38 38 39 38 38 37 36 35 34 33 33 34 33
52 52 50 49 48 40 46 57 62 61 51 65 81 91 94 76 77 89 72 49 40 39 37 35 34 33 34 35 36 37 41 45 44 40 39 39 38 39 39 40 40 41 41 42 43 42 43 44 45 45 43 42 -9999 -9999 -9999 -9999 -9999 -9999 39 39 45 42 47 51 51 56 56 53 54 53 49 49 49 48 47 47 45 46 46 44 42 42 40 40 40 41 40 39 38 38 37 36 34 34 33 33
49 48 45 42 37 37 40 43 49 56 54 56 60 73 83 64 75 76 73 41 33 34 32 30 27 27 29 30 32 35 43 47 43 43 42 38 35 34 34 35 36 36 37 38 39 37 39 42 42 42 42 -9999 -9999 -9999 -9999 -9999 -9999 -9999 -9999 34 -9999 33 41 -9999 44 56 58 50 50 52 50 48 51 51 50 47 46 46 46 44 44 43 42 42 42 43 42 43 41 40 39 38 36 36 35 35
43 36 32 37 31 33 38 45 45 49 48 53 43 51 53 56 68 82 66 45 30 27 26 24 26 26 26 29 34 36 39 40 42 40 38 35 36 33 32 32 32 32 33 34 36 35 36 38 39 38 -9999 -9999 -9999 -9999 -9999 -9999 -9999 -9999 -9999 -9999 -9999 -9999 34 -9999 -9999 43 54 49 46 48 48 50 47 50 51 50 46 48 47 46 45 45 44 43 43 45 43 44 45 44 42 39 40 39 38 36
31 28 29 30 27 29 34 36 37 41 37 37 38 37 46 55 57 63 51 42 26 22 21 21 24 22 24 30 28 24 30 29 33 33 34 32 36 32 31 31 32 32 32 33 34 34 34 36 37 38 -9999 -9999 -9999 -9999 -9999 -9999 -9999 -9999 -9999 -9999 -9999 -9999 -9999 34 35 39 40 47 49 45 46 47 44 46 50 52 49 48 48 46 48 49 47 44 42 44 44 43 43 43 40 43 39 38 39 37
27 26 27 26 23 23 25 31 34 37 34 28 34 40 40 53 57 51 53 46 35 33 39 32 25 22 16 -9999 -9999 -9999 -9999 24 22 24 23 20 22 30 34 32 33 31 30 32 33 33 34 34 35 36 36 -9999 -9999 -9999 -9999 -9999 -9999 -9999 -9999 -9999 -9999 -9999 -9999 32 32 33 37 36 37 40 39 40 42 45 48 48 50 50 46 47 46 46 41 40 43 47 45 46 45 42 40 40 41 44 41 39
22 25 25 24 21 19 20 28 33 34 34 27 25 27 34 38 40 38 36 45 52 36 37 24 15 13 -9999 -9999 -9999 -9999 -9999 -9999 -9999 15 18 15 19 26 24 29 31 31 30 31 31 33 33 34 34 34 34 33 -9999 -9999 -9999 -9999 -9999 -9999 -9999 -9999 -9999 -9999 -9999 -9999 -9999 32 32 35 34 34 35 31 32 36 45 47 47 48 50 48 37 40 40 36 37 41 45 43 45 48 46 44 42 44 48 46
21 22 22 20 19 18 18 21 24 24 22 21 23 29 31 31 25 23 20 20 25 20 19 14 13 -9999 -9999 -9999 -9999 -9999 -9999 -9999 -9999 -9999 -9999 -9999 14 17 21 22 24 23 25 27 28 30 33 32 34 34 35 34 32 31 33 -9999 -9999 -9999 -9999 -9999 -9999 -9999 -9999 -9999 -9999 -9999 30 32 33 32 30 29 30 31 35 44 41 44 48 44 43 38 43 39 35 35 41 46 45 46 47 46 47 44 46 44
20 19 19 18 17 17 17 18 19 20 17 19 20 24 26 25 28 27 20 14 17 15 14 -9999 -9999 -9999 -9999 -9999 -9999 -9999 -9999 -9999 -9999 -9999 -9999 -9999 -9999 16 17 20 19 22 23 23 25 30 29 32 33 35 35 36 37 36 38 39 -9999 -9999 -9999 -9999 -9999 -9999 -9999 -9999 -9999 -9999 -9999 30 30 29 28 26 28 30 35 33 36 39 40 39 42 36 32 36 39 42 39 45 42 43 44 44 46 49 49 47
19 18 17 16 15 14 13 14 15 17 17 16 16 16 17 15 13 12 12 -9999 -9999 -9999 -9999 -9999 -9999 -9999 -9999 -9999 -9999 -9999 -9999 -9999 -9999 -9999 -9999 -9999 -9999 16 17 18 19 21 22 24 25 25 27 29 30 34 36 39 42 42 41 40 40 39 -9999 -9999 -9999 -9999 -9999 -9999 -9999 -9999 -9999 -9999 -9999 -9999 27 25 27 26 28 31 31 35 36 36 39 41 32 38 35 42 43 40 38 41 44 44 44 48 52 53
-9999 18 17 15 14 13 11 11 12 14 16 14 13 11 9 9 8 11 -9999 -9999 -9999 -9999 -9999 -9999 -9999 -9999 -9999 -9999 -9999 -9999 -9999 -9999 -9999 -9999 -9999 13 -9999 -9999 16 19 19 22 21 23 23 24 24 27 30 32 37 41 45 44 45 44 42 40 40 -9999 -9999 -9999 -9999 -9999 -9999 -9999 -9999 -9999 -9999 -9999 -9999 -9999 24 23 26 28 30 31 34 31 32 33 32 34 35 38 41 43 38 40 42 43 47 47 51 53
-9999 -9999 -9999 -9999 -9999 -9999 -9999 -9999 9 11 14 15 11 10 11 8 7 -9999 -9999 -9999 -9999 -9999 -9999 -9999 -9999 -9999 -9999 -9999 -9999 -9999 -9999 -9999 -9999 -9999 -9999 -9999 -9999 -9999 14 14 17 19 20 19 19 21 23 25 29 32 37 41 46 47 48 45 42 42 41 -9999 -9999 -9999 -9999 -9999 -9999 -9999 -9999 -9999 -9999 -9999 -9999 -9999 -9999 -9999 25 29 30 27 34 33 28 29 29 30 35 35 37 39 44 41 47 44 45 48 49 53
-9999 -9999 -9999 -9999 -9999 -9999 -9999 -9999 -9999 -9999 8 9 8 8 8 -9999 -9999 -9999 -9999 -9999 -9999 -9999 -9999 -9999 -9999 -9999 -9999 -9999 -9999 -9999 -9999 -9999 -9999 -9999 12 -9999 -9999 -9999 -9999 13 13 16 17 17 17 19 22 24 27 31 36 40 47 51 50 48 45 43 42 40 -9999 -9999 -9999 -9999 -9999 -9999 -9999 -9999 -9999 -9999 24 -9999 24 22 -9999 31 28 28 26 30 29 26 25 27 30 32 36 36 40 42 46 46 47 47 46 50
-9999 -9999 -9999 -9999 -9999 -9999 -9999 -9999 -9999 -9999 -9999 -9999 -9999 -9999 -9999 -9999 -9999 -9999 -9999 -9999 -9999 -9999 -9999 -9999 -9999 -9999 -9999 -9999 -9999 -9999 -9999 -9999 11 -9999 -9999 -9999 -9999 -9999 8 10 11 11 12 13 14 19 20 24 28 32 36 41 45 52 49 46 48 44 40 38 -9999 -9999 -9999 -9999 -9999 -9999 -9999 -9999 -9999 -9999 -9999 -9999 21 -9999 -9999 24 26 30 27 27 28 26 26 26 27 31 29 36 38 38 42 46 48 46 48 46
-9999 -9999 -9999 -9999 -9999 -9999 -9999 -9999 -9999 -9999 -9999 -9999 -9999 -9999 -9999 -9999 -9999 -9999 -9999 -9999 -9999 -9999 -9999 -9999 -9999 -9999 -9999 -9999 -9999 -9999 8 6 11 -9999 -9999 -9999 11 9 9 -9999 10 10 10 10 12 15 18 22 26 32 36 42 45 47 48 46 48 48 41 36 -9999 -9999 -9999 -9999 -9999 -9999 -9999 -9999 -9999 -9999 -9999 -9999 -9999 -9999 -9999 22 26 25 -9999 -9999 24 25 24 25 25 25 28 32 35 35 40 46 42 47 47 46
-9999 -9999 -9999 -9999 -9999 -9999 -9999 -9999 -9999 -9999 -9999 -9999 -9999 -9999 -9999 -9999 -9999 -9999 -9999 -9999 -9999 -9999 -9999 -9999 -9999 -9999 -9999 -9999 7 9 9 10 8 8 -9999 -9999 -9999 -9999 -9999 -9999 -9999 -9999 8 8 9 11 15 20 26 29 36 38 44 43 44 47 45 47 41 37 34 -9999 -9999 -9999 -9999 -9999 -9999 -9999 -9999 -9999 -9999 -9999 -9999 -9999 -9999 -9999 -9999 -9999 -9999 -9999 -9999 -9999 -9999 -9999 20 22 31 38 35 37 37 41 42 47 48 46
-9999 -9999 -9999 -9999 -9999 -9999 -9999 -9999 -9999 -9999 -9999 -9999 -9999 -9999 -9999 -9999 -9999 -9999 -9999 -9999 -9999 -9999 -9999 -9999 -9999 -9999 -9999 8 10 20 13 10 10 7 -9999 -9999 -9999 5 -9999 -9999 -9999 5 6 6 8 9 12 17 24 28 29 36 42 41 41 42 40 42 43 38 34 33 32 -9999 -9999 -9999 -9999 -9999 -9999 -9999 -9999 -9999 -9999 -9999 -9999 -9999 -9999 -9999 -9999 -9999 -9999 -9999 -9999 -9999 -9999 -9999 24 30 34 39 36 36 40 43 47 47
-9999 -9999 -9999 -9999 -9999 -9999 -9999 -9999 -9999 -9999 -9999 -9999 -9999 -9999 -9999 -9999 -9999 -9999 -9999 -9999 -9999 -9999 -9999 -9999 -9999 -9999 -9999 8 12 17 17 8 8 6 -9999 -9999 -9999 -9999 -9999 -9999 -9999 -9999 -9999 -9999 -9999 8 10 15 21 25 27 29 33 34 34 34 35 30 32 37 38 36 34 32 -9999 -9999 -9999 -9999 -9999 -9999 -9999 -9999 -9999 -9999 -9999 -9999 -9999 -9999 -9999 -9999 -9999 -9999 -9999 -9999 -9999 -9999 -9999 -9999 29 37 34 32 34 41 40 38
-9999 -9999 -9999 -9999 -9999 -9999 -9999 -9999 -9999 -9999 -9999 -9999 -9999 -9999 -9999 -9999 -9999 -9999 -9999 -9999 -9999 -9999 -9999 -9999 -9999 -9999 -9999 8 7 9 15 11 5 5 -9999 -9999 -9999 -9999 -9999 -9999 -9999 -9999 -9999 -9999 -9999 -9999 10 14 17 20 24 25 27 29 30 30 30 29 30 37 46 37 34 33 31 30 -9999 -9999 -9999 -9999 -9999 -9999 -9999 -9999 -9999 -9999 -9999 -9999 -9999 -9999 -9999 -9999 -9999 -9999 -9999 -9999 -9999 -9999 -9999 -9999 35 36 32 33 38 37
-9999 -9999 -9999 -9999 -9999 -9999 -9999 -9999 -9999 -9999 -9999 -9999 -9999 -9999 -9999 -9999 -9999 -9999 -9999 -9999 -9999 -9999 -9999 -9999 -9999 -9999 -9999 6 6 9 13 12 5 -9999 -9999 -9999 -9999 -9999 -9999 -9999 -9999 -9999 -9999 -9999 -9999 -9999 -9999 -9999 13 15 17 20 24 29 31 32 31 29 32 39 42 39 37 34 32 30 29 26 24 23 18 21 16 -9999 -9999 -9999 -9999 -9999 -9999 -9999 -9999 -9999 -9999 -9999 -9999 -9999 -9999 -9999 -9999 -9999 -9999 30 30 31 34 35
-9999 -9999 -9999 -9999 -9999 -9999 -9999 -9999 -9999 -9999 -9999 -9999 -9999 -9999 -9999 -9999 -9999 -9999 -9999 -9999 -9999 -9999 -9999 -9999 -9999 -9999 -9999 -9999 6 7 11 11 6 -9999 -9999 -9999 -9999 -9999 -9999 -9999 -9999 -9999 -9999 -9999 -9999 -9999 -9999 -9999 -9999 12 14 18 25 27 29 32 33 33 34 40 38 36 33 32 31 31 28 26 24 28 30 28 23 -9999 -9999 -9999 -9999 -9999 -9999 -9999 -9999 -9999 -9999 -9999 -9999 -9999 -9999 -9999 -9999 -9999 -9999 -9999 -9999 29 32 30
-9999 -9999 -9999 -9999 -9999 -9999 -9999 -9999 -9999 -9999 -9999 -9999 -9999 -9999 -9999 -9999 -9999 -9999 -9999 -9999 -9999 -9999 -9999 -9999 -9999 -9999 -9999 -9999 6 6 9 7 -9999 -9999 -9999 -9999 -9999 -9999 -9999 -9999 -9999 -9999 -9999 -9999 -9999 -9999 -9999 -9999 -9999 -9999 12 14 16 21 28 28 29 30 32 34 31 31 32 30 30 28 27 25 24 22 20 18 -9999 -9999 -9999 -9999 -9999 -9999 -9999 -9999 -9999 -9999 -9999 -9999 -9999 -9999 -9999 -9999 -9999 -9999 -9999 -9999 27 27 30 33
-9999 -9999 -9999 -9999 -9999 -9999 -9999 -9999 -9999 -9999 -9999 -9999 -9999 -9999 -9999 -9999 -9999 -9999 -9999 -9999 -9999 -9999 -9999 -9999 -9999 -9999 -9999 -9999 -9999 -9999 6 6 -9999 -9999 -9999 -9999 -9999 -9999 -9999 -9999 -9999 -9999 -9999 -9999 -9999 -9999 -9999 -9999 -9999 -9999 -9999 12 13 15 17 23 26 27 26 26 27 30 32 29 28 27 27 24 24 23 21 20 19 18 -9999 -9999 -9999 -9999 -9999 -9999 -9999 -9999 -9999 -9999 -9999 -9999 -9999 -9999 -9999 -9999 -9999 -9999 23 25 26 32
-9999 -9999 -9999 -9999 -9999 -9999 -9999 -9999 -9999 -9999 -9999 -9999 -9999 -9999 -9999 -9999 -9999 -9999 -9999 -9999 -9999 -9999 -9999 -9999 -9999 -9999 -9999 -9999 -9999 -9999 -9999 6 6 -9999 -9999 -9999 -9999 -9999 -9999 -9999 -9999 -9999 -9999 -9999 -9999 -9999 -9999 -9999 -9999 -9999 -9999 -9999 -9999 -9999 14 18 20 25 23 23 23 24 24 26 26 25 25 25 24 23 23 22 21 21 21 21 -9999 -9999 -9999 -9999 -9999 -9999 -9999 -9999 -9999 -9999 -9999 -9999 -9999 -9999 -9999 -9999 -9999 23 26 29
-9999 -9999 -9999 -9999 -9999 -9999 -9999 -9999 -9999 -9999 -9999 -9999 -9999 -9999 -9999 -9999 -9999 -9999 -9999 -9999 -9999 -9999 -9999 -9999 -9999 3 -9999 -9999 -9999 6 7 7 6 8 -9999 -9999 -9999 -9999 -9999 -9999 -9999 -9999 -9999 -9999 -9999 -9999 -9999 -9999 -9999 -9999 -9999 -9999 -9999 -9999 -9999 -9999 -9999 -9999 -9999 19 20 21 23 25 24 24 23 24 23 22 22 22 23 24 24 23 21 18 14 -9999 -9999 -9999 -9999 -9999 -9999 -9999 -9999 -9999 -9999 -9999 -9999 -9999 18 20 24 26
-9999 -9999 -9999 -9999 -9999 -9999 -9999 -9999 -9999 -9999 -9999 -9999 -9999 -9999 -9999 -9999 -9999 -9999 -9999 -9999 -9999 -9999 -9999 -9999 -9999 2 -9999 3 5 6 9 9 6 5 -9999 -9999 -9999 -9999 -9999 -9999 -9999 -9999 -9999 -9999 -9999 -9999 -9999 -9999 -9999 -9999 -9999 -9999 -9999 -9999 -9999 -9999 -9999 -9999 -9999 18 19 20 21 23 25 24 23 23 22 22 22 22 21 19 20 21 21 18 14 13 12 -9999 -9999 -9999 -9999 -9999 -9999 -9999 -9999 -9999 -9999 -9999 15 17 19 22
-9999 -9999 -9999 -9999 -9999 -9999 -9999 -9999 -9999 -9999 -9999 -9999 -9999 -9999 -9999 -9999 -9999 -9999 -9999 -9999 -9999 -9999 -9999 -9999 -9999 2 2 3 6 5 6 8 8 6 4 -9999 -9999 -9999 -9999 -9999 -9999 -9999 -9999 -9999 -9999 -9999 -9999 -9999 -9999 -9999 -9999 -9999 -9999 -9999 -9999 -9999 -9999 -9999 -9999 18 18 19 21 21 22 23 25 22 22 21 22 21 17 12 12 15 18 16 15 15 17 19 16 -9999 -9999 -9999 -9999 -9999 -9999 -9999 -9999 -9999 13 15 18 20
-9999 -9999 -9999 -9999 -9999 -9999 -9999 -9999 -9999 -9999 -9999 -9999 -9999 -9999 -9999 -9999 -9999 -9999 -9999 -9999 -9999 -9999 -9999 -9999 -9999 1 2 4 5 5 8 10 9 6 5 -9999 -9999 -9999 -9999 -9999 -9999 -9999 -9999 -9999 -9999 -9999 -9999 -9999 -9999 -9999 -9999 -9999 -9999 -9999 -9999 -9999 -9999 -9999 -9999 -9999 -9999 -9999 20 22 22 20 19 19 18 18 21 20 18 11 9 9 12 10 8 11 16 19 16 13 12 -9999 -9999 -9999 -9999 -9999 -9999 -9999 10 12 17 22
-9999 -9999 -9999 -9999 -9999 -9999 -9999 -9999 -9999 -9999 -9999 -9999 -9999 -9999 -9999 -9999 -9999 -9999 -9999 -9999 -9999 -9999 -9999 -9999 -9999 -9999 4 4 6 8 7 8 7 5 4 -9999 -9999 -9999 -9999 -9999 -9999 -9999 -9999 -9999 -9999 -9999 -9999 -9999 -9999 -9999 -9999 -9999 -9999 -9999 -9999 -9999 -9999 -9999 -9999 -9999 -9999 -9999 -9999 -9999 -9999 18 17 16 18 17 20 20 20 12 7 9 9 8 -9999 10 15 17 15 14 13 13 -9999 -9999 -9999 -9999 -9999 -9999 12 14 18 17
-9999 -9999 -9999 -9999 -9999 -9999 -9999 -9999 -9999 -9999 -9999 -9999 -9999 -9999 -9999 -9999 -9999 -9999 -9999 -9999 -9999 -9999 -9999 -9999 -9999 -9999 2 5 6 5 5 8 8 6 -9999 -9999 -9999 -9999 -9999 -9999 -9999 -9999 -9999 -9999 -9999 -9999 -9999 -9999 -9999 -9999 -9999 -9999 -9999 -9999 -9999 -9999 -9999 -9999 -9999 -9999 -9999 -9999 -9999 -9999 -9999 14 14 15 18 16 18 18 17 12 9 8 9 -9999 -9999 -9999 -9999 15 14 14 15 14 11 -9999 -9999 -9999 -9999 -9999 13 21 20 26
4 4 -9999 -9999 -9999 -9999 -9999 -9999 -9999 -9999 -9999 -9999 -9999 -9999 -9999 -9999 -9999 -9999 -9999 -9999 -9999 -9999 -9999 -9999 -9999 -9999 2 4 4 5 7 11 11 7 7 -9999 -9999 -9999 -9999 -9999 -9999 -9999 -9999 -9999 -9999 -9999 -9999 -9999 -9999 -9999 -9999 -9999 -9999 -9999 -9999 -9999 -9999 -9999 -9999 -9999 -9999 -9999 -9999 -9999 -9999 -9999 -9999 13 12 13 16 18 18 14 11 8 -9999 -9999 -9999 -9999 -9999 -9999 -9999 15 15 14 11 -9999 -9999 -9999 -9999 -9999 -9999 -9999 14 20
5 4 -9999 -9999 -9999 -9999 -9999 -9999 -9999 -9999 -9999 -9999 -9999 -9999 -9999 -9999 -9999 -9999 -9999 -9999 -9999 -9999 -9999 -9999 -9999 -9999 3 3 4 5 8 10 10 5 3 -9999 -9999 -9999 -9999 -9999 -9999 -9999 -9999 -9999 -9999 -9999 -9999 -9999 -9999 -9999 -9999 -9999 -9999 -9999 -9999 -9999 -9999 -9999 -9999 -9999 -9999 -9999 -9999 -9999 -9999 -9999 -9999 -9999 -9999 -9999 13 16 19 19 12 5 -9999 -9999 -9999 -9999 -9999 -9999 -9999 -9999 13 12 10 -9999 -9999 -9999 -9999 -9999 7 -9999 -9999 10
-9999 -9999 -9999 -9999 -9999 -9999 -9999 -9999 -9999 -9999 -9999 -9999 -9999 -9999 -9999 -9999 -9999 -9999 -9999 -9999 -9999 -9999 -9999 -9999 -9999 -9999 4 3 4 5 6 8 9 5 -9999 -9999 -9999 -9999 -9999 -9999 -9999 -9999 -9999 -9999 -9999 -9999 -9999 -9999 -9999 -9999 -9999 -9999 -9999 -9999 -9999 -9999 -9999 -9999 -9999 -9999 -9999 -9999 -9999 -9999 -9999 -9999 -9999 -9999 -9999 -9999 11 17 18 11 6 6 -9999 -9999 -9999 -9999 -9999 -9999 -9999 -9999 -9999 -9999 10 -9999 -9999 -9999 -9999 -9999 -9999 -9999 9 12
-9999 -9999 -9999 -9999 -9999 -9999 -9999 -9999 -9999 -9999 -9999 -9999 -9999 -9999 -9999 -9999 -9999 -9999 -9999 -9999 -9999 -9999 -9999 -9999 -9999 -9999 3 4 3 4 5 6 5 5 -9999 -9999 -9999 -9999 -9999 -9999 -9999 -9999 -9999 -9999 -9999 -9999 -9999 -9999 -9999 -9999 -9999 -9999 -9999 -9999 -9999 -9999 -9999 -9999 -9999 -9999 -9999 -9999 -9999 -9999 -9999 -9999 -9999 -9999 -9999 -9999 -9999 15 14 11 12 12 8 7 -9999 -9999 -9999 -9999 -9999 -9999 -9999 -9999 -9999 -9999 -9999 -9999 -9999 -9999 -9999 -9999 7 8
-9999 -9999 -9999 -9999 -9999 -9999 -9999 -9999 -9999 -9999 -9999 -9999 -9999 -9999 -9999 -9999 -9999 -9999 -9999 -9999 -9999 -9999 -9999 -9999 -9999 -9999 4 6 4 3 3 6 6 4 -9999 -9999 -9999 -9999 -9999 -9999 -9999 -9999 -9999 -9999 -9999 -9999 -9999 -9999 -9999 -9999 -9999 -9999 -9999 -9999 -9999 -9999 -9999 -9999 -9999 -9999 -9999 -9999 -9999 -9999 -9999 -9999 -9999 -9999 -9999 -9999 -9999 13 16 12 18 20 14 9 8 -9999 -9999 -9999 -9999 -9999 -9999 -9999 -9999 -9999 -9999 -9999 -9999 -9999 -9999 -9999 -9999 8
