resultados/variables_proyeccion_tiempo/variables_futuro_csiro_A1B/bio17.asc
ncols 330
nrows 228
xllcorner -12.000000
yllcorner 34.000000
cellsize 0.166667
NODATA_value -9999
[rows 123 to 163 of 228, columns 186 to 278 of 330]
94 96 97 97 97 96 96 94 95 93 91 90 88 87 86 85 84 84 85 85 86 86 86 85 86 85 84 85 88 92 94 97 99 101 102 103 103 101 100 101 100 99 101 103 104 106 107 107 107 107 107 107 108 109 109 112 112 114 115 114 114 114 116 115 115 115 115 116 118 119 121 121 122 120 119 119 119 119 118 120 121 122 122 123 125 126 126 125 124 125 125 123 123
96 96 98 98 99 98 97 98 98 101 97 93 91 89 86 86 84 84 87 87 88 87 86 85 85 85 84 86 89 92 95 97 100 102 102 103 103 101 101 100 99 99 100 102 104 107 107 109 109 108 108 109 109 109 109 111 112 113 114 114 113 114 114 115 115 116 118 118 119 120 122 122 121 121 120 120 120 120 120 121 122 124 125 126 127 128 128 127 125 125 124 123 124
99 99 99 101 101 101 101 101 102 103 103 99 95 92 90 87 86 86 87 88 88 88 88 86 86 86 87 88 90 93 96 99 102 103 104 103 102 100 100 99 98 98 99 101 104 106 107 109 108 108 107 108 108 108 108 109 110 110 111 112 113 115 115 116 116 118 119 120 121 122 123 122 122 120 120 120 119 120 120 121 123 125 127 129 129 130 131 130 128 127 127 125 124
101 101 100 102 102 102 103 103 105 104 105 104 101 97 92 89 87 87 88 90 90 89 89 88 87 87 89 92 93 96 98 101 103 105 105 104 103 101 99 99 98 98 98 99 103 105 108 108 108 109 109 109 107 108 107 108 109 109 110 111 112 114 115 116 118 119 120 122 123 124 124 124 122 120 120 118 117 118 119 121 124 127 129 131 132 132 132 132 130 130 127 126 126
104 106 107 105 105 106 105 104 104 103 103 104 105 102 97 92 87 85 88 89 90 91 90 88 87 87 90 93 95 97 100 103 104 105 106 105 103 100 100 98 97 96 97 99 102 105 107 108 109 109 109 108 107 107 106 106 105 106 107 109 110 112 114 115 118 120 122 123 124 124 124 123 121 119 117 115 114 115 117 120 125 127 130 132 132 131 131 131 131 130 128 127 126
110 110 113 112 110 109 108 106 103 103 103 102 100 99 96 91 87 87 88 89 89 90 89 90 92 92 94 95 98 102 102 103 105 106 105 104 103 101 99 97 96 94 96 98 102 103 107 108 109 110 109 108 107 106 105 104 103 102 104 107 108 111 113 116 119 120 124 124 127 127 126 124 120 117 114 112 110 111 114 118 123 126 126 128 129 129 128 129 129 128 127 126 123
112 112 114 117 117 112 110 108 106 103 103 102 100 98 96 92 91 90 90 89 89 89 89 89 91 96 98 100 101 104 106 106 106 106 104 103 101 99 98 97 95 97 98 99 101 104 108 108 110 110 109 108 106 106 104 103 101 100 101 104 106 108 113 116 118 121 123 125 128 129 128 124 119 116 112 109 107 108 112 116 120 123 126 126 126 125 124 125 125 125 126 125 124
112 112 115 120 122 114 108 106 105 104 102 102 102 101 99 98 96 95 95 94 92 90 92 92 93 97 103 104 105 107 108 108 107 106 104 102 100 99 98 96 94 96 98 98 100 103 106 109 111 111 110 108 107 106 104 102 100 98 99 102 106 110 112 116 119 121 123 125 128 127 125 122 118 114 110 106 103 105 110 115 118 120 123 125 125 122 120 120 120 120 121 124 124
115 114 114 114 111 107 104 103 103 103 104 106 109 107 105 104 101 99 98 96 95 93 92 93 96 99 104 112 113 114 114 112 109 107 105 103 101 100 98 95 96 98 98 100 103 106 107 110 113 112 111 109 107 106 104 102 101 100 101 104 108 111 113 117 119 121 123 125 126 125 124 121 117 113 109 105 103 106 110 113 115 118 120 124 123 121 118 117 116 116 118 119 121
122 120 118 117 110 111 109 105 108 108 109 113 116 115 113 114 110 108 106 106 102 99 96 95 98 102 107 113 119 123 119 115 112 108 106 105 104 102 100 97 98 97 98 100 102 106 109 111 112 112 110 109 106 106 105 104 103 103 105 105 109 111 114 116 119 120 122 124 124 123 123 120 117 114 110 107 106 108 110 113 114 115 117 119 119 119 115 112 113 113 115 117 119
152 143 147 129 129 129 124 121 120 113 118 120 121 119 115 115 115 114 114 110 107 106 102 100 103 107 111 116 121 125 124 118 115 112 110 107 105 103 99 98 98 99 100 102 104 107 109 110 111 110 109 108 108 107 106 106 107 107 108 109 110 113 115 118 118 119 120 120 120 120 119 117 114 112 110 108 108 109 110 112 113 113 114 114 115 114 112 112 110 111 112 114 116
165 175 170 169 147 134 143 140 123 112 123 132 136 138 131 126 123 120 116 116 120 119 110 107 110 112 115 119 121 122 124 120 116 112 110 106 104 102 99 96 97 100 100 102 105 107 110 110 112 111 110 109 107 107 107 106 108 110 112 112 113 114 116 118 119 119 119 119 119 118 116 115 112 110 108 106 106 108 108 110 111 111 110 111 111 111 110 109 108 109 109 111 113
176 182 165 150 145 140 130 124 119 139 136 150 148 144 134 135 136 140 133 129 126 129 129 126 122 121 120 121 122 121 119 116 113 110 108 106 105 102 99 97 97 99 101 102 105 108 110 110 111 110 108 108 107 107 107 108 109 111 112 114 116 116 117 117 118 118 118 116 117 117 115 113 110 108 106 105 106 107 107 108 108 108 108 108 108 108 108 107 106 106 107 108 109
189 174 162 174 212 218 222 186 120 130 136 139 146 131 125 122 129 134 143 151 144 142 141 137 141 138 136 130 126 123 120 116 112 107 105 105 104 104 100 99 99 99 101 103 105 106 109 108 109 108 108 108 107 106 105 108 111 113 114 114 115 115 116 116 117 117 117 116 116 115 113 110 110 107 105 104 104 105 108 107 106 105 105 105 105 106 105 104 103 104 104 104 105
168 173 161 151 164 158 183 117 102 126 128 131 124 122 122 120 123 129 137 147 153 154 158 150 147 155 146 139 135 129 126 118 112 108 103 103 104 103 101 101 100 100 100 101 104 105 107 106 105 106 106 105 105 103 103 105 109 111 114 115 114 113 114 115 116 116 115 115 114 113 110 107 105 104 103 102 102 103 106 106 106 104 103 103 103 103 102 101 101 101 101 100 101
193 187 195 208 174 164 175 137 112 107 117 121 122 112 137 120 120 128 144 148 142 147 152 159 155 156 151 154 148 137 129 123 118 111 104 104 102 102 102 102 99 100 100 100 100 101 104 104 102 103 104 103 103 103 102 105 107 109 111 113 113 112 111 113 114 115 114 113 111 109 106 103 101 101 101 100 100 101 103 103 103 104 102 101 101 101 100 99 98 98 98 98 99
164 151 161 147 143 140 118 120 104 118 120 122 120 107 113 128 119 126 134 145 151 146 151 154 151 157 155 158 157 156 143 132 121 113 107 104 103 102 101 99 100 100 100 99 99 98 101 101 100 100 100 101 101 102 102 104 107 109 110 112 110 109 110 111 112 112 112 111 108 106 102 99 98 96 96 95 96 97 99 99 101 100 99 98 98 99 98 97 97 96 96 96 95
142 140 147 150 132 114 98 90 92 97 100 97 97 101 119 115 119 126 135 142 145 147 149 146 149 159 153 155 161 164 157 144 133 120 113 107 104 101 99 99 100 100 98 97 96 95 96 97 96 97 97 98 99 100 101 103 106 108 110 109 107 106 107 108 110 110 109 107 103 100 96 95 94 93 93 93 94 94 95 94 96 97 96 95 95 94 95 95 94 94 93 94 93
142 153 139 117 103 98 94 88 89 89 88 93 97 106 117 115 120 125 131 136 137 135 134 141 148 142 153 151 158 158 155 150 147 131 122 111 104 99 97 97 96 98 98 95 92 91 92 93 94 95 96 96 97 99 99 101 103 103 104 104 104 105 105 105 105 105 105 102 99 95 91 89 88 88 88 89 90 90 91 91 91 92 92 93 93 92 92 92 92 91 91 90 89
128 129 113 106 103 101 93 88 89 88 86 90 96 106 110 111 117 123 128 131 131 130 130 130 133 142 140 147 148 146 154 150 138 140 137 122 110 103 99 96 96 94 91 89 88 88 87 88 90 92 93 95 96 97 96 96 96 96 99 100 101 102 102 104 103 102 100 98 94 91 87 83 83 84 84 86 86 88 88 88 88 88 90 90 90 90 89 90 88 88 87 87 87
116 110 107 104 102 102 96 95 106 105 89 89 95 100 107 112 115 120 124 126 126 125 125 126 131 142 140 142 141 139 140 137 143 150 132 121 117 115 104 94 90 89 88 85 84 84 83 85 86 89 91 92 94 92 93 94 92 92 94 98 100 102 101 101 100 99 97 95 92 87 82 80 80 80 83 83 84 85 84 84 85 85 86 86 87 88 87 86 86 86 85 85 85
116 112 107 107 105 110 99 92 93 91 89 90 94 100 106 110 114 117 120 122 121 120 119 120 126 135 142 148 144 137 134 137 144 144 141 131 123 116 109 96 85 80 81 80 79 78 80 81 83 86 89 91 92 90 90 92 93 94 94 95 97 100 101 100 97 97 96 94 90 85 81 80 77 78 80 80 81 82 83 83 82 83 84 85 85 84 84 84 84 84 83 83 81
110 106 104 98 96 93 90 89 88 88 89 91 95 99 103 108 112 116 119 119 118 117 116 116 123 132 142 145 144 138 131 125 126 132 135 140 131 122 111 104 93 74 75 77 77 76 76 78 80 82 86 90 90 89 90 92 92 94 95 94 96 98 98 99 97 96 94 92 89 85 81 79 77 77 78 79 79 80 81 81 81 82 82 82 83 82 83 82 81 80 80 80 79
106 104 102 95 92 90 89 88 88 89 91 93 96 99 102 106 109 114 116 117 116 115 115 118 126 130 133 137 137 134 132 131 126 141 138 140 127 120 110 96 91 81 74 73 74 74 76 74 77 81 84 88 89 89 89 90 89 90 93 94 95 96 96 97 95 94 92 89 86 84 82 80 78 76 77 78 78 80 80 81 80 81 80 81 82 80 81 81 79 78 78 78 77
102 96 97 95 92 92 90 90 90 90 93 95 97 100 102 104 108 113 114 116 117 118 118 119 120 124 130 130 129 126 123 124 119 125 119 118 122 115 114 106 93 86 75 72 72 71 75 72 74 78 83 87 89 89 90 90 90 90 91 92 93 93 95 95 93 92 90 88 86 83 82 79 78 77 77 78 78 80 80 80 80 80 79 78 80 79 78 78 78 76 76 76 75
100 96 95 96 93 92 92 91 92 93 94 96 99 101 104 106 109 113 115 116 118 117 116 116 116 117 119 118 116 115 112 110 111 110 112 117 121 121 114 110 99 96 85 75 69 68 68 71 71 76 81 86 87 89 91 91 89 90 90 92 92 92 92 94 91 91 89 87 85 83 80 80 79 78 78 79 78 80 80 78 79 79 78 77 78 77 76 76 75 74 74 74 74
101 98 97 96 95 94 93 93 93 94 96 98 100 102 105 108 111 116 117 117 123 125 120 118 115 108 108 106 104 102 104 104 104 105 117 123 124 128 111 108 106 86 86 79 68 65 64 66 70 76 83 86 88 87 88 90 91 89 89 90 90 90 90 92 90 89 88 85 83 83 81 80 79 78 78 78 78 78 78 79 78 77 76 76 76 75 74 73 72 72 72 72 72
102 100 99 99 97 96 94 94 95 95 98 99 101 104 106 109 111 115 117 120 127 124 127 120 110 103 99 94 91 93 95 97 97 99 98 101 107 106 95 103 97 94 81 78 66 64 63 62 72 77 82 87 88 89 86 88 89 90 89 89 89 89 89 88 88 87 87 84 82 82 81 80 78 78 77 77 77 77 77 77 77 77 75 74 73 72 71 71 70 70 70 69 70
104 102 101 101 100 98 97 94 94 96 98 100 102 105 106 109 110 112 114 113 116 139 152 129 124 110 95 91 85 86 88 90 91 91 89 92 107 116 92 96 108 98 96 92 73 64 65 64 73 79 83 83 86 88 87 87 89 89 89 89 89 89 88 86 86 85 85 83 81 80 80 79 78 77 76 77 77 76 77 76 76 75 75 74 72 71 70 69 68 67 67 67 69
107 105 104 102 101 100 98 96 96 98 100 102 104 106 107 109 110 110 118 127 114 127 148 142 146 140 107 93 82 82 84 85 86 85 85 88 90 103 104 98 89 99 100 99 86 70 70 68 75 82 83 85 85 87 87 86 88 89 88 89 89 87 87 88 85 83 82 82 81 79 78 78 77 76 76 77 76 76 75 74 74 75 75 75 73 71 70 69 68 66 67 67 68
109 108 107 105 102 99 96 95 96 98 101 104 106 108 109 108 109 110 110 118 121 122 140 128 127 125 104 92 82 80 82 82 82 82 82 83 84 89 87 110 83 95 103 94 79 77 74 73 77 80 83 84 84 86 86 86 88 88 88 87 88 86 87 86 86 85 80 80 80 77 76 -9999 -9999 -9999 -9999 76 78 75 73 71 72 75 76 76 75 74 72 71 69 68 68 68 69
111 109 107 106 103 98 92 94 97 100 102 105 107 108 110 110 117 114 118 115 116 109 114 114 115 120 111 90 79 80 80 80 81 80 80 80 81 80 82 90 103 84 93 105 89 78 74 78 76 79 82 83 84 85 84 86 87 86 87 86 86 84 85 84 84 83 81 78 77 76 -9999 -9999 -9999 -9999 -9999 -9999 76 74 72 71 73 75 74 74 73 74 74 72 71 69 69 69 69
111 110 109 107 105 100 97 96 99 102 103 105 107 109 111 112 115 115 114 117 114 115 108 109 108 105 98 82 81 80 80 81 82 82 83 84 82 78 80 78 86 93 87 88 98 92 82 83 79 78 80 82 86 87 84 87 88 84 84 85 84 83 82 83 82 80 78 76 74 74 -9999 -9999 -9999 -9999 -9999 -9999 -9999 -9999 -9999 72 73 76 77 76 74 72 73 73 72 70 69 68 68
114 113 111 109 108 105 102 102 102 103 104 106 108 110 112 114 115 113 112 111 111 110 109 101 103 94 89 86 82 82 82 84 83 83 84 84 81 80 89 80 89 85 81 94 113 101 84 83 80 78 80 83 87 86 85 87 86 83 84 83 80 80 80 80 79 77 74 74 -9999 -9999 -9999 -9999 -9999 -9999 -9999 -9999 -9999 -9999 -9999 -9999 -9999 -9999 -9999 -9999 -9999 -9999 -9999 72 73 72 70 68 67
118 116 114 113 111 109 107 104 104 104 104 105 107 110 112 113 113 112 114 120 133 135 120 104 101 108 116 113 116 101 87 83 83 85 86 85 85 85 85 78 81 88 91 111 126 112 92 85 80 78 79 81 84 87 85 86 84 81 81 79 78 77 77 77 75 73 72 -9999 -9999 -9999 -9999 -9999 -9999 -9999 -9999 -9999 -9999 -9999 -9999 -9999 -9999 -9999 -9999 -9999 73 69 70 72 73 72 71 68 67
121 118 116 115 114 112 109 107 105 105 105 105 107 111 113 115 117 115 114 128 130 130 120 109 112 128 147 141 150 144 126 100 123 140 151 138 130 115 95 110 108 118 112 113 118 113 97 86 82 78 80 81 83 86 82 83 81 79 78 76 75 74 73 72 72 -9999 -9999 -9999 -9999 -9999 -9999 -9999 -9999 -9999 -9999 -9999 -9999 -9999 -9999 -9999 -9999 -9999 84 80 74 70 70 72 74 74 72 71 69
123 120 117 116 116 114 111 106 104 104 105 106 108 111 114 116 120 121 121 116 137 152 153 157 135 124 124 153 150 123 116 102 110 120 126 136 124 127 142 134 132 127 119 105 103 94 89 87 81 80 80 82 82 83 81 78 78 76 75 74 72 71 70 68 67 -9999 -9999 -9999 -9999 -9999 -9999 -9999 -9999 -9999 -9999 -9999 -9999 -9999 -9999 -9999 -9999 88 85 78 71 70 71 72 74 74 74 74 73
126 122 118 116 117 115 110 106 104 103 104 105 108 111 114 118 124 130 147 132 142 171 155 152 137 136 122 130 128 132 123 103 99 98 100 98 102 118 121 114 108 103 98 95 93 89 86 85 82 81 81 82 82 82 80 81 79 75 73 72 70 69 67 64 62 -9999 -9999 -9999 -9999 -9999 -9999 -9999 -9999 -9999 -9999 -9999 -9999 -9999 -9999 -9999 -9999 -9999 -9999 -9999 70 71 70 71 73 76 76 76 76
125 121 118 116 117 115 110 106 102 103 105 107 108 110 116 117 129 141 156 133 142 149 128 121 110 104 102 101 101 101 96 95 93 97 97 95 98 98 96 96 95 92 92 92 93 89 84 84 84 83 83 82 81 82 81 80 81 78 76 74 71 68 66 62 -9999 -9999 -9999 -9999 -9999 -9999 -9999 -9999 -9999 -9999 -9999 -9999 -9999 -9999 -9999 -9999 -9999 -9999 -9999 -9999 -9999 -9999 -9999 72 74 77 80 82 84
126 122 118 114 112 110 106 102 100 102 104 107 110 111 114 119 128 132 130 138 130 131 121 113 109 106 105 103 102 101 98 94 98 100 98 96 98 98 95 93 94 93 92 91 90 88 87 86 85 84 83 83 83 82 81 82 85 80 77 74 71 68 66 65 -9999 -9999 -9999 -9999 -9999 -9999 -9999 -9999 -9999 -9999 -9999 -9999 -9999 -9999 -9999 -9999 -9999 -9999 -9999 -9999 -9999 -9999 -9999 75 76 81 85 89 98
129 125 120 117 114 110 106 102 100 104 103 104 106 109 116 118 129 127 137 137 122 122 118 114 112 110 107 106 106 103 101 98 100 100 100 98 97 97 97 96 96 96 95 94 93 91 89 88 86 85 85 84 83 83 82 82 85 81 77 73 70 65 -9999 -9999 -9999 -9999 -9999 -9999 -9999 -9999 -9999 -9999 -9999 -9999 -9999 -9999 -9999 -9999 -9999 -9999 -9999 -9999 -9999 -9999 -9999 -9999 -9999 80 81 85 90 101 97
