resultados/variables_proyeccion_tiempo/variables_futuro_csiro_A1B/bio12.asc
ncols 330
nrows 228
xllcorner -12.000000
yllcorner 34.000000
cellsize 0.166667
NODATA_value -9999
[rows 40 to 79 of 228, columns 91 to 181 of 330]
-9999 -9999 -9999 -9999 -9999 -9999 -9999 -9999 -9999 -9999 -9999 -9999 -9999 -9999 -9999 -9999 -9999 -9999 -9999 -9999 -9999 -9999 -9999 -9999 -9999 -9999 -9999 -9999 -9999 -9999 -9999 -9999 -9999 -9999 -9999 -9999 -9999 -9999 -9999 -9999 -9999 -9999 -9999 -9999 -9999 -9999 -9999 -9999 -9999 -9999 -9999 -9999 -9999 2170 2188 2172 2165 2127 2063 2003 1909 1814 1727 1638 1525 1439 1336 1229 1124 1059 988 936 927 901 885 828 789 775 756 734 710 695 697 702 698 680 673 670 664 663 659
-9999 -9999 -9999 -9999 -9999 -9999 -9999 -9999 -9999 -9999 -9999 -9999 -9999 -9999 -9999 -9999 -9999 -9999 -9999 -9999 -9999 -9999 -9999 -9999 -9999 -9999 -9999 -9999 -9999 -9999 -9999 -9999 -9999 -9999 -9999 -9999 -9999 -9999 -9999 -9999 -9999 -9999 -9999 -9999 -9999 -9999 -9999 1798 -9999 -9999 2006 2055 2119 2138 2124 2089 2039 1995 1940 1871 1771 1689 1595 1489 1410 1339 1250 1156 1084 1009 951 901 895 891 820 791 768 757 733 714 708 699 674 653 658 660 666 670 672 669 659
-9999 -9999 -9999 -9999 -9999 -9999 -9999 -9999 -9999 -9999 -9999 -9999 -9999 -9999 -9999 -9999 -9999 -9999 -9999 -9999 -9999 -9999 -9999 -9999 -9999 -9999 -9999 -9999 -9999 -9999 -9999 -9999 -9999 -9999 -9999 -9999 -9999 -9999 -9999 -9999 -9999 -9999 -9999 -9999 -9999 1695 1732 1770 1799 1879 1944 2029 2080 2080 2033 1989 1942 1883 1810 1723 1657 1571 1467 1392 1290 1196 1102 1047 1012 970 930 903 851 819 797 758 735 730 723 707 694 682 673 662 670 681 680 669 670 667 664
-9999 -9999 -9999 -9999 -9999 -9999 -9999 -9999 -9999 -9999 -9999 -9999 -9999 -9999 -9999 -9999 -9999 -9999 -9999 -9999 -9999 -9999 -9999 -9999 -9999 -9999 -9999 -9999 -9999 -9999 -9999 -9999 -9999 -9999 -9999 -9999 -9999 -9999 -9999 -9999 -9999 -9999 -9999 -9999 -9999 -9999 -9999 -9999 1777 1819 1872 1938 1983 1961 1914 1866 1815 1736 1670 1607 1538 1446 1356 1291 1194 1095 1052 1022 977 915 892 830 792 773 763 746 729 698 682 672 675 665 659 664 677 687 692 692 683 674 675
-9999 -9999 -9999 -9999 -9999 -9999 -9999 -9999 -9999 -9999 -9999 -9999 -9999 -9999 -9999 -9999 -9999 -9999 -9999 -9999 -9999 -9999 -9999 -9999 -9999 -9999 -9999 -9999 -9999 -9999 -9999 -9999 -9999 -9999 -9999 -9999 -9999 -9999 -9999 -9999 -9999 -9999 -9999 -9999 -9999 1571 1622 1655 1689 1740 1783 1826 1828 1798 1763 1718 1664 1621 1574 1512 1439 1362 1270 1182 1100 1024 1003 958 916 865 827 804 773 738 726 708 703 712 703 672 658 654 655 658 669 695 706 709 706 701 689
-9999 -9999 -9999 -9999 -9999 -9999 -9999 -9999 -9999 -9999 -9999 -9999 -9999 -9999 -9999 -9999 -9999 -9999 -9999 -9999 -9999 -9999 -9999 -9999 -9999 -9999 -9999 -9999 -9999 -9999 -9999 -9999 -9999 -9999 -9999 -9999 -9999 -9999 -9999 -9999 -9999 -9999 -9999 1454 1489 1528 1572 1600 1597 1620 1659 1663 1651 1653 1629 1586 1540 1507 1451 1409 1339 1255 1188 1124 1083 1017 933 886 850 816 803 768 749 726 702 696 685 674 683 676 667 657 660 659 670 683 698 714 722 719 712
-9999 -9999 -9999 -9999 -9999 -9999 -9999 -9999 -9999 -9999 -9999 -9999 -9999 -9999 -9999 -9999 -9999 -9999 -9999 -9999 -9999 -9999 -9999 -9999 -9999 -9999 -9999 -9999 -9999 -9999 -9999 -9999 -9999 -9999 -9999 -9999 -9999 -9999 -9999 -9999 -9999 -9999 1402 1424 1459 1486 1493 1512 1508 1524 1551 1558 1534 1514 1473 1444 1421 1390 1340 1302 1257 1188 1118 1060 1034 1012 952 889 845 804 762 733 712 702 695 683 691 669 656 661 662 663 662 671 674 682 692 711 714 711 713
-9999 -9999 -9999 -9999 -9999 -9999 -9999 -9999 -9999 -9999 -9999 -9999 -9999 -9999 -9999 -9999 -9999 -9999 -9999 -9999 -9999 -9999 -9999 -9999 -9999 -9999 -9999 -9999 -9999 -9999 -9999 -9999 -9999 -9999 -9999 -9999 -9999 -9999 -9999 -9999 1351 1367 1391 1392 1403 1424 1427 1429 1424 1432 1412 1408 1410 1409 1400 1374 1350 1318 1258 1211 1183 1158 1092 1018 941 887 871 858 831 804 759 731 709 697 692 686 669 665 661 658 668 672 677 674 673 684 702 719 718 723 717
-9999 -9999 -9999 -9999 -9999 -9999 -9999 -9999 -9999 -9999 -9999 -9999 -9999 -9999 -9999 -9999 -9999 -9999 -9999 -9999 -9999 -9999 -9999 -9999 -9999 -9999 -9999 -9999 -9999 -9999 -9999 -9999 -9999 -9999 -9999 1458 -9999 -9999 -9999 1313 1319 1339 1345 1341 1352 1345 1330 1306 1299 1309 1317 1331 1320 1304 1304 1289 1257 1223 1164 1157 1123 1088 1051 987 910 852 798 776 766 744 725 710 691 680 685 675 672 668 661 658 668 675 684 676 684 702 713 731 730 730 725
-9999 -9999 -9999 -9999 -9999 -9999 -9999 -9999 -9999 -9999 -9999 -9999 -9999 -9999 -9999 -9999 -9999 -9999 -9999 -9999 -9999 -9999 -9999 -9999 -9999 -9999 -9999 -9999 -9999 -9999 1566 1577 1573 1551 1519 -9999 -9999 1341 1298 1314 1302 1304 1301 1286 1264 1263 1245 1194 1204 1210 1225 1225 1230 1224 1202 1175 1170 1153 1086 1049 1031 980 933 891 868 827 780 732 703 694 685 679 678 676 673 670 674 670 672 669 670 669 667 674 696 708 720 723 735 739 739
-9999 -9999 -9999 -9999 -9999 -9999 -9999 -9999 -9999 -9999 -9999 -9999 -9999 -9999 -9999 -9999 -9999 -9999 -9999 -9999 -9999 -9999 -9999 -9999 -9999 -9999 -9999 -9999 -9999 -9999 -9999 1585 1581 1565 1524 1468 1404 1345 1307 1285 1256 1234 1230 1245 1221 1140 1146 1139 1139 1150 1162 1164 1153 1155 1124 1107 1079 1065 1027 987 969 929 871 826 787 763 724 697 682 667 680 684 671 669 675 685 685 679 680 680 680 677 682 684 699 710 714 724 725 738 740
-9999 -9999 -9999 -9999 -9999 -9999 -9999 -9999 -9999 -9999 -9999 -9999 -9999 -9999 -9999 -9999 -9999 -9999 -9999 -9999 -9999 -9999 -9999 -9999 -9999 -9999 -9999 -9999 1521 1543 1555 1589 1587 1573 1545 1498 1411 1368 1301 1246 1194 1132 1132 1091 1067 1052 1055 1052 1052 1066 1080 1050 1065 1075 1057 1040 1005 982 982 965 905 876 837 792 756 715 680 656 652 653 662 676 674 671 680 686 699 708 703 697 689 693 688 704 721 729 737 743 743 744 744
-9999 -9999 -9999 -9999 -9999 -9999 -9999 -9999 -9999 -9999 -9999 -9999 -9999 -9999 -9999 -9999 -9999 -9999 -9999 -9999 -9999 -9999 -9999 -9999 -9999 -9999 -9999 -9999 1511 1538 1553 1570 1571 1561 1536 1482 1415 1345 1262 1186 1146 1096 1056 1036 1012 994 976 966 978 1002 1010 1004 1008 991 1002 977 960 955 950 909 872 839 802 763 725 685 653 630 629 644 647 652 662 668 678 683 688 705 706 714 709 701 701 700 709 727 738 750 768 771 763
-9999 -9999 -9999 -9999 -9999 -9999 -9999 -9999 -9999 -9999 -9999 -9999 -9999 -9999 -9999 -9999 -9999 -9999 -9999 -9999 -9999 -9999 -9999 -9999 -9999 1604 1559 1524 1490 1500 1519 1528 1524 1509 1475 1438 1373 1294 1216 1147 1092 1047 994 969 950 931 902 902 901 904 908 926 941 950 978 957 1000 963 910 904 909 862 836 826 752 688 649 624 633 641 652 662 668 683 695 696 696 696 698 700 718 726 724 734 743 737 743 745 775 786 776
-9999 -9999 -9999 -9999 -9999 -9999 -9999 -9999 -9999 -9999 -9999 -9999 -9999 -9999 -9999 -9999 -9999 -9999 -9999 -9999 -9999 1781 1746 1735 1746 1676 1592 1511 1467 1462 1456 1459 1441 1432 1390 1346 1300 1241 1167 1093 1061 1002 950 913 882 846 842 817 825 864 890 867 874 923 923 937 917 911 918 877 841 824 820 823 770 718 668 633 634 647 657 665 675 684 694 705 714 709 712 727 717 740 756 767 773 779 777 771 778 784 774
-9999 -9999 -9999 -9999 -9999 -9999 -9999 -9999 -9999 -9999 -9999 -9999 -9999 -9999 -9999 -9999 -9999 -9999 2105 1965 1880 1863 1827 1757 1737 1624 1545 1448 1405 1382 1374 1354 1358 1326 1290 1268 1255 1191 1139 1082 994 949 934 890 854 843 802 782 768 766 803 815 823 865 885 876 873 857 845 819 804 803 783 758 735 712 683 660 659 662 667 675 684 695 713 706 717 718 714 727 737 738 764 775 784 780 786 791 789 787 771
-9999 -9999 -9999 -9999 -9999 -9999 -9999 -9999 -9999 -9999 -9999 -9999 -9999 -9999 -9999 -9999 -9999 2224 2296 2136 2001 1924 1842 1741 1730 1579 1483 1393 1373 1332 1346 1298 1292 1282 1240 1202 1164 1136 1066 1044 987 926 870 835 824 783 736 704 704 714 735 754 786 835 832 815 813 835 827 800 798 797 789 782 771 738 705 678 685 682 686 694 708 708 700 701 719 719 726 730 752 762 767 773 774 771 780 787 793 787 -9999
-9999 -9999 -9999 -9999 -9999 -9999 -9999 -9999 -9999 -9999 -9999 -9999 -9999 -9999 2414 2428 2401 2267 2198 2115 2019 1989 1859 1822 1761 1639 1514 1476 1362 1316 1292 1235 1169 1264 1250 1220 1183 1152 1070 1037 972 920 852 771 738 706 663 659 704 701 706 716 722 760 787 798 784 784 787 774 779 764 760 752 753 766 726 703 692 694 685 694 693 701 714 732 731 734 730 733 746 768 779 782 784 764 760 759 -9999 -9999 -9999
-9999 -9999 -9999 -9999 -9999 -9999 -9999 -9999 -9999 -9999 -9999 2534 2532 2532 2526 2478 2428 2419 2365 2292 2172 2081 1917 1753 1678 1557 1508 1491 1393 1174 1136 1160 1106 1130 1134 1134 1127 1036 975 955 944 866 813 745 696 673 657 691 716 689 710 683 695 752 766 769 782 784 792 798 796 783 786 758 752 725 743 744 738 712 698 696 708 718 723 736 747 749 767 770 776 780 780 775 780 765 752 -9999 -9999 -9999 -9999
-9999 -9999 -9999 -9999 -9999 -9999 -9999 -9999 -9999 -9999 -9999 2631 2611 2636 2645 2711 2606 2474 2433 2323 2243 2072 1911 1864 1734 1585 1537 1371 1387 1397 1255 1162 1094 1063 980 942 956 1007 968 931 833 806 781 748 686 671 657 666 690 678 664 657 691 737 745 762 748 763 778 784 800 772 778 764 748 733 725 729 727 729 716 709 716 723 737 729 736 752 755 764 773 775 778 777 776 757 750 -9999 -9999 -9999 -9999
-9999 -9999 -9999 -9999 -9999 -9999 -9999 -9999 -9999 -9999 2657 2638 2776 2791 2818 2758 2666 2590 2429 2315 2129 2049 1915 1752 1663 1662 1502 1294 1091 1088 1015 1062 1003 968 908 892 864 874 955 961 935 834 783 763 754 709 638 637 678 688 681 660 674 694 705 715 719 744 769 763 797 792 783 774 768 753 760 756 741 751 748 741 733 727 724 725 726 742 752 746 748 756 773 757 746 753 -9999 -9999 -9999 -9999 -9999
-9999 -9999 -9999 -9999 -9999 -9999 -9999 -9999 -9999 -9999 2591 2782 2892 3004 2963 2930 2804 2679 2599 2327 2302 2131 2054 1931 1768 1573 1435 1328 1348 1268 1130 1002 1085 1103 908 820 816 810 782 820 817 814 789 753 708 670 670 660 652 666 667 678 705 727 726 735 744 744 736 739 746 770 783 784 789 776 768 777 769 762 753 745 742 747 743 731 737 732 741 759 753 751 749 740 735 730 -9999 -9999 -9999 -9999 -9999
-9999 -9999 -9999 -9999 -9999 -9999 -9999 -9999 -9999 2466 2597 2752 2914 2924 2936 2862 2869 2781 2649 2454 2284 2252 2042 1818 1533 1546 1261 1172 1252 1235 1304 1266 1223 1099 918 908 804 838 789 760 758 747 766 798 762 722 679 656 649 697 695 705 729 715 760 763 791 790 759 746 748 758 784 799 809 807 798 797 787 776 757 747 736 733 752 749 758 762 750 752 765 762 743 729 723 722 -9999 -9999 -9999 -9999 -9999
-9999 -9999 -9999 -9999 -9999 -9999 -9999 -9999 -9999 -9999 2649 2821 3017 2980 2992 2947 2895 2800 2721 2592 2400 2106 1977 1711 1465 1279 1306 1234 1119 1232 1175 1133 1110 1013 968 870 818 819 848 798 802 789 739 766 786 766 719 676 669 698 696 694 704 722 731 761 765 783 774 752 756 771 777 789 794 790 806 801 800 792 764 745 752 743 739 742 735 734 744 737 750 744 730 720 -9999 -9999 -9999 -9999 -9999 -9999 -9999
-9999 -9999 -9999 -9999 -9999 -9999 -9999 -9999 -9999 2366 2608 2792 2991 3072 3118 3100 3054 2929 2781 2613 2254 2159 1907 1614 1428 1349 1216 1122 1202 1118 1039 1063 1026 882 822 845 840 850 831 814 797 767 734 742 792 765 768 749 687 674 700 711 724 758 741 746 761 769 791 787 776 774 775 776 782 775 789 792 775 768 761 747 759 752 752 749 756 755 740 732 733 728 722 713 712 -9999 -9999 -9999 -9999 -9999 -9999
-9999 -9999 -9999 -9999 -9999 -9999 -9999 -9999 -9999 2367 2603 2857 3005 3079 3100 3164 3156 3022 2794 2617 2326 2202 1915 1700 1654 1417 1318 1236 1178 1159 1160 1089 910 835 796 757 813 824 832 855 825 807 780 722 735 739 734 734 719 690 708 733 751 754 764 760 756 772 794 805 797 793 784 782 791 787 782 757 749 769 770 766 760 763 764 754 772 773 764 760 751 726 721 711 -9999 -9999 -9999 -9999 -9999 -9999 -9999
-9999 -9999 -9999 -9999 -9999 -9999 -9999 -9999 -9999 2404 2565 2782 3052 3235 3376 3378 3279 3113 2918 2688 2496 2248 2031 1821 1704 1616 1533 1431 1314 1249 1083 990 974 892 839 821 796 815 810 826 815 791 791 780 735 706 704 721 737 718 723 737 761 766 769 766 778 792 792 802 802 797 807 792 781 792 795 781 758 755 755 757 759 762 756 751 774 770 752 746 732 717 716 707 702 -9999 -9999 -9999 -9999 -9999 -9999
-9999 -9999 -9999 -9999 -9999 -9999 -9999 -9999 -9999 2267 2468 2618 2837 3296 3338 3339 3355 3175 2937 2653 2455 2256 2098 1934 1848 1704 1523 1405 1227 1160 1108 981 908 826 801 825 876 852 826 823 835 820 789 795 772 733 705 697 718 748 765 761 771 776 772 780 797 787 799 811 810 798 797 799 794 795 808 811 798 779 769 773 775 756 744 733 734 746 747 737 723 713 711 705 699 -9999 -9999 -9999 -9999 -9999 -9999
-9999 -9999 -9999 -9999 -9999 -9999 -9999 -9999 -9999 2278 2332 2521 2733 2941 3248 3410 3380 3119 2923 2636 2424 2205 1991 1959 1806 1774 1578 1430 1321 1116 990 934 886 879 844 792 861 883 893 840 826 837 809 817 823 815 818 802 774 807 824 819 791 783 796 818 825 816 811 792 808 823 818 808 806 806 805 802 813 803 789 780 780 759 734 729 745 738 730 718 707 703 702 701 694 684 675 661 656 -9999 -9999
-9999 -9999 -9999 -9999 -9999 -9999 -9999 -9999 -9999 -9999 2269 2406 2582 2921 3195 3304 3337 3120 2830 2627 2388 2169 2130 1889 1777 1617 1507 1347 1239 1140 1051 984 926 896 911 933 865 866 875 902 898 849 851 823 866 887 877 850 837 849 834 846 830 811 822 820 825 825 804 797 798 812 821 814 822 820 819 818 813 815 812 828 805 770 752 738 730 727 730 722 710 702 698 694 686 678 667 660 652 644 638
-9999 -9999 -9999 -9999 -9999 -9999 -9999 -9999 -9999 -9999 2194 2292 2454 2736 2943 3094 3099 2922 2742 2638 2401 2310 2150 1984 1853 1698 1517 1384 1270 1178 1114 1059 1018 956 903 892 915 929 881 859 858 860 847 871 901 908 910 900 886 876 861 855 856 829 839 831 842 817 809 791 808 793 802 811 823 828 848 840 839 836 827 820 813 789 771 762 739 728 725 712 705 690 687 683 677 668 661 652 646 638 629
-9999 -9999 -9999 -9999 -9999 -9999 -9999 -9999 -9999 -9999 -9999 2201 2323 2487 2705 2806 2788 2863 2744 2641 2366 2301 2171 2028 1855 1695 1518 1389 1302 1217 1138 1090 1050 956 976 876 893 876 858 857 864 842 838 910 916 919 921 914 906 892 893 891 883 850 843 837 846 830 813 789 798 797 788 794 810 822 819 838 845 849 853 837 811 788 765 758 749 731 712 703 689 680 676 670 662 656 646 644 636 627 620
-9999 -9999 -9999 -9999 -9999 -9999 -9999 -9999 -9999 -9999 -9999 2139 2233 2544 2587 2666 2807 2772 2700 2513 2334 2243 2087 2015 1833 1662 1527 1495 1322 1182 1136 1090 1079 956 929 933 939 886 895 881 866 920 881 888 881 887 920 916 919 917 904 899 878 855 836 825 829 829 811 788 785 790 777 796 809 805 813 816 818 828 825 834 827 799 780 751 736 723 705 688 673 665 659 659 649 640 631 628 621 615 609
-9999 -9999 -9999 -9999 -9999 -9999 -9999 -9999 -9999 -9999 -9999 -9999 2146 2303 2332 2443 2586 2589 2630 2499 2361 2164 2115 1967 1778 1573 1395 1346 1295 1090 1104 1132 1055 1016 980 897 946 942 920 903 879 906 863 871 870 879 907 922 913 911 914 902 893 864 839 821 811 824 814 786 770 764 774 780 783 784 793 797 798 802 815 790 791 773 756 741 732 721 696 673 654 645 637 634 630 621 619 614 611 604 596
-9999 -9999 -9999 -9999 -9999 -9999 -9999 -9999 -9999 -9999 -9999 -9999 2005 2116 2290 2353 2485 2586 2539 2432 2321 2152 2065 1947 1787 1603 1600 1338 1138 1115 1062 1046 1028 1056 982 926 897 949 955 922 932 901 876 865 878 869 886 903 910 917 913 909 888 873 868 838 802 795 779 773 758 748 743 746 757 762 762 782 788 789 775 770 749 743 734 724 711 696 674 650 631 628 624 620 615 609 606 602 597 592 590
-9999 -9999 -9999 -9999 -9999 -9999 -9999 -9999 -9999 -9999 -9999 -9999 1847 1964 2052 2232 2337 2388 2439 2448 2357 2269 2131 2014 1833 1640 1571 1362 1188 1098 1028 1023 1008 1012 1020 932 925 991 990 992 934 899 872 856 849 856 872 897 903 918 922 902 883 875 868 851 831 792 773 760 744 734 728 724 725 737 744 751 760 763 767 741 728 720 710 702 690 677 660 643 629 620 615 610 604 596 590 588 587 582 577
-9999 -9999 -9999 -9999 -9999 -9999 -9999 -9999 -9999 -9999 1476 -9999 1673 1783 1943 1994 2104 2289 2430 2449 2387 2287 2160 2016 1868 1661 1554 1418 1289 1162 1227 1100 1111 1052 1031 966 943 921 927 944 909 892 866 848 845 850 857 871 902 925 927 906 891 873 856 843 815 784 770 746 728 720 714 709 707 712 730 731 738 742 722 705 704 697 691 683 675 668 654 645 634 626 620 610 602 591 583 577 577 573 571
-9999 -9999 -9999 -9999 -9999 -9999 -9999 -9999 -9999 -9999 -9999 -9999 1581 1587 1705 1888 2038 2311 2414 2409 2380 2278 2127 2059 1933 1757 1549 1497 1367 1266 1229 1174 1158 1119 1052 997 977 944 922 910 890 867 846 836 -9999 831 846 864 892 911 931 920 899 883 857 842 811 777 752 738 722 710 702 698 696 698 710 717 717 709 703 695 694 689 684 674 665 656 652 640 632 623 615 606 594 589 578 573 570 563 562
-9999 -9999 -9999 -9999 -9999 -9999 -9999 -9999 -9999 -9999 -9999 -9999 -9999 -9999 1618 1766 2013 2195 2364 2445 2392 2268 2147 2056 1946 1813 1627 1482 1451 1361 1284 1226 1162 1168 1108 1040 994 953 925 891 868 851 -9999 -9999 -9999 -9999 -9999 851 877 919 925 923 904 881 862 830 796 764 744 726 712 699 693 689 686 695 701 715 713 716 703 703 692 682 672 660 653 649 640 632 624 620 615 605 591 580 570 564 555 555 554
-9999 -9999 -9999 -9999 -9999 -9999 -9999 -9999 -9999 -9999 -9999 -9999 -9999 -9999 1582 1767 2029 2214 2304 2358 2312 2200 2155 2077 1982 1829 1709 1563 1515 1417 1347 1278 1228 1188 1126 1051 997 957 -9999 -9999 -9999 -9999 -9999 -9999 -9999 -9999 -9999 847 861 897 906 908 898 886 872 822 792 767 742 720 705 691 684 683 684 689 698 699 707 698 684 691 676 660 650 644 641 646 642 632 626 619 612 601 589 573 570 558 548 -9999 -9999
