resultados/variables_proyeccion_tiempo/variables_futuro_csiro_A1B/bio14.asc
ncols 330
nrows 228
xllcorner -12.000000
yllcorner 34.000000
cellsize 0.166667
NODATA_value -9999
[rows 0 to 48 of 228, columns 192 to 287 of 330]
-9999 -9999 -9999 -9999 -9999 -9999 -9999 -9999 -9999 -9999 -9999 -9999 -9999 -9999 -9999 -9999 -9999 -9999 -9999 -9999 -9999 -9999 -9999 -9999 -9999 -9999 -9999 -9999 -9999 -9999 -9999 -9999 -9999 -9999 -9999 -9999 -9999 -9999 -9999 -9999 -9999 -9999 -9999 -9999 -9999 -9999 -9999 -9999 -9999 -9999 -9999 -9999 -9999 -9999 -9999 -9999 -9999 -9999 -9999 -9999 -9999 -9999 -9999 -9999 -9999 -9999 -9999 -9999 -9999 -9999 -9999 -9999 -9999 -9999 -9999 -9999 -9999 -9999 -9999 -9999 -9999 -9999 -9999 -9999 -9999 -9999 -9999 -9999 -9999 -9999 -9999 -9999 -9999 -9999 -9999 -9999
-9999 -9999 -9999 -9999 -9999 -9999 -9999 -9999 -9999 -9999 -9999 -9999 -9999 -9999 -9999 -9999 -9999 -9999 -9999 -9999 -9999 -9999 -9999 -9999 -9999 -9999 -9999 -9999 -9999 -9999 -9999 -9999 -9999 -9999 -9999 -9999 -9999 -9999 -9999 -9999 -9999 -9999 -9999 -9999 -9999 -9999 -9999 -9999 -9999 -9999 -9999 -9999 -9999 -9999 -9999 -9999 -9999 -9999 -9999 -9999 -9999 -9999 -9999 -9999 -9999 -9999 -9999 -9999 -9999 -9999 -9999 -9999 -9999 -9999 -9999 -9999 -9999 -9999 -9999 -9999 -9999 -9999 -9999 -9999 -9999 -9999 -9999 -9999 -9999 -9999 -9999 -9999 -9999 -9999 -9999 -9999
-9999 -9999 -9999 -9999 -9999 -9999 -9999 -9999 -9999 -9999 -9999 -9999 -9999 -9999 -9999 -9999 -9999 -9999 -9999 -9999 -9999 -9999 -9999 -9999 -9999 -9999 -9999 -9999 -9999 -9999 -9999 -9999 -9999 -9999 -9999 -9999 -9999 -9999 -9999 -9999 -9999 -9999 -9999 -9999 -9999 -9999 -9999 -9999 -9999 -9999 -9999 -9999 -9999 -9999 -9999 -9999 -9999 -9999 -9999 -9999 -9999 -9999 -9999 -9999 -9999 -9999 -9999 -9999 -9999 -9999 -9999 -9999 -9999 -9999 -9999 -9999 -9999 -9999 -9999 -9999 -9999 -9999 -9999 -9999 -9999 -9999 -9999 -9999 -9999 -9999 -9999 -9999 -9999 -9999 -9999 -9999
-9999 -9999 -9999 -9999 -9999 -9999 -9999 -9999 -9999 -9999 -9999 -9999 -9999 -9999 -9999 -9999 -9999 -9999 -9999 -9999 -9999 -9999 -9999 -9999 -9999 -9999 -9999 -9999 -9999 -9999 -9999 -9999 -9999 -9999 -9999 -9999 -9999 -9999 -9999 -9999 -9999 -9999 -9999 -9999 -9999 -9999 -9999 -9999 -9999 -9999 -9999 -9999 -9999 -9999 -9999 -9999 -9999 -9999 -9999 -9999 -9999 -9999 -9999 -9999 -9999 -9999 -9999 -9999 -9999 -9999 -9999 -9999 -9999 -9999 -9999 -9999 -9999 -9999 -9999 -9999 -9999 -9999 -9999 -9999 -9999 -9999 -9999 -9999 -9999 -9999 -9999 -9999 -9999 -9999 -9999 -9999
-9999 -9999 -9999 -9999 -9999 -9999 -9999 -9999 -9999 -9999 -9999 -9999 -9999 -9999 -9999 -9999 -9999 -9999 -9999 -9999 -9999 -9999 -9999 -9999 -9999 -9999 -9999 -9999 -9999 -9999 -9999 -9999 -9999 -9999 -9999 -9999 -9999 -9999 -9999 -9999 -9999 -9999 -9999 -9999 -9999 -9999 -9999 -9999 -9999 -9999 -9999 -9999 -9999 -9999 -9999 -9999 -9999 -9999 -9999 -9999 -9999 -9999 -9999 -9999 -9999 -9999 -9999 -9999 -9999 -9999 -9999 -9999 -9999 -9999 -9999 -9999 -9999 -9999 -9999 -9999 -9999 -9999 -9999 -9999 -9999 -9999 -9999 -9999 -9999 -9999 -9999 -9999 -9999 -9999 -9999 -9999
-9999 -9999 -9999 -9999 -9999 -9999 -9999 -9999 -9999 -9999 -9999 -9999 -9999 -9999 -9999 -9999 -9999 -9999 -9999 -9999 -9999 -9999 -9999 45 43 -9999 -9999 43 39 37 35 37 36 35 34 34 32 31 -9999 -9999 -9999 -9999 -9999 30 29 31 30 29 30 28 -9999 -9999 -9999 -9999 -9999 -9999 -9999 -9999 -9999 -9999 -9999 -9999 -9999 -9999 -9999 -9999 -9999 -9999 -9999 -9999 -9999 -9999 -9999 -9999 -9999 -9999 -9999 -9999 -9999 -9999 -9999 -9999 -9999 -9999 -9999 -9999 -9999 -9999 -9999 -9999 -9999 -9999 -9999 -9999 -9999 -9999
-9999 -9999 -9999 -9999 -9999 -9999 -9999 -9999 -9999 -9999 -9999 -9999 -9999 -9999 -9999 -9999 -9999 -9999 37 40 -9999 -9999 -9999 44 43 40 43 41 41 38 38 35 34 35 32 32 30 -9999 33 32 30 -9999 31 29 30 31 31 31 32 32 31 28 31 31 30 -9999 -9999 -9999 -9999 -9999 -9999 -9999 -9999 -9999 -9999 -9999 -9999 -9999 -9999 -9999 -9999 -9999 -9999 -9999 -9999 -9999 -9999 -9999 -9999 -9999 -9999 -9999 -9999 -9999 -9999 -9999 -9999 -9999 -9999 -9999 -9999 -9999 -9999 -9999 -9999 -9999
-9999 -9999 -9999 -9999 -9999 -9999 -9999 -9999 -9999 -9999 -9999 -9999 -9999 -9999 38 38 39 37 38 40 40 43 42 42 42 40 41 39 40 40 39 37 35 33 32 30 33 34 33 32 30 -9999 30 30 31 32 32 31 30 32 -9999 32 32 34 34 32 31 34 33 35 34 -9999 -9999 -9999 -9999 -9999 -9999 -9999 -9999 -9999 -9999 -9999 -9999 -9999 -9999 -9999 -9999 -9999 -9999 -9999 -9999 -9999 -9999 -9999 -9999 -9999 -9999 -9999 -9999 -9999 -9999 -9999 -9999 -9999 -9999 -9999
-9999 -9999 -9999 -9999 -9999 -9999 -9999 -9999 -9999 -9999 -9999 36 36 36 38 37 37 38 40 36 39 40 43 43 40 43 44 39 38 38 37 36 32 -9999 30 31 33 32 33 30 -9999 -9999 29 30 30 32 32 33 34 32 33 34 35 35 32 34 34 34 34 35 36 36 34 32 -9999 -9999 -9999 -9999 -9999 -9999 -9999 -9999 -9999 -9999 -9999 -9999 -9999 -9999 -9999 -9999 -9999 -9999 -9999 -9999 -9999 -9999 -9999 -9999 -9999 -9999 -9999 -9999 -9999 -9999 -9999 -9999
-9999 -9999 -9999 -9999 -9999 -9999 -9999 -9999 36 -9999 34 -9999 34 -9999 36 36 38 43 43 44 42 42 42 43 44 42 40 40 38 37 35 32 31 31 31 31 32 32 30 28 29 29 30 31 32 32 30 29 28 30 31 31 33 34 34 34 34 36 35 35 35 35 35 34 33 33 31 -9999 -9999 -9999 -9999 -9999 -9999 -9999 -9999 -9999 -9999 -9999 -9999 -9999 -9999 -9999 -9999 -9999 -9999 -9999 -9999 -9999 -9999 -9999 -9999 -9999 -9999 -9999 -9999 -9999
-9999 37 36 37 41 -9999 -9999 36 38 36 34 38 37 37 39 38 40 39 43 44 38 41 43 42 41 41 41 40 38 35 32 30 33 32 34 33 32 31 31 30 29 29 30 30 30 30 30 29 28 30 30 31 32 32 32 31 33 34 36 35 33 32 32 33 33 32 32 -9999 -9999 -9999 -9999 -9999 -9999 -9999 -9999 -9999 -9999 -9999 -9999 -9999 -9999 -9999 -9999 -9999 -9999 -9999 -9999 -9999 -9999 -9999 -9999 -9999 -9999 -9999 -9999 -9999
37 -9999 40 39 39 36 -9999 32 34 35 36 33 36 36 37 38 41 37 35 36 39 40 43 44 41 40 41 40 37 33 30 33 35 34 32 34 32 34 32 30 29 28 28 28 27 28 28 28 28 29 29 29 29 29 30 30 30 31 31 31 30 31 30 -9999 -9999 -9999 -9999 -9999 -9999 -9999 -9999 -9999 -9999 -9999 -9999 -9999 -9999 -9999 -9999 -9999 -9999 -9999 -9999 -9999 -9999 -9999 -9999 -9999 -9999 -9999 -9999 -9999 -9999 -9999 -9999 -9999
37 41 35 36 36 34 33 34 35 32 30 30 33 36 39 42 40 40 36 35 35 39 41 42 41 40 42 41 39 32 29 31 32 30 31 32 31 29 27 27 25 25 25 26 26 27 28 27 27 29 30 30 30 30 30 29 29 29 28 28 29 30 -9999 -9999 -9999 -9999 -9999 -9999 -9999 -9999 -9999 31 32 32 32 -9999 -9999 -9999 -9999 -9999 -9999 -9999 -9999 -9999 -9999 -9999 -9999 -9999 -9999 -9999 -9999 -9999 -9999 -9999 -9999 -9999
42 41 -9999 40 35 37 32 33 37 35 32 33 32 34 37 39 39 39 38 38 39 40 39 40 40 38 38 37 34 30 28 27 26 26 26 25 26 26 26 25 24 23 23 24 25 26 27 27 27 27 28 28 27 27 27 26 26 26 26 25 25 28 28 30 31 31 33 32 31 -9999 33 33 33 32 31 30 30 29 28 -9999 -9999 -9999 -9999 -9999 -9999 -9999 -9999 -9999 -9999 -9999 -9999 -9999 -9999 -9999 -9999 -9999
40 34 36 34 37 39 35 30 32 36 34 37 38 37 36 37 38 39 39 38 38 38 38 39 37 36 35 34 32 30 27 25 24 23 22 23 25 25 25 24 23 22 22 23 24 25 26 26 26 26 26 26 26 26 26 25 26 26 25 24 24 25 27 29 31 30 30 31 33 33 32 32 31 32 31 30 30 29 29 -9999 -9999 -9999 -9999 -9999 -9999 -9999 -9999 -9999 -9999 -9999 -9999 -9999 -9999 -9999 -9999 -9999
37 31 39 37 40 35 35 32 32 31 31 33 34 35 34 34 35 37 36 36 36 35 36 36 35 34 33 31 30 28 25 24 23 22 21 22 23 24 24 23 22 22 22 22 23 23 24 25 25 25 25 25 25 26 26 25 24 23 22 22 22 25 28 29 29 29 29 32 32 31 31 32 32 31 30 29 28 28 27 28 26 -9999 -9999 -9999 28 28 -9999 -9999 -9999 -9999 -9999 -9999 -9999 -9999 -9999 -9999
37 38 34 33 34 36 35 35 33 32 31 31 31 32 32 32 32 34 35 35 34 33 33 34 34 33 31 30 28 27 25 24 23 22 21 22 23 24 23 23 22 21 21 22 22 22 23 23 24 24 24 25 25 25 24 23 23 23 24 23 24 25 27 27 29 29 30 31 32 32 31 30 30 31 30 29 28 27 27 26 26 26 26 27 28 28 27 26 26 25 23 24 24 25 24 -9999
37 35 33 32 27 29 31 32 30 29 30 30 30 30 31 32 31 31 32 32 33 34 33 34 33 31 30 29 28 27 26 24 23 22 21 22 24 24 23 23 23 22 21 21 21 21 22 23 23 24 24 25 25 24 23 23 23 24 24 23 24 25 26 27 28 29 31 31 31 31 30 30 30 30 29 30 29 28 26 26 26 26 27 28 29 29 28 27 27 26 25 24 25 25 26 26
35 33 31 29 27 26 28 29 30 30 30 29 29 29 30 31 31 30 31 32 33 33 33 33 32 31 30 29 28 27 27 25 24 23 23 23 23 23 22 22 22 22 22 21 21 21 22 23 24 24 25 25 25 24 24 24 24 24 24 24 25 25 26 27 28 29 29 30 30 31 32 30 31 31 30 29 29 28 27 27 28 28 28 29 29 29 29 28 28 27 27 26 26 26 27 28
33 33 30 29 29 29 28 28 28 29 30 29 29 29 30 30 31 31 31 31 31 32 32 32 32 32 31 31 29 28 26 26 25 24 26 25 24 23 23 24 24 24 23 23 22 22 23 24 24 25 26 26 26 25 25 25 25 25 25 25 25 25 25 26 26 27 28 28 30 30 30 30 29 29 30 29 29 29 29 29 29 30 30 30 30 29 30 30 29 28 28 26 26 26 28 29
31 30 29 28 27 27 27 28 29 29 28 28 28 27 28 29 30 30 30 30 30 31 32 32 31 31 30 30 29 28 27 26 27 26 26 27 26 25 26 26 26 25 24 23 23 24 25 25 25 26 27 26 26 25 25 25 25 25 25 25 25 26 26 27 28 28 28 28 29 29 29 30 30 31 31 31 31 31 30 29 30 31 30 31 31 30 29 31 29 28 28 27 27 28 28 29
29 29 29 29 28 27 27 28 28 28 28 28 27 27 28 28 29 28 29 29 29 29 30 30 30 30 29 29 29 29 28 28 27 26 26 26 26 26 26 26 26 26 26 26 26 26 26 26 26 26 27 28 27 28 28 27 27 27 27 29 28 28 28 28 29 29 29 29 29 29 30 31 31 32 34 32 32 31 32 31 31 32 32 33 32 31 30 30 30 30 29 28 28 29 30 30
26 28 28 28 28 28 28 28 27 27 27 27 27 28 29 29 29 28 28 28 29 30 32 31 30 30 29 29 28 28 28 28 28 28 27 27 27 27 27 27 27 27 27 26 27 27 27 28 30 30 30 30 29 30 29 28 28 28 28 28 27 28 28 28 29 32 31 31 32 31 32 33 33 33 34 33 33 33 32 32 32 33 34 34 33 31 31 30 30 29 29 28 29 29 29 30
27 28 27 28 27 28 27 28 27 26 26 27 28 28 28 29 29 28 28 28 28 29 30 30 31 29 29 28 28 27 27 27 27 28 28 27 27 27 27 27 28 28 27 27 27 27 27 28 28 28 29 29 29 29 29 29 28 28 28 28 28 28 28 28 30 30 30 32 33 35 34 34 34 34 37 34 33 33 33 33 34 34 35 34 33 32 31 31 31 30 29 28 28 28 28 29
28 28 27 28 27 27 27 27 27 27 27 27 27 27 28 29 29 28 28 28 29 29 29 30 30 30 29 28 27 27 27 27 27 27 28 28 28 28 28 28 28 28 29 28 28 28 28 28 28 28 29 29 28 29 29 30 30 29 29 29 28 28 30 31 31 32 33 31 32 33 34 35 36 35 40 37 35 34 34 34 36 36 37 36 34 32 33 35 34 33 29 28 28 28 28 29
27 28 29 29 28 27 27 26 26 26 27 27 27 27 27 28 28 28 28 29 29 29 30 30 30 29 28 28 27 27 27 27 28 28 28 28 29 29 29 29 28 28 28 29 29 29 29 29 30 29 29 29 29 29 29 29 30 31 31 31 29 29 30 31 32 32 31 31 32 33 33 33 33 34 40 36 35 34 35 38 42 43 43 38 36 33 33 36 35 32 28 28 28 28 28 29
28 29 29 29 29 28 28 28 28 27 27 27 27 27 27 27 28 28 29 30 29 29 30 29 29 29 28 28 28 27 27 27 27 28 29 29 29 29 29 30 30 29 29 28 28 28 29 29 29 29 29 29 29 30 30 30 31 32 31 32 32 32 32 32 32 32 32 31 32 31 32 32 32 33 34 33 34 35 35 36 37 38 39 38 34 31 31 31 31 30 28 28 28 28 28 28
29 29 30 30 29 29 28 28 28 28 28 28 28 27 27 27 28 28 28 29 29 29 29 29 29 28 28 28 28 27 28 28 28 28 29 29 30 30 30 31 31 30 30 30 29 29 29 29 29 28 29 29 30 31 31 31 32 32 32 32 32 33 33 32 32 33 34 35 34 33 33 33 32 33 33 34 35 36 36 36 36 35 34 33 31 30 30 30 30 29 28 27 27 28 28 28
28 29 29 29 30 30 29 29 28 28 29 29 28 28 28 28 28 28 28 28 29 29 29 29 29 29 29 28 28 28 28 28 28 28 29 29 30 31 31 31 31 31 30 30 29 29 29 29 29 29 29 30 30 31 32 31 32 32 32 32 32 33 34 35 34 34 35 35 34 34 33 33 33 32 33 35 37 38 38 36 35 34 32 31 30 29 29 29 28 27 27 27 27 27 28 27
28 29 29 30 29 29 28 28 28 28 28 28 29 28 28 28 28 29 29 29 29 29 29 29 29 29 29 29 28 28 28 28 29 28 29 29 30 30 30 30 31 31 31 30 30 29 30 30 30 31 31 30 30 30 31 32 32 33 33 32 33 33 33 33 33 34 33 35 36 35 33 31 31 31 32 35 36 38 36 36 34 32 32 30 28 28 27 28 27 27 26 26 26 26 26 27
27 28 29 29 29 30 29 28 28 28 28 28 29 29 29 28 28 29 29 30 30 29 29 29 29 30 29 29 29 28 28 28 28 28 29 30 29 30 30 31 31 30 30 30 30 30 30 30 31 30 31 31 31 31 32 33 33 33 34 34 34 32 31 32 31 31 32 31 32 31 32 32 31 33 33 33 -9999 36 38 36 34 32 31 30 28 28 27 26 26 26 26 26 25 25 25 25
26 27 28 29 29 28 29 29 29 29 29 28 28 28 29 29 29 29 29 30 31 30 29 29 30 29 28 28 28 28 28 28 27 27 28 29 29 29 29 30 30 31 31 30 29 29 30 30 31 32 32 33 33 33 33 35 35 35 35 34 33 32 31 30 30 30 32 33 31 31 31 31 31 32 34 34 34 35 -9999 34 32 31 30 29 28 27 26 26 25 24 24 24 24 24 24 24
26 27 26 28 29 29 29 29 30 30 29 29 28 28 28 29 29 29 30 29 29 30 29 29 30 29 28 28 28 28 28 28 27 27 27 27 27 28 28 28 29 30 30 30 30 30 30 30 31 32 33 33 34 34 34 34 35 36 35 35 34 33 32 31 30 30 31 32 32 32 32 32 32 33 33 34 34 35 34 33 32 31 -9999 -9999 -9999 -9999 26 25 23 22 22 22 22 22 23 23
27 27 27 27 28 28 29 29 29 30 29 30 30 29 28 28 28 28 29 30 30 29 30 30 30 29 29 29 29 28 28 27 27 27 28 27 27 28 28 28 28 29 30 30 31 32 32 32 32 33 34 34 35 35 35 34 35 35 34 34 35 34 32 31 30 30 32 32 32 33 32 33 33 33 33 34 34 35 34 33 32 31 -9999 -9999 -9999 -9999 -9999 -9999 -9999 -9999 -9999 20 21 21 22 22
29 28 28 28 28 28 28 29 29 29 28 29 30 30 29 29 29 29 29 30 30 30 30 30 30 30 30 29 28 28 27 27 27 27 27 27 28 28 28 29 29 29 30 30 31 32 32 32 32 33 34 35 35 35 36 36 36 35 35 35 34 34 33 32 31 32 32 32 33 33 33 33 34 34 34 34 34 34 34 32 31 29 28 27 25 -9999 -9999 -9999 -9999 -9999 -9999 -9999 -9999 -9999 -9999 -9999
28 29 29 29 29 28 29 29 29 29 28 29 29 29 29 29 29 29 30 30 30 30 30 30 30 30 29 29 28 27 27 26 26 27 27 27 27 27 28 28 29 30 30 30 31 32 32 33 33 33 33 34 36 37 37 37 37 36 36 35 35 35 34 32 32 32 32 32 33 33 33 34 34 34 34 34 34 34 33 32 30 29 28 26 25 23 21 20 -9999 -9999 -9999 -9999 -9999 -9999 -9999 -9999
28 28 29 30 30 30 30 29 29 29 29 29 29 29 28 29 29 29 29 30 30 30 31 31 31 30 29 28 28 27 27 26 26 26 26 27 27 27 27 28 28 30 30 30 30 31 33 33 33 33 34 35 37 37 38 37 37 37 37 35 35 35 34 34 33 32 31 31 31 32 32 33 33 34 34 34 33 33 32 31 30 29 27 26 24 22 20 18 17 -9999 -9999 -9999 -9999 -9999 -9999 -9999
30 30 30 29 30 30 30 30 30 30 29 29 29 29 28 29 29 29 29 29 30 30 30 30 31 30 29 28 27 27 26 26 26 26 26 26 26 27 27 27 28 29 29 30 30 32 32 33 33 34 34 34 36 37 37 37 37 37 37 36 35 35 34 33 33 32 31 31 31 31 31 32 32 33 33 33 32 31 30 30 29 27 26 25 23 22 19 18 17 17 -9999 -9999 -9999 -9999 -9999 -9999
32 32 32 31 31 31 31 30 31 31 30 30 29 29 29 29 29 29 -9999 -9999 -9999 -9999 -9999 -9999 -9999 -9999 -9999 -9999 27 26 25 25 25 25 25 25 26 26 26 27 27 28 29 29 30 31 32 32 33 33 34 34 36 36 37 37 37 37 37 35 35 34 33 33 32 31 31 31 31 31 31 31 32 32 32 32 31 30 30 29 28 27 25 24 22 20 18 18 18 -9999 -9999 -9999 -9999 -9999 -9999 -9999
32 32 33 33 33 32 32 31 31 31 31 30 -9999 30 30 29 29 -9999 -9999 -9999 -9999 -9999 -9999 -9999 -9999 -9999 -9999 -9999 -9999 -9999 -9999 24 24 24 24 25 25 26 26 27 27 28 28 29 30 31 31 32 33 33 34 35 36 37 37 37 36 36 36 35 35 34 32 32 31 31 31 30 31 31 31 32 32 31 31 31 30 30 29 28 27 26 24 23 21 20 19 19 -9999 -9999 -9999 -9999 -9999 -9999 -9999 -9999
32 32 33 33 33 34 33 32 32 32 31 31 -9999 -9999 -9999 -9999 -9999 -9999 -9999 -9999 -9999 -9999 -9999 -9999 -9999 -9999 -9999 -9999 -9999 -9999 -9999 22 23 23 24 24 25 26 26 26 27 27 28 28 30 30 31 31 32 33 34 35 35 36 37 36 36 36 36 35 34 33 32 31 31 30 29 29 30 30 31 31 31 31 31 30 30 29 28 28 27 26 24 22 21 20 20 19 -9999 -9999 -9999 -9999 -9999 -9999 -9999 -9999
32 32 32 33 33 33 32 32 32 32 -9999 -9999 -9999 -9999 -9999 -9999 -9999 -9999 -9999 -9999 -9999 -9999 -9999 -9999 -9999 -9999 -9999 25 24 24 -9999 22 21 22 23 24 25 25 26 26 27 27 28 28 29 30 31 32 32 33 34 35 35 35 35 36 36 36 35 35 34 33 32 31 30 30 29 29 29 30 30 30 30 30 30 30 29 28 28 27 26 26 24 23 22 20 20 20 19 -9999 -9999 -9999 -9999 19 20 20
32 32 32 32 32 32 32 31 31 -9999 -9999 -9999 -9999 -9999 -9999 -9999 -9999 -9999 -9999 -9999 -9999 -9999 -9999 -9999 -9999 -9999 -9999 25 24 24 22 21 21 21 22 23 24 25 26 27 27 28 28 28 29 30 31 32 32 32 34 34 35 34 35 35 35 35 35 34 34 33 32 32 31 32 30 30 30 30 30 30 30 30 30 29 28 28 28 27 26 26 24 23 22 21 20 20 19 19 20 -9999 -9999 -9999 20 -9999
33 33 32 32 32 32 32 32 -9999 -9999 -9999 -9999 -9999 -9999 -9999 -9999 -9999 -9999 -9999 -9999 -9999 -9999 -9999 -9999 -9999 -9999 26 25 25 24 23 22 22 22 22 23 24 25 25 27 27 28 28 29 30 30 31 32 33 32 32 33 34 34 34 34 34 34 34 35 35 35 34 33 33 32 31 31 30 30 30 30 30 30 30 29 28 28 27 27 26 25 25 24 24 22 21 20 20 19 -9999 -9999 -9999 21 -9999 -9999
32 33 33 33 33 33 33 33 32 32 -9999 -9999 -9999 -9999 -9999 -9999 -9999 -9999 -9999 -9999 -9999 -9999 -9999 -9999 -9999 26 26 26 26 25 24 23 23 23 23 24 25 25 26 27 28 28 29 29 30 30 31 31 32 32 32 33 34 34 34 34 35 35 35 35 36 35 35 34 34 33 32 31 31 32 31 31 30 30 30 29 28 28 27 27 26 26 25 25 24 23 22 21 20 20 -9999 -9999 -9999 -9999 -9999 -9999
33 33 33 34 34 33 33 33 33 32 -9999 -9999 -9999 -9999 -9999 -9999 -9999 -9999 -9999 -9999 -9999 -9999 -9999 -9999 27 27 26 26 26 26 25 24 24 24 24 25 25 26 26 27 28 28 29 29 29 30 30 30 32 32 33 34 35 35 35 35 35 34 34 35 36 35 35 35 34 33 32 32 32 32 32 31 31 30 30 30 28 28 27 27 26 26 26 25 24 24 23 22 22 22 22 -9999 -9999 24 24 24
34 33 33 34 33 33 33 33 -9999 -9999 -9999 -9999 -9999 -9999 -9999 -9999 -9999 -9999 -9999 -9999 -9999 28 28 28 28 27 27 26 26 26 26 26 26 26 25 26 26 26 27 28 29 29 29 29 30 30 30 31 32 33 34 34 35 35 35 36 35 35 35 36 36 36 36 36 35 34 34 34 33 33 32 32 31 31 30 30 28 28 27 27 26 26 26 25 24 24 23 23 23 23 23 23 24 24 24 25
33 33 32 33 33 32 -9999 -9999 -9999 -9999 -9999 -9999 -9999 -9999 -9999 -9999 -9999 -9999 -9999 -9999 29 28 28 28 28 28 27 27 27 27 26 26 26 26 26 27 28 28 29 30 30 30 30 30 31 31 32 33 33 34 34 34 35 35 36 36 36 36 36 36 37 37 37 37 36 36 36 35 34 33 33 32 32 31 31 30 28 28 28 27 26 26 25 25 24 24 24 24 25 25 25 25 25 25 26 26
32 32 32 32 32 32 -9999 -9999 -9999 -9999 -9999 -9999 -9999 -9999 -9999 -9999 -9999 29 29 29 29 29 29 29 29 29 28 28 28 27 27 27 27 27 28 29 28 29 30 30 30 31 31 32 31 32 33 34 35 36 35 35 36 36 37 37 37 37 37 37 38 38 38 38 38 37 36 36 36 34 33 33 32 31 31 31 29 28 27 27 26 26 25 25 25 25 25 25 26 26 26 26 27 27 27 28
