resultados/variables_proyeccion_tiempo/variables_futuro_csiro_A1B/bio17.asc
ncols 330
nrows 228
xllcorner -12.000000
yllcorner 34.000000
cellsize 0.166667
NODATA_value -9999
[rows 41 to 81 of 228, columns 93 to 185 of 330]
-9999 -9999 -9999 -9999 -9999 -9999 -9999 -9999 -9999 -9999 -9999 -9999 -9999 -9999 -9999 -9999 -9999 -9999 -9999 -9999 -9999 -9999 -9999 -9999 -9999 -9999 -9999 -9999 -9999 -9999 -9999 -9999 -9999 -9999 -9999 -9999 -9999 -9999 -9999 -9999 -9999 -9999 -9999 -9999 -9999 302 -9999 -9999 337 345 358 362 357 353 343 340 332 317 292 280 265 245 236 227 210 191 178 164 152 142 142 143 128 123 120 118 114 110 108 105 100 95 96 99 102 104 104 104 102 102 103 103 103
-9999 -9999 -9999 -9999 -9999 -9999 -9999 -9999 -9999 -9999 -9999 -9999 -9999 -9999 -9999 -9999 -9999 -9999 -9999 -9999 -9999 -9999 -9999 -9999 -9999 -9999 -9999 -9999 -9999 -9999 -9999 -9999 -9999 -9999 -9999 -9999 -9999 -9999 -9999 -9999 -9999 -9999 -9999 286 292 297 302 316 326 342 352 353 346 339 337 327 311 290 280 266 245 236 216 197 178 169 165 157 150 146 134 129 125 118 114 114 112 108 105 102 100 98 100 103 105 103 103 103 103 103 102 102 103
-9999 -9999 -9999 -9999 -9999 -9999 -9999 -9999 -9999 -9999 -9999 -9999 -9999 -9999 -9999 -9999 -9999 -9999 -9999 -9999 -9999 -9999 -9999 -9999 -9999 -9999 -9999 -9999 -9999 -9999 -9999 -9999 -9999 -9999 -9999 -9999 -9999 -9999 -9999 -9999 -9999 -9999 -9999 -9999 -9999 -9999 296 304 314 325 335 337 328 321 316 298 286 276 265 246 229 220 199 178 172 168 160 147 144 131 124 121 120 117 114 107 104 101 101 99 98 99 102 105 106 107 106 105 105 105 104 104 104
-9999 -9999 -9999 -9999 -9999 -9999 -9999 -9999 -9999 -9999 -9999 -9999 -9999 -9999 -9999 -9999 -9999 -9999 -9999 -9999 -9999 -9999 -9999 -9999 -9999 -9999 -9999 -9999 -9999 -9999 -9999 -9999 -9999 -9999 -9999 -9999 -9999 -9999 -9999 -9999 -9999 -9999 -9999 265 273 279 284 293 299 310 312 305 300 296 287 284 279 267 252 236 217 198 182 167 165 156 148 138 131 127 121 115 113 109 108 110 108 101 98 97 98 99 101 106 108 110 110 110 108 108 106 106 107
-9999 -9999 -9999 -9999 -9999 -9999 -9999 -9999 -9999 -9999 -9999 -9999 -9999 -9999 -9999 -9999 -9999 -9999 -9999 -9999 -9999 -9999 -9999 -9999 -9999 -9999 -9999 -9999 -9999 -9999 -9999 -9999 -9999 -9999 -9999 -9999 -9999 -9999 -9999 -9999 -9999 247 252 258 269 273 270 272 281 280 278 285 284 277 270 267 256 249 234 216 203 190 182 169 152 142 136 129 127 121 119 114 109 106 104 102 104 102 100 98 99 99 102 104 107 110 114 114 113 112 111 112 110
-9999 -9999 -9999 -9999 -9999 -9999 -9999 -9999 -9999 -9999 -9999 -9999 -9999 -9999 -9999 -9999 -9999 -9999 -9999 -9999 -9999 -9999 -9999 -9999 -9999 -9999 -9999 -9999 -9999 -9999 -9999 -9999 -9999 -9999 -9999 -9999 -9999 -9999 -9999 -9999 239 243 251 256 256 259 256 259 267 270 266 264 256 252 250 245 235 229 221 206 191 178 174 172 160 147 138 128 120 115 111 110 107 104 105 101 98 99 99 99 99 101 102 104 106 111 113 112 113 117 116 114 113
-9999 -9999 -9999 -9999 -9999 -9999 -9999 -9999 -9999 -9999 -9999 -9999 -9999 -9999 -9999 -9999 -9999 -9999 -9999 -9999 -9999 -9999 -9999 -9999 -9999 -9999 -9999 -9999 -9999 -9999 -9999 -9999 -9999 -9999 -9999 -9999 -9999 -9999 230 233 239 239 242 246 246 246 243 245 241 241 244 246 246 243 238 233 220 211 207 204 189 173 156 146 144 142 137 131 122 116 111 108 106 105 100 99 98 98 100 100 102 102 102 104 108 113 114 115 114 116 118 118 116
-9999 -9999 -9999 -9999 -9999 -9999 -9999 -9999 -9999 -9999 -9999 -9999 -9999 -9999 -9999 -9999 -9999 -9999 -9999 -9999 -9999 -9999 -9999 -9999 -9999 -9999 -9999 -9999 -9999 -9999 -9999 -9999 -9999 230 -9999 -9999 -9999 221 224 228 229 228 232 230 226 221 218 221 223 228 227 225 228 226 221 215 202 203 197 191 183 170 153 142 130 126 124 119 115 111 107 104 105 102 101 100 98 97 99 100 103 102 104 109 111 116 117 118 117 117 119 118 116
-9999 -9999 -9999 -9999 -9999 -9999 -9999 -9999 -9999 -9999 -9999 -9999 -9999 -9999 -9999 -9999 -9999 -9999 -9999 -9999 -9999 -9999 -9999 -9999 -9999 -9999 -9999 -9999 250 255 259 257 252 -9999 -9999 210 214 222 223 223 221 218 214 214 210 199 201 203 207 208 211 211 208 203 204 202 187 180 179 168 159 151 147 138 128 117 110 108 106 105 104 103 102 101 102 100 100 99 99 99 99 102 108 111 114 116 119 121 121 118 120 118 116
-9999 -9999 -9999 -9999 -9999 -9999 -9999 -9999 -9999 -9999 -9999 -9999 -9999 -9999 -9999 -9999 -9999 -9999 -9999 -9999 -9999 -9999 -9999 -9999 -9999 -9999 -9999 -9999 -9999 256 259 261 257 247 236 225 222 222 218 212 210 213 208 193 194 192 192 195 198 200 198 200 195 192 187 186 178 170 168 161 148 139 129 124 115 109 106 103 106 106 103 102 104 105 105 103 102 102 102 102 103 105 110 113 116 118 119 122 122 122 118 120 119
-9999 -9999 -9999 -9999 -9999 -9999 -9999 -9999 -9999 -9999 -9999 -9999 -9999 -9999 -9999 -9999 -9999 -9999 -9999 -9999 -9999 -9999 -9999 -9999 -9999 -9999 236 242 245 257 262 263 263 258 244 239 228 218 208 197 197 189 184 180 179 178 179 182 186 179 184 188 185 182 174 170 172 169 156 151 142 131 123 113 105 100 100 101 103 106 105 104 106 106 109 111 110 108 107 108 108 112 117 120 122 124 124 124 123 121 121 119 116
-9999 -9999 -9999 -9999 -9999 -9999 -9999 -9999 -9999 -9999 -9999 -9999 -9999 -9999 -9999 -9999 -9999 -9999 -9999 -9999 -9999 -9999 -9999 -9999 -9999 -9999 232 241 246 255 261 266 265 260 253 242 225 209 202 193 185 182 176 172 168 165 168 173 175 174 176 173 176 172 168 168 168 159 150 143 134 125 116 107 99 94 95 100 100 101 102 104 106 107 108 111 112 114 113 112 113 114 117 122 125 128 132 130 127 123 119 116 116
-9999 -9999 -9999 -9999 -9999 -9999 -9999 -9999 -9999 -9999 -9999 -9999 -9999 -9999 -9999 -9999 -9999 -9999 -9999 -9999 -9999 -9999 -9999 239 233 230 226 231 240 248 254 258 258 256 248 234 218 204 193 185 174 169 165 160 153 153 153 154 155 160 164 166 172 168 177 169 159 157 158 147 140 138 122 107 98 92 96 99 101 103 104 107 110 110 111 110 111 113 117 120 120 123 126 126 128 128 133 134 130 126 120 119 -9999
-9999 -9999 -9999 -9999 -9999 -9999 -9999 -9999 -9999 -9999 -9999 -9999 -9999 -9999 -9999 -9999 -9999 -9999 -9999 266 259 257 261 251 239 226 221 225 228 237 241 247 248 245 238 225 210 193 188 176 165 157 151 143 142 136 138 147 152 147 149 159 159 162 158 156 158 150 142 138 137 137 125 113 102 96 96 99 102 104 106 108 111 113 115 114 115 119 118 124 128 133 135 138 137 135 134 133 130 128 122 -9999 -9999
-9999 -9999 -9999 -9999 -9999 -9999 -9999 -9999 -9999 -9999 -9999 -9999 -9999 -9999 -9999 -9999 319 297 280 277 272 258 257 238 229 213 210 212 221 222 236 234 234 230 229 215 205 193 173 165 163 153 144 140 131 126 124 124 131 134 136 145 149 147 147 143 141 136 132 133 129 124 118 112 106 102 102 103 104 106 108 111 115 113 117 118 116 120 123 125 132 136 139 139 140 140 136 135 130 -9999 -9999 -9999 -9999
-9999 -9999 -9999 -9999 -9999 -9999 -9999 -9999 -9999 -9999 -9999 -9999 -9999 -9999 -9999 339 353 322 297 285 271 253 257 231 218 206 213 210 225 223 228 230 224 216 209 204 189 185 173 160 147 138 134 124 113 106 107 109 114 118 125 136 136 132 132 137 136 130 131 130 129 127 125 118 110 105 107 107 108 110 113 113 112 113 117 118 119 121 127 131 133 136 137 137 139 139 138 135 -9999 -9999 -9999 -9999 -9999
-9999 -9999 -9999 -9999 -9999 -9999 -9999 -9999 -9999 -9999 -9999 -9999 378 380 370 343 328 313 296 294 274 271 267 250 232 234 218 217 221 217 206 230 229 223 215 210 191 184 169 156 140 120 112 105 95 94 104 104 105 108 109 118 124 126 124 125 126 124 125 123 122 121 122 123 115 110 108 109 108 110 109 112 115 119 120 121 120 122 127 132 136 137 138 135 134 133 -9999 -9999 -9999 -9999 -9999 -9999 -9999
-9999 -9999 -9999 -9999 -9999 -9999 -9999 -9999 -9999 400 398 398 396 385 373 368 357 344 324 310 283 258 252 237 237 245 232 193 193 203 193 200 203 204 204 183 169 164 160 141 128 112 100 95 91 98 104 98 103 98 101 114 117 119 122 123 125 128 128 126 127 122 121 116 119 119 117 112 110 110 112 115 116 120 123 124 128 130 133 135 136 134 136 134 132 -9999 -9999 -9999 -9999 -9999 -9999 -9999 -9999
-9999 -9999 -9999 -9999 -9999 -9999 -9999 -9999 -9999 416 411 414 415 423 401 373 366 344 335 304 281 284 269 248 250 224 237 247 222 204 191 186 168 161 164 175 165 155 132 125 118 110 96 93 90 92 96 94 92 90 98 108 111 116 114 117 121 123 128 123 124 123 120 117 115 117 116 116 113 112 114 115 119 118 120 124 126 129 132 134 135 134 135 132 131 -9999 -9999 -9999 -9999 -9999 -9999 -9999 -9999
-9999 -9999 -9999 -9999 -9999 -9999 -9999 -9999 418 413 437 437 441 427 407 390 358 337 302 298 285 261 255 270 247 213 179 184 170 182 171 165 152 148 141 142 160 160 153 129 117 112 109 100 86 87 94 95 93 88 92 97 101 105 107 113 119 119 126 126 125 124 124 121 122 122 119 121 120 119 118 117 117 117 118 122 125 126 128 130 134 130 129 132 -9999 -9999 -9999 -9999 -9999 -9999 -9999 -9999 -9999
-9999 -9999 -9999 -9999 -9999 -9999 -9999 -9999 404 436 453 472 463 454 429 404 392 336 345 321 320 307 284 254 236 224 238 223 195 169 190 195 150 129 128 126 119 126 125 124 118 109 100 92 92 90 88 90 90 91 98 104 105 108 111 113 113 114 116 122 125 126 128 126 124 126 125 123 121 120 119 121 121 119 121 121 123 128 129 129 129 127 126 126 -9999 -9999 -9999 -9999 -9999 -9999 -9999 -9999 -9999
-9999 -9999 -9999 -9999 -9999 -9999 -9999 382 403 427 452 451 451 436 435 420 400 364 339 353 319 283 233 252 203 195 217 217 234 228 221 193 150 148 123 131 119 112 111 109 112 120 112 103 95 90 89 98 96 98 104 102 112 114 122 123 117 116 117 120 125 129 132 132 130 131 129 126 123 121 119 119 123 123 126 127 126 128 131 131 128 125 123 124 -9999 -9999 -9999 -9999 -9999 -9999 -9999 -9999 -9999
-9999 -9999 -9999 -9999 -9999 -9999 -9999 -9999 410 436 468 457 457 447 437 421 412 396 369 316 303 260 221 196 215 208 188 216 205 197 193 170 160 137 125 125 132 120 121 118 108 114 118 114 104 96 94 100 99 98 100 104 108 115 118 123 122 118 119 123 125 128 129 128 132 132 132 130 124 120 122 120 120 122 122 122 125 126 129 127 125 123 -9999 -9999 -9999 -9999 -9999 -9999 -9999 -9999 -9999 -9999 -9999
-9999 -9999 -9999 -9999 -9999 -9999 -9999 365 400 428 459 470 476 473 465 447 422 401 333 329 288 241 215 213 197 183 206 190 173 179 172 139 125 130 129 132 128 125 121 114 107 110 121 115 115 111 100 98 102 103 106 114 111 114 118 121 126 125 124 124 125 126 127 126 129 130 127 126 124 122 124 123 124 123 126 127 125 124 125 123 122 121 120 -9999 -9999 -9999 -9999 -9999 -9999 -9999 -9999 -9999 -9999
-9999 -9999 -9999 -9999 -9999 -9999 -9999 365 401 440 460 468 470 480 482 463 426 396 349 342 292 260 266 230 219 208 200 199 201 185 143 127 118 110 123 126 129 134 128 124 118 108 110 111 110 110 108 103 106 110 114 114 117 118 118 122 128 129 128 128 127 127 129 129 128 123 121 125 126 125 124 125 126 124 129 131 130 131 130 123 122 120 -9999 -9999 -9999 -9999 -9999 -9999 -9999 -9999 -9999 -9999 -9999
-9999 -9999 -9999 -9999 -9999 -9999 -9999 369 394 427 468 496 518 519 501 478 449 413 390 350 319 289 278 273 268 252 230 219 182 161 158 140 128 124 120 125 124 129 126 120 121 120 112 106 106 109 113 110 110 113 118 118 120 120 123 127 127 129 130 129 132 129 127 130 131 128 122 122 122 123 124 125 124 123 129 130 127 128 126 122 120 119 118 -9999 -9999 -9999 -9999 -9999 -9999 -9999 -9999 -9999 -9999
-9999 -9999 -9999 -9999 -9999 -9999 -9999 350 381 403 435 508 510 508 512 483 453 406 376 352 334 314 310 292 265 246 210 198 187 158 142 124 120 126 139 135 130 129 132 128 121 124 120 113 108 107 112 118 121 120 121 122 122 124 128 126 129 132 132 130 130 130 130 131 134 134 132 128 125 126 127 124 121 119 121 125 126 125 123 120 119 118 117 -9999 -9999 -9999 -9999 -9999 -9999 -9999 -9999 -9999 -9999
-9999 -9999 -9999 -9999 -9999 -9999 -9999 353 362 392 425 454 497 519 513 475 446 404 371 342 311 320 300 309 277 252 232 187 159 147 137 137 130 119 136 143 146 133 129 132 127 130 134 133 134 131 126 132 135 135 128 125 128 133 135 134 134 130 133 136 135 133 132 134 134 133 136 133 131 129 129 124 119 118 124 123 122 121 120 118 117 117 116 114 112 109 108 -9999 -9999 104 -9999 -9999 -9999
-9999 -9999 -9999 -9999 -9999 -9999 -9999 -9999 356 380 408 457 492 503 508 476 434 404 367 336 343 305 295 275 261 233 214 193 173 159 147 141 146 153 138 139 142 149 148 137 138 134 145 151 150 145 141 143 139 142 138 133 135 135 137 138 134 133 132 135 137 136 138 137 137 137 136 137 136 140 135 128 124 121 120 121 122 122 120 118 117 116 115 113 110 109 106 104 103 102 -9999 -9999 -9999
-9999 -9999 -9999 -9999 -9999 -9999 -9999 -9999 347 363 390 430 455 474 473 446 420 411 374 371 350 327 313 294 264 241 221 202 188 176 168 155 145 144 150 155 144 139 140 140 139 147 156 159 161 159 156 152 148 145 144 138 140 139 142 137 136 133 136 132 135 137 140 141 145 142 142 143 141 140 138 134 129 128 123 122 122 120 119 116 115 114 113 110 108 106 104 103 100 100 99 98 -9999
-9999 -9999 -9999 -9999 -9999 -9999 -9999 -9999 -9999 346 364 388 419 432 429 438 426 420 367 371 357 340 315 294 265 244 229 211 193 184 176 156 162 141 146 143 140 141 144 139 140 158 160 164 165 164 161 156 156 154 151 144 142 141 144 141 138 133 135 134 133 134 138 140 140 144 145 147 148 145 139 134 130 129 127 124 120 117 115 114 113 111 110 108 106 104 102 100 99 97 96 95 94
-9999 -9999 -9999 -9999 -9999 -9999 -9999 -9999 -9999 329 345 394 400 411 432 424 419 389 360 357 337 338 312 289 268 268 233 203 194 184 183 156 152 154 157 146 150 149 146 159 152 155 155 158 166 165 165 162 158 156 151 146 142 140 141 142 138 133 133 135 132 136 139 138 139 140 141 143 143 145 144 138 134 128 126 123 119 115 111 110 109 109 107 104 102 101 99 98 96 96 94 92 91
-9999 -9999 -9999 -9999 -9999 -9999 -9999 -9999 -9999 -9999 326 353 358 376 397 395 404 384 368 338 346 328 301 270 239 235 227 181 185 194 177 170 163 146 160 161 157 156 152 160 152 155 156 158 164 167 164 162 162 158 156 149 143 140 138 141 139 133 130 129 132 134 134 134 136 137 138 139 142 137 138 134 131 128 126 124 118 112 107 105 103 103 103 101 100 99 98 96 94 94 92 91 90
-9999 -9999 -9999 -9999 -9999 -9999 -9999 -9999 -9999 -9999 301 322 353 363 382 396 387 370 356 335 334 323 303 276 285 232 189 186 175 173 170 180 165 154 150 163 167 163 167 163 159 158 162 159 161 164 164 163 162 160 155 152 150 144 136 136 131 131 128 126 126 127 130 130 131 135 137 137 134 134 130 129 127 125 123 120 115 108 103 103 102 102 100 99 98 98 96 94 95 93 91 89 89
-9999 -9999 -9999 -9999 -9999 -9999 -9999 -9999 -9999 -9999 277 299 316 345 359 364 369 371 364 365 349 339 313 284 277 237 198 179 164 166 165 169 173 156 157 174 177 180 171 166 163 162 158 159 159 162 162 163 164 159 155 153 152 149 144 135 131 128 125 123 122 122 123 126 128 129 132 133 134 129 127 125 124 122 120 117 112 108 105 102 101 100 99 98 97 96 96 94 93 91 90 89 88
-9999 -9999 -9999 -9999 -9999 -9999 -9999 -9999 208 -9999 251 272 300 309 326 351 371 377 375 370 356 338 319 287 272 248 220 191 210 182 189 178 176 165 163 161 165 172 168 168 165 163 161 158 157 157 161 164 164 160 156 154 150 148 141 134 130 125 122 120 118 118 118 121 125 127 129 129 124 121 122 121 120 119 117 116 112 110 108 106 104 102 100 98 96 95 94 93 92 92 90 90 88
-9999 -9999 -9999 -9999 -9999 -9999 -9999 -9999 -9999 -9999 238 244 264 295 317 359 374 375 377 369 345 347 331 306 269 264 237 215 209 199 199 194 182 173 172 167 165 165 164 163 163 164 -9999 157 155 154 159 161 166 164 159 156 151 147 140 133 127 124 121 118 116 116 116 118 122 125 125 123 122 120 121 121 120 118 116 114 113 111 108 106 105 102 100 99 96 95 95 92 91 91 -9999 -9999 -9999
-9999 -9999 -9999 -9999 -9999 -9999 -9999 -9999 -9999 -9999 -9999 -9999 247 274 318 344 371 389 386 368 351 344 331 315 283 258 255 237 221 211 201 206 196 185 177 170 166 160 159 158 -9999 -9999 -9999 -9999 -9999 152 156 164 165 165 162 157 153 145 137 130 125 121 118 115 114 114 115 118 121 124 124 126 123 123 121 120 118 116 114 113 112 110 107 107 106 104 101 98 95 93 92 91 91 90 -9999 -9999 -9999
-9999 -9999 -9999 -9999 -9999 -9999 -9999 -9999 -9999 -9999 -9999 -9999 243 277 324 352 367 378 372 354 354 347 337 313 297 273 268 249 236 223 216 211 201 188 178 171 -9999 -9999 -9999 -9999 -9999 -9999 -9999 -9999 -9999 150 154 161 162 163 162 159 156 144 137 131 125 120 117 114 112 113 115 117 121 121 123 122 120 122 119 116 114 112 112 114 113 110 108 108 107 104 102 98 95 93 90 -9999 -9999 -9999 -9999 -9999 -9999
-9999 -9999 -9999 -9999 -9999 -9999 -9999 -9999 -9999 -9999 -9999 -9999 253 284 308 323 352 357 359 350 344 339 333 307 291 274 274 265 247 238 229 213 199 189 -9999 -9999 -9999 -9999 -9999 -9999 -9999 -9999 -9999 -9999 -9999 -9999 149 153 158 162 161 159 153 146 140 134 128 123 117 116 115 116 116 116 119 119 118 117 117 117 114 112 111 109 109 108 107 107 106 106 106 104 -9999 -9999 -9999 -9999 -9999 -9999 -9999 -9999 -9999 -9999 -9999
-9999 -9999 -9999 -9999 -9999 -9999 -9999 -9999 -9999 -9999 -9999 -9999 -9999 -9999 286 305 319 336 339 342 335 332 314 298 287 279 271 266 261 250 226 208 197 -9999 -9999 -9999 -9999 -9999 -9999 -9999 -9999 -9999 -9999 -9999 -9999 -9999 142 147 152 158 160 158 154 151 146 141 135 126 119 118 121 127 119 118 119 117 116 115 115 114 112 110 107 107 109 108 107 107 106 104 103 -9999 -9999 -9999 -9999 -9999 -9999 -9999 -9999 -9999 -9999 -9999 -9999
