resultados/variables_proyeccion_tiempo/variables_futuro_csiro_A1B/bio1.asc
ncols 330
nrows 228
xllcorner -12.000000
yllcorner 34.000000
cellsize 0.166667
NODATA_value -9999
[rows 84 to 125 of 228, columns 186 to 278 of 330]
116 116 -9999 -9999 -9999 -9999 -9999 -9999 -9999 -9999 -9999 -9999 -9999 -9999 -9999 -9999 -9999 -9999 104 102 -9999 -9999 -9999 -9999 -9999 -9999 -9999 -9999 -9999 -9999 -9999 -9999 99 97 97 96 96 96 95 94 94 94 94 94 93 90 91 91 91 92 92 92 92 92 92 90 89 88 88 88 87 88 88 89 88 88 87 86 85 85 84 84 85 85 85 85 84 84 82 83 84 83 78 77 76 75 76 76 77 78 78 78 78
116 -9999 -9999 -9999 -9999 -9999 -9999 -9999 -9999 -9999 -9999 -9999 -9999 -9999 -9999 -9999 -9999 -9999 -9999 103 104 106 -9999 -9999 -9999 111 -9999 -9999 -9999 -9999 -9999 -9999 99 97 96 95 96 96 95 95 95 94 94 94 93 92 92 89 86 88 88 89 89 90 91 90 90 89 89 89 88 89 88 88 87 87 86 86 85 84 84 84 84 84 85 85 85 84 83 84 84 82 77 75 75 75 75 76 77 77 78 78 79
-9999 -9999 -9999 -9999 -9999 -9999 -9999 -9999 -9999 -9999 -9999 -9999 -9999 -9999 -9999 -9999 107 104 102 100 100 105 107 -9999 -9999 -9999 -9999 -9999 -9999 -9999 -9999 -9999 98 97 96 95 95 96 95 95 95 95 94 94 93 92 91 87 86 86 86 88 88 90 91 90 90 89 89 89 88 87 84 84 86 87 87 85 85 85 85 85 85 84 85 85 84 83 83 83 83 80 78 76 75 75 75 75 76 77 78 78 80
-9999 -9999 -9999 -9999 -9999 -9999 -9999 -9999 -9999 -9999 -9999 -9999 -9999 -9999 -9999 106 104 102 102 100 100 102 104 104 104 -9999 -9999 -9999 -9999 -9999 -9999 -9999 99 97 96 96 95 96 95 94 92 91 92 92 92 91 90 87 87 88 88 89 90 91 91 90 90 89 89 88 86 83 81 82 84 87 86 86 86 85 85 85 85 85 85 84 84 84 83 83 81 77 75 76 77 76 75 75 76 76 76 76 78
-9999 -9999 -9999 -9999 -9999 -9999 -9999 -9999 -9999 -9999 -9999 -9999 -9999 -9999 105 105 103 101 102 101 101 99 99 101 102 102 -9999 -9999 -9999 -9999 -9999 -9999 100 98 97 96 95 93 91 88 88 89 89 90 91 91 90 90 90 90 89 90 91 91 91 91 90 89 89 88 87 85 86 87 87 87 86 86 86 86 86 85 85 85 85 84 84 82 79 76 76 77 77 77 77 77 76 76 75 73 74 76 76
-9999 -9999 -9999 -9999 -9999 -9999 -9999 -9999 -9999 -9999 -9999 -9999 -9999 -9999 104 103 102 102 102 102 100 99 98 99 99 101 102 -9999 -9999 -9999 102 102 101 99 98 95 93 89 89 88 88 87 88 90 91 91 92 92 92 91 90 90 92 92 92 91 91 90 90 89 90 89 89 89 88 87 87 87 86 86 86 86 86 86 85 83 82 78 76 76 76 77 77 77 78 78 77 76 76 75 76 75 77
-9999 -9999 -9999 -9999 -9999 -9999 -9999 -9999 -9999 -9999 -9999 -9999 106 105 104 103 101 101 103 102 99 99 98 99 100 101 103 103 103 103 102 102 101 100 98 96 95 93 92 90 89 88 88 89 93 93 93 93 93 92 92 92 92 92 91 91 90 90 91 90 89 84 83 84 86 86 87 87 87 87 87 87 87 85 80 78 77 77 78 77 78 78 79 78 78 79 79 76 76 76 76 77 78
-9999 -9999 -9999 -9999 -9999 -9999 -9999 -9999 -9999 -9999 -9999 -9999 106 105 104 102 101 102 103 101 99 98 98 99 101 102 104 104 103 103 102 102 100 100 99 98 96 96 95 94 92 92 94 93 94 94 94 94 93 92 92 92 92 92 91 91 91 91 91 89 86 84 84 82 82 84 84 88 88 87 87 87 86 85 82 80 80 77 78 79 79 79 79 78 77 78 79 78 78 78 78 78 78
-9999 -9999 -9999 -9999 -9999 -9999 -9999 -9999 -9999 -9999 -9999 -9999 106 105 104 101 100 102 102 101 100 99 99 99 101 102 104 104 104 104 103 102 101 100 99 98 97 96 96 96 96 96 94 94 94 94 94 93 93 91 91 91 91 92 92 92 92 91 90 89 87 86 85 84 83 85 86 89 88 88 87 87 87 83 82 82 82 80 79 80 79 79 80 78 78 78 79 79 79 79 78 77 78
-9999 -9999 -9999 -9999 -9999 -9999 -9999 -9999 -9999 -9999 -9999 107 107 105 105 103 100 99 102 102 102 101 101 101 101 102 103 103 103 103 102 102 101 100 99 98 98 97 96 96 96 96 96 96 95 95 93 93 92 91 91 91 91 90 92 92 92 91 90 90 89 89 87 86 85 85 87 88 88 89 88 88 85 83 83 84 83 82 82 82 81 81 80 80 79 78 79 80 80 81 80 80 80
-9999 -9999 -9999 -9999 -9999 -9999 -9999 -9999 -9999 -9999 -9999 -9999 107 106 104 104 102 101 101 102 102 102 102 102 101 101 102 103 102 102 102 102 101 100 99 98 98 97 97 96 96 95 96 96 96 95 93 92 92 92 91 89 89 90 91 92 91 90 90 90 90 89 88 88 86 86 87 87 88 88 88 87 85 86 85 85 84 84 84 83 83 83 83 82 81 81 80 79 80 82 82 83 83
-9999 -9999 -9999 -9999 -9999 -9999 -9999 -9999 -9999 -9999 -9999 -9999 107 105 104 103 100 98 99 100 100 100 100 100 100 100 101 101 101 101 101 101 101 100 99 98 98 97 97 96 95 95 95 96 96 96 95 93 92 92 92 91 92 92 92 92 93 91 91 90 90 89 89 89 88 89 89 89 89 88 88 88 87 87 87 86 86 86 85 85 85 85 85 84 83 81 81 80 81 82 83 83 83
-9999 -9999 -9999 -9999 -9999 -9999 -9999 -9999 -9999 -9999 -9999 -9999 107 105 103 102 100 99 98 98 98 99 99 99 99 99 99 100 100 100 101 101 100 99 99 98 97 97 96 95 95 95 94 94 96 96 94 94 93 93 93 92 93 94 94 93 92 92 92 91 91 90 90 90 90 90 89 89 89 90 89 89 88 87 88 87 87 87 87 87 87 86 85 84 84 82 82 82 82 82 83 84 84
-9999 -9999 -9999 -9999 -9999 -9999 -9999 -9999 -9999 -9999 -9999 -9999 107 106 103 101 99 99 98 96 97 97 99 98 98 98 98 98 99 100 101 101 100 99 98 97 96 96 96 95 96 95 94 94 95 94 94 94 95 94 94 95 94 95 95 94 94 93 93 92 92 92 91 91 90 89 88 89 90 90 90 90 89 89 89 89 88 88 88 88 88 87 85 84 84 83 82 82 83 83 84 84 85
-9999 -9999 -9999 -9999 -9999 -9999 -9999 -9999 -9999 -9999 -9999 -9999 107 107 105 103 100 99 98 97 96 97 97 98 98 97 98 98 99 100 101 100 100 99 98 97 97 96 96 96 94 94 94 94 95 95 95 95 95 94 94 94 95 95 95 95 95 94 94 93 93 93 93 92 91 89 89 90 91 91 91 91 90 90 90 89 88 89 88 88 87 87 86 85 84 84 84 84 84 83 84 84 84
-9999 -9999 -9999 -9999 -9999 -9999 -9999 -9999 -9999 -9999 -9999 -9999 108 107 106 104 102 101 100 100 99 100 100 100 99 99 99 99 100 101 101 100 99 98 99 98 97 96 95 95 94 94 95 95 95 96 96 96 96 96 96 96 96 96 96 95 95 95 95 94 95 94 94 94 92 91 92 92 92 91 92 92 92 91 90 91 90 89 89 87 86 87 87 87 85 84 84 86 85 83 83 83 84
-9999 -9999 -9999 -9999 -9999 -9999 -9999 -9999 -9999 -9999 -9999 109 -9999 107 106 105 104 104 103 103 103 103 103 102 101 100 100 100 101 102 101 100 99 99 99 97 96 96 96 96 96 96 96 94 95 97 97 97 97 97 97 96 95 95 94 94 95 95 95 95 95 95 95 94 94 94 93 93 92 91 91 91 92 92 92 93 92 90 88 88 88 88 88 88 86 86 86 86 85 84 83 84 84
-9999 -9999 -9999 -9999 -9999 -9999 -9999 -9999 -9999 111 110 -9999 -9999 108 107 106 106 105 104 105 104 104 104 103 102 102 102 101 102 102 101 100 99 99 97 98 97 97 96 97 97 98 96 94 95 95 96 97 96 97 96 96 95 95 95 94 94 95 95 96 96 96 96 95 95 95 94 94 92 91 91 91 92 92 92 92 93 91 90 89 89 90 90 89 87 87 88 87 86 85 84 84 85
-9999 -9999 -9999 -9999 -9999 112 110 109 110 110 110 110 109 108 107 107 106 105 105 105 105 105 104 104 103 102 102 102 102 102 102 100 99 98 98 99 98 97 98 98 99 98 97 98 96 96 96 97 96 96 96 96 95 96 96 96 95 95 96 95 96 96 96 96 96 95 95 95 94 93 92 92 93 93 94 94 93 92 91 90 91 91 91 90 89 88 88 88 87 86 85 86 87
-9999 -9999 -9999 -9999 -9999 113 112 110 110 110 109 109 108 107 107 106 105 105 105 104 104 104 105 105 104 104 103 102 102 102 101 99 97 98 97 98 98 98 99 98 96 98 99 99 98 97 97 97 97 97 97 97 96 96 96 97 96 96 96 94 95 97 96 94 93 94 93 93 94 94 93 94 94 94 94 93 94 93 92 93 93 93 91 90 88 87 88 88 88 88 88 88 87
-9999 -9999 -9999 -9999 114 114 112 111 111 110 109 109 108 108 107 106 106 105 105 104 104 103 102 103 103 103 102 101 100 101 100 99 96 96 96 97 98 99 96 96 96 96 98 99 99 98 99 98 97 98 98 98 97 95 96 97 97 96 96 96 96 96 95 94 93 93 93 93 94 94 94 94 95 95 94 94 94 93 93 93 93 92 90 89 89 88 89 89 89 87 88 87 86
-9999 111 113 112 113 112 109 107 106 108 108 108 108 107 106 105 104 102 103 102 100 99 96 96 99 101 101 101 101 100 99 97 96 96 97 99 99 99 97 97 96 96 98 96 98 99 99 99 98 98 97 97 97 95 96 98 97 96 96 96 96 96 95 93 94 93 93 94 94 94 94 94 94 94 93 94 94 94 94 94 93 92 91 90 90 89 89 88 88 88 87 87 87
109 111 109 107 111 111 109 108 107 108 107 108 108 106 105 104 102 102 101 98 97 97 95 96 97 99 99 99 99 99 99 98 97 97 97 98 98 98 98 97 97 97 96 97 96 97 98 98 97 98 96 94 96 97 98 98 98 98 97 97 97 96 96 95 95 94 94 95 94 95 95 95 95 95 95 95 95 95 95 95 94 93 92 91 90 90 89 89 89 88 88 88 88
108 110 111 110 109 108 110 110 110 108 106 105 105 104 103 102 102 101 100 100 98 98 98 98 99 100 99 100 100 99 100 99 98 97 97 98 99 98 99 99 100 99 99 100 99 97 96 96 94 96 96 95 97 98 99 99 99 98 98 98 97 96 96 96 96 95 95 95 95 95 95 95 96 94 95 95 95 95 95 94 94 94 93 92 91 90 91 90 90 89 88 88 89
106 107 108 106 106 106 108 108 109 106 105 103 102 102 101 103 103 102 101 101 100 100 99 100 99 100 100 101 101 101 100 99 99 98 98 99 99 99 100 101 101 101 101 101 100 99 98 95 94 95 97 98 98 98 98 98 98 98 98 98 98 97 96 96 97 96 95 95 96 96 96 96 97 96 96 96 96 96 95 94 94 93 92 92 92 90 90 91 90 89 89 88 89
105 105 105 106 107 107 107 109 108 107 106 103 102 103 103 104 104 103 102 100 101 101 101 101 100 100 100 100 100 101 101 100 100 98 99 99 100 100 101 101 99 99 101 101 100 98 98 96 96 97 97 99 100 100 100 99 99 99 98 99 99 98 97 97 97 97 97 97 97 97 97 97 97 96 97 97 97 96 96 95 94 94 94 92 93 92 90 91 91 90 90 89 89
106 106 106 106 106 103 105 105 106 105 105 104 103 103 103 103 103 102 101 101 101 102 102 102 101 99 100 99 100 100 102 102 101 100 99 100 101 101 101 100 95 96 99 101 101 100 100 99 99 100 100 100 101 101 101 100 100 99 99 100 99 99 98 98 98 98 98 98 98 98 98 98 98 98 98 98 97 97 96 95 95 95 95 94 93 92 91 92 92 90 89 89 89
107 107 106 106 105 103 102 102 103 104 105 105 104 104 104 104 104 103 102 101 103 103 101 100 101 100 100 100 100 102 103 103 102 102 102 102 102 100 99 100 98 97 99 101 101 100 101 100 101 101 101 101 101 101 101 101 101 100 100 100 100 100 99 98 98 99 98 99 99 99 99 99 100 99 99 98 98 98 97 97 97 97 96 95 94 93 92 91 92 91 91 89 90
108 108 107 107 104 104 103 102 102 103 104 105 105 105 105 105 104 104 103 102 103 104 103 103 101 102 101 101 102 102 101 101 101 100 102 102 103 102 99 99 99 99 100 100 100 100 100 101 100 101 101 102 101 102 102 102 101 101 101 101 101 100 100 100 100 100 99 99 99 99 100 100 100 99 99 100 99 99 99 98 98 98 97 96 94 94 93 93 92 91 91 91 92
110 108 108 106 106 105 104 104 102 103 104 105 105 105 105 105 105 104 103 104 103 103 103 104 103 102 102 103 102 103 102 102 101 100 100 101 101 102 102 100 101 101 101 101 100 101 101 101 101 102 102 103 103 102 103 102 102 102 102 101 101 102 101 101 101 101 101 101 100 100 101 102 100 100 101 101 101 100 99 99 98 98 97 96 95 95 95 95 93 93 94 94 93
110 109 108 108 108 107 106 105 104 105 105 106 106 106 106 106 105 104 103 104 103 103 103 104 104 104 104 104 104 103 103 102 102 102 102 102 102 102 102 103 102 103 102 102 101 102 102 103 103 103 103 104 103 104 103 102 103 103 103 102 102 102 102 102 102 102 102 102 102 102 102 102 102 101 102 102 101 101 101 100 99 98 97 96 96 97 97 96 95 94 95 93 93
112 111 110 109 108 107 107 107 107 107 107 107 108 108 108 106 105 105 105 105 104 104 104 104 104 104 104 104 104 104 104 104 104 103 102 103 103 103 104 104 104 104 103 103 103 103 104 104 104 104 104 104 104 105 105 104 104 104 104 103 103 102 103 103 102 103 103 103 103 102 103 103 103 103 103 102 102 102 101 100 100 99 98 97 98 98 98 97 96 96 96 95 95
114 114 112 112 110 108 107 108 108 109 108 108 109 109 108 108 107 105 104 104 105 104 103 103 104 104 104 105 105 105 105 105 104 104 104 104 104 104 105 104 104 104 104 104 104 104 104 105 105 105 105 105 105 105 105 105 105 105 104 104 104 103 104 103 103 103 104 104 103 103 104 104 104 104 104 104 103 102 101 100 100 100 99 100 99 100 98 98 98 98 97 96 95
113 112 112 112 112 112 110 109 109 110 111 111 111 110 108 107 106 105 103 102 103 105 104 104 103 105 105 106 107 107 106 106 106 105 105 105 105 105 105 105 105 105 104 104 105 104 105 105 105 106 105 106 106 106 105 104 104 105 105 105 104 104 104 104 104 103 103 104 105 104 104 105 105 105 105 104 103 102 101 102 102 101 100 100 100 101 101 100 99 99 98 97 97
114 113 113 113 112 111 111 111 111 111 111 111 111 110 108 106 103 104 104 103 103 103 104 105 106 106 107 107 108 108 108 107 107 106 106 106 105 105 105 105 105 105 105 106 105 106 105 105 105 106 106 106 106 106 106 105 106 106 106 106 106 105 105 104 104 104 104 105 105 106 106 106 106 105 105 105 104 104 104 103 103 102 102 101 100 101 102 101 100 98 98 98 97
115 115 114 114 113 112 112 111 110 110 110 110 111 110 108 107 105 105 104 103 103 104 105 106 106 107 107 108 109 108 108 108 107 107 106 106 106 106 106 106 106 106 106 106 106 106 106 106 106 106 106 107 107 107 106 106 106 106 106 105 106 106 106 105 105 105 105 105 106 106 106 107 106 106 105 105 105 106 106 105 104 104 103 102 101 102 102 101 100 98 98 97 98
115 113 112 111 110 109 109 109 107 106 107 109 110 110 109 107 106 105 104 104 105 105 106 106 107 107 107 107 108 107 107 107 107 107 106 106 106 106 106 106 106 106 106 106 106 106 106 106 106 106 106 106 106 106 106 106 106 105 105 105 105 105 106 106 106 106 106 107 107 107 107 108 107 106 106 107 106 107 107 105 105 104 103 102 103 104 104 102 101 100 99 98 98
114 113 111 108 107 107 108 108 108 107 108 109 110 110 110 108 106 106 105 106 106 107 107 107 107 107 107 108 107 107 107 107 107 107 106 106 106 106 106 106 106 106 106 106 105 106 106 106 106 106 106 106 105 105 106 106 106 106 106 106 106 106 107 108 108 107 108 108 108 109 108 107 107 108 108 108 109 108 107 107 106 105 104 103 104 105 103 102 101 100 100 101 100
114 112 110 109 109 108 108 107 108 109 108 108 109 109 109 110 110 109 108 108 108 108 108 108 107 107 107 108 108 108 107 107 107 107 106 106 105 106 106 106 106 106 106 106 105 106 106 106 106 106 106 106 106 106 106 106 106 106 106 107 107 108 108 109 109 109 109 109 109 110 108 108 109 109 110 110 109 109 108 108 108 107 107 107 106 106 104 103 102 103 103 101 101
114 112 111 109 109 108 107 107 106 106 107 107 108 108 108 108 109 110 108 108 108 107 107 108 107 107 107 107 108 108 107 106 106 106 106 106 106 106 106 105 106 106 105 106 106 106 106 106 106 106 106 105 105 106 105 103 104 105 106 106 107 107 107 108 109 110 110 110 111 111 110 110 110 111 111 111 111 111 111 110 110 109 109 109 108 106 106 105 105 104 102 103 102
114 113 111 110 108 108 107 105 104 100 103 106 106 108 109 109 111 110 108 107 107 107 107 108 107 106 107 107 108 107 107 107 106 106 107 106 106 106 105 105 106 106 106 106 106 106 106 105 105 105 105 105 105 105 105 104 105 106 107 108 109 109 110 110 111 111 111 112 112 112 111 112 113 112 112 112 112 111 111 111 110 110 109 109 109 108 108 107 107 106 106 106 104
114 113 112 109 108 107 106 104 102 100 99 102 105 107 108 110 111 110 108 107 107 106 105 106 106 105 105 107 108 108 107 107 106 107 107 107 107 107 106 106 106 106 106 106 106 106 106 106 105 105 105 106 105 106 106 106 106 107 108 108 109 109 109 109 111 111 112 113 113 113 113 114 113 113 113 113 113 112 112 112 111 111 110 110 109 109 108 107 107 106 105 106 105
