resultados/variables_proyeccion_tiempo/variables_futuro_csiro_A1B/bio19.asc
ncols 330
nrows 228
xllcorner -12.000000
yllcorner 34.000000
cellsize 0.166667
NODATA_value -9999
[rows 82 to 122 of 228, columns 92 to 183 of 330]
-9999 -9999 -9999 -9999 -9999 -9999 -9999 -9999 -9999 -9999 -9999 -9999 -9999 -9999 -9999 -9999 -9999 -9999 438 449 452 457 447 428 405 384 376 365 360 349 314 286 -9999 -9999 -9999 -9999 -9999 -9999 -9999 -9999 -9999 -9999 -9999 -9999 -9999 -9999 -9999 -9999 173 180 188 196 202 200 200 197 190 179 165 154 151 152 151 146 144 141 139 142 144 145 142 139 137 135 136 137 137 137 136 137 135 134 -9999 -9999 -9999 -9999 -9999 -9999 -9999 -9999 -9999 -9999
-9999 -9999 -9999 -9999 -9999 -9999 -9999 -9999 -9999 -9999 -9999 -9999 -9999 -9999 -9999 -9999 -9999 -9999 -9999 419 438 435 413 411 392 372 368 354 345 342 -9999 -9999 -9999 -9999 -9999 -9999 -9999 -9999 -9999 -9999 -9999 -9999 -9999 -9999 -9999 -9999 -9999 -9999 170 174 185 201 211 216 220 217 209 201 189 178 169 164 160 154 151 140 140 148 148 147 143 142 142 139 136 140 139 137 134 134 133 -9999 -9999 -9999 -9999 -9999 -9999 -9999 -9999 -9999 -9999 -9999
-9999 -9999 -9999 -9999 -9999 -9999 -9999 -9999 -9999 -9999 -9999 -9999 -9999 -9999 -9999 -9999 -9999 -9999 -9999 -9999 -9999 -9999 392 -9999 -9999 365 -9999 -9999 -9999 -9999 -9999 -9999 -9999 -9999 -9999 -9999 -9999 -9999 -9999 -9999 -9999 -9999 -9999 -9999 -9999 -9999 -9999 -9999 -9999 170 182 204 220 232 234 236 236 228 216 201 188 179 170 160 147 142 150 152 151 152 150 146 146 143 141 140 139 136 132 132 131 -9999 -9999 -9999 -9999 -9999 -9999 -9999 -9999 -9999 -9999 155
-9999 -9999 -9999 -9999 -9999 -9999 -9999 -9999 -9999 -9999 -9999 -9999 -9999 -9999 -9999 -9999 -9999 -9999 -9999 -9999 -9999 -9999 -9999 -9999 -9999 -9999 -9999 -9999 -9999 -9999 -9999 -9999 -9999 -9999 -9999 -9999 -9999 -9999 -9999 -9999 -9999 -9999 133 132 -9999 -9999 -9999 -9999 -9999 155 176 203 228 242 252 252 253 249 235 220 203 195 181 165 152 150 155 157 156 154 154 152 148 145 142 142 139 136 131 130 130 -9999 -9999 -9999 -9999 -9999 -9999 -9999 -9999 -9999 155 155
-9999 -9999 -9999 -9999 -9999 -9999 -9999 -9999 -9999 -9999 -9999 -9999 -9999 -9999 -9999 -9999 -9999 -9999 -9999 -9999 -9999 -9999 -9999 -9999 -9999 -9999 -9999 -9999 -9999 -9999 -9999 -9999 -9999 -9999 -9999 -9999 -9999 -9999 -9999 139 135 132 131 -9999 -9999 -9999 -9999 -9999 -9999 -9999 174 201 220 243 248 252 250 249 241 226 212 200 187 176 165 159 162 164 160 155 154 153 150 147 144 142 140 135 130 127 124 -9999 -9999 -9999 -9999 -9999 -9999 -9999 144 151 154 154
-9999 -9999 -9999 -9999 -9999 -9999 -9999 -9999 -9999 -9999 -9999 -9999 -9999 -9999 -9999 -9999 -9999 -9999 -9999 -9999 -9999 -9999 -9999 -9999 -9999 -9999 -9999 -9999 -9999 -9999 -9999 -9999 -9999 -9999 -9999 -9999 -9999 -9999 144 137 132 131 129 126 -9999 -9999 -9999 -9999 -9999 -9999 -9999 193 207 226 237 240 250 253 246 235 226 209 197 185 171 165 164 162 160 157 154 152 148 145 143 142 142 136 131 127 125 -9999 117 -9999 -9999 -9999 -9999 -9999 142 146 150 152
-9999 -9999 -9999 -9999 -9999 -9999 -9999 -9999 -9999 -9999 -9999 -9999 -9999 -9999 -9999 -9999 -9999 -9999 -9999 -9999 -9999 -9999 -9999 -9999 -9999 -9999 -9999 -9999 -9999 -9999 -9999 -9999 -9999 -9999 -9999 -9999 164 154 144 134 132 131 127 125 -9999 122 121 120 -9999 -9999 -9999 -9999 200 210 225 234 245 249 246 241 231 216 203 189 178 171 166 164 162 159 159 157 152 147 144 141 139 134 129 127 -9999 120 119 -9999 -9999 -9999 -9999 -9999 140 142 146 149
-9999 -9999 -9999 -9999 -9999 -9999 -9999 -9999 -9999 -9999 -9999 -9999 -9999 -9999 -9999 -9999 -9999 -9999 -9999 -9999 -9999 -9999 -9999 -9999 -9999 -9999 -9999 -9999 -9999 -9999 244 240 229 187 178 173 165 155 145 136 133 129 127 -9999 -9999 -9999 -9999 -9999 -9999 -9999 -9999 -9999 -9999 201 207 221 232 244 250 247 238 225 208 196 183 177 171 167 163 159 159 160 155 150 145 140 135 131 127 124 -9999 122 122 -9999 -9999 -9999 -9999 -9999 -9999 140 143 -9999
-9999 -9999 -9999 -9999 -9999 -9999 -9999 -9999 -9999 -9999 -9999 -9999 -9999 -9999 -9999 -9999 -9999 -9999 -9999 -9999 -9999 -9999 -9999 -9999 -9999 -9999 -9999 -9999 -9999 242 239 232 216 192 169 166 163 159 158 150 140 132 -9999 -9999 -9999 -9999 -9999 -9999 -9999 -9999 -9999 -9999 -9999 -9999 196 203 215 237 252 256 244 229 212 200 188 181 174 167 164 161 161 160 157 152 145 138 133 127 123 125 123 122 -9999 -9999 -9999 -9999 -9999 -9999 -9999 139 140 -9999
-9999 -9999 -9999 -9999 -9999 -9999 -9999 -9999 -9999 -9999 -9999 -9999 -9999 -9999 -9999 -9999 -9999 -9999 -9999 -9999 -9999 -9999 -9999 -9999 -9999 -9999 -9999 -9999 -9999 238 232 222 214 195 163 160 161 161 163 158 144 133 128 -9999 -9999 -9999 -9999 -9999 -9999 124 -9999 -9999 -9999 -9999 -9999 190 195 210 247 258 244 229 212 200 189 181 176 168 165 162 159 156 154 151 144 137 130 124 122 125 124 -9999 -9999 -9999 -9999 -9999 -9999 -9999 -9999 -9999 -9999 -9999
-9999 -9999 -9999 -9999 -9999 -9999 -9999 -9999 -9999 -9999 -9999 -9999 -9999 -9999 -9999 -9999 -9999 -9999 -9999 -9999 -9999 -9999 -9999 -9999 -9999 -9999 -9999 -9999 198 218 233 220 210 189 180 162 160 160 159 153 145 134 127 122 122 -9999 -9999 -9999 -9999 -9999 -9999 -9999 -9999 -9999 -9999 -9999 182 197 216 234 231 224 210 198 188 180 175 170 165 162 159 156 152 147 143 137 130 126 127 126 124 -9999 -9999 -9999 -9999 -9999 -9999 -9999 -9999 -9999 -9999 -9999
-9999 -9999 -9999 -9999 -9999 -9999 -9999 -9999 -9999 -9999 -9999 -9999 -9999 -9999 -9999 -9999 -9999 -9999 -9999 -9999 -9999 -9999 -9999 -9999 -9999 -9999 -9999 -9999 194 213 231 224 216 207 172 163 161 162 158 150 142 134 127 123 119 117 -9999 -9999 -9999 -9999 -9999 -9999 -9999 -9999 -9999 163 185 199 207 216 218 212 203 190 183 176 171 168 164 161 158 154 149 146 143 137 133 -9999 131 130 -9999 -9999 -9999 -9999 -9999 -9999 -9999 -9999 -9999 -9999 -9999 -9999
-9999 -9999 -9999 -9999 -9999 -9999 -9999 -9999 -9999 -9999 -9999 -9999 -9999 -9999 -9999 -9999 -9999 -9999 -9999 -9999 -9999 -9999 -9999 -9999 -9999 -9999 -9999 -9999 188 208 230 228 222 217 191 168 165 163 158 150 140 133 127 123 119 116 -9999 -9999 -9999 -9999 121 -9999 -9999 -9999 -9999 138 174 184 197 207 209 205 192 182 171 167 164 161 157 156 152 148 146 143 141 139 136 -9999 134 132 -9999 -9999 -9999 -9999 -9999 -9999 -9999 -9999 -9999 -9999 -9999 -9999
-9999 -9999 -9999 -9999 -9999 -9999 -9999 -9999 -9999 -9999 -9999 -9999 -9999 -9999 -9999 -9999 -9999 -9999 -9999 -9999 -9999 -9999 -9999 -9999 -9999 -9999 -9999 -9999 184 201 228 228 227 225 215 180 169 167 156 145 141 137 -9999 135 119 -9999 -9999 -9999 -9999 -9999 -9999 -9999 126 128 131 140 171 178 190 195 198 197 188 177 163 156 154 154 152 151 148 -9999 142 139 138 139 -9999 -9999 -9999 -9999 -9999 -9999 -9999 -9999 -9999 -9999 -9999 -9999 -9999 -9999 -9999 -9999
-9999 -9999 -9999 -9999 -9999 -9999 -9999 -9999 -9999 -9999 -9999 -9999 -9999 -9999 -9999 -9999 -9999 -9999 -9999 -9999 -9999 -9999 -9999 -9999 -9999 -9999 -9999 -9999 180 222 223 225 227 228 224 216 179 173 158 147 143 160 -9999 152 -9999 -9999 118 118 -9999 121 122 124 124 127 131 155 169 173 180 189 191 189 188 178 160 151 152 -9999 -9999 -9999 -9999 -9999 -9999 -9999 -9999 -9999 -9999 -9999 -9999 -9999 -9999 -9999 -9999 -9999 -9999 -9999 -9999 -9999 -9999 -9999 -9999 -9999
-9999 -9999 -9999 -9999 -9999 -9999 -9999 -9999 -9999 -9999 -9999 -9999 -9999 -9999 -9999 -9999 -9999 -9999 -9999 -9999 -9999 -9999 -9999 -9999 -9999 -9999 -9999 -9999 -9999 222 222 225 229 234 232 219 194 172 159 149 153 160 -9999 154 -9999 -9999 121 121 122 123 126 126 126 129 148 161 -9999 165 170 178 184 187 183 177 164 154 -9999 -9999 -9999 -9999 -9999 -9999 -9999 -9999 -9999 -9999 -9999 -9999 -9999 -9999 -9999 -9999 -9999 -9999 -9999 -9999 -9999 -9999 -9999 -9999 -9999 -9999
-9999 -9999 -9999 -9999 -9999 -9999 -9999 -9999 -9999 -9999 -9999 -9999 -9999 -9999 -9999 -9999 -9999 -9999 -9999 -9999 -9999 -9999 -9999 -9999 -9999 -9999 -9999 -9999 223 220 217 220 229 240 238 226 206 181 172 174 169 164 160 154 154 -9999 123 124 126 128 133 131 129 133 154 156 156 156 164 175 184 180 172 167 163 155 -9999 -9999 -9999 -9999 -9999 -9999 -9999 -9999 -9999 -9999 -9999 -9999 -9999 -9999 -9999 -9999 -9999 -9999 -9999 -9999 -9999 -9999 -9999 -9999 -9999 -9999
-9999 -9999 -9999 -9999 -9999 -9999 -9999 -9999 -9999 -9999 -9999 -9999 -9999 -9999 -9999 -9999 -9999 -9999 -9999 -9999 -9999 -9999 -9999 -9999 -9999 -9999 -9999 -9999 -9999 216 215 217 223 234 235 225 211 196 182 176 173 166 159 154 151 -9999 136 128 129 129 131 130 129 144 148 -9999 -9999 147 158 168 172 171 168 160 154 152 -9999 -9999 -9999 -9999 -9999 -9999 -9999 -9999 -9999 -9999 -9999 -9999 -9999 -9999 -9999 -9999 -9999 -9999 -9999 -9999 -9999 -9999 -9999 -9999 -9999 -9999
-9999 -9999 -9999 -9999 -9999 -9999 -9999 -9999 -9999 -9999 -9999 -9999 -9999 -9999 -9999 -9999 -9999 -9999 -9999 -9999 -9999 -9999 -9999 -9999 -9999 -9999 -9999 -9999 -9999 -9999 -9999 187 218 230 236 227 213 197 184 176 174 168 163 160 152 -9999 -9999 136 127 126 126 130 134 146 148 -9999 -9999 -9999 -9999 -9999 -9999 -9999 -9999 -9999 -9999 -9999 -9999 -9999 128 125 -9999 -9999 -9999 -9999 -9999 -9999 -9999 -9999 -9999 -9999 -9999 -9999 -9999 -9999 -9999 -9999 -9999 -9999 -9999 -9999 -9999 -9999
-9999 -9999 -9999 -9999 -9999 -9999 -9999 -9999 -9999 -9999 -9999 -9999 -9999 -9999 -9999 -9999 -9999 -9999 -9999 -9999 -9999 -9999 -9999 -9999 -9999 -9999 -9999 -9999 -9999 -9999 175 176 199 227 233 228 217 205 188 185 174 170 164 160 153 150 -9999 -9999 -9999 -9999 124 127 135 150 149 -9999 -9999 -9999 -9999 -9999 -9999 -9999 -9999 -9999 -9999 -9999 -9999 -9999 127 127 131 -9999 -9999 -9999 -9999 -9999 -9999 -9999 -9999 -9999 -9999 -9999 -9999 -9999 -9999 -9999 -9999 -9999 -9999 -9999 -9999 -9999
-9999 -9999 -9999 -9999 -9999 -9999 -9999 -9999 -9999 -9999 -9999 -9999 -9999 -9999 -9999 -9999 -9999 -9999 -9999 -9999 -9999 -9999 -9999 -9999 -9999 -9999 -9999 -9999 -9999 177 176 176 202 221 223 223 219 208 194 188 185 176 172 159 154 152 152 152 136 128 127 128 147 151 150 157 -9999 -9999 -9999 -9999 -9999 -9999 -9999 -9999 -9999 -9999 -9999 -9999 -9999 -9999 -9999 -9999 -9999 -9999 -9999 -9999 -9999 -9999 -9999 -9999 -9999 -9999 -9999 -9999 -9999 -9999 -9999 -9999 -9999 -9999 -9999 -9999
-9999 -9999 -9999 -9999 -9999 -9999 -9999 -9999 -9999 -9999 -9999 -9999 -9999 -9999 -9999 -9999 -9999 -9999 -9999 -9999 -9999 -9999 -9999 -9999 -9999 -9999 -9999 -9999 -9999 175 189 176 212 217 218 221 225 221 212 201 -9999 -9999 -9999 -9999 162 -9999 155 154 146 131 130 129 132 -9999 -9999 -9999 -9999 -9999 -9999 -9999 -9999 -9999 -9999 -9999 -9999 -9999 -9999 -9999 -9999 -9999 -9999 -9999 -9999 -9999 -9999 -9999 -9999 -9999 -9999 -9999 -9999 -9999 149 149 149 149 150 145 140 136 133 131
-9999 -9999 -9999 -9999 -9999 -9999 -9999 -9999 -9999 -9999 -9999 -9999 -9999 -9999 -9999 -9999 -9999 -9999 -9999 -9999 -9999 -9999 -9999 -9999 -9999 -9999 -9999 -9999 -9999 -9999 177 211 210 213 215 220 228 232 220 209 199 -9999 -9999 -9999 -9999 -9999 162 -9999 155 155 -9999 130 -9999 -9999 -9999 -9999 -9999 -9999 134 134 133 140 -9999 -9999 -9999 -9999 -9999 -9999 -9999 -9999 -9999 -9999 -9999 -9999 -9999 -9999 -9999 -9999 -9999 145 146 148 149 151 152 151 149 146 139 134 129 127
-9999 -9999 -9999 -9999 -9999 -9999 -9999 -9999 -9999 -9999 -9999 -9999 -9999 -9999 -9999 -9999 -9999 -9999 -9999 -9999 -9999 -9999 -9999 -9999 -9999 -9999 -9999 -9999 -9999 -9999 210 208 208 209 211 218 226 233 224 214 204 196 188 179 -9999 171 166 164 -9999 -9999 -9999 -9999 -9999 -9999 139 137 134 132 131 130 132 132 132 -9999 -9999 -9999 -9999 -9999 -9999 -9999 -9999 -9999 -9999 -9999 -9999 -9999 -9999 -9999 143 145 146 147 148 151 154 155 152 147 140 132 122 117
-9999 -9999 -9999 -9999 -9999 -9999 -9999 -9999 -9999 -9999 -9999 -9999 -9999 -9999 -9999 -9999 -9999 -9999 -9999 -9999 -9999 -9999 -9999 -9999 -9999 -9999 -9999 -9999 -9999 -9999 -9999 207 206 207 210 217 221 224 221 216 208 199 192 183 180 170 168 -9999 -9999 -9999 -9999 -9999 141 140 137 134 133 131 130 129 128 -9999 131 -9999 -9999 -9999 -9999 -9999 -9999 -9999 -9999 -9999 -9999 134 137 139 141 143 145 146 146 147 150 151 152 153 149 143 136 129 120 110
-9999 -9999 -9999 -9999 -9999 -9999 -9999 -9999 -9999 -9999 -9999 -9999 -9999 -9999 -9999 -9999 -9999 -9999 -9999 -9999 -9999 -9999 -9999 -9999 -9999 -9999 -9999 -9999 -9999 -9999 -9999 -9999 201 204 207 213 218 220 219 212 207 201 192 185 176 171 -9999 -9999 156 154 154 148 143 141 138 133 131 130 129 129 131 132 130 129 128 -9999 -9999 -9999 128 128 130 130 132 134 136 138 141 143 146 147 148 147 149 151 150 148 143 136 131 124 117 109
-9999 -9999 -9999 -9999 -9999 -9999 -9999 -9999 -9999 -9999 -9999 -9999 -9999 -9999 -9999 -9999 -9999 -9999 -9999 -9999 -9999 -9999 -9999 -9999 -9999 -9999 -9999 -9999 -9999 -9999 203 200 198 201 203 205 208 210 209 207 203 196 189 180 172 167 165 161 156 154 152 146 141 139 136 133 131 129 129 129 130 131 129 127 127 125 126 125 126 127 128 130 132 134 137 138 139 140 144 146 146 147 145 144 142 140 136 130 125 119 113 108
-9999 -9999 -9999 -9999 -9999 -9999 -9999 -9999 -9999 -9999 -9999 -9999 -9999 -9999 -9999 -9999 -9999 -9999 -9999 -9999 -9999 -9999 -9999 -9999 214 212 210 208 207 205 -9999 198 195 195 197 198 200 201 202 202 198 190 183 175 171 166 162 159 154 150 146 144 140 138 137 133 131 131 132 130 129 128 127 126 124 123 122 122 124 125 127 129 131 135 136 140 142 141 141 141 140 141 140 138 138 134 130 126 120 115 111 108
-9999 -9999 -9999 -9999 -9999 -9999 -9999 -9999 -9999 -9999 -9999 -9999 -9999 -9999 -9999 -9999 -9999 -9999 -9999 -9999 223 221 214 214 212 211 210 208 206 202 198 193 193 192 194 194 195 194 195 194 189 183 176 169 165 161 157 153 149 147 145 145 141 140 140 137 134 133 132 130 131 132 130 127 124 123 122 120 120 124 127 129 131 132 135 138 138 139 138 138 138 136 136 134 132 129 125 120 116 112 109 107
-9999 -9999 -9999 -9999 -9999 -9999 -9999 -9999 -9999 -9999 -9999 224 224 222 221 222 223 224 223 222 220 217 212 211 210 211 210 208 206 201 196 191 190 190 189 191 192 193 192 192 177 168 163 158 156 154 152 147 145 143 144 142 140 140 140 136 135 134 132 133 135 136 131 128 127 123 123 121 120 122 125 127 130 133 133 133 134 135 133 134 134 132 130 128 126 123 121 116 112 109 105 104
-9999 -9999 -9999 -9999 -9999 -9999 -9999 -9999 -9999 219 -9999 -9999 222 222 221 221 222 222 222 221 218 214 211 209 210 211 211 210 208 202 196 191 189 184 186 187 187 186 187 185 178 163 155 155 153 149 145 145 142 141 139 141 139 141 139 137 136 134 133 134 136 135 132 129 127 124 121 122 122 120 122 124 126 128 128 129 128 130 130 130 127 126 124 122 120 118 115 111 108 105 104 104
-9999 -9999 -9999 -9999 -9999 -9999 -9999 -9999 216 217 -9999 -9999 222 220 220 220 222 222 222 220 217 214 212 211 212 213 213 212 209 204 199 192 184 182 182 183 182 181 183 183 175 168 160 154 154 154 142 140 137 136 135 135 137 138 136 136 138 136 136 135 135 135 133 130 127 123 122 124 124 123 124 124 125 125 125 125 124 126 125 122 121 121 118 116 113 111 109 107 105 102 100 101
-9999 -9999 -9999 -9999 -9999 -9999 -9999 -9999 215 217 219 -9999 221 219 219 220 221 222 221 220 218 215 213 212 215 220 220 218 215 212 204 198 191 184 180 179 180 179 177 175 170 167 161 153 151 146 139 135 134 131 130 130 131 132 132 133 134 135 138 137 136 136 134 130 126 126 123 124 123 122 123 124 123 122 121 121 119 119 118 119 118 116 114 111 110 109 107 105 103 102 100 99
-9999 -9999 -9999 -9999 -9999 -9999 -9999 218 216 219 221 223 -9999 219 219 220 220 220 220 218 216 215 215 215 217 220 222 221 219 215 208 202 196 191 184 177 172 168 168 166 164 164 162 155 148 142 135 132 130 127 126 126 128 127 129 131 132 135 139 139 139 137 134 134 126 121 121 122 120 120 121 119 119 118 118 118 118 117 116 114 112 110 109 108 107 106 105 104 102 100 99 98
-9999 -9999 -9999 -9999 -9999 -9999 -9999 219 219 221 222 223 223 221 220 219 218 218 217 216 215 215 215 216 219 222 228 225 223 221 211 204 197 190 184 177 172 164 161 159 157 154 152 147 145 139 134 133 125 126 124 122 124 126 128 130 134 137 140 141 140 137 134 133 128 122 119 117 117 117 119 120 119 118 118 117 116 115 114 110 108 106 106 105 104 103 102 101 100 98 97 97
-9999 -9999 -9999 -9999 -9999 -9999 -9999 221 222 225 225 225 223 223 221 222 219 217 217 215 214 216 216 218 219 221 225 229 231 224 218 208 200 193 185 179 171 165 161 162 159 156 150 145 140 134 129 126 123 124 120 119 120 123 126 129 133 137 142 143 139 134 132 130 128 125 123 118 122 123 125 127 122 119 117 116 115 113 110 107 104 103 102 103 102 100 99 99 97 97 96 96
-9999 -9999 -9999 -9999 -9999 -9999 220 222 224 228 228 228 225 226 227 226 219 217 216 213 213 217 218 220 220 221 230 234 241 237 229 219 210 197 194 202 200 183 166 165 162 158 152 144 151 137 132 129 121 115 114 116 118 122 126 128 132 136 138 138 136 133 131 130 130 126 123 120 120 124 125 125 122 120 117 113 111 110 106 104 102 100 98 98 97 97 95 95 95 95 94 95
-9999 -9999 -9999 -9999 -9999 219 220 223 227 228 230 230 228 225 226 230 220 216 214 214 216 219 222 228 224 220 221 227 233 236 234 221 217 221 223 203 185 191 175 187 175 175 161 144 135 128 121 121 117 111 107 111 116 121 129 131 132 133 135 135 135 133 132 129 127 126 127 126 122 122 122 122 119 118 114 111 108 106 104 100 99 98 97 96 95 94 93 93 93 94 94 94
-9999 -9999 -9999 -9999 218 220 223 226 227 228 228 228 224 223 222 219 217 216 214 214 218 222 225 231 227 224 224 226 229 227 224 228 229 234 212 217 202 201 201 191 185 223 222 182 138 128 117 113 110 105 103 103 108 112 118 124 127 129 131 134 135 133 130 129 127 126 126 126 124 125 125 125 122 119 113 110 106 104 103 100 98 97 97 96 96 95 94 92 93 93 95 94
-9999 -9999 214 217 219 222 224 226 227 228 227 226 223 222 219 220 218 216 215 215 222 225 228 226 225 226 226 228 234 229 220 217 221 252 219 212 202 234 200 174 187 225 303 307 222 170 138 119 109 105 98 100 103 107 113 119 119 121 124 126 130 132 131 130 127 127 128 128 128 129 129 126 124 119 113 108 104 102 99 96 96 95 96 95 96 96 95 93 92 93 95 96
210 211 215 218 221 223 224 227 228 228 228 226 223 219 218 216 214 215 217 217 223 227 227 228 228 227 231 232 234 240 248 249 252 255 221 206 196 196 196 169 181 166 190 178 171 169 157 136 118 108 101 99 100 104 109 114 118 118 119 122 126 128 130 132 130 132 132 133 135 136 135 129 125 120 115 110 105 97 95 95 94 93 94 95 96 95 95 96 94 94 98 99
