resultados/variables_proyeccion_tiempo/variables_futuro_csiro_A1B/bio15.asc
ncols 330
nrows 228
xllcorner -12.000000
yllcorner 34.000000
cellsize 0.166667
NODATA_value -9999
[rows 147 to 195 of 228, columns 0 to 95 of 330]
-9999 -9999 -9999 -9999 -9999 -9999 -9999 -9999 -9999 -9999 -9999 -9999 -9999 -9999 -9999 -9999 -9999 -9999 -9999 -9999 -9999 -9999 -9999 -9999 -9999 -9999 -9999 -9999 -9999 -9999 -9999 -9999 -9999 -9999 -9999 -9999 -9999 -9999 -9999 -9999 -9999 -9999 -9999 -9999 -9999 -9999 -9999 -9999 -9999 -9999 -9999 -9999 40 40 40 -9999 -9999 39 39 38 37 37 36 35 34 32 31 30 29 28 27 27 27 26 26 25 24 22 21 19 18 18 17 17 17 16 16 15 14 14 14 13 13 13 14 15
-9999 -9999 -9999 -9999 -9999 -9999 -9999 -9999 -9999 -9999 -9999 -9999 -9999 -9999 -9999 -9999 -9999 -9999 -9999 -9999 -9999 -9999 -9999 -9999 -9999 -9999 -9999 -9999 -9999 -9999 -9999 -9999 -9999 -9999 -9999 -9999 -9999 -9999 -9999 -9999 -9999 -9999 -9999 -9999 -9999 -9999 -9999 -9999 -9999 -9999 -9999 -9999 39 39 -9999 -9999 -9999 39 39 38 38 38 37 36 35 33 32 30 30 28 28 27 27 27 26 25 24 22 21 20 19 18 18 17 17 17 16 15 14 14 14 13 13 13 13 14
-9999 -9999 -9999 -9999 -9999 -9999 -9999 -9999 -9999 -9999 -9999 -9999 -9999 -9999 -9999 -9999 -9999 -9999 -9999 -9999 -9999 -9999 -9999 -9999 -9999 -9999 -9999 -9999 -9999 -9999 -9999 -9999 -9999 -9999 -9999 -9999 -9999 -9999 -9999 -9999 -9999 -9999 -9999 -9999 -9999 -9999 -9999 -9999 -9999 -9999 -9999 -9999 -9999 -9999 -9999 -9999 -9999 -9999 39 38 38 38 38 37 36 34 33 31 30 30 29 28 27 27 26 25 24 22 21 20 19 18 17 17 17 17 16 15 14 14 13 13 13 13 13 13
-9999 -9999 -9999 -9999 -9999 -9999 -9999 -9999 -9999 -9999 -9999 -9999 -9999 -9999 -9999 -9999 -9999 -9999 -9999 -9999 -9999 -9999 -9999 -9999 -9999 -9999 -9999 -9999 -9999 -9999 -9999 -9999 -9999 -9999 -9999 -9999 -9999 -9999 -9999 -9999 -9999 -9999 -9999 -9999 -9999 -9999 -9999 -9999 -9999 -9999 -9999 -9999 -9999 -9999 -9999 -9999 -9999 -9999 38 38 38 38 38 37 36 35 33 32 31 30 29 29 28 27 26 25 24 23 22 20 19 18 18 17 17 16 16 15 14 13 13 13 13 13 13 13
-9999 -9999 -9999 -9999 -9999 -9999 -9999 -9999 -9999 -9999 -9999 -9999 -9999 -9999 -9999 -9999 -9999 -9999 -9999 -9999 -9999 -9999 -9999 -9999 -9999 -9999 -9999 -9999 -9999 -9999 -9999 -9999 -9999 -9999 -9999 -9999 -9999 -9999 -9999 -9999 -9999 -9999 -9999 -9999 -9999 -9999 -9999 -9999 -9999 -9999 -9999 -9999 -9999 -9999 -9999 -9999 -9999 -9999 -9999 38 38 38 37 37 36 35 34 33 32 31 30 30 28 28 27 26 25 24 22 21 20 19 18 17 17 16 15 14 13 13 12 12 12 12 12 12
-9999 -9999 -9999 -9999 -9999 -9999 -9999 -9999 -9999 -9999 -9999 -9999 -9999 -9999 -9999 -9999 -9999 -9999 -9999 -9999 -9999 -9999 -9999 -9999 -9999 -9999 -9999 -9999 -9999 -9999 -9999 -9999 -9999 -9999 -9999 -9999 -9999 -9999 -9999 -9999 -9999 -9999 -9999 -9999 -9999 -9999 -9999 -9999 -9999 -9999 -9999 -9999 -9999 -9999 -9999 -9999 -9999 -9999 -9999 -9999 37 37 37 37 36 36 35 34 33 32 31 30 29 28 27 26 25 24 23 22 21 19 18 17 16 15 15 13 13 12 12 12 12 12 12 12
-9999 -9999 -9999 -9999 -9999 -9999 -9999 -9999 -9999 -9999 -9999 -9999 -9999 -9999 -9999 -9999 -9999 -9999 -9999 -9999 -9999 -9999 -9999 -9999 -9999 -9999 -9999 -9999 -9999 -9999 -9999 -9999 -9999 -9999 -9999 -9999 -9999 -9999 -9999 -9999 -9999 -9999 -9999 -9999 -9999 -9999 -9999 -9999 -9999 -9999 -9999 -9999 -9999 -9999 -9999 -9999 -9999 -9999 -9999 -9999 -9999 36 37 36 36 36 36 35 34 34 33 31 30 29 28 27 26 25 24 22 21 20 19 17 16 15 14 13 13 13 13 13 13 13 13 12
-9999 -9999 -9999 -9999 -9999 -9999 -9999 -9999 -9999 -9999 -9999 -9999 -9999 -9999 -9999 -9999 -9999 -9999 -9999 -9999 -9999 -9999 -9999 -9999 -9999 -9999 -9999 -9999 -9999 -9999 -9999 -9999 -9999 -9999 -9999 -9999 -9999 -9999 -9999 -9999 -9999 -9999 -9999 -9999 -9999 -9999 -9999 -9999 -9999 -9999 -9999 -9999 -9999 -9999 -9999 -9999 -9999 -9999 -9999 -9999 -9999 -9999 36 36 37 36 36 35 35 34 33 32 31 30 29 28 26 25 24 23 22 20 19 18 16 15 14 14 13 14 14 14 14 14 14 14
-9999 -9999 -9999 -9999 -9999 -9999 -9999 -9999 -9999 -9999 -9999 -9999 -9999 -9999 -9999 -9999 -9999 -9999 -9999 -9999 -9999 -9999 -9999 -9999 -9999 -9999 -9999 -9999 -9999 -9999 -9999 -9999 -9999 -9999 -9999 -9999 -9999 -9999 -9999 -9999 -9999 -9999 -9999 -9999 -9999 -9999 -9999 -9999 -9999 -9999 -9999 -9999 -9999 -9999 -9999 -9999 -9999 -9999 -9999 -9999 -9999 -9999 -9999 36 -9999 36 36 35 34 34 33 32 31 30 29 28 27 26 25 23 22 21 19 18 17 16 15 14 14 15 16 16 15 15 14 14
-9999 -9999 -9999 -9999 -9999 -9999 -9999 -9999 -9999 -9999 -9999 -9999 -9999 -9999 -9999 -9999 -9999 -9999 -9999 -9999 -9999 -9999 -9999 -9999 -9999 -9999 -9999 -9999 -9999 -9999 -9999 -9999 -9999 -9999 -9999 -9999 -9999 -9999 -9999 -9999 -9999 -9999 -9999 -9999 -9999 -9999 -9999 -9999 -9999 -9999 -9999 -9999 -9999 -9999 -9999 -9999 -9999 -9999 -9999 -9999 -9999 -9999 -9999 36 36 36 35 35 34 33 32 32 31 30 29 28 27 26 25 24 23 21 19 18 17 16 15 15 15 16 19 19 18 17 15 15
-9999 -9999 -9999 -9999 -9999 -9999 -9999 -9999 -9999 -9999 -9999 -9999 -9999 -9999 -9999 -9999 -9999 -9999 -9999 -9999 -9999 -9999 -9999 -9999 -9999 -9999 -9999 -9999 -9999 -9999 -9999 -9999 -9999 -9999 -9999 -9999 -9999 -9999 -9999 -9999 -9999 -9999 -9999 -9999 -9999 -9999 -9999 -9999 -9999 -9999 -9999 -9999 -9999 -9999 -9999 -9999 -9999 -9999 -9999 -9999 -9999 -9999 -9999 -9999 35 35 35 34 34 33 32 31 30 30 29 28 27 26 25 24 23 21 19 18 17 16 15 15 15 15 21 22 20 18 15 15
-9999 -9999 -9999 -9999 -9999 -9999 -9999 -9999 -9999 -9999 -9999 -9999 -9999 -9999 -9999 -9999 -9999 -9999 -9999 -9999 -9999 -9999 -9999 -9999 -9999 -9999 -9999 -9999 -9999 -9999 -9999 -9999 -9999 -9999 -9999 -9999 -9999 -9999 -9999 -9999 -9999 -9999 -9999 -9999 -9999 -9999 -9999 -9999 -9999 -9999 -9999 -9999 -9999 -9999 -9999 -9999 -9999 -9999 -9999 -9999 -9999 -9999 -9999 -9999 -9999 35 34 34 33 32 32 31 30 30 29 28 27 26 24 23 22 20 19 17 16 16 16 16 15 15 19 21 20 17 17 13
-9999 -9999 -9999 -9999 -9999 -9999 -9999 -9999 -9999 -9999 -9999 -9999 -9999 -9999 -9999 -9999 -9999 -9999 -9999 -9999 -9999 -9999 -9999 -9999 -9999 -9999 -9999 -9999 -9999 -9999 -9999 -9999 -9999 -9999 -9999 -9999 -9999 -9999 -9999 -9999 -9999 -9999 -9999 -9999 -9999 -9999 -9999 -9999 -9999 -9999 -9999 -9999 -9999 -9999 -9999 -9999 -9999 -9999 -9999 -9999 -9999 -9999 -9999 -9999 -9999 34 34 34 33 32 31 30 30 29 28 28 26 25 24 23 21 20 18 17 17 16 16 16 15 14 15 19 19 17 18 15
-9999 -9999 -9999 -9999 -9999 -9999 -9999 -9999 -9999 -9999 -9999 -9999 -9999 -9999 -9999 -9999 -9999 -9999 -9999 -9999 -9999 -9999 -9999 -9999 -9999 -9999 -9999 -9999 -9999 -9999 -9999 -9999 -9999 -9999 -9999 -9999 -9999 -9999 -9999 -9999 -9999 -9999 -9999 -9999 -9999 -9999 -9999 -9999 -9999 -9999 -9999 -9999 -9999 -9999 -9999 -9999 -9999 -9999 -9999 -9999 -9999 -9999 -9999 -9999 -9999 34 33 34 33 32 31 30 30 29 28 27 26 25 24 22 21 20 18 17 17 16 16 15 14 14 15 16 17 17 16 16
-9999 -9999 -9999 -9999 -9999 -9999 -9999 -9999 -9999 -9999 -9999 -9999 -9999 -9999 -9999 -9999 -9999 -9999 -9999 -9999 -9999 -9999 -9999 -9999 -9999 -9999 -9999 -9999 -9999 -9999 -9999 -9999 -9999 -9999 -9999 -9999 -9999 -9999 -9999 -9999 -9999 -9999 -9999 -9999 -9999 -9999 -9999 -9999 -9999 -9999 -9999 -9999 -9999 -9999 -9999 -9999 -9999 -9999 -9999 -9999 -9999 -9999 -9999 -9999 33 33 33 33 33 32 31 30 29 28 27 26 25 24 23 22 20 20 18 18 17 16 15 15 14 13 13 13 14 15 16 16
-9999 -9999 -9999 -9999 -9999 -9999 -9999 -9999 -9999 -9999 -9999 -9999 -9999 -9999 -9999 -9999 -9999 -9999 -9999 -9999 -9999 -9999 -9999 -9999 -9999 -9999 -9999 -9999 -9999 -9999 -9999 -9999 -9999 -9999 -9999 -9999 -9999 -9999 -9999 -9999 -9999 -9999 -9999 -9999 -9999 -9999 -9999 -9999 -9999 -9999 -9999 -9999 -9999 -9999 -9999 -9999 -9999 -9999 -9999 -9999 -9999 -9999 -9999 -9999 32 32 32 33 32 32 31 30 29 28 27 26 24 24 22 21 20 20 19 18 17 17 16 15 14 12 12 12 11 12 13 13
-9999 -9999 -9999 -9999 -9999 -9999 -9999 -9999 -9999 -9999 -9999 -9999 -9999 -9999 -9999 -9999 -9999 -9999 -9999 -9999 -9999 -9999 -9999 -9999 -9999 -9999 -9999 -9999 -9999 -9999 -9999 -9999 -9999 -9999 -9999 -9999 -9999 -9999 -9999 -9999 -9999 -9999 -9999 -9999 -9999 -9999 -9999 -9999 -9999 -9999 -9999 -9999 -9999 -9999 -9999 -9999 -9999 -9999 -9999 -9999 -9999 -9999 -9999 -9999 32 32 32 32 32 31 30 29 28 27 26 25 24 23 22 21 20 19 18 18 17 18 16 16 14 12 11 10 10 10 12 12
-9999 -9999 -9999 -9999 -9999 -9999 -9999 -9999 -9999 -9999 -9999 -9999 -9999 -9999 -9999 -9999 -9999 -9999 -9999 -9999 -9999 -9999 -9999 -9999 -9999 -9999 -9999 -9999 -9999 -9999 -9999 -9999 -9999 -9999 -9999 -9999 -9999 -9999 -9999 -9999 -9999 -9999 -9999 -9999 -9999 -9999 -9999 -9999 -9999 -9999 -9999 -9999 -9999 -9999 -9999 -9999 -9999 -9999 -9999 -9999 -9999 -9999 -9999 -9999 33 33 33 32 32 31 30 29 28 27 26 25 24 22 21 20 19 19 19 19 19 19 18 17 16 13 11 11 11 12 12 14
-9999 -9999 -9999 -9999 -9999 -9999 -9999 -9999 -9999 -9999 -9999 -9999 -9999 -9999 -9999 -9999 -9999 -9999 -9999 -9999 -9999 -9999 -9999 -9999 -9999 -9999 -9999 -9999 -9999 -9999 -9999 -9999 -9999 -9999 -9999 -9999 -9999 -9999 -9999 -9999 -9999 -9999 -9999 -9999 -9999 -9999 -9999 -9999 -9999 -9999 -9999 -9999 -9999 -9999 -9999 -9999 -9999 -9999 -9999 -9999 -9999 -9999 -9999 -9999 34 33 33 32 32 30 29 28 27 27 26 24 23 22 21 20 20 19 18 19 19 18 18 18 17 16 14 14 14 16 14 18
-9999 -9999 -9999 -9999 -9999 -9999 -9999 -9999 -9999 -9999 -9999 -9999 -9999 -9999 -9999 -9999 -9999 -9999 -9999 -9999 -9999 -9999 -9999 -9999 -9999 -9999 -9999 -9999 -9999 -9999 -9999 -9999 -9999 -9999 -9999 -9999 -9999 -9999 -9999 -9999 -9999 -9999 -9999 -9999 -9999 -9999 -9999 -9999 -9999 -9999 -9999 -9999 -9999 -9999 -9999 -9999 -9999 -9999 -9999 -9999 -9999 -9999 -9999 -9999 34 34 33 32 31 30 28 27 26 26 25 24 23 21 20 20 20 19 18 19 19 18 18 18 17 16 16 16 15 17 21 25
-9999 -9999 -9999 -9999 -9999 -9999 -9999 -9999 -9999 -9999 -9999 -9999 -9999 -9999 -9999 -9999 -9999 -9999 -9999 -9999 -9999 -9999 -9999 -9999 -9999 -9999 -9999 -9999 -9999 -9999 -9999 -9999 -9999 -9999 -9999 -9999 -9999 -9999 -9999 -9999 -9999 -9999 -9999 -9999 -9999 -9999 -9999 -9999 -9999 -9999 -9999 -9999 -9999 -9999 -9999 -9999 -9999 -9999 -9999 -9999 -9999 -9999 -9999 -9999 35 34 34 32 31 30 28 27 26 25 24 23 22 21 20 20 20 20 19 20 21 21 21 20 20 20 20 19 18 18 27 31
-9999 -9999 -9999 -9999 -9999 -9999 -9999 -9999 -9999 -9999 -9999 -9999 -9999 -9999 -9999 -9999 -9999 -9999 -9999 -9999 -9999 -9999 -9999 -9999 -9999 -9999 -9999 -9999 -9999 -9999 -9999 -9999 -9999 -9999 -9999 -9999 -9999 -9999 -9999 -9999 -9999 -9999 -9999 -9999 -9999 -9999 -9999 -9999 -9999 -9999 -9999 -9999 -9999 -9999 -9999 -9999 -9999 -9999 -9999 -9999 -9999 -9999 -9999 35 35 34 34 33 31 30 28 27 25 24 23 22 21 20 19 19 19 20 20 22 23 23 23 23 25 24 21 20 22 27 32 35
-9999 -9999 -9999 -9999 -9999 -9999 -9999 -9999 -9999 -9999 -9999 -9999 -9999 -9999 -9999 -9999 -9999 -9999 -9999 -9999 -9999 -9999 -9999 46 45 45 45 45 -9999 -9999 -9999 -9999 -9999 -9999 -9999 -9999 -9999 -9999 -9999 -9999 -9999 -9999 -9999 -9999 -9999 -9999 -9999 -9999 -9999 -9999 -9999 -9999 -9999 -9999 -9999 -9999 -9999 -9999 -9999 -9999 -9999 -9999 -9999 34 34 35 34 33 31 30 28 26 25 23 22 21 20 19 18 18 19 20 22 22 24 24 22 21 20 21 24 26 28 31 34 37
-9999 -9999 -9999 -9999 -9999 -9999 -9999 -9999 -9999 -9999 -9999 -9999 -9999 -9999 -9999 -9999 -9999 -9999 -9999 -9999 -9999 -9999 49 48 48 46 46 46 46 45 43 42 40 38 37 36 36 35 35 34 34 -9999 -9999 -9999 -9999 -9999 -9999 -9999 -9999 -9999 -9999 -9999 -9999 -9999 -9999 -9999 -9999 -9999 -9999 -9999 -9999 -9999 33 33 34 34 34 32 31 29 27 25 24 22 20 20 18 18 17 17 19 20 21 23 26 27 23 20 20 23 28 31 35 35 38 40
-9999 -9999 -9999 -9999 -9999 -9999 -9999 -9999 -9999 -9999 -9999 -9999 -9999 -9999 -9999 -9999 -9999 -9999 -9999 -9999 -9999 52 51 50 50 49 48 48 47 46 44 43 41 39 38 38 36 36 35 35 35 36 35 34 37 37 36 37 37 38 37 38 39 39 40 38 36 36 -9999 -9999 30 32 32 32 33 33 32 31 30 28 26 24 23 21 19 18 17 17 16 16 17 19 21 24 23 19 22 24 27 31 34 36 37 39 40 -9999
-9999 -9999 -9999 -9999 -9999 -9999 -9999 -9999 -9999 -9999 -9999 -9999 -9999 -9999 -9999 -9999 -9999 54 53 54 53 53 54 53 53 53 53 51 50 47 47 44 43 42 40 38 37 37 35 34 33 33 31 31 33 34 34 34 35 33 33 35 35 38 39 37 33 32 31 31 30 30 31 31 31 31 31 30 29 27 25 23 22 20 18 17 16 15 15 15 16 18 20 23 28 32 34 35 35 36 36 37 38 40 -9999 -9999
-9999 -9999 -9999 -9999 -9999 -9999 -9999 -9999 -9999 -9999 -9999 -9999 -9999 -9999 -9999 -9999 55 55 55 55 55 56 56 55 55 56 55 54 51 50 50 47 45 42 40 37 37 36 34 32 32 31 30 30 31 28 29 30 30 30 29 30 33 34 33 30 30 30 29 29 28 29 29 28 28 26 28 26 24 23 22 21 19 18 16 16 15 14 13 13 14 15 17 19 24 28 25 29 32 35 37 -9999 -9999 -9999 -9999 -9999
-9999 -9999 -9999 -9999 -9999 -9999 -9999 -9999 -9999 -9999 -9999 -9999 -9999 -9999 -9999 -9999 58 57 58 59 60 59 59 59 58 57 57 56 53 53 51 48 46 43 41 39 37 36 34 33 32 31 30 28 28 28 27 28 28 29 29 29 28 28 28 27 27 26 26 26 27 30 29 26 25 23 22 19 20 18 16 17 15 15 15 14 13 12 11 11 11 12 12 14 16 21 18 22 28 34 39 -9999 -9999 -9999 -9999 -9999
-9999 -9999 -9999 -9999 -9999 -9999 -9999 -9999 -9999 -9999 -9999 -9999 -9999 -9999 -9999 -9999 -9999 61 62 63 63 63 62 60 59 59 58 58 55 54 51 53 53 48 44 42 40 39 38 35 34 32 31 30 29 28 27 27 27 27 26 28 27 27 27 25 24 23 23 25 26 29 30 29 26 24 22 20 17 15 15 14 14 14 14 14 13 12 12 11 11 11 11 12 12 14 17 24 32 39 41 -9999 -9999 -9999 -9999 -9999
-9999 -9999 -9999 -9999 -9999 -9999 -9999 -9999 -9999 -9999 -9999 -9999 -9999 -9999 -9999 -9999 -9999 64 64 66 65 63 61 61 59 60 61 61 58 55 59 63 62 54 48 45 42 41 39 36 34 32 30 30 29 27 26 26 25 25 25 26 26 25 26 24 22 22 22 24 26 28 27 27 26 23 22 21 19 17 15 14 14 13 13 13 12 12 11 11 12 12 12 13 13 13 15 18 29 37 39 -9999 -9999 -9999 -9999 -9999
-9999 -9999 -9999 -9999 -9999 -9999 -9999 -9999 -9999 -9999 -9999 -9999 -9999 -9999 -9999 -9999 -9999 -9999 67 66 66 63 63 63 63 61 61 61 63 63 64 61 54 48 48 46 43 40 38 36 33 32 31 30 28 27 27 26 25 24 24 24 24 24 24 24 22 21 21 22 24 26 26 26 23 21 19 19 18 17 15 14 14 13 12 12 12 12 12 11 13 13 13 13 14 15 15 17 22 29 34 43 -9999 -9999 -9999 -9999
-9999 -9999 -9999 -9999 -9999 -9999 -9999 -9999 -9999 -9999 -9999 -9999 -9999 -9999 -9999 -9999 -9999 -9999 67 67 67 65 63 65 64 63 61 59 59 63 57 53 52 49 47 45 42 39 36 34 33 32 31 30 29 28 27 26 25 24 24 23 22 21 21 21 21 20 20 21 23 25 25 24 23 22 20 20 19 18 16 15 14 14 13 13 13 13 13 14 16 13 14 15 16 16 18 20 26 35 41 38 -9999 -9999 -9999 -9999
-9999 -9999 -9999 -9999 -9999 -9999 -9999 -9999 -9999 -9999 -9999 -9999 -9999 -9999 -9999 -9999 -9999 -9999 65 67 68 67 64 62 63 64 64 62 62 62 56 56 58 53 49 45 41 38 36 34 32 31 31 31 30 29 28 26 26 24 24 23 23 21 21 20 20 19 19 20 22 24 24 24 23 22 21 21 21 22 21 19 17 16 14 14 14 15 16 18 18 18 19 23 22 20 19 22 28 36 41 42 -9999 -9999 -9999 -9999
-9999 -9999 -9999 -9999 -9999 -9999 -9999 -9999 -9999 -9999 -9999 -9999 -9999 -9999 -9999 -9999 -9999 -9999 68 68 66 67 65 65 63 63 65 67 65 64 62 61 59 54 49 45 42 38 36 35 33 33 32 31 31 30 28 27 26 25 24 23 23 22 21 21 20 20 19 20 21 23 24 25 25 22 21 22 22 22 22 21 20 19 17 16 17 18 19 21 21 22 23 24 23 21 20 23 33 34 41 43 -9999 -9999 -9999 -9999
-9999 -9999 -9999 -9999 -9999 -9999 -9999 -9999 -9999 -9999 -9999 -9999 -9999 -9999 -9999 -9999 -9999 -9999 69 68 68 68 67 66 66 66 68 68 66 66 61 63 59 53 49 45 42 39 37 35 34 33 33 33 32 30 29 28 28 27 26 25 23 22 21 21 20 21 20 20 19 19 23 25 26 26 23 23 22 22 23 23 23 22 21 20 21 22 22 22 22 22 25 26 22 22 23 29 37 37 43 -9999 -9999 -9999 -9999 -9999
-9999 -9999 -9999 -9999 -9999 -9999 -9999 -9999 -9999 -9999 -9999 -9999 -9999 -9999 -9999 -9999 -9999 -9999 -9999 69 68 69 68 68 68 70 69 68 70 67 63 61 59 53 49 45 42 39 37 35 34 33 33 34 32 30 29 28 28 27 26 25 24 24 22 22 20 20 20 20 20 21 23 25 26 25 24 24 25 24 24 24 24 25 24 24 24 24 24 22 22 25 25 28 28 31 31 31 38 -9999 -9999 -9999 -9999 -9999 -9999 -9999
-9999 -9999 -9999 -9999 -9999 -9999 -9999 -9999 -9999 -9999 -9999 -9999 -9999 -9999 -9999 -9999 -9999 -9999 -9999 68 67 67 68 69 71 68 69 71 71 68 65 62 58 54 49 45 42 39 37 35 33 33 32 32 30 30 28 28 27 26 26 26 24 23 22 22 20 20 20 20 21 22 23 24 26 25 24 24 26 27 26 27 27 27 28 26 25 24 24 26 24 26 31 32 36 37 -9999 -9999 -9999 -9999 -9999 -9999 -9999 -9999 -9999 -9999
-9999 -9999 -9999 -9999 -9999 -9999 -9999 -9999 -9999 -9999 -9999 -9999 -9999 -9999 -9999 -9999 -9999 -9999 -9999 66 65 65 67 69 69 73 73 72 69 70 67 62 58 54 49 44 41 38 35 32 32 31 31 31 29 28 28 28 28 27 26 23 22 22 22 21 19 19 20 20 21 22 24 24 25 26 26 26 27 29 30 31 31 30 30 33 28 26 28 34 33 34 34 34 39 -9999 -9999 -9999 -9999 -9999 -9999 -9999 -9999 -9999 -9999 -9999
-9999 -9999 -9999 -9999 -9999 -9999 -9999 -9999 -9999 -9999 -9999 -9999 -9999 -9999 -9999 -9999 -9999 -9999 -9999 -9999 64 65 67 68 69 71 72 71 71 70 67 64 58 53 48 44 41 38 34 32 31 30 29 29 28 28 28 27 26 25 24 24 24 23 22 21 19 18 17 18 19 21 23 26 27 26 27 27 28 29 30 31 30 31 31 37 34 35 39 39 38 -9999 -9999 -9999 -9999 -9999 -9999 -9999 -9999 -9999 -9999 -9999 -9999 -9999 -9999 -9999
-9999 -9999 -9999 -9999 -9999 -9999 -9999 -9999 -9999 -9999 -9999 -9999 -9999 -9999 -9999 -9999 -9999 -9999 -9999 66 65 65 66 67 68 68 70 68 69 68 66 62 58 53 49 44 41 37 34 31 30 29 28 28 27 26 26 26 23 25 28 28 28 26 24 21 19 18 17 17 18 21 24 28 30 26 28 29 28 28 30 29 30 29 34 36 39 40 -9999 -9999 -9999 -9999 -9999 -9999 -9999 -9999 -9999 -9999 -9999 -9999 -9999 -9999 -9999 -9999 -9999 -9999
-9999 -9999 -9999 -9999 -9999 -9999 -9999 -9999 -9999 -9999 -9999 -9999 -9999 -9999 -9999 -9999 -9999 -9999 -9999 66 67 66 67 68 69 69 69 69 69 67 65 62 58 53 48 44 40 37 35 32 30 28 28 28 28 26 25 25 25 29 34 32 30 27 24 22 20 18 16 17 17 19 21 29 28 26 26 25 26 27 29 27 25 26 37 43 46 47 -9999 -9999 -9999 -9999 -9999 -9999 -9999 -9999 -9999 -9999 -9999 -9999 -9999 -9999 -9999 -9999 -9999 -9999
-9999 -9999 -9999 -9999 -9999 -9999 -9999 -9999 -9999 -9999 -9999 -9999 -9999 -9999 -9999 -9999 -9999 -9999 -9999 68 68 67 67 68 69 70 70 69 67 66 64 62 58 54 48 45 42 39 36 33 31 29 28 28 28 27 26 28 31 35 38 36 33 28 25 24 21 19 17 16 16 16 18 24 28 28 26 24 22 23 26 25 29 36 41 41 46 -9999 -9999 -9999 -9999 -9999 -9999 -9999 -9999 -9999 -9999 -9999 -9999 -9999 -9999 -9999 -9999 -9999 -9999 -9999
-9999 -9999 -9999 -9999 -9999 -9999 -9999 -9999 -9999 -9999 -9999 -9999 -9999 -9999 -9999 -9999 -9999 -9999 -9999 70 69 68 68 69 70 70 67 68 67 66 64 61 58 53 49 47 44 40 37 34 32 30 29 28 28 29 30 32 34 37 39 40 33 30 27 26 22 21 18 16 15 15 17 21 28 29 23 21 18 20 25 27 34 37 42 -9999 -9999 -9999 -9999 -9999 -9999 -9999 -9999 -9999 -9999 -9999 -9999 -9999 -9999 -9999 -9999 -9999 -9999 -9999 -9999 -9999
-9999 -9999 -9999 -9999 -9999 -9999 -9999 -9999 -9999 -9999 -9999 -9999 -9999 -9999 -9999 -9999 -9999 -9999 72 71 70 69 69 70 70 69 68 70 68 66 64 60 58 55 52 49 45 41 37 36 34 34 32 33 31 31 33 33 35 36 38 37 34 31 29 26 23 22 20 18 15 15 16 18 24 27 26 27 23 23 28 34 37 41 44 -9999 -9999 -9999 -9999 -9999 -9999 -9999 -9999 -9999 -9999 -9999 -9999 -9999 -9999 -9999 -9999 -9999 -9999 -9999 -9999 -9999
-9999 -9999 -9999 -9999 -9999 -9999 -9999 -9999 -9999 -9999 -9999 -9999 -9999 -9999 -9999 -9999 -9999 -9999 76 73 72 70 69 69 69 70 69 69 69 66 65 63 60 55 53 50 46 44 44 44 42 39 37 35 34 34 33 33 35 36 37 36 34 32 29 26 24 22 21 19 16 16 17 18 24 19 21 27 30 31 36 40 41 -9999 -9999 -9999 -9999 -9999 -9999 -9999 -9999 -9999 -9999 -9999 -9999 -9999 -9999 -9999 -9999 -9999 -9999 -9999 -9999 -9999 55 56
-9999 -9999 -9999 -9999 -9999 -9999 -9999 -9999 -9999 -9999 -9999 -9999 -9999 -9999 -9999 -9999 -9999 -9999 78 75 73 71 70 70 69 69 70 69 68 66 64 62 59 56 52 50 50 48 47 45 43 41 39 37 37 35 35 35 35 36 35 34 33 31 29 27 26 24 22 20 18 17 16 18 21 23 22 24 32 33 41 46 46 -9999 -9999 -9999 -9999 -9999 -9999 -9999 -9999 -9999 -9999 -9999 -9999 -9999 -9999 -9999 50 46 53 52 -9999 -9999 -9999 56
-9999 -9999 -9999 -9999 -9999 -9999 -9999 -9999 -9999 -9999 -9999 -9999 -9999 -9999 -9999 -9999 -9999 83 80 76 74 74 72 71 70 70 70 69 67 66 64 62 59 55 53 51 49 47 46 45 44 42 40 38 37 37 36 35 35 35 35 34 33 32 30 28 26 24 23 20 19 18 18 18 20 25 29 32 34 39 45 48 -9999 -9999 -9999 -9999 -9999 -9999 -9999 -9999 -9999 -9999 -9999 -9999 -9999 -9999 -9999 47 47 50 53 52 53 -9999 -9999 -9999
-9999 -9999 -9999 -9999 -9999 -9999 -9999 -9999 -9999 -9999 -9999 -9999 -9999 -9999 -9999 -9999 -9999 84 80 74 74 75 74 72 71 71 70 68 67 65 63 61 58 56 54 52 50 48 47 44 43 43 41 39 38 37 36 36 35 35 35 35 34 33 30 29 26 25 24 22 20 19 20 20 22 23 29 39 45 49 51 -9999 -9999 -9999 -9999 -9999 -9999 -9999 -9999 -9999 -9999 -9999 -9999 -9999 -9999 -9999 50 51 53 51 53 53 55 -9999 -9999 -9999
-9999 -9999 -9999 -9999 -9999 -9999 -9999 -9999 -9999 -9999 -9999 -9999 -9999 -9999 -9999 93 88 85 79 78 78 76 74 73 71 70 68 67 66 64 62 61 58 56 55 53 52 50 48 46 47 46 45 43 41 40 39 37 36 36 36 36 35 33 32 30 27 25 24 22 21 21 22 26 28 27 29 39 46 53 54 -9999 -9999 -9999 -9999 -9999 -9999 -9999 -9999 -9999 -9999 -9999 -9999 -9999 -9999 -9999 56 54 53 53 54 54 -9999 -9999 -9999 -9999
