resultados/variables_proyeccion_tiempo/variables_futuro_csiro_A1B/bio10.asc
ncols 330
nrows 228
xllcorner -12.000000
yllcorner 34.000000
cellsize 0.166667
NODATA_value -9999
[rows 160 to 199 of 228, columns 184 to 275 of 330]
248 248 246 244 244 245 246 248 249 249 250 250 249 248 246 243 241 236 230 222 201 215 200 154 170 174 190 189 201 187 185 176 184 208 214 213 211 212 207 190 190 200 208 216 224 230 233 240 245 248 254 257 258 260 262 263 263 258 258 262 262 262 261 260 259 257 256 -9999 -9999 -9999 -9999 -9999 -9999 -9999 -9999 -9999 -9999 -9999 -9999 -9999 -9999 -9999 -9999 -9999 -9999 -9999 258 258 259 260 259 258
248 247 247 245 243 240 240 242 247 249 253 253 249 247 246 244 240 240 225 210 194 216 201 188 211 219 231 236 235 233 228 224 229 231 232 224 223 226 221 221 226 228 232 237 241 241 241 246 253 254 256 257 258 260 261 262 263 259 253 256 258 258 260 260 258 256 -9999 -9999 -9999 -9999 -9999 -9999 -9999 -9999 -9999 -9999 -9999 -9999 -9999 -9999 -9999 -9999 -9999 -9999 -9999 -9999 -9999 -9999 -9999 259 258 256
248 248 248 247 246 246 247 248 250 251 256 256 253 248 244 244 243 238 228 222 223 212 218 215 226 236 239 242 238 238 236 234 235 241 231 228 231 234 231 233 238 242 244 247 251 252 254 254 254 255 256 257 258 259 261 261 261 256 248 255 258 260 260 259 257 255 -9999 -9999 -9999 -9999 -9999 -9999 -9999 -9999 -9999 -9999 -9999 -9999 -9999 -9999 -9999 -9999 -9999 -9999 -9999 -9999 -9999 -9999 -9999 257 256 251
242 245 246 247 247 247 248 249 250 252 255 252 254 251 248 246 240 241 227 228 215 215 234 231 236 240 242 242 244 243 239 240 241 244 239 237 238 240 242 244 245 248 250 252 254 256 256 256 256 256 257 257 258 259 260 260 259 254 248 253 258 259 260 258 -9999 -9999 -9999 -9999 -9999 -9999 -9999 -9999 -9999 -9999 -9999 -9999 -9999 -9999 -9999 -9999 -9999 -9999 -9999 -9999 -9999 -9999 -9999 -9999 -9999 252 251 246
232 230 238 247 240 241 244 246 250 251 248 247 246 247 248 245 240 239 231 231 224 231 232 247 246 239 241 244 248 247 246 246 246 249 245 244 245 245 246 248 250 252 253 255 256 257 257 257 257 257 257 258 258 259 258 260 257 253 254 254 259 260 -9999 -9999 -9999 -9999 -9999 -9999 -9999 -9999 -9999 -9999 -9999 -9999 -9999 -9999 -9999 -9999 -9999 -9999 -9999 -9999 -9999 -9999 -9999 -9999 -9999 -9999 245 246 242 235
236 233 241 229 238 240 237 243 247 249 247 245 245 244 245 242 240 229 229 224 231 232 241 249 249 245 242 243 247 252 253 250 251 252 251 249 250 250 251 252 253 254 255 256 257 257 258 257 258 257 257 258 258 258 258 260 259 255 253 257 258 -9999 -9999 -9999 -9999 -9999 -9999 -9999 -9999 -9999 -9999 -9999 -9999 -9999 -9999 -9999 -9999 -9999 -9999 -9999 -9999 -9999 -9999 -9999 -9999 -9999 -9999 -9999 -9999 231 233 213
216 226 235 234 228 220 228 237 241 243 237 236 242 241 244 242 236 225 224 219 227 226 240 251 251 251 248 248 251 253 256 255 254 255 256 253 253 254 254 255 255 256 257 257 258 258 259 259 258 259 259 259 259 259 259 258 256 256 256 256 -9999 -9999 -9999 -9999 -9999 -9999 -9999 -9999 -9999 -9999 -9999 -9999 -9999 -9999 -9999 -9999 -9999 -9999 -9999 -9999 -9999 -9999 -9999 -9999 -9999 -9999 -9999 -9999 -9999 -9999 -9999 -9999
205 196 207 218 225 220 211 220 220 226 233 224 233 240 238 240 236 222 202 214 227 234 242 245 251 255 255 256 257 258 258 259 256 256 258 257 255 256 256 257 257 257 257 257 258 259 260 259 257 256 256 256 257 255 252 253 253 253 254 254 -9999 -9999 -9999 -9999 -9999 -9999 -9999 -9999 -9999 -9999 -9999 -9999 -9999 -9999 -9999 -9999 -9999 -9999 -9999 -9999 -9999 -9999 -9999 -9999 -9999 -9999 -9999 -9999 -9999 -9999 -9999 -9999
202 204 202 209 208 221 219 229 228 233 238 233 236 228 233 239 241 226 208 227 237 242 238 242 249 256 258 259 260 262 261 261 259 258 259 260 257 257 257 258 259 257 258 260 259 258 256 254 253 252 251 250 250 250 250 250 252 253 253 253 -9999 -9999 -9999 -9999 -9999 -9999 -9999 -9999 -9999 -9999 -9999 -9999 -9999 -9999 -9999 -9999 -9999 -9999 -9999 -9999 -9999 -9999 -9999 -9999 -9999 -9999 -9999 -9999 -9999 -9999 -9999 -9999
209 212 214 219 215 208 212 222 230 231 230 242 238 226 232 237 242 232 224 220 222 238 228 239 244 252 256 254 257 258 262 261 263 262 262 262 261 259 260 260 259 260 261 257 253 251 249 246 247 247 246 247 248 249 247 248 250 251 252 252 -9999 -9999 -9999 -9999 -9999 -9999 -9999 -9999 -9999 -9999 -9999 -9999 -9999 -9999 -9999 -9999 -9999 -9999 -9999 -9999 -9999 -9999 -9999 -9999 -9999 -9999 -9999 -9999 -9999 -9999 -9999 -9999
223 214 206 213 221 212 202 202 209 217 202 219 215 227 240 244 241 243 235 218 220 237 217 222 235 243 249 253 256 258 259 258 257 259 258 259 257 257 258 258 258 259 253 252 251 246 246 244 240 241 241 243 246 248 246 247 248 251 252 252 -9999 -9999 -9999 -9999 -9999 -9999 -9999 -9999 -9999 -9999 -9999 -9999 -9999 -9999 -9999 -9999 -9999 -9999 -9999 -9999 -9999 -9999 -9999 -9999 -9999 -9999 -9999 -9999 -9999 -9999 -9999 -9999
212 211 204 207 199 213 202 198 199 193 198 222 203 205 234 234 215 230 245 233 228 220 222 193 192 222 244 251 254 254 255 257 259 260 259 257 251 258 259 257 258 258 253 248 243 247 244 243 239 240 244 242 245 246 244 248 250 250 251 251 -9999 -9999 -9999 -9999 -9999 -9999 -9999 -9999 -9999 -9999 -9999 -9999 -9999 -9999 -9999 -9999 -9999 -9999 -9999 -9999 -9999 -9999 -9999 -9999 -9999 -9999 -9999 -9999 -9999 -9999 -9999 -9999
174 191 174 196 202 200 208 192 198 196 201 225 207 200 216 233 239 238 248 242 230 224 224 216 188 196 218 242 241 246 246 250 258 255 254 249 252 252 251 257 256 258 254 253 245 243 239 247 249 247 250 249 251 252 252 251 254 -9999 -9999 -9999 -9999 -9999 -9999 -9999 -9999 -9999 -9999 -9999 -9999 -9999 -9999 -9999 -9999 -9999 -9999 -9999 -9999 -9999 -9999 -9999 -9999 -9999 -9999 -9999 -9999 -9999 -9999 -9999 -9999 -9999 -9999 -9999
189 185 171 180 185 200 218 198 193 199 214 212 222 201 200 229 223 228 248 248 231 213 222 224 218 210 190 190 212 221 246 247 244 250 247 238 246 238 245 243 247 252 256 256 240 234 234 242 244 245 249 252 256 258 255 256 -9999 -9999 -9999 -9999 -9999 -9999 -9999 -9999 -9999 -9999 -9999 -9999 -9999 -9999 -9999 -9999 -9999 -9999 -9999 -9999 -9999 -9999 -9999 -9999 -9999 -9999 -9999 -9999 -9999 -9999 -9999 -9999 -9999 -9999 -9999 -9999
198 206 190 176 176 197 198 215 190 203 198 201 223 221 215 226 218 233 245 247 240 213 209 206 216 223 222 217 214 210 240 231 232 226 217 228 237 236 244 240 239 240 238 239 233 230 225 231 236 240 243 245 246 248 256 257 -9999 -9999 -9999 -9999 -9999 -9999 -9999 -9999 -9999 -9999 -9999 -9999 -9999 -9999 -9999 -9999 -9999 -9999 -9999 -9999 -9999 -9999 -9999 -9999 -9999 -9999 -9999 -9999 -9999 -9999 -9999 -9999 -9999 -9999 -9999 -9999
215 231 205 178 225 183 194 196 176 184 228 238 232 232 237 225 223 225 226 217 234 198 193 209 211 219 224 236 237 226 220 209 202 198 191 211 195 186 193 216 213 219 220 223 223 222 232 239 246 249 247 250 249 252 250 254 -9999 -9999 -9999 -9999 -9999 -9999 -9999 -9999 -9999 -9999 -9999 -9999 -9999 -9999 -9999 -9999 -9999 -9999 -9999 -9999 -9999 -9999 -9999 -9999 -9999 -9999 -9999 -9999 -9999 -9999 -9999 -9999 -9999 -9999 -9999 -9999
227 222 254 223 223 176 176 189 160 206 249 249 238 234 242 230 223 235 222 232 226 186 192 210 218 226 219 187 221 226 226 224 223 213 207 224 246 236 231 240 244 241 243 250 254 257 258 258 257 254 254 259 259 259 -9999 -9999 -9999 -9999 -9999 -9999 -9999 -9999 -9999 -9999 -9999 -9999 -9999 -9999 -9999 -9999 -9999 -9999 -9999 -9999 -9999 -9999 -9999 -9999 -9999 -9999 -9999 -9999 -9999 -9999 -9999 -9999 -9999 -9999 -9999 -9999 -9999 -9999
242 223 262 284 243 204 182 176 213 232 255 252 245 226 238 238 241 235 244 237 212 189 203 219 222 227 229 209 208 217 230 231 242 243 250 256 258 251 245 242 245 250 260 262 260 259 260 260 256 258 262 263 262 256 259 -9999 -9999 -9999 -9999 -9999 -9999 -9999 -9999 -9999 -9999 -9999 -9999 -9999 -9999 -9999 -9999 -9999 -9999 -9999 -9999 -9999 -9999 -9999 -9999 -9999 -9999 -9999 -9999 -9999 -9999 -9999 -9999 -9999 -9999 -9999 -9999 -9999
260 239 262 283 281 226 228 236 239 246 238 245 249 200 197 235 217 229 247 238 219 216 209 203 237 238 238 184 174 174 192 231 253 262 262 264 264 264 263 259 258 262 262 264 263 260 261 264 259 258 258 257 254 255 258 258 -9999 -9999 -9999 -9999 -9999 -9999 -9999 -9999 -9999 -9999 -9999 -9999 -9999 -9999 -9999 -9999 -9999 -9999 -9999 -9999 -9999 -9999 -9999 -9999 -9999 -9999 -9999 -9999 -9999 -9999 -9999 -9999 -9999 -9999 -9999 -9999
-9999 -9999 248 248 276 275 242 239 224 239 238 213 178 177 233 242 243 242 255 249 241 215 192 207 222 229 248 188 146 157 177 197 223 239 256 253 258 265 264 265 265 266 265 265 257 254 263 263 258 256 251 247 251 252 252 252 255 -9999 -9999 -9999 -9999 -9999 -9999 -9999 -9999 -9999 -9999 -9999 -9999 -9999 -9999 -9999 -9999 -9999 -9999 -9999 -9999 -9999 -9999 -9999 -9999 -9999 -9999 -9999 -9999 -9999 -9999 -9999 240 -9999 -9999 -9999
-9999 -9999 -9999 266 275 276 262 242 230 214 210 176 156 232 227 234 244 259 252 255 252 253 250 242 228 228 248 213 200 220 188 192 183 185 216 189 212 226 246 249 260 264 261 265 263 255 258 264 258 257 256 245 242 244 246 252 254 -9999 -9999 -9999 -9999 -9999 -9999 -9999 -9999 -9999 -9999 -9999 -9999 -9999 -9999 -9999 -9999 -9999 -9999 -9999 -9999 -9999 -9999 -9999 -9999 -9999 -9999 -9999 241 233 226 222 212 216 220 211
-9999 -9999 -9999 -9999 -9999 276 262 267 221 206 225 174 183 226 207 219 181 236 260 262 265 254 221 207 222 210 223 228 152 198 207 186 184 188 205 189 193 200 227 243 251 258 260 259 265 269 269 272 269 268 267 264 254 239 237 247 250 -9999 -9999 -9999 -9999 -9999 -9999 -9999 -9999 -9999 -9999 -9999 -9999 -9999 -9999 -9999 -9999 -9999 -9999 -9999 -9999 -9999 -9999 -9999 -9999 235 233 230 214 216 216 210 206 197 196 194
-9999 -9999 -9999 -9999 269 274 258 241 250 201 238 203 182 217 208 230 212 243 251 266 268 254 253 255 231 215 236 269 220 200 240 230 214 193 188 185 208 216 232 245 255 256 254 253 259 269 272 273 270 271 271 266 258 250 246 246 247 251 -9999 -9999 -9999 -9999 -9999 -9999 -9999 -9999 -9999 -9999 -9999 -9999 -9999 -9999 -9999 -9999 -9999 -9999 -9999 -9999 -9999 242 241 240 241 235 220 212 212 205 203 203 206 205
-9999 -9999 -9999 -9999 268 271 273 246 214 198 218 208 194 219 217 223 243 232 237 257 260 262 257 259 262 246 255 272 273 220 237 238 242 224 238 218 207 223 240 250 253 254 250 252 261 268 269 270 269 271 272 266 256 252 251 248 244 245 251 253 -9999 -9999 -9999 -9999 -9999 -9999 -9999 -9999 -9999 -9999 -9999 -9999 -9999 -9999 -9999 -9999 -9999 241 236 232 244 244 237 221 223 216 214 204 209 214 223 227
-9999 -9999 -9999 -9999 -9999 269 268 259 233 243 202 208 227 210 214 233 245 229 234 237 229 224 268 277 270 267 265 276 272 229 224 246 230 248 251 250 238 245 254 244 247 250 243 242 260 266 269 268 267 266 267 263 255 252 250 248 247 246 249 251 251 249 249 253 251 251 -9999 -9999 -9999 248 248 -9999 -9999 -9999 -9999 -9999 243 241 231 236 241 238 233 222 238 231 229 227 222 218 217 213
-9999 -9999 -9999 -9999 267 272 269 266 267 223 224 228 241 208 216 225 246 233 228 208 233 230 262 286 285 276 259 283 292 279 258 268 282 275 245 247 265 274 273 271 274 273 263 245 257 269 271 267 262 260 263 257 251 250 251 250 250 250 248 252 252 253 253 253 251 247 249 251 253 251 248 244 237 236 235 240 238 225 221 237 223 228 204 236 232 227 226 212 203 191 189 185
-9999 -9999 -9999 -9999 270 274 277 275 261 243 206 221 228 215 220 190 246 241 195 236 276 250 267 291 290 287 266 260 279 288 289 274 248 274 270 281 280 278 276 273 270 267 264 271 270 273 270 266 261 260 258 252 251 -9999 -9999 251 -9999 -9999 -9999 252 255 257 260 256 254 248 247 248 251 254 254 248 229 234 234 236 226 214 210 224 223 204 203 226 211 205 211 215 211 222 216 224
-9999 -9999 -9999 -9999 269 274 276 273 245 245 209 217 231 215 222 203 228 241 246 243 278 292 293 294 294 288 290 278 273 267 272 277 274 275 -9999 260 256 -9999 -9999 -9999 -9999 -9999 -9999 -9999 275 270 270 265 260 256 255 243 246 -9999 -9999 -9999 -9999 -9999 -9999 -9999 -9999 -9999 -9999 -9999 258 256 251 262 261 257 260 257 245 227 229 234 219 219 221 209 214 210 203 193 202 208 208 210 215 225 221 226
-9999 -9999 -9999 -9999 270 271 268 254 252 223 201 206 224 220 221 233 216 246 247 203 250 292 294 296 298 296 281 279 285 278 272 -9999 -9999 -9999 -9999 268 265 -9999 -9999 -9999 -9999 270 -9999 -9999 273 271 268 266 265 262 254 259 -9999 246 251 252 -9999 -9999 -9999 -9999 257 242 244 250 252 252 237 229 224 240 235 232 227 215 216 210 209 204 190 190 202 201 201 209 199 192 211 210 219 243 244 241
-9999 -9999 -9999 -9999 254 260 255 262 242 242 228 219 195 207 230 244 237 224 245 235 229 261 281 290 -9999 296 292 279 267 267 275 283 279 280 -9999 -9999 -9999 -9999 -9999 -9999 267 234 270 -9999 -9999 268 263 265 264 260 258 255 257 253 236 245 246 242 251 252 253 256 259 250 255 259 254 249 258 245 236 232 221 215 220 219 215 226 222 208 196 214 226 218 214 202 208 232 232 247 257 260
-9999 -9999 -9999 -9999 251 232 240 222 240 239 239 228 207 215 217 243 252 237 249 268 244 240 287 296 -9999 -9999 298 296 292 287 286 -9999 268 260 260 -9999 -9999 -9999 -9999 -9999 -9999 -9999 257 262 -9999 267 266 260 253 247 258 255 250 251 250 252 253 252 252 256 258 260 260 251 250 260 255 245 259 237 232 232 235 231 223 227 235 238 240 230 243 235 234 226 232 223 227 228 241 253 253 250
-9999 -9999 -9999 -9999 -9999 -9999 259 240 243 239 220 246 242 208 206 235 255 256 254 253 246 226 208 289 -9999 -9999 -9999 -9999 291 -9999 278 268 281 212 250 -9999 -9999 -9999 -9999 -9999 -9999 -9999 253 260 -9999 264 259 254 245 255 255 248 237 247 250 255 256 255 255 252 245 238 218 194 241 251 231 228 246 246 246 237 242 248 240 239 256 261 262 260 258 253 235 246 232 236 230 216 246 242 238 237
-9999 -9999 -9999 -9999 268 -9999 -9999 274 272 250 250 252 216 211 205 223 248 262 255 252 276 267 258 274 292 -9999 -9999 -9999 285 284 289 274 -9999 -9999 -9999 -9999 -9999 -9999 267 264 263 -9999 -9999 -9999 259 262 253 253 254 254 247 248 251 248 252 247 251 246 241 248 237 239 228 217 205 219 215 221 223 224 226 226 227 232 227 225 227 241 249 249 254 250 248 246 247 242 229 239 256 245 243 250
-9999 -9999 -9999 -9999 -9999 -9999 276 268 280 247 254 263 247 241 221 213 242 274 266 250 285 287 295 280 264 295 -9999 -9999 -9999 -9999 -9999 -9999 -9999 -9999 -9999 -9999 -9999 -9999 272 262 265 -9999 -9999 -9999 254 255 263 254 244 224 242 253 250 254 254 255 260 254 234 232 239 229 229 225 226 225 210 214 222 228 236 240 239 243 246 247 247 250 251 260 251 247 253 239 244 232 238 241 253 242 233 253
-9999 -9999 -9999 -9999 -9999 -9999 282 281 276 273 265 257 246 253 232 206 212 267 297 292 290 293 296 299 288 275 290 -9999 -9999 -9999 -9999 -9999 -9999 -9999 -9999 -9999 -9999 270 261 -9999 -9999 -9999 -9999 -9999 262 255 257 256 244 266 272 256 261 260 264 270 269 255 243 239 245 242 239 228 227 224 222 220 226 230 233 232 239 241 242 239 238 244 254 257 252 247 248 239 247 247 246 245 256 244 247 249
-9999 -9999 -9999 -9999 -9999 -9999 -9999 283 282 271 264 251 251 248 249 229 224 255 286 299 299 297 294 287 295 288 256 291 -9999 -9999 -9999 -9999 266 272 -9999 -9999 -9999 -9999 -9999 -9999 -9999 -9999 -9999 -9999 252 259 276 283 282 276 256 246 262 265 259 266 268 255 241 224 231 232 221 234 224 228 219 222 233 221 220 232 237 242 245 246 244 241 246 255 252 249 243 238 244 245 251 259 254 239 240 234
-9999 -9999 -9999 -9999 -9999 -9999 -9999 -9999 274 276 271 278 270 278 278 253 248 215 242 283 296 299 285 290 299 295 296 291 284 -9999 -9999 274 275 -9999 -9999 -9999 -9999 -9999 -9999 -9999 -9999 -9999 -9999 264 262 266 274 282 282 266 258 273 279 280 261 261 265 262 240 240 220 232 223 238 222 235 233 234 232 231 227 234 230 239 244 247 249 250 245 250 252 251 246 242 244 243 249 248 253 250 235 229
-9999 -9999 -9999 -9999 -9999 -9999 -9999 -9999 -9999 -9999 -9999 278 289 295 287 253 259 240 242 236 266 277 277 253 270 297 296 299 299 281 279 277 -9999 -9999 -9999 -9999 -9999 -9999 -9999 -9999 -9999 -9999 -9999 271 262 270 269 282 -9999 279 279 289 283 262 281 276 252 241 241 239 233 232 234 230 240 234 230 235 240 239 237 230 223 234 242 246 248 249 252 252 250 251 251 247 248 244 247 250 252 248 253 254
-9999 -9999 -9999 -9999 -9999 -9999 -9999 -9999 -9999 -9999 -9999 -9999 292 287 285 275 270 267 235 242 276 282 292 284 281 295 295 281 287 -9999 -9999 -9999 -9999 -9999 262 265 -9999 -9999 -9999 -9999 -9999 -9999 -9999 -9999 -9999 -9999 279 278 275 279 286 274 265 286 293 278 262 259 253 256 250 241 243 254 250 237 220 236 240 238 242 240 234 235 234 229 240 244 246 251 252 251 247 243 252 252 252 254 255 249 240 249
-9999 -9999 -9999 -9999 -9999 -9999 -9999 -9999 -9999 -9999 -9999 266 287 268 267 279 279 237 232 227 224 222 271 278 284 289 300 286 291 284 277 -9999 -9999 -9999 -9999 259 -9999 -9999 -9999 -9999 -9999 -9999 -9999 -9999 -9999 -9999 -9999 -9999 281 289 279 284 295 299 295 287 276 267 273 265 263 258 258 261 248 246 252 239 232 242 240 247 247 241 241 236 238 243 246 252 253 252 249 249 248 253 256 257 258 257 246 238
