resultados/variables_proyeccion_tiempo/variables_futuro_csiro_A1B/bio16.asc
ncols 330
nrows 228
xllcorner -12.000000
yllcorner 34.000000
cellsize 0.166667
NODATA_value -9999
[rows 40 to 79 of 228, columns 92 to 183 of 330]
-9999 -9999 -9999 -9999 -9999 -9999 -9999 -9999 -9999 -9999 -9999 -9999 -9999 -9999 -9999 -9999 -9999 -9999 -9999 -9999 -9999 -9999 -9999 -9999 -9999 -9999 -9999 -9999 -9999 -9999 -9999 -9999 -9999 -9999 -9999 -9999 -9999 -9999 -9999 -9999 -9999 -9999 -9999 -9999 -9999 -9999 -9999 -9999 -9999 -9999 -9999 -9999 742 738 724 717 703 671 650 628 594 552 515 480 447 414 380 346 324 305 294 296 292 291 276 268 267 264 260 255 253 257 262 264 258 256 255 252 251 249 247 244
-9999 -9999 -9999 -9999 -9999 -9999 -9999 -9999 -9999 -9999 -9999 -9999 -9999 -9999 -9999 -9999 -9999 -9999 -9999 -9999 -9999 -9999 -9999 -9999 -9999 -9999 -9999 -9999 -9999 -9999 -9999 -9999 -9999 -9999 -9999 -9999 -9999 -9999 -9999 -9999 -9999 -9999 -9999 -9999 -9999 -9999 642 -9999 -9999 706 716 724 714 704 685 670 649 626 604 582 548 512 477 442 412 381 351 328 309 297 287 290 293 274 269 264 263 258 254 255 256 250 246 250 251 254 255 255 252 247 247 247
-9999 -9999 -9999 -9999 -9999 -9999 -9999 -9999 -9999 -9999 -9999 -9999 -9999 -9999 -9999 -9999 -9999 -9999 -9999 -9999 -9999 -9999 -9999 -9999 -9999 -9999 -9999 -9999 -9999 -9999 -9999 -9999 -9999 -9999 -9999 -9999 -9999 -9999 -9999 -9999 -9999 -9999 -9999 -9999 623 627 625 627 647 670 694 701 690 669 650 624 603 584 563 535 504 472 439 406 375 345 321 309 301 295 293 281 274 272 261 255 255 255 251 250 248 248 247 252 258 258 253 253 250 246 243 239
-9999 -9999 -9999 -9999 -9999 -9999 -9999 -9999 -9999 -9999 -9999 -9999 -9999 -9999 -9999 -9999 -9999 -9999 -9999 -9999 -9999 -9999 -9999 -9999 -9999 -9999 -9999 -9999 -9999 -9999 -9999 -9999 -9999 -9999 -9999 -9999 -9999 -9999 -9999 -9999 -9999 -9999 -9999 -9999 -9999 -9999 -9999 614 624 636 658 664 645 628 609 585 564 542 518 492 465 435 405 375 345 324 310 302 289 288 273 265 263 264 260 255 246 241 239 242 240 241 245 252 257 260 260 255 249 247 244 240
-9999 -9999 -9999 -9999 -9999 -9999 -9999 -9999 -9999 -9999 -9999 -9999 -9999 -9999 -9999 -9999 -9999 -9999 -9999 -9999 -9999 -9999 -9999 -9999 -9999 -9999 -9999 -9999 -9999 -9999 -9999 -9999 -9999 -9999 -9999 -9999 -9999 -9999 -9999 -9999 -9999 -9999 -9999 -9999 556 567 570 576 589 604 612 608 598 583 563 543 520 498 476 453 428 401 374 347 321 306 295 288 278 270 268 263 254 254 250 248 251 248 238 235 235 237 240 245 257 262 264 261 256 249 246 240
-9999 -9999 -9999 -9999 -9999 -9999 -9999 -9999 -9999 -9999 -9999 -9999 -9999 -9999 -9999 -9999 -9999 -9999 -9999 -9999 -9999 -9999 -9999 -9999 -9999 -9999 -9999 -9999 -9999 -9999 -9999 -9999 -9999 -9999 -9999 -9999 -9999 -9999 -9999 -9999 -9999 -9999 511 525 535 541 545 546 554 562 564 556 545 531 515 497 478 458 438 417 394 372 349 333 313 289 278 272 266 267 260 258 253 248 248 243 239 242 240 238 235 236 237 241 247 254 261 262 259 253 248 245
-9999 -9999 -9999 -9999 -9999 -9999 -9999 -9999 -9999 -9999 -9999 -9999 -9999 -9999 -9999 -9999 -9999 -9999 -9999 -9999 -9999 -9999 -9999 -9999 -9999 -9999 -9999 -9999 -9999 -9999 -9999 -9999 -9999 -9999 -9999 -9999 -9999 -9999 -9999 -9999 -9999 487 493 500 507 512 516 519 523 525 521 511 498 483 470 456 440 422 404 385 365 345 327 317 315 301 286 277 268 258 252 248 247 248 245 247 239 234 236 237 238 237 240 240 243 247 254 253 249 249 252 249
-9999 -9999 -9999 -9999 -9999 -9999 -9999 -9999 -9999 -9999 -9999 -9999 -9999 -9999 -9999 -9999 -9999 -9999 -9999 -9999 -9999 -9999 -9999 -9999 -9999 -9999 -9999 -9999 -9999 -9999 -9999 -9999 -9999 -9999 -9999 -9999 -9999 -9999 -9999 479 479 480 478 479 482 484 486 490 491 486 479 470 459 447 433 421 406 390 373 360 350 333 315 295 281 282 282 278 273 261 255 250 248 249 247 241 240 238 238 241 242 242 240 238 241 247 252 250 250 248 247 249
-9999 -9999 -9999 -9999 -9999 -9999 -9999 -9999 -9999 -9999 -9999 -9999 -9999 -9999 -9999 -9999 -9999 -9999 -9999 -9999 -9999 -9999 -9999 -9999 -9999 -9999 -9999 -9999 -9999 -9999 -9999 -9999 -9999 -9999 548 -9999 -9999 -9999 472 469 470 469 465 461 458 456 450 450 450 449 444 435 423 412 400 388 376 360 352 342 334 327 312 292 278 265 262 263 258 254 251 247 243 247 245 244 243 240 240 243 245 246 242 242 247 249 253 252 250 248 246 249
-9999 -9999 -9999 -9999 -9999 -9999 -9999 -9999 -9999 -9999 -9999 -9999 -9999 -9999 -9999 -9999 -9999 -9999 -9999 -9999 -9999 -9999 -9999 -9999 -9999 -9999 -9999 -9999 -9999 563 561 551 545 541 -9999 -9999 503 472 468 458 455 451 444 436 433 428 412 413 412 413 408 399 390 379 368 361 353 335 324 319 307 297 288 286 277 266 254 247 247 245 244 245 245 245 244 246 245 246 245 244 243 241 242 246 247 249 247 251 250 250 246 249
-9999 -9999 -9999 -9999 -9999 -9999 -9999 -9999 -9999 -9999 -9999 -9999 -9999 -9999 -9999 -9999 -9999 -9999 -9999 -9999 -9999 -9999 -9999 -9999 -9999 -9999 -9999 -9999 -9999 -9999 558 551 541 532 521 501 481 461 445 437 429 426 423 419 392 390 386 381 378 378 375 368 363 352 344 334 329 319 308 306 298 284 274 266 263 254 249 246 241 247 248 245 244 246 250 250 249 249 249 248 245 246 243 246 246 244 245 244 247 246 249 244
-9999 -9999 -9999 -9999 -9999 -9999 -9999 -9999 -9999 -9999 -9999 -9999 -9999 -9999 -9999 -9999 -9999 -9999 -9999 -9999 -9999 -9999 -9999 -9999 -9999 -9999 -9999 551 555 558 559 550 539 523 508 489 467 442 423 408 387 382 371 359 352 353 349 346 347 348 341 339 338 331 327 316 310 312 310 293 287 279 269 262 253 245 240 239 240 242 248 247 246 250 252 256 259 256 253 249 248 244 247 250 250 249 248 246 245 244 244 246
-9999 -9999 -9999 -9999 -9999 -9999 -9999 -9999 -9999 -9999 -9999 -9999 -9999 -9999 -9999 -9999 -9999 -9999 -9999 -9999 -9999 -9999 -9999 -9999 -9999 -9999 -9999 548 551 551 547 538 524 510 489 464 440 418 397 379 365 352 339 328 323 319 317 317 321 324 322 324 318 323 315 310 309 310 298 288 281 272 264 256 247 241 239 238 240 240 242 245 247 250 251 252 257 257 258 254 249 246 243 244 246 246 248 251 250 247 243 239
-9999 -9999 -9999 -9999 -9999 -9999 -9999 -9999 -9999 -9999 -9999 -9999 -9999 -9999 -9999 -9999 -9999 -9999 -9999 -9999 -9999 -9999 -9999 -9999 602 580 560 545 541 539 530 518 501 481 465 443 417 393 371 352 337 323 310 303 299 293 296 296 297 298 304 309 313 323 316 330 319 303 303 307 294 289 290 269 253 245 241 244 242 245 248 249 254 257 256 256 254 254 252 256 255 252 252 252 246 245 242 250 252 247 243 236
-9999 -9999 -9999 -9999 -9999 -9999 -9999 -9999 -9999 -9999 -9999 -9999 -9999 -9999 -9999 -9999 -9999 -9999 -9999 -9999 668 657 654 653 626 590 556 536 526 516 503 485 470 443 421 404 386 365 347 332 316 302 291 287 279 283 278 281 294 301 293 295 311 311 316 309 308 312 300 289 286 288 293 280 267 254 243 244 247 249 250 253 255 257 260 262 258 258 261 255 259 261 261 259 258 253 247 246 247 244 241 237
-9999 -9999 -9999 -9999 -9999 -9999 -9999 -9999 -9999 -9999 -9999 -9999 -9999 -9999 -9999 -9999 -9999 807 746 711 698 683 662 652 613 576 538 514 495 475 461 441 424 401 389 379 361 347 332 312 300 300 293 289 291 283 278 273 271 282 284 285 299 306 303 302 297 294 286 282 284 278 272 269 266 260 253 253 253 253 255 257 260 265 261 262 261 258 260 260 256 262 262 261 256 254 250 247 246 242 -9999 -9999
-9999 -9999 -9999 -9999 -9999 -9999 -9999 -9999 -9999 -9999 -9999 -9999 -9999 -9999 -9999 -9999 853 858 806 756 721 692 658 644 593 552 512 488 466 450 423 412 399 378 367 352 345 328 323 311 299 289 286 288 282 273 264 262 263 269 274 282 298 296 288 287 296 294 284 285 286 284 284 284 275 267 259 262 260 261 262 267 265 260 258 262 261 261 260 264 263 262 259 256 252 249 248 248 247 -9999 -9999 -9999
-9999 -9999 -9999 -9999 -9999 -9999 -9999 -9999 -9999 -9999 -9999 -9999 -9999 916 921 910 868 842 804 767 746 698 675 644 595 545 516 472 445 424 396 368 380 371 362 353 346 329 325 312 306 292 272 269 266 255 258 271 269 269 269 269 281 288 290 283 283 284 279 282 276 274 273 277 286 273 267 263 263 258 261 260 261 264 269 266 265 262 260 261 264 265 261 258 247 242 243 -9999 -9999 -9999 -9999 -9999
-9999 -9999 -9999 -9999 -9999 -9999 -9999 -9999 -9999 -9999 956 958 959 957 941 923 914 890 858 810 773 713 648 610 560 529 506 466 395 372 368 346 344 341 341 339 319 307 307 312 296 287 272 261 258 259 274 282 273 278 266 268 286 288 287 289 289 292 293 292 286 286 277 277 269 279 280 279 268 262 260 264 266 266 269 271 270 273 272 270 268 265 260 257 247 241 -9999 -9999 -9999 -9999 -9999 -9999
-9999 -9999 -9999 -9999 -9999 -9999 -9999 -9999 -9999 -9999 987 988 1001 1002 1016 980 938 915 873 833 772 709 671 614 555 523 463 453 445 396 363 338 326 304 294 299 317 312 308 285 284 284 280 262 262 260 266 277 274 268 263 274 287 287 290 281 285 289 290 296 284 286 280 275 271 270 272 272 273 268 265 266 267 270 266 266 270 269 269 269 267 265 262 257 246 242 -9999 -9999 -9999 -9999 -9999 -9999
-9999 -9999 -9999 -9999 -9999 -9999 -9999 -9999 -9999 997 1002 1048 1059 1064 1043 1011 981 926 878 813 765 702 637 589 564 503 431 364 356 331 335 313 302 286 283 278 287 317 324 323 299 289 288 290 278 253 254 275 279 277 270 272 277 275 275 273 280 288 284 297 294 289 286 284 279 283 282 276 280 279 276 272 267 265 264 263 267 267 263 260 261 264 256 249 248 -9999 -9999 -9999 -9999 -9999 -9999 -9999
-9999 -9999 -9999 -9999 -9999 -9999 -9999 -9999 -9999 983 1052 1094 1128 1113 1100 1058 1013 973 889 849 778 728 671 606 534 477 433 427 399 359 319 333 335 287 266 271 273 270 289 293 298 294 286 274 262 265 263 262 271 273 278 286 291 286 285 285 281 276 276 278 286 290 290 293 288 286 289 287 284 280 276 274 274 270 265 266 262 264 267 263 259 257 252 247 242 -9999 -9999 -9999 -9999 -9999 -9999 -9999
-9999 -9999 -9999 -9999 -9999 -9999 -9999 -9999 942 988 1050 1111 1118 1121 1095 1090 1050 992 922 849 800 721 640 543 521 426 386 397 386 399 382 366 334 291 296 274 289 278 272 275 275 287 301 292 281 267 259 257 281 281 285 293 284 299 296 304 300 285 278 279 281 291 296 300 300 297 297 293 289 282 277 272 269 275 270 272 272 266 265 267 264 255 249 245 240 -9999 -9999 -9999 -9999 -9999 -9999 -9999
-9999 -9999 -9999 -9999 -9999 -9999 -9999 -9999 -9999 1009 1076 1149 1143 1145 1128 1103 1064 1018 953 871 770 706 612 523 451 435 400 362 384 365 349 340 314 308 290 282 287 299 288 292 290 274 289 299 294 280 264 263 276 277 275 278 283 284 293 291 295 290 280 280 286 287 291 294 293 299 297 297 294 283 276 277 272 268 267 264 262 263 260 262 259 253 247 -9999 -9999 -9999 -9999 -9999 -9999 -9999 -9999 -9999
-9999 -9999 -9999 -9999 -9999 -9999 -9999 -9999 903 1008 1073 1146 1177 1192 1179 1156 1098 1040 959 846 782 691 587 514 467 413 373 381 355 331 333 320 283 273 286 290 297 296 293 289 281 270 276 298 291 294 289 265 258 271 275 279 292 283 282 286 287 295 292 287 285 285 285 287 286 291 293 287 284 282 276 280 276 273 270 271 268 263 258 256 254 251 246 245 -9999 -9999 -9999 -9999 -9999 -9999 -9999 -9999
-9999 -9999 -9999 -9999 -9999 -9999 -9999 -9999 901 995 1095 1155 1185 1193 1212 1190 1130 1044 974 864 790 693 609 570 487 441 403 377 364 359 338 293 274 268 262 284 292 297 304 297 292 285 263 272 277 277 278 273 259 266 276 282 283 286 282 278 284 292 296 293 290 286 285 289 288 286 277 275 283 284 282 279 279 278 272 276 274 270 267 263 254 251 246 -9999 -9999 -9999 -9999 -9999 -9999 -9999 -9999 -9999
-9999 -9999 -9999 -9999 -9999 -9999 -9999 -9999 923 989 1072 1170 1238 1285 1272 1235 1159 1075 986 898 807 720 640 585 539 497 453 410 384 341 315 309 289 282 282 280 289 289 294 291 283 284 282 266 258 260 268 273 263 263 268 278 280 280 278 282 288 287 290 291 289 292 286 282 287 289 284 276 275 277 277 277 279 275 271 276 274 266 263 257 251 250 246 244 -9999 -9999 -9999 -9999 -9999 -9999 -9999 -9999
-9999 -9999 -9999 -9999 -9999 -9999 -9999 -9999 863 952 1016 1099 1254 1277 1277 1261 1190 1079 979 899 811 738 668 622 563 495 448 391 364 347 313 293 273 271 283 301 297 289 289 293 288 277 281 274 260 252 249 255 265 271 267 272 275 274 278 284 280 284 289 290 286 285 286 284 285 291 293 288 281 278 280 281 275 271 265 264 266 265 261 255 251 249 246 243 -9999 -9999 -9999 -9999 -9999 -9999 -9999 -9999
-9999 -9999 -9999 -9999 -9999 -9999 -9999 -9999 870 893 973 1055 1130 1238 1292 1272 1169 1084 972 888 798 714 676 613 581 510 455 414 355 320 304 290 287 282 269 294 302 306 288 281 287 276 281 284 281 283 277 264 277 283 281 271 269 277 287 289 285 284 277 284 290 289 285 285 286 285 285 290 286 282 279 280 274 266 262 265 261 258 254 249 247 246 245 242 236 232 226 223 -9999 -9999 221 -9999
-9999 -9999 -9999 -9999 -9999 -9999 -9999 -9999 -9999 867 921 990 1103 1205 1248 1246 1159 1048 962 872 784 743 660 607 543 492 436 396 361 336 317 300 292 299 308 290 290 293 303 302 283 285 273 289 296 291 278 273 280 273 281 278 273 281 281 282 283 275 274 275 281 284 283 286 286 286 286 285 286 286 292 284 273 268 262 259 256 257 253 250 247 245 243 240 236 232 228 225 221 219 216 -9999
-9999 -9999 -9999 -9999 -9999 -9999 -9999 -9999 -9999 834 871 940 1032 1108 1165 1163 1094 1010 951 864 808 744 680 624 562 494 444 403 371 352 336 323 306 294 293 301 305 290 281 280 280 276 283 292 292 288 280 276 277 274 275 280 273 280 278 283 274 272 266 274 268 273 276 282 284 292 289 289 288 285 283 281 275 269 265 258 254 254 250 248 243 241 240 237 234 231 228 225 221 217 213 211
-9999 -9999 -9999 -9999 -9999 -9999 -9999 -9999 -9999 -9999 840 885 944 1018 1058 1052 1060 998 934 851 802 744 687 622 559 493 445 411 382 359 344 332 307 312 286 290 285 279 278 280 273 272 291 290 288 286 284 282 278 279 282 284 275 275 274 279 274 268 260 265 265 262 266 272 278 276 283 286 287 288 283 275 268 261 260 258 252 248 246 242 240 238 236 233 230 227 226 223 218 214 208 205
-9999 -9999 -9999 -9999 -9999 -9999 -9999 -9999 -9999 -9999 817 855 954 974 998 1043 1025 979 909 842 788 724 681 614 549 494 470 416 374 360 346 340 309 301 300 301 287 288 284 280 292 282 283 280 283 288 287 287 286 282 280 275 270 266 264 268 269 263 256 256 259 255 262 267 267 270 271 272 275 274 277 275 268 262 254 250 247 243 240 236 234 232 231 228 225 223 221 217 212 208 203 201
-9999 -9999 -9999 -9999 -9999 -9999 -9999 -9999 -9999 -9999 -9999 821 878 885 921 967 966 963 909 847 773 729 669 600 527 466 437 412 353 353 357 336 324 314 294 304 301 295 290 284 289 279 280 280 282 288 290 288 286 286 282 278 270 264 259 257 263 260 252 248 247 251 254 256 258 262 263 263 264 269 262 262 258 252 248 246 242 238 233 229 227 223 222 220 218 217 215 212 208 202 199 197
-9999 -9999 -9999 -9999 -9999 -9999 -9999 -9999 -9999 -9999 -9999 767 808 862 883 929 961 944 901 848 776 723 668 605 536 516 439 379 363 347 340 333 336 317 302 294 305 304 296 297 288 282 279 282 280 284 288 289 291 288 285 279 274 271 263 254 252 247 246 243 241 242 243 248 250 250 257 258 259 256 255 248 246 243 240 237 233 228 224 220 219 217 214 212 211 210 208 205 202 198 196 194
-9999 -9999 -9999 -9999 -9999 -9999 -9999 -9999 -9999 -9999 -9999 703 746 779 837 880 904 922 914 864 804 744 690 623 553 515 452 401 371 350 342 334 331 329 308 304 315 314 313 299 290 282 277 276 277 282 289 291 294 292 286 279 275 272 266 261 252 246 242 238 236 236 237 239 242 244 246 249 250 251 244 240 237 234 232 228 225 221 217 215 212 210 207 205 202 200 200 199 196 192 190 191
-9999 -9999 -9999 -9999 -9999 -9999 -9999 -9999 -9999 540 -9999 632 680 738 759 800 871 921 915 872 815 758 700 641 568 522 475 433 396 400 368 363 347 338 321 313 307 306 306 297 290 282 276 275 277 281 285 293 297 296 289 283 276 269 265 257 250 246 239 234 232 233 233 233 234 239 239 241 242 238 234 232 230 228 225 222 220 215 213 211 208 206 203 200 197 195 193 192 190 189 187 190
-9999 -9999 -9999 -9999 -9999 -9999 -9999 -9999 -9999 -9999 -9999 599 608 661 722 777 875 911 901 872 818 762 718 666 601 534 504 463 430 413 394 383 369 351 335 326 315 307 301 294 285 278 273 -9999 274 279 285 293 297 298 293 286 279 271 265 256 247 240 236 232 229 229 229 229 229 232 234 234 232 231 230 229 227 225 222 218 214 211 208 206 203 201 198 194 192 189 187 186 184 184 186 -9999
-9999 -9999 -9999 -9999 -9999 -9999 -9999 -9999 -9999 -9999 -9999 -9999 -9999 629 678 762 833 890 902 868 819 771 726 679 626 563 517 494 463 437 417 396 389 370 350 335 320 310 300 290 284 -9999 -9999 -9999 -9999 -9999 282 288 298 297 294 287 280 273 262 252 244 238 233 229 227 226 226 224 228 229 233 232 232 229 230 228 225 222 218 214 211 206 203 200 199 197 193 190 187 184 183 182 182 182 184 -9999
-9999 -9999 -9999 -9999 -9999 -9999 -9999 -9999 -9999 -9999 -9999 -9999 -9999 611 673 759 828 860 872 848 807 776 739 698 643 594 547 522 490 464 440 421 403 382 358 340 325 -9999 -9999 -9999 -9999 -9999 -9999 -9999 -9999 -9999 280 284 292 292 291 286 282 276 262 251 243 236 231 228 225 223 223 223 226 228 228 231 228 224 226 223 219 216 213 210 208 205 201 198 196 193 189 186 182 183 182 182 -9999 -9999 -9999 -9999
