resultados/variables_proyeccion_tiempo/variables_futuro_csiro_A1B/bio10.asc
ncols 330
nrows 228
xllcorner -12.000000
yllcorner 34.000000
cellsize 0.166667
NODATA_value -9999
[rows 0 to 39 of 228, columns 184 to 275 of 330]
-9999 -9999 -9999 -9999 -9999 -9999 -9999 -9999 -9999 -9999 -9999 -9999 -9999 -9999 -9999 -9999 -9999 -9999 -9999 -9999 -9999 -9999 -9999 -9999 -9999 -9999 -9999 -9999 -9999 -9999 -9999 -9999 -9999 -9999 -9999 -9999 -9999 -9999 -9999 -9999 -9999 -9999 -9999 -9999 -9999 -9999 -9999 -9999 -9999 -9999 -9999 -9999 -9999 -9999 -9999 -9999 -9999 -9999 -9999 -9999 -9999 -9999 -9999 -9999 -9999 -9999 -9999 -9999 -9999 -9999 -9999 -9999 -9999 -9999 -9999 -9999 -9999 -9999 -9999 -9999 -9999 -9999 -9999 -9999 -9999 -9999 -9999 -9999 -9999 -9999 -9999 -9999
-9999 -9999 -9999 -9999 -9999 -9999 -9999 -9999 -9999 -9999 -9999 -9999 -9999 -9999 -9999 -9999 -9999 -9999 -9999 -9999 -9999 -9999 -9999 -9999 -9999 -9999 -9999 -9999 -9999 -9999 -9999 -9999 -9999 -9999 -9999 -9999 -9999 -9999 -9999 -9999 -9999 -9999 -9999 -9999 -9999 -9999 -9999 -9999 -9999 -9999 -9999 -9999 -9999 -9999 -9999 -9999 -9999 -9999 -9999 -9999 -9999 -9999 -9999 -9999 -9999 -9999 -9999 -9999 -9999 -9999 -9999 -9999 -9999 -9999 -9999 -9999 -9999 -9999 -9999 -9999 -9999 -9999 -9999 -9999 -9999 -9999 -9999 -9999 -9999 -9999 -9999 -9999
-9999 -9999 -9999 -9999 -9999 -9999 -9999 -9999 -9999 -9999 -9999 -9999 -9999 -9999 -9999 -9999 -9999 -9999 -9999 -9999 -9999 -9999 -9999 -9999 -9999 -9999 -9999 -9999 -9999 -9999 -9999 -9999 -9999 -9999 -9999 -9999 -9999 -9999 -9999 -9999 -9999 -9999 -9999 -9999 -9999 -9999 -9999 -9999 -9999 -9999 -9999 -9999 -9999 -9999 -9999 -9999 -9999 -9999 -9999 -9999 -9999 -9999 -9999 -9999 -9999 -9999 -9999 -9999 -9999 -9999 -9999 -9999 -9999 -9999 -9999 -9999 -9999 -9999 -9999 -9999 -9999 -9999 -9999 -9999 -9999 -9999 -9999 -9999 -9999 -9999 -9999 -9999
-9999 -9999 -9999 -9999 -9999 -9999 -9999 -9999 -9999 -9999 -9999 -9999 -9999 -9999 -9999 -9999 -9999 -9999 -9999 -9999 -9999 -9999 -9999 -9999 -9999 -9999 -9999 -9999 -9999 -9999 -9999 -9999 -9999 -9999 -9999 -9999 -9999 -9999 -9999 -9999 -9999 -9999 -9999 -9999 -9999 -9999 -9999 -9999 -9999 -9999 -9999 -9999 -9999 -9999 -9999 -9999 -9999 -9999 -9999 -9999 -9999 -9999 -9999 -9999 -9999 -9999 -9999 -9999 -9999 -9999 -9999 -9999 -9999 -9999 -9999 -9999 -9999 -9999 -9999 -9999 -9999 -9999 -9999 -9999 -9999 -9999 -9999 -9999 -9999 -9999 -9999 -9999
-9999 -9999 -9999 -9999 -9999 -9999 -9999 -9999 -9999 -9999 -9999 -9999 -9999 -9999 -9999 -9999 -9999 -9999 -9999 -9999 -9999 -9999 -9999 -9999 -9999 -9999 -9999 -9999 -9999 -9999 -9999 -9999 -9999 -9999 -9999 -9999 -9999 -9999 -9999 -9999 -9999 -9999 -9999 -9999 -9999 -9999 -9999 -9999 -9999 -9999 -9999 -9999 -9999 -9999 -9999 -9999 -9999 -9999 -9999 -9999 -9999 -9999 -9999 -9999 -9999 -9999 -9999 -9999 -9999 -9999 -9999 -9999 -9999 -9999 -9999 -9999 -9999 -9999 -9999 -9999 -9999 -9999 -9999 -9999 -9999 -9999 -9999 -9999 -9999 -9999 -9999 -9999
-9999 -9999 -9999 -9999 -9999 -9999 -9999 -9999 -9999 -9999 -9999 -9999 -9999 -9999 -9999 -9999 -9999 -9999 -9999 -9999 -9999 -9999 -9999 -9999 -9999 -9999 -9999 -9999 -9999 -9999 -9999 122 127 -9999 -9999 117 127 124 131 119 121 120 121 119 119 121 -9999 -9999 -9999 -9999 -9999 114 119 114 118 118 118 123 -9999 -9999 -9999 -9999 -9999 -9999 -9999 -9999 -9999 -9999 -9999 -9999 -9999 -9999 -9999 -9999 -9999 -9999 -9999 -9999 -9999 -9999 -9999 -9999 -9999 -9999 -9999 -9999 -9999 -9999 -9999 -9999 -9999 -9999
-9999 -9999 -9999 -9999 -9999 -9999 -9999 -9999 -9999 -9999 -9999 -9999 -9999 -9999 -9999 -9999 -9999 -9999 -9999 -9999 -9999 -9999 -9999 -9999 -9999 -9999 131 124 -9999 -9999 -9999 123 124 130 120 119 117 121 119 126 121 115 123 121 127 -9999 108 112 118 -9999 112 119 116 111 110 110 109 108 110 119 111 114 117 -9999 -9999 -9999 -9999 -9999 -9999 -9999 -9999 -9999 -9999 -9999 -9999 -9999 -9999 -9999 -9999 -9999 -9999 -9999 -9999 -9999 -9999 -9999 -9999 -9999 -9999 -9999 -9999 -9999
-9999 -9999 -9999 -9999 -9999 -9999 -9999 -9999 -9999 -9999 -9999 -9999 -9999 -9999 -9999 -9999 -9999 -9999 -9999 -9999 -9999 -9999 126 123 119 128 125 123 126 121 125 126 127 128 123 124 118 113 113 116 120 120 120 126 116 108 109 109 117 -9999 112 111 108 106 105 108 112 106 -9999 108 108 104 105 111 113 104 107 109 115 -9999 -9999 -9999 -9999 -9999 -9999 -9999 -9999 -9999 -9999 -9999 -9999 -9999 -9999 -9999 -9999 -9999 -9999 -9999 -9999 -9999 -9999 -9999
-9999 -9999 -9999 -9999 -9999 -9999 -9999 -9999 -9999 -9999 -9999 -9999 -9999 -9999 -9999 -9999 -9999 -9999 -9999 136 134 130 123 126 125 122 121 134 127 127 120 120 128 117 110 123 122 121 118 117 130 -9999 128 123 114 115 109 118 -9999 -9999 113 110 109 104 105 101 100 106 105 102 101 101 109 105 102 105 107 104 108 111 112 114 -9999 -9999 -9999 -9999 -9999 -9999 -9999 -9999 -9999 -9999 -9999 -9999 -9999 -9999 -9999 -9999 -9999 -9999 -9999 -9999
-9999 -9999 -9999 -9999 -9999 -9999 -9999 -9999 -9999 -9999 -9999 -9999 -9999 -9999 -9999 -9999 144 -9999 128 -9999 136 -9999 124 127 122 108 109 110 117 121 122 119 113 120 122 120 122 122 126 133 131 127 124 121 115 113 118 123 118 117 112 108 105 106 111 115 117 115 112 110 106 104 105 106 103 98 102 104 106 105 107 109 111 114 123 -9999 -9999 -9999 -9999 -9999 -9999 -9999 -9999 -9999 -9999 -9999 -9999 -9999 -9999 -9999 -9999 -9999
-9999 152 147 146 -9999 138 141 150 -9999 148 144 139 123 -9999 -9999 144 132 127 125 107 112 117 113 119 117 120 112 108 127 120 115 118 121 120 119 119 123 128 134 134 120 120 112 115 115 118 113 114 115 115 112 110 110 112 113 116 118 115 115 112 109 110 112 111 105 102 100 101 110 112 112 110 112 113 113 -9999 -9999 -9999 -9999 -9999 -9999 -9999 -9999 -9999 -9999 -9999 -9999 -9999 -9999 -9999 -9999 -9999
148 150 146 146 144 149 142 139 147 -9999 131 132 129 139 -9999 148 139 125 108 118 113 119 118 118 113 127 134 132 123 122 116 112 119 122 117 116 123 130 137 120 109 110 112 106 109 101 104 109 113 112 114 115 119 118 119 118 120 116 118 118 119 118 116 116 117 112 113 116 117 116 119 -9999 -9999 -9999 -9999 -9999 -9999 -9999 -9999 -9999 -9999 -9999 -9999 -9999 -9999 -9999 -9999 -9999 -9999 -9999 -9999 -9999
146 143 141 138 142 140 142 147 144 126 146 136 134 140 138 135 124 125 130 126 122 114 110 105 115 118 130 136 135 125 120 118 119 120 111 108 109 129 132 122 114 117 110 105 109 114 121 117 120 122 119 118 117 115 115 120 120 113 111 112 112 112 110 113 115 116 118 118 115 113 -9999 -9999 -9999 -9999 -9999 -9999 -9999 -9999 -9999 120 117 118 118 -9999 -9999 -9999 -9999 -9999 -9999 -9999 -9999 -9999
141 145 141 140 134 129 144 140 120 122 -9999 119 131 120 134 125 103 109 117 119 125 121 114 110 115 117 120 125 123 120 123 120 120 123 120 116 120 128 130 130 128 125 124 125 124 123 119 120 122 125 123 119 119 117 114 116 116 116 115 113 117 119 118 120 119 120 119 120 120 114 116 113 111 114 109 113 115 -9999 114 114 115 116 118 119 118 120 123 -9999 -9999 -9999 -9999 -9999
141 136 127 132 122 126 132 113 116 139 122 131 116 104 108 124 114 98 107 99 101 108 116 114 114 113 114 120 123 122 123 121 124 125 125 123 123 125 129 130 128 128 130 129 124 121 119 122 124 124 126 124 121 119 119 119 120 121 122 123 122 122 121 121 118 116 117 120 120 120 115 112 110 114 116 118 112 112 115 117 120 117 120 118 118 117 120 -9999 -9999 -9999 -9999 -9999
130 133 128 124 118 131 112 107 117 134 104 109 95 109 103 108 112 116 116 112 110 109 116 121 118 114 121 123 124 128 125 124 126 128 128 129 128 131 133 133 131 131 133 130 128 126 125 127 126 125 126 126 125 125 125 124 124 124 125 125 124 121 119 118 119 121 122 123 123 116 109 110 113 117 120 114 114 116 116 116 118 120 122 121 122 123 123 120 124 -9999 -9999 -9999
125 128 132 136 125 117 114 123 108 101 112 111 102 97 98 99 104 108 112 118 120 119 121 124 126 121 123 125 126 130 129 128 125 126 129 128 133 132 131 130 131 132 133 128 125 127 129 129 130 131 132 131 130 129 129 130 130 129 128 127 124 124 124 126 123 122 116 117 117 115 112 114 114 114 117 115 112 114 115 118 121 120 121 122 126 126 125 126 128 125 124 119
130 126 123 130 121 114 106 100 103 107 108 107 118 109 105 106 113 117 118 120 122 124 124 125 128 130 132 130 128 127 128 127 128 130 131 131 131 129 131 133 134 135 136 132 128 128 128 130 131 133 135 134 134 134 134 133 132 131 130 128 127 128 128 127 123 120 118 119 118 118 118 116 114 114 112 114 116 119 119 119 121 122 124 122 122 126 130 129 130 128 124 121
106 116 111 109 111 125 116 106 103 108 110 111 115 121 116 115 114 115 119 123 127 128 127 128 130 132 132 130 127 125 125 127 128 129 129 130 130 132 132 134 135 137 137 136 134 136 137 138 138 136 136 137 137 137 136 135 134 133 131 129 128 129 127 126 123 122 122 122 120 120 121 119 118 117 119 118 120 119 119 122 120 121 123 127 128 129 133 129 126 125 125 122
106 103 97 98 101 107 116 107 106 104 110 111 111 111 115 120 123 119 118 122 124 129 129 128 128 130 131 132 130 129 128 128 127 127 127 128 129 131 134 135 136 136 130 133 135 137 137 133 133 133 135 136 137 138 136 135 133 130 128 129 126 128 128 127 126 125 125 124 124 125 126 125 126 125 124 126 124 123 126 128 127 128 127 129 132 130 132 128 126 125 123 120
97 101 108 108 105 106 112 114 110 112 114 116 117 118 119 119 119 123 128 130 129 134 134 132 132 133 132 133 134 132 128 131 131 130 131 131 131 132 134 136 135 135 134 132 133 134 133 132 132 133 135 138 137 137 134 134 133 131 129 133 132 132 131 130 130 130 127 128 127 125 127 128 128 128 129 129 129 130 131 130 131 126 125 125 126 128 130 131 127 123 125 123
124 119 117 109 103 111 122 118 118 118 116 116 118 122 124 123 126 127 127 130 135 136 137 137 138 137 138 138 136 136 136 137 137 137 136 136 135 135 135 136 137 137 138 138 138 137 137 137 135 135 134 134 132 132 134 135 135 135 132 130 131 129 128 128 128 129 126 119 122 122 127 127 124 126 127 128 130 132 129 127 128 128 122 125 127 130 126 131 130 126 122 117
98 98 102 110 119 126 128 131 131 126 122 122 122 122 124 126 131 132 131 133 133 133 133 136 138 140 141 140 138 137 130 135 139 137 137 138 138 139 136 137 138 137 138 138 139 138 138 138 137 136 136 135 134 132 134 131 126 126 123 126 128 125 127 130 129 130 127 129 130 130 131 132 128 118 122 124 123 127 125 124 123 126 122 128 125 127 130 130 128 126 122 120
90 91 104 108 109 114 124 127 129 131 132 130 130 128 130 128 132 135 136 135 134 135 135 134 137 139 141 141 141 142 140 138 135 142 142 143 143 143 142 142 141 140 139 140 141 141 140 140 140 139 138 138 136 136 136 135 134 133 131 131 130 131 129 130 131 132 133 131 131 133 134 133 132 131 130 123 121 117 122 122 124 125 117 126 131 129 129 130 129 126 125 122
105 116 112 116 118 119 125 127 129 132 135 135 136 136 137 138 136 136 136 137 140 140 138 136 137 139 141 143 144 144 142 141 140 140 142 144 146 146 146 145 145 143 139 138 139 138 139 141 142 140 138 139 139 139 138 136 135 134 132 132 133 133 131 130 129 131 131 131 134 135 131 130 130 129 125 128 127 125 122 121 121 126 109 117 126 131 133 133 127 124 120 121
109 107 113 118 122 122 125 129 132 132 132 133 137 139 139 142 143 142 142 141 141 142 142 143 143 142 143 144 145 145 144 142 143 142 144 146 147 147 146 146 145 144 142 142 141 141 143 144 144 143 142 141 141 140 139 137 135 136 136 136 136 135 133 132 130 127 128 130 134 135 136 134 130 132 133 131 130 127 128 130 132 132 115 124 130 133 134 122 105 103 100 114
122 125 121 121 126 129 128 131 132 133 135 133 136 139 139 139 140 142 142 144 145 146 145 146 146 144 143 145 147 147 145 146 145 143 147 146 147 149 149 148 147 148 145 145 146 145 146 146 146 145 145 144 144 142 140 140 138 138 139 139 138 137 135 133 130 128 129 130 129 129 130 132 133 134 134 134 134 135 135 135 135 134 133 135 134 134 135 134 128 120 115 114
130 130 130 130 131 129 132 131 131 131 131 133 136 137 140 141 142 142 142 143 145 148 149 149 149 148 148 150 150 150 150 149 148 149 148 148 150 150 148 148 148 148 147 146 147 146 146 148 147 147 145 144 145 145 144 142 143 143 141 139 135 136 135 134 133 129 130 132 132 129 128 133 135 132 130 126 128 132 132 135 136 136 136 135 132 132 135 134 133 133 133 134
112 126 134 132 134 134 137 138 137 138 137 137 137 137 139 141 145 145 140 143 146 149 149 151 151 151 151 151 151 152 152 151 151 149 148 149 150 151 149 150 150 150 150 149 147 145 147 147 148 148 146 148 149 149 146 146 146 146 144 142 141 139 137 139 136 135 135 135 134 133 129 128 130 129 128 126 130 131 134 134 135 138 137 133 131 130 128 132 136 136 136 136
126 123 129 135 139 141 142 141 138 140 139 138 143 144 146 147 147 148 149 148 146 150 151 153 152 150 149 150 151 152 153 153 151 151 150 151 152 153 154 152 150 151 152 151 149 149 150 149 147 146 147 149 150 150 149 148 146 142 144 145 145 144 143 141 140 137 138 138 135 136 136 136 135 134 136 131 129 132 137 141 143 144 142 137 136 131 136 136 141 141 139 140
138 139 141 142 140 140 145 140 143 142 142 143 143 142 143 147 149 152 151 153 151 150 151 153 155 153 153 150 152 155 157 158 154 152 153 153 152 155 154 154 155 154 153 151 152 152 151 149 149 150 149 150 152 151 150 149 148 148 147 148 147 146 142 143 141 141 137 136 138 143 144 142 144 144 139 143 141 143 143 144 145 142 144 144 -9999 140 133 136 141 142 142 141
138 142 145 148 148 146 148 150 151 149 145 143 145 146 146 144 146 148 151 154 155 156 152 153 155 154 154 153 150 154 157 159 154 154 156 155 155 154 153 155 157 158 155 154 154 155 152 152 152 150 150 152 153 152 151 150 151 149 147 145 144 144 143 140 140 138 139 140 143 145 147 148 147 148 146 142 147 147 148 148 148 147 145 146 148 148 -9999 146 145 147 144 144
133 140 142 146 148 150 151 151 151 150 153 148 147 148 148 146 145 146 149 152 154 157 157 155 157 155 154 155 154 155 157 158 155 156 158 157 157 156 156 156 158 158 158 157 158 157 155 155 154 153 153 154 154 152 152 153 152 149 148 148 146 146 147 145 143 142 142 142 142 143 145 149 150 150 150 148 146 146 148 149 149 149 148 146 148 149 149 148 147 149 -9999 -9999
133 135 138 140 141 146 147 146 149 152 155 157 154 153 152 151 151 150 153 149 149 156 159 159 159 159 157 155 156 159 159 157 158 158 158 157 157 156 158 159 160 159 158 159 159 159 158 157 156 155 153 155 153 148 149 150 151 150 149 147 146 149 149 148 147 145 146 144 142 143 148 149 152 151 147 149 148 146 148 148 148 150 150 149 148 148 149 148 147 149 -9999 -9999
140 138 138 136 139 141 144 145 147 151 154 154 158 158 156 154 156 157 159 156 153 153 157 157 159 160 158 157 158 159 160 160 158 158 158 159 160 160 160 162 161 160 159 159 157 156 156 155 155 157 156 155 153 150 150 151 151 151 149 148 150 150 149 147 148 149 147 146 145 144 148 150 152 150 151 149 147 148 149 149 148 147 148 148 149 149 149 148 148 148 148 148
145 144 146 146 146 148 150 152 151 151 151 153 157 160 158 157 157 159 162 160 159 157 158 160 162 160 159 160 160 161 162 162 161 161 162 162 163 162 163 163 162 160 159 159 158 159 158 157 156 156 156 156 153 152 151 150 152 151 152 152 151 149 149 147 147 149 147 147 147 146 147 151 154 154 153 152 150 149 149 148 148 148 149 149 149 148 148 147 147 147 147 147
146 146 148 148 151 150 153 154 157 157 156 154 154 157 157 161 162 161 163 161 162 162 163 163 163 163 163 163 163 162 163 163 164 164 164 164 164 163 162 162 162 162 161 160 160 160 159 159 158 157 158 158 157 155 152 152 153 154 153 151 150 150 150 150 149 150 149 149 149 147 149 148 150 152 154 154 152 152 151 150 149 149 148 149 150 150 148 148 148 147 147 147
146 147 145 146 149 151 150 152 152 154 155 161 159 161 160 160 160 162 165 164 164 163 165 163 164 164 164 165 165 165 165 165 165 165 166 165 165 165 164 164 163 163 162 162 161 161 160 160 159 158 160 160 159 154 154 152 152 153 155 154 153 152 152 152 151 151 150 150 151 151 152 152 152 153 154 153 153 154 153 153 152 151 150 150 151 150 150 150 149 149 148 148
145 146 146 150 150 150 151 149 147 150 153 155 157 159 162 163 161 163 164 164 164 164 164 164 164 165 -9999 -9999 -9999 -9999 -9999 -9999 -9999 -9999 -9999 -9999 167 166 166 166 165 164 164 163 163 163 162 162 161 161 161 161 159 158 156 157 156 157 156 156 155 155 154 154 153 153 152 153 153 154 155 155 154 153 152 152 152 152 153 154 153 153 152 151 151 151 151 151 151 150 150 150
148 147 147 149 150 152 151 151 150 151 151 152 154 157 162 165 165 165 164 165 -9999 164 164 163 164 -9999 -9999 -9999 -9999 -9999 -9999 -9999 -9999 -9999 -9999 -9999 -9999 -9999 -9999 168 168 166 166 165 164 164 164 163 163 162 162 161 161 160 159 159 157 157 156 157 156 156 156 155 156 156 155 155 155 156 157 157 156 154 153 153 152 153 153 153 153 153 153 153 152 151 152 152 150 150 151 151
