resultados/variables_proyeccion_tiempo/variables_futuro_csiro_A1B/bio15.asc
ncols 330
nrows 228
xllcorner -12.000000
yllcorner 34.000000
cellsize 0.166667
NODATA_value -9999
[rows 0 to 48 of 228, columns 192 to 287 of 330]
-9999 -9999 -9999 -9999 -9999 -9999 -9999 -9999 -9999 -9999 -9999 -9999 -9999 -9999 -9999 -9999 -9999 -9999 -9999 -9999 -9999 -9999 -9999 -9999 -9999 -9999 -9999 -9999 -9999 -9999 -9999 -9999 -9999 -9999 -9999 -9999 -9999 -9999 -9999 -9999 -9999 -9999 -9999 -9999 -9999 -9999 -9999 -9999 -9999 -9999 -9999 -9999 -9999 -9999 -9999 -9999 -9999 -9999 -9999 -9999 -9999 -9999 -9999 -9999 -9999 -9999 -9999 -9999 -9999 -9999 -9999 -9999 -9999 -9999 -9999 -9999 -9999 -9999 -9999 -9999 -9999 -9999 -9999 -9999 -9999 -9999 -9999 -9999 -9999 -9999 -9999 -9999 -9999 -9999 -9999 -9999
-9999 -9999 -9999 -9999 -9999 -9999 -9999 -9999 -9999 -9999 -9999 -9999 -9999 -9999 -9999 -9999 -9999 -9999 -9999 -9999 -9999 -9999 -9999 -9999 -9999 -9999 -9999 -9999 -9999 -9999 -9999 -9999 -9999 -9999 -9999 -9999 -9999 -9999 -9999 -9999 -9999 -9999 -9999 -9999 -9999 -9999 -9999 -9999 -9999 -9999 -9999 -9999 -9999 -9999 -9999 -9999 -9999 -9999 -9999 -9999 -9999 -9999 -9999 -9999 -9999 -9999 -9999 -9999 -9999 -9999 -9999 -9999 -9999 -9999 -9999 -9999 -9999 -9999 -9999 -9999 -9999 -9999 -9999 -9999 -9999 -9999 -9999 -9999 -9999 -9999 -9999 -9999 -9999 -9999 -9999 -9999
-9999 -9999 -9999 -9999 -9999 -9999 -9999 -9999 -9999 -9999 -9999 -9999 -9999 -9999 -9999 -9999 -9999 -9999 -9999 -9999 -9999 -9999 -9999 -9999 -9999 -9999 -9999 -9999 -9999 -9999 -9999 -9999 -9999 -9999 -9999 -9999 -9999 -9999 -9999 -9999 -9999 -9999 -9999 -9999 -9999 -9999 -9999 -9999 -9999 -9999 -9999 -9999 -9999 -9999 -9999 -9999 -9999 -9999 -9999 -9999 -9999 -9999 -9999 -9999 -9999 -9999 -9999 -9999 -9999 -9999 -9999 -9999 -9999 -9999 -9999 -9999 -9999 -9999 -9999 -9999 -9999 -9999 -9999 -9999 -9999 -9999 -9999 -9999 -9999 -9999 -9999 -9999 -9999 -9999 -9999 -9999
-9999 -9999 -9999 -9999 -9999 -9999 -9999 -9999 -9999 -9999 -9999 -9999 -9999 -9999 -9999 -9999 -9999 -9999 -9999 -9999 -9999 -9999 -9999 -9999 -9999 -9999 -9999 -9999 -9999 -9999 -9999 -9999 -9999 -9999 -9999 -9999 -9999 -9999 -9999 -9999 -9999 -9999 -9999 -9999 -9999 -9999 -9999 -9999 -9999 -9999 -9999 -9999 -9999 -9999 -9999 -9999 -9999 -9999 -9999 -9999 -9999 -9999 -9999 -9999 -9999 -9999 -9999 -9999 -9999 -9999 -9999 -9999 -9999 -9999 -9999 -9999 -9999 -9999 -9999 -9999 -9999 -9999 -9999 -9999 -9999 -9999 -9999 -9999 -9999 -9999 -9999 -9999 -9999 -9999 -9999 -9999
-9999 -9999 -9999 -9999 -9999 -9999 -9999 -9999 -9999 -9999 -9999 -9999 -9999 -9999 -9999 -9999 -9999 -9999 -9999 -9999 -9999 -9999 -9999 -9999 -9999 -9999 -9999 -9999 -9999 -9999 -9999 -9999 -9999 -9999 -9999 -9999 -9999 -9999 -9999 -9999 -9999 -9999 -9999 -9999 -9999 -9999 -9999 -9999 -9999 -9999 -9999 -9999 -9999 -9999 -9999 -9999 -9999 -9999 -9999 -9999 -9999 -9999 -9999 -9999 -9999 -9999 -9999 -9999 -9999 -9999 -9999 -9999 -9999 -9999 -9999 -9999 -9999 -9999 -9999 -9999 -9999 -9999 -9999 -9999 -9999 -9999 -9999 -9999 -9999 -9999 -9999 -9999 -9999 -9999 -9999 -9999
-9999 -9999 -9999 -9999 -9999 -9999 -9999 -9999 -9999 -9999 -9999 -9999 -9999 -9999 -9999 -9999 -9999 -9999 -9999 -9999 -9999 -9999 -9999 27 27 -9999 -9999 21 23 21 23 21 21 21 22 22 22 23 -9999 -9999 -9999 -9999 -9999 24 25 24 25 25 25 25 -9999 -9999 -9999 -9999 -9999 -9999 -9999 -9999 -9999 -9999 -9999 -9999 -9999 -9999 -9999 -9999 -9999 -9999 -9999 -9999 -9999 -9999 -9999 -9999 -9999 -9999 -9999 -9999 -9999 -9999 -9999 -9999 -9999 -9999 -9999 -9999 -9999 -9999 -9999 -9999 -9999 -9999 -9999 -9999 -9999 -9999
-9999 -9999 -9999 -9999 -9999 -9999 -9999 -9999 -9999 -9999 -9999 -9999 -9999 -9999 -9999 -9999 -9999 -9999 22 23 -9999 -9999 -9999 26 25 24 21 21 20 20 21 22 22 21 23 23 23 -9999 23 24 24 -9999 24 26 25 26 26 26 26 26 26 26 26 26 27 -9999 -9999 -9999 -9999 -9999 -9999 -9999 -9999 -9999 -9999 -9999 -9999 -9999 -9999 -9999 -9999 -9999 -9999 -9999 -9999 -9999 -9999 -9999 -9999 -9999 -9999 -9999 -9999 -9999 -9999 -9999 -9999 -9999 -9999 -9999 -9999 -9999 -9999 -9999 -9999 -9999
-9999 -9999 -9999 -9999 -9999 -9999 -9999 -9999 -9999 -9999 -9999 -9999 -9999 -9999 25 21 19 20 21 22 23 21 23 22 22 22 21 20 20 20 20 21 22 23 23 25 25 24 25 25 26 -9999 27 28 27 28 27 28 28 27 -9999 27 26 26 25 26 27 25 26 24 24 -9999 -9999 -9999 -9999 -9999 -9999 -9999 -9999 -9999 -9999 -9999 -9999 -9999 -9999 -9999 -9999 -9999 -9999 -9999 -9999 -9999 -9999 -9999 -9999 -9999 -9999 -9999 -9999 -9999 -9999 -9999 -9999 -9999 -9999 -9999
-9999 -9999 -9999 -9999 -9999 -9999 -9999 -9999 -9999 -9999 -9999 29 27 24 22 20 19 19 20 22 21 21 20 20 21 19 18 20 20 21 22 22 24 -9999 28 27 26 27 27 28 -9999 -9999 30 30 30 29 29 29 28 28 28 27 27 26 27 26 26 26 26 25 24 24 23 24 -9999 -9999 -9999 -9999 -9999 -9999 -9999 -9999 -9999 -9999 -9999 -9999 -9999 -9999 -9999 -9999 -9999 -9999 -9999 -9999 -9999 -9999 -9999 -9999 -9999 -9999 -9999 -9999 -9999 -9999 -9999 -9999
-9999 -9999 -9999 -9999 -9999 -9999 -9999 -9999 28 -9999 23 -9999 24 -9999 20 20 19 18 18 18 19 19 20 19 18 19 19 20 20 22 23 25 28 28 28 29 29 29 30 31 32 32 31 31 31 31 31 32 32 31 30 29 28 28 28 28 27 26 26 25 25 24 24 24 24 24 26 -9999 -9999 -9999 -9999 -9999 -9999 -9999 -9999 -9999 -9999 -9999 -9999 -9999 -9999 -9999 -9999 -9999 -9999 -9999 -9999 -9999 -9999 -9999 -9999 -9999 -9999 -9999 -9999 -9999
-9999 31 30 29 27 -9999 -9999 29 26 24 23 21 21 21 20 20 19 19 18 17 19 19 18 19 19 19 20 21 22 24 25 28 29 29 30 30 31 32 32 33 34 34 33 33 33 33 33 33 33 32 31 31 30 30 30 30 28 28 27 26 27 27 26 25 24 25 26 -9999 -9999 -9999 -9999 -9999 -9999 -9999 -9999 -9999 -9999 -9999 -9999 -9999 -9999 -9999 -9999 -9999 -9999 -9999 -9999 -9999 -9999 -9999 -9999 -9999 -9999 -9999 -9999 -9999
32 -9999 27 28 27 28 -9999 28 27 24 22 23 22 22 21 20 19 20 20 20 19 19 19 19 20 21 21 22 24 27 29 30 30 31 32 32 33 32 34 35 36 36 36 36 36 36 35 34 34 33 33 33 32 32 31 31 31 29 29 29 28 28 28 -9999 -9999 -9999 -9999 -9999 -9999 -9999 -9999 -9999 -9999 -9999 -9999 -9999 -9999 -9999 -9999 -9999 -9999 -9999 -9999 -9999 -9999 -9999 -9999 -9999 -9999 -9999 -9999 -9999 -9999 -9999 -9999 -9999
31 27 30 28 28 28 27 26 24 24 25 25 23 22 21 20 20 20 20 21 21 20 20 21 21 22 23 24 26 29 32 33 33 35 35 35 35 36 38 38 39 39 38 39 37 37 36 36 36 34 34 33 33 32 32 32 32 32 32 32 30 30 -9999 -9999 -9999 -9999 -9999 -9999 -9999 -9999 -9999 31 31 31 31 -9999 -9999 -9999 -9999 -9999 -9999 -9999 -9999 -9999 -9999 -9999 -9999 -9999 -9999 -9999 -9999 -9999 -9999 -9999 -9999 -9999
27 27 -9999 25 27 25 26 25 23 24 24 24 24 23 22 22 22 21 21 21 21 22 22 22 23 25 25 27 29 32 35 37 39 40 40 40 40 40 39 40 41 42 41 40 39 39 37 37 37 36 36 35 35 35 34 34 34 34 33 33 33 31 30 29 28 28 27 28 28 -9999 29 29 30 31 31 31 31 32 32 -9999 -9999 -9999 -9999 -9999 -9999 -9999 -9999 -9999 -9999 -9999 -9999 -9999 -9999 -9999 -9999 -9999
26 29 26 27 25 24 24 26 25 24 24 23 23 23 23 23 23 22 22 22 23 23 24 24 25 27 28 30 31 34 37 40 42 43 43 42 41 41 41 42 43 43 43 43 41 40 39 39 38 38 37 37 36 36 36 36 35 35 35 35 35 33 32 30 29 29 28 28 28 28 29 30 30 30 31 31 31 32 32 -9999 -9999 -9999 -9999 -9999 -9999 -9999 -9999 -9999 -9999 -9999 -9999 -9999 -9999 -9999 -9999 -9999
26 28 24 25 24 25 25 25 26 26 25 25 25 25 25 25 24 24 24 24 24 25 26 26 27 29 30 32 34 36 39 42 44 45 46 44 43 42 42 43 44 44 44 44 43 42 41 40 39 39 38 38 38 37 36 36 36 37 37 38 37 34 32 31 30 30 29 29 29 29 29 29 30 30 31 32 32 33 33 33 34 -9999 -9999 -9999 32 32 -9999 -9999 -9999 -9999 -9999 -9999 -9999 -9999 -9999 -9999
25 24 26 26 26 25 25 26 26 27 27 27 27 27 26 26 26 26 26 26 26 27 27 28 29 30 32 33 35 37 40 41 44 45 46 44 43 43 43 43 44 45 44 44 44 43 42 42 41 40 40 39 38 38 38 38 38 38 37 37 36 34 33 32 31 30 30 29 29 29 29 30 30 30 31 32 33 33 34 34 34 34 34 33 32 32 32 32 32 33 34 33 33 34 34 -9999
25 25 26 27 29 28 28 28 28 28 28 28 28 28 28 28 27 27 27 27 28 28 29 29 30 32 33 34 35 37 39 41 43 44 45 44 43 43 43 43 43 44 44 45 45 44 44 42 41 41 40 39 39 38 38 38 38 37 37 37 36 35 34 32 31 31 30 30 29 30 30 30 30 31 31 32 32 34 35 35 34 34 34 33 32 32 32 32 32 33 33 33 33 33 34 33
26 26 27 28 29 30 30 29 29 29 29 29 30 30 29 29 29 29 29 29 29 29 29 30 31 32 33 34 35 36 38 40 41 42 43 43 43 43 43 43 43 43 44 44 44 44 44 43 41 40 40 39 38 38 38 38 38 38 37 36 35 35 34 32 32 31 31 30 30 30 29 30 30 30 31 32 32 34 35 34 34 34 33 33 32 32 32 32 32 32 33 33 33 34 33 33
27 27 29 29 30 31 31 31 30 30 30 30 30 31 31 30 30 30 30 30 30 30 30 30 31 32 32 33 34 35 37 38 39 40 40 40 41 41 42 41 41 41 42 43 43 43 43 41 40 40 38 38 38 37 37 37 37 37 36 36 35 35 34 33 32 31 31 31 30 30 30 30 31 31 31 32 32 33 34 34 33 33 33 33 33 33 32 32 32 32 32 33 33 33 33 33
29 29 30 31 32 32 32 32 31 31 31 31 32 32 32 32 31 31 31 32 31 31 30 31 31 32 32 32 33 34 36 36 37 38 38 38 39 39 39 39 39 40 40 41 42 41 41 40 39 38 38 38 37 37 36 36 36 36 36 35 35 34 33 32 32 32 31 31 31 31 31 31 31 31 31 31 32 32 33 34 33 33 33 33 32 32 32 32 32 32 33 33 33 33 33 33
31 32 32 33 33 34 34 33 33 33 32 32 33 34 34 33 32 32 32 32 32 32 31 31 31 32 32 32 33 33 34 35 36 36 37 38 38 38 38 38 38 39 39 39 39 39 39 38 38 38 37 36 36 35 35 35 34 34 34 33 33 33 33 32 31 31 31 31 31 31 31 30 30 30 30 31 31 32 32 33 33 33 32 32 32 32 33 32 33 32 33 33 33 33 33 33
34 34 34 34 34 34 34 34 34 34 33 33 34 34 34 33 33 33 33 33 32 32 31 31 32 32 32 32 32 33 34 34 35 35 36 36 36 37 37 37 37 37 37 38 38 37 37 37 36 36 35 35 35 34 34 34 34 34 33 33 33 33 33 32 32 30 30 31 30 31 30 30 30 30 30 30 31 31 32 32 32 32 32 32 32 32 33 33 33 33 33 33 34 33 34 33
36 36 36 35 36 35 35 35 34 34 34 34 34 34 33 33 33 33 33 33 32 31 31 31 31 32 32 33 33 34 34 34 35 35 35 35 35 36 35 35 36 36 36 36 37 37 37 36 36 36 36 35 35 35 34 33 33 33 34 33 33 33 33 32 31 31 31 30 30 29 29 29 30 30 29 30 31 31 31 32 32 32 32 32 32 32 32 33 33 33 33 34 34 34 34 34
37 37 37 36 36 36 35 35 34 35 34 34 34 34 34 33 33 32 32 32 31 31 31 31 32 32 32 33 33 33 34 34 35 35 34 35 35 34 34 34 35 35 35 35 35 36 36 36 36 36 36 36 35 35 34 34 33 33 33 32 33 33 32 31 30 30 30 30 30 30 29 29 29 29 28 29 30 31 31 31 31 31 30 31 32 32 32 31 31 32 33 34 34 34 34 34
38 38 38 37 36 36 35 35 35 34 34 34 33 33 33 32 32 32 32 31 30 30 30 31 31 31 32 33 33 33 34 34 34 34 34 34 34 33 33 33 33 34 34 34 35 35 36 36 35 36 35 35 36 35 35 34 33 33 32 32 32 32 31 31 30 30 30 30 30 30 29 29 29 29 28 29 30 30 31 30 28 28 28 30 31 32 32 30 31 32 34 34 34 34 34 34
39 38 37 37 36 36 35 35 34 34 34 33 33 33 33 32 32 31 31 30 30 30 30 30 31 31 31 32 33 33 33 33 33 33 33 33 33 32 32 31 32 32 33 33 34 35 35 35 35 35 35 35 35 35 34 34 33 33 32 32 31 31 31 30 30 30 30 30 29 30 30 30 29 29 29 29 30 30 30 30 30 29 29 30 31 32 32 33 32 33 34 34 34 35 35 35
38 38 37 36 36 35 35 34 34 33 33 33 32 32 32 32 31 30 30 29 29 29 30 30 30 31 30 31 32 32 32 32 32 32 32 32 31 31 30 30 30 31 31 32 33 33 34 34 34 34 34 34 34 34 33 33 33 33 32 32 31 30 30 30 30 30 29 29 29 29 29 29 29 29 29 29 29 29 29 30 30 31 31 31 32 33 33 33 33 33 34 35 35 35 35 35
38 37 36 36 35 34 34 33 33 32 32 32 31 31 31 30 30 30 29 29 29 29 29 29 29 30 30 30 30 30 31 31 31 31 31 31 30 30 29 29 29 30 31 32 32 33 33 33 33 33 33 33 33 33 32 32 32 32 32 32 31 30 30 29 29 29 29 29 29 28 29 28 28 29 28 28 27 28 28 29 30 31 31 32 32 33 33 33 33 34 35 35 36 36 36 36
38 37 36 35 35 34 33 33 32 32 31 31 30 30 30 30 30 29 28 28 28 28 28 28 28 29 29 29 30 30 30 30 30 30 30 30 30 30 30 30 30 30 30 31 31 32 32 32 32 32 32 32 32 32 32 31 31 31 31 31 30 30 30 30 30 29 29 28 28 28 28 29 29 28 28 27 27 27 28 29 30 31 32 33 33 33 34 34 34 34 35 36 36 37 37 36
37 37 36 35 34 33 33 32 32 31 30 30 30 30 29 29 29 28 28 28 28 28 28 28 28 28 28 28 29 29 30 30 30 30 30 30 30 30 30 30 30 30 30 30 31 31 32 31 31 31 31 31 31 31 31 31 30 30 30 30 30 30 30 30 31 30 29 29 29 29 29 29 28 27 27 27 -9999 27 27 28 30 31 31 32 33 34 34 34 35 35 36 36 37 37 38 37
37 37 35 34 34 33 32 32 31 30 30 30 30 29 29 28 29 28 28 28 27 27 27 27 27 28 28 28 29 29 29 30 30 30 30 30 30 30 30 30 30 30 30 30 31 31 31 31 31 30 30 30 30 30 30 29 29 29 29 29 30 30 31 31 31 31 30 29 30 30 29 29 28 28 27 27 27 27 -9999 29 30 31 32 33 33 34 35 35 36 37 37 37 38 38 38 38
36 36 35 33 33 32 32 31 31 30 30 30 29 29 29 28 28 28 28 28 27 27 27 27 27 27 28 28 29 28 29 29 30 30 31 30 31 30 31 30 31 30 30 30 31 31 31 31 30 30 29 29 29 29 30 29 29 29 29 29 29 30 31 31 31 31 30 30 30 29 29 29 28 28 28 27 27 27 28 29 30 31 -9999 -9999 -9999 -9999 36 36 38 38 39 39 39 39 39 39
35 34 34 33 33 32 32 31 30 30 29 29 28 29 29 29 29 28 28 28 27 27 27 27 27 27 27 28 28 28 29 29 30 30 30 30 31 30 31 30 31 30 30 30 30 30 30 30 30 30 29 29 29 29 29 29 29 29 29 29 30 30 30 31 31 31 30 30 30 29 29 29 28 28 28 28 28 28 29 30 31 32 -9999 -9999 -9999 -9999 -9999 -9999 -9999 -9999 -9999 40 41 40 40 40
34 34 33 32 32 32 31 31 31 30 30 29 28 28 28 29 29 29 28 28 27 27 27 27 27 27 27 27 28 29 29 29 30 30 30 30 30 30 30 31 31 30 30 30 30 30 30 30 30 29 29 29 29 29 28 28 29 29 29 29 30 30 30 31 31 31 30 30 30 30 30 29 29 28 28 28 29 29 29 31 32 33 33 34 36 -9999 -9999 -9999 -9999 -9999 -9999 -9999 -9999 -9999 -9999 -9999
33 32 32 31 32 32 31 31 30 30 30 29 29 29 29 29 29 29 28 28 28 27 27 27 27 27 28 27 28 29 29 30 30 30 30 30 30 30 30 31 31 30 30 30 30 30 30 30 30 30 30 29 29 28 28 28 28 29 29 29 30 30 30 31 31 31 31 31 30 30 30 29 29 29 29 29 29 30 30 31 32 33 34 35 36 37 39 40 -9999 -9999 -9999 -9999 -9999 -9999 -9999 -9999
33 32 31 31 31 30 31 31 31 30 30 30 30 30 30 30 29 29 29 29 28 28 27 27 27 28 28 28 28 29 29 30 30 30 31 31 31 31 31 31 30 30 30 30 30 30 30 30 30 30 29 29 28 28 28 28 28 28 29 29 30 30 30 31 31 31 32 32 32 31 31 30 30 30 30 30 30 31 31 32 33 34 34 36 37 38 40 41 43 -9999 -9999 -9999 -9999 -9999 -9999 -9999
31 31 31 31 31 31 30 30 30 30 30 30 30 30 30 30 30 29 29 29 28 28 28 27 27 28 28 28 29 29 30 30 31 31 31 31 31 31 31 31 31 30 31 31 30 30 30 30 30 30 30 29 29 28 28 28 28 28 28 29 30 30 31 31 31 31 32 32 32 32 31 31 31 31 31 30 31 31 32 33 34 34 35 36 37 39 41 42 43 43 -9999 -9999 -9999 -9999 -9999 -9999
31 30 30 30 30 30 30 31 30 30 30 31 31 30 30 30 30 30 -9999 -9999 -9999 -9999 -9999 -9999 -9999 -9999 -9999 -9999 29 30 30 31 31 32 32 32 32 32 32 32 31 31 31 31 31 31 31 31 30 30 30 30 29 29 28 29 28 28 29 29 30 31 31 31 31 32 32 32 32 32 32 32 31 31 31 31 32 33 33 34 34 35 36 37 39 40 41 42 42 -9999 -9999 -9999 -9999 -9999 -9999 -9999
30 29 29 29 30 30 30 30 30 30 30 30 -9999 30 30 30 30 -9999 -9999 -9999 -9999 -9999 -9999 -9999 -9999 -9999 -9999 -9999 -9999 -9999 -9999 32 33 33 33 33 33 32 32 32 32 32 31 32 31 32 31 31 31 31 30 30 30 29 29 29 29 29 29 29 30 31 32 32 32 33 33 33 33 32 32 32 32 32 32 32 33 33 34 34 35 36 37 38 39 40 41 41 -9999 -9999 -9999 -9999 -9999 -9999 -9999 -9999
30 29 28 29 29 29 29 30 30 30 30 30 -9999 -9999 -9999 -9999 -9999 -9999 -9999 -9999 -9999 -9999 -9999 -9999 -9999 -9999 -9999 -9999 -9999 -9999 -9999 34 34 33 33 34 33 33 33 33 33 33 32 32 32 32 32 32 32 31 31 31 30 30 29 29 29 29 29 30 30 31 32 32 33 33 33 34 34 33 33 33 33 33 33 33 34 34 35 35 36 36 37 38 39 40 40 41 -9999 -9999 -9999 -9999 -9999 -9999 -9999 -9999
29 29 29 29 29 29 29 30 30 30 -9999 -9999 -9999 -9999 -9999 -9999 -9999 -9999 -9999 -9999 -9999 -9999 -9999 -9999 -9999 -9999 -9999 32 32 33 -9999 34 35 35 35 34 34 34 34 34 33 33 33 33 33 33 33 32 32 32 32 31 31 31 30 30 30 30 30 30 30 31 32 32 33 33 34 34 34 33 33 33 33 34 34 34 34 35 35 36 36 37 38 38 39 40 40 41 41 -9999 -9999 -9999 -9999 42 42 42
29 28 28 28 29 29 29 29 30 -9999 -9999 -9999 -9999 -9999 -9999 -9999 -9999 -9999 -9999 -9999 -9999 -9999 -9999 -9999 -9999 -9999 -9999 32 33 34 35 36 36 36 36 35 35 35 34 34 34 34 34 34 34 34 34 34 33 33 32 32 32 31 31 31 31 31 31 31 31 31 32 32 32 32 33 34 33 33 33 33 34 34 34 34 35 35 35 36 37 37 38 38 39 40 40 40 41 41 41 -9999 -9999 -9999 42 -9999
29 28 28 28 28 28 28 29 -9999 -9999 -9999 -9999 -9999 -9999 -9999 -9999 -9999 -9999 -9999 -9999 -9999 -9999 -9999 -9999 -9999 -9999 33 33 33 34 35 36 36 36 36 36 35 35 35 35 34 34 35 35 35 35 35 34 34 33 33 33 32 32 32 31 32 31 31 31 31 31 31 32 32 32 33 33 33 34 34 34 34 34 34 35 35 36 36 37 37 38 38 38 38 39 40 40 41 41 -9999 -9999 -9999 41 -9999 -9999
28 27 27 27 27 27 27 28 28 29 -9999 -9999 -9999 -9999 -9999 -9999 -9999 -9999 -9999 -9999 -9999 -9999 -9999 -9999 -9999 32 33 33 33 34 35 35 36 36 36 36 35 35 35 35 35 35 35 35 35 36 35 35 35 34 34 33 33 32 32 32 32 31 31 31 30 31 31 31 32 32 33 33 33 33 33 34 34 35 35 35 36 36 37 37 38 38 38 38 38 39 39 40 41 41 -9999 -9999 -9999 -9999 -9999 -9999
28 27 27 27 27 27 27 28 28 29 -9999 -9999 -9999 -9999 -9999 -9999 -9999 -9999 -9999 -9999 -9999 -9999 -9999 -9999 33 33 33 33 33 34 35 35 36 35 35 35 35 35 35 35 35 35 35 35 36 36 36 36 35 34 34 33 32 32 32 32 31 31 32 31 31 31 31 31 31 32 32 33 33 33 33 33 34 35 35 35 36 37 37 38 38 38 38 39 39 39 39 40 40 40 40 -9999 -9999 40 40 40
27 27 27 27 27 27 27 27 -9999 -9999 -9999 -9999 -9999 -9999 -9999 -9999 -9999 -9999 -9999 -9999 -9999 33 32 32 32 32 33 34 34 34 35 35 35 35 35 35 35 35 35 35 35 35 35 35 36 36 35 35 35 34 33 33 32 32 32 31 32 31 31 31 31 30 30 30 31 31 31 32 32 33 33 33 34 34 35 35 37 37 38 38 38 38 38 39 39 39 39 39 40 40 40 40 40 39 40 39
28 27 27 27 27 27 -9999 -9999 -9999 -9999 -9999 -9999 -9999 -9999 -9999 -9999 -9999 -9999 -9999 -9999 32 33 33 33 33 33 33 34 34 34 34 35 35 35 35 35 34 35 34 34 34 34 35 35 35 35 35 34 34 33 33 33 32 32 31 31 31 31 31 31 30 30 30 30 30 30 31 31 32 32 33 33 34 34 35 35 37 37 38 38 39 39 39 39 39 39 39 39 39 39 39 39 39 39 39 39
28 27 27 27 27 28 -9999 -9999 -9999 -9999 -9999 -9999 -9999 -9999 -9999 -9999 -9999 32 33 32 32 33 33 33 33 33 33 34 34 34 34 34 35 34 34 34 34 34 34 34 34 34 34 34 34 35 34 34 33 32 33 32 32 31 31 31 31 31 30 30 30 30 30 29 29 30 30 30 31 32 33 33 34 34 35 36 37 38 38 39 40 40 40 39 39 39 39 39 39 38 38 38 38 38 38 38
