resultados/variables_proyeccion_tiempo/variables_futuro_csiro_A1B/bio12.asc
ncols 330
nrows 228
xllcorner -12.000000
yllcorner 34.000000
cellsize 0.166667
NODATA_value -9999
[rows 0 to 39 of 228, columns 182 to 272 of 330]
-9999 -9999 -9999 -9999 -9999 -9999 -9999 -9999 -9999 -9999 -9999 -9999 -9999 -9999 -9999 -9999 -9999 -9999 -9999 -9999 -9999 -9999 -9999 -9999 -9999 -9999 -9999 -9999 -9999 -9999 -9999 -9999 -9999 -9999 -9999 -9999 -9999 -9999 -9999 -9999 -9999 -9999 -9999 -9999 -9999 -9999 -9999 -9999 -9999 -9999 -9999 -9999 -9999 -9999 -9999 -9999 -9999 -9999 -9999 -9999 -9999 -9999 -9999 -9999 -9999 -9999 -9999 -9999 -9999 -9999 -9999 -9999 -9999 -9999 -9999 -9999 -9999 -9999 -9999 -9999 -9999 -9999 -9999 -9999 -9999 -9999 -9999 -9999 -9999 -9999 -9999
-9999 -9999 -9999 -9999 -9999 -9999 -9999 -9999 -9999 -9999 -9999 -9999 -9999 -9999 -9999 -9999 -9999 -9999 -9999 -9999 -9999 -9999 -9999 -9999 -9999 -9999 -9999 -9999 -9999 -9999 -9999 -9999 -9999 -9999 -9999 -9999 -9999 -9999 -9999 -9999 -9999 -9999 -9999 -9999 -9999 -9999 -9999 -9999 -9999 -9999 -9999 -9999 -9999 -9999 -9999 -9999 -9999 -9999 -9999 -9999 -9999 -9999 -9999 -9999 -9999 -9999 -9999 -9999 -9999 -9999 -9999 -9999 -9999 -9999 -9999 -9999 -9999 -9999 -9999 -9999 -9999 -9999 -9999 -9999 -9999 -9999 -9999 -9999 -9999 -9999 -9999
-9999 -9999 -9999 -9999 -9999 -9999 -9999 -9999 -9999 -9999 -9999 -9999 -9999 -9999 -9999 -9999 -9999 -9999 -9999 -9999 -9999 -9999 -9999 -9999 -9999 -9999 -9999 -9999 -9999 -9999 -9999 -9999 -9999 -9999 -9999 -9999 -9999 -9999 -9999 -9999 -9999 -9999 -9999 -9999 -9999 -9999 -9999 -9999 -9999 -9999 -9999 -9999 -9999 -9999 -9999 -9999 -9999 -9999 -9999 -9999 -9999 -9999 -9999 -9999 -9999 -9999 -9999 -9999 -9999 -9999 -9999 -9999 -9999 -9999 -9999 -9999 -9999 -9999 -9999 -9999 -9999 -9999 -9999 -9999 -9999 -9999 -9999 -9999 -9999 -9999 -9999
-9999 -9999 -9999 -9999 -9999 -9999 -9999 -9999 -9999 -9999 -9999 -9999 -9999 -9999 -9999 -9999 -9999 -9999 -9999 -9999 -9999 -9999 -9999 -9999 -9999 -9999 -9999 -9999 -9999 -9999 -9999 -9999 -9999 -9999 -9999 -9999 -9999 -9999 -9999 -9999 -9999 -9999 -9999 -9999 -9999 -9999 -9999 -9999 -9999 -9999 -9999 -9999 -9999 -9999 -9999 -9999 -9999 -9999 -9999 -9999 -9999 -9999 -9999 -9999 -9999 -9999 -9999 -9999 -9999 -9999 -9999 -9999 -9999 -9999 -9999 -9999 -9999 -9999 -9999 -9999 -9999 -9999 -9999 -9999 -9999 -9999 -9999 -9999 -9999 -9999 -9999
-9999 -9999 -9999 -9999 -9999 -9999 -9999 -9999 -9999 -9999 -9999 -9999 -9999 -9999 -9999 -9999 -9999 -9999 -9999 -9999 -9999 -9999 -9999 -9999 -9999 -9999 -9999 -9999 -9999 -9999 -9999 -9999 -9999 -9999 -9999 -9999 -9999 -9999 -9999 -9999 -9999 -9999 -9999 -9999 -9999 -9999 -9999 -9999 -9999 -9999 -9999 -9999 -9999 -9999 -9999 -9999 -9999 -9999 -9999 -9999 -9999 -9999 -9999 -9999 -9999 -9999 -9999 -9999 -9999 -9999 -9999 -9999 -9999 -9999 -9999 -9999 -9999 -9999 -9999 -9999 -9999 -9999 -9999 -9999 -9999 -9999 -9999 -9999 -9999 -9999 -9999
-9999 -9999 -9999 -9999 -9999 -9999 -9999 -9999 -9999 -9999 -9999 -9999 -9999 -9999 -9999 -9999 -9999 -9999 -9999 -9999 -9999 -9999 -9999 -9999 -9999 -9999 -9999 -9999 -9999 -9999 -9999 -9999 -9999 893 881 -9999 -9999 844 804 777 753 775 756 741 723 718 698 681 -9999 -9999 -9999 -9999 -9999 651 638 672 662 663 666 654 -9999 -9999 -9999 -9999 -9999 -9999 -9999 -9999 -9999 -9999 -9999 -9999 -9999 -9999 -9999 -9999 -9999 -9999 -9999 -9999 -9999 -9999 -9999 -9999 -9999 -9999 -9999 -9999 -9999 -9999 -9999
-9999 -9999 -9999 -9999 -9999 -9999 -9999 -9999 -9999 -9999 -9999 -9999 -9999 -9999 -9999 -9999 -9999 -9999 -9999 -9999 -9999 -9999 -9999 -9999 -9999 -9999 -9999 -9999 724 804 -9999 -9999 -9999 873 861 799 819 807 795 765 754 723 717 720 676 681 662 -9999 677 653 631 -9999 642 622 639 656 667 669 676 678 673 647 670 667 661 -9999 -9999 -9999 -9999 -9999 -9999 -9999 -9999 -9999 -9999 -9999 -9999 -9999 -9999 -9999 -9999 -9999 -9999 -9999 -9999 -9999 -9999 -9999 -9999 -9999 -9999
-9999 -9999 -9999 -9999 -9999 -9999 -9999 -9999 -9999 -9999 -9999 -9999 -9999 -9999 -9999 -9999 -9999 -9999 -9999 -9999 -9999 -9999 -9999 -9999 822 742 702 673 734 775 797 818 814 806 800 785 790 758 761 761 748 722 694 680 663 627 653 677 663 649 616 -9999 618 627 641 653 663 654 646 668 -9999 668 675 694 699 684 686 730 732 758 755 -9999 -9999 -9999 -9999 -9999 -9999 -9999 -9999 -9999 -9999 -9999 -9999 -9999 -9999 -9999 -9999 -9999 -9999 -9999 -9999
-9999 -9999 -9999 -9999 -9999 -9999 -9999 -9999 -9999 -9999 -9999 -9999 -9999 -9999 -9999 -9999 -9999 -9999 -9999 -9999 -9999 860 825 783 770 706 676 692 732 712 760 768 804 802 773 780 786 732 718 705 701 692 653 -9999 606 621 649 638 646 606 -9999 -9999 604 618 627 646 646 661 669 655 662 679 692 698 676 700 721 725 732 760 765 762 733 700 -9999 -9999 -9999 -9999 -9999 -9999 -9999 -9999 -9999 -9999 -9999 -9999 -9999 -9999 -9999 -9999 -9999
-9999 -9999 -9999 -9999 -9999 -9999 -9999 -9999 -9999 -9999 -9999 -9999 -9999 -9999 -9999 -9999 -9999 -9999 817 -9999 700 -9999 723 -9999 691 673 684 736 754 767 765 762 762 772 777 746 725 713 692 674 647 621 597 604 611 617 632 632 604 576 581 585 603 619 630 632 616 602 596 610 628 642 667 678 683 686 712 746 746 755 761 760 737 703 681 692 702 -9999 -9999 -9999 -9999 -9999 -9999 -9999 -9999 -9999 -9999 -9999 -9999 -9999 -9999
-9999 -9999 -9999 1241 1206 1187 -9999 1057 1021 944 -9999 875 850 854 889 -9999 -9999 822 801 728 661 683 674 673 699 687 700 699 738 758 704 740 758 748 727 718 709 694 666 633 604 578 615 614 638 625 620 607 611 599 585 586 596 605 607 601 597 591 587 604 610 630 651 655 651 661 696 721 745 751 728 715 701 690 675 685 711 -9999 -9999 -9999 -9999 -9999 -9999 -9999 -9999 -9999 -9999 -9999 -9999 -9999 -9999
-9999 -9999 1280 1272 1238 1200 1130 1074 1001 963 909 -9999 888 866 860 822 -9999 709 721 681 671 614 640 641 663 676 702 668 648 666 704 714 737 743 711 690 693 686 649 609 570 607 641 636 627 650 635 662 636 608 590 587 586 583 572 574 576 581 578 595 597 606 609 616 628 638 649 680 689 686 690 692 671 -9999 -9999 -9999 -9999 -9999 -9999 -9999 -9999 -9999 -9999 -9999 -9999 -9999 -9999 -9999 -9999 -9999 -9999
-9999 1224 1277 1281 1247 1198 1132 1064 1004 961 902 918 851 839 822 789 730 713 700 644 600 590 611 648 675 702 681 680 647 636 650 686 706 707 693 680 697 698 685 600 570 590 614 599 625 646 630 607 572 578 560 550 557 564 570 582 586 572 575 602 615 620 628 633 641 639 641 645 642 646 659 668 -9999 -9999 -9999 -9999 -9999 -9999 -9999 -9999 -9999 762 775 766 760 -9999 -9999 -9999 -9999 -9999 -9999
1183 1211 1249 1255 1214 1160 1099 1045 984 931 941 911 -9999 859 794 783 698 684 720 679 640 628 608 624 650 670 663 666 664 657 671 683 676 682 669 652 652 657 634 592 563 551 550 558 565 564 571 570 577 564 550 532 539 556 558 570 587 581 585 589 598 610 602 599 606 605 613 619 628 624 624 653 654 674 690 692 720 720 718 -9999 757 765 768 763 745 728 715 695 675 -9999 -9999
1149 1159 1168 1162 1135 1092 1050 1004 944 946 906 831 815 785 796 789 731 650 662 701 668 691 681 658 638 645 653 665 671 659 654 658 655 655 636 627 619 615 608 586 557 542 537 537 535 545 565 574 577 553 540 533 524 529 544 558 563 568 570 571 572 574 579 581 587 591 605 617 618 610 612 622 651 674 695 690 694 700 727 737 738 734 726 739 723 720 708 696 678 -9999 -9999
1050 1089 1077 1056 1047 1021 976 923 917 901 852 768 829 791 809 733 719 681 655 634 626 638 641 644 623 614 630 652 634 635 633 621 627 626 614 600 594 582 574 556 535 526 523 520 517 534 548 555 553 539 531 527 521 520 528 533 541 548 553 554 557 563 569 580 592 594 593 588 588 589 595 631 670 676 676 676 682 710 716 713 716 721 717 709 698 692 679 664 656 655 638
997 976 984 956 940 914 887 875 856 811 816 808 752 723 728 733 716 705 676 650 628 606 599 605 601 595 597 620 618 615 610 596 597 600 603 594 580 571 551 544 539 538 527 516 516 536 549 547 539 533 522 510 506 505 509 518 523 527 530 538 545 556 567 570 570 565 577 580 606 605 617 635 655 659 670 682 686 704 717 711 706 699 689 696 691 683 663 655 646 637 626
930 894 881 873 859 839 832 818 816 815 787 748 714 691 625 650 663 659 632 612 605 598 588 583 585 590 585 583 581 584 592 596 591 594 587 578 569 563 556 558 543 534 525 515 511 527 539 540 538 528 522 509 498 495 494 497 506 515 521 531 539 551 560 558 558 563 575 589 598 602 616 628 637 652 668 682 700 703 699 692 692 692 685 680 677 684 680 660 637 633 626
872 878 859 819 817 812 794 741 744 754 747 709 677 645 613 585 603 614 617 613 601 585 572 566 573 578 577 570 567 577 587 596 598 592 586 580 577 572 567 556 553 540 530 520 515 517 520 513 511 507 504 506 499 494 489 491 498 508 520 531 542 551 557 558 565 570 580 587 590 601 620 627 634 648 658 675 674 685 687 699 702 687 690 687 682 672 674 666 644 645 650
882 779 793 786 797 787 765 735 696 711 700 692 651 628 612 606 596 584 580 595 598 586 579 561 567 574 579 571 567 562 571 580 590 592 591 591 592 587 578 569 557 549 541 537 551 536 527 516 515 528 527 525 514 507 500 495 506 516 531 549 561 563 573 572 576 580 586 590 596 607 616 621 626 637 639 652 660 660 675 689 684 674 673 668 675 673 670 672 658 660 661
842 782 788 750 709 704 705 693 664 653 660 643 622 600 585 578 578 584 588 580 568 559 559 544 548 558 565 559 559 553 556 569 589 583 581 586 584 586 583 578 566 558 557 554 552 556 544 540 541 542 541 536 526 512 510 514 530 535 547 560 572 561 569 576 585 590 594 596 607 610 617 632 632 636 645 650 650 657 668 671 674 676 672 687 692 694 694 686 671 662 668
789 720 602 614 629 662 682 641 606 612 610 605 602 594 582 570 565 569 566 563 565 553 538 536 539 545 548 546 543 539 548 554 564 565 566 569 573 577 578 578 573 568 562 561 559 551 546 542 541 540 544 542 544 541 547 552 550 551 559 564 575 585 587 604 617 623 628 626 635 661 650 655 643 652 670 670 672 676 671 673 686 698 694 695 716 700 693 684 690 672 668
780 723 728 709 668 634 597 571 568 560 561 572 580 575 571 573 569 565 552 550 552 545 543 544 551 553 549 544 535 537 546 557 585 571 562 571 573 572 573 570 575 570 568 570 568 562 555 552 552 551 552 552 550 552 558 569 569 585 604 606 618 613 608 629 631 632 641 642 652 639 635 639 640 646 667 713 703 700 707 697 706 718 724 718 726 704 706 701 687 683 684
828 813 766 740 649 624 618 595 565 560 562 556 554 558 555 558 557 562 548 539 537 538 542 543 548 558 553 546 540 540 543 550 559 565 577 558 558 556 556 557 557 556 561 565 566 562 557 554 555 555 556 557 558 559 564 566 569 577 582 587 594 598 606 612 630 636 640 641 639 645 644 638 641 654 668 676 683 713 723 742 726 734 733 734 761 723 702 701 702 697 702
862 808 688 614 617 588 579 574 561 561 563 562 552 552 545 545 541 535 540 539 539 535 530 534 542 551 552 551 547 546 546 552 560 563 565 566 560 551 546 544 545 546 550 556 570 572 570 572 571 564 560 564 571 569 567 568 571 580 584 587 594 597 598 604 618 630 644 645 651 652 642 643 662 678 686 693 711 701 706 716 732 746 756 740 803 767 730 710 705 704 727
754 684 671 661 612 581 566 570 566 559 563 570 573 566 553 543 541 530 527 526 527 530 531 530 534 538 541 548 549 554 554 561 564 569 562 562 556 549 544 544 547 547 555 560 565 569 573 577 574 569 568 570 571 575 574 574 578 583 592 586 589 592 590 602 612 620 638 658 663 663 650 651 659 676 697 691 688 695 701 716 717 718 717 726 789 752 730 715 713 751 811
717 697 627 595 592 584 564 556 562 562 571 576 574 577 567 557 553 553 545 539 537 533 528 528 534 536 542 553 564 565 560 564 571 565 563 567 555 557 552 548 549 556 560 562 571 573 577 583 583 585 583 582 579 581 578 576 585 583 590 590 587 586 592 601 610 623 639 656 661 667 677 684 688 692 693 693 692 693 699 694 697 702 704 713 721 717 720 721 719 722 741
682 636 607 593 577 567 560 568 564 573 582 588 593 587 577 573 565 560 554 550 550 545 539 533 534 537 543 553 558 558 562 567 566 568 566 562 564 562 560 562 568 573 577 579 586 592 593 601 603 603 602 598 601 598 591 585 587 591 587 587 594 600 614 617 625 634 640 655 659 660 673 692 704 691 689 708 717 733 728 714 714 703 696 698 702 713 728 734 724 721 717
686 697 682 620 581 579 567 568 564 567 578 581 587 589 587 586 580 573 558 557 568 560 548 541 541 541 547 554 559 566 571 572 572 575 572 575 577 573 572 574 582 585 589 593 598 603 611 621 619 620 617 613 615 603 595 591 596 594 595 597 603 606 614 625 636 633 644 645 650 657 674 687 707 712 709 719 730 739 726 720 705 702 693 678 688 717 737 746 749 723 696
662 639 647 641 610 584 570 566 564 572 582 583 588 595 580 576 567 562 561 557 556 556 562 549 548 547 555 565 574 576 578 580 581 580 585 585 586 585 586 584 582 590 603 602 605 611 620 619 619 624 628 632 628 617 608 604 605 610 618 633 626 620 620 627 637 647 649 661 660 664 681 682 684 687 691 700 699 723 732 719 696 675 662 657 669 702 717 739 718 706 674
649 626 616 604 588 582 586 588 576 588 578 581 588 588 590 589 582 566 559 555 559 553 559 560 560 558 558 566 572 586 587 585 581 581 592 599 595 597 600 591 594 593 594 604 612 621 619 620 623 629 629 628 632 627 618 617 617 622 629 633 638 635 639 646 662 662 670 672 687 689 684 663 657 662 658 661 684 674 684 673 672 665 658 671 666 671 -9999 709 724 703 669
674 657 627 606 591 580 580 588 584 576 568 570 584 596 593 586 580 583 579 576 571 563 557 556 571 570 567 574 578 587 602 599 595 592 608 607 600 603 601 603 608 602 596 601 613 620 618 614 623 624 624 634 640 636 628 627 631 636 638 653 662 667 672 677 680 694 696 704 700 692 675 661 649 642 646 647 663 679 660 658 654 651 654 655 668 673 673 678 -9999 663 652
702 674 653 624 612 601 596 593 590 584 577 576 568 589 596 590 586 589 594 592 587 579 571 563 566 577 575 583 589 592 602 609 609 611 621 618 609 608 607 609 608 606 606 606 611 614 610 615 618 617 620 628 637 639 638 640 641 641 652 666 672 676 682 684 682 688 696 702 698 695 689 677 662 647 640 642 650 658 668 662 657 657 654 656 665 673 675 675 667 654 639
677 662 661 651 638 632 630 620 614 609 591 579 574 573 582 589 590 590 591 595 586 596 596 581 577 578 583 586 597 608 615 614 623 629 627 626 621 623 618 615 608 606 603 611 618 615 612 613 614 616 621 630 644 644 653 665 664 661 665 672 679 688 689 683 684 687 690 696 690 693 696 688 664 650 640 643 662 660 665 669 661 660 662 660 662 666 673 671 658 649 637
668 647 647 653 653 655 648 641 630 620 608 590 586 590 583 583 590 594 589 588 577 588 597 598 594 595 594 596 608 616 623 627 632 635 640 639 635 627 617 609 607 600 605 611 616 616 622 627 625 629 631 631 643 651 658 671 672 670 671 679 688 692 686 688 694 703 696 689 692 694 691 689 670 656 648 653 653 660 667 661 659 660 666 671 668 667 665 661 653 639 627
679 661 641 642 639 639 636 630 621 608 606 604 605 605 594 586 593 598 596 590 582 587 590 594 595 598 598 606 616 622 627 630 636 641 646 645 632 623 612 606 600 601 604 609 614 618 623 624 627 631 636 642 649 655 666 671 679 683 678 686 685 689 696 704 708 713 710 702 702 696 690 689 679 659 646 647 648 654 656 658 659 662 666 666 665 663 660 657 648 636 626
670 660 646 645 639 639 629 634 622 613 598 597 602 612 614 606 608 594 592 593 587 593 586 587 587 594 600 607 614 620 624 633 639 648 650 645 634 620 611 605 606 604 602 602 608 614 618 622 628 632 637 649 648 652 659 669 682 684 682 683 687 701 707 712 716 710 711 709 705 697 690 687 676 677 667 655 646 643 645 649 654 656 661 662 663 658 652 646 640 630 618
665 669 656 650 656 653 643 636 637 628 629 624 619 602 610 605 608 605 605 598 590 589 588 590 584 598 601 610 614 617 624 627 635 643 650 648 633 619 607 601 598 596 597 598 602 609 614 622 632 635 641 649 646 650 659 679 681 687 690 690 687 697 705 711 712 710 714 713 713 703 690 680 670 666 664 655 646 644 644 642 644 648 652 654 656 653 646 639 631 621 609
671 670 662 660 660 649 650 649 645 651 657 651 643 634 628 623 613 608 614 605 600 596 594 595 596 600 602 611 -9999 -9999 -9999 -9999 -9999 -9999 -9999 -9999 -9999 -9999 607 592 588 585 586 590 596 599 606 614 623 633 642 647 648 652 661 668 678 679 684 683 691 700 706 709 710 712 714 713 709 699 688 677 665 662 663 657 652 648 648 651 650 648 650 650 650 650 643 633 625 616 605
666 664 663 667 667 663 657 654 654 657 663 664 666 662 654 641 625 614 613 609 607 603 -9999 601 602 603 606 -9999 -9999 -9999 -9999 -9999 -9999 -9999 -9999 -9999 -9999 -9999 -9999 -9999 -9999 570 571 577 582 589 598 609 618 631 640 647 651 656 661 666 672 674 684 689 696 702 708 712 711 711 707 705 704 698 687 676 665 660 658 656 652 649 650 652 656 656 654 650 648 642 638 632 623 613 604
