resultados/variables_proyeccion_tiempo/variables_futuro_csiro_A1B/bio18.asc
ncols 330
nrows 228
xllcorner -12.000000
yllcorner 34.000000
cellsize 0.166667
NODATA_value -9999
[rows 120 to 159 of 228, columns 184 to 275 of 330]
194 197 200 204 206 206 206 208 206 204 207 208 205 200 199 198 202 206 210 214 215 215 215 215 215 217 217 213 210 207 209 213 215 217 219 221 222 224 226 227 228 229 230 232 235 237 240 241 243 244 244 243 243 244 244 244 244 244 242 244 243 243 242 242 240 237 235 234 232 230 227 225 221 217 214 211 208 205 202 199 199 199 198 197 197 195 192 189 188 188 190 189
195 199 204 208 212 217 216 215 213 212 212 212 210 207 204 204 204 209 213 215 217 216 215 214 214 214 212 207 204 202 205 209 212 215 218 220 223 225 226 228 228 230 232 234 237 239 242 244 246 247 248 248 248 248 248 249 249 248 247 246 244 244 244 243 240 238 235 234 233 230 227 225 223 221 218 214 210 208 204 203 202 201 202 199 198 198 194 191 191 191 191 191
198 203 208 213 217 219 218 218 218 217 215 213 214 212 211 210 211 210 212 213 215 215 214 214 212 210 209 205 199 197 203 208 212 215 218 221 223 226 227 228 229 230 233 235 238 241 245 247 250 251 251 252 252 252 252 252 252 251 251 249 247 245 244 242 240 237 235 232 231 229 226 224 223 221 219 216 212 209 207 206 205 202 201 199 197 194 193 192 193 193 193 191
202 204 210 217 220 222 221 222 224 222 224 223 218 218 218 217 218 218 217 215 218 218 218 217 214 211 209 204 199 199 204 208 214 218 221 223 224 226 228 228 229 232 234 236 240 243 246 249 252 254 255 256 256 256 257 256 256 258 256 253 250 247 244 241 239 236 233 230 228 226 223 219 219 218 217 215 212 208 207 205 202 201 200 199 197 194 192 192 191 192 191 192
207 210 213 218 223 225 226 227 228 231 232 239 234 227 225 222 221 221 218 219 223 223 223 220 218 214 210 209 205 205 208 213 218 220 224 225 227 228 228 227 229 231 233 235 239 242 246 251 254 257 259 259 260 259 259 258 258 258 256 254 249 245 241 237 234 232 229 227 225 222 219 216 216 215 214 214 211 208 206 204 203 200 201 199 197 194 192 191 190 189 188 189
215 216 219 222 226 232 233 235 237 240 242 246 248 241 234 230 228 226 223 224 225 227 226 225 225 220 216 217 215 213 214 217 220 223 226 228 228 229 228 227 226 228 231 234 238 242 247 252 255 259 262 262 262 262 262 260 259 257 257 253 249 245 241 236 234 231 227 224 221 219 217 215 215 213 213 212 209 207 204 204 203 200 200 198 196 194 192 190 189 188 187 187
224 225 224 228 229 234 238 241 244 245 249 250 253 253 245 240 233 230 228 229 230 232 232 230 230 228 224 224 223 225 223 224 225 228 229 231 230 229 228 227 226 227 230 233 237 241 247 254 257 261 265 266 265 264 261 261 260 259 256 253 249 245 241 236 233 229 226 222 220 219 216 216 215 213 211 208 206 204 202 201 200 199 198 197 196 193 190 188 187 186 185 184
234 235 232 237 242 242 245 250 252 251 251 253 253 255 254 250 243 235 231 227 230 232 235 236 234 230 230 229 229 228 227 228 230 233 232 233 234 232 230 227 226 226 228 231 234 240 247 254 260 263 266 266 266 264 263 262 260 259 256 252 248 244 238 234 230 226 225 222 219 217 215 215 214 213 208 204 202 200 198 197 196 195 196 194 193 190 188 186 183 182 181 181
243 244 245 248 259 261 260 261 261 259 255 256 257 253 250 247 241 233 230 230 229 231 232 234 234 235 238 238 237 234 233 236 234 233 236 236 235 233 231 228 224 226 229 229 235 241 250 254 262 267 268 268 266 264 263 262 260 258 254 251 247 243 238 233 229 227 224 220 219 215 215 211 212 208 203 198 196 193 191 190 190 190 189 189 186 186 185 182 180 179 177 176
256 256 256 259 269 279 283 276 274 270 267 260 261 258 251 245 240 236 236 236 234 232 233 234 236 234 236 241 242 239 238 238 239 237 238 238 236 234 231 229 228 227 226 234 237 242 249 255 264 267 270 270 267 265 262 261 258 255 253 250 246 241 235 231 228 227 224 221 218 215 214 208 207 202 196 192 189 187 185 184 185 184 183 183 183 183 181 179 176 175 172 171
266 270 268 269 278 293 300 285 275 272 270 268 262 259 256 252 248 247 246 244 242 240 236 236 240 240 238 241 247 244 242 242 241 241 241 241 237 234 232 230 229 228 228 235 240 244 250 256 264 270 275 272 269 265 261 259 256 252 249 246 242 238 234 230 227 224 222 219 217 214 211 204 200 197 192 187 183 180 178 179 179 180 179 178 179 179 178 174 170 169 164 163
285 285 281 279 282 284 278 273 272 272 272 270 270 268 270 264 259 258 255 251 247 243 241 240 241 242 242 243 248 256 252 250 249 248 245 244 240 237 236 234 234 233 236 239 240 246 254 260 265 273 277 274 268 264 260 258 253 249 245 242 239 235 232 229 225 222 219 217 215 212 207 203 199 194 189 185 182 180 178 179 179 179 177 176 177 178 174 170 167 162 158 157
297 299 301 300 296 293 283 290 290 283 290 287 283 284 285 278 273 275 268 263 260 259 254 251 248 245 245 246 250 256 260 261 256 252 250 247 244 247 247 246 243 239 240 240 242 247 253 261 268 272 274 273 269 264 257 254 250 247 242 239 236 232 228 225 222 218 216 214 211 208 205 201 198 196 192 189 186 182 180 180 181 180 179 176 175 173 169 166 160 154 153 151
327 355 362 349 364 330 335 342 336 329 322 304 304 300 293 283 274 273 274 272 269 262 260 262 257 251 251 252 255 258 261 264 266 261 259 258 258 255 254 250 244 244 244 246 249 253 258 263 268 271 272 271 268 262 257 252 247 243 241 237 234 231 226 223 220 218 214 211 210 207 203 199 195 192 190 190 188 183 181 181 183 181 180 177 173 169 166 160 155 152 149 148
361 388 387 407 408 413 383 364 384 374 332 306 313 314 312 311 299 289 284 276 268 266 275 278 266 260 259 258 259 260 262 264 271 268 268 264 263 260 257 253 248 245 245 250 251 254 260 265 270 273 274 271 268 262 255 249 243 238 235 233 231 229 227 223 221 220 216 213 211 210 207 201 196 194 192 190 186 182 180 181 180 179 179 176 170 166 162 157 153 149 146 144
360 384 400 416 395 375 382 386 366 342 320 346 330 337 324 317 300 300 301 304 288 277 273 284 286 282 272 268 264 263 265 264 264 264 266 266 265 264 263 257 251 248 247 250 255 256 262 267 272 272 272 269 264 260 254 249 242 234 229 226 225 228 228 226 224 221 219 218 216 212 209 206 201 196 190 188 184 180 180 179 178 176 175 173 168 164 160 156 151 148 143 140
330 362 407 386 376 407 463 470 469 415 317 325 324 317 321 294 281 274 282 286 296 306 295 294 294 290 297 293 289 275 270 270 268 267 267 265 264 266 264 262 257 254 252 254 256 260 264 268 272 272 270 267 263 260 254 248 241 233 225 224 224 225 226 227 225 223 222 220 218 215 210 207 202 195 191 186 182 180 176 175 178 176 173 169 165 161 157 153 149 144 140 139
364 332 354 369 356 351 378 385 405 305 273 308 304 301 286 278 275 266 265 268 271 289 303 308 316 304 299 315 301 289 285 276 278 274 270 270 265 264 265 264 261 260 258 256 257 261 267 267 271 270 265 264 262 257 252 246 241 232 225 222 223 224 223 222 222 222 221 219 216 215 209 205 198 191 186 182 179 176 175 173 176 176 174 169 163 160 155 150 145 141 138 137
313 321 382 376 393 411 376 365 379 324 279 265 278 282 280 261 296 263 251 256 278 281 264 283 299 316 306 312 306 317 309 292 284 280 283 277 269 267 263 261 263 263 259 260 261 261 263 265 269 267 261 260 257 254 250 246 240 233 227 222 220 219 219 220 216 216 216 216 214 212 206 198 191 185 180 177 175 173 172 171 173 171 171 170 165 159 155 149 145 141 137 134
302 334 307 283 317 302 308 309 274 279 251 273 274 277 274 252 256 269 241 240 240 255 276 271 288 297 293 308 307 322 329 334 313 297 286 278 273 267 265 260 261 261 263 261 260 259 260 259 264 262 257 254 250 249 245 241 235 229 226 222 216 214 211 211 210 210 209 209 209 205 197 191 183 176 172 168 166 165 164 165 166 166 166 165 160 155 151 148 145 142 138 135
264 265 246 246 275 292 268 244 223 212 220 230 235 230 231 234 257 240 233 234 234 237 247 262 276 274 281 310 302 315 337 355 346 325 311 292 283 273 266 262 260 260 259 258 254 256 255 252 252 254 249 247 242 242 239 234 227 223 220 216 213 210 205 203 201 200 199 198 197 193 186 180 171 168 163 160 159 158 158 158 156 156 158 157 155 150 146 143 143 141 138 136
252 260 242 271 249 218 203 202 200 195 202 205 208 216 221 232 247 233 230 228 230 231 233 235 241 260 282 268 303 305 335 344 346 342 343 316 304 282 270 262 256 255 253 256 259 255 250 248 247 248 247 244 240 233 230 225 218 214 210 207 204 202 198 196 193 190 187 186 185 180 175 168 160 155 152 150 148 148 149 148 148 147 147 148 148 146 143 140 139 138 135 133
214 215 218 222 200 193 192 195 188 186 192 196 197 204 210 224 222 218 220 222 223 225 226 228 232 236 242 263 262 290 307 316 347 343 325 336 336 310 287 276 268 262 259 250 245 242 242 242 240 239 239 236 231 226 221 218 209 202 199 195 195 194 191 187 184 182 179 176 173 168 163 157 150 143 141 140 139 141 141 141 139 139 138 139 141 140 139 137 135 134 132 131
196 196 196 189 187 185 186 189 183 187 208 213 195 194 199 202 209 212 214 215 217 218 219 221 224 228 237 260 256 264 274 287 310 315 337 359 325 309 304 303 284 265 260 256 253 245 241 238 236 234 229 226 223 218 212 206 202 200 190 184 185 186 184 182 179 174 172 169 165 160 155 147 139 135 134 132 134 134 134 134 131 130 130 132 135 134 133 133 132 129 129 128
187 212 194 189 185 185 184 193 181 176 182 185 184 187 191 195 201 206 209 211 212 212 212 214 216 219 226 239 259 296 292 271 287 314 339 345 344 331 318 310 300 278 263 255 251 245 238 234 232 227 223 216 216 209 203 200 195 191 190 187 182 178 176 176 175 171 167 165 160 155 149 142 136 131 127 128 127 125 127 126 125 125 124 126 128 129 128 127 127 127 125 124
186 195 183 180 179 171 170 167 164 166 168 171 175 180 184 188 195 201 204 207 207 205 205 208 211 212 219 230 263 286 308 292 284 279 295 320 331 347 334 319 304 295 281 253 247 246 239 233 227 223 217 208 205 201 197 192 189 187 181 183 179 174 170 170 168 168 163 160 156 151 146 140 134 129 124 121 122 121 121 121 120 120 120 122 122 123 124 123 124 124 121 120
183 191 176 179 176 168 163 161 161 162 164 168 172 176 179 183 189 195 198 201 200 200 202 204 208 215 228 231 236 250 271 289 299 304 298 340 339 347 327 316 301 282 275 260 245 238 236 233 231 217 211 203 196 193 191 187 181 178 172 169 171 171 165 164 164 164 160 156 151 146 141 137 131 127 123 117 117 119 117 118 116 117 116 118 118 118 119 118 120 120 119 116
177 178 173 171 172 167 162 159 158 160 162 166 169 173 177 179 184 188 192 195 195 198 204 211 214 218 222 226 246 254 266 268 273 288 281 307 297 302 317 305 308 298 278 267 247 237 236 231 233 218 206 197 193 187 184 183 181 177 173 166 162 164 160 158 160 159 155 153 147 143 138 132 129 124 119 117 115 115 115 115 114 112 114 114 114 113 115 114 114 115 114 113
172 172 169 167 167 166 162 159 158 159 161 164 167 170 174 177 181 185 188 192 195 200 209 212 216 218 223 229 239 246 250 255 250 252 259 266 284 305 316 318 308 305 286 282 264 243 229 226 220 214 200 193 187 183 177 177 181 176 168 165 163 160 155 155 155 157 151 150 146 140 136 130 124 120 118 116 114 114 112 113 112 110 110 110 109 108 108 109 110 110 110 108
170 169 167 166 166 165 162 159 158 158 160 161 164 167 171 175 179 184 188 193 199 204 225 238 234 234 235 226 238 242 244 239 250 247 248 258 302 320 323 336 302 298 296 259 261 249 227 220 213 207 199 193 188 182 177 168 169 173 171 161 155 153 151 150 149 151 149 146 143 137 131 128 122 118 114 111 110 109 109 109 108 107 106 105 104 103 104 105 104 104 104 106
170 168 165 165 164 163 160 159 157 157 159 161 163 166 169 173 178 182 189 197 204 217 243 245 261 253 238 236 240 240 231 238 241 244 245 256 261 276 295 293 270 286 274 269 244 242 219 215 211 198 200 191 184 183 177 175 160 162 162 160 153 149 148 148 146 145 146 142 142 135 127 123 119 114 109 108 106 105 105 104 103 102 101 101 99 99 98 98 99 99 100 100
170 166 164 163 162 160 159 157 156 157 158 160 162 165 168 172 177 183 189 195 201 205 223 292 332 286 284 266 245 246 236 235 237 242 244 247 248 260 298 314 264 271 293 273 268 260 227 206 206 194 196 190 181 171 169 168 160 155 157 155 152 148 146 147 144 140 138 137 137 131 122 116 113 110 107 104 102 102 102 100 98 96 94 94 93 92 92 92 93 95 95 95
167 163 162 161 161 159 157 155 155 156 157 160 163 165 167 171 177 183 190 196 220 252 223 269 333 324 339 334 279 258 237 233 237 240 244 245 249 258 264 293 291 276 255 274 275 270 248 213 208 190 192 188 177 173 163 162 157 148 151 150 146 147 145 142 143 142 137 132 128 125 118 110 106 105 103 102 100 101 100 98 94 89 85 84 83 85 85 86 88 89 90 91
165 162 161 161 160 158 156 155 154 154 156 159 162 165 168 172 177 184 191 198 205 233 251 263 320 300 306 310 278 262 237 235 241 241 244 245 250 253 257 264 258 300 245 267 278 261 229 220 206 192 187 180 175 167 159 156 149 146 148 145 145 141 142 140 141 138 137 133 122 117 112 104 101 -9999 -9999 -9999 -9999 104 101 96 89 83 79 77 77 78 78 80 82 85 86 88
165 162 164 162 160 158 157 154 154 156 158 160 163 166 168 173 178 188 213 213 229 230 241 233 258 271 284 307 298 255 234 242 243 246 250 250 250 251 254 249 250 262 284 246 262 278 244 215 197 194 178 173 166 159 154 151 142 144 145 140 139 138 137 134 136 134 132 127 122 112 106 100 -9999 -9999 -9999 -9999 -9999 -9999 101 95 88 82 78 76 74 74 73 75 77 80 82 84
168 163 162 161 160 158 157 156 156 156 158 161 163 166 170 175 182 192 206 215 221 238 239 251 245 258 268 272 266 234 242 244 248 250 254 258 258 260 255 245 247 240 252 264 248 244 257 238 209 199 178 165 158 153 154 149 138 142 142 134 133 134 132 129 129 130 127 120 114 108 101 97 -9999 -9999 -9999 -9999 -9999 -9999 -9999 -9999 -9999 84 81 79 77 76 74 72 73 77 81 83
167 165 163 163 162 160 158 158 158 158 160 162 164 166 170 177 184 196 205 211 214 220 231 235 243 233 249 236 239 246 245 252 254 258 256 256 259 258 253 248 266 245 257 245 230 248 277 247 207 196 174 160 152 150 150 141 134 135 134 128 131 128 124 122 122 121 118 112 106 102 -9999 -9999 -9999 -9999 -9999 -9999 -9999 -9999 -9999 -9999 -9999 -9999 -9999 -9999 -9999 -9999 -9999 -9999 -9999 75 79 83
171 167 165 164 163 162 160 159 159 161 162 163 164 166 169 174 181 190 198 206 220 246 288 303 269 235 239 267 302 304 318 289 262 251 250 256 259 256 259 259 258 240 239 245 245 274 292 261 215 194 169 153 147 143 140 138 129 131 128 124 124 120 117 114 112 111 107 103 100 -9999 -9999 -9999 -9999 -9999 -9999 -9999 -9999 -9999 -9999 -9999 -9999 -9999 -9999 -9999 -9999 -9999 73 69 70 74 79 83
172 170 168 166 164 162 161 160 160 162 163 164 166 168 171 176 184 196 207 213 217 264 280 290 269 245 264 310 357 355 370 364 325 282 322 336 360 350 338 312 274 295 284 293 277 272 272 255 219 188 167 151 143 137 134 132 123 124 122 118 118 113 110 106 102 100 98 -9999 -9999 -9999 -9999 -9999 -9999 -9999 -9999 -9999 -9999 -9999 -9999 -9999 -9999 -9999 -9999 -9999 85 80 74 70 71 76 81 84
175 172 170 169 167 164 162 161 162 162 164 166 168 170 173 179 187 198 215 225 235 229 298 334 322 316 314 295 306 348 359 322 305 275 294 315 324 341 321 324 345 326 315 300 280 248 236 214 196 183 161 149 140 133 128 123 118 115 115 111 111 107 102 97 92 88 86 -9999 -9999 -9999 -9999 -9999 -9999 -9999 -9999 -9999 -9999 -9999 -9999 -9999 -9999 -9999 -9999 90 85 78 71 70 72 76 82 84
