resultados/variables_proyeccion_tiempo/variables_futuro_csiro_A1B/bio19.asc
ncols 330
nrows 228
xllcorner -12.000000
yllcorner 34.000000
cellsize 0.166667
NODATA_value -9999
[rows 0 to 40 of 228, columns 184 to 275 of 330]
-9999 -9999 -9999 -9999 -9999 -9999 -9999 -9999 -9999 -9999 -9999 -9999 -9999 -9999 -9999 -9999 -9999 -9999 -9999 -9999 -9999 -9999 -9999 -9999 -9999 -9999 -9999 -9999 -9999 -9999 -9999 -9999 -9999 -9999 -9999 -9999 -9999 -9999 -9999 -9999 -9999 -9999 -9999 -9999 -9999 -9999 -9999 -9999 -9999 -9999 -9999 -9999 -9999 -9999 -9999 -9999 -9999 -9999 -9999 -9999 -9999 -9999 -9999 -9999 -9999 -9999 -9999 -9999 -9999 -9999 -9999 -9999 -9999 -9999 -9999 -9999 -9999 -9999 -9999 -9999 -9999 -9999 -9999 -9999 -9999 -9999 -9999 -9999 -9999 -9999 -9999 -9999
-9999 -9999 -9999 -9999 -9999 -9999 -9999 -9999 -9999 -9999 -9999 -9999 -9999 -9999 -9999 -9999 -9999 -9999 -9999 -9999 -9999 -9999 -9999 -9999 -9999 -9999 -9999 -9999 -9999 -9999 -9999 -9999 -9999 -9999 -9999 -9999 -9999 -9999 -9999 -9999 -9999 -9999 -9999 -9999 -9999 -9999 -9999 -9999 -9999 -9999 -9999 -9999 -9999 -9999 -9999 -9999 -9999 -9999 -9999 -9999 -9999 -9999 -9999 -9999 -9999 -9999 -9999 -9999 -9999 -9999 -9999 -9999 -9999 -9999 -9999 -9999 -9999 -9999 -9999 -9999 -9999 -9999 -9999 -9999 -9999 -9999 -9999 -9999 -9999 -9999 -9999 -9999
-9999 -9999 -9999 -9999 -9999 -9999 -9999 -9999 -9999 -9999 -9999 -9999 -9999 -9999 -9999 -9999 -9999 -9999 -9999 -9999 -9999 -9999 -9999 -9999 -9999 -9999 -9999 -9999 -9999 -9999 -9999 -9999 -9999 -9999 -9999 -9999 -9999 -9999 -9999 -9999 -9999 -9999 -9999 -9999 -9999 -9999 -9999 -9999 -9999 -9999 -9999 -9999 -9999 -9999 -9999 -9999 -9999 -9999 -9999 -9999 -9999 -9999 -9999 -9999 -9999 -9999 -9999 -9999 -9999 -9999 -9999 -9999 -9999 -9999 -9999 -9999 -9999 -9999 -9999 -9999 -9999 -9999 -9999 -9999 -9999 -9999 -9999 -9999 -9999 -9999 -9999 -9999
-9999 -9999 -9999 -9999 -9999 -9999 -9999 -9999 -9999 -9999 -9999 -9999 -9999 -9999 -9999 -9999 -9999 -9999 -9999 -9999 -9999 -9999 -9999 -9999 -9999 -9999 -9999 -9999 -9999 -9999 -9999 -9999 -9999 -9999 -9999 -9999 -9999 -9999 -9999 -9999 -9999 -9999 -9999 -9999 -9999 -9999 -9999 -9999 -9999 -9999 -9999 -9999 -9999 -9999 -9999 -9999 -9999 -9999 -9999 -9999 -9999 -9999 -9999 -9999 -9999 -9999 -9999 -9999 -9999 -9999 -9999 -9999 -9999 -9999 -9999 -9999 -9999 -9999 -9999 -9999 -9999 -9999 -9999 -9999 -9999 -9999 -9999 -9999 -9999 -9999 -9999 -9999
-9999 -9999 -9999 -9999 -9999 -9999 -9999 -9999 -9999 -9999 -9999 -9999 -9999 -9999 -9999 -9999 -9999 -9999 -9999 -9999 -9999 -9999 -9999 -9999 -9999 -9999 -9999 -9999 -9999 -9999 -9999 -9999 -9999 -9999 -9999 -9999 -9999 -9999 -9999 -9999 -9999 -9999 -9999 -9999 -9999 -9999 -9999 -9999 -9999 -9999 -9999 -9999 -9999 -9999 -9999 -9999 -9999 -9999 -9999 -9999 -9999 -9999 -9999 -9999 -9999 -9999 -9999 -9999 -9999 -9999 -9999 -9999 -9999 -9999 -9999 -9999 -9999 -9999 -9999 -9999 -9999 -9999 -9999 -9999 -9999 -9999 -9999 -9999 -9999 -9999 -9999 -9999
-9999 -9999 -9999 -9999 -9999 -9999 -9999 -9999 -9999 -9999 -9999 -9999 -9999 -9999 -9999 -9999 -9999 -9999 -9999 -9999 -9999 -9999 -9999 -9999 -9999 -9999 -9999 -9999 -9999 -9999 -9999 282 280 -9999 -9999 253 243 224 218 219 213 189 170 162 170 170 -9999 -9999 -9999 -9999 -9999 113 109 116 113 114 115 112 -9999 -9999 -9999 -9999 -9999 -9999 -9999 -9999 -9999 -9999 -9999 -9999 -9999 -9999 -9999 -9999 -9999 -9999 -9999 -9999 -9999 -9999 -9999 -9999 -9999 -9999 -9999 -9999 -9999 -9999 -9999 -9999 -9999 -9999
-9999 -9999 -9999 -9999 -9999 -9999 -9999 -9999 -9999 -9999 -9999 -9999 -9999 -9999 -9999 -9999 -9999 -9999 -9999 -9999 -9999 -9999 -9999 -9999 -9999 -9999 216 242 -9999 -9999 -9999 272 266 239 239 233 224 211 204 192 180 178 165 167 164 -9999 155 149 132 -9999 124 116 114 117 117 117 118 119 117 110 126 125 125 -9999 -9999 -9999 -9999 -9999 -9999 -9999 -9999 -9999 -9999 -9999 -9999 -9999 -9999 -9999 -9999 -9999 -9999 -9999 -9999 -9999 -9999 -9999 -9999 -9999 -9999 -9999 -9999 -9999
-9999 -9999 -9999 -9999 -9999 -9999 -9999 -9999 -9999 -9999 -9999 -9999 -9999 -9999 -9999 -9999 -9999 -9999 -9999 -9999 -9999 -9999 259 222 200 190 214 229 239 239 240 236 233 228 226 210 205 199 190 172 162 158 152 138 144 150 146 142 134 -9999 110 112 115 117 119 117 116 121 -9999 122 125 130 132 129 130 141 144 136 136 -9999 -9999 -9999 -9999 -9999 -9999 -9999 -9999 -9999 -9999 -9999 -9999 -9999 -9999 -9999 -9999 -9999 -9999 -9999 -9999 -9999 -9999 -9999
-9999 -9999 -9999 -9999 -9999 -9999 -9999 -9999 -9999 -9999 -9999 -9999 -9999 -9999 -9999 -9999 -9999 -9999 -9999 268 255 243 232 205 189 193 207 203 217 220 229 226 219 212 209 193 185 177 170 159 147 -9999 126 129 136 133 134 124 -9999 -9999 120 115 109 112 112 115 118 116 117 122 125 128 124 130 136 137 141 150 137 134 128 120 -9999 -9999 -9999 -9999 -9999 -9999 -9999 -9999 -9999 -9999 -9999 -9999 -9999 -9999 -9999 -9999 -9999 -9999 -9999 -9999
-9999 -9999 -9999 -9999 -9999 -9999 -9999 -9999 -9999 -9999 -9999 -9999 -9999 -9999 -9999 -9999 229 -9999 200 -9999 220 -9999 192 186 186 197 203 208 210 209 207 208 205 195 186 179 170 161 152 145 130 122 123 123 126 126 119 111 111 112 116 119 118 108 102 99 99 102 106 111 117 120 122 123 130 139 140 145 148 145 139 130 129 118 109 -9999 -9999 -9999 -9999 -9999 -9999 -9999 -9999 -9999 -9999 -9999 -9999 -9999 -9999 -9999 -9999 -9999
-9999 465 394 362 -9999 316 304 280 -9999 254 244 242 247 -9999 -9999 226 217 196 181 183 179 179 185 184 187 186 196 200 186 195 197 193 185 180 174 166 156 145 136 125 128 124 124 120 118 115 115 112 108 108 110 112 114 111 103 95 95 99 100 105 110 111 111 114 123 130 136 139 134 132 131 130 127 128 111 -9999 -9999 -9999 -9999 -9999 -9999 -9999 -9999 -9999 -9999 -9999 -9999 -9999 -9999 -9999 -9999 -9999
454 390 379 366 343 324 296 281 265 -9999 250 243 240 228 -9999 188 191 179 173 158 163 163 170 175 182 174 166 173 179 181 183 182 173 166 162 156 145 132 120 124 129 126 116 121 116 123 116 109 105 104 104 104 102 104 105 106 100 97 96 98 98 100 104 107 110 117 120 120 122 122 119 -9999 -9999 -9999 -9999 -9999 -9999 -9999 -9999 -9999 -9999 -9999 -9999 -9999 -9999 -9999 -9999 -9999 -9999 -9999 -9999 -9999
389 391 379 362 341 317 297 283 259 258 243 235 226 214 194 188 181 166 154 150 153 161 168 174 171 170 161 158 161 167 170 168 162 156 156 152 146 124 114 114 118 113 114 116 112 106 99 99 95 93 95 97 99 102 104 102 104 108 110 109 104 102 104 104 104 105 104 104 108 110 -9999 -9999 -9999 -9999 -9999 -9999 -9999 -9999 -9999 122 123 120 117 -9999 -9999 -9999 -9999 -9999 -9999 -9999 -9999 -9999
379 384 369 351 327 306 290 268 263 253 -9999 231 214 207 185 177 182 172 162 156 151 153 158 162 159 160 158 156 158 160 157 156 150 144 141 139 130 117 107 100 98 99 100 96 96 96 97 93 90 86 87 92 94 97 102 102 103 105 108 111 110 106 105 99 95 96 98 97 96 104 106 111 116 116 122 121 119 -9999 124 124 122 119 114 110 112 113 130 -9999 -9999 -9999 -9999 -9999
348 340 333 318 298 284 267 258 248 231 222 213 211 204 188 168 167 173 164 167 163 156 151 151 151 153 154 150 148 148 146 144 138 133 128 125 120 111 102 95 91 90 89 91 92 94 94 89 86 84 82 84 88 93 95 97 98 99 100 101 103 105 109 110 105 100 94 90 90 94 102 109 114 113 114 115 120 121 119 117 129 129 123 131 140 134 130 -9999 -9999 -9999 -9999 -9999
302 298 294 285 270 259 250 243 233 213 220 210 209 190 183 171 162 155 151 151 149 148 142 139 141 145 141 140 139 135 134 132 128 122 118 113 109 102 94 89 86 84 83 86 86 88 88 84 82 82 80 81 83 85 88 91 92 93 94 97 99 103 108 109 110 107 106 100 99 101 114 121 122 125 127 129 130 138 144 151 149 145 140 136 130 124 120 119 114 -9999 -9999 -9999
272 266 263 257 245 239 232 222 219 214 200 191 188 185 178 172 162 154 146 138 134 134 131 130 130 134 133 131 129 126 124 123 122 118 112 108 101 98 94 91 86 83 83 86 86 86 84 83 80 77 77 77 78 81 82 84 86 88 90 94 98 99 101 101 105 106 113 113 117 123 130 132 136 141 143 147 150 148 146 143 139 139 136 131 124 120 116 112 110 110 110 113
239 237 233 230 224 218 215 213 206 196 186 178 162 163 163 159 150 142 137 132 128 125 123 124 123 122 121 121 121 121 119 119 116 112 109 106 102 100 95 91 87 84 83 83 85 85 84 82 81 77 76 74 74 76 79 81 84 85 89 92 95 96 97 99 102 106 109 111 116 120 124 129 134 138 143 145 144 142 141 139 136 133 130 129 126 119 112 110 108 107 109 112
214 214 212 210 206 195 193 193 190 181 172 162 152 144 144 144 142 139 133 127 121 117 118 118 118 115 115 115 117 119 119 117 114 112 110 108 105 101 98 94 91 88 85 81 82 81 80 79 78 78 77 76 75 74 77 79 83 86 90 92 94 96 98 100 102 104 106 110 116 119 122 127 131 135 135 137 139 141 142 137 135 132 129 126 123 119 112 110 111 111 110 112
199 197 197 194 188 182 174 175 172 169 159 150 145 141 137 133 130 130 129 123 119 112 112 113 114 112 110 109 112 113 116 116 115 114 114 112 109 106 101 99 96 93 91 87 84 82 82 84 84 84 81 79 78 76 80 82 86 91 95 96 98 99 100 101 103 105 107 111 115 117 121 124 126 129 130 130 134 138 136 133 130 127 126 124 122 120 115 113 113 113 113 113
192 181 171 168 168 164 157 154 155 150 144 137 132 129 127 127 127 124 119 114 111 105 104 106 108 107 106 104 106 110 115 114 113 113 113 113 112 110 106 102 99 94 93 93 90 88 89 88 88 87 85 82 81 82 85 87 91 94 97 96 98 100 103 105 107 108 111 112 115 119 121 122 126 127 128 129 131 132 133 132 130 131 130 128 126 122 117 114 114 116 112 113
142 143 146 152 155 145 137 137 136 134 132 129 125 122 120 120 118 115 114 109 103 100 99 100 102 102 100 100 103 106 110 110 110 111 112 113 113 111 104 100 97 97 96 93 92 90 90 90 90 90 90 88 90 91 91 92 94 96 99 101 103 107 112 114 116 116 118 124 122 124 122 125 131 131 132 132 132 132 134 136 134 133 136 130 126 122 121 116 114 115 116 117
166 159 148 139 130 124 122 119 119 120 120 118 117 117 116 115 111 109 108 104 102 100 100 101 101 100 98 98 102 107 110 110 109 111 112 111 109 106 102 100 100 100 99 97 95 93 93 94 93 93 92 92 93 96 96 100 105 105 108 108 107 113 115 116 120 120 122 119 118 120 121 124 129 140 138 137 138 135 137 140 140 138 138 131 129 126 121 118 118 118 119 118
170 162 138 131 128 122 115 112 112 111 110 111 110 110 110 110 107 104 103 101 101 100 99 101 101 101 99 100 102 106 103 104 106 104 105 101 100 99 99 98 98 99 99 97 96 95 95 95 94 95 95 94 95 96 97 99 100 101 102 103 105 108 113 116 118 119 119 120 120 119 121 125 129 131 133 139 141 145 141 142 143 142 146 136 129 127 124 122 122 124 124 122
148 129 127 119 115 113 109 108 108 107 106 106 105 106 105 103 103 102 101 100 97 97 99 101 102 102 102 103 104 105 102 101 101 100 99 97 96 95 95 95 95 96 99 99 99 99 98 97 96 97 98 97 96 96 96 98 99 100 101 102 103 105 108 112 116 118 120 121 119 120 126 130 133 135 138 136 137 139 142 145 148 144 156 146 136 129 126 124 129 131 133 128
140 136 122 113 109 109 107 105 105 105 106 106 104 103 103 100 99 99 99 99 99 98 98 99 100 103 104 106 107 103 103 103 101 100 98 97 95 95 95 95 96 97 98 99 100 101 101 99 99 99 99 99 98 97 98 98 100 99 100 101 100 103 106 108 113 118 120 122 121 120 124 129 134 133 132 134 135 138 139 140 140 141 153 144 137 132 128 135 148 151 151 136
128 119 115 111 106 104 105 104 105 106 106 108 106 105 104 105 103 101 101 100 99 98 100 100 102 105 108 110 105 103 105 103 102 102 100 99 98 97 96 98 98 98 100 100 102 104 104 104 103 102 101 101 100 98 100 99 100 100 99 99 100 102 104 108 112 116 118 121 125 128 130 131 132 133 133 133 135 134 134 136 136 139 140 138 136 134 131 129 133 137 139 134
122 116 111 106 103 104 104 105 108 110 111 111 109 109 108 107 106 105 105 103 102 102 102 102 104 104 106 104 104 106 106 106 104 102 102 102 101 101 102 103 103 103 105 106 107 109 110 110 109 107 107 105 103 102 102 102 101 100 101 102 105 105 108 110 112 116 117 118 123 129 132 130 130 135 137 141 141 138 138 135 134 134 135 137 139 138 134 130 128 124 120 115
135 120 110 108 105 104 104 105 107 109 111 112 113 113 112 111 109 109 110 106 103 98 99 98 99 100 102 105 107 108 108 109 107 107 107 106 106 106 107 107 107 108 109 110 112 114 114 115 113 111 111 107 105 103 104 103 103 103 104 104 105 108 110 110 113 112 114 117 122 126 131 133 133 135 138 141 139 138 135 134 132 129 132 138 141 141 139 132 124 118 112 108
127 123 115 109 106 105 104 107 109 111 112 115 113 113 112 110 111 111 108 100 100 98 99 99 101 104 106 108 109 110 110 110 111 110 110 110 110 109 108 109 111 111 111 113 115 115 114 115 115 115 113 110 108 107 106 107 108 111 110 108 108 109 111 114 114 116 117 118 123 124 125 126 127 129 130 135 138 136 131 127 124 124 127 134 137 140 134 128 119 113 109 103
120 116 111 109 110 110 109 111 110 111 114 116 118 117 116 113 113 112 103 100 102 101 103 103 104 106 108 111 112 112 112 111 113 115 114 114 114 112 111 110 110 112 114 115 114 114 114 115 115 114 115 113 110 109 109 110 112 113 113 112 113 114 118 117 119 119 122 123 122 118 117 118 118 119 125 123 125 123 124 122 122 125 125 127 -9999 134 135 128 118 111 107 102
122 117 113 110 110 112 112 110 110 111 115 120 121 120 118 119 119 110 105 104 103 104 107 107 107 109 111 113 116 115 115 115 118 118 116 116 115 115 115 113 112 113 115 116 115 113 114 115 114 115 117 115 113 112 112 113 114 118 119 120 120 121 122 124 124 127 126 124 120 116 114 112 113 114 118 122 119 118 118 118 119 120 124 126 127 129 -9999 119 115 109 104 99
127 121 117 115 114 115 115 114 113 113 115 120 123 123 122 123 120 109 109 109 108 107 108 111 111 114 115 116 118 120 120 121 123 122 119 117 117 117 116 116 115 114 115 115 113 114 113 112 112 114 116 116 115 115 114 114 117 121 122 122 123 123 122 123 125 126 125 124 122 119 115 112 111 111 113 116 118 117 117 118 118 119 122 125 126 126 123 117 111 108 -9999 -9999
129 126 123 122 122 121 121 120 118 116 118 120 123 125 125 126 119 112 111 114 114 112 112 113 114 116 119 122 123 123 125 126 126 125 123 122 120 119 117 116 115 116 117 116 114 113 112 112 112 114 117 117 118 120 119 119 120 122 123 125 124 122 122 122 123 124 123 123 123 120 115 112 110 111 115 115 116 118 116 117 118 119 120 121 123 122 118 114 109 105 -9999 -9999
126 127 127 128 128 126 126 124 122 120 122 125 125 126 127 124 112 111 110 114 116 117 116 117 117 118 122 124 126 127 129 129 130 130 128 125 120 118 117 114 115 116 116 115 116 116 115 114 114 114 116 118 119 121 122 121 120 123 125 125 123 123 124 125 123 122 123 122 121 120 116 113 111 112 112 114 116 115 115 116 118 120 119 120 119 118 115 110 106 100 97 93
126 126 125 126 127 126 125 123 125 126 128 130 129 128 130 122 113 112 112 114 116 117 117 119 120 122 125 127 128 128 130 131 133 132 128 124 120 117 115 114 114 115 115 115 116 116 116 116 116 117 118 119 121 121 122 122 121 123 122 123 125 126 127 127 126 125 124 122 120 119 116 112 109 109 110 111 112 113 114 114 116 116 116 116 115 114 111 107 103 99 95 91
128 127 127 127 127 128 127 126 126 128 131 133 134 133 128 114 113 114 114 116 115 116 117 118 121 123 125 127 127 129 130 133 135 133 128 124 119 116 116 115 114 113 113 113 114 114 115 115 116 118 117 118 119 121 123 122 122 122 123 126 127 128 128 126 126 126 125 122 120 118 116 115 112 109 107 106 107 108 110 110 112 113 113 112 111 110 107 103 99 96 92 88
131 130 131 130 129 129 131 131 134 135 136 133 135 135 119 117 117 116 115 116 116 117 116 120 120 123 125 126 126 126 128 131 133 134 128 123 118 115 114 112 112 111 111 112 113 114 116 117 117 118 117 117 119 122 122 123 123 123 122 124 126 126 126 126 126 127 126 122 119 116 113 112 111 109 105 105 106 106 106 107 108 109 109 109 108 105 102 99 96 92 89 85
133 133 134 132 133 133 134 138 141 142 142 141 140 138 119 119 120 118 118 118 118 119 119 120 120 124 -9999 -9999 -9999 -9999 -9999 -9999 -9999 -9999 -9999 -9999 117 112 111 109 108 108 109 109 110 111 113 115 117 117 117 117 118 118 120 120 121 120 122 124 125 125 125 125 125 126 124 121 118 114 111 110 110 107 105 105 105 106 106 105 106 106 106 106 104 101 98 96 92 89 85 80
134 135 137 137 136 136 138 141 144 146 148 148 147 141 124 121 121 119 120 119 -9999 120 120 120 120 -9999 -9999 -9999 -9999 -9999 -9999 -9999 -9999 -9999 -9999 -9999 -9999 -9999 -9999 104 103 103 104 104 106 108 110 112 115 115 116 116 116 117 118 118 120 120 122 123 124 125 124 124 123 122 122 120 117 113 110 108 108 106 104 103 104 104 105 105 105 104 103 102 101 99 96 93 91 87 82 77
135 136 136 138 140 140 142 143 146 148 150 151 152 142 128 125 124 122 122 122 -9999 -9999 -9999 -9999 -9999 -9999 -9999 -9999 -9999 -9999 -9999 -9999 -9999 -9999 -9999 -9999 -9999 -9999 -9999 100 99 100 102 103 105 106 108 110 112 113 114 114 115 115 116 115 116 119 120 123 124 124 122 121 121 121 120 119 114 111 109 107 106 103 101 100 101 102 103 103 103 101 101 99 98 95 94 92 89 86 81 76
