resultados/variables_proyeccion_tiempo/variables_futuro_csiro_A1B/bio10.asc
ncols 330
nrows 228
xllcorner -12.000000
yllcorner 34.000000
cellsize 0.166667
NODATA_value -9999
[rows 120 to 159 of 228, columns 184 to 275 of 330]
220 219 218 217 216 215 214 212 212 212 209 207 208 209 210 212 211 211 210 209 209 210 211 212 213 214 215 214 213 213 213 213 213 213 212 212 212 212 212 213 213 214 214 214 215 215 215 215 215 216 217 218 218 218 218 218 218 219 219 218 218 219 219 219 220 221 222 222 222 222 223 223 224 225 225 224 224 225 225 226 226 225 224 224 224 224 225 226 226 226 225 225
217 217 216 215 214 211 210 209 210 209 209 208 208 209 210 211 212 211 210 210 210 211 213 214 214 214 214 214 214 214 213 213 213 212 212 212 212 212 213 213 214 213 214 214 214 215 215 215 216 216 217 218 218 218 218 218 218 219 219 219 220 220 221 221 222 223 223 223 224 224 225 225 225 224 225 226 226 227 227 227 227 227 226 225 225 224 226 227 226 226 225 225
216 215 214 214 212 210 210 209 209 208 209 209 208 208 209 210 210 212 213 212 212 213 214 214 214 214 214 213 213 214 213 213 212 212 212 212 212 212 212 213 213 214 214 214 214 214 215 216 216 216 217 217 218 218 218 218 219 219 219 219 219 220 221 222 222 223 224 224 225 225 226 226 225 225 226 227 228 228 228 228 227 228 228 228 228 228 229 228 227 227 226 227
214 215 214 212 210 209 210 209 207 207 206 206 208 208 208 209 209 210 212 213 213 213 213 213 213 214 213 213 213 213 213 212 212 211 211 212 212 212 212 213 213 213 214 214 214 215 215 216 216 217 217 217 217 217 217 218 218 216 217 218 219 220 221 221 222 223 224 225 226 226 227 228 227 227 227 229 229 229 230 229 230 230 230 230 229 230 230 229 229 229 229 228
212 212 212 211 209 209 208 208 206 205 203 200 202 205 206 208 210 210 213 213 212 212 212 213 212 213 212 211 211 211 211 211 211 211 210 211 212 212 213 213 212 213 213 214 215 216 216 216 217 216 216 217 217 217 217 217 218 217 218 219 220 222 223 223 224 225 226 226 226 228 228 229 228 229 230 230 230 230 230 230 230 230 230 230 230 230 231 231 230 230 231 230
210 210 210 209 209 207 206 206 204 203 201 199 197 201 204 207 208 210 212 212 212 210 211 210 209 210 209 208 207 209 210 210 210 210 210 211 212 212 213 213 214 214 214 214 215 215 216 216 217 217 216 217 217 217 217 217 218 219 219 220 221 222 222 223 223 224 226 226 228 229 229 230 230 231 230 231 232 231 231 231 231 231 231 231 231 231 231 231 231 231 230 231
208 208 208 208 209 207 207 206 204 203 201 200 198 198 202 205 208 210 212 211 211 209 208 208 206 205 206 205 205 205 207 208 210 210 210 210 211 212 213 213 213 213 213 214 215 216 216 216 217 217 217 217 216 217 218 218 218 219 219 221 221 222 222 223 224 225 226 228 228 229 231 231 231 232 232 233 232 233 233 233 233 232 231 231 232 232 232 232 232 232 231 231
208 207 207 205 205 207 206 204 204 204 204 202 202 202 202 203 206 210 212 214 211 210 208 206 205 206 205 203 204 205 207 209 209 208 209 209 210 211 212 213 213 213 214 214 215 216 216 216 216 217 217 218 218 218 218 218 219 218 220 221 222 223 224 224 226 227 227 228 228 230 232 232 233 233 233 234 233 233 233 234 234 233 232 234 233 233 233 233 234 234 233 233
209 208 207 206 202 202 203 203 203 204 206 206 206 207 208 209 211 214 214 214 213 212 210 208 207 204 201 200 201 205 207 206 208 210 209 209 210 211 212 213 214 213 213 215 214 216 215 217 216 216 217 217 218 218 219 219 219 219 220 221 222 222 223 225 226 226 227 229 229 231 231 234 234 234 235 235 235 235 235 236 236 236 236 235 236 236 235 236 236 235 235 234
210 211 210 208 204 199 198 200 202 204 206 210 210 212 214 215 215 214 212 212 212 212 211 210 208 207 204 200 201 204 207 207 208 209 210 210 211 211 213 214 213 213 215 212 213 215 216 217 216 217 217 217 218 219 220 219 220 220 221 221 222 223 225 226 226 227 228 228 229 231 231 235 235 236 237 237 237 237 237 237 237 238 239 238 237 237 238 238 238 237 238 237
213 213 214 211 206 199 195 200 205 207 210 212 216 217 217 216 215 213 211 210 209 209 210 210 207 206 206 204 201 205 207 208 209 210 210 210 211 213 213 214 214 214 216 213 213 215 216 217 217 217 217 217 218 219 220 219 220 221 222 222 223 224 225 226 226 227 228 229 230 231 232 236 237 237 238 239 239 238 238 238 239 240 241 241 240 240 240 241 242 239 240 240
212 214 215 214 209 205 204 206 209 212 214 216 218 219 216 215 214 210 209 209 209 208 209 209 210 209 208 206 205 201 205 207 209 210 211 211 212 213 213 213 212 213 212 212 215 214 214 215 217 216 215 216 218 219 220 219 221 221 222 222 223 224 224 225 226 228 228 229 229 230 232 233 235 237 239 240 241 240 240 240 241 242 243 243 242 242 243 243 241 241 242 242
212 214 213 211 209 206 207 204 206 210 210 213 216 215 212 210 209 205 205 204 203 200 203 206 209 211 209 208 207 204 204 204 208 210 211 212 212 209 208 207 208 210 211 213 215 216 216 215 215 215 216 217 218 219 221 220 220 220 221 222 222 223 224 225 226 227 227 229 230 231 232 233 233 235 237 238 239 241 242 242 242 243 244 245 245 245 245 243 244 245 244 244
205 197 194 198 190 198 195 192 193 195 198 207 208 209 209 210 210 208 204 201 198 199 200 201 206 209 208 208 207 207 207 206 205 208 208 208 206 206 206 207 208 209 210 212 213 214 214 214 215 215 217 217 218 219 219 220 220 220 220 221 221 222 224 225 226 226 228 230 230 231 232 233 235 237 238 239 240 242 244 244 244 244 245 245 247 247 246 246 246 245 246 244
193 185 187 177 177 174 184 188 180 179 191 206 202 199 197 195 198 200 200 199 199 196 190 190 199 204 204 206 207 208 208 208 205 206 206 207 206 207 207 208 209 211 212 211 214 214 214 214 215 215 216 216 217 218 220 220 221 222 222 221 221 222 223 225 226 226 228 229 229 230 230 233 235 236 237 239 242 244 245 246 246 246 246 246 248 249 248 248 247 247 247 247
191 184 179 172 180 186 185 184 185 185 190 177 186 181 187 190 197 195 191 185 188 190 191 187 188 191 198 202 206 208 209 210 210 211 210 209 208 208 207 208 211 212 214 214 213 215 215 215 215 216 216 217 218 220 220 220 221 222 223 223 224 223 223 224 225 227 227 227 227 229 230 231 233 235 238 240 241 244 244 245 247 248 248 248 249 250 249 249 248 248 249 250
198 188 170 178 183 171 149 145 142 153 180 179 182 186 185 199 206 209 202 196 186 178 182 183 184 188 185 189 193 202 207 209 210 211 211 213 213 210 210 209 211 213 214 214 215 215 216 216 215 217 217 218 218 218 219 220 222 222 223 224 224 224 225 225 225 226 226 226 226 228 229 230 233 235 236 238 241 241 244 246 245 247 249 249 250 251 251 250 250 251 252 250
178 192 184 178 182 184 172 168 154 176 186 177 183 188 200 204 208 213 212 208 203 190 182 179 175 182 185 176 186 195 199 206 205 209 212 212 215 214 211 210 212 213 215 216 217 217 215 217 217 218 220 219 220 221 221 222 222 223 224 225 224 224 226 227 227 226 226 226 227 227 229 231 233 236 238 238 240 242 243 245 244 244 245 248 250 251 251 252 252 253 253 252
192 188 165 168 160 151 164 165 156 168 181 192 190 193 198 211 192 213 220 216 202 199 208 197 187 177 183 179 184 179 185 197 203 206 206 210 215 214 215 214 213 214 218 218 218 219 219 219 218 219 222 221 222 223 223 222 223 223 224 226 226 227 227 226 228 228 226 225 226 226 229 233 235 238 239 240 240 242 243 244 244 246 246 245 248 249 249 250 251 252 253 254
190 177 186 194 181 185 181 177 187 182 193 185 188 191 197 214 214 207 225 226 226 217 204 208 197 190 192 183 184 177 174 172 186 197 204 210 213 215 215 217 216 218 218 221 221 222 222 223 220 220 223 224 226 225 226 226 225 226 225 226 228 228 230 229 229 228 228 227 226 227 231 233 237 240 240 242 244 244 244 245 245 246 246 246 249 250 251 250 250 251 252 254
201 198 204 203 191 182 190 199 207 214 210 207 209 217 220 222 210 223 228 229 230 229 223 213 204 205 200 183 188 183 171 161 167 180 189 202 208 212 215 218 219 221 222 223 225 224 224 226 225 224 226 228 230 228 229 229 230 229 228 228 228 228 230 231 232 231 230 230 229 231 234 236 240 240 241 243 243 244 244 246 248 249 248 249 250 251 252 253 252 252 253 253
203 196 202 189 196 211 219 218 218 223 220 221 224 223 223 219 212 224 228 231 231 231 230 229 225 214 201 211 191 191 173 168 168 170 170 187 194 207 214 219 222 223 225 224 221 223 225 226 227 226 225 227 229 232 232 232 234 233 232 231 231 230 232 232 233 234 235 234 234 236 237 239 242 244 245 245 246 247 246 247 248 250 251 251 251 251 253 254 254 254 255 256
219 217 213 209 220 223 221 218 223 226 224 226 230 229 228 222 227 231 232 232 232 232 232 231 229 227 225 214 217 201 191 186 167 170 181 174 174 190 204 210 215 218 219 224 227 229 229 229 229 230 229 229 231 232 234 233 236 238 237 236 233 232 233 234 236 235 236 237 238 240 241 242 244 247 247 248 248 248 248 248 250 251 253 253 252 252 254 255 256 256 257 256
228 227 225 228 227 226 222 218 222 220 208 209 229 234 232 234 233 233 233 233 232 232 232 232 231 230 226 215 221 218 213 205 189 186 172 160 180 190 192 192 203 214 217 219 220 225 227 229 231 231 233 233 234 235 237 237 237 236 240 241 238 235 235 235 236 238 239 240 241 243 244 247 249 249 250 250 249 249 249 249 253 254 255 255 254 255 256 256 257 258 258 258
232 216 226 227 227 223 221 211 220 228 226 228 233 235 235 235 234 233 233 232 231 231 233 232 232 230 229 226 216 194 200 214 203 185 170 167 166 174 181 186 191 204 213 218 219 223 228 231 232 234 234 237 235 237 239 239 240 240 237 236 238 239 239 238 238 239 241 241 243 245 247 248 251 252 253 252 253 254 254 254 255 256 257 258 256 256 258 259 259 259 260 260
233 226 235 233 231 233 232 231 234 234 235 236 236 236 236 235 234 233 232 232 231 232 233 233 232 231 230 228 212 200 186 198 202 205 195 180 172 162 169 177 186 191 200 217 220 219 224 229 233 234 236 239 239 239 240 242 241 240 241 237 238 241 242 241 241 240 242 244 245 246 247 250 252 253 255 257 256 257 258 258 259 258 259 259 258 259 259 260 259 259 261 262
234 229 241 233 232 235 237 237 237 237 237 237 237 237 236 236 235 233 233 233 234 234 234 234 232 229 223 225 227 224 211 197 190 187 190 166 166 161 172 177 185 196 199 208 217 222 223 226 227 236 237 239 243 243 242 242 244 244 246 245 242 241 244 245 244 242 244 246 247 250 250 251 253 254 256 259 259 258 260 259 261 260 261 259 259 260 260 261 260 260 260 262
238 239 242 238 235 235 237 238 238 238 238 238 237 237 237 237 236 236 236 236 236 235 232 229 228 227 226 227 218 217 210 209 205 195 199 184 189 186 176 181 178 183 194 200 212 219 220 224 222 232 238 242 243 245 245 243 241 242 242 245 246 244 247 248 246 245 247 246 249 249 251 254 253 256 257 259 260 261 262 261 261 263 261 261 260 262 260 261 261 261 261 263
241 242 243 241 239 236 238 239 239 238 238 238 238 238 238 238 238 238 239 239 237 234 229 229 227 227 224 223 219 218 216 213 216 215 212 207 196 182 175 172 176 176 185 187 198 212 221 223 227 229 238 241 244 247 249 245 239 240 244 243 243 244 249 249 248 246 250 248 250 252 251 253 256 257 257 258 259 261 263 263 263 264 262 262 262 262 262 262 261 261 262 263
242 243 243 242 239 238 238 239 239 239 238 239 239 239 239 239 239 240 240 239 236 233 221 214 218 218 217 223 217 215 216 221 214 216 216 210 184 172 169 160 177 177 177 197 196 204 218 223 228 230 233 237 240 244 245 249 246 240 239 243 246 247 250 251 252 249 250 251 251 253 254 254 255 257 259 260 261 262 264 265 265 264 263 262 262 263 261 261 261 261 262 261
242 243 243 242 240 239 239 239 240 240 240 240 239 239 240 240 240 241 241 238 234 227 212 212 204 208 215 216 214 213 220 217 217 216 216 211 208 198 185 184 194 182 187 188 203 204 220 223 225 232 229 234 238 238 241 241 250 247 244 243 246 249 250 252 253 254 252 253 251 253 255 256 256 258 261 260 262 263 264 265 265 264 263 263 263 262 262 262 261 262 261 261
242 244 244 243 242 240 240 240 240 240 240 240 240 240 241 241 241 241 241 240 238 235 226 190 170 193 193 202 211 210 216 218 219 217 217 216 216 207 183 171 196 189 175 185 186 191 213 227 226 233 230 232 237 244 244 242 248 250 246 245 246 249 251 250 252 256 256 256 253 253 256 257 257 258 260 261 262 263 263 263 264 264 263 263 262 263 262 262 262 260 260 261
244 245 245 244 242 241 241 241 241 241 240 240 241 241 241 241 242 242 242 240 228 212 228 205 173 177 169 171 197 206 218 221 220 220 219 220 217 210 203 184 181 187 195 184 183 185 200 222 225 236 232 232 238 239 246 245 248 254 250 248 250 248 250 252 251 251 254 257 256 254 254 256 258 258 260 260 262 260 261 262 263 263 264 264 263 262 262 261 260 260 260 260
246 246 245 242 241 242 241 242 241 241 241 241 241 241 241 241 242 242 242 240 238 224 216 210 182 192 188 185 200 208 221 223 221 223 222 221 217 214 208 201 200 175 202 190 182 192 211 217 226 234 235 237 238 242 247 248 252 254 249 250 250 252 250 252 250 252 251 252 257 256 255 255 256 -9999 -9999 -9999 -9999 255 259 261 262 262 263 262 261 261 261 260 260 260 259 259
247 246 243 242 242 242 242 242 242 242 242 241 242 241 242 241 241 240 230 233 227 228 223 228 215 208 201 189 193 214 226 223 222 222 220 219 218 216 211 211 207 198 185 204 194 183 203 221 232 231 240 241 244 247 249 250 256 253 250 253 252 251 252 254 252 253 252 252 253 256 255 255 -9999 -9999 -9999 -9999 -9999 -9999 256 257 259 260 261 260 259 259 260 260 260 260 260 260
246 246 245 244 243 243 243 243 243 243 243 243 242 242 242 241 240 239 235 234 233 225 226 220 223 217 211 209 212 228 225 224 221 220 218 215 214 211 212 215 212 214 205 198 205 205 195 205 222 227 239 246 249 250 247 249 257 252 251 255 254 252 253 255 254 254 253 253 253 252 254 254 -9999 -9999 -9999 -9999 -9999 -9999 -9999 -9999 -9999 258 259 258 259 258 259 260 260 260 260 261
247 246 246 244 244 244 244 243 245 244 244 243 243 244 243 242 240 238 237 236 237 236 231 230 226 231 222 229 228 224 225 221 220 216 216 216 213 213 215 216 205 215 207 211 217 204 182 199 223 229 242 250 253 251 248 253 257 255 255 258 254 254 256 255 255 255 254 253 252 252 -9999 -9999 -9999 -9999 -9999 -9999 -9999 -9999 -9999 -9999 -9999 -9999 -9999 -9999 -9999 -9999 -9999 -9999 -9999 261 261 261
246 247 247 246 245 245 245 245 246 246 245 245 245 245 244 244 243 242 242 240 235 225 206 200 214 230 229 214 196 195 187 201 215 220 219 215 213 214 213 212 212 219 219 214 211 190 173 189 217 230 246 254 256 256 255 255 260 256 257 258 256 257 257 258 256 255 254 253 253 -9999 -9999 -9999 -9999 -9999 -9999 -9999 -9999 -9999 -9999 -9999 -9999 -9999 -9999 -9999 -9999 -9999 258 259 259 260 261 261
247 248 247 246 246 246 247 247 247 247 246 247 246 246 245 244 242 240 237 237 237 217 211 206 214 226 216 192 167 168 152 156 173 201 173 151 137 154 165 185 206 195 199 188 194 193 188 194 216 234 246 256 258 259 258 257 262 259 259 260 258 259 259 259 258 257 256 -9999 -9999 -9999 -9999 -9999 -9999 -9999 -9999 -9999 -9999 -9999 -9999 -9999 -9999 -9999 -9999 -9999 255 255 256 257 258 258 258 259
248 249 248 247 246 247 247 248 248 249 248 248 248 247 246 243 241 239 233 232 229 233 203 179 172 162 190 200 194 153 154 181 188 205 192 179 172 158 177 176 155 178 179 184 193 209 212 224 232 238 251 256 258 260 262 262 263 264 261 262 261 261 261 260 259 257 256 -9999 -9999 -9999 -9999 -9999 -9999 -9999 -9999 -9999 -9999 -9999 -9999 -9999 -9999 -9999 -9999 250 251 254 257 258 257 257 258 259
