resultados/variables_proyeccion_tiempo/variables_futuro_csiro_A1B/bio19.asc
ncols 330
nrows 228
xllcorner -12.000000
yllcorner 34.000000
cellsize 0.166667
NODATA_value -9999
[rows 41 to 81 of 228, columns 92 to 183 of 330]
-9999 -9999 -9999 -9999 -9999 -9999 -9999 -9999 -9999 -9999 -9999 -9999 -9999 -9999 -9999 -9999 -9999 -9999 -9999 -9999 -9999 -9999 -9999 -9999 -9999 -9999 -9999 -9999 -9999 -9999 -9999 -9999 -9999 -9999 -9999 -9999 -9999 -9999 -9999 -9999 -9999 -9999 -9999 -9999 -9999 -9999 460 -9999 -9999 522 544 554 564 566 565 567 560 546 527 504 479 451 421 395 370 343 315 290 266 246 229 223 217 197 187 178 172 163 156 152 146 137 130 130 132 135 136 137 137 135 137 138
-9999 -9999 -9999 -9999 -9999 -9999 -9999 -9999 -9999 -9999 -9999 -9999 -9999 -9999 -9999 -9999 -9999 -9999 -9999 -9999 -9999 -9999 -9999 -9999 -9999 -9999 -9999 -9999 -9999 -9999 -9999 -9999 -9999 -9999 -9999 -9999 -9999 -9999 -9999 -9999 -9999 -9999 -9999 -9999 415 434 462 471 499 527 547 568 554 538 539 532 528 509 487 467 442 413 388 360 333 305 284 267 251 236 224 208 196 187 175 167 164 160 153 146 141 137 133 133 137 138 137 138 138 138 138 138
-9999 -9999 -9999 -9999 -9999 -9999 -9999 -9999 -9999 -9999 -9999 -9999 -9999 -9999 -9999 -9999 -9999 -9999 -9999 -9999 -9999 -9999 -9999 -9999 -9999 -9999 -9999 -9999 -9999 -9999 -9999 -9999 -9999 -9999 -9999 -9999 -9999 -9999 -9999 -9999 -9999 -9999 -9999 -9999 -9999 -9999 -9999 485 502 520 539 546 520 521 510 508 488 469 450 428 403 377 355 328 301 283 269 252 233 222 203 190 181 175 169 163 155 150 144 142 138 135 135 137 140 142 143 142 141 142 143 143
-9999 -9999 -9999 -9999 -9999 -9999 -9999 -9999 -9999 -9999 -9999 -9999 -9999 -9999 -9999 -9999 -9999 -9999 -9999 -9999 -9999 -9999 -9999 -9999 -9999 -9999 -9999 -9999 -9999 -9999 -9999 -9999 -9999 -9999 -9999 -9999 -9999 -9999 -9999 -9999 -9999 -9999 -9999 -9999 410 420 444 465 483 496 507 505 498 493 479 464 449 434 414 393 370 345 320 296 274 262 247 232 215 202 192 181 169 163 157 154 156 152 144 138 136 135 135 136 143 146 147 148 148 147 148 147
-9999 -9999 -9999 -9999 -9999 -9999 -9999 -9999 -9999 -9999 -9999 -9999 -9999 -9999 -9999 -9999 -9999 -9999 -9999 -9999 -9999 -9999 -9999 -9999 -9999 -9999 -9999 -9999 -9999 -9999 -9999 -9999 -9999 -9999 -9999 -9999 -9999 -9999 -9999 -9999 -9999 -9999 382 391 400 413 421 435 444 454 457 456 454 447 436 423 411 394 378 358 334 315 296 281 261 238 223 210 198 191 179 171 162 154 151 148 144 146 143 140 136 136 136 138 142 146 150 153 154 154 154 154
-9999 -9999 -9999 -9999 -9999 -9999 -9999 -9999 -9999 -9999 -9999 -9999 -9999 -9999 -9999 -9999 -9999 -9999 -9999 -9999 -9999 -9999 -9999 -9999 -9999 -9999 -9999 -9999 -9999 -9999 -9999 -9999 -9999 -9999 -9999 -9999 -9999 -9999 -9999 -9999 -9999 336 368 372 385 398 404 404 408 415 416 413 408 400 391 384 373 357 343 327 307 288 271 260 250 233 216 202 189 176 166 159 154 150 146 147 141 137 138 138 137 136 138 140 142 146 151 153 154 156 160 161
-9999 -9999 -9999 -9999 -9999 -9999 -9999 -9999 -9999 -9999 -9999 -9999 -9999 -9999 -9999 -9999 -9999 -9999 -9999 -9999 -9999 -9999 -9999 -9999 -9999 -9999 -9999 -9999 -9999 -9999 -9999 -9999 -9999 -9999 -9999 -9999 -9999 -9999 -9999 303 317 336 356 374 377 376 375 374 374 369 370 371 371 368 361 353 344 327 312 300 289 271 251 230 213 207 201 192 182 169 161 154 149 146 144 140 139 137 136 138 138 139 139 140 144 149 153 155 158 158 161 165
-9999 -9999 -9999 -9999 -9999 -9999 -9999 -9999 -9999 -9999 -9999 -9999 -9999 -9999 -9999 -9999 -9999 -9999 -9999 -9999 -9999 -9999 -9999 -9999 -9999 -9999 -9999 -9999 -9999 -9999 -9999 -9999 -9999 -9999 358 -9999 -9999 -9999 288 296 323 345 352 355 351 344 335 332 335 337 340 339 335 334 329 321 311 296 289 277 265 252 235 213 197 183 175 170 163 157 152 146 142 142 140 139 137 136 135 137 138 140 139 142 148 152 157 159 161 162 164 168
-9999 -9999 -9999 -9999 -9999 -9999 -9999 -9999 -9999 -9999 -9999 -9999 -9999 -9999 -9999 -9999 -9999 -9999 -9999 -9999 -9999 -9999 -9999 -9999 -9999 -9999 -9999 -9999 -9999 425 415 372 362 374 -9999 -9999 321 307 288 294 317 334 333 326 324 316 298 300 301 306 306 307 305 300 294 291 285 268 256 248 233 218 204 196 184 170 157 150 147 144 141 140 139 138 137 138 138 137 137 137 137 137 139 145 150 154 158 162 166 168 168 172
-9999 -9999 -9999 -9999 -9999 -9999 -9999 -9999 -9999 -9999 -9999 -9999 -9999 -9999 -9999 -9999 -9999 -9999 -9999 -9999 -9999 -9999 -9999 -9999 -9999 -9999 -9999 -9999 -9999 -9999 443 420 392 386 381 358 338 308 300 306 315 316 318 312 284 282 277 276 278 280 280 278 278 272 267 260 256 246 234 226 214 197 183 170 162 150 142 139 136 138 139 136 135 137 138 139 138 139 140 140 140 142 143 148 152 155 161 163 168 170 174 174
-9999 -9999 -9999 -9999 -9999 -9999 -9999 -9999 -9999 -9999 -9999 -9999 -9999 -9999 -9999 -9999 -9999 -9999 -9999 -9999 -9999 -9999 -9999 -9999 -9999 -9999 -9999 419 430 436 421 430 432 418 393 369 337 323 316 302 287 283 274 265 255 251 249 247 249 252 246 248 250 246 242 235 229 228 221 205 195 183 169 157 145 134 127 127 129 131 134 134 134 136 137 142 145 144 144 144 145 145 150 155 159 163 167 170 173 174 177 180
-9999 -9999 -9999 -9999 -9999 -9999 -9999 -9999 -9999 -9999 -9999 -9999 -9999 -9999 -9999 -9999 -9999 -9999 -9999 -9999 -9999 -9999 -9999 -9999 -9999 -9999 -9999 428 430 445 444 434 412 405 386 354 336 318 297 287 273 259 252 242 233 225 220 221 225 227 225 226 222 225 220 216 216 213 202 192 181 170 157 146 134 123 116 118 124 126 127 130 132 134 136 139 144 145 148 149 149 150 152 155 162 167 172 178 181 182 181 181
-9999 -9999 -9999 -9999 -9999 -9999 -9999 -9999 -9999 -9999 -9999 -9999 -9999 -9999 -9999 -9999 -9999 -9999 -9999 -9999 -9999 -9999 -9999 -9999 450 441 434 427 433 439 434 425 409 400 385 360 336 305 283 267 252 237 227 217 208 199 196 196 196 196 200 203 206 213 208 219 210 197 195 194 182 173 169 149 131 120 112 116 122 125 128 130 133 137 139 140 142 144 146 152 156 158 162 165 167 171 174 183 188 187 185 180
-9999 -9999 -9999 -9999 -9999 -9999 -9999 -9999 -9999 -9999 -9999 -9999 -9999 -9999 -9999 -9999 -9999 -9999 -9999 -9999 426 418 417 429 444 439 438 427 425 421 417 402 391 360 331 318 301 285 267 247 233 217 204 193 181 177 170 170 178 184 180 182 194 194 198 194 192 194 183 174 168 166 166 151 137 123 115 116 121 124 126 130 133 136 140 143 145 148 152 153 160 166 171 175 179 180 182 186 189 189 187 183
-9999 -9999 -9999 -9999 -9999 -9999 -9999 -9999 -9999 -9999 -9999 -9999 -9999 -9999 -9999 -9999 -9999 479 454 447 436 434 429 449 448 439 424 412 401 384 382 356 350 328 306 296 276 257 248 228 213 204 189 177 172 159 153 150 150 158 162 165 175 180 179 178 175 172 165 161 160 155 149 142 135 127 121 121 123 125 127 131 134 140 140 144 146 148 153 158 162 170 175 179 181 185 189 192 193 190 -9999 -9999
-9999 -9999 -9999 -9999 -9999 -9999 -9999 -9999 -9999 -9999 -9999 -9999 -9999 -9999 -9999 -9999 508 553 512 484 469 458 432 458 446 424 402 392 370 353 332 325 316 301 286 268 257 244 230 217 200 182 169 163 150 137 129 129 131 137 142 151 163 163 160 160 165 163 157 155 156 154 153 149 140 132 125 126 127 128 131 135 136 137 139 145 147 151 155 163 168 172 176 180 180 185 196 195 195 -9999 -9999 -9999
-9999 -9999 -9999 -9999 -9999 -9999 -9999 -9999 -9999 -9999 -9999 -9999 -9999 553 561 563 529 520 501 491 496 467 465 453 435 406 395 366 349 332 312 295 297 290 277 261 249 231 221 208 192 171 148 136 126 115 113 124 123 124 128 131 141 149 152 150 150 151 148 149 146 146 145 144 146 136 132 129 130 129 132 132 136 140 146 148 151 152 156 163 171 175 179 183 180 202 208 -9999 -9999 -9999 -9999 -9999
-9999 -9999 -9999 -9999 -9999 -9999 -9999 -9999 -9999 -9999 578 580 587 589 582 575 585 580 561 537 528 486 459 450 416 404 380 363 313 298 292 274 267 259 248 242 217 212 202 198 174 157 137 123 115 110 117 123 116 120 115 119 134 139 142 145 146 148 150 150 148 150 145 143 137 140 141 140 135 132 132 135 139 142 147 152 154 160 164 170 174 176 178 182 185 204 -9999 -9999 -9999 -9999 -9999 -9999
-9999 -9999 -9999 -9999 -9999 -9999 -9999 -9999 -9999 -9999 607 604 616 626 654 633 602 602 581 567 527 496 481 447 416 400 356 355 340 313 282 262 246 228 213 209 213 206 193 164 155 145 134 117 111 108 109 113 110 106 104 114 126 130 136 134 139 143 145 149 144 146 145 141 138 137 138 138 138 136 135 137 140 145 146 150 155 159 164 170 173 176 178 180 185 201 -9999 -9999 -9999 -9999 -9999 -9999
-9999 -9999 -9999 -9999 -9999 -9999 -9999 -9999 -9999 612 608 652 660 676 666 647 636 598 577 534 537 509 467 446 422 396 345 288 276 252 254 234 219 202 195 183 182 198 196 185 158 142 135 130 118 102 101 108 110 107 101 106 112 118 122 125 132 138 137 146 146 146 145 144 142 144 144 142 144 144 142 141 142 143 144 147 153 159 161 164 169 174 172 171 175 -9999 -9999 -9999 -9999 -9999 -9999 -9999
-9999 -9999 -9999 -9999 -9999 -9999 -9999 -9999 -9999 590 647 672 706 717 714 684 657 647 576 582 550 527 492 453 408 377 346 339 314 272 231 250 249 199 171 166 161 150 156 153 150 140 130 118 108 107 104 102 103 101 103 111 118 119 124 128 131 130 131 133 140 144 146 148 146 146 149 147 147 145 143 143 145 146 146 150 151 156 164 165 167 169 168 168 168 -9999 -9999 -9999 -9999 -9999 -9999 -9999
-9999 -9999 -9999 -9999 -9999 -9999 -9999 -9999 552 588 634 681 688 698 683 697 682 656 610 573 578 511 470 423 401 340 309 324 303 311 295 282 246 197 191 158 163 148 138 135 130 134 140 130 119 109 103 101 109 108 109 116 114 126 130 139 140 134 133 134 137 144 149 152 152 152 153 151 149 145 144 142 142 148 150 154 159 159 162 169 169 167 165 164 166 -9999 -9999 -9999 -9999 -9999 -9999 -9999
-9999 -9999 -9999 -9999 -9999 -9999 -9999 -9999 -9999 598 646 703 694 704 699 696 679 671 647 603 551 512 450 419 353 347 326 280 301 279 262 250 222 207 175 157 155 160 144 143 139 126 132 135 130 118 108 106 110 110 109 111 117 121 130 133 139 138 135 136 140 143 147 149 149 154 154 155 153 147 143 145 144 145 149 150 152 158 159 165 166 164 163 -9999 -9999 -9999 -9999 -9999 -9999 -9999 -9999 -9999
-9999 -9999 -9999 -9999 -9999 -9999 -9999 -9999 522 580 630 685 711 730 738 736 725 690 656 585 552 491 447 401 367 319 286 300 272 242 243 228 182 161 164 160 159 152 145 140 132 124 126 137 130 130 125 111 108 113 115 118 127 125 129 133 137 143 143 141 141 143 144 146 146 150 152 149 148 147 144 147 147 148 149 155 158 158 158 161 162 162 161 161 -9999 -9999 -9999 -9999 -9999 -9999 -9999 -9999
-9999 -9999 -9999 -9999 -9999 -9999 -9999 -9999 520 580 644 681 701 712 740 760 736 700 663 590 560 506 447 408 365 332 313 295 277 274 246 191 166 151 137 149 149 149 154 146 140 134 122 124 125 123 123 119 113 117 122 126 128 132 133 134 139 145 147 146 146 145 146 149 150 149 144 143 148 148 148 147 149 150 150 158 161 163 164 165 162 162 161 -9999 -9999 -9999 -9999 -9999 -9999 -9999 -9999 -9999
-9999 -9999 -9999 -9999 -9999 -9999 -9999 -9999 526 565 618 690 743 790 812 791 760 718 660 617 557 512 459 423 394 362 332 308 293 249 217 208 180 161 153 142 144 140 144 142 136 137 136 126 119 118 122 125 121 122 126 131 132 135 136 139 144 144 148 148 148 151 149 147 151 153 150 146 145 145 147 148 148 148 149 158 160 158 160 159 159 162 162 162 -9999 -9999 -9999 -9999 -9999 -9999 -9999 -9999
-9999 -9999 -9999 -9999 -9999 -9999 -9999 -9999 493 538 572 625 761 769 798 811 770 721 665 596 548 510 472 445 405 353 326 290 268 250 212 187 159 149 152 163 153 144 143 146 143 138 140 136 127 121 119 124 130 134 134 136 138 138 141 146 144 147 151 151 149 150 151 151 153 157 158 156 153 151 152 152 148 145 145 148 154 157 158 158 158 161 162 161 -9999 -9999 -9999 -9999 -9999 -9999 -9999 -9999
-9999 -9999 -9999 -9999 -9999 -9999 -9999 -9999 494 506 547 596 652 764 828 825 788 745 666 605 553 500 471 429 421 366 325 304 256 218 196 179 173 159 143 158 161 163 147 145 148 144 147 150 149 150 146 140 146 150 149 143 142 145 151 154 152 152 148 152 156 156 154 155 158 159 159 162 160 157 155 155 150 143 144 151 153 154 154 154 155 158 160 159 156 152 148 146 -9999 -9999 167 -9999
-9999 -9999 -9999 -9999 -9999 -9999 -9999 -9999 -9999 489 520 577 692 768 800 812 777 735 672 590 544 515 456 418 373 343 297 271 261 233 208 188 176 177 180 159 157 159 165 164 154 155 151 162 169 168 163 159 160 155 157 154 150 153 153 156 157 153 151 152 155 158 158 161 163 164 165 164 166 165 170 164 155 150 148 149 152 154 154 154 154 155 155 154 152 149 147 145 144 142 141 -9999
-9999 -9999 -9999 -9999 -9999 -9999 -9999 -9999 -9999 472 496 574 647 722 762 799 758 681 652 607 569 520 474 439 396 344 305 274 258 246 229 213 191 174 168 172 175 161 155 157 158 156 164 173 177 180 180 175 170 164 162 162 155 158 157 161 157 156 152 156 153 156 159 163 166 173 172 173 174 172 171 169 163 158 157 153 152 153 152 152 150 151 151 150 148 146 144 144 142 140 139 137
-9999 -9999 -9999 -9999 -9999 -9999 -9999 -9999 -9999 -9999 476 507 563 664 690 765 700 681 652 585 561 527 488 439 393 342 305 280 255 243 236 221 190 194 164 167 161 157 157 159 155 156 174 177 180 183 184 181 176 174 172 170 162 161 160 164 161 158 153 155 155 153 156 162 166 167 173 177 180 182 178 171 165 159 158 158 154 151 149 147 145 146 146 144 143 141 141 141 139 138 137 135
-9999 -9999 -9999 -9999 -9999 -9999 -9999 -9999 -9999 -9999 468 488 573 591 655 693 676 664 615 569 543 502 484 431 382 343 334 285 253 245 234 226 190 180 179 180 165 167 164 161 175 167 169 170 172 182 183 184 182 179 177 171 165 161 159 161 162 158 153 153 155 152 158 163 164 167 170 172 176 177 179 177 170 166 159 156 154 148 144 140 139 140 141 140 138 136 136 136 136 135 135 134
-9999 -9999 -9999 -9999 -9999 -9999 -9999 -9999 -9999 -9999 -9999 472 506 544 579 636 651 641 611 571 519 509 468 413 354 305 292 280 234 234 240 218 205 193 170 183 181 175 171 166 173 163 166 168 170 178 184 182 182 182 179 176 169 163 160 158 161 159 153 150 149 153 156 158 160 164 167 169 172 176 169 169 165 162 158 157 155 147 140 134 133 133 135 135 134 133 132 133 133 132 133 132
-9999 -9999 -9999 -9999 -9999 -9999 -9999 -9999 -9999 -9999 -9999 440 462 507 557 603 627 619 611 576 530 491 459 413 360 360 288 237 232 221 214 207 214 194 178 171 184 186 178 181 174 168 167 170 169 174 180 182 185 184 183 178 174 173 166 157 156 152 151 148 146 146 148 152 155 158 165 168 170 166 165 160 159 158 155 153 150 142 135 129 130 131 132 132 132 131 131 130 130 131 132 131
-9999 -9999 -9999 -9999 -9999 -9999 -9999 -9999 -9999 -9999 -9999 403 425 447 510 568 603 615 593 569 543 507 475 423 366 347 287 245 225 207 205 200 201 204 180 179 197 196 198 183 175 169 167 166 168 172 179 180 185 187 182 178 176 175 170 166 156 151 148 145 143 142 143 145 150 155 159 163 165 165 159 156 155 153 151 148 145 140 135 132 130 130 131 131 130 129 129 128 128 129 129 130
-9999 -9999 -9999 -9999 -9999 -9999 -9999 -9999 -9999 343 -9999 361 377 412 481 552 577 590 592 566 544 510 471 429 367 346 296 261 236 245 221 230 213 208 191 185 181 182 188 179 176 170 168 166 168 170 174 182 189 190 186 183 178 174 170 163 155 151 145 141 140 138 139 141 145 152 155 159 161 155 149 152 150 148 147 145 144 141 138 136 135 135 134 133 131 129 128 128 128 129 129 131
-9999 -9999 -9999 -9999 -9999 -9999 -9999 -9999 -9999 -9999 -9999 335 323 416 475 528 548 580 583 560 544 496 480 444 392 330 317 280 252 246 234 232 229 212 201 196 188 184 182 177 174 173 175 -9999 165 168 174 182 187 195 193 188 184 177 172 164 154 148 144 141 138 137 137 139 142 149 153 157 156 154 150 150 149 148 146 144 142 142 140 138 138 138 137 135 133 130 128 128 127 128 130 -9999
-9999 -9999 -9999 -9999 -9999 -9999 -9999 -9999 -9999 -9999 -9999 -9999 -9999 370 435 478 534 556 569 563 531 500 475 444 405 351 309 301 276 257 241 227 231 218 206 195 187 183 179 172 170 -9999 -9999 -9999 -9999 -9999 173 181 195 197 197 193 186 181 172 162 153 146 141 137 134 134 135 137 142 147 154 157 162 157 155 151 148 145 143 142 142 140 139 139 140 142 140 137 133 129 127 126 126 127 128 -9999
-9999 -9999 -9999 -9999 -9999 -9999 -9999 -9999 -9999 -9999 -9999 -9999 -9999 313 400 432 484 524 542 536 514 499 478 452 408 374 333 320 293 274 258 247 239 226 209 197 189 -9999 -9999 -9999 -9999 -9999 -9999 -9999 -9999 -9999 174 180 191 194 196 194 191 187 172 163 155 148 141 136 133 132 134 137 141 147 150 155 155 152 153 148 143 140 139 140 143 142 141 141 142 144 142 138 132 130 127 123 -9999 -9999 -9999 -9999
-9999 -9999 -9999 -9999 -9999 -9999 -9999 -9999 -9999 -9999 -9999 -9999 -9999 320 362 398 434 494 504 510 497 485 470 451 407 377 346 339 321 295 281 267 245 226 213 -9999 -9999 -9999 -9999 -9999 -9999 -9999 -9999 -9999 -9999 -9999 -9999 177 183 190 194 194 193 186 177 170 161 152 144 136 135 135 138 137 139 144 146 146 146 146 146 141 138 137 137 136 137 136 137 139 141 142 141 -9999 -9999 -9999 -9999 -9999 -9999 -9999 -9999 -9999
-9999 -9999 -9999 -9999 -9999 -9999 -9999 -9999 -9999 -9999 -9999 -9999 -9999 -9999 -9999 362 401 431 467 476 483 470 461 431 404 384 369 355 347 336 315 276 247 228 -9999 -9999 -9999 -9999 -9999 -9999 -9999 -9999 -9999 -9999 -9999 -9999 -9999 172 178 183 190 194 193 190 185 180 173 163 150 139 138 142 150 141 140 144 143 143 144 143 141 138 134 132 133 135 137 137 137 138 138 138 -9999 -9999 -9999 -9999 -9999 -9999 -9999 -9999 -9999 -9999
