resultados/variables_proyeccion_tiempo/variables_futuro_csiro_A1B/bio16.asc
ncols 330
nrows 228
xllcorner -12.000000
yllcorner 34.000000
cellsize 0.166667
NODATA_value -9999
[rows 0 to 39 of 228, columns 184 to 275 of 330]
-9999 -9999 -9999 -9999 -9999 -9999 -9999 -9999 -9999 -9999 -9999 -9999 -9999 -9999 -9999 -9999 -9999 -9999 -9999 -9999 -9999 -9999 -9999 -9999 -9999 -9999 -9999 -9999 -9999 -9999 -9999 -9999 -9999 -9999 -9999 -9999 -9999 -9999 -9999 -9999 -9999 -9999 -9999 -9999 -9999 -9999 -9999 -9999 -9999 -9999 -9999 -9999 -9999 -9999 -9999 -9999 -9999 -9999 -9999 -9999 -9999 -9999 -9999 -9999 -9999 -9999 -9999 -9999 -9999 -9999 -9999 -9999 -9999 -9999 -9999 -9999 -9999 -9999 -9999 -9999 -9999 -9999 -9999 -9999 -9999 -9999 -9999 -9999 -9999 -9999 -9999 -9999
-9999 -9999 -9999 -9999 -9999 -9999 -9999 -9999 -9999 -9999 -9999 -9999 -9999 -9999 -9999 -9999 -9999 -9999 -9999 -9999 -9999 -9999 -9999 -9999 -9999 -9999 -9999 -9999 -9999 -9999 -9999 -9999 -9999 -9999 -9999 -9999 -9999 -9999 -9999 -9999 -9999 -9999 -9999 -9999 -9999 -9999 -9999 -9999 -9999 -9999 -9999 -9999 -9999 -9999 -9999 -9999 -9999 -9999 -9999 -9999 -9999 -9999 -9999 -9999 -9999 -9999 -9999 -9999 -9999 -9999 -9999 -9999 -9999 -9999 -9999 -9999 -9999 -9999 -9999 -9999 -9999 -9999 -9999 -9999 -9999 -9999 -9999 -9999 -9999 -9999 -9999 -9999
-9999 -9999 -9999 -9999 -9999 -9999 -9999 -9999 -9999 -9999 -9999 -9999 -9999 -9999 -9999 -9999 -9999 -9999 -9999 -9999 -9999 -9999 -9999 -9999 -9999 -9999 -9999 -9999 -9999 -9999 -9999 -9999 -9999 -9999 -9999 -9999 -9999 -9999 -9999 -9999 -9999 -9999 -9999 -9999 -9999 -9999 -9999 -9999 -9999 -9999 -9999 -9999 -9999 -9999 -9999 -9999 -9999 -9999 -9999 -9999 -9999 -9999 -9999 -9999 -9999 -9999 -9999 -9999 -9999 -9999 -9999 -9999 -9999 -9999 -9999 -9999 -9999 -9999 -9999 -9999 -9999 -9999 -9999 -9999 -9999 -9999 -9999 -9999 -9999 -9999 -9999 -9999
-9999 -9999 -9999 -9999 -9999 -9999 -9999 -9999 -9999 -9999 -9999 -9999 -9999 -9999 -9999 -9999 -9999 -9999 -9999 -9999 -9999 -9999 -9999 -9999 -9999 -9999 -9999 -9999 -9999 -9999 -9999 -9999 -9999 -9999 -9999 -9999 -9999 -9999 -9999 -9999 -9999 -9999 -9999 -9999 -9999 -9999 -9999 -9999 -9999 -9999 -9999 -9999 -9999 -9999 -9999 -9999 -9999 -9999 -9999 -9999 -9999 -9999 -9999 -9999 -9999 -9999 -9999 -9999 -9999 -9999 -9999 -9999 -9999 -9999 -9999 -9999 -9999 -9999 -9999 -9999 -9999 -9999 -9999 -9999 -9999 -9999 -9999 -9999 -9999 -9999 -9999 -9999
-9999 -9999 -9999 -9999 -9999 -9999 -9999 -9999 -9999 -9999 -9999 -9999 -9999 -9999 -9999 -9999 -9999 -9999 -9999 -9999 -9999 -9999 -9999 -9999 -9999 -9999 -9999 -9999 -9999 -9999 -9999 -9999 -9999 -9999 -9999 -9999 -9999 -9999 -9999 -9999 -9999 -9999 -9999 -9999 -9999 -9999 -9999 -9999 -9999 -9999 -9999 -9999 -9999 -9999 -9999 -9999 -9999 -9999 -9999 -9999 -9999 -9999 -9999 -9999 -9999 -9999 -9999 -9999 -9999 -9999 -9999 -9999 -9999 -9999 -9999 -9999 -9999 -9999 -9999 -9999 -9999 -9999 -9999 -9999 -9999 -9999 -9999 -9999 -9999 -9999 -9999 -9999
-9999 -9999 -9999 -9999 -9999 -9999 -9999 -9999 -9999 -9999 -9999 -9999 -9999 -9999 -9999 -9999 -9999 -9999 -9999 -9999 -9999 -9999 -9999 -9999 -9999 -9999 -9999 -9999 -9999 -9999 -9999 293 291 -9999 -9999 257 250 236 232 229 224 217 211 209 205 202 -9999 -9999 -9999 -9999 -9999 201 198 208 205 207 208 203 -9999 -9999 -9999 -9999 -9999 -9999 -9999 -9999 -9999 -9999 -9999 -9999 -9999 -9999 -9999 -9999 -9999 -9999 -9999 -9999 -9999 -9999 -9999 -9999 -9999 -9999 -9999 -9999 -9999 -9999 -9999 -9999 -9999 -9999
-9999 -9999 -9999 -9999 -9999 -9999 -9999 -9999 -9999 -9999 -9999 -9999 -9999 -9999 -9999 -9999 -9999 -9999 -9999 -9999 -9999 -9999 -9999 -9999 -9999 -9999 227 254 -9999 -9999 -9999 286 280 258 259 249 242 232 228 219 215 213 202 203 199 -9999 205 200 194 -9999 201 196 201 209 212 213 216 216 215 204 215 214 210 -9999 -9999 -9999 -9999 -9999 -9999 -9999 -9999 -9999 -9999 -9999 -9999 -9999 -9999 -9999 -9999 -9999 -9999 -9999 -9999 -9999 -9999 -9999 -9999 -9999 -9999 -9999 -9999 -9999
-9999 -9999 -9999 -9999 -9999 -9999 -9999 -9999 -9999 -9999 -9999 -9999 -9999 -9999 -9999 -9999 -9999 -9999 -9999 -9999 -9999 -9999 259 222 206 202 226 241 253 259 260 258 257 250 248 234 231 227 222 215 208 204 199 192 201 209 207 205 194 -9999 202 207 210 214 217 215 212 219 -9999 219 220 225 224 219 218 228 226 231 229 -9999 -9999 -9999 -9999 -9999 -9999 -9999 -9999 -9999 -9999 -9999 -9999 -9999 -9999 -9999 -9999 -9999 -9999 -9999 -9999 -9999 -9999 -9999
-9999 -9999 -9999 -9999 -9999 -9999 -9999 -9999 -9999 -9999 -9999 -9999 -9999 -9999 -9999 -9999 -9999 -9999 -9999 282 266 243 232 208 197 204 220 222 237 241 251 249 245 237 234 221 215 210 208 206 200 -9999 194 198 207 205 210 199 -9999 -9999 205 209 212 218 218 222 224 219 223 227 230 231 223 228 232 230 228 233 232 230 222 214 -9999 -9999 -9999 -9999 -9999 -9999 -9999 -9999 -9999 -9999 -9999 -9999 -9999 -9999 -9999 -9999 -9999 -9999 -9999 -9999
-9999 -9999 -9999 -9999 -9999 -9999 -9999 -9999 -9999 -9999 -9999 -9999 -9999 -9999 -9999 -9999 270 -9999 206 -9999 220 -9999 198 192 193 207 215 224 230 232 233 234 231 223 215 209 204 202 197 191 195 197 201 205 211 213 205 199 202 204 210 216 219 219 214 210 207 211 217 220 227 230 230 229 235 242 237 236 234 232 225 216 210 213 218 -9999 -9999 -9999 -9999 -9999 -9999 -9999 -9999 -9999 -9999 -9999 -9999 -9999 -9999 -9999 -9999 -9999
-9999 482 459 448 -9999 378 362 334 -9999 299 283 281 284 -9999 -9999 275 256 221 192 196 194 191 196 192 196 198 210 217 211 221 224 221 215 209 207 208 204 197 190 192 208 208 218 216 216 213 215 213 209 211 214 217 217 215 213 211 209 214 215 221 227 228 225 227 235 239 242 240 230 224 218 215 209 211 219 -9999 -9999 -9999 -9999 -9999 -9999 -9999 -9999 -9999 -9999 -9999 -9999 -9999 -9999 -9999 -9999 -9999
499 494 472 453 417 393 352 331 312 -9999 286 279 275 268 -9999 232 230 204 197 181 190 188 191 193 199 190 187 195 205 209 213 216 208 205 211 214 208 200 192 210 223 224 223 231 228 236 230 223 218 217 217 215 211 211 210 212 211 215 215 218 218 220 223 224 224 231 231 226 223 221 213 -9999 -9999 -9999 -9999 -9999 -9999 -9999 -9999 -9999 -9999 -9999 -9999 -9999 -9999 -9999 -9999 -9999 -9999 -9999 -9999 -9999
493 490 470 443 415 382 354 337 304 295 283 269 262 254 230 223 210 192 179 177 184 195 201 208 200 198 188 187 191 201 208 211 210 211 221 226 227 205 201 211 222 221 230 237 232 226 216 218 214 210 213 214 215 218 219 214 214 221 225 226 228 229 231 229 228 228 226 224 225 226 -9999 -9999 -9999 -9999 -9999 -9999 -9999 -9999 -9999 249 252 249 246 -9999 -9999 -9999 -9999 -9999 -9999 -9999 -9999 -9999
475 476 452 425 392 363 346 316 301 289 -9999 265 248 237 214 205 217 206 194 192 186 190 198 205 202 202 201 198 203 207 207 211 211 210 214 219 217 209 206 207 211 216 218 218 220 219 222 218 215 209 212 217 216 219 223 220 221 221 224 226 223 222 224 223 224 224 225 222 221 225 221 223 224 220 226 223 222 -9999 238 241 244 244 238 231 229 226 223 -9999 -9999 -9999 -9999 -9999
437 428 408 390 361 341 319 301 285 269 251 245 240 235 220 196 203 220 209 219 217 208 201 203 205 210 211 206 204 207 208 210 208 209 210 213 215 214 210 210 213 215 215 216 222 224 225 219 215 214 211 212 216 218 219 220 219 218 218 218 218 219 220 221 225 228 227 224 223 222 225 227 229 223 221 219 226 228 229 229 229 233 229 230 229 230 226 -9999 -9999 -9999 -9999 -9999
387 379 367 351 325 310 291 279 264 241 248 238 243 223 221 212 206 202 201 207 209 210 203 198 204 211 204 204 204 202 206 208 207 206 208 208 209 208 206 208 212 213 212 216 219 220 219 216 214 213 212 211 213 213 214 215 216 215 215 217 218 221 224 225 224 222 222 222 222 228 235 233 228 223 221 228 228 227 228 230 228 227 227 228 226 224 224 226 220 -9999 -9999 -9999
340 330 324 313 291 279 268 254 248 241 228 219 224 229 227 226 220 214 208 201 200 202 200 198 196 205 204 203 202 199 202 205 208 208 207 208 205 206 209 213 213 212 213 218 221 219 216 215 212 209 207 207 208 210 210 210 210 212 214 215 219 219 219 217 221 222 229 228 230 231 233 230 230 230 227 229 233 231 230 228 226 228 228 228 225 225 224 222 218 219 218 221
301 293 283 277 267 257 252 248 240 228 219 216 198 210 217 218 210 204 204 202 200 198 199 200 197 196 195 197 201 204 204 207 206 206 206 206 207 211 210 210 211 210 211 215 218 217 217 214 211 208 205 205 204 204 206 208 209 211 212 216 218 217 216 218 222 226 228 227 229 229 229 230 231 232 235 233 230 228 229 229 228 228 228 232 232 228 224 223 219 219 220 221
278 268 263 260 253 237 233 234 233 223 216 209 203 195 203 208 210 209 206 201 197 195 198 199 198 196 195 199 203 207 208 208 208 208 209 210 210 210 212 211 210 210 209 210 211 208 207 206 205 206 205 203 202 202 204 206 208 211 214 216 217 216 219 220 223 225 225 226 230 229 228 229 229 232 229 230 229 232 233 230 232 232 232 229 231 231 225 228 228 226 223 224
258 254 255 253 246 237 223 230 227 226 216 213 211 211 208 202 200 206 208 205 203 197 199 201 202 200 199 198 201 204 208 210 211 212 213 214 213 212 211 211 211 212 218 214 210 207 206 211 211 211 208 207 204 203 206 208 212 216 219 220 222 220 221 222 223 224 225 226 227 226 225 226 224 225 227 225 228 231 229 226 227 227 231 231 230 232 229 232 232 230 229 230
258 248 237 235 237 233 223 220 224 219 215 211 209 207 207 209 209 205 200 198 199 193 195 198 200 198 199 198 199 202 210 208 208 211 212 214 214 214 213 212 213 214 215 217 214 213 213 213 213 212 210 206 206 207 212 212 214 218 222 217 219 220 222 222 223 223 226 225 227 229 227 225 226 226 224 225 227 226 227 228 228 234 237 238 239 238 233 232 234 235 230 231
210 214 220 231 238 225 212 215 215 216 217 217 213 209 207 207 205 203 204 199 194 194 195 197 196 196 196 194 198 200 203 203 204 206 208 210 212 213 213 214 213 214 213 213 211 210 210 210 212 211 213 212 216 217 216 215 217 218 221 224 223 227 230 230 231 229 232 239 235 236 230 230 234 232 232 231 229 229 233 236 235 236 244 240 239 237 240 234 234 236 238 240
254 250 239 230 218 208 207 204 204 210 216 215 214 214 211 209 203 201 201 198 198 199 201 200 198 196 194 195 198 202 211 207 204 208 209 209 210 210 214 213 213 214 214 214 211 211 211 210 211 212 212 214 216 220 220 224 229 229 233 231 229 234 232 231 233 233 235 231 230 230 229 228 233 246 241 240 241 237 240 243 244 243 246 241 244 243 239 238 238 240 242 241
270 265 240 233 231 224 213 211 212 210 209 211 210 210 209 210 204 198 197 198 199 198 200 203 201 198 196 196 197 198 202 205 209 203 204 204 205 206 208 208 211 212 213 211 210 210 210 210 210 211 212 213 216 217 218 220 222 223 225 226 227 228 232 232 232 232 230 232 232 229 228 230 232 234 236 245 247 252 246 248 247 248 257 246 241 242 243 242 243 245 244 243
251 231 234 226 223 222 217 217 218 218 212 211 207 206 202 199 201 200 199 197 195 196 198 200 200 199 198 197 196 198 202 204 205 206 205 203 201 202 203 204 206 208 213 214 213 213 213 210 209 211 214 214 214 215 217 220 222 223 225 225 225 226 229 232 235 234 234 234 231 230 234 237 238 239 245 241 242 244 248 252 254 249 269 259 248 243 243 243 249 252 254 250
251 250 237 228 223 224 223 219 221 224 224 219 212 205 203 198 197 195 195 195 195 195 195 196 196 197 197 197 197 200 201 205 203 204 203 201 201 201 203 204 206 208 210 211 211 212 210 208 208 210 212 214 214 215 218 220 223 222 223 223 222 225 228 229 234 239 239 237 232 232 232 236 242 239 237 239 240 244 244 243 241 243 264 253 247 244 244 256 274 276 277 258
240 232 233 231 225 221 223 222 225 225 223 223 217 211 208 207 202 199 198 195 193 193 194 193 195 198 200 199 197 199 202 201 201 204 201 202 202 201 201 204 205 206 208 209 209 210 209 209 208 210 211 213 213 214 219 219 222 222 221 220 222 224 227 230 234 238 239 239 240 241 241 241 240 239 238 238 238 237 236 237 238 240 242 241 243 244 244 246 252 257 261 257
236 233 229 226 224 226 224 227 228 230 229 225 219 216 211 208 204 202 202 199 196 193 192 192 194 195 196 194 195 197 198 200 200 200 201 202 201 203 204 206 207 208 209 211 211 213 211 209 210 211 214 215 214 214 216 219 218 218 221 223 228 228 230 232 233 237 238 237 239 243 246 240 239 244 246 250 247 241 242 238 236 235 236 239 243 246 243 244 243 240 236 232
263 243 231 231 226 226 223 222 225 223 224 223 221 219 215 211 205 203 206 203 197 193 193 191 192 194 194 195 196 198 198 199 199 201 202 202 202 202 205 206 208 209 210 211 213 215 213 213 213 214 217 214 213 214 217 217 218 219 221 222 225 228 230 229 233 233 234 235 238 240 246 247 245 247 249 251 247 243 238 238 235 230 231 239 244 247 249 243 236 232 229 225
252 252 242 233 228 224 222 223 226 223 224 224 218 214 210 207 205 202 201 199 201 195 193 192 194 196 198 198 198 198 198 198 200 201 203 203 204 203 202 205 210 209 210 212 214 213 212 214 217 220 220 218 215 216 218 219 222 227 225 223 223 225 228 230 231 235 234 235 239 238 238 239 240 241 239 246 248 243 235 228 224 222 224 233 236 244 238 236 228 225 224 219
242 238 234 231 232 232 225 229 223 223 224 222 221 219 215 208 203 200 200 196 197 198 197 195 193 195 196 200 198 197 195 195 199 202 201 203 205 203 205 205 205 209 211 214 213 213 214 216 217 218 220 219 217 218 219 221 223 224 225 224 225 228 233 232 234 235 240 240 237 231 229 231 230 229 235 230 233 228 228 225 222 225 222 222 -9999 233 239 234 226 222 219 215
245 239 233 228 228 230 227 223 219 219 222 224 221 217 214 213 210 206 203 198 195 194 198 196 194 195 196 198 202 200 198 197 201 202 201 203 203 205 208 206 205 207 211 213 212 211 214 214 216 220 222 221 220 220 222 224 224 228 232 233 234 236 236 240 240 242 241 238 234 230 226 225 226 226 229 233 225 224 222 220 219 219 222 222 220 220 -9999 222 221 216 215 212
255 244 240 235 232 229 226 224 220 219 214 219 219 216 214 214 213 211 207 202 198 194 194 196 196 197 199 200 201 202 202 202 205 205 204 204 205 206 206 207 207 208 210 211 210 211 213 213 215 218 220 221 222 224 225 225 228 232 234 234 236 236 235 236 238 240 238 238 238 236 231 226 225 224 225 227 229 226 223 222 220 219 221 223 221 220 220 218 216 214 -9999 -9999
257 254 248 245 243 237 233 231 223 216 212 209 212 212 212 211 210 209 203 206 204 198 197 198 199 199 202 204 205 204 206 208 207 208 207 209 208 207 206 206 205 209 212 212 210 211 211 212 215 218 222 222 226 231 233 231 232 234 236 238 238 235 235 235 236 238 236 238 240 239 232 228 225 225 229 228 228 229 225 224 223 221 221 221 223 222 219 218 217 214 -9999 -9999
250 252 252 252 248 243 237 232 226 218 214 212 208 208 210 211 207 205 198 201 202 203 202 202 203 203 205 207 207 207 208 209 210 211 211 209 208 206 205 205 206 209 211 212 214 216 215 217 219 218 222 224 228 233 234 233 234 236 238 240 236 236 237 239 237 236 237 239 239 239 234 230 227 228 227 228 230 228 226 225 225 225 224 224 223 222 220 218 216 214 212 209
245 246 243 242 240 236 231 225 222 219 218 215 210 206 209 210 208 204 200 201 201 203 203 204 204 206 208 209 209 208 209 210 212 212 210 209 207 206 204 204 206 208 211 213 214 214 216 218 219 221 224 226 230 233 236 238 236 238 237 237 239 241 240 241 241 239 240 239 238 239 237 231 227 226 226 227 228 228 227 227 227 226 226 225 224 224 222 220 218 216 214 210
245 245 241 239 234 235 230 225 217 214 214 215 215 211 212 207 205 204 202 203 202 202 202 204 205 207 208 209 209 210 210 212 214 214 211 209 207 206 207 206 205 207 210 211 213 215 217 218 219 223 224 225 228 232 238 238 237 237 238 241 242 243 242 239 240 240 240 239 239 239 236 237 233 230 228 226 227 227 227 227 228 227 227 226 224 223 223 220 217 215 213 211
248 244 245 242 238 234 233 228 225 221 217 210 212 209 211 209 209 205 204 204 204 203 201 205 206 208 209 210 209 208 210 212 215 215 211 208 206 205 205 204 205 206 208 211 213 216 218 219 221 224 222 225 228 236 237 240 240 240 238 240 242 242 242 241 241 240 242 241 239 237 235 234 234 231 229 228 228 226 226 226 226 227 228 226 225 223 222 220 217 214 212 210
249 247 245 239 239 237 233 233 233 228 223 219 217 214 211 209 210 208 207 206 206 206 206 207 208 209 -9999 -9999 -9999 -9999 -9999 -9999 -9999 -9999 -9999 -9999 206 203 202 202 203 206 208 210 212 215 217 220 222 224 224 226 230 233 237 237 239 238 241 242 243 242 242 242 242 241 241 240 238 236 233 233 234 234 232 231 231 230 229 228 227 227 228 228 226 224 222 220 217 215 212 209
248 248 245 242 239 236 234 233 232 230 229 228 225 219 214 211 211 210 209 208 -9999 208 210 209 210 -9999 -9999 -9999 -9999 -9999 -9999 -9999 -9999 -9999 -9999 -9999 -9999 -9999 -9999 201 202 204 206 209 212 215 218 221 223 224 226 229 231 234 236 237 241 242 243 244 245 244 243 242 241 240 241 240 238 237 234 233 233 234 233 233 233 232 232 232 231 229 229 228 227 226 224 222 220 217 212 208
