resultados/variables_proyeccion_tiempo/variables_futuro_csiro_A1B/bio11.asc
ncols 330
nrows 228
xllcorner -12.000000
yllcorner 34.000000
cellsize 0.166667
NODATA_value -9999
[rows 144 to 191 of 228, columns 0 to 95 of 330]
-9999 -9999 -9999 -9999 -9999 -9999 -9999 -9999 -9999 -9999 -9999 -9999 -9999 -9999 -9999 -9999 -9999 -9999 -9999 -9999 -9999 -9999 -9999 -9999 -9999 -9999 -9999 -9999 -9999 -9999 -9999 -9999 -9999 -9999 -9999 -9999 -9999 -9999 -9999 -9999 -9999 -9999 -9999 -9999 -9999 82 81 81 78 76 76 75 74 73 73 72 71 73 70 69 68 68 67 67 66 66 66 65 64 63 62 62 61 60 58 56 56 56 55 57 56 56 56 56 56 56 56 57 58 56 55 55 57 57 54 52
-9999 -9999 -9999 -9999 -9999 -9999 -9999 -9999 -9999 -9999 -9999 -9999 -9999 -9999 -9999 -9999 -9999 -9999 -9999 -9999 -9999 -9999 -9999 -9999 -9999 -9999 -9999 -9999 -9999 -9999 -9999 -9999 -9999 -9999 -9999 -9999 -9999 -9999 -9999 -9999 -9999 -9999 -9999 -9999 -9999 85 84 -9999 81 80 79 79 79 77 75 73 72 73 73 72 71 69 68 67 66 66 67 66 65 65 64 63 61 61 59 60 59 59 58 58 57 58 57 57 57 57 57 56 56 55 54 52 54 55 52 51
-9999 -9999 -9999 -9999 -9999 -9999 -9999 -9999 -9999 -9999 -9999 -9999 -9999 -9999 -9999 -9999 -9999 -9999 -9999 -9999 -9999 -9999 -9999 -9999 -9999 -9999 -9999 -9999 -9999 -9999 -9999 -9999 -9999 -9999 -9999 -9999 -9999 -9999 -9999 -9999 -9999 -9999 -9999 -9999 -9999 -9999 -9999 -9999 -9999 -9999 -9999 -9999 79 79 78 78 76 74 74 73 71 70 69 68 67 66 67 66 67 67 65 63 62 62 61 60 58 60 59 59 59 59 58 57 57 56 55 54 55 55 53 52 52 54 54 50
-9999 -9999 -9999 -9999 -9999 -9999 -9999 -9999 -9999 -9999 -9999 -9999 -9999 -9999 -9999 -9999 -9999 -9999 -9999 -9999 -9999 -9999 -9999 -9999 -9999 -9999 -9999 -9999 -9999 -9999 -9999 -9999 -9999 -9999 -9999 -9999 -9999 -9999 -9999 -9999 -9999 -9999 -9999 -9999 -9999 -9999 -9999 -9999 -9999 -9999 -9999 -9999 78 79 79 -9999 -9999 76 76 74 71 70 69 69 68 68 68 67 67 67 66 65 63 62 62 62 62 62 60 60 59 59 59 58 58 56 54 51 52 56 54 52 54 54 52 48
-9999 -9999 -9999 -9999 -9999 -9999 -9999 -9999 -9999 -9999 -9999 -9999 -9999 -9999 -9999 -9999 -9999 -9999 -9999 -9999 -9999 -9999 -9999 -9999 -9999 -9999 -9999 -9999 -9999 -9999 -9999 -9999 -9999 -9999 -9999 -9999 -9999 -9999 -9999 -9999 -9999 -9999 -9999 -9999 -9999 -9999 -9999 -9999 -9999 -9999 -9999 -9999 78 79 -9999 -9999 -9999 77 76 75 73 71 70 70 67 67 65 66 66 66 64 66 65 64 63 62 62 62 61 59 60 61 60 58 58 57 54 53 54 57 56 51 52 53 52 43
-9999 -9999 -9999 -9999 -9999 -9999 -9999 -9999 -9999 -9999 -9999 -9999 -9999 -9999 -9999 -9999 -9999 -9999 -9999 -9999 -9999 -9999 -9999 -9999 -9999 -9999 -9999 -9999 -9999 -9999 -9999 -9999 -9999 -9999 -9999 -9999 -9999 -9999 -9999 -9999 -9999 -9999 -9999 -9999 -9999 -9999 -9999 -9999 -9999 -9999 -9999 -9999 -9999 -9999 -9999 -9999 -9999 -9999 77 75 74 73 72 70 69 67 66 63 63 64 66 66 64 65 64 63 62 61 61 60 58 58 58 58 59 59 58 58 57 56 55 53 50 53 52 45
-9999 -9999 -9999 -9999 -9999 -9999 -9999 -9999 -9999 -9999 -9999 -9999 -9999 -9999 -9999 -9999 -9999 -9999 -9999 -9999 -9999 -9999 -9999 -9999 -9999 -9999 -9999 -9999 -9999 -9999 -9999 -9999 -9999 -9999 -9999 -9999 -9999 -9999 -9999 -9999 -9999 -9999 -9999 -9999 -9999 -9999 -9999 -9999 -9999 -9999 -9999 -9999 -9999 -9999 -9999 -9999 -9999 -9999 77 77 76 74 72 71 70 67 64 63 63 63 64 65 64 63 62 63 62 61 61 61 60 58 57 58 58 58 58 58 57 56 56 55 54 55 54 46
-9999 -9999 -9999 -9999 -9999 -9999 -9999 -9999 -9999 -9999 -9999 -9999 -9999 -9999 -9999 -9999 -9999 -9999 -9999 -9999 -9999 -9999 -9999 -9999 -9999 -9999 -9999 -9999 -9999 -9999 -9999 -9999 -9999 -9999 -9999 -9999 -9999 -9999 -9999 -9999 -9999 -9999 -9999 -9999 -9999 -9999 -9999 -9999 -9999 -9999 -9999 -9999 -9999 -9999 -9999 -9999 -9999 -9999 -9999 77 77 74 73 71 69 69 67 64 62 61 62 63 63 63 63 63 62 63 63 63 61 59 58 58 57 59 58 58 57 56 56 55 56 56 55 51
-9999 -9999 -9999 -9999 -9999 -9999 -9999 -9999 -9999 -9999 -9999 -9999 -9999 -9999 -9999 -9999 -9999 -9999 -9999 -9999 -9999 -9999 -9999 -9999 -9999 -9999 -9999 -9999 -9999 -9999 -9999 -9999 -9999 -9999 -9999 -9999 -9999 -9999 -9999 -9999 -9999 -9999 -9999 -9999 -9999 -9999 -9999 -9999 -9999 -9999 -9999 -9999 -9999 -9999 -9999 -9999 -9999 -9999 -9999 -9999 77 76 74 73 73 73 70 68 65 62 61 60 61 61 62 62 62 63 63 62 60 59 57 56 56 55 56 57 53 54 54 55 54 55 54 51
-9999 -9999 -9999 -9999 -9999 -9999 -9999 -9999 -9999 -9999 -9999 -9999 -9999 -9999 -9999 -9999 -9999 -9999 -9999 -9999 -9999 -9999 -9999 -9999 -9999 -9999 -9999 -9999 -9999 -9999 -9999 -9999 -9999 -9999 -9999 -9999 -9999 -9999 -9999 -9999 -9999 -9999 -9999 -9999 -9999 -9999 -9999 -9999 -9999 -9999 -9999 -9999 -9999 -9999 -9999 -9999 -9999 -9999 -9999 -9999 -9999 76 77 77 77 76 75 73 70 69 65 63 62 63 62 62 63 63 62 60 58 56 54 52 51 49 51 56 54 52 48 53 54 53 52 53
-9999 -9999 -9999 -9999 -9999 -9999 -9999 -9999 -9999 -9999 -9999 -9999 -9999 -9999 -9999 -9999 -9999 -9999 -9999 -9999 -9999 -9999 -9999 -9999 -9999 -9999 -9999 -9999 -9999 -9999 -9999 -9999 -9999 -9999 -9999 -9999 -9999 -9999 -9999 -9999 -9999 -9999 -9999 -9999 -9999 -9999 -9999 -9999 -9999 -9999 -9999 -9999 -9999 -9999 -9999 -9999 -9999 -9999 -9999 -9999 -9999 -9999 79 79 78 78 76 75 73 70 66 63 63 63 62 62 61 60 60 58 55 53 52 52 49 49 49 51 48 46 50 54 54 52 46 51
-9999 -9999 -9999 -9999 -9999 -9999 -9999 -9999 -9999 -9999 -9999 -9999 -9999 -9999 -9999 -9999 -9999 -9999 -9999 -9999 -9999 -9999 -9999 -9999 -9999 -9999 -9999 -9999 -9999 -9999 -9999 -9999 -9999 -9999 -9999 -9999 -9999 -9999 -9999 -9999 -9999 -9999 -9999 -9999 -9999 -9999 -9999 -9999 -9999 -9999 -9999 -9999 -9999 -9999 -9999 -9999 -9999 -9999 -9999 -9999 -9999 -9999 -9999 80 -9999 78 77 74 72 70 68 65 64 64 62 61 61 59 59 57 53 52 50 47 49 48 45 45 39 42 48 52 52 44 34 45
-9999 -9999 -9999 -9999 -9999 -9999 -9999 -9999 -9999 -9999 -9999 -9999 -9999 -9999 -9999 -9999 -9999 -9999 -9999 -9999 -9999 -9999 -9999 -9999 -9999 -9999 -9999 -9999 -9999 -9999 -9999 -9999 -9999 -9999 -9999 -9999 -9999 -9999 -9999 -9999 -9999 -9999 -9999 -9999 -9999 -9999 -9999 -9999 -9999 -9999 -9999 -9999 -9999 -9999 -9999 -9999 -9999 -9999 -9999 -9999 -9999 -9999 -9999 80 80 79 78 76 73 71 68 67 66 66 63 62 62 60 60 57 57 54 49 44 44 44 40 40 40 36 48 54 54 41 29 36
-9999 -9999 -9999 -9999 -9999 -9999 -9999 -9999 -9999 -9999 -9999 -9999 -9999 -9999 -9999 -9999 -9999 -9999 -9999 -9999 -9999 -9999 -9999 -9999 -9999 -9999 -9999 -9999 -9999 -9999 -9999 -9999 -9999 -9999 -9999 -9999 -9999 -9999 -9999 -9999 -9999 -9999 -9999 -9999 -9999 -9999 -9999 -9999 -9999 -9999 -9999 -9999 -9999 -9999 -9999 -9999 -9999 -9999 -9999 -9999 -9999 -9999 -9999 -9999 80 79 78 75 74 72 72 67 68 66 65 61 60 59 59 60 58 56 50 42 35 36 37 37 32 29 46 52 50 45 23 34
-9999 -9999 -9999 -9999 -9999 -9999 -9999 -9999 -9999 -9999 -9999 -9999 -9999 -9999 -9999 -9999 -9999 -9999 -9999 -9999 -9999 -9999 -9999 -9999 -9999 -9999 -9999 -9999 -9999 -9999 -9999 -9999 -9999 -9999 -9999 -9999 -9999 -9999 -9999 -9999 -9999 -9999 -9999 -9999 -9999 -9999 -9999 -9999 -9999 -9999 -9999 -9999 -9999 -9999 -9999 -9999 -9999 -9999 -9999 -9999 -9999 -9999 -9999 -9999 -9999 79 78 76 74 73 71 70 68 65 65 64 61 58 57 58 58 54 51 39 35 41 40 37 20 22 42 49 42 28 30 15
-9999 -9999 -9999 -9999 -9999 -9999 -9999 -9999 -9999 -9999 -9999 -9999 -9999 -9999 -9999 -9999 -9999 -9999 -9999 -9999 -9999 -9999 -9999 -9999 -9999 -9999 -9999 -9999 -9999 -9999 -9999 -9999 -9999 -9999 -9999 -9999 -9999 -9999 -9999 -9999 -9999 -9999 -9999 -9999 -9999 -9999 -9999 -9999 -9999 -9999 -9999 -9999 -9999 -9999 -9999 -9999 -9999 -9999 -9999 -9999 -9999 -9999 -9999 -9999 -9999 80 80 77 74 73 70 69 67 67 66 65 65 64 62 61 60 59 54 46 46 46 48 42 29 19 29 49 42 26 34 24
-9999 -9999 -9999 -9999 -9999 -9999 -9999 -9999 -9999 -9999 -9999 -9999 -9999 -9999 -9999 -9999 -9999 -9999 -9999 -9999 -9999 -9999 -9999 -9999 -9999 -9999 -9999 -9999 -9999 -9999 -9999 -9999 -9999 -9999 -9999 -9999 -9999 -9999 -9999 -9999 -9999 -9999 -9999 -9999 -9999 -9999 -9999 -9999 -9999 -9999 -9999 -9999 -9999 -9999 -9999 -9999 -9999 -9999 -9999 -9999 -9999 -9999 -9999 -9999 -9999 81 79 78 76 72 70 70 70 69 67 66 67 68 67 66 68 62 58 53 52 50 45 31 27 22 33 41 47 34 25 31
-9999 -9999 -9999 -9999 -9999 -9999 -9999 -9999 -9999 -9999 -9999 -9999 -9999 -9999 -9999 -9999 -9999 -9999 -9999 -9999 -9999 -9999 -9999 -9999 -9999 -9999 -9999 -9999 -9999 -9999 -9999 -9999 -9999 -9999 -9999 -9999 -9999 -9999 -9999 -9999 -9999 -9999 -9999 -9999 -9999 -9999 -9999 -9999 -9999 -9999 -9999 -9999 -9999 -9999 -9999 -9999 -9999 -9999 -9999 -9999 -9999 -9999 -9999 -9999 82 81 79 78 76 74 72 73 71 70 68 67 65 64 68 68 67 66 62 60 54 50 42 30 18 29 33 28 37 35 29 37
-9999 -9999 -9999 -9999 -9999 -9999 -9999 -9999 -9999 -9999 -9999 -9999 -9999 -9999 -9999 -9999 -9999 -9999 -9999 -9999 -9999 -9999 -9999 -9999 -9999 -9999 -9999 -9999 -9999 -9999 -9999 -9999 -9999 -9999 -9999 -9999 -9999 -9999 -9999 -9999 -9999 -9999 -9999 -9999 -9999 -9999 -9999 -9999 -9999 -9999 -9999 -9999 -9999 -9999 -9999 -9999 -9999 -9999 -9999 -9999 -9999 -9999 -9999 -9999 82 81 78 77 77 75 74 72 72 70 70 68 67 69 69 69 69 69 68 64 52 52 48 43 36 35 36 34 21 27 26 30
-9999 -9999 -9999 -9999 -9999 -9999 -9999 -9999 -9999 -9999 -9999 -9999 -9999 -9999 -9999 -9999 -9999 -9999 -9999 -9999 -9999 -9999 -9999 -9999 -9999 -9999 -9999 -9999 -9999 -9999 -9999 -9999 -9999 -9999 -9999 -9999 -9999 -9999 -9999 -9999 -9999 -9999 -9999 -9999 -9999 -9999 -9999 -9999 -9999 -9999 -9999 -9999 -9999 -9999 -9999 -9999 -9999 -9999 -9999 -9999 -9999 -9999 -9999 -9999 83 81 78 76 76 74 72 71 70 69 69 69 68 67 67 70 68 66 64 60 56 58 50 53 43 29 28 29 26 16 27 21
-9999 -9999 -9999 -9999 -9999 -9999 -9999 -9999 -9999 -9999 -9999 -9999 -9999 -9999 -9999 -9999 -9999 -9999 -9999 -9999 -9999 -9999 -9999 -9999 -9999 -9999 -9999 -9999 -9999 -9999 -9999 -9999 -9999 -9999 -9999 -9999 -9999 -9999 -9999 -9999 -9999 -9999 -9999 -9999 -9999 -9999 -9999 -9999 -9999 -9999 -9999 -9999 -9999 -9999 -9999 -9999 -9999 -9999 -9999 -9999 -9999 -9999 -9999 -9999 82 82 79 76 74 75 73 72 72 70 69 69 69 66 67 67 67 64 66 66 68 64 62 60 52 38 25 36 33 22 18 28
-9999 -9999 -9999 -9999 -9999 -9999 -9999 -9999 -9999 -9999 -9999 -9999 -9999 -9999 -9999 -9999 -9999 -9999 -9999 -9999 -9999 -9999 -9999 -9999 -9999 -9999 -9999 -9999 -9999 -9999 -9999 -9999 -9999 -9999 -9999 -9999 -9999 -9999 -9999 -9999 -9999 -9999 -9999 -9999 -9999 -9999 -9999 -9999 -9999 -9999 -9999 -9999 -9999 -9999 -9999 -9999 -9999 -9999 -9999 -9999 -9999 -9999 -9999 -9999 85 81 79 77 74 74 71 70 70 72 70 69 69 69 67 67 68 69 66 65 63 58 60 58 56 57 51 48 44 37 22 37
-9999 -9999 -9999 -9999 -9999 -9999 -9999 -9999 -9999 -9999 -9999 -9999 -9999 -9999 -9999 -9999 -9999 -9999 -9999 -9999 -9999 -9999 -9999 -9999 -9999 -9999 -9999 -9999 -9999 -9999 -9999 -9999 -9999 -9999 -9999 -9999 -9999 -9999 -9999 -9999 -9999 -9999 -9999 -9999 -9999 -9999 -9999 -9999 -9999 -9999 -9999 -9999 -9999 -9999 -9999 -9999 -9999 -9999 -9999 -9999 -9999 -9999 -9999 -9999 86 82 79 76 74 71 70 69 69 70 70 68 68 68 68 69 69 69 65 65 62 57 56 55 50 47 53 49 39 40 45 54
-9999 -9999 -9999 -9999 -9999 -9999 -9999 -9999 -9999 -9999 -9999 -9999 -9999 -9999 -9999 -9999 -9999 -9999 -9999 -9999 -9999 -9999 -9999 -9999 -9999 -9999 -9999 -9999 -9999 -9999 -9999 -9999 -9999 -9999 -9999 -9999 -9999 -9999 -9999 -9999 -9999 -9999 -9999 -9999 -9999 -9999 -9999 -9999 -9999 -9999 -9999 -9999 -9999 -9999 -9999 -9999 -9999 -9999 -9999 -9999 -9999 -9999 -9999 -9999 88 83 79 76 74 72 71 69 68 70 70 69 70 71 71 73 72 72 66 70 67 65 62 58 56 60 59 54 42 38 60 67
-9999 -9999 -9999 -9999 -9999 -9999 -9999 -9999 -9999 -9999 -9999 -9999 -9999 -9999 -9999 -9999 -9999 -9999 -9999 -9999 -9999 -9999 -9999 -9999 -9999 -9999 -9999 -9999 -9999 -9999 -9999 -9999 -9999 -9999 -9999 -9999 -9999 -9999 -9999 -9999 -9999 -9999 -9999 -9999 -9999 -9999 -9999 -9999 -9999 -9999 -9999 -9999 -9999 -9999 -9999 -9999 -9999 -9999 -9999 -9999 -9999 -9999 -9999 92 88 83 81 79 76 74 73 70 69 70 69 69 69 68 69 72 72 70 70 72 72 71 65 63 68 66 59 56 56 66 72 76
-9999 -9999 -9999 -9999 -9999 -9999 -9999 -9999 -9999 -9999 -9999 -9999 -9999 -9999 -9999 -9999 -9999 -9999 -9999 -9999 -9999 -9999 -9999 104 101 101 106 106 -9999 -9999 -9999 -9999 -9999 -9999 -9999 -9999 -9999 -9999 -9999 -9999 -9999 -9999 -9999 -9999 -9999 -9999 -9999 -9999 -9999 -9999 -9999 -9999 -9999 -9999 -9999 -9999 -9999 -9999 -9999 -9999 -9999 -9999 -9999 94 90 86 84 80 78 75 74 72 71 69 69 69 69 69 66 70 71 71 73 72 72 69 61 55 52 57 64 68 70 74 77 80
-9999 -9999 -9999 -9999 -9999 -9999 -9999 -9999 -9999 -9999 -9999 -9999 -9999 -9999 -9999 -9999 -9999 -9999 -9999 -9999 -9999 -9999 110 105 98 88 89 98 100 99 101 100 95 94 96 100 105 105 104 102 104 -9999 -9999 -9999 -9999 -9999 -9999 -9999 -9999 -9999 -9999 -9999 -9999 -9999 -9999 -9999 -9999 -9999 -9999 -9999 -9999 -9999 98 95 91 87 84 80 77 75 73 72 72 69 69 68 68 69 68 69 71 71 71 72 74 74 63 53 52 58 74 80 86 82 85 85
-9999 -9999 -9999 -9999 -9999 -9999 -9999 -9999 -9999 -9999 -9999 -9999 -9999 -9999 -9999 -9999 -9999 -9999 -9999 -9999 -9999 112 109 96 90 84 76 83 89 91 79 84 77 77 87 94 96 98 89 95 94 98 90 80 99 106 102 107 107 106 102 100 101 99 104 101 101 113 -9999 -9999 92 103 98 92 88 86 82 80 77 74 70 68 71 68 68 67 67 68 67 70 70 71 72 73 66 56 59 63 70 80 89 90 92 91 89 -9999
-9999 -9999 -9999 -9999 -9999 -9999 -9999 -9999 -9999 -9999 -9999 -9999 -9999 -9999 -9999 -9999 -9999 114 112 109 104 105 107 96 86 88 87 83 81 70 76 61 66 71 67 64 71 81 75 69 62 60 40 47 70 79 84 91 91 79 76 85 84 93 100 101 92 96 98 103 97 86 80 74 78 79 78 75 74 73 70 65 67 65 63 63 64 65 68 68 69 71 71 72 77 78 81 87 90 93 95 95 95 94 -9999 -9999
-9999 -9999 -9999 -9999 -9999 -9999 -9999 -9999 -9999 -9999 -9999 -9999 -9999 -9999 -9999 -9999 114 108 103 98 96 98 96 90 84 85 86 80 70 65 72 54 53 34 36 27 45 47 39 30 35 33 24 30 53 35 48 62 63 58 53 61 76 81 84 75 82 87 85 86 67 64 62 51 54 46 60 53 48 49 50 56 50 53 51 58 60 64 62 63 66 67 69 69 73 77 72 80 88 94 97 -9999 -9999 -9999 -9999 -9999
-9999 -9999 -9999 -9999 -9999 -9999 -9999 -9999 -9999 -9999 -9999 -9999 -9999 -9999 -9999 -9999 116 103 101 101 102 98 97 94 86 81 83 83 68 69 58 41 38 28 24 20 27 28 31 28 35 35 32 20 30 38 45 52 53 59 62 65 61 64 66 72 74 64 64 60 56 65 59 47 42 35 26 6 22 5 -4 19 -7 5 23 33 32 33 44 50 40 53 48 59 62 73 65 73 84 93 102 -9999 -9999 -9999 -9999 -9999
-9999 -9999 -9999 -9999 -9999 -9999 -9999 -9999 -9999 -9999 -9999 -9999 -9999 -9999 -9999 -9999 -9999 113 107 105 104 101 96 89 80 82 77 76 58 53 42 48 54 38 29 33 38 40 45 46 47 44 44 43 47 50 53 51 51 53 50 62 60 66 72 70 62 61 56 58 59 65 60 59 54 46 38 26 5 -11 -14 -23 -21 -11 -8 8 16 -9 -3 10 8 23 28 26 36 49 66 85 95 104 105 -9999 -9999 -9999 -9999 -9999
-9999 -9999 -9999 -9999 -9999 -9999 -9999 -9999 -9999 -9999 -9999 -9999 -9999 -9999 -9999 -9999 -9999 117 110 110 102 88 80 80 72 81 80 79 58 45 55 68 64 50 41 45 48 48 52 54 53 52 49 51 54 56 55 53 48 47 52 58 60 63 73 68 62 64 68 71 73 69 58 59 59 52 51 47 38 28 19 14 16 4 -4 -10 -10 -17 5 11 -16 -2 -5 -8 12 33 58 71 95 104 105 -9999 -9999 -9999 -9999 -9999
-9999 -9999 -9999 -9999 -9999 -9999 -9999 -9999 -9999 -9999 -9999 -9999 -9999 -9999 -9999 -9999 -9999 -9999 117 108 103 84 82 88 85 77 73 67 68 60 56 48 32 24 40 49 53 53 55 56 54 57 54 57 59 60 59 57 51 50 47 47 50 53 61 69 66 71 73 75 75 74 71 68 56 49 44 47 43 42 32 32 45 40 32 20 26 13 21 15 33 10 14 34 6 1 28 64 82 91 100 114 -9999 -9999 -9999 -9999
-9999 -9999 -9999 -9999 -9999 -9999 -9999 -9999 -9999 -9999 -9999 -9999 -9999 -9999 -9999 -9999 -9999 -9999 115 108 102 91 79 90 83 76 62 46 41 52 29 18 25 28 38 50 54 55 56 54 57 59 59 60 62 62 60 55 53 50 45 38 27 27 34 44 42 44 50 66 74 77 73 72 68 63 56 60 55 47 38 40 49 51 51 44 43 46 34 35 45 22 28 34 47 53 69 80 92 106 113 106 -9999 -9999 -9999 -9999
-9999 -9999 -9999 -9999 -9999 -9999 -9999 -9999 -9999 -9999 -9999 -9999 -9999 -9999 -9999 -9999 -9999 -9999 98 105 109 98 80 66 68 71 65 53 48 46 26 28 42 42 49 53 54 57 57 57 59 58 60 64 64 60 60 56 55 51 45 44 40 29 27 23 24 31 38 48 64 74 77 70 73 71 67 70 68 68 64 64 65 61 51 52 50 56 52 59 54 53 53 70 68 70 68 84 96 108 115 118 -9999 -9999 -9999 -9999
-9999 -9999 -9999 -9999 -9999 -9999 -9999 -9999 -9999 -9999 -9999 -9999 -9999 -9999 -9999 -9999 -9999 -9999 109 108 93 93 71 72 58 55 65 72 61 55 49 48 50 48 48 52 56 58 58 59 59 59 59 59 61 62 58 54 52 50 46 41 43 39 32 35 37 39 36 44 53 62 70 79 79 69 65 75 68 74 73 70 73 72 63 62 60 64 73 75 69 74 80 85 78 82 78 87 102 103 114 118 -9999 -9999 -9999 -9999
-9999 -9999 -9999 -9999 -9999 -9999 -9999 -9999 -9999 -9999 -9999 -9999 -9999 -9999 -9999 -9999 -9999 -9999 111 103 102 96 79 66 60 58 69 71 66 67 52 58 57 53 52 52 55 58 60 58 58 55 55 58 61 59 56 54 56 54 53 50 47 44 42 42 44 48 44 42 32 36 57 71 79 81 80 79 68 67 76 79 82 79 78 74 79 82 83 79 77 76 90 95 82 83 79 101 107 106 117 -9999 -9999 -9999 -9999 -9999
-9999 -9999 -9999 -9999 -9999 -9999 -9999 -9999 -9999 -9999 -9999 -9999 -9999 -9999 -9999 -9999 -9999 -9999 -9999 108 105 102 93 77 69 72 69 68 81 76 61 61 64 56 55 55 57 59 59 58 59 58 58 62 60 58 57 56 54 53 51 49 51 51 50 50 47 48 47 44 41 45 60 69 75 72 78 84 83 78 74 76 80 84 84 84 84 85 83 76 76 89 92 101 103 110 108 105 110 -9999 -9999 -9999 -9999 -9999 -9999 -9999
-9999 -9999 -9999 -9999 -9999 -9999 -9999 -9999 -9999 -9999 -9999 -9999 -9999 -9999 -9999 -9999 -9999 -9999 -9999 111 106 102 95 83 86 60 64 76 80 74 67 69 62 61 58 56 57 59 58 60 61 61 60 61 59 57 55 54 51 44 48 48 45 44 46 47 49 46 50 50 51 56 59 61 68 67 65 78 88 89 82 83 88 87 90 84 79 76 79 85 82 92 107 108 118 118 -9999 -9999 -9999 -9999 -9999 -9999 -9999 -9999 -9999 -9999
-9999 -9999 -9999 -9999 -9999 -9999 -9999 -9999 -9999 -9999 -9999 -9999 -9999 -9999 -9999 -9999 -9999 -9999 -9999 111 106 98 96 92 72 81 79 76 68 81 75 66 63 63 59 57 54 54 55 58 59 60 61 60 59 59 57 54 52 48 44 29 31 32 42 45 41 44 53 54 54 57 54 47 50 53 61 72 83 91 94 97 96 93 94 99 86 79 87 107 107 113 114 112 123 -9999 -9999 -9999 -9999 -9999 -9999 -9999 -9999 -9999 -9999 -9999
-9999 -9999 -9999 -9999 -9999 -9999 -9999 -9999 -9999 -9999 -9999 -9999 -9999 -9999 -9999 -9999 -9999 -9999 -9999 -9999 107 104 97 86 74 82 78 73 80 85 78 73 63 60 58 59 58 58 57 58 60 60 60 58 56 56 55 51 42 35 35 34 39 43 48 48 43 41 36 37 38 42 41 45 42 41 54 59 73 80 88 91 91 95 92 108 102 101 115 117 120 -9999 -9999 -9999 -9999 -9999 -9999 -9999 -9999 -9999 -9999 -9999 -9999 -9999 -9999 -9999
-9999 -9999 -9999 -9999 -9999 -9999 -9999 -9999 -9999 -9999 -9999 -9999 -9999 -9999 -9999 -9999 -9999 -9999 -9999 115 109 97 87 78 71 65 70 65 73 78 73 68 64 62 61 59 59 58 59 60 58 56 56 57 54 53 53 45 27 37 51 53 55 56 55 49 46 43 42 36 38 38 40 42 43 35 43 55 62 67 81 79 85 86 102 107 112 113 -9999 -9999 -9999 -9999 -9999 -9999 -9999 -9999 -9999 -9999 -9999 -9999 -9999 -9999 -9999 -9999 -9999 -9999
-9999 -9999 -9999 -9999 -9999 -9999 -9999 -9999 -9999 -9999 -9999 -9999 -9999 -9999 -9999 -9999 -9999 -9999 -9999 115 113 101 90 91 85 81 76 71 76 73 69 68 64 63 62 59 55 54 59 59 56 49 49 50 50 44 41 37 37 52 64 62 62 60 53 53 54 49 40 37 35 33 33 44 37 34 35 38 46 58 72 67 63 68 112 126 129 130 -9999 -9999 -9999 -9999 -9999 -9999 -9999 -9999 -9999 -9999 -9999 -9999 -9999 -9999 -9999 -9999 -9999 -9999
-9999 -9999 -9999 -9999 -9999 -9999 -9999 -9999 -9999 -9999 -9999 -9999 -9999 -9999 -9999 -9999 -9999 -9999 -9999 117 115 111 92 93 94 90 85 72 67 66 65 68 69 64 52 54 58 57 57 51 44 37 42 42 46 44 44 57 60 68 70 68 67 60 56 57 54 49 43 34 28 22 25 37 44 41 36 36 34 41 62 62 78 104 121 121 131 -9999 -9999 -9999 -9999 -9999 -9999 -9999 -9999 -9999 -9999 -9999 -9999 -9999 -9999 -9999 -9999 -9999 -9999 -9999
-9999 -9999 -9999 -9999 -9999 -9999 -9999 -9999 -9999 -9999 -9999 -9999 -9999 -9999 -9999 -9999 -9999 -9999 -9999 118 115 111 105 105 99 87 53 69 72 68 64 66 64 60 64 72 66 52 50 43 30 29 36 47 53 68 67 72 72 72 72 73 63 62 61 66 60 61 51 40 28 21 26 36 49 49 35 30 20 32 58 70 97 110 126 -9999 -9999 -9999 -9999 -9999 -9999 -9999 -9999 -9999 -9999 -9999 -9999 -9999 -9999 -9999 -9999 -9999 -9999 -9999 -9999 -9999
-9999 -9999 -9999 -9999 -9999 -9999 -9999 -9999 -9999 -9999 -9999 -9999 -9999 -9999 -9999 -9999 -9999 -9999 118 119 118 114 109 105 90 76 70 88 84 73 71 65 73 78 83 84 63 41 33 36 30 55 59 73 69 73 80 76 75 74 77 73 68 68 68 63 59 57 51 43 31 26 28 34 48 50 48 54 44 51 71 96 108 119 130 -9999 -9999 -9999 -9999 -9999 -9999 -9999 -9999 -9999 -9999 -9999 -9999 -9999 -9999 -9999 -9999 -9999 -9999 -9999 -9999 -9999
-9999 -9999 -9999 -9999 -9999 -9999 -9999 -9999 -9999 -9999 -9999 -9999 -9999 -9999 -9999 -9999 -9999 -9999 122 121 119 112 98 92 86 88 87 92 93 90 91 93 94 91 93 89 76 74 83 89 90 86 82 76 84 83 79 79 78 77 79 74 74 72 65 60 57 54 54 50 40 39 43 42 59 32 39 62 75 82 99 112 119 -9999 -9999 -9999 -9999 -9999 -9999 -9999 -9999 -9999 -9999 -9999 -9999 -9999 -9999 -9999 -9999 -9999 -9999 -9999 -9999 -9999 127 128
