resultados/variables_proyeccion_tiempo/variables_futuro_csiro_A1B/bio11.asc
ncols 330
nrows 228
xllcorner -12.000000
yllcorner 34.000000
cellsize 0.166667
NODATA_value -9999
[rows 144 to 191 of 228, columns 192 to 287 of 330]
16 20 18 18 21 23 23 23 23 23 23 23 23 23 24 24 24 23 22 20 14 -0 3 11 3 -9 -18 -21 -22 -19 -16 -14 -12 -6 -1 1 1 2 6 7 7 8 8 8 7 8 8 8 8 7 5 4 6 7 7 6 5 5 6 6 7 7 7 6 6 5 6 4 4 4 3 2 2 3 4 5 4 4 6 7 7 7 8 8 9 10 9 9 11 13 14 12 10 9 8 8
25 25 24 24 24 24 24 24 23 23 23 23 23 24 25 25 25 24 23 21 11 3 -6 1 3 3 -4 -13 -18 -25 -22 -18 -14 -12 -9 1 2 0 3 6 8 8 9 11 10 10 10 10 9 7 8 5 5 8 9 8 8 6 8 8 8 8 8 8 8 8 9 9 7 7 6 6 6 6 6 6 6 7 8 8 8 8 10 11 12 12 12 12 14 13 16 15 13 12 11 8
28 27 27 26 26 25 25 25 24 23 24 24 24 25 26 26 25 23 19 19 21 18 10 0 -4 -7 -6 -21 -21 -25 -19 -17 -14 -9 -8 -4 1 2 2 4 4 9 10 11 13 12 12 11 12 12 13 12 9 8 11 11 10 8 10 10 11 12 12 11 11 10 11 12 11 9 10 8 9 8 9 8 8 10 9 10 10 10 10 12 14 15 15 16 16 16 18 18 15 13 13 12
29 29 28 28 27 26 26 26 26 25 25 26 26 26 25 24 23 22 21 21 15 14 9 8 4 -2 -1 -10 -8 -11 -16 -14 -16 -15 -10 -8 -2 1 1 2 -0 6 10 13 13 14 13 11 10 10 10 13 13 11 14 14 12 12 13 12 14 14 14 15 13 14 14 14 14 13 12 10 10 12 10 10 10 11 12 12 12 11 12 13 15 15 15 16 17 18 16 16 15 14 12 12
30 30 29 28 28 28 28 28 27 27 28 28 28 26 24 24 22 22 20 19 16 14 13 10 10 9 5 2 -5 -12 -16 -18 -17 -18 -14 -15 -10 -4 1 2 3 4 10 12 14 16 16 13 8 9 12 10 10 12 16 16 16 13 17 15 17 18 16 17 18 17 15 15 14 14 15 13 12 14 12 12 13 14 14 14 13 13 13 14 14 14 15 16 16 16 16 16 16 16 15 14
31 30 30 29 29 29 29 29 29 29 29 28 27 26 19 15 17 17 16 19 15 13 13 14 9 9 7 3 -10 -16 -19 -25 -16 -17 -19 -9 -12 -8 -1 2 3 4 7 9 10 13 13 16 14 9 8 11 13 15 18 19 20 18 18 20 20 21 21 19 20 20 20 19 18 18 17 17 16 16 15 15 15 16 15 15 14 14 15 14 14 15 15 16 17 17 17 17 17 19 18 16
31 31 30 30 30 29 29 30 30 30 31 29 27 23 14 14 9 11 15 15 13 12 15 13 11 9 8 4 2 -3 -11 -12 -8 -15 -14 -15 -8 -8 0 1 1 5 3 7 9 8 10 9 17 14 11 11 14 16 19 20 22 23 22 23 21 23 24 24 23 23 24 22 22 21 20 19 19 18 18 18 18 18 17 17 16 16 15 15 15 16 16 17 17 18 18 19 20 20 20 18
32 31 31 30 30 30 30 30 31 31 31 31 30 28 23 2 -9 4 5 8 13 12 14 13 12 10 9 8 7 1 -12 -18 -7 -12 -21 -17 -17 -16 -5 4 3 7 3 4 7 12 11 10 14 16 13 13 13 17 20 20 22 26 27 27 25 25 27 28 27 26 26 26 25 23 22 22 22 22 21 21 20 20 20 20 19 16 16 16 16 17 18 19 19 19 20 21 22 21 21 22
31 31 31 30 30 30 30 30 31 32 32 31 24 14 24 11 -6 -3 -7 -5 7 10 14 15 13 12 10 10 7 3 -2 -13 -15 -14 -11 -18 -20 -20 -12 0 2 8 4 4 7 8 12 11 14 19 15 14 17 16 19 22 23 24 27 30 30 28 28 30 31 29 29 28 27 25 24 25 24 24 25 24 23 22 22 21 20 18 17 16 17 18 19 19 20 20 21 22 23 22 23 23
31 31 31 30 30 30 31 30 31 31 32 31 30 22 17 14 -1 5 3 2 9 11 16 16 14 13 12 10 7 4 0 -4 -6 -20 -7 -15 -20 -16 -6 -3 2 6 6 7 7 9 12 13 17 18 15 16 16 19 19 22 22 25 25 27 32 33 31 32 33 -9999 -9999 -9999 -9999 26 26 26 27 28 27 25 24 23 24 23 22 21 20 18 19 20 20 20 20 21 22 23 24 22 -9999 -9999
31 31 32 32 31 31 31 31 31 30 24 26 23 24 21 24 17 13 10 5 6 15 19 16 14 13 10 9 7 5 2 0 -3 -9 -17 -8 -14 -22 -11 -1 6 4 10 10 11 12 14 14 19 17 15 18 18 19 21 24 24 27 28 29 30 34 34 34 -9999 -9999 -9999 -9999 -9999 -9999 26 26 28 30 28 27 26 26 26 26 26 25 24 24 24 24 23 22 22 22 23 -9999 -9999 -9999 -9999 -9999
33 33 33 33 33 32 31 31 30 30 27 27 27 22 23 20 22 18 15 14 14 22 18 17 14 12 9 7 5 2 2 2 -0 -0 -6 -12 -8 -9 -16 -11 -1 1 9 13 15 15 12 13 20 17 16 21 20 20 22 26 27 29 30 31 32 33 35 35 -9999 -9999 -9999 -9999 -9999 -9999 -9999 -9999 -9999 30 30 30 28 29 29 28 30 30 30 31 30 29 27 25 25 -9999 25 -9999 -9999 -9999 -9999 -9999
34 34 35 34 34 34 32 31 30 29 29 30 30 29 27 26 23 26 20 23 22 20 19 15 13 9 8 7 4 4 4 3 -4 0 -5 -4 -1 -10 -23 -15 -0 3 11 16 18 16 13 17 21 19 20 23 21 22 26 27 29 31 32 33 34 34 -9999 -9999 -9999 -9999 -9999 -9999 -9999 -9999 -9999 -9999 -9999 -9999 -9999 -9999 -9999 -9999 -9999 -9999 -9999 37 37 38 36 34 31 29 28 28 -9999 -9999 -9999 -9999 -9999 -9999
36 36 36 37 36 36 35 33 33 33 34 32 29 23 12 8 17 25 24 16 8 7 3 7 11 11 10 7 5 5 3 1 -0 2 1 -3 -5 -18 -29 -20 -4 3 14 20 22 20 19 18 23 20 22 24 24 26 27 30 32 33 35 35 35 -9999 -9999 -9999 -9999 -9999 -9999 -9999 -9999 -9999 -9999 -9999 -9999 -9999 -9999 -9999 -9999 -9999 38 38 39 40 42 44 44 39 34 33 32 32 34 -9999 -9999 -9999 -9999 -9999
37 38 38 38 38 38 37 36 34 33 31 31 31 18 15 12 17 23 17 6 -6 -5 -15 -15 -9 3 -12 -25 -35 -26 -22 -13 -4 -11 -10 -17 -15 -17 -20 -17 -5 7 15 22 24 24 23 21 25 23 25 27 27 29 31 33 35 36 38 -9999 -9999 -9999 -9999 -9999 -9999 -9999 -9999 -9999 -9999 -9999 -9999 -9999 -9999 -9999 -9999 -9999 40 39 39 40 41 43 45 49 53 49 41 38 37 36 36 37 -9999 -9999 -9999 -9999
39 40 40 40 40 40 39 38 36 34 29 28 26 28 10 -4 -7 -14 4 9 5 -16 -16 -3 -2 5 -4 -11 -16 -24 -16 -18 -31 -20 -21 -19 -16 -7 -5 2 7 10 19 23 25 26 27 27 28 29 29 30 30 32 34 36 38 39 40 -9999 -9999 -9999 -9999 -9999 -9999 -9999 -9999 -9999 -9999 -9999 -9999 -9999 -9999 -9999 -9999 40 38 40 43 44 44 46 48 52 57 55 48 43 41 40 40 39 39 -9999 36 36
40 41 42 42 41 42 41 41 38 33 27 22 7 16 7 -20 -10 -7 3 2 8 1 -2 -8 -5 5 7 5 3 3 -2 -11 -13 -8 -5 -1 3 6 8 12 16 18 23 25 26 27 29 30 30 27 28 32 34 35 37 38 40 41 41 -9999 -9999 -9999 -9999 -9999 -9999 -9999 -9999 -9999 -9999 -9999 -9999 -9999 -9999 -9999 -9999 -9999 -9999 -9999 47 47 49 51 51 52 53 52 47 44 42 43 41 42 41 39 37 36
39 42 44 44 42 41 42 41 37 36 23 12 2 16 7 -1 13 18 24 26 24 21 18 14 16 16 16 10 9 9 6 5 6 7 8 11 13 13 13 17 22 24 25 27 28 29 30 32 33 30 27 30 33 36 39 41 42 43 -9999 -9999 -9999 -9999 -9999 -9999 -9999 -9999 -9999 -9999 -9999 -9999 -9999 -9999 -9999 -9999 -9999 -9999 -9999 -9999 -9999 -9999 -9999 52 50 47 45 42 39 40 35 37 35 39 42 40 39 40
43 44 46 47 45 42 39 39 38 32 24 20 21 13 17 14 21 26 27 28 24 23 21 19 18 21 14 12 12 13 11 11 13 15 15 18 19 21 22 23 24 25 27 28 29 30 32 33 34 30 25 32 37 40 42 43 44 44 -9999 -9999 -9999 -9999 -9999 -9999 -9999 -9999 -9999 -9999 -9999 -9999 -9999 -9999 -9999 -9999 -9999 -9999 -9999 -9999 -9999 -9999 -9999 52 49 42 37 32 18 19 26 31 34 41 46 -9999 -9999 -9999
44 44 44 42 46 44 43 40 34 33 23 23 14 14 27 24 26 28 28 27 27 24 21 21 20 21 18 16 16 16 17 17 17 18 19 20 22 23 24 25 26 27 28 30 31 32 34 35 35 32 28 34 40 42 43 45 -9999 -9999 -9999 -9999 -9999 -9999 -9999 -9999 -9999 -9999 -9999 -9999 -9999 -9999 -9999 -9999 -9999 -9999 -9999 -9999 -9999 -9999 -9999 -9999 -9999 51 47 40 33 18 24 42 52 -9999 46 -9999 -9999 -9999 -9999 -9999
45 44 39 39 39 42 42 39 34 32 25 25 20 25 24 34 33 27 26 27 28 26 24 23 22 24 21 19 19 19 19 20 20 20 21 21 23 24 25 26 27 29 30 32 33 35 35 37 36 34 36 38 43 45 -9999 -9999 -9999 -9999 -9999 -9999 -9999 -9999 -9999 -9999 -9999 -9999 -9999 -9999 -9999 -9999 -9999 -9999 -9999 -9999 -9999 -9999 -9999 -9999 -9999 -9999 52 50 43 34 20 13 41 -9999 -9999 -9999 -9999 -9999 -9999 -9999 -9999 -9999
44 44 41 39 40 40 41 37 34 25 24 20 25 25 31 36 35 30 27 26 27 28 27 24 24 25 23 22 22 22 22 22 22 22 22 22 23 24 26 28 29 31 32 34 35 36 37 40 40 39 39 43 45 -9999 -9999 -9999 -9999 -9999 -9999 -9999 -9999 -9999 -9999 -9999 -9999 -9999 -9999 -9999 -9999 -9999 -9999 -9999 -9999 -9999 -9999 -9999 -9999 -9999 -9999 -9999 -9999 37 37 16 24 -9999 -9999 -9999 -9999 -9999 -9999 -9999 -9999 -9999 -9999 -9999
40 40 34 33 38 38 40 37 31 22 21 16 22 21 30 37 36 35 31 29 29 28 28 26 25 26 27 24 24 25 24 24 24 24 24 24 25 26 29 30 31 34 35 37 38 39 40 41 41 42 44 46 -9999 -9999 -9999 -9999 -9999 -9999 -9999 -9999 -9999 -9999 -9999 -9999 -9999 -9999 -9999 -9999 -9999 -9999 -9999 -9999 -9999 -9999 -9999 -9999 -9999 -9999 -9999 -9999 -9999 -9999 -9999 -9999 -9999 -9999 -9999 -9999 -9999 -9999 -9999 -9999 -9999 -9999 -9999 -9999
22 26 31 23 30 37 34 37 32 20 4 13 22 27 33 34 36 38 36 34 33 32 30 30 27 27 28 27 26 26 26 27 26 26 25 25 27 29 31 32 33 33 35 36 39 39 38 40 41 43 45 48 -9999 -9999 -9999 -9999 -9999 -9999 -9999 -9999 -9999 -9999 -9999 -9999 -9999 -9999 -9999 -9999 -9999 -9999 -9999 -9999 -9999 -9999 -9999 -9999 -9999 -9999 -9999 -9999 -9999 -9999 -9999 -9999 -9999 -9999 -9999 -9999 -9999 -9999 -9999 -9999 -9999 -9999 -9999 -9999
29 32 36 31 33 26 30 35 37 24 9 25 32 35 31 32 36 39 38 37 36 36 33 32 30 29 29 30 28 27 28 28 28 28 27 30 30 30 31 30 31 32 34 34 36 38 39 40 43 46 48 50 -9999 -9999 -9999 -9999 -9999 -9999 -9999 -9999 -9999 -9999 -9999 -9999 -9999 -9999 -9999 -9999 -9999 -9999 -9999 -9999 -9999 -9999 -9999 -9999 -9999 -9999 -9999 -9999 -9999 -9999 -9999 -9999 -9999 -9999 -9999 -9999 -9999 -9999 -9999 -9999 -9999 -9999 -9999 -9999
30 30 29 38 35 25 29 33 38 30 23 20 21 32 24 31 33 37 38 34 35 34 35 33 34 32 32 32 31 29 30 30 30 31 32 29 28 27 27 27 29 31 32 34 37 39 40 41 43 47 51 53 -9999 -9999 -9999 -9999 -9999 -9999 -9999 -9999 -9999 -9999 -9999 -9999 -9999 -9999 -9999 -9999 -9999 -9999 -9999 -9999 -9999 -9999 -9999 -9999 -9999 -9999 -9999 -9999 -9999 -9999 -9999 -9999 -9999 -9999 -9999 -9999 -9999 -9999 -9999 -9999 -9999 -9999 -9999 -9999
14 19 6 19 16 25 35 39 37 39 33 19 21 33 18 20 29 32 34 35 35 35 35 32 30 31 30 30 28 28 30 29 30 31 27 27 28 26 27 27 26 28 31 34 37 40 41 43 45 49 53 56 -9999 -9999 -9999 -9999 -9999 -9999 -9999 -9999 -9999 -9999 -9999 -9999 -9999 -9999 -9999 -9999 -9999 -9999 -9999 -9999 -9999 -9999 -9999 -9999 -9999 -9999 -9999 -9999 -9999 -9999 -9999 -9999 -9999 -9999 -9999 -9999 -9999 -9999 -9999 -9999 -9999 -9999 -9999 -9999
6 1 4 22 7 8 30 30 16 28 41 32 27 21 23 2 0 20 32 35 35 33 33 32 32 32 31 29 25 30 32 30 31 32 29 26 24 28 28 28 27 30 35 35 39 41 41 46 49 51 55 56 -9999 -9999 -9999 -9999 -9999 -9999 -9999 -9999 -9999 -9999 -9999 -9999 -9999 -9999 -9999 -9999 -9999 -9999 -9999 -9999 -9999 -9999 -9999 -9999 -9999 -9999 -9999 -9999 -9999 -9999 -9999 -9999 -9999 -9999 -9999 -9999 -9999 -9999 -9999 -9999 -9999 -9999 -9999 -9999
5 2 6 23 9 4 16 29 34 34 43 38 29 25 25 19 -1 3 16 30 27 28 27 29 32 30 29 25 27 27 27 31 31 33 31 32 27 26 25 33 37 37 41 42 46 48 50 51 54 -9999 -9999 -9999 -9999 -9999 -9999 -9999 -9999 -9999 -9999 -9999 -9999 -9999 -9999 -9999 -9999 -9999 -9999 -9999 -9999 -9999 -9999 -9999 -9999 -9999 -9999 -9999 -9999 -9999 -9999 -9999 -9999 -9999 -9999 -9999 -9999 -9999 -9999 -9999 -9999 -9999 -9999 -9999 -9999 -9999 -9999 -9999
1 5 15 13 19 4 4 25 21 25 41 42 30 17 24 26 21 13 -2 -3 9 13 27 27 24 27 24 19 23 18 23 22 25 30 34 34 24 21 22 30 33 36 42 46 51 55 55 57 -9999 -9999 -9999 -9999 -9999 -9999 -9999 -9999 -9999 -9999 -9999 -9999 -9999 -9999 -9999 -9999 -9999 -9999 -9999 -9999 -9999 -9999 -9999 -9999 -9999 -9999 -9999 -9999 -9999 -9999 -9999 -9999 -9999 -9999 -9999 -9999 -9999 -9999 -9999 -9999 -9999 -9999 -9999 -9999 -9999 -9999 -9999 -9999
-1 7 3 5 19 18 13 22 17 28 38 40 36 17 14 12 18 22 19 15 11 7 24 17 17 12 7 13 19 18 24 21 21 22 22 23 20 18 17 22 27 32 37 41 45 48 58 60 -9999 -9999 -9999 -9999 -9999 -9999 -9999 -9999 -9999 -9999 -9999 -9999 -9999 -9999 -9999 -9999 -9999 -9999 -9999 -9999 -9999 -9999 -9999 -9999 -9999 -9999 -9999 -9999 -9999 -9999 -9999 -9999 -9999 -9999 -9999 -9999 -9999 -9999 -9999 -9999 -9999 -9999 -9999 -9999 -9999 -9999 -9999 -9999
-9 -5 23 29 24 24 28 20 19 21 23 18 31 5 2 14 14 19 21 27 26 17 12 5 0 -3 -7 4 -5 -10 -7 7 5 9 11 13 14 14 22 28 36 40 40 46 48 54 54 60 -9999 -9999 -9999 -9999 -9999 -9999 -9999 -9999 -9999 -9999 -9999 -9999 -9999 -9999 -9999 -9999 -9999 -9999 -9999 -9999 -9999 -9999 -9999 -9999 -9999 -9999 -9999 -9999 -9999 -9999 -9999 -9999 -9999 -9999 -9999 -9999 -9999 -9999 -9999 -9999 -9999 -9999 -9999 -9999 -9999 -9999 -9999 -9999
-20 10 37 36 28 25 30 22 18 28 20 27 24 -4 0 14 19 23 18 -5 16 18 16 14 13 6 2 12 26 19 16 23 26 25 27 33 38 41 43 44 44 44 46 55 58 62 -9999 -9999 -9999 -9999 -9999 -9999 -9999 -9999 -9999 -9999 -9999 -9999 -9999 -9999 -9999 -9999 -9999 -9999 -9999 -9999 -9999 -9999 -9999 -9999 -9999 -9999 -9999 -9999 -9999 -9999 -9999 -9999 -9999 -9999 -9999 -9999 -9999 -9999 -9999 -9999 -9999 -9999 -9999 -9999 -9999 -9999 -9999 -9999 -9999 -9999
18 28 41 38 32 20 27 27 30 26 34 30 14 -2 9 20 21 24 24 9 8 13 20 20 27 26 30 33 34 30 27 25 28 33 42 44 43 43 45 46 44 48 54 59 62 61 66 -9999 -9999 -9999 -9999 -9999 -9999 -9999 -9999 -9999 -9999 -9999 -9999 -9999 -9999 -9999 -9999 -9999 -9999 -9999 -9999 -9999 -9999 -9999 -9999 -9999 -9999 -9999 -9999 -9999 -9999 -9999 -9999 -9999 -9999 -9999 -9999 -9999 -9999 -9999 -9999 -9999 -9999 -9999 -9999 -9999 -9999 -9999 -9999 -9999
37 39 32 34 35 5 2 25 14 22 34 30 19 18 13 8 32 31 30 -6 -14 -14 -2 22 36 41 40 41 40 41 42 40 40 44 46 47 46 45 47 50 48 49 51 54 55 60 66 70 -9999 -9999 -9999 -9999 -9999 -9999 -9999 -9999 -9999 -9999 -9999 -9999 -9999 -9999 -9999 -9999 -9999 -9999 -9999 -9999 -9999 -9999 -9999 -9999 -9999 -9999 -9999 -9999 -9999 -9999 -9999 -9999 -9999 -9999 -9999 -9999 -9999 -9999 -9999 -9999 -9999 -9999 -9999 -9999 -9999 -9999 -9999 -9999
29 36 33 16 -8 -11 25 31 31 30 38 36 33 16 -0 10 21 26 38 -4 -32 -25 -11 2 18 28 39 36 38 44 45 47 48 49 50 50 44 42 50 52 49 48 46 46 53 58 62 66 72 -9999 -9999 -9999 -9999 -9999 -9999 -9999 -9999 -9999 -9999 -9999 -9999 -9999 -9999 -9999 -9999 -9999 -9999 -9999 -9999 -9999 -9999 -9999 -9999 -9999 -9999 -9999 -9999 -9999 -9999 -9999 83 -9999 -9999 -9999 -9999 -9999 -9999 -9999 -9999 88 90 88 -9999 -9999 -9999 -9999
36 23 18 -6 -22 28 24 27 32 40 36 38 38 40 40 35 25 25 39 14 5 18 -3 -1 -6 -5 15 -3 12 21 35 38 46 50 49 52 51 45 48 54 50 50 52 45 45 51 57 67 72 -9999 -9999 -9999 -9999 -9999 -9999 -9999 -9999 -9999 -9999 -9999 -9999 -9999 -9999 -9999 -9999 -9999 -9999 -9999 -9999 -9999 -9999 -9999 -9999 -9999 -9999 -9999 79 68 60 54 42 47 54 40 60 62 65 68 69 77 86 -9999 -9999 -9999 -9999 -9999
33 19 31 -6 -0 27 13 19 -8 27 41 43 45 40 20 10 21 12 22 25 -27 4 11 -4 -4 -2 10 -1 2 6 25 37 43 49 50 50 55 59 59 63 61 62 63 62 57 48 50 64 71 -9999 -9999 -9999 -9999 -9999 -9999 -9999 -9999 -9999 -9999 -9999 -9999 -9999 -9999 -9999 -9999 -9999 -9999 -9999 -9999 -9999 -9999 -9999 -9999 75 70 63 43 42 40 32 26 15 13 11 8 12 21 25 31 36 53 66 75 -9999 -9999 85
59 19 44 17 1 24 15 28 14 32 37 47 48 40 40 42 26 16 30 54 20 6 35 28 17 3 0 -2 14 20 31 41 50 51 49 48 53 61 64 66 65 68 69 68 65 61 61 64 69 75 -9999 -9999 -9999 -9999 -9999 -9999 -9999 -9999 -9999 -9999 -9999 -9999 -9999 -9999 -9999 -9999 -9999 -9999 -9999 -9999 -9999 86 82 78 74 61 41 31 28 20 16 16 19 17 26 41 35 40 46 38 27 43 50 62 81 84
32 18 33 23 11 27 22 24 34 25 28 42 44 46 44 46 49 38 45 58 59 22 34 36 40 27 38 23 15 27 41 49 52 53 50 51 58 64 65 68 67 71 74 72 68 66 67 67 65 69 76 79 -9999 -9999 -9999 -9999 -9999 -9999 -9999 -9999 -9999 -9999 -9999 -9999 -9999 -9999 -9999 -9999 -9999 79 75 68 80 73 58 39 37 28 24 13 17 21 30 36 32 29 18 30 56 61 58 32 28 40 63 66
51 57 22 25 38 22 22 31 35 24 27 28 23 20 53 60 56 54 54 64 61 30 27 45 33 48 51 51 42 48 56 48 51 54 48 46 60 65 68 69 70 70 73 73 70 68 67 68 69 70 74 78 78 78 79 82 80 80 -9999 -9999 -9999 83 86 -9999 -9999 -9999 -9999 -9999 77 75 62 65 66 57 47 32 45 37 34 30 24 18 17 13 6 -2 -7 7 27 45 44 61 61 53 38 45
84 42 40 42 51 20 24 25 36 26 24 10 27 25 48 69 68 61 50 70 79 70 56 65 79 75 49 52 69 78 78 78 80 78 68 52 61 71 72 71 67 68 73 71 68 69 70 71 74 76 74 78 79 80 81 80 78 76 78 79 82 83 85 86 81 81 74 73 67 51 44 58 40 41 17 41 36 30 26 11 1 -11 -14 -18 16 25 37 44 44 18 24 26 38 50 41 35
80 61 26 37 40 26 27 2 37 32 1 29 59 40 53 74 74 72 56 53 71 81 84 74 54 78 75 85 86 85 84 84 81 77 73 79 76 78 74 72 70 71 72 69 71 -9999 -9999 74 -9999 -9999 -9999 80 81 83 85 82 79 73 72 73 78 82 87 83 60 66 62 60 48 33 27 38 35 16 13 30 15 7 9 10 4 12 7 15 14 -3 13 28 39 47 15 22 20 39 34 23
66 63 29 33 42 25 28 12 27 34 37 34 62 74 75 78 78 75 77 69 67 65 71 79 79 82 -9999 73 69 -9999 -9999 -9999 -9999 -9999 -9999 -9999 85 80 78 75 72 70 72 62 67 -9999 -9999 -9999 -9999 -9999 -9999 -9999 -9999 -9999 -9999 -9999 85 80 73 83 83 81 86 84 70 48 50 52 35 33 34 20 22 18 9 -2 4 6 4 3 5 12 9 13 5 7 24 18 30 31 16 27 42 49 46 21
73 44 22 24 35 29 28 34 20 39 39 6 41 75 78 81 84 83 70 70 78 75 73 -9999 -9999 -9999 -9999 83 80 -9999 -9999 -9999 -9999 94 -9999 -9999 86 84 79 78 82 79 73 81 -9999 74 80 82 -9999 -9999 -9999 -9999 86 71 71 77 75 71 57 49 44 58 52 49 42 28 28 21 19 13 -1 -2 7 5 4 11 -1 -10 5 1 6 25 26 25 35 39 47 46 18 31 16 28 31 48 53 36
64 60 45 34 12 19 35 43 35 24 38 30 25 50 67 78 -9999 84 81 71 64 66 78 90 92 98 -9999 -9999 -9999 -9999 -9999 -9999 93 61 92 -9999 -9999 88 81 82 83 82 82 83 87 83 65 75 75 71 81 81 80 83 83 72 75 76 68 63 71 59 48 43 30 24 27 25 20 28 23 9 -2 13 23 15 10 -3 -0 18 16 28 38 44 48 40 27 22 28 32 29 28 36 47 30 23
61 58 54 42 22 26 25 43 48 34 41 55 37 35 75 84 -9999 -9999 88 89 88 86 91 -9999 83 82 86 -9999 -9999 -9999 -9999 -9999 -9999 -9999 89 91 -9999 90 87 80 74 70 84 84 80 81 80 81 81 81 82 85 84 84 81 70 64 67 64 57 69 48 40 38 40 35 26 29 35 34 34 25 34 28 27 19 24 14 15 14 23 34 34 33 45 38 22 19 19 25 21 31 34 29 24 40
63 57 38 58 51 22 18 38 51 49 47 45 39 26 12 79 -9999 -9999 -9999 -9999 94 -9999 89 85 103 42 78 -9999 -9999 -9999 -9999 -9999 -9999 -9999 87 92 -9999 92 83 76 67 77 79 73 61 74 77 80 81 82 84 76 67 60 43 18 56 60 46 43 55 53 50 40 44 48 40 37 51 53 50 47 44 40 24 34 21 24 16 2 28 23 20 20 43 37 22 24 18 25 17 15 21 27 17 9
