resultados/variables_proyeccion_tiempo/variables_futuro_csiro_A1B/bio2.asc
ncols 330
nrows 228
xllcorner -12.000000
yllcorner 34.000000
cellsize 0.166667
NODATA_value -9999
[rows 98 to 146 of 228, columns 96 to 191 of 330]
-9999 -9999 -9999 -9999 -9999 -9999 -9999 -9999 -9999 -9999 -9999 -9999 -9999 -9999 -9999 -9999 -9999 -9999 -9999 -9999 -9999 -9999 -9999 -9999 55 56 57 59 61 63 65 66 67 66 66 65 65 66 63 54 51 -9999 45 46 48 51 54 56 59 62 63 61 60 60 59 59 59 58 57 56 55 54 -9999 -9999 -9999 -9999 -9999 -9999 -9999 -9999 -9999 -9999 -9999 -9999 -9999 -9999 -9999 -9999 -9999 -9999 -9999 -9999 -9999 -9999 -9999 -9999 -9999 -9999 -9999 -9999 -9999 -9999 -9999 -9999 -9999 -9999
-9999 -9999 -9999 -9999 -9999 -9999 -9999 -9999 -9999 -9999 -9999 -9999 -9999 -9999 -9999 -9999 -9999 -9999 -9999 -9999 -9999 -9999 -9999 -9999 -9999 55 56 58 59 62 64 66 66 65 65 63 64 64 62 55 51 -9999 44 45 48 51 53 56 58 60 60 -9999 -9999 60 59 59 58 58 57 56 55 54 -9999 -9999 -9999 -9999 -9999 -9999 -9999 -9999 -9999 -9999 -9999 -9999 -9999 -9999 -9999 -9999 -9999 -9999 -9999 -9999 -9999 -9999 -9999 -9999 -9999 -9999 -9999 -9999 -9999 -9999 -9999 -9999 -9999 -9999
-9999 -9999 -9999 -9999 -9999 -9999 -9999 -9999 -9999 -9999 -9999 -9999 -9999 -9999 -9999 -9999 -9999 -9999 -9999 -9999 -9999 -9999 -9999 -9999 -9999 -9999 -9999 52 57 60 64 66 65 63 62 61 60 60 58 54 51 -9999 -9999 46 48 50 53 55 57 59 60 -9999 -9999 -9999 -9999 -9999 -9999 -9999 -9999 -9999 -9999 -9999 -9999 -9999 48 49 -9999 -9999 -9999 -9999 -9999 -9999 -9999 -9999 -9999 -9999 -9999 -9999 -9999 -9999 -9999 -9999 -9999 -9999 -9999 -9999 -9999 -9999 -9999 -9999 -9999 -9999 -9999 -9999 -9999 -9999
-9999 -9999 -9999 -9999 -9999 -9999 -9999 -9999 -9999 -9999 -9999 -9999 -9999 -9999 -9999 -9999 -9999 -9999 -9999 -9999 -9999 -9999 -9999 -9999 -9999 -9999 46 51 56 59 62 64 63 61 58 56 57 57 56 54 51 48 -9999 -9999 -9999 -9999 54 55 57 59 59 -9999 -9999 -9999 -9999 -9999 -9999 -9999 -9999 -9999 -9999 -9999 -9999 -9999 50 51 52 -9999 -9999 -9999 -9999 -9999 -9999 -9999 -9999 -9999 -9999 -9999 -9999 -9999 -9999 -9999 -9999 -9999 -9999 -9999 -9999 -9999 -9999 -9999 -9999 -9999 -9999 -9999 -9999 -9999
-9999 -9999 -9999 -9999 -9999 -9999 -9999 -9999 -9999 -9999 -9999 -9999 -9999 -9999 -9999 -9999 -9999 -9999 -9999 -9999 -9999 -9999 -9999 -9999 -9999 48 48 54 55 59 61 62 61 60 58 54 53 55 55 54 52 51 50 50 51 53 54 55 57 58 59 59 -9999 -9999 -9999 -9999 -9999 -9999 -9999 -9999 -9999 -9999 -9999 -9999 -9999 -9999 -9999 -9999 -9999 -9999 -9999 -9999 -9999 -9999 -9999 -9999 -9999 -9999 -9999 -9999 -9999 -9999 -9999 -9999 -9999 -9999 -9999 -9999 -9999 -9999 -9999 -9999 -9999 -9999 -9999 64
-9999 -9999 -9999 -9999 -9999 -9999 -9999 -9999 -9999 -9999 -9999 -9999 -9999 -9999 -9999 -9999 -9999 -9999 -9999 -9999 -9999 -9999 -9999 -9999 -9999 50 52 53 57 60 62 62 61 60 59 56 -9999 -9999 -9999 -9999 54 -9999 52 52 53 54 55 56 57 -9999 -9999 -9999 -9999 -9999 -9999 -9999 -9999 -9999 -9999 -9999 -9999 -9999 -9999 -9999 -9999 -9999 -9999 -9999 -9999 -9999 -9999 -9999 -9999 -9999 -9999 -9999 -9999 -9999 65 65 65 64 63 63 62 61 61 60 60 -9999 -9999 -9999 -9999 -9999 -9999 66
-9999 -9999 -9999 -9999 -9999 -9999 -9999 -9999 -9999 -9999 -9999 -9999 -9999 -9999 -9999 -9999 -9999 -9999 -9999 -9999 -9999 -9999 -9999 -9999 -9999 -9999 51 57 59 61 63 64 64 63 62 60 58 -9999 -9999 -9999 -9999 -9999 58 -9999 55 55 -9999 57 -9999 -9999 -9999 -9999 -9999 -9999 62 62 62 61 -9999 -9999 -9999 -9999 -9999 -9999 -9999 -9999 -9999 -9999 -9999 -9999 -9999 -9999 -9999 -9999 -9999 67 67 67 66 66 66 66 65 64 64 63 62 62 60 -9999 -9999 -9999 -9999 -9999 67 67
-9999 -9999 -9999 -9999 -9999 -9999 -9999 -9999 -9999 -9999 -9999 -9999 -9999 -9999 -9999 -9999 -9999 -9999 -9999 -9999 -9999 -9999 -9999 -9999 -9999 -9999 56 61 63 65 66 66 67 66 65 64 63 64 64 64 -9999 62 59 58 -9999 -9999 -9999 -9999 -9999 -9999 61 61 62 63 63 63 63 63 64 -9999 -9999 -9999 -9999 -9999 -9999 -9999 -9999 -9999 -9999 -9999 -9999 -9999 -9999 -9999 68 68 68 68 68 68 67 67 66 65 65 64 64 64 64 -9999 -9999 66 67 67 68 69
-9999 -9999 -9999 -9999 -9999 -9999 -9999 -9999 -9999 -9999 -9999 -9999 -9999 -9999 -9999 -9999 -9999 -9999 -9999 -9999 -9999 -9999 -9999 -9999 -9999 -9999 -9999 63 64 68 69 69 70 69 68 68 67 67 66 66 65 64 64 -9999 -9999 -9999 -9999 -9999 61 61 62 63 63 64 64 65 64 -9999 65 -9999 -9999 -9999 -9999 -9999 -9999 -9999 -9999 -9999 -9999 68 69 69 70 70 70 70 70 70 69 69 69 68 68 67 67 66 66 66 66 66 67 68 68 68 69 70
-9999 -9999 -9999 -9999 -9999 -9999 -9999 -9999 -9999 -9999 -9999 -9999 -9999 -9999 -9999 -9999 -9999 -9999 -9999 -9999 -9999 -9999 -9999 -9999 -9999 -9999 -9999 -9999 70 71 72 72 72 72 72 71 71 70 70 70 69 67 -9999 -9999 65 64 63 62 62 62 63 64 65 65 66 66 67 67 67 67 68 -9999 -9999 -9999 68 69 68 69 69 69 70 70 71 71 71 71 71 71 70 70 70 70 70 70 69 69 68 69 69 69 69 70 70 71 71 72
-9999 -9999 -9999 -9999 -9999 -9999 -9999 -9999 -9999 -9999 -9999 -9999 -9999 -9999 -9999 -9999 -9999 -9999 -9999 -9999 -9999 -9999 -9999 -9999 -9999 -9999 66 74 77 75 75 75 75 75 75 75 74 74 74 74 73 72 70 69 68 66 65 64 64 65 65 66 66 67 68 68 68 69 69 69 69 70 70 70 70 70 70 71 71 71 71 72 72 72 72 72 72 72 72 72 72 72 72 72 71 71 71 71 72 72 72 72 72 72 73 73
-9999 -9999 -9999 -9999 -9999 -9999 -9999 -9999 -9999 -9999 -9999 -9999 -9999 -9999 -9999 -9999 -9999 -9999 -9999 -9999 52 56 55 59 62 64 -9999 74 78 78 78 78 78 78 77 77 78 78 78 78 77 75 73 71 70 69 68 67 67 67 67 68 68 68 69 70 70 71 71 71 72 73 74 73 73 73 73 72 72 72 72 72 73 73 73 73 74 74 74 74 74 74 74 74 73 73 74 74 74 74 74 74 74 74 74 75
-9999 -9999 -9999 -9999 -9999 -9999 -9999 -9999 -9999 -9999 -9999 -9999 -9999 -9999 -9999 -9999 60 56 57 56 57 59 60 62 65 69 72 76 78 79 79 79 80 80 80 80 81 81 81 80 79 77 75 74 72 71 70 70 69 69 69 70 70 70 71 71 72 72 72 73 74 74 75 76 76 75 74 74 73 74 74 74 74 74 75 75 75 75 75 75 75 75 76 76 76 76 76 76 77 76 76 76 76 76 76 76
-9999 -9999 -9999 -9999 -9999 -9999 -9999 54 56 58 60 63 64 66 68 68 67 66 64 64 64 64 65 67 69 73 74 77 79 79 80 81 81 82 82 82 83 84 84 83 81 79 77 76 74 73 72 72 71 71 71 72 72 72 72 73 73 73 74 75 75 76 77 78 78 77 76 75 75 74 75 75 75 76 76 76 76 76 77 77 77 77 78 78 78 78 79 79 79 78 78 78 78 77 77 77
-9999 -9999 -9999 -9999 -9999 51 -9999 -9999 59 60 62 65 67 69 71 73 72 70 70 70 68 69 70 71 73 75 77 78 79 80 81 82 82 84 84 85 85 86 86 84 82 81 79 78 76 75 74 74 73 73 73 74 74 74 74 75 75 75 76 76 77 78 78 79 78 78 77 77 76 76 76 76 76 77 77 77 78 78 78 79 79 79 79 80 80 80 81 81 81 80 80 79 79 79 78 79
-9999 -9999 -9999 -9999 50 50 -9999 -9999 60 63 65 68 70 72 75 77 76 74 73 73 73 73 74 75 76 78 78 79 80 80 81 82 83 84 85 86 86 86 86 85 83 81 80 79 78 77 76 76 75 75 75 76 76 76 76 77 77 77 77 78 78 79 79 78 78 78 78 77 77 77 77 77 78 78 78 79 80 80 80 80 81 81 81 82 82 83 83 84 83 82 81 80 80 80 80 80
-9999 -9999 -9999 -9999 51 54 57 -9999 64 65 68 70 72 74 76 77 77 76 76 76 76 76 77 77 78 79 80 80 80 81 82 82 83 84 85 86 86 86 85 84 83 82 81 80 79 78 78 77 77 77 77 78 78 78 78 78 78 78 78 78 79 79 79 79 79 78 78 78 78 78 78 78 79 79 80 81 81 81 82 82 82 82 82 83 83 84 84 85 84 83 82 82 81 81 80 81
-9999 -9999 -9999 55 55 57 60 64 -9999 69 70 72 74 76 77 78 78 78 77 77 78 78 79 79 80 80 80 80 80 81 81 82 83 84 85 85 85 85 84 84 83 82 81 80 79 79 79 78 78 78 79 79 80 80 80 80 80 79 79 79 80 80 80 79 79 79 78 79 79 79 79 79 79 80 81 82 82 83 83 83 83 83 84 84 84 84 85 85 84 84 83 83 82 82 82 81
-9999 -9999 -9999 58 59 61 63 64 70 71 72 74 75 76 77 78 78 78 78 78 78 79 79 79 79 80 80 80 80 81 81 82 82 83 84 84 85 85 84 83 83 82 81 80 80 79 79 79 79 80 80 81 81 82 82 82 81 80 80 80 80 80 80 80 80 79 79 79 79 79 79 80 80 81 82 83 84 84 84 84 84 84 84 85 85 85 85 85 85 84 84 84 83 83 82 82
-9999 -9999 -9999 61 63 66 68 71 72 73 74 75 76 77 78 78 79 79 79 78 78 78 78 77 77 79 79 80 80 80 81 82 82 83 83 84 84 84 84 83 82 82 81 81 80 80 80 80 80 81 81 82 82 83 83 83 82 81 81 80 80 80 80 80 79 79 78 78 78 79 80 80 81 81 82 83 84 85 85 85 85 85 85 85 86 86 85 85 85 84 84 84 83 83 83 83
-9999 -9999 61 63 66 70 73 74 75 75 75 76 77 78 78 78 79 79 79 78 78 77 76 76 75 76 77 78 78 80 80 80 80 82 83 84 84 83 83 82 80 81 80 80 80 81 81 80 81 81 81 82 83 83 84 83 82 81 81 81 80 80 80 80 80 79 78 78 78 79 80 81 82 82 83 84 85 86 86 86 86 86 86 86 86 86 86 86 85 85 84 84 84 84 84 84
-9999 61 63 66 69 72 76 77 77 77 77 77 77 78 78 78 78 78 78 77 77 77 76 76 75 76 76 77 77 77 77 79 81 81 83 83 83 83 82 82 81 81 81 80 81 81 81 81 81 81 80 81 82 83 83 82 82 81 81 81 80 80 79 79 80 79 79 79 79 79 80 81 82 83 84 85 86 86 87 87 87 87 87 87 87 86 86 86 85 85 85 84 84 84 84 84
61 63 66 68 71 74 76 77 77 77 77 78 78 78 77 77 77 78 78 77 77 77 76 76 76 76 76 76 76 75 78 78 80 81 82 83 83 80 79 79 80 80 81 81 81 82 82 82 82 82 81 81 82 82 82 81 81 81 81 81 80 80 80 80 80 79 79 79 78 79 80 82 83 84 85 86 87 87 88 87 87 87 87 87 87 87 86 86 86 85 85 84 84 84 84 84
63 65 68 70 72 74 76 76 77 77 78 78 78 78 78 77 77 77 77 78 78 77 77 76 76 76 76 76 76 74 77 78 80 79 82 84 84 81 75 72 75 77 79 80 81 82 82 82 82 82 82 81 82 82 82 81 80 80 80 80 80 80 80 80 80 79 79 79 79 80 81 82 84 84 86 87 87 88 88 88 88 88 87 87 87 87 87 86 86 85 85 84 84 83 84 84
65 68 70 72 74 75 76 76 76 76 77 78 78 78 79 79 78 78 78 78 78 78 77 76 76 75 74 74 74 74 76 78 80 81 83 86 85 84 81 80 78 77 78 79 80 81 82 82 82 82 82 81 81 81 81 81 80 80 79 79 79 79 79 79 79 79 79 80 80 80 81 82 83 85 86 88 89 89 90 89 89 88 88 87 87 87 86 86 86 85 84 84 84 84 84 85
68 71 72 74 75 76 76 76 75 76 77 78 78 79 80 80 81 78 78 78 78 77 75 74 73 72 71 70 72 74 77 78 79 81 83 86 85 84 82 81 82 82 82 83 82 81 82 82 82 82 81 81 81 80 80 80 80 79 79 79 78 79 79 80 80 80 80 80 80 81 82 83 84 86 87 88 89 90 90 90 89 89 88 87 87 87 86 86 85 85 84 84 84 84 85 85
71 73 75 77 77 77 77 76 76 77 77 78 78 79 80 81 83 80 78 77 75 74 73 73 71 70 68 67 72 75 76 78 80 82 82 85 86 84 84 84 84 83 84 83 82 82 82 82 82 82 81 81 80 79 79 79 79 78 77 77 76 78 79 80 80 80 81 80 81 81 82 83 85 87 88 89 90 91 90 90 90 89 89 88 87 87 87 86 85 85 84 84 84 84 85 85
74 77 79 79 79 79 78 78 77 77 78 78 78 78 79 81 83 83 82 80 77 75 73 73 71 69 69 71 75 76 77 80 82 83 84 86 87 88 86 86 86 86 85 84 83 83 82 82 82 82 81 81 80 78 78 77 76 76 77 75 75 75 76 77 79 80 80 80 80 81 81 82 84 87 88 90 91 92 92 91 90 90 89 88 88 87 86 86 85 85 84 84 84 84 85 85
78 80 82 82 81 81 80 79 78 78 78 77 77 78 79 80 82 84 85 83 80 78 75 75 74 71 72 75 78 79 79 81 82 84 86 88 89 89 88 87 87 86 85 84 83 82 82 81 81 81 81 80 79 78 76 74 73 72 73 75 75 75 76 76 79 80 78 74 74 78 80 79 81 85 87 89 90 92 92 91 91 90 90 89 88 87 86 86 85 84 84 84 85 85 86 86
81 83 84 84 82 82 80 80 79 78 77 75 74 74 75 78 80 82 84 83 81 79 78 76 73 75 76 78 81 81 82 83 83 85 87 89 90 90 89 87 85 86 85 84 84 83 81 80 81 80 80 79 77 76 74 73 71 68 68 70 73 76 77 78 80 79 78 74 72 68 70 77 80 80 83 87 89 90 91 91 91 91 90 89 88 88 87 86 86 84 84 84 84 86 86 86
83 84 85 84 83 82 81 80 78 78 76 74 70 69 71 73 75 77 80 81 79 78 78 75 75 77 80 81 83 83 83 82 84 86 88 90 92 92 91 90 87 84 84 83 84 81 80 79 80 80 79 78 75 73 72 70 70 73 75 74 76 78 80 82 82 82 82 81 79 78 79 79 80 82 83 84 88 89 90 90 91 90 90 90 89 89 88 87 86 86 85 85 85 86 87 87
84 84 85 85 83 82 81 79 78 77 74 72 69 68 68 70 71 73 73 78 81 82 78 80 81 80 80 81 85 86 85 85 86 87 89 92 92 93 92 91 90 87 85 83 81 80 79 78 80 80 76 73 71 69 72 75 78 78 78 78 81 83 85 84 84 85 85 84 84 83 83 83 85 82 81 87 86 86 90 90 90 90 90 90 90 89 89 88 87 87 87 87 87 87 87 88
85 85 85 84 84 83 81 80 79 76 73 72 71 70 70 71 71 72 73 77 79 80 80 80 80 80 79 83 87 88 88 87 87 88 90 92 93 93 92 92 91 90 89 87 84 81 79 79 79 79 80 79 79 79 74 77 80 80 79 80 84 87 88 88 88 88 87 87 86 86 86 87 87 84 79 82 82 80 82 84 85 88 90 90 90 90 90 90 90 89 89 89 88 88 88 89
86 85 86 85 85 83 82 80 77 76 74 73 73 72 72 72 73 74 77 77 76 77 82 81 81 82 84 88 89 90 88 88 88 88 89 91 92 92 92 91 91 90 88 87 86 84 80 79 80 82 84 81 76 77 77 79 79 80 81 83 85 89 90 90 89 89 89 88 88 88 88 88 87 87 85 84 82 83 82 77 83 86 89 90 91 91 91 91 91 91 91 92 92 91 92 93
87 86 86 85 84 83 81 79 78 76 76 75 76 76 76 76 77 80 80 77 79 79 82 86 85 84 87 90 90 90 90 88 88 88 89 89 89 90 90 90 91 91 87 87 85 85 82 81 80 82 81 80 80 80 80 81 82 83 84 86 88 90 91 89 88 88 87 88 89 87 86 88 87 87 86 86 85 88 86 84 84 86 89 90 91 92 92 92 93 93 93 93 93 94 94 94
88 88 88 87 87 85 83 82 80 79 78 79 79 78 80 81 82 83 84 85 84 85 86 85 85 86 88 89 88 89 88 89 88 88 87 86 87 89 89 89 90 90 89 87 86 84 83 83 82 82 80 81 83 83 84 85 86 85 84 85 88 90 91 90 89 88 88 86 86 86 84 83 83 84 85 86 86 89 91 90 86 86 88 90 92 93 93 93 93 91 91 92 91 94 94 93
90 91 90 89 88 86 86 84 83 82 81 80 81 82 83 84 84 86 89 90 88 88 86 84 85 87 88 88 87 87 87 88 88 87 87 86 86 87 88 88 89 90 90 88 86 85 84 83 83 82 82 82 83 85 86 87 86 87 85 87 89 91 90 89 89 87 88 87 86 86 85 84 82 84 85 87 86 87 91 92 90 89 90 92 91 91 91 88 92 90 91 89 89 89 92 94
93 92 92 91 90 88 86 85 84 83 82 81 83 85 85 88 88 88 87 88 89 90 89 86 85 88 87 87 87 88 88 88 88 88 87 86 86 86 86 87 88 90 90 89 86 84 84 84 84 84 83 83 83 86 86 87 87 88 90 90 92 92 91 91 91 88 87 87 86 86 86 86 86 87 87 88 86 87 91 92 93 92 90 91 90 89 88 90 93 92 91 89 93 95 95 95
94 94 92 91 91 89 87 86 84 85 84 84 84 86 88 89 89 87 84 85 87 88 87 86 87 88 88 87 87 88 89 90 89 88 87 86 86 85 85 86 87 88 90 88 87 85 84 84 84 84 85 86 86 86 85 85 87 90 91 93 94 93 94 93 92 90 89 87 87 86 88 88 88 88 90 90 89 90 91 92 93 93 92 91 92 91 92 96 97 95 89 93 95 91 82 80
94 94 93 92 91 90 88 86 86 85 85 85 85 86 88 88 88 86 84 84 86 87 88 88 89 89 89 88 88 89 90 90 89 87 87 86 85 85 85 86 87 89 88 88 87 86 84 85 85 85 84 85 86 87 85 85 83 85 89 91 94 95 95 94 94 93 91 89 90 89 89 90 90 91 92 92 92 92 92 92 94 94 94 93 92 96 97 96 92 98 96 95 97 98 93 92
96 95 94 93 92 91 89 87 86 85 86 85 86 87 88 88 88 87 86 85 86 87 88 89 90 90 88 89 88 89 89 89 89 87 86 86 86 85 85 86 86 87 87 87 87 86 86 86 86 87 88 89 90 89 89 90 88 87 88 90 90 93 96 95 94 94 92 92 92 92 92 92 93 94 94 94 93 94 94 95 95 93 92 95 97 96 94 95 98 98 90 91 89 85 91 91
96 96 95 94 93 91 89 87 86 86 86 87 87 87 88 88 88 87 86 85 86 87 89 89 90 89 87 88 89 89 88 88 88 87 87 85 84 84 85 86 86 87 87 88 88 88 87 87 87 87 88 90 92 94 95 95 97 96 92 91 92 94 95 94 93 94 93 93 92 93 93 94 95 96 96 94 95 96 96 95 94 94 96 97 96 100 98 101 98 94 99 103 98 99 98 97
98 96 95 94 94 92 90 88 87 86 87 88 87 88 89 89 88 87 84 83 86 87 88 89 89 85 88 90 90 90 88 88 87 86 85 85 85 86 86 86 86 86 86 87 87 88 87 88 88 88 89 90 92 95 97 99 101 100 97 97 96 94 96 93 91 93 93 94 94 94 95 96 96 96 95 96 96 97 97 96 96 96 99 98 100 101 101 97 101 102 106 106 101 98 100 103
97 96 96 95 94 92 90 88 86 86 87 87 89 90 90 90 88 86 82 81 85 87 88 88 88 87 90 92 92 91 90 88 87 85 85 86 87 87 86 86 85 85 85 86 87 88 89 90 89 90 90 91 93 96 98 101 103 102 101 101 101 98 99 98 95 93 92 93 95 98 99 98 98 98 97 97 98 98 97 94 97 99 100 100 101 100 101 100 101 100 103 99 102 105 107 107
97 96 95 93 92 91 90 88 86 86 87 89 90 90 91 90 87 86 81 82 87 87 88 86 87 88 91 93 94 92 90 88 87 87 87 87 87 87 87 86 85 85 85 86 88 90 91 91 91 92 92 93 96 98 100 102 103 103 104 104 105 105 104 104 102 100 99 100 99 99 100 99 98 97 99 99 99 99 96 98 100 100 101 102 102 103 103 103 103 103 103 102 105 106 106 105
96 95 93 92 91 91 89 85 84 86 87 90 91 92 91 90 84 79 78 84 87 87 87 85 81 82 90 94 94 93 90 88 87 87 87 88 88 88 88 87 86 85 86 87 88 90 92 93 94 94 94 96 98 100 101 101 101 102 104 105 105 105 105 104 104 103 102 101 100 99 97 97 97 98 100 99 99 99 100 100 100 101 102 102 103 103 102 102 102 102 102 103 103 104 103 103
94 92 92 91 90 89 85 83 82 86 89 92 94 96 93 88 84 79 79 86 87 86 84 77 76 80 88 91 91 90 88 87 86 87 88 89 90 90 89 88 86 85 87 88 89 91 93 96 97 97 98 98 100 102 102 102 102 103 104 102 103 103 102 101 101 99 97 95 94 95 94 95 96 100 100 99 100 100 100 100 101 101 101 102 103 103 101 100 100 96 98 99 100 100 101 100
93 91 90 89 87 86 83 82 84 87 89 92 95 98 97 92 86 84 86 87 86 85 78 75 75 80 85 87 87 86 85 85 85 86 89 91 92 93 92 90 87 86 88 91 92 91 93 94 98 96 99 98 97 101 102 99 101 99 96 94 93 98 96 99 97 96 93 92 92 89 89 94 98 98 99 100 101 101 101 101 101 101 101 101 102 101 100 99 97 95 96 96 98 100 101 102
90 89 88 86 85 85 85 86 88 89 91 93 94 96 96 94 91 89 87 86 85 85 84 82 82 83 83 83 83 84 83 84 85 87 90 92 93 95 90 88 88 83 87 87 89 90 90 91 98 98 100 95 97 96 94 95 96 96 94 96 92 93 95 93 94 92 89 90 90 94 90 88 95 95 98 99 100 101 100 100 100 100 100 100 100 99 97 96 95 92 93 93 95 98 100 102
