resultados/variables_proyeccion_tiempo/variables_futuro_csiro_A1B/bio2.asc
ncols 330
nrows 228
xllcorner -12.000000
yllcorner 34.000000
cellsize 0.166667
NODATA_value -9999
[rows 98 to 146 of 228, columns 192 to 287 of 330]
-9999 -9999 -9999 -9999 -9999 -9999 59 62 65 68 68 69 70 70 70 70 71 71 72 72 72 72 72 73 74 74 75 76 76 76 77 76 77 76 76 75 74 74 74 73 73 73 73 73 73 73 74 74 74 74 74 75 75 75 76 76 76 77 77 77 77 78 78 78 78 78 78 78 77 77 77 77 76 76 76 76 76 77 77 77 77 77 77 77 77 77 77 77 77 77 77 77 76 76 76 75
-9999 -9999 -9999 -9999 -9999 -9999 59 65 68 70 70 70 71 71 71 72 72 72 72 73 73 73 74 74 74 75 76 77 77 78 77 77 77 77 76 75 75 74 74 74 74 74 74 74 74 74 74 74 74 74 75 75 75 76 76 76 77 77 77 77 77 77 77 77 78 77 77 77 77 76 76 76 76 76 76 76 76 76 76 76 76 76 77 77 77 77 77 77 77 77 77 77 76 76 76 76
-9999 -9999 -9999 -9999 -9999 59 -9999 67 70 71 72 72 72 72 73 73 73 73 73 73 74 74 74 75 75 76 77 78 78 78 78 77 77 76 76 75 75 74 74 74 74 74 74 74 74 74 74 74 74 74 75 75 75 76 76 76 77 77 77 77 77 77 77 77 77 77 76 76 76 76 75 75 75 75 75 75 75 76 76 76 76 76 76 76 76 76 76 77 77 77 77 77 77 76 76 76
-9999 -9999 -9999 65 63 -9999 -9999 68 70 72 72 72 73 73 73 74 74 74 74 74 74 74 74 75 76 77 78 78 78 78 78 77 76 76 75 75 74 74 74 74 74 74 74 74 74 74 74 74 75 75 75 75 76 76 76 77 77 77 77 77 76 76 76 76 76 76 76 75 75 75 75 75 74 74 75 75 75 75 76 76 76 76 76 76 76 76 77 77 77 77 77 77 77 77 76 76
65 66 67 67 67 68 68 70 71 72 73 73 73 74 74 74 74 75 75 75 75 75 75 75 77 78 78 79 79 78 78 77 76 75 75 74 74 74 74 74 74 74 74 74 74 74 74 75 75 75 75 76 76 76 76 76 77 77 77 77 77 76 76 76 76 76 76 75 75 75 74 74 74 74 74 74 75 75 75 76 76 76 76 76 76 76 76 77 77 77 77 77 76 76 76 76
66 68 69 70 70 70 70 71 72 73 73 74 74 74 74 75 75 75 76 75 76 76 76 77 78 79 80 80 80 79 78 77 76 75 74 74 74 74 74 74 74 74 74 74 74 74 74 75 75 75 75 76 76 76 76 77 77 77 77 77 77 77 77 76 76 76 76 75 75 74 74 74 73 74 74 74 75 75 75 75 76 76 76 76 76 76 76 77 77 77 77 77 77 77 76 76
69 70 71 72 72 72 72 73 73 74 74 74 74 75 75 75 75 76 76 76 77 77 78 78 80 81 81 81 81 80 78 77 76 76 75 75 75 75 75 75 75 74 74 75 75 75 75 75 75 75 76 76 76 77 77 77 77 77 77 77 77 77 77 77 76 76 76 75 75 74 74 74 73 74 74 74 75 75 75 75 76 76 76 76 76 76 77 77 77 77 77 77 77 77 77 77
70 70 72 73 73 74 74 74 74 74 75 74 75 75 75 75 75 76 76 77 78 78 79 80 81 82 83 83 82 81 79 78 78 77 76 76 76 75 75 75 75 75 75 75 75 75 75 75 76 76 76 76 77 77 77 77 77 78 78 78 78 77 77 77 77 76 76 76 75 75 74 74 74 74 75 75 75 75 75 76 76 76 76 76 76 77 77 77 77 77 77 77 77 77 77 77
71 72 73 73 74 75 75 75 75 75 75 76 76 76 76 76 76 76 77 78 79 80 81 82 83 84 85 85 84 82 81 80 79 78 77 77 76 76 76 76 76 76 75 75 75 75 75 76 76 76 77 77 77 77 78 78 78 78 78 78 78 78 78 78 77 77 76 76 75 75 75 75 75 75 75 75 75 75 76 76 76 76 76 76 77 77 77 77 77 77 78 78 78 78 78 78
73 74 74 75 75 76 76 76 76 76 76 77 77 77 77 77 77 78 78 79 80 81 82 83 84 85 86 86 85 84 82 81 80 79 79 78 78 77 77 76 76 76 76 76 76 76 76 76 77 77 77 78 78 78 78 79 79 79 79 79 79 79 78 78 78 77 77 77 76 76 76 76 76 76 76 76 76 76 76 76 76 76 77 77 77 77 77 78 78 78 78 78 78 78 78 78
74 75 76 76 76 76 77 77 77 77 78 77 77 78 78 78 78 79 80 80 81 82 83 84 85 86 86 86 85 85 83 82 81 80 80 79 78 78 78 77 77 77 77 76 76 76 76 77 77 78 78 78 79 79 79 79 80 80 80 80 80 79 79 79 78 78 78 78 77 77 76 76 76 76 77 77 77 77 77 77 77 77 77 77 77 78 78 78 78 79 79 79 79 79 79 79
75 76 76 77 77 77 78 78 78 78 78 79 79 79 79 79 80 80 81 82 82 83 84 85 86 86 86 86 86 85 84 83 82 81 80 80 79 79 79 78 78 78 78 77 77 77 78 78 78 79 79 79 79 80 80 80 80 80 81 81 81 80 80 79 79 79 78 78 78 78 78 77 77 77 77 77 77 77 77 77 77 78 78 78 78 78 78 79 79 79 79 80 80 80 80 80
77 77 77 78 78 78 78 79 79 79 79 79 79 80 80 80 81 81 82 82 83 84 84 85 86 86 86 86 85 85 84 84 83 82 81 80 80 80 79 79 79 78 78 78 78 78 78 79 79 79 79 80 80 80 81 81 81 81 81 81 81 81 81 80 80 79 79 79 78 78 78 78 78 78 78 78 78 78 78 77 78 78 78 78 78 78 79 79 79 80 80 80 80 80 80 80
77 78 78 78 79 79 79 80 80 80 80 80 80 80 81 81 81 82 82 83 83 84 84 85 86 86 86 86 85 85 84 84 83 82 81 81 81 80 80 79 79 79 79 78 78 79 79 79 79 80 80 80 81 81 81 82 82 82 82 82 82 82 81 81 81 80 79 79 79 79 78 78 78 78 78 78 78 78 78 78 78 78 78 78 78 79 79 79 80 80 80 80 80 80 80 80
79 79 79 79 80 80 80 80 80 80 80 81 81 81 81 82 82 82 83 83 84 84 85 85 85 86 86 86 85 85 84 84 83 82 82 81 81 81 80 80 79 79 79 79 79 79 80 80 80 80 80 81 81 82 82 82 82 82 83 82 82 82 82 81 81 80 80 79 79 79 79 79 79 79 79 78 78 78 78 78 78 78 78 79 79 79 79 80 80 80 80 80 81 81 81 81
80 80 80 80 80 81 80 80 81 81 81 81 81 82 82 82 82 83 83 83 84 84 84 85 85 85 85 85 85 85 84 84 83 83 82 82 81 81 80 80 80 80 80 80 80 80 80 80 80 81 81 81 82 82 82 83 83 83 83 83 83 82 82 82 81 81 80 79 79 79 79 79 79 79 79 79 79 79 78 78 78 78 79 79 79 79 79 80 80 80 80 81 81 81 81 81
80 81 81 81 81 81 81 81 81 81 81 82 82 82 82 82 83 83 83 83 84 84 84 84 85 85 85 85 85 84 84 84 83 83 82 82 82 81 81 80 80 80 80 80 80 80 80 80 81 81 81 82 82 82 83 83 84 84 84 84 83 83 82 82 81 81 80 80 80 80 79 79 79 79 79 79 79 79 79 79 79 79 79 79 79 79 79 80 80 80 81 81 81 81 81 81
82 82 82 82 82 82 82 82 82 82 82 82 82 82 82 83 83 83 83 83 84 83 84 84 84 84 84 84 84 84 84 83 83 83 83 82 82 81 81 81 81 81 81 81 81 81 81 81 81 82 82 82 82 83 83 84 84 84 84 84 84 84 83 82 82 81 81 80 80 80 80 80 80 80 80 80 79 79 79 79 79 79 79 79 79 80 80 80 80 81 81 81 81 81 81 82
82 82 82 82 82 82 83 82 82 82 82 82 82 82 83 83 83 83 83 84 84 84 84 84 84 84 84 84 84 84 84 84 83 83 83 82 82 82 82 81 81 81 81 81 81 82 82 82 82 82 82 83 83 84 84 84 85 85 85 85 85 84 83 83 82 81 81 80 80 80 80 80 80 80 80 80 80 80 80 80 80 80 80 80 80 80 80 81 81 81 81 82 82 82 82 82
83 83 83 83 83 83 83 83 83 83 83 83 83 83 83 83 84 84 84 84 84 84 84 84 84 84 84 84 84 84 84 83 83 83 83 82 82 82 82 81 81 81 81 82 82 82 82 82 83 83 83 83 84 84 84 85 85 86 86 86 85 85 84 83 82 82 81 81 80 80 80 81 81 81 81 80 80 80 80 80 80 80 80 80 80 80 81 81 81 81 82 82 82 82 82 82
84 84 84 84 84 84 84 84 83 83 83 83 83 83 83 84 84 84 84 84 84 84 84 84 84 84 84 84 84 84 84 83 83 83 82 82 82 82 82 82 82 82 82 82 82 82 83 83 83 83 83 84 84 84 85 85 86 86 87 87 86 85 84 83 82 82 81 81 81 81 81 81 81 81 81 81 81 81 81 81 81 81 81 81 81 81 81 82 82 82 82 82 82 82 82 82
84 84 84 84 84 84 84 84 84 84 84 84 84 84 84 84 84 84 84 84 84 84 84 84 84 84 84 84 84 84 83 83 83 83 82 82 82 82 82 82 82 82 82 82 83 83 83 83 84 84 84 84 85 85 85 86 86 86 87 87 86 85 84 84 83 82 82 81 81 81 81 81 81 81 81 81 82 82 82 82 82 82 82 82 82 82 82 82 82 82 82 82 82 82 82 82
84 84 84 84 84 84 84 84 84 84 84 84 84 84 84 84 85 85 85 85 85 84 84 84 84 84 84 84 84 84 84 83 83 82 82 82 82 82 82 82 82 82 83 83 83 84 84 84 84 84 84 85 85 85 85 86 86 86 86 86 86 85 84 84 83 82 82 82 81 81 81 82 82 82 82 82 82 82 82 82 82 82 82 82 82 82 82 82 82 82 82 82 82 82 82 83
84 84 84 84 85 85 85 85 85 84 84 84 84 84 85 85 85 85 85 85 85 85 85 84 84 84 84 84 84 84 84 83 83 83 83 82 82 82 82 82 82 83 83 83 84 84 84 84 84 85 85 85 85 85 86 86 86 86 86 86 85 85 84 84 83 83 82 82 82 82 82 82 82 82 82 82 83 83 83 83 83 83 83 83 83 83 83 83 82 83 82 82 82 82 82 82
85 85 85 85 85 85 85 85 85 85 85 85 84 85 85 85 85 86 86 86 85 85 85 85 84 84 84 84 84 84 83 83 83 82 82 82 82 82 82 83 83 83 83 84 84 84 84 84 85 85 85 85 85 85 86 86 86 86 86 85 85 85 84 84 83 83 82 82 82 82 82 82 82 83 83 83 83 83 83 84 84 83 83 83 83 83 83 83 83 83 83 83 82 82 82 82
85 85 85 85 86 85 85 85 85 84 84 85 84 84 85 85 86 86 86 86 86 86 85 85 85 84 84 84 84 84 83 83 83 82 82 82 82 82 82 83 83 83 83 84 84 84 84 85 85 85 85 85 85 85 85 85 85 85 85 85 85 84 84 83 83 82 82 82 82 82 82 83 83 83 83 83 84 84 84 84 84 84 84 84 84 83 83 83 83 83 82 82 82 82 82 82
85 85 85 84 85 85 85 85 85 84 85 84 84 84 84 85 86 87 87 87 86 86 85 85 84 84 84 84 84 83 83 83 83 82 82 82 82 82 82 83 83 83 83 84 84 84 85 85 85 85 85 85 85 85 85 85 85 85 85 85 84 84 84 83 83 82 82 82 82 82 82 83 83 83 84 84 84 84 84 84 84 84 84 84 84 84 84 83 83 83 83 82 82 82 82 82
85 86 86 85 85 85 85 85 85 85 84 84 84 84 85 85 86 87 87 87 87 86 85 85 84 84 83 83 83 83 83 83 83 83 83 82 82 83 83 83 83 83 84 84 84 84 85 85 85 85 85 85 85 85 85 85 85 84 84 84 84 83 83 83 82 82 82 82 82 82 83 83 83 84 84 84 84 85 85 85 85 85 85 85 84 84 84 84 83 83 83 82 82 82 82 82
86 86 86 86 85 85 85 85 85 84 84 84 84 84 84 85 86 86 87 88 87 86 85 84 84 83 83 83 83 83 83 83 83 83 82 83 83 83 83 83 83 84 84 84 84 85 85 85 85 85 85 85 85 85 85 85 85 85 84 84 83 83 83 82 82 82 82 82 82 83 83 83 84 84 85 85 85 85 86 86 85 85 85 85 85 85 84 84 84 83 83 83 82 82 82 82
87 87 87 87 87 86 85 85 85 85 84 85 85 84 85 85 86 87 88 88 87 86 85 84 84 83 83 83 82 83 83 83 83 83 83 83 83 83 83 84 84 84 84 84 85 85 85 85 85 85 85 86 85 85 85 85 85 85 84 84 83 83 83 82 82 82 82 82 83 83 83 84 84 85 85 86 86 86 86 86 86 86 86 86 86 85 85 84 84 84 83 83 83 82 82 82
88 88 89 88 88 88 87 87 86 86 85 85 85 85 85 85 86 86 87 87 86 85 84 84 83 83 82 82 83 83 83 83 83 83 83 83 83 84 84 84 84 84 85 85 85 86 86 86 86 86 86 86 86 86 86 85 85 84 84 84 83 83 82 82 82 82 83 83 83 84 84 84 85 86 86 87 87 87 88 87 87 87 87 87 86 86 86 85 85 84 84 84 83 83 83 82
89 89 89 90 89 89 89 88 88 87 86 86 86 86 86 86 86 86 86 85 85 84 84 83 82 82 82 82 83 83 83 84 83 84 84 84 84 84 85 85 85 85 86 86 86 86 86 86 87 86 86 86 86 86 86 86 85 85 84 84 83 83 82 82 82 83 83 84 84 84 85 86 86 87 87 88 88 89 89 89 89 88 88 88 87 87 87 86 85 85 85 84 84 83 83 83
91 91 91 91 91 91 90 90 89 88 87 87 86 86 86 86 85 85 85 84 84 83 83 82 82 82 82 82 83 83 84 84 84 84 85 84 85 85 85 85 86 86 86 86 87 87 87 87 87 87 87 87 87 86 86 86 86 85 85 84 84 83 83 83 83 83 84 84 85 85 86 87 87 88 88 89 89 90 90 90 90 89 89 88 88 88 87 87 86 86 85 85 84 84 84 83
93 94 94 93 93 92 91 90 90 88 88 87 87 86 86 85 85 85 84 84 83 82 81 81 81 81 82 83 83 84 84 84 84 85 85 85 86 86 86 86 86 86 87 87 87 87 87 87 87 87 88 87 87 87 87 86 86 86 85 85 84 84 84 83 83 84 84 85 85 86 87 87 88 89 89 90 90 91 91 91 90 90 90 89 89 89 88 88 87 86 86 85 85 84 84 83
94 95 94 94 94 93 92 91 90 89 88 88 87 86 85 84 84 84 84 83 83 82 80 79 80 81 82 83 83 84 84 84 84 85 85 86 86 86 86 87 87 87 87 88 87 88 88 88 88 88 88 88 88 87 87 87 86 86 85 85 84 84 84 84 84 84 85 85 86 86 87 88 88 89 90 90 91 91 92 92 91 91 91 90 90 89 89 88 87 87 86 86 85 85 84 84
94 94 94 95 94 94 93 93 92 91 89 88 87 86 85 84 84 84 83 83 83 82 80 79 80 81 82 83 83 84 84 84 85 85 86 86 86 87 87 87 87 88 88 88 88 88 88 88 88 88 88 88 88 88 87 87 87 86 86 85 85 85 84 84 84 85 85 86 86 87 87 88 89 89 90 91 91 92 92 92 92 91 91 91 90 90 89 88 88 87 86 86 86 85 84 84
92 92 95 97 95 94 93 91 91 90 89 89 88 87 85 83 84 84 83 83 83 82 81 81 81 82 82 83 84 84 85 85 86 86 87 87 87 87 88 88 88 88 88 88 88 89 89 89 88 88 88 89 88 88 88 87 87 86 86 85 85 85 85 85 85 85 85 86 86 87 88 88 89 90 90 91 91 91 92 92 92 92 91 91 91 90 89 89 88 87 87 86 86 85 85 84
96 96 97 92 94 92 92 92 92 90 89 87 87 87 86 84 83 83 83 83 83 83 83 83 83 84 84 84 85 85 85 86 87 87 87 88 88 88 88 88 88 89 89 89 89 89 89 89 89 89 89 89 89 88 88 87 87 86 86 85 85 85 85 85 85 85 86 86 86 87 88 88 89 90 90 91 91 91 92 92 92 92 91 91 90 90 90 89 88 88 87 86 86 85 85 85
79 85 97 95 94 94 93 95 95 94 92 90 87 85 85 84 83 83 82 82 82 84 84 84 84 85 85 86 86 87 87 87 87 88 88 88 88 88 89 89 89 89 89 89 89 89 89 89 89 89 89 89 89 89 88 88 87 87 86 85 85 85 85 85 85 85 86 86 86 87 88 88 89 90 90 91 91 91 91 92 92 92 91 91 91 90 90 89 88 88 87 86 86 86 85 85
86 98 100 95 96 96 97 97 96 96 95 93 91 88 86 84 83 83 83 82 83 84 84 85 85 86 87 87 88 88 88 88 88 89 89 89 89 89 89 90 90 90 90 90 90 90 90 90 89 89 89 89 89 89 88 88 87 87 86 86 85 85 85 85 85 85 85 86 86 87 87 88 89 89 90 90 91 91 92 92 92 91 91 91 91 90 90 89 88 88 87 87 86 85 85 84
88 94 98 100 98 98 97 99 93 97 97 95 91 90 91 88 86 84 84 83 83 82 83 85 86 87 87 88 89 90 90 90 90 90 90 90 90 90 90 90 90 90 91 91 91 91 91 90 90 90 90 90 90 89 88 88 87 87 86 86 85 85 85 85 85 85 85 86 86 87 87 88 89 89 90 90 91 91 92 92 92 92 91 91 91 90 90 89 89 88 87 87 86 85 85 84
100 98 102 98 98 97 98 100 99 96 99 98 97 94 91 91 89 87 87 85 85 83 83 83 85 87 89 90 91 91 91 92 91 92 92 92 92 92 92 92 92 92 92 92 92 92 92 92 91 91 90 90 90 89 89 88 88 87 86 86 85 85 85 85 85 85 85 86 86 87 87 88 89 89 90 90 91 91 92 92 92 92 92 91 91 91 90 89 89 88 87 87 86 86 85 85
105 106 105 104 103 104 103 102 98 100 100 99 98 98 95 93 91 91 90 86 87 86 84 83 84 86 88 91 92 93 93 93 93 94 93 93 93 93 93 93 93 93 93 93 94 93 93 92 92 92 91 91 90 90 89 89 88 87 87 86 86 85 85 85 85 85 85 85 86 86 87 88 89 89 90 91 91 92 92 92 92 92 92 92 91 91 90 90 89 88 88 87 86 86 85 85
106 107 106 106 106 105 104 102 99 101 100 100 99 99 98 97 96 94 91 93 89 89 86 85 85 86 86 90 91 94 94 95 96 95 95 95 94 94 94 94 95 94 94 94 94 95 94 94 93 93 92 92 91 90 90 89 88 87 87 86 86 85 85 85 85 85 85 85 86 86 87 88 89 89 90 91 91 92 92 92 93 93 93 92 92 91 91 90 89 88 88 87 86 86 85 85
106 107 107 107 107 106 105 102 102 102 101 101 100 99 99 98 98 97 97 95 96 93 91 90 87 87 90 89 89 92 94 95 96 96 96 95 96 96 96 96 96 96 96 96 96 95 95 95 94 94 93 93 92 91 90 89 89 88 87 86 86 85 85 85 85 84 85 85 85 86 87 88 89 89 90 91 91 92 92 93 93 93 93 93 92 92 91 90 89 89 88 87 86 86 85 85
105 105 102 102 107 107 106 105 104 103 102 101 100 100 100 100 99 99 98 96 98 98 97 96 93 92 90 87 92 94 94 94 95 97 97 96 96 97 97 98 97 97 98 97 97 97 96 96 95 94 94 93 93 91 90 89 88 87 87 86 86 85 84 84 84 84 84 85 85 86 87 88 89 89 90 91 92 92 93 93 93 94 94 93 93 92 91 91 90 89 88 87 86 86 85 85
103 105 105 106 107 106 106 105 104 103 102 101 101 100 100 100 100 100 100 100 98 94 96 99 97 94 91 90 90 92 93 94 94 96 98 97 97 98 98 99 99 99 99 98 98 98 98 97 96 95 94 93 92 92 91 89 88 87 87 86 85 84 84 84 84 84 84 84 85 85 86 87 88 89 90 91 92 93 93 94 94 94 94 94 93 93 92 91 90 89 88 87 86 86 85 85
104 105 106 106 106 106 105 105 104 102 102 101 101 101 101 101 101 101 101 101 98 96 94 97 99 100 98 95 92 90 91 93 95 95 96 99 99 99 99 100 100 100 100 100 100 99 98 98 97 96 95 93 93 92 91 90 88 87 86 85 84 83 83 83 83 83 83 84 84 85 86 87 88 89 90 91 92 93 94 94 94 95 95 94 94 93 92 91 90 89 88 87 86 85 85 85
103 104 105 106 106 106 105 104 103 102 102 102 101 101 101 102 101 101 100 101 102 102 100 98 98 97 99 92 92 90 93 94 95 97 97 99 100 100 100 100 100 101 101 101 101 100 100 98 98 97 96 94 93 92 91 90 88 87 86 84 83 83 82 82 82 82 82 83 83 84 85 86 88 89 90 91 92 93 94 95 95 95 95 95 94 93 92 91 90 88 87 86 86 85 84 84
