resultados/variables_proyeccion_tiempo/variables_futuro_csiro_A1B/bio2.asc
ncols 330
nrows 228
xllcorner -12.000000
yllcorner 34.000000
cellsize 0.166667
NODATA_value -9999
[rows 147 to 195 of 228, columns 0 to 95 of 330]
-9999 -9999 -9999 -9999 -9999 -9999 -9999 -9999 -9999 -9999 -9999 -9999 -9999 -9999 -9999 -9999 -9999 -9999 -9999 -9999 -9999 -9999 -9999 -9999 -9999 -9999 -9999 -9999 -9999 -9999 -9999 -9999 -9999 -9999 -9999 -9999 -9999 -9999 -9999 -9999 -9999 -9999 -9999 -9999 -9999 -9999 -9999 -9999 -9999 -9999 -9999 -9999 67 68 69 -9999 -9999 77 78 81 83 84 86 87 88 90 91 93 95 95 96 96 96 96 96 95 95 95 95 95 95 95 96 96 96 97 96 96 96 98 97 96 95 94 92 89
-9999 -9999 -9999 -9999 -9999 -9999 -9999 -9999 -9999 -9999 -9999 -9999 -9999 -9999 -9999 -9999 -9999 -9999 -9999 -9999 -9999 -9999 -9999 -9999 -9999 -9999 -9999 -9999 -9999 -9999 -9999 -9999 -9999 -9999 -9999 -9999 -9999 -9999 -9999 -9999 -9999 -9999 -9999 -9999 -9999 -9999 -9999 -9999 -9999 -9999 -9999 -9999 66 68 -9999 -9999 -9999 76 78 80 82 84 85 87 87 89 90 92 94 95 95 96 96 96 96 96 96 96 96 96 96 96 96 96 97 97 97 97 98 99 98 96 95 93 91 84
-9999 -9999 -9999 -9999 -9999 -9999 -9999 -9999 -9999 -9999 -9999 -9999 -9999 -9999 -9999 -9999 -9999 -9999 -9999 -9999 -9999 -9999 -9999 -9999 -9999 -9999 -9999 -9999 -9999 -9999 -9999 -9999 -9999 -9999 -9999 -9999 -9999 -9999 -9999 -9999 -9999 -9999 -9999 -9999 -9999 -9999 -9999 -9999 -9999 -9999 -9999 -9999 -9999 -9999 -9999 -9999 -9999 -9999 77 79 81 82 84 85 86 87 89 90 92 94 95 96 96 96 96 96 96 96 96 96 96 96 96 97 98 99 99 100 100 100 100 98 95 94 91 84
-9999 -9999 -9999 -9999 -9999 -9999 -9999 -9999 -9999 -9999 -9999 -9999 -9999 -9999 -9999 -9999 -9999 -9999 -9999 -9999 -9999 -9999 -9999 -9999 -9999 -9999 -9999 -9999 -9999 -9999 -9999 -9999 -9999 -9999 -9999 -9999 -9999 -9999 -9999 -9999 -9999 -9999 -9999 -9999 -9999 -9999 -9999 -9999 -9999 -9999 -9999 -9999 -9999 -9999 -9999 -9999 -9999 -9999 75 77 79 81 82 84 84 86 87 89 91 93 94 95 96 96 97 97 97 98 98 97 97 96 96 98 99 100 100 101 102 102 102 101 98 96 93 86
-9999 -9999 -9999 -9999 -9999 -9999 -9999 -9999 -9999 -9999 -9999 -9999 -9999 -9999 -9999 -9999 -9999 -9999 -9999 -9999 -9999 -9999 -9999 -9999 -9999 -9999 -9999 -9999 -9999 -9999 -9999 -9999 -9999 -9999 -9999 -9999 -9999 -9999 -9999 -9999 -9999 -9999 -9999 -9999 -9999 -9999 -9999 -9999 -9999 -9999 -9999 -9999 -9999 -9999 -9999 -9999 -9999 -9999 -9999 76 77 79 80 81 83 84 86 88 90 92 94 95 96 97 98 98 99 99 99 99 99 98 98 99 100 101 102 103 103 103 103 102 101 99 96 91
-9999 -9999 -9999 -9999 -9999 -9999 -9999 -9999 -9999 -9999 -9999 -9999 -9999 -9999 -9999 -9999 -9999 -9999 -9999 -9999 -9999 -9999 -9999 -9999 -9999 -9999 -9999 -9999 -9999 -9999 -9999 -9999 -9999 -9999 -9999 -9999 -9999 -9999 -9999 -9999 -9999 -9999 -9999 -9999 -9999 -9999 -9999 -9999 -9999 -9999 -9999 -9999 -9999 -9999 -9999 -9999 -9999 -9999 -9999 -9999 76 77 78 79 81 82 85 87 89 92 93 95 96 98 98 100 100 101 101 101 101 101 101 101 102 102 103 104 104 105 105 104 103 101 98 94
-9999 -9999 -9999 -9999 -9999 -9999 -9999 -9999 -9999 -9999 -9999 -9999 -9999 -9999 -9999 -9999 -9999 -9999 -9999 -9999 -9999 -9999 -9999 -9999 -9999 -9999 -9999 -9999 -9999 -9999 -9999 -9999 -9999 -9999 -9999 -9999 -9999 -9999 -9999 -9999 -9999 -9999 -9999 -9999 -9999 -9999 -9999 -9999 -9999 -9999 -9999 -9999 -9999 -9999 -9999 -9999 -9999 -9999 -9999 -9999 -9999 76 77 78 79 81 84 87 90 92 94 95 97 98 100 101 102 103 103 103 103 103 103 103 103 103 104 106 106 106 105 106 106 104 101 99
-9999 -9999 -9999 -9999 -9999 -9999 -9999 -9999 -9999 -9999 -9999 -9999 -9999 -9999 -9999 -9999 -9999 -9999 -9999 -9999 -9999 -9999 -9999 -9999 -9999 -9999 -9999 -9999 -9999 -9999 -9999 -9999 -9999 -9999 -9999 -9999 -9999 -9999 -9999 -9999 -9999 -9999 -9999 -9999 -9999 -9999 -9999 -9999 -9999 -9999 -9999 -9999 -9999 -9999 -9999 -9999 -9999 -9999 -9999 -9999 -9999 -9999 75 76 78 79 83 87 90 92 95 96 98 100 101 102 104 105 105 106 105 105 104 105 104 105 105 106 106 106 108 110 110 106 101 100
-9999 -9999 -9999 -9999 -9999 -9999 -9999 -9999 -9999 -9999 -9999 -9999 -9999 -9999 -9999 -9999 -9999 -9999 -9999 -9999 -9999 -9999 -9999 -9999 -9999 -9999 -9999 -9999 -9999 -9999 -9999 -9999 -9999 -9999 -9999 -9999 -9999 -9999 -9999 -9999 -9999 -9999 -9999 -9999 -9999 -9999 -9999 -9999 -9999 -9999 -9999 -9999 -9999 -9999 -9999 -9999 -9999 -9999 -9999 -9999 -9999 -9999 -9999 76 -9999 79 83 87 90 93 95 98 99 101 102 104 105 106 108 108 107 106 106 105 106 106 106 106 105 106 108 110 110 105 98 100
-9999 -9999 -9999 -9999 -9999 -9999 -9999 -9999 -9999 -9999 -9999 -9999 -9999 -9999 -9999 -9999 -9999 -9999 -9999 -9999 -9999 -9999 -9999 -9999 -9999 -9999 -9999 -9999 -9999 -9999 -9999 -9999 -9999 -9999 -9999 -9999 -9999 -9999 -9999 -9999 -9999 -9999 -9999 -9999 -9999 -9999 -9999 -9999 -9999 -9999 -9999 -9999 -9999 -9999 -9999 -9999 -9999 -9999 -9999 -9999 -9999 -9999 -9999 77 78 82 85 88 92 95 97 99 101 102 104 105 106 108 109 110 109 109 108 106 106 106 106 106 106 104 108 111 111 104 97 99
-9999 -9999 -9999 -9999 -9999 -9999 -9999 -9999 -9999 -9999 -9999 -9999 -9999 -9999 -9999 -9999 -9999 -9999 -9999 -9999 -9999 -9999 -9999 -9999 -9999 -9999 -9999 -9999 -9999 -9999 -9999 -9999 -9999 -9999 -9999 -9999 -9999 -9999 -9999 -9999 -9999 -9999 -9999 -9999 -9999 -9999 -9999 -9999 -9999 -9999 -9999 -9999 -9999 -9999 -9999 -9999 -9999 -9999 -9999 -9999 -9999 -9999 -9999 -9999 82 84 87 90 94 96 99 100 102 104 105 106 107 109 110 111 111 110 109 107 105 105 106 105 103 103 108 110 109 106 96 99
-9999 -9999 -9999 -9999 -9999 -9999 -9999 -9999 -9999 -9999 -9999 -9999 -9999 -9999 -9999 -9999 -9999 -9999 -9999 -9999 -9999 -9999 -9999 -9999 -9999 -9999 -9999 -9999 -9999 -9999 -9999 -9999 -9999 -9999 -9999 -9999 -9999 -9999 -9999 -9999 -9999 -9999 -9999 -9999 -9999 -9999 -9999 -9999 -9999 -9999 -9999 -9999 -9999 -9999 -9999 -9999 -9999 -9999 -9999 -9999 -9999 -9999 -9999 -9999 -9999 86 89 92 95 98 100 102 103 105 106 107 108 109 110 111 111 110 110 107 106 108 107 106 100 100 107 109 106 100 100 93
-9999 -9999 -9999 -9999 -9999 -9999 -9999 -9999 -9999 -9999 -9999 -9999 -9999 -9999 -9999 -9999 -9999 -9999 -9999 -9999 -9999 -9999 -9999 -9999 -9999 -9999 -9999 -9999 -9999 -9999 -9999 -9999 -9999 -9999 -9999 -9999 -9999 -9999 -9999 -9999 -9999 -9999 -9999 -9999 -9999 -9999 -9999 -9999 -9999 -9999 -9999 -9999 -9999 -9999 -9999 -9999 -9999 -9999 -9999 -9999 -9999 -9999 -9999 -9999 -9999 89 92 95 98 100 102 103 104 106 107 108 109 110 111 112 112 112 111 109 109 109 110 108 104 100 103 110 107 100 102 98
-9999 -9999 -9999 -9999 -9999 -9999 -9999 -9999 -9999 -9999 -9999 -9999 -9999 -9999 -9999 -9999 -9999 -9999 -9999 -9999 -9999 -9999 -9999 -9999 -9999 -9999 -9999 -9999 -9999 -9999 -9999 -9999 -9999 -9999 -9999 -9999 -9999 -9999 -9999 -9999 -9999 -9999 -9999 -9999 -9999 -9999 -9999 -9999 -9999 -9999 -9999 -9999 -9999 -9999 -9999 -9999 -9999 -9999 -9999 -9999 -9999 -9999 -9999 -9999 -9999 91 94 97 100 102 104 105 106 107 108 109 110 111 112 112 113 112 112 111 111 110 109 105 103 101 105 107 109 103 99 101
-9999 -9999 -9999 -9999 -9999 -9999 -9999 -9999 -9999 -9999 -9999 -9999 -9999 -9999 -9999 -9999 -9999 -9999 -9999 -9999 -9999 -9999 -9999 -9999 -9999 -9999 -9999 -9999 -9999 -9999 -9999 -9999 -9999 -9999 -9999 -9999 -9999 -9999 -9999 -9999 -9999 -9999 -9999 -9999 -9999 -9999 -9999 -9999 -9999 -9999 -9999 -9999 -9999 -9999 -9999 -9999 -9999 -9999 -9999 -9999 -9999 -9999 -9999 -9999 91 93 97 100 102 104 105 107 107 108 109 110 110 111 112 113 113 113 112 112 111 110 108 105 100 104 105 102 105 104 102 104
-9999 -9999 -9999 -9999 -9999 -9999 -9999 -9999 -9999 -9999 -9999 -9999 -9999 -9999 -9999 -9999 -9999 -9999 -9999 -9999 -9999 -9999 -9999 -9999 -9999 -9999 -9999 -9999 -9999 -9999 -9999 -9999 -9999 -9999 -9999 -9999 -9999 -9999 -9999 -9999 -9999 -9999 -9999 -9999 -9999 -9999 -9999 -9999 -9999 -9999 -9999 -9999 -9999 -9999 -9999 -9999 -9999 -9999 -9999 -9999 -9999 -9999 -9999 -9999 93 95 99 102 104 106 107 108 109 109 110 110 111 111 112 113 113 113 113 113 111 111 110 109 106 106 106 104 99 101 100 101
-9999 -9999 -9999 -9999 -9999 -9999 -9999 -9999 -9999 -9999 -9999 -9999 -9999 -9999 -9999 -9999 -9999 -9999 -9999 -9999 -9999 -9999 -9999 -9999 -9999 -9999 -9999 -9999 -9999 -9999 -9999 -9999 -9999 -9999 -9999 -9999 -9999 -9999 -9999 -9999 -9999 -9999 -9999 -9999 -9999 -9999 -9999 -9999 -9999 -9999 -9999 -9999 -9999 -9999 -9999 -9999 -9999 -9999 -9999 -9999 -9999 -9999 -9999 -9999 94 97 101 104 106 107 108 109 110 110 110 111 111 111 112 113 112 112 112 112 111 112 110 111 109 104 103 103 101 96 100 96
-9999 -9999 -9999 -9999 -9999 -9999 -9999 -9999 -9999 -9999 -9999 -9999 -9999 -9999 -9999 -9999 -9999 -9999 -9999 -9999 -9999 -9999 -9999 -9999 -9999 -9999 -9999 -9999 -9999 -9999 -9999 -9999 -9999 -9999 -9999 -9999 -9999 -9999 -9999 -9999 -9999 -9999 -9999 -9999 -9999 -9999 -9999 -9999 -9999 -9999 -9999 -9999 -9999 -9999 -9999 -9999 -9999 -9999 -9999 -9999 -9999 -9999 -9999 -9999 96 99 103 106 108 109 110 110 110 111 111 111 111 111 111 112 112 111 112 112 113 112 113 112 111 107 101 105 103 98 95 99
-9999 -9999 -9999 -9999 -9999 -9999 -9999 -9999 -9999 -9999 -9999 -9999 -9999 -9999 -9999 -9999 -9999 -9999 -9999 -9999 -9999 -9999 -9999 -9999 -9999 -9999 -9999 -9999 -9999 -9999 -9999 -9999 -9999 -9999 -9999 -9999 -9999 -9999 -9999 -9999 -9999 -9999 -9999 -9999 -9999 -9999 -9999 -9999 -9999 -9999 -9999 -9999 -9999 -9999 -9999 -9999 -9999 -9999 -9999 -9999 -9999 -9999 -9999 -9999 96 100 104 107 109 111 111 112 111 111 111 110 111 111 111 111 111 111 111 111 111 111 111 112 112 112 110 108 106 102 96 100
-9999 -9999 -9999 -9999 -9999 -9999 -9999 -9999 -9999 -9999 -9999 -9999 -9999 -9999 -9999 -9999 -9999 -9999 -9999 -9999 -9999 -9999 -9999 -9999 -9999 -9999 -9999 -9999 -9999 -9999 -9999 -9999 -9999 -9999 -9999 -9999 -9999 -9999 -9999 -9999 -9999 -9999 -9999 -9999 -9999 -9999 -9999 -9999 -9999 -9999 -9999 -9999 -9999 -9999 -9999 -9999 -9999 -9999 -9999 -9999 -9999 -9999 -9999 -9999 96 100 104 108 110 112 112 112 112 112 111 110 110 110 110 111 110 111 110 110 110 109 110 110 109 108 110 108 104 103 103 106
-9999 -9999 -9999 -9999 -9999 -9999 -9999 -9999 -9999 -9999 -9999 -9999 -9999 -9999 -9999 -9999 -9999 -9999 -9999 -9999 -9999 -9999 -9999 -9999 -9999 -9999 -9999 -9999 -9999 -9999 -9999 -9999 -9999 -9999 -9999 -9999 -9999 -9999 -9999 -9999 -9999 -9999 -9999 -9999 -9999 -9999 -9999 -9999 -9999 -9999 -9999 -9999 -9999 -9999 -9999 -9999 -9999 -9999 -9999 -9999 -9999 -9999 -9999 -9999 94 99 104 108 112 113 113 113 112 112 111 110 110 110 110 110 110 110 109 110 110 110 110 110 109 111 111 108 103 100 108 109
-9999 -9999 -9999 -9999 -9999 -9999 -9999 -9999 -9999 -9999 -9999 -9999 -9999 -9999 -9999 -9999 -9999 -9999 -9999 -9999 -9999 -9999 -9999 -9999 -9999 -9999 -9999 -9999 -9999 -9999 -9999 -9999 -9999 -9999 -9999 -9999 -9999 -9999 -9999 -9999 -9999 -9999 -9999 -9999 -9999 -9999 -9999 -9999 -9999 -9999 -9999 -9999 -9999 -9999 -9999 -9999 -9999 -9999 -9999 -9999 -9999 -9999 -9999 90 94 99 104 109 113 115 114 113 113 112 111 110 109 109 109 109 108 108 108 109 109 109 109 108 110 110 108 107 106 108 109 110
-9999 -9999 -9999 -9999 -9999 -9999 -9999 -9999 -9999 -9999 -9999 -9999 -9999 -9999 -9999 -9999 -9999 -9999 -9999 -9999 -9999 -9999 -9999 72 74 76 76 77 -9999 -9999 -9999 -9999 -9999 -9999 -9999 -9999 -9999 -9999 -9999 -9999 -9999 -9999 -9999 -9999 -9999 -9999 -9999 -9999 -9999 -9999 -9999 -9999 -9999 -9999 -9999 -9999 -9999 -9999 -9999 -9999 -9999 -9999 -9999 89 93 98 104 108 112 114 114 113 112 112 111 110 109 108 108 108 107 107 107 106 107 106 106 104 104 105 107 108 107 108 108 109
-9999 -9999 -9999 -9999 -9999 -9999 -9999 -9999 -9999 -9999 -9999 -9999 -9999 -9999 -9999 -9999 -9999 -9999 -9999 -9999 -9999 -9999 71 74 76 80 81 81 82 84 85 85 87 88 87 86 80 77 75 76 75 -9999 -9999 -9999 -9999 -9999 -9999 -9999 -9999 -9999 -9999 -9999 -9999 -9999 -9999 -9999 -9999 -9999 -9999 -9999 -9999 -9999 85 88 93 98 104 108 111 112 113 113 112 111 110 110 109 108 107 106 106 106 105 105 105 105 104 102 101 102 107 108 108 107 107 107
-9999 -9999 -9999 -9999 -9999 -9999 -9999 -9999 -9999 -9999 -9999 -9999 -9999 -9999 -9999 -9999 -9999 -9999 -9999 -9999 -9999 70 73 78 81 83 85 86 87 88 91 91 94 95 94 92 92 88 89 84 83 80 82 84 77 74 72 68 65 64 64 66 65 66 66 70 74 74 -9999 -9999 88 85 86 90 95 99 104 107 110 111 111 111 111 111 110 109 108 107 106 106 105 104 104 103 101 100 100 101 102 105 106 106 106 105 104 -9999
-9999 -9999 -9999 -9999 -9999 -9999 -9999 -9999 -9999 -9999 -9999 -9999 -9999 -9999 -9999 -9999 -9999 62 64 67 71 74 76 81 84 86 87 89 91 94 95 97 99 100 102 103 102 100 99 99 98 96 96 94 88 84 81 77 74 77 77 74 73 71 70 73 79 82 85 86 89 91 94 96 98 101 104 107 109 110 111 110 110 110 109 108 107 107 106 104 103 103 102 101 100 100 100 101 102 103 104 104 104 103 -9999 -9999
-9999 -9999 -9999 -9999 -9999 -9999 -9999 -9999 -9999 -9999 -9999 -9999 -9999 -9999 -9999 -9999 61 63 67 70 75 78 82 85 87 89 90 92 95 97 98 101 103 104 106 106 108 108 107 107 106 105 104 101 97 98 94 90 88 88 88 86 81 80 80 86 87 88 91 93 97 99 100 101 102 102 105 105 104 105 106 107 106 106 106 107 106 106 104 102 101 100 99 98 97 97 96 98 99 99 100 -9999 -9999 -9999 -9999 -9999
-9999 -9999 -9999 -9999 -9999 -9999 -9999 -9999 -9999 -9999 -9999 -9999 -9999 -9999 -9999 -9999 60 64 67 71 75 81 84 87 89 91 93 95 97 100 101 103 105 106 108 109 111 112 112 111 111 109 108 106 104 102 100 97 95 92 90 89 90 90 91 91 94 97 99 101 103 104 105 105 104 103 101 96 99 94 90 97 86 91 97 99 97 96 98 98 94 95 93 94 93 94 93 94 95 96 96 -9999 -9999 -9999 -9999 -9999
-9999 -9999 -9999 -9999 -9999 -9999 -9999 -9999 -9999 -9999 -9999 -9999 -9999 -9999 -9999 -9999 -9999 62 66 69 74 80 85 89 91 94 95 98 99 101 103 106 109 110 111 114 116 118 118 117 115 113 111 110 108 105 103 101 99 97 97 94 95 94 95 97 101 103 104 106 107 108 109 109 107 106 105 101 95 89 86 83 82 84 85 90 92 82 83 86 84 87 86 85 86 87 90 92 93 93 92 -9999 -9999 -9999 -9999 -9999
-9999 -9999 -9999 -9999 -9999 -9999 -9999 -9999 -9999 -9999 -9999 -9999 -9999 -9999 -9999 -9999 -9999 62 64 66 73 83 87 91 92 96 98 100 101 102 106 108 111 113 115 118 120 122 121 120 118 116 115 113 111 109 106 104 103 102 100 98 99 100 99 102 105 107 108 109 110 111 111 110 110 108 108 106 104 101 98 95 95 90 86 83 82 79 85 85 77 79 78 77 79 82 85 87 89 89 88 -9999 -9999 -9999 -9999 -9999
-9999 -9999 -9999 -9999 -9999 -9999 -9999 -9999 -9999 -9999 -9999 -9999 -9999 -9999 -9999 -9999 -9999 -9999 62 67 72 84 89 93 96 97 99 101 103 105 107 109 109 111 116 119 121 123 122 122 120 119 118 116 114 112 109 107 106 105 104 104 105 105 105 106 108 110 110 111 112 112 112 112 111 109 107 107 105 104 101 101 105 103 99 94 94 88 89 85 88 81 80 83 77 75 78 83 84 84 85 86 -9999 -9999 -9999 -9999
-9999 -9999 -9999 -9999 -9999 -9999 -9999 -9999 -9999 -9999 -9999 -9999 -9999 -9999 -9999 -9999 -9999 -9999 65 69 77 86 91 97 98 100 98 97 100 105 104 104 109 113 117 120 122 123 123 123 122 121 120 119 118 115 113 111 108 107 107 108 110 110 111 112 114 115 115 114 113 113 113 113 112 111 109 109 107 105 102 103 106 107 106 103 100 98 92 89 89 82 82 81 81 81 81 81 81 83 84 84 -9999 -9999 -9999 -9999
-9999 -9999 -9999 -9999 -9999 -9999 -9999 -9999 -9999 -9999 -9999 -9999 -9999 -9999 -9999 -9999 -9999 -9999 72 74 80 89 93 92 95 99 100 100 102 105 103 107 113 116 118 121 122 123 123 123 123 122 122 122 121 119 116 113 111 110 110 110 111 113 114 115 116 117 117 117 116 114 113 113 112 112 111 110 109 108 108 109 111 110 107 106 102 101 96 94 89 86 84 84 82 80 79 78 78 79 81 80 -9999 -9999 -9999 -9999
-9999 -9999 -9999 -9999 -9999 -9999 -9999 -9999 -9999 -9999 -9999 -9999 -9999 -9999 -9999 -9999 -9999 -9999 74 77 85 92 92 96 92 93 101 107 106 108 109 112 115 117 119 121 122 123 123 124 124 124 123 123 122 120 117 115 112 111 112 112 113 115 116 118 120 121 120 119 117 115 114 113 112 111 110 111 109 110 110 111 113 115 112 110 106 103 101 96 90 87 84 82 80 79 78 76 75 76 78 79 -9999 -9999 -9999 -9999
-9999 -9999 -9999 -9999 -9999 -9999 -9999 -9999 -9999 -9999 -9999 -9999 -9999 -9999 -9999 -9999 -9999 -9999 77 81 87 94 95 95 93 95 104 108 109 112 110 115 116 118 119 121 122 122 123 124 124 124 124 123 121 119 117 115 113 112 112 112 114 116 118 120 123 123 122 120 117 114 114 113 112 112 111 111 109 108 111 112 115 116 118 117 114 107 100 94 89 85 83 80 78 77 76 74 74 74 76 -9999 -9999 -9999 -9999 -9999
-9999 -9999 -9999 -9999 -9999 -9999 -9999 -9999 -9999 -9999 -9999 -9999 -9999 -9999 -9999 -9999 -9999 -9999 -9999 84 90 96 101 101 100 106 107 108 114 114 113 115 117 118 119 121 122 123 124 124 124 124 124 122 121 119 116 114 113 112 112 113 114 115 118 120 122 122 122 120 117 115 114 113 112 111 111 111 110 110 110 111 114 116 118 119 114 105 97 91 87 83 80 78 76 75 74 73 73 -9999 -9999 -9999 -9999 -9999 -9999 -9999
-9999 -9999 -9999 -9999 -9999 -9999 -9999 -9999 -9999 -9999 -9999 -9999 -9999 -9999 -9999 -9999 -9999 -9999 -9999 86 92 98 103 106 109 101 106 113 114 113 113 115 116 118 119 121 122 123 124 125 125 124 123 122 120 117 115 113 113 113 112 113 115 116 118 119 121 121 120 119 117 115 113 111 110 109 108 109 109 110 109 110 112 113 114 112 106 99 93 88 84 81 78 76 74 73 -9999 -9999 -9999 -9999 -9999 -9999 -9999 -9999 -9999 -9999
-9999 -9999 -9999 -9999 -9999 -9999 -9999 -9999 -9999 -9999 -9999 -9999 -9999 -9999 -9999 -9999 -9999 -9999 -9999 89 94 99 104 108 105 114 113 113 110 114 114 114 115 117 119 121 122 124 125 125 125 124 123 121 118 116 114 112 111 112 113 115 116 117 118 119 120 120 119 118 116 114 112 109 108 106 106 106 107 108 108 109 110 110 110 108 102 95 89 81 79 77 76 74 73 -9999 -9999 -9999 -9999 -9999 -9999 -9999 -9999 -9999 -9999 -9999
-9999 -9999 -9999 -9999 -9999 -9999 -9999 -9999 -9999 -9999 -9999 -9999 -9999 -9999 -9999 -9999 -9999 -9999 -9999 -9999 95 100 104 105 104 110 110 109 112 114 113 114 114 116 118 121 124 126 127 126 125 124 122 120 118 115 112 111 112 113 114 115 115 116 117 118 120 120 120 118 116 114 111 108 105 104 103 103 104 104 105 106 106 106 105 104 99 92 84 77 76 -9999 -9999 -9999 -9999 -9999 -9999 -9999 -9999 -9999 -9999 -9999 -9999 -9999 -9999 -9999
-9999 -9999 -9999 -9999 -9999 -9999 -9999 -9999 -9999 -9999 -9999 -9999 -9999 -9999 -9999 -9999 -9999 -9999 -9999 86 92 99 101 102 101 100 104 102 107 110 110 111 113 115 118 121 124 126 128 127 126 124 122 120 117 114 112 111 115 114 112 113 113 114 116 118 120 120 120 118 116 114 110 107 104 103 101 101 101 101 102 101 102 101 101 99 96 92 -9999 -9999 -9999 -9999 -9999 -9999 -9999 -9999 -9999 -9999 -9999 -9999 -9999 -9999 -9999 -9999 -9999 -9999
-9999 -9999 -9999 -9999 -9999 -9999 -9999 -9999 -9999 -9999 -9999 -9999 -9999 -9999 -9999 -9999 -9999 -9999 -9999 82 91 98 102 106 106 106 104 101 105 105 106 109 111 114 117 120 122 125 126 126 125 123 122 120 117 116 114 115 114 112 112 113 112 113 117 118 120 120 121 120 117 115 111 107 105 103 101 100 98 98 99 98 97 96 99 98 93 89 -9999 -9999 -9999 -9999 -9999 -9999 -9999 -9999 -9999 -9999 -9999 -9999 -9999 -9999 -9999 -9999 -9999 -9999
-9999 -9999 -9999 -9999 -9999 -9999 -9999 -9999 -9999 -9999 -9999 -9999 -9999 -9999 -9999 -9999 -9999 -9999 -9999 83 91 100 102 106 108 107 105 98 96 99 102 107 111 113 114 118 122 124 125 124 123 122 121 120 118 117 116 113 112 112 113 116 114 116 118 119 121 122 122 121 118 116 113 109 105 103 101 100 98 97 97 96 96 96 96 95 92 -9999 -9999 -9999 -9999 -9999 -9999 -9999 -9999 -9999 -9999 -9999 -9999 -9999 -9999 -9999 -9999 -9999 -9999 -9999
-9999 -9999 -9999 -9999 -9999 -9999 -9999 -9999 -9999 -9999 -9999 -9999 -9999 -9999 -9999 -9999 -9999 -9999 -9999 87 96 104 108 110 109 103 85 94 97 98 100 105 108 111 115 119 122 122 123 123 122 121 121 121 120 118 116 115 114 113 114 118 118 119 120 121 123 124 124 123 120 117 114 110 106 103 102 100 99 97 96 95 94 93 93 -9999 -9999 -9999 -9999 -9999 -9999 -9999 -9999 -9999 -9999 -9999 -9999 -9999 -9999 -9999 -9999 -9999 -9999 -9999 -9999 -9999
-9999 -9999 -9999 -9999 -9999 -9999 -9999 -9999 -9999 -9999 -9999 -9999 -9999 -9999 -9999 -9999 -9999 -9999 84 90 100 108 110 110 103 95 94 103 102 99 102 103 110 114 118 120 120 119 120 122 122 124 123 122 121 120 118 117 116 116 117 119 121 121 122 124 125 127 128 126 122 119 116 112 108 104 102 100 98 97 95 92 91 91 91 -9999 -9999 -9999 -9999 -9999 -9999 -9999 -9999 -9999 -9999 -9999 -9999 -9999 -9999 -9999 -9999 -9999 -9999 -9999 -9999 -9999
-9999 -9999 -9999 -9999 -9999 -9999 -9999 -9999 -9999 -9999 -9999 -9999 -9999 -9999 -9999 -9999 -9999 -9999 84 91 101 108 104 102 99 101 100 104 106 106 109 112 114 116 119 120 121 123 125 125 126 125 125 124 123 122 120 119 119 119 120 122 122 123 125 126 128 129 130 129 125 121 118 114 109 107 104 100 98 95 92 90 89 -9999 -9999 -9999 -9999 -9999 -9999 -9999 -9999 -9999 -9999 -9999 -9999 -9999 -9999 -9999 -9999 -9999 -9999 -9999 -9999 -9999 74 73
-9999 -9999 -9999 -9999 -9999 -9999 -9999 -9999 -9999 -9999 -9999 -9999 -9999 -9999 -9999 -9999 -9999 -9999 82 90 98 104 104 103 99 102 106 107 109 110 111 113 115 117 119 121 123 124 125 126 126 126 126 125 124 124 123 122 122 122 123 124 125 126 127 128 129 130 131 130 127 123 119 115 111 108 105 102 98 95 90 87 87 -9999 -9999 -9999 -9999 -9999 -9999 -9999 -9999 -9999 -9999 -9999 -9999 -9999 -9999 -9999 79 77 78 77 -9999 -9999 -9999 73
-9999 -9999 -9999 -9999 -9999 -9999 -9999 -9999 -9999 -9999 -9999 -9999 -9999 -9999 -9999 -9999 -9999 75 80 88 96 101 104 104 103 106 107 108 110 111 113 114 116 117 119 121 123 124 126 126 127 127 127 127 127 126 126 126 126 126 126 127 127 128 128 129 129 130 130 129 127 124 120 116 113 108 105 101 98 94 90 88 -9999 -9999 -9999 -9999 -9999 -9999 -9999 -9999 -9999 -9999 -9999 -9999 -9999 -9999 -9999 79 79 79 79 78 77 -9999 -9999 -9999
-9999 -9999 -9999 -9999 -9999 -9999 -9999 -9999 -9999 -9999 -9999 -9999 -9999 -9999 -9999 -9999 -9999 72 79 87 93 99 102 103 105 107 107 108 110 112 114 115 116 118 119 121 123 124 126 126 127 128 128 128 128 128 128 129 129 129 129 129 128 129 129 129 130 130 129 128 126 123 120 117 114 111 106 101 96 92 90 -9999 -9999 -9999 -9999 -9999 -9999 -9999 -9999 -9999 -9999 -9999 -9999 -9999 -9999 -9999 80 81 82 80 79 78 77 -9999 -9999 -9999
-9999 -9999 -9999 -9999 -9999 -9999 -9999 -9999 -9999 -9999 -9999 -9999 -9999 -9999 -9999 54 62 70 79 86 92 97 101 104 104 105 105 104 108 111 115 117 118 118 120 122 123 124 126 127 128 129 130 130 130 131 131 131 131 131 131 130 130 130 129 129 129 128 128 127 125 123 120 117 114 112 108 103 98 94 94 -9999 -9999 -9999 -9999 -9999 -9999 -9999 -9999 -9999 -9999 -9999 -9999 -9999 -9999 -9999 81 82 82 81 80 79 -9999 -9999 -9999 -9999
