resultados/variables_proyeccion_tiempo/variables_futuro_csiro_A1B/bio2.asc
ncols 330
nrows 228
xllcorner -12.000000
yllcorner 34.000000
cellsize 0.166667
NODATA_value -9999
[rows 147 to 195 of 228, columns 192 to 287 of 330]
103 104 104 105 105 105 105 104 103 103 102 102 102 102 101 101 101 101 102 102 101 102 101 103 103 101 103 98 100 98 95 96 94 95 98 98 100 101 101 101 101 102 102 102 102 101 100 99 98 97 96 94 93 92 91 90 88 86 85 83 82 81 81 80 80 80 81 82 82 84 84 86 87 89 90 91 92 93 94 95 96 96 96 96 95 94 92 91 90 88 87 86 85 84 84 84
102 103 104 104 105 105 105 104 104 103 103 103 102 102 101 101 102 102 102 102 102 103 104 104 107 108 108 107 103 98 96 94 95 94 96 96 98 101 102 102 102 102 103 103 103 102 102 100 98 97 96 94 93 92 91 89 88 86 84 83 81 80 80 79 79 79 80 80 82 83 84 85 87 88 90 91 92 94 95 96 97 97 97 96 96 94 92 91 89 88 86 85 84 84 83 83
102 103 104 104 105 105 105 104 104 104 104 103 102 102 100 98 100 100 101 103 102 103 104 107 108 110 111 110 101 96 95 92 96 96 95 99 98 100 102 103 103 103 103 103 103 103 102 101 99 97 96 94 93 92 91 89 88 85 84 82 80 79 78 77 77 77 78 79 80 82 83 84 86 88 89 91 92 94 95 96 97 98 98 97 96 94 93 90 89 87 86 84 84 83 83 82
102 103 104 104 105 105 105 105 105 105 104 103 102 101 98 98 97 98 101 102 102 103 106 108 109 110 112 111 109 105 100 99 102 98 98 98 101 101 104 104 103 104 103 103 103 102 101 100 100 98 96 94 93 92 91 89 87 85 82 80 78 77 76 76 75 76 77 78 79 81 82 84 86 87 89 91 92 94 95 97 98 99 99 98 97 95 92 90 88 86 85 84 83 82 82 82
103 104 104 105 105 105 106 106 105 105 105 104 104 104 102 93 88 95 96 99 102 103 106 108 110 111 112 112 112 109 101 96 103 100 96 98 98 98 103 105 104 105 104 103 103 103 102 100 100 99 97 95 94 92 90 88 86 84 81 79 77 75 74 73 73 74 75 76 78 79 81 83 85 87 88 90 92 94 96 97 98 100 100 99 98 95 92 89 87 85 83 82 82 81 81 81
104 104 105 105 105 106 106 106 106 106 106 105 102 98 102 97 89 91 90 91 99 103 107 110 111 113 113 113 112 110 107 101 99 100 102 98 97 97 100 104 105 105 104 103 103 102 102 101 100 100 98 96 94 92 90 88 85 82 80 78 75 73 72 71 71 72 73 75 76 78 79 81 84 86 88 90 92 93 95 97 99 100 101 101 98 95 91 88 85 83 82 81 80 80 80 80
105 105 105 105 105 106 106 106 106 106 106 106 105 102 100 98 92 95 95 96 101 104 109 112 112 114 114 114 113 111 109 106 105 97 104 100 97 100 103 104 105 105 105 104 103 103 102 102 101 100 98 96 95 93 90 87 84 81 78 76 74 72 70 69 69 -9999 -9999 -9999 -9999 73 77 80 83 85 87 89 91 93 95 97 98 100 102 102 98 94 90 86 83 81 80 79 79 79 -9999 -9999
106 106 105 105 106 106 107 107 107 107 103 104 102 102 102 104 101 100 99 97 99 107 112 112 114 114 114 114 113 112 110 109 107 104 99 104 101 98 102 105 106 105 105 105 104 103 103 102 101 100 99 97 95 93 90 87 83 80 76 74 71 70 68 68 -9999 -9999 -9999 -9999 -9999 -9999 76 79 81 84 86 88 90 92 94 96 98 99 100 100 97 93 89 85 81 79 79 -9999 -9999 -9999 -9999 -9999
105 105 105 105 105 106 107 107 107 106 105 104 104 102 102 102 103 102 102 102 105 111 112 113 114 115 114 113 112 111 110 110 109 108 105 102 104 103 100 101 104 104 105 105 104 104 102 102 102 100 99 98 96 93 90 86 82 78 74 71 69 67 66 67 -9999 -9999 -9999 -9999 -9999 -9999 -9999 -9999 -9999 84 85 87 90 91 93 96 97 98 98 97 95 92 88 84 80 -9999 78 -9999 -9999 -9999 -9999 -9999
105 105 104 104 105 106 108 108 107 106 105 105 105 105 104 104 103 106 105 108 109 110 112 113 115 114 114 113 112 111 111 110 107 108 106 106 107 103 96 100 104 104 105 106 104 103 102 102 102 101 100 99 97 94 90 86 81 76 72 69 66 65 -9999 -9999 -9999 -9999 -9999 -9999 -9999 -9999 -9999 -9999 -9999 -9999 -9999 -9999 -9999 -9999 -9999 -9999 -9999 96 97 96 95 92 88 85 81 80 -9999 -9999 -9999 -9999 -9999 -9999
105 104 104 104 105 106 108 109 108 107 106 105 104 101 96 95 100 105 106 103 99 101 100 106 113 115 114 113 112 111 110 109 108 109 108 106 105 99 93 97 103 104 106 106 105 103 102 101 101 101 101 100 99 96 91 85 79 74 69 66 65 -9999 -9999 -9999 -9999 -9999 -9999 -9999 -9999 -9999 -9999 -9999 -9999 -9999 -9999 -9999 -9999 -9999 92 93 95 96 96 96 94 92 89 85 82 81 80 -9999 -9999 -9999 -9999 -9999
107 105 104 104 104 105 106 107 106 105 104 104 104 98 96 96 99 103 102 96 90 91 88 90 97 107 98 91 86 91 95 101 106 102 103 99 100 99 97 98 102 104 105 105 104 103 102 101 101 101 101 101 100 97 91 84 77 72 68 -9999 -9999 -9999 -9999 -9999 -9999 -9999 -9999 -9999 -9999 -9999 -9999 -9999 -9999 -9999 -9999 -9999 86 88 91 93 94 95 96 95 94 92 89 87 84 82 80 79 -9999 -9999 -9999 -9999
107 105 104 103 103 104 104 105 104 104 102 101 100 102 93 87 86 85 94 98 97 87 88 98 101 107 104 99 97 92 98 98 90 98 97 97 99 103 103 105 105 105 105 104 104 102 101 101 100 100 101 101 102 99 91 82 74 67 62 -9999 -9999 -9999 -9999 -9999 -9999 -9999 -9999 -9999 -9999 -9999 -9999 -9999 -9999 -9999 -9999 83 86 88 90 92 94 95 96 96 94 92 90 87 85 82 80 79 78 -9999 75 75
107 105 103 103 103 103 103 102 102 101 99 97 90 95 91 80 85 87 93 94 98 96 96 95 99 107 109 109 109 109 107 101 101 103 105 106 107 108 107 107 107 106 105 104 103 102 100 100 99 98 98 99 99 96 88 80 71 63 60 -9999 -9999 -9999 -9999 -9999 -9999 -9999 -9999 -9999 -9999 -9999 -9999 -9999 -9999 -9999 -9999 -9999 -9999 -9999 90 91 93 94 95 96 95 93 90 88 85 83 81 79 77 76 75 75
105 103 102 102 101 101 102 102 101 102 97 91 87 95 90 88 95 98 103 105 107 107 108 108 111 112 112 111 110 111 110 110 110 110 110 111 111 110 108 108 108 106 105 103 102 100 99 98 97 96 95 95 94 90 84 77 69 60 -9999 -9999 -9999 -9999 -9999 -9999 -9999 -9999 -9999 -9999 -9999 -9999 -9999 -9999 -9999 -9999 -9999 -9999 -9999 -9999 -9999 -9999 -9999 93 95 96 96 93 91 88 86 83 81 79 77 76 75 74
104 102 101 101 101 101 101 102 102 101 97 95 96 92 95 94 99 102 104 106 106 107 108 109 111 113 111 111 112 112 111 112 112 113 113 113 112 112 111 109 108 106 104 102 101 99 98 96 95 93 91 90 89 85 80 74 67 62 -9999 -9999 -9999 -9999 -9999 -9999 -9999 -9999 -9999 -9999 -9999 -9999 -9999 -9999 -9999 -9999 -9999 -9999 -9999 -9999 -9999 -9999 -9999 92 94 95 94 92 89 87 85 83 80 78 77 -9999 -9999 -9999
104 102 100 100 102 103 103 103 102 102 97 97 92 92 99 99 100 102 103 104 106 107 108 110 111 112 112 112 112 113 113 113 113 114 114 113 113 112 111 109 108 105 103 102 100 98 96 94 92 90 88 87 84 81 78 72 -9999 -9999 -9999 -9999 -9999 -9999 -9999 -9999 -9999 -9999 -9999 -9999 -9999 -9999 -9999 -9999 -9999 -9999 -9999 -9999 -9999 -9999 -9999 -9999 -9999 90 92 92 91 89 88 87 85 -9999 80 -9999 -9999 -9999 -9999 -9999
105 103 101 100 101 103 104 104 103 102 98 98 95 98 98 103 103 101 102 103 106 107 108 110 111 112 112 112 113 113 113 113 114 114 114 114 114 112 111 109 107 105 103 101 99 96 94 92 90 87 85 83 81 79 -9999 -9999 -9999 -9999 -9999 -9999 -9999 -9999 -9999 -9999 -9999 -9999 -9999 -9999 -9999 -9999 -9999 -9999 -9999 -9999 -9999 -9999 -9999 -9999 -9999 -9999 86 88 89 89 88 86 87 -9999 -9999 -9999 -9999 -9999 -9999 -9999 -9999 -9999
105 104 103 102 103 104 106 105 104 99 98 95 98 98 101 103 103 102 101 102 104 107 109 110 111 112 112 112 113 113 113 113 113 114 114 114 113 112 110 109 106 104 102 99 97 95 92 90 88 85 82 80 78 -9999 -9999 -9999 -9999 -9999 -9999 -9999 -9999 -9999 -9999 -9999 -9999 -9999 -9999 -9999 -9999 -9999 -9999 -9999 -9999 -9999 -9999 -9999 -9999 -9999 -9999 -9999 -9999 87 87 86 86 -9999 -9999 -9999 -9999 -9999 -9999 -9999 -9999 -9999 -9999 -9999
104 104 102 102 104 105 107 107 104 98 96 92 96 96 101 104 103 102 101 101 103 105 108 110 111 111 112 112 112 113 113 113 113 113 113 113 112 111 109 108 105 103 101 99 96 94 91 89 86 83 80 77 -9999 -9999 -9999 -9999 -9999 -9999 -9999 -9999 -9999 -9999 -9999 -9999 -9999 -9999 -9999 -9999 -9999 -9999 -9999 -9999 -9999 -9999 -9999 -9999 -9999 -9999 -9999 -9999 -9999 -9999 -9999 -9999 -9999 -9999 -9999 -9999 -9999 -9999 -9999 -9999 -9999 -9999 -9999 -9999
96 99 102 99 103 107 107 109 107 98 84 89 97 100 103 103 103 102 101 101 102 104 107 109 110 110 111 112 112 112 112 113 113 113 112 112 111 110 109 107 105 102 100 97 95 92 89 87 84 81 78 75 -9999 -9999 -9999 -9999 -9999 -9999 -9999 -9999 -9999 -9999 -9999 -9999 -9999 -9999 -9999 -9999 -9999 -9999 -9999 -9999 -9999 -9999 -9999 -9999 -9999 -9999 -9999 -9999 -9999 -9999 -9999 -9999 -9999 -9999 -9999 -9999 -9999 -9999 -9999 -9999 -9999 -9999 -9999 -9999
100 103 105 104 106 103 106 110 111 102 90 99 104 104 102 102 102 102 100 99 101 104 106 108 109 110 111 111 111 112 112 112 112 112 112 111 110 109 107 106 103 101 98 96 93 90 88 85 83 80 77 74 -9999 -9999 -9999 -9999 -9999 -9999 -9999 -9999 -9999 -9999 -9999 -9999 -9999 -9999 -9999 -9999 -9999 -9999 -9999 -9999 -9999 -9999 -9999 -9999 -9999 -9999 -9999 -9999 -9999 -9999 -9999 -9999 -9999 -9999 -9999 -9999 -9999 -9999 -9999 -9999 -9999 -9999 -9999 -9999
102 102 103 109 109 103 106 109 112 106 101 98 98 104 100 103 102 102 100 99 101 103 105 107 108 110 110 111 111 111 112 112 112 112 111 110 109 107 106 104 102 100 97 95 92 90 87 85 82 80 76 74 -9999 -9999 -9999 -9999 -9999 -9999 -9999 -9999 -9999 -9999 -9999 -9999 -9999 -9999 -9999 -9999 -9999 -9999 -9999 -9999 -9999 -9999 -9999 -9999 -9999 -9999 -9999 -9999 -9999 -9999 -9999 -9999 -9999 -9999 -9999 -9999 -9999 -9999 -9999 -9999 -9999 -9999 -9999 -9999
93 97 91 99 98 104 110 112 111 112 108 99 100 106 99 100 103 103 102 101 102 103 105 106 107 108 109 110 110 110 111 111 111 111 110 109 108 106 105 103 100 98 96 93 91 89 86 84 82 79 76 73 -9999 -9999 -9999 -9999 -9999 -9999 -9999 -9999 -9999 -9999 -9999 -9999 -9999 -9999 -9999 -9999 -9999 -9999 -9999 -9999 -9999 -9999 -9999 -9999 -9999 -9999 -9999 -9999 -9999 -9999 -9999 -9999 -9999 -9999 -9999 -9999 -9999 -9999 -9999 -9999 -9999 -9999 -9999 -9999
90 89 90 100 94 95 107 107 100 106 113 108 105 102 103 95 94 101 104 103 104 104 105 106 107 108 109 109 109 110 111 110 110 110 109 108 106 106 104 102 100 98 96 93 90 88 85 84 82 79 76 74 -9999 -9999 -9999 -9999 -9999 -9999 -9999 -9999 -9999 -9999 -9999 -9999 -9999 -9999 -9999 -9999 -9999 -9999 -9999 -9999 -9999 -9999 -9999 -9999 -9999 -9999 -9999 -9999 -9999 -9999 -9999 -9999 -9999 -9999 -9999 -9999 -9999 -9999 -9999 -9999 -9999 -9999 -9999 -9999
90 90 92 100 95 93 99 107 110 110 114 112 108 106 106 103 96 97 101 104 103 104 104 105 107 107 108 107 108 109 109 110 110 110 109 108 106 105 103 103 101 98 96 93 91 88 86 84 83 -9999 -9999 -9999 -9999 -9999 -9999 -9999 -9999 -9999 -9999 -9999 -9999 -9999 -9999 -9999 -9999 -9999 -9999 -9999 -9999 -9999 -9999 -9999 -9999 -9999 -9999 -9999 -9999 -9999 -9999 -9999 -9999 -9999 -9999 -9999 -9999 -9999 -9999 -9999 -9999 -9999 -9999 -9999 -9999 -9999 -9999 -9999
89 91 95 96 99 94 94 105 104 106 114 115 110 104 107 108 106 102 97 97 100 101 105 105 105 106 106 106 107 106 107 107 108 108 108 108 105 103 102 102 100 98 95 93 91 88 86 84 -9999 -9999 -9999 -9999 -9999 -9999 -9999 -9999 -9999 -9999 -9999 -9999 -9999 -9999 -9999 -9999 -9999 -9999 -9999 -9999 -9999 -9999 -9999 -9999 -9999 -9999 -9999 -9999 -9999 -9999 -9999 -9999 -9999 -9999 -9999 -9999 -9999 -9999 -9999 -9999 -9999 -9999 -9999 -9999 -9999 -9999 -9999 -9999
89 92 91 93 99 99 100 104 103 109 114 114 113 105 104 103 106 107 105 103 101 100 104 103 104 103 102 104 106 106 107 107 106 106 106 105 104 102 101 100 99 97 95 92 90 87 85 84 -9999 -9999 -9999 -9999 -9999 -9999 -9999 -9999 -9999 -9999 -9999 -9999 -9999 -9999 -9999 -9999 -9999 -9999 -9999 -9999 -9999 -9999 -9999 -9999 -9999 -9999 -9999 -9999 -9999 -9999 -9999 -9999 -9999 -9999 -9999 -9999 -9999 -9999 -9999 -9999 -9999 -9999 -9999 -9999 -9999 -9999 -9999 -9999
86 88 96 100 100 102 105 104 105 107 108 106 112 102 100 105 105 106 106 106 105 103 102 100 99 99 98 101 99 98 99 102 102 103 103 102 102 101 102 102 100 98 96 93 90 87 85 84 -9999 -9999 -9999 -9999 -9999 -9999 -9999 -9999 -9999 -9999 -9999 -9999 -9999 -9999 -9999 -9999 -9999 -9999 -9999 -9999 -9999 -9999 -9999 -9999 -9999 -9999 -9999 -9999 -9999 -9999 -9999 -9999 -9999 -9999 -9999 -9999 -9999 -9999 -9999 -9999 -9999 -9999 -9999 -9999 -9999 -9999 -9999 -9999
83 92 99 101 101 102 106 106 105 110 108 111 110 99 101 105 107 108 105 99 103 103 103 103 102 101 101 103 106 105 105 106 107 106 106 107 107 106 106 104 103 100 97 94 90 87 -9999 -9999 -9999 -9999 -9999 -9999 -9999 -9999 -9999 -9999 -9999 -9999 -9999 -9999 -9999 -9999 -9999 -9999 -9999 -9999 -9999 -9999 -9999 -9999 -9999 -9999 -9999 -9999 -9999 -9999 -9999 -9999 -9999 -9999 -9999 -9999 -9999 -9999 -9999 -9999 -9999 -9999 -9999 -9999 -9999 -9999 -9999 -9999 -9999 -9999
92 96 100 101 102 101 106 108 111 111 114 113 107 101 104 108 107 108 107 102 102 103 104 104 105 106 107 107 108 107 106 106 106 107 108 108 108 108 107 106 104 102 99 96 92 89 88 -9999 -9999 -9999 -9999 -9999 -9999 -9999 -9999 -9999 -9999 -9999 -9999 -9999 -9999 -9999 -9999 -9999 -9999 -9999 -9999 -9999 -9999 -9999 -9999 -9999 -9999 -9999 -9999 -9999 -9999 -9999 -9999 -9999 -9999 -9999 -9999 -9999 -9999 -9999 -9999 -9999 -9999 -9999 -9999 -9999 -9999 -9999 -9999 -9999
96 98 98 100 102 98 99 108 106 110 116 113 109 108 106 104 110 110 109 99 97 96 99 104 107 108 108 108 108 108 108 108 108 108 109 109 109 109 108 108 106 104 101 98 95 92 90 89 -9999 -9999 -9999 -9999 -9999 -9999 -9999 -9999 -9999 -9999 -9999 -9999 -9999 -9999 -9999 -9999 -9999 -9999 -9999 -9999 -9999 -9999 -9999 -9999 -9999 -9999 -9999 -9999 -9999 -9999 -9999 -9999 -9999 -9999 -9999 -9999 -9999 -9999 -9999 -9999 -9999 -9999 -9999 -9999 -9999 -9999 -9999 -9999
94 97 98 97 93 94 106 110 113 114 118 117 115 108 103 105 108 108 110 100 93 94 97 100 103 105 107 106 107 108 108 108 109 109 109 109 109 108 110 110 108 106 103 100 98 95 92 89 88 -9999 -9999 -9999 -9999 -9999 -9999 -9999 -9999 -9999 -9999 -9999 -9999 -9999 -9999 -9999 -9999 -9999 -9999 -9999 -9999 -9999 -9999 -9999 -9999 -9999 -9999 -9999 -9999 -9999 -9999 -9999 86 -9999 -9999 -9999 -9999 -9999 -9999 -9999 -9999 64 63 62 -9999 -9999 -9999 -9999
94 94 96 93 90 105 106 110 114 119 118 118 116 116 114 112 109 108 110 104 101 104 99 99 97 97 101 98 101 103 106 106 108 109 109 110 110 110 111 112 111 109 107 103 100 98 95 91 89 -9999 -9999 -9999 -9999 -9999 -9999 -9999 -9999 -9999 -9999 -9999 -9999 -9999 -9999 -9999 -9999 -9999 -9999 -9999 -9999 -9999 -9999 -9999 -9999 -9999 -9999 -9999 100 98 95 93 91 88 85 84 79 77 76 74 73 70 67 -9999 -9999 -9999 -9999 -9999
94 94 98 94 97 105 105 108 101 114 119 119 118 116 110 106 108 105 106 106 94 101 101 98 98 98 100 98 98 99 102 105 106 107 108 109 111 113 114 115 115 115 113 110 106 100 96 94 91 -9999 -9999 -9999 -9999 -9999 -9999 -9999 -9999 -9999 -9999 -9999 -9999 -9999 -9999 -9999 -9999 -9999 -9999 -9999 -9999 -9999 -9999 -9999 -9999 101 102 102 98 100 99 98 97 95 94 92 91 89 87 86 85 84 79 77 77 -9999 -9999 73
96 94 101 99 98 106 106 111 109 116 117 118 117 115 114 112 109 106 108 111 104 101 105 103 101 98 97 96 99 100 102 104 106 106 107 108 110 113 115 116 118 119 120 118 113 107 101 96 91 88 -9999 -9999 -9999 -9999 -9999 -9999 -9999 -9999 -9999 -9999 -9999 -9999 -9999 -9999 -9999 -9999 -9999 -9999 -9999 -9999 -9999 89 97 104 109 108 104 102 103 101 101 101 100 97 95 91 90 88 88 89 90 87 86 84 79 77
94 94 100 100 101 107 108 111 116 115 115 117 116 115 113 112 111 109 109 110 109 103 104 104 104 101 103 100 98 100 102 104 104 105 106 107 110 112 114 116 118 121 125 123 117 108 102 97 92 88 84 80 -9999 -9999 -9999 -9999 -9999 -9999 -9999 -9999 -9999 -9999 -9999 -9999 -9999 -9999 -9999 -9999 -9999 90 88 92 100 108 110 106 108 107 107 104 106 107 108 104 99 97 97 95 92 91 91 95 96 93 88 87
96 99 97 101 106 106 109 114 117 115 115 115 113 111 114 113 111 110 108 108 108 103 102 104 101 103 103 102 101 101 102 101 102 103 103 104 108 111 113 115 116 118 120 117 111 104 100 97 93 88 84 80 78 77 76 76 79 79 -9999 -9999 -9999 87 87 -9999 -9999 -9999 -9999 -9999 97 96 97 100 105 108 110 108 118 115 115 114 113 110 108 104 102 101 101 102 101 100 100 97 96 97 100 98
99 98 100 104 108 106 109 113 119 116 115 111 113 112 113 113 111 109 108 108 107 105 104 104 105 104 101 101 102 101 100 100 101 102 103 103 106 109 111 113 113 114 112 108 102 96 95 94 91 87 84 80 78 77 78 81 82 83 84 86 89 90 90 90 92 93 97 102 103 103 103 106 105 108 100 117 116 116 116 112 108 105 104 103 105 105 105 106 107 109 109 108 106 103 105 106
99 100 99 104 107 108 110 106 118 118 108 115 118 114 113 112 110 108 107 106 105 104 104 103 100 102 102 102 101 99 98 98 98 98 100 103 104 107 109 110 110 109 106 102 94 -9999 -9999 90 -9999 -9999 -9999 80 78 77 83 88 89 89 90 91 93 95 96 97 98 100 104 107 109 107 104 109 108 101 102 113 109 109 112 114 113 115 111 109 107 108 110 112 114 116 115 115 114 112 113 114
98 101 100 104 108 108 111 109 115 118 118 117 118 117 115 112 109 107 105 104 103 102 102 101 101 101 -9999 97 96 -9999 -9999 -9999 -9999 -9999 -9999 -9999 100 102 104 106 106 105 103 99 96 -9999 -9999 -9999 -9999 -9999 -9999 -9999 -9999 -9999 -9999 -9999 96 96 95 96 98 100 102 103 104 104 105 110 110 112 112 105 106 106 104 102 107 111 113 114 116 119 116 114 112 113 116 118 120 122 120 122 121 120 121 120
99 99 99 103 108 109 111 115 113 119 119 111 116 118 115 112 109 105 105 104 103 102 100 -9999 -9999 -9999 -9999 95 94 -9999 -9999 -9999 -9999 85 -9999 -9999 97 98 102 103 103 103 102 98 -9999 89 87 86 -9999 -9999 -9999 -9999 94 96 97 100 100 99 97 97 98 102 103 104 105 104 106 105 106 104 99 99 103 104 105 110 108 107 116 115 119 128 125 122 122 123 126 128 124 131 126 129 129 131 130 126
98 102 103 104 103 107 113 117 117 115 119 117 115 118 116 114 -9999 105 104 104 103 101 99 96 94 92 -9999 -9999 -9999 -9999 -9999 -9999 83 85 84 -9999 -9999 91 97 100 103 103 102 98 95 88 91 88 90 93 95 98 101 103 106 104 104 104 102 102 105 106 106 107 106 105 107 108 107 111 110 106 103 110 116 115 115 111 115 126 124 130 131 130 129 129 127 128 133 135 134 133 134 136 132 130
98 101 104 106 105 108 111 117 119 117 120 122 117 115 118 115 -9999 -9999 104 103 101 100 97 -9999 92 88 85 -9999 -9999 -9999 -9999 -9999 -9999 -9999 74 75 -9999 89 94 101 104 104 103 101 98 95 94 92 93 96 99 102 105 108 110 108 106 106 105 104 108 108 109 110 111 110 108 109 112 113 114 111 116 118 121 121 126 123 125 124 127 130 129 129 132 132 129 129 130 135 133 137 137 136 135 134
99 101 102 108 110 106 108 115 120 121 121 120 118 114 109 118 -9999 -9999 -9999 -9999 100 -9999 94 91 87 86 84 -9999 -9999 -9999 -9999 -9999 -9999 -9999 73 73 -9999 85 96 103 104 107 106 104 102 102 102 100 100 102 105 107 108 107 99 89 107 108 108 109 110 112 114 112 113 114 112 111 116 117 117 117 120 124 122 134 125 128 124 117 125 124 124 125 134 135 131 134 129 135 132 132 136 138 136 134
102 103 106 109 106 107 108 112 118 122 121 120 124 122 118 117 116 -9999 -9999 -9999 98 95 93 88 -9999 -9999 -9999 -9999 -9999 -9999 76 73 71 -9999 -9999 -9999 72 84 99 107 108 108 107 106 107 106 107 106 106 106 107 110 108 110 107 102 98 104 106 113 116 115 113 112 110 111 108 106 106 110 112 114 118 122 129 134 135 126 120 121 125 122 123 128 134 132 129 127 122 126 130 131 134 139 139 138
103 102 106 110 111 112 110 110 116 123 122 120 126 126 126 120 113 113 -9999 -9999 -9999 -9999 -9999 -9999 -9999 -9999 -9999 -9999 -9999 -9999 73 72 69 -9999 -9999 -9999 64 85 104 108 106 101 106 109 109 110 110 110 111 111 108 109 112 110 110 110 111 112 107 110 115 117 118 118 115 114 112 110 109 110 111 116 117 120 128 125 126 119 119 119 121 119 119 128 133 140 142 142 126 126 132 137 138 139 140 139
103 104 106 108 110 113 111 108 110 121 126 126 126 126 126 122 116 111 107 -9999 -9999 -9999 -9999 -9999 -9999 -9999 -9999 -9999 -9999 68 68 -9999 -9999 -9999 -9999 -9999 75 85 96 102 102 107 109 110 112 114 115 116 116 115 114 113 116 117 116 115 115 115 114 113 116 118 117 115 116 114 111 108 106 108 112 116 117 119 124 123 125 122 119 118 121 117 120 125 125 127 140 140 133 136 138 138 139 139 137 137
99 102 104 106 109 110 112 111 112 118 123 124 124 124 122 119 115 111 105 103 -9999 -9999 -9999 -9999 76 73 -9999 -9999 -9999 -9999 -9999 -9999 -9999 -9999 -9999 -9999 78 82 85 96 101 106 108 109 115 117 117 119 120 118 116 111 115 117 113 120 116 118 114 115 119 114 112 116 116 115 113 110 108 109 112 117 119 121 123 122 124 122 121 122 121 116 117 120 123 128 133 135 138 138 137 137 140 140 138 139
