resultados/variables_proyeccion_tiempo/variables_futuro_csiro_A1B/bio4.asc
ncols 330
nrows 228
xllcorner -12.000000
yllcorner 34.000000
cellsize 0.166667
NODATA_value -9999
[rows 0 to 35 of 228, columns 166 to 248 of 330]
-9999 -9999 -9999 -9999 -9999 -9999 -9999 -9999 -9999 -9999 -9999 -9999 -9999 -9999 -9999 -9999 -9999 -9999 -9999 -9999 -9999 -9999 -9999 -9999 -9999 -9999 -9999 -9999 -9999 -9999 -9999 -9999 -9999 -9999 -9999 -9999 -9999 -9999 -9999 -9999 -9999 -9999 -9999 -9999 -9999 -9999 -9999 -9999 -9999 -9999 -9999 -9999 -9999 -9999 -9999 -9999 -9999 -9999 -9999 -9999 -9999 -9999 -9999 -9999 -9999 -9999 -9999 -9999 -9999 -9999 -9999 -9999 -9999 -9999 -9999 -9999 -9999 -9999 -9999 -9999 -9999 -9999 -9999
-9999 -9999 -9999 -9999 -9999 -9999 -9999 -9999 -9999 -9999 -9999 -9999 -9999 -9999 -9999 -9999 -9999 -9999 -9999 -9999 -9999 -9999 -9999 -9999 -9999 -9999 -9999 -9999 -9999 -9999 -9999 -9999 -9999 -9999 -9999 -9999 -9999 -9999 -9999 -9999 -9999 -9999 -9999 -9999 -9999 -9999 -9999 -9999 -9999 -9999 -9999 -9999 -9999 -9999 -9999 -9999 -9999 -9999 -9999 -9999 -9999 -9999 -9999 -9999 -9999 -9999 -9999 -9999 -9999 -9999 -9999 -9999 -9999 -9999 -9999 -9999 -9999 -9999 -9999 -9999 -9999 -9999 -9999
-9999 -9999 -9999 -9999 -9999 -9999 -9999 -9999 -9999 -9999 -9999 -9999 -9999 -9999 -9999 -9999 -9999 -9999 -9999 -9999 -9999 -9999 -9999 -9999 -9999 -9999 -9999 -9999 -9999 -9999 -9999 -9999 -9999 -9999 -9999 -9999 -9999 -9999 -9999 -9999 -9999 -9999 -9999 -9999 -9999 -9999 -9999 -9999 -9999 -9999 -9999 -9999 -9999 -9999 -9999 -9999 -9999 -9999 -9999 -9999 -9999 -9999 -9999 -9999 -9999 -9999 -9999 -9999 -9999 -9999 -9999 -9999 -9999 -9999 -9999 -9999 -9999 -9999 -9999 -9999 -9999 -9999 -9999
-9999 -9999 -9999 -9999 -9999 -9999 -9999 -9999 -9999 -9999 -9999 -9999 -9999 -9999 -9999 -9999 -9999 -9999 -9999 -9999 -9999 -9999 -9999 -9999 -9999 -9999 -9999 -9999 -9999 -9999 -9999 -9999 -9999 -9999 -9999 -9999 -9999 -9999 -9999 -9999 -9999 -9999 -9999 -9999 -9999 -9999 -9999 -9999 -9999 -9999 -9999 -9999 -9999 -9999 -9999 -9999 -9999 -9999 -9999 -9999 -9999 -9999 -9999 -9999 -9999 -9999 -9999 -9999 -9999 -9999 -9999 -9999 -9999 -9999 -9999 -9999 -9999 -9999 -9999 -9999 -9999 -9999 -9999
-9999 -9999 -9999 -9999 -9999 -9999 -9999 -9999 -9999 -9999 -9999 -9999 -9999 -9999 -9999 -9999 -9999 -9999 -9999 -9999 -9999 -9999 -9999 -9999 -9999 -9999 -9999 -9999 -9999 -9999 -9999 -9999 -9999 -9999 -9999 -9999 -9999 -9999 -9999 -9999 -9999 -9999 -9999 -9999 -9999 -9999 -9999 -9999 -9999 -9999 -9999 -9999 -9999 -9999 -9999 -9999 -9999 -9999 -9999 -9999 -9999 -9999 -9999 -9999 -9999 -9999 -9999 -9999 -9999 -9999 -9999 -9999 -9999 -9999 -9999 -9999 -9999 -9999 -9999 -9999 -9999 -9999 -9999
-9999 -9999 -9999 -9999 -9999 -9999 -9999 -9999 -9999 -9999 -9999 -9999 -9999 -9999 -9999 -9999 -9999 -9999 -9999 -9999 -9999 -9999 -9999 -9999 -9999 -9999 -9999 -9999 -9999 -9999 -9999 -9999 -9999 -9999 -9999 -9999 -9999 -9999 -9999 -9999 -9999 -9999 -9999 -9999 -9999 -9999 -9999 -9999 -9999 3958 3861 -9999 -9999 3273 3137 3309 3273 3013 2872 2793 2698 2667 2855 2918 -9999 -9999 -9999 -9999 -9999 2372 2308 2257 2297 2351 2336 2349 -9999 -9999 -9999 -9999 -9999 -9999 -9999
-9999 -9999 -9999 -9999 -9999 -9999 -9999 -9999 -9999 -9999 -9999 -9999 -9999 -9999 -9999 -9999 -9999 -9999 -9999 -9999 -9999 -9999 -9999 -9999 -9999 -9999 -9999 -9999 -9999 -9999 -9999 -9999 -9999 -9999 -9999 -9999 -9999 -9999 -9999 -9999 -9999 -9999 -9999 -9999 4149 4210 -9999 -9999 -9999 4119 4082 4246 4269 3968 4019 4035 4003 3818 3665 3609 3555 3377 3139 -9999 3456 3259 3086 -9999 2692 2604 2497 2551 2515 2504 2509 2516 2515 2492 2703 2679 2664 -9999 -9999
-9999 -9999 -9999 -9999 -9999 -9999 -9999 -9999 -9999 -9999 -9999 -9999 -9999 -9999 -9999 -9999 -9999 -9999 -9999 -9999 -9999 -9999 -9999 -9999 -9999 -9999 -9999 -9999 -9999 -9999 -9999 -9999 -9999 -9999 -9999 -9999 -9999 -9999 -9999 -9999 3075 3718 4235 4392 4350 4338 4297 4509 4514 4586 4613 4474 4427 4534 4553 4571 4536 4475 4376 4205 4119 4317 4108 3942 3771 3587 3368 -9999 3238 3152 3024 2988 2927 2864 2727 2806 -9999 2804 2768 2776 2768 2761 2814
-9999 -9999 -9999 -9999 -9999 -9999 -9999 -9999 -9999 -9999 -9999 -9999 -9999 -9999 -9999 -9999 -9999 -9999 -9999 -9999 -9999 -9999 -9999 -9999 -9999 -9999 -9999 -9999 -9999 -9999 -9999 -9999 -9999 -9999 -9999 -9999 -9999 2628 2817 3250 3562 3993 4415 4522 4519 4578 4610 4618 4676 4733 4704 4838 4878 4878 4896 4921 4899 4839 4655 -9999 4666 4546 4405 4242 4105 3915 -9999 -9999 3513 3417 3320 3280 3216 3181 3072 2971 2980 2953 2924 2902 2849 2882 2932
-9999 -9999 -9999 -9999 -9999 -9999 -9999 -9999 -9999 -9999 -9999 -9999 -9999 -9999 -9999 -9999 -9999 -9999 -9999 -9999 -9999 -9999 -9999 -9999 -9999 -9999 -9999 -9999 -9999 -9999 -9999 -9999 -9999 -9999 3848 -9999 3772 -9999 3404 -9999 4266 4427 4595 4737 4756 4770 4786 4838 4907 4929 4986 5011 5047 5080 5108 5113 5082 4980 5002 4910 4810 4721 4614 4483 4297 4137 3978 3838 3718 3617 3533 3452 3327 3245 3145 3103 3073 3030 3013 2991 2980 2968 2997
-9999 -9999 -9999 -9999 -9999 -9999 -9999 -9999 -9999 -9999 -9999 -9999 -9999 -9999 -9999 -9999 -9999 -9999 -9999 2963 3027 3036 -9999 3148 3184 3208 -9999 3311 3484 3555 3709 -9999 -9999 4040 4096 4113 4122 4300 4417 4460 4556 4591 4707 4787 4857 4925 4982 5028 5091 5124 5144 5178 5234 5251 5264 5237 5153 5167 5185 5088 5015 4901 4779 4640 4502 4369 4192 4054 3903 3778 3670 3560 3464 3361 3274 3225 3164 3133 3110 3091 3066 3051 3060
-9999 -9999 -9999 -9999 -9999 -9999 -9999 -9999 -9999 -9999 -9999 -9999 -9999 -9999 -9999 -9999 -9999 -9999 2974 3014 3079 3118 3168 3154 3264 3344 3372 -9999 3619 3676 3808 3889 -9999 4135 4184 4320 4466 4566 4702 4755 4785 4799 4866 4915 5002 5003 5118 5196 5269 5312 5337 5359 5405 5437 5456 5456 5440 5441 5384 5321 5237 5133 5011 4903 4755 4606 4449 4283 4136 3987 3833 3741 3645 3557 3454 3384 3310 3260 3222 3202 3180 3108 3068
-9999 -9999 -9999 -9999 -9999 -9999 -9999 -9999 -9999 -9999 -9999 -9999 -9999 -9999 -9999 -9999 -9999 2903 3008 3080 3167 3250 3273 3339 3383 3341 3583 3746 3693 3906 3963 3972 4129 4212 4342 4431 4520 4651 4785 4880 4935 4987 5012 5083 5119 5183 5255 5349 5414 5453 5492 5534 5588 5620 5650 5664 5676 5658 5635 5580 5471 5362 5262 5121 4959 4830 4671 4502 4359 4226 4115 4025 3922 3780 3668 3629 3539 3468 3422 3380 3348 3284 3230
-9999 -9999 -9999 -9999 -9999 -9999 -9999 -9999 -9999 -9999 -9999 -9999 -9999 -9999 2797 2907 2956 2972 3049 3069 3203 3279 3418 3534 3486 3626 3835 3886 -9999 4154 4178 4298 4281 4381 4514 4563 4642 4733 4834 4938 5038 5139 5190 5256 5320 5386 5454 5510 5552 5611 5659 5699 5760 5805 5850 5880 5894 5920 5905 5842 5750 5630 5487 5356 5215 5068 4911 4758 4626 4510 4380 4276 4178 4058 3955 3836 3742 3675 3586 3526 3470 3421 3368
-9999 -9999 -9999 -9999 -9999 -9999 -9999 -9999 -9999 -9999 2879 2928 2974 2869 2880 2933 2995 3055 3034 3174 3332 3402 3595 3653 3714 3946 4013 3971 4274 4281 4456 4583 4612 4580 4672 4759 4810 4914 5023 5116 5201 5285 5384 5466 5525 5565 5616 5682 5729 5768 5812 5872 5916 5976 6018 6057 6096 6143 6152 6104 6006 5856 5729 5602 5460 5309 5171 5040 4892 4769 4664 4546 4434 4313 4186 4065 3952 3868 3788 3713 3659 3600 3561
-9999 -9999 -9999 -9999 -9999 -9999 -9999 2926 2902 2903 2900 3019 2990 2948 2957 3019 3086 3168 3200 3231 3402 3555 3752 3750 4015 4155 4196 4287 4524 4623 4791 4815 4886 4916 4928 4964 5024 5133 5232 5330 5406 5489 5581 5646 5696 5756 5817 5845 5891 5943 5987 6033 6097 6146 6202 6257 6292 6332 6360 6330 6223 6084 5959 5835 5701 5579 5444 5315 5195 5079 4953 4840 4714 4587 4453 4326 4212 4118 4027 3954 3893 3838 3767
-9999 2627 2654 -9999 -9999 -9999 -9999 2946 2891 2961 2986 2996 3040 3056 3126 3143 3197 3244 3399 3435 3496 3593 3869 4029 4181 4250 4460 4635 4708 4843 4993 5095 5155 5204 5235 5271 5320 5391 5486 5586 5670 5731 5792 5872 5929 5980 6006 6037 6079 6134 6189 6231 6289 6349 6397 6440 6486 6514 6527 6509 6430 6305 6186 6088 5973 5856 5742 5621 5508 5399 5285 5159 5030 4888 4756 4631 4515 4410 4325 4224 4137 4057 4005
2620 2581 2574 -9999 2744 2770 2912 2903 2962 2997 3070 3178 3200 3310 3336 3355 3370 3389 3526 3662 3796 3855 4062 4250 4433 4602 4699 4812 4938 5075 5146 5285 5374 5444 5486 5529 5608 5692 5776 5868 5942 6011 6062 6117 6182 6219 6250 6299 6329 6373 6410 6453 6505 6573 6615 6658 6695 6731 6732 6705 6646 6563 6453 6363 6263 6153 6066 5947 5876 5760 5647 5519 5382 5235 5099 4977 4842 4736 4640 4531 4435 4353 4298
2732 2674 2625 2730 2759 2824 2828 -9999 3071 3181 3258 3396 3321 3434 3444 3523 3592 3799 3927 3943 4097 4250 4363 4382 4573 4770 4898 5006 5136 5253 5360 5437 5569 5664 5745 5815 5894 5979 6064 6163 6236 6316 6368 6404 6442 6477 6514 6548 6573 6617 6638 6668 6720 6792 6836 6888 6920 6938 6935 6916 6867 6798 6709 6620 6534 6434 6349 6290 6218 6140 6033 5896 5754 5599 5456 5331 5201 5080 4954 4847 4765 4685 4617
2776 2733 2760 2795 2833 2826 2994 3061 3180 3303 3390 3496 3543 3640 3660 3826 3917 3896 4132 4266 4419 4537 4634 4711 4778 4956 5075 5200 5307 5433 5563 5669 5776 5862 5948 6052 6157 6243 6341 6436 6532 6585 6635 6662 6692 6702 6730 6754 6791 6822 6838 6891 6921 6971 7021 7060 7093 7100 7092 7080 7033 6985 6932 6845 6770 6702 6631 6578 6535 6483 6402 6258 6080 5915 5777 5646 5516 5382 5264 5154 5068 4985 4907
2904 2898 2871 2889 2937 3007 3091 3298 3369 3406 3540 3593 3692 3833 3947 3963 4137 4202 4372 4457 4538 4660 4792 4909 4987 5103 5246 5359 5477 5583 5695 5809 5932 6047 6162 6249 6338 6422 6530 6637 6742 6802 6844 6854 6867 6877 6893 6914 6940 6959 6989 7031 7069 7102 7129 7163 7189 7200 7189 7173 7146 7124 7072 7009 6951 6887 6816 6777 6747 6710 6656 6508 6337 6172 6023 5889 5751 5612 5496 5395 5311 5222 5139
2998 2903 2927 3025 3078 3153 3254 3341 3503 3587 3687 3763 3869 3964 4062 4189 4282 4358 4396 4548 4699 4849 4998 5075 5135 5263 5396 5505 5616 5747 5846 5962 6057 6160 6265 6369 6476 6569 6665 6776 6885 6950 6970 6982 6990 6983 6982 6995 7013 7050 7075 7098 7136 7165 7174 7212 7234 7233 7231 7218 7217 7188 7158 7114 7054 6992 6942 6893 6871 6816 6758 6643 6509 6348 6195 6056 5924 5816 5698 5615 5530 5444 5366
-9999 3115 3084 3092 3219 3314 3396 3599 3744 3808 3930 4035 4163 4264 4348 4403 4483 4581 4738 4860 4962 5048 5126 5194 5299 5402 5520 5645 5766 5876 5970 6078 6188 6297 6388 6486 6574 6659 6747 6858 6960 7034 7052 7059 7055 7041 7038 7066 7080 7111 7130 7162 7190 7197 7200 7229 7226 7236 7246 7249 7239 7219 7188 7153 7114 7057 7027 6981 6941 6881 6814 6724 6625 6484 6353 6214 6095 5986 5870 5797 5706 5620 5539
3207 3172 3190 3301 3389 3542 3667 3826 3933 4035 4089 4218 4347 4445 4539 4642 4730 4845 4947 5070 5145 5261 5360 5454 5513 5601 5695 5784 5884 5983 6075 6186 6302 6398 6477 6557 6640 6728 6819 6909 6995 7058 7074 7080 7078 7066 7069 7085 7106 7134 7174 7187 7216 7200 7196 7230 7232 7242 7247 7246 7235 7221 7202 7174 7150 7110 7062 7022 6983 6915 6851 6781 6679 6567 6436 6312 6205 6093 5998 5920 5854 5776 5700
3416 3340 3414 3463 3554 3727 3834 3950 4062 4180 4267 4347 4472 4570 4688 4762 4933 5017 5073 5179 5319 5427 5527 5629 5710 5787 5865 5945 6016 6116 6206 6300 6390 6466 6558 6644 6715 6782 6852 6929 7006 7059 7078 7084 7079 7089 7099 7105 7122 7142 7167 7203 7204 7200 7196 7215 7224 7225 7239 7235 7242 7218 7186 7172 7155 7112 7077 7048 6995 6942 6879 6813 6730 6636 6527 6409 6307 6204 6114 6037 5965 5911 5841
3488 3529 3566 3668 3745 3877 3977 4092 4194 4252 4389 4493 4674 4768 4832 4934 5041 5128 5268 5404 5511 5623 5720 5822 5906 5963 6041 6102 6178 6259 6327 6400 6478 6541 6620 6683 6756 6815 6891 6946 6997 7049 7066 7080 7080 7083 7092 7112 7130 7152 7168 7198 7197 7204 7194 7199 7209 7217 7226 7229 7217 7198 7184 7175 7153 7128 7102 7063 7018 6966 6909 6849 6770 6691 6599 6495 6404 6298 6222 6150 6086 6022 5977
3624 3630 3732 3827 3925 3995 4099 4231 4373 4489 4610 4694 4772 4880 4989 5112 5211 5343 5455 5583 5720 5841 5942 6015 6096 6173 6236 6296 6349 6419 6478 6535 6593 6667 6724 6763 6819 6872 6923 6975 7022 7059 7086 7113 7128 7119 7120 7128 7156 7151 7170 7183 7192 7201 7203 7200 7214 7231 7230 7232 7238 7204 7196 7189 7168 7152 7130 7100 7043 7005 6942 6888 6823 6755 6689 6593 6510 6419 6345 6273 6217 6150 6096
3720 3829 3900 3966 4016 4113 4264 4412 4551 4690 4848 4941 5025 5119 5192 5286 5396 5521 5653 5796 5932 6057 6163 6254 6329 6385 6432 6475 6527 6569 6614 6661 6713 6759 6805 6841 6889 6920 6958 6982 7022 7053 7091 7121 7129 7135 7142 7143 7158 7181 7182 7181 7188 7194 7207 7217 7225 7253 7245 7243 7253 7244 7251 7242 7221 7203 7174 7134 7117 7065 7004 6949 6886 6833 6767 6700 6630 6562 6497 6420 6351 6296 6253
3875 3970 4102 4162 4246 4340 4457 4597 4726 4886 4995 5108 5183 5278 5382 5493 5606 5748 5890 6010 6148 6265 6381 6465 6531 6589 6630 6663 6681 6720 6741 6787 6841 6867 6896 6928 6975 6996 7004 7022 7050 7083 7114 7136 7148 7160 7175 7171 7192 7205 7208 7214 7204 7207 7222 7243 7250 7271 7284 7283 7293 7281 7305 7300 7281 7258 7224 7207 7184 7131 7091 7026 6978 6925 6875 6815 6760 6691 6627 6567 6490 6438 6402
4034 4059 4119 4281 4362 4454 4612 4751 4858 4987 5106 5215 5327 5432 5534 5631 5781 5921 6080 6211 6348 6489 6599 6693 6761 6792 6818 6833 6843 6860 6877 6889 6903 6935 6955 6993 7016 7037 7073 7074 7096 7106 7134 7166 7193 7195 7211 7218 7231 7232 7239 7239 7246 7242 7248 7269 7279 7299 7326 7330 7342 7340 7354 7338 7326 7319 7302 7286 7259 7222 7186 7133 7075 7035 7000 6962 6898 6827 6751 6701 6635 6586 6543
4156 4222 4300 4368 4440 4575 4720 4845 4996 5127 5234 5329 5445 5557 5693 5804 5946 6088 6232 6381 6530 6676 6810 6902 6964 6990 7005 6986 6984 6977 6984 6999 7011 7008 7011 7022 7041 7062 7099 7117 7134 7141 7154 7180 7203 7225 7238 7254 7268 7260 7270 7284 7284 7277 7279 7292 7320 7327 7344 7372 7388 7395 7394 7381 7380 7376 7363 7361 7343 7311 7256 7239 7197 7145 7116 7071 7004 6943 6894 6838 6786 6745 6712
4270 4348 4402 4513 4635 4737 4883 4990 5102 5225 5354 5493 5612 5729 5852 5977 6114 6264 6395 6536 6686 6837 6990 7120 7173 7158 7121 7103 7106 7091 7071 7050 7056 7077 7071 7073 7084 7089 7105 7124 7158 7146 7146 7165 7192 7222 7261 7287 7287 7280 7288 7282 7272 7290 7291 7311 7344 7356 7358 7389 7396 7410 7405 7391 7410 7414 7408 7414 7411 7373 7334 7314 7277 7240 7192 7166 7124 7074 7009 6967 6922 6879 6848
4400 4487 4540 4579 4718 4881 5003 5118 5246 5372 5491 5623 5743 5887 6003 6127 6259 6395 6529 6671 6814 6963 7114 7256 7291 7258 7220 7172 7131 7114 7093 7094 7094 7106 7111 7108 7110 7117 7124 7117 7120 7144 7130 7154 7172 7190 7221 7264 7259 7259 7254 7253 7243 7249 7275 7298 7313 7320 7343 7356 7377 7377 7391 7403 7413 7424 7428 7433 7409 7393 7364 7330 7308 7293 7259 7224 7199 7150 7096 7047 6999 6965 6938
4525 4607 4659 4733 4842 4981 5108 5246 5369 5493 5636 5767 5887 6001 6127 6247 6379 6512 6647 6769 6889 7021 7148 7253 7297 7290 7263 7201 7162 7113 7092 7097 7096 7095 7097 7107 7096 7118 7118 7105 7091 7086 7083 7088 7125 7162 7186 7198 7206 7198 7181 7179 7193 7219 7240 7254 7261 7270 7294 7320 7345 7365 7369 7389 7402 7402 7410 7420 7414 7392 7366 7349 7342 7306 7287 7258 7234 7196 7153 7106 7071 7014 6994
4622 4717 4793 4899 4992 5115 5250 5375 5511 5633 5766 5903 6031 6149 6264 6376 6483 6592 6711 6833 6951 7053 7156 7223 7263 7260 7248 7213 7166 7131 7079 7053 7066 7067 7066 7073 7056 7071 7080 7078 7066 7052 7049 7047 7081 7110 7130 7139 7152 7135 7123 7122 7139 7158 7173 7187 7204 7212 7244 7267 7288 7335 7354 7378 7393 7382 7398 7393 7405 7396 7379 7371 7360 7317 7292 7284 7267 7245 7190 7139 7102 7071 7047
4742 4829 4896 5008 5128 5254 5388 5517 5649 5764 5911 6031 6152 6265 6382 6488 6582 6697 6784 6890 6986 7088 7157 7210 7228 7213 7211 7193 7153 7118 7054 7034 7043 7043 7029 7035 7032 7031 7031 7035 7003 6990 6994 7009 7017 7048 7065 7069 7081 7080 7081 7076 7085 7087 7114 7129 7154 7172 7192 7237 7256 7305 7326 7349 7359 7356 7369 7381 7391 7394 7385 7365 7353 7331 7304 7309 7293 7261 7211 7175 7137 7108 7101
