resultados/variables_proyeccion_tiempo/variables_futuro_csiro_A1B/bio4.asc
ncols 330
nrows 228
xllcorner -12.000000
yllcorner 34.000000
cellsize 0.166667
NODATA_value -9999
[rows 72 to 107 of 228, columns 166 to 248 of 330]
6407 6423 6429 6426 6431 6435 6428 6429 6413 6395 6372 6361 6385 6431 6506 6599 6695 6783 6846 6877 6869 -9999 -9999 -9999 -9999 -9999 -9999 -9999 -9999 -9999 -9999 6994 -9999 -9999 -9999 -9999 -9999 -9999 -9999 -9999 7082 6980 -9999 7013 7087 7040 6975 6937 6866 6797 -9999 -9999 -9999 -9999 -9999 -9999 -9999 -9999 -9999 -9999 -9999 -9999 -9999 -9999 -9999 -9999 -9999 -9999 -9999 7256 -9999 -9999 -9999 -9999 -9999 -9999 -9999 -9999 -9999 -9999 7377 7380 7391
6419 6442 6448 6469 6465 6467 6467 6464 6468 6453 6436 6445 6478 6538 6608 6702 6788 6862 6899 6902 6910 6849 -9999 -9999 -9999 -9999 -9999 -9999 -9999 -9999 -9999 -9999 -9999 -9999 -9999 -9999 -9999 -9999 -9999 -9999 7285 -9999 -9999 -9999 -9999 -9999 -9999 -9999 -9999 -9999 -9999 -9999 -9999 -9999 -9999 -9999 -9999 -9999 -9999 -9999 -9999 -9999 -9999 -9999 -9999 -9999 -9999 -9999 -9999 -9999 -9999 -9999 -9999 -9999 7368 7369 7399 7406 7412 7410 7414 7419 7433
6453 6476 6501 6507 6528 6516 6526 6524 6534 6522 6511 6513 6536 6598 6692 6778 6871 6937 6966 6971 -9999 -9999 -9999 -9999 -9999 -9999 -9999 -9999 -9999 -9999 -9999 -9999 -9999 -9999 -9999 -9999 -9999 -9999 -9999 -9999 -9999 -9999 -9999 -9999 -9999 -9999 -9999 -9999 -9999 -9999 -9999 -9999 -9999 6767 6790 6791 -9999 6882 6914 6938 6987 7022 7072 7130 7162 7224 7227 -9999 -9999 -9999 -9999 -9999 -9999 -9999 7404 7405 7421 7436 7439 7450 7458 7464 7482
6472 6516 6538 6563 6568 6582 6576 6577 6586 6580 6570 6558 6577 6636 6732 6830 6949 7029 7094 7106 -9999 -9999 -9999 -9999 -9999 -9999 -9999 -9999 -9999 -9999 -9999 -9999 -9999 -9999 -9999 -9999 -9999 -9999 -9999 -9999 -9999 -9999 -9999 -9999 -9999 -9999 -9999 -9999 -9999 6826 6831 6835 6831 6837 6837 6850 6883 6927 6945 6978 7018 7055 7116 7166 7201 7242 7273 7303 7313 7304 7340 7384 7407 7420 7426 7432 7450 7461 7476 7496 7511 7517 7519
6489 6536 6566 6595 6616 6615 6607 6603 6603 6614 6608 6626 6652 6708 6786 6889 6998 7112 7214 7170 -9999 -9999 -9999 -9999 -9999 -9999 -9999 -9999 -9999 -9999 -9999 -9999 -9999 -9999 -9999 -9999 -9999 -9999 -9999 -9999 -9999 -9999 -9999 -9999 -9999 -9999 -9999 7022 6821 6780 6811 6853 6896 6910 6919 6940 6966 7000 7002 7029 7057 7089 7145 7188 7242 7280 7296 7332 7335 7332 7381 7411 7434 7435 7458 7474 7496 7504 7522 7535 7552 7559 7572
6464 6513 6546 6576 6595 6596 6592 6559 6553 6565 6627 6722 6810 6840 6897 6936 7075 -9999 -9999 -9999 -9999 -9999 -9999 -9999 -9999 -9999 -9999 -9999 -9999 -9999 -9999 -9999 -9999 -9999 -9999 -9999 -9999 -9999 -9999 -9999 -9999 7326 7323 -9999 7583 7573 7294 7029 6828 6766 6837 6917 6961 6997 7007 7031 7043 7052 7055 7071 7104 7136 7168 7210 7258 7278 7327 7352 7352 7370 7393 7424 7439 7459 7488 7512 7529 7548 7557 7561 7568 7582 7581
6423 6464 6494 6530 6542 6560 6541 6497 6467 6490 6641 6818 6949 7012 6998 7059 7091 -9999 -9999 -9999 -9999 -9999 -9999 -9999 -9999 -9999 -9999 -9999 -9999 -9999 -9999 -9999 -9999 -9999 -9999 -9999 -9999 -9999 7491 7429 7310 7237 7258 7383 7512 7569 7303 7086 6876 6831 6906 6991 7043 7069 7085 7091 7095 7096 7088 7094 7124 7156 7179 7216 7263 7269 7320 7352 7369 7373 7400 7438 7445 7482 7515 7540 7552 7573 7580 7576 7598 7609 7605
6368 6404 6433 6459 6488 6498 6480 6436 6406 6458 6630 6807 7026 7109 -9999 -9999 -9999 -9999 -9999 -9999 -9999 -9999 -9999 -9999 -9999 -9999 -9999 -9999 -9999 -9999 -9999 -9999 -9999 -9999 -9999 -9999 -9999 -9999 -9999 -9999 7229 7165 7188 7250 -9999 -9999 -9999 7175 6998 6952 7008 7078 7129 7141 7146 7143 7153 7136 7115 7136 7144 7170 7195 7218 7258 7278 7317 7348 7378 7381 7416 7455 7460 7495 7524 7548 7567 7594 7588 7587 7594 7608 7625
6323 6356 6382 6410 6418 6433 6421 6403 6397 -9999 -9999 -9999 -9999 -9999 -9999 -9999 -9999 -9999 -9999 -9999 -9999 -9999 -9999 -9999 -9999 -9999 -9999 -9999 -9999 -9999 -9999 -9999 -9999 -9999 -9999 -9999 -9999 -9999 -9999 7316 7227 7147 7171 7301 7493 7570 7532 7275 7167 7119 7117 7154 7200 7214 7204 7198 7201 7170 7154 7163 7158 7197 7216 7248 7268 7285 7320 7340 7385 7394 7423 7465 7486 7505 7528 7554 7584 7599 7607 7609 7621 7629 7624
6291 6316 6341 6360 6380 6390 6376 6352 -9999 -9999 -9999 -9999 -9999 -9999 -9999 -9999 -9999 -9999 -9999 -9999 -9999 6990 -9999 -9999 -9999 -9999 -9999 -9999 -9999 -9999 -9999 -9999 -9999 -9999 -9999 -9999 -9999 7304 7274 7259 7218 7181 7205 7320 7463 7582 -9999 -9999 7346 7275 7223 7204 7243 7274 7267 7247 7237 7219 7200 7194 7183 7212 7229 7266 7269 7303 7332 7360 7380 7396 7432 7474 7497 7518 7547 7565 7572 7595 7618 7637 7641 7625 7642
6283 6288 6327 6320 6330 6342 6336 6307 -9999 -9999 -9999 -9999 -9999 -9999 -9999 -9999 -9999 -9999 -9999 -9999 -9999 -9999 -9999 -9999 -9999 -9999 -9999 -9999 -9999 -9999 -9999 -9999 -9999 -9999 -9999 -9999 -9999 7243 7224 7215 7201 7208 7235 7334 -9999 -9999 -9999 -9999 -9999 -9999 7258 7216 7234 7285 7293 7296 7279 7251 7244 7221 7223 7225 7265 7287 7312 7328 7356 7384 7388 7420 7454 7486 7520 7539 7552 7579 7595 7622 7636 7646 7648 7652 7668
6311 6308 6318 6306 6272 6273 6255 -9999 -9999 -9999 -9999 -9999 -9999 -9999 -9999 -9999 -9999 -9999 -9999 -9999 -9999 -9999 -9999 -9999 -9999 -9999 -9999 -9999 -9999 -9999 -9999 -9999 -9999 -9999 -9999 -9999 -9999 -9999 7199 7198 -9999 7215 -9999 -9999 -9999 -9999 -9999 -9999 -9999 7412 -9999 -9999 7232 7266 7295 7305 7300 7288 7274 7253 7241 7264 7291 7319 7346 7360 7396 7413 7431 7462 7478 7508 7541 7557 7580 7615 7634 7645 7660 7652 7667 7682 7691
6356 6346 6336 6311 6277 6220 6201 -9999 -9999 -9999 -9999 -9999 -9999 -9999 -9999 -9999 -9999 6782 6819 6927 6984 6988 -9999 -9999 -9999 -9999 -9999 -9999 -9999 -9999 -9999 -9999 -9999 -9999 -9999 -9999 -9999 -9999 7205 7162 -9999 -9999 -9999 -9999 -9999 -9999 -9999 -9999 -9999 -9999 -9999 -9999 7239 7278 7314 7329 7313 7315 7297 7288 7281 7292 7324 7357 7392 7409 7422 7449 7472 7488 7503 7520 7547 7591 7628 7665 7673 7672 7685 7688 7707 7722 7722
6424 6408 6382 6372 6333 6307 6307 -9999 -9999 -9999 -9999 -9999 -9999 -9999 -9999 -9999 6593 6714 6839 6931 6986 -9999 -9999 -9999 -9999 -9999 -9999 -9999 -9999 -9999 -9999 -9999 -9999 -9999 -9999 -9999 -9999 -9999 -9999 7208 7242 7305 -9999 -9999 -9999 7540 -9999 -9999 -9999 -9999 -9999 -9999 7241 7285 7324 7352 7344 7336 7337 7313 7318 7321 7355 7380 7410 7439 7465 7493 7519 7517 7535 7545 7569 7603 7657 7700 7708 7708 7714 7721 7740 7746 7766
6500 6472 6455 6459 6496 6563 6577 -9999 -9999 -9999 -9999 -9999 -9999 -9999 6618 6593 6655 6774 6878 -9999 -9999 -9999 -9999 -9999 -9999 -9999 -9999 -9999 -9999 -9999 -9999 -9999 -9999 -9999 -9999 -9999 7245 7154 7159 7188 7228 7312 7373 -9999 -9999 -9999 -9999 -9999 -9999 -9999 -9999 -9999 7263 7299 7342 7361 7378 7364 7360 7355 7347 7351 7383 7408 7440 7473 7497 7520 7532 7546 7572 7570 7581 7620 7666 7707 7724 7720 7744 7751 7762 7771 7805
6563 6534 6523 6568 6690 6800 6790 -9999 7124 -9999 -9999 -9999 -9999 -9999 6658 6726 6779 6864 6934 6999 -9999 -9999 -9999 -9999 -9999 -9999 -9999 -9999 -9999 -9999 -9999 -9999 -9999 -9999 -9999 7261 7150 7091 7113 7165 7224 7282 7338 7350 7349 -9999 -9999 -9999 -9999 -9999 -9999 -9999 7288 7311 7348 7383 7382 7383 7388 7374 7366 7378 7406 7430 7457 7491 7520 7538 7558 7566 7582 7583 7607 7645 7675 7700 7720 7746 7782 7785 7794 7818 7819
6593 6572 6577 6645 6810 6902 -9999 7285 7220 -9999 -9999 -9999 -9999 -9999 6817 6837 6891 6930 6950 -9999 -9999 -9999 -9999 -9999 -9999 -9999 -9999 -9999 -9999 -9999 -9999 -9999 -9999 -9999 7322 7183 7068 7044 7102 7161 7224 7277 7297 7306 7312 7301 -9999 -9999 -9999 -9999 -9999 -9999 7294 7330 7347 7379 7379 7390 7386 7374 7383 7393 7412 7442 7473 7506 7516 7543 7562 7572 7584 7601 7617 7652 7692 7716 7733 7762 7780 7796 7818 7833 7832
6600 6594 6586 6657 6827 6994 -9999 7293 7268 -9999 -9999 -9999 -9999 -9999 -9999 6919 6938 -9999 -9999 -9999 -9999 -9999 -9999 -9999 -9999 -9999 -9999 -9999 -9999 -9999 -9999 -9999 -9999 -9999 7210 7103 7049 7062 7120 7191 7248 7277 7299 7309 7316 7304 7298 -9999 -9999 -9999 7187 7239 7282 7318 7345 7370 7374 7384 7375 7378 7384 7394 7416 7441 7475 7499 7529 7541 7540 7561 7575 7599 7624 7663 7706 7722 7742 7761 7776 7800 7811 7832 7840
6596 6589 6595 6665 6782 6983 7112 7180 -9999 -9999 -9999 -9999 -9999 -9999 -9999 6950 6943 -9999 -9999 -9999 -9999 -9999 -9999 -9999 -9999 -9999 -9999 -9999 -9999 -9999 -9999 -9999 7249 7185 7132 7070 7070 7097 7148 7216 7275 7302 7325 7345 7341 7329 7305 7253 7209 7172 7190 7226 7267 7315 7354 7366 7361 7352 7348 7358 7383 7394 7407 7436 7471 7489 7512 7530 7528 7545 7560 7598 7630 7669 7710 7714 7738 7759 7776 7787 7812 7842 7842
6554 6582 6641 6712 6771 6908 7002 -9999 -9999 -9999 -9999 -9999 -9999 -9999 -9999 -9999 -9999 -9999 -9999 -9999 -9999 -9999 -9999 -9999 -9999 -9999 -9999 -9999 -9999 -9999 -9999 -9999 7183 7109 7072 7070 7102 7142 7187 7221 7284 7325 7355 7366 7379 7354 7316 7270 7209 7185 7211 7233 7282 7313 7349 7357 7338 7334 7334 7352 7362 7377 7397 7430 7454 7486 7520 7524 7519 7525 7561 7599 7635 7681 7688 7724 7743 7751 7761 7786 7808 7827 7835
6515 6597 6711 6784 6928 6951 6970 -9999 -9999 -9999 -9999 -9999 -9999 -9999 -9999 -9999 -9999 -9999 -9999 -9999 -9999 -9999 -9999 -9999 -9999 -9999 -9999 -9999 -9999 -9999 -9999 -9999 7130 7088 7060 7083 7111 7150 7203 7244 7289 7335 7367 7390 7404 7385 7327 7274 7234 7202 7224 7255 7291 7325 7341 7352 7345 7338 7331 7344 7361 7370 7387 7414 7441 7473 7510 7510 7535 7548 7573 7604 7630 7653 7680 7702 7736 7763 7781 7794 7813 7830 7832
6473 6624 6784 -9999 7064 7069 -9999 -9999 -9999 -9999 -9999 -9999 -9999 -9999 -9999 -9999 -9999 -9999 -9999 -9999 -9999 -9999 -9999 -9999 -9999 -9999 -9999 -9999 -9999 -9999 -9999 7121 7117 7100 7088 7088 7125 7172 7219 7273 7311 7345 7378 7415 7410 7393 7354 7306 7269 7248 7255 7270 7308 7327 7361 7366 7354 7359 7358 7360 7354 7372 7393 7424 7453 7488 7513 7541 7553 7574 7586 7607 7607 7648 7693 7724 7754 7772 7791 7802 7810 7827 7836
6472 6659 6807 -9999 7219 7170 -9999 -9999 -9999 -9999 -9999 -9999 -9999 -9999 -9999 -9999 -9999 -9999 -9999 -9999 -9999 -9999 -9999 -9999 -9999 -9999 -9999 -9999 -9999 -9999 -9999 -9999 7109 7104 7087 7101 7139 7186 7251 7313 7351 7378 7403 7412 7427 7426 7396 7346 7302 7290 7306 7326 7338 7361 7397 7398 7405 7406 7386 7377 7384 7385 7412 7439 7467 7501 7524 7561 7586 7605 7625 7642 7655 7674 7710 7751 7785 7814 7836 7842 7848 7854 7872
6508 6637 -9999 -9999 -9999 -9999 -9999 -9999 -9999 -9999 -9999 -9999 -9999 -9999 -9999 -9999 -9999 -9999 -9999 -9999 -9999 -9999 -9999 -9999 -9999 -9999 -9999 -9999 -9999 -9999 -9999 -9999 7093 7096 7098 7116 7152 7215 7286 7338 7372 7403 7431 7449 7464 7466 7437 7397 7366 7361 7365 7383 7402 7404 7442 7453 7453 7455 7432 7427 7427 7439 7464 7492 7524 7546 7578 7611 7636 7668 7683 7705 7720 7741 7777 7810 7844 7872 7882 7902 7907 7934 7933
-9999 -9999 -9999 -9999 -9999 -9999 -9999 -9999 -9999 -9999 -9999 -9999 -9999 -9999 -9999 -9999 -9999 -9999 -9999 -9999 -9999 -9999 -9999 -9999 -9999 -9999 -9999 -9999 -9999 -9999 -9999 -9999 7083 7100 7107 7138 7179 7236 7307 7356 7389 7425 7446 7473 7501 7505 7494 7457 7428 7417 7433 7438 7458 7480 7501 7510 7516 7512 7501 7485 7485 7497 7518 7547 7564 7596 7627 7668 7698 7733 7752 7775 7797 7814 7846 7886 7922 7948 7964 7981 7984 7995 7986
-9999 -9999 -9999 -9999 -9999 -9999 -9999 -9999 -9999 -9999 -9999 -9999 -9999 -9999 -9999 -9999 -9999 -9999 -9999 -9999 -9999 -9999 -9999 -9999 -9999 -9999 -9999 -9999 -9999 -9999 -9999 -9999 7073 7114 7139 7172 7204 7269 7330 7398 7422 7453 7466 7496 7524 7532 7515 7489 7473 7464 7472 7491 7509 7523 7552 7564 7562 7564 7546 7529 7533 7530 7563 7594 7609 7636 7673 7723 7743 7785 7817 7845 7875 7892 7912 7941 7970 8005 8038 8050 8052 8066 8071
-9999 -9999 -9999 -9999 -9999 -9999 -9999 -9999 -9999 -9999 -9999 -9999 -9999 -9999 -9999 -9999 -9999 -9999 -9999 -9999 -9999 -9999 -9999 -9999 -9999 -9999 -9999 -9999 -9999 -9999 -9999 -9999 7166 7177 7179 7203 7240 7296 7353 7423 7446 7463 7478 7518 7536 7533 7524 7513 7501 7511 7520 7527 7550 7564 7574 7592 7597 7596 7579 7560 7562 7568 7586 7619 7650 7675 7712 7749 7797 7837 7870 7900 7922 7941 7954 7992 8033 8059 8084 8095 8111 8118 8125
-9999 -9999 -9999 -9999 -9999 -9999 -9999 -9999 -9999 -9999 -9999 -9999 -9999 -9999 -9999 -9999 -9999 -9999 -9999 -9999 -9999 -9999 -9999 -9999 -9999 -9999 -9999 -9999 -9999 -9999 -9999 -9999 7298 7251 7226 7246 7283 7320 7366 7410 7430 7460 7482 7504 7518 7532 7523 7512 7516 7529 7540 7551 7570 7577 7599 7612 7622 7617 7590 7572 7562 7566 7591 7628 7661 7705 7739 7793 7834 7881 7909 7930 7952 7973 7998 8020 8057 8079 8107 8125 8148 8169 8181
-9999 -9999 -9999 -9999 -9999 -9999 -9999 -9999 -9999 -9999 -9999 -9999 -9999 -9999 -9999 -9999 -9999 -9999 -9999 -9999 -9999 -9999 -9999 -9999 -9999 -9999 -9999 -9999 -9999 -9999 -9999 7338 -9999 7348 7304 7306 7331 7354 7393 7410 7441 7459 7470 7488 7502 7520 7506 7504 7515 7528 7545 7559 7582 7580 7588 7617 7643 7626 7603 7568 7541 7561 7598 7632 7673 7722 7764 7812 7866 7899 7934 7956 7972 8004 8016 8047 8080 8103 8122 8151 8170 8191 8204
-9999 -9999 -9999 -9999 -9999 -9999 -9999 -9999 -9999 -9999 -9999 -9999 -9999 -9999 -9999 -9999 -9999 -9999 -9999 -9999 -9999 -9999 -9999 -9999 -9999 -9999 -9999 -9999 -9999 7210 7265 -9999 -9999 7407 7395 7384 7387 7408 7409 7419 7426 7442 7449 7463 7478 7500 7496 7502 7511 7526 7551 7563 7583 7602 7628 7652 7668 7650 7614 7570 7552 7557 7596 7637 7692 7734 7784 7824 7868 7905 7947 7979 8002 8019 8039 8066 8106 8128 8140 8157 8185 8212 8236
-9999 -9999 -9999 -9999 -9999 -9999 -9999 -9999 -9999 -9999 -9999 -9999 -9999 -9999 -9999 -9999 -9999 -9999 -9999 -9999 -9999 -9999 -9999 -9999 -9999 7488 7355 7221 7182 7222 7307 7391 7462 7489 7476 7477 7462 7457 7461 7451 7444 7431 7429 7447 7465 7492 7491 7488 7502 7524 7531 7555 7585 7612 7653 7690 7702 7685 7636 7586 7542 7541 7594 7642 7687 7744 7812 7842 7882 7918 7948 7994 8012 8030 8053 8073 8113 8143 8160 8176 8191 8226 8249
-9999 -9999 -9999 -9999 -9999 -9999 -9999 -9999 7878 7767 7616 7554 7577 7475 7333 7216 7157 7147 7112 -9999 -9999 -9999 -9999 -9999 -9999 7516 7391 7280 7234 7269 7372 7469 7534 7567 7576 7567 7557 7544 7524 7500 7470 7435 7409 7439 7473 7506 7497 7478 7496 7515 7528 7552 7582 7629 7675 7723 7752 7730 7673 7618 7588 7579 7619 7670 7727 7783 7828 7864 7902 7937 7971 8014 8036 8067 8083 8104 8126 8152 8182 8200 8221 8251 8269
-9999 -9999 -9999 -9999 -9999 7784 8006 8103 7975 7839 7734 7713 7736 7558 7362 7190 7079 7028 7070 -9999 -9999 -9999 -9999 -9999 7610 7573 7516 7428 7388 7421 7508 7581 7648 7686 7705 7681 7666 7643 7609 7586 7538 7476 7431 7454 7474 7496 7498 7502 7504 7531 7543 7562 7591 7652 7694 7752 7792 7769 7724 7672 7636 7640 7670 7708 7752 7810 7860 7899 7943 7977 8014 8055 8081 8100 8112 8131 8165 8186 8210 8231 8262 8274 8304
-9999 -9999 -9999 -9999 7413 7673 7907 8020 7994 7917 7862 7830 7765 7594 7376 7173 6995 6909 6947 -9999 -9999 7436 7597 7620 7643 7630 7601 7593 7599 7639 7686 7737 7791 7819 7838 7820 7797 7765 7733 7695 7624 7567 7520 7502 7501 7522 7513 7518 7534 7558 7585 7597 7617 7648 7694 7752 7794 7791 7753 7729 7708 7715 7737 7781 7813 7869 7915 7952 8000 8042 8084 8113 8146 8171 8184 8208 8224 8244 8264 8286 8302 8322 8351
7402 7146 6902 7020 7316 7604 7839 7967 7993 7980 7936 7887 7782 7620 7422 7237 7066 6972 7007 7137 7306 7482 7620 7656 7691 7728 7776 7811 7839 7863 7897 7935 7978 7988 7993 8012 7986 7938 7890 7818 7739 7679 7618 7571 7553 7557 7553 7563 7581 7600 7635 7650 7663 7664 7715 7757 7799 7812 7808 7788 7794 7806 7840 7870 7901 7935 7973 8017 8072 8124 8160 8185 8217 8239 8269 8283 8286 8304 8325 8347 8377 8385 8404
7461 7240 7056 7124 7376 7637 7833 7969 8028 8039 8017 7959 7852 7700 7512 7337 7208 7136 7162 7261 7396 7570 7712 7766 7818 7871 7955 8022 8069 8094 8111 8134 8156 8171 8209 8243 8214 8146 8057 7966 7881 7800 7726 7659 7636 7618 7618 7631 7636 7674 7694 7708 7716 7739 7775 7808 7850 7866 7874 7866 7873 7890 7928 7963 7993 8022 8057 8102 8156 8210 8258 8284 8302 8318 8338 8356 8385 8397 8410 8429 8443 8464 8476
