resultados/variables_proyeccion_tiempo/variables_futuro_csiro_A1B/bio4.asc
ncols 330
nrows 228
xllcorner -12.000000
yllcorner 34.000000
cellsize 0.166667
NODATA_value -9999
[rows 108 to 143 of 228, columns 83 to 165 of 330]
-9999 -9999 -9999 -9999 -9999 -9999 -9999 -9999 -9999 -9999 -9999 -9999 -9999 -9999 -9999 -9999 -9999 -9999 -9999 -9999 -9999 -9999 -9999 -9999 -9999 -9999 -9999 -9999 -9999 -9999 -9999 -9999 -9999 -9999 -9999 -9999 -9999 -9999 -9999 5898 5888 5865 5860 5874 5901 5932 5946 5967 5983 6006 6044 6063 6104 6157 6214 6273 6302 6268 6219 6159 6138 6147 6168 6193 6223 6238 6252 6255 6284 6348 6484 6654 6887 7147 7321 7287 7253 7260 7306 7377 7474 7565 7595
-9999 -9999 -9999 -9999 -9999 -9999 -9999 -9999 -9999 -9999 -9999 -9999 -9999 -9999 -9999 -9999 -9999 -9999 -9999 -9999 -9999 -9999 -9999 -9999 -9999 -9999 -9999 -9999 -9999 -9999 -9999 -9999 -9999 5600 5542 5526 5580 5742 5806 -9999 5851 5838 5832 5840 5887 5920 5951 5996 6034 6080 6123 6157 6188 6201 6181 6171 6160 6153 6167 6182 6177 6202 6233 6243 6273 6300 6286 6303 6356 6442 6556 6722 6877 7039 7122 7087 7116 7163 7263 7374 7506 7597 7602
-9999 -9999 -9999 -9999 -9999 -9999 -9999 -9999 -9999 -9999 -9999 -9999 -9999 -9999 -9999 -9999 -9999 -9999 -9999 -9999 -9999 -9999 -9999 -9999 -9999 -9999 -9999 -9999 -9999 5549 5628 5671 5654 5606 5558 5526 5566 5684 5792 5813 5816 5815 5826 5834 5880 5933 5986 6044 6098 6156 6195 6233 6255 6235 6205 6162 6145 6141 6164 6197 6219 6247 6255 6283 6302 6326 6338 6356 6417 6487 6605 6733 6870 6981 7016 7002 6983 7072 7214 7376 7507 7592 7621
-9999 -9999 -9999 -9999 -9999 -9999 -9999 -9999 -9999 -9999 -9999 -9999 -9999 -9999 -9999 -9999 -9999 -9999 -9999 -9999 5445 5445 5434 5440 5423 5409 5404 5424 5464 5516 5561 5648 5665 5641 5601 5571 5581 5640 5724 5779 5790 5795 5816 5841 5884 5948 6014 6074 6135 6197 6255 6302 6313 6279 6250 6214 6201 6200 6217 6240 6242 6273 6302 6334 6350 6361 6371 6392 6458 6527 6644 6768 6862 6937 6979 6950 6910 7047 7240 7398 7520 7598 7632
-9999 -9999 -9999 -9999 -9999 -9999 -9999 -9999 -9999 -9999 -9999 -9999 -9999 -9999 -9999 -9999 -9999 -9999 5447 -9999 -9999 5450 5444 5428 5413 5393 5389 5395 5421 5484 5542 5618 5663 5654 5632 5632 5644 5653 5707 5746 5784 5814 5842 5876 5926 5980 6038 6088 6143 6195 6282 6340 6334 6293 6278 6274 6248 6259 6263 6273 6292 6314 6329 6364 6383 6399 6431 6468 6512 6590 6679 6780 6885 6976 7015 7025 7035 7157 7336 7472 7580 7648 7673
-9999 -9999 -9999 -9999 -9999 -9999 -9999 -9999 -9999 -9999 -9999 -9999 -9999 -9999 -9999 -9999 -9999 5453 5465 -9999 -9999 5457 5441 5425 5409 5395 5379 5372 5388 5453 5522 5596 5640 5650 5653 5669 5692 5701 5740 5771 5803 5831 5858 5906 5937 5980 6027 6098 6141 6189 6246 6286 6296 6278 6265 6281 6278 6281 6300 6322 6332 6352 6385 6420 6443 6461 6495 6537 6586 6654 6737 6824 6916 7022 7081 7137 7190 7306 7442 7546 7648 7705 7716
-9999 -9999 -9999 -9999 -9999 -9999 -9999 -9999 -9999 -9999 -9999 -9999 -9999 -9999 -9999 -9999 -9999 5480 5462 5426 -9999 5448 5451 5429 5420 5403 5379 5384 5404 5446 5505 5565 5610 5639 5660 5691 5727 5769 5812 5794 5808 5834 5870 5915 5941 5974 6020 6076 6106 6142 6186 6222 6243 6245 6259 6269 6284 6288 6312 6351 6366 6394 6430 6466 6492 6538 6571 6613 6666 6717 6771 6847 6948 7064 7143 7240 7318 7432 7552 7657 7730 7750 7737
-9999 -9999 -9999 -9999 -9999 -9999 -9999 -9999 -9999 -9999 -9999 -9999 -9999 -9999 -9999 -9999 5432 5433 5436 5433 5433 -9999 5441 5434 5429 5420 5401 5400 5412 5451 5485 5539 5597 5635 5665 5708 5746 5790 5802 5801 5802 5816 5855 5891 5941 5968 6012 6040 6049 6068 6107 6145 6191 6211 6235 6260 6287 6297 6328 6363 6386 6409 6465 6505 6541 6582 6638 6692 6744 6779 6810 6859 6956 7080 7211 7335 7451 7560 7638 7722 7819 7800 7773
-9999 -9999 -9999 -9999 -9999 -9999 -9999 -9999 -9999 -9999 -9999 -9999 -9999 -9999 -9999 -9999 5395 5405 5391 5400 5421 5409 5433 5440 5446 5450 5431 5426 5426 5437 5473 5518 5565 5611 5676 5711 5753 5786 5777 5759 5780 5785 5828 5870 5912 5952 5982 6013 6004 6018 6063 6110 6161 6193 6226 6240 6275 6316 6327 6358 6394 6432 6486 6527 6573 6620 6697 6751 6775 6810 6836 6885 6958 7072 7252 7417 7570 7647 7703 7728 7766 7747 7713
-9999 -9999 -9999 -9999 -9999 -9999 -9999 -9999 -9999 -9999 -9999 -9999 -9999 -9999 -9999 -9999 5389 5379 5372 5377 5381 5405 5424 5455 5463 5477 5471 5460 5454 5447 5465 5516 5563 5617 5649 5702 5763 5792 5769 5756 5758 5765 5794 5843 5885 5934 5970 5995 5985 6019 6050 6085 6120 6171 6217 6248 6287 6318 6339 6374 6414 6461 6502 6546 6590 6642 6712 6775 6801 6833 6857 6896 6970 7055 7235 7434 7647 7642 7639 7615 7599 7612 7620
-9999 -9999 -9999 -9999 -9999 -9999 -9999 -9999 -9999 -9999 -9999 -9999 -9999 -9999 -9999 5387 5378 5372 5360 5373 5397 5421 5435 5466 5487 5504 5506 5503 5483 5473 5465 5512 5557 5600 5633 5682 5759 5788 5742 5723 5724 5735 5789 5829 5858 5900 5950 5990 6003 6020 6053 6074 6107 6139 6190 6227 6268 6325 6368 6402 6426 6457 6505 6541 6583 6652 6707 6769 6808 6834 6851 6881 6942 7002 7178 7380 7557 7584 7543 7512 7490 7481 7490
-9999 -9999 -9999 -9999 -9999 -9999 -9999 -9999 -9999 -9999 -9999 -9999 -9999 -9999 5379 5390 5398 5374 5379 5381 5399 5431 5483 5510 5522 5562 5572 5551 5540 5529 5517 5539 5563 5593 5629 5684 5727 5739 5704 5685 5713 5724 5753 5801 5876 5933 5947 5993 5986 6015 6042 6080 6109 6155 6187 6232 6271 6325 6367 6392 6418 6454 6484 6502 6574 6626 6675 6721 6775 6793 6826 6857 6919 6995 7112 7255 7359 7439 7436 7412 7377 7387 7388
-9999 -9999 -9999 -9999 -9999 -9999 -9999 -9999 -9999 -9999 -9999 -9999 -9999 5361 5389 5401 5407 5405 5407 5421 5433 5464 5506 5535 5578 5611 5629 5614 5593 5588 5588 5597 5608 5598 5611 5661 5691 5696 5673 5679 5704 5718 5756 5841 5882 5930 5954 5972 6002 6030 6024 6058 6115 6142 6173 6216 6263 6294 6335 6374 6411 6460 6485 6526 6563 6608 6658 6702 6729 6760 6808 6856 6907 6969 7066 7136 7220 7275 7279 7274 7250 7240 7288
-9999 -9999 -9999 -9999 -9999 -9999 -9999 -9999 -9999 -9999 -9999 5305 5351 5375 5415 5420 5439 5448 5441 5442 5466 5479 5516 5556 5605 5653 5686 5678 5662 5662 5659 5660 5661 5658 5667 5691 5694 5697 5705 5712 5737 5764 5787 5874 5935 5971 5945 5998 6048 6061 6058 6029 6027 6108 6131 6179 6222 6258 6302 6354 6386 6430 6476 6518 6556 6602 6647 6673 6711 6738 6740 6805 6849 6926 6995 7047 7089 7118 7121 7126 7164 7197 7276
-9999 -9999 -9999 -9999 -9999 -9999 -9999 -9999 -9999 5271 5311 5358 5388 5419 5464 5472 5482 5490 5482 5482 5479 5494 5526 5576 5627 5682 5720 5744 5754 5766 5751 5731 5712 5720 5716 5729 5730 5732 5736 5745 5761 5795 5845 5933 5992 6045 6045 6030 6064 6082 6128 6141 6176 6161 6130 6141 6164 6201 6249 6294 6347 6409 6449 6521 6566 6586 6623 6657 6692 6706 6731 6755 6791 6857 6903 6951 6965 6981 6991 7010 7097 7166 7274
-9999 -9999 -9999 -9999 -9999 -9999 -9999 -9999 5248 5278 5331 5385 5437 5471 5520 5529 5535 5532 5529 5515 5507 5510 5531 5584 5639 5669 5728 5785 5840 5880 5845 5782 5752 5745 5747 5734 5726 5746 5748 5769 5782 5845 5921 6004 6064 6123 6114 6100 6112 6094 6138 6161 6178 6204 6228 6228 6238 6208 6211 6261 6330 6394 6460 6515 6560 6591 6616 6628 6677 6692 6702 6726 6760 6805 6863 6888 6891 6885 6895 6929 7022 7148 7303
-9999 -9999 -9999 -9999 -9999 5100 5131 5181 5254 5308 5381 5425 5487 5529 5568 5579 5586 5575 5569 5550 5536 5537 5545 5585 5633 5656 5732 5803 5873 5934 5901 5809 5756 5730 5740 5736 5755 5760 5788 5780 5800 5920 6004 6061 6126 6193 6191 6123 6144 6147 6150 6193 6222 6235 6243 6248 6227 6180 6174 6213 6294 6378 6453 6520 6564 6591 6593 6618 6638 6659 6659 6669 6694 6733 6795 6828 6827 6802 6791 6829 6958 7145 7326
-9999 -9999 5064 5070 5106 5129 5167 5230 5293 5367 5423 5486 5544 5596 5622 5644 5646 5628 5610 5596 5577 5566 5564 5578 5619 5668 5717 5787 5852 5918 5934 5862 5780 5758 5762 5760 5790 5804 5808 5857 5930 6049 6074 6111 6204 6229 6218 6189 6182 6179 6214 6230 6268 6285 6304 6287 6236 6178 6131 6169 6253 6345 6439 6521 6560 6586 6591 6603 6601 6615 6645 6675 6678 6712 6723 6728 6737 6748 6766 6816 6943 7112 7319
5005 5042 5082 5125 5150 5200 5235 5305 5364 5420 5482 5532 5583 5636 5683 5713 5706 5681 5650 5629 5608 5593 5574 5576 5616 5661 5705 5770 5828 5849 5880 5844 5786 5793 5807 5813 5854 5884 5884 5955 6079 6166 6208 6207 6244 6235 6239 6241 6219 6216 6240 6263 6310 6343 6363 6325 6272 6192 6130 6170 6254 6349 6421 6509 6552 6578 6591 6600 6590 6596 6596 6649 6727 6754 6751 6704 6671 6749 6779 6788 6723 6845 7220
5080 5123 5158 5179 5221 5269 5308 5382 5419 5463 5518 5572 5621 5664 5728 5752 5742 5715 5693 5669 5635 5622 5602 5595 5624 5649 5677 5729 5776 5788 5783 5742 5744 5812 5854 5886 5904 5917 6018 6066 6188 6279 6289 6288 6280 6276 6285 6284 6254 6235 6263 6336 6319 6338 6383 6359 6313 6260 6212 6243 6311 6394 6462 6537 6556 6566 6576 6575 6580 6564 6518 6548 6664 6752 6794 6787 6749 6761 6745 6762 6695 6710 6555
5145 5182 5214 5230 5276 5328 5371 5447 5482 5512 5554 5603 5660 5694 5735 5764 5763 5736 5720 5684 5663 5649 5636 5624 5644 5643 5661 5706 5731 5754 5750 5747 5773 5841 5899 5944 5950 5986 6104 6208 6292 6379 6359 6330 6295 6333 6328 6334 6361 6332 6344 6439 6471 6425 6380 6382 6354 6353 6327 6358 6407 6471 6516 6534 6553 6537 6524 6550 6505 6572 6720 6849 6853 6879 6851 6839 6838 6823 6859 6925 6971 6977 7026
5188 5226 5256 5288 5333 5383 5428 5477 5518 5545 5588 5640 5666 5710 5743 5765 5776 5750 5732 5705 5681 5668 5665 5652 5656 5663 5686 5712 5748 5761 5781 5792 5848 5940 6029 6019 6082 6158 6199 6215 6285 6375 6416 6393 6370 6398 6429 6462 6541 6521 6526 6549 6561 6574 6534 6470 6415 6380 6391 6449 6513 6566 6575 6517 6425 6418 6411 6547 6693 6823 6896 6938 6963 6994 6975 6945 6880 6881 6946 6988 7034 7099 7125
5262 5278 5310 5343 5383 5431 5465 5504 5540 5566 5603 5638 5674 5713 5750 5759 5767 5767 5758 5731 5710 5707 5689 5682 5693 5700 5732 5749 5797 5809 5819 5854 5916 5993 6057 6088 6114 6164 6216 6190 6322 6397 6432 6451 6469 6490 6526 6566 6608 6654 6658 6639 6643 6652 6676 6631 6553 6485 6438 6500 6593 6600 6625 6648 6654 6689 6715 6627 6742 6899 6921 6921 6950 7009 7016 6973 6966 6959 7000 7039 7087 7104 7146
5319 5335 5368 5412 5439 5467 5489 5523 5552 5571 5589 5636 5677 5722 5745 5778 5785 5781 5772 5767 5736 5718 5719 5726 5736 5760 5792 5811 5847 5868 5882 5927 5965 5981 6013 6121 6146 6200 6307 6424 6467 6431 6475 6507 6512 6545 6585 6639 6696 6739 6725 6704 6674 6660 6643 6597 6549 6524 6494 6477 6565 6673 6731 6801 6721 6623 6695 6717 6808 6859 6909 6942 6963 6975 6997 6964 6928 6949 6989 7037 7078 7108 7133
5372 5416 5443 5471 5495 5518 5539 5548 5566 5567 5585 5632 5683 5739 5765 5784 5799 5794 5790 5771 5759 5760 5772 5775 5799 5826 5836 5840 5923 5959 5958 5934 5943 6005 6029 6121 6268 6322 6396 6519 6579 6546 6538 6551 6548 6566 6617 6655 6700 6743 6745 6718 6673 6652 6610 6568 6554 6515 6517 6553 6655 6723 6815 6767 6751 6763 6785 6823 6868 6928 6968 6956 7003 7007 6973 6932 6894 6899 6928 6915 6983 7071 7025
5421 5478 5506 5544 5563 5570 5579 5575 5576 5565 5573 5640 5709 5764 5804 5813 5826 5839 5819 5803 5813 5816 5828 5836 5862 5908 5951 5920 5988 6034 5933 5865 5926 5999 6079 6177 6236 6317 6428 6521 6563 6506 6536 6545 6583 6612 6642 6655 6691 6733 6728 6698 6683 6658 6630 6620 6595 6571 6588 6662 6777 6849 6891 6788 6842 6882 6900 6953 6994 7006 6968 6925 6893 6944 6967 6937 6925 6899 6899 6900 6884 6890 6920
5492 5536 5571 5616 5623 5632 5635 5624 5605 5591 5591 5668 5746 5810 5843 5857 5857 5854 5851 5867 5867 5878 5886 5901 5938 5988 6049 6028 6063 6047 6010 5969 5967 6013 6081 6150 6211 6325 6452 6486 6514 6495 6491 6509 6542 6586 6622 6664 6672 6691 6701 6704 6693 6686 6695 6683 6676 6677 6692 6781 6859 6950 6960 6923 6901 6942 6982 7009 7030 6991 6984 6892 6913 6958 6951 6907 6868 6893 6849 6883 6882 6880 6914
5535 5590 5642 5680 5710 5698 5685 5657 5636 5634 5663 5724 5798 5863 5880 5888 5900 5889 5890 5891 5904 5912 5925 5950 5979 6035 6060 6095 6117 6136 6131 6092 6079 6099 6115 6167 6227 6320 6461 6491 6512 6488 6503 6523 6550 6583 6611 6633 6644 6651 6680 6682 6689 6722 6733 6762 6756 6742 6746 6843 6939 7017 7037 7011 6972 6929 7016 7002 7047 7002 6982 6998 6991 6988 6978 6940 6936 6936 6851 6829 6849 6822 6879
5597 5657 5726 5753 5777 5766 5731 5706 5698 5685 5718 5775 5839 5906 5915 5915 5912 5926 5925 5924 5926 5942 5970 5983 6019 6054 6097 6129 6162 6188 6199 6203 6184 6165 6175 6207 6268 6382 6506 6544 6546 6523 6518 6520 6556 6580 6584 6609 6613 6632 6646 6667 6698 6742 6769 6822 6810 6812 6808 6880 7003 7091 7106 7090 7077 7060 7013 6947 6918 6941 7008 7003 7042 7033 7002 7008 6987 6981 6935 6906 6836 6861 6837
5657 5714 5789 5847 5860 5833 5793 5769 5734 5745 5766 5799 5854 5895 5935 5935 5935 5940 5950 5956 5963 5980 6004 6029 6050 6079 6110 6131 6170 6203 6224 6251 6241 6231 6267 6319 6378 6500 6570 6597 6560 6522 6491 6489 6514 6513 6522 6587 6598 6611 6648 6676 6707 6756 6818 6798 6819 6838 6876 6912 7029 7161 7118 7068 7053 7015 7009 6888 6870 6748 6740 6876 6962 7013 7050 7055 7015 7030 7000 6946 6889 6962 6941
5709 5766 5874 5946 5938 5894 5859 5807 5792 5786 5786 5812 5853 5912 5940 5971 5962 5951 5972 5985 6004 6024 6034 6047 6061 6089 6108 6129 6180 6209 6254 6278 6284 6313 6376 6431 6500 6540 6598 6566 6535 6484 6455 6437 6438 6488 6505 6521 6579 6609 6626 6690 6744 6756 6804 6805 6843 6852 6897 6968 7052 7150 7194 7183 7175 7145 7061 6989 7004 6863 6788 6808 6867 6883 6982 7070 7058 7055 7043 6966 6981 7009 7034
5747 5796 5902 5977 5981 5937 5907 5866 5832 5824 5818 5833 5869 5912 5954 5969 5993 5995 6000 6027 6039 6055 6065 6077 6087 6086 6116 6144 6204 6236 6274 6302 6328 6400 6468 6525 6563 6607 6548 6467 6449 6475 6464 6446 6467 6523 6558 6580 6497 6575 6623 6692 6756 6803 6826 6863 6898 6910 6928 6968 7038 7092 7137 7156 7179 7185 7214 7210 7143 7205 7091 6934 6868 6932 6993 7025 7013 6993 7039 7034 7036 7019 7064
5826 5870 5938 5988 5992 5988 5955 5914 5888 5869 5861 5861 5890 5949 5984 6003 6006 6013 6023 6052 6064 6089 6091 6094 6120 6125 6149 6186 6225 6271 6289 6293 6280 6432 6532 6582 6607 6588 6357 6458 6498 6512 6494 6495 6547 6555 6533 6541 6586 6680 6740 6785 6797 6826 6865 6885 6896 6886 6881 6923 7016 7103 7128 7138 7161 7172 7193 7221 7246 7265 7230 7101 7109 7039 6989 7055 6964 6892 6983 7044 7069 7091 7110
5924 5949 5994 6031 6036 6025 6004 5981 5961 5930 5909 5904 5952 5999 6028 6053 6051 6035 6048 6066 6092 6110 6121 6127 6133 6163 6202 6226 6261 6294 6302 6251 6267 6433 6557 6613 6623 6553 6465 6502 6557 6569 6563 6544 6540 6554 6556 6655 6779 6829 6817 6797 6787 6814 6865 6878 6862 6871 6867 6943 7097 7123 7148 7151 7136 7156 7177 7190 7248 7296 7262 7211 7227 7233 7112 7164 7182 7085 7014 6981 7037 7147 7239
5982 6019 6035 6059 6069 6052 6043 6014 5997 5982 5976 5974 6008 6066 6090 6097 6084 6073 6050 6082 6128 6155 6161 6171 6197 6220 6245 6281 6309 6310 6338 6273 6327 6502 6569 6606 6552 6513 6487 6513 6555 6581 6545 6545 6584 6645 6721 6808 6869 6874 6805 6788 6770 6784 6828 6850 6880 6926 6988 7079 7144 7148 7153 7170 7172 7178 7180 7217 7253 7248 7258 7282 7314 7383 7403 7383 7396 7356 7309 7265 7316 7314 7289
6032 6059 6077 6077 6091 6086 6066 6036 6055 6042 6049 6058 6071 6113 6130 6145 6126 6113 6108 6123 6184 6215 6220 6218 6230 6267 6289 6304 6317 6288 6204 6200 6402 6518 6538 6592 6540 6306 6218 6386 6496 6549 6555 6624 6695 6764 6791 6816 6820 6819 6777 6727 6704 6723 6755 6815 6871 6939 7047 7147 7170 7184 7193 7159 7158 7157 7159 7161 7152 7154 7199 7263 7301 7303 7360 7413 7411 7433 7438 7427 7388 7349 7308
