resultados/variables_proyeccion_tiempo/variables_futuro_csiro_A1B/bio4.asc
ncols 330
nrows 228
xllcorner -12.000000
yllcorner 34.000000
cellsize 0.166667
NODATA_value -9999
[rows 144 to 179 of 228, columns 166 to 248 of 330]
7186 7234 7302 7427 7446 7476 7552 7609 7698 7795 7816 7817 7829 7844 7870 7890 7899 7936 7960 7801 7932 7964 8003 7968 7961 7861 8001 8117 8135 8200 8305 8321 8304 8276 8236 8210 8196 8171 8142 8124 8151 8129 8100 8090 8085 8054 7934 7632 7718 7939 7809 7581 7405 7410 7443 7592 7729 7851 7967 8204 8390 8490 8555 8631 8706 8771 8796 8855 8897 8955 8958 9004 9049 9079 9112 9142 9148 9144 9158 9176 9182 9194 9197
6983 7218 7372 7396 7451 7522 7621 7669 7742 7829 7858 7855 7866 7892 7910 7929 7932 7964 7960 7904 8001 8017 8025 8073 8072 8100 8152 8179 8235 8272 8296 8305 8299 8280 8251 8204 8176 8164 8134 8126 8127 8115 8089 8087 8094 8077 7863 7705 7506 7703 7799 7872 7762 7568 7490 7382 7514 7681 7862 7973 8164 8460 8546 8580 8668 8754 8826 8850 8906 8972 8998 9021 9044 9093 9127 9122 9154 9145 9156 9191 9208 9211 9233
7051 7005 7287 7306 7434 7506 7600 7672 7740 7810 7849 7855 7866 7897 7918 7934 7923 7945 7969 7927 8051 8000 8022 8085 8116 8140 8163 8187 8227 8259 8277 8273 8275 8257 8243 8193 8167 8160 8157 8145 8120 8102 8088 8041 7987 8023 8071 8049 7868 7689 7600 7582 7677 7338 7364 7323 7521 7636 7800 8027 8118 8303 8479 8588 8642 8714 8753 8862 8919 8971 9027 9050 9063 9087 9120 9134 9168 9168 9178 9183 9205 9218 9232
7267 7260 7385 7377 7407 7515 7596 7658 7720 7786 7823 7835 7847 7864 7898 7928 7937 7995 8011 8019 8054 8055 8043 8069 8100 8133 8153 8174 8198 8224 8237 8248 8246 8230 8232 8221 8194 8182 8170 8144 8077 8033 8020 8016 8011 8037 7926 7937 7869 7864 7830 7716 7823 7584 7718 7690 7552 7662 7638 7770 7997 8146 8380 8536 8583 8674 8693 8806 8907 8965 9015 9060 9082 9087 9093 9114 9133 9163 9183 9178 9195 9204 9207
7517 7537 7533 7512 7517 7554 7618 7677 7733 7786 7818 7795 7744 7798 7882 8003 8025 8029 8053 8073 8084 8090 8085 8088 8108 8126 8148 8172 8182 8201 8208 8224 8211 8222 8225 8216 8227 8200 8155 8110 8019 8018 7991 7997 7971 7977 7941 7952 7960 7934 8028 8054 8040 7985 7822 7604 7498 7493 7580 7629 7834 7924 8151 8420 8585 8648 8739 8780 8898 8949 9016 9060 9117 9109 9078 9102 9122 9150 9148 9156 9178 9173 9176
7682 7642 7608 7587 7588 7612 7650 7686 7749 7804 7840 7814 7836 7915 8023 8046 8079 8086 8093 8107 8115 8109 8106 8094 8114 8142 8144 8168 8185 8196 8204 8216 8216 8205 8222 8219 8209 8181 8120 8064 7889 7789 7853 7858 7865 7991 7899 7905 7959 8069 7989 8080 8122 8056 7585 7412 7399 7306 7594 7638 7689 8071 8116 8278 8526 8640 8734 8785 8852 8921 8979 9042 9088 9138 9125 9095 9089 9135 9145 9148 9168 9152 9154
7753 7686 7660 7652 7648 7666 7699 7736 7790 7826 7886 7904 7974 8057 8103 8104 8121 8142 8125 8131 8145 8144 8131 8121 8125 8159 8167 8181 8193 8214 8215 8210 8225 8227 8223 8223 8199 8136 8068 7961 7749 7744 7626 7698 7839 7868 7848 7876 8010 7996 8038 8074 8125 8051 8018 7858 7648 7672 7892 7722 7857 7931 8210 8286 8547 8634 8711 8812 8810 8896 8974 9011 9066 9081 9161 9160 9136 9128 9143 9145 9138 9127 9111
7771 7758 7739 7724 7745 7743 7758 7798 7837 7897 7952 8018 8056 8083 8132 8169 8182 8195 8183 8203 8194 8179 8168 8161 8167 8177 8186 8185 8185 8209 8227 8227 8230 8232 8224 8217 8184 8146 8112 8076 7940 7391 7073 7415 7416 7584 7781 7784 7926 8005 8057 8069 8108 8122 8143 8018 7615 7458 7936 7857 7675 7890 7971 8094 8464 8680 8712 8828 8831 8893 8979 9078 9104 9108 9171 9194 9159 9148 9135 9136 9118 9087 9067
7759 7786 7819 7842 7843 7831 7838 7869 7895 7967 8016 8067 8108 8169 8233 8256 8266 8267 8248 8241 8242 8222 8203 8198 8195 8208 8225 8218 8207 8217 8225 8234 8236 8234 8239 8214 8197 8151 7981 7735 7967 7615 7089 7135 6986 6976 7473 7686 7954 8042 8076 8116 8132 8184 8162 8062 7978 7679 7705 7828 8019 7891 7934 8024 8276 8635 8706 8866 8864 8906 9002 9054 9140 9151 9177 9226 9204 9174 9159 9127 9089 9070 9029
7812 7846 7872 7901 7927 7944 7943 7946 7971 7999 8050 8108 8192 8260 8329 8356 8325 8339 8324 8312 8284 8253 8233 8239 8231 8244 8249 8254 8238 8231 8243 8243 8242 8245 8241 8219 8198 8163 8124 7924 7801 7705 7226 7354 7279 7214 7513 7706 8015 8096 8088 8169 8178 8216 8180 8152 8091 8006 8043 7660 8137 7997 7939 8142 8461 8579 8734 8868 8923 8985 9032 9097 9175 9192 9218 9230 9199 9182 9156 9135 9090 9059 8998
7877 7899 7909 7969 7992 7983 8002 7996 8002 8024 8072 8107 8180 8266 8361 8387 8327 8356 8368 8341 8299 8279 8262 8247 8235 8262 8277 8267 8235 8219 8226 8230 8239 8239 8235 8210 8075 8090 7997 7996 7908 7976 7772 7644 7502 7272 7356 7826 8106 8084 8113 8151 8150 8190 8213 8204 8161 8185 8168 8060 7884 8253 8144 8026 8361 8644 8801 8836 8983 9035 9104 9164 9200 9213 9266 9236 9196 9200 9164 9126 9090 9055 8984
8006 8042 8039 8025 8016 8016 7989 7972 7989 8006 8042 8100 8185 8266 8336 8343 8354 8347 8368 8353 8334 8307 8288 8279 8268 8272 8276 8264 8231 8220 8216 8234 8252 8246 8230 8208 8140 8102 8073 7958 7947 7856 7914 7792 7699 7668 7737 8097 8070 8095 8090 8111 8124 8121 8142 8129 8185 8284 8260 8324 8230 8170 8326 8373 8255 8436 8707 8803 8980 9098 9155 9193 9188 9209 9267 9221 9198 9190 9157 9113 9078 9023 8959
8047 8041 8047 8047 8048 8027 8001 7952 7930 7945 7992 8050 8126 8208 8277 8279 8312 8319 8343 8344 8326 8307 8302 8310 8295 8279 8272 8244 8199 8193 8201 8230 8252 8253 8233 8170 8150 8116 8121 8108 8032 7999 7949 8052 7897 8042 8043 8005 8066 8030 8068 8061 8098 8131 8131 8158 8240 8299 8153 8352 8271 8380 8509 8359 8066 8346 8715 8819 9002 9120 9180 9190 9195 9230 9254 9225 9197 9190 9123 9098 9051 8991 8912
8015 8107 8055 8056 8046 8009 7959 7913 7870 7862 7910 7967 8049 8116 8185 8226 8257 8275 8314 8350 8345 8317 8319 8324 8307 8293 8284 8237 8188 8176 8189 8195 8222 8260 8233 8190 8177 8149 8082 7938 7659 7537 7763 8033 8029 7751 7384 7378 7252 7615 7972 8121 8164 8123 8125 8179 8206 8236 8270 8435 8470 8429 8427 8140 7935 8211 8653 8821 9028 9140 9181 9198 9220 9232 9265 9208 9194 9167 9106 9070 9020 8952 8849
7933 8000 8023 8037 8042 7991 7912 7877 7819 7780 7777 7848 7962 8038 8105 8157 8203 8243 8334 8407 8364 8328 8315 8318 8316 8300 8277 8229 8174 8165 8153 8168 8174 8182 8164 8122 8090 8092 8095 7829 7727 7640 7782 7981 7816 7362 6869 6861 6674 6793 7165 7767 7307 6985 6805 7117 7369 7755 8179 8048 8169 8030 8162 8193 8151 8282 8618 8870 9022 9130 9160 9190 9214 9227 9256 9198 9161 9128 9074 9030 8960 8889 8796
7806 7874 7926 7967 7987 7938 7898 7847 7801 7760 7767 7850 7885 7934 8025 8103 8189 8264 8381 8424 8365 8313 8279 8288 8312 8309 8251 8213 8178 8160 8155 8139 8122 8078 8066 8067 8019 8019 8000 8053 7638 7256 7141 7020 7378 7539 7433 6753 6754 7267 7474 7836 7669 7451 7402 7207 7577 7616 7312 7765 7840 7967 8152 8430 8505 8685 8811 8891 9037 9104 9129 9157 9180 9205 9211 9174 9117 9078 9031 8974 8898 8817 8722
7690 7747 7797 7820 7839 7861 7851 7826 7810 7809 7831 7861 7910 7940 7986 8074 8155 8231 8306 8334 8284 8253 8224 8230 8253 8261 8226 8197 8184 8167 8148 8115 8064 8000 7999 8008 7974 7910 7668 7848 7636 6960 7155 7179 7436 7396 7631 7375 7353 7252 7438 7940 8086 8104 8111 8171 8129 7884 7927 8160 8339 8497 8638 8726 8783 8882 8948 8970 9041 9056 9092 9101 9114 9122 9110 9050 9023 8991 8949 8891 8814 8729 8640
7574 7616 7659 7712 7762 7771 7776 7758 7793 7828 7862 7879 7903 7961 8014 8070 8137 8198 8237 8245 8223 8193 8162 8137 8138 8150 8178 8165 8188 8172 8129 8080 8043 7993 7991 8055 7950 7805 7608 7896 7686 7484 7823 7951 8169 8275 8299 8289 8235 8203 8340 8390 8450 8345 8360 8449 8390 8444 8558 8634 8712 8820 8890 8892 8889 8944 9010 9012 9023 9026 9033 9042 9029 9023 9013 8956 8887 8864 8810 8762 8706 8630 8542
7456 7489 7554 7623 7663 7694 7731 7719 7754 7820 7859 7896 7934 7966 8010 8029 8102 8141 8161 8163 8148 8135 8110 8111 8122 8128 8143 8161 8208 8210 8141 8075 8032 8045 8081 8103 8029 7983 8008 7878 7957 7920 8093 8261 8335 8418 8396 8438 8430 8434 8483 8619 8486 8460 8546 8620 8595 8664 8769 8855 8903 8977 9030 9038 9046 9029 9004 8993 8980 8964 8964 8955 8952 8943 8912 8850 8754 8739 8701 8646 8592 8518 8422
7384 7388 7449 7489 7533 7602 7655 7689 7740 7797 7844 7896 7947 7985 8026 8021 8063 8048 8080 8085 8066 8053 8038 8059 8052 8080 8103 8142 8242 8206 8134 8098 8072 8086 8119 8179 8055 8084 7951 7960 8191 8179 8260 8355 8415 8471 8539 8571 8560 8624 8651 8722 8666 8655 8691 8747 8804 8848 8886 8952 9002 9055 9081 9096 9066 9032 8999 8965 8930 8902 8890 8879 8851 8826 8786 8713 8635 8620 8593 8545 8517 8446 -9999
7345 7330 7387 7401 7405 7434 7565 7561 7604 7688 7780 7834 7947 7999 8040 8010 8060 8041 7992 7965 7970 7982 7950 7958 7969 7989 8044 8111 8167 8140 8076 8038 8067 8091 8127 8156 8105 8133 8073 8165 8198 8385 8405 8373 8445 8532 8652 8696 8731 8775 8780 8828 8792 8797 8834 8840 8869 8913 8969 9013 9051 9097 9111 9105 9063 9003 8958 8914 8870 8841 8813 8792 8767 8727 8675 8609 8564 8505 8483 8462 -9999 -9999 -9999
7270 7269 7308 7324 7294 7262 7396 7500 7533 7709 7627 7605 7733 7910 8033 8023 8023 8006 7988 7951 7963 7900 7916 7904 7894 7903 7979 8048 8082 8075 8047 7997 8014 8048 8085 8043 8078 8076 8161 8177 8309 8419 8463 8464 8487 8564 8679 8804 8884 8894 8913 8921 8901 8895 8905 8915 8937 8957 9012 9038 9080 9111 9123 9086 9027 8973 8930 8856 8812 8764 8728 8683 8661 8628 8573 8513 8455 8419 8403 -9999 -9999 -9999 -9999
7139 7195 7211 7216 7191 7216 7216 7311 7506 7530 7576 7578 7826 7917 7850 7764 7858 7785 7834 7903 7928 7903 7853 7783 7812 7856 7912 7990 7989 8004 8006 7984 8011 8021 8034 8004 8023 8024 8112 8137 8281 8431 8479 8531 8558 8626 8732 8843 8955 9002 8978 8971 8973 8933 8947 8938 8951 8974 9010 9048 9079 9092 9068 9034 8970 8922 8872 8795 8742 8686 8634 8600 8559 8505 8456 8400 8351 8296 -9999 -9999 -9999 -9999 -9999
7045 7096 7152 7179 7112 7102 7134 7173 7175 7291 7754 7629 7623 7867 7949 7841 7677 7798 7698 7603 7693 7781 7821 7764 7712 7767 7804 7875 7939 7902 7970 7994 8007 8016 8007 7962 7862 7958 8078 8160 8267 8339 8450 8550 8625 8708 8802 8880 8957 9016 8995 8962 8986 8985 8969 8974 8978 8990 9009 9015 9033 9021 8998 8954 8906 8830 8776 8691 8640 8579 8538 8478 8420 8374 8329 8275 8220 8152 -9999 -9999 -9999 -9999 -9999
6920 7015 7085 7129 7154 7033 7135 7116 7066 7235 7311 7531 7312 7574 7844 7897 7720 7543 7628 7651 7626 7684 7659 7753 7752 7821 7837 7907 7959 7951 7982 7946 7980 8010 8013 7959 7865 8000 8108 8190 8195 8264 8396 8552 8634 8710 8806 8873 8932 8984 8974 8990 8995 9008 8975 8971 8970 8975 8988 8955 8978 8970 8928 8860 8777 8705 8642 8569 8498 8441 8390 8351 8297 8258 8228 8174 8083 8007 -9999 -9999 -9999 -9999 -9999
6815 6918 6987 7054 7052 7130 7099 7080 7134 7217 7187 7435 7689 7596 7472 7419 7629 7453 7625 7676 7694 7731 7710 7647 7687 7787 7878 7911 7930 8020 8010 7945 8001 8020 8049 7980 7931 7903 7941 8093 8037 8183 8294 8449 8563 8619 8733 8789 8881 8912 8980 8987 8998 8995 8985 8969 8959 8955 8943 8945 8944 8861 8781 8711 8628 8552 8485 8441 8362 8323 8280 8249 8182 8162 8138 8070 7975 7881 -9999 -9999 -9999 -9999 -9999
6684 6824 6839 6897 7005 7049 7101 7064 7119 7184 7153 7177 7585 7352 7554 7264 7302 7492 7665 7624 7572 7665 7757 7680 7602 7600 7701 7809 7683 7849 7834 7958 8061 8081 8055 8050 7976 7851 7881 8033 7857 7937 8124 8286 8442 8561 8667 8745 8807 8846 8880 8924 8928 8952 8919 8912 8902 8899 8889 8868 8783 8732 8676 8582 8525 8436 8349 8289 8232 8205 8181 8151 8093 8072 8044 7971 7873 7762 -9999 -9999 -9999 -9999 -9999
-9999 -9999 6612 6557 6719 6893 6938 7035 7073 7209 7296 7378 7499 7427 7407 7331 7238 7220 7480 7527 7510 7594 7535 7692 7594 7579 7600 7558 7632 7910 7736 7776 8028 8028 7859 7960 8041 7939 7912 7852 7857 7570 7579 7968 8308 8484 8602 8662 8722 8796 8868 8899 8923 8902 8831 8880 8885 8839 8832 8799 8711 8634 8528 8513 8430 8350 8253 8195 8164 8111 8088 8060 7998 8005 7977 7910 7795 7726 -9999 -9999 -9999 -9999 -9999
-9999 -9999 -9999 -9999 6495 6687 6839 6810 6950 7048 7229 7384 7506 7452 7286 7277 7238 7213 7082 7276 7159 7422 7539 7548 7656 7504 7603 7602 7684 7973 7785 7730 7899 8057 8073 8033 8091 8019 7913 7859 7857 7766 7505 7629 7960 8330 8392 8546 8581 8673 8813 8825 8838 8762 8797 8779 8750 8802 8771 8758 8672 8616 8496 8430 8339 8328 8275 8182 8134 8086 8058 8017 7968 7942 7942 -9999 -9999 -9999 -9999 -9999 -9999 -9999 -9999
6338 -9999 6364 6265 -9999 6683 6630 6731 6678 6976 7068 7184 7308 7353 7279 7249 7167 7231 7143 7150 7073 7198 7309 7509 7747 7558 7543 7650 7850 7864 7989 7762 7751 8040 7971 7987 8135 8123 7945 7747 7806 7823 7774 7768 7602 7647 7992 8172 8558 8616 8633 8737 8705 8595 8685 8579 8661 8611 8629 8641 8639 8595 8411 8312 8248 8256 8196 8132 8091 8056 8012 7969 7910 7867 -9999 -9999 -9999 -9999 -9999 -9999 -9999 -9999 -9999
-9999 -9999 6262 -9999 -9999 6306 6389 6534 6606 6752 6827 6966 7072 7133 7141 7118 7199 7118 7121 7220 7167 7109 7165 7433 7491 7745 7508 7714 7684 7757 8034 8020 7949 8066 7952 8071 8166 8143 8051 7761 7700 7677 7795 7909 7976 8000 8012 8018 8473 8386 8448 8370 8251 8426 8558 8532 8625 8557 8506 8480 8432 8394 8309 8239 8145 8142 8124 8080 8044 7980 7928 7863 7832 7796 -9999 -9999 -9999 -9999 -9999 -9999 -9999 -9999 -9999
-9999 -9999 -9999 -9999 -9999 6184 6266 6284 -9999 -9999 6585 6670 6924 6912 6924 6952 7022 7059 7105 7284 7202 7064 7594 7234 7421 7508 7335 7493 8043 8210 8171 8171 8222 8072 8029 8031 8007 7884 8019 7636 7580 7730 7773 7891 8016 8247 8324 8225 8176 8044 7961 7901 7817 8140 7902 7768 7877 8197 8130 8186 8187 8181 8158 8134 8188 8199 8187 8148 8065 7999 7896 7822 7741 7697 -9999 -9999 -9999 -9999 -9999 -9999 -9999 -9999 -9999
-9999 -9999 -9999 -9999 -9999 -9999 -9999 -9999 -9999 -9999 -9999 -9999 -9999 -9999 6716 6677 6764 6835 6983 7118 7482 7396 7509 7129 7187 7409 7154 7738 8299 8345 8259 8216 8307 8164 8056 8186 7996 8065 7960 7524 7574 7759 7868 7994 7971 7620 8089 8210 8235 8237 8241 8107 8041 8311 8638 8494 8408 8480 8484 8405 8408 8428 8440 8418 8369 8312 8257 8168 8089 8006 7901 7803 -9999 -9999 -9999 -9999 -9999 -9999 -9999 -9999 -9999 -9999 -9999
-9999 -9999 -9999 -9999 -9999 -9999 -9999 -9999 -9999 -9999 -9999 -9999 -9999 -9999 -9999 -9999 6502 6665 6769 6983 7417 7926 7633 7347 7234 7238 7702 8019 8359 8383 8346 8113 8280 8282 8313 8211 8298 8151 7812 7563 7697 7863 7924 8014 8079 7875 7902 8043 8248 8294 8457 8500 8622 8719 8747 8647 8533 8455 8446 8459 8502 8486 8439 8396 8360 8310 8228 8178 8106 7987 7887 7738 7646 -9999 -9999 -9999 -9999 -9999 -9999 -9999 -9999 -9999 -9999
-9999 -9999 -9999 -9999 -9999 -9999 -9999 -9999 -9999 -9999 -9999 -9999 -9999 -9999 -9999 -9999 -9999 -9999 6648 6858 7179 7597 7817 7462 7599 7782 7923 8118 8102 8257 8353 7705 7700 8240 7985 8146 8365 8197 7919 7837 7767 7727 8115 8148 8187 7584 7442 7472 7708 8233 8525 8646 8686 8726 8755 8717 8663 8562 8511 8496 8457 8442 8416 8367 8336 8306 8219 8162 8083 7989 7853 7718 7592 7472 -9999 -9999 -9999 -9999 -9999 -9999 -9999 -9999 -9999
-9999 -9999 -9999 -9999 -9999 -9999 -9999 -9999 -9999 -9999 -9999 -9999 -9999 -9999 -9999 -9999 -9999 -9999 -9999 -9999 6870 7019 7441 7697 7603 7716 7665 7935 8042 7736 7375 7413 8158 8309 8335 8342 8527 8395 8221 7862 7623 7788 7955 8062 8288 7592 7104 7245 7486 7748 8081 8288 8519 8500 8581 8627 8565 8513 8461 8445 8403 8384 8319 8271 8298 8260 8192 8133 8050 7948 7835 7687 7526 7389 7281 -9999 -9999 -9999 -9999 -9999 -9999 -9999 -9999
