resultados/variables_proyeccion_tiempo/variables_futuro_csiro_A1B/bio5.asc
ncols 330
nrows 228
xllcorner -12.000000
yllcorner 34.000000
cellsize 0.166667
NODATA_value -9999
[rows 80 to 119 of 228, columns 184 to 275 of 330]
-9999 -9999 -9999 -9999 -9999 -9999 -9999 -9999 -9999 -9999 -9999 -9999 -9999 -9999 -9999 -9999 -9999 -9999 -9999 -9999 -9999 258 256 255 256 258 261 262 262 257 255 253 253 253 253 253 253 253 254 253 253 252 253 254 254 255 254 255 255 255 256 257 258 259 259 257 257 257 257 258 257 256 256 257 256 255 254 256 256 256 256 257 257 256 257 258 259 259 260 259 259 260 260 258 256 254 255 258 260 259 258 256
-9999 -9999 -9999 260 -9999 -9999 -9999 -9999 -9999 -9999 -9999 -9999 -9999 -9999 -9999 -9999 -9999 -9999 -9999 259 257 255 254 254 255 257 260 262 -9999 -9999 257 255 254 253 253 253 253 253 254 254 253 251 253 254 255 256 255 256 256 256 257 258 258 259 259 258 258 257 256 255 255 255 254 256 257 256 256 255 256 257 257 257 257 258 259 260 260 260 260 260 260 260 261 259 257 255 256 257 259 260 261 261
-9999 -9999 -9999 -9999 -9999 -9999 -9999 -9999 -9999 -9999 -9999 -9999 -9999 -9999 -9999 -9999 -9999 -9999 -9999 257 255 255 255 254 255 257 -9999 -9999 -9999 -9999 -9999 -9999 254 254 253 253 253 253 253 253 253 251 252 254 256 255 255 254 255 255 256 258 258 259 259 258 258 255 253 253 254 254 254 254 256 256 257 257 258 258 258 258 259 260 260 261 261 262 261 259 259 260 261 260 258 256 256 257 257 257 258 259
-9999 -9999 -9999 -9999 -9999 -9999 -9999 -9999 -9999 -9999 -9999 -9999 -9999 -9999 -9999 -9999 -9999 -9999 -9999 -9999 253 253 -9999 254 -9999 -9999 -9999 -9999 -9999 -9999 -9999 257 -9999 -9999 252 252 252 251 252 252 252 251 251 254 255 253 252 251 252 255 256 257 258 259 259 259 259 257 255 255 254 254 254 255 256 257 257 258 258 259 259 259 259 259 260 262 262 262 262 261 259 260 261 262 261 259 257 256 256 257 258 259
258 259 259 259 -9999 -9999 -9999 -9999 -9999 -9999 -9999 -9999 -9999 -9999 -9999 -9999 -9999 -9999 -9999 -9999 253 252 -9999 -9999 -9999 -9999 -9999 -9999 -9999 -9999 -9999 -9999 -9999 -9999 251 250 251 251 252 252 252 251 252 253 255 256 255 254 254 255 256 256 257 257 258 259 260 259 258 257 257 257 256 257 258 258 258 259 258 258 258 258 258 258 261 262 262 262 263 262 261 262 263 262 258 258 257 257 258 258 259 260
258 258 260 -9999 -9999 -9999 -9999 -9999 -9999 -9999 -9999 -9999 -9999 -9999 -9999 -9999 -9999 -9999 -9999 -9999 -9999 252 253 255 -9999 -9999 -9999 262 -9999 -9999 -9999 -9999 -9999 -9999 250 251 251 251 252 253 253 253 254 254 256 256 256 256 256 254 251 253 253 254 256 258 258 259 259 259 259 258 258 259 258 259 259 259 258 258 258 258 258 259 260 261 262 262 263 263 262 263 263 262 257 256 257 258 258 258 259 259
258 -9999 -9999 -9999 -9999 -9999 -9999 -9999 -9999 -9999 -9999 -9999 -9999 -9999 -9999 -9999 -9999 -9999 253 251 251 250 250 255 257 -9999 -9999 -9999 -9999 -9999 -9999 -9999 -9999 -9999 251 251 250 251 252 253 254 254 255 255 256 257 257 257 255 252 252 252 252 254 255 257 259 259 260 259 259 258 258 257 255 255 257 259 259 259 259 259 260 260 261 261 262 262 262 262 263 263 263 260 258 258 258 258 258 258 259 260
256 257 -9999 -9999 -9999 -9999 -9999 -9999 -9999 -9999 -9999 -9999 -9999 -9999 -9999 -9999 -9999 252 251 249 250 249 250 252 254 255 255 -9999 -9999 -9999 -9999 -9999 -9999 -9999 251 251 251 252 252 254 255 254 252 253 254 255 256 256 255 253 253 254 255 256 256 258 259 259 259 259 259 258 257 254 252 254 256 259 259 259 260 260 261 261 261 261 262 262 263 263 263 263 261 257 256 257 258 258 258 258 259 259
257 -9999 -9999 -9999 -9999 -9999 -9999 -9999 -9999 -9999 -9999 -9999 -9999 -9999 -9999 -9999 252 250 249 248 249 250 251 250 250 253 254 254 -9999 -9999 -9999 -9999 -9999 -9999 252 252 252 252 252 252 251 249 249 250 252 253 255 255 255 256 256 256 257 256 258 258 260 260 259 259 259 258 258 256 257 259 259 259 259 260 261 261 261 261 262 262 262 262 262 261 259 256 256 258 258 258 259 259 258 258 258 256
-9999 -9999 -9999 -9999 -9999 -9999 -9999 -9999 -9999 -9999 -9999 -9999 -9999 -9999 -9999 -9999 249 248 248 248 250 251 251 250 251 252 251 252 253 -9999 -9999 -9999 249 251 252 252 253 252 251 249 249 250 250 249 251 254 255 255 256 257 257 258 257 257 259 260 260 260 260 259 260 260 260 260 260 261 261 259 259 260 261 261 262 263 263 263 262 261 260 257 256 256 256 258 258 258 259 260 259 258 258 258
-9999 -9999 -9999 -9999 -9999 -9999 -9999 -9999 -9999 -9999 -9999 -9999 -9999 -9999 249 249 248 247 247 248 251 251 251 252 251 252 253 253 254 253 252 250 250 252 253 254 254 255 254 253 252 251 251 250 251 253 257 257 258 258 259 258 258 259 259 260 260 260 260 260 260 260 259 255 254 256 258 259 260 261 261 262 263 263 263 261 258 256 256 256 257 257 257 258 259 259 260 261 261 259 259 259
-9999 -9999 -9999 -9999 -9999 -9999 -9999 -9999 -9999 -9999 -9999 -9999 -9999 -9999 248 248 247 247 247 249 252 252 251 251 252 253 254 255 256 255 253 252 252 253 254 256 257 257 256 255 255 255 254 255 256 257 258 259 260 260 259 258 258 259 260 260 260 261 260 261 260 259 256 254 255 253 255 256 258 261 262 262 262 262 262 262 260 258 258 256 257 258 258 258 259 258 258 259 261 260 260 261
-9999 -9999 -9999 -9999 -9999 -9999 -9999 -9999 -9999 -9999 -9999 -9999 -9999 -9999 248 247 247 247 246 250 252 252 253 252 253 254 255 257 257 257 256 255 255 255 256 258 258 258 258 258 257 258 258 259 258 258 259 259 260 259 259 257 258 259 259 260 261 261 261 261 260 259 257 257 256 255 255 257 260 263 262 262 262 262 263 260 259 260 259 258 257 258 258 259 259 258 259 259 260 261 261 262
-9999 -9999 -9999 -9999 -9999 -9999 -9999 -9999 -9999 -9999 -9999 -9999 -9999 249 250 249 249 249 247 248 253 255 255 255 256 256 257 258 258 258 257 256 257 257 258 259 260 260 260 259 259 259 260 260 260 260 261 260 259 259 258 258 258 258 258 258 261 261 262 261 261 260 259 259 258 258 257 258 260 263 263 264 264 263 261 260 260 261 261 260 260 260 260 260 260 260 259 258 260 261 261 262
-9999 -9999 -9999 -9999 -9999 -9999 -9999 -9999 -9999 -9999 -9999 -9999 -9999 -9999 250 250 250 251 251 251 253 256 257 257 258 258 258 259 260 259 258 259 259 260 260 261 262 262 261 261 262 260 260 260 261 261 262 261 260 260 259 259 258 258 258 259 261 262 262 262 262 261 261 260 260 260 259 260 261 262 263 263 263 263 262 262 263 262 262 262 263 263 262 262 263 262 261 261 261 260 262 263
-9999 -9999 -9999 -9999 -9999 -9999 -9999 -9999 -9999 -9999 -9999 -9999 -9999 -9999 250 250 251 251 250 251 254 256 257 258 258 259 260 260 260 260 260 260 260 261 262 262 263 263 263 263 263 262 261 261 261 262 263 263 262 261 261 260 260 261 261 262 262 263 264 264 264 263 262 262 262 262 262 262 264 264 265 264 264 264 264 264 265 265 265 265 265 265 265 265 265 265 264 262 262 262 263 265
-9999 -9999 -9999 -9999 -9999 -9999 -9999 -9999 -9999 -9999 -9999 -9999 -9999 -9999 250 251 252 252 253 253 255 257 258 259 259 260 261 261 261 261 261 262 263 264 264 264 264 264 264 264 264 263 263 262 262 262 264 264 263 263 263 263 263 263 264 265 265 265 265 266 266 265 265 265 265 265 265 265 265 265 266 266 266 266 266 266 266 266 266 266 267 268 268 268 267 266 266 265 265 265 266 267
-9999 -9999 -9999 -9999 -9999 -9999 -9999 -9999 -9999 -9999 -9999 -9999 -9999 -9999 251 252 253 253 254 257 258 257 258 258 261 261 261 262 261 261 262 263 264 265 264 265 265 264 265 265 265 264 265 263 263 263 263 263 263 264 265 265 265 266 266 267 268 268 267 268 268 268 268 268 268 268 267 266 266 267 268 268 269 269 268 268 269 269 269 268 268 269 269 269 268 267 267 266 267 267 268 268
-9999 -9999 -9999 -9999 -9999 -9999 -9999 -9999 -9999 -9999 -9999 -9999 -9999 -9999 253 256 257 258 257 258 260 259 259 261 260 261 262 261 261 262 264 265 266 266 266 266 266 266 266 266 266 266 264 263 263 263 264 264 265 265 266 266 266 267 268 268 268 269 269 270 270 270 270 270 270 270 268 267 267 268 269 269 270 270 270 270 270 269 268 270 269 269 269 270 269 269 268 268 269 269 270 270
-9999 -9999 -9999 -9999 -9999 -9999 -9999 -9999 -9999 -9999 -9999 -9999 -9999 -9999 256 260 261 262 261 261 262 263 263 263 264 264 263 263 263 264 265 266 268 267 267 266 267 267 266 266 265 265 264 263 264 263 264 266 267 267 268 268 269 269 270 269 270 270 270 270 271 272 272 271 272 271 270 270 269 270 270 270 271 271 271 271 270 271 270 270 270 269 268 269 270 270 269 269 270 272 272 271
-9999 -9999 -9999 -9999 -9999 -9999 -9999 -9999 -9999 -9999 -9999 -9999 -9999 259 -9999 262 263 264 265 265 265 266 267 267 267 266 266 265 266 266 267 268 268 267 267 268 268 267 267 266 266 265 264 265 264 262 265 267 267 268 269 269 269 269 268 269 268 268 270 271 272 272 272 273 273 272 272 272 271 271 271 270 270 271 272 272 272 272 272 270 268 268 269 270 271 271 271 272 272 273 273 272
-9999 -9999 -9999 -9999 -9999 -9999 -9999 -9999 -9999 -9999 -9999 263 262 -9999 -9999 264 265 267 267 267 268 268 268 268 268 268 267 267 268 268 269 269 268 269 269 269 267 268 268 267 265 265 265 264 263 262 264 265 266 268 267 268 268 269 268 269 269 269 270 272 272 273 273 274 274 273 273 272 272 272 270 269 270 270 270 271 271 272 272 271 270 269 269 271 272 272 272 272 274 274 274 274
-9999 -9999 -9999 -9999 -9999 -9999 -9999 266 265 264 265 265 265 266 267 266 267 268 268 268 268 269 269 269 269 269 269 269 268 269 270 269 270 270 269 269 270 270 269 267 266 266 265 264 264 266 264 265 266 267 267 268 269 269 269 270 270 270 272 272 273 272 274 274 274 274 274 273 273 273 272 272 271 270 271 272 272 273 273 271 270 270 271 272 273 273 273 274 275 275 274 275
263 -9999 -9999 -9999 -9999 -9999 -9999 270 269 268 267 267 268 268 268 268 269 269 269 269 269 269 269 269 269 270 270 270 270 270 270 270 270 269 268 270 269 271 269 268 267 266 262 264 266 267 267 267 267 267 268 269 270 270 270 270 271 272 273 273 273 271 273 275 274 272 272 273 272 272 272 273 272 272 273 273 273 273 273 271 271 272 273 274 273 273 273 273 275 275 275 276
262 -9999 -9999 -9999 -9999 -9999 273 272 273 273 272 272 271 271 271 271 271 271 271 271 270 270 270 268 266 268 269 270 270 270 269 270 271 271 268 269 270 271 271 270 265 264 264 263 266 267 267 268 268 268 268 270 270 272 272 270 272 274 274 273 273 273 274 274 273 273 272 272 272 271 272 273 273 273 274 274 273 273 273 273 272 272 274 274 273 273 274 274 276 277 277 276
256 -9999 -9999 270 273 273 275 275 272 271 271 273 273 273 274 272 272 272 272 269 271 269 266 264 262 261 265 268 269 270 271 271 271 269 270 270 271 272 272 270 268 266 265 264 266 265 267 269 269 270 270 270 271 271 272 270 273 274 275 274 274 275 274 274 274 273 274 273 273 274 274 273 273 273 274 274 274 274 275 274 275 274 274 275 275 275 276 276 276 277 277 277
258 263 267 271 271 270 275 276 275 276 275 276 276 277 276 275 273 273 272 273 271 267 265 264 262 263 264 267 268 269 270 271 271 271 272 271 271 272 271 271 270 268 267 267 266 267 266 268 269 270 269 271 270 269 272 274 276 277 276 276 276 276 276 276 275 275 275 274 274 275 274 275 276 276 276 276 276 277 277 277 276 277 277 277 277 277 277 278 278 279 279 278
260 266 270 274 277 276 277 276 280 281 282 281 278 277 277 276 275 275 276 275 272 272 269 268 267 266 268 269 270 271 272 273 274 274 273 273 272 273 274 272 272 271 271 270 271 271 271 269 268 268 267 269 270 272 274 276 277 278 278 278 278 278 278 277 277 277 277 276 276 275 277 276 277 277 278 276 277 278 279 279 278 278 278 279 279 279 279 280 281 281 282 281
265 268 270 272 275 275 276 277 280 283 285 282 280 279 278 277 278 281 281 278 276 275 273 272 270 270 270 271 272 273 275 275 275 275 275 275 274 275 275 274 274 275 274 274 274 273 273 272 270 269 268 269 272 275 276 277 277 278 279 279 280 280 280 280 279 279 280 278 278 278 278 278 279 279 279 279 279 281 281 281 280 280 280 280 280 281 282 281 282 284 284 283
268 271 271 272 274 277 278 280 282 285 287 286 284 282 282 283 284 287 285 283 280 277 277 275 274 274 273 273 274 273 274 276 278 277 277 275 275 276 276 276 276 275 273 273 275 275 274 273 272 270 271 272 274 276 278 280 280 280 280 280 280 282 282 282 281 281 280 280 280 281 280 280 280 281 281 281 282 283 283 283 282 282 282 282 282 282 284 284 284 285 286 286
274 273 274 276 277 278 279 276 279 281 283 284 285 284 284 285 286 287 287 285 281 280 279 278 277 276 275 272 273 274 275 276 279 280 278 277 276 277 278 278 278 276 270 271 274 276 276 275 274 274 275 276 276 278 279 281 281 282 282 282 282 283 283 284 284 283 283 283 282 283 283 282 282 283 283 284 284 284 285 285 284 283 284 284 285 285 285 285 285 287 288 286
278 276 278 279 279 280 279 277 277 277 280 282 285 286 286 288 289 289 288 286 283 281 281 280 277 275 276 274 274 274 275 279 280 280 280 280 280 279 278 277 275 276 274 273 275 276 276 275 276 276 277 278 278 279 281 282 282 283 283 283 284 284 285 285 284 284 284 285 284 285 284 284 285 285 286 285 285 285 285 286 286 286 286 287 287 287 287 287 287 287 288 288
278 279 280 281 282 282 279 279 278 277 277 281 283 287 288 289 289 290 289 288 285 282 283 282 280 278 276 276 276 276 278 279 277 278 279 278 280 279 279 279 275 275 275 276 277 276 276 276 276 277 277 278 279 280 281 282 283 283 283 285 285 285 286 286 286 287 287 287 286 286 286 286 286 286 287 287 287 287 287 288 287 288 288 288 288 288 288 288 288 288 288 288
283 284 284 283 283 283 282 281 279 278 277 280 282 286 288 289 290 291 290 288 286 286 283 282 280 280 278 277 276 278 278 279 278 279 278 277 278 279 278 278 278 277 277 277 278 277 276 277 277 278 279 280 280 282 283 283 284 284 284 286 286 286 287 288 288 289 289 289 289 288 287 287 288 289 287 288 288 289 289 288 288 289 289 289 288 289 289 289 290 290 289 289
287 287 287 286 286 286 285 284 282 281 280 282 284 287 288 289 290 290 289 288 286 286 283 282 281 281 280 279 279 280 280 280 279 278 279 279 280 280 279 279 279 279 278 279 278 279 278 278 279 280 281 281 282 283 284 284 285 284 285 286 287 288 288 289 290 290 290 290 290 289 289 288 289 290 289 289 290 290 290 290 290 289 289 288 289 289 289 291 292 291 290 290
288 290 289 289 289 289 287 286 284 284 284 284 285 287 289 290 291 290 289 288 287 286 285 284 283 282 280 281 280 280 280 280 281 281 281 281 280 281 280 280 281 281 281 281 280 280 280 280 281 281 282 283 283 285 285 286 286 287 287 288 289 288 289 290 291 291 291 292 292 291 290 290 290 291 290 290 290 291 291 291 290 289 289 289 289 290 291 292 292 292 291 292
292 293 293 293 292 292 291 287 286 285 284 285 286 288 290 290 290 290 289 288 286 286 286 284 283 282 282 281 281 281 282 281 281 282 282 282 282 282 282 282 282 282 281 282 281 281 281 282 282 282 284 284 284 285 286 286 287 287 288 289 289 290 291 291 293 293 293 293 293 292 291 291 291 291 291 291 292 292 292 292 290 290 290 290 290 292 293 295 293 293 294 294
295 294 292 292 293 292 292 292 289 287 287 287 288 289 290 290 289 288 287 286 285 284 284 286 285 284 282 283 283 283 283 283 283 282 283 282 282 282 282 282 282 282 282 282 282 282 282 282 283 284 284 285 285 285 287 288 288 287 288 289 290 291 292 292 294 294 295 294 293 293 293 292 291 293 293 292 293 293 292 292 290 291 292 292 291 293 294 295 296 296 296 296
297 295 294 293 293 293 292 290 290 289 288 286 286 285 287 287 286 285 283 285 285 284 284 284 285 285 286 286 285 285 285 285 285 284 284 284 283 283 283 283 282 282 282 282 283 283 283 283 283 284 284 286 287 287 287 288 288 289 290 290 291 292 293 294 294 295 295 296 295 295 294 294 293 294 293 293 293 293 294 294 293 292 294 293 294 294 294 296 298 298 297 296
298 296 294 294 294 293 292 291 289 287 286 284 283 283 284 286 285 284 284 284 284 284 285 285 286 287 287 287 287 286 286 286 285 285 284 284 284 283 283 283 283 283 283 283 284 284 284 285 285 284 286 287 288 288 288 289 290 290 290 291 291 292 292 294 295 295 296 296 296 295 295 295 295 295 294 294 294 295 295 296 296 295 295 295 295 295 296 298 299 299 298 296
