resultados/variables_proyeccion_tiempo/variables_futuro_csiro_A1B/bio5.asc
ncols 330
nrows 228
xllcorner -12.000000
yllcorner 34.000000
cellsize 0.166667
NODATA_value -9999
[rows 40 to 79 of 228, columns 184 to 275 of 330]
216 215 216 216 213 214 214 215 215 216 214 214 215 215 219 222 224 224 224 223 -9999 -9999 -9999 -9999 -9999 -9999 -9999 -9999 -9999 -9999 -9999 -9999 -9999 -9999 -9999 -9999 -9999 -9999 -9999 229 228 227 227 227 226 226 226 227 227 226 226 226 226 225 224 226 225 223 222 220 220 220 220 220 220 220 220 218 220 222 221 220 218 218 218 216 216 216 216 214 214 214 213 212 212 211 210 208 207 205 205 204
215 216 217 219 220 219 219 216 215 215 216 215 217 218 221 221 222 224 -9999 -9999 -9999 -9999 -9999 -9999 -9999 -9999 -9999 -9999 -9999 -9999 -9999 -9999 -9999 -9999 -9999 229 230 230 -9999 229 228 228 228 228 228 228 228 228 228 227 227 227 226 225 225 222 227 226 224 223 222 222 222 221 220 219 220 219 221 222 222 222 221 220 220 219 218 219 217 216 216 216 215 213 212 211 211 209 207 206 205 205
220 219 219 217 218 219 218 220 218 217 216 218 218 220 221 223 224 -9999 -9999 -9999 -9999 -9999 -9999 -9999 -9999 -9999 -9999 -9999 -9999 -9999 -9999 -9999 -9999 -9999 -9999 230 230 232 232 232 232 231 230 230 229 229 229 229 228 228 228 227 226 226 225 222 225 226 224 225 225 224 224 223 222 222 222 221 221 222 223 222 222 219 219 218 217 218 219 218 217 217 215 214 213 212 210 208 207 207 206 206
221 221 222 222 219 218 218 218 216 216 217 218 218 218 220 221 -9999 -9999 -9999 -9999 -9999 -9999 -9999 -9999 -9999 -9999 -9999 -9999 -9999 -9999 -9999 -9999 -9999 -9999 230 231 231 231 232 232 232 232 232 231 230 229 229 230 228 228 228 228 226 226 225 224 223 225 227 228 226 225 225 224 224 224 223 221 219 220 221 220 219 219 219 217 218 218 218 219 218 216 216 214 211 211 210 209 208 208 206 205
222 222 222 223 222 220 218 218 216 214 215 217 217 218 217 219 219 218 -9999 -9999 -9999 -9999 -9999 -9999 -9999 -9999 -9999 -9999 -9999 -9999 -9999 -9999 -9999 231 231 230 230 230 231 232 232 232 231 230 230 229 229 228 229 229 229 229 228 227 227 227 226 227 229 228 227 226 226 225 224 224 223 221 221 220 218 220 220 219 219 218 218 217 218 218 218 217 215 213 212 211 210 210 208 208 206 205
219 222 223 223 222 221 219 218 216 213 215 214 213 215 217 218 218 217 -9999 -9999 -9999 -9999 -9999 -9999 -9999 -9999 -9999 -9999 -9999 -9999 -9999 -9999 232 232 231 231 229 230 230 231 231 231 231 231 230 229 230 230 230 231 231 230 230 231 230 230 229 227 228 227 226 226 227 226 225 226 225 224 222 222 221 220 221 221 221 220 221 219 219 219 218 217 214 213 213 213 211 210 209 208 208 206
220 222 222 221 223 222 221 217 214 214 213 214 214 216 217 219 -9999 -9999 -9999 -9999 -9999 -9999 -9999 -9999 -9999 -9999 -9999 -9999 -9999 230 234 234 233 232 232 232 232 231 230 229 229 230 231 231 230 230 230 230 229 230 231 232 231 232 232 231 230 227 228 229 228 228 229 226 227 228 227 225 224 222 221 220 220 220 219 219 219 219 219 218 218 216 215 215 214 213 212 211 210 210 210 209
218 220 223 223 222 223 221 222 219 217 218 216 218 219 -9999 -9999 -9999 -9999 -9999 -9999 -9999 -9999 -9999 -9999 -9999 -9999 -9999 -9999 228 232 234 234 233 232 232 232 232 231 231 231 231 231 231 230 230 230 230 229 228 228 229 230 230 230 228 228 230 230 231 231 231 230 229 229 228 228 227 226 224 223 222 221 222 222 220 219 217 218 219 219 219 218 216 215 215 214 213 212 211 210 210 210
221 222 221 224 224 225 225 224 222 222 221 220 220 220 -9999 -9999 -9999 -9999 -9999 -9999 -9999 -9999 -9999 -9999 -9999 230 231 231 231 232 233 233 233 232 231 232 232 232 233 231 231 231 231 231 232 231 230 229 229 230 228 229 231 231 231 230 229 228 230 231 230 230 228 227 227 226 226 227 225 224 224 224 224 224 222 220 218 219 219 219 219 219 217 215 215 215 216 214 213 212 212 212
223 225 224 223 226 228 226 228 226 226 224 223 223 223 -9999 -9999 -9999 -9999 -9999 -9999 -9999 -9999 -9999 229 232 235 234 234 234 234 234 232 232 232 232 232 232 232 232 233 232 231 231 231 230 232 232 232 232 232 233 231 233 232 232 232 231 229 229 233 232 232 230 231 229 227 228 229 227 226 225 225 224 225 224 222 219 219 219 219 218 217 218 218 217 215 215 215 215 213 213 213
223 223 226 228 231 232 232 232 -9999 -9999 -9999 -9999 226 225 -9999 -9999 -9999 -9999 -9999 -9999 -9999 230 231 234 237 238 237 236 236 236 235 233 232 232 232 232 232 233 233 233 232 231 231 232 230 231 232 233 233 233 234 234 234 234 233 234 233 232 232 232 234 235 235 233 231 232 230 231 231 228 228 228 226 224 225 224 221 220 218 216 219 218 218 217 218 218 216 215 214 214 214 214
227 228 230 233 234 234 234 -9999 -9999 -9999 -9999 -9999 -9999 -9999 -9999 230 231 -9999 231 234 234 232 235 237 238 239 238 237 237 236 236 235 234 233 232 232 233 234 233 233 234 234 233 232 233 234 234 235 234 233 233 236 234 233 235 236 236 235 236 234 234 233 236 237 236 235 234 232 233 232 230 230 228 227 227 226 224 222 220 217 219 220 220 219 220 219 218 218 217 217 217 216
235 233 235 -9999 -9999 -9999 -9999 -9999 -9999 -9999 -9999 -9999 -9999 -9999 232 232 233 235 236 237 237 239 238 238 238 238 238 238 237 238 238 236 235 234 234 233 234 234 236 235 235 235 234 234 234 236 236 237 236 234 235 237 237 235 235 235 238 238 238 237 235 235 234 237 237 237 236 236 234 231 229 229 228 227 225 224 223 222 223 222 223 222 220 220 218 218 219 220 220 220 220 219
236 -9999 -9999 -9999 -9999 -9999 -9999 -9999 -9999 -9999 -9999 -9999 -9999 -9999 -9999 -9999 237 237 237 238 239 240 239 239 239 240 240 240 238 239 238 238 236 234 235 235 234 236 238 237 238 237 236 238 236 236 238 239 237 237 237 237 238 239 239 240 239 240 240 238 238 236 235 236 236 237 235 236 234 231 230 230 231 230 228 227 226 225 224 225 225 225 222 220 218 219 221 220 219 219 219 218
-9999 -9999 -9999 -9999 -9999 -9999 -9999 -9999 -9999 -9999 -9999 -9999 -9999 235 236 236 237 237 237 237 238 239 240 240 240 240 239 239 239 238 238 237 237 235 235 236 237 236 237 238 237 237 237 240 239 238 238 239 239 239 238 238 239 241 240 240 241 240 239 240 240 238 238 239 240 239 238 235 235 234 231 232 232 230 229 228 227 226 225 225 225 224 225 223 221 222 221 221 221 221 220 220
-9999 -9999 -9999 -9999 -9999 -9999 -9999 -9999 -9999 -9999 -9999 -9999 -9999 -9999 238 238 238 237 236 235 235 236 238 240 240 240 238 238 239 239 237 236 236 235 235 235 237 237 238 237 239 237 238 240 239 240 241 240 240 240 239 239 238 241 243 241 241 241 240 242 241 240 241 242 241 241 240 237 236 235 233 232 231 231 231 229 228 228 227 224 224 225 224 224 222 221 222 222 223 222 222 223
-9999 -9999 -9999 -9999 -9999 -9999 -9999 -9999 -9999 -9999 -9999 -9999 -9999 -9999 238 238 238 237 236 235 234 235 238 238 239 239 239 239 239 239 238 238 237 237 236 236 236 235 238 238 239 240 241 240 241 242 241 242 241 240 241 240 241 241 242 241 241 242 241 241 242 242 240 242 241 241 241 239 236 234 234 231 230 230 230 231 231 228 227 226 226 227 226 225 225 224 224 224 225 225 227 227
-9999 -9999 -9999 -9999 -9999 -9999 -9999 -9999 -9999 -9999 -9999 -9999 -9999 -9999 239 239 238 237 236 235 236 237 236 236 238 238 239 239 238 239 239 239 238 238 238 238 239 238 238 239 238 239 240 242 243 242 242 242 241 241 242 241 242 242 242 242 242 242 241 242 242 240 240 242 242 242 242 239 237 236 234 233 231 231 231 230 229 227 227 227 228 227 227 227 227 227 227 227 227 227 229 228
-9999 -9999 -9999 -9999 -9999 -9999 -9999 -9999 -9999 -9999 -9999 -9999 -9999 -9999 -9999 239 240 239 237 236 235 236 235 237 237 237 238 238 238 240 242 241 241 241 241 242 242 240 242 242 242 242 243 244 243 243 242 241 241 241 243 242 242 243 243 244 243 244 243 243 242 240 241 242 243 242 241 240 237 236 236 234 233 232 231 230 229 229 228 229 229 229 229 229 228 228 227 227 227 227 230 229
-9999 -9999 -9999 -9999 -9999 -9999 -9999 -9999 -9999 -9999 -9999 -9999 -9999 -9999 -9999 242 241 239 238 237 237 237 237 237 238 238 239 238 238 239 241 242 243 243 243 244 243 243 244 242 242 245 245 244 243 242 243 244 243 244 244 244 243 242 243 244 244 243 244 245 244 242 243 244 244 242 241 240 239 237 235 235 234 235 232 230 230 230 231 230 230 230 230 230 230 230 229 229 228 228 228 231
-9999 -9999 -9999 -9999 -9999 -9999 -9999 -9999 -9999 -9999 -9999 -9999 -9999 -9999 -9999 -9999 242 241 240 240 240 240 239 239 239 240 241 240 240 241 243 244 244 244 244 244 245 244 245 245 246 246 245 244 244 245 246 246 246 245 245 244 244 243 243 245 244 244 244 244 244 244 244 244 245 244 243 242 240 239 238 237 236 237 236 236 235 234 233 233 232 232 233 233 232 232 232 231 231 230 230 232
-9999 -9999 -9999 -9999 -9999 -9999 -9999 -9999 -9999 -9999 -9999 -9999 -9999 -9999 -9999 -9999 -9999 244 243 242 242 242 241 241 241 241 243 244 243 244 246 246 244 244 246 246 246 245 246 247 247 248 245 246 247 247 247 247 247 246 245 245 245 245 246 245 246 246 246 247 246 246 245 246 245 244 244 243 241 240 239 240 238 239 239 238 238 237 237 236 236 236 235 235 234 234 235 235 234 234 232 231
-9999 -9999 -9999 -9999 -9999 -9999 -9999 -9999 -9999 -9999 -9999 -9999 -9999 -9999 -9999 -9999 -9999 246 245 244 244 244 244 244 243 244 245 246 244 246 249 249 248 249 250 250 247 247 246 247 248 248 247 248 249 248 248 248 248 247 248 248 248 248 249 249 248 249 249 248 247 247 247 246 247 247 246 244 243 243 244 243 243 243 243 242 242 240 239 239 239 239 238 238 237 235 234 234 234 235 231 229
-9999 -9999 -9999 -9999 -9999 -9999 -9999 -9999 -9999 -9999 -9999 -9999 -9999 -9999 -9999 -9999 252 248 247 246 246 247 247 246 246 246 247 247 248 250 250 250 252 252 252 250 251 249 248 249 250 248 249 249 249 249 250 250 250 249 250 250 250 250 250 251 251 251 250 249 248 248 248 248 249 249 248 247 247 247 247 246 245 245 245 245 245 244 244 243 242 242 241 241 240 238 238 237 237 237 235 232
-9999 -9999 -9999 -9999 -9999 -9999 -9999 -9999 -9999 -9999 -9999 -9999 -9999 -9999 -9999 -9999 254 250 248 248 249 249 249 249 248 248 247 247 249 250 252 253 254 254 253 252 252 250 248 247 249 250 249 251 251 252 251 252 252 250 252 251 251 252 252 252 252 252 253 252 251 251 250 251 251 251 251 251 250 250 249 248 248 247 247 247 247 247 247 247 246 245 246 245 244 243 242 241 239 240 240 240
-9999 -9999 -9999 -9999 -9999 -9999 -9999 -9999 -9999 -9999 -9999 -9999 -9999 -9999 -9999 -9999 252 251 249 249 250 251 250 249 249 249 249 250 250 251 252 253 254 255 254 252 250 249 248 247 248 249 249 250 251 252 253 253 253 252 252 252 252 252 253 253 253 254 254 254 254 254 254 253 253 252 252 253 252 251 250 250 250 249 249 249 249 249 249 248 248 247 247 247 247 247 246 245 243 242 243 243
-9999 -9999 -9999 -9999 -9999 -9999 -9999 -9999 -9999 -9999 -9999 -9999 -9999 -9999 -9999 252 252 251 250 251 252 252 252 250 250 250 250 249 250 250 251 251 252 253 253 253 250 249 249 249 249 250 251 251 252 252 253 254 254 254 254 254 253 254 254 254 255 255 255 255 256 256 256 255 255 255 254 253 252 251 251 251 251 250 250 250 250 250 250 249 248 248 249 249 248 247 247 247 246 245 246 246
-9999 -9999 -9999 -9999 -9999 -9999 -9999 -9999 -9999 -9999 -9999 -9999 -9999 -9999 250 252 251 251 251 252 252 253 252 252 252 251 251 251 251 251 252 251 252 252 251 250 250 248 249 249 249 250 251 252 253 254 254 255 255 255 255 255 255 255 255 255 255 256 256 257 257 256 256 256 255 254 255 253 253 252 252 252 251 251 251 250 250 250 249 249 249 250 249 249 249 249 249 248 248 248 248 246
-9999 -9999 -9999 -9999 -9999 -9999 -9999 -9999 -9999 -9999 -9999 -9999 -9999 -9999 252 252 252 251 251 252 253 255 254 253 252 252 251 251 251 252 252 252 252 252 250 249 248 248 248 248 250 252 252 254 254 255 255 256 256 256 257 257 256 257 257 257 258 258 258 258 257 256 255 256 256 255 254 252 252 252 253 253 252 252 252 251 251 250 250 250 250 250 250 250 251 251 250 249 249 248 245 246
-9999 -9999 -9999 -9999 -9999 250 248 246 246 -9999 248 -9999 251 253 254 -9999 256 252 251 252 254 255 255 254 252 251 252 252 251 251 251 253 254 253 251 250 249 248 248 248 250 251 252 254 254 255 256 256 257 257 258 -9999 258 258 -9999 -9999 -9999 -9999 258 258 257 257 255 254 255 254 253 250 249 250 252 252 252 253 253 251 252 251 251 251 251 251 251 251 251 251 251 251 250 248 248 248
258 -9999 -9999 -9999 -9999 249 247 246 246 247 249 -9999 253 254 -9999 257 257 253 252 252 254 254 255 255 254 254 253 253 253 252 253 253 253 252 251 249 249 248 248 248 250 251 252 252 253 -9999 -9999 -9999 -9999 -9999 -9999 -9999 -9999 -9999 -9999 -9999 -9999 -9999 -9999 258 258 257 255 254 255 255 254 252 251 252 251 251 253 253 254 253 252 252 252 252 252 252 252 252 251 250 250 251 251 250 249 247
259 259 -9999 -9999 -9999 -9999 247 246 247 249 252 253 257 -9999 -9999 -9999 -9999 255 252 252 -9999 255 258 257 257 256 257 256 256 256 256 255 254 253 252 251 251 -9999 248 -9999 -9999 -9999 -9999 -9999 -9999 -9999 -9999 -9999 -9999 253 -9999 -9999 -9999 -9999 258 258 -9999 -9999 260 -9999 -9999 -9999 -9999 -9999 -9999 -9999 258 256 256 255 254 253 253 253 254 254 253 254 253 253 252 252 252 252 252 251 251 252 252 251 250 249
260 260 260 -9999 -9999 -9999 -9999 -9999 -9999 -9999 -9999 -9999 -9999 259 -9999 -9999 -9999 -9999 -9999 -9999 -9999 -9999 262 260 -9999 260 261 260 259 259 258 256 -9999 -9999 -9999 -9999 -9999 -9999 -9999 -9999 -9999 -9999 -9999 -9999 -9999 -9999 -9999 -9999 -9999 -9999 -9999 256 -9999 -9999 -9999 -9999 -9999 -9999 -9999 -9999 -9999 -9999 258 257 256 256 255 256 257 256 256 255 254 254 254 254 254 253 253 252 252 252 252 252 252 252 253 253 253 253 252 252
262 261 260 258 -9999 -9999 -9999 -9999 -9999 -9999 -9999 -9999 -9999 -9999 -9999 -9999 -9999 -9999 -9999 -9999 -9999 -9999 263 -9999 -9999 -9999 -9999 -9999 -9999 -9999 -9999 -9999 -9999 -9999 -9999 -9999 -9999 -9999 -9999 -9999 -9999 -9999 -9999 -9999 -9999 -9999 -9999 -9999 -9999 -9999 -9999 -9999 -9999 -9999 -9999 -9999 258 259 256 257 258 257 255 253 254 253 254 254 255 255 255 256 255 254 254 253 252 252 253 253 254 254 254 253 253 254 254 255 255 255 254 253
264 263 -9999 -9999 -9999 -9999 -9999 -9999 -9999 -9999 -9999 -9999 -9999 -9999 -9999 -9999 -9999 -9999 -9999 -9999 -9999 -9999 -9999 -9999 -9999 -9999 -9999 -9999 -9999 -9999 -9999 -9999 -9999 -9999 -9999 252 253 252 -9999 254 253 252 252 252 252 253 254 256 256 -9999 -9999 -9999 -9999 -9999 -9999 -9999 259 259 258 258 256 254 252 251 251 252 252 252 254 254 254 254 254 254 254 253 253 253 253 254 255 255 255 254 255 255 256 256 256 256 256 255
267 264 -9999 -9999 -9999 -9999 -9999 -9999 -9999 -9999 -9999 -9999 -9999 -9999 -9999 -9999 -9999 -9999 -9999 -9999 -9999 -9999 -9999 -9999 -9999 -9999 -9999 -9999 -9999 -9999 -9999 254 253 253 252 252 252 252 252 252 251 250 250 250 250 252 253 254 254 256 257 255 256 257 257 257 258 259 259 259 256 254 253 253 252 252 253 253 253 254 255 255 255 254 254 255 254 254 255 256 256 256 256 256 256 256 256 256 256 256 256 253
268 266 -9999 -9999 -9999 -9999 -9999 -9999 -9999 -9999 -9999 -9999 -9999 -9999 -9999 -9999 -9999 -9999 -9999 -9999 -9999 -9999 -9999 -9999 -9999 -9999 -9999 -9999 -9999 257 253 252 252 252 252 252 252 252 251 251 250 250 250 249 249 250 250 252 253 255 256 255 256 257 257 257 258 258 258 258 258 257 256 256 255 254 254 254 254 254 255 255 255 255 254 255 255 255 256 257 257 257 257 256 257 256 256 256 256 253 252 253
-9999 -9999 -9999 -9999 -9999 -9999 -9999 -9999 -9999 -9999 -9999 -9999 -9999 -9999 -9999 -9999 -9999 -9999 -9999 -9999 -9999 -9999 -9999 261 262 -9999 265 264 260 256 253 251 251 251 251 251 252 251 251 250 250 250 250 249 249 250 251 252 253 255 256 255 257 257 257 257 257 257 257 258 257 257 257 257 256 255 255 255 255 255 256 256 255 255 255 255 255 256 257 257 257 258 257 257 257 257 256 255 255 252 250 252
-9999 -9999 -9999 -9999 -9999 -9999 -9999 -9999 -9999 -9999 -9999 -9999 -9999 -9999 -9999 -9999 -9999 -9999 -9999 -9999 264 262 261 259 260 261 263 264 259 256 252 251 251 252 252 252 252 252 251 251 251 251 251 250 251 251 252 252 254 256 257 257 258 258 257 257 257 256 256 256 257 256 257 257 256 256 256 255 255 256 255 256 256 256 256 255 256 257 258 257 258 258 257 257 258 258 257 257 255 253 252 253
-9999 -9999 -9999 -9999 -9999 -9999 -9999 -9999 -9999 -9999 -9999 -9999 -9999 -9999 -9999 -9999 -9999 -9999 -9999 -9999 -9999 -9999 259 258 259 260 -9999 -9999 -9999 256 253 252 253 254 254 253 252 253 252 252 252 252 252 252 252 252 253 253 255 256 257 257 258 258 258 257 256 256 257 257 257 257 257 258 256 255 255 256 256 256 256 256 256 256 256 257 257 258 258 259 259 259 259 259 258 257 258 259 259 256 254 255
