resultados/variables_proyeccion_tiempo/variables_futuro_csiro_A1B/bio5.asc
ncols 330
nrows 228
xllcorner -12.000000
yllcorner 34.000000
cellsize 0.166667
NODATA_value -9999
[rows 0 to 39 of 228, columns 184 to 275 of 330]
-9999 -9999 -9999 -9999 -9999 -9999 -9999 -9999 -9999 -9999 -9999 -9999 -9999 -9999 -9999 -9999 -9999 -9999 -9999 -9999 -9999 -9999 -9999 -9999 -9999 -9999 -9999 -9999 -9999 -9999 -9999 -9999 -9999 -9999 -9999 -9999 -9999 -9999 -9999 -9999 -9999 -9999 -9999 -9999 -9999 -9999 -9999 -9999 -9999 -9999 -9999 -9999 -9999 -9999 -9999 -9999 -9999 -9999 -9999 -9999 -9999 -9999 -9999 -9999 -9999 -9999 -9999 -9999 -9999 -9999 -9999 -9999 -9999 -9999 -9999 -9999 -9999 -9999 -9999 -9999 -9999 -9999 -9999 -9999 -9999 -9999 -9999 -9999 -9999 -9999 -9999 -9999
-9999 -9999 -9999 -9999 -9999 -9999 -9999 -9999 -9999 -9999 -9999 -9999 -9999 -9999 -9999 -9999 -9999 -9999 -9999 -9999 -9999 -9999 -9999 -9999 -9999 -9999 -9999 -9999 -9999 -9999 -9999 -9999 -9999 -9999 -9999 -9999 -9999 -9999 -9999 -9999 -9999 -9999 -9999 -9999 -9999 -9999 -9999 -9999 -9999 -9999 -9999 -9999 -9999 -9999 -9999 -9999 -9999 -9999 -9999 -9999 -9999 -9999 -9999 -9999 -9999 -9999 -9999 -9999 -9999 -9999 -9999 -9999 -9999 -9999 -9999 -9999 -9999 -9999 -9999 -9999 -9999 -9999 -9999 -9999 -9999 -9999 -9999 -9999 -9999 -9999 -9999 -9999
-9999 -9999 -9999 -9999 -9999 -9999 -9999 -9999 -9999 -9999 -9999 -9999 -9999 -9999 -9999 -9999 -9999 -9999 -9999 -9999 -9999 -9999 -9999 -9999 -9999 -9999 -9999 -9999 -9999 -9999 -9999 -9999 -9999 -9999 -9999 -9999 -9999 -9999 -9999 -9999 -9999 -9999 -9999 -9999 -9999 -9999 -9999 -9999 -9999 -9999 -9999 -9999 -9999 -9999 -9999 -9999 -9999 -9999 -9999 -9999 -9999 -9999 -9999 -9999 -9999 -9999 -9999 -9999 -9999 -9999 -9999 -9999 -9999 -9999 -9999 -9999 -9999 -9999 -9999 -9999 -9999 -9999 -9999 -9999 -9999 -9999 -9999 -9999 -9999 -9999 -9999 -9999
-9999 -9999 -9999 -9999 -9999 -9999 -9999 -9999 -9999 -9999 -9999 -9999 -9999 -9999 -9999 -9999 -9999 -9999 -9999 -9999 -9999 -9999 -9999 -9999 -9999 -9999 -9999 -9999 -9999 -9999 -9999 -9999 -9999 -9999 -9999 -9999 -9999 -9999 -9999 -9999 -9999 -9999 -9999 -9999 -9999 -9999 -9999 -9999 -9999 -9999 -9999 -9999 -9999 -9999 -9999 -9999 -9999 -9999 -9999 -9999 -9999 -9999 -9999 -9999 -9999 -9999 -9999 -9999 -9999 -9999 -9999 -9999 -9999 -9999 -9999 -9999 -9999 -9999 -9999 -9999 -9999 -9999 -9999 -9999 -9999 -9999 -9999 -9999 -9999 -9999 -9999 -9999
-9999 -9999 -9999 -9999 -9999 -9999 -9999 -9999 -9999 -9999 -9999 -9999 -9999 -9999 -9999 -9999 -9999 -9999 -9999 -9999 -9999 -9999 -9999 -9999 -9999 -9999 -9999 -9999 -9999 -9999 -9999 -9999 -9999 -9999 -9999 -9999 -9999 -9999 -9999 -9999 -9999 -9999 -9999 -9999 -9999 -9999 -9999 -9999 -9999 -9999 -9999 -9999 -9999 -9999 -9999 -9999 -9999 -9999 -9999 -9999 -9999 -9999 -9999 -9999 -9999 -9999 -9999 -9999 -9999 -9999 -9999 -9999 -9999 -9999 -9999 -9999 -9999 -9999 -9999 -9999 -9999 -9999 -9999 -9999 -9999 -9999 -9999 -9999 -9999 -9999 -9999 -9999
-9999 -9999 -9999 -9999 -9999 -9999 -9999 -9999 -9999 -9999 -9999 -9999 -9999 -9999 -9999 -9999 -9999 -9999 -9999 -9999 -9999 -9999 -9999 -9999 -9999 -9999 -9999 -9999 -9999 -9999 -9999 176 181 -9999 -9999 169 178 177 183 169 170 168 168 166 166 168 -9999 -9999 -9999 -9999 -9999 154 158 148 150 150 150 154 -9999 -9999 -9999 -9999 -9999 -9999 -9999 -9999 -9999 -9999 -9999 -9999 -9999 -9999 -9999 -9999 -9999 -9999 -9999 -9999 -9999 -9999 -9999 -9999 -9999 -9999 -9999 -9999 -9999 -9999 -9999 -9999 -9999 -9999
-9999 -9999 -9999 -9999 -9999 -9999 -9999 -9999 -9999 -9999 -9999 -9999 -9999 -9999 -9999 -9999 -9999 -9999 -9999 -9999 -9999 -9999 -9999 -9999 -9999 -9999 185 178 -9999 -9999 -9999 178 178 185 176 174 172 177 175 181 176 169 176 173 177 -9999 161 163 167 -9999 158 162 157 152 149 148 146 146 147 154 149 150 152 -9999 -9999 -9999 -9999 -9999 -9999 -9999 -9999 -9999 -9999 -9999 -9999 -9999 -9999 -9999 -9999 -9999 -9999 -9999 -9999 -9999 -9999 -9999 -9999 -9999 -9999 -9999 -9999 -9999
-9999 -9999 -9999 -9999 -9999 -9999 -9999 -9999 -9999 -9999 -9999 -9999 -9999 -9999 -9999 -9999 -9999 -9999 -9999 -9999 -9999 -9999 175 175 172 182 180 178 180 178 182 182 183 184 179 181 176 171 171 174 177 177 176 183 172 164 164 163 169 -9999 163 160 156 152 149 151 154 147 -9999 149 147 142 143 148 149 140 142 138 140 -9999 -9999 -9999 -9999 -9999 -9999 -9999 -9999 -9999 -9999 -9999 -9999 -9999 -9999 -9999 -9999 -9999 -9999 -9999 -9999 -9999 -9999 -9999
-9999 -9999 -9999 -9999 -9999 -9999 -9999 -9999 -9999 -9999 -9999 -9999 -9999 -9999 -9999 -9999 -9999 -9999 -9999 181 182 180 175 179 178 177 176 190 183 183 178 177 185 175 169 182 181 180 177 176 187 -9999 186 180 172 172 166 173 -9999 -9999 166 162 159 154 153 149 146 150 150 145 143 142 149 144 140 142 143 137 137 135 135 138 -9999 -9999 -9999 -9999 -9999 -9999 -9999 -9999 -9999 -9999 -9999 -9999 -9999 -9999 -9999 -9999 -9999 -9999 -9999 -9999
-9999 -9999 -9999 -9999 -9999 -9999 -9999 -9999 -9999 -9999 -9999 -9999 -9999 -9999 -9999 -9999 192 -9999 178 -9999 186 -9999 178 181 177 165 166 168 175 179 181 177 173 179 181 180 182 182 186 192 190 186 183 180 174 171 175 179 174 171 166 161 158 157 160 163 164 161 157 155 150 148 147 147 142 137 140 139 138 135 135 136 136 133 140 -9999 -9999 -9999 -9999 -9999 -9999 -9999 -9999 -9999 -9999 -9999 -9999 -9999 -9999 -9999 -9999 -9999
-9999 194 191 189 -9999 183 186 194 -9999 194 192 187 173 -9999 -9999 194 182 178 177 161 166 172 169 174 173 176 170 166 185 179 175 177 181 180 179 180 184 189 194 195 181 181 173 176 176 177 172 171 172 170 167 165 164 164 165 166 166 162 161 158 154 154 155 153 146 143 138 139 145 146 145 141 140 136 130 -9999 -9999 -9999 -9999 -9999 -9999 -9999 -9999 -9999 -9999 -9999 -9999 -9999 -9999 -9999 -9999 -9999
191 194 191 191 189 193 187 185 193 -9999 179 181 179 188 -9999 198 190 177 162 173 169 174 174 174 170 183 191 189 182 181 176 173 180 183 179 178 185 192 198 183 172 172 174 167 170 161 164 168 171 169 170 170 173 172 171 169 170 165 166 165 165 164 161 159 158 152 151 153 153 152 154 -9999 -9999 -9999 -9999 -9999 -9999 -9999 -9999 -9999 -9999 -9999 -9999 -9999 -9999 -9999 -9999 -9999 -9999 -9999 -9999 -9999
190 189 187 184 188 186 188 192 191 175 194 185 184 190 189 187 177 179 184 181 177 170 166 162 173 176 188 194 193 186 181 178 180 182 174 171 172 192 195 186 177 180 173 168 171 175 181 176 179 179 176 174 172 170 169 173 172 165 162 161 160 159 156 158 158 159 160 159 155 152 -9999 -9999 -9999 -9999 -9999 -9999 -9999 -9999 -9999 146 145 148 149 -9999 -9999 -9999 -9999 -9999 -9999 -9999 -9999 -9999
186 190 187 187 180 176 190 187 169 172 -9999 170 182 172 186 177 158 164 172 174 181 177 172 169 174 176 179 184 182 181 184 182 183 186 183 180 184 192 194 194 192 189 188 188 186 185 180 180 181 184 180 175 174 172 169 171 170 170 167 164 168 168 166 166 164 163 161 161 161 154 155 152 149 151 146 148 151 -9999 146 146 148 150 154 156 156 157 160 -9999 -9999 -9999 -9999 -9999
187 182 174 179 170 173 180 162 166 188 174 181 168 157 162 178 168 155 163 156 159 166 174 173 173 172 173 180 183 184 185 183 187 188 188 187 187 190 194 195 194 193 194 193 188 184 181 184 184 184 184 182 178 175 175 175 175 175 174 174 173 172 170 169 165 162 161 163 163 162 156 152 150 154 155 156 151 150 152 154 159 157 160 159 159 159 160 -9999 -9999 -9999 -9999 -9999
176 179 174 171 167 179 162 157 167 183 155 160 148 162 158 163 168 172 173 169 168 167 174 180 177 174 181 183 185 189 186 186 189 191 191 193 193 196 199 199 196 197 198 194 191 189 188 189 188 186 185 185 183 182 181 180 178 179 178 177 176 173 169 168 168 169 169 168 167 160 153 153 156 159 161 156 156 157 158 158 161 164 167 168 170 172 172 170 173 -9999 -9999 -9999
171 175 179 183 173 167 164 173 159 153 164 163 156 152 153 155 160 165 169 176 177 177 180 183 185 181 184 185 187 191 191 190 189 190 193 193 197 197 197 196 197 198 198 192 190 191 192 191 192 192 192 190 188 187 186 186 185 184 182 180 177 177 176 177 173 171 165 165 164 162 159 160 160 160 162 160 158 160 161 164 168 168 170 172 177 177 178 179 181 177 177 172
176 173 171 178 170 164 157 151 155 159 161 160 171 163 160 162 169 174 176 177 180 182 183 184 187 190 191 191 189 188 190 189 191 194 194 195 196 194 197 199 200 201 201 197 193 192 192 193 193 194 195 194 193 192 191 190 188 187 185 182 181 181 180 179 174 170 168 168 167 167 167 165 163 163 160 162 164 167 168 169 171 174 176 175 176 180 184 183 185 184 179 176
155 165 161 159 162 175 167 158 156 160 164 165 168 175 171 170 170 172 176 181 184 186 185 186 189 192 192 190 188 187 187 190 192 193 193 194 195 197 197 199 201 202 202 201 199 200 201 200 200 197 198 197 197 196 194 192 191 189 186 185 183 182 180 179 175 173 173 172 169 170 170 169 169 167 169 168 170 169 170 174 173 174 177 182 183 185 189 185 182 181 182 178
156 154 149 149 153 159 168 159 160 158 165 165 166 166 170 176 179 176 176 179 182 187 187 187 187 190 190 192 191 190 189 190 190 190 190 192 194 196 198 199 201 201 196 198 200 201 201 197 196 195 197 196 197 198 194 192 190 186 184 184 182 182 182 181 179 178 176 175 174 175 177 176 177 176 176 177 176 175 178 181 181 183 183 185 188 188 190 186 183 182 181 177
149 152 159 160 158 159 166 167 164 166 169 172 173 174 175 175 175 180 185 187 187 192 193 191 191 192 192 193 194 193 190 192 194 193 195 195 195 196 199 200 199 200 200 197 198 198 196 196 195 196 197 199 198 196 193 193 191 188 186 189 188 187 186 184 184 183 180 179 178 176 179 180 180 180 182 182 182 184 184 184 186 182 182 182 184 186 189 190 185 182 184 181
175 171 169 162 157 165 175 172 173 173 172 172 174 178 180 180 182 184 185 188 193 194 195 196 197 197 197 198 196 197 197 198 199 200 200 199 198 199 199 199 201 202 203 203 203 202 201 201 199 198 196 196 194 193 194 195 194 193 190 188 188 185 183 183 183 183 180 173 175 175 180 180 178 180 182 182 185 187 185 183 186 186 180 184 186 189 187 191 189 185 181 177
152 151 156 163 172 180 182 185 186 182 178 178 178 178 181 183 188 189 189 191 192 192 193 195 198 199 200 199 198 198 191 197 201 199 201 201 201 202 200 200 201 202 203 204 204 203 202 202 200 200 199 197 196 194 195 191 186 186 183 184 186 182 184 186 185 185 182 184 185 184 185 185 183 174 178 180 180 184 183 182 182 185 182 188 186 187 191 191 189 186 182 180
144 145 158 162 164 169 179 182 184 187 188 186 187 185 186 185 190 193 194 194 192 193 193 193 196 198 200 201 202 202 201 200 198 204 205 206 206 206 205 205 204 205 204 205 206 206 205 204 203 202 201 200 199 199 198 197 195 193 191 190 189 189 186 186 187 189 189 187 187 189 189 188 187 187 187 181 179 176 181 182 185 186 178 187 192 191 191 192 190 186 185 183
159 170 167 171 173 175 181 184 185 188 192 191 193 193 194 195 193 194 195 196 198 198 196 195 196 198 200 203 204 204 203 203 202 202 204 206 208 209 209 209 208 208 204 203 204 204 204 205 206 204 202 202 202 202 200 198 196 195 193 192 193 192 190 188 187 188 188 188 191 192 187 186 186 187 183 186 186 185 183 182 183 188 172 180 189 194 195 195 189 186 182 181
164 162 168 174 178 178 181 186 188 189 189 191 194 197 197 200 201 200 201 200 199 200 200 201 202 201 203 204 206 205 205 203 204 203 205 207 209 209 209 210 208 208 206 206 206 206 208 209 209 208 206 205 205 204 202 200 196 197 196 196 197 194 192 191 189 186 186 188 192 193 193 191 188 190 191 191 190 188 189 191 194 194 178 188 193 196 197 185 168 166 163 176
177 180 178 177 182 185 185 188 189 191 193 191 194 197 197 196 198 200 201 202 204 205 204 205 205 204 203 205 207 207 206 207 206 204 208 208 209 211 211 210 210 211 208 209 210 210 212 212 212 211 210 208 208 206 203 202 200 199 200 200 199 198 195 193 190 188 189 188 188 188 189 190 192 193 194 195 195 196 197 197 198 198 197 199 198 198 198 197 190 182 176 176
186 186 186 187 188 187 190 189 189 189 190 192 195 196 198 199 200 201 201 202 204 208 208 208 208 208 208 210 210 210 211 210 209 209 208 209 211 211 210 210 210 211 210 210 212 211 212 214 214 213 210 209 209 209 207 205 205 205 202 201 197 197 196 195 194 190 190 192 191 189 188 192 194 192 191 188 190 195 195 198 200 201 201 200 198 197 199 197 196 194 194 193
169 183 191 189 192 192 194 196 195 196 195 196 196 197 198 200 204 204 200 202 206 208 209 210 210 210 211 210 211 212 212 211 211 208 208 209 211 211 210 212 211 212 212 212 211 210 212 213 214 213 211 213 213 212 209 209 208 208 206 204 203 201 199 200 197 196 196 196 193 193 189 188 191 190 190 189 192 195 198 198 200 204 204 200 196 194 191 195 198 198 197 196
182 180 187 193 197 199 201 199 197 198 198 197 203 203 205 206 206 207 208 207 205 209 210 212 211 210 209 209 211 212 212 213 211 211 210 211 212 213 214 213 211 213 214 214 212 214 215 214 213 212 212 213 214 214 212 210 208 204 206 208 208 206 205 203 201 198 198 199 196 196 196 196 196 195 198 194 192 195 201 205 208 209 208 202 202 196 199 199 202 201 199 199
195 196 199 200 198 199 204 200 202 202 201 202 202 201 202 206 208 210 210 212 210 210 211 212 214 213 212 209 211 214 216 217 213 211 213 212 212 214 214 214 216 215 215 213 214 215 215 214 214 214 214 215 216 215 214 212 211 211 210 210 210 208 204 205 203 203 198 197 199 204 205 203 204 205 201 205 204 207 207 209 211 208 210 210 -9999 204 196 198 202 202 201 200
196 200 203 206 207 206 208 210 210 208 205 203 204 205 205 203 205 207 209 212 213 214 211 212 214 212 212 211 209 213 215 218 213 213 215 215 216 214 213 215 218 218 216 216 217 218 216 216 216 214 214 215 217 216 215 214 214 212 210 208 207 207 206 202 202 200 201 202 204 206 208 209 208 209 207 204 209 211 212 213 213 213 211 211 212 212 -9999 208 207 207 203 202
191 198 201 204 208 210 212 211 211 210 213 209 207 208 208 206 204 206 207 210 212 215 215 213 215 213 212 213 213 214 216 216 214 215 217 216 217 216 215 216 218 218 219 218 220 219 218 219 219 218 217 218 217 216 217 217 216 213 211 211 209 209 210 208 206 204 205 204 204 205 206 210 211 211 211 210 208 210 212 212 213 214 212 211 212 212 211 209 208 208 -9999 -9999
192 194 198 200 201 206 207 207 210 212 214 217 215 213 212 211 210 209 212 208 208 213 216 217 217 217 215 214 214 217 216 215 216 216 217 215 216 216 217 218 220 219 218 219 220 221 221 220 219 218 217 218 216 212 213 215 215 214 213 210 210 212 212 211 210 208 208 206 204 205 209 210 213 212 209 212 210 209 211 212 212 214 214 213 211 210 210 208 207 208 -9999 -9999
199 197 197 197 199 202 205 206 208 211 214 214 217 217 215 214 216 216 218 214 212 212 214 215 216 217 215 215 216 217 218 218 216 215 215 217 218 220 219 221 221 219 219 219 218 218 219 218 219 220 219 218 217 214 214 215 216 216 214 213 214 214 213 210 211 212 210 208 208 206 210 211 213 212 213 212 210 211 212 212 211 210 211 212 212 211 210 209 208 206 205 206
204 204 206 206 207 209 211 213 212 212 212 213 217 219 217 216 217 218 220 218 217 215 216 217 219 218 217 218 218 219 219 219 218 218 219 220 221 221 221 222 221 220 219 219 219 220 220 220 220 220 220 220 217 217 215 214 217 216 217 216 214 213 212 210 210 212 210 210 210 208 209 212 215 215 215 214 213 212 212 212 211 211 212 212 212 210 208 208 206 205 204 204
206 206 208 209 212 211 214 215 218 218 217 214 214 216 217 221 221 220 221 219 220 220 221 220 220 220 221 221 221 220 220 220 221 221 221 221 222 222 221 222 222 222 221 221 221 221 221 221 221 220 222 222 221 219 216 216 218 218 218 215 214 213 213 214 213 213 212 212 212 210 211 209 211 214 215 215 215 214 214 213 212 212 211 211 212 211 209 208 207 205 204 203
206 208 206 208 211 213 211 213 213 214 215 221 219 221 219 220 219 221 223 222 222 221 223 221 222 221 223 223 223 223 222 222 222 222 222 223 224 223 223 224 223 222 222 221 222 222 221 222 222 222 224 224 223 219 219 217 217 217 219 218 217 216 216 216 215 214 212 213 213 213 214 214 213 214 215 215 215 216 216 215 214 213 212 212 212 211 211 209 208 206 204 203
207 208 208 212 212 212 213 210 209 211 213 216 217 219 221 222 220 222 222 222 222 222 222 223 222 223 -9999 -9999 -9999 -9999 -9999 -9999 -9999 -9999 -9999 -9999 226 225 225 226 225 224 223 223 224 225 224 224 224 224 224 224 224 223 221 222 220 220 219 219 219 219 218 217 216 216 215 216 215 215 217 216 215 214 213 213 214 214 215 215 215 214 213 212 211 212 211 209 208 206 205 204
210 209 209 211 213 214 213 213 212 213 212 212 214 217 222 224 224 224 223 223 -9999 222 222 222 223 -9999 -9999 -9999 -9999 -9999 -9999 -9999 -9999 -9999 -9999 -9999 -9999 -9999 -9999 227 227 226 225 226 226 226 226 226 225 225 225 225 225 224 224 224 222 221 220 220 220 219 219 218 218 218 218 217 217 217 219 218 217 215 214 213 214 214 214 214 213 213 212 212 211 211 210 210 207 206 205 204
