resultados/variables_proyeccion_tiempo/variables_futuro_csiro_A1B/bio5.asc
ncols 330
nrows 228
xllcorner -12.000000
yllcorner 34.000000
cellsize 0.166667
NODATA_value -9999
[rows 40 to 79 of 228, columns 92 to 183 of 330]
-9999 -9999 -9999 -9999 -9999 -9999 -9999 -9999 -9999 -9999 -9999 -9999 -9999 -9999 -9999 -9999 -9999 -9999 -9999 -9999 -9999 -9999 -9999 -9999 -9999 -9999 -9999 -9999 -9999 -9999 -9999 -9999 -9999 -9999 -9999 -9999 -9999 -9999 -9999 -9999 -9999 -9999 -9999 -9999 -9999 -9999 -9999 -9999 -9999 -9999 -9999 -9999 206 203 200 192 189 175 171 182 179 163 154 159 157 160 165 170 168 173 176 172 173 173 183 189 188 191 194 199 200 198 195 197 204 210 212 214 214 214 214 215
-9999 -9999 -9999 -9999 -9999 -9999 -9999 -9999 -9999 -9999 -9999 -9999 -9999 -9999 -9999 -9999 -9999 -9999 -9999 -9999 -9999 -9999 -9999 -9999 -9999 -9999 -9999 -9999 -9999 -9999 -9999 -9999 -9999 -9999 -9999 -9999 -9999 -9999 -9999 -9999 -9999 -9999 -9999 -9999 -9999 -9999 201 -9999 -9999 202 203 198 193 197 191 193 182 174 173 188 179 173 173 165 159 161 165 166 170 174 178 174 171 183 187 190 189 193 195 195 195 201 205 204 209 213 216 215 215 217 216 215
-9999 -9999 -9999 -9999 -9999 -9999 -9999 -9999 -9999 -9999 -9999 -9999 -9999 -9999 -9999 -9999 -9999 -9999 -9999 -9999 -9999 -9999 -9999 -9999 -9999 -9999 -9999 -9999 -9999 -9999 -9999 -9999 -9999 -9999 -9999 -9999 -9999 -9999 -9999 -9999 -9999 -9999 -9999 -9999 201 200 200 200 197 200 198 196 194 192 190 176 175 180 189 181 177 180 171 174 174 180 178 173 172 173 172 179 183 184 192 196 194 193 196 197 199 200 203 203 204 211 219 218 219 219 220 220
-9999 -9999 -9999 -9999 -9999 -9999 -9999 -9999 -9999 -9999 -9999 -9999 -9999 -9999 -9999 -9999 -9999 -9999 -9999 -9999 -9999 -9999 -9999 -9999 -9999 -9999 -9999 -9999 -9999 -9999 -9999 -9999 -9999 -9999 -9999 -9999 -9999 -9999 -9999 -9999 -9999 -9999 -9999 -9999 -9999 -9999 -9999 201 200 197 200 195 186 190 190 184 193 192 187 181 185 185 176 180 186 179 173 173 179 177 186 190 190 190 191 194 200 203 204 202 203 204 203 202 204 208 212 216 219 219 219 220
-9999 -9999 -9999 -9999 -9999 -9999 -9999 -9999 -9999 -9999 -9999 -9999 -9999 -9999 -9999 -9999 -9999 -9999 -9999 -9999 -9999 -9999 -9999 -9999 -9999 -9999 -9999 -9999 -9999 -9999 -9999 -9999 -9999 -9999 -9999 -9999 -9999 -9999 -9999 -9999 -9999 -9999 -9999 -9999 198 196 194 195 194 197 192 190 196 199 196 197 188 180 176 177 178 184 188 190 192 180 180 181 187 189 189 192 198 198 200 199 194 195 203 206 207 207 207 206 204 204 208 211 214 218 218 221
-9999 -9999 -9999 -9999 -9999 -9999 -9999 -9999 -9999 -9999 -9999 -9999 -9999 -9999 -9999 -9999 -9999 -9999 -9999 -9999 -9999 -9999 -9999 -9999 -9999 -9999 -9999 -9999 -9999 -9999 -9999 -9999 -9999 -9999 -9999 -9999 -9999 -9999 -9999 -9999 -9999 -9999 196 195 193 188 186 194 199 194 199 200 192 191 194 194 185 184 175 178 185 185 185 179 181 190 193 194 195 191 196 195 198 204 203 204 205 200 201 204 208 208 209 210 210 209 209 209 211 214 217 219
-9999 -9999 -9999 -9999 -9999 -9999 -9999 -9999 -9999 -9999 -9999 -9999 -9999 -9999 -9999 -9999 -9999 -9999 -9999 -9999 -9999 -9999 -9999 -9999 -9999 -9999 -9999 -9999 -9999 -9999 -9999 -9999 -9999 -9999 -9999 -9999 -9999 -9999 -9999 -9999 -9999 190 189 185 182 187 188 196 197 191 189 194 193 200 199 194 188 188 180 176 181 186 187 179 171 175 182 186 192 198 202 204 204 204 206 202 207 210 207 208 208 210 209 211 212 214 212 214 216 216 214 216
-9999 -9999 -9999 -9999 -9999 -9999 -9999 -9999 -9999 -9999 -9999 -9999 -9999 -9999 -9999 -9999 -9999 -9999 -9999 -9999 -9999 -9999 -9999 -9999 -9999 -9999 -9999 -9999 -9999 -9999 -9999 -9999 -9999 -9999 -9999 -9999 -9999 -9999 -9999 191 187 183 185 183 179 182 185 195 196 202 202 197 190 185 183 179 178 185 184 176 170 175 183 193 196 188 183 184 185 193 199 203 205 204 206 210 210 210 211 209 209 208 211 214 214 213 212 215 215 217 219 218
-9999 -9999 -9999 -9999 -9999 -9999 -9999 -9999 -9999 -9999 -9999 -9999 -9999 -9999 -9999 -9999 -9999 -9999 -9999 -9999 -9999 -9999 -9999 -9999 -9999 -9999 -9999 -9999 -9999 -9999 -9999 -9999 -9999 -9999 196 -9999 -9999 -9999 193 192 188 186 186 180 183 189 195 202 202 200 192 192 192 183 178 181 182 190 178 176 173 172 178 189 195 200 198 194 196 199 201 206 209 207 210 211 211 214 216 213 212 210 214 214 212 213 212 213 215 218 220 219
-9999 -9999 -9999 -9999 -9999 -9999 -9999 -9999 -9999 -9999 -9999 -9999 -9999 -9999 -9999 -9999 -9999 -9999 -9999 -9999 -9999 -9999 -9999 -9999 -9999 -9999 -9999 -9999 -9999 190 189 188 188 192 -9999 -9999 197 192 188 189 186 185 186 188 188 193 202 202 201 199 196 190 186 187 189 183 179 192 193 186 190 192 193 188 191 196 203 207 206 207 208 209 210 212 213 213 214 214 216 216 217 218 218 214 214 214 217 215 217 218 222 220
-9999 -9999 -9999 -9999 -9999 -9999 -9999 -9999 -9999 -9999 -9999 -9999 -9999 -9999 -9999 -9999 -9999 -9999 -9999 -9999 -9999 -9999 -9999 -9999 -9999 -9999 -9999 -9999 -9999 -9999 188 188 187 190 193 195 192 188 185 190 192 191 182 188 201 198 198 195 189 183 182 184 178 184 185 188 185 191 194 190 192 199 202 203 200 204 205 206 210 205 205 210 212 212 210 212 215 216 217 218 219 219 220 218 218 220 221 223 221 223 221 225
-9999 -9999 -9999 -9999 -9999 -9999 -9999 -9999 -9999 -9999 -9999 -9999 -9999 -9999 -9999 -9999 -9999 -9999 -9999 -9999 -9999 -9999 -9999 -9999 -9999 -9999 -9999 192 190 190 186 186 188 187 185 191 182 183 186 193 199 193 200 200 198 199 196 194 186 182 193 184 178 180 182 190 193 187 185 196 196 198 202 204 207 210 211 211 211 210 207 210 213 212 212 210 209 213 216 220 220 222 219 217 218 219 220 223 225 227 228 226
-9999 -9999 -9999 -9999 -9999 -9999 -9999 -9999 -9999 -9999 -9999 -9999 -9999 -9999 -9999 -9999 -9999 -9999 -9999 -9999 -9999 -9999 -9999 -9999 -9999 -9999 -9999 190 184 187 182 183 179 180 182 178 177 186 193 189 196 200 192 189 189 192 196 187 177 175 178 176 181 177 182 186 184 182 190 195 197 201 206 208 212 213 213 213 213 215 216 216 216 215 216 216 213 215 215 218 222 224 226 226 223 224 223 221 222 226 230 233
-9999 -9999 -9999 -9999 -9999 -9999 -9999 -9999 -9999 -9999 -9999 -9999 -9999 -9999 -9999 -9999 -9999 -9999 -9999 -9999 -9999 -9999 -9999 -9999 187 186 184 190 188 190 183 184 180 178 182 183 183 185 187 187 188 197 190 181 178 184 181 183 183 184 179 175 173 166 172 161 170 182 180 175 184 186 184 198 208 212 214 211 214 214 214 216 215 213 215 217 219 221 223 219 220 223 222 222 226 228 230 225 224 228 231 237
-9999 -9999 -9999 -9999 -9999 -9999 -9999 -9999 -9999 -9999 -9999 -9999 -9999 -9999 -9999 -9999 -9999 -9999 -9999 -9999 181 181 180 171 173 174 178 183 182 189 187 185 184 173 166 165 168 175 186 176 182 187 184 182 184 179 185 183 170 167 177 178 168 169 167 173 174 171 179 187 189 188 184 192 200 210 217 216 215 215 216 217 217 217 217 216 219 220 218 224 220 218 217 218 219 223 228 230 230 233 236 238
-9999 -9999 -9999 -9999 -9999 -9999 -9999 -9999 -9999 -9999 -9999 -9999 -9999 -9999 -9999 -9999 -9999 179 178 180 173 171 176 169 178 175 183 182 181 172 180 165 172 164 160 152 159 162 164 182 181 170 171 170 164 168 171 176 181 175 176 178 171 170 174 176 181 184 190 192 192 197 201 203 205 210 214 214 215 216 217 218 218 215 219 218 220 223 221 222 226 221 220 220 222 223 226 232 236 238 -9999 -9999
-9999 -9999 -9999 -9999 -9999 -9999 -9999 -9999 -9999 -9999 -9999 -9999 -9999 -9999 -9999 -9999 180 154 166 172 169 169 175 162 172 173 174 162 168 153 154 158 159 156 164 161 162 172 163 166 170 175 172 164 166 170 177 180 182 180 180 178 171 175 183 186 181 184 191 192 192 195 196 196 202 208 214 212 214 215 215 215 218 223 224 221 223 223 225 222 223 225 226 227 228 228 230 234 240 -9999 -9999 -9999
-9999 -9999 -9999 -9999 -9999 -9999 -9999 -9999 -9999 -9999 -9999 -9999 -9999 180 178 172 180 178 173 175 165 167 156 148 151 154 144 150 150 147 150 158 138 138 139 140 142 154 151 158 161 168 180 178 177 184 181 174 177 180 182 187 182 180 182 188 191 192 196 196 202 204 206 204 198 207 213 216 217 222 221 224 224 222 218 221 223 226 228 228 225 226 228 230 234 235 237 -9999 -9999 -9999 -9999 -9999
-9999 -9999 -9999 -9999 -9999 -9999 -9999 -9999 -9999 -9999 177 180 178 176 176 175 166 160 156 155 152 158 160 153 152 143 133 136 156 157 151 158 152 150 146 144 158 167 165 158 167 171 181 187 188 184 173 169 176 175 186 189 180 182 186 185 188 188 189 191 197 198 206 208 214 208 207 209 218 223 225 223 222 223 222 220 222 219 221 223 225 227 232 232 236 241 -9999 -9999 -9999 -9999 -9999 -9999
-9999 -9999 -9999 -9999 -9999 -9999 -9999 -9999 -9999 -9999 172 177 178 173 157 160 167 158 157 150 156 158 142 140 141 132 140 131 124 137 145 153 158 172 178 171 155 159 162 181 179 176 177 190 188 188 184 176 180 186 192 188 182 185 186 194 193 192 192 190 200 202 207 212 216 218 218 219 219 223 225 224 224 223 227 227 224 226 226 227 229 229 230 232 238 240 -9999 -9999 -9999 -9999 -9999 -9999
-9999 -9999 -9999 -9999 -9999 -9999 -9999 -9999 -9999 173 180 169 171 163 164 166 162 169 165 171 160 156 157 147 127 132 144 158 155 161 154 162 166 178 178 185 178 156 151 152 170 175 175 171 178 200 199 182 181 185 193 193 193 196 199 203 199 195 200 193 197 202 206 209 214 213 215 220 218 219 221 224 228 230 232 234 231 231 234 236 235 231 235 238 238 -9999 -9999 -9999 -9999 -9999 -9999 -9999
-9999 -9999 -9999 -9999 -9999 -9999 -9999 -9999 -9999 183 173 167 153 153 151 158 161 152 173 148 148 134 129 130 136 137 138 129 134 147 161 146 140 169 186 187 189 197 181 178 173 175 180 189 199 196 197 199 192 193 193 188 186 192 195 198 202 208 210 209 205 203 206 206 212 214 214 217 220 222 225 226 226 229 233 234 238 237 234 236 237 237 239 240 242 -9999 -9999 -9999 -9999 -9999 -9999 -9999
-9999 -9999 -9999 -9999 -9999 -9999 -9999 -9999 191 186 182 174 176 172 175 164 159 155 162 160 130 138 146 165 141 160 157 139 138 127 127 128 140 165 165 187 178 192 200 199 198 186 173 180 189 201 207 210 192 193 191 188 197 188 192 188 193 205 211 212 212 208 206 204 206 211 213 217 220 226 229 232 233 230 232 231 232 237 238 234 235 239 242 243 244 -9999 -9999 -9999 -9999 -9999 -9999 -9999
-9999 -9999 -9999 -9999 -9999 -9999 -9999 -9999 -9999 186 182 172 179 176 177 172 170 158 147 145 162 152 167 180 185 156 152 159 139 143 145 144 153 156 173 183 184 176 190 187 190 204 189 181 184 196 209 211 201 201 204 204 202 204 199 202 200 205 215 216 214 214 213 213 216 214 217 218 222 229 234 233 235 237 238 241 243 240 243 239 240 243 244 -9999 -9999 -9999 -9999 -9999 -9999 -9999 -9999 -9999
-9999 -9999 -9999 -9999 -9999 -9999 -9999 -9999 194 196 190 181 178 175 169 165 159 161 151 181 159 170 189 194 176 177 176 151 156 163 155 156 177 187 181 181 180 185 191 197 205 215 208 187 191 190 193 213 219 211 210 208 200 209 211 210 210 206 210 215 218 219 221 221 225 223 224 230 232 235 238 234 237 238 239 238 239 243 245 244 244 245 245 246 -9999 -9999 -9999 -9999 -9999 -9999 -9999 -9999
-9999 -9999 -9999 -9999 -9999 -9999 -9999 -9999 195 191 186 185 184 184 179 163 158 166 169 179 156 177 181 160 174 168 162 158 153 148 153 179 189 197 208 193 191 191 187 196 200 206 224 214 207 206 205 211 223 218 212 209 210 210 214 218 215 211 210 214 216 220 222 223 226 230 238 240 236 236 236 238 237 238 241 236 236 237 238 240 245 245 246 -9999 -9999 -9999 -9999 -9999 -9999 -9999 -9999 -9999
-9999 -9999 -9999 -9999 -9999 -9999 -9999 -9999 198 197 192 184 177 169 157 162 155 151 158 148 159 161 166 158 147 139 138 142 142 160 169 168 179 188 194 203 200 206 204 209 216 212 212 223 227 223 216 214 223 225 222 216 216 216 219 217 214 216 216 216 219 217 223 229 228 230 235 242 244 243 243 241 240 241 242 237 237 240 242 244 247 246 246 247 -9999 -9999 -9999 -9999 -9999 -9999 -9999 -9999
-9999 -9999 -9999 -9999 -9999 -9999 -9999 -9999 199 201 200 198 174 182 184 164 168 151 170 170 163 153 151 138 138 145 145 158 157 157 172 181 196 203 196 184 195 210 215 211 215 224 218 221 230 233 234 232 226 222 226 224 222 223 221 217 221 219 216 219 222 223 225 229 231 231 231 235 241 244 242 241 244 246 248 247 243 242 244 246 247 246 246 248 -9999 -9999 -9999 -9999 -9999 -9999 -9999 -9999
-9999 -9999 -9999 -9999 -9999 -9999 -9999 -9999 201 201 201 199 198 189 180 173 174 170 175 176 174 177 150 149 131 140 145 146 166 179 182 188 187 196 216 196 193 195 218 228 221 230 223 218 219 215 219 230 221 217 218 228 229 223 216 215 218 221 226 222 219 221 226 229 232 235 238 236 240 243 245 244 247 251 251 246 246 247 248 250 250 247 246 247 249 252 254 255 -9999 -9999 259 -9999
-9999 -9999 -9999 -9999 -9999 -9999 -9999 -9999 -9999 202 200 200 191 185 186 166 167 174 171 176 177 149 165 157 158 152 157 159 163 169 174 182 187 183 179 203 207 210 204 206 226 224 234 219 210 214 225 229 224 229 222 225 228 222 222 221 221 227 228 228 225 224 228 229 231 235 237 240 241 243 238 243 249 250 251 251 250 248 247 249 249 247 246 246 246 248 249 251 253 254 257 -9999
-9999 -9999 -9999 -9999 -9999 -9999 -9999 -9999 -9999 200 199 203 195 193 187 183 190 174 154 163 143 144 147 145 146 152 153 155 158 160 164 167 180 192 197 194 195 214 225 228 228 233 226 218 218 221 231 232 230 230 228 224 230 224 225 221 227 229 232 227 232 231 230 230 232 230 235 237 240 244 246 246 247 248 247 250 251 249 250 249 250 248 246 245 245 244 245 247 249 252 255 257
-9999 -9999 -9999 -9999 -9999 -9999 -9999 -9999 -9999 -9999 201 199 199 194 195 199 174 159 134 164 141 137 138 144 147 152 153 152 154 159 162 166 186 181 210 207 218 228 231 230 237 240 219 222 226 229 234 233 233 228 225 222 228 228 228 224 227 230 235 231 232 235 235 234 234 238 236 238 240 242 245 248 250 252 250 250 251 252 251 251 250 249 247 246 244 244 244 246 250 253 256 258
-9999 -9999 -9999 -9999 -9999 -9999 -9999 -9999 -9999 -9999 198 200 188 194 185 175 172 153 161 166 151 151 138 146 151 152 142 153 162 163 166 166 195 202 200 201 220 221 228 233 217 229 230 235 237 231 233 231 229 229 226 228 231 233 233 231 229 232 236 235 234 238 235 234 238 239 241 244 244 247 245 245 248 249 253 254 254 254 253 253 251 250 248 247 246 246 247 251 254 257 258 260
-9999 -9999 -9999 -9999 -9999 -9999 -9999 -9999 -9999 -9999 -9999 197 197 198 197 186 183 162 163 159 165 146 147 155 166 174 165 160 178 172 165 178 186 195 219 206 209 218 225 232 223 235 234 237 237 233 230 232 232 229 229 228 232 234 236 236 231 232 237 239 240 238 238 239 241 242 244 247 248 247 253 251 253 254 255 255 255 256 256 255 254 253 252 251 250 250 252 255 259 261 261 262
-9999 -9999 -9999 -9999 -9999 -9999 -9999 -9999 -9999 -9999 -9999 196 196 189 190 184 174 176 178 173 173 158 154 157 165 149 171 187 182 186 188 196 189 204 219 226 213 213 224 220 226 231 233 232 236 234 233 233 231 231 230 231 231 230 234 240 238 240 239 241 242 243 244 243 245 247 245 247 249 253 254 258 258 258 258 259 260 259 259 258 257 256 256 254 254 254 256 260 264 264 264 264
-9999 -9999 -9999 -9999 -9999 -9999 -9999 -9999 -9999 -9999 -9999 195 194 195 189 190 193 188 180 171 153 152 148 156 166 159 174 188 197 208 207 211 209 205 225 225 208 209 209 222 228 232 233 236 235 234 232 234 232 230 233 235 233 232 232 234 240 241 242 243 244 245 247 248 248 249 250 250 252 252 258 261 261 261 261 262 261 261 260 259 259 258 258 257 258 259 260 263 266 267 267 267
-9999 -9999 -9999 -9999 -9999 -9999 -9999 -9999 -9999 192 -9999 195 196 194 199 199 194 186 177 165 155 154 156 159 173 171 174 183 196 180 203 198 210 212 224 226 230 228 222 227 228 231 232 234 233 234 234 233 230 230 233 234 235 236 235 237 241 241 244 245 246 247 249 251 252 250 252 253 254 258 262 263 263 263 263 262 261 261 259 259 258 258 257 257 259 260 262 264 267 267 268 268
-9999 -9999 -9999 -9999 -9999 -9999 -9999 -9999 -9999 -9999 -9999 196 197 200 197 201 187 181 177 167 161 169 156 157 167 183 174 182 191 192 200 200 206 218 225 224 227 229 229 229 231 232 231 -9999 231 231 232 233 233 229 230 233 234 235 235 238 242 244 244 245 246 248 250 252 253 253 254 255 258 260 261 261 261 260 261 261 261 260 260 260 259 259 258 258 259 262 264 266 268 268 269 -9999
-9999 -9999 -9999 -9999 -9999 -9999 -9999 -9999 -9999 -9999 -9999 -9999 -9999 199 198 196 192 181 164 158 165 169 165 165 169 182 190 182 188 197 204 213 207 214 222 225 227 228 232 232 233 -9999 -9999 -9999 -9999 -9999 232 232 229 229 229 231 234 235 238 241 244 244 245 245 247 249 250 251 251 253 251 254 254 257 256 258 258 259 260 260 260 261 260 261 260 258 257 258 261 266 269 270 271 271 271 -9999
-9999 -9999 -9999 -9999 -9999 -9999 -9999 -9999 -9999 -9999 -9999 -9999 -9999 200 197 190 184 178 171 171 180 171 168 168 178 181 191 187 195 202 209 213 214 218 225 228 230 -9999 -9999 -9999 -9999 -9999 -9999 -9999 -9999 -9999 231 232 229 230 230 232 233 233 240 243 244 244 245 246 247 249 250 251 251 251 252 252 255 258 255 257 258 260 260 260 258 258 259 260 259 258 258 258 262 267 272 273 -9999 -9999 -9999 -9999
