resultados/variables_proyeccion_tiempo/variables_futuro_csiro_A1B/bio6.asc
ncols 330
nrows 228
xllcorner -12.000000
yllcorner 34.000000
cellsize 0.166667
NODATA_value -9999
[rows 0 to 42 of 228, columns 192 to 287 of 330]
-9999 -9999 -9999 -9999 -9999 -9999 -9999 -9999 -9999 -9999 -9999 -9999 -9999 -9999 -9999 -9999 -9999 -9999 -9999 -9999 -9999 -9999 -9999 -9999 -9999 -9999 -9999 -9999 -9999 -9999 -9999 -9999 -9999 -9999 -9999 -9999 -9999 -9999 -9999 -9999 -9999 -9999 -9999 -9999 -9999 -9999 -9999 -9999 -9999 -9999 -9999 -9999 -9999 -9999 -9999 -9999 -9999 -9999 -9999 -9999 -9999 -9999 -9999 -9999 -9999 -9999 -9999 -9999 -9999 -9999 -9999 -9999 -9999 -9999 -9999 -9999 -9999 -9999 -9999 -9999 -9999 -9999 -9999 -9999 -9999 -9999 -9999 -9999 -9999 -9999 -9999 -9999 -9999 -9999 -9999 -9999
-9999 -9999 -9999 -9999 -9999 -9999 -9999 -9999 -9999 -9999 -9999 -9999 -9999 -9999 -9999 -9999 -9999 -9999 -9999 -9999 -9999 -9999 -9999 -9999 -9999 -9999 -9999 -9999 -9999 -9999 -9999 -9999 -9999 -9999 -9999 -9999 -9999 -9999 -9999 -9999 -9999 -9999 -9999 -9999 -9999 -9999 -9999 -9999 -9999 -9999 -9999 -9999 -9999 -9999 -9999 -9999 -9999 -9999 -9999 -9999 -9999 -9999 -9999 -9999 -9999 -9999 -9999 -9999 -9999 -9999 -9999 -9999 -9999 -9999 -9999 -9999 -9999 -9999 -9999 -9999 -9999 -9999 -9999 -9999 -9999 -9999 -9999 -9999 -9999 -9999 -9999 -9999 -9999 -9999 -9999 -9999
-9999 -9999 -9999 -9999 -9999 -9999 -9999 -9999 -9999 -9999 -9999 -9999 -9999 -9999 -9999 -9999 -9999 -9999 -9999 -9999 -9999 -9999 -9999 -9999 -9999 -9999 -9999 -9999 -9999 -9999 -9999 -9999 -9999 -9999 -9999 -9999 -9999 -9999 -9999 -9999 -9999 -9999 -9999 -9999 -9999 -9999 -9999 -9999 -9999 -9999 -9999 -9999 -9999 -9999 -9999 -9999 -9999 -9999 -9999 -9999 -9999 -9999 -9999 -9999 -9999 -9999 -9999 -9999 -9999 -9999 -9999 -9999 -9999 -9999 -9999 -9999 -9999 -9999 -9999 -9999 -9999 -9999 -9999 -9999 -9999 -9999 -9999 -9999 -9999 -9999 -9999 -9999 -9999 -9999 -9999 -9999
-9999 -9999 -9999 -9999 -9999 -9999 -9999 -9999 -9999 -9999 -9999 -9999 -9999 -9999 -9999 -9999 -9999 -9999 -9999 -9999 -9999 -9999 -9999 -9999 -9999 -9999 -9999 -9999 -9999 -9999 -9999 -9999 -9999 -9999 -9999 -9999 -9999 -9999 -9999 -9999 -9999 -9999 -9999 -9999 -9999 -9999 -9999 -9999 -9999 -9999 -9999 -9999 -9999 -9999 -9999 -9999 -9999 -9999 -9999 -9999 -9999 -9999 -9999 -9999 -9999 -9999 -9999 -9999 -9999 -9999 -9999 -9999 -9999 -9999 -9999 -9999 -9999 -9999 -9999 -9999 -9999 -9999 -9999 -9999 -9999 -9999 -9999 -9999 -9999 -9999 -9999 -9999 -9999 -9999 -9999 -9999
-9999 -9999 -9999 -9999 -9999 -9999 -9999 -9999 -9999 -9999 -9999 -9999 -9999 -9999 -9999 -9999 -9999 -9999 -9999 -9999 -9999 -9999 -9999 -9999 -9999 -9999 -9999 -9999 -9999 -9999 -9999 -9999 -9999 -9999 -9999 -9999 -9999 -9999 -9999 -9999 -9999 -9999 -9999 -9999 -9999 -9999 -9999 -9999 -9999 -9999 -9999 -9999 -9999 -9999 -9999 -9999 -9999 -9999 -9999 -9999 -9999 -9999 -9999 -9999 -9999 -9999 -9999 -9999 -9999 -9999 -9999 -9999 -9999 -9999 -9999 -9999 -9999 -9999 -9999 -9999 -9999 -9999 -9999 -9999 -9999 -9999 -9999 -9999 -9999 -9999 -9999 -9999 -9999 -9999 -9999 -9999
-9999 -9999 -9999 -9999 -9999 -9999 -9999 -9999 -9999 -9999 -9999 -9999 -9999 -9999 -9999 -9999 -9999 -9999 -9999 -9999 -9999 -9999 -9999 -24 -16 -9999 -9999 -4 10 1 8 4 11 12 16 14 4 3 -9999 -9999 -9999 -9999 -9999 24 34 38 42 42 43 48 -9999 -9999 -9999 -9999 -9999 -9999 -9999 -9999 -9999 -9999 -9999 -9999 -9999 -9999 -9999 -9999 -9999 -9999 -9999 -9999 -9999 -9999 -9999 -9999 -9999 -9999 -9999 -9999 -9999 -9999 -9999 -9999 -9999 -9999 -9999 -9999 -9999 -9999 -9999 -9999 -9999 -9999 -9999 -9999 -9999 -9999
-9999 -9999 -9999 -9999 -9999 -9999 -9999 -9999 -9999 -9999 -9999 -9999 -9999 -9999 -9999 -9999 -9999 -9999 -17 -27 -9999 -9999 -9999 -29 -27 -27 -38 -28 -33 -31 -32 -20 -20 -25 -17 -13 1 -9999 -30 -20 -9 -9999 5 16 22 16 18 22 21 22 24 36 18 22 26 -9999 -9999 -9999 -9999 -9999 -9999 -9999 -9999 -9999 -9999 -9999 -9999 -9999 -9999 -9999 -9999 -9999 -9999 -9999 -9999 -9999 -9999 -9999 -9999 -9999 -9999 -9999 -9999 -9999 -9999 -9999 -9999 -9999 -9999 -9999 -9999 -9999 -9999 -9999 -9999 -9999
-9999 -9999 -9999 -9999 -9999 -9999 -9999 -9999 -9999 -9999 -9999 -9999 -9999 -9999 16 -6 -30 -29 -30 -32 -30 -44 -40 -42 -43 -38 -42 -45 -52 -58 -58 -54 -48 -43 -41 -43 -46 -48 -42 -35 -19 -9999 -18 -16 -12 -11 -8 -0 11 1 -9999 6 8 6 9 16 16 4 14 32 46 -9999 -9999 -9999 -9999 -9999 -9999 -9999 -9999 -9999 -9999 -9999 -9999 -9999 -9999 -9999 -9999 -9999 -9999 -9999 -9999 -9999 -9999 -9999 -9999 -9999 -9999 -9999 -9999 -9999 -9999 -9999 -9999 -9999 -9999 -9999
-9999 -9999 -9999 -9999 -9999 -9999 -9999 -9999 -9999 -9999 -9999 37 32 17 -0 -13 -32 -39 -40 -30 -39 -40 -50 -54 -45 -61 -69 -58 -60 -63 -66 -66 -49 -9999 -54 -55 -58 -52 -53 -38 -9999 -9999 -28 -27 -24 -26 -21 -23 -18 -7 -8 -9 -8 -4 8 4 -1 2 9 17 33 42 44 48 -9999 -9999 -9999 -9999 -9999 -9999 -9999 -9999 -9999 -9999 -9999 -9999 -9999 -9999 -9999 -9999 -9999 -9999 -9999 -9999 -9999 -9999 -9999 -9999 -9999 -9999 -9999 -9999 -9999 -9999 -9999 -9999
-9999 -9999 -9999 -9999 -9999 -9999 -9999 -9999 12 -9999 -2 -9999 17 -9999 -24 -28 -39 -58 -59 -58 -54 -53 -56 -60 -68 -63 -63 -67 -67 -68 -64 -55 -60 -62 -62 -62 -65 -62 -51 -41 -40 -37 -37 -36 -34 -31 -21 -13 -6 -6 -6 -5 -7 -6 -4 -0 -4 -9 -1 8 16 22 27 31 33 38 45 -9999 -9999 -9999 -9999 -9999 -9999 -9999 -9999 -9999 -9999 -9999 -9999 -9999 -9999 -9999 -9999 -9999 -9999 -9999 -9999 -9999 -9999 -9999 -9999 -9999 -9999 -9999 -9999 -9999
-9999 37 28 21 1 -9999 -9999 7 -5 -11 -17 -44 -43 -39 -45 -41 -47 -48 -59 -66 -51 -61 -68 -67 -66 -68 -72 -73 -71 -65 -58 -59 -75 -73 -79 -73 -69 -63 -62 -58 -50 -46 -42 -39 -35 -29 -24 -17 -11 -11 -7 -8 -9 -7 -2 -0 -5 -6 -7 -3 9 15 18 20 26 33 36 -9999 -9999 -9999 -9999 -9999 -9999 -9999 -9999 -9999 -9999 -9999 -9999 -9999 -9999 -9999 -9999 -9999 -9999 -9999 -9999 -9999 -9999 -9999 -9999 -9999 -9999 -9999 -9999 -9999
35 -9999 11 11 3 10 -9999 11 1 -22 -47 -43 -52 -48 -49 -49 -55 -44 -42 -45 -59 -64 -73 -79 -73 -72 -79 -82 -76 -70 -64 -81 -91 -90 -86 -89 -83 -87 -79 -69 -61 -56 -49 -42 -32 -29 -25 -22 -16 -16 -11 -8 -4 -3 -2 1 4 2 4 9 11 12 17 -9999 -9999 -9999 -9999 -9999 -9999 -9999 -9999 -9999 -9999 -9999 -9999 -9999 -9999 -9999 -9999 -9999 -9999 -9999 -9999 -9999 -9999 -9999 -9999 -9999 -9999 -9999 -9999 -9999 -9999 -9999 -9999 -9999
26 4 24 8 4 9 2 -4 -20 -25 -26 -38 -46 -56 -61 -67 -58 -58 -49 -47 -52 -65 -73 -78 -78 -80 -90 -95 -96 -77 -76 -86 -95 -91 -95 -97 -90 -81 -69 -70 -61 -54 -51 -47 -44 -43 -38 -29 -24 -27 -26 -21 -19 -16 -16 -10 -5 -1 2 4 0 0 -9999 -9999 -9999 -9999 -9999 -9999 -9999 -9999 -9999 19 12 10 6 -9999 -9999 -9999 -9999 -9999 -9999 -9999 -9999 -9999 -9999 -9999 -9999 -9999 -9999 -9999 -9999 -9999 -9999 -9999 -9999 -9999
-3 -3 -9999 -14 -4 -19 -7 -21 -48 -45 -42 -44 -42 -50 -59 -66 -64 -65 -64 -63 -69 -75 -75 -81 -82 -82 -87 -92 -91 -85 -84 -87 -90 -92 -91 -86 -83 -79 -79 -74 -67 -58 -56 -56 -51 -49 -49 -42 -37 -32 -29 -27 -19 -14 -13 -9 -6 -3 -3 1 3 -1 3 1 1 4 -2 1 2 -9999 3 -1 -2 -3 -4 -9 -11 -11 -8 -9999 -9999 -9999 -9999 -9999 -9999 -9999 -9999 -9999 -9999 -9999 -9999 -9999 -9999 -9999 -9999 -9999
-10 13 -14 -7 -28 -46 -44 -28 -43 -62 -56 -68 -70 -67 -63 -67 -71 -75 -77 -74 -74 -78 -80 -84 -83 -85 -86 -91 -93 -93 -92 -94 -96 -96 -92 -89 -89 -88 -87 -79 -73 -69 -62 -59 -58 -56 -52 -47 -42 -36 -30 -25 -22 -18 -16 -14 -14 -15 -12 -6 -2 0 -4 -6 -8 -3 -2 -2 -10 -11 -10 -10 -10 -16 -12 -18 -21 -21 -16 -9999 -9999 -9999 -9999 -9999 -9999 -9999 -9999 -9999 -9999 -9999 -9999 -9999 -9999 -9999 -9999 -9999
-17 -4 -42 -40 -60 -49 -58 -55 -52 -51 -54 -62 -68 -73 -68 -66 -73 -80 -75 -77 -79 -78 -83 -87 -86 -86 -89 -90 -94 -93 -93 -96 -100 -100 -95 -94 -92 -90 -87 -82 -79 -75 -70 -66 -64 -59 -56 -52 -47 -41 -36 -31 -28 -27 -27 -25 -21 -16 -13 -10 -8 -12 -19 -18 -14 -10 -9 -16 -19 -19 -21 -24 -24 -25 -26 -31 -32 -32 -35 -40 -35 -9999 -9999 -9999 -46 -45 -9999 -9999 -9999 -9999 -9999 -9999 -9999 -9999 -9999 -9999
-34 -48 -41 -47 -60 -70 -72 -73 -71 -68 -67 -64 -66 -71 -72 -71 -72 -80 -80 -81 -82 -81 -85 -88 -93 -94 -94 -96 -94 -97 -100 -104 -105 -103 -101 -102 -101 -97 -92 -88 -83 -78 -74 -71 -69 -66 -61 -56 -51 -47 -42 -39 -38 -34 -30 -25 -26 -24 -29 -24 -22 -23 -25 -23 -23 -24 -22 -26 -32 -32 -33 -33 -33 -37 -38 -40 -38 -41 -42 -42 -41 -45 -46 -50 -51 -48 -47 -46 -49 -46 -41 -42 -40 -40 -37 -9999
-48 -49 -53 -59 -51 -65 -72 -75 -70 -68 -70 -73 -74 -75 -77 -79 -78 -79 -80 -83 -88 -92 -93 -96 -97 -97 -98 -100 -102 -107 -106 -107 -107 -106 -104 -106 -106 -103 -100 -95 -91 -86 -81 -79 -75 -71 -67 -63 -58 -55 -51 -49 -46 -40 -37 -34 -36 -38 -37 -33 -31 -29 -28 -31 -34 -35 -39 -39 -38 -38 -41 -43 -44 -45 -46 -50 -52 -50 -49 -50 -49 -50 -53 -56 -58 -58 -56 -54 -53 -50 -47 -46 -45 -43 -41 -42
-56 -56 -58 -61 -62 -59 -68 -73 -77 -79 -79 -78 -78 -80 -84 -86 -86 -86 -87 -92 -96 -101 -103 -103 -103 -103 -106 -107 -109 -110 -112 -111 -111 -110 -108 -108 -107 -102 -99 -95 -92 -92 -90 -87 -83 -79 -75 -71 -67 -64 -61 -58 -54 -50 -48 -46 -46 -46 -43 -41 -41 -38 -37 -40 -41 -44 -43 -46 -46 -50 -51 -50 -54 -55 -56 -53 -55 -56 -54 -57 -60 -60 -58 -61 -62 -61 -60 -59 -58 -58 -55 -51 -48 -45 -46 -48
-59 -66 -64 -68 -72 -76 -76 -74 -75 -83 -88 -88 -90 -87 -92 -95 -97 -96 -97 -97 -100 -103 -107 -108 -110 -112 -113 -115 -115 -115 -114 -115 -114 -115 -120 -116 -112 -108 -105 -106 -104 -103 -100 -99 -95 -88 -85 -80 -78 -77 -74 -68 -66 -61 -58 -55 -53 -51 -50 -49 -46 -44 -42 -44 -43 -46 -48 -48 -51 -54 -53 -52 -55 -56 -59 -59 -58 -60 -59 -63 -64 -64 -65 -67 -66 -65 -65 -66 -64 -62 -58 -53 -50 -49 -51 -53
-62 -64 -66 -68 -71 -74 -77 -82 -86 -86 -84 -86 -91 -90 -93 -97 -99 -99 -101 -101 -101 -104 -111 -109 -110 -113 -113 -115 -116 -117 -116 -116 -118 -118 -118 -120 -117 -116 -114 -113 -111 -108 -106 -102 -101 -97 -95 -89 -85 -83 -80 -71 -68 -64 -62 -59 -57 -55 -55 -53 -52 -53 -51 -50 -50 -51 -51 -53 -55 -55 -56 -58 -59 -66 -68 -70 -70 -68 -65 -64 -67 -69 -66 -68 -69 -70 -67 -71 -67 -62 -60 -57 -54 -56 -53 -55
-59 -63 -69 -74 -76 -76 -78 -82 -84 -86 -90 -90 -89 -92 -95 -98 -98 -99 -100 -99 -101 -102 -105 -106 -107 -108 -110 -112 -114 -115 -116 -116 -116 -116 -116 -115 -115 -115 -113 -111 -111 -110 -110 -109 -109 -106 -100 -93 -88 -83 -81 -80 -75 -74 -72 -69 -66 -62 -63 -69 -64 -64 -59 -59 -62 -61 -61 -62 -60 -60 -65 -69 -69 -70 -78 -75 -74 -71 -73 -67 -67 -70 -73 -76 -74 -71 -70 -70 -68 -66 -63 -58 -58 -59 -59 -57
-51 -61 -69 -73 -76 -80 -82 -84 -83 -86 -90 -91 -94 -97 -101 -101 -100 -99 -98 -99 -101 -104 -112 -109 -106 -110 -111 -111 -111 -111 -115 -115 -115 -116 -116 -115 -115 -114 -114 -112 -112 -111 -110 -109 -108 -108 -103 -101 -101 -97 -95 -89 -83 -84 -78 -73 -71 -68 -68 -64 -63 -63 -61 -60 -64 -76 -73 -72 -74 -72 -75 -78 -80 -79 -83 -78 -80 -79 -74 -72 -72 -74 -76 -77 -76 -71 -70 -68 -68 -65 -62 -59 -59 -58 -58 -58
-60 -61 -64 -69 -72 -77 -80 -86 -85 -85 -88 -91 -95 -98 -100 -104 -102 -100 -98 -98 -99 -100 -102 -106 -111 -106 -107 -106 -106 -108 -110 -110 -112 -114 -114 -113 -112 -112 -112 -111 -110 -110 -109 -108 -107 -104 -102 -99 -96 -93 -90 -87 -85 -81 -82 -78 -74 -70 -67 -68 -68 -65 -64 -65 -66 -68 -70 -79 -83 -89 -84 -86 -85 -85 -93 -84 -80 -80 -79 -76 -75 -77 -76 -77 -75 -72 -71 -70 -69 -66 -62 -60 -60 -60 -58 -58
-66 -66 -65 -69 -70 -74 -76 -78 -84 -87 -90 -91 -92 -94 -98 -101 -101 -100 -98 -97 -96 -98 -101 -104 -106 -108 -107 -105 -104 -104 -105 -107 -108 -110 -115 -115 -114 -113 -113 -110 -108 -109 -109 -107 -105 -103 -101 -100 -98 -95 -93 -90 -85 -83 -82 -82 -81 -76 -74 -73 -69 -69 -72 -74 -74 -76 -82 -80 -82 -86 -90 -93 -94 -89 -106 -97 -88 -83 -80 -77 -81 -81 -83 -82 -77 -71 -75 -84 -82 -77 -63 -60 -59 -58 -58 -57
-69 -70 -73 -74 -74 -74 -77 -77 -79 -82 -85 -89 -91 -92 -94 -94 -94 -96 -96 -96 -95 -97 -99 -103 -103 -106 -105 -103 -102 -103 -104 -105 -108 -110 -111 -111 -111 -110 -108 -107 -106 -106 -106 -105 -104 -103 -101 -101 -100 -95 -93 -89 -85 -85 -85 -83 -84 -85 -82 -80 -75 -73 -73 -76 -80 -79 -79 -82 -84 -89 -90 -89 -87 -89 -105 -95 -89 -84 -82 -91 -106 -106 -105 -90 -83 -74 -77 -91 -83 -74 -63 -62 -59 -60 -59 -58
-75 -76 -76 -80 -80 -78 -80 -84 -84 -84 -86 -87 -87 -88 -91 -91 -92 -95 -97 -96 -94 -95 -99 -98 -101 -104 -101 -102 -102 -100 -101 -103 -105 -105 -108 -107 -107 -107 -105 -105 -104 -104 -103 -104 -102 -101 -102 -99 -99 -96 -92 -88 -87 -86 -86 -86 -87 -89 -86 -85 -85 -85 -84 -83 -82 -82 -82 -83 -86 -86 -88 -90 -90 -92 -93 -90 -89 -87 -85 -84 -87 -92 -95 -92 -79 -71 -70 -69 -69 -67 -64 -63 -62 -59 -57 -58
-82 -84 -85 -84 -83 -83 -83 -83 -85 -86 -88 -88 -88 -86 -87 -88 -89 -91 -92 -90 -91 -92 -93 -95 -97 -97 -99 -99 -98 -99 -101 -103 -104 -104 -106 -107 -106 -107 -106 -103 -103 -103 -105 -104 -102 -100 -99 -99 -96 -93 -94 -93 -94 -92 -90 -90 -89 -92 -90 -87 -88 -90 -91 -86 -85 -90 -92 -97 -97 -94 -96 -95 -95 -96 -96 -95 -96 -93 -88 -87 -85 -81 -79 -76 -73 -72 -73 -72 -70 -69 -64 -61 -60 -60 -60 -56
-83 -83 -85 -85 -86 -87 -87 -86 -83 -86 -92 -90 -88 -86 -86 -86 -87 -88 -89 -90 -91 -91 -92 -94 -94 -97 -98 -97 -96 -97 -100 -100 -102 -102 -103 -104 -107 -108 -106 -104 -103 -103 -105 -102 -100 -98 -99 -97 -96 -94 -94 -93 -93 -93 -92 -89 -90 -90 -89 -89 -90 -91 -95 -96 -95 -97 -99 -102 -100 -100 -98 -100 -100 -99 -99 -102 -101 -99 -98 -91 -84 -81 -78 -76 -72 -71 -70 -71 -70 -66 -63 -60 -58 -57 -56 -54
-87 -87 -87 -88 -83 -83 -82 -82 -83 -84 -85 -86 -89 -86 -86 -84 -86 -89 -91 -92 -91 -91 -91 -92 -94 -95 -96 -96 -95 -96 -95 -98 -102 -101 -102 -103 -105 -105 -103 -104 -105 -106 -105 -103 -100 -99 -99 -98 -99 -101 -97 -94 -91 -91 -90 -90 -90 -93 -92 -91 -94 -92 -93 -94 -95 -96 -95 -101 -105 -103 -100 -96 -96 -98 -100 -101 -99 -101 -93 -89 -82 -79 -78 -74 -71 -68 -70 -70 -68 -67 -62 -58 -54 -51 -51 -49
-88 -88 -89 -86 -87 -88 -87 -83 -82 -81 -82 -82 -85 -87 -86 -85 -84 -86 -88 -92 -90 -89 -88 -87 -92 -95 -94 -94 -96 -93 -95 -96 -96 -99 -102 -104 -103 -102 -103 -105 -105 -104 -104 -102 -100 -100 -100 -99 -100 -97 -96 -94 -93 -93 -95 -93 -94 -94 -97 -97 -95 -90 -89 -91 -90 -90 -96 -92 -96 -95 -97 -97 -96 -100 -99 -97 -9999 -95 -98 -92 -83 -79 -77 -74 -71 -69 -68 -68 -66 -63 -59 -56 -52 -49 -46 -44
-84 -85 -88 -89 -87 -85 -86 -88 -87 -86 -84 -82 -82 -82 -87 -85 -82 -85 -86 -88 -92 -90 -88 -86 -91 -92 -90 -92 -92 -93 -96 -95 -94 -96 -99 -101 -100 -99 -102 -103 -103 -105 -105 -102 -100 -100 -101 -100 -98 -99 -100 -99 -98 -98 -97 -99 -98 -100 -98 -97 -93 -91 -90 -89 -90 -90 -93 -97 -93 -94 -94 -94 -95 -96 -98 -96 -92 -88 -9999 -82 -80 -77 -76 -73 -70 -67 -65 -65 -62 -60 -57 -53 -51 -49 -46 -44
-86 -86 -81 -85 -85 -84 -84 -87 -89 -88 -87 -85 -83 -81 -81 -83 -81 -83 -85 -85 -87 -88 -86 -86 -89 -88 -86 -87 -88 -91 -91 -92 -92 -93 -95 -96 -95 -97 -99 -99 -101 -101 -101 -100 -100 -101 -101 -99 -99 -100 -100 -99 -99 -97 -96 -96 -97 -98 -97 -98 -98 -97 -95 -92 -91 -90 -92 -93 -97 -97 -96 -96 -95 -95 -96 -96 -92 -88 -85 -82 -79 -76 -9999 -9999 -9999 -9999 -62 -60 -55 -52 -49 -48 -46 -45 -45 -44
-89 -85 -81 -76 -78 -80 -81 -82 -83 -85 -83 -88 -88 -82 -79 -78 -78 -78 -80 -83 -84 -82 -83 -84 -83 -83 -83 -86 -86 -88 -87 -87 -88 -91 -94 -94 -94 -95 -96 -97 -98 -99 -101 -99 -101 -105 -104 -102 -100 -99 -99 -100 -99 -96 -95 -94 -95 -96 -95 -98 -101 -100 -95 -93 -90 -91 -96 -95 -96 -98 -96 -97 -97 -95 -94 -93 -92 -89 -84 -82 -80 -77 -9999 -9999 -9999 -9999 -9999 -9999 -9999 -9999 -9999 -40 -41 -42 -43 -43
-90 -85 -81 -79 -75 -74 -77 -79 -77 -78 -76 -81 -83 -84 -81 -79 -76 -76 -79 -80 -81 -80 -80 -79 -80 -81 -81 -81 -81 -81 -83 -82 -86 -88 -91 -92 -95 -96 -96 -98 -98 -96 -98 -99 -100 -104 -104 -102 -99 -99 -100 -100 -97 -95 -95 -97 -95 -94 -96 -98 -98 -100 -97 -94 -93 -94 -93 -96 -98 -96 -96 -97 -98 -98 -95 -93 -91 -87 -85 -81 -79 -77 -75 -73 -70 -9999 -9999 -9999 -9999 -9999 -9999 -9999 -9999 -9999 -9999 -9999
-85 -84 -83 -81 -75 -72 -74 -76 -76 -75 -74 -75 -77 -79 -77 -74 -72 -74 -76 -76 -76 -76 -76 -75 -75 -76 -75 -75 -76 -77 -78 -80 -83 -86 -89 -91 -92 -92 -93 -93 -94 -95 -97 -98 -101 -101 -102 -102 -98 -99 -98 -97 -97 -98 -97 -98 -97 -96 -97 -97 -98 -100 -99 -95 -92 -93 -92 -95 -96 -96 -96 -97 -97 -96 -94 -93 -90 -88 -86 -82 -81 -79 -76 -74 -72 -68 -63 -56 -9999 -9999 -9999 -9999 -9999 -9999 -9999 -9999
-77 -76 -77 -79 -78 -75 -75 -70 -70 -72 -71 -74 -73 -72 -71 -70 -70 -70 -71 -71 -71 -72 -72 -72 -70 -71 -71 -71 -73 -75 -77 -79 -81 -83 -86 -87 -88 -89 -90 -90 -91 -94 -94 -95 -97 -98 -100 -99 -98 -97 -97 -98 -98 -98 -96 -94 -95 -96 -96 -96 -97 -100 -98 -100 -98 -95 -93 -93 -94 -95 -95 -95 -96 -95 -94 -92 -89 -88 -86 -83 -80 -78 -76 -74 -71 -69 -64 -58 -54 -9999 -9999 -9999 -9999 -9999 -9999 -9999
-81 -79 -77 -69 -72 -69 -70 -70 -71 -69 -68 -69 -69 -70 -67 -69 -67 -68 -68 -67 -68 -67 -67 -68 -67 -68 -68 -68 -69 -71 -73 -75 -78 -80 -83 -85 -85 -86 -88 -88 -89 -91 -91 -92 -93 -98 -98 -99 -99 -98 -95 -96 -96 -95 -95 -93 -95 -96 -97 -96 -96 -96 -96 -96 -96 -96 -94 -94 -94 -93 -94 -93 -93 -93 -92 -90 -88 -87 -84 -82 -80 -77 -76 -73 -70 -68 -65 -62 -59 -55 -9999 -9999 -9999 -9999 -9999 -9999
-83 -81 -78 -74 -72 -69 -67 -65 -68 -66 -66 -67 -67 -67 -66 -64 -62 -65 -9999 -9999 -9999 -9999 -9999 -9999 -9999 -9999 -9999 -9999 -66 -68 -69 -70 -74 -77 -79 -80 -82 -83 -84 -85 -86 -87 -88 -89 -92 -93 -95 -95 -96 -94 -95 -95 -94 -93 -93 -93 -94 -94 -94 -94 -95 -94 -94 -94 -95 -96 -97 -96 -95 -95 -94 -92 -92 -92 -91 -91 -88 -85 -84 -82 -79 -77 -75 -73 -71 -69 -65 -62 -59 -9999 -9999 -9999 -9999 -9999 -9999 -9999
-78 -77 -78 -77 -73 -69 -64 -61 -62 -63 -64 -64 -9999 -64 -62 -62 -62 -9999 -9999 -9999 -9999 -9999 -9999 -9999 -9999 -9999 -9999 -9999 -9999 -9999 -9999 -65 -68 -72 -75 -76 -78 -79 -81 -83 -84 -85 -86 -88 -89 -91 -92 -92 -94 -94 -94 -94 -93 -93 -92 -92 -92 -92 -93 -94 -94 -94 -93 -93 -94 -95 -96 -96 -96 -95 -94 -93 -93 -92 -91 -89 -87 -85 -84 -81 -79 -77 -75 -73 -71 -68 -64 -59 -9999 -9999 -9999 -9999 -9999 -9999 -9999 -9999
-70 -70 -71 -70 -69 -68 -63 -59 -58 -59 -60 -59 -9999 -9999 -9999 -9999 -9999 -9999 -9999 -9999 -9999 -9999 -9999 -9999 -9999 -9999 -9999 -9999 -9999 -9999 -9999 -62 -64 -68 -71 -73 -76 -78 -79 -81 -81 -82 -84 -85 -87 -88 -91 -90 -91 -93 -94 -94 -94 -93 -91 -91 -90 -91 -92 -93 -91 -90 -90 -92 -93 -92 -92 -93 -93 -92 -92 -93 -92 -91 -90 -88 -86 -85 -84 -82 -80 -78 -76 -75 -73 -70 -64 -58 -9999 -9999 -9999 -9999 -9999 -9999 -9999 -9999
-65 -65 -63 -64 -61 -58 -55 -55 -54 -54 -9999 -9999 -9999 -9999 -9999 -9999 -9999 -9999 -9999 -9999 -9999 -9999 -9999 -9999 -9999 -9999 -9999 -53 -54 -54 -9999 -58 -61 -65 -68 -71 -73 -75 -77 -78 -79 -81 -82 -83 -86 -88 -89 -93 -90 -90 -91 -92 -92 -91 -89 -90 -91 -93 -92 -93 -91 -90 -90 -90 -90 -91 -91 -90 -90 -89 -91 -90 -89 -88 -88 -87 -86 -84 -82 -82 -80 -78 -77 -76 -74 -70 -65 -60 -57 -9999 -9999 -9999 -9999 -46 -46 -47
-56 -56 -56 -52 -52 -48 -48 -47 -49 -9999 -9999 -9999 -9999 -9999 -9999 -9999 -9999 -9999 -9999 -9999 -9999 -9999 -9999 -9999 -9999 -9999 -9999 -52 -53 -52 -52 -53 -56 -60 -64 -68 -70 -71 -73 -75 -77 -79 -80 -82 -85 -87 -90 -92 -91 -90 -91 -90 -89 -88 -89 -90 -91 -90 -90 -90 -90 -89 -89 -89 -90 -93 -92 -91 -92 -90 -89 -88 -89 -87 -87 -86 -85 -84 -84 -82 -80 -78 -77 -75 -73 -71 -68 -65 -62 -61 -57 -9999 -9999 -9999 -47 -9999
