resultados/variables_proyeccion_tiempo/variables_futuro_csiro_A1B/bio6.asc
ncols 330
nrows 228
xllcorner -12.000000
yllcorner 34.000000
cellsize 0.166667
NODATA_value -9999
[rows 43 to 85 of 228, columns 192 to 287 of 330]
-53 -51 -48 -45 -43 -43 -41 -40 -9999 -9999 -9999 -9999 -9999 -9999 -9999 -9999 -9999 -9999 -9999 -9999 -9999 -9999 -9999 -9999 -9999 -9999 -47 -49 -51 -52 -53 -54 -55 -58 -61 -64 -67 -70 -71 -72 -75 -77 -79 -82 -85 -88 -89 -91 -93 -90 -87 -86 -87 -88 -88 -88 -89 -89 -89 -91 -92 -92 -92 -92 -94 -92 -92 -92 -91 -90 -88 -87 -87 -87 -85 -86 -86 -85 -83 -82 -80 -79 -78 -77 -76 -73 -71 -69 -68 -65 -9999 -9999 -9999 -57 -9999 -9999
-48 -48 -44 -39 -37 -35 -36 -35 -34 -33 -9999 -9999 -9999 -9999 -9999 -9999 -9999 -9999 -9999 -9999 -9999 -9999 -9999 -9999 -9999 -46 -48 -50 -53 -53 -53 -54 -55 -58 -61 -64 -66 -68 -70 -72 -73 -76 -78 -80 -83 -86 -88 -87 -88 -88 -85 -85 -86 -86 -87 -88 -89 -89 -89 -90 -91 -92 -94 -93 -93 -93 -92 -92 -91 -90 -89 -88 -87 -86 -87 -87 -86 -85 -83 -81 -80 -79 -79 -77 -75 -74 -73 -71 -70 -68 -9999 -9999 -9999 -9999 -9999 -9999
-45 -44 -37 -36 -34 -30 -29 -29 -29 -31 -9999 -9999 -9999 -9999 -9999 -9999 -9999 -9999 -9999 -9999 -9999 -9999 -9999 -9999 -47 -47 -48 -50 -52 -53 -54 -54 -56 -58 -60 -63 -66 -67 -68 -70 -72 -73 -76 -78 -81 -83 -84 -83 -83 -85 -83 -84 -86 -87 -86 -86 -87 -86 -87 -87 -89 -90 -91 -92 -92 -90 -89 -89 -87 -87 -87 -87 -88 -87 -88 -87 -85 -83 -82 -81 -80 -79 -78 -78 -76 -75 -72 -71 -70 -69 -66 -9999 -9999 -64 -63 -61
-43 -40 -36 -32 -28 -23 -23 -24 -9999 -9999 -9999 -9999 -9999 -9999 -9999 -9999 -9999 -9999 -9999 -9999 -9999 -42 -46 -47 -48 -48 -48 -48 -49 -51 -52 -56 -57 -59 -59 -61 -63 -66 -67 -69 -71 -72 -74 -77 -79 -81 -81 -81 -81 -83 -82 -82 -84 -84 -83 -85 -85 -84 -85 -87 -88 -90 -91 -93 -93 -92 -91 -90 -89 -88 -88 -88 -88 -88 -87 -85 -84 -83 -82 -80 -79 -77 -76 -75 -74 -72 -71 -71 -70 -70 -68 -67 -66 -66 -65 -63
-34 -33 -29 -26 -22 -19 -9999 -9999 -9999 -9999 -9999 -9999 -9999 -9999 -9999 -9999 -9999 -9999 -9999 -9999 -38 -43 -45 -48 -48 -48 -48 -48 -48 -50 -52 -54 -56 -57 -59 -61 -63 -64 -66 -69 -72 -74 -76 -77 -79 -80 -82 -83 -80 -80 -79 -80 -80 -81 -82 -82 -83 -84 -84 -85 -88 -89 -90 -91 -90 -90 -89 -89 -90 -88 -88 -88 -86 -85 -85 -84 -83 -82 -81 -79 -78 -77 -76 -75 -73 -71 -72 -73 -74 -72 -70 -68 -68 -67 -66 -65
-28 -25 -23 -21 -19 -17 -9999 -9999 -9999 -9999 -9999 -9999 -9999 -9999 -9999 -9999 -9999 -29 -31 -36 -39 -43 -45 -47 -48 -49 -49 -48 -48 -49 -49 -52 -55 -57 -58 -60 -61 -62 -64 -67 -69 -71 -75 -76 -76 -77 -77 -78 -79 -82 -79 -79 -80 -81 -82 -83 -84 -85 -86 -85 -87 -88 -88 -89 -88 -87 -88 -88 -90 -88 -88 -87 -86 -84 -85 -84 -82 -80 -78 -77 -76 -75 -74 -73 -72 -71 -70 -71 -73 -72 -71 -70 -70 -69 -68 -67
-23 -20 -20 -17 -17 -16 -9999 -9999 -9999 -9999 -9999 -9999 -9999 -9999 -9999 -24 -26 -29 -32 -35 -39 -41 -44 -46 -48 -48 -49 -49 -48 -50 -49 -50 -53 -56 -58 -60 -61 -61 -62 -64 -66 -68 -70 -73 -73 -73 -73 -74 -75 -78 -78 -75 -76 -77 -79 -79 -81 -84 -83 -83 -84 -86 -87 -87 -88 -86 -85 -87 -89 -90 -88 -88 -87 -86 -84 -81 -80 -80 -79 -77 -76 -76 -75 -74 -73 -72 -71 -70 -70 -72 -73 -71 -71 -71 -72 -69
-9999 -9999 -9999 -9999 -15 -15 -9999 -9999 -9999 -9999 -9999 -9999 -9999 -18 -20 -22 -25 -27 -32 -34 -37 -40 -42 -45 -47 -48 -48 -49 -48 -48 -50 -50 -53 -56 -57 -58 -61 -62 -62 -62 -64 -66 -67 -68 -69 -69 -70 -69 -72 -73 -74 -75 -73 -73 -73 -76 -78 -78 -80 -80 -80 -84 -85 -85 -87 -88 -85 -86 -88 -89 -90 -92 -86 -85 -84 -84 -81 -79 -80 -79 -78 -78 -76 -75 -74 -73 -72 -70 -69 -70 -71 -72 -73 -74 -74 -74
-9999 -9999 -9999 -9999 -9999 -9999 -9999 -10 -8 -9999 -12 -15 -15 -17 -18 -21 -23 -26 -29 -32 -36 -39 -42 -44 -46 -47 -48 -49 -48 -48 -49 -51 -50 -52 -54 -58 -58 -58 -59 -60 -62 -65 -67 -65 -67 -67 -65 -65 -67 -68 -69 -71 -72 -74 -71 -72 -73 -76 -77 -80 -79 -81 -83 -83 -85 -85 -84 -84 -86 -88 -89 -90 -87 -84 -84 -83 -82 -81 -80 -78 -78 -77 -76 -76 -75 -75 -74 -73 -71 -71 -70 -70 -71 -73 -75 -76
-9999 -9999 -9999 -9999 -9999 -9999 -12 -10 -6 -2 -8 -11 -14 -14 -17 -20 -22 -24 -27 -30 -34 -37 -40 -43 -45 -47 -47 -48 -48 -48 -47 -49 -50 -51 -52 -54 -56 -55 -57 -57 -59 -62 -63 -63 -63 -63 -62 -63 -62 -63 -64 -66 -69 -72 -73 -72 -72 -73 -74 -76 -79 -82 -84 -84 -85 -86 -87 -87 -86 -88 -87 -86 -84 -83 -84 -84 -84 -82 -81 -78 -78 -77 -76 -76 -76 -76 -76 -74 -74 -72 -73 -74 -73 -74 -76 -76
-9999 -9999 -9999 -9999 -9999 -9999 -9999 -9999 2 -0 -6 -9 -11 -13 -16 -18 -20 -21 -24 -28 -33 -36 -40 -42 -45 -48 -47 -46 -48 -46 -45 -46 -47 -47 -49 -50 -53 -55 -55 -55 -56 -58 -60 -60 -58 -55 -54 -56 -58 -58 -60 -63 -64 -69 -72 -72 -73 -74 -76 -76 -78 -82 -84 -84 -82 -83 -84 -85 -85 -85 -86 -85 -83 -82 -84 -85 -85 -83 -79 -79 -79 -78 -77 -77 -76 -77 -77 -76 -75 -73 -73 -75 -76 -74 -76 -78
-9999 -9999 -9999 -9999 -9999 -9 -2 -0 2 -0 -4 -7 -9 -12 -14 -16 -18 -20 -24 -27 -31 -36 -40 -43 -44 -47 -46 -45 -44 -45 -44 -44 -45 -47 -48 -47 -49 -50 -52 -52 -53 -53 -55 -56 -54 -50 -49 -52 -53 -55 -58 -59 -62 -65 -67 -68 -69 -70 -73 -77 -77 -78 -81 -81 -81 -82 -82 -83 -83 -83 -85 -84 -83 -84 -82 -81 -82 -80 -80 -79 -78 -77 -77 -77 -75 -74 -73 -72 -72 -73 -75 -76 -77 -76 -76 -76
-9999 -9999 -9999 -9999 -9999 -9999 0 2 1 -1 -4 -8 -11 -13 -14 -15 -18 -20 -24 -28 -31 -35 -40 -43 -44 -46 -46 -45 -44 -42 -42 -44 -42 -45 -46 -45 -47 -47 -47 -49 -50 -50 -52 -52 -51 -48 -47 -49 -50 -52 -55 -56 -59 -62 -63 -65 -68 -70 -71 -74 -75 -77 -78 -80 -81 -80 -81 -82 -81 -81 -82 -84 -84 -83 -83 -81 -81 -81 -78 -77 -76 -76 -76 -74 -72 -72 -71 -69 -69 -70 -71 -73 -74 -75 -76 -80
-9999 -9999 -9999 -9999 -9999 -9999 2 3 1 -2 -4 -7 -12 -13 -13 -16 -18 -20 -23 -26 -31 -34 -38 -41 -42 -44 -44 -44 -43 -44 -42 -41 -41 -42 -42 -44 -44 -44 -46 -46 -47 -48 -48 -48 -47 -47 -46 -48 -49 -49 -52 -54 -56 -59 -63 -63 -66 -67 -68 -70 -74 -77 -77 -79 -80 -81 -81 -80 -80 -81 -81 -82 -81 -80 -80 -80 -79 -78 -77 -76 -74 -73 -70 -70 -69 -70 -70 -69 -70 -70 -70 -70 -70 -71 -73 -76
-9999 -9999 -9999 -9999 -9999 -9999 4 6 2 -1 -3 -7 -9 -12 -15 -17 -18 -20 -24 -26 -31 -33 -37 -40 -41 -41 -41 -40 -39 -40 -40 -40 -41 -41 -41 -40 -41 -42 -43 -44 -46 -45 -45 -45 -45 -45 -45 -46 -47 -49 -51 -52 -53 -58 -60 -62 -63 -64 -65 -68 -71 -74 -76 -77 -78 -80 -80 -80 -80 -81 -80 -79 -78 -78 -78 -78 -76 -76 -75 -74 -72 -72 -69 -70 -69 -72 -70 -69 -70 -71 -72 -72 -72 -70 -71 -73
-9999 -9999 -9999 -9999 -9999 -9999 -9999 7 5 1 -3 -6 -10 -12 -15 -16 -18 -21 -23 -26 -31 -33 -34 -37 -38 -39 -38 -37 -36 -37 -36 -36 -37 -38 -36 -37 -40 -40 -41 -43 -44 -44 -43 -43 -44 -44 -44 -44 -45 -46 -47 -48 -52 -56 -58 -59 -60 -62 -64 -66 -69 -71 -72 -74 -76 -78 -80 -80 -80 -79 -79 -78 -76 -75 -75 -75 -75 -76 -76 -75 -73 -72 -69 -69 -68 -68 -71 -68 -69 -70 -69 -71 -73 -71 -71 -74
-9999 -9999 -9999 -9999 -9999 -9999 -9999 4 6 3 -2 -6 -8 -10 -12 -14 -17 -20 -22 -26 -31 -34 -34 -35 -34 -35 -35 -34 -34 -34 -33 -35 -36 -34 -34 -36 -39 -41 -40 -40 -41 -40 -40 -42 -42 -44 -44 -44 -44 -44 -45 -46 -50 -52 -55 -56 -58 -61 -63 -64 -66 -69 -72 -72 -74 -74 -77 -78 -78 -77 -76 -76 -76 -75 -75 -74 -74 -73 -73 -73 -73 -72 -70 -68 -66 -66 -67 -69 -67 -68 -70 -70 -70 -70 -72 -74
-9999 -9999 -9999 -9999 -9999 -9999 -9999 -9999 5 6 1 -2 -5 -7 -10 -13 -15 -18 -21 -25 -29 -32 -33 -33 -34 -35 -35 -33 -32 -33 -32 -32 -32 -32 -34 -36 -37 -38 -37 -37 -36 -38 -39 -41 -42 -42 -43 -42 -44 -44 -45 -47 -47 -49 -52 -54 -55 -57 -59 -61 -64 -65 -68 -70 -72 -71 -73 -73 -73 -73 -74 -74 -74 -74 -72 -71 -72 -71 -70 -70 -70 -71 -70 -68 -65 -65 -69 -68 -66 -68 -69 -70 -70 -70 -71 -73
-9999 -9999 -9999 -9999 -9999 -9999 -9999 -9999 -9999 7 3 -1 -4 -5 -8 -10 -14 -16 -18 -22 -27 -30 -29 -32 -34 -35 -33 -32 -31 -32 -32 -30 -30 -31 -34 -35 -36 -36 -37 -36 -35 -37 -39 -40 -41 -41 -41 -42 -42 -43 -43 -43 -45 -47 -49 -50 -53 -56 -58 -59 -62 -64 -65 -66 -69 -68 -68 -69 -69 -70 -70 -70 -71 -71 -70 -70 -69 -68 -68 -67 -67 -67 -69 -70 -70 -70 -68 -66 -67 -67 -69 -69 -70 -70 -70 -71
-9999 -9999 -9999 -9999 -9999 -9999 -9999 -9999 -9999 7 4 -1 -2 -4 -6 -8 -12 -15 -18 -21 -27 -29 -27 -30 -31 -31 -30 -30 -31 -31 -31 -30 -30 -30 -34 -34 -35 -37 -36 -36 -35 -37 -37 -37 -38 -40 -39 -40 -41 -40 -40 -41 -44 -45 -47 -49 -51 -52 -55 -57 -58 -59 -60 -62 -63 -63 -64 -64 -64 -66 -68 -68 -68 -69 -69 -68 -68 -70 -70 -70 -69 -69 -73 -75 -73 -72 -74 -69 -67 -68 -68 -70 -70 -71 -71 -71
-9999 -9999 -9999 -9999 -9999 -9999 -9999 -9999 -1 6 4 1 -0 -2 -5 -7 -11 -14 -16 -20 -25 -28 -27 -29 -29 -30 -29 -30 -28 -29 -29 -29 -28 -31 -32 -34 -37 -36 -36 -35 -34 -35 -35 -35 -37 -37 -39 -38 -38 -38 -39 -40 -42 -44 -46 -46 -48 -49 -52 -52 -54 -54 -55 -57 -60 -60 -61 -61 -61 -62 -63 -64 -66 -67 -66 -67 -67 -69 -68 -69 -68 -68 -71 -73 -73 -72 -71 -69 -69 -70 -73 -73 -72 -71 -72 -72
-9999 -9999 -9999 -9999 -9999 -9999 -9999 -9999 0 5 4 2 1 -0 -3 -5 -8 -12 -15 -18 -22 -24 -25 -26 -28 -29 -29 -27 -27 -27 -29 -30 -29 -29 -32 -33 -35 -35 -35 -34 -33 -35 -34 -35 -36 -37 -38 -37 -37 -36 -36 -37 -39 -41 -42 -44 -44 -45 -46 -47 -49 -50 -52 -54 -56 -57 -57 -58 -58 -59 -60 -61 -62 -63 -63 -63 -63 -65 -66 -67 -69 -67 -67 -68 -70 -70 -70 -68 -67 -68 -70 -73 -75 -73 -72 -73
-9999 -9999 -9999 -9999 -9999 -9999 -9999 -9999 4 5 6 4 3 2 -1 -4 -6 -9 -11 -14 -17 -20 -23 -26 -27 -27 -26 -26 -26 -26 -27 -28 -28 -29 -32 -34 -34 -34 -32 -32 -32 -32 -33 -35 -35 -36 -37 -37 -36 -34 -35 -35 -36 -36 -38 -41 -42 -43 -44 -44 -45 -46 -48 -50 -51 -53 -54 -55 -56 -57 -57 -58 -59 -60 -61 -61 -62 -62 -64 -64 -67 -67 -66 -66 -67 -67 -68 -68 -67 -68 -69 -70 -72 -73 -72 -73
-9999 -9999 -9999 -9999 -9999 -9999 -9999 6 8 8 8 7 6 4 2 -1 -3 -4 -7 -10 -12 -15 -20 -24 -25 -26 -24 -22 -22 -23 -23 -24 -26 -27 -28 -30 -31 -32 -31 -30 -29 -30 -31 -32 -34 -34 -34 -34 -33 -32 -32 -33 -33 -35 -36 -37 -38 -40 -40 -42 -44 -46 -45 -46 -48 -49 -51 -52 -54 -55 -55 -57 -58 -58 -59 -59 -61 -61 -62 -63 -65 -65 -64 -64 -64 -67 -67 -69 -70 -70 -72 -74 -74 -72 -72 -73
-9999 -9999 -9999 -9999 -9999 -9999 9 10 12 12 12 11 10 8 6 5 2 0 -2 -4 -6 -10 -15 -18 -20 -20 -20 -20 -18 -19 -19 -21 -22 -23 -25 -26 -27 -28 -28 -27 -27 -28 -29 -30 -31 -31 -32 -32 -31 -31 -31 -31 -31 -32 -34 -35 -36 -38 -38 -40 -40 -42 -43 -43 -45 -46 -48 -50 -52 -53 -54 -56 -56 -57 -58 -58 -59 -60 -61 -62 -62 -63 -64 -65 -67 -68 -70 -70 -70 -72 -74 -77 -78 -76 -75 -76
-9999 -9999 -9999 -9999 -9999 -9999 7 11 12 15 16 16 15 14 12 10 8 6 3 1 -2 -6 -10 -14 -16 -16 -16 -15 -14 -15 -15 -17 -18 -20 -21 -23 -24 -24 -25 -25 -25 -26 -26 -27 -29 -29 -29 -30 -30 -29 -29 -29 -31 -32 -34 -34 -34 -35 -36 -39 -39 -40 -40 -41 -42 -44 -46 -48 -50 -52 -54 -55 -56 -57 -57 -58 -58 -59 -60 -61 -61 -64 -67 -66 -66 -68 -70 -69 -70 -72 -76 -79 -80 -81 -80 -80
-8 -9999 -4 -9999 -2 0 5 -9999 8 17 19 18 18 18 16 15 12 10 8 5 1 -4 -7 -8 -9 -10 -10 -9 -8 -9 -11 -13 -14 -17 -19 -20 -22 -23 -23 -23 -24 -24 -24 -9999 -26 -27 -9999 -9999 -9999 -9999 -29 -30 -31 -31 -33 -35 -34 -34 -35 -38 -40 -40 -39 -40 -41 -42 -44 -47 -49 -51 -53 -54 -56 -56 -57 -58 -60 -60 -60 -61 -62 -63 -64 -66 -66 -66 -68 -71 -73 -74 -77 -79 -80 -81 -81 -82
-8 -7 -5 -9999 -4 -2 -9999 0 6 16 18 18 18 17 16 15 13 11 9 6 3 -1 -3 -5 -6 -7 -6 -5 -3 -3 -7 -10 -12 -14 -17 -19 -19 -9999 -9999 -9999 -9999 -9999 -9999 -9999 -9999 -9999 -9999 -9999 -9999 -9999 -9999 -29 -29 -30 -31 -33 -32 -32 -33 -34 -36 -35 -36 -40 -40 -42 -44 -46 -48 -51 -52 -54 -55 -56 -58 -58 -60 -61 -61 -61 -61 -64 -65 -67 -67 -68 -71 -73 -75 -78 -78 -78 -79 -79 -79 -80
-9 -8 -9 -9 -9 -9999 -9999 -9999 -9999 12 16 16 -9999 13 7 9 8 8 6 4 2 -1 -2 -3 -3 -3 -2 -1 0 -9999 -2 -9999 -9999 -9999 -9999 -9999 -9999 -9999 -9999 -9999 -9999 -28 -9999 -9999 -9999 -9999 -26 -26 -9999 -9999 -26 -9999 -9999 -9999 -9999 -9999 -9999 -9999 -26 -28 -28 -29 -32 -36 -38 -41 -43 -45 -47 -50 -52 -54 -55 -56 -58 -58 -60 -62 -63 -62 -63 -64 -65 -66 -69 -69 -69 -71 -75 -76 -76 -76 -77 -77 -76 -78
-9999 -9999 -9999 -9999 -9999 -10 -9999 -9999 -9999 -9999 -9999 -9999 -9999 -9999 -2 0 -9999 -1 -4 -3 -2 -2 -2 -3 -9999 -9999 -9999 -9999 -9999 -9999 -9999 -9999 -9999 -9999 -9999 -9999 -9999 -9999 -9999 -9999 -9999 -9999 -9999 -25 -9999 -9999 -9999 -9999 -9999 -9999 -9999 -9999 -9999 -9999 -28 -28 -29 -28 -28 -27 -25 -26 -28 -32 -37 -40 -42 -44 -46 -49 -52 -54 -56 -56 -57 -59 -60 -61 -62 -62 -63 -64 -64 -64 -65 -66 -68 -71 -74 -74 -74 -75 -76 -75 -76 -76
-9999 -9999 -9999 -9999 -9999 -9999 -9999 -9999 -9999 -9999 -9999 -9999 -9999 -9999 -7 -9999 -9999 -9999 -9999 -9999 -9999 -9999 -9999 -9999 -9999 -9999 -9999 -9999 -9999 -9999 -9999 -9999 -9999 -9999 -9999 -9999 -9999 -9999 -9999 -9999 -9999 -9999 -9999 -9999 -9999 -9999 -9999 -9999 -26 -25 -29 -28 -28 -28 -30 -31 -31 -31 -30 -30 -29 -30 -30 -32 -36 -40 -43 -46 -49 -51 -52 -53 -54 -56 -57 -59 -60 -61 -62 -63 -63 -63 -64 -64 -65 -68 -69 -70 -72 -72 -72 -72 -73 -74 -75 -75
-9999 -9999 -9999 -9999 -9999 -9999 -9999 -9999 -9999 -9999 -9999 -9999 -9999 -9999 -9999 -9999 -9999 -9999 -9999 -9999 -9999 -9999 -9999 -9999 -9999 -9999 -9999 -2 -2 -3 -9999 -6 -8 -11 -13 -14 -17 -18 -18 -18 -18 -9999 -9999 -9999 -9999 -9999 -9999 -9999 -25 -25 -26 -26 -28 -30 -32 -33 -33 -32 -32 -32 -31 -32 -33 -36 -38 -40 -44 -47 -49 -51 -52 -53 -54 -56 -57 -59 -60 -61 -62 -62 -62 -63 -63 -64 -66 -68 -69 -70 -71 -71 -71 -71 -71 -72 -73 -73
-9999 -9999 -9999 -9999 -9999 -9999 -9999 -9999 -9999 -9999 -9999 -9999 -9999 -9999 -9999 -9999 -9999 -9999 -9999 -9999 -9999 -9999 -9999 0 -1 -1 -2 -3 -4 -5 -6 -8 -11 -13 -15 -17 -17 -19 -19 -20 -21 -22 -21 -23 -24 -24 -24 -24 -24 -24 -24 -25 -27 -29 -31 -31 -31 -31 -31 -32 -32 -32 -34 -37 -39 -42 -45 -46 -48 -50 -51 -52 -54 -56 -58 -59 -60 -61 -62 -62 -63 -62 -62 -66 -68 -68 -69 -70 -69 -69 -70 -70 -70 -70 -71 -71
-9999 -9999 -9999 -9999 -9999 -9999 -9999 -9999 -9999 -9999 -9999 -9999 -9999 -9999 -9999 -9999 -9999 -9999 -9999 -9999 -9999 -2 0 0 -0 -2 -4 -5 -7 -7 -8 -10 -12 -14 -16 -18 -19 -20 -21 -21 -22 -22 -22 -23 -24 -24 -24 -24 -24 -24 -25 -25 -26 -27 -28 -29 -30 -31 -31 -32 -33 -34 -35 -38 -40 -42 -46 -47 -49 -50 -51 -53 -55 -57 -59 -61 -61 -62 -62 -62 -63 -66 -66 -66 -67 -68 -68 -68 -68 -68 -68 -68 -68 -69 -69 -69
-9999 -9999 -9999 -9999 -9999 -9999 -9999 -9999 -9999 -9999 -9999 -9999 -9999 -9999 -9999 -6 -7 -9999 -14 -13 -7 -1 0 -1 -2 -4 -6 -8 -9 -10 -10 -12 -13 -14 -16 -18 -19 -19 -20 -21 -21 -21 -21 -22 -22 -24 -24 -25 -25 -26 -26 -27 -27 -27 -27 -28 -29 -30 -31 -32 -33 -35 -36 -39 -42 -45 -47 -48 -50 -51 -52 -54 -57 -58 -61 -62 -62 -63 -64 -65 -65 -68 -69 -68 -68 -68 -67 -67 -66 -66 -66 -66 -66 -67 -67 -68
-9999 -9999 -9999 -9999 -9999 -9999 -9999 -9999 -9999 -9999 -9999 -9999 -9 -8 -6 -5 -5 -8 -10 -13 -7 -3 -1 -2 -4 -6 -7 -8 -9 -10 -11 -11 -12 -14 -15 -16 -17 -18 -19 -19 -19 -19 -20 -21 -21 -23 -23 -25 -26 -28 -29 -29 -29 -28 -28 -29 -30 -31 -31 -32 -34 -36 -38 -40 -42 -45 -48 -50 -51 -52 -53 -55 -57 -59 -61 -62 -62 -62 -64 -66 -67 -69 -69 -68 -68 -66 -66 -66 -66 -65 -65 -66 -66 -66 -66 -67
-9999 -9999 -9999 -9999 -9999 -9999 -9999 -9999 -9999 -9999 -9999 -9999 -9999 -9999 -4 -2 -2 -4 -9999 -9999 -9999 -4 -2 -3 -4 -6 -8 -9 -10 -10 -11 -11 -12 -13 -14 -16 -17 -18 -18 -19 -18 -18 -20 -20 -22 -23 -23 -25 -28 -28 -29 -29 -30 -30 -29 -29 -32 -33 -33 -33 -34 -37 -39 -42 -44 -47 -49 -51 -52 -53 -54 -56 -57 -59 -60 -61 -63 -65 -64 -63 -63 -66 -68 -67 -67 -65 -65 -65 -64 -64 -66 -67 -65 -64 -64 -65
-9999 -9999 -9999 -9999 -9999 -9999 -9999 -9999 -9999 -9999 -9999 -9999 -9999 -6 -6 -4 -4 -7 -11 -12 -12 -6 -4 -5 -6 -7 -8 -9 -10 -10 -10 -10 -12 -13 -14 -14 -15 -16 -17 -18 -18 -19 -21 -20 -22 -22 -23 -26 -28 -28 -29 -29 -30 -31 -31 -31 -31 -33 -34 -34 -35 -37 -40 -42 -44 -47 -50 -52 -53 -54 -55 -56 -57 -58 -60 -62 -66 -67 -67 -64 -62 -63 -64 -66 -66 -66 -64 -64 -65 -64 -65 -65 -66 -65 -63 -65
-9999 -9999 -9999 -9999 -9999 -9999 -9999 -9999 -9999 -9999 -9999 -6 -6 -8 -7 -6 -6 -8 -10 -12 -9999 -9999 -8 -7 -7 -7 -9 -10 -10 -10 -10 -11 -13 -15 -14 -14 -14 -15 -16 -17 -18 -19 -19 -20 -21 -22 -24 -25 -26 -28 -30 -31 -32 -33 -34 -32 -32 -34 -34 -35 -36 -38 -39 -42 -44 -47 -49 -52 -52 -53 -54 -56 -58 -59 -59 -61 -64 -66 -65 -64 -63 -62 -61 -62 -64 -64 -64 -64 -64 -65 -64 -64 -64 -63 -62 -63
-9999 -9999 -9999 -9999 -9999 -9999 -9999 -9999 -9999 -9999 -9999 -5 -6 -7 -6 -7 -7 -7 -9999 -9999 -9999 -9999 -9999 -9999 -7 -7 -8 -9 -10 -11 -12 -12 -13 -14 -14 -14 -14 -16 -17 -19 -19 -20 -18 -19 -21 -22 -24 -24 -26 -30 -33 -34 -34 -34 -35 -34 -33 -34 -34 -35 -36 -37 -39 -41 -44 -46 -48 -50 -52 -52 -55 -57 -59 -59 -59 -61 -62 -65 -65 -65 -65 -64 -63 -63 -63 -63 -63 -62 -63 -63 -64 -64 -63 -61 -62 -62
-9999 -9999 -9999 -9999 -9999 -9999 -9999 -9999 -9999 -9999 -9999 -9999 -7 -7 -9999 -7 -9999 -9999 -9999 -9999 -9999 -9999 -9999 -8 -9999 -9999 -7 -9 -11 -12 -13 -13 -14 -15 -14 -14 -15 -18 -20 -22 -22 -20 -20 -20 -20 -21 -22 -23 -25 -28 -31 -32 -33 -34 -34 -33 -33 -33 -34 -35 -35 -37 -39 -41 -45 -47 -48 -49 -51 -52 -54 -57 -59 -59 -58 -59 -60 -62 -64 -66 -65 -65 -64 -63 -63 -63 -63 -63 -63 -63 -63 -63 -62 -61 -61 -62
-9999 -9999 -9999 -9999 -9999 -9999 -9999 -9999 -9999 -9999 -9999 -9999 -7 -7 -9999 -9999 -9999 -9999 -9999 -9999 -9999 -9999 -9999 -9999 -9999 -9999 -7 -9 -11 -13 -13 -13 -14 -14 -15 -14 -15 -16 -18 -21 -21 -21 -22 -22 -23 -23 -24 -24 -26 -28 -29 -29 -30 -31 -32 -33 -33 -33 -34 -35 -37 -38 -40 -42 -44 -46 -47 -48 -50 -52 -54 -55 -58 -58 -57 -58 -63 -64 -65 -66 -65 -65 -64 -62 -63 -62 -62 -62 -63 -63 -62 -62 -61 -61 -61 -62
-9999 -9999 -9999 -9999 -9999 -9999 -9999 -9999 -9999 -9999 -9999 -9999 -9999 -8 -8 -8 -9999 -9999 -9999 -10 -9999 -9999 -9999 -9999 -9999 -9999 -7 -9 -12 -13 -14 -13 -14 -14 -14 -15 -16 -17 -18 -20 -21 -25 -28 -28 -28 -27 -28 -27 -28 -29 -29 -29 -30 -31 -33 -33 -34 -35 -36 -37 -38 -40 -41 -43 -44 -46 -47 -49 -50 -51 -53 -54 -56 -56 -56 -58 -63 -65 -65 -66 -66 -65 -64 -63 -62 -61 -61 -61 -61 -61 -61 -61 -61 -61 -61 -62
