resultados/variables_proyeccion_tiempo/variables_futuro_csiro_A1B/bio6.asc
ncols 330
nrows 228
xllcorner -12.000000
yllcorner 34.000000
cellsize 0.166667
NODATA_value -9999
[rows 129 to 171 of 228, columns 192 to 287 of 330]
-42 -43 -44 -43 -44 -43 -41 -40 -39 -39 -41 -43 -44 -44 -43 -42 -40 -39 -39 -40 -37 -33 -30 -29 -29 -28 -30 -31 -32 -32 -33 -33 -34 -34 -34 -37 -38 -38 -38 -38 -40 -40 -41 -42 -42 -43 -43 -44 -44 -44 -44 -44 -43 -42 -41 -40 -39 -38 -37 -37 -37 -35 -35 -30 -31 -30 -30 -30 -31 -33 -34 -35 -35 -36 -36 -37 -39 -39 -39 -39 -40 -43 -43 -45 -44 -45 -46 -48 -49 -48 -47 -47 -47 -48 -50 -51
-39 -40 -42 -42 -41 -41 -40 -41 -41 -43 -46 -49 -51 -49 -44 -40 -38 -36 -34 -34 -35 -31 -29 -27 -27 -27 -28 -30 -31 -32 -33 -33 -34 -34 -35 -38 -39 -40 -39 -39 -40 -41 -42 -43 -44 -43 -43 -44 -45 -44 -44 -43 -42 -42 -41 -41 -40 -39 -38 -37 -36 -36 -35 -31 -30 -30 -31 -31 -31 -34 -35 -36 -36 -36 -37 -37 -38 -39 -39 -39 -40 -43 -43 -44 -44 -46 -47 -49 -48 -48 -48 -48 -49 -50 -51 -50
-37 -39 -40 -41 -41 -40 -42 -43 -43 -47 -49 -53 -54 -50 -45 -39 -34 -32 -31 -31 -31 -32 -28 -26 -25 -26 -27 -29 -31 -31 -33 -34 -36 -36 -38 -40 -40 -41 -42 -42 -41 -42 -44 -45 -44 -44 -44 -45 -45 -45 -44 -43 -43 -42 -42 -42 -41 -39 -38 -37 -38 -37 -35 -34 -33 -32 -31 -32 -32 -34 -36 -37 -36 -37 -37 -37 -38 -39 -38 -39 -42 -43 -43 -44 -44 -46 -48 -49 -47 -48 -49 -48 -48 -49 -50 -49
-40 -40 -44 -44 -43 -43 -45 -45 -47 -51 -53 -55 -57 -56 -49 -40 -33 -29 -28 -28 -28 -28 -27 -26 -25 -25 -27 -28 -30 -34 -36 -38 -40 -39 -40 -40 -40 -40 -41 -42 -43 -43 -44 -45 -45 -45 -44 -45 -46 -46 -45 -44 -44 -43 -43 -42 -41 -40 -40 -38 -37 -37 -36 -35 -35 -35 -34 -35 -35 -35 -36 -36 -37 -37 -37 -36 -38 -38 -38 -41 -41 -42 -43 -43 -46 -47 -49 -49 -47 -47 -48 -48 -49 -49 -49 -49
-48 -50 -51 -48 -49 -48 -47 -46 -46 -49 -53 -57 -59 -57 -52 -45 -35 -29 -28 -27 -27 -26 -24 -24 -26 -27 -29 -31 -34 -36 -37 -38 -38 -40 -41 -42 -42 -42 -43 -43 -44 -44 -45 -45 -46 -45 -46 -46 -46 -46 -46 -45 -45 -44 -43 -42 -42 -41 -40 -38 -37 -36 -35 -35 -35 -34 -34 -36 -36 -35 -35 -36 -36 -36 -37 -37 -36 -37 -39 -39 -40 -42 -42 -44 -44 -46 -48 -48 -46 -48 -47 -46 -48 -48 -48 -47
-55 -58 -54 -50 -51 -51 -51 -52 -52 -52 -55 -57 -58 -60 -61 -54 -42 -34 -32 -28 -27 -25 -24 -24 -27 -28 -30 -32 -34 -35 -37 -38 -38 -39 -40 -42 -42 -42 -43 -44 -44 -45 -46 -46 -46 -46 -45 -45 -45 -45 -46 -46 -45 -45 -43 -42 -41 -42 -40 -38 -38 -38 -38 -37 -36 -37 -36 -36 -35 -34 -34 -35 -35 -35 -36 -36 -36 -36 -37 -38 -40 -41 -42 -42 -42 -44 -47 -47 -45 -45 -45 -44 -45 -46 -47 -47
-54 -55 -55 -60 -55 -56 -53 -53 -51 -54 -58 -64 -63 -64 -60 -57 -52 -45 -38 -33 -29 -26 -25 -24 -25 -26 -28 -30 -33 -35 -37 -38 -38 -38 -39 -40 -42 -42 -43 -44 -45 -45 -45 -45 -45 -45 -46 -46 -45 -45 -44 -45 -44 -44 -44 -43 -42 -40 -40 -40 -40 -39 -39 -39 -39 -38 -36 -36 -36 -35 -35 -35 -35 -34 -34 -35 -35 -36 -36 -38 -39 -40 -39 -40 -42 -42 -44 -43 -44 -44 -43 -42 -44 -43 -45 -46
-68 -66 -58 -59 -57 -53 -54 -48 -46 -45 -51 -56 -62 -66 -63 -58 -54 -49 -48 -43 -39 -32 -28 -27 -27 -27 -29 -28 -30 -34 -36 -39 -38 -38 -38 -40 -40 -42 -43 -44 -44 -44 -45 -45 -45 -46 -46 -46 -46 -46 -45 -45 -44 -43 -42 -42 -42 -41 -42 -41 -41 -40 -40 -40 -40 -38 -39 -37 -36 -37 -35 -34 -37 -36 -34 -34 -34 -34 -36 -37 -37 -37 -38 -39 -40 -40 -40 -41 -42 -41 -40 -40 -41 -42 -43 -45
-65 -59 -56 -59 -56 -53 -46 -44 -44 -42 -43 -46 -50 -57 -60 -60 -59 -53 -48 -53 -44 -38 -35 -32 -33 -31 -30 -32 -30 -33 -36 -38 -38 -39 -39 -39 -39 -41 -44 -43 -45 -45 -43 -45 -46 -45 -45 -45 -45 -44 -44 -44 -44 -43 -42 -40 -40 -41 -41 -41 -40 -41 -40 -40 -40 -38 -37 -38 -37 -37 -37 -36 -38 -39 -38 -37 -35 -36 -36 -36 -36 -37 -37 -38 -39 -37 -38 -38 -38 -39 -38 -38 -39 -40 -41 -42
-64 -61 -57 -52 -52 -50 -47 -40 -50 -40 -36 -39 -48 -49 -42 -48 -52 -56 -51 -51 -47 -50 -46 -39 -36 -35 -36 -34 -33 -34 -35 -37 -39 -40 -39 -39 -40 -40 -41 -42 -44 -44 -43 -44 -45 -45 -45 -46 -45 -45 -44 -43 -42 -41 -41 -42 -40 -41 -42 -42 -42 -41 -40 -38 -38 -37 -38 -38 -39 -39 -39 -39 -40 -38 -39 -39 -38 -39 -39 -39 -39 -38 -37 -37 -36 -35 -36 -36 -38 -38 -38 -39 -39 -38 -39 -40
-52 -54 -50 -55 -53 -50 -47 -38 -38 -42 -31 -31 -30 -36 -43 -40 -45 -48 -45 -50 -49 -53 -55 -57 -49 -43 -39 -37 -36 -36 -37 -37 -39 -40 -40 -40 -40 -40 -41 -41 -44 -44 -43 -44 -43 -44 -44 -44 -45 -44 -45 -44 -42 -41 -39 -40 -40 -41 -42 -42 -42 -41 -40 -40 -38 -37 -38 -38 -38 -40 -40 -40 -40 -40 -40 -40 -39 -39 -39 -40 -41 -40 -39 -37 -37 -35 -34 -35 -36 -37 -37 -37 -36 -37 -38 -38
-42 -39 -41 -44 -42 -37 -34 -32 -39 -32 -28 -28 -27 -26 -30 -36 -40 -38 -41 -51 -47 -50 -58 -65 -62 -55 -51 -45 -42 -40 -40 -40 -40 -41 -41 -41 -40 -41 -41 -41 -42 -44 -43 -43 -42 -43 -43 -44 -43 -44 -45 -44 -44 -42 -41 -40 -40 -40 -41 -41 -41 -41 -40 -39 -38 -40 -40 -40 -41 -42 -42 -42 -40 -40 -41 -40 -40 -39 -39 -40 -41 -41 -40 -39 -39 -38 -36 -35 -34 -35 -35 -34 -34 -35 -35 -36
-35 -33 -36 -36 -34 -34 -32 -34 -38 -31 -28 -26 -26 -26 -25 -26 -27 -34 -41 -36 -48 -48 -58 -62 -63 -62 -64 -55 -53 -46 -43 -42 -41 -42 -42 -44 -46 -45 -44 -43 -43 -45 -46 -46 -44 -42 -42 -43 -42 -43 -44 -44 -43 -44 -42 -42 -41 -40 -39 -40 -41 -40 -40 -40 -39 -40 -40 -41 -41 -41 -42 -42 -42 -41 -40 -41 -41 -42 -41 -40 -41 -41 -40 -39 -39 -39 -38 -38 -37 -37 -35 -37 -37 -39 -38 -36
-32 -31 -33 -33 -30 -31 -30 -33 -29 -26 -25 -25 -25 -25 -25 -25 -25 -26 -28 -35 -33 -42 -49 -53 -64 -64 -59 -64 -65 -58 -52 -50 -48 -48 -48 -46 -45 -44 -44 -44 -44 -44 -45 -45 -44 -43 -42 -44 -42 -41 -41 -42 -43 -43 -43 -42 -40 -41 -40 -39 -38 -39 -39 -40 -40 -39 -40 -41 -41 -42 -43 -43 -42 -42 -41 -42 -43 -43 -42 -42 -40 -40 -39 -39 -38 -38 -38 -37 -35 -36 -36 -35 -37 -39 -38 -38
-31 -33 -41 -41 -31 -28 -28 -26 -26 -26 -25 -24 -25 -25 -25 -24 -25 -26 -28 -35 -33 -34 -38 -44 -54 -57 -64 -72 -64 -60 -60 -61 -56 -52 -51 -51 -50 -48 -47 -45 -44 -44 -44 -44 -44 -43 -42 -42 -42 -43 -40 -39 -41 -43 -43 -42 -40 -40 -39 -38 -38 -38 -39 -38 -38 -39 -40 -40 -41 -42 -43 -44 -42 -41 -41 -42 -43 -42 -40 -41 -40 -38 -39 -39 -37 -37 -38 -36 -35 -36 -34 -33 -35 -38 -39 -38
-31 -27 -30 -30 -28 -26 -26 -26 -25 -25 -25 -25 -25 -25 -24 -24 -24 -25 -27 -30 -35 -48 -46 -40 -48 -59 -67 -69 -70 -68 -66 -65 -63 -58 -54 -52 -52 -50 -47 -45 -44 -43 -43 -42 -44 -42 -41 -41 -41 -41 -43 -44 -41 -40 -40 -40 -41 -40 -38 -38 -37 -36 -36 -36 -35 -36 -36 -38 -38 -38 -40 -41 -41 -40 -40 -40 -41 -41 -40 -39 -38 -38 -37 -36 -35 -35 -35 -36 -34 -32 -30 -32 -34 -35 -36 -36
-22 -23 -23 -24 -24 -24 -25 -25 -25 -25 -25 -25 -25 -24 -23 -24 -24 -25 -27 -29 -38 -46 -54 -50 -50 -52 -58 -64 -68 -73 -71 -68 -65 -64 -61 -53 -51 -52 -49 -46 -44 -43 -42 -40 -41 -41 -41 -40 -40 -41 -40 -43 -42 -39 -38 -38 -38 -39 -37 -36 -36 -35 -35 -34 -34 -33 -33 -33 -35 -35 -36 -37 -38 -38 -38 -39 -39 -38 -38 -37 -38 -37 -36 -35 -33 -33 -33 -32 -30 -31 -28 -29 -31 -32 -34 -36
-18 -20 -20 -22 -23 -23 -23 -23 -24 -24 -24 -23 -23 -23 -22 -22 -24 -26 -30 -30 -30 -34 -43 -51 -56 -60 -60 -70 -71 -74 -70 -68 -66 -62 -61 -57 -53 -51 -50 -48 -48 -42 -41 -40 -39 -39 -39 -39 -38 -38 -35 -36 -38 -39 -36 -35 -36 -37 -34 -34 -33 -32 -31 -31 -31 -31 -31 -30 -31 -33 -33 -35 -36 -36 -36 -38 -37 -36 -36 -36 -36 -36 -36 -33 -31 -31 -30 -29 -29 -29 -26 -26 -30 -32 -31 -33
-17 -18 -19 -20 -21 -22 -21 -21 -22 -23 -23 -22 -21 -22 -23 -24 -25 -26 -28 -28 -34 -38 -44 -47 -52 -58 -59 -65 -64 -65 -68 -66 -68 -66 -63 -61 -56 -52 -52 -50 -51 -45 -41 -39 -39 -37 -38 -40 -40 -39 -38 -36 -34 -36 -33 -32 -33 -33 -31 -32 -30 -30 -29 -27 -29 -28 -28 -29 -29 -30 -31 -33 -34 -33 -34 -35 -34 -34 -34 -34 -34 -34 -34 -33 -31 -31 -30 -30 -28 -27 -28 -28 -29 -30 -32 -33
-15 -17 -18 -19 -20 -20 -20 -20 -20 -21 -21 -20 -20 -21 -24 -24 -26 -26 -28 -29 -33 -37 -40 -45 -48 -52 -57 -60 -64 -66 -68 -69 -67 -68 -66 -66 -63 -56 -52 -50 -48 -46 -41 -39 -37 -36 -35 -38 -42 -41 -37 -38 -37 -34 -30 -30 -30 -31 -27 -29 -27 -25 -26 -26 -25 -25 -27 -27 -28 -28 -28 -30 -32 -30 -31 -32 -32 -31 -32 -33 -34 -34 -33 -32 -33 -32 -31 -30 -29 -28 -28 -28 -28 -28 -28 -30
-14 -16 -17 -18 -19 -20 -20 -19 -19 -20 -19 -19 -20 -21 -27 -31 -30 -30 -31 -29 -33 -37 -40 -42 -49 -52 -57 -61 -67 -69 -70 -73 -67 -68 -70 -62 -64 -60 -53 -50 -48 -46 -44 -42 -40 -37 -38 -34 -36 -40 -41 -37 -34 -32 -28 -26 -25 -27 -25 -24 -23 -22 -22 -23 -22 -22 -22 -23 -24 -25 -26 -27 -28 -28 -29 -29 -29 -29 -31 -32 -32 -32 -32 -33 -33 -32 -32 -30 -28 -28 -27 -27 -26 -25 -26 -27
-14 -15 -17 -18 -19 -20 -19 -19 -19 -19 -18 -19 -20 -24 -31 -32 -35 -34 -31 -32 -34 -37 -37 -43 -47 -52 -56 -60 -61 -63 -66 -66 -63 -67 -66 -66 -60 -60 -52 -50 -48 -44 -46 -43 -41 -42 -40 -40 -33 -35 -37 -37 -34 -30 -27 -25 -22 -20 -21 -20 -21 -20 -17 -17 -18 -18 -17 -20 -21 -22 -24 -24 -25 -26 -26 -26 -26 -28 -29 -30 -32 -32 -33 -33 -33 -31 -30 -29 -28 -27 -25 -24 -23 -23 -24 -26
-14 -16 -16 -18 -19 -19 -19 -19 -18 -18 -17 -18 -18 -19 -24 -41 -50 -39 -39 -37 -35 -37 -38 -42 -46 -50 -53 -56 -56 -60 -67 -70 -63 -65 -71 -68 -68 -66 -56 -47 -48 -44 -46 -45 -42 -38 -39 -40 -35 -33 -35 -35 -34 -30 -26 -25 -22 -17 -16 -15 -17 -16 -13 -13 -13 -14 -14 -16 -17 -19 -21 -22 -22 -22 -23 -24 -25 -26 -27 -28 -29 -32 -33 -33 -32 -30 -29 -28 -27 -25 -23 -22 -21 -21 -22 -21
-15 -16 -17 -18 -19 -19 -19 -19 -19 -18 -17 -18 -24 -31 -23 -34 -48 -45 -48 -48 -40 -39 -38 -41 -45 -49 -52 -53 -55 -58 -61 -67 -68 -66 -63 -68 -70 -69 -63 -50 -49 -42 -46 -46 -42 -42 -37 -38 -36 -31 -33 -34 -31 -30 -27 -23 -22 -20 -16 -12 -12 -13 -12 -9 -8 -10 -11 -12 -15 -16 -18 -19 -20 -20 -20 -21 -22 -24 -25 -27 -29 -31 -32 -33 -31 -29 -28 -27 -25 -24 -22 -20 -20 -20 -20 -21
-16 -17 -18 -18 -18 -19 -19 -19 -19 -18 -17 -18 -19 -25 -29 -31 -43 -39 -41 -42 -39 -40 -38 -41 -45 -48 -50 -52 -54 -56 -59 -62 -62 -72 -61 -67 -70 -66 -57 -54 -49 -44 -44 -43 -43 -41 -37 -36 -33 -31 -34 -32 -31 -27 -27 -24 -22 -18 -17 -15 -9 -8 -9 -7 -6 -9999 -9999 -9999 -9999 -14 -16 -17 -17 -17 -18 -20 -22 -23 -24 -26 -27 -28 -30 -31 -29 -28 -27 -26 -24 -23 -21 -19 -19 -20 -9999 -9999
-17 -17 -17 -17 -18 -18 -19 -19 -19 -19 -24 -22 -24 -23 -25 -22 -28 -32 -35 -40 -41 -38 -37 -42 -45 -48 -51 -53 -54 -56 -57 -58 -59 -63 -69 -61 -66 -71 -62 -52 -46 -46 -41 -41 -40 -38 -36 -36 -30 -32 -33 -30 -29 -28 -26 -22 -20 -16 -15 -12 -10 -6 -6 -5 -9999 -9999 -9999 -9999 -9999 -9999 -17 -16 -15 -15 -17 -18 -20 -21 -21 -22 -22 -23 -25 -25 -24 -24 -24 -24 -23 -22 -20 -9999 -9999 -9999 -9999 -9999
-14 -14 -14 -15 -16 -17 -19 -20 -20 -19 -20 -21 -20 -24 -23 -26 -25 -28 -32 -35 -36 -33 -38 -42 -47 -49 -52 -54 -55 -57 -57 -56 -57 -56 -61 -64 -61 -61 -66 -61 -52 -49 -42 -38 -36 -35 -38 -36 -29 -32 -32 -27 -27 -27 -25 -21 -18 -15 -12 -10 -8 -7 -4 -5 -9999 -9999 -9999 -9999 -9999 -9999 -9999 -9999 -9999 -14 -15 -16 -18 -17 -18 -19 -18 -18 -18 -17 -18 -18 -20 -20 -19 -9999 -17 -9999 -9999 -9999 -9999 -9999
-11 -11 -11 -12 -14 -15 -18 -20 -20 -20 -18 -17 -17 -17 -20 -21 -24 -23 -28 -28 -31 -35 -38 -44 -48 -52 -53 -53 -55 -55 -55 -55 -60 -56 -60 -58 -55 -62 -72 -64 -51 -48 -40 -35 -33 -34 -36 -32 -29 -30 -29 -26 -27 -25 -21 -19 -16 -12 -9 -7 -6 -6 -9999 -9999 -9999 -9999 -9999 -9999 -9999 -9999 -9999 -9999 -9999 -9999 -9999 -9999 -9999 -9999 -9999 -9999 -9999 -10 -10 -10 -10 -12 -15 -16 -16 -15 -9999 -9999 -9999 -9999 -9999 -9999
-10 -9 -9 -9 -10 -12 -15 -17 -16 -15 -14 -14 -16 -21 -31 -34 -29 -23 -26 -33 -40 -43 -47 -48 -49 -50 -51 -53 -54 -54 -55 -56 -56 -54 -54 -56 -57 -68 -77 -69 -54 -47 -37 -31 -29 -30 -32 -31 -26 -29 -28 -25 -26 -22 -19 -15 -13 -10 -7 -5 -4 -9999 -9999 -9999 -9999 -9999 -9999 -9999 -9999 -9999 -9999 -9999 -9999 -9999 -9999 -9999 -9999 -9999 -8 -7 -8 -7 -4 -2 -1 -5 -11 -11 -11 -10 -9 -9999 -9999 -9999 -9999 -9999
-9 -7 -6 -6 -7 -9 -11 -12 -13 -13 -14 -14 -14 -24 -28 -30 -28 -25 -30 -40 -50 -50 -59 -61 -59 -53 -63 -73 -80 -74 -72 -65 -58 -63 -62 -68 -66 -67 -69 -66 -55 -44 -35 -29 -27 -26 -28 -29 -24 -26 -25 -23 -23 -20 -17 -13 -9 -6 -4 -9999 -9999 -9999 -9999 -9999 -9999 -9999 -9999 -9999 -9999 -9999 -9999 -9999 -9999 -9999 -9999 -9999 -5 -7 -7 -6 -6 -4 -1 4 10 7 -2 -5 -6 -6 -6 -5 -9999 -9999 -9999 -9999
-8 -6 -4 -3 -3 -4 -6 -7 -8 -10 -13 -14 -16 -15 -31 -43 -47 -55 -40 -38 -42 -59 -59 -53 -53 -51 -57 -62 -65 -72 -67 -68 -79 -70 -70 -69 -65 -58 -56 -49 -44 -40 -31 -27 -25 -24 -23 -23 -22 -21 -22 -20 -21 -18 -13 -10 -6 -2 -0 -9999 -9999 -9999 -9999 -9999 -9999 -9999 -9999 -9999 -9999 -9999 -9999 -9999 -9999 -9999 -9999 -6 -7 -6 -4 -3 -3 -1 2 7 15 14 6 0 -2 -2 -2 -3 -2 -9999 -6 -6
-7 -4 -1 -0 -1 -1 -1 -2 -4 -8 -14 -18 -31 -23 -32 -57 -49 -47 -41 -43 -40 -47 -50 -55 -55 -49 -49 -50 -51 -52 -55 -63 -64 -60 -57 -53 -49 -46 -44 -39 -35 -32 -28 -25 -24 -22 -21 -20 -19 -23 -22 -18 -16 -14 -11 -6 -3 1 2 -9999 -9999 -9999 -9999 -9999 -9999 -9999 -9999 -9999 -9999 -9999 -9999 -9999 -9999 -9999 -9999 -9999 -9999 -9999 0 0 2 4 4 5 8 8 4 1 -1 0 -0 0 -0 -2 -4 -6
-6 -2 3 4 2 0 0 0 -3 -4 -15 -25 -34 -22 -31 -39 -29 -26 -23 -24 -27 -30 -36 -40 -40 -40 -40 -45 -45 -45 -48 -49 -48 -47 -45 -41 -39 -39 -38 -34 -29 -27 -26 -24 -22 -21 -19 -18 -17 -19 -22 -19 -15 -12 -8 -4 -0 4 -9999 -9999 -9999 -9999 -9999 -9999 -9999 -9999 -9999 -9999 -9999 -9999 -9999 -9999 -9999 -9999 -9999 -9999 -9999 -9999 -9999 -9999 -9999 4 3 -2 -3 -4 -6 -4 -8 -6 -7 -2 1 -1 -2 -1
-2 1 7 9 6 2 -0 -0 -1 -5 -13 -18 -17 -24 -22 -25 -21 -18 -19 -20 -26 -28 -32 -35 -36 -35 -40 -43 -42 -41 -43 -43 -41 -38 -38 -35 -33 -31 -29 -27 -27 -26 -24 -22 -21 -19 -17 -16 -15 -18 -23 -16 -11 -7 -4 -1 2 4 -9999 -9999 -9999 -9999 -9999 -9999 -9999 -9999 -9999 -9999 -9999 -9999 -9999 -9999 -9999 -9999 -9999 -9999 -9999 -9999 -9999 -9999 -9999 5 1 -7 -11 -15 -28 -26 -17 -12 -8 -1 5 -9999 -9999 -9999
-1 2 4 2 5 2 1 -0 -4 -4 -14 -14 -22 -22 -12 -16 -16 -16 -18 -21 -23 -26 -31 -32 -34 -33 -36 -38 -38 -37 -37 -37 -36 -35 -33 -31 -30 -28 -27 -25 -25 -23 -21 -20 -19 -17 -15 -14 -14 -16 -19 -13 -6 -4 -2 0 -9999 -9999 -9999 -9999 -9999 -9999 -9999 -9999 -9999 -9999 -9999 -9999 -9999 -9999 -9999 -9999 -9999 -9999 -9999 -9999 -9999 -9999 -9999 -9999 -9999 4 -1 -8 -15 -28 -21 -3 10 -9999 4 -9999 -9999 -9999 -9999 -9999
-2 -2 -4 -4 -4 -3 -2 -3 -6 -7 -12 -13 -17 -13 -14 -6 -9 -16 -19 -21 -21 -25 -28 -30 -31 -30 -33 -34 -34 -34 -33 -33 -33 -31 -31 -30 -29 -27 -26 -24 -23 -21 -19 -18 -16 -15 -14 -12 -12 -14 -11 -9 -3 -1 -9999 -9999 -9999 -9999 -9999 -9999 -9999 -9999 -9999 -9999 -9999 -9999 -9999 -9999 -9999 -9999 -9999 -9999 -9999 -9999 -9999 -9999 -9999 -9999 -9999 -9999 6 4 -4 -12 -25 -32 -4 -9999 -9999 -9999 -9999 -9999 -9999 -9999 -9999 -9999
-6 -4 -6 -8 -7 -7 -6 -8 -9 -15 -15 -17 -13 -14 -8 -5 -8 -14 -18 -21 -22 -23 -24 -28 -29 -28 -30 -31 -31 -31 -30 -30 -30 -29 -29 -28 -27 -25 -24 -22 -20 -18 -17 -16 -14 -12 -11 -8 -8 -8 -8 -3 -1 -9999 -9999 -9999 -9999 -9999 -9999 -9999 -9999 -9999 -9999 -9999 -9999 -9999 -9999 -9999 -9999 -9999 -9999 -9999 -9999 -9999 -9999 -9999 -9999 -9999 -9999 -9999 -9999 -9 -8 -29 -20 -9999 -9999 -9999 -9999 -9999 -9999 -9999 -9999 -9999 -9999 -9999
-10 -9 -14 -14 -11 -11 -9 -10 -14 -19 -19 -22 -17 -18 -10 -3 -6 -9 -15 -19 -20 -22 -23 -26 -27 -26 -26 -28 -28 -28 -27 -27 -27 -27 -27 -26 -25 -23 -21 -20 -18 -15 -14 -12 -10 -8 -7 -6 -6 -5 -2 0 -9999 -9999 -9999 -9999 -9999 -9999 -9999 -9999 -9999 -9999 -9999 -9999 -9999 -9999 -9999 -9999 -9999 -9999 -9999 -9999 -9999 -9999 -9999 -9999 -9999 -9999 -9999 -9999 -9999 -9999 -9999 -9999 -9999 -9999 -9999 -9999 -9999 -9999 -9999 -9999 -9999 -9999 -9999 -9999
-26 -23 -18 -24 -19 -14 -15 -13 -15 -22 -32 -25 -17 -14 -8 -8 -7 -8 -11 -14 -17 -18 -22 -22 -25 -25 -24 -24 -26 -26 -25 -24 -25 -25 -25 -24 -23 -20 -18 -17 -16 -15 -14 -12 -9 -8 -8 -6 -5 -3 -0 3 -9999 -9999 -9999 -9999 -9999 -9999 -9999 -9999 -9999 -9999 -9999 -9999 -9999 -9999 -9999 -9999 -9999 -9999 -9999 -9999 -9999 -9999 -9999 -9999 -9999 -9999 -9999 -9999 -9999 -9999 -9999 -9999 -9999 -9999 -9999 -9999 -9999 -9999 -9999 -9999 -9999 -9999 -9999 -9999
-21 -18 -15 -19 -17 -23 -19 -15 -13 -20 -29 -17 -11 -8 -12 -11 -9 -7 -9 -11 -14 -15 -18 -18 -21 -22 -22 -22 -23 -24 -23 -23 -22 -22 -23 -20 -19 -19 -18 -18 -17 -16 -15 -14 -11 -9 -8 -6 -3 0 3 6 -9999 -9999 -9999 -9999 -9999 -9999 -9999 -9999 -9999 -9999 -9999 -9999 -9999 -9999 -9999 -9999 -9999 -9999 -9999 -9999 -9999 -9999 -9999 -9999 -9999 -9999 -9999 -9999 -9999 -9999 -9999 -9999 -9999 -9999 -9999 -9999 -9999 -9999 -9999 -9999 -9999 -9999 -9999 -9999
-20 -20 -21 -13 -16 -24 -20 -17 -11 -16 -20 -22 -21 -12 -19 -14 -13 -11 -10 -14 -15 -16 -16 -17 -16 -18 -19 -19 -20 -22 -20 -20 -20 -19 -19 -20 -22 -21 -21 -21 -18 -17 -16 -13 -10 -8 -7 -5 -2 2 6 9 -9999 -9999 -9999 -9999 -9999 -9999 -9999 -9999 -9999 -9999 -9999 -9999 -9999 -9999 -9999 -9999 -9999 -9999 -9999 -9999 -9999 -9999 -9999 -9999 -9999 -9999 -9999 -9999 -9999 -9999 -9999 -9999 -9999 -9999 -9999 -9999 -9999 -9999 -9999 -9999 -9999 -9999 -9999 -9999
-34 -29 -39 -28 -30 -23 -14 -11 -12 -9 -13 -24 -22 -12 -26 -25 -19 -16 -15 -14 -14 -15 -16 -18 -19 -19 -20 -20 -22 -22 -21 -21 -20 -19 -23 -22 -21 -23 -21 -21 -21 -19 -17 -13 -9 -6 -5 -3 -0 5 9 13 -9999 -9999 -9999 -9999 -9999 -9999 -9999 -9999 -9999 -9999 -9999 -9999 -9999 -9999 -9999 -9999 -9999 -9999 -9999 -9999 -9999 -9999 -9999 -9999 -9999 -9999 -9999 -9999 -9999 -9999 -9999 -9999 -9999 -9999 -9999 -9999 -9999 -9999 -9999 -9999 -9999 -9999 -9999 -9999
-41 -44 -42 -26 -38 -37 -18 -18 -28 -18 -7 -15 -19 -24 -24 -42 -44 -28 -17 -15 -14 -16 -17 -17 -18 -18 -19 -21 -24 -20 -19 -20 -19 -18 -21 -22 -24 -20 -21 -20 -20 -18 -13 -12 -8 -5 -5 0 4 6 11 13 -9999 -9999 -9999 -9999 -9999 -9999 -9999 -9999 -9999 -9999 -9999 -9999 -9999 -9999 -9999 -9999 -9999 -9999 -9999 -9999 -9999 -9999 -9999 -9999 -9999 -9999 -9999 -9999 -9999 -9999 -9999 -9999 -9999 -9999 -9999 -9999 -9999 -9999 -9999 -9999 -9999 -9999 -9999 -9999
