resultados/variables_proyeccion_tiempo/variables_futuro_csiro_A1B/bio6.asc
ncols 330
nrows 228
xllcorner -12.000000
yllcorner 34.000000
cellsize 0.166667
NODATA_value -9999
[rows 86 to 128 of 228, columns 96 to 191 of 330]
-9999 -9999 -9999 -9999 -9999 -9999 -9999 -9999 -9999 -9999 -9999 -9999 -9999 -9999 -9999 -9999 -9999 -9999 -9999 -9999 -9999 -9999 -9999 -9999 -9999 -9999 -9999 -9999 -9999 -9999 -9999 -9999 -9999 -9999 -9999 21 23 24 24 -9999 -9999 -9999 -9999 -9999 -9999 -9999 22 23 20 14 12 8 6 3 1 0 -2 -4 -6 -10 -10 -9 -12 -13 -10 -6 -4 -3 -1 2 5 8 11 14 16 18 20 -9999 -9999 -9999 -9999 -9999 -9999 -9999 23 22 21 19 17 -9999 -9999 -9999 -9999 -9999 -9999 -9999
-9999 -9999 -9999 -9999 -9999 -9999 -9999 -9999 -9999 -9999 -9999 -9999 -9999 -9999 -9999 -9999 -9999 -9999 -9999 -9999 -9999 -9999 -9999 -9999 -9999 -9999 -9999 -9999 -9999 -9999 -9999 -9999 -9999 -9999 22 23 25 24 22 20 -9999 -9999 -9999 -9999 -9999 -9999 -9999 10 11 8 6 6 1 -3 -3 -3 -6 -6 -8 -9 -9 -9 -11 -10 -9 -7 -5 -4 -1 2 5 7 10 12 14 15 16 -9999 12 -9999 -9999 -9999 -9999 -9999 22 20 18 16 15 14 -9999 -9999 -9999 -9999 -9999 -9999
-9999 -9999 -9999 -9999 -9999 -9999 -9999 -9999 -9999 -9999 -9999 -9999 -9999 -9999 -9999 -9999 -9999 -9999 -9999 -9999 -9999 -9999 -9999 -9999 -9999 -9999 -9999 -9999 -9999 -9999 -9999 -9999 15 16 20 23 24 23 19 16 -9999 -0 -1 -2 -9999 -9999 -9999 -9999 1 2 1 0 -3 -3 -3 -4 -4 -4 -6 -6 -7 -8 -8 -9 -9 -8 -7 -6 -3 -0 3 7 9 11 12 12 -9999 8 10 -9999 -9999 -9999 -9999 -9999 18 17 16 16 16 -9999 -9999 -9999 -9999 -9999 -9999 -9999
-9999 -9999 -9999 -9999 -9999 -9999 -9999 -9999 -9999 -9999 -9999 -9999 -9999 -9999 -9999 -9999 -9999 -9999 -9999 -9999 -9999 -9999 -9999 -9999 -9999 -9999 16 14 13 12 11 8 7 8 12 16 18 18 16 -9999 -9999 -9999 -9999 -9999 -9999 -9999 -9999 -9999 -9999 -2 -1 -2 -2 -3 -3 -2 -4 -4 -3 -5 -5 -6 -7 -7 -6 -5 -5 -7 -4 -1 2 6 10 11 12 12 -9999 8 10 -9999 -9999 -9999 -9999 -9999 -9999 16 16 -9999 -9999 -9999 -9999 -9999 -9999 -9999 -9999 -9999
-9999 -9999 -9999 -9999 -9999 -9999 -9999 -9999 -9999 -9999 -9999 -9999 -9999 -9999 -9999 -9999 -9999 -9999 -9999 -9999 -9999 -9999 -9999 -9999 -9999 19 18 14 12 9 5 -1 -7 -8 -5 2 6 8 -9999 -9999 -9999 -9999 -9999 -9999 -9999 -9999 -9999 -9999 -9999 -9999 -3 -1 -0 -2 -1 -2 -2 -2 -1 -2 -2 -3 -3 -2 -2 -3 -3 -3 -2 0 4 7 10 11 13 11 11 11 -9999 -9999 -9999 -9999 -9999 -9999 -9999 15 16 -9999 -9999 -9999 -9999 -9999 -9999 -9999 -9999 -9999
-9999 -9999 -9999 -9999 -9999 -9999 -9999 -9999 -9999 -9999 -9999 -9999 -9999 -9999 -9999 -9999 -9999 -9999 -9999 -9999 -9999 -9999 -9999 -9999 -9999 22 18 15 10 5 -1 -10 -20 -24 -19 -12 -5 -1 -2 -9999 -9999 -9999 -9999 -9999 -9999 -36 -9999 -9999 -9999 -9999 -9999 0 2 4 2 -1 -0 1 2 1 1 1 0 1 1 2 2 3 3 3 6 9 11 13 14 12 13 -9999 -9999 -9999 -9999 -9999 -9999 -9999 -9999 -9999 -9999 -9999 -9999 -9999 -9999 -9999 -9999 -9999 -9999 -9999
-9999 -9999 -9999 -9999 -9999 -9999 -9999 -9999 -9999 -9999 -9999 -9999 -9999 -9999 -9999 -9999 -9999 -9999 -9999 -9999 -9999 -9999 -9999 -9999 9 12 9 10 8 3 -3 -12 -24 -28 -24 -18 -13 -7 -4 -2 -7 -9999 -9999 -9999 -9999 -9999 -9999 -9999 -9999 -9999 -9999 -9999 3 7 7 4 4 3 5 5 4 4 4 4 5 5 6 6 7 8 9 10 12 14 12 12 14 -9999 -9999 -9999 -9999 -9999 -9999 -9999 -9999 -9999 -9999 -9999 -9999 -9999 -9999 -9999 -9999 -9999 -9999 -9999
-9999 -9999 -9999 -9999 -9999 -9999 -9999 -9999 -9999 -9999 -9999 -9999 -9999 -9999 -9999 -9999 -9999 -9999 -9999 -9999 -9999 -9999 -9999 -9999 -2 1 2 3 3 2 -2 -12 -20 -26 -26 -22 -16 -9 -3 -1 -4 -11 -9999 -9999 -9999 -9999 -9999 -9999 -9999 -9999 -9999 -3 -0 3 7 8 8 8 8 9 9 9 8 8 8 9 10 11 11 11 11 13 14 -9999 10 12 -9999 -9999 -9999 -9999 -9999 -9999 -9999 -9999 -9999 -9999 -9999 -9999 -9999 -9999 -9999 -9999 -9999 -9999 -9999 -9999
-9999 -9999 -9999 -9999 -9999 -9999 -9999 -9999 -9999 -9999 -9999 -9999 -9999 -9999 -9999 -9999 -9999 -9999 -9999 -9999 -9999 -9999 -9999 -9999 -16 -12 -7 -3 -0 1 -1 -10 -19 -24 -27 -26 -19 -11 -1 4 2 -5 -9999 -9999 -9999 -9999 -17 -9999 -9999 -9999 -9999 -5 5 8 9 9 9 10 13 14 15 14 13 14 15 15 16 16 16 15 14 14 14 -9999 10 11 -9999 -9999 -9999 -9999 -9999 -9999 -9999 -9999 -9999 -9999 -9999 -9999 -9999 -9999 -9999 -9999 -9999 -9999 -9999 -9999
-9999 -9999 -9999 -9999 -9999 -9999 -9999 -9999 -9999 -9999 -9999 -9999 -9999 -9999 -9999 -9999 -9999 -9999 -9999 -9999 -9999 -9999 -9999 -9999 -28 -20 -11 -5 -1 -1 -4 -10 -18 -24 -27 -27 -20 -11 -9999 7 8 -9999 -9999 -9999 -9999 -9999 -9999 -9999 -12 -14 -10 -0 6 10 10 12 12 12 14 16 19 20 20 19 21 20 20 -9999 19 19 17 15 -9999 -9999 -9999 -9999 -9999 -9999 -9999 -9999 -9999 -9999 -9999 -9999 -9999 -9999 -9999 -9999 -9999 -9999 -9999 -9999 -9999 -9999 -9999 -9999
-9999 -9999 -9999 -9999 -9999 -9999 -9999 -9999 -9999 -9999 -9999 -9999 -9999 -9999 -9999 -9999 -9999 -9999 -9999 -9999 -9999 -9999 -9999 -9999 -26 -17 -7 -1 1 0 -4 -10 -17 -21 -26 -29 -19 -10 -9999 18 -9999 -9999 7 0 -9999 -2 -3 -4 -3 -2 3 9 12 14 14 13 14 15 13 15 20 22 22 -9999 -9999 -9999 -9999 -9999 -9999 -9999 -9999 -9999 -9999 -9999 -9999 -9999 -9999 -9999 -9999 -9999 -9999 -9999 -9999 -9999 -9999 -9999 -9999 -9999 -9999 -9999 -9999 -9999 -9999 -9999 -9999 -9999
-9999 -9999 -9999 -9999 -9999 -9999 -9999 -9999 -9999 -9999 -9999 -9999 -9999 -9999 -9999 -9999 -9999 -9999 -9999 -9999 -9999 -9999 -9999 -9999 -9999 -7 -1 2 4 2 -2 -8 -13 -17 -20 -20 -16 2 -9999 19 -9999 -9999 15 10 5 3 4 4 7 11 16 20 -9999 18 18 17 17 15 14 14 18 22 -9999 -9999 -9999 -9999 -9999 -9999 -9999 -9999 -9999 -9999 -9999 -9999 -9999 -9999 -9999 -9999 -9999 -9999 -9999 -9999 -9999 -9999 -9999 -9999 -9999 -9999 -9999 -9999 -9999 -9999 -9999 -9999 -9999 -9999
-9999 -9999 -9999 -9999 -9999 -9999 -9999 -9999 -9999 -9999 -9999 -9999 -9999 -9999 -9999 -9999 -9999 -9999 -9999 -9999 -9999 -9999 -9999 -9999 -2 2 8 10 8 5 0 -3 -7 -10 -10 -5 -2 3 11 19 20 -9999 15 12 7 6 5 6 10 16 20 22 20 17 18 17 15 15 16 16 16 18 -9999 -9999 -9999 -9999 -9999 -9999 -9999 -9999 -9999 -9999 -9999 -9999 -9999 -9999 -9999 -9999 -9999 -9999 -9999 -9999 -9999 -9999 -9999 -9999 -9999 -9999 -9999 -9999 -9999 -9999 -9999 -9999 -9999 -9999
-9999 -9999 -9999 -9999 -9999 -9999 -9999 -9999 -9999 -9999 -9999 -9999 -9999 -9999 -9999 -9999 -9999 -9999 -9999 -9999 -9999 -9999 -9999 -9999 -9999 11 16 14 13 8 4 -0 -3 -3 -4 -1 1 6 13 17 20 -9999 18 13 8 5 5 7 11 14 16 -9999 -9999 16 16 16 15 14 14 16 17 18 -9999 -9999 -9999 -9999 -9999 -9999 -9999 -9999 -9999 -9999 -9999 -9999 -9999 -9999 -9999 -9999 -9999 -9999 -9999 -9999 -9999 -9999 -9999 -9999 -9999 -9999 -9999 -9999 -9999 -9999 -9999 -9999 -9999 -9999
-9999 -9999 -9999 -9999 -9999 -9999 -9999 -9999 -9999 -9999 -9999 -9999 -9999 -9999 -9999 -9999 -9999 -9999 -9999 -9999 -9999 -9999 -9999 -9999 -9999 -9999 -9999 21 16 12 7 3 2 3 4 5 7 11 13 14 18 -9999 -9999 14 9 5 3 3 7 11 13 -9999 -9999 -9999 -9999 -9999 -9999 -9999 -9999 -9999 -9999 -9999 -9999 -9999 16 15 -9999 -9999 -9999 -9999 -9999 -9999 -9999 -9999 -9999 -9999 -9999 -9999 -9999 -9999 -9999 -9999 -9999 -9999 -9999 -9999 -9999 -9999 -9999 -9999 -9999 -9999 -9999 -9999 -9999 -9999
-9999 -9999 -9999 -9999 -9999 -9999 -9999 -9999 -9999 -9999 -9999 -9999 -9999 -9999 -9999 -9999 -9999 -9999 -9999 -9999 -9999 -9999 -9999 -9999 -9999 -9999 24 22 18 13 9 6 5 9 11 13 13 14 14 14 16 18 -9999 -9999 -9999 -9999 -0 -0 2 5 6 -9999 -9999 -9999 -9999 -9999 -9999 -9999 -9999 -9999 -9999 -9999 -9999 -9999 14 14 15 -9999 -9999 -9999 -9999 -9999 -9999 -9999 -9999 -9999 -9999 -9999 -9999 -9999 -9999 -9999 -9999 -9999 -9999 -9999 -9999 -9999 -9999 -9999 -9999 -9999 -9999 -9999 -9999 -9999
-9999 -9999 -9999 -9999 -9999 -9999 -9999 -9999 -9999 -9999 -9999 -9999 -9999 -9999 -9999 -9999 -9999 -9999 -9999 -9999 -9999 -9999 -9999 -9999 -9999 18 18 20 18 14 11 10 9 10 13 15 17 16 15 17 16 16 13 10 5 -2 -7 -7 -2 2 5 1 -9999 -9999 -9999 -9999 -9999 -9999 -9999 -9999 -9999 -9999 -9999 -9999 -9999 -9999 -9999 -9999 -9999 -9999 -9999 -9999 -9999 -9999 -9999 -9999 -9999 -9999 -9999 -9999 -9999 -9999 -9999 -9999 -9999 -9999 -9999 -9999 -9999 -9999 -9999 -9999 -9999 -9999 -9999 -10
-9999 -9999 -9999 -9999 -9999 -9999 -9999 -9999 -9999 -9999 -9999 -9999 -9999 -9999 -9999 -9999 -9999 -9999 -9999 -9999 -9999 -9999 -9999 -9999 -9999 18 18 18 17 14 12 11 10 12 14 17 -9999 -9999 -9999 -9999 15 -9999 12 8 1 -5 -12 -16 -10 -9999 -9999 -9999 -9999 -9999 -9999 -9999 -9999 -9999 -9999 -9999 -9999 -9999 -9999 -9999 -9999 -9999 -9999 -9999 -9999 -9999 -9999 -9999 -9999 -9999 -9999 -9999 -9999 -9999 -16 -16 -17 -18 -20 -18 -12 -8 -1 5 8 -9999 -9999 -9999 -9999 -9999 -9999 -11
-9999 -9999 -9999 -9999 -9999 -9999 -9999 -9999 -9999 -9999 -9999 -9999 -9999 -9999 -9999 -9999 -9999 -9999 -9999 -9999 -9999 -9999 -9999 -9999 -9999 -9999 18 17 16 13 12 11 13 14 15 15 17 -9999 -9999 -9999 -9999 -9999 8 -9999 0 -3 -9999 -24 -9999 -9999 -9999 -9999 -9999 -9999 9 10 10 6 -9999 -9999 -9999 -9999 -9999 -9999 -9999 -9999 -9999 -9999 -9999 -9999 -9999 -9999 -9999 -9999 -9999 -12 -16 -18 -19 -20 -23 -24 -26 -25 -19 -15 -7 -1 8 -9999 -9999 -9999 -9999 -9999 -11 -12
-9999 -9999 -9999 -9999 -9999 -9999 -9999 -9999 -9999 -9999 -9999 -9999 -9999 -9999 -9999 -9999 -9999 -9999 -9999 -9999 -9999 -9999 -9999 -9999 -9999 -9999 17 15 14 14 12 12 13 14 14 14 13 12 10 10 -9999 7 7 5 -9999 -9999 -9999 -9999 -9999 -9999 6 6 7 9 9 11 10 10 8 -9999 -9999 -9999 -9999 -9999 -9999 -9999 -9999 -9999 -9999 -9999 -9999 -9999 -9999 -9999 -10 -15 -18 -22 -24 -27 -29 -32 -33 -32 -28 -24 -18 -11 -7 -9999 -9999 -10 -12 -13 -14 -15
-9999 -9999 -9999 -9999 -9999 -9999 -9999 -9999 -9999 -9999 -9999 -9999 -9999 -9999 -9999 -9999 -9999 -9999 -9999 -9999 -9999 -9999 -9999 -9999 -9999 -9999 -9999 15 14 12 11 11 12 13 13 12 11 10 8 6 5 7 7 -9999 -9999 -9999 -9999 -9999 11 9 8 7 7 8 9 11 10 -9999 9 -9999 -9999 -9999 -9999 -9999 -9999 -9999 -9999 -9999 -9999 -9 -8 -7 -6 -8 -13 -19 -24 -27 -31 -32 -34 -36 -37 -36 -32 -29 -25 -17 -11 -10 -11 -13 -18 -21 -18 -20
-9999 -9999 -9999 -9999 -9999 -9999 -9999 -9999 -9999 -9999 -9999 -9999 -9999 -9999 -9999 -9999 -9999 -9999 -9999 -9999 -9999 -9999 -9999 -9999 -9999 -9999 -9999 -9999 10 10 10 10 10 10 10 10 9 8 7 5 6 7 -9999 -9999 6 5 4 7 11 10 7 6 6 7 8 9 8 6 5 2 0 -9999 -9999 -9999 -5 -7 -9 -10 -12 -13 -12 -11 -11 -14 -20 -25 -30 -33 -36 -38 -40 -40 -39 -37 -34 -31 -27 -22 -17 -15 -16 -17 -19 -22 -24 -26
-9999 -9999 -9999 -9999 -9999 -9999 -9999 -9999 -9999 -9999 -9999 -9999 -9999 -9999 -9999 -9999 -9999 -9999 -9999 -9999 -9999 -9999 -9999 -9999 -9999 -9999 14 7 6 8 8 8 9 10 10 9 7 7 7 7 8 7 6 6 6 5 6 9 11 10 6 4 4 5 7 8 7 5 3 1 -2 -4 -5 -5 -6 -9 -12 -15 -18 -19 -19 -18 -17 -20 -26 -31 -36 -38 -39 -41 -41 -42 -41 -37 -35 -31 -28 -25 -22 -20 -22 -24 -25 -29 -30 -32
-9999 -9999 -9999 -9999 -9999 -9999 -9999 -9999 -9999 -9999 -9999 -9999 -9999 -9999 -9999 -9999 -9999 -9999 -9999 -9999 21 22 22 21 18 18 -9999 10 8 8 7 7 8 8 8 7 5 6 5 6 6 6 6 6 6 7 8 8 9 8 4 2 2 3 4 5 5 4 2 -0 -2 -4 -4 -5 -8 -11 -15 -19 -23 -24 -24 -24 -25 -27 -30 -35 -38 -40 -41 -42 -44 -44 -41 -38 -35 -32 -29 -27 -25 -23 -26 -28 -31 -32 -34 -36
-9999 -9999 -9999 -9999 -9999 -9999 -9999 -9999 -9999 -9999 -9999 -9999 -9999 -9999 -9999 -9999 18 18 18 19 19 20 20 19 17 15 15 13 10 8 6 6 7 7 6 5 5 4 3 4 5 5 6 6 7 7 7 7 8 7 4 2 2 3 4 4 2 -0 -1 -2 -3 -4 -5 -5 -8 -12 -17 -22 -25 -25 -26 -27 -28 -30 -33 -36 -40 -40 -42 -43 -44 -43 -41 -37 -35 -31 -29 -27 -25 -27 -29 -30 -32 -35 -37 -42
-9999 -9999 -9999 -9999 -9999 -9999 -9999 18 16 16 16 16 15 15 14 15 16 16 17 17 18 17 17 17 16 16 15 14 12 10 8 6 6 5 4 2 4 4 2 4 5 6 6 7 7 8 7 7 7 6 4 4 3 3 3 2 -0 -2 -2 -2 -5 -4 -5 -6 -8 -12 -16 -20 -24 -26 -26 -27 -30 -32 -33 -35 -38 -39 -40 -41 -41 -41 -39 -35 -33 -31 -27 -26 -26 -29 -30 -32 -34 -37 -40 -44
-9999 -9999 -9999 -9999 -9999 20 -9999 -9999 16 16 16 15 15 14 13 13 14 16 18 18 17 16 15 14 15 15 15 13 12 11 9 7 6 5 3 2 2 2 2 3 5 6 7 8 8 8 8 7 7 6 6 5 4 4 3 1 -0 -2 -3 -4 -5 -5 -6 -8 -10 -12 -16 -19 -22 -24 -26 -27 -28 -30 -32 -35 -35 -37 -38 -38 -38 -37 -36 -34 -32 -28 -27 -27 -28 -30 -32 -33 -36 -38 -42 -44
-9999 -9999 -9999 -9999 22 22 -9999 -9999 17 16 15 15 14 13 12 12 14 16 17 17 15 14 12 11 12 12 12 12 13 12 10 8 7 5 2 1 2 1 2 3 4 4 8 9 9 9 8 8 7 6 6 6 4 3 2 1 0 -1 -4 -4 -5 -5 -8 -11 -13 -15 -18 -20 -22 -23 -24 -25 -26 -29 -30 -31 -33 -33 -35 -34 -35 -34 -32 -30 -29 -27 -25 -25 -27 -29 -31 -34 -37 -40 -42 -44
-9999 -9999 -9999 -9999 23 21 21 -9999 17 16 15 15 14 14 12 12 13 15 16 15 14 11 9 8 7 6 9 10 11 11 10 9 7 5 4 3 4 3 3 4 5 6 8 9 9 9 9 9 8 8 8 6 5 5 3 2 1 -1 -3 -4 -4 -7 -10 -13 -15 -16 -18 -20 -21 -22 -22 -23 -23 -24 -26 -28 -31 -31 -32 -32 -33 -33 -31 -30 -28 -26 -25 -25 -26 -29 -32 -36 -38 -40 -42 -44
-9999 -9999 -9999 22 22 21 20 19 -9999 16 16 14 14 14 14 14 14 15 15 15 13 11 8 7 6 6 8 10 10 10 9 10 9 8 7 6 7 6 5 6 6 7 8 9 9 10 9 9 9 9 8 6 7 5 3 2 0 -1 -2 -5 -5 -6 -10 -14 -16 -17 -18 -18 -18 -19 -20 -21 -22 -23 -25 -26 -26 -26 -28 -29 -31 -30 -30 -29 -28 -27 -27 -27 -28 -30 -32 -36 -38 -40 -43 -44
-9999 -9999 -9999 22 22 21 20 19 17 17 16 15 14 14 15 15 15 15 16 16 14 12 9 10 9 8 10 11 11 11 10 9 9 9 9 10 10 10 8 8 8 8 9 8 9 9 9 10 10 8 8 7 7 5 3 2 1 -1 -2 -4 -5 -7 -10 -14 -16 -16 -16 -16 -16 -18 -18 -20 -22 -23 -24 -23 -22 -23 -25 -27 -28 -29 -29 -28 -28 -28 -28 -30 -31 -32 -33 -35 -38 -40 -42 -43
-9999 -9999 -9999 22 21 21 20 19 18 17 16 14 15 15 15 16 16 15 16 15 15 14 14 13 13 12 12 12 12 11 10 10 9 9 9 10 10 9 9 9 9 9 10 9 9 8 9 10 10 9 9 8 7 5 3 2 2 1 1 -1 -3 -7 -12 -16 -17 -17 -17 -18 -16 -16 -17 -19 -21 -23 -23 -22 -20 -20 -22 -24 -26 -27 -27 -28 -27 -28 -29 -31 -33 -35 -36 -37 -38 -40 -39 -39
-9999 -9999 23 22 21 20 19 17 17 16 14 13 15 16 16 17 17 16 16 16 16 16 15 15 13 13 12 11 11 11 10 5 4 6 8 8 8 8 9 9 7 8 8 8 9 10 10 10 9 9 8 8 7 5 4 4 3 3 2 1 -1 -5 -10 -14 -14 -14 -13 -13 -12 -13 -14 -17 -20 -23 -23 -23 -21 -20 -22 -23 -24 -25 -25 -26 -26 -28 -29 -32 -34 -35 -37 -38 -38 -39 -39 -39
-9999 24 24 22 21 20 18 17 16 16 15 13 15 17 17 18 18 17 17 16 17 18 18 18 17 15 13 12 11 7 4 6 7 4 6 3 5 5 7 9 10 10 10 9 9 10 11 11 9 8 6 5 6 6 6 5 5 4 4 3 2 -2 -7 -10 -9 -9 -8 -8 -7 -9 -12 -16 -19 -23 -25 -24 -24 -22 -22 -22 -23 -23 -24 -25 -25 -27 -30 -31 -32 -34 -36 -37 -37 -38 -38 -38
25 24 23 22 21 20 19 18 17 16 16 16 17 17 19 19 19 18 17 16 17 17 19 19 18 18 16 12 8 5 7 3 4 2 0 1 2 -3 -3 1 7 8 10 10 10 11 12 12 11 10 8 7 7 7 6 5 4 5 5 4 3 -0 -3 -5 -5 -7 -6 -6 -6 -8 -12 -17 -20 -24 -28 -29 -26 -24 -23 -23 -23 -24 -24 -24 -25 -27 -29 -30 -31 -33 -35 -36 -38 -40 -41 -41
26 24 22 22 21 20 19 18 17 18 17 17 17 18 19 20 19 20 19 18 18 17 17 18 16 16 16 14 10 1 6 4 4 -4 -2 1 -1 -5 -15 -19 -9 -2 3 7 9 10 13 12 12 11 10 8 8 8 7 7 5 5 5 4 4 2 -0 -2 -4 -5 -5 -5 -7 -10 -14 -18 -22 -26 -29 -29 -26 -24 -24 -23 -22 -23 -23 -23 -24 -25 -27 -28 -29 -32 -34 -36 -38 -42 -43 -44
25 23 22 21 20 20 19 19 18 18 17 18 19 19 19 20 20 20 20 19 18 18 16 16 16 13 9 7 4 0 5 6 5 1 -3 -2 -4 -1 -4 -3 -3 -5 -5 -0 5 8 10 11 12 11 10 8 7 7 8 7 6 7 6 4 3 1 -0 -2 -3 -5 -6 -7 -10 -14 -18 -23 -26 -26 -28 -28 -26 -23 -21 -20 -20 -20 -21 -21 -21 -23 -25 -26 -27 -30 -32 -34 -38 -41 -42 -43
24 22 21 20 19 19 18 18 18 18 18 18 20 20 20 20 19 19 18 16 14 13 8 7 6 2 -1 -4 -4 -1 5 3 5 0 -3 -3 -6 -7 -7 -5 -0 2 3 7 5 7 11 12 12 10 8 7 7 6 6 7 8 7 7 5 3 2 1 -1 -2 -3 -6 -9 -14 -18 -22 -26 -29 -29 -26 -26 -25 -22 -20 -20 -19 -20 -20 -21 -20 -21 -22 -24 -25 -26 -29 -33 -36 -39 -41 -43
23 21 20 19 19 18 19 18 18 19 19 20 21 20 20 19 18 17 13 9 4 3 2 2 -2 -3 -11 -14 -7 -2 -1 1 4 -0 -10 -6 -6 -11 -7 -3 -1 0 3 3 3 6 9 11 11 9 7 5 5 4 4 6 6 6 5 2 -1 -0 -1 -1 -3 -4 -7 -13 -19 -24 -29 -30 -30 -29 -26 -24 -22 -20 -19 -18 -18 -18 -18 -18 -18 -19 -20 -21 -22 -24 -26 -29 -34 -37 -40 -43
21 19 18 18 18 18 18 18 17 18 20 22 22 21 20 19 18 18 14 9 6 2 -1 -0 -5 -10 -10 -8 -2 -4 -4 4 2 -2 -7 -7 -8 -6 -8 -3 -1 2 2 -1 1 6 7 6 6 7 5 3 2 0 0 -1 -1 2 4 -2 -6 -9 -9 -9 -7 -6 -10 -18 -25 -31 -37 -39 -36 -31 -28 -24 -20 -17 -16 -15 -15 -16 -16 -16 -16 -17 -18 -19 -20 -21 -23 -27 -30 -35 -39 -41
19 16 16 16 17 16 18 18 18 18 19 20 22 22 20 19 18 18 16 12 9 7 2 1 -1 -9 -7 -2 1 1 -2 0 -8 -9 -6 -9 -7 -8 -11 -8 -5 -3 -5 -6 -4 2 3 2 3 2 2 0 -3 -3 -4 -9 -10 -11 -9 -6 -9 -11 -13 -15 -11 -11 -19 -32 -36 -38 -44 -46 -42 -34 -29 -23 -20 -17 -15 -14 -14 -14 -13 -13 -14 -16 -18 -18 -19 -20 -20 -24 -28 -33 -36 -40
16 14 11 13 12 14 15 16 16 17 18 17 18 14 14 16 17 16 18 15 10 9 6 0 -6 -2 -4 -1 1 1 -2 -5 -8 -7 -10 -11 -14 -11 -13 -19 -18 -12 -10 -8 -4 2 -2 -3 -1 -3 -3 -5 -9 -10 -12 -15 -19 -25 -27 -22 -19 -13 -13 -13 -13 -18 -23 -34 -40 -47 -48 -46 -43 -41 -34 -25 -20 -17 -16 -15 -14 -12 -11 -11 -13 -15 -17 -18 -19 -20 -20 -25 -29 -32 -36 -39
13 12 10 10 10 11 11 14 13 15 13 10 -0 -5 0 4 7 8 12 13 7 6 3 -3 -5 -0 4 4 3 1 -5 -14 -10 -10 -12 -18 -19 -15 -12 -14 -20 -22 -18 -15 -7 -10 -10 -10 -9 -9 -11 -12 -15 -19 -20 -26 -24 -18 -14 -18 -16 -14 -13 -10 -11 -14 -18 -23 -32 -36 -39 -40 -40 -37 -32 -29 -21 -18 -17 -16 -13 -12 -12 -12 -13 -15 -17 -18 -20 -22 -25 -27 -32 -35 -36 -39
