resultados/variables_proyeccion_tiempo/variables_futuro_csiro_A1B/bio7.asc
ncols 330
nrows 228
xllcorner -12.000000
yllcorner 34.000000
cellsize 0.166667
NODATA_value -9999
[rows 160 to 199 of 228, columns 184 to 275 of 330]
343 344 341 340 340 341 343 344 341 337 335 333 332 332 330 328 328 329 326 321 307 317 308 278 289 292 306 307 319 310 311 306 315 338 343 344 343 344 341 328 328 337 342 347 351 354 355 357 359 358 360 359 358 357 357 356 356 354 355 355 354 349 339 327 315 304 297 -9999 -9999 -9999 -9999 -9999 -9999 -9999 -9999 -9999 -9999 -9999 -9999 -9999 -9999 -9999 -9999 -9999 -9999 -9999 325 325 326 326 327 325
341 341 340 339 338 337 337 337 337 334 333 332 330 329 329 327 327 330 322 313 302 318 308 300 318 325 336 343 346 346 347 346 353 355 356 352 351 354 351 352 355 355 357 359 360 360 359 360 361 360 359 357 356 354 353 353 353 350 348 347 344 339 332 322 310 298 -9999 -9999 -9999 -9999 -9999 -9999 -9999 -9999 -9999 -9999 -9999 -9999 -9999 -9999 -9999 -9999 -9999 -9999 -9999 -9999 -9999 -9999 -9999 324 325 329
338 338 337 337 336 337 337 337 335 332 331 331 331 330 328 330 333 332 325 321 322 314 320 318 328 337 342 347 347 350 352 353 356 362 356 354 357 359 357 359 362 363 363 364 366 365 364 362 360 358 356 354 353 351 349 348 347 344 340 339 336 332 325 316 305 296 -9999 -9999 -9999 -9999 -9999 -9999 -9999 -9999 -9999 -9999 -9999 -9999 -9999 -9999 -9999 -9999 -9999 -9999 -9999 -9999 -9999 -9999 -9999 320 324 328
336 336 335 334 334 335 335 335 334 332 332 331 332 333 334 335 335 337 326 326 316 316 329 329 334 339 342 346 350 353 354 358 360 363 361 360 361 362 364 365 365 365 366 367 367 367 365 362 359 357 354 352 350 347 346 344 342 338 333 332 328 324 321 313 -9999 -9999 -9999 -9999 -9999 -9999 -9999 -9999 -9999 -9999 -9999 -9999 -9999 -9999 -9999 -9999 -9999 -9999 -9999 -9999 -9999 -9999 -9999 -9999 -9999 313 319 322
331 329 331 333 331 332 332 333 333 333 332 332 332 333 336 337 337 337 330 329 323 328 328 339 339 337 342 347 353 356 359 362 363 366 364 364 365 364 365 366 367 367 367 368 368 366 364 361 358 355 352 350 347 344 342 340 336 332 328 325 322 319 -9999 -9999 -9999 -9999 -9999 -9999 -9999 -9999 -9999 -9999 -9999 -9999 -9999 -9999 -9999 -9999 -9999 -9999 -9999 -9999 -9999 -9999 -9999 -9999 -9999 -9999 301 305 311 313
333 331 333 328 331 331 330 331 333 334 334 333 334 335 337 338 338 330 329 325 329 329 334 340 341 341 342 346 352 359 363 364 366 368 367 367 367 366 366 366 367 367 368 368 367 365 363 360 356 352 350 346 343 339 337 334 331 327 323 319 318 -9999 -9999 -9999 -9999 -9999 -9999 -9999 -9999 -9999 -9999 -9999 -9999 -9999 -9999 -9999 -9999 -9999 -9999 -9999 -9999 -9999 -9999 -9999 -9999 -9999 -9999 -9999 -9999 303 303 306
325 330 333 331 328 322 325 329 331 333 332 332 335 337 340 340 337 329 325 320 326 325 334 340 341 343 344 348 353 359 365 368 368 368 368 367 367 366 366 366 366 366 367 367 366 363 360 358 354 350 347 343 340 336 333 329 325 322 317 313 -9999 -9999 -9999 -9999 -9999 -9999 -9999 -9999 -9999 -9999 -9999 -9999 -9999 -9999 -9999 -9999 -9999 -9999 -9999 -9999 -9999 -9999 -9999 -9999 -9999 -9999 -9999 -9999 -9999 -9999 -9999 -9999
318 311 317 324 326 322 316 321 321 326 331 327 334 339 340 343 339 326 307 316 327 331 336 337 341 345 348 351 355 360 364 367 367 366 368 368 367 367 366 366 366 365 365 365 363 361 358 355 352 347 344 340 336 332 327 324 321 316 311 307 -9999 -9999 -9999 -9999 -9999 -9999 -9999 -9999 -9999 -9999 -9999 -9999 -9999 -9999 -9999 -9999 -9999 -9999 -9999 -9999 -9999 -9999 -9999 -9999 -9999 -9999 -9999 -9999 -9999 -9999 -9999 -9999
315 318 316 319 316 322 321 326 327 331 336 335 338 333 338 343 344 330 313 328 336 338 336 338 342 346 347 350 354 359 362 365 365 366 366 368 366 366 366 365 364 363 364 363 361 358 354 350 347 343 339 336 331 327 323 320 317 312 306 301 -9999 -9999 -9999 -9999 -9999 -9999 -9999 -9999 -9999 -9999 -9999 -9999 -9999 -9999 -9999 -9999 -9999 -9999 -9999 -9999 -9999 -9999 -9999 -9999 -9999 -9999 -9999 -9999 -9999 -9999 -9999 -9999
319 323 324 326 323 315 316 323 330 332 333 341 341 334 338 342 345 336 328 325 326 337 331 338 341 345 347 347 352 356 360 362 364 365 366 366 367 366 365 364 363 362 363 359 356 352 349 345 342 339 335 332 328 324 319 317 313 308 302 296 -9999 -9999 -9999 -9999 -9999 -9999 -9999 -9999 -9999 -9999 -9999 -9999 -9999 -9999 -9999 -9999 -9999 -9999 -9999 -9999 -9999 -9999 -9999 -9999 -9999 -9999 -9999 -9999 -9999 -9999 -9999 -9999
325 322 318 324 329 319 311 310 316 323 313 326 325 334 343 345 344 343 337 325 327 338 326 330 338 342 346 347 351 354 357 359 360 362 362 364 363 363 363 362 361 360 357 355 353 349 346 342 337 335 331 328 325 321 316 314 310 305 299 292 -9999 -9999 -9999 -9999 -9999 -9999 -9999 -9999 -9999 -9999 -9999 -9999 -9999 -9999 -9999 -9999 -9999 -9999 -9999 -9999 -9999 -9999 -9999 -9999 -9999 -9999 -9999 -9999 -9999 -9999 -9999 -9999
313 317 316 322 314 322 313 310 311 308 312 329 316 319 338 339 326 336 344 337 334 330 332 315 315 333 344 348 350 352 354 356 359 361 362 361 358 362 362 360 359 358 355 351 347 347 343 340 335 332 330 325 322 318 313 311 308 303 296 290 -9999 -9999 -9999 -9999 -9999 -9999 -9999 -9999 -9999 -9999 -9999 -9999 -9999 -9999 -9999 -9999 -9999 -9999 -9999 -9999 -9999 -9999 -9999 -9999 -9999 -9999 -9999 -9999 -9999 -9999 -9999 -9999
282 298 288 309 316 313 318 306 311 310 314 330 319 316 327 338 342 341 347 343 337 334 335 330 314 319 332 344 344 347 348 352 357 358 358 355 357 356 356 358 358 358 354 352 348 345 341 341 338 333 330 325 322 317 312 309 308 -9999 -9999 -9999 -9999 -9999 -9999 -9999 -9999 -9999 -9999 -9999 -9999 -9999 -9999 -9999 -9999 -9999 -9999 -9999 -9999 -9999 -9999 -9999 -9999 -9999 -9999 -9999 -9999 -9999 -9999 -9999 -9999 -9999 -9999 -9999
289 291 284 293 299 311 323 309 307 312 321 322 329 317 317 335 333 336 348 349 340 329 335 337 334 328 316 316 329 334 348 350 350 354 352 348 352 349 352 350 352 353 354 352 344 340 338 339 336 332 329 325 321 316 311 308 -9999 -9999 -9999 -9999 -9999 -9999 -9999 -9999 -9999 -9999 -9999 -9999 -9999 -9999 -9999 -9999 -9999 -9999 -9999 -9999 -9999 -9999 -9999 -9999 -9999 -9999 -9999 -9999 -9999 -9999 -9999 -9999 -9999 -9999 -9999 -9999
291 299 294 288 290 306 307 318 304 313 312 316 329 329 327 335 331 340 348 349 346 330 328 326 333 337 335 332 330 329 345 340 343 339 335 342 346 345 350 348 347 347 345 344 340 338 334 334 334 332 328 323 318 312 309 305 -9999 -9999 -9999 -9999 -9999 -9999 -9999 -9999 -9999 -9999 -9999 -9999 -9999 -9999 -9999 -9999 -9999 -9999 -9999 -9999 -9999 -9999 -9999 -9999 -9999 -9999 -9999 -9999 -9999 -9999 -9999 -9999 -9999 -9999 -9999 -9999
293 306 298 286 317 294 302 305 296 301 324 333 333 335 340 335 335 337 338 333 343 322 319 329 330 333 336 341 341 336 334 329 326 323 320 331 322 316 321 333 331 334 335 335 335 334 337 338 338 336 331 325 317 311 305 302 -9999 -9999 -9999 -9999 -9999 -9999 -9999 -9999 -9999 -9999 -9999 -9999 -9999 -9999 -9999 -9999 -9999 -9999 -9999 -9999 -9999 -9999 -9999 -9999 -9999 -9999 -9999 -9999 -9999 -9999 -9999 -9999 -9999 -9999 -9999 -9999
290 295 317 306 310 288 290 300 287 312 334 338 336 337 343 339 336 345 337 343 339 316 319 328 333 337 332 315 332 336 335 336 335 330 327 337 350 344 341 345 347 344 345 348 348 348 347 345 342 338 333 326 318 311 -9999 -9999 -9999 -9999 -9999 -9999 -9999 -9999 -9999 -9999 -9999 -9999 -9999 -9999 -9999 -9999 -9999 -9999 -9999 -9999 -9999 -9999 -9999 -9999 -9999 -9999 -9999 -9999 -9999 -9999 -9999 -9999 -9999 -9999 -9999 -9999 -9999 -9999
289 289 314 334 315 300 293 292 313 324 338 340 339 333 342 345 348 346 351 346 330 317 325 333 334 336 336 325 325 329 336 338 344 346 350 353 355 352 348 345 346 348 351 351 350 349 348 346 343 340 334 326 318 309 305 -9999 -9999 -9999 -9999 -9999 -9999 -9999 -9999 -9999 -9999 -9999 -9999 -9999 -9999 -9999 -9999 -9999 -9999 -9999 -9999 -9999 -9999 -9999 -9999 -9999 -9999 -9999 -9999 -9999 -9999 -9999 -9999 -9999 -9999 -9999 -9999 -9999
288 286 302 319 324 306 311 318 323 330 330 336 341 320 321 344 335 343 354 347 335 332 328 325 340 340 339 314 308 307 316 336 347 352 353 355 356 356 354 351 350 351 350 350 350 349 348 347 344 340 335 328 319 311 304 300 -9999 -9999 -9999 -9999 -9999 -9999 -9999 -9999 -9999 -9999 -9999 -9999 -9999 -9999 -9999 -9999 -9999 -9999 -9999 -9999 -9999 -9999 -9999 -9999 -9999 -9999 -9999 -9999 -9999 -9999 -9999 -9999 -9999 -9999 -9999 -9999
-9999 -9999 285 288 306 315 311 316 314 325 329 320 307 308 340 348 351 352 362 356 348 332 320 326 333 336 343 315 295 298 308 318 330 338 348 347 350 353 351 350 350 350 349 349 347 345 348 348 344 340 334 327 321 314 304 297 292 -9999 -9999 -9999 -9999 -9999 -9999 -9999 -9999 -9999 -9999 -9999 -9999 -9999 -9999 -9999 -9999 -9999 -9999 -9999 -9999 -9999 -9999 -9999 -9999 -9999 -9999 -9999 -9999 -9999 -9999 -9999 258 -9999 -9999 -9999
-9999 -9999 -9999 275 290 302 311 312 313 312 314 303 296 336 337 343 352 363 361 360 356 354 349 344 336 335 342 326 319 328 313 314 310 310 326 313 325 332 340 342 345 346 345 347 347 344 345 347 344 341 337 328 321 313 305 297 292 -9999 -9999 -9999 -9999 -9999 -9999 -9999 -9999 -9999 -9999 -9999 -9999 -9999 -9999 -9999 -9999 -9999 -9999 -9999 -9999 -9999 -9999 -9999 -9999 -9999 -9999 -9999 278 280 280 277 280 275 268 274
-9999 -9999 -9999 -9999 -9999 296 303 314 307 306 318 301 308 332 326 335 316 350 364 364 363 355 336 329 334 327 330 331 298 318 321 311 309 310 319 311 314 317 328 335 339 340 342 342 345 346 347 348 347 346 342 335 325 314 305 297 291 -9999 -9999 -9999 -9999 -9999 -9999 -9999 -9999 -9999 -9999 -9999 -9999 -9999 -9999 -9999 -9999 -9999 -9999 -9999 -9999 -9999 -9999 -9999 -9999 276 281 285 288 291 292 294 297 298 297 296
-9999 -9999 -9999 -9999 269 284 296 304 312 303 320 312 308 326 326 341 335 354 358 364 362 354 352 349 337 329 336 346 326 318 332 328 321 311 309 308 317 321 327 332 335 336 336 337 340 343 345 346 346 346 345 339 328 317 307 298 289 283 -9999 -9999 -9999 -9999 -9999 -9999 -9999 -9999 -9999 -9999 -9999 -9999 -9999 -9999 -9999 -9999 -9999 -9999 -9999 -9999 -9999 261 271 281 291 300 301 302 305 306 309 310 310 308
-9999 -9999 -9999 -9999 262 276 292 300 302 301 311 313 313 327 330 337 352 348 351 358 358 355 351 349 347 340 342 346 344 325 330 329 329 321 324 318 314 320 326 329 331 331 331 333 337 340 341 342 342 344 346 339 324 314 306 298 290 282 274 270 -9999 -9999 -9999 -9999 -9999 -9999 -9999 -9999 -9999 -9999 -9999 -9999 -9999 -9999 -9999 -9999 -9999 270 266 272 281 294 306 306 312 314 317 318 321 323 324 318
-9999 -9999 -9999 -9999 -9999 274 288 299 303 310 304 311 322 321 328 342 352 346 349 350 345 341 354 354 349 346 342 344 341 326 323 327 321 325 325 324 320 322 324 322 322 324 323 325 332 336 337 336 335 337 337 329 316 308 304 298 288 281 274 268 264 261 258 260 264 264 -9999 -9999 -9999 264 263 -9999 -9999 -9999 -9999 -9999 283 281 284 289 296 308 314 316 331 330 332 335 336 334 333 330
-9999 -9999 -9999 -9999 262 272 286 297 305 304 310 316 324 320 329 339 355 349 347 336 345 344 352 355 352 347 341 344 342 336 329 328 329 326 319 319 321 321 319 318 320 322 323 321 326 331 332 331 330 328 324 315 305 298 296 292 285 278 272 266 263 262 263 269 270 270 270 272 273 271 266 262 261 264 275 287 293 297 300 304 307 313 307 332 334 335 339 337 336 333 333 332
-9999 -9999 -9999 -9999 260 272 286 297 304 307 305 313 320 322 330 321 353 353 329 349 361 351 354 356 352 348 341 336 337 334 331 325 317 320 320 320 318 315 314 310 310 314 317 321 323 326 327 326 323 319 314 305 293 -9999 -9999 286 -9999 -9999 -9999 264 263 263 274 280 281 281 281 281 281 281 277 274 281 283 291 300 306 309 308 315 317 311 314 330 328 330 338 344 345 350 346 344
-9999 -9999 -9999 -9999 258 271 285 297 301 307 305 313 324 324 332 327 344 352 355 354 362 361 359 355 351 346 343 337 333 328 325 321 317 316 -9999 306 305 -9999 -9999 -9999 -9999 -9999 -9999 -9999 315 316 318 318 316 312 306 300 294 -9999 -9999 -9999 -9999 -9999 -9999 -9999 -9999 -9999 -9999 -9999 287 292 291 292 291 290 288 287 292 298 302 310 315 320 322 317 320 320 320 320 328 337 341 346 351 357 354 354
-9999 -9999 -9999 -9999 255 270 286 296 303 303 304 311 323 327 332 342 337 354 356 334 353 362 358 354 349 343 340 337 335 328 322 -9999 -9999 -9999 -9999 304 301 -9999 -9999 -9999 -9999 283 -9999 -9999 307 309 313 312 307 306 301 295 -9999 277 272 268 -9999 -9999 -9999 -9999 279 283 286 291 297 300 296 294 295 299 300 302 305 308 312 314 317 318 313 315 321 323 326 333 333 334 347 350 357 372 369 364
-9999 -9999 -9999 -9999 255 271 286 298 303 308 311 315 312 322 336 346 346 343 355 351 346 357 356 353 -9999 343 341 336 330 324 319 310 301 294 -9999 -9999 -9999 -9999 -9999 -9999 279 279 282 -9999 -9999 294 300 304 304 300 293 287 280 271 277 273 274 277 278 284 290 295 302 301 304 309 309 306 309 308 310 312 313 315 318 322 323 332 333 328 324 334 343 342 344 342 349 366 366 375 376 371
-9999 -9999 -9999 -9999 259 273 286 293 303 309 316 317 316 324 329 344 352 349 356 364 352 347 358 353 -9999 -9999 338 335 331 324 315 -9999 296 286 279 -9999 -9999 -9999 -9999 -9999 -9999 -9999 262 266 -9999 288 294 301 302 299 294 287 282 278 277 276 277 280 283 289 296 304 310 309 312 320 316 310 315 314 318 321 323 324 324 328 334 339 343 341 349 349 353 352 361 359 364 364 370 375 373 371
-9999 -9999 -9999 -9999 -9999 -9999 289 296 305 310 310 323 326 320 324 340 353 357 358 358 354 343 331 357 -9999 -9999 -9999 -9999 319 -9999 304 296 286 275 274 -9999 -9999 -9999 -9999 -9999 -9999 -9999 258 260 -9999 277 292 300 300 301 298 295 294 290 288 286 286 286 288 297 303 303 291 281 310 318 311 313 319 322 325 327 329 332 332 334 342 347 350 353 356 360 359 373 364 367 365 358 369 368 367 367
-9999 -9999 -9999 -9999 254 -9999 -9999 303 307 311 317 323 317 321 322 334 348 358 357 356 366 360 353 354 353 -9999 -9999 -9999 314 306 301 287 -9999 -9999 -9999 -9999 -9999 -9999 260 254 250 -9999 -9999 -9999 240 265 290 303 305 304 302 300 300 300 300 300 299 297 298 303 304 308 303 298 294 306 309 318 324 327 330 332 332 334 332 332 333 340 345 349 355 360 368 376 378 370 363 365 369 366 366 370
-9999 -9999 -9999 -9999 -9999 -9999 283 293 302 306 314 322 324 328 327 327 343 360 360 353 368 366 366 357 345 345 -9999 -9999 -9999 -9999 -9999 -9999 -9999 -9999 -9999 -9999 -9999 -9999 254 250 246 -9999 -9999 -9999 225 262 292 302 301 296 302 306 308 309 310 311 312 310 307 308 310 308 310 311 313 316 311 319 328 335 343 345 342 342 341 340 339 341 345 352 353 358 369 368 371 365 366 365 366 361 359 369
-9999 -9999 -9999 -9999 -9999 -9999 282 284 301 303 310 317 321 329 327 323 328 354 371 368 366 366 365 360 350 339 329 -9999 -9999 -9999 -9999 -9999 -9999 -9999 -9999 -9999 -9999 240 241 -9999 -9999 -9999 -9999 -9999 243 262 281 293 296 303 308 312 316 318 321 321 322 320 317 316 318 319 319 318 321 322 325 326 333 338 342 343 345 344 342 339 337 340 346 349 352 357 366 368 372 370 369 365 365 358 360 365
-9999 -9999 -9999 -9999 -9999 -9999 -9999 281 284 296 303 310 319 324 329 328 329 345 360 364 363 360 358 352 346 337 324 320 -9999 -9999 -9999 -9999 255 249 -9999 -9999 -9999 -9999 -9999 -9999 -9999 -9999 -9999 -9999 252 259 265 287 294 303 309 313 322 326 325 328 329 326 322 315 320 321 318 328 326 331 327 331 338 334 335 344 346 346 345 342 340 341 345 350 354 358 365 368 371 371 370 369 364 355 354 358
-9999 -9999 -9999 -9999 -9999 -9999 -9999 -9999 279 278 298 308 317 324 330 330 332 325 336 351 354 352 349 345 340 337 324 318 302 -9999 -9999 259 253 -9999 -9999 -9999 -9999 -9999 -9999 -9999 -9999 -9999 -9999 240 250 259 268 286 290 303 312 322 329 334 332 332 333 332 324 325 318 327 325 338 331 341 340 341 340 341 341 346 345 348 348 347 346 347 348 352 356 361 367 370 372 372 372 369 367 362 359 360
-9999 -9999 -9999 -9999 -9999 -9999 -9999 -9999 -9999 -9999 -9999 307 313 318 323 324 329 327 330 331 340 342 340 332 331 330 325 315 303 287 281 269 -9999 -9999 -9999 -9999 -9999 -9999 -9999 -9999 -9999 -9999 -9999 240 249 258 268 272 -9999 299 313 326 334 332 342 341 332 328 327 327 327 330 335 338 346 344 342 344 347 347 348 346 344 350 353 352 351 350 353 356 360 365 369 372 374 374 374 373 370 367 368 369
-9999 -9999 -9999 -9999 -9999 -9999 -9999 -9999 -9999 -9999 -9999 -9999 307 310 314 319 322 325 323 326 333 332 332 330 327 324 318 313 305 -9999 -9999 -9999 -9999 -9999 221 217 -9999 -9999 -9999 -9999 -9999 -9999 -9999 -9999 -9999 -9999 265 272 293 299 315 326 330 344 349 343 336 333 330 329 331 335 341 348 351 347 340 346 348 348 350 351 351 353 353 352 353 354 356 360 365 370 373 375 375 374 375 375 376 375 372 373
-9999 -9999 -9999 -9999 -9999 -9999 -9999 -9999 -9999 -9999 -9999 292 298 304 307 310 314 315 318 319 319 319 326 324 323 318 313 308 301 294 285 -9999 -9999 -9999 -9999 224 -9999 -9999 -9999 -9999 -9999 -9999 -9999 -9999 -9999 -9999 -9999 -9999 292 301 314 328 342 348 350 347 340 332 326 326 329 334 341 346 349 350 353 350 348 351 350 353 355 356 358 355 355 356 359 363 369 375 378 379 378 376 377 379 381 383 381 377
