resultados/variables_proyeccion_tiempo/variables_futuro_csiro_A1B/bio7.asc
ncols 330
nrows 228
xllcorner -12.000000
yllcorner 34.000000
cellsize 0.166667
NODATA_value -9999
[rows 80 to 119 of 228, columns 92 to 183 of 330]
-9999 -9999 -9999 -9999 -9999 -9999 -9999 -9999 -9999 -9999 -9999 -9999 -9999 172 173 173 172 171 172 174 177 179 183 185 186 189 190 191 192 193 196 198 199 199 197 -9999 -9999 -9999 -9999 -9999 -9999 -9999 -9999 -9999 -9999 -9999 -9999 193 195 197 200 205 208 212 216 219 222 225 227 229 231 234 237 240 244 247 249 250 251 251 252 251 251 250 250 250 249 249 247 246 244 242 242 -9999 -9999 -9999 -9999 -9999 -9999 -9999 -9999 -9999
-9999 -9999 -9999 -9999 -9999 -9999 -9999 -9999 -9999 -9999 -9999 -9999 -9999 -9999 -9999 174 172 171 172 173 174 177 179 182 183 184 185 184 185 187 192 198 202 204 -9999 -9999 -9999 -9999 -9999 -9999 -9999 -9999 -9999 -9999 -9999 -9999 -9999 202 199 198 199 202 206 211 214 217 220 223 225 228 230 232 234 239 242 245 247 248 249 250 250 249 249 248 248 247 247 246 245 243 241 240 -9999 -9999 -9999 -9999 -9999 -9999 -9999 -9999 -9999 -9999
-9999 -9999 -9999 -9999 -9999 -9999 -9999 -9999 -9999 -9999 -9999 -9999 -9999 -9999 -9999 -9999 -9999 -9999 171 171 173 175 176 179 180 180 181 179 179 183 190 197 -9999 -9999 -9999 -9999 -9999 -9999 -9999 -9999 -9999 -9999 -9999 -9999 -9999 -9999 -9999 -9999 201 198 197 201 205 210 213 217 220 222 224 227 229 232 234 238 242 244 246 247 248 248 248 248 248 247 246 245 245 244 243 241 240 236 -9999 -9999 -9999 -9999 -9999 -9999 -9999 -9999 -9999 -9999
-9999 -9999 -9999 -9999 -9999 -9999 -9999 -9999 -9999 -9999 -9999 -9999 -9999 -9999 -9999 -9999 -9999 -9999 -9999 171 172 173 175 177 177 177 178 177 177 180 -9999 -9999 -9999 -9999 -9999 -9999 -9999 -9999 -9999 -9999 -9999 -9999 -9999 -9999 -9999 -9999 -9999 -9999 202 197 196 200 205 210 215 218 221 223 226 228 230 233 236 239 242 245 247 248 249 249 250 248 248 246 245 244 243 241 239 237 236 -9999 -9999 -9999 -9999 -9999 -9999 -9999 -9999 -9999 -9999 -9999
-9999 -9999 -9999 -9999 -9999 -9999 -9999 -9999 -9999 -9999 -9999 -9999 -9999 -9999 -9999 -9999 -9999 -9999 -9999 -9999 -9999 -9999 174 -9999 -9999 177 -9999 -9999 -9999 -9999 -9999 -9999 -9999 -9999 -9999 -9999 -9999 -9999 -9999 -9999 -9999 -9999 -9999 -9999 -9999 -9999 -9999 -9999 -9999 198 198 201 207 212 218 222 224 227 229 231 234 236 239 243 246 249 250 251 250 250 249 249 247 247 245 243 242 240 239 235 234 -9999 -9999 -9999 -9999 -9999 -9999 -9999 -9999 -9999 -9999 240
-9999 -9999 -9999 -9999 -9999 -9999 -9999 -9999 -9999 -9999 -9999 -9999 -9999 -9999 -9999 -9999 -9999 -9999 -9999 -9999 -9999 -9999 -9999 -9999 -9999 -9999 -9999 -9999 -9999 -9999 -9999 -9999 -9999 -9999 -9999 -9999 -9999 -9999 -9999 -9999 -9999 -9999 210 211 -9999 -9999 -9999 -9999 -9999 208 203 205 211 218 223 227 230 233 235 237 239 241 244 248 251 252 253 254 254 254 252 251 250 248 246 244 242 241 239 237 236 -9999 -9999 -9999 -9999 -9999 -9999 -9999 -9999 -9999 232 236
-9999 -9999 -9999 -9999 -9999 -9999 -9999 -9999 -9999 -9999 -9999 -9999 -9999 -9999 -9999 -9999 -9999 -9999 -9999 -9999 -9999 -9999 -9999 -9999 -9999 -9999 -9999 -9999 -9999 -9999 -9999 -9999 -9999 -9999 -9999 -9999 -9999 -9999 -9999 212 210 210 212 -9999 -9999 -9999 -9999 -9999 -9999 -9999 214 217 221 226 230 233 236 238 239 241 243 245 248 251 253 255 256 256 256 256 255 253 252 250 249 246 244 243 243 244 243 -9999 -9999 -9999 -9999 -9999 -9999 -9999 232 232 233 237
-9999 -9999 -9999 -9999 -9999 -9999 -9999 -9999 -9999 -9999 -9999 -9999 -9999 -9999 -9999 -9999 -9999 -9999 -9999 -9999 -9999 -9999 -9999 -9999 -9999 -9999 -9999 -9999 -9999 -9999 -9999 -9999 -9999 -9999 -9999 -9999 -9999 -9999 212 210 207 208 212 218 -9999 -9999 -9999 -9999 -9999 -9999 -9999 233 233 234 236 238 240 242 244 245 246 248 250 252 255 256 257 258 259 258 257 255 254 252 250 248 245 245 248 250 249 -9999 255 -9999 -9999 -9999 -9999 -9999 234 235 236 239
-9999 -9999 -9999 -9999 -9999 -9999 -9999 -9999 -9999 -9999 -9999 -9999 -9999 -9999 -9999 -9999 -9999 -9999 -9999 -9999 -9999 -9999 -9999 -9999 -9999 -9999 -9999 -9999 -9999 -9999 -9999 -9999 -9999 -9999 -9999 -9999 218 217 214 211 209 210 217 223 -9999 246 246 246 -9999 -9999 -9999 -9999 244 241 241 242 243 244 245 246 247 248 250 253 255 256 258 259 259 259 257 255 254 252 250 248 247 247 251 254 -9999 260 258 -9999 -9999 -9999 -9999 -9999 239 239 240 241
-9999 -9999 -9999 -9999 -9999 -9999 -9999 -9999 -9999 -9999 -9999 -9999 -9999 -9999 -9999 -9999 -9999 -9999 -9999 -9999 -9999 -9999 -9999 -9999 -9999 -9999 -9999 -9999 -9999 -9999 214 217 219 221 222 225 226 227 224 220 218 219 222 -9999 -9999 -9999 -9999 -9999 -9999 -9999 -9999 -9999 -9999 246 246 244 244 244 245 245 246 248 250 251 253 255 256 258 259 258 256 254 252 251 250 248 246 247 251 254 -9999 261 260 -9999 -9999 -9999 -9999 -9999 -9999 241 241 -9999
-9999 -9999 -9999 -9999 -9999 -9999 -9999 -9999 -9999 -9999 -9999 -9999 -9999 -9999 -9999 -9999 -9999 -9999 -9999 -9999 -9999 -9999 -9999 -9999 -9999 -9999 -9999 -9999 -9999 210 213 216 220 224 230 236 241 243 239 234 231 230 -9999 -9999 -9999 -9999 -9999 -9999 -9999 -9999 -9999 -9999 -9999 -9999 248 246 243 243 243 244 244 246 246 248 250 252 253 255 257 256 253 252 250 249 248 247 246 247 249 252 255 258 -9999 -9999 -9999 -9999 -9999 -9999 -9999 242 242 -9999
-9999 -9999 -9999 -9999 -9999 -9999 -9999 -9999 -9999 -9999 -9999 -9999 -9999 -9999 -9999 -9999 -9999 -9999 -9999 -9999 -9999 -9999 -9999 -9999 -9999 -9999 -9999 -9999 -9999 208 213 217 222 228 236 245 255 258 252 247 243 242 244 -9999 -9999 -9999 -9999 -9999 -9999 299 -9999 -9999 -9999 -9999 -9999 245 242 240 240 241 242 242 243 244 246 248 249 250 252 251 250 248 247 246 245 246 246 247 249 250 252 -9999 -9999 -9999 -9999 -9999 -9999 -9999 -9999 -9999 -9999 -9999
-9999 -9999 -9999 -9999 -9999 -9999 -9999 -9999 -9999 -9999 -9999 -9999 -9999 -9999 -9999 -9999 -9999 -9999 -9999 -9999 -9999 -9999 -9999 -9999 -9999 -9999 -9999 -9999 215 214 218 220 225 231 239 248 258 262 259 255 250 247 245 247 252 -9999 -9999 -9999 -9999 -9999 -9999 -9999 -9999 -9999 -9999 -9999 242 239 238 238 238 238 239 240 242 243 244 244 245 246 245 244 243 242 242 244 247 249 251 251 251 -9999 -9999 -9999 -9999 -9999 -9999 -9999 -9999 -9999 -9999 -9999
-9999 -9999 -9999 -9999 -9999 -9999 -9999 -9999 -9999 -9999 -9999 -9999 -9999 -9999 -9999 -9999 -9999 -9999 -9999 -9999 -9999 -9999 -9999 -9999 -9999 -9999 -9999 -9999 226 224 224 225 228 231 237 245 254 259 259 257 253 248 245 244 248 255 -9999 -9999 -9999 -9999 -9999 -9999 -9999 -9999 -9999 245 240 236 235 235 235 235 235 236 237 237 238 239 240 240 240 240 239 239 240 243 248 -9999 255 254 -9999 -9999 -9999 -9999 -9999 -9999 -9999 -9999 -9999 -9999 -9999 -9999
-9999 -9999 -9999 -9999 -9999 -9999 -9999 -9999 -9999 -9999 -9999 -9999 -9999 -9999 -9999 -9999 -9999 -9999 -9999 -9999 -9999 -9999 -9999 -9999 -9999 -9999 -9999 -9999 238 236 232 229 230 231 235 242 250 256 258 258 254 249 243 240 241 248 -9999 -9999 -9999 -9999 265 -9999 -9999 -9999 -9999 246 239 235 233 233 232 232 232 232 233 233 233 233 234 235 236 236 236 236 238 242 247 -9999 258 257 -9999 -9999 -9999 -9999 -9999 -9999 -9999 -9999 -9999 -9999 -9999 -9999
-9999 -9999 -9999 -9999 -9999 -9999 -9999 -9999 -9999 -9999 -9999 -9999 -9999 -9999 -9999 -9999 -9999 -9999 -9999 -9999 -9999 -9999 -9999 -9999 -9999 -9999 -9999 -9999 248 242 234 230 229 230 234 241 247 253 258 259 254 248 -9999 236 236 -9999 -9999 -9999 -9999 -9999 -9999 -9999 254 254 250 242 237 233 232 230 230 229 228 229 229 229 229 228 227 231 233 -9999 234 233 238 241 -9999 -9999 -9999 -9999 -9999 -9999 -9999 -9999 -9999 -9999 -9999 -9999 -9999 -9999 -9999 -9999
-9999 -9999 -9999 -9999 -9999 -9999 -9999 -9999 -9999 -9999 -9999 -9999 -9999 -9999 -9999 -9999 -9999 -9999 -9999 -9999 -9999 -9999 -9999 -9999 -9999 -9999 -9999 -9999 246 239 231 227 226 229 233 238 244 250 255 259 253 248 -9999 227 -9999 -9999 231 241 -9999 244 245 248 247 246 243 238 232 230 229 228 228 226 225 226 226 225 226 -9999 -9999 -9999 -9999 -9999 -9999 -9999 -9999 -9999 -9999 -9999 -9999 -9999 -9999 -9999 -9999 -9999 -9999 -9999 -9999 -9999 -9999 -9999 -9999 -9999
-9999 -9999 -9999 -9999 -9999 -9999 -9999 -9999 -9999 -9999 -9999 -9999 -9999 -9999 -9999 -9999 -9999 -9999 -9999 -9999 -9999 -9999 -9999 -9999 -9999 -9999 -9999 -9999 -9999 230 225 223 223 226 230 235 240 245 249 251 252 239 -9999 225 -9999 -9999 221 227 233 237 237 239 238 237 235 233 -9999 228 228 227 226 226 225 224 223 223 -9999 -9999 -9999 -9999 -9999 -9999 -9999 -9999 -9999 -9999 -9999 -9999 -9999 -9999 -9999 -9999 -9999 -9999 -9999 -9999 -9999 -9999 -9999 -9999 -9999 -9999
-9999 -9999 -9999 -9999 -9999 -9999 -9999 -9999 -9999 -9999 -9999 -9999 -9999 -9999 -9999 -9999 -9999 -9999 -9999 -9999 -9999 -9999 -9999 -9999 -9999 -9999 -9999 -9999 225 222 218 218 220 223 227 231 235 239 241 238 237 235 230 220 217 -9999 220 223 228 232 234 234 233 232 232 228 228 229 228 228 227 227 228 227 225 224 -9999 -9999 -9999 -9999 -9999 -9999 -9999 -9999 -9999 -9999 -9999 -9999 -9999 -9999 -9999 -9999 -9999 -9999 -9999 -9999 -9999 -9999 -9999 -9999 -9999 -9999
-9999 -9999 -9999 -9999 -9999 -9999 -9999 -9999 -9999 -9999 -9999 -9999 -9999 -9999 -9999 -9999 -9999 -9999 -9999 -9999 -9999 -9999 -9999 -9999 -9999 -9999 -9999 -9999 -9999 219 216 215 216 220 224 229 232 233 236 233 231 229 225 219 216 -9999 216 221 226 231 233 233 232 231 232 -9999 -9999 232 230 229 230 231 231 230 228 226 -9999 -9999 -9999 -9999 -9999 -9999 -9999 -9999 -9999 -9999 -9999 -9999 -9999 -9999 -9999 -9999 -9999 -9999 -9999 -9999 -9999 -9999 -9999 -9999 -9999 -9999
-9999 -9999 -9999 -9999 -9999 -9999 -9999 -9999 -9999 -9999 -9999 -9999 -9999 -9999 -9999 -9999 -9999 -9999 -9999 -9999 -9999 -9999 -9999 -9999 -9999 -9999 -9999 -9999 -9999 -9999 -9999 209 213 217 221 226 228 228 229 227 225 223 221 218 215 -9999 -9999 220 226 231 234 235 234 233 233 -9999 -9999 -9999 -9999 -9999 -9999 -9999 -9999 -9999 -9999 -9999 -9999 -9999 224 225 -9999 -9999 -9999 -9999 -9999 -9999 -9999 -9999 -9999 -9999 -9999 -9999 -9999 -9999 -9999 -9999 -9999 -9999 -9999 -9999 -9999 -9999
-9999 -9999 -9999 -9999 -9999 -9999 -9999 -9999 -9999 -9999 -9999 -9999 -9999 -9999 -9999 -9999 -9999 -9999 -9999 -9999 -9999 -9999 -9999 -9999 -9999 -9999 -9999 -9999 -9999 -9999 205 207 210 215 219 222 224 222 220 218 220 221 221 220 218 218 -9999 -9999 -9999 -9999 237 237 236 239 239 -9999 -9999 -9999 -9999 -9999 -9999 -9999 -9999 -9999 -9999 -9999 -9999 -9999 230 229 229 -9999 -9999 -9999 -9999 -9999 -9999 -9999 -9999 -9999 -9999 -9999 -9999 -9999 -9999 -9999 -9999 -9999 -9999 -9999 -9999 -9999
-9999 -9999 -9999 -9999 -9999 -9999 -9999 -9999 -9999 -9999 -9999 -9999 -9999 -9999 -9999 -9999 -9999 -9999 -9999 -9999 -9999 -9999 -9999 -9999 -9999 -9999 -9999 -9999 -9999 216 214 210 211 215 218 221 221 220 218 216 216 222 226 224 223 221 223 224 228 236 241 243 240 239 240 240 -9999 -9999 -9999 -9999 -9999 -9999 -9999 -9999 -9999 -9999 -9999 -9999 -9999 -9999 -9999 -9999 -9999 -9999 -9999 -9999 -9999 -9999 -9999 -9999 -9999 -9999 -9999 -9999 -9999 -9999 -9999 -9999 -9999 -9999 -9999 -9999
-9999 -9999 -9999 -9999 -9999 -9999 -9999 -9999 -9999 -9999 -9999 -9999 -9999 -9999 -9999 -9999 -9999 -9999 -9999 -9999 -9999 -9999 -9999 -9999 -9999 -9999 -9999 -9999 -9999 215 214 213 214 217 221 223 223 222 220 218 -9999 -9999 -9999 -9999 227 -9999 225 228 233 238 246 251 248 -9999 -9999 -9999 -9999 -9999 -9999 -9999 -9999 -9999 -9999 -9999 -9999 -9999 -9999 -9999 -9999 -9999 -9999 -9999 -9999 -9999 -9999 -9999 -9999 -9999 -9999 -9999 -9999 -9999 291 288 284 281 281 278 272 266 261 258
-9999 -9999 -9999 -9999 -9999 -9999 -9999 -9999 -9999 -9999 -9999 -9999 -9999 -9999 -9999 -9999 -9999 -9999 -9999 -9999 -9999 -9999 -9999 -9999 -9999 -9999 -9999 -9999 -9999 -9999 213 216 219 221 224 226 228 227 224 223 222 -9999 -9999 -9999 -9999 -9999 233 -9999 236 239 -9999 258 -9999 -9999 -9999 -9999 -9999 -9999 238 238 238 240 -9999 -9999 -9999 -9999 -9999 -9999 -9999 -9999 -9999 -9999 -9999 -9999 -9999 -9999 -9999 -9999 -9999 289 296 300 296 292 290 290 290 284 276 269 263 259
-9999 -9999 -9999 -9999 -9999 -9999 -9999 -9999 -9999 -9999 -9999 -9999 -9999 -9999 -9999 -9999 -9999 -9999 -9999 -9999 -9999 -9999 -9999 -9999 -9999 -9999 -9999 -9999 -9999 -9999 218 221 223 225 228 230 231 231 229 228 228 231 231 231 -9999 236 236 238 -9999 -9999 -9999 -9999 -9999 -9999 235 236 236 236 237 236 238 240 245 -9999 -9999 -9999 -9999 -9999 -9999 -9999 -9999 -9999 -9999 -9999 -9999 -9999 -9999 -9999 280 288 296 301 301 298 297 296 293 288 280 272 265 261
-9999 -9999 -9999 -9999 -9999 -9999 -9999 -9999 -9999 -9999 -9999 -9999 -9999 -9999 -9999 -9999 -9999 -9999 -9999 -9999 -9999 -9999 -9999 -9999 -9999 -9999 -9999 -9999 -9999 -9999 -9999 223 224 229 231 233 234 235 233 232 231 232 233 234 235 238 241 -9999 -9999 -9999 -9999 -9999 230 231 234 236 237 236 236 236 238 -9999 244 -9999 -9999 -9999 -9999 -9999 -9999 -9999 -9999 -9999 -9999 288 281 273 266 271 280 289 298 303 303 302 301 299 296 291 284 278 272 268
-9999 -9999 -9999 -9999 -9999 -9999 -9999 -9999 -9999 -9999 -9999 -9999 -9999 -9999 -9999 -9999 -9999 -9999 -9999 -9999 -9999 -9999 -9999 -9999 -9999 -9999 -9999 -9999 -9999 -9999 -9999 -9999 233 233 234 235 236 237 237 236 236 237 238 239 240 241 -9999 -9999 242 239 236 233 231 232 235 238 239 239 238 238 241 246 251 258 267 -9999 -9999 -9999 275 277 279 283 287 290 285 279 273 276 285 293 300 305 306 306 306 304 301 296 291 285 280 277
-9999 -9999 -9999 -9999 -9999 -9999 -9999 -9999 -9999 -9999 -9999 -9999 -9999 -9999 -9999 -9999 -9999 -9999 -9999 -9999 -9999 -9999 -9999 -9999 -9999 -9999 -9999 -9999 -9999 -9999 227 237 239 236 237 238 239 240 240 241 242 244 244 246 247 247 246 245 242 240 237 236 235 236 240 243 244 243 242 242 244 249 255 262 270 276 275 276 276 279 282 287 291 292 289 285 283 286 292 299 305 308 310 311 311 310 306 301 296 291 287 286
-9999 -9999 -9999 -9999 -9999 -9999 -9999 -9999 -9999 -9999 -9999 -9999 -9999 -9999 -9999 -9999 -9999 -9999 -9999 -9999 -9999 -9999 -9999 -9999 204 205 206 210 216 220 -9999 234 238 239 239 240 241 242 244 246 249 250 251 253 251 248 246 244 242 241 240 239 239 241 244 248 248 246 244 246 249 253 259 265 271 275 275 276 278 281 285 290 293 294 293 290 290 293 300 306 312 313 314 315 315 314 310 305 301 297 294 293
-9999 -9999 -9999 -9999 -9999 -9999 -9999 -9999 -9999 -9999 -9999 -9999 -9999 -9999 -9999 -9999 -9999 -9999 -9999 -9999 210 209 210 208 208 209 210 213 219 226 229 234 236 238 239 242 243 245 248 251 253 255 256 256 254 252 249 246 244 244 242 242 243 244 246 248 249 248 247 249 252 256 261 266 271 274 274 275 279 283 288 292 295 296 296 295 296 298 304 309 313 314 315 316 317 315 312 308 304 301 299 298
-9999 -9999 -9999 -9999 -9999 -9999 -9999 -9999 -9999 -9999 -9999 203 206 207 210 212 213 214 216 218 217 218 216 216 216 216 217 219 223 227 231 233 235 237 239 242 245 248 251 254 257 260 261 260 258 255 252 250 248 247 246 245 246 246 248 249 249 249 250 252 254 258 263 268 271 274 275 275 280 286 290 294 296 297 298 299 301 302 306 309 312 314 315 316 316 315 313 310 307 305 304 303
-9999 -9999 -9999 -9999 -9999 -9999 -9999 -9999 -9999 201 -9999 -9999 209 209 212 214 215 218 220 222 222 221 223 223 222 222 224 225 227 230 232 235 236 238 240 243 246 250 253 256 258 261 264 261 258 256 254 252 250 249 249 248 248 248 250 250 251 253 253 256 258 261 267 270 275 277 279 280 284 289 294 296 298 300 300 301 304 304 307 309 312 313 314 315 315 314 313 311 309 307 306 305
-9999 -9999 -9999 -9999 -9999 -9999 -9999 -9999 198 199 -9999 -9999 210 211 214 216 218 221 223 225 225 225 225 226 226 227 228 231 232 235 235 237 238 239 242 245 248 251 255 257 258 260 261 260 258 256 255 254 253 251 252 251 250 251 253 253 255 256 258 261 263 266 270 274 277 280 283 284 288 292 296 299 301 302 302 304 305 306 307 309 311 311 314 314 315 315 313 312 310 310 309 307
-9999 -9999 -9999 -9999 -9999 -9999 -9999 -9999 201 204 206 -9999 213 214 217 219 221 223 225 226 227 228 228 229 229 230 233 235 237 239 237 237 239 240 244 245 248 251 254 256 256 257 258 259 256 256 256 254 253 253 253 254 254 255 256 258 259 261 263 265 267 269 272 275 279 282 286 289 293 297 300 302 302 303 304 305 306 306 308 308 309 309 311 311 312 313 313 313 312 311 311 311
-9999 -9999 -9999 -9999 -9999 -9999 -9999 204 204 207 210 213 -9999 219 220 222 223 225 226 227 228 228 229 230 231 232 235 236 239 239 238 237 239 241 244 246 248 250 252 253 253 254 254 255 255 255 255 255 254 254 254 255 255 257 259 261 263 265 267 270 271 272 274 276 281 286 290 295 298 300 302 305 305 304 304 305 305 306 306 306 306 306 308 309 311 312 312 312 313 313 314 315
-9999 -9999 -9999 -9999 -9999 -9999 -9999 206 209 210 212 214 220 222 222 224 226 227 228 228 229 229 230 231 232 233 234 236 237 237 236 238 239 241 243 246 247 248 250 250 251 252 252 254 254 254 254 254 254 254 255 256 257 259 261 263 265 268 271 273 274 274 275 277 282 288 294 300 302 303 303 303 303 303 303 303 304 304 305 304 303 303 305 307 308 310 311 313 314 316 318 321
-9999 -9999 -9999 -9999 -9999 -9999 -9999 210 212 214 216 220 221 223 225 227 228 229 229 229 230 230 230 232 232 233 234 235 235 236 236 237 239 240 243 245 247 248 248 248 249 250 251 252 252 253 253 254 254 254 256 257 258 260 262 264 267 270 272 274 275 275 276 278 281 287 295 303 301 300 299 297 298 300 300 302 302 303 304 302 300 300 302 304 307 310 311 314 315 318 322 325
-9999 -9999 -9999 -9999 -9999 -9999 209 212 216 219 221 224 225 226 228 229 230 230 231 231 231 231 231 232 232 233 233 234 235 235 235 236 238 240 242 242 244 246 248 248 249 250 250 250 249 251 251 252 254 256 256 256 258 259 261 264 267 270 272 274 274 274 275 277 279 285 293 300 300 297 295 293 293 294 297 300 303 303 304 304 302 302 303 305 306 308 310 312 315 319 323 328
-9999 -9999 -9999 -9999 -9999 209 211 216 218 222 224 226 227 228 229 230 231 232 232 233 233 232 232 232 232 232 233 234 235 235 234 237 237 239 240 244 246 245 248 247 248 248 248 249 249 250 252 252 254 256 256 256 258 259 259 262 265 267 269 270 271 271 273 274 278 283 287 291 294 293 292 290 290 291 294 299 302 305 307 306 305 304 303 304 305 307 309 312 314 317 322 327
