resultados/variables_proyeccion_tiempo/variables_futuro_csiro_A1B/bio7.asc
ncols 330
nrows 228
xllcorner -12.000000
yllcorner 34.000000
cellsize 0.166667
NODATA_value -9999
[rows 120 to 159 of 228, columns 184 to 275 of 330]
326 327 328 328 328 329 328 326 326 324 320 315 313 312 313 317 320 323 326 329 331 332 330 327 322 317 314 315 319 322 321 321 320 320 319 319 319 318 319 319 319 318 317 318 318 320 320 321 321 322 324 325 327 328 330 330 331 333 333 333 334 335 336 337 338 340 340 341 342 342 342 341 341 340 338 337 338 339 339 339 340 339 339 340 341 341 343 344 345 346 346 347
321 322 324 324 325 326 327 326 325 323 321 318 316 316 316 318 321 324 326 329 330 331 330 328 325 320 318 320 322 324 324 322 322 320 319 319 319 319 319 319 319 318 317 318 319 320 320 320 321 323 323 325 327 329 330 331 332 332 334 334 335 336 336 337 337 339 340 341 342 342 341 341 341 340 338 337 337 338 339 339 340 340 340 340 341 342 344 345 346 346 347 348
316 318 319 321 323 324 326 326 325 323 323 320 319 318 318 319 322 324 326 329 331 332 332 331 328 325 322 323 325 327 325 324 322 320 320 318 319 319 319 319 318 318 318 318 319 320 320 321 321 323 324 326 327 329 330 332 333 333 335 335 335 335 336 336 337 338 339 340 340 341 341 341 340 339 338 337 337 338 338 339 340 340 340 341 342 343 344 345 346 347 348 349
311 314 315 317 319 321 325 326 324 323 323 321 322 321 320 321 321 323 325 328 331 333 334 332 330 328 325 325 326 326 324 323 322 320 319 318 318 319 318 318 318 318 318 318 319 320 320 322 322 324 325 326 328 329 330 331 332 333 334 335 335 335 335 336 336 337 338 339 339 339 339 339 339 337 336 336 337 337 338 338 339 339 341 341 342 343 344 345 346 348 348 349
307 308 310 312 315 318 321 324 324 323 323 321 321 322 322 322 321 322 324 327 329 334 336 333 330 328 325 324 324 324 322 320 319 318 317 317 317 318 318 318 318 317 318 318 319 320 321 321 322 324 325 327 328 329 330 331 331 333 335 335 335 335 335 335 335 336 337 337 337 338 338 338 337 336 336 335 335 336 336 337 338 339 340 342 342 343 344 346 346 347 348 349
302 303 304 307 310 314 318 320 321 322 323 321 321 322 321 321 320 320 322 324 327 331 333 331 328 326 324 322 320 320 318 317 316 316 316 316 316 316 317 317 317 316 317 318 319 320 321 321 322 325 325 327 328 329 330 330 332 332 335 336 335 335 335 335 335 335 336 336 337 337 337 336 336 335 335 334 334 335 337 337 338 340 341 341 342 342 343 345 346 348 348 349
298 298 298 301 308 312 315 318 321 323 323 324 323 322 321 320 319 318 318 321 325 327 328 327 325 323 321 319 318 315 314 313 313 314 313 314 314 315 316 316 315 315 316 317 319 320 321 321 322 325 326 327 328 330 330 331 331 332 334 335 335 334 334 334 334 334 335 335 335 335 335 335 335 335 334 335 335 336 337 338 339 340 341 341 342 343 344 345 346 348 349 350
297 296 296 299 305 310 314 317 319 322 324 326 326 324 322 320 318 316 316 320 323 325 325 323 322 320 318 316 314 313 311 310 310 310 311 312 313 314 315 316 315 316 316 317 319 320 321 322 323 324 326 328 329 330 331 332 332 333 334 335 335 335 335 335 334 334 334 334 334 334 335 335 335 335 335 335 336 337 338 339 340 341 342 342 344 345 346 346 348 349 350 351
300 301 301 302 303 308 311 314 318 322 325 326 327 327 325 324 322 320 320 323 325 326 325 322 320 318 315 312 310 309 308 307 308 309 309 311 312 313 315 316 317 317 317 319 320 322 322 324 324 325 327 329 330 331 332 333 333 333 334 335 335 336 335 335 335 334 334 334 334 334 334 335 335 336 336 336 337 339 340 341 342 343 345 345 346 347 348 348 350 351 352 353
305 308 308 307 306 306 308 312 316 320 324 328 329 329 329 328 326 325 325 327 328 328 325 322 318 315 312 309 307 306 306 306 306 308 309 310 312 313 316 317 316 317 319 319 321 323 324 325 325 328 328 330 331 333 333 333 334 335 336 336 336 336 336 336 335 335 334 334 334 335 334 335 337 337 338 339 340 341 342 344 345 347 348 348 349 349 350 350 352 353 354 355
310 314 316 314 310 307 306 310 317 321 326 330 332 334 333 331 329 328 329 331 332 329 325 320 315 312 309 307 304 304 305 305 305 306 308 309 311 314 316 317 318 319 320 320 322 324 326 326 327 328 329 331 332 333 334 335 336 336 336 337 337 337 337 337 336 336 336 335 335 335 336 337 338 339 340 341 342 344 345 346 348 350 350 351 351 352 352 353 354 355 356 357
314 318 320 318 314 311 310 313 319 324 329 333 335 335 333 332 331 330 331 334 335 330 324 318 313 309 306 305 303 301 301 302 303 305 307 309 311 313 316 316 318 319 319 321 325 325 326 326 327 328 330 332 333 334 335 335 336 337 338 338 337 338 338 337 337 337 336 336 336 336 336 337 339 341 342 344 346 348 348 350 350 352 352 353 354 354 354 355 356 357 358 359
316 320 320 319 316 315 315 315 319 325 328 332 335 334 331 330 329 328 330 331 331 327 321 315 310 307 305 303 302 300 299 298 301 303 306 309 311 312 313 314 317 318 321 323 325 326 326 327 327 328 330 332 333 335 336 336 337 338 338 338 338 339 339 338 338 338 337 336 336 336 337 338 340 342 344 345 347 349 350 352 353 353 354 355 356 356 356 357 358 359 360 361
313 311 310 313 308 313 313 312 314 318 323 331 331 331 330 329 330 330 329 329 328 326 321 313 307 306 304 303 302 301 299 298 299 303 305 307 308 311 312 314 317 318 321 323 324 326 326 327 328 330 331 333 334 335 336 337 337 338 338 338 338 338 339 339 338 338 338 338 337 337 338 339 341 343 345 347 349 351 352 353 354 354 355 356 357 357 358 358 359 360 361 362
306 304 307 300 300 298 306 312 306 308 319 331 327 324 321 319 322 325 326 327 329 326 319 312 309 305 303 303 303 302 301 301 300 303 304 307 308 311 313 315 317 319 322 323 325 326 327 328 328 330 331 332 334 335 336 337 337 338 339 339 339 339 339 339 338 338 339 338 338 338 339 341 343 344 346 348 350 351 352 354 355 355 356 357 358 359 359 360 361 362 362 362
308 305 303 298 305 309 309 310 312 314 318 307 313 308 312 314 320 321 320 317 321 323 320 311 306 304 303 302 304 304 303 304 305 307 308 309 310 312 314 316 318 319 322 323 324 326 327 328 329 330 331 332 334 335 336 336 337 338 339 340 341 340 339 339 338 339 339 338 337 339 340 341 343 344 346 348 350 352 352 354 355 356 357 358 359 360 360 361 362 363 363 364
314 309 296 304 308 298 277 273 270 283 311 309 310 312 309 320 325 328 325 323 318 312 313 309 305 304 299 298 300 303 305 306 307 308 310 312 313 314 316 317 319 320 322 324 325 326 328 329 330 330 332 333 334 335 336 337 338 338 339 341 342 341 340 339 338 338 339 338 338 339 340 342 344 345 347 348 351 351 352 354 356 357 358 359 360 360 361 362 363 364 365 365
300 314 309 306 309 310 300 297 284 308 316 308 310 313 320 323 325 329 329 327 325 317 310 306 300 302 300 295 298 301 304 307 307 310 311 314 315 317 317 319 320 322 323 324 326 327 328 330 331 332 333 334 335 337 337 337 338 339 340 342 341 341 340 339 338 338 338 338 338 339 341 342 344 346 348 349 351 352 354 355 357 358 359 360 361 362 363 364 364 366 366 366
312 312 294 296 290 282 293 294 286 299 311 319 316 316 319 326 314 327 331 329 321 319 322 315 307 300 301 297 298 296 298 304 308 311 311 314 318 319 320 321 322 324 326 327 328 329 330 330 331 333 335 336 338 338 338 339 339 340 340 341 342 341 340 340 339 339 338 339 338 338 341 343 345 347 348 350 352 354 355 356 357 359 360 360 362 364 364 365 365 366 366 366
311 303 313 321 309 313 309 306 314 310 319 312 314 315 317 327 327 322 332 332 331 326 318 319 313 307 306 300 300 296 295 294 302 309 313 317 320 321 322 324 326 328 329 330 331 332 332 333 333 334 336 338 339 340 340 341 342 342 342 342 342 342 342 341 340 340 340 339 339 340 342 344 347 349 351 353 355 357 358 358 359 360 361 362 363 365 366 366 367 367 367 367
318 320 327 327 317 310 316 323 329 333 331 329 329 332 332 332 324 331 333 332 332 330 327 322 316 315 312 302 304 300 294 290 294 302 308 316 320 323 326 328 330 332 333 334 335 334 336 337 337 338 340 341 342 343 343 344 345 345 345 345 344 343 343 343 342 342 342 342 342 342 345 346 349 351 353 355 356 358 359 361 362 363 363 365 366 367 368 369 369 369 369 369
319 317 323 314 320 330 335 334 335 338 336 338 339 337 335 331 326 332 334 334 333 332 331 330 328 321 314 319 308 307 297 295 296 298 299 310 316 324 328 332 334 336 338 337 336 337 339 340 340 341 342 343 344 346 346 347 348 348 347 347 346 345 345 345 343 343 344 344 345 346 348 350 352 354 356 358 359 360 362 363 364 365 366 367 368 368 370 371 371 370 370 370
326 326 326 325 332 334 335 333 336 338 339 341 344 341 339 333 334 336 335 334 334 333 333 331 330 329 328 322 324 315 309 307 297 300 308 305 306 317 325 330 334 336 337 339 341 342 343 344 345 345 345 346 347 348 348 349 351 351 351 350 349 347 347 347 346 346 346 346 347 349 351 353 355 357 358 359 360 361 363 364 365 366 369 370 370 371 372 372 373 372 372 372
327 328 328 331 332 333 332 331 334 335 328 329 344 345 342 341 339 337 335 334 334 333 333 332 332 331 330 324 327 326 324 321 312 312 304 297 311 319 321 321 329 336 338 340 340 343 345 346 346 348 349 349 350 351 352 352 352 352 353 352 351 349 348 347 346 347 347 348 349 351 353 355 358 359 359 360 361 363 365 366 368 369 370 371 372 372 373 374 374 373 372 372
326 318 324 326 328 327 328 324 331 337 337 340 344 345 343 342 339 337 336 334 333 332 333 333 332 332 332 331 326 313 318 329 323 312 303 302 303 309 314 318 322 331 338 340 341 344 346 348 349 350 351 352 352 353 354 354 354 354 353 352 352 351 350 348 348 348 348 349 350 352 353 354 356 358 359 360 362 363 365 367 369 370 371 373 373 374 374 375 374 373 373 372
322 319 323 324 325 329 331 333 337 339 341 342 344 343 343 341 339 336 334 334 333 333 333 334 333 333 333 333 323 318 309 320 325 329 324 313 308 301 306 312 319 323 330 341 343 343 346 349 351 351 352 354 355 355 355 356 355 354 354 352 351 351 350 349 348 348 349 349 350 350 352 354 355 356 358 359 361 363 366 368 370 371 372 373 374 373 374 374 374 374 373 373
320 316 320 320 323 328 331 334 336 338 340 341 343 342 341 340 339 335 334 334 333 334 333 334 334 331 329 331 334 334 327 320 317 317 322 304 304 301 309 312 319 328 330 336 342 346 347 349 349 353 354 355 356 357 356 355 356 355 354 353 351 350 350 349 348 348 348 348 349 350 350 351 353 354 356 358 360 362 365 367 370 371 371 372 373 373 373 373 374 373 373 373
320 318 318 320 322 326 330 332 334 336 337 339 341 341 340 339 338 337 336 335 335 334 332 331 331 330 330 331 328 330 328 330 331 326 333 320 326 322 312 316 313 318 327 332 340 346 346 349 348 352 355 357 357 358 358 357 355 354 353 353 352 350 350 348 347 347 346 346 346 346 348 348 350 352 353 356 358 361 364 366 368 370 370 371 371 371 372 373 372 372 373 373
321 320 320 322 323 326 329 331 334 335 337 339 339 339 338 338 338 338 338 337 335 333 330 330 330 330 329 328 328 330 332 334 341 345 346 343 334 319 311 309 311 312 321 323 331 342 348 349 351 352 355 357 358 358 360 358 355 355 353 352 350 349 348 347 346 344 345 344 344 344 345 346 348 350 351 353 356 359 362 365 367 367 368 368 369 369 370 372 372 372 372 373
322 322 322 323 324 326 329 331 333 335 336 338 339 340 340 338 338 339 338 336 334 332 324 321 323 323 323 329 326 327 332 341 340 347 351 348 324 311 308 300 313 313 314 330 331 337 347 349 352 352 354 356 357 358 359 359 357 354 352 351 349 348 348 345 344 343 342 341 341 341 341 342 344 346 348 351 354 356 360 363 365 365 365 366 367 368 369 370 371 372 373 374
323 323 324 325 325 327 329 331 334 335 337 339 340 340 340 340 339 339 338 335 332 327 318 318 312 316 323 324 324 326 335 338 342 347 351 349 346 336 322 320 328 318 323 325 336 338 348 349 350 354 352 354 356 357 358 357 359 357 354 352 349 348 347 344 342 341 339 338 336 336 336 336 338 341 344 347 350 353 357 359 361 361 362 363 364 366 368 370 371 372 373 374
326 326 326 326 327 328 331 333 335 336 337 339 340 340 341 341 340 339 338 337 335 333 328 303 288 305 305 313 322 324 332 339 344 347 350 352 351 343 321 310 331 325 314 323 324 329 344 352 351 354 353 354 356 359 359 358 358 358 355 352 350 348 346 343 340 338 336 334 332 332 331 332 333 336 338 342 345 348 351 354 355 357 358 361 362 364 366 368 370 372 373 373
329 329 329 329 329 330 332 335 337 337 338 340 340 341 342 342 342 341 340 338 329 318 329 313 291 294 288 290 312 322 335 342 346 349 351 353 351 345 339 322 319 324 331 322 322 324 335 349 350 356 354 354 357 358 360 359 359 360 357 354 352 349 346 342 338 335 333 330 329 327 326 325 328 331 334 338 342 340 344 348 352 354 356 357 359 361 363 365 368 370 372 373
333 332 331 330 330 331 333 336 338 340 340 340 341 342 342 343 342 341 340 339 337 328 322 318 298 305 303 302 317 326 340 346 348 352 353 354 352 349 344 337 336 315 336 327 322 330 343 347 352 355 357 357 358 359 361 361 361 360 358 355 353 350 346 342 337 333 329 326 325 323 321 320 321 -9999 -9999 -9999 -9999 327 337 343 345 348 351 353 356 358 359 362 364 366 369 370
335 335 333 332 331 331 332 335 340 340 340 340 341 341 344 344 343 341 334 335 331 331 327 331 322 318 314 306 312 333 347 347 351 353 353 354 353 351 347 345 342 335 324 340 332 324 338 349 355 355 359 360 361 361 361 361 362 361 358 357 354 350 346 342 336 330 326 322 319 318 317 317 -9999 -9999 -9999 -9999 -9999 -9999 332 334 338 342 346 348 350 352 354 357 358 360 362 362
336 336 335 335 333 333 332 334 338 339 339 339 341 343 344 344 343 341 337 336 335 329 330 326 329 326 323 324 329 345 347 349 351 352 352 351 350 348 347 349 346 346 340 335 340 340 333 339 350 353 358 362 362 362 360 361 362 360 359 358 354 351 347 341 335 328 322 318 314 313 312 314 -9999 -9999 -9999 -9999 -9999 -9999 -9999 -9999 -9999 338 341 343 346 346 349 354 354 354 354 353
337 338 337 337 336 336 335 336 338 337 336 337 339 341 344 345 344 340 338 337 337 335 333 333 332 337 332 340 342 343 347 347 351 351 351 351 349 348 349 349 341 347 342 344 348 339 324 336 350 353 359 362 363 362 360 361 363 361 360 360 355 352 346 339 332 324 318 313 309 308 -9999 -9999 -9999 -9999 -9999 -9999 -9999 -9999 -9999 -9999 -9999 -9999 -9999 -9999 -9999 -9999 -9999 -9999 -9999 345 346 345
336 339 340 339 339 339 339 339 338 336 335 335 337 340 343 346 344 341 339 338 334 326 315 311 323 336 337 327 313 316 311 329 347 353 354 350 348 349 347 346 345 351 350 346 343 329 318 330 347 353 360 363 362 362 362 361 362 361 362 361 357 353 346 338 329 322 313 308 306 -9999 -9999 -9999 -9999 -9999 -9999 -9999 -9999 -9999 -9999 -9999 -9999 -9999 -9999 -9999 -9999 -9999 336 337 341 340 339 336
339 344 343 342 341 342 343 342 339 337 334 334 335 337 339 340 339 336 334 334 334 320 317 314 323 333 326 309 289 291 281 288 306 334 311 293 282 297 307 324 341 333 336 328 331 331 328 332 345 354 359 362 361 361 361 361 362 361 360 361 359 354 346 336 326 317 309 -9999 -9999 -9999 -9999 -9999 -9999 -9999 -9999 -9999 -9999 -9999 -9999 -9999 -9999 -9999 -9999 -9999 324 329 332 334 335 334 332 328
345 347 344 342 342 343 346 346 341 337 334 333 333 334 334 334 333 332 329 328 328 331 311 295 290 287 306 316 313 282 284 310 318 335 327 316 311 300 317 317 300 320 321 324 330 341 344 350 354 355 360 360 360 360 359 360 360 360 360 359 359 354 343 332 321 310 304 -9999 -9999 -9999 -9999 -9999 -9999 -9999 -9999 -9999 -9999 -9999 -9999 -9999 -9999 -9999 -9999 319 322 326 329 330 330 329 328 324
