resultados/variables_proyeccion_tiempo/variables_futuro_csiro_A1B/bio7.asc
ncols 330
nrows 228
xllcorner -12.000000
yllcorner 34.000000
cellsize 0.166667
NODATA_value -9999
[rows 0 to 39 of 228, columns 184 to 275 of 330]
-9999 -9999 -9999 -9999 -9999 -9999 -9999 -9999 -9999 -9999 -9999 -9999 -9999 -9999 -9999 -9999 -9999 -9999 -9999 -9999 -9999 -9999 -9999 -9999 -9999 -9999 -9999 -9999 -9999 -9999 -9999 -9999 -9999 -9999 -9999 -9999 -9999 -9999 -9999 -9999 -9999 -9999 -9999 -9999 -9999 -9999 -9999 -9999 -9999 -9999 -9999 -9999 -9999 -9999 -9999 -9999 -9999 -9999 -9999 -9999 -9999 -9999 -9999 -9999 -9999 -9999 -9999 -9999 -9999 -9999 -9999 -9999 -9999 -9999 -9999 -9999 -9999 -9999 -9999 -9999 -9999 -9999 -9999 -9999 -9999 -9999 -9999 -9999 -9999 -9999 -9999 -9999
-9999 -9999 -9999 -9999 -9999 -9999 -9999 -9999 -9999 -9999 -9999 -9999 -9999 -9999 -9999 -9999 -9999 -9999 -9999 -9999 -9999 -9999 -9999 -9999 -9999 -9999 -9999 -9999 -9999 -9999 -9999 -9999 -9999 -9999 -9999 -9999 -9999 -9999 -9999 -9999 -9999 -9999 -9999 -9999 -9999 -9999 -9999 -9999 -9999 -9999 -9999 -9999 -9999 -9999 -9999 -9999 -9999 -9999 -9999 -9999 -9999 -9999 -9999 -9999 -9999 -9999 -9999 -9999 -9999 -9999 -9999 -9999 -9999 -9999 -9999 -9999 -9999 -9999 -9999 -9999 -9999 -9999 -9999 -9999 -9999 -9999 -9999 -9999 -9999 -9999 -9999 -9999
-9999 -9999 -9999 -9999 -9999 -9999 -9999 -9999 -9999 -9999 -9999 -9999 -9999 -9999 -9999 -9999 -9999 -9999 -9999 -9999 -9999 -9999 -9999 -9999 -9999 -9999 -9999 -9999 -9999 -9999 -9999 -9999 -9999 -9999 -9999 -9999 -9999 -9999 -9999 -9999 -9999 -9999 -9999 -9999 -9999 -9999 -9999 -9999 -9999 -9999 -9999 -9999 -9999 -9999 -9999 -9999 -9999 -9999 -9999 -9999 -9999 -9999 -9999 -9999 -9999 -9999 -9999 -9999 -9999 -9999 -9999 -9999 -9999 -9999 -9999 -9999 -9999 -9999 -9999 -9999 -9999 -9999 -9999 -9999 -9999 -9999 -9999 -9999 -9999 -9999 -9999 -9999
-9999 -9999 -9999 -9999 -9999 -9999 -9999 -9999 -9999 -9999 -9999 -9999 -9999 -9999 -9999 -9999 -9999 -9999 -9999 -9999 -9999 -9999 -9999 -9999 -9999 -9999 -9999 -9999 -9999 -9999 -9999 -9999 -9999 -9999 -9999 -9999 -9999 -9999 -9999 -9999 -9999 -9999 -9999 -9999 -9999 -9999 -9999 -9999 -9999 -9999 -9999 -9999 -9999 -9999 -9999 -9999 -9999 -9999 -9999 -9999 -9999 -9999 -9999 -9999 -9999 -9999 -9999 -9999 -9999 -9999 -9999 -9999 -9999 -9999 -9999 -9999 -9999 -9999 -9999 -9999 -9999 -9999 -9999 -9999 -9999 -9999 -9999 -9999 -9999 -9999 -9999 -9999
-9999 -9999 -9999 -9999 -9999 -9999 -9999 -9999 -9999 -9999 -9999 -9999 -9999 -9999 -9999 -9999 -9999 -9999 -9999 -9999 -9999 -9999 -9999 -9999 -9999 -9999 -9999 -9999 -9999 -9999 -9999 -9999 -9999 -9999 -9999 -9999 -9999 -9999 -9999 -9999 -9999 -9999 -9999 -9999 -9999 -9999 -9999 -9999 -9999 -9999 -9999 -9999 -9999 -9999 -9999 -9999 -9999 -9999 -9999 -9999 -9999 -9999 -9999 -9999 -9999 -9999 -9999 -9999 -9999 -9999 -9999 -9999 -9999 -9999 -9999 -9999 -9999 -9999 -9999 -9999 -9999 -9999 -9999 -9999 -9999 -9999 -9999 -9999 -9999 -9999 -9999 -9999
-9999 -9999 -9999 -9999 -9999 -9999 -9999 -9999 -9999 -9999 -9999 -9999 -9999 -9999 -9999 -9999 -9999 -9999 -9999 -9999 -9999 -9999 -9999 -9999 -9999 -9999 -9999 -9999 -9999 -9999 -9999 200 197 -9999 -9999 173 168 176 175 165 159 156 153 152 162 165 -9999 -9999 -9999 -9999 -9999 130 124 110 108 108 107 106 -9999 -9999 -9999 -9999 -9999 -9999 -9999 -9999 -9999 -9999 -9999 -9999 -9999 -9999 -9999 -9999 -9999 -9999 -9999 -9999 -9999 -9999 -9999 -9999 -9999 -9999 -9999 -9999 -9999 -9999 -9999 -9999 -9999 -9999
-9999 -9999 -9999 -9999 -9999 -9999 -9999 -9999 -9999 -9999 -9999 -9999 -9999 -9999 -9999 -9999 -9999 -9999 -9999 -9999 -9999 -9999 -9999 -9999 -9999 -9999 202 205 -9999 -9999 -9999 206 205 212 214 202 205 208 207 201 196 194 193 186 176 -9999 191 183 176 -9999 153 146 135 135 130 126 125 124 123 118 130 128 126 -9999 -9999 -9999 -9999 -9999 -9999 -9999 -9999 -9999 -9999 -9999 -9999 -9999 -9999 -9999 -9999 -9999 -9999 -9999 -9999 -9999 -9999 -9999 -9999 -9999 -9999 -9999 -9999 -9999
-9999 -9999 -9999 -9999 -9999 -9999 -9999 -9999 -9999 -9999 -9999 -9999 -9999 -9999 -9999 -9999 -9999 -9999 -9999 -9999 -9999 -9999 158 181 203 210 210 210 210 222 222 225 226 222 221 226 228 230 229 228 225 220 217 226 218 212 205 198 188 -9999 182 176 168 163 157 152 143 146 -9999 143 139 137 134 131 133 136 128 106 94 -9999 -9999 -9999 -9999 -9999 -9999 -9999 -9999 -9999 -9999 -9999 -9999 -9999 -9999 -9999 -9999 -9999 -9999 -9999 -9999 -9999 -9999 -9999
-9999 -9999 -9999 -9999 -9999 -9999 -9999 -9999 -9999 -9999 -9999 -9999 -9999 -9999 -9999 -9999 -9999 -9999 -9999 144 149 163 175 192 210 216 216 219 223 224 228 230 230 236 239 240 241 243 244 243 236 -9999 240 236 230 224 219 211 -9999 -9999 194 188 183 179 175 171 164 158 158 154 150 147 141 140 141 140 134 120 104 93 91 90 -9999 -9999 -9999 -9999 -9999 -9999 -9999 -9999 -9999 -9999 -9999 -9999 -9999 -9999 -9999 -9999 -9999 -9999 -9999 -9999
-9999 -9999 -9999 -9999 -9999 -9999 -9999 -9999 -9999 -9999 -9999 -9999 -9999 -9999 -9999 -9999 180 -9999 180 -9999 169 -9999 202 209 216 223 225 227 229 232 236 237 241 243 244 247 249 250 250 247 250 248 245 242 238 234 226 220 213 208 203 197 193 188 181 176 170 167 164 159 157 154 150 147 146 146 140 132 122 113 108 105 104 96 95 -9999 -9999 -9999 -9999 -9999 -9999 -9999 -9999 -9999 -9999 -9999 -9999 -9999 -9999 -9999 -9999 -9999
-9999 136 141 141 -9999 147 149 150 -9999 156 164 166 171 -9999 -9999 186 187 189 194 205 210 210 214 215 220 223 229 232 236 240 243 245 246 248 252 253 254 254 252 254 256 254 252 248 244 240 234 229 222 216 210 204 199 193 188 182 177 173 169 166 163 161 157 154 151 149 145 142 136 132 126 122 114 102 94 -9999 -9999 -9999 -9999 -9999 -9999 -9999 -9999 -9999 -9999 -9999 -9999 -9999 -9999 -9999 -9999 -9999
137 139 142 144 147 147 152 156 157 -9999 168 170 175 178 -9999 187 189 199 209 216 221 222 223 223 225 228 233 234 241 245 249 251 253 255 257 260 261 262 262 264 263 262 260 256 252 248 243 238 232 225 219 212 205 201 197 192 186 181 177 173 170 167 164 158 154 150 147 144 142 140 137 -9999 -9999 -9999 -9999 -9999 -9999 -9999 -9999 -9999 -9999 -9999 -9999 -9999 -9999 -9999 -9999 -9999 -9999 -9999 -9999 -9999
137 141 145 149 150 153 156 154 165 171 170 177 180 181 187 191 197 204 210 218 223 226 228 230 231 234 237 241 245 251 254 256 258 261 264 266 268 269 272 272 272 272 269 265 261 256 251 246 240 233 227 221 216 212 208 202 196 193 188 182 179 176 172 167 163 159 157 155 154 151 -9999 -9999 -9999 -9999 -9999 -9999 -9999 -9999 -9999 127 133 138 144 -9999 -9999 -9999 -9999 -9999 -9999 -9999 -9999 -9999
138 139 145 148 154 159 158 164 171 175 -9999 185 186 191 193 198 205 209 214 218 223 227 231 235 237 241 244 247 252 256 259 262 265 267 270 272 275 277 279 282 282 281 278 274 269 264 259 254 249 242 237 231 226 222 218 213 208 202 196 192 187 182 179 175 170 167 164 160 158 155 152 151 149 147 148 147 149 -9999 143 148 150 153 157 165 167 168 168 -9999 -9999 -9999 -9999 -9999
136 142 148 151 159 161 164 173 176 175 188 188 196 202 206 207 211 216 219 224 229 233 236 240 244 247 250 254 257 262 264 267 270 273 275 278 280 283 286 289 290 289 286 282 277 272 268 262 258 252 246 240 236 231 227 222 217 210 204 200 195 191 187 183 180 177 173 169 165 162 160 158 158 157 157 158 161 161 162 164 169 173 172 177 179 180 176 -9999 -9999 -9999 -9999 -9999
140 141 148 154 162 163 174 181 183 188 197 201 209 211 216 218 220 223 226 231 236 240 242 246 250 253 256 260 263 266 270 273 275 277 281 283 286 289 292 295 297 296 293 288 284 280 275 271 266 261 256 251 246 241 237 231 226 220 214 209 204 200 196 193 189 185 182 178 174 172 172 171 170 169 170 172 175 176 178 182 185 189 193 200 202 204 206 209 208 -9999 -9999 -9999
148 150 152 157 168 174 182 185 194 201 204 210 217 222 225 228 231 233 236 240 244 248 252 254 257 261 264 266 269 272 275 278 282 284 287 289 292 295 297 300 301 302 299 295 291 288 284 279 275 270 266 262 257 252 247 242 236 230 224 219 215 210 206 202 199 196 193 189 186 184 183 183 184 183 184 186 189 192 195 198 201 205 208 212 215 218 220 221 222 222 223 223
155 160 165 168 177 184 192 199 203 208 214 219 222 228 233 236 239 242 246 250 253 257 260 263 265 269 271 274 277 280 283 285 288 290 292 295 298 300 303 306 307 307 304 302 299 295 292 288 284 280 277 273 268 263 258 252 247 242 236 231 226 221 217 213 210 208 205 201 198 196 195 196 197 198 199 201 203 205 208 211 215 218 221 225 227 231 233 233 234 234 232 231
172 172 178 184 189 190 198 206 211 216 222 226 230 234 239 244 247 251 255 259 262 266 269 273 275 278 280 282 285 287 290 292 294 296 298 301 304 307 309 310 312 312 310 309 306 303 299 296 293 290 287 284 280 275 270 264 258 253 248 243 237 232 229 225 222 219 216 212 210 208 208 208 209 211 212 214 216 218 221 224 227 230 233 235 238 241 243 243 242 241 240 238
180 185 192 196 200 204 207 214 219 224 228 233 238 242 246 250 254 259 263 267 272 275 279 281 284 286 288 289 291 293 296 298 300 302 304 306 308 310 313 314 315 316 315 314 312 309 306 303 300 298 297 295 291 286 279 273 268 263 257 252 248 243 240 236 232 229 226 223 221 219 219 220 220 222 224 226 228 229 231 233 236 239 242 244 246 248 249 249 248 246 246 244
190 194 197 202 207 212 215 220 226 230 235 239 244 248 252 257 262 265 270 273 278 282 286 289 291 292 293 294 295 298 300 301 304 306 308 309 311 313 314 316 317 318 318 317 316 314 311 308 306 304 303 301 299 293 287 281 276 271 266 260 256 252 248 244 240 238 235 232 230 229 230 230 230 232 233 235 237 239 240 242 245 248 250 252 254 255 254 253 252 251 249 248
192 198 203 210 215 218 222 226 232 236 241 246 250 254 258 262 266 270 274 279 282 286 291 294 295 296 296 297 298 299 302 304 306 308 310 311 312 314 315 316 317 318 319 319 318 316 314 312 310 308 306 304 302 299 294 287 282 277 272 267 263 259 255 252 249 245 243 242 240 240 239 239 240 241 242 244 245 247 250 252 254 256 258 259 260 260 260 258 256 255 254 253
206 210 214 217 220 224 228 232 237 242 247 251 254 259 263 267 270 275 279 282 286 290 294 296 297 298 298 298 299 301 303 306 307 309 311 312 312 314 314 316 316 318 318 319 319 317 316 314 312 310 309 306 304 302 298 292 288 282 278 274 269 266 262 259 256 252 250 249 248 247 246 245 247 250 251 252 254 256 258 260 262 264 265 266 266 266 265 263 262 260 258 257
213 218 221 226 230 234 236 240 245 248 251 255 259 263 267 271 275 278 282 285 288 291 294 296 298 298 298 299 301 302 303 306 309 310 311 311 312 314 315 315 316 319 319 319 318 318 317 315 314 312 310 308 306 303 300 296 291 286 281 277 274 270 268 265 261 259 256 255 255 254 253 253 253 256 257 260 262 264 266 268 269 271 272 271 272 271 270 268 265 264 262 259
219 223 229 232 236 241 245 248 251 254 257 260 264 267 270 274 277 281 285 287 289 292 294 296 297 298 299 300 300 302 304 306 308 310 311 311 312 313 314 316 316 318 318 318 318 318 317 316 314 313 311 309 307 305 302 298 294 290 286 282 278 275 272 270 267 265 262 261 260 261 260 260 261 263 265 266 268 271 272 274 276 278 277 277 277 276 274 273 270 267 265 263
227 232 236 240 244 248 252 255 258 260 263 265 268 271 274 277 280 283 286 288 290 292 294 295 296 297 299 300 301 302 304 306 308 309 310 310 311 312 313 315 316 318 317 317 317 316 316 316 315 314 312 310 308 306 303 300 297 292 289 285 282 279 277 274 273 271 269 267 266 266 266 266 268 269 270 273 274 276 279 280 282 284 284 283 282 281 279 276 274 271 268 266
235 239 244 248 251 255 258 262 265 267 269 271 274 275 277 280 282 285 287 289 291 293 295 296 297 299 300 301 301 302 305 306 307 308 309 310 310 311 312 314 315 316 316 316 317 317 317 316 316 315 313 312 309 307 304 302 299 295 292 289 286 284 281 279 277 276 275 273 273 273 273 273 274 275 276 278 281 282 285 287 289 290 290 289 288 285 283 280 277 274 271 268
241 247 252 256 260 264 267 269 271 273 275 276 278 279 281 283 284 287 289 290 292 293 295 296 297 298 300 300 301 302 304 305 306 306 307 308 309 310 311 313 314 315 316 317 317 318 317 317 316 315 315 313 311 309 306 304 301 299 296 294 291 289 286 284 282 282 280 279 279 279 279 278 279 281 283 285 287 289 291 293 295 297 297 295 293 290 287 284 280 276 273 270
249 254 259 264 268 272 274 276 278 279 280 282 282 283 284 286 287 289 292 293 293 294 295 296 298 299 300 301 302 302 304 305 305 306 306 306 307 308 310 312 313 314 315 316 318 318 318 318 316 316 316 314 313 310 308 306 304 302 299 298 296 293 290 289 287 286 285 285 284 284 284 285 286 286 289 290 292 294 296 298 301 303 303 301 297 294 289 286 283 279 275 272
255 260 266 271 275 279 282 283 284 285 285 285 286 286 286 288 289 291 292 293 295 295 296 296 297 299 300 301 302 303 304 304 305 306 306 307 307 308 309 310 313 314 316 317 318 319 319 319 318 318 318 316 315 313 311 309 307 306 303 302 299 297 295 293 292 291 290 290 289 288 289 289 290 291 293 295 296 298 300 302 304 307 308 304 300 297 292 288 284 280 277 273
261 267 272 277 282 287 289 290 290 290 290 288 289 289 289 289 290 291 293 294 296 296 297 297 298 299 300 301 302 303 304 304 305 306 306 307 308 308 309 310 312 314 316 318 317 317 318 319 319 319 318 317 316 315 314 312 311 308 306 304 303 301 299 298 297 296 295 294 294 294 293 294 294 295 296 297 300 301 304 306 307 308 309 308 -9999 299 294 290 285 281 278 273
267 272 277 283 288 294 297 296 294 294 293 292 291 290 290 291 291 292 293 294 295 296 297 297 296 297 298 299 302 303 303 304 304 305 305 306 307 308 309 310 312 314 315 316 317 316 318 319 319 319 319 317 317 316 316 314 312 311 310 308 306 304 303 302 301 300 300 299 298 297 298 298 298 299 300 301 302 305 306 307 308 309 309 307 304 300 -9999 290 287 284 279 275
271 276 282 287 293 299 301 299 298 296 294 294 292 292 292 292 293 294 295 295 295 296 296 296 295 296 297 298 300 301 302 302 302 303 303 303 304 306 307 308 310 312 314 314 315 317 317 318 319 319 318 318 317 317 317 317 315 312 311 310 308 307 305 304 303 302 302 302 302 302 302 302 301 301 302 304 306 306 307 308 309 309 308 307 304 300 296 291 286 284 -9999 -9999
277 281 285 290 294 299 301 300 299 296 295 293 293 292 292 293 293 294 295 296 296 295 295 294 294 294 295 297 299 299 299 300 299 299 299 301 302 304 304 305 308 310 312 313 314 316 316 317 317 318 318 318 317 318 318 317 315 313 312 311 310 308 307 305 304 304 304 304 304 305 304 304 303 303 305 306 307 307 308 308 309 309 307 306 303 299 295 290 287 285 -9999 -9999
280 284 287 291 295 298 299 299 298 296 295 293 291 291 292 293 293 294 294 295 295 295 295 294 293 293 294 296 297 297 298 297 296 296 296 298 299 301 302 303 306 308 309 311 313 314 315 316 316 316 317 318 318 318 318 317 315 314 314 313 311 309 308 307 306 306 305 306 306 306 306 306 306 306 307 307 308 308 308 308 309 308 306 305 303 298 295 290 286 283 280 279
283 287 290 293 296 298 298 298 297 296 294 294 292 291 291 292 293 294 294 294 294 294 293 292 291 292 292 294 295 295 295 294 294 294 295 295 297 298 300 302 304 306 308 310 312 312 313 313 314 315 316 317 318 318 317 316 315 315 315 313 311 311 309 308 308 307 308 307 307 308 308 307 307 308 307 308 309 308 308 308 308 307 306 305 301 298 295 290 287 284 280 279
285 288 292 294 295 297 297 296 295 294 293 293 292 291 292 291 291 292 292 293 293 292 291 291 290 290 292 292 292 292 292 292 291 292 293 292 295 297 298 301 302 305 307 308 309 310 311 312 312 314 316 316 318 317 316 316 315 316 315 313 312 311 310 308 308 308 309 308 308 309 309 309 309 309 308 308 309 309 309 309 308 307 305 303 300 299 295 291 287 283 280 277
287 290 292 294 295 296 295 295 294 293 292 291 290 290 290 290 290 290 291 292 291 291 290 290 289 289 290 290 291 290 290 290 289 290 291 292 293 294 296 299 301 302 305 306 307 308 309 310 311 312 314 316 316 317 316 316 316 315 314 314 313 311 310 309 309 309 309 309 309 309 310 310 309 310 309 309 309 309 309 308 308 306 304 303 300 298 294 291 288 283 280 277
288 290 291 293 293 294 293 292 292 292 291 290 289 288 288 287 288 288 289 289 289 288 288 286 284 288 -9999 -9999 -9999 -9999 -9999 -9999 -9999 -9999 -9999 -9999 292 292 294 296 298 300 303 304 306 308 308 309 310 311 312 314 315 316 316 317 316 314 314 314 313 312 311 310 310 309 310 310 310 310 311 310 310 310 310 309 309 309 309 307 307 306 304 302 299 297 295 291 288 283 280 277
288 289 289 290 290 291 290 290 290 290 289 289 287 286 286 285 285 286 286 286 -9999 286 284 284 285 -9999 -9999 -9999 -9999 -9999 -9999 -9999 -9999 -9999 -9999 -9999 -9999 -9999 -9999 292 295 297 300 302 304 305 307 309 309 310 311 313 314 315 316 316 317 315 315 314 313 312 311 310 310 310 311 311 311 311 312 311 311 310 309 309 309 309 308 307 306 305 303 301 299 296 294 291 286 283 280 278
