resultados/variables_proyeccion_tiempo/variables_futuro_csiro_A1B/bio8.asc
ncols 330
nrows 228
xllcorner -12.000000
yllcorner 34.000000
cellsize 0.166667
NODATA_value -9999
[rows 126 to 167 of 228, columns 95 to 189 of 330]
93 93 91 91 90 90 88 89 88 88 87 88 89 96 162 172 180 185 200 192 176 149 69 41 39 37 28 30 85 165 173 170 175 166 166 171 167 169 167 163 167 169 172 170 170 170 172 172 172 181 193 196 195 193 192 191 186 185 184 188 193 191 180 168 166 174 189 187 173 173 185 187 183 188 198 200 202 201 203 203 204 204 205 206 206 207 207 207 203 190 189 190 189 190 189
92 91 91 88 88 86 87 86 86 85 86 79 70 71 63 99 161 184 195 191 177 174 142 92 54 32 44 51 130 176 176 174 171 169 171 169 167 163 165 164 155 156 164 166 168 171 174 169 168 182 189 192 190 186 185 182 180 174 166 165 175 173 173 171 171 173 180 182 170 165 153 157 173 181 177 184 194 196 199 201 202 203 204 205 206 207 207 206 200 189 188 189 187 187 188
90 89 88 86 85 84 83 82 83 67 67 52 48 37 33 38 50 99 123 167 175 171 139 90 36 50 120 176 169 180 178 173 163 170 171 169 163 160 163 168 166 157 154 157 159 169 163 163 167 183 185 183 182 178 174 174 166 169 181 189 186 185 174 174 177 182 193 194 190 182 180 179 180 178 180 182 182 191 194 196 198 202 202 203 206 207 207 206 193 190 189 187 187 183 184
89 88 73 74 74 70 66 66 56 48 52 44 38 33 29 29 33 36 46 60 147 179 180 138 173 178 168 164 173 183 186 179 170 170 171 169 162 166 172 171 170 168 164 163 164 167 170 174 176 182 181 171 163 162 160 169 179 190 192 192 192 194 196 198 196 198 201 199 196 196 192 190 189 191 179 173 188 185 185 196 198 198 199 203 205 207 199 193 192 190 191 190 188 185 181
79 55 52 50 48 49 52 50 54 52 42 35 36 36 34 32 34 34 34 44 156 176 168 163 146 164 163 123 176 188 188 185 181 177 175 173 173 177 178 176 174 175 180 190 189 185 177 176 178 176 177 178 178 181 184 171 180 192 190 186 186 194 201 204 207 206 205 204 203 200 199 198 198 196 186 167 175 173 164 169 177 181 193 200 202 205 194 190 191 193 193 194 192 187 180
57 51 49 49 49 50 47 48 46 37 41 38 38 38 35 37 37 37 55 122 168 152 114 174 167 147 178 186 190 192 192 187 180 176 177 181 182 181 180 178 178 178 192 189 188 191 188 176 174 180 182 187 179 169 175 175 181 183 185 187 189 191 197 205 205 204 205 205 204 202 201 202 200 197 193 186 180 172 175 169 152 174 186 196 201 194 190 190 191 192 194 195 194 190 187
52 52 49 46 46 44 43 42 40 38 37 38 40 50 50 55 42 52 144 115 132 173 151 164 180 186 199 207 198 188 190 190 184 176 182 185 182 183 185 180 177 187 195 187 188 188 190 183 181 180 184 178 176 177 178 180 183 188 189 187 193 196 197 202 199 196 197 194 198 202 195 194 198 194 194 187 189 184 192 185 177 177 182 193 199 193 189 191 192 192 194 193 191 190 188
56 53 51 50 50 51 49 45 44 42 41 42 46 60 67 64 70 66 47 33 54 165 187 190 190 193 199 208 202 183 185 184 186 184 186 183 183 184 184 177 178 182 194 186 184 188 188 188 189 187 185 175 179 184 186 189 193 193 189 183 181 190 197 199 198 195 195 193 190 188 188 183 180 179 184 185 186 188 196 202 197 182 182 188 194 187 188 187 188 186 179 177 178 171 180
58 57 56 56 54 52 51 51 50 49 46 46 45 69 78 71 61 40 40 39 37 146 185 186 187 195 198 204 208 187 179 178 180 182 183 184 183 183 180 180 179 180 184 184 179 184 189 192 190 191 186 182 181 185 188 191 193 189 188 180 184 191 194 192 189 191 187 189 189 188 188 185 180 176 180 183 190 187 189 202 205 197 191 196 201 186 181 180 172 177 169 173 165 159 156
60 59 57 57 56 55 52 50 50 50 49 47 44 61 83 62 51 49 47 52 87 188 186 187 187 187 190 194 196 186 185 185 186 187 185 182 180 178 175 176 176 179 182 185 184 190 187 191 193 193 192 188 184 180 189 188 190 187 187 189 191 194 195 193 193 194 185 183 185 182 185 185 186 186 190 192 197 186 188 203 207 207 203 193 194 190 176 173 169 173 168 165 156 161 167
57 58 57 56 54 56 53 51 50 48 51 50 50 54 62 56 49 50 63 86 162 187 185 180 174 181 191 194 195 191 190 190 192 190 184 180 176 175 173 173 174 175 178 182 188 193 188 189 194 196 194 192 192 190 186 178 176 179 187 189 194 196 195 197 195 196 190 187 182 183 182 187 190 193 192 200 198 194 201 204 203 206 206 200 192 190 181 178 179 180 171 156 163 164 152
55 55 58 56 55 55 54 52 48 48 48 51 50 50 51 50 47 81 146 170 175 174 174 176 179 189 193 195 192 190 189 190 190 183 177 180 176 173 172 173 173 174 176 175 188 192 192 189 194 199 194 189 187 185 184 172 170 160 161 174 183 191 198 198 195 197 194 189 184 190 189 191 195 199 202 198 196 201 206 207 201 209 207 202 196 191 188 183 174 166 175 166 160 164 165
54 58 58 57 56 54 55 53 49 55 86 113 95 90 51 49 57 179 180 179 176 177 180 183 188 191 194 188 187 184 185 187 186 184 177 174 174 173 169 173 176 172 175 180 190 192 193 195 195 198 200 200 200 197 187 180 180 168 163 166 172 174 186 197 194 196 195 188 190 193 195 197 201 207 209 200 205 213 213 213 213 211 199 196 202 201 191 181 177 174 170 146 149 141 132
59 57 56 56 58 57 55 51 54 148 175 175 178 111 48 57 164 180 179 178 176 182 185 189 192 193 184 172 169 176 178 178 181 181 180 177 165 166 166 170 177 190 194 195 198 198 198 196 195 195 195 196 198 201 202 200 192 196 187 174 170 175 183 187 186 185 190 190 191 190 196 198 206 212 212 215 213 216 217 216 211 205 203 209 210 202 202 186 188 172 158 168 176 162 167
61 60 59 58 58 55 49 44 56 169 173 173 159 94 48 73 179 179 177 171 158 181 188 191 193 188 158 166 171 176 177 178 179 176 172 172 166 169 174 183 194 197 197 196 197 195 193 191 192 195 195 195 195 196 199 201 201 201 198 187 188 182 177 184 176 170 179 185 188 192 197 204 210 213 213 213 216 217 220 218 215 210 211 219 212 213 207 191 172 183 180 186 184 173 164
61 60 59 55 49 47 44 40 39 55 99 136 51 46 46 46 145 177 183 157 158 178 191 193 191 180 167 167 173 177 178 174 168 167 179 183 185 190 192 194 194 195 196 196 193 192 192 193 197 194 194 193 194 196 197 198 203 206 200 196 198 198 185 191 192 182 175 173 179 192 206 214 216 217 215 214 220 220 222 218 205 215 221 222 219 218 208 194 183 184 178 184 170 178 193
58 61 53 48 45 43 40 40 39 36 37 39 45 45 44 44 68 166 192 154 185 194 192 194 182 176 170 168 171 173 177 180 182 186 190 193 194 194 192 192 193 193 195 194 194 195 195 196 196 194 194 196 198 199 200 203 205 202 201 204 207 212 212 210 210 205 198 196 203 205 207 213 215 214 210 215 224 224 224 212 219 224 225 225 224 221 211 204 203 201 198 194 190 201 205
59 53 48 46 43 43 43 40 37 36 38 41 46 45 43 39 39 32 43 99 195 206 192 194 184 159 150 159 168 181 187 189 192 194 192 192 190 190 190 189 189 190 191 193 193 193 194 195 195 196 197 194 197 200 200 200 195 192 194 202 205 204 207 208 207 207 207 208 205 203 202 198 200 204 215 224 224 224 224 225 226 227 228 228 228 218 211 206 210 209 208 206 209 208 207
56 48 45 45 45 42 41 37 37 36 41 49 51 48 46 40 34 30 44 131 204 209 200 189 166 148 162 175 180 187 192 195 194 192 195 191 185 186 183 180 183 184 186 194 192 192 190 192 197 202 199 197 196 198 205 197 193 190 193 195 188 194 193 194 190 191 186 183 177 177 184 183 190 199 217 220 220 225 226 227 228 229 229 229 218 215 212 210 212 213 196 206 207 208 204
54 49 47 44 43 40 38 36 37 41 49 51 51 51 48 46 42 34 124 190 207 208 205 184 171 167 175 185 187 198 202 205 205 199 200 191 187 178 176 174 179 180 184 191 194 192 184 181 181 191 179 187 176 171 188 194 175 181 173 162 156 156 171 166 180 175 174 164 163 164 158 161 184 204 209 216 221 224 228 229 230 230 231 218 214 213 214 212 214 213 206 215 214 211 213
61 56 52 52 49 44 40 44 49 53 54 54 54 50 48 47 45 54 204 203 203 202 206 202 195 193 198 196 200 200 202 202 205 207 204 195 183 172 172 163 165 170 162 176 172 172 168 161 158 177 174 180 156 164 160 157 156 158 161 154 160 150 155 160 155 163 155 148 156 159 173 163 161 189 194 203 202 209 225 229 230 231 230 214 212 213 213 210 212 214 209 221 214 212 216
59 56 56 54 50 45 45 53 56 56 56 55 53 52 50 45 41 70 174 194 188 195 192 189 192 196 199 195 197 195 190 192 191 187 198 188 170 150 160 135 141 144 145 147 160 127 141 165 178 173 162 157 150 155 146 142 173 163 142 144 157 150 133 134 139 147 160 178 180 173 164 177 181 197 200 195 197 203 207 227 230 231 228 208 207 209 210 210 216 218 218 222 219 215 216
55 48 50 52 50 47 50 56 57 57 56 56 55 49 43 36 31 38 53 125 175 170 186 196 195 191 191 198 193 200 195 179 168 162 195 165 136 129 113 120 125 148 155 140 157 166 154 127 156 125 131 143 143 139 149 150 149 123 120 125 126 132 140 150 157 171 175 158 183 181 186 196 205 210 211 197 199 203 207 218 230 230 218 196 199 206 216 218 218 221 223 223 221 219 216
57 49 55 55 51 48 62 67 58 58 56 56 52 43 35 22 16 9 52 130 195 194 195 183 178 188 194 198 179 166 159 161 140 167 147 126 155 116 106 117 132 118 112 78 114 138 106 118 111 94 88 87 99 87 108 117 111 111 128 149 146 152 159 166 143 163 154 190 200 205 205 210 212 217 216 203 202 205 215 228 231 230 215 202 208 217 217 221 221 222 222 223 222 219 217
57 55 57 51 55 75 91 91 81 64 56 51 40 26 18 8 5 102 199 197 193 189 185 180 164 157 173 156 167 144 119 131 114 128 167 141 117 97 93 112 108 68 81 90 99 150 120 106 141 102 96 107 129 114 142 130 139 145 148 125 132 161 176 186 155 171 166 166 206 215 214 213 215 216 219 220 220 224 228 229 229 232 228 214 219 209 208 216 222 221 222 223 222 220 219
110 85 66 58 63 90 91 90 91 88 53 42 37 14 8 8 168 183 192 176 133 114 166 168 159 147 133 103 123 110 110 131 151 167 132 116 88 99 107 102 126 73 84 117 156 133 163 160 171 147 142 132 139 149 161 148 164 170 188 168 165 189 190 201 184 192 184 169 212 215 218 219 222 221 221 225 225 226 230 231 233 236 234 220 216 213 211 217 223 221 223 223 222 221 220
193 195 186 166 134 112 95 91 91 80 45 41 21 6 -1 36 181 94 75 91 10 52 99 91 86 -0 91 84 116 103 123 92 107 119 122 96 102 97 104 111 126 134 147 171 193 172 172 123 135 131 130 148 148 155 157 171 168 177 180 187 192 203 207 198 193 189 203 198 195 197 211 221 223 220 213 210 212 216 218 216 225 227 218 216 218 215 201 193 204 206 212 223 222 221 213
197 198 196 191 189 158 157 129 133 66 44 38 19 8 37 130 166 131 104 -7 -13 -9 -5 -10 3 86 106 98 137 124 164 112 125 122 108 93 81 101 104 123 73 106 141 196 214 184 145 127 143 147 162 170 159 178 194 195 186 167 163 156 163 187 179 172 165 171 180 199 181 187 204 207 205 205 207 209 212 212 213 213 216 217 218 220 222 209 189 191 184 185 187 198 221 217 205
196 195 193 184 175 163 165 159 142 88 46 25 15 46 45 15 -0 -14 62 -12 -12 48 69 60 109 118 141 140 165 184 174 180 161 195 131 129 142 154 163 134 107 144 144 222 205 170 148 152 153 180 190 178 188 196 196 183 189 192 199 171 185 189 213 202 186 179 184 195 201 202 204 199 200 200 207 210 210 214 215 216 217 218 218 218 219 217 201 187 181 185 184 183 200 202 184
189 199 191 180 173 167 164 164 149 94 33 30 42 37 26 19 10 -6 -32 -2 -24 -46 -62 -29 -30 93 190 166 189 186 200 179 210 200 173 161 152 152 158 149 116 186 172 216 208 183 177 202 200 216 218 192 169 183 185 184 185 180 169 175 186 173 170 129 120 136 163 184 194 195 203 213 214 211 210 210 212 212 214 218 219 219 219 222 222 213 196 183 181 184 184 182 181 179 179
179 194 188 185 165 165 164 163 150 89 37 66 63 53 19 -5 -6 -12 -48 -46 -40 -47 -44 -43 30 142 164 162 174 161 168 185 194 200 194 180 193 191 200 146 181 192 201 201 186 181 186 202 206 190 186 190 191 190 189 189 188 186 182 156 123 91 82 79 80 79 84 82 99 119 197 217 207 207 212 215 215 216 214 215 218 220 221 223 224 196 184 182 183 184 183 183 181 180 180
175 196 195 183 155 159 164 162 153 128 86 87 77 28 16 11 -10 -42 -37 -6 76 76 120 100 98 132 152 159 170 171 171 173 182 197 215 219 228 220 207 212 215 208 205 192 207 196 195 197 191 188 191 191 191 191 190 190 189 188 188 117 107 85 82 75 68 76 79 84 79 70 99 168 220 216 216 215 216 214 217 217 216 216 218 221 209 183 183 183 182 182 183 183 182 180 180
150 191 198 183 154 157 155 162 132 101 99 71 76 37 50 16 -17 -14 -37 -34 -38 -22 22 117 117 160 170 173 172 178 181 182 162 151 154 165 163 154 182 227 202 210 215 213 209 195 198 197 196 194 192 191 181 185 191 190 -9999 -9999 94 105 106 96 92 57 66 76 81 74 98 91 94 91 136 214 216 217 216 212 217 218 213 196 202 212 208 180 181 181 181 182 183 182 182 182 181
161 175 187 167 135 151 149 145 95 83 81 57 43 61 16 -21 -10 -40 -45 -54 -15 68 128 162 178 176 178 158 140 155 129 104 103 103 104 104 103 101 100 155 190 190 192 194 195 195 196 199 198 196 183 116 117 -9999 -9999 -9999 -9999 -9999 95 109 115 97 94 97 71 74 79 83 94 96 94 88 86 95 189 216 215 213 212 214 202 198 208 204 204 186 177 180 182 183 184 183 182 182 182
171 182 166 133 138 148 149 126 83 88 69 57 57 -19 -12 -3 -36 -33 -32 -37 28 142 175 183 183 176 148 143 141 111 105 106 105 105 104 103 102 102 101 102 153 193 195 197 199 200 200 197 199 166 116 -9999 -9999 -9999 -9999 -9999 -9999 -9999 98 115 119 125 105 -9999 114 79 57 74 91 92 91 87 88 84 77 147 174 185 183 188 188 189 196 200 209 184 176 180 182 183 183 181 180 187 187
180 141 126 123 133 145 154 147 118 70 50 80 6 0 -36 -42 -33 -26 -4 83 132 172 187 186 182 161 140 141 110 107 108 109 106 106 105 104 103 102 102 103 105 134 164 160 146 130 114 113 114 115 116 118 -9999 -9999 -9999 -9999 -9999 -9999 100 98 117 121 117 129 128 120 80 77 75 81 85 87 84 82 83 85 110 155 177 174 178 179 183 187 178 179 177 181 182 183 183 182 181 194 216
131 108 99 115 129 141 158 124 62 35 43 69 19 -22 -40 -46 -20 -21 -36 28 148 186 191 191 163 146 143 114 110 112 110 100 92 93 99 100 102 103 103 104 106 109 111 113 114 114 114 114 115 115 116 118 119 -9999 -9999 -9999 -9999 -9999 -9999 101 99 110 136 127 126 118 89 76 78 64 64 85 82 82 86 82 61 61 144 167 175 176 174 177 177 182 194 184 182 183 184 183 190 212 205
90 75 88 118 135 156 155 130 86 61 36 40 26 20 -16 -34 4 -23 -19 17 150 187 186 162 147 142 118 107 113 112 104 86 85 85 82 83 94 100 102 105 108 110 112 114 116 117 116 116 116 116 116 118 -9999 -9999 -9999 -9999 -9999 -9999 -9999 -9999 103 -9999 139 129 -9999 129 75 57 77 68 58 62 74 60 67 68 74 54 59 138 169 173 176 175 176 186 195 200 202 208 198 194 198 205 213
77 92 138 156 148 161 155 108 72 70 42 46 29 61 33 24 14 -21 -40 -2 89 156 129 124 118 118 103 108 105 99 96 84 79 74 80 82 90 84 94 99 103 109 114 116 118 120 119 118 117 116 113 -9999 -9999 -9999 -9999 -9999 -9999 -9999 -9999 -9999 -9999 -9999 -9999 135 -9999 -9999 119 72 74 76 67 64 60 74 66 60 59 71 64 63 89 141 183 178 179 190 203 198 211 209 206 208 197 215 217
98 142 161 160 159 164 156 109 79 78 68 75 68 70 68 32 3 -3 -14 22 57 96 107 105 104 104 110 110 102 111 127 105 104 93 89 84 90 72 82 88 95 93 101 104 112 116 118 119 118 117 90 -9999 -9999 -9999 -9999 -9999 -9999 -9999 -9999 -9999 -9999 -9999 -9999 -9999 132 132 125 124 87 69 75 71 63 73 70 59 49 63 68 62 72 57 119 169 154 170 190 205 204 211 209 206 202 208 215
103 158 165 163 166 168 165 136 88 78 72 78 90 70 45 46 -7 -17 3 4 27 71 79 69 85 101 107 114 -9999 -9999 -9999 -9999 120 125 115 114 113 102 77 65 75 77 93 98 96 99 109 113 116 117 116 117 -9999 -9999 -9999 -9999 -9999 -9999 -9999 -9999 -9999 -9999 -9999 -9999 133 134 132 130 129 119 97 93 84 75 67 57 57 52 56 68 60 56 73 97 120 163 180 190 184 192 202 200 198 198 195
110 159 166 166 166 171 170 157 91 79 75 76 91 92 85 62 52 37 45 54 35 19 67 70 101 115 109 -9999 -9999 -9999 -9999 -9999 -9999 -9999 145 118 109 107 91 102 86 80 82 89 92 93 92 101 108 112 114 118 122 -9999 -9999 -9999 -9999 -9999 -9999 -9999 -9999 -9999 -9999 -9999 -9999 -9999 131 135 129 128 122 109 115 107 94 63 58 55 52 44 48 73 60 58 74 76 137 176 190 180 171 176 193 190 190
