resultados/variables_proyeccion_tiempo/variables_futuro_csiro_A1B/bio8.asc
ncols 330
nrows 228
xllcorner -12.000000
yllcorner 34.000000
cellsize 0.166667
NODATA_value -9999
[rows 168 to 209 of 228, columns 190 to 284 of 330]
188 190 192 208 213 208 211 203 208 214 216 201 182 201 212 217 213 217 224 232 205 202 233 236 235 235 233 232 233 234 232 231 232 232 234 232 233 219 210 192 190 188 189 188 190 180 181 181 179 179 113 62 65 68 -9999 -9999 -9999 -9999 -9999 -9999 -9999 -9999 -9999 -9999 -9999 -9999 -9999 -9999 -9999 -9999 -9999 -9999 -9999 -9999 -9999 -9999 -9999 -9999 -9999 -9999 -9999 -9999 -9999 -9999 -9999 -9999 -9999 -9999 -9999 -9999 -9999 -9999 -9999 -9999 -9999
186 181 187 203 205 217 213 201 207 212 218 206 199 194 196 212 202 214 219 214 194 214 227 232 236 235 237 236 236 236 235 233 234 234 234 235 236 221 190 182 180 177 177 177 176 177 178 178 170 103 60 64 68 71 -9999 -9999 -9999 -9999 -9999 -9999 -9999 -9999 -9999 -9999 -9999 -9999 -9999 -9999 -9999 -9999 -9999 -9999 -9999 -9999 -9999 -9999 -9999 -9999 -9999 -9999 -9999 -9999 -9999 -9999 -9999 -9999 -9999 -9999 -9999 -9999 -9999 -9999 -9999 -9999 -9999
163 170 176 181 175 193 190 202 215 217 217 216 205 192 194 211 191 196 209 215 207 210 221 232 234 232 231 233 232 233 231 231 232 232 233 233 222 191 182 178 177 174 171 171 172 173 176 177 87 59 62 67 71 74 -9999 -9999 -9999 -9999 -9999 -9999 -9999 -9999 -9999 -9999 -9999 -9999 -9999 -9999 -9999 -9999 -9999 -9999 -9999 -9999 -9999 -9999 -9999 -9999 -9999 -9999 -9999 -9999 -9999 -9999 -9999 -9999 -9999 -9999 -9999 -9999 -9999 -9999 -9999 -9999 -9999
106 143 149 156 164 177 177 179 193 201 189 205 200 195 201 193 196 166 165 196 216 218 226 228 229 231 232 233 233 231 225 232 233 231 232 217 187 180 175 178 175 173 169 170 174 172 174 102 58 62 66 68 72 74 -9999 -9999 -9999 -9999 -9999 -9999 -9999 -9999 -9999 -9999 -9999 -9999 -9999 -9999 -9999 -9999 -9999 -9999 -9999 -9999 -9999 -9999 -9999 -9999 -9999 -9999 -9999 -9999 -9999 -9999 -9999 -9999 -9999 -9999 -9999 -9999 -9999 -9999 -9999 -9999 -9999
58 109 123 125 144 159 160 174 185 185 186 197 187 186 194 191 191 189 162 169 192 216 215 220 220 224 231 229 228 222 226 226 225 212 191 190 186 185 177 174 170 178 179 178 180 179 114 65 67 67 72 -9999 -9999 -9999 -9999 -9999 -9999 -9999 -9999 -9999 -9999 -9999 -9999 -9999 -9999 -9999 -9999 -9999 -9999 -9999 -9999 -9999 -9999 -9999 -9999 -9999 -9999 -9999 -9999 -9999 -9999 -9999 -9999 -9999 -9999 -9999 -9999 -9999 -9999 -9999 -9999 -9999 -9999 -9999 -9999
31 24 12 23 40 71 124 170 174 196 195 199 184 185 198 186 195 196 189 183 163 164 186 195 219 220 218 224 221 212 219 212 193 175 179 184 187 187 172 166 165 172 174 176 164 101 68 72 72 74 -9999 -9999 -9999 -9999 -9999 -9999 -9999 -9999 -9999 -9999 -9999 -9999 -9999 -9999 -9999 -9999 -9999 -9999 -9999 -9999 -9999 -9999 -9999 -9999 -9999 -9999 -9999 -9999 -9999 -9999 -9999 -9999 -9999 -9999 -9999 -9999 -9999 -9999 -9999 -9999 -9999 -9999 -9999 -9999 -9999
19 29 11 18 14 16 29 78 126 190 193 204 199 193 197 182 182 179 189 196 196 192 188 184 214 202 207 200 191 202 207 181 176 172 170 171 170 170 164 161 156 161 166 132 84 58 62 66 74 77 -9999 -9999 -9999 -9999 -9999 -9999 -9999 -9999 -9999 -9999 -9999 -9999 -9999 -9999 -9999 -9999 -9999 -9999 -9999 -9999 -9999 -9999 -9999 -9999 -9999 -9999 -9999 -9999 -9999 -9999 -9999 -9999 -9999 -9999 -9999 -9999 -9999 -9999 -9999 -9999 -9999 -9999 -9999 -9999 -9999
18 18 3 6 34 39 34 34 37 51 113 199 190 191 208 172 167 183 185 193 199 208 209 190 171 147 141 139 130 154 136 119 126 148 144 150 152 154 154 154 163 138 84 58 58 63 65 71 71 77 -9999 -9999 -9999 -9999 -9999 -9999 -9999 -9999 -9999 -9999 -9999 -9999 -9999 -9999 -9999 -9999 -9999 -9999 -9999 -9999 -9999 -9999 -9999 -9999 -9999 -9999 -9999 -9999 -9999 -9999 -9999 -9999 -9999 -9999 -9999 -9999 -9999 -9999 -9999 -9999 -9999 -9999 -9999 -9999 -9999
6 14 -7 21 47 46 37 34 40 32 28 112 145 195 170 40 94 183 192 200 194 132 172 162 159 157 156 145 139 162 178 168 163 171 175 172 174 181 185 130 67 61 62 62 64 72 86 98 -9999 -9999 -9999 -9999 -9999 -9999 -9999 -9999 -9999 -9999 -9999 -9999 -9999 -9999 -9999 -9999 -9999 -9999 -9999 -9999 -9999 -9999 -9999 -9999 -9999 -9999 -9999 -9999 -9999 -9999 -9999 -9999 -9999 -9999 -9999 -9999 -9999 -9999 -9999 -9999 -9999 -9999 -9999 -9999 -9999 -9999 -9999
12 5 29 39 51 48 42 30 37 37 39 36 185 200 76 9 50 173 195 193 193 144 141 150 163 164 175 175 187 193 189 182 176 172 175 181 190 159 91 59 61 62 61 65 71 76 98 90 83 -9999 -9999 -9999 -9999 -9999 -9999 -9999 -9999 -9999 -9999 -9999 -9999 -9999 -9999 -9999 -9999 -9999 -9999 -9999 -9999 -9999 -9999 -9999 -9999 -9999 -9999 -9999 -9999 -9999 -9999 -9999 -9999 -9999 -9999 -9999 -9999 -9999 -9999 -9999 -9999 -9999 -9999 -9999 -9999 -9999 -9999
47 50 49 50 42 45 45 17 14 35 25 32 182 160 93 70 94 91 211 209 189 87 93 99 118 163 185 194 196 211 198 195 194 190 188 183 126 62 61 60 63 66 64 65 68 71 72 77 83 87 -9999 -9999 -9999 -9999 -9999 -9999 -9999 -9999 -9999 -9999 -9999 -9999 -9999 -9999 -9999 -9999 -9999 -9999 -9999 -9999 -9999 -9999 -9999 -9999 -9999 -9999 -9999 -9999 -9999 -9999 -9999 -9999 -9999 -9999 -9999 -9999 -9999 -9999 -9999 -9999 -9999 -9999 -9999 -9999 -9999
60 54 41 48 44 28 5 2 36 41 41 40 227 222 212 78 34 85 163 166 183 112 18 50 108 129 154 170 187 183 188 195 193 195 169 88 64 64 59 56 65 66 64 64 62 62 69 74 79 83 90 -9999 -9999 -9999 -9999 -9999 -9999 -9999 -9999 -9999 -9999 -9999 -9999 -9999 -9999 -9999 -9999 -9999 -9999 -9999 -9999 -9999 -9999 -9999 -9999 -9999 -9999 -9999 -9999 -9999 -9999 -9999 102 -9999 -9999 -9999 -9999 -9999 -9999 -9999 -9999 110 113 110 -9999
72 56 48 36 31 8 -8 39 35 37 42 50 208 227 219 197 208 190 160 159 171 130 111 150 118 122 114 115 146 119 142 156 175 162 68 64 63 66 65 59 62 68 64 65 66 60 61 67 74 85 89 -9999 -9999 -9999 -9999 -9999 -9999 -9999 -9999 -9999 -9999 -9999 -9999 -9999 -9999 -9999 -9999 -9999 -9999 -9999 -9999 -9999 -9999 -9999 -9999 -9999 -9999 -9999 94 84 76 71 59 64 73 59 79 80 84 87 88 97 107 -9999 -9999
75 72 44 32 44 8 13 39 25 30 4 48 188 221 227 206 120 66 106 61 86 95 -12 108 137 116 114 118 135 119 123 130 125 65 56 62 64 64 69 73 73 76 74 76 77 76 72 64 67 81 88 -9999 -9999 -9999 -9999 -9999 -9999 -9999 -9999 -9999 -9999 -9999 -9999 -9999 -9999 -9999 -9999 -9999 -9999 -9999 -9999 -9999 -9999 -9999 -9999 90 85 78 59 59 57 50 43 39 92 103 108 85 53 50 56 54 72 84 93
77 58 66 32 57 30 14 36 28 38 25 65 139 163 220 227 226 218 133 27 42 65 29 57 92 106 121 93 111 85 79 65 43 54 63 64 63 61 67 75 76 76 74 81 82 82 80 77 77 81 86 94 -9999 -9999 -9999 -9999 -9999 -9999 -9999 -9999 -9999 -9999 -9999 -9999 -9999 -9999 -9999 -9999 -9999 -9999 -9999 -9999 -9999 103 97 93 88 75 57 48 45 38 54 145 147 146 111 64 73 57 63 55 45 68 68
94 65 45 32 45 36 24 39 35 35 60 47 111 119 196 209 213 221 69 49 56 69 71 32 47 49 54 37 50 31 20 36 54 62 64 64 58 59 67 70 65 68 67 72 80 86 82 82 83 84 83 88 97 100 -9999 -9999 -9999 -9999 -9999 -9999 -9999 -9999 -9999 -9999 -9999 -9999 -9999 -9999 -9999 -9999 -9999 97 93 85 95 88 71 49 54 45 41 30 134 153 162 143 114 110 128 68 72 77 74 50 74
96 82 64 69 34 37 50 35 33 42 87 62 59 94 93 107 181 106 87 64 65 75 73 42 38 57 44 61 65 63 52 60 69 58 61 59 48 46 60 65 68 69 70 70 79 87 84 84 84 84 87 88 95 99 101 101 101 105 103 104 -9999 -9999 -9999 102 105 -9999 -9999 -9999 -9999 -9999 93 91 78 81 82 72 59 44 60 52 50 61 137 155 154 151 144 135 131 136 125 84 82 85 78
108 95 89 54 52 54 62 38 50 66 91 73 54 24 58 55 92 107 80 73 62 82 92 84 69 79 93 89 62 65 82 91 91 91 92 91 74 52 61 71 72 71 67 68 79 86 84 86 88 89 92 94 95 100 101 103 103 102 100 98 100 100 101 101 102 103 97 97 89 88 83 67 61 74 56 54 21 52 48 44 39 26 110 109 123 121 140 117 107 90 90 141 132 112 115
118 109 92 72 39 49 60 62 68 25 92 85 22 71 116 74 96 94 86 84 69 66 85 94 98 88 65 92 89 98 99 98 98 98 94 90 77 80 76 78 74 72 70 71 79 84 88 -9999 -9999 92 -9999 -9999 -9999 102 104 107 106 102 100 94 92 92 95 99 102 98 76 82 78 75 64 46 39 52 48 21 16 40 17 8 13 14 96 152 147 154 149 140 146 130 102 101 156 162 161
119 109 78 75 42 49 87 65 74 37 70 89 87 81 119 131 124 96 92 89 91 83 82 79 85 93 93 96 -9999 86 82 -9999 -9999 -9999 -9999 -9999 -9999 -9999 85 80 78 75 72 70 74 74 84 -9999 -9999 -9999 -9999 -9999 -9999 -9999 -9999 -9999 -9999 -9999 105 99 92 101 100 97 101 99 86 63 64 67 51 46 47 23 22 18 9 -2 4 6 4 4 71 124 142 153 144 151 151 145 140 126 158 169 168
112 91 85 55 34 38 76 69 68 86 48 93 92 23 84 133 120 86 90 92 82 85 93 90 88 -9999 -9999 -9999 -9999 96 94 -9999 -9999 -9999 -9999 108 -9999 -9999 86 84 79 78 85 83 79 96 -9999 92 98 101 -9999 -9999 -9999 -9999 105 88 88 94 92 88 74 65 58 75 66 59 55 38 41 29 27 15 -1 -2 7 5 4 11 -1 -10 5 1 62 131 133 124 97 92 62 61 147 171 160 172 162
99 99 75 71 57 45 24 41 80 95 83 57 87 70 50 85 93 78 -9999 84 84 87 79 82 93 106 108 113 -9999 -9999 -9999 -9999 -9999 -9999 108 66 106 -9999 -9999 94 90 90 96 97 98 99 103 101 82 92 92 88 98 97 96 99 98 88 91 92 85 79 88 76 64 58 43 36 39 33 21 33 23 9 -2 13 23 15 10 -3 -0 20 46 85 54 59 63 56 92 110 89 87 111 119 115
84 60 69 67 64 53 34 38 40 62 91 76 92 113 73 61 96 84 -9999 -9999 88 96 103 101 106 -9999 99 98 102 -9999 -9999 -9999 -9999 -9999 -9999 -9999 89 91 -9999 102 100 91 86 80 99 99 95 98 96 98 98 98 98 101 100 99 95 84 79 83 81 74 86 63 55 54 55 48 32 37 42 35 34 25 34 28 27 19 24 14 15 14 32 54 66 70 60 55 78 74 74 66 80 71 104
101 77 69 64 48 67 62 33 30 50 56 65 72 76 66 37 16 79 -9999 -9999 -9999 -9999 110 -9999 104 100 119 42 86 -9999 -9999 -9999 -9999 -9999 -9999 -9999 87 92 -9999 104 91 83 72 91 94 88 76 90 92 96 98 99 100 92 83 74 47 21 68 76 56 50 72 68 67 52 56 63 50 46 64 58 50 47 44 40 24 37 21 24 16 8 39 41 82 76 59 54 42 41 32 41 44 75 91
-9999 108 98 71 71 70 41 36 29 40 48 56 50 48 64 57 59 70 84 -9999 -9999 -9999 108 111 117 110 -9999 -9999 -9999 -9999 -9999 -9999 104 116 117 -9999 -9999 -9999 104 102 83 85 88 90 84 83 88 84 87 81 87 82 77 84 72 74 60 45 27 42 33 37 36 29 30 30 30 37 25 23 23 35 38 37 40 40 45 42 45 39 21 28 52 41 44 50 57 50 49 25 12 20 34 66 96
127 111 118 73 74 78 62 54 35 26 44 66 58 46 73 87 143 104 65 91 -9999 -9999 -9999 -9999 -9999 -9999 -9999 -9999 -9999 -9999 -9999 -9999 110 100 106 -9999 -9999 -9999 104 93 98 86 76 49 69 84 81 84 84 84 86 85 64 64 71 60 62 56 50 43 23 24 29 29 40 44 37 40 71 75 80 49 44 51 53 45 55 35 85 99 95 68 49 46 50 54 56 61 58 54 30 30 36 37 48
136 134 118 113 96 78 61 64 42 18 21 63 83 80 80 84 127 120 83 75 94 -9999 -9999 -9999 -9999 -9999 -9999 -9999 -9999 -9999 -9999 114 105 -9999 -9999 -9999 -9999 -9999 106 92 89 85 70 98 103 84 87 84 87 93 92 80 71 66 74 72 69 52 41 36 30 26 29 29 30 25 53 106 134 142 162 170 152 125 143 155 103 89 125 124 122 81 52 44 48 52 45 47 54 52 43 44 41 35 47
-9999 138 136 117 105 79 67 61 60 39 33 57 79 90 91 90 88 82 93 88 62 97 -9999 -9999 -9999 -9999 105 114 -9999 -9999 -9999 -9999 -9999 -9999 -9999 -9999 -9999 -9999 93 97 112 122 118 107 78 64 84 85 75 84 88 76 62 43 51 51 38 48 34 35 25 25 33 20 17 25 91 146 177 176 174 171 176 186 182 160 123 118 122 122 80 57 50 40 44 39 38 41 46 46 49 45 37 55 53
-9999 -9999 132 134 115 115 88 92 89 63 56 27 47 81 92 95 82 88 100 95 100 98 98 -9999 -9999 109 114 -9999 -9999 -9999 -9999 -9999 -9999 -9999 -9999 -9999 -9999 110 103 104 110 122 120 93 76 91 97 97 68 70 78 75 52 54 34 46 34 46 29 38 34 33 30 28 23 60 90 146 176 178 180 181 175 181 180 133 126 120 105 99 47 41 49 49 47 56 54 50 48 46 47 44 51 47 90
-9999 -9999 -9999 -9999 -9999 116 116 113 102 66 70 51 51 45 70 79 78 58 75 102 101 107 113 103 104 109 -9999 -9999 -9999 -9999 -9999 -9999 -9999 -9999 -9999 -9999 -9999 116 104 108 103 119 -9999 111 105 109 93 66 89 79 57 48 50 49 44 43 44 36 42 35 29 32 36 33 41 68 60 149 174 178 179 180 182 182 163 131 130 107 43 47 40 44 47 51 52 54 54 61 52 71 88 94 104 109 104
-9999 -9999 -9999 -9999 -9999 -9999 128 115 104 91 85 80 49 54 83 89 97 90 88 102 105 92 101 -9999 -9999 -9999 -9999 -9999 116 120 -9999 -9999 -9999 -9999 -9999 -9999 -9999 -9999 -9999 -9999 114 111 99 103 99 79 68 82 90 78 65 65 61 65 59 50 50 56 49 36 18 32 34 32 84 134 143 162 154 141 170 175 176 181 157 129 125 108 32 31 32 40 49 45 78 62 54 59 80 114 114 108 112 114 137
-9999 -9999 -9999 -9999 -9999 111 129 105 96 100 99 55 49 43 40 37 82 88 94 100 113 100 108 102 100 -9999 -9999 -9999 -9999 111 -9999 -9999 -9999 -9999 -9999 -9999 -9999 -9999 -9999 -9999 -9999 -9999 105 109 91 87 91 92 92 86 79 73 83 75 72 66 62 62 46 42 47 33 26 35 59 162 176 167 168 143 162 170 177 182 163 130 126 84 27 33 36 36 39 56 102 115 108 117 104 114 125 130 121 126 159
-9999 -9999 -9999 -9999 -9999 130 132 127 121 129 122 105 81 58 62 41 64 50 101 98 105 112 110 106 105 85 108 110 -9999 -9999 -9999 -9999 -9999 -9999 -9999 125 -9999 110 97 122 101 101 114 114 104 87 80 95 89 94 97 93 77 67 76 69 64 58 58 55 41 37 33 35 22 41 50 92 94 92 93 142 168 174 179 142 128 101 28 34 36 37 38 43 72 124 112 122 121 117 111 115 106 116 68
-9999 -9999 -9999 -9999 146 123 137 -9999 136 139 118 112 98 100 81 79 99 79 83 98 111 111 108 116 112 109 119 126 -9999 -9999 -9999 -9999 -9999 -9999 -9999 -9999 -9999 120 102 121 114 108 113 108 110 97 82 85 76 68 64 75 97 88 66 60 61 63 61 58 39 39 42 42 16 35 36 29 21 15 42 65 159 173 174 174 130 121 33 34 35 36 37 53 137 137 129 126 121 110 108 103 117 128 106
-9999 -9999 -9999 -9999 139 116 108 -9999 -9999 142 142 140 116 78 109 122 -9999 100 81 81 99 98 99 104 105 111 124 121 -9999 -9999 -9999 -9999 -9999 -9999 -9999 -9999 -9999 121 120 120 116 104 110 99 101 107 98 86 84 88 76 74 52 86 85 60 66 70 57 51 59 50 33 39 37 31 42 42 43 31 12 44 83 156 176 174 138 114 50 66 33 34 84 124 136 135 132 118 103 103 117 112 120 118 95
-9999 -9999 -9999 -9999 -9999 120 124 -9999 -9999 -9999 142 130 109 69 65 63 76 104 116 108 95 106 108 127 116 112 129 111 112 113 -9999 -9999 -9999 -9999 -9999 -9999 -9999 -9999 -9999 -9999 -9999 116 -9999 110 108 108 109 104 91 83 78 74 66 57 62 80 64 55 55 59 49 53 53 44 32 27 29 51 23 31 28 14 42 33 66 93 110 87 63 92 102 119 130 132 131 129 114 96 84 76 115 110 106 88 60
-9999 -9999 -9999 -9999 -9999 128 131 -9999 143 146 139 127 81 64 71 50 49 80 108 118 111 118 138 157 140 133 143 -9999 130 122 125 117 -9999 -9999 -9999 -9999 -9999 -9999 -9999 -9999 -9999 -9999 -9999 -9999 -9999 115 102 101 94 80 91 96 98 91 88 97 94 62 60 48 43 59 44 41 47 50 43 48 8 9 38 43 36 37 16 25 68 69 50 72 116 130 130 130 130 128 129 129 129 123 99 78 84 43 58
-9999 -9999 -9999 -9999 -9999 138 135 151 -9999 148 140 130 108 96 73 69 60 93 109 90 107 -9999 143 164 180 135 142 -9999 -9999 -9999 -9999 121 -9999 -9999 -9999 -9999 -9999 -9999 -9999 -9999 132 100 108 119 124 104 110 107 102 104 97 82 80 73 63 45 69 63 51 54 53 36 43 55 36 39 24 41 31 9 34 50 49 30 17 29 47 78 86 79 81 109 129 132 119 128 135 136 135 127 103 91 59 38 49
-9999 -9999 -9999 -9999 -9999 -9999 -9999 -9999 -9999 147 148 143 131 114 62 55 72 85 138 122 117 124 135 145 -9999 -9999 -9999 138 129 -9999 132 -9999 129 125 -9999 -9999 -9999 -9999 112 111 -9999 125 104 119 110 124 121 93 88 104 95 60 81 76 62 59 47 36 40 32 39 43 52 35 41 47 67 50 27 28 32 35 35 42 2 39 49 63 99 98 69 56 69 82 89 111 136 128 115 109 92 72 61 70 68
-9999 -9999 -9999 -9999 -9999 -9999 -9999 -9999 -9999 -9999 -9999 147 119 88 113 84 75 92 125 143 130 131 132 135 -9999 149 -9999 -9999 147 -9999 -9999 136 -9999 142 136 -9999 -9999 -9999 -9999 -9999 -9999 136 133 -9999 -9999 126 118 105 96 83 93 77 58 78 74 46 47 37 58 32 30 41 47 34 53 54 78 72 25 48 25 23 16 35 31 26 50 55 69 74 57 56 53 51 86 97 107 101 71 68 68 58 70 87 99
-9999 -9999 -9999 -9999 -9999 -9999 -9999 -9999 -9999 -9999 -9999 147 125 131 106 98 92 60 85 130 144 144 140 -9999 -9999 -9999 -9999 -9999 150 143 -9999 -9999 -9999 -9999 -9999 132 -9999 -9999 -9999 -9999 -9999 136 132 137 -9999 -9999 124 117 121 83 82 83 54 65 72 56 33 45 45 46 38 33 19 54 64 63 91 89 50 74 24 15 33 16 35 37 36 45 49 49 59 60 56 48 45 85 47 -6 19 72 70 77 121 124 123
-9999 -9999 -9999 -9999 -9999 -9999 -9999 -9999 -9999 -9999 -9999 144 122 138 124 75 116 96 87 110 -9999 -9999 -9999 -9999 -9999 -9999 -9999 -9999 144 157 158 -9999 140 138 134 120 131 -9999 -9999 -9999 -9999 -9999 -9999 131 137 127 123 122 113 109 85 89 105 94 50 47 63 45 37 45 36 25 35 58 65 94 111 123 94 96 61 50 47 7 2 15 29 44 56 51 50 51 45 31 16 -5 -18 -12 49 78 115 130 144 142 128
