resultados/variables_proyeccion_tiempo/variables_futuro_csiro_A1B/bio8.asc
ncols 330
nrows 228
xllcorner -12.000000
yllcorner 34.000000
cellsize 0.166667
NODATA_value -9999
[rows 42 to 83 of 228, columns 95 to 189 of 330]
-9999 -9999 -9999 -9999 -9999 -9999 -9999 -9999 -9999 -9999 -9999 -9999 -9999 -9999 -9999 -9999 -9999 -9999 -9999 -9999 -9999 -9999 -9999 -9999 -9999 -9999 -9999 -9999 -9999 -9999 -9999 -9999 -9999 -9999 -9999 -9999 -9999 -9999 -9999 -9999 -9999 100 100 101 101 98 99 95 93 91 89 87 72 70 74 84 74 69 72 61 62 62 65 73 107 115 116 114 120 122 123 130 133 129 127 129 129 134 142 144 143 143 148 154 154 155 156 157 158 155 144 143 141 142 143
-9999 -9999 -9999 -9999 -9999 -9999 -9999 -9999 -9999 -9999 -9999 -9999 -9999 -9999 -9999 -9999 -9999 -9999 -9999 -9999 -9999 -9999 -9999 -9999 -9999 -9999 -9999 -9999 -9999 -9999 -9999 -9999 -9999 -9999 -9999 -9999 -9999 -9999 -9999 -9999 -9999 -9999 -9999 -9999 103 101 96 97 91 81 85 84 77 86 85 79 72 76 75 64 66 71 80 103 116 123 119 128 131 130 128 128 130 135 137 137 134 140 146 144 142 142 145 149 153 156 156 157 158 147 145 146 146 143 143
-9999 -9999 -9999 -9999 -9999 -9999 -9999 -9999 -9999 -9999 -9999 -9999 -9999 -9999 -9999 -9999 -9999 -9999 -9999 -9999 -9999 -9999 -9999 -9999 -9999 -9999 -9999 -9999 -9999 -9999 -9999 -9999 -9999 -9999 -9999 -9999 -9999 -9999 -9999 -9999 -9999 97 96 94 96 93 94 87 84 90 92 89 89 79 69 66 66 66 71 74 75 76 105 121 125 130 131 130 131 137 135 137 135 128 128 136 138 144 149 148 146 143 143 145 148 151 155 156 149 146 146 146 147 146 145
-9999 -9999 -9999 -9999 -9999 -9999 -9999 -9999 -9999 -9999 -9999 -9999 -9999 -9999 -9999 -9999 -9999 -9999 -9999 -9999 -9999 -9999 -9999 -9999 -9999 -9999 -9999 -9999 -9999 -9999 -9999 -9999 -9999 -9999 -9999 -9999 -9999 -9999 -9999 98 97 94 87 85 92 95 89 92 92 84 82 84 84 75 73 63 65 72 70 76 89 102 119 132 137 138 132 136 135 136 141 139 139 139 133 133 135 138 149 150 150 149 148 147 147 149 151 151 145 143 146 148 148 148 146
-9999 -9999 -9999 -9999 -9999 -9999 -9999 -9999 -9999 -9999 -9999 -9999 -9999 -9999 -9999 -9999 -9999 -9999 -9999 -9999 -9999 -9999 -9999 -9999 -9999 -9999 -9999 -9999 -9999 -9999 -9999 -9999 -9999 -9999 -9999 -9999 -9999 -9999 93 91 86 82 85 84 91 90 84 81 85 83 89 88 83 76 76 67 70 74 88 102 110 115 118 125 128 133 139 142 144 142 141 142 136 140 143 139 139 138 144 150 152 152 153 151 153 154 149 142 140 145 147 147 147 149 149
-9999 -9999 -9999 -9999 -9999 -9999 -9999 -9999 -9999 -9999 -9999 -9999 -9999 -9999 -9999 -9999 -9999 -9999 -9999 -9999 -9999 -9999 -9999 -9999 -9999 -9999 -9999 -9999 -9999 -9999 -9999 -9999 -9999 -9999 -9999 -9999 96 91 85 86 82 76 77 79 88 88 92 92 85 78 72 72 66 68 72 80 92 96 105 121 125 140 131 125 124 125 133 138 141 142 141 141 144 143 143 143 140 139 141 147 151 152 150 151 147 141 143 144 143 144 146 149 150 149 150
-9999 -9999 -9999 -9999 -9999 -9999 -9999 -9999 -9999 -9999 -9999 -9999 -9999 -9999 -9999 -9999 -9999 -9999 -9999 -9999 -9999 -9999 -9999 -9999 -9999 -9999 -9999 -9999 -9999 -9999 -9999 100 -9999 -9999 -9999 98 97 91 87 85 76 79 83 88 93 91 88 79 78 77 68 70 74 83 91 97 106 110 115 121 131 137 142 140 135 136 138 139 143 146 143 145 145 145 146 147 144 141 139 143 144 143 143 141 140 142 145 147 146 148 150 149 152 152 153
-9999 -9999 -9999 -9999 -9999 -9999 -9999 -9999 -9999 -9999 -9999 -9999 -9999 -9999 -9999 -9999 -9999 -9999 -9999 -9999 -9999 -9999 -9999 -9999 -9999 -9999 102 100 98 98 100 -9999 -9999 99 95 91 91 86 81 81 83 82 85 92 90 88 84 81 78 85 90 95 101 97 110 112 125 134 135 135 130 132 137 143 147 145 145 146 145 145 147 147 146 147 147 148 147 148 148 147 143 143 142 146 143 145 146 150 147 150 153 152 152 155 156
-9999 -9999 -9999 -9999 -9999 -9999 -9999 -9999 -9999 -9999 -9999 -9999 -9999 -9999 -9999 -9999 -9999 -9999 -9999 -9999 -9999 -9999 -9999 -9999 -9999 -9999 -9999 71 71 82 96 96 96 91 87 84 88 88 84 74 80 90 86 84 84 88 89 96 100 95 101 101 111 116 124 134 132 134 140 143 144 140 143 145 144 148 142 141 146 147 146 144 144 147 147 148 148 149 148 149 147 147 149 150 152 150 152 150 155 152 152 155 157 160 160
-9999 -9999 -9999 -9999 -9999 -9999 -9999 -9999 -9999 -9999 -9999 -9999 -9999 -9999 -9999 -9999 -9999 -9999 -9999 -9999 -9999 -9999 -9999 -9999 90 72 73 69 66 66 78 85 90 78 78 80 87 89 81 87 85 84 92 101 102 100 95 107 100 106 118 124 131 134 128 126 137 136 138 142 144 146 149 153 153 150 146 145 145 146 145 144 142 140 143 146 150 149 152 148 145 146 147 149 152 155 157 158 156 157 159 161 163 163 162
-9999 -9999 -9999 -9999 -9999 -9999 -9999 -9999 -9999 -9999 -9999 -9999 -9999 -9999 -9999 -9999 -9999 -9999 -9999 -9999 -9999 -9999 -9999 -9999 70 64 66 59 58 51 53 77 71 68 77 82 76 81 84 75 88 93 109 112 101 102 103 108 111 121 117 122 126 124 121 129 134 136 140 143 146 152 160 160 160 159 156 151 151 149 147 148 148 144 145 144 147 151 153 156 155 152 153 153 151 153 157 161 163 165 164 165 -9999 -9999 -9999
-9999 -9999 -9999 -9999 -9999 -9999 -9999 -9999 -9999 -9999 -9999 -9999 -9999 -9999 -9999 -9999 -9999 -9999 -9999 -9999 -9999 77 71 66 69 65 66 55 53 46 42 60 73 71 71 71 69 73 80 96 97 104 112 111 117 119 123 118 114 112 106 110 101 109 122 120 119 122 129 131 143 155 159 161 157 160 159 157 156 156 153 149 148 149 150 152 148 148 151 150 150 155 157 161 155 154 160 159 141 144 -9999 -9999 -9999 -9999 -9999
-9999 -9999 -9999 -9999 -9999 -9999 -9999 -9999 -9999 -9999 -9999 -9999 -9999 -9999 -9999 -9999 -9999 90 87 81 67 63 58 57 59 55 58 52 47 44 32 49 48 50 56 68 76 96 93 102 113 120 114 123 120 107 104 114 115 108 108 107 113 116 116 122 129 134 134 130 138 146 155 162 161 159 159 159 160 157 152 148 146 148 149 146 152 148 146 145 147 148 152 159 162 163 157 142 134 -9999 -9999 -9999 -9999 -9999 -9999
-9999 -9999 -9999 -9999 -9999 -9999 -9999 -9999 -9999 -9999 -9999 -9999 -9999 -9999 87 91 91 82 77 77 62 66 58 60 53 49 34 39 22 26 40 40 34 49 59 75 94 100 104 108 108 102 107 109 113 116 113 113 118 116 114 119 122 124 128 133 136 137 142 146 149 150 154 158 158 159 159 160 160 159 153 151 150 148 151 149 150 154 149 148 148 152 153 158 148 141 136 -9999 -9999 -9999 -9999 -9999 -9999 -9999 -9999
-9999 -9999 -9999 -9999 -9999 -9999 -9999 -9999 -9999 -9999 -9999 -9999 -9999 87 59 74 80 74 70 71 51 56 51 46 29 31 12 10 12 18 35 42 47 61 77 89 98 106 110 108 104 109 114 121 124 125 124 124 122 115 119 127 131 126 129 136 137 137 139 140 141 146 152 158 155 157 158 157 156 157 155 154 150 151 151 152 149 151 152 154 156 157 158 149 133 137 -9999 -9999 -9999 -9999 -9999 -9999 -9999 -9999 -9999
-9999 -9999 -9999 -9999 -9999 -9999 -9999 -9999 -9999 -9999 102 83 77 85 84 79 79 65 63 46 34 31 28 14 15 11 3 2 25 14 33 44 54 67 84 88 96 100 107 117 120 120 127 124 117 120 123 125 131 126 124 126 133 136 136 141 141 146 148 150 148 141 150 156 159 159 163 162 164 160 156 148 148 150 153 156 155 153 153 156 158 163 149 134 -9999 -9999 -9999 -9999 -9999 -9999 -9999 -9999 -9999 -9999 -9999
-9999 -9999 -9999 -9999 -9999 -9999 -9999 93 96 96 80 81 79 68 62 56 53 46 49 44 33 28 14 1 -1 11 13 16 31 34 54 56 60 91 100 100 100 109 114 123 128 128 127 115 111 119 118 129 132 123 125 129 129 132 132 133 135 141 142 150 151 157 150 149 151 159 164 166 163 161 158 150 148 148 146 148 150 152 155 160 161 166 135 -9999 -9999 -9999 -9999 -9999 -9999 -9999 -9999 -9999 -9999 -9999 -9999
-9999 -9999 -9999 -9999 -9999 -9999 -9999 77 85 82 77 59 61 67 57 54 43 45 44 23 17 12 0 2 -9 -18 -6 14 30 48 71 82 90 93 101 103 120 120 117 118 131 129 129 125 117 122 128 134 130 124 128 128 137 137 135 136 134 144 144 149 154 158 160 159 160 159 163 165 164 162 157 153 154 150 153 153 153 156 156 158 161 167 135 -9999 -9999 -9999 -9999 -9999 -9999 -9999 -9999 -9999 -9999 -9999 -9999
-9999 -9999 -9999 -9999 -9999 -9999 88 94 72 74 64 64 64 59 64 58 61 46 37 33 19 -3 -3 1 13 17 32 25 48 72 80 101 112 114 96 91 93 110 116 115 112 119 140 140 123 122 127 134 135 134 138 142 146 143 138 143 135 139 143 148 151 155 154 155 160 158 158 160 163 165 161 157 159 157 156 161 162 162 158 164 166 167 -9999 -9999 -9999 -9999 -9999 -9999 -9999 -9999 -9999 -9999 -9999 -9999 -9999
-9999 -9999 -9999 -9999 -9999 -9999 109 78 69 54 51 47 52 53 43 62 35 31 14 6 1 1 -3 -7 -16 -6 14 30 52 48 88 115 117 124 133 119 116 112 114 120 128 138 135 137 140 133 134 133 129 127 134 137 140 145 150 152 151 146 145 147 147 152 155 154 156 158 161 163 164 163 162 159 159 162 162 159 162 164 165 167 169 171 -9999 -9999 -9999 -9999 -9999 -9999 -9999 -9999 -9999 -9999 -9999 -9999 -9999
-9999 -9999 -9999 -9999 -9999 115 110 92 75 74 68 68 56 49 43 47 41 12 14 16 27 2 14 12 -11 2 -4 17 38 54 96 103 124 115 128 137 135 135 123 112 119 127 140 146 149 131 133 131 128 137 129 133 130 134 147 153 153 153 148 146 145 147 151 152 154 158 163 165 169 170 166 163 157 156 162 162 160 161 166 170 171 173 -9999 -9999 -9999 -9999 -9999 -9999 -9999 -9999 -9999 -9999 -9999 -9999 -9999
-9999 -9999 -9999 -9999 -9999 -9999 101 95 70 75 70 68 60 56 42 29 24 36 23 31 36 37 9 5 19 7 13 50 50 66 96 110 119 120 113 126 124 126 141 127 119 122 134 147 150 140 141 144 144 142 144 140 143 141 146 155 156 153 154 152 152 155 152 155 155 158 165 170 168 170 172 168 164 166 164 167 165 166 169 172 -9999 -9999 -9999 -9999 -9999 -9999 -9999 -9999 -9999 -9999 -9999 -9999 -9999 -9999 -9999
-9999 -9999 -9999 -9999 -9999 117 116 108 80 74 66 59 51 43 42 30 54 30 36 46 45 25 31 33 14 25 42 60 59 84 124 116 116 115 120 126 132 140 150 144 124 129 128 132 152 158 150 148 147 140 150 152 150 151 147 150 154 157 158 160 160 164 161 161 166 167 169 172 169 171 172 172 163 161 166 169 170 171 172 173 174 -9999 -9999 -9999 -9999 -9999 -9999 -9999 -9999 -9999 -9999 -9999 -9999 -9999 -9999
-9999 -9999 -9999 -9999 -9999 115 109 99 86 78 74 65 46 40 44 43 49 27 39 37 15 30 24 25 29 23 52 57 76 104 128 141 126 125 125 121 130 135 141 160 150 145 144 143 148 161 157 151 148 151 150 155 158 155 151 149 153 155 159 161 161 164 167 174 176 171 170 170 172 171 171 173 165 158 160 162 165 171 172 173 -9999 -9999 -9999 -9999 -9999 -9999 -9999 -9999 -9999 -9999 -9999 -9999 -9999 -9999 -9999
-9999 -9999 -9999 -9999 -9999 118 116 107 82 72 57 43 44 35 29 31 21 26 24 29 15 0 -7 -11 11 24 64 70 69 104 122 127 135 133 138 137 142 150 147 148 160 164 160 154 152 162 163 162 156 156 156 159 157 155 156 155 155 158 156 162 167 166 167 172 177 178 177 176 174 173 174 175 166 160 163 165 170 173 173 174 176 -9999 -9999 -9999 -9999 -9999 -9999 -9999 -9999 -9999 -9999 -9999 -9999 -9999 -9999
-9999 -9999 -9999 -9999 -9999 119 118 116 110 65 67 65 44 45 28 41 38 28 17 10 -3 -7 -4 6 26 47 63 72 78 113 129 129 119 128 141 146 144 150 160 154 158 167 171 173 170 164 162 166 164 162 164 162 158 162 159 157 158 161 162 164 167 168 167 167 170 175 177 175 174 176 178 177 169 165 165 167 171 173 173 174 176 -9999 -9999 -9999 -9999 -9999 -9999 -9999 -9999 -9999 -9999 -9999 -9999 -9999 -9999
-9999 -9999 -9999 -9999 -9999 118 118 116 112 104 75 60 51 48 42 43 42 37 38 8 4 -12 -10 9 13 55 80 82 84 114 129 140 129 127 128 150 161 155 165 160 156 157 154 158 169 160 156 158 169 170 164 158 156 159 161 166 163 158 160 164 167 169 172 173 170 173 177 178 176 179 183 183 175 169 170 172 175 176 175 174 176 179 184 187 189 -9999 -9999 156 -9999 -9999 -9999 -9999 -9999 -9999 -9999
-9999 -9999 -9999 -9999 -9999 -9999 118 115 112 93 69 64 45 42 46 40 42 39 12 25 9 16 24 32 30 61 74 76 80 97 118 115 133 140 135 139 142 162 160 171 157 150 154 164 169 165 170 163 166 170 164 164 163 163 168 169 168 165 163 166 166 168 171 172 174 174 176 171 175 180 182 182 174 172 171 172 174 175 175 175 176 177 180 182 185 187 188 160 -9999 -9999 -9999 -9999 -9999 -9999 149
-9999 -9999 -9999 -9999 -9999 -9999 117 114 114 99 77 66 59 62 45 26 31 11 7 6 1 -2 25 29 29 64 68 70 71 88 117 126 129 128 144 149 153 165 157 165 158 159 159 148 158 165 172 171 166 171 166 167 163 169 170 174 168 172 169 168 167 168 166 170 171 173 177 177 177 179 180 179 172 173 172 174 175 176 176 175 175 177 177 179 181 184 188 191 156 158 -9999 -9999 -9999 -9999 149
-9999 -9999 -9999 -9999 -9999 -9999 -9999 117 114 112 90 74 74 48 33 9 32 9 3 -0 1 4 29 31 29 67 69 70 71 92 101 118 132 126 131 130 135 138 138 149 152 150 139 130 129 129 156 167 165 170 170 170 166 169 172 176 172 172 174 173 171 170 173 171 171 173 174 177 180 181 182 175 171 174 176 176 177 177 177 177 177 176 178 178 181 185 188 192 157 158 159 -9999 -9999 -9999 -9999
-9999 -9999 -9999 -9999 -9999 -9999 -9999 117 117 91 88 67 55 48 29 32 33 17 14 2 4 11 25 20 31 75 74 75 74 96 103 109 112 119 118 126 131 132 133 129 134 136 130 132 130 128 134 151 158 174 176 176 173 171 173 177 175 173 175 172 171 170 172 172 176 177 173 173 171 170 172 174 176 176 178 179 179 179 179 178 178 178 179 181 185 188 192 194 159 159 160 159 -9999 -9999 -9999
-9999 -9999 -9999 -9999 -9999 -9999 -9999 -9999 116 113 107 78 65 60 37 34 28 29 10 9 13 38 55 45 38 88 84 76 86 92 98 122 110 110 120 127 135 127 138 138 141 141 136 133 126 120 125 130 132 138 137 147 166 170 169 173 171 171 169 167 166 167 167 167 168 169 167 172 170 173 175 176 177 178 180 181 181 182 182 182 182 183 183 186 189 193 196 188 162 162 161 161 159 -9999 -9999
-9999 -9999 -9999 -9999 -9999 -9999 -9999 -9999 117 114 94 78 65 53 52 48 41 37 22 15 15 30 18 50 63 71 93 99 96 94 110 123 125 118 120 117 122 134 140 143 141 145 142 132 107 96 100 109 118 133 131 137 140 156 159 170 170 171 172 171 169 170 171 168 168 169 172 173 177 178 178 179 181 183 184 185 185 185 185 186 186 186 187 189 193 197 198 190 163 164 163 -9999 -9999 -9999 -9999
-9999 -9999 -9999 -9999 -9999 -9999 -9999 -9999 117 113 109 83 70 69 62 51 40 21 18 12 17 35 32 57 68 72 80 85 92 92 93 104 107 104 114 107 105 107 141 145 150 136 116 104 101 98 95 96 107 123 134 134 134 142 140 144 165 172 174 174 175 173 173 172 172 172 171 177 180 180 182 182 184 185 185 186 186 187 187 188 188 189 191 192 196 199 201 190 167 168 139 -9999 -9999 -9999 -9999
-9999 -9999 -9999 -9999 -9999 -9999 122 -9999 117 115 111 112 94 72 61 49 35 24 20 20 20 43 53 60 65 75 59 78 72 82 83 94 97 101 100 95 102 104 110 113 112 111 111 109 104 100 97 98 98 97 120 137 139 141 140 142 143 168 176 176 177 177 174 175 174 174 177 180 182 183 183 184 185 185 186 186 186 187 187 188 189 190 192 195 197 200 202 172 169 116 114 -9999 -9999 -9999 -9999
-9999 -9999 -9999 -9999 -9999 -9999 -9999 -9999 119 116 114 111 86 66 58 51 38 30 35 22 21 29 73 62 68 74 73 79 78 83 93 100 100 103 106 106 108 112 115 117 -9999 117 114 111 108 106 100 98 99 98 101 125 141 143 144 147 162 176 176 177 177 178 176 176 177 179 180 180 180 181 181 183 184 185 185 187 187 188 188 189 190 192 196 199 194 196 187 171 -9999 -9999 -9999 -9999 -9999 -9999 -9999
-9999 -9999 -9999 -9999 -9999 -9999 -9999 -9999 -9999 -9999 113 110 90 71 58 41 32 36 38 31 30 34 63 81 71 75 82 87 96 89 95 103 106 107 108 112 114 116 -9999 -9999 -9999 -9999 -9999 114 112 106 103 100 100 100 99 105 140 146 146 167 176 177 177 177 177 176 176 174 176 175 178 176 178 179 181 183 184 185 186 188 190 190 189 189 191 195 188 180 172 172 174 174 -9999 -9999 -9999 -9999 -9999 -9999 -9999
-9999 -9999 -9999 -9999 -9999 -9999 -9999 -9999 -9999 -9999 114 110 77 63 57 49 46 53 42 37 35 43 55 85 80 86 90 96 99 99 103 110 112 113 -9999 -9999 -9999 -9999 -9999 -9999 -9999 -9999 -9999 115 113 108 106 103 102 102 99 104 121 147 150 177 177 177 177 176 176 176 175 175 174 176 179 176 178 180 182 183 184 183 185 187 189 190 190 190 192 192 169 173 175 -9999 -9999 -9999 -9999 -9999 -9999 -9999 -9999 -9999 -9999
-9999 -9999 -9999 -9999 -9999 -9999 -9999 -9999 -9999 -9999 114 108 90 76 61 60 58 61 56 50 45 55 64 92 90 93 102 102 104 109 113 113 -9999 -9999 -9999 -9999 -9999 -9999 -9999 -9999 -9999 -9999 -9999 -9999 115 113 109 106 105 104 105 106 106 134 149 169 177 175 175 174 176 176 175 175 178 179 179 178 181 181 182 184 186 187 189 191 191 191 191 191 -9999 -9999 -9999 -9999 -9999 -9999 -9999 -9999 -9999 -9999 -9999 -9999 -9999 -9999 -9999
-9999 -9999 -9999 -9999 -9999 -9999 -9999 -9999 -9999 -9999 -9999 -9999 114 88 74 69 72 69 68 61 64 67 67 70 71 78 83 89 113 116 117 -9999 -9999 -9999 -9999 -9999 -9999 -9999 -9999 -9999 -9999 -9999 -9999 -9999 118 115 113 110 108 108 107 107 107 106 141 154 176 174 172 166 174 174 173 177 179 179 179 179 181 182 184 185 185 186 188 190 191 192 192 -9999 -9999 -9999 -9999 -9999 -9999 -9999 -9999 -9999 -9999 -9999 -9999 -9999 73 -9999 -9999
-9999 -9999 -9999 -9999 -9999 -9999 -9999 -9999 -9999 -9999 -9999 -9999 -9999 -9999 -9999 76 77 79 72 69 70 71 74 73 77 79 82 92 118 -9999 -9999 -9999 -9999 -9999 -9999 -9999 -9999 -9999 -9999 -9999 -9999 -9999 -9999 -9999 -9999 118 115 112 110 108 108 107 106 105 107 138 161 172 170 168 172 173 175 178 178 177 176 178 179 180 181 183 184 186 187 189 191 192 194 -9999 -9999 -9999 -9999 -9999 -9999 -9999 -9999 -9999 -9999 -9999 -9999 -9999 -9999 -9999 -9999
-9999 -9999 -9999 -9999 -9999 -9999 -9999 -9999 -9999 -9999 -9999 -9999 -9999 -9999 -9999 -9999 84 79 78 82 78 79 82 81 84 87 87 -9999 -9999 -9999 -9999 -9999 -9999 -9999 -9999 -9999 -9999 -9999 -9999 -9999 -9999 -9999 -9999 -9999 -9999 117 116 114 111 109 108 106 106 105 103 104 133 168 168 167 168 168 176 178 173 173 175 177 177 177 179 184 182 184 187 190 191 193 -9999 -9999 -9999 -9999 -9999 -9999 -9999 -9999 -9999 -9999 -9999 -9999 -9999 -9999 -9999 -9999 -9999
