resultados/variables_proyeccion_tiempo/variables_futuro_csiro_A1B/bio8.asc
ncols 330
nrows 228
xllcorner -12.000000
yllcorner 34.000000
cellsize 0.166667
NODATA_value -9999
[rows 84 to 125 of 228, columns 190 to 284 of 330]
-9999 -9999 -9999 -9999 -9999 -9999 -9999 -9999 -9999 -9999 -9999 -9999 -9999 -9999 112 111 -9999 -9999 -9999 -9999 -9999 -9999 -9999 -9999 -9999 -9999 -9999 -9999 154 153 122 128 148 147 149 148 146 146 146 160 182 186 192 192 193 193 194 194 194 195 195 193 193 192 192 192 192 193 193 194 193 193 193 192 192 192 192 192 193 194 194 194 194 194 192 192 194 193 188 188 188 177 179 178 174 174 175 180 192 192 192 193 193 193 194
-9999 -9999 -9999 -9999 -9999 -9999 -9999 -9999 -9999 -9999 -9999 -9999 -9999 -9999 -9999 111 112 114 -9999 -9999 -9999 118 -9999 -9999 -9999 -9999 -9999 -9999 155 153 152 151 150 151 149 148 148 147 165 179 182 191 193 190 188 189 190 191 191 193 194 194 194 193 194 193 193 193 193 194 193 193 193 192 192 192 192 192 193 193 194 195 195 194 193 194 194 193 188 187 188 188 189 190 190 185 188 192 193 193 193 194 194 194 195
-9999 -9999 -9999 -9999 -9999 -9999 -9999 -9999 -9999 -9999 -9999 -9999 116 113 112 109 109 113 115 -9999 -9999 -9999 -9999 -9999 -9999 -9999 -9999 -9999 155 153 151 150 150 150 149 149 148 172 181 183 183 192 192 189 188 188 189 190 191 193 194 194 194 193 193 194 193 192 190 189 192 193 193 192 192 192 192 193 193 194 194 195 194 194 194 194 194 191 189 188 188 189 189 189 190 191 193 193 194 194 194 194 193 194 195
-9999 -9999 -9999 -9999 -9999 -9999 -9999 -9999 -9999 -9999 -9999 116 114 112 111 110 109 111 112 112 112 -9999 -9999 -9999 -9999 -9999 -9999 -9999 155 153 152 151 150 149 151 168 174 181 181 182 189 192 191 189 189 190 190 191 192 194 194 194 194 194 194 193 192 189 186 188 191 193 192 192 193 193 193 193 193 194 194 194 194 194 194 194 192 188 187 188 190 190 189 189 191 191 191 191 193 194 194 195 194 194 195
-9999 -9999 -9999 -9999 -9999 -9999 -9999 -9999 -9999 -9999 116 116 113 110 111 111 110 108 108 110 120 160 -9999 -9999 -9999 -9999 -9999 -9999 168 172 170 162 167 174 181 178 177 178 178 180 190 192 191 192 192 192 192 192 193 194 195 195 194 194 194 193 193 191 191 193 193 193 193 193 193 194 194 194 194 194 194 194 194 193 190 188 188 189 189 190 191 190 190 190 190 187 189 190 191 194 195 196 196 195 195
-9999 -9999 -9999 -9999 -9999 -9999 -9999 -9999 -9999 -9999 116 114 112 112 112 111 109 108 107 126 157 161 194 -9999 -9999 -9999 192 191 191 189 188 185 183 179 178 177 177 176 177 185 191 192 192 193 193 193 192 193 194 195 195 195 195 194 195 194 194 195 195 195 195 194 193 193 193 194 194 195 195 195 194 193 192 189 187 188 188 189 189 190 191 191 191 190 190 190 190 190 192 194 195 196 197 197 197
-9999 -9999 -9999 -9999 -9999 -9999 -9999 -9999 119 118 116 114 111 110 112 111 108 108 107 148 159 188 194 194 193 192 192 192 191 190 188 186 184 182 180 179 178 177 184 189 193 193 194 194 194 193 193 194 195 195 195 195 194 195 195 194 194 190 189 190 192 192 194 194 194 194 194 195 195 193 189 188 187 187 188 189 189 190 191 191 191 192 192 191 191 191 191 192 194 194 195 196 198 198 199
-9999 -9999 -9999 -9999 -9999 -9999 -9999 -9999 119 118 116 114 112 112 112 110 108 106 128 156 184 193 194 194 193 192 192 191 190 189 188 187 185 184 184 182 180 187 192 193 194 194 195 195 194 194 194 194 195 195 195 195 195 195 195 194 191 189 189 188 188 190 191 194 194 194 194 194 195 194 191 190 190 188 188 190 190 191 191 190 190 191 192 192 192 192 193 193 193 195 196 198 198 199 199
-9999 -9999 -9999 -9999 -9999 -9999 -9999 -9999 120 118 116 113 110 111 111 109 108 106 152 191 192 193 194 194 193 192 192 191 190 189 188 187 186 185 184 186 190 193 194 194 194 194 195 194 194 193 193 194 194 195 195 195 196 195 194 194 192 191 190 189 189 191 192 195 195 194 194 194 195 192 191 192 192 190 189 191 191 191 192 191 191 191 192 193 193 194 193 193 194 195 197 197 198 199 200
-9999 -9999 -9999 -9999 -9999 -9999 -9999 121 120 118 117 114 110 108 110 110 109 119 176 192 192 193 193 193 192 192 191 190 190 189 188 187 186 185 186 194 194 194 195 195 195 195 194 194 194 193 193 193 193 193 196 196 196 195 195 195 194 193 192 192 191 191 193 195 195 196 195 195 193 192 192 193 193 193 193 193 192 193 193 193 192 191 193 194 194 195 195 195 195 196 196 198 199 200 200
-9999 -9999 -9999 -9999 -9999 -9999 -9999 -9999 120 118 116 115 112 109 108 109 109 140 192 192 192 192 192 192 192 194 194 193 191 188 187 186 187 189 193 194 194 194 195 195 196 196 194 194 194 194 193 192 192 193 195 196 196 195 195 195 194 194 194 193 192 192 193 193 194 194 195 194 193 195 194 194 194 194 195 195 194 195 195 195 194 194 194 194 195 196 197 198 198 198 199 198 199 200 201
-9999 -9999 -9999 -9999 -9999 -9999 -9999 -9999 120 117 115 113 109 106 106 106 106 164 190 191 191 191 195 197 199 199 199 199 199 196 192 192 194 196 196 195 194 194 194 196 196 196 196 195 195 195 194 195 195 196 197 197 198 197 197 196 195 196 196 195 195 195 196 196 196 196 196 193 188 182 182 186 184 187 188 195 197 197 198 197 196 195 195 195 196 197 198 198 199 199 199 199 199 199 200
-9999 -9999 -9999 -9999 -9999 -9999 -9999 -9999 119 117 114 112 109 106 104 104 125 189 189 190 193 198 199 199 198 199 199 199 199 198 198 197 196 196 196 195 195 194 194 195 197 197 196 197 196 197 196 196 197 198 199 198 198 199 198 198 198 197 198 198 197 197 197 196 193 191 190 184 179 178 179 179 179 179 179 181 182 188 195 194 190 192 196 197 198 198 199 200 201 201 200 200 200 200 201
-9999 -9999 -9999 -9999 -9999 -9999 -9999 -9999 119 117 114 110 107 106 104 101 149 186 188 192 197 198 198 197 198 199 199 200 198 198 197 196 196 196 196 195 196 195 195 196 196 196 196 197 199 198 198 199 199 200 200 201 200 200 201 200 200 198 189 188 185 184 183 184 183 181 181 181 180 180 181 181 180 180 180 181 181 183 183 183 183 184 184 183 186 181 186 194 200 202 203 203 200 201 202
-9999 -9999 -9999 -9999 -9999 -9999 -9999 -9999 119 118 115 111 108 106 104 101 175 187 192 196 198 197 197 198 198 199 200 200 199 198 198 197 197 196 196 196 195 194 195 196 197 197 198 198 199 199 199 200 201 201 201 202 202 202 202 201 194 187 184 183 181 180 180 181 182 182 183 182 182 182 182 181 180 182 181 181 181 181 180 180 179 179 180 180 181 180 181 181 192 200 204 204 204 202 202
-9999 -9999 -9999 -9999 -9999 -9999 -9999 -9999 121 117 115 112 109 107 105 157 188 190 197 198 198 198 198 198 199 200 201 200 199 198 198 198 197 197 195 196 195 195 196 196 198 199 200 200 201 201 202 202 202 202 202 203 203 203 194 192 185 184 185 185 184 183 183 184 184 184 184 184 184 183 183 183 183 182 182 181 180 181 181 182 180 180 180 182 182 180 181 182 187 198 203 204 204 203 202
-9999 -9999 -9999 -9999 -9999 -9999 -9999 122 -9999 117 115 113 111 109 155 192 193 199 201 200 200 199 199 200 201 202 201 200 199 199 199 198 197 197 197 196 196 197 197 196 198 200 201 201 202 202 203 203 202 202 201 201 201 203 187 185 186 186 186 186 186 186 185 185 184 183 184 184 185 185 185 185 185 183 181 181 182 182 183 182 182 182 183 183 182 181 181 183 184 200 204 204 205 204 204
-9999 -9999 -9999 -9999 -9999 121 121 -9999 -9999 117 116 114 122 173 193 194 198 202 202 201 201 201 201 201 201 201 200 200 199 199 198 198 198 198 197 197 198 198 197 196 198 198 200 201 201 202 202 202 202 202 202 200 194 190 185 186 187 187 187 187 187 186 187 186 184 183 183 184 184 185 185 185 186 184 184 183 183 184 184 184 183 183 184 184 189 187 182 188 194 202 206 206 206 206 206
-9999 174 125 119 120 120 120 120 118 117 115 114 185 194 194 196 203 202 202 202 202 202 201 201 201 201 201 200 199 199 199 200 200 199 198 199 200 199 199 200 198 199 200 201 201 202 203 203 203 203 202 192 186 185 186 186 187 188 188 188 188 187 187 188 187 186 185 184 185 186 186 187 186 186 184 184 185 185 186 185 184 184 185 190 199 201 197 202 206 207 207 208 208 207 208
-9999 173 132 119 118 118 119 118 117 116 115 176 196 195 196 202 202 202 202 202 202 203 202 201 201 201 200 199 197 198 198 201 200 201 200 200 197 199 200 201 201 201 202 202 202 203 204 204 204 200 197 192 186 187 186 184 186 188 187 186 186 186 186 186 187 187 187 186 187 187 187 187 188 186 186 187 187 187 186 186 184 183 186 197 206 200 201 206 206 207 207 207 209 210 210
175 174 163 123 119 118 118 117 116 115 167 198 197 197 203 203 203 201 199 201 201 202 202 200 200 200 200 199 196 197 198 200 202 202 198 198 198 198 200 202 202 202 203 203 203 204 205 205 196 186 185 193 190 186 186 186 187 187 186 186 185 185 186 186 187 187 187 187 188 188 188 188 188 188 187 187 187 187 186 189 186 191 190 199 202 191 193 205 206 206 207 209 210 210 210
172 171 166 155 126 115 116 116 115 146 199 198 198 201 203 202 199 197 194 194 198 200 200 200 201 200 199 197 197 197 199 201 202 202 200 199 199 199 200 199 201 204 204 205 205 205 204 194 186 184 186 188 188 187 187 188 188 188 187 186 187 186 187 188 188 188 188 187 188 188 187 188 189 189 189 189 188 188 188 187 193 199 197 199 194 186 189 200 206 207 207 208 210 210 210
197 196 202 201 194 176 164 164 186 201 201 204 203 204 202 199 197 196 194 195 196 198 198 198 199 199 199 198 198 198 199 200 201 201 201 200 200 200 200 201 201 202 203 204 204 205 189 184 186 187 189 190 189 189 189 189 189 188 188 188 188 188 188 189 188 189 189 190 190 190 190 190 191 190 190 191 190 190 189 188 189 193 190 193 188 187 188 190 195 201 208 209 210 210 211
209 209 212 212 213 211 208 207 208 206 206 206 206 205 203 203 200 199 198 197 199 200 199 200 200 200 200 200 199 199 199 200 202 202 202 203 204 204 204 205 205 203 202 203 197 188 186 186 188 189 190 190 191 190 191 191 190 190 190 189 190 189 189 190 190 190 190 191 192 190 190 191 192 192 192 191 191 191 191 190 190 190 190 190 190 189 188 189 191 200 210 210 212 212 212
207 209 211 213 214 212 210 208 207 207 207 210 210 208 206 205 203 202 200 201 200 200 201 202 202 202 199 191 187 184 186 194 201 203 204 206 206 206 206 207 206 206 205 192 184 185 188 189 189 190 190 190 191 191 191 192 192 191 190 190 191 190 190 191 192 192 192 192 193 192 192 193 193 193 193 192 192 191 191 191 192 190 190 192 192 190 190 190 192 200 210 213 214 213 214
209 210 212 214 215 214 212 210 209 210 212 214 213 211 209 206 205 204 203 203 202 202 202 198 189 185 185 185 184 183 184 184 192 200 200 194 188 187 194 196 199 192 187 185 186 187 189 190 192 193 193 193 192 192 192 193 193 193 192 191 192 192 192 193 193 193 193 194 194 193 194 195 195 195 194 194 193 193 193 192 193 192 191 192 193 192 192 192 193 197 211 214 214 216 214
209 206 209 210 212 212 212 212 211 212 213 214 214 212 208 207 206 206 205 204 203 200 201 188 183 184 186 187 186 185 185 186 187 188 190 186 182 184 188 190 190 190 189 189 190 191 191 192 193 194 194 194 194 193 194 194 194 194 193 193 193 193 194 194 195 194 194 195 195 195 196 196 196 196 195 194 194 195 195 194 194 192 192 193 194 193 192 192 194 194 200 215 215 216 215
208 207 207 207 209 210 212 213 213 214 215 216 214 212 210 208 208 207 204 203 203 201 200 184 183 187 188 188 188 188 188 188 188 187 185 187 185 185 188 190 190 190 191 190 192 192 193 193 194 195 195 194 195 194 198 203 205 204 194 194 194 194 194 195 195 196 196 197 197 197 197 196 196 197 197 196 196 197 197 196 196 194 194 194 194 194 195 194 195 194 198 210 214 216 216
208 208 207 207 207 209 211 213 214 215 215 216 215 213 211 209 209 208 206 205 203 203 198 186 186 187 185 186 187 186 188 188 189 189 186 186 187 187 188 189 190 190 190 191 192 192 193 194 194 195 195 195 195 198 209 213 214 214 211 196 196 196 196 196 196 196 197 198 198 198 198 198 198 198 198 198 198 198 198 197 196 196 195 195 195 195 195 196 197 196 196 198 200 212 217
210 209 208 208 206 209 210 212 214 215 216 216 215 213 211 211 209 207 206 206 204 204 202 189 186 187 187 187 187 185 186 188 187 188 189 188 188 189 190 190 190 191 191 192 193 194 195 196 196 195 196 196 196 202 215 215 215 215 215 200 197 198 198 197 197 198 198 200 198 199 199 200 200 199 199 199 198 199 198 198 197 197 197 197 196 196 198 198 198 197 197 197 197 200 212
212 212 210 210 209 210 211 214 215 215 216 216 213 213 212 211 209 207 207 206 206 206 206 189 189 188 187 187 187 188 189 189 189 190 190 190 190 191 191 191 191 192 193 194 194 195 195 196 196 197 197 196 196 211 216 216 216 216 216 203 198 198 199 199 199 199 199 200 200 200 201 200 200 201 201 200 199 198 198 197 197 198 198 198 198 198 199 198 198 197 198 198 198 198 198
207 205 202 204 204 205 200 198 198 202 207 201 210 212 213 212 210 209 208 208 207 207 206 190 188 189 190 189 189 190 189 190 190 190 192 192 192 193 192 192 193 193 194 195 195 196 196 197 198 198 198 198 204 216 217 217 216 217 217 201 199 199 200 200 200 200 201 201 202 202 202 201 201 202 201 200 200 199 198 198 199 200 200 199 199 199 200 199 200 198 199 198 199 198 198
195 193 193 193 193 194 194 195 196 196 196 196 198 195 197 198 211 210 208 208 208 208 207 207 196 193 192 190 190 191 191 192 191 192 193 192 192 193 193 193 193 194 195 196 196 196 197 198 198 198 198 204 214 218 218 218 217 217 210 200 200 200 200 201 200 201 202 202 203 203 203 203 202 202 201 200 200 201 200 201 201 202 201 201 201 202 201 200 200 200 200 199 200 199 199
196 196 195 194 194 194 196 196 196 196 195 194 193 192 191 189 201 211 210 210 209 209 209 210 207 194 192 191 192 192 192 192 193 193 193 194 194 194 194 194 195 194 196 196 197 198 198 198 199 201 214 217 217 218 218 219 218 217 209 200 201 201 200 201 202 202 203 204 204 204 204 204 203 202 202 202 202 202 201 202 202 203 203 203 203 203 202 202 202 201 200 201 200 199 200
196 195 196 195 195 194 194 193 194 194 193 191 190 191 190 190 189 206 211 211 212 212 212 212 209 193 193 193 193 193 193 193 193 193 193 194 194 195 196 196 196 196 196 197 198 199 199 199 200 207 218 218 218 219 219 219 220 220 216 204 201 202 202 202 202 204 204 205 205 204 204 204 205 205 204 203 204 203 204 203 203 204 205 204 204 203 202 202 202 202 202 201 201 202 203
196 196 195 194 193 192 191 192 193 194 192 192 191 190 190 190 190 193 209 213 213 213 213 213 209 194 194 194 194 194 193 194 194 194 194 195 195 196 196 196 197 197 197 197 198 199 200 206 212 218 219 219 219 220 219 219 220 220 219 211 202 202 202 203 204 204 206 206 205 205 205 205 205 207 206 206 205 205 205 204 204 206 206 205 204 203 202 202 203 204 203 203 204 205 204
193 192 192 192 190 188 189 191 191 193 193 192 191 190 190 190 191 192 200 210 215 214 212 202 197 194 194 194 194 193 194 193 194 194 195 195 195 196 196 197 197 197 197 198 198 199 202 215 218 218 218 219 219 218 218 219 219 219 220 220 209 206 204 205 205 205 207 207 207 206 206 207 207 208 208 207 206 206 205 205 206 207 207 206 205 205 204 204 204 204 204 206 206 205 204
190 190 190 190 190 189 190 190 192 192 193 193 191 191 191 192 193 194 194 194 202 199 197 195 194 194 194 194 193 193 194 194 194 195 195 195 196 196 196 196 197 197 198 198 198 199 200 218 218 218 218 219 219 219 220 220 221 221 222 223 220 215 214 210 207 207 207 206 207 208 208 209 210 209 209 208 207 207 206 206 207 208 207 206 205 205 205 206 206 205 207 207 208 207 206
191 190 190 190 190 191 190 190 191 191 192 194 194 194 193 194 195 195 195 195 194 194 194 195 194 194 194 194 193 193 194 194 194 194 195 195 195 196 196 196 196 198 198 198 199 199 206 218 218 218 219 219 219 219 219 220 221 222 222 223 224 222 221 210 210 208 207 207 208 209 210 210 210 210 209 210 209 209 209 209 209 209 207 207 206 208 208 207 207 207 209 209 207 207 208
191 190 188 188 187 187 189 189 189 190 190 191 193 195 194 194 194 194 195 194 194 194 194 194 194 193 193 192 193 193 194 194 194 194 195 194 195 196 196 196 197 198 198 199 198 199 202 217 217 218 218 216 217 218 219 220 221 221 222 223 223 212 217 210 215 210 209 209 209 211 211 212 212 212 212 212 211 211 210 211 210 210 210 209 210 209 208 209 208 208 209 209 207 207 208
189 189 188 186 185 181 183 187 188 189 191 192 195 195 193 193 193 194 193 194 193 192 192 192 193 192 192 192 192 193 193 194 194 195 194 194 195 196 196 197 198 198 198 198 198 199 202 210 217 217 218 217 218 219 220 222 223 223 224 225 219 210 209 210 212 211 210 211 212 212 212 212 212 212 212 212 212 212 211 212 212 211 211 211 211 211 211 211 210 210 210 210 210 210 209
188 187 186 185 183 180 179 183 186 188 190 192 194 193 193 192 193 191 190 191 191 189 189 191 192 192 192 192 192 193 193 194 194 195 195 195 195 196 196 197 198 198 198 199 198 199 198 207 217 217 218 219 219 220 221 222 222 222 220 216 208 208 210 211 211 212 212 213 212 213 213 213 213 213 213 213 213 212 212 212 212 212 211 211 211 211 210 211 211 210 210 209 210 211 210
