resultados/variables_proyeccion_tiempo/variables_futuro_csiro_A1B/bio9.asc
ncols 330
nrows 228
xllcorner -12.000000
yllcorner 34.000000
cellsize 0.166667
NODATA_value -9999
[rows 47 to 93 of 228, columns 192 to 287 of 330]
47 47 50 50 53 55 -9999 -9999 -9999 -9999 -9999 -9999 -9999 -9999 -9999 -9999 -9999 -9999 -9999 -9999 18 15 16 12 11 11 11 11 10 9 8 7 6 6 4 3 2 1 0 -2 -3 -4 -5 -5 -7 -8 -10 -11 -8 -8 -7 -8 -9 -10 -10 -10 -11 -12 -13 -13 -16 -17 -18 -20 -18 -17 -18 -18 -21 -36 -41 -41 -39 -38 -39 -38 -37 -36 -35 -34 -33 -32 -32 -30 -29 -27 -28 -30 -30 -29 -27 -26 -26 -25 -24 -23
51 53 54 55 55 56 -9999 -9999 -9999 -9999 -9999 -9999 -9999 -9999 -9999 -9999 -9999 22 21 19 17 17 13 13 11 11 10 10 10 10 10 8 6 5 5 3 4 3 1 -1 -2 -2 -5 -6 -4 -5 -6 -7 -9 -11 -8 -9 -9 -10 -11 -12 -13 -13 -14 -13 -15 -17 -17 -17 -16 -16 -17 -18 -29 -41 -41 -40 -39 -38 -39 -38 -36 -35 -33 -32 -32 -31 -30 -30 -29 -28 -27 -28 -30 -30 -28 -28 -28 -27 -26 -25
56 58 58 58 58 59 -9999 -9999 -9999 -9999 -9999 -9999 -9999 -9999 -9999 26 25 23 21 19 17 16 14 12 10 10 10 10 10 8 9 9 8 5 4 3 2 3 4 2 1 0 -1 -3 -2 -4 -4 -4 -6 -9 -9 -6 -6 -7 -8 -8 -11 -13 -12 -12 -14 -15 -16 -16 -17 -15 -15 -17 -25 -44 -42 -42 -42 -42 -39 -37 -36 -36 -34 -33 -32 -32 -32 -31 -30 -29 -28 -28 -28 -30 -31 -29 -29 -30 -30 -28
-9999 -9999 -9999 -9999 61 61 -9999 -9999 -9999 -9999 -9999 -9999 -9999 29 28 26 25 24 21 19 18 17 15 12 11 10 10 9 9 9 8 9 7 4 4 4 1 1 2 3 2 1 1 -0 -0 -1 -2 -2 -4 -5 -6 -7 -5 -4 -4 -7 -9 -8 -10 -10 -10 -13 -14 -14 -16 -18 -16 -17 -24 -43 -44 -47 -42 -42 -40 -40 -38 -35 -36 -36 -35 -35 -34 -33 -32 -31 -30 -29 -28 -29 -30 -30 -32 -32 -33 -33
-9999 -9999 -9999 -9999 -9999 -9999 -9999 66 66 -9999 31 29 30 29 29 27 26 24 22 20 18 17 15 13 11 10 8 8 8 8 8 7 8 7 6 3 4 4 4 4 2 0 -1 2 -0 -2 -0 0 -1 -2 -3 -5 -5 -7 -3 -3 -5 -7 -7 -10 -9 -11 -12 -13 -14 -15 -15 -15 -20 -42 -45 -47 -44 -42 -40 -40 -38 -37 -37 -35 -35 -34 -34 -34 -34 -34 -33 -32 -31 -31 -30 -30 -31 -32 -34 -36
-9999 -9999 -9999 -9999 -9999 -9999 66 67 61 37 33 31 30 31 29 27 27 25 23 21 19 17 16 13 11 9 8 8 8 8 10 8 8 7 6 5 4 6 5 6 4 2 1 3 2 1 1 -0 2 1 3 -2 -4 -6 -7 -5 -4 -5 -6 -7 -10 -12 -15 -15 -16 -17 -19 -19 -22 -43 -43 -43 -42 -41 -42 -42 -42 -40 -38 -36 -36 -35 -35 -35 -36 -36 -35 -34 -34 -32 -33 -34 -33 -34 -35 -36
-9999 -9999 -9999 -9999 -9999 -9999 -9999 -9999 41 37 34 33 32 32 30 29 28 27 25 23 20 18 15 14 11 9 9 9 8 9 10 10 10 9 8 8 6 4 5 7 6 5 3 4 5 6 6 5 4 4 16 11 22 18 -1 -3 -6 -6 -9 -7 -10 -13 -15 -15 -14 -15 -16 -19 -26 -41 -43 -42 -41 -40 -42 -43 -43 -41 -38 -38 -38 -38 -37 -37 -36 -38 -37 -36 -35 -33 -34 -36 -36 -34 -36 -38
-9999 -9999 -9999 -9999 -9999 69 55 48 39 37 36 34 33 32 32 31 30 28 25 24 21 17 15 13 12 9 9 10 10 10 10 10 9 8 8 10 9 8 7 8 7 7 5 5 9 22 12 7 9 27 39 47 45 43 34 15 4 -3 -5 -9 -9 -10 -13 -13 -13 -14 -15 -16 -16 -26 -43 -42 -41 -42 -40 -40 -41 -39 -39 -38 -38 -37 -37 -38 -36 -34 -34 -33 -32 -33 -36 -36 -37 -36 -35 -36
-9999 -9999 -9999 -9999 -9999 -9999 42 40 38 37 35 33 31 30 31 31 29 28 25 22 21 18 15 12 12 10 9 9 11 11 11 10 11 9 9 11 9 10 10 9 9 9 7 7 20 34 52 37 47 51 49 49 47 46 47 47 34 18 -3 -7 -8 -10 -11 -13 -14 -13 -14 -17 -19 -16 -28 -36 -42 -41 -41 -40 -41 -40 -38 -37 -36 -37 -37 -35 -33 -32 -32 -30 -30 -30 -31 -33 -33 -35 -36 -38
-9999 -9999 -9999 -9999 -9999 -9999 42 40 39 36 34 33 30 30 31 30 28 28 26 23 21 19 16 14 14 12 12 11 11 9 11 12 12 11 12 10 11 11 10 11 10 9 12 18 45 54 55 53 53 53 50 49 49 48 46 47 46 45 27 -4 -7 -9 -10 -12 -13 -14 -14 -17 -19 -14 -16 -22 -32 -33 -39 -39 -38 -38 -37 -36 -35 -34 -32 -31 -30 -31 -30 -29 -30 -29 -29 -29 -30 -30 -31 -34
-9999 -9999 -9999 -9999 -9999 -9999 43 42 39 37 35 32 32 30 28 28 28 27 25 23 21 19 17 16 14 14 14 14 14 12 12 12 11 10 11 13 13 12 12 12 10 13 21 48 54 55 56 55 53 52 50 50 50 48 47 48 47 46 46 20 -5 -7 -9 -11 -12 -13 -14 -15 -14 -15 -14 -14 -16 -19 -23 -37 -35 -36 -35 -35 -33 -33 -30 -31 -30 -34 -31 -28 -30 -31 -31 -30 -31 -29 -29 -31
-9999 -9999 -9999 -9999 -9999 -9999 -9999 43 41 39 36 33 31 30 28 28 27 26 25 23 21 19 20 18 17 16 16 17 17 15 15 15 15 14 15 15 14 14 12 11 11 16 42 55 55 56 56 57 55 55 53 53 51 49 48 48 49 47 46 44 -2 -6 -3 0 -4 -12 -13 -14 -14 -14 -13 -12 -11 -10 -14 -29 -32 -35 -35 -35 -34 -34 -31 -31 -29 -30 -32 -29 -28 -29 -29 -30 -31 -29 -29 -32
-9999 -9999 -9999 -9999 -9999 -9999 -9999 74 46 40 36 34 33 32 31 30 28 27 26 23 20 19 19 19 20 19 20 20 19 18 19 16 15 17 17 16 14 12 13 13 16 35 56 56 56 55 56 56 56 55 55 54 52 51 50 50 49 47 46 37 23 30 25 22 -9 -8 -11 -13 -12 -12 -11 -11 -11 -10 -9 -14 -16 -20 -22 -34 -34 -34 -32 -29 -27 -28 -28 -29 -27 -27 -29 -29 -28 -28 -30 -32
-9999 -9999 -9999 -9999 -9999 -9999 -9999 -9999 61 45 39 37 35 34 32 31 30 29 27 24 22 20 20 20 20 19 19 19 20 19 19 19 19 19 17 16 18 26 37 32 43 55 57 57 56 56 55 56 55 55 54 54 53 52 51 50 50 48 47 46 44 43 41 20 -7 -6 -7 -7 -8 -7 -8 -8 -9 -9 -8 -6 -7 -6 -10 -30 -32 -32 -32 -30 -27 -26 -29 -28 -26 -27 -27 -29 -28 -28 -29 -31
-9999 -9999 -9999 -9999 -9999 -9999 -9999 -9999 -9999 56 41 39 37 36 35 33 31 30 29 27 24 22 23 21 19 19 20 20 20 19 19 21 21 20 17 17 41 59 59 59 59 58 58 57 57 57 57 56 56 56 56 56 55 54 52 52 50 49 48 44 37 44 40 6 -5 -4 -4 -4 -4 -5 -5 -5 -6 -6 -6 -5 -5 -4 -4 -2 -17 -28 -31 -32 -32 -31 -29 -26 -26 -27 -28 -28 -28 -28 -29 -29
-9999 -9999 -9999 -9999 -9999 -9999 -9999 -9999 -9999 69 42 39 38 37 36 35 33 31 29 28 23 22 24 23 22 22 23 22 21 20 20 21 21 21 18 18 28 27 29 48 54 58 60 60 59 58 59 58 56 57 57 56 54 54 53 51 51 50 49 48 36 22 16 3 -0 -1 -1 -1 -1 -2 -3 -4 -3 -4 -4 -3 -4 -5 -6 -5 -10 -19 -35 -37 -34 -34 -34 -30 -27 -27 -27 -28 -26 -13 -10 -12
-9999 -9999 -9999 -9999 -9999 -9999 -9999 -9999 81 75 59 40 40 38 37 36 33 32 31 28 25 24 24 23 24 23 23 21 23 22 21 21 22 20 19 18 17 17 23 36 42 57 60 60 60 60 59 59 59 58 57 56 55 54 53 53 53 52 51 50 33 5 4 3 2 1 1 2 2 1 0 -0 -2 -2 -2 -3 -3 -5 -4 -4 -4 -6 -18 -26 -18 -28 -32 -30 -29 -28 -29 -27 -4 2 1 1
-9999 -9999 -9999 -9999 -9999 -9999 -9999 -9999 81 76 73 60 52 56 39 37 36 33 31 28 26 25 26 25 25 24 24 24 24 23 20 20 21 22 20 20 19 18 18 19 19 25 53 61 60 60 60 60 59 59 59 58 57 56 55 55 55 55 54 46 9 8 7 5 4 4 3 3 3 3 3 2 2 0 1 1 1 -0 -1 -2 -4 -3 -2 -6 -8 -23 -26 -26 -13 -3 -15 -8 -8 1 2 1
-9999 -9999 -9999 -9999 -9999 -9999 -9999 -9999 80 77 74 73 73 73 62 37 36 35 33 31 29 28 26 25 24 25 25 24 23 22 21 20 21 21 19 18 19 19 20 20 20 19 20 58 61 60 60 60 60 60 60 60 60 59 58 57 56 56 56 45 17 10 9 8 7 6 5 5 5 4 4 4 4 4 4 3 3 3 2 1 -2 -2 -0 -1 -0 -1 -3 -6 -2 3 3 3 1 1 2 2
-9999 -9999 -9999 -9999 -9999 -9999 -9999 80 79 76 75 74 75 74 74 68 40 37 35 33 31 29 27 24 24 25 25 26 25 24 24 23 22 22 22 21 21 21 21 22 22 21 20 38 62 62 62 62 62 62 62 61 61 61 60 59 59 59 58 47 26 10 10 10 9 8 8 7 7 6 6 5 5 5 5 5 4 4 4 2 1 0 1 2 3 0 0 -1 -1 0 -1 -6 -1 3 3 2
-9999 -9999 -9999 -9999 -9999 -9999 79 79 78 78 77 77 76 75 75 75 57 39 38 36 34 32 29 27 26 26 26 26 27 28 26 27 24 24 24 23 24 24 24 24 24 23 21 23 25 42 61 63 63 63 63 64 64 63 61 61 60 60 54 19 39 21 12 12 12 10 10 9 8 7 7 6 6 6 6 6 6 5 5 4 4 4 3 1 -0 -1 -2 -2 -1 -2 -3 -5 -12 -2 -2 0
-9999 -9999 -9999 -9999 -9999 -9999 83 81 80 79 78 77 78 78 77 76 75 43 39 38 36 34 31 29 28 28 28 28 33 58 64 64 54 26 26 26 25 26 26 26 25 24 24 23 22 22 21 38 61 65 65 65 64 63 62 62 62 48 19 17 22 19 14 14 14 12 11 10 9 8 8 7 7 7 7 7 7 7 6 6 5 3 -0 0 1 -1 -2 -1 -0 -1 -5 -7 -9 -17 -13 -4
84 -9999 84 -9999 85 87 85 -9999 86 80 79 78 79 80 79 78 76 53 43 40 37 35 33 33 33 32 31 36 58 68 68 68 68 65 29 27 27 27 27 27 26 26 25 -9999 24 24 -9999 -9999 -9999 -9999 36 48 29 50 51 42 37 18 16 14 12 13 14 14 14 14 12 11 10 9 8 8 8 8 8 7 7 7 6 6 5 4 3 2 2 2 0 -2 -2 -2 -4 -8 -9 -13 -19 -8
84 85 86 -9999 89 88 -9999 89 88 82 80 79 80 80 80 79 78 61 43 41 40 37 36 35 34 33 32 40 69 69 70 69 69 42 28 27 28 -9999 -9999 -9999 -9999 -9999 -9999 -9999 -9999 -9999 -9999 -9999 -9999 -9999 -9999 21 21 28 22 18 19 19 18 17 16 16 16 14 15 14 13 12 11 10 9 9 9 9 8 8 7 6 6 6 7 4 3 1 1 0 -2 -4 -4 -6 -5 -5 -5 -5 -7 -16
86 87 90 91 93 -9999 -9999 -9999 -9999 84 80 79 -9999 80 82 80 80 60 47 43 41 39 38 36 36 35 36 36 71 -9999 71 -9999 -9999 -9999 -9999 -9999 -9999 -9999 -9999 -9999 -9999 2 -9999 -9999 -9999 -9999 24 24 -9999 -9999 24 -9999 -9999 -9999 -9999 -9999 -9999 -9999 23 23 22 22 20 18 16 15 14 13 12 11 9 9 9 9 8 8 7 6 5 6 6 4 3 2 0 -0 -0 -1 -4 -5 -4 -4 -4 -5 -25 -34
-9999 -9999 -9999 -9999 -9999 96 -9999 -9999 -9999 -9999 -9999 -9999 -9999 -9999 85 83 -9999 82 48 43 43 42 40 38 -9999 -9999 -9999 -9999 -9999 -9999 -9999 -9999 -9999 -9999 -9999 -9999 -9999 -9999 -9999 -9999 -9999 -9999 -9999 4 -9999 -9999 -9999 -9999 -9999 -9999 -9999 -9999 -9999 -9999 23 22 22 21 21 22 24 24 22 20 18 16 14 14 12 11 10 8 8 8 8 8 7 7 6 6 6 5 5 4 4 3 1 -1 -4 -3 -3 -3 -5 -22 -31 -35
-9999 -9999 -9999 -9999 -9999 -9999 -9999 -9999 -9999 -9999 -9999 -9999 -9999 -9999 86 -9999 -9999 -9999 -9999 -9999 -9999 -9999 -9999 -9999 -9999 -9999 -9999 -9999 -9999 -9999 -9999 -9999 -9999 -9999 -9999 -9999 -9999 -9999 -9999 -9999 -9999 -9999 -9999 -9999 -9999 -9999 -9999 -9999 24 24 21 22 23 22 20 19 19 18 19 20 21 20 21 20 18 16 14 12 10 10 9 9 9 9 9 8 8 7 7 6 6 6 5 4 4 1 0 -1 -2 -2 -1 -1 -11 -30 -34 -34
-9999 -9999 -9999 -9999 -9999 -9999 -9999 -9999 -9999 -9999 -9999 -9999 -9999 -9999 -9999 -9999 -9999 -9999 -9999 -9999 -9999 -9999 -9999 -9999 -9999 -9999 -9999 35 36 34 -9999 34 32 30 29 28 27 27 27 28 28 -9999 -9999 -9999 -9999 -9999 -9999 -9999 24 25 24 23 22 20 17 17 16 17 17 18 19 19 19 17 16 15 13 11 10 10 10 10 10 10 10 9 9 8 8 7 7 7 6 5 3 1 -0 -1 -1 -1 -0 -8 -25 -28 -33 -33
-9999 -9999 -9999 -9999 -9999 -9999 -9999 -9999 -9999 -9999 -9999 -9999 -9999 -9999 -9999 -9999 -9999 -9999 -9999 -9999 -9999 -9999 -9999 37 37 36 36 35 34 33 32 32 30 28 26 25 25 25 26 26 25 25 24 5 2 2 2 2 12 23 25 25 23 20 18 18 18 18 18 18 18 18 18 16 15 14 12 12 11 11 11 11 10 10 10 9 9 8 7 7 7 7 6 2 1 0 0 0 1 1 -0 -14 -22 -31 -31 -31
-9999 -9999 -9999 -9999 -9999 -9999 -9999 -9999 -9999 -9999 -9999 -9999 -9999 -9999 -9999 -9999 -9999 -9999 -9999 -9999 -9999 40 37 36 36 35 34 33 32 32 31 30 29 27 26 25 24 24 23 24 24 24 25 12 2 2 2 3 10 21 24 24 23 22 21 20 20 19 18 18 18 17 17 16 15 14 12 9 3 -1 -8 -2 6 3 -9 -10 3 8 8 7 7 3 2 2 1 1 1 2 2 2 1 -17 -29 -29 -29 -29
-9999 -9999 -9999 -9999 -9999 -9999 -9999 -9999 -9999 -9999 -9999 -9999 -9999 -9999 -9999 47 36 -9999 22 22 21 37 36 35 34 33 33 31 31 30 30 28 28 27 26 24 24 24 24 24 24 25 25 24 8 2 1 4 9 23 22 22 22 22 22 21 21 19 19 18 18 18 17 16 14 9 -4 8 -16 -16 -17 -17 -19 -18 -21 -21 -16 -5 7 5 5 1 -0 0 0 1 2 2 3 1 -10 -28 -28 -28 -28 -28
-9999 -9999 -9999 -9999 -9999 -9999 -9999 -9999 -9999 -9999 -9999 -9999 92 50 49 47 30 24 23 21 20 28 36 34 33 33 32 32 31 30 29 28 28 28 27 26 26 26 25 25 26 26 27 26 26 5 6 6 18 22 21 21 21 22 22 21 20 20 20 19 18 17 16 16 6 -1 -9 -17 -17 -18 -17 -18 -19 -20 -21 -21 -15 3 7 6 3 1 0 1 2 2 3 3 4 -8 -28 -28 -28 -27 -27 -27
-9999 -9999 -9999 -9999 -9999 -9999 -9999 -9999 -9999 -9999 -9999 -9999 -9999 -9999 47 46 28 25 -9999 -9999 -9999 19 33 34 33 33 32 31 30 30 29 29 29 28 28 27 26 26 26 26 26 27 27 27 26 2 10 7 22 22 22 22 21 21 22 22 20 18 18 19 19 18 16 8 -9 -11 -16 -17 -18 -18 -18 -18 -18 -19 -20 -20 -22 -20 8 8 8 4 2 2 2 3 4 4 5 -13 -28 -29 -27 -26 -26 -26
-9999 -9999 -9999 -9999 -9999 -9999 -9999 -9999 -9999 -9999 -9999 -9999 -9999 47 44 39 22 22 22 21 21 19 23 35 33 32 31 30 30 30 31 30 29 29 29 29 29 28 28 28 27 26 26 27 23 4 24 16 23 23 22 22 21 20 21 21 21 19 18 19 19 18 6 -3 -13 -14 -16 -18 -17 -18 -18 -18 -18 -18 -19 -21 -25 -27 -2 6 8 7 5 3 3 3 4 -3 -5 -26 -28 -28 -28 -27 -25 -26
-9999 -9999 -9999 -9999 -9999 -9999 -9999 -9999 -9999 -9999 -9999 52 47 44 42 36 20 21 21 22 -9999 -9999 17 26 33 32 31 30 31 31 31 31 29 27 29 29 30 29 29 29 28 26 28 28 23 22 23 17 24 23 21 20 19 18 18 21 21 19 20 19 19 13 6 -11 -12 -14 -15 -16 -17 -17 -17 -18 -19 -18 -19 -20 -24 -15 6 5 6 7 8 7 4 2 -3 -22 -21 -27 -27 -27 -27 -26 -25 -25
-9999 -9999 -9999 -9999 -9999 -9999 -9999 -9999 -9999 -9999 -9999 49 45 43 42 30 20 21 -9999 -9999 -9999 -9999 -9999 -9999 34 33 32 31 31 30 30 30 29 28 28 30 30 29 28 27 24 21 17 25 27 27 18 24 25 22 19 18 18 18 18 19 20 20 20 20 16 1 -4 -10 -11 -13 -14 -15 -16 -16 -17 -19 -20 -19 -19 -21 -21 -3 4 4 3 4 4 5 5 3 -12 -21 -23 -26 -27 -27 -26 -25 -25 -24
-9999 -9999 -9999 -9999 -9999 -9999 -9999 -9999 -9999 -9999 -9999 -9999 42 42 -9999 41 -9999 -9999 -9999 -9999 -9999 -9999 -9999 16 -9999 -9999 32 31 30 30 30 29 29 28 28 30 30 27 26 23 24 26 27 28 28 28 26 27 26 24 21 20 18 18 19 20 21 21 21 21 14 1 -9 -11 -13 -14 -14 -14 -16 -16 -17 -18 -20 -20 -19 -19 -2 7 4 2 2 2 4 5 4 1 -10 -16 -26 -26 -26 -26 -25 -25 -24 -25
-9999 -9999 -9999 -9999 -9999 -9999 -9999 -9999 -9999 -9999 -9999 -9999 43 41 -9999 -9999 -9999 -9999 -9999 -9999 -9999 -9999 -9999 -9999 -9999 -9999 32 31 31 30 31 31 30 29 29 30 30 30 28 26 26 27 27 28 27 28 26 24 27 25 23 23 22 22 21 22 22 23 22 22 19 -6 -11 -12 -13 -14 -14 -15 -16 -16 -17 -18 -20 -20 -19 -20 -6 5 3 1 2 2 4 5 4 2 -13 -26 -27 -26 -26 -26 -25 -25 -25 -25
-9999 -9999 -9999 -9999 -9999 -9999 -9999 -9999 -9999 -9999 -9999 -9999 -9999 41 29 22 -9999 -9999 -9999 25 -9999 -9999 -9999 -9999 -9999 -9999 33 32 31 31 31 32 31 31 31 30 31 30 29 29 28 25 22 24 24 23 14 25 27 26 25 24 24 23 23 24 23 23 20 10 -1 -8 -11 -12 -13 -14 -14 -15 -15 -16 -17 -17 -19 -19 -19 -21 -11 3 3 2 2 2 4 4 5 -0 -12 -26 -26 -25 -25 -25 -25 -24 -24 -25
-9999 -9999 -9999 -9999 -9999 -9999 -9999 -9999 -9999 -9999 46 44 41 39 25 21 22 -9999 -9999 -9999 -9999 -9999 -9999 -9999 -9999 -9999 34 32 31 31 31 32 32 32 32 31 31 31 30 30 28 24 23 23 23 25 8 26 28 27 26 25 24 24 24 22 18 6 12 -2 1 -10 -11 -12 -13 -14 -14 -15 -15 -16 -18 -18 -19 -19 -20 -23 -22 0 2 2 1 2 3 4 4 -16 -25 -25 -25 -26 -27 -26 -25 -24 -25 -25
-9999 -9999 -9999 -9999 -9999 -9999 -9999 -9999 -9999 45 44 42 41 39 26 18 19 19 18 -9999 -9999 -9999 -9999 -9999 -9999 -9999 28 34 33 33 32 33 33 32 29 29 29 31 31 30 28 25 25 26 26 27 17 28 28 28 27 26 26 25 21 15 8 9 4 0 -9 -10 -10 -12 -12 -13 -14 -15 -15 -16 -18 -18 -18 -20 -22 -26 -20 4 4 3 2 2 4 3 4 -10 -26 -26 -26 -25 -26 -26 -26 -25 -25 -25
-9999 -9999 -9999 -9999 -9999 -9999 -9999 -9999 43 43 42 41 41 41 20 14 14 16 17 16 -9999 -9999 -9999 -9999 -9999 -9999 14 22 30 33 33 31 29 26 26 26 28 29 29 30 25 20 29 25 23 26 6 19 29 27 28 27 26 26 25 22 19 21 10 8 -6 -9 -10 -11 -12 -13 -13 -14 -15 -16 -17 -19 -23 -26 -26 -26 -21 2 1 4 3 3 3 -0 -0 -11 -29 -26 -25 -25 -25 -26 -25 -26 -24 -23
-9999 -9999 -9999 -9999 -9999 -9999 -9999 -9999 42 42 41 41 41 39 15 14 13 13 13 15 16 -9999 -9999 -9999 17 16 14 12 14 14 27 25 27 27 27 26 27 30 30 30 25 15 17 15 7 4 2 1 26 22 29 29 28 27 27 27 27 26 25 24 12 -8 -9 -10 -11 -12 -12 -13 -15 -18 -20 -23 -25 -26 -26 -26 -27 -2 -17 -7 4 3 3 1 -5 -22 -24 -26 -26 -25 -24 -24 -23 -23 -23 -22
-9999 -9999 -9999 -9999 -9999 -9999 43 43 42 42 40 40 42 39 22 14 13 13 13 15 17 17 18 18 17 16 16 13 11 10 12 18 25 28 28 27 28 29 33 32 29 25 6 3 3 6 2 1 0 3 12 21 27 28 27 22 21 22 23 20 10 -4 -8 -9 -10 -11 -12 -14 -19 -22 -24 -24 -24 -25 -25 -25 -21 -21 -20 -6 2 -2 -4 -15 -6 -27 -27 -26 -25 -24 -24 -23 -22 -22 -21 -21
-9999 -9999 -9999 -9999 -9999 -9999 44 44 43 42 41 41 42 41 35 25 12 13 14 15 18 18 18 18 17 16 14 14 13 12 10 20 9 8 23 23 29 34 34 34 34 14 6 5 3 3 2 1 0 -0 1 26 30 28 25 22 22 20 20 22 14 22 1 -8 -10 -11 -12 -13 -17 -20 -22 -24 -24 -24 -24 -24 -1 5 -12 -25 1 -14 -4 -4 -15 -28 -28 -27 -24 -23 -22 -22 -22 -21 -20 -21
-9999 -9999 -9999 -9999 -9999 -9999 44 43 43 41 40 42 42 41 40 32 13 13 14 16 18 19 19 19 18 16 15 14 13 12 12 11 10 10 10 11 25 27 26 27 22 6 5 3 2 2 1 1 1 1 0 9 28 29 26 25 24 22 22 23 23 27 12 -5 -9 -10 -11 -15 -18 -18 -15 -22 -19 -22 -23 -23 -19 -2 -3 -26 -20 -20 -7 -7 -17 -28 -27 -26 -24 -23 -23 -22 -22 -21 -21 -21
-9999 -9999 -9999 -9999 -9999 45 45 44 44 43 40 39 42 43 42 42 20 14 15 16 17 18 18 18 17 16 16 15 14 12 12 11 10 10 10 10 13 9 19 11 6 5 4 2 2 1 1 0 1 0 2 15 30 30 28 28 26 25 24 24 25 27 25 25 -6 -9 -10 -15 -16 -16 -17 -19 -15 -5 -11 -15 -18 -17 -12 -27 -25 -23 -20 -17 -20 -25 -25 -25 -24 -23 -22 -21 -21 -21 -20 -19
