resultados/variables_proyeccion_tiempo/variables_futuro_csiro_A1B/bio9.asc
ncols 330
nrows 228
xllcorner -12.000000
yllcorner 34.000000
cellsize 0.166667
NODATA_value -9999
[rows 0 to 46 of 228, columns 192 to 287 of 330]
-9999 -9999 -9999 -9999 -9999 -9999 -9999 -9999 -9999 -9999 -9999 -9999 -9999 -9999 -9999 -9999 -9999 -9999 -9999 -9999 -9999 -9999 -9999 -9999 -9999 -9999 -9999 -9999 -9999 -9999 -9999 -9999 -9999 -9999 -9999 -9999 -9999 -9999 -9999 -9999 -9999 -9999 -9999 -9999 -9999 -9999 -9999 -9999 -9999 -9999 -9999 -9999 -9999 -9999 -9999 -9999 -9999 -9999 -9999 -9999 -9999 -9999 -9999 -9999 -9999 -9999 -9999 -9999 -9999 -9999 -9999 -9999 -9999 -9999 -9999 -9999 -9999 -9999 -9999 -9999 -9999 -9999 -9999 -9999 -9999 -9999 -9999 -9999 -9999 -9999 -9999 -9999 -9999 -9999 -9999 -9999
-9999 -9999 -9999 -9999 -9999 -9999 -9999 -9999 -9999 -9999 -9999 -9999 -9999 -9999 -9999 -9999 -9999 -9999 -9999 -9999 -9999 -9999 -9999 -9999 -9999 -9999 -9999 -9999 -9999 -9999 -9999 -9999 -9999 -9999 -9999 -9999 -9999 -9999 -9999 -9999 -9999 -9999 -9999 -9999 -9999 -9999 -9999 -9999 -9999 -9999 -9999 -9999 -9999 -9999 -9999 -9999 -9999 -9999 -9999 -9999 -9999 -9999 -9999 -9999 -9999 -9999 -9999 -9999 -9999 -9999 -9999 -9999 -9999 -9999 -9999 -9999 -9999 -9999 -9999 -9999 -9999 -9999 -9999 -9999 -9999 -9999 -9999 -9999 -9999 -9999 -9999 -9999 -9999 -9999 -9999 -9999
-9999 -9999 -9999 -9999 -9999 -9999 -9999 -9999 -9999 -9999 -9999 -9999 -9999 -9999 -9999 -9999 -9999 -9999 -9999 -9999 -9999 -9999 -9999 -9999 -9999 -9999 -9999 -9999 -9999 -9999 -9999 -9999 -9999 -9999 -9999 -9999 -9999 -9999 -9999 -9999 -9999 -9999 -9999 -9999 -9999 -9999 -9999 -9999 -9999 -9999 -9999 -9999 -9999 -9999 -9999 -9999 -9999 -9999 -9999 -9999 -9999 -9999 -9999 -9999 -9999 -9999 -9999 -9999 -9999 -9999 -9999 -9999 -9999 -9999 -9999 -9999 -9999 -9999 -9999 -9999 -9999 -9999 -9999 -9999 -9999 -9999 -9999 -9999 -9999 -9999 -9999 -9999 -9999 -9999 -9999 -9999
-9999 -9999 -9999 -9999 -9999 -9999 -9999 -9999 -9999 -9999 -9999 -9999 -9999 -9999 -9999 -9999 -9999 -9999 -9999 -9999 -9999 -9999 -9999 -9999 -9999 -9999 -9999 -9999 -9999 -9999 -9999 -9999 -9999 -9999 -9999 -9999 -9999 -9999 -9999 -9999 -9999 -9999 -9999 -9999 -9999 -9999 -9999 -9999 -9999 -9999 -9999 -9999 -9999 -9999 -9999 -9999 -9999 -9999 -9999 -9999 -9999 -9999 -9999 -9999 -9999 -9999 -9999 -9999 -9999 -9999 -9999 -9999 -9999 -9999 -9999 -9999 -9999 -9999 -9999 -9999 -9999 -9999 -9999 -9999 -9999 -9999 -9999 -9999 -9999 -9999 -9999 -9999 -9999 -9999 -9999 -9999
-9999 -9999 -9999 -9999 -9999 -9999 -9999 -9999 -9999 -9999 -9999 -9999 -9999 -9999 -9999 -9999 -9999 -9999 -9999 -9999 -9999 -9999 -9999 -9999 -9999 -9999 -9999 -9999 -9999 -9999 -9999 -9999 -9999 -9999 -9999 -9999 -9999 -9999 -9999 -9999 -9999 -9999 -9999 -9999 -9999 -9999 -9999 -9999 -9999 -9999 -9999 -9999 -9999 -9999 -9999 -9999 -9999 -9999 -9999 -9999 -9999 -9999 -9999 -9999 -9999 -9999 -9999 -9999 -9999 -9999 -9999 -9999 -9999 -9999 -9999 -9999 -9999 -9999 -9999 -9999 -9999 -9999 -9999 -9999 -9999 -9999 -9999 -9999 -9999 -9999 -9999 -9999 -9999 -9999 -9999 -9999
-9999 -9999 -9999 -9999 -9999 -9999 -9999 -9999 -9999 -9999 -9999 -9999 -9999 -9999 -9999 -9999 -9999 -9999 -9999 -9999 -9999 -9999 -9999 69 75 -9999 -9999 66 76 74 81 67 70 69 70 68 67 69 -9999 -9999 -9999 -9999 -9999 62 67 62 66 66 66 70 -9999 -9999 -9999 -9999 -9999 -9999 -9999 -9999 -9999 -9999 -9999 -9999 -9999 -9999 -9999 -9999 -9999 -9999 -9999 -9999 -9999 -9999 -9999 -9999 -9999 -9999 -9999 -9999 -9999 -9999 -9999 -9999 -9999 -9999 -9999 -9999 -9999 -9999 -9999 -9999 -9999 -9999 -9999 -9999 -9999 -9999
-9999 -9999 -9999 -9999 -9999 -9999 -9999 -9999 -9999 -9999 -9999 -9999 -9999 -9999 -9999 -9999 -9999 -9999 78 69 -9999 -9999 -9999 70 71 76 66 65 63 67 66 73 69 62 70 68 75 -9999 38 41 49 -9999 47 56 58 51 53 54 54 56 58 68 58 61 65 -9999 -9999 -9999 -9999 -9999 -9999 -9999 -9999 -9999 -9999 -9999 -9999 -9999 -9999 -9999 -9999 -9999 -9999 -9999 -9999 -9999 -9999 -9999 -9999 -9999 -9999 -9999 -9999 -9999 -9999 -9999 -9999 -9999 -9999 -9999 -9999 -9999 -9999 -9999 -9999 -9999
-9999 -9999 -9999 -9999 -9999 -9999 -9999 -9999 -9999 -9999 -9999 -9999 -9999 -9999 79 73 66 74 72 69 72 66 70 70 70 72 67 68 62 51 48 47 49 47 57 43 36 29 32 34 45 -9999 40 39 38 37 36 41 48 39 -9999 43 50 50 52 59 61 51 55 58 65 -9999 -9999 -9999 -9999 -9999 -9999 -9999 -9999 -9999 -9999 -9999 -9999 -9999 -9999 -9999 -9999 -9999 -9999 -9999 -9999 -9999 -9999 -9999 -9999 -9999 -9999 -9999 -9999 -9999 -9999 -9999 -9999 -9999 -9999 -9999
-9999 -9999 -9999 -9999 -9999 -9999 -9999 -9999 -9999 -9999 -9999 90 88 82 74 75 67 65 66 79 71 72 64 63 72 59 43 57 44 34 30 30 44 -9999 42 37 30 33 28 40 -9999 -9999 39 36 35 30 32 29 29 38 37 34 33 37 56 52 49 52 55 53 58 60 62 65 -9999 -9999 -9999 -9999 -9999 -9999 -9999 -9999 -9999 -9999 -9999 -9999 -9999 -9999 -9999 -9999 -9999 -9999 -9999 -9999 -9999 -9999 -9999 -9999 -9999 -9999 -9999 -9999 -9999 -9999 -9999 -9999
-9999 -9999 -9999 -9999 -9999 -9999 -9999 -9999 90 -9999 78 -9999 88 -9999 59 60 40 28 34 50 60 64 65 57 38 41 35 31 32 32 36 44 42 39 36 34 28 27 35 42 39 38 33 28 27 29 35 42 46 44 42 41 37 36 41 54 50 44 49 52 54 54 56 59 57 54 58 -9999 -9999 -9999 -9999 -9999 -9999 -9999 -9999 -9999 -9999 -9999 -9999 -9999 -9999 -9999 -9999 -9999 -9999 -9999 -9999 -9999 -9999 -9999 -9999 -9999 -9999 -9999 -9999 -9999
-9999 96 92 85 69 -9999 -9999 89 67 56 54 29 34 37 32 38 34 35 35 27 46 43 26 28 31 30 28 28 32 38 44 44 25 20 12 15 16 23 14 14 20 22 18 19 22 24 33 41 45 43 44 42 39 40 42 45 44 48 47 49 58 61 61 59 52 52 52 -9999 -9999 -9999 -9999 -9999 -9999 -9999 -9999 -9999 -9999 -9999 -9999 -9999 -9999 -9999 -9999 -9999 -9999 -9999 -9999 -9999 -9999 -9999 -9999 -9999 -9999 -9999 -9999 -9999
94 -9999 76 78 73 82 -9999 73 63 45 26 36 29 34 34 34 28 41 47 45 34 31 24 20 27 30 24 22 29 37 44 5 -13 -12 -8 -14 -9 -16 -9 -1 5 8 12 17 24 26 30 31 40 35 45 46 48 47 46 46 47 49 55 64 65 64 68 -9999 -9999 -9999 -9999 -9999 -9999 -9999 -9999 -9999 -9999 -9999 -9999 -9999 -9999 -9999 -9999 -9999 -9999 -9999 -9999 -9999 -9999 -9999 -9999 -9999 -9999 -9999 -9999 -9999 -9999 -9999 -9999 -9999
90 67 92 70 66 74 62 58 45 44 48 43 37 28 23 17 28 30 42 47 45 33 27 24 25 25 16 10 -3 26 8 -4 -14 -10 -16 -19 -13 -6 4 2 8 14 14 15 16 16 18 26 29 23 23 30 32 38 36 40 43 45 48 48 44 44 -9999 -9999 -9999 -9999 -9999 -9999 -9999 -9999 -9999 48 43 43 42 -9999 -9999 -9999 -9999 -9999 -9999 -9999 -9999 -9999 -9999 -9999 -9999 -9999 -9999 -9999 -9999 -9999 -9999 -9999 -9999 -9999
59 57 -9999 41 55 40 55 44 20 26 33 34 40 34 26 21 25 27 29 33 30 26 28 24 24 26 23 1 -4 -3 -0 -2 -4 -7 -7 -4 -3 -1 -3 0 5 12 11 9 12 12 11 16 18 21 22 22 30 43 43 46 46 47 46 48 50 44 46 43 41 44 38 41 43 -9999 40 37 37 37 39 38 37 39 42 -9999 -9999 -9999 -9999 -9999 -9999 -9999 -9999 -9999 -9999 -9999 -9999 -9999 -9999 -9999 -9999 -9999
43 78 41 51 33 18 23 41 28 12 20 10 12 18 25 22 21 19 19 25 28 26 26 23 26 26 18 -9 -11 -9 -6 -6 -8 -9 -6 -4 -7 -8 -9 -2 2 4 8 9 8 8 10 13 16 20 24 26 31 37 43 45 42 40 42 46 47 48 43 40 37 42 43 43 36 34 35 37 38 34 37 34 33 33 38 -9999 -9999 -9999 -9999 -9999 -9999 -9999 -9999 -9999 -9999 -9999 -9999 -9999 -9999 -9999 -9999 -9999
37 51 17 22 5 19 14 19 23 27 27 21 18 16 22 26 22 17 25 25 26 29 25 11 9 -2 -7 -7 -9 -8 -5 -7 -10 -10 -7 -8 -9 -8 -7 -3 -1 -0 3 4 5 8 9 12 14 18 21 23 24 23 33 38 40 44 45 46 47 41 33 34 38 41 42 35 33 34 32 30 32 33 34 32 32 33 32 26 21 -9999 -9999 -9999 0 1 -9999 -9999 -9999 -9999 -9999 -9999 -9999 -9999 -9999 -9999
22 12 22 20 10 3 4 4 9 14 18 24 24 21 23 26 27 21 23 24 25 28 5 -10 -13 -12 -11 -12 -9 -10 -13 -15 -15 -13 -12 -15 -16 -13 -9 -8 -4 -1 1 2 3 4 7 10 13 15 16 17 17 19 32 43 40 41 35 37 38 36 34 35 35 34 35 31 27 28 28 29 31 28 29 29 32 27 12 7 8 4 3 -1 -3 -1 1 1 -2 1 5 3 4 5 8 -9999
13 16 15 13 23 12 8 8 15 20 20 20 21 22 22 22 24 26 26 17 7 -4 -14 -16 -16 -14 -15 -16 -16 -20 -18 -17 -17 -15 -14 -18 -19 -18 -17 -13 -11 -7 -4 -3 -1 1 3 5 7 9 11 11 12 15 22 33 36 33 32 34 34 35 35 33 30 29 25 26 27 28 27 26 27 27 28 23 10 3 4 2 4 3 -1 -4 -7 -8 -6 -5 -4 -2 0 0 0 2 4 2
11 14 15 15 17 23 16 13 11 12 15 18 21 22 19 19 20 23 10 -13 -19 -22 -24 -22 -21 -21 -22 -22 -23 -23 -24 -22 -20 -19 -18 -19 -19 -16 -14 -12 -10 -12 -10 -9 -7 -5 -3 -1 1 2 3 4 6 8 8 14 10 16 30 32 30 31 32 30 29 27 28 26 26 23 22 25 22 22 22 20 8 -1 2 -2 -5 -5 -4 -7 -9 -8 -8 -7 -8 -8 -6 -4 -2 0 -1 -3
12 8 13 12 10 9 11 16 18 12 10 12 13 5 -6 -14 -10 -11 -20 -19 -22 -24 -26 -27 -28 -29 -30 -30 -29 -28 -26 -26 -25 -24 -30 -27 -24 -21 -20 -22 -22 -22 -20 -18 -16 -12 -11 -8 -8 -8 -8 -4 -4 -0 1 2 3 9 22 29 29 30 32 31 32 30 29 29 27 24 26 28 26 25 9 1 3 -3 -1 -5 -8 -7 -8 -11 -11 -10 -11 -13 -12 -11 -8 -5 -3 -3 -5 -8
14 15 15 16 15 15 14 12 10 13 17 16 -6 -16 -18 -21 -22 -21 -23 -22 -22 -25 -30 -28 -28 -29 -29 -30 -30 -31 -28 -28 -29 -29 -29 -32 -30 -29 -29 -28 -28 -26 -24 -21 -21 -19 -19 -15 -14 -13 -12 -5 -4 -2 -2 10 20 28 28 29 28 26 28 30 30 30 30 30 28 28 28 27 27 5 -10 -11 -10 -9 -6 -5 -9 -11 -8 -11 -13 -14 -12 -16 -13 -10 -8 -7 -5 -8 -6 -8
21 19 15 13 14 17 17 16 16 16 8 -8 -16 -17 -19 -20 -19 -20 -20 -19 -22 -22 -24 -24 -24 -25 -26 -27 -28 -29 -30 -29 -28 -28 -28 -27 -27 -28 -27 -26 -27 -27 -28 -27 -29 -27 -22 -18 -15 -12 -12 -12 -9 -10 -8 7 10 16 13 -6 13 14 25 25 22 24 24 25 27 27 24 9 7 0 -17 -13 -12 -9 -12 -7 -8 -11 -14 -18 -17 -14 -14 -15 -14 -12 -11 -7 -8 -10 -11 -9
33 26 18 11 12 8 9 9 16 12 -11 -17 -19 -21 -24 -23 -21 -19 -18 -20 -21 -24 -32 -27 -24 -26 -27 -26 -26 -26 -29 -28 -28 -29 -28 -28 -28 -27 -28 -27 -27 -28 -28 -27 -28 -29 -25 -26 -28 -25 -26 -21 -16 -18 -10 1 12 20 10 16 24 23 25 28 24 5 12 9 2 2 -8 -14 -18 -16 -19 -14 -16 -15 -11 -10 -11 -13 -16 -18 -18 -14 -12 -11 -12 -10 -9 -7 -8 -8 -8 -10
22 29 22 16 10 -2 -12 -16 -14 -12 -13 -17 -20 -22 -23 -26 -23 -21 -19 -19 -19 -20 -14 -25 -29 -22 -23 -22 -22 -23 -24 -24 -26 -27 -28 -27 -26 -26 -26 -26 -26 -26 -26 -26 -26 -25 -23 -23 -21 -20 -20 -18 -17 -15 -16 -13 -5 6 6 5 1 17 26 27 25 25 23 -0 -20 -26 -21 -22 -20 -20 -28 -19 -13 -14 -14 -12 -12 -15 -15 -17 -16 -14 -14 -13 -13 -10 -8 -7 -8 -9 -8 -8
10 5 11 0 2 -5 -1 -4 -11 -13 -15 -16 -15 -17 -21 -23 -23 -21 -19 -18 -17 -12 -16 -22 -24 -25 -23 -21 -19 -20 -20 -21 -22 -24 -28 -29 -28 -28 -27 -25 -23 -25 -26 -25 -24 -24 -23 -23 -22 -21 -21 -19 -16 -15 -15 -15 -15 -12 -11 -10 -5 -2 5 5 7 -6 -14 -2 -17 -20 -24 -27 -27 -21 -39 -30 -20 -15 -13 -11 -16 -18 -21 -20 -17 -11 -16 -26 -25 -21 -8 -6 -6 -6 -7 -7
-2 -3 -5 -6 -4 -3 -5 -4 -5 -8 -10 -13 -15 -15 -17 -17 -17 -18 -17 -12 9 22 14 -12 -16 -23 -22 -20 -19 -19 -20 -20 -22 -24 -25 -25 -26 -25 -24 -22 -22 -22 -23 -23 -23 -23 -23 -24 -24 -20 -19 -18 -15 -16 -16 -15 -17 -19 -18 -15 -10 -8 9 -6 -15 -13 -12 -15 -16 -21 -21 -20 -18 -19 -36 -26 -19 -14 -13 -24 -41 -42 -44 -28 -22 -14 -17 -33 -26 -17 -7 -8 -6 -8 -8 -8
-6 -6 -6 -9 -8 -6 -8 -10 -10 -10 -12 -12 -12 -12 -15 -14 -15 -18 -10 10 24 24 21 20 -7 -22 -19 -20 -19 -17 -18 -20 -20 -20 -23 -22 -21 -22 -21 -21 -20 -21 -20 -22 -21 -21 -23 -22 -22 -21 -18 -16 -16 -16 -16 -17 -19 -22 -20 -18 -19 -18 -17 -16 -15 -15 -15 -15 -17 -16 -17 -18 -18 -20 -21 -18 -17 -16 -14 -14 -20 -26 -31 -30 -17 -10 -9 -10 -11 -10 -8 -9 -10 -8 -7 -8
-10 -12 -13 -12 -10 -11 -10 -10 -11 -12 -14 -14 -12 -10 -11 -11 -13 0 17 27 26 26 25 24 3 -15 -15 -10 -12 -10 -16 -15 -18 -20 -19 -22 -22 -23 -22 -11 -17 -20 -22 -22 -21 -20 -21 -22 -19 -18 -19 -19 -22 -20 -20 -20 -20 -23 -22 -19 -20 -22 -24 -18 -17 -21 -23 -28 -26 -23 -24 -22 -22 -22 -21 -21 -22 -21 -17 -17 -17 -15 -13 -12 -10 -11 -13 -13 -12 -12 -9 -7 -8 -10 -9 -7
-9 -9 -11 -12 -13 -14 -14 -13 -10 -12 -15 -16 -13 -11 -9 4 25 24 27 26 25 26 26 25 17 15 14 21 25 22 15 15 9 7 7 6 -2 5 7 10 -15 -21 -23 -20 -19 -18 -20 -20 -19 -18 -19 -19 -19 -20 -20 -18 -20 -20 -20 -20 -21 -21 -26 -28 -25 -27 -29 -31 -28 -27 -25 -26 -26 -23 -23 -27 -27 -26 -27 -20 -16 -14 -12 -11 -10 -10 -9 -13 -13 -10 -9 -7 -6 -6 -7 -6
-11 -11 -12 -14 -10 -7 -2 -4 -8 -6 5 2 -16 -3 14 28 27 24 23 23 24 25 26 26 24 24 21 24 25 25 26 24 16 23 23 22 20 21 22 5 -24 -25 -24 -22 -20 -20 -20 -21 -22 -25 -22 -19 -17 -18 -18 -19 -19 -23 -21 -21 -24 -22 -22 -23 -24 -25 -23 -29 -32 -30 -26 -21 -20 -20 -23 -26 -24 -28 -21 -19 -13 -11 -12 -10 -8 -7 -9 -11 -10 -11 -7 -5 -3 -1 -2 -1
-9 -11 -13 -2 -1 -10 -12 -2 5 13 7 18 14 -2 23 27 28 27 26 22 24 26 28 29 25 23 25 24 23 26 25 25 26 25 23 20 22 14 16 -2 -21 -23 -24 -22 -20 -21 -21 -21 -22 -21 -21 -19 -19 -19 -22 -21 -22 -22 -26 -26 -24 -18 -17 -19 -18 -18 -23 -19 -22 -21 -22 -21 -20 -24 -22 -21 -9999 -22 -26 -21 -14 -12 -11 -9 -8 -7 -7 -8 -8 -8 -5 -4 -3 -1 1 2
-4 -7 -12 -14 1 11 -1 -14 -8 0 24 26 29 26 24 26 28 26 26 24 21 24 27 29 24 24 27 26 26 25 23 24 27 27 24 23 24 19 14 16 -9 -25 -25 -22 -20 -21 -22 -22 -21 -23 -24 -25 -25 -24 -24 -26 -26 -28 -26 -25 -21 -19 -17 -16 -18 -17 -20 -24 -18 -19 -19 -18 -19 -20 -22 -21 -17 -14 -9999 -11 -11 -9 -10 -8 -7 -6 -5 -6 -6 -5 -4 -3 -2 -1 1 2
-6 -8 3 7 26 27 19 4 -3 -5 20 25 28 30 30 27 30 27 26 26 25 25 27 28 25 26 29 28 28 26 25 26 27 27 27 26 27 26 25 25 18 -16 -21 2 -18 -22 -22 -21 -22 -24 -25 -24 -25 -24 -22 -23 -24 -26 -25 -25 -26 -24 -22 -18 -17 -17 -18 -19 -22 -22 -20 -20 -20 -19 -20 -21 -17 -14 -12 -12 -10 -8 -9999 -9999 -9999 -9999 -3 -3 -0 1 1 1 1 1 1 2
-9 -6 15 37 34 31 29 27 22 23 27 23 22 28 31 32 32 32 29 26 26 29 29 28 29 29 29 28 27 27 28 29 30 28 27 28 29 28 28 26 9 8 -19 -1 -19 -26 -26 -24 -23 -24 -24 -26 -25 -22 -22 -21 -22 -23 -22 -24 -27 -27 -22 -19 -16 -17 -21 -20 -21 -23 -21 -21 -21 -20 -19 -18 -18 -16 -13 -12 -11 -9 -9999 -9999 -9999 -9999 -9999 -9999 -9999 -9999 -9999 7 6 4 3 3
-12 -3 17 33 37 37 34 31 32 31 33 29 26 26 28 30 32 32 30 29 29 30 31 31 30 30 29 30 31 32 31 32 31 29 28 29 27 26 26 -3 -3 21 0 -9 -21 -25 -26 -24 -23 -23 -25 -25 -22 -21 -22 -24 -22 -21 -22 -24 -25 -26 -23 -20 -18 -20 -19 -21 -23 -22 -21 -21 -22 -23 -21 -19 -17 -15 -14 -12 -10 -10 -9 -8 -6 -9999 -9999 -9999 -9999 -9999 -9999 -9999 -9999 -9999 -9999 -9999
-7 -1 6 32 36 39 36 33 34 34 36 34 32 30 31 33 35 33 32 32 32 33 33 33 33 33 34 34 35 34 35 34 33 30 29 29 28 28 28 27 26 26 23 6 -22 -23 -24 -24 -22 -24 -22 -22 -23 -23 -23 -24 -24 -22 -23 -23 -24 -26 -25 -20 -17 -18 -18 -19 -21 -21 -21 -22 -22 -21 -20 -19 -17 -16 -15 -13 -12 -11 -10 -9 -8 -6 -3 0 -9999 -9999 -9999 -9999 -9999 -9999 -9999 -9999
8 23 31 33 33 36 35 39 39 37 37 34 36 36 37 36 36 37 36 36 36 35 35 35 37 37 37 37 36 36 34 34 34 33 32 31 30 30 30 30 26 24 9 5 -18 -20 -23 -22 -22 -21 -21 -23 -23 -23 -22 -21 -22 -22 -22 -22 -23 -25 -24 -25 -23 -20 -18 -18 -19 -19 -21 -20 -22 -21 -20 -19 -17 -16 -15 -14 -12 -12 -11 -10 -8 -6 -4 -1 1 -9999 -9999 -9999 -9999 -9999 -9999 -9999
6 26 35 42 39 41 38 38 37 39 40 39 38 37 40 38 39 38 39 39 39 38 38 38 38 39 38 39 38 38 37 37 36 35 34 33 32 32 31 32 31 24 25 -9 -16 -21 -21 -23 -23 -22 -19 -20 -21 -21 -21 -20 -21 -22 -23 -23 -23 -22 -21 -21 -22 -21 -19 -19 -19 -18 -18 -19 -19 -19 -19 -18 -16 -15 -14 -13 -12 -11 -10 -9 -7 -6 -4 -2 -1 1 -9999 -9999 -9999 -9999 -9999 -9999
-0 21 33 36 37 39 41 42 39 40 40 39 39 39 40 40 41 41 -9999 -9999 -9999 -9999 -9999 -9999 -9999 -9999 -9999 -9999 41 40 40 40 28 37 25 25 32 34 34 33 19 21 7 -13 -15 -16 -19 -18 -19 -18 -19 -20 -19 -19 -19 -20 -21 -20 -22 -21 -22 -21 -19 -20 -21 -22 -22 -21 -20 -21 -20 -19 -18 -18 -18 -18 -17 -15 -14 -13 -11 -10 -10 -9 -7 -6 -4 -2 -1 -9999 -9999 -9999 -9999 -9999 -9999 -9999
27 32 31 32 34 37 42 44 43 43 41 41 -9999 40 40 40 41 -9999 -9999 -9999 -9999 -9999 -9999 -9999 -9999 -9999 -9999 -9999 -9999 -9999 -9999 42 41 16 12 -4 -4 11 19 18 20 -5 -11 -13 -14 -15 -16 -16 -18 -19 -19 -19 -19 -19 -19 -19 -18 -19 -20 -21 -20 -20 -19 -19 -20 -21 -21 -21 -21 -21 -21 -21 -20 -20 -19 -17 -16 -15 -14 -13 -12 -11 -10 -9 -11 -7 -3 -1 -9999 -9999 -9999 -9999 -9999 -9999 -9999 -9999
35 35 34 35 35 36 40 44 45 44 44 43 -9999 -9999 -9999 -9999 -9999 -9999 -9999 -9999 -9999 -9999 -9999 -9999 -9999 -9999 -9999 -9999 -9999 -9999 -9999 17 12 5 -2 -3 -5 -7 -7 -8 0 -9 -10 -11 -13 -14 -16 -15 -16 -18 -19 -20 -20 -19 -18 -18 -17 -18 -19 -20 -18 -17 -17 -18 -19 -18 -18 -19 -19 -19 -19 -20 -20 -19 -18 -17 -16 -15 -15 -14 -13 -12 -13 -20 -26 -16 -4 -0 -9999 -9999 -9999 -9999 -9999 -9999 -9999 -9999
36 36 38 37 40 42 44 45 46 46 -9999 -9999 -9999 -9999 -9999 -9999 -9999 -9999 -9999 -9999 -9999 -9999 -9999 -9999 -9999 -9999 -9999 45 45 26 -9999 6 4 2 -0 -2 -3 -4 -5 -6 -7 -8 -9 -10 -12 -14 -14 -18 -15 -16 -17 -18 -19 -18 -17 -18 -19 -20 -20 -20 -19 -17 -17 -17 -17 -17 -17 -16 -17 -17 -19 -18 -18 -17 -17 -16 -16 -17 -14 -18 -22 -23 -25 -29 -27 -24 -12 -3 -0 -9999 -9999 -9999 -9999 7 6 7
40 40 40 43 43 47 47 48 48 -9999 -9999 -9999 -9999 -9999 -9999 -9999 -9999 -9999 -9999 -9999 -9999 -9999 -9999 -9999 -9999 -9999 -9999 44 27 8 8 8 7 5 2 0 -1 -2 -4 -5 -6 -7 -8 -10 -11 -12 -15 -18 -17 -16 -18 -17 -16 -16 -16 -17 -18 -18 -18 -18 -18 -17 -16 -17 -17 -20 -18 -18 -19 -18 -17 -16 -17 -16 -17 -24 -31 -29 -31 -34 -33 -31 -30 -28 -27 -26 -24 -20 -15 -18 -1 -9999 -9999 -9999 7 -9999
39 40 43 45 46 47 49 49 -9999 -9999 -9999 -9999 -9999 -9999 -9999 -9999 -9999 -9999 -9999 -9999 -9999 -9999 -9999 -9999 -9999 -9999 47 32 20 8 7 7 6 6 4 2 0 -1 -3 -3 -6 -7 -8 -10 -12 -13 -15 -17 -19 -17 -14 -14 -15 -16 -16 -16 -17 -17 -18 -19 -21 -21 -20 -20 -21 -19 -19 -19 -18 -17 -17 -16 -16 -19 -24 -38 -38 -37 -36 -34 -33 -32 -31 -31 -30 -28 -27 -25 -24 -21 -9999 -9999 -9999 2 -9999 -9999
40 39 42 47 47 49 49 50 50 50 -9999 -9999 -9999 -9999 -9999 -9999 -9999 -9999 -9999 -9999 -9999 -9999 -9999 -9999 -9999 48 44 11 6 7 7 6 6 5 4 2 0 -1 -3 -3 -4 -6 -7 -8 -10 -12 -14 -13 -14 -15 -13 -13 -15 -14 -15 -16 -17 -17 -17 -19 -20 -20 -22 -20 -20 -20 -20 -19 -19 -18 -18 -17 -18 -30 -38 -39 -39 -37 -36 -34 -34 -33 -33 -32 -30 -29 -28 -27 -26 -24 -9999 -9999 -9999 -9999 -9999 -9999
40 40 45 45 46 48 50 51 51 50 -9999 -9999 -9999 -9999 -9999 -9999 -9999 -9999 -9999 -9999 -9999 -9999 -9999 -9999 30 33 25 9 6 6 6 6 5 4 4 3 1 -1 -1 -2 -3 -3 -5 -6 -8 -9 -10 -10 -10 -12 -11 -13 -14 -15 -14 -15 -15 -15 -15 -15 -18 -18 -19 -19 -18 -18 -17 -17 -16 -16 -22 -37 -34 -39 -40 -40 -38 -36 -36 -35 -34 -33 -32 -32 -31 -30 -28 -27 -26 -24 -24 -9999 -9999 -22 -21 -19
40 42 44 47 49 51 52 52 -9999 -9999 -9999 -9999 -9999 -9999 -9999 -9999 -9999 -9999 -9999 -9999 -9999 50 40 18 20 11 11 10 10 8 7 5 4 4 4 3 2 1 -0 -2 -3 -3 -4 -4 -6 -7 -8 -8 -9 -12 -11 -11 -12 -12 -11 -13 -13 -13 -13 -15 -16 -18 -19 -20 -20 -20 -19 -18 -18 -23 -31 -39 -40 -41 -40 -38 -38 -37 -36 -34 -33 -32 -31 -30 -29 -28 -27 -27 -27 -26 -25 -24 -24 -23 -23 -21
