resultados/variables_proyeccion_tiempo/variables_futuro_csiro_A1B/bio9.asc
ncols 330
nrows 228
xllcorner -12.000000
yllcorner 34.000000
cellsize 0.166667
NODATA_value -9999
[rows 47 to 93 of 228, columns 96 to 191 of 330]
-9999 -9999 -9999 -9999 -9999 -9999 -9999 -9999 -9999 -9999 -9999 -9999 -9999 -9999 -9999 -9999 -9999 -9999 -9999 -9999 -9999 -9999 -9999 -9999 -9999 -9999 -9999 -9999 -9999 -9999 -9999 -9999 -9999 -9999 -9999 72 67 61 62 59 52 54 55 70 67 77 79 70 54 48 47 43 42 48 47 38 29 35 42 52 54 45 38 31 21 23 25 27 27 25 24 27 25 24 23 18 16 13 14 15 14 11 8 10 9 11 11 9 15 37 43 45 44 46 45 48
-9999 -9999 -9999 -9999 -9999 -9999 -9999 -9999 -9999 -9999 -9999 -9999 -9999 -9999 -9999 -9999 -9999 -9999 -9999 -9999 -9999 -9999 -9999 -9999 -9999 -9999 -9999 -9999 -9999 -9999 74 -9999 -9999 -9999 74 74 68 64 63 54 56 60 66 71 69 66 57 56 55 45 40 43 43 51 38 35 31 29 35 45 49 49 36 24 24 24 25 28 30 26 27 26 25 27 26 22 18 15 18 16 12 11 8 9 11 14 15 22 43 46 45 48 48 50 50 50
-9999 -9999 -9999 -9999 -9999 -9999 -9999 -9999 -9999 -9999 -9999 -9999 -9999 -9999 -9999 -9999 -9999 -9999 -9999 -9999 -9999 -9999 -9999 -9999 -9999 104 103 102 102 103 -9999 -9999 74 72 68 69 64 60 60 62 61 64 72 70 67 63 60 52 47 47 50 42 38 52 52 45 48 49 49 26 21 25 31 34 32 31 30 29 28 29 29 27 27 26 26 25 24 24 22 16 14 14 16 13 14 15 38 43 48 50 49 48 51 53 52 56
-9999 -9999 -9999 -9999 -9999 -9999 -9999 -9999 -9999 -9999 -9999 -9999 -9999 -9999 -9999 -9999 -9999 -9999 -9999 -9999 -9999 -9999 -9999 -9999 -9999 -9999 103 102 100 102 89 73 69 65 62 68 68 65 53 61 71 66 65 59 51 43 41 42 34 40 41 44 41 47 51 46 44 49 39 32 28 30 31 30 32 25 23 27 28 26 23 23 26 26 26 25 25 23 23 20 19 21 20 23 26 43 48 52 49 49 52 53 58 58 59 61
-9999 -9999 -9999 -9999 -9999 -9999 -9999 -9999 -9999 -9999 -9999 -9999 -9999 -9999 -9999 -9999 -9999 -9999 -9999 -9999 -9999 -9999 -9999 106 105 106 101 100 100 97 94 82 59 57 60 67 71 63 71 68 66 65 59 55 45 38 50 39 30 33 35 43 46 40 34 46 31 25 28 29 31 33 33 31 30 27 23 24 26 23 23 19 17 20 23 26 25 26 22 18 18 19 20 27 52 55 56 54 54 56 58 60 61 62 63 -9999
-9999 -9999 -9999 -9999 -9999 -9999 -9999 -9999 -9999 -9999 -9999 -9999 -9999 -9999 -9999 -9999 -9999 -9999 -9999 -9999 -9999 -9999 -9999 106 99 102 94 94 88 89 89 83 50 57 64 58 64 68 58 54 51 53 55 43 30 27 30 27 31 23 29 31 28 18 20 21 20 24 27 29 32 33 32 30 28 29 29 27 26 24 24 24 20 21 20 22 26 27 29 28 24 25 31 34 51 55 59 61 63 61 63 -9999 -9999 -9999 -9999 -9999
-9999 -9999 -9999 -9999 -9999 -9999 -9999 -9999 -9999 -9999 -9999 -9999 -9999 -9999 -9999 -9999 -9999 -9999 -9999 -9999 107 103 100 105 101 103 93 93 86 83 86 83 52 52 52 51 51 61 51 40 35 40 35 35 34 34 28 18 10 -6 -5 -20 -10 3 -1 -7 1 3 1 15 25 30 30 25 26 25 24 24 22 20 21 23 25 26 27 23 22 25 24 23 27 36 57 53 51 57 60 66 66 -9999 -9999 -9999 -9999 -9999 -9999 -9999
-9999 -9999 -9999 -9999 -9999 -9999 -9999 -9999 -9999 -9999 -9999 -9999 -9999 -9999 -9999 -9999 132 132 128 107 101 90 92 96 94 99 94 91 88 71 41 28 30 36 48 34 40 44 41 37 36 22 28 25 -6 -12 2 -3 -17 -15 -17 -10 -9 -12 -4 2 4 2 -2 6 14 23 30 28 25 24 25 24 24 23 21 20 23 24 21 27 22 20 19 20 22 34 57 58 59 61 64 67 -9999 -9999 -9999 -9999 -9999 -9999 -9999 -9999
-9999 -9999 -9999 -9999 -9999 -9999 -9999 -9999 -9999 -9999 -9999 -9999 -9999 129 130 132 124 122 126 108 119 90 96 92 90 76 84 63 63 30 20 9 16 17 19 37 35 21 14 3 -13 -15 -14 -10 -7 -14 -12 -10 -16 -17 -12 -9 -4 -1 4 6 5 9 14 16 17 21 25 24 24 24 24 24 23 19 23 22 23 27 25 24 28 22 24 27 43 47 56 62 64 67 -9999 -9999 -9999 -9999 -9999 -9999 -9999 -9999 -9999 -9999
-9999 -9999 -9999 -9999 -9999 -9999 -9999 -9999 -9999 -9999 -9999 -9999 103 75 109 121 117 117 122 89 91 86 84 68 73 54 53 45 29 14 19 14 15 24 15 13 2 -0 -9 -18 -18 -16 -11 -10 -10 -12 -11 -13 -19 -14 -5 -1 -6 -4 3 3 3 5 6 6 11 18 24 20 22 22 21 19 22 26 28 24 27 26 28 24 25 28 43 56 58 59 62 66 67 -9999 -9999 -9999 -9999 -9999 -9999 -9999 -9999 -9999 -9999 -9999
-9999 -9999 -9999 -9999 -9999 -9999 -9999 -9999 -9999 102 100 93 109 121 121 121 96 99 79 63 63 63 51 55 52 46 40 22 -5 -8 -9 -9 -9 3 -13 -24 -22 -16 -5 -8 -10 -4 -10 -18 -17 -14 -11 -6 -10 -11 -9 -1 2 3 7 6 12 13 15 13 5 15 21 24 24 28 26 28 27 25 21 24 25 29 32 31 28 30 52 60 65 68 71 -9999 -9999 -9999 -9999 -9999 -9999 -9999 -9999 -9999 -9999 -9999 -9999 -9999
-9999 -9999 -9999 -9999 -9999 -9999 96 98 99 97 98 96 86 81 78 74 70 76 75 66 63 50 38 38 56 45 13 13 5 -0 -6 -9 -4 -10 -20 -27 -19 -16 -8 -2 -2 -7 -20 -25 -18 -20 -9 -6 -14 -12 -8 -7 -3 -3 -3 -1 4 5 13 15 22 14 13 14 23 27 29 26 24 25 23 22 24 21 24 26 28 39 60 63 68 74 -9999 -9999 -9999 -9999 -9999 -9999 -9999 -9999 -9999 -9999 -9999 -9999 -9999 -9999
-9999 -9999 -9999 -9999 -9999 -9999 89 97 98 94 76 80 88 77 76 67 72 74 54 50 48 37 42 30 20 3 1 6 8 18 12 -8 -30 -28 -25 -10 -12 -15 -15 -2 -5 -6 -11 -21 -17 -11 -4 -9 -14 -10 -9 1 1 -1 -0 -3 7 7 12 18 22 25 23 24 22 26 28 26 26 24 28 28 26 28 28 29 38 48 58 62 70 74 -9999 -9999 -9999 -9999 -9999 -9999 -9999 -9999 -9999 -9999 -9999 -9999 -9999 -9999
-9999 -9999 -9999 -9999 -9999 89 98 87 90 82 83 85 81 88 83 89 76 69 68 54 31 34 43 49 17 12 6 5 4 -1 -11 -7 -14 -34 -38 -38 -23 -18 -19 -23 -16 4 2 -15 -17 -13 -9 -4 -4 0 4 9 6 1 5 -3 1 6 10 14 19 17 19 24 21 21 23 25 28 30 32 35 32 31 36 40 53 50 64 68 68 -9999 -9999 -9999 -9999 -9999 -9999 -9999 -9999 -9999 -9999 -9999 -9999 -9999 -9999 -9999
-9999 -9999 -9999 -9999 -9999 100 91 84 70 69 67 75 78 68 90 63 61 44 36 35 38 36 35 14 -5 -1 -1 -11 -27 -18 -7 -8 -7 -1 -16 -18 -23 -21 -16 -8 2 -3 -1 1 -6 -17 -23 -19 -16 -9 -3 2 7 13 13 10 8 7 9 9 15 18 16 19 21 23 25 25 25 27 32 34 37 37 34 39 48 64 67 70 72 -9999 -9999 -9999 -9999 -9999 -9999 -9999 -9999 -9999 -9999 -9999 -9999 -9999 -9999 -9999
-9999 -9999 -9999 -9999 106 102 99 91 93 89 91 80 75 70 76 72 41 45 51 68 40 56 39 -2 -6 -18 -21 -36 -34 -22 -25 -10 -19 -8 -0 -2 -2 -13 -24 -18 -10 2 8 10 -10 -20 -26 -27 -21 -19 -7 -9 -4 6 11 8 8 9 8 6 9 13 14 17 20 25 28 31 32 27 29 29 30 36 37 41 58 68 71 72 74 -9999 -9999 -9999 -9999 -9999 -9999 -9999 -9999 -9999 -9999 -9999 -9999 -9999 -9999 -9999
-9999 -9999 -9999 -9999 -9999 100 98 89 96 93 92 87 84 70 58 54 71 58 71 80 83 51 14 14 -6 -15 -26 -35 -30 -29 -20 -14 -15 -21 -10 -13 -10 3 -10 -18 -15 -4 8 11 -9 -18 -16 -15 -16 -14 -11 -6 -4 -3 5 2 0 4 13 14 18 14 17 17 20 27 32 29 32 33 34 38 40 38 41 47 66 71 73 -9999 -9999 -9999 -9999 -9999 -9999 -9999 -9999 -9999 -9999 -9999 -9999 -9999 -9999 -9999 -9999 -9999
-9999 -9999 -9999 -9999 107 110 104 97 94 90 84 79 71 72 60 90 65 74 91 93 72 56 32 5 -9 -18 -26 -27 -14 -8 -15 -16 -18 -15 -10 -6 3 12 6 -13 -9 -11 -7 12 6 -10 -11 -12 -19 -8 -6 -6 7 -3 1 -1 1 3 15 22 26 23 23 28 29 31 34 30 32 32 33 33 35 39 42 66 72 73 74 74 -9999 -9999 -9999 -9999 -9999 -9999 -9999 -9999 -9999 -9999 -9999 -9999 -9999 -9999 -9999 -9999
-9999 -9999 -9999 -9999 106 104 100 100 100 99 93 74 69 75 77 86 61 80 80 55 68 35 15 7 -13 -31 -29 -11 -5 -1 6 -8 -10 -10 -14 -6 -2 4 22 12 6 5 4 5 4 -2 -8 -10 -8 -8 -3 1 1 2 0 -0 -1 3 7 22 26 30 37 38 32 32 32 33 31 31 33 30 30 33 34 59 73 73 75 -9999 -9999 -9999 -9999 -9999 -9999 -9999 -9999 -9999 -9999 -9999 -9999 -9999 -9999 -9999 -9999 -9999
-9999 -9999 -9999 -9999 109 109 106 98 92 83 69 73 64 59 64 53 62 61 64 53 40 14 -8 -7 -23 -24 -18 -20 -14 -9 -6 -0 -3 1 -0 4 12 10 10 22 26 21 15 8 3 4 2 -3 -2 -1 3 1 1 5 5 -0 3 4 11 22 29 29 34 40 40 38 37 35 33 34 35 30 32 36 38 52 75 75 76 78 -9999 -9999 -9999 -9999 -9999 -9999 -9999 -9999 -9999 -9999 -9999 -9999 -9999 -9999 -9999 -9999
-9999 -9999 -9999 -9999 107 112 114 113 89 96 97 74 77 58 76 75 65 52 46 32 30 9 -4 -6 -23 -26 -17 -11 -2 3 -4 -13 -6 5 9 7 13 23 17 20 29 32 34 29 12 5 9 6 5 7 6 2 7 4 2 2 7 11 14 26 31 29 29 32 38 39 37 34 37 38 41 41 38 38 41 65 76 76 77 78 -9999 -9999 -9999 -9999 -9999 -9999 -9999 -9999 -9999 -9999 -9999 -9999 -9999 -9999 -9999 -9999
-9999 -9999 -9999 -9999 110 113 115 116 114 103 93 83 82 76 80 80 75 77 44 40 22 3 -6 -12 -17 -11 -9 -6 -8 -3 11 -4 -6 -5 14 24 19 29 23 18 18 15 20 30 20 15 6 12 14 10 3 4 5 7 13 8 12 18 24 29 32 35 36 33 36 39 40 38 40 44 44 40 42 44 47 71 79 78 77 79 82 85 87 88 -9999 -9999 92 -9999 -9999 -9999 -9999 -9999 -9999 -9999 -9999 -9999
-9999 -9999 -9999 -9999 -9999 116 115 117 107 99 99 77 76 82 76 80 77 46 59 47 30 -0 3 -14 -22 -18 -14 -9 -7 -10 -13 4 7 10 5 7 26 24 35 20 13 16 26 31 26 27 15 12 15 10 11 10 14 16 16 19 23 24 29 29 32 34 36 39 38 39 33 37 42 44 45 46 47 45 46 63 78 78 78 79 80 82 84 85 87 88 92 -9999 -9999 -9999 -9999 -9999 -9999 87 86 85
-9999 -9999 -9999 -9999 -9999 116 115 120 112 108 100 94 99 81 58 66 42 40 40 35 24 -2 -1 -19 -25 -24 -21 -18 -10 -1 2 -1 1 16 26 30 30 36 30 22 22 25 34 35 33 36 30 20 21 18 15 11 19 25 23 28 30 32 32 31 32 29 33 35 38 41 41 40 42 42 42 46 48 48 49 51 75 80 78 79 80 80 81 82 84 87 90 92 93 -9999 -9999 -9999 -9999 87 85 85
-9999 -9999 -9999 -9999 -9999 -9999 118 116 116 110 110 112 83 66 37 66 40 34 32 34 18 -0 -2 -20 -27 -23 -21 -18 -4 -8 14 12 20 30 35 34 42 45 26 28 32 35 40 39 39 35 31 30 27 24 19 20 20 22 26 28 32 31 38 35 34 37 35 35 37 38 41 43 45 46 45 46 49 51 50 52 52 51 66 68 62 70 77 82 85 88 90 92 92 93 -9999 -9999 -9999 -9999 85 85
-9999 -9999 -9999 -9999 -9999 -9999 115 117 104 110 100 88 82 60 66 68 49 47 32 37 18 1 -9 -19 -19 -19 -16 -16 7 11 9 10 26 27 35 40 25 38 39 45 48 41 42 40 38 38 35 38 37 27 26 24 24 23 27 26 26 33 34 36 38 38 39 41 41 43 40 39 42 43 48 50 50 52 52 53 52 52 51 51 52 54 68 85 88 90 91 93 93 94 93 -9999 -9999 -9999 -9999 -9999
-9999 -9999 -9999 -9999 -9999 -9999 -9999 115 115 116 113 99 95 70 67 60 64 42 41 44 27 24 2 -11 -5 -11 -16 -6 1 8 28 16 18 28 35 43 36 48 48 52 52 46 42 44 43 40 40 38 39 34 31 29 24 23 28 29 29 29 34 41 42 41 41 43 44 41 47 45 47 49 50 50 51 53 54 54 54 54 54 54 54 54 62 77 89 93 93 94 95 94 93 92 -9999 -9999 -9999 -9999
-9999 -9999 -9999 -9999 -9999 -9999 -9999 115 115 106 106 99 86 86 84 76 73 55 48 50 19 1 5 6 -0 3 5 11 6 18 31 38 25 26 37 35 43 49 53 50 55 52 49 48 46 45 43 44 43 39 36 34 32 32 31 31 32 32 32 35 44 46 42 42 42 46 47 51 51 52 52 53 54 55 56 56 55 55 55 55 56 56 59 69 94 94 93 95 95 94 -9999 -9999 -9999 -9999 -9999 -9999
-9999 -9999 -9999 -9999 -9999 -9999 -9999 114 112 113 105 105 106 98 87 74 52 49 44 50 29 12 10 10 16 26 24 27 26 22 40 40 24 25 26 40 48 54 58 60 59 57 53 53 50 47 48 49 46 43 36 33 33 34 33 34 34 35 35 34 40 47 47 45 45 44 50 53 53 54 54 55 55 56 56 55 56 56 56 57 58 59 60 70 96 96 96 97 97 95 -9999 -9999 -9999 -9999 -9999 -9999
-9999 -9999 -9999 -9999 -9999 111 -9999 113 114 112 116 115 108 96 84 68 55 51 53 54 44 27 12 7 18 2 23 18 29 31 42 45 48 47 43 50 52 58 61 61 61 61 60 56 51 49 50 50 50 49 42 35 36 35 36 37 37 37 37 37 38 48 49 48 46 50 54 54 55 55 55 56 54 55 54 54 54 54 55 56 57 59 60 78 93 95 96 97 98 96 -9999 -9999 -9999 -9999 -9999 -9999
-9999 -9999 -9999 -9999 -9999 -9999 -9999 115 115 86 102 116 100 92 84 70 62 68 53 53 50 41 24 11 16 16 23 24 29 40 47 47 50 52 52 54 58 62 64 -9999 65 63 62 60 57 52 50 51 50 51 49 47 41 40 38 38 38 38 38 38 38 51 50 51 52 52 52 53 53 53 54 55 55 54 55 55 56 57 57 58 58 60 61 64 91 97 98 -9999 -9999 -9999 -9999 -9999 -9999 -9999 -9999 -9999
-9999 -9999 -9999 -9999 -9999 -9999 -9999 -9999 -9999 86 87 96 106 91 71 62 67 70 63 61 62 47 46 20 16 24 30 40 33 40 49 51 53 54 58 58 61 -9999 -9999 -9999 -9999 -9999 64 63 57 54 52 52 52 52 53 56 56 46 40 40 40 39 39 39 36 45 49 50 49 51 49 50 52 53 54 55 56 56 57 58 58 58 58 59 61 62 73 96 99 100 100 -9999 -9999 -9999 -9999 -9999 -9999 -9999 -9999 -9999
-9999 -9999 -9999 -9999 -9999 -9999 -9999 -9999 -9999 86 82 101 96 89 80 78 85 73 68 66 75 71 54 44 35 32 39 42 43 47 54 56 58 -9999 -9999 -9999 -9999 -9999 -9999 -9999 -9999 -9999 65 63 59 57 55 55 54 52 58 59 59 56 48 42 41 41 40 39 37 48 50 49 51 53 50 52 54 54 55 55 54 55 57 58 59 59 60 61 62 64 99 66 -9999 -9999 -9999 -9999 -9999 -9999 -9999 -9999 -9999 -9999 -9999 -9999
-9999 -9999 -9999 -9999 -9999 -9999 -9999 -9999 -9999 84 88 104 107 93 91 90 93 88 82 76 87 90 97 80 76 69 59 62 53 54 56 -9999 -9999 -9999 -9999 -9999 -9999 -9999 -9999 -9999 -9999 -9999 -9999 62 61 59 58 57 56 58 59 60 60 59 52 43 40 39 38 39 40 48 51 53 54 54 53 55 55 55 56 58 59 60 61 61 61 61 62 -9999 -9999 -9999 -9999 -9999 -9999 -9999 -9999 -9999 -9999 -9999 -9999 -9999 -9999 -9999 -9999 -9999
-9999 -9999 -9999 -9999 -9999 -9999 -9999 -9999 -9999 -9999 -9999 100 111 107 101 104 101 100 92 96 99 99 98 100 102 104 104 100 79 56 -9999 -9999 -9999 -9999 -9999 -9999 -9999 -9999 -9999 -9999 -9999 -9999 -9999 60 60 62 61 60 61 61 61 61 60 59 59 43 39 37 39 47 44 50 53 54 54 54 54 55 56 57 57 58 58 59 61 61 62 63 -9999 -9999 -9999 -9999 -9999 -9999 -9999 -9999 -9999 -9999 -9999 -9999 -9999 94 -9999 -9999 -9999 -9999
-9999 -9999 -9999 -9999 -9999 -9999 -9999 -9999 -9999 -9999 -9999 -9999 -9999 -9999 108 109 111 103 100 100 102 105 104 107 109 113 117 119 -9999 -9999 -9999 -9999 -9999 -9999 -9999 -9999 -9999 -9999 -9999 -9999 -9999 -9999 -9999 -9999 62 62 63 62 61 61 60 60 59 59 57 52 46 45 48 51 50 52 54 53 52 51 52 53 53 54 55 56 58 59 60 62 63 64 -9999 -9999 -9999 -9999 -9999 -9999 -9999 -9999 -9999 -9999 -9999 -9999 -9999 -9999 -9999 -9999 -9999 -9999
-9999 -9999 -9999 -9999 -9999 -9999 -9999 -9999 -9999 -9999 -9999 -9999 -9999 -9999 -9999 115 110 109 113 109 110 113 111 114 118 118 -9999 -9999 -9999 -9999 -9999 -9999 -9999 -9999 -9999 -9999 -9999 -9999 -9999 -9999 -9999 -9999 -9999 -9999 60 62 63 63 62 61 58 58 58 56 53 51 49 48 45 46 44 52 53 47 48 49 51 50 50 51 55 54 55 59 62 63 64 -9999 -9999 -9999 -9999 -9999 -9999 -9999 -9999 -9999 -9999 -9999 -9999 -9999 -9999 -9999 -9999 -9999 -9999 -9999
-9999 -9999 -9999 -9999 -9999 -9999 -9999 -9999 -9999 -9999 -9999 -9999 -9999 -9999 -9999 -9999 -9999 -9999 119 -9999 -9999 118 -9999 -9999 -9999 -9999 -9999 -9999 -9999 -9999 -9999 -9999 -9999 -9999 -9999 -9999 -9999 -9999 -9999 -9999 -9999 -9999 -9999 -9999 -9999 63 64 64 63 66 67 58 52 51 49 47 46 44 42 42 47 51 44 44 46 45 46 48 48 50 52 54 55 59 63 65 65 -9999 -9999 -9999 -9999 -9999 -9999 -9999 -9999 -9999 -9999 134 135 135 136 137 -9999 -9999 -9999 -9999
-9999 -9999 -9999 -9999 -9999 -9999 -9999 -9999 -9999 -9999 -9999 -9999 -9999 -9999 -9999 -9999 -9999 -9999 -9999 -9999 -9999 -9999 -9999 -9999 -9999 -9999 -9999 -9999 -9999 -9999 -9999 -9999 -9999 -9999 -9999 -9999 -9999 -9999 60 61 -9999 -9999 -9999 -9999 -9999 60 62 64 67 89 87 77 53 48 46 44 44 39 40 42 44 45 42 41 42 44 44 44 46 48 51 52 55 56 59 63 64 -9999 -9999 -9999 -9999 -9999 -9999 -9999 -9999 -9999 132 133 134 134 136 -9999 -9999 -9999 -9999 -9999
-9999 -9999 -9999 -9999 -9999 -9999 -9999 -9999 -9999 -9999 -9999 -9999 -9999 -9999 -9999 -9999 -9999 -9999 -9999 -9999 -9999 -9999 -9999 -9999 -9999 -9999 -9999 -9999 -9999 -9999 -9999 -9999 -9999 -9999 -9999 60 60 61 61 -9999 -9999 -9999 -9999 -9999 -9999 -9999 60 62 62 84 90 86 65 50 48 47 46 43 42 40 41 43 40 38 41 45 45 45 46 47 49 52 54 57 57 61 62 -9999 -9999 -9999 -9999 -9999 -9999 -9999 133 131 131 133 134 -9999 -9999 -9999 -9999 -9999 -9999 -9999
-9999 -9999 -9999 -9999 -9999 -9999 -9999 -9999 -9999 -9999 -9999 -9999 -9999 -9999 -9999 -9999 -9999 -9999 -9999 -9999 -9999 -9999 -9999 -9999 -9999 -9999 -9999 -9999 -9999 -9999 -9999 -9999 -9999 -9999 61 61 61 61 60 61 -9999 -9999 -9999 -9999 -9999 -9999 -9999 58 59 59 75 70 63 49 47 47 44 44 42 42 44 44 42 42 43 44 45 45 47 48 50 51 53 56 57 58 60 -9999 56 -9999 -9999 -9999 -9999 -9999 134 132 131 132 133 134 -9999 -9999 -9999 -9999 -9999 -9999
-9999 -9999 -9999 -9999 -9999 -9999 -9999 -9999 -9999 -9999 -9999 -9999 -9999 -9999 -9999 -9999 -9999 -9999 -9999 -9999 -9999 -9999 -9999 -9999 -9999 -9999 -9999 -9999 -9999 -9999 -9999 -9999 62 62 62 63 62 62 62 61 -9999 56 56 56 -9999 -9999 -9999 -9999 57 56 54 53 49 48 51 50 47 47 46 46 46 45 45 44 44 44 43 43 45 46 48 51 53 55 57 58 -9999 55 55 -9999 -9999 -9999 -9999 -9999 133 133 132 133 134 -9999 -9999 -9999 -9999 -9999 -9999 -9999
-9999 -9999 -9999 -9999 -9999 -9999 -9999 -9999 -9999 -9999 -9999 -9999 -9999 -9999 -9999 -9999 -9999 -9999 -9999 -9999 -9999 -9999 -9999 -9999 -9999 -9999 90 76 63 60 61 61 60 61 61 62 62 62 62 -9999 -9999 -9999 -9999 -9999 -9999 -9999 -9999 -9999 -9999 56 56 53 52 54 78 69 52 47 48 47 48 46 46 46 46 47 45 42 44 46 47 50 54 55 57 56 -9999 55 56 -9999 -9999 -9999 -9999 -9999 -9999 134 133 -9999 -9999 -9999 -9999 -9999 -9999 -9999 -9999 -9999
-9999 -9999 -9999 -9999 -9999 -9999 -9999 -9999 -9999 -9999 -9999 -9999 -9999 -9999 -9999 -9999 -9999 -9999 -9999 -9999 -9999 -9999 -9999 -9999 -9999 90 88 63 60 60 60 59 58 58 57 58 60 60 -9999 -9999 -9999 -9999 -9999 -9999 -9999 -9999 -9999 -9999 -9999 -9999 57 56 54 58 83 84 81 51 49 49 49 48 48 50 50 49 46 45 45 46 48 51 54 55 57 56 56 57 -9999 -9999 -9999 -9999 -9999 -9999 -9999 134 134 -9999 -9999 -9999 -9999 -9999 -9999 -9999 -9999 -9999
-9999 -9999 -9999 -9999 -9999 -9999 -9999 -9999 -9999 -9999 -9999 -9999 -9999 -9999 -9999 -9999 -9999 -9999 -9999 -9999 -9999 -9999 -9999 -9999 -9999 84 61 61 60 59 59 57 55 54 54 55 57 58 58 -9999 -9999 -9999 -9999 -9999 -9999 50 -9999 -9999 -9999 -9999 -9999 58 58 57 72 83 83 52 50 50 51 50 49 51 50 51 50 49 48 48 51 53 55 57 59 56 58 -9999 -9999 -9999 -9999 -9999 -9999 -9999 -9999 -9999 -9999 -9999 -9999 -9999 -9999 -9999 -9999 -9999 -9999 -9999
-9999 -9999 -9999 -9999 -9999 -9999 -9999 -9999 -9999 -9999 -9999 -9999 -9999 -9999 -9999 -9999 -9999 -9999 -9999 -9999 -9999 -9999 -9999 -9999 90 66 58 60 60 58 58 56 54 53 53 54 54 56 57 58 56 -9999 -9999 -9999 -9999 -9999 -9999 -9999 -9999 -9999 -9999 -9999 59 60 60 68 73 50 51 52 51 51 51 51 52 52 51 51 51 52 53 54 57 59 57 58 58 -9999 -9999 -9999 -9999 -9999 -9999 -9999 -9999 -9999 -9999 -9999 -9999 -9999 -9999 -9999 -9999 -9999 -9999 -9999
-9999 -9999 -9999 -9999 -9999 -9999 -9999 -9999 -9999 -9999 -9999 -9999 -9999 -9999 -9999 -9999 -9999 -9999 -9999 -9999 -9999 -9999 -9999 -9999 65 58 58 58 58 57 56 55 54 53 52 53 54 55 56 56 56 56 -9999 -9999 -9999 -9999 -9999 -9999 -9999 -9999 -9999 58 56 55 57 56 54 54 53 54 54 53 53 52 53 53 53 53 54 54 54 56 58 -9999 57 58 -9999 -9999 -9999 -9999 -9999 -9999 -9999 -9999 -9999 -9999 -9999 -9999 -9999 -9999 -9999 -9999 -9999 -9999 -9999 -9999
