resultados/variables_proyeccion_tiempo/variables_futuro_csiro_A1B/bio9.asc
ncols 330
nrows 228
xllcorner -12.000000
yllcorner 34.000000
cellsize 0.166667
NODATA_value -9999
[rows 94 to 140 of 228, columns 96 to 191 of 330]
-9999 -9999 -9999 -9999 -9999 -9999 -9999 -9999 -9999 -9999 -9999 -9999 -9999 -9999 -9999 -9999 -9999 -9999 -9999 -9999 -9999 -9999 -9999 -9999 55 55 55 55 56 56 56 54 52 52 52 50 52 54 56 57 57 57 -9999 -9999 -9999 -9999 54 -9999 -9999 -9999 -9999 58 60 60 58 56 54 54 57 57 58 56 55 56 57 57 58 58 58 57 57 58 59 -9999 58 59 -9999 -9999 -9999 -9999 -9999 -9999 -9999 -9999 -9999 -9999 -9999 -9999 -9999 -9999 -9999 -9999 -9999 -9999 -9999 -9999
-9999 -9999 -9999 -9999 -9999 -9999 -9999 -9999 -9999 -9999 -9999 -9999 -9999 -9999 -9999 -9999 -9999 -9999 -9999 -9999 -9999 -9999 -9999 -9999 52 54 54 55 56 55 55 53 51 51 51 51 52 54 -9999 58 59 -9999 -9999 -9999 -9999 -9999 -9999 -9999 56 55 57 59 60 61 58 58 57 55 56 58 60 60 60 59 60 60 60 -9999 61 61 60 60 -9999 -9999 -9999 -9999 -9999 -9999 -9999 -9999 -9999 -9999 -9999 -9999 -9999 -9999 -9999 -9999 -9999 -9999 -9999 -9999 -9999 -9999 -9999 -9999
-9999 -9999 -9999 -9999 -9999 -9999 -9999 -9999 -9999 -9999 -9999 -9999 -9999 -9999 -9999 -9999 -9999 -9999 -9999 -9999 -9999 -9999 -9999 -9999 52 55 56 57 57 56 55 53 51 51 51 51 53 56 -9999 61 -9999 -9999 58 56 -9999 56 56 58 59 60 61 63 62 62 60 58 58 57 54 55 60 61 60 -9999 -9999 -9999 -9999 -9999 -9999 -9999 -9999 -9999 -9999 -9999 -9999 -9999 -9999 -9999 -9999 -9999 -9999 -9999 -9999 -9999 -9999 -9999 -9999 -9999 -9999 -9999 -9999 -9999 -9999 -9999 -9999 -9999
-9999 -9999 -9999 -9999 -9999 -9999 -9999 -9999 -9999 -9999 -9999 -9999 -9999 -9999 -9999 -9999 -9999 -9999 -9999 -9999 -9999 -9999 -9999 -9999 -9999 56 56 57 57 56 55 53 52 51 52 52 55 59 -9999 61 -9999 -9999 58 58 57 58 58 60 62 64 66 66 -9999 64 63 61 60 57 55 54 56 60 -9999 -9999 -9999 -9999 -9999 -9999 -9999 -9999 -9999 -9999 -9999 -9999 -9999 -9999 -9999 -9999 -9999 -9999 -9999 -9999 -9999 -9999 -9999 -9999 -9999 -9999 -9999 -9999 -9999 -9999 -9999 -9999 -9999 -9999
-9999 -9999 -9999 -9999 -9999 -9999 -9999 -9999 -9999 -9999 -9999 -9999 -9999 -9999 -9999 -9999 -9999 -9999 -9999 -9999 -9999 -9999 -9999 -9999 56 57 59 59 58 57 55 54 54 54 55 57 57 58 60 60 60 -9999 58 57 56 57 57 59 62 65 68 66 64 62 62 61 58 57 58 57 55 57 -9999 -9999 -9999 -9999 -9999 -9999 -9999 -9999 -9999 -9999 -9999 -9999 -9999 -9999 -9999 -9999 -9999 -9999 -9999 -9999 -9999 -9999 -9999 -9999 -9999 -9999 -9999 -9999 -9999 -9999 -9999 -9999 -9999 -9999
-9999 -9999 -9999 -9999 -9999 -9999 -9999 -9999 -9999 -9999 -9999 -9999 -9999 -9999 -9999 -9999 -9999 -9999 -9999 -9999 -9999 -9999 -9999 -9999 -9999 60 60 60 60 58 56 56 55 56 56 57 56 58 60 59 59 -9999 58 57 56 56 57 59 61 63 64 -9999 -9999 61 61 60 59 59 58 58 57 58 -9999 -9999 -9999 -9999 -9999 -9999 -9999 -9999 -9999 -9999 -9999 -9999 -9999 -9999 -9999 -9999 -9999 -9999 -9999 -9999 -9999 -9999 -9999 -9999 -9999 -9999 -9999 -9999 -9999 -9999 -9999 -9999 -9999 -9999
-9999 -9999 -9999 -9999 -9999 -9999 -9999 -9999 -9999 -9999 -9999 -9999 -9999 -9999 -9999 -9999 -9999 -9999 -9999 -9999 -9999 -9999 -9999 -9999 -9999 -9999 -9999 61 60 59 57 56 57 57 58 58 57 58 57 56 57 -9999 -9999 57 56 56 57 57 59 62 61 -9999 -9999 -9999 -9999 -9999 -9999 -9999 -9999 -9999 -9999 -9999 -9999 -9999 51 49 -9999 -9999 -9999 -9999 -9999 -9999 -9999 -9999 -9999 -9999 -9999 -9999 -9999 -9999 -9999 -9999 -9999 -9999 -9999 -9999 -9999 -9999 -9999 -9999 -9999 -9999 -9999 -9999 -9999 -9999
-9999 -9999 -9999 -9999 -9999 -9999 -9999 -9999 -9999 -9999 -9999 -9999 -9999 -9999 -9999 -9999 -9999 -9999 -9999 -9999 -9999 -9999 -9999 -9999 -9999 -9999 62 61 60 59 57 56 57 58 59 59 59 58 58 57 57 58 -9999 -9999 -9999 -9999 57 57 58 60 60 -9999 -9999 -9999 -9999 -9999 -9999 -9999 -9999 -9999 -9999 -9999 -9999 -9999 52 50 51 -9999 -9999 -9999 -9999 -9999 -9999 -9999 -9999 -9999 -9999 -9999 -9999 -9999 -9999 -9999 -9999 -9999 -9999 -9999 -9999 -9999 -9999 -9999 -9999 -9999 -9999 -9999 -9999 -9999
-9999 -9999 -9999 -9999 -9999 -9999 -9999 -9999 -9999 -9999 -9999 -9999 -9999 -9999 -9999 -9999 -9999 -9999 -9999 -9999 -9999 -9999 -9999 -9999 -9999 60 60 61 60 58 58 58 58 59 60 59 60 60 60 59 59 57 57 57 56 55 55 55 58 59 60 54 -9999 -9999 -9999 -9999 -9999 -9999 -9999 -9999 -9999 -9999 -9999 -9999 -9999 -9999 -9999 -9999 -9999 -9999 -9999 -9999 -9999 -9999 -9999 -9999 -9999 -9999 -9999 -9999 -9999 -9999 -9999 -9999 -9999 -9999 -9999 -9999 -9999 -9999 -9999 -9999 -9999 -9999 -9999 52
-9999 -9999 -9999 -9999 -9999 -9999 -9999 -9999 -9999 -9999 -9999 -9999 -9999 -9999 -9999 -9999 -9999 -9999 -9999 -9999 -9999 -9999 -9999 -9999 -9999 60 61 61 60 59 59 60 60 60 60 61 -9999 -9999 -9999 -9999 59 -9999 58 57 56 55 54 54 55 -9999 -9999 -9999 -9999 -9999 -9999 -9999 -9999 -9999 -9999 -9999 -9999 -9999 -9999 -9999 -9999 -9999 -9999 -9999 -9999 -9999 -9999 -9999 -9999 -9999 -9999 -9999 -9999 -9999 58 58 56 53 51 49 49 48 50 52 53 -9999 -9999 -9999 -9999 -9999 -9999 54
-9999 -9999 -9999 -9999 -9999 -9999 -9999 -9999 -9999 -9999 -9999 -9999 -9999 -9999 -9999 -9999 -9999 -9999 -9999 -9999 -9999 -9999 -9999 -9999 -9999 -9999 60 61 62 61 61 61 62 62 62 61 62 -9999 -9999 -9999 -9999 -9999 58 -9999 57 56 -9999 52 -9999 -9999 -9999 -9999 -9999 -9999 60 61 61 58 -9999 -9999 -9999 -9999 -9999 -9999 -9999 -9999 -9999 -9999 -9999 -9999 -9999 -9999 -9999 -9999 -9999 63 62 61 59 56 53 53 51 46 46 38 36 36 54 -9999 -9999 -9999 -9999 -9999 57 56
-9999 -9999 -9999 -9999 -9999 -9999 -9999 -9999 -9999 -9999 -9999 -9999 -9999 -9999 -9999 -9999 -9999 -9999 -9999 -9999 -9999 -9999 -9999 -9999 -9999 -9999 62 62 63 63 62 63 64 64 63 62 61 61 61 61 -9999 59 59 58 -9999 -9999 -9999 -9999 -9999 -9999 61 60 60 60 60 61 61 62 64 -9999 -9999 -9999 -9999 -9999 -9999 -9999 -9999 -9999 -9999 -9999 -9999 -9999 -9999 -9999 62 61 61 59 58 54 52 48 45 42 27 10 14 21 24 -9999 -9999 41 58 57 58 57
-9999 -9999 -9999 -9999 -9999 -9999 -9999 -9999 -9999 -9999 -9999 -9999 -9999 -9999 -9999 -9999 -9999 -9999 -9999 -9999 -9999 -9999 -9999 -9999 -9999 -9999 -9999 63 63 64 64 64 64 64 64 62 61 61 60 60 59 61 61 -9999 -9999 -9999 -9999 -9999 65 62 61 60 60 60 61 62 62 -9999 64 -9999 -9999 -9999 -9999 -9999 -9999 -9999 -9999 -9999 -9999 66 65 56 43 62 60 58 58 57 54 52 50 47 44 32 9 8 10 17 23 25 25 30 41 49 51 54
-9999 -9999 -9999 -9999 -9999 -9999 -9999 -9999 -9999 -9999 -9999 -9999 -9999 -9999 -9999 -9999 -9999 -9999 -9999 -9999 -9999 -9999 -9999 -9999 -9999 -9999 -9999 -9999 64 65 65 64 64 64 63 63 62 61 62 62 62 62 -9999 -9999 62 61 60 62 64 62 60 60 60 60 61 62 63 64 65 66 67 -9999 -9999 -9999 65 38 64 64 64 64 47 47 48 59 57 55 52 53 50 48 47 46 45 21 8 9 12 16 20 23 24 24 23 21 19 20
-9999 -9999 -9999 -9999 -9999 -9999 -9999 -9999 -9999 -9999 -9999 -9999 -9999 -9999 -9999 -9999 -9999 -9999 -9999 -9999 -9999 -9999 -9999 -9999 -9999 -9999 65 64 66 65 65 65 65 65 65 64 64 64 64 64 66 65 63 63 63 62 60 62 63 62 60 59 59 60 61 62 64 63 56 52 65 64 67 56 49 51 49 61 55 61 56 50 42 56 54 52 50 49 49 49 49 48 45 25 10 11 14 16 19 21 20 19 18 16 14 13
-9999 -9999 -9999 -9999 -9999 -9999 -9999 -9999 -9999 -9999 -9999 -9999 -9999 -9999 -9999 -9999 -9999 -9999 -9999 -9999 67 67 66 66 65 65 -9999 66 67 67 66 66 66 66 66 66 65 65 65 66 66 65 64 63 63 63 63 63 63 61 59 59 59 59 59 60 61 49 40 53 42 46 69 40 48 38 35 42 40 55 34 47 45 37 49 47 50 51 50 50 49 41 16 10 12 13 15 17 19 20 18 17 15 14 13 12
-9999 -9999 -9999 -9999 -9999 -9999 -9999 -9999 -9999 -9999 -9999 -9999 -9999 -9999 -9999 -9999 66 66 67 68 67 67 67 66 66 66 67 67 67 67 66 66 66 67 67 68 67 65 65 66 66 66 65 61 59 64 63 62 62 61 60 59 59 59 50 40 43 39 37 47 42 50 61 42 44 39 30 25 25 37 27 39 33 41 23 50 51 51 48 29 18 14 10 12 13 16 17 18 21 19 17 16 15 13 12 7
-9999 -9999 -9999 -9999 -9999 -9999 -9999 58 58 60 61 63 64 65 66 67 68 68 69 69 69 68 67 67 67 68 68 69 68 67 67 66 66 66 67 66 69 59 51 49 52 54 58 44 45 46 61 64 64 62 60 61 60 56 37 38 36 35 37 40 41 39 44 40 37 36 30 27 26 25 25 22 22 18 22 50 54 54 45 19 11 12 12 15 16 18 21 21 21 19 18 17 14 12 10 7
-9999 -9999 -9999 -9999 -9999 57 -9999 -9999 60 61 62 64 65 66 67 68 69 70 71 71 70 69 68 68 68 69 69 69 69 70 68 68 68 68 67 66 64 43 42 42 43 44 45 45 44 44 56 62 65 62 63 63 62 40 38 38 37 37 38 38 38 38 39 37 35 34 32 29 27 25 24 23 23 20 19 20 28 22 16 15 15 15 16 17 18 21 22 22 20 19 18 16 14 13 9 8
-9999 -9999 -9999 -9999 116 105 -9999 -9999 61 62 64 65 66 67 68 69 70 71 72 71 70 70 69 69 69 69 69 70 62 56 68 69 69 69 67 66 54 41 41 42 42 42 45 46 46 45 45 44 48 47 56 62 56 41 39 39 39 38 37 38 38 39 37 35 33 32 31 30 28 27 26 26 25 23 22 22 22 20 20 19 19 19 20 21 22 24 25 25 23 20 18 16 14 11 9 8
-9999 -9999 -9999 -9999 117 118 120 -9999 63 64 65 66 68 69 70 70 71 72 72 72 71 69 69 68 68 67 69 70 61 49 49 55 67 64 59 51 44 42 42 44 44 45 46 47 47 46 46 46 45 44 44 43 44 42 41 41 41 40 39 39 39 37 36 34 32 32 30 29 28 28 29 28 29 28 27 25 23 23 22 22 21 20 21 21 22 24 25 25 24 21 18 15 13 11 10 10
-9999 -9999 -9999 120 119 120 122 74 -9999 67 68 69 70 71 71 72 72 72 73 72 72 71 70 70 69 68 69 70 69 53 51 49 48 48 48 46 46 45 43 44 45 46 47 47 47 47 47 47 46 46 46 45 45 45 43 43 46 53 53 53 45 39 36 34 33 32 31 32 32 32 31 30 29 29 28 27 27 26 25 24 23 23 22 23 24 24 24 24 22 21 19 16 14 12 9 9
-9999 -9999 -9999 122 123 123 124 125 68 69 70 71 72 73 74 74 74 74 74 74 74 72 70 71 71 70 71 72 72 53 51 49 49 49 48 48 49 48 47 47 46 46 47 46 48 47 47 48 48 47 47 47 46 46 45 44 46 45 48 45 41 39 37 34 33 33 34 33 33 32 32 31 30 29 28 29 30 29 27 25 24 24 23 24 24 24 24 23 21 20 19 18 15 13 11 9
-9999 -9999 -9999 125 126 126 127 76 70 71 72 72 74 75 75 76 76 75 76 75 75 75 74 73 72 72 73 74 70 51 51 50 50 49 48 48 48 48 48 48 48 47 48 47 47 46 48 48 48 48 48 48 47 47 46 45 61 72 55 43 41 38 34 33 31 31 31 30 33 34 33 32 30 29 30 30 31 31 30 28 26 26 25 24 25 24 24 22 20 18 17 15 14 13 13 14
-9999 -9999 130 129 129 130 129 76 73 73 72 73 76 77 77 78 78 77 77 76 76 76 74 74 78 72 72 73 75 58 55 60 54 50 48 47 47 47 47 48 53 46 45 44 47 48 48 48 47 47 47 47 48 48 47 47 55 50 45 44 42 40 36 34 34 33 34 34 35 35 35 34 32 30 30 31 32 32 31 29 28 27 27 27 26 25 24 21 20 18 17 16 15 15 15 14
-9999 132 132 132 132 133 111 74 74 75 74 73 77 79 80 80 80 79 78 76 77 78 78 77 75 74 73 75 75 72 69 60 53 46 46 44 44 43 45 47 47 47 47 46 46 48 50 48 47 46 44 45 46 47 47 47 46 45 45 45 44 42 37 35 36 36 37 38 39 38 36 35 33 31 30 30 31 31 31 31 30 29 29 28 27 25 23 22 21 20 18 17 16 16 16 16
134 134 134 135 135 135 98 76 76 76 77 78 80 81 82 82 82 81 80 78 78 79 79 78 78 78 77 76 79 87 72 68 57 48 45 41 41 80 82 67 44 45 47 47 47 49 50 50 49 48 47 46 46 46 46 45 44 45 46 46 45 42 40 39 39 38 38 38 39 38 37 34 32 30 28 28 30 30 30 30 29 28 28 28 27 26 23 23 22 20 19 17 15 14 14 13
137 137 137 137 137 119 77 77 77 77 78 79 81 82 84 84 84 83 81 81 81 96 90 79 82 78 79 79 78 89 73 66 58 67 46 42 46 70 138 134 129 55 44 43 46 47 49 49 49 49 48 46 47 48 47 47 45 45 45 44 44 43 42 40 39 38 38 38 37 36 35 33 31 29 28 28 30 31 30 31 30 29 28 28 28 27 25 24 24 22 20 17 15 12 12 12
139 140 140 140 139 105 78 78 78 78 79 80 82 84 84 86 85 84 84 82 102 122 136 141 104 112 115 119 113 105 78 68 55 50 43 40 38 40 57 65 56 46 32 36 41 44 47 48 49 49 48 46 46 46 47 46 45 46 45 44 44 42 40 39 38 37 36 37 35 33 31 29 28 29 28 29 31 32 33 32 32 32 31 30 29 28 26 25 25 23 21 19 17 15 15 15
142 142 142 123 111 80 79 78 78 79 80 81 83 84 85 86 145 84 82 106 157 161 156 153 152 149 147 145 142 98 73 66 50 49 42 40 36 34 41 34 38 42 42 45 43 44 47 49 49 48 46 45 45 44 44 46 46 46 45 44 43 42 41 40 39 38 36 34 32 30 28 27 26 26 30 30 31 33 34 32 32 31 31 29 30 29 28 27 27 26 24 21 19 17 17 16
144 167 155 116 83 82 81 79 79 80 81 83 84 84 85 97 146 89 88 142 153 152 150 150 146 145 138 136 146 94 72 63 50 43 40 46 37 31 35 38 38 40 43 44 42 44 46 48 48 47 45 44 43 42 43 44 44 44 43 40 38 40 39 40 38 37 34 31 28 26 23 24 25 27 30 32 33 34 33 33 33 32 32 31 31 30 29 29 29 28 26 24 21 20 18 17
180 197 197 196 134 84 83 81 79 80 82 84 85 84 84 90 86 86 80 117 156 152 148 148 144 139 141 144 137 98 75 49 45 41 39 37 36 37 35 39 40 43 44 41 42 44 44 44 44 45 44 42 40 38 38 37 37 40 42 36 33 30 31 31 34 35 32 27 23 21 18 17 20 25 28 31 34 37 37 37 36 34 34 33 32 31 31 30 30 29 28 26 24 20 19 17
197 196 197 197 168 85 84 83 82 80 82 93 127 133 133 84 84 67 77 95 139 158 152 152 150 142 145 153 110 64 55 44 39 34 39 36 38 37 36 36 36 38 36 35 36 40 40 39 41 39 40 39 36 35 33 28 27 26 29 33 30 29 27 25 31 32 25 12 10 14 12 8 13 21 26 30 33 36 37 37 37 36 36 35 34 32 30 30 30 30 30 28 26 22 20 18
196 197 194 195 173 100 83 82 81 102 123 160 166 163 148 113 82 79 80 81 77 102 126 152 146 151 151 151 82 53 42 40 37 39 36 36 35 34 35 35 34 31 30 33 36 40 35 34 37 35 36 33 29 27 25 22 17 10 9 16 20 28 28 29 30 26 21 10 5 -4 -3 5 10 9 16 26 30 34 36 36 37 37 37 36 35 33 31 30 30 29 30 26 24 23 21 18
194 194 193 178 167 145 112 101 132 165 162 159 150 146 150 149 92 72 76 79 74 78 91 123 105 95 79 86 58 47 42 41 36 37 35 35 36 31 34 34 35 33 33 29 36 38 31 36 34 30 29 26 22 17 16 10 12 20 26 23 25 28 30 34 33 32 30 25 17 13 12 11 11 14 17 20 28 31 32 34 37 36 36 36 35 34 32 31 30 28 27 26 21 20 20 19
195 192 185 168 166 160 152 155 160 161 155 150 146 142 142 146 94 64 68 73 81 80 70 72 77 74 69 66 52 51 45 41 35 36 33 48 36 36 36 33 30 30 37 44 45 48 54 49 42 31 33 29 22 15 13 19 26 28 27 27 32 35 38 35 35 37 33 30 28 23 21 21 22 15 12 26 24 24 33 34 34 34 35 36 35 33 32 30 29 27 26 25 22 19 17 18
171 167 167 163 164 165 162 151 161 155 147 148 148 147 145 104 60 59 62 73 76 75 71 69 70 69 61 61 54 53 49 45 40 38 35 38 38 38 36 34 33 33 32 33 38 53 48 50 47 46 29 22 21 22 12 18 27 25 21 22 29 36 37 42 41 40 38 36 32 31 29 29 28 22 9 16 15 7 12 18 20 28 33 33 34 35 32 30 29 27 26 26 23 19 16 19
165 165 172 165 165 162 162 159 150 153 151 150 145 132 70 65 65 67 71 72 66 63 69 66 64 68 62 54 56 56 50 43 38 39 42 42 40 39 38 37 34 36 32 35 41 44 49 45 50 44 26 27 29 15 13 17 19 20 22 24 26 22 30 33 39 40 39 37 35 33 33 32 30 28 23 19 13 15 11 -2 13 22 29 32 33 34 31 29 27 27 27 27 26 24 25 26
166 166 170 161 160 158 161 160 153 150 151 153 145 71 73 72 73 78 72 63 67 62 68 66 73 63 54 53 51 53 52 46 38 43 46 43 42 43 39 36 38 38 33 33 39 48 55 52 49 51 41 29 19 20 15 18 22 23 22 27 31 31 30 27 30 34 32 33 35 30 29 30 28 29 24 26 22 29 23 15 15 18 26 30 30 33 32 30 28 27 26 26 26 25 26 23
153 167 166 166 167 164 184 184 181 164 156 160 139 74 75 76 75 66 58 63 67 70 73 70 72 62 55 56 50 49 47 48 45 48 44 44 44 43 37 38 39 40 39 38 38 55 60 59 56 53 42 38 25 26 27 25 26 22 19 18 26 33 35 34 31 32 30 27 26 25 20 18 17 21 23 24 24 30 34 30 18 18 22 26 32 32 29 27 23 15 13 16 11 18 15 12
120 138 165 169 167 167 182 192 191 183 180 189 154 98 77 74 67 66 65 64 66 69 69 68 73 55 56 57 50 47 42 43 44 44 45 44 43 40 40 38 39 42 41 38 35 50 52 57 57 53 48 46 47 48 44 39 41 28 32 22 26 30 29 27 28 25 27 27 26 26 22 19 16 18 20 26 23 24 34 36 29 24 28 31 27 22 18 7 15 8 8 2 2 0 7 10
113 114 132 173 171 168 166 170 171 167 175 171 179 114 77 77 76 74 72 70 71 69 70 69 66 56 58 58 52 49 48 49 49 46 44 41 38 37 36 36 38 40 42 39 36 48 43 57 59 56 54 49 45 53 52 54 52 52 39 25 29 30 29 29 30 23 22 23 21 23 22 23 23 26 26 30 22 23 34 37 37 33 24 24 20 12 7 10 14 8 4 -1 4 9 7 7
87 88 90 114 159 165 168 167 165 142 146 141 169 154 91 77 78 75 74 73 71 70 67 63 56 56 59 59 55 55 54 55 52 47 43 39 37 35 34 34 34 36 39 36 33 33 33 40 52 61 58 57 55 51 43 41 44 52 48 35 30 29 31 30 31 26 24 20 22 20 24 26 29 27 32 35 29 32 34 33 36 35 29 22 20 15 15 21 21 12 -2 4 7 -1 -16 -18
83 87 86 86 85 94 99 106 90 78 82 86 131 165 102 75 77 77 76 73 72 63 56 53 55 58 60 57 55 54 55 54 47 42 43 40 36 35 35 34 34 34 31 32 32 31 27 28 35 51 55 53 51 49 39 36 27 29 41 45 32 31 31 29 31 29 25 22 26 26 27 30 33 36 37 40 39 37 36 32 37 35 30 24 19 27 25 18 6 16 9 5 8 8 0 -3
87 87 87 85 84 86 83 80 79 78 81 79 81 98 79 78 78 79 77 74 60 54 53 55 57 59 53 52 50 51 54 53 49 43 39 38 36 32 35 37 32 31 30 32 31 32 32 30 31 32 53 64 62 53 46 46 35 31 34 38 39 30 30 27 29 29 24 26 28 29 32 34 39 42 43 43 41 40 40 40 37 28 25 28 32 25 14 13 17 14 -5 -3 -8 -9 -5 -4
86 85 86 88 88 86 83 79 77 80 80 81 78 78 79 80 80 78 77 56 51 52 55 58 58 54 68 40 43 45 46 48 47 44 41 31 30 29 31 34 36 35 35 36 37 35 33 31 29 28 40 57 67 67 65 57 60 58 53 55 47 24 20 20 19 24 24 25 24 29 32 38 43 45 45 41 42 43 42 38 32 30 34 34 28 34 26 28 16 5 12 17 7 10 6 4
89 87 87 88 88 87 83 79 78 77 78 79 77 78 80 80 78 75 68 61 51 55 57 58 53 94 95 56 42 43 44 45 41 33 30 29 31 35 37 38 37 37 36 36 34 32 29 28 29 28 27 40 60 65 67 72 103 112 101 101 90 57 17 11 6 14 18 21 25 30 35 41 43 42 42 43 43 45 43 40 34 35 40 35 36 38 31 16 24 21 25 24 15 8 14 20
