resultados/variables_norteamerica/bio1.asc
ncols 469
nrows 225
xllcorner -169.133333
yllcorner 20.675000
cellsize 0.249840
NODATA_value -9999
[rows 0 to 39 of 225, columns 180 to 269 of 469]
-9999 -9999 -9999 -9999 -9999 -9999 -9999 -9999 -9999 -9999 -9999 -9999 -9999 -9999 -9999 -185 -186 -186 -186 -187 -189 -189 -188 -187 -187 -187 -189 -190 -190 -189 -190 -9999 -9999 -9999 -9999 -9999 -9999 -9999 -9999 -187 -188 -9999 -9999 -9999 -9999 -9999 -9999 -9999 -9999 -9999 -9999 -9999 -9999 -9999 -9999 -9999 -9999 -9999 -9999 -9999 -9999 -9999 -9999 -9999 -9999 -9999 -9999 -9999 -9999 -9999 -9999 -9999 -9999 -9999 -9999 -9999 -9999 -9999 -9999 -9999 -9999 -9999 -9999 -9999 -9999 -9999 -9999 -9999 -9999 -9999
-9999 -9999 -9999 -9999 -9999 -9999 -9999 -9999 -9999 -9999 -9999 -182 -183 -183 -184 -185 -186 -187 -185 -186 -185 -9999 -186 -9999 -9999 -189 -191 -188 -9999 -9999 -9999 -9999 -9999 -9999 -9999 -9999 -9999 -9999 -9999 -9999 -9999 -9999 -9999 -9999 -9999 -9999 -9999 -9999 -9999 -9999 -9999 -9999 -9999 -9999 -9999 -9999 -9999 -9999 -187 -189 -190 -187 -9999 -9999 -9999 -9999 -9999 -9999 -9999 -9999 -9999 -9999 -9999 -9999 -9999 -9999 -9999 -9999 -185 -185 -186 -186 -9999 -9999 -9999 -9999 -9999 -9999 -9999 -9999
-9999 -9999 -9999 -9999 -9999 -9999 -9999 -179 -179 -180 -181 -181 -182 -182 -182 -184 -186 -184 -184 -187 -187 -186 -9999 -9999 -9999 -186 -186 -187 -184 -9999 -9999 -9999 -9999 -184 -185 -184 -185 -185 -185 -184 -9999 -9999 -9999 -9999 -9999 -9999 -9999 -9999 -9999 -9999 -9999 -9999 -9999 -9999 -9999 -9999 -184 -186 -186 -188 -188 -187 -186 -184 -9999 -9999 -9999 -9999 -9999 -9999 -9999 -9999 -9999 -9999 -9999 -9999 -9999 -9999 -9999 -9999 -185 -184 -185 -187 -9999 -9999 -9999 -9999 -9999 -191
-9999 -9999 -9999 -9999 -9999 -9999 -9999 -176 -9999 -178 -178 -180 -179 -9999 -181 -183 -184 -184 -181 -9999 -9999 -9999 -9999 -9999 -9999 -181 -180 -9999 -9999 -9999 -183 -186 -189 -191 -191 -191 -191 -188 -187 -186 -188 -188 -187 -186 -189 -189 -188 -9999 -9999 -9999 -9999 -9999 -9999 -9999 -9999 -9999 -9999 -9999 -9999 -9999 -187 -188 -185 -184 -183 -184 -9999 -9999 -9999 -9999 -183 -181 -9999 -9999 -9999 -9999 -9999 -9999 -9999 -9999 -9999 -9999 -9999 -9999 -9999 -9999 -185 -184 -9999 -9999
-9999 -9999 -9999 -9999 -9999 -9999 -9999 -9999 -9999 -9999 -9999 -9999 -9999 -9999 -9999 -179 -182 -9999 -9999 -9999 -9999 -9999 -184 -183 -180 -9999 -9999 -9999 -9999 -9999 -9999 -9999 -9999 -9999 -9999 -9999 -9999 -188 -190 -191 -189 -189 -189 -190 -191 -189 -189 -189 -9999 -9999 -9999 -9999 -9999 -9999 -9999 -9999 -9999 -9999 -181 -182 -183 -185 -186 -186 -183 -9999 -184 -184 -9999 -9999 -184 -185 -184 -182 -178 -9999 -9999 -9999 -9999 -9999 -9999 -9999 -9999 -185 -9999 -182 -184 -9999 -185 -186
-9999 -9999 -9999 -9999 -9999 -9999 -9999 -9999 -9999 -9999 -9999 -9999 -9999 -9999 -9999 -9999 -9999 -9999 -9999 -9999 -9999 -180 -181 -9999 -9999 -9999 -9999 -9999 -9999 -9999 -9999 -9999 -9999 -185 -185 -186 -190 -196 -199 -195 -193 -198 -196 -192 -192 -192 -192 -191 -187 -184 -181 -9999 -9999 -179 -179 -9999 -9999 -9999 -9999 -9999 -9999 -9999 -181 -183 -184 -183 -183 -182 -183 -181 -180 -179 -178 -179 -9999 -9999 -9999 -9999 -9999 -9999 -9999 -9999 -9999 -9999 -9999 -9999 -184 -9999 -9999 -9999
-9999 -9999 -9999 -9999 -9999 -9999 -9999 -9999 -9999 -9999 -9999 -9999 -9999 -9999 -9999 -9999 -9999 -9999 -9999 -9999 -9999 -9999 -9999 -9999 -9999 -9999 -9999 -181 -183 -185 -185 -186 -186 -186 -192 -194 -197 -197 -193 -192 -9999 -9999 -9999 -189 -191 -189 -190 -189 -187 -184 -183 -180 -178 -178 -180 -182 -183 -183 -183 -181 -179 -178 -178 -179 -178 -180 -181 -181 -181 -180 -180 -180 -176 -173 -9999 -9999 -9999 -9999 -9999 -177 -177 -9999 -9999 -9999 -9999 -9999 -9999 -9999 -9999 -9999
-9999 -9999 -9999 -9999 -9999 -9999 -9999 -9999 -9999 -9999 -9999 -9999 -9999 -9999 -9999 -9999 -9999 -9999 -9999 -9999 -9999 -9999 -9999 -9999 -9999 -9999 -9999 -9999 -9999 -9999 -9999 -9999 -182 -183 -181 -9999 -183 -183 -9999 -9999 -9999 -9999 -9999 -9999 -9999 -9999 -9999 -9999 -9999 -9999 -9999 -175 -176 -177 -179 -181 -182 -182 -181 -181 -180 -9999 -177 -179 -180 -178 -179 -180 -178 -176 -175 -175 -9999 -9999 -9999 -9999 -9999 -9999 -9999 -9999 -9999 -9999 -9999 -9999 -9999 -9999 -9999 -9999 -9999 -9999
-9999 -9999 -9999 -9999 -9999 -9999 -9999 -9999 -9999 -9999 -9999 -9999 -9999 -9999 -9999 -9999 -9999 -9999 -9999 -9999 -9999 -9999 -9999 -9999 -9999 -9999 -9999 -9999 -9999 -9999 -9999 -9999 -9999 -9999 -9999 -9999 -9999 -9999 -9999 -9999 -9999 -9999 -9999 -9999 -179 -180 -180 -180 -180 -180 -179 -178 -179 -177 -175 -178 -179 -9999 -176 -9999 -9999 -9999 -9999 -9999 -9999 -9999 -9999 -9999 -9999 -9999 -9999 -9999 -9999 -9999 -9999 -9999 -9999 -9999 -9999 -9999 -9999 -9999 -9999 -9999 -9999 -9999 -9999 -9999 -9999 -9999
-9999 -9999 -9999 -9999 -9999 -9999 -9999 -9999 -9999 -162 -163 -9999 -9999 -9999 -9999 -9999 -9999 -9999 -9999 -9999 -9999 -9999 -9999 -9999 -9999 -9999 -9999 -9999 -9999 -9999 -9999 -9999 -9999 -9999 -9999 -9999 -9999 -9999 -9999 -9999 -9999 -179 -178 -177 -178 -180 -180 -178 -177 -177 -174 -9999 -9999 -9999 -9999 -9999 -9999 -9999 -9999 -9999 -9999 -9999 -9999 -9999 -9999 -9999 -9999 -9999 -9999 -9999 -9999 -9999 -9999 -9999 -9999 -9999 -9999 -9999 -9999 -9999 -9999 -9999 -9999 -9999 -9999 -9999 -9999 -9999 -9999 -9999
-157 -158 -159 -161 -163 -162 -163 -164 -165 -165 -165 -166 -163 -9999 -9999 -9999 -9999 -9999 -9999 -9999 -9999 -9999 -9999 -9999 -9999 -9999 -9999 -9999 -9999 -9999 -9999 -9999 -9999 -9999 -9999 -9999 -9999 -9999 -9999 -9999 -9999 -9999 -9999 -9999 -9999 -9999 -9999 -9999 -9999 -9999 -9999 -9999 -9999 -9999 -9999 -9999 -9999 -9999 -9999 -9999 -9999 -9999 -9999 -9999 -9999 -9999 -9999 -9999 -9999 -9999 -9999 -9999 -9999 -9999 -9999 -9999 -9999 -9999 -9999 -9999 -9999 -9999 -9999 -9999 -9999 -9999 -9999 -9999 -9999 -9999
-155 -156 -157 -159 -161 -161 -162 -163 -165 -165 -164 -163 -164 -164 -163 -163 -160 -9999 -164 -163 -9999 -162 -164 -168 -172 -173 -173 -173 -171 -9999 -9999 -9999 -9999 -9999 -9999 -9999 -9999 -9999 -9999 -9999 -9999 -9999 -9999 -9999 -9999 -9999 -9999 -9999 -9999 -9999 -9999 -9999 -9999 -9999 -9999 -9999 -9999 -9999 -9999 -9999 -9999 -9999 -9999 -9999 -9999 -9999 -9999 -9999 -9999 -9999 -9999 -9999 -9999 -9999 -9999 -9999 -9999 -9999 -9999 -9999 -9999 -9999 -9999 -9999 -9999 -9999 -9999 -9999 -9999 -9999
-152 -153 -155 -157 -158 -158 -159 -159 -160 -160 -162 -163 -161 -162 -160 -160 -160 -160 -160 -161 -166 -169 -168 -169 -171 -172 -171 -171 -167 -167 -167 -9999 -9999 -9999 -9999 -9999 -9999 -9999 -9999 -9999 -9999 -9999 -9999 -9999 -9999 -9999 -9999 -9999 -9999 -9999 -9999 -9999 -9999 -9999 -9999 -9999 -9999 -9999 -9999 -9999 -9999 -9999 -9999 -9999 -9999 -9999 -9999 -9999 -9999 -9999 -9999 -9999 -9999 -9999 -9999 -9999 -9999 -9999 -9999 -9999 -9999 -9999 -9999 -9999 -9999 -9999 -9999 -9999 -9999 -9999
-149 -149 -150 -151 -153 -155 -156 -155 -154 -155 -156 -158 -157 -159 -159 -161 -156 -158 -160 -160 -164 -166 -166 -165 -168 -167 -164 -164 -165 -164 -165 -165 -165 -165 -164 -9999 -9999 -9999 -9999 -9999 -9999 -9999 -9999 -9999 -9999 -9999 -9999 -9999 -9999 -9999 -9999 -9999 -9999 -9999 -9999 -9999 -9999 -9999 -9999 -9999 -9999 -9999 -9999 -9999 -9999 -9999 -9999 -9999 -9999 -165 -170 -171 -172 -171 -171 -172 -172 -171 -168 -9999 -9999 -9999 -9999 -9999 -9999 -9999 -9999 -9999 -9999 -9999
-150 -151 -150 -152 -153 -152 -152 -153 -152 -152 -153 -156 -158 -159 -159 -159 -155 -153 -155 -157 -157 -158 -158 -160 -164 -164 -162 -160 -160 -161 -163 -163 -163 -9999 -9999 -9999 -9999 -9999 -162 -9999 -9999 -9999 -9999 -9999 -9999 -9999 -9999 -9999 -9999 -9999 -9999 -9999 -9999 -9999 -9999 -9999 -9999 -9999 -9999 -9999 -9999 -9999 -9999 -9999 -9999 -9999 -9999 -9999 -9999 -9999 -9999 -167 -168 -169 -170 -170 -172 -171 -168 -9999 -9999 -9999 -9999 -9999 -9999 -9999 -9999 -9999 -9999 -9999
-149 -150 -149 -150 -150 -151 -151 -151 -151 -151 -150 -153 -155 -157 -157 -156 -153 -155 -152 -156 -154 -9999 -156 -9999 -156 -156 -157 -9999 -9999 -9999 -153 -156 -156 -161 -162 -162 -163 -165 -166 -165 -161 -9999 -9999 -9999 -9999 -9999 -9999 -9999 -9999 -9999 -9999 -9999 -9999 -9999 -9999 -9999 -9999 -9999 -9999 -9999 -9999 -9999 -9999 -9999 -169 -169 -169 -167 -168 -167 -167 -165 -164 -164 -166 -166 -166 -9999 -9999 -9999 -9999 -9999 -9999 -9999 -9999 -9999 -9999 -167 -170 -9999
-144 -145 -146 -149 -147 -148 -149 -150 -149 -151 -147 -148 -149 -150 -150 -151 -152 -150 -152 -153 -153 -153 -153 -152 -9999 -9999 -9999 -154 -155 -156 -155 -157 -159 -160 -162 -165 -165 -164 -165 -162 -158 -9999 -9999 -159 -164 -164 -164 -165 -163 -9999 -9999 -9999 -9999 -9999 -164 -167 -166 -167 -9999 -9999 -9999 -9999 -9999 -9999 -167 -169 -171 -171 -171 -169 -169 -168 -165 -163 -162 -9999 -9999 -9999 -9999 -9999 -9999 -9999 -9999 -9999 -9999 -9999 -166 -167 -168 -167
-144 -146 -146 -145 -146 -146 -148 -147 -148 -145 -146 -146 -147 -148 -148 -148 -148 -148 -148 -9999 -9999 -9999 -9999 -148 -150 -151 -152 -154 -152 -154 -156 -158 -157 -157 -159 -159 -159 -156 -155 -156 -156 -161 -159 -161 -164 -165 -165 -166 -166 -165 -164 -9999 -9999 -164 -163 -9999 -9999 -9999 -171 -172 -167 -162 -9999 -9999 -9999 -9999 -168 -168 -168 -9999 -168 -167 -166 -166 -164 -163 -9999 -9999 -9999 -9999 -9999 -9999 -9999 -9999 -9999 -9999 -9999 -9999 -166 -167
-142 -142 -143 -143 -143 -143 -144 -144 -145 -144 -144 -145 -144 -144 -9999 -143 -145 -146 -146 -9999 -9999 -9999 -9999 -147 -144 -147 -149 -150 -9999 -152 -153 -153 -155 -157 -155 -154 -154 -155 -156 -160 -159 -160 -161 -163 -164 -165 -162 -163 -163 -9999 -163 -9999 -166 -169 -168 -167 -166 -166 -167 -167 -165 -163 -9999 -9999 -9999 -9999 -164 -167 -165 -166 -168 -169 -169 -168 -164 -162 -9999 -9999 -9999 -9999 -9999 -9999 -9999 -9999 -9999 -9999 -9999 -9999 -9999 -165
-141 -142 -143 -144 -144 -146 -145 -144 -142 -142 -142 -142 -143 -143 -144 -9999 -9999 -9999 -9999 -9999 -9999 -139 -143 -146 -147 -149 -150 -151 -150 -154 -154 -152 -156 -156 -156 -158 -159 -160 -160 -160 -159 -160 -9999 -164 -163 -164 -163 -162 -165 -167 -168 -168 -169 -170 -173 -171 -172 -171 -170 -168 -163 -160 -161 -9999 -9999 -9999 -159 -160 -163 -165 -165 -9999 -167 -164 -163 -161 -160 -9999 -9999 -9999 -9999 -9999 -9999 -9999 -9999 -9999 -9999 -9999 -9999 -9999
-140 -140 -140 -141 -143 -144 -144 -145 -146 -143 -140 -141 -142 -144 -140 -9999 -9999 -9999 -9999 -9999 -135 -140 -143 -144 -144 -147 -150 -151 -150 -152 -154 -155 -156 -156 -158 -158 -158 -158 -160 -163 -163 -164 -162 -163 -164 -168 -171 -166 -164 -164 -168 -167 -167 -168 -168 -169 -171 -170 -167 -162 -159 -161 -160 -156 -9999 -9999 -9999 -9999 -157 -159 -162 -163 -163 -163 -162 -161 -160 -159 -9999 -9999 -9999 -9999 -9999 -9999 -9999 -9999 -9999 -9999 -9999 -9999
-9999 -135 -138 -138 -139 -140 -141 -142 -139 -133 -134 -138 -139 -139 -137 -9999 -9999 -9999 -9999 -9999 -9999 -9999 -9999 -9999 -9999 -9999 -141 -144 -149 -150 -152 -148 -150 -9999 -9999 -150 -9999 -155 -156 -159 -160 -161 -162 -163 -163 -163 -163 -163 -160 -163 -164 -164 -164 -164 -165 -166 -166 -166 -163 -160 -158 -157 -157 -156 -155 -155 -155 -156 -156 -157 -158 -159 -159 -160 -161 -161 -160 -159 -158 -158 -9999 -9999 -9999 -9999 -9999 -9999 -9999 -9999 -9999 -9999
-9999 -9999 -9999 -143 -144 -141 -140 -141 -130 -9999 -9999 -9999 -9999 -9999 -9999 -9999 -9999 -9999 -9999 -9999 -9999 -9999 -9999 -9999 -9999 -9999 -9999 -9999 -9999 -9999 -9999 -9999 -9999 -9999 -151 -153 -155 -156 -155 -156 -155 -156 -157 -156 -159 -159 -160 -161 -162 -164 -163 -163 -163 -163 -163 -162 -160 -160 -160 -159 -158 -156 -156 -158 -156 -9999 -155 -155 -156 -157 -157 -157 -158 -158 -159 -159 -160 -158 -157 -9999 -9999 -9999 -9999 -9999 -9999 -9999 -9999 -9999 -9999 -9999
-9999 -9999 -9999 -9999 -9999 -9999 -9999 -9999 -9999 -9999 -9999 -9999 -9999 -9999 -9999 -9999 -9999 -9999 -9999 -9999 -9999 -9999 -9999 -9999 -134 -140 -142 -142 -143 -147 -148 -147 -148 -150 -152 -151 -153 -154 -155 -155 -156 -155 -155 -157 -157 -157 -158 -158 -158 -159 -159 -160 -161 -162 -162 -162 -161 -159 -158 -157 -157 -156 -156 -155 -154 -157 -155 -155 -156 -156 -9999 -156 -156 -156 -156 -156 -157 -156 -9999 -9999 -9999 -9999 -9999 -9999 -9999 -9999 -9999 -9999 -9999 -9999
-9999 -9999 -9999 -9999 -9999 -9999 -9999 -9999 -9999 -9999 -9999 -9999 -9999 -9999 -9999 -9999 -9999 -9999 -9999 -9999 -9999 -9999 -9999 -9999 -132 -136 -135 -140 -143 -146 -149 -149 -150 -152 -153 -152 -150 -151 -152 -150 -149 -150 -152 -151 -9999 -154 -155 -155 -9999 -156 -157 -157 -157 -157 -157 -158 -158 -157 -156 -155 -155 -154 -154 -154 -155 -156 -156 -157 -158 -157 -156 -9999 -157 -158 -158 -158 -158 -157 -157 -157 -9999 -9999 -9999 -9999 -9999 -9999 -9999 -9999 -9999 -9999
-9999 -9999 -9999 -9999 -9999 -9999 -9999 -9999 -9999 -9999 -9999 -9999 -9999 -9999 -9999 -9999 -9999 -9999 -9999 -9999 -9999 -9999 -9999 -9999 -9999 -9999 -9999 -9999 -9999 -9999 -9999 -9999 -9999 -9999 -9999 -9999 -9999 -9999 -9999 -9999 -9999 -9999 -9999 -9999 -9999 -9999 -147 -148 -149 -151 -151 -151 -151 -153 -155 -156 -156 -155 -154 -154 -154 -155 -155 -155 -155 -155 -155 -156 -156 -157 -157 -156 -156 -157 -157 -157 -157 -157 -157 -157 -156 -156 -156 -156 -9999 -156 -9999 -9999 -9999 -9999
-9999 -9999 -9999 -9999 -9999 -9999 -9999 -9999 -9999 -9999 -9999 -9999 -9999 -9999 -9999 -9999 -9999 -9999 -9999 -9999 -9999 -9999 -9999 -9999 -9999 -9999 -9999 -9999 -9999 -9999 -9999 -9999 -9999 -9999 -9999 -9999 -9999 -9999 -9999 -9999 -9999 -9999 -9999 -9999 -9999 -9999 -9999 -9999 -9999 -144 -144 -145 -146 -147 -148 -149 -150 -151 -151 -153 -153 -153 -154 -154 -154 -155 -155 -154 -155 -156 -155 -156 -157 -157 -9999 -158 -157 -157 -157 -156 -156 -156 -156 -156 -156 -157 -156 -156 -9999 -9999
-9999 -9999 -9999 -9999 -9999 -9999 -9999 -9999 -9999 -9999 -9999 -9999 -9999 -9999 -9999 -9999 -9999 -9999 -9999 -9999 -9999 -9999 -9999 -9999 -9999 -9999 -9999 -127 -131 -136 -138 -139 -139 -140 -141 -143 -144 -145 -146 -148 -148 -147 -147 -148 -147 -147 -147 -146 -147 -146 -146 -147 -146 -145 -146 -147 -148 -149 -149 -149 -149 -150 -150 -150 -151 -151 -151 -9999 -9999 -9999 -153 -154 -155 -157 -157 -156 -156 -155 -9999 -154 -155 -155 -155 -155 -156 -156 -156 -156 -156 -156
-9999 -9999 -9999 -9999 -9999 -9999 -9999 -9999 -9999 -9999 -9999 -9999 -9999 -9999 -9999 -9999 -9999 -9999 -9999 -9999 -9999 -9999 -9999 -9999 -9999 -9999 -9999 -125 -128 -130 -134 -136 -136 -137 -139 -140 -141 -142 -144 -146 -149 -148 -148 -149 -147 -146 -9999 -149 -150 -149 -148 -147 -146 -146 -146 -147 -147 -147 -146 -146 -146 -146 -146 -147 -147 -148 -148 -149 -150 -151 -152 -152 -152 -154 -154 -154 -153 -153 -153 -153 -153 -154 -153 -9999 -154 -154 -154 -154 -9999 -156
-9999 -9999 -9999 -9999 -113 -114 -120 -123 -125 -126 -123 -120 -116 -110 -9999 -9999 -9999 -9999 -9999 -9999 -9999 -9999 -9999 -9999 -9999 -9999 -9999 -9999 -9999 -9999 -127 -129 -132 -134 -136 -138 -139 -140 -140 -141 -142 -143 -144 -145 -145 -147 -148 -148 -146 -146 -146 -146 -146 -146 -146 -146 -9999 -145 -145 -145 -146 -145 -145 -146 -146 -147 -146 -147 -147 -147 -147 -148 -148 -149 -151 -152 -152 -151 -151 -151 -151 -151 -151 -151 -9999 -9999 -9999 -9999 -9999 -9999
-9999 -9999 -9999 -115 -117 -122 -124 -124 -126 -129 -132 -128 -125 -123 -119 -113 -9999 -9999 -9999 -9999 -9999 -9999 -9999 -9999 -9999 -9999 -9999 -9999 -9999 -9999 -9999 -127 -127 -127 -128 -129 -129 -130 -130 -131 -132 -134 -134 -136 -138 -140 -140 -141 -141 -142 -143 -142 -142 -142 -143 -144 -144 -145 -145 -146 -146 -145 -145 -145 -146 -147 -147 -145 -144 -145 -9999 -9999 -146 -146 -147 -148 -9999 -9999 -149 -149 -150 -151 -151 -150 -150 -9999 -152 -152 -152 -9999
-118 -119 -117 -117 -119 -119 -122 -129 -130 -129 -130 -129 -128 -125 -124 -124 -124 -121 -119 -117 -115 -112 -111 -111 -9999 -9999 -9999 -9999 -9999 -9999 -9999 -9999 -9999 -9999 -9999 -9999 -9999 -9999 -9999 -9999 -9999 -9999 -9999 -132 -133 -135 -136 -137 -137 -138 -139 -139 -140 -140 -140 -140 -141 -141 -141 -142 -142 -143 -144 -147 -146 -146 -145 -143 -9999 -9999 -9999 -9999 -9999 -9999 -9999 -9999 -9999 -147 -147 -148 -148 -149 -150 -149 -150 -151 -151 -151 -151 -152
-115 -117 -119 -120 -120 -119 -118 -120 -123 -125 -126 -125 -123 -121 -123 -125 -123 -123 -124 -125 -120 -116 -113 -113 -114 -115 -116 -117 -119 -9999 -9999 -9999 -119 -120 -121 -121 -9999 -9999 -9999 -9999 -9999 -9999 -128 -131 -132 -134 -136 -137 -138 -9999 -138 -139 -139 -139 -138 -9999 -140 -140 -141 -141 -141 -140 -9999 -9999 -9999 -9999 -9999 -9999 -9999 -9999 -9999 -9999 -9999 -9999 -9999 -9999 -9999 -9999 -146 -9999 -146 -148 -148 -148 -149 -148 -149 -9999 -9999 -9999
-114 -113 -117 -120 -120 -119 -118 -116 -118 -119 -123 -121 -119 -118 -120 -121 -121 -9999 -120 -122 -121 -119 -114 -112 -113 -115 -116 -118 -119 -120 -119 -119 -119 -119 -118 -120 -120 -120 -121 -121 -9999 -9999 -9999 -9999 -128 -129 -130 -132 -133 -9999 -9999 -9999 -9999 -9999 -9999 -9999 -9999 -9999 -9999 -9999 -9999 -9999 -9999 -137 -138 -139 -139 -139 -140 -141 -142 -143 -9999 -9999 -141 -9999 -9999 -143 -9999 -9999 -9999 -9999 -9999 -9999 -9999 -9999 -9999 -9999 -9999 -9999
-114 -112 -113 -116 -117 -117 -114 -113 -112 -112 -113 -114 -115 -117 -119 -121 -120 -9999 -118 -120 -115 -110 -111 -111 -110 -112 -114 -116 -118 -118 -119 -119 -119 -118 -117 -116 -116 -117 -118 -118 -119 -9999 -9999 -9999 -9999 -9999 -9999 -9999 -9999 -9999 -9999 -9999 -9999 -9999 -9999 -9999 -9999 -9999 -9999 -9999 -9999 -9999 -134 -134 -134 -135 -136 -136 -136 -9999 -138 -9999 -139 -140 -140 -9999 -9999 -9999 -9999 -9999 -9999 -9999 -9999 -9999 -9999 -9999 -9999 -9999 -9999 -9999
-111 -111 -110 -110 -112 -113 -111 -110 -110 -110 -109 -111 -111 -112 -113 -115 -117 -117 -115 -112 -106 -103 -103 -102 -103 -104 -106 -107 -110 -112 -114 -116 -117 -117 -116 -9999 -9999 -9999 -9999 -9999 -9999 -9999 -9999 -9999 -9999 -9999 -9999 -9999 -9999 -9999 -9999 -9999 -9999 -9999 -9999 -9999 -9999 -9999 -9999 -130 -9999 -9999 -9999 -9999 -9999 -9999 -136 -9999 -138 -137 -136 -137 -138 -139 -139 -139 -139 -139 -138 -9999 -9999 -9999 -9999 -141 -9999 -9999 -9999 -9999 -9999 -9999
-105 -105 -105 -106 -105 -104 -105 -104 -104 -106 -106 -107 -107 -108 -108 -109 -109 -107 -104 -103 -101 -101 -102 -103 -104 -105 -105 -104 -104 -104 -104 -104 -105 -106 -106 -9999 -9999 -9999 -9999 -9999 -9999 -9999 -9999 -9999 -9999 -9999 -9999 -9999 -9999 -9999 -9999 -9999 -9999 -9999 -9999 -131 -132 -9999 -9999 -9999 -9999 -130 -9999 -9999 -9999 -9999 -135 -136 -137 -137 -136 -137 -138 -138 -138 -137 -138 -138 -138 -139 -139 -140 -140 -140 -9999 -9999 -9999 -9999 -9999 -9999
-101 -102 -101 -102 -101 -101 -100 -100 -101 -102 -9999 -103 -102 -102 -101 -101 -100 -99 -100 -101 -102 -103 -104 -104 -105 -107 -107 -109 -110 -108 -107 -108 -108 -107 -107 -111 -114 -116 -118 -119 -121 -124 -125 -128 -130 -130 -130 -128 -126 -132 -132 -133 -134 -133 -134 -135 -135 -135 -133 -130 -130 -9999 -9999 -9999 -131 -9999 -133 -134 -136 -136 -136 -136 -137 -137 -137 -137 -137 -138 -138 -139 -140 -140 -139 -140 -140 -140 -141 -142 -141 -142
-97 -98 -98 -97 -98 -98 -98 -99 -102 -102 -101 -99 -97 -95 -94 -95 -9999 -95 -96 -96 -97 -97 -97 -97 -97 -96 -102 -103 -103 -106 -107 -110 -110 -108 -110 -115 -117 -120 -122 -122 -124 -126 -127 -128 -128 -130 -130 -129 -133 -134 -134 -135 -135 -135 -136 -137 -138 -137 -136 -135 -132 -128 -130 -128 -9999 -9999 -132 -132 -134 -136 -136 -136 -136 -136 -137 -137 -137 -137 -138 -138 -139 -139 -140 -140 -140 -141 -141 -141 -142 -142
-95 -95 -95 -95 -96 -98 -99 -95 -91 -90 -89 -89 -88 -88 -88 -88 -87 -87 -87 -87 -87 -89 -89 -89 -91 -98 -102 -103 -106 -107 -106 -104 -107 -109 -109 -117 -120 -120 -121 -122 -123 -125 -126 -126 -126 -126 -128 -132 -135 -135 -136 -136 -135 -135 -136 -136 -136 -136 -137 -137 -136 -131 -129 -9999 -9999 -9999 -9999 -9999 -131 -132 -135 -135 -135 -136 -136 -136 -137 -137 -137 -137 -138 -138 -139 -139 -140 -140 -141 -141 -141 -142
