resultados/variables_norteamerica/bio12.asc
ncols 469
nrows 225
xllcorner -169.133333
yllcorner 20.675000
cellsize 0.249840
NODATA_value -9999
[rows 111 to 147 of 225, columns 168 to 251 of 469]
-9999 -9999 -9999 -9999 -9999 3099 -9999 2573 2342 2133 1986 1811 1550 -9999 -9999 -9999 1153 1245 1403 1562 1604 1554 1344 1144 974 732 585 522 454 376 303 351 370 415 472 542 648 712 753 786 831 828 662 760 777 781 755 661 669 763 703 693 677 582 511 440 412 382 358 347 333 324 329 320 314 304 297 289 289 294 303 323 343 353 346 338 327 319 312 317 318 311 314 317
-9999 -9999 -9999 -9999 -9999 -9999 -9999 -9999 -9999 2369 2194 2050 1826 1421 1137 -9999 -9999 964 1041 1335 1637 1648 1557 1341 1157 867 713 602 492 401 313 337 382 407 458 515 537 623 711 762 810 828 829 718 816 793 775 -9999 577 684 731 655 688 669 616 529 443 382 347 332 317 312 322 336 328 286 275 271 280 292 299 311 334 353 344 331 320 307 300 305 300 297 307 307
-9999 -9999 -9999 -9999 -9999 -9999 -9999 -9999 -9999 -9999 2289 2158 1983 1588 -9999 -9999 635 -9999 -9999 1151 1640 1859 1833 1622 1254 1002 794 535 493 404 320 355 377 394 462 477 482 550 671 706 782 848 840 828 830 807 749 -9999 679 668 626 695 686 700 688 630 490 393 343 311 295 299 298 300 291 286 287 286 290 299 315 326 323 316 317 317 313 302 291 290 291 298 301 301
-9999 -9999 -9999 -9999 -9999 -9999 -9999 -9999 -9999 -9999 2465 2364 -9999 -9999 -9999 -9999 -9999 -9999 -9999 1055 1585 1948 1998 1721 1412 1119 872 629 410 359 313 330 364 377 435 423 485 513 632 657 752 810 816 855 907 844 698 666 634 685 609 517 700 736 715 680 580 441 360 319 302 298 306 301 294 298 307 315 319 382 417 408 387 344 318 305 303 307 302 299 293 286 295 300
-9999 -9999 -9999 -9999 -9999 -9999 -9999 -9999 -9999 -9999 2641 2719 2534 2237 1790 1388 -9999 -9999 720 999 1327 1955 2098 1909 1589 1251 925 665 412 301 286 295 307 343 381 386 471 485 546 607 711 747 778 890 898 860 837 708 657 618 608 -9999 613 740 719 683 633 545 396 338 309 304 311 325 338 347 348 345 354 413 439 422 390 376 382 333 316 310 306 307 300 296 294 297
-9999 -9999 -9999 -9999 -9999 -9999 -9999 -9999 -9999 -9999 -9999 3113 2975 2730 2529 2528 2007 1013 -9999 996 1236 1824 2155 1994 1746 1138 846 503 319 290 265 272 290 313 342 367 407 434 471 542 659 695 859 926 951 928 805 802 652 649 519 504 590 686 715 669 628 583 411 334 306 311 326 349 359 377 394 395 369 358 366 381 367 374 381 348 327 313 320 317 310 -9999 310 308
-9999 -9999 -9999 -9999 -9999 -9999 -9999 -9999 -9999 -9999 -9999 3182 3257 3022 2697 2428 1741 1335 -9999 -9999 1423 1963 2298 2133 1800 1301 589 407 324 244 241 232 250 281 313 344 377 406 440 515 635 688 802 882 964 977 885 752 646 569 451 424 561 654 697 640 627 544 402 351 322 323 334 365 387 462 515 438 386 377 380 395 375 359 349 336 324 315 325 324 320 324 319 307
-9999 -9999 -9999 -9999 -9999 -9999 -9999 -9999 -9999 -9999 -9999 -9999 2996 3127 2701 2053 1546 -9999 -9999 1043 1408 2210 2204 1905 1363 974 840 496 220 219 202 198 223 254 287 318 350 389 436 507 610 719 820 932 991 986 899 770 612 565 517 445 501 658 620 626 589 572 481 379 354 352 351 390 436 490 519 444 405 390 423 450 430 381 363 349 331 331 336 329 321 319 314 306
-9999 -9999 -9999 -9999 -9999 -9999 -9999 -9999 -9999 -9999 -9999 -9999 2408 2445 2223 1862 1515 1194 1066 1128 1668 2362 2251 1922 1391 727 362 391 205 189 188 187 206 234 270 310 342 383 445 519 611 726 834 925 981 962 877 774 678 500 470 467 498 586 513 476 468 516 489 442 354 400 403 412 501 533 561 468 408 400 439 494 442 404 370 349 339 337 343 338 328 323 311 302
-9999 -9999 -9999 -9999 -9999 -9999 -9999 -9999 -9999 -9999 -9999 -9999 -9999 2231 2157 1810 1368 1278 1507 1652 2172 2610 2258 1934 1153 584 305 268 203 188 190 190 207 229 270 312 351 387 438 519 602 685 769 879 931 921 829 716 592 551 463 465 386 453 431 448 415 447 476 415 354 392 466 398 444 548 587 516 473 414 527 574 488 419 373 354 349 346 345 326 325 321 317 308
-9999 -9999 -9999 -9999 -9999 -9999 -9999 -9999 -9999 -9999 -9999 -9999 -9999 2467 2390 2053 1449 1317 1717 2056 2130 2101 2059 1792 1164 409 227 229 259 201 182 190 208 239 282 340 382 412 456 487 554 565 642 737 856 918 809 695 569 502 492 553 352 469 468 373 368 357 392 422 338 344 342 478 385 474 463 437 413 388 392 407 387 366 353 350 359 365 356 329 319 319 322 320
-9999 -9999 -9999 -9999 -9999 -9999 -9999 -9999 -9999 -9999 -9999 -9999 -9999 -9999 -9999 2179 1671 1528 2138 2612 2559 2265 2103 1525 1026 449 261 200 187 225 221 196 214 262 325 426 544 625 641 507 426 523 622 639 724 823 768 679 610 539 529 476 378 493 421 416 490 316 437 461 393 493 320 413 475 456 515 505 411 377 351 343 346 345 363 384 381 372 356 341 333 330 329 330
-9999 -9999 -9999 -9999 -9999 -9999 -9999 -9999 -9999 -9999 -9999 -9999 -9999 2264 2405 1924 1594 1624 2262 2600 2501 2223 1694 1032 729 759 448 348 255 219 227 251 261 304 333 465 742 736 666 563 486 565 588 583 629 729 738 672 590 490 542 484 419 461 444 474 418 339 382 444 371 343 322 417 537 538 516 682 450 414 409 384 380 370 366 363 366 370 358 369 367 362 359 361
-9999 -9999 -9999 -9999 -9999 -9999 -9999 -9999 -9999 -9999 -9999 -9999 -9999 2353 2422 1996 1779 1181 1604 2511 2532 1980 1214 777 518 416 -9999 -9999 230 217 229 242 282 369 467 659 763 693 600 563 573 498 553 568 691 741 742 690 637 527 527 482 434 427 396 371 399 376 409 320 333 351 349 380 525 644 448 452 406 397 419 415 399 388 365 379 393 387 365 382 390 394 380 372
-9999 -9999 -9999 -9999 -9999 -9999 -9999 -9999 -9999 -9999 -9999 -9999 -9999 2451 2540 2008 1175 1080 1207 1820 2286 2045 1289 647 347 305 275 251 251 264 296 329 365 372 583 715 673 605 545 498 528 541 580 605 724 740 733 673 610 579 536 471 418 405 328 397 446 347 314 296 558 444 494 540 619 627 524 585 584 498 438 406 393 378 405 404 401 394 390 394 397 401 414 380
-9999 -9999 -9999 -9999 -9999 -9999 -9999 -9999 -9999 -9999 -9999 -9999 -9999 2494 2557 1681 1127 1065 1348 1855 2254 2125 1671 718 402 319 291 329 321 343 390 465 481 574 653 639 542 529 665 635 574 576 679 655 716 733 663 677 598 538 478 424 390 360 369 366 351 301 259 364 403 432 605 687 709 552 649 728 746 702 551 462 362 354 438 415 409 409 415 407 428 404 384 412
-9999 -9999 -9999 -9999 -9999 -9999 -9999 -9999 -9999 -9999 -9999 -9999 -9999 2668 2117 1323 1086 1163 1735 2381 2202 1901 1227 660 398 382 322 372 435 455 458 490 485 542 640 666 521 420 535 639 595 552 673 669 726 694 665 648 569 498 507 423 379 295 341 329 276 298 345 370 438 537 613 701 693 594 624 662 699 740 769 581 282 279 342 349 430 486 417 406 404 365 390 413
-9999 -9999 -9999 -9999 -9999 -9999 -9999 -9999 -9999 -9999 -9999 -9999 -9999 2563 2315 1337 1142 1385 2076 2328 2138 1870 1034 476 315 363 352 333 384 380 387 399 434 538 604 602 518 348 358 433 470 594 619 668 666 663 652 620 528 475 451 429 303 376 297 342 364 328 353 424 498 590 608 684 640 652 634 601 636 663 587 430 260 223 185 216 342 561 545 450 371 373 395 391
-9999 -9999 -9999 -9999 -9999 -9999 -9999 -9999 -9999 -9999 -9999 -9999 2099 2212 1820 1229 1111 1349 2156 2242 1989 1677 814 353 310 436 486 418 447 411 382 409 446 459 497 453 408 400 392 429 496 525 564 634 625 632 626 582 548 504 484 336 276 292 405 306 395 359 374 371 432 505 613 653 666 638 627 596 624 606 564 437 288 242 199 201 221 314 528 600 489 378 371 368
-9999 -9999 -9999 -9999 -9999 -9999 -9999 -9999 -9999 -9999 -9999 -9999 2258 2131 1779 1178 1261 1562 1966 2045 1756 1472 564 277 256 304 389 463 420 423 369 396 376 452 497 462 384 338 341 343 366 423 529 589 613 598 585 569 515 486 437 364 347 354 336 353 346 404 301 304 353 443 557 623 673 680 637 596 615 608 520 475 347 270 232 200 196 241 356 570 600 401 345 344
-9999 -9999 -9999 -9999 -9999 -9999 -9999 -9999 -9999 -9999 -9999 -9999 2046 1900 1582 1230 1271 1511 1738 1724 1471 1423 875 318 243 276 329 344 323 335 380 383 380 391 405 374 353 311 309 279 288 336 436 524 591 590 545 539 565 510 518 438 374 359 413 308 375 270 219 236 290 360 438 506 588 666 638 607 597 602 584 525 362 311 260 222 203 232 282 392 502 385 327 329
-9999 -9999 -9999 -9999 -9999 -9999 -9999 -9999 -9999 -9999 -9999 -9999 1820 1748 1522 1351 1326 1517 1567 1480 -9999 932 545 567 378 292 273 308 290 333 348 339 348 374 310 305 317 304 279 275 266 295 330 437 583 594 545 531 551 535 521 485 494 452 319 332 274 225 223 242 277 328 419 488 557 652 584 560 567 560 533 579 448 324 267 245 236 248 290 330 425 349 327 321
-9999 -9999 -9999 -9999 -9999 -9999 -9999 -9999 -9999 -9999 -9999 -9999 1717 1601 1380 1277 1509 1584 1511 1372 1279 777 463 455 344 300 272 271 274 280 273 300 291 287 313 298 313 323 317 298 273 -9999 271 306 453 522 544 497 504 488 476 427 408 421 355 292 251 239 254 261 283 330 413 492 562 522 582 540 502 442 327 367 344 316 299 271 294 294 317 377 390 324 325 333
-9999 -9999 -9999 -9999 -9999 -9999 -9999 -9999 -9999 -9999 -9999 1579 1580 1553 1291 1088 1363 1444 1385 1290 1245 765 622 491 295 267 249 254 268 274 257 261 261 260 275 285 318 307 292 315 345 332 241 267 314 392 468 455 418 397 395 362 356 330 333 299 276 252 255 270 306 370 429 488 533 496 524 519 457 556 518 295 248 241 228 220 229 245 268 341 320 313 324 338
-9999 -9999 -9999 -9999 -9999 -9999 -9999 -9999 -9999 -9999 -9999 1657 1523 1454 1191 1001 1163 1247 1301 1338 1260 662 531 524 375 342 306 272 249 272 282 285 279 260 296 299 276 258 291 321 350 432 292 212 219 249 299 325 315 302 300 304 302 295 285 290 283 258 278 317 363 395 432 487 483 507 504 412 359 434 560 465 284 240 224 210 210 223 245 268 278 297 313 333
-9999 -9999 -9999 -9999 -9999 -9999 -9999 -9999 -9999 -9999 -9999 1822 1627 1415 1146 1001 1017 1061 1087 1205 1041 610 510 538 448 415 310 294 280 275 268 272 282 310 363 271 274 237 255 303 345 384 372 304 216 211 246 251 248 234 252 268 280 274 269 281 285 305 347 370 409 400 428 480 475 493 477 360 296 275 347 492 445 291 249 227 244 242 265 287 281 285 295 334
-9999 -9999 -9999 -9999 -9999 -9999 -9999 -9999 -9999 -9999 -9999 1867 1660 1381 1079 872 753 710 881 997 712 531 476 447 467 534 393 -9999 327 292 292 264 262 320 292 240 234 245 266 296 317 361 367 375 324 277 269 270 254 240 243 252 262 256 269 272 328 380 401 398 418 401 440 466 452 471 453 313 250 244 252 306 399 363 288 256 252 245 252 261 261 276 290 358
-9999 -9999 -9999 -9999 -9999 -9999 -9999 -9999 -9999 -9999 -9999 1936 1722 1417 1141 849 672 599 770 787 618 415 379 416 442 469 453 415 378 316 304 294 257 274 233 243 289 281 312 304 311 312 312 338 348 305 287 292 287 272 277 329 313 305 352 287 374 393 414 423 422 412 455 385 383 404 407 286 234 225 222 238 265 290 274 256 253 269 268 283 274 297 338 339
-9999 -9999 -9999 -9999 -9999 -9999 -9999 -9999 -9999 -9999 -9999 1996 1853 1489 1210 974 777 796 635 569 454 345 314 353 405 447 427 456 395 327 310 304 277 259 247 330 316 263 321 328 302 296 298 317 364 342 323 316 351 316 310 359 320 371 333 323 353 341 395 412 442 429 501 340 323 337 322 239 204 200 205 220 253 247 227 219 217 230 244 257 291 297 326 316
-9999 -9999 -9999 -9999 -9999 -9999 -9999 -9999 -9999 -9999 -9999 -9999 1946 1530 1225 1004 773 620 541 566 415 372 357 351 379 406 404 434 387 361 327 312 262 238 265 266 292 256 339 340 299 286 289 303 376 377 400 446 334 316 326 308 326 369 356 343 282 323 383 434 450 488 467 354 285 296 269 224 198 193 205 219 228 220 210 201 204 223 237 263 264 282 307 301
-9999 -9999 -9999 -9999 -9999 -9999 -9999 -9999 -9999 -9999 -9999 -9999 1860 1514 1284 1061 858 606 630 662 610 525 527 412 411 388 363 423 356 350 325 298 299 265 231 228 242 275 313 291 281 284 298 312 398 364 355 334 354 296 294 288 292 298 258 269 279 318 386 405 492 537 508 383 292 302 244 213 201 200 212 223 217 219 210 218 213 232 271 302 288 283 378 415
-9999 -9999 -9999 -9999 -9999 -9999 -9999 -9999 -9999 -9999 -9999 -9999 1634 1500 1301 1083 962 806 898 960 965 745 605 495 439 427 363 458 -9999 353 307 265 259 206 243 236 232 254 243 251 293 311 307 351 360 337 336 312 310 303 274 276 235 203 213 246 270 -9999 -9999 420 504 605 562 431 315 311 266 230 226 218 225 255 266 251 256 236 242 257 296 351 406 340 414 561
-9999 -9999 -9999 -9999 -9999 -9999 -9999 -9999 -9999 -9999 -9999 -9999 1469 1463 1289 1120 1081 1021 1030 1312 1348 1037 679 555 492 451 408 410 363 295 304 263 203 195 228 208 223 225 224 236 224 264 278 338 341 357 315 310 338 306 313 265 237 192 198 228 270 -9999 -9999 -9999 468 622 534 449 403 406 419 362 301 258 -9999 295 316 289 272 270 273 292 326 382 469 514 502 544
-9999 -9999 -9999 -9999 -9999 -9999 -9999 -9999 -9999 -9999 -9999 -9999 1332 1497 1296 1134 1040 1050 1238 1497 1504 1191 829 726 602 492 391 332 326 289 266 213 196 199 220 211 215 231 277 231 214 260 238 286 291 309 327 400 352 274 274 254 171 172 186 210 262 304 334 -9999 416 626 621 520 632 636 656 628 563 449 369 324 289 283 288 299 313 362 401 486 511 565 600 635
-9999 -9999 -9999 -9999 -9999 -9999 -9999 -9999 -9999 -9999 -9999 1536 1530 1595 1413 1187 1053 1081 1227 1088 1112 1149 1050 902 732 563 400 314 282 242 220 210 209 214 211 216 225 252 263 246 245 252 243 284 331 321 430 402 332 344 278 288 165 163 177 197 273 277 444 493 498 636 736 563 639 593 535 443 350 332 276 272 303 313 310 314 349 396 425 450 501 558 548 575
-9999 -9999 -9999 -9999 -9999 -9999 -9999 -9999 -9999 -9999 -9999 1915 1815 1617 1478 1276 1187 999 890 739 820 1024 1137 988 851 680 484 -9999 302 244 230 202 186 178 190 205 209 238 257 253 259 304 256 308 334 324 402 354 353 312 297 269 210 178 173 183 219 251 409 465 441 432 642 629 573 397 317 247 200 192 205 227 302 335 312 349 415 437 481 506 500 504 495 553
-9999 -9999 -9999 -9999 -9999 -9999 -9999 -9999 -9999 -9999 -9999 -9999 -9999 1724 1474 1279 1348 1189 723 571 667 1009 1027 1083 1013 877 649 502 332 290 -9999 194 175 162 140 162 194 197 224 249 268 287 308 295 324 334 371 361 329 336 313 287 246 248 172 186 189 249 367 385 384 427 536 511 519 404 337 263 210 188 200 229 265 289 368 359 407 460 525 588 569 472 466 407
