resultados/variables_norteamerica/bio10.asc
ncols 469
nrows 225
xllcorner -169.133333
yllcorner 20.675000
cellsize 0.249840
NODATA_value -9999
[rows 38 to 75 of 225, columns 255 to 339 of 469]
62 61 61 60 59 57 57 56 55 54 53 52 52 51 51 50 49 49 49 48 49 49 49 48 49 49 49 51 -9999 50 50 50 51 52 53 53 54 -9999 -9999 -9999 -9999 51 51 47 47 45 46 47 46 45 43 41 41 41 41 41 41 39 39 40 41 43 41 41 41 40 41 42 42 45 47 -9999 -9999 -9999 50 -9999 43 41 41 42 39 38 39 38 37
62 62 61 61 60 59 58 57 56 55 54 53 53 52 52 51 50 50 50 49 49 49 49 49 49 50 51 51 50 51 51 51 51 52 53 54 -9999 55 55 56 56 53 48 44 45 43 43 43 47 47 46 46 45 42 42 41 40 38 36 35 40 41 40 40 39 40 41 42 42 44 48 50 50 50 49 48 42 41 40 42 45 46 46 44 41
62 63 63 62 62 61 60 59 57 56 56 54 55 54 53 52 51 51 51 50 50 50 50 50 51 51 51 51 51 51 51 52 -9999 52 53 55 56 -9999 57 56 55 48 44 43 43 42 43 44 45 43 45 46 48 46 44 42 41 40 38 38 39 40 41 41 42 43 43 42 43 43 44 45 48 52 52 50 48 46 45 45 46 -9999 -9999 -9999 48
63 64 64 63 62 62 61 60 58 58 58 56 56 56 55 54 54 53 53 52 51 50 51 52 52 52 52 52 52 52 52 53 53 54 55 56 56 56 56 54 54 51 45 44 44 43 44 44 43 41 41 42 44 44 44 44 43 42 41 39 35 37 40 41 42 42 43 43 44 44 44 46 48 49 53 -9999 52 51 51 -9999 47 44 41 41 45
66 66 65 64 63 62 61 61 -9999 61 60 -9999 59 58 57 57 56 56 55 55 -9999 51 52 54 54 54 54 54 54 54 55 55 -9999 56 56 56 56 56 55 53 53 52 47 46 45 45 45 45 44 42 42 43 44 44 43 43 43 43 43 41 40 40 40 41 42 44 44 43 44 44 46 47 49 49 51 -9999 -9999 -9999 -9999 -9999 -9999 49 47 -9999 48
69 67 65 65 64 63 63 63 63 62 62 61 61 61 60 59 59 58 58 58 58 57 56 57 57 57 57 57 57 57 57 57 58 59 58 58 57 56 56 55 52 50 48 47 47 47 45 45 44 44 43 43 44 47 49 49 49 49 46 46 46 48 47 46 45 46 45 45 45 45 45 47 49 50 51 52 53 54 -9999 -9999 -9999 -9999 -9999 -9999 50
70 68 67 67 66 66 65 66 65 65 65 64 64 64 63 62 61 -9999 61 -9999 -9999 60 -9999 -9999 59 59 59 59 60 59 59 59 59 60 60 59 59 58 58 57 54 51 49 48 48 49 48 46 46 46 46 45 45 44 45 45 46 49 49 -9999 48 -9999 51 -9999 53 49 47 47 48 48 49 49 51 52 53 56 -9999 -9999 -9999 56 -9999 50 49 -9999 -9999
71 70 69 69 68 68 68 69 69 68 68 68 67 66 65 64 61 63 63 61 62 -9999 62 61 61 61 61 61 60 61 61 61 61 61 61 60 60 60 59 58 -9999 56 54 51 51 51 51 50 49 48 46 46 45 46 45 44 44 43 44 44 44 42 43 45 -9999 -9999 -9999 -9999 55 52 51 53 55 56 -9999 -9999 -9999 57 56 55 55 -9999 -9999 -9999 -9999
74 73 73 72 72 71 72 73 72 71 69 69 68 68 67 67 66 66 66 64 64 64 63 62 63 63 63 63 63 63 63 63 63 63 63 63 63 62 -9999 61 59 60 59 57 56 56 55 54 51 50 49 48 47 47 47 45 46 46 45 46 45 43 44 45 48 -9999 -9999 -9999 -9999 57 56 57 58 -9999 -9999 -9999 -9999 58 56 56 56 57 -9999 50 51
77 78 77 76 76 74 74 74 74 74 73 71 70 69 70 69 67 67 68 67 66 64 66 66 66 66 65 65 65 64 65 -9999 67 65 65 65 65 64 63 -9999 63 62 61 60 59 58 58 56 55 55 54 54 51 50 50 48 47 48 48 48 47 46 46 46 47 49 50 51 53 54 55 57 58 59 -9999 -9999 -9999 59 57 56 57 58 56 48 45
78 78 79 77 76 75 74 74 75 76 74 72 72 74 74 73 72 72 -9999 71 71 70 70 69 70 68 68 70 68 68 69 70 70 70 69 69 67 67 -9999 -9999 64 63 63 62 61 60 61 60 58 57 -9999 56 55 54 53 51 51 53 53 52 51 50 49 48 49 50 52 53 54 54 55 59 59 -9999 -9999 -9999 -9999 59 58 57 57 58 55 47 47
80 80 79 79 79 78 77 78 79 80 79 79 77 78 77 77 75 75 76 75 76 76 74 73 -9999 -9999 72 -9999 -9999 71 70 69 70 70 70 73 70 71 69 67 68 65 65 66 65 66 64 62 60 59 58 58 58 57 55 54 -9999 55 55 55 56 54 54 55 54 54 54 55 56 58 60 -9999 -9999 -9999 -9999 -9999 61 60 59 59 59 58 57 50 49
82 80 80 81 81 80 84 85 84 84 83 82 81 81 80 78 78 77 76 75 75 75 75 75 74 74 74 74 73 71 72 72 72 74 75 76 76 75 75 73 72 70 70 70 68 68 68 66 65 63 61 60 60 59 59 56 55 56 57 59 59 58 59 58 57 56 56 57 60 61 61 -9999 -9999 -9999 -9999 -9999 -9999 62 60 59 60 59 58 57 54
84 82 83 84 83 87 88 87 85 85 85 85 84 81 79 75 75 79 78 77 78 78 -9999 77 78 -9999 75 -9999 -9999 74 -9999 74 73 74 74 76 78 77 77 76 76 74 73 73 71 70 69 -9999 68 66 65 64 62 62 60 59 57 57 60 61 62 62 -9999 -9999 61 60 61 -9999 -9999 -9999 -9999 -9999 -9999 -9999 -9999 -9999 -9999 63 62 61 -9999 61 59 61 61
87 87 87 90 90 88 85 85 83 84 84 84 86 81 77 77 78 79 80 81 80 80 79 79 78 -9999 -9999 77 -9999 76 76 -9999 75 75 76 77 75 76 78 76 -9999 -9999 73 73 72 72 71 -9999 -9999 67 -9999 67 66 65 64 63 63 61 62 62 62 -9999 -9999 -9999 -9999 -9999 -9999 -9999 -9999 -9999 -9999 -9999 -9999 -9999 64 65 64 64 64 63 62 62 63 63 64
91 91 94 94 92 89 86 85 84 83 82 82 85 84 80 81 81 81 81 80 80 79 78 77 78 -9999 79 77 76 78 77 78 79 79 78 77 77 77 74 73 72 71 71 70 70 70 71 71 70 69 69 68 -9999 66 65 65 -9999 -9999 63 -9999 -9999 -9999 -9999 -9999 -9999 -9999 -9999 -9999 -9999 -9999 -9999 -9999 -9999 -9999 -9999 -9999 -9999 -9999 -9999 64 62 62 64 65 -9999
93 93 95 95 91 88 88 88 87 86 86 88 87 86 -9999 84 84 83 82 79 78 -9999 77 76 76 77 79 79 79 80 80 81 -9999 79 77 77 76 75 75 74 74 73 72 71 69 69 70 70 69 69 69 68 67 66 63 61 61 63 64 -9999 -9999 -9999 -9999 -9999 -9999 -9999 -9999 -9999 -9999 -9999 -9999 -9999 -9999 -9999 -9999 -9999 -9999 -9999 -9999 66 64 65 66 66 -9999
96 96 -9999 97 94 92 90 90 89 89 89 89 90 -9999 -9999 -9999 -9999 85 84 82 81 80 79 79 -9999 77 78 82 82 82 -9999 82 81 80 -9999 79 78 77 77 75 75 73 72 -9999 -9999 70 71 71 68 69 70 68 68 66 62 60 60 63 65 -9999 -9999 -9999 -9999 -9999 -9999 -9999 -9999 -9999 -9999 -9999 -9999 -9999 -9999 -9999 -9999 -9999 -9999 -9999 -9999 -9999 -9999 -9999 -9999 -9999 -9999
98 98 100 97 96 94 92 -9999 92 92 91 90 91 91 90 -9999 89 88 86 -9999 83 82 82 -9999 -9999 83 83 85 85 85 84 83 82 81 -9999 80 80 -9999 -9999 78 77 75 75 75 73 72 72 72 71 71 71 72 71 69 67 67 67 -9999 -9999 -9999 -9999 -9999 -9999 -9999 -9999 -9999 -9999 -9999 -9999 -9999 -9999 -9999 -9999 -9999 -9999 -9999 -9999 -9999 -9999 -9999 -9999 -9999 -9999 -9999 -9999
101 100 100 99 97 96 95 96 -9999 94 94 -9999 92 92 92 91 90 88 88 87 87 86 86 83 83 85 86 87 87 87 -9999 -9999 84 82 81 80 80 80 79 79 80 79 78 76 77 75 74 75 73 73 73 -9999 72 71 -9999 -9999 -9999 -9999 -9999 -9999 -9999 -9999 -9999 -9999 -9999 -9999 -9999 -9999 -9999 -9999 -9999 -9999 -9999 -9999 -9999 -9999 -9999 -9999 -9999 -9999 -9999 -9999 -9999 -9999 -9999
103 103 102 102 100 99 99 99 97 97 97 96 95 94 -9999 -9999 -9999 -9999 -9999 91 90 89 88 87 87 88 88 90 89 87 87 86 85 84 83 83 82 81 81 82 82 81 80 -9999 78 78 77 77 76 75 74 -9999 -9999 -9999 -9999 -9999 -9999 -9999 -9999 -9999 -9999 -9999 -9999 -9999 -9999 -9999 -9999 -9999 -9999 -9999 -9999 -9999 -9999 -9999 -9999 -9999 -9999 -9999 -9999 -9999 -9999 -9999 -9999 -9999 -9999
105 105 103 102 101 101 100 101 100 -9999 99 98 98 97 95 95 94 93 93 92 91 90 90 88 88 87 87 87 89 87 88 88 87 86 85 85 85 86 85 84 83 82 81 80 78 79 79 78 77 -9999 -9999 -9999 -9999 -9999 -9999 -9999 -9999 -9999 -9999 -9999 -9999 -9999 -9999 -9999 -9999 -9999 -9999 -9999 -9999 -9999 -9999 -9999 -9999 -9999 -9999 -9999 -9999 -9999 -9999 -9999 -9999 -9999 -9999 -9999 -9999
106 106 104 104 102 101 100 102 102 102 101 100 99 98 96 95 -9999 95 95 94 92 92 91 90 89 89 89 89 90 89 90 89 88 87 86 -9999 88 87 85 85 -9999 83 82 82 81 -9999 80 -9999 -9999 78 -9999 -9999 -9999 -9999 -9999 -9999 -9999 -9999 -9999 -9999 -9999 -9999 -9999 -9999 -9999 -9999 -9999 -9999 -9999 -9999 -9999 -9999 -9999 -9999 -9999 -9999 -9999 -9999 -9999 -9999 -9999 -9999 -9999 -9999 -9999
108 108 107 106 105 105 104 105 105 104 103 102 101 100 100 100 99 98 97 97 95 94 93 93 91 91 90 89 90 90 88 90 -9999 89 88 87 87 85 84 85 85 84 84 84 83 82 82 -9999 -9999 -9999 -9999 -9999 -9999 -9999 -9999 -9999 -9999 -9999 -9999 -9999 -9999 -9999 -9999 -9999 -9999 -9999 -9999 -9999 -9999 -9999 -9999 -9999 -9999 -9999 -9999 -9999 -9999 -9999 -9999 -9999 -9999 -9999 -9999 -9999 -9999
111 110 109 109 -9999 108 108 108 106 104 105 104 -9999 102 103 102 102 101 100 99 98 97 -9999 95 93 93 93 92 92 92 91 92 -9999 90 88 88 86 86 85 86 85 85 85 85 85 84 -9999 -9999 -9999 -9999 -9999 -9999 -9999 -9999 -9999 -9999 -9999 -9999 -9999 -9999 -9999 -9999 -9999 -9999 -9999 -9999 -9999 -9999 -9999 -9999 -9999 -9999 -9999 -9999 -9999 -9999 -9999 -9999 -9999 -9999 -9999 -9999 -9999 -9999 -9999
112 112 111 111 110 108 109 108 108 107 107 106 105 105 105 104 104 102 102 100 100 99 97 98 96 95 95 94 94 95 94 93 93 92 91 90 -9999 88 87 87 87 87 87 86 86 -9999 -9999 -9999 -9999 -9999 -9999 -9999 -9999 -9999 -9999 -9999 -9999 -9999 -9999 -9999 -9999 -9999 -9999 -9999 -9999 -9999 -9999 -9999 -9999 -9999 -9999 -9999 -9999 -9999 -9999 -9999 -9999 -9999 -9999 -9999 -9999 -9999 -9999 -9999 -9999
111 113 114 114 113 112 111 111 -9999 109 109 108 108 108 108 107 106 105 102 102 102 102 100 99 99 98 97 95 96 -9999 96 95 95 94 92 92 91 90 89 89 89 88 88 88 87 -9999 -9999 -9999 -9999 -9999 -9999 -9999 -9999 -9999 -9999 -9999 -9999 -9999 -9999 -9999 -9999 -9999 -9999 -9999 -9999 -9999 -9999 -9999 -9999 -9999 -9999 -9999 -9999 -9999 -9999 -9999 -9999 -9999 -9999 -9999 -9999 -9999 -9999 -9999 -9999
114 114 115 116 115 114 112 113 112 -9999 111 111 111 110 109 108 107 106 105 106 105 104 103 -9999 -9999 99 98 98 98 99 99 98 97 96 95 94 93 91 91 92 92 91 91 -9999 -9999 -9999 -9999 -9999 -9999 -9999 -9999 -9999 -9999 -9999 -9999 -9999 -9999 -9999 -9999 -9999 -9999 -9999 -9999 -9999 -9999 -9999 -9999 -9999 -9999 -9999 -9999 -9999 -9999 -9999 -9999 -9999 -9999 -9999 -9999 -9999 -9999 -9999 -9999 -9999 -9999
116 116 116 116 115 115 112 112 113 114 113 114 114 -9999 110 -9999 107 107 108 107 107 107 106 -9999 104 102 101 99 98 98 99 98 98 97 95 94 94 93 93 92 92 92 92 -9999 -9999 -9999 -9999 -9999 -9999 -9999 -9999 -9999 -9999 -9999 -9999 -9999 -9999 -9999 -9999 -9999 -9999 -9999 -9999 -9999 -9999 -9999 -9999 -9999 -9999 -9999 -9999 -9999 -9999 -9999 -9999 -9999 -9999 -9999 -9999 -9999 -9999 -9999 -9999 -9999 -9999
117 118 119 119 -9999 116 115 115 115 116 116 115 114 -9999 112 110 110 109 110 110 109 109 109 107 106 104 103 101 101 -9999 99 98 98 96 96 96 95 95 94 93 93 93 93 -9999 -9999 -9999 -9999 -9999 -9999 -9999 -9999 -9999 -9999 -9999 -9999 -9999 -9999 -9999 -9999 -9999 -9999 -9999 -9999 -9999 -9999 -9999 -9999 -9999 -9999 -9999 -9999 -9999 -9999 -9999 -9999 -9999 -9999 -9999 -9999 -9999 -9999 -9999 -9999 -9999 -9999
119 121 121 119 -9999 120 118 116 117 116 116 -9999 116 115 113 113 113 114 113 112 113 112 -9999 110 108 106 105 103 102 102 101 99 99 99 98 98 96 96 96 95 95 94 94 -9999 -9999 -9999 -9999 -9999 -9999 -9999 -9999 -9999 -9999 -9999 -9999 -9999 -9999 -9999 -9999 -9999 -9999 -9999 -9999 -9999 -9999 -9999 -9999 -9999 -9999 -9999 -9999 -9999 -9999 -9999 -9999 -9999 -9999 -9999 -9999 -9999 -9999 -9999 -9999 -9999 -9999
123 124 125 124 125 123 122 120 118 117 118 118 117 116 116 116 116 115 115 115 115 114 113 112 110 108 107 106 105 104 104 101 100 100 100 100 98 98 98 97 97 96 96 -9999 -9999 -9999 -9999 -9999 -9999 -9999 -9999 -9999 -9999 -9999 -9999 -9999 -9999 -9999 -9999 -9999 -9999 -9999 -9999 -9999 -9999 -9999 -9999 -9999 -9999 -9999 -9999 -9999 -9999 -9999 -9999 -9999 -9999 -9999 -9999 -9999 -9999 -9999 -9999 -9999 -9999
-9999 128 129 128 126 125 124 123 122 121 120 119 119 119 119 118 117 116 116 116 116 115 115 115 113 110 110 109 108 107 106 104 103 102 102 102 102 101 100 99 98 98 98 -9999 -9999 -9999 -9999 -9999 -9999 -9999 -9999 -9999 -9999 -9999 -9999 -9999 -9999 -9999 -9999 -9999 -9999 -9999 -9999 -9999 -9999 -9999 -9999 -9999 -9999 -9999 -9999 -9999 -9999 -9999 -9999 -9999 -9999 -9999 -9999 -9999 -9999 -9999 -9999 -9999 -9999
133 133 132 131 130 128 126 -9999 124 123 122 122 122 122 122 121 119 120 120 119 119 119 -9999 118 -9999 115 114 113 110 109 -9999 108 -9999 105 105 104 103 102 102 101 101 100 100 -9999 -9999 -9999 -9999 -9999 -9999 -9999 -9999 -9999 -9999 -9999 -9999 -9999 -9999 -9999 -9999 -9999 -9999 -9999 -9999 -9999 -9999 -9999 -9999 -9999 -9999 -9999 -9999 -9999 -9999 -9999 -9999 -9999 -9999 -9999 -9999 -9999 -9999 -9999 -9999 -9999 -9999
134 133 132 132 131 130 129 127 127 126 126 126 125 125 124 123 123 123 123 122 -9999 121 120 120 120 118 117 116 114 113 111 109 108 107 107 -9999 -9999 105 104 104 103 102 102 -9999 -9999 -9999 -9999 -9999 -9999 -9999 -9999 -9999 -9999 -9999 -9999 -9999 -9999 -9999 -9999 -9999 -9999 -9999 -9999 -9999 -9999 -9999 -9999 -9999 -9999 -9999 -9999 -9999 -9999 -9999 -9999 -9999 -9999 -9999 -9999 -9999 -9999 -9999 -9999 -9999 -9999
135 134 134 133 132 131 131 130 129 129 128 127 127 127 126 126 125 124 123 122 121 123 123 122 121 119 118 118 -9999 115 113 110 108 107 108 108 108 107 106 106 105 104 103 101 101 99 98 99 99 -9999 -9999 -9999 -9999 -9999 -9999 -9999 -9999 -9999 -9999 -9999 -9999 -9999 -9999 -9999 -9999 -9999 -9999 -9999 -9999 -9999 -9999 -9999 -9999 -9999 -9999 -9999 -9999 -9999 -9999 -9999 -9999 -9999 -9999 -9999 -9999
-9999 134 134 133 131 130 131 -9999 132 -9999 130 129 128 128 129 128 128 126 123 123 122 123 123 122 120 119 119 118 118 115 112 112 111 110 109 108 108 108 108 107 106 105 104 104 103 102 101 101 102 -9999 -9999 -9999 -9999 -9999 -9999 -9999 -9999 -9999 -9999 -9999 -9999 -9999 -9999 -9999 -9999 -9999 -9999 -9999 -9999 -9999 -9999 -9999 -9999 -9999 -9999 -9999 -9999 -9999 -9999 -9999 -9999 -9999 -9999 -9999 -9999
136 134 132 133 133 134 -9999 135 -9999 132 132 131 131 -9999 133 132 131 129 127 127 126 125 126 125 124 123 122 122 120 117 115 114 114 -9999 111 110 109 109 109 108 107 107 107 106 105 104 104 104 105 105 107 -9999 -9999 -9999 -9999 -9999 -9999 -9999 -9999 -9999 -9999 -9999 -9999 -9999 -9999 -9999 -9999 -9999 -9999 -9999 -9999 -9999 -9999 -9999 -9999 -9999 -9999 -9999 -9999 -9999 -9999 -9999 -9999 -9999 -9999
