resultados/variables_norteamerica/bio13.asc
ncols 469
nrows 225
xllcorner -169.133333
yllcorner 20.675000
cellsize 0.249840
NODATA_value -9999
[rows 39 to 77 of 225, columns 176 to 263 of 469]
41 41 41 41 41 40 40 40 41 41 41 40 40 40 40 40 40 40 40 40 40 40 40 39 40 40 40 40 40 42 43 44 44 44 44 43 44 44 44 46 46 45 43 42 41 40 38 37 36 35 35 35 36 35 35 35 34 34 34 34 33 33 33 33 33 31 31 -9999 -9999 -9999 -9999 -9999 31 31 32 32 32 32 32 32 32 32 32 31 31 31 31 30
42 42 42 42 42 42 41 41 41 42 41 41 41 40 40 40 40 -9999 -9999 -9999 -9999 -9999 -9999 -9999 -9999 41 41 41 42 42 43 43 44 44 43 43 44 44 43 44 -9999 44 44 42 42 41 39 -9999 38 38 37 37 36 37 36 35 35 34 34 34 34 34 34 33 33 33 33 32 -9999 -9999 -9999 -9999 31 32 32 32 32 33 33 33 33 32 32 32 32 31 31 31
44 43 43 43 43 42 42 42 41 41 -9999 -9999 -9999 -9999 -9999 -9999 -9999 -9999 -9999 -9999 40 41 41 41 41 41 41 41 -9999 40 41 41 42 42 43 43 44 -9999 44 43 43 42 42 42 42 41 40 40 39 39 39 38 38 37 37 37 37 37 37 36 36 36 35 34 34 34 34 34 34 33 -9999 32 -9999 33 34 34 34 34 34 34 33 33 33 33 33 32 32 32
44 44 44 43 43 -9999 -9999 -9999 -9999 -9999 -9999 -9999 -9999 -9999 -9999 -9999 -9999 -9999 -9999 -9999 -9999 41 41 41 41 41 40 -9999 -9999 -9999 41 42 42 42 44 44 44 45 46 44 43 42 41 41 41 41 41 40 40 38 39 40 39 39 39 38 38 38 38 38 38 37 36 35 35 35 35 35 35 35 34 33 33 35 35 35 35 35 35 34 34 34 34 34 34 33 33 -9999
-9999 -9999 45 44 44 44 44 43 43 43 43 43 43 42 42 -9999 -9999 -9999 -9999 -9999 -9999 -9999 -9999 -9999 -9999 -9999 -9999 -9999 -9999 41 41 42 42 43 44 44 45 46 46 45 44 43 42 41 41 41 41 41 40 39 39 39 39 39 39 38 39 40 40 40 40 40 39 37 37 36 36 36 36 36 36 35 35 34 35 35 35 35 35 35 35 35 35 35 35 34 34 33
47 46 46 46 45 44 44 44 44 44 44 -9999 -9999 -9999 -9999 -9999 -9999 -9999 -9999 -9999 -9999 -9999 -9999 -9999 -9999 -9999 -9999 41 -9999 41 42 42 42 43 43 44 45 45 45 45 45 44 43 42 41 42 42 42 43 42 41 -9999 41 41 40 -9999 40 40 40 41 41 41 40 39 38 37 38 37 38 37 37 36 36 36 35 36 36 36 36 36 36 36 35 35 35 35 34 34
49 48 46 46 45 45 45 45 44 -9999 -9999 -9999 -9999 -9999 -9999 -9999 -9999 43 42 -9999 -9999 41 42 42 42 42 42 42 42 42 42 42 42 44 44 45 45 45 45 45 45 45 45 -9999 43 43 42 43 43 41 41 41 41 41 41 42 41 41 -9999 41 41 41 41 40 39 39 39 39 38 37 37 37 37 37 37 37 37 37 37 36 37 36 36 36 36 35 35 34
49 48 48 47 46 46 46 46 45 -9999 -9999 -9999 -9999 -9999 -9999 43 44 43 43 -9999 -9999 -9999 -9999 42 42 42 42 42 42 42 42 42 42 43 43 44 44 44 44 45 46 45 45 45 -9999 -9999 -9999 -9999 43 41 41 41 41 41 42 42 42 42 -9999 42 41 41 41 41 40 40 40 39 38 38 37 37 37 37 37 37 37 37 37 37 37 37 37 36 36 35 35 35
49 49 48 48 47 46 46 45 -9999 -9999 -9999 -9999 -9999 -9999 43 43 43 -9999 -9999 42 43 43 43 43 42 41 -9999 41 41 42 42 42 42 43 43 43 44 44 44 44 45 46 45 45 44 43 43 43 43 43 42 42 42 42 42 42 43 43 -9999 43 42 41 41 41 40 40 40 40 39 38 -9999 38 38 38 38 38 38 38 38 37 37 37 37 36 37 36 36 35
49 49 49 49 48 47 47 46 46 45 45 45 44 44 43 -9999 43 43 43 44 44 45 45 46 45 43 -9999 -9999 41 41 42 42 43 43 43 43 43 43 43 44 44 44 45 45 45 44 44 44 43 -9999 43 42 42 42 43 43 43 43 43 43 42 -9999 41 41 41 41 -9999 40 40 39 39 39 39 39 39 39 39 39 38 38 38 38 38 38 38 37 37 36
51 50 51 50 49 49 48 47 46 46 45 45 44 44 44 44 44 44 44 44 44 45 44 44 44 43 42 42 41 41 41 41 -9999 43 43 43 43 43 43 43 43 43 44 44 44 44 44 44 43 44 44 43 43 43 43 43 43 43 -9999 43 42 42 42 41 41 40 40 40 40 40 40 40 40 40 40 39 39 39 39 39 39 39 39 38 38 38 37 36
52 51 50 51 52 50 49 48 47 46 46 46 -9999 44 44 44 44 44 44 44 45 45 45 44 43 43 43 43 42 42 41 41 42 43 43 43 43 43 44 43 43 43 43 43 44 44 44 44 44 44 44 44 44 43 43 43 43 43 43 42 42 42 42 41 41 41 41 41 41 41 41 41 40 40 40 40 40 41 40 40 40 40 39 39 39 37 37 37
54 52 51 50 51 51 52 49 -9999 48 48 47 46 45 -9999 44 44 44 -9999 44 44 44 44 43 43 43 43 43 42 42 41 41 42 43 43 43 43 44 43 43 43 43 43 43 43 44 43 44 44 44 44 45 44 44 43 43 43 43 43 42 43 42 42 41 41 41 41 41 41 41 41 -9999 41 41 41 41 41 41 41 41 41 40 40 40 38 38 38 38
55 53 52 51 50 51 52 51 -9999 49 49 48 47 -9999 -9999 46 44 44 44 44 44 44 44 45 46 45 42 42 42 42 41 41 41 41 42 43 -9999 43 43 43 43 -9999 43 43 43 43 43 43 43 44 -9999 44 44 45 -9999 -9999 44 44 43 43 43 43 42 42 41 42 42 42 42 42 -9999 42 42 42 42 42 42 42 42 42 41 41 40 40 39 40 40 40
57 55 54 53 53 51 53 54 52 52 51 49 49 49 48 47 46 45 45 45 45 45 44 44 44 42 42 41 -9999 41 42 42 41 41 42 42 43 43 43 43 43 43 43 43 42 42 42 43 44 45 44 45 45 45 45 45 44 44 44 44 43 43 44 43 42 -9999 43 42 42 42 42 42 42 43 43 43 42 42 42 42 42 41 40 40 41 41 41 41
61 60 57 57 57 54 53 57 55 54 53 51 50 49 49 48 47 46 46 45 46 44 43 43 42 42 -9999 -9999 -9999 41 41 41 41 41 41 41 43 42 42 42 43 43 43 42 42 42 42 42 43 43 44 -9999 45 45 45 46 -9999 43 -9999 44 43 44 44 43 42 42 42 -9999 43 43 43 43 43 43 43 44 44 44 43 43 43 42 41 42 43 42 42 42
63 63 60 60 58 57 56 54 56 54 54 53 52 51 50 50 49 47 47 46 45 44 43 43 42 42 42 41 41 41 41 41 41 41 41 41 41 -9999 41 41 42 42 42 42 42 42 42 -9999 42 42 43 44 44 45 45 45 45 43 43 43 42 43 42 42 42 42 42 43 -9999 44 44 44 44 44 44 44 44 44 44 44 43 -9999 42 43 43 44 44 44
67 66 64 61 60 61 59 56 56 57 56 -9999 54 52 50 49 48 47 47 46 45 44 44 43 43 42 42 42 41 -9999 41 41 41 41 41 -9999 41 41 41 41 41 42 42 41 42 42 42 42 42 42 42 43 43 43 -9999 44 42 -9999 -9999 -9999 -9999 -9999 41 41 41 42 43 44 43 44 44 44 45 45 45 45 45 46 45 45 44 44 44 44 45 45 -9999 45
73 71 67 65 65 63 61 58 58 58 57 56 54 52 51 50 49 49 48 48 47 47 46 45 44 43 42 42 41 41 41 41 41 41 41 41 41 41 -9999 -9999 41 41 42 41 41 41 -9999 41 41 42 42 42 42 43 -9999 -9999 -9999 -9999 -9999 -9999 41 -9999 42 42 43 43 43 43 44 44 45 45 45 -9999 46 46 46 46 46 46 46 45 45 46 46 46 46 -9999
74 73 72 68 67 65 63 60 60 59 59 59 57 54 53 53 52 52 52 53 54 53 53 52 51 48 45 43 42 41 41 41 41 40 40 41 41 41 41 -9999 -9999 40 41 40 40 40 40 40 -9999 40 41 42 42 -9999 -9999 -9999 43 43 -9999 -9999 43 43 43 43 43 43 44 45 45 -9999 46 46 46 47 47 47 -9999 47 47 47 47 46 46 47 47 47 47 48
77 76 75 72 72 69 65 65 62 61 60 59 57 55 54 53 53 53 53 55 56 55 54 53 52 51 48 46 45 42 41 41 41 41 -9999 41 41 41 41 41 41 -9999 -9999 -9999 -9999 -9999 -9999 40 40 -9999 -9999 -9999 -9999 42 -9999 43 43 43 43 44 43 44 44 44 45 45 45 45 46 46 47 47 47 48 48 48 48 49 48 48 48 48 48 49 49 49 49 49
81 80 77 73 73 70 67 69 66 65 64 64 61 57 56 54 53 52 51 51 51 50 49 49 47 46 45 44 43 42 42 42 42 42 42 42 42 42 41 41 41 41 -9999 -9999 -9999 -9999 -9999 -9999 -9999 -9999 -9999 -9999 -9999 43 44 44 44 44 44 44 44 44 44 45 45 45 46 47 47 47 47 48 48 49 49 50 50 50 50 50 49 50 50 51 51 52 51 51
80 82 83 78 77 73 72 73 69 67 66 63 61 59 57 56 55 53 53 52 51 50 50 49 48 47 46 -9999 43 43 43 43 43 43 43 43 43 -9999 -9999 -9999 -9999 -9999 -9999 -9999 -9999 -9999 -9999 -9999 -9999 -9999 -9999 43 44 44 45 45 46 45 45 45 45 45 45 -9999 46 47 47 48 48 48 48 49 49 50 50 51 51 51 -9999 51 51 51 52 52 53 53 52 52
81 80 79 80 76 74 76 74 70 69 66 65 63 61 60 59 57 56 54 53 52 51 50 49 48 47 46 45 44 -9999 43 43 44 43 43 43 -9999 -9999 -9999 -9999 -9999 -9999 -9999 -9999 -9999 -9999 -9999 41 42 43 44 45 45 46 46 46 46 47 -9999 46 46 46 46 47 47 48 48 48 49 50 50 50 51 51 52 52 52 52 52 52 52 53 53 -9999 54 54 54 54
80 81 85 82 80 78 -9999 74 72 70 70 69 67 66 64 62 60 59 57 56 54 53 52 51 50 49 49 48 47 46 45 45 -9999 -9999 -9999 -9999 -9999 -9999 -9999 -9999 -9999 -9999 -9999 -9999 -9999 -9999 42 43 44 45 45 46 47 47 48 48 48 48 48 48 -9999 47 47 47 49 48 49 49 50 50 51 52 52 53 53 54 54 54 54 54 54 55 55 56 56 56 56 57
84 84 87 84 83 80 77 76 75 76 75 74 71 69 67 65 63 62 60 59 57 56 55 54 53 52 51 50 49 48 -9999 47 48 47 47 47 -9999 -9999 -9999 -9999 45 46 46 45 45 44 44 45 46 46 47 47 48 48 49 50 50 49 -9999 49 49 49 48 49 49 49 49 50 50 51 52 53 53 54 55 55 56 56 56 56 56 56 57 57 58 58 59 -9999
83 84 88 86 83 85 81 79 79 78 77 75 73 72 69 67 65 64 64 63 63 59 57 56 54 53 52 52 51 -9999 -9999 50 50 50 49 49 49 49 48 48 48 48 48 47 47 47 47 48 48 49 49 50 50 50 50 51 51 51 51 50 50 50 50 51 51 50 50 51 51 52 53 54 55 55 56 57 57 57 58 58 58 58 59 59 60 61 61 61
81 83 86 86 84 83 83 82 80 78 77 75 74 73 71 70 68 67 67 66 64 61 60 59 58 57 55 55 55 55 56 56 54 52 51 51 51 51 50 50 50 50 50 50 49 49 49 50 50 50 51 51 52 52 52 53 53 53 52 52 52 52 52 52 52 52 52 52 52 53 55 55 56 57 58 58 59 59 59 59 60 61 61 62 63 64 64 63
83 83 83 83 83 83 85 84 82 80 78 76 75 73 72 72 70 69 68 66 64 63 63 63 62 62 61 60 61 61 61 60 54 53 53 53 53 53 53 53 53 52 52 52 52 52 52 52 53 53 53 54 54 55 54 54 54 55 54 54 54 54 53 53 53 53 53 53 54 55 55 56 57 58 59 60 -9999 -9999 61 61 62 63 63 -9999 66 67 67 66
84 82 81 82 83 83 84 84 83 81 79 78 76 74 73 71 70 69 67 66 65 65 65 64 63 62 62 63 -9999 61 60 56 54 55 55 55 55 55 56 56 56 55 55 55 55 55 55 55 55 56 56 56 57 57 56 56 56 56 56 56 56 55 55 54 54 53 54 54 55 -9999 56 57 58 59 60 61 62 63 63 63 64 65 66 -9999 68 69 69 69
85 83 83 81 81 83 84 83 83 82 81 80 78 77 74 72 71 70 68 67 67 67 67 65 64 66 63 62 63 60 57 56 56 57 57 58 59 62 63 66 65 63 62 59 57 57 57 58 58 58 59 59 59 59 58 58 58 58 58 58 57 56 -9999 -9999 54 54 54 55 56 56 58 58 59 60 61 62 63 64 64 64 65 67 68 69 70 71 72 72
82 82 83 82 82 82 82 82 81 80 80 79 79 78 77 75 74 73 72 68 67 68 68 66 66 65 64 61 60 58 58 58 58 59 60 63 66 67 68 68 68 67 66 67 64 59 59 60 60 60 61 61 61 61 60 60 60 60 60 59 58 57 -9999 -9999 -9999 54 -9999 -9999 -9999 -9999 -9999 58 58 59 60 62 63 64 64 -9999 66 68 70 72 73 74 75 74
84 83 82 83 83 84 83 81 81 80 78 78 78 78 78 -9999 -9999 74 73 69 67 67 66 65 63 62 61 61 60 59 59 60 60 61 64 68 68 70 70 70 70 69 68 70 68 62 61 61 62 62 62 63 62 62 62 62 62 62 -9999 -9999 -9999 -9999 -9999 59 59 59 59 59 60 61 61 61 62 62 62 62 63 64 65 67 69 70 72 75 76 78 -9999 77
83 87 84 82 83 82 81 80 80 80 79 78 78 78 77 76 75 73 71 69 68 66 65 64 63 62 62 61 61 61 61 61 61 62 64 65 67 69 71 71 72 70 66 66 63 63 63 63 64 64 64 64 64 64 64 64 64 -9999 -9999 -9999 62 62 62 62 62 62 62 62 63 64 65 66 66 67 66 66 66 65 67 70 72 74 76 78 80 81 81 80
84 88 87 85 84 82 83 82 81 80 79 79 78 78 77 76 74 73 71 70 69 68 68 68 67 65 64 63 63 63 63 62 61 61 62 62 63 63 64 65 65 65 64 64 64 65 65 66 66 66 66 -9999 -9999 66 66 66 66 66 65 65 65 65 65 -9999 65 65 66 66 67 68 69 70 70 70 70 70 69 69 70 73 75 77 79 82 84 85 85 83
86 89 88 85 84 82 84 84 81 80 82 80 79 78 78 76 75 74 73 72 71 71 70 69 69 68 67 65 64 63 62 62 62 62 62 63 63 64 64 64 65 65 66 66 66 67 67 68 68 69 69 69 -9999 69 69 68 -9999 68 68 68 67 67 67 68 69 69 70 70 71 71 72 73 74 74 73 72 71 72 74 -9999 78 80 82 85 88 89 -9999 85
84 84 87 86 85 83 82 84 83 81 84 83 82 80 78 78 76 75 75 74 74 74 73 72 72 69 68 67 65 64 63 63 63 63 64 65 65 65 66 66 67 68 68 69 69 70 71 74 76 77 78 78 74 71 71 71 71 71 71 71 71 71 72 72 72 72 73 73 74 75 76 76 76 76 75 75 75 76 77 79 81 83 85 87 88 -9999 89 -9999
80 -9999 84 85 84 83 83 82 82 83 85 84 83 82 81 80 79 77 77 76 76 77 78 75 72 70 69 68 67 65 64 63 63 65 68 71 74 74 72 69 69 70 71 72 73 75 77 80 81 81 81 82 83 77 74 73 73 73 73 73 74 74 75 75 75 75 75 76 77 78 79 80 79 79 79 78 79 79 81 82 83 84 86 87 88 89 88 -9999
74 77 82 84 85 84 85 85 84 86 86 86 86 86 84 83 81 80 79 78 79 78 78 75 73 72 73 72 71 71 68 66 64 65 67 70 72 74 74 71 72 74 75 76 78 80 81 82 83 84 84 85 85 79 76 76 75 75 76 77 77 77 77 76 76 76 77 78 79 81 82 83 83 82 -9999 81 81 82 82 83 83 84 85 86 87 88 87 85
