resultados/variables_norteamerica/bio10.asc
ncols 469
nrows 225
xllcorner -169.133333
yllcorner 20.675000
cellsize 0.249840
NODATA_value -9999
[rows 114 to 151 of 225, columns 340 to 424 of 469]
151 151 152 151 152 151 151 150 152 152 152 153 153 153 152 154 156 158 159 160 159 158 156 155 153 150 149 150 150 150 150 151 151 152 152 152 151 149 148 146 145 145 145 149 154 159 161 162 161 159 159 160 163 163 158 156 154 -9999 -9999 -9999 -9999 151 149 144 142 140 145 149 146 144 147 147 150 156 153 148 149 153 -9999 -9999 -9999 -9999 -9999 -9999 -9999
149 149 150 151 153 151 151 152 151 152 152 152 152 153 154 156 158 160 161 162 160 159 157 156 -9999 152 151 151 151 151 150 149 151 152 152 153 150 148 146 144 143 146 147 153 159 163 162 161 158 156 150 145 147 149 149 145 153 155 -9999 -9999 154 150 151 146 145 145 146 148 152 154 -9999 -9999 -9999 -9999 -9999 160 -9999 -9999 -9999 -9999 -9999 -9999 -9999 -9999 -9999
148 149 151 153 153 153 153 153 153 152 153 153 153 155 157 159 161 165 165 163 162 160 158 157 156 154 153 152 151 152 153 154 153 153 154 153 150 149 146 144 144 147 151 157 163 167 165 161 158 154 145 139 135 139 142 152 152 -9999 162 156 153 155 153 149 147 148 150 152 154 157 154 156 162 166 -9999 -9999 167 166 -9999 -9999 -9999 -9999 -9999 -9999 -9999
147 150 151 153 154 153 154 155 155 154 153 153 155 156 156 160 163 167 171 167 163 160 159 157 157 156 155 154 155 156 156 153 154 154 155 156 154 150 147 146 146 148 152 160 164 167 163 163 158 152 144 139 137 140 157 158 -9999 -9999 159 154 156 157 157 156 153 153 156 153 155 154 156 155 161 167 169 168 168 -9999 -9999 -9999 -9999 -9999 -9999 -9999 -9999
149 150 151 153 155 155 155 157 158 155 153 154 156 157 159 163 165 167 169 169 164 160 157 157 157 157 157 157 157 158 158 156 157 157 157 157 155 154 151 150 149 152 154 157 164 167 166 165 159 152 147 147 142 145 -9999 -9999 166 161 154 157 158 159 161 163 162 160 157 157 157 153 152 156 163 170 170 171 -9999 -9999 -9999 -9999 -9999 -9999 -9999 -9999 -9999
149 150 152 155 156 157 157 157 157 156 155 156 159 163 166 167 168 169 169 170 166 163 161 160 160 160 158 160 159 160 161 160 161 162 163 161 159 156 152 150 151 154 154 158 164 168 169 168 163 160 160 160 157 165 -9999 167 160 160 159 161 161 159 163 165 165 164 162 163 157 155 157 160 167 173 174 175 175 174 -9999 -9999 -9999 -9999 -9999 -9999 -9999
153 154 157 158 158 158 157 157 157 157 157 160 165 169 -9999 171 171 171 170 170 169 166 164 162 161 162 161 162 163 163 163 164 166 166 163 164 161 156 154 153 155 157 158 161 166 172 173 175 175 175 174 -9999 178 175 167 159 160 163 163 162 159 161 164 166 170 169 166 164 158 158 161 166 172 174 175 174 175 176 -9999 171 -9999 -9999 -9999 -9999 -9999
160 160 161 162 162 161 161 160 160 160 160 167 173 175 175 175 174 173 170 168 169 168 164 163 163 165 165 168 169 167 166 167 168 167 166 166 164 165 159 157 157 156 158 164 172 178 180 182 -9999 179 177 176 175 168 160 157 163 162 161 163 161 162 165 166 168 171 168 163 164 164 167 170 171 172 172 174 175 175 -9999 -9999 172 172 -9999 -9999 -9999
167 168 -9999 170 168 167 166 165 164 164 165 169 174 177 178 178 178 177 -9999 173 171 170 167 167 167 169 170 172 173 173 171 171 171 170 169 166 170 170 162 157 160 162 167 176 181 -9999 185 183 180 177 173 168 164 168 165 162 161 160 163 165 165 167 166 166 167 172 173 168 167 168 172 171 170 170 172 172 173 174 -9999 -9999 -9999 -9999 170 170 171
171 -9999 -9999 -9999 -9999 -9999 -9999 -9999 -9999 167 -9999 170 174 177 178 178 178 176 174 171 168 166 165 165 169 173 178 179 178 178 175 174 175 174 172 171 173 173 171 164 166 172 181 187 189 188 185 183 179 171 165 164 165 167 167 160 159 160 165 166 161 164 169 171 171 173 173 172 172 173 174 174 174 172 171 172 173 173 172 169 170 -9999 -9999 -9999 -9999
-9999 -9999 -9999 -9999 -9999 -9999 -9999 169 167 167 -9999 -9999 -9999 -9999 178 178 177 175 172 -9999 165 165 164 164 166 172 177 183 187 187 182 179 179 176 178 176 179 178 175 173 180 186 190 191 190 189 185 181 177 170 165 167 164 162 163 156 160 164 165 165 167 170 176 174 175 174 172 172 171 172 176 175 174 169 169 169 167 166 170 168 167 169 169 169 168
-9999 -9999 -9999 -9999 -9999 -9999 -9999 -9999 169 168 -9999 -9999 -9999 -9999 -9999 179 177 175 173 -9999 167 164 164 164 164 169 177 182 187 189 189 187 185 184 188 189 189 189 188 189 190 193 195 193 191 189 184 178 175 170 167 162 157 161 156 160 158 164 165 161 168 176 178 177 176 175 175 172 169 168 168 166 167 166 163 162 164 -9999 169 168 165 165 164 163 162
182 179 179 -9999 -9999 -9999 -9999 -9999 -9999 -9999 168 170 -9999 -9999 -9999 -9999 180 176 173 173 -9999 169 166 165 165 169 174 177 180 185 187 187 188 192 193 192 192 191 191 192 193 195 196 195 193 189 181 175 175 172 163 156 152 150 154 160 164 164 168 173 176 178 178 177 176 176 177 172 167 164 160 160 -9999 159 -9999 -9999 -9999 -9999 -9999 171 -9999 170 168 166 163
182 181 181 -9999 -9999 -9999 -9999 -9999 -9999 -9999 -9999 171 -9999 -9999 -9999 -9999 -9999 178 175 173 173 173 172 169 169 172 174 176 180 181 184 186 188 191 193 192 192 193 -9999 193 191 190 193 195 194 185 175 179 174 163 159 154 152 153 155 154 167 171 174 179 180 182 180 177 176 177 175 171 -9999 163 -9999 -9999 -9999 -9999 -9999 -9999 -9999 173 172 172 174 169 169 167 163
180 181 182 182 -9999 -9999 -9999 -9999 -9999 -9999 -9999 -9999 174 -9999 -9999 -9999 180 181 179 177 177 177 177 175 175 176 178 179 182 183 185 187 189 191 193 192 191 191 188 179 172 175 188 -9999 188 180 169 175 167 161 159 154 162 158 158 169 175 182 184 185 184 186 182 180 177 175 172 168 -9999 -9999 -9999 -9999 -9999 -9999 161 163 167 168 166 166 167 166 168 165 -9999
180 182 184 184 -9999 -9999 -9999 -9999 -9999 -9999 -9999 -9999 176 175 176 -9999 -9999 181 179 -9999 181 -9999 181 180 -9999 182 184 186 186 185 186 188 190 191 192 190 185 178 172 168 167 176 188 -9999 190 174 175 170 170 165 171 163 162 167 176 178 182 188 191 186 185 186 183 183 179 175 -9999 -9999 -9999 -9999 -9999 -9999 -9999 -9999 153 156 160 164 163 164 -9999 165 -9999 -9999 -9999
184 185 -9999 -9999 -9999 -9999 -9999 -9999 -9999 -9999 180 178 178 175 171 169 180 183 184 186 184 184 182 183 183 186 189 190 189 187 187 -9999 191 191 190 185 177 170 168 166 162 165 180 196 186 172 175 169 177 176 166 151 165 179 182 186 189 191 191 188 187 -9999 -9999 -9999 -9999 -9999 -9999 -9999 -9999 -9999 -9999 -9999 146 146 146 150 152 153 155 -9999 -9999 -9999 -9999 -9999 -9999
189 189 -9999 -9999 -9999 -9999 -9999 -9999 -9999 -9999 182 180 178 175 170 171 176 185 186 186 187 187 184 183 183 188 -9999 193 190 191 -9999 -9999 191 190 185 179 168 165 163 161 155 157 179 197 181 166 170 168 179 164 155 162 180 185 187 191 192 192 191 -9999 -9999 -9999 -9999 -9999 -9999 -9999 -9999 -9999 -9999 -9999 -9999 -9999 145 145 143 143 144 145 -9999 -9999 -9999 -9999 -9999 -9999 -9999
196 -9999 -9999 195 192 189 -9999 -9999 -9999 -9999 184 181 179 175 174 174 177 187 193 196 -9999 -9999 -9999 -9999 -9999 -9999 -9999 -9999 -9999 -9999 -9999 -9999 189 177 176 178 166 162 158 158 164 175 182 198 185 169 175 177 174 173 -9999 176 183 185 188 192 -9999 -9999 -9999 -9999 -9999 -9999 -9999 -9999 -9999 -9999 -9999 -9999 -9999 -9999 -9999 -9999 -9999 -9999 139 139 140 -9999 -9999 -9999 -9999 -9999 -9999 -9999 -9999
204 205 202 198 195 193 -9999 -9999 -9999 -9999 186 183 181 180 181 182 185 193 -9999 -9999 -9999 -9999 -9999 -9999 -9999 -9999 -9999 -9999 -9999 -9999 -9999 -9999 190 179 171 178 169 160 156 162 166 182 189 200 189 171 175 183 178 179 183 183 184 189 194 196 -9999 -9999 -9999 -9999 -9999 -9999 -9999 -9999 -9999 -9999 -9999 -9999 -9999 -9999 -9999 -9999 -9999 -9999 134 135 -9999 -9999 -9999 -9999 -9999 -9999 -9999 -9999 -9999
206 206 203 201 199 198 197 -9999 -9999 194 190 186 184 184 186 189 193 199 -9999 -9999 206 206 204 201 199 203 -9999 203 203 202 199 198 196 191 189 186 180 169 167 173 176 188 200 194 179 172 182 184 182 187 190 187 190 195 -9999 -9999 -9999 -9999 -9999 -9999 -9999 -9999 -9999 -9999 -9999 -9999 -9999 -9999 -9999 -9999 -9999 -9999 -9999 -9999 -9999 -9999 -9999 -9999 -9999 -9999 -9999 -9999 -9999 -9999 -9999
202 204 204 203 203 202 202 -9999 197 194 192 189 188 188 191 193 195 196 196 198 -9999 202 201 197 198 201 203 202 202 203 201 199 198 192 191 191 189 189 185 188 189 199 200 192 173 175 185 183 182 190 194 194 196 -9999 -9999 -9999 -9999 -9999 -9999 -9999 -9999 -9999 -9999 -9999 -9999 -9999 -9999 -9999 -9999 -9999 -9999 -9999 -9999 -9999 -9999 -9999 -9999 -9999 -9999 -9999 -9999 -9999 -9999 -9999 -9999
201 203 204 205 208 208 207 204 201 197 193 189 189 191 193 194 -9999 -9999 -9999 -9999 -9999 197 191 186 190 198 193 195 198 202 196 189 185 179 180 178 177 180 189 192 196 204 199 190 174 176 188 185 183 188 198 202 204 203 -9999 -9999 -9999 -9999 -9999 -9999 -9999 -9999 -9999 -9999 -9999 -9999 -9999 -9999 -9999 -9999 -9999 -9999 -9999 -9999 -9999 -9999 -9999 -9999 -9999 -9999 -9999 -9999 -9999 -9999 -9999
203 204 207 211 214 213 211 210 207 202 197 -9999 -9999 -9999 197 -9999 -9999 -9999 -9999 -9999 196 189 181 178 184 188 182 183 192 194 195 187 185 181 179 179 178 175 175 181 186 204 195 184 179 185 194 189 185 192 201 205 206 206 -9999 -9999 -9999 -9999 -9999 -9999 -9999 -9999 -9999 -9999 -9999 -9999 -9999 -9999 -9999 -9999 -9999 -9999 -9999 -9999 -9999 -9999 -9999 -9999 -9999 -9999 -9999 -9999 -9999 -9999 -9999
204 206 211 215 214 213 214 214 -9999 -9999 -9999 -9999 -9999 -9999 -9999 -9999 -9999 -9999 192 189 186 179 174 174 179 176 179 183 184 187 186 186 189 188 182 179 174 171 170 173 187 205 193 186 182 192 201 194 191 196 201 205 208 208 -9999 -9999 -9999 -9999 -9999 -9999 -9999 -9999 -9999 -9999 -9999 -9999 -9999 -9999 -9999 -9999 -9999 -9999 -9999 -9999 -9999 -9999 -9999 -9999 -9999 -9999 -9999 -9999 -9999 -9999 -9999
205 208 213 216 213 212 214 -9999 -9999 -9999 -9999 -9999 -9999 -9999 -9999 -9999 198 191 188 188 184 176 174 175 175 175 176 183 186 190 189 189 189 188 183 180 176 173 166 175 195 204 192 189 187 202 210 196 195 198 203 205 207 207 -9999 -9999 -9999 -9999 -9999 -9999 -9999 -9999 -9999 -9999 -9999 -9999 -9999 -9999 -9999 -9999 -9999 -9999 -9999 -9999 -9999 -9999 -9999 -9999 -9999 -9999 -9999 -9999 -9999 -9999 -9999
208 212 217 -9999 -9999 -9999 -9999 -9999 -9999 -9999 -9999 -9999 202 200 198 196 193 189 186 186 182 174 172 176 177 175 178 181 183 185 191 191 189 186 180 180 184 182 187 195 207 204 195 190 196 208 208 197 198 200 203 208 209 208 202 -9999 191 -9999 -9999 -9999 -9999 -9999 -9999 -9999 -9999 -9999 -9999 -9999 -9999 -9999 -9999 -9999 -9999 -9999 -9999 -9999 -9999 -9999 -9999 -9999 -9999 -9999 -9999 -9999 -9999
212 214 219 219 -9999 -9999 -9999 -9999 -9999 -9999 209 202 198 200 197 195 193 190 188 186 182 177 175 179 182 182 182 185 184 184 184 185 191 195 185 184 189 191 198 209 210 206 201 202 202 210 207 201 203 201 202 -9999 212 -9999 201 -9999 -9999 -9999 -9999 -9999 -9999 -9999 -9999 -9999 -9999 -9999 -9999 -9999 -9999 -9999 -9999 -9999 -9999 -9999 -9999 -9999 -9999 -9999 -9999 -9999 -9999 -9999 -9999 -9999 -9999
214 214 216 217 216 214 211 210 212 210 208 204 203 204 201 198 195 195 191 189 186 184 181 182 185 188 191 195 200 200 190 185 192 196 183 182 186 196 204 208 210 212 207 207 210 -9999 -9999 -9999 -9999 -9999 -9999 -9999 -9999 -9999 -9999 -9999 -9999 -9999 -9999 -9999 -9999 -9999 -9999 -9999 -9999 -9999 -9999 -9999 -9999 -9999 -9999 -9999 -9999 -9999 -9999 -9999 -9999 -9999 -9999 -9999 -9999 -9999 -9999 -9999 -9999
215 215 216 216 213 210 207 205 206 206 208 207 206 205 203 201 197 196 196 193 190 189 184 186 190 195 203 198 203 210 203 200 195 187 184 194 199 200 199 207 218 -9999 214 -9999 -9999 -9999 -9999 -9999 -9999 203 -9999 -9999 -9999 -9999 -9999 -9999 -9999 -9999 -9999 -9999 -9999 -9999 -9999 -9999 -9999 -9999 -9999 -9999 -9999 -9999 -9999 -9999 -9999 -9999 -9999 -9999 -9999 -9999 -9999 -9999 -9999 -9999 -9999 -9999 -9999
217 216 216 215 212 207 204 204 205 206 209 208 205 204 205 205 203 201 200 197 195 191 189 186 194 202 202 204 211 211 204 196 193 200 208 208 207 201 206 218 229 229 221 219 216 -9999 -9999 -9999 -9999 -9999 -9999 -9999 -9999 -9999 -9999 -9999 -9999 -9999 -9999 -9999 -9999 -9999 -9999 -9999 -9999 -9999 -9999 -9999 -9999 -9999 -9999 -9999 -9999 -9999 -9999 -9999 -9999 -9999 -9999 -9999 -9999 -9999 -9999 -9999 -9999
216 215 216 215 212 207 203 203 205 207 209 209 207 207 207 208 209 207 203 202 197 190 189 198 207 209 211 213 216 213 207 207 208 211 215 216 214 215 218 224 -9999 -9999 -9999 -9999 -9999 -9999 -9999 -9999 -9999 -9999 -9999 -9999 -9999 -9999 -9999 -9999 -9999 -9999 -9999 -9999 -9999 -9999 -9999 -9999 -9999 -9999 -9999 -9999 -9999 -9999 -9999 -9999 -9999 -9999 -9999 -9999 -9999 -9999 -9999 -9999 -9999 -9999 -9999 -9999 -9999
216 214 213 215 214 210 207 207 209 212 211 210 209 209 209 206 210 211 206 201 194 191 193 204 206 211 210 216 220 223 220 216 216 216 218 220 222 223 222 222 221 -9999 -9999 -9999 -9999 -9999 -9999 -9999 -9999 -9999 -9999 -9999 -9999 -9999 -9999 -9999 -9999 -9999 -9999 -9999 -9999 -9999 -9999 -9999 -9999 -9999 -9999 -9999 -9999 -9999 -9999 -9999 -9999 -9999 -9999 -9999 -9999 -9999 -9999 -9999 -9999 -9999 -9999 -9999 -9999
220 216 214 216 218 216 213 212 213 214 214 211 208 210 207 205 209 211 203 189 186 187 205 205 207 211 218 215 222 225 223 222 219 217 222 228 229 226 224 222 220 -9999 -9999 -9999 -9999 -9999 -9999 -9999 -9999 -9999 -9999 -9999 -9999 -9999 -9999 -9999 -9999 -9999 -9999 -9999 -9999 -9999 -9999 -9999 -9999 -9999 -9999 -9999 -9999 -9999 -9999 -9999 -9999 -9999 -9999 -9999 -9999 -9999 -9999 -9999 -9999 -9999 -9999 -9999 -9999
227 219 216 218 221 220 215 213 213 214 214 211 209 210 206 206 209 208 193 189 184 196 205 209 213 221 216 218 222 220 218 223 222 223 229 236 232 225 224 222 -9999 -9999 -9999 -9999 -9999 -9999 -9999 -9999 -9999 -9999 -9999 -9999 -9999 -9999 -9999 -9999 -9999 -9999 -9999 -9999 -9999 -9999 -9999 -9999 -9999 -9999 -9999 -9999 -9999 -9999 -9999 -9999 -9999 -9999 -9999 -9999 -9999 -9999 -9999 -9999 -9999 -9999 -9999 -9999 -9999
224 221 220 220 222 218 214 214 214 216 218 216 214 212 207 208 212 201 190 182 189 211 214 214 219 225 217 222 221 223 227 230 -9999 230 -9999 234 231 228 226 224 -9999 -9999 -9999 -9999 -9999 -9999 -9999 -9999 -9999 -9999 -9999 -9999 -9999 -9999 -9999 -9999 -9999 -9999 -9999 -9999 -9999 -9999 -9999 -9999 -9999 -9999 -9999 -9999 -9999 -9999 -9999 -9999 -9999 -9999 -9999 -9999 -9999 -9999 -9999 -9999 -9999 -9999 -9999 -9999 -9999
223 222 221 221 220 218 216 216 217 219 223 219 215 213 210 212 210 200 187 180 199 210 210 215 223 225 227 225 224 231 -9999 -9999 235 231 233 -9999 230 228 -9999 -9999 -9999 -9999 -9999 -9999 -9999 -9999 -9999 -9999 -9999 -9999 -9999 -9999 -9999 -9999 -9999 -9999 -9999 -9999 -9999 -9999 -9999 -9999 -9999 -9999 -9999 -9999 -9999 -9999 -9999 -9999 -9999 -9999 -9999 -9999 -9999 -9999 -9999 -9999 -9999 -9999 -9999 -9999 -9999 -9999 -9999
223 222 222 221 222 219 218 220 221 222 220 218 215 214 211 209 201 193 182 181 208 200 205 218 223 227 231 231 232 235 239 -9999 235 232 231 -9999 -9999 228 -9999 -9999 -9999 -9999 -9999 -9999 -9999 -9999 -9999 -9999 -9999 -9999 -9999 -9999 -9999 -9999 -9999 -9999 -9999 -9999 -9999 -9999 -9999 -9999 -9999 -9999 -9999 -9999 -9999 -9999 -9999 -9999 -9999 -9999 -9999 -9999 -9999 -9999 -9999 -9999 -9999 -9999 -9999 -9999 -9999 -9999 -9999
