resultados/variables_norteamerica/bio18.asc
ncols 469
nrows 225
xllcorner -169.133333
yllcorner 20.675000
cellsize 0.249840
NODATA_value -9999
[rows 76 to 113 of 225, columns 255 to 339 of 469]
214 216 217 220 222 223 223 222 -9999 213 207 200 194 -9999 -9999 184 187 190 192 195 197 200 201 204 206 207 206 205 205 204 203 201 199 197 195 194 191 189 187 185 183 181 180 176 175 174 173 172 172 171 171 -9999 -9999 -9999 -9999 -9999 -9999 -9999 -9999 -9999 -9999 -9999 -9999 -9999 -9999 -9999 -9999 -9999 -9999 -9999 -9999 -9999 -9999 -9999 -9999 -9999 -9999 -9999 -9999 -9999 -9999 -9999 -9999 -9999 -9999
214 216 218 220 221 223 224 222 218 212 207 -9999 -9999 -9999 191 190 191 193 195 198 200 204 206 210 211 212 211 210 208 208 206 204 202 200 199 195 193 191 190 188 188 187 186 183 180 178 177 177 177 176 175 -9999 -9999 -9999 -9999 -9999 -9999 -9999 -9999 -9999 -9999 -9999 -9999 -9999 -9999 -9999 -9999 -9999 -9999 -9999 -9999 -9999 -9999 -9999 -9999 -9999 -9999 -9999 -9999 -9999 -9999 -9999 -9999 -9999 -9999
214 217 219 221 222 222 222 220 217 212 -9999 -9999 -9999 197 196 196 197 197 200 202 204 209 212 215 217 218 217 216 -9999 211 209 -9999 205 203 202 198 196 194 193 192 191 191 191 189 186 183 182 181 181 181 179 179 -9999 -9999 -9999 -9999 -9999 -9999 -9999 -9999 -9999 -9999 -9999 -9999 -9999 -9999 -9999 -9999 -9999 -9999 -9999 -9999 -9999 -9999 -9999 -9999 -9999 -9999 -9999 -9999 -9999 -9999 -9999 -9999 -9999
-9999 220 222 222 222 222 219 218 215 213 210 -9999 -9999 203 203 202 201 201 202 205 207 213 216 219 222 224 223 221 219 216 212 210 209 207 -9999 201 199 198 196 195 194 194 195 194 191 187 186 186 185 185 183 -9999 -9999 -9999 184 185 185 186 186 186 185 -9999 -9999 -9999 -9999 -9999 -9999 -9999 -9999 -9999 -9999 -9999 -9999 -9999 -9999 -9999 -9999 -9999 -9999 -9999 -9999 -9999 -9999 -9999 -9999
220 222 222 221 221 221 219 217 216 213 212 209 -9999 207 207 207 206 204 205 208 211 215 219 222 226 229 228 226 222 219 216 214 212 209 207 204 202 200 199 199 198 198 197 195 193 191 190 189 189 188 188 187 188 189 189 190 191 192 192 191 191 190 189 188 188 -9999 -9999 -9999 -9999 -9999 -9999 -9999 -9999 -9999 -9999 -9999 -9999 -9999 -9999 -9999 -9999 -9999 -9999 -9999 -9999
223 225 224 222 221 221 220 218 215 213 -9999 212 212 211 210 210 209 209 209 212 213 218 222 225 227 230 229 227 224 221 219 216 212 210 208 206 204 203 202 200 198 198 197 196 195 194 193 -9999 193 193 192 193 194 194 195 196 196 197 196 196 196 196 195 193 193 192 191 191 191 -9999 -9999 -9999 -9999 -9999 -9999 -9999 -9999 -9999 -9999 -9999 -9999 -9999 -9999 -9999 -9999
225 224 224 223 224 223 221 220 216 -9999 216 216 216 214 213 213 213 212 211 213 215 220 223 225 227 228 228 226 223 222 219 215 213 212 210 207 205 204 204 202 202 -9999 -9999 -9999 199 198 198 197 197 197 197 198 200 201 201 201 202 203 204 204 202 201 200 199 199 198 197 196 194 194 -9999 -9999 -9999 -9999 -9999 -9999 -9999 -9999 -9999 -9999 -9999 -9999 -9999 -9999 -9999
223 223 224 225 227 224 220 219 217 216 219 218 217 217 215 215 215 215 215 215 217 219 221 223 224 225 224 223 221 220 216 214 212 210 208 207 206 206 206 205 205 204 204 205 205 203 202 201 201 201 202 202 203 205 206 207 208 208 208 208 209 208 207 205 204 204 202 200 199 199 198 -9999 -9999 -9999 -9999 -9999 -9999 -9999 -9999 -9999 -9999 -9999 -9999 -9999 -9999
223 223 224 224 224 223 222 222 -9999 218 220 220 219 216 214 214 214 214 215 215 217 219 221 221 221 221 220 220 219 216 215 213 211 210 209 209 209 208 208 208 208 207 207 207 207 206 206 207 208 208 208 208 206 207 208 209 210 210 211 211 211 211 211 210 209 209 207 205 204 203 202 202 201 201 201 -9999 -9999 -9999 -9999 -9999 -9999 -9999 -9999 -9999 -9999
224 225 224 221 223 222 223 221 220 219 219 221 220 218 217 216 215 215 214 215 217 217 218 218 218 217 216 -9999 214 213 213 212 211 -9999 210 209 209 209 209 209 210 210 210 210 210 210 211 211 212 212 213 212 211 211 211 211 213 213 214 214 214 214 213 213 212 212 212 210 209 208 209 208 208 207 207 206 205 204 203 -9999 -9999 -9999 -9999 -9999 -9999
224 224 223 222 221 221 220 219 218 219 220 221 220 217 215 215 215 214 214 214 214 216 216 216 215 214 213 212 211 210 210 210 210 210 210 -9999 210 210 211 211 212 212 213 213 214 215 215 215 215 216 216 216 215 215 215 215 216 216 216 217 217 216 216 216 216 215 215 213 213 214 214 215 215 214 213 213 211 209 208 207 -9999 -9999 -9999 -9999 -9999
223 -9999 -9999 222 222 221 221 220 219 217 217 217 217 215 214 213 213 213 213 212 214 214 214 213 211 210 208 -9999 207 208 208 208 209 209 210 210 210 211 212 -9999 214 215 216 216 218 218 218 219 219 219 220 220 220 220 219 219 219 220 221 221 221 220 219 219 218 218 218 217 217 218 218 218 218 218 218 217 216 214 213 212 -9999 210 210 209 209
221 221 222 225 231 220 218 216 216 215 214 213 213 212 210 -9999 211 210 210 210 -9999 211 211 210 209 207 205 204 204 206 207 208 208 208 209 210 210 211 212 -9999 215 216 218 219 219 221 222 223 223 224 225 225 225 225 225 225 225 225 225 225 224 224 224 224 223 223 223 223 223 222 222 221 221 221 221 220 220 218 218 217 217 217 217 216 215
222 222 224 225 222 218 216 215 215 213 211 209 207 206 206 -9999 206 206 207 207 208 209 208 208 208 206 204 203 204 205 206 207 207 208 208 209 209 210 212 214 216 218 220 222 224 225 226 227 227 228 229 229 230 230 231 231 231 231 231 231 230 229 228 228 228 228 228 228 228 227 226 225 225 225 225 225 224 223 223 222 223 224 224 223 222
219 220 223 227 223 -9999 216 216 214 210 207 -9999 203 203 203 202 203 202 204 206 206 207 207 207 206 204 203 203 204 205 206 206 205 206 207 207 209 211 213 215 -9999 221 223 225 -9999 229 229 230 232 233 233 233 235 236 236 236 237 237 237 236 236 235 234 233 232 232 232 231 231 232 232 -9999 228 228 229 229 229 228 227 226 227 227 227 227 226
216 219 218 217 214 215 215 213 211 207 204 201 198 199 200 199 -9999 -9999 200 202 203 204 -9999 206 206 204 204 203 203 205 206 205 204 203 -9999 205 208 210 213 217 220 224 227 230 232 233 233 234 235 236 237 238 239 240 241 241 242 241 241 241 241 240 239 239 238 237 237 236 235 235 234 233 232 232 232 232 232 231 230 230 230 230 229 230 230
207 209 209 210 210 211 212 211 209 206 203 200 197 197 197 197 198 198 200 201 -9999 204 -9999 206 -9999 203 203 202 203 -9999 203 201 200 200 201 203 206 209 213 217 -9999 225 -9999 231 233 234 236 238 239 241 242 242 243 244 245 246 246 246 246 245 244 243 243 244 244 243 243 242 241 240 238 237 237 236 236 236 235 235 234 233 232 232 231 231 231
202 202 202 203 206 208 210 -9999 209 206 203 202 209 201 -9999 198 199 199 199 -9999 -9999 204 205 206 205 -9999 -9999 -9999 -9999 -9999 -9999 196 196 196 197 200 204 209 213 218 222 226 230 233 235 237 240 240 242 244 246 247 247 249 250 250 250 250 251 251 250 251 250 250 249 248 247 246 245 245 244 243 242 241 240 239 239 238 237 237 236 235 234 234 233
193 193 194 195 199 205 211 211 209 208 210 220 223 204 200 200 199 200 200 -9999 -9999 -9999 205 205 204 -9999 -9999 -9999 -9999 -9999 -9999 192 190 191 193 197 202 208 213 218 223 228 232 236 238 240 242 244 246 248 250 250 251 252 253 255 255 255 256 257 257 256 255 255 254 253 253 253 251 250 249 248 247 245 245 244 243 242 241 240 239 239 238 238 238
187 187 187 189 194 201 208 211 214 217 218 217 210 202 201 199 199 -9999 -9999 -9999 -9999 204 204 -9999 205 -9999 -9999 -9999 -9999 -9999 -9999 -9999 185 185 189 194 200 206 213 218 224 228 233 236 239 241 244 245 247 249 -9999 252 254 255 -9999 259 260 261 262 263 263 260 260 260 258 258 257 256 255 254 253 252 251 250 249 248 247 246 244 243 242 242 241 240 240
185 183 183 185 192 198 204 208 210 210 209 207 205 203 203 207 -9999 200 -9999 202 -9999 -9999 -9999 -9999 -9999 201 -9999 -9999 -9999 -9999 -9999 -9999 180 180 184 190 198 206 213 219 225 230 234 238 241 244 246 248 251 253 254 256 258 259 -9999 263 -9999 265 265 267 267 265 265 264 263 262 260 259 258 258 257 255 254 253 252 251 250 249 248 248 246 245 245 244 242
182 181 182 184 190 195 199 203 205 205 205 205 206 213 220 222 222 204 201 203 203 204 -9999 203 202 199 196 -9999 -9999 -9999 -9999 -9999 -9999 174 180 190 199 207 214 221 226 231 236 240 243 246 249 252 254 256 258 260 262 264 267 -9999 270 271 272 272 271 271 272 271 270 268 266 265 263 262 261 260 258 257 256 255 254 253 252 252 251 249 248 248 247
178 178 180 182 186 190 194 197 202 204 205 207 207 209 213 212 208 200 202 204 204 -9999 -9999 203 202 199 195 192 -9999 -9999 -9999 -9999 -9999 -9999 182 193 203 211 217 223 228 233 238 242 245 249 252 255 258 260 262 265 268 269 272 274 276 276 277 278 277 277 276 274 272 271 268 267 265 264 263 263 262 261 259 257 256 256 255 255 254 253 252 251 249
174 175 176 177 180 185 189 191 193 197 198 200 202 203 204 201 201 205 210 207 206 -9999 -9999 -9999 201 198 194 191 190 -9999 -9999 187 -9999 -9999 194 202 209 216 221 -9999 230 235 239 243 246 250 254 258 261 263 266 269 271 274 276 277 278 279 282 283 284 283 280 278 276 274 272 269 269 268 267 265 263 262 261 260 258 258 257 257 256 254 253 251 250
171 172 173 174 -9999 -9999 185 187 189 192 194 195 197 197 201 206 212 219 223 209 207 -9999 -9999 204 200 197 193 191 190 192 -9999 195 197 -9999 -9999 214 217 221 225 229 232 237 242 245 249 251 255 259 262 265 268 271 275 276 277 280 282 283 285 287 288 287 284 282 280 277 276 274 273 270 270 269 268 266 264 262 260 259 259 258 257 255 255 253 251
170 171 172 176 180 183 187 189 190 189 190 191 193 194 200 209 213 218 224 214 210 210 210 -9999 203 -9999 -9999 -9999 193 197 200 204 209 218 224 223 223 225 228 231 235 240 244 247 -9999 255 259 263 266 269 271 274 277 278 279 281 283 284 286 289 291 290 288 286 282 280 278 274 273 271 270 270 270 268 266 265 263 261 260 259 258 257 256 254 252
168 171 173 177 183 186 190 192 194 191 189 189 192 195 198 202 208 213 217 214 212 213 -9999 210 204 -9999 -9999 189 195 201 206 212 218 222 -9999 -9999 226 227 230 234 237 241 244 248 253 258 260 265 269 272 275 276 277 279 -9999 282 284 286 288 290 292 292 289 286 283 280 280 276 274 272 271 270 269 269 268 266 264 263 262 261 260 257 256 254 251
166 170 174 176 181 186 190 193 192 190 188 188 190 193 196 197 203 211 213 215 217 219 219 213 206 199 194 -9999 199 206 212 218 223 225 -9999 -9999 225 227 230 235 238 242 246 251 254 259 261 265 270 274 276 278 280 281 282 282 283 285 -9999 289 290 290 288 285 284 281 279 277 276 274 273 273 272 271 270 269 267 265 263 262 261 258 254 252 250
164 167 171 176 180 185 188 189 188 186 183 184 187 190 193 194 201 211 217 223 225 231 229 215 207 201 198 198 203 210 217 222 225 226 -9999 -9999 -9999 225 229 234 238 243 248 253 257 260 264 267 271 275 278 280 282 282 281 282 283 285 287 288 288 288 286 283 281 280 279 277 276 275 274 274 273 273 272 271 270 267 265 263 261 258 254 251 249
162 165 169 175 183 189 191 186 184 181 179 182 186 189 191 194 199 208 216 221 224 227 229 222 207 202 202 -9999 -9999 214 220 225 228 227 -9999 225 222 220 225 232 238 244 249 253 257 262 264 268 273 277 279 282 281 280 279 282 283 285 287 288 287 286 283 281 279 279 278 275 275 274 273 273 273 274 274 273 272 269 267 265 263 259 256 250 247
158 162 166 169 176 184 188 188 185 183 182 184 188 191 194 195 198 206 214 218 222 223 223 216 207 204 205 206 -9999 -9999 223 227 230 228 -9999 225 223 222 225 232 239 244 248 252 256 261 265 271 276 280 281 281 280 -9999 278 280 282 284 286 286 285 284 282 279 277 276 273 270 270 272 272 273 273 274 275 274 273 270 267 265 263 259 253 248 244
159 159 162 167 171 176 179 182 183 184 187 190 191 194 195 197 199 203 208 213 216 217 216 212 210 207 208 212 217 221 224 228 231 230 229 227 226 227 230 235 241 246 249 255 259 264 268 -9999 279 284 287 286 282 278 278 -9999 281 283 285 -9999 284 283 281 277 271 269 266 -9999 -9999 267 269 270 272 273 -9999 273 271 269 267 265 262 256 249 244 241
160 162 163 165 168 170 173 176 179 182 188 195 197 196 196 198 199 202 204 207 210 211 210 210 210 210 212 215 220 222 224 228 231 231 229 229 229 231 234 -9999 245 250 254 255 261 267 272 276 279 284 288 287 284 281 279 280 281 284 285 286 284 282 278 271 265 263 262 -9999 -9999 264 267 268 270 272 271 270 269 267 265 262 258 254 248 243 242
156 158 162 164 166 167 168 172 176 180 183 187 190 193 195 196 197 199 202 206 210 212 211 209 209 210 214 218 219 221 224 226 229 229 229 229 231 235 239 243 248 251 256 -9999 -9999 269 273 278 282 -9999 288 286 284 282 280 279 279 283 286 287 285 280 274 267 261 257 -9999 259 -9999 264 269 270 270 269 268 267 266 264 262 258 255 248 242 240 238
-9999 155 159 163 166 167 167 170 174 178 181 185 187 189 190 191 193 196 201 207 211 213 213 212 211 211 214 220 221 219 222 225 227 227 228 227 232 238 243 249 252 255 -9999 265 270 273 276 280 284 287 288 288 283 280 279 278 278 282 287 290 286 280 273 267 261 258 -9999 261 -9999 -9999 272 272 269 267 266 263 261 258 258 255 249 242 235 234 234
153 153 155 159 163 166 168 169 172 175 179 183 186 186 187 188 191 193 200 211 218 219 216 213 210 211 212 216 222 220 220 223 225 225 224 223 228 238 248 253 254 -9999 -9999 271 -9999 280 283 284 -9999 288 287 286 281 277 272 271 275 280 285 290 286 278 271 266 263 260 257 258 257 260 269 269 270 264 260 255 252 252 252 249 244 238 231 229 231
152 152 153 157 163 163 166 169 170 174 179 184 187 186 186 189 190 192 197 206 212 212 214 212 209 210 212 217 224 224 220 220 222 221 220 221 228 239 250 255 258 264 -9999 276 283 288 289 286 -9999 286 288 286 281 274 265 261 -9999 277 283 285 282 276 269 264 262 263 261 253 251 -9999 -9999 258 263 257 253 251 247 249 247 244 242 239 235 230 -9999
150 155 157 158 160 161 163 164 167 171 178 186 190 188 187 188 189 191 194 198 202 204 206 206 205 207 210 215 221 223 218 218 218 218 218 223 233 244 253 259 265 269 274 279 286 291 292 286 283 288 291 290 285 276 266 263 269 277 281 282 278 271 264 258 258 257 250 -9999 246 -9999 -9999 -9999 -9999 -9999 -9999 -9999 -9999 245 247 247 245 245 241 233 231
