resultados/variables_norteamerica/bio12.asc
ncols 469
nrows 225
xllcorner -169.133333
yllcorner 20.675000
cellsize 0.249840
NODATA_value -9999
[rows 37 to 73 of 225, columns 168 to 251 of 469]
-9999 -9999 -9999 226 226 227 227 227 -9999 227 226 225 226 226 226 226 225 224 224 223 223 223 -9999 221 221 221 221 222 222 223 227 230 230 232 233 232 232 234 234 235 237 233 233 236 238 241 244 254 254 246 234 221 212 204 196 191 186 180 176 167 158 167 164 165 163 160 160 159 158 157 153 146 146 -9999 -9999 -9999 146 -9999 151 154 156 157 157 157
236 235 234 -9999 -9999 234 236 238 238 236 235 234 234 233 232 231 231 230 229 229 230 230 229 227 224 223 223 225 -9999 227 231 230 231 230 230 228 227 226 234 237 237 242 245 253 255 253 256 265 264 259 253 239 230 222 212 203 196 193 187 180 184 183 181 179 178 175 176 175 175 172 168 165 158 152 155 152 -9999 -9999 156 159 161 164 166 165
247 248 246 244 246 246 246 247 247 244 243 243 242 241 240 239 239 239 239 234 231 230 228 228 226 225 225 224 223 223 223 223 223 225 225 223 228 241 249 250 255 257 254 251 258 262 262 274 275 267 259 247 240 232 223 213 205 199 197 200 201 199 196 192 189 187 187 186 183 181 182 181 177 167 163 -9999 -9999 -9999 -9999 -9999 165 167 172 171
256 256 257 -9999 257 257 -9999 -9999 253 253 251 250 250 248 247 246 246 247 244 242 239 236 232 230 229 -9999 -9999 -9999 -9999 -9999 -9999 -9999 -9999 230 233 235 240 243 246 250 255 254 251 253 261 260 258 261 -9999 264 262 253 248 240 230 -9999 219 217 213 210 207 207 204 198 195 191 191 189 188 187 185 184 183 181 180 172 -9999 -9999 -9999 -9999 168 171 172 172
267 267 265 267 267 267 266 265 264 263 262 260 258 256 253 251 248 247 -9999 -9999 -9999 -9999 -9999 -9999 -9999 -9999 -9999 -9999 231 234 237 238 238 236 235 233 -9999 230 235 238 241 244 250 253 258 -9999 264 258 254 250 249 246 250 244 237 234 228 224 224 221 219 215 212 211 213 211 209 206 203 200 192 189 188 187 190 188 186 178 -9999 174 -9999 180 184 186
277 276 275 275 276 275 275 274 270 267 266 263 261 -9999 -9999 -9999 -9999 -9999 -9999 -9999 -9999 -9999 -9999 -9999 -9999 -9999 -9999 -9999 -9999 235 237 235 236 235 234 -9999 -9999 -9999 235 240 242 247 255 258 262 267 272 265 257 251 244 243 241 239 238 237 232 223 228 231 229 226 223 219 220 220 217 216 216 210 201 200 197 196 195 196 196 192 183 178 183 192 192 192
294 291 289 287 288 288 287 284 -9999 -9999 276 275 272 270 269 266 262 260 259 259 258 256 254 -9999 -9999 -9999 -9999 -9999 -9999 -9999 -9999 -9999 -9999 -9999 -9999 -9999 -9999 238 239 243 246 250 258 263 271 274 273 266 261 256 249 243 243 243 242 239 233 230 226 227 228 224 224 221 229 235 233 231 233 232 223 214 211 205 202 203 204 204 203 197 194 190 195 196
301 301 305 301 300 299 300 297 293 288 286 285 279 276 275 273 271 270 269 -9999 -9999 -9999 -9999 -9999 -9999 -9999 -9999 -9999 -9999 -9999 -9999 -9999 -9999 -9999 -9999 237 -9999 242 244 245 247 252 256 260 265 269 270 272 273 262 255 247 245 248 249 252 256 248 240 -9999 244 244 234 -9999 233 238 238 241 241 241 236 227 220 214 215 213 215 210 207 204 203 200 197 201
318 315 312 312 313 309 308 306 305 301 295 292 287 284 283 281 277 -9999 -9999 -9999 -9999 -9999 -9999 -9999 -9999 262 260 -9999 -9999 249 252 254 252 252 250 249 248 246 247 248 252 259 264 266 268 272 270 271 273 271 268 -9999 256 255 254 259 255 246 242 244 246 247 247 248 245 246 -9999 244 244 243 242 237 230 225 226 224 219 214 210 210 209 210 209 208
323 323 327 329 -9999 320 317 314 314 309 305 301 296 291 291 289 287 -9999 -9999 -9999 -9999 -9999 -9999 269 271 269 267 -9999 -9999 -9999 -9999 256 256 254 251 251 250 250 251 251 253 257 259 263 264 266 265 271 274 274 273 271 -9999 -9999 -9999 -9999 256 248 247 246 247 248 251 252 253 253 -9999 250 247 245 245 243 239 235 234 231 223 218 215 214 214 214 213 213
339 335 332 331 332 335 328 323 320 317 312 308 304 299 295 291 -9999 -9999 -9999 -9999 -9999 -9999 274 273 270 -9999 -9999 265 267 267 266 264 258 251 -9999 250 250 251 253 253 255 256 257 260 261 262 263 266 274 276 275 274 270 264 259 262 261 258 255 253 257 257 256 257 259 258 -9999 259 255 249 245 244 241 239 238 236 230 224 -9999 222 222 221 219 219
365 356 351 346 343 -9999 338 333 327 323 321 318 313 309 304 300 297 293 292 290 283 281 278 -9999 274 273 274 276 278 283 286 290 285 267 -9999 -9999 252 251 254 255 257 258 257 259 260 261 260 262 264 269 273 275 275 272 270 269 266 -9999 261 257 258 260 260 261 262 262 261 260 258 -9999 251 248 245 243 -9999 241 236 232 229 229 228 227 226 225
393 382 373 368 367 363 356 347 338 331 334 330 325 318 313 308 302 299 295 292 289 287 285 283 282 281 280 281 285 290 285 281 277 274 268 262 258 254 254 256 -9999 259 260 261 261 260 262 263 262 263 266 267 272 272 271 270 267 268 270 268 265 264 264 263 264 265 -9999 262 260 259 257 251 249 245 242 241 242 241 239 237 237 237 234 230
414 405 390 385 377 374 367 357 349 341 338 340 342 333 322 315 309 306 303 301 -9999 292 290 289 288 287 287 290 294 294 290 283 277 276 279 273 269 265 260 256 259 263 261 261 260 262 265 264 262 262 263 266 272 272 272 271 271 273 274 276 273 270 268 267 267 268 267 263 262 260 256 252 252 248 246 246 248 252 250 243 243 241 240 239
425 416 412 405 393 383 380 370 363 353 344 339 342 340 338 326 -9999 317 316 313 306 301 -9999 295 294 292 -9999 293 293 290 288 284 282 281 280 276 274 270 263 260 263 265 263 262 263 264 264 263 264 264 268 267 271 274 274 275 275 275 278 281 275 275 274 271 272 270 269 264 267 265 260 255 254 254 252 251 252 251 250 -9999 248 248 247 246
453 443 429 415 410 400 392 383 375 363 356 349 340 339 340 334 -9999 321 321 317 312 -9999 -9999 305 299 297 295 295 297 297 298 300 305 298 280 277 275 273 268 263 261 260 262 264 -9999 264 266 268 268 -9999 266 268 271 272 272 273 275 278 -9999 281 282 285 -9999 -9999 280 277 275 274 274 271 266 262 260 261 260 259 258 258 -9999 257 256 254 251 251
462 451 443 436 422 414 404 396 388 376 365 358 353 341 344 344 335 332 328 321 320 321 316 311 307 304 302 303 305 303 302 299 295 285 281 276 -9999 275 274 274 265 261 268 265 266 267 267 270 271 270 270 271 271 272 272 275 282 288 287 289 289 289 288 289 284 283 284 283 280 277 282 274 268 -9999 268 263 264 261 261 260 261 262 261 259
485 473 459 444 439 431 424 413 401 393 377 373 366 349 344 354 347 340 335 331 327 324 320 318 315 311 309 306 309 302 295 292 290 286 -9999 -9999 -9999 275 276 276 272 267 262 264 271 262 263 265 270 271 272 272 272 273 274 277 281 284 290 -9999 296 293 293 301 -9999 283 -9999 288 280 286 282 275 270 267 269 -9999 268 268 268 267 266 267 267 267
497 488 466 467 463 449 430 422 409 405 389 383 371 362 353 345 351 344 343 340 335 332 329 327 323 317 313 308 306 303 296 292 290 288 286 284 283 281 279 279 276 273 268 269 266 -9999 265 266 269 274 275 273 275 276 276 -9999 280 280 284 290 295 297 297 302 299 282 284 285 275 279 270 268 269 269 271 273 -9999 275 276 276 275 275 274 272
513 500 485 484 470 456 446 434 422 414 400 388 379 375 365 354 352 353 351 -9999 344 337 333 327 325 320 315 309 305 302 299 295 292 290 288 285 285 -9999 285 285 283 280 276 -9999 270 269 269 269 271 275 274 272 278 279 280 281 283 284 285 287 291 291 -9999 291 283 -9999 -9999 -9999 -9999 -9999 265 264 268 271 276 281 277 277 279 280 281 281 280 280
527 511 501 499 486 470 464 452 442 430 413 400 395 386 374 363 360 360 356 352 346 342 339 335 331 327 324 321 318 315 312 306 298 291 288 285 285 285 285 286 287 288 280 279 278 277 -9999 -9999 274 274 278 276 275 277 -9999 282 282 286 289 290 291 292 -9999 -9999 -9999 -9999 -9999 -9999 273 -9999 279 277 283 279 279 280 281 283 285 286 285 -9999 286 286
535 523 515 507 490 478 463 455 446 436 428 411 403 392 382 370 367 365 364 364 359 350 347 346 341 340 342 347 352 348 349 346 343 325 307 295 287 282 283 285 286 287 286 287 287 283 283 -9999 -9999 276 278 276 279 282 282 282 -9999 285 290 293 293 -9999 -9999 -9999 291 291 -9999 -9999 289 289 286 284 286 286 286 290 293 -9999 294 295 295 295 295 294
539 527 511 505 495 488 475 468 457 448 437 423 420 405 389 386 378 374 370 365 360 357 354 351 349 346 347 356 359 361 356 351 348 340 323 312 302 288 283 284 287 289 -9999 293 292 292 290 289 288 -9999 -9999 -9999 -9999 -9999 -9999 286 285 -9999 -9999 -9999 -9999 292 -9999 299 299 300 299 298 298 296 296 296 300 302 302 300 301 299 301 302 303 304 304 304
539 516 508 495 490 474 468 465 468 459 446 428 423 409 398 399 391 385 383 383 375 365 361 357 353 346 340 338 334 329 323 320 316 308 302 295 290 285 286 288 293 294 298 303 304 303 298 296 295 292 -9999 -9999 -9999 -9999 -9999 -9999 -9999 -9999 -9999 -9999 -9999 303 305 305 307 308 306 307 308 306 304 303 304 305 307 312 309 306 306 307 309 313 314 315
538 524 506 497 486 475 464 463 467 467 463 445 435 419 413 414 399 393 390 383 377 371 367 364 358 351 345 340 334 329 324 321 316 311 302 -9999 290 289 290 291 295 299 304 311 311 -9999 -9999 -9999 -9999 -9999 -9999 -9999 -9999 -9999 -9999 -9999 -9999 -9999 -9999 304 308 309 310 312 318 313 313 314 314 312 310 -9999 313 318 321 322 315 316 317 317 318 319 322 323
532 512 506 498 487 484 475 465 470 458 451 450 431 422 427 417 405 398 391 388 383 378 374 371 366 358 351 345 338 330 324 320 315 309 305 300 297 -9999 291 296 301 304 307 312 -9999 -9999 -9999 -9999 -9999 -9999 -9999 -9999 -9999 -9999 -9999 304 306 307 309 311 314 316 317 319 319 321 -9999 321 320 321 319 325 324 325 326 327 330 328 327 328 331 332 334 335
525 512 511 493 486 485 477 468 465 462 470 454 444 436 -9999 417 409 404 402 399 394 391 386 380 374 368 362 353 346 342 336 329 325 321 319 315 310 305 304 306 -9999 -9999 -9999 -9999 -9999 -9999 -9999 -9999 -9999 -9999 -9999 -9999 -9999 -9999 311 311 313 315 315 319 320 321 325 327 326 326 325 326 -9999 326 327 328 336 332 333 333 335 337 338 338 340 342 344 344
510 507 502 493 491 483 479 477 477 472 474 462 453 440 427 421 419 420 417 414 407 401 395 388 382 378 373 367 360 357 351 345 340 336 334 329 325 318 -9999 320 326 328 329 332 -9999 -9999 -9999 -9999 328 329 331 326 323 320 318 318 318 320 322 323 325 325 328 332 332 332 -9999 330 333 335 331 334 338 339 340 339 340 342 344 347 349 350 352 354
500 502 496 487 482 484 477 474 474 471 477 467 453 454 438 432 429 426 423 418 414 409 402 394 389 387 386 385 385 370 360 354 348 343 340 337 335 -9999 -9999 333 338 341 343 343 345 348 347 342 339 339 342 336 332 330 329 330 328 330 329 331 331 330 332 335 337 336 336 336 336 337 337 345 345 344 346 348 348 350 355 360 358 359 361 363
485 488 487 481 481 482 474 468 468 468 472 466 456 449 446 439 434 428 424 420 417 411 406 403 397 398 396 394 387 374 372 372 367 364 357 354 357 363 374 376 365 352 353 356 357 357 355 352 351 350 347 344 342 339 337 336 336 334 335 336 338 339 341 342 344 345 344 344 344 344 346 350 351 353 352 352 355 360 365 366 368 370 372 374
477 480 477 474 481 482 479 475 472 469 464 459 454 449 451 447 440 433 430 424 418 414 411 408 406 404 402 396 386 383 388 389 390 391 389 389 394 398 401 398 364 359 362 363 364 364 363 362 359 356 354 353 352 350 348 347 346 345 344 344 347 348 349 348 350 352 351 352 353 352 352 354 353 355 353 356 359 365 368 373 377 380 380 380
469 474 472 478 485 486 489 480 474 466 460 457 456 452 452 449 445 440 434 429 422 416 410 407 403 398 395 393 391 394 395 395 393 389 396 406 -9999 400 395 371 365 366 369 371 373 373 373 375 373 369 366 362 360 360 358 355 355 356 358 357 356 355 355 357 357 360 357 358 359 359 359 355 354 354 358 361 364 -9999 371 376 380 383 384 389
464 466 468 476 481 481 482 477 477 468 465 457 454 454 455 452 449 445 442 437 431 425 416 410 405 402 398 395 398 400 405 398 401 415 403 401 406 395 378 375 375 378 381 385 392 408 416 430 423 412 401 381 370 366 366 367 367 367 367 368 366 365 362 361 365 367 366 365 362 357 -9999 -9999 352 352 353 360 363 366 376 377 384 386 389 392
468 474 476 481 478 479 474 474 471 467 467 461 459 456 454 450 447 443 439 436 434 430 427 421 416 412 411 399 398 406 412 404 407 410 407 394 388 384 384 385 388 392 396 411 429 436 439 439 436 431 424 424 407 373 371 372 372 372 373 373 372 371 367 368 370 372 372 370 363 354 -9999 -9999 -9999 349 -9999 -9999 -9999 -9999 -9999 366 369 374 382 391
469 472 480 484 490 488 489 485 478 472 468 466 466 466 461 454 450 445 439 436 433 430 429 -9999 -9999 418 414 403 397 397 397 395 393 390 390 390 390 391 393 397 400 405 417 437 439 445 445 446 446 436 426 435 420 384 374 373 374 374 376 377 375 374 373 374 375 377 -9999 -9999 -9999 -9999 -9999 364 364 366 368 370 374 377 378 381 385 390 390 390
469 472 481 486 487 484 489 482 478 485 476 469 470 464 459 456 453 449 443 439 435 433 429 424 418 412 406 401 398 396 393 391 390 391 393 395 398 401 405 405 406 408 411 416 421 431 445 446 446 435 408 403 385 378 378 378 379 380 379 378 378 379 379 379 381 -9999 -9999 -9999 376 375 375 375 377 379 381 382 386 392 395 397 403 408 410 412
463 466 473 483 485 482 491 493 484 494 488 481 475 470 469 465 461 453 450 445 438 433 428 422 418 412 408 405 403 402 405 409 408 405 403 405 410 414 420 410 405 400 397 393 391 390 392 397 398 392 386 383 383 384 385 385 386 384 382 -9999 -9999 385 385 385 384 385 386 385 386 386 388 -9999 390 392 396 397 400 401 407 412 416 419 421 422
