resultados/variables_norteamerica/bio15.asc
ncols 469
nrows 225
xllcorner -169.133333
yllcorner 20.675000
cellsize 0.249840
NODATA_value -9999
[rows 40 to 79 of 225, columns 90 to 179 of 469]
47 47 46 44 44 44 45 45 47 47 49 49 50 53 56 57 58 58 59 61 61 61 62 59 58 58 58 58 57 57 57 56 55 54 52 51 50 49 46 45 43 41 40 36 34 33 32 32 31 31 32 32 33 33 35 35 37 38 39 40 41 42 43 44 45 45 45 46 47 47 48 48 48 49 49 50 50 51 51 51 51 -9999 51 51 -9999 -9999 51 52 52 52
47 46 45 44 43 43 43 44 45 47 48 50 53 54 54 56 57 58 58 57 58 59 59 60 59 60 58 57 56 57 56 56 55 54 54 52 50 48 46 44 42 41 40 37 34 33 32 31 31 31 31 32 32 33 34 35 36 37 39 39 41 41 42 42 43 44 45 45 46 46 46 47 47 48 48 49 49 49 51 50 51 51 51 51 51 51 51 51 51 51
47 46 45 44 44 44 44 45 46 47 49 52 53 54 56 58 57 59 59 58 60 58 61 61 61 63 61 59 58 58 56 55 56 54 54 53 51 49 46 44 41 40 39 38 35 33 32 32 32 31 31 32 33 33 34 35 36 37 38 39 40 40 41 42 42 43 43 44 44 45 46 46 46 47 48 49 49 50 50 50 50 50 51 52 51 51 51 51 51 52
48 47 46 46 45 44 45 46 47 48 51 53 55 56 56 58 60 59 59 59 59 61 62 61 62 62 62 59 60 58 56 57 56 55 54 52 50 48 46 44 41 39 38 37 36 34 33 32 32 32 32 32 33 34 34 36 36 37 38 39 39 40 41 41 42 42 43 43 44 44 45 45 45 46 47 48 48 49 50 50 51 50 51 51 51 51 -9999 -9999 51 51
52 52 52 51 49 49 51 50 50 50 51 55 57 57 58 61 63 62 61 62 63 62 62 62 63 65 61 59 61 59 58 58 57 56 54 52 49 47 45 43 41 40 38 37 36 34 33 33 33 33 33 33 34 34 35 36 37 38 38 39 40 41 40 41 42 42 42 42 43 43 -9999 44 45 45 46 47 48 49 49 50 50 50 50 51 51 51 51 51 51 50
63 61 59 60 59 57 55 53 51 52 55 58 61 64 67 69 67 66 65 65 65 64 64 65 67 67 65 61 62 61 60 58 57 57 54 52 50 48 46 44 43 41 39 38 37 35 34 34 35 35 35 35 35 36 38 39 39 39 39 40 41 41 41 42 42 42 43 42 42 43 43 44 44 45 45 46 47 48 49 50 50 50 50 51 51 51 51 50 50 49
61 61 63 61 60 61 61 62 61 60 63 64 63 65 64 64 65 66 66 66 64 64 69 69 68 66 65 60 58 57 56 55 55 54 52 50 48 46 45 45 44 43 42 41 38 37 37 36 36 37 39 41 39 39 41 43 42 43 44 44 44 42 43 44 43 43 44 44 44 43 44 44 44 45 45 46 47 48 49 49 49 49 -9999 50 51 51 51 51 50 50
61 60 61 63 62 64 68 73 71 72 74 74 76 74 75 74 73 71 71 69 66 64 69 66 65 66 64 62 59 56 54 52 51 49 49 48 49 46 47 47 45 46 45 44 44 41 40 41 41 39 40 41 43 43 41 44 45 46 45 43 44 42 44 46 46 45 45 46 45 45 45 44 46 46 46 46 46 47 48 48 48 48 50 50 51 51 51 50 50 50
57 62 64 66 67 65 70 70 67 73 79 83 78 80 84 88 88 83 83 80 72 67 64 67 67 68 68 65 63 61 57 52 47 45 46 46 45 45 44 46 48 48 48 47 47 47 47 43 43 45 45 42 43 44 46 45 45 47 46 46 45 44 46 47 47 45 45 45 45 45 44 45 46 46 46 47 46 46 47 47 47 48 49 -9999 51 51 50 49 50 49
62 64 66 70 68 66 67 72 72 74 78 81 83 85 86 84 84 84 82 84 82 77 73 66 65 66 64 62 59 58 55 54 52 46 48 46 46 46 48 51 51 52 50 49 49 49 48 47 44 46 45 46 43 43 45 46 46 46 46 47 47 46 46 48 47 47 46 45 45 44 44 44 45 46 45 45 45 46 46 46 46 47 48 48 49 49 49 49 49 48
64 68 69 69 64 64 65 69 72 76 81 85 87 84 86 86 89 90 85 83 80 77 74 70 68 67 62 57 54 52 48 51 47 44 44 47 48 50 49 50 51 51 52 51 49 48 47 45 44 44 43 43 45 44 43 44 45 45 45 46 46 47 47 46 46 45 45 44 44 44 43 44 44 44 44 44 45 45 46 46 46 46 46 47 48 48 48 48 48 48
70 72 74 74 62 58 60 63 66 71 77 82 82 86 89 88 89 89 86 85 86 85 83 78 75 71 67 60 53 50 46 43 41 40 39 41 44 47 49 52 51 50 49 49 48 47 47 46 46 43 43 43 42 43 42 43 44 45 45 46 46 46 45 45 45 45 44 42 42 43 42 42 42 41 42 44 44 44 44 44 45 45 46 46 47 47 47 47 48 47
81 82 81 82 78 72 64 63 64 66 69 72 78 80 83 86 89 91 90 92 92 90 87 85 81 71 68 59 58 53 50 47 44 43 42 43 46 49 53 54 51 52 51 49 49 49 49 46 45 45 41 42 41 41 43 44 44 45 46 46 46 45 45 44 43 43 43 42 42 42 42 42 42 42 41 42 43 44 44 44 44 44 45 45 46 46 47 47 47 47
91 91 88 88 92 89 85 79 80 71 65 67 70 75 82 85 89 92 91 93 91 90 84 84 80 73 68 61 61 59 54 51 49 48 47 45 47 48 50 51 52 52 51 51 51 49 48 45 45 45 42 42 44 44 44 44 44 45 45 45 45 45 45 43 42 43 42 42 41 42 41 41 41 41 41 41 42 43 43 43 43 44 44 45 45 46 46 47 47 47
88 90 90 87 91 92 89 86 83 79 77 75 75 71 72 79 85 90 92 92 91 88 84 82 81 77 72 65 -9999 58 58 54 52 50 51 51 51 54 53 54 54 56 57 56 53 52 50 49 46 44 43 43 44 46 46 45 45 46 46 45 44 44 42 42 42 42 41 40 39 39 39 39 39 40 40 41 42 42 43 43 43 43 44 45 45 46 46 47 47 47
81 85 85 86 85 82 80 77 75 75 73 71 73 70 74 74 76 80 86 89 88 86 85 84 79 72 73 69 63 64 62 60 60 58 56 55 56 59 58 59 58 57 59 59 58 53 51 46 44 43 44 45 44 44 45 45 47 47 46 46 45 44 43 41 41 40 40 39 39 38 38 38 38 39 39 40 40 41 41 42 41 43 44 44 45 45 46 47 47 48
77 80 80 79 -9999 75 71 67 64 66 65 58 63 66 71 71 72 73 77 78 78 79 81 78 78 74 69 75 76 70 68 67 66 63 62 58 56 57 57 58 56 57 59 56 53 50 47 46 46 44 44 43 43 45 46 47 47 47 46 46 44 43 41 40 39 39 38 37 37 36 37 37 37 37 38 39 40 40 41 41 41 43 44 44 45 45 46 47 47 47
70 71 69 67 68 67 64 59 56 55 54 52 55 61 64 66 64 66 68 70 71 73 75 75 74 72 66 69 67 68 70 71 76 73 71 68 65 62 59 58 62 63 60 58 54 53 52 52 49 44 45 46 46 46 47 47 49 49 48 46 44 41 40 39 38 37 36 36 36 36 35 35 36 37 36 37 38 40 41 41 42 44 44 44 45 46 47 47 47 48
63 62 -9999 60 60 60 59 57 58 61 60 52 56 54 54 56 61 63 63 64 66 68 68 69 62 59 61 62 64 70 73 78 75 77 76 72 70 66 65 63 61 62 62 61 59 57 54 51 49 48 44 43 45 47 49 49 50 50 49 46 43 41 39 38 37 36 35 34 34 34 35 34 35 35 36 36 37 39 40 41 42 43 43 44 44 46 46 47 48 48
53 50 49 50 51 53 55 55 53 54 58 55 53 51 51 52 56 53 52 57 59 61 61 61 57 60 62 64 71 75 75 77 75 73 71 70 68 67 67 67 65 61 62 58 58 54 50 49 48 47 47 47 48 47 48 49 51 50 48 44 42 40 38 36 34 34 33 33 33 33 34 33 34 35 36 37 37 36 39 40 40 42 43 44 45 46 47 48 48 49
-9999 45 42 44 45 46 44 42 41 42 42 44 48 47 48 49 46 48 48 47 48 49 50 49 53 54 56 59 65 73 77 78 77 73 70 67 63 63 63 65 64 62 61 61 59 56 51 48 45 47 49 49 51 51 50 50 50 49 46 43 40 38 35 35 33 33 32 31 31 32 33 33 33 34 35 36 37 37 38 38 39 40 41 42 43 45 47 48 49 49
37 37 34 38 38 39 39 38 34 32 33 34 35 35 35 35 34 38 41 43 45 43 45 44 44 49 52 51 59 66 71 70 70 68 67 64 60 59 59 60 58 60 58 59 58 55 52 49 47 49 50 49 50 50 50 50 49 47 45 42 39 36 35 33 32 31 30 -9999 29 30 31 31 32 32 33 35 36 36 37 38 38 39 40 42 43 45 47 49 50 50
31 31 32 32 32 32 33 32 31 31 30 29 30 30 30 30 30 32 36 38 38 41 42 42 43 43 45 46 51 57 62 -9999 60 59 58 57 54 53 49 52 51 51 51 54 55 52 52 50 49 51 53 51 49 48 48 48 46 45 42 40 37 35 33 32 31 30 28 28 28 28 29 31 32 32 33 34 35 35 37 36 38 39 40 42 43 45 47 48 49 50
28 28 28 28 28 29 29 29 28 28 28 28 28 27 28 29 28 28 28 28 30 31 32 35 39 40 41 40 42 44 46 48 46 47 47 46 46 44 41 42 39 42 43 46 49 48 47 53 50 48 50 51 50 48 -9999 44 43 41 38 36 34 31 30 29 28 28 27 27 27 27 29 30 31 32 33 34 34 35 36 36 38 38 40 42 43 45 46 48 51 51
31 -9999 29 27 27 26 26 27 28 27 26 26 26 26 26 28 26 26 26 26 26 27 27 27 29 31 32 34 35 35 36 37 37 37 36 37 37 35 33 33 32 31 34 33 38 41 43 49 48 50 48 47 47 46 43 42 40 37 35 33 31 29 28 26 26 25 25 25 26 27 28 30 31 32 32 33 34 35 35 36 37 38 40 42 43 46 48 49 51 52
-9999 -9999 -9999 31 30 28 26 28 27 27 27 26 26 25 25 26 26 25 24 24 23 24 25 26 29 26 25 26 26 29 31 30 29 29 29 31 30 30 30 29 28 29 29 32 35 38 39 42 43 44 45 45 43 43 42 39 37 35 33 30 29 28 27 26 25 24 24 24 25 27 28 30 31 32 33 33 33 34 35 36 37 37 39 42 43 45 48 49 51 52
32 33 -9999 -9999 -9999 31 -9999 29 28 29 30 30 31 32 32 31 30 26 24 24 24 23 23 22 22 21 21 22 22 23 25 23 23 24 27 26 28 29 30 28 27 30 27 28 30 31 34 37 40 39 41 42 41 40 38 36 34 32 31 29 28 26 25 24 23 23 23 24 25 27 29 31 32 32 33 33 33 34 34 35 36 36 39 41 43 45 47 49 51 52
-9999 -9999 -9999 -9999 -9999 -9999 -9999 -9999 -9999 -9999 -9999 32 33 -9999 -9999 -9999 -9999 33 30 28 30 31 29 28 27 26 25 23 26 24 21 21 22 24 27 27 27 31 32 29 26 28 28 27 27 28 30 32 35 -9999 38 -9999 38 37 35 33 -9999 30 29 28 27 25 24 24 23 23 23 23 24 26 29 32 32 32 32 33 33 33 33 34 34 35 39 42 44 46 48 49 50 51
-9999 -9999 -9999 -9999 -9999 -9999 -9999 -9999 -9999 -9999 -9999 -9999 -9999 -9999 -9999 -9999 -9999 -9999 -9999 -9999 -9999 34 33 31 31 32 32 -9999 28 29 27 25 24 27 31 26 25 35 31 31 32 30 29 28 26 28 29 29 31 32 34 35 34 34 32 31 30 29 28 27 26 25 24 24 23 23 23 23 23 25 28 30 31 32 32 33 33 33 33 34 34 37 41 44 46 47 48 49 49 51
-9999 -9999 -9999 -9999 -9999 -9999 -9999 -9999 -9999 -9999 -9999 -9999 -9999 -9999 -9999 -9999 -9999 -9999 -9999 -9999 -9999 -9999 -9999 -9999 -9999 -9999 -9999 -9999 34 33 30 31 30 29 33 32 33 34 34 31 37 38 42 34 33 34 27 28 28 30 31 -9999 31 31 30 29 29 29 28 27 26 25 25 24 24 23 23 23 23 25 27 29 30 31 32 33 33 33 34 34 36 39 42 44 46 47 49 49 50 50
-9999 -9999 -9999 -9999 -9999 -9999 -9999 -9999 -9999 -9999 -9999 -9999 -9999 -9999 -9999 -9999 -9999 -9999 -9999 -9999 -9999 -9999 -9999 -9999 -9999 -9999 -9999 -9999 -9999 34 35 33 32 35 32 28 32 -9999 31 -9999 34 40 43 42 41 34 30 27 27 28 29 30 30 30 29 28 28 28 29 28 26 26 26 25 24 24 24 24 24 25 27 29 30 31 32 33 33 34 36 37 39 41 42 45 46 47 48 49 50 50
-9999 -9999 -9999 -9999 -9999 -9999 -9999 -9999 -9999 -9999 -9999 -9999 -9999 -9999 -9999 -9999 -9999 -9999 -9999 -9999 -9999 -9999 -9999 -9999 -9999 -9999 -9999 -9999 -9999 -9999 -9999 -9999 -9999 37 36 29 24 32 -9999 39 42 43 39 34 34 -9999 32 29 26 -9999 -9999 28 29 30 29 28 27 28 28 29 28 27 26 26 26 25 25 25 25 26 28 29 31 32 33 33 34 35 37 38 41 43 45 47 48 49 49 49 49 50
-9999 -9999 -9999 -9999 -9999 -9999 -9999 -9999 -9999 -9999 -9999 -9999 -9999 -9999 -9999 -9999 -9999 -9999 -9999 -9999 -9999 -9999 -9999 -9999 -9999 -9999 -9999 -9999 -9999 -9999 -9999 -9999 -9999 -9999 -9999 36 27 29 -9999 -9999 -9999 42 -9999 39 38 -9999 36 32 29 -9999 -9999 -9999 -9999 31 31 30 29 29 29 30 29 29 28 28 27 27 27 26 27 28 29 30 31 32 33 34 36 35 37 39 41 43 45 46 47 48 48 49 49 49
-9999 -9999 -9999 -9999 -9999 -9999 -9999 -9999 -9999 -9999 -9999 -9999 -9999 -9999 -9999 -9999 -9999 -9999 -9999 -9999 -9999 -9999 -9999 -9999 -9999 -9999 -9999 -9999 -9999 -9999 -9999 -9999 -9999 -9999 -9999 -9999 -9999 32 31 37 39 40 -9999 40 37 36 -9999 32 28 28 30 32 32 28 29 28 29 29 28 30 28 28 29 30 29 29 30 29 29 30 30 31 32 33 34 35 35 37 36 38 40 43 44 45 46 47 48 49 49 49
-9999 -9999 -9999 -9999 -9999 -9999 -9999 -9999 -9999 -9999 -9999 -9999 -9999 -9999 -9999 -9999 -9999 -9999 -9999 -9999 -9999 -9999 -9999 -9999 -9999 -9999 -9999 -9999 -9999 -9999 -9999 -9999 -9999 -9999 -9999 -9999 -9999 -9999 -9999 38 38 39 -9999 -9999 -9999 35 -9999 35 33 32 -9999 31 31 -9999 30 28 26 27 29 30 28 29 30 32 32 32 33 32 31 32 32 32 33 33 34 35 36 36 37 38 39 41 42 44 45 46 47 48 48 48
-9999 -9999 -9999 -9999 -9999 -9999 -9999 -9999 -9999 -9999 -9999 -9999 -9999 -9999 -9999 -9999 -9999 -9999 -9999 -9999 -9999 -9999 -9999 -9999 -9999 -9999 -9999 -9999 -9999 -9999 -9999 -9999 -9999 -9999 -9999 -9999 -9999 -9999 -9999 -9999 -9999 37 37 38 -9999 38 -9999 35 33 35 -9999 34 33 30 29 29 -9999 27 27 28 31 32 35 35 33 36 36 35 33 33 33 33 33 33 34 35 35 36 37 38 39 39 41 42 42 44 45 45 46 47
-9999 -9999 -9999 -9999 -9999 -9999 -9999 -9999 -9999 -9999 -9999 -9999 -9999 -9999 -9999 -9999 -9999 -9999 -9999 -9999 -9999 -9999 -9999 -9999 -9999 -9999 -9999 -9999 -9999 -9999 -9999 -9999 -9999 -9999 -9999 -9999 -9999 -9999 -9999 -9999 -9999 36 37 37 -9999 37 -9999 37 35 -9999 35 35 -9999 -9999 30 -9999 -9999 27 29 32 33 34 33 32 33 34 36 36 35 33 33 33 33 33 34 34 35 35 36 37 37 39 38 39 41 41 43 -9999 44 45
-9999 -9999 -9999 -9999 -9999 -9999 -9999 -9999 -9999 -9999 -9999 -9999 -9999 -9999 -9999 -9999 -9999 -9999 -9999 -9999 -9999 -9999 -9999 -9999 -9999 -9999 -9999 -9999 -9999 -9999 -9999 -9999 -9999 -9999 -9999 -9999 -9999 -9999 -9999 -9999 -9999 -9999 -9999 37 -9999 37 37 -9999 38 37 37 -9999 -9999 34 32 29 -9999 29 29 32 30 28 30 30 31 35 34 32 33 33 32 32 32 33 33 33 34 35 35 36 36 36 37 37 38 39 40 41 42 43
-9999 -9999 -9999 -9999 -9999 -9999 -9999 -9999 -9999 -9999 -9999 -9999 -9999 -9999 -9999 -9999 -9999 -9999 -9999 -9999 -9999 -9999 -9999 -9999 -9999 -9999 -9999 -9999 -9999 -9999 -9999 -9999 -9999 -9999 -9999 -9999 -9999 -9999 -9999 -9999 -9999 -9999 -9999 37 -9999 35 36 -9999 -9999 37 37 -9999 -9999 35 33 30 28 26 -9999 35 30 28 29 28 29 34 32 30 32 31 31 31 32 32 32 33 33 34 34 34 35 36 36 36 36 37 38 39 40 41
-9999 -9999 -9999 -9999 -9999 -9999 -9999 -9999 -9999 -9999 -9999 -9999 -9999 -9999 -9999 -9999 -9999 -9999 -9999 -9999 -9999 -9999 -9999 -9999 -9999 -9999 -9999 -9999 -9999 -9999 -9999 -9999 -9999 -9999 -9999 -9999 -9999 -9999 -9999 -9999 -9999 -9999 -9999 37 -9999 36 35 -9999 38 -9999 -9999 37 -9999 -9999 -9999 33 30 26 -9999 36 32 28 27 30 31 35 -9999 30 30 30 31 30 31 31 32 32 -9999 33 33 33 34 35 35 35 36 35 36 37 38 38
