resultados/variables_norteamerica/bio15.asc
ncols 469
nrows 225
xllcorner -169.133333
yllcorner 20.675000
cellsize 0.249840
NODATA_value -9999
[rows 0 to 39 of 225, columns 180 to 269 of 469]
-9999 -9999 -9999 -9999 -9999 -9999 -9999 -9999 -9999 -9999 -9999 -9999 -9999 -9999 -9999 72 71 70 71 72 71 71 71 69 70 70 71 72 71 70 70 -9999 -9999 -9999 -9999 -9999 -9999 -9999 -9999 74 74 -9999 -9999 -9999 -9999 -9999 -9999 -9999 -9999 -9999 -9999 -9999 -9999 -9999 -9999 -9999 -9999 -9999 -9999 -9999 -9999 -9999 -9999 -9999 -9999 -9999 -9999 -9999 -9999 -9999 -9999 -9999 -9999 -9999 -9999 -9999 -9999 -9999 -9999 -9999 -9999 -9999 -9999 -9999 -9999 -9999 -9999 -9999 -9999 -9999
-9999 -9999 -9999 -9999 -9999 -9999 -9999 -9999 -9999 -9999 -9999 85 85 79 74 72 73 73 73 71 72 -9999 72 -9999 -9999 70 71 72 -9999 -9999 -9999 -9999 -9999 -9999 -9999 -9999 -9999 -9999 -9999 -9999 -9999 -9999 -9999 -9999 -9999 -9999 -9999 -9999 -9999 -9999 -9999 -9999 -9999 -9999 -9999 -9999 -9999 -9999 75 76 76 74 -9999 -9999 -9999 -9999 -9999 -9999 -9999 -9999 -9999 -9999 -9999 -9999 -9999 -9999 -9999 -9999 78 70 70 71 -9999 -9999 -9999 -9999 -9999 -9999 -9999 -9999
-9999 -9999 -9999 -9999 -9999 -9999 -9999 84 80 77 76 75 74 74 74 73 71 73 72 69 68 70 -9999 -9999 -9999 72 72 71 72 -9999 -9999 -9999 -9999 70 76 77 77 76 78 77 -9999 -9999 -9999 -9999 -9999 -9999 -9999 -9999 -9999 -9999 -9999 -9999 -9999 -9999 -9999 -9999 76 76 76 76 76 75 74 73 -9999 -9999 -9999 -9999 -9999 -9999 -9999 -9999 -9999 -9999 -9999 -9999 -9999 -9999 -9999 -9999 69 71 71 68 -9999 -9999 -9999 -9999 -9999 71
-9999 -9999 -9999 -9999 -9999 -9999 -9999 77 -9999 76 74 74 74 -9999 73 70 70 69 70 -9999 -9999 -9999 -9999 -9999 -9999 72 74 -9999 -9999 -9999 72 73 72 70 71 71 71 72 71 73 72 70 72 75 74 74 73 -9999 -9999 -9999 -9999 -9999 -9999 -9999 -9999 -9999 -9999 -9999 -9999 -9999 75 75 74 73 71 73 -9999 -9999 -9999 -9999 71 73 -9999 -9999 -9999 -9999 -9999 -9999 -9999 -9999 -9999 -9999 -9999 -9999 -9999 -9999 71 70 -9999 -9999
-9999 -9999 -9999 -9999 -9999 -9999 -9999 -9999 -9999 -9999 -9999 -9999 -9999 -9999 -9999 69 69 -9999 -9999 -9999 -9999 -9999 68 68 69 -9999 -9999 -9999 -9999 -9999 -9999 -9999 -9999 -9999 -9999 -9999 -9999 72 71 70 71 71 70 71 70 71 73 73 -9999 -9999 -9999 -9999 -9999 -9999 -9999 -9999 -9999 -9999 74 74 74 75 74 74 73 -9999 72 71 -9999 -9999 69 67 64 69 75 -9999 -9999 -9999 -9999 -9999 -9999 -9999 -9999 69 -9999 67 70 -9999 70 70
-9999 -9999 -9999 -9999 -9999 -9999 -9999 -9999 -9999 -9999 -9999 -9999 -9999 -9999 -9999 -9999 -9999 -9999 -9999 -9999 -9999 68 67 -9999 -9999 -9999 -9999 -9999 -9999 -9999 -9999 -9999 -9999 70 70 70 69 67 66 68 70 68 69 68 69 72 72 71 74 76 75 -9999 -9999 80 79 -9999 -9999 -9999 -9999 -9999 -9999 -9999 74 74 74 72 71 71 70 68 73 74 70 67 -9999 -9999 -9999 -9999 -9999 -9999 -9999 -9999 -9999 -9999 -9999 -9999 72 -9999 -9999 -9999
-9999 -9999 -9999 -9999 -9999 -9999 -9999 -9999 -9999 -9999 -9999 -9999 -9999 -9999 -9999 -9999 -9999 -9999 -9999 -9999 -9999 -9999 -9999 -9999 -9999 -9999 -9999 67 69 67 67 67 66 67 66 66 66 66 68 69 -9999 -9999 -9999 69 68 70 72 72 71 74 75 75 82 79 72 73 72 71 72 75 75 74 74 74 74 73 72 72 69 69 67 68 74 69 -9999 -9999 -9999 -9999 -9999 75 79 -9999 -9999 -9999 -9999 -9999 -9999 -9999 -9999 -9999
-9999 -9999 -9999 -9999 -9999 -9999 -9999 -9999 -9999 -9999 -9999 -9999 -9999 -9999 -9999 -9999 -9999 -9999 -9999 -9999 -9999 -9999 -9999 -9999 -9999 -9999 -9999 -9999 -9999 -9999 -9999 -9999 68 68 69 -9999 69 71 -9999 -9999 -9999 -9999 -9999 -9999 -9999 -9999 -9999 -9999 -9999 -9999 -9999 73 72 72 71 73 72 70 71 73 74 -9999 74 73 74 71 71 70 69 72 76 74 -9999 -9999 -9999 -9999 -9999 -9999 -9999 -9999 -9999 -9999 -9999 -9999 -9999 -9999 -9999 -9999 -9999 -9999
-9999 -9999 -9999 -9999 -9999 -9999 -9999 -9999 -9999 -9999 -9999 -9999 -9999 -9999 -9999 -9999 -9999 -9999 -9999 -9999 -9999 -9999 -9999 -9999 -9999 -9999 -9999 -9999 -9999 -9999 -9999 -9999 -9999 -9999 -9999 -9999 -9999 -9999 -9999 -9999 -9999 -9999 -9999 -9999 73 73 71 70 71 72 75 76 74 74 71 74 73 -9999 76 -9999 -9999 -9999 -9999 -9999 -9999 -9999 -9999 -9999 -9999 -9999 -9999 -9999 -9999 -9999 -9999 -9999 -9999 -9999 -9999 -9999 -9999 -9999 -9999 -9999 -9999 -9999 -9999 -9999 -9999 -9999
-9999 -9999 -9999 -9999 -9999 -9999 -9999 -9999 -9999 72 72 -9999 -9999 -9999 -9999 -9999 -9999 -9999 -9999 -9999 -9999 -9999 -9999 -9999 -9999 -9999 -9999 -9999 -9999 -9999 -9999 -9999 -9999 -9999 -9999 -9999 -9999 -9999 -9999 -9999 -9999 69 71 73 73 72 72 71 72 74 76 -9999 -9999 -9999 -9999 -9999 -9999 -9999 -9999 -9999 -9999 -9999 -9999 -9999 -9999 -9999 -9999 -9999 -9999 -9999 -9999 -9999 -9999 -9999 -9999 -9999 -9999 -9999 -9999 -9999 -9999 -9999 -9999 -9999 -9999 -9999 -9999 -9999 -9999 -9999
71 70 72 72 72 72 72 71 69 68 67 67 68 -9999 -9999 -9999 -9999 -9999 -9999 -9999 -9999 -9999 -9999 -9999 -9999 -9999 -9999 -9999 -9999 -9999 -9999 -9999 -9999 -9999 -9999 -9999 -9999 -9999 -9999 -9999 -9999 -9999 -9999 -9999 -9999 -9999 -9999 -9999 -9999 -9999 -9999 -9999 -9999 -9999 -9999 -9999 -9999 -9999 -9999 -9999 -9999 -9999 -9999 -9999 -9999 -9999 -9999 -9999 -9999 -9999 -9999 -9999 -9999 -9999 -9999 -9999 -9999 -9999 -9999 -9999 -9999 -9999 -9999 -9999 -9999 -9999 -9999 -9999 -9999 -9999
70 72 73 73 71 70 67 67 67 68 68 68 68 67 68 69 67 -9999 65 66 -9999 67 67 66 67 67 67 67 68 -9999 -9999 -9999 -9999 -9999 -9999 -9999 -9999 -9999 -9999 -9999 -9999 -9999 -9999 -9999 -9999 -9999 -9999 -9999 -9999 -9999 -9999 -9999 -9999 -9999 -9999 -9999 -9999 -9999 -9999 -9999 -9999 -9999 -9999 -9999 -9999 -9999 -9999 -9999 -9999 -9999 -9999 -9999 -9999 -9999 -9999 -9999 -9999 -9999 -9999 -9999 -9999 -9999 -9999 -9999 -9999 -9999 -9999 -9999 -9999 -9999
70 74 72 68 67 66 67 67 67 68 69 68 69 67 68 67 65 66 65 66 65 64 64 65 64 65 68 67 69 69 70 -9999 -9999 -9999 -9999 -9999 -9999 -9999 -9999 -9999 -9999 -9999 -9999 -9999 -9999 -9999 -9999 -9999 -9999 -9999 -9999 -9999 -9999 -9999 -9999 -9999 -9999 -9999 -9999 -9999 -9999 -9999 -9999 -9999 -9999 -9999 -9999 -9999 -9999 -9999 -9999 -9999 -9999 -9999 -9999 -9999 -9999 -9999 -9999 -9999 -9999 -9999 -9999 -9999 -9999 -9999 -9999 -9999 -9999 -9999
73 70 68 65 67 67 68 68 68 69 68 67 65 64 64 66 65 66 67 68 65 65 65 66 64 66 68 66 66 65 68 70 70 69 70 -9999 -9999 -9999 -9999 -9999 -9999 -9999 -9999 -9999 -9999 -9999 -9999 -9999 -9999 -9999 -9999 -9999 -9999 -9999 -9999 -9999 -9999 -9999 -9999 -9999 -9999 -9999 -9999 -9999 -9999 -9999 -9999 -9999 -9999 73 69 66 67 67 68 67 68 69 69 -9999 -9999 -9999 -9999 -9999 -9999 -9999 -9999 -9999 -9999 -9999
66 66 67 67 68 69 69 69 67 65 64 65 65 66 66 65 67 66 67 68 69 69 69 67 65 65 67 67 67 66 65 69 70 -9999 -9999 -9999 -9999 -9999 72 -9999 -9999 -9999 -9999 -9999 -9999 -9999 -9999 -9999 -9999 -9999 -9999 -9999 -9999 -9999 -9999 -9999 -9999 -9999 -9999 -9999 -9999 -9999 -9999 -9999 -9999 -9999 -9999 -9999 -9999 -9999 -9999 70 67 67 68 68 69 68 69 -9999 -9999 -9999 -9999 -9999 -9999 -9999 -9999 -9999 -9999 -9999
67 68 68 68 69 68 67 65 64 65 65 66 67 65 63 65 67 65 68 67 68 -9999 67 -9999 68 68 67 -9999 -9999 -9999 70 69 69 68 69 70 70 69 69 72 72 -9999 -9999 -9999 -9999 -9999 -9999 -9999 -9999 -9999 -9999 -9999 -9999 -9999 -9999 -9999 -9999 -9999 -9999 -9999 -9999 -9999 -9999 -9999 74 73 72 72 72 71 70 70 70 70 68 68 68 -9999 -9999 -9999 -9999 -9999 -9999 -9999 -9999 -9999 -9999 75 74 -9999
68 68 67 66 65 64 64 66 66 66 66 67 67 65 65 64 64 66 67 65 65 65 65 66 -9999 -9999 -9999 68 67 66 68 69 68 67 68 68 68 69 69 71 73 -9999 -9999 75 72 73 74 74 75 -9999 -9999 -9999 -9999 -9999 77 73 74 75 -9999 -9999 -9999 -9999 -9999 -9999 74 73 70 69 70 73 72 71 69 69 69 -9999 -9999 -9999 -9999 -9999 -9999 -9999 -9999 -9999 -9999 -9999 74 74 75 77
67 64 64 64 64 65 66 66 65 67 65 64 63 64 64 64 65 65 65 -9999 -9999 -9999 -9999 66 66 65 65 66 68 68 69 68 69 68 68 67 69 71 75 73 74 71 72 73 74 74 73 73 73 75 75 -9999 -9999 74 75 -9999 -9999 -9999 75 75 74 76 -9999 -9999 -9999 -9999 71 68 68 -9999 70 68 69 68 70 71 -9999 -9999 -9999 -9999 -9999 -9999 -9999 -9999 -9999 -9999 -9999 -9999 77 77
63 63 64 65 66 66 66 64 63 63 63 64 64 64 -9999 65 65 66 66 -9999 -9999 -9999 -9999 67 68 67 65 65 -9999 66 67 69 68 68 68 69 70 69 70 70 70 70 70 70 70 70 73 73 72 -9999 73 -9999 74 73 73 73 73 73 73 73 73 75 -9999 -9999 -9999 -9999 73 69 68 69 68 67 68 69 67 70 -9999 -9999 -9999 -9999 -9999 -9999 -9999 -9999 -9999 -9999 -9999 -9999 -9999 78
63 62 62 62 62 62 62 63 64 64 65 66 66 66 66 -9999 -9999 -9999 -9999 -9999 -9999 66 66 66 66 65 66 65 66 65 66 66 65 67 68 67 68 68 68 69 69 70 -9999 68 70 71 73 72 71 70 71 70 73 72 70 72 71 71 71 72 73 75 73 -9999 -9999 -9999 75 75 71 69 68 -9999 70 69 69 68 68 -9999 -9999 -9999 -9999 -9999 -9999 -9999 -9999 -9999 -9999 -9999 -9999 -9999
60 59 60 61 62 63 64 64 64 65 66 66 65 63 65 -9999 -9999 -9999 -9999 -9999 66 66 65 64 65 64 64 64 65 66 65 65 65 65 67 67 67 68 66 67 69 69 68 67 68 69 68 71 71 71 69 68 70 71 72 72 70 72 72 75 73 74 73 76 -9999 -9999 -9999 -9999 72 69 71 72 71 71 70 69 69 70 -9999 -9999 -9999 -9999 -9999 -9999 -9999 -9999 -9999 -9999 -9999 -9999
-9999 60 61 62 62 62 63 62 63 67 66 63 64 64 65 -9999 -9999 -9999 -9999 -9999 -9999 -9999 -9999 -9999 -9999 -9999 65 64 63 62 63 66 66 -9999 -9999 67 -9999 68 68 66 66 70 69 68 69 68 70 72 73 71 70 71 71 73 71 72 72 72 73 78 75 74 73 72 70 69 69 69 70 70 72 72 71 70 67 68 70 71 70 70 -9999 -9999 -9999 -9999 -9999 -9999 -9999 -9999 -9999 -9999
-9999 -9999 -9999 60 60 60 60 61 65 -9999 -9999 -9999 -9999 -9999 -9999 -9999 -9999 -9999 -9999 -9999 -9999 -9999 -9999 -9999 -9999 -9999 -9999 -9999 -9999 -9999 -9999 -9999 -9999 -9999 66 66 65 66 67 67 68 69 70 68 69 69 71 72 72 71 70 70 70 70 71 72 73 72 73 76 78 76 76 76 75 -9999 73 73 74 73 72 71 67 66 65 65 66 66 67 -9999 -9999 -9999 -9999 -9999 -9999 -9999 -9999 -9999 -9999 -9999
-9999 -9999 -9999 -9999 -9999 -9999 -9999 -9999 -9999 -9999 -9999 -9999 -9999 -9999 -9999 -9999 -9999 -9999 -9999 -9999 -9999 -9999 -9999 -9999 63 62 62 63 64 64 64 64 64 64 66 66 66 66 65 67 68 69 69 69 70 70 72 72 71 70 70 70 70 69 69 70 73 74 74 72 74 76 77 76 76 72 73 73 71 69 -9999 68 67 66 66 66 67 67 -9999 -9999 -9999 -9999 -9999 -9999 -9999 -9999 -9999 -9999 -9999 -9999
-9999 -9999 -9999 -9999 -9999 -9999 -9999 -9999 -9999 -9999 -9999 -9999 -9999 -9999 -9999 -9999 -9999 -9999 -9999 -9999 -9999 -9999 -9999 -9999 64 62 64 63 63 63 63 63 64 64 64 65 66 67 66 67 67 69 69 70 -9999 69 71 72 -9999 72 71 71 72 71 72 72 73 75 75 74 73 73 73 76 72 71 70 70 69 70 69 -9999 69 69 69 68 68 69 70 71 -9999 -9999 -9999 -9999 -9999 -9999 -9999 -9999 -9999 -9999
-9999 -9999 -9999 -9999 -9999 -9999 -9999 -9999 -9999 -9999 -9999 -9999 -9999 -9999 -9999 -9999 -9999 -9999 -9999 -9999 -9999 -9999 -9999 -9999 -9999 -9999 -9999 -9999 -9999 -9999 -9999 -9999 -9999 -9999 -9999 -9999 -9999 -9999 -9999 -9999 -9999 -9999 -9999 -9999 -9999 -9999 72 73 72 73 74 74 76 75 70 70 71 75 76 75 75 75 74 74 73 72 71 67 66 67 67 67 67 68 66 65 64 65 65 68 71 72 72 72 -9999 73 -9999 -9999 -9999 -9999
-9999 -9999 -9999 -9999 -9999 -9999 -9999 -9999 -9999 -9999 -9999 -9999 -9999 -9999 -9999 -9999 -9999 -9999 -9999 -9999 -9999 -9999 -9999 -9999 -9999 -9999 -9999 -9999 -9999 -9999 -9999 -9999 -9999 -9999 -9999 -9999 -9999 -9999 -9999 -9999 -9999 -9999 -9999 -9999 -9999 -9999 -9999 -9999 -9999 76 75 75 75 76 76 76 77 76 76 76 76 75 73 72 72 68 68 67 68 68 67 68 69 68 -9999 67 67 68 67 67 67 67 68 72 74 74 74 75 -9999 -9999
-9999 -9999 -9999 -9999 -9999 -9999 -9999 -9999 -9999 -9999 -9999 -9999 -9999 -9999 -9999 -9999 -9999 -9999 -9999 -9999 -9999 -9999 -9999 -9999 -9999 -9999 -9999 65 63 65 64 65 64 63 63 64 66 65 64 66 66 66 68 69 70 70 69 70 71 74 75 75 77 77 78 76 76 76 77 77 77 75 74 74 73 72 71 -9999 -9999 -9999 68 70 68 64 64 63 64 66 -9999 68 68 69 69 68 69 75 76 77 77 77
-9999 -9999 -9999 -9999 -9999 -9999 -9999 -9999 -9999 -9999 -9999 -9999 -9999 -9999 -9999 -9999 -9999 -9999 -9999 -9999 -9999 -9999 -9999 -9999 -9999 -9999 -9999 66 66 64 64 64 64 64 64 63 63 64 64 63 64 66 66 67 68 71 -9999 70 70 69 69 71 72 72 73 72 72 73 77 77 77 76 75 75 74 72 70 70 69 70 69 67 65 64 65 64 63 63 64 68 69 69 69 -9999 69 74 77 77 -9999 78
-9999 -9999 -9999 -9999 57 58 59 59 59 61 63 64 66 67 -9999 -9999 -9999 -9999 -9999 -9999 -9999 -9999 -9999 -9999 -9999 -9999 -9999 -9999 -9999 -9999 67 64 65 64 63 63 63 63 63 64 65 65 66 67 67 68 69 71 70 68 68 68 69 70 71 73 -9999 73 74 75 74 72 72 72 72 71 71 70 70 70 70 67 65 65 64 64 65 65 64 64 68 70 71 70 -9999 -9999 -9999 -9999 -9999 -9999
-9999 -9999 -9999 56 56 56 58 59 60 61 61 62 64 65 64 65 -9999 -9999 -9999 -9999 -9999 -9999 -9999 -9999 -9999 -9999 -9999 -9999 -9999 -9999 -9999 64 64 65 64 63 63 65 65 66 65 67 69 70 71 70 69 69 68 68 69 68 68 70 72 71 75 76 76 76 76 75 75 74 70 67 68 69 69 70 -9999 -9999 66 65 62 62 -9999 -9999 66 66 66 68 72 72 70 -9999 73 79 81 -9999
53 54 54 55 55 56 57 57 58 59 60 61 61 62 62 62 61 62 61 61 62 62 63 63 -9999 -9999 -9999 -9999 -9999 -9999 -9999 -9999 -9999 -9999 -9999 -9999 -9999 -9999 -9999 -9999 -9999 -9999 -9999 70 69 69 68 68 69 69 69 69 69 69 70 73 75 75 76 76 76 77 72 71 70 70 69 68 -9999 -9999 -9999 -9999 -9999 -9999 -9999 -9999 -9999 62 65 68 67 67 68 73 74 73 73 77 82 81
53 53 54 54 54 55 56 57 58 58 59 61 61 61 62 60 60 59 59 58 59 60 60 62 62 63 64 64 65 -9999 -9999 -9999 63 62 62 61 -9999 -9999 -9999 -9999 -9999 -9999 69 71 71 71 71 71 71 -9999 71 72 72 72 71 -9999 71 72 75 78 78 77 -9999 -9999 -9999 -9999 -9999 -9999 -9999 -9999 -9999 -9999 -9999 -9999 -9999 -9999 -9999 -9999 65 -9999 68 68 69 74 75 73 73 -9999 -9999 -9999
53 54 54 54 55 55 56 57 57 57 57 58 59 60 60 59 58 -9999 57 56 57 58 59 60 60 60 61 62 62 62 62 61 60 60 59 59 59 61 61 62 -9999 -9999 -9999 -9999 69 69 70 70 71 -9999 -9999 -9999 -9999 -9999 -9999 -9999 -9999 -9999 -9999 -9999 -9999 -9999 -9999 71 71 70 70 68 65 65 65 64 -9999 -9999 63 -9999 -9999 64 -9999 -9999 -9999 -9999 -9999 -9999 -9999 -9999 -9999 -9999 -9999 -9999
52 53 53 53 54 54 55 55 56 57 57 58 58 58 59 57 57 -9999 56 56 57 58 58 59 60 60 60 59 60 60 60 59 58 58 58 58 59 59 60 61 62 -9999 -9999 -9999 -9999 -9999 -9999 -9999 -9999 -9999 -9999 -9999 -9999 -9999 -9999 -9999 -9999 -9999 -9999 -9999 -9999 -9999 72 71 71 71 71 69 65 -9999 65 -9999 65 64 64 -9999 -9999 -9999 -9999 -9999 -9999 -9999 -9999 -9999 -9999 -9999 -9999 -9999 -9999 -9999
51 52 53 53 53 53 54 55 56 56 57 58 58 58 57 57 56 56 55 57 57 58 57 59 59 59 59 59 59 59 57 57 56 56 56 -9999 -9999 -9999 -9999 -9999 -9999 -9999 -9999 -9999 -9999 -9999 -9999 -9999 -9999 -9999 -9999 -9999 -9999 -9999 -9999 -9999 -9999 -9999 -9999 73 -9999 -9999 -9999 -9999 -9999 -9999 67 -9999 65 64 65 64 63 63 62 62 63 64 65 -9999 -9999 -9999 -9999 68 -9999 -9999 -9999 -9999 -9999 -9999
52 52 52 53 53 52 53 54 55 54 54 55 55 55 56 57 56 55 56 55 55 56 56 56 56 56 57 58 58 57 58 57 56 56 56 -9999 -9999 -9999 -9999 -9999 -9999 -9999 -9999 -9999 -9999 -9999 -9999 -9999 -9999 -9999 -9999 -9999 -9999 -9999 -9999 69 69 -9999 -9999 -9999 -9999 69 -9999 -9999 -9999 -9999 67 65 64 64 63 64 64 64 64 63 63 63 62 64 66 67 68 67 -9999 -9999 -9999 -9999 -9999 -9999
53 52 53 54 53 53 53 53 53 54 -9999 55 55 55 55 55 55 55 54 54 54 54 54 53 54 54 54 54 54 54 54 54 54 54 54 53 53 53 54 55 56 56 57 58 59 59 60 61 63 62 63 63 63 64 65 66 66 66 66 68 68 -9999 -9999 -9999 67 -9999 65 64 64 62 63 63 62 62 63 64 64 65 65 65 65 65 67 68 69 70 71 72 73 74
52 52 52 52 52 52 52 52 53 52 53 53 55 55 54 54 -9999 53 52 53 53 53 53 53 53 54 53 53 53 53 53 52 52 52 52 51 51 51 52 53 54 55 55 56 57 58 59 59 59 59 60 61 63 63 62 62 63 63 64 64 65 66 66 66 -9999 -9999 63 63 63 63 62 62 61 61 62 62 62 63 63 65 65 67 67 67 66 67 69 71 72 72
51 50 51 51 51 51 51 52 52 52 52 53 53 54 54 54 53 53 53 53 53 53 53 53 52 51 51 51 51 51 51 51 51 51 51 50 50 51 51 52 52 53 54 54 56 57 57 58 58 58 58 59 60 60 60 61 61 62 61 61 61 63 64 -9999 -9999 -9999 -9999 -9999 63 62 60 60 60 59 60 62 62 62 64 64 64 64 65 67 68 69 69 69 69 71
