resultados/variables_norteamerica/bio1.asc
ncols 469
nrows 225
xllcorner -169.133333
yllcorner 20.675000
cellsize 0.249840
NODATA_value -9999
[rows 0 to 39 of 225, columns 270 to 359 of 469]
-9999 -9999 -9999 -9999 -9999 -9999 -9999 -9999 -9999 -9999 -9999 -9999 -9999 -9999 -9999 -9999 -9999 -9999 -9999 -9999 -181 -182 -184 -187 -187 -185 -185 -181 -180 -178 -177 -177 -9999 -9999 -9999 -9999 -9999 -9999 -9999 -9999 -9999 -9999 -9999 -9999 -9999 -9999 -9999 -9999 -9999 -177 -180 -179 -180 -185 -191 -188 -185 -190 -193 -194 -199 -212 -222 -218 -204 -205 -205 -207 -203 -195 -194 -192 -189 -183 -186 -183 -185 -185 -185 -178 -183 -190 -193 -200 -200 -191 -184 -183 -178 -170
-9999 -9999 -9999 -9999 -188 -192 -192 -188 -187 -9999 -9999 -183 -186 -184 -9999 -9999 -9999 -9999 -9999 -9999 -9999 -9999 -9999 -9999 -180 -181 -183 -182 -184 -180 -182 -178 -179 -176 -176 -175 -174 -175 -178 -178 -177 -175 -175 -176 -9999 -9999 -185 -178 -9999 -180 -182 -180 -174 -9999 -187 -179 -9999 -181 -182 -180 -181 -9999 -188 -190 -193 -185 -9999 -9999 -180 -176 -174 -181 -179 -176 -180 -187 -192 -181 -9999 -189 -186 -186 -184 -185 -186 -197 -199 -199 -192 -185
-193 -189 -9999 -9999 -9999 -9999 -187 -188 -188 -187 -185 -186 -186 -185 -181 -179 -9999 -9999 -9999 -9999 -9999 -9999 -9999 -9999 -9999 -174 -173 -174 -175 -177 -176 -176 -174 -177 -174 -174 -175 -177 -182 -180 -180 -179 -180 -179 -180 -179 -9999 -9999 -9999 -9999 -9999 -9999 -9999 -9999 -9999 -9999 -9999 -9999 -9999 -173 -9999 -9999 -175 -171 -175 -174 -173 -170 -9999 -9999 -9999 -9999 -9999 -9999 -9999 -9999 -9999 -9999 -9999 -9999 -9999 -9999 -9999 -9999 -190 -196 -192 -192 -184 -173
-189 -188 -188 -188 -187 -186 -9999 -186 -186 -187 -186 -186 -185 -183 -183 -181 -9999 -9999 -9999 -9999 -9999 -9999 -9999 -9999 -9999 -9999 -9999 -9999 -9999 -9999 -9999 -9999 -9999 -9999 -9999 -9999 -170 -171 -172 -175 -177 -174 -172 -171 -171 -172 -9999 -9999 -9999 -9999 -9999 -9999 -9999 -9999 -9999 -9999 -9999 -9999 -9999 -9999 -9999 -9999 -9999 -9999 -9999 -9999 -9999 -9999 -9999 -9999 -9999 -9999 -9999 -9999 -9999 -9999 -9999 -9999 -9999 -9999 -9999 -9999 -9999 -9999 -9999 -9999 -9999 -9999 -9999 -9999
-9999 -186 -186 -187 -186 -185 -184 -184 -185 -185 -184 -184 -183 -182 -179 -176 -9999 -9999 -9999 -9999 -9999 -9999 -9999 -9999 -9999 -9999 -9999 -9999 -171 -9999 -9999 -9999 -9999 -9999 -9999 -9999 -9999 -9999 -167 -170 -172 -172 -171 -172 -172 -172 -172 -170 -9999 -9999 -9999 -9999 -9999 -9999 -9999 -9999 -9999 -9999 -9999 -9999 -9999 -9999 -9999 -9999 -9999 -9999 -9999 -9999 -9999 -9999 -9999 -9999 -9999 -9999 -9999 -9999 -9999 -9999 -9999 -9999 -9999 -9999 -9999 -9999 -9999 -9999 -9999 -9999 -167 -171
-9999 -9999 -9999 -9999 -9999 -9999 -9999 -9999 -181 -182 -182 -182 -181 -180 -177 -9999 -176 -9999 -9999 -9999 -169 -9999 -167 -9999 -165 -165 -167 -167 -168 -168 -9999 -9999 -9999 -9999 -9999 -9999 -9999 -9999 -168 -169 -169 -170 -171 -174 -175 -172 -170 -169 -171 -170 -9999 -9999 -166 -167 -9999 -166 -9999 -168 -9999 -9999 -9999 -9999 -9999 -9999 -165 -161 -166 -168 -171 -177 -181 -189 -192 -191 -197 -205 -206 -209 -211 -200 -185 -184 -187 -183 -178 -171 -161 -9999 -9999 -9999
-9999 -9999 -9999 -9999 -9999 -179 -178 -180 -181 -182 -182 -183 -181 -179 -174 -9999 -9999 -9999 -9999 -9999 -9999 -9999 -9999 -9999 -167 -168 -168 -167 -167 -166 -167 -167 -9999 -9999 -9999 -9999 -9999 -9999 -169 -169 -169 -169 -171 -172 -174 -174 -174 -174 -171 -172 -172 -169 -168 -171 -172 -172 -170 -171 -170 -170 -9999 -9999 -167 -169 -169 -171 -173 -174 -184 -196 -204 -209 -214 -219 -222 -226 -229 -229 -229 -222 -213 -215 -206 -204 -193 -187 -182 -169 -161 -9999
-9999 -9999 -9999 -9999 -9999 -9999 -176 -176 -177 -9999 -179 -9999 -180 -179 -176 -9999 -9999 -9999 -9999 -9999 -166 -167 -167 -170 -166 -165 -166 -167 -167 -168 -167 -168 -166 -9999 -9999 -9999 -9999 -9999 -166 -167 -168 -170 -172 -173 -172 -173 -174 -173 -173 -173 -173 -172 -172 -171 -172 -173 -170 -171 -171 -173 -173 -171 -167 -173 -177 -178 -179 -178 -180 -180 -9999 -185 -186 -191 -199 -201 -204 -207 -207 -200 -196 -190 -187 -179 -170 -9999 -9999 -9999 -9999 -9999
-9999 -9999 -9999 -9999 -9999 -9999 -9999 -9999 -9999 -9999 -9999 -9999 -9999 -9999 -9999 -9999 -9999 -9999 -9999 -9999 -9999 -9999 -9999 -9999 -162 -162 -162 -164 -166 -166 -166 -167 -167 -9999 -9999 -9999 -9999 -9999 -9999 -166 -167 -170 -168 -168 -169 -171 -171 -173 -176 -171 -171 -167 -9999 -165 -170 -169 -170 -170 -176 -176 -178 -176 -174 -175 -172 -174 -172 -174 -171 -164 -160 -158 -9999 -9999 -165 -170 -182 -191 -199 -194 -185 -179 -176 -171 -162 -156 -153 -153 -153 -9999
-9999 -9999 -9999 -9999 -9999 -9999 -9999 -9999 -9999 -9999 -9999 -9999 -9999 -9999 -9999 -9999 -169 -170 -9999 -9999 -9999 -9999 -9999 -9999 -163 -162 -9999 -9999 -9999 -9999 -9999 -9999 -9999 -9999 -9999 -9999 -9999 -9999 -9999 -9999 -9999 -9999 -9999 -9999 -9999 -9999 -9999 -9999 -9999 -9999 -9999 -9999 -162 -165 -166 -168 -175 -9999 -166 -162 -168 -166 -162 -170 -159 -9999 -9999 -159 -162 -168 -9999 -9999 -9999 -9999 -9999 -9999 -157 -9999 -178 -185 -173 -9999 -9999 -9999 -9999 -9999 -9999 -9999 -9999 -9999
-9999 -9999 -9999 -9999 -9999 -9999 -9999 -9999 -9999 -9999 -9999 -9999 -9999 -9999 -9999 -9999 -9999 -9999 -9999 -9999 -9999 -9999 -9999 -9999 -9999 -9999 -9999 -9999 -9999 -9999 -9999 -9999 -9999 -9999 -9999 -9999 -9999 -9999 -9999 -9999 -9999 -9999 -9999 -9999 -9999 -9999 -9999 -9999 -9999 -9999 -9999 -9999 -9999 -9999 -9999 -9999 -9999 -9999 -9999 -9999 -9999 -9999 -9999 -9999 -9999 -9999 -9999 -9999 -9999 -9999 -9999 -9999 -9999 -9999 -9999 -9999 -9999 -9999 -9999 -9999 -9999 -9999 -9999 -9999 -9999 -9999 -9999 -9999 -9999 -9999
-9999 -9999 -9999 -9999 -9999 -9999 -9999 -9999 -9999 -9999 -9999 -9999 -9999 -9999 -173 -172 -9999 -9999 -9999 -9999 -9999 -9999 -9999 -9999 -9999 -9999 -9999 -9999 -162 -163 -163 -161 -163 -166 -163 -163 -161 -9999 -9999 -9999 -9999 -9999 -9999 -9999 -9999 -9999 -160 -9999 -9999 -9999 -9999 -9999 -9999 -9999 -9999 -9999 -9999 -9999 -9999 -9999 -9999 -9999 -9999 -9999 -9999 -9999 -9999 -9999 -9999 -9999 -9999 -9999 -9999 -9999 -9999 -9999 -9999 -9999 -9999 -9999 -9999 -9999 -9999 -9999 -9999 -9999 -9999 -9999 -9999 -9999
-9999 -9999 -9999 -9999 -9999 -9999 -171 -9999 -9999 -9999 -169 -168 -171 -172 -9999 -9999 -168 -9999 -9999 -9999 -9999 -9999 -9999 -9999 -9999 -9999 -163 -163 -165 -166 -167 -167 -166 -165 -164 -165 -166 -165 -165 -167 -167 -168 -166 -163 -164 -158 -9999 -9999 -9999 -9999 -9999 -9999 -9999 -9999 -9999 -9999 -9999 -9999 -9999 -9999 -9999 -9999 -9999 -9999 -9999 -9999 -9999 -9999 -9999 -9999 -9999 -9999 -9999 -9999 -9999 -9999 -9999 -9999 -9999 -9999 -9999 -9999 -9999 -9999 -9999 -9999 -9999 -9999 -9999 -9999
-9999 -169 -170 -170 -171 -174 -175 -175 -174 -173 -174 -173 -173 -172 -170 -168 -9999 -9999 -9999 -9999 -9999 -9999 -9999 -9999 -161 -164 -169 -167 -165 -165 -167 -169 -169 -168 -168 -167 -168 -168 -169 -169 -167 -164 -164 -9999 -9999 -9999 -9999 -9999 -9999 -9999 -9999 -9999 -9999 -9999 -161 -161 -160 -160 -157 -157 -157 -157 -156 -154 -153 -9999 -9999 -9999 -9999 -9999 -9999 -9999 -153 -161 -161 -155 -156 -163 -160 -160 -153 -152 -9999 -9999 -172 -180 -187 -193 -176 -180
-9999 -9999 -170 -171 -168 -9999 -171 -174 -173 -173 -173 -172 -172 -171 -169 -165 -166 -169 -9999 -9999 -9999 -9999 -9999 -9999 -164 -169 -170 -171 -172 -168 -167 -169 -169 -169 -168 -168 -168 -168 -167 -166 -165 -164 -9999 -9999 -9999 -9999 -9999 -9999 -9999 -9999 -9999 -9999 -159 -160 -160 -160 -159 -159 -158 -157 -156 -154 -156 -9999 -9999 -9999 -9999 -148 -150 -151 -155 -157 -158 -163 -175 -172 -165 -167 -167 -166 -161 -158 -9999 -9999 -162 -171 -173 -185 -189 -198
-9999 -9999 -9999 -9999 -9999 -9999 -168 -170 -171 -171 -172 -171 -169 -169 -9999 -9999 -9999 -9999 -165 -169 -9999 -9999 -9999 -9999 -166 -167 -167 -170 -173 -167 -167 -166 -163 -163 -164 -165 -163 -163 -163 -161 -9999 -9999 -9999 -9999 -9999 -9999 -9999 -9999 -9999 -9999 -156 -158 -160 -160 -160 -159 -158 -157 -156 -156 -155 -153 -9999 -9999 -9999 -143 -145 -145 -148 -148 -9999 -9999 -154 -160 -163 -169 -169 -169 -166 -169 -169 -171 -170 -157 -9999 -9999 -150 -156 -163 -172
-166 -9999 -9999 -9999 -9999 -9999 -167 -168 -170 -170 -168 -166 -166 -9999 -167 -166 -164 -9999 -9999 -9999 -9999 -9999 -9999 -9999 -164 -167 -9999 -9999 -167 -166 -162 -161 -158 -156 -157 -160 -160 -162 -160 -159 -9999 -9999 -9999 -9999 -9999 -9999 -9999 -9999 -9999 -9999 -155 -158 -159 -156 -154 -154 -153 -151 -149 -149 -9999 -9999 -9999 -9999 -150 -155 -152 -154 -9999 -147 -147 -150 -153 -161 -163 -168 -166 -165 -165 -163 -162 -163 -159 -156 -9999 -9999 -9999 -149 -153 -156
-167 -166 -166 -166 -166 -166 -167 -167 -168 -167 -166 -165 -165 -165 -165 -166 -165 -163 -163 -168 -170 -9999 -9999 -9999 -9999 -9999 -163 -166 -165 -162 -161 -161 -157 -9999 -9999 -9999 -9999 -9999 -9999 -9999 -9999 -9999 -9999 -9999 -9999 -9999 -9999 -9999 -153 -154 -154 -155 -153 -152 -153 -151 -150 -152 -153 -149 -144 -9999 -9999 -9999 -145 -150 -155 -152 -149 -154 -152 -149 -148 -154 -157 -161 -164 -165 -165 -163 -162 -162 -164 -162 -9999 -9999 -9999 -9999 -9999 -9999
-166 -165 -165 -165 -165 -166 -166 -167 -168 -167 -166 -166 -166 -165 -164 -167 -167 -167 -164 -165 -166 -9999 -9999 -9999 -9999 -9999 -163 -169 -169 -166 -162 -160 -9999 -9999 -9999 -9999 -9999 -9999 -9999 -9999 -9999 -9999 -9999 -9999 -9999 -9999 -9999 -153 -153 -153 -152 -152 -152 -151 -150 -150 -149 -150 -150 -148 -144 -142 -9999 -9999 -9999 -9999 -9999 -9999 -9999 -143 -145 -146 -149 -152 -157 -158 -157 -162 -156 -151 -153 -154 -9999 -155 -9999 -9999 -153 -153 -154 -9999
-9999 -9999 -9999 -9999 -9999 -9999 -165 -165 -165 -166 -167 -168 -167 -165 -164 -168 -168 -166 -163 -164 -9999 -9999 -9999 -9999 -9999 -9999 -162 -164 -165 -165 -9999 -9999 -9999 -9999 -9999 -9999 -9999 -9999 -9999 -9999 -9999 -9999 -9999 -9999 -9999 -9999 -9999 -150 -152 -153 -152 -152 -152 -152 -151 -149 -148 -149 -149 -148 -143 -9999 -9999 -9999 -136 -138 -139 -139 -138 -137 -140 -142 -144 -146 -147 -149 -151 -152 -149 -150 -144 -146 -149 -150 -9999 -154 -153 -153 -151 -152
-9999 -9999 -9999 -9999 -9999 -9999 -163 -163 -163 -163 -164 -164 -163 -162 -163 -164 -164 -163 -162 -161 -162 -9999 -9999 -9999 -9999 -9999 -162 -162 -160 -9999 -9999 -9999 -9999 -9999 -9999 -9999 -9999 -9999 -9999 -9999 -9999 -9999 -9999 -9999 -9999 -9999 -9999 -149 -151 -152 -152 -153 -153 -152 -152 -150 -149 -149 -147 -146 -145 -142 -9999 -9999 -9999 -138 -141 -140 -137 -136 -138 -144 -146 -146 -145 -147 -148 -150 -150 -149 -148 -149 -149 -150 -155 -163 -161 -165 -166 -160
-9999 -9999 -9999 -9999 -9999 -9999 -9999 -9999 -9999 -9999 -163 -163 -162 -162 -9999 -9999 -9999 -9999 -9999 -9999 -9999 -9999 -9999 -9999 -163 -164 -165 -163 -162 -159 -9999 -156 -154 -9999 -9999 -9999 -9999 -9999 -9999 -9999 -9999 -9999 -9999 -9999 -9999 -9999 -9999 -148 -150 -152 -152 -152 -151 -151 -150 -148 -147 -147 -146 -146 -145 -143 -141 -140 -9999 -9999 -9999 -9999 -9999 -136 -138 -140 -140 -142 -145 -146 -147 -149 -149 -150 -151 -152 -152 -153 -155 -152 -155 -162 -164 -166
-9999 -9999 -9999 -9999 -9999 -9999 -9999 -9999 -9999 -9999 -162 -162 -162 -162 -9999 -9999 -9999 -9999 -9999 -9999 -9999 -9999 -167 -165 -9999 -164 -168 -169 -168 -166 -9999 -161 -156 -154 -9999 -9999 -9999 -9999 -9999 -9999 -9999 -9999 -9999 -9999 -9999 -9999 -9999 -9999 -147 -147 -147 -147 -146 -9999 -144 -142 -142 -142 -143 -143 -142 -140 -140 -139 -136 -134 -133 -9999 -135 -137 -136 -137 -138 -141 -142 -142 -142 -145 -147 -150 -152 -151 -152 -152 -152 -149 -150 -151 -152 -154
-9999 -9999 -9999 -9999 -9999 -9999 -9999 -9999 -9999 -9999 -9999 -9999 -9999 -9999 -9999 -9999 -9999 -9999 -9999 -9999 -9999 -9999 -166 -167 -162 -161 -168 -170 -170 -171 -172 -167 -160 -156 -154 -9999 -9999 -9999 -9999 -9999 -9999 -9999 -9999 -9999 -9999 -9999 -9999 -9999 -9999 -143 -9999 -9999 -9999 -9999 -9999 -9999 -9999 -9999 -139 -138 -138 -9999 -9999 -136 -135 -135 -134 -9999 -136 -138 -138 -139 -139 -140 -140 -141 -141 -143 -144 -145 -145 -145 -146 -146 -147 -147 -147 -147 -147 -146
-9999 -9999 -9999 -9999 -9999 -9999 -9999 -9999 -9999 -9999 -9999 -9999 -9999 -9999 -9999 -9999 -9999 -9999 -9999 -9999 -9999 -165 -165 -168 -169 -165 -172 -174 -174 -174 -173 -172 -167 -164 -159 -9999 -9999 -9999 -9999 -9999 -9999 -9999 -9999 -9999 -9999 -9999 -9999 -9999 -9999 -9999 -144 -144 -144 -143 -143 -143 -142 -142 -140 -141 -142 -141 -140 -140 -140 -138 -135 -133 -137 -138 -139 -139 -141 -142 -142 -142 -142 -144 -143 -143 -144 -143 -144 -145 -144 -144 -144 -147 -144 -142
-9999 -9999 -9999 -9999 -159 -159 -9999 -9999 -9999 -9999 -9999 -9999 -9999 -9999 -9999 -9999 -9999 -9999 -9999 -9999 -9999 -9999 -161 -162 -165 -172 -173 -173 -173 -172 -172 -173 -172 -169 -163 -159 -155 -154 -9999 -9999 -9999 -9999 -9999 -9999 -9999 -9999 -9999 -9999 -9999 -9999 -9999 -9999 -142 -141 -142 -143 -142 -141 -139 -141 -140 -139 -142 -143 -142 -143 -143 -141 -138 -136 -138 -138 -140 -142 -143 -145 -146 -145 -144 -144 -144 -144 -145 -145 -144 -143 -142 -140 -139 -138
-9999 -9999 -9999 -9999 -9999 -9999 -9999 -9999 -9999 -9999 -9999 -9999 -9999 -9999 -9999 -9999 -9999 -9999 -9999 -9999 -9999 -161 -163 -165 -164 -165 -167 -170 -170 -170 -170 -170 -169 -168 -165 -162 -159 -158 -9999 -9999 -9999 -9999 -9999 -9999 -9999 -9999 -9999 -9999 -9999 -9999 -9999 -9999 -9999 -9999 -138 -138 -138 -137 -9999 -9999 -9999 -142 -146 -147 -148 -148 -143 -140 -140 -142 -143 -144 -142 -144 -142 -143 -144 -145 -144 -143 -142 -143 -143 -144 -144 -143 -141 -139 -138 -9999
-156 -157 -157 -9999 -9999 -9999 -9999 -9999 -9999 -9999 -9999 -9999 -9999 -9999 -9999 -9999 -9999 -9999 -9999 -9999 -9999 -9999 -161 -161 -163 -164 -164 -164 -167 -166 -165 -162 -159 -158 -159 -157 -155 -154 -153 -9999 -9999 -9999 -9999 -9999 -9999 -9999 -9999 -9999 -9999 -9999 -9999 -9999 -9999 -9999 -9999 -9999 -9999 -9999 -134 -134 -134 -9999 -9999 -139 -141 -9999 -9999 -9999 -142 -143 -144 -144 -145 -144 -142 -9999 -144 -143 -143 -142 -141 -9999 -9999 -9999 -9999 -142 -141 -139 -139 -142
-156 -156 -156 -156 -9999 -9999 -9999 -9999 -9999 -9999 -9999 -9999 -9999 -9999 -9999 -9999 -9999 -9999 -9999 -9999 -9999 -9999 -158 -158 -159 -160 -160 -160 -161 -160 -158 -156 -155 -155 -154 -155 -155 -154 -9999 -9999 -9999 -9999 -9999 -9999 -9999 -9999 -9999 -9999 -9999 -9999 -9999 -9999 -9999 -9999 -9999 -9999 -9999 -9999 -9999 -9999 -9999 -9999 -9999 -9999 -9999 -9999 -9999 -9999 -9999 -9999 -9999 -9999 -9999 -9999 -9999 -9999 -139 -139 -9999 -139 -9999 -9999 -143 -9999 -9999 -9999 -9999 -9999 -9999 -9999
-9999 -9999 -9999 -9999 -9999 -9999 -9999 -9999 -9999 -9999 -9999 -9999 -158 -159 -160 -161 -159 -159 -159 -9999 -158 -158 -9999 -157 -157 -9999 -9999 -9999 -9999 -161 -160 -156 -9999 -155 -9999 -9999 -156 -154 -151 -9999 -149 -9999 -9999 -9999 -9999 -9999 -9999 -9999 -9999 -9999 -9999 -9999 -9999 -9999 -9999 -9999 -9999 -9999 -9999 -9999 -9999 -9999 -9999 -9999 -9999 -138 -143 -144 -146 -145 -144 -142 -141 -137 -9999 -138 -137 -9999 -9999 -9999 -9999 -9999 -9999 -9999 -9999 -9999 -137 -9999 -9999 -9999
-9999 -9999 -9999 -9999 -9999 -9999 -9999 -9999 -9999 -9999 -9999 -9999 -9999 -158 -159 -160 -160 -160 -160 -159 -159 -9999 -9999 -156 -156 -9999 -9999 -9999 -9999 -9999 -9999 -9999 -154 -9999 -9999 -9999 -155 -154 -153 -153 -152 -151 -147 -146 -9999 -142 -9999 -9999 -9999 -9999 -9999 -9999 -9999 -9999 -9999 -9999 -9999 -9999 -9999 -9999 -9999 -9999 -9999 -9999 -9999 -135 -139 -143 -143 -143 -144 -143 -143 -142 -138 -138 -137 -9999 -9999 -9999 -9999 -9999 -9999 -9999 -9999 -9999 -9999 -9999 -9999 -9999
-9999 -9999 -9999 -9999 -9999 -9999 -154 -9999 -9999 -155 -156 -157 -157 -157 -159 -160 -160 -160 -160 -159 -158 -157 -156 -9999 -9999 -9999 -9999 -9999 -9999 -9999 -155 -9999 -156 -155 -155 -156 -155 -154 -153 -153 -154 -153 -151 -146 -9999 -9999 -9999 -9999 -138 -139 -138 -136 -9999 -9999 -9999 -9999 -9999 -9999 -9999 -9999 -9999 -9999 -9999 -9999 -9999 -9999 -9999 -9999 -136 -137 -140 -141 -142 -141 -139 -138 -138 -139 -140 -141 -141 -9999 -9999 -9999 -9999 -9999 -9999 -9999 -9999 -9999
-9999 -9999 -9999 -9999 -152 -153 -9999 -9999 -9999 -9999 -9999 -9999 -157 -157 -157 -159 -160 -159 -158 -158 -158 -157 -157 -156 -9999 -156 -9999 -9999 -9999 -155 -9999 -9999 -156 -156 -154 -154 -155 -156 -155 -155 -155 -152 -150 -145 -141 -9999 -9999 -9999 -139 -139 -139 -139 -137 -135 -9999 -9999 -9999 -9999 -9999 -9999 -9999 -9999 -9999 -9999 -9999 -9999 -9999 -133 -137 -139 -141 -142 -144 -143 -141 -138 -137 -137 -9999 -140 -9999 -9999 -9999 -9999 -9999 -9999 -9999 -9999 -9999 -9999
-9999 -9999 -9999 -9999 -9999 -9999 -9999 -9999 -9999 -9999 -9999 -9999 -9999 -9999 -9999 -9999 -9999 -9999 -9999 -157 -157 -156 -9999 -9999 -9999 -9999 -9999 -9999 -9999 -9999 -9999 -9999 -154 -154 -153 -153 -154 -156 -153 -154 -153 -150 -147 -144 -141 -9999 -9999 -9999 -138 -137 -138 -139 -139 -136 -134 -9999 -9999 -9999 -9999 -9999 -9999 -9999 -9999 -9999 -138 -142 -141 -142 -143 -144 -144 -145 -144 -142 -142 -141 -136 -136 -137 -139 -141 -9999 -9999 -9999 -9999 -9999 -9999 -9999 -9999 -9999
-9999 -9999 -9999 -9999 -9999 -9999 -9999 -9999 -9999 -9999 -9999 -9999 -9999 -9999 -9999 -9999 -155 -155 -9999 -9999 -9999 -9999 -9999 -9999 -9999 -9999 -9999 -9999 -9999 -9999 -154 -154 -154 -154 -154 -154 -155 -154 -153 -156 -154 -150 -147 -144 -141 -138 -9999 -140 -140 -139 -137 -136 -135 -134 -132 -131 -9999 -9999 -9999 -9999 -9999 -9999 -9999 -9999 -138 -141 -143 -143 -144 -146 -145 -145 -144 -144 -142 -141 -139 -9999 -9999 -9999 -9999 -9999 -9999 -9999 -9999 -9999 -9999 -9999 -9999 -9999
-9999 -9999 -9999 -9999 -9999 -9999 -9999 -9999 -9999 -9999 -9999 -9999 -9999 -153 -154 -154 -154 -154 -154 -154 -9999 -153 -9999 -9999 -9999 -153 -9999 -9999 -153 -154 -154 -155 -155 -155 -155 -154 -154 -155 -154 -154 -151 -150 -148 -145 -145 -142 -139 -138 -137 -138 -137 -136 -134 -132 -9999 -9999 -9999 -9999 -9999 -129 -129 -9999 -9999 -9999 -139 -142 -142 -142 -141 -142 -142 -142 -143 -143 -144 -145 -142 -137 -9999 -9999 -9999 -9999 -9999 -9999 -9999 -9999 -9999 -9999 -9999 -9999
-9999 -9999 -9999 -9999 -9999 -9999 -9999 -9999 -9999 -9999 -9999 -9999 -9999 -151 -152 -9999 -9999 -9999 -153 -153 -154 -153 -9999 -9999 -9999 -153 -154 -154 -155 -156 -155 -156 -157 -159 -159 -158 -157 -156 -153 -153 -152 -148 -148 -149 -147 -144 -141 -140 -142 -142 -142 -143 -141 -136 -9999 -9999 -9999 -9999 -9999 -128 -128 -9999 -135 -139 -141 -142 -143 -141 -142 -144 -145 -144 -143 -143 -144 -142 -142 -141 -9999 -9999 -9999 -9999 -9999 -9999 -9999 -9999 -9999 -9999 -9999 -9999
-143 -144 -145 -145 -146 -146 -147 -148 -148 -148 -149 -149 -150 -150 -151 -151 -151 -9999 -151 -151 -151 -9999 -9999 -9999 -9999 -9999 -156 -156 -156 -154 -155 -157 -158 -158 -159 -159 -159 -156 -155 -153 -152 -150 -150 -149 -148 -146 -142 -144 -144 -144 -144 -146 -146 -141 -135 -132 -9999 -9999 -9999 -9999 -9999 -133 -136 -139 -142 -143 -142 -142 -141 -143 -142 -140 -140 -142 -142 -141 -141 -141 -141 -139 -136 -135 -9999 -9999 -9999 -9999 -9999 -9999 -9999 -9999
-143 -144 -145 -145 -146 -146 -147 -147 -148 -148 -149 -149 -149 -9999 -150 -151 -152 -151 -150 -150 -150 -149 -9999 -9999 -9999 -9999 -152 -152 -155 -155 -156 -155 -154 -154 -155 -156 -156 -155 -155 -153 -153 -151 -152 -151 -150 -148 -145 -146 -146 -144 -146 -144 -141 -140 -137 -134 -9999 -9999 -9999 -128 -9999 -134 -136 -135 -133 -136 -138 -136 -137 -138 -139 -140 -141 -141 -140 -139 -139 -138 -138 -137 -135 -133 -9999 -9999 -9999 -9999 -9999 -9999 -9999 -9999
-143 -144 -144 -145 -146 -146 -146 -147 -148 -148 -148 -148 -148 -149 -150 -150 -150 -150 -150 -150 -149 -9999 -149 -149 -148 -148 -150 -155 -158 -157 -158 -157 -157 -153 -152 -152 -151 -151 -153 -152 -152 -152 -153 -153 -153 -148 -146 -147 -147 -147 -145 -144 -142 -141 -137 -133 -130 -129 -128 -128 -130 -135 -136 -136 -134 -130 -128 -129 -130 -133 -135 -137 -137 -138 -138 -138 -137 -135 -133 -132 -132 -9999 -9999 -9999 -9999 -9999 -9999 -9999 -9999 -9999
