resultados/variables_norteamerica/bio14.asc
ncols 469
nrows 225
xllcorner -169.133333
yllcorner 20.675000
cellsize 0.249840
NODATA_value -9999
[rows 80 to 119 of 225, columns 180 to 269 of 469]
20 22 23 24 24 24 25 25 24 23 23 23 22 22 21 20 20 20 20 20 20 20 19 18 18 17 17 16 17 18 19 20 20 20 19 19 19 20 20 19 19 18 17 17 16 16 15 15 15 14 13 15 16 16 16 16 16 16 16 16 15 15 15 15 15 15 15 15 16 16 16 17 17 17 18 18 18 18 18 19 19 19 19 19 19 19 18 -9999 18 17
21 22 23 24 24 25 24 24 24 23 23 23 22 21 21 20 20 19 18 18 18 19 19 18 18 17 17 17 17 18 19 19 20 19 19 19 19 20 -9999 20 20 18 18 17 17 16 16 15 15 15 15 16 17 16 16 16 16 16 16 15 16 15 15 15 15 15 15 15 16 16 16 16 17 17 18 18 18 18 19 19 19 20 20 20 20 -9999 19 19 18 18
21 23 24 24 24 25 25 24 23 21 21 21 21 21 21 20 19 18 17 17 17 18 19 19 18 18 17 16 17 18 19 20 20 19 19 19 19 19 20 19 19 18 18 18 17 17 16 16 16 16 17 18 17 17 16 -9999 16 16 -9999 15 15 15 15 15 -9999 15 15 15 16 16 16 16 17 17 18 18 18 18 19 19 19 20 20 20 -9999 20 20 19 19 18
-9999 23 24 24 -9999 24 24 -9999 21 19 18 19 20 20 20 19 18 17 17 18 18 18 18 18 18 17 16 17 18 19 20 21 21 20 20 20 19 19 19 19 19 18 18 18 17 17 16 16 16 17 17 18 18 16 16 16 16 16 16 15 -9999 -9999 15 -9999 15 15 15 15 15 15 16 16 17 17 17 17 18 18 19 19 19 20 20 20 20 20 20 19 19 18
23 23 24 25 25 25 25 23 21 19 17 18 19 20 20 19 18 19 19 19 18 18 18 18 18 18 18 18 19 20 21 21 21 21 -9999 20 19 19 19 20 19 -9999 18 18 17 17 16 16 17 17 17 17 16 16 16 16 16 16 15 15 15 15 15 -9999 15 15 15 15 15 15 16 16 16 17 17 17 17 18 18 19 19 19 20 -9999 20 20 20 19 19 18
23 23 23 24 25 26 26 24 23 20 18 20 20 22 21 21 20 20 20 20 20 20 20 19 19 19 19 19 20 21 21 -9999 21 21 20 19 19 19 21 21 21 20 20 19 18 17 17 17 17 17 17 17 16 16 -9999 16 16 16 16 15 15 14 14 14 14 15 15 15 15 15 -9999 16 16 16 17 17 17 17 17 18 19 19 19 20 19 19 19 19 19 18
23 24 24 23 24 26 27 27 25 23 24 23 23 23 23 22 22 21 21 21 20 20 20 20 21 21 21 21 21 22 22 21 21 21 -9999 -9999 -9999 18 20 20 20 20 20 18 18 17 16 16 16 16 16 16 16 16 16 16 16 16 15 15 15 14 14 14 14 -9999 15 15 15 15 -9999 16 -9999 16 17 17 17 17 17 18 18 18 19 19 19 19 19 19 19 18
23 24 24 24 24 26 27 28 28 27 29 28 25 26 26 25 24 23 22 22 22 21 21 21 22 22 22 22 22 23 22 22 21 21 21 20 21 20 20 20 21 21 20 20 18 16 16 15 15 15 16 16 16 16 16 16 16 15 15 15 15 14 14 14 14 14 14 15 15 15 15 16 16 16 -9999 17 -9999 -9999 17 18 18 18 18 18 18 18 18 19 18 18
23 23 24 24 25 26 27 29 30 31 32 30 30 30 29 28 27 25 25 25 24 23 23 23 24 24 24 24 23 22 22 22 22 22 22 21 20 20 20 21 21 21 21 20 18 17 16 -9999 14 15 15 15 15 15 15 15 15 -9999 14 14 14 15 14 14 14 14 14 -9999 15 15 15 16 16 16 17 17 17 17 18 19 17 17 17 17 18 18 18 18 18 18
22 23 23 24 26 27 29 31 32 34 35 35 35 35 33 32 30 28 28 27 26 25 25 25 26 26 25 24 23 22 21 21 21 21 21 21 20 20 20 21 21 21 21 20 18 17 15 14 14 14 15 15 15 15 15 14 -9999 -9999 14 14 14 13 13 13 13 14 14 14 15 15 16 17 17 17 17 17 17 18 18 18 17 17 17 17 17 17 17 17 17 17
21 22 23 24 26 28 30 33 35 36 37 37 38 38 38 36 35 32 30 29 27 26 26 27 27 26 24 23 22 21 20 20 20 21 21 20 19 19 19 20 20 20 20 19 18 16 15 14 14 14 15 15 14 14 14 14 13 13 13 13 12 12 12 13 13 13 14 14 15 15 15 16 16 16 -9999 17 17 18 18 18 -9999 16 16 16 16 16 -9999 16 17 17
21 22 22 24 26 27 30 34 37 38 41 42 42 41 40 40 38 36 34 31 28 28 28 28 27 24 23 22 20 19 19 19 19 20 20 20 19 18 19 19 20 20 19 18 17 15 14 12 13 13 14 14 14 14 14 14 14 13 13 13 12 12 12 13 14 14 14 14 14 15 15 16 16 16 16 17 18 18 17 17 16 16 16 16 15 15 15 15 16 16
20 21 22 23 25 27 31 35 39 42 45 44 43 43 43 41 40 38 36 33 31 30 30 29 27 24 22 21 20 19 18 18 19 19 19 19 18 18 19 19 19 19 17 16 16 15 14 13 12 13 14 14 14 14 13 13 13 13 13 14 14 14 15 15 14 14 14 14 14 14 15 16 15 16 16 16 17 17 17 16 16 15 15 15 15 15 15 15 15 15
20 20 21 23 24 26 31 38 41 47 49 52 50 45 42 44 42 40 39 36 37 35 33 31 27 24 22 20 19 19 18 18 18 18 17 17 18 -9999 18 19 19 18 16 16 16 15 14 13 13 14 14 14 14 13 13 13 13 13 13 14 14 -9999 15 16 15 14 14 14 14 14 14 15 15 15 16 17 17 17 17 17 15 14 -9999 15 15 15 15 16 15 -9999
19 19 20 22 23 25 28 35 43 49 53 54 54 52 50 43 41 42 41 39 39 37 34 31 28 23 21 21 20 19 18 18 17 17 17 17 17 17 18 18 18 18 16 16 16 15 -9999 14 14 14 15 14 14 13 13 14 14 14 14 14 14 14 15 16 15 14 -9999 14 14 14 14 14 14 15 15 16 17 17 17 17 14 14 14 15 15 16 17 18 15 15
18 19 19 22 22 24 25 31 41 52 58 56 54 53 52 49 45 41 40 40 40 38 36 34 27 26 25 21 20 20 19 18 17 16 16 16 16 17 17 18 17 17 16 15 15 16 15 15 15 15 15 15 14 14 14 14 14 14 14 14 14 14 14 -9999 14 13 14 14 14 14 14 14 15 15 15 16 17 17 17 16 15 14 15 16 17 17 17 15 14 14
17 18 19 21 21 24 23 28 36 45 54 55 56 52 52 50 48 46 43 38 40 39 36 34 28 30 28 27 24 21 20 18 17 16 16 16 16 16 17 17 16 16 15 15 15 15 15 14 15 15 15 15 14 14 14 14 14 14 14 14 14 13 13 13 13 13 13 14 13 14 14 14 15 15 16 17 17 16 16 16 16 16 16 16 16 16 15 14 14 14
17 17 17 19 21 22 19 26 29 36 41 48 47 51 51 47 47 -9999 44 42 41 39 39 37 34 32 31 32 29 26 24 20 19 17 17 16 15 16 17 17 -9999 14 14 15 15 15 15 14 14 16 16 15 14 14 14 14 14 14 14 14 13 13 13 13 13 13 13 13 13 14 14 14 15 16 16 17 17 16 16 16 16 16 17 17 16 16 15 15 16 17
16 15 15 17 18 19 19 19 24 30 33 39 45 49 52 46 45 44 -9999 43 43 41 40 39 -9999 35 36 36 34 33 29 23 22 20 19 18 16 16 17 17 15 14 14 15 15 16 15 15 15 16 15 15 14 14 14 14 14 14 14 13 12 12 13 13 13 14 13 13 13 14 14 15 15 15 16 16 16 16 15 15 16 17 17 17 17 16 16 15 15 16
16 14 13 12 16 17 17 17 19 23 30 35 45 47 46 42 40 43 43 43 43 43 43 41 41 40 -9999 41 39 36 32 30 28 24 22 21 19 18 17 16 15 14 14 15 15 16 16 15 -9999 15 14 14 14 14 13 13 14 14 13 13 12 12 12 13 13 13 13 13 14 14 14 14 15 14 15 15 15 15 14 14 15 17 16 16 16 16 15 15 15 15
17 16 15 15 14 15 15 16 19 20 21 25 28 33 36 39 36 40 41 42 44 45 46 45 45 -9999 43 42 -9999 41 39 36 33 30 27 24 22 20 18 16 15 14 14 15 16 16 16 15 14 14 13 12 13 13 13 12 13 13 13 12 12 12 12 13 13 13 14 14 14 14 14 14 14 14 14 14 14 14 13 -9999 -9999 15 15 16 16 15 15 15 14 15
22 19 18 17 16 16 16 15 18 19 21 21 25 30 34 32 31 35 37 41 43 46 49 49 50 -9999 49 46 44 44 44 39 -9999 34 31 27 25 22 19 16 14 14 14 14 15 15 15 15 14 13 11 10 12 12 12 12 12 12 12 12 12 12 12 12 13 13 14 14 14 14 13 14 14 14 13 13 14 13 13 13 13 15 15 15 15 15 15 15 14 15
26 26 23 22 19 19 20 18 18 20 18 18 21 26 29 28 29 32 35 39 44 47 48 -9999 53 55 55 53 43 46 41 42 37 35 33 32 28 24 20 17 14 13 14 14 15 15 15 14 13 12 11 11 11 12 12 12 12 12 12 12 12 12 12 12 13 13 14 14 14 13 13 13 14 14 13 13 14 14 14 13 14 15 15 15 15 15 15 15 15 16
34 35 30 30 26 23 27 24 20 24 19 20 21 22 27 24 26 28 32 36 43 46 49 53 54 -9999 56 -9999 -9999 44 38 40 38 37 34 34 31 27 22 17 14 13 14 14 14 15 15 14 13 12 11 11 11 12 12 12 12 12 12 13 12 12 12 13 13 14 14 14 13 13 -9999 13 14 14 14 14 14 14 14 14 14 15 15 15 15 15 15 15 16 17
41 -9999 35 34 31 29 29 26 24 23 22 18 17 17 18 17 23 25 29 34 39 43 47 50 53 55 56 55 54 53 45 35 36 39 39 38 36 32 25 19 15 14 14 15 14 14 14 13 13 12 11 11 11 12 12 12 12 12 12 13 13 13 13 13 13 14 14 13 13 13 13 14 14 14 15 15 14 14 14 14 14 14 15 15 15 15 15 15 16 17
46 44 42 40 36 36 33 34 32 27 28 20 24 19 18 16 19 22 26 30 35 41 44 48 51 54 55 55 51 53 52 43 33 37 39 40 39 36 30 22 17 16 15 15 15 15 14 14 13 13 12 12 12 13 12 13 13 13 13 13 14 14 13 13 13 14 14 14 14 14 15 14 15 15 15 15 14 14 14 14 14 15 16 16 16 15 14 15 16 16
48 46 46 45 42 38 39 41 39 36 28 25 25 21 18 16 18 20 23 26 32 37 42 46 50 52 54 54 49 52 53 50 41 37 40 43 41 39 34 27 21 18 17 16 16 15 14 14 14 13 13 13 13 13 13 14 14 14 14 14 14 15 14 14 13 14 14 14 14 15 15 15 15 15 15 14 13 13 13 14 14 15 16 16 16 15 14 15 16 16
49 49 47 45 42 45 40 42 41 38 32 35 27 22 18 16 17 19 21 25 30 35 39 43 48 50 52 53 52 50 50 49 44 34 43 46 45 42 38 32 26 20 18 17 16 15 14 14 14 14 14 14 14 14 14 14 14 14 14 15 15 16 16 15 14 14 14 14 14 14 15 15 -9999 -9999 14 13 12 12 13 13 14 15 15 16 16 16 15 15 15 16
-9999 47 46 44 43 44 44 42 41 39 36 35 34 26 20 18 17 17 20 23 28 32 37 42 46 49 51 51 50 47 47 47 45 30 44 46 47 46 42 35 29 23 19 18 16 15 14 15 15 15 14 15 14 15 15 15 15 15 15 16 17 18 17 15 14 13 13 13 13 14 14 14 14 13 12 11 11 11 12 13 14 13 14 15 15 16 15 15 15 15
-9999 42 43 42 43 44 45 45 44 42 39 36 36 31 22 19 19 17 18 22 25 30 35 40 43 47 48 47 46 43 45 43 40 31 37 44 46 47 45 38 29 24 21 18 16 14 13 13 13 13 14 14 14 15 16 16 17 16 16 16 18 18 17 15 14 13 13 12 12 12 12 12 12 11 10 10 10 10 10 11 12 12 12 13 14 14 14 13 13 13
-9999 -9999 37 40 39 42 -9999 51 49 51 43 39 37 35 28 24 20 17 17 22 24 28 32 37 39 42 43 44 44 40 41 40 40 39 40 40 44 45 45 42 36 28 22 17 15 13 12 11 10 11 12 12 12 13 14 14 13 13 13 15 16 16 15 14 13 12 12 12 11 10 10 10 10 10 9 -9999 8 8 9 10 10 10 10 12 14 14 13 12 11 11
36 -9999 -9999 -9999 33 38 44 51 52 49 44 41 36 35 32 32 28 22 17 20 23 26 28 31 35 37 38 39 41 39 33 36 38 39 39 38 39 43 43 44 41 34 27 18 15 12 10 9 8 8 9 10 10 10 11 10 11 11 12 13 14 14 14 13 12 11 10 10 9 9 8 8 8 8 8 7 7 7 7 8 8 8 9 10 12 13 12 11 10 9
37 29 24 -9999 -9999 33 37 45 50 48 45 41 35 34 33 32 29 23 17 19 23 24 26 28 28 32 35 35 36 36 36 31 36 36 37 -9999 34 39 42 41 43 41 36 29 21 14 10 8 7 7 8 9 10 8 7 7 8 10 11 11 13 14 13 12 11 10 9 9 8 8 7 7 7 7 7 7 7 7 8 8 8 8 9 9 10 11 11 10 10 10
40 31 -9999 -9999 19 -9999 -9999 39 48 49 45 40 37 33 30 22 24 21 16 19 21 22 26 25 25 28 31 30 32 34 33 32 33 34 35 -9999 37 38 37 40 42 43 42 38 27 17 11 8 6 7 7 7 7 7 7 7 7 9 10 10 10 10 10 10 9 9 8 7 7 7 7 6 6 6 6 6 7 7 8 8 9 9 9 10 10 10 10 11 12 12
-9999 -9999 -9999 -9999 -9999 -9999 -9999 36 45 49 45 40 36 30 27 22 16 16 14 16 19 20 23 22 24 24 27 26 28 30 29 31 33 33 31 33 34 37 35 31 41 42 41 41 34 22 13 8 7 7 8 7 7 7 8 8 9 12 15 14 13 11 9 8 8 8 8 7 7 7 7 6 6 6 7 7 7 7 8 8 9 9 10 10 10 9 10 12 13 13
50 44 35 30 -9999 -9999 25 33 40 50 47 41 36 30 24 20 14 11 12 13 14 17 19 19 21 20 22 23 26 27 28 30 30 31 32 31 32 33 34 -9999 37 40 40 41 38 30 16 10 8 8 8 9 10 11 11 10 11 14 16 14 12 12 12 9 8 8 8 8 7 7 6 6 6 6 7 7 7 8 8 8 9 9 10 10 10 10 10 11 12 12
57 54 51 53 43 23 -9999 27 35 48 48 39 33 20 18 13 10 10 10 11 13 15 16 17 17 17 18 20 23 24 28 29 30 30 29 32 30 33 31 30 32 37 39 40 38 33 18 10 7 8 10 12 12 13 13 13 11 11 11 12 11 11 11 10 8 8 8 8 7 -9999 6 6 6 6 8 8 8 8 9 9 8 9 9 9 10 10 11 11 11 11
62 55 50 46 31 23 -9999 -9999 37 49 48 40 34 26 11 10 10 8 8 8 10 12 13 14 15 15 16 19 22 24 26 28 29 30 29 29 29 29 27 24 31 35 39 38 38 31 17 12 9 9 11 14 14 17 20 14 11 11 12 12 11 10 9 9 8 8 8 8 8 7 6 6 6 6 8 8 9 9 9 8 8 8 9 9 10 11 11 11 -9999 10
59 55 46 34 25 -9999 -9999 23 37 52 44 33 24 18 17 12 7 7 6 6 8 10 11 12 13 14 16 18 21 24 26 29 29 29 29 29 27 29 29 25 28 36 34 38 36 34 26 15 12 11 11 14 16 18 19 14 12 11 14 15 13 10 9 9 8 9 9 8 8 8 7 6 5 5 7 8 9 9 8 8 8 8 8 8 9 10 11 11 11 10
49 44 38 31 25 21 22 27 42 47 41 33 25 14 9 10 6 5 5 5 6 8 9 11 12 13 16 18 21 24 27 28 30 30 30 30 31 27 27 27 29 34 30 29 28 31 28 22 13 14 13 14 19 21 23 16 12 12 15 17 13 10 9 9 9 9 9 9 8 8 7 5 5 6 6 7 8 8 8 8 8 8 8 8 9 9 10 10 11 10
