resultados/variables_norteamerica/bio14.asc
ncols 469
nrows 225
xllcorner -169.133333
yllcorner 20.675000
cellsize 0.249840
NODATA_value -9999
[rows 120 to 159 of 225, columns 270 to 359 of 469]
10 10 10 11 12 11 11 10 10 9 9 10 11 11 11 10 10 9 10 11 11 11 12 14 14 14 13 14 15 15 15 14 14 14 15 16 17 18 -9999 -9999 18 19 21 22 -9999 -9999 -9999 33 34 33 34 35 36 37 38 38 -9999 -9999 -9999 -9999 -9999 -9999 -9999 -9999 -9999 -9999 49 -9999 54 58 60 60 57 55 54 54 53 53 52 50 50 50 50 49 -9999 51 52 52 51 50
9 9 10 10 10 11 11 11 10 9 9 10 11 11 11 10 10 10 11 12 12 12 12 14 15 15 14 15 15 15 15 15 15 15 15 16 17 17 18 19 20 20 20 23 27 30 31 33 35 32 30 30 32 34 34 36 39 -9999 -9999 -9999 -9999 -9999 39 39 40 43 46 -9999 49 50 54 54 53 53 53 55 55 53 52 50 50 49 50 50 52 53 54 54 54 53
8 8 8 9 9 10 10 10 10 10 11 11 11 11 11 11 11 11 12 12 12 12 14 14 15 16 16 16 16 16 15 15 -9999 16 16 17 18 19 18 16 19 21 21 23 26 28 28 29 30 29 29 28 28 28 29 32 36 39 38 39 41 39 37 37 37 38 41 42 41 40 42 45 -9999 48 49 52 53 52 51 50 49 50 52 53 55 56 57 57 -9999 55
7 7 8 8 8 9 9 9 9 10 12 11 10 11 12 12 12 12 13 13 13 13 14 14 16 16 17 18 17 16 16 16 16 17 18 19 20 20 18 17 20 21 21 22 23 24 24 24 25 25 26 26 25 25 26 29 32 33 33 35 36 36 36 35 -9999 -9999 37 37 37 36 36 -9999 -9999 -9999 -9999 -9999 -9999 -9999 -9999 50 -9999 53 55 57 59 61 62 62 61 59
7 7 8 9 9 9 8 8 9 10 11 11 10 11 11 11 12 12 13 13 13 14 14 15 15 16 17 18 17 16 17 18 18 18 18 19 20 20 19 19 21 21 21 21 21 21 22 22 22 22 24 25 24 24 25 27 28 29 -9999 31 33 -9999 -9999 -9999 33 -9999 -9999 34 -9999 -9999 -9999 -9999 -9999 -9999 -9999 -9999 -9999 49 52 54 -9999 -9999 -9999 -9999 63 64 65 67 66 -9999
7 8 8 9 9 9 8 9 9 9 10 10 11 11 11 11 12 12 12 13 13 14 15 16 15 16 17 18 18 18 18 20 20 19 19 19 20 21 21 21 21 21 21 20 20 20 21 22 22 22 23 24 24 24 25 26 27 27 -9999 -9999 -9999 -9999 -9999 -9999 -9999 -9999 34 34 33 33 -9999 -9999 -9999 -9999 -9999 -9999 -9999 -9999 52 54 -9999 -9999 -9999 -9999 -9999 60 61 66 67 -9999
8 8 8 8 9 9 9 9 9 9 10 10 11 11 10 12 12 11 11 12 13 14 15 17 16 17 18 19 19 19 19 20 21 21 20 20 20 20 21 21 21 21 20 20 20 21 23 23 23 23 23 24 24 24 25 27 29 -9999 27 -9999 -9999 -9999 -9999 -9999 -9999 35 34 35 34 33 33 33 33 -9999 -9999 -9999 -9999 -9999 -9999 -9999 55 57 -9999 -9999 -9999 -9999 56 62 67 63
8 8 8 9 9 9 9 9 9 10 10 10 10 9 9 11 13 12 12 13 14 15 16 18 18 18 19 19 18 19 19 19 20 21 21 20 20 21 20 20 19 19 20 20 21 23 23 23 23 23 23 23 24 25 27 29 -9999 -9999 -9999 -9999 -9999 -9999 -9999 -9999 -9999 -9999 34 34 34 33 32 32 32 -9999 -9999 -9999 -9999 -9999 -9999 -9999 -9999 58 -9999 -9999 -9999 -9999 -9999 63 66 65
7 7 -9999 8 8 9 10 9 9 9 9 9 9 9 9 11 13 13 14 14 15 16 17 19 19 19 18 18 19 18 18 19 19 20 21 19 20 21 19 19 18 19 20 21 21 22 23 24 24 24 23 24 26 26 27 -9999 30 30 -9999 -9999 -9999 -9999 43 42 38 34 33 30 31 31 31 32 33 36 -9999 -9999 -9999 -9999 -9999 -9999 -9999 -9999 63 -9999 -9999 -9999 63 62 61 61
7 8 8 8 8 9 9 9 9 9 9 8 9 9 10 11 13 13 13 13 14 15 16 17 18 18 17 18 19 19 18 18 19 20 20 19 19 20 19 19 20 20 21 22 22 22 23 25 25 25 25 26 26 27 27 -9999 30 -9999 -9999 -9999 -9999 -9999 43 40 37 34 31 30 30 31 31 31 34 38 -9999 -9999 -9999 -9999 -9999 -9999 -9999 -9999 63 65 65 -9999 -9999 59 58 -9999
8 8 8 8 8 9 9 9 8 8 8 8 9 10 11 11 13 13 12 10 11 13 14 15 16 16 16 16 18 19 18 19 20 21 20 19 19 19 19 19 21 21 22 23 23 23 24 25 25 26 26 26 27 26 26 29 31 -9999 -9999 -9999 -9999 -9999 40 38 36 32 30 30 30 31 30 31 -9999 -9999 -9999 -9999 -9999 -9999 -9999 -9999 59 60 64 67 68 67 59 55 51 50
8 8 8 8 9 9 9 8 -9999 7 7 9 10 10 11 11 12 13 12 11 11 13 14 14 15 15 15 15 16 18 19 19 21 20 19 19 19 20 21 21 22 21 22 23 24 24 24 25 25 26 26 26 26 -9999 28 30 -9999 -9999 -9999 -9999 -9999 39 39 38 36 33 31 31 30 30 31 31 -9999 -9999 -9999 -9999 -9999 -9999 -9999 -9999 62 64 66 68 68 65 61 55 50 49
7 7 8 8 9 9 9 9 9 9 9 9 10 11 11 11 12 13 13 12 12 13 14 14 14 15 15 16 17 19 19 17 19 20 20 20 20 21 21 21 22 22 22 23 23 24 24 25 26 27 27 27 26 27 29 30 -9999 -9999 -9999 -9999 -9999 40 39 38 37 35 33 31 31 32 32 -9999 -9999 32 37 43 -9999 -9999 -9999 -9999 63 67 68 68 65 62 60 54 52 52
7 7 7 8 9 10 10 11 11 11 11 11 11 12 11 11 12 13 13 12 12 13 14 14 14 14 15 17 18 18 18 18 18 19 20 20 21 22 22 20 21 23 23 23 23 24 25 25 26 27 27 27 26 26 28 29 -9999 -9999 -9999 -9999 -9999 38 38 38 37 36 34 32 32 33 34 31 30 30 34 38 -9999 -9999 -9999 -9999 64 68 67 64 60 58 56 52 -9999 -9999
8 8 7 8 8 9 11 12 12 12 11 -9999 12 13 12 11 11 12 12 12 12 13 14 15 14 13 15 17 18 18 17 19 20 20 21 21 22 22 22 20 19 23 25 25 25 26 26 26 26 27 27 27 26 26 27 -9999 -9999 -9999 -9999 -9999 -9999 -9999 37 37 37 36 35 34 33 33 33 32 31 30 32 34 41 -9999 -9999 61 64 65 63 60 58 57 55 52 -9999 -9999
8 8 8 8 8 9 10 11 12 12 10 10 11 13 12 11 11 11 11 12 12 14 15 15 14 13 14 17 18 18 18 19 20 20 20 21 22 23 22 21 21 23 24 25 26 27 28 27 27 27 28 28 27 27 29 31 -9999 -9999 -9999 -9999 -9999 -9999 37 37 37 37 37 35 34 34 34 34 33 32 33 36 40 -9999 54 58 59 60 59 58 58 59 58 56 57 60
9 9 9 8 8 9 10 10 11 11 11 11 11 12 11 11 12 11 11 11 13 14 15 15 13 13 14 16 18 19 18 18 19 21 20 20 21 23 23 24 24 24 24 25 26 28 29 28 28 28 28 28 29 29 30 32 -9999 -9999 -9999 -9999 -9999 -9999 37 39 39 38 37 37 35 35 36 37 37 36 38 40 44 48 53 55 55 55 55 57 59 63 -9999 -9999 -9999 -9999
11 11 10 9 9 10 10 11 11 12 11 11 12 12 11 12 13 13 13 13 13 15 15 15 15 15 16 17 19 20 19 18 20 22 21 20 21 22 24 25 24 24 26 27 27 29 29 28 29 29 28 29 31 31 30 31 -9999 -9999 -9999 -9999 -9999 -9999 40 42 40 38 37 37 35 36 38 40 41 40 42 44 48 52 53 53 53 -9999 -9999 -9999 58 -9999 -9999 -9999 -9999 -9999
12 13 11 10 10 11 12 12 12 12 11 12 12 12 12 12 13 14 14 15 14 14 15 15 16 17 18 19 20 21 20 19 20 21 21 22 23 23 24 25 25 26 28 30 30 29 30 30 29 30 30 30 31 32 32 32 -9999 -9999 -9999 -9999 -9999 -9999 43 43 41 39 39 39 38 39 41 43 43 43 46 51 52 53 -9999 -9999 -9999 -9999 -9999 -9999 -9999 -9999 -9999 -9999 65 67
14 14 12 11 11 12 13 12 12 11 11 11 12 12 12 13 13 14 14 14 14 14 15 15 17 18 19 20 21 21 20 20 20 21 22 24 25 25 25 25 27 27 29 30 29 29 31 32 31 31 30 30 32 32 33 36 -9999 -9999 -9999 -9999 -9999 44 44 43 41 41 41 43 43 43 44 44 43 45 49 50 51 -9999 -9999 -9999 -9999 -9999 -9999 -9999 -9999 -9999 62 67 69 68
18 16 13 11 11 12 12 12 12 11 11 12 12 12 12 13 13 14 14 14 15 16 17 17 18 19 20 21 22 21 20 20 21 23 24 25 26 26 24 24 26 28 30 28 27 29 31 32 32 31 30 30 33 34 35 36 -9999 -9999 -9999 -9999 48 48 46 43 42 42 43 45 46 45 45 45 44 -9999 -9999 -9999 -9999 -9999 -9999 -9999 -9999 -9999 53 54 57 61 64 66 68 66
22 16 12 10 10 11 11 12 12 11 11 11 11 11 11 12 13 13 14 14 16 16 17 19 19 18 20 21 22 22 22 22 25 31 31 28 26 24 23 25 26 28 28 28 28 29 31 31 32 31 31 32 34 35 35 36 37 38 42 47 49 48 46 45 44 44 44 44 45 45 46 44 45 44 -9999 -9999 -9999 -9999 -9999 -9999 54 57 58 54 56 60 63 64 63 64
16 13 11 10 10 10 11 11 11 11 11 11 10 11 11 12 13 13 14 14 15 16 16 19 19 19 19 21 22 22 23 23 28 41 50 33 27 24 24 27 28 27 27 30 32 32 31 30 31 31 34 35 35 35 36 36 38 40 41 44 46 47 46 46 46 45 43 43 44 45 45 44 43 45 45 45 48 51 53 55 55 57 55 51 54 58 62 62 63 66
11 10 11 10 9 10 11 11 11 10 10 10 11 11 12 13 13 13 14 14 15 17 18 19 19 19 20 21 21 22 22 23 26 33 39 32 28 26 27 29 30 28 28 32 34 33 33 32 33 34 37 37 36 36 37 38 39 41 42 44 45 46 46 47 47 47 45 43 44 45 46 46 47 48 49 49 50 52 52 53 54 55 53 51 54 58 60 61 63 67
10 9 9 9 9 10 10 10 10 10 11 11 12 13 13 13 13 13 14 16 17 18 20 19 18 19 21 21 21 21 21 23 25 28 30 27 26 26 28 30 31 31 31 34 34 32 35 35 36 38 39 37 36 37 39 40 41 41 43 45 46 46 47 48 49 49 47 46 47 47 47 48 49 48 49 51 51 53 52 52 54 55 55 55 55 57 58 60 61 67
9 9 10 10 9 10 10 11 10 11 11 11 12 13 12 13 13 13 15 16 17 19 20 20 20 20 21 21 21 21 23 24 27 32 33 30 28 27 28 31 32 32 34 35 34 35 38 38 39 40 39 38 38 40 42 43 43 43 42 45 48 49 50 51 50 49 49 49 48 48 49 49 50 49 49 52 54 55 54 54 56 56 57 58 58 58 59 61 62 67
10 10 10 10 10 10 11 11 11 10 11 11 12 12 13 13 14 14 15 16 17 19 21 21 21 21 21 21 22 23 23 24 29 44 50 40 32 29 30 33 35 35 34 35 37 38 40 39 39 40 41 42 42 44 45 46 46 45 45 47 51 53 53 53 52 50 48 49 51 52 52 51 51 50 51 54 57 58 57 57 58 57 59 60 61 62 61 61 65 70
10 11 12 11 11 11 11 12 11 10 10 11 12 13 13 14 15 16 15 16 17 18 20 21 22 22 22 23 24 24 23 24 29 45 53 43 33 31 32 35 38 37 35 37 39 39 39 39 41 42 44 45 46 47 48 49 50 50 52 53 55 56 55 56 55 54 53 53 54 55 55 54 53 52 53 55 58 59 58 59 58 58 62 63 65 64 63 64 69 75
11 12 12 12 12 11 10 11 11 10 10 11 13 13 13 14 15 15 15 15 17 18 20 22 23 23 23 24 26 25 25 26 29 34 38 38 35 33 35 38 39 37 36 37 38 38 39 41 42 44 47 49 49 50 51 52 54 55 57 59 59 59 58 59 59 59 58 59 58 58 59 57 57 56 55 56 58 60 59 60 60 62 66 67 70 68 65 68 76 74
10 10 11 11 11 11 10 10 10 11 11 11 13 14 15 15 15 15 15 15 17 19 21 23 23 24 24 26 28 28 28 28 29 32 35 37 37 36 36 39 39 38 38 38 39 39 41 44 46 47 49 51 52 52 54 56 56 57 60 62 62 63 62 62 62 63 63 63 62 62 63 62 62 60 59 59 60 61 63 64 63 65 68 72 75 72 70 78 81 80
10 10 10 10 10 10 10 9 10 11 12 13 14 15 15 16 16 16 16 17 19 20 22 24 25 26 26 28 30 31 32 33 33 34 36 37 37 37 38 40 41 40 40 40 40 41 44 47 49 50 52 52 53 52 54 56 57 58 60 62 64 67 65 64 65 66 67 67 65 66 67 66 65 64 63 62 62 62 65 67 67 70 73 76 78 75 76 83 87 84
9 9 10 10 10 10 11 10 10 11 13 13 14 15 16 16 17 18 18 19 20 21 24 29 25 27 28 29 31 33 34 34 35 35 35 36 36 37 38 41 42 42 42 43 43 44 46 48 50 50 50 52 54 53 55 58 61 60 61 64 68 70 68 68 69 71 71 70 69 69 70 69 68 67 65 65 65 65 68 72 74 75 78 80 82 82 84 85 89 83
10 10 10 10 10 10 11 10 10 11 12 13 14 15 15 16 20 22 23 20 20 21 25 30 26 28 29 30 31 34 35 35 36 36 35 35 35 37 39 40 42 43 44 45 46 47 49 50 49 49 50 53 55 56 60 63 65 65 66 69 71 72 70 70 73 74 74 72 72 71 71 71 70 69 67 67 69 69 71 75 77 78 80 81 83 92 95 89 88 67
9 9 11 12 11 12 11 10 10 11 13 13 13 13 13 15 21 27 23 21 21 22 24 26 26 29 31 32 33 34 36 36 37 37 37 36 35 37 39 41 43 45 47 49 50 50 51 52 51 50 52 56 58 59 63 66 69 69 70 72 74 72 70 70 72 73 73 72 71 71 72 72 71 70 70 70 71 72 72 72 74 77 79 82 89 101 104 96 83 66
9 9 10 11 12 12 12 11 11 12 13 13 13 13 14 15 18 20 19 20 21 22 25 26 27 30 32 34 35 37 37 37 38 39 38 39 39 40 42 43 45 47 50 52 53 52 52 53 54 55 58 63 64 64 65 69 72 72 73 74 75 72 70 68 70 72 72 70 70 70 71 71 72 73 73 72 71 73 74 73 73 78 79 84 92 104 96 86 76 71
8 9 9 10 11 12 13 12 12 12 13 13 13 14 15 16 17 18 20 20 21 23 26 27 29 32 35 36 38 38 38 38 39 39 40 40 42 44 46 47 48 49 52 54 56 55 53 55 58 61 65 69 71 70 70 72 72 72 73 74 74 71 69 69 71 71 71 70 69 69 71 72 73 74 74 74 74 76 77 78 79 79 77 84 91 86 83 78 73 72
8 8 9 9 11 12 13 13 12 12 13 13 13 14 15 16 18 19 21 21 22 25 26 29 31 33 35 37 38 38 39 38 39 40 41 43 45 47 49 50 51 51 53 54 58 60 58 59 63 67 70 73 72 71 70 71 72 71 72 74 75 73 70 71 73 73 74 73 71 69 70 73 75 75 75 75 76 77 79 81 81 78 76 78 74 75 73 72 74 74
7 9 9 10 11 12 13 12 12 13 13 13 14 15 16 17 19 20 22 24 25 26 27 30 33 35 36 38 39 40 41 41 41 42 44 46 47 50 51 51 51 52 56 59 64 65 66 67 70 74 74 74 74 73 72 73 73 71 72 75 76 75 74 75 76 76 78 77 74 72 74 75 75 76 77 76 76 78 80 81 79 74 72 66 68 72 71 70 75 74
8 9 10 11 12 12 12 12 12 13 13 13 15 17 19 20 21 22 23 25 26 28 29 31 34 35 36 38 39 40 42 43 44 45 47 49 49 51 52 51 51 54 60 65 69 71 73 74 75 75 74 74 75 76 76 75 75 73 73 75 77 76 76 76 76 78 80 80 79 77 76 77 78 79 79 78 78 78 80 80 76 73 70 66 68 69 72 74 75 77
9 10 11 12 12 12 12 12 13 13 13 14 16 18 20 22 23 24 25 26 27 30 31 33 36 37 38 40 42 42 43 44 46 47 48 49 49 52 54 54 55 59 64 69 73 74 75 74 75 74 76 77 78 79 79 77 76 74 75 75 75 76 77 77 77 79 80 80 80 78 77 80 81 81 78 79 78 79 80 82 80 78 70 65 67 72 76 79 80 81
