resultados/variables_norteamerica/bio17.asc
ncols 469
nrows 225
xllcorner -169.133333
yllcorner 20.675000
cellsize 0.249840
NODATA_value -9999
[rows 156 to 194 of 225, columns 261 to 347 of 469]
24 24 24 25 26 26 25 25 25 26 27 29 32 37 42 46 48 49 52 54 57 59 61 63 67 70 73 80 82 84 91 92 98 102 109 119 127 133 140 145 147 151 152 159 164 170 180 185 184 184 188 195 201 208 214 214 219 230 236 240 238 231 229 228 232 237 241 247 256 257 254 251 254 257 260 262 260 256 254 255 262 263 256 252 250 252 255
28 27 28 28 28 26 25 24 23 24 28 30 33 38 42 46 48 49 52 55 58 60 62 64 67 73 76 85 89 91 94 96 103 108 114 124 133 141 150 155 157 161 165 168 171 176 186 192 192 189 192 206 217 223 229 234 240 250 253 249 245 243 240 238 241 245 245 251 258 262 260 262 269 273 277 279 276 271 267 268 267 264 262 260 254 253 257
30 32 31 30 29 26 25 24 26 27 29 32 36 41 44 45 47 50 54 56 57 60 65 67 71 77 81 88 92 94 99 104 111 117 120 126 137 146 151 159 164 169 174 177 180 184 192 197 198 199 207 225 239 244 249 253 258 259 255 250 248 249 250 251 249 251 253 258 260 263 264 269 275 280 289 290 288 283 276 271 271 271 268 263 257 253 251
33 32 28 28 26 25 26 28 30 30 32 36 39 43 46 48 49 52 55 56 58 63 67 70 76 82 85 92 96 98 104 108 117 125 131 136 145 156 158 162 169 177 181 184 186 189 197 206 210 215 229 247 256 258 261 260 258 257 254 254 255 257 258 258 254 252 256 261 260 257 262 273 279 284 288 290 287 281 275 269 272 275 272 264 262 256 252
34 27 26 26 27 28 30 30 31 31 35 38 41 45 49 53 55 56 56 59 62 67 70 72 79 85 88 94 -9999 104 111 115 125 134 141 150 157 165 170 174 180 186 189 190 192 195 204 214 226 234 247 261 263 258 256 254 253 253 254 258 265 271 269 264 255 247 252 259 258 256 264 276 283 285 284 285 286 285 278 271 274 276 272 263 256 252 246
29 25 25 26 27 30 32 31 31 31 36 40 42 46 51 54 55 56 59 61 65 68 72 75 82 88 93 98 105 112 120 126 132 142 152 160 168 176 181 186 192 193 197 200 204 210 217 227 238 246 259 262 258 254 252 249 249 252 255 260 270 277 277 -9999 258 250 250 253 252 258 272 284 290 286 283 286 293 292 290 280 278 268 256 244 235 232 238
24 23 22 23 26 30 32 33 33 35 39 42 42 43 49 52 52 58 61 63 65 67 71 74 79 89 96 102 110 116 124 130 138 149 158 168 181 188 192 195 201 203 211 216 220 226 233 241 248 255 259 256 252 254 256 253 248 249 256 261 270 276 277 272 266 259 256 254 247 249 271 284 289 290 290 293 292 294 297 274 265 256 243 231 229 233 249
24 23 23 23 26 31 33 35 36 37 40 42 41 41 46 51 54 58 62 64 67 70 75 78 83 92 101 106 112 121 130 135 143 154 166 179 188 195 199 203 212 219 225 227 228 235 247 253 257 257 253 248 247 253 256 255 249 248 254 260 268 274 276 272 269 265 264 262 251 248 273 289 290 291 298 294 294 287 281 264 257 247 236 228 234 271 287
25 25 26 26 29 31 34 38 39 40 41 43 46 46 46 49 53 57 61 67 71 75 80 84 90 98 105 110 116 125 134 143 151 161 171 182 185 202 217 221 226 232 237 242 245 251 264 268 260 257 253 245 242 244 252 252 248 248 250 254 260 267 270 269 268 265 267 271 267 263 275 291 289 288 296 296 291 279 271 261 263 262 275 272 255 254 326
28 28 29 30 31 34 37 39 40 43 45 46 49 50 49 51 54 58 66 72 75 78 82 88 95 99 104 115 123 131 139 149 156 164 176 186 191 206 219 222 231 239 246 253 261 267 271 271 268 264 257 248 244 245 250 247 246 246 249 251 253 259 262 263 268 271 274 274 271 273 282 289 293 305 299 297 287 290 284 287 320 356 358 347 297 266 305
29 29 32 33 36 40 42 40 41 43 44 47 49 50 48 50 54 59 70 76 80 83 88 96 103 106 111 123 132 137 144 154 164 172 183 193 200 204 199 193 221 244 253 261 262 264 268 272 268 265 258 250 248 249 248 243 245 249 254 257 257 258 259 262 268 274 280 280 279 279 283 288 309 308 303 288 290 298 307 355 347 352 360 411 418 350 329
30 30 36 36 39 41 40 38 39 40 41 45 48 48 48 50 56 64 72 81 88 89 92 98 107 118 124 129 136 142 149 162 175 184 195 206 212 200 156 164 224 251 260 266 265 261 261 263 263 260 256 254 255 250 242 239 246 254 260 263 258 257 260 264 268 268 276 278 278 277 284 297 299 294 288 290 297 318 324 322 354 410 413 444 408 356 321
32 36 38 38 39 39 38 38 40 40 40 43 47 48 48 52 58 65 73 92 97 95 95 101 111 122 128 132 140 147 155 170 186 197 206 219 230 226 212 228 257 274 286 294 286 270 260 258 257 254 251 250 253 247 239 242 249 259 265 264 260 256 261 262 260 262 270 275 275 276 285 289 289 300 291 294 299 336 339 354 375 386 372 346 320 304 282
30 33 34 36 38 38 38 39 42 42 43 42 43 46 49 54 61 67 70 81 90 94 98 106 115 123 129 131 141 148 159 175 196 209 216 234 252 263 274 287 297 300 303 305 298 281 266 256 251 249 249 248 248 246 240 246 253 261 263 262 258 257 263 269 272 272 276 276 273 275 276 280 291 296 287 285 281 309 338 343 345 341 314 298 282 276 269
31 32 34 36 37 38 38 39 42 43 44 45 47 50 53 59 66 71 75 82 92 99 108 -9999 118 125 131 132 141 154 167 182 200 214 225 242 260 275 290 307 316 311 306 301 296 284 272 260 250 249 247 244 240 236 238 243 252 258 262 258 251 258 268 277 285 289 286 285 285 280 274 279 281 277 275 271 271 293 304 311 311 302 286 276 262 257 257
32 33 35 36 37 38 39 40 43 43 43 48 52 56 61 66 71 75 79 89 98 102 109 115 120 127 136 143 154 166 179 191 206 221 231 245 258 271 284 293 301 300 295 290 289 285 276 266 257 254 247 239 235 233 237 242 248 253 255 255 252 256 268 279 285 288 285 283 279 277 276 268 269 272 272 267 265 273 285 291 286 278 270 255 248 244 245
33 33 34 36 38 40 40 38 42 43 46 52 57 61 65 70 75 79 83 90 98 103 111 117 123 131 141 149 157 168 184 197 210 223 235 247 258 270 275 279 286 292 291 287 283 285 282 276 270 258 242 234 234 234 237 242 248 252 254 256 255 253 262 276 281 284 279 275 272 278 272 264 269 276 275 274 265 262 269 270 265 258 250 246 241 238 236
32 32 32 36 40 42 40 34 41 45 51 55 59 63 67 72 77 82 86 92 98 105 112 118 126 134 146 157 163 174 192 203 214 226 237 250 261 264 265 264 270 283 287 283 279 282 285 283 274 257 241 230 230 233 237 244 255 259 262 261 257 253 257 271 276 279 278 276 275 277 271 266 272 273 272 265 258 257 255 251 246 240 233 234 235 237 234
33 32 33 37 41 43 41 41 45 49 51 55 59 64 67 72 80 85 90 95 102 108 112 118 126 136 148 162 167 178 197 207 220 231 235 241 246 249 251 253 261 273 278 276 271 277 279 275 266 251 239 229 229 235 240 250 260 263 266 265 260 256 256 266 268 269 275 277 276 275 275 280 282 270 268 257 256 251 247 240 233 228 225 222 226 229 228
33 34 34 37 41 41 41 43 47 50 52 55 60 66 69 74 82 89 95 100 106 112 117 122 130 139 150 157 168 181 198 209 221 225 225 227 230 234 237 244 256 264 270 273 271 274 272 266 259 249 242 -9999 235 237 242 250 256 263 265 264 260 257 258 262 263 265 274 274 274 273 282 285 277 266 258 253 253 248 242 232 223 222 221 218 218 217 220
32 32 32 36 40 40 39 41 45 49 52 56 61 69 73 78 86 92 99 103 109 118 123 123 137 141 147 156 167 183 199 207 209 208 211 218 222 226 230 238 250 259 266 273 272 269 -9999 253 252 249 247 244 239 236 239 243 251 259 264 263 260 257 261 262 260 266 272 272 271 273 277 281 274 268 258 249 248 242 228 221 213 211 215 213 213 212 215
30 30 31 35 38 38 39 42 45 49 52 56 63 72 76 80 86 92 98 104 112 121 126 128 135 141 148 159 174 184 189 196 200 199 205 215 225 231 236 240 242 246 258 271 272 263 250 245 247 249 247 245 241 235 230 237 251 263 268 267 259 258 263 265 263 261 260 260 264 269 268 272 268 263 255 232 223 225 220 209 206 204 212 212 207 205 209
29 30 31 33 34 36 40 44 48 51 54 57 64 74 78 81 84 90 98 106 113 123 132 133 135 141 152 164 178 182 183 188 195 199 208 218 229 238 243 247 246 245 258 272 276 271 259 251 248 248 247 246 245 239 229 245 262 275 276 270 261 267 269 268 266 260 253 244 251 261 262 263 259 252 240 218 208 216 211 202 203 207 211 209 200 197 204
29 29 29 31 34 36 40 43 46 50 56 60 66 72 75 79 83 90 99 109 116 123 135 136 140 146 155 167 176 180 183 187 195 204 213 221 232 243 251 255 256 256 261 271 281 283 276 267 257 253 249 249 252 252 252 262 277 283 282 277 269 276 278 274 273 263 256 252 258 266 267 264 257 248 236 226 216 213 208 202 201 207 207 205 197 194 202
28 28 27 29 33 36 38 42 45 49 55 61 68 72 75 80 85 92 100 110 116 119 125 132 141 150 158 168 178 181 185 192 202 213 219 226 236 248 259 265 264 268 269 273 284 288 288 284 273 267 263 264 265 267 271 277 288 289 288 284 281 283 285 284 284 273 266 268 272 275 273 266 257 248 240 230 224 216 208 203 204 207 207 204 201 201 205
29 28 28 30 33 35 38 42 46 51 55 62 67 70 75 82 87 91 99 107 111 116 123 131 143 154 162 171 178 181 186 196 208 220 226 231 240 250 262 271 273 278 280 282 287 291 291 290 286 284 285 283 283 284 285 287 297 300 298 297 297 297 299 294 293 282 281 283 284 284 280 271 259 250 246 235 227 218 212 208 210 211 210 209 209 209 214
31 30 30 32 32 33 37 41 47 53 58 64 68 69 74 80 86 90 97 104 107 114 126 134 143 158 170 175 178 180 186 199 214 226 236 242 245 253 264 273 279 282 288 295 300 299 299 299 298 297 298 300 303 301 297 298 301 307 306 308 312 314 311 304 299 299 297 296 297 295 290 279 260 250 249 241 233 225 218 217 217 214 207 208 215 219 218
33 33 33 33 34 34 36 40 47 53 59 65 70 72 76 79 83 88 95 103 109 117 132 136 139 163 177 177 176 183 192 207 222 235 249 257 258 263 270 277 288 291 298 311 321 326 318 313 310 313 317 320 319 316 309 309 307 311 316 321 325 327 323 317 315 318 313 313 310 307 302 290 274 264 258 253 246 238 232 229 226 216 196 197 215 218 215
32 34 33 34 35 36 37 40 44 50 57 63 68 72 75 78 80 86 94 102 110 119 132 143 156 171 177 177 181 187 199 215 232 245 255 266 277 283 283 288 300 307 316 328 345 347 334 324 321 321 322 323 333 328 321 320 312 314 322 329 332 332 326 -9999 323 321 317 312 304 301 302 298 286 278 272 264 257 254 251 246 237 224 204 201 212 213 210
29 33 33 35 35 35 36 38 42 48 55 60 66 71 76 79 80 86 96 105 114 122 132 147 160 167 172 183 192 196 205 222 239 248 258 270 283 292 297 301 307 312 318 333 351 353 339 325 319 319 317 320 336 332 322 317 314 319 327 323 323 323 318 -9999 314 310 306 299 295 293 296 297 293 289 280 267 264 262 260 257 248 232 218 213 213 209 205
27 32 33 33 34 34 34 37 41 47 52 57 63 71 78 83 88 95 103 112 120 132 142 153 157 161 170 182 199 208 216 226 236 244 258 274 281 285 286 287 291 295 303 320 335 339 329 319 314 316 315 317 329 -9999 324 -9999 -9999 317 -9999 -9999 -9999 -9999 -9999 -9999 -9999 -9999 -9999 -9999 -9999 -9999 -9999 -9999 296 294 288 274 268 265 263 256 246 232 221 214 209 204 199
27 30 29 31 31 31 32 35 40 44 47 52 60 70 79 87 95 102 110 119 131 147 155 158 157 162 173 187 201 212 216 216 226 237 249 261 271 271 270 273 277 278 281 297 313 318 315 316 317 320 323 325 332 333 -9999 -9999 314 -9999 -9999 -9999 -9999 -9999 -9999 -9999 -9999 -9999 -9999 -9999 -9999 -9999 -9999 -9999 -9999 287 293 284 270 263 260 -9999 238 225 215 202 196 197 195
25 28 29 28 29 28 29 32 36 41 42 44 55 69 80 88 96 104 113 124 141 149 153 154 156 163 173 185 199 211 210 204 209 221 233 240 -9999 248 252 259 -9999 -9999 -9999 -9999 291 -9999 298 -9999 -9999 319 325 329 330 330 323 312 322 -9999 -9999 -9999 -9999 -9999 -9999 -9999 -9999 -9999 -9999 -9999 -9999 -9999 -9999 -9999 -9999 -9999 -9999 274 -9999 -9999 -9999 -9999 -9999 -9999 205 172 175 189 191
25 27 28 29 27 29 28 28 31 35 32 33 47 64 78 87 93 98 110 121 129 133 138 146 154 159 168 182 194 204 202 198 203 213 227 226 -9999 228 236 -9999 -9999 -9999 -9999 -9999 -9999 -9999 286 -9999 295 -9999 323 323 317 319 320 318 326 -9999 -9999 -9999 -9999 -9999 -9999 -9999 -9999 -9999 -9999 -9999 -9999 -9999 -9999 -9999 -9999 -9999 -9999 -9999 -9999 -9999 -9999 -9999 -9999 -9999 181 134 170 188 192
22 23 31 28 29 30 27 23 25 27 27 36 48 61 76 83 87 92 106 115 114 110 122 137 147 154 163 175 186 195 198 195 202 223 223 212 -9999 -9999 -9999 -9999 -9999 -9999 -9999 -9999 -9999 -9999 -9999 -9999 -9999 -9999 -9999 -9999 -9999 -9999 -9999 -9999 -9999 -9999 282 -9999 -9999 -9999 -9999 -9999 -9999 -9999 -9999 -9999 -9999 -9999 -9999 -9999 -9999 -9999 -9999 -9999 -9999 -9999 -9999 -9999 -9999 -9999 -9999 163 185 192 194
20 21 23 25 29 36 29 31 23 26 30 42 52 61 70 76 80 87 95 100 104 109 117 126 137 150 154 162 174 188 198 197 204 223 221 -9999 -9999 -9999 -9999 -9999 -9999 -9999 -9999 -9999 -9999 -9999 -9999 -9999 -9999 -9999 -9999 -9999 -9999 -9999 -9999 -9999 -9999 -9999 -9999 -9999 -9999 -9999 -9999 -9999 -9999 -9999 -9999 -9999 -9999 -9999 -9999 -9999 -9999 -9999 -9999 -9999 -9999 -9999 -9999 -9999 -9999 -9999 -9999 -9999 -9999 191 191
25 23 22 25 26 31 28 28 25 27 31 40 50 58 65 69 74 81 87 89 93 100 108 118 127 138 144 148 165 181 192 192 196 -9999 -9999 -9999 -9999 -9999 -9999 -9999 -9999 -9999 -9999 -9999 -9999 -9999 -9999 -9999 -9999 -9999 -9999 -9999 -9999 -9999 -9999 -9999 -9999 -9999 -9999 -9999 -9999 -9999 -9999 -9999 -9999 -9999 -9999 -9999 -9999 -9999 -9999 -9999 -9999 -9999 -9999 -9999 -9999 -9999 -9999 -9999 -9999 -9999 -9999 -9999 -9999 188 185
24 26 21 23 22 30 30 26 28 29 30 39 49 55 59 67 74 77 76 78 84 93 101 111 121 131 140 148 161 -9999 -9999 -9999 -9999 -9999 -9999 -9999 -9999 -9999 -9999 -9999 -9999 -9999 -9999 -9999 -9999 -9999 -9999 -9999 -9999 -9999 -9999 -9999 -9999 -9999 -9999 -9999 -9999 -9999 -9999 -9999 -9999 -9999 -9999 -9999 -9999 -9999 -9999 -9999 -9999 -9999 -9999 -9999 -9999 -9999 -9999 -9999 -9999 -9999 -9999 -9999 -9999 -9999 -9999 -9999 -9999 184 182
24 23 21 24 18 26 29 31 35 35 31 37 48 50 52 63 75 80 74 74 81 90 99 107 119 131 142 148 150 -9999 -9999 -9999 -9999 -9999 -9999 -9999 -9999 -9999 -9999 -9999 -9999 -9999 -9999 -9999 -9999 -9999 -9999 -9999 -9999 -9999 -9999 -9999 -9999 -9999 -9999 -9999 -9999 -9999 -9999 -9999 -9999 -9999 -9999 -9999 -9999 -9999 -9999 -9999 -9999 -9999 -9999 -9999 -9999 -9999 -9999 -9999 -9999 -9999 -9999 -9999 -9999 -9999 -9999 -9999 -9999 186 186
