resultados/variables_norteamerica/bio16.asc
ncols 469
nrows 225
xllcorner -169.133333
yllcorner 20.675000
cellsize 0.249840
NODATA_value -9999
[rows 38 to 75 of 225, columns 0 to 84 of 469]
-9999 -9999 -9999 -9999 -9999 -9999 -9999 -9999 -9999 -9999 -9999 -9999 -9999 -9999 -9999 -9999 -9999 -9999 -9999 -9999 -9999 131 131 129 127 125 125 127 129 129 130 129 129 129 131 134 131 128 127 127 127 127 125 127 129 128 128 131 132 134 138 140 146 148 151 155 155 156 159 161 160 156 152 151 151 148 148 145 140 145 143 144 147 139 144 141 140 143 140 139 139 136 135 130 124
-9999 -9999 -9999 -9999 -9999 -9999 -9999 -9999 -9999 -9999 -9999 -9999 -9999 -9999 -9999 -9999 -9999 -9999 -9999 -9999 -9999 -9999 -9999 -9999 131 -9999 128 129 131 133 133 134 134 134 133 134 134 131 131 130 130 129 129 128 129 128 129 131 134 135 138 141 145 148 152 153 156 157 160 162 164 164 159 154 152 148 146 146 145 146 148 147 145 142 142 143 143 145 145 148 145 142 138 133 126
-9999 -9999 -9999 -9999 -9999 -9999 -9999 -9999 -9999 -9999 -9999 -9999 -9999 -9999 -9999 -9999 -9999 -9999 -9999 -9999 -9999 -9999 -9999 -9999 -9999 -9999 132 -9999 -9999 138 138 139 139 139 139 139 138 136 135 134 134 133 132 132 132 133 133 134 135 137 139 141 146 150 154 157 159 164 167 170 172 171 166 164 159 153 149 149 150 151 153 152 150 148 148 149 150 153 150 147 143 138 134 130 125
-9999 -9999 -9999 -9999 -9999 -9999 -9999 -9999 -9999 -9999 -9999 -9999 -9999 -9999 -9999 -9999 -9999 -9999 155 153 152 -9999 -9999 -9999 -9999 -9999 -9999 -9999 -9999 -9999 -9999 -9999 -9999 -9999 -9999 -9999 -9999 140 139 138 137 137 136 136 136 137 137 139 141 142 147 148 149 154 157 162 167 170 176 179 183 183 178 171 162 154 151 152 153 154 155 155 154 153 154 156 158 153 150 145 142 140 135 130 126
-9999 -9999 -9999 -9999 -9999 -9999 -9999 -9999 -9999 -9999 -9999 -9999 -9999 -9999 -9999 164 162 161 160 159 156 -9999 -9999 -9999 -9999 -9999 -9999 -9999 -9999 -9999 -9999 152 151 -9999 -9999 150 147 146 145 143 142 141 141 141 141 144 145 147 148 148 149 154 158 157 160 165 170 175 182 189 193 195 191 181 171 163 158 156 157 158 159 159 159 159 159 157 154 150 147 143 140 137 134 131 127
-9999 -9999 -9999 -9999 -9999 -9999 -9999 -9999 -9999 -9999 178 177 176 174 171 170 169 168 167 166 166 166 167 166 164 164 -9999 -9999 165 164 162 161 160 160 159 158 155 157 154 150 147 149 148 146 144 144 143 143 145 147 149 152 158 161 164 169 176 183 188 193 204 209 202 191 180 172 166 163 161 162 163 164 166 163 160 157 156 155 149 145 143 -9999 137 135 131
-9999 -9999 -9999 -9999 -9999 -9999 -9999 -9999 -9999 187 186 185 184 182 181 179 178 178 179 176 174 174 175 176 175 174 173 175 174 172 172 172 167 165 163 161 159 158 157 155 153 153 152 150 147 147 146 145 146 148 150 153 157 162 167 172 179 185 189 196 205 210 206 197 185 177 172 170 170 171 172 172 175 172 170 166 160 158 155 153 151 147 145 142 141
-9999 -9999 -9999 -9999 -9999 205 203 201 199 197 196 193 191 188 188 188 187 185 184 182 181 182 184 185 185 185 185 187 185 182 183 182 177 173 171 170 166 163 162 162 159 159 156 154 151 149 148 148 148 150 153 156 160 165 171 176 184 190 195 201 205 206 203 196 188 181 174 168 167 169 172 175 177 175 174 170 166 164 161 157 155 150 148 146 143
-9999 -9999 -9999 -9999 -9999 -9999 -9999 -9999 -9999 199 199 198 196 192 191 190 189 189 188 188 191 194 194 195 197 197 197 196 195 193 191 187 183 179 177 175 174 171 169 168 165 162 161 159 156 152 150 150 150 151 154 159 164 169 176 182 187 191 197 204 207 204 201 194 188 181 173 170 170 173 175 176 176 177 180 180 177 175 171 161 156 150 149 148 150
-9999 -9999 -9999 -9999 -9999 -9999 -9999 -9999 -9999 206 207 206 203 201 200 199 198 196 196 197 198 199 199 198 200 203 208 208 207 203 198 193 188 184 181 180 179 177 175 174 171 167 166 164 161 156 153 151 151 153 158 163 169 174 181 183 189 194 198 200 199 195 192 188 183 178 173 169 168 171 173 177 181 185 183 180 179 172 165 159 154 152 152 153 151
-9999 -9999 -9999 -9999 -9999 -9999 -9999 -9999 -9999 -9999 -9999 211 212 209 207 206 204 205 204 203 205 204 204 206 209 212 216 217 217 210 204 -9999 191 189 187 186 183 182 182 180 176 173 170 166 162 159 157 154 152 155 160 167 172 177 180 182 185 188 190 192 193 193 192 188 184 179 175 173 173 175 178 183 186 188 188 186 183 176 169 162 156 156 157 153 149
-9999 -9999 -9999 -9999 -9999 -9999 -9999 -9999 -9999 -9999 -9999 -9999 -9999 210 208 207 206 206 206 -9999 -9999 -9999 -9999 -9999 -9999 218 219 -9999 -9999 -9999 -9999 -9999 -9999 194 192 190 190 189 188 186 182 178 173 168 166 164 163 163 162 162 167 169 174 179 184 185 186 189 191 192 193 193 190 187 184 182 178 179 181 179 184 189 193 196 196 193 189 184 177 169 162 160 158 154 150
-9999 -9999 -9999 -9999 -9999 -9999 -9999 -9999 -9999 -9999 -9999 -9999 -9999 -9999 -9999 -9999 -9999 -9999 -9999 -9999 -9999 -9999 -9999 -9999 -9999 221 -9999 -9999 -9999 -9999 -9999 -9999 200 199 197 195 192 191 190 188 184 179 176 174 174 174 175 175 172 174 174 177 182 183 186 188 189 191 193 194 194 194 191 189 186 183 181 182 186 189 193 195 200 204 205 204 200 195 189 182 177 172 168 163 159
-9999 -9999 -9999 -9999 -9999 -9999 -9999 -9999 -9999 -9999 -9999 -9999 -9999 -9999 -9999 -9999 -9999 -9999 -9999 -9999 -9999 -9999 -9999 -9999 -9999 -9999 -9999 -9999 -9999 -9999 -9999 -9999 -9999 201 198 196 193 192 191 188 186 183 182 181 181 181 179 179 179 181 182 183 185 187 190 192 194 196 195 194 193 200 196 193 192 187 182 184 187 189 194 201 208 214 217 218 214 209 205 200 196 191 185 179 176
-9999 -9999 -9999 -9999 -9999 -9999 -9999 -9999 -9999 -9999 -9999 -9999 -9999 -9999 -9999 -9999 -9999 -9999 -9999 -9999 -9999 -9999 -9999 -9999 -9999 -9999 -9999 -9999 -9999 -9999 -9999 -9999 -9999 201 200 198 199 197 194 190 189 189 188 187 186 185 185 185 187 188 188 190 192 193 196 197 196 196 200 200 201 204 200 194 189 186 184 183 186 191 200 209 218 226 230 233 230 223 216 210 204 198 192 188 183
-9999 -9999 -9999 -9999 -9999 -9999 -9999 -9999 -9999 -9999 -9999 -9999 -9999 -9999 -9999 -9999 -9999 -9999 -9999 -9999 -9999 -9999 -9999 -9999 -9999 -9999 -9999 -9999 -9999 -9999 -9999 -9999 207 208 205 204 205 201 196 195 195 194 194 193 193 193 193 194 195 198 200 201 204 203 201 199 204 202 207 212 209 200 195 193 190 186 185 186 189 196 207 218 228 235 239 240 235 228 222 214 207 201 195 189 184
-9999 -9999 -9999 -9999 -9999 -9999 -9999 -9999 -9999 -9999 -9999 -9999 -9999 -9999 -9999 -9999 -9999 -9999 -9999 -9999 -9999 -9999 -9999 -9999 -9999 -9999 -9999 219 218 218 216 213 211 208 207 206 206 204 200 201 201 200 200 200 200 201 203 204 207 211 213 215 214 211 204 200 202 205 208 208 206 203 198 194 189 187 186 188 194 203 214 225 234 240 242 236 236 237 236 225 209 202 196 189 183
-9999 -9999 -9999 -9999 -9999 -9999 -9999 -9999 -9999 -9999 -9999 -9999 -9999 -9999 -9999 -9999 -9999 -9999 -9999 244 241 237 234 -9999 228 226 224 222 220 219 218 217 213 207 207 206 205 203 204 205 205 205 206 207 207 209 211 215 219 221 224 227 225 210 203 205 206 206 205 207 210 206 201 196 191 188 187 190 199 211 225 233 247 236 236 249 259 273 260 227 214 204 198 191 185
-9999 -9999 -9999 -9999 -9999 -9999 -9999 -9999 -9999 -9999 -9999 -9999 -9999 -9999 -9999 -9999 -9999 258 254 249 245 241 236 232 228 227 224 221 219 216 214 213 209 207 207 208 206 206 208 211 212 212 213 215 215 218 221 225 233 232 232 234 233 221 213 212 211 211 211 214 216 213 206 198 192 191 191 201 214 219 226 228 237 252 263 285 306 299 267 241 222 206 195 189 184
-9999 -9999 -9999 -9999 -9999 -9999 -9999 -9999 -9999 -9999 -9999 -9999 -9999 -9999 -9999 -9999 -9999 266 261 256 250 244 239 234 230 226 222 218 214 211 210 209 207 207 208 208 208 210 213 216 218 220 221 222 224 228 231 234 236 237 239 241 237 231 227 223 220 220 219 224 229 224 209 205 206 202 194 202 204 213 224 237 247 264 284 298 299 282 259 238 222 207 199 194 187
-9999 -9999 -9999 -9999 -9999 -9999 -9999 -9999 -9999 -9999 -9999 -9999 -9999 -9999 -9999 285 278 273 267 261 254 248 243 237 230 225 219 214 210 208 210 210 209 209 211 211 212 213 218 223 225 227 228 228 231 235 237 238 242 245 247 245 245 242 240 233 231 228 232 239 236 230 214 207 200 198 194 195 205 218 230 242 254 265 277 287 288 270 249 231 216 207 200 198 193
-9999 -9999 -9999 -9999 -9999 -9999 -9999 -9999 -9999 -9999 -9999 -9999 -9999 304 300 293 286 279 273 266 258 251 245 236 230 223 216 211 208 206 207 208 210 211 212 215 217 220 225 229 233 234 235 236 239 240 240 243 247 248 251 250 249 249 245 246 242 237 237 242 240 230 216 205 195 186 191 198 209 223 234 243 252 258 263 265 260 248 234 223 216 210 207 198 196
-9999 -9999 -9999 -9999 -9999 -9999 -9999 -9999 -9999 -9999 -9999 -9999 -9999 -9999 307 300 292 285 278 270 262 255 247 238 230 222 215 209 206 205 205 205 208 211 215 219 225 230 236 240 241 240 244 241 243 245 247 249 251 251 254 255 256 255 256 252 248 242 235 239 241 235 216 205 207 198 205 205 214 222 237 244 250 249 245 240 232 226 225 219 213 210 208 206 203
-9999 -9999 -9999 -9999 -9999 -9999 -9999 -9999 -9999 -9999 -9999 -9999 319 316 311 304 297 290 283 275 267 -9999 250 241 232 223 214 207 202 200 201 204 208 213 218 224 231 238 244 245 245 244 245 247 249 249 252 251 252 255 258 261 263 264 262 257 251 242 235 239 239 231 225 219 212 213 228 219 218 230 242 246 243 241 233 219 209 203 199 193 201 219 220 216 212
-9999 -9999 -9999 -9999 -9999 -9999 -9999 -9999 -9999 -9999 -9999 -9999 -9999 316 312 -9999 301 294 287 280 272 264 254 245 235 224 214 205 199 197 199 204 210 216 222 228 236 243 247 248 249 252 254 251 254 255 253 253 255 259 263 267 271 271 270 262 254 244 235 237 234 222 224 222 215 216 227 231 233 244 250 254 254 245 229 209 196 -9999 211 226 231 236 258 233 225
-9999 -9999 -9999 -9999 -9999 -9999 -9999 -9999 -9999 -9999 -9999 -9999 -9999 -9999 -9999 -9999 -9999 298 292 285 277 268 260 -9999 239 228 -9999 205 197 194 199 206 213 220 226 234 243 251 254 251 252 256 255 256 253 252 255 256 258 263 266 271 276 280 283 274 258 246 233 227 221 223 230 225 226 229 229 243 267 263 253 255 -9999 -9999 -9999 -9999 -9999 221 246 258 266 279 269 290 306
-9999 -9999 -9999 -9999 -9999 -9999 -9999 -9999 -9999 -9999 -9999 -9999 -9999 -9999 -9999 -9999 -9999 303 297 290 283 -9999 265 257 247 235 222 -9999 199 195 202 211 219 226 232 239 248 255 260 257 256 256 255 255 253 254 257 259 260 263 268 272 278 280 280 271 258 246 238 231 232 236 235 234 235 238 247 285 283 -9999 -9999 -9999 -9999 242 241 241 246 262 288 324 -9999 353 355 -9999 379
-9999 -9999 -9999 -9999 -9999 -9999 -9999 -9999 -9999 -9999 -9999 -9999 -9999 -9999 -9999 313 311 307 302 296 290 285 276 267 257 246 234 -9999 -9999 210 215 222 229 236 242 247 255 260 262 261 259 259 258 256 256 256 257 257 260 263 268 272 278 278 274 267 259 248 238 231 231 233 235 238 241 246 265 -9999 -9999 -9999 -9999 223 232 245 257 268 280 300 320 351 357 372 425 -9999 -9999
-9999 -9999 -9999 -9999 -9999 -9999 -9999 -9999 -9999 -9999 -9999 -9999 -9999 -9999 -9999 -9999 -9999 308 -9999 302 297 292 286 279 271 261 253 241 235 232 234 237 243 247 251 255 258 262 264 263 260 256 256 255 255 254 254 253 256 260 264 266 271 273 273 269 260 248 240 219 226 236 242 247 259 268 278 -9999 -9999 -9999 -9999 221 233 254 273 290 312 341 373 418 409 388 412 470 -9999
-9999 -9999 -9999 -9999 -9999 -9999 -9999 300 304 309 313 316 318 318 -9999 -9999 -9999 -9999 -9999 307 306 302 297 292 286 278 272 -9999 260 256 255 255 258 261 266 266 266 266 267 264 260 -9999 252 252 251 250 248 248 251 254 256 260 265 268 271 270 264 -9999 239 238 242 247 252 259 266 281 -9999 -9999 -9999 -9999 236 239 253 -9999 292 302 314 352 453 459 499 460 459 530 -9999
-9999 -9999 -9999 -9999 -9999 -9999 -9999 -9999 -9999 -9999 313 316 318 -9999 -9999 -9999 -9999 -9999 -9999 -9999 314 312 -9999 304 298 -9999 -9999 -9999 280 282 278 275 275 275 274 272 271 269 264 265 -9999 255 252 250 248 245 243 243 244 246 250 257 262 266 272 275 281 279 260 258 257 264 268 280 286 -9999 -9999 -9999 -9999 255 254 257 268 291 307 326 368 -9999 -9999 -9999 -9999 -9999 -9999 -9999 -9999
-9999 -9999 -9999 -9999 -9999 -9999 -9999 -9999 -9999 -9999 -9999 -9999 -9999 -9999 -9999 -9999 -9999 -9999 -9999 -9999 -9999 -9999 -9999 -9999 -9999 -9999 -9999 -9999 -9999 309 306 299 293 287 281 276 271 267 264 261 -9999 252 249 246 244 241 239 237 237 240 244 250 254 -9999 -9999 -9999 -9999 -9999 301 289 284 283 -9999 -9999 -9999 -9999 -9999 -9999 -9999 -9999 -9999 281 297 315 -9999 389 -9999 -9999 -9999 -9999 -9999 -9999 -9999 -9999 -9999
-9999 -9999 -9999 -9999 -9999 -9999 -9999 -9999 -9999 -9999 -9999 -9999 -9999 -9999 -9999 -9999 -9999 -9999 -9999 -9999 -9999 -9999 -9999 -9999 -9999 -9999 -9999 -9999 -9999 347 334 321 308 297 288 278 271 268 263 259 254 251 247 245 239 235 232 230 230 231 235 240 247 -9999 -9999 285 295 300 308 307 -9999 -9999 -9999 -9999 -9999 -9999 -9999 -9999 -9999 301 294 305 317 -9999 -9999 -9999 -9999 -9999 -9999 -9999 -9999 -9999 -9999 -9999 -9999
-9999 -9999 -9999 -9999 -9999 -9999 -9999 -9999 -9999 -9999 -9999 -9999 -9999 -9999 -9999 -9999 -9999 -9999 -9999 -9999 -9999 -9999 -9999 -9999 -9999 -9999 -9999 -9999 -9999 -9999 361 343 326 310 297 282 275 268 261 255 250 247 244 238 234 229 226 223 222 222 226 234 244 257 271 283 291 297 309 321 -9999 -9999 -9999 -9999 -9999 -9999 -9999 -9999 -9999 -9999 -9999 -9999 -9999 -9999 -9999 -9999 -9999 -9999 -9999 -9999 -9999 -9999 -9999 -9999 -9999
-9999 -9999 -9999 -9999 -9999 -9999 -9999 -9999 -9999 -9999 -9999 -9999 -9999 -9999 -9999 -9999 -9999 -9999 -9999 -9999 -9999 -9999 -9999 -9999 -9999 -9999 -9999 -9999 -9999 403 384 360 337 -9999 -9999 -9999 276 -9999 259 251 246 243 -9999 233 228 224 221 218 -9999 213 218 229 244 256 270 281 287 299 307 323 325 329 333 -9999 -9999 -9999 -9999 -9999 -9999 -9999 -9999 -9999 -9999 -9999 -9999 -9999 -9999 -9999 -9999 -9999 -9999 -9999 -9999 -9999 -9999
-9999 -9999 -9999 -9999 -9999 -9999 -9999 -9999 -9999 -9999 -9999 -9999 -9999 -9999 -9999 -9999 -9999 -9999 -9999 -9999 -9999 -9999 -9999 -9999 -9999 -9999 -9999 -9999 -9999 -9999 -9999 -9999 -9999 -9999 -9999 -9999 -9999 -9999 -9999 -9999 241 -9999 -9999 -9999 -9999 -9999 -9999 211 209 208 213 226 241 -9999 271 286 296 309 314 323 339 -9999 -9999 -9999 -9999 -9999 411 -9999 -9999 -9999 -9999 -9999 -9999 -9999 -9999 -9999 -9999 -9999 -9999 -9999 -9999 -9999 -9999 -9999 -9999
-9999 -9999 -9999 -9999 -9999 -9999 -9999 -9999 -9999 -9999 -9999 -9999 -9999 -9999 -9999 -9999 -9999 -9999 -9999 -9999 -9999 -9999 -9999 -9999 -9999 -9999 -9999 -9999 -9999 -9999 -9999 -9999 -9999 -9999 -9999 -9999 -9999 -9999 -9999 -9999 -9999 -9999 -9999 -9999 -9999 -9999 -9999 208 208 210 216 228 242 255 269 280 289 300 314 335 348 -9999 -9999 -9999 -9999 422 436 -9999 -9999 -9999 -9999 -9999 -9999 -9999 -9999 -9999 -9999 -9999 -9999 -9999 -9999 -9999 -9999 -9999 -9999
-9999 -9999 -9999 -9999 -9999 -9999 -9999 -9999 -9999 -9999 -9999 -9999 -9999 -9999 -9999 -9999 -9999 -9999 -9999 -9999 -9999 -9999 -9999 -9999 -9999 -9999 -9999 -9999 -9999 -9999 -9999 -9999 -9999 -9999 -9999 -9999 -9999 -9999 -9999 -9999 -9999 -9999 -9999 -9999 -9999 -9999 207 207 209 -9999 -9999 231 244 257 270 284 300 -9999 325 -9999 -9999 -9999 -9999 408 -9999 440 -9999 -9999 -9999 -9999 -9999 -9999 -9999 -9999 -9999 -9999 -9999 -9999 -9999 -9999 -9999 -9999 -9999 -9999 -9999
