resultados/variables_norteamerica/bio16.asc
ncols 469
nrows 225
xllcorner -169.133333
yllcorner 20.675000
cellsize 0.249840
NODATA_value -9999
[rows 114 to 151 of 225, columns 340 to 424 of 469]
259 257 254 253 249 248 244 248 252 260 265 268 266 265 267 270 275 282 291 299 307 311 317 318 317 320 322 328 336 343 348 352 356 359 361 362 360 357 352 347 344 344 345 341 335 325 321 315 318 331 341 339 331 325 326 320 312 -9999 -9999 -9999 -9999 277 271 281 288 302 301 304 313 318 311 313 305 294 302 330 343 336 -9999 -9999 -9999 -9999 -9999 -9999 -9999
270 266 262 256 250 249 247 246 254 258 263 265 265 262 261 262 267 275 286 296 305 313 319 321 -9999 316 322 329 334 341 347 354 357 360 363 364 364 361 355 353 348 340 343 335 328 323 327 332 343 357 382 393 380 363 352 350 317 296 -9999 -9999 282 291 286 297 300 305 309 311 303 298 -9999 -9999 -9999 -9999 -9999 311 -9999 -9999 -9999 -9999 -9999 -9999 -9999 -9999 -9999
280 274 267 258 254 251 250 250 254 258 259 261 261 259 255 255 261 265 278 294 305 313 320 323 321 320 323 330 336 338 340 343 350 356 358 364 366 361 356 352 346 339 336 329 325 322 328 342 354 374 402 412 410 393 374 336 322 -9999 273 285 294 289 297 309 313 312 306 303 301 296 302 301 288 281 -9999 -9999 317 324 -9999 -9999 -9999 -9999 -9999 -9999 -9999
291 282 276 267 260 258 256 253 254 256 259 261 260 260 262 261 261 264 271 290 304 314 319 324 321 321 322 325 328 329 332 341 344 350 355 357 359 359 356 348 342 339 335 325 325 324 337 343 361 382 403 410 408 393 342 325 -9999 -9999 292 302 297 297 302 308 313 310 302 308 303 304 301 308 300 287 290 308 318 -9999 -9999 -9999 -9999 -9999 -9999 -9999 -9999
296 292 286 279 270 267 262 257 256 259 262 262 263 264 266 263 266 271 279 288 303 314 320 321 320 318 318 318 320 322 324 330 334 340 346 354 357 351 347 342 339 334 332 331 325 325 334 342 361 382 395 394 397 382 -9999 -9999 300 303 315 302 300 302 304 305 303 304 306 303 301 311 319 316 307 292 300 309 -9999 -9999 -9999 -9999 -9999 -9999 -9999 -9999 -9999
303 300 294 285 277 271 268 265 261 262 263 264 264 262 261 263 268 275 283 290 300 309 314 314 312 311 313 311 312 314 315 318 319 321 326 338 343 342 343 342 337 331 332 331 325 323 328 336 353 364 368 370 370 347 -9999 314 320 312 310 303 302 308 302 300 300 298 298 294 305 312 314 317 305 295 302 311 330 336 -9999 -9999 -9999 -9999 -9999 -9999 -9999
301 300 295 288 282 277 274 271 269 266 266 265 262 259 -9999 264 270 277 285 292 298 305 307 308 308 303 304 301 301 303 304 303 301 303 315 317 326 334 335 335 327 323 324 322 318 315 318 320 328 332 341 -9999 339 328 329 333 322 311 305 304 309 305 297 296 290 290 293 292 306 313 314 308 301 304 312 327 342 346 -9999 333 -9999 -9999 -9999 -9999 -9999
286 289 289 286 280 277 275 271 267 266 266 260 256 258 261 264 269 277 289 298 298 302 306 302 299 293 292 286 284 288 290 288 286 291 298 303 311 313 323 324 322 323 322 314 306 301 303 307 -9999 323 332 337 336 336 338 333 317 313 311 305 306 302 295 291 291 288 290 300 303 310 308 306 311 318 329 337 344 346 -9999 -9999 326 322 -9999 -9999 -9999
267 270 -9999 271 267 269 270 265 261 260 260 258 257 257 262 265 270 274 -9999 289 294 295 296 290 285 279 277 273 271 272 276 277 276 281 287 298 299 302 315 323 315 309 301 292 287 -9999 294 305 315 324 333 339 340 326 322 319 316 315 308 302 301 294 292 293 292 281 280 297 308 311 308 314 323 331 336 342 346 346 -9999 -9999 -9999 -9999 332 339 340
257 -9999 -9999 -9999 -9999 -9999 -9999 -9999 -9999 254 -9999 257 257 259 265 272 277 282 286 287 292 293 292 285 274 264 255 256 259 259 265 269 269 274 280 288 289 293 296 307 301 291 279 274 275 284 295 306 316 332 341 338 330 319 310 316 315 313 304 302 311 304 290 285 285 286 291 299 307 312 314 317 319 333 340 343 345 345 341 335 332 -9999 -9999 -9999 -9999
-9999 -9999 -9999 -9999 -9999 -9999 -9999 252 252 249 -9999 -9999 -9999 -9999 272 283 291 295 296 -9999 291 287 283 278 270 258 251 243 238 240 248 255 260 268 272 279 278 282 287 289 279 274 272 273 279 287 299 312 323 334 338 329 326 321 310 316 308 302 304 305 301 296 288 292 294 299 308 312 317 322 322 328 335 349 348 353 362 364 344 335 343 346 352 351 354
-9999 -9999 -9999 -9999 -9999 -9999 -9999 -9999 243 243 -9999 -9999 -9999 -9999 -9999 300 315 313 303 -9999 291 285 277 271 263 254 243 239 234 232 233 238 245 256 257 260 263 265 269 268 270 272 276 279 285 294 307 324 330 336 334 334 334 320 317 302 307 301 303 312 301 296 299 302 309 314 316 322 328 339 348 364 371 375 377 379 373 -9999 352 355 372 378 380 376 378
255 252 245 -9999 -9999 -9999 -9999 -9999 -9999 -9999 243 253 -9999 -9999 -9999 -9999 329 324 312 297 -9999 280 273 265 259 250 245 246 242 234 232 231 237 245 252 258 263 268 270 270 269 273 278 281 288 302 321 336 333 334 340 345 341 335 318 298 295 302 300 298 299 301 305 315 324 328 328 331 339 352 373 388 -9999 409 -9999 -9999 -9999 -9999 -9999 365 -9999 391 391 381 388
252 247 242 -9999 -9999 -9999 -9999 -9999 -9999 -9999 -9999 262 -9999 -9999 -9999 -9999 -9999 314 307 298 282 272 265 258 251 245 245 245 242 240 235 232 237 245 252 260 268 269 -9999 273 274 275 271 274 289 315 339 331 337 351 350 350 338 325 317 316 296 299 302 304 306 302 309 329 341 344 348 348 -9999 357 -9999 -9999 -9999 -9999 -9999 -9999 -9999 369 381 393 404 428 425 411 410
253 247 241 237 -9999 -9999 -9999 -9999 -9999 -9999 -9999 -9999 287 -9999 -9999 -9999 282 278 279 273 263 256 250 246 242 241 243 245 245 245 242 238 241 248 255 265 275 278 286 299 306 299 267 -9999 300 324 352 336 347 354 351 352 315 316 317 302 302 295 300 307 315 311 325 344 359 365 368 367 -9999 -9999 -9999 -9999 -9999 -9999 415 413 407 412 416 424 434 452 449 438 -9999
255 249 240 233 -9999 -9999 -9999 -9999 -9999 -9999 -9999 -9999 285 286 279 -9999 -9999 258 257 -9999 242 -9999 233 231 -9999 234 239 244 250 254 255 251 250 255 262 273 289 305 314 316 311 292 265 -9999 296 339 328 336 333 343 327 337 326 312 307 315 312 304 306 327 340 338 350 359 376 378 -9999 -9999 -9999 -9999 -9999 -9999 -9999 -9999 424 429 431 431 427 426 -9999 444 -9999 -9999 -9999
252 246 -9999 -9999 -9999 -9999 -9999 -9999 -9999 -9999 282 283 283 281 277 271 247 237 234 231 233 229 224 219 225 230 239 249 258 265 267 -9999 260 269 276 288 309 321 320 315 317 314 287 267 306 332 310 323 307 313 342 383 351 319 325 324 319 314 322 341 357 -9999 -9999 -9999 -9999 -9999 -9999 -9999 -9999 -9999 -9999 -9999 395 411 428 431 435 438 437 -9999 -9999 -9999 -9999 -9999 -9999
248 243 -9999 -9999 -9999 -9999 -9999 -9999 -9999 -9999 293 295 283 276 276 270 256 238 234 233 231 227 222 218 227 230 -9999 253 265 269 -9999 -9999 273 289 295 306 333 336 330 325 336 338 295 269 312 337 302 308 289 338 370 374 345 331 331 333 331 328 334 -9999 -9999 -9999 -9999 -9999 -9999 -9999 -9999 -9999 -9999 -9999 -9999 -9999 402 410 424 432 440 444 -9999 -9999 -9999 -9999 -9999 -9999 -9999
245 -9999 -9999 239 242 245 -9999 -9999 -9999 -9999 286 290 277 272 274 270 261 242 232 226 -9999 -9999 -9999 -9999 -9999 -9999 -9999 -9999 -9999 -9999 -9999 -9999 310 362 345 321 348 349 343 329 317 301 298 279 310 331 293 282 295 305 -9999 343 347 347 339 338 -9999 -9999 -9999 -9999 -9999 -9999 -9999 -9999 -9999 -9999 -9999 -9999 -9999 -9999 -9999 -9999 -9999 -9999 418 426 434 -9999 -9999 -9999 -9999 -9999 -9999 -9999 -9999
244 243 241 242 242 242 -9999 -9999 -9999 -9999 264 271 267 268 268 264 256 239 -9999 -9999 -9999 -9999 -9999 -9999 -9999 -9999 -9999 -9999 -9999 -9999 -9999 -9999 335 372 383 349 358 362 357 332 321 295 293 283 309 338 305 275 290 295 292 316 342 349 344 340 -9999 -9999 -9999 -9999 -9999 -9999 -9999 -9999 -9999 -9999 -9999 -9999 -9999 -9999 -9999 -9999 -9999 -9999 415 419 -9999 -9999 -9999 -9999 -9999 -9999 -9999 -9999 -9999
243 242 243 243 240 236 235 -9999 -9999 241 251 260 262 263 262 257 249 236 -9999 -9999 231 236 239 236 230 224 -9999 244 266 278 288 298 311 324 324 332 339 347 343 322 311 295 277 296 332 341 297 285 298 296 288 309 328 339 -9999 -9999 -9999 -9999 -9999 -9999 -9999 -9999 -9999 -9999 -9999 -9999 -9999 -9999 -9999 -9999 -9999 -9999 -9999 -9999 -9999 -9999 -9999 -9999 -9999 -9999 -9999 -9999 -9999 -9999 -9999
241 241 241 241 238 234 232 -9999 242 247 250 256 258 259 255 249 246 243 239 244 -9999 253 256 252 243 233 234 241 254 262 271 285 286 297 295 301 312 310 310 298 296 282 283 304 346 337 301 293 303 305 295 302 318 -9999 -9999 -9999 -9999 -9999 -9999 -9999 -9999 -9999 -9999 -9999 -9999 -9999 -9999 -9999 -9999 -9999 -9999 -9999 -9999 -9999 -9999 -9999 -9999 -9999 -9999 -9999 -9999 -9999 -9999 -9999 -9999
238 238 240 245 244 239 232 232 241 249 254 258 259 258 255 252 -9999 -9999 -9999 -9999 -9999 276 280 279 266 247 252 249 248 253 273 288 293 299 294 301 307 309 298 290 284 272 290 312 344 342 308 298 302 314 302 305 318 335 -9999 -9999 -9999 -9999 -9999 -9999 -9999 -9999 -9999 -9999 -9999 -9999 -9999 -9999 -9999 -9999 -9999 -9999 -9999 -9999 -9999 -9999 -9999 -9999 -9999 -9999 -9999 -9999 -9999 -9999 -9999
241 239 241 246 247 244 234 233 242 253 258 -9999 -9999 -9999 260 -9999 -9999 -9999 -9999 -9999 297 305 304 299 278 266 268 263 255 263 270 283 287 292 293 294 298 305 308 300 296 278 294 317 333 327 305 305 298 313 310 308 309 331 -9999 -9999 -9999 -9999 -9999 -9999 -9999 -9999 -9999 -9999 -9999 -9999 -9999 -9999 -9999 -9999 -9999 -9999 -9999 -9999 -9999 -9999 -9999 -9999 -9999 -9999 -9999 -9999 -9999 -9999 -9999
249 246 242 247 251 250 244 240 -9999 -9999 -9999 -9999 -9999 -9999 -9999 -9999 -9999 -9999 336 332 324 323 318 307 291 288 276 264 265 268 275 279 277 283 294 303 313 318 322 317 308 289 300 311 328 320 296 305 305 316 318 320 320 339 -9999 -9999 -9999 -9999 -9999 -9999 -9999 -9999 -9999 -9999 -9999 -9999 -9999 -9999 -9999 -9999 -9999 -9999 -9999 -9999 -9999 -9999 -9999 -9999 -9999 -9999 -9999 -9999 -9999 -9999 -9999
257 252 249 250 253 253 250 -9999 -9999 -9999 -9999 -9999 -9999 -9999 -9999 -9999 309 328 338 334 332 334 326 315 309 302 289 269 263 263 269 273 279 288 301 312 324 334 352 344 318 301 311 316 327 315 296 313 323 325 327 331 330 343 -9999 -9999 -9999 -9999 -9999 -9999 -9999 -9999 -9999 -9999 -9999 -9999 -9999 -9999 -9999 -9999 -9999 -9999 -9999 -9999 -9999 -9999 -9999 -9999 -9999 -9999 -9999 -9999 -9999 -9999 -9999
260 257 256 -9999 -9999 -9999 -9999 -9999 -9999 -9999 -9999 -9999 288 297 304 314 326 335 343 341 340 342 339 329 322 314 299 279 271 271 265 273 287 299 314 317 318 333 340 333 311 305 314 325 327 318 305 323 331 334 335 332 334 342 339 -9999 321 -9999 -9999 -9999 -9999 -9999 -9999 -9999 -9999 -9999 -9999 -9999 -9999 -9999 -9999 -9999 -9999 -9999 -9999 -9999 -9999 -9999 -9999 -9999 -9999 -9999 -9999 -9999 -9999
264 263 262 265 -9999 -9999 -9999 -9999 -9999 -9999 274 289 297 295 304 317 332 339 342 342 341 341 343 335 327 320 309 292 287 286 289 294 295 295 312 312 307 321 329 314 303 306 313 320 329 323 324 334 336 338 335 -9999 336 -9999 332 -9999 -9999 -9999 -9999 -9999 -9999 -9999 -9999 -9999 -9999 -9999 -9999 -9999 -9999 -9999 -9999 -9999 -9999 -9999 -9999 -9999 -9999 -9999 -9999 -9999 -9999 -9999 -9999 -9999 -9999
272 272 275 277 280 283 285 278 274 277 282 293 293 289 297 311 327 335 342 344 340 337 339 334 328 320 314 305 296 293 304 314 310 308 327 325 319 318 321 322 319 315 324 331 321 -9999 -9999 -9999 -9999 -9999 -9999 -9999 -9999 -9999 -9999 -9999 -9999 -9999 -9999 -9999 -9999 -9999 -9999 -9999 -9999 -9999 -9999 -9999 -9999 -9999 -9999 -9999 -9999 -9999 -9999 -9999 -9999 -9999 -9999 -9999 -9999 -9999 -9999 -9999 -9999
278 282 286 287 292 296 297 295 290 289 288 293 293 293 296 304 316 327 333 340 341 336 336 327 319 315 313 319 313 302 309 316 327 336 343 328 322 330 340 337 326 -9999 327 -9999 -9999 -9999 -9999 -9999 -9999 321 -9999 -9999 -9999 -9999 -9999 -9999 -9999 -9999 -9999 -9999 -9999 -9999 -9999 -9999 -9999 -9999 -9999 -9999 -9999 -9999 -9999 -9999 -9999 -9999 -9999 -9999 -9999 -9999 -9999 -9999 -9999 -9999 -9999 -9999 -9999
283 287 289 290 299 307 309 307 303 300 295 295 299 300 298 298 305 316 322 332 342 339 329 322 309 304 318 323 315 308 320 337 348 341 327 327 332 346 350 340 315 303 303 307 310 -9999 -9999 -9999 -9999 -9999 -9999 -9999 -9999 -9999 -9999 -9999 -9999 -9999 -9999 -9999 -9999 -9999 -9999 -9999 -9999 -9999 -9999 -9999 -9999 -9999 -9999 -9999 -9999 -9999 -9999 -9999 -9999 -9999 -9999 -9999 -9999 -9999 -9999 -9999 -9999
288 291 292 292 303 314 317 317 314 309 304 302 305 306 303 296 296 306 316 327 342 341 328 308 296 298 307 309 304 308 323 333 338 333 323 324 331 338 342 337 -9999 -9999 -9999 -9999 -9999 -9999 -9999 -9999 -9999 -9999 -9999 -9999 -9999 -9999 -9999 -9999 -9999 -9999 -9999 -9999 -9999 -9999 -9999 -9999 -9999 -9999 -9999 -9999 -9999 -9999 -9999 -9999 -9999 -9999 -9999 -9999 -9999 -9999 -9999 -9999 -9999 -9999 -9999 -9999 -9999
295 299 300 297 304 316 320 321 317 310 309 305 310 312 310 306 299 299 311 324 334 332 318 296 295 294 303 297 291 289 307 325 328 327 320 320 328 336 338 332 321 -9999 -9999 -9999 -9999 -9999 -9999 -9999 -9999 -9999 -9999 -9999 -9999 -9999 -9999 -9999 -9999 -9999 -9999 -9999 -9999 -9999 -9999 -9999 -9999 -9999 -9999 -9999 -9999 -9999 -9999 -9999 -9999 -9999 -9999 -9999 -9999 -9999 -9999 -9999 -9999 -9999 -9999 -9999 -9999
301 309 308 301 303 312 320 323 316 312 307 306 319 319 321 316 307 307 321 334 322 317 293 289 293 295 290 296 287 283 300 313 323 327 319 318 326 331 327 322 319 -9999 -9999 -9999 -9999 -9999 -9999 -9999 -9999 -9999 -9999 -9999 -9999 -9999 -9999 -9999 -9999 -9999 -9999 -9999 -9999 -9999 -9999 -9999 -9999 -9999 -9999 -9999 -9999 -9999 -9999 -9999 -9999 -9999 -9999 -9999 -9999 -9999 -9999 -9999 -9999 -9999 -9999 -9999 -9999
298 308 308 301 297 303 314 322 319 313 309 313 325 328 332 326 317 324 344 332 318 297 287 283 286 287 299 296 288 297 312 314 320 318 314 308 317 321 319 317 -9999 -9999 -9999 -9999 -9999 -9999 -9999 -9999 -9999 -9999 -9999 -9999 -9999 -9999 -9999 -9999 -9999 -9999 -9999 -9999 -9999 -9999 -9999 -9999 -9999 -9999 -9999 -9999 -9999 -9999 -9999 -9999 -9999 -9999 -9999 -9999 -9999 -9999 -9999 -9999 -9999 -9999 -9999 -9999 -9999
309 314 311 303 299 309 317 316 316 313 306 310 322 333 341 334 329 353 359 345 312 278 274 279 281 281 297 286 296 307 318 320 -9999 305 -9999 302 304 307 306 308 -9999 -9999 -9999 -9999 -9999 -9999 -9999 -9999 -9999 -9999 -9999 -9999 -9999 -9999 -9999 -9999 -9999 -9999 -9999 -9999 -9999 -9999 -9999 -9999 -9999 -9999 -9999 -9999 -9999 -9999 -9999 -9999 -9999 -9999 -9999 -9999 -9999 -9999 -9999 -9999 -9999 -9999 -9999 -9999 -9999
318 322 317 309 304 309 315 313 309 307 302 311 324 337 343 334 344 368 373 354 301 277 278 281 281 285 283 287 301 304 -9999 -9999 311 305 301 -9999 296 297 -9999 -9999 -9999 -9999 -9999 -9999 -9999 -9999 -9999 -9999 -9999 -9999 -9999 -9999 -9999 -9999 -9999 -9999 -9999 -9999 -9999 -9999 -9999 -9999 -9999 -9999 -9999 -9999 -9999 -9999 -9999 -9999 -9999 -9999 -9999 -9999 -9999 -9999 -9999 -9999 -9999 -9999 -9999 -9999 -9999 -9999 -9999
324 325 321 314 304 306 311 311 309 310 314 320 332 344 353 353 365 372 373 348 285 288 284 281 287 291 283 285 297 303 308 -9999 309 310 310 -9999 -9999 290 -9999 -9999 -9999 -9999 -9999 -9999 -9999 -9999 -9999 -9999 -9999 -9999 -9999 -9999 -9999 -9999 -9999 -9999 -9999 -9999 -9999 -9999 -9999 -9999 -9999 -9999 -9999 -9999 -9999 -9999 -9999 -9999 -9999 -9999 -9999 -9999 -9999 -9999 -9999 -9999 -9999 -9999 -9999 -9999 -9999 -9999 -9999
