resultados/variables_norteamerica/bio10.asc
ncols 469
nrows 225
xllcorner -169.133333
yllcorner 20.675000
cellsize 0.249840
NODATA_value -9999
[rows 38 to 75 of 225, columns 85 to 169 of 469]
108 102 101 115 117 115 118 123 123 122 124 124 118 118 118 115 110 108 106 107 106 103 100 100 103 105 104 102 105 108 112 112 110 109 109 104 102 102 103 103 107 108 110 110 107 98 88 93 102 112 115 121 126 126 126 126 126 126 125 124 123 121 121 119 117 112 111 112 114 116 113 109 108 107 107 107 109 109 107 105 103 100 99 96 96
120 122 125 126 129 132 136 137 138 139 138 136 133 130 127 124 121 118 114 111 110 111 110 108 105 105 104 104 104 106 106 105 96 100 99 100 101 106 111 108 113 114 114 115 113 106 96 102 105 117 120 125 129 129 128 128 128 128 128 125 124 124 121 119 116 111 110 109 111 118 -9999 119 112 111 111 112 111 116 114 113 108 105 103 101 98
131 133 135 136 139 141 142 144 145 146 145 143 140 136 133 130 128 125 120 114 114 109 111 109 104 104 103 98 104 106 106 102 102 107 106 105 104 108 110 115 116 116 115 119 115 111 106 101 111 118 124 128 129 130 130 131 131 131 130 129 127 125 124 122 122 121 119 119 118 119 123 125 121 119 120 117 121 121 120 119 117 114 112 109 107
135 134 136 141 143 145 147 148 149 151 150 147 144 141 138 135 131 127 125 124 122 119 118 118 118 114 111 112 110 107 100 106 109 109 109 109 108 111 112 107 111 110 112 119 118 115 110 102 106 115 121 124 126 124 130 130 131 133 133 133 131 129 128 127 127 126 126 126 126 126 126 126 125 128 129 128 129 126 126 124 123 121 117 114 113
142 144 145 145 147 147 149 150 152 152 152 150 146 143 140 136 133 131 129 127 124 124 121 122 122 117 120 111 107 104 96 99 105 107 107 111 112 108 113 107 104 106 105 116 118 121 115 107 102 110 117 118 118 125 126 128 130 133 133 132 131 130 129 128 128 128 129 129 129 130 130 131 130 131 130 133 136 135 132 130 125 124 124 121 120
140 141 141 141 143 144 146 148 149 150 150 149 147 145 143 139 135 132 131 131 126 124 127 125 123 122 119 111 111 105 100 101 105 100 105 111 107 108 112 114 112 113 113 117 120 120 122 116 112 110 117 121 126 129 130 132 131 130 129 127 125 127 128 129 128 126 126 127 129 131 132 133 133 134 135 138 137 135 132 128 127 128 122 115 116
127 126 127 127 132 138 138 135 138 143 141 136 138 140 142 140 135 132 131 130 126 123 125 126 121 119 118 114 111 105 95 103 107 97 100 103 101 104 109 112 112 116 119 120 122 124 125 123 123 124 131 134 129 126 124 124 126 125 127 122 120 116 114 120 121 120 119 125 124 125 130 131 133 135 135 -9999 138 136 133 130 130 127 122 126 124
129 128 117 117 117 115 120 126 123 124 129 132 137 142 141 138 133 128 124 119 116 118 121 122 120 117 119 114 108 97 92 93 102 93 90 88 93 101 107 105 100 101 103 110 117 115 117 122 124 125 131 131 128 118 117 114 112 120 112 107 104 105 106 109 107 108 114 116 111 115 118 121 129 134 135 135 137 138 138 136 135 130 125 122 122
131 129 130 130 128 123 126 123 126 127 124 126 124 126 130 126 125 129 128 131 132 130 128 125 123 124 121 107 102 101 99 98 105 105 104 102 102 98 102 98 99 102 108 111 107 106 108 109 113 122 122 124 119 119 109 96 88 95 102 91 81 89 84 81 83 85 110 101 96 102 103 101 104 112 118 118 121 127 129 131 133 136 137 134 130
141 138 136 137 132 127 133 132 127 128 123 116 107 112 111 110 111 110 116 115 117 120 124 123 124 126 126 112 116 112 104 101 100 100 100 99 95 92 92 88 88 86 102 97 95 101 99 99 99 97 108 109 100 101 110 102 95 80 82 93 81 76 71 80 93 86 101 87 73 77 84 84 84 89 87 93 105 90 96 104 110 126 132 133 135
148 148 147 143 139 139 134 132 128 123 125 116 115 121 113 105 98 110 108 103 96 98 106 107 107 120 126 126 119 112 102 94 92 87 82 81 85 89 89 84 86 97 104 110 105 97 95 93 92 91 85 86 97 96 84 78 96 88 83 73 80 82 72 77 75 81 88 74 68 70 79 82 85 88 86 93 88 83 84 85 83 97 108 117 127
147 146 145 143 138 136 137 135 127 125 125 122 115 115 114 109 106 106 103 103 110 113 114 114 108 107 113 116 126 123 114 110 107 103 91 87 79 73 80 76 81 87 95 93 87 87 87 91 94 93 89 88 89 98 85 84 81 93 95 84 78 81 79 74 70 71 80 77 59 67 65 71 79 76 90 83 83 76 73 82 89 93 96 99 112
138 138 138 139 138 137 136 138 135 133 129 126 121 118 112 105 98 100 110 108 113 108 107 117 117 118 120 121 124 122 118 120 125 122 115 110 88 88 86 84 83 85 85 94 95 93 97 94 93 101 102 101 104 102 99 102 99 91 95 93 95 89 86 82 79 77 68 66 69 69 73 75 76 77 80 83 83 80 76 82 89 90 96 89 99
110 112 118 120 126 131 136 138 139 135 134 133 130 127 121 112 106 110 107 106 112 115 115 122 121 116 113 111 113 114 115 113 121 128 124 129 124 119 112 113 108 108 101 102 97 103 109 114 112 114 112 108 104 100 112 108 104 105 100 106 100 95 93 87 79 75 77 76 75 73 71 74 85 85 76 81 89 94 101 94 80 81 92 97 106
85 77 83 104 106 112 118 129 126 119 118 130 131 130 127 125 122 116 117 119 119 119 118 121 113 111 109 109 104 105 121 119 130 122 124 120 116 119 118 120 115 110 106 99 101 115 115 118 124 120 110 102 108 109 104 118 118 119 122 108 101 99 96 91 86 85 86 78 79 81 76 76 77 81 74 73 78 74 75 91 90 75 77 76 87
77 70 67 73 58 58 74 103 103 81 82 93 104 99 116 128 127 125 123 116 119 119 115 121 120 117 115 120 113 114 120 124 130 120 116 119 119 118 115 115 125 123 122 121 121 122 125 129 126 120 120 115 118 114 109 119 119 109 107 107 106 104 100 94 97 88 83 73 83 86 77 77 75 78 69 71 74 79 77 87 81 77 77 89 98
101 103 98 90 85 82 83 93 106 84 69 76 78 83 93 96 102 106 121 127 125 122 119 119 120 118 119 122 121 114 114 118 124 -9999 127 119 123 121 124 117 119 120 115 120 121 127 118 114 113 116 113 111 104 110 113 114 111 104 98 100 104 109 103 96 99 96 94 96 90 81 74 72 76 82 84 78 76 79 78 79 74 59 70 72 84
89 99 95 98 99 105 99 104 104 105 103 102 101 97 92 96 99 99 110 109 122 126 130 128 123 119 120 117 114 117 123 117 118 125 120 119 118 116 116 118 119 117 110 115 116 122 122 114 103 100 112 109 117 116 118 110 103 109 108 109 111 98 99 99 94 91 87 90 89 86 89 77 76 75 79 77 76 75 78 75 70 71 77 80 81
92 95 101 104 102 103 103 106 109 -9999 113 114 115 113 103 101 114 105 102 96 104 116 124 126 129 127 124 119 120 114 116 121 107 102 111 113 112 111 115 114 120 124 124 125 126 131 128 121 125 125 126 125 117 108 110 107 109 112 106 104 96 102 104 103 98 98 95 96 99 98 88 84 82 86 90 78 77 74 78 79 64 62 68 72 82
84 97 103 105 106 108 108 114 117 119 120 120 122 119 112 109 113 106 90 85 85 105 112 116 119 121 120 120 118 112 110 120 115 120 119 116 111 93 96 99 104 109 116 124 127 120 118 122 123 125 118 108 98 98 108 101 94 95 101 98 105 103 93 95 92 98 105 101 95 94 88 88 88 84 81 91 90 80 73 87 79 76 61 63 81
77 85 89 98 104 106 108 -9999 116 121 123 120 112 97 62 60 93 76 86 91 87 74 70 87 98 100 103 113 112 119 121 119 122 122 116 112 102 105 96 89 94 95 106 110 116 126 123 120 118 111 106 104 101 95 92 104 110 103 94 90 99 93 97 84 95 106 103 95 92 90 92 93 89 82 79 76 88 82 85 76 95 90 69 66 73
70 78 85 96 100 104 106 110 114 122 123 111 84 81 60 15 42 49 62 65 62 48 77 88 74 68 74 91 96 108 102 105 108 103 102 109 102 104 106 101 96 98 97 98 102 110 125 120 125 117 117 117 107 101 99 98 94 92 103 103 111 108 105 106 110 102 99 98 100 100 92 93 88 82 80 71 79 81 74 65 68 84 102 74 78
86 83 81 89 78 -9999 89 100 102 110 115 121 116 106 90 76 60 37 38 39 33 56 46 57 78 81 83 85 97 88 92 99 101 103 97 97 94 92 95 98 96 102 100 99 96 102 111 116 116 112 112 116 114 114 103 90 88 79 77 86 86 93 102 107 109 102 102 107 94 98 86 86 98 95 82 69 77 84 81 72 73 64 84 81 103
40 46 41 50 60 73 76 94 83 92 99 95 88 108 114 101 91 75 73 79 75 86 68 54 44 35 58 59 76 85 77 78 100 95 99 89 85 88 78 79 85 95 98 94 88 100 100 112 113 111 113 114 116 112 102 92 98 89 82 87 78 83 80 83 91 96 91 90 91 89 90 91 -9999 103 87 83 82 78 93 86 71 81 83 82 91
49 76 42 56 71 68 74 71 74 81 89 85 95 89 83 97 100 94 101 111 102 81 67 42 24 32 18 15 28 30 51 49 75 73 81 93 -9999 85 72 74 76 91 86 100 88 92 100 110 106 104 114 110 110 110 98 82 85 94 98 97 84 95 85 88 84 80 81 80 80 78 81 90 92 102 108 95 85 82 96 88 79 78 92 89 108
103 -9999 97 105 -9999 98 97 88 85 80 84 96 101 94 96 80 77 75 71 78 95 88 86 82 77 63 47 45 26 -2 6 9 34 49 61 53 65 97 93 92 90 81 89 98 90 104 95 101 101 95 110 116 97 104 107 96 84 80 87 -9999 104 92 99 95 90 91 94 92 85 85 82 87 91 93 110 100 89 94 101 87 91 99 99 93 101
-9999 -9999 -9999 -9999 -9999 106 -9999 98 86 85 79 77 98 109 88 75 72 65 69 72 86 70 65 59 47 47 44 40 47 40 31 28 17 30 41 43 63 76 79 93 95 102 104 101 97 103 108 103 111 107 110 120 91 106 94 103 101 94 93 109 102 100 103 101 94 91 90 91 94 95 103 101 98 101 114 108 98 116 94 103 111 101 99 104 101
-9999 -9999 -9999 -9999 -9999 -9999 -9999 -9999 107 105 99 89 113 102 95 87 70 64 62 62 71 71 61 58 53 42 28 16 13 -5 22 42 36 51 34 20 35 55 65 92 100 79 96 95 98 85 90 99 83 85 88 106 107 108 107 103 100 108 101 95 106 101 96 94 97 89 83 77 79 83 92 108 115 115 113 111 112 111 115 107 104 111 106 107 100
-9999 -9999 -9999 -9999 106 104 108 -9999 -9999 -9999 116 -9999 116 111 112 114 107 103 101 97 91 83 64 56 60 65 52 36 42 49 58 48 34 51 59 23 50 69 76 89 85 92 91 96 88 81 97 85 86 76 88 96 99 97 112 107 101 102 100 109 101 108 103 91 94 85 83 86 84 90 96 109 116 123 127 126 116 115 121 110 107 118 112 117 112
-9999 -9999 -9999 -9999 -9999 -9999 -9999 -9999 -9999 -9999 -9999 -9999 -9999 -9999 -9999 -9999 113 113 -9999 -9999 -9999 -9999 94 79 75 93 102 96 94 92 86 73 72 87 80 65 63 73 80 93 88 84 94 94 83 72 81 80 76 73 77 91 94 96 -9999 98 -9999 104 99 107 115 -9999 107 105 96 87 86 92 86 85 95 98 110 115 123 131 133 126 127 123 120 124 117 120 116
104 107 -9999 -9999 -9999 -9999 -9999 -9999 -9999 -9999 -9999 -9999 -9999 -9999 -9999 -9999 -9999 -9999 -9999 -9999 -9999 -9999 -9999 -9999 -9999 -9999 112 109 104 104 110 112 -9999 96 101 90 81 76 88 102 76 69 100 82 81 83 79 77 77 71 86 93 89 83 99 100 111 96 93 91 106 103 113 108 104 94 90 86 86 81 86 96 104 105 118 126 126 125 127 128 121 126 122 123 118
-9999 -9999 -9999 -9999 -9999 -9999 -9999 -9999 -9999 -9999 -9999 -9999 -9999 -9999 -9999 -9999 -9999 -9999 -9999 -9999 -9999 -9999 -9999 -9999 -9999 -9999 -9999 -9999 -9999 -9999 -9999 -9999 -9999 111 109 98 102 96 87 104 94 90 90 85 73 87 92 108 88 90 101 79 82 83 95 92 -9999 96 92 87 93 87 110 112 103 87 86 85 88 84 78 79 92 96 118 121 113 112 114 123 121 123 125 126 126
-9999 -9999 -9999 -9999 -9999 -9999 -9999 -9999 -9999 -9999 -9999 -9999 -9999 -9999 -9999 -9999 -9999 -9999 -9999 -9999 -9999 -9999 -9999 -9999 -9999 -9999 -9999 -9999 -9999 -9999 -9999 -9999 -9999 -9999 114 114 104 97 108 91 70 81 -9999 70 -9999 77 94 108 110 109 99 88 79 78 82 94 102 103 101 94 91 97 104 112 101 88 86 87 89 80 82 81 83 90 100 119 92 105 110 111 121 124 119 113 108
-9999 -9999 -9999 -9999 -9999 -9999 -9999 -9999 -9999 -9999 -9999 -9999 -9999 -9999 -9999 -9999 -9999 -9999 -9999 -9999 -9999 -9999 -9999 -9999 -9999 -9999 -9999 -9999 -9999 -9999 -9999 -9999 -9999 -9999 -9999 -9999 -9999 -9999 115 105 66 38 72 -9999 92 102 107 95 81 86 -9999 97 85 71 -9999 -9999 88 95 105 102 94 89 99 102 109 101 88 84 91 91 90 89 94 95 102 93 94 94 99 104 112 119 113 107 106
-9999 -9999 -9999 -9999 -9999 -9999 -9999 -9999 -9999 -9999 -9999 -9999 -9999 -9999 -9999 -9999 -9999 -9999 -9999 -9999 -9999 -9999 -9999 -9999 -9999 -9999 -9999 -9999 -9999 -9999 -9999 -9999 -9999 -9999 -9999 -9999 -9999 -9999 -9999 -9999 98 50 59 -9999 -9999 -9999 109 -9999 102 100 -9999 114 101 88 -9999 -9999 -9999 -9999 106 109 107 104 100 104 107 105 98 93 97 91 97 103 95 90 88 87 85 87 91 98 106 92 115 102 100
-9999 -9999 -9999 -9999 -9999 -9999 -9999 -9999 -9999 -9999 -9999 -9999 -9999 -9999 -9999 -9999 -9999 -9999 -9999 -9999 -9999 -9999 -9999 -9999 -9999 -9999 -9999 -9999 -9999 -9999 -9999 -9999 -9999 -9999 -9999 -9999 -9999 -9999 -9999 -9999 -9999 -9999 74 63 94 103 111 -9999 110 101 103 -9999 104 79 82 94 104 109 86 95 93 96 101 92 101 84 85 98 106 89 94 110 99 90 89 87 93 88 87 87 89 96 89 110 107
-9999 -9999 -9999 -9999 -9999 -9999 -9999 -9999 -9999 -9999 -9999 -9999 -9999 -9999 -9999 -9999 -9999 -9999 -9999 -9999 -9999 -9999 -9999 -9999 -9999 -9999 -9999 -9999 -9999 -9999 -9999 -9999 -9999 -9999 -9999 -9999 -9999 -9999 -9999 -9999 -9999 -9999 -9999 -9999 109 108 110 -9999 -9999 -9999 100 -9999 117 114 100 -9999 97 96 -9999 94 86 77 82 96 102 84 87 95 112 107 99 98 91 80 90 90 85 89 86 87 84 86 94 98 96
-9999 -9999 -9999 -9999 -9999 -9999 -9999 -9999 -9999 -9999 -9999 -9999 -9999 -9999 -9999 -9999 -9999 -9999 -9999 -9999 -9999 -9999 -9999 -9999 -9999 -9999 -9999 -9999 -9999 -9999 -9999 -9999 -9999 -9999 -9999 -9999 -9999 -9999 -9999 -9999 -9999 -9999 -9999 -9999 -9999 -9999 102 99 106 -9999 112 -9999 115 100 116 -9999 106 101 93 85 89 -9999 78 78 87 103 105 117 122 102 106 101 94 85 92 90 100 98 101 92 90 85 83 83 84
