resultados/variables_norteamerica/bio11.asc
ncols 469
nrows 225
xllcorner -169.133333
yllcorner 20.675000
cellsize 0.249840
NODATA_value -9999
[rows 37 to 73 of 225, columns 82 to 163 of 469]
-268 -273 -273 -268 -270 -273 -275 -276 -280 -279 -281 -284 -286 -286 -287 -287 -286 -282 -281 -285 -283 -282 -279 -277 -275 -277 -278 -282 -285 -285 -287 -289 -288 -291 -293 -293 -289 -283 -279 -275 -270 -265 -261 -256 -256 -254 -251 -248 -255 -260 -259 -262 -266 -271 -276 -278 -275 -272 -271 -271 -271 -271 -271 -273 -273 -274 -274 -273 -275 -275 -276 -278 -280 -281 -282 -282 -282 -284 -286 -285 -285 -284
-261 -261 -260 -264 -271 -274 -268 -270 -274 -276 -276 -278 -280 -280 -281 -282 -280 -278 -277 -277 -276 -276 -274 -273 -275 -276 -277 -276 -276 -279 -284 -285 -287 -289 -292 -293 -290 -286 -282 -278 -272 -266 -260 -254 -248 -244 -242 -242 -246 -253 -256 -259 -264 -270 -277 -279 -276 -273 -271 -270 -270 -269 -269 -269 -270 -270 -271 -272 -274 -276 -276 -276 -276 -279 -282 -284 -285 -287 -287 -287 -287 -286
-259 -259 -258 -257 -258 -260 -262 -263 -265 -266 -269 -271 -274 -276 -277 -277 -277 -275 -274 -273 -272 -273 -273 -273 -272 -272 -273 -276 -278 -281 -284 -286 -288 -291 -293 -295 -292 -289 -284 -279 -272 -264 -258 -251 -245 -240 -236 -235 -238 -245 -248 -254 -259 -266 -270 -273 -272 -271 -270 -269 -268 -268 -268 -269 -269 -270 -271 -272 -275 -277 -278 -278 -277 -9999 -279 -283 -286 -288 -288 -289 -287 -287
-248 -249 -250 -250 -252 -254 -256 -257 -260 -262 -265 -268 -271 -275 -277 -276 -275 -273 -272 -270 -270 -271 -273 -272 -274 -273 -274 -278 -279 -282 -286 -285 -287 -289 -291 -291 -288 -286 -282 -278 -271 -264 -256 -249 -242 -236 -231 -228 -230 -236 -244 -249 -254 -260 -264 -267 -268 -268 -267 -266 -266 -265 -266 -267 -267 -268 -269 -270 -271 -273 -274 -275 -276 -276 -277 -281 -284 -286 -288 -288 -288 -287
-244 -244 -245 -247 -250 -252 -252 -254 -256 -259 -262 -265 -269 -273 -276 -275 -273 -271 -269 -268 -269 -268 -268 -267 -268 -268 -268 -269 -272 -276 -278 -280 -285 -289 -288 -286 -286 -283 -281 -277 -271 -265 -259 -250 -242 -234 -226 -221 -223 -230 -239 -245 -250 -255 -259 -262 -264 -264 -264 -264 -263 -263 -263 -264 -265 -265 -266 -267 -268 -269 -270 -272 -273 -275 -277 -280 -281 -283 -286 -288 -289 -286
-238 -239 -240 -241 -243 -246 -248 -251 -253 -256 -258 -261 -265 -268 -270 -270 -269 -268 -268 -267 -266 -265 -265 -266 -265 -266 -265 -266 -270 -269 -276 -280 -283 -288 -288 -286 -285 -283 -279 -276 -273 -265 -260 -252 -243 -234 -223 -218 -220 -227 -235 -243 -247 -251 -256 -259 -260 -261 -261 -261 -261 -261 -261 -262 -262 -264 -265 -265 -266 -267 -268 -270 -271 -273 -275 -277 -280 -282 -284 -286 -287 -284
-236 -237 -238 -241 -243 -246 -249 -250 -252 -254 -256 -259 -261 -264 -265 -265 -264 -264 -264 -264 -264 -263 -262 -264 -264 -261 -262 -263 -264 -267 -274 -276 -281 -284 -285 -284 -285 -282 -279 -277 -274 -267 -259 -251 -242 -233 -225 -220 -221 -225 -232 -238 -244 -248 -251 -253 -255 -256 -257 -258 -259 -259 -261 -262 -262 -262 -263 -264 -266 -267 -268 -269 -270 -271 -273 -275 -277 -279 -280 -283 -284 -282
-238 -239 -243 -246 -249 -251 -254 -254 -253 -255 -259 -260 -259 -262 -266 -265 -263 -260 -259 -261 -262 -261 -261 -262 -263 -261 -259 -263 -264 -265 -269 -273 -278 -284 -282 -281 -283 -282 -280 -278 -275 -270 -262 -252 -242 -234 -227 -224 -223 -226 -230 -235 -239 -241 -244 -248 -252 -254 -255 -256 -257 -257 -259 -261 -263 -265 -264 -265 -266 -268 -267 -269 -270 -270 -271 -273 -274 -276 -9999 -278 -278 -277
-235 -235 -237 -241 -245 -253 -256 -258 -261 -260 -258 -262 -263 -262 -262 -259 -256 -256 -257 -260 -262 -264 -266 -267 -265 -262 -260 -261 -263 -261 -266 -272 -280 -283 -283 -280 -282 -281 -279 -277 -275 -272 -262 -252 -244 -238 -231 -227 -228 -228 -230 -233 -237 -239 -242 -245 -250 -252 -254 -256 -255 -259 -261 -263 -264 -265 -265 -267 -268 -268 -268 -272 -272 -272 -273 -271 -271 -272 -273 -273 -272 -270
-228 -228 -234 -236 -241 -243 -246 -248 -251 -251 -254 -253 -255 -257 -258 -260 -259 -258 -261 -261 -258 -258 -256 -255 -256 -256 -256 -256 -254 -257 -269 -273 -276 -278 -280 -277 -277 -276 -274 -272 -269 -266 -257 -248 -241 -236 -232 -231 -232 -232 -235 -236 -236 -239 -241 -245 -247 -251 -255 -259 -258 -258 -262 -266 -265 -268 -271 -272 -273 -266 -271 -273 -273 -274 -276 -276 -275 -274 -274 -273 -271 -269
-224 -224 -222 -225 -233 -237 -238 -241 -243 -240 -241 -245 -246 -251 -257 -263 -262 -263 -265 -265 -266 -263 -265 -263 -261 -257 -257 -254 -250 -249 -263 -262 -268 -274 -277 -277 -276 -273 -270 -265 -259 -254 -248 -243 -241 -235 -235 -235 -234 -236 -238 -240 -243 -241 -243 -247 -248 -247 -250 -253 -258 -259 -257 -262 -265 -268 -268 -266 -269 -266 -272 -277 -277 -276 -277 -278 -277 -278 -277 -273 -278 -275
-219 -215 -213 -215 -225 -228 -231 -231 -230 -232 -233 -236 -241 -242 -249 -252 -250 -256 -263 -269 -262 -266 -270 -275 -274 -269 -268 -266 -255 -247 -250 -260 -267 -274 -278 -278 -276 -273 -268 -259 -249 -242 -239 -237 -233 -231 -230 -232 -236 -238 -240 -242 -243 -246 -247 -245 -246 -250 -253 -249 -252 -254 -259 -258 -260 -264 -265 -267 -267 -267 -272 -275 -276 -274 -274 -274 -273 -274 -272 -274 -275 -274
-210 -207 -208 -212 -218 -222 -224 -224 -223 -221 -221 -227 -230 -233 -238 -245 -247 -250 -255 -259 -261 -265 -267 -264 -263 -264 -263 -267 -267 -262 -260 -256 -261 -269 -272 -273 -271 -269 -263 -257 -251 -238 -238 -234 -233 -232 -234 -238 -239 -241 -240 -241 -242 -244 -245 -245 -243 -246 -247 -248 -246 -247 -251 -254 -256 -258 -262 -265 -267 -266 -268 -274 -273 -275 -273 -271 -273 -268 -271 -270 -272 -273
-203 -202 -204 -208 -213 -216 -216 -216 -214 -212 -208 -210 -215 -223 -228 -234 -239 -245 -251 -258 -260 -257 -261 -261 -266 -268 -262 -262 -260 -259 -260 -260 -263 -268 -269 -267 -267 -265 -258 -252 -242 -233 -230 -232 -232 -235 -233 -235 -237 -238 -240 -241 -239 -239 -239 -238 -238 -238 -238 -239 -241 -241 -244 -245 -249 -252 -256 -259 -261 -266 -267 -268 -269 -268 -268 -268 -268 -267 -266 -265 -266 -268
-201 -204 -212 -214 -218 -218 -219 -215 -210 -204 -198 -194 -206 -212 -216 -220 -225 -231 -240 -247 -248 -255 -259 -259 -261 -263 -260 -262 -266 -268 -269 -269 -270 -271 -272 -269 -266 -264 -259 -248 -237 -228 -224 -224 -226 -230 -232 -235 -236 -236 -236 -237 -236 -236 -236 -236 -235 -232 -232 -232 -233 -235 -236 -239 -243 -247 -251 -255 -259 -260 -261 -262 -264 -265 -264 -261 -261 -263 -261 -258 -256 -254
-197 -210 -215 -221 -230 -231 -222 -222 -219 -213 -200 -202 -212 -217 -211 -212 -215 -219 -224 -230 -239 -244 -248 -254 -258 -262 -263 -268 -270 -272 -273 -276 -275 -270 -270 -266 -267 -263 -256 -248 -239 -232 -227 -226 -227 -230 -234 -235 -234 -235 -236 -235 -235 -235 -235 -232 -230 -229 -225 -224 -224 -225 -230 -234 -238 -242 -246 -250 -252 -254 -257 -258 -258 -259 -260 -259 -257 -259 -259 -256 -258 -257
-191 -196 -206 -218 -228 -234 -234 -246 -248 -240 -221 -221 -239 -239 -232 -226 -231 -219 -213 -218 -224 -233 -245 -251 -257 -263 -263 -266 -269 -270 -268 -273 -273 -270 -268 -265 -265 -262 -255 -248 -240 -234 -230 -227 -227 -228 -230 -232 -234 -235 -235 -235 -234 -232 -230 -227 -225 -223 -220 -219 -220 -221 -224 -228 -233 -237 -242 -244 -249 -252 -255 -254 -253 -255 -255 -255 -253 -256 -254 -253 -251 -251
-185 -184 -191 -195 -201 -210 -220 -227 -231 -232 -227 -218 -233 -243 -239 -238 -235 -228 -228 -227 -229 -226 -231 -243 -252 -258 -263 -265 -268 -268 -267 -269 -273 -272 -270 -265 -9999 -257 -253 -246 -240 -234 -232 -229 -229 -231 -231 -233 -234 -236 -237 -236 -234 -232 -229 -226 -222 -218 -215 -213 -213 -216 -219 -223 -228 -233 -239 -242 -244 -247 -247 -249 -251 -252 -252 -251 -248 -246 -246 -246 -245 -245
-182 -182 -189 -196 -197 -207 -211 -215 -214 -220 -217 -218 -217 -217 -218 -216 -217 -221 -218 -218 -224 -223 -233 -235 -241 -248 -256 -261 -264 -265 -267 -270 -270 -267 -268 -264 -258 -255 -250 -245 -240 -235 -232 -230 -230 -233 -233 -235 -235 -236 -237 -237 -235 -230 -227 -222 -217 -213 -209 -207 -205 -207 -212 -218 -226 -232 -236 -240 -243 -245 -246 -246 -246 -245 -247 -246 -245 -242 -241 -240 -240 -239
-157 -167 -175 -187 -193 -197 -203 -210 -213 -215 -214 -212 -9999 -207 -204 -200 -197 -203 -204 -194 -209 -218 -230 -233 -236 -241 -247 -250 -252 -256 -261 -264 -269 -268 -264 -264 -261 -254 -248 -243 -239 -234 -231 -228 -227 -228 -230 -233 -234 -235 -236 -233 -230 -226 -222 -219 -215 -209 -203 -198 -195 -197 -204 -215 -223 -230 -235 -238 -240 -242 -242 -241 -241 -242 -242 -241 -238 -235 -236 -235 -235 -233
-168 -176 -177 -185 -185 -190 -198 -204 -207 -209 -205 -203 -202 -199 -196 -190 -186 -187 -186 -184 -197 -215 -224 -231 -228 -232 -238 -242 -244 -248 -253 -258 -265 -266 -260 -257 -250 -246 -242 -239 -241 -236 -233 -230 -229 -228 -229 -231 -236 -237 -235 -232 -228 -224 -221 -217 -213 -206 -199 -193 -187 -189 -200 -211 -222 -229 -234 -237 -239 -238 -239 -239 -238 -239 -237 -235 -234 -233 -227 -225 -227 -229
-161 -177 -181 -181 -185 -192 -197 -202 -205 -204 -9999 -199 -196 -194 -193 -192 -197 -217 -218 -194 -210 -207 -209 -216 -230 -236 -235 -236 -240 -243 -244 -251 -255 -256 -251 -246 -241 -239 -237 -236 -232 -232 -232 -229 -228 -227 -228 -231 -233 -236 -234 -230 -226 -222 -218 -213 -209 -203 -195 -188 -184 -186 -199 -210 -221 -230 -233 -236 -236 -236 -237 -237 -236 -235 -233 -232 -231 -230 -228 -221 -220 -219
-171 -160 -173 -176 -179 -185 -189 -197 -197 -194 -192 -192 -189 -189 -194 -201 -199 -209 -236 -220 -217 -211 -213 -218 -230 -220 -219 -231 -237 -239 -238 -241 -242 -245 -243 -240 -239 -236 -230 -230 -226 -223 -222 -222 -221 -223 -225 -228 -230 -232 -230 -224 -220 -215 -211 -209 -205 -200 -194 -190 -187 -189 -200 -215 -227 -234 -235 -235 -234 -234 -233 -232 -231 -231 -230 -229 -229 -227 -227 -221 -216 -219
-129 -137 -148 -152 -163 -173 -176 -190 -9999 -191 -183 -187 -187 -187 -181 -174 -173 -178 -185 -197 -214 -215 -216 -223 -212 -221 -220 -214 -217 -221 -224 -225 -231 -232 -230 -228 -226 -227 -225 -224 -223 -219 -216 -216 -213 -215 -219 -222 -223 -224 -221 -218 -214 -209 -205 -202 -199 -196 -194 -192 -194 -196 -201 -210 -221 -230 -232 -231 -231 -229 -228 -229 -228 -229 -228 -225 -224 -225 -226 -221 -215 -214
-133 -144 -158 -176 -176 -184 -184 -183 -179 -179 -167 -182 -179 -180 -179 -175 -155 -145 -152 -159 -172 -174 -172 -179 -175 -193 -207 -216 -223 -216 -219 -216 -215 -221 -222 -213 -215 -214 -217 -217 -215 -218 -216 -213 -208 -209 -213 -216 -215 -215 -211 -208 -205 -200 -197 -194 -193 -193 -193 -190 -192 -196 -201 -208 -215 -220 -223 -226 -226 -226 -226 -225 -225 -225 -224 -9999 -221 -223 -221 -219 -219 -213
-98 -133 -151 -156 -138 -170 -162 -155 -162 -159 -166 -168 -165 -162 -163 -152 -154 -155 -139 -134 -138 -132 -125 -136 -160 -177 -198 -212 -211 -221 -225 -221 -223 -215 -217 -208 -210 -208 -203 -9999 -206 -210 -210 -209 -205 -207 -204 -208 -207 -205 -200 -199 -197 -191 -190 -189 -188 -190 -193 -192 -191 -194 -199 -205 -211 -214 -218 -220 -221 -221 -222 -222 -222 -222 -221 -221 -221 -220 -220 -220 -219 -216
-108 -104 -94 -90 -9999 -100 -90 -9999 -96 -101 -121 -134 -144 -140 -130 -122 -128 -124 -136 -138 -139 -144 -138 -122 -134 -140 -148 -158 -173 -189 -195 -208 -226 -223 -222 -211 -206 -202 -206 -202 -189 -193 -195 -198 -201 -199 -197 -198 -194 -195 -191 -189 -190 -181 -177 -186 -184 -184 -187 -190 -192 -193 -9999 -199 -204 -208 -210 -212 -213 -213 -214 -216 -216 -218 -218 -219 -220 -221 -221 -221 -220 -219
-79 -9999 -70 -9999 -9999 -9999 -9999 -9999 -61 -9999 -84 -107 -113 -124 -128 -103 -89 -111 -123 -126 -132 -129 -126 -111 -133 -142 -152 -167 -171 -176 -182 -181 -188 -196 -200 -206 -202 -198 -198 -190 -185 -186 -184 -188 -188 -187 -186 -186 -182 -178 -178 -173 -173 -171 -165 -181 -178 -183 -181 -183 -186 -188 -188 -193 -197 -199 -201 -204 -206 -207 -207 -207 -208 -209 -211 -214 -217 -220 -221 -221 -221 -222
-63 -9999 -9999 -9999 -9999 -9999 -9999 -9999 -9999 -9999 -9999 -53 -60 -75 -91 -62 -74 -82 -91 -108 -115 -118 -119 -110 -112 -127 -135 -144 -158 -172 -185 -189 -207 -188 -177 -183 -176 -188 -197 -191 -183 -180 -171 -172 -181 -177 -175 -173 -177 -173 -168 -175 -174 -173 -165 -168 -171 -174 -176 -178 -177 -180 -184 -185 -188 -192 -194 -196 -198 -200 -203 -203 -204 -204 -204 -207 -211 -216 -219 -221 -223 -223
-68 -51 -9999 -9999 -9999 -9999 -9999 -37 -38 -32 -9999 -9999 -9999 -34 -9999 -39 -41 -41 -38 -46 -50 -51 -56 -64 -75 -105 -120 -119 -118 -135 -153 -151 -149 -145 -157 -170 -160 -157 -184 -169 -161 -160 -157 -163 -162 -163 -161 -164 -166 -156 -163 -162 -169 -164 -162 -165 -170 -167 -169 -171 -171 -173 -172 -177 -179 -182 -187 -188 -191 -193 -193 -195 -195 -196 -197 -200 -205 -210 -215 -220 -224 -225
-58 -35 -9999 -9999 -9999 -9999 -9999 -9999 -9999 -9999 -9999 -9999 -9999 -9999 -9999 -9999 -9999 -9999 -9999 -23 -25 -9999 -9999 -9999 -9999 -50 -74 -84 -69 -65 -74 -81 -87 -97 -113 -120 -108 -119 -140 -146 -142 -142 -138 -144 -150 -145 -146 -152 -158 -152 -152 -156 -159 -159 -155 -159 -164 -9999 -165 -9999 -161 -163 -163 -163 -9999 -171 -174 -179 -183 -184 -184 -187 -189 -188 -190 -193 -198 -204 -211 -219 -225 -226
-9999 -9999 -9999 -27 -24 -9999 -9999 -9999 -9999 -9999 -9999 -9999 -9999 -9999 -9999 -9999 -9999 -9999 -9999 -9999 -9999 -9999 -9999 -9999 -9999 -9999 -9999 -9999 -9999 -40 -47 -54 -56 -53 -55 -9999 -81 -77 -97 -112 -123 -118 -111 -136 -145 -124 -137 -139 -137 -140 -141 -142 -149 -142 -142 -151 -159 -159 -156 -147 -154 -156 -159 -156 -161 -161 -165 -168 -173 -176 -178 -180 -182 -182 -182 -184 -190 -197 -205 -213 -221 -222
-9999 -9999 -9999 -9999 -9999 -9999 -9999 -9999 -9999 -9999 -9999 -9999 -9999 -9999 -9999 -9999 -9999 -9999 -9999 -9999 -9999 -9999 -9999 -9999 -9999 -9999 -9999 -9999 -9999 -9999 -9999 -9999 -9999 -9999 -9999 -9999 -34 -48 -70 -73 -86 -101 -92 -103 -109 -113 -119 -130 -119 -114 -99 -119 -119 -113 -138 -143 -148 -149 -148 -9999 -142 -146 -151 -151 -157 -151 -155 -161 -168 -170 -172 -172 -174 -177 -178 -177 -182 -189 -197 -205 -210 -212
-9999 -9999 -9999 -9999 -9999 -9999 -9999 -9999 -9999 -9999 -9999 -9999 -9999 -9999 -9999 -9999 -9999 -9999 -9999 -9999 -9999 -9999 -9999 -9999 -9999 -9999 -9999 -9999 -9999 -9999 -9999 -9999 -9999 -9999 -9999 -9999 -9999 -33 -39 -56 -69 -64 -85 -108 -101 -9999 -118 -9999 -113 -96 -82 -79 -85 -100 -114 -129 -138 -139 -133 -127 -126 -129 -137 -143 -144 -145 -146 -154 -161 -163 -165 -166 -169 -169 -170 -172 -176 -182 -188 -196 -200 -203
-9999 -9999 -9999 -9999 -9999 -9999 -9999 -9999 -9999 -9999 -9999 -9999 -9999 -9999 -9999 -9999 -9999 -9999 -9999 -9999 -9999 -9999 -9999 -9999 -9999 -9999 -9999 -9999 -9999 -9999 -9999 -9999 -9999 -9999 -9999 -9999 -9999 -9999 -9999 -9999 -9999 -45 -56 -95 -124 -95 -9999 -79 -70 -65 -80 -97 -92 -9999 -93 -110 -125 -9999 -9999 -123 -120 -116 -122 -132 -138 -139 -142 -144 -150 -157 -160 -160 -161 -161 -163 -164 -170 -175 -183 -188 -193 -195
-9999 -9999 -9999 -9999 -9999 -9999 -9999 -9999 -9999 -9999 -9999 -9999 -9999 -9999 -9999 -9999 -9999 -9999 -9999 -9999 -9999 -9999 -9999 -9999 -9999 -9999 -9999 -9999 -9999 -9999 -9999 -9999 -9999 -9999 -9999 -9999 -9999 -9999 -9999 -9999 -9999 -9999 -9999 -51 -99 -93 -9999 -9999 -9999 -50 -9999 -57 -64 -9999 -61 -80 -98 -9999 -9999 -9999 -9999 -105 -108 -115 -122 -129 -133 -137 -143 -148 -152 -154 -156 -157 -157 -161 -166 -172 -177 -182 -186 -188
-9999 -9999 -9999 -9999 -9999 -9999 -9999 -9999 -9999 -9999 -9999 -9999 -9999 -9999 -9999 -9999 -9999 -9999 -9999 -9999 -9999 -9999 -9999 -9999 -9999 -9999 -9999 -9999 -9999 -9999 -9999 -9999 -9999 -9999 -9999 -9999 -9999 -9999 -9999 -9999 -9999 -9999 -9999 -9999 -9999 -65 -78 -45 -35 -27 -9999 -39 -52 -53 -9999 -63 -92 -94 -86 -81 -83 -107 -106 -113 -116 -120 -129 -131 -142 -145 -146 -148 -152 -154 -155 -157 -162 -166 -171 -173 -178 -181
