resultados/variables_norteamerica/bio12.asc
ncols 469
nrows 225
xllcorner -169.133333
yllcorner 20.675000
cellsize 0.249840
NODATA_value -9999
[rows 111 to 147 of 225, columns 252 to 335 of 469]
323 322 324 329 330 332 340 351 358 359 359 372 390 400 404 404 398 389 391 415 418 426 442 452 451 449 447 445 451 453 461 484 496 490 491 502 508 503 498 506 525 544 558 557 -9999 -9999 613 -9999 652 666 674 -9999 694 705 716 719 726 727 726 723 729 741 749 751 754 757 764 772 771 763 775 782 802 841 845 850 836 829 823 816 810 808 805 798
309 313 313 323 326 330 338 350 349 358 363 370 386 398 407 411 407 399 403 411 412 419 429 434 432 444 445 441 442 443 450 472 486 479 478 486 492 491 492 500 520 537 551 556 570 -9999 616 649 661 668 668 -9999 684 699 709 706 700 685 677 -9999 709 725 732 739 747 754 759 773 785 785 761 768 -9999 -9999 817 840 824 825 830 829 829 823 816 814
307 311 314 316 331 337 340 347 353 362 363 375 383 395 415 430 427 420 419 420 420 421 421 418 422 432 438 437 437 437 440 457 475 473 476 480 484 487 493 508 529 547 558 567 579 592 617 647 659 663 661 656 675 690 701 700 688 669 664 681 701 713 723 729 735 743 748 765 771 757 -9999 761 -9999 -9999 -9999 -9999 -9999 -9999 -9999 -9999 838 845 849 849
308 317 326 328 331 337 347 357 365 366 368 383 382 393 422 437 440 443 433 431 431 428 423 421 424 432 439 438 437 436 436 449 470 477 478 481 486 491 502 521 537 549 562 575 583 596 618 643 660 666 662 664 677 692 697 697 688 -9999 682 692 703 713 717 726 739 740 732 733 -9999 -9999 -9999 -9999 -9999 -9999 -9999 -9999 -9999 -9999 -9999 -9999 872 887 889 893
303 314 328 334 341 346 352 356 358 360 370 380 385 397 415 430 435 439 440 439 438 432 423 422 425 432 438 441 -9999 -9999 447 460 480 488 486 487 494 500 514 535 548 558 569 579 -9999 600 622 646 662 669 671 672 679 691 703 711 707 700 -9999 708 720 728 726 727 738 742 738 -9999 -9999 -9999 -9999 -9999 -9999 -9999 -9999 -9999 -9999 -9999 -9999 -9999 -9999 874 902 916
316 325 347 351 354 360 365 364 356 366 378 386 397 410 415 422 430 433 429 431 441 436 425 422 425 432 440 445 449 452 458 473 490 501 498 498 503 510 524 550 565 576 585 593 604 617 637 658 669 675 677 677 676 685 703 721 721 715 722 729 739 737 723 -9999 -9999 -9999 -9999 -9999 -9999 -9999 -9999 -9999 -9999 -9999 -9999 -9999 -9999 -9999 -9999 -9999 -9999 860 -9999 -9999
315 328 343 351 362 367 363 354 359 370 378 396 408 420 422 425 -9999 425 -9999 -9999 436 438 436 430 428 431 442 449 452 460 470 481 498 508 501 504 511 522 542 567 585 597 613 623 622 632 648 660 673 681 684 681 680 686 704 718 727 737 752 761 750 726 -9999 -9999 -9999 -9999 -9999 -9999 -9999 -9999 -9999 -9999 -9999 -9999 -9999 -9999 -9999 -9999 -9999 -9999 -9999 -9999 -9999 -9999
309 318 338 356 356 358 351 354 362 370 379 398 411 421 425 430 431 428 425 427 438 439 435 431 427 430 439 443 448 460 473 484 495 502 502 505 514 531 558 577 595 614 638 654 653 656 666 666 677 688 691 688 685 680 696 710 730 747 759 751 -9999 -9999 -9999 -9999 -9999 -9999 -9999 -9999 -9999 -9999 816 817 -9999 -9999 -9999 -9999 -9999 -9999 -9999 -9999 -9999 -9999 -9999 -9999
307 325 338 342 344 340 349 360 366 376 382 398 409 418 421 426 431 437 439 438 435 436 436 431 425 425 429 432 444 458 475 486 491 495 499 502 511 530 553 578 598 628 651 667 671 677 680 682 692 703 702 696 696 701 713 726 741 749 -9999 -9999 -9999 -9999 -9999 -9999 -9999 -9999 -9999 -9999 -9999 814 810 795 -9999 -9999 -9999 -9999 -9999 -9999 -9999 -9999 -9999 -9999 -9999 -9999
315 324 317 317 326 336 347 364 370 377 383 399 407 415 424 431 434 433 433 432 424 418 424 427 430 433 436 439 451 462 481 493 493 494 493 494 506 525 547 575 601 629 654 670 671 680 688 695 705 711 708 708 716 730 745 751 -9999 -9999 745 767 799 803 -9999 -9999 -9999 859 849 819 810 808 791 812 819 814 -9999 -9999 -9999 -9999 -9999 -9999 -9999 -9999 -9999 -9999
321 321 325 329 342 342 347 356 366 370 381 398 408 416 422 425 427 426 425 422 420 415 411 426 436 448 446 450 464 472 490 501 497 494 492 495 508 525 547 574 601 630 656 670 675 681 691 691 705 715 719 724 735 744 755 745 734 739 765 783 792 801 833 854 869 877 879 841 808 803 820 837 831 832 835 -9999 -9999 -9999 -9999 -9999 819 812 812 827
334 335 349 341 360 357 355 351 355 373 389 400 404 410 415 421 426 423 421 419 406 396 398 419 435 444 448 456 473 484 498 505 495 495 493 496 511 528 547 569 598 626 655 671 680 685 687 686 704 719 -9999 739 749 754 766 765 734 693 743 793 810 830 854 872 867 861 856 842 831 814 804 801 800 808 820 831 845 850 850 825 807 800 800 806
355 352 353 353 353 371 374 367 359 373 390 397 406 415 418 427 431 422 413 413 416 401 392 420 427 441 449 458 480 490 499 506 496 491 495 502 519 533 545 563 587 609 636 659 681 693 686 684 706 727 737 743 756 768 771 763 741 721 762 808 823 834 842 845 835 825 819 810 821 809 790 773 779 790 804 814 813 810 813 801 797 799 -9999 -9999
378 371 367 362 355 373 387 369 362 376 394 403 411 417 419 424 426 420 413 415 418 418 416 423 428 439 450 463 481 486 495 498 491 485 506 520 524 536 550 566 580 588 603 634 666 688 690 687 710 734 741 740 754 770 779 778 775 777 805 827 827 830 822 818 815 801 795 788 802 800 787 777 774 783 793 785 -9999 767 776 -9999 -9999 -9999 778 -9999
395 389 369 355 357 367 365 375 371 385 389 401 411 415 418 420 420 414 419 426 432 431 427 433 438 448 453 466 475 486 494 493 488 494 515 529 539 544 561 576 580 553 537 593 655 687 700 703 712 741 747 744 754 768 790 802 816 815 829 835 830 827 816 808 812 802 799 800 805 802 791 780 777 786 791 773 -9999 -9999 -9999 -9999 -9999 -9999 -9999 -9999
398 388 359 350 362 373 372 370 382 408 406 407 411 408 406 404 407 414 422 434 439 435 436 436 450 452 456 463 475 486 494 491 489 510 525 533 551 554 566 581 579 524 479 569 661 701 706 713 722 740 750 751 758 773 790 803 819 821 824 826 822 817 817 818 820 813 812 819 818 809 796 780 777 788 791 -9999 755 -9999 -9999 -9999 -9999 -9999 -9999 804
405 373 367 347 378 379 376 381 397 417 423 416 407 403 404 402 408 417 428 441 445 449 442 441 456 460 460 468 479 484 493 490 489 520 538 548 565 580 581 594 598 577 552 598 669 699 704 712 722 743 755 747 764 779 790 806 808 814 812 810 815 817 824 829 826 818 817 820 813 802 795 787 779 785 -9999 -9999 -9999 -9999 -9999 -9999 -9999 -9999 -9999 -9999
377 380 375 357 381 396 409 412 412 429 438 435 420 409 402 400 405 413 423 426 -9999 427 432 447 459 460 462 471 474 480 488 492 501 532 555 565 579 600 610 613 616 622 618 634 665 690 704 711 726 743 746 745 766 769 794 807 803 802 801 809 816 817 824 834 830 825 823 824 808 797 793 784 770 -9999 780 779 -9999 -9999 -9999 -9999 850 850 809 801
362 381 383 374 390 405 451 470 477 499 478 444 420 414 414 404 405 415 423 433 436 435 425 444 459 461 471 472 473 479 491 502 515 541 574 583 585 595 616 628 628 636 646 654 667 688 711 723 733 738 747 767 775 775 786 800 808 819 823 828 834 823 817 830 831 827 821 824 809 796 783 773 751 -9999 772 -9999 -9999 -9999 -9999 -9999 856 850 821 800
343 370 393 392 374 377 418 484 595 647 592 468 425 408 404 406 419 432 437 439 434 434 433 446 455 461 473 475 482 497 506 519 531 549 579 593 593 581 604 630 642 654 659 660 671 689 712 732 742 753 766 777 785 789 795 809 822 828 834 835 836 826 826 827 821 818 814 819 807 788 780 767 760 766 762 -9999 -9999 -9999 -9999 -9999 854 854 842 806
330 358 375 374 361 360 375 455 563 599 557 480 432 421 414 421 426 424 425 430 435 444 460 466 464 465 -9999 472 479 513 536 538 548 560 580 601 602 595 606 639 661 673 679 682 691 696 712 739 755 763 783 784 788 792 793 818 833 830 830 818 822 828 835 827 816 812 808 805 795 782 774 -9999 789 783 -9999 -9999 -9999 -9999 -9999 847 861 864 849 822
336 359 361 357 346 339 351 381 459 536 515 459 426 412 415 415 415 420 428 437 448 459 470 477 483 491 500 502 512 532 548 555 560 568 584 603 613 612 625 658 676 690 691 697 709 712 729 753 764 761 781 795 796 804 808 820 827 828 827 804 813 831 840 833 823 815 808 801 795 791 772 800 831 817 -9999 -9999 -9999 -9999 -9999 858 874 874 862 833
352 357 348 340 332 331 344 360 389 434 454 434 418 417 412 415 428 430 444 451 459 465 487 498 514 534 542 543 555 560 570 576 573 575 591 609 620 624 637 665 684 699 705 707 719 726 745 760 769 777 793 804 807 819 832 838 835 824 823 807 812 822 832 833 828 812 807 804 805 798 792 805 820 812 -9999 -9999 -9999 -9999 -9999 864 872 875 867 850
361 354 339 330 333 339 346 357 377 395 413 418 422 415 423 438 450 451 460 472 473 481 500 517 544 570 583 593 583 -9999 586 589 590 583 593 612 618 628 646 669 686 700 711 718 731 739 752 760 770 788 803 812 822 835 846 854 847 824 806 806 811 823 831 827 822 808 805 806 809 809 806 811 802 -9999 -9999 -9999 -9999 -9999 -9999 -9999 858 874 878 864
353 354 344 333 335 352 365 371 377 389 406 418 419 427 445 449 452 460 468 478 483 489 496 517 542 566 589 604 605 591 586 597 589 574 577 602 621 642 660 678 691 706 724 735 744 758 766 770 779 792 811 825 832 841 854 866 858 844 825 820 821 831 843 846 839 834 820 811 822 825 820 824 817 811 -9999 -9999 -9999 -9999 -9999 -9999 861 884 887 878
330 346 328 327 342 366 387 387 395 395 405 401 420 459 471 456 452 461 474 485 491 491 495 519 542 557 578 590 592 584 583 582 560 529 535 589 625 648 670 684 696 719 737 758 765 774 781 788 795 801 823 843 840 843 859 876 876 871 856 842 834 843 858 867 865 858 846 842 840 847 856 853 844 843 -9999 -9999 -9999 -9999 -9999 -9999 897 908 902 882
400 407 357 332 328 353 370 368 382 395 407 424 449 472 469 456 458 471 490 505 509 515 523 540 560 571 585 595 593 591 591 585 560 514 507 596 649 671 678 691 707 729 758 778 787 789 797 814 819 816 833 850 851 850 863 874 875 877 876 870 868 864 870 882 878 867 873 865 861 879 897 890 874 863 -9999 -9999 -9999 -9999 -9999 -9999 932 941 917 891
357 401 409 363 331 337 337 349 368 384 399 420 435 445 447 445 454 474 500 524 524 523 531 557 586 595 597 598 593 590 594 596 593 581 589 631 669 701 700 696 717 738 764 785 798 802 807 822 829 829 839 851 852 860 868 872 866 873 883 882 879 894 894 884 892 886 880 890 896 900 908 906 894 882 -9999 -9999 -9999 -9999 -9999 -9999 949 947 920 904
318 347 375 356 327 345 346 352 365 373 393 411 420 425 425 420 439 463 490 513 523 528 540 562 590 595 595 595 594 596 605 615 624 638 643 666 688 709 721 723 732 750 767 782 810 819 820 821 833 843 842 855 857 866 877 880 873 874 892 900 899 892 888 890 902 909 906 909 917 919 923 921 913 906 -9999 -9999 -9999 -9999 -9999 953 957 941 912 903
306 324 350 352 365 377 377 374 383 381 384 401 423 431 425 423 433 452 473 495 513 527 542 563 583 592 596 593 595 609 624 638 655 670 677 694 717 726 738 747 752 773 784 800 822 838 837 831 828 837 841 859 869 883 889 889 888 884 900 920 922 895 883 892 909 914 911 917 924 928 926 928 931 925 -9999 -9999 -9999 -9999 983 979 964 935 915 910
343 319 354 371 377 387 396 405 417 407 411 414 423 433 436 433 437 448 463 479 499 519 537 561 585 594 595 598 607 620 638 648 668 683 692 707 725 744 758 762 763 785 805 816 824 844 855 848 840 839 852 895 902 894 894 892 894 895 906 919 915 896 885 900 912 912 914 922 923 920 923 928 936 947 948 947 968 997 993 983 968 946 936 925
405 330 360 392 383 389 397 406 420 421 425 430 442 454 453 443 438 444 457 468 485 507 530 556 573 583 592 606 625 639 635 645 666 686 700 712 733 762 782 765 764 786 816 830 832 852 866 866 860 858 879 949 996 919 896 889 892 896 910 916 897 900 911 922 925 921 917 909 922 920 917 920 938 961 972 970 962 971 977 979 983 983 959 934
492 402 400 396 386 383 381 375 390 403 414 424 435 449 453 444 444 452 463 466 486 502 520 543 565 581 588 605 629 643 641 646 672 696 706 710 729 750 776 776 780 800 833 857 864 871 878 878 875 882 899 938 960 925 899 898 905 909 914 915 894 903 920 930 931 927 929 923 926 917 912 914 933 956 969 968 960 960 963 970 983 987 965 936
600 568 432 376 369 367 362 357 367 373 386 405 418 434 448 449 446 456 472 479 493 515 527 543 558 569 584 605 631 649 659 669 685 697 701 707 726 741 778 803 816 828 847 865 879 885 886 879 882 897 912 925 930 916 914 917 926 934 932 922 903 920 927 927 937 934 928 941 930 912 902 904 920 954 964 961 955 951 956 959 964 972 959 937
602 670 566 405 368 355 351 350 354 362 377 393 427 435 441 445 440 449 470 493 513 525 527 541 562 579 593 612 631 651 672 685 690 702 715 727 742 763 791 808 825 842 852 863 873 886 887 885 899 908 930 960 954 934 929 928 939 954 953 937 926 932 931 937 954 935 935 951 945 933 922 915 923 946 962 966 951 945 958 964 970 974 960 941
600 655 549 412 372 357 352 346 343 348 363 392 413 417 430 442 447 459 483 508 525 528 531 548 568 580 589 608 629 651 669 687 696 713 733 745 757 775 801 821 839 849 853 864 876 890 893 894 903 909 947 1031 1069 989 940 935 943 961 966 947 932 935 948 952 943 928 931 950 960 961 949 935 936 961 982 981 973 971 987 993 992 985 968 952
488 574 629 428 386 373 368 362 357 355 364 393 405 412 426 442 451 463 483 513 533 539 541 556 577 585 585 595 615 636 665 693 710 727 749 767 776 789 805 831 844 862 871 880 893 901 908 904 906 916 949 1039 1091 1017 952 950 950 953 968 963 948 950 958 954 941 921 922 942 970 981 978 972 966 982 1005 1015 1029 1028 1023 1016 999 1001 998 991
