resultados/variables_norteamerica/bio16.asc
ncols 469
nrows 225
xllcorner -169.133333
yllcorner 20.675000
cellsize 0.249840
NODATA_value -9999
[rows 38 to 75 of 225, columns 255 to 339 of 469]
81 80 79 79 78 79 78 77 76 76 75 75 74 74 73 74 74 74 74 75 75 75 76 77 77 78 78 78 -9999 80 81 82 82 82 82 83 83 -9999 -9999 -9999 -9999 89 90 94 95 97 97 97 99 100 103 106 107 108 109 111 112 115 116 117 117 116 119 119 119 121 118 116 114 111 107 -9999 -9999 -9999 99 -9999 106 107 106 105 108 110 110 111 113
83 83 82 82 81 81 80 80 79 79 78 78 77 77 77 77 77 77 78 78 79 79 79 80 81 81 81 81 82 83 84 84 85 85 86 86 -9999 87 88 88 88 91 96 99 100 102 102 103 101 101 103 104 106 109 111 112 115 118 121 123 119 119 121 122 123 121 120 118 117 113 108 104 104 102 102 104 109 111 111 108 105 103 104 106 110
86 85 84 84 83 83 82 82 82 82 81 81 80 80 80 80 80 80 81 81 82 83 83 83 83 84 84 85 86 87 88 88 -9999 89 89 89 89 -9999 90 91 92 98 102 104 104 106 106 105 105 107 107 107 105 109 112 114 116 117 120 122 121 121 121 122 121 120 118 119 118 117 115 112 107 103 102 103 106 107 108 107 106 -9999 -9999 -9999 104
89 88 87 87 86 86 85 85 85 84 84 83 83 83 83 83 83 83 83 84 85 86 86 86 86 87 88 88 89 90 90 91 92 92 92 92 93 93 94 96 97 100 105 107 107 108 108 108 110 112 113 112 111 112 113 114 116 117 119 122 126 125 124 123 122 121 120 121 119 117 117 114 110 108 103 -9999 102 103 103 -9999 107 112 116 115 111
90 89 90 89 89 89 88 88 -9999 86 86 -9999 86 86 85 85 85 86 86 86 -9999 89 89 88 89 90 90 91 92 92 93 94 -9999 95 95 96 97 97 99 100 101 102 107 108 109 110 110 111 112 114 115 114 115 115 115 116 117 118 119 121 123 124 125 125 124 121 121 122 120 119 117 114 112 111 108 -9999 -9999 -9999 -9999 -9999 -9999 108 111 -9999 110
92 92 93 92 92 92 91 91 90 89 88 88 87 87 87 88 87 88 88 88 88 90 91 91 91 92 92 93 94 94 95 96 96 96 98 99 100 101 102 103 106 108 110 111 111 112 113 113 114 115 116 117 116 114 113 113 113 114 118 118 119 117 118 120 121 120 122 122 122 121 120 117 114 112 111 109 108 105 -9999 -9999 -9999 -9999 -9999 -9999 111
94 95 95 95 94 94 93 92 92 91 90 90 90 89 90 90 90 -9999 90 -9999 -9999 92 -9999 -9999 94 94 95 95 96 97 98 99 100 100 101 102 103 104 105 106 108 111 113 114 114 113 114 115 116 116 117 117 117 118 119 119 118 117 116 -9999 118 -9999 116 -9999 113 118 120 121 119 120 118 117 115 113 111 108 -9999 -9999 -9999 107 -9999 113 115 -9999 -9999
97 97 97 97 97 96 95 94 93 93 93 92 92 92 92 92 95 93 93 95 94 -9999 95 96 96 97 98 98 100 100 101 102 103 104 105 106 106 107 108 109 -9999 111 112 115 115 115 115 115 116 118 118 119 120 119 120 122 122 122 123 123 123 126 126 124 -9999 -9999 -9999 -9999 113 116 118 116 112 111 -9999 -9999 -9999 109 110 111 110 -9999 -9999 -9999 -9999
99 99 99 98 98 98 96 95 95 95 96 95 95 95 95 95 96 96 95 96 97 97 98 99 99 99 101 102 102 103 104 104 105 106 108 109 109 110 -9999 111 112 112 112 114 114 114 115 115 117 118 119 120 120 121 121 122 122 122 122 123 125 127 126 126 123 -9999 -9999 -9999 -9999 113 114 112 112 -9999 -9999 -9999 -9999 111 112 113 112 111 -9999 120 120
100 100 100 99 99 99 99 98 97 97 97 98 98 98 98 98 99 99 98 99 100 101 100 101 101 102 104 104 105 106 106 -9999 107 109 111 111 112 113 114 -9999 114 114 115 115 115 116 116 116 116 116 117 117 119 121 120 122 123 122 122 122 124 126 126 127 126 124 124 123 120 119 118 115 114 113 -9999 -9999 -9999 112 114 116 114 114 116 126 130
103 103 102 103 103 104 103 103 101 100 100 101 101 99 99 99 100 100 -9999 100 100 101 101 102 103 104 105 105 107 107 108 108 109 109 111 113 115 116 -9999 -9999 117 117 116 117 116 117 116 116 117 118 -9999 118 119 119 120 121 121 120 119 121 121 123 125 126 126 126 123 122 122 121 120 116 113 -9999 -9999 -9999 -9999 115 116 117 118 117 121 130 131
106 106 106 106 105 105 105 104 102 101 101 101 102 100 100 100 102 102 101 101 101 102 103 103 -9999 -9999 106 -9999 -9999 110 111 113 113 114 115 113 118 117 118 119 118 119 118 117 116 115 117 117 119 118 119 119 118 119 120 120 -9999 119 119 119 119 120 121 121 123 124 123 122 121 119 117 -9999 -9999 -9999 -9999 -9999 117 117 119 119 119 119 121 131 133
108 110 109 108 108 108 104 103 103 103 102 102 103 103 103 104 104 104 105 106 106 106 106 107 108 109 109 110 112 114 114 115 115 115 115 115 116 118 117 117 118 118 118 117 117 117 116 116 117 119 119 119 119 118 119 120 121 120 119 117 117 119 119 120 122 124 124 123 120 117 117 -9999 -9999 -9999 -9999 -9999 -9999 118 120 122 121 121 123 124 129
111 113 111 110 110 107 106 106 107 106 105 105 105 107 108 111 111 107 108 109 109 109 -9999 110 110 -9999 113 -9999 -9999 115 -9999 117 119 119 120 119 119 120 120 119 118 118 118 118 118 119 118 -9999 117 118 118 119 119 119 119 120 121 121 118 117 117 116 -9999 -9999 118 121 120 -9999 -9999 -9999 -9999 -9999 -9999 -9999 -9999 -9999 -9999 120 121 122 -9999 122 125 123 123
114 113 112 110 110 110 113 112 113 112 111 110 108 111 114 115 113 111 112 111 111 111 112 113 113 -9999 -9999 117 -9999 118 119 -9999 121 122 122 122 124 123 122 122 -9999 -9999 122 121 121 120 120 -9999 -9999 120 -9999 118 118 118 118 119 118 119 118 118 118 -9999 -9999 -9999 -9999 -9999 -9999 -9999 -9999 -9999 -9999 -9999 -9999 -9999 122 121 121 121 121 123 124 125 124 123 123
115 115 112 111 112 115 117 116 117 117 117 117 113 114 117 115 115 115 115 115 116 116 117 119 119 -9999 119 121 121 121 122 122 121 123 124 125 126 126 127 128 127 128 127 127 126 124 123 122 121 121 121 121 -9999 120 121 121 -9999 -9999 119 -9999 -9999 -9999 -9999 -9999 -9999 -9999 -9999 -9999 -9999 -9999 -9999 -9999 -9999 -9999 -9999 -9999 -9999 -9999 -9999 125 129 128 126 124 -9999
118 118 115 115 118 120 119 119 119 119 118 117 116 117 -9999 116 117 117 119 121 122 -9999 123 124 125 124 123 123 123 124 124 124 -9999 126 128 129 130 130 130 130 129 129 129 129 129 129 127 126 126 124 124 123 123 124 125 126 125 122 121 -9999 -9999 -9999 -9999 -9999 -9999 -9999 -9999 -9999 -9999 -9999 -9999 -9999 -9999 -9999 -9999 -9999 -9999 -9999 -9999 127 127 127 125 125 -9999
121 120 -9999 118 121 122 122 122 123 122 121 120 119 -9999 -9999 -9999 -9999 121 122 123 124 125 126 126 -9999 129 128 125 125 126 -9999 127 128 129 -9999 131 131 131 131 132 131 132 132 -9999 -9999 131 129 128 129 127 126 126 126 126 129 130 129 125 123 -9999 -9999 -9999 -9999 -9999 -9999 -9999 -9999 -9999 -9999 -9999 -9999 -9999 -9999 -9999 -9999 -9999 -9999 -9999 -9999 -9999 -9999 -9999 -9999 -9999 -9999
123 123 122 123 124 125 126 -9999 125 125 124 124 123 122 122 -9999 122 123 124 -9999 126 127 128 -9999 -9999 128 128 127 127 127 127 130 132 132 -9999 133 133 -9999 -9999 133 133 134 133 132 132 133 131 130 130 129 127 127 126 126 127 126 125 -9999 -9999 -9999 -9999 -9999 -9999 -9999 -9999 -9999 -9999 -9999 -9999 -9999 -9999 -9999 -9999 -9999 -9999 -9999 -9999 -9999 -9999 -9999 -9999 -9999 -9999 -9999 -9999
126 126 126 126 128 129 129 128 -9999 128 127 -9999 127 126 125 126 126 127 127 127 128 129 130 132 132 131 130 129 130 130 -9999 -9999 133 135 135 136 137 136 136 134 133 133 133 133 132 132 132 131 131 130 129 -9999 128 129 -9999 -9999 -9999 -9999 -9999 -9999 -9999 -9999 -9999 -9999 -9999 -9999 -9999 -9999 -9999 -9999 -9999 -9999 -9999 -9999 -9999 -9999 -9999 -9999 -9999 -9999 -9999 -9999 -9999 -9999 -9999
129 129 130 130 131 131 131 131 131 130 130 130 129 129 -9999 -9999 -9999 -9999 -9999 129 130 131 131 133 134 133 133 132 133 134 135 135 136 138 138 138 138 138 137 136 135 135 135 -9999 134 133 133 132 132 131 130 -9999 -9999 -9999 -9999 -9999 -9999 -9999 -9999 -9999 -9999 -9999 -9999 -9999 -9999 -9999 -9999 -9999 -9999 -9999 -9999 -9999 -9999 -9999 -9999 -9999 -9999 -9999 -9999 -9999 -9999 -9999 -9999 -9999 -9999
132 133 135 135 135 135 136 135 134 -9999 134 133 133 132 133 132 132 133 132 132 134 134 135 137 138 139 139 139 137 139 138 139 139 139 140 140 138 137 137 137 137 138 137 137 137 135 134 134 134 -9999 -9999 -9999 -9999 -9999 -9999 -9999 -9999 -9999 -9999 -9999 -9999 -9999 -9999 -9999 -9999 -9999 -9999 -9999 -9999 -9999 -9999 -9999 -9999 -9999 -9999 -9999 -9999 -9999 -9999 -9999 -9999 -9999 -9999 -9999 -9999
137 137 139 139 140 140 141 139 138 138 138 137 137 136 137 138 -9999 135 135 136 137 138 139 140 141 142 142 142 141 142 141 142 142 143 143 -9999 140 140 140 140 -9999 140 139 138 138 -9999 137 -9999 -9999 135 -9999 -9999 -9999 -9999 -9999 -9999 -9999 -9999 -9999 -9999 -9999 -9999 -9999 -9999 -9999 -9999 -9999 -9999 -9999 -9999 -9999 -9999 -9999 -9999 -9999 -9999 -9999 -9999 -9999 -9999 -9999 -9999 -9999 -9999 -9999
140 142 142 142 143 144 143 142 142 142 142 142 140 140 139 138 138 138 138 138 139 140 142 143 144 145 146 147 146 146 148 146 -9999 145 146 145 145 145 146 143 143 142 141 140 139 139 138 -9999 -9999 -9999 -9999 -9999 -9999 -9999 -9999 -9999 -9999 -9999 -9999 -9999 -9999 -9999 -9999 -9999 -9999 -9999 -9999 -9999 -9999 -9999 -9999 -9999 -9999 -9999 -9999 -9999 -9999 -9999 -9999 -9999 -9999 -9999 -9999 -9999 -9999
144 145 145 146 -9999 147 146 146 147 147 146 146 -9999 144 142 141 140 140 140 141 142 144 -9999 146 147 149 149 149 149 149 150 148 -9999 149 150 149 149 148 148 146 145 144 143 142 141 141 -9999 -9999 -9999 -9999 -9999 -9999 -9999 -9999 -9999 -9999 -9999 -9999 -9999 -9999 -9999 -9999 -9999 -9999 -9999 -9999 -9999 -9999 -9999 -9999 -9999 -9999 -9999 -9999 -9999 -9999 -9999 -9999 -9999 -9999 -9999 -9999 -9999 -9999 -9999
148 149 150 150 151 153 151 151 151 151 150 150 149 148 146 145 144 143 144 145 146 148 150 149 151 152 152 153 153 151 152 152 151 152 151 151 -9999 151 150 149 147 146 145 144 143 -9999 -9999 -9999 -9999 -9999 -9999 -9999 -9999 -9999 -9999 -9999 -9999 -9999 -9999 -9999 -9999 -9999 -9999 -9999 -9999 -9999 -9999 -9999 -9999 -9999 -9999 -9999 -9999 -9999 -9999 -9999 -9999 -9999 -9999 -9999 -9999 -9999 -9999 -9999 -9999
155 154 154 154 155 156 156 157 -9999 156 155 154 153 151 150 149 148 148 150 150 150 151 152 153 154 155 156 157 157 -9999 155 155 155 154 155 154 153 153 152 151 150 148 147 146 145 -9999 -9999 -9999 -9999 -9999 -9999 -9999 -9999 -9999 -9999 -9999 -9999 -9999 -9999 -9999 -9999 -9999 -9999 -9999 -9999 -9999 -9999 -9999 -9999 -9999 -9999 -9999 -9999 -9999 -9999 -9999 -9999 -9999 -9999 -9999 -9999 -9999 -9999 -9999 -9999
159 159 159 159 160 160 162 161 160 -9999 159 158 156 155 154 154 154 154 154 153 153 154 156 -9999 -9999 160 160 160 159 158 157 157 157 157 157 156 156 156 155 151 150 149 149 -9999 -9999 -9999 -9999 -9999 -9999 -9999 -9999 -9999 -9999 -9999 -9999 -9999 -9999 -9999 -9999 -9999 -9999 -9999 -9999 -9999 -9999 -9999 -9999 -9999 -9999 -9999 -9999 -9999 -9999 -9999 -9999 -9999 -9999 -9999 -9999 -9999 -9999 -9999 -9999 -9999 -9999
164 165 165 165 166 167 170 169 166 164 164 162 161 -9999 160 -9999 161 159 158 158 158 159 160 -9999 162 163 164 165 166 165 164 163 162 161 161 161 159 158 157 155 154 153 151 -9999 -9999 -9999 -9999 -9999 -9999 -9999 -9999 -9999 -9999 -9999 -9999 -9999 -9999 -9999 -9999 -9999 -9999 -9999 -9999 -9999 -9999 -9999 -9999 -9999 -9999 -9999 -9999 -9999 -9999 -9999 -9999 -9999 -9999 -9999 -9999 -9999 -9999 -9999 -9999 -9999 -9999
170 170 170 170 -9999 173 174 174 172 170 169 168 167 -9999 165 166 164 164 163 163 163 163 163 165 166 167 169 169 169 -9999 169 168 168 167 165 164 163 162 160 159 157 155 153 -9999 -9999 -9999 -9999 -9999 -9999 -9999 -9999 -9999 -9999 -9999 -9999 -9999 -9999 -9999 -9999 -9999 -9999 -9999 -9999 -9999 -9999 -9999 -9999 -9999 -9999 -9999 -9999 -9999 -9999 -9999 -9999 -9999 -9999 -9999 -9999 -9999 -9999 -9999 -9999 -9999 -9999
175 174 176 177 -9999 177 179 180 178 177 176 -9999 172 171 171 169 168 167 167 167 167 167 -9999 169 170 172 173 174 174 173 173 173 172 170 169 168 167 165 164 161 160 158 156 -9999 -9999 -9999 -9999 -9999 -9999 -9999 -9999 -9999 -9999 -9999 -9999 -9999 -9999 -9999 -9999 -9999 -9999 -9999 -9999 -9999 -9999 -9999 -9999 -9999 -9999 -9999 -9999 -9999 -9999 -9999 -9999 -9999 -9999 -9999 -9999 -9999 -9999 -9999 -9999 -9999 -9999
179 179 180 181 181 182 183 184 185 184 181 179 178 177 175 173 171 171 171 171 171 171 173 173 175 177 177 178 177 177 176 177 176 174 173 170 170 168 165 164 162 160 158 -9999 -9999 -9999 -9999 -9999 -9999 -9999 -9999 -9999 -9999 -9999 -9999 -9999 -9999 -9999 -9999 -9999 -9999 -9999 -9999 -9999 -9999 -9999 -9999 -9999 -9999 -9999 -9999 -9999 -9999 -9999 -9999 -9999 -9999 -9999 -9999 -9999 -9999 -9999 -9999 -9999 -9999
-9999 181 184 186 188 189 189 189 189 188 186 184 182 180 178 176 177 177 176 176 176 177 177 178 180 182 181 180 182 181 180 180 180 178 176 174 172 170 169 167 165 162 161 -9999 -9999 -9999 -9999 -9999 -9999 -9999 -9999 -9999 -9999 -9999 -9999 -9999 -9999 -9999 -9999 -9999 -9999 -9999 -9999 -9999 -9999 -9999 -9999 -9999 -9999 -9999 -9999 -9999 -9999 -9999 -9999 -9999 -9999 -9999 -9999 -9999 -9999 -9999 -9999 -9999 -9999
184 186 188 191 193 196 198 -9999 195 193 191 188 185 182 180 180 180 179 179 179 180 180 -9999 182 -9999 184 184 185 186 185 -9999 183 -9999 181 179 177 175 174 172 169 168 165 163 -9999 -9999 -9999 -9999 -9999 -9999 -9999 -9999 -9999 -9999 -9999 -9999 -9999 -9999 -9999 -9999 -9999 -9999 -9999 -9999 -9999 -9999 -9999 -9999 -9999 -9999 -9999 -9999 -9999 -9999 -9999 -9999 -9999 -9999 -9999 -9999 -9999 -9999 -9999 -9999 -9999 -9999
190 193 196 198 201 202 204 204 201 197 194 191 188 185 183 182 183 182 182 184 -9999 185 187 187 187 188 188 189 189 188 187 187 187 185 183 -9999 -9999 177 175 172 170 168 166 -9999 -9999 -9999 -9999 -9999 -9999 -9999 -9999 -9999 -9999 -9999 -9999 -9999 -9999 -9999 -9999 -9999 -9999 -9999 -9999 -9999 -9999 -9999 -9999 -9999 -9999 -9999 -9999 -9999 -9999 -9999 -9999 -9999 -9999 -9999 -9999 -9999 -9999 -9999 -9999 -9999 -9999
196 199 202 205 209 212 212 211 208 202 199 195 191 188 186 185 185 186 187 189 191 190 191 192 193 195 195 193 -9999 193 193 194 193 191 188 184 182 180 178 176 174 172 170 168 167 166 167 167 168 -9999 -9999 -9999 -9999 -9999 -9999 -9999 -9999 -9999 -9999 -9999 -9999 -9999 -9999 -9999 -9999 -9999 -9999 -9999 -9999 -9999 -9999 -9999 -9999 -9999 -9999 -9999 -9999 -9999 -9999 -9999 -9999 -9999 -9999 -9999 -9999
-9999 206 208 212 217 221 222 -9999 212 -9999 202 199 195 191 188 187 187 189 193 195 196 197 198 200 202 202 202 200 198 199 200 198 195 193 192 190 187 184 182 180 178 177 175 173 171 171 172 172 172 -9999 -9999 -9999 -9999 -9999 -9999 -9999 -9999 -9999 -9999 -9999 -9999 -9999 -9999 -9999 -9999 -9999 -9999 -9999 -9999 -9999 -9999 -9999 -9999 -9999 -9999 -9999 -9999 -9999 -9999 -9999 -9999 -9999 -9999 -9999 -9999
207 212 215 217 221 223 -9999 222 -9999 211 205 201 196 -9999 186 186 188 192 195 197 199 202 203 204 206 206 205 204 203 204 203 201 198 -9999 196 194 192 190 187 185 184 182 179 177 176 176 176 175 175 175 176 -9999 -9999 -9999 -9999 -9999 -9999 -9999 -9999 -9999 -9999 -9999 -9999 -9999 -9999 -9999 -9999 -9999 -9999 -9999 -9999 -9999 -9999 -9999 -9999 -9999 -9999 -9999 -9999 -9999 -9999 -9999 -9999 -9999 -9999
