resultados/variables_norteamerica/bio15.asc
ncols 469
nrows 225
xllcorner -169.133333
yllcorner 20.675000
cellsize 0.249840
NODATA_value -9999
[rows 80 to 119 of 225, columns 360 to 449 of 469]
-9999 -9999 -9999 -9999 -9999 -9999 -9999 -9999 -9999 -9999 -9999 48 47 47 46 46 45 44 44 44 -9999 43 43 42 42 41 41 40 40 39 39 38 38 37 36 35 35 34 34 34 34 33 32 33 33 33 33 34 34 35 36 36 37 37 37 38 38 37 35 34 32 29 27 25 23 21 20 19 18 18 -9999 -9999 -9999 -9999 -9999 -9999 -9999 -9999 -9999 -9999 -9999 -9999 -9999 -9999 -9999 -9999 -9999 -9999 -9999 -9999
-9999 -9999 -9999 -9999 -9999 -9999 -9999 -9999 -9999 -9999 -9999 48 47 47 46 45 45 45 44 44 43 43 43 43 42 41 41 40 40 39 38 38 38 37 36 36 35 35 34 34 34 33 33 33 33 33 33 34 34 35 35 36 37 37 37 38 38 38 37 35 33 30 28 26 24 22 20 18 18 18 -9999 -9999 -9999 -9999 -9999 -9999 -9999 -9999 -9999 -9999 -9999 -9999 -9999 -9999 -9999 -9999 -9999 -9999 -9999 -9999
50 -9999 -9999 -9999 -9999 -9999 -9999 -9999 -9999 -9999 -9999 -9999 47 46 46 45 45 45 44 44 -9999 43 43 42 42 41 41 40 40 40 39 39 38 38 36 36 36 35 34 34 34 34 34 33 32 33 33 33 34 34 35 36 36 37 38 38 39 39 38 36 33 31 29 26 24 22 20 18 18 18 -9999 -9999 -9999 -9999 -9999 -9999 -9999 -9999 -9999 -9999 -9999 -9999 -9999 -9999 -9999 -9999 -9999 -9999 -9999 -9999
-9999 -9999 -9999 -9999 -9999 -9999 -9999 -9999 -9999 -9999 47 47 46 46 45 45 45 44 44 44 -9999 43 42 42 42 41 41 41 40 40 39 39 38 38 37 36 36 35 35 34 34 34 34 33 33 33 33 33 34 34 35 36 36 37 37 38 38 39 38 36 33 31 29 27 25 23 20 19 17 17 17 -9999 16 -9999 -9999 -9999 -9999 -9999 -9999 -9999 -9999 -9999 -9999 -9999 -9999 -9999 -9999 -9999 -9999 -9999
-9999 -9999 -9999 -9999 -9999 -9999 -9999 -9999 -9999 46 46 46 46 45 45 45 44 44 43 43 43 42 42 42 42 41 41 41 40 40 39 39 39 38 37 36 36 35 35 34 34 34 34 33 33 33 33 33 33 34 35 35 36 36 37 37 37 38 -9999 35 33 31 30 -9999 25 23 21 19 17 17 -9999 16 -9999 -9999 -9999 -9999 -9999 -9999 -9999 -9999 -9999 -9999 -9999 -9999 -9999 -9999 -9999 -9999 -9999 -9999
-9999 -9999 -9999 -9999 -9999 -9999 -9999 -9999 46 46 46 45 45 45 45 44 44 44 43 43 43 42 42 42 41 41 40 40 40 40 40 39 38 38 37 37 36 36 35 35 34 34 33 33 33 33 -9999 33 33 34 34 35 -9999 36 36 36 36 36 36 34 33 -9999 30 28 26 24 21 19 18 17 16 15 15 15 15 -9999 -9999 -9999 -9999 -9999 -9999 -9999 -9999 -9999 -9999 -9999 -9999 -9999 -9999 -9999
-9999 -9999 -9999 -9999 -9999 -9999 -9999 46 46 46 45 45 45 44 44 44 44 43 43 43 42 42 42 42 41 41 41 41 40 40 40 40 39 39 38 37 37 36 36 35 34 34 33 33 33 33 32 33 33 33 34 34 34 35 35 35 35 35 34 33 32 31 30 28 26 24 22 20 18 17 16 16 15 15 15 15 -9999 -9999 -9999 -9999 -9999 -9999 -9999 -9999 -9999 -9999 -9999 -9999 -9999 -9999
-9999 -9999 -9999 -9999 46 46 46 46 46 45 45 45 44 44 44 44 43 43 42 42 42 42 42 42 -9999 41 41 -9999 41 41 40 40 40 39 38 38 37 36 36 35 34 34 33 33 32 32 32 32 32 33 33 34 34 34 34 34 34 33 33 32 31 30 29 28 26 24 22 20 19 17 16 16 16 16 15 15 16 16 18 -9999 20 -9999 -9999 -9999 -9999 -9999 -9999 -9999 -9999 -9999
-9999 46 46 46 46 45 45 45 45 45 45 44 44 44 43 43 43 43 42 42 42 42 41 41 41 41 41 41 41 41 41 40 40 39 38 38 37 37 36 35 34 34 33 33 32 32 32 31 31 32 33 -9999 33 34 34 33 33 33 32 31 30 29 28 27 25 24 22 20 19 18 17 17 16 16 16 16 16 17 18 19 20 -9999 -9999 -9999 -9999 -9999 -9999 -9999 -9999 -9999
45 45 45 45 45 45 45 45 45 45 44 44 44 43 43 43 43 42 42 42 42 41 41 41 41 41 41 41 41 41 41 41 40 40 39 38 38 37 36 35 35 34 33 32 32 31 31 31 31 32 32 33 33 33 33 33 32 32 31 30 29 28 27 26 25 23 22 21 19 18 17 17 16 16 16 16 16 17 18 19 19 21 22 22 21 19 18 -9999 -9999 -9999
45 45 45 45 45 45 45 45 45 45 44 44 44 43 43 43 42 42 42 41 41 41 -9999 41 41 41 41 41 41 41 41 41 40 40 39 39 38 37 36 35 35 34 33 32 32 31 31 31 31 31 32 -9999 32 32 32 32 31 31 30 29 28 27 26 25 24 23 22 21 19 19 18 17 17 -9999 16 16 16 17 17 18 19 20 21 21 20 -9999 -9999 -9999 -9999 -9999
45 44 44 44 45 45 45 45 45 44 44 -9999 44 43 43 42 42 42 41 41 41 41 41 -9999 41 41 41 41 41 41 41 41 41 40 40 39 38 37 36 35 35 34 33 32 31 31 30 30 30 31 31 32 32 32 32 32 -9999 30 29 -9999 -9999 -9999 25 -9999 23 22 21 20 19 18 18 18 17 17 17 16 17 17 18 18 -9999 20 -9999 -9999 18 17 15 14 -9999 -9999
-9999 44 44 44 45 45 46 45 45 44 44 44 43 43 -9999 -9999 42 41 41 41 41 41 41 41 41 41 41 41 41 41 41 42 41 41 40 40 39 37 36 35 34 34 33 32 31 30 30 30 30 30 31 31 31 32 32 31 -9999 30 28 27 -9999 -9999 24 23 22 21 20 20 19 18 18 18 18 18 17 17 17 18 18 18 -9999 17 17 17 16 15 14 13 -9999 -9999
-9999 44 44 44 45 45 45 -9999 44 -9999 -9999 43 42 -9999 42 41 41 41 41 40 40 40 40 40 40 40 40 41 41 41 42 42 42 42 41 40 39 37 36 35 34 33 32 31 31 30 29 29 29 29 30 31 31 32 32 31 30 29 28 26 25 24 23 23 22 21 20 20 19 19 18 18 18 18 18 18 -9999 -9999 -9999 16 16 15 15 15 14 14 13 12 11 11
-9999 44 44 44 44 45 45 44 44 44 -9999 43 42 42 41 41 40 40 40 39 -9999 39 39 39 39 40 40 40 41 41 41 42 -9999 42 41 40 38 37 36 35 34 33 32 31 30 29 29 28 28 29 30 31 31 32 32 31 30 -9999 28 26 25 24 23 23 22 21 20 20 19 19 18 18 18 18 18 19 -9999 18 17 16 16 15 15 15 14 13 12 11 11 10
-9999 44 44 -9999 44 44 44 43 43 -9999 42 42 41 41 40 40 39 39 39 39 39 39 39 39 39 39 40 40 40 41 41 41 42 42 41 40 38 37 35 35 33 32 31 30 30 29 28 28 28 28 29 31 32 32 32 32 31 29 28 26 25 24 23 22 21 21 20 20 19 19 18 18 18 17 17 17 17 17 16 16 16 15 15 14 13 13 12 11 10 10
-9999 -9999 44 44 43 43 43 43 42 42 42 41 41 40 40 39 39 38 38 38 38 38 -9999 38 38 38 39 39 39 40 40 41 41 41 -9999 39 38 37 36 34 33 32 31 30 29 28 28 27 27 28 29 31 33 33 33 33 31 30 28 26 25 23 22 22 21 20 20 19 19 19 18 18 18 17 17 17 18 17 17 16 16 16 15 14 13 12 11 11 10 10
-9999 -9999 44 43 43 43 42 42 42 41 41 41 40 40 39 39 38 38 37 37 37 37 37 37 -9999 38 38 39 39 40 40 40 40 40 39 39 38 37 35 34 33 31 30 29 28 28 27 27 27 28 30 32 33 34 34 33 32 30 28 -9999 25 23 22 21 21 20 20 19 19 19 18 18 18 18 18 17 17 17 17 17 16 16 15 14 13 12 11 11 10 10
-9999 -9999 -9999 43 42 42 42 41 41 41 -9999 -9999 39 39 39 38 38 37 37 37 36 36 36 36 37 37 37 38 38 39 39 39 39 38 38 37 37 36 35 34 32 31 30 28 28 27 27 27 27 28 30 32 34 36 36 34 32 30 28 26 25 23 22 21 20 20 19 19 19 18 18 18 18 18 18 18 18 18 17 17 17 16 15 15 14 13 12 11 10 10
-9999 -9999 42 42 42 41 41 40 40 40 40 39 39 38 38 37 37 37 36 36 35 35 35 36 36 36 36 36 36 37 37 38 38 38 38 37 36 36 35 34 32 31 30 28 27 26 26 26 27 28 30 32 34 37 36 34 32 30 28 26 24 23 22 21 20 20 19 19 19 18 18 18 18 18 18 -9999 18 18 18 18 18 17 16 15 14 13 12 11 11 10
-9999 -9999 41 41 41 40 40 -9999 39 39 39 39 38 38 37 37 36 36 35 35 35 34 34 35 35 34 34 35 36 37 37 38 38 38 38 38 37 36 35 34 32 30 29 28 26 25 25 25 26 27 28 31 33 36 36 34 31 29 27 25 24 23 22 21 20 19 19 19 18 18 18 18 18 18 18 19 19 19 19 19 19 18 17 16 15 14 12 12 11 11
-9999 -9999 40 40 40 39 39 39 39 -9999 39 38 38 37 37 36 36 35 34 34 33 33 33 33 33 34 34 35 36 36 37 38 38 38 37 37 37 36 34 33 -9999 30 29 -9999 25 24 24 24 24 25 26 28 30 32 32 31 29 27 26 24 23 22 21 20 20 19 19 19 18 18 18 18 18 18 19 19 19 19 19 19 19 19 19 17 16 14 13 12 12 11
39 -9999 39 39 39 39 38 38 38 38 38 38 37 37 36 36 35 34 34 33 32 32 32 32 33 33 34 34 35 35 36 37 37 38 37 36 36 35 34 33 32 30 28 26 25 23 23 22 22 23 24 25 27 28 28 28 27 26 24 23 22 22 21 20 20 19 19 19 18 18 18 18 18 19 19 19 20 20 20 20 20 20 20 18 -9999 15 -9999 -9999 -9999 -9999
38 38 38 38 38 38 38 38 38 38 37 37 37 36 36 35 34 34 33 32 31 31 -9999 -9999 31 32 32 33 33 34 35 36 37 37 38 36 36 34 33 32 31 30 27 25 23 -9999 21 21 20 21 21 22 23 24 25 25 25 24 23 23 22 21 21 21 20 20 19 19 18 18 18 18 19 19 20 20 20 21 21 21 21 21 -9999 -9999 -9999 -9999 -9999 -9999 -9999 -9999
37 37 37 37 37 37 37 37 -9999 37 37 37 37 36 36 35 34 33 32 31 30 29 -9999 30 30 31 31 32 33 33 34 35 36 37 38 37 35 33 32 32 30 29 27 24 22 -9999 20 19 18 18 18 19 20 21 22 22 22 22 22 22 22 21 21 21 21 21 20 19 18 17 17 18 19 20 21 -9999 21 21 21 21 21 -9999 -9999 -9999 -9999 -9999 -9999 -9999 -9999 13
36 36 36 36 36 36 36 36 37 37 37 37 36 36 35 35 34 33 31 30 29 28 28 29 29 30 31 31 32 32 33 34 34 36 37 36 34 32 31 30 29 28 25 23 21 19 -9999 17 17 16 16 16 16 18 19 20 21 21 21 21 21 21 21 22 22 22 21 19 17 16 17 18 19 21 21 21 21 21 21 -9999 -9999 -9999 -9999 -9999 -9999 -9999 -9999 15 14 14
35 35 36 36 36 36 36 36 36 37 37 36 36 36 35 35 34 33 31 30 28 27 27 28 29 29 30 30 31 31 31 32 33 34 34 33 32 31 30 28 27 25 23 21 19 17 16 16 16 15 15 13 13 15 17 18 20 21 21 20 20 20 21 22 -9999 23 21 19 16 15 16 17 19 21 22 22 21 21 -9999 -9999 -9999 -9999 -9999 -9999 -9999 -9999 -9999 16 15 14
35 35 35 35 35 35 35 36 36 36 36 36 36 36 35 35 34 33 32 30 28 27 27 28 28 29 29 29 30 30 30 30 31 32 32 31 30 29 28 26 24 22 20 18 17 16 15 15 15 15 -9999 -9999 -9999 -9999 -9999 -9999 -9999 -9999 -9999 -9999 -9999 -9999 -9999 -9999 -9999 -9999 -9999 -9999 -9999 -9999 -9999 -9999 -9999 -9999 -9999 -9999 -9999 -9999 -9999 -9999 -9999 -9999 -9999 -9999 -9999 -9999 17 15 15 15
35 35 35 35 35 34 35 36 36 36 36 36 36 35 35 35 34 34 31 30 29 28 28 28 28 29 29 29 29 29 29 29 30 30 30 30 28 27 25 24 22 20 18 16 15 14 14 13 14 -9999 -9999 -9999 -9999 -9999 -9999 -9999 -9999 -9999 -9999 16 16 -9999 -9999 -9999 -9999 -9999 -9999 -9999 -9999 -9999 -9999 -9999 -9999 -9999 -9999 -9999 -9999 -9999 -9999 -9999 -9999 -9999 -9999 -9999 -9999 -9999 16 16 16 16
34 35 35 35 35 35 35 36 36 36 36 36 35 35 35 34 34 33 31 -9999 29 28 28 28 28 29 29 29 29 29 29 29 29 29 28 28 26 25 23 21 19 17 15 14 13 12 12 12 -9999 -9999 -9999 -9999 -9999 -9999 -9999 -9999 -9999 -9999 -9999 -9999 -9999 -9999 16 16 16 16 16 -9999 -9999 -9999 -9999 -9999 -9999 -9999 -9999 -9999 -9999 -9999 -9999 -9999 -9999 -9999 -9999 -9999 -9999 18 17 17 16 16
34 34 35 35 35 35 35 36 36 36 36 35 35 34 34 33 33 32 31 30 29 29 28 28 28 29 29 29 29 29 28 29 28 27 27 25 24 23 21 19 17 15 14 12 11 11 11 11 -9999 -9999 -9999 -9999 -9999 -9999 -9999 -9999 -9999 -9999 -9999 -9999 -9999 -9999 15 15 15 15 15 15 -9999 -9999 -9999 -9999 -9999 -9999 -9999 -9999 -9999 -9999 -9999 -9999 -9999 -9999 -9999 -9999 19 19 18 18 17 16
34 34 34 34 34 34 34 35 36 -9999 35 34 34 33 33 32 32 31 30 30 29 29 28 28 28 29 29 29 28 28 29 28 28 26 25 24 23 21 19 17 15 14 12 11 -9999 -9999 -9999 -9999 -9999 -9999 14 14 13 12 11 11 10 10 10 -9999 -9999 -9999 -9999 -9999 -9999 -9999 -9999 -9999 -9999 -9999 -9999 -9999 -9999 -9999 -9999 -9999 -9999 -9999 -9999 -9999 -9999 -9999 -9999 19 20 20 19 18 17 16
33 33 33 33 33 33 33 34 34 34 33 33 32 32 31 31 30 30 30 29 29 28 28 27 27 27 28 27 27 28 29 28 27 25 24 22 21 19 17 15 14 13 -9999 -9999 -9999 -9999 -9999 -9999 13 13 13 13 13 12 11 10 10 10 10 11 -9999 -9999 -9999 -9999 -9999 -9999 -9999 -9999 -9999 -9999 -9999 -9999 -9999 -9999 -9999 -9999 -9999 -9999 -9999 -9999 -9999 -9999 -9999 18 19 19 18 17 17 16
32 32 32 32 32 31 31 32 32 32 32 31 31 31 30 30 30 29 -9999 29 29 28 27 26 26 26 26 25 -9999 -9999 28 29 28 25 23 21 19 17 15 14 -9999 -9999 -9999 -9999 11 11 12 13 14 14 13 13 13 12 11 10 10 10 11 11 -9999 -9999 -9999 -9999 -9999 -9999 -9999 -9999 -9999 -9999 -9999 -9999 -9999 -9999 -9999 -9999 -9999 -9999 -9999 -9999 16 -9999 17 18 18 18 17 17 16 15
30 30 31 30 30 29 29 30 30 30 30 30 30 29 29 29 28 28 28 28 28 27 26 26 25 25 24 24 24 25 26 27 26 25 22 20 18 -9999 -9999 -9999 -9999 12 11 11 12 13 14 15 15 14 13 13 12 12 11 10 10 10 -9999 -9999 -9999 -9999 -9999 -9999 -9999 -9999 -9999 -9999 -9999 -9999 -9999 -9999 -9999 -9999 -9999 -9999 -9999 -9999 -9999 -9999 -9999 -9999 16 16 17 17 16 16 15 15
28 29 29 29 -9999 27 27 28 28 28 28 28 28 28 28 27 27 27 26 26 26 27 26 25 24 23 23 23 23 24 24 24 23 22 20 19 16 14 -9999 -9999 12 12 12 12 13 14 15 15 15 14 -9999 -9999 -9999 -9999 -9999 10 -9999 -9999 -9999 -9999 -9999 -9999 -9999 -9999 -9999 -9999 -9999 -9999 -9999 -9999 -9999 -9999 -9999 -9999 -9999 -9999 -9999 -9999 -9999 -9999 15 15 15 15 15 15 15 15 14 14
26 27 28 29 28 26 26 26 27 27 27 27 27 27 26 26 25 25 25 24 24 25 24 24 23 22 22 22 22 22 22 22 21 20 19 17 15 -9999 12 12 12 13 13 14 14 15 16 17 15 14 13 12 11 11 -9999 -9999 11 12 -9999 -9999 -9999 -9999 -9999 -9999 -9999 -9999 -9999 -9999 -9999 -9999 -9999 -9999 -9999 -9999 -9999 -9999 -9999 -9999 -9999 -9999 14 14 14 14 14 14 14 14 14 13
24 25 26 27 26 26 25 25 25 26 26 26 26 25 25 25 24 23 23 22 22 22 22 22 21 21 21 20 20 21 21 21 20 20 18 16 -9999 -9999 12 13 13 14 15 14 15 16 17 17 15 14 12 12 11 11 10 11 12 -9999 -9999 -9999 -9999 -9999 -9999 -9999 -9999 -9999 -9999 -9999 -9999 -9999 -9999 -9999 -9999 -9999 -9999 -9999 -9999 -9999 -9999 -9999 -9999 -9999 -9999 -9999 -9999 -9999 -9999 -9999 -9999 13
23 24 24 25 25 25 24 24 24 24 24 24 24 24 24 24 23 22 21 20 20 20 20 19 19 19 19 19 19 19 19 19 19 19 -9999 -9999 15 15 15 14 15 16 17 15 16 16 16 15 14 13 12 11 11 10 10 10 -9999 -9999 -9999 -9999 -9999 -9999 -9999 -9999 -9999 -9999 -9999 -9999 -9999 -9999 -9999 -9999 -9999 -9999 -9999 -9999 -9999 -9999 -9999 -9999 -9999 -9999 -9999 -9999 -9999 -9999 -9999 -9999 -9999 -9999
23 23 24 24 24 24 23 23 22 22 23 23 22 22 22 22 21 20 19 18 18 18 17 17 17 17 17 17 18 18 18 18 19 18 -9999 17 18 18 18 17 17 17 18 18 18 17 15 14 13 12 11 11 10 10 10 10 12 13 -9999 -9999 -9999 -9999 -9999 -9999 -9999 -9999 -9999 -9999 -9999 -9999 -9999 -9999 -9999 -9999 -9999 -9999 -9999 -9999 -9999 -9999 -9999 -9999 -9999 -9999 -9999 -9999 -9999 -9999 -9999 -9999
