resultados/variables_norteamerica/bio1.asc
ncols 469
nrows 225
xllcorner -169.133333
yllcorner 20.675000
cellsize 0.249840
NODATA_value -9999
[rows 80 to 119 of 225, columns 360 to 449 of 469]
-9999 -9999 -9999 -9999 -9999 -9999 -9999 -9999 -9999 -9999 -9999 -61 -61 -60 -60 -60 -61 -62 -62 -61 -9999 -61 -61 -61 -60 -61 -62 -62 -61 -61 -61 -60 -62 -62 -62 -63 -61 -63 -63 -59 -54 -58 -59 -56 -54 -55 -56 -55 -57 -56 -55 -55 -57 -57 -58 -59 -59 -58 -63 -63 -65 -64 -63 -63 -61 -58 -48 -45 -45 -40 -9999 -9999 -9999 -9999 -9999 -9999 -9999 -9999 -9999 -9999 -9999 -9999 -9999 -9999 -9999 -9999 -9999 -9999 -9999 -9999
-9999 -9999 -9999 -9999 -9999 -9999 -9999 -9999 -9999 -9999 -9999 -58 -58 -59 -59 -59 -60 -59 -58 -59 -59 -58 -58 -58 -59 -60 -60 -60 -60 -61 -63 -60 -59 -61 -62 -63 -61 -61 -60 -57 -57 -58 -53 -56 -56 -55 -56 -55 -56 -56 -55 -55 -55 -56 -58 -59 -61 -58 -61 -61 -61 -60 -60 -57 -54 -52 -51 -44 -40 -35 -9999 -9999 -9999 -9999 -9999 -9999 -9999 -9999 -9999 -9999 -9999 -9999 -9999 -9999 -9999 -9999 -9999 -9999 -9999 -9999
-54 -9999 -9999 -9999 -9999 -9999 -9999 -9999 -9999 -9999 -9999 -9999 -53 -57 -59 -59 -58 -58 -58 -57 -9999 -58 -58 -60 -59 -59 -59 -61 -61 -60 -61 -60 -58 -58 -61 -60 -61 -60 -61 -59 -52 -53 -51 -56 -60 -58 -56 -56 -55 -55 -55 -54 -55 -55 -56 -56 -57 -57 -58 -57 -58 -57 -56 -57 -55 -53 -50 -45 -38 -33 -9999 -9999 -9999 -9999 -9999 -9999 -9999 -9999 -9999 -9999 -9999 -9999 -9999 -9999 -9999 -9999 -9999 -9999 -9999 -9999
-9999 -9999 -9999 -9999 -9999 -9999 -9999 -9999 -9999 -9999 -53 -51 -54 -56 -57 -55 -56 -57 -57 -55 -9999 -57 -59 -57 -57 -57 -57 -58 -58 -58 -60 -60 -59 -58 -59 -62 -62 -62 -59 -59 -56 -51 -52 -52 -54 -59 -54 -54 -55 -55 -55 -53 -54 -55 -55 -57 -57 -55 -55 -55 -57 -57 -57 -56 -51 -48 -47 -44 -39 -35 -32 -9999 -29 -9999 -9999 -9999 -9999 -9999 -9999 -9999 -9999 -9999 -9999 -9999 -9999 -9999 -9999 -9999 -9999 -9999
-9999 -9999 -9999 -9999 -9999 -9999 -9999 -9999 -9999 -55 -56 -56 -56 -55 -55 -55 -55 -55 -56 -55 -55 -57 -56 -55 -55 -55 -57 -57 -56 -58 -59 -57 -56 -57 -59 -61 -61 -60 -60 -59 -55 -55 -54 -53 -54 -56 -57 -55 -56 -53 -53 -54 -52 -54 -53 -56 -55 -53 -9999 -53 -55 -57 -56 -9999 -55 -52 -49 -49 -45 -41 -9999 -32 -9999 -9999 -9999 -9999 -9999 -9999 -9999 -9999 -9999 -9999 -9999 -9999 -9999 -9999 -9999 -9999 -9999 -9999
-9999 -9999 -9999 -9999 -9999 -9999 -9999 -9999 -53 -54 -54 -54 -54 -55 -54 -53 -54 -54 -55 -54 -54 -55 -53 -54 -56 -56 -59 -58 -57 -57 -56 -57 -59 -59 -59 -59 -59 -59 -57 -57 -55 -55 -54 -52 -51 -54 -9999 -55 -56 -54 -55 -53 -9999 -53 -54 -55 -54 -53 -52 -53 -53 -9999 -57 -57 -55 -53 -52 -52 -47 -40 -39 -35 -32 -25 -24 -9999 -9999 -9999 -9999 -9999 -9999 -9999 -9999 -9999 -9999 -9999 -9999 -9999 -9999 -9999
-9999 -9999 -9999 -9999 -9999 -9999 -9999 -50 -50 -51 -52 -53 -53 -53 -52 -52 -53 -53 -53 -54 -53 -54 -53 -54 -55 -55 -55 -55 -54 -54 -54 -54 -54 -55 -55 -56 -56 -57 -55 -57 -56 -55 -56 -53 -55 -53 -57 -52 -52 -53 -53 -55 -55 -54 -53 -51 -54 -52 -52 -52 -54 -55 -55 -57 -56 -55 -53 -52 -46 -39 -37 -30 -27 -26 -24 -20 -9999 -9999 -9999 -9999 -9999 -9999 -9999 -9999 -9999 -9999 -9999 -9999 -9999 -9999
-9999 -9999 -9999 -9999 -47 -48 -49 -48 -48 -49 -49 -50 -51 -51 -51 -50 -50 -51 -52 -53 -53 -53 -53 -53 -9999 -52 -52 -9999 -52 -52 -52 -53 -53 -53 -56 -56 -55 -56 -56 -55 -56 -57 -56 -55 -55 -55 -56 -56 -51 -50 -49 -50 -51 -50 -49 -50 -53 -52 -51 -51 -52 -53 -53 -54 -53 -54 -54 -53 -45 -40 -38 -28 -25 -22 -21 -19 -20 -18 -16 -9999 -16 -9999 -9999 -9999 -9999 -9999 -9999 -9999 -9999 -9999
-9999 -42 -43 -43 -44 -47 -48 -47 -47 -47 -46 -48 -50 -50 -50 -49 -49 -49 -50 -51 -50 -51 -50 -50 -50 -50 -50 -50 -51 -51 -52 -52 -53 -53 -55 -55 -54 -53 -54 -55 -54 -55 -55 -54 -53 -53 -53 -54 -53 -49 -47 -9999 -48 -48 -48 -48 -50 -49 -49 -49 -50 -50 -50 -52 -51 -47 -48 -50 -44 -45 -40 -30 -29 -23 -19 -21 -20 -15 -18 -19 -15 -9999 -9999 -9999 -9999 -9999 -9999 -9999 -9999 -9999
-39 -40 -42 -43 -43 -44 -44 -44 -45 -45 -46 -45 -46 -48 -47 -47 -47 -48 -49 -48 -48 -50 -49 -49 -50 -49 -49 -50 -50 -50 -50 -50 -51 -51 -51 -53 -52 -52 -53 -51 -51 -52 -53 -53 -53 -52 -51 -52 -51 -48 -45 -45 -46 -47 -46 -46 -47 -47 -48 -47 -49 -50 -48 -47 -46 -43 -41 -38 -36 -34 -31 -28 -27 -24 -20 -23 -24 -21 -20 -19 -20 -18 -15 -15 -12 -10 -7 -9999 -9999 -9999
-37 -38 -39 -40 -41 -42 -42 -41 -42 -41 -42 -42 -42 -42 -42 -43 -44 -46 -46 -47 -48 -47 -9999 -47 -47 -47 -48 -47 -47 -47 -48 -49 -50 -51 -51 -51 -50 -50 -50 -50 -49 -49 -49 -49 -49 -49 -49 -49 -48 -48 -45 -9999 -44 -45 -45 -44 -45 -45 -45 -44 -46 -45 -45 -44 -43 -40 -38 -37 -35 -33 -30 -30 -28 -9999 -25 -26 -25 -21 -21 -20 -20 -15 -11 -9 -6 -9999 -9999 -9999 -9999 -9999
-34 -34 -36 -37 -38 -39 -39 -39 -40 -40 -38 -9999 -39 -39 -39 -40 -40 -40 -42 -43 -43 -44 -44 -9999 -44 -45 -46 -46 -46 -46 -46 -49 -49 -49 -49 -49 -48 -48 -47 -48 -47 -48 -48 -48 -48 -49 -48 -47 -47 -46 -44 -43 -44 -43 -43 -42 -9999 -42 -42 -9999 -9999 -9999 -42 -9999 -41 -42 -41 -40 -38 -36 -31 -26 -24 -22 -23 -24 -21 -18 -14 -12 -9999 -8 -9999 -9999 -9 -7 -8 -8 -9999 -9999
-9999 -32 -32 -34 -35 -35 -35 -37 -38 -36 -36 -36 -37 -38 -9999 -9999 -38 -38 -38 -38 -40 -39 -40 -42 -42 -42 -43 -45 -44 -44 -45 -45 -46 -46 -46 -46 -46 -47 -46 -46 -46 -45 -45 -46 -47 -46 -47 -46 -46 -45 -43 -42 -44 -43 -43 -41 -9999 -40 -40 -41 -9999 -9999 -41 -41 -41 -41 -41 -42 -41 -37 -31 -25 -19 -15 -16 -16 -13 -10 -9 -14 -9999 -17 -18 -15 -16 -13 -12 -10 -9999 -9999
-9999 -30 -31 -32 -33 -33 -33 -9999 -33 -9999 -9999 -34 -36 -9999 -36 -37 -37 -36 -36 -38 -39 -39 -41 -41 -41 -41 -42 -42 -42 -42 -43 -44 -44 -44 -45 -45 -45 -45 -46 -45 -45 -44 -44 -44 -44 -44 -44 -46 -47 -46 -42 -41 -44 -41 -40 -40 -40 -40 -38 -36 -36 -36 -38 -37 -38 -40 -39 -37 -34 -32 -29 -25 -21 -18 -13 -9 -9999 -9999 -9999 -23 -29 -30 -31 -19 -17 -15 -10 -9 -8 -10
-9999 -28 -29 -30 -31 -31 -31 -32 -32 -32 -9999 -32 -33 -34 -35 -36 -37 -36 -35 -37 -9999 -38 -39 -39 -40 -40 -40 -41 -41 -41 -41 -43 -9999 -42 -42 -44 -45 -45 -44 -44 -43 -43 -43 -43 -44 -43 -44 -43 -43 -43 -40 -40 -43 -43 -42 -44 -41 -9999 -37 -37 -36 -35 -32 -30 -33 -34 -33 -31 -29 -27 -25 -24 -22 -12 -7 -2 -9999 -8 -18 -24 -24 -25 -22 -17 -15 -13 -7 -9 -11 -10
-9999 -26 -27 -9999 -29 -30 -31 -31 -31 -9999 -30 -31 -31 -33 -34 -34 -36 -35 -34 -34 -35 -35 -36 -36 -37 -37 -38 -38 -39 -40 -41 -41 -40 -40 -41 -42 -44 -46 -46 -44 -43 -45 -43 -41 -41 -42 -42 -42 -43 -40 -39 -39 -42 -43 -41 -40 -41 -39 -36 -37 -37 -36 -35 -34 -31 -31 -30 -27 -26 -26 -22 -17 -14 -21 -18 -14 -14 -13 -20 -23 -19 -19 -16 -14 -14 -11 -10 -14 -17 -14
-9999 -9999 -24 -25 -26 -27 -27 -28 -29 -29 -28 -29 -28 -29 -30 -31 -32 -33 -33 -34 -35 -34 -9999 -35 -36 -37 -36 -37 -38 -39 -40 -39 -39 -38 -9999 -39 -41 -41 -41 -43 -42 -42 -41 -40 -40 -40 -39 -41 -40 -38 -38 -38 -38 -39 -39 -37 -37 -37 -35 -36 -39 -39 -41 -37 -33 -31 -31 -28 -24 -22 -20 -22 -23 -22 -19 -16 -12 -14 -15 -17 -15 -15 -16 -16 -14 -13 -14 -13 -13 -7
-9999 -9999 -22 -23 -24 -25 -26 -27 -26 -27 -26 -26 -26 -28 -29 -29 -30 -30 -31 -32 -32 -32 -32 -33 -9999 -34 -34 -32 -33 -34 -35 -36 -36 -38 -39 -40 -38 -36 -37 -40 -39 -40 -39 -39 -39 -38 -38 -38 -37 -37 -35 -36 -36 -37 -37 -37 -36 -35 -34 -9999 -35 -37 -37 -35 -33 -30 -27 -26 -25 -23 -22 -21 -20 -18 -17 -17 -18 -16 -16 -16 -17 -17 -17 -16 -15 -16 -14 -12 -8 -5
-9999 -9999 -9999 -20 -21 -22 -23 -24 -24 -24 -9999 -9999 -25 -25 -26 -26 -26 -27 -27 -27 -27 -29 -30 -29 -30 -30 -31 -32 -33 -35 -36 -38 -40 -44 -46 -42 -38 -36 -36 -37 -37 -39 -36 -36 -37 -34 -32 -35 -33 -33 -36 -38 -36 -37 -39 -40 -38 -37 -37 -34 -31 -32 -34 -33 -32 -31 -28 -25 -24 -24 -22 -20 -19 -16 -16 -16 -15 -13 -13 -13 -14 -16 -15 -12 -13 -13 -13 -12 -10 -9
-9999 -9999 -17 -18 -20 -21 -22 -24 -24 -23 -22 -23 -23 -23 -23 -24 -24 -24 -24 -24 -25 -25 -25 -25 -26 -27 -30 -36 -40 -37 -39 -40 -39 -41 -41 -37 -39 -38 -35 -31 -31 -31 -29 -30 -33 -29 -29 -31 -31 -30 -34 -37 -37 -41 -41 -39 -36 -37 -35 -32 -31 -30 -30 -30 -30 -30 -28 -23 -21 -22 -23 -22 -19 -17 -14 -9999 -13 -12 -10 -10 -11 -11 -11 -9 -11 -9 -11 -10 -9 -8
-9999 -9999 -15 -16 -17 -19 -20 -9999 -20 -20 -20 -20 -22 -22 -21 -21 -22 -22 -23 -22 -22 -22 -23 -23 -24 -33 -36 -37 -35 -31 -32 -32 -34 -34 -33 -31 -31 -31 -32 -26 -29 -30 -25 -26 -26 -33 -29 -34 -33 -31 -31 -33 -35 -38 -35 -35 -36 -37 -33 -34 -32 -29 -29 -31 -29 -28 -28 -25 -20 -20 -19 -20 -22 -19 -15 -12 -11 -11 -11 -11 -7 -7 -6 -6 -5 -6 -6 -7 -7 -6
-9999 -9999 -13 -14 -15 -17 -18 -18 -18 -9999 -18 -18 -19 -19 -19 -19 -20 -20 -20 -20 -20 -20 -22 -22 -26 -27 -28 -25 -26 -28 -27 -26 -29 -31 -32 -30 -27 -27 -28 -26 -9999 -24 -23 -9999 -37 -40 -37 -37 -34 -31 -33 -30 -34 -33 -33 -31 -32 -33 -34 -35 -31 -27 -26 -29 -28 -27 -24 -22 -20 -16 -16 -19 -18 -16 -16 -13 -8 -9 -8 -5 -4 -3 -1 0 -0 -0 3 -1 -0 1
-9 -9999 -10 -12 -13 -15 -16 -16 -16 -16 -17 -17 -18 -19 -17 -17 -17 -17 -17 -17 -17 -18 -20 -20 -19 -18 -19 -20 -23 -26 -25 -23 -24 -25 -30 -31 -27 -25 -24 -24 -22 -24 -25 -18 -24 -24 -25 -29 -26 -28 -29 -25 -29 -30 -32 -29 -29 -25 -32 -33 -30 -26 -25 -24 -25 -23 -18 -16 -13 -11 -12 -14 -13 -11 -12 -10 -8 -6 -2 -1 2 4 6 6 -9999 9 -9999 -9999 -9999 -9999
-8 -8 -9 -11 -13 -14 -15 -15 -15 -14 -14 -15 -15 -15 -14 -15 -15 -15 -15 -15 -16 -16 -9999 -9999 -16 -18 -21 -21 -24 -23 -21 -20 -22 -23 -21 -28 -27 -30 -25 -24 -25 -22 -21 -27 -28 -9999 -23 -27 -25 -23 -24 -20 -22 -23 -30 -24 -23 -21 -21 -22 -25 -25 -23 -17 -18 -18 -14 -11 -8 -7 -5 -6 -6 -6 -6 -7 -4 1 1 4 7 9 -9999 -9999 -9999 -9999 -9999 -9999 -9999 -9999
-7 -8 -10 -11 -12 -13 -14 -13 -9999 -12 -11 -11 -12 -12 -12 -12 -12 -14 -14 -14 -14 -13 -9999 -15 -17 -18 -18 -20 -20 -20 -20 -16 -17 -18 -17 -20 -25 -30 -25 -20 -23 -23 -20 -26 -25 -9999 -21 -20 -18 -17 -17 -12 -15 -18 -25 -16 -18 -22 -11 -12 -9 -13 -9 -10 -7 -6 -4 -5 -5 -4 -1 -0 1 1 0 -9999 2 4 8 10 11 -9999 -9999 -9999 -9999 -9999 -9999 -9999 -9999 11
-5 -7 -9 -11 -11 -11 -12 -11 -11 -10 -9 -10 -11 -11 -10 -11 -12 -12 -13 -13 -12 -11 -13 -15 -15 -16 -15 -16 -15 -16 -17 -15 -19 -16 -14 -14 -20 -25 -21 -17 -20 -21 -15 -17 -20 -15 -9999 -17 -12 -12 -10 -11 -4 -10 -10 -4 -4 -5 -3 -4 -0 -1 -1 1 2 4 4 3 4 4 4 5 6 6 6 6 8 11 13 -9999 -9999 -9999 -9999 -9999 -9999 -9999 -9999 25 21 12
-6 -7 -8 -9 -9 -9 -9 -8 -8 -8 -7 -8 -9 -8 -8 -9 -8 -9 -9 -11 -11 -9 -12 -12 -12 -12 -11 -12 -11 -16 -16 -11 -13 -14 -14 -16 -15 -17 -15 -12 -17 -19 -12 -16 -17 -15 -16 -13 -3 -2 2 4 9 5 5 6 5 6 6 7 7 7 9 9 -9999 10 10 9 8 9 10 11 11 12 12 11 12 15 -9999 -9999 -9999 -9999 -9999 -9999 -9999 -9999 -9999 23 15 15
-5 -5 -6 -6 -6 -6 -6 -6 -5 -4 -4 -4 -5 -4 -5 -5 -5 -5 -7 -7 -8 -9 -8 -7 -8 -8 -10 -12 -9 -10 -11 -10 -6 -5 -10 -12 -11 -9 -11 -11 -9 -11 -9 -13 -10 -9 -12 -0 5 8 -9999 -9999 -9999 -9999 -9999 -9999 -9999 -9999 -9999 -9999 -9999 -9999 -9999 -9999 -9999 -9999 -9999 -9999 -9999 -9999 -9999 -9999 -9999 -9999 -9999 -9999 -9999 -9999 -9999 -9999 -9999 -9999 -9999 -9999 -9999 -9999 23 10 15 19
-2 -3 -3 -3 -4 -4 -3 -3 -2 -1 -1 -1 -2 -2 -2 -2 -2 -2 -4 -5 -6 -7 -5 -4 -5 -5 -5 -6 -4 -4 -4 -3 -1 -2 -3 -4 -5 -5 -7 -7 -6 -6 -4 -3 -4 -5 -4 4 12 -9999 -9999 -9999 -9999 -9999 -9999 -9999 -9999 -9999 -9999 17 17 -9999 -9999 -9999 -9999 -9999 -9999 -9999 -9999 -9999 -9999 -9999 -9999 -9999 -9999 -9999 -9999 -9999 -9999 -9999 -9999 -9999 -9999 -9999 -9999 -9999 14 17 23 28
0 -0 -0 -0 -1 -1 -1 -0 -2 -1 2 2 2 2 1 0 1 -0 -1 -9999 -4 -3 -2 -2 -4 -1 1 2 4 2 1 2 3 0 0 -2 -2 -3 -2 -4 -3 -1 -1 -0 -3 -1 2 8 -9999 -9999 -9999 -9999 -9999 -9999 -9999 -9999 -9999 -9999 -9999 -9999 -9999 -9999 20 15 15 16 18 -9999 -9999 -9999 -9999 -9999 -9999 -9999 -9999 -9999 -9999 -9999 -9999 -9999 -9999 -9999 -9999 -9999 -9999 24 13 23 28 29
2 3 3 2 2 1 2 3 3 3 3 4 3 2 2 2 2 1 -0 -0 0 0 1 1 3 5 7 8 10 6 1 5 1 -2 -2 -4 -1 0 4 3 4 3 5 8 7 8 11 16 -9999 -9999 -9999 -9999 -9999 -9999 -9999 -9999 -9999 -9999 -9999 -9999 -9999 -9999 24 22 20 20 20 22 -9999 -9999 -9999 -9999 -9999 -9999 -9999 -9999 -9999 -9999 -9999 -9999 -9999 -9999 -9999 -9999 26 31 29 36 35 29
5 4 4 5 5 4 4 6 7 -9999 3 4 4 3 3 3 1 -0 0 1 2 3 3 6 9 11 13 14 13 11 9 6 6 -2 -2 -0 1 1 3 6 11 13 14 16 -9999 -9999 -9999 -9999 -9999 -9999 20 13 0 5 13 16 15 19 21 -9999 -9999 -9999 -9999 -9999 -9999 -9999 -9999 -9999 -9999 -9999 -9999 -9999 -9999 -9999 -9999 -9999 -9999 -9999 -9999 -9999 -9999 -9999 -9999 31 38 36 37 36 29 26
9 8 7 7 7 5 6 7 8 6 5 5 5 6 5 4 3 3 4 1 1 2 0 4 8 15 21 21 19 18 17 12 7 -4 -3 -3 -1 5 9 15 19 20 -9999 -9999 -9999 -9999 -9999 -9999 12 10 6 9 7 9 10 13 17 20 25 27 -9999 -9999 -9999 -9999 -9999 -9999 -9999 -9999 -9999 -9999 -9999 -9999 -9999 -9999 -9999 -9999 -9999 -9999 -9999 -9999 -9999 -9999 -9999 31 34 32 34 24 28 29
11 10 10 10 9 7 7 8 8 6 5 7 8 8 8 7 7 6 -9999 4 5 4 2 5 8 13 20 24 -9999 -9999 22 23 22 11 2 -2 3 8 14 22 -9999 -9999 -9999 -9999 21 16 17 18 15 13 13 15 17 18 19 19 19 21 25 30 -9999 -9999 -9999 -9999 -9999 -9999 -9999 -9999 -9999 -9999 -9999 -9999 -9999 -9999 -9999 -9999 -9999 -9999 -9999 -9999 36 -9999 37 42 35 34 29 31 31 30
13 14 13 12 11 8 9 9 9 9 9 9 9 10 10 9 9 7 7 7 7 6 6 8 12 16 18 20 20 20 19 21 23 25 20 19 19 -9999 -9999 -9999 -9999 24 24 18 16 12 16 20 16 14 18 18 23 31 29 24 27 33 -9999 -9999 -9999 -9999 -9999 -9999 -9999 -9999 -9999 -9999 -9999 -9999 -9999 -9999 -9999 -9999 -9999 -9999 -9999 -9999 -9999 -9999 -9999 -9999 40 33 32 31 30 31 29 30
17 16 15 14 -9999 11 10 11 11 10 10 9 10 11 11 11 9 7 7 6 7 10 10 14 19 22 21 20 18 17 12 7 9 12 12 8 18 23 -9999 -9999 26 20 22 17 16 16 16 17 22 25 -9999 -9999 -9999 -9999 -9999 37 -9999 -9999 -9999 -9999 -9999 -9999 -9999 -9999 -9999 -9999 -9999 -9999 -9999 -9999 -9999 -9999 -9999 -9999 -9999 -9999 -9999 -9999 -9999 -9999 32 33 32 29 28 28 30 31 32 33
20 19 18 17 16 14 13 12 11 12 14 15 14 14 15 13 10 10 9 8 9 13 15 20 24 27 25 21 20 16 8 2 -2 2 5 17 18 -9999 31 25 22 25 22 18 16 17 20 22 23 26 24 25 33 38 -9999 -9999 43 44 -9999 -9999 -9999 -9999 -9999 -9999 -9999 -9999 -9999 -9999 -9999 -9999 -9999 -9999 -9999 -9999 -9999 -9999 -9999 -9999 -9999 -9999 31 30 31 36 35 35 33 35 34 34
23 21 19 18 18 16 16 15 16 17 18 15 16 17 17 18 17 13 11 12 13 14 17 23 26 29 25 25 21 15 7 3 1 4 23 25 -9999 -9999 26 21 23 25 26 25 22 22 25 22 24 23 25 23 30 39 43 42 44 -9999 -9999 -9999 -9999 -9999 -9999 -9999 -9999 -9999 -9999 -9999 -9999 -9999 -9999 -9999 -9999 -9999 -9999 -9999 -9999 -9999 -9999 -9999 -9999 -9999 -9999 -9999 -9999 -9999 -9999 -9999 -9999 37
26 22 19 19 19 18 18 19 19 20 20 20 20 20 21 21 20 19 16 16 15 18 20 22 27 30 29 28 23 16 12 12 7 11 -9999 -9999 34 28 20 24 25 26 28 31 31 29 26 26 26 21 19 24 32 40 41 44 -9999 -9999 -9999 -9999 -9999 -9999 -9999 -9999 -9999 -9999 -9999 -9999 -9999 -9999 -9999 -9999 -9999 -9999 -9999 -9999 -9999 -9999 -9999 -9999 -9999 -9999 -9999 -9999 -9999 -9999 -9999 -9999 -9999 -9999
29 26 24 23 23 22 20 21 21 21 22 22 24 26 28 26 24 22 18 16 17 20 20 23 28 32 33 32 28 25 26 26 24 32 -9999 36 28 28 25 27 27 25 30 33 33 34 32 33 26 23 25 28 36 43 44 47 49 49 -9999 -9999 -9999 -9999 -9999 -9999 -9999 -9999 -9999 -9999 -9999 -9999 -9999 -9999 -9999 -9999 -9999 -9999 -9999 -9999 -9999 -9999 -9999 -9999 -9999 -9999 -9999 -9999 -9999 -9999 -9999 -9999
