resultados/variables_norteamerica/bio14.asc
ncols 469
nrows 225
xllcorner -169.133333
yllcorner 20.675000
cellsize 0.249840
NODATA_value -9999
[rows 40 to 79 of 225, columns 90 to 179 of 469]
7 6 6 6 6 6 6 6 6 6 6 6 6 6 6 6 6 6 6 6 7 7 7 8 8 9 9 9 10 10 10 11 11 10 10 11 11 12 12 13 14 15 14 15 15 16 16 17 17 17 18 17 16 15 15 14 14 13 13 12 12 12 11 11 11 10 10 10 11 10 11 10 10 10 10 10 10 10 10 10 10 -9999 10 10 -9999 -9999 10 10 9 9
7 7 6 6 6 6 6 6 6 6 6 6 6 6 6 6 6 6 6 7 7 7 8 8 8 9 9 9 10 10 10 10 10 10 11 11 12 12 13 14 15 15 15 15 16 16 16 17 17 18 18 17 17 16 15 15 14 14 13 13 12 12 12 11 11 11 11 11 11 10 11 11 11 10 10 10 10 10 10 11 10 11 11 11 11 10 10 10 10 10
7 7 7 7 6 6 6 6 6 6 6 6 6 6 6 6 6 6 6 7 7 7 8 8 8 9 9 10 10 10 10 10 10 10 11 12 12 13 13 14 14 15 15 15 16 16 16 17 17 18 18 17 17 16 16 15 14 14 14 13 13 13 12 12 12 12 11 11 11 11 11 11 11 11 11 11 11 11 11 11 11 11 11 11 11 11 10 10 10 10
7 7 7 7 7 7 6 6 6 6 6 6 6 6 6 6 6 6 7 7 7 7 8 8 8 9 9 10 10 10 10 10 10 10 10 11 12 13 13 14 15 15 15 16 16 16 17 17 17 18 17 17 17 17 16 16 15 15 14 14 14 13 13 13 12 12 12 12 12 12 11 12 12 12 12 12 11 12 12 12 12 12 12 12 11 11 -9999 -9999 10 10
7 7 7 7 7 7 6 6 6 6 6 6 6 6 6 6 6 6 7 7 7 7 8 8 8 9 9 10 10 10 10 10 10 10 10 11 12 12 13 14 14 15 15 16 16 16 17 17 17 17 17 17 17 16 16 16 16 16 15 15 15 14 14 14 14 13 13 13 12 12 -9999 12 12 12 12 12 12 12 12 12 13 13 12 12 12 11 11 11 11 11
6 6 6 6 6 6 6 7 7 7 6 6 6 6 5 5 6 6 6 7 7 8 8 8 8 9 9 10 10 11 12 11 10 9 11 13 13 14 14 14 14 15 15 15 15 16 16 16 16 16 16 16 16 16 16 16 16 16 16 16 16 15 15 15 15 15 14 14 13 13 13 13 13 13 13 12 13 13 13 13 13 13 13 12 12 12 12 11 11 11
7 7 7 7 7 7 6 6 6 6 6 6 6 6 6 6 6 6 6 7 7 8 7 8 8 9 9 10 10 11 11 11 12 11 13 14 14 14 14 14 14 14 14 14 14 15 15 15 15 15 15 15 16 16 16 16 16 16 16 16 17 16 16 16 16 16 16 16 16 15 15 15 14 14 14 13 13 13 13 13 14 14 -9999 13 12 12 12 11 11 11
7 7 7 7 7 7 6 6 6 6 5 5 5 5 5 5 5 6 6 6 7 8 8 8 8 9 9 10 11 11 12 13 14 15 15 15 15 15 15 14 14 14 13 13 13 14 14 14 14 15 15 15 15 15 16 16 16 16 16 16 17 17 17 17 18 18 18 18 18 18 18 17 18 18 17 16 15 14 14 13 13 13 13 13 12 12 12 12 11 11
8 8 7 7 7 7 7 6 6 6 5 5 5 5 5 5 5 5 5 6 7 7 8 8 8 8 9 10 11 12 13 15 16 17 16 16 16 15 14 14 13 13 13 13 13 13 13 13 14 14 14 15 15 15 15 15 16 16 16 17 17 17 18 18 18 18 18 19 19 19 19 19 19 19 19 19 18 18 16 15 15 14 14 -9999 12 12 12 12 12 12
8 8 7 7 7 8 7 7 6 6 5 5 5 5 5 5 5 5 5 5 6 6 7 8 8 8 9 9 10 12 13 15 16 16 16 16 16 15 14 13 13 12 12 12 12 12 12 13 13 13 14 14 15 15 15 15 15 16 16 17 17 17 18 19 19 19 19 19 20 20 20 20 20 21 20 20 19 19 19 18 17 16 15 15 14 13 12 12 13 13
8 7 7 8 9 9 8 7 7 6 5 5 5 5 5 4 4 4 5 5 6 6 7 7 8 8 8 9 9 11 12 15 17 17 17 16 16 14 13 12 12 11 11 11 11 11 12 12 13 13 13 14 14 14 15 15 15 15 16 16 17 18 18 19 19 20 20 20 21 21 21 21 21 21 21 21 20 20 20 19 17 17 16 15 15 14 13 13 13 13
7 7 6 7 10 10 9 8 8 7 6 5 5 5 5 4 4 4 4 5 5 6 6 7 7 8 8 9 9 10 11 13 15 16 17 16 15 14 12 12 11 10 10 10 10 10 11 12 12 13 13 14 14 14 14 15 15 15 16 16 17 17 18 19 20 20 21 21 21 22 22 22 22 21 21 22 22 21 20 19 19 18 17 16 15 15 14 13 13 13
5 5 5 6 7 8 9 8 8 8 7 7 6 5 5 5 4 4 4 5 5 5 6 7 7 8 8 8 9 10 11 12 13 14 14 14 13 12 11 10 10 9 9 9 9 10 10 11 12 12 13 13 14 14 14 14 14 15 15 16 16 17 18 19 20 21 21 22 22 23 23 23 23 23 23 22 23 22 22 21 20 18 18 17 16 16 15 14 14 13
6 5 5 5 5 5 6 6 6 7 8 8 7 6 5 5 4 4 4 4 5 5 6 7 7 8 8 9 9 10 10 11 12 13 13 12 12 11 10 9 9 8 8 8 8 9 10 11 11 12 13 13 13 14 14 14 14 14 15 15 16 17 18 19 20 21 22 23 23 24 24 24 24 24 24 24 24 23 22 21 20 20 19 18 17 16 16 15 14 14
5 5 4 4 5 5 5 6 6 7 7 7 7 7 6 5 4 4 4 4 5 6 6 7 8 8 8 9 -9999 9 10 10 11 11 11 11 10 10 9 8 8 8 7 8 8 9 10 10 11 12 13 13 13 13 13 13 13 14 14 15 16 17 18 19 20 21 23 23 24 24 25 25 25 25 25 25 25 24 24 23 21 20 20 19 18 18 17 16 15 15
5 5 4 4 4 5 5 6 7 8 8 9 8 8 8 6 5 5 4 5 5 6 7 8 8 9 9 9 9 9 9 9 10 10 10 9 9 9 8 8 7 7 7 7 8 8 9 10 11 12 13 13 13 13 13 13 13 13 14 15 16 17 18 19 20 21 23 24 25 26 26 26 27 27 26 26 26 25 24 24 22 22 22 20 19 18 17 17 16 15
5 5 4 4 -9999 5 6 7 8 9 10 12 11 10 10 9 8 7 6 6 7 7 8 9 9 10 10 9 9 9 9 8 9 9 9 9 8 8 8 7 7 7 7 7 8 9 10 10 11 12 12 13 13 13 13 12 12 12 13 14 15 16 17 19 20 22 23 25 26 26 27 28 28 28 27 28 27 26 26 24 23 23 22 21 20 19 18 17 16 16
6 6 5 5 5 5 6 8 10 11 13 14 14 13 13 12 11 10 9 9 9 10 10 11 11 11 12 10 10 9 8 8 8 8 8 8 7 7 7 7 6 6 7 7 8 8 9 10 11 12 12 12 13 13 12 12 12 12 13 14 15 16 17 19 20 22 23 25 27 28 28 28 29 29 28 28 28 28 27 25 25 25 23 22 21 20 20 19 17 16
8 7 -9999 6 5 5 6 8 10 13 14 16 16 16 17 16 16 16 15 14 14 13 13 14 15 15 14 12 11 9 8 8 7 7 7 7 7 7 7 6 6 6 6 6 7 8 8 10 11 11 12 12 12 12 12 11 11 11 13 13 14 16 17 19 20 22 23 25 27 29 30 30 30 30 30 28 28 28 27 26 26 25 24 23 21 21 20 19 18 17
11 11 10 8 7 7 7 11 13 16 18 18 19 20 21 21 21 20 19 20 20 19 18 18 18 17 15 13 11 9 8 8 7 7 7 7 7 7 6 6 6 6 6 6 7 7 8 9 10 11 11 11 11 11 11 10 10 10 11 12 14 16 17 19 20 22 24 25 27 29 30 31 31 31 31 30 29 27 28 27 26 25 24 24 22 22 20 20 19 17
-9999 14 14 12 10 9 11 14 18 20 22 23 23 24 25 25 26 26 26 25 25 25 24 24 22 21 18 16 13 10 9 8 8 7 7 7 7 7 7 6 6 6 6 6 6 7 8 9 10 10 10 10 10 10 10 10 10 10 11 12 14 16 17 19 21 23 24 25 27 29 30 31 32 32 31 30 30 29 28 26 26 25 24 22 22 21 21 20 19 17
21 20 22 18 17 16 17 21 27 32 33 33 33 34 35 34 34 33 32 31 31 31 30 30 28 25 22 20 16 12 10 10 9 9 9 8 8 7 7 7 6 6 6 5 6 7 7 8 8 8 9 9 9 9 10 10 11 12 13 14 15 17 18 20 21 23 24 -9999 26 28 29 31 32 31 31 31 30 29 28 27 26 25 24 23 22 21 21 21 20 18
29 30 27 26 26 27 28 32 33 35 42 45 45 47 48 46 43 42 39 37 38 35 34 34 32 30 28 25 21 17 13 -9999 11 11 11 10 8 8 7 8 7 7 6 6 6 7 7 7 7 7 8 8 8 9 9 10 10 12 13 14 16 18 19 21 22 23 24 25 26 26 28 29 30 30 30 30 29 28 28 26 26 25 24 24 23 21 21 20 19 19
56 56 50 43 39 42 47 52 49 52 50 51 52 52 53 56 55 54 53 53 50 47 45 41 36 35 34 31 28 25 22 19 15 13 11 10 11 9 9 9 9 8 8 8 7 7 7 7 7 7 7 7 8 8 -9999 9 11 11 13 15 16 18 20 21 22 23 24 25 25 25 26 27 27 28 28 28 27 27 27 26 25 24 24 24 23 22 21 20 21 18
71 -9999 73 62 61 54 52 66 75 64 60 61 60 63 64 67 63 63 62 59 58 56 54 53 49 44 41 38 35 32 29 25 22 19 15 13 11 11 11 12 12 11 11 10 9 9 8 7 6 6 6 7 7 8 9 10 11 12 14 16 17 19 21 22 23 23 23 24 24 23 24 25 24 26 26 25 26 25 25 24 24 23 23 23 23 23 22 21 21 19
-9999 -9999 -9999 103 104 93 79 97 88 84 81 75 74 73 74 76 76 74 74 73 69 63 58 56 51 53 53 48 46 40 36 33 29 26 22 18 18 16 16 16 15 14 14 12 11 9 8 7 6 6 6 6 7 8 9 10 11 13 15 16 18 20 21 23 23 24 23 23 22 22 22 22 22 22 23 24 23 24 23 23 23 22 22 22 22 22 22 21 21 19
77 86 -9999 -9999 -9999 124 -9999 109 106 104 104 103 102 101 98 96 93 88 86 88 91 85 78 77 78 77 67 59 58 55 45 42 39 35 32 27 24 23 22 21 20 20 17 16 14 12 10 8 7 6 6 6 7 8 9 11 12 14 15 17 19 21 22 23 24 24 23 22 21 19 18 19 20 20 22 22 22 22 22 22 21 21 21 21 21 21 21 21 21 19
-9999 -9999 -9999 -9999 -9999 -9999 -9999 -9999 -9999 -9999 -9999 108 108 -9999 -9999 -9999 -9999 109 107 107 115 120 121 121 120 113 102 93 95 83 64 56 52 48 44 39 34 33 31 28 25 24 22 20 17 15 12 10 8 -9999 7 -9999 8 9 10 12 -9999 15 16 18 20 22 23 24 24 24 24 23 21 19 17 16 18 19 20 20 20 20 20 20 20 20 20 20 20 20 20 21 20 18
-9999 -9999 -9999 -9999 -9999 -9999 -9999 -9999 -9999 -9999 -9999 -9999 -9999 -9999 -9999 -9999 -9999 -9999 -9999 -9999 -9999 127 129 130 132 134 133 -9999 115 110 94 80 69 65 61 49 42 43 38 35 32 30 27 25 22 19 17 14 12 10 9 8 9 11 12 13 14 16 17 18 20 22 23 23 24 24 24 24 22 20 18 17 18 18 18 19 19 19 19 19 19 19 19 19 19 19 19 20 19 18
-9999 -9999 -9999 -9999 -9999 -9999 -9999 -9999 -9999 -9999 -9999 -9999 -9999 -9999 -9999 -9999 -9999 -9999 -9999 -9999 -9999 -9999 -9999 -9999 -9999 -9999 -9999 -9999 140 125 108 98 87 77 71 62 56 50 46 41 38 36 34 31 29 28 21 18 16 14 12 -9999 12 13 14 15 16 17 18 18 20 21 22 22 23 24 24 24 23 20 18 18 18 18 18 18 17 17 17 17 17 17 17 17 17 18 18 19 19 19
-9999 -9999 -9999 -9999 -9999 -9999 -9999 -9999 -9999 -9999 -9999 -9999 -9999 -9999 -9999 -9999 -9999 -9999 -9999 -9999 -9999 -9999 -9999 -9999 -9999 -9999 -9999 -9999 -9999 129 120 106 95 88 78 69 64 -9999 52 -9999 45 42 40 38 36 34 31 25 21 20 19 17 17 17 18 18 18 18 18 18 19 20 20 21 22 23 24 24 23 21 18 19 18 17 17 17 16 17 17 17 16 16 16 16 16 16 17 18 18 19
-9999 -9999 -9999 -9999 -9999 -9999 -9999 -9999 -9999 -9999 -9999 -9999 -9999 -9999 -9999 -9999 -9999 -9999 -9999 -9999 -9999 -9999 -9999 -9999 -9999 -9999 -9999 -9999 -9999 -9999 -9999 -9999 -9999 94 86 77 68 66 -9999 57 53 50 47 45 44 -9999 40 34 30 -9999 -9999 25 25 26 24 22 21 20 19 18 18 19 19 19 20 21 22 22 21 19 19 18 18 17 17 16 16 16 16 16 16 16 16 15 16 16 16 17 18 18
-9999 -9999 -9999 -9999 -9999 -9999 -9999 -9999 -9999 -9999 -9999 -9999 -9999 -9999 -9999 -9999 -9999 -9999 -9999 -9999 -9999 -9999 -9999 -9999 -9999 -9999 -9999 -9999 -9999 -9999 -9999 -9999 -9999 -9999 -9999 86 77 74 -9999 -9999 -9999 58 -9999 55 53 -9999 52 48 43 -9999 -9999 -9999 -9999 35 32 28 25 23 20 18 17 17 17 17 18 18 18 19 19 19 18 18 17 17 16 16 16 15 15 15 15 15 15 14 15 15 16 17 17 18
-9999 -9999 -9999 -9999 -9999 -9999 -9999 -9999 -9999 -9999 -9999 -9999 -9999 -9999 -9999 -9999 -9999 -9999 -9999 -9999 -9999 -9999 -9999 -9999 -9999 -9999 -9999 -9999 -9999 -9999 -9999 -9999 -9999 -9999 -9999 -9999 -9999 83 77 76 74 73 -9999 62 59 58 -9999 58 50 49 58 63 58 39 37 33 29 25 23 19 20 19 16 14 17 16 15 17 17 17 17 16 16 16 16 16 15 15 14 14 14 15 15 14 16 16 16 18 18 18
-9999 -9999 -9999 -9999 -9999 -9999 -9999 -9999 -9999 -9999 -9999 -9999 -9999 -9999 -9999 -9999 -9999 -9999 -9999 -9999 -9999 -9999 -9999 -9999 -9999 -9999 -9999 -9999 -9999 -9999 -9999 -9999 -9999 -9999 -9999 -9999 -9999 -9999 -9999 88 84 79 -9999 -9999 -9999 62 -9999 71 80 78 -9999 69 62 -9999 46 38 33 30 25 21 21 19 16 13 14 14 15 16 17 16 16 16 16 16 15 15 15 14 14 14 13 14 14 14 15 16 17 18 18 18
-9999 -9999 -9999 -9999 -9999 -9999 -9999 -9999 -9999 -9999 -9999 -9999 -9999 -9999 -9999 -9999 -9999 -9999 -9999 -9999 -9999 -9999 -9999 -9999 -9999 -9999 -9999 -9999 -9999 -9999 -9999 -9999 -9999 -9999 -9999 -9999 -9999 -9999 -9999 -9999 -9999 87 83 78 -9999 72 -9999 78 81 100 -9999 87 75 62 51 47 -9999 34 31 26 20 17 13 12 14 13 13 15 16 15 15 15 15 14 15 15 15 15 14 14 13 13 14 14 14 15 17 17 18 18
-9999 -9999 -9999 -9999 -9999 -9999 -9999 -9999 -9999 -9999 -9999 -9999 -9999 -9999 -9999 -9999 -9999 -9999 -9999 -9999 -9999 -9999 -9999 -9999 -9999 -9999 -9999 -9999 -9999 -9999 -9999 -9999 -9999 -9999 -9999 -9999 -9999 -9999 -9999 -9999 -9999 91 88 84 -9999 78 -9999 80 84 -9999 97 94 -9999 -9999 63 -9999 -9999 41 35 28 22 19 17 18 17 16 15 15 15 15 15 16 15 15 14 15 14 14 14 14 13 13 13 13 14 14 16 -9999 18 19
-9999 -9999 -9999 -9999 -9999 -9999 -9999 -9999 -9999 -9999 -9999 -9999 -9999 -9999 -9999 -9999 -9999 -9999 -9999 -9999 -9999 -9999 -9999 -9999 -9999 -9999 -9999 -9999 -9999 -9999 -9999 -9999 -9999 -9999 -9999 -9999 -9999 -9999 -9999 -9999 -9999 -9999 -9999 89 -9999 83 81 -9999 80 91 96 -9999 -9999 87 74 63 -9999 47 42 35 31 28 24 23 21 16 17 19 16 17 17 17 16 16 15 15 14 14 14 14 13 13 13 12 13 14 15 16 18 19
-9999 -9999 -9999 -9999 -9999 -9999 -9999 -9999 -9999 -9999 -9999 -9999 -9999 -9999 -9999 -9999 -9999 -9999 -9999 -9999 -9999 -9999 -9999 -9999 -9999 -9999 -9999 -9999 -9999 -9999 -9999 -9999 -9999 -9999 -9999 -9999 -9999 -9999 -9999 -9999 -9999 -9999 -9999 94 -9999 91 90 -9999 -9999 98 100 -9999 -9999 94 86 74 66 57 -9999 46 41 37 32 29 26 21 21 21 19 19 18 17 16 16 16 15 15 14 14 14 14 14 14 13 12 13 15 16 17 19
-9999 -9999 -9999 -9999 -9999 -9999 -9999 -9999 -9999 -9999 -9999 -9999 -9999 -9999 -9999 -9999 -9999 -9999 -9999 -9999 -9999 -9999 -9999 -9999 -9999 -9999 -9999 -9999 -9999 -9999 -9999 -9999 -9999 -9999 -9999 -9999 -9999 -9999 -9999 -9999 -9999 -9999 -9999 100 -9999 99 104 -9999 105 -9999 -9999 113 -9999 -9999 -9999 87 78 68 -9999 60 51 43 40 36 32 29 -9999 24 22 21 19 19 17 16 16 16 -9999 15 15 14 15 15 15 14 15 14 14 16 18 19
