resultados/variables_norteamerica/bio18.asc
ncols 469
nrows 225
xllcorner -169.133333
yllcorner 20.675000
cellsize 0.249840
NODATA_value -9999
[rows 38 to 75 of 225, columns 85 to 169 of 469]
119 115 110 100 94 89 84 78 73 70 67 67 68 69 69 72 74 77 79 81 83 86 89 92 93 95 98 101 103 105 106 109 112 114 116 119 121 122 123 123 122 121 119 118 117 117 118 114 108 102 99 95 92 93 95 96 97 98 99 98 98 98 97 97 97 98 98 97 97 96 98 100 100 101 102 102 102 102 103 104 104 105 105 105 104
119 113 106 101 94 88 82 77 72 68 66 66 67 68 71 73 75 78 81 84 86 88 91 94 97 100 103 105 108 110 112 115 119 121 123 125 126 126 125 126 125 124 122 120 119 119 120 115 111 105 102 98 96 97 98 99 100 100 100 101 101 100 101 101 102 103 103 103 103 101 -9999 101 104 106 107 107 108 107 107 108 109 110 110 110 110
119 113 108 102 96 90 85 79 74 69 66 66 68 70 73 75 78 80 83 87 89 93 95 98 102 104 107 111 112 114 117 120 123 124 126 128 130 130 130 129 128 127 127 123 123 121 121 120 114 109 105 102 101 100 101 101 102 102 102 103 103 104 104 103 103 104 104 104 105 105 104 105 107 109 109 111 111 111 112 112 113 113 113 113 114
121 117 112 105 100 94 88 83 77 72 69 69 71 73 76 79 81 84 86 89 92 95 98 100 103 107 110 113 116 119 123 124 125 128 130 132 134 134 135 136 135 134 132 128 126 124 123 123 119 114 110 108 106 106 104 105 105 104 104 104 105 105 106 106 106 106 106 107 107 108 109 110 111 111 112 114 115 116 116 117 117 117 118 118 118
123 118 114 109 104 99 94 88 83 78 75 75 76 78 80 83 85 87 90 93 96 98 102 104 107 111 113 117 121 124 128 129 131 133 135 136 138 141 140 141 141 139 138 133 130 126 125 125 124 120 116 114 113 110 109 109 108 108 108 108 108 108 109 109 109 109 110 110 110 111 112 113 114 115 117 118 118 120 120 121 123 122 121 122 121
128 124 120 116 111 106 101 96 91 86 83 82 83 84 86 88 90 92 94 96 100 103 105 108 111 115 118 122 124 128 131 133 134 138 139 141 144 145 146 144 144 142 139 136 132 130 126 126 125 123 119 116 114 112 112 111 111 111 112 113 113 113 112 112 113 114 114 115 115 115 116 117 118 119 120 121 123 125 126 128 128 127 129 131 130
138 135 131 127 121 115 111 107 102 97 94 93 92 92 92 93 95 97 99 101 104 107 110 112 117 120 123 126 129 132 135 136 137 142 144 146 149 151 151 150 148 144 141 138 134 131 128 126 124 122 118 116 116 116 116 116 116 116 115 117 118 119 121 119 119 120 121 120 121 122 121 122 123 124 125 -9999 127 129 131 132 133 134 136 133 134
142 139 139 136 132 129 124 118 115 111 107 104 101 100 99 100 101 103 105 107 110 112 115 117 121 125 128 130 133 137 139 141 141 145 148 152 154 156 157 156 154 150 147 143 138 136 133 129 126 124 121 119 119 122 122 122 123 120 123 125 126 126 126 126 127 127 126 127 130 129 130 130 129 129 130 132 132 133 134 135 136 138 140 141 141
146 144 141 139 137 135 131 128 124 120 118 114 112 110 108 108 108 108 109 110 112 114 118 121 125 129 132 135 137 139 141 142 143 145 148 151 155 158 160 159 156 152 148 144 142 140 137 135 132 127 126 124 125 124 127 131 133 131 129 133 137 134 137 138 139 139 131 135 139 138 140 142 143 142 141 143 144 142 143 143 142 141 141 142 143
146 144 145 145 144 143 139 137 134 131 128 125 123 120 119 117 116 116 115 117 118 119 121 125 129 133 137 139 139 140 142 144 145 147 149 152 156 159 160 160 158 155 150 148 146 142 141 139 137 137 132 131 133 132 129 131 134 139 138 135 139 141 144 141 138 142 137 144 151 151 151 153 155 155 158 157 154 162 161 158 157 151 148 148 147
139 139 146 152 151 149 148 146 144 141 138 134 130 126 125 124 124 121 121 122 125 126 127 130 133 136 140 142 142 142 144 146 147 150 152 154 156 158 160 159 157 153 149 145 144 144 142 141 140 139 140 139 135 136 139 141 135 138 140 144 142 142 146 145 147 146 145 152 156 157 156 157 158 160 162 162 166 169 171 171 172 168 163 159 154
145 147 153 158 158 157 156 156 154 152 148 142 138 134 131 129 128 126 126 126 125 126 128 131 135 138 141 143 143 143 143 144 145 146 150 152 156 158 158 158 157 154 150 148 148 146 145 142 140 140 140 140 139 137 141 141 142 139 138 142 144 144 146 149 151 152 150 154 162 162 165 165 164 168 165 170 172 177 179 177 175 174 173 171 165
156 157 159 161 162 162 163 164 165 164 158 150 144 140 136 134 134 132 129 129 128 130 132 133 136 139 142 144 144 144 144 143 140 140 142 144 152 153 155 155 154 152 150 147 145 144 142 142 141 138 137 137 136 137 138 137 138 141 140 141 141 143 145 147 150 152 157 160 161 164 165 167 169 172 173 175 177 180 183 182 180 180 178 180 175
171 168 166 165 165 165 166 169 173 174 166 157 150 144 141 138 137 134 133 133 131 131 132 133 137 141 144 146 147 147 146 145 142 138 138 136 139 143 146 146 146 145 145 143 143 141 138 136 136 135 135 136 137 138 135 137 138 138 140 138 140 143 144 147 151 155 156 158 161 165 169 170 169 172 179 179 179 179 178 182 189 189 184 181 177
179 177 173 168 166 165 165 168 169 166 162 158 153 148 145 142 140 138 135 133 132 132 134 135 140 144 147 149 151 151 147 145 141 140 138 138 140 140 141 140 141 141 141 142 141 136 136 135 133 133 136 138 136 137 138 135 135 135 134 139 141 142 144 147 150 152 153 159 162 164 169 173 176 177 183 187 188 192 193 188 190 196 195 195 190
182 180 177 173 174 172 166 163 161 160 159 156 153 152 149 146 144 142 140 138 135 135 137 138 142 146 150 152 154 153 150 147 143 142 141 139 138 138 139 139 136 136 135 135 134 134 133 131 132 133 133 135 134 136 138 135 136 139 140 140 140 141 143 146 146 151 156 163 162 164 171 174 179 182 189 192 194 194 197 195 198 200 200 194 189
178 174 171 169 167 166 163 159 157 158 160 158 158 157 155 155 154 152 147 142 139 139 141 143 146 152 156 158 159 158 155 151 146 -9999 140 139 137 136 134 135 134 133 134 132 132 131 133 134 134 134 135 135 138 137 137 138 140 142 145 143 142 140 142 145 145 148 152 154 160 167 174 179 181 183 186 193 197 199 202 203 205 211 207 206 200
180 174 171 167 163 159 157 154 152 151 150 151 153 156 159 160 161 161 157 155 150 147 146 146 152 160 165 168 168 165 160 156 151 146 143 140 137 136 134 133 131 131 132 131 131 130 131 133 136 137 134 136 134 135 136 140 143 142 142 141 139 144 143 143 147 151 155 157 161 166 169 179 184 189 192 197 201 205 207 209 212 211 208 206 205
180 175 170 165 161 157 154 150 146 -9999 144 145 149 155 161 167 168 169 169 170 167 163 160 159 163 171 178 182 180 174 168 161 158 154 147 142 139 136 133 131 128 127 127 127 127 127 129 131 130 130 130 130 133 137 138 140 142 142 144 143 144 141 140 140 144 147 151 154 157 162 171 177 183 187 190 200 204 209 211 212 218 218 216 213 208
183 176 170 165 160 156 151 146 141 137 137 141 148 157 166 174 178 180 184 186 188 182 181 181 184 189 196 200 196 185 176 167 162 155 149 144 139 140 136 133 130 127 125 124 125 128 129 129 129 129 130 133 137 138 137 141 146 148 146 145 140 138 142 142 146 146 146 152 159 164 171 176 182 189 196 197 203 211 217 213 216 217 221 219 211
186 180 175 168 161 157 153 -9999 140 133 133 139 151 166 189 195 190 198 199 200 203 207 210 207 207 210 213 217 211 196 184 177 169 161 153 147 142 137 135 134 130 128 125 124 124 125 127 129 129 130 132 132 134 136 139 138 139 144 147 146 140 140 138 146 143 141 146 154 160 166 170 175 182 191 198 205 207 214 216 220 212 213 221 221 217
192 186 180 173 167 163 161 154 145 136 133 143 171 182 199 224 217 219 219 222 225 229 226 227 229 230 229 228 223 213 201 191 180 170 160 150 145 138 132 129 127 125 124 124 124 124 125 127 127 128 127 127 129 131 134 137 140 143 140 138 131 129 130 132 134 142 147 152 156 161 170 175 183 191 198 208 212 217 222 225 224 216 208 219 216
193 191 189 185 183 -9999 175 170 161 149 143 148 166 185 203 217 227 236 240 243 246 247 249 248 249 250 249 245 240 230 219 206 194 180 169 158 150 143 136 129 126 121 120 121 122 123 123 125 126 126 125 124 124 124 129 134 137 142 143 140 139 135 131 130 134 141 145 148 159 162 172 178 178 185 197 208 211 215 220 223 221 224 216 216 205
212 209 210 205 200 196 195 193 186 180 171 180 199 212 226 238 246 251 258 264 266 271 270 268 268 266 265 262 257 249 237 224 210 195 178 168 160 149 147 139 130 121 118 119 122 120 122 123 124 123 122 120 119 120 124 129 129 134 138 137 140 138 141 142 142 143 150 155 160 166 170 175 -9999 180 193 202 208 214 211 216 222 217 215 215 210
218 211 218 217 215 214 216 214 213 212 211 218 230 238 249 264 275 282 292 302 303 297 294 289 289 285 280 276 271 265 255 245 230 215 197 178 -9999 158 155 146 138 122 123 114 120 119 119 119 121 120 118 117 115 116 120 128 129 128 129 130 135 132 138 139 144 151 154 160 165 171 174 175 179 179 181 193 203 208 205 211 215 216 209 210 200
220 -9999 230 243 -9999 261 266 258 250 244 255 265 280 280 289 291 298 303 307 317 331 330 331 330 327 319 309 301 290 282 274 265 252 237 221 209 192 165 152 139 131 131 121 114 118 113 117 117 117 118 113 111 114 112 113 119 125 129 129 -9999 127 132 131 135 141 145 149 154 162 167 173 176 178 182 176 187 197 197 197 206 205 202 202 206 202
-9999 -9999 -9999 -9999 -9999 295 -9999 306 293 297 287 286 318 338 321 318 323 326 335 343 359 350 349 345 336 334 330 323 317 305 293 282 271 258 244 230 208 189 172 149 133 117 114 114 116 113 111 114 111 111 109 105 112 106 111 111 116 122 125 123 126 128 129 133 140 145 151 155 158 162 163 168 173 175 172 179 188 181 196 193 190 197 199 197 200
-9999 -9999 -9999 -9999 -9999 -9999 -9999 -9999 380 397 374 347 390 376 369 366 356 358 361 366 379 382 375 372 367 356 344 332 326 322 315 307 293 280 264 252 235 213 192 163 143 145 126 123 118 124 119 115 120 117 114 105 102 101 102 106 112 117 123 125 123 126 131 136 139 147 154 161 165 167 167 163 163 166 170 175 177 180 179 186 189 187 192 192 197
-9999 -9999 -9999 -9999 298 310 337 -9999 -9999 -9999 450 -9999 434 434 434 436 431 430 433 434 433 429 408 399 403 407 390 373 368 366 361 337 316 306 293 271 250 228 207 185 168 150 140 131 130 131 120 123 120 124 114 107 102 101 96 102 108 113 119 120 123 123 128 137 140 149 154 158 163 164 165 161 161 160 161 164 171 173 171 180 184 179 185 183 187
-9999 -9999 -9999 -9999 -9999 -9999 -9999 -9999 -9999 -9999 -9999 -9999 -9999 -9999 -9999 -9999 465 463 -9999 -9999 -9999 -9999 468 452 448 466 474 471 467 459 442 413 385 386 348 300 275 254 231 208 189 173 156 145 143 145 134 132 131 130 124 112 107 103 -9999 104 -9999 110 117 118 118 -9999 127 132 140 148 153 155 161 165 164 167 164 164 161 158 158 162 163 168 172 172 178 179 183
257 261 -9999 -9999 -9999 -9999 -9999 -9999 -9999 -9999 -9999 -9999 -9999 -9999 -9999 -9999 -9999 -9999 -9999 -9999 -9999 -9999 -9999 -9999 -9999 -9999 508 510 513 517 525 519 -9999 440 424 366 323 285 262 242 216 197 175 167 158 149 146 142 140 139 125 118 116 117 105 104 102 116 122 127 124 128 128 132 137 145 151 156 160 166 168 167 166 168 163 159 159 159 159 162 168 169 173 175 180
-9999 -9999 -9999 -9999 -9999 -9999 -9999 -9999 -9999 -9999 -9999 -9999 -9999 -9999 -9999 -9999 -9999 -9999 -9999 -9999 -9999 -9999 -9999 -9999 -9999 -9999 -9999 -9999 -9999 -9999 -9999 -9999 -9999 550 488 418 382 335 295 275 247 224 203 188 177 161 152 144 146 142 135 138 133 130 120 120 -9999 124 130 135 135 139 132 132 137 147 150 154 156 163 171 175 172 173 161 160 165 166 166 163 167 168 170 172 175
-9999 -9999 -9999 -9999 -9999 -9999 -9999 -9999 -9999 -9999 -9999 -9999 -9999 -9999 -9999 -9999 -9999 -9999 -9999 -9999 -9999 -9999 -9999 -9999 -9999 -9999 -9999 -9999 -9999 -9999 -9999 -9999 -9999 -9999 510 472 414 371 345 303 270 251 -9999 211 -9999 184 172 164 160 151 155 158 155 149 147 142 137 139 141 144 145 143 139 134 138 145 148 151 153 163 167 173 176 174 169 159 175 168 167 168 165 166 172 179 185
-9999 -9999 -9999 -9999 -9999 -9999 -9999 -9999 -9999 -9999 -9999 -9999 -9999 -9999 -9999 -9999 -9999 -9999 -9999 -9999 -9999 -9999 -9999 -9999 -9999 -9999 -9999 -9999 -9999 -9999 -9999 -9999 -9999 -9999 -9999 -9999 -9999 -9999 374 343 299 278 259 -9999 228 214 204 192 189 187 -9999 184 182 181 -9999 -9999 169 168 168 163 157 154 147 142 134 137 146 151 150 154 161 167 168 169 167 172 172 173 171 170 168 167 173 180 185
-9999 -9999 -9999 -9999 -9999 -9999 -9999 -9999 -9999 -9999 -9999 -9999 -9999 -9999 -9999 -9999 -9999 -9999 -9999 -9999 -9999 -9999 -9999 -9999 -9999 -9999 -9999 -9999 -9999 -9999 -9999 -9999 -9999 -9999 -9999 -9999 -9999 -9999 -9999 -9999 343 310 288 -9999 -9999 -9999 233 -9999 222 215 -9999 225 226 218 -9999 -9999 -9999 -9999 197 188 175 164 156 146 137 134 137 142 143 152 154 157 165 170 172 173 175 175 174 172 170 180 171 181 186
-9999 -9999 -9999 -9999 -9999 -9999 -9999 -9999 -9999 -9999 -9999 -9999 -9999 -9999 -9999 -9999 -9999 -9999 -9999 -9999 -9999 -9999 -9999 -9999 -9999 -9999 -9999 -9999 -9999 -9999 -9999 -9999 -9999 -9999 -9999 -9999 -9999 -9999 -9999 -9999 -9999 -9999 327 306 306 302 299 -9999 261 249 255 -9999 274 244 244 270 282 267 215 205 192 178 165 159 143 152 149 136 133 152 154 151 161 167 169 171 169 173 175 176 177 175 182 174 180
-9999 -9999 -9999 -9999 -9999 -9999 -9999 -9999 -9999 -9999 -9999 -9999 -9999 -9999 -9999 -9999 -9999 -9999 -9999 -9999 -9999 -9999 -9999 -9999 -9999 -9999 -9999 -9999 -9999 -9999 -9999 -9999 -9999 -9999 -9999 -9999 -9999 -9999 -9999 -9999 -9999 -9999 -9999 -9999 359 344 322 -9999 -9999 -9999 277 -9999 334 348 332 -9999 303 282 -9999 232 210 196 184 164 148 156 149 140 125 135 148 155 163 171 167 168 172 171 173 174 177 178 177 177 181
-9999 -9999 -9999 -9999 -9999 -9999 -9999 -9999 -9999 -9999 -9999 -9999 -9999 -9999 -9999 -9999 -9999 -9999 -9999 -9999 -9999 -9999 -9999 -9999 -9999 -9999 -9999 -9999 -9999 -9999 -9999 -9999 -9999 -9999 -9999 -9999 -9999 -9999 -9999 -9999 -9999 -9999 -9999 -9999 -9999 -9999 361 340 327 -9999 321 -9999 346 344 407 -9999 354 315 277 248 233 -9999 197 186 169 143 133 117 115 140 141 150 158 167 164 167 162 165 164 170 172 177 179 181 184
