resultados/variables_norteamerica/bio19.asc
ncols 469
nrows 225
xllcorner -169.133333
yllcorner 20.675000
cellsize 0.249840
NODATA_value -9999
[rows 152 to 189 of 225, columns 261 to 347 of 469]
22 23 23 23 22 22 23 26 30 30 30 32 34 33 36 37 37 38 41 47 51 53 56 57 61 71 78 80 74 73 75 86 102 89 92 96 98 101 108 115 118 121 125 129 134 134 138 145 153 161 158 156 166 173 176 179 181 181 184 191 199 204 206 209 214 216 216 221 229 233 241 246 243 243 243 238 230 228 227 230 230 228 226 223 224 225 223
20 22 23 24 23 20 21 24 27 28 29 35 38 38 39 39 38 39 43 48 52 53 55 55 60 78 98 83 75 74 76 83 87 87 97 101 106 109 113 119 124 128 133 138 142 139 143 150 158 165 168 169 175 183 182 182 182 187 194 202 208 212 216 222 225 227 227 229 234 245 255 258 252 250 249 243 239 237 236 239 241 240 236 233 230 234 234
19 21 22 24 23 22 22 24 26 28 29 33 37 38 40 41 41 42 46 51 54 55 58 59 61 72 78 71 72 74 76 84 87 92 102 108 112 117 122 127 132 137 142 146 150 150 154 160 162 167 174 181 186 191 192 192 193 198 204 211 218 222 225 228 232 237 237 236 239 252 261 263 257 254 258 255 248 249 249 252 253 253 250 241 238 240 245
21 22 23 23 24 25 23 24 26 27 28 29 33 37 40 43 44 46 50 53 55 57 60 62 64 68 72 73 74 76 83 90 94 97 105 113 119 125 130 136 141 144 146 152 158 161 168 172 170 173 180 188 194 198 201 201 206 211 216 224 233 237 237 238 242 244 246 249 252 263 271 273 271 270 269 268 264 264 263 265 269 270 261 251 248 249 256
24 24 24 25 26 26 25 25 25 26 27 29 32 37 42 46 48 49 52 54 57 59 61 63 67 70 73 80 82 84 91 92 98 102 109 119 127 133 140 145 147 151 152 159 164 170 180 185 184 184 188 195 201 208 214 214 219 230 236 243 251 254 254 254 256 256 260 266 273 282 290 292 292 291 286 282 278 274 271 271 280 282 271 259 256 259 262
28 27 28 28 28 26 25 24 23 24 28 30 33 38 42 46 48 49 52 55 58 60 62 64 67 73 76 85 89 91 94 96 103 108 114 124 133 141 150 155 157 161 165 168 171 176 186 192 192 189 192 206 217 223 229 234 240 251 261 266 270 275 275 274 276 276 276 283 293 307 310 309 309 308 304 304 299 290 285 285 285 283 278 268 258 258 262
30 32 31 30 29 26 25 24 26 27 29 32 36 41 44 45 47 50 54 56 57 60 65 67 71 77 81 88 92 94 99 104 111 117 120 126 137 146 151 159 164 169 174 177 180 184 192 197 198 199 207 225 239 244 249 253 258 267 276 281 285 290 294 299 298 297 296 301 309 323 323 321 319 321 320 320 317 310 303 293 292 292 286 274 264 260 257
33 32 28 28 26 25 26 28 30 30 32 36 39 43 46 48 49 52 55 56 58 63 67 70 76 82 85 92 96 98 104 108 117 125 131 136 145 156 158 162 169 177 181 184 186 189 197 206 210 215 229 247 256 263 268 269 270 277 285 295 303 305 311 317 318 316 315 317 320 325 325 325 328 329 329 327 320 312 306 298 302 308 306 295 282 269 262
34 27 26 26 27 28 30 30 31 31 35 38 41 45 49 53 55 56 56 59 62 67 70 72 79 85 88 94 -9999 104 111 115 125 134 141 150 157 165 170 174 180 186 189 190 192 195 204 214 226 234 247 262 271 276 280 286 284 288 298 311 323 330 331 330 329 329 328 327 328 325 328 329 333 334 332 332 325 320 317 314 319 327 328 321 298 278 264
29 25 25 26 27 30 32 31 31 31 36 40 42 46 51 54 55 56 59 61 65 68 72 75 82 88 93 98 105 112 120 126 132 142 152 160 168 176 181 186 192 193 197 200 204 210 217 227 238 246 261 274 281 285 289 291 290 299 313 324 336 343 345 -9999 344 340 337 331 327 330 340 347 347 344 342 342 340 333 336 334 340 333 325 316 293 276 266
24 23 22 23 26 30 32 33 33 35 39 42 42 43 49 52 52 58 61 63 65 67 71 74 79 89 96 102 110 116 124 130 138 149 158 168 181 188 192 195 201 203 211 216 220 226 233 241 248 257 273 289 296 297 300 301 303 311 325 333 341 348 350 352 354 351 345 335 328 329 342 353 358 359 361 364 355 355 360 341 334 323 309 293 278 270 273
24 23 23 23 26 31 33 35 36 37 40 42 41 41 46 51 54 58 62 64 67 70 75 78 83 92 101 106 112 121 130 135 143 154 166 179 188 195 199 203 212 219 225 227 228 235 247 253 258 267 282 297 303 304 307 313 318 324 333 339 344 350 355 358 360 361 355 345 334 333 352 365 367 369 385 387 379 372 367 349 329 311 296 276 265 289 295
25 25 26 26 29 31 34 38 39 40 41 43 46 46 46 49 53 57 61 67 71 75 80 84 90 98 105 110 116 125 134 143 151 161 171 182 185 202 217 221 226 232 237 242 245 251 265 270 266 274 287 297 300 302 310 318 330 339 343 346 350 352 356 365 370 364 358 356 352 352 362 376 376 377 391 395 390 380 371 357 342 328 329 310 280 268 328
28 28 29 30 31 34 37 39 40 43 45 46 49 50 49 51 54 58 66 72 75 78 82 88 95 99 104 115 123 131 139 149 156 164 176 186 191 206 219 222 231 239 246 253 261 271 281 283 284 289 296 303 305 310 317 325 341 349 351 353 357 357 362 374 384 378 368 362 363 364 379 392 394 404 398 397 387 392 385 384 406 424 410 380 316 274 307
29 29 32 33 36 40 42 40 41 43 44 47 49 50 48 50 54 59 70 76 80 83 88 96 103 106 111 123 132 137 144 154 164 172 183 193 200 204 199 193 221 244 253 262 269 280 288 295 298 302 305 311 314 321 329 338 346 353 358 360 366 374 379 388 397 391 382 376 378 380 397 407 418 414 406 388 388 396 406 447 442 435 424 445 428 356 339
30 30 36 36 39 41 40 38 39 40 41 45 48 48 48 50 56 64 72 81 88 89 92 98 107 118 124 129 136 142 149 162 175 184 195 206 212 200 156 164 224 251 260 271 281 287 293 298 306 313 316 321 328 333 340 350 355 360 369 376 379 387 392 398 401 393 389 385 385 388 404 420 419 409 396 390 392 415 421 419 450 491 483 489 446 395 360
32 36 38 38 39 39 38 38 40 40 40 43 47 48 48 52 58 65 73 92 97 95 95 101 111 122 128 132 140 147 155 170 186 197 206 219 230 226 212 228 257 274 286 299 303 301 303 306 313 320 322 329 336 343 350 363 363 372 385 390 393 397 401 401 396 392 392 393 393 394 408 417 415 417 400 394 392 440 440 448 466 476 450 417 388 368 344
30 33 34 36 38 38 38 39 42 42 43 42 43 46 49 54 61 67 71 81 90 94 98 106 115 123 129 131 141 148 159 175 196 209 216 234 252 263 274 287 297 301 305 311 312 312 317 318 322 325 325 335 347 357 364 374 376 385 391 396 401 403 407 410 406 401 400 397 393 395 399 407 415 415 399 390 384 418 445 449 444 430 397 376 356 343 333
31 32 34 36 37 38 38 39 42 43 44 45 47 50 53 59 66 71 75 82 92 99 108 -9999 118 125 131 132 141 154 167 182 200 214 225 242 260 275 290 307 318 321 321 317 320 324 331 336 334 333 337 347 361 372 377 379 385 396 403 405 405 409 414 420 422 421 414 408 405 400 393 403 407 398 386 375 376 400 411 417 404 384 366 358 343 330 326
33 33 35 36 37 38 39 40 43 43 43 48 52 56 61 66 71 75 79 89 98 102 109 115 120 127 136 143 154 166 179 191 206 221 231 245 258 271 284 294 307 317 318 316 323 334 341 347 345 346 354 363 373 381 383 384 391 403 408 411 410 409 417 424 428 428 422 414 406 400 397 396 400 395 383 372 369 377 388 389 373 358 349 341 335 325 323
33 33 34 36 38 40 40 41 42 43 46 52 57 61 65 70 75 79 83 91 98 103 111 117 123 131 141 149 157 168 184 197 210 223 235 247 258 272 280 284 298 316 325 323 326 338 348 355 358 359 370 376 382 387 388 391 399 405 408 410 408 405 415 429 432 430 422 410 397 400 395 390 394 402 396 390 378 368 366 365 356 346 338 337 333 327 325
33 32 32 36 40 42 42 41 43 45 51 55 59 63 67 72 77 83 87 93 98 105 112 118 126 134 146 157 163 174 192 203 214 226 237 251 266 277 278 270 287 316 329 330 332 339 352 364 370 376 382 381 384 392 393 398 410 412 414 410 407 407 412 426 429 426 422 409 390 396 394 391 401 409 405 392 374 363 356 353 347 341 336 338 334 332 328
33 32 33 37 41 43 43 43 46 49 51 55 59 64 67 72 80 87 92 96 102 108 112 118 126 136 148 162 167 178 197 207 220 232 240 254 269 281 286 279 291 316 329 332 333 339 355 372 384 389 389 385 388 399 401 405 418 418 415 410 407 402 407 418 417 413 418 417 405 402 404 411 421 417 414 394 380 368 362 356 349 341 336 333 332 330 321
34 34 35 38 41 41 41 43 47 50 52 55 60 66 69 74 83 90 96 100 106 112 117 122 130 139 150 157 168 181 198 210 226 237 245 256 269 284 295 298 306 317 329 341 343 349 363 382 395 400 401 -9999 399 408 412 413 419 421 416 409 403 396 401 407 408 407 416 423 419 409 416 423 424 420 411 396 387 375 368 360 351 344 336 332 328 320 312
33 33 34 37 40 40 39 41 45 49 52 56 61 69 73 78 86 93 99 103 109 118 123 123 137 141 148 157 168 183 200 219 233 239 246 259 273 291 305 311 317 331 342 355 359 360 -9999 384 399 407 413 415 411 412 415 416 420 420 416 412 407 404 404 405 405 409 414 418 415 409 414 424 422 419 403 385 381 372 360 353 341 335 340 334 327 317 308
32 32 33 35 38 38 39 42 45 49 52 56 63 72 76 80 86 92 98 104 112 121 127 129 135 142 151 163 176 189 206 226 239 240 249 264 283 302 317 321 317 330 349 367 376 375 374 382 399 411 420 422 416 408 399 403 415 420 419 416 412 415 416 412 406 405 407 402 399 394 395 410 409 403 389 361 354 359 354 345 338 328 337 333 323 313 305
32 31 31 33 34 36 40 44 48 51 54 57 64 74 78 81 84 90 98 106 113 123 135 137 136 142 153 166 181 197 211 225 236 242 254 271 286 301 316 327 330 337 357 380 396 399 395 396 403 412 421 423 418 407 393 399 420 427 423 418 415 430 430 420 413 409 401 378 376 378 376 388 389 383 371 349 342 357 355 345 338 331 328 325 317 309 303
31 30 29 31 34 36 41 44 46 50 56 60 66 72 75 79 83 90 99 109 116 123 136 138 140 146 155 167 178 200 217 224 233 244 255 272 287 303 317 329 340 350 364 383 408 421 418 416 412 415 417 421 423 419 414 418 430 433 428 424 425 443 442 429 420 415 409 394 390 390 383 384 378 375 370 365 360 364 360 347 335 331 323 319 313 307 301
31 30 27 29 34 36 40 43 45 49 55 61 68 72 75 80 85 92 100 111 116 119 125 132 141 150 158 168 181 204 219 226 235 246 256 274 290 306 321 335 348 362 373 388 410 422 429 431 425 423 425 429 431 432 435 437 441 436 429 423 428 439 443 437 432 423 416 412 409 404 392 380 375 377 380 377 377 374 361 344 335 329 320 317 316 312 304
33 31 30 32 35 37 40 43 46 51 55 62 67 70 75 82 87 92 99 108 111 116 123 131 143 154 162 171 184 204 221 233 238 247 257 271 288 307 327 344 358 374 387 399 410 416 423 430 431 432 441 442 441 442 444 444 449 445 435 426 429 438 443 439 439 428 425 426 420 412 404 390 382 383 389 384 383 377 359 342 337 324 315 316 322 315 303
35 34 34 35 36 37 40 43 47 53 58 64 69 70 74 81 86 91 98 105 107 114 126 135 145 158 170 175 184 199 216 232 239 246 259 273 288 310 333 350 366 381 397 411 418 414 422 431 435 438 446 448 448 448 450 454 453 454 443 435 430 428 433 431 429 428 427 426 420 412 405 394 380 379 387 384 380 373 362 351 340 320 305 306 314 309 295
38 37 37 37 37 37 39 42 47 53 59 65 70 72 76 80 84 90 97 103 109 117 132 140 147 164 178 181 189 204 218 229 237 249 263 281 298 318 338 355 375 390 405 420 428 434 433 434 434 441 451 453 454 454 455 461 455 448 443 438 429 422 421 419 420 422 417 411 404 398 393 385 377 376 377 376 372 365 361 352 338 317 290 290 309 304 291
37 39 38 38 38 39 40 41 44 50 57 63 68 72 76 79 82 88 96 103 110 119 132 145 158 171 179 184 195 209 222 233 245 259 274 293 315 334 347 358 377 394 410 422 434 436 431 429 428 432 439 445 462 457 451 457 448 438 438 434 425 417 407 -9999 405 403 396 390 380 375 377 379 374 373 369 364 357 356 358 350 338 320 296 295 305 300 286
34 37 38 39 39 39 38 40 43 48 55 60 66 72 77 81 83 89 97 105 114 122 132 147 161 168 174 185 203 217 227 239 256 267 284 305 325 343 353 359 374 386 395 408 422 418 413 418 416 416 417 424 451 449 435 431 430 429 431 420 414 407 395 -9999 385 378 371 365 358 352 358 364 367 369 362 350 351 353 354 354 346 326 311 311 309 296 283
32 37 38 39 39 37 37 38 42 47 52 58 64 71 78 84 90 96 104 112 120 132 142 153 161 166 173 185 206 223 230 238 253 266 284 308 327 338 344 352 369 372 371 381 396 396 386 392 392 396 400 409 427 -9999 422 -9999 -9999 413 -9999 -9999 -9999 -9999 -9999 -9999 -9999 -9999 -9999 -9999 -9999 -9999 -9999 -9999 357 355 353 343 341 342 343 343 337 324 315 311 301 288 281
32 35 35 36 35 34 34 36 40 45 50 55 61 70 79 87 95 102 110 119 131 147 155 160 163 168 180 194 210 225 231 233 250 261 270 294 319 324 329 341 359 355 347 355 371 376 370 369 367 375 387 396 410 417 -9999 -9999 401 -9999 -9999 -9999 -9999 -9999 -9999 -9999 -9999 -9999 -9999 -9999 -9999 -9999 -9999 -9999 -9999 325 342 339 328 327 331 -9999 323 314 306 291 280 278 277
30 33 33 32 32 31 32 34 38 44 48 50 58 69 80 88 96 104 113 124 141 149 154 160 162 168 180 195 210 223 227 228 239 248 257 276 -9999 298 310 325 -9999 -9999 -9999 -9999 350 -9999 353 -9999 -9999 362 376 389 401 403 395 388 399 -9999 -9999 -9999 -9999 -9999 -9999 -9999 -9999 -9999 -9999 -9999 -9999 -9999 -9999 -9999 -9999 -9999 -9999 308 -9999 -9999 -9999 -9999 -9999 -9999 288 245 252 273 274
29 30 32 32 30 31 30 31 35 40 42 44 53 66 78 87 93 99 110 123 131 134 142 152 159 164 173 192 206 217 220 222 231 242 259 263 -9999 278 292 -9999 -9999 -9999 -9999 -9999 -9999 -9999 342 -9999 344 -9999 367 375 378 384 386 389 395 -9999 -9999 -9999 -9999 -9999 -9999 -9999 -9999 -9999 -9999 -9999 -9999 -9999 -9999 -9999 -9999 -9999 -9999 -9999 -9999 -9999 -9999 -9999 -9999 -9999 250 192 245 273 270
