resultados/variables_norteamerica/bio14.asc
ncols 469
nrows 225
xllcorner -169.133333
yllcorner 20.675000
cellsize 0.249840
NODATA_value -9999
[rows 160 to 199 of 225, columns 180 to 269 of 469]
-9999 -9999 -9999 -9999 -9999 -9999 -9999 -9999 -9999 1 2 2 1 1 0 0 0 0 0 1 3 7 12 10 7 4 6 3 5 4 5 5 4 5 5 6 6 4 4 4 4 8 9 9 10 10 10 12 11 9 6 5 6 7 9 7 7 6 7 9 9 7 8 9 10 12 15 18 22 24 27 36 25 13 23 33 17 13 11 12 13 10 8 8 8 9 9 9 9 9
-9999 -9999 -9999 -9999 -9999 -9999 -9999 -9999 -9999 1 1 2 1 1 1 0 0 0 0 0 1 4 13 14 6 6 5 3 3 3 3 3 4 5 4 7 6 3 3 3 6 7 10 10 11 10 11 16 12 7 8 7 7 7 8 9 7 7 6 8 9 7 7 9 10 13 14 18 21 22 23 33 22 14 27 30 17 9 7 9 10 8 7 7 7 8 9 10 9 9
-9999 -9999 -9999 -9999 -9999 -9999 -9999 -9999 -9999 2 2 1 1 1 1 1 0 0 0 0 0 3 9 10 7 5 4 4 4 2 3 3 3 9 8 4 3 3 3 3 4 7 10 10 11 9 9 13 14 8 8 7 6 7 7 8 9 8 7 9 13 8 8 9 11 13 13 15 19 24 19 19 14 16 24 28 16 9 8 7 7 7 6 6 7 8 9 10 10 9
-9999 -9999 -9999 -9999 -9999 -9999 -9999 -9999 -9999 -9999 2 1 0 1 1 1 1 0 0 0 0 1 5 8 6 4 5 2 5 2 3 2 3 4 6 3 2 2 3 3 3 7 9 7 11 12 11 11 13 9 6 5 6 6 7 7 8 7 7 10 12 13 8 10 11 11 12 13 16 31 32 24 11 23 38 18 11 9 8 8 7 7 6 6 7 8 10 10 10 10
-9999 -9999 -9999 -9999 -9999 -9999 -9999 -9999 -9999 -9999 -9999 1 1 0 1 1 1 0 0 0 0 1 3 6 5 2 2 2 2 2 1 2 3 3 4 3 3 2 2 4 5 7 7 8 12 12 11 12 12 12 7 5 6 6 6 7 8 8 8 11 11 11 10 11 11 12 12 12 14 25 30 21 14 33 34 14 10 9 9 8 8 7 7 7 8 9 10 10 11 11
-9999 -9999 -9999 -9999 -9999 -9999 -9999 -9999 -9999 -9999 -9999 -9999 1 1 1 1 1 0 0 0 0 1 2 4 3 1 1 2 2 2 2 2 2 3 4 4 4 2 2 4 3 5 7 9 11 12 12 12 12 12 9 6 6 6 6 7 7 7 8 11 10 11 12 14 14 14 13 15 14 15 17 13 15 21 20 12 10 10 9 8 8 8 8 8 8 10 11 12 12 12
-9999 -9999 -9999 -9999 -9999 -9999 -9999 -9999 -9999 -9999 -9999 -9999 -9999 1 1 1 1 0 0 0 0 0 2 3 2 1 1 1 2 2 2 1 1 3 4 4 3 2 2 3 3 4 7 9 11 12 12 13 14 15 12 8 6 6 6 7 7 7 8 9 10 12 14 16 14 14 20 16 13 15 14 17 15 16 15 11 11 10 9 9 9 8 8 9 10 11 12 13 12 13
-9999 -9999 -9999 -9999 -9999 -9999 -9999 -9999 -9999 -9999 -9999 -9999 -9999 -9999 0 0 0 0 0 0 0 1 2 2 1 1 1 1 1 1 1 1 1 2 3 3 2 2 1 2 4 5 5 9 11 11 11 11 12 13 12 10 8 7 6 7 7 7 8 10 10 11 13 15 15 12 12 11 11 12 13 22 14 14 13 11 11 11 9 9 8 8 9 10 11 12 12 12 12 12
-9999 -9999 -9999 -9999 -9999 -9999 -9999 -9999 -9999 -9999 -9999 -9999 -9999 -9999 0 0 0 1 1 1 2 1 1 1 1 1 1 1 1 1 1 1 1 1 2 1 2 2 1 2 3 5 5 7 10 10 10 10 9 10 12 12 9 8 8 8 8 8 9 10 10 11 12 14 13 14 11 11 10 10 13 20 14 12 12 11 11 10 9 9 9 8 10 11 11 12 11 11 11 12
-9999 -9999 -9999 -9999 -9999 -9999 -9999 -9999 -9999 -9999 -9999 -9999 -9999 -9999 0 0 0 0 0 1 1 1 1 1 1 1 1 1 2 2 1 1 1 0 1 1 2 1 1 2 2 3 3 5 6 9 11 11 10 8 12 12 11 10 10 10 10 10 10 10 10 11 11 12 12 13 10 10 10 9 13 18 15 12 10 11 11 11 10 9 8 8 9 10 11 12 12 11 11 12
-9999 -9999 -9999 -9999 -9999 -9999 -9999 -9999 -9999 -9999 -9999 -9999 -9999 -9999 -9999 -9999 -9999 -9999 -9999 0 0 0 0 1 2 2 3 2 3 3 2 1 0 1 1 1 1 2 1 1 2 2 2 4 5 8 9 10 8 10 10 11 11 12 12 12 12 14 13 11 11 11 12 12 12 12 9 9 9 9 13 16 15 14 12 10 10 11 10 10 9 9 10 11 11 12 12 11 11 12
-9999 -9999 -9999 -9999 -9999 -9999 -9999 -9999 -9999 -9999 -9999 -9999 -9999 -9999 -9999 -9999 -9999 -9999 -9999 -9999 -9999 0 0 0 0 2 3 2 3 4 2 2 1 1 1 1 1 1 1 1 1 2 3 3 4 5 7 7 7 8 10 8 10 10 11 12 14 17 19 14 14 13 14 13 10 8 8 10 10 9 11 12 13 13 12 10 9 10 10 10 10 10 10 11 11 11 11 11 11 12
-9999 -9999 -9999 -9999 -9999 -9999 -9999 -9999 -9999 -9999 -9999 -9999 -9999 -9999 -9999 -9999 -9999 -9999 -9999 -9999 -9999 -9999 -9999 -9999 0 1 3 2 2 3 2 0 1 1 1 1 1 1 1 1 1 2 2 3 3 3 4 4 4 6 7 8 9 9 10 12 13 16 18 16 14 12 13 11 10 9 11 7 7 8 9 11 11 12 11 10 9 9 9 9 10 10 10 10 10 11 11 11 12 11
-9999 -9999 -9999 -9999 -9999 -9999 -9999 -9999 -9999 -9999 -9999 -9999 -9999 -9999 -9999 -9999 -9999 -9999 -9999 -9999 -9999 -9999 -9999 -9999 -9999 1 3 2 2 3 3 1 0 0 1 1 0 0 1 1 2 1 2 2 2 2 3 3 3 4 5 7 8 9 10 12 13 13 14 15 13 13 14 13 11 10 8 7 6 7 8 9 9 12 11 11 9 9 9 9 9 10 9 9 10 10 11 12 10 12
-9999 -9999 -9999 -9999 -9999 -9999 -9999 -9999 -9999 -9999 -9999 -9999 -9999 -9999 -9999 -9999 -9999 -9999 -9999 -9999 -9999 -9999 -9999 -9999 -9999 -9999 -9999 2 3 3 3 1 0 -9999 0 1 1 0 1 1 1 1 1 1 1 2 2 3 3 3 6 8 8 9 8 8 10 12 12 12 12 13 15 12 11 10 6 6 6 8 8 7 9 14 13 11 10 9 9 9 9 10 9 9 9 10 11 12 13 13
-9999 -9999 -9999 -9999 -9999 -9999 -9999 -9999 -9999 -9999 -9999 -9999 -9999 -9999 -9999 -9999 -9999 -9999 -9999 -9999 -9999 -9999 -9999 -9999 -9999 -9999 -9999 1 2 3 3 1 0 0 0 0 0 0 0 1 1 1 1 1 1 1 2 3 3 4 9 13 8 7 8 9 7 8 9 9 11 10 10 11 11 11 6 6 6 7 6 6 7 12 13 12 9 8 9 9 9 9 9 9 9 10 11 12 13 14
-9999 -9999 -9999 -9999 -9999 -9999 -9999 -9999 -9999 -9999 -9999 -9999 -9999 -9999 -9999 -9999 -9999 -9999 -9999 -9999 -9999 -9999 -9999 -9999 -9999 -9999 -9999 1 1 3 3 1 0 0 0 0 0 0 0 0 0 0 0 1 1 1 2 3 3 4 7 10 8 8 8 8 8 7 6 8 8 8 8 9 9 8 6 5 5 6 6 5 6 12 12 11 9 8 8 9 9 9 9 8 9 11 12 12 13 14
-9999 -9999 -9999 -9999 -9999 -9999 -9999 -9999 -9999 -9999 -9999 -9999 -9999 -9999 -9999 -9999 -9999 -9999 -9999 -9999 -9999 -9999 -9999 -9999 -9999 -9999 -9999 -9999 1 2 2 1 1 0 0 0 0 0 0 0 0 0 0 1 1 2 3 4 3 4 6 7 7 8 7 7 6 7 6 6 6 6 8 7 5 5 4 4 5 5 6 5 6 8 9 8 8 7 8 8 9 9 8 8 9 11 11 12 13 14
-9999 -9999 -9999 -9999 -9999 -9999 -9999 -9999 -9999 -9999 -9999 -9999 -9999 -9999 -9999 -9999 -9999 -9999 -9999 -9999 -9999 -9999 -9999 -9999 -9999 -9999 -9999 -9999 -9999 1 2 1 1 0 0 0 0 0 0 0 0 0 1 1 1 2 3 4 4 4 5 5 5 6 7 5 6 6 7 5 6 6 6 6 4 4 4 4 4 4 6 5 6 6 6 6 6 6 7 7 8 9 8 8 9 9 10 12 14 15
-9999 -9999 -9999 -9999 -9999 -9999 -9999 -9999 -9999 -9999 -9999 -9999 -9999 -9999 -9999 -9999 -9999 -9999 -9999 -9999 -9999 -9999 -9999 -9999 -9999 -9999 -9999 -9999 -9999 1 1 1 1 1 0 0 0 0 0 0 0 0 0 1 1 2 3 3 4 5 5 5 4 4 5 4 5 5 6 7 5 5 5 5 4 4 3 4 4 4 4 5 5 6 5 5 5 4 6 7 7 9 8 8 8 9 9 12 13 14
-9999 -9999 -9999 -9999 -9999 -9999 -9999 -9999 -9999 -9999 -9999 -9999 -9999 -9999 -9999 -9999 -9999 -9999 -9999 -9999 -9999 -9999 -9999 -9999 -9999 -9999 -9999 -9999 -9999 -9999 1 1 1 2 1 0 0 -9999 -9999 0 0 0 0 0 1 1 2 3 3 4 6 5 4 5 5 4 5 5 6 9 5 5 4 4 4 3 3 3 4 4 5 4 4 5 5 5 4 3 5 6 7 8 8 7 7 8 8 11 13 13
-9999 -9999 -9999 -9999 -9999 -9999 -9999 -9999 -9999 -9999 -9999 -9999 -9999 -9999 -9999 -9999 -9999 -9999 -9999 -9999 -9999 -9999 -9999 -9999 -9999 -9999 -9999 -9999 -9999 -9999 0 0 0 1 1 1 0 -9999 -9999 0 0 0 0 0 0 1 2 3 4 4 6 5 5 5 5 5 5 4 5 6 6 6 4 4 3 3 3 3 4 4 4 4 3 4 4 4 4 4 5 6 7 8 8 8 8 8 9 11 12 13
-9999 -9999 -9999 -9999 -9999 -9999 -9999 -9999 -9999 -9999 -9999 -9999 -9999 -9999 -9999 -9999 -9999 -9999 -9999 -9999 -9999 -9999 -9999 -9999 -9999 -9999 -9999 -9999 -9999 -9999 -9999 0 0 1 1 1 0 -9999 -9999 -9999 -9999 -9999 -9999 -9999 0 0 2 3 3 4 5 5 6 7 8 7 5 5 5 4 5 6 4 4 3 3 2 3 4 5 4 3 2 3 4 5 4 5 6 7 7 8 8 8 9 9 9 11 12 13
-9999 -9999 -9999 -9999 -9999 -9999 -9999 -9999 -9999 -9999 -9999 -9999 -9999 -9999 -9999 -9999 -9999 -9999 -9999 -9999 -9999 -9999 -9999 -9999 -9999 -9999 -9999 -9999 -9999 -9999 -9999 0 0 0 2 1 1 -9999 -9999 -9999 -9999 -9999 -9999 -9999 0 0 1 1 2 3 5 5 7 9 9 9 7 6 4 4 6 6 5 5 4 4 4 4 5 5 4 3 2 3 4 5 5 6 6 7 8 8 8 9 9 9 9 10 12 13
-9999 -9999 -9999 -9999 -9999 -9999 -9999 -9999 -9999 -9999 -9999 -9999 -9999 -9999 -9999 -9999 -9999 -9999 -9999 -9999 -9999 -9999 -9999 -9999 -9999 -9999 -9999 -9999 -9999 -9999 -9999 -9999 -9999 0 1 1 1 0 -9999 -9999 -9999 -9999 -9999 -9999 0 0 1 1 2 2 4 4 5 7 10 8 6 6 5 4 5 6 5 5 6 5 5 5 5 6 5 4 3 4 4 5 6 6 7 8 9 9 9 9 10 10 10 11 11 12
-9999 -9999 -9999 -9999 -9999 -9999 -9999 -9999 -9999 -9999 -9999 -9999 -9999 -9999 -9999 -9999 -9999 -9999 -9999 -9999 -9999 -9999 -9999 -9999 -9999 -9999 -9999 -9999 -9999 -9999 -9999 -9999 -9999 0 0 1 1 0 -9999 -9999 -9999 -9999 -9999 -9999 -9999 0 1 1 1 2 3 3 4 6 7 7 5 5 5 4 6 6 7 7 6 6 5 4 4 5 6 5 5 4 5 5 6 6 7 7 8 9 9 9 10 10 10 10 10 11
-9999 -9999 -9999 -9999 -9999 -9999 -9999 -9999 -9999 -9999 -9999 -9999 -9999 -9999 -9999 -9999 -9999 -9999 -9999 -9999 -9999 -9999 -9999 -9999 -9999 -9999 -9999 -9999 -9999 -9999 -9999 -9999 -9999 0 0 0 0 0 -9999 -9999 -9999 -9999 -9999 -9999 -9999 0 1 1 1 2 3 3 4 4 5 6 6 5 4 4 6 6 8 7 6 5 4 3 3 4 4 5 5 4 3 4 5 6 6 6 6 7 9 9 9 9 10 9 10 11
-9999 -9999 -9999 -9999 -9999 -9999 -9999 -9999 -9999 -9999 -9999 -9999 -9999 -9999 -9999 -9999 -9999 -9999 -9999 -9999 -9999 -9999 -9999 -9999 -9999 -9999 -9999 -9999 -9999 -9999 -9999 -9999 -9999 0 0 0 0 0 -9999 -9999 -9999 -9999 -9999 -9999 -9999 0 1 1 1 2 3 3 3 4 6 6 6 4 5 4 6 7 7 6 6 5 4 4 3 4 5 4 4 2 2 2 4 5 6 6 6 7 8 8 8 8 8 9 9 11
-9999 -9999 -9999 -9999 -9999 -9999 -9999 -9999 -9999 -9999 -9999 -9999 -9999 -9999 -9999 -9999 -9999 -9999 -9999 -9999 -9999 -9999 -9999 -9999 -9999 -9999 -9999 -9999 -9999 -9999 -9999 -9999 -9999 -9999 0 0 0 0 0 0 -9999 -9999 -9999 -9999 -9999 -9999 1 1 1 1 1 2 2 3 4 5 5 4 5 5 5 8 9 10 7 5 5 5 5 5 6 5 3 2 1 2 3 4 5 5 6 6 7 8 7 7 7 7 8 10
-9999 -9999 -9999 -9999 -9999 -9999 -9999 -9999 -9999 -9999 -9999 -9999 -9999 -9999 -9999 -9999 -9999 -9999 -9999 -9999 -9999 -9999 -9999 -9999 -9999 -9999 -9999 -9999 -9999 -9999 -9999 -9999 -9999 -9999 -9999 0 0 0 0 0 0 -9999 -9999 -9999 -9999 -9999 -9999 1 1 1 1 1 2 2 3 4 4 5 8 6 5 6 10 11 10 6 7 6 5 7 6 5 3 2 2 2 3 4 4 4 6 7 8 8 8 7 7 7 7 8
-9999 -9999 -9999 -9999 -9999 -9999 -9999 -9999 -9999 -9999 -9999 -9999 -9999 -9999 -9999 -9999 -9999 -9999 -9999 -9999 -9999 -9999 -9999 -9999 -9999 -9999 -9999 -9999 -9999 -9999 -9999 -9999 -9999 -9999 -9999 -9999 -9999 0 0 0 0 0 -9999 0 -9999 -9999 -9999 -9999 1 1 1 1 1 2 4 4 4 4 6 6 5 6 9 12 11 7 7 6 5 6 6 4 3 2 2 3 2 3 5 5 6 6 7 8 8 7 7 6 5 6
-9999 -9999 -9999 -9999 -9999 -9999 -9999 -9999 -9999 -9999 -9999 -9999 -9999 -9999 -9999 -9999 -9999 -9999 -9999 -9999 -9999 -9999 -9999 -9999 -9999 -9999 -9999 -9999 -9999 -9999 -9999 -9999 -9999 -9999 -9999 -9999 -9999 -9999 0 0 0 0 -9999 0 -9999 -9999 -9999 -9999 1 1 1 2 2 3 4 4 3 3 5 5 6 6 8 11 10 8 6 6 6 6 6 5 4 3 3 3 3 4 5 6 7 5 6 7 7 7 8 6 7 5
-9999 -9999 -9999 -9999 -9999 -9999 -9999 -9999 -9999 -9999 -9999 -9999 -9999 -9999 -9999 -9999 -9999 -9999 -9999 -9999 -9999 -9999 -9999 -9999 -9999 -9999 -9999 -9999 -9999 -9999 -9999 -9999 -9999 -9999 -9999 -9999 -9999 -9999 -9999 0 0 0 0 0 -9999 -9999 -9999 -9999 -9999 1 1 1 2 3 4 4 4 4 5 6 7 7 8 10 8 7 6 6 5 6 6 4 4 3 3 4 3 3 4 5 7 7 7 6 6 6 6 6 6 6
-9999 -9999 -9999 -9999 -9999 -9999 -9999 -9999 -9999 -9999 -9999 -9999 -9999 -9999 -9999 -9999 -9999 -9999 -9999 -9999 -9999 -9999 -9999 -9999 -9999 -9999 -9999 -9999 -9999 -9999 -9999 -9999 -9999 -9999 -9999 -9999 -9999 -9999 -9999 -9999 0 0 1 0 -9999 -9999 -9999 -9999 -9999 0 0 0 2 2 3 4 4 4 5 7 7 7 7 9 10 8 7 5 5 5 3 3 4 4 3 3 3 3 3 4 6 7 7 5 5 4 6 6 7 8
-9999 -9999 -9999 -9999 -9999 -9999 -9999 -9999 -9999 -9999 -9999 -9999 -9999 -9999 -9999 -9999 -9999 -9999 -9999 -9999 -9999 -9999 -9999 -9999 -9999 -9999 -9999 -9999 -9999 -9999 -9999 -9999 -9999 -9999 -9999 0 -9999 -9999 -9999 -9999 0 0 0 0 0 -9999 -9999 -9999 -9999 -9999 -9999 0 1 1 1 2 2 3 4 6 7 7 8 10 12 12 10 8 6 5 2 1 2 3 3 2 2 3 3 4 5 6 6 4 5 2 5 6 8 11
-9999 -9999 -9999 -9999 -9999 -9999 -9999 -9999 -9999 -9999 -9999 -9999 -9999 -9999 -9999 -9999 -9999 -9999 -9999 -9999 -9999 -9999 -9999 -9999 -9999 -9999 -9999 -9999 -9999 -9999 -9999 -9999 -9999 -9999 -9999 0 -9999 -9999 -9999 -9999 0 0 1 1 0 -9999 -9999 -9999 -9999 -9999 -9999 1 1 1 1 1 1 1 3 5 7 9 10 10 13 15 15 12 7 5 3 2 2 2 3 4 3 3 4 4 5 5 5 4 4 3 4 6 8 12
-9999 -9999 -9999 -9999 -9999 -9999 -9999 -9999 -9999 -9999 -9999 -9999 -9999 -9999 -9999 -9999 -9999 -9999 -9999 -9999 -9999 -9999 -9999 -9999 -9999 -9999 -9999 -9999 -9999 -9999 -9999 -9999 -9999 -9999 -9999 -9999 -9999 0 0 -9999 -9999 0 1 1 1 0 -9999 -9999 -9999 -9999 -9999 -9999 -9999 -9999 0 1 0 1 2 4 6 9 7 9 10 14 14 13 8 6 4 3 3 3 3 4 4 4 4 5 5 5 5 3 3 4 5 6 8 10
-9999 -9999 -9999 -9999 -9999 -9999 -9999 -9999 -9999 -9999 -9999 -9999 -9999 -9999 -9999 -9999 -9999 -9999 -9999 -9999 -9999 -9999 -9999 -9999 -9999 -9999 -9999 -9999 -9999 -9999 -9999 -9999 -9999 -9999 -9999 -9999 -9999 0 0 0 0 0 0 0 0 0 0 -9999 -9999 -9999 -9999 -9999 -9999 -9999 0 0 0 1 1 2 5 7 8 8 9 11 13 12 9 7 5 4 3 3 4 4 4 4 4 5 5 5 4 4 4 5 6 6 8 9
-9999 -9999 -9999 -9999 -9999 -9999 -9999 -9999 -9999 -9999 -9999 -9999 -9999 -9999 -9999 -9999 -9999 -9999 -9999 -9999 -9999 -9999 -9999 -9999 -9999 -9999 -9999 -9999 -9999 -9999 -9999 -9999 -9999 -9999 -9999 -9999 -9999 -9999 -9999 0 0 0 0 0 0 0 0 -9999 -9999 -9999 -9999 -9999 -9999 -9999 -9999 0 0 0 1 2 3 5 6 7 8 9 12 11 10 8 7 5 4 4 3 3 3 4 4 5 6 6 4 4 4 5 6 5 7 8
-9999 -9999 -9999 -9999 -9999 -9999 -9999 -9999 -9999 -9999 -9999 -9999 -9999 -9999 -9999 -9999 -9999 -9999 -9999 -9999 -9999 -9999 -9999 -9999 -9999 -9999 -9999 -9999 -9999 -9999 -9999 -9999 -9999 -9999 -9999 -9999 -9999 -9999 -9999 -9999 0 0 0 0 0 0 0 0 -9999 -9999 -9999 -9999 -9999 -9999 -9999 -9999 -9999 0 1 1 2 4 6 7 8 8 11 12 11 9 8 5 5 4 3 3 3 4 4 5 6 6 4 4 4 4 6 6 6 6
