resultados/variables_norteamerica/bio11.asc
ncols 469
nrows 225
xllcorner -169.133333
yllcorner 20.675000
cellsize 0.249840
NODATA_value -9999
[rows 185 to 221 of 225, columns 246 to 327 of 469]
78 86 83 81 78 72 67 64 64 67 72 77 73 68 67 74 80 82 79 81 83 86 86 85 83 82 84 86 86 86 86 85 85 86 89 91 93 93 94 98 98 98 100 106 112 108 105 103 102 99 98 101 103 103 101 101 101 102 105 106 106 106 108 108 107 107 109 109 110 108 107 107 108 110 112 110 110 110 -9999 112 113 114
85 87 84 85 85 79 73 69 72 72 74 75 70 72 73 74 77 77 77 79 82 86 90 90 89 89 90 91 90 89 87 84 83 85 89 93 94 96 98 104 107 104 102 107 110 108 105 105 106 105 105 108 108 107 106 105 106 108 110 110 109 108 111 112 110 110 111 113 -9999 113 -9999 -9999 112 -9999 -9999 -9999 -9999 -9999 -9999 -9999 -9999 -9999
85 86 85 83 78 84 80 79 79 78 80 83 78 75 81 79 81 86 85 87 91 94 98 98 97 97 97 96 94 92 88 82 84 90 94 96 96 98 100 105 107 105 105 109 110 109 108 109 112 114 114 116 114 112 113 110 111 113 114 114 112 110 112 113 114 115 117 118 117 -9999 -9999 119 -9999 -9999 -9999 -9999 -9999 -9999 -9999 -9999 -9999 -9999
68 72 76 82 77 77 81 83 84 83 88 91 102 92 93 92 91 93 97 99 103 107 110 110 109 108 106 103 98 95 92 87 90 97 101 99 103 105 107 108 108 108 110 112 110 109 111 113 116 121 119 -9999 117 118 119 -9999 -9999 -9999 -9999 116 -9999 113 -9999 -9999 118 119 121 123 124 124 124 123 -9999 -9999 -9999 -9999 -9999 -9999 -9999 -9999 -9999 -9999
49 61 66 53 69 79 88 87 81 80 92 100 112 112 98 94 98 99 102 109 107 111 118 118 117 117 115 111 105 100 98 98 105 108 109 110 113 115 113 112 111 111 113 113 112 113 114 115 117 121 122 -9999 121 121 -9999 -9999 -9999 -9999 -9999 -9999 -9999 116 -9999 119 -9999 122 125 127 127 127 125 124 -9999 -9999 -9999 -9999 -9999 -9999 -9999 -9999 -9999 -9999
46 59 62 58 56 81 88 95 89 90 100 99 100 109 100 106 108 97 108 109 109 115 121 126 124 122 120 118 112 108 107 109 115 116 116 118 121 119 116 117 117 116 116 117 118 117 117 118 119 120 123 -9999 -9999 -9999 -9999 -9999 -9999 -9999 -9999 -9999 -9999 -9999 -9999 -9999 -9999 -9999 -9999 -9999 -9999 -9999 -9999 -9999 -9999 129 -9999 -9999 -9999 -9999 -9999 -9999 -9999 -9999
55 54 56 57 55 81 88 96 95 95 102 99 101 95 92 108 110 114 116 110 96 113 106 126 126 125 123 121 118 116 115 115 118 120 120 121 120 119 119 121 122 124 123 124 124 123 122 122 122 123 -9999 -9999 -9999 -9999 -9999 -9999 -9999 -9999 -9999 -9999 -9999 -9999 -9999 -9999 -9999 -9999 -9999 -9999 -9999 -9999 -9999 -9999 -9999 -9999 -9999 -9999 -9999 -9999 -9999 -9999 -9999 -9999
59 57 62 58 53 79 96 101 102 98 95 98 100 92 93 97 106 116 116 116 107 116 116 126 126 126 125 124 123 122 122 122 122 123 122 122 122 122 122 125 128 130 130 129 129 128 128 127 -9999 -9999 -9999 -9999 -9999 -9999 -9999 -9999 -9999 -9999 -9999 -9999 -9999 -9999 -9999 -9999 -9999 -9999 -9999 -9999 -9999 -9999 -9999 -9999 -9999 -9999 -9999 -9999 -9999 -9999 -9999 -9999 -9999 -9999
63 63 62 68 66 74 94 99 108 100 92 90 92 96 98 97 97 112 117 118 104 110 124 130 127 125 126 126 126 126 126 128 128 127 125 123 124 126 127 129 132 134 133 132 -9999 -9999 -9999 -9999 -9999 -9999 -9999 -9999 -9999 -9999 -9999 -9999 -9999 -9999 -9999 -9999 -9999 -9999 -9999 -9999 -9999 -9999 -9999 -9999 -9999 -9999 -9999 -9999 -9999 -9999 -9999 -9999 -9999 -9999 -9999 -9999 -9999 -9999
58 63 65 73 80 88 87 104 108 104 97 88 89 93 97 100 104 111 104 117 108 110 115 129 131 125 124 127 128 130 129 131 131 130 128 125 127 128 131 133 135 136 135 134 -9999 -9999 -9999 -9999 -9999 -9999 -9999 -9999 -9999 -9999 -9999 -9999 -9999 -9999 -9999 -9999 -9999 -9999 -9999 -9999 -9999 -9999 -9999 -9999 -9999 -9999 -9999 -9999 -9999 -9999 -9999 -9999 -9999 -9999 -9999 -9999 -9999 -9999
51 54 66 76 84 93 97 106 108 105 100 95 97 98 104 103 106 113 106 110 113 110 119 133 135 126 120 121 128 131 133 134 133 133 130 129 128 130 135 136 136 138 138 137 -9999 -9999 -9999 -9999 -9999 -9999 -9999 -9999 -9999 -9999 -9999 -9999 -9999 -9999 -9999 -9999 -9999 -9999 -9999 -9999 -9999 -9999 -9999 -9999 -9999 -9999 -9999 -9999 -9999 -9999 -9999 -9999 -9999 -9999 -9999 -9999 -9999 -9999
56 58 70 78 90 98 100 102 104 102 101 101 99 98 102 105 106 115 117 110 113 111 113 121 130 127 124 126 130 132 135 138 138 136 133 130 130 135 140 140 141 143 -9999 -9999 -9999 -9999 -9999 -9999 -9999 -9999 -9999 -9999 -9999 -9999 -9999 -9999 -9999 -9999 -9999 -9999 -9999 -9999 -9999 -9999 -9999 -9999 -9999 -9999 -9999 -9999 -9999 -9999 -9999 -9999 -9999 -9999 -9999 -9999 -9999 -9999 -9999 -9999
73 74 80 92 95 102 101 106 106 105 105 103 98 102 104 104 105 110 115 107 104 114 114 127 131 133 132 134 133 132 135 141 144 140 135 131 133 138 144 145 145 147 -9999 -9999 -9999 -9999 -9999 -9999 -9999 -9999 -9999 -9999 -9999 -9999 -9999 -9999 -9999 -9999 -9999 -9999 -9999 -9999 -9999 -9999 -9999 -9999 -9999 -9999 -9999 -9999 -9999 -9999 -9999 -9999 -9999 -9999 -9999 -9999 -9999 -9999 -9999 -9999
86 87 86 95 91 110 109 107 106 105 106 103 101 102 98 104 107 114 117 114 106 123 113 123 137 136 135 137 136 134 135 142 147 144 137 134 138 143 147 148 -9999 -9999 -9999 -9999 -9999 -9999 -9999 -9999 -9999 -9999 -9999 -9999 -9999 -9999 -9999 -9999 -9999 -9999 -9999 -9999 -9999 -9999 -9999 -9999 -9999 -9999 -9999 -9999 -9999 -9999 -9999 -9999 -9999 -9999 -9999 -9999 -9999 -9999 -9999 -9999 -9999 -9999
108 90 87 92 94 113 103 106 109 107 108 108 103 105 109 114 117 116 120 117 106 116 122 129 139 139 130 130 139 137 139 142 145 143 141 138 141 145 148 148 148 -9999 -9999 -9999 -9999 -9999 -9999 -9999 -9999 -9999 -9999 -9999 -9999 -9999 -9999 -9999 -9999 -9999 -9999 -9999 -9999 -9999 -9999 -9999 -9999 -9999 -9999 -9999 -9999 -9999 -9999 -9999 -9999 -9999 -9999 -9999 -9999 -9999 -9999 -9999 -9999 -9999
140 94 88 88 95 107 94 98 110 110 109 110 110 113 118 121 122 119 118 116 117 121 129 123 126 119 127 131 137 133 141 144 144 -9999 142 142 144 147 149 149 148 -9999 -9999 -9999 -9999 -9999 -9999 -9999 -9999 -9999 -9999 -9999 -9999 -9999 -9999 -9999 -9999 -9999 -9999 -9999 -9999 -9999 -9999 -9999 -9999 -9999 -9999 -9999 -9999 -9999 -9999 -9999 -9999 -9999 -9999 -9999 -9999 -9999 -9999 -9999 -9999 -9999
133 114 107 100 75 82 76 97 109 110 111 113 115 120 123 125 123 122 119 124 132 128 126 116 115 124 126 134 133 135 145 146 144 144 145 147 147 149 151 151 150 -9999 -9999 -9999 -9999 -9999 -9999 -9999 -9999 -9999 -9999 -9999 -9999 -9999 -9999 -9999 -9999 -9999 -9999 -9999 -9999 -9999 -9999 -9999 -9999 -9999 -9999 -9999 -9999 -9999 -9999 -9999 -9999 -9999 -9999 -9999 -9999 -9999 -9999 -9999 -9999 -9999
135 122 107 94 73 71 71 94 108 109 110 117 122 126 130 132 129 125 125 132 130 118 120 126 119 122 131 133 129 135 140 144 146 147 151 155 153 153 155 157 158 157 -9999 -9999 -9999 -9999 -9999 -9999 -9999 -9999 -9999 -9999 -9999 -9999 -9999 -9999 -9999 -9999 -9999 -9999 -9999 -9999 -9999 -9999 -9999 -9999 -9999 -9999 -9999 -9999 -9999 -9999 -9999 -9999 -9999 -9999 -9999 -9999 -9999 -9999 -9999 -9999
162 152 103 87 77 62 73 98 113 109 109 117 125 130 134 136 137 136 135 133 132 132 124 125 116 131 132 132 135 145 141 138 148 150 153 155 156 157 158 161 163 161 -9999 -9999 -9999 -9999 -9999 -9999 -9999 -9999 -9999 -9999 -9999 -9999 -9999 -9999 -9999 -9999 -9999 -9999 -9999 -9999 -9999 -9999 -9999 -9999 -9999 -9999 -9999 -9999 -9999 -9999 -9999 -9999 -9999 -9999 -9999 -9999 -9999 -9999 -9999 -9999
146 167 125 98 92 78 78 98 100 118 119 117 124 133 134 137 142 140 139 140 141 142 140 135 125 133 134 131 133 150 152 149 150 151 153 153 156 158 160 163 165 164 -9999 -9999 -9999 -9999 -9999 -9999 -9999 -9999 -9999 -9999 -9999 -9999 -9999 -9999 -9999 -9999 -9999 -9999 -9999 -9999 -9999 -9999 -9999 -9999 -9999 -9999 -9999 -9999 -9999 -9999 -9999 -9999 -9999 -9999 -9999 -9999 -9999 -9999 -9999 -9999
177 164 127 110 118 84 86 89 89 120 -9999 126 128 140 133 135 143 143 139 141 141 138 140 139 136 130 125 118 106 132 150 152 152 153 154 156 156 159 161 162 165 166 -9999 -9999 -9999 -9999 -9999 -9999 -9999 -9999 -9999 -9999 -9999 -9999 -9999 -9999 -9999 -9999 -9999 -9999 -9999 -9999 -9999 -9999 -9999 -9999 -9999 -9999 -9999 -9999 -9999 -9999 -9999 -9999 -9999 -9999 -9999 -9999 -9999 -9999 -9999 -9999
186 185 165 154 131 101 85 98 98 112 110 124 138 143 146 143 144 139 138 143 149 144 135 129 124 121 114 104 92 107 145 151 153 154 156 158 158 159 162 162 -9999 -9999 -9999 -9999 -9999 -9999 -9999 -9999 -9999 -9999 -9999 -9999 -9999 -9999 -9999 -9999 -9999 -9999 -9999 -9999 -9999 -9999 -9999 -9999 -9999 -9999 -9999 -9999 -9999 -9999 -9999 -9999 -9999 -9999 -9999 -9999 -9999 -9999 -9999 -9999 -9999 -9999
193 193 187 179 131 103 85 80 95 107 103 110 142 143 141 146 144 141 144 149 153 153 147 139 124 118 115 117 115 103 141 151 154 156 157 158 159 160 164 166 -9999 -9999 -9999 -9999 -9999 -9999 -9999 -9999 -9999 -9999 -9999 -9999 -9999 -9999 -9999 -9999 -9999 -9999 -9999 -9999 -9999 -9999 -9999 -9999 -9999 -9999 -9999 -9999 -9999 -9999 -9999 -9999 -9999 -9999 -9999 -9999 -9999 -9999 -9999 -9999 -9999 -9999
201 201 201 190 168 149 112 87 82 99 101 114 139 134 138 137 139 151 157 165 165 149 141 137 131 131 128 123 123 119 137 149 156 158 153 153 155 161 167 168 -9999 -9999 -9999 -9999 -9999 -9999 -9999 -9999 -9999 -9999 -9999 -9999 -9999 -9999 -9999 -9999 -9999 -9999 -9999 -9999 -9999 -9999 -9999 -9999 -9999 -9999 -9999 -9999 -9999 -9999 -9999 -9999 -9999 -9999 -9999 -9999 -9999 -9999 -9999 -9999 -9999 -9999
202 202 204 203 184 156 118 97 83 95 84 117 123 112 124 123 131 143 153 170 165 151 135 136 122 132 119 130 127 131 117 139 155 160 155 154 159 165 169 172 -9999 -9999 -9999 -9999 -9999 -9999 -9999 -9999 -9999 -9999 -9999 -9999 -9999 -9999 -9999 -9999 -9999 -9999 -9999 -9999 -9999 -9999 -9999 -9999 -9999 -9999 -9999 -9999 -9999 -9999 -9999 -9999 -9999 -9999 -9999 -9999 -9999 -9999 -9999 -9999 -9999 -9999
-9999 203 203 201 187 151 105 99 85 80 84 110 129 123 116 110 121 129 140 153 147 142 137 134 130 130 124 132 133 134 128 133 156 165 168 167 170 172 174 176 -9999 -9999 -9999 -9999 -9999 -9999 -9999 -9999 -9999 -9999 -9999 -9999 -9999 -9999 -9999 -9999 -9999 -9999 -9999 -9999 -9999 -9999 -9999 -9999 -9999 -9999 -9999 -9999 -9999 -9999 -9999 -9999 -9999 -9999 -9999 -9999 -9999 -9999 -9999 -9999 -9999 -9999
-9999 -9999 207 206 201 190 167 117 96 81 84 107 127 125 115 100 107 123 136 131 125 134 134 133 128 127 127 126 128 135 135 130 138 167 174 177 179 182 177 179 -9999 -9999 -9999 -9999 -9999 -9999 -9999 -9999 -9999 -9999 -9999 -9999 -9999 -9999 -9999 -9999 -9999 -9999 -9999 -9999 -9999 -9999 -9999 -9999 -9999 -9999 -9999 -9999 -9999 -9999 -9999 -9999 -9999 -9999 -9999 -9999 -9999 -9999 -9999 -9999 -9999 -9999
-9999 -9999 -9999 -9999 206 196 171 147 87 84 82 99 107 124 120 102 105 123 132 122 116 125 127 127 123 126 128 123 134 133 138 101 124 152 181 185 178 184 181 182 -9999 -9999 -9999 -9999 -9999 -9999 -9999 -9999 -9999 -9999 -9999 -9999 -9999 -9999 -9999 -9999 -9999 -9999 -9999 -9999 -9999 -9999 -9999 -9999 -9999 -9999 -9999 -9999 -9999 -9999 -9999 -9999 -9999 -9999 -9999 -9999 -9999 -9999 -9999 -9999 -9999 -9999
-9999 -9999 -9999 -9999 207 205 198 145 120 100 95 80 98 122 109 109 110 119 122 115 116 123 131 131 128 123 128 121 141 143 136 122 134 156 176 190 177 178 182 182 -9999 -9999 -9999 -9999 -9999 -9999 -9999 -9999 -9999 -9999 -9999 -9999 -9999 -9999 -9999 -9999 -9999 -9999 -9999 -9999 -9999 -9999 -9999 -9999 -9999 -9999 -9999 -9999 -9999 -9999 -9999 -9999 -9999 -9999 -9999 -9999 -9999 -9999 -9999 -9999 -9999 -9999
-9999 -9999 -9999 -9999 -9999 207 205 187 171 139 108 96 126 103 101 108 102 111 117 119 123 133 137 138 132 123 124 133 148 144 140 137 137 145 187 193 170 163 181 182 -9999 -9999 -9999 -9999 -9999 -9999 -9999 -9999 -9999 -9999 -9999 -9999 -9999 -9999 -9999 -9999 -9999 -9999 -9999 -9999 -9999 -9999 -9999 -9999 -9999 -9999 -9999 -9999 -9999 -9999 -9999 -9999 -9999 -9999 -9999 -9999 -9999 -9999 -9999 -9999 -9999 -9999
-9999 -9999 -9999 -9999 -9999 -9999 207 205 186 167 155 135 120 95 128 104 100 107 108 119 127 134 135 132 134 128 130 131 156 151 151 151 145 150 196 198 185 173 179 183 -9999 -9999 -9999 -9999 -9999 -9999 -9999 -9999 -9999 -9999 -9999 -9999 -9999 -9999 -9999 -9999 -9999 -9999 -9999 -9999 -9999 -9999 -9999 -9999 -9999 -9999 -9999 -9999 -9999 -9999 -9999 -9999 -9999 -9999 -9999 -9999 -9999 -9999 -9999 -9999 -9999 -9999
-9999 -9999 -9999 -9999 -9999 -9999 -9999 208 201 190 152 142 130 116 148 110 115 107 110 118 122 129 131 130 136 135 144 143 150 150 167 164 160 182 196 201 198 189 186 187 -9999 -9999 -9999 -9999 -9999 -9999 -9999 -9999 -9999 -9999 -9999 -9999 -9999 -9999 -9999 -9999 -9999 -9999 -9999 -9999 -9999 -9999 -9999 -9999 -9999 -9999 -9999 -9999 -9999 -9999 -9999 -9999 -9999 -9999 -9999 -9999 -9999 -9999 -9999 -9999 -9999 -9999
-9999 -9999 -9999 -9999 -9999 -9999 -9999 -9999 210 204 167 141 167 117 154 132 122 110 124 124 119 126 128 129 131 134 146 148 155 163 170 165 154 176 182 196 198 194 190 -9999 -9999 -9999 -9999 -9999 -9999 -9999 -9999 -9999 -9999 -9999 -9999 -9999 -9999 -9999 -9999 -9999 -9999 -9999 -9999 -9999 -9999 -9999 -9999 -9999 -9999 -9999 -9999 -9999 -9999 -9999 -9999 -9999 -9999 -9999 -9999 -9999 -9999 -9999 -9999 -9999 -9999 -9999
-9999 -9999 -9999 -9999 -9999 -9999 -9999 -9999 212 210 191 142 177 142 140 135 122 126 131 131 113 127 127 126 123 135 144 142 152 170 174 167 153 172 180 192 197 196 194 192 -9999 -9999 -9999 -9999 -9999 -9999 -9999 -9999 -9999 -9999 -9999 -9999 -9999 -9999 -9999 -9999 -9999 -9999 -9999 -9999 -9999 -9999 -9999 -9999 -9999 -9999 -9999 -9999 -9999 -9999 -9999 -9999 -9999 -9999 -9999 -9999 -9999 -9999 -9999 -9999 -9999 -9999
-9999 -9999 -9999 -9999 -9999 -9999 -9999 -9999 212 213 210 179 177 166 148 139 142 141 128 138 123 131 131 126 126 129 129 141 144 163 171 167 159 178 187 195 199 198 196 -9999 -9999 -9999 -9999 -9999 -9999 -9999 -9999 -9999 -9999 -9999 -9999 -9999 -9999 -9999 -9999 -9999 -9999 -9999 -9999 -9999 -9999 -9999 -9999 -9999 -9999 -9999 -9999 -9999 -9999 -9999 -9999 -9999 -9999 -9999 -9999 -9999 -9999 -9999 -9999 -9999 -9999 -9999
-9999 -9999 -9999 -9999 -9999 -9999 -9999 -9999 -9999 215 216 202 190 152 158 158 130 134 137 145 136 136 135 128 126 124 138 142 141 146 166 168 169 180 192 198 199 197 197 196 196 -9999 -9999 -9999 -9999 -9999 -9999 -9999 -9999 -9999 -9999 -9999 -9999 -9999 -9999 -9999 -9999 -9999 -9999 -9999 -9999 -9999 -9999 -9999 -9999 -9999 -9999 -9999 -9999 -9999 -9999 -9999 -9999 -9999 -9999 -9999 -9999 -9999 -9999 -9999 -9999 -9999
-9999 -9999 -9999 -9999 197 -9999 -9999 -9999 -9999 215 194 184 197 159 147 168 128 129 156 133 142 140 136 133 129 127 133 133 136 155 167 169 174 175 175 197 198 196 196 196 -9999 198 -9999 -9999 -9999 -9999 -9999 -9999 -9999 -9999 -9999 -9999 -9999 -9999 -9999 -9999 -9999 -9999 -9999 -9999 -9999 -9999 -9999 -9999 -9999 -9999 -9999 -9999 -9999 -9999 -9999 -9999 -9999 -9999 -9999 -9999 -9999 -9999 223 -9999 -9999 -9999
