resultados/variables_norteamerica/bio19.asc
ncols 469
nrows 225
xllcorner -169.133333
yllcorner 20.675000
cellsize 0.249840
NODATA_value -9999
[rows 114 to 151 of 225, columns 348 to 434 of 469]
140 147 152 156 155 154 154 153 153 153 153 154 156 157 159 161 164 168 169 171 174 178 182 186 192 197 202 206 209 208 207 207 207 208 209 208 206 202 202 200 200 200 201 200 200 202 208 210 211 -9999 -9999 -9999 -9999 230 231 240 243 247 242 239 248 254 247 247 243 239 258 284 297 295 -9999 -9999 -9999 -9999 -9999 -9999 -9999 -9999 -9999 -9999 -9999 -9999 -9999 -9999 -9999 -9999 -9999
143 147 152 155 156 156 156 155 155 156 158 161 163 165 168 170 -9999 175 178 181 183 187 192 198 202 206 211 216 219 219 217 219 216 210 213 209 206 205 210 213 218 223 234 241 237 232 231 236 223 220 -9999 -9999 231 237 236 243 244 244 243 245 249 251 -9999 -9999 -9999 -9999 -9999 270 -9999 -9999 -9999 -9999 -9999 -9999 -9999 -9999 -9999 -9999 -9999 -9999 -9999 -9999 -9999 -9999 -9999 -9999 -9999
147 150 151 154 156 157 158 157 157 156 161 168 172 173 175 176 178 181 185 190 193 195 197 200 207 212 216 223 228 227 227 229 225 218 216 212 209 209 214 224 231 241 256 263 265 258 251 236 235 -9999 236 239 237 230 236 245 246 242 236 237 248 253 256 254 244 241 -9999 -9999 286 295 -9999 -9999 -9999 -9999 -9999 -9999 -9999 -9999 -9999 -9999 -9999 -9999 -9999 -9999 -9999 -9999 -9999
152 153 154 155 157 160 163 163 161 161 162 173 178 180 181 183 183 185 188 192 195 198 201 208 211 216 221 225 230 235 238 238 236 231 226 219 217 215 226 232 243 256 268 272 272 264 241 235 -9999 -9999 243 241 231 225 229 239 240 234 229 236 246 257 259 264 257 249 258 277 289 -9999 -9999 -9999 -9999 -9999 -9999 -9999 -9999 -9999 -9999 -9999 -9999 -9999 -9999 -9999 -9999 -9999 -9999
161 158 158 158 161 164 167 166 168 168 170 173 180 184 186 186 186 188 190 193 196 200 204 209 211 216 222 230 237 238 242 243 243 238 235 233 226 225 232 239 252 265 272 273 273 265 -9999 -9999 223 225 230 225 219 214 215 228 223 224 233 238 247 264 274 271 263 255 266 279 -9999 -9999 -9999 -9999 -9999 -9999 -9999 -9999 -9999 -9999 -9999 -9999 -9999 -9999 -9999 -9999 -9999 -9999 -9999
168 165 164 164 165 165 167 170 172 174 175 175 178 182 184 184 184 187 191 193 197 201 204 206 206 208 214 226 235 240 247 251 250 246 246 244 238 235 238 244 255 263 268 270 267 252 -9999 224 218 207 208 209 207 208 202 206 209 218 232 238 256 269 272 275 267 262 270 283 305 311 -9999 -9999 -9999 -9999 -9999 -9999 -9999 -9999 -9999 -9999 -9999 -9999 -9999 -9999 -9999 -9999 -9999
178 172 170 169 169 168 -9999 178 181 182 181 179 178 180 181 183 185 185 189 191 194 198 201 200 198 201 212 218 230 243 250 255 252 249 250 248 244 242 242 241 246 250 259 -9999 256 239 233 225 209 197 196 199 204 201 195 195 194 211 231 244 263 273 276 274 271 276 284 301 319 325 -9999 310 -9999 -9999 -9999 -9999 -9999 -9999 -9999 -9999 -9999 -9999 -9999 -9999 -9999 350 360
181 177 174 172 172 176 183 188 191 192 190 187 182 181 183 183 183 182 185 185 188 195 198 197 193 197 206 215 226 235 249 255 256 258 256 250 244 241 238 235 -9999 243 250 252 245 235 227 216 202 196 196 196 201 200 196 194 198 214 236 257 264 273 275 277 284 293 304 313 324 326 -9999 -9999 302 298 -9999 -9999 -9999 -9999 -9999 -9999 -9999 -9999 -9999 -9999 -9999 362 374
185 180 177 180 185 190 197 202 205 204 -9999 195 191 185 184 181 179 177 180 181 184 190 196 198 196 197 204 215 221 231 249 261 257 253 247 238 233 -9999 230 232 235 238 241 240 233 217 206 200 198 197 196 196 200 201 204 209 217 226 241 258 270 276 278 286 298 309 314 321 327 328 -9999 -9999 -9999 -9999 306 311 309 301 -9999 -9999 -9999 -9999 -9999 -9999 342 368 -9999
-9999 187 -9999 193 198 207 217 226 229 228 223 214 207 200 194 186 178 173 170 174 182 187 196 202 207 204 206 213 219 229 240 257 252 243 232 225 222 223 225 227 228 236 237 230 218 203 190 193 197 200 198 200 215 219 217 221 229 238 252 262 271 277 284 291 296 312 319 323 326 327 322 312 308 -9999 -9999 -9999 -9999 304 299 -9999 -9999 -9999 -9999 338 352 -9999 376
197 200 -9999 -9999 -9999 -9999 238 250 257 255 246 -9999 224 213 202 193 183 175 174 173 175 180 191 199 204 207 206 212 214 222 232 239 232 228 226 222 219 218 220 221 224 230 228 218 211 202 190 199 199 201 207 213 220 228 228 235 241 251 264 272 279 288 293 303 313 325 325 331 340 342 323 313 320 322 325 322 320 321 -9999 -9999 363 -9999 -9999 354 -9999 369 381
198 202 -9999 -9999 -9999 -9999 -9999 273 286 280 265 -9999 235 224 212 198 186 180 177 179 180 182 184 188 194 199 198 201 204 207 212 214 216 220 224 219 212 211 215 221 221 226 221 216 215 205 206 201 212 212 220 237 236 236 241 247 257 266 271 279 289 305 318 337 345 347 350 353 349 -9999 331 333 348 352 352 346 344 339 347 368 377 373 359 361 365 -9999 -9999
-9999 -9999 222 231 -9999 -9999 -9999 -9999 305 295 277 256 -9999 229 219 206 195 187 187 192 194 190 188 184 186 189 194 198 200 202 204 207 205 203 205 199 197 202 213 223 220 219 218 222 222 224 218 212 216 227 232 238 243 246 252 264 274 281 283 284 299 318 341 358 -9999 376 -9999 -9999 -9999 -9999 -9999 344 -9999 366 364 352 356 367 376 386 395 391 371 375 -9999 -9999 -9999
-9999 -9999 -9999 239 -9999 -9999 -9999 -9999 -9999 285 272 258 240 229 220 209 199 194 197 200 201 201 197 190 190 192 193 198 198 192 -9999 201 198 183 172 170 178 196 219 214 218 225 221 227 224 222 228 241 230 234 239 244 251 255 264 282 294 299 304 304 -9999 323 -9999 -9999 -9999 -9999 -9999 -9999 -9999 345 359 370 380 402 398 382 378 385 391 401 408 399 -9999 -9999 -9999 -9999 -9999
-9999 -9999 -9999 -9999 259 -9999 -9999 -9999 258 252 248 239 228 219 212 204 199 198 201 206 208 209 206 202 201 202 193 190 189 182 185 200 199 184 153 -9999 173 194 225 217 225 228 227 242 214 224 242 240 243 234 237 246 259 267 282 299 314 320 323 324 -9999 -9999 -9999 -9999 -9999 -9999 389 386 381 386 391 398 406 423 420 408 -9999 395 -9999 -9999 -9999 -9999 -9999 -9999 -9999 -9999 -9999
-9999 -9999 -9999 -9999 259 260 254 -9999 -9999 234 231 -9999 210 -9999 197 192 -9999 195 202 208 215 217 216 212 211 213 199 187 193 201 205 205 198 178 152 -9999 166 210 208 220 216 220 211 246 247 243 242 255 256 244 243 264 279 286 302 314 331 334 -9999 -9999 -9999 -9999 -9999 -9999 -9999 -9999 397 402 404 404 400 398 -9999 413 -9999 -9999 -9999 -9999 -9999 -9999 -9999 -9999 -9999 -9999 -9999 -9999 -9999
-9999 -9999 263 261 259 256 251 245 223 210 199 191 195 191 187 181 187 193 202 215 224 227 225 -9999 214 215 206 204 214 220 214 205 205 203 178 155 178 214 206 218 199 198 250 318 289 259 264 269 268 259 263 280 295 -9999 -9999 -9999 -9999 -9999 -9999 -9999 -9999 -9999 -9999 -9999 365 382 401 405 408 410 407 -9999 -9999 -9999 -9999 -9999 -9999 -9999 -9999 -9999 -9999 -9999 -9999 -9999 -9999 -9999 -9999
-9999 -9999 276 276 260 248 241 231 215 194 185 183 185 184 183 182 189 192 -9999 221 232 231 -9999 -9999 221 234 231 232 250 247 236 224 232 233 193 166 200 238 219 220 194 249 304 316 290 276 277 284 286 281 282 -9999 -9999 -9999 -9999 -9999 -9999 -9999 -9999 -9999 -9999 -9999 -9999 -9999 373 383 396 402 412 414 -9999 -9999 -9999 -9999 -9999 -9999 -9999 -9999 -9999 -9999 -9999 -9999 -9999 -9999 -9999 -9999 -9999
-9999 -9999 270 271 255 240 228 217 205 185 175 175 -9999 -9999 -9999 -9999 -9999 -9999 -9999 -9999 -9999 -9999 -9999 -9999 264 313 289 260 279 279 267 245 228 214 205 182 209 248 230 214 220 238 -9999 292 294 292 285 291 -9999 -9999 -9999 -9999 -9999 -9999 -9999 -9999 -9999 -9999 -9999 -9999 -9999 -9999 -9999 -9999 -9999 -9999 361 366 375 -9999 -9999 -9999 -9999 -9999 -9999 -9999 -9999 -9999 -9999 -9999 -9999 -9999 -9999 -9999 -9999 -9999 -9999
-9999 -9999 245 250 240 227 211 201 195 179 -9999 -9999 -9999 -9999 -9999 -9999 -9999 -9999 -9999 -9999 -9999 -9999 -9999 -9999 290 324 329 301 298 301 297 270 253 226 213 194 213 262 249 221 231 243 242 264 288 293 289 290 -9999 -9999 -9999 -9999 -9999 -9999 -9999 -9999 -9999 -9999 -9999 -9999 -9999 -9999 -9999 -9999 -9999 -9999 361 364 -9999 -9999 -9999 -9999 -9999 -9999 -9999 -9999 -9999 -9999 -9999 -9999 -9999 -9999 -9999 -9999 -9999 -9999 -9999
-9999 208 225 231 226 214 205 199 195 184 -9999 -9999 185 180 180 170 157 156 -9999 175 187 203 228 248 262 271 276 286 274 283 288 272 258 234 203 208 254 281 250 235 250 250 241 258 275 287 -9999 -9999 -9999 -9999 -9999 -9999 -9999 -9999 -9999 -9999 -9999 -9999 -9999 -9999 -9999 -9999 -9999 -9999 -9999 -9999 -9999 -9999 -9999 -9999 -9999 -9999 -9999 -9999 -9999 -9999 -9999 -9999 -9999 -9999 -9999 -9999 -9999 -9999 -9999 -9999 -9999
183 200 212 219 216 207 207 209 205 198 196 211 -9999 212 202 180 159 151 155 162 170 180 199 221 226 233 234 233 227 230 242 238 236 217 198 213 281 291 259 244 262 265 250 252 270 -9999 -9999 -9999 -9999 -9999 -9999 -9999 -9999 -9999 -9999 -9999 -9999 -9999 -9999 -9999 -9999 -9999 -9999 -9999 -9999 -9999 -9999 -9999 -9999 -9999 -9999 -9999 -9999 -9999 -9999 -9999 -9999 -9999 -9999 -9999 -9999 -9999 -9999 -9999 -9999 -9999 -9999
181 195 203 208 209 208 213 221 -9999 -9999 -9999 -9999 -9999 237 232 205 173 142 148 151 151 152 181 210 228 236 222 218 217 219 213 213 210 196 198 221 284 301 268 255 268 278 263 263 278 298 -9999 -9999 -9999 -9999 -9999 -9999 -9999 -9999 -9999 -9999 -9999 -9999 -9999 -9999 -9999 -9999 -9999 -9999 -9999 -9999 -9999 -9999 -9999 -9999 -9999 -9999 -9999 -9999 -9999 -9999 -9999 -9999 -9999 -9999 -9999 -9999 -9999 -9999 -9999 -9999 -9999
184 194 198 -9999 -9999 -9999 211 -9999 -9999 -9999 -9999 -9999 227 243 235 205 171 151 154 153 148 153 164 194 214 219 213 206 204 207 212 212 211 195 208 239 273 282 265 264 264 281 280 278 282 304 -9999 -9999 -9999 -9999 -9999 -9999 -9999 -9999 -9999 -9999 -9999 -9999 -9999 -9999 -9999 -9999 -9999 -9999 -9999 -9999 -9999 -9999 -9999 -9999 -9999 -9999 -9999 -9999 -9999 -9999 -9999 -9999 -9999 -9999 -9999 -9999 -9999 -9999 -9999 -9999 -9999
-9999 -9999 -9999 -9999 -9999 -9999 -9999 -9999 -9999 -9999 235 243 245 245 222 190 170 169 156 151 153 159 171 184 193 202 213 215 216 213 224 233 229 210 225 247 274 277 258 265 272 286 292 295 299 318 -9999 -9999 -9999 -9999 -9999 -9999 -9999 -9999 -9999 -9999 -9999 -9999 -9999 -9999 -9999 -9999 -9999 -9999 -9999 -9999 -9999 -9999 -9999 -9999 -9999 -9999 -9999 -9999 -9999 -9999 -9999 -9999 -9999 -9999 -9999 -9999 -9999 -9999 -9999 -9999 -9999
-9999 -9999 -9999 -9999 -9999 -9999 -9999 -9999 222 238 247 244 241 237 214 190 180 175 162 150 147 151 161 172 187 204 220 231 233 237 269 276 250 229 243 260 283 276 260 279 291 295 300 306 309 322 -9999 -9999 -9999 -9999 -9999 -9999 -9999 -9999 -9999 -9999 -9999 -9999 -9999 -9999 -9999 -9999 -9999 -9999 -9999 -9999 -9999 -9999 -9999 -9999 -9999 -9999 -9999 -9999 -9999 -9999 -9999 -9999 -9999 -9999 -9999 -9999 -9999 -9999 -9999 -9999 -9999
-9999 -9999 -9999 -9999 197 196 203 214 225 231 237 234 233 236 227 205 194 189 174 155 144 137 135 160 185 209 229 238 237 250 264 267 247 235 250 277 288 280 270 287 298 306 310 309 312 319 316 -9999 304 -9999 -9999 -9999 -9999 -9999 -9999 -9999 -9999 -9999 -9999 -9999 -9999 -9999 -9999 -9999 -9999 -9999 -9999 -9999 -9999 -9999 -9999 -9999 -9999 -9999 -9999 -9999 -9999 -9999 -9999 -9999 -9999 -9999 -9999 -9999 -9999 -9999 -9999
-9999 -9999 192 207 210 194 197 206 218 219 219 222 228 231 230 214 202 196 186 168 154 141 145 167 182 195 221 230 228 240 248 241 240 247 261 273 289 286 292 303 308 311 311 -9999 315 -9999 310 -9999 -9999 -9999 -9999 -9999 -9999 -9999 -9999 -9999 -9999 -9999 -9999 -9999 -9999 -9999 -9999 -9999 -9999 -9999 -9999 -9999 -9999 -9999 -9999 -9999 -9999 -9999 -9999 -9999 -9999 -9999 -9999 -9999 -9999 -9999 -9999 -9999 -9999 -9999 -9999
181 188 192 200 196 180 186 198 211 212 216 224 227 226 223 214 206 200 195 186 177 168 170 186 192 200 232 242 239 234 239 251 262 267 278 285 281 -9999 -9999 -9999 -9999 -9999 -9999 -9999 -9999 -9999 -9999 -9999 -9999 -9999 -9999 -9999 -9999 -9999 -9999 -9999 -9999 -9999 -9999 -9999 -9999 -9999 -9999 -9999 -9999 -9999 -9999 -9999 -9999 -9999 -9999 -9999 -9999 -9999 -9999 -9999 -9999 -9999 -9999 -9999 -9999 -9999 -9999 -9999 -9999 -9999 -9999
179 181 184 189 183 175 182 194 203 209 212 224 231 227 219 205 200 201 201 205 202 197 194 200 216 231 251 254 248 245 263 273 264 -9999 280 -9999 -9999 -9999 -9999 -9999 -9999 299 -9999 -9999 -9999 -9999 -9999 -9999 -9999 -9999 -9999 -9999 -9999 -9999 -9999 -9999 -9999 -9999 -9999 -9999 -9999 -9999 -9999 -9999 -9999 -9999 -9999 -9999 -9999 -9999 -9999 -9999 -9999 -9999 -9999 -9999 -9999 -9999 -9999 -9999 -9999 -9999 -9999 -9999 -9999 -9999 -9999
177 176 180 185 186 185 185 191 198 204 206 220 238 234 210 196 196 201 209 215 215 212 212 226 249 256 252 255 258 267 271 270 257 253 260 269 282 -9999 -9999 -9999 -9999 -9999 -9999 -9999 -9999 -9999 -9999 -9999 -9999 -9999 -9999 -9999 -9999 -9999 -9999 -9999 -9999 -9999 -9999 -9999 -9999 -9999 -9999 -9999 -9999 -9999 -9999 -9999 -9999 -9999 -9999 -9999 -9999 -9999 -9999 -9999 -9999 -9999 -9999 -9999 -9999 -9999 -9999 -9999 -9999 -9999 -9999
180 181 184 187 189 192 192 193 196 201 204 218 243 247 221 198 195 200 205 213 218 221 226 236 251 255 250 250 258 260 257 264 -9999 -9999 -9999 -9999 -9999 -9999 -9999 -9999 -9999 -9999 -9999 -9999 -9999 -9999 -9999 -9999 -9999 -9999 -9999 -9999 -9999 -9999 -9999 -9999 -9999 -9999 -9999 -9999 -9999 -9999 -9999 -9999 -9999 -9999 -9999 -9999 -9999 -9999 -9999 -9999 -9999 -9999 -9999 -9999 -9999 -9999 -9999 -9999 -9999 -9999 -9999 -9999 -9999 -9999 -9999
189 188 187 188 193 198 200 201 198 199 211 225 242 247 223 196 200 205 214 216 220 221 222 231 243 250 247 247 251 252 254 265 274 -9999 -9999 -9999 -9999 -9999 -9999 -9999 -9999 -9999 -9999 -9999 -9999 -9999 -9999 -9999 -9999 -9999 -9999 -9999 -9999 -9999 -9999 -9999 -9999 -9999 -9999 -9999 -9999 -9999 -9999 -9999 -9999 -9999 -9999 -9999 -9999 -9999 -9999 -9999 -9999 -9999 -9999 -9999 -9999 -9999 -9999 -9999 -9999 -9999 -9999 -9999 -9999 -9999 -9999
193 192 189 189 202 205 210 209 204 208 225 241 233 231 201 194 202 212 217 227 225 222 220 222 238 250 251 249 249 250 253 268 280 -9999 -9999 -9999 -9999 -9999 -9999 -9999 -9999 -9999 -9999 -9999 -9999 -9999 -9999 -9999 -9999 -9999 -9999 -9999 -9999 -9999 -9999 -9999 -9999 -9999 -9999 -9999 -9999 -9999 -9999 -9999 -9999 -9999 -9999 -9999 -9999 -9999 -9999 -9999 -9999 -9999 -9999 -9999 -9999 -9999 -9999 -9999 -9999 -9999 -9999 -9999 -9999 -9999 -9999
194 194 192 200 212 217 225 221 213 224 250 241 230 209 195 191 198 207 224 230 229 233 235 231 241 247 250 245 250 258 261 271 -9999 -9999 -9999 -9999 -9999 -9999 -9999 -9999 -9999 -9999 -9999 -9999 -9999 -9999 -9999 -9999 -9999 -9999 -9999 -9999 -9999 -9999 -9999 -9999 -9999 -9999 -9999 -9999 -9999 -9999 -9999 -9999 -9999 -9999 -9999 -9999 -9999 -9999 -9999 -9999 -9999 -9999 -9999 -9999 -9999 -9999 -9999 -9999 -9999 -9999 -9999 -9999 -9999 -9999 -9999
203 206 203 210 220 231 243 235 229 260 271 258 222 187 182 185 193 200 218 218 231 244 249 247 -9999 239 -9999 246 254 259 260 267 -9999 -9999 -9999 -9999 -9999 -9999 -9999 -9999 -9999 -9999 -9999 -9999 -9999 -9999 -9999 -9999 -9999 -9999 -9999 -9999 -9999 -9999 -9999 -9999 -9999 -9999 -9999 -9999 -9999 -9999 -9999 -9999 -9999 -9999 -9999 -9999 -9999 -9999 -9999 -9999 -9999 -9999 -9999 -9999 -9999 -9999 -9999 -9999 -9999 -9999 -9999 -9999 -9999 -9999 -9999
209 213 211 223 235 246 255 244 252 280 289 269 206 179 178 183 189 201 207 212 232 245 -9999 -9999 247 240 238 -9999 254 257 -9999 -9999 -9999 -9999 -9999 -9999 -9999 -9999 -9999 -9999 -9999 -9999 -9999 -9999 -9999 -9999 -9999 -9999 -9999 -9999 -9999 -9999 -9999 -9999 -9999 -9999 -9999 -9999 -9999 -9999 -9999 -9999 -9999 -9999 -9999 -9999 -9999 -9999 -9999 -9999 -9999 -9999 -9999 -9999 -9999 -9999 -9999 -9999 -9999 -9999 -9999 -9999 -9999 -9999 -9999 -9999 -9999
217 226 233 240 249 257 270 271 276 280 290 263 185 187 183 183 192 206 212 215 227 235 238 -9999 251 247 246 -9999 -9999 257 -9999 -9999 -9999 -9999 -9999 -9999 -9999 -9999 -9999 -9999 -9999 -9999 -9999 -9999 -9999 -9999 -9999 -9999 -9999 -9999 -9999 -9999 -9999 -9999 -9999 -9999 -9999 -9999 -9999 -9999 -9999 -9999 -9999 -9999 -9999 -9999 -9999 -9999 -9999 -9999 -9999 -9999 -9999 -9999 -9999 -9999 -9999 -9999 -9999 -9999 -9999 -9999 -9999 -9999 -9999 -9999 -9999
