resultados/variables_norteamerica/bio19.asc
ncols 469
nrows 225
xllcorner -169.133333
yllcorner 20.675000
cellsize 0.249840
NODATA_value -9999
[rows 38 to 75 of 225, columns 87 to 173 of 469]
36 37 36 35 35 34 34 33 32 31 30 30 30 29 27 27 27 27 27 26 26 27 27 28 28 28 30 31 32 33 33 33 33 33 34 34 35 36 37 38 39 41 42 43 44 47 50 54 58 63 66 63 61 59 57 55 53 51 50 48 46 45 44 42 41 40 40 39 38 38 38 38 37 37 37 37 37 36 36 35 35 35 35 34 -9999 -9999 32
39 39 39 39 38 37 37 36 35 34 33 31 30 30 30 29 28 27 27 28 28 29 28 28 29 30 31 31 32 33 33 33 34 35 36 37 38 38 39 41 42 44 45 46 47 50 53 57 61 65 67 66 63 61 59 57 56 54 52 50 49 47 46 45 44 43 42 42 -9999 41 41 41 40 40 40 39 39 39 38 38 38 37 37 35 35 34 34
42 42 42 41 40 40 39 38 37 35 34 33 32 31 30 30 29 28 28 28 29 28 28 28 29 30 31 32 33 34 34 36 36 37 38 38 39 41 42 43 44 46 47 49 50 52 56 59 63 65 67 66 65 63 61 60 57 56 54 52 51 49 48 47 46 45 45 44 44 43 43 43 43 43 43 42 42 41 41 40 39 39 38 38 -9999 36 35
44 44 44 43 42 41 40 39 38 37 35 34 33 32 31 30 30 29 29 29 29 29 30 31 31 32 32 33 33 35 36 37 38 38 39 41 41 42 44 45 47 48 50 51 53 54 56 60 63 65 66 65 65 64 62 61 59 57 56 54 53 51 51 49 48 48 47 46 46 46 46 45 45 45 45 45 45 44 43 43 42 41 40 39 38 38 37
47 47 46 45 44 43 41 41 39 38 36 35 33 33 31 30 30 30 29 29 29 30 31 31 33 32 32 33 33 35 37 38 39 40 41 42 43 44 45 47 48 51 52 54 55 56 57 60 62 64 64 65 65 65 63 62 60 59 57 56 54 54 52 51 51 50 49 49 48 48 48 48 48 48 48 48 47 47 46 45 43 43 42 41 40 39 38
48 48 47 47 45 44 42 41 39 38 37 36 35 33 32 30 30 30 29 29 31 31 32 32 33 32 34 34 34 35 38 38 40 42 42 43 45 46 48 50 51 53 54 56 57 58 59 60 62 64 65 65 65 65 64 62 61 60 58 57 56 55 54 53 52 52 51 51 51 51 51 50 50 50 51 51 50 49 48 48 47 46 45 43 42 41 40
46 45 46 46 44 41 40 40 38 36 35 35 35 33 32 30 30 30 29 29 29 31 31 32 33 33 34 34 34 37 39 39 41 43 44 45 46 48 50 52 54 55 57 57 59 60 61 63 64 65 65 65 65 65 64 62 62 60 59 57 57 57 55 54 54 54 54 53 53 53 53 53 53 -9999 53 53 52 52 51 50 49 48 47 46 44 42 41
44 44 42 40 39 39 36 35 35 35 36 36 35 33 31 29 28 27 26 27 28 30 30 31 33 33 33 33 34 36 39 40 42 44 46 48 49 51 53 54 55 56 58 58 59 60 61 63 64 65 64 64 64 63 62 62 61 60 59 58 57 57 56 56 56 55 55 55 55 55 55 55 55 56 55 55 54 54 53 52 52 51 50 48 46 44 42
51 51 48 43 41 38 38 37 35 34 33 32 32 30 29 30 29 29 29 29 29 30 31 33 34 32 32 33 35 37 40 43 45 47 50 52 53 56 57 58 59 59 58 58 58 59 60 62 63 64 63 64 62 60 59 60 60 59 58 58 57 57 57 57 57 57 57 57 58 58 58 58 58 58 58 58 57 56 56 55 54 52 52 50 48 -9999 43
57 57 51 45 44 41 38 37 35 32 29 29 28 27 26 25 26 25 25 26 28 28 30 33 35 32 35 35 35 37 39 43 46 50 54 57 60 61 60 59 60 59 58 58 57 58 58 58 60 61 60 61 62 61 60 59 59 59 58 57 57 58 58 58 58 59 59 60 60 60 61 62 62 62 62 62 62 61 60 58 56 55 53 51 48 46 44
70 64 56 51 44 40 38 36 36 33 32 32 29 26 24 25 24 22 21 21 23 24 25 30 34 36 34 34 34 36 38 41 44 48 55 62 66 65 64 64 62 61 59 57 57 56 56 56 56 57 59 60 59 58 60 60 59 58 58 58 58 58 58 59 59 60 60 61 62 63 63 63 64 64 65 65 65 64 64 62 60 58 56 53 50 47 -9999
67 64 54 47 43 40 36 37 37 36 32 31 29 27 25 24 23 22 22 22 23 23 23 24 28 30 35 36 36 37 40 43 45 50 53 56 65 63 64 62 61 59 56 55 54 55 55 56 56 57 58 60 59 59 59 60 60 59 58 58 58 59 59 60 60 61 62 63 64 65 65 66 66 67 67 68 68 67 66 65 64 62 59 56 54 52 50
59 57 52 45 40 38 37 42 42 39 35 33 29 27 24 23 24 22 22 21 20 22 23 25 27 30 32 34 35 38 42 45 49 54 55 62 66 66 63 60 57 57 56 54 54 54 54 56 57 58 59 60 60 61 61 60 60 60 59 59 59 59 60 60 61 62 64 64 66 67 68 69 70 70 70 71 71 70 69 68 66 65 63 59 57 54 52
46 44 42 40 37 34 33 46 48 45 41 37 34 29 27 26 24 22 22 21 21 22 22 22 24 25 28 30 33 35 40 45 48 54 59 64 67 69 66 62 58 56 54 53 54 55 55 57 57 58 59 60 62 62 62 62 61 61 59 59 59 59 60 61 61 63 64 66 67 69 70 71 72 73 73 73 72 72 72 71 69 67 65 63 61 57 55
37 37 34 32 30 29 28 32 37 42 41 40 37 35 33 29 27 25 23 21 20 20 19 20 22 24 25 28 33 35 41 42 46 49 53 58 60 62 60 58 55 52 51 53 53 53 55 56 56 57 59 61 62 64 64 64 63 61 60 59 59 59 60 61 62 64 66 67 69 71 73 74 75 76 77 77 77 76 75 75 73 72 69 66 63 61 58
36 34 32 30 27 26 26 26 27 29 31 31 36 39 38 35 31 26 24 22 20 19 19 20 22 25 26 29 32 35 40 40 41 45 48 51 53 54 56 54 53 52 51 51 52 53 54 55 57 59 62 63 63 65 65 63 62 61 60 59 59 59 60 61 63 65 67 69 71 73 75 77 79 80 80 80 80 79 79 78 76 74 71 69 67 64 62
40 35 31 29 27 26 26 26 27 28 29 31 33 34 35 35 36 33 28 24 22 20 20 21 23 26 28 28 31 34 37 -9999 42 41 45 46 48 48 49 49 47 48 48 49 48 48 50 53 55 58 59 63 65 66 65 63 61 60 59 58 58 58 60 61 63 66 68 71 74 76 78 80 81 83 84 84 84 83 83 82 80 78 75 72 69 67 65
42 38 34 31 28 28 27 28 29 30 33 35 37 39 40 39 39 35 34 31 28 23 22 23 25 26 28 31 36 35 36 39 38 38 39 40 41 43 43 43 42 43 43 45 46 46 47 49 54 57 63 66 68 66 65 64 62 60 58 57 57 57 59 61 64 67 70 73 76 79 81 83 85 87 87 88 88 87 86 85 83 81 79 74 74 72 69
47 43 37 34 32 31 30 -9999 32 35 40 44 45 48 54 49 46 42 40 38 35 31 30 31 30 30 33 34 37 39 34 32 34 35 34 35 37 37 40 41 42 42 43 45 45 45 49 53 57 62 64 65 68 67 67 66 62 60 57 56 55 56 59 61 65 68 71 75 78 82 84 87 88 90 91 92 92 91 90 89 87 84 81 78 77 74 71
54 48 43 40 38 39 38 37 38 41 48 53 57 61 65 62 56 53 51 50 47 43 40 40 39 37 38 40 40 44 39 39 36 33 31 29 30 32 33 35 37 40 42 40 41 44 47 51 54 56 58 62 69 67 64 63 62 58 55 54 54 56 59 62 65 69 74 78 82 85 88 91 93 94 95 96 96 94 93 91 90 88 84 82 81 78 74
59 54 49 47 48 -9999 47 44 44 47 52 56 59 63 71 67 70 70 68 62 59 56 54 51 49 48 47 55 57 51 47 42 35 31 28 28 28 29 30 32 34 36 38 41 41 42 44 46 49 54 58 61 62 67 67 64 60 57 54 53 52 57 58 62 67 72 77 81 85 89 92 95 97 99 100 100 100 98 95 94 92 90 87 85 83 80 77
73 68 60 61 66 67 64 61 55 54 62 68 72 78 78 80 82 83 82 77 78 77 71 68 65 62 61 65 58 53 47 38 32 30 28 28 29 30 30 32 33 34 35 38 41 41 45 47 50 56 59 61 63 63 61 60 59 55 51 48 49 53 58 64 69 75 80 84 89 93 96 99 101 103 104 105 104 102 100 96 93 92 89 86 84 82 79
94 92 79 -9999 79 88 81 75 71 78 88 95 99 102 101 97 98 98 97 101 96 94 96 93 89 84 84 75 70 64 55 45 36 30 29 29 30 31 33 34 35 36 37 38 40 42 42 44 47 53 57 62 60 57 57 56 55 55 54 52 51 54 60 66 73 78 84 89 94 98 101 103 105 106 107 107 107 104 102 100 96 94 89 87 84 82 78
106 104 101 104 106 125 99 101 96 98 109 136 154 153 148 139 143 150 143 150 132 120 114 107 108 103 101 97 85 75 70 55 43 36 37 35 37 37 37 37 39 40 41 42 42 44 43 43 46 50 53 56 55 54 56 55 54 55 55 56 59 62 66 71 78 84 90 95 99 103 -9999 107 109 110 110 109 107 105 104 101 98 96 93 89 86 83 80
130 141 148 139 147 135 133 137 140 140 160 158 161 189 203 202 217 236 222 189 169 148 142 135 125 120 116 111 104 95 87 74 59 47 -9999 46 48 47 46 45 46 48 49 50 50 50 47 45 48 46 48 51 50 51 52 54 55 55 56 57 61 65 71 78 84 90 96 101 106 109 111 112 112 112 112 110 107 106 104 102 99 97 93 91 88 85 83
236 269 -9999 286 287 241 209 186 199 219 239 225 234 217 220 220 217 233 269 253 247 234 220 198 173 160 143 134 127 120 111 100 88 82 72 65 60 58 57 58 58 61 61 64 61 59 55 51 50 48 46 48 50 51 52 54 55 -9999 58 61 64 69 76 83 90 97 103 108 112 115 117 118 116 114 112 109 106 106 103 101 99 98 95 94 90 87 85
-9999 -9999 -9999 371 -9999 337 279 270 242 232 292 328 278 256 258 253 264 276 312 275 263 247 221 215 208 195 190 173 159 148 138 128 119 111 99 93 88 82 77 74 79 81 82 85 84 78 73 63 56 51 48 48 49 51 53 55 57 60 62 65 69 75 82 90 97 105 111 116 119 121 123 122 118 114 111 104 107 103 100 101 100 98 97 95 93 90 86
-9999 -9999 -9999 -9999 -9999 -9999 436 436 387 335 417 381 362 347 314 308 306 311 336 337 310 297 281 255 232 209 202 198 196 192 177 170 151 141 132 124 116 115 112 103 105 108 110 100 100 99 82 73 65 58 53 52 53 53 55 60 62 63 66 70 75 82 89 97 105 112 119 124 128 128 126 123 118 113 107 104 100 101 101 99 100 99 99 97 95 91 88
-9999 -9999 383 389 423 -9999 -9999 -9999 514 -9999 490 485 489 498 484 480 485 483 473 452 381 350 357 365 326 290 285 286 286 248 219 219 215 177 172 170 162 164 148 147 145 148 140 130 139 118 106 92 82 72 64 59 60 59 59 62 65 69 71 75 82 89 97 105 113 121 127 133 136 136 132 125 116 107 104 100 96 99 100 99 100 100 101 100 97 94 90
-9999 -9999 -9999 -9999 -9999 -9999 -9999 -9999 -9999 -9999 -9999 -9999 -9999 -9999 558 561 -9999 -9999 -9999 -9999 551 491 471 523 545 527 513 497 465 411 368 400 341 260 234 230 223 225 208 193 202 196 178 158 161 149 131 115 103 93 82 73 -9999 67 -9999 68 71 75 79 -9999 90 97 104 112 121 130 135 140 145 148 143 134 121 106 95 94 93 96 97 98 100 101 102 102 100 96 92
-9999 -9999 -9999 -9999 -9999 -9999 -9999 -9999 -9999 -9999 -9999 -9999 -9999 -9999 -9999 -9999 -9999 -9999 -9999 -9999 -9999 -9999 -9999 -9999 643 637 632 644 672 669 -9999 524 524 423 359 305 308 324 251 224 275 234 223 221 199 181 171 142 135 122 105 93 85 80 79 79 83 87 90 94 99 105 111 118 126 133 139 145 153 157 156 148 129 113 103 97 95 95 98 98 101 101 103 104 101 97 93
-9999 -9999 -9999 -9999 -9999 -9999 -9999 -9999 -9999 -9999 -9999 -9999 -9999 -9999 -9999 -9999 -9999 -9999 -9999 -9999 -9999 -9999 -9999 -9999 -9999 -9999 -9999 -9999 -9999 -9999 -9999 789 684 554 519 450 386 407 364 342 325 304 258 287 287 311 228 206 199 146 130 119 113 101 -9999 97 99 101 104 106 111 114 117 121 127 133 140 148 155 161 167 158 134 119 113 106 102 98 99 100 101 102 102 102 100 97 92
-9999 -9999 -9999 -9999 -9999 -9999 -9999 -9999 -9999 -9999 -9999 -9999 -9999 -9999 -9999 -9999 -9999 -9999 -9999 -9999 -9999 -9999 -9999 -9999 -9999 -9999 -9999 -9999 -9999 -9999 -9999 -9999 758 707 607 537 535 452 371 384 -9999 315 -9999 307 352 365 334 290 231 198 164 145 140 136 129 127 126 123 122 122 122 123 122 124 128 132 137 146 155 163 166 158 141 122 121 111 105 103 101 101 102 102 102 102 100 96 92
-9999 -9999 -9999 -9999 -9999 -9999 -9999 -9999 -9999 -9999 -9999 -9999 -9999 -9999 -9999 -9999 -9999 -9999 -9999 -9999 -9999 -9999 -9999 -9999 -9999 -9999 -9999 -9999 -9999 -9999 -9999 -9999 -9999 -9999 -9999 -9999 618 570 428 334 409 -9999 440 456 441 362 292 280 -9999 240 208 185 -9999 -9999 165 165 170 159 145 138 136 131 127 125 127 130 131 137 146 154 155 147 136 128 120 114 109 106 104 103 103 103 103 102 100 98 95
-9999 -9999 -9999 -9999 -9999 -9999 -9999 -9999 -9999 -9999 -9999 -9999 -9999 -9999 -9999 -9999 -9999 -9999 -9999 -9999 -9999 -9999 -9999 -9999 -9999 -9999 -9999 -9999 -9999 -9999 -9999 -9999 -9999 -9999 -9999 -9999 -9999 -9999 590 432 423 -9999 -9999 -9999 478 -9999 371 328 -9999 295 269 243 -9999 -9999 -9999 -9999 215 203 184 167 154 144 133 126 123 123 121 127 128 130 136 135 130 125 120 115 111 108 106 107 104 104 104 103 102 100 96
-9999 -9999 -9999 -9999 -9999 -9999 -9999 -9999 -9999 -9999 -9999 -9999 -9999 -9999 -9999 -9999 -9999 -9999 -9999 -9999 -9999 -9999 -9999 -9999 -9999 -9999 -9999 -9999 -9999 -9999 -9999 -9999 -9999 -9999 -9999 -9999 -9999 -9999 -9999 -9999 524 467 553 551 527 -9999 383 344 325 -9999 301 271 271 313 339 322 230 223 203 186 172 158 142 138 130 117 109 118 115 106 116 122 121 120 115 114 112 111 109 107 107 105 105 104 104 102 99
-9999 -9999 -9999 -9999 -9999 -9999 -9999 -9999 -9999 -9999 -9999 -9999 -9999 -9999 -9999 -9999 -9999 -9999 -9999 -9999 -9999 -9999 -9999 -9999 -9999 -9999 -9999 -9999 -9999 -9999 -9999 -9999 -9999 -9999 -9999 -9999 -9999 -9999 -9999 -9999 -9999 -9999 638 599 525 -9999 -9999 -9999 335 -9999 344 374 391 -9999 365 338 -9999 267 228 203 189 173 154 146 133 119 101 100 102 101 109 118 114 114 115 113 113 111 111 110 108 108 107 106 105 104 104
-9999 -9999 -9999 -9999 -9999 -9999 -9999 -9999 -9999 -9999 -9999 -9999 -9999 -9999 -9999 -9999 -9999 -9999 -9999 -9999 -9999 -9999 -9999 -9999 -9999 -9999 -9999 -9999 -9999 -9999 -9999 -9999 -9999 -9999 -9999 -9999 -9999 -9999 -9999 -9999 -9999 -9999 -9999 -9999 543 485 431 -9999 370 -9999 368 394 495 -9999 448 395 334 288 270 -9999 209 193 173 149 130 108 96 102 92 94 102 112 111 113 111 112 111 112 111 111 111 111 110 109 109 108 107
