resultados/variables_norteamerica/bio18.asc
ncols 469
nrows 225
xllcorner -169.133333
yllcorner 20.675000
cellsize 0.249840
NODATA_value -9999
[rows 76 to 113 of 225, columns 340 to 424 of 469]
-9999 -9999 -9999 -9999 -9999 -9999 -9999 -9999 -9999 -9999 -9999 -9999 -9999 -9999 -9999 -9999 -9999 -9999 -9999 -9999 -9999 -9999 -9999 -9999 -9999 -9999 -9999 -9999 -9999 196 198 200 201 202 204 201 194 187 187 188 189 190 190 188 188 192 193 194 193 194 195 195 195 194 194 194 190 190 190 185 186 188 186 184 186 184 181 183 184 184 185 186 188 191 190 198 203 208 211 215 217 216 208 210 211
-9999 -9999 -9999 -9999 -9999 -9999 -9999 -9999 -9999 -9999 -9999 -9999 -9999 -9999 -9999 -9999 -9999 -9999 -9999 -9999 -9999 -9999 -9999 -9999 -9999 -9999 -9999 -9999 -9999 -9999 205 206 208 209 206 200 195 -9999 191 191 192 193 195 197 199 198 200 201 201 201 200 200 200 200 197 194 190 191 190 191 193 195 195 191 193 193 191 186 190 192 193 196 194 197 197 198 205 213 215 217 219 219 219 219 215
-9999 -9999 -9999 -9999 -9999 -9999 -9999 -9999 -9999 -9999 -9999 -9999 -9999 -9999 -9999 -9999 -9999 -9999 -9999 -9999 -9999 -9999 -9999 -9999 -9999 -9999 -9999 -9999 -9999 -9999 212 213 214 214 210 201 198 193 193 196 198 200 201 204 205 206 206 206 207 204 203 206 204 201 203 204 203 199 199 197 201 203 200 198 197 201 199 194 196 198 199 201 201 200 202 201 205 212 218 220 220 220 221 219 219
-9999 -9999 -9999 -9999 -9999 -9999 -9999 -9999 -9999 -9999 -9999 -9999 -9999 -9999 -9999 -9999 -9999 -9999 -9999 -9999 -9999 -9999 -9999 -9999 -9999 -9999 -9999 -9999 -9999 -9999 215 221 220 216 207 200 199 199 200 202 205 208 209 209 209 210 211 211 210 211 211 209 209 211 212 213 210 213 213 207 204 207 205 203 204 205 205 202 201 202 203 205 206 207 209 208 214 217 219 219 224 224 226 225 224
-9999 -9999 -9999 -9999 -9999 -9999 -9999 -9999 -9999 -9999 -9999 -9999 -9999 -9999 -9999 -9999 -9999 -9999 -9999 -9999 -9999 -9999 -9999 -9999 -9999 -9999 -9999 -9999 -9999 -9999 -9999 226 224 219 211 203 205 207 208 208 -9999 210 212 212 212 213 216 217 216 216 216 215 219 219 219 220 218 220 220 213 207 212 214 211 208 208 210 210 212 211 209 209 211 212 212 214 214 213 222 223 227 229 229 233 232
-9999 -9999 -9999 -9999 -9999 -9999 -9999 -9999 -9999 -9999 -9999 -9999 -9999 -9999 -9999 -9999 -9999 -9999 -9999 -9999 -9999 -9999 -9999 -9999 -9999 -9999 -9999 -9999 -9999 -9999 -9999 229 222 210 207 208 210 210 211 212 214 213 214 215 218 220 220 221 222 224 227 223 221 225 227 228 225 225 223 219 219 220 214 218 218 218 218 218 218 219 218 217 216 218 220 221 223 218 225 226 228 229 231 229 227
-9999 -9999 -9999 -9999 -9999 -9999 -9999 -9999 -9999 -9999 -9999 -9999 -9999 -9999 -9999 -9999 -9999 -9999 -9999 -9999 208 -9999 -9999 -9999 -9999 -9999 -9999 -9999 -9999 -9999 -9999 -9999 222 212 214 215 215 215 216 217 -9999 221 222 225 224 226 227 230 230 230 232 231 229 230 234 233 233 233 234 230 220 221 219 226 233 230 226 227 226 226 225 223 223 224 224 224 224 223 226 227 230 231 232 236 236
-9999 -9999 -9999 -9999 -9999 -9999 -9999 -9999 -9999 -9999 -9999 -9999 -9999 -9999 -9999 -9999 -9999 -9999 -9999 208 -9999 -9999 -9999 -9999 -9999 -9999 -9999 -9999 -9999 -9999 236 229 221 217 219 218 220 222 224 221 -9999 227 230 229 230 231 232 234 234 235 240 240 238 238 240 244 245 244 240 239 235 226 229 229 233 240 231 233 235 234 234 231 231 231 231 233 232 228 229 231 236 238 240 240 237
-9999 -9999 -9999 -9999 -9999 -9999 -9999 -9999 -9999 -9999 -9999 -9999 -9999 -9999 -9999 -9999 -9999 -9999 208 -9999 -9999 -9999 -9999 -9999 -9999 -9999 -9999 -9999 -9999 247 234 224 223 224 224 225 225 227 230 229 231 234 234 233 235 236 239 240 240 243 246 243 243 243 247 251 251 250 250 248 242 242 240 240 241 244 246 243 244 240 239 241 237 239 237 241 238 234 -9999 237 241 246 246 -9999 250
-9999 -9999 -9999 -9999 -9999 -9999 -9999 -9999 -9999 -9999 -9999 -9999 -9999 -9999 -9999 -9999 -9999 -9999 -9999 -9999 -9999 -9999 -9999 -9999 -9999 -9999 -9999 -9999 253 237 228 228 228 230 230 230 231 233 236 236 237 238 238 240 244 245 251 251 249 251 249 252 255 256 257 257 258 258 255 254 252 251 250 246 245 250 -9999 251 254 250 252 249 -9999 246 248 248 245 244 243 245 247 -9999 256 257 257
-9999 -9999 -9999 -9999 -9999 -9999 -9999 -9999 -9999 -9999 -9999 -9999 -9999 -9999 -9999 -9999 -9999 -9999 -9999 -9999 -9999 -9999 -9999 -9999 -9999 -9999 -9999 258 243 231 231 233 235 235 235 236 237 239 240 243 243 245 245 248 251 252 253 253 254 254 255 256 257 259 260 261 261 263 261 263 262 261 262 257 260 257 263 255 256 258 258 261 260 257 255 250 255 252 251 253 257 259 261 265 266
208 208 207 206 205 205 204 -9999 -9999 -9999 -9999 -9999 -9999 -9999 -9999 -9999 -9999 -9999 -9999 -9999 -9999 -9999 -9999 -9999 249 256 254 244 233 233 234 236 238 238 240 240 240 243 247 249 250 252 254 253 -9999 255 256 -9999 259 260 261 263 264 265 270 270 269 271 271 271 271 273 272 269 269 269 271 272 262 262 262 262 262 259 258 259 264 261 261 260 264 267 267 270 272
213 213 211 211 210 208 208 207 -9999 -9999 -9999 -9999 -9999 -9999 -9999 -9999 -9999 -9999 -9999 -9999 -9999 217 224 233 233 234 233 234 235 236 236 240 243 244 246 246 247 249 251 253 254 256 256 258 260 261 262 264 266 267 269 271 273 274 277 278 276 277 278 278 278 279 279 277 276 274 274 276 274 270 268 -9999 267 266 265 265 267 266 267 268 270 272 273 277 277
219 218 217 215 214 213 212 210 -9999 -9999 -9999 -9999 -9999 -9999 -9999 -9999 -9999 -9999 -9999 202 202 207 212 217 222 227 230 233 236 239 242 240 244 248 249 249 250 253 256 257 258 262 263 264 266 268 269 270 272 273 274 276 279 281 281 285 284 284 285 284 282 283 285 285 284 282 281 281 280 275 271 270 270 271 270 269 272 272 275 274 279 281 278 279 279
226 222 221 220 218 216 215 -9999 -9999 -9999 -9999 -9999 -9999 -9999 -9999 -9999 -9999 -9999 -9999 198 199 204 209 216 222 228 231 234 237 238 240 243 244 246 247 250 253 259 260 262 265 266 -9999 269 270 272 274 276 277 278 280 284 287 290 291 291 290 290 290 291 289 289 288 287 288 287 285 285 283 282 277 -9999 274 275 275 275 277 277 278 279 282 284 282 283 282
230 227 226 225 222 220 219 219 -9999 -9999 -9999 -9999 -9999 -9999 -9999 -9999 -9999 -9999 -9999 -9999 197 201 207 215 222 227 231 235 239 240 241 -9999 246 248 248 252 254 256 261 264 266 268 271 -9999 273 277 280 282 283 285 287 294 296 295 296 297 297 296 296 296 296 296 296 296 294 295 292 290 288 285 282 279 280 279 278 278 -9999 282 284 -9999 -9999 -9999 288 -9999 288
231 230 229 228 227 225 224 222 -9999 -9999 -9999 -9999 -9999 -9999 -9999 -9999 -9999 -9999 -9999 -9999 -9999 200 206 213 220 226 230 235 239 240 243 245 249 253 -9999 -9999 258 260 261 264 267 269 271 276 278 281 283 289 289 291 294 296 299 301 303 303 303 305 303 304 303 302 302 302 301 299 298 296 292 289 286 283 287 284 285 283 -9999 286 288 293 -9999 -9999 294 294 295
233 232 232 231 230 229 228 226 -9999 -9999 -9999 -9999 -9999 -9999 -9999 -9999 -9999 -9999 -9999 -9999 -9999 204 209 216 223 227 232 -9999 240 -9999 -9999 249 254 -9999 259 262 263 263 266 270 273 277 281 283 285 286 290 292 295 296 300 303 304 307 309 310 310 312 313 312 311 309 308 308 306 304 302 303 301 298 290 287 291 288 286 287 289 291 292 292 295 294 295 295 297
237 236 235 235 233 232 231 230 -9999 -9999 -9999 -9999 -9999 -9999 -9999 -9999 -9999 -9999 -9999 -9999 -9999 208 212 218 224 229 233 240 243 246 -9999 252 256 260 264 267 271 271 272 276 -9999 282 285 288 291 293 296 300 301 303 306 310 -9999 312 314 318 320 321 321 320 318 318 317 315 315 312 309 305 302 299 292 290 295 296 295 299 296 -9999 295 298 298 296 291 288 293
240 239 237 237 236 236 235 234 -9999 234 233 232 230 -9999 -9999 -9999 -9999 -9999 -9999 -9999 -9999 211 216 -9999 227 233 238 243 247 -9999 253 257 260 265 269 272 277 277 278 279 282 284 287 290 294 296 300 303 307 311 315 316 317 319 320 324 329 333 334 330 329 331 328 322 320 319 314 310 307 298 295 294 298 300 297 298 300 299 297 300 303 301 299 298 294
242 241 240 239 239 238 238 238 -9999 -9999 236 235 233 231 -9999 -9999 -9999 -9999 -9999 -9999 -9999 -9999 217 222 227 234 239 245 251 254 256 261 263 267 270 274 277 281 283 286 290 289 -9999 296 299 303 305 308 313 317 320 321 324 325 -9999 328 332 333 335 336 336 336 334 332 329 326 319 317 310 303 300 297 297 298 298 296 298 299 298 302 306 308 310 304 300
245 244 242 242 242 242 242 242 243 244 -9999 -9999 -9999 -9999 -9999 -9999 -9999 -9999 -9999 -9999 -9999 -9999 220 225 231 237 244 250 253 257 260 263 267 272 275 278 283 284 287 291 293 294 297 300 -9999 307 308 308 312 316 320 324 328 331 335 338 336 333 336 343 341 343 341 340 338 332 327 320 313 308 302 301 299 298 299 299 300 300 299 -9999 302 305 306 302 301
248 246 245 244 245 245 246 247 247 247 -9999 -9999 -9999 -9999 -9999 -9999 -9999 -9999 -9999 -9999 -9999 -9999 -9999 226 234 241 247 252 257 261 -9999 -9999 273 276 280 280 283 286 288 290 292 296 299 300 304 307 311 316 320 326 331 338 344 352 358 351 345 341 341 344 345 350 346 347 345 335 326 324 315 311 310 310 303 302 307 308 307 307 308 303 299 298 301 301 301
248 247 247 247 247 248 249 250 250 251 251 249 -9999 -9999 -9999 -9999 -9999 -9999 -9999 233 -9999 -9999 230 233 240 247 253 260 265 268 270 275 278 280 283 285 287 289 291 292 295 296 298 301 305 309 317 330 342 338 345 349 350 355 356 350 354 354 348 341 341 343 341 344 349 336 329 325 319 313 315 315 311 314 313 311 309 312 309 304 302 298 297 297 299
249 248 248 248 248 249 250 251 252 254 254 252 250 -9999 -9999 -9999 -9999 -9999 -9999 -9999 -9999 -9999 237 241 246 253 259 -9999 268 271 274 278 284 286 287 289 291 294 296 296 297 298 301 304 308 328 337 341 340 336 340 344 348 351 350 345 346 348 350 338 344 348 340 343 342 349 334 337 330 321 316 315 314 315 310 312 315 317 311 313 308 301 299 300 302
250 248 249 249 249 250 252 254 255 256 256 255 254 252 250 -9999 -9999 -9999 -9999 244 -9999 -9999 245 249 254 260 265 271 274 -9999 281 284 287 290 292 294 296 297 298 299 300 301 306 309 318 323 328 326 332 338 339 340 347 354 356 352 348 347 349 344 -9999 339 339 -9999 364 365 355 349 339 329 329 318 321 316 315 312 315 318 319 320 312 304 301 305 307
250 249 249 250 251 253 254 256 256 256 256 257 255 254 253 -9999 -9999 -9999 248 248 248 -9999 252 256 261 268 274 277 280 284 288 290 295 299 298 299 299 301 301 301 302 304 309 309 311 313 319 324 334 343 343 343 346 350 361 363 355 349 346 345 339 342 343 329 339 336 336 339 330 331 329 319 322 321 324 317 319 312 323 325 318 310 308 307 310
249 250 250 251 252 253 255 255 256 256 256 256 256 256 256 256 255 253 253 254 256 258 260 266 272 278 282 285 287 289 293 296 299 302 302 304 305 305 306 306 306 305 -9999 -9999 313 319 329 334 342 345 345 345 351 354 352 365 362 366 353 348 349 340 335 347 347 -9999 334 339 333 329 327 318 319 319 329 318 317 313 314 313 317 317 312 303 306
248 248 250 252 254 255 255 255 255 255 256 256 257 258 260 261 260 259 259 261 265 268 273 277 282 286 290 291 -9999 296 298 300 304 306 308 309 310 313 312 310 308 306 -9999 313 320 327 331 338 343 348 351 346 348 352 353 356 364 370 356 343 346 342 334 345 341 -9999 331 329 325 323 322 313 315 318 330 314 317 323 304 306 300 305 299 299 297
247 248 250 252 255 255 253 254 255 256 256 258 261 264 270 273 274 272 271 269 271 276 283 287 291 293 297 299 302 303 304 307 312 313 314 316 320 320 319 318 312 308 312 319 322 328 331 337 340 350 356 355 364 359 356 353 359 365 352 338 340 337 323 324 329 319 -9999 324 317 320 317 317 304 313 311 302 301 303 299 300 293 293 292 289 288
244 246 249 250 251 251 252 253 254 256 258 263 268 272 276 278 279 280 281 282 282 287 291 294 297 300 302 304 307 308 309 313 317 318 320 322 322 323 323 323 317 311 317 319 322 326 328 335 341 358 364 359 364 364 362 362 353 351 341 328 335 333 314 320 321 317 320 319 305 309 304 298 288 292 291 290 291 292 291 287 285 284 281 281 -9999
242 245 247 249 250 253 254 256 259 262 264 268 271 275 277 280 282 283 285 286 288 292 296 299 302 305 307 309 311 312 313 316 319 320 323 324 325 327 330 329 323 321 318 316 321 323 332 341 342 352 364 368 361 354 359 358 348 337 334 328 317 316 307 312 303 303 312 293 290 292 -9999 -9999 -9999 -9999 -9999 -9999 -9999 -9999 -9999 -9999 -9999 -9999 -9999 -9999 -9999
243 244 246 247 251 256 258 261 262 266 267 270 273 275 278 281 283 286 286 288 292 296 300 304 308 311 312 313 315 315 318 319 322 324 326 326 329 330 334 335 330 326 319 317 320 321 325 333 336 343 354 361 355 354 349 343 338 332 328 320 311 304 295 288 288 291 292 284 275 -9999 -9999 -9999 -9999 -9999 -9999 -9999 -9999 -9999 -9999 278 278 -9999 -9999 -9999 -9999
239 241 243 246 250 254 259 261 262 264 267 269 273 274 277 280 282 285 287 291 295 299 303 308 311 313 315 317 323 323 320 322 324 325 328 330 331 332 333 -9999 331 327 320 318 323 316 315 317 319 332 343 347 347 349 343 341 333 329 319 314 304 295 287 282 284 280 276 272 -9999 -9999 -9999 -9999 -9999 -9999 -9999 -9999 -9999 -9999 -9999 -9999 -9999 -9999 276 282 281
236 239 240 243 248 253 257 261 261 263 266 268 270 273 -9999 281 283 284 289 294 299 302 306 309 312 315 316 317 320 323 325 326 329 333 334 334 335 336 337 333 330 325 321 318 314 308 304 304 306 322 341 339 349 355 349 348 334 323 308 302 292 287 276 264 262 258 254 253 -9999 -9999 -9999 -9999 -9999 -9999 -9999 -9999 -9999 -9999 -9999 -9999 -9999 -9999 271 272 274
234 237 239 240 244 248 252 256 258 262 265 268 269 270 274 276 280 285 290 295 300 304 308 309 311 314 315 317 320 -9999 331 332 334 336 338 339 342 344 341 336 331 326 323 315 305 299 294 292 298 310 323 336 339 355 352 343 332 323 311 297 280 269 259 250 -9999 -9999 -9999 -9999 -9999 -9999 285 300 324 316 299 292 295 288 283 -9999 -9999 -9999 -9999 -9999 -9999
234 236 237 239 242 244 247 250 254 260 263 266 267 267 268 271 274 280 286 293 299 304 309 310 311 313 314 316 321 328 333 335 338 338 340 343 345 342 339 340 337 332 334 326 314 298 283 279 285 296 309 326 339 363 357 351 339 319 302 283 269 259 -9999 -9999 -9999 -9999 -9999 -9999 300 309 317 313 319 315 313 306 299 293 280 276 -9999 -9999 -9999 -9999 -9999
236 239 237 239 241 241 243 244 249 255 260 263 263 262 263 267 274 277 284 291 299 306 309 310 311 312 312 316 320 329 334 334 336 338 341 344 343 342 -9999 340 334 333 337 330 323 312 294 282 -9999 -9999 305 312 318 338 353 355 335 315 296 275 -9999 -9999 -9999 -9999 256 273 282 293 306 312 313 309 308 307 305 306 305 299 287 275 -9999 -9999 -9999 -9999 -9999
