resultados/variables_norteamerica/bio11.asc
ncols 469
nrows 225
xllcorner -169.133333
yllcorner 20.675000
cellsize 0.249840
NODATA_value -9999
[rows 74 to 110 of 225, columns 246 to 327 of 469]
-226 -228 -229 -230 -229 -227 -227 -227 -229 -9999 -229 -228 -228 -229 -228 -227 -9999 -231 -9999 -239 -242 -246 -248 -250 -252 -252 -254 -255 -255 -255 -253 -252 -252 -252 -252 -252 -252 -252 -253 -256 -256 -256 -257 -258 -258 -258 -258 -258 -258 -257 -257 -257 -256 -256 -256 -257 -257 -257 -9999 -9999 -9999 -9999 -9999 -9999 -9999 -9999 -9999 -9999 -9999 -9999 -9999 -9999 -9999 -9999 -9999 -9999 -9999 -9999 -9999 -9999 -9999 -9999
-222 -223 -223 -223 -223 -222 -223 -223 -223 -225 -225 -226 -225 -224 -223 -9999 -224 -9999 -232 -235 -239 -242 -9999 -246 -248 -249 -250 -251 -251 -250 -250 -248 -248 -247 -247 -246 -246 -248 -250 -251 -252 -253 -9999 -255 -256 -256 -256 -256 -256 -256 -255 -254 -254 -254 -254 -254 -254 -254 -254 -254 -9999 -9999 -9999 -9999 -9999 -9999 -9999 -9999 -9999 -9999 -9999 -9999 -9999 -9999 -9999 -9999 -9999 -9999 -9999 -9999 -9999 -9999
-219 -219 -218 -218 -219 -219 -219 -220 -220 -222 -221 -221 -221 -221 -220 -220 -222 -9999 -229 -232 -235 -237 -9999 -9999 -245 -246 -247 -247 -247 -246 -245 -244 -243 -243 -242 -242 -242 -244 -245 -247 -248 -249 -250 -252 -253 -252 -253 -253 -253 -253 -254 -253 -252 -252 -252 -252 -252 -252 -251 -251 -9999 -9999 -9999 -9999 -9999 -9999 -9999 -9999 -9999 -9999 -9999 -9999 -9999 -9999 -9999 -9999 -9999 -9999 -9999 -9999 -9999 -9999
-215 -216 -215 -214 -9999 -214 -214 -215 -215 -215 -216 -216 -217 -217 -218 -219 -221 -223 -226 -228 -9999 -9999 -9999 -239 -241 -243 -243 -243 -243 -242 -241 -240 -239 -238 -237 -236 -237 -239 -241 -243 -244 -246 -247 -248 -248 -249 -249 -250 -251 -251 -252 -252 -251 -250 -250 -249 -249 -249 -249 -249 -9999 -9999 -9999 -9999 -9999 -9999 -9999 -9999 -9999 -9999 -9999 -9999 -9999 -9999 -9999 -9999 -9999 -9999 -9999 -9999 -9999 -9999
-9999 -210 -210 -210 -9999 -210 -210 -209 -209 -210 -212 -213 -214 -215 -216 -217 -219 -221 -223 -9999 -9999 -9999 -235 -236 -238 -239 -239 -240 -240 -238 -238 -237 -234 -233 -231 -231 -232 -9999 -237 -238 -9999 -242 -244 -245 -245 -245 -246 -247 -248 -248 -249 -250 -249 -248 -247 -247 -247 -247 -247 -246 -246 -9999 -9999 -9999 -9999 -9999 -9999 -9999 -9999 -9999 -9999 -9999 -9999 -9999 -9999 -9999 -9999 -9999 -9999 -9999 -9999 -9999
-207 -206 -207 -208 -208 -209 -208 -207 -9999 -9999 -210 -211 -211 -212 -213 -214 -216 -218 -221 -223 -9999 -9999 -230 -233 -234 -235 -236 -237 -236 -235 -234 -233 -230 -228 -225 -226 -228 -231 -234 -235 -238 -240 -241 -9999 -242 -243 -243 -244 -244 -245 -246 -247 -248 -247 -245 -245 -244 -244 -244 -244 -9999 -9999 -9999 -244 -244 -244 -244 -244 -244 -243 -9999 -9999 -9999 -9999 -9999 -9999 -9999 -9999 -9999 -9999 -9999 -9999
-203 -203 -204 -205 -205 -205 -205 -205 -205 -206 -208 -208 -209 -210 -211 -212 -214 -217 -219 -222 -223 -9999 -228 -230 -231 -232 -233 -233 -232 -231 -231 -229 -227 -224 -221 -222 -226 -229 -231 -234 -236 -238 -238 -239 -240 -240 -241 -241 -242 -243 -244 -244 -243 -243 -242 -242 -241 -241 -241 -241 -241 -241 -242 -242 -243 -243 -243 -243 -243 -242 -241 -240 -240 -239 -9999 -9999 -9999 -9999 -9999 -9999 -9999 -9999
-199 -199 -201 -201 -202 -201 -202 -203 -203 -204 -206 -207 -207 -208 -210 -212 -213 -215 -217 -9999 -221 -224 -225 -226 -227 -228 -229 -229 -229 -228 -228 -227 -226 -222 -220 -221 -224 -227 -230 -233 -233 -234 -235 -236 -236 -237 -238 -238 -238 -238 -239 -240 -239 -239 -239 -239 -9999 -239 -239 -239 -240 -240 -240 -241 -241 -241 -242 -241 -241 -241 -240 -239 -238 -238 -237 -237 -236 -234 -9999 -9999 -9999 -9999
-196 -196 -197 -198 -198 -199 -201 -201 -202 -202 -203 -204 -205 -207 -209 -210 -212 -213 -9999 -218 -219 -221 -222 -222 -224 -224 -224 -224 -224 -224 -225 -225 -223 -221 -221 -221 -223 -226 -229 -230 -231 -232 -233 -233 -234 -234 -234 -235 -235 -235 -9999 -9999 -9999 -236 -236 -236 -236 -236 -236 -236 -237 -238 -239 -239 -239 -240 -240 -241 -241 -240 -239 -238 -237 -237 -237 -236 -234 -233 -232 -9999 -9999 -9999
-192 -192 -193 -193 -194 -196 -197 -197 -198 -199 -200 -202 -204 -207 -207 -207 -210 -211 -213 -216 -217 -218 -219 -218 -218 -219 -220 -220 -220 -221 -221 -221 -220 -220 -220 -220 -222 -224 -226 -228 -228 -229 -229 -229 -229 -230 -231 -232 -232 -233 -233 -234 -235 -235 -234 -234 -233 -233 -234 -234 -234 -235 -237 -237 -238 -238 -238 -238 -238 -238 -238 -237 -237 -236 -235 -234 -233 -231 -231 -230 -9999 -9999
-189 -189 -189 -190 -191 -192 -193 -194 -195 -197 -198 -199 -201 -203 -204 -206 -209 -9999 -211 -213 -215 -215 -213 -213 -213 -213 -214 -215 -216 -217 -217 -218 -218 -217 -218 -219 -220 -222 -224 -226 -225 -226 -226 -227 -227 -228 -229 -229 -229 -230 -230 -230 -231 -231 -231 -231 -232 -232 -233 -233 -233 -232 -233 -233 -234 -234 -235 -235 -235 -235 -235 -235 -235 -234 -234 -232 -231 -230 -229 -228 -227 -227
-186 -188 -188 -188 -9999 -189 -191 -191 -193 -195 -196 -197 -198 -200 -202 -204 -206 -207 -208 -210 -212 -211 -209 -209 -209 -209 -210 -210 -211 -213 -214 -214 -215 -215 -216 -217 -9999 -219 -220 -222 -222 -222 -9999 -223 -224 -224 -225 -226 -227 -227 -227 -228 -228 -228 -228 -228 -229 -229 -230 -230 -230 -230 -230 -230 -231 -231 -231 -232 -232 -232 -232 -232 -231 -231 -231 -230 -229 -228 -227 -227 -227 -226
-182 -185 -185 -184 -9999 -186 -9999 -189 -191 -192 -194 -195 -196 -197 -199 -200 -202 -203 -205 -207 -208 -207 -204 -202 -203 -204 -205 -206 -207 -208 -210 -211 -212 -213 -214 -215 -216 -216 -216 -217 -218 -218 -219 -220 -9999 -222 -222 -223 -223 -224 -224 -224 -225 -225 -226 -226 -226 -226 -227 -227 -227 -227 -227 -227 -228 -228 -228 -229 -229 -229 -228 -228 -229 -228 -228 -227 -226 -225 -226 -226 -227 -226
-180 -181 -183 -183 -184 -185 -186 -187 -9999 -190 -9999 -9999 -194 -196 -197 -199 -200 -201 -201 -202 -202 -201 -198 -196 -196 -198 -200 -202 -203 -205 -206 -207 -208 -209 -210 -212 -9999 -212 -211 -212 -213 -214 -216 -217 -218 -219 -220 -220 -9999 -221 -221 -221 -222 -222 -223 -223 -224 -224 -224 -224 -225 -225 -225 -225 -225 -225 -226 -226 -226 -226 -226 -225 -225 -225 -224 -224 -223 -223 -223 -224 -224 -224
-177 -9999 -179 -181 -182 -183 -185 -186 -188 -189 -190 -192 -195 -199 -195 -195 -195 -197 -198 -199 -198 -197 -192 -189 -9999 -194 -196 -198 -199 -9999 -202 -203 -204 -205 -206 -208 -208 -206 -206 -207 -210 -211 -212 -214 -215 -216 -216 -216 -9999 -217 -218 -218 -218 -220 -219 -220 -221 -221 -222 -222 -222 -223 -223 -223 -223 -224 -224 -224 -224 -224 -224 -223 -223 -223 -222 -222 -222 -222 -221 -221 -220 -220
-173 -175 -176 -178 -181 -184 -185 -186 -187 -189 -190 -192 -194 -193 -192 -192 -193 -194 -195 -195 -195 -192 -189 -187 -9999 -190 -192 -194 -195 -197 -198 -199 -200 -201 -203 -203 -203 -202 -201 -203 -205 -208 -209 -211 -212 -213 -213 -213 -213 -214 -214 -215 -215 -215 -216 -217 -218 -218 -219 -220 -220 -220 -221 -222 -222 -222 -222 -222 -223 -222 -222 -221 -221 -221 -220 -220 -221 -220 -219 -219 -218 -218
-171 -172 -174 -175 -177 -180 -182 -183 -9999 -187 -189 -191 -194 -192 -9999 -190 -190 -191 -191 -192 -9999 -192 -189 -187 -186 -188 -189 -191 -192 -193 -194 -195 -197 -198 -198 -199 -199 -199 -199 -201 -203 -205 -207 -209 -209 -210 -211 -211 -211 -9999 -211 -212 -212 -9999 -214 -214 -215 -216 -216 -217 -217 -218 -219 -219 -220 -220 -220 -221 -221 -221 -221 -220 -219 -218 -218 -218 -217 -217 -217 -217 -9999 -215
-169 -169 -170 -172 -174 -176 -177 -179 -182 -186 -188 -188 -188 -186 -186 -186 -187 -187 -188 -189 -190 -191 -189 -186 -185 -9999 -9999 -187 -187 -189 -190 -9999 -193 -194 -194 -195 -196 -196 -198 -200 -202 -203 -204 -9999 -206 -207 -208 -208 -209 -209 -209 -209 -209 -210 -211 -212 -212 -213 -214 -214 -215 -216 -216 -217 -217 -218 -218 -218 -219 -219 -219 -219 -218 -217 -216 -216 -214 -214 -214 -213 -212 -212
-168 -168 -167 -167 -172 -173 -173 -177 -180 -182 -184 -184 -184 -183 -182 -181 -182 -183 -184 -186 -187 -188 -186 -184 -183 -183 -184 -184 -184 -9999 -187 -9999 -189 -9999 -191 -192 -194 -195 -9999 -198 -200 -201 -202 -203 -204 -205 -206 -206 -206 -9999 -206 -9999 -206 -207 -208 -209 -210 -211 -211 -212 -212 -213 -214 -214 -215 -215 -215 -216 -216 -216 -217 -217 -216 -216 -215 -214 -213 -213 -212 -211 -211 -210
-166 -166 -163 -163 -164 -165 -168 -173 -177 -180 -181 -181 -180 -180 -177 -177 -9999 -180 -181 -182 -184 -188 -184 -9999 -180 -181 -181 -180 -9999 -9999 -183 -184 -186 -187 -9999 -9999 -9999 -9999 -9999 -9999 -198 -199 -200 -201 -202 -203 -203 -204 -204 -204 -204 -204 -204 -204 -205 -207 -207 -208 -209 -210 -210 -210 -212 -212 -212 -212 -213 -214 -214 -214 -214 -214 -214 -213 -212 -212 -211 -210 -210 -209 -208 -208
-9999 -164 -161 -159 -158 -158 -159 -168 -174 -176 -176 -177 -177 -176 -173 -173 -175 -178 -179 -183 -189 -191 -180 -178 -177 -177 -177 -177 -9999 -9999 -9999 -181 -182 -183 -9999 -9999 -9999 -9999 -9999 -9999 -196 -197 -198 -199 -200 -201 -201 -201 -202 -202 -202 -202 -203 -203 -203 -204 -204 -205 -206 -207 -207 -208 -208 -209 -210 -210 -210 -211 -212 -212 -212 -212 -211 -211 -210 -210 -210 -209 -208 -207 -206 -206
-165 -164 -160 -156 -154 -152 -150 -159 -168 -171 -173 -173 -174 -173 -172 -172 -175 -179 -183 -185 -184 -179 -174 -174 -173 -173 -9999 -9999 -9999 -9999 -177 -178 -9999 -180 -9999 -9999 -9999 -9999 -9999 -9999 -9999 -195 -196 -197 -197 -198 -198 -199 -199 -199 -199 -200 -200 -200 -201 -201 -201 -202 -202 -9999 -203 -204 -205 -9999 -207 -208 -208 -209 -210 -210 -209 -209 -209 -208 -208 -207 -206 -206 -205 -205 -204 -204
-160 -159 -156 -154 -152 -150 -149 -156 -164 -168 -170 -170 -171 -172 -172 -174 -176 -177 -178 -178 -176 -171 -170 -171 -174 -9999 -170 -9999 -171 -9999 -9999 -9999 -9999 -9999 -181 -9999 -9999 -9999 -9999 -9999 -9999 -194 -194 -195 -195 -195 -195 -196 -196 -196 -197 -197 -197 -198 -198 -198 -199 -199 -200 -200 -201 -202 -202 -9999 -204 -9999 -205 -206 -206 -207 -206 -206 -206 -205 -204 -204 -203 -203 -202 -202 -201 -201
-156 -155 -155 -154 -153 -151 -152 -156 -162 -166 -168 -169 -170 -171 -172 -174 -176 -177 -177 -176 -174 -172 -176 -181 -181 -180 -169 -167 -168 -169 -171 -9999 -175 -177 -180 -182 -9999 -9999 -9999 -9999 -9999 -9999 -192 -192 -192 -192 -192 -193 -193 -194 -194 -195 -195 -196 -196 -196 -197 -197 -197 -198 -198 -199 -200 -201 -9999 -203 -204 -204 -204 -204 -204 -204 -204 -204 -204 -202 -202 -201 -200 -199 -199 -199
-154 -153 -153 -153 -153 -152 -154 -157 -160 -164 -166 -167 -167 -168 -170 -172 -175 -178 -179 -177 -177 -175 -175 -176 -174 -170 -164 -165 -166 -167 -9999 -9999 -173 -176 -179 -181 -183 -9999 -9999 -9999 -9999 -9999 -9999 -189 -189 -189 -189 -190 -190 -191 -191 -192 -193 -193 -193 -194 -195 -195 -195 -195 -196 -197 -198 -199 -200 -201 -201 -201 -202 -202 -202 -201 -201 -200 -200 -199 -198 -198 -197 -196 -196 -196
-152 -152 -151 -152 -152 -153 -154 -155 -157 -160 -162 -163 -162 -163 -166 -170 -172 -175 -176 -175 -174 -174 -174 -172 -167 -164 -165 -167 -165 -165 -9999 -9999 -9999 -174 -178 -181 -183 -185 -9999 -9999 -187 -9999 -9999 -185 -185 -185 -186 -186 -9999 -187 -188 -189 -189 -190 -190 -191 -192 -192 -192 -192 -193 -194 -196 -196 -197 -197 -198 -199 -200 -200 -200 -199 -199 -198 -198 -197 -195 -195 -194 -194 -193 -193
-150 -149 -149 -149 -150 -152 -153 -153 -154 -155 -156 -157 -157 -9999 -9999 -166 -168 -171 -172 -172 -172 -172 -172 -172 -171 -171 -173 -174 -164 -163 -9999 -9999 -168 -172 -176 -180 -182 -184 -185 -9999 -186 -185 -9999 -9999 -180 -181 -182 -183 -183 -184 -185 -186 -187 -187 -187 -187 -188 -188 -188 -188 -189 -191 -192 -193 -194 -194 -195 -196 -197 -197 -197 -197 -197 -196 -195 -195 -195 -194 -192 -192 -192 -192
-145 -145 -145 -146 -148 -152 -154 -153 -150 -149 -151 -152 -154 -158 -161 -164 -167 -168 -168 -168 -169 -170 -172 -172 -173 -172 -172 -173 -165 -161 -160 -162 -9999 -169 -9999 -9999 -9999 -184 -185 -185 -184 -183 -180 -177 -177 -177 -178 -179 -180 -181 -182 -182 -183 -9999 -185 -185 -185 -185 -185 -185 -186 -187 -188 -188 -190 -191 -191 -192 -193 -194 -194 -195 -195 -194 -194 -193 -190 -190 -189 -189 -189 -189
-139 -141 -141 -142 -145 -147 -151 -150 -146 -144 -146 -149 -152 -156 -160 -163 -166 -168 -167 -165 -165 -167 -169 -168 -167 -167 -168 -168 -163 -159 -157 -9999 -162 -167 -9999 -9999 -180 -182 -183 -183 -183 -182 -178 -9999 -9999 -174 -174 -175 -177 -177 -178 -178 -179 -181 -182 -182 -182 -182 -181 -181 -182 -182 -183 -9999 -186 -187 -188 -189 -191 -191 -192 -192 -192 -192 -191 -191 -189 -187 -186 -186 -186 -185
-134 -135 -134 -135 -9999 -141 -145 -144 -141 -140 -142 -146 -149 -153 -156 -159 -162 -164 -163 -162 -162 -163 -164 -164 -163 -163 -165 -164 -162 -160 -158 -156 -159 -164 -168 -172 -9999 -178 -180 -181 -181 -180 -176 -9999 -9999 -169 -169 -171 -173 -174 -174 -175 -176 -177 -178 -178 -177 -175 -175 -176 -177 -179 -180 -181 -182 -183 -185 -9999 -187 -188 -189 -189 -190 -190 -189 -189 -187 -186 -184 -184 -184 -184
-127 -127 -127 -129 -131 -134 -137 -138 -137 -136 -138 -143 -147 -150 -152 -154 -156 -157 -158 -157 -158 -159 -159 -159 -159 -160 -165 -166 -167 -166 -168 -166 -160 -162 -164 -167 -171 -173 -175 -177 -177 -176 -173 -9999 -9999 -9999 -164 -166 -168 -169 -171 -172 -173 -173 -174 -173 -172 -169 -170 -172 -173 -175 -176 -177 -179 -180 -182 -183 -184 -186 -186 -187 -187 -187 -187 -187 -185 -183 -182 -181 -182 -182
-119 -121 -123 -123 -124 -127 -131 -132 -130 -131 -135 -140 -147 -150 -151 -151 -150 -152 -152 -153 -153 -155 -156 -155 -155 -157 -161 -165 -166 -166 -167 -169 -166 -160 -161 -162 -9999 -9999 -170 -172 -173 -173 -170 -9999 -163 -160 -158 -160 -163 -165 -167 -168 -168 -168 -168 -166 -165 -164 -164 -166 -169 -170 -172 -173 -175 -177 -179 -181 -182 -183 -184 -184 -184 -184 -185 -185 -183 -181 -180 -179 -180 -180
-114 -116 -117 -117 -118 -123 -126 -127 -123 -126 -131 -137 -143 -145 -147 -147 -148 -149 -150 -150 -150 -152 -153 -154 -153 -153 -157 -161 -162 -164 -165 -166 -162 -158 -157 -158 -160 -9999 -9999 -167 -169 -169 -167 -9999 -161 -158 -156 -157 -160 -162 -163 -163 -163 -163 -162 -161 -161 -161 -162 -163 -164 -166 -9999 -169 -172 -174 -176 -178 -179 -180 -181 -182 -181 -182 -182 -181 -178 -177 -178 -177 -178 -178
-112 -113 -113 -113 -115 -118 -9999 -9999 -123 -124 -127 -132 -137 -140 -140 -139 -142 -144 -146 -148 -150 -151 -151 -151 -151 -151 -150 -153 -156 -159 -161 -160 -157 -156 -154 -154 -154 -155 -158 -161 -164 -165 -163 -162 -160 -158 -157 -157 -158 -160 -160 -160 -160 -159 -159 -158 -9999 -158 -160 -161 -162 -163 -165 -167 -9999 -170 -172 -174 -9999 -177 -179 -180 -179 -177 -176 -174 -9999 -9999 -173 -173 -174 -175
-108 -109 -110 -111 -112 -115 -116 -118 -120 -123 -126 -129 -132 -134 -133 -131 -135 -140 -143 -147 -150 -151 -150 -149 -149 -147 -146 -146 -150 -153 -155 -155 -153 -152 -152 -152 -151 -151 -152 -155 -158 -159 -160 -159 -159 -158 -157 -157 -9999 -159 -159 -158 -157 -156 -156 -156 -155 -155 -156 -158 -160 -162 -164 -166 -167 -168 -169 -171 -173 -174 -176 -176 -175 -172 -171 -169 -9999 -9999 -169 -170 -170 -171
-109 -109 -109 -110 -112 -114 -114 -115 -117 -119 -122 -125 -127 -128 -127 -126 -131 -137 -142 -144 -144 -145 -145 -146 -146 -144 -143 -144 -146 -150 -152 -151 -149 -147 -148 -150 -150 -147 -148 -150 -153 -155 -157 -157 -158 -158 -158 -158 -158 -158 -157 -156 -9999 -9999 -152 -152 -152 -153 -9999 -156 -157 -160 -163 -164 -165 -165 -165 -167 -170 -172 -172 -172 -171 -169 -164 -9999 -159 -9999 -164 -166 -166 -166
-109 -112 -112 -113 -115 -116 -116 -116 -115 -9999 -117 -119 -122 -125 -126 -126 -128 -134 -141 -143 -141 -141 -140 -141 -141 -142 -141 -141 -144 -147 -149 -148 -146 -144 -146 -148 -150 -147 -143 -146 -149 -152 -154 -156 -157 -158 -159 -158 -158 -158 -156 -9999 -154 -152 -150 -149 -150 -151 -153 -154 -157 -158 -161 -163 -164 -162 -161 -163 -166 -168 -169 -169 -169 -166 -161 -9999 -155 -9999 -9999 -161 -160 -159
