resultados/variables_norteamerica/bio17.asc
ncols 469
nrows 225
xllcorner -169.133333
yllcorner 20.675000
cellsize 0.249840
NODATA_value -9999
[rows 117 to 155 of 225, columns 261 to 347 of 469]
30 30 30 31 33 33 34 -9999 33 -9999 -9999 37 38 38 36 35 36 38 37 38 38 38 38 39 41 42 43 41 41 44 47 49 48 50 50 48 50 54 56 58 58 58 59 58 58 62 65 69 72 77 81 82 82 -9999 -9999 -9999 -9999 -9999 -9999 -9999 -9999 -9999 -9999 -9999 -9999 -9999 -9999 -9999 -9999 -9999 -9999 -9999 -9999 -9999 -9999 -9999 176 177 176 170 162 154 147 145 146 148 148
28 28 28 30 32 32 33 33 32 31 32 34 36 36 36 34 34 33 32 34 36 38 38 38 40 40 40 39 42 47 49 53 53 54 55 54 54 56 55 57 59 59 58 57 56 60 65 71 75 78 80 -9999 -9999 -9999 -9999 -9999 -9999 -9999 -9999 -9999 -9999 147 148 -9999 -9999 -9999 -9999 -9999 -9999 -9999 -9999 -9999 -9999 -9999 -9999 -9999 -9999 179 182 178 173 167 162 158 159 158 156
29 28 28 29 30 31 32 33 33 33 34 33 35 37 35 33 31 30 27 29 35 38 39 38 38 37 37 38 42 45 47 49 53 54 56 55 56 57 57 58 59 59 57 58 60 64 69 74 75 -9999 -9999 -9999 -9999 -9999 -9999 -9999 -9999 -9999 -9999 -9999 140 144 143 -9999 -9999 -9999 -9999 -9999 -9999 -9999 -9999 -9999 -9999 -9999 -9999 -9999 -9999 179 183 187 184 178 173 170 168 167 166
30 29 29 29 30 32 33 32 31 32 32 31 34 37 34 33 32 30 28 29 33 37 38 37 36 35 34 37 41 42 43 47 51 54 55 53 55 57 58 59 59 58 58 61 65 70 74 -9999 -9999 77 82 91 99 -9999 -9999 -9999 133 135 131 130 133 134 140 144 145 -9999 -9999 -9999 -9999 -9999 -9999 -9999 -9999 -9999 -9999 150 -9999 168 181 190 188 185 181 179 176 174 172
32 29 29 29 30 31 31 30 29 28 29 30 31 32 33 33 34 31 29 30 33 36 37 36 36 35 34 37 40 42 44 47 52 56 56 55 57 57 57 59 60 59 60 64 66 71 71 70 73 79 83 87 96 112 122 126 131 135 126 116 114 121 126 127 134 144 -9999 -9999 -9999 -9999 -9999 138 137 139 144 148 -9999 164 170 176 180 183 183 180 178 176 174
31 30 29 27 28 29 30 29 26 26 26 26 27 28 31 31 31 30 30 33 35 37 37 36 36 35 35 38 40 42 44 49 53 56 57 58 59 58 56 57 59 -9999 62 66 68 73 74 69 62 73 82 86 95 107 115 116 115 117 115 111 105 104 106 110 119 131 138 139 144 149 145 140 139 139 142 148 151 150 147 152 161 -9999 171 171 172 173 172
29 29 27 26 27 28 32 31 27 25 26 27 27 27 29 27 28 29 30 36 36 35 38 37 36 36 37 40 41 41 43 47 51 54 57 60 62 58 55 58 61 63 64 68 73 75 75 71 66 73 82 84 89 96 100 98 95 98 99 101 98 95 95 100 109 118 124 127 132 139 138 138 138 -9999 -9999 141 141 137 134 136 -9999 -9999 -9999 -9999 -9999 -9999 -9999
28 28 27 27 28 29 32 31 28 26 27 28 29 30 30 27 27 28 30 34 35 35 36 35 34 36 38 39 41 43 45 47 50 52 54 58 60 59 56 59 64 65 65 69 75 77 76 73 71 77 81 81 84 85 87 87 85 86 88 93 94 93 93 97 104 110 112 -9999 120 128 -9999 -9999 -9999 131 -9999 -9999 134 -9999 -9999 -9999 -9999 -9999 -9999 -9999 -9999 -9999 172
30 28 27 29 29 30 30 30 28 28 29 31 31 31 31 29 29 28 30 31 34 36 36 36 36 38 37 38 40 43 46 49 51 51 52 57 58 60 60 60 67 68 66 68 71 75 77 80 78 80 81 81 80 79 79 84 84 85 88 90 91 91 92 96 105 110 109 -9999 -9999 -9999 -9999 -9999 -9999 -9999 -9999 136 137 131 127 -9999 -9999 -9999 -9999 -9999 -9999 -9999 -9999
37 32 29 30 29 28 26 27 28 29 31 32 32 33 32 33 31 29 30 31 33 36 36 35 38 40 37 36 39 42 46 50 53 53 55 59 60 60 61 62 66 68 69 69 70 72 76 80 80 79 79 78 77 78 80 85 85 85 89 89 90 91 93 97 107 113 -9999 109 -9999 -9999 -9999 -9999 -9999 -9999 137 134 137 134 128 125 125 126 -9999 -9999 -9999 -9999 -9999
37 35 33 31 29 27 26 28 29 30 31 33 34 34 34 35 34 32 32 33 33 34 34 34 38 41 40 40 41 43 47 52 57 58 57 59 59 58 59 59 65 68 68 70 70 71 75 76 78 75 74 75 76 79 83 85 84 85 85 85 88 92 96 101 108 -9999 -9999 -9999 -9999 -9999 -9999 -9999 -9999 -9999 -9999 130 132 132 125 120 121 123 -9999 -9999 -9999 -9999 -9999
37 37 36 33 30 27 26 28 28 29 30 -9999 31 32 35 36 35 34 34 33 32 33 34 34 39 42 42 43 44 46 51 54 58 59 57 56 56 58 57 58 63 64 67 70 67 71 74 73 73 72 73 76 76 78 81 82 84 86 87 85 89 95 97 100 -9999 112 114 -9999 -9999 -9999 -9999 159 158 143 130 124 117 118 120 119 120 124 131 -9999 -9999 -9999 -9999
49 42 37 33 31 30 28 28 29 30 31 32 32 30 34 36 34 33 32 32 31 32 35 36 39 43 43 42 41 44 49 51 55 56 55 53 55 58 60 61 62 63 69 70 67 70 74 73 74 75 76 79 78 76 80 83 86 87 89 89 93 95 95 96 -9999 111 -9999 -9999 -9999 -9999 -9999 157 153 141 128 119 117 117 118 119 119 125 133 -9999 -9999 -9999 -9999
84 62 38 34 31 30 29 30 31 31 31 31 31 30 33 33 32 31 30 31 32 33 37 39 40 44 44 42 36 39 44 47 52 53 51 52 54 57 61 64 66 69 71 70 68 69 73 73 73 76 77 79 80 81 83 83 85 84 89 92 93 95 93 95 104 113 -9999 -9999 -9999 -9999 -9999 150 147 139 125 117 116 119 119 117 118 -9999 -9999 -9999 -9999 -9999 -9999
69 48 34 34 33 30 31 31 30 28 28 29 31 33 32 31 30 -9999 28 28 35 37 39 41 41 43 47 45 39 38 44 49 51 52 51 52 52 54 61 66 67 72 70 68 68 68 73 75 74 78 76 77 80 83 84 83 83 83 88 92 93 93 -9999 100 108 -9999 -9999 -9999 -9999 -9999 146 149 147 140 131 122 122 121 119 118 117 -9999 -9999 -9999 -9999 -9999 -9999
53 40 30 30 29 29 28 28 27 26 27 28 31 33 33 32 33 33 32 33 36 39 41 41 41 43 47 47 44 44 48 51 53 53 53 54 54 57 63 64 61 65 69 70 70 69 73 76 75 78 77 77 79 82 84 85 85 87 91 94 94 91 97 107 113 -9999 -9999 -9999 -9999 -9999 151 153 150 146 137 128 123 122 122 120 -9999 -9999 120 135 152 -9999 -9999
33 32 30 29 28 27 26 27 26 26 26 27 30 35 35 36 38 39 38 39 40 43 45 43 41 43 47 48 47 47 50 53 54 54 53 54 56 61 63 61 61 64 68 71 72 73 75 78 73 75 81 80 80 84 86 89 87 88 93 96 96 93 97 106 113 -9999 -9999 -9999 -9999 -9999 155 155 153 148 141 132 123 122 124 125 118 114 117 127 139 -9999 -9999
29 30 31 30 28 27 28 29 28 28 29 29 31 34 36 39 42 45 45 41 -9999 46 49 47 43 43 47 48 48 49 51 54 55 53 53 54 58 62 61 60 64 67 68 70 73 75 78 78 73 70 83 88 87 89 91 92 90 90 94 98 98 96 99 105 -9999 -9999 -9999 -9999 -9999 -9999 -9999 153 153 150 143 137 129 125 124 123 120 117 117 121 128 142 -9999
30 32 32 31 30 30 29 30 31 31 31 31 31 32 34 37 39 44 45 41 40 43 49 47 44 43 44 47 49 50 53 54 54 52 52 54 61 64 62 63 68 69 70 70 72 75 79 80 78 76 82 85 87 90 95 97 97 94 97 101 102 100 105 112 122 -9999 -9999 -9999 -9999 -9999 -9999 152 154 152 147 142 134 126 125 125 123 120 119 124 129 139 -9999
30 31 30 31 35 34 30 30 32 33 33 32 31 30 33 36 37 41 42 41 39 41 43 40 42 44 44 45 47 51 53 54 54 52 53 55 60 64 64 65 66 70 73 70 71 76 82 86 86 85 86 86 87 91 97 101 102 101 102 103 105 109 112 116 124 -9999 -9999 -9999 -9999 -9999 -9999 155 159 155 147 142 137 129 127 129 130 130 131 135 139 147 159
30 31 33 36 38 34 31 31 34 37 38 36 34 34 37 39 40 42 45 42 42 42 43 41 44 47 48 49 50 52 54 54 55 57 56 59 62 64 68 69 69 72 75 74 75 78 82 87 89 88 89 92 94 97 101 102 102 106 106 106 110 120 122 121 123 -9999 -9999 -9999 -9999 -9999 -9999 163 167 156 145 141 138 130 130 134 138 140 141 145 147 158 169
28 30 32 34 33 31 29 31 35 41 44 39 36 37 41 45 45 46 45 43 43 42 43 44 46 49 53 54 56 55 54 55 56 59 61 64 65 66 70 72 72 73 74 76 79 80 83 85 88 90 92 97 104 105 104 108 107 108 111 112 116 122 124 127 131 -9999 -9999 -9999 -9999 -9999 -9999 167 165 154 147 145 143 137 137 144 149 148 149 158 167 170 175
27 30 31 30 28 26 26 31 37 45 46 40 38 40 44 47 47 46 44 43 43 43 44 46 49 51 55 57 57 56 56 57 56 60 64 67 67 70 72 73 73 73 74 78 82 83 85 85 88 93 98 104 107 107 108 113 115 115 116 117 120 124 127 133 141 -9999 -9999 -9999 -9999 -9999 169 167 161 153 150 149 152 152 150 152 152 150 153 165 169 170 -9999
29 29 29 29 28 26 28 38 51 58 50 41 38 39 43 44 44 45 43 43 44 44 45 48 51 52 55 58 58 59 58 59 61 63 66 70 73 76 74 72 73 75 82 84 87 87 86 86 88 94 103 110 109 108 112 116 119 119 119 120 123 127 132 137 143 -9999 -9999 -9999 -9999 176 175 168 160 154 154 154 158 161 158 158 155 154 -9999 -9999 -9999 -9999 -9999
32 31 29 29 28 28 31 44 66 69 51 39 35 37 39 41 40 42 43 44 45 45 45 48 52 53 55 56 58 60 60 60 63 65 66 70 75 78 77 75 77 86 107 107 94 88 84 86 90 95 103 109 109 110 113 117 119 118 120 123 127 131 135 137 141 145 149 157 171 176 174 166 157 157 158 157 158 159 160 161 157 156 155 -9999 -9999 -9999 -9999
32 31 29 30 31 30 32 40 51 50 40 35 34 35 37 38 38 40 42 44 45 43 45 48 52 54 55 57 58 60 58 57 64 67 68 70 73 77 78 78 81 94 136 164 108 89 85 89 96 102 105 106 111 118 120 121 122 121 121 129 133 134 135 138 142 148 151 153 161 167 166 161 158 163 163 157 156 157 161 162 157 156 160 161 163 168 175
26 27 27 28 30 31 30 33 35 34 31 33 33 33 35 37 39 39 40 42 44 45 47 49 53 53 52 54 55 59 60 61 65 69 72 72 72 75 76 77 79 89 112 129 104 90 90 97 103 107 108 109 116 123 124 126 127 127 129 135 138 137 138 141 145 149 152 155 159 163 164 164 165 169 169 163 157 159 162 164 162 163 168 172 171 173 177
20 21 23 25 28 31 30 29 30 31 31 31 33 33 34 36 36 36 39 43 45 48 50 51 51 50 50 54 57 62 65 68 69 69 71 73 73 74 74 74 80 87 94 100 93 92 96 104 111 114 114 114 122 125 124 130 133 135 140 141 141 139 140 143 149 151 153 157 162 166 168 171 175 173 170 166 163 164 163 165 167 169 171 175 176 175 178
19 20 22 27 28 29 29 25 25 28 30 32 32 31 32 36 37 37 40 42 45 48 50 49 50 51 52 57 58 63 67 71 73 72 73 73 74 76 77 80 85 96 110 110 102 99 102 110 118 121 118 120 123 125 130 140 140 143 150 148 147 146 145 144 149 153 157 158 164 171 175 180 180 175 170 169 168 166 163 167 168 172 172 175 181 183 182
18 19 23 25 25 27 28 27 27 30 32 33 33 33 34 37 39 37 37 40 44 46 49 49 52 55 55 56 59 63 69 73 74 73 74 74 77 80 81 84 88 107 151 173 133 109 108 114 123 127 122 120 125 132 139 146 145 147 152 155 156 155 151 149 157 164 167 168 172 180 185 187 185 180 174 169 171 173 174 174 174 174 173 178 185 190 191
21 20 24 24 24 27 29 29 29 31 34 36 36 36 36 38 40 37 35 38 41 46 50 53 55 58 59 58 59 62 67 70 73 74 76 78 81 85 86 87 92 110 157 184 144 114 113 118 124 132 131 127 130 138 143 146 146 149 155 162 165 166 165 165 172 178 182 187 189 191 192 188 188 187 184 181 181 183 183 183 182 178 177 181 187 193 196
24 23 24 24 25 27 29 29 30 32 36 37 37 37 35 34 36 37 37 37 40 47 52 53 54 58 58 58 58 62 67 70 75 79 79 81 85 89 91 94 97 107 127 138 134 123 120 124 131 137 137 135 135 138 141 146 150 154 160 165 171 175 179 180 184 189 195 199 200 201 198 195 196 196 196 196 197 195 192 192 188 187 185 185 187 191 198
24 25 24 25 25 26 28 29 31 30 32 33 35 35 35 35 36 37 39 40 42 46 50 53 55 56 57 57 59 64 68 71 77 81 83 84 89 95 99 103 104 108 115 123 129 127 126 130 139 142 138 139 141 141 143 150 159 163 167 171 176 180 184 187 191 192 194 202 206 206 206 207 204 205 208 209 209 204 200 201 202 199 193 191 192 196 200
25 25 25 24 25 26 28 29 31 31 30 30 32 34 36 36 36 36 41 45 47 49 53 55 57 59 59 60 63 67 70 75 82 84 87 90 94 100 103 108 111 114 116 121 128 129 129 133 144 148 146 146 150 150 152 160 166 171 175 180 184 188 190 191 193 192 196 204 212 214 220 224 221 216 218 220 216 212 212 215 218 213 205 201 200 203 204
23 24 24 24 24 25 26 28 31 31 29 31 32 33 37 39 38 37 41 47 50 52 54 56 58 61 63 67 68 72 74 84 99 88 90 93 95 100 106 112 115 117 119 122 129 131 133 139 150 156 152 154 161 163 166 173 177 178 178 183 192 197 197 197 201 202 205 210 219 225 231 233 231 230 231 229 223 219 220 224 225 221 216 212 212 212 212
22 23 23 23 22 22 23 26 30 30 30 32 34 33 36 37 37 38 41 47 51 53 56 57 61 71 78 80 74 73 75 86 102 89 92 96 98 101 108 115 118 121 125 129 134 134 138 145 153 161 158 156 166 173 176 179 181 181 184 191 199 204 206 209 214 216 216 221 229 233 240 236 235 240 241 238 230 228 227 230 230 228 226 223 223 225 223
20 22 23 24 23 20 21 24 27 28 29 35 38 38 39 39 38 39 43 48 52 53 55 55 60 78 98 83 75 74 76 83 87 87 97 101 106 109 113 119 124 128 133 138 142 139 143 150 158 165 168 169 175 183 182 182 182 187 194 202 208 212 216 222 225 227 227 229 234 245 245 240 239 241 245 242 239 237 236 239 241 239 236 232 228 232 233
19 21 22 24 23 22 22 24 26 28 29 33 37 38 40 41 41 42 46 51 54 55 58 59 61 72 78 71 72 74 76 84 87 92 102 108 112 117 122 127 132 137 142 146 150 150 154 160 162 167 174 181 186 191 192 192 193 198 204 211 218 222 225 227 230 235 236 236 239 250 247 242 238 241 246 247 241 241 242 246 247 246 244 236 233 234 242
21 22 23 23 24 25 23 24 26 27 28 29 33 37 40 43 44 46 50 53 55 57 60 62 64 68 72 73 74 76 83 90 94 97 105 113 119 125 130 136 141 144 146 152 158 161 168 172 170 173 180 188 194 198 201 201 206 211 216 224 231 229 225 225 229 232 240 246 251 255 249 243 241 246 248 250 247 244 247 252 254 252 249 244 243 244 252
