resultados/variables_norteamerica/bio15.asc
ncols 469
nrows 225
xllcorner -169.133333
yllcorner 20.675000
cellsize 0.249840
NODATA_value -9999
[rows 40 to 79 of 225, columns 0 to 89 of 469]
-9999 -9999 -9999 -9999 -9999 -9999 -9999 -9999 -9999 -9999 -9999 -9999 -9999 -9999 -9999 -9999 -9999 -9999 -9999 -9999 -9999 -9999 -9999 -9999 -9999 -9999 70 -9999 -9999 70 70 69 69 69 69 68 68 67 66 66 65 63 63 61 60 60 59 59 58 58 58 58 58 58 58 58 58 58 58 58 58 57 57 57 57 56 55 54 54 53 51 54 55 57 58 60 61 64 64 62 61 60 58 57 56 53 52 51 50 48
-9999 -9999 -9999 -9999 -9999 -9999 -9999 -9999 -9999 -9999 -9999 -9999 -9999 -9999 -9999 -9999 -9999 -9999 66 66 66 -9999 -9999 -9999 -9999 -9999 -9999 -9999 -9999 -9999 -9999 -9999 -9999 -9999 -9999 -9999 -9999 67 66 64 64 63 62 61 60 60 59 58 58 57 58 57 57 57 57 57 58 57 57 57 57 57 57 57 56 55 55 55 54 53 53 54 56 58 60 62 64 63 63 62 60 61 59 56 55 54 53 51 49 48
-9999 -9999 -9999 -9999 -9999 -9999 -9999 -9999 -9999 -9999 -9999 -9999 -9999 -9999 -9999 63 64 64 65 66 67 -9999 -9999 -9999 -9999 -9999 -9999 -9999 -9999 -9999 -9999 69 69 -9999 -9999 68 67 67 66 65 64 62 62 60 60 59 59 58 58 57 57 57 57 56 57 57 57 57 58 58 57 57 57 57 57 56 56 55 55 55 56 56 58 60 61 62 62 62 61 61 59 59 58 56 54 54 51 50 49 48
-9999 -9999 -9999 -9999 -9999 -9999 -9999 -9999 -9999 -9999 62 61 62 62 63 63 64 64 65 65 66 66 66 67 68 68 -9999 -9999 69 69 69 69 69 69 69 68 67 66 65 65 64 63 61 60 59 57 57 56 55 55 55 55 56 56 56 57 57 57 58 58 58 59 58 58 58 58 58 58 58 58 59 60 61 61 62 62 62 63 62 62 61 -9999 60 58 56 54 54 52 51 49
-9999 -9999 -9999 -9999 -9999 -9999 -9999 -9999 -9999 61 61 61 61 62 62 63 63 63 63 64 65 66 65 65 66 67 68 67 68 69 69 69 70 70 69 68 67 67 66 65 64 62 61 60 58 57 56 55 54 54 54 54 55 55 56 56 57 58 58 58 58 59 59 60 60 60 60 61 62 62 63 63 65 64 65 64 64 64 65 65 65 64 64 63 61 60 59 57 57 54
-9999 -9999 -9999 -9999 -9999 61 60 61 61 61 61 61 61 62 62 61 62 63 63 64 65 65 65 65 66 67 67 67 68 68 68 69 70 70 69 69 68 67 66 65 64 62 61 60 58 56 56 54 53 54 53 54 54 55 56 56 58 59 59 60 60 60 60 61 62 62 62 62 62 63 64 64 65 64 65 65 65 67 68 67 68 66 66 64 62 60 59 62 62 62
-9999 -9999 -9999 -9999 -9999 -9999 -9999 -9999 -9999 62 62 62 62 62 63 63 63 63 64 64 64 64 65 65 65 66 67 67 68 68 69 70 70 71 70 69 68 68 66 65 64 62 61 59 58 56 55 54 53 52 53 53 54 55 57 57 58 59 60 62 63 63 63 63 64 64 64 65 65 65 65 65 64 64 66 67 68 70 71 69 69 66 66 64 64 60 59 57 57 58
-9999 -9999 -9999 -9999 -9999 -9999 -9999 -9999 -9999 63 62 62 62 62 62 62 62 63 64 64 64 64 65 66 66 66 66 67 68 69 69 71 71 72 72 70 69 68 66 65 64 62 61 59 58 56 54 53 52 52 52 53 54 55 57 58 59 60 61 62 63 63 63 64 65 66 66 66 66 65 64 64 65 65 65 65 67 67 68 68 69 67 67 66 63 57 54 54 53 57
-9999 -9999 -9999 -9999 -9999 -9999 -9999 -9999 -9999 -9999 -9999 62 61 61 61 62 62 62 63 64 64 65 66 66 66 66 66 67 68 69 70 -9999 72 73 72 71 70 68 67 66 64 63 61 59 57 55 54 52 51 51 52 53 54 55 56 57 58 60 61 63 64 64 66 67 68 69 69 69 68 67 65 65 64 64 64 64 65 66 68 69 70 69 68 65 60 50 46 47 50 55
-9999 -9999 -9999 -9999 -9999 -9999 -9999 -9999 -9999 -9999 -9999 -9999 -9999 62 62 62 63 64 64 -9999 -9999 -9999 -9999 -9999 -9999 66 67 -9999 -9999 -9999 -9999 -9999 -9999 74 73 72 70 69 67 66 64 63 61 59 57 56 54 53 52 52 52 53 54 55 57 58 59 61 62 63 65 67 68 69 70 71 71 71 70 68 66 65 64 63 63 62 63 65 67 69 71 68 65 61 56 50 48 49 52 57
-9999 -9999 -9999 -9999 -9999 -9999 -9999 -9999 -9999 -9999 -9999 -9999 -9999 -9999 -9999 -9999 -9999 -9999 -9999 -9999 -9999 -9999 -9999 -9999 -9999 67 -9999 -9999 -9999 -9999 -9999 -9999 76 76 74 73 71 69 67 66 65 63 61 59 58 57 56 55 54 54 53 54 55 56 57 58 60 62 63 65 66 69 69 70 71 73 73 72 71 69 66 64 62 61 60 60 61 63 65 67 68 68 65 62 58 56 54 55 56 60
-9999 -9999 -9999 -9999 -9999 -9999 -9999 -9999 -9999 -9999 -9999 -9999 -9999 -9999 -9999 -9999 -9999 -9999 -9999 -9999 -9999 -9999 -9999 -9999 -9999 -9999 -9999 -9999 -9999 -9999 -9999 -9999 -9999 77 76 74 72 70 68 66 64 63 61 60 58 57 56 55 54 54 54 54 54 55 57 59 61 63 65 66 68 71 71 72 73 74 74 74 71 67 64 61 59 58 58 58 58 60 63 66 70 72 72 70 71 69 68 67 69 69
-9999 -9999 -9999 -9999 -9999 -9999 -9999 -9999 -9999 -9999 -9999 -9999 -9999 -9999 -9999 -9999 -9999 -9999 -9999 -9999 -9999 -9999 -9999 -9999 -9999 -9999 -9999 -9999 -9999 -9999 -9999 -9999 -9999 78 76 74 71 69 68 66 64 63 61 60 58 57 56 55 55 55 54 54 55 56 57 59 61 63 67 69 70 72 73 72 73 72 74 73 69 65 61 58 57 56 56 56 56 58 61 64 67 70 71 74 75 76 80 80 77 80
-9999 -9999 -9999 -9999 -9999 -9999 -9999 -9999 -9999 -9999 -9999 -9999 -9999 -9999 -9999 -9999 -9999 -9999 -9999 -9999 -9999 -9999 -9999 -9999 -9999 -9999 -9999 -9999 -9999 -9999 -9999 -9999 75 74 74 72 70 68 67 66 64 63 62 60 59 58 57 56 56 56 56 56 56 57 57 59 63 65 68 71 73 72 72 71 71 70 69 68 64 61 58 56 55 54 54 54 56 57 59 61 64 65 68 69 72 76 80 83 85 89
-9999 -9999 -9999 -9999 -9999 -9999 -9999 -9999 -9999 -9999 -9999 -9999 -9999 -9999 -9999 -9999 -9999 -9999 -9999 -9999 -9999 -9999 -9999 -9999 -9999 -9999 -9999 69 70 70 71 72 73 73 72 70 68 67 66 65 64 63 62 61 60 59 58 57 57 57 57 57 57 57 57 58 61 66 69 71 72 73 72 70 68 66 64 62 60 57 55 54 53 53 54 55 55 54 53 54 58 61 64 64 66 67 69 74 81 85
-9999 -9999 -9999 -9999 -9999 -9999 -9999 -9999 -9999 -9999 -9999 -9999 -9999 -9999 -9999 -9999 -9999 -9999 -9999 65 65 65 66 -9999 67 67 68 68 68 69 69 70 71 71 70 69 67 66 65 65 64 63 62 61 60 60 59 58 58 58 58 59 59 55 54 58 61 65 68 71 73 73 72 68 66 63 60 57 55 55 55 56 59 56 54 51 50 48 49 53 55 58 60 62 64 67 67 72 76 80
-9999 -9999 -9999 -9999 -9999 -9999 -9999 -9999 -9999 -9999 -9999 -9999 -9999 -9999 -9999 -9999 -9999 64 65 65 65 65 65 66 66 66 67 67 68 68 69 69 70 70 69 67 66 65 64 64 64 63 62 61 61 60 59 59 60 59 59 59 59 57 56 59 62 65 69 72 74 74 71 67 62 58 55 54 54 52 52 51 51 48 47 46 45 46 47 49 51 53 54 55 57 61 64 66 69 75
-9999 -9999 -9999 -9999 -9999 -9999 -9999 -9999 -9999 -9999 -9999 -9999 -9999 -9999 -9999 -9999 -9999 64 64 64 65 65 65 65 66 66 66 67 68 68 68 68 69 68 67 65 64 63 63 63 63 63 62 61 61 60 60 60 60 59 60 60 59 59 59 61 63 67 70 74 77 76 70 64 59 55 51 49 46 46 46 45 45 45 45 45 45 46 48 49 49 50 52 54 55 57 57 59 63 67
-9999 -9999 -9999 -9999 -9999 -9999 -9999 -9999 -9999 -9999 -9999 -9999 -9999 -9999 -9999 64 64 64 64 64 64 64 64 65 65 66 66 67 68 67 67 67 67 67 66 64 62 61 63 64 64 63 63 62 61 61 60 60 60 60 60 60 60 60 61 62 64 67 70 71 71 67 64 58 53 50 46 43 42 42 42 43 44 44 45 46 47 48 48 48 47 48 48 50 51 52 53 57 59 62
-9999 -9999 -9999 -9999 -9999 -9999 -9999 -9999 -9999 -9999 -9999 -9999 -9999 64 64 64 63 63 63 63 63 63 64 64 64 65 66 66 66 66 66 66 66 65 65 64 63 63 64 65 65 64 63 62 61 61 60 60 60 60 60 60 60 60 61 63 65 66 67 66 64 62 59 53 48 43 40 39 39 40 42 42 43 45 46 47 49 49 47 45 44 44 44 43 45 46 47 49 50 54
-9999 -9999 -9999 -9999 -9999 -9999 -9999 -9999 -9999 -9999 -9999 -9999 -9999 -9999 63 63 63 62 62 62 62 63 63 63 64 64 65 65 65 65 65 65 66 65 65 65 65 66 68 66 65 64 63 62 61 60 60 59 60 59 59 59 59 60 61 62 64 64 65 62 59 56 53 48 45 40 40 37 37 38 41 42 44 46 48 50 51 50 45 43 41 39 37 36 36 35 37 39 40 46
-9999 -9999 -9999 -9999 -9999 -9999 -9999 -9999 -9999 -9999 -9999 -9999 62 63 62 62 62 61 61 61 62 -9999 62 62 63 63 63 64 64 64 64 64 64 64 65 65 66 68 70 68 66 64 63 61 60 60 60 59 59 59 59 59 59 60 60 61 62 62 62 59 55 52 49 45 41 39 41 38 36 38 41 43 44 46 49 51 53 52 52 50 42 34 32 32 33 36 36 39 38 39
-9999 -9999 -9999 -9999 -9999 -9999 -9999 -9999 -9999 -9999 -9999 -9999 -9999 62 61 -9999 61 61 60 60 61 61 61 61 62 62 63 63 63 63 63 63 63 63 64 65 65 67 68 67 65 63 61 60 59 59 58 58 58 58 58 59 59 59 60 60 60 60 59 55 52 49 45 41 37 36 36 36 36 38 41 44 47 48 50 52 53 -9999 40 34 31 30 29 28 30 32 28 32 31 30
-9999 -9999 -9999 -9999 -9999 -9999 -9999 -9999 -9999 -9999 -9999 -9999 -9999 -9999 -9999 -9999 -9999 59 59 59 59 60 60 -9999 60 61 -9999 62 62 62 62 61 62 62 62 63 63 62 63 64 63 61 60 59 58 58 58 57 58 57 57 58 58 58 58 59 59 58 57 54 50 45 41 38 35 34 33 34 37 40 43 46 -9999 -9999 -9999 -9999 -9999 41 34 31 29 28 27 28 28 28 -9999 27 28 -9999
-9999 -9999 -9999 -9999 -9999 -9999 -9999 -9999 -9999 -9999 -9999 -9999 -9999 -9999 -9999 -9999 -9999 58 58 58 58 -9999 59 59 59 59 60 -9999 60 60 60 60 60 60 60 61 60 60 59 60 60 59 58 57 57 57 56 56 56 56 57 57 57 57 57 57 57 57 54 51 46 41 38 35 33 32 32 35 38 -9999 -9999 -9999 -9999 50 50 49 46 38 36 34 -9999 31 30 -9999 31 -9999 -9999 -9999 -9999 -9999
-9999 -9999 -9999 -9999 -9999 -9999 -9999 -9999 -9999 -9999 -9999 -9999 -9999 -9999 -9999 57 56 57 57 57 57 57 57 57 57 58 58 -9999 -9999 58 58 58 58 58 58 58 58 57 57 57 57 56 56 55 55 55 55 55 55 55 55 55 55 56 56 56 55 54 51 48 43 39 36 33 31 30 32 -9999 -9999 -9999 -9999 48 48 48 48 48 43 40 36 34 32 31 33 -9999 -9999 -9999 -9999 -9999 -9999 -9999
-9999 -9999 -9999 -9999 -9999 -9999 -9999 -9999 -9999 -9999 -9999 -9999 -9999 -9999 -9999 -9999 -9999 56 -9999 55 55 56 56 56 56 56 57 57 57 57 56 56 56 56 56 56 55 55 54 54 54 54 53 53 53 53 53 53 53 54 54 54 54 54 54 54 53 51 48 48 42 36 32 31 31 31 32 -9999 -9999 -9999 -9999 45 46 45 44 41 41 41 39 36 34 31 32 34 -9999 -9999 -9999 -9999 -9999 33
-9999 -9999 -9999 -9999 -9999 -9999 -9999 53 53 53 53 53 53 54 -9999 -9999 -9999 -9999 -9999 54 54 54 54 54 55 55 55 -9999 55 55 55 55 54 54 53 53 53 52 52 52 52 -9999 51 50 50 51 51 51 52 52 52 52 52 52 52 52 51 -9999 45 39 35 32 29 28 28 30 -9999 -9999 -9999 -9999 39 40 40 -9999 39 34 32 35 41 37 37 34 33 36 -9999 -9999 -9999 -9999 -9999 -9999
-9999 -9999 -9999 -9999 -9999 -9999 -9999 -9999 -9999 -9999 52 53 53 -9999 -9999 -9999 -9999 -9999 -9999 -9999 53 53 -9999 54 54 -9999 -9999 -9999 54 54 54 53 53 52 52 51 51 50 50 49 -9999 48 48 48 48 49 49 49 50 50 50 49 49 49 48 48 48 44 39 34 31 29 28 28 28 -9999 -9999 -9999 -9999 36 36 36 39 37 33 33 37 -9999 -9999 -9999 -9999 -9999 -9999 -9999 -9999 35 35 -9999 -9999 -9999
-9999 -9999 -9999 -9999 -9999 -9999 -9999 -9999 -9999 -9999 -9999 -9999 -9999 -9999 -9999 -9999 -9999 -9999 -9999 -9999 -9999 -9999 -9999 -9999 -9999 -9999 -9999 -9999 -9999 53 52 52 51 51 50 50 49 49 48 47 -9999 46 45 45 46 46 47 48 48 48 48 47 47 -9999 -9999 -9999 -9999 -9999 30 28 27 26 -9999 -9999 -9999 -9999 -9999 -9999 -9999 -9999 -9999 35 32 33 -9999 39 -9999 -9999 -9999 -9999 -9999 -9999 -9999 -9999 -9999 -9999 -9999 -9999 -9999 -9999
-9999 -9999 -9999 -9999 -9999 -9999 -9999 -9999 -9999 -9999 -9999 -9999 -9999 -9999 -9999 -9999 -9999 -9999 -9999 -9999 -9999 -9999 -9999 -9999 -9999 -9999 -9999 -9999 -9999 52 51 51 50 50 49 49 48 47 46 45 44 43 42 43 43 44 45 46 46 46 46 45 44 -9999 -9999 38 35 31 27 25 -9999 -9999 -9999 -9999 -9999 -9999 -9999 -9999 -9999 29 31 32 32 -9999 -9999 -9999 -9999 -9999 -9999 -9999 -9999 -9999 -9999 -9999 -9999 -9999 -9999 -9999 -9999 -9999
-9999 -9999 -9999 -9999 -9999 -9999 -9999 -9999 -9999 -9999 -9999 -9999 -9999 -9999 -9999 -9999 -9999 -9999 -9999 -9999 -9999 -9999 -9999 -9999 -9999 -9999 -9999 -9999 -9999 -9999 51 50 49 49 48 48 47 46 45 44 42 41 40 41 42 43 44 44 45 45 44 42 40 38 36 34 30 27 25 24 -9999 -9999 -9999 -9999 -9999 -9999 -9999 -9999 -9999 -9999 -9999 -9999 -9999 -9999 -9999 -9999 -9999 -9999 -9999 -9999 -9999 -9999 -9999 -9999 -9999 -9999 -9999 -9999 -9999 -9999
-9999 -9999 -9999 -9999 -9999 -9999 -9999 -9999 -9999 -9999 -9999 -9999 -9999 -9999 -9999 -9999 -9999 -9999 -9999 -9999 -9999 -9999 -9999 -9999 -9999 -9999 -9999 -9999 -9999 50 50 50 49 -9999 -9999 -9999 46 -9999 44 43 42 41 -9999 40 40 41 42 43 -9999 43 42 39 37 35 33 30 26 24 22 22 20 19 19 -9999 -9999 -9999 -9999 -9999 -9999 -9999 -9999 -9999 -9999 -9999 -9999 -9999 -9999 -9999 -9999 -9999 -9999 -9999 -9999 -9999 -9999 -9999 -9999 -9999 -9999 -9999
-9999 -9999 -9999 -9999 -9999 -9999 -9999 -9999 -9999 -9999 -9999 -9999 -9999 -9999 -9999 -9999 -9999 -9999 -9999 -9999 -9999 -9999 -9999 -9999 -9999 -9999 -9999 -9999 -9999 -9999 -9999 -9999 -9999 -9999 -9999 -9999 -9999 -9999 -9999 -9999 41 -9999 -9999 -9999 -9999 -9999 -9999 40 41 41 39 37 35 -9999 30 28 26 23 21 20 21 -9999 -9999 -9999 -9999 -9999 20 -9999 -9999 -9999 -9999 -9999 -9999 -9999 -9999 -9999 -9999 -9999 -9999 -9999 -9999 -9999 -9999 -9999 -9999 -9999 -9999 -9999 -9999 -9999
-9999 -9999 -9999 -9999 -9999 -9999 -9999 -9999 -9999 -9999 -9999 -9999 -9999 -9999 -9999 -9999 -9999 -9999 -9999 -9999 -9999 -9999 -9999 -9999 -9999 -9999 -9999 -9999 -9999 -9999 -9999 -9999 -9999 -9999 -9999 -9999 -9999 -9999 -9999 -9999 -9999 -9999 -9999 -9999 -9999 -9999 -9999 39 39 38 36 34 31 28 27 24 21 20 19 20 21 -9999 -9999 -9999 -9999 19 19 -9999 -9999 -9999 -9999 -9999 -9999 -9999 -9999 -9999 -9999 -9999 -9999 -9999 -9999 -9999 -9999 -9999 -9999 -9999 -9999 -9999 -9999 -9999
-9999 -9999 -9999 -9999 -9999 -9999 -9999 -9999 -9999 -9999 -9999 -9999 -9999 -9999 -9999 -9999 -9999 -9999 -9999 -9999 -9999 -9999 -9999 -9999 -9999 -9999 -9999 -9999 -9999 -9999 -9999 -9999 -9999 -9999 -9999 -9999 -9999 -9999 -9999 -9999 -9999 -9999 -9999 -9999 -9999 -9999 37 37 36 -9999 -9999 32 29 27 25 23 23 -9999 20 -9999 -9999 -9999 -9999 19 -9999 19 -9999 -9999 -9999 -9999 -9999 -9999 -9999 -9999 -9999 -9999 -9999 -9999 -9999 -9999 -9999 -9999 -9999 -9999 -9999 -9999 -9999 -9999 -9999 -9999
-9999 -9999 -9999 -9999 -9999 -9999 -9999 -9999 -9999 -9999 -9999 -9999 -9999 -9999 -9999 -9999 -9999 -9999 -9999 -9999 -9999 -9999 -9999 -9999 -9999 -9999 -9999 -9999 -9999 -9999 -9999 -9999 -9999 -9999 -9999 -9999 -9999 -9999 -9999 -9999 -9999 -9999 -9999 -9999 -9999 -9999 36 35 34 -9999 -9999 -9999 -9999 27 25 23 -9999 -9999 -9999 -9999 -9999 -9999 -9999 -9999 18 -9999 19 -9999 -9999 -9999 -9999 -9999 -9999 -9999 -9999 -9999 -9999 -9999 -9999 -9999 -9999 -9999 -9999 -9999 -9999 -9999 -9999 -9999 -9999 -9999
-9999 -9999 -9999 -9999 -9999 -9999 -9999 -9999 -9999 -9999 -9999 -9999 -9999 -9999 -9999 -9999 -9999 -9999 -9999 -9999 -9999 -9999 -9999 -9999 -9999 -9999 -9999 -9999 -9999 -9999 -9999 -9999 -9999 -9999 -9999 -9999 -9999 -9999 -9999 -9999 -9999 -9999 -9999 -9999 -9999 36 35 34 33 31 30 28 27 -9999 -9999 -9999 -9999 -9999 -9999 19 18 18 17 17 17 18 19 -9999 -9999 -9999 -9999 -9999 -9999 -9999 -9999 -9999 -9999 -9999 -9999 -9999 -9999 -9999 -9999 -9999 -9999 -9999 -9999 -9999 -9999 -9999
-9999 -9999 -9999 -9999 -9999 -9999 -9999 -9999 -9999 -9999 -9999 -9999 -9999 -9999 -9999 -9999 -9999 -9999 -9999 -9999 -9999 -9999 -9999 -9999 -9999 -9999 -9999 -9999 -9999 -9999 -9999 -9999 -9999 -9999 -9999 -9999 -9999 -9999 -9999 -9999 -9999 -9999 -9999 -9999 -9999 36 34 33 31 29 27 -9999 -9999 -9999 -9999 -9999 -9999 -9999 20 18 -9999 17 17 18 19 19 -9999 -9999 -9999 -9999 -9999 -9999 -9999 -9999 -9999 -9999 -9999 -9999 -9999 -9999 -9999 -9999 -9999 -9999 -9999 -9999 -9999 -9999 -9999 -9999
-9999 -9999 -9999 -9999 -9999 -9999 -9999 -9999 -9999 -9999 -9999 -9999 -9999 -9999 -9999 -9999 -9999 -9999 -9999 -9999 -9999 -9999 -9999 -9999 -9999 -9999 -9999 -9999 -9999 -9999 -9999 -9999 -9999 -9999 -9999 -9999 -9999 -9999 -9999 -9999 -9999 -9999 39 37 35 34 31 30 28 27 27 -9999 -9999 -9999 -9999 -9999 -9999 -9999 -9999 19 18 -9999 -9999 19 -9999 -9999 -9999 -9999 -9999 -9999 -9999 -9999 -9999 -9999 -9999 -9999 -9999 -9999 -9999 -9999 -9999 -9999 -9999 -9999 -9999 -9999 -9999 -9999 -9999 -9999
