resultados/variables_norteamerica/bio13.asc
ncols 469
nrows 225
xllcorner -169.133333
yllcorner 20.675000
cellsize 0.249840
NODATA_value -9999
[rows 117 to 155 of 225, columns 352 to 439 of 469]
96 96 95 93 92 92 93 99 103 106 108 111 109 108 109 111 113 113 115 117 117 118 119 121 123 124 124 122 121 121 120 118 118 118 122 124 129 135 141 142 141 135 118 111 -9999 -9999 103 106 103 103 104 107 108 108 107 110 107 107 107 109 105 99 101 109 115 -9999 -9999 -9999 -9999 -9999 -9999 -9999 -9999 -9999 -9999 -9999 -9999 -9999 -9999 -9999 -9999 -9999 -9999 -9999 -9999 -9999 -9999 -9999
99 99 98 95 95 95 96 98 103 106 108 109 109 108 108 108 109 110 111 113 113 114 116 120 122 121 120 119 119 117 117 118 116 117 119 122 127 133 137 136 136 131 -9999 -9999 104 106 110 106 104 105 106 107 106 106 107 106 106 109 112 111 107 100 104 109 -9999 -9999 -9999 -9999 -9999 -9999 -9999 -9999 -9999 -9999 -9999 -9999 -9999 -9999 -9999 -9999 -9999 -9999 -9999 -9999 -9999 -9999 -9999 -9999
101 99 98 97 97 97 98 99 101 105 107 107 106 105 106 106 106 107 107 108 107 108 109 114 116 116 117 117 116 114 115 115 114 113 115 118 123 127 128 128 127 120 -9999 107 111 109 109 106 105 107 105 105 105 105 105 103 106 109 110 111 106 102 105 109 115 118 -9999 -9999 -9999 -9999 -9999 -9999 -9999 -9999 -9999 -9999 -9999 -9999 -9999 -9999 -9999 -9999 -9999 -9999 -9999 -9999 -9999 -9999
101 99 -9999 98 99 99 100 101 101 104 105 105 104 102 103 102 102 102 103 102 101 103 107 107 110 112 113 113 111 110 110 110 109 108 110 111 114 115 118 -9999 117 112 112 115 112 109 107 106 108 106 104 103 101 102 103 102 106 109 109 108 105 105 107 112 117 119 -9999 115 -9999 -9999 -9999 -9999 -9999 -9999 -9999 -9999 -9999 -9999 -9999 -9999 -9999 154 156 151 -9999 -9999 -9999 -9999
99 99 99 99 100 101 103 104 101 103 105 103 101 99 99 97 96 97 98 97 97 100 102 104 105 105 109 109 108 109 109 106 104 102 103 105 -9999 111 114 115 114 114 117 116 110 108 108 106 107 105 103 101 101 100 101 106 107 108 108 107 108 110 112 114 117 119 -9999 -9999 112 111 -9999 -9999 -9999 -9999 -9999 -9999 -9999 -9999 -9999 -9999 -9999 159 162 -9999 -9999 -9999 -9999 -9999
98 98 99 99 99 100 -9999 103 101 100 100 98 96 94 94 93 92 92 93 93 93 96 98 102 101 102 107 110 107 105 103 100 99 -9999 101 105 109 111 115 117 118 113 112 111 109 109 106 104 105 103 102 102 102 100 100 105 109 109 108 110 113 115 115 115 117 118 -9999 -9999 -9999 -9999 115 118 119 120 -9999 -9999 -9999 -9999 -9999 -9999 153 162 -9999 -9999 156 -9999 -9999 -9999
97 97 98 99 101 102 103 103 102 101 99 96 93 90 87 88 89 88 90 91 91 92 96 99 99 100 101 106 104 101 97 96 96 99 103 107 111 117 121 120 117 113 109 110 108 107 104 103 107 106 104 104 105 104 104 106 109 110 111 111 110 115 116 115 116 117 115 113 113 -9999 -9999 -9999 -9999 122 125 -9999 -9999 -9999 -9999 153 158 -9999 160 159 159 -9999 -9999 -9999
-9999 -9999 98 102 104 104 104 -9999 102 100 97 95 92 89 86 84 82 82 84 86 88 91 93 96 96 98 100 101 98 96 96 97 99 102 106 111 115 120 122 119 118 116 110 111 105 103 104 104 105 110 110 111 110 110 112 112 113 114 113 114 115 120 119 120 123 123 116 114 117 119 121 121 123 127 -9999 -9999 146 -9999 -9999 161 -9999 164 163 161 -9999 -9999 -9999 -9999
-9999 -9999 -9999 112 118 113 105 -9999 100 99 96 93 91 89 85 83 81 80 79 80 82 86 87 89 91 93 95 95 96 96 98 100 102 105 110 117 119 122 122 122 123 117 113 104 104 103 104 111 111 113 115 115 116 117 116 117 118 120 121 127 129 131 131 130 127 -9999 120 121 127 130 131 129 131 132 137 146 149 153 161 166 167 -9999 -9999 -9999 -9999 -9999 -9999 -9999
-9999 -9999 -9999 -9999 127 120 110 105 -9999 97 94 91 90 87 85 85 83 81 79 78 79 83 86 88 91 94 96 97 97 98 99 101 104 108 115 121 121 122 124 125 124 121 113 103 103 107 109 109 111 113 116 119 122 123 122 121 122 124 130 135 -9999 146 -9999 -9999 -9999 -9999 -9999 125 -9999 134 135 131 133 140 146 150 153 158 164 168 -9999 -9999 -9999 -9999 -9999 -9999 -9999 -9999
-9999 -9999 -9999 -9999 -9999 116 108 106 100 96 92 89 86 84 84 84 84 83 82 80 80 83 86 90 93 95 -9999 100 101 101 99 100 104 113 122 118 121 127 126 125 121 116 111 112 108 109 111 111 113 112 115 124 128 128 129 127 -9999 126 -9999 -9999 -9999 -9999 -9999 -9999 -9999 127 131 135 138 146 147 142 140 145 149 153 156 159 -9999 -9999 -9999 -9999 -9999 -9999 -9999 -9999 -9999 -9999
103 -9999 -9999 -9999 104 101 98 96 94 91 88 86 84 84 84 85 85 85 85 83 84 86 89 93 97 99 104 110 114 111 99 -9999 109 117 126 120 124 127 126 126 113 112 114 111 110 107 110 113 116 114 120 128 133 134 134 132 -9999 -9999 -9999 -9999 -9999 -9999 141 141 140 142 143 146 148 155 156 152 -9999 147 -9999 -9999 -9999 -9999 -9999 -9999 -9999 -9999 -9999 -9999 -9999 -9999 -9999 -9999
101 101 100 -9999 -9999 92 90 -9999 85 -9999 82 81 -9999 83 85 86 88 89 89 87 87 90 94 97 103 109 114 116 115 109 99 -9999 108 123 118 121 119 122 116 120 117 114 114 117 114 111 112 120 125 125 130 134 138 137 -9999 -9999 -9999 -9999 -9999 -9999 -9999 -9999 146 147 148 149 148 147 -9999 153 -9999 -9999 -9999 -9999 -9999 -9999 -9999 -9999 -9999 -9999 -9999 -9999 -9999 -9999 -9999 -9999 -9999 -9999
99 98 97 95 88 84 83 82 82 79 78 77 80 83 86 89 92 93 94 -9999 92 95 97 103 110 115 116 116 117 117 108 100 112 121 113 116 109 110 121 139 129 118 121 120 117 116 119 126 132 -9999 -9999 -9999 -9999 -9999 -9999 -9999 -9999 -9999 -9999 -9999 140 143 148 148 150 152 152 -9999 -9999 -9999 -9999 -9999 -9999 -9999 -9999 -9999 -9999 -9999 -9999 -9999 -9999 -9999 -9999 -9999 -9999 -9999 -9999 -9999
99 96 96 94 90 85 83 83 82 80 78 77 81 84 -9999 92 96 96 -9999 -9999 98 104 104 108 117 119 118 118 123 125 111 101 116 124 110 111 103 119 134 136 126 123 123 123 122 121 123 -9999 -9999 -9999 -9999 -9999 -9999 -9999 -9999 -9999 -9999 -9999 -9999 -9999 139 141 146 149 152 155 -9999 -9999 -9999 -9999 -9999 -9999 -9999 -9999 -9999 -9999 -9999 -9999 -9999 -9999 -9999 -9999 -9999 -9999 -9999 -9999 -9999 -9999
98 94 95 94 92 86 83 82 -9999 -9999 -9999 -9999 -9999 -9999 -9999 -9999 -9999 -9999 -9999 -9999 113 131 124 113 122 123 122 118 116 113 112 105 115 121 106 101 104 108 -9999 125 128 130 127 126 -9999 -9999 -9999 -9999 -9999 -9999 -9999 -9999 -9999 -9999 -9999 -9999 -9999 -9999 -9999 -9999 -9999 -9999 142 146 150 -9999 -9999 -9999 -9999 -9999 -9999 -9999 -9999 -9999 -9999 -9999 -9999 -9999 -9999 -9999 -9999 -9999 -9999 -9999 -9999 -9999 -9999 -9999
94 94 93 92 90 85 -9999 -9999 -9999 -9999 -9999 -9999 -9999 -9999 -9999 -9999 -9999 -9999 -9999 -9999 122 134 138 125 127 129 127 118 116 110 110 107 115 123 109 97 102 106 106 117 128 131 131 128 -9999 -9999 -9999 -9999 -9999 -9999 -9999 -9999 -9999 -9999 -9999 -9999 -9999 -9999 -9999 -9999 -9999 -9999 140 142 -9999 -9999 -9999 -9999 -9999 -9999 -9999 -9999 -9999 -9999 -9999 -9999 -9999 -9999 -9999 -9999 -9999 -9999 -9999 -9999 -9999 -9999 -9999 -9999
92 93 92 90 88 85 -9999 -9999 89 90 89 86 83 81 -9999 85 94 99 103 107 112 117 116 119 120 124 123 115 110 106 103 111 121 123 106 101 107 107 105 115 123 128 -9999 -9999 -9999 -9999 -9999 -9999 -9999 -9999 -9999 -9999 -9999 -9999 -9999 -9999 -9999 -9999 -9999 -9999 -9999 -9999 -9999 -9999 -9999 -9999 -9999 -9999 -9999 -9999 -9999 -9999 -9999 -9999 -9999 -9999 -9999 -9999 -9999 -9999 -9999 -9999 -9999 -9999 -9999 -9999 -9999 -9999
92 93 91 88 87 87 88 90 -9999 95 93 91 87 83 83 85 89 91 94 99 100 104 104 105 108 107 108 103 103 99 102 110 123 119 106 103 109 110 109 113 119 -9999 -9999 -9999 -9999 -9999 -9999 -9999 -9999 -9999 -9999 -9999 -9999 -9999 -9999 -9999 -9999 -9999 -9999 -9999 -9999 -9999 -9999 -9999 -9999 -9999 -9999 -9999 -9999 -9999 -9999 -9999 -9999 -9999 -9999 -9999 -9999 -9999 -9999 -9999 -9999 -9999 -9999 -9999 -9999 -9999 -9999 -9999
93 93 91 91 -9999 -9999 -9999 -9999 -9999 98 100 100 97 90 92 91 89 89 98 103 104 105 104 105 107 106 102 100 98 93 101 108 120 120 107 103 108 114 112 114 118 124 -9999 -9999 -9999 -9999 -9999 -9999 -9999 -9999 -9999 -9999 -9999 -9999 -9999 -9999 -9999 -9999 -9999 -9999 -9999 -9999 -9999 -9999 -9999 -9999 -9999 -9999 -9999 -9999 -9999 -9999 -9999 -9999 -9999 -9999 -9999 -9999 -9999 -9999 -9999 -9999 -9999 -9999 -9999 -9999 -9999 -9999
-9999 -9999 92 -9999 -9999 -9999 -9999 -9999 106 109 109 110 106 101 102 98 93 96 98 103 103 103 103 103 103 104 106 103 102 95 100 108 115 115 105 104 106 113 114 115 114 122 -9999 -9999 -9999 -9999 -9999 -9999 -9999 -9999 -9999 -9999 -9999 -9999 -9999 -9999 -9999 -9999 -9999 -9999 -9999 -9999 -9999 -9999 -9999 -9999 -9999 -9999 -9999 -9999 -9999 -9999 -9999 -9999 -9999 -9999 -9999 -9999 -9999 -9999 -9999 -9999 -9999 -9999 -9999 -9999 -9999 -9999
-9999 -9999 -9999 -9999 -9999 -9999 116 116 114 115 117 116 113 113 107 99 98 99 100 100 98 99 102 104 107 109 112 111 107 99 101 106 114 112 101 104 108 114 116 117 115 122 -9999 -9999 -9999 -9999 -9999 -9999 -9999 -9999 -9999 -9999 -9999 -9999 -9999 -9999 -9999 -9999 -9999 -9999 -9999 -9999 -9999 -9999 -9999 -9999 -9999 -9999 -9999 -9999 -9999 -9999 -9999 -9999 -9999 -9999 -9999 -9999 -9999 -9999 -9999 -9999 -9999 -9999 -9999 -9999 -9999 -9999
-9999 -9999 -9999 -9999 107 113 117 116 117 122 123 122 122 118 111 102 98 96 97 97 97 99 103 106 112 116 125 122 112 103 105 108 114 109 102 110 114 116 119 121 118 123 -9999 -9999 -9999 -9999 -9999 -9999 -9999 -9999 -9999 -9999 -9999 -9999 -9999 -9999 -9999 -9999 -9999 -9999 -9999 -9999 -9999 -9999 -9999 -9999 -9999 -9999 -9999 -9999 -9999 -9999 -9999 -9999 -9999 -9999 -9999 -9999 -9999 -9999 -9999 -9999 -9999 -9999 -9999 -9999 -9999 -9999
100 102 105 108 113 116 119 120 121 126 128 127 125 121 113 105 101 99 94 95 99 102 108 110 111 118 121 119 110 104 106 112 113 110 107 115 118 120 121 119 118 120 122 -9999 113 -9999 -9999 -9999 -9999 -9999 -9999 -9999 -9999 -9999 -9999 -9999 -9999 -9999 -9999 -9999 -9999 -9999 -9999 -9999 -9999 -9999 -9999 -9999 -9999 -9999 -9999 -9999 -9999 -9999 -9999 -9999 -9999 -9999 -9999 -9999 -9999 -9999 -9999 -9999 -9999 -9999 -9999 -9999
103 102 105 110 115 118 120 121 122 123 126 125 123 120 115 108 105 103 102 102 101 101 107 109 108 114 117 111 104 104 108 112 114 112 115 120 121 122 121 -9999 117 -9999 119 -9999 -9999 -9999 -9999 -9999 -9999 -9999 -9999 -9999 -9999 -9999 -9999 -9999 -9999 -9999 -9999 -9999 -9999 -9999 -9999 -9999 -9999 -9999 -9999 -9999 -9999 -9999 -9999 -9999 -9999 -9999 -9999 -9999 -9999 -9999 -9999 -9999 -9999 -9999 -9999 -9999 -9999 -9999 -9999 -9999
101 100 103 109 115 117 121 122 121 120 121 121 120 118 115 110 105 103 107 110 106 104 112 114 112 110 111 113 111 109 112 114 110 -9999 -9999 -9999 -9999 -9999 -9999 -9999 -9999 -9999 -9999 -9999 -9999 -9999 -9999 -9999 -9999 -9999 -9999 -9999 -9999 -9999 -9999 -9999 -9999 -9999 -9999 -9999 -9999 -9999 -9999 -9999 -9999 -9999 -9999 -9999 -9999 -9999 -9999 -9999 -9999 -9999 -9999 -9999 -9999 -9999 -9999 -9999 -9999 -9999 -9999 -9999 -9999 -9999 -9999 -9999
103 103 103 106 111 115 117 119 119 117 117 116 115 114 112 113 110 106 109 110 111 114 119 114 110 112 117 119 116 -9999 111 -9999 -9999 -9999 -9999 -9999 -9999 113 -9999 -9999 -9999 -9999 -9999 -9999 -9999 -9999 -9999 -9999 -9999 -9999 -9999 -9999 -9999 -9999 -9999 -9999 -9999 -9999 -9999 -9999 -9999 -9999 -9999 -9999 -9999 -9999 -9999 -9999 -9999 -9999 -9999 -9999 -9999 -9999 -9999 -9999 -9999 -9999 -9999 -9999 -9999 -9999 -9999 -9999 -9999 -9999 -9999 -9999
106 105 104 102 104 108 110 114 118 116 112 112 110 108 112 113 110 108 113 117 120 118 113 112 115 120 122 119 110 105 106 109 109 -9999 -9999 -9999 -9999 -9999 -9999 -9999 -9999 -9999 -9999 -9999 -9999 -9999 -9999 -9999 -9999 -9999 -9999 -9999 -9999 -9999 -9999 -9999 -9999 -9999 -9999 -9999 -9999 -9999 -9999 -9999 -9999 -9999 -9999 -9999 -9999 -9999 -9999 -9999 -9999 -9999 -9999 -9999 -9999 -9999 -9999 -9999 -9999 -9999 -9999 -9999 -9999 -9999 -9999 -9999
108 108 106 102 101 104 108 113 119 119 112 105 102 104 106 106 105 106 111 114 117 116 112 112 117 122 124 121 -9999 -9999 -9999 -9999 -9999 -9999 -9999 -9999 -9999 -9999 -9999 -9999 -9999 -9999 -9999 -9999 -9999 -9999 -9999 -9999 -9999 -9999 -9999 -9999 -9999 -9999 -9999 -9999 -9999 -9999 -9999 -9999 -9999 -9999 -9999 -9999 -9999 -9999 -9999 -9999 -9999 -9999 -9999 -9999 -9999 -9999 -9999 -9999 -9999 -9999 -9999 -9999 -9999 -9999 -9999 -9999 -9999 -9999 -9999 -9999
109 110 108 106 103 102 107 112 116 116 109 100 101 102 105 102 101 100 104 110 112 112 111 112 118 123 124 119 116 -9999 -9999 -9999 -9999 -9999 -9999 -9999 -9999 -9999 -9999 -9999 -9999 -9999 -9999 -9999 -9999 -9999 -9999 -9999 -9999 -9999 -9999 -9999 -9999 -9999 -9999 -9999 -9999 -9999 -9999 -9999 -9999 -9999 -9999 -9999 -9999 -9999 -9999 -9999 -9999 -9999 -9999 -9999 -9999 -9999 -9999 -9999 -9999 -9999 -9999 -9999 -9999 -9999 -9999 -9999 -9999 -9999 -9999 -9999
112 111 112 110 106 105 110 115 110 109 101 98 99 102 101 103 100 98 101 109 113 116 113 113 117 120 118 117 117 -9999 -9999 -9999 -9999 -9999 -9999 -9999 -9999 -9999 -9999 -9999 -9999 -9999 -9999 -9999 -9999 -9999 -9999 -9999 -9999 -9999 -9999 -9999 -9999 -9999 -9999 -9999 -9999 -9999 -9999 -9999 -9999 -9999 -9999 -9999 -9999 -9999 -9999 -9999 -9999 -9999 -9999 -9999 -9999 -9999 -9999 -9999 -9999 -9999 -9999 -9999 -9999 -9999 -9999 -9999 -9999 -9999 -9999 -9999
114 115 116 114 110 112 120 116 110 102 98 96 98 99 104 103 101 104 108 107 111 113 112 110 112 116 118 119 -9999 -9999 -9999 -9999 -9999 -9999 -9999 -9999 -9999 -9999 -9999 -9999 -9999 -9999 -9999 -9999 -9999 -9999 -9999 -9999 -9999 -9999 -9999 -9999 -9999 -9999 -9999 -9999 -9999 -9999 -9999 -9999 -9999 -9999 -9999 -9999 -9999 -9999 -9999 -9999 -9999 -9999 -9999 -9999 -9999 -9999 -9999 -9999 -9999 -9999 -9999 -9999 -9999 -9999 -9999 -9999 -9999 -9999 -9999 -9999
113 117 120 117 114 123 126 121 109 96 94 95 97 98 104 99 105 110 112 109 -9999 106 -9999 106 110 112 116 119 -9999 -9999 -9999 -9999 -9999 -9999 -9999 -9999 -9999 -9999 -9999 -9999 -9999 -9999 -9999 -9999 -9999 -9999 -9999 -9999 -9999 -9999 -9999 -9999 -9999 -9999 -9999 -9999 -9999 -9999 -9999 -9999 -9999 -9999 -9999 -9999 -9999 -9999 -9999 -9999 -9999 -9999 -9999 -9999 -9999 -9999 -9999 -9999 -9999 -9999 -9999 -9999 -9999 -9999 -9999 -9999 -9999 -9999 -9999 -9999
116 120 122 117 120 128 129 123 105 96 95 96 97 99 98 100 108 109 -9999 -9999 107 105 106 -9999 111 113 -9999 -9999 -9999 -9999 -9999 -9999 -9999 -9999 -9999 -9999 -9999 -9999 -9999 -9999 -9999 -9999 -9999 -9999 -9999 -9999 -9999 -9999 -9999 -9999 -9999 -9999 -9999 -9999 -9999 -9999 -9999 -9999 -9999 -9999 -9999 -9999 -9999 -9999 -9999 -9999 -9999 -9999 -9999 -9999 -9999 -9999 -9999 -9999 -9999 -9999 -9999 -9999 -9999 -9999 -9999 -9999 -9999 -9999 -9999 -9999 -9999 -9999
122 125 128 126 129 130 129 120 100 99 97 95 99 102 99 100 105 107 111 -9999 109 111 114 -9999 -9999 113 -9999 -9999 -9999 -9999 -9999 -9999 -9999 -9999 -9999 -9999 -9999 -9999 -9999 -9999 -9999 -9999 -9999 -9999 -9999 -9999 -9999 -9999 -9999 -9999 -9999 -9999 -9999 -9999 -9999 -9999 -9999 -9999 -9999 -9999 -9999 -9999 -9999 -9999 -9999 -9999 -9999 -9999 -9999 -9999 -9999 -9999 -9999 -9999 -9999 -9999 -9999 -9999 -9999 -9999 -9999 -9999 -9999 -9999 -9999 -9999 -9999 -9999
127 131 134 143 144 133 125 107 101 97 95 101 104 103 99 101 105 108 -9999 -9999 115 117 119 120 -9999 -9999 -9999 -9999 -9999 -9999 -9999 -9999 -9999 -9999 -9999 -9999 -9999 -9999 -9999 -9999 -9999 -9999 -9999 -9999 -9999 -9999 -9999 -9999 -9999 -9999 -9999 -9999 -9999 -9999 -9999 -9999 -9999 -9999 -9999 -9999 -9999 -9999 -9999 -9999 -9999 -9999 -9999 -9999 -9999 -9999 -9999 -9999 -9999 -9999 -9999 -9999 -9999 -9999 -9999 -9999 -9999 -9999 -9999 -9999 -9999 -9999 -9999 -9999
129 136 147 154 149 134 118 104 101 96 101 107 103 102 101 103 108 109 108 -9999 -9999 120 123 124 -9999 -9999 -9999 -9999 -9999 -9999 -9999 -9999 -9999 -9999 -9999 -9999 -9999 -9999 -9999 -9999 -9999 -9999 -9999 -9999 -9999 -9999 -9999 -9999 -9999 -9999 -9999 -9999 -9999 -9999 -9999 -9999 -9999 -9999 -9999 -9999 -9999 -9999 -9999 -9999 -9999 -9999 -9999 -9999 -9999 -9999 -9999 -9999 -9999 -9999 -9999 -9999 -9999 -9999 -9999 -9999 -9999 -9999 -9999 -9999 -9999 -9999 -9999 -9999
132 140 147 148 136 123 110 105 98 102 109 108 105 104 103 105 109 -9999 107 -9999 -9999 -9999 126 127 -9999 -9999 -9999 -9999 -9999 -9999 -9999 -9999 -9999 -9999 -9999 -9999 -9999 -9999 -9999 -9999 -9999 -9999 -9999 -9999 -9999 -9999 -9999 -9999 -9999 -9999 -9999 -9999 -9999 -9999 -9999 -9999 -9999 -9999 -9999 -9999 -9999 -9999 -9999 -9999 -9999 -9999 -9999 -9999 -9999 -9999 -9999 -9999 -9999 -9999 -9999 -9999 -9999 -9999 -9999 -9999 -9999 -9999 -9999 -9999 -9999 -9999 -9999 -9999
131 134 134 126 119 111 106 105 104 109 114 112 107 106 105 106 107 107 -9999 -9999 -9999 -9999 118 123 -9999 -9999 -9999 -9999 -9999 -9999 -9999 -9999 -9999 -9999 -9999 -9999 -9999 -9999 -9999 -9999 -9999 -9999 -9999 -9999 -9999 -9999 -9999 -9999 -9999 -9999 -9999 -9999 -9999 -9999 -9999 -9999 -9999 -9999 -9999 -9999 -9999 -9999 -9999 -9999 -9999 -9999 -9999 -9999 -9999 -9999 -9999 -9999 -9999 -9999 -9999 -9999 -9999 -9999 -9999 -9999 -9999 -9999 -9999 -9999 -9999 -9999 -9999 -9999
