resultados/variables_norteamerica/bio10.asc
ncols 469
nrows 225
xllcorner -169.133333
yllcorner 20.675000
cellsize 0.249840
NODATA_value -9999
[rows 114 to 151 of 225, columns 170 to 254 of 469]
-9999 -9999 -9999 -9999 -9999 -9999 -9999 -9999 138 147 -9999 -9999 -9999 -9999 -9999 -9999 -9999 157 147 136 146 122 110 117 120 137 167 174 192 178 164 168 154 179 173 181 161 174 164 157 160 152 135 138 155 148 144 131 144 163 143 134 128 123 133 151 161 167 173 179 181 186 188 188 189 191 193 176 167 171 178 186 190 190 189 187 189 190 193 197 195 194 193 194 195
-9999 -9999 -9999 -9999 -9999 -9999 -9999 -9999 144 145 136 128 133 136 -9999 -9999 157 161 160 142 130 118 104 111 125 138 170 196 197 195 195 182 174 186 173 183 179 179 168 167 163 150 150 149 135 145 142 143 144 -9999 161 135 132 124 118 127 154 164 173 178 182 184 185 187 191 194 192 174 166 172 181 183 177 188 191 192 192 192 196 200 203 204 204 204 204
-9999 -9999 -9999 -9999 -9999 -9999 -9999 -9999 -9999 146 137 118 110 99 122 161 -9999 165 165 154 135 130 119 143 141 169 190 186 196 197 194 186 180 182 184 187 188 185 171 175 152 150 148 146 155 131 146 138 160 166 155 145 125 126 117 117 153 167 174 176 178 182 188 190 189 188 190 190 188 186 191 189 184 190 193 197 193 194 197 -9999 202 203 201 203 202
-9999 -9999 -9999 -9999 -9999 -9999 -9999 -9999 -9999 147 144 134 125 124 153 167 -9999 -9999 163 153 128 116 110 120 172 181 177 196 199 207 201 189 180 177 178 182 185 182 171 175 166 162 155 142 144 147 148 152 171 177 153 145 118 128 113 128 157 165 174 176 180 182 186 178 170 182 185 184 185 184 192 197 198 199 200 202 196 195 197 198 199 203 200 199 201
-9999 -9999 -9999 -9999 -9999 -9999 -9999 -9999 -9999 -9999 149 147 150 160 170 -9999 -9999 170 163 142 131 131 137 141 136 164 203 200 212 213 202 191 185 183 183 183 180 176 170 166 164 154 151 146 141 141 152 147 151 166 158 125 137 117 119 116 137 162 169 174 180 173 170 167 163 176 175 177 174 172 179 192 195 197 203 201 196 196 198 199 200 201 199 197 198
-9999 -9999 -9999 -9999 -9999 -9999 -9999 -9999 -9999 -9999 149 153 160 164 166 167 166 164 151 126 121 121 128 152 174 164 201 210 214 212 204 197 193 191 190 187 179 172 166 159 156 154 136 138 133 130 127 151 150 152 147 127 146 146 141 127 135 146 174 156 155 156 140 140 135 159 170 173 170 164 176 186 192 197 203 205 198 195 196 197 199 201 199 195 194
-9999 -9999 -9999 -9999 -9999 -9999 -9999 -9999 -9999 -9999 -9999 149 154 159 167 165 157 153 139 102 118 113 134 155 176 176 201 213 215 212 205 204 201 199 197 194 187 175 168 164 163 157 158 156 148 137 137 129 139 140 163 146 146 135 140 136 131 153 171 157 136 152 145 127 121 139 150 166 148 140 161 178 189 194 201 205 201 201 198 199 198 199 200 200 203
-9999 -9999 -9999 -9999 -9999 -9999 -9999 -9999 -9999 -9999 -9999 144 149 151 165 168 158 150 148 143 126 116 131 172 197 189 181 208 220 216 212 209 208 206 204 200 190 184 175 185 181 177 165 150 142 135 135 131 128 112 165 128 124 141 139 146 145 144 170 169 168 136 154 140 143 149 158 168 169 169 179 188 193 197 200 201 200 204 204 204 202 203 207 211 207
-9999 -9999 -9999 -9999 -9999 -9999 -9999 -9999 -9999 -9999 -9999 -9999 -9999 151 161 167 154 135 132 133 115 129 139 176 199 210 210 197 203 218 219 213 209 204 190 166 149 178 200 181 160 169 176 157 145 137 124 126 118 129 155 111 127 126 108 151 127 127 149 131 174 154 144 148 137 139 159 171 178 183 189 194 192 190 194 199 203 205 205 205 206 208 210 212 204
-9999 -9999 -9999 -9999 -9999 -9999 -9999 -9999 -9999 -9999 -9999 147 144 157 164 168 156 151 149 134 140 158 159 145 168 180 195 206 207 204 210 210 214 209 158 134 141 159 179 159 158 168 184 161 146 139 133 144 114 127 139 112 112 103 120 145 137 128 152 165 178 162 143 145 147 109 156 168 172 181 186 191 196 198 201 202 204 197 195 198 202 203 206 207 205
-9999 -9999 -9999 -9999 -9999 -9999 -9999 -9999 -9999 -9999 -9999 142 142 154 159 180 172 154 151 160 171 173 176 179 -9999 -9999 215 219 216 214 209 200 196 177 141 147 151 144 140 175 165 174 144 134 133 130 118 136 118 123 127 115 116 122 119 131 127 155 160 168 180 177 153 136 164 162 174 181 178 182 188 194 202 199 199 201 204 194 189 190 198 202 201 201 200
-9999 -9999 -9999 -9999 -9999 -9999 -9999 -9999 -9999 -9999 -9999 139 139 154 177 181 183 175 157 144 160 180 193 192 199 211 211 206 198 192 189 198 174 157 157 155 146 143 142 154 158 161 125 119 117 126 125 112 109 118 125 115 128 109 101 135 151 161 108 152 154 154 138 134 146 133 136 163 179 185 190 197 192 195 204 206 200 193 187 188 189 201 197 196 198
-9999 -9999 -9999 -9999 -9999 -9999 -9999 -9999 -9999 -9999 -9999 142 142 164 177 182 181 169 146 128 129 169 182 183 190 181 184 181 171 154 155 148 147 157 169 151 109 111 130 144 123 143 122 109 136 102 118 122 128 134 130 133 113 114 124 147 168 144 146 151 122 112 106 140 112 93 91 105 152 169 186 187 165 175 189 201 193 189 178 186 197 197 199 195 199
-9999 -9999 -9999 -9999 -9999 -9999 -9999 -9999 -9999 -9999 -9999 144 157 174 180 181 168 141 141 135 149 167 181 175 184 171 156 151 150 145 147 142 127 120 150 160 132 111 130 161 128 143 111 118 115 101 116 127 102 120 125 151 124 125 146 147 139 139 132 123 118 105 107 122 109 100 94 84 74 128 187 184 170 176 157 144 179 185 182 194 195 199 199 199 197
-9999 -9999 -9999 -9999 -9999 -9999 -9999 -9999 -9999 -9999 -9999 151 156 176 180 175 156 144 138 124 150 177 186 174 176 180 168 169 168 164 154 133 120 120 136 167 175 168 184 148 166 142 141 120 105 100 119 123 115 109 147 114 137 121 119 136 134 123 115 107 125 112 121 106 101 105 99 95 117 151 183 185 197 200 172 108 113 155 190 190 189 196 200 197 195
-9999 -9999 -9999 -9999 -9999 -9999 -9999 -9999 -9999 -9999 150 156 163 176 181 175 151 145 139 125 151 171 164 147 141 156 146 153 163 152 143 144 136 145 155 158 167 170 163 179 196 153 142 123 107 107 103 104 99 138 152 142 105 134 111 126 129 137 131 128 124 132 113 111 100 101 94 98 108 141 175 183 193 198 200 179 114 96 138 183 189 193 197 194 195
-9999 -9999 -9999 -9999 -9999 -9999 -9999 -9999 -9999 -9999 150 160 162 180 178 168 155 148 142 127 153 167 164 158 148 135 144 141 155 145 152 133 124 133 157 177 185 200 201 199 184 166 144 134 119 107 109 107 113 127 125 121 124 123 127 116 151 160 155 148 143 142 115 101 105 100 89 88 109 120 155 178 188 200 204 197 168 102 98 166 191 193 196 191 192
-9999 -9999 -9999 -9999 -9999 -9999 -9999 -9999 -9999 -9999 155 162 169 180 179 170 161 155 144 112 128 156 162 156 150 153 161 156 141 138 137 137 139 155 167 189 195 212 213 209 194 180 162 144 138 119 97 103 94 109 120 123 109 142 126 160 182 183 175 167 164 156 141 113 107 96 88 81 84 97 143 164 185 199 205 202 194 159 122 165 191 194 196 190 192
-9999 -9999 -9999 -9999 -9999 -9999 -9999 -9999 -9999 -9999 159 162 170 173 170 163 159 152 -9999 136 147 131 142 149 152 153 163 150 145 147 145 139 170 180 182 190 202 204 213 211 210 193 160 154 150 128 105 101 100 106 97 106 146 146 167 181 183 182 180 174 159 147 135 102 124 105 88 84 87 78 111 155 185 200 206 204 194 180 145 177 190 197 194 189 192
-9999 -9999 -9999 -9999 -9999 -9999 -9999 -9999 -9999 -9999 155 164 177 178 163 155 153 145 123 141 153 141 148 151 156 161 165 165 166 159 166 169 163 177 176 175 181 190 202 -9999 214 212 191 180 145 146 127 125 125 145 141 132 158 174 180 180 177 181 184 173 157 142 121 129 103 100 97 104 129 124 136 152 167 188 183 186 178 156 153 185 191 193 189 189 194
-9999 -9999 -9999 -9999 -9999 -9999 -9999 -9999 -9999 152 159 159 174 186 172 160 155 140 123 138 135 139 163 168 172 169 166 167 173 174 173 173 173 175 167 176 185 181 175 183 216 214 211 200 174 159 159 166 167 177 172 179 178 179 178 183 186 187 179 157 150 142 127 131 111 99 101 77 84 144 169 177 191 206 202 193 184 162 175 186 190 191 185 190 196
-9999 -9999 -9999 -9999 -9999 -9999 -9999 -9999 -9999 152 164 161 174 184 172 165 149 131 122 147 147 139 157 163 164 169 173 166 163 162 165 172 163 166 179 190 182 177 174 149 192 221 220 218 213 201 196 196 197 193 189 189 190 184 181 188 191 180 163 156 152 140 144 120 104 118 120 99 73 95 156 186 197 204 202 195 187 183 187 189 191 190 186 189 192
-9999 -9999 -9999 -9999 -9999 -9999 -9999 -9999 -9999 147 151 153 167 170 165 165 162 135 133 150 149 137 146 154 170 169 169 168 169 168 166 156 140 174 176 194 191 179 169 158 162 183 211 217 211 212 211 214 208 201 193 193 194 190 189 187 180 172 157 161 155 138 142 114 102 122 131 134 118 87 104 171 195 197 184 184 176 173 182 189 194 184 192 190 194
-9999 -9999 -9999 -9999 -9999 -9999 -9999 -9999 -9999 148 153 150 175 176 182 190 169 137 153 152 150 150 145 128 155 -9999 162 170 162 172 174 150 167 185 191 190 185 177 172 159 157 155 171 187 191 191 197 202 201 198 195 195 192 194 182 171 172 171 162 166 150 136 132 111 104 129 140 141 143 134 116 133 166 177 177 181 182 184 189 189 190 165 152 153 176
-9999 -9999 -9999 -9999 -9999 -9999 -9999 -9999 -9999 143 151 157 176 182 184 186 161 141 148 161 159 151 149 144 147 154 155 168 161 159 172 166 188 182 168 174 166 171 170 170 169 160 157 170 176 174 176 182 181 167 174 179 167 190 170 171 171 169 171 171 142 157 143 123 113 136 145 147 152 154 154 153 161 167 169 166 174 175 186 183 166 165 159 146 148
-9999 -9999 -9999 -9999 -9999 -9999 -9999 -9999 -9999 150 155 159 163 148 162 146 166 168 159 171 167 163 156 150 160 144 159 172 163 156 161 172 184 150 159 181 162 161 170 172 171 163 149 154 159 161 151 163 167 155 170 159 174 182 180 189 181 181 180 182 129 156 148 136 133 150 157 158 158 159 154 161 170 174 177 175 177 181 177 181 166 166 166 158 153
-9999 -9999 -9999 -9999 -9999 -9999 -9999 -9999 -9999 -9999 156 152 154 173 167 170 189 156 155 162 172 172 166 160 164 157 172 161 159 155 167 185 178 179 170 188 156 157 170 175 173 167 145 144 138 126 153 161 160 168 167 161 170 181 206 201 193 190 199 176 140 149 150 144 149 159 165 168 165 164 164 167 169 173 174 172 175 171 178 176 167 166 165 162 158
-9999 -9999 -9999 -9999 -9999 -9999 -9999 -9999 -9999 -9999 154 151 170 145 150 175 182 164 138 150 148 174 164 165 169 159 179 165 161 163 159 178 199 201 197 186 167 174 177 176 171 167 144 150 150 152 148 164 169 174 177 182 201 207 213 213 204 213 197 168 140 141 147 145 160 169 173 175 171 170 174 169 167 165 170 170 164 159 167 169 144 135 153 161 153
-9999 -9999 -9999 -9999 -9999 -9999 -9999 -9999 -9999 -9999 154 162 176 169 145 155 136 151 162 161 173 171 168 158 170 146 -9999 160 167 179 180 212 194 198 201 191 193 188 174 169 172 162 159 163 161 163 161 163 173 177 195 215 220 218 221 -9999 -9999 224 208 163 141 143 150 148 158 170 173 178 178 167 161 163 159 166 169 171 164 151 139 159 142 103 142 159 151
-9999 -9999 -9999 -9999 -9999 -9999 -9999 -9999 -9999 -9999 154 167 163 159 143 153 166 195 187 172 182 177 166 155 153 149 160 177 166 179 210 215 197 210 202 200 199 193 197 185 184 171 171 167 174 172 160 167 166 182 198 220 226 226 224 -9999 -9999 -9999 225 175 161 153 146 139 132 142 156 173 -9999 163 154 160 164 166 171 173 169 156 134 123 134 125 132 148 144
-9999 -9999 -9999 -9999 -9999 -9999 -9999 -9999 -9999 -9999 156 158 178 174 176 191 204 238 225 165 165 158 154 152 155 161 162 173 181 205 210 206 196 206 205 197 179 196 202 189 196 191 190 185 181 160 166 181 180 188 221 228 230 231 225 227 233 -9999 230 183 159 154 121 107 94 94 103 126 147 162 173 172 170 169 171 164 160 135 132 117 118 133 115 111 140
-9999 -9999 -9999 -9999 -9999 -9999 -9999 -9999 -9999 145 159 166 165 173 183 190 238 260 245 181 141 139 146 153 166 176 178 201 204 199 194 190 195 200 199 188 187 195 195 195 198 196 186 189 158 164 177 167 181 179 223 230 231 232 218 228 202 204 206 180 151 155 124 118 121 135 155 160 178 185 177 173 174 175 171 168 170 167 154 126 121 128 113 92 112
-9999 -9999 -9999 -9999 -9999 -9999 -9999 -9999 -9999 145 158 179 167 170 168 219 251 260 251 201 151 154 158 156 171 -9999 183 203 196 201 202 203 197 197 204 197 193 196 196 183 200 190 186 191 167 178 171 176 177 183 203 220 229 233 227 224 198 197 200 210 165 142 134 157 169 184 200 205 206 207 188 178 184 172 159 164 156 148 149 133 122 111 105 97 118
-9999 -9999 -9999 -9999 -9999 -9999 -9999 -9999 -9999 -9999 -9999 179 186 182 150 173 244 256 252 221 169 161 171 163 153 157 188 183 -9999 203 201 204 214 211 205 215 208 199 196 192 187 194 188 186 172 171 175 169 172 178 189 195 227 231 231 218 194 199 205 211 179 156 137 154 167 185 203 215 217 213 208 202 174 174 166 157 133 108 109 128 125 139 123 113 107
-9999 -9999 -9999 -9999 -9999 -9999 -9999 -9999 -9999 -9999 -9999 170 174 191 179 178 237 246 246 240 213 181 166 159 156 162 168 185 193 205 207 217 220 214 218 212 200 193 187 188 181 172 192 182 175 176 169 178 167 181 164 194 217 229 215 217 212 203 199 182 163 139 143 152 155 171 197 209 207 204 197 185 164 167 157 139 121 100 136 139 126 108 104 92 116
-9999 -9999 -9999 -9999 -9999 -9999 -9999 -9999 -9999 -9999 -9999 158 171 184 178 175 231 238 240 243 242 209 187 172 144 148 153 189 189 203 219 219 220 196 204 183 182 187 180 179 185 189 180 180 180 170 168 179 173 179 194 208 218 215 211 225 227 217 213 178 184 133 157 198 197 161 189 183 191 184 179 178 162 163 162 178 170 142 142 130 109 101 101 86 105
-9999 -9999 -9999 -9999 -9999 -9999 -9999 -9999 -9999 -9999 -9999 149 167 187 199 186 220 235 239 244 248 232 206 194 154 137 141 170 191 207 212 217 217 212 199 169 175 178 174 187 162 179 175 181 165 169 161 166 164 166 197 209 222 198 219 224 226 198 200 181 159 137 185 202 208 212 213 167 179 206 221 221 197 205 182 147 137 133 133 116 93 97 89 114 108
-9999 -9999 -9999 -9999 -9999 -9999 -9999 -9999 -9999 -9999 -9999 -9999 162 183 199 209 218 232 240 244 247 242 225 215 180 142 -9999 174 173 197 206 211 211 204 197 178 154 154 195 155 159 154 174 179 172 161 172 163 183 170 214 210 200 211 -9999 221 226 206 171 196 136 158 204 207 212 229 230 207 219 236 223 209 229 200 142 121 133 132 87 89 80 102 109 126 125
