resultados/variables_norteamerica/bio1.asc
ncols 469
nrows 225
xllcorner -169.133333
yllcorner 20.675000
cellsize 0.249840
NODATA_value -9999
[rows 40 to 79 of 225, columns 90 to 179 of 469]
-60 -60 -61 -62 -63 -65 -68 -69 -70 -71 -72 -73 -74 -78 -83 -82 -86 -84 -87 -92 -93 -96 -101 -98 -97 -99 -104 -104 -100 -100 -100 -98 -94 -89 -83 -80 -77 -75 -70 -72 -75 -81 -87 -81 -78 -76 -75 -75 -75 -75 -74 -74 -73 -73 -74 -76 -77 -78 -79 -80 -80 -82 -83 -84 -84 -81 -80 -85 -88 -88 -91 -89 -88 -88 -87 -88 -89 -89 -90 -90 -90 -9999 -92 -95 -9999 -9999 -93 -92 -92 -93
-55 -56 -56 -57 -59 -62 -65 -66 -66 -67 -68 -69 -72 -73 -73 -74 -76 -77 -78 -79 -83 -87 -88 -91 -96 -103 -98 -96 -96 -96 -95 -95 -91 -88 -89 -83 -80 -76 -68 -67 -69 -75 -83 -82 -78 -75 -75 -75 -77 -72 -72 -71 -70 -70 -69 -71 -72 -73 -74 -74 -75 -76 -76 -76 -77 -78 -80 -81 -80 -80 -83 -83 -85 -84 -84 -83 -82 -84 -85 -86 -85 -87 -88 -89 -89 -89 -89 -90 -90 -89
-52 -53 -53 -54 -55 -58 -60 -62 -63 -64 -66 -67 -68 -69 -69 -72 -71 -75 -73 -74 -80 -77 -87 -92 -96 -104 -102 -98 -97 -97 -93 -91 -93 -87 -89 -88 -82 -80 -68 -64 -62 -69 -77 -83 -79 -76 -77 -77 -73 -73 -71 -70 -68 -68 -69 -69 -70 -71 -71 -72 -72 -72 -72 -73 -73 -74 -75 -76 -77 -79 -78 -78 -79 -79 -79 -81 -80 -78 -79 -79 -79 -80 -84 -84 -85 -85 -85 -84 -86 -83
-53 -53 -53 -55 -55 -56 -58 -58 -59 -60 -62 -64 -66 -66 -65 -69 -71 -68 -69 -71 -73 -76 -85 -87 -93 -99 -99 -96 -100 -96 -91 -94 -93 -88 -83 -81 -77 -73 -67 -63 -63 -62 -68 -74 -77 -73 -71 -69 -67 -67 -66 -67 -68 -68 -71 -72 -71 -70 -69 -70 -72 -73 -73 -73 -72 -72 -72 -73 -73 -74 -73 -75 -77 -78 -80 -78 -76 -79 -84 -81 -79 -78 -81 -82 -83 -83 -9999 -9999 -79 -79
-57 -58 -62 -61 -58 -60 -65 -64 -61 -58 -59 -63 -65 -65 -65 -68 -71 -69 -67 -72 -74 -75 -80 -85 -91 -100 -95 -92 -100 -99 -96 -97 -95 -90 -85 -80 -73 -68 -65 -61 -59 -59 -61 -63 -64 -60 -59 -63 -66 -69 -69 -68 -69 -68 -72 -74 -78 -80 -75 -75 -76 -78 -74 -75 -75 -72 -72 -71 -71 -72 -9999 -72 -73 -75 -75 -74 -75 -77 -73 -74 -83 -79 -79 -80 -84 -83 -81 -77 -78 -81
-75 -72 -67 -71 -71 -68 -65 -61 -56 -56 -58 -63 -67 -70 -74 -77 -74 -71 -69 -71 -74 -72 -78 -85 -96 -101 -101 -94 -101 -103 -104 -100 -95 -90 -88 -87 -82 -78 -71 -64 -65 -64 -61 -60 -61 -57 -58 -61 -70 -72 -74 -76 -71 -78 -81 -84 -84 -84 -82 -84 -84 -80 -79 -84 -81 -80 -78 -73 -70 -70 -70 -69 -69 -68 -68 -67 -70 -73 -75 -75 -73 -74 -78 -75 -76 -79 -81 -79 -75 -75
-65 -63 -67 -64 -65 -68 -67 -69 -67 -64 -67 -68 -63 -64 -61 -59 -62 -63 -65 -66 -65 -68 -83 -88 -90 -93 -95 -89 -89 -90 -91 -91 -93 -90 -88 -84 -79 -72 -69 -71 -72 -70 -70 -68 -61 -62 -61 -66 -67 -75 -85 -92 -87 -82 -91 -100 -95 -99 -102 -101 -101 -81 -89 -94 -90 -90 -92 -90 -85 -81 -81 -79 -74 -72 -70 -67 -63 -62 -63 -66 -73 -78 -9999 -71 -70 -71 -75 -75 -75 -75
-58 -53 -55 -59 -59 -65 -72 -81 -77 -78 -79 -78 -79 -74 -75 -72 -69 -65 -66 -64 -61 -61 -76 -73 -78 -87 -90 -91 -91 -90 -90 -91 -91 -88 -89 -87 -87 -74 -77 -79 -74 -76 -76 -77 -79 -71 -71 -78 -78 -71 -78 -84 -97 -96 -87 -98 -102 -107 -100 -91 -97 -86 -98 -110 -107 -103 -103 -104 -100 -102 -98 -89 -100 -96 -89 -83 -70 -64 -62 -61 -59 -60 -65 -71 -66 -63 -65 -68 -69 -69
-43 -48 -50 -54 -60 -59 -68 -70 -65 -72 -81 -88 -77 -80 -84 -91 -89 -82 -81 -79 -66 -59 -60 -69 -77 -87 -94 -95 -99 -101 -99 -93 -86 -84 -86 -83 -75 -70 -65 -69 -75 -77 -79 -80 -82 -87 -87 -78 -79 -89 -94 -81 -87 -92 -100 -96 -95 -104 -100 -102 -99 -94 -106 -112 -111 -104 -102 -100 -98 -100 -95 -99 -103 -102 -102 -103 -92 -82 -75 -66 -64 -62 -61 -9999 -62 -61 -60 -62 -66 -69
-42 -41 -42 -51 -53 -54 -58 -66 -66 -69 -74 -78 -78 -82 -83 -76 -74 -74 -73 -79 -79 -73 -70 -62 -66 -75 -79 -82 -84 -91 -91 -95 -96 -86 -89 -84 -80 -74 -76 -82 -82 -83 -79 -77 -78 -82 -82 -82 -75 -85 -86 -89 -80 -79 -89 -94 -93 -95 -100 -104 -105 -98 -101 -116 -111 -113 -108 -102 -105 -94 -100 -100 -106 -108 -101 -95 -92 -90 -88 -78 -72 -70 -74 -73 -70 -65 -60 -59 -69 -72
-37 -37 -35 -37 -41 -46 -50 -56 -61 -67 -74 -82 -81 -73 -76 -72 -78 -79 -70 -70 -68 -66 -65 -64 -66 -71 -70 -65 -67 -71 -71 -84 -80 -78 -78 -80 -79 -80 -73 -73 -75 -72 -75 -76 -70 -69 -70 -67 -69 -71 -69 -72 -78 -76 -78 -78 -83 -87 -91 -94 -97 -105 -107 -106 -106 -104 -103 -102 -102 -100 -97 -97 -100 -103 -98 -93 -92 -88 -94 -87 -73 -72 -69 -71 -68 -63 -61 -57 -60 -72
-39 -34 -30 -28 -34 -36 -39 -43 -47 -54 -64 -71 -68 -73 -76 -71 -70 -70 -65 -66 -71 -74 -76 -74 -74 -73 -75 -68 -61 -62 -56 -56 -55 -57 -54 -58 -58 -65 -65 -70 -66 -62 -58 -60 -58 -59 -62 -65 -67 -58 -61 -64 -64 -69 -65 -71 -76 -79 -85 -92 -96 -96 -97 -98 -100 -103 -101 -92 -92 -99 -95 -89 -85 -79 -86 -97 -97 -88 -85 -79 -80 -79 -70 -66 -69 -65 -63 -59 -55 -57
-55 -49 -36 -39 -48 -49 -39 -39 -40 -44 -48 -52 -60 -61 -61 -63 -65 -67 -66 -74 -76 -78 -78 -83 -81 -68 -69 -59 -65 -61 -61 -60 -55 -53 -49 -52 -56 -60 -67 -66 -56 -56 -53 -49 -51 -59 -64 -59 -57 -61 -50 -50 -49 -49 -60 -67 -70 -73 -79 -84 -86 -86 -93 -93 -91 -96 -96 -96 -92 -98 -99 -94 -98 -98 -85 -86 -99 -98 -100 -92 -81 -72 -74 -70 -69 -66 -65 -58 -58 -57
-103 -89 -61 -62 -84 -83 -73 -63 -68 -51 -41 -43 -46 -51 -60 -61 -64 -69 -65 -68 -71 -73 -68 -75 -73 -68 -64 -58 -64 -65 -60 -57 -55 -54 -53 -45 -46 -47 -49 -49 -49 -47 -44 -46 -50 -49 -52 -48 -51 -54 -46 -46 -53 -56 -57 -60 -63 -68 -74 -73 -81 -86 -95 -87 -85 -92 -92 -94 -92 -99 -97 -95 -91 -93 -85 -90 -94 -95 -86 -80 -79 -80 -72 -72 -68 -67 -67 -61 -57 -57
-79 -79 -70 -57 -79 -93 -87 -84 -80 -70 -68 -63 -61 -49 -46 -52 -59 -64 -66 -67 -69 -68 -65 -67 -73 -72 -68 -62 -9999 -55 -59 -53 -52 -48 -51 -49 -48 -52 -49 -49 -45 -51 -55 -55 -52 -52 -52 -56 -51 -47 -46 -48 -53 -59 -58 -58 -57 -63 -70 -69 -73 -76 -74 -79 -86 -92 -94 -90 -85 -83 -88 -90 -88 -89 -88 -92 -107 -98 -98 -89 -80 -72 -76 -76 -77 -74 -69 -68 -58 -62
-56 -62 -58 -58 -57 -59 -60 -59 -62 -67 -64 -61 -64 -55 -59 -51 -51 -52 -57 -63 -66 -65 -68 -72 -69 -63 -67 -65 -57 -59 -58 -55 -55 -53 -50 -49 -50 -56 -52 -52 -47 -47 -53 -60 -62 -51 -52 -44 -43 -41 -45 -49 -45 -47 -48 -50 -62 -64 -66 -71 -75 -78 -77 -78 -80 -78 -87 -88 -89 -84 -86 -86 -87 -85 -88 -93 -93 -90 -89 -89 -70 -84 -90 -83 -71 -71 -65 -69 -59 -61
-55 -56 -54 -51 -9999 -46 -45 -42 -42 -52 -53 -40 -52 -58 -67 -62 -55 -52 -54 -53 -55 -59 -64 -64 -70 -68 -62 -72 -73 -64 -60 -59 -58 -52 -52 -46 -43 -44 -43 -43 -39 -42 -47 -43 -40 -38 -37 -41 -46 -43 -43 -41 -39 -43 -48 -58 -57 -59 -61 -66 -68 -70 -70 -68 -69 -77 -79 -80 -77 -73 -82 -82 -84 -81 -81 -95 -98 -95 -93 -86 -79 -92 -85 -78 -76 -72 -67 -68 -60 -54
-49 -49 -44 -40 -39 -38 -36 -33 -33 -38 -40 -36 -46 -64 -71 -74 -59 -56 -56 -55 -55 -57 -59 -62 -69 -70 -60 -62 -56 -54 -55 -57 -70 -66 -62 -58 -54 -48 -43 -41 -47 -49 -45 -43 -39 -42 -48 -53 -51 -42 -45 -48 -45 -43 -50 -49 -55 -65 -66 -69 -66 -61 -64 -68 -69 -74 -73 -73 -76 -77 -68 -68 -76 -82 -71 -79 -83 -97 -98 -84 -85 -99 -93 -83 -86 -81 -79 -74 -63 -57
-48 -46 -9999 -39 -35 -32 -34 -39 -51 -84 -86 -53 -70 -63 -59 -65 -80 -86 -74 -66 -67 -66 -59 -63 -59 -58 -57 -53 -50 -53 -55 -61 -58 -63 -69 -64 -63 -55 -52 -48 -42 -44 -45 -44 -47 -49 -48 -48 -51 -51 -40 -34 -38 -46 -53 -52 -60 -61 -72 -65 -58 -60 -67 -69 -70 -69 -67 -70 -74 -76 -78 -67 -71 -69 -78 -63 -69 -89 -93 -88 -93 -97 -85 -82 -73 -74 -72 -70 -68 -57
-45 -42 -38 -36 -30 -30 -40 -61 -62 -81 -123 -98 -91 -80 -79 -83 -97 -73 -65 -80 -86 -83 -71 -69 -60 -65 -62 -59 -62 -61 -53 -58 -55 -53 -56 -59 -58 -59 -59 -56 -51 -41 -42 -36 -40 -38 -36 -41 -44 -44 -43 -45 -46 -40 -44 -45 -51 -56 -56 -54 -59 -61 -62 -60 -60 -66 -65 -69 -72 -73 -80 -72 -69 -76 -84 -84 -73 -59 -84 -82 -74 -82 -82 -84 -78 -79 -74 -73 -68 -58
-9999 -52 -41 -41 -36 -33 -26 -27 -33 -46 -58 -75 -98 -97 -97 -104 -83 -94 -86 -69 -68 -68 -68 -60 -68 -66 -60 -58 -56 -60 -59 -61 -61 -58 -55 -56 -52 -54 -55 -58 -54 -46 -41 -40 -40 -38 -33 -34 -32 -39 -48 -49 -57 -60 -56 -59 -59 -56 -53 -52 -57 -57 -53 -63 -60 -68 -68 -59 -60 -70 -80 -72 -65 -67 -77 -78 -87 -72 -76 -61 -64 -62 -67 -58 -60 -66 -79 -75 -68 -52
-57 -55 -37 -52 -44 -40 -42 -45 -23 -15 -26 -36 -53 -55 -49 -56 -46 -66 -81 -92 -101 -82 -83 -70 -63 -71 -71 -52 -56 -52 -60 -63 -59 -68 -67 -62 -53 -52 -56 -60 -51 -50 -40 -37 -37 -34 -31 -29 -31 -38 -46 -41 -48 -55 -54 -63 -62 -66 -66 -62 -58 -62 -63 -63 -64 -63 -62 -9999 -53 -65 -67 -68 -71 -58 -64 -78 -72 -72 -74 -68 -59 -58 -56 -53 -48 -55 -68 -75 -78 -62
-52 -47 -52 -51 -44 -38 -41 -30 -35 -39 -23 -18 -24 -17 -7 -17 -42 -59 -85 -103 -97 -111 -115 -104 -104 -86 -88 -66 -68 -62 -51 -9999 -56 -68 -67 -66 -53 -58 -47 -56 -53 -46 -37 -39 -39 -29 -32 -31 -30 -40 -52 -50 -43 -43 -46 -57 -52 -61 -60 -63 -67 -67 -67 -68 -70 -68 -61 -60 -53 -49 -58 -65 -67 -56 -63 -71 -73 -63 -67 -54 -58 -57 -54 -59 -55 -51 -63 -56 -53 -58
-2 -5 -19 -27 -35 -31 -18 -11 -19 -16 -32 -35 -37 -42 -34 -15 -25 -29 -35 -43 -59 -76 -80 -99 -125 -119 -117 -95 -82 -72 -79 -69 -39 -44 -46 -50 -58 -52 -45 -50 -39 -45 -39 -38 -43 -29 -23 -39 -33 -30 -39 -49 -53 -49 -9999 -40 -51 -47 -51 -56 -56 -54 -56 -61 -62 -65 -61 -59 -58 -46 -54 -62 -58 -53 -64 -62 -57 -57 -63 -57 -64 -51 -50 -56 -52 -48 -49 -52 -68 -52
20 -9999 4 -14 -18 -26 -30 -4 9 -15 -29 -32 -40 -36 -32 -16 -37 -43 -52 -67 -68 -73 -78 -73 -80 -90 -94 -103 -92 -83 -82 -64 -53 -51 -40 -41 -36 -36 -37 -40 -34 -29 -33 -25 -28 -24 -16 -41 -29 -39 -32 -33 -40 -42 -31 -39 -42 -41 -43 -50 -52 -53 -53 -51 -51 -46 -48 -51 -51 -43 -48 -55 -43 -59 -53 -47 -55 -57 -54 -56 -56 -51 -54 -50 -50 -53 -57 -57 -65 -53
-9999 -9999 -9999 24 20 9 -5 24 11 3 -6 -25 -32 -35 -35 -25 -26 -39 -45 -52 -66 -81 -95 -99 -116 -91 -73 -80 -66 -83 -96 -83 -66 -57 -35 -30 -49 -36 -37 -34 -44 -39 -31 -45 -43 -40 -24 -24 -24 -25 -28 -31 -25 -33 -39 -32 -37 -43 -45 -44 -50 -55 -60 -59 -57 -51 -41 -37 -39 -42 -45 -46 -47 -44 -50 -52 -47 -51 -50 -56 -52 -45 -43 -49 -44 -44 -47 -48 -60 -50
29 35 -9999 -9999 -9999 39 -9999 37 32 33 36 28 23 21 17 9 -1 -27 -39 -36 -32 -48 -66 -62 -56 -48 -60 -75 -59 -52 -88 -63 -46 -41 -31 -37 -32 -33 -30 -36 -43 -28 -38 -37 -47 -35 -29 -27 -30 -18 -23 -28 -27 -30 -24 -32 -29 -33 -43 -42 -50 -52 -50 -52 -48 -45 -37 -34 -31 -31 -34 -42 -44 -40 -47 -49 -40 -45 -41 -45 -45 -39 -41 -43 -36 -31 -33 -37 -46 -42
-9999 -9999 -9999 -9999 -9999 -9999 -9999 -9999 -9999 -9999 -9999 42 42 -9999 -9999 -9999 -9999 18 -2 -9 9 16 9 4 0 -8 -24 -27 -12 -21 -40 -44 -35 -30 -20 -26 -32 -23 -25 -35 -44 -36 -37 -41 -44 -40 -29 -28 -27 -9999 -27 -9999 -22 -26 -22 -18 -9999 -26 -29 -37 -45 -46 -41 -47 -49 -42 -41 -35 -34 -31 -29 -31 -36 -35 -37 -38 -35 -39 -37 -40 -37 -32 -39 -40 -38 -34 -33 -31 -28 -24
-9999 -9999 -9999 -9999 -9999 -9999 -9999 -9999 -9999 -9999 -9999 -9999 -9999 -9999 -9999 -9999 -9999 -9999 -9999 -9999 -9999 34 29 23 22 27 28 -9999 6 11 -4 -17 -25 -15 -2 -31 -40 -11 -29 -31 -29 -33 -34 -34 -41 -27 -21 -27 -34 -23 -21 -10 -24 -28 -31 -21 -24 -18 -23 -27 -36 -39 -43 -44 -49 -46 -39 -35 -37 -31 -29 -32 -34 -33 -31 -35 -30 -33 -32 -35 -30 -35 -42 -41 -46 -35 -30 -21 -16 -15
-9999 -9999 -9999 -9999 -9999 -9999 -9999 -9999 -9999 -9999 -9999 -9999 -9999 -9999 -9999 -9999 -9999 -9999 -9999 -9999 -9999 -9999 -9999 -9999 -9999 -9999 -9999 -9999 36 29 12 14 5 -8 7 -5 -10 -13 -19 -32 -18 -13 3 -17 -16 -5 -29 -28 -29 -20 -23 -9999 -20 -24 -30 -26 -33 -15 -16 -24 -38 -39 -41 -39 -44 -49 -49 -40 -40 -27 -28 -37 -39 -38 -31 -32 -30 -27 -26 -25 -24 -29 -32 -29 -30 -25 -27 -19 -18 -10
-9999 -9999 -9999 -9999 -9999 -9999 -9999 -9999 -9999 -9999 -9999 -9999 -9999 -9999 -9999 -9999 -9999 -9999 -9999 -9999 -9999 -9999 -9999 -9999 -9999 -9999 -9999 -9999 -9999 39 37 23 12 22 2 -23 -13 -9999 -28 -9999 -22 -4 11 14 11 -0 -13 -25 -28 -26 -15 -8 -8 -11 -19 -24 -21 -17 -12 -22 -34 -36 -37 -36 -43 -42 -44 -44 -41 -36 -26 -47 -39 -37 -36 -28 -25 -29 -33 -35 -33 -35 -23 -19 -12 -15 -15 -13 -16 -13
-9999 -9999 -9999 -9999 -9999 -9999 -9999 -9999 -9999 -9999 -9999 -9999 -9999 -9999 -9999 -9999 -9999 -9999 -9999 -9999 -9999 -9999 -9999 -9999 -9999 -9999 -9999 -9999 -9999 -9999 -9999 -9999 -9999 35 24 -20 -51 -16 -9999 3 13 18 4 -12 -6 -9999 2 -13 -28 -9999 -9999 -16 -10 -2 -7 -17 -23 -17 -17 -13 -21 -32 -37 -32 -32 -33 -36 -33 -34 -32 -40 -42 -43 -41 -37 -31 -25 -29 -33 -33 -39 -41 -45 -33 -35 -29 -22 -17 -14 -15
-9999 -9999 -9999 -9999 -9999 -9999 -9999 -9999 -9999 -9999 -9999 -9999 -9999 -9999 -9999 -9999 -9999 -9999 -9999 -9999 -9999 -9999 -9999 -9999 -9999 -9999 -9999 -9999 -9999 -9999 -9999 -9999 -9999 -9999 -9999 21 -31 -23 -9999 -9999 -9999 26 -9999 19 15 -9999 26 10 -5 -9999 -9999 -9999 -9999 3 4 -1 -6 -12 -11 -11 -15 -22 -27 -25 -30 -26 -23 -30 -35 -39 -42 -45 -45 -43 -38 -32 -43 -24 -33 -34 -43 -46 -42 -27 -38 -25 -22 -35 -24 -16
-9999 -9999 -9999 -9999 -9999 -9999 -9999 -9999 -9999 -9999 -9999 -9999 -9999 -9999 -9999 -9999 -9999 -9999 -9999 -9999 -9999 -9999 -9999 -9999 -9999 -9999 -9999 -9999 -9999 -9999 -9999 -9999 -9999 -9999 -9999 -9999 -9999 -1 -13 21 31 40 -9999 33 21 22 -9999 19 -8 -7 5 14 16 -11 -5 -9 -9 -8 -18 -13 -29 -29 -20 -16 -29 -26 -16 -24 -33 -35 -39 -36 -41 -42 -43 -42 -36 -42 -24 -25 -32 -44 -43 -32 -47 -49 -33 -48 -40 -31
-9999 -9999 -9999 -9999 -9999 -9999 -9999 -9999 -9999 -9999 -9999 -9999 -9999 -9999 -9999 -9999 -9999 -9999 -9999 -9999 -9999 -9999 -9999 -9999 -9999 -9999 -9999 -9999 -9999 -9999 -9999 -9999 -9999 -9999 -9999 -9999 -9999 -9999 -9999 43 41 42 -9999 -9999 -9999 23 -9999 40 35 18 -9999 11 8 -9999 -0 -12 -22 -21 -11 -9 -25 -25 -20 -9 -14 -20 -21 -28 -38 -31 -33 -38 -36 -39 -39 -43 -41 -35 -31 -32 -27 -30 -31 -39 -47 -53 -50 -58 -54 -36
-9999 -9999 -9999 -9999 -9999 -9999 -9999 -9999 -9999 -9999 -9999 -9999 -9999 -9999 -9999 -9999 -9999 -9999 -9999 -9999 -9999 -9999 -9999 -9999 -9999 -9999 -9999 -9999 -9999 -9999 -9999 -9999 -9999 -9999 -9999 -9999 -9999 -9999 -9999 -9999 -9999 39 33 39 -9999 42 -9999 41 26 42 -9999 25 18 6 -5 -4 -9999 -20 -22 -17 -7 -7 -1 1 -14 -12 -16 -23 -31 -26 -29 -23 -26 -24 -33 -34 -39 -41 -41 -40 -31 -28 -37 -34 -29 -45 -51 -46 -51 -44
-9999 -9999 -9999 -9999 -9999 -9999 -9999 -9999 -9999 -9999 -9999 -9999 -9999 -9999 -9999 -9999 -9999 -9999 -9999 -9999 -9999 -9999 -9999 -9999 -9999 -9999 -9999 -9999 -9999 -9999 -9999 -9999 -9999 -9999 -9999 -9999 -9999 -9999 -9999 -9999 -9999 41 40 41 -9999 40 -9999 46 33 -9999 37 33 -9999 -9999 3 -9999 -9999 -14 -10 2 2 -1 -5 -15 -18 -20 -18 -18 -19 -24 -23 -29 -30 -25 -28 -34 -36 -32 -38 -40 -31 -34 -23 -23 -30 -28 -42 -9999 -48 -44
-9999 -9999 -9999 -9999 -9999 -9999 -9999 -9999 -9999 -9999 -9999 -9999 -9999 -9999 -9999 -9999 -9999 -9999 -9999 -9999 -9999 -9999 -9999 -9999 -9999 -9999 -9999 -9999 -9999 -9999 -9999 -9999 -9999 -9999 -9999 -9999 -9999 -9999 -9999 -9999 -9999 -9999 -9999 46 -9999 45 45 -9999 47 43 43 -9999 -9999 29 14 -3 -9999 -1 -6 7 -6 -16 -10 -17 -20 -8 -21 -31 -19 -26 -34 -35 -27 -31 -29 -29 -28 -35 -35 -37 -28 -24 -25 -19 -18 -27 -27 -34 -45 -47
-9999 -9999 -9999 -9999 -9999 -9999 -9999 -9999 -9999 -9999 -9999 -9999 -9999 -9999 -9999 -9999 -9999 -9999 -9999 -9999 -9999 -9999 -9999 -9999 -9999 -9999 -9999 -9999 -9999 -9999 -9999 -9999 -9999 -9999 -9999 -9999 -9999 -9999 -9999 -9999 -9999 -9999 -9999 51 -9999 36 41 -9999 -9999 42 48 -9999 -9999 37 27 7 -3 -14 -9999 22 -2 -16 -14 -18 -18 -1 -18 -26 -19 -26 -27 -25 -26 -32 -30 -30 -31 -28 -30 -27 -27 -34 -29 -25 -11 -12 -22 -28 -31 -36
-9999 -9999 -9999 -9999 -9999 -9999 -9999 -9999 -9999 -9999 -9999 -9999 -9999 -9999 -9999 -9999 -9999 -9999 -9999 -9999 -9999 -9999 -9999 -9999 -9999 -9999 -9999 -9999 -9999 -9999 -9999 -9999 -9999 -9999 -9999 -9999 -9999 -9999 -9999 -9999 -9999 -9999 -9999 53 -9999 44 31 -9999 49 -9999 -9999 48 -9999 -9999 -9999 30 12 -11 -9999 32 13 -11 -14 -4 -7 11 -9999 -17 -18 -22 -17 -25 -21 -19 -24 -28 -9999 -27 -28 -22 -33 -36 -34 -28 -30 -11 -10 -23 -33 -30
