resultados/variables_norteamerica/bio18.asc
ncols 469
nrows 225
xllcorner -169.133333
yllcorner 20.675000
cellsize 0.249840
NODATA_value -9999
[rows 152 to 189 of 225, columns 170 to 254 of 469]
-9999 -9999 -9999 -9999 -9999 -9999 -9999 -9999 -9999 -9999 -9999 -9999 -9999 29 23 20 12 10 8 7 8 10 18 31 45 53 62 48 47 37 37 -9999 39 37 37 49 61 70 60 68 76 70 66 66 61 73 70 88 71 91 65 70 66 52 56 55 57 89 70 84 105 70 66 77 64 48 49 56 59 63 86 120 105 74 75 81 99 134 142 144 159 174 137 163 182
-9999 -9999 -9999 -9999 -9999 -9999 -9999 -9999 -9999 -9999 -9999 -9999 -9999 29 25 19 17 11 9 6 8 9 13 22 40 50 61 61 49 52 45 49 37 42 45 48 49 51 61 65 64 62 60 56 58 70 69 79 72 72 77 67 71 67 60 75 94 90 109 108 114 69 60 54 54 56 55 63 61 109 104 96 130 107 78 92 123 135 122 121 146 178 129 154 165
-9999 -9999 -9999 -9999 -9999 -9999 -9999 -9999 -9999 -9999 -9999 -9999 -9999 -9999 -9999 17 15 13 10 8 9 9 10 16 29 42 47 60 64 53 50 50 46 44 41 44 41 45 50 61 57 51 55 50 74 62 66 72 73 88 81 81 84 71 66 85 106 109 96 109 102 76 54 49 49 63 58 57 72 97 95 85 94 132 141 115 149 142 135 142 146 159 148 155 145
-9999 -9999 -9999 -9999 -9999 -9999 -9999 -9999 -9999 -9999 -9999 -9999 -9999 -9999 -9999 18 14 -9999 -9999 9 -9999 7 7 11 16 26 40 48 62 64 42 44 44 43 37 40 41 42 41 47 55 56 50 71 63 59 66 62 73 77 86 86 75 68 81 92 105 106 102 129 134 98 65 87 52 56 64 71 80 89 95 89 105 135 162 174 204 194 188 183 158 130 106 134 188
-9999 -9999 -9999 -9999 -9999 -9999 -9999 -9999 -9999 -9999 -9999 -9999 -9999 -9999 -9999 -9999 -9999 -9999 10 10 8 5 5 6 7 14 24 38 51 70 46 44 39 57 37 45 37 40 40 44 50 59 55 52 66 59 61 58 69 70 80 70 71 75 83 112 112 106 103 107 75 64 62 58 50 50 82 102 108 93 91 110 127 169 201 217 229 208 189 188 167 110 93 101 160
-9999 -9999 -9999 -9999 -9999 -9999 -9999 -9999 -9999 -9999 -9999 -9999 -9999 -9999 -9999 -9999 -9999 -9999 9 11 14 7 5 4 4 7 15 27 45 48 53 54 30 50 43 41 43 39 38 43 44 50 57 57 60 55 60 66 67 73 78 79 87 90 114 134 110 113 83 87 72 54 51 40 42 57 71 83 67 68 76 92 117 157 197 190 226 204 213 202 186 130 88 92 149
-9999 -9999 -9999 -9999 -9999 -9999 -9999 -9999 -9999 -9999 -9999 -9999 -9999 -9999 -9999 -9999 -9999 16 12 11 15 12 3 2 3 4 6 12 28 32 46 73 41 27 37 31 35 39 32 40 46 57 52 51 50 55 50 65 56 66 57 64 85 76 90 95 93 91 73 63 54 53 48 38 43 46 61 57 51 53 60 85 97 122 160 144 151 157 147 184 222 155 96 95 112
-9999 -9999 -9999 -9999 -9999 -9999 -9999 -9999 -9999 -9999 -9999 -9999 -9999 -9999 -9999 -9999 -9999 16 15 13 12 13 7 2 2 3 3 4 9 26 42 61 72 28 40 25 25 29 34 30 41 48 42 49 51 43 46 45 47 46 42 56 45 65 81 88 78 74 67 49 36 30 38 52 52 51 54 50 54 57 55 62 82 96 102 108 115 125 136 159 206 178 120 110 129
-9999 -9999 -9999 -9999 -9999 -9999 -9999 -9999 -9999 -9999 -9999 -9999 -9999 -9999 -9999 -9999 -9999 -9999 -9999 9 11 12 14 5 2 3 3 3 4 12 23 35 57 43 27 15 31 16 26 25 29 35 37 44 41 54 51 34 37 35 36 73 76 76 81 77 74 93 83 67 42 39 43 59 78 62 58 55 59 77 74 58 63 70 75 87 100 120 141 150 161 204 160 128 174
-9999 -9999 -9999 -9999 -9999 -9999 -9999 -9999 -9999 -9999 -9999 -9999 -9999 -9999 -9999 -9999 -9999 -9999 -9999 11 11 13 15 10 4 3 3 2 3 4 12 26 66 71 24 28 27 19 14 19 23 25 39 44 38 64 57 31 29 32 59 64 87 90 92 85 85 127 95 57 65 58 62 64 76 83 70 63 61 80 87 66 63 75 77 87 98 117 140 146 147 195 157 135 198
-9999 -9999 -9999 -9999 -9999 -9999 -9999 -9999 -9999 -9999 -9999 -9999 -9999 -9999 -9999 -9999 -9999 -9999 -9999 15 15 10 11 16 12 4 3 2 2 2 5 20 50 51 33 27 23 23 29 15 26 25 33 75 71 35 32 33 33 38 40 67 97 93 94 82 80 107 119 69 63 55 57 64 72 82 91 80 68 90 123 76 67 74 82 94 102 113 138 160 145 145 128 145 204
-9999 -9999 -9999 -9999 -9999 -9999 -9999 -9999 -9999 -9999 -9999 -9999 -9999 -9999 -9999 -9999 -9999 -9999 -9999 -9999 14 11 8 9 9 5 3 2 2 2 3 11 29 41 29 23 30 16 34 14 31 25 30 38 60 34 28 27 32 32 42 73 96 75 108 106 98 97 110 80 58 51 60 65 72 77 83 78 75 103 115 115 73 77 81 88 99 112 132 207 211 179 123 194 277
-9999 -9999 -9999 -9999 -9999 -9999 -9999 -9999 -9999 -9999 -9999 -9999 -9999 -9999 -9999 -9999 -9999 -9999 -9999 -9999 -9999 9 8 7 7 5 3 2 2 3 3 9 24 29 23 13 18 17 21 19 16 20 32 39 45 42 36 32 34 48 60 79 76 86 123 114 107 109 116 112 75 55 66 69 71 77 89 87 87 114 115 101 88 92 92 99 104 104 119 177 208 167 144 246 277
-9999 -9999 -9999 -9999 -9999 -9999 -9999 -9999 -9999 -9999 -9999 -9999 -9999 -9999 -9999 -9999 -9999 -9999 -9999 -9999 -9999 -9999 7 10 10 9 8 3 3 3 3 9 19 21 18 13 13 16 20 25 25 24 26 42 52 49 56 37 37 51 45 69 87 106 119 128 120 122 129 130 101 71 68 69 72 83 83 83 96 115 108 105 112 122 117 116 110 125 111 116 133 120 148 200 223
-9999 -9999 -9999 -9999 -9999 -9999 -9999 -9999 -9999 -9999 -9999 -9999 -9999 -9999 -9999 -9999 -9999 -9999 -9999 -9999 -9999 -9999 -9999 13 13 14 14 11 3 3 3 5 13 17 11 11 13 18 21 25 24 24 23 45 60 61 55 42 31 47 51 61 92 114 121 126 124 148 160 171 146 102 80 74 78 85 80 82 91 100 109 120 131 142 123 124 167 137 105 113 113 143 150 174 188
-9999 -9999 -9999 -9999 -9999 -9999 -9999 -9999 -9999 -9999 -9999 -9999 -9999 -9999 -9999 -9999 -9999 -9999 -9999 -9999 -9999 -9999 -9999 -9999 12 12 14 14 11 5 5 7 20 12 8 8 10 12 18 19 22 22 23 36 53 60 49 36 28 44 58 81 81 116 136 130 129 142 158 164 159 134 105 87 82 82 82 85 93 106 113 120 129 139 145 121 117 106 99 98 110 167 145 170 181
-9999 -9999 -9999 -9999 -9999 -9999 -9999 -9999 -9999 -9999 -9999 -9999 -9999 -9999 -9999 -9999 -9999 -9999 -9999 -9999 -9999 -9999 -9999 -9999 15 9 12 17 16 19 21 14 14 8 7 8 10 12 16 22 24 28 32 41 49 39 42 36 26 37 51 82 78 112 143 142 131 139 125 126 171 168 138 118 107 100 93 95 105 109 117 127 136 142 135 147 123 113 100 93 110 169 142 156 171
-9999 -9999 -9999 -9999 -9999 -9999 -9999 -9999 -9999 -9999 -9999 -9999 -9999 -9999 -9999 -9999 -9999 -9999 -9999 -9999 -9999 -9999 -9999 -9999 14 8 9 12 15 16 17 14 14 15 13 15 16 14 19 25 30 33 28 24 26 38 41 35 34 38 50 65 67 90 105 135 166 162 148 121 175 187 177 160 143 131 120 117 117 118 125 133 135 144 142 150 130 123 106 93 125 159 151 158 162
-9999 -9999 -9999 -9999 -9999 -9999 -9999 -9999 -9999 -9999 -9999 -9999 -9999 -9999 -9999 -9999 -9999 -9999 -9999 -9999 -9999 -9999 -9999 -9999 -9999 -9999 -9999 -9999 -9999 6 6 11 14 18 26 32 34 28 38 42 35 33 34 33 26 26 28 41 33 35 38 49 57 73 97 135 148 161 131 146 157 167 180 190 177 166 155 163 161 147 156 149 152 153 163 162 148 136 115 103 137 160 166 179 175
-9999 -9999 -9999 -9999 -9999 -9999 -9999 -9999 -9999 -9999 -9999 -9999 -9999 -9999 -9999 -9999 -9999 -9999 -9999 -9999 -9999 -9999 -9999 -9999 -9999 -9999 -9999 -9999 -9999 -9999 -9999 10 12 12 14 17 20 16 32 54 33 42 43 33 34 30 28 28 27 28 39 50 66 73 83 94 119 118 120 124 155 139 170 167 167 166 179 208 239 203 196 182 184 183 164 154 160 166 144 113 133 148 162 174 178
-9999 -9999 -9999 -9999 -9999 -9999 -9999 -9999 -9999 -9999 -9999 -9999 -9999 -9999 -9999 -9999 -9999 -9999 -9999 -9999 -9999 -9999 -9999 -9999 -9999 -9999 -9999 -9999 -9999 -9999 -9999 -9999 -9999 -9999 9 14 24 18 23 45 31 19 39 41 35 24 28 28 27 31 40 48 61 73 75 74 74 68 77 103 114 132 154 147 159 161 173 209 247 234 211 179 188 173 172 178 197 150 127 110 118 162 152 172 188
-9999 -9999 -9999 -9999 -9999 -9999 -9999 -9999 -9999 -9999 -9999 -9999 -9999 -9999 -9999 -9999 -9999 -9999 -9999 -9999 -9999 -9999 -9999 -9999 -9999 -9999 -9999 -9999 -9999 -9999 -9999 -9999 -9999 -9999 -9999 12 18 20 24 45 55 31 13 25 34 36 23 21 24 36 48 46 49 52 56 55 63 52 57 69 89 128 132 146 152 168 183 196 210 220 195 186 214 206 195 192 178 150 108 113 122 134 136 205 213
-9999 -9999 -9999 -9999 -9999 -9999 -9999 -9999 -9999 -9999 -9999 -9999 -9999 -9999 -9999 -9999 -9999 -9999 -9999 -9999 -9999 -9999 -9999 -9999 -9999 -9999 -9999 -9999 -9999 -9999 -9999 -9999 -9999 -9999 -9999 -9999 -9999 14 22 42 51 26 18 -9999 17 28 27 22 28 38 51 51 46 50 48 48 51 59 58 62 83 114 148 161 129 127 159 188 183 185 182 198 236 205 200 211 158 118 117 141 142 107 132 247 234
-9999 -9999 -9999 -9999 -9999 -9999 -9999 -9999 -9999 -9999 -9999 -9999 -9999 -9999 -9999 -9999 -9999 -9999 -9999 -9999 -9999 -9999 -9999 -9999 -9999 -9999 -9999 -9999 -9999 -9999 -9999 -9999 -9999 -9999 -9999 -9999 -9999 10 15 27 45 37 24 19 16 15 22 24 24 32 40 36 38 39 44 48 59 65 62 71 92 117 125 125 137 156 117 145 160 150 180 176 170 201 215 228 157 123 124 145 123 104 119 237 255
-9999 -9999 -9999 -9999 -9999 -9999 -9999 -9999 -9999 -9999 -9999 -9999 -9999 -9999 -9999 -9999 -9999 -9999 -9999 -9999 -9999 -9999 -9999 -9999 -9999 -9999 -9999 -9999 -9999 -9999 -9999 -9999 -9999 -9999 -9999 -9999 -9999 7 10 19 44 41 28 22 19 15 15 20 21 25 28 29 33 39 46 54 70 83 79 78 93 118 142 138 144 161 162 133 113 140 143 162 162 190 198 198 154 125 126 126 133 106 114 252 244
-9999 -9999 -9999 -9999 -9999 -9999 -9999 -9999 -9999 -9999 -9999 -9999 -9999 -9999 -9999 -9999 -9999 -9999 -9999 -9999 -9999 -9999 -9999 -9999 -9999 -9999 -9999 -9999 -9999 -9999 -9999 -9999 -9999 -9999 -9999 -9999 -9999 -9999 7 12 29 43 46 33 26 18 16 24 30 37 37 38 39 43 55 69 91 98 89 92 103 113 141 174 140 183 157 173 120 130 136 136 171 165 146 155 138 132 125 120 139 112 118 158 189
-9999 -9999 -9999 -9999 -9999 -9999 -9999 -9999 -9999 -9999 -9999 -9999 -9999 -9999 -9999 -9999 -9999 -9999 -9999 -9999 -9999 -9999 -9999 -9999 -9999 -9999 -9999 -9999 -9999 -9999 -9999 -9999 -9999 -9999 -9999 -9999 -9999 -9999 -9999 12 21 49 76 42 28 22 20 24 28 36 47 54 55 57 66 78 96 102 101 109 120 120 126 166 178 160 174 151 152 124 140 131 135 137 126 119 116 121 122 113 135 114 123 140 130
-9999 -9999 -9999 -9999 -9999 -9999 -9999 -9999 -9999 -9999 -9999 -9999 -9999 -9999 -9999 -9999 -9999 -9999 -9999 -9999 -9999 -9999 -9999 -9999 -9999 -9999 -9999 -9999 -9999 -9999 -9999 -9999 -9999 -9999 -9999 -9999 -9999 -9999 -9999 9 19 40 81 66 23 25 22 23 25 29 35 45 51 61 76 87 100 104 117 142 153 149 144 146 183 170 181 158 176 193 140 137 129 128 122 111 114 112 114 109 110 110 125 137 127
-9999 -9999 -9999 -9999 -9999 -9999 -9999 -9999 -9999 -9999 -9999 -9999 -9999 -9999 -9999 -9999 -9999 -9999 -9999 -9999 -9999 -9999 -9999 -9999 -9999 -9999 -9999 -9999 -9999 -9999 -9999 -9999 -9999 -9999 -9999 -9999 -9999 -9999 -9999 -9999 13 30 68 91 42 25 23 -9999 -9999 25 27 32 55 54 79 93 97 104 121 145 188 190 180 215 211 192 192 183 187 245 169 155 136 130 127 115 106 108 108 106 106 103 119 130 119
-9999 -9999 -9999 -9999 -9999 -9999 -9999 -9999 -9999 -9999 -9999 -9999 -9999 -9999 -9999 -9999 -9999 -9999 -9999 -9999 -9999 -9999 -9999 -9999 -9999 -9999 -9999 -9999 -9999 -9999 -9999 -9999 -9999 -9999 -9999 -9999 -9999 -9999 -9999 -9999 13 26 59 75 76 41 26 -9999 -9999 23 24 27 34 45 69 103 109 116 145 157 197 214 211 227 231 215 202 189 185 187 185 183 145 138 123 117 109 103 102 102 105 102 109 122 124
-9999 -9999 -9999 -9999 -9999 -9999 -9999 -9999 -9999 -9999 -9999 -9999 -9999 -9999 -9999 -9999 -9999 -9999 -9999 -9999 -9999 -9999 -9999 -9999 -9999 -9999 -9999 -9999 -9999 -9999 -9999 -9999 -9999 -9999 -9999 -9999 -9999 -9999 -9999 -9999 -9999 13 25 58 75 45 34 -9999 -9999 -9999 -9999 -9999 -9999 -9999 60 85 122 128 143 169 194 213 235 239 249 242 222 208 180 161 172 189 152 144 124 126 116 108 99 101 108 118 113 115 126
-9999 -9999 -9999 -9999 -9999 -9999 -9999 -9999 -9999 -9999 -9999 -9999 -9999 -9999 -9999 -9999 -9999 -9999 -9999 -9999 -9999 -9999 -9999 -9999 -9999 -9999 -9999 -9999 -9999 -9999 -9999 -9999 -9999 -9999 -9999 -9999 -9999 -9999 -9999 -9999 -9999 11 16 40 109 57 43 -9999 -9999 -9999 -9999 -9999 -9999 -9999 50 70 107 133 139 157 193 207 250 263 262 260 254 231 181 157 205 199 162 149 137 138 130 116 107 103 112 123 133 131 122
-9999 -9999 -9999 -9999 -9999 -9999 -9999 -9999 -9999 -9999 -9999 -9999 -9999 -9999 -9999 -9999 -9999 -9999 -9999 -9999 -9999 -9999 -9999 -9999 -9999 -9999 -9999 -9999 -9999 -9999 -9999 -9999 -9999 -9999 -9999 -9999 -9999 -9999 -9999 -9999 -9999 -9999 -9999 25 73 84 41 31 -9999 -9999 -9999 -9999 -9999 -9999 46 61 85 115 142 150 174 198 233 260 287 276 265 256 219 177 189 202 179 168 159 161 143 124 114 110 107 116 131 141 144
-9999 -9999 -9999 -9999 -9999 -9999 -9999 -9999 -9999 -9999 -9999 -9999 -9999 -9999 -9999 -9999 -9999 -9999 -9999 -9999 -9999 -9999 -9999 -9999 -9999 -9999 -9999 -9999 -9999 -9999 -9999 -9999 -9999 -9999 -9999 -9999 -9999 -9999 -9999 -9999 -9999 -9999 -9999 17 36 64 50 34 -9999 -9999 -9999 -9999 -9999 -9999 -9999 55 82 99 136 151 164 183 216 279 303 296 278 279 257 217 233 222 222 201 173 169 159 139 128 119 113 126 130 130 142
-9999 -9999 -9999 -9999 -9999 -9999 -9999 -9999 -9999 -9999 -9999 -9999 -9999 -9999 -9999 -9999 -9999 -9999 -9999 -9999 -9999 -9999 -9999 -9999 -9999 -9999 -9999 -9999 -9999 -9999 -9999 -9999 -9999 -9999 -9999 -9999 -9999 -9999 -9999 -9999 -9999 -9999 -9999 14 26 39 52 38 -9999 -9999 -9999 -9999 -9999 -9999 -9999 54 79 108 140 170 176 185 224 294 316 307 299 276 271 232 259 241 243 216 190 176 163 152 141 131 131 144 143 146 143
-9999 -9999 -9999 -9999 -9999 -9999 -9999 -9999 -9999 -9999 -9999 -9999 -9999 -9999 -9999 -9999 -9999 -9999 -9999 -9999 -9999 -9999 -9999 -9999 -9999 -9999 -9999 -9999 -9999 -9999 -9999 -9999 -9999 -9999 -9999 -9999 -9999 -9999 -9999 -9999 -9999 -9999 -9999 14 18 26 34 35 -9999 -9999 -9999 -9999 -9999 -9999 -9999 49 79 113 149 182 197 200 210 278 315 300 302 267 286 243 274 282 255 233 221 202 174 163 154 153 174 161 157 150 152
-9999 -9999 -9999 -9999 -9999 -9999 -9999 -9999 -9999 -9999 -9999 -9999 -9999 -9999 -9999 -9999 -9999 -9999 -9999 -9999 -9999 -9999 -9999 -9999 -9999 -9999 -9999 -9999 -9999 -9999 -9999 -9999 -9999 -9999 -9999 -9999 -9999 -9999 -9999 -9999 -9999 -9999 -9999 -9999 15 18 24 29 28 19 -9999 -9999 -9999 -9999 -9999 -9999 57 90 126 177 189 208 221 252 279 288 288 285 283 270 287 318 308 325 270 242 208 192 187 185 202 203 180 166 159
-9999 -9999 -9999 -9999 -9999 -9999 -9999 -9999 -9999 -9999 -9999 -9999 -9999 -9999 -9999 -9999 -9999 -9999 -9999 -9999 -9999 -9999 -9999 -9999 -9999 -9999 -9999 -9999 -9999 -9999 -9999 -9999 -9999 -9999 -9999 -9999 -9999 -9999 -9999 -9999 -9999 -9999 -9999 -9999 -9999 12 13 18 31 24 26 -9999 -9999 -9999 -9999 -9999 -9999 76 100 124 155 187 219 253 260 275 281 295 298 297 304 328 373 372 343 277 257 231 223 276 257 219 180 176 180
