resultados/variables_norteamerica/bio16.asc
ncols 469
nrows 225
xllcorner -169.133333
yllcorner 20.675000
cellsize 0.249840
NODATA_value -9999
[rows 76 to 113 of 225, columns 170 to 254 of 469]
178 181 176 179 186 188 200 -9999 211 212 213 211 211 209 209 212 215 213 211 209 205 203 200 198 198 198 200 202 206 201 196 193 192 193 192 190 187 184 182 183 189 196 200 199 193 183 184 186 187 188 191 195 199 204 207 207 207 208 210 196 187 186 186 185 185 185 188 190 191 191 190 191 192 193 195 198 202 204 202 203 204 204 205 208 211
173 171 173 169 171 183 187 196 207 212 215 213 215 216 214 218 218 218 216 215 210 208 205 204 203 203 205 205 206 202 197 197 201 202 201 201 195 189 184 185 187 194 198 201 199 191 192 195 197 199 203 208 210 211 213 215 214 217 216 201 193 193 192 192 194 196 198 196 196 195 193 194 195 197 200 204 207 211 211 210 -9999 208 209 212 213
170 175 173 171 163 168 181 189 196 204 215 212 216 218 217 218 220 222 221 218 214 209 208 207 207 205 203 202 202 200 204 207 204 201 198 197 195 187 185 187 190 194 200 208 202 197 199 203 205 210 217 219 221 219 219 -9999 215 214 208 201 200 200 203 205 203 201 201 200 200 198 -9999 197 199 201 203 206 -9999 213 215 214 -9999 212 212 212 212
172 174 174 171 176 166 171 184 195 198 206 210 214 219 220 220 222 224 224 222 217 211 207 205 204 204 203 203 207 210 206 203 202 199 197 193 186 184 188 193 199 201 206 211 205 203 204 209 212 216 218 218 220 217 215 214 213 212 211 208 206 209 212 213 212 206 206 205 203 200 199 200 200 202 204 208 211 214 217 218 218 218 217 216 -9999
167 169 169 166 165 167 163 174 186 195 197 210 213 219 220 218 221 223 225 225 219 213 207 204 203 203 205 210 214 212 210 207 201 197 194 191 186 183 190 196 201 206 211 214 208 208 213 221 222 223 221 218 218 218 218 217 217 217 218 218 213 212 214 212 209 208 207 206 204 202 201 200 202 203 206 209 212 214 217 219 220 219 219 219 219
164 168 171 172 173 170 172 177 -9999 188 194 203 210 214 216 222 220 221 221 221 219 213 208 203 203 205 209 207 205 206 203 202 203 199 195 192 189 186 187 195 200 205 210 212 213 215 222 227 -9999 232 231 225 223 224 223 222 222 221 220 219 217 216 214 213 213 211 210 208 206 205 205 203 202 204 207 209 211 214 217 219 220 219 221 221 222
162 165 168 166 165 166 172 176 175 179 185 200 209 212 216 221 225 224 221 215 211 208 206 202 203 206 206 203 199 198 197 197 199 198 197 194 189 185 191 199 205 209 212 216 219 224 227 230 233 233 231 229 230 231 231 228 225 226 227 227 228 231 224 218 215 -9999 212 210 -9999 206 206 205 203 204 -9999 208 211 214 217 219 219 221 224 224 225
159 159 163 167 166 165 170 174 172 172 -9999 190 202 205 -9999 217 222 -9999 217 212 208 206 205 205 206 207 206 203 204 203 199 196 196 196 194 190 186 189 195 203 211 215 220 225 229 233 235 235 235 235 234 234 235 235 233 232 229 230 233 236 235 234 230 220 217 216 216 214 213 210 -9999 -9999 204 -9999 207 209 210 213 215 216 217 221 222 223 222
157 157 159 158 160 162 164 168 170 182 173 179 196 206 211 221 226 225 221 217 208 207 210 211 213 215 212 211 210 208 203 199 197 196 196 196 194 197 202 207 213 218 226 232 -9999 241 242 243 243 243 240 -9999 238 237 235 234 232 235 237 236 235 232 227 223 222 221 220 218 216 214 208 206 203 -9999 208 209 211 212 213 214 217 218 220 221 222
162 160 160 158 158 162 166 169 172 174 178 179 181 194 208 217 224 226 224 219 212 215 216 220 218 220 217 215 213 213 212 209 208 206 205 205 205 205 209 213 215 -9999 231 239 244 246 249 253 258 255 255 252 250 246 240 236 240 241 240 237 236 234 230 228 -9999 227 225 223 221 217 212 209 207 207 208 209 213 216 216 215 -9999 217 220 220 222
171 162 162 159 159 154 160 162 166 168 171 178 185 192 206 215 223 230 229 222 227 224 224 225 224 222 220 215 210 210 209 210 212 211 216 223 226 222 222 225 226 231 240 247 -9999 -9999 -9999 254 253 250 250 247 246 244 244 238 236 236 238 237 236 235 235 233 231 231 230 228 225 222 217 213 210 209 210 -9999 213 216 217 215 -9999 217 -9999 220 222
162 164 161 157 156 154 152 155 159 162 170 174 182 192 206 215 221 227 229 229 239 236 227 230 229 226 222 215 211 212 213 212 214 218 223 233 237 237 238 246 249 252 256 266 269 266 275 267 259 251 249 248 244 243 238 235 234 235 235 234 235 236 233 233 232 233 231 226 224 224 222 219 216 213 213 212 214 215 218 217 217 217 219 220 -9999
155 160 162 156 156 155 153 152 153 155 162 169 177 188 201 212 221 226 231 236 241 237 238 236 234 232 226 220 217 221 222 221 222 231 239 245 252 251 254 260 267 273 281 291 287 282 275 266 258 251 252 250 242 235 235 234 235 -9999 233 234 236 236 231 232 232 232 228 -9999 225 225 227 228 224 217 215 214 214 -9999 216 216 217 218 220 221 222
155 154 150 156 154 153 152 152 -9999 152 156 164 172 181 193 206 220 232 237 239 242 245 247 247 242 236 232 226 230 230 228 228 232 240 254 264 269 267 268 271 278 287 293 294 290 282 274 265 257 252 250 249 245 239 236 237 237 235 234 234 234 232 229 228 227 227 -9999 -9999 225 225 226 224 219 218 216 215 215 214 215 216 220 223 223 221 220
161 152 151 152 149 148 149 151 154 152 157 164 171 178 186 196 215 239 255 251 247 242 246 248 250 243 241 232 234 233 232 231 235 249 262 273 279 281 282 287 291 293 293 294 289 279 269 260 255 252 248 246 243 242 239 238 237 237 236 234 235 231 225 224 225 225 225 223 222 220 219 218 217 217 216 214 213 213 214 214 216 218 218 217 -9999
173 153 145 148 150 150 150 152 154 155 157 162 168 176 184 191 203 237 266 266 260 254 251 245 244 247 242 239 238 233 229 231 240 247 256 267 276 283 289 294 301 301 300 294 289 278 270 259 255 252 251 248 243 239 237 234 233 232 233 232 232 231 228 226 227 228 228 225 223 220 218 218 218 218 217 214 212 210 210 212 214 214 212 211 213
194 158 143 145 146 145 146 150 155 158 161 164 168 175 180 188 202 225 252 266 269 264 254 246 243 237 240 237 233 228 227 230 235 239 246 256 267 278 287 297 299 295 295 293 290 281 272 264 259 254 252 248 244 239 235 234 232 230 228 226 227 227 224 224 224 225 227 226 224 223 221 221 223 220 216 214 213 209 206 206 212 212 208 207 208
222 187 163 155 151 147 147 146 150 154 158 162 167 173 180 187 202 226 242 268 279 283 274 251 231 234 233 230 231 225 238 240 240 236 236 245 258 269 280 286 287 286 290 290 287 281 273 -9999 261 256 252 246 242 238 237 234 230 227 223 223 223 222 222 221 220 221 221 219 219 218 217 -9999 216 217 216 210 209 207 202 201 200 202 201 201 201
271 224 193 175 163 152 144 140 144 148 152 157 163 170 175 183 192 214 238 267 285 287 287 276 261 229 214 225 223 223 234 231 227 226 229 228 245 260 274 280 282 286 288 288 285 279 273 264 260 254 250 246 242 239 236 233 -9999 224 221 220 218 218 217 216 217 219 218 216 215 212 209 207 207 209 211 211 -9999 203 198 195 194 193 192 193 193
300 264 229 198 176 159 146 137 136 140 148 152 159 173 176 181 182 201 226 268 296 292 288 285 275 259 238 216 211 219 225 221 224 226 210 229 243 250 263 272 277 282 284 282 279 275 269 265 261 257 251 246 240 235 231 228 225 222 219 217 216 214 212 211 211 212 212 211 211 206 201 197 195 -9999 201 205 205 202 194 189 187 187 186 186 187
360 319 256 216 189 169 151 140 135 138 142 149 155 169 172 182 175 190 209 237 276 287 302 283 283 272 256 244 231 209 220 215 207 216 205 226 237 247 254 260 269 273 275 274 273 270 266 264 261 256 249 241 235 229 226 223 219 217 215 213 210 208 206 204 205 205 204 205 205 201 195 191 187 185 188 190 192 190 184 181 180 180 180 182 184
401 331 271 234 204 178 156 144 128 127 132 142 149 161 169 171 164 181 188 209 229 259 251 280 287 261 262 -9999 241 237 230 222 215 218 215 218 226 245 248 252 259 265 271 272 269 265 259 259 255 251 -9999 235 229 225 220 218 215 212 210 208 205 202 202 200 199 199 199 198 195 192 190 186 185 184 182 180 179 177 175 174 174 173 175 178 181
466 380 333 270 223 189 163 147 130 119 121 129 138 149 157 158 157 158 169 188 207 228 249 276 301 260 256 253 -9999 250 241 232 230 216 -9999 217 225 234 242 248 249 250 257 260 263 265 253 248 248 245 238 229 222 215 211 210 208 205 203 201 197 196 195 193 191 192 193 192 189 185 180 178 178 178 179 178 172 169 167 166 166 168 172 175 177
497 -9999 337 292 244 211 177 153 137 125 117 120 127 133 142 148 146 144 149 165 186 205 263 280 269 245 226 246 249 258 255 253 261 248 245 231 -9999 229 231 233 234 240 245 246 251 255 249 242 239 235 229 223 215 207 202 199 196 194 -9999 191 187 187 188 186 183 183 183 182 180 177 174 172 172 171 171 170 167 165 161 159 160 164 167 170 172
536 444 -9999 324 280 240 210 176 158 137 122 118 124 128 130 132 135 134 142 149 157 170 175 190 207 222 206 230 238 252 262 278 289 279 273 -9999 268 242 -9999 224 232 234 235 236 238 240 238 233 229 226 221 213 204 195 189 186 184 180 180 179 176 177 178 177 174 171 171 171 171 170 168 167 166 168 167 165 164 161 159 156 157 161 164 167 170
544 467 -9999 -9999 323 274 236 222 194 164 145 126 127 128 128 132 130 124 135 138 145 148 156 172 197 183 178 196 215 244 258 281 318 326 326 -9999 338 308 251 219 220 219 -9999 227 229 226 227 226 221 217 213 205 195 186 179 174 173 175 171 169 166 166 168 167 165 162 160 160 163 162 163 162 164 161 160 161 162 160 156 154 155 160 165 168 170
-9999 517 -9999 426 373 -9999 282 253 221 208 173 160 139 140 134 132 135 125 125 130 127 130 136 147 160 155 163 176 196 224 266 293 309 -9999 346 382 373 320 271 237 207 210 208 213 216 222 219 218 216 212 209 200 190 182 175 170 167 165 163 160 158 159 160 159 158 155 153 152 158 158 158 158 158 158 157 157 159 160 155 153 153 156 161 166 170
631 576 538 470 462 -9999 362 305 -9999 -9999 223 210 177 168 148 137 151 142 131 141 119 122 126 128 144 135 139 154 176 206 254 284 314 373 383 -9999 380 -9999 -9999 257 213 198 198 204 205 212 212 214 209 205 202 196 188 180 173 168 164 158 153 151 150 150 151 152 152 149 149 150 153 154 155 153 153 155 155 159 160 158 154 150 -9999 153 159 163 166
-9999 -9999 603 550 -9999 441 395 376 343 304 281 -9999 227 209 196 192 184 175 159 144 132 115 110 108 113 112 126 135 156 190 231 256 301 325 402 399 382 343 301 260 231 197 185 197 207 213 217 216 209 202 196 191 185 176 170 163 157 152 148 145 144 144 145 145 144 144 146 149 152 153 153 151 150 153 156 160 158 156 153 153 153 154 158 162 165
-9999 -9999 719 698 -9999 547 486 431 410 415 391 304 308 293 286 243 243 222 204 177 163 131 130 111 109 105 112 120 134 165 195 243 261 294 345 375 365 345 313 275 240 216 183 186 195 211 216 217 209 201 194 186 181 177 170 162 156 148 145 142 142 142 142 143 140 143 145 148 150 150 152 152 153 157 158 158 157 157 157 156 156 156 158 161 165
788 768 765 -9999 -9999 -9999 565 508 -9999 456 463 409 414 351 336 370 314 267 250 228 193 163 143 119 107 101 105 112 120 139 170 209 245 259 321 335 333 313 316 281 250 234 206 185 191 207 215 217 213 201 195 185 178 173 167 159 151 144 140 138 138 138 138 137 138 142 144 145 146 147 150 153 156 158 159 159 158 157 157 156 157 160 162 164 163
883 854 824 805 780 -9999 -9999 -9999 511 524 527 550 466 467 448 378 406 341 317 289 266 208 172 138 109 98 101 106 108 122 145 169 201 228 276 297 306 317 307 287 262 245 221 182 203 212 213 216 218 207 197 185 177 171 166 158 149 143 138 136 135 135 136 136 136 137 137 139 141 146 150 156 160 162 162 162 161 158 156 156 157 160 -9999 -9999 168
993 969 933 861 818 729 -9999 -9999 487 541 -9999 551 541 559 536 493 457 481 421 370 344 281 209 161 123 104 101 96 101 113 130 153 175 208 242 260 295 300 297 288 271 255 237 165 219 229 224 220 216 205 196 188 176 171 166 158 151 145 140 138 136 137 136 139 143 145 143 143 144 154 162 168 163 164 162 159 156 154 156 157 158 162 165 166 166
1120 1089 1044 964 906 841 761 -9999 -9999 559 -9999 565 597 595 591 584 584 568 537 527 447 384 260 198 143 111 103 93 97 111 119 140 165 199 228 260 293 300 298 281 281 262 232 170 205 256 260 224 212 201 185 181 179 173 168 161 156 152 148 144 141 139 137 142 149 155 157 152 152 158 166 166 164 165 162 161 159 156 156 157 160 163 166 165 165
-9999 -9999 1160 1103 1040 972 887 805 -9999 -9999 -9999 -9999 549 603 604 638 -9999 713 646 681 589 462 327 245 179 137 110 95 91 111 115 131 157 188 230 262 288 301 302 281 284 275 267 247 252 230 258 232 212 208 200 186 181 177 174 170 166 159 154 149 146 143 138 136 141 141 139 139 138 146 155 159 161 163 160 158 161 163 162 162 166 168 168 168 166
-9999 -9999 -9999 1260 -9999 1097 1022 951 895 831 726 -9999 -9999 -9999 498 526 577 627 658 670 593 505 436 306 234 192 157 123 93 103 110 123 146 177 223 254 276 293 307 309 245 283 284 281 266 223 214 238 210 205 210 196 192 185 180 175 168 165 161 154 152 147 144 139 134 132 132 132 135 142 151 157 158 158 158 158 158 161 162 161 165 168 167 165 165
-9999 -9999 -9999 -9999 -9999 -9999 -9999 1044 995 952 867 691 555 -9999 -9999 400 417 541 698 727 700 611 540 382 298 238 184 139 102 103 116 124 146 171 184 222 263 287 310 317 316 281 311 298 280 -9999 185 217 227 201 205 206 204 191 179 171 166 164 158 153 155 158 154 140 135 132 133 135 136 142 151 160 160 158 158 157 158 160 158 159 165 165 164 163 162
-9999 -9999 -9999 -9999 -9999 -9999 -9999 -9999 1032 998 936 772 -9999 -9999 282 -9999 -9999 463 698 821 838 762 581 457 355 240 199 149 110 115 120 126 154 163 169 199 252 273 307 332 334 330 329 311 277 -9999 228 218 197 219 216 210 208 197 174 166 162 157 150 148 146 146 143 144 142 140 140 139 144 149 150 150 153 155 156 155 153 154 155 159 160 160 162 162 163
