resultados/variables_norteamerica/bio12.asc
ncols 469
nrows 225
xllcorner -169.133333
yllcorner 20.675000
cellsize 0.249840
NODATA_value -9999
[rows 148 to 184 of 225, columns 252 to 335 of 469]
587 710 579 465 406 395 387 379 373 367 372 393 401 411 424 439 451 458 485 518 533 536 542 552 567 577 585 598 608 625 664 693 708 726 757 774 787 794 817 845 870 894 908 913 913 911 921 924 925 926 942 984 1015 1012 996 982 971 974 972 963 958 948 942 949 941 921 921 944 972 988 991 992 991 1003 1021 1043 1063 1064 1051 1023 1019 1032 1037 1034
570 699 601 470 432 420 400 388 378 371 385 393 400 408 416 429 443 454 468 495 511 519 532 544 548 551 572 593 607 622 647 672 696 719 745 765 788 812 841 872 894 911 923 934 927 936 947 954 957 953 959 968 991 1010 1010 995 987 994 986 965 955 948 932 935 942 941 943 958 975 988 994 1000 1009 1022 1028 1039 1071 1083 1065 1039 1033 1034 1051 1057
624 459 537 448 459 438 424 394 379 374 380 390 396 403 411 418 436 450 464 479 490 504 524 539 540 537 563 592 618 638 656 675 693 721 754 775 803 834 859 874 893 910 927 956 957 954 962 966 976 975 979 977 987 1005 1004 988 982 992 993 976 963 951 940 937 950 956 964 974 986 990 1001 1009 1019 1029 1030 1050 1079 1102 1085 1072 1060 1050 1068 1079
464 348 410 438 506 456 443 406 379 361 357 368 387 395 404 412 429 449 459 468 484 500 521 545 549 551 565 590 616 638 658 679 700 724 747 782 822 842 869 878 891 899 912 960 963 965 963 981 997 1004 998 990 991 1002 995 981 981 990 992 975 963 960 956 960 967 968 969 970 979 1002 1013 1024 1033 1047 1054 1072 1094 1122 1118 1103 1093 1086 1096 1107
337 382 410 437 597 430 403 378 351 335 341 347 360 369 388 400 417 441 453 461 476 497 514 529 536 545 563 586 617 646 667 692 710 728 759 804 850 858 870 885 905 914 920 957 971 976 976 998 1018 1024 1009 1009 1006 1013 994 978 978 986 993 983 966 964 959 961 962 963 965 974 997 1023 1034 1044 1061 1077 1089 1095 1115 1145 1139 1130 1118 1112 1125 1127
325 371 376 375 433 392 350 332 317 304 319 334 352 363 365 386 404 419 436 454 481 505 520 534 539 545 561 589 622 647 668 692 707 735 786 841 855 859 863 886 917 933 939 972 990 1005 1010 1016 1028 1037 1032 1036 1035 1027 1003 987 984 993 999 997 987 983 988 975 966 962 977 1001 1032 1046 1060 1070 1088 1101 1111 1118 1132 1153 1166 1161 1151 1137 1143 1149
409 409 342 397 362 342 316 292 285 284 301 318 342 352 361 379 397 410 427 446 470 495 515 529 539 550 566 594 622 644 663 692 721 750 791 823 834 853 864 889 930 947 964 994 1015 1026 1035 1042 1042 1042 1046 1049 1055 1044 1026 1015 1017 1006 1009 1016 1019 1011 1007 1001 1002 998 1015 1032 1053 1067 1075 1090 1096 1105 1121 1136 1146 1161 1177 1169 1159 1139 1156 1171
252 338 513 458 500 379 336 299 280 284 296 313 327 344 366 375 390 404 422 441 458 481 508 528 548 563 583 602 622 641 664 699 729 758 787 816 839 857 872 903 943 973 995 1015 1035 1047 1056 1059 1055 1053 1053 1052 1060 1059 1051 1052 1050 1027 1024 1032 1044 1042 1038 1039 1037 1049 1061 1066 1079 1094 1100 1101 1102 1115 1117 1134 1152 1173 1187 1179 1164 1158 1181 1187
210 229 412 388 460 408 388 345 304 302 313 325 341 361 376 386 394 402 414 434 459 482 516 545 559 582 601 613 627 650 675 705 733 759 781 806 851 878 894 916 942 983 999 1019 1049 1064 1073 1080 1077 1066 1065 1059 1069 1068 1066 1071 1068 1057 1049 1055 1067 1074 1085 1096 1080 1087 1112 1116 1121 1134 1135 1133 1132 1137 1137 1144 1164 1199 1216 1216 1207 1214 1231 1227
205 209 387 460 422 419 401 359 340 329 336 356 370 383 384 391 397 399 408 438 467 494 521 545 566 594 615 620 634 658 684 711 734 750 772 799 854 888 911 927 950 979 1000 1024 1058 1084 1089 1098 1092 1079 1077 1079 1080 1075 1069 1078 1081 1078 1071 1077 1100 1117 1123 1131 1137 1140 1158 1176 1178 1183 1193 1189 1177 1178 1179 1175 1192 1225 1260 1257 1258 1277 1285 1281
236 221 261 494 573 445 396 353 341 355 387 396 399 397 391 396 404 415 427 452 473 498 524 540 560 585 603 625 634 654 683 716 739 754 783 814 850 887 909 937 967 992 1023 1043 1056 1077 1084 1090 1095 1090 1082 1085 1093 1092 1085 1086 1089 1091 1089 1102 1127 1139 1143 1160 1176 1179 1187 1199 1200 1207 1221 1229 1232 1218 1217 1216 1228 1244 1281 1287 1297 1307 1315 1326
312 262 311 587 505 427 447 445 388 398 406 394 396 397 399 406 419 434 446 465 482 500 520 537 550 575 600 620 630 650 680 713 744 765 793 828 867 896 915 944 962 994 1030 1058 1065 1078 1090 1093 1097 1102 1098 1092 1106 1102 1085 1085 1097 1105 1114 1135 1153 1161 1171 1192 1198 1196 1204 1213 1229 1245 1250 1259 1262 1249 1244 1250 1263 1268 1272 1285 1314 1331 1335 1334
442 308 454 617 445 427 402 430 465 430 400 394 396 402 413 425 433 438 445 464 482 499 521 543 557 582 603 611 631 654 684 715 744 777 806 836 873 -9999 930 954 958 992 1026 1058 1078 1090 1104 1108 1113 1119 1108 1104 1094 1086 1073 1077 1090 1122 1135 1160 1184 1195 1195 1200 1216 1213 1223 1243 1268 1297 1313 1308 1289 1265 1249 1264 1282 1287 1283 1301 1326 1345 1341 1327
405 324 510 589 459 384 364 412 437 422 406 397 395 405 420 431 436 438 444 465 484 507 528 551 562 570 587 614 632 657 687 720 751 789 821 846 869 901 933 963 981 995 1030 1065 1090 1108 1117 1122 1131 1127 1111 1108 1097 1092 1091 1093 1115 1136 1147 1173 1196 1205 1201 1202 1211 1215 1242 1271 1299 1330 1347 1345 -9999 1301 1276 1272 1274 1273 1293 1334 1368 1375 1357 1346
307 346 491 591 487 394 379 385 393 399 394 387 386 397 420 432 440 446 457 476 497 510 523 546 556 560 593 620 646 669 688 717 745 778 821 853 874 903 926 954 978 1002 1038 1068 1106 1139 1147 1146 1139 1141 1136 1141 1135 1124 1119 1125 1142 1157 1165 1189 1203 1207 1219 1234 1238 1235 1254 1294 1317 1345 1355 1352 1348 1345 1324 1306 1280 1249 1249 1315 1367 1387 1393 1399
289 462 693 483 437 418 404 390 395 386 382 386 385 400 424 437 445 455 466 487 501 511 521 543 567 583 611 642 668 691 708 726 752 784 820 855 878 902 928 957 982 1012 1044 1082 1127 1150 1164 1159 1152 1168 1178 1187 1160 1143 1149 1175 1173 1184 1191 1203 1207 1208 1240 1248 1253 1254 1271 1303 1327 1347 1356 1360 1366 1372 1366 1347 1314 1255 1235 1333 1400 1405 1415 1462
333 600 661 453 417 421 401 386 398 379 384 400 401 413 426 447 458 465 480 492 508 530 541 546 567 592 621 652 689 711 727 742 766 800 831 863 883 906 934 964 1000 1028 1054 1086 1127 1147 1186 1211 1209 1206 1219 1218 1219 1212 1220 1247 1249 1217 1215 1217 1217 1215 1230 1248 1254 1272 1303 1313 1328 1344 1353 1362 1379 1392 1378 1366 1360 1330 1313 1359 1426 1419 1421 1468
346 451 483 415 418 425 392 357 370 379 379 393 405 414 431 450 464 473 499 518 536 554 565 565 583 608 636 672 703 727 738 758 795 826 839 859 898 927 954 983 1020 1043 1067 1098 1130 1153 1176 1185 1160 1167 1191 1204 1214 1245 1265 1289 1290 1278 1260 1240 1234 1232 1238 1250 1261 1293 1316 1323 1332 1344 1354 1365 1391 1421 1418 1401 1383 1366 1370 1415 1448 1457 1504 1477
350 383 392 350 363 370 364 362 374 371 373 390 403 432 459 471 472 487 513 533 549 561 569 565 580 610 643 672 693 712 740 772 815 850 862 881 925 959 979 1005 1041 1069 1093 1124 1146 1151 1132 1080 1037 1109 1185 1203 1212 1224 1260 1291 1308 1296 1283 1262 1252 1254 1257 1265 1274 1301 1326 1343 1347 1365 1389 1394 1412 1444 1441 1432 1416 1414 1415 1447 1469 1533 1519 1486
333 366 372 335 346 361 367 377 383 382 387 416 422 445 460 468 475 490 510 530 540 553 556 558 577 611 639 646 639 676 735 772 808 850 894 916 935 965 989 1024 1066 1097 1133 1175 1196 1188 1114 959 959 1145 1222 1233 1247 1258 1256 1266 1277 1286 1286 1271 1266 1281 1283 1285 1291 1316 1346 1375 1394 1393 1407 1417 1433 1440 1420 1426 1421 1421 1423 1459 1510 1504 1465 1418
331 335 345 329 337 351 357 372 398 401 419 430 428 435 444 455 472 491 502 511 518 538 540 545 568 600 628 621 592 683 756 784 829 867 901 914 937 977 1004 1038 1083 1131 1179 1215 1242 1250 1213 1151 1181 1264 1310 1343 1366 1350 1309 1269 1255 1268 1276 1266 1278 1305 1315 1316 1334 1341 1381 1422 1433 1425 1414 1425 1421 1399 1393 1411 1426 1427 1426 1465 1479 1470 1493 1425
346 336 324 328 330 344 353 361 378 389 403 403 415 430 443 456 471 490 510 521 510 510 518 530 560 594 620 622 641 696 749 792 836 872 896 913 937 992 1010 1037 1085 1165 1220 1244 1285 1321 1335 1355 1389 1404 1399 1403 1414 1387 1344 1293 1257 1259 1267 1270 1295 1324 1346 1351 1373 1383 1411 1437 1443 1431 1419 1433 1447 1441 1425 1433 1428 1418 1423 1426 1440 1481 1487 1421
372 379 353 328 326 337 348 355 369 382 388 402 419 432 446 456 468 488 508 528 522 519 524 537 568 606 632 646 675 714 753 800 -9999 853 886 908 918 972 1017 1048 1084 1140 1190 1235 1273 1315 1355 1392 1445 1467 1450 1433 1404 1378 1340 1311 1279 1260 1270 1286 1310 1331 1349 1366 1383 1406 1433 1453 1442 1406 1422 1451 1480 1498 1503 1478 1462 1457 1443 1416 1439 1448 1418 1391
354 363 356 321 312 322 332 342 362 386 396 413 428 443 454 460 468 485 503 523 538 538 544 561 589 616 638 657 686 717 742 774 799 831 869 903 929 983 1028 1068 1094 1126 1172 1202 1236 1271 1308 1339 1364 1391 1402 1383 1353 1350 1339 1319 1300 1282 1292 1307 1317 1340 1362 1381 1395 1418 1439 1438 1431 1411 1415 1456 1492 1507 1506 1483 1463 1441 1436 1435 1412 1416 1416 1398
330 358 369 327 311 314 325 335 360 386 403 418 434 452 460 461 462 481 502 523 548 556 567 581 604 626 644 662 681 706 735 764 790 825 870 904 933 963 1012 1063 1097 1127 1160 1187 1213 1237 1269 1283 1289 1320 1354 1350 1330 1321 1335 1337 1333 1334 1321 1318 1321 1358 1384 1395 1403 1420 1427 1420 1420 1411 1407 1446 1493 1504 1501 1470 1443 1418 1441 1422 1391 1409 1447 1434
300 421 411 399 322 312 314 334 356 382 402 415 435 454 465 465 458 480 507 533 543 554 568 589 611 631 655 674 692 715 745 773 803 838 880 919 949 978 1015 1068 1101 1124 1145 1162 1189 1225 1240 1234 1216 1251 1314 1331 1316 1308 1321 1347 1366 1369 1351 1335 1332 1356 1383 1389 1398 1434 1437 1435 1422 1410 1410 1429 1476 1491 1486 1472 1450 1419 1428 1410 1394 1429 1452 1440
294 510 463 376 342 316 313 328 351 383 400 416 432 449 459 465 472 494 517 520 533 548 565 584 605 633 657 682 698 729 759 779 801 832 879 922 960 986 1013 1054 1083 1110 1129 1132 1163 1194 1211 1210 1193 1223 1278 1305 1300 1286 1308 1343 1374 1386 1372 1356 1345 1356 1387 1394 1414 1447 1446 1442 1425 1406 1396 1406 1445 1450 1442 1463 1469 1445 1429 1425 1453 1481 1453 1440
270 495 515 409 349 317 313 323 348 382 397 410 425 438 445 454 469 491 510 517 535 553 574 590 607 627 654 681 701 730 764 785 803 831 860 893 913 964 996 1033 1062 1099 1116 1119 1139 1165 1192 1209 1207 1224 1255 1283 1306 1300 1320 1348 1377 1395 1387 1383 -9999 1373 1395 1408 1421 1438 1450 1445 1431 1410 1388 1393 1410 1410 1411 1440 1461 1456 1423 1451 1474 1469 1447 1407
254 523 497 398 336 314 312 322 342 367 384 394 411 423 429 436 453 474 494 513 539 560 586 602 616 634 659 683 696 728 763 781 782 828 831 850 876 922 968 1013 1054 1075 1079 1090 1120 1150 1180 1203 1212 1223 1264 1295 1329 1332 1330 -9999 1356 1383 1393 1405 1405 1388 1386 1397 1405 1424 1437 1441 1438 1425 1410 1405 1398 1385 1403 1419 1435 1432 1415 1425 1461 1456 1451 1397
257 336 389 339 326 304 312 320 332 346 361 372 390 402 411 421 439 461 481 499 523 561 598 611 619 629 657 671 692 732 757 770 781 804 830 857 887 920 943 980 1032 1064 1059 1077 1113 1154 1189 1220 1225 1206 1236 1294 1346 1363 1349 1327 1328 1364 1392 1411 1411 1390 1369 1344 1366 1408 1437 1447 1444 1429 1430 1431 1416 1390 1383 1387 1382 1386 1376 1363 1409 1417 1407 1364
260 294 275 265 264 278 311 328 324 334 340 347 361 377 391 405 427 447 467 491 515 552 604 630 643 643 660 676 704 731 761 790 793 806 831 863 887 917 946 971 1008 1042 1055 1086 1123 1160 1191 1217 1236 1230 1240 1297 1362 1402 1403 1376 1361 1374 1394 1411 1409 1398 1371 1327 1368 1433 1464 1460 1438 1428 1467 1466 1438 1416 1397 1370 1323 1329 1331 1323 1356 1363 1348 1303
261 282 263 236 230 251 278 310 311 316 317 317 332 357 372 390 404 425 451 490 518 548 593 613 635 651 664 682 714 735 752 790 794 817 834 853 876 902 947 979 1002 1034 1062 1089 1122 1161 1195 1220 1241 1257 1271 1303 1355 1428 1462 1440 1422 1406 1409 1409 1420 1425 1417 1406 1431 1469 1483 1474 1461 1451 1500 1505 1469 1454 1422 1397 1372 1372 1374 1366 1364 1351 1335 1299
247 267 248 229 223 207 250 289 300 296 295 292 306 335 357 374 391 414 445 481 513 552 579 591 608 635 661 679 702 726 735 752 775 813 835 837 845 895 951 987 1012 1040 1074 1089 1124 1158 1196 1231 1256 1275 1305 1324 1359 1425 1458 1467 1470 1451 1447 1448 1463 1466 1468 1476 1489 1511 1496 1482 1469 1480 1507 1520 1508 1507 1470 1446 1446 1446 1434 1410 1378 1354 1341 1333
226 251 254 236 228 230 245 283 296 295 284 287 299 319 340 365 391 416 448 479 511 534 552 571 594 619 640 661 683 694 723 745 764 806 835 837 835 894 951 994 1029 1044 1073 1089 1111 1144 1186 1231 1275 1299 1334 1362 1383 1410 1435 1449 1471 1479 1490 1519 1518 1513 1514 1518 1519 1537 1526 1507 1496 1512 1536 1552 1541 1550 1517 1517 1526 1512 1487 1461 1417 1375 1353 1363
229 239 258 261 258 263 275 293 302 301 291 294 301 310 328 361 387 418 454 484 512 529 535 561 589 615 633 659 676 681 709 745 761 788 830 859 866 903 945 981 1024 1047 1068 1094 1117 1141 1188 1238 1285 1324 1356 1393 1422 1439 1438 1455 1484 1503 1518 1545 1553 1557 1555 1556 1565 1561 1565 1548 1541 1554 1572 1585 1574 1570 1576 1577 1575 1558 1530 1505 1458 1385 1347 1365
264 260 241 269 282 293 300 317 330 322 313 315 318 323 336 354 380 420 457 490 516 538 551 573 589 606 631 657 681 703 722 762 763 778 835 868 877 902 944 984 1027 1055 1078 1108 1146 1177 1222 1270 1314 1363 1387 1424 1470 1502 1520 1518 1520 1520 1542 1577 1589 1600 1609 1601 1612 1592 1588 1589 1598 1602 1612 1614 1605 1612 1622 1609 1602 1580 1557 1540 1497 1436 1398 1388
266 276 276 267 299 305 316 343 380 362 351 342 344 349 362 378 389 404 443 481 511 539 561 573 583 593 618 659 682 698 721 769 793 819 855 867 881 917 956 998 1042 1083 1115 1151 1192 1246 1293 1323 1350 1390 1421 1460 1503 1553 1560 1540 1527 1523 1534 1558 1589 1655 1654 1631 1637 1601 1594 1617 1635 1636 1635 1621 -9999 1632 1621 1606 1606 1572 1556 1570 1569 1504 1463 1441
