resultados/variables_norteamerica/bio19.asc
ncols 469
nrows 225
xllcorner -169.133333
yllcorner 20.675000
cellsize 0.249840
NODATA_value -9999
[rows 38 to 75 of 225, columns 174 to 260 of 469]
31 32 31 31 31 31 31 30 30 29 29 29 29 29 30 30 29 29 29 29 29 30 -9999 30 31 31 31 31 31 31 31 31 32 32 32 32 32 33 33 33 33 35 35 34 33 31 30 28 27 25 24 23 22 21 21 21 20 19 19 18 18 18 18 16 16 16 15 14 14 14 -9999 -9999 15 15 16 16 17 17 17 17 17 17 16 15 14 14 14
34 34 33 31 31 31 31 31 31 31 31 31 31 30 30 30 30 30 30 30 30 30 30 30 30 30 31 32 32 31 32 35 36 36 36 36 35 35 35 35 35 37 38 36 35 33 32 30 29 27 25 24 23 24 24 23 22 21 21 20 20 19 19 18 19 19 18 16 15 -9999 -9999 -9999 -9999 -9999 16 16 17 17 17 17 17 17 17 17 16 15 14
-9999 -9999 34 34 33 33 33 32 32 32 32 32 32 32 32 31 31 30 30 -9999 -9999 -9999 -9999 -9999 -9999 -9999 -9999 33 34 35 36 36 37 37 38 37 36 36 38 37 37 36 -9999 36 36 34 33 32 30 -9999 28 27 26 25 25 24 24 22 21 20 20 19 19 19 19 19 19 19 18 17 -9999 -9999 -9999 -9999 17 17 17 17 17 17 17 17 17 17 17 16 15
36 35 34 34 34 34 34 33 33 33 32 32 -9999 -9999 -9999 -9999 -9999 -9999 -9999 -9999 -9999 -9999 33 33 35 35 36 36 36 36 -9999 35 36 36 36 37 37 38 38 -9999 39 38 37 35 34 34 34 33 31 31 29 29 29 28 27 25 25 24 24 24 23 22 22 21 19 19 19 19 19 19 19 18 -9999 18 -9999 18 19 19 19 19 19 19 17 17 17 16 16
37 37 36 34 34 34 34 -9999 -9999 -9999 -9999 -9999 -9999 -9999 -9999 -9999 -9999 -9999 -9999 -9999 -9999 -9999 -9999 34 35 35 36 36 36 -9999 -9999 -9999 37 37 37 38 39 39 40 40 41 40 38 37 35 35 34 33 32 31 30 29 29 29 29 28 27 25 25 25 23 23 23 22 21 21 20 20 20 20 20 20 19 18 19 20 20 20 20 20 20 19 18 18 17 17 17
39 37 -9999 -9999 36 36 36 36 36 36 35 35 35 36 36 36 36 -9999 -9999 -9999 -9999 -9999 -9999 -9999 -9999 -9999 -9999 -9999 -9999 -9999 -9999 39 39 39 39 40 40 41 43 43 42 41 39 38 37 35 35 35 35 34 33 31 30 30 29 28 27 26 26 27 26 26 26 26 24 23 23 22 22 22 22 22 22 21 20 20 21 21 21 21 21 20 19 19 19 19 18
40 39 38 37 37 37 36 36 37 37 37 37 37 -9999 -9999 -9999 -9999 -9999 -9999 -9999 -9999 -9999 -9999 -9999 -9999 -9999 -9999 -9999 -9999 39 -9999 40 40 40 40 41 41 41 42 43 43 43 43 40 39 37 36 36 36 36 37 35 33 -9999 33 32 29 -9999 28 27 26 26 26 26 26 25 24 23 23 23 24 23 23 23 22 21 21 21 21 21 21 21 21 20 19 19 19
40 40 40 39 39 39 38 38 38 38 38 -9999 -9999 -9999 -9999 -9999 -9999 -9999 -9999 40 40 -9999 -9999 39 40 40 41 41 41 42 42 41 41 41 42 43 44 44 44 44 43 44 44 43 42 -9999 39 39 38 39 38 36 34 34 34 33 32 31 29 28 -9999 26 26 26 27 27 26 26 26 25 25 24 23 23 23 24 24 23 23 22 22 22 21 21 20 20 19
41 40 40 40 39 39 39 39 40 40 40 -9999 -9999 -9999 -9999 -9999 -9999 40 41 41 41 -9999 -9999 -9999 -9999 41 42 42 42 42 42 43 43 43 43 43 43 44 44 44 43 45 45 44 44 43 -9999 -9999 -9999 -9999 38 37 36 35 35 34 34 33 32 30 -9999 28 28 28 28 28 27 27 27 26 26 25 24 24 24 24 24 24 24 23 23 23 23 22 21 20 20
41 41 41 41 41 41 41 40 40 40 -9999 -9999 -9999 -9999 -9999 -9999 41 41 41 -9999 -9999 42 43 43 43 43 43 42 -9999 43 43 43 44 44 44 44 44 44 44 43 43 44 45 45 45 45 42 41 40 41 40 39 38 37 37 36 35 34 34 32 -9999 31 30 29 28 28 28 28 28 28 27 26 -9999 25 25 25 25 25 24 24 23 23 23 23 22 20 20
43 42 42 42 42 43 43 42 42 42 42 42 43 43 42 42 42 -9999 42 43 43 44 45 46 47 49 48 45 -9999 -9999 44 44 44 44 45 45 45 45 45 44 44 43 44 44 45 45 45 44 43 42 42 -9999 40 39 38 38 37 36 35 34 33 32 32 -9999 31 30 29 29 -9999 29 28 28 27 27 27 26 26 26 26 25 25 24 23 23 23 23 23
47 45 44 44 45 45 45 44 44 44 44 43 43 43 43 43 44 44 44 44 45 46 47 48 48 47 47 47 46 46 45 45 45 45 -9999 46 46 46 46 45 45 44 44 44 43 43 44 44 43 43 43 43 43 42 41 40 39 37 37 35 -9999 34 33 32 32 31 31 30 29 29 30 29 29 28 28 28 28 26 26 26 26 26 25 25 24 23 23
50 48 47 46 46 47 48 48 46 45 45 45 45 45 -9999 44 44 45 45 46 46 47 49 49 49 48 47 48 49 48 48 47 47 46 47 48 47 47 46 47 46 45 44 44 44 43 45 45 45 44 44 45 45 44 44 43 41 40 39 37 37 35 34 34 33 32 32 31 31 31 31 31 31 30 29 29 29 28 27 28 27 26 26 26 25 25 24
53 51 50 49 48 47 49 49 49 48 -9999 48 48 48 47 46 -9999 47 47 47 -9999 48 49 49 49 49 49 49 50 49 49 49 48 47 48 48 48 48 48 47 47 46 45 44 45 44 45 46 46 46 45 45 46 46 45 45 44 42 41 39 38 37 37 35 34 33 33 32 32 32 32 31 31 -9999 30 30 30 29 29 29 28 28 28 27 25 25 23
56 54 53 51 50 50 49 50 50 50 -9999 48 48 48 48 -9999 -9999 48 47 48 48 49 50 50 51 52 53 53 50 49 49 50 49 48 48 48 48 49 -9999 48 48 47 47 -9999 45 45 46 46 45 45 46 47 -9999 48 48 48 -9999 -9999 43 42 40 39 38 37 36 35 35 34 34 33 33 33 -9999 33 32 32 31 30 31 30 29 28 28 28 26 25 25
59 57 56 54 53 52 52 50 51 52 51 51 50 49 49 50 49 49 49 49 50 50 52 52 52 52 52 51 50 49 -9999 50 50 51 50 49 50 49 49 49 48 48 47 47 46 46 46 46 46 46 48 50 50 51 50 49 48 47 45 44 43 42 40 40 40 38 37 -9999 36 35 35 34 33 33 33 33 33 32 31 31 31 29 29 28 26 26 26
63 61 59 58 55 55 54 52 52 53 53 52 51 51 51 51 50 51 51 51 51 51 52 52 50 50 51 51 -9999 -9999 -9999 50 51 51 51 50 49 50 51 48 47 47 47 46 46 46 46 46 46 47 48 49 51 -9999 52 51 50 50 -9999 44 -9999 43 41 42 41 39 37 37 37 -9999 36 36 35 35 34 34 34 34 33 32 32 31 30 29 28 28 29
65 63 61 60 57 56 55 54 53 52 53 52 52 52 52 52 52 52 52 52 51 51 52 52 51 50 51 51 52 52 52 53 52 52 52 52 50 50 49 -9999 48 47 46 47 46 45 45 46 46 -9999 48 48 50 51 51 51 51 50 49 45 44 43 41 41 39 38 37 37 37 37 -9999 37 37 37 36 35 35 35 34 33 33 32 31 -9999 30 30 30
69 66 63 62 59 57 56 56 54 53 53 53 53 -9999 53 52 52 52 52 52 52 51 52 52 52 51 52 52 52 52 53 -9999 54 54 54 53 51 -9999 50 48 48 47 46 47 46 45 46 46 47 47 48 49 50 50 50 50 -9999 48 46 -9999 -9999 -9999 -9999 -9999 39 38 39 39 39 39 38 38 38 38 38 37 36 36 36 36 35 33 33 32 32 30 30
73 70 67 65 62 59 58 57 55 54 54 54 53 53 53 53 53 53 53 53 54 53 54 54 54 54 53 52 52 52 53 53 53 54 54 54 52 51 51 50 -9999 -9999 47 46 45 45 45 45 -9999 47 48 49 49 50 50 50 -9999 -9999 -9999 -9999 -9999 -9999 42 -9999 42 41 42 40 40 40 40 39 39 39 39 -9999 38 37 37 37 36 35 34 33 33 33 32
73 71 68 66 64 61 59 57 55 54 54 54 54 54 54 54 54 55 55 56 57 58 59 60 61 61 61 58 56 55 54 53 53 54 54 54 53 53 52 51 50 -9999 -9999 45 45 45 45 47 46 47 -9999 48 49 50 50 -9999 -9999 -9999 47 47 -9999 -9999 45 44 43 42 42 42 42 42 42 -9999 41 41 40 40 40 39 -9999 37 37 37 36 35 34 34 33
76 74 71 68 65 62 62 58 56 55 54 54 54 54 54 54 55 55 55 56 57 59 61 62 61 61 62 61 59 58 57 55 54 54 54 54 -9999 54 53 52 51 50 49 -9999 -9999 -9999 -9999 -9999 -9999 47 48 -9999 -9999 -9999 -9999 49 -9999 50 49 49 48 47 47 46 45 45 45 45 45 44 44 43 43 43 43 42 41 41 40 40 39 38 38 38 36 36 35
76 74 73 70 67 63 61 58 56 56 55 54 55 56 55 55 56 57 56 55 56 56 56 56 55 55 56 55 55 55 54 54 55 55 55 55 55 55 54 54 52 51 50 49 -9999 -9999 -9999 -9999 -9999 -9999 -9999 -9999 -9999 -9999 -9999 51 51 50 50 50 49 49 49 47 47 47 46 46 46 47 45 44 44 43 43 44 43 43 43 42 42 40 39 39 38 38 37
76 74 73 72 70 65 62 59 57 57 55 54 55 55 55 55 56 57 57 56 55 56 56 55 55 55 56 55 55 -9999 54 55 56 56 55 55 56 56 56 -9999 -9999 -9999 -9999 -9999 -9999 -9999 -9999 -9999 -9999 -9999 -9999 -9999 -9999 51 51 51 51 51 52 51 50 50 50 49 48 -9999 48 49 49 49 47 47 46 46 45 45 45 45 45 43 -9999 42 42 40 40 39 39
79 76 75 70 67 66 60 58 58 56 54 54 54 55 55 55 56 57 57 56 56 56 56 55 55 55 55 55 55 55 56 -9999 56 56 56 56 56 56 -9999 -9999 -9999 -9999 -9999 -9999 -9999 -9999 -9999 -9999 -9999 50 50 50 50 51 52 52 52 52 52 52 -9999 51 51 51 50 51 50 50 50 50 50 49 48 48 48 47 47 47 46 45 44 44 43 42 41 -9999 40
81 77 74 71 71 66 62 59 -9999 54 53 54 54 55 55 56 56 57 57 57 58 57 56 56 56 56 56 56 57 57 57 57 57 57 -9999 -9999 -9999 -9999 -9999 -9999 -9999 -9999 -9999 -9999 -9999 -9999 -9999 -9999 51 51 51 52 52 53 53 53 53 53 53 53 52 52 -9999 51 51 51 53 51 51 51 51 51 51 50 50 49 49 48 48 47 47 46 45 44 43 43 42
83 80 77 74 72 67 63 58 55 53 53 55 55 56 57 56 57 57 57 58 58 58 58 59 58 58 58 58 59 59 58 58 -9999 58 59 58 57 57 -9999 -9999 -9999 -9999 55 55 55 54 53 52 52 52 52 52 53 53 53 53 53 53 53 53 -9999 53 53 53 52 53 53 53 53 52 52 52 52 52 51 51 50 50 50 49 48 49 47 46 45 44 43
84 80 77 74 73 68 62 61 55 53 54 54 55 56 57 57 57 57 58 59 60 61 61 59 59 59 59 58 58 59 59 -9999 -9999 59 59 59 59 58 57 58 59 58 57 56 56 56 54 54 54 54 53 53 53 53 53 53 53 53 53 53 53 53 53 53 53 55 55 54 54 55 54 54 54 54 53 53 52 52 52 51 51 50 49 48 47 46 45
85 81 77 74 72 68 63 58 55 53 53 54 55 56 57 57 57 58 58 60 61 61 61 60 60 61 61 61 61 61 62 63 65 65 62 60 59 59 59 59 59 59 58 58 57 57 56 55 55 55 55 54 54 54 54 54 54 54 54 54 54 54 54 54 55 55 55 56 55 55 55 55 55 55 55 54 54 54 54 53 53 52 51 51 49 48 48
87 83 79 75 71 66 62 58 57 55 55 55 56 56 57 57 58 58 59 60 61 61 61 61 62 63 64 65 65 66 67 67 68 67 61 59 60 60 60 60 60 60 59 58 58 57 57 57 56 56 55 55 55 55 55 55 55 55 55 55 55 55 55 55 55 56 56 56 56 56 56 56 56 56 56 56 55 55 -9999 -9999 55 54 53 52 51 -9999 50
89 84 80 75 71 67 64 61 59 57 57 56 56 57 57 57 57 58 58 59 60 60 61 62 63 64 64 64 65 67 -9999 66 66 61 60 60 60 60 61 61 61 61 61 60 60 59 58 58 58 57 57 57 57 56 56 55 55 55 55 56 55 56 56 56 56 55 56 56 57 57 57 -9999 56 57 57 56 56 56 57 57 57 56 54 54 53 -9999 51
89 85 82 77 74 69 66 63 62 60 59 59 58 58 58 58 58 58 58 59 60 60 61 62 64 63 65 67 65 65 67 64 61 61 61 61 62 62 64 67 68 70 69 67 65 62 60 59 59 59 58 58 57 57 57 57 56 55 56 57 57 56 56 55 -9999 -9999 55 55 55 56 56 56 56 56 57 56 56 57 57 57 57 57 56 55 54 53 52
89 86 83 79 76 72 69 66 64 62 60 59 58 58 59 59 61 61 61 61 62 61 62 63 65 64 65 66 66 64 62 61 61 61 61 62 63 66 70 71 71 72 71 70 69 69 65 59 59 59 58 58 58 58 57 57 56 56 56 57 57 57 55 54 -9999 -9999 -9999 54 -9999 -9999 -9999 -9999 -9999 53 53 53 54 56 57 57 57 -9999 56 55 55 55 54
92 89 86 82 79 76 73 71 67 64 62 61 60 59 59 60 61 -9999 -9999 61 62 61 61 62 62 62 63 63 63 63 62 62 62 62 62 64 66 70 71 72 72 72 72 70 69 70 67 61 59 58 58 58 58 58 57 56 56 56 56 56 -9999 -9999 -9999 -9999 -9999 54 55 55 55 55 55 55 54 54 55 55 55 55 56 57 57 57 56 56 56 56 57
95 91 89 88 83 79 77 73 70 67 65 63 61 61 61 62 62 62 62 61 61 61 61 62 62 62 62 63 63 63 64 64 63 62 62 64 65 66 68 70 72 72 72 70 65 64 60 59 59 58 58 58 58 57 57 57 56 56 56 -9999 -9999 -9999 56 55 55 55 56 56 55 55 55 56 56 56 56 56 57 57 57 56 57 58 58 58 58 58 57
99 97 94 93 89 85 81 77 74 71 69 66 65 64 63 62 62 62 62 62 62 62 62 63 63 65 65 65 65 65 65 65 66 63 62 62 62 63 63 63 63 63 64 62 61 60 60 60 60 60 60 59 58 -9999 -9999 57 57 56 56 56 56 56 56 57 57 -9999 57 57 57 56 56 56 56 56 56 56 56 57 56 55 57 58 59 60 60 60 60
102 101 99 97 95 90 86 82 80 77 72 69 68 66 65 65 65 64 64 64 64 64 64 64 65 65 66 67 67 68 67 66 65 64 63 62 62 62 62 62 61 62 62 61 62 61 61 61 61 60 60 60 59 59 -9999 57 57 57 -9999 58 57 56 56 57 57 57 58 58 58 58 57 56 56 56 57 57 57 56 56 56 59 -9999 60 61 61 62 63
105 104 103 100 99 95 91 87 83 80 77 73 72 70 68 67 66 66 65 65 65 66 67 67 68 68 69 69 69 70 69 69 67 65 64 64 64 64 64 64 63 63 63 63 62 62 62 62 63 64 66 67 67 66 62 58 57 57 58 58 58 59 58 58 59 59 58 58 58 57 57 56 56 55 55 55 55 56 56 57 59 60 62 63 63 63 64
