resultados/variables_norteamerica/bio13.asc
ncols 469
nrows 225
xllcorner -169.133333
yllcorner 20.675000
cellsize 0.249840
NODATA_value -9999
[rows 39 to 77 of 225, columns 88 to 175 of 469]
39 37 35 34 32 30 29 28 28 28 28 28 29 29 30 31 32 32 33 34 35 37 38 39 40 41 42 44 45 46 47 47 48 49 49 49 49 49 49 48 48 47 47 47 46 45 43 43 45 47 45 43 41 41 41 41 41 41 40 40 40 40 40 40 40 40 39 -9999 39 40 40 40 40 41 40 40 41 41 42 42 42 42 42 42 42 42 42 42
40 38 36 34 33 31 29 28 28 28 28 29 29 30 30 31 32 33 34 35 36 37 38 39 41 42 43 44 45 46 47 48 48 49 49 49 49 49 49 49 48 48 47 47 46 45 43 43 45 46 45 44 42 41 41 41 41 41 41 41 40 40 40 40 40 40 40 40 40 40 41 41 42 42 42 42 42 42 42 43 43 43 43 -9999 43 43 -9999 -9999
41 39 37 35 34 32 30 29 29 29 29 29 30 30 31 32 32 33 34 35 36 38 39 40 41 42 43 44 45 46 47 48 49 49 49 50 50 50 50 49 48 48 47 47 46 45 44 43 43 44 43 43 42 42 41 41 41 41 41 41 41 41 41 41 41 41 41 41 41 42 42 42 43 43 44 43 43 43 44 44 44 44 44 45 45 44 44 44
42 40 39 37 35 33 31 30 30 30 30 30 30 31 32 33 34 35 36 37 38 38 40 41 42 43 44 45 46 46 47 48 49 49 50 50 50 50 50 50 49 48 47 47 46 46 45 44 43 43 42 42 42 42 42 42 42 41 41 41 41 41 41 41 41 42 42 42 43 43 44 44 44 45 45 45 45 45 45 45 46 46 45 46 46 45 45 45
43 42 40 38 36 35 33 32 31 31 31 31 32 32 33 34 35 37 38 38 39 40 41 42 44 44 45 46 47 47 48 48 49 50 50 50 50 50 50 50 49 48 47 46 46 46 45 44 43 43 43 42 42 42 42 42 42 43 42 42 42 42 43 43 44 44 44 44 44 45 45 46 46 46 47 47 47 47 47 47 48 48 48 47 47 47 47 46
46 44 42 40 39 37 35 34 34 33 33 33 34 35 36 37 37 39 40 41 41 43 44 45 46 47 48 49 48 48 50 50 50 51 52 51 51 51 50 49 49 48 47 46 46 45 44 43 43 43 43 43 43 43 43 43 44 45 46 46 45 45 46 47 46 46 47 46 47 47 47 48 -9999 48 49 49 49 49 49 49 49 49 50 49 49 49 49 48
50 49 47 45 43 42 41 39 38 37 36 36 37 38 39 40 41 42 43 43 44 45 47 47 48 49 50 51 51 51 52 53 54 54 54 53 53 53 52 51 50 49 48 47 46 45 45 44 43 44 45 46 46 47 46 47 48 49 49 49 49 50 50 49 49 51 50 50 50 49 49 50 50 50 50 50 50 50 50 51 51 51 51 50 50 49 49 49
51 50 50 48 47 46 44 43 42 42 41 40 41 41 41 41 42 42 43 45 46 47 48 49 51 52 52 52 52 52 52 53 53 54 55 55 55 54 53 52 51 51 51 50 49 49 47 47 46 47 47 49 51 52 51 50 52 54 53 54 55 55 55 51 53 55 54 55 56 56 55 54 55 55 54 54 53 52 51 51 51 52 52 52 -9999 50 49 49
53 53 53 51 50 50 48 48 47 47 46 45 45 45 45 45 46 46 46 47 48 49 50 51 53 52 53 53 53 54 54 54 54 55 56 56 56 56 56 53 54 53 52 52 52 52 52 50 50 51 51 50 51 53 55 55 54 56 57 58 57 55 57 54 58 61 60 60 61 61 61 62 61 59 62 61 60 58 55 54 53 53 52 52 52 52 51 50
56 56 55 55 54 54 53 51 51 50 48 48 48 49 48 48 49 50 51 51 51 53 53 54 54 54 54 55 56 56 56 57 57 57 57 57 57 56 55 54 53 53 54 54 54 54 54 55 55 53 54 56 57 54 56 57 58 57 57 59 59 59 59 58 61 63 63 62 63 63 63 64 63 64 65 65 65 65 62 60 57 55 54 53 53 -9999 52 51
59 59 59 58 58 58 57 55 54 53 51 51 50 50 50 51 51 50 51 52 52 54 55 55 56 55 55 55 55 55 55 56 57 58 58 58 58 57 56 55 55 56 56 56 55 55 55 56 56 56 55 57 57 58 56 56 58 59 59 59 61 62 62 61 62 66 65 66 66 65 67 65 67 67 69 69 68 66 65 64 62 59 57 56 56 55 54 52
60 60 61 61 61 61 61 59 57 55 54 53 53 53 53 52 52 52 53 54 54 55 56 56 57 57 56 56 55 54 53 54 54 57 57 57 57 57 57 57 55 55 56 55 56 56 55 55 55 55 56 56 56 56 58 57 58 57 59 59 60 61 62 64 65 66 66 66 67 68 68 68 68 69 70 71 70 68 67 66 66 63 58 58 56 56 55 53
63 63 62 63 63 64 64 62 59 56 55 54 54 54 54 54 54 54 54 54 55 56 57 58 59 59 59 58 57 55 53 53 52 52 53 54 54 54 54 55 55 55 55 54 54 54 54 55 56 56 57 56 56 57 57 58 57 58 59 59 60 62 63 64 64 66 67 68 68 67 68 71 70 70 69 68 69 72 71 68 66 64 63 61 58 56 56 55
65 64 64 63 64 64 63 62 60 58 56 55 55 55 55 55 55 55 55 56 56 58 59 61 61 62 61 59 58 56 55 54 54 54 53 53 53 53 54 54 55 55 54 54 54 54 55 56 57 57 57 58 56 56 56 55 57 58 59 59 60 62 62 63 65 66 66 68 69 70 71 73 74 73 75 75 72 72 74 73 73 70 65 61 61 59 57 56
68 69 69 66 63 63 63 63 61 60 60 58 57 57 56 57 57 57 57 58 58 59 61 62 62 63 63 61 59 57 57 56 54 54 53 53 53 52 52 52 53 53 53 54 54 54 55 56 57 56 57 58 57 57 58 59 58 58 59 59 60 60 62 64 67 66 66 69 70 72 72 75 76 76 76 76 75 76 76 75 72 69 68 66 63 61 59 58
66 66 65 64 63 61 62 64 63 63 63 62 62 61 61 59 58 58 59 59 60 61 63 64 65 65 65 64 62 59 -9999 56 56 54 53 52 53 52 52 53 53 53 53 55 56 56 56 57 58 59 59 59 59 59 60 61 60 59 58 59 60 60 61 63 63 65 68 71 72 73 73 74 76 77 78 78 78 79 81 79 78 74 71 67 67 66 65 63
65 64 62 62 60 59 59 59 59 60 61 63 63 64 64 63 64 62 62 61 61 63 66 68 70 70 68 66 65 62 60 58 57 55 54 53 52 52 52 53 53 54 54 55 56 57 58 58 59 58 59 59 60 61 60 60 59 58 60 60 60 61 62 64 65 66 68 68 72 74 76 76 78 79 80 80 81 82 81 79 78 77 71 73 74 71 66 66
64 63 61 60 58 57 -9999 56 56 57 60 63 65 65 67 68 69 69 67 66 66 67 70 73 75 74 72 70 67 66 64 61 58 56 55 53 52 51 50 51 51 52 53 54 56 56 56 56 57 58 60 60 61 61 61 61 61 61 59 59 59 60 61 62 64 64 66 69 72 74 74 75 79 80 82 82 82 84 84 83 81 79 75 78 75 72 71 69
64 62 60 58 56 54 52 53 54 56 60 64 67 68 71 74 75 76 74 74 74 75 77 80 81 80 77 74 70 67 64 61 59 57 57 55 53 52 51 50 51 52 54 55 56 56 56 57 58 60 60 60 61 63 63 62 61 59 58 60 60 61 61 60 62 65 67 70 71 73 76 78 78 79 83 84 82 83 84 86 85 80 80 82 80 76 76 74
64 62 60 58 -9999 53 50 50 53 58 64 75 77 74 78 79 80 81 84 85 84 84 85 86 88 86 81 76 74 70 67 64 61 59 56 55 54 52 51 50 50 52 53 55 56 56 57 57 58 59 60 61 60 60 61 62 62 59 59 58 62 60 59 61 64 66 68 69 71 73 76 79 81 81 83 84 85 81 82 85 85 83 84 84 80 78 75 75
65 63 62 60 57 53 50 50 55 67 71 79 90 86 87 87 88 90 92 90 91 92 93 93 92 90 87 83 79 75 71 67 63 60 56 53 51 50 49 49 50 51 52 54 55 55 55 55 55 56 58 59 59 60 61 59 58 55 54 55 56 56 59 61 63 64 66 69 71 74 77 79 83 83 85 87 88 87 84 79 85 83 80 82 81 81 79 79
68 69 -9999 65 62 59 55 54 56 63 70 77 83 89 94 95 96 98 98 99 99 99 99 99 98 96 93 89 84 80 75 70 66 62 59 55 51 49 47 47 48 49 50 52 53 53 53 53 53 53 54 55 58 59 60 61 59 59 57 55 55 56 59 60 61 65 66 70 72 71 74 79 83 84 84 86 87 86 88 84 84 78 79 77 78 76 76 78
77 75 72 72 73 69 66 64 68 76 83 90 95 95 96 100 102 103 104 105 105 106 106 105 104 102 99 95 90 85 79 74 69 66 61 59 55 51 47 45 47 49 48 50 50 51 51 50 50 50 51 52 55 55 57 58 58 59 59 60 60 60 60 63 65 66 68 70 71 -9999 72 77 80 82 84 82 84 87 85 84 84 81 78 78 77 76 75 77
83 83 80 83 80 79 80 81 83 93 93 96 107 114 115 123 132 126 115 113 113 113 112 110 109 107 105 101 97 91 86 80 72 -9999 63 62 57 54 47 47 44 47 47 47 47 48 48 47 47 47 47 50 53 54 53 54 54 57 55 58 59 61 63 65 67 68 70 71 71 72 71 72 76 80 82 80 82 84 85 81 82 78 79 78 78 79 79 78
132 -9999 141 142 124 110 99 110 120 132 123 127 119 121 120 119 127 146 140 137 133 129 124 119 116 113 111 108 104 99 93 87 83 75 65 59 54 51 50 46 44 46 43 45 45 45 46 44 43 45 45 45 48 51 53 54 -9999 53 55 55 57 59 61 62 64 67 69 71 71 72 73 70 74 78 78 77 81 80 79 79 81 79 81 77 77 80 79 79
-9999 -9999 185 -9999 175 147 145 128 121 156 175 145 132 133 131 137 143 163 144 140 135 127 126 125 122 120 116 112 109 105 100 94 89 80 72 66 57 51 44 43 43 43 42 41 43 41 41 41 39 43 41 44 44 46 49 51 50 52 53 54 55 59 61 63 64 65 66 66 67 69 70 68 71 74 70 77 75 74 77 78 77 78 79 78 80 79 80 82
-9999 -9999 -9999 -9999 -9999 240 244 212 178 223 199 187 177 159 156 154 157 170 171 157 149 142 134 130 126 124 123 119 115 110 105 100 96 89 80 72 62 57 55 49 50 48 46 46 46 44 43 42 38 38 38 39 41 44 46 49 51 50 52 55 57 58 61 64 67 68 68 68 65 64 65 67 69 69 70 70 72 74 73 75 75 78 78 76 77 80 80 81
-9999 202 206 228 -9999 -9999 -9999 287 -9999 259 251 250 256 248 247 253 254 249 237 192 173 178 186 164 152 147 146 144 126 118 114 113 102 93 85 80 82 70 68 66 66 60 56 60 51 46 46 42 39 38 37 36 38 41 44 47 48 50 50 53 57 58 62 64 65 67 66 66 64 63 62 62 63 67 67 66 70 72 70 72 72 74 75 75 77 80 79 79
-9999 -9999 -9999 -9999 -9999 -9999 -9999 -9999 -9999 -9999 -9999 -9999 -9999 289 295 -9999 -9999 -9999 -9999 301 260 248 287 306 292 283 273 253 222 193 219 182 127 111 112 108 112 100 88 94 89 77 66 68 63 55 49 47 43 40 38 -9999 38 -9999 42 45 46 47 -9999 52 54 58 61 63 64 66 67 65 66 64 63 62 61 61 62 62 65 67 67 70 70 72 72 72 78 81 82 82
-9999 -9999 -9999 -9999 -9999 -9999 -9999 -9999 -9999 -9999 -9999 -9999 -9999 -9999 -9999 -9999 -9999 -9999 -9999 -9999 -9999 -9999 -9999 367 362 357 364 385 385 -9999 291 293 228 186 152 156 169 117 99 133 105 98 97 85 76 72 58 56 52 46 44 40 39 39 43 47 50 49 51 51 53 56 59 62 64 65 67 67 65 64 65 62 60 61 61 61 62 65 65 67 68 71 71 75 80 83 85 84
-9999 -9999 -9999 -9999 -9999 -9999 -9999 -9999 -9999 -9999 -9999 -9999 -9999 -9999 -9999 -9999 -9999 -9999 -9999 -9999 -9999 -9999 -9999 -9999 -9999 -9999 -9999 -9999 -9999 -9999 453 389 306 286 241 198 215 185 169 157 142 114 131 130 147 102 94 94 61 54 51 49 46 -9999 47 49 52 53 55 53 54 55 60 61 62 63 65 67 69 68 66 61 60 63 64 64 62 64 65 66 67 69 71 75 79 81 83 83
-9999 -9999 -9999 -9999 -9999 -9999 -9999 -9999 -9999 -9999 -9999 -9999 -9999 -9999 -9999 -9999 -9999 -9999 -9999 -9999 -9999 -9999 -9999 -9999 -9999 -9999 -9999 -9999 -9999 -9999 -9999 434 402 336 290 292 235 179 188 -9999 144 -9999 140 164 178 169 147 115 93 71 62 61 61 60 60 59 57 58 57 57 56 57 59 60 61 61 65 65 68 70 67 64 60 68 65 64 65 64 64 67 70 73 75 79 79 80 80 82
-9999 -9999 -9999 -9999 -9999 -9999 -9999 -9999 -9999 -9999 -9999 -9999 -9999 -9999 -9999 -9999 -9999 -9999 -9999 -9999 -9999 -9999 -9999 -9999 -9999 -9999 -9999 -9999 -9999 -9999 -9999 -9999 -9999 -9999 -9999 343 308 209 152 197 -9999 217 228 223 179 138 136 -9999 123 99 81 -9999 -9999 75 79 85 77 66 62 61 59 56 55 58 60 59 60 62 65 66 65 63 66 66 67 66 66 65 65 68 71 73 78 81 84 85 86 86
-9999 -9999 -9999 -9999 -9999 -9999 -9999 -9999 -9999 -9999 -9999 -9999 -9999 -9999 -9999 -9999 -9999 -9999 -9999 -9999 -9999 -9999 -9999 -9999 -9999 -9999 -9999 -9999 -9999 -9999 -9999 -9999 -9999 -9999 -9999 -9999 -9999 314 210 204 -9999 -9999 -9999 250 -9999 201 177 -9999 171 146 122 -9999 -9999 -9999 -9999 112 105 92 80 71 66 59 54 54 56 56 60 60 60 63 65 66 67 68 68 68 67 66 71 66 71 74 78 81 83 83 86 84
-9999 -9999 -9999 -9999 -9999 -9999 -9999 -9999 -9999 -9999 -9999 -9999 -9999 -9999 -9999 -9999 -9999 -9999 -9999 -9999 -9999 -9999 -9999 -9999 -9999 -9999 -9999 -9999 -9999 -9999 -9999 -9999 -9999 -9999 -9999 -9999 -9999 -9999 -9999 270 234 290 297 296 -9999 225 194 187 -9999 173 137 137 170 191 182 112 111 98 88 80 70 61 60 59 54 52 59 59 58 61 64 65 66 65 67 68 69 69 68 72 68 71 75 80 82 81 85 86
-9999 -9999 -9999 -9999 -9999 -9999 -9999 -9999 -9999 -9999 -9999 -9999 -9999 -9999 -9999 -9999 -9999 -9999 -9999 -9999 -9999 -9999 -9999 -9999 -9999 -9999 -9999 -9999 -9999 -9999 -9999 -9999 -9999 -9999 -9999 -9999 -9999 -9999 -9999 -9999 -9999 355 335 301 -9999 -9999 -9999 195 -9999 217 227 225 -9999 204 185 -9999 137 109 90 83 77 67 62 58 54 49 52 57 60 63 66 64 64 66 66 67 68 69 70 69 70 72 72 75 77 80 83 85
-9999 -9999 -9999 -9999 -9999 -9999 -9999 -9999 -9999 -9999 -9999 -9999 -9999 -9999 -9999 -9999 -9999 -9999 -9999 -9999 -9999 -9999 -9999 -9999 -9999 -9999 -9999 -9999 -9999 -9999 -9999 -9999 -9999 -9999 -9999 -9999 -9999 -9999 -9999 -9999 -9999 -9999 -9999 312 280 260 -9999 233 -9999 233 233 310 -9999 263 224 178 144 135 -9999 92 83 74 65 57 51 48 54 54 58 61 64 63 64 62 63 63 66 67 69 70 71 73 72 72 76 77 77 82
-9999 -9999 -9999 -9999 -9999 -9999 -9999 -9999 -9999 -9999 -9999 -9999 -9999 -9999 -9999 -9999 -9999 -9999 -9999 -9999 -9999 -9999 -9999 -9999 -9999 -9999 -9999 -9999 -9999 -9999 -9999 -9999 -9999 -9999 -9999 -9999 -9999 -9999 -9999 -9999 -9999 -9999 -9999 326 306 282 -9999 243 -9999 247 249 -9999 301 288 -9999 -9999 175 -9999 -9999 111 100 90 76 65 60 58 59 60 60 60 61 63 62 64 65 63 64 67 68 67 70 71 70 72 70 71 74 75
-9999 -9999 -9999 -9999 -9999 -9999 -9999 -9999 -9999 -9999 -9999 -9999 -9999 -9999 -9999 -9999 -9999 -9999 -9999 -9999 -9999 -9999 -9999 -9999 -9999 -9999 -9999 -9999 -9999 -9999 -9999 -9999 -9999 -9999 -9999 -9999 -9999 -9999 -9999 -9999 -9999 -9999 -9999 -9999 -9999 313 -9999 280 267 -9999 262 298 315 -9999 -9999 261 210 168 -9999 132 116 109 92 80 73 69 65 60 63 67 63 64 67 67 64 65 65 65 65 67 68 69 67 67 68 67 68 72
