resultados/variables_norteamerica/bio17.asc
ncols 469
nrows 225
xllcorner -169.133333
yllcorner 20.675000
cellsize 0.249840
NODATA_value -9999
[rows 78 to 116 of 225, columns 174 to 260 of 469]
59 59 63 67 70 74 80 77 79 80 78 78 78 78 76 74 74 73 72 71 70 68 66 66 64 64 66 68 66 65 63 63 62 57 56 56 58 60 61 64 61 57 57 58 58 59 61 61 61 60 59 -9999 55 54 50 46 45 47 52 55 56 56 57 57 56 55 -9999 53 53 53 52 51 -9999 49 49 50 -9999 53 55 56 57 59 61 62 64 64 65
67 62 62 67 73 75 79 80 82 85 84 83 82 81 78 75 74 73 71 69 67 67 66 65 66 68 66 65 65 63 62 60 57 55 56 59 61 61 63 64 60 58 57 59 59 59 59 59 58 56 54 53 52 50 49 46 44 49 55 58 59 57 58 57 56 54 53 53 52 51 50 50 49 49 50 52 53 55 56 57 -9999 -9999 62 63 64 65 65
66 65 61 66 72 77 78 85 87 89 89 85 84 82 79 75 75 74 71 69 68 66 66 67 69 68 68 67 64 62 61 58 56 54 57 59 61 62 63 63 60 58 59 62 61 60 58 56 55 55 54 52 51 51 51 51 48 52 56 57 56 57 56 56 55 53 52 52 51 50 50 50 50 50 51 53 54 56 56 58 59 61 62 62 63 64 65
72 70 70 72 -9999 78 81 86 90 92 92 93 87 83 79 76 76 74 71 69 68 67 67 65 64 64 63 63 64 63 61 58 57 55 55 58 60 61 62 61 60 59 61 62 -9999 63 61 57 56 55 54 53 53 52 52 52 52 56 57 57 57 56 56 55 54 53 53 51 50 50 50 50 50 51 52 53 54 55 57 58 60 61 62 63 63 64 65
73 73 74 76 76 78 83 90 96 98 99 99 97 89 80 74 71 70 70 69 69 67 65 62 60 59 60 61 63 62 61 60 56 54 56 59 61 62 61 61 60 61 60 61 61 61 59 58 57 57 56 54 53 53 54 55 58 62 60 58 56 -9999 56 55 -9999 52 52 52 50 50 -9999 50 50 51 52 54 54 56 58 59 61 61 62 63 64 65 66
77 76 78 80 80 82 -9999 92 99 102 -9999 106 103 -9999 80 74 70 69 70 70 69 66 63 61 61 62 60 60 61 62 60 58 55 55 57 61 63 64 64 64 63 63 62 61 60 60 59 58 58 57 55 54 53 54 56 59 60 62 61 57 56 56 56 55 55 53 -9999 -9999 50 -9999 50 50 50 51 52 53 54 57 58 59 60 60 61 62 64 66 66
80 80 80 82 84 89 89 93 103 109 113 117 117 109 95 85 74 72 74 74 72 68 65 65 65 64 62 61 61 61 61 60 58 59 60 62 64 64 65 65 -9999 63 62 61 61 62 61 -9999 58 56 55 54 53 56 57 59 59 59 58 57 57 57 57 55 55 54 52 51 50 -9999 51 51 51 52 52 53 54 56 57 58 59 60 60 62 63 64 65
82 82 84 85 87 90 94 98 103 110 119 125 127 123 111 97 85 85 83 84 78 75 70 70 68 68 67 65 66 65 65 64 62 62 63 64 64 -9999 66 66 66 64 62 63 66 66 68 66 64 59 56 54 56 58 58 58 58 59 58 58 -9999 58 58 57 56 54 52 50 50 50 50 51 52 53 54 53 -9999 56 58 58 60 61 61 61 61 63 64
84 84 84 86 88 91 94 100 107 109 117 128 132 132 126 112 109 101 96 93 88 82 78 74 70 68 66 66 68 68 70 71 71 67 66 66 67 66 67 67 -9999 -9999 -9999 59 61 64 67 65 62 58 56 54 54 55 56 57 57 58 59 59 59 59 59 58 56 55 53 51 50 50 50 -9999 52 54 54 54 -9999 56 -9999 59 61 61 60 61 61 62 63
85 84 85 85 88 90 95 100 107 112 115 125 134 137 135 129 131 122 108 105 99 92 86 79 75 74 71 68 70 72 74 76 74 71 69 70 70 70 69 71 70 67 70 66 64 64 67 67 63 60 56 54 53 53 54 55 56 58 58 59 59 59 58 56 55 56 54 53 51 51 51 51 52 53 55 55 56 58 59 60 -9999 62 -9999 -9999 61 62 63
85 85 84 85 86 88 92 98 104 110 116 124 131 138 142 143 142 133 128 120 113 106 97 89 84 83 80 76 76 79 81 80 78 74 72 71 71 72 74 77 75 72 68 64 63 64 66 67 64 61 57 54 53 -9999 52 54 56 57 56 57 58 57 56 -9999 54 55 55 56 54 51 52 52 52 -9999 55 55 57 59 60 61 62 62 62 62 64 67 62
83 83 84 83 -9999 85 88 93 100 107 114 122 132 140 145 149 150 149 146 142 131 120 111 100 98 92 87 83 81 83 85 86 83 77 73 70 70 72 74 74 73 70 66 63 62 62 64 65 65 62 58 55 53 51 51 53 56 56 54 55 55 55 -9999 -9999 54 54 54 53 51 51 51 53 54 54 55 57 59 62 63 62 63 63 63 65 65 63 61
79 80 81 81 82 82 85 89 95 102 109 119 129 141 148 153 153 152 153 152 149 137 129 114 107 99 92 87 85 88 88 87 83 78 74 70 69 69 70 71 71 67 63 60 60 61 62 62 62 61 57 54 52 51 51 53 56 56 52 52 53 53 53 52 52 52 51 49 48 51 51 53 54 55 56 57 59 60 61 61 -9999 64 64 66 67 64 -9999
76 78 79 80 80 80 81 84 88 94 101 109 122 138 149 151 163 163 164 157 155 153 142 132 122 108 96 93 92 90 87 83 79 75 72 69 67 68 69 69 70 65 62 58 59 60 62 61 59 57 55 52 49 46 48 51 54 55 54 53 53 54 54 53 54 53 51 51 50 52 54 55 55 55 55 58 59 59 59 59 61 63 65 64 63 61 58
73 74 75 76 77 77 78 80 83 88 92 100 119 139 154 161 171 165 158 161 163 155 153 143 131 118 108 103 98 91 85 80 75 72 70 68 66 66 67 67 68 65 62 59 59 60 61 59 57 55 53 51 48 46 46 49 52 54 54 53 52 51 53 54 55 56 55 56 58 58 57 57 57 56 55 56 59 60 58 59 60 61 62 62 61 59 56
73 73 73 73 72 73 73 75 78 81 88 95 114 147 155 177 180 192 185 161 149 160 158 151 144 131 132 124 114 99 86 79 74 71 69 67 64 64 66 66 65 64 62 -9999 59 60 59 57 54 53 53 52 49 47 46 49 53 53 53 52 52 51 52 53 56 57 58 -9999 59 61 60 57 57 58 55 55 55 56 56 56 58 60 60 60 60 58 53
75 74 73 69 68 67 68 68 72 75 80 87 100 129 157 178 189 191 195 187 182 151 143 155 150 144 142 130 116 102 90 75 75 73 72 70 67 66 66 66 65 63 61 59 59 58 57 56 53 53 53 52 -9999 49 48 51 53 53 52 52 53 54 54 55 58 58 57 57 57 59 58 58 -9999 57 56 55 54 54 53 53 55 57 59 59 60 59 52
79 75 71 68 65 63 64 63 65 75 76 82 85 108 144 183 205 197 193 192 191 179 163 142 138 141 141 133 125 113 85 86 86 79 77 75 71 69 67 65 63 61 59 60 59 59 58 56 54 53 53 53 52 51 51 52 53 53 52 51 52 54 54 56 58 57 56 54 54 -9999 54 55 58 58 56 54 53 52 52 53 54 57 58 58 59 58 54
85 85 76 72 67 63 60 61 60 70 70 81 74 93 119 155 189 195 202 186 185 183 174 168 153 126 139 136 124 116 91 97 95 95 89 80 78 72 68 66 64 61 59 59 59 58 56 54 52 52 52 52 50 50 51 52 53 52 51 51 51 51 53 54 56 56 54 52 52 51 51 52 54 55 53 53 52 52 53 54 57 59 58 57 57 58 57
90 80 74 74 62 58 56 56 56 61 67 69 63 85 93 118 136 165 162 182 184 165 170 -9999 154 146 139 134 135 130 115 104 100 110 104 94 90 81 74 70 68 63 58 58 59 58 -9999 52 51 51 51 50 50 49 50 54 54 52 51 50 50 50 51 52 52 53 52 51 51 51 50 50 51 51 51 51 51 51 52 55 57 60 60 58 58 58 59
102 83 73 72 61 55 51 49 49 52 57 59 58 62 77 96 107 133 160 176 193 162 161 158 -9999 149 149 144 134 134 -9999 117 117 118 113 114 103 88 84 79 74 70 62 59 59 57 54 51 50 50 50 50 50 50 51 54 52 51 49 48 48 48 49 50 50 50 48 48 48 49 49 51 50 50 50 51 50 51 52 54 55 57 56 56 55 57 59
115 99 74 68 61 56 53 48 45 42 49 56 54 54 62 76 98 123 166 175 169 153 140 152 151 153 152 150 145 141 140 138 -9999 133 125 116 106 104 101 90 82 76 70 65 61 57 53 51 50 51 51 51 51 50 -9999 50 49 47 47 47 46 47 47 47 47 47 46 45 46 47 47 48 49 50 49 49 49 50 50 50 51 52 51 52 51 52 58
121 109 103 79 71 66 59 54 50 47 46 47 51 54 64 68 72 88 98 116 129 139 128 145 145 149 153 155 156 156 154 -9999 145 143 -9999 127 126 122 114 104 93 84 75 68 62 56 53 50 50 51 51 51 51 50 48 45 42 42 43 44 44 44 44 45 45 45 44 44 44 46 47 48 50 50 49 48 48 49 48 47 47 47 48 49 47 -9999 -9999
129 129 108 114 97 81 76 65 59 53 51 55 58 56 68 68 71 73 86 106 125 114 109 122 131 144 150 157 165 167 171 -9999 166 153 144 140 136 125 -9999 115 105 92 83 74 65 57 51 49 48 49 49 49 49 49 46 42 38 36 40 42 42 42 42 41 42 43 43 43 45 44 46 47 50 49 48 48 48 49 50 47 44 44 47 48 48 48 51
144 -9999 118 114 108 112 91 91 77 73 62 62 71 66 67 70 63 63 72 88 101 95 101 110 121 135 152 160 165 -9999 178 186 185 177 143 148 133 134 122 119 112 106 94 81 69 59 49 46 46 47 48 48 47 46 44 40 37 37 39 40 41 41 40 39 42 43 43 43 43 44 45 46 48 50 48 47 47 48 49 47 43 44 48 50 50 51 52
154 -9999 136 129 -9999 -9999 117 124 103 103 87 77 94 87 74 87 65 68 71 72 92 80 84 94 109 125 146 155 165 178 184 -9999 187 -9999 -9999 143 128 132 127 126 119 115 106 92 74 60 48 45 46 46 47 47 47 45 42 40 37 37 38 40 41 40 40 40 41 42 42 42 41 43 44 46 48 49 48 46 -9999 48 50 49 47 47 51 52 51 51 53
-9999 152 144 142 140 140 136 -9999 121 117 109 101 105 92 86 80 75 62 60 58 62 59 74 82 95 115 134 144 159 169 182 186 186 181 174 169 149 122 124 132 135 130 121 107 85 65 53 48 47 46 47 46 45 44 43 41 39 38 39 40 40 40 41 41 42 43 43 42 41 42 43 46 47 47 47 49 49 50 51 51 50 50 50 51 51 51 52
-9999 172 158 149 148 150 148 141 135 133 124 123 114 120 111 93 96 69 79 66 62 56 62 71 83 100 118 136 147 160 172 180 183 179 167 168 165 144 118 130 135 139 132 120 99 73 58 52 50 49 48 47 47 44 44 42 42 42 42 42 42 42 43 43 44 44 45 44 43 42 43 45 47 48 50 51 52 52 52 53 52 51 49 49 51 52 53
-9999 -9999 170 160 -9999 154 156 149 148 141 135 125 127 132 127 119 93 82 82 70 62 55 58 65 75 86 105 125 141 151 166 172 178 176 160 167 167 161 140 128 137 147 143 133 115 87 69 58 53 51 50 48 47 45 45 44 44 44 44 44 44 45 45 45 45 46 46 46 46 44 45 46 49 49 51 52 53 54 54 54 51 49 47 47 48 50 51
202 -9999 -9999 -9999 156 159 159 163 152 148 141 145 133 136 132 121 104 114 90 74 60 55 56 61 68 79 93 108 125 141 157 165 168 166 162 158 161 158 145 119 142 154 152 146 132 107 82 64 57 53 51 50 49 48 47 47 47 46 47 46 45 45 43 44 45 47 49 51 50 49 47 49 50 50 50 51 53 53 -9999 -9999 50 46 44 44 46 48 50
200 172 -9999 -9999 145 156 -9999 156 152 151 149 149 147 141 137 128 117 111 107 86 68 62 58 57 64 74 86 100 113 130 145 157 157 159 158 151 153 152 147 105 145 152 154 152 146 119 92 71 60 55 53 52 50 50 50 49 49 48 47 47 49 49 47 47 48 54 59 61 54 51 49 47 46 47 48 49 50 51 52 49 45 42 41 41 42 45 47
213 189 161 -9999 -9999 137 -9999 141 146 147 150 153 156 157 149 141 129 118 114 99 74 65 63 57 63 72 80 93 108 126 137 146 145 147 147 138 149 143 133 106 125 144 150 153 153 130 92 73 63 56 53 51 48 47 48 48 49 49 46 47 50 53 53 51 51 56 61 60 54 52 48 46 45 44 44 43 44 44 45 42 39 36 36 36 37 39 41
226 200 165 146 -9999 -9999 -9999 -9999 130 141 141 155 -9999 184 170 174 146 129 119 111 88 79 67 62 62 74 78 89 103 119 127 132 134 138 142 131 137 136 136 132 133 125 141 151 152 147 121 88 69 56 49 45 42 40 40 41 44 44 42 41 45 45 43 42 42 47 52 52 50 48 44 41 41 41 39 37 37 36 36 35 33 -9999 31 31 32 34 35
-9999 220 191 168 163 147 125 -9999 -9999 -9999 121 138 159 180 181 169 151 138 120 115 103 101 91 76 61 72 76 85 95 104 115 117 120 124 134 132 111 125 130 132 131 123 127 146 142 149 148 116 87 60 51 41 35 33 31 31 35 35 36 36 37 35 35 37 38 43 46 48 46 43 39 36 33 33 33 30 28 27 28 28 28 28 27 26 27 30 31
-9999 -9999 -9999 186 164 148 130 103 87 -9999 -9999 116 129 157 175 171 159 142 120 117 110 102 91 77 60 67 78 82 89 96 94 101 110 115 121 124 126 110 126 125 129 -9999 109 130 142 134 147 145 127 97 66 45 34 29 26 26 30 35 35 29 28 27 31 35 38 40 44 47 44 40 36 31 28 28 28 26 24 23 23 25 25 26 25 25 27 29 29
-9999 -9999 -9999 -9999 171 152 140 110 -9999 -9999 72 -9999 -9999 140 172 175 164 145 133 120 105 75 79 69 54 66 72 74 85 84 81 88 100 101 108 119 116 116 119 121 120 -9999 123 125 121 135 137 145 148 135 92 56 37 26 23 25 27 29 29 26 27 28 30 34 38 40 39 37 36 35 32 29 25 25 25 25 24 22 22 23 24 24 26 26 27 28 30
-9999 -9999 -9999 -9999 191 171 -9999 -9999 -9999 -9999 -9999 -9999 -9999 133 169 185 170 152 136 115 101 80 56 54 48 54 62 64 73 69 76 77 91 90 99 105 107 115 126 123 110 112 114 124 118 103 136 144 143 142 122 75 44 29 26 27 30 31 30 30 32 34 35 47 55 53 48 40 34 31 29 29 27 26 26 25 24 22 23 24 26 26 26 26 28 30 32
-9999 -9999 -9999 -9999 205 195 178 159 130 114 -9999 -9999 94 127 154 195 188 164 146 121 97 78 52 41 41 44 46 53 58 58 68 67 74 80 92 97 102 116 119 119 123 112 113 115 118 -9999 122 139 138 139 135 105 56 35 29 30 33 37 39 41 42 41 42 53 58 54 47 44 44 34 30 29 28 28 27 26 24 22 22 24 28 28 28 29 29 30 31
-9999 -9999 -9999 -9999 -9999 223 206 198 192 203 165 94 -9999 113 141 194 199 165 141 89 80 53 39 39 36 38 41 45 49 51 55 58 62 71 85 90 109 117 122 123 113 123 111 118 105 101 112 130 137 135 134 118 60 35 27 31 37 43 46 49 52 51 45 43 44 46 42 42 42 36 32 29 30 30 28 -9999 26 24 24 26 31 32 31 32 32 32 31
