resultados/variables_norteamerica/bio13.asc
ncols 469
nrows 225
xllcorner -169.133333
yllcorner 20.675000
cellsize 0.249840
NODATA_value -9999
[rows 117 to 155 of 225, columns 264 to 351 of 469]
84 87 87 87 -9999 85 -9999 -9999 85 84 84 83 83 84 85 86 87 87 87 86 85 86 86 87 89 90 93 97 99 102 103 102 101 100 101 102 105 106 105 105 106 107 108 107 106 105 104 103 100 96 -9999 -9999 -9999 -9999 -9999 -9999 -9999 -9999 -9999 -9999 -9999 -9999 -9999 -9999 -9999 -9999 -9999 -9999 -9999 -9999 -9999 -9999 -9999 108 108 108 106 103 100 97 94 93 92 90 90 93 95 97
87 89 89 88 88 86 84 84 85 85 85 85 85 85 87 88 88 88 87 87 86 86 86 87 88 90 94 98 101 104 107 107 105 103 102 104 106 107 107 106 105 105 105 103 103 103 102 100 -9999 -9999 -9999 -9999 -9999 -9999 -9999 -9999 -9999 -9999 85 86 -9999 -9999 -9999 -9999 -9999 -9999 -9999 -9999 -9999 -9999 -9999 -9999 -9999 -9999 106 107 105 104 102 100 97 97 95 92 91 94 98 99
87 89 88 88 87 87 85 83 83 84 84 84 84 85 86 88 88 88 89 88 87 86 85 85 85 88 92 97 101 106 109 109 108 106 104 104 105 106 107 106 105 105 104 102 101 100 -9999 -9999 -9999 -9999 -9999 -9999 -9999 -9999 -9999 -9999 -9999 89 86 85 -9999 -9999 -9999 -9999 -9999 -9999 -9999 -9999 -9999 -9999 -9999 -9999 -9999 -9999 104 104 106 105 104 102 100 99 98 97 95 97 100 101
87 88 89 89 88 86 84 82 81 78 80 82 83 84 86 87 88 88 89 90 88 86 84 82 84 86 90 96 102 106 109 110 109 107 105 104 105 106 107 107 107 106 105 102 -9999 -9999 99 101 105 104 -9999 -9999 -9999 101 99 95 94 92 89 91 92 92 -9999 -9999 -9999 -9999 -9999 -9999 -9999 -9999 -9999 -9999 94 -9999 97 102 104 105 104 103 103 103 103 101 101 100 101 101
87 88 88 88 87 86 84 81 80 78 78 81 83 84 85 87 88 88 90 91 89 87 84 83 84 87 91 95 101 106 109 110 109 107 106 104 105 106 107 108 108 108 105 101 99 99 102 104 105 104 105 104 105 105 103 100 99 98 96 97 96 96 97 -9999 -9999 -9999 -9999 -9999 96 95 94 95 95 -9999 98 100 101 102 103 103 103 105 105 103 101 101 101 99
85 86 87 87 87 85 84 81 77 75 75 79 83 85 86 87 88 88 90 91 90 88 85 84 85 88 92 95 100 104 107 109 108 106 105 104 106 108 -9999 110 110 108 106 104 100 98 101 106 108 109 109 109 109 109 108 106 105 102 98 96 95 96 97 98 100 98 97 95 94 94 94 95 97 99 100 100 99 99 -9999 98 100 103 104 101 99 98 98 98
85 86 86 86 85 84 81 79 78 75 73 79 83 85 87 87 88 88 90 90 89 88 87 85 87 89 92 95 98 100 103 105 106 105 104 104 108 111 112 111 110 109 106 105 102 102 105 110 111 111 111 110 111 111 110 108 108 104 99 96 95 95 96 97 96 94 93 93 94 95 -9999 -9999 97 99 100 100 99 -9999 -9999 -9999 -9999 -9999 -9999 -9999 -9999 96 -9999 97
84 84 83 82 82 81 79 79 77 76 76 78 81 84 86 87 88 87 88 88 88 88 89 87 85 87 91 93 93 92 94 99 103 106 107 108 111 114 113 111 111 110 108 108 108 109 111 113 112 112 111 110 110 110 109 108 107 104 100 98 95 94 94 93 -9999 89 90 -9999 -9999 -9999 96 -9999 -9999 98 -9999 -9999 -9999 -9999 -9999 -9999 -9999 -9999 -9999 95 94 92 -9999 -9999
82 81 80 79 79 78 78 79 78 77 76 78 80 83 85 87 87 87 86 86 86 88 88 88 86 87 90 92 89 85 83 89 101 108 111 113 114 114 113 113 113 112 112 112 113 113 114 113 112 112 111 110 110 109 109 109 109 106 102 98 95 93 92 91 -9999 -9999 -9999 -9999 -9999 -9999 -9999 -9999 100 99 97 95 -9999 -9999 -9999 -9999 -9999 -9999 -9999 -9999 90 90 -9999 -9999
81 80 78 77 77 77 78 79 79 77 77 77 79 81 84 86 86 86 86 85 85 88 88 88 89 89 91 91 87 85 82 86 102 112 114 114 113 112 113 112 113 114 113 113 113 114 114 114 112 111 110 110 111 110 110 113 112 107 102 97 94 92 91 -9999 90 -9999 -9999 -9999 -9999 -9999 -9999 101 103 101 97 94 91 89 87 -9999 -9999 -9999 -9999 -9999 -9999 -9999 87 91
81 80 79 77 77 78 79 79 79 79 77 77 78 79 82 83 84 84 85 84 85 89 91 92 94 94 93 92 89 87 86 89 105 112 113 112 109 110 111 110 112 113 113 113 112 111 114 114 112 111 111 110 111 109 108 110 109 105 100 96 92 90 -9999 -9999 -9999 -9999 -9999 -9999 -9999 -9999 -9999 -9999 104 101 96 91 89 88 86 -9999 -9999 -9999 -9999 -9999 -9999 -9999 -9999 94
82 81 79 77 77 77 77 76 -9999 76 77 78 77 78 79 80 81 81 83 84 86 91 94 96 98 97 96 93 91 91 90 93 102 108 110 110 109 109 109 107 108 108 109 110 109 108 110 111 110 109 109 109 110 109 106 107 104 101 97 93 90 -9999 91 92 -9999 -9999 -9999 -9999 104 105 102 104 103 98 94 91 90 87 85 83 -9999 -9999 -9999 -9999 -9999 -9999 -9999 -9999
81 80 80 77 76 76 76 75 77 78 78 79 79 78 79 79 78 80 82 84 87 91 96 98 99 99 98 96 93 92 92 95 100 105 108 109 109 107 106 106 106 107 108 109 109 108 108 110 109 108 107 108 108 107 105 104 101 97 94 91 88 -9999 89 -9999 -9999 -9999 -9999 -9999 106 107 105 104 102 97 93 91 90 87 84 81 -9999 -9999 -9999 -9999 -9999 -9999 -9999 -9999
81 78 76 75 77 78 77 77 77 78 79 81 80 78 79 79 79 81 83 85 88 91 96 99 100 100 99 99 97 95 93 94 97 102 107 109 109 107 107 107 108 110 112 114 115 113 110 109 109 106 106 107 107 105 103 103 99 95 94 91 90 89 88 -9999 -9999 -9999 -9999 -9999 106 108 109 106 101 95 93 93 91 88 -9999 -9999 -9999 -9999 -9999 -9999 -9999 -9999 101 101
81 79 76 77 78 78 78 78 79 80 82 82 80 79 -9999 79 79 83 85 87 88 91 95 97 98 99 99 100 99 98 97 97 99 101 105 109 109 108 108 108 110 111 112 115 114 111 108 106 106 106 108 108 107 104 102 101 98 95 93 -9999 94 92 -9999 -9999 -9999 -9999 -9999 101 105 108 108 106 100 96 95 94 93 90 -9999 -9999 -9999 -9999 -9999 -9999 -9999 -9999 106 106
80 77 77 77 77 78 79 80 82 83 82 82 81 82 82 83 84 86 88 89 90 91 94 96 97 98 99 101 101 101 100 101 102 104 106 111 113 112 111 110 110 112 113 112 109 107 106 103 105 107 109 109 107 104 101 101 100 98 95 98 101 99 -9999 -9999 -9999 -9999 -9999 99 103 106 105 103 99 95 93 93 94 -9999 -9999 92 92 93 -9999 -9999 -9999 -9999 102 104
78 78 77 77 79 80 83 84 84 83 83 83 84 85 87 88 90 91 93 93 92 92 93 95 97 99 100 102 103 103 103 104 106 108 108 111 115 116 115 112 110 111 112 110 109 108 107 103 103 106 106 106 105 103 101 100 101 101 101 100 100 99 -9999 -9999 -9999 -9999 -9999 97 100 103 103 101 98 93 92 92 95 96 96 95 93 91 -9999 -9999 -9999 -9999 93 97
77 77 79 82 84 84 86 86 85 84 84 85 87 89 90 93 94 -9999 96 96 93 92 93 96 98 100 102 104 105 104 105 106 107 109 110 111 113 116 117 116 114 113 113 112 110 108 107 103 101 103 103 103 103 101 101 99 98 100 101 100 97 -9999 -9999 -9999 -9999 -9999 -9999 -9999 97 102 103 101 98 94 92 92 94 95 95 94 90 88 85 -9999 -9999 83 88 92
75 77 81 83 84 86 86 86 84 83 83 85 87 89 91 94 97 97 98 96 92 88 90 95 100 103 104 106 107 107 109 109 108 110 111 114 115 116 119 120 118 117 117 115 112 111 108 105 104 104 104 105 103 103 102 100 99 100 100 99 96 92 -9999 -9999 -9999 -9999 -9999 -9999 96 101 102 102 98 94 91 90 89 88 89 88 85 83 82 -9999 83 85 88 91
75 79 83 84 84 84 85 84 83 82 83 86 87 88 91 93 96 97 97 95 89 80 80 93 100 102 104 106 107 110 112 114 113 112 113 117 118 118 121 123 120 119 118 116 114 114 110 108 106 107 108 108 106 105 103 102 101 102 102 101 99 95 -9999 -9999 -9999 -9999 -9999 -9999 99 99 100 100 98 93 89 88 86 85 85 87 84 82 80 80 84 88 90 92
80 81 81 81 81 83 84 84 85 86 87 88 89 90 92 94 96 97 98 96 89 76 72 93 103 105 104 105 108 111 114 117 117 116 117 121 122 122 124 125 122 119 117 116 114 114 113 112 110 108 107 109 108 105 105 105 102 104 105 105 102 99 -9999 -9999 -9999 -9999 -9999 -9999 101 100 99 99 96 92 89 89 87 86 86 88 86 83 80 81 85 90 91 -9999
81 80 79 78 78 80 82 85 87 88 89 91 93 93 94 95 96 98 99 99 96 91 92 100 107 108 106 106 109 111 114 117 118 119 120 123 124 125 127 126 123 120 118 116 114 114 115 114 113 111 109 108 108 107 106 109 109 107 107 105 103 100 -9999 -9999 -9999 -9999 -9999 -9999 102 100 96 95 92 90 91 90 89 87 85 88 88 85 83 82 -9999 -9999 -9999 -9999
80 80 79 76 76 78 80 83 87 89 91 93 94 94 95 96 96 97 99 102 103 104 106 109 110 110 109 109 110 112 113 115 117 119 120 121 125 128 127 125 122 120 119 116 115 115 117 116 114 112 110 110 110 111 111 112 112 110 109 106 104 101 -9999 -9999 -9999 -9999 -9999 101 100 97 95 94 94 94 94 93 91 89 88 88 87 86 85 -9999 -9999 -9999 -9999 -9999
79 81 81 78 75 72 73 80 87 91 92 93 94 95 97 97 96 96 99 102 106 109 112 114 115 113 112 111 111 113 113 113 114 116 118 120 123 125 125 122 120 119 117 115 115 116 116 114 113 110 110 110 111 111 112 111 110 108 107 106 105 102 -9999 -9999 -9999 -9999 100 100 98 97 96 96 97 97 95 92 91 91 91 -9999 -9999 -9999 -9999 -9999 -9999 -9999 -9999 -9999
78 81 83 81 75 67 68 78 86 92 92 93 96 98 98 97 98 98 100 102 105 109 112 114 115 115 114 111 109 112 113 113 112 114 117 119 120 121 120 118 116 115 113 112 113 113 113 111 109 109 108 109 109 110 110 108 105 104 104 103 103 104 104 104 105 107 106 106 105 103 100 98 97 95 93 92 91 92 93 93 -9999 -9999 -9999 -9999 -9999 -9999 94 100
81 84 85 84 79 74 75 80 86 90 91 94 97 99 100 102 103 102 101 102 104 106 109 111 113 113 114 110 108 110 114 115 112 113 115 116 118 117 117 115 112 111 110 111 113 112 111 109 107 109 110 109 108 108 106 103 102 102 101 101 103 107 107 107 108 108 109 110 110 109 105 100 96 93 92 93 94 94 95 95 96 97 98 95 93 94 95 99
81 83 86 87 85 83 82 83 86 89 91 95 98 100 101 104 105 104 103 102 104 106 106 106 108 109 111 111 110 111 114 118 116 114 114 114 114 115 115 114 112 112 111 113 115 114 112 109 106 107 110 110 107 105 104 102 103 103 103 101 102 105 107 108 109 107 107 107 107 108 105 100 96 91 91 93 95 97 100 99 100 101 101 101 99 99 100 102
79 83 86 87 85 84 84 84 86 90 93 97 98 98 100 102 103 104 106 105 105 105 105 106 109 108 108 110 111 110 112 116 116 115 113 112 111 111 112 113 114 114 113 115 117 117 114 109 105 108 110 109 106 103 102 102 102 101 102 102 102 104 106 107 106 104 103 103 104 103 103 101 97 93 93 93 95 99 101 101 103 105 105 106 105 105 105 106
81 83 84 84 83 82 83 87 90 92 94 97 98 97 98 101 103 106 109 109 107 106 106 108 113 110 106 108 110 111 111 112 112 113 112 111 112 111 112 114 115 113 113 114 117 119 116 112 108 108 108 108 106 103 102 103 104 102 102 104 105 106 106 106 104 101 102 105 107 106 103 101 100 97 94 94 97 100 101 101 104 108 109 109 110 109 109 108
79 79 81 82 81 81 84 89 92 92 91 94 96 96 96 100 103 106 108 108 106 106 107 108 110 110 109 109 111 111 110 111 111 112 113 114 115 113 115 118 118 113 112 114 115 118 118 115 112 109 107 106 103 100 101 104 106 105 105 108 110 109 109 107 105 103 104 107 108 107 103 100 101 100 97 97 100 102 103 102 105 109 112 112 113 111 110 108
77 77 79 80 81 82 85 89 91 91 90 95 98 96 95 97 100 103 105 106 105 106 108 110 110 112 115 118 118 117 115 115 115 116 118 118 116 115 117 119 120 115 113 113 112 114 116 115 113 110 109 105 102 99 99 102 106 106 109 111 112 112 113 112 111 110 110 111 112 110 107 106 107 106 104 102 102 106 106 103 104 107 111 113 114 112 109 109
74 76 78 81 82 82 88 94 94 92 92 95 97 95 95 98 99 99 101 103 103 106 112 114 116 118 123 126 128 127 126 124 123 120 120 119 117 115 115 117 118 118 116 115 113 112 113 112 111 109 108 108 105 99 97 101 104 107 109 112 113 113 114 116 116 116 115 114 116 116 115 116 115 114 112 107 102 108 110 107 105 106 109 113 115 112 110 111
71 73 76 79 81 83 87 92 93 91 92 93 93 92 93 96 97 97 98 100 103 107 113 117 121 126 131 135 137 137 135 132 130 125 123 121 119 117 116 117 119 121 120 118 116 115 115 113 110 108 107 108 107 104 101 102 104 105 107 110 111 113 115 118 121 120 117 114 115 116 119 120 117 117 114 113 112 115 115 113 110 111 113 112 113 113 109 110
69 71 73 75 79 81 85 88 89 89 90 92 91 88 88 91 93 96 98 100 102 108 113 118 124 132 136 137 139 138 139 139 135 129 124 122 120 118 118 119 121 123 123 120 118 117 118 115 111 106 105 106 108 107 105 104 105 105 105 107 109 111 114 119 122 123 119 118 119 119 120 120 118 116 115 116 118 120 118 115 112 111 113 112 113 113 110 111
70 69 71 73 76 80 83 85 86 86 88 90 88 85 87 88 90 94 97 100 103 109 112 120 130 136 136 135 133 131 138 143 138 134 130 127 125 123 120 120 122 124 124 121 119 118 117 114 109 105 104 105 107 106 105 102 103 105 105 105 107 111 116 120 123 125 123 121 120 119 118 120 118 115 113 114 118 119 117 114 110 109 113 115 116 117 118 118
67 66 68 70 73 77 80 81 81 82 84 84 82 83 88 90 90 94 97 101 104 108 113 121 133 136 134 132 132 131 138 144 144 142 138 133 130 129 127 123 124 127 127 123 120 119 117 114 110 107 103 103 104 104 103 102 103 105 107 108 111 116 121 125 126 126 123 121 119 118 120 120 117 115 114 113 116 119 117 114 110 111 117 119 119 122 124 125
66 65 65 67 69 71 74 76 78 79 81 83 84 86 90 93 96 98 100 102 105 110 115 120 131 135 133 136 141 141 141 143 146 147 142 136 133 131 128 126 127 129 129 125 122 121 119 115 111 109 106 103 103 104 104 105 108 110 112 115 118 121 124 126 125 124 123 121 120 120 122 122 121 119 115 114 117 119 119 117 116 116 120 122 122 125 127 127
63 62 62 64 67 69 71 73 75 78 81 83 83 85 90 94 97 100 101 104 108 112 117 122 129 133 136 141 147 147 144 144 145 145 143 139 132 129 126 128 130 128 127 125 125 123 120 117 114 111 108 105 105 107 107 108 111 113 116 120 122 123 124 125 123 121 121 119 118 118 123 124 124 120 117 116 120 123 126 126 123 122 123 126 128 129 130 131
59 60 61 63 67 68 70 72 74 78 81 83 84 85 89 93 96 98 100 104 108 112 116 122 128 133 136 139 142 144 144 143 143 142 141 138 132 127 126 127 128 127 126 126 125 123 120 117 115 113 111 109 108 110 111 110 112 116 118 121 123 124 121 120 120 120 120 117 116 116 121 123 123 120 118 119 124 129 132 132 129 127 128 130 131 133 134 132
