resultados/variables_norteamerica/bio17.asc
ncols 469
nrows 225
xllcorner -169.133333
yllcorner 20.675000
cellsize 0.249840
NODATA_value -9999
[rows 0 to 38 of 225, columns 261 to 347 of 469]
-9999 -9999 -9999 -9999 -9999 -9999 -9999 -9999 -9999 -9999 -9999 -9999 -9999 -9999 -9999 -9999 -9999 -9999 -9999 -9999 -9999 -9999 -9999 -9999 -9999 -9999 -9999 -9999 -9999 9 10 10 11 11 11 11 10 10 10 10 10 -9999 -9999 -9999 -9999 -9999 -9999 -9999 -9999 -9999 -9999 -9999 -9999 -9999 -9999 -9999 -9999 -9999 10 11 11 11 13 16 15 14 16 17 18 21 28 35 32 24 26 26 27 26 21 21 21 20 17 19 18 19 19
7 -9999 -9999 -9999 -9999 -9999 -9999 -9999 -9999 -9999 -9999 -9999 -9999 8 8 8 8 8 -9999 -9999 8 8 8 -9999 -9999 -9999 -9999 -9999 -9999 -9999 -9999 -9999 -9999 10 10 11 11 12 11 11 10 11 10 10 10 9 10 11 10 10 9 9 10 -9999 -9999 13 11 -9999 11 12 12 10 -9999 15 12 -9999 13 14 13 14 -9999 17 19 20 17 -9999 -9999 16 14 14 17 16 15 17 20 24 18
5 7 7 -9999 -9999 -9999 -9999 -9999 8 8 8 -9999 -9999 -9999 -9999 8 8 8 8 8 8 8 8 8 8 -9999 -9999 -9999 -9999 -9999 -9999 -9999 -9999 -9999 9 9 10 10 10 10 10 10 10 10 10 10 11 12 12 12 11 12 12 12 12 -9999 -9999 -9999 -9999 -9999 -9999 -9999 -9999 -9999 -9999 -9999 -9999 -9999 11 -9999 -9999 13 11 13 13 13 12 -9999 -9999 -9999 -9999 -9999 -9999 -9999 -9999 -9999 -9999
-9999 -9999 -9999 -9999 -9999 7 7 -9999 -9999 8 8 8 8 8 8 -9999 8 8 8 8 8 8 8 8 8 -9999 -9999 -9999 -9999 -9999 -9999 -9999 -9999 -9999 -9999 -9999 -9999 -9999 -9999 -9999 -9999 -9999 -9999 -9999 -9999 9 10 10 11 11 11 10 10 10 10 -9999 -9999 -9999 -9999 -9999 -9999 -9999 -9999 -9999 -9999 -9999 -9999 -9999 -9999 -9999 -9999 -9999 -9999 -9999 -9999 -9999 -9999 -9999 -9999 -9999 -9999 -9999 -9999 -9999 -9999 -9999 -9999
-9999 -9999 6 -9999 7 7 -9999 7 7 -9999 8 8 8 8 8 8 8 8 8 8 8 8 8 8 8 -9999 -9999 -9999 -9999 -9999 -9999 -9999 -9999 -9999 -9999 -9999 -9999 10 -9999 -9999 -9999 -9999 -9999 -9999 -9999 -9999 -9999 9 9 11 11 10 11 11 11 11 10 -9999 -9999 -9999 -9999 -9999 -9999 -9999 -9999 -9999 -9999 -9999 -9999 -9999 -9999 -9999 -9999 -9999 -9999 -9999 -9999 -9999 -9999 -9999 -9999 -9999 -9999 -9999 -9999 -9999 -9999
-9999 -9999 -9999 -9999 -9999 7 -9999 -9999 -9999 -9999 -9999 -9999 -9999 -9999 -9999 -9999 -9999 8 8 8 8 8 8 8 -9999 8 -9999 -9999 -9999 8 -9999 8 -9999 9 10 10 10 10 10 -9999 -9999 -9999 -9999 -9999 -9999 -9999 -9999 10 10 10 11 12 12 12 11 10 10 11 11 -9999 -9999 9 10 -9999 10 -9999 11 -9999 -9999 -9999 -9999 -9999 -9999 12 11 13 14 16 18 21 25 27 27 30 35 36 38
-9999 -9999 -9999 -9999 -9999 -9999 -9999 -9999 -9999 -9999 -9999 -9999 -9999 -9999 8 8 8 8 8 8 8 8 8 8 -9999 -9999 -9999 -9999 -9999 -9999 -9999 -9999 -9999 10 10 10 10 10 10 10 10 -9999 -9999 -9999 -9999 -9999 -9999 12 12 11 12 12 12 12 12 12 12 11 12 11 11 11 12 13 13 12 13 13 13 -9999 -9999 13 14 14 16 17 18 22 29 34 37 41 45 47 50 52 53
-9999 -9999 -9999 -9999 -9999 -9999 -9999 -9999 -9999 -9999 -9999 -9999 -9999 -9999 -9999 8 8 8 -9999 8 -9999 8 9 8 -9999 -9999 -9999 -9999 -9999 8 9 10 10 10 10 10 10 10 10 10 11 11 -9999 -9999 -9999 -9999 -9999 11 11 12 12 12 12 12 12 12 12 12 12 12 12 12 12 13 14 13 13 14 15 15 15 14 16 19 20 20 20 21 22 -9999 25 26 28 33 35 37 39
-9999 -9999 -9999 -9999 -9999 -9999 -9999 -9999 -9999 -9999 -9999 -9999 -9999 -9999 -9999 -9999 -9999 -9999 -9999 -9999 -9999 -9999 -9999 -9999 -9999 -9999 -9999 -9999 -9999 -9999 -9999 -9999 -9999 10 10 10 10 10 11 11 12 12 -9999 -9999 -9999 -9999 -9999 -9999 12 12 12 11 11 11 12 12 12 14 12 12 11 -9999 11 13 13 14 14 17 17 19 18 17 18 18 19 18 19 18 15 14 13 -9999 -9999 17 19 25 30
-9999 -9999 -9999 -9999 -9999 -9999 -9999 -9999 -9999 -9999 -9999 -9999 -9999 -9999 -9999 -9999 -9999 -9999 -9999 -9999 -9999 -9999 -9999 -9999 -9999 8 9 -9999 -9999 -9999 -9999 -9999 -9999 10 10 -9999 -9999 -9999 -9999 -9999 -9999 -9999 -9999 -9999 -9999 -9999 -9999 -9999 -9999 -9999 -9999 -9999 -9999 -9999 -9999 -9999 -9999 -9999 -9999 -9999 -9999 10 12 12 13 16 -9999 14 12 15 15 14 17 13 -9999 -9999 14 15 18 -9999 -9999 -9999 -9999 -9999 -9999 15 -9999
-9999 -9999 -9999 -9999 -9999 -9999 -9999 -9999 -9999 -9999 -9999 -9999 -9999 -9999 -9999 -9999 -9999 -9999 -9999 -9999 -9999 -9999 -9999 -9999 -9999 -9999 -9999 -9999 -9999 -9999 -9999 -9999 -9999 -9999 -9999 -9999 -9999 -9999 -9999 -9999 -9999 -9999 -9999 -9999 -9999 -9999 -9999 -9999 -9999 -9999 -9999 -9999 -9999 -9999 -9999 -9999 -9999 -9999 -9999 -9999 -9999 -9999 -9999 -9999 -9999 -9999 -9999 -9999 -9999 -9999 -9999 -9999 -9999 -9999 -9999 -9999 -9999 -9999 -9999 -9999 -9999 -9999 -9999 -9999 -9999 -9999 -9999
-9999 -9999 -9999 -9999 -9999 -9999 -9999 -9999 -9999 -9999 -9999 -9999 -9999 -9999 -9999 -9999 -9999 -9999 -9999 -9999 -9999 -9999 -9999 9 9 -9999 -9999 -9999 -9999 -9999 -9999 -9999 -9999 -9999 -9999 -9999 -9999 11 12 12 11 12 12 12 12 11 -9999 -9999 -9999 -9999 -9999 -9999 -9999 -9999 -9999 10 -9999 -9999 -9999 -9999 -9999 -9999 -9999 -9999 -9999 -9999 -9999 -9999 -9999 -9999 -9999 -9999 -9999 -9999 -9999 -9999 -9999 -9999 -9999 -9999 -9999 -9999 -9999 -9999 -9999 -9999 -9999
-9999 -9999 -9999 -9999 -9999 -9999 -9999 -9999 -9999 -9999 -9999 -9999 -9999 -9999 -9999 7 -9999 -9999 -9999 8 8 8 8 -9999 -9999 8 -9999 -9999 -9999 -9999 -9999 -9999 -9999 -9999 -9999 11 12 12 12 13 12 12 12 12 12 12 12 12 12 12 12 12 12 11 10 -9999 -9999 -9999 -9999 -9999 -9999 -9999 -9999 -9999 -9999 -9999 -9999 -9999 -9999 -9999 -9999 -9999 -9999 -9999 -9999 -9999 -9999 -9999 -9999 -9999 -9999 -9999 -9999 -9999 -9999 -9999 -9999
-9999 -9999 -9999 -9999 -9999 -9999 -9999 -9999 -9999 -9999 5 5 6 6 8 8 8 8 8 8 8 8 8 8 8 -9999 -9999 -9999 -9999 -9999 -9999 -9999 -9999 10 11 13 12 12 12 13 13 13 13 13 13 13 13 14 14 13 12 12 -9999 -9999 -9999 -9999 -9999 -9999 -9999 -9999 -9999 -9999 -9999 12 13 13 13 12 13 13 14 14 14 14 -9999 -9999 -9999 -9999 -9999 -9999 -9999 16 19 19 17 18 21
-9999 -9999 -9999 -9999 -9999 -9999 -9999 -9999 -9999 -9999 -9999 6 7 5 -9999 8 8 8 8 8 8 8 8 8 8 8 9 -9999 -9999 -9999 -9999 -9999 -9999 11 13 13 13 14 13 12 13 14 14 14 14 14 14 13 13 13 12 -9999 -9999 -9999 -9999 -9999 -9999 -9999 -9999 -9999 -9999 11 12 12 13 13 13 13 13 13 13 14 -9999 -9999 -9999 -9999 14 14 15 16 17 18 21 27 26 22 23
-9999 -9999 -9999 -9999 -9999 -9999 5 6 -9999 -9999 -9999 -9999 -9999 -9999 -9999 7 8 8 8 8 8 8 8 -9999 -9999 -9999 -9999 9 10 -9999 -9999 -9999 -9999 12 12 12 13 15 13 13 13 12 12 13 13 12 12 12 12 -9999 -9999 -9999 -9999 -9999 -9999 -9999 -9999 -9999 -9999 10 11 12 12 13 13 13 13 13 13 13 13 -9999 -9999 -9999 13 13 13 14 14 -9999 -9999 17 20 22 25 25 26
-9999 -9999 -9999 -9999 -9999 5 6 6 5 5 -9999 -9999 -9999 -9999 -9999 6 8 8 8 8 8 8 -9999 8 8 8 -9999 -9999 -9999 -9999 -9999 -9999 -9999 11 12 -9999 -9999 13 13 12 12 12 11 12 12 12 12 12 12 -9999 -9999 -9999 -9999 -9999 -9999 -9999 -9999 -9999 -9999 10 11 12 11 11 11 11 11 11 11 -9999 -9999 -9999 -9999 15 17 16 17 -9999 14 14 16 18 21 23 25 25 25
-9999 -9999 -9999 -9999 -9999 -9999 -9999 5 5 6 5 5 5 6 6 7 8 8 8 8 8 8 8 8 8 8 8 9 10 11 -9999 -9999 -9999 -9999 -9999 12 13 12 12 12 12 12 -9999 -9999 -9999 -9999 -9999 -9999 -9999 -9999 -9999 -9999 -9999 -9999 -9999 -9999 -9999 10 10 10 10 10 10 10 10 10 11 12 11 10 -9999 -9999 -9999 13 15 17 16 15 17 17 16 16 19 21 23 25 26
-9999 -9999 -9999 -9999 -9999 -9999 -9999 -9999 5 5 5 5 5 6 6 7 8 8 8 8 8 8 8 8 8 9 9 9 10 10 -9999 -9999 -9999 -9999 -9999 12 14 15 13 12 12 -9999 -9999 -9999 -9999 -9999 -9999 -9999 -9999 -9999 -9999 -9999 -9999 -9999 -9999 -9999 10 10 10 10 10 10 10 10 10 10 10 11 11 10 10 -9999 -9999 -9999 -9999 -9999 -9999 -9999 14 14 16 17 19 22 23 23 25
-9999 -9999 -9999 -9999 -9999 -9999 -9999 -9999 -9999 -9999 -9999 -9999 -9999 -9999 -9999 6 6 7 8 8 8 8 8 8 9 9 9 9 9 -9999 -9999 -9999 -9999 -9999 -9999 12 13 13 13 -9999 -9999 -9999 -9999 -9999 -9999 -9999 -9999 -9999 -9999 -9999 -9999 -9999 -9999 -9999 -9999 -9999 9 9 10 10 10 10 10 10 10 10 10 10 11 10 -9999 -9999 -9999 10 11 11 12 12 12 14 15 16 17 18 19 20 21
-9999 -9999 -9999 -9999 -9999 -9999 -9999 -9999 -9999 -9999 -9999 -9999 -9999 -9999 -9999 6 6 6 7 8 8 8 8 8 8 9 9 9 9 9 -9999 -9999 -9999 -9999 -9999 12 12 12 -9999 -9999 -9999 -9999 -9999 -9999 -9999 -9999 -9999 -9999 -9999 -9999 -9999 -9999 -9999 -9999 -9999 -9999 9 10 10 10 10 10 10 10 10 10 10 10 10 10 10 -9999 -9999 -9999 11 12 13 12 12 13 16 17 18 18 19 20 21
-9999 -9999 -9999 -9999 -9999 -9999 -9999 -9999 -9999 -9999 -9999 -9999 -9999 -9999 -9999 -9999 -9999 -9999 -9999 7 7 7 7 -9999 -9999 -9999 -9999 -9999 -9999 -9999 -9999 -9999 -9999 12 12 12 12 12 12 -9999 12 12 -9999 -9999 -9999 -9999 -9999 -9999 -9999 -9999 -9999 -9999 -9999 -9999 -9999 -9999 9 9 10 10 10 10 10 10 10 10 10 10 10 10 10 10 10 -9999 -9999 -9999 -9999 -9999 12 14 15 15 17 19 20 21 22
-9999 -9999 -9999 -9999 -9999 -9999 -9999 -9999 -9999 -9999 -9999 -9999 -9999 -9999 -9999 -9999 -9999 -9999 -9999 7 7 7 7 -9999 -9999 -9999 -9999 -9999 -9999 -9999 -9999 12 12 -9999 12 14 15 15 14 -9999 13 13 12 -9999 -9999 -9999 -9999 -9999 -9999 -9999 -9999 -9999 -9999 -9999 -9999 -9999 -9999 8 8 8 8 8 -9999 8 7 7 8 9 10 10 10 10 10 10 10 10 -9999 11 13 13 14 15 17 18 19 20 21
-9999 -9999 -9999 -9999 -9999 -9999 -9999 -9999 -9999 -9999 -9999 -9999 -9999 -9999 -9999 -9999 -9999 -9999 -9999 -9999 -9999 -9999 -9999 -9999 -9999 -9999 -9999 -9999 -9999 -9999 -9999 12 12 12 12 14 15 16 16 17 16 14 13 13 -9999 -9999 -9999 -9999 -9999 -9999 -9999 -9999 -9999 -9999 -9999 -9999 -9999 -9999 7 -9999 -9999 -9999 -9999 -9999 -9999 -9999 -9999 7 7 8 -9999 -9999 10 10 10 10 -9999 12 14 14 15 17 17 18 19 20 22
-9999 -9999 -9999 -9999 -9999 -9999 -9999 -9999 -9999 -9999 -9999 -9999 -9999 -9999 -9999 -9999 -9999 -9999 -9999 -9999 -9999 -9999 -9999 -9999 -9999 -9999 -9999 -9999 -9999 -9999 11 12 12 14 13 15 16 17 17 17 18 16 15 14 -9999 -9999 -9999 -9999 -9999 -9999 -9999 -9999 -9999 -9999 -9999 -9999 -9999 -9999 -9999 7 7 7 7 7 7 7 8 7 8 9 10 10 10 10 10 10 11 12 14 15 16 17 19 20 21 22 23
8 8 8 -9999 7 -9999 -9999 -9999 -9999 -9999 -9999 -9999 -9999 6 6 -9999 -9999 -9999 -9999 -9999 -9999 -9999 -9999 -9999 -9999 -9999 -9999 -9999 -9999 -9999 -9999 11 12 13 15 16 17 17 17 17 18 18 17 16 14 13 13 -9999 -9999 -9999 -9999 -9999 -9999 -9999 -9999 -9999 -9999 -9999 -9999 -9999 -9999 7 7 7 7 7 7 7 8 8 9 10 11 11 12 13 13 13 13 15 16 18 20 22 24 25 25
9 9 8 8 8 7 6 -9999 -9999 -9999 -9999 -9999 -9999 -9999 -9999 -9999 -9999 -9999 -9999 -9999 -9999 -9999 -9999 -9999 -9999 -9999 -9999 -9999 -9999 -9999 10 12 12 12 13 15 16 16 17 17 18 18 17 17 16 15 14 -9999 -9999 -9999 -9999 -9999 -9999 -9999 -9999 -9999 -9999 -9999 -9999 -9999 -9999 -9999 -9999 7 7 7 7 -9999 -9999 -9999 10 11 12 13 14 13 13 14 15 17 19 19 21 22 24 25 27
9 9 9 8 8 7 6 6 6 6 6 6 -9999 -9999 -9999 -9999 -9999 -9999 -9999 -9999 -9999 -9999 -9999 -9999 -9999 -9999 -9999 -9999 -9999 -9999 -9999 11 12 12 13 15 15 16 16 16 16 15 15 15 14 14 13 12 -9999 -9999 -9999 -9999 -9999 -9999 -9999 -9999 -9999 -9999 -9999 -9999 -9999 -9999 -9999 -9999 -9999 -9999 -9999 7 7 7 -9999 -9999 9 10 -9999 -9999 -9999 14 16 18 19 21 22 22 -9999 27 28
10 9 -9999 9 8 7 6 -9999 6 6 6 6 6 -9999 -9999 -9999 -9999 -9999 -9999 -9999 -9999 -9999 -9999 -9999 -9999 -9999 -9999 -9999 -9999 -9999 -9999 10 11 12 12 13 14 15 15 15 15 15 15 14 14 14 13 -9999 -9999 -9999 -9999 -9999 -9999 -9999 -9999 -9999 -9999 -9999 -9999 -9999 -9999 -9999 -9999 -9999 -9999 -9999 -9999 -9999 -9999 -9999 -9999 -9999 -9999 -9999 -9999 -9999 -9999 -9999 -9999 -9999 -9999 -9999 -9999 -9999 -9999 25 27
10 9 9 -9999 -9999 -9999 -9999 -9999 -9999 -9999 -9999 -9999 -9999 -9999 -9999 -9999 -9999 -9999 -9999 -9999 -9999 7 7 7 7 7 8 9 -9999 10 10 -9999 10 12 -9999 -9999 -9999 -9999 15 16 15 -9999 15 -9999 -9999 14 13 12 -9999 11 -9999 -9999 -9999 -9999 -9999 -9999 -9999 -9999 -9999 -9999 -9999 -9999 -9999 -9999 -9999 -9999 -9999 -9999 -9999 -9999 -9999 -9999 -9999 -9999 10 12 14 16 17 18 19 20 20 -9999 24 25 -9999
10 9 9 9 -9999 8 6 6 -9999 -9999 -9999 -9999 -9999 -9999 -9999 -9999 -9999 -9999 -9999 -9999 -9999 -9999 7 7 7 8 9 9 10 10 -9999 -9999 10 12 -9999 -9999 -9999 -9999 -9999 -9999 -9999 14 -9999 -9999 -9999 14 13 12 12 12 12 11 10 -9999 8 -9999 -9999 -9999 -9999 -9999 -9999 -9999 -9999 -9999 -9999 -9999 -9999 -9999 -9999 -9999 -9999 -9999 -9999 -9999 9 11 13 14 16 18 19 21 22 22 24 26 -9999
11 10 9 9 9 8 7 6 6 -9999 -9999 -9999 -9999 -9999 -9999 6 -9999 -9999 7 7 7 7 7 7 7 8 9 10 10 10 10 10 -9999 -9999 -9999 -9999 -9999 -9999 -9999 14 -9999 14 13 13 14 13 13 12 12 13 12 12 10 -9999 -9999 -9999 -9999 7 7 7 7 -9999 -9999 -9999 -9999 -9999 -9999 -9999 -9999 -9999 -9999 -9999 -9999 -9999 -9999 -9999 -9999 12 14 16 19 21 22 23 24 26 28
11 10 9 9 9 8 -9999 -9999 -9999 -9999 -9999 -9999 -9999 6 6 -9999 -9999 -9999 -9999 -9999 -9999 7 7 7 7 8 9 9 10 10 10 11 11 -9999 12 -9999 -9999 -9999 12 -9999 -9999 12 12 12 12 13 14 13 13 13 12 11 10 9 -9999 -9999 -9999 7 7 7 7 7 7 -9999 -9999 -9999 -9999 -9999 -9999 -9999 -9999 -9999 -9999 -9999 -9999 -9999 10 12 14 17 19 22 23 24 24 25 26
-9999 -9999 -9999 -9999 -9999 -9999 -9999 -9999 -9999 -9999 -9999 -9999 -9999 -9999 -9999 -9999 -9999 -9999 -9999 -9999 -9999 -9999 -9999 -9999 -9999 -9999 -9999 -9999 10 10 10 -9999 -9999 -9999 -9999 -9999 -9999 -9999 -9999 -9999 -9999 12 12 12 12 13 14 13 13 13 12 10 10 9 -9999 -9999 -9999 7 7 7 7 7 7 7 -9999 -9999 -9999 -9999 -9999 -9999 -9999 -9999 -9999 8 10 11 13 15 17 18 21 22 22 24 25 24 25
-9999 -9999 -9999 -9999 -9999 -9999 -9999 -9999 -9999 -9999 -9999 -9999 -9999 -9999 -9999 -9999 -9999 -9999 -9999 -9999 -9999 -9999 -9999 -9999 -9999 8 9 -9999 -9999 -9999 -9999 -9999 -9999 -9999 -9999 -9999 -9999 -9999 -9999 12 12 12 12 12 13 13 13 13 14 13 12 11 10 10 8 -9999 8 8 7 7 7 7 7 7 7 -9999 -9999 -9999 -9999 -9999 -9999 -9999 -9999 8 10 12 13 15 18 19 21 22 24 25 25 25 -9999
-9999 -9999 11 -9999 -9999 -9999 -9999 -9999 -9999 -9999 -9999 -9999 -9999 -9999 -9999 -9999 -9999 -9999 -9999 -9999 -9999 -9999 8 8 8 9 10 10 10 -9999 11 -9999 -9999 -9999 12 -9999 -9999 13 13 14 14 14 14 14 13 13 14 14 14 13 13 12 10 10 10 9 7 7 8 7 7 7 7 -9999 -9999 -9999 -9999 -9999 6 6 -9999 -9999 -9999 9 10 12 14 14 16 18 20 22 23 25 27 27 25
12 12 11 -9999 -9999 -9999 -9999 -9999 -9999 -9999 -9999 -9999 -9999 -9999 -9999 -9999 -9999 -9999 -9999 -9999 -9999 -9999 8 9 -9999 -9999 -9999 10 10 11 11 -9999 -9999 -9999 13 13 13 14 14 14 14 15 15 15 15 15 14 14 14 14 13 12 13 11 10 10 10 10 10 10 10 9 8 -9999 -9999 -9999 -9999 -9999 7 7 -9999 8 9 10 11 13 14 16 18 20 21 23 24 26 27 27 27
13 12 12 11 10 9 9 9 9 9 9 9 9 9 9 9 9 9 9 9 9 9 10 10 10 10 -9999 10 11 11 -9999 -9999 -9999 -9999 -9999 14 14 14 14 14 15 16 16 16 17 17 15 14 14 14 14 13 13 13 12 10 11 11 11 11 12 12 10 9 8 -9999 -9999 -9999 -9999 -9999 8 9 10 12 13 14 15 16 18 19 20 22 24 25 26 27 28
14 13 12 12 12 11 10 9 9 9 9 9 9 9 9 9 9 9 10 10 10 10 -9999 10 11 11 11 11 11 11 12 -9999 -9999 -9999 -9999 14 14 16 16 16 16 15 15 15 16 17 16 16 15 14 14 14 14 14 13 12 13 13 12 13 12 11 11 10 9 -9999 -9999 -9999 7 -9999 9 10 10 10 12 14 14 15 17 19 21 23 24 24 26 27 27
