resultados/variables_norteamerica/bio2.asc
ncols 469
nrows 225
xllcorner -169.133333
yllcorner 20.675000
cellsize 0.249840
NODATA_value -9999
[rows 152 to 189 of 225, columns 172 to 257 of 469]
-9999 -9999 -9999 -9999 -9999 -9999 -9999 -9999 -9999 -9999 -9999 133 150 153 162 159 162 154 143 135 140 144 139 140 136 156 164 187 185 -9999 178 178 179 180 175 166 174 165 160 165 168 171 177 177 182 172 180 170 177 176 178 182 180 175 166 167 175 170 154 160 159 150 161 178 173 162 159 159 149 144 149 157 166 168 175 170 168 168 159 151 173 168 165 167 150 162
-9999 -9999 -9999 -9999 -9999 -9999 -9999 -9999 -9999 -9999 -9999 122 138 151 150 153 153 152 143 136 141 151 140 136 133 137 157 158 170 166 176 174 175 178 179 178 169 165 165 168 171 175 177 177 180 175 178 175 173 177 178 180 181 177 173 174 166 165 154 161 162 170 170 167 166 157 160 143 146 153 151 158 166 172 180 178 186 187 171 153 174 169 171 174 167 166
-9999 -9999 -9999 -9999 -9999 -9999 -9999 -9999 -9999 -9999 -9999 -9999 -9999 139 144 142 140 141 144 143 143 151 150 138 140 134 134 150 156 161 168 172 174 175 177 173 170 163 166 170 170 175 168 177 177 173 169 164 168 171 172 177 178 178 174 171 176 165 160 155 162 172 172 156 161 163 155 149 154 162 163 162 169 177 179 184 186 179 172 162 165 165 177 172 172 173
-9999 -9999 -9999 -9999 -9999 -9999 -9999 -9999 -9999 -9999 -9999 -9999 -9999 118 118 -9999 -9999 138 -9999 149 146 150 159 151 141 138 130 132 158 159 164 170 178 175 171 166 165 163 161 164 169 163 170 175 172 174 161 161 163 167 172 174 174 177 180 177 174 154 145 145 149 141 161 158 154 152 152 154 158 165 165 167 172 171 159 164 164 161 167 169 171 168 159 163 163 172
-9999 -9999 -9999 -9999 -9999 -9999 -9999 -9999 -9999 -9999 -9999 -9999 -9999 -9999 -9999 -9999 121 139 145 148 147 149 156 158 150 142 133 121 142 147 164 148 180 165 171 159 157 158 158 157 163 167 164 170 171 175 163 166 165 172 168 167 168 168 176 177 171 159 156 149 146 149 155 157 140 136 140 151 159 157 160 162 161 157 151 161 167 161 163 174 180 179 163 168 166 171
-9999 -9999 -9999 -9999 -9999 -9999 -9999 -9999 -9999 -9999 -9999 -9999 -9999 -9999 -9999 -9999 114 138 143 151 150 148 149 157 157 150 132 131 128 134 167 153 162 165 158 155 155 154 157 157 158 161 163 169 168 165 167 163 163 163 161 161 161 159 170 168 170 160 153 148 145 154 154 145 141 141 156 163 164 157 156 161 162 170 155 166 158 156 158 172 187 186 169 163 169 168
-9999 -9999 -9999 -9999 -9999 -9999 -9999 -9999 -9999 -9999 -9999 -9999 -9999 -9999 -9999 112 123 138 145 153 154 151 151 156 159 156 147 140 126 115 147 170 158 169 161 154 159 153 152 151 156 160 164 164 169 163 169 164 167 163 158 162 163 168 171 168 164 157 149 143 143 148 146 147 142 155 167 169 174 160 158 158 163 176 179 183 188 167 149 168 188 189 184 164 158 167
-9999 -9999 -9999 -9999 -9999 -9999 -9999 -9999 -9999 -9999 -9999 -9999 -9999 -9999 -9999 116 127 139 150 156 149 153 157 159 159 158 150 140 124 116 115 160 142 167 165 159 154 157 152 152 157 157 160 166 165 165 163 163 164 162 168 164 162 168 172 168 161 153 145 143 141 138 137 138 143 159 162 165 174 173 161 159 167 174 180 186 190 180 158 165 182 185 182 160 167 170
-9999 -9999 -9999 -9999 -9999 -9999 -9999 -9999 -9999 -9999 -9999 -9999 -9999 -9999 -9999 -9999 -9999 119 143 159 169 166 162 160 158 155 152 144 138 126 118 140 154 169 155 164 157 159 157 155 156 157 163 157 157 158 154 155 158 154 156 159 162 169 171 161 156 151 145 141 140 136 132 136 144 155 159 154 161 176 174 168 167 165 168 178 184 184 177 161 173 181 172 162 177 174
-9999 -9999 -9999 -9999 -9999 -9999 -9999 -9999 -9999 -9999 -9999 -9999 -9999 -9999 -9999 -9999 -9999 114 139 169 181 181 172 162 158 154 152 151 146 133 112 116 153 150 154 161 161 160 161 162 155 156 164 151 150 149 144 147 149 153 153 155 159 165 166 151 154 155 148 145 142 140 138 138 146 155 162 154 156 170 174 163 161 158 163 172 179 182 179 165 173 178 170 168 178 185
-9999 -9999 -9999 -9999 -9999 -9999 -9999 -9999 -9999 -9999 -9999 -9999 -9999 -9999 -9999 -9999 -9999 133 148 164 184 184 179 167 160 157 154 152 157 140 118 120 142 147 155 157 152 160 160 165 164 143 145 159 151 141 137 142 148 151 152 156 159 166 168 159 151 159 154 152 150 149 148 147 147 156 165 154 147 168 174 169 163 155 160 171 177 176 171 167 173 176 172 167 176 187
-9999 -9999 -9999 -9999 -9999 -9999 -9999 -9999 -9999 -9999 -9999 -9999 -9999 -9999 -9999 -9999 -9999 -9999 146 163 176 187 187 174 167 163 159 157 159 152 132 124 137 150 145 163 149 162 157 165 167 161 146 150 143 137 135 140 147 151 154 163 161 165 168 167 160 162 163 162 158 157 158 159 159 163 169 157 156 159 177 176 176 173 170 173 178 166 163 160 176 166 156 175 180 184
-9999 -9999 -9999 -9999 -9999 -9999 -9999 -9999 -9999 -9999 -9999 -9999 -9999 -9999 -9999 -9999 -9999 -9999 -9999 152 165 179 187 182 174 167 162 158 156 152 138 135 140 169 159 161 158 161 163 164 160 154 148 141 135 132 132 137 145 153 162 167 163 170 171 168 162 159 164 169 163 163 166 168 162 162 166 159 164 173 178 175 176 175 176 177 175 169 160 157 168 157 157 175 182 183
-9999 -9999 -9999 -9999 -9999 -9999 -9999 -9999 -9999 -9999 -9999 -9999 -9999 -9999 -9999 -9999 -9999 -9999 -9999 -9999 146 168 181 181 173 168 161 155 152 150 141 142 145 161 160 160 157 156 158 159 158 148 140 136 130 133 135 137 147 156 164 170 173 172 173 167 161 160 161 167 168 169 170 169 167 163 162 164 174 181 176 169 168 172 176 172 173 170 164 169 166 167 170 182 180 179
-9999 -9999 -9999 -9999 -9999 -9999 -9999 -9999 -9999 -9999 -9999 -9999 -9999 -9999 -9999 -9999 -9999 -9999 -9999 -9999 -9999 135 158 165 163 156 156 150 148 151 142 139 156 159 154 153 155 156 158 158 156 142 132 130 128 130 138 138 146 157 165 172 181 183 179 161 156 157 160 164 169 172 172 171 173 171 169 173 177 179 178 172 173 175 164 169 172 166 166 163 170 174 177 184 182 179
-9999 -9999 -9999 -9999 -9999 -9999 -9999 -9999 -9999 -9999 -9999 -9999 -9999 -9999 -9999 -9999 -9999 -9999 -9999 -9999 -9999 -9999 130 150 149 147 144 145 146 145 128 141 159 162 160 161 158 159 159 159 156 144 130 125 127 133 141 140 147 155 168 172 177 188 183 170 160 162 162 163 168 172 176 179 179 177 176 176 179 182 184 180 176 182 179 178 176 170 166 161 175 175 175 179 178 177
-9999 -9999 -9999 -9999 -9999 -9999 -9999 -9999 -9999 -9999 -9999 -9999 -9999 -9999 -9999 -9999 -9999 -9999 -9999 -9999 -9999 -9999 111 130 137 128 127 119 113 121 128 150 163 163 160 163 162 161 161 160 154 143 131 133 130 134 144 145 152 156 172 169 173 183 183 175 176 171 160 158 165 171 177 182 183 180 179 181 185 187 189 187 186 179 182 180 182 183 176 166 181 178 174 176 177 176
-9999 -9999 -9999 -9999 -9999 -9999 -9999 -9999 -9999 -9999 -9999 -9999 -9999 -9999 -9999 -9999 -9999 -9999 -9999 -9999 -9999 -9999 108 119 127 128 122 122 117 130 139 141 156 158 159 164 164 164 163 162 160 154 146 136 133 136 141 147 155 164 177 173 181 179 167 165 169 182 162 155 155 164 177 182 185 183 183 186 191 195 198 194 191 185 186 183 188 193 180 171 178 176 173 174 176 177
-9999 -9999 -9999 -9999 -9999 -9999 -9999 -9999 -9999 -9999 -9999 -9999 -9999 -9999 -9999 -9999 -9999 -9999 -9999 -9999 -9999 -9999 -9999 -9999 -9999 -9999 -9999 135 134 138 140 138 138 144 150 160 159 160 165 168 164 154 147 142 140 137 144 149 159 170 179 181 183 174 169 162 170 172 173 173 164 161 173 178 181 178 180 187 192 200 202 200 192 188 188 184 188 193 178 172 173 170 171 175 178 179
-9999 -9999 -9999 -9999 -9999 -9999 -9999 -9999 -9999 -9999 -9999 -9999 -9999 -9999 -9999 -9999 -9999 -9999 -9999 -9999 -9999 -9999 -9999 -9999 -9999 -9999 -9999 -9999 -9999 122 120 117 137 151 157 160 162 157 167 164 160 156 144 139 141 146 153 161 167 170 171 177 182 183 170 164 166 170 169 175 169 170 173 177 177 170 162 179 188 199 198 196 199 198 190 180 181 188 179 174 173 171 171 177 182 182
-9999 -9999 -9999 -9999 -9999 -9999 -9999 -9999 -9999 -9999 -9999 -9999 -9999 -9999 -9999 -9999 -9999 -9999 -9999 -9999 -9999 -9999 -9999 -9999 -9999 -9999 -9999 -9999 -9999 -9999 -9999 -9999 117 133 147 154 160 160 167 171 162 155 146 143 144 150 159 164 166 167 166 169 176 179 172 166 165 163 165 165 161 164 168 173 177 172 165 176 192 207 203 206 202 195 183 184 185 190 184 169 174 171 169 177 182 183
-9999 -9999 -9999 -9999 -9999 -9999 -9999 -9999 -9999 -9999 -9999 -9999 -9999 -9999 -9999 -9999 -9999 -9999 -9999 -9999 -9999 -9999 -9999 -9999 -9999 -9999 -9999 -9999 -9999 -9999 -9999 -9999 -9999 118 129 143 153 156 156 166 175 164 153 147 153 158 164 157 151 157 161 167 172 176 170 170 169 165 159 153 152 154 160 166 170 174 179 184 200 205 196 197 198 193 188 181 184 184 180 175 177 162 162 165 178 180
-9999 -9999 -9999 -9999 -9999 -9999 -9999 -9999 -9999 -9999 -9999 -9999 -9999 -9999 -9999 -9999 -9999 -9999 -9999 -9999 -9999 -9999 -9999 -9999 -9999 -9999 -9999 -9999 -9999 -9999 -9999 -9999 -9999 -9999 -9999 121 142 150 154 170 173 -9999 165 157 156 160 157 149 142 143 153 159 166 173 175 170 175 171 164 155 146 146 156 165 170 173 183 191 197 195 186 197 196 187 187 172 172 171 172 180 173 149 154 169 174 175
-9999 -9999 -9999 -9999 -9999 -9999 -9999 -9999 -9999 -9999 -9999 -9999 -9999 -9999 -9999 -9999 -9999 -9999 -9999 -9999 -9999 -9999 -9999 -9999 -9999 -9999 -9999 -9999 -9999 -9999 -9999 -9999 -9999 -9999 -9999 108 131 152 154 169 172 171 172 171 165 161 158 150 143 148 152 157 161 166 167 171 182 182 181 170 155 154 154 160 175 179 185 195 193 196 199 192 187 178 180 171 170 170 178 181 170 147 146 166 172 173
-9999 -9999 -9999 -9999 -9999 -9999 -9999 -9999 -9999 -9999 -9999 -9999 -9999 -9999 -9999 -9999 -9999 -9999 -9999 -9999 -9999 -9999 -9999 -9999 -9999 -9999 -9999 -9999 -9999 -9999 -9999 -9999 -9999 -9999 -9999 90 118 151 151 162 173 170 174 178 176 170 161 153 150 151 151 152 154 157 159 163 175 183 182 171 152 153 156 160 167 180 192 195 199 195 194 182 180 178 179 182 181 183 178 185 174 142 145 163 169 170
-9999 -9999 -9999 -9999 -9999 -9999 -9999 -9999 -9999 -9999 -9999 -9999 -9999 -9999 -9999 -9999 -9999 -9999 -9999 -9999 -9999 -9999 -9999 -9999 -9999 -9999 -9999 -9999 -9999 -9999 -9999 -9999 -9999 -9999 -9999 -9999 113 146 166 159 157 172 178 183 183 175 166 154 150 148 148 147 144 145 149 158 173 179 179 175 156 145 162 158 172 174 190 192 196 197 183 179 183 180 185 186 187 189 176 183 178 164 156 164 161 163
-9999 -9999 -9999 -9999 -9999 -9999 -9999 -9999 -9999 -9999 -9999 -9999 -9999 -9999 -9999 -9999 -9999 -9999 -9999 -9999 -9999 -9999 -9999 -9999 -9999 -9999 -9999 -9999 -9999 -9999 -9999 -9999 -9999 -9999 -9999 -9999 -9999 138 157 151 138 166 179 185 184 174 167 157 148 144 144 146 141 142 152 161 172 177 176 176 166 150 156 170 172 185 181 190 190 193 190 186 188 186 189 187 184 182 172 176 174 169 173 172 167 154
-9999 -9999 -9999 -9999 -9999 -9999 -9999 -9999 -9999 -9999 -9999 -9999 -9999 -9999 -9999 -9999 -9999 -9999 -9999 -9999 -9999 -9999 -9999 -9999 -9999 -9999 -9999 -9999 -9999 -9999 -9999 -9999 -9999 -9999 -9999 -9999 -9999 130 145 150 139 154 180 182 181 174 167 159 153 148 147 149 151 155 160 168 172 169 171 173 164 160 160 175 171 182 176 175 188 189 190 189 188 186 184 184 180 176 169 168 169 170 174 178 171 149
-9999 -9999 -9999 -9999 -9999 -9999 -9999 -9999 -9999 -9999 -9999 -9999 -9999 -9999 -9999 -9999 -9999 -9999 -9999 -9999 -9999 -9999 -9999 -9999 -9999 -9999 -9999 -9999 -9999 -9999 -9999 -9999 -9999 -9999 -9999 -9999 -9999 -9999 133 149 145 144 170 178 177 -9999 -9999 160 155 151 147 152 158 166 169 174 176 176 162 167 170 153 157 168 164 171 175 165 183 185 188 188 187 186 185 183 180 175 167 166 171 173 182 182 177 159
-9999 -9999 -9999 -9999 -9999 -9999 -9999 -9999 -9999 -9999 -9999 -9999 -9999 -9999 -9999 -9999 -9999 -9999 -9999 -9999 -9999 -9999 -9999 -9999 -9999 -9999 -9999 -9999 -9999 -9999 -9999 -9999 -9999 -9999 -9999 -9999 -9999 -9999 136 147 147 150 154 169 174 -9999 -9999 159 156 151 149 154 160 166 169 173 171 176 167 167 171 160 160 158 163 172 178 180 180 179 187 189 192 189 188 187 184 180 177 179 180 178 179 180 172 168
-9999 -9999 -9999 -9999 -9999 -9999 -9999 -9999 -9999 -9999 -9999 -9999 -9999 -9999 -9999 -9999 -9999 -9999 -9999 -9999 -9999 -9999 -9999 -9999 -9999 -9999 -9999 -9999 -9999 -9999 -9999 -9999 -9999 -9999 -9999 -9999 -9999 -9999 -9999 155 159 153 152 166 170 -9999 -9999 -9999 -9999 -9999 -9999 -9999 162 168 171 172 175 175 174 175 167 167 163 161 166 174 186 191 184 177 188 192 197 192 192 189 189 187 186 181 183 184 179 175 164 169
-9999 -9999 -9999 -9999 -9999 -9999 -9999 -9999 -9999 -9999 -9999 -9999 -9999 -9999 -9999 -9999 -9999 -9999 -9999 -9999 -9999 -9999 -9999 -9999 -9999 -9999 -9999 -9999 -9999 -9999 -9999 -9999 -9999 -9999 -9999 -9999 -9999 -9999 -9999 157 159 156 134 159 166 -9999 -9999 -9999 -9999 -9999 -9999 -9999 165 170 174 177 181 182 177 181 169 168 169 164 166 176 195 197 179 178 189 198 201 194 191 191 191 191 188 183 178 177 179 175 169 170
-9999 -9999 -9999 -9999 -9999 -9999 -9999 -9999 -9999 -9999 -9999 -9999 -9999 -9999 -9999 -9999 -9999 -9999 -9999 -9999 -9999 -9999 -9999 -9999 -9999 -9999 -9999 -9999 -9999 -9999 -9999 -9999 -9999 -9999 -9999 -9999 -9999 -9999 -9999 -9999 -9999 159 145 146 168 170 -9999 -9999 -9999 -9999 -9999 -9999 167 171 176 180 183 188 185 182 180 179 167 171 174 176 189 192 185 180 188 195 198 187 189 191 192 193 192 186 176 169 168 172 166 172
-9999 -9999 -9999 -9999 -9999 -9999 -9999 -9999 -9999 -9999 -9999 -9999 -9999 -9999 -9999 -9999 -9999 -9999 -9999 -9999 -9999 -9999 -9999 -9999 -9999 -9999 -9999 -9999 -9999 -9999 -9999 -9999 -9999 -9999 -9999 -9999 -9999 -9999 -9999 -9999 -9999 161 161 154 165 171 -9999 -9999 -9999 -9999 -9999 -9999 -9999 172 174 180 183 186 184 180 179 174 169 171 176 173 177 180 177 178 175 180 184 181 183 189 190 193 193 185 175 168 166 167 170 176
-9999 -9999 -9999 -9999 -9999 -9999 -9999 -9999 -9999 -9999 -9999 -9999 -9999 -9999 -9999 -9999 -9999 -9999 -9999 -9999 -9999 -9999 -9999 -9999 -9999 -9999 -9999 -9999 -9999 -9999 -9999 -9999 -9999 -9999 -9999 -9999 -9999 -9999 -9999 -9999 -9999 164 166 167 164 171 -9999 -9999 -9999 -9999 -9999 -9999 -9999 171 172 174 177 176 175 174 173 170 168 169 170 172 171 178 174 177 170 173 177 178 182 185 187 191 192 185 176 168 167 165 167 168
-9999 -9999 -9999 -9999 -9999 -9999 -9999 -9999 -9999 -9999 -9999 -9999 -9999 -9999 -9999 -9999 -9999 -9999 -9999 -9999 -9999 -9999 -9999 -9999 -9999 -9999 -9999 -9999 -9999 -9999 -9999 -9999 -9999 -9999 -9999 -9999 -9999 -9999 -9999 -9999 -9999 164 169 174 173 171 -9999 -9999 -9999 -9999 -9999 -9999 -9999 171 169 169 169 167 164 166 168 166 163 170 168 177 171 183 174 171 172 172 176 178 182 181 183 186 185 185 178 172 167 164 166 170
-9999 -9999 -9999 -9999 -9999 -9999 -9999 -9999 -9999 -9999 -9999 -9999 -9999 -9999 -9999 -9999 -9999 -9999 -9999 -9999 -9999 -9999 -9999 -9999 -9999 -9999 -9999 -9999 -9999 -9999 -9999 -9999 -9999 -9999 -9999 -9999 -9999 -9999 -9999 -9999 -9999 -9999 168 173 173 170 169 171 -9999 -9999 -9999 -9999 -9999 -9999 170 168 167 163 163 163 165 165 165 164 166 176 182 182 178 172 173 172 178 180 181 180 180 183 182 180 177 171 166 161 164 169
-9999 -9999 -9999 -9999 -9999 -9999 -9999 -9999 -9999 -9999 -9999 -9999 -9999 -9999 -9999 -9999 -9999 -9999 -9999 -9999 -9999 -9999 -9999 -9999 -9999 -9999 -9999 -9999 -9999 -9999 -9999 -9999 -9999 -9999 -9999 -9999 -9999 -9999 -9999 -9999 -9999 -9999 -9999 170 171 171 166 169 168 -9999 -9999 -9999 -9999 -9999 -9999 167 166 165 163 162 163 166 169 168 167 173 184 181 182 179 174 176 179 184 183 182 181 177 178 179 175 169 161 156 158 168
