resultados/variables_norteamerica/bio2.asc
ncols 469
nrows 225
xllcorner -169.133333
yllcorner 20.675000
cellsize 0.249840
NODATA_value -9999
[rows 0 to 37 of 225, columns 172 to 257 of 469]
-9999 -9999 -9999 -9999 -9999 -9999 -9999 -9999 -9999 -9999 -9999 -9999 -9999 -9999 -9999 -9999 -9999 -9999 -9999 -9999 -9999 -9999 -9999 52 53 53 53 53 52 53 53 54 54 54 53 53 54 54 54 -9999 -9999 -9999 -9999 -9999 -9999 -9999 -9999 56 56 -9999 -9999 -9999 -9999 -9999 -9999 -9999 -9999 -9999 -9999 -9999 -9999 -9999 -9999 -9999 -9999 -9999 -9999 -9999 -9999 -9999 -9999 -9999 -9999 -9999 -9999 -9999 -9999 -9999 -9999 -9999 -9999 -9999 -9999 -9999 -9999 -9999
-9999 -9999 -9999 -9999 -9999 -9999 -9999 -9999 -9999 -9999 -9999 -9999 -9999 -9999 -9999 -9999 -9999 -9999 -9999 52 52 52 52 52 52 52 53 53 53 -9999 54 -9999 -9999 53 52 54 -9999 -9999 -9999 -9999 -9999 -9999 -9999 -9999 -9999 -9999 -9999 -9999 -9999 -9999 -9999 -9999 -9999 -9999 -9999 -9999 -9999 -9999 -9999 -9999 -9999 -9999 -9999 -9999 -9999 -9999 58 58 57 58 -9999 -9999 -9999 -9999 -9999 -9999 -9999 -9999 -9999 -9999 -9999 -9999 -9999 -9999 -9999 -9999
-9999 -9999 -9999 -9999 -9999 -9999 -9999 -9999 -9999 -9999 -9999 -9999 -9999 -9999 -9999 51 51 51 52 52 52 52 52 52 52 53 53 52 52 53 -9999 -9999 -9999 54 54 54 55 -9999 -9999 -9999 -9999 56 56 56 56 56 56 57 -9999 -9999 -9999 -9999 -9999 -9999 -9999 -9999 -9999 -9999 -9999 -9999 -9999 -9999 -9999 -9999 58 58 58 57 57 58 58 59 -9999 -9999 -9999 -9999 -9999 -9999 -9999 -9999 -9999 -9999 -9999 -9999 -9999 -9999
-9999 -9999 -9999 -9999 -9999 -9999 -9999 -9999 -9999 -9999 -9999 -9999 -9999 -9999 -9999 51 -9999 52 52 52 52 -9999 53 53 52 52 53 -9999 -9999 -9999 -9999 -9999 -9999 55 55 -9999 -9999 -9999 55 54 53 53 53 53 53 55 55 56 55 55 56 56 55 55 56 -9999 -9999 -9999 -9999 -9999 -9999 -9999 -9999 -9999 -9999 -9999 -9999 -9999 57 57 58 58 58 58 -9999 -9999 -9999 -9999 59 59 -9999 -9999 -9999 -9999 -9999 -9999
-9999 -9999 -9999 -9999 -9999 -9999 -9999 -9999 -9999 -9999 -9999 -9999 -9999 -9999 -9999 -9999 -9999 -9999 -9999 -9999 -9999 -9999 -9999 53 53 -9999 -9999 -9999 -9999 -9999 53 53 55 -9999 -9999 -9999 -9999 -9999 -9999 -9999 -9999 -9999 -9999 -9999 -9999 54 54 54 54 54 55 54 54 55 55 55 -9999 -9999 -9999 -9999 -9999 -9999 -9999 -9999 -9999 -9999 59 59 58 58 57 57 58 -9999 58 57 -9999 -9999 58 57 58 58 60 -9999 -9999 -9999
-9999 -9999 -9999 -9999 -9999 -9999 -9999 -9999 -9999 -9999 -9999 -9999 -9999 -9999 -9999 -9999 -9999 -9999 -9999 -9999 -9999 -9999 -9999 -9999 -9999 -9999 -9999 -9999 -9999 53 53 -9999 -9999 -9999 -9999 -9999 -9999 -9999 -9999 -9999 -9999 54 54 54 53 51 50 52 53 51 52 53 54 54 54 54 55 57 58 -9999 -9999 59 59 -9999 -9999 -9999 -9999 -9999 -9999 -9999 58 57 57 57 57 58 57 58 58 58 59 58 -9999 -9999 -9999 -9999
-9999 -9999 -9999 -9999 -9999 -9999 -9999 -9999 -9999 -9999 -9999 -9999 -9999 -9999 -9999 -9999 -9999 -9999 -9999 -9999 -9999 -9999 -9999 -9999 -9999 -9999 -9999 -9999 -9999 -9999 -9999 -9999 -9999 -9999 -9999 54 54 53 53 53 53 53 52 51 50 51 52 53 -9999 -9999 -9999 54 54 54 54 55 55 57 57 58 59 59 58 58 57 57 57 58 59 59 59 58 59 58 58 57 57 58 57 57 59 59 -9999 -9999 -9999 -9999
-9999 -9999 -9999 -9999 -9999 -9999 -9999 -9999 -9999 -9999 -9999 -9999 -9999 -9999 -9999 -9999 -9999 -9999 -9999 -9999 -9999 -9999 -9999 -9999 -9999 -9999 -9999 -9999 -9999 -9999 -9999 -9999 -9999 -9999 -9999 -9999 -9999 -9999 -9999 -9999 54 54 55 -9999 55 55 -9999 -9999 -9999 -9999 -9999 -9999 -9999 -9999 -9999 -9999 -9999 -9999 -9999 59 59 59 58 58 57 57 57 58 58 -9999 59 58 58 58 58 57 58 59 59 59 -9999 -9999 -9999 -9999 -9999 -9999
-9999 -9999 -9999 -9999 -9999 -9999 -9999 -9999 -9999 -9999 -9999 -9999 -9999 -9999 -9999 -9999 -9999 -9999 -9999 -9999 -9999 -9999 -9999 -9999 -9999 -9999 -9999 -9999 -9999 -9999 -9999 -9999 -9999 -9999 -9999 -9999 -9999 -9999 -9999 -9999 -9999 -9999 -9999 -9999 -9999 -9999 -9999 -9999 -9999 -9999 -9999 -9999 57 57 57 57 57 57 57 58 58 58 59 58 58 -9999 59 -9999 -9999 -9999 -9999 -9999 -9999 -9999 -9999 -9999 -9999 -9999 -9999 -9999 -9999 -9999 -9999 -9999 -9999 -9999
-9999 -9999 -9999 -9999 -9999 -9999 -9999 -9999 -9999 -9999 -9999 -9999 -9999 -9999 -9999 -9999 -9999 54 54 -9999 -9999 -9999 -9999 -9999 -9999 -9999 -9999 -9999 -9999 -9999 -9999 -9999 -9999 -9999 -9999 -9999 -9999 -9999 -9999 -9999 -9999 -9999 -9999 -9999 -9999 -9999 -9999 -9999 -9999 57 57 57 57 57 57 57 58 58 59 -9999 -9999 -9999 -9999 -9999 -9999 -9999 -9999 -9999 -9999 -9999 -9999 -9999 -9999 -9999 -9999 -9999 -9999 -9999 -9999 -9999 -9999 -9999 -9999 -9999 -9999 -9999
-9999 -9999 -9999 -9999 -9999 -9999 -9999 53 53 53 53 53 53 53 53 53 54 54 54 54 55 -9999 -9999 -9999 -9999 -9999 -9999 -9999 -9999 -9999 -9999 -9999 -9999 -9999 -9999 -9999 -9999 -9999 -9999 -9999 -9999 -9999 -9999 -9999 -9999 -9999 -9999 -9999 -9999 -9999 -9999 -9999 -9999 -9999 -9999 -9999 -9999 -9999 -9999 -9999 -9999 -9999 -9999 -9999 -9999 -9999 -9999 -9999 -9999 -9999 -9999 -9999 -9999 -9999 -9999 -9999 -9999 -9999 -9999 -9999 -9999 -9999 -9999 -9999 -9999 -9999
-9999 -9999 -9999 -9999 -9999 -9999 -9999 53 53 53 53 53 53 53 54 54 54 54 54 55 55 55 55 55 56 -9999 55 56 -9999 57 56 55 54 54 54 54 56 -9999 -9999 -9999 -9999 -9999 -9999 -9999 -9999 -9999 -9999 -9999 -9999 -9999 -9999 -9999 -9999 -9999 -9999 -9999 -9999 -9999 -9999 -9999 -9999 -9999 -9999 -9999 -9999 -9999 -9999 -9999 -9999 -9999 -9999 -9999 -9999 -9999 -9999 -9999 -9999 -9999 -9999 -9999 -9999 -9999 -9999 -9999 -9999 -9999
-9999 -9999 -9999 -9999 -9999 -9999 -9999 -9999 54 54 54 54 54 54 54 54 54 55 55 55 55 56 56 56 56 56 56 56 55 54 54 54 54 54 55 55 57 57 58 -9999 -9999 -9999 -9999 -9999 -9999 -9999 -9999 -9999 -9999 -9999 -9999 -9999 -9999 -9999 -9999 -9999 -9999 -9999 -9999 -9999 -9999 -9999 -9999 -9999 -9999 -9999 -9999 -9999 -9999 -9999 -9999 -9999 -9999 -9999 -9999 -9999 -9999 -9999 -9999 -9999 -9999 -9999 -9999 -9999 -9999 -9999
-9999 -9999 -9999 -9999 -9999 -9999 -9999 -9999 54 54 54 54 54 54 55 55 55 55 55 56 56 56 56 56 57 56 56 56 55 54 55 55 55 56 57 57 57 58 58 58 59 59 60 -9999 -9999 -9999 -9999 -9999 -9999 -9999 -9999 -9999 -9999 -9999 -9999 -9999 -9999 -9999 -9999 -9999 -9999 -9999 -9999 -9999 -9999 -9999 -9999 -9999 -9999 -9999 -9999 -9999 -9999 -9999 -9999 -9999 -9999 61 60 59 59 60 60 60 60 61
-9999 -9999 -9999 -9999 -9999 -9999 -9999 54 54 54 55 55 55 55 55 55 56 56 56 56 56 56 56 56 57 58 57 57 57 57 57 57 56 56 57 58 59 59 59 59 59 -9999 -9999 -9999 -9999 -9999 61 -9999 -9999 -9999 -9999 -9999 -9999 -9999 -9999 -9999 -9999 -9999 -9999 -9999 -9999 -9999 -9999 -9999 -9999 -9999 -9999 -9999 -9999 -9999 -9999 -9999 -9999 -9999 -9999 -9999 -9999 -9999 -9999 61 61 60 60 61 60 61
-9999 -9999 -9999 -9999 -9999 55 55 55 55 55 55 55 55 55 55 56 56 56 57 57 57 57 57 57 57 57 58 57 57 -9999 57 -9999 58 58 59 -9999 -9999 -9999 62 61 61 60 60 60 60 60 60 60 62 -9999 -9999 -9999 -9999 -9999 -9999 -9999 -9999 -9999 -9999 -9999 -9999 -9999 -9999 -9999 -9999 -9999 -9999 -9999 -9999 -9999 -9999 -9999 60 60 60 60 60 61 61 62 62 62 62 62 62 -9999
-9999 -9999 -9999 -9999 -9999 56 55 55 55 55 55 55 56 56 56 56 56 56 57 57 58 58 58 58 58 58 58 57 57 58 58 59 -9999 -9999 -9999 60 60 60 61 60 60 60 60 59 60 60 60 61 63 -9999 -9999 63 61 61 61 61 61 -9999 -9999 -9999 -9999 -9999 61 60 60 60 -9999 -9999 -9999 -9999 -9999 -9999 60 60 59 59 59 60 60 61 62 62 63 -9999 -9999 -9999
-9999 -9999 -9999 -9999 56 56 56 56 55 55 56 56 56 56 56 57 57 57 58 58 58 58 58 58 58 59 59 -9999 -9999 -9999 -9999 60 59 60 60 60 61 61 61 60 61 61 61 61 62 63 63 63 63 62 62 62 61 60 60 60 60 61 61 -9999 -9999 61 61 -9999 -9999 -9999 59 58 60 62 -9999 -9999 -9999 -9999 60 60 60 -9999 60 61 61 61 63 63 -9999 -9999
-9999 -9999 -9999 57 57 56 56 56 56 56 56 56 56 57 57 57 57 58 58 58 59 59 -9999 59 59 59 59 -9999 -9999 -9999 -9999 60 61 61 60 61 -9999 61 62 62 62 62 63 63 63 63 63 62 62 62 61 61 61 60 61 61 61 -9999 61 -9999 60 59 60 60 60 60 60 60 61 61 -9999 -9999 -9999 -9999 61 60 61 61 60 60 60 61 62 63 -9999 -9999
-9999 57 57 57 57 57 56 56 56 56 56 56 57 57 57 58 58 58 59 59 59 60 59 -9999 -9999 -9999 -9999 -9999 -9999 62 61 60 60 60 60 60 61 61 61 62 62 62 62 62 62 62 62 62 62 62 -9999 61 61 61 61 61 60 60 59 59 59 59 58 58 58 58 59 60 61 62 62 -9999 -9999 -9999 63 63 62 61 61 -9999 61 62 63 64 64 -9999
-9999 -9999 -9999 -9999 -9999 57 57 56 56 56 57 57 57 57 58 58 58 59 59 60 60 60 60 -9999 -9999 -9999 -9999 -9999 63 61 60 60 61 60 60 60 61 61 61 61 62 62 62 62 62 63 62 61 61 61 61 61 60 59 58 60 61 61 59 60 60 59 60 59 58 59 60 62 63 62 62 64 -9999 -9999 -9999 -9999 64 63 62 62 62 62 63 64 64 65
-9999 -9999 -9999 -9999 -9999 -9999 -9999 -9999 -9999 57 57 57 58 58 58 59 59 60 60 60 61 61 61 -9999 -9999 -9999 -9999 -9999 -9999 -9999 -9999 -9999 -9999 -9999 63 62 62 62 62 64 64 -9999 -9999 65 -9999 64 63 63 62 62 61 61 61 61 61 61 62 61 61 61 61 61 60 60 60 60 61 62 63 63 63 64 64 64 64 64 64 64 64 64 64 63 63 63 64 65
-9999 -9999 -9999 -9999 -9999 -9999 -9999 -9999 -9999 -9999 -9999 57 58 58 59 59 60 -9999 -9999 -9999 -9999 -9999 -9999 -9999 -9999 -9999 -9999 -9999 -9999 -9999 -9999 -9999 -9999 -9999 -9999 -9999 -9999 -9999 -9999 -9999 -9999 -9999 65 64 64 64 64 64 64 63 63 63 62 62 62 61 61 61 61 61 61 61 61 61 62 62 62 63 63 64 64 63 64 -9999 64 64 64 64 64 64 64 64 64 64 64 65
-9999 -9999 -9999 -9999 -9999 -9999 -9999 -9999 -9999 -9999 -9999 -9999 -9999 -9999 -9999 -9999 -9999 -9999 -9999 -9999 -9999 -9999 -9999 -9999 -9999 -9999 -9999 -9999 -9999 -9999 -9999 -9999 64 62 63 64 65 64 65 66 66 66 65 66 65 65 64 64 64 64 64 63 63 63 63 63 63 62 62 62 62 61 61 61 62 63 63 63 64 64 64 64 64 64 64 65 64 64 -9999 64 65 65 65 65 65 66
-9999 -9999 -9999 -9999 -9999 -9999 -9999 -9999 -9999 -9999 -9999 -9999 -9999 -9999 -9999 -9999 -9999 -9999 -9999 -9999 -9999 -9999 -9999 -9999 -9999 -9999 -9999 -9999 -9999 -9999 -9999 -9999 64 64 65 65 65 65 65 66 66 66 66 66 66 66 65 66 66 65 65 65 -9999 64 63 63 -9999 63 63 63 63 63 63 63 63 63 64 64 64 64 64 65 64 64 64 64 64 64 64 -9999 64 64 64 64 65 65
-9999 -9999 -9999 -9999 -9999 -9999 -9999 -9999 -9999 -9999 -9999 -9999 -9999 -9999 -9999 -9999 -9999 -9999 -9999 -9999 -9999 -9999 -9999 -9999 -9999 -9999 -9999 -9999 -9999 -9999 -9999 -9999 -9999 -9999 -9999 -9999 -9999 -9999 -9999 -9999 -9999 -9999 -9999 -9999 -9999 -9999 -9999 -9999 -9999 -9999 -9999 -9999 -9999 -9999 66 66 65 65 65 65 65 64 64 63 63 64 64 64 64 64 64 64 64 64 65 64 64 64 64 64 65 65 65 65 65 65
-9999 -9999 -9999 -9999 -9999 -9999 -9999 -9999 -9999 -9999 -9999 -9999 -9999 -9999 -9999 -9999 -9999 -9999 -9999 -9999 -9999 -9999 -9999 -9999 -9999 -9999 -9999 -9999 -9999 -9999 -9999 -9999 -9999 -9999 -9999 -9999 -9999 -9999 -9999 -9999 -9999 -9999 -9999 -9999 -9999 -9999 -9999 -9999 -9999 -9999 -9999 -9999 -9999 -9999 -9999 -9999 -9999 67 67 67 67 67 66 66 66 65 65 65 65 65 65 65 65 64 65 65 64 64 65 65 64 64 -9999 65 65 65
-9999 -9999 -9999 -9999 60 59 -9999 -9999 -9999 -9999 -9999 -9999 -9999 -9999 -9999 -9999 -9999 -9999 -9999 -9999 -9999 -9999 -9999 -9999 -9999 -9999 -9999 -9999 -9999 -9999 -9999 -9999 -9999 -9999 -9999 75 74 74 74 73 73 72 72 71 70 69 68 67 66 66 66 66 66 66 66 66 66 66 66 66 67 67 67 67 67 66 66 66 66 66 66 66 66 66 66 -9999 -9999 -9999 66 65 65 65 65 65 65 66
-9999 -9999 -9999 -9999 -9999 61 61 -9999 -9999 -9999 -9999 -9999 -9999 -9999 -9999 -9999 -9999 -9999 -9999 -9999 -9999 -9999 -9999 -9999 -9999 -9999 -9999 -9999 -9999 -9999 -9999 -9999 -9999 -9999 -9999 77 77 77 76 76 75 74 73 72 71 70 69 68 66 66 66 65 66 66 -9999 65 65 65 66 66 67 67 67 67 67 67 67 67 67 68 68 68 67 67 67 67 67 66 66 66 66 66 66 66 66 67
-9999 -9999 -9999 64 64 63 63 -9999 -9999 -9999 -9999 -9999 65 66 66 66 66 67 67 68 69 70 -9999 -9999 -9999 -9999 -9999 -9999 -9999 -9999 -9999 -9999 -9999 -9999 -9999 -9999 -9999 -9999 81 79 78 76 75 73 72 71 71 69 68 68 67 66 66 66 65 66 66 67 67 67 67 67 67 67 -9999 68 68 68 68 68 68 68 68 68 68 68 68 68 68 68 68 67 67 67 67 67
68 -9999 -9999 66 66 65 65 -9999 -9999 -9999 -9999 66 66 66 66 67 67 67 68 68 69 69 70 71 -9999 -9999 -9999 -9999 -9999 -9999 -9999 -9999 -9999 -9999 -9999 -9999 -9999 -9999 -9999 81 80 79 78 77 76 75 74 73 72 71 70 69 68 68 68 68 68 68 68 68 69 69 69 68 68 68 68 68 68 68 68 68 68 68 68 69 69 69 -9999 -9999 69 69 69 68 -9999 -9999
71 70 69 68 67 67 -9999 66 66 66 67 67 67 67 68 67 68 68 69 69 69 70 70 70 69 70 70 71 73 75 77 78 -9999 -9999 -9999 -9999 -9999 -9999 -9999 -9999 -9999 -9999 -9999 -9999 -9999 -9999 -9999 -9999 -9999 -9999 -9999 70 70 69 69 69 69 69 70 70 70 70 70 70 70 70 70 69 70 69 69 68 68 69 69 70 -9999 -9999 -9999 -9999 -9999 -9999 -9999 -9999 -9999 69
73 72 71 70 70 69 69 68 68 68 68 68 68 69 69 69 69 69 70 70 71 71 71 70 70 69 69 69 71 74 76 78 79 81 83 85 88 -9999 -9999 -9999 84 82 81 79 -9999 -9999 -9999 -9999 -9999 -9999 72 70 70 69 69 69 70 -9999 70 70 70 71 71 -9999 71 71 70 70 70 70 -9999 -9999 -9999 -9999 -9999 -9999 -9999 -9999 -9999 -9999 -9999 -9999 -9999 -9999 -9999 -9999
75 74 73 73 72 71 71 70 70 70 70 70 70 70 70 71 71 71 71 71 72 72 72 71 70 -9999 70 69 71 72 75 78 79 81 82 84 85 86 85 84 83 82 81 80 79 78 77 76 -9999 -9999 -9999 -9999 71 71 71 71 71 -9999 -9999 -9999 -9999 -9999 -9999 -9999 -9999 -9999 -9999 -9999 -9999 -9999 -9999 72 72 72 72 72 71 71 71 70 -9999 -9999 71 -9999 -9999 71
77 76 -9999 75 74 73 73 72 72 72 72 71 71 71 72 72 72 72 72 73 73 73 72 71 71 -9999 71 70 72 75 76 78 80 81 82 83 84 84 84 83 82 82 81 81 80 79 78 77 76 -9999 -9999 -9999 -9999 -9999 -9999 -9999 -9999 -9999 -9999 -9999 -9999 -9999 -9999 -9999 -9999 -9999 -9999 -9999 -9999 -9999 74 74 74 73 73 73 73 -9999 72 -9999 72 72 72 -9999 -9999 -9999
80 79 78 77 76 75 75 74 74 73 73 73 73 73 73 73 73 73 74 74 74 74 73 73 72 71 71 72 75 77 78 79 81 82 83 84 84 84 84 83 82 81 81 -9999 -9999 -9999 -9999 -9999 -9999 -9999 -9999 -9999 -9999 -9999 -9999 -9999 -9999 -9999 -9999 -9999 -9999 -9999 -9999 -9999 -9999 -9999 -9999 76 -9999 -9999 -9999 -9999 -9999 -9999 73 -9999 73 73 73 73 73 72 72 72 72 73
82 81 80 79 78 78 77 76 76 75 75 75 75 75 75 75 75 75 75 75 75 75 74 74 73 73 74 75 76 77 77 78 79 80 82 83 84 85 85 85 85 84 84 -9999 -9999 -9999 -9999 -9999 -9999 -9999 -9999 -9999 -9999 -9999 -9999 -9999 -9999 -9999 -9999 -9999 -9999 -9999 -9999 76 76 -9999 -9999 -9999 -9999 76 -9999 -9999 -9999 -9999 74 74 73 73 73 73 73 73 73 73 73 73
84 83 82 81 -9999 80 79 78 78 77 77 76 76 76 76 76 76 76 -9999 76 76 76 76 76 75 75 75 75 75 75 75 76 77 77 79 79 80 82 83 83 83 83 82 81 79 78 78 77 76 75 74 73 73 73 74 75 76 75 75 75 75 76 76 76 76 76 76 77 77 -9999 -9999 -9999 76 -9999 75 75 74 74 74 74 73 73 73 74 73 73
