resultados/variables_norteamerica/bio2.asc
ncols 469
nrows 225
xllcorner -169.133333
yllcorner 20.675000
cellsize 0.249840
NODATA_value -9999
[rows 76 to 113 of 225, columns 258 to 343 of 469]
100 99 99 98 97 -9999 97 98 98 98 -9999 -9999 98 98 99 100 101 101 102 103 102 102 102 102 103 102 103 103 103 103 103 102 102 102 101 100 100 99 98 97 97 96 95 95 94 94 94 94 -9999 -9999 -9999 -9999 -9999 -9999 -9999 -9999 -9999 -9999 -9999 -9999 -9999 -9999 -9999 -9999 -9999 -9999 -9999 -9999 -9999 -9999 -9999 -9999 -9999 -9999 -9999 -9999 -9999 -9999 -9999 -9999 -9999 -9999 -9999 -9999 -9999 -9999
102 101 100 99 99 100 100 101 -9999 -9999 -9999 100 100 100 100 102 103 104 104 104 104 104 103 103 104 104 104 104 105 105 104 104 104 104 103 102 102 101 100 99 98 98 97 97 96 95 95 95 -9999 -9999 -9999 -9999 -9999 -9999 -9999 -9999 -9999 -9999 -9999 -9999 -9999 -9999 -9999 -9999 -9999 -9999 -9999 -9999 -9999 -9999 -9999 -9999 -9999 -9999 -9999 -9999 -9999 -9999 -9999 -9999 -9999 -9999 -9999 -9999 -9999 -9999
103 103 103 102 102 102 103 -9999 -9999 -9999 102 102 101 101 102 103 105 106 106 106 106 105 104 104 105 -9999 106 106 -9999 107 106 105 105 105 105 104 103 103 102 101 100 100 99 98 98 97 96 96 96 -9999 -9999 -9999 -9999 -9999 -9999 -9999 -9999 -9999 -9999 -9999 -9999 -9999 -9999 -9999 -9999 -9999 -9999 -9999 -9999 -9999 -9999 -9999 -9999 -9999 -9999 -9999 -9999 -9999 -9999 -9999 -9999 -9999 -9999 -9999 -9999 -9999
104 105 105 105 105 105 105 106 -9999 -9999 105 103 103 103 104 106 107 108 109 109 108 107 105 105 106 107 107 108 108 108 107 -9999 107 106 106 106 105 105 104 103 102 101 101 100 99 98 98 97 -9999 -9999 -9999 96 95 95 94 94 94 95 -9999 -9999 -9999 -9999 -9999 -9999 -9999 -9999 -9999 -9999 -9999 -9999 -9999 -9999 -9999 -9999 -9999 -9999 -9999 -9999 -9999 -9999 -9999 -9999 -9999 -9999 -9999 -9999
106 107 107 107 108 108 108 108 108 -9999 107 106 105 105 106 109 110 111 112 112 111 109 106 105 106 108 109 110 109 109 109 109 108 108 107 107 106 106 105 105 105 104 103 102 101 100 99 98 98 97 97 96 95 95 95 94 94 95 95 95 95 95 -9999 -9999 -9999 -9999 -9999 -9999 -9999 -9999 -9999 -9999 -9999 -9999 -9999 -9999 -9999 -9999 -9999 -9999 -9999 -9999 -9999 -9999 -9999 -9999
108 109 109 109 110 111 111 -9999 111 110 109 109 108 109 110 112 112 113 114 115 114 111 108 108 109 110 111 111 112 112 111 110 109 109 108 108 108 108 108 108 107 106 104 103 -9999 101 100 99 98 98 97 96 96 95 95 95 95 95 95 95 95 95 95 95 95 95 -9999 -9999 -9999 -9999 -9999 -9999 -9999 -9999 -9999 -9999 -9999 -9999 -9999 -9999 -9999 -9999 -9999 -9999 -9999 -9999
109 110 110 111 111 113 -9999 113 113 112 111 111 110 111 113 114 114 114 115 115 115 113 111 110 111 112 113 114 114 113 112 111 110 110 109 109 109 109 -9999 -9999 -9999 107 105 104 103 102 101 100 99 98 97 96 96 96 95 94 94 95 95 95 95 95 95 95 95 96 96 -9999 -9999 -9999 -9999 -9999 -9999 -9999 -9999 -9999 -9999 -9999 -9999 -9999 -9999 -9999 -9999 -9999 -9999 -9999
111 110 111 113 113 114 115 115 115 114 113 112 112 112 113 114 114 114 114 115 114 113 112 112 113 114 116 117 116 115 113 112 111 110 110 109 109 109 109 109 108 107 105 104 104 102 101 100 100 99 98 97 96 96 95 95 95 95 95 95 95 95 95 95 96 96 96 97 -9999 -9999 -9999 -9999 -9999 -9999 -9999 -9999 -9999 -9999 -9999 -9999 -9999 -9999 -9999 -9999 -9999 -9999
112 113 113 113 114 -9999 116 116 117 116 115 113 112 112 112 113 113 113 113 113 113 113 112 112 113 115 117 119 117 115 114 112 111 110 109 109 109 109 109 108 108 107 106 105 104 102 101 100 100 100 99 98 97 97 96 96 96 95 95 95 95 95 95 96 96 96 97 97 97 98 98 98 -9999 -9999 -9999 -9999 -9999 -9999 -9999 -9999 -9999 -9999 -9999 -9999 -9999 -9999
115 114 114 114 115 115 116 117 118 118 114 111 109 109 110 111 111 111 112 112 112 112 112 112 -9999 114 116 117 116 114 -9999 111 110 110 109 109 108 108 108 107 107 106 105 104 103 103 102 101 100 100 100 99 98 98 97 97 96 96 96 96 96 96 96 96 96 97 97 97 97 98 98 98 99 99 100 100 -9999 -9999 -9999 -9999 -9999 -9999 -9999 -9999 -9999 -9999
116 115 115 115 115 116 116 116 116 114 110 108 106 107 107 109 110 110 110 110 110 110 110 111 111 112 113 113 113 112 111 110 -9999 109 108 108 108 107 107 107 106 106 105 104 104 103 102 102 101 101 100 100 99 99 98 97 97 97 97 96 96 96 96 96 97 97 97 97 97 98 98 98 99 99 100 100 101 -9999 -9999 -9999 -9999 -9999 -9999 -9999 -9999 -9999
116 116 115 115 115 115 115 114 112 109 105 103 103 104 105 107 108 108 108 108 109 109 109 109 -9999 109 109 110 110 110 109 109 108 108 107 107 -9999 107 106 106 106 105 105 104 104 103 103 102 102 101 101 100 100 99 99 98 97 97 97 97 97 97 97 97 97 97 98 98 98 98 99 99 99 100 100 101 101 -9999 102 102 103 103 103 103 103 103
115 113 116 116 115 115 114 112 110 106 101 98 -9999 102 104 106 107 -9999 107 107 107 107 107 107 107 106 105 106 107 107 107 107 107 107 107 106 -9999 106 106 105 105 105 105 104 104 103 103 102 102 101 101 100 100 99 99 98 98 98 97 97 97 97 97 97 97 98 98 98 99 99 99 100 100 101 101 102 102 102 102 103 103 103 104 104 104 104
115 115 116 116 115 114 113 111 108 105 101 98 -9999 102 105 106 106 106 106 106 105 105 105 105 104 103 102 103 104 105 105 105 105 105 106 106 106 105 105 105 105 104 104 104 104 104 103 103 102 102 101 101 100 100 99 99 98 98 98 97 97 97 97 98 98 98 98 99 99 100 100 100 101 101 102 102 103 103 103 103 104 104 104 105 105 105
114 115 -9999 115 114 113 113 111 -9999 106 103 102 103 105 107 107 106 106 105 104 103 103 103 103 102 102 101 102 102 103 104 104 104 104 104 105 105 -9999 104 104 104 -9999 104 104 104 103 103 103 103 102 101 101 101 100 99 99 98 98 98 98 98 98 98 98 98 99 99 99 -9999 100 101 101 101 102 102 103 104 104 104 104 104 105 105 105 106 106
117 117 116 115 115 114 114 112 110 108 107 106 107 -9999 -9999 109 107 106 104 -9999 102 101 101 101 101 101 102 102 102 102 103 -9999 103 104 104 104 104 104 103 103 103 103 104 104 104 104 104 103 103 103 102 102 101 101 100 100 99 98 98 98 98 98 98 99 99 99 100 100 100 101 101 102 102 103 103 104 105 105 105 106 106 106 106 106 107 107
119 118 117 116 115 115 115 113 112 111 110 109 110 110 111 109 108 -9999 104 -9999 100 -9999 99 100 100 101 -9999 103 102 102 102 102 102 103 103 103 103 -9999 103 -9999 103 104 104 104 104 104 104 104 104 103 103 103 102 102 101 101 100 99 98 98 98 99 99 99 100 100 100 100 101 102 102 103 103 104 104 105 106 106 107 107 107 107 108 108 108 108
119 118 117 116 -9999 115 116 115 114 110 112 -9999 111 111 111 110 -9999 -9999 103 101 99 97 -9999 -9999 -9999 -9999 -9999 -9999 102 102 101 102 102 102 102 103 103 103 103 103 104 104 105 105 105 105 105 105 104 104 104 103 103 103 102 101 101 100 100 100 100 100 100 100 100 100 101 101 101 102 103 103 104 105 105 106 107 107 108 108 109 109 109 109 109 110
120 119 117 115 115 116 116 115 111 109 114 114 113 112 111 110 -9999 -9999 -9999 101 98 96 -9999 -9999 -9999 -9999 -9999 -9999 102 101 101 101 101 102 102 103 103 104 104 104 104 105 105 106 106 106 105 105 105 105 105 104 104 104 103 103 102 102 101 101 101 101 101 101 101 101 101 101 102 102 103 104 105 106 106 107 108 108 109 109 110 110 110 110 111 111
120 118 116 115 115 115 114 114 114 116 117 116 115 113 -9999 -9999 -9999 -9999 103 101 -9999 96 -9999 -9999 -9999 -9999 -9999 -9999 -9999 101 101 101 101 102 103 103 104 104 105 105 106 106 106 107 107 107 107 -9999 106 106 106 -9999 105 105 104 104 103 103 103 103 103 103 103 102 102 102 102 102 102 103 104 105 106 107 107 108 109 110 110 111 111 111 112 112 112 112
117 115 115 114 115 117 118 118 120 120 119 117 113 -9999 113 -9999 109 -9999 -9999 -9999 -9999 -9999 99 -9999 -9999 -9999 -9999 -9999 -9999 101 101 101 101 102 103 104 105 105 106 106 107 107 108 108 108 108 108 107 107 107 107 -9999 106 -9999 106 106 106 105 105 105 105 105 104 104 103 103 103 103 103 104 105 106 107 108 109 109 110 111 111 112 112 113 113 113 113 114
112 112 113 114 115 117 118 119 119 119 115 111 109 107 112 112 110 108 107 -9999 103 102 102 103 -9999 -9999 -9999 -9999 -9999 -9999 101 101 102 103 104 105 106 107 107 108 108 108 109 109 109 109 108 108 108 108 107 107 -9999 107 107 107 107 108 108 107 107 106 106 105 104 104 103 103 104 105 106 107 108 109 110 111 111 112 112 113 113 114 114 114 115 115
110 111 112 114 114 114 115 116 117 117 115 113 112 113 114 113 111 110 -9999 -9999 106 105 105 106 107 -9999 -9999 -9999 -9999 -9999 -9999 102 103 105 106 107 108 108 109 109 109 110 110 110 110 109 109 109 108 108 108 108 108 108 108 109 109 109 110 110 109 109 108 108 106 105 104 104 105 106 107 108 109 110 111 112 113 113 114 114 115 115 115 116 116 116
109 111 113 114 115 114 115 117 117 117 117 116 117 116 114 112 112 112 -9999 -9999 -9999 108 108 109 110 111 -9999 -9999 112 -9999 -9999 105 106 107 108 109 -9999 110 110 111 111 111 111 111 111 110 110 109 109 108 108 108 109 109 110 110 111 111 112 112 112 111 111 110 109 107 106 105 106 107 108 110 111 112 113 114 114 115 115 116 116 116 117 117 117 117
110 -9999 -9999 115 116 116 116 117 117 117 118 117 115 113 109 108 113 113 -9999 -9999 111 111 111 112 113 115 116 -9999 117 116 -9999 -9999 109 109 110 111 111 112 112 111 112 112 113 113 112 111 111 110 109 109 109 109 110 110 111 112 113 114 114 115 114 114 113 112 110 109 108 107 108 109 110 111 112 114 115 115 116 116 117 117 118 118 118 118 118 118
111 110 112 114 116 117 118 118 117 117 118 118 114 112 110 109 113 115 116 115 -9999 114 -9999 -9999 -9999 118 120 123 125 123 118 113 111 111 112 113 113 113 112 112 112 -9999 113 114 113 112 111 110 109 109 109 110 111 112 113 114 115 116 117 117 117 117 116 115 113 112 110 110 110 110 112 113 114 115 116 117 118 118 119 119 119 119 119 119 119 119
113 113 113 115 116 117 118 118 117 117 117 118 116 113 112 112 115 118 118 -9999 116 116 -9999 -9999 118 121 124 128 132 130 124 -9999 -9999 113 113 115 115 114 113 112 112 113 114 115 113 112 110 109 109 109 110 -9999 111 113 114 116 117 118 119 120 120 120 119 118 116 114 112 111 112 112 114 115 116 117 118 119 119 120 120 121 121 121 121 121 120 119
117 117 116 117 118 119 119 119 118 118 117 116 115 112 112 114 117 118 119 119 119 119 119 120 -9999 123 126 130 134 132 126 -9999 -9999 113 113 115 116 113 112 111 111 111 113 115 113 111 109 109 109 109 109 110 112 114 115 -9999 119 121 122 123 124 124 123 121 119 116 113 113 113 114 115 117 118 119 120 121 121 122 122 122 123 122 122 122 121 120
120 120 120 120 121 122 121 121 120 119 118 116 114 111 112 115 116 117 116 117 121 121 121 121 122 124 126 129 130 129 125 -9999 -9999 -9999 109 110 111 111 109 109 108 109 110 111 111 109 108 108 108 108 109 111 112 114 116 118 120 122 124 126 127 127 127 125 122 119 115 114 115 116 117 119 120 121 122 123 123 123 124 124 124 124 124 123 122 121
124 122 120 120 123 123 123 123 122 121 119 118 116 115 116 118 119 120 120 119 120 123 123 122 -9999 -9999 125 126 127 126 123 -9999 111 107 103 104 106 107 107 106 105 106 105 106 106 106 106 106 107 108 109 111 112 115 117 119 121 124 126 128 130 131 131 130 126 122 119 117 118 118 119 121 122 123 124 125 125 125 125 125 125 126 125 125 124 122
129 126 123 121 122 122 123 123 123 122 121 119 119 119 119 121 121 122 123 123 124 125 124 123 122 -9999 -9999 123 124 123 120 -9999 111 106 102 102 104 105 105 104 103 102 102 102 102 103 104 105 106 108 -9999 111 113 115 118 120 123 125 128 129 131 133 135 134 130 126 123 121 120 120 121 122 124 125 126 126 126 126 126 126 127 127 127 126 125 124
130 129 127 124 123 123 124 123 124 124 123 122 121 120 120 121 123 124 126 127 127 126 125 123 121 119 119 120 121 121 118 115 111 108 105 105 105 105 104 102 100 98 98 98 -9999 100 102 103 105 107 109 111 -9999 116 118 121 -9999 126 128 130 132 134 135 134 -9999 -9999 125 124 122 122 122 -9999 127 128 128 128 127 127 127 128 128 129 128 128 128 126
132 132 129 125 124 125 126 125 124 125 125 124 123 122 121 122 125 127 128 129 128 127 125 123 120 117 117 118 118 117 116 114 112 110 109 108 -9999 106 105 102 99 97 95 94 96 99 102 104 106 108 109 111 113 116 119 122 125 127 129 130 132 133 133 132 -9999 -9999 127 125 123 121 122 125 129 130 129 129 128 128 128 128 129 129 129 130 130 129
134 133 131 127 127 127 128 129 130 131 129 127 126 125 125 125 126 127 127 128 129 129 127 124 121 118 116 116 116 115 114 114 114 113 113 112 112 110 108 105 -9999 -9999 97 95 96 100 -9999 106 108 110 111 112 113 117 120 123 125 128 129 131 131 131 130 -9999 126 -9999 125 123 120 119 119 122 126 127 128 128 129 128 128 129 129 130 131 131 131 131
137 136 134 132 131 131 131 131 132 133 132 130 129 128 128 128 127 127 127 128 128 129 129 127 122 118 116 116 116 114 114 115 116 116 117 117 116 114 112 -9999 105 104 102 100 101 103 105 109 111 113 114 114 116 119 122 124 125 128 130 130 129 129 127 -9999 122 -9999 -9999 117 115 114 114 116 119 121 124 127 128 129 129 129 130 131 131 132 132 131
142 140 138 134 133 133 133 134 134 134 133 132 132 131 131 130 128 125 126 126 128 131 130 130 126 120 118 119 119 117 116 117 119 120 122 123 122 120 -9999 -9999 113 -9999 108 106 105 -9999 110 114 116 118 119 120 121 122 123 124 126 129 131 130 128 126 124 121 118 115 114 112 109 107 108 109 111 114 119 124 127 129 129 130 131 131 132 132 132 131
145 143 143 137 134 134 133 133 134 135 134 133 133 131 133 135 133 130 129 128 128 130 130 130 128 123 121 123 123 122 121 121 122 124 126 128 127 125 122 -9999 119 116 114 112 111 -9999 116 119 122 123 124 125 126 -9999 125 125 126 129 130 128 127 124 121 118 117 113 -9999 -9999 106 103 104 105 105 106 113 119 125 129 129 130 131 -9999 132 131 131 131
147 145 143 138 135 133 133 134 134 134 133 134 132 128 132 138 139 137 133 131 130 130 129 129 129 126 124 124 123 122 123 124 124 126 129 131 131 128 126 124 123 121 121 121 118 119 122 124 126 126 126 127 127 126 125 126 126 127 127 126 125 122 119 117 -9999 112 -9999 -9999 -9999 -9999 -9999 -9999 -9999 -9999 109 116 122 127 127 127 130 131 130 130 130 130
