resultados/variables_norteamerica/bio2.asc
ncols 469
nrows 225
xllcorner -169.133333
yllcorner 20.675000
cellsize 0.249840
NODATA_value -9999
[rows 38 to 75 of 225, columns 172 to 257 of 469]
-9999 86 85 83 82 82 81 80 79 79 78 78 78 78 77 77 77 77 77 77 77 77 77 77 -9999 76 76 76 76 76 76 77 78 79 79 79 80 81 81 81 81 81 81 79 78 77 76 76 75 74 74 74 74 74 74 75 74 75 75 75 76 76 76 76 76 76 76 76 77 78 77 78 -9999 -9999 76 76 75 74 74 74 74 74 74 74 74 74
90 88 87 85 84 83 83 82 81 80 80 80 79 79 78 79 79 79 79 79 79 79 79 79 78 78 78 78 78 78 78 79 78 77 77 77 78 79 80 81 81 81 81 78 77 77 77 76 76 75 75 75 76 76 76 75 74 75 75 76 77 77 77 77 77 77 76 76 76 78 78 -9999 -9999 -9999 -9999 -9999 76 76 75 75 75 74 74 74 74 74
92 90 -9999 -9999 86 85 84 83 82 82 82 81 80 80 80 80 80 80 80 80 80 -9999 -9999 -9999 -9999 -9999 -9999 -9999 -9999 78 77 77 77 77 77 78 78 80 81 82 81 82 82 81 -9999 79 77 77 76 76 76 -9999 76 76 76 76 76 76 77 78 78 79 79 79 79 79 79 78 78 78 77 78 -9999 -9999 -9999 -9999 78 77 77 76 76 75 75 75 75 75
94 92 91 89 88 87 86 85 84 84 83 83 82 82 -9999 -9999 -9999 -9999 -9999 -9999 -9999 -9999 -9999 -9999 81 80 79 78 78 78 77 77 -9999 79 79 80 81 82 82 82 82 -9999 82 82 82 82 81 80 78 78 78 77 77 77 77 77 77 78 78 79 79 79 79 79 80 79 80 80 80 79 78 78 78 79 -9999 79 -9999 77 76 76 75 75 75 75 75 76
96 95 93 91 90 88 87 87 86 -9999 -9999 -9999 -9999 -9999 -9999 -9999 -9999 -9999 -9999 -9999 -9999 -9999 -9999 -9999 -9999 81 80 80 79 79 79 -9999 -9999 -9999 80 81 82 82 82 83 83 82 81 82 83 83 83 82 81 80 79 78 79 80 79 78 78 79 79 80 80 80 81 81 80 81 81 81 81 80 79 79 78 78 79 80 79 77 77 76 76 76 76 76 77 76
98 96 94 93 -9999 -9999 89 88 88 87 86 86 85 85 84 84 84 83 84 -9999 -9999 -9999 -9999 -9999 -9999 -9999 -9999 -9999 -9999 -9999 -9999 -9999 -9999 80 80 82 83 83 83 83 82 82 82 83 83 83 84 84 83 82 81 81 81 81 81 81 81 81 82 82 82 81 82 82 81 80 81 81 81 81 81 80 79 78 78 79 79 79 78 78 77 77 77 77 77 77
100 98 95 94 92 91 90 89 89 88 87 87 86 86 85 -9999 -9999 -9999 -9999 -9999 -9999 -9999 -9999 -9999 -9999 -9999 -9999 -9999 -9999 -9999 -9999 80 -9999 81 82 83 84 84 84 85 84 84 84 83 83 84 84 85 84 83 82 81 80 80 82 -9999 81 81 82 -9999 84 83 84 83 82 81 81 81 81 81 80 80 79 79 79 79 79 79 80 78 78 78 78 78 78 77
101 99 97 94 93 92 91 91 90 89 89 88 88 -9999 -9999 -9999 -9999 -9999 -9999 -9999 -9999 85 85 -9999 -9999 85 84 83 83 82 82 82 82 83 83 84 85 85 85 85 86 85 85 85 84 84 83 -9999 84 83 83 81 82 83 83 83 83 83 83 83 84 85 -9999 86 85 83 82 82 82 82 81 80 80 80 81 80 80 80 80 79 79 79 79 79 78 78
-9999 100 98 96 94 93 92 91 91 91 90 89 88 -9999 -9999 -9999 -9999 -9999 -9999 87 86 86 86 -9999 -9999 -9999 -9999 85 84 84 84 84 84 85 85 86 87 87 88 88 88 88 88 87 85 85 84 84 -9999 -9999 -9999 -9999 83 84 84 84 84 84 85 85 85 86 -9999 87 86 85 84 83 82 82 81 81 82 82 82 81 81 81 81 80 80 80 80 80 80 80
104 100 98 97 96 94 94 93 92 92 91 91 -9999 -9999 -9999 -9999 -9999 -9999 89 89 89 -9999 -9999 88 88 87 87 86 87 87 -9999 87 87 87 88 88 89 89 90 90 90 90 90 89 87 86 86 85 85 85 86 84 84 84 85 85 85 85 85 85 86 86 -9999 86 86 86 85 84 84 83 82 82 82 83 -9999 82 82 82 82 81 81 81 81 81 81 81
105 -9999 99 98 97 96 95 94 93 92 92 92 91 91 91 91 91 91 91 -9999 90 90 89 89 88 87 86 85 85 88 -9999 -9999 89 90 90 90 91 92 92 92 92 92 92 91 90 89 87 86 86 85 85 85 85 -9999 85 86 86 86 86 86 86 87 87 86 86 -9999 85 85 84 84 -9999 83 83 83 83 83 82 82 82 82 82 82 82 82 82 82
103 101 99 98 98 97 95 94 94 93 93 93 93 93 92 92 92 92 92 92 92 91 91 90 89 88 89 89 89 89 90 91 92 92 93 93 -9999 94 94 94 94 94 93 93 92 91 90 89 87 87 86 86 86 86 86 86 87 87 87 87 87 87 -9999 87 86 86 85 85 85 85 85 84 84 83 83 83 83 83 83 83 83 83 83 83 82 82
104 102 100 99 98 98 97 95 93 93 94 94 94 93 93 93 -9999 94 93 93 93 93 93 92 91 90 90 91 92 92 91 92 93 93 95 96 96 96 96 97 97 96 95 94 93 92 91 90 89 88 88 87 87 87 87 86 87 87 88 88 88 88 88 87 87 87 87 86 86 85 85 85 84 83 83 84 84 84 84 84 84 83 83 83 83 83
104 103 101 100 99 99 98 97 95 94 94 94 -9999 94 94 94 94 95 -9999 95 95 95 -9999 94 93 93 93 93 94 94 93 94 94 95 97 97 97 98 98 99 99 98 97 96 94 93 92 91 90 89 89 88 88 88 87 87 88 88 88 88 88 88 88 88 87 87 87 87 86 86 86 85 85 85 85 -9999 85 85 85 85 84 84 84 84 83 84
103 103 101 101 100 99 99 98 97 96 95 95 -9999 96 95 96 96 -9999 -9999 96 96 96 96 96 95 95 94 94 93 94 96 96 97 97 98 99 100 101 101 101 -9999 100 98 97 95 -9999 93 92 91 90 90 89 89 89 -9999 88 88 88 -9999 -9999 88 88 88 88 87 87 87 87 87 86 86 86 86 85 -9999 86 86 85 86 86 85 85 85 85 85 86
104 103 102 101 100 100 99 99 98 98 97 96 96 96 97 97 97 97 97 98 98 98 98 97 97 97 96 96 97 98 98 99 -9999 99 100 100 102 103 102 103 103 102 100 98 96 94 93 92 91 91 91 90 89 88 89 89 89 89 89 88 89 89 88 88 87 87 85 86 86 -9999 86 86 86 86 86 86 86 86 86 86 86 86 87 87 87 88
103 102 101 101 100 100 100 99 98 99 98 97 97 97 98 98 99 99 99 99 99 99 99 99 99 99 100 100 100 100 -9999 -9999 -9999 101 101 102 102 103 104 104 103 103 101 99 96 95 93 92 92 91 91 91 91 90 89 -9999 89 89 89 88 -9999 90 -9999 88 88 87 87 87 87 87 87 -9999 87 87 87 87 87 87 87 87 87 87 88 88 88 88
101 102 102 101 101 100 101 100 100 99 99 100 99 99 99 99 100 100 101 101 101 101 101 102 101 102 102 102 102 102 102 102 103 103 103 103 103 104 105 104 104 -9999 101 99 97 94 93 92 92 92 92 -9999 92 92 92 91 91 90 90 89 89 91 90 90 90 89 89 89 88 88 88 88 -9999 88 88 88 88 88 88 88 89 89 89 89 89 -9999
102 102 102 102 102 101 101 101 101 100 100 101 101 100 101 -9999 101 102 103 103 103 104 104 104 104 104 104 104 104 104 104 104 104 -9999 104 104 104 104 105 -9999 104 102 101 99 97 94 93 93 92 92 92 92 92 92 93 93 92 92 -9999 92 93 -9999 -9999 -9999 -9999 -9999 91 90 89 89 89 88 89 89 89 89 89 89 89 89 89 89 89 90 90 90
101 102 101 101 101 101 102 102 101 101 101 102 102 102 102 103 104 104 105 105 105 105 105 105 105 105 105 105 106 106 106 106 106 106 106 105 105 104 105 104 103 102 -9999 -9999 97 95 93 93 93 93 -9999 93 94 94 94 94 94 94 -9999 -9999 -9999 -9999 -9999 -9999 93 -9999 91 90 89 90 90 90 90 90 90 90 90 -9999 91 91 90 91 91 91 91 91
103 103 103 103 102 102 102 102 102 102 103 103 103 104 104 104 104 106 106 106 106 106 105 104 103 103 102 102 102 104 106 107 108 108 108 107 107 106 105 104 103 102 100 -9999 -9999 95 94 93 93 93 94 94 -9999 95 95 95 95 -9999 -9999 -9999 95 95 -9999 -9999 93 92 91 91 91 91 91 90 90 -9999 91 91 91 91 92 92 -9999 92 92 92 92 91
104 103 104 103 103 102 103 103 102 103 104 104 105 105 105 106 107 107 108 108 108 108 107 105 104 103 103 103 103 104 106 107 108 109 110 109 108 107 -9999 104 103 101 100 98 97 -9999 -9999 -9999 -9999 -9999 -9999 95 96 -9999 -9999 -9999 -9999 98 -9999 97 96 95 95 94 94 93 92 92 91 91 91 91 91 92 92 92 92 92 92 93 93 92 93 93 92 92
106 107 106 105 103 103 103 104 104 104 105 104 105 106 106 106 107 109 109 110 110 110 110 110 110 110 110 110 110 110 111 111 111 112 111 111 109 108 107 105 103 101 99 98 97 96 -9999 -9999 -9999 -9999 -9999 -9999 -9999 -9999 -9999 -9999 -9999 98 98 98 97 96 96 95 94 94 93 93 93 92 92 92 92 93 93 93 93 93 94 93 93 93 93 93 93 93
109 109 109 107 105 104 103 104 104 105 105 104 106 106 107 108 109 110 111 111 112 112 112 112 112 112 112 112 112 112 113 -9999 113 113 113 112 111 110 108 105 103 -9999 -9999 -9999 -9999 -9999 -9999 -9999 -9999 -9999 -9999 -9999 -9999 -9999 -9999 100 100 100 99 99 98 98 97 96 96 95 95 -9999 94 93 92 92 94 94 94 94 95 95 95 95 94 95 -9999 94 94 94
110 109 108 108 106 106 106 105 106 106 105 106 107 108 109 110 111 111 112 112 113 113 113 113 114 114 114 114 114 114 115 115 115 -9999 114 114 113 112 110 107 -9999 -9999 -9999 -9999 -9999 -9999 -9999 -9999 -9999 -9999 -9999 98 99 100 101 101 101 101 101 100 100 99 -9999 98 97 96 96 95 94 94 94 94 94 94 95 95 95 95 95 96 96 96 96 96 95 95
111 110 110 110 108 107 105 106 106 106 -9999 107 109 109 110 110 111 112 112 113 113 114 114 114 114 114 114 115 115 115 114 114 115 115 115 115 -9999 -9999 -9999 -9999 -9999 -9999 -9999 -9999 -9999 -9999 -9999 -9999 -9999 -9999 99 100 101 101 103 103 103 103 103 102 102 101 100 99 -9999 98 97 96 95 95 95 95 95 95 96 96 96 96 97 97 97 97 97 97 96 96
112 112 111 110 108 108 106 107 107 107 108 108 109 109 110 110 112 112 113 113 114 114 114 114 114 114 114 114 114 114 114 115 115 116 -9999 115 115 115 114 114 -9999 -9999 -9999 -9999 100 100 99 99 100 100 101 102 103 103 105 105 106 106 105 104 103 102 -9999 101 100 99 98 98 97 96 96 96 96 96 97 97 97 98 98 98 98 98 98 97 97 97
114 113 113 112 110 109 108 108 108 107 108 109 109 110 111 112 113 113 114 115 115 115 114 113 113 114 115 115 115 116 116 116 116 -9999 -9999 116 116 116 116 116 116 109 104 103 102 101 100 101 101 102 102 103 104 106 107 107 108 108 107 106 105 104 103 102 101 100 100 98 98 97 97 97 97 97 98 98 98 99 99 100 99 100 99 98 98 98
116 114 114 114 113 111 110 109 109 109 108 109 111 112 113 114 115 115 116 115 116 115 114 114 114 115 115 114 114 114 115 115 115 114 112 112 114 116 116 116 114 111 107 104 103 103 102 102 103 104 104 105 106 108 109 110 110 110 109 108 107 105 105 103 102 102 101 99 98 98 98 98 98 98 98 99 99 100 101 101 101 101 100 100 99 98
117 115 115 114 114 113 112 112 111 111 110 111 113 114 115 116 117 117 117 116 116 115 115 115 116 115 114 113 113 112 113 112 111 111 110 111 116 116 116 115 114 112 109 107 105 105 104 104 104 105 106 107 108 109 110 112 112 112 111 110 108 107 106 105 104 103 102 101 100 99 99 99 99 99 100 100 101 101 102 103 -9999 -9999 102 101 100 99
117 116 114 115 114 115 114 114 113 113 113 114 115 116 118 118 119 119 119 118 118 118 117 117 116 115 114 114 114 114 113 112 -9999 112 113 116 117 117 116 114 113 111 109 107 106 106 106 106 106 106 107 108 109 110 111 112 113 113 112 111 109 108 107 106 105 104 103 102 102 101 100 100 100 -9999 101 102 102 103 104 104 104 104 103 102 101 100
118 118 117 116 115 116 115 115 115 115 115 116 117 119 119 120 120 120 120 120 119 119 118 118 117 116 114 115 114 112 114 114 114 115 117 118 117 116 115 113 111 107 105 102 102 103 104 106 107 108 109 109 110 111 112 112 113 113 113 112 110 109 108 107 106 106 -9999 -9999 104 103 102 102 102 103 103 104 104 105 106 107 107 106 105 104 103 101
119 119 119 118 117 117 116 116 116 117 118 119 121 122 123 123 122 121 120 119 119 118 117 118 117 116 114 115 115 114 115 117 118 118 118 118 117 115 113 110 106 104 103 102 102 102 103 103 105 110 111 111 112 112 113 113 114 114 113 112 111 110 109 108 108 108 -9999 -9999 -9999 105 -9999 -9999 -9999 -9999 -9999 107 108 109 109 109 110 110 108 -9999 104 102
115 117 116 116 116 117 117 116 116 117 118 120 122 125 126 125 124 122 121 -9999 -9999 118 118 119 119 118 117 118 118 118 119 119 119 119 119 118 116 114 111 107 106 104 103 103 103 104 105 104 106 111 113 113 114 114 114 115 115 114 114 113 112 111 -9999 -9999 -9999 -9999 -9999 107 107 106 105 105 105 106 106 107 108 108 109 111 111 110 109 107 105 103
116 117 115 116 116 114 115 116 116 118 120 121 123 126 128 126 125 123 122 121 120 120 119 119 119 119 119 119 119 120 120 120 120 120 119 119 117 115 113 111 109 107 105 105 104 106 109 110 113 114 114 115 115 115 116 116 116 116 115 114 113 -9999 -9999 -9999 110 109 108 108 107 106 106 106 106 106 106 107 107 107 108 109 110 110 109 106 104 102
115 116 113 113 114 112 113 114 115 117 118 120 122 125 126 125 124 123 122 121 120 120 119 119 119 118 117 117 117 118 119 120 120 119 119 120 119 118 116 114 113 112 112 112 112 113 114 115 115 116 116 116 117 117 117 -9999 -9999 117 116 115 115 114 113 112 111 110 109 -9999 107 107 106 106 106 106 106 106 106 107 108 108 109 109 108 105 103 102
116 115 113 112 111 110 110 112 114 116 116 117 121 122 122 123 123 122 121 120 120 119 118 118 117 116 116 116 116 117 118 119 120 121 122 122 121 120 118 116 115 115 115 116 116 116 116 117 117 117 118 118 118 118 118 118 -9999 118 117 116 -9999 114 113 113 112 111 110 108 107 106 106 106 106 106 106 106 106 106 107 109 109 108 106 -9999 103 101
115 115 115 112 111 111 109 110 112 113 115 116 117 120 118 119 120 120 120 119 119 118 117 116 115 114 113 113 114 116 117 118 121 122 123 123 122 121 120 118 117 117 117 117 117 117 117 118 118 118 117 116 115 114 113 114 117 119 118 118 116 115 114 113 112 110 109 108 107 107 106 106 106 107 107 107 107 108 108 108 107 107 105 103 102 100
