resultados/variables_norteamerica/bio4.asc
ncols 469
nrows 225
xllcorner -169.133333
yllcorner 20.675000
cellsize 0.249840
NODATA_value -9999
[rows 105 to 139 of 225, columns 312 to 389 of 469]
12986 12988 12990 12996 12980 12955 12920 12882 12842 12807 12774 12756 12733 12728 12722 12712 12705 12692 12691 12695 12681 12663 12649 12632 12617 12602 12594 12592 12615 12641 12675 12695 12710 12701 12680 12667 12637 12603 12562 12524 12492 12468 12462 12448 12428 12407 12391 12380 12372 12389 12396 12396 12403 12425 12427 12437 12441 12445 12452 12454 12470 12468 12485 12490 12504 12515 12532 12548 12545 12523 12517 12501 12463 12420 12362 12308 12239 12179
12880 12875 12880 12874 12864 12851 12816 12773 12719 12658 12633 12622 12625 12612 12603 12596 12593 12569 12576 12603 12598 12576 12537 12519 12492 12478 12479 12489 12517 12562 12605 12632 12634 12630 12624 12611 12599 12559 12526 12503 12487 12470 12462 12462 12443 12421 12410 12398 12391 12384 12387 12399 12394 12396 12403 12400 12411 12411 12413 12413 12431 12421 12431 12441 12447 12466 12477 12497 12507 12491 12478 12451 12419 12378 12313 12256 12183 12114
12771 12759 -9999 12763 12761 12751 12721 12659 12590 12530 -9999 -9999 12483 12469 12455 12459 12480 -9999 12487 12506 12493 12464 12430 12386 12361 12339 12338 12364 12417 12477 12523 12560 12575 12576 12570 12564 12557 12525 12493 12473 12460 12444 12436 12430 12434 12424 12402 12398 12383 12377 12372 12374 12369 12370 12369 12365 12366 12358 12365 12355 12363 12364 12364 12371 12380 12401 12422 12435 12444 12438 12415 12390 12373 12331 12289 12231 12132 12037
12644 12613 12620 12639 12646 12646 12612 12552 12486 12424 -9999 -9999 12326 12301 12257 12258 12321 12363 12390 12381 12345 12335 12297 12254 12224 12211 12216 12271 12321 12383 12441 12488 12516 12512 12495 12490 12478 12466 12441 12424 12410 12403 12404 12406 12405 12406 12381 12376 12360 12345 12349 12346 12337 12328 12318 12314 12317 12308 12308 12293 12303 12292 12296 12293 12301 12317 12348 12351 12349 12354 12334 12329 12324 12296 12253 12193 12091 11985
12508 12447 12470 12503 12518 12520 12507 12448 12315 -9999 12113 -9999 12120 12071 11987 11954 11982 12023 12069 12101 12144 12180 12155 12111 12061 12031 12065 12120 12189 12268 12335 12393 12425 12402 12380 12374 12371 12364 12355 12347 12345 12346 12360 12367 12372 12379 12368 12355 12335 12313 12301 12290 12274 12262 12256 12252 12267 12262 12247 12230 12230 12215 12212 12214 12212 12219 12242 -9999 12242 12243 12244 12257 12272 12259 12215 12146 12047 11943
12393 12302 12316 12359 12374 12364 12365 12315 12164 -9999 11926 -9999 -9999 11742 11636 11552 11531 11557 11592 11671 11806 11967 11971 11924 11875 11825 11891 11970 12065 12140 12200 12253 12278 12274 12254 12258 12259 12265 12268 12263 12262 12278 -9999 12332 12342 12346 12350 12329 12310 12269 12246 12223 12197 12178 12167 12176 12188 12199 12184 12157 12144 12148 12130 12122 12126 12122 12120 12131 12111 12120 12142 12167 12197 12205 12187 12110 11996 11906
12273 12190 12157 12192 12184 12148 12122 12067 11947 11786 11652 11526 11452 11391 11228 11116 11042 11031 11032 11125 11349 11584 11694 11722 11703 11682 11746 11844 11928 12007 12063 12096 12122 12127 12127 12132 12143 12168 12185 12191 12182 12210 12248 12272 12300 12323 12329 12301 12253 12218 12181 12146 12109 12072 12054 12076 12108 -9999 12105 12087 12053 12041 12030 12038 12017 12011 11987 11969 11976 11979 12015 12054 12095 12136 12121 12036 11932 11848
12132 12021 11935 11916 11889 11859 11875 11787 11696 11556 11410 11219 -9999 -9999 10845 10739 10672 10643 10603 10587 10894 11168 11371 11515 11555 11574 11623 -9999 11798 11857 11901 11944 11972 11979 11978 11993 12017 12058 12091 12121 12125 12140 12169 12202 12234 12270 12301 12264 12182 12145 12112 12065 12013 11952 11916 11946 11991 11997 11999 11980 11956 11950 11928 11929 11919 11893 11851 11820 11811 11829 11876 11931 11991 12028 11978 11908 11806 11738
11971 11805 11625 11521 11497 11520 11522 11510 11429 11266 -9999 10983 -9999 -9999 -9999 -9999 -9999 -9999 -9999 -9999 10539 10832 11091 11290 11351 11390 11480 11586 11651 11708 11748 11791 11825 11822 11818 11824 11867 11917 11972 12026 12032 12047 12077 12123 12170 12201 12222 12199 12115 12070 12027 11977 11939 11859 11804 11840 11862 11884 11873 11850 11840 11836 11824 11826 11820 11779 -9999 11656 11619 11644 11711 11783 11853 11909 11866 11770 -9999 -9999
11778 11616 11208 11025 11044 11143 11210 11199 -9999 -9999 -9999 -9999 -9999 -9999 -9999 -9999 -9999 -9999 -9999 -9999 10389 10612 10806 10963 11037 11119 11221 11327 11434 11545 11624 11683 11687 11687 11655 11676 11715 11765 11804 11845 11897 11935 11985 12033 12075 12106 12112 12084 12023 11964 11927 11877 11823 11807 11770 11765 11769 11764 11750 11732 11719 11709 11708 11722 11722 11690 11614 11513 11445 11470 11543 11625 11700 11744 11734 11657 11572 11496
11435 11109 10635 10441 10573 10770 10904 -9999 -9999 -9999 -9999 -9999 -9999 -9999 -9999 -9999 -9999 -9999 -9999 -9999 -9999 10309 10510 10640 10732 10777 10909 11084 11244 11384 11500 11573 11572 11569 11554 11548 11593 11620 11660 11701 11764 11819 11873 11920 11964 11991 11985 11955 11896 11851 11811 11778 -9999 11750 11731 11710 11689 11666 11640 11617 11611 11594 11599 11619 11640 11601 11527 11413 11325 11306 11383 11477 11561 11610 11595 11532 11449 11351
10989 10629 10205 -9999 -9999 -9999 -9999 -9999 -9999 -9999 -9999 -9999 -9999 -9999 -9999 -9999 -9999 -9999 -9999 -9999 -9999 9965 -9999 -9999 -9999 10448 10636 10872 11040 11208 11352 11447 11454 11441 11438 11446 11473 11488 11497 11544 11619 11688 11747 11799 11847 11861 11847 11814 11773 11741 11700 11656 11661 11670 11661 11657 11615 11569 11525 11494 11492 11487 11485 11499 11504 11479 11417 11305 11213 11188 11259 11359 11454 11496 11477 11410 11328 11227
10682 10489 -9999 -9999 -9999 -9999 -9999 -9999 -9999 -9999 -9999 -9999 -9999 -9999 -9999 -9999 -9999 -9999 -9999 -9999 -9999 -9999 -9999 -9999 -9999 10254 10430 10661 10844 11013 11167 11262 11294 11321 11324 11336 11356 11339 11338 11391 11476 11565 11643 11690 11730 11741 11721 11660 11637 11636 11616 11589 11589 11603 11609 11585 11550 11490 11419 11394 11397 11393 11389 11377 11366 11337 11281 11186 11128 11137 11192 11273 11346 11392 11360 11299 11211 11117
-9999 -9999 -9999 -9999 -9999 -9999 -9999 -9999 -9999 -9999 10252 10221 -9999 -9999 -9999 -9999 -9999 -9999 -9999 -9999 -9999 -9999 -9999 -9999 -9999 -9999 10249 10466 10652 10839 10986 11083 11116 11142 11178 11198 11203 11196 11180 11234 11353 11454 11525 11553 11557 11600 11548 11512 11505 11526 11537 11528 11530 11539 11547 11528 11496 11450 11357 11322 11329 11316 11291 11265 11246 11226 11178 11120 11083 11094 11136 11190 11254 11286 11259 11197 11109 11019
-9999 -9999 -9999 -9999 -9999 -9999 -9999 -9999 -9999 10376 10278 10205 -9999 -9999 -9999 -9999 -9999 -9999 -9999 -9999 -9999 -9999 -9999 -9999 -9999 -9999 10052 10268 10509 10693 10836 10892 10932 10960 11002 11031 11050 11037 11055 11131 11248 11336 11384 11403 11411 11402 11379 11345 11342 11373 11413 11441 11468 11485 11490 11483 11472 11459 11437 11355 11293 11258 11228 11200 11174 11149 11109 11067 11044 11049 11072 11115 11162 11184 11161 11102 11019 10936
10695 10582 -9999 -9999 -9999 10548 10563 10508 10474 10445 10373 10349 10273 10202 -9999 -9999 -9999 -9999 -9999 -9999 -9999 -9999 -9999 -9999 9332 -9999 9838 10128 10369 10540 10638 10713 10735 10762 10808 10831 10816 10850 10902 11005 11135 11232 -9999 11245 11233 11211 11184 11159 11158 11209 11280 11354 11407 11429 11436 11427 11423 11416 11398 11327 11255 11209 11181 11161 11140 11100 11052 11014 10997 11001 11015 11048 11085 11102 11076 11032 10956 10886
10855 10769 10675 10596 10637 10705 10710 10632 10565 10539 10537 10499 10384 10310 10232 -9999 -9999 -9999 -9999 -9999 9612 9592 9533 9454 9411 -9999 9829 10058 10229 10376 10494 10525 10474 10512 10576 10595 10595 10615 10682 10795 10975 11078 11063 11054 11040 11015 10997 10992 10996 11051 11160 11263 11338 11367 11367 11359 11354 11342 11314 11257 11187 11143 11133 11121 11110 11073 10995 10953 10929 10915 10934 10985 11029 11043 11009 10969 -9999 10816
11094 11062 10992 10859 10880 10923 10863 10771 10694 10613 10557 10561 10489 10380 10243 10065 9924 9751 9634 9623 9709 9687 9578 9494 9526 9663 9840 9987 10094 10176 -9999 10208 10057 10154 10296 10318 10314 10322 10381 10522 10695 10793 10822 10843 10832 10833 -9999 10821 10857 10910 11034 11176 11276 11285 11274 11268 11262 11255 11232 11182 11120 11091 11089 11074 11086 11019 10906 10843 10835 10836 10891 10966 11007 -9999 10954 10873 10818 10744
11222 11141 11048 11006 11054 11049 10957 10866 10770 10628 10539 10639 10611 10451 10268 10072 9880 9712 9606 9568 9624 9608 -9999 -9999 9539 9651 9790 9906 9974 -9999 -9999 -9999 -9999 -9999 -9999 -9999 -9999 10067 -9999 10246 10384 10483 10550 10586 10619 10642 10662 10704 10756 10829 10925 11040 11134 11145 11134 11151 11154 11161 11157 11125 11086 11065 11051 11025 10994 10921 10814 10696 10719 10789 10879 10946 10976 10925 10868 10813 10740 10640
11241 11154 11086 11085 11100 11054 11015 10925 10797 10654 10596 10670 10658 10494 10292 10051 -9999 9658 9530 -9999 -9999 -9999 9319 -9999 -9999 9571 -9999 -9999 -9999 -9999 -9999 -9999 -9999 -9999 -9999 9838 9779 9674 -9999 -9999 -9999 -9999 10292 10372 10435 10495 10537 -9999 10653 10717 10780 10843 10886 10913 10944 10959 10997 11065 11090 11066 11043 11027 11010 10968 10920 10839 10739 10664 10708 10788 10848 10870 10870 10841 10769 10712 10639 10544
11168 11124 11113 11140 11130 11109 11076 10964 10821 10682 10639 10659 10632 10506 10303 10071 -9999 -9999 -9999 -9999 -9999 -9999 -9999 -9999 9508 9591 9680 9816 -9999 -9999 -9999 -9999 -9999 -9999 -9999 -9999 9516 9468 -9999 -9999 -9999 -9999 -9999 10165 10258 10322 10369 -9999 10526 10587 10624 10642 10635 10665 10728 10785 10855 10954 11006 10976 10965 10990 10977 10921 10853 10784 10720 10690 10694 10742 10784 10750 10734 10709 10658 10593 10544 10450
11112 11105 11098 11078 11094 11107 11086 11011 10888 10758 10696 10664 10599 10493 10315 -9999 9642 -9999 -9999 -9999 -9999 -9999 -9999 9436 9531 9670 9753 9851 9844 9729 9630 -9999 -9999 -9999 -9999 -9999 -9999 -9999 9087 9204 -9999 -9999 -9999 -9999 10073 10130 10187 10283 -9999 10438 10477 10473 10449 10462 10536 10613 10689 10777 10832 10853 10861 10890 10898 10822 10756 10686 10636 10610 10598 10597 10628 10613 10608 10565 10514 10471 10460 10381
11162 11156 11165 11038 11036 11058 11050 11004 10887 10778 10727 10642 10500 10410 -9999 -9999 -9999 -9999 -9999 -9999 -9999 -9999 -9999 -9999 9641 9855 9900 9910 9848 9716 9604 -9999 -9999 -9999 -9999 -9999 -9999 -9999 -9999 9108 -9999 -9999 -9999 -9999 -9999 9944 9989 10078 10192 10293 10344 10331 10297 10304 10375 10447 10511 10574 10628 10669 10697 10714 10713 10672 10615 10569 -9999 10471 10433 10409 10421 10448 10472 10374 10331 10403 10363 10231
11296 11231 11161 11041 10973 10978 10980 10954 10831 10773 10747 10611 10399 -9999 9954 9815 -9999 -9999 -9999 -9999 9354 9472 9515 9610 9756 9885 9946 9951 9879 9748 9622 9533 -9999 -9999 -9999 -9999 -9999 -9999 -9999 -9999 9154 -9999 -9999 -9999 9674 9723 9817 9924 10041 10142 10190 10195 10181 10188 10238 10290 10337 10367 10396 10429 10462 10489 10508 10479 10433 10405 10335 10186 10117 10152 10202 -9999 10248 10191 10153 10252 10211 10137
11361 11189 11015 10954 10908 10936 10934 10916 10840 10765 10719 10603 10357 -9999 9813 -9999 -9999 -9999 -9999 -9999 9334 9484 9576 9669 9768 9855 9902 9920 9863 9764 9605 9485 -9999 -9999 -9999 -9999 -9999 -9999 -9999 -9999 9145 9306 9433 -9999 -9999 9652 9743 -9999 9921 -9999 10039 10042 -9999 10053 10111 10157 10155 10149 10151 10177 10214 10264 10281 10264 10208 10152 10050 9953 9918 9988 10063 -9999 10137 10016 10057 10068 10135 10068
11252 11096 10970 10915 10892 10917 10894 10875 10825 10737 10714 10634 10365 9996 9614 -9999 -9999 -9999 -9999 -9999 9374 9517 9647 9736 9792 9822 9878 9890 9790 9690 -9999 -9999 -9999 -9999 -9999 -9999 -9999 -9999 9133 9133 9235 9385 9490 9577 9562 9597 9664 9718 9790 9831 9840 9846 9836 9879 9975 10022 9967 9915 9895 -9999 9980 10012 10067 10070 10028 9953 9874 9793 9722 9771 9922 10072 9989 9866 9894 9893 10060 10043
11169 11105 11000 10936 10890 10867 10836 10812 10780 10732 10691 -9999 10385 9976 -9999 -9999 -9999 -9999 -9999 9260 9413 9567 9668 9741 9774 9822 9849 9813 9727 9628 -9999 -9999 -9999 -9999 -9999 -9999 -9999 -9999 9234 9264 9315 9413 9499 9559 9584 9586 9648 9675 9639 9601 9576 9544 9605 9686 -9999 9831 9753 9739 -9999 -9999 9759 9853 9896 9923 9900 9814 9702 9604 9552 9609 9824 10014 9851 9691 9693 9710 9863 9672
11042 10990 10959 10930 10849 10810 10780 10761 10738 10722 10673 10546 10326 10025 -9999 -9999 -9999 -9999 -9999 9231 9426 9579 9671 9714 9746 9762 9773 9752 9709 -9999 -9999 9583 9550 9473 -9999 -9999 -9999 -9999 9273 9335 9372 9423 9489 9532 9561 9540 9576 9543 -9999 -9999 -9999 -9999 -9999 -9999 -9999 -9999 -9999 -9999 -9999 -9999 9606 9702 9765 9827 9831 9721 9572 9450 9493 9670 9792 9980 9817 9639 9671 9697 9660 9630
10870 10805 10863 10854 10750 10749 10698 10666 10681 10668 10610 10446 10159 9881 -9999 -9999 -9999 -9999 -9999 9175 9375 9527 9642 9714 9733 9703 9691 9703 9749 9767 9692 9641 9599 9534 -9999 -9999 -9999 -9999 9268 9337 9384 9425 9456 9482 9486 9449 -9999 -9999 -9999 -9999 -9999 -9999 -9999 -9999 -9999 -9999 -9999 -9999 -9999 -9999 9499 9580 9688 9779 9756 9621 9494 9430 9464 9680 9804 9963 9795 9599 9651 9722 9603 9579
10835 10756 10762 10743 10705 10715 10662 10620 10616 10594 10546 10379 10072 -9999 -9999 -9999 -9999 -9999 -9999 -9999 9277 9454 9608 9718 9730 9681 9670 9689 9726 9717 9678 9653 9620 9570 9488 -9999 -9999 9295 9302 9345 9386 9409 9429 9442 9422 9371 -9999 -9999 9284 9312 9317 9271 9263 9289 -9999 9328 9313 9304 9305 9362 9431 9478 9589 9695 9690 9577 9492 9483 9521 9675 9799 9749 9604 9530 9638 9621 9524 9556
10773 10703 10678 10677 10666 10640 10594 10547 10595 10573 10522 10386 10146 9842 -9999 -9999 -9999 -9999 -9999 -9999 9227 9398 9570 9693 9721 9693 9692 9643 9616 9611 9627 9642 9620 9578 9525 -9999 9380 9336 9303 9326 9356 9362 9376 9360 9320 9258 9192 9180 -9999 9250 9246 9227 9243 9255 9258 9258 9241 9257 9297 9329 9372 9376 9441 9534 9571 9582 9527 9532 9564 9668 9671 9595 9444 9468 9566 9485 9404 9437
10793 10670 10636 10603 10569 10554 10515 10513 10542 10534 10480 10322 10045 9753 -9999 -9999 -9999 -9999 -9999 -9999 9238 9348 9538 9662 9690 9676 9670 9638 9600 9602 9645 9682 9633 9564 9528 9473 9410 9339 9255 9189 9210 9255 9272 9253 -9999 -9999 -9999 -9999 -9999 9096 9060 9142 9199 9176 9149 9150 9136 9185 9226 9212 9218 9207 9230 9272 9291 9352 9448 9470 9525 9595 9541 9474 9355 9382 9505 9407 9289 9260
10787 10710 10643 10567 10517 10504 10471 10449 10493 10493 10443 10269 9969 9683 -9999 -9999 -9999 -9999 -9999 -9999 9232 9333 9555 9676 9662 9635 9638 9622 9601 9626 9675 9688 9612 9543 9525 9526 9466 9346 9219 -9999 -9999 -9999 9174 -9999 -9999 -9999 -9999 -9999 9051 9039 9009 9084 9106 9057 9013 9002 9036 9084 9084 9082 9118 9118 9113 9119 9108 9147 9213 9289 9356 9483 9385 9278 9293 9373 9411 9348 9213 9160
10814 10707 10623 10556 10475 10438 10448 10432 10447 10432 10352 10214 9989 9783 -9999 -9999 -9999 -9999 -9999 -9999 9332 9475 9645 9684 9626 9582 9589 9580 9560 9593 9638 9631 9537 9501 9515 9539 -9999 -9999 -9999 -9999 -9999 -9999 -9999 -9999 -9999 -9999 9045 9017 8999 8957 8933 8967 8996 8957 8905 8894 8946 8991 8990 9008 9062 9080 9061 9065 9058 9055 9082 9131 9257 9393 9240 9172 9243 9337 9281 9223 9138 9076
10774 10740 10648 10534 10344 10290 10339 10369 10412 10424 10330 10191 10008 9830 -9999 -9999 -9999 -9999 -9999 9459 9497 9598 9677 9656 9576 9506 9489 9502 9489 9528 9597 9623 9477 9483 9499 -9999 -9999 -9999 -9999 -9999 -9999 -9999 -9999 -9999 9037 9024 9012 8986 8934 8865 8846 8871 8916 8896 8856 8856 8904 8954 8957 8965 9001 9035 9058 9078 9061 9038 8993 9065 9198 9245 9129 9127 9179 9254 9224 9063 9043 8966
