resultados/variables_norteamerica/bio4.asc
ncols 469
nrows 225
xllcorner -169.133333
yllcorner 20.675000
cellsize 0.249840
NODATA_value -9999
[rows 70 to 104 of 225, columns 156 to 233 of 469]
9861 10007 10435 11076 12028 11328 11978 12273 12334 12632 12652 12410 12126 11873 11749 11500 11616 11538 11727 11767 11968 12230 12357 12678 12924 13137 13322 13532 13722 13838 13925 13929 13868 13832 13803 13861 13885 13863 13835 13999 13962 13845 13768 13827 13794 13756 13778 13889 13940 13982 13981 13990 13985 13971 13939 13810 13648 13576 13531 13511 13512 13532 13571 13564 13689 13938 13969 13975 13999 14030 14061 14101 14153 14221 14282 14320 14338 14347
9856 10128 10378 10845 10841 11080 11261 11516 11752 11989 12150 11903 11618 11460 11093 10890 10691 10757 10794 11011 11371 11760 12069 12285 12461 12594 12919 13276 13503 13725 13896 13891 13825 13766 13664 -9999 -9999 13635 13669 13844 13874 13827 13808 13819 13833 13842 13848 13849 13860 13857 13846 13835 13817 13785 13703 13536 13517 13459 13449 13422 13405 13469 13530 13457 13568 13843 13934 13948 13974 14001 14025 14057 14099 14157 14203 14236 14249 14274
10182 10036 10062 10211 10375 10490 10713 10934 11212 11461 11029 11615 11179 11015 10634 10452 10418 10498 10480 10798 11084 11045 11532 11961 12119 12498 12821 13069 13270 13499 13715 13718 13646 13592 13570 13570 13596 13650 13719 13764 13762 13751 13737 13737 13753 13731 13715 13700 13687 13687 13671 13695 13695 13696 13685 13668 13631 13540 13405 13378 13357 13443 13641 13681 13819 13869 13882 13898 13905 13934 13972 14032 14061 14084 14125 14164 14181 -9999
10322 10050 9882 10001 10111 10439 10425 10501 10559 10648 10859 10633 11084 10898 10575 10235 10183 10293 10188 10271 10648 10569 10903 11317 11724 12117 12305 12603 12884 13187 13309 13375 13395 13391 13420 13450 13490 13535 13549 13552 13552 13536 13472 13429 13433 13485 13514 13508 13490 13475 13438 13557 13614 13681 13757 13824 13862 13863 13818 13756 13727 13758 13797 13810 13805 13806 13805 13822 13845 13877 13916 -9999 -9999 14028 14047 14079 14106 14116
9770 9601 9402 9798 9938 9923 10153 10179 10274 10230 10293 10480 10530 10419 10435 10277 10206 10092 10022 10034 10197 10223 10425 10942 11343 11735 11785 11988 12514 12767 12750 12915 13044 13111 13133 13189 13250 13291 13303 13287 13270 13246 13259 13234 13208 13211 13232 13263 13325 13368 13408 13463 13517 13582 13678 13777 13849 13848 13820 13783 13762 13735 13717 13708 13727 13735 13736 13738 13752 13785 13815 13863 -9999 13941 13959 13971 -9999 13999
9562 9443 9273 9591 9660 10042 10077 10253 10093 10106 10008 9977 9982 9959 10115 10138 9948 10027 10177 9996 10004 10226 10255 10534 10883 11286 11642 11709 11985 12332 12176 12337 12544 12686 12840 12907 12977 13005 13004 12969 12934 12899 12912 12918 12902 12976 13003 13048 13141 13194 13258 13315 13372 13442 13493 13538 13621 13668 13663 13639 13612 13599 13600 13611 13611 13591 13546 13472 13413 13372 13355 13415 13661 13827 13864 13892 13877 13885
9006 9129 9274 9272 9458 9424 9543 9818 9854 9744 9752 9892 9760 9734 9918 9866 10108 10122 10052 10190 10019 -9999 10114 10312 10570 10924 11187 11535 11709 11788 11777 11968 12115 12235 12417 12474 12605 12675 12680 12669 12645 12567 12496 12615 12719 12800 12836 12831 12906 12997 13073 13163 13254 13250 13164 13043 12992 13064 13233 13461 13457 13441 13436 13419 13382 13317 13245 13179 13150 13177 13210 13242 13240 13570 13775 13795 13777 13767
8455 8309 8806 8792 8733 8883 9241 9276 9460 9561 9653 9550 9592 9581 9807 9909 9951 10141 10217 10071 10162 10101 9971 10036 10179 10476 10641 10844 11126 11134 11282 11399 11565 11673 11924 12062 12183 12272 12321 12343 12305 12346 12327 12435 12544 12539 12429 12416 12462 12495 12695 12879 13060 13076 13086 12996 12958 12944 13050 13267 13267 13231 13200 13197 13134 13054 13038 13050 13020 13023 13078 13063 13128 13504 13689 13697 13674 13619
8041 8005 8363 8369 8522 8754 8894 8908 9088 9205 9288 9430 9446 9585 9629 9527 9697 9866 10257 10303 10119 10064 10089 10033 9884 10214 10302 10435 10669 10808 10875 10915 11037 11240 11468 11735 11812 11907 11975 12089 12203 12268 12297 12328 12196 12097 12150 12236 12326 12382 12471 12734 12868 12898 12896 12873 12830 12700 12905 13084 13083 13034 13027 12957 12854 12812 12821 12873 12899 -9999 13051 13115 13305 13511 13586 13569 13422 13338
-9999 7781 7959 8075 8366 8386 8647 8878 8902 8953 -9999 9202 9276 9476 9307 9310 9423 9643 9646 10174 10246 10013 9849 9963 9917 10006 10061 10079 10244 10401 10461 10519 10571 10735 11018 11337 11588 11749 11886 11956 12028 12110 12008 11911 11987 12004 11983 12040 12087 12234 12466 12615 12634 12599 12559 12594 12579 12546 12785 12903 12935 12878 12861 12828 12810 12822 12804 12885 12942 12989 13038 13124 13197 13329 13470 13361 13159 13092
7522 7696 7734 7834 8134 8415 8479 8656 8876 8859 8781 8997 9148 9249 9237 9278 9390 9621 9809 9950 10345 10156 9923 9839 9968 9714 9799 9782 9943 10188 10231 10263 10222 10258 10606 10963 11301 11543 11681 11805 11836 11751 11656 11692 11679 11681 11765 11826 11888 12015 12240 12442 12400 12378 12377 12365 12368 12409 12636 12742 12711 12603 12640 12668 12733 12817 12822 12836 12840 12865 12894 12932 12953 12998 13149 13078 12952 12989
6980 7375 7621 7707 7915 8162 8421 8624 8660 8734 8993 8913 8945 9090 9135 9097 9124 9218 9356 9656 9796 9816 -9999 9865 9842 9708 9632 9673 9774 9756 9983 10072 10147 10198 10349 10677 10972 11312 11509 11573 11546 11674 11771 11733 11704 11622 11481 11525 11602 11722 11848 12128 12341 12278 12280 12291 12302 12364 12477 12525 12485 12444 -9999 12462 12499 12647 12669 12645 12674 12688 12704 12739 12777 12807 12819 12760 12773 12830
6731 6938 7234 7707 7751 8175 8223 8200 8476 8678 8783 8953 8996 9059 9014 9031 9014 9240 9447 9589 9581 9647 9885 10069 9896 9535 9384 9457 9488 9516 9535 9737 9964 10203 10428 10615 10795 11093 11326 11395 11472 11647 11816 11817 11710 11553 11341 11316 11368 11474 11608 12027 12139 12086 12063 12095 12148 12201 12270 12289 12335 12359 12379 12424 12480 12531 12494 12448 12421 12474 12532 12516 12508 12501 12439 12362 12489 12642
6500 -9999 6967 7594 7742 7983 7745 8009 8354 8400 8393 -9999 8713 9006 8963 9041 9020 9004 9165 9421 9442 9496 9785 9959 -9999 9613 9354 9397 -9999 9377 9413 -9999 9917 10116 10275 10476 10617 10816 11045 11185 11310 11441 11442 11449 11490 11449 11298 11234 11393 11593 11789 11921 11999 11921 11814 11832 11857 11890 11969 12050 12133 12235 12323 12361 12405 12390 12338 12274 12281 12284 12330 12296 12244 12175 12185 12203 12286 12512
6233 -9999 -9999 7208 7662 7918 7884 7880 8215 8252 8371 8481 8556 8734 8994 9163 8991 9122 9175 9272 9438 9509 9638 9303 9758 9723 9276 9115 9121 9011 9014 9206 9482 9675 10036 10223 10298 10451 10593 10708 10886 10934 10978 11072 11220 11322 11348 11389 11495 11594 11772 11877 11885 11781 11688 11657 11610 11652 -9999 11834 11950 12052 12148 12212 12264 -9999 12183 12142 12109 12115 12114 12054 12019 12045 12077 12149 12261 12360
6019 6312 6622 6748 7374 7737 7667 7912 8128 8374 -9999 8378 8653 8836 8663 8842 9107 8856 8975 8997 9044 9143 9231 9321 9333 9404 9465 9223 8957 8884 8837 8937 9156 9433 9766 9805 9930 9930 10181 10254 10422 10478 10577 10677 10836 11022 11124 11301 11442 11547 11666 11769 11691 11609 11571 -9999 11436 11455 11541 11662 11780 11812 11787 11929 11901 11892 11822 11814 11854 11898 11820 11785 11822 11891 11947 12014 12106 12192
-9999 -9999 6253 6603 7420 7114 7176 7470 7799 8083 8208 8172 8248 8459 8884 8749 8843 8758 8650 8976 8946 9100 9122 9230 9302 9208 9125 9219 9045 8789 8745 8715 8874 9189 9194 9386 9526 9604 9732 9882 9984 10176 10338 10521 10842 11018 11122 11338 11365 11222 11134 11297 11341 11252 11273 11260 11191 11251 -9999 -9999 -9999 11763 11880 11988 12022 11923 11755 11690 11593 11668 11728 11727 11711 11776 11829 11886 11937 12027
5715 5956 6304 6540 6887 6928 6967 7367 7661 7852 7644 8108 8033 8468 8652 8652 8594 8581 8633 8792 8929 8989 9076 9159 9068 9092 9002 8986 9054 8883 8706 8665 8753 8901 8721 8913 9287 9252 9327 9481 9635 9872 10083 10308 10611 10887 11043 11219 11375 11070 10891 10862 10862 10694 10694 10776 10861 10803 10907 11138 11011 11311 11582 11809 11867 11686 11527 11414 11471 11556 11592 11609 11622 11687 11714 11788 11894 11954
5468 5616 5902 6072 6508 7007 6832 7311 7145 7343 7562 7839 8085 8013 8379 8416 8407 8409 8433 8589 8764 8963 9040 9149 9114 9055 8980 8940 8918 8857 8834 8728 8650 8647 8606 8790 8792 8871 8935 9002 9195 9441 9649 9786 9996 10295 10538 10603 10703 10572 10300 10371 10346 10298 10266 10296 10281 10204 10440 10677 10923 11175 11371 11525 11456 11343 11275 11281 11332 11397 11427 -9999 11546 11555 11582 11686 11870 11917
5181 5442 -9999 5930 6112 6956 7073 6987 7107 7003 7235 7512 7809 8114 8164 8246 8195 8381 8310 8369 8565 8764 -9999 9103 9126 9071 8974 8903 8840 8823 8767 8764 8763 8649 8543 8468 8391 8342 8460 8584 8669 8871 8825 8946 9250 9554 9771 9844 9686 9567 9502 9729 9863 9941 9953 9930 10003 10161 10381 10622 10822 10980 11140 11212 11179 11088 11042 11091 11197 11243 11277 11312 11387 11423 11487 11663 11897 11964
4955 5307 5649 5955 -9999 6449 6897 6670 6772 6804 7127 7330 7535 7893 7972 8069 8359 8435 8249 8235 8366 8525 8712 8992 9002 8961 8890 8835 8789 8738 8772 8798 8875 8681 8618 8550 8346 8180 8027 8132 8130 8307 8260 8322 8501 8838 9094 8931 8858 8831 8877 9122 9337 9422 9572 9780 10064 10257 10441 10637 10780 10867 10908 10914 10956 10941 10966 11003 11131 11194 11193 11175 11230 11315 11352 11579 11920 12002
4714 4997 5270 5557 5744 6242 6491 6331 -9999 6640 -9999 7195 7386 7615 7851 8013 8225 8392 8321 8315 8406 8554 8723 8875 8933 8934 8889 8783 8707 8676 8753 8869 8980 8896 8408 8310 8115 8122 7969 7796 7827 7820 7813 7880 8059 8250 8325 8459 8541 8609 8691 8825 8994 9148 9202 9494 9811 10231 10365 10536 10598 10687 10696 10679 10678 10759 10877 11011 11164 11249 11220 11190 11214 11296 11379 11547 11774 11901
4441 4733 5019 5313 5682 -9999 6044 6143 -9999 6399 6542 6741 7122 7323 7514 7773 7987 8131 8173 8194 8264 8458 8570 8627 8699 8783 8782 8705 8688 8594 8522 8577 8543 8510 8247 8272 8258 8031 7817 7805 7641 7625 7649 7727 7767 7891 8042 8228 8415 8520 8632 8757 8887 8912 9173 9535 9804 10044 10168 10314 10413 10458 10474 10474 10508 10646 10769 10944 11105 11178 11201 11242 11332 11405 11464 11596 11800 11921
-9999 4482 4782 -9999 5272 5595 5640 5890 6100 6128 6316 6564 6805 7104 7101 7352 7618 7849 7992 8097 8281 8389 8470 8555 8661 8717 8729 8704 8615 8582 8448 8165 8303 8036 8067 7771 7768 8044 8114 7720 7593 7569 7533 7633 7491 7551 7688 7960 8275 8451 8525 8744 8921 9127 9391 9577 9692 9852 10018 10125 10210 -9999 10323 10372 10476 10645 10769 10872 10949 11051 11189 11296 11463 11443 11482 11621 11798 11954
3988 4214 4524 -9999 5009 5202 5374 5528 -9999 5942 -9999 6298 6502 6802 6996 7124 7381 7659 7851 7934 8058 8317 8403 8584 8710 8785 8752 8707 8679 8627 8557 8298 8103 7991 7911 7837 7631 7620 7510 7927 7959 7563 7551 7552 7434 7568 7757 7967 8140 8586 8543 8669 8837 9055 9232 9286 9430 9594 9756 9914 10027 10157 10225 10335 10476 10641 10737 10775 10867 10978 -9999 11258 11393 11405 11460 11580 11752 11930
-9999 -9999 -9999 -9999 4635 4910 -9999 5240 5467 5734 5893 6045 6227 6416 6640 6978 7237 7450 7651 7826 8007 8213 8415 8630 8670 8807 8794 8529 8591 8552 8663 8422 8117 7802 7609 7729 7654 7546 7340 7430 7577 7935 7945 7782 7664 7705 7675 7783 8381 8170 8118 8375 8513 8699 8896 8954 9130 9403 9611 9760 9882 9941 10041 10136 10306 10483 10625 10738 10844 10934 11018 11107 11204 11279 11356 11460 11550 11649
-9999 -9999 -9999 -9999 4385 -9999 4823 5004 5236 5407 5622 5745 6035 6242 6445 6793 6945 7068 7420 7397 7733 7886 8135 8418 8652 8690 8775 8503 8552 8381 8663 8452 8230 7962 7665 7600 7526 7652 7557 7388 7395 7364 7616 8308 7869 7794 7964 7864 8319 7990 7947 7916 8081 8416 8512 8763 8978 9236 9450 9622 9708 9743 9837 9995 10169 10348 10513 10675 10786 10880 10941 10968 11031 11166 11310 11429 11466 11466
-9999 -9999 -9999 -9999 4051 4269 4397 4673 4960 5146 5326 -9999 5766 5940 6146 6458 6511 6755 7202 7456 7659 7738 8258 8578 8806 8722 8726 8571 8426 8436 8715 8366 8339 8129 8015 7785 7886 7678 7605 7788 7516 -9999 7688 7890 8073 8081 7766 7694 7922 8043 7989 7691 7817 8060 8135 8356 8504 8856 9269 9525 9600 9587 9766 9929 -9999 10247 10407 10574 10742 10819 10857 10842 10877 11076 11273 11459 11546 11600
-9999 -9999 -9999 -9999 -9999 4002 -9999 4433 4662 4932 5083 -9999 5557 5813 5994 6150 6542 6769 6863 7268 7576 7698 8233 8813 9117 8973 8759 8540 8402 8448 8602 8624 8342 8164 8114 7952 7820 7712 7396 7814 7721 7729 -9999 8037 7778 7815 8208 7889 -9999 7947 7833 7701 7721 7666 7934 8297 8346 8615 9070 9426 9535 9576 9703 9896 10123 10301 10411 10599 10734 10816 10852 10875 10928 11100 11325 11504 11654 11726
-9999 -9999 -9999 -9999 -9999 -9999 -9999 4121 -9999 4600 -9999 5004 5210 -9999 5710 -9999 6040 6323 6527 6828 7356 7641 8105 8670 8895 8892 8720 8630 8396 8339 8575 8711 8527 8313 8068 7915 7637 7634 7598 7820 8036 7795 7869 8161 7871 7815 8252 8164 8138 8020 -9999 7728 7779 7900 8049 7998 8047 8370 8702 9128 9352 9450 9621 9865 10117 10287 10421 10564 10700 10803 10841 10864 -9999 11173 11416 11617 11709 11760
-9999 -9999 -9999 -9999 -9999 -9999 -9999 -9999 4025 4265 4477 4735 4950 5219 5443 5634 -9999 6091 6321 6554 6726 7210 7592 7849 8288 8377 8330 8305 8403 8577 8644 8768 8488 8339 8268 8106 8089 8005 7925 7798 8012 7696 7927 8038 7949 8001 8101 7838 7866 -9999 8294 8141 -9999 7902 7664 7671 7800 8035 8367 8760 9108 9308 9472 9671 9907 10185 10450 10649 10777 10870 10841 10830 11016 11275 11600 11807 11837 11805
-9999 -9999 -9999 -9999 -9999 -9999 -9999 -9999 3673 3943 -9999 4483 4719 4957 5174 5371 -9999 -9999 6104 6178 6500 6571 6903 7331 7536 7812 7736 7823 7963 8004 8334 8724 8332 8228 8096 8078 8002 7880 7697 7960 8046 7940 8062 8032 7792 7806 8107 7955 7784 -9999 8176 8378 8201 7962 7662 7782 -9999 7883 8112 8578 8874 9074 9242 9422 9660 9994 10376 10708 10859 11009 10927 10788 11017 11324 11688 11923 11850 11786
-9999 -9999 -9999 -9999 -9999 -9999 -9999 -9999 -9999 -9999 3888 4212 4463 4699 -9999 5129 -9999 5659 5771 -9999 6280 6463 6691 6742 7184 7110 7346 7272 7438 7623 7712 8197 8201 8016 8082 8061 7981 7842 7726 7981 7974 7946 8051 7824 7969 7883 7763 -9999 7642 7703 7735 7650 8309 7923 8028 7715 7881 7914 8048 8216 8752 8946 9018 9097 9280 9670 10102 10418 10674 10827 10873 10899 11026 11293 11549 11675 11674 11658
-9999 -9999 -9999 -9999 -9999 -9999 -9999 -9999 -9999 -9999 -9999 4031 -9999 4445 4657 4889 5077 5325 5571 -9999 6036 6207 -9999 -9999 6741 6622 6948 6879 7107 7442 7235 7514 7905 7573 7935 7839 7796 7830 7529 7989 8045 8038 7927 7863 8045 7863 7757 7959 7734 -9999 7643 -9999 -9999 8102 8182 7891 7871 7895 8076 8255 8665 8771 8871 8902 9040 9365 9755 10093 10355 10535 10630 10812 11015 11178 11343 11451 11488 11471
-9999 -9999 -9999 -9999 -9999 -9999 -9999 -9999 -9999 -9999 -9999 3984 -9999 4213 -9999 -9999 4845 5079 -9999 5536 5756 6005 6208 6308 6469 -9999 6816 6896 7063 7420 7272 7555 7621 7696 7680 7959 7974 8051 8011 8308 7923 8059 8125 8197 8023 7750 7772 7618 7921 7718 7638 7560 7524 7471 7789 8122 8015 7891 7889 7968 8097 8368 8601 8700 8872 9147 9451 9810 10077 10290 10470 10655 10806 10965 11102 11173 11234 11283
