resultados/variables_norteamerica/bio4.asc
ncols 469
nrows 225
xllcorner -169.133333
yllcorner 20.675000
cellsize 0.249840
NODATA_value -9999
[rows 70 to 104 of 225, columns 234 to 311 of 469]
14383 14425 14499 14586 -9999 -9999 -9999 14763 -9999 -9999 -9999 -9999 -9999 14871 14889 14913 14923 14928 14966 14983 14917 -9999 14778 14710 14656 14604 14581 14578 14571 14594 14636 14686 14747 14805 14863 14907 14971 14993 15002 15013 15024 15026 15005 14987 14963 14919 14873 14858 14835 14782 14760 14743 14713 14683 14668 14663 14644 14614 14589 14557 14514 14480 14449 14426 -9999 -9999 -9999 -9999 -9999 -9999 -9999 -9999 -9999 -9999 -9999 -9999 -9999 -9999
-9999 -9999 -9999 -9999 -9999 14523 14561 14584 14605 14629 14638 14649 14687 14718 14733 14760 14814 14878 14890 14871 14826 14730 14670 14619 14551 14502 14455 14425 -9999 14479 14532 14595 14672 14748 14815 14876 14909 14929 14959 14976 14977 14961 14949 -9999 14905 -9999 14825 14797 14753 14708 14696 -9999 14662 -9999 14611 14594 14565 14541 14511 14484 14459 14422 14384 14355 -9999 -9999 -9999 -9999 -9999 -9999 -9999 -9999 -9999 -9999 -9999 -9999 -9999 -9999
-9999 -9999 14318 14341 14366 14390 14415 14449 14469 14494 14496 14496 14520 14543 14554 14573 14610 14654 14698 14737 14686 14588 14514 14459 14398 14361 14327 14304 14318 14370 14448 14527 14613 14685 14773 14839 14875 14897 14919 14934 14912 -9999 14879 14836 14814 14790 14740 14706 14684 14650 14625 14607 14581 14548 14536 14529 -9999 -9999 14460 14431 14406 14369 14338 14291 -9999 -9999 -9999 -9999 -9999 -9999 -9999 -9999 -9999 -9999 -9999 -9999 -9999 -9999
14147 14167 14188 14210 14234 -9999 14262 14292 14306 14328 14342 14367 14364 14368 14388 14413 14450 14483 14531 14558 14499 14429 14360 14311 14255 14199 14157 14148 14187 14247 14344 14433 14533 14630 14727 14784 14842 14862 14861 14857 14824 14805 14803 14775 14738 14697 14642 14609 14591 -9999 14544 14514 14472 14458 14441 14443 14451 14432 14417 14387 14357 14330 14283 14237 14179 14132 14091 14089 14104 14125 -9999 -9999 -9999 -9999 -9999 -9999 -9999 -9999
14010 14033 14066 14086 14095 14100 14088 14121 14131 14148 14178 14212 14224 14224 14211 14237 14281 14362 14382 14364 14292 -9999 14188 14160 14112 14044 13992 13976 -9999 14148 -9999 14372 14466 14552 14666 14756 14816 14831 14814 14774 14753 14731 14711 14678 14630 14568 14532 14512 14488 14485 14440 14397 14397 14401 14394 14377 14357 14355 14351 14338 14318 14269 14238 14197 14163 14124 14089 14081 14094 14112 -9999 -9999 -9999 -9999 -9999 -9999 -9999 -9999
13882 13884 13894 13893 13888 13909 13930 13971 13984 14015 14039 14069 14073 14101 14120 14155 14181 14193 14180 14161 14125 14069 14026 13983 13967 13937 13919 -9999 13969 -9999 14182 14293 14406 14530 -9999 14764 14798 14802 14769 14749 14727 14688 14650 14612 14564 14516 14470 14435 14421 14401 14367 14346 14345 14347 -9999 14326 14317 14301 14293 14282 14247 14230 14200 14184 14156 14122 14096 14090 14095 14104 14122 14144 -9999 -9999 -9999 -9999 -9999 -9999
13758 13757 13713 13703 13699 13741 13796 13830 13855 13891 13917 13929 13921 13940 14014 14028 14012 14004 13982 13948 13909 13878 13877 13884 13879 13865 13880 13898 13933 -9999 14121 14254 14378 14494 -9999 -9999 14768 14744 14725 14704 14671 14634 14592 14549 14487 14416 14374 14347 14324 14296 14291 14285 14288 14289 14287 14278 14269 14277 14263 14255 14240 14210 14191 14161 14151 14131 14113 14105 14103 14112 14121 14131 -9999 -9999 -9999 -9999 -9999 -9999
13568 13515 13497 13545 13577 13632 13689 13743 13759 13786 13796 13800 13812 13812 13844 13861 -9999 13873 13848 13782 13760 13783 13796 13815 13821 13835 13830 13849 13905 14001 14117 14232 -9999 -9999 -9999 14620 14680 14683 14670 14663 14636 14609 14546 14496 14417 14354 14292 14262 14254 14258 14244 14240 14247 14254 14254 14247 14263 14264 14263 14249 14233 14204 14180 14158 14151 14141 14132 14125 14122 14118 14126 14134 -9999 -9999 -9999 -9999 -9999 -9999
13350 13382 13392 13411 13455 13530 -9999 13633 13646 13673 13707 13717 -9999 13727 13739 13757 -9999 13743 13711 13688 13689 13708 13717 13737 13749 13771 13814 13848 13902 13985 14091 -9999 -9999 -9999 14499 14531 14563 14591 14623 14606 14587 14566 14497 14438 14365 14279 14205 14166 14161 -9999 14181 14195 -9999 14223 14230 14222 14248 14254 14245 14238 14228 14218 14186 14167 14155 14149 14157 14146 14142 14130 14118 14138 14135 -9999 -9999 -9999 -9999 -9999
13085 13207 13222 13272 13329 13437 13485 13525 13571 13603 13633 13624 13640 13638 13633 13629 13616 13599 13598 13594 -9999 -9999 13631 13666 13707 13748 13782 13848 13898 13967 14043 14136 -9999 -9999 14389 14428 14478 14520 14559 14569 14542 14532 14467 14403 14330 14218 14113 14066 14075 14086 14121 14164 14177 14185 14195 -9999 14227 14231 14230 14236 14242 14237 14202 14187 14172 14171 14181 14168 14155 14140 14136 14135 -9999 -9999 -9999 14122 14115 14088
13046 13088 13126 13176 13249 13327 13393 13453 13486 13519 13537 13532 13553 13558 13555 13538 13524 13533 13530 13525 13536 13559 13579 13635 13680 13727 13763 13822 13874 13932 14017 14086 14186 -9999 14316 14350 14371 14418 14492 14508 14490 14472 14449 14415 14322 14193 14019 13984 14000 14049 14091 14112 14127 14150 14173 14194 14215 14233 14243 14247 14239 14238 14232 14231 14231 14221 14211 14191 14174 14163 14154 14141 14128 14116 14113 14096 14093 14071
12864 12939 12987 13056 13143 13201 13253 13336 13405 13440 13464 13464 13503 13496 13476 13475 13481 13496 13479 13476 13505 13516 13533 13582 13647 13706 13733 13769 13828 13907 13977 -9999 14144 14197 14247 14284 14302 14328 14356 14394 14391 14414 14408 14409 14335 14178 14038 13982 14000 14029 14064 14084 14123 14156 14178 14184 14197 14214 14229 14244 14262 14281 14288 14292 14281 14258 14233 14204 -9999 14163 14151 14140 14121 14108 14081 14076 14063 14054
12729 -9999 12862 12932 -9999 13099 13160 13237 13315 13375 -9999 13410 13435 13423 13408 13419 13442 13438 13406 13430 13443 13480 13525 13576 13611 13649 13688 13747 13780 13851 -9999 14013 14103 14155 14195 14216 14234 14219 14225 14273 14306 14329 14325 14339 14301 14182 14069 14019 14019 14041 14059 14097 14141 14154 14165 14181 14206 14224 14238 14255 14276 14281 -9999 -9999 -9999 14258 14236 14208 14184 14170 14155 14130 14108 14086 14050 14036 14024 14018
12611 12663 12708 12775 12839 12939 -9999 -9999 13233 -9999 13302 13325 13370 13375 13378 13408 13420 13381 13403 13432 13472 13495 13530 13563 13576 13588 13663 13748 13788 13853 13937 14000 14097 14153 14155 14177 14150 14130 14114 14158 14199 14237 14249 14253 14219 14161 14096 14055 14048 14068 14087 14131 14153 14170 14184 14195 14212 14221 14229 14242 14247 14267 14280 14279 14268 14243 14219 14204 14184 14156 14135 14116 14110 14081 14049 14030 14014 13992
12419 12469 12540 12627 12703 12801 12955 13053 13164 -9999 13221 13260 13283 13309 13346 13373 13369 13390 13409 13434 13459 13483 13529 13549 13570 13621 13667 13708 13747 -9999 13946 14020 14116 14162 14177 14144 14105 14081 14071 14081 14121 14141 14151 14153 14146 14130 14094 14071 14066 14080 14119 14146 14152 14168 14187 14183 14190 14193 14207 14221 14233 14237 14250 14255 14247 14238 14213 14187 14163 14130 14104 14089 14087 14085 14068 14040 14022 14010
-9999 12279 12355 12441 12522 12663 12799 12927 13026 13104 13145 13186 13185 13181 13229 13299 -9999 13351 13369 13406 13434 13459 13479 13530 13598 13607 13650 13685 13761 13848 13943 14033 14153 14173 14116 14034 14004 13991 13986 14005 14025 14042 14069 14076 14079 14075 14074 14077 -9999 14092 14117 14131 14145 14154 -9999 14165 14183 14190 14196 14207 14214 14224 14225 14220 14220 14219 14202 14166 14136 14123 14091 14070 14064 14062 14060 14040 14031 14011
12088 12113 12185 12271 12369 12483 12629 12777 12905 13003 13063 -9999 13125 13118 13161 13215 -9999 13296 -9999 13368 13408 13440 13471 13514 13560 13614 13648 13710 13769 13836 13929 13995 14058 14075 14014 13959 13907 13895 13899 13918 13947 13962 13979 13998 14015 14031 14039 14059 14069 14079 14095 14113 14118 14130 14137 14149 -9999 14167 14182 14189 14185 14195 14206 14208 14197 14179 14170 14146 14122 14101 14081 14070 14052 14038 14027 14021 14016 14005
11981 12005 12067 12208 12284 12343 12458 12591 12750 12878 12959 13018 13038 13071 13065 13120 13176 13223 13254 13313 -9999 13408 -9999 -9999 13516 13557 13611 13654 13724 13797 13893 13948 13969 13940 13883 13821 13814 13806 13809 13835 13872 13870 13901 13922 13952 13985 14013 14048 -9999 14061 14062 14079 14097 14112 14123 14130 14142 14150 14152 14155 -9999 14162 14173 14176 14172 14165 14147 14135 14114 14082 14060 14045 14032 14021 14002 14008 13985 13988
11915 11937 12028 -9999 12171 12239 12297 12373 12562 12768 12875 12943 12977 -9999 13015 13082 13094 13122 13152 13211 13265 13345 13379 13407 13398 13359 13559 13647 13715 13774 13839 13880 13896 13863 13771 13705 -9999 13713 13736 13752 13785 -9999 13831 13876 13897 13929 13967 14010 14033 14024 14021 14036 14064 14080 14091 14110 14125 14125 14125 14140 -9999 14156 14161 14150 14144 14143 14114 14094 14078 14066 14025 14005 13992 13977 13976 13974 13952 13952
11950 11936 -9999 -9999 12089 12151 12221 12359 12584 12721 12818 12866 12885 12911 12934 12947 12932 12926 12997 13103 13188 13239 13281 13297 13319 13407 13524 13600 13663 13722 13787 13835 13859 13841 13759 13685 -9999 13671 13681 13688 13715 13737 13760 13785 13819 13851 13899 13936 13958 13963 13958 14002 14038 14060 14071 14076 14084 14106 14107 14106 14117 14126 14132 14127 14116 14099 14079 14054 14044 14026 13998 13986 13972 13940 13938 13931 13918 13902
11967 11934 11968 12036 12084 12132 12228 12392 12572 12723 12783 12814 12830 12836 12834 12862 12877 12893 12958 13037 -9999 13157 13200 13203 13189 13304 -9999 13520 13571 13645 13742 13796 -9999 13841 13772 13690 13647 13623 13632 13651 13656 13667 13684 13708 13743 13794 13835 13875 13897 13917 13937 13988 14019 14039 14050 14046 14060 14061 14064 14075 14067 -9999 14086 14088 14090 -9999 14035 14016 13991 13963 13948 13945 13948 13900 13887 13884 13881 13883
11923 11916 11928 11983 12010 12050 12117 12291 12487 12664 12694 12711 12738 12770 12790 12755 12775 12825 12945 13038 13085 13106 13116 13183 13247 13345 13388 13447 13524 13602 13685 13768 13828 13866 13769 13658 13620 -9999 -9999 13566 13573 13594 13608 -9999 13666 13698 13756 13795 13827 13867 13922 13992 14013 14012 14001 -9999 14010 14022 14028 14026 14030 14035 14033 14033 14021 13998 13992 13978 13954 13924 13905 13897 13894 13872 13853 13850 13839 13835
11996 12015 11983 11958 11964 11972 12057 12182 12297 12472 12572 12610 12609 12664 12717 12722 12648 12693 12852 12968 13058 13131 13157 13193 13238 13294 13342 13387 13460 13536 13605 13665 13725 13755 13680 13594 13532 13505 13497 13493 13499 -9999 13535 -9999 13563 -9999 13680 13755 13790 13823 -9999 13928 13963 13969 13971 13968 13972 13976 13973 13976 13982 -9999 14004 -9999 14008 13975 13956 13924 13889 13869 13848 13828 13821 13824 13820 13806 13808 13805
12016 12045 12060 12048 12016 12029 12088 -9999 12317 12381 12426 12518 12531 12538 12627 12641 12654 12680 12782 12932 13058 13104 13144 13182 13213 13235 13266 13309 -9999 13420 13505 13542 13537 13409 13466 -9999 13410 13389 13398 13406 -9999 -9999 13453 13465 13496 13538 -9999 -9999 -9999 -9999 -9999 -9999 13904 13916 13917 13918 13917 13920 13917 13909 13927 13936 13935 13932 13927 13914 13894 13852 13850 13831 13811 13785 13773 13767 13772 13765 13753 13757
11931 11935 11987 12015 12005 12068 12175 12273 12369 12391 12370 12342 -9999 12454 12535 12582 12584 12596 12695 12932 13100 13129 13151 13154 13191 13202 13191 13206 13275 13340 13367 13310 13130 13036 13242 13274 13274 13288 13299 13297 -9999 -9999 -9999 13402 13429 13470 -9999 -9999 -9999 -9999 -9999 -9999 13859 13868 13878 13872 13875 13879 13861 13856 13848 13859 13869 13854 13845 13831 13805 13794 13776 13754 13740 13725 13719 13715 13712 13716 13720 13726
11776 11867 11943 11981 11989 12079 12227 12354 12458 -9999 12398 12303 12289 12340 12464 12531 12526 12500 12499 12773 13013 13077 13109 13117 13104 13121 13142 13151 13183 13177 13126 13075 13025 13027 13089 13127 13168 13191 -9999 -9999 -9999 -9999 13310 13345 -9999 13412 -9999 -9999 -9999 -9999 -9999 -9999 -9999 13837 13835 13831 13822 13824 13808 13799 13799 13793 13786 13787 13775 13767 13753 13743 13732 13712 13693 -9999 13670 13679 13674 -9999 13658 13664
11651 11832 11945 11989 11996 12079 12229 12372 12475 12554 12499 12456 12418 12439 12524 12550 12528 12491 12513 12666 12840 12958 13037 13043 13010 13020 13045 13067 13100 13145 13156 13097 13021 12887 12923 12991 12975 -9999 13109 -9999 13161 -9999 -9999 -9999 -9999 -9999 13470 -9999 -9999 -9999 -9999 -9999 -9999 13782 13787 13786 13777 13752 13742 13738 13723 13717 13711 13703 13697 13683 13667 13651 13635 13626 13621 13615 13599 13587 13598 -9999 13618 -9999
11690 11822 11920 11986 12063 12144 12210 12312 12378 12433 12498 12539 12544 12559 12575 12575 12555 12564 12592 12666 12796 12910 12984 12979 12951 12942 12966 13003 13033 13083 13106 13049 12960 12858 12789 12744 12745 12757 12999 13091 13096 13146 13190 -9999 13319 13388 13469 13548 -9999 -9999 -9999 -9999 -9999 -9999 13732 13731 13706 13693 13676 13669 13660 13652 13639 13626 13616 13602 13591 13574 13554 13551 13533 13525 13533 13534 13536 13528 -9999 13550
11780 11831 11910 11965 12043 12147 12269 12327 12365 12405 12409 12441 12575 12628 12635 12632 12636 12612 12617 12679 12778 12911 12997 12953 12904 12881 12910 12962 12972 12949 12951 12950 12902 12876 12857 12826 12831 12876 12986 13000 13042 13101 -9999 -9999 13292 13376 13468 13563 13616 -9999 -9999 -9999 -9999 -9999 -9999 13659 13637 13619 13604 13591 13580 13578 13566 13552 13540 13528 13510 13493 13475 13455 13448 13442 13437 13446 13454 13454 13467 13483
11819 11820 11867 11920 12014 12123 12235 12303 12332 12392 12428 12478 12567 12591 12621 12658 12657 12622 12636 12691 12771 12867 12935 12897 12849 12819 12861 12905 12925 12915 12928 12969 12963 12960 12985 12984 12987 12937 12894 12879 12959 13028 -9999 -9999 -9999 13370 13481 13579 13632 13636 -9999 -9999 13578 -9999 -9999 13574 13557 13543 13530 13523 -9999 13513 13499 13493 13479 13465 13444 13411 13382 13373 13358 13344 13344 13356 13368 13377 13398 13430
11798 11827 11818 11864 11956 12092 12197 12256 12308 12292 12340 12455 12518 12536 12550 12592 12588 12572 12608 12666 12703 12776 12810 12794 12752 -9999 -9999 12838 12886 12912 12921 12974 13015 13054 13122 13075 12965 12847 12744 12704 12900 12953 -9999 -9999 13221 13378 13514 13622 13649 13625 13574 -9999 13499 13483 -9999 -9999 13468 13458 13447 13446 13439 13434 13433 13423 13406 13380 13367 13347 13313 13282 13273 13262 13253 13269 13286 13310 13333 13358
11735 11736 11730 11783 11883 12057 12131 12143 12135 12227 12291 12337 12378 12397 12444 12462 12484 12459 12465 12521 12581 12663 12695 12687 12615 12541 12596 12688 12767 12829 12902 12949 13024 13089 13185 13132 12930 12831 12747 12684 12805 12871 12911 13000 -9999 13302 -9999 -9999 -9999 13577 13506 13453 13401 13374 13365 13385 13384 13376 13371 13374 13374 13364 13345 13326 13321 -9999 13281 13250 13211 13172 13158 13156 13165 13180 13206 13238 13269 13296
11607 11606 11600 11651 11748 11908 11980 11994 12024 12058 12127 12168 12171 12139 12231 12289 12326 12388 12426 12431 12455 12554 12570 12574 12544 12510 12542 12588 12636 12694 12784 12893 12959 13027 13064 13064 12977 12873 12798 12752 12788 12801 12801 -9999 13054 13234 -9999 -9999 13602 13511 13438 13368 13296 13263 13287 -9999 -9999 13310 13296 13299 13303 13294 13288 13275 13257 13227 13202 13177 13118 13090 13046 13051 13077 13108 13129 -9999 13193 13222
11453 11516 11544 11621 11710 11761 11801 11861 11896 11892 11918 11872 11850 11911 12029 12148 -9999 12274 12298 12327 12368 12440 12455 12470 12527 12532 12540 12560 12584 12632 12694 12761 12838 12892 12920 12933 12935 12868 12801 12805 12777 12728 12688 12776 12952 13128 13303 13418 -9999 13432 13366 13302 13232 13215 13241 -9999 -9999 13226 13215 13223 13224 13223 13218 13208 13194 13171 13138 13104 13027 12948 12933 12945 12984 13017 13046 13089 13122 13150
11355 11428 11452 11506 11575 11571 11583 11647 11720 11698 11667 11598 11644 11732 11822 11879 11976 12077 12146 12182 12213 12267 12351 12416 12471 12526 12544 12564 12555 12580 12596 12644 12685 12744 12803 12833 12860 12820 12787 12779 12706 12661 12590 12643 12873 13023 13157 13280 13365 13350 13321 13277 13242 13231 13229 -9999 -9999 -9999 13114 13114 13136 13150 13149 13147 13128 13101 13075 13006 12942 12837 12811 12860 12887 12925 12972 13014 13041 13066
