resultados/variables_norteamerica/bio4.asc
ncols 469
nrows 225
xllcorner -169.133333
yllcorner 20.675000
cellsize 0.249840
NODATA_value -9999
[rows 35 to 69 of 225, columns 156 to 233 of 469]
15079 15119 15171 15179 15182 15161 15136 15088 15004 14915 14852 14770 14669 14596 14532 14452 14418 14328 14238 14166 14094 14028 13952 13853 13794 13741 13699 13649 13564 13513 13483 13448 13399 13370 13345 13298 13293 13283 13283 13271 13272 13313 13373 13460 13574 13659 13725 13780 13820 13858 13878 13913 13912 13921 13924 13930 13927 13940 13958 -9999 -9999 -9999 -9999 -9999 -9999 -9999 -9999 -9999 -9999 -9999 -9999 -9999 -9999 -9999 -9999 -9999 -9999 -9999
15234 15317 15368 15355 15365 15365 15329 15271 15167 15067 14999 14892 14810 14734 14659 14591 14512 14434 14359 14293 14252 14199 14140 14065 13986 13934 13868 13803 13767 13718 13659 13618 13569 13521 13482 13443 13429 13413 13418 13423 13439 13489 13559 13619 13678 13727 13756 13789 13822 13854 13903 13954 14004 14031 14059 14076 14089 14094 14111 -9999 -9999 -9999 -9999 -9999 -9999 -9999 -9999 -9999 -9999 -9999 -9999 -9999 -9999 -9999 -9999 -9999 -9999 -9999
15379 15479 15545 15544 15535 15540 15523 15497 15393 15268 15166 15054 -9999 -9999 -9999 14711 14628 14574 14515 14431 -9999 14323 14276 14220 14135 14062 14027 13971 13914 13871 13824 13773 13721 13666 -9999 13597 13585 13578 13579 13597 13631 13655 13666 13695 13719 13729 13748 13794 13821 13843 13880 13909 13939 14006 14048 14067 14086 14111 14124 14084 14074 14071 14082 14087 14091 14100 14120 14125 14148 14211 14280 14365 14474 14476 14541 14596 14668 14752
15528 15571 15621 15656 15688 15757 15734 15652 15561 15433 15307 15208 15080 15004 14944 -9999 -9999 14704 14643 14522 14468 14467 14425 14375 14308 14238 14188 14129 14062 14009 13960 13896 13805 13773 13749 13750 13752 13754 13763 13770 -9999 13784 13785 13810 13833 13862 13881 13929 13967 14014 13985 14006 14043 14062 14086 14073 14093 14141 14143 14100 14097 14088 14082 14108 14122 14129 14156 14188 14224 14259 14324 14408 14431 14486 14555 14613 14674 14747
15773 15712 15766 15819 15904 15908 15985 15900 15796 15615 15469 15306 15199 15073 15017 14995 14927 14846 14760 14682 14625 14604 14551 14490 14436 14388 14316 14262 14187 14111 14037 14050 14057 14031 14009 13980 13961 13951 13947 13949 13958 13967 13977 14007 14022 14026 14035 14069 14074 14020 14011 14036 14053 14075 14141 14196 14185 14196 14213 14143 14123 14146 14168 14188 14198 14206 14236 14274 14325 14370 14405 14422 14445 14504 14568 14641 14719 14775
15911 15922 15961 16070 16096 16221 16218 16119 16008 15834 15657 15502 15366 15246 15153 -9999 15000 14889 -9999 -9999 14789 14755 14689 14623 14548 14515 14447 14384 14299 14204 14183 14158 14167 14160 14164 14127 14116 -9999 -9999 -9999 -9999 -9999 -9999 -9999 -9999 14107 14104 14118 14108 14122 14145 14159 14165 14213 14272 14295 14281 14317 14347 14324 -9999 14278 14257 14291 14281 14289 14319 -9999 14387 14403 14445 14488 14547 14584 14646 14722 14790 14866
15933 16018 16164 16304 16382 16493 16445 16338 16144 15972 15807 15608 15456 15346 15289 15170 15130 15068 15026 14985 14939 14880 14821 14773 14719 14658 14594 14561 14538 14473 -9999 -9999 -9999 -9999 -9999 -9999 -9999 -9999 -9999 -9999 14259 14227 14190 14183 14187 14206 14212 14240 -9999 14311 14332 14361 14382 14396 14408 14420 14414 -9999 14411 14447 14474 14470 14455 14443 14401 14413 14443 14439 14472 14493 14513 14554 14593 14657 14704 14752 14788 14840
16007 16101 16210 16316 16504 16683 16692 16480 16248 15989 15828 15692 15536 15455 15389 15319 15219 15193 15151 15131 15093 15053 14966 14966 14905 -9999 -9999 -9999 -9999 -9999 -9999 -9999 -9999 -9999 -9999 -9999 -9999 -9999 -9999 -9999 -9999 14327 14313 14330 14322 14313 14333 -9999 -9999 -9999 14461 14470 14503 14515 14507 14516 14520 14506 14479 14525 14577 14601 14594 14590 14580 14569 14532 14527 14551 14632 14615 14618 14653 14702 14755 14821 14855 14887
15996 16097 16220 16359 16514 16602 16560 16369 16117 15965 15828 15582 15364 15329 15327 15335 15285 15278 15255 15245 -9999 -9999 15203 15142 15098 15018 14925 14867 14868 14755 14682 14582 14538 14509 14504 -9999 -9999 -9999 -9999 -9999 -9999 -9999 -9999 -9999 -9999 -9999 -9999 -9999 -9999 14558 14563 14595 14625 14622 14603 14601 14588 14586 14600 14649 14669 14679 14700 14704 14697 14672 14672 14676 14706 14719 14743 14757 14774 14825 14862 14921 14912 14921
15894 16016 16140 16236 -9999 16420 16370 16218 16038 15892 15701 15497 15472 15377 15183 15285 15320 15338 15277 15302 15328 15347 15284 15186 15168 15123 15008 14953 14905 14832 14774 -9999 -9999 -9999 -9999 -9999 -9999 -9999 -9999 -9999 -9999 -9999 -9999 -9999 -9999 -9999 -9999 14593 -9999 14647 14683 14714 14757 14765 14761 14776 14770 14753 14753 14731 14722 14772 14798 14821 14804 14769 14738 14700 14672 14728 14782 -9999 14787 14818 14895 -9999 14994 15007
15547 15810 15972 16069 16133 16197 16187 16127 15997 15861 15629 15420 15285 15240 15296 15338 15353 15487 15504 15461 15378 15376 15415 15361 15319 15265 15157 15075 15025 -9999 -9999 -9999 -9999 -9999 -9999 -9999 -9999 14641 14651 -9999 -9999 14717 14668 14633 14644 14662 14694 14713 14743 14776 14811 14838 14870 14858 14856 14876 14891 14879 14894 14871 14842 14839 14828 -9999 14848 14843 14819 14773 14792 14843 14865 14870 14873 14896 14934 14957 15010 15069
14920 15053 15299 15495 15513 15599 15742 15739 15710 15655 15623 15520 15386 15278 15206 15213 -9999 15606 15704 15672 15564 15519 15447 15402 15406 15385 15244 15153 15053 -9999 -9999 -9999 -9999 -9999 -9999 14805 14694 14674 14670 -9999 -9999 -9999 -9999 14757 14761 14770 14802 14823 14840 14898 14924 14969 14998 15003 15047 15052 15060 15060 15057 15018 14968 14942 14926 14904 -9999 -9999 -9999 -9999 14897 14933 14943 14952 14954 14973 15001 15010 15047 15083
14336 14372 14528 14503 14685 14990 14598 14726 14905 14987 15264 15333 15291 15299 15425 15555 15606 15621 15872 15891 15797 15679 15611 15542 15511 15497 15435 15382 -9999 -9999 -9999 -9999 -9999 -9999 15033 14939 14970 -9999 -9999 14909 14856 14835 14843 14853 14875 14942 -9999 14963 14995 15016 15047 15093 15131 15173 15201 15217 15234 15235 15218 15175 15102 15065 15027 15002 14997 15004 15009 14969 14948 14961 14986 14986 14982 15009 15024 15048 15073 15105
14123 14227 14333 14293 14494 14366 14235 14236 14250 14203 14504 14726 14911 15126 15274 15460 15653 -9999 15920 15907 15896 15801 15664 15564 15521 15491 15468 15434 15373 15345 15258 15197 15253 15194 15170 -9999 15096 15026 14950 14899 14867 14826 14798 14767 14805 14949 -9999 -9999 15107 15155 15178 15201 15253 15292 15352 15374 15380 15386 15375 15346 15289 15228 15163 15106 15059 15041 15026 15008 15016 -9999 15038 15061 15058 15053 15064 15079 15098 15119
13676 13910 13840 14215 14032 14041 13854 13785 13995 14170 14265 14331 14422 14742 14991 15160 15185 15325 15526 15710 15823 15819 15559 15472 15466 15473 15472 15484 15484 15461 15420 15391 15339 15297 15255 15203 15127 15075 15037 14985 14924 14890 14928 14952 14974 15008 15066 15132 15197 15254 15308 15349 -9999 15431 15470 15499 15522 15537 15507 15467 15423 15371 15307 15248 15185 15143 15102 15077 15078 15055 15043 15057 15080 15089 15107 15129 15139 15161
13599 13644 13667 13750 13827 13820 13740 13648 13806 13978 14018 14189 14080 14338 14805 14955 15176 15225 15417 15608 15693 15778 15705 15425 15219 15327 15474 15504 15527 15494 15439 15407 -9999 15372 15325 15258 15202 15145 15090 15021 14972 14969 14984 15050 15087 15102 15101 15160 15218 15294 15370 15470 15497 15526 15596 15646 15673 15659 15618 15565 15548 15485 15416 15352 15262 15222 15184 15150 15111 15078 15060 15052 15072 15095 15120 15134 15146 15163
13404 13681 13698 13469 13589 13766 13879 14056 13877 13575 13634 13937 14105 14358 14440 14593 14963 15204 15220 15391 15500 15639 15731 15702 15447 15356 15259 15465 -9999 15445 15375 15345 15374 15370 -9999 15338 15282 15231 -9999 15135 15112 15116 15132 15140 15154 15163 15175 15222 15261 15345 15443 15524 15563 15629 15706 15774 15805 15793 15749 15696 15615 15549 15464 15422 15336 15272 15233 15184 15143 15123 15088 15068 15098 15112 15120 15151 15159 15177
13270 13301 13389 13214 13164 13286 13182 13205 13606 13598 13304 13418 13461 13782 14198 14577 14652 14897 15032 15202 15308 15537 15583 15627 15704 15614 15442 15462 -9999 15549 15440 15432 15457 -9999 -9999 15293 15343 15298 15269 15217 15160 15151 15133 15105 15062 15108 15259 15302 15346 15391 15482 15576 15659 15742 15817 15885 -9999 15905 15831 15752 15672 -9999 15527 15473 15410 15322 15272 15237 15205 15161 -9999 15100 15086 15078 -9999 -9999 15134 15154
13146 13077 13122 12871 12893 12959 13059 13032 13281 13183 13155 13223 13589 13887 14060 14165 14514 14654 14861 15006 15093 15306 15485 15550 15553 15750 15517 15381 15515 15495 15487 15532 15459 15335 15329 15361 15377 15338 15295 15236 15184 15181 15177 15181 15204 15274 15311 15358 -9999 15436 15488 15548 15685 15795 15846 15963 16052 15983 15898 15794 15698 15636 15557 15485 15439 15373 15319 15254 15176 15108 15105 15085 15082 15084 15078 15088 15124 15142
12846 12916 13030 13046 12862 12776 12823 12805 12867 12824 12569 12896 13021 13399 13803 14178 14197 14336 14428 14631 14872 14984 15320 15295 15374 15692 15719 15311 15397 15482 15491 15496 15507 15470 15444 15404 15368 15349 15314 15304 15239 15281 15296 15292 15291 15317 -9999 -9999 -9999 15461 15500 15556 15649 15761 15883 15958 15987 16004 15917 15816 15710 15632 15561 15501 15444 15376 15324 15252 15197 15143 15091 -9999 15041 15071 15070 15024 -9999 15160
12806 12737 12656 12709 12609 12545 12493 12564 12540 12506 12632 12851 13022 13159 13855 13602 13574 13937 14414 14514 14804 14780 15132 15169 15378 15509 15644 15758 15479 15574 15468 15456 15480 15455 15451 15339 15354 15389 15366 15361 15341 15336 15352 15352 15342 15338 15342 15361 15396 15422 15482 15520 15607 15688 15791 15863 15893 -9999 15843 15770 15697 15602 15534 15490 15421 15354 15306 -9999 15214 15177 15131 15088 15059 15046 15049 15020 15047 15173
12846 12736 12770 12792 12439 12351 12247 12317 12391 12176 12236 12464 12685 13032 13401 13192 13523 13870 14051 14286 14548 14638 14935 15186 15312 15299 15474 15660 15610 15481 15449 -9999 15437 15532 15529 15521 15485 15474 15462 15447 15431 15399 15373 15365 15347 15336 15336 15354 15374 -9999 15421 15459 15513 15585 15674 -9999 15779 15781 15723 15682 15630 15556 15518 15472 15376 15308 15253 15196 15162 15127 15108 15095 15074 15081 -9999 15093 15158 -9999
12831 12742 12550 12390 12551 12456 12132 11995 12333 12266 12323 12173 12333 12859 12998 12777 13112 13535 13574 13843 14008 14270 14683 14945 14983 15156 15360 15598 15584 15485 15468 15479 15570 15577 15563 15536 15517 15449 15412 15388 15341 15304 15281 15290 15315 15340 15355 15363 15354 15364 15387 15404 15427 15453 15542 15571 15564 15565 -9999 -9999 15541 15510 15456 15411 15343 15273 -9999 15147 15123 15083 15061 15053 15049 15057 -9999 -9999 -9999 -9999
12824 12640 12371 12192 12026 12175 11967 12004 11918 12484 12494 12180 12258 12557 12588 12661 13137 13377 13741 13849 14013 14192 14353 14746 14899 15108 15305 15531 15517 15476 15417 15351 15390 15538 15511 15447 15400 15312 15194 15062 14975 15000 14981 14976 14965 15073 15189 15273 15311 15336 15355 15360 15367 15384 15396 15392 15396 15413 15394 -9999 -9999 15404 15394 15359 15244 15183 15127 15107 -9999 15058 15027 15003 15025 -9999 -9999 -9999 15092 15113
12697 12482 12247 12105 11776 11833 11759 11605 11581 11748 12263 12840 12325 12549 12959 12885 13038 13109 13420 13490 13749 13899 14146 14495 14464 14856 15223 15226 15379 15401 15404 15464 15505 15522 15508 15485 15410 15317 15176 14981 14914 14884 14913 14935 14920 14943 15039 15097 15148 15248 15284 15286 15280 15271 -9999 15244 15232 15221 15204 15199 15186 -9999 -9999 -9999 -9999 -9999 -9999 15004 15000 -9999 -9999 -9999 -9999 15021 -9999 15020 15038 15053
12365 12691 12546 12065 11639 11734 11802 11677 11612 11804 11764 12332 12394 13082 13120 13336 13317 13694 13746 13666 13410 13612 13929 14442 14488 14842 15072 14955 15128 15214 15173 15116 15250 15442 15474 15493 15463 15432 15382 15304 15240 15212 15200 15164 15158 15157 15168 15178 15191 15206 15192 15190 15162 15154 15121 15056 15023 15003 15028 15034 15027 15035 -9999 -9999 -9999 -9999 -9999 -9999 -9999 -9999 -9999 -9999 -9999 14921 14937 14951 14966 14986
12405 -9999 12727 12175 11963 11842 11686 12056 11923 11702 12069 12261 12380 12710 13161 13306 13471 13685 13892 13768 13483 13378 13409 13961 14215 14621 14760 14641 14991 15073 15102 15229 15305 15389 15412 15399 15384 15363 15330 15292 15248 15202 15172 15134 15122 15112 15139 -9999 15140 15121 15098 15092 15072 15045 14989 14904 14854 -9999 -9999 -9999 -9999 -9999 -9999 -9999 -9999 -9999 -9999 -9999 -9999 -9999 -9999 14816 14839 14868 14879 14897 14889 14943
12215 12309 12664 12862 12388 11997 11886 12291 12082 11927 12000 12491 12503 13115 13084 13205 13384 13301 13485 13683 13389 13693 13850 13826 14407 14638 14420 14649 14930 15023 15151 15173 15236 15261 15269 15244 15236 15269 15246 15214 15198 15167 15143 15112 15092 15084 15053 15043 15051 -9999 15014 15006 14977 14951 14906 14824 -9999 -9999 -9999 -9999 -9999 -9999 -9999 -9999 -9999 -9999 -9999 14623 14654 14687 14714 14741 14765 14789 14813 14837 14868 14887
11959 12139 12270 12986 12598 12166 12365 12565 12160 12348 12625 12711 12584 12905 12732 13268 13355 13191 13370 13533 13542 13548 13205 13724 14027 14259 -9999 14732 14910 14966 14940 14951 14974 14967 14983 15011 15037 15047 15043 15072 15062 15019 15002 15002 14990 14962 14906 14893 14889 14900 14886 14897 -9999 -9999 -9999 -9999 -9999 -9999 -9999 -9999 -9999 -9999 -9999 -9999 -9999 -9999 14474 14522 14550 14587 14632 14658 14708 14739 14753 14777 14811 14835
12246 12252 12459 13077 12891 12546 13246 12410 12754 13035 12739 12695 12892 12849 12901 13127 13012 13153 13177 13121 13041 13140 13010 13441 13728 14195 14562 14665 14665 14570 14550 14571 14659 14722 14771 14827 14847 14830 14830 14847 14870 14828 14814 14805 14800 14788 14758 14749 14747 14767 -9999 14754 14722 14716 14706 14663 -9999 -9999 -9999 -9999 14343 14343 14332 14350 14369 14372 14396 14434 14468 14510 14555 14604 14654 14692 14712 14723 14755 14784
12235 12625 12795 12888 12921 13057 13099 13281 12995 12866 13110 12918 12978 12757 12903 13152 13178 12919 13081 13072 13029 13085 12845 13229 13754 13711 14272 14445 14428 14440 14452 14489 14509 14550 14613 14687 14689 14658 14597 14541 14513 14641 14685 14686 14690 14675 14656 14645 14640 -9999 -9999 14627 14606 14604 14612 14622 14579 14342 14227 14231 14248 14240 14221 14258 14273 14287 14304 14330 14384 14421 14472 14513 14577 14645 14673 14685 14697 14725
12003 12394 12834 13204 13386 13183 13299 13583 13119 12961 13328 13067 13235 13068 13040 13190 13012 12826 12988 13127 13098 13061 12913 13164 13590 13906 14047 14269 14337 14410 14428 14455 14456 14470 14511 14453 14518 14479 14423 14397 14430 14517 14501 14452 14461 14457 14472 14467 14420 14369 14273 14266 14359 14492 14489 14474 14425 14326 14222 14177 14159 14158 14169 14175 14192 14210 14239 14271 14310 14361 14400 14447 14511 14580 14609 14632 14640 14663
11316 11866 12257 12821 13410 13778 13792 13874 13580 13376 13411 13152 13183 13058 13193 13227 12715 12522 12543 12633 12734 12878 13083 13330 13592 13850 13845 13973 14131 14260 14299 14367 14395 14401 14374 14310 14298 14317 14305 14329 14390 14364 14277 14220 14190 14166 14158 14132 14076 14031 14017 14045 14341 14390 14376 14359 14314 14256 14182 14137 14112 14110 14111 14115 14112 14129 14151 14186 14216 14259 14312 14360 14414 14519 14542 14564 14577 14592
10899 11289 11552 12329 12975 13311 13599 13702 13600 13256 13298 13118 13087 12902 13073 12676 12141 12041 11870 12175 12391 12775 13067 13254 13404 13613 13672 13810 13928 14036 14129 14207 14276 14313 14326 14302 14283 14269 14267 14258 14241 14180 14142 14118 14102 14112 14026 13933 -9999 13961 14019 14217 14274 14276 14265 14232 14197 14153 14097 14041 14012 14014 14025 14047 14053 14059 14084 14110 14135 14168 14190 14231 14304 14409 14463 14477 14503 14511
10100 10566 10893 12005 12468 12441 12602 12788 13131 12981 12935 12935 12852 12790 12683 12252 11919 11841 11777 11966 12032 12444 12665 13073 13300 13376 13462 13602 13720 13849 13869 13928 13977 14042 14139 14167 14174 14168 14159 14139 14072 14013 13942 13991 13954 13784 13892 13903 13853 13951 14104 14140 14153 14131 14112 14085 14007 13851 13749 13618 13640 13698 13761 13886 13964 13997 14016 14041 14048 14080 14107 14143 14222 14298 14367 14409 14416 14431
