resultados/variables_norteamerica/bio5.asc
ncols 469
nrows 225
xllcorner -169.133333
yllcorner 20.675000
cellsize 0.249840
NODATA_value -9999
[rows 152 to 189 of 225, columns 255 to 339 of 469]
237 200 286 295 297 302 313 318 324 326 327 322 323 330 337 338 338 339 339 341 340 337 335 335 337 338 337 338 338 338 339 339 338 334 327 322 320 320 322 320 320 320 317 315 317 318 318 317 317 318 318 319 317 314 317 318 316 316 318 319 317 316 314 314 314 314 313 313 311 311 312 312 311 310 307 302 302 304 306 305 304 303 302 300 299
280 271 302 317 317 319 327 327 329 329 330 331 327 330 335 336 335 335 337 339 338 337 337 339 341 341 340 339 337 335 335 335 334 332 328 325 325 324 325 323 324 324 323 321 323 322 319 317 315 315 317 321 319 318 318 320 320 320 318 318 320 318 315 315 315 314 314 313 312 314 314 312 312 311 306 303 303 303 306 306 304 304 301 300 300
269 306 321 330 335 333 337 337 338 334 336 336 333 333 335 336 336 336 336 337 337 338 339 340 340 341 344 343 340 337 336 334 333 333 332 330 327 327 326 325 327 326 327 326 324 323 323 321 319 317 320 322 322 319 319 318 319 320 319 317 319 318 318 316 315 314 312 313 313 318 316 313 313 311 307 304 305 305 309 308 306 304 304 301 301
236 248 311 325 336 341 340 342 343 342 340 339 340 341 340 339 338 338 336 337 337 337 340 340 341 341 344 344 342 341 339 338 336 334 331 329 329 329 328 329 328 328 328 328 327 325 325 323 321 321 324 323 320 318 319 319 319 318 317 316 317 319 319 318 317 315 313 315 316 318 317 316 314 313 311 308 307 307 311 312 309 306 305 302 301
258 261 305 312 323 337 339 338 340 338 334 333 336 340 341 342 342 340 338 337 336 337 338 340 341 342 343 343 343 343 342 339 335 333 331 330 334 332 331 331 330 329 331 330 326 325 325 322 322 321 321 320 320 320 319 320 319 318 316 315 314 319 321 319 317 314 312 316 317 317 317 316 315 313 311 309 307 306 310 312 309 306 305 304 303
231 266 292 304 318 326 332 332 329 327 327 331 335 339 343 345 343 340 340 339 337 337 337 338 340 342 342 342 343 345 345 341 336 335 332 330 334 333 335 332 331 331 330 328 324 323 323 322 321 319 317 317 317 317 316 318 317 318 317 317 317 317 320 321 316 313 313 313 314 316 317 316 316 314 312 310 309 308 308 310 308 304 301 302 301
226 216 266 295 315 324 322 313 314 319 325 331 335 339 342 343 342 343 343 341 342 342 342 344 341 344 344 344 344 346 347 344 341 340 336 335 336 336 336 334 332 331 328 327 324 321 320 319 317 316 315 315 315 317 317 321 322 321 323 323 320 318 322 323 319 318 317 315 315 315 318 317 316 313 312 312 311 310 311 313 308 303 300 299 299
210 234 267 270 279 303 304 306 316 324 329 332 337 339 341 341 342 344 345 345 347 351 351 351 347 349 349 350 350 349 349 348 345 342 338 338 339 338 337 337 333 332 328 325 322 318 315 314 316 315 316 320 318 317 319 320 322 325 325 325 324 325 326 324 323 322 320 319 318 317 316 316 316 313 313 315 315 312 311 310 308 303 301 301 299
207 251 266 279 278 275 293 308 315 324 329 333 334 336 339 343 345 347 347 346 346 350 350 352 354 352 353 353 354 352 352 350 349 343 -9999 337 338 339 339 340 336 334 330 323 318 315 313 316 317 323 325 326 325 322 321 322 323 324 326 328 330 331 330 327 324 323 320 319 318 317 316 317 318 316 314 314 315 314 310 308 308 303 299 299 300
218 253 289 301 285 282 295 305 311 318 325 329 332 334 339 343 346 348 344 343 344 345 346 347 349 354 355 353 350 349 350 351 350 346 344 341 341 341 342 340 337 335 331 326 320 315 318 321 322 328 331 330 329 325 324 325 326 328 330 331 332 333 331 327 325 322 320 319 318 -9999 316 320 324 319 314 312 312 312 310 309 306 300 293 295 293
222 250 293 305 299 300 305 311 316 320 325 327 330 333 337 342 345 344 343 344 346 345 345 345 349 351 352 353 351 346 345 347 347 345 344 345 343 341 341 338 337 334 330 326 320 318 320 319 318 324 330 332 331 329 330 331 330 331 332 332 332 332 329 326 323 322 320 320 318 317 315 319 321 318 317 318 318 317 314 309 302 293 292 292 287
257 272 287 297 304 305 316 322 324 327 327 328 329 333 336 340 342 345 345 346 345 343 343 344 347 351 349 348 352 348 345 347 347 345 344 345 343 340 338 340 339 333 331 327 322 319 317 314 314 324 328 329 329 334 334 336 337 337 334 332 332 330 328 326 324 322 320 320 320 318 317 317 318 317 319 319 316 314 312 308 295 289 291 297 299
271 286 291 303 312 311 325 328 325 329 330 332 329 332 337 341 345 344 342 343 347 346 345 347 350 351 350 347 347 348 347 347 344 344 344 345 344 339 339 341 341 336 332 327 321 314 314 311 315 316 318 321 324 327 335 337 339 340 336 334 332 329 329 326 325 324 321 320 320 319 317 318 318 315 316 317 316 310 309 307 296 292 299 308 309
286 287 292 312 331 329 330 335 334 334 336 337 337 336 339 337 338 335 337 340 344 343 345 350 351 355 352 347 346 346 344 342 341 342 345 345 343 340 340 342 342 340 337 336 334 334 330 328 329 329 324 328 330 329 331 335 339 339 337 334 332 330 328 327 326 325 322 322 323 321 317 315 317 317 318 318 313 308 304 295 298 301 312 309 309
307 315 321 329 334 332 339 342 341 339 331 328 329 333 333 332 333 334 340 345 348 350 351 352 348 351 353 349 348 347 345 343 342 343 346 344 342 340 342 344 343 345 345 344 342 340 339 335 337 339 341 337 333 330 336 337 338 338 335 334 331 330 328 326 324 324 323 323 326 324 318 314 313 317 316 314 312 309 295 296 301 314 314 311 301
310 321 326 330 329 330 335 338 335 332 325 323 325 328 331 331 333 340 345 350 353 355 355 357 353 352 353 351 351 350 350 348 346 345 345 343 341 340 342 343 341 342 343 343 337 339 334 334 338 339 342 340 335 333 335 336 335 334 332 332 330 330 327 323 321 322 324 327 328 323 319 318 317 319 317 314 311 304 305 308 314 316 313 301 297
310 320 327 332 329 321 326 325 323 324 325 325 325 326 329 334 341 348 348 353 358 360 361 361 358 356 350 348 350 348 349 350 348 344 341 341 341 341 341 340 341 341 339 336 332 335 332 332 330 332 336 337 336 333 333 334 333 331 331 330 330 328 324 321 322 323 324 327 327 326 325 324 322 320 318 317 312 312 312 305 313 314 313 291 292
310 320 327 332 333 328 327 325 324 326 326 325 325 326 329 330 335 349 355 358 360 362 364 363 362 361 361 358 354 351 349 349 347 344 338 342 344 342 338 337 338 335 330 327 325 325 329 332 334 336 337 336 335 333 333 334 332 332 331 330 331 328 325 324 326 326 326 327 327 323 320 323 323 322 321 319 318 316 308 306 315 315 315 304 292
313 322 329 335 338 334 331 331 327 328 331 329 327 327 330 331 331 344 353 357 359 361 362 362 363 364 366 365 361 -9999 353 352 347 346 345 345 345 343 341 342 340 340 336 331 328 326 328 332 334 336 336 336 335 334 335 334 334 334 332 332 332 331 329 327 326 327 329 330 328 323 318 317 319 319 318 317 318 311 312 318 318 317 313 307 306
319 331 337 341 343 337 329 330 329 329 330 330 328 328 332 333 333 339 350 356 359 360 362 363 363 364 366 365 362 358 356 355 350 348 347 346 343 342 343 344 344 344 341 338 336 335 333 334 337 337 335 335 335 335 336 337 336 333 333 334 334 333 331 330 328 327 329 331 328 325 321 320 320 320 322 320 316 318 320 320 317 315 315 312 309
316 332 340 344 346 338 329 325 325 327 328 330 331 331 333 335 337 338 347 353 360 362 364 364 364 364 365 365 361 359 357 354 352 351 349 344 344 343 344 345 344 343 341 339 338 337 335 336 338 337 337 334 334 335 334 337 336 333 334 336 336 334 331 330 330 328 328 329 328 327 326 323 323 324 324 320 321 324 320 315 313 310 313 315 313
286 326 340 348 346 340 331 325 325 326 328 330 331 332 334 337 340 346 351 357 362 363 366 364 361 361 363 363 359 358 357 353 351 352 350 345 343 343 344 345 344 343 341 340 339 338 338 337 336 336 336 336 334 334 333 335 336 334 335 336 336 333 328 326 328 328 327 328 329 329 329 327 326 326 324 324 326 325 319 317 315 314 316 316 317
295 316 336 346 347 342 330 328 328 329 330 332 334 334 334 338 346 350 354 357 361 364 363 362 358 360 360 358 356 357 361 354 351 352 351 348 345 344 346 346 347 346 345 342 340 339 339 339 336 336 336 336 336 335 333 334 335 335 335 335 335 330 328 328 327 326 327 328 330 330 330 330 326 326 326 327 327 319 313 319 318 321 318 318 317
284 311 333 343 347 342 331 331 332 332 334 337 339 339 337 340 346 349 352 356 359 361 361 358 356 358 359 357 354 355 357 354 350 351 351 350 347 347 347 346 346 347 346 343 340 339 339 338 337 336 337 336 336 336 335 335 335 -9999 334 335 333 328 330 331 328 325 326 329 330 330 331 331 327 326 325 325 321 319 319 322 325 324 321 322 321
285 311 329 341 345 344 340 335 334 337 341 343 344 344 343 344 346 345 349 354 356 357 356 352 351 357 357 355 357 358 353 354 354 355 354 353 351 351 350 349 346 345 346 344 341 340 339 338 336 336 337 338 -9999 338 337 336 334 332 332 334 332 330 330 331 328 326 326 328 331 332 332 330 327 325 324 323 323 320 321 321 324 325 323 324 328
301 300 322 339 349 350 347 340 339 340 344 346 347 347 346 346 347 349 347 347 351 353 353 348 351 354 350 352 355 356 357 355 355 355 355 356 355 354 351 350 347 345 344 342 340 340 340 338 337 337 337 337 338 338 338 336 334 332 331 332 333 335 333 332 329 327 328 330 332 332 332 332 329 329 328 327 328 324 323 322 323 328 328 327 327
332 328 307 329 348 357 349 343 344 345 344 345 347 347 347 345 346 349 349 342 342 344 347 345 348 347 348 348 346 352 360 359 358 357 356 356 356 356 352 351 347 344 342 341 342 340 340 340 338 339 339 337 337 339 338 337 335 334 331 331 331 334 333 330 329 330 332 330 332 333 333 332 331 333 332 331 330 328 327 325 326 328 329 327 327
347 343 294 328 349 359 354 351 353 351 345 346 347 347 347 345 343 347 350 345 347 348 346 345 349 347 347 350 347 351 356 360 358 355 355 355 356 357 354 351 348 346 342 341 343 342 340 340 340 339 339 338 337 337 339 339 339 334 331 330 331 332 331 330 330 330 333 332 333 335 333 333 333 332 331 329 329 328 327 325 327 329 329 328 327
351 353 323 335 346 358 364 361 359 357 350 347 348 348 347 344 343 347 345 346 352 352 350 346 351 350 346 348 350 352 353 356 358 356 354 356 357 356 355 351 348 346 343 342 342 342 341 338 340 341 339 338 338 336 337 337 337 332 330 330 332 333 330 330 331 332 331 332 333 335 333 333 332 331 331 331 330 329 328 325 325 329 331 330 329
346 339 341 327 343 355 361 368 364 362 358 355 352 348 347 345 345 346 348 349 353 357 357 355 355 353 351 346 346 351 353 353 356 358 356 358 356 355 354 350 348 347 345 344 343 340 340 338 338 340 340 336 336 336 336 335 330 330 330 329 333 337 332 331 333 333 331 332 333 334 333 332 329 329 330 331 332 331 328 327 327 329 331 330 331
336 320 340 335 341 354 361 368 366 364 363 362 354 350 347 345 346 346 350 352 353 354 353 354 352 352 353 350 347 350 352 353 354 358 357 356 356 353 353 350 347 347 346 344 343 341 340 339 336 337 337 336 334 335 335 334 331 330 330 331 333 334 335 333 335 334 332 332 332 333 333 329 326 326 327 329 329 329 326 327 330 333 334 334 335
339 331 342 342 330 336 354 361 360 360 361 359 357 352 344 342 342 344 346 348 346 347 348 348 349 349 347 349 346 350 351 352 356 357 357 356 356 354 355 351 349 347 345 344 342 341 337 338 336 335 336 334 335 335 334 331 328 329 331 332 333 333 335 332 333 333 333 332 330 331 330 327 325 323 324 326 327 328 327 327 330 333 336 336 335
340 328 341 338 317 308 330 342 349 350 350 347 344 345 348 344 342 344 346 346 347 347 347 348 346 349 353 353 345 346 349 352 356 356 356 356 355 355 354 351 349 347 342 340 339 340 338 337 335 335 336 335 334 334 333 331 329 329 331 334 334 333 333 330 330 331 331 329 328 -9999 327 326 326 325 323 324 325 327 328 328 330 332 333 332 331
333 339 348 334 319 310 318 329 336 327 331 335 340 344 346 345 343 345 348 347 345 346 349 348 345 346 348 351 351 348 350 354 355 353 353 356 355 354 351 349 345 344 342 340 339 340 338 336 334 334 334 333 332 332 331 329 328 329 331 333 332 331 331 328 327 328 326 325 324 -9999 323 324 324 324 320 320 323 325 326 326 328 330 328 328 330
333 335 335 322 325 326 315 315 317 317 320 329 338 345 348 348 347 349 348 345 343 343 342 339 336 337 340 344 347 349 352 356 354 352 355 358 358 353 349 347 344 341 341 340 339 338 334 332 332 331 331 330 329 329 328 327 327 329 330 -9999 331 -9999 -9999 326 -9999 -9999 -9999 -9999 -9999 -9999 -9999 -9999 -9999 -9999 -9999 -9999 -9999 -9999 323 325 328 329 328 328 330
336 339 344 332 324 335 323 323 335 329 332 342 347 352 353 353 350 350 348 343 339 337 333 333 336 339 340 341 345 347 353 355 354 353 355 358 358 352 347 343 341 339 340 337 335 333 330 327 327 328 328 327 326 325 325 325 326 328 329 328 -9999 -9999 328 -9999 -9999 -9999 -9999 -9999 -9999 -9999 -9999 -9999 -9999 -9999 -9999 -9999 -9999 -9999 -9999 322 325 326 326 327 329
337 347 353 374 352 353 347 342 344 350 347 352 354 359 359 359 356 354 349 342 339 340 334 334 339 342 339 344 347 352 356 356 354 353 354 354 352 349 344 337 335 334 -9999 333 331 329 -9999 -9999 -9999 -9999 324 -9999 323 -9999 -9999 322 324 327 328 327 327 326 326 -9999 -9999 -9999 -9999 -9999 -9999 -9999 -9999 -9999 -9999 -9999 -9999 -9999 -9999 -9999 -9999 -9999 -9999 321 -9999 -9999 -9999
327 346 364 387 386 355 343 352 350 350 358 341 339 350 355 357 362 360 355 349 345 345 342 345 347 348 347 349 351 355 356 358 355 352 352 351 349 346 342 335 331 330 -9999 328 328 -9999 -9999 -9999 -9999 -9999 -9999 -9999 321 -9999 320 -9999 323 325 325 325 325 324 323 -9999 -9999 -9999 -9999 -9999 -9999 -9999 -9999 -9999 -9999 -9999 -9999 -9999 -9999 -9999 -9999 -9999 -9999 -9999 -9999 -9999 -9999
