resultados/variables_norteamerica/bio5.asc
ncols 469
nrows 225
xllcorner -169.133333
yllcorner 20.675000
cellsize 0.249840
NODATA_value -9999
[rows 76 to 113 of 225, columns 340 to 424 of 469]
-9999 -9999 -9999 -9999 -9999 -9999 -9999 -9999 -9999 -9999 -9999 -9999 -9999 -9999 -9999 -9999 -9999 -9999 -9999 -9999 -9999 -9999 -9999 -9999 -9999 -9999 -9999 -9999 -9999 135 135 135 135 134 134 134 134 133 134 134 134 135 136 138 139 138 137 138 139 140 140 141 142 144 145 147 150 152 153 158 159 159 162 163 160 161 161 159 157 155 153 152 149 147 146 140 136 132 130 127 125 126 131 130 129
-9999 -9999 -9999 -9999 -9999 -9999 -9999 -9999 -9999 -9999 -9999 -9999 -9999 -9999 -9999 -9999 -9999 -9999 -9999 -9999 -9999 -9999 -9999 -9999 -9999 -9999 -9999 -9999 -9999 -9999 135 135 135 135 136 135 135 -9999 136 137 138 138 138 137 137 139 139 139 140 141 142 144 145 146 149 153 157 158 160 161 161 160 161 164 162 160 161 163 159 157 155 152 152 150 149 148 142 137 135 133 131 131 131 131 133
-9999 -9999 -9999 -9999 -9999 -9999 -9999 -9999 -9999 -9999 -9999 -9999 -9999 -9999 -9999 -9999 -9999 -9999 -9999 -9999 -9999 -9999 -9999 -9999 -9999 -9999 -9999 -9999 -9999 -9999 137 136 137 137 137 138 138 140 140 139 139 139 139 139 139 139 140 142 142 145 147 146 148 152 152 152 155 159 160 163 162 161 164 165 165 162 162 164 161 159 157 156 155 155 153 153 149 144 140 138 138 138 137 137 137
-9999 -9999 -9999 -9999 -9999 -9999 -9999 -9999 -9999 -9999 -9999 -9999 -9999 -9999 -9999 -9999 -9999 -9999 -9999 -9999 -9999 -9999 -9999 -9999 -9999 -9999 -9999 -9999 -9999 -9999 140 138 138 139 139 140 140 140 141 141 140 140 140 141 142 143 143 144 146 146 147 150 151 151 152 153 156 156 157 162 165 164 165 167 165 164 163 164 164 163 161 159 158 157 155 155 151 148 147 146 143 142 140 141 141
-9999 -9999 -9999 -9999 -9999 -9999 -9999 -9999 -9999 -9999 -9999 -9999 -9999 -9999 -9999 -9999 -9999 -9999 -9999 -9999 -9999 -9999 -9999 -9999 -9999 -9999 -9999 -9999 -9999 -9999 -9999 140 140 141 141 141 141 141 141 142 -9999 143 144 145 146 146 145 146 148 149 150 152 151 152 153 154 157 157 158 164 169 166 165 168 169 168 166 166 163 163 164 163 161 160 160 158 158 159 152 151 147 145 145 142 142
-9999 -9999 -9999 -9999 -9999 -9999 -9999 -9999 -9999 -9999 -9999 -9999 -9999 -9999 -9999 -9999 -9999 -9999 -9999 -9999 -9999 -9999 -9999 -9999 -9999 -9999 -9999 -9999 -9999 -9999 -9999 143 143 143 143 143 144 145 145 146 145 147 148 149 147 147 148 149 149 149 149 152 155 154 154 154 158 159 162 165 166 166 170 168 167 167 166 166 165 164 164 164 165 164 162 161 159 162 158 156 154 153 151 151 152
-9999 -9999 -9999 -9999 -9999 -9999 -9999 -9999 -9999 -9999 -9999 -9999 -9999 -9999 -9999 -9999 -9999 -9999 -9999 -9999 151 -9999 -9999 -9999 -9999 -9999 -9999 -9999 -9999 -9999 -9999 -9999 148 145 144 145 146 146 146 148 -9999 148 148 148 149 149 150 149 150 152 151 154 156 157 155 157 158 160 160 164 171 171 172 168 163 165 166 165 166 166 166 167 166 166 166 166 166 166 164 162 159 158 157 154 152
-9999 -9999 -9999 -9999 -9999 -9999 -9999 -9999 -9999 -9999 -9999 -9999 -9999 -9999 -9999 -9999 -9999 -9999 -9999 155 -9999 -9999 -9999 -9999 -9999 -9999 -9999 -9999 -9999 -9999 148 150 148 147 147 148 148 148 149 151 -9999 149 149 151 151 152 152 152 153 154 153 154 156 158 158 156 157 158 162 163 166 172 171 171 168 163 168 167 166 166 166 168 168 168 168 167 167 170 168 166 162 160 158 157 158
-9999 -9999 -9999 -9999 -9999 -9999 -9999 -9999 -9999 -9999 -9999 -9999 -9999 -9999 -9999 -9999 -9999 -9999 158 -9999 -9999 -9999 -9999 -9999 -9999 -9999 -9999 -9999 -9999 146 146 146 147 148 149 150 151 150 150 151 152 151 152 153 154 154 153 154 155 155 154 158 159 159 158 157 158 160 161 163 167 167 169 169 168 166 165 166 166 168 168 168 170 170 171 168 170 172 -9999 169 166 162 160 -9999 157
-9999 -9999 -9999 -9999 -9999 -9999 -9999 -9999 -9999 -9999 -9999 -9999 -9999 -9999 -9999 -9999 -9999 -9999 -9999 -9999 -9999 -9999 -9999 -9999 -9999 -9999 -9999 -9999 148 147 148 149 150 150 151 152 152 152 152 153 154 154 155 156 154 154 152 153 156 156 158 157 157 158 158 159 160 161 163 165 166 167 168 170 171 167 -9999 166 165 167 167 169 -9999 171 170 170 172 172 173 171 169 -9999 161 159 159
-9999 -9999 -9999 -9999 -9999 -9999 -9999 -9999 -9999 -9999 -9999 -9999 -9999 -9999 -9999 -9999 -9999 -9999 -9999 -9999 -9999 -9999 -9999 -9999 -9999 -9999 -9999 150 151 152 152 151 152 152 154 154 154 155 155 154 155 155 157 156 155 156 156 158 158 160 160 161 161 161 162 162 163 163 165 164 165 166 165 169 167 168 164 169 168 167 168 167 168 170 171 175 172 173 174 173 169 167 164 161 160
194 193 192 192 191 189 188 -9999 -9999 -9999 -9999 -9999 -9999 -9999 -9999 -9999 -9999 -9999 -9999 -9999 -9999 -9999 -9999 -9999 154 152 152 154 155 155 155 155 155 156 156 157 158 158 156 156 157 157 157 158 -9999 160 160 -9999 161 162 162 162 163 163 161 162 164 163 164 165 165 165 165 166 166 166 165 164 169 170 172 172 172 174 175 175 173 174 174 174 171 169 167 165 163
196 195 194 193 192 191 190 189 -9999 -9999 -9999 -9999 -9999 -9999 -9999 -9999 -9999 -9999 -9999 -9999 -9999 163 162 160 159 156 156 157 157 158 160 158 157 158 158 159 160 160 160 159 160 160 161 161 162 162 162 162 162 163 163 163 162 163 162 163 165 165 165 165 166 166 166 167 167 168 167 166 167 170 173 -9999 175 176 177 177 176 177 177 176 174 172 171 168 167
197 197 196 196 195 194 193 192 -9999 -9999 -9999 -9999 -9999 -9999 -9999 -9999 -9999 -9999 -9999 170 169 166 164 163 162 162 162 163 162 162 162 163 162 161 162 163 163 163 162 162 163 162 162 163 163 163 164 164 164 165 165 165 164 164 166 164 166 167 167 168 169 169 168 168 167 168 168 168 168 172 176 177 177 177 179 180 179 179 178 179 175 174 174 173 173
198 199 199 198 198 197 197 -9999 -9999 -9999 -9999 -9999 -9999 -9999 -9999 -9999 -9999 -9999 -9999 173 171 169 168 167 167 167 167 168 167 168 168 167 168 168 168 168 167 165 165 165 164 165 -9999 166 166 166 166 166 167 167 167 166 165 165 165 166 168 169 169 170 170 170 171 171 171 171 171 171 172 172 176 -9999 180 179 181 182 182 181 181 182 179 179 178 177 177
200 201 201 200 200 200 200 199 -9999 -9999 -9999 -9999 -9999 -9999 -9999 -9999 -9999 -9999 -9999 -9999 174 174 173 172 172 172 173 172 172 172 173 -9999 172 173 173 172 172 172 170 170 170 169 169 -9999 170 169 168 168 169 169 168 166 166 167 168 168 169 171 171 172 172 172 172 172 172 171 172 172 173 175 177 180 180 182 183 184 -9999 185 184 -9999 -9999 -9999 181 -9999 179
205 204 204 204 203 203 202 202 -9999 -9999 -9999 -9999 -9999 -9999 -9999 -9999 -9999 -9999 -9999 -9999 -9999 177 177 178 178 179 179 177 176 177 177 176 176 174 -9999 -9999 175 175 176 175 174 174 174 172 173 172 172 169 170 171 170 170 169 169 170 170 171 171 173 173 174 174 174 174 173 174 173 173 175 176 179 182 180 183 184 186 -9999 187 187 185 -9999 -9999 183 182 180
209 208 208 207 207 206 206 205 -9999 -9999 -9999 -9999 -9999 -9999 -9999 -9999 -9999 -9999 -9999 -9999 -9999 181 180 180 181 183 183 -9999 182 -9999 -9999 180 178 -9999 178 177 178 179 178 177 176 175 174 174 174 174 173 174 173 173 172 172 171 171 171 172 173 173 173 174 175 176 176 175 176 176 175 174 174 175 180 183 181 185 187 188 188 188 189 190 190 188 186 185 183
211 211 211 210 210 210 209 208 -9999 -9999 -9999 -9999 -9999 -9999 -9999 -9999 -9999 -9999 -9999 -9999 -9999 184 183 183 184 185 186 184 184 184 -9999 183 182 181 180 179 178 179 180 178 -9999 177 176 176 176 175 175 174 175 175 175 173 -9999 174 174 173 173 174 174 175 176 177 177 177 176 176 176 177 177 178 182 184 183 184 185 185 187 -9999 190 189 190 190 191 192 188
214 214 214 214 213 213 213 212 -9999 210 208 206 204 -9999 -9999 -9999 -9999 -9999 -9999 -9999 -9999 187 186 -9999 186 186 186 186 186 -9999 187 186 185 184 183 182 180 181 182 182 181 181 180 180 179 179 178 178 177 176 175 176 177 178 177 176 174 173 173 176 176 175 177 179 179 178 178 178 177 181 184 186 185 185 188 188 188 189 191 189 188 188 188 188 189
217 217 217 217 217 217 216 216 -9999 -9999 209 208 206 205 -9999 -9999 -9999 -9999 -9999 -9999 -9999 -9999 190 190 190 189 190 189 189 189 189 189 189 188 187 186 185 184 184 183 182 183 -9999 181 181 180 180 180 179 178 178 179 179 180 -9999 180 178 178 178 177 178 178 179 180 180 180 181 179 181 183 185 187 189 190 190 192 191 190 191 189 186 184 182 185 187
219 220 220 220 220 220 219 219 218 218 -9999 -9999 -9999 -9999 -9999 -9999 -9999 -9999 -9999 -9999 -9999 -9999 192 192 192 192 192 191 192 192 192 193 192 191 190 189 188 187 187 185 185 185 185 184 -9999 182 183 185 184 183 183 182 182 181 180 179 181 183 182 179 180 180 181 182 181 182 182 183 184 185 189 190 192 193 193 192 192 192 191 -9999 188 186 184 186 186
222 223 223 223 222 222 222 221 221 220 -9999 -9999 -9999 -9999 -9999 -9999 -9999 -9999 -9999 -9999 -9999 -9999 -9999 195 195 195 195 196 196 196 -9999 -9999 194 194 193 193 192 192 191 191 191 189 188 188 188 187 187 185 184 183 182 180 178 175 173 177 181 183 184 183 183 181 184 183 183 186 187 186 188 189 189 189 193 194 192 190 190 188 187 188 190 189 186 186 185
225 226 226 226 225 225 224 224 224 223 222 221 -9999 -9999 -9999 -9999 -9999 -9999 -9999 204 -9999 -9999 200 199 199 198 198 197 197 198 198 197 197 197 197 196 196 195 195 195 193 193 193 192 191 190 188 182 177 181 179 178 179 177 178 182 180 181 185 189 189 189 191 190 187 190 190 189 190 192 190 190 192 191 191 190 189 186 186 188 187 188 187 186 186
228 229 229 228 228 227 227 226 226 225 224 222 220 -9999 -9999 -9999 -9999 -9999 -9999 -9999 -9999 -9999 204 203 203 202 202 -9999 202 202 202 201 200 200 200 199 199 198 196 197 197 197 195 195 194 185 182 181 183 187 186 185 184 184 185 188 187 188 188 194 192 190 194 194 193 187 191 186 188 190 192 192 193 192 194 191 187 184 185 183 183 186 185 183 183
231 231 231 231 231 230 229 229 227 227 225 224 222 221 220 -9999 -9999 -9999 -9999 213 -9999 -9999 209 207 207 206 205 204 205 -9999 204 204 204 203 203 202 201 201 200 200 199 199 197 196 193 191 190 193 191 190 191 191 188 186 186 188 191 192 192 194 -9999 197 197 -9999 183 180 182 183 185 189 187 192 190 191 191 190 187 183 180 178 180 183 183 180 180
233 233 233 233 232 232 231 230 230 229 228 227 226 224 223 -9999 -9999 -9999 217 216 215 -9999 213 212 211 209 208 208 208 208 207 207 205 204 205 205 205 204 204 203 202 201 199 199 199 200 199 198 194 192 192 194 193 192 187 186 191 194 196 197 199 197 196 201 195 194 192 189 191 189 188 192 189 188 185 186 184 185 177 174 176 178 179 179 177
235 235 235 235 234 234 233 233 233 232 231 230 229 228 226 224 223 223 222 220 219 217 217 215 213 212 211 211 211 211 210 210 209 208 209 208 207 207 206 205 204 204 -9999 -9999 203 201 197 197 194 195 196 197 195 193 195 189 191 189 195 197 196 199 200 193 191 -9999 193 189 190 190 189 192 190 188 181 184 183 183 181 179 175 174 175 180 179
237 237 236 235 235 235 235 235 235 235 234 233 231 230 227 226 225 225 224 223 220 220 218 217 216 215 214 215 -9999 215 214 214 213 212 211 211 210 208 207 207 206 206 -9999 204 202 200 200 198 198 197 197 201 200 198 197 196 193 190 196 202 199 199 201 193 193 -9999 193 193 194 193 191 193 190 187 179 185 182 177 184 181 182 178 180 180 182
239 238 237 237 236 237 238 239 238 237 237 235 233 230 226 223 222 222 223 224 224 222 220 219 218 218 217 217 217 217 217 216 214 214 214 213 210 210 208 207 208 208 207 205 204 203 203 202 203 201 199 201 197 199 200 202 199 195 201 206 203 202 205 201 197 199 -9999 194 196 194 193 190 193 187 186 189 188 185 185 182 183 181 181 184 186
240 239 238 238 239 240 241 241 240 239 238 234 231 228 226 224 223 223 222 223 224 223 222 222 222 222 222 222 220 220 220 218 217 216 216 215 215 213 212 210 210 211 208 208 207 207 208 206 206 201 200 204 202 202 202 202 205 205 208 212 205 202 207 201 198 198 195 194 201 200 201 196 198 195 194 194 191 189 188 187 185 184 184 185 -9999
240 239 239 239 240 240 241 241 240 238 236 234 231 229 228 226 225 225 225 225 226 225 226 226 226 226 225 224 224 224 223 222 221 220 219 219 218 217 214 212 212 210 211 212 211 211 208 206 209 207 204 205 209 211 208 207 211 215 213 213 214 209 208 202 202 201 196 203 206 207 -9999 -9999 -9999 -9999 -9999 -9999 -9999 -9999 -9999 -9999 -9999 -9999 -9999 -9999 -9999
238 238 239 239 239 239 239 239 239 236 236 234 233 231 229 228 227 227 228 228 228 228 229 229 229 229 228 228 227 227 225 224 223 222 222 222 221 220 215 214 213 212 215 215 214 215 214 212 213 213 212 212 215 215 215 217 218 220 218 218 216 213 211 209 206 202 201 204 209 -9999 -9999 -9999 -9999 -9999 -9999 -9999 -9999 -9999 -9999 190 185 -9999 -9999 -9999 -9999
238 239 239 239 239 239 239 239 239 238 237 236 234 233 232 231 230 230 230 230 230 230 231 232 231 231 230 229 226 227 228 227 226 225 224 223 223 221 218 -9999 215 215 217 218 216 219 220 221 221 218 217 218 219 218 220 220 223 223 225 221 218 215 211 208 204 204 205 207 -9999 -9999 -9999 -9999 -9999 -9999 -9999 -9999 -9999 -9999 -9999 -9999 -9999 -9999 176 174 176
238 238 239 239 239 239 239 238 239 239 238 238 236 235 -9999 232 232 233 232 231 230 231 232 232 232 230 230 231 230 229 228 228 226 224 223 223 222 220 218 217 217 218 219 220 222 225 226 227 226 222 217 221 218 215 218 217 222 226 231 226 222 215 212 211 210 210 212 213 -9999 -9999 -9999 -9999 -9999 -9999 -9999 -9999 -9999 -9999 -9999 -9999 -9999 -9999 177 178 178
238 238 239 240 239 239 238 238 238 238 239 238 237 236 235 234 234 234 233 232 231 231 231 232 231 230 229 230 232 -9999 227 226 225 225 224 223 220 217 217 217 218 219 220 224 229 231 232 232 228 226 224 222 223 215 217 219 222 223 225 225 223 219 216 214 -9999 -9999 -9999 -9999 -9999 -9999 202 198 189 192 198 200 199 202 204 -9999 -9999 -9999 -9999 -9999 -9999
237 238 239 239 238 238 236 237 238 238 240 240 239 238 237 237 238 238 237 235 232 232 231 231 230 228 227 229 230 228 226 225 225 225 224 222 220 220 219 215 215 217 217 222 228 235 239 237 230 230 230 226 223 212 214 214 216 221 223 225 225 222 -9999 -9999 -9999 -9999 -9999 -9999 207 202 197 198 196 197 197 199 202 204 210 208 -9999 -9999 -9999 -9999 -9999
236 237 239 238 237 236 234 235 237 238 241 242 240 239 238 237 237 239 239 238 234 232 231 231 230 226 225 227 228 225 224 226 226 226 225 224 223 221 -9999 216 216 217 217 222 227 233 237 235 -9999 -9999 234 237 237 226 216 211 216 218 220 224 -9999 -9999 -9999 -9999 216 216 220 222 216 210 207 207 207 207 207 205 205 206 209 211 -9999 -9999 -9999 -9999 -9999
