resultados/variables_norteamerica/bio5.asc
ncols 469
nrows 225
xllcorner -169.133333
yllcorner 20.675000
cellsize 0.249840
NODATA_value -9999
[rows 114 to 151 of 225, columns 340 to 424 of 469]
236 236 237 237 237 235 233 233 236 238 240 240 240 239 237 236 237 238 238 237 235 235 232 231 230 226 226 226 226 226 225 226 226 226 226 225 224 222 220 217 216 218 220 224 229 234 234 233 230 229 230 233 238 239 233 231 228 -9999 -9999 -9999 -9999 221 219 216 216 216 223 228 224 217 217 214 216 221 217 211 213 216 -9999 -9999 -9999 -9999 -9999 -9999 -9999
231 233 235 236 237 235 233 234 235 237 238 239 238 237 236 237 238 239 239 238 237 235 233 231 -9999 228 226 226 226 225 225 223 224 225 226 226 223 221 219 216 217 222 223 230 236 240 237 233 229 226 220 216 218 222 222 217 225 225 -9999 -9999 225 222 224 220 220 221 224 228 232 232 -9999 -9999 -9999 -9999 -9999 225 -9999 -9999 -9999 -9999 -9999 -9999 -9999 -9999 -9999
228 231 234 237 237 236 235 235 236 237 239 239 238 238 237 238 240 243 242 239 238 237 235 233 231 229 228 226 225 225 227 228 227 227 228 227 224 223 220 218 219 224 228 235 241 245 241 234 230 224 214 208 204 208 211 223 222 -9999 233 228 226 230 228 224 222 224 229 234 235 236 230 228 233 237 -9999 -9999 234 231 -9999 -9999 -9999 -9999 -9999 -9999 -9999
226 230 233 236 236 235 235 236 237 238 239 239 239 238 236 237 240 243 245 242 240 238 237 234 233 232 230 229 228 229 229 226 228 229 230 231 229 225 221 221 222 225 230 238 242 245 239 237 230 222 213 208 205 208 228 228 -9999 -9999 231 228 232 234 233 231 229 230 234 232 234 232 232 228 234 242 243 239 237 -9999 -9999 -9999 -9999 -9999 -9999 -9999 -9999
226 229 232 234 236 235 235 237 238 238 238 239 239 238 237 239 240 240 242 244 241 239 237 236 235 234 233 232 232 232 231 230 231 232 232 233 231 229 226 225 225 229 232 235 242 245 242 239 231 222 216 216 210 213 -9999 -9999 235 231 225 232 236 237 238 238 238 235 233 235 235 229 226 230 237 245 245 245 -9999 -9999 -9999 -9999 -9999 -9999 -9999 -9999 -9999
225 228 232 236 237 237 235 235 236 237 238 239 240 242 243 243 242 241 241 244 243 242 240 240 240 238 235 236 235 234 234 234 236 238 239 236 234 231 227 225 227 231 232 235 240 244 244 242 235 232 232 231 228 236 -9999 237 229 230 231 236 238 237 242 243 241 238 236 239 234 230 233 235 243 250 252 252 252 249 -9999 -9999 -9999 -9999 -9999 -9999 -9999
228 232 237 240 238 236 234 233 234 236 237 239 243 246 -9999 245 243 242 242 243 245 245 244 243 241 241 239 239 239 238 238 240 242 242 237 238 234 229 228 227 232 235 235 238 242 246 247 249 248 249 248 -9999 254 248 237 228 230 234 236 237 236 240 245 245 247 244 241 241 234 234 237 242 249 252 254 254 255 255 -9999 240 -9999 -9999 -9999 -9999 -9999
236 239 244 246 241 237 235 234 235 237 238 244 247 249 249 247 246 244 241 240 245 247 245 245 244 245 243 246 246 243 243 244 246 243 240 238 234 236 231 231 233 233 235 241 247 252 254 256 -9999 253 251 250 248 239 229 227 234 235 235 239 238 242 247 249 249 250 245 238 240 240 244 247 249 252 252 254 256 254 -9999 -9999 237 235 -9999 -9999 -9999
244 246 -9999 252 244 239 237 237 238 239 241 244 247 249 250 250 249 248 -9999 245 246 250 249 250 250 251 249 250 251 250 248 248 249 246 243 236 238 239 232 229 236 240 246 253 258 -9999 260 257 254 251 246 240 235 240 236 234 233 233 238 242 243 247 249 249 250 254 252 245 242 244 248 247 246 249 252 253 254 252 -9999 -9999 -9999 -9999 234 233 235
248 -9999 -9999 -9999 -9999 -9999 -9999 -9999 -9999 239 -9999 242 245 248 249 249 249 247 245 244 243 244 245 247 251 255 258 258 256 256 252 250 252 249 244 240 242 242 241 234 239 249 259 264 265 263 260 257 254 244 236 235 236 239 241 233 232 234 241 243 239 243 251 253 254 254 252 249 247 248 249 248 248 249 250 252 252 251 247 238 237 -9999 -9999 -9999 -9999
-9999 -9999 -9999 -9999 -9999 -9999 -9999 238 235 235 -9999 -9999 -9999 -9999 249 249 248 246 244 -9999 241 242 243 243 245 252 256 263 266 265 259 254 253 249 248 245 249 247 245 243 252 260 265 267 266 264 260 256 252 244 238 239 234 232 236 229 235 240 241 242 245 250 257 256 256 255 250 247 245 244 248 245 244 241 245 246 244 242 244 238 237 239 240 241 241
-9999 -9999 -9999 -9999 -9999 -9999 -9999 -9999 235 233 -9999 -9999 -9999 -9999 -9999 250 249 248 246 -9999 243 241 241 241 241 246 256 261 265 267 265 260 256 255 258 258 260 260 260 261 262 264 268 267 266 264 259 253 251 246 242 235 226 230 227 236 233 241 242 237 247 256 259 259 256 254 252 245 240 236 234 229 230 232 234 237 240 -9999 243 241 236 236 236 236 236
268 262 257 -9999 -9999 -9999 -9999 -9999 -9999 -9999 230 233 -9999 -9999 -9999 -9999 252 249 248 249 -9999 245 242 240 240 245 251 254 257 261 261 261 259 262 262 262 263 263 264 265 267 267 268 268 267 263 256 250 253 250 240 228 222 219 225 236 240 241 246 253 257 258 260 258 256 255 254 244 234 229 222 219 -9999 219 -9999 -9999 -9999 -9999 -9999 246 -9999 244 242 241 237
270 265 260 -9999 -9999 -9999 -9999 -9999 -9999 -9999 -9999 233 -9999 -9999 -9999 -9999 -9999 252 251 250 249 248 247 244 244 247 249 252 255 255 257 259 259 261 262 264 265 266 -9999 269 267 264 267 268 268 259 249 256 252 240 235 228 225 226 228 227 245 250 254 259 259 261 261 256 254 254 252 244 -9999 226 -9999 -9999 -9999 -9999 -9999 -9999 -9999 248 246 245 247 240 239 237 233
270 267 261 256 -9999 -9999 -9999 -9999 -9999 -9999 -9999 -9999 240 -9999 -9999 -9999 254 256 255 254 253 252 251 249 249 250 251 253 255 255 256 258 259 260 262 264 265 266 263 255 247 249 263 -9999 262 255 243 252 245 238 237 229 240 233 233 248 256 263 266 265 262 261 258 256 252 250 245 237 -9999 -9999 -9999 -9999 -9999 -9999 230 233 238 239 236 235 235 232 231 228 -9999
269 269 264 258 -9999 -9999 -9999 -9999 -9999 -9999 -9999 -9999 242 245 249 -9999 -9999 257 255 -9999 256 -9999 255 255 -9999 255 256 258 257 255 254 257 260 261 264 264 259 253 247 244 244 252 265 -9999 265 247 251 247 249 244 253 241 239 245 255 257 262 269 272 264 261 260 257 256 252 247 -9999 -9999 -9999 -9999 -9999 -9999 -9999 -9999 216 221 224 228 226 227 -9999 225 -9999 -9999 -9999
273 271 -9999 -9999 -9999 -9999 -9999 -9999 -9999 -9999 241 241 245 246 245 244 256 260 259 259 256 257 256 257 256 257 260 262 260 256 254 -9999 261 264 266 261 252 247 246 244 240 242 259 276 262 247 253 247 258 258 245 222 241 259 260 263 266 268 268 263 261 -9999 -9999 -9999 -9999 -9999 -9999 -9999 -9999 -9999 -9999 -9999 196 200 202 206 209 210 212 -9999 -9999 -9999 -9999 -9999 -9999
274 273 -9999 -9999 -9999 -9999 -9999 -9999 -9999 -9999 246 246 247 247 244 245 252 260 260 258 257 257 254 254 252 258 -9999 266 263 260 -9999 -9999 262 262 260 255 243 242 240 238 230 232 259 279 260 243 251 248 261 240 228 238 263 267 265 265 264 263 263 -9999 -9999 -9999 -9999 -9999 -9999 -9999 -9999 -9999 -9999 -9999 -9999 -9999 195 194 192 193 194 196 -9999 -9999 -9999 -9999 -9999 -9999 -9999
277 -9999 -9999 276 271 264 -9999 -9999 -9999 -9999 250 249 249 248 247 249 252 261 265 264 -9999 -9999 -9999 -9999 -9999 -9999 -9999 -9999 -9999 -9999 -9999 -9999 260 247 248 253 242 238 234 234 241 255 263 281 265 248 258 259 255 254 -9999 260 267 266 266 264 -9999 -9999 -9999 -9999 -9999 -9999 -9999 -9999 -9999 -9999 -9999 -9999 -9999 -9999 -9999 -9999 -9999 -9999 183 183 185 -9999 -9999 -9999 -9999 -9999 -9999 -9999 -9999
282 283 283 282 276 270 -9999 -9999 -9999 -9999 254 253 254 253 255 257 258 266 -9999 -9999 -9999 -9999 -9999 -9999 -9999 -9999 -9999 -9999 -9999 -9999 -9999 -9999 261 251 243 253 244 234 230 237 241 262 270 286 272 250 257 266 259 261 269 268 268 271 272 268 -9999 -9999 -9999 -9999 -9999 -9999 -9999 -9999 -9999 -9999 -9999 -9999 -9999 -9999 -9999 -9999 -9999 -9999 173 174 -9999 -9999 -9999 -9999 -9999 -9999 -9999 -9999 -9999
286 285 285 284 280 275 270 -9999 -9999 262 259 257 258 259 261 263 265 271 -9999 -9999 273 276 276 272 270 274 -9999 277 276 273 267 268 269 267 264 261 257 244 242 248 252 267 283 278 259 251 266 266 260 269 274 270 273 276 -9999 -9999 -9999 -9999 -9999 -9999 -9999 -9999 -9999 -9999 -9999 -9999 -9999 -9999 -9999 -9999 -9999 -9999 -9999 -9999 -9999 -9999 -9999 -9999 -9999 -9999 -9999 -9999 -9999 -9999 -9999
280 281 283 284 282 278 274 -9999 265 263 261 260 262 262 266 266 266 264 264 264 -9999 271 272 269 270 274 277 276 275 274 271 270 272 268 268 269 268 267 262 266 267 280 283 274 248 253 268 265 260 270 275 275 278 -9999 -9999 -9999 -9999 -9999 -9999 -9999 -9999 -9999 -9999 -9999 -9999 -9999 -9999 -9999 -9999 -9999 -9999 -9999 -9999 -9999 -9999 -9999 -9999 -9999 -9999 -9999 -9999 -9999 -9999 -9999 -9999
277 277 280 282 283 281 278 274 271 267 262 258 259 263 266 264 -9999 -9999 -9999 -9999 -9999 266 264 259 264 274 268 270 272 275 267 261 259 253 257 256 254 256 267 269 274 284 278 269 248 253 272 270 262 265 277 280 281 277 -9999 -9999 -9999 -9999 -9999 -9999 -9999 -9999 -9999 -9999 -9999 -9999 -9999 -9999 -9999 -9999 -9999 -9999 -9999 -9999 -9999 -9999 -9999 -9999 -9999 -9999 -9999 -9999 -9999 -9999 -9999
277 277 280 285 286 284 281 282 280 272 265 -9999 -9999 -9999 266 -9999 -9999 -9999 -9999 -9999 267 263 257 255 264 268 262 262 270 271 271 262 259 256 256 257 257 251 249 255 262 285 275 260 253 263 277 270 264 267 277 282 280 277 -9999 -9999 -9999 -9999 -9999 -9999 -9999 -9999 -9999 -9999 -9999 -9999 -9999 -9999 -9999 -9999 -9999 -9999 -9999 -9999 -9999 -9999 -9999 -9999 -9999 -9999 -9999 -9999 -9999 -9999 -9999
278 278 284 286 281 280 282 287 -9999 -9999 -9999 -9999 -9999 -9999 -9999 -9999 -9999 -9999 259 258 260 257 253 255 263 260 262 265 264 268 265 263 263 263 259 258 253 246 242 244 262 287 273 264 257 272 281 273 267 270 277 282 281 277 -9999 -9999 -9999 -9999 -9999 -9999 -9999 -9999 -9999 -9999 -9999 -9999 -9999 -9999 -9999 -9999 -9999 -9999 -9999 -9999 -9999 -9999 -9999 -9999 -9999 -9999 -9999 -9999 -9999 -9999 -9999
281 283 286 285 275 276 280 -9999 -9999 -9999 -9999 -9999 -9999 -9999 -9999 -9999 266 261 260 263 262 256 254 257 257 257 258 264 267 273 271 268 264 263 260 258 254 247 235 244 270 285 270 267 262 281 290 273 272 273 278 280 279 276 -9999 -9999 -9999 -9999 -9999 -9999 -9999 -9999 -9999 -9999 -9999 -9999 -9999 -9999 -9999 -9999 -9999 -9999 -9999 -9999 -9999 -9999 -9999 -9999 -9999 -9999 -9999 -9999 -9999 -9999 -9999
285 288 292 -9999 -9999 -9999 -9999 -9999 -9999 -9999 -9999 -9999 271 271 270 268 266 265 264 266 263 254 253 258 258 254 257 259 261 264 272 270 265 261 255 257 261 258 261 268 284 282 272 264 271 285 285 272 274 273 274 278 278 275 263 -9999 242 -9999 -9999 -9999 -9999 -9999 -9999 -9999 -9999 -9999 -9999 -9999 -9999 -9999 -9999 -9999 -9999 -9999 -9999 -9999 -9999 -9999 -9999 -9999 -9999 -9999 -9999 -9999 -9999
288 290 294 292 -9999 -9999 -9999 -9999 -9999 -9999 278 271 269 275 274 273 271 270 268 267 262 258 257 262 263 261 260 262 260 261 261 261 268 271 260 259 265 267 272 285 287 283 275 276 275 284 279 272 275 269 268 -9999 275 -9999 258 -9999 -9999 -9999 -9999 -9999 -9999 -9999 -9999 -9999 -9999 -9999 -9999 -9999 -9999 -9999 -9999 -9999 -9999 -9999 -9999 -9999 -9999 -9999 -9999 -9999 -9999 -9999 -9999 -9999 -9999
290 289 291 290 287 283 282 283 286 281 279 276 278 282 280 278 275 277 273 269 265 262 261 262 265 268 269 274 279 278 266 259 267 272 256 256 262 274 282 284 283 286 279 277 277 -9999 -9999 -9999 -9999 -9999 -9999 -9999 -9999 -9999 -9999 -9999 -9999 -9999 -9999 -9999 -9999 -9999 -9999 -9999 -9999 -9999 -9999 -9999 -9999 -9999 -9999 -9999 -9999 -9999 -9999 -9999 -9999 -9999 -9999 -9999 -9999 -9999 -9999 -9999 -9999
289 287 288 291 288 283 280 279 280 279 281 281 283 285 283 280 277 277 278 273 267 266 263 266 268 272 283 277 282 289 282 277 270 261 258 272 279 280 275 282 290 -9999 283 -9999 -9999 -9999 -9999 -9999 -9999 260 -9999 -9999 -9999 -9999 -9999 -9999 -9999 -9999 -9999 -9999 -9999 -9999 -9999 -9999 -9999 -9999 -9999 -9999 -9999 -9999 -9999 -9999 -9999 -9999 -9999 -9999 -9999 -9999 -9999 -9999 -9999 -9999 -9999 -9999 -9999
290 288 291 292 288 282 278 279 279 280 283 283 282 281 283 283 282 280 280 275 270 267 268 264 270 278 278 283 290 288 280 270 267 276 287 288 287 279 283 292 295 288 282 280 278 -9999 -9999 -9999 -9999 -9999 -9999 -9999 -9999 -9999 -9999 -9999 -9999 -9999 -9999 -9999 -9999 -9999 -9999 -9999 -9999 -9999 -9999 -9999 -9999 -9999 -9999 -9999 -9999 -9999 -9999 -9999 -9999 -9999 -9999 -9999 -9999 -9999 -9999 -9999 -9999
288 288 291 292 289 282 279 280 281 281 284 285 282 282 283 284 286 286 281 280 274 267 266 276 283 284 287 289 292 288 281 282 284 287 291 293 292 295 296 297 -9999 -9999 -9999 -9999 -9999 -9999 -9999 -9999 -9999 -9999 -9999 -9999 -9999 -9999 -9999 -9999 -9999 -9999 -9999 -9999 -9999 -9999 -9999 -9999 -9999 -9999 -9999 -9999 -9999 -9999 -9999 -9999 -9999 -9999 -9999 -9999 -9999 -9999 -9999 -9999 -9999 -9999 -9999 -9999 -9999
287 286 288 290 290 285 283 284 285 285 286 286 282 282 283 281 286 289 284 278 270 269 270 280 280 285 283 291 295 297 295 290 288 288 291 292 296 296 296 293 285 -9999 -9999 -9999 -9999 -9999 -9999 -9999 -9999 -9999 -9999 -9999 -9999 -9999 -9999 -9999 -9999 -9999 -9999 -9999 -9999 -9999 -9999 -9999 -9999 -9999 -9999 -9999 -9999 -9999 -9999 -9999 -9999 -9999 -9999 -9999 -9999 -9999 -9999 -9999 -9999 -9999 -9999 -9999 -9999
291 289 289 291 293 290 288 289 289 288 289 285 281 284 282 281 286 289 280 262 259 261 285 281 282 285 292 289 297 299 296 294 289 287 292 297 299 298 295 292 286 -9999 -9999 -9999 -9999 -9999 -9999 -9999 -9999 -9999 -9999 -9999 -9999 -9999 -9999 -9999 -9999 -9999 -9999 -9999 -9999 -9999 -9999 -9999 -9999 -9999 -9999 -9999 -9999 -9999 -9999 -9999 -9999 -9999 -9999 -9999 -9999 -9999 -9999 -9999 -9999 -9999 -9999 -9999 -9999
295 289 287 290 293 293 291 290 288 288 290 286 283 287 284 283 286 283 267 263 256 272 284 286 290 298 290 294 298 293 289 292 291 293 297 304 301 298 295 290 -9999 -9999 -9999 -9999 -9999 -9999 -9999 -9999 -9999 -9999 -9999 -9999 -9999 -9999 -9999 -9999 -9999 -9999 -9999 -9999 -9999 -9999 -9999 -9999 -9999 -9999 -9999 -9999 -9999 -9999 -9999 -9999 -9999 -9999 -9999 -9999 -9999 -9999 -9999 -9999 -9999 -9999 -9999 -9999 -9999
293 288 287 289 294 292 290 291 290 290 292 290 289 290 287 287 287 274 263 255 262 292 295 292 295 302 291 299 296 295 298 300 -9999 301 -9999 303 300 299 293 288 -9999 -9999 -9999 -9999 -9999 -9999 -9999 -9999 -9999 -9999 -9999 -9999 -9999 -9999 -9999 -9999 -9999 -9999 -9999 -9999 -9999 -9999 -9999 -9999 -9999 -9999 -9999 -9999 -9999 -9999 -9999 -9999 -9999 -9999 -9999 -9999 -9999 -9999 -9999 -9999 -9999 -9999 -9999 -9999 -9999
293 289 288 290 293 294 291 292 293 294 295 293 291 291 290 291 286 273 260 253 275 290 288 292 299 300 302 298 297 305 -9999 -9999 305 302 301 -9999 299 296 -9999 -9999 -9999 -9999 -9999 -9999 -9999 -9999 -9999 -9999 -9999 -9999 -9999 -9999 -9999 -9999 -9999 -9999 -9999 -9999 -9999 -9999 -9999 -9999 -9999 -9999 -9999 -9999 -9999 -9999 -9999 -9999 -9999 -9999 -9999 -9999 -9999 -9999 -9999 -9999 -9999 -9999 -9999 -9999 -9999 -9999 -9999
294 291 292 293 296 295 294 297 298 298 295 295 293 292 290 287 276 266 255 254 288 277 282 296 298 300 306 304 304 306 307 -9999 306 304 300 -9999 -9999 290 -9999 -9999 -9999 -9999 -9999 -9999 -9999 -9999 -9999 -9999 -9999 -9999 -9999 -9999 -9999 -9999 -9999 -9999 -9999 -9999 -9999 -9999 -9999 -9999 -9999 -9999 -9999 -9999 -9999 -9999 -9999 -9999 -9999 -9999 -9999 -9999 -9999 -9999 -9999 -9999 -9999 -9999 -9999 -9999 -9999 -9999 -9999
