resultados/variables_norteamerica/bio5.asc
ncols 469
nrows 225
xllcorner -169.133333
yllcorner 20.675000
cellsize 0.249840
NODATA_value -9999
[rows 114 to 151 of 225, columns 170 to 254 of 469]
-9999 -9999 -9999 -9999 -9999 -9999 -9999 -9999 192 212 -9999 -9999 -9999 -9999 -9999 -9999 -9999 226 215 204 221 198 190 202 210 233 269 273 291 280 267 273 257 285 276 286 261 280 269 261 263 257 242 249 270 262 257 242 254 269 246 235 228 221 230 248 257 262 270 279 282 289 294 295 297 299 301 279 267 271 278 290 295 296 295 293 293 292 293 295 290 289 288 290 293
-9999 -9999 -9999 -9999 -9999 -9999 -9999 -9999 202 215 207 195 199 200 -9999 -9999 221 226 229 212 201 191 179 194 215 232 269 293 296 296 300 288 282 295 277 288 283 285 273 271 265 255 259 262 248 259 255 254 252 -9999 262 238 235 224 216 224 253 262 270 278 283 286 289 293 299 304 301 278 268 274 284 287 280 294 298 299 298 296 298 300 301 302 303 304 305
-9999 -9999 -9999 -9999 -9999 -9999 -9999 -9999 -9999 217 208 184 174 159 185 233 -9999 228 235 228 207 205 194 236 235 267 286 285 294 298 298 294 290 292 290 289 289 288 274 278 256 257 259 260 273 246 261 249 267 268 256 250 228 228 218 217 253 265 271 274 278 283 290 295 297 296 300 299 296 292 297 294 289 297 301 305 299 299 302 -9999 305 304 302 304 304
-9999 -9999 -9999 -9999 -9999 -9999 -9999 -9999 -9999 214 214 204 194 191 226 239 -9999 -9999 234 226 196 182 180 200 273 278 275 293 297 307 306 298 293 289 286 283 283 282 273 280 273 271 266 257 262 266 265 265 278 279 256 252 224 234 217 231 261 267 272 276 281 282 287 280 272 287 294 293 293 290 298 305 306 307 309 310 303 302 304 305 305 308 304 302 304
-9999 -9999 -9999 -9999 -9999 -9999 -9999 -9999 -9999 -9999 212 216 224 237 248 -9999 -9999 247 240 213 202 203 218 228 223 257 298 297 309 312 306 301 298 296 294 289 283 277 275 273 272 265 264 263 261 262 272 263 262 273 265 234 247 225 226 221 243 267 272 278 284 276 272 270 265 280 282 285 279 276 283 299 303 305 311 309 304 304 307 308 307 308 304 302 301
-9999 -9999 -9999 -9999 -9999 -9999 -9999 -9999 -9999 -9999 204 215 235 244 247 249 243 243 226 196 190 189 204 242 273 260 299 308 312 310 307 307 305 303 303 298 286 277 274 269 265 265 250 255 253 251 246 268 264 264 258 239 261 262 256 238 244 253 278 262 262 263 245 244 236 260 272 277 273 265 280 293 300 304 310 312 306 303 305 305 307 307 303 297 294
-9999 -9999 -9999 -9999 -9999 -9999 -9999 -9999 -9999 -9999 -9999 213 229 239 250 248 236 233 216 168 189 183 216 249 276 275 299 312 314 311 306 312 312 311 310 306 296 281 276 274 273 268 271 273 267 258 257 248 256 255 277 261 263 251 257 250 240 260 276 263 241 259 251 230 222 240 250 268 247 238 262 283 296 300 309 313 310 311 308 308 306 305 303 302 307
-9999 -9999 -9999 -9999 -9999 -9999 -9999 -9999 -9999 -9999 -9999 208 221 229 247 254 241 232 230 226 203 191 214 272 301 290 280 307 319 315 314 315 316 315 314 311 298 290 282 292 289 287 277 265 261 256 256 251 246 229 281 245 239 258 256 260 256 251 276 275 275 241 262 246 248 253 261 272 272 271 284 296 302 305 309 310 310 315 316 314 310 309 310 313 311
-9999 -9999 -9999 -9999 -9999 -9999 -9999 -9999 -9999 -9999 -9999 -9999 -9999 224 241 252 236 212 211 214 191 211 227 276 301 312 314 298 302 316 318 315 315 310 299 277 259 287 306 288 267 276 287 272 264 258 245 247 238 247 272 229 244 241 217 264 236 234 258 236 283 262 251 255 242 242 261 276 284 289 296 302 300 296 303 310 315 318 317 317 316 315 315 316 308
-9999 -9999 -9999 -9999 -9999 -9999 -9999 -9999 -9999 -9999 -9999 205 212 229 242 251 238 232 232 216 227 253 256 237 265 277 295 307 306 303 310 312 319 314 268 245 255 272 289 269 266 274 293 276 265 261 255 266 236 247 261 232 229 216 232 256 247 235 261 275 289 270 250 253 253 210 258 272 277 289 294 298 302 306 312 315 319 311 309 311 313 312 314 314 311
-9999 -9999 -9999 -9999 -9999 -9999 -9999 -9999 -9999 -9999 -9999 202 211 230 239 264 257 236 234 247 265 271 280 285 -9999 -9999 315 320 317 315 312 306 305 286 251 263 270 261 255 286 275 283 258 251 254 253 241 259 241 246 251 236 237 239 230 240 235 267 270 277 289 287 261 244 271 268 281 289 286 292 298 302 308 306 309 314 321 311 305 305 313 315 310 309 307
-9999 -9999 -9999 -9999 -9999 -9999 -9999 -9999 -9999 -9999 -9999 203 212 235 265 264 265 257 237 227 252 281 300 296 299 311 311 308 302 298 299 311 284 264 270 274 267 262 259 269 271 275 244 240 239 250 249 236 233 243 250 236 251 225 212 246 262 275 212 257 259 260 244 241 252 239 242 270 288 296 301 307 298 302 313 320 317 310 305 306 304 316 307 304 305
-9999 -9999 -9999 -9999 -9999 -9999 -9999 -9999 -9999 -9999 -9999 209 220 255 270 269 265 252 227 207 212 273 290 287 291 284 289 287 281 267 271 261 257 267 283 266 223 226 247 262 241 261 242 232 260 226 243 247 253 259 254 254 231 229 237 260 282 254 254 259 227 218 213 249 220 199 195 208 257 276 296 297 270 282 298 313 308 305 291 301 313 309 309 304 307
-9999 -9999 -9999 -9999 -9999 -9999 -9999 -9999 -9999 -9999 -9999 217 245 273 275 268 250 218 223 219 245 274 292 281 292 280 266 263 265 261 266 261 242 233 265 276 248 226 248 280 247 265 233 242 240 226 242 253 225 245 248 274 243 242 263 261 251 249 241 231 225 212 215 232 219 210 201 187 173 230 296 293 278 285 262 249 290 299 295 309 308 310 308 309 305
-9999 -9999 -9999 -9999 -9999 -9999 -9999 -9999 -9999 -9999 -9999 226 244 274 274 265 240 226 226 212 253 294 305 287 290 295 283 287 289 285 276 253 238 237 253 285 291 286 302 267 288 264 263 245 231 225 247 250 239 232 271 233 257 237 233 251 247 233 224 215 236 222 234 216 212 216 209 201 222 254 289 294 309 312 281 208 214 262 302 302 299 306 310 305 303
-9999 -9999 -9999 -9999 -9999 -9999 -9999 -9999 -9999 -9999 204 230 249 269 274 268 239 234 234 221 262 292 286 264 258 274 264 274 286 275 266 269 261 269 276 276 284 286 281 300 318 275 265 247 232 233 228 229 222 261 275 264 221 252 225 240 242 249 242 239 236 247 227 224 210 210 202 204 213 244 275 288 303 310 315 291 215 192 240 292 298 302 307 301 303
-9999 -9999 -9999 -9999 -9999 -9999 -9999 -9999 -9999 -9999 211 235 246 271 270 262 250 244 243 228 272 290 289 284 271 255 266 263 279 269 278 257 245 255 278 295 302 315 318 319 307 289 268 261 246 233 236 232 236 249 246 240 242 239 243 229 267 274 267 260 256 257 228 213 218 211 197 193 215 224 259 283 298 312 319 313 279 199 192 270 299 303 305 297 298
-9999 -9999 -9999 -9999 -9999 -9999 -9999 -9999 -9999 -9999 219 239 255 271 271 263 260 258 249 211 236 276 286 282 273 277 288 281 263 261 261 261 263 278 288 308 313 329 330 327 314 303 288 272 267 247 220 227 214 230 240 241 224 260 241 281 307 304 291 280 276 270 256 228 221 207 195 186 187 201 251 273 295 311 320 318 311 268 221 270 300 304 305 297 299
-9999 -9999 -9999 -9999 -9999 -9999 -9999 -9999 -9999 -9999 224 242 260 267 264 259 260 257 -9999 246 263 245 261 271 276 275 287 270 264 268 266 261 293 302 304 312 323 324 329 327 326 311 283 280 278 255 229 223 220 225 213 221 264 263 287 307 309 305 298 288 270 259 248 214 242 218 196 189 192 178 216 264 295 313 321 321 313 296 248 287 302 310 305 297 301
-9999 -9999 -9999 -9999 -9999 -9999 -9999 -9999 -9999 -9999 223 248 272 276 260 255 257 252 230 258 273 260 268 272 278 283 286 283 285 278 286 289 284 299 299 300 306 314 320 -9999 326 323 307 301 270 273 252 249 247 264 259 248 274 293 301 303 297 298 298 283 267 254 233 248 216 212 207 214 242 232 243 260 275 299 294 300 291 263 258 298 306 308 300 299 305
-9999 -9999 -9999 -9999 -9999 -9999 -9999 -9999 -9999 209 230 245 270 288 275 264 262 251 231 261 257 259 285 289 293 291 289 287 294 294 292 293 293 298 291 303 312 308 299 300 328 326 324 317 296 285 286 292 289 297 292 296 294 296 296 302 304 303 289 263 259 254 240 251 228 211 212 179 187 254 279 287 302 318 315 308 297 267 284 298 303 305 295 300 307
-9999 -9999 -9999 -9999 -9999 -9999 -9999 -9999 -9999 215 243 251 273 288 278 273 257 237 228 274 274 259 277 279 281 289 298 289 283 282 284 293 283 289 305 319 311 305 299 272 308 337 335 336 335 327 320 317 317 311 304 304 305 299 297 305 307 293 273 264 262 253 262 236 215 235 237 207 172 198 266 297 310 319 316 308 296 291 297 299 302 301 296 298 301
-9999 -9999 -9999 -9999 -9999 -9999 -9999 -9999 -9999 216 234 246 269 276 273 276 276 241 242 275 276 259 267 269 285 287 290 289 291 289 286 276 260 298 303 325 322 308 295 282 285 304 331 339 336 338 333 332 324 316 306 306 307 303 304 302 295 286 269 273 268 251 261 227 212 239 253 254 230 188 206 280 307 310 294 292 280 276 287 297 304 293 303 299 303
-9999 -9999 -9999 -9999 -9999 -9999 -9999 -9999 -9999 218 238 245 284 289 297 305 285 243 269 275 277 279 268 241 271 -9999 280 290 282 294 296 271 288 308 318 322 317 307 300 286 284 282 297 313 317 316 318 319 314 310 306 306 305 310 298 288 289 289 277 282 264 250 249 223 214 250 266 264 262 246 220 239 275 287 285 287 286 288 295 295 299 270 254 256 283
-9999 -9999 -9999 -9999 -9999 -9999 -9999 -9999 -9999 210 236 257 290 300 301 302 274 249 259 278 283 276 275 263 263 268 271 286 280 279 295 289 312 304 294 305 296 302 299 299 298 290 287 300 305 301 300 301 295 280 284 287 280 309 286 290 291 288 289 288 255 274 264 239 225 257 268 269 274 272 268 263 271 277 277 271 278 278 291 287 270 272 266 250 251
-9999 -9999 -9999 -9999 -9999 -9999 -9999 -9999 -9999 211 237 262 273 256 277 256 283 286 274 286 286 285 279 270 279 258 274 290 282 276 284 297 310 273 284 312 291 291 301 303 302 295 280 286 290 290 277 287 288 273 284 272 286 297 297 312 303 301 297 298 239 271 269 255 250 273 280 282 281 278 267 273 284 287 289 285 285 287 280 287 272 276 277 266 259
-9999 -9999 -9999 -9999 -9999 -9999 -9999 -9999 -9999 -9999 231 250 262 292 286 290 314 270 272 276 287 292 288 282 286 273 288 277 277 275 291 310 302 304 297 318 284 285 301 305 304 300 276 274 265 250 280 287 284 289 286 277 283 293 324 322 314 307 312 288 252 264 272 264 269 280 287 290 284 279 276 281 285 290 288 284 285 278 286 284 275 278 277 271 264
-9999 -9999 -9999 -9999 -9999 -9999 -9999 -9999 -9999 -9999 226 246 282 253 262 297 303 280 247 260 257 292 285 291 297 277 296 282 280 283 280 301 324 328 325 313 295 303 307 305 300 296 269 279 279 281 274 292 294 297 298 299 315 318 326 330 319 326 307 281 253 257 267 262 279 289 292 294 289 283 285 282 284 281 287 284 274 266 275 278 248 237 260 269 257
-9999 -9999 -9999 -9999 -9999 -9999 -9999 -9999 -9999 -9999 227 257 286 284 254 267 241 261 278 277 293 292 290 282 298 264 -9999 278 287 301 302 336 318 324 329 320 324 319 302 296 298 284 283 291 290 293 289 288 298 299 314 328 330 327 330 -9999 -9999 330 316 276 252 257 267 262 273 285 286 293 294 277 271 276 274 285 287 288 278 260 243 267 247 200 246 267 255
-9999 -9999 -9999 -9999 -9999 -9999 -9999 -9999 -9999 -9999 221 261 269 271 251 264 280 312 305 290 309 304 289 278 278 271 280 299 286 301 334 340 321 337 331 330 328 323 328 314 310 293 294 291 304 303 284 289 286 301 311 328 333 332 330 -9999 -9999 -9999 328 287 279 269 259 246 235 245 261 281 -9999 272 261 273 281 286 292 293 286 269 240 226 241 231 238 255 247
-9999 -9999 -9999 -9999 -9999 -9999 -9999 -9999 -9999 -9999 219 253 289 291 297 314 320 350 338 280 285 278 275 276 282 289 286 295 303 328 334 331 320 331 332 327 306 326 334 317 326 315 315 311 307 280 285 301 299 304 327 331 334 335 329 328 331 -9999 330 293 272 268 220 202 186 185 195 223 249 269 289 291 290 291 294 283 276 244 240 221 225 247 220 212 243
-9999 -9999 -9999 -9999 -9999 -9999 -9999 -9999 -9999 196 227 263 274 290 305 310 349 368 353 294 249 250 264 277 294 306 305 326 328 322 317 314 320 327 326 316 315 325 325 323 326 320 307 311 275 280 295 285 300 296 330 334 336 337 323 330 302 303 310 287 257 267 223 215 217 233 255 262 288 300 292 290 295 300 295 290 290 287 273 236 230 241 219 187 210
-9999 -9999 -9999 -9999 -9999 -9999 -9999 -9999 -9999 207 237 276 276 285 282 338 362 366 356 312 262 271 278 278 299 -9999 309 327 317 323 325 327 322 324 333 326 321 324 323 306 325 311 305 311 283 295 288 295 297 305 322 332 337 339 334 330 303 300 306 320 273 246 235 265 276 292 312 323 326 329 302 292 306 295 278 284 272 261 263 245 230 216 207 194 218
-9999 -9999 -9999 -9999 -9999 -9999 -9999 -9999 -9999 -9999 -9999 279 298 300 256 283 356 362 356 327 280 274 295 287 276 279 313 303 -9999 325 324 328 340 338 334 345 338 327 320 314 307 314 306 303 288 287 292 287 293 303 318 314 337 339 341 328 304 308 314 323 290 264 238 257 270 291 314 334 338 332 325 320 291 297 287 274 241 208 208 235 233 254 231 215 203
-9999 -9999 -9999 -9999 -9999 -9999 -9999 -9999 -9999 -9999 -9999 267 284 311 294 288 349 353 351 342 319 291 276 272 276 288 290 304 312 327 331 341 344 339 346 341 327 316 307 307 297 287 308 298 290 294 287 298 287 306 287 314 332 341 329 332 326 317 312 292 271 240 243 251 252 270 304 321 318 316 307 296 274 282 270 248 224 197 247 252 234 207 202 181 215
-9999 -9999 -9999 -9999 -9999 -9999 -9999 -9999 -9999 -9999 -9999 239 273 300 291 283 343 345 346 349 347 316 292 274 249 265 272 311 310 328 344 341 342 320 330 308 306 309 297 295 301 305 294 295 297 287 286 298 294 302 320 332 337 333 329 343 344 333 332 290 299 230 255 307 304 255 291 282 293 286 282 284 268 272 272 293 286 253 256 240 209 196 196 172 199
-9999 -9999 -9999 -9999 -9999 -9999 -9999 -9999 -9999 -9999 -9999 219 255 298 318 297 334 346 348 352 355 337 312 292 255 244 252 288 315 335 337 339 339 335 323 293 300 301 292 305 275 293 289 297 280 287 281 285 282 285 320 332 343 318 340 346 345 312 318 295 265 233 289 309 316 320 320 262 276 310 330 332 304 316 292 253 244 241 244 222 186 189 177 214 204
-9999 -9999 -9999 -9999 -9999 -9999 -9999 -9999 -9999 -9999 -9999 -9999 242 283 313 329 337 347 354 355 354 347 327 313 280 242 -9999 292 290 324 331 334 333 326 321 304 278 275 317 270 273 266 289 296 289 279 293 283 305 289 337 333 321 333 -9999 342 342 320 286 314 237 258 311 314 320 343 342 308 323 345 329 312 332 304 245 221 240 240 180 182 167 198 207 232 227
