resultados/variables_norteamerica/bio6.asc
ncols 469
nrows 225
xllcorner -169.133333
yllcorner 20.675000
cellsize 0.249840
NODATA_value -9999
[rows 108 to 143 of 225, columns 162 to 242 of 469]
-9999 -9999 -9999 -9999 -9999 -9999 13 7 -3 -11 -19 -37 -32 -28 -9999 -9999 5 -16 -9999 -65 -73 -67 -74 -94 -100 -79 -90 -94 -90 -97 -111 -111 -117 -126 -125 -102 -91 -108 -116 -116 -123 -111 -100 -125 -107 -123 -130 -122 -143 -154 -155 -130 -162 -166 -169 -166 -174 -168 -164 -156 -151 -153 -154 -154 -156 -159 -162 -163 -164 -166 -169 -175 -183 -192 -198 -202 -202 -198 -190 -185 -184
-9999 -9999 -9999 -9999 -9999 -9999 -9999 -9999 9 -1 -13 -33 -38 -34 -24 -9999 -9999 -1 -9999 -18 -44 -44 -63 -69 -67 -70 -71 -62 -80 -86 -113 -117 -119 -125 -131 -104 -94 -120 -108 -110 -118 -103 -103 -112 -92 -106 -116 -105 -142 -139 -137 -124 -134 -148 -153 -161 -163 -151 -133 -134 -141 -145 -147 -148 -150 -152 -153 -153 -154 -157 -162 -172 -182 -192 -199 -205 -207 -201 -191 -184 -183
-9999 -9999 -9999 -9999 -9999 -9999 -9999 -9999 -9999 -9999 4 -11 -20 -20 -14 -14 -9999 -9999 -9999 -9999 -7 -34 -16 -22 -9999 -36 -45 -26 -64 -87 -112 -125 -122 -129 -124 -111 -89 -126 -107 -109 -107 -110 -99 -99 -92 -104 -122 -104 -123 -127 -134 -132 -133 -118 -139 -158 -157 -154 -145 -131 -133 -138 -142 -145 -147 -147 -146 -145 -146 -150 -156 -165 -176 -186 -195 -205 -213 -205 -193 -186 -184
-9999 -9999 -9999 -9999 -9999 -9999 -9999 -9999 -9999 -9999 -9999 13 -9999 -9 -9 -13 -27 -25 -18 -9999 -9999 -9999 3 -7 -10 -12 -23 -53 -82 -97 -98 -125 -130 -138 -138 -118 -85 -112 -104 -102 -99 -98 -102 -92 -87 -93 -119 -115 -87 -110 -121 -128 -129 -120 -130 -152 -146 -152 -156 -140 -138 -136 -140 -141 -143 -144 -141 -140 -141 -144 -153 -160 -169 -178 -186 -196 -204 -199 -190 -184 -182
-9999 -9999 -9999 -9999 -9999 -9999 -9999 -9999 -9999 -9999 -9999 -9999 -9999 -9999 -9999 2 -9 -17 -20 -12 -2 -9999 -9999 -1 -3 -13 -37 -69 -73 -89 -87 -122 -133 -138 -136 -125 -88 -101 -113 -106 -106 -105 -91 -92 -97 -98 -103 -107 -111 -86 -112 -114 -124 -9999 -119 -138 -147 -139 -146 -148 -146 -139 -137 -138 -140 -143 -140 -139 -141 -147 -154 -156 -161 -168 -174 -179 -184 -185 -181 -178 -178
-9999 -9999 -9999 -9999 -9999 -9999 -9999 -9999 -9999 -9999 -9999 -9999 -9999 -9999 -9999 -9999 -2 -7 -19 -12 -9999 -9999 18 -9999 -9999 -2 -24 -29 -48 -67 -104 -120 -127 -123 -130 -119 -89 -107 -109 -103 -112 -102 -92 -95 -99 -89 -92 -104 -94 -93 -97 -106 -113 -9999 -126 -130 -127 -134 -120 -131 -145 -140 -132 -133 -137 -140 -138 -138 -139 -145 -153 -154 -156 -158 -162 -164 -167 -171 -170 -170 -173
-9999 -9999 -9999 -9999 -9999 -9999 -9999 -9999 -9999 -9999 -9999 -9999 -9999 -9999 -9999 -9999 11 8 -9999 -9999 -9999 -9999 -9999 -9999 -9999 5 -13 -35 -36 -75 -101 -109 -118 -123 -113 -105 -88 -94 -101 -96 -103 -88 -93 -87 -96 -81 -83 -83 -77 -86 -107 -108 -100 -109 -115 -127 -118 -104 -115 -123 -131 -138 -135 -130 -133 -136 -138 -137 -138 -142 -147 -150 -151 -153 -155 -158 -160 -158 -155 -161 -167
-9999 -9999 -9999 -9999 -9999 -9999 -9999 -9999 -9999 -9999 -9999 -9999 -9999 -9999 -9999 -9999 12 1 -11 -20 -18 -13 -9999 -9999 12 9 2 -23 -48 -73 -100 -109 -111 -113 -104 -86 -84 -81 -77 -82 -85 -76 -85 -77 -77 -73 -77 -72 -70 -86 -88 -95 -113 -107 -113 -113 -112 -9999 -93 -120 -124 -133 -140 -138 -129 -132 -134 -134 -134 -136 -139 -142 -146 -148 -149 -153 -155 -153 -153 -156 -162
-9999 -9999 -9999 -9999 -9999 -9999 -9999 -9999 -9999 -9999 -9999 -9999 -9999 -9999 -9999 -9999 -9999 1 -11 -30 -38 -50 -29 3 -9999 13 6 -9 -39 -59 -82 -84 -99 -93 -85 -92 -83 -77 -73 -73 -74 -72 -69 -66 -64 -63 -70 -63 -82 -85 -89 -97 -93 -119 -107 -115 -94 -85 -95 -109 -129 -130 -137 -139 -124 -127 -129 -129 -128 -129 -130 -131 -135 -138 -143 -148 -151 -152 -152 -155 -158
-9999 -9999 -9999 -9999 -9999 -9999 -9999 -9999 -9999 -9999 -9999 -9999 -9999 -9999 -9999 -9999 -9999 4 -3 -16 -25 -27 -7 4 -9999 -9999 5 -7 -44 -69 -87 -96 -82 -82 -94 -83 -79 -69 -66 -68 -70 -70 -67 -63 -60 -60 -66 -61 -68 -72 -82 -101 -105 -106 -105 -101 -83 -76 -99 -112 -135 -129 -139 -130 -120 -125 -124 -122 -119 -121 -122 -120 -122 -127 -137 -144 -149 -150 -148 -150 -153
-9999 -9999 -9999 -9999 -9999 -9999 -9999 -9999 -9999 -9999 -9999 -9999 -9999 -9999 -9999 -9999 -9999 -9999 7 -3 -6 1 6 -9999 -9999 3 1 -20 -44 -59 -72 -84 -96 -87 -71 -76 -69 -62 -63 -64 -64 -62 -60 -58 -57 -58 -62 -66 -70 -81 -88 -97 -108 -112 -102 -106 -103 -90 -100 -130 -125 -137 -136 -138 -128 -119 -115 -114 -113 -116 -117 -116 -117 -120 -131 -138 -141 -142 -140 -139 -143
-9999 -9999 -9999 -9999 -9999 -9999 -9999 -9999 -9999 -9999 -9999 -9999 -9999 -9999 -9999 -9999 -9999 -9999 14 10 6 4 3 1 -0 -3 -12 -42 -57 -69 -77 -78 -78 -86 -68 -65 -62 -58 -57 -57 -55 -53 -51 -50 -52 -55 -60 -69 -77 -83 -104 -107 -116 -121 -125 -103 -105 -106 -113 -131 -124 -128 -130 -134 -129 -123 -105 -117 -119 -119 -127 -126 -129 -119 -119 -126 -132 -136 -134 -131 -134
-9999 -9999 -9999 -9999 -9999 -9999 -9999 -9999 -9999 -9999 -9999 -9999 -9999 -9999 -9999 -9999 -9999 -9999 -9999 7 2 0 2 -1 -7 -12 -28 -69 -63 -76 -74 -74 -72 -74 -60 -54 -53 -52 -52 -50 -48 -44 -42 -42 -43 -49 -56 -65 -70 -82 -84 -90 -102 -115 -117 -124 -115 -116 -102 -119 -125 -133 -133 -132 -133 -121 -112 -119 -131 -123 -126 -134 -136 -127 -123 -122 -134 -140 -135 -129 -129
-9999 -9999 -9999 -9999 -9999 -9999 -9999 -9999 -9999 -9999 -9999 -9999 -9999 -9999 -9999 -9999 -9999 -9999 -9999 3 -2 -5 1 0 -7 -17 -26 -38 -60 -75 -76 -65 -59 -61 -64 -47 -40 -42 -42 -42 -39 -35 -33 -34 -41 -45 -53 -48 -55 -62 -77 -96 -109 -118 -120 -123 -127 -141 -98 -130 -135 -131 -137 -132 -131 -130 -121 -118 -117 -133 -125 -129 -123 -120 -117 -118 -126 -132 -127 -123 -122
-9999 -9999 -9999 -9999 -9999 -9999 -9999 -9999 -9999 -9999 -9999 -9999 -9999 -9999 -9999 -9999 -9999 -9999 -9999 -9999 -9999 -5 -2 0 -11 -31 -40 -49 -69 -69 -70 -59 -52 -45 -39 -45 -42 -34 -32 -34 -33 -32 -38 -60 -78 -54 -37 -54 -73 -65 -64 -88 -107 -119 -133 -131 -138 -127 -105 -146 -133 -134 -150 -130 -143 -143 -132 -139 -117 -127 -130 -125 -126 -125 -116 -115 -119 -122 -121 -119 -119
-9999 -9999 -9999 -9999 -9999 -9999 -9999 -9999 -9999 -9999 -9999 -9999 -9999 -9999 -9999 -9999 -9999 -9999 -9999 11 -2 -1 -0 -0 -10 -18 -28 -49 -57 -56 -60 -71 -61 -55 -43 -33 -33 -36 -32 -32 -29 -28 -66 -94 -90 -76 -58 -77 -78 -66 -55 -87 -110 -121 -128 -118 -146 -133 -124 -151 -151 -156 -144 -133 -143 -145 -132 -123 -117 -126 -132 -125 -121 -146 -116 -114 -118 -119 -120 -117 -117
-9999 -9999 -9999 -9999 -9999 -9999 -9999 -9999 -9999 -9999 -9999 -9999 -9999 -9999 -9999 -9999 -9999 -9999 -9999 9 -3 -4 -5 4 0 -14 -25 -31 -35 -45 -49 -49 -9999 -9999 -27 -23 -24 -26 -30 -36 -38 -51 -86 -87 -88 -96 -101 -67 -77 -68 -103 -122 -130 -137 -149 -132 -148 -144 -143 -155 -157 -151 -151 -144 -148 -132 -126 -116 -113 -123 -131 -129 -107 -109 -106 -108 -116 -118 -118 -114 -111
-9999 -9999 -9999 -9999 -9999 -9999 -9999 -9999 -9999 -9999 -9999 -9999 -9999 -9999 -9999 -9999 -9999 -9999 -9999 7 -7 -6 2 4 8 4 -17 -38 -38 -39 -39 -40 -35 -27 -26 -28 -33 -40 -43 -35 -55 -70 -75 -83 -98 -103 -106 -95 -91 -90 -129 -139 -149 -145 -147 -159 -162 -155 -152 -161 -156 -162 -165 -144 -134 -123 -158 -120 -122 -126 -137 -134 -122 -134 -133 -117 -116 -120 -119 -115 -116
-9999 -9999 -9999 -9999 -9999 -9999 -9999 -9999 -9999 -9999 -9999 -9999 -9999 -9999 -9999 -9999 -9999 -9999 -9999 7 -7 -2 1 4 9 2 -23 -48 -57 -45 -45 -46 -40 -44 -41 -45 -55 -74 -77 -85 -84 -76 -67 -87 -133 -134 -123 -113 -130 -115 -136 -151 -133 -168 -158 -155 -151 -148 -153 -152 -162 -160 -153 -137 -122 -134 -128 -122 -151 -163 -166 -135 -158 -172 -170 -157 -129 -127 -126 -125 -133
-9999 -9999 -9999 -9999 -9999 -9999 -9999 -9999 -9999 -9999 -9999 -9999 -9999 -9999 -9999 -9999 -9999 -9999 -9999 3 -1 3 4 4 1 -21 -30 -46 -47 -46 -45 -51 -44 -50 -65 -72 -76 -85 -89 -97 -111 -120 -93 -86 -119 -140 -129 -108 -134 -125 -149 -147 -154 -171 -163 -156 -176 -164 -161 -144 -160 -157 -143 -140 -141 -139 -145 -157 -162 -177 -175 -159 -172 -178 -176 -175 -176 -146 -135 -137 -142
-9999 -9999 -9999 -9999 -9999 -9999 -9999 -9999 -9999 -9999 -9999 -9999 -9999 -9999 -9999 -9999 -9999 -9999 -9999 6 -6 3 5 1 -7 -23 -39 -61 -52 -43 -43 -52 -51 -47 -59 -61 -65 -71 -82 -109 -125 -129 -116 -90 -90 -102 -95 -124 -115 -129 -127 -148 -166 -176 -165 -163 -171 -175 -149 -171 -157 -165 -165 -152 -152 -160 -169 -179 -171 -181 -176 -184 -185 -181 -178 -171 -151 -134 -132 -140 -148
-9999 -9999 -9999 -9999 -9999 -9999 -9999 -9999 -9999 -9999 -9999 -9999 -9999 -9999 -9999 -9999 -9999 -9999 27 9 -2 5 7 3 -15 -30 -47 -68 -58 -49 -54 -69 -82 -74 -86 -82 -73 -85 -99 -107 -122 -119 -114 -112 -107 -108 -116 -110 -100 -124 -130 -150 -169 -175 -182 -182 -185 -156 -148 -156 -179 -163 -174 -165 -161 -157 -165 -172 -177 -174 -186 -187 -190 -186 -180 -169 -155 -130 -118 -133 -145
-9999 -9999 -9999 -9999 -9999 -9999 -9999 -9999 -9999 -9999 -9999 -9999 -9999 -9999 -9999 -9999 -9999 -9999 18 9 -2 8 7 -2 -19 -36 -53 -73 -64 -56 -59 -67 -83 -97 -96 -100 -89 -101 -100 -122 -134 -132 -119 -105 -98 -91 -92 -95 -104 -114 -131 -142 -162 -178 -183 -185 -179 -167 -169 -173 -173 -173 -171 -175 -157 -148 -149 -157 -161 -164 -185 -193 -190 -184 -181 -174 -154 -142 -128 -132 -142
-9999 -9999 -9999 -9999 -9999 -9999 -9999 -9999 -9999 -9999 -9999 -9999 -9999 -9999 -9999 -9999 -9999 -9999 21 11 4 7 9 -2 -19 -38 -59 -86 -79 -57 -59 -71 -84 -87 -88 -94 -107 -114 -122 -126 -127 -120 -113 -96 -90 -77 -79 -81 -90 -99 -113 -132 -145 -169 -188 -187 -189 -179 -174 -174 -182 -168 -175 -165 -156 -148 -141 -139 -136 -146 -164 -186 -187 -184 -180 -176 -170 -158 -138 -138 -141
-9999 -9999 -9999 -9999 -9999 -9999 -9999 -9999 -9999 -9999 -9999 -9999 -9999 -9999 -9999 -9999 -9999 -9999 25 11 6 3 -2 -13 -28 -47 -9999 -81 -76 -84 -78 -79 -83 -88 -87 -100 -108 -109 -115 -122 -102 -99 -99 -91 -79 -76 -71 -72 -70 -82 -113 -123 -134 -162 -181 -185 -184 -179 -186 -183 -167 -168 -159 -163 -161 -150 -137 -132 -140 -153 -160 -185 -179 -178 -178 -174 -167 -171 -151 -140 -141
-9999 -9999 -9999 -9999 -9999 -9999 -9999 -9999 -9999 -9999 -9999 -9999 -9999 -9999 -9999 -9999 -9999 -9999 20 11 10 5 -12 -27 -39 -57 -82 -84 -80 -83 -78 -79 -80 -82 -85 -89 -92 -98 -94 -94 -103 -96 -99 -99 -93 -82 -72 -9999 -62 -60 -80 -96 -138 -146 -166 -168 -166 -151 -158 -165 -155 -152 -152 -154 -151 -138 -126 -127 -136 -148 -165 -169 -182 -179 -173 -160 -135 -141 -139 -141 -145
-9999 -9999 -9999 -9999 -9999 -9999 -9999 -9999 -9999 -9999 -9999 -9999 -9999 -9999 -9999 -9999 -9999 30 19 3 5 8 -8 -26 -41 -63 -81 -87 -89 -85 -70 -67 -68 -75 -83 -85 -82 -82 -83 -84 -90 -92 -101 -96 -87 -88 -90 -84 -58 -59 -61 -75 -110 -134 -144 -141 -137 -130 -136 -131 -132 -137 -140 -134 -126 -118 -120 -131 -136 -144 -159 -166 -179 -182 -173 -181 -173 -136 -131 -139 -146
-9999 -9999 -9999 -9999 -9999 -9999 -9999 -9999 -9999 -9999 -9999 -9999 -9999 -9999 -9999 -9999 -9999 24 15 -0 2 4 -12 -26 -47 -67 -79 -83 -85 -86 -75 -69 -70 -73 -75 -82 -84 -85 -84 -80 -93 -95 -90 -85 -91 -92 -93 -114 -78 -58 -58 -58 -67 -84 -94 -98 -102 -108 -112 -114 -115 -120 -121 -111 -106 -113 -124 -129 -133 -145 -148 -170 -177 -177 -178 -178 -183 -169 -145 -141 -150
-9999 -9999 -9999 -9999 -9999 -9999 -9999 -9999 -9999 -9999 -9999 -9999 -9999 -9999 -9999 -9999 -9999 13 0 -10 -8 -12 -23 -29 -39 -65 -75 -79 -84 -88 -82 -74 -64 -70 -74 -76 -76 -78 -81 -91 -108 -87 -89 -82 -85 -92 -99 -107 -105 -89 -68 -63 -68 -69 -70 -68 -77 -86 -93 -97 -101 -106 -103 -102 -108 -115 -126 -124 -131 -148 -153 -172 -178 -183 -194 -188 -179 -176 -167 -146 -144
-9999 -9999 -9999 -9999 -9999 -9999 -9999 -9999 -9999 -9999 -9999 -9999 -9999 -9999 -9999 -9999 -9999 14 1 -15 -5 -12 -15 -13 -38 -68 -69 -78 -85 -86 -84 -92 -75 -9999 -75 -73 -78 -75 -76 -98 -89 -79 -79 -83 -89 -95 -98 -108 -110 -114 -103 -91 -88 -88 -81 -74 -72 -74 -78 -81 -92 -95 -106 -114 -113 -115 -122 -122 -136 -151 -163 -175 -181 -195 -208 -202 -192 -179 -170 -159 -147
-9999 -9999 -9999 -9999 -9999 -9999 -9999 -9999 -9999 -9999 -9999 -9999 -9999 -9999 -9999 -9999 -9999 15 -0 -14 -12 -15 -21 -23 -51 -74 -75 -73 -79 -84 -82 -83 -83 -81 -81 -74 -81 -88 -83 -90 -76 -83 -96 -95 -102 -99 -100 -101 -102 -111 -117 -108 -105 -106 -102 -92 -89 -105 -96 -92 -112 -95 -116 -117 -118 -120 -118 -120 -142 -143 -165 -175 -180 -193 -203 -204 -202 -190 -171 -158 -148
-9999 -9999 -9999 -9999 -9999 -9999 -9999 -9999 -9999 -9999 -9999 -9999 -9999 -9999 -9999 -9999 -9999 30 7 -15 -26 -45 -44 -61 -55 -63 -76 -68 -73 -77 -80 -83 -80 -89 -81 -75 -85 -94 -96 -92 -84 -108 -105 -94 -105 -106 -100 -100 -102 -110 -123 -123 -123 -121 -128 -114 -110 -123 -109 -122 -111 -107 -114 -115 -120 -117 -114 -114 -149 -148 -168 -173 -177 -185 -193 -196 -199 -187 -165 -153 -145
-9999 -9999 -9999 -9999 -9999 -9999 -9999 -9999 -9999 -9999 -9999 -9999 -9999 -9999 -9999 -9999 -9999 -9999 13 -19 -35 -35 -48 -53 -43 -70 -83 -76 -66 -70 -76 -82 -81 -84 -76 -85 -91 -98 -97 -87 -93 -95 -99 -88 -108 -108 -100 -98 -101 -108 -125 -131 -138 -146 -130 -120 -121 -117 -121 -128 -120 -113 -101 -111 -117 -113 -103 -115 -144 -149 -167 -165 -165 -169 -173 -175 -174 -163 -149 -143 -141
-9999 -9999 -9999 -9999 -9999 -9999 -9999 -9999 -9999 -9999 -9999 -9999 -9999 -9999 -9999 -9999 -9999 -9999 13 -20 -25 -51 -58 -54 -48 -62 -82 -78 -78 -68 -78 -82 -83 -84 -73 -85 -92 -96 -101 -92 -81 -82 -83 -87 -99 -96 -95 -97 -100 -105 -123 -126 -133 -136 -136 -123 -119 -119 -121 -118 -103 -99 -96 -101 -106 -96 -103 -123 -143 -152 -158 -153 -152 -151 -151 -152 -151 -142 -132 -134 -138
-9999 -9999 -9999 -9999 -9999 -9999 -9999 -9999 -9999 -9999 -9999 -9999 -9999 -9999 -9999 -9999 -9999 -9999 15 -8 -19 -37 -57 -57 -70 -64 -64 -70 -66 -70 -76 -86 -83 -92 -9999 -90 -90 -87 -89 -72 -84 -83 -80 -84 -82 -87 -96 -99 -98 -104 -111 -118 -126 -130 -129 -125 -119 -120 -110 -94 -90 -91 -89 -9999 -9999 -80 -89 -127 -138 -144 -146 -144 -142 -137 -132 -133 -133 -132 -131 -133 -140
-9999 -9999 -9999 -9999 -9999 -9999 -9999 -9999 -9999 -9999 -9999 -9999 -9999 -9999 -9999 -9999 -9999 -9999 21 -2 -25 -40 -55 -53 -48 -31 -41 -59 -60 -66 -78 -90 -94 -96 -90 -82 -92 -87 -71 -71 -84 -76 -80 -80 -81 -85 -85 -92 -93 -99 -104 -113 -118 -123 -125 -121 -123 -116 -106 -91 -86 -86 -85 -9999 -9999 -9999 -69 -113 -126 -134 -138 -141 -143 -138 -131 -123 -9999 -129 -133 -136 -142
