resultados/variables_norteamerica/bio6.asc
ncols 469
nrows 225
xllcorner -169.133333
yllcorner 20.675000
cellsize 0.249840
NODATA_value -9999
[rows 72 to 107 of 225, columns 324 to 404 of 469]
-9999 -9999 -9999 -9999 -9999 -9999 -9999 -9999 -9999 -9999 -9999 -9999 -9999 -9999 -9999 -9999 -9999 -9999 -9999 -9999 -9999 -9999 -9999 -9999 -9999 -9999 -9999 -9999 -9999 -9999 -9999 -9999 -9999 -9999 -9999 -9999 -9999 -9999 -9999 -295 -295 -294 -294 -293 -293 -293 -293 -293 -292 -292 -292 -290 -290 -290 -289 -289 -290 -289 -289 -288 -288 -287 -286 -9999 -285 -284 -283 -283 -282 -281 -281 -279 -278 -275 -274 -9999 -275 -9999 -9999 -9999 -9999
-9999 -9999 -9999 -9999 -9999 -9999 -9999 -9999 -9999 -9999 -9999 -9999 -9999 -9999 -9999 -9999 -9999 -9999 -9999 -9999 -9999 -9999 -9999 -9999 -9999 -9999 -9999 -9999 -9999 -9999 -9999 -9999 -9999 -9999 -9999 -9999 -9999 -9999 -9999 -9999 -295 -295 -294 -294 -294 -294 -293 -293 -292 -292 -291 -291 -290 -290 -290 -290 -290 -290 -289 -289 -288 -288 -287 -286 -285 -285 -285 -285 -284 -283 -281 -281 -279 -278 -280 -281 -279 -277 -276 -274 -9999
-9999 -9999 -9999 -9999 -9999 -9999 -9999 -9999 -9999 -9999 -9999 -9999 -9999 -9999 -9999 -9999 -9999 -9999 -9999 -9999 -9999 -9999 -9999 -9999 -9999 -9999 -9999 -9999 -9999 -9999 -9999 -9999 -9999 -9999 -9999 -9999 -9999 -9999 -9999 -9999 -9999 -294 -294 -293 -293 -293 -293 -293 -293 -293 -293 -291 -9999 -290 -291 -290 -290 -289 -288 -288 -288 -287 -287 -287 -285 -285 -285 -285 -284 -285 -286 -284 -281 -283 -284 -285 -282 -282 -280 -278 -275
-9999 -9999 -9999 -9999 -9999 -9999 -9999 -9999 -9999 -9999 -9999 -9999 -9999 -9999 -9999 -9999 -9999 -9999 -9999 -9999 -9999 -9999 -9999 -9999 -9999 -9999 -9999 -9999 -9999 -9999 -9999 -9999 -9999 -9999 -9999 -9999 -9999 -9999 -9999 -9999 -9999 -9999 -9999 -9999 -292 -293 -292 -293 -293 -294 -293 -291 -290 -291 -291 -290 -290 -290 -289 -288 -288 -287 -286 -287 -287 -287 -288 -288 -288 -288 -288 -288 -285 -288 -288 -9999 -287 -283 -282 -9999 -279
-9999 -9999 -9999 -9999 -9999 -9999 -9999 -9999 -9999 -9999 -9999 -9999 -9999 -9999 -9999 -9999 -9999 -9999 -9999 -9999 -9999 -9999 -9999 -9999 -9999 -9999 -9999 -9999 -9999 -9999 -9999 -9999 -9999 -9999 -9999 -9999 -9999 -9999 -9999 -9999 -9999 -9999 -9999 -9999 -9999 -293 -292 -292 -292 -292 -292 -292 -291 -292 -292 -291 -291 -291 -290 -288 -287 -289 -289 -289 -288 -289 -289 -290 -290 -290 -290 -290 -289 -289 -289 -286 -287 -288 -286 -283 -283
-9999 -9999 -9999 -9999 -9999 -9999 -9999 -9999 -9999 -9999 -9999 -9999 -9999 -9999 -9999 -9999 -9999 -9999 -9999 -9999 -9999 -9999 -9999 -9999 -9999 -9999 -9999 -9999 -9999 -9999 -9999 -9999 -9999 -9999 -9999 -9999 -9999 -9999 -9999 -9999 -9999 -9999 -9999 -9999 -9999 -9999 -293 -293 -292 -292 -292 -292 -292 -9999 -291 -290 -290 -290 -290 -291 -291 -290 -290 -291 -290 -290 -290 -290 -291 -291 -290 -288 -287 -288 -288 -289 -290 -291 -290 -287 -286
-9999 -9999 -9999 -9999 -9999 -9999 -9999 -9999 -9999 -9999 -9999 -9999 -9999 -9999 -9999 -9999 -9999 -9999 -9999 -9999 -9999 -9999 -9999 -9999 -9999 -9999 -9999 -9999 -9999 -9999 -9999 -9999 -9999 -9999 -9999 -9999 -9999 -9999 -9999 -9999 -9999 -9999 -9999 -9999 -9999 -9999 -293 -293 -293 -292 -292 -291 -291 -289 -289 -290 -290 -290 -291 -292 -292 -291 -291 -291 -291 -290 -289 -291 -291 -289 -291 -293 -292 -291 -292 -291 -294 -294 -291 -288 -286
-9999 -9999 -9999 -9999 -9999 -9999 -9999 -9999 -9999 -9999 -9999 -9999 -9999 -9999 -9999 -9999 -9999 -9999 -9999 -9999 -9999 -9999 -9999 -9999 -9999 -9999 -9999 -9999 -9999 -9999 -9999 -9999 -9999 -9999 -9999 -9999 -9999 -9999 -9999 -9999 -9999 -9999 -9999 -9999 -9999 -9999 -291 -293 -293 -292 -291 -291 -291 -291 -290 -291 -292 -292 -292 -291 -291 -290 -291 -291 -290 -291 -292 -291 -291 -293 -294 -295 -294 -297 -298 -296 -294 -295 -292 -289 -288
-9999 -9999 -9999 -9999 -9999 -9999 -9999 -9999 -9999 -9999 -9999 -9999 -9999 -9999 -9999 -9999 -9999 -9999 -9999 -9999 -9999 -9999 -9999 -9999 -9999 -9999 -9999 -9999 -9999 -9999 -9999 -9999 -9999 -9999 -9999 -9999 -9999 -9999 -9999 -9999 -9999 -9999 -9999 -9999 -9999 -9999 -9999 -293 -292 -292 -291 -291 -291 -292 -292 -291 -9999 -290 -290 -290 -289 -290 -291 -292 -291 -291 -292 -291 -294 -294 -295 -297 -296 -298 -299 -297 -293 -295 -294 -290 -286
-9999 -9999 -9999 -9999 -9999 -9999 -9999 -9999 -9999 -9999 -9999 -9999 -9999 -9999 -9999 -9999 -9999 -9999 -9999 -9999 -9999 -9999 -9999 -9999 -9999 -9999 -9999 -9999 -9999 -9999 -9999 -9999 -9999 -9999 -9999 -9999 -9999 -9999 -9999 -9999 -9999 -9999 -9999 -9999 -9999 -9999 -9999 -291 -291 -291 -291 -291 -291 -290 -290 -289 -290 -289 -288 -288 -289 -290 -291 -291 -292 -293 -295 -293 -292 -295 -297 -298 -297 -298 -297 -296 -296 -295 -290 -291 -289
-306 -9999 -9999 -9999 -9999 -9999 -9999 -9999 -9999 -9999 -9999 -9999 -9999 -9999 -9999 -9999 -9999 -9999 -9999 -9999 -9999 -9999 -9999 -9999 -9999 -9999 -9999 -9999 -9999 -9999 -9999 -9999 -9999 -9999 -9999 -9999 -291 -9999 -9999 -9999 -9999 -9999 -9999 -9999 -9999 -9999 -9999 -9999 -287 -290 -292 -291 -290 -290 -290 -289 -9999 -289 -290 -291 -290 -291 -292 -293 -293 -293 -295 -294 -293 -294 -297 -297 -298 -298 -299 -297 -291 -291 -289 -291 -294
-305 -304 -9999 -9999 -9999 -9999 -9999 -9999 -9999 -9999 -9999 -9999 -9999 -9999 -9999 -9999 -9999 -9999 -9999 -9999 -9999 -9999 -9999 -9999 -9999 -9999 -9999 -9999 -9999 -9999 -9999 -9999 -9999 -9999 -9999 -289 -9999 -9999 -9999 -9999 -9999 -9999 -9999 -9999 -9999 -9999 -288 -287 -289 -290 -291 -289 -290 -290 -290 -288 -9999 -290 -291 -290 -290 -290 -291 -292 -292 -293 -295 -295 -295 -295 -296 -299 -300 -300 -298 -297 -295 -289 -290 -289 -290
-303 -303 -302 -303 -302 -302 -9999 -9999 -9999 -9999 -9999 -9999 -9999 -9999 -9999 -9999 -9999 -9999 -9999 -9999 -9999 -9999 -9999 -9999 -9999 -9999 -9999 -9999 -9999 -9999 -9999 -9999 -9999 -9999 -289 -9999 -9999 -9999 -9999 -9999 -9999 -9999 -9999 -9999 -9999 -291 -292 -292 -291 -291 -290 -290 -289 -289 -290 -289 -289 -290 -290 -289 -290 -290 -292 -292 -292 -294 -295 -293 -294 -295 -296 -299 -299 -299 -299 -298 -294 -293 -291 -290 -290
-302 -303 -302 -302 -302 -302 -302 -301 -301 -300 -9999 -9999 -9999 -9999 -9999 -9999 -9999 -9999 -9999 -9999 -9999 -9999 -9999 -9999 -9999 -9999 -9999 -9999 -9999 -9999 -9999 -9999 -9999 -9999 -9999 -9999 -9999 -9999 -9999 -9999 -9999 -9999 -9999 -9999 -290 -291 -291 -291 -290 -291 -290 -289 -289 -289 -290 -289 -289 -289 -289 -289 -291 -292 -295 -295 -293 -294 -293 -295 -296 -297 -298 -298 -298 -298 -297 -296 -294 -293 -292 -289 -287
-301 -301 -302 -303 -302 -302 -302 -301 -300 -299 -299 -9999 -9999 -9999 -9999 -9999 -9999 -9999 -9999 -9999 -9999 -9999 -9999 -9999 -9999 -9999 -9999 -9999 -9999 -9999 -9999 -9999 -9999 -9999 -9999 -9999 -9999 -9999 -9999 -9999 -9999 -9999 -9999 -289 -289 -289 -289 -290 -290 -290 -289 -289 -289 -289 -289 -290 -289 -290 -289 -291 -292 -293 -293 -292 -292 -292 -292 -293 -293 -294 -295 -295 -295 -296 -295 -296 -295 -294 -293 -290 -290
-299 -300 -300 -300 -300 -300 -300 -300 -299 -299 -298 -9999 -297 -298 -298 -298 -298 -297 -297 -296 -296 -296 -295 -9999 -9999 -9999 -9999 -9999 -9999 -9999 -9999 -9999 -9999 -9999 -9999 -9999 -9999 -9999 -9999 -9999 -286 -288 -288 -287 -287 -288 -288 -288 -289 -288 -288 -288 -287 -288 -289 -290 -290 -291 -291 -291 -9999 -290 -291 -9999 -291 -291 -292 -293 -292 -293 -296 -295 -295 -296 -295 -295 -295 -295 -294 -292 -291
-297 -297 -297 -297 -298 -298 -298 -298 -298 -297 -297 -298 -298 -299 -298 -297 -297 -297 -296 -296 -296 -295 -295 -294 -9999 -9999 -9999 -9999 -9999 -9999 -9999 -9999 -9999 -9999 -9999 -9999 -9999 -284 -283 -283 -285 -287 -288 -287 -287 -287 -286 -287 -289 -288 -288 -288 -287 -287 -288 -289 -289 -290 -289 -290 -290 -290 -290 -291 -291 -292 -292 -292 -293 -293 -295 -295 -294 -294 -294 -294 -293 -293 -293 -291 -289
-296 -295 -295 -295 -296 -296 -296 -296 -296 -296 -296 -298 -298 -299 -298 -298 -297 -296 -296 -295 -295 -294 -294 -293 -9999 -9999 -9999 -9999 -9999 -9999 -9999 -9999 -9999 -9999 -9999 -284 -283 -283 -284 -284 -284 -284 -284 -285 -285 -286 -286 -285 -286 -287 -287 -286 -286 -287 -288 -288 -289 -290 -290 -290 -290 -290 -290 -291 -291 -291 -291 -291 -292 -292 -292 -294 -293 -292 -293 -291 -290 -290 -291 -290 -289
-294 -294 -9999 -293 -293 -294 -295 -295 -295 -295 -295 -296 -296 -297 -298 -297 -297 -295 -295 -294 -293 -293 -292 -9999 -9999 -9999 -9999 -9999 -9999 -9999 -9999 -9999 -9999 -9999 -9999 -283 -283 -283 -283 -283 -283 -284 -283 -283 -283 -283 -283 -283 -282 -283 -283 -283 -285 -287 -287 -288 -289 -289 -9999 -289 -289 -290 -290 -290 -289 -289 -290 -291 -292 -293 -292 -292 -291 -291 -291 -290 -289 -289 -287 -287 -286
-291 -291 -291 -291 -291 -292 -292 -293 -293 -292 -293 -294 -294 -294 -295 -296 -296 -295 -294 -294 -293 -292 -291 -290 -9999 -9999 -9999 -9999 -9999 -9999 -9999 -9999 -9999 -9999 -9999 -9999 -281 -281 -282 -282 -282 -282 -282 -282 -282 -282 -280 -9999 -281 -281 -281 -282 -283 -283 -285 -286 -286 -287 -288 -9999 -287 -288 -289 -289 -289 -289 -289 -292 -291 -291 -290 -290 -290 -289 -289 -288 -287 -287 -287 -287 -286
-289 -289 -289 -289 -289 -289 -290 -290 -291 -291 -291 -291 -291 -292 -292 -292 -292 -293 -292 -292 -291 -291 -290 -289 -9999 -9999 -9999 -9999 -9999 -9999 -9999 -9999 -9999 -9999 -9999 -9999 -9999 -281 -280 -280 -281 -281 -280 -281 -281 -280 -279 -279 -280 -281 -9999 -9999 -282 -282 -282 -283 -284 -284 -285 -286 -286 -287 -287 -289 -288 -288 -288 -288 -288 -289 -289 -289 -288 -289 -287 -287 -286 -285 -285 -285 -285
-288 -288 -287 -287 -288 -288 -288 -289 -289 -289 -289 -290 -290 -290 -290 -290 -290 -290 -290 -290 -290 -289 -289 -288 -9999 -9999 -9999 -9999 -9999 -9999 -9999 -9999 -9999 -9999 -9999 -9999 -9999 -280 -280 -281 -281 -280 -280 -9999 -279 -9999 -9999 -279 -281 -9999 -281 -282 -282 -281 -282 -283 -284 -285 -286 -286 -286 -286 -287 -287 -287 -287 -288 -287 -287 -287 -288 -288 -287 -288 -288 -286 -285 -284 -283 -283 -282
-286 -286 -286 -286 -286 -286 -287 -287 -287 -287 -287 -288 -288 -288 -288 -289 -289 -288 -288 -288 -288 -287 -287 -287 -9999 -9999 -9999 -9999 -9999 -9999 -9999 -9999 -9999 -9999 -9999 -9999 -9999 -279 -279 -280 -280 -280 -279 -280 -279 -278 -9999 -278 -279 -280 -281 -282 -283 -282 -282 -283 -9999 -285 -286 -286 -286 -287 -287 -287 -287 -287 -287 -287 -9999 -286 -286 -287 -288 -287 -287 -285 -284 -283 -283 -281 -282
-284 -284 -284 -284 -284 -285 -285 -285 -286 -285 -285 -286 -286 -286 -286 -286 -286 -286 -286 -285 -285 -285 -285 -285 -9999 -285 -285 -285 -284 -9999 -9999 -9999 -9999 -9999 -9999 -9999 -9999 -277 -278 -9999 -279 -279 -280 -280 -279 -9999 -278 -278 -279 -280 -281 -281 -283 -282 -282 -282 -283 -283 -284 -284 -285 -285 -285 -285 -286 -287 -287 -287 -286 -286 -286 -287 -288 -289 -289 -286 -284 -285 -283 -280 -280
-282 -282 -281 -282 -282 -283 -283 -283 -284 -284 -285 -284 -284 -285 -285 -284 -284 -284 -283 -283 -283 -283 -283 -283 -9999 -9999 -285 -284 -283 -282 -9999 -9999 -9999 -9999 -9999 -9999 -9999 -9999 -275 -276 -276 -277 -277 -278 -278 -277 -277 -277 -277 -277 -278 -279 -280 -281 -282 -283 -284 -283 -9999 -284 -284 -285 -284 -284 -286 -286 -286 -285 -285 -285 -9999 -284 -285 -285 -284 -285 -283 -282 -281 -279 -278
-280 -279 -280 -280 -281 -281 -281 -282 -282 -283 -283 -284 -283 -283 -284 -283 -282 -282 -281 -281 -281 -281 -281 -281 -282 -282 -9999 -9999 -9999 -9999 -9999 -9999 -9999 -9999 -9999 -9999 -9999 -9999 -274 -274 -275 -276 -276 -277 -276 -276 -276 -275 -276 -277 -278 -278 -280 -280 -280 -282 -282 -282 -282 -283 -9999 -284 -283 -281 -281 -282 -282 -283 -283 -284 -285 -285 -283 -281 -281 -283 -281 -281 -278 -277 -277
-277 -277 -278 -279 -279 -279 -279 -280 -281 -281 -282 -282 -282 -282 -281 -281 -280 -279 -279 -278 -279 -278 -279 -280 -280 -281 -9999 -9999 -9999 -9999 -9999 -9999 -9999 -9999 -9999 -9999 -9999 -9999 -9999 -272 -273 -274 -274 -274 -274 -274 -9999 -9999 -275 -275 -276 -276 -277 -277 -278 -278 -278 -280 -281 -280 -280 -280 -280 -281 -282 -283 -283 -285 -287 -289 -291 -287 -283 -281 -280 -280 -279 -280 -276 -275 -274
-276 -276 -276 -276 -277 -277 -278 -278 -279 -279 -280 -280 -279 -279 -279 -278 -277 -276 -276 -276 -276 -276 -276 -277 -277 -278 -277 -276 -9999 -9999 -9999 -9999 -9999 -9999 -9999 -271 -9999 -9999 -270 -270 -272 -273 -274 -275 -275 -274 -273 -274 -274 -274 -274 -274 -275 -275 -276 -276 -277 -277 -277 -277 -278 -278 -280 -285 -288 -284 -286 -286 -285 -287 -286 -283 -284 -283 -280 -276 -274 -273 -270 -268 -270
-276 -276 -276 -276 -276 -276 -276 -276 -276 -276 -277 -277 -277 -276 -276 -275 -274 -274 -273 -273 -273 -273 -273 -273 -273 -274 -274 -273 -272 -9999 -9999 -9999 -9999 -9999 -9999 -9999 -9999 -9999 -268 -269 -269 -271 -272 -9999 -272 -271 -271 -271 -272 -272 -272 -272 -273 -274 -275 -275 -275 -275 -276 -276 -277 -284 -286 -286 -284 -279 -280 -279 -280 -280 -279 -276 -277 -277 -278 -272 -273 -274 -267 -266 -264
-274 -274 -274 -275 -275 -274 -274 -274 -274 -274 -274 -274 -274 -275 -274 -272 -271 -271 -270 -270 -269 -269 -269 -270 -270 -270 -270 -270 -269 -268 -267 -9999 -9999 -9999 -9999 -266 -9999 -9999 -267 -267 -268 -269 -270 -271 -270 -9999 -270 -269 -270 -270 -270 -271 -271 -272 -273 -273 -274 -274 -275 -276 -278 -279 -279 -275 -276 -277 -275 -273 -275 -277 -277 -275 -273 -274 -275 -273 -9999 -269 -267 -9999 -276
-273 -272 -272 -272 -273 -273 -273 -272 -272 -272 -272 -272 -271 -271 -270 -269 -269 -268 -268 -267 -267 -266 -266 -266 -266 -265 -265 -265 -265 -265 -264 -9999 -9999 -9999 -264 -264 -264 -9999 -265 -266 -266 -268 -269 -269 -268 -268 -269 -268 -269 -270 -268 -268 -269 -270 -270 -271 -272 -273 -274 -273 -273 -271 -271 -271 -273 -274 -272 -270 -270 -270 -275 -276 -273 -272 -272 -272 -270 -271 -270 -262 -265
-272 -272 -272 -272 -272 -272 -272 -271 -271 -270 -270 -270 -269 -267 -266 -266 -266 -266 -265 -264 -264 -263 -262 -261 -260 -260 -260 -260 -260 -261 -261 -262 -262 -261 -261 -262 -263 -263 -263 -265 -267 -268 -268 -267 -267 -266 -266 -266 -265 -266 -265 -266 -267 -267 -269 -270 -271 -271 -9999 -9999 -270 -271 -273 -272 -273 -271 -269 -266 -267 -267 -265 -272 -272 -276 -273 -273 -275 -272 -268 -271 -269
-271 -270 -271 -271 -271 -271 -271 -271 -270 -268 -267 -266 -265 -264 -263 -263 -263 -263 -263 -263 -262 -260 -258 -255 -254 -254 -255 -256 -257 -258 -260 -261 -260 -260 -259 -260 -262 -263 -264 -265 -266 -266 -267 -265 -9999 -264 -263 -262 -262 -262 -262 -263 -264 -266 -267 -269 -270 -269 -9999 -270 -271 -271 -270 -270 -269 -268 -266 -262 -261 -261 -260 -263 -269 -275 -272 -270 -274 -274 -269 -270 -266
-271 -270 -270 -270 -270 -270 -270 -271 -269 -267 -266 -264 -263 -263 -261 -260 -261 -261 -261 -261 -260 -256 -252 -249 -248 -249 -250 -252 -255 -258 -262 -264 -264 -263 -261 -260 -260 -262 -264 -264 -265 -265 -265 -264 -263 -262 -260 -260 -261 -260 -259 -260 -262 -264 -266 -268 -269 -268 -269 -270 -269 -269 -267 -266 -264 -264 -264 -261 -262 -258 -256 -257 -264 -270 -268 -266 -270 -271 -262 -260 -259
-271 -270 -270 -269 -269 -268 -270 -271 -269 -266 -263 -261 -260 -259 -258 -257 -258 -259 -260 -259 -256 -252 -247 -244 -243 -245 -247 -252 -256 -259 -262 -263 -264 -263 -263 -262 -261 -262 -262 -263 -263 -262 -262 -260 -260 -259 -257 -257 -258 -257 -256 -257 -257 -259 -261 -265 -267 -266 -267 -266 -265 -264 -262 -262 -260 -263 -262 -257 -257 -256 -256 -258 -258 -261 -261 -259 -264 -265 -255 -255 -253
-268 -268 -267 -267 -267 -9999 -271 -271 -269 -266 -261 -257 -256 -255 -255 -255 -256 -258 -259 -258 -255 -251 -246 -241 -241 -244 -247 -252 -255 -258 -260 -261 -262 -262 -260 -260 -259 -259 -259 -259 -260 -260 -259 -258 -257 -255 -254 -253 -253 -252 -252 -251 -251 -253 -258 -261 -263 -264 -263 -260 -261 -259 -260 -261 -257 -257 -257 -255 -250 -248 -252 -254 -253 -253 -255 -255 -252 -252 -247 -248 -242
