resultados/variables_norteamerica/bio6.asc
ncols 469
nrows 225
xllcorner -169.133333
yllcorner 20.675000
cellsize 0.249840
NODATA_value -9999
[rows 72 to 107 of 225, columns 162 to 242 of 469]
-260 -264 -266 -267 -268 -262 -262 -257 -256 -253 -245 -230 -239 -231 -231 -243 -240 -240 -246 -248 -252 -257 -265 -273 -279 -280 -281 -282 -284 -285 -285 -284 -283 -281 -281 -280 -279 -279 -279 -278 -278 -277 -277 -275 -274 -272 -271 -274 -277 -281 -284 -288 -292 -293 -294 -293 -290 -290 -288 -287 -288 -288 -289 -290 -291 -292 -292 -294 -295 -296 -298 -9999 -9999 -9999 -301 -302 -303 -304 -305 -306 -307
-251 -255 -258 -259 -258 -258 -251 -247 -245 -247 -243 -232 -243 -245 -236 -248 -246 -244 -244 -245 -251 -255 -260 -266 -271 -273 -274 -276 -277 -278 -278 -278 -278 -277 -277 -277 -277 -277 -276 -276 -275 -275 -275 -274 -272 -268 -266 -268 -271 -273 -275 -278 -279 -282 -283 -283 -283 -284 -284 -285 -286 -286 -287 -288 -288 -9999 -9999 -291 -292 -293 -294 -295 -296 -297 -298 -299 -300 -9999 -303 -304 -305
-243 -246 -249 -251 -252 -249 -246 -244 -238 -236 -234 -237 -242 -246 -245 -252 -252 -244 -242 -242 -248 -252 -253 -257 -263 -265 -266 -268 -271 -273 -273 -273 -274 -274 -274 -274 -273 -273 -273 -273 -273 -273 -272 -271 -269 -266 -265 -266 -268 -270 -272 -274 -275 -277 -278 -280 -281 -281 -282 -283 -284 -284 -285 -286 -287 -287 -9999 -288 -289 -290 -9999 -292 -294 -294 -295 -296 -297 -299 -301 -302 -303
-232 -235 -239 -242 -244 -245 -245 -243 -237 -233 -236 -233 -229 -240 -245 -243 -248 -246 -243 -240 -239 -244 -246 -247 -254 -257 -259 -262 -264 -267 -268 -269 -270 -270 -271 -271 -270 -270 -270 -269 -270 -270 -270 -270 -268 -266 -265 -266 -267 -269 -271 -272 -274 -275 -277 -278 -279 -280 -281 -281 -283 -286 -288 -290 -291 -292 -288 -286 -287 -287 -288 -289 -291 -292 -293 -294 -296 -298 -299 -299 -300
-225 -227 -230 -235 -237 -236 -239 -239 -234 -234 -227 -227 -230 -230 -238 -9999 -244 -243 -241 -237 -236 -234 -235 -238 -242 -244 -248 -254 -259 -264 -265 -265 -266 -266 -266 -267 -267 -266 -264 -264 -264 -266 -268 -268 -266 -264 -264 -265 -268 -272 -275 -277 -276 -274 -276 -277 -278 -280 -281 -283 -285 -287 -289 -289 -289 -290 -291 -286 -284 -284 -285 -286 -287 -289 -291 -292 -294 -295 -296 -296 -297
-216 -221 -223 -226 -228 -232 -233 -234 -230 -228 -228 -225 -224 -229 -230 -234 -240 -241 -241 -236 -234 -232 -229 -231 -231 -233 -236 -244 -253 -260 -260 -259 -259 -260 -261 -261 -261 -259 -258 -258 -260 -261 -263 -264 -264 -263 -262 -263 -265 -269 -271 -274 -274 -273 -275 -277 -278 -280 -282 -284 -285 -285 -286 -286 -286 -288 -288 -282 -280 -281 -281 -282 -285 -287 -289 -289 -291 -291 -292 -292 -293
-207 -214 -217 -220 -224 -225 -227 -227 -228 -231 -229 -227 -221 -221 -227 -229 -231 -233 -239 -231 -230 -227 -222 -219 -218 -219 -220 -227 -239 -247 -249 -250 -252 -253 -253 -253 -253 -252 -253 -253 -252 -253 -254 -256 -258 -259 -260 -262 -264 -266 -269 -272 -272 -271 -273 -276 -277 -280 -282 -284 -284 -283 -283 -9999 -281 -281 -279 -277 -277 -278 -279 -281 -282 -283 -284 -286 -287 -287 -9999 -289 -290
-197 -201 -208 -214 -9999 -220 -223 -222 -228 -230 -230 -227 -229 -220 -220 -225 -229 -227 -228 -226 -223 -222 -216 -210 -206 -203 -201 -204 -215 -225 -231 -236 -240 -243 -245 -247 -248 -248 -246 -243 -243 -243 -245 -248 -251 -254 -257 -260 -263 -265 -267 -269 -269 -269 -271 -274 -276 -278 -279 -279 -279 -278 -276 -275 -275 -274 -273 -273 -273 -274 -276 -278 -279 -279 -281 -282 -283 -283 -285 -286 -286
-185 -191 -196 -204 -214 -215 -217 -220 -223 -225 -225 -223 -221 -219 -213 -217 -221 -222 -218 -223 -218 -217 -208 -197 -193 -187 -182 -179 -192 -206 -215 -223 -229 -235 -238 -242 -243 -241 -239 -235 -232 -232 -235 -240 -245 -250 -255 -258 -260 -262 -264 -266 -266 -267 -270 -274 -276 -276 -276 -274 -274 -273 -272 -271 -270 -270 -270 -270 -268 -267 -269 -270 -272 -273 -275 -277 -278 -279 -281 -282 -283
-170 -177 -187 -195 -197 -208 -213 -216 -219 -223 -225 -225 -224 -220 -218 -217 -9999 -214 -211 -212 -211 -206 -198 -194 -183 -178 -174 -172 -181 -193 -203 -211 -220 -227 -232 -235 -236 -235 -230 -224 -222 -222 -226 -232 -239 -247 -253 -256 -257 -258 -259 -260 -262 -265 -269 -272 -9999 -276 -275 -273 -271 -270 -268 -267 -266 -265 -264 -264 -262 -262 -263 -265 -267 -269 -271 -273 -274 -276 -278 -279 -279
-159 -173 -178 -184 -192 -197 -204 -210 -215 -218 -221 -219 -216 -214 -215 -214 -208 -201 -200 -207 -208 -200 -194 -187 -184 -177 -174 -174 -178 -185 -193 -200 -212 -220 -225 -228 -230 -229 -222 -214 -209 -210 -218 -226 -234 -245 -253 -254 -254 -254 -254 -256 -258 -262 -266 -269 -272 -273 -272 -270 -269 -267 -265 -263 -261 -260 -260 -260 -261 -263 -261 -261 -262 -9999 -266 -268 -9999 -272 -274 -276 -277
-157 -164 -167 -179 -191 -9999 -203 -204 -210 -212 -214 -216 -214 -210 -211 -210 -202 -193 -9999 -194 -198 -189 -9999 -177 -174 -9999 -173 -174 -177 -181 -187 -194 -205 -212 -216 -219 -222 -221 -216 -209 -200 -202 -215 -226 -236 -246 -252 -253 -251 -249 -248 -251 -255 -260 -264 -267 -269 -270 -269 -267 -265 -263 -260 -257 -255 -255 -256 -257 -258 -259 -259 -257 -258 -260 -262 -265 -267 -269 -9999 -9999 -274
-136 -152 -156 -170 -178 -190 -198 -203 -203 -202 -207 -204 -204 -204 -201 -201 -198 -204 -185 -180 -190 -190 -182 -182 -178 -169 -171 -175 -177 -180 -185 -191 -198 -205 -209 -212 -214 -214 -212 -209 -207 -211 -220 -230 -240 -250 -253 -250 -246 -241 -241 -244 -9999 -256 -262 -266 -269 -269 -267 -9999 -260 -257 -253 -251 -249 -250 -251 -251 -252 -253 -253 -254 -256 -258 -259 -261 -263 -265 -266 -268 -271
-128 -135 -143 -150 -9999 -181 -187 -195 -203 -200 -192 -200 -198 -200 -202 -201 -199 -195 -191 -182 -171 -173 -180 -176 -171 -168 -169 -173 -175 -180 -183 -189 -192 -198 -201 -204 -206 -209 -211 -213 -214 -220 -227 -234 -241 -247 -247 -245 -241 -9999 -232 -238 -245 -252 -259 -265 -268 -268 -267 -262 -257 -252 -248 -244 -244 -245 -245 -245 -247 -248 -250 -252 -9999 -255 -256 -258 -260 -260 -262 -264 -266
-130 -135 -138 -143 -155 -172 -185 -193 -193 -193 -186 -189 -196 -187 -193 -192 -192 -189 -184 -182 -179 -165 -165 -176 -175 -179 -175 -172 -178 -179 -181 -184 -187 -190 -193 -195 -197 -203 -211 -217 -220 -227 -233 -234 -234 -236 -236 -234 -233 -229 -228 -233 -9999 -9999 -9999 -261 -263 -263 -262 -255 -246 -243 -240 -236 -235 -235 -237 -238 -241 -244 -248 -250 -250 -252 -253 -254 -256 -257 -258 -259 -261
-122 -122 -126 -134 -160 -155 -178 -181 -184 -180 -178 -179 -179 -173 -175 -181 -184 -183 -186 -181 -179 -171 -158 -161 -173 -176 -175 -174 -183 -181 -177 -179 -181 -183 -185 -188 -192 -200 -210 -216 -221 -230 -239 -232 -225 -222 -221 -220 -220 -221 -224 -230 -237 -243 -250 -253 -255 -254 -252 -242 -232 -228 -227 -227 -227 -227 -228 -230 -235 -241 -244 -247 -247 -248 -248 -248 -249 -252 -254 -256 -256
-111 -106 -131 -139 -146 -147 -156 -177 -175 -172 -168 -172 -170 -164 -166 -168 -176 -178 -179 -177 -174 -169 -163 -162 -162 -170 -176 -178 -179 -176 -176 -176 -175 -176 -177 -180 -185 -193 -199 -204 -211 -217 -222 -215 -206 -204 -204 -205 -207 -211 -218 -227 -233 -238 -242 -244 -243 -240 -236 -226 -215 -214 -217 -219 -219 -9999 -220 -223 -229 -236 -242 -245 -244 -243 -241 -9999 -244 -247 -250 -253 -254
-82 -102 -113 -136 -143 -147 -152 -158 -168 -172 -177 -169 -163 -161 -161 -166 -9999 -175 -175 -172 -170 -166 -163 -162 -165 -170 -172 -175 -176 -175 -176 -175 -172 -171 -170 -170 -172 -174 -180 -186 -192 -195 -190 -182 -179 -184 -187 -190 -194 -201 -211 -220 -227 -232 -234 -234 -231 -227 -221 -214 -207 -206 -211 -214 -213 -211 -212 -215 -220 -230 -242 -243 -239 -235 -9999 -9999 -239 -242 -245 -246 -246
-73 -98 -110 -127 -129 -138 -147 -149 -161 -169 -174 -178 -167 -167 -167 -169 -172 -171 -173 -172 -169 -165 -161 -160 -163 -170 -173 -173 -170 -167 -168 -169 -171 -167 -166 -162 -160 -158 -160 -167 -174 -174 -172 -165 -165 -170 -174 -175 -180 -191 -203 -214 -222 -225 -225 -224 -220 -215 -209 -204 -202 -205 -210 -213 -209 -206 -206 -208 -212 -224 -238 -239 -234 -230 -230 -231 -234 -236 -238 -238 -240
-73 -95 -9999 -115 -9999 -124 -134 -142 -150 -159 -167 -171 -163 -157 -156 -156 -158 -163 -167 -167 -165 -163 -159 -155 -157 -166 -172 -167 -167 -163 -164 -162 -165 -166 -162 -160 -156 -149 -146 -153 -161 -165 -167 -165 -165 -167 -168 -169 -174 -186 -199 -209 -217 -219 -219 -216 -212 -206 -201 -198 -197 -201 -209 -212 -205 -198 -201 -206 -211 -221 -231 -234 -232 -229 -228 -229 -231 -234 -236 -237 -238
-68 -85 -9999 -110 -119 -127 -126 -135 -144 -148 -151 -156 -159 -160 -163 -157 -162 -172 -176 -173 -169 -166 -156 -152 -157 -164 -166 -163 -162 -155 -151 -155 -160 -159 -160 -157 -154 -149 -145 -151 -158 -163 -167 -169 -169 -169 -170 -173 -178 -186 -196 -205 -211 -214 -214 -212 -209 -202 -196 -193 -191 -195 -203 -206 -204 -201 -203 -207 -213 -221 -227 -230 -228 -225 -225 -227 -230 -234 -237 -241 -246
-64 -70 -79 -98 -109 -113 -119 -122 -142 -146 -147 -149 -153 -157 -156 -164 -172 -179 -180 -179 -174 -167 -162 -155 -158 -169 -161 -163 -156 -159 -156 -150 -151 -157 -157 -156 -157 -154 -162 -166 -167 -168 -170 -173 -175 -173 -172 -174 -181 -188 -194 -201 -206 -210 -211 -9999 -208 -204 -199 -194 -190 -193 -200 -204 -204 -206 -210 -210 -214 -220 -226 -230 -227 -223 -222 -224 -227 -230 -235 -9999 -248
-49 -66 -9999 -82 -9999 -103 -113 -114 -123 -136 -139 -140 -146 -158 -168 -169 -181 -183 -184 -181 -179 -173 -163 -156 -152 -158 -159 -155 -152 -151 -154 -154 -158 -153 -154 -158 -159 -160 -166 -167 -168 -169 -173 -176 -177 -175 -173 -175 -181 -187 -193 -199 -205 -208 -209 -209 -209 -207 -203 -199 -195 -197 -200 -203 -9999 -206 -210 -211 -214 -219 -224 -227 -225 -224 -224 -223 -225 -227 -232 -238 -246
-9999 -47 -56 -61 -76 -91 -102 -116 -123 -121 -125 -133 -143 -154 -166 -176 -185 -189 -196 -190 -185 -193 -175 -164 -147 -150 -152 -152 -153 -147 -149 -152 -159 -158 -158 -155 -157 -163 -166 -167 -170 -173 -172 -176 -179 -178 -178 -178 -181 -187 -193 -198 -203 -206 -207 -209 -213 -215 -210 -205 -200 -199 -200 -202 -201 -201 -204 -208 -213 -216 -216 -216 -218 -221 -222 -223 -224 -225 -229 -233 -238
-16 -23 -36 -55 -73 -86 -77 -95 -108 -105 -122 -139 -140 -167 -173 -188 -198 -204 -206 -206 -195 -202 -184 -178 -150 -148 -145 -144 -147 -148 -147 -147 -150 -156 -158 -162 -161 -159 -163 -166 -167 -172 -170 -177 -181 -186 -186 -183 -185 -186 -189 -196 -203 -205 -205 -207 -212 -218 -212 -206 -202 -200 -200 -200 -197 -195 -197 -203 -210 -214 -213 -209 -215 -218 -220 -222 -225 -226 -228 -231 -232
2 -5 -13 -31 -49 -9999 -75 -94 -103 -109 -133 -140 -134 -146 -166 -187 -195 -206 -211 -211 -202 -201 -196 -177 -147 -149 -139 -139 -140 -143 -142 -143 -145 -146 -153 -9999 -158 -158 -160 -161 -167 -171 -172 -174 -178 -190 -190 -189 -192 -192 -195 -200 -208 -208 -200 -199 -200 -204 -9999 -203 -202 -201 -200 -200 -196 -189 -190 -202 -212 -218 -224 -220 -218 -219 -221 -222 -224 -226 -229 -230 -231
-9999 5 -4 -18 -29 -9999 -56 -67 -87 -104 -100 -110 -134 -136 -152 -178 -191 -206 -211 -204 -193 -192 -190 -175 -153 -138 -134 -136 -138 -140 -138 -138 -144 -142 -147 -150 -9999 -153 -159 -161 -156 -164 -9999 -172 -178 -186 -190 -197 -195 -191 -199 -205 -212 -216 -199 -189 -187 -188 -195 -198 -199 -198 -198 -200 -198 -196 -198 -206 -215 -223 -228 -226 -222 -221 -221 -223 -224 -226 -227 -229 -229
-9999 15 -9999 -11 -9999 -43 -68 -9999 -78 -9999 -116 -118 -135 -142 -134 -159 -179 -199 -208 -193 -175 -161 -179 -179 -158 -138 -131 -133 -138 -137 -135 -134 -139 -139 -140 -145 -146 -144 -151 -154 -147 -152 -155 -163 -9999 -181 -184 -186 -188 -196 -203 -205 -210 -212 -203 -192 -184 -183 -188 -195 -197 -197 -197 -198 -199 -200 -9999 -212 -220 -227 -230 -228 -223 -221 -220 -222 -224 -226 -227 -227 -227
-9999 -9999 15 -3 -19 -29 -48 -58 -65 -86 -9999 -105 -115 -129 -152 -148 -164 -184 -191 -188 -183 -177 -170 -162 -157 -143 -144 -137 -134 -134 -132 -133 -134 -137 -137 -143 -139 -138 -142 -142 -141 -152 -156 -9999 -155 -165 -9999 -182 -195 -201 -204 -206 -206 -205 -199 -191 -184 -183 -186 -192 -197 -197 -194 -197 -198 -198 -205 -215 -225 -232 -232 -228 -223 -218 -217 -219 -222 -226 -226 -224 -223
-9999 -9999 14 12 -9999 -27 -37 -48 -66 -82 -9999 -9999 -95 -137 -131 -161 -163 -167 -180 -181 -188 -187 -183 -180 -166 -142 -150 -140 -136 -132 -130 -130 -133 -133 -134 -133 -129 -129 -138 -138 -129 -139 -148 -9999 -149 -152 -164 -174 -188 -192 -9999 -203 -204 -199 -196 -191 -184 -181 -182 -188 -196 -203 -198 -197 -198 -202 -207 -217 -228 -235 -232 -226 -220 -214 -212 -213 -219 -225 -225 -220 -218
-9999 -9999 -9999 -9999 6 -7 -25 -45 -9999 -63 -9999 -63 -89 -9999 -105 -125 -147 -168 -166 -180 -179 -186 -183 -177 -171 -146 -141 -139 -129 -125 -125 -127 -130 -129 -131 -128 -121 -129 -119 -125 -135 -9999 -145 -146 -151 -161 -156 -168 -172 -188 -188 -194 -197 -201 -192 -187 -182 -179 -177 -181 -189 -195 -195 -196 -198 -201 -207 -214 -222 -228 -226 -221 -216 -211 -208 -208 -215 -218 -216 -211 -209
-9999 -9999 -9999 -9999 -9999 2 -9999 -15 -27 -41 -45 -65 -51 -9999 -76 -108 -9999 -9999 -155 -180 -172 -180 -176 -166 -170 -157 -131 -140 -121 -120 -120 -120 -130 -122 -122 -119 -120 -120 -105 -117 -125 -119 -133 -9999 -146 -9999 -9999 -155 -159 -174 -182 -188 -189 -193 -189 -186 -178 -173 -169 -174 -181 -185 -188 -191 -194 -197 -201 -207 -213 -217 -217 -215 -212 -208 -207 -209 -211 -210 -207 -202 -201
-9999 -9999 -9999 -9999 -9999 10 -9999 5 -9999 -9999 -31 -42 -9999 -69 -81 -83 -99 -133 -140 -9999 -153 -159 -158 -145 -151 -131 -123 -116 -117 -103 -104 -105 -109 -104 -118 -112 -107 -98 -104 -118 -117 -128 -119 -127 -136 -147 -156 -168 -163 -157 -169 -182 -191 -195 -197 -191 -179 -170 -167 -170 -175 -178 -180 -184 -187 -191 -195 -199 -204 -208 -208 -207 -205 -204 -205 -208 -209 -205 -202 -198 -196
-9999 17 10 4 -9999 2 8 -9999 -9999 -9999 -3 -9 -9999 -37 -49 -70 -80 -78 -97 -141 -127 -134 -132 -141 -127 -138 -128 -109 -120 -95 -116 -110 -112 -104 -109 -107 -116 -98 -102 -100 -121 -124 -118 -117 -128 -134 -137 -156 -170 -163 -154 -170 -178 -190 -193 -193 -181 -170 -166 -167 -170 -174 -176 -178 -182 -184 -188 -192 -195 -198 -199 -199 -198 -200 -203 -205 -205 -202 -198 -195 -193
-9999 -9999 -9999 5 -2 -4 -3 -9 -15 -23 -16 -9999 -9999 -9999 -15 -24 -9999 -72 -82 -107 -103 -126 -124 -107 -118 -135 -128 -122 -95 -92 -108 -110 -112 -109 -113 -120 -111 -93 -105 -99 -104 -122 -101 -102 -125 -140 -116 -147 -165 -167 -159 -157 -168 -179 -186 -187 -183 -174 -171 -167 -166 -168 -169 -171 -173 -177 -181 -183 -185 -187 -188 -188 -191 -196 -200 -202 -201 -198 -195 -192 -189
-9999 -9999 -9999 -9999 -9999 -9999 5 -10 -9 -22 -27 -22 -13 -9999 -9999 -9999 -21 -38 -60 -61 -99 -94 -97 -124 -96 -117 -115 -107 -90 -116 -99 -102 -107 -113 -119 -124 -100 -105 -118 -123 -114 -116 -96 -102 -118 -117 -124 -129 -158 -163 -156 -143 -162 -178 -177 -179 -183 -177 -174 -165 -160 -160 -162 -163 -165 -169 -172 -173 -174 -176 -177 -178 -183 -191 -196 -199 -199 -196 -192 -188 -186
