resultados/variables_norteamerica/bio6.asc
ncols 469
nrows 225
xllcorner -169.133333
yllcorner 20.675000
cellsize 0.249840
NODATA_value -9999
[rows 36 to 71 of 225, columns 243 to 323 of 469]
-9999 -9999 -9999 -363 -364 -364 -365 -365 -365 -366 -367 -367 -367 -368 -368 -368 -369 -369 -369 -370 -370 -9999 -9999 -9999 -9999 -9999 -9999 -9999 -9999 -9999 -9999 -9999 -9999 -9999 -9999 -9999 -9999 -9999 -9999 -9999 -392 -393 -9999 -9999 -9999 -397 -397 -398 -398 -9999 -9999 -9999 -399 -400 -400 -401 -402 -401 -402 -401 -401 -400 -398 -395 -392 -388 -385 -382 -378 -375 -373 -370 -366 -361 -359 -360 -359 -357 -358 -355 -350
-9999 -361 -9999 -363 -364 -365 -366 -366 -366 -367 -367 -367 -368 -368 -369 -369 -369 -370 -370 -370 -371 -371 -371 -371 -372 -372 -373 -375 -376 -377 -378 -380 -381 -383 -384 -386 -387 -388 -390 -391 -392 -394 -394 -395 -9999 -396 -397 -397 -9999 -9999 -9999 -9999 -9999 -402 -402 -402 -401 -401 -402 -402 -401 -400 -398 -396 -392 -389 -386 -383 -379 -377 -375 -371 -368 -363 -363 -362 -361 -361 -362 -360 -355
-360 -9999 -9999 -363 -364 -365 -366 -367 -367 -367 -368 -368 -369 -369 -370 -370 -370 -371 -371 -372 -372 -372 -372 -373 -373 -374 -375 -376 -377 -378 -380 -381 -382 -384 -385 -387 -388 -389 -390 -391 -9999 -394 -395 -396 -397 -397 -397 -397 -397 -9999 -9999 -9999 -9999 -400 -400 -402 -402 -402 -401 -399 -398 -397 -396 -394 -392 -389 -386 -384 -381 -379 -376 -374 -370 -367 -366 -365 -363 -363 -360 -357 -356
-9999 -9999 -9999 -9999 -9999 -365 -366 -368 -368 -368 -369 -369 -370 -370 -370 -370 -370 -371 -371 -372 -372 -373 -373 -374 -374 -375 -376 -377 -378 -379 -380 -382 -383 -385 -386 -387 -389 -390 -391 -392 -393 -394 -396 -396 -397 -397 -398 -397 -9999 -398 -398 -398 -398 -399 -402 -404 -403 -403 -402 -400 -397 -395 -393 -391 -389 -388 -386 -383 -381 -380 -378 -376 -371 -368 -368 -367 -366 -363 -361 -359 -357
-363 -9999 -9999 -9999 -9999 -364 -365 -366 -366 -367 -368 -370 -370 -370 -370 -370 -370 -371 -372 -372 -373 -373 -374 -375 -375 -376 -377 -378 -379 -380 -381 -383 -384 -385 -387 -388 -389 -390 -391 -393 -394 -395 -396 -397 -9999 -398 -398 -398 -398 -9999 -398 -398 -398 -402 -404 -404 -403 -403 -402 -400 -397 -397 -394 -390 -387 -386 -385 -383 -381 -379 -378 -376 -372 -370 -368 -366 -364 -362 -360 -359 -358
-365 -365 -364 -9999 -364 -9999 -366 -368 -369 -369 -370 -370 -371 -370 -370 -371 -371 -372 -372 -373 -373 -373 -374 -375 -375 -376 -377 -378 -379 -380 -381 -383 -385 -386 -387 -388 -389 -390 -392 -393 -394 -395 -396 -397 -398 -398 -398 -398 -399 -399 -399 -400 -400 -401 -404 -403 -403 -402 -401 -399 -398 -397 -395 -392 -389 -386 -384 -381 -380 -378 -376 -375 -375 -372 -369 -367 -365 -363 -360 -360 -358
-366 -366 -366 -364 -363 -365 -368 -368 -369 -369 -370 -370 -370 -370 -371 -371 -372 -372 -373 -373 -9999 -374 -374 -9999 -375 -376 -377 -378 -379 -380 -381 -383 -9999 -387 -387 -388 -389 -390 -391 -393 -394 -395 -395 -397 -9999 -398 -398 -399 -399 -399 -400 -400 -400 -400 -402 -402 -402 -401 -399 -398 -397 -396 -394 -391 -389 -386 -384 -382 -379 -377 -375 -373 -372 -370 -369 -368 -366 -363 -361 -361 -359
-366 -366 -367 -367 -366 -366 -365 -367 -368 -369 -369 -369 -369 -370 -371 -371 -372 -373 -373 -373 -373 -374 -374 -375 -375 -376 -377 -378 -379 -380 -381 -382 -383 -385 -387 -387 -388 -389 -391 -392 -393 -394 -395 -396 -397 -397 -398 -399 -400 -400 -400 -400 -401 -402 -402 -401 -400 -399 -399 -397 -396 -394 -393 -391 -388 -384 -381 -378 -376 -373 -373 -371 -369 -366 -364 -364 -363 -362 -361 -360 -359
-367 -367 -367 -366 -366 -366 -366 -366 -368 -368 -369 -369 -369 -370 -371 -371 -372 -372 -373 -373 -373 -373 -374 -375 -375 -376 -377 -378 -379 -9999 -381 -9999 -9999 -385 -9999 -9999 -388 -390 -391 -392 -392 -394 -396 -396 -397 -397 -398 -399 -399 -400 -400 -399 -400 -401 -401 -400 -399 -397 -397 -395 -394 -392 -390 -388 -387 -385 -382 -380 -378 -374 -371 -9999 -368 -9999 -363 -9999 -357 -360 -360 -359 -357
-367 -366 -366 -366 -366 -366 -366 -367 -367 -368 -368 -369 -369 -370 -370 -371 -371 -372 -372 -372 -372 -373 -374 -374 -375 -375 -377 -378 -380 -380 -380 -383 -383 -9999 -386 -387 -388 -389 -390 -391 -393 -394 -395 -396 -397 -397 -398 -400 -399 -399 -399 -400 -9999 -399 -399 -399 -397 -396 -394 -393 -392 -391 -389 -387 -386 -383 -382 -380 -378 -376 -374 -372 -370 -370 -369 -366 -9999 -9999 -9999 -9999 -351
-367 -365 -364 -364 -365 -365 -366 -366 -367 -367 -368 -368 -369 -369 -369 -370 -370 -371 -370 -371 -372 -373 -374 -374 -375 -375 -376 -378 -379 -380 -380 -382 -383 -384 -385 -387 -388 -389 -390 -391 -392 -393 -395 -395 -396 -397 -398 -399 -399 -400 -9999 -399 -399 -397 -396 -396 -395 -393 -392 -391 -390 -389 -387 -386 -384 -382 -380 -379 -377 -375 -373 -371 -370 -370 -368 -367 -364 -9999 -9999 -9999 -9999
-365 -365 -364 -9999 -364 -365 -365 -365 -366 -367 -367 -367 -368 -367 -368 -368 -369 -370 -371 -371 -371 -372 -372 -374 -375 -375 -376 -377 -379 -379 -380 -381 -383 -385 -385 -386 -387 -388 -390 -390 -392 -393 -394 -9999 -395 -397 -398 -399 -399 -399 -399 -9999 -398 -396 -395 -394 -393 -392 -390 -389 -388 -386 -384 -383 -382 -381 -378 -377 -376 -373 -372 -370 -369 -369 -367 -367 -366 -362 -361 -359 -356
-364 -364 -364 -364 -364 -364 -365 -365 -365 -366 -366 -367 -367 -367 -367 -369 -369 -370 -371 -371 -371 -371 -372 -374 -374 -374 -375 -376 -377 -378 -9999 -380 -381 -382 -383 -385 -385 -387 -388 -389 -390 -392 -392 -393 -394 -395 -396 -397 -398 -398 -9999 -9999 -397 -396 -394 -393 -392 -390 -388 -387 -386 -384 -9999 -381 -380 -378 -377 -375 -373 -371 -369 -368 -366 -366 -366 -366 -365 -363 -360 -357 -356
-362 -363 -363 -363 -363 -364 -365 -365 -365 -365 -365 -366 -367 -367 -368 -368 -369 -369 -370 -370 -370 -370 -371 -371 -373 -373 -374 -375 -376 -377 -377 -379 -379 -380 -382 -383 -9999 -9999 -386 -9999 -9999 -390 -392 -393 -394 -395 -396 -395 -398 -397 -397 -397 -395 -394 -393 -390 -389 -387 -386 -385 -384 -382 -381 -380 -378 -376 -375 -373 -9999 -369 -367 -366 -364 -363 -362 -361 -361 -360 -358 -357 -355
-361 -362 -363 -363 -362 -363 -363 -364 -364 -364 -366 -366 -366 -367 -367 -368 -368 -369 -367 -367 -368 -369 -369 -370 -371 -372 -373 -375 -376 -376 -377 -379 -380 -381 -381 -383 -384 -385 -386 -387 -388 -390 -390 -391 -392 -392 -393 -394 -395 -396 -395 -394 -392 -391 -390 -388 -386 -385 -384 -382 -381 -380 -379 -378 -376 -374 -372 -372 -370 -368 -366 -363 -361 -361 -359 -358 -359 -359 -357 -355 -352
-359 -360 -361 -361 -9999 -362 -362 -363 -363 -364 -364 -365 -365 -367 -366 -366 -367 -365 -366 -366 -368 -368 -368 -369 -370 -372 -374 -376 -377 -376 -377 -378 -379 -380 -9999 -381 -382 -9999 -385 -9999 -9999 -388 -9999 -390 -391 -392 -393 -393 -393 -393 -393 -390 -389 -388 -387 -385 -384 -383 -382 -9999 -378 -377 -376 -375 -374 -372 -371 -370 -369 -367 -364 -362 -360 -358 -9999 -9999 -355 -355 -353 -9999 -9999
-358 -359 -359 -9999 -360 -361 -361 -362 -362 -363 -363 -363 -364 -364 -364 -364 -364 -365 -367 -367 -369 -369 -369 -370 -370 -372 -375 -376 -376 -376 -376 -377 -378 -378 -379 -380 -381 -9999 -9999 -385 -9999 -386 -387 -9999 -389 -390 -390 -391 -392 -391 -390 -389 -9999 -9999 -386 -384 -383 -381 -380 -9999 -9999 -376 -9999 -372 -371 -370 -369 -367 -366 -365 -363 -361 -359 -9999 -9999 -9999 -9999 -9999 -9999 -9999 -9999
-357 -357 -358 -358 -359 -359 -360 -360 -361 -361 -362 -362 -362 -363 -362 -361 -363 -365 -366 -367 -368 -369 -370 -371 -370 -371 -373 -374 -375 -375 -376 -377 -378 -379 -380 -381 -381 -9999 -382 -384 -385 -385 -386 -386 -386 -387 -388 -389 -389 -389 -389 -388 -387 -387 -385 -384 -382 -380 -378 -376 -375 -374 -372 -371 -9999 -368 -367 -366 -9999 -9999 -362 -9999 -9999 -9999 -9999 -9999 -9999 -9999 -9999 -9999 -9999
-9999 -355 -355 -357 -357 -358 -359 -359 -360 -361 -361 -361 -361 -362 -361 -361 -363 -365 -365 -366 -367 -367 -368 -368 -369 -370 -9999 -372 -373 -374 -375 -377 -378 -9999 -380 -381 -382 -382 -382 -382 -382 -383 -384 -384 -9999 -385 -387 -387 -387 -387 -387 -386 -385 -383 -383 -382 -381 -379 -377 -376 -374 -372 -371 -370 -368 -367 -367 -367 -365 -362 -361 -9999 -9999 -9999 -9999 -9999 -9999 -9999 -9999 -9999 -9999
-353 -9999 -355 -355 -356 -357 -358 -358 -358 -358 -359 -359 -360 -360 -9999 -360 -362 -363 -364 -364 -365 -366 -366 -367 -368 -9999 -9999 -9999 -9999 -373 -374 -376 -377 -378 -379 -379 -9999 -381 -381 -380 -380 -381 -9999 -382 -383 -383 -9999 -384 -384 -384 -383 -383 -382 -382 -381 -9999 -9999 -377 -375 -374 -373 -371 -369 -368 -367 -366 -367 -366 -364 -362 -360 -9999 -9999 -9999 -9999 -9999 -9999 -9999 -9999 -9999 -9999
-351 -351 -352 -353 -354 -355 -356 -356 -357 -358 -358 -359 -358 -358 -358 -359 -360 -361 -363 -9999 -363 -364 -365 -366 -366 -367 -368 -9999 -370 -371 -373 -9999 -375 -376 -377 -9999 -9999 -378 -378 -377 -377 -378 -379 -380 -380 -381 -9999 -381 -381 -9999 -9999 -380 -379 -379 -378 -376 -375 -375 -373 -372 -370 -369 -367 -366 -365 -364 -363 -362 -361 -9999 -9999 -9999 -9999 -9999 -9999 -9999 -9999 -9999 -9999 -9999 -9999
-348 -349 -350 -351 -352 -353 -9999 -354 -355 -356 -356 -357 -357 -357 -357 -358 -359 -360 -361 -361 -9999 -363 -363 -9999 -366 -366 -367 -368 -370 -371 -372 -373 -373 -374 -374 -376 -376 -376 -375 -375 -375 -375 -9999 -9999 -377 -378 -378 -378 -378 -378 -378 -377 -375 -375 -374 -373 -372 -371 -370 -369 -368 -366 -365 -9999 -363 -362 -9999 -9999 -9999 -9999 -9999 -9999 -9999 -9999 -9999 -9999 -9999 -9999 -9999 -9999 -9999
-347 -348 -9999 -350 -351 -352 -353 -353 -353 -9999 -354 -355 -355 -356 -356 -356 -357 -358 -358 -359 -360 -361 -362 -363 -363 -365 -9999 -9999 -9999 -9999 -9999 -371 -371 -372 -373 -373 -374 -373 -373 -372 -373 -374 -374 -374 -375 -375 -375 -375 -375 -375 -374 -373 -372 -372 -371 -9999 -369 -368 -367 -366 -365 -364 -363 -9999 -9999 -9999 -9999 -9999 -9999 -9999 -9999 -9999 -9999 -9999 -9999 -9999 -9999 -9999 -9999 -9999 -9999
-346 -347 -347 -348 -349 -350 -351 -352 -352 -353 -353 -354 -354 -354 -355 -355 -356 -356 -357 -357 -358 -9999 -360 -360 -361 -363 -365 -366 -367 -368 -368 -369 -370 -370 -371 -372 -372 -372 -372 -372 -371 -372 -372 -372 -372 -372 -372 -372 -371 -371 -370 -370 -369 -369 -368 -367 -367 -365 -364 -363 -362 -9999 -9999 -9999 -9999 -9999 -9999 -9999 -9999 -9999 -9999 -9999 -9999 -9999 -9999 -9999 -9999 -9999 -9999 -9999 -9999
-344 -345 -345 -346 -347 -348 -349 -350 -351 -352 -352 -353 -352 -353 -353 -354 -354 -355 -355 -355 -355 -356 -357 -358 -360 -361 -363 -365 -9999 -366 -367 -368 -369 -369 -369 -370 -370 -370 -370 -370 -369 -369 -369 -369 -369 -369 -370 -9999 -368 -368 -367 -367 -9999 -366 -365 -364 -363 -9999 -362 -9999 -9999 -360 -9999 -9999 -9999 -9999 -9999 -9999 -9999 -9999 -9999 -9999 -9999 -9999 -9999 -9999 -9999 -9999 -9999 -9999 -9999
-343 -342 -344 -345 -345 -347 -348 -349 -349 -350 -351 -9999 -351 -351 -351 -351 -352 -352 -352 -352 -353 -354 -355 -357 -358 -359 -361 -362 -363 -364 -365 -366 -366 -367 -367 -367 -368 -368 -368 -368 -367 -367 -368 -367 -9999 -366 -366 -366 -366 -366 -366 -365 -364 -363 -362 -361 -360 -360 -360 -9999 -9999 -9999 -9999 -9999 -9999 -9999 -9999 -9999 -9999 -9999 -9999 -9999 -9999 -9999 -9999 -9999 -9999 -9999 -9999 -9999 -9999
-340 -342 -342 -343 -344 -345 -346 -348 -348 -348 -348 -349 -349 -348 -348 -349 -9999 -349 -349 -349 -351 -352 -353 -354 -9999 -357 -358 -359 -361 -363 -364 -364 -364 -364 -9999 -365 -365 -365 -365 -365 -364 -364 -364 -364 -9999 -364 -364 -364 -364 -363 -363 -362 -361 -360 -359 -358 -357 -357 -9999 -9999 -9999 -9999 -9999 -9999 -9999 -9999 -9999 -9999 -9999 -9999 -9999 -9999 -9999 -9999 -9999 -9999 -9999 -9999 -9999 -9999 -9999
-338 -339 -340 -341 -343 -344 -345 -346 -346 -346 -347 -347 -347 -347 -346 -346 -346 -347 -347 -347 -348 -349 -350 -351 -353 -354 -356 -357 -358 -361 -362 -362 -362 -362 -362 -362 -362 -362 -362 -362 -362 -361 -361 -361 -361 -361 -360 -360 -9999 -360 -360 -359 -358 -357 -356 -355 -354 -9999 -9999 -9999 -9999 -9999 -9999 -9999 -9999 -9999 -9999 -9999 -9999 -9999 -9999 -9999 -9999 -9999 -9999 -9999 -9999 -9999 -9999 -9999 -9999
-335 -336 -338 -339 -340 -342 -343 -344 -345 -345 -345 -345 -346 -345 -344 -343 -343 -343 -343 -344 -9999 -346 -347 -348 -350 -351 -352 -354 -355 -357 -359 -359 -359 -359 -359 -359 -359 -359 -359 -359 -359 -9999 -358 -358 -357 -357 -357 -357 -357 -357 -356 -355 -355 -354 -353 -352 -352 -9999 -9999 -9999 -9999 -9999 -9999 -9999 -9999 -9999 -9999 -9999 -9999 -9999 -9999 -9999 -9999 -9999 -9999 -9999 -9999 -9999 -9999 -9999 -9999
-333 -334 -335 -337 -339 -340 -341 -342 -343 -344 -343 -343 -343 -343 -341 -340 -340 -340 -341 -340 -341 -9999 -344 -345 -347 -348 -350 -352 -353 -355 -356 -356 -355 -355 -356 -9999 -9999 -356 -356 -356 -355 -355 -354 -354 -354 -354 -354 -353 -354 -354 -353 -352 -351 -350 -349 -9999 -9999 -9999 -9999 -9999 -9999 -9999 -9999 -9999 -9999 -9999 -9999 -9999 -9999 -9999 -9999 -9999 -9999 -9999 -9999 -9999 -9999 -9999 -9999 -9999 -9999
-329 -331 -333 -335 -336 -338 -339 -340 -341 -342 -342 -341 -341 -340 -339 -338 -337 -337 -338 -338 -338 -339 -340 -342 -343 -9999 -347 -9999 -351 -352 -352 -353 -352 -352 -353 -9999 -353 -353 -353 -353 -353 -353 -352 -352 -352 -351 -351 -351 -350 -350 -350 -349 -348 -347 -346 -9999 -9999 -9999 -9999 -9999 -9999 -9999 -9999 -9999 -9999 -9999 -9999 -9999 -9999 -9999 -9999 -9999 -9999 -9999 -9999 -9999 -9999 -9999 -9999 -9999 -9999
-326 -328 -330 -332 -333 -335 -337 -338 -339 -9999 -9999 -340 -339 -337 -335 -334 -9999 -333 -334 -334 -334 -335 -336 -339 -341 -9999 -344 -346 -347 -349 -349 -349 -350 -349 -349 -350 -350 -350 -350 -350 -350 -9999 -350 -350 -349 -349 -349 -348 -348 -347 -347 -346 -346 -344 -344 -9999 -9999 -9999 -9999 -9999 -9999 -9999 -9999 -9999 -9999 -9999 -9999 -9999 -9999 -9999 -9999 -9999 -9999 -9999 -9999 -9999 -9999 -9999 -9999 -9999 -9999
-323 -325 -9999 -328 -330 -332 -333 -335 -336 -338 -338 -337 -336 -333 -331 -331 -9999 -328 -329 -330 -330 -332 -333 -9999 -337 -339 -342 -343 -344 -345 -346 -346 -346 -346 -9999 -346 -347 -347 -347 -347 -347 -346 -346 -347 -346 -346 -346 -345 -345 -344 -344 -343 -343 -341 -340 -9999 -9999 -9999 -9999 -9999 -9999 -9999 -9999 -9999 -9999 -9999 -9999 -9999 -9999 -9999 -9999 -9999 -9999 -9999 -9999 -9999 -9999 -9999 -9999 -9999 -9999
-319 -320 -322 -324 -326 -328 -329 -331 -333 -335 -335 -334 -332 -329 -327 -325 -323 -323 -323 -324 -326 -328 -329 -332 -334 -337 -338 -340 -341 -342 -342 -343 -343 -343 -343 -342 -343 -343 -343 -343 -343 -343 -343 -343 -343 -343 -342 -342 -342 -341 -340 -340 -339 -339 -337 -9999 -9999 -9999 -9999 -9999 -9999 -9999 -9999 -9999 -9999 -9999 -9999 -9999 -9999 -9999 -9999 -9999 -9999 -9999 -9999 -9999 -9999 -9999 -9999 -9999 -9999
-9999 -9999 -9999 -9999 -319 -321 -323 -325 -328 -330 -331 -329 -9999 -324 -321 -319 -318 -317 -318 -319 -320 -323 -325 -328 -331 -333 -335 -337 -339 -340 -340 -340 -340 -340 -339 -339 -339 -340 -339 -339 -339 -339 -339 -339 -340 -340 -339 -339 -338 -338 -338 -337 -336 -336 -335 -9999 -9999 -9999 -9999 -9999 -9999 -9999 -9999 -9999 -9999 -9999 -9999 -9999 -9999 -9999 -9999 -9999 -9999 -9999 -9999 -9999 -9999 -9999 -9999 -9999 -9999
-311 -312 -314 -315 -317 -318 -320 -321 -322 -325 -326 -323 -320 -317 -315 -313 -312 -311 -312 -9999 -315 -318 -321 -324 -327 -330 -332 -334 -336 -337 -337 -337 -337 -336 -9999 -336 -9999 -335 -335 -335 -336 -336 -9999 -335 -9999 -336 -336 -336 -335 -335 -335 -334 -333 -332 -332 -9999 -9999 -9999 -9999 -9999 -9999 -9999 -9999 -9999 -9999 -9999 -9999 -9999 -9999 -9999 -9999 -9999 -9999 -9999 -9999 -9999 -9999 -9999 -9999 -9999 -9999
