resultados/variables_norteamerica/bio7.asc
ncols 469
nrows 225
xllcorner -169.133333
yllcorner 20.675000
cellsize 0.249840
NODATA_value -9999
[rows 76 to 113 of 225, columns 170 to 254 of 469]
408 405 412 411 406 408 401 -9999 400 405 411 421 428 439 444 448 448 455 462 468 477 480 483 483 482 480 477 473 469 473 478 483 486 488 494 499 499 500 502 500 496 490 487 490 497 507 507 507 507 506 505 502 499 496 494 495 496 496 495 507 514 515 513 512 512 511 508 506 505 505 506 506 506 507 507 507 506 507 509 510 509 508 507 504 502
406 409 409 413 414 407 407 403 397 397 400 408 412 417 426 425 430 435 442 449 462 469 470 471 470 469 465 465 463 467 472 473 470 472 476 479 488 494 500 500 499 494 491 491 495 503 503 502 501 501 498 495 494 494 492 491 493 491 493 506 513 512 511 509 507 503 502 502 502 503 504 505 504 505 504 504 503 503 504 504 -9999 504 502 498 497
402 398 402 406 417 415 407 403 401 398 392 400 402 404 410 413 415 416 421 431 444 456 456 457 457 459 461 463 462 463 458 455 459 466 473 477 482 493 498 498 497 495 492 486 494 501 500 498 498 495 490 488 488 489 490 -9999 494 496 502 509 510 510 504 501 501 501 500 499 500 501 -9999 503 502 502 502 502 -9999 501 501 501 -9999 500 498 496 495
393 392 395 400 398 412 411 402 395 397 393 394 394 393 396 399 399 400 400 407 421 435 444 448 452 454 455 456 451 447 450 452 453 458 464 473 486 493 494 492 488 489 487 484 493 498 498 496 495 493 492 492 491 493 495 496 497 499 501 505 508 504 498 495 494 497 496 496 497 500 500 500 501 501 501 500 500 499 498 498 497 495 495 494 -9999
393 393 395 401 404 406 413 406 398 394 395 386 387 384 387 392 391 389 383 382 399 415 429 438 443 448 448 443 438 438 437 438 443 449 456 466 480 492 490 488 486 484 483 483 492 495 494 489 490 490 492 495 495 494 494 494 494 495 495 496 501 500 496 495 496 496 495 495 496 498 498 499 499 499 499 499 498 498 497 496 494 495 494 493 493
391 389 388 389 391 398 399 397 -9999 395 392 386 382 381 381 378 383 383 382 381 388 402 414 427 437 440 438 442 443 440 438 435 431 436 445 456 466 483 494 489 487 486 485 486 490 491 488 486 -9999 485 486 491 492 490 490 490 490 490 492 492 494 493 493 493 492 492 492 493 494 495 495 496 498 498 498 497 498 497 496 495 495 495 494 493 494
389 388 386 391 395 397 394 394 398 401 394 382 376 375 373 372 370 375 381 387 394 401 407 418 432 437 439 443 447 445 440 433 425 427 436 446 459 485 490 485 482 481 482 483 485 485 486 486 486 487 488 489 487 485 483 484 486 484 484 484 482 479 483 488 489 -9999 489 490 -9999 492 493 494 495 496 -9999 496 497 496 495 495 495 495 493 494 494
389 390 387 384 387 392 391 390 397 399 -9999 385 376 374 -9999 368 368 -9999 384 389 393 399 404 412 425 434 438 440 437 435 435 432 424 426 440 456 472 482 487 481 474 473 473 473 476 479 482 485 487 488 488 486 483 480 480 479 480 478 476 473 473 474 476 484 486 486 485 485 486 488 -9999 -9999 493 -9999 494 495 496 496 496 497 497 495 495 496 498
392 396 387 389 388 388 391 392 394 383 393 390 375 368 365 360 358 362 372 377 389 395 398 406 414 422 428 427 425 426 430 432 434 439 449 460 473 482 483 477 471 468 465 466 -9999 474 478 481 484 484 485 -9999 480 477 476 475 474 471 469 469 470 473 477 479 480 480 480 481 482 484 488 490 492 -9999 492 494 494 495 497 497 497 497 498 498 499
382 386 391 381 382 380 381 382 384 385 384 383 382 372 363 358 354 356 364 373 385 386 391 393 404 409 415 414 415 416 421 427 432 442 452 462 471 479 476 471 467 -9999 460 461 464 470 474 475 472 475 472 470 466 466 467 468 464 461 462 464 466 469 472 474 -9999 474 475 476 477 480 484 486 488 490 492 493 492 492 494 496 -9999 498 498 500 500
391 383 383 377 372 379 377 381 382 385 385 381 376 375 367 359 356 355 360 370 370 377 383 386 392 398 402 408 412 418 429 434 439 451 455 452 452 461 463 458 457 456 454 456 -9999 -9999 -9999 477 479 479 477 471 464 462 458 460 461 460 458 460 462 464 466 468 469 468 469 470 472 475 478 482 486 488 490 -9999 492 491 493 495 -9999 498 -9999 500 501
379 378 374 371 369 371 375 378 382 385 382 381 377 373 372 366 361 359 361 366 359 365 379 378 381 387 393 401 409 418 428 437 444 453 461 451 446 446 446 439 438 441 444 442 446 455 449 460 468 473 471 460 453 449 453 456 456 455 454 457 458 461 466 467 467 465 466 469 470 471 473 477 482 486 488 490 491 492 491 493 495 497 498 500 -9999
370 371 369 365 360 362 368 377 383 388 388 385 380 377 374 371 371 367 364 363 360 366 365 368 370 372 379 389 397 403 410 421 430 434 440 436 426 430 429 427 425 426 425 422 432 440 449 456 461 462 455 446 439 441 446 449 449 -9999 450 450 452 457 466 467 464 463 465 -9999 467 468 469 470 476 483 487 489 490 -9999 491 493 493 494 495 497 499
363 366 363 365 355 354 361 372 -9999 391 392 389 384 381 377 377 375 376 376 370 363 358 353 350 354 358 361 369 365 370 383 395 405 409 404 400 398 408 414 416 416 415 419 425 434 442 447 450 453 451 445 436 431 433 442 445 444 442 442 443 446 456 469 470 466 463 -9999 -9999 465 466 468 471 478 483 486 488 489 490 490 490 488 488 490 495 498
353 358 371 372 356 354 359 366 376 389 391 389 386 383 380 379 381 384 388 377 372 367 356 348 339 342 340 347 343 345 353 369 382 376 374 374 377 388 397 399 404 413 425 433 440 446 448 448 445 441 438 432 430 433 444 447 441 434 433 435 437 450 468 470 465 461 460 463 465 467 470 473 477 484 487 488 489 488 487 488 488 488 491 494 -9999
344 351 361 368 360 356 359 366 375 384 389 390 388 384 381 380 384 392 398 391 367 361 350 349 340 330 330 328 326 328 336 346 351 360 367 372 376 382 387 392 393 405 418 436 441 445 444 444 440 435 429 426 426 434 449 453 442 431 429 433 437 447 458 462 460 457 456 459 462 466 469 471 475 485 486 487 487 487 487 485 485 486 492 496 498
328 337 344 351 354 355 359 366 373 380 386 389 388 385 382 379 378 382 380 377 363 362 360 348 337 335 324 322 322 324 326 333 342 354 367 375 381 384 388 386 396 409 420 430 434 439 440 439 436 431 425 421 419 427 440 443 438 433 433 437 441 448 456 460 460 457 454 456 459 462 466 469 473 481 485 485 484 485 485 484 480 482 489 495 499
310 320 329 339 347 353 360 368 376 383 388 391 391 388 383 380 376 366 370 357 358 342 340 353 356 334 325 322 318 323 314 317 325 342 363 375 379 388 393 399 408 414 419 425 431 434 437 -9999 436 432 428 423 418 422 428 433 435 436 440 439 443 449 455 460 460 458 458 460 461 463 466 -9999 476 481 482 484 483 481 483 482 481 481 486 495 501
302 310 320 332 342 350 359 371 379 388 394 397 395 392 387 382 378 370 362 356 351 347 335 333 325 348 349 324 322 321 312 320 331 343 354 384 381 386 391 399 406 408 415 421 426 431 435 438 439 438 434 428 422 421 425 428 -9999 435 439 441 445 450 455 460 459 459 462 462 461 464 468 473 478 482 481 479 -9999 478 479 479 477 477 481 496 505
289 302 313 324 336 347 360 372 384 395 400 403 401 395 390 383 380 373 361 346 336 343 337 329 316 320 327 347 345 334 326 328 326 332 366 354 352 367 376 387 398 403 410 419 425 429 433 435 439 440 436 430 425 425 426 428 429 431 435 439 444 448 451 452 456 459 462 462 461 464 469 473 477 -9999 478 476 474 474 476 477 474 470 469 485 499
279 292 303 313 329 337 355 367 382 396 406 408 407 401 394 384 382 373 363 352 338 334 329 335 328 317 316 313 327 364 338 333 341 335 358 341 340 342 355 377 388 401 409 418 424 428 428 428 434 442 436 430 427 427 428 428 428 427 430 438 446 452 453 450 455 460 463 463 461 463 468 472 474 475 476 478 477 477 479 478 475 470 469 478 486
266 281 290 303 321 336 352 364 389 406 416 414 410 405 397 386 381 368 365 359 358 346 352 335 329 340 323 -9999 330 339 348 346 329 324 336 341 339 331 342 360 373 393 402 411 422 426 422 418 422 427 -9999 425 425 427 430 431 429 424 425 439 449 459 464 463 461 462 463 463 465 466 467 468 469 471 475 480 481 482 481 480 477 475 474 477 482
258 268 284 297 310 328 348 363 391 418 430 421 408 401 395 386 378 372 360 358 363 357 345 335 313 340 333 332 -9999 345 331 331 350 333 -9999 335 332 330 337 340 362 390 397 406 418 424 418 411 408 410 418 423 425 430 433 436 434 430 432 444 454 463 471 471 468 466 464 464 466 469 471 470 471 473 474 477 484 485 485 483 482 479 477 478 479
245 -9999 269 283 299 315 336 359 386 415 425 416 399 388 391 387 381 375 366 362 356 349 327 326 325 339 352 335 337 350 334 330 350 345 343 338 -9999 331 340 352 367 370 376 393 404 414 413 408 404 407 415 421 427 431 435 438 438 437 -9999 449 458 468 473 474 472 468 466 466 469 472 473 473 473 475 478 481 485 485 486 486 484 482 480 480 480
233 246 -9999 273 287 302 318 341 365 383 401 401 396 392 392 389 384 380 371 365 364 358 358 353 347 338 351 329 340 343 337 338 341 328 330 -9999 352 349 -9999 352 345 349 359 372 387 399 406 405 404 406 412 423 434 440 441 443 441 440 447 457 470 479 481 478 474 471 468 469 472 476 477 475 475 474 476 482 485 485 484 485 484 482 482 483 481
223 236 -9999 -9999 275 290 305 316 335 358 369 380 379 381 385 380 381 381 369 362 355 355 351 343 331 350 354 343 347 342 329 328 341 333 325 -9999 346 358 356 353 344 355 -9999 363 373 391 398 400 401 403 410 422 438 450 450 452 448 444 453 464 479 488 485 480 475 471 469 470 473 480 479 473 470 473 476 479 481 481 481 481 481 480 480 481 481
-9999 223 -9999 248 261 -9999 290 304 322 329 350 349 359 355 360 363 359 365 362 353 353 352 348 340 333 351 349 343 346 332 337 331 324 -9999 319 322 326 327 360 350 360 350 361 364 369 375 394 398 397 397 402 416 432 443 449 451 451 453 458 468 479 484 482 479 474 470 469 470 473 477 474 468 466 468 471 473 473 471 474 475 477 481 483 482 481
197 210 220 237 243 -9999 271 289 -9999 -9999 327 323 337 333 341 351 337 343 347 333 344 338 336 338 322 347 350 347 339 334 341 330 325 333 324 -9999 323 -9999 -9999 356 366 358 360 362 370 377 392 395 397 396 399 410 424 435 442 446 448 454 462 469 476 480 480 477 473 473 472 474 476 473 469 464 464 464 465 463 462 464 468 472 -9999 479 482 483 482
-9999 -9999 208 221 -9999 249 262 272 286 300 310 -9999 326 329 333 342 333 336 334 332 330 338 340 344 343 359 341 346 348 350 340 326 327 319 337 326 324 324 327 329 348 367 368 362 362 365 370 382 392 395 400 409 418 429 436 441 446 453 459 465 471 474 475 474 473 474 474 475 475 470 465 463 463 461 459 455 456 459 462 463 468 474 479 481 480
-9999 -9999 191 201 -9999 231 244 261 270 277 289 305 315 321 331 325 328 318 317 322 315 329 311 322 332 348 346 347 336 349 341 339 320 318 325 328 321 323 331 330 332 351 372 369 369 362 367 370 386 393 400 409 415 419 426 433 439 446 452 457 461 464 465 466 470 470 470 471 470 467 462 458 457 456 452 450 452 453 454 456 461 470 478 480 476
175 185 192 -9999 -9999 -9999 228 237 -9999 266 273 289 296 303 312 326 315 306 306 306 318 322 314 321 330 342 341 334 340 352 337 338 330 316 324 320 316 316 328 328 330 339 358 370 371 368 365 369 377 392 399 407 412 415 420 426 433 440 446 449 453 456 458 461 463 464 466 468 468 465 459 454 451 450 447 442 447 452 454 455 458 462 469 471 470
169 181 192 202 215 -9999 -9999 -9999 235 244 259 264 282 289 300 295 304 298 298 301 310 304 322 333 341 341 338 332 346 341 329 321 323 318 322 317 314 317 322 327 329 337 352 373 367 360 367 369 368 383 394 403 408 412 414 418 425 431 437 440 444 446 448 452 458 463 469 470 468 462 456 448 444 443 443 441 447 455 458 458 457 460 -9999 -9999 461
164 174 186 200 213 230 -9999 -9999 222 230 -9999 260 266 271 278 283 286 289 289 294 301 308 315 332 339 335 336 347 348 339 331 327 320 322 323 314 316 317 320 328 333 337 347 375 359 362 365 372 369 380 385 390 402 406 408 411 417 423 427 430 433 435 440 444 447 452 460 465 465 452 439 431 439 441 445 452 461 468 465 461 460 460 460 460 459
157 167 179 192 205 217 228 -9999 -9999 219 -9999 227 248 253 264 269 272 274 277 280 291 303 313 331 351 343 334 348 342 336 340 335 327 331 327 319 323 322 324 332 332 341 353 373 372 368 368 368 368 373 374 381 390 398 402 407 410 414 417 420 422 426 434 436 438 439 445 456 459 451 436 434 440 441 448 455 463 471 471 468 465 463 461 461 460
-9999 -9999 171 185 196 208 224 232 -9999 -9999 -9999 -9999 226 243 237 245 -9999 256 260 255 277 295 310 320 348 342 345 350 349 336 345 341 340 335 334 330 330 327 326 335 337 344 350 360 366 380 372 364 365 364 364 372 382 390 394 398 401 408 413 415 415 420 430 439 443 452 463 473 481 469 453 447 446 447 454 462 465 465 468 468 465 463 461 460 462
-9999 -9999 -9999 175 -9999 193 205 216 221 228 232 -9999 -9999 -9999 223 232 238 246 248 257 274 288 307 318 331 326 331 343 359 350 354 354 356 355 344 344 343 338 330 335 350 349 353 358 365 375 374 364 372 365 359 367 372 381 385 390 398 402 410 412 410 415 424 433 446 461 469 477 482 473 461 452 453 455 460 465 471 471 471 472 470 467 463 464 465
-9999 -9999 -9999 -9999 -9999 -9999 -9999 190 209 223 230 227 221 -9999 -9999 220 225 233 240 253 266 283 301 315 322 327 338 351 369 362 354 357 357 357 371 362 351 345 339 339 341 353 353 361 364 -9999 381 372 367 380 364 359 361 370 378 387 395 400 408 411 409 410 419 435 445 458 464 465 470 470 460 450 452 457 463 469 474 474 475 474 468 466 464 463 468
-9999 -9999 -9999 -9999 -9999 -9999 -9999 -9999 196 212 220 216 -9999 -9999 189 -9999 -9999 226 233 244 259 276 294 311 330 371 356 363 376 365 361 364 353 364 377 373 356 356 348 341 342 347 355 361 367 -9999 372 374 379 370 370 361 356 362 374 384 394 402 410 414 420 427 437 438 444 451 457 457 457 459 460 462 462 462 467 474 479 479 476 470 467 464 459 461 468
