resultados/variables_norteamerica/bio7.asc
ncols 469
nrows 225
xllcorner -169.133333
yllcorner 20.675000
cellsize 0.249840
NODATA_value -9999
[rows 38 to 75 of 225, columns 255 to 339 of 469]
498 498 497 497 496 494 493 493 492 491 491 490 490 489 490 490 491 492 495 496 498 501 503 505 507 509 512 514 -9999 518 519 521 522 524 525 525 526 -9999 -9999 -9999 -9999 525 525 522 521 520 519 518 515 512 509 505 502 499 496 493 490 486 482 480 478 476 474 472 470 469 467 465 464 462 461 -9999 -9999 -9999 455 -9999 453 451 451 451 451 451 452 452 453
500 499 498 498 497 496 495 495 494 493 492 492 492 492 493 493 494 495 497 498 500 503 505 507 509 511 514 516 518 519 521 522 524 525 526 527 -9999 528 528 529 529 527 523 521 520 518 517 516 516 513 511 508 504 500 496 493 490 485 481 478 478 476 474 473 471 470 468 467 465 464 462 461 460 458 457 456 455 455 454 454 454 454 455 455 455
500 501 500 499 499 498 498 497 496 495 495 495 495 495 495 496 497 498 499 501 503 504 506 509 511 513 515 517 519 520 522 524 -9999 526 527 529 530 -9999 531 530 529 525 522 520 519 518 517 515 514 510 509 507 506 502 497 493 490 487 483 480 478 476 475 474 472 471 469 468 466 465 464 462 462 461 460 459 458 457 457 457 456 -9999 -9999 -9999 457
501 502 501 501 501 500 500 499 498 498 498 498 497 498 498 499 500 501 502 504 505 506 508 511 513 515 517 519 520 522 524 525 527 528 529 530 531 531 531 530 529 527 522 521 520 518 517 515 512 509 507 505 503 500 497 495 491 488 485 481 477 476 475 475 474 472 471 469 468 467 465 464 463 463 462 -9999 460 460 459 -9999 459 459 459 459 460
504 505 504 503 502 502 501 501 -9999 501 501 -9999 501 501 502 502 503 505 506 507 -9999 508 511 514 515 517 519 521 523 524 525 528 -9999 530 531 531 532 532 531 530 530 528 524 522 520 519 517 515 512 509 506 505 502 500 496 494 491 488 486 482 479 478 476 476 475 474 472 471 469 468 468 466 466 465 464 -9999 -9999 -9999 -9999 -9999 -9999 462 461 -9999 461
507 505 505 504 504 503 503 503 503 503 503 504 504 505 505 506 507 508 509 510 511 513 514 516 518 520 522 524 525 527 528 530 531 533 533 534 534 533 533 532 529 527 525 523 521 519 517 515 512 510 507 504 502 501 499 497 495 492 487 485 482 481 479 477 476 475 473 472 471 470 469 468 468 467 467 466 466 465 -9999 -9999 -9999 -9999 -9999 -9999 465
508 507 506 506 506 506 506 506 506 506 507 507 508 508 508 509 509 -9999 512 -9999 -9999 516 -9999 -9999 520 522 524 526 528 529 530 532 533 535 535 536 536 536 535 533 531 528 525 523 521 520 518 515 512 510 507 505 502 499 497 494 492 491 489 -9999 484 -9999 481 -9999 478 476 475 474 473 472 471 470 470 469 469 469 -9999 -9999 -9999 468 -9999 467 468 -9999 -9999
509 509 508 508 508 509 509 509 510 510 510 511 511 511 511 512 511 513 514 515 517 -9999 520 521 523 525 526 528 529 531 532 534 535 536 537 538 537 537 537 536 -9999 531 529 525 523 521 519 516 514 510 507 504 501 499 496 493 491 488 485 483 482 480 479 479 -9999 -9999 -9999 -9999 475 474 473 472 472 471 -9999 -9999 -9999 471 470 471 470 -9999 -9999 -9999 -9999
512 511 512 511 511 511 512 512 513 512 512 512 512 513 513 515 515 516 517 518 519 521 521 522 524 527 528 529 531 533 535 536 537 538 539 540 541 541 -9999 538 536 534 532 529 527 524 521 519 514 511 508 505 502 499 497 493 491 489 486 484 482 481 480 480 480 -9999 -9999 -9999 -9999 476 475 474 474 -9999 -9999 -9999 -9999 473 472 473 473 473 -9999 473 474
514 515 514 514 514 514 514 515 515 515 515 515 515 515 516 517 517 518 520 521 521 521 524 526 528 529 529 531 533 534 536 -9999 540 541 541 543 543 542 541 -9999 538 536 533 531 528 525 522 519 516 514 511 508 504 500 498 494 491 490 488 486 483 482 481 481 481 480 479 478 478 477 476 476 476 475 -9999 -9999 -9999 474 475 475 475 475 476 476 476
516 516 516 515 515 514 514 515 516 517 517 516 517 519 520 520 520 522 -9999 524 525 526 527 529 530 531 532 535 535 537 539 541 543 544 545 546 545 545 -9999 -9999 539 536 534 531 529 526 524 521 518 514 -9999 509 505 502 499 496 493 492 490 488 486 484 483 482 482 481 480 480 479 478 478 477 477 -9999 -9999 -9999 -9999 476 477 477 477 478 478 478 478
517 517 517 517 517 518 517 518 520 520 521 521 521 522 523 524 523 525 526 527 529 530 530 531 -9999 -9999 535 -9999 -9999 538 539 540 543 544 546 549 548 549 546 543 541 537 535 533 531 529 525 521 517 515 511 509 506 503 500 497 -9999 493 491 489 488 485 484 484 483 482 482 481 480 480 479 -9999 -9999 -9999 -9999 -9999 478 478 478 479 479 479 480 480 480
519 518 518 519 519 519 522 523 524 524 524 524 524 525 525 525 526 527 527 527 529 530 531 532 533 535 536 537 538 539 540 542 544 547 548 551 552 552 550 547 544 540 537 535 532 530 526 523 520 516 512 509 507 504 501 498 494 493 492 491 489 487 486 485 484 483 482 482 481 481 480 -9999 -9999 -9999 -9999 -9999 -9999 480 480 480 481 481 482 482 482
520 519 520 521 521 524 525 525 524 525 525 526 526 525 525 523 524 528 528 529 531 532 -9999 534 536 -9999 536 -9999 -9999 540 -9999 542 543 545 547 549 552 551 550 547 544 542 539 536 532 529 526 -9999 520 517 514 511 508 505 502 499 495 493 492 491 490 488 -9999 -9999 485 484 484 -9999 -9999 -9999 -9999 -9999 -9999 -9999 -9999 -9999 -9999 481 481 482 -9999 482 483 483 484
522 522 523 525 525 525 523 524 523 524 525 526 528 526 524 524 526 528 530 532 533 533 534 535 536 -9999 -9999 538 -9999 540 542 -9999 544 545 547 548 547 548 548 545 -9999 -9999 537 534 531 529 526 -9999 -9999 517 -9999 511 509 506 503 500 498 495 493 492 490 -9999 -9999 -9999 -9999 -9999 -9999 -9999 -9999 -9999 -9999 -9999 -9999 -9999 482 482 482 482 482 483 483 483 484 484 485
525 525 527 528 527 525 524 524 523 524 524 524 528 527 526 528 528 529 530 531 532 532 533 533 535 -9999 538 538 538 540 541 543 545 546 546 546 546 545 543 541 539 535 534 531 528 526 524 522 519 516 514 511 -9999 505 502 500 -9999 -9999 493 -9999 -9999 -9999 -9999 -9999 -9999 -9999 -9999 -9999 -9999 -9999 -9999 -9999 -9999 -9999 -9999 -9999 -9999 -9999 -9999 484 484 484 484 484 -9999
526 526 528 528 526 525 525 526 526 526 526 528 529 529 -9999 530 530 531 531 530 531 -9999 532 532 533 535 537 538 539 541 541 543 -9999 544 543 543 543 542 541 539 537 535 532 529 526 524 522 520 517 515 512 510 508 504 500 497 494 494 493 -9999 -9999 -9999 -9999 -9999 -9999 -9999 -9999 -9999 -9999 -9999 -9999 -9999 -9999 -9999 -9999 -9999 -9999 -9999 -9999 484 484 484 484 484 -9999
527 528 -9999 529 527 527 526 526 526 527 528 529 530 -9999 -9999 -9999 -9999 532 532 532 532 532 533 533 -9999 534 536 539 540 540 -9999 543 542 542 -9999 542 541 540 539 537 535 532 530 -9999 -9999 523 521 519 515 513 512 509 506 503 499 495 493 493 493 -9999 -9999 -9999 -9999 -9999 -9999 -9999 -9999 -9999 -9999 -9999 -9999 -9999 -9999 -9999 -9999 -9999 -9999 -9999 -9999 -9999 -9999 -9999 -9999 -9999 -9999
528 529 530 529 528 527 527 -9999 528 528 529 529 531 531 532 -9999 533 534 533 -9999 533 534 534 -9999 -9999 537 538 540 541 541 542 541 541 540 -9999 540 540 -9999 -9999 536 534 532 529 528 524 522 520 518 515 513 511 509 507 504 501 499 497 -9999 -9999 -9999 -9999 -9999 -9999 -9999 -9999 -9999 -9999 -9999 -9999 -9999 -9999 -9999 -9999 -9999 -9999 -9999 -9999 -9999 -9999 -9999 -9999 -9999 -9999 -9999 -9999
530 530 530 530 529 528 528 529 -9999 529 530 -9999 531 532 533 533 534 533 534 535 535 535 535 534 535 537 538 540 540 541 -9999 -9999 540 539 539 538 537 536 535 534 533 531 529 526 525 522 519 518 515 513 511 -9999 507 504 -9999 -9999 -9999 -9999 -9999 -9999 -9999 -9999 -9999 -9999 -9999 -9999 -9999 -9999 -9999 -9999 -9999 -9999 -9999 -9999 -9999 -9999 -9999 -9999 -9999 -9999 -9999 -9999 -9999 -9999 -9999
531 531 531 531 530 530 530 530 530 530 531 531 532 532 -9999 -9999 -9999 -9999 -9999 536 536 536 536 536 536 538 538 539 540 539 539 539 538 538 537 536 535 534 533 533 532 530 528 -9999 523 522 519 517 515 513 511 -9999 -9999 -9999 -9999 -9999 -9999 -9999 -9999 -9999 -9999 -9999 -9999 -9999 -9999 -9999 -9999 -9999 -9999 -9999 -9999 -9999 -9999 -9999 -9999 -9999 -9999 -9999 -9999 -9999 -9999 -9999 -9999 -9999 -9999
532 532 531 530 530 530 530 531 531 -9999 531 532 533 534 533 534 535 535 536 536 536 536 536 536 536 536 536 536 538 537 538 538 537 536 535 535 535 535 533 531 530 528 526 523 521 520 518 516 514 -9999 -9999 -9999 -9999 -9999 -9999 -9999 -9999 -9999 -9999 -9999 -9999 -9999 -9999 -9999 -9999 -9999 -9999 -9999 -9999 -9999 -9999 -9999 -9999 -9999 -9999 -9999 -9999 -9999 -9999 -9999 -9999 -9999 -9999 -9999 -9999
532 532 531 531 529 529 529 530 531 531 531 532 532 533 533 533 -9999 536 537 537 536 536 535 535 535 535 535 536 536 536 537 536 535 534 534 -9999 534 533 531 530 -9999 526 524 522 520 -9999 517 -9999 -9999 511 -9999 -9999 -9999 -9999 -9999 -9999 -9999 -9999 -9999 -9999 -9999 -9999 -9999 -9999 -9999 -9999 -9999 -9999 -9999 -9999 -9999 -9999 -9999 -9999 -9999 -9999 -9999 -9999 -9999 -9999 -9999 -9999 -9999 -9999 -9999
532 532 532 531 530 530 530 531 531 531 531 531 532 533 535 536 536 537 537 537 537 536 536 536 535 534 534 534 535 535 533 534 -9999 533 532 531 531 529 527 527 526 524 523 521 519 517 516 -9999 -9999 -9999 -9999 -9999 -9999 -9999 -9999 -9999 -9999 -9999 -9999 -9999 -9999 -9999 -9999 -9999 -9999 -9999 -9999 -9999 -9999 -9999 -9999 -9999 -9999 -9999 -9999 -9999 -9999 -9999 -9999 -9999 -9999 -9999 -9999 -9999 -9999
533 532 532 531 -9999 530 531 531 530 530 531 531 -9999 533 534 536 537 538 538 538 537 537 -9999 536 535 534 534 533 534 533 533 533 -9999 531 530 529 528 527 526 525 523 522 521 519 518 516 -9999 -9999 -9999 -9999 -9999 -9999 -9999 -9999 -9999 -9999 -9999 -9999 -9999 -9999 -9999 -9999 -9999 -9999 -9999 -9999 -9999 -9999 -9999 -9999 -9999 -9999 -9999 -9999 -9999 -9999 -9999 -9999 -9999 -9999 -9999 -9999 -9999 -9999 -9999
533 532 532 531 530 529 530 529 529 529 530 530 531 532 534 535 536 538 538 537 537 536 535 535 534 534 533 532 532 533 532 532 531 530 529 528 -9999 525 524 523 522 521 519 517 516 -9999 -9999 -9999 -9999 -9999 -9999 -9999 -9999 -9999 -9999 -9999 -9999 -9999 -9999 -9999 -9999 -9999 -9999 -9999 -9999 -9999 -9999 -9999 -9999 -9999 -9999 -9999 -9999 -9999 -9999 -9999 -9999 -9999 -9999 -9999 -9999 -9999 -9999 -9999 -9999
531 532 532 531 530 529 528 528 -9999 528 528 530 531 532 534 534 536 537 536 536 536 536 535 534 534 533 532 531 531 -9999 531 531 530 529 527 527 525 524 523 522 520 519 517 516 515 -9999 -9999 -9999 -9999 -9999 -9999 -9999 -9999 -9999 -9999 -9999 -9999 -9999 -9999 -9999 -9999 -9999 -9999 -9999 -9999 -9999 -9999 -9999 -9999 -9999 -9999 -9999 -9999 -9999 -9999 -9999 -9999 -9999 -9999 -9999 -9999 -9999 -9999 -9999 -9999
533 531 531 531 529 528 526 527 527 -9999 528 529 531 532 532 533 533 534 535 536 536 535 534 -9999 -9999 531 531 531 531 531 531 530 529 528 527 525 524 522 521 521 520 518 516 -9999 -9999 -9999 -9999 -9999 -9999 -9999 -9999 -9999 -9999 -9999 -9999 -9999 -9999 -9999 -9999 -9999 -9999 -9999 -9999 -9999 -9999 -9999 -9999 -9999 -9999 -9999 -9999 -9999 -9999 -9999 -9999 -9999 -9999 -9999 -9999 -9999 -9999 -9999 -9999 -9999 -9999
532 531 529 528 526 525 523 523 524 526 526 528 529 -9999 530 -9999 531 533 534 534 534 534 534 -9999 532 531 530 529 528 528 528 527 527 526 524 523 522 521 520 518 517 516 515 -9999 -9999 -9999 -9999 -9999 -9999 -9999 -9999 -9999 -9999 -9999 -9999 -9999 -9999 -9999 -9999 -9999 -9999 -9999 -9999 -9999 -9999 -9999 -9999 -9999 -9999 -9999 -9999 -9999 -9999 -9999 -9999 -9999 -9999 -9999 -9999 -9999 -9999 -9999 -9999 -9999 -9999
532 530 529 528 -9999 523 521 521 522 524 525 526 527 -9999 529 529 531 531 533 533 533 533 534 532 531 530 529 528 527 -9999 525 525 524 523 523 522 521 519 518 517 515 514 513 -9999 -9999 -9999 -9999 -9999 -9999 -9999 -9999 -9999 -9999 -9999 -9999 -9999 -9999 -9999 -9999 -9999 -9999 -9999 -9999 -9999 -9999 -9999 -9999 -9999 -9999 -9999 -9999 -9999 -9999 -9999 -9999 -9999 -9999 -9999 -9999 -9999 -9999 -9999 -9999 -9999 -9999
531 530 527 525 -9999 521 520 518 519 520 521 -9999 525 526 527 529 530 532 532 532 533 533 -9999 531 530 529 528 526 526 525 524 523 523 522 521 520 519 517 517 515 514 512 511 -9999 -9999 -9999 -9999 -9999 -9999 -9999 -9999 -9999 -9999 -9999 -9999 -9999 -9999 -9999 -9999 -9999 -9999 -9999 -9999 -9999 -9999 -9999 -9999 -9999 -9999 -9999 -9999 -9999 -9999 -9999 -9999 -9999 -9999 -9999 -9999 -9999 -9999 -9999 -9999 -9999 -9999
532 530 527 524 522 520 518 516 516 516 519 521 523 524 526 528 530 530 531 532 532 531 531 530 528 527 526 525 524 524 523 522 521 521 520 520 518 517 516 514 513 511 510 -9999 -9999 -9999 -9999 -9999 -9999 -9999 -9999 -9999 -9999 -9999 -9999 -9999 -9999 -9999 -9999 -9999 -9999 -9999 -9999 -9999 -9999 -9999 -9999 -9999 -9999 -9999 -9999 -9999 -9999 -9999 -9999 -9999 -9999 -9999 -9999 -9999 -9999 -9999 -9999 -9999 -9999
-9999 529 526 522 518 516 515 513 514 515 517 518 521 523 525 527 528 528 529 530 530 530 530 529 527 526 526 525 523 523 522 521 520 519 519 518 518 517 515 513 512 510 509 -9999 -9999 -9999 -9999 -9999 -9999 -9999 -9999 -9999 -9999 -9999 -9999 -9999 -9999 -9999 -9999 -9999 -9999 -9999 -9999 -9999 -9999 -9999 -9999 -9999 -9999 -9999 -9999 -9999 -9999 -9999 -9999 -9999 -9999 -9999 -9999 -9999 -9999 -9999 -9999 -9999 -9999
531 527 523 519 515 512 509 -9999 510 512 514 517 520 523 525 527 527 528 529 530 529 530 -9999 529 -9999 526 525 524 522 522 -9999 521 -9999 519 519 517 516 515 514 513 511 509 508 -9999 -9999 -9999 -9999 -9999 -9999 -9999 -9999 -9999 -9999 -9999 -9999 -9999 -9999 -9999 -9999 -9999 -9999 -9999 -9999 -9999 -9999 -9999 -9999 -9999 -9999 -9999 -9999 -9999 -9999 -9999 -9999 -9999 -9999 -9999 -9999 -9999 -9999 -9999 -9999 -9999 -9999
526 521 517 514 510 508 506 505 507 510 513 516 519 523 525 526 527 529 530 529 -9999 529 528 527 527 525 524 523 522 521 521 520 518 518 518 -9999 -9999 515 514 513 511 509 507 -9999 -9999 -9999 -9999 -9999 -9999 -9999 -9999 -9999 -9999 -9999 -9999 -9999 -9999 -9999 -9999 -9999 -9999 -9999 -9999 -9999 -9999 -9999 -9999 -9999 -9999 -9999 -9999 -9999 -9999 -9999 -9999 -9999 -9999 -9999 -9999 -9999 -9999 -9999 -9999 -9999 -9999
520 516 512 509 505 501 500 501 503 507 511 515 519 522 524 527 528 528 528 527 527 527 527 526 524 522 522 522 -9999 520 519 517 517 516 516 517 516 515 514 512 511 509 507 504 502 499 499 499 500 -9999 -9999 -9999 -9999 -9999 -9999 -9999 -9999 -9999 -9999 -9999 -9999 -9999 -9999 -9999 -9999 -9999 -9999 -9999 -9999 -9999 -9999 -9999 -9999 -9999 -9999 -9999 -9999 -9999 -9999 -9999 -9999 -9999 -9999 -9999 -9999
-9999 509 507 504 499 496 493 -9999 500 -9999 510 514 517 521 525 527 528 527 526 526 525 525 525 523 521 520 520 519 519 517 516 516 516 516 515 514 514 514 513 513 510 509 507 505 503 501 500 500 501 -9999 -9999 -9999 -9999 -9999 -9999 -9999 -9999 -9999 -9999 -9999 -9999 -9999 -9999 -9999 -9999 -9999 -9999 -9999 -9999 -9999 -9999 -9999 -9999 -9999 -9999 -9999 -9999 -9999 -9999 -9999 -9999 -9999 -9999 -9999 -9999
507 504 501 499 497 495 -9999 495 -9999 504 509 514 518 -9999 527 529 529 528 527 527 526 525 524 522 521 519 519 518 518 516 516 516 516 -9999 515 515 514 513 513 511 510 509 508 506 505 503 502 502 502 502 503 -9999 -9999 -9999 -9999 -9999 -9999 -9999 -9999 -9999 -9999 -9999 -9999 -9999 -9999 -9999 -9999 -9999 -9999 -9999 -9999 -9999 -9999 -9999 -9999 -9999 -9999 -9999 -9999 -9999 -9999 -9999 -9999 -9999 -9999
