resultados/variables_norteamerica/bio7.asc
ncols 469
nrows 225
xllcorner -169.133333
yllcorner 20.675000
cellsize 0.249840
NODATA_value -9999
[rows 152 to 189 of 225, columns 170 to 254 of 469]
-9999 -9999 -9999 -9999 -9999 -9999 -9999 -9999 -9999 -9999 -9999 -9999 -9999 240 287 306 328 330 341 332 320 315 318 321 310 312 309 346 362 403 406 -9999 405 410 415 405 389 376 396 379 371 382 392 400 412 408 416 402 421 401 426 425 433 447 440 435 425 405 416 407 388 417 426 412 437 469 463 445 438 434 410 386 399 421 424 425 434 419 419 422 401 380 413 413 410
-9999 -9999 -9999 -9999 -9999 -9999 -9999 -9999 -9999 -9999 -9999 -9999 -9999 210 245 273 292 309 322 320 309 306 316 328 311 307 302 311 348 351 377 373 403 399 401 404 407 405 388 380 384 391 398 408 413 408 416 408 419 417 414 428 429 435 438 422 408 408 393 392 382 417 432 451 452 448 447 431 434 390 397 409 388 405 421 426 433 432 455 460 424 385 410 407 409
-9999 -9999 -9999 -9999 -9999 -9999 -9999 -9999 -9999 -9999 -9999 -9999 -9999 -9999 -9999 237 262 270 287 298 303 304 313 330 326 309 313 301 303 333 347 359 379 392 402 405 414 405 397 380 389 400 399 411 391 412 413 408 405 393 405 410 412 427 431 415 402 397 407 393 391 405 436 455 456 428 436 438 420 401 410 426 421 400 402 423 422 437 448 437 423 402 402 396 409
-9999 -9999 -9999 -9999 -9999 -9999 -9999 -9999 -9999 -9999 -9999 -9999 -9999 -9999 -9999 206 217 -9999 -9999 292 -9999 308 314 329 340 327 314 307 292 298 348 353 367 384 410 409 408 401 398 392 384 388 400 382 397 407 403 411 393 394 393 400 414 421 413 409 408 405 403 373 363 381 411 390 437 432 421 415 410 409 413 426 417 403 397 395 377 390 394 393 406 411 414 405 384
-9999 -9999 -9999 -9999 -9999 -9999 -9999 -9999 -9999 -9999 -9999 -9999 -9999 -9999 -9999 -9999 -9999 -9999 235 286 310 316 318 327 339 341 327 312 296 279 314 328 364 339 410 389 415 396 393 389 384 377 387 395 386 399 401 411 395 399 395 412 407 404 402 389 399 405 401 385 399 403 404 415 428 430 393 379 381 402 415 404 398 382 372 368 359 380 395 386 391 419 435 431 398
-9999 -9999 -9999 -9999 -9999 -9999 -9999 -9999 -9999 -9999 -9999 -9999 -9999 -9999 -9999 -9999 -9999 -9999 219 278 305 321 323 326 332 342 340 326 291 292 289 303 367 345 374 393 387 392 392 384 386 381 378 383 384 395 395 392 396 391 389 391 386 385 377 369 390 390 397 391 394 404 407 427 428 409 397 392 416 426 426 412 398 385 375 391 364 386 370 370 375 409 449 449 411
-9999 -9999 -9999 -9999 -9999 -9999 -9999 -9999 -9999 -9999 -9999 -9999 -9999 -9999 -9999 -9999 -9999 194 227 265 301 323 329 330 331 340 347 343 321 307 284 272 330 379 369 402 394 386 400 383 376 367 376 382 387 386 396 387 401 392 401 392 379 388 385 389 392 390 394 395 396 395 403 418 415 415 400 416 430 435 439 414 407 397 390 414 420 423 430 389 352 397 443 450 443
-9999 -9999 -9999 -9999 -9999 -9999 -9999 -9999 -9999 -9999 -9999 -9999 -9999 -9999 -9999 -9999 -9999 196 223 254 285 315 323 331 337 343 348 348 339 315 282 273 275 365 337 401 405 398 387 395 379 372 381 377 379 391 392 396 398 401 406 395 408 393 387 390 397 395 393 398 403 408 404 393 395 399 402 421 422 425 436 432 411 405 414 423 432 435 435 412 368 385 427 438 430
-9999 -9999 -9999 -9999 -9999 -9999 -9999 -9999 -9999 -9999 -9999 -9999 -9999 -9999 -9999 -9999 -9999 -9999 -9999 199 248 299 337 342 340 343 346 344 341 332 318 293 279 329 363 408 380 413 397 399 393 383 380 377 386 375 381 397 396 400 403 376 377 382 385 395 396 380 381 386 396 395 394 383 370 386 398 411 414 402 411 431 426 419 420 418 422 427 426 423 409 371 403 426 402
-9999 -9999 -9999 -9999 -9999 -9999 -9999 -9999 -9999 -9999 -9999 -9999 -9999 -9999 -9999 -9999 -9999 -9999 -9999 185 230 302 340 353 351 343 343 343 341 338 334 308 270 280 365 363 379 403 414 408 404 400 378 376 389 364 369 391 392 394 376 377 367 370 375 385 386 355 372 393 382 385 382 382 375 374 392 405 413 398 397 418 422 410 411 408 414 419 421 426 419 380 403 421 390
-9999 -9999 -9999 -9999 -9999 -9999 -9999 -9999 -9999 -9999 -9999 -9999 -9999 -9999 -9999 -9999 -9999 -9999 -9999 221 253 271 322 345 353 352 347 347 344 339 343 321 279 285 338 356 381 391 382 412 397 405 395 345 351 389 387 379 378 380 385 372 359 367 372 385 389 368 354 388 389 393 393 389 386 382 380 395 411 392 373 409 419 413 408 400 406 417 415 407 406 397 406 409 387
-9999 -9999 -9999 -9999 -9999 -9999 -9999 -9999 -9999 -9999 -9999 -9999 -9999 -9999 -9999 -9999 -9999 -9999 -9999 -9999 242 269 296 338 358 359 359 353 351 347 348 340 302 292 326 362 352 404 368 412 388 404 402 389 360 381 382 378 373 378 378 365 360 380 365 371 377 378 365 387 402 408 399 397 395 395 393 401 409 388 382 385 417 416 419 418 416 416 413 374 370 375 406 378 342
-9999 -9999 -9999 -9999 -9999 -9999 -9999 -9999 -9999 -9999 -9999 -9999 -9999 -9999 -9999 -9999 -9999 -9999 -9999 -9999 -9999 244 274 315 352 360 362 356 354 351 350 344 312 311 328 392 382 398 392 403 409 408 394 381 372 367 365 365 363 357 360 360 373 376 359 370 375 373 365 367 397 415 403 401 404 402 392 395 401 383 387 398 409 407 411 413 416 419 409 382 365 372 389 349 338
-9999 -9999 -9999 -9999 -9999 -9999 -9999 -9999 -9999 -9999 -9999 -9999 -9999 -9999 -9999 -9999 -9999 -9999 -9999 -9999 -9999 -9999 234 288 327 345 348 354 354 351 348 342 318 325 338 377 385 391 388 385 391 395 395 372 360 357 346 360 360 351 364 362 367 368 368 365 371 367 361 363 383 406 408 408 408 400 398 394 389 385 396 402 397 389 391 399 408 400 403 395 384 393 383 374 368
-9999 -9999 -9999 -9999 -9999 -9999 -9999 -9999 -9999 -9999 -9999 -9999 -9999 -9999 -9999 -9999 -9999 -9999 -9999 -9999 -9999 -9999 -9999 213 269 305 321 328 346 344 339 345 325 319 361 373 371 371 377 380 388 391 391 362 344 341 342 351 365 350 353 361 362 365 374 377 376 352 346 346 361 386 403 409 407 402 404 400 395 396 397 397 396 387 392 396 374 388 398 389 390 381 389 389 387
-9999 -9999 -9999 -9999 -9999 -9999 -9999 -9999 -9999 -9999 -9999 -9999 -9999 -9999 -9999 -9999 -9999 -9999 -9999 -9999 -9999 -9999 -9999 -9999 204 258 287 303 316 329 328 329 300 328 370 378 376 380 376 384 387 389 387 367 343 333 343 357 370 354 352 351 365 362 365 382 380 365 351 354 360 372 390 403 409 410 408 404 399 395 396 398 400 395 388 400 398 398 399 394 389 374 396 390 386
-9999 -9999 -9999 -9999 -9999 -9999 -9999 -9999 -9999 -9999 -9999 -9999 -9999 -9999 -9999 -9999 -9999 -9999 -9999 -9999 -9999 -9999 -9999 -9999 176 216 256 265 277 273 271 296 309 350 374 372 367 372 373 373 379 380 375 359 343 353 348 356 372 365 362 351 371 358 358 374 382 373 377 370 354 358 375 389 399 405 407 402 396 396 397 398 398 395 396 386 395 395 402 406 396 375 398 394 386
-9999 -9999 -9999 -9999 -9999 -9999 -9999 -9999 -9999 -9999 -9999 -9999 -9999 -9999 -9999 -9999 -9999 -9999 -9999 -9999 -9999 -9999 -9999 -9999 171 196 230 250 258 263 269 288 303 323 351 352 353 360 360 361 366 372 379 376 368 353 349 356 361 365 368 368 381 368 374 370 356 357 363 382 354 350 356 370 385 393 398 396 393 395 396 398 401 396 393 385 394 393 403 414 395 380 390 389 386
-9999 -9999 -9999 -9999 -9999 -9999 -9999 -9999 -9999 -9999 -9999 -9999 -9999 -9999 -9999 -9999 -9999 -9999 -9999 -9999 -9999 -9999 -9999 -9999 -9999 -9999 -9999 -9999 -9999 233 230 258 274 292 305 311 322 338 334 337 355 373 375 367 365 361 360 351 363 367 377 384 389 384 378 363 359 351 361 363 365 366 358 356 369 376 382 374 374 382 384 394 396 395 386 384 388 389 398 408 388 378 379 374 375
-9999 -9999 -9999 -9999 -9999 -9999 -9999 -9999 -9999 -9999 -9999 -9999 -9999 -9999 -9999 -9999 -9999 -9999 -9999 -9999 -9999 -9999 -9999 -9999 -9999 -9999 -9999 -9999 -9999 -9999 -9999 224 222 215 252 280 294 311 326 322 351 353 358 364 355 353 358 364 371 380 387 384 376 380 382 379 361 356 357 363 359 374 360 363 368 373 369 354 339 359 369 382 383 383 391 394 386 376 382 397 388 382 377 372 370
-9999 -9999 -9999 -9999 -9999 -9999 -9999 -9999 -9999 -9999 -9999 -9999 -9999 -9999 -9999 -9999 -9999 -9999 -9999 -9999 -9999 -9999 -9999 -9999 -9999 -9999 -9999 -9999 -9999 -9999 -9999 -9999 -9999 -9999 216 241 280 300 316 324 350 370 358 355 351 355 358 365 377 382 383 379 372 371 377 379 371 366 363 358 361 364 356 362 364 368 369 357 339 350 368 390 386 393 391 383 368 381 389 400 394 371 379 370 361
-9999 -9999 -9999 -9999 -9999 -9999 -9999 -9999 -9999 -9999 -9999 -9999 -9999 -9999 -9999 -9999 -9999 -9999 -9999 -9999 -9999 -9999 -9999 -9999 -9999 -9999 -9999 -9999 -9999 -9999 -9999 -9999 -9999 -9999 -9999 211 245 281 302 316 324 354 378 366 355 352 364 371 379 368 357 364 368 374 377 382 372 373 370 365 357 348 351 352 358 359 362 365 362 361 379 385 372 377 381 377 374 375 391 392 387 380 381 348 343
-9999 -9999 -9999 -9999 -9999 -9999 -9999 -9999 -9999 -9999 -9999 -9999 -9999 -9999 -9999 -9999 -9999 -9999 -9999 -9999 -9999 -9999 -9999 -9999 -9999 -9999 -9999 -9999 -9999 -9999 -9999 -9999 -9999 -9999 -9999 -9999 -9999 227 277 307 322 357 369 -9999 369 362 363 369 365 354 341 341 356 363 373 382 382 372 378 375 365 351 336 339 362 371 365 363 372 375 378 371 358 375 377 364 375 374 376 369 371 388 372 320 327
-9999 -9999 -9999 -9999 -9999 -9999 -9999 -9999 -9999 -9999 -9999 -9999 -9999 -9999 -9999 -9999 -9999 -9999 -9999 -9999 -9999 -9999 -9999 -9999 -9999 -9999 -9999 -9999 -9999 -9999 -9999 -9999 -9999 -9999 -9999 -9999 -9999 205 250 296 316 347 361 365 372 375 369 365 362 352 342 348 354 362 368 376 374 377 392 389 385 370 351 355 355 353 378 374 375 386 374 376 382 369 363 352 369 373 372 367 383 389 369 319 312
-9999 -9999 -9999 -9999 -9999 -9999 -9999 -9999 -9999 -9999 -9999 -9999 -9999 -9999 -9999 -9999 -9999 -9999 -9999 -9999 -9999 -9999 -9999 -9999 -9999 -9999 -9999 -9999 -9999 -9999 -9999 -9999 -9999 -9999 -9999 -9999 -9999 176 219 279 304 330 354 359 373 380 375 366 358 351 346 347 349 352 357 363 363 364 379 388 384 367 341 347 350 348 354 373 389 386 389 380 381 360 357 356 370 384 383 386 379 396 379 310 311
-9999 -9999 -9999 -9999 -9999 -9999 -9999 -9999 -9999 -9999 -9999 -9999 -9999 -9999 -9999 -9999 -9999 -9999 -9999 -9999 -9999 -9999 -9999 -9999 -9999 -9999 -9999 -9999 -9999 -9999 -9999 -9999 -9999 -9999 -9999 -9999 -9999 -9999 207 263 307 322 334 354 368 376 369 363 354 342 338 337 338 341 340 342 344 353 372 378 376 369 342 326 352 337 355 354 382 384 387 389 368 364 373 369 381 384 387 391 373 391 382 352 332
-9999 -9999 -9999 -9999 -9999 -9999 -9999 -9999 -9999 -9999 -9999 -9999 -9999 -9999 -9999 -9999 -9999 -9999 -9999 -9999 -9999 -9999 -9999 -9999 -9999 -9999 -9999 -9999 -9999 -9999 -9999 -9999 -9999 -9999 -9999 -9999 -9999 -9999 -9999 249 287 304 304 333 353 361 359 354 347 337 328 324 326 331 329 333 342 353 366 370 367 365 351 328 334 352 349 367 364 381 379 387 384 379 384 384 389 386 381 380 366 379 374 360 366
-9999 -9999 -9999 -9999 -9999 -9999 -9999 -9999 -9999 -9999 -9999 -9999 -9999 -9999 -9999 -9999 -9999 -9999 -9999 -9999 -9999 -9999 -9999 -9999 -9999 -9999 -9999 -9999 -9999 -9999 -9999 -9999 -9999 -9999 -9999 -9999 -9999 -9999 -9999 231 264 290 291 311 339 346 347 343 337 329 323 318 319 325 332 339 345 355 359 352 352 355 344 339 337 356 347 362 352 350 378 381 385 384 385 387 385 384 378 374 369 369 366 360 366
-9999 -9999 -9999 -9999 -9999 -9999 -9999 -9999 -9999 -9999 -9999 -9999 -9999 -9999 -9999 -9999 -9999 -9999 -9999 -9999 -9999 -9999 -9999 -9999 -9999 -9999 -9999 -9999 -9999 -9999 -9999 -9999 -9999 -9999 -9999 -9999 -9999 -9999 -9999 -9999 230 273 286 292 321 330 334 -9999 -9999 320 315 311 309 318 330 343 350 357 359 356 334 341 346 324 330 345 338 346 350 334 367 373 381 382 381 387 391 385 379 374 367 369 369 366 378
-9999 -9999 -9999 -9999 -9999 -9999 -9999 -9999 -9999 -9999 -9999 -9999 -9999 -9999 -9999 -9999 -9999 -9999 -9999 -9999 -9999 -9999 -9999 -9999 -9999 -9999 -9999 -9999 -9999 -9999 -9999 -9999 -9999 -9999 -9999 -9999 -9999 -9999 -9999 -9999 231 259 276 288 298 316 322 -9999 -9999 312 309 304 301 309 323 336 343 350 346 350 334 335 343 329 329 329 336 348 356 359 361 360 376 379 385 388 391 388 383 380 378 384 383 376 374
-9999 -9999 -9999 -9999 -9999 -9999 -9999 -9999 -9999 -9999 -9999 -9999 -9999 -9999 -9999 -9999 -9999 -9999 -9999 -9999 -9999 -9999 -9999 -9999 -9999 -9999 -9999 -9999 -9999 -9999 -9999 -9999 -9999 -9999 -9999 -9999 -9999 -9999 -9999 -9999 -9999 256 272 280 286 304 311 -9999 -9999 -9999 -9999 -9999 -9999 -9999 318 332 340 344 347 344 341 342 333 335 332 331 340 351 367 376 368 357 374 377 387 383 388 387 388 387 387 379 385 387 375
-9999 -9999 -9999 -9999 -9999 -9999 -9999 -9999 -9999 -9999 -9999 -9999 -9999 -9999 -9999 -9999 -9999 -9999 -9999 -9999 -9999 -9999 -9999 -9999 -9999 -9999 -9999 -9999 -9999 -9999 -9999 -9999 -9999 -9999 -9999 -9999 -9999 -9999 -9999 -9999 -9999 254 266 274 259 290 302 -9999 -9999 -9999 -9999 -9999 -9999 -9999 318 330 339 348 353 353 342 346 330 331 338 337 341 353 379 386 358 356 373 380 385 379 381 385 387 391 387 378 371 372 378
-9999 -9999 -9999 -9999 -9999 -9999 -9999 -9999 -9999 -9999 -9999 -9999 -9999 -9999 -9999 -9999 -9999 -9999 -9999 -9999 -9999 -9999 -9999 -9999 -9999 -9999 -9999 -9999 -9999 -9999 -9999 -9999 -9999 -9999 -9999 -9999 -9999 -9999 -9999 -9999 -9999 -9999 -9999 272 265 271 298 303 -9999 -9999 -9999 -9999 -9999 -9999 317 328 339 349 356 362 352 346 339 338 330 341 346 350 369 380 370 360 369 374 375 365 373 382 386 389 393 382 367 357 356
-9999 -9999 -9999 -9999 -9999 -9999 -9999 -9999 -9999 -9999 -9999 -9999 -9999 -9999 -9999 -9999 -9999 -9999 -9999 -9999 -9999 -9999 -9999 -9999 -9999 -9999 -9999 -9999 -9999 -9999 -9999 -9999 -9999 -9999 -9999 -9999 -9999 -9999 -9999 -9999 -9999 -9999 -9999 271 278 274 292 301 -9999 -9999 -9999 -9999 -9999 -9999 -9999 325 333 345 353 358 348 343 338 329 327 334 344 342 350 361 356 358 350 355 360 357 363 374 378 384 389 372 359 353 352
-9999 -9999 -9999 -9999 -9999 -9999 -9999 -9999 -9999 -9999 -9999 -9999 -9999 -9999 -9999 -9999 -9999 -9999 -9999 -9999 -9999 -9999 -9999 -9999 -9999 -9999 -9999 -9999 -9999 -9999 -9999 -9999 -9999 -9999 -9999 -9999 -9999 -9999 -9999 -9999 -9999 -9999 -9999 272 281 287 286 297 -9999 -9999 -9999 -9999 -9999 -9999 -9999 322 325 332 337 333 330 330 326 321 322 329 332 337 340 359 351 355 342 348 355 356 362 366 367 372 373 361 353 348 353
-9999 -9999 -9999 -9999 -9999 -9999 -9999 -9999 -9999 -9999 -9999 -9999 -9999 -9999 -9999 -9999 -9999 -9999 -9999 -9999 -9999 -9999 -9999 -9999 -9999 -9999 -9999 -9999 -9999 -9999 -9999 -9999 -9999 -9999 -9999 -9999 -9999 -9999 -9999 -9999 -9999 -9999 -9999 272 282 293 295 295 -9999 -9999 -9999 -9999 -9999 -9999 -9999 317 316 318 318 312 307 310 313 311 312 331 329 347 338 364 348 341 344 345 352 354 358 357 358 359 355 356 352 351 351
-9999 -9999 -9999 -9999 -9999 -9999 -9999 -9999 -9999 -9999 -9999 -9999 -9999 -9999 -9999 -9999 -9999 -9999 -9999 -9999 -9999 -9999 -9999 -9999 -9999 -9999 -9999 -9999 -9999 -9999 -9999 -9999 -9999 -9999 -9999 -9999 -9999 -9999 -9999 -9999 -9999 -9999 -9999 -9999 278 288 292 291 291 295 -9999 -9999 -9999 -9999 -9999 -9999 314 313 311 301 303 300 302 304 313 321 328 344 356 359 352 338 338 337 347 351 352 351 352 354 351 349 349 348 348
-9999 -9999 -9999 -9999 -9999 -9999 -9999 -9999 -9999 -9999 -9999 -9999 -9999 -9999 -9999 -9999 -9999 -9999 -9999 -9999 -9999 -9999 -9999 -9999 -9999 -9999 -9999 -9999 -9999 -9999 -9999 -9999 -9999 -9999 -9999 -9999 -9999 -9999 -9999 -9999 -9999 -9999 -9999 -9999 -9999 282 287 288 283 290 291 -9999 -9999 -9999 -9999 -9999 -9999 309 308 307 302 299 300 307 316 324 330 339 361 354 358 350 332 334 339 350 351 350 349 342 345 348 349 346 339
