resultados/variables_norteamerica/bio7.asc
ncols 469
nrows 225
xllcorner -169.133333
yllcorner 20.675000
cellsize 0.249840
NODATA_value -9999
[rows 38 to 75 of 225, columns 0 to 84 of 469]
-9999 -9999 -9999 -9999 -9999 -9999 -9999 -9999 -9999 -9999 -9999 -9999 -9999 -9999 -9999 -9999 -9999 -9999 -9999 -9999 -9999 380 381 382 385 387 388 389 390 391 393 395 397 398 399 400 404 408 410 413 416 420 424 427 430 437 442 446 451 456 459 465 468 473 479 483 492 499 503 507 515 525 534 535 534 534 530 528 526 516 512 509 507 513 510 514 515 513 517 519 519 522 521 522 523
-9999 -9999 -9999 -9999 -9999 -9999 -9999 -9999 -9999 -9999 -9999 -9999 -9999 -9999 -9999 -9999 -9999 -9999 -9999 -9999 -9999 -9999 -9999 -9999 384 -9999 389 390 390 391 393 394 396 398 401 402 405 408 411 414 418 422 426 431 436 442 447 451 456 461 467 471 476 482 487 495 501 509 515 521 525 529 538 546 546 547 542 535 526 515 506 506 509 513 515 515 517 515 515 511 514 517 519 520 522
-9999 -9999 -9999 -9999 -9999 -9999 -9999 -9999 -9999 -9999 -9999 -9999 -9999 -9999 -9999 -9999 -9999 -9999 -9999 -9999 -9999 -9999 -9999 -9999 -9999 -9999 388 -9999 -9999 391 393 395 397 398 400 402 405 408 411 415 419 423 428 434 438 443 449 455 461 466 471 478 482 488 493 499 507 512 519 524 530 537 544 546 548 553 550 539 527 515 505 505 508 511 513 513 514 510 513 516 519 522 524 524 525
-9999 -9999 -9999 -9999 -9999 -9999 -9999 -9999 -9999 -9999 -9999 -9999 -9999 -9999 -9999 -9999 -9999 -9999 368 370 372 -9999 -9999 -9999 -9999 -9999 -9999 -9999 -9999 -9999 -9999 -9999 -9999 -9999 -9999 -9999 -9999 409 412 416 420 425 430 435 440 445 450 456 461 467 470 477 485 490 496 501 506 514 518 525 529 536 543 548 555 561 555 542 530 518 511 509 510 511 512 510 509 514 516 520 521 521 523 523 524
-9999 -9999 -9999 -9999 -9999 -9999 -9999 -9999 -9999 -9999 -9999 -9999 -9999 -9999 -9999 361 362 364 366 368 370 -9999 -9999 -9999 -9999 -9999 -9999 -9999 -9999 -9999 -9999 392 394 -9999 -9999 401 405 407 411 415 421 425 431 435 440 444 449 453 459 467 474 476 482 491 498 503 508 514 518 522 528 533 538 545 550 552 548 539 529 519 513 511 510 511 512 514 518 521 522 524 523 523 523 522 522
-9999 -9999 -9999 -9999 -9999 -9999 -9999 -9999 -9999 -9999 353 353 354 355 357 358 360 361 363 366 367 369 371 374 377 379 -9999 -9999 384 387 388 390 392 394 396 398 402 404 408 414 420 424 429 435 442 448 454 460 465 471 477 483 485 491 499 503 507 511 517 522 522 523 533 537 539 539 536 530 524 518 512 510 508 512 516 520 520 519 522 522 521 -9999 518 517 517
-9999 -9999 -9999 -9999 -9999 -9999 -9999 -9999 -9999 349 350 350 350 351 352 354 355 357 358 361 364 366 368 370 373 376 379 380 383 385 386 387 390 393 395 398 402 405 408 414 419 424 430 436 443 449 456 462 468 473 479 484 489 494 499 503 506 510 516 519 521 523 525 527 529 528 524 517 511 507 505 505 502 507 510 515 521 519 517 515 513 511 509 507 504
-9999 -9999 -9999 -9999 -9999 345 345 345 345 345 345 346 347 348 349 350 351 354 356 359 362 364 366 368 370 373 376 377 380 383 383 384 387 391 393 395 399 403 408 412 419 423 430 437 444 450 457 463 469 474 479 485 489 493 497 501 503 505 509 512 514 517 518 519 518 515 514 513 509 506 504 504 505 511 514 518 518 514 512 511 508 507 504 500 498
-9999 -9999 -9999 -9999 -9999 -9999 -9999 -9999 -9999 344 344 343 344 345 346 348 350 352 355 357 358 360 362 365 367 370 373 376 379 380 382 383 386 388 391 394 397 401 405 411 417 424 430 436 443 451 458 463 469 475 480 484 488 492 494 496 499 503 503 500 501 507 508 510 507 506 506 502 499 499 501 506 513 517 512 507 505 501 500 506 505 506 500 496 487
-9999 -9999 -9999 -9999 -9999 -9999 -9999 -9999 -9999 339 339 339 340 341 342 343 346 348 351 354 356 358 362 365 367 369 370 373 376 378 380 382 384 386 389 392 395 399 404 409 416 423 429 436 443 451 458 464 470 475 479 483 485 489 490 495 496 497 498 500 502 506 506 505 503 501 498 495 494 498 502 506 510 513 519 516 509 509 509 509 506 503 495 487 483
-9999 -9999 -9999 -9999 -9999 -9999 -9999 -9999 -9999 -9999 -9999 335 335 336 337 339 342 344 347 350 353 356 360 362 364 367 367 372 375 377 377 -9999 382 384 386 389 393 398 403 408 416 422 430 438 445 452 458 464 470 475 479 482 485 488 491 495 497 500 501 501 501 500 497 495 492 490 488 486 486 489 494 497 503 510 511 508 504 505 504 503 502 496 489 488 487
-9999 -9999 -9999 -9999 -9999 -9999 -9999 -9999 -9999 -9999 -9999 -9999 -9999 334 335 337 340 343 346 -9999 -9999 -9999 -9999 -9999 -9999 364 367 -9999 -9999 -9999 -9999 -9999 -9999 380 383 386 391 396 401 408 415 423 430 440 445 451 457 461 467 473 477 482 485 487 489 492 495 495 496 495 493 491 489 487 484 480 479 475 475 480 482 486 490 492 494 495 494 493 494 496 495 491 488 487 488
-9999 -9999 -9999 -9999 -9999 -9999 -9999 -9999 -9999 -9999 -9999 -9999 -9999 -9999 -9999 -9999 -9999 -9999 -9999 -9999 -9999 -9999 -9999 -9999 -9999 363 -9999 -9999 -9999 -9999 -9999 -9999 375 376 380 384 390 396 402 409 417 425 432 438 444 448 452 457 464 469 475 479 481 485 487 489 491 490 490 488 486 483 481 478 475 472 469 466 464 465 467 473 476 479 480 479 476 477 479 484 484 477 474 475 477
-9999 -9999 -9999 -9999 -9999 -9999 -9999 -9999 -9999 -9999 -9999 -9999 -9999 -9999 -9999 -9999 -9999 -9999 -9999 -9999 -9999 -9999 -9999 -9999 -9999 -9999 -9999 -9999 -9999 -9999 -9999 -9999 -9999 373 377 383 391 398 404 412 418 426 431 437 441 447 453 458 464 468 473 478 481 484 485 485 485 483 484 483 481 474 472 468 464 461 460 456 456 459 461 464 464 464 461 455 454 450 447 448 444 441 442 447 448
-9999 -9999 -9999 -9999 -9999 -9999 -9999 -9999 -9999 -9999 -9999 -9999 -9999 -9999 -9999 -9999 -9999 -9999 -9999 -9999 -9999 -9999 -9999 -9999 -9999 -9999 -9999 -9999 -9999 -9999 -9999 -9999 -9999 371 376 383 390 397 405 413 420 425 431 436 441 447 452 458 462 467 472 476 478 480 481 480 481 480 476 474 471 465 463 461 458 455 451 449 450 451 452 452 451 444 431 429 425 418 416 414 419 420 422 424 431
-9999 -9999 -9999 -9999 -9999 -9999 -9999 -9999 -9999 -9999 -9999 -9999 -9999 -9999 -9999 -9999 -9999 -9999 -9999 -9999 -9999 -9999 -9999 -9999 -9999 -9999 -9999 -9999 -9999 -9999 -9999 -9999 369 371 376 383 389 398 407 414 419 425 430 435 440 445 450 455 459 463 468 471 473 475 477 478 473 473 468 463 462 463 460 455 450 447 444 441 441 440 439 435 428 418 408 402 395 391 390 390 393 403 409 417 424
-9999 -9999 -9999 -9999 -9999 -9999 -9999 -9999 -9999 -9999 -9999 -9999 -9999 -9999 -9999 -9999 -9999 -9999 -9999 -9999 -9999 -9999 -9999 -9999 -9999 -9999 -9999 359 361 362 364 366 369 373 378 385 392 400 409 414 419 425 430 434 438 442 446 450 454 457 462 465 469 471 474 476 472 468 464 462 460 456 452 447 443 438 435 432 430 427 423 417 409 399 389 381 377 375 373 373 378 387 396 409 419
-9999 -9999 -9999 -9999 -9999 -9999 -9999 -9999 -9999 -9999 -9999 -9999 -9999 -9999 -9999 -9999 -9999 -9999 -9999 334 337 339 342 -9999 349 351 354 356 359 361 363 365 369 376 382 388 396 404 410 415 420 424 428 432 436 438 442 445 447 452 456 459 464 472 474 470 467 464 461 458 453 448 443 438 432 427 423 421 415 404 390 376 368 369 369 370 365 360 359 361 367 375 384 397 408
-9999 -9999 -9999 -9999 -9999 -9999 -9999 -9999 -9999 -9999 -9999 -9999 -9999 -9999 -9999 -9999 -9999 325 327 331 334 337 340 344 347 349 352 355 357 360 363 367 373 379 385 392 399 406 411 415 419 423 426 429 432 434 436 438 437 444 451 455 459 464 466 463 460 456 453 449 444 439 433 426 419 411 408 399 388 385 380 376 374 380 373 369 358 349 349 352 358 368 379 390 402
-9999 -9999 -9999 -9999 -9999 -9999 -9999 -9999 -9999 -9999 -9999 -9999 -9999 -9999 -9999 -9999 -9999 322 324 327 331 335 338 341 344 348 351 354 357 361 365 369 375 381 387 395 402 408 412 415 418 421 423 425 427 428 429 431 435 440 444 447 451 454 453 452 449 445 442 438 433 426 421 407 396 391 393 388 399 396 390 394 386 385 384 374 356 344 341 344 350 357 365 375 389
-9999 -9999 -9999 -9999 -9999 -9999 -9999 -9999 -9999 -9999 -9999 -9999 -9999 -9999 -9999 312 315 318 321 324 328 332 335 338 342 346 350 353 357 361 364 368 374 381 388 395 403 409 413 415 417 418 419 421 422 423 424 427 429 432 434 439 440 442 439 440 436 433 426 414 409 400 402 392 386 380 381 387 398 403 403 404 400 388 383 375 363 345 337 338 341 346 356 362 374
-9999 -9999 -9999 -9999 -9999 -9999 -9999 -9999 -9999 -9999 -9999 -9999 -9999 303 305 308 311 314 318 321 325 329 332 337 340 344 348 352 357 360 364 368 373 380 388 394 402 409 412 414 413 414 415 415 415 417 419 420 421 425 426 429 431 431 430 425 422 419 412 398 389 387 386 381 376 375 374 378 388 399 407 402 401 389 380 371 361 342 330 329 332 336 342 354 362
-9999 -9999 -9999 -9999 -9999 -9999 -9999 -9999 -9999 -9999 -9999 -9999 -9999 -9999 301 304 308 311 314 318 322 326 330 334 338 342 346 351 355 359 363 369 373 379 386 392 399 406 409 408 408 409 406 410 410 410 411 413 414 416 418 419 420 419 417 415 410 407 403 389 376 370 374 370 361 362 356 361 370 371 388 392 392 382 370 363 355 337 323 322 326 332 338 344 352
-9999 -9999 -9999 -9999 -9999 -9999 -9999 -9999 -9999 -9999 -9999 -9999 292 295 297 301 304 307 311 314 318 -9999 326 330 335 339 344 349 354 359 363 367 371 376 382 388 394 401 405 405 404 403 403 402 401 403 402 405 406 407 408 408 408 407 406 404 401 398 393 378 366 363 357 353 350 345 333 338 348 358 368 369 362 360 358 350 346 343 340 344 336 325 322 326 331
-9999 -9999 -9999 -9999 -9999 -9999 -9999 -9999 -9999 -9999 -9999 -9999 -9999 292 293 -9999 300 303 307 311 314 319 323 327 331 336 341 347 352 357 361 364 368 372 376 382 387 391 395 397 396 392 390 393 391 393 395 396 397 397 397 396 396 397 393 392 389 386 383 369 360 362 350 343 343 339 330 327 338 347 353 354 349 349 346 340 336 -9999 321 308 304 306 315 311 315
-9999 -9999 -9999 -9999 -9999 -9999 -9999 -9999 -9999 -9999 -9999 -9999 -9999 -9999 -9999 -9999 -9999 300 303 307 310 315 318 -9999 328 333 -9999 344 350 355 358 361 363 366 370 374 375 375 378 386 386 382 383 383 385 387 386 387 387 386 386 384 383 381 378 375 376 374 373 368 364 353 337 335 330 321 321 324 331 338 341 342 -9999 -9999 -9999 -9999 -9999 312 298 293 291 292 293 297 299
-9999 -9999 -9999 -9999 -9999 -9999 -9999 -9999 -9999 -9999 -9999 -9999 -9999 -9999 -9999 -9999 -9999 294 298 302 306 -9999 315 318 323 328 334 -9999 346 352 354 356 358 360 362 365 365 364 364 370 373 373 375 375 377 377 375 376 377 376 374 372 370 369 366 364 364 362 358 354 345 333 327 322 319 315 312 311 317 -9999 -9999 -9999 -9999 320 316 311 304 292 288 282 -9999 278 278 -9999 279
-9999 -9999 -9999 -9999 -9999 -9999 -9999 -9999 -9999 -9999 -9999 -9999 -9999 -9999 -9999 283 286 290 294 297 301 304 309 314 318 324 329 -9999 -9999 345 347 349 350 351 352 354 353 353 354 357 360 360 362 364 364 366 366 367 366 365 363 360 357 355 354 352 350 348 347 344 337 330 324 317 310 303 302 -9999 -9999 -9999 -9999 323 317 309 304 298 287 280 273 267 263 260 258 -9999 -9999
-9999 -9999 -9999 -9999 -9999 -9999 -9999 -9999 -9999 -9999 -9999 -9999 -9999 -9999 -9999 -9999 -9999 287 -9999 293 296 300 304 308 313 317 322 329 333 336 339 341 342 343 344 344 344 344 343 346 349 352 353 353 354 356 356 358 357 355 353 352 347 344 340 337 336 337 337 342 334 323 310 307 304 299 295 -9999 -9999 -9999 -9999 310 304 293 285 276 271 267 259 250 247 245 243 243 -9999
-9999 -9999 -9999 -9999 -9999 -9999 -9999 252 253 256 258 261 264 268 -9999 -9999 -9999 -9999 -9999 289 291 295 299 303 307 312 315 -9999 325 328 331 332 333 333 331 332 332 333 332 334 338 -9999 343 343 345 346 348 349 348 347 346 342 338 333 328 324 323 -9999 331 327 319 310 302 297 290 289 -9999 -9999 -9999 -9999 285 283 277 -9999 264 253 248 246 245 238 232 229 227 221 -9999
-9999 -9999 -9999 -9999 -9999 -9999 -9999 -9999 -9999 -9999 256 259 262 -9999 -9999 -9999 -9999 -9999 -9999 -9999 287 290 -9999 298 302 -9999 -9999 -9999 318 319 322 323 323 323 323 324 323 324 326 324 -9999 329 330 332 334 336 339 340 340 339 337 332 328 323 317 312 308 312 323 322 313 308 299 293 287 -9999 -9999 -9999 -9999 264 261 261 263 254 244 240 239 -9999 -9999 -9999 -9999 -9999 -9999 -9999 -9999
-9999 -9999 -9999 -9999 -9999 -9999 -9999 -9999 -9999 -9999 -9999 -9999 -9999 -9999 -9999 -9999 -9999 -9999 -9999 -9999 -9999 -9999 -9999 -9999 -9999 -9999 -9999 -9999 -9999 311 311 312 313 314 315 316 316 317 317 317 -9999 319 320 321 323 326 329 331 332 332 329 325 321 -9999 -9999 -9999 -9999 -9999 313 312 306 299 -9999 -9999 -9999 -9999 -9999 -9999 -9999 -9999 -9999 241 238 236 -9999 235 -9999 -9999 -9999 -9999 -9999 -9999 -9999 -9999 -9999
-9999 -9999 -9999 -9999 -9999 -9999 -9999 -9999 -9999 -9999 -9999 -9999 -9999 -9999 -9999 -9999 -9999 -9999 -9999 -9999 -9999 -9999 -9999 -9999 -9999 -9999 -9999 -9999 -9999 301 302 304 306 306 307 309 309 308 308 308 309 309 310 311 314 317 320 323 324 325 324 320 314 -9999 -9999 297 296 297 301 300 -9999 -9999 -9999 -9999 -9999 -9999 -9999 -9999 -9999 235 233 230 229 -9999 -9999 -9999 -9999 -9999 -9999 -9999 -9999 -9999 -9999 -9999 -9999
-9999 -9999 -9999 -9999 -9999 -9999 -9999 -9999 -9999 -9999 -9999 -9999 -9999 -9999 -9999 -9999 -9999 -9999 -9999 -9999 -9999 -9999 -9999 -9999 -9999 -9999 -9999 -9999 -9999 -9999 294 296 296 298 300 302 300 300 300 300 300 300 301 304 306 309 311 315 318 319 318 313 306 300 295 291 288 286 288 288 -9999 -9999 -9999 -9999 -9999 -9999 -9999 -9999 -9999 -9999 -9999 -9999 -9999 -9999 -9999 -9999 -9999 -9999 -9999 -9999 -9999 -9999 -9999 -9999 -9999
-9999 -9999 -9999 -9999 -9999 -9999 -9999 -9999 -9999 -9999 -9999 -9999 -9999 -9999 -9999 -9999 -9999 -9999 -9999 -9999 -9999 -9999 -9999 -9999 -9999 -9999 -9999 -9999 -9999 284 286 289 290 -9999 -9999 -9999 293 -9999 294 293 293 294 -9999 296 298 301 305 309 -9999 314 312 305 298 293 288 284 279 277 274 274 268 262 255 -9999 -9999 -9999 -9999 -9999 -9999 -9999 -9999 -9999 -9999 -9999 -9999 -9999 -9999 -9999 -9999 -9999 -9999 -9999 -9999 -9999 -9999
-9999 -9999 -9999 -9999 -9999 -9999 -9999 -9999 -9999 -9999 -9999 -9999 -9999 -9999 -9999 -9999 -9999 -9999 -9999 -9999 -9999 -9999 -9999 -9999 -9999 -9999 -9999 -9999 -9999 -9999 -9999 -9999 -9999 -9999 -9999 -9999 -9999 -9999 -9999 -9999 285 -9999 -9999 -9999 -9999 -9999 -9999 297 300 304 303 297 291 -9999 282 279 274 271 265 261 261 -9999 -9999 -9999 -9999 -9999 222 -9999 -9999 -9999 -9999 -9999 -9999 -9999 -9999 -9999 -9999 -9999 -9999 -9999 -9999 -9999 -9999 -9999 -9999
-9999 -9999 -9999 -9999 -9999 -9999 -9999 -9999 -9999 -9999 -9999 -9999 -9999 -9999 -9999 -9999 -9999 -9999 -9999 -9999 -9999 -9999 -9999 -9999 -9999 -9999 -9999 -9999 -9999 -9999 -9999 -9999 -9999 -9999 -9999 -9999 -9999 -9999 -9999 -9999 -9999 -9999 -9999 -9999 -9999 -9999 -9999 290 291 292 290 287 281 275 271 266 260 257 255 254 256 -9999 -9999 -9999 -9999 218 214 -9999 -9999 -9999 -9999 -9999 -9999 -9999 -9999 -9999 -9999 -9999 -9999 -9999 -9999 -9999 -9999 -9999 -9999
-9999 -9999 -9999 -9999 -9999 -9999 -9999 -9999 -9999 -9999 -9999 -9999 -9999 -9999 -9999 -9999 -9999 -9999 -9999 -9999 -9999 -9999 -9999 -9999 -9999 -9999 -9999 -9999 -9999 -9999 -9999 -9999 -9999 -9999 -9999 -9999 -9999 -9999 -9999 -9999 -9999 -9999 -9999 -9999 -9999 -9999 277 280 281 -9999 -9999 277 273 267 263 259 259 -9999 252 -9999 -9999 -9999 -9999 222 -9999 212 -9999 -9999 -9999 -9999 -9999 -9999 -9999 -9999 -9999 -9999 -9999 -9999 -9999 -9999 -9999 -9999 -9999 -9999 -9999
