resultados/variables_norteamerica/bio8.asc
ncols 469
nrows 225
xllcorner -169.133333
yllcorner 20.675000
cellsize 0.249840
NODATA_value -9999
[rows 76 to 113 of 225, columns 340 to 424 of 469]
-9999 -9999 -9999 -9999 -9999 -9999 -9999 -9999 -9999 -9999 -9999 -9999 -9999 -9999 -9999 -9999 -9999 -9999 -9999 -9999 -9999 -9999 -9999 -9999 -9999 -9999 -9999 -9999 -9999 77 77 76 76 76 75 75 75 74 74 75 75 74 75 77 78 76 75 76 77 76 76 77 77 78 78 80 82 83 83 87 86 85 86 88 85 86 87 85 83 82 81 79 77 75 75 68 65 62 59 57 56 57 63 62 61
-9999 -9999 -9999 -9999 -9999 -9999 -9999 -9999 -9999 -9999 -9999 -9999 -9999 -9999 -9999 -9999 -9999 -9999 -9999 -9999 -9999 -9999 -9999 -9999 -9999 -9999 -9999 -9999 -9999 -9999 77 77 77 77 77 76 76 -9999 77 77 77 78 77 76 76 77 77 77 77 77 79 79 80 80 82 85 88 88 89 89 88 86 86 88 86 85 86 88 85 83 81 78 79 76 75 74 69 64 63 61 60 60 61 61 64
-9999 -9999 -9999 -9999 -9999 -9999 -9999 -9999 -9999 -9999 -9999 -9999 -9999 -9999 -9999 -9999 -9999 -9999 -9999 -9999 -9999 -9999 -9999 -9999 -9999 -9999 -9999 -9999 -9999 -9999 78 78 78 78 78 78 78 80 80 79 79 78 78 77 77 77 78 79 79 81 82 81 82 85 85 84 86 88 89 91 89 87 89 89 89 86 86 89 86 84 83 81 80 80 78 78 75 70 66 65 65 65 65 66 67
-9999 -9999 -9999 -9999 -9999 -9999 -9999 -9999 -9999 -9999 -9999 -9999 -9999 -9999 -9999 -9999 -9999 -9999 -9999 -9999 -9999 -9999 -9999 -9999 -9999 -9999 -9999 -9999 -9999 -9999 82 79 79 79 80 80 80 80 81 80 79 78 78 79 80 80 80 80 82 82 82 84 85 84 84 84 87 85 86 90 92 90 91 91 90 89 88 89 89 87 86 84 82 81 79 79 75 72 71 71 68 68 66 68 68
-9999 -9999 -9999 -9999 -9999 -9999 -9999 -9999 -9999 -9999 -9999 -9999 -9999 -9999 -9999 -9999 -9999 -9999 -9999 -9999 -9999 -9999 -9999 -9999 -9999 -9999 -9999 -9999 -9999 -9999 -9999 81 81 81 81 81 81 80 80 81 -9999 82 82 82 83 83 82 82 83 84 85 86 84 85 85 85 87 87 87 92 96 92 91 93 93 92 90 90 87 87 88 87 85 83 82 80 80 80 75 73 71 70 70 68 69
-9999 -9999 -9999 -9999 -9999 -9999 -9999 -9999 -9999 -9999 -9999 -9999 -9999 -9999 -9999 -9999 -9999 -9999 -9999 -9999 -9999 -9999 -9999 -9999 -9999 -9999 -9999 -9999 -9999 -9999 -9999 83 83 83 83 83 83 83 84 84 83 85 85 86 84 84 84 85 85 84 83 86 88 87 86 86 89 89 91 93 93 92 96 93 92 92 90 90 89 88 88 87 87 85 83 82 80 82 78 77 76 75 74 76 77
-9999 -9999 -9999 -9999 -9999 -9999 -9999 -9999 -9999 -9999 -9999 -9999 -9999 -9999 -9999 -9999 -9999 -9999 -9999 -9999 88 -9999 -9999 -9999 -9999 -9999 -9999 -9999 -9999 -9999 -9999 -9999 88 85 83 84 84 85 85 86 -9999 85 85 84 86 85 85 85 85 87 86 87 89 89 87 88 89 89 89 92 98 97 98 93 88 89 91 90 90 89 89 89 87 87 86 85 85 85 83 82 80 79 79 77 76
-9999 -9999 -9999 -9999 -9999 -9999 -9999 -9999 -9999 -9999 -9999 -9999 -9999 -9999 -9999 -9999 -9999 -9999 -9999 91 -9999 -9999 -9999 -9999 -9999 -9999 -9999 -9999 -9999 -9999 88 90 88 86 85 87 86 86 86 88 -9999 86 85 87 88 88 88 87 88 88 87 87 89 90 89 87 87 88 91 91 94 99 97 96 93 88 93 91 90 90 89 90 89 88 88 86 86 87 86 85 82 81 79 79 82
-9999 -9999 -9999 -9999 -9999 -9999 -9999 -9999 -9999 -9999 -9999 -9999 -9999 -9999 -9999 -9999 -9999 -9999 92 -9999 -9999 -9999 -9999 -9999 -9999 -9999 -9999 -9999 -9999 86 85 85 86 86 87 87 88 88 87 88 88 87 88 89 89 90 89 89 90 89 88 91 91 91 90 88 89 90 90 91 94 94 95 95 93 91 89 90 89 91 91 89 91 90 90 87 88 90 -9999 88 85 81 81 -9999 79
-9999 -9999 -9999 -9999 -9999 -9999 -9999 -9999 -9999 -9999 -9999 -9999 -9999 -9999 -9999 -9999 -9999 -9999 -9999 -9999 -9999 -9999 -9999 -9999 -9999 -9999 -9999 -9999 87 87 87 87 88 87 88 89 89 89 88 89 89 90 91 91 89 89 87 88 90 90 91 90 89 90 90 90 90 90 92 93 94 94 94 96 96 92 -9999 91 89 90 89 90 -9999 91 89 88 90 90 90 89 87 -9999 81 80 80
-9999 -9999 -9999 -9999 -9999 -9999 -9999 -9999 -9999 -9999 -9999 -9999 -9999 -9999 -9999 -9999 -9999 -9999 -9999 -9999 -9999 -9999 -9999 -9999 -9999 -9999 -9999 89 90 90 89 89 88 89 90 90 90 90 90 90 91 90 92 91 90 90 91 92 92 93 93 93 93 93 93 93 93 93 94 92 93 93 92 95 92 93 89 93 92 91 91 89 89 90 90 93 89 91 91 90 87 85 84 81 81
113 112 112 111 111 110 109 -9999 -9999 -9999 -9999 -9999 -9999 -9999 -9999 -9999 -9999 -9999 -9999 -9999 -9999 -9999 -9999 -9999 92 91 90 92 92 92 92 92 91 91 92 92 93 92 91 91 91 91 91 92 -9999 94 94 -9999 94 95 95 94 95 95 92 93 94 93 93 93 93 91 92 92 92 91 89 89 93 93 94 93 93 94 94 93 90 91 91 91 89 87 86 84 83
113 113 113 112 112 111 111 110 -9999 -9999 -9999 -9999 -9999 -9999 -9999 -9999 -9999 -9999 -9999 -9999 -9999 97 96 96 95 93 92 93 93 94 95 93 92 93 93 93 94 94 94 93 94 94 94 95 95 95 95 96 95 95 95 95 95 95 94 94 95 95 94 93 94 93 92 93 93 93 93 90 91 94 96 -9999 95 95 95 95 93 94 93 93 91 90 89 86 87
114 114 114 113 113 113 112 112 -9999 -9999 -9999 -9999 -9999 -9999 -9999 -9999 -9999 -9999 -9999 101 100 98 97 96 96 96 96 97 96 96 95 97 96 94 95 96 97 96 95 95 96 95 95 96 96 96 97 97 97 97 97 97 97 96 97 95 96 96 95 96 96 95 94 93 93 93 93 92 92 95 98 97 97 96 97 97 96 96 94 95 92 91 92 92 92
114 115 115 115 115 115 115 -9999 -9999 -9999 -9999 -9999 -9999 -9999 -9999 -9999 -9999 -9999 -9999 102 102 100 100 98 98 98 99 99 99 100 100 99 100 100 100 100 99 97 98 98 96 97 -9999 98 98 98 98 99 100 99 99 98 97 96 97 97 98 98 97 97 97 97 97 96 96 95 95 94 95 95 97 -9999 99 97 98 99 98 98 97 98 95 95 95 95 95
116 117 117 116 117 117 117 117 -9999 -9999 -9999 -9999 -9999 -9999 -9999 -9999 -9999 -9999 -9999 -9999 104 103 102 101 100 93 95 102 102 102 103 -9999 103 103 103 103 103 103 101 101 101 101 100 -9999 101 100 100 100 101 101 101 98 98 99 99 98 99 99 99 99 99 98 97 97 96 95 95 96 96 97 98 99 98 100 100 100 -9999 100 100 -9999 -9999 -9999 98 -9999 96
122 121 119 120 120 119 119 118 -9999 -9999 -9999 -9999 -9999 -9999 -9999 -9999 -9999 -9999 -9999 -9999 -9999 105 105 105 89 71 72 102 104 106 106 106 105 104 -9999 -9999 105 105 106 105 104 105 104 103 103 103 103 101 102 102 102 102 101 101 101 100 101 100 100 100 100 100 99 98 97 97 96 96 97 97 99 100 98 100 100 101 -9999 102 102 101 -9999 -9999 99 99 97
129 130 129 127 127 127 125 124 -9999 -9999 -9999 -9999 -9999 -9999 -9999 -9999 -9999 -9999 -9999 -9999 -9999 107 107 104 76 70 70 -9999 108 -9999 -9999 108 106 -9999 106 106 106 107 107 106 105 105 104 104 104 105 103 104 104 104 103 103 103 103 102 102 101 101 100 100 100 100 100 99 99 99 98 96 95 95 99 101 98 101 102 102 103 102 104 105 105 104 102 101 100
133 132 132 131 131 131 130 129 -9999 -9999 -9999 -9999 -9999 -9999 -9999 -9999 -9999 -9999 -9999 -9999 -9999 110 109 108 85 73 86 107 109 110 -9999 109 109 108 107 107 106 107 108 107 -9999 106 105 105 105 105 105 104 104 105 105 104 -9999 105 104 102 101 101 100 101 101 100 100 100 98 98 98 98 97 97 101 101 99 99 100 99 101 -9999 104 104 105 105 107 108 105
135 135 135 134 134 133 133 133 -9999 130 128 124 120 -9999 -9999 -9999 -9999 -9999 -9999 -9999 -9999 112 111 -9999 106 102 108 110 110 -9999 111 111 110 109 108 108 107 108 109 109 109 109 108 108 107 107 107 106 106 105 104 105 106 106 105 103 101 99 98 100 100 98 99 101 100 99 99 99 97 100 101 102 100 99 101 101 101 102 104 104 103 103 104 104 106
138 137 137 137 137 136 136 135 -9999 -9999 130 127 121 121 -9999 -9999 -9999 -9999 -9999 -9999 -9999 -9999 115 114 113 113 113 112 112 112 113 112 113 113 112 111 111 110 110 109 108 110 -9999 109 108 107 108 108 106 106 105 106 106 107 -9999 105 103 102 102 100 101 101 101 101 101 100 101 99 100 101 102 103 103 102 102 104 103 103 105 103 101 100 98 101 104
139 140 140 139 139 139 138 138 137 136 -9999 -9999 -9999 -9999 -9999 -9999 -9999 -9999 -9999 -9999 -9999 -9999 116 116 115 114 114 113 114 114 114 115 115 114 113 113 112 112 112 111 111 111 111 110 -9999 109 110 111 111 110 109 108 107 106 105 104 105 106 105 101 102 101 102 102 101 102 101 101 102 102 104 104 104 104 104 104 104 104 105 -9999 103 101 100 102 103
141 142 142 142 141 141 140 140 140 139 -9999 -9999 -9999 -9999 -9999 -9999 -9999 -9999 -9999 -9999 -9999 -9999 -9999 118 117 117 116 116 116 116 -9999 -9999 116 116 115 116 116 116 115 115 115 114 113 114 113 113 112 111 110 108 107 105 103 99 97 101 104 106 106 104 104 101 104 103 102 105 106 104 105 105 103 102 105 104 101 100 101 101 101 103 105 105 102 102 103
144 144 144 144 144 143 143 142 142 141 140 139 -9999 -9999 -9999 -9999 -9999 -9999 -9999 122 -9999 -9999 121 120 119 118 117 116 116 117 118 117 117 118 118 118 118 118 118 118 117 117 117 117 116 115 112 107 102 106 103 103 103 101 101 104 102 102 106 108 109 108 109 108 105 108 108 106 107 107 104 102 102 100 100 101 101 100 101 103 103 105 104 104 104
146 146 146 146 146 145 145 145 144 143 142 140 138 -9999 -9999 -9999 -9999 -9999 -9999 -9999 -9999 -9999 123 122 121 120 119 -9999 120 120 120 120 119 119 120 120 120 119 119 119 120 120 119 118 117 109 105 105 106 110 109 108 107 106 107 109 108 108 107 112 110 108 112 111 111 104 108 103 104 106 106 105 103 101 103 102 100 98 101 99 101 104 103 102 102
147 148 148 148 148 148 147 147 146 145 143 142 139 132 131 -9999 -9999 -9999 -9999 127 -9999 -9999 125 124 123 122 121 121 121 -9999 121 122 121 121 121 122 121 122 122 122 121 121 120 119 115 114 113 115 114 112 113 113 110 108 107 109 111 111 110 111 -9999 113 113 -9999 99 97 99 99 102 104 102 106 103 103 103 103 102 99 98 97 100 103 104 101 101
149 149 149 150 149 150 149 149 148 148 147 144 137 134 133 -9999 -9999 -9999 130 129 129 -9999 127 126 125 123 122 122 123 123 122 123 122 121 123 123 124 124 124 124 124 123 121 121 121 122 120 119 116 113 113 115 119 122 118 115 113 112 112 112 114 112 111 116 110 110 109 105 108 105 105 108 104 103 101 103 101 104 97 95 98 101 100 90 76
150 150 151 151 149 147 149 146 143 143 143 140 138 137 135 134 133 133 133 131 130 129 129 127 125 124 123 123 124 125 124 124 125 124 125 125 125 126 125 125 125 125 -9999 -9999 123 121 118 117 115 115 116 125 126 125 126 120 121 107 110 111 110 112 113 107 106 -9999 109 106 107 109 108 111 108 107 100 104 104 105 104 100 88 74 62 66 64
151 151 148 142 141 141 143 144 144 144 143 142 140 138 136 134 134 134 134 133 130 130 128 127 125 125 124 125 -9999 127 127 127 127 126 127 127 127 126 126 126 127 127 -9999 124 122 120 120 118 117 116 120 131 130 129 129 127 122 113 110 114 111 111 112 106 107 -9999 110 111 112 108 111 113 112 109 101 108 103 94 78 71 71 67 71 70 73
152 146 140 140 140 143 146 147 147 147 145 143 141 138 134 131 130 130 132 133 133 130 128 127 126 126 126 126 127 127 129 128 127 127 128 128 127 127 127 126 128 128 127 124 124 122 122 121 121 119 126 131 127 129 131 131 126 120 113 116 113 111 116 114 110 114 -9999 104 83 75 80 85 97 110 108 95 79 74 76 74 78 77 77 73 57
144 140 139 140 143 146 148 150 150 148 146 142 139 135 133 132 130 130 130 130 131 130 129 128 128 128 128 129 129 130 130 130 129 129 129 129 130 129 130 128 129 130 127 127 126 125 125 124 123 118 127 134 132 131 131 129 131 129 119 120 114 112 118 113 111 113 105 82 81 81 85 85 88 85 86 84 83 83 83 84 84 84 65 36 -9999
139 138 138 140 143 145 148 150 150 146 144 141 138 135 134 132 132 131 132 132 132 131 131 131 130 130 131 131 132 133 133 133 132 133 132 132 132 132 131 130 130 129 130 130 128 128 125 123 125 123 129 134 137 138 135 133 135 136 123 120 122 118 119 114 116 112 86 83 88 91 -9999 -9999 -9999 -9999 -9999 -9999 -9999 -9999 -9999 -9999 -9999 -9999 -9999 -9999 -9999
135 136 138 139 141 143 145 147 147 144 143 140 138 136 134 133 133 133 134 135 134 134 133 133 132 132 133 133 134 135 135 135 134 134 134 134 134 134 132 132 131 130 132 132 131 131 129 128 128 128 129 140 142 141 141 141 140 139 125 124 123 122 121 121 115 86 78 85 93 -9999 -9999 -9999 -9999 -9999 -9999 -9999 -9999 -9999 -9999 91 91 -9999 -9999 -9999 -9999
135 136 137 139 140 143 145 146 146 145 143 141 138 137 136 135 135 136 137 136 136 135 135 135 134 134 134 135 134 135 137 137 137 137 136 135 135 135 134 -9999 132 132 134 133 131 134 135 135 136 133 131 134 142 143 144 142 143 136 129 126 125 124 123 121 97 80 83 88 -9999 -9999 -9999 -9999 -9999 -9999 -9999 -9999 -9999 -9999 -9999 -9999 -9999 -9999 -3 0 8
134 135 137 139 140 142 143 144 145 144 142 141 139 137 -9999 135 136 138 138 138 137 137 137 137 136 135 136 138 138 138 138 138 137 136 135 136 135 134 133 133 134 134 134 135 136 138 140 140 141 137 131 134 131 129 134 133 135 132 134 131 130 126 126 106 87 87 90 95 -9999 -9999 -9999 -9999 -9999 -9999 -9999 -9999 -9999 -9999 -9999 -9999 -9999 -9999 -4 -7 -10
134 135 137 139 140 141 142 142 143 142 142 140 139 137 136 137 138 139 140 140 140 139 138 138 138 136 137 139 141 -9999 137 137 137 136 136 136 134 132 132 133 134 134 135 138 142 143 144 146 143 141 138 135 135 127 127 128 130 130 131 132 134 133 131 96 -9999 -9999 -9999 -9999 -9999 -9999 134 128 118 121 128 127 18 -19 -15 -9999 -9999 -9999 -9999 -9999 -9999
134 136 138 139 139 141 140 141 141 141 142 141 139 137 138 139 142 143 145 145 143 141 140 140 139 136 137 138 140 138 137 137 136 137 137 135 134 134 134 131 131 132 131 134 140 147 152 151 148 146 145 140 135 124 125 125 126 131 134 138 139 138 -9999 -9999 -9999 -9999 -9999 -9999 128 126 124 126 124 126 125 28 -21 -18 -12 -10 -9999 -9999 -9999 -9999 -9999
134 136 139 139 139 139 138 140 140 140 141 141 140 139 139 140 141 145 147 147 145 143 142 142 140 137 136 138 139 137 136 138 138 139 138 137 137 136 -9999 132 133 132 130 134 138 143 150 152 -9999 -9999 150 150 149 138 128 124 128 132 135 141 -9999 -9999 -9999 -9999 132 131 134 135 132 131 131 133 134 135 116 -20 -20 -17 -12 -6 -9999 -9999 -9999 -9999 -9999
