resultados/variables_norteamerica/bio8.asc
ncols 469
nrows 225
xllcorner -169.133333
yllcorner 20.675000
cellsize 0.249840
NODATA_value -9999
[rows 38 to 75 of 225, columns 85 to 169 of 469]
108 102 101 106 101 99 93 93 94 93 95 95 90 91 91 89 89 94 105 106 106 103 100 100 103 105 104 102 105 108 112 112 110 109 109 104 102 102 103 103 107 108 110 106 103 97 88 90 71 16 18 23 27 27 27 27 28 28 32 92 99 98 98 97 99 103 103 104 104 99 104 107 108 107 107 107 109 109 107 105 103 100 99 96 95
120 122 117 105 106 105 106 106 107 108 107 105 103 101 98 96 94 94 109 111 110 111 110 108 105 105 104 104 104 106 106 105 96 100 99 100 101 106 111 108 113 114 114 115 113 106 96 102 82 20 22 26 29 29 29 29 30 31 32 93 99 100 104 105 114 111 110 109 111 116 -9999 119 112 111 111 112 111 116 114 113 108 105 103 101 98
131 129 112 107 109 110 112 113 114 114 113 111 109 106 104 102 100 107 118 114 114 109 111 109 104 104 103 98 104 106 106 102 102 107 106 105 104 108 110 115 116 116 115 119 115 111 106 101 98 39 26 29 30 31 31 32 32 33 34 80 102 106 107 113 117 119 119 119 118 119 123 125 121 119 120 117 121 121 120 119 117 114 112 109 107
135 134 127 114 113 114 115 116 117 118 117 115 113 110 108 106 119 127 125 124 122 119 118 118 118 114 111 112 110 107 100 106 109 109 109 109 108 111 112 107 111 110 112 119 118 115 110 102 106 84 44 27 30 27 32 32 34 35 37 78 105 106 111 117 121 123 125 126 126 126 126 126 125 128 129 128 129 126 126 124 123 121 117 114 113
142 143 128 115 116 117 118 119 119 120 119 117 115 113 113 127 133 131 129 127 124 124 121 122 122 117 120 111 107 104 96 99 105 107 107 111 112 108 113 107 104 106 105 116 118 121 115 107 102 110 113 106 97 32 44 55 33 36 84 109 110 114 127 128 127 128 129 129 129 130 130 131 130 131 130 133 136 135 132 130 125 124 124 121 120
140 141 141 138 136 134 126 123 121 119 119 119 117 127 136 139 135 132 131 131 126 124 127 125 123 122 119 111 111 105 100 101 105 100 105 111 107 108 112 114 112 113 113 117 120 120 122 116 112 110 114 108 96 86 88 72 97 113 121 126 125 127 126 129 128 126 126 127 129 131 132 133 133 134 135 138 137 135 132 128 127 128 122 115 116
127 126 127 127 132 138 138 135 138 142 139 136 138 140 142 140 135 132 131 130 126 123 125 126 121 119 118 114 111 105 95 103 107 97 100 103 101 104 109 112 112 116 119 120 122 124 125 123 123 123 108 104 108 117 118 124 119 121 127 122 120 116 114 120 121 120 119 125 124 125 130 131 133 135 135 -9999 138 136 133 130 130 127 122 126 124
129 128 117 117 117 115 120 126 123 124 129 132 137 142 141 138 133 128 124 119 116 118 121 122 120 117 119 114 108 97 92 93 102 93 90 88 93 101 107 105 100 101 103 110 117 115 117 122 124 125 131 131 128 118 117 114 112 120 112 107 104 105 106 109 107 108 114 116 111 115 118 121 129 134 135 135 137 138 138 136 135 130 125 122 122
131 129 130 130 128 123 126 123 126 127 124 126 124 126 130 126 125 129 128 131 132 130 128 125 123 124 121 107 102 101 99 98 105 105 104 102 102 98 102 98 99 102 108 111 107 106 108 109 113 122 122 124 119 119 109 96 88 95 102 91 81 89 84 81 83 85 110 101 96 102 103 101 104 112 118 118 121 127 129 131 133 136 137 134 130
141 138 136 137 132 127 133 132 127 128 123 116 107 112 111 110 111 110 116 115 117 120 124 123 124 126 126 112 116 112 104 101 100 100 100 99 95 92 92 88 88 86 102 97 95 101 99 99 99 97 108 109 100 101 110 102 95 80 82 93 81 76 71 80 93 86 101 87 73 77 84 84 84 89 87 93 105 90 96 104 110 126 132 133 135
148 148 147 143 139 139 134 132 128 123 125 116 115 121 113 105 98 110 108 103 96 98 106 107 107 120 126 126 119 112 102 94 92 87 82 81 85 89 89 84 86 97 104 110 105 97 95 93 92 91 85 86 97 96 84 78 96 88 83 73 80 82 72 77 75 81 88 74 68 70 79 82 85 88 86 93 88 83 84 85 83 97 108 117 127
147 146 145 143 138 136 137 135 127 125 125 122 115 115 114 109 106 106 103 103 110 113 114 114 108 107 113 116 126 123 114 110 107 103 91 87 79 73 80 76 81 87 95 93 87 87 87 91 94 93 89 88 89 98 85 84 81 93 95 84 78 81 79 74 70 71 80 77 59 67 65 71 79 76 90 83 83 76 73 82 89 93 96 99 112
138 138 138 139 138 137 136 138 135 133 129 126 121 118 112 105 98 100 110 108 113 108 107 117 117 118 120 121 124 122 118 120 125 122 115 110 88 88 86 84 83 85 85 94 95 93 97 94 93 101 102 101 104 102 99 102 99 91 95 93 95 89 86 82 79 77 68 66 69 69 73 75 76 77 80 83 83 80 76 82 89 90 96 89 99
110 112 118 120 126 131 136 138 139 135 134 133 130 127 121 112 106 110 107 106 112 115 115 122 121 116 113 111 113 114 115 113 121 128 124 129 124 119 112 113 108 108 101 102 97 103 109 114 112 114 112 108 104 100 112 108 104 105 100 106 100 95 93 87 79 75 77 76 75 73 71 74 85 85 76 81 89 94 101 94 80 81 92 97 106
85 77 83 104 106 112 118 129 126 119 118 130 131 130 127 125 122 116 117 119 119 119 118 121 113 111 109 109 104 105 121 119 130 122 124 120 116 119 118 120 115 110 106 99 101 115 115 118 124 120 110 102 108 109 104 118 118 119 122 108 101 99 96 91 86 85 86 78 79 81 76 76 77 81 74 73 78 74 75 91 90 75 77 76 87
77 70 67 73 58 58 74 103 103 81 82 93 104 99 116 128 127 125 123 116 119 119 115 121 120 117 115 120 113 114 120 124 130 120 116 119 119 118 115 115 125 123 122 121 121 122 125 129 126 120 120 115 118 114 107 113 116 109 107 107 106 104 100 94 97 88 83 73 83 86 77 77 75 78 69 71 74 79 77 87 81 77 77 89 98
101 103 98 90 85 82 83 93 106 84 69 76 78 83 93 96 102 106 121 127 125 122 119 119 120 118 119 122 121 114 114 118 124 -9999 127 119 123 121 124 117 119 120 115 120 121 127 118 114 113 116 113 111 104 110 113 109 105 101 97 100 104 109 103 96 99 96 94 96 90 81 74 72 76 82 84 78 76 79 78 79 74 59 70 72 84
89 99 95 98 99 105 99 104 104 105 103 102 101 97 92 96 99 99 110 109 122 126 130 128 123 119 120 117 114 117 123 117 118 125 120 119 118 116 116 118 119 117 110 115 116 122 122 114 103 100 112 109 111 107 106 101 97 102 104 108 111 98 99 99 94 91 87 90 89 86 89 77 76 75 79 77 76 75 78 75 70 71 77 80 81
92 95 101 104 102 103 103 106 109 -9999 113 114 115 113 103 101 114 105 102 96 104 116 124 126 129 127 124 119 120 114 116 121 107 102 111 113 112 111 115 114 120 124 124 125 126 131 128 121 125 125 126 123 108 102 100 99 97 99 104 104 96 102 104 103 98 98 95 96 99 98 88 84 82 86 90 78 77 74 78 79 64 62 68 72 82
84 97 103 105 106 108 108 114 117 119 120 120 122 119 112 109 113 106 90 85 85 105 112 116 119 121 120 120 118 112 110 120 115 120 119 116 111 93 96 99 104 109 116 124 127 120 118 122 123 125 118 108 96 92 98 93 89 90 95 98 105 103 93 95 92 98 105 101 95 94 88 88 88 84 81 91 90 80 73 87 79 76 61 63 81
77 85 89 98 104 106 108 -9999 116 121 123 120 112 97 62 60 93 76 86 91 87 74 70 87 98 100 103 113 112 119 121 119 122 122 116 112 102 105 96 89 94 95 106 110 116 126 123 120 118 111 106 104 98 90 88 94 94 92 90 90 99 93 97 84 95 106 103 95 92 90 92 93 89 82 79 76 88 82 85 76 95 90 69 66 73
69 78 85 96 100 104 106 110 114 121 119 111 84 81 60 15 42 49 62 65 62 48 77 88 74 68 74 91 96 108 102 105 108 103 102 109 102 104 106 101 96 98 97 98 102 110 125 120 125 117 117 115 104 96 94 91 87 87 96 101 111 108 105 106 110 102 99 98 100 100 92 93 88 82 80 71 79 81 74 65 68 84 102 74 78
78 78 80 89 78 -9999 89 96 98 104 105 108 106 98 84 72 58 36 38 39 33 55 46 57 78 81 83 85 97 88 92 99 101 103 97 97 94 92 95 98 96 102 100 99 96 102 111 116 116 112 112 112 105 100 96 87 86 79 77 86 86 93 102 107 109 102 102 107 94 98 86 86 98 95 82 69 77 84 81 72 73 64 84 81 103
37 44 41 50 60 73 72 78 79 85 88 86 82 86 86 79 77 67 66 69 67 76 65 54 44 35 58 59 76 85 77 78 100 95 99 89 85 88 78 79 85 95 98 94 88 100 100 112 113 111 113 114 111 104 98 89 93 87 82 87 78 83 80 83 91 96 91 90 91 89 90 91 -9999 103 87 83 82 78 93 86 71 81 83 82 91
35 51 36 43 53 57 59 60 62 65 69 69 70 69 67 68 69 66 63 59 62 64 59 39 22 31 18 15 28 30 51 49 75 73 81 93 -9999 85 72 74 76 91 86 100 88 92 100 110 106 104 114 110 109 105 96 82 85 91 91 92 84 94 83 88 84 79 79 77 76 76 80 90 92 102 108 95 85 82 96 88 79 78 92 89 108
47 -9999 46 44 -9999 39 38 48 50 53 55 61 65 63 63 58 55 58 56 53 48 49 53 52 51 45 41 43 26 -2 6 9 34 49 61 53 65 97 93 92 90 81 89 98 90 104 95 101 101 95 109 110 97 102 100 90 84 80 85 -9999 93 88 88 83 78 76 80 76 74 74 76 81 88 93 110 100 89 94 101 87 91 99 99 93 101
-9999 -9999 -9999 -9999 -9999 33 -9999 47 48 49 45 43 54 55 50 49 45 46 42 37 17 34 35 39 37 36 34 34 40 36 31 28 17 30 41 43 63 73 76 90 91 96 94 93 88 88 98 91 102 102 105 110 91 101 91 95 93 88 86 95 89 85 88 86 79 76 75 75 78 78 86 85 86 99 114 108 98 116 94 103 111 101 99 104 101
-9999 -9999 -9999 -9999 -9999 -9999 -9999 -9999 69 70 62 47 45 46 42 30 29 24 23 22 16 5 27 30 29 29 23 12 10 -8 19 35 31 45 33 20 35 52 62 71 64 64 28 -3 -31 46 28 30 79 83 87 99 99 99 97 93 90 95 90 83 92 87 82 80 82 75 69 63 65 68 76 91 98 100 112 111 112 111 115 107 104 111 106 107 100
-9999 -9999 -9999 -9999 36 34 39 -9999 -9999 -9999 72 -9999 42 38 38 41 33 28 26 21 13 6 2 6 -2 4 16 12 19 28 32 32 26 35 36 18 40 47 50 35 32 -19 -45 -77 -69 -31 -67 0 33 67 77 87 91 90 100 95 90 90 88 96 88 94 90 78 80 71 69 72 70 75 81 93 99 105 118 126 116 115 121 110 107 118 112 117 112
-9999 -9999 -9999 -9999 -9999 -9999 -9999 -9999 -9999 -9999 -9999 -9999 -9999 -9999 -9999 -9999 48 48 -9999 -9999 -9999 -9999 24 9 -1 14 21 13 9 6 13 10 15 19 21 26 25 27 21 5 -30 -63 -79 -84 -90 -84 -77 -48 -2 37 55 62 77 85 -9999 88 -9999 92 88 95 102 -9999 94 92 82 74 73 78 73 71 80 84 94 99 109 131 133 126 127 123 120 124 117 120 116
39 43 -9999 -9999 -9999 -9999 -9999 -9999 -9999 -9999 -9999 -9999 -9999 -9999 -9999 -9999 -9999 -9999 -9999 -9999 -9999 -9999 -9999 -9999 -9999 -9999 40 34 28 27 32 33 -9999 12 18 9 9 2 -1 6 -66 -72 -69 -84 -86 -84 -86 -82 -45 -4 1 28 60 69 82 90 93 85 83 80 94 91 100 95 91 81 77 73 73 69 67 62 88 90 102 117 126 125 127 128 121 126 122 123 118
-9999 -9999 -9999 -9999 -9999 -9999 -9999 -9999 -9999 -9999 -9999 -9999 -9999 -9999 -9999 -9999 -9999 -9999 -9999 -9999 -9999 -9999 -9999 -9999 -9999 -9999 -9999 -9999 -9999 -9999 -9999 -9999 -9999 42 35 19 21 12 -0 3 -45 -60 -64 -70 -82 -70 -66 -50 -65 -51 -30 28 44 56 62 73 -9999 81 81 76 81 77 80 82 91 75 75 73 76 71 65 41 2 78 103 107 111 112 114 123 121 123 125 126 126
-9999 -9999 -9999 -9999 -9999 -9999 -9999 -9999 -9999 -9999 -9999 -9999 -9999 -9999 -9999 -9999 -9999 -9999 -9999 -9999 -9999 -9999 -9999 -9999 -9999 -9999 -9999 -9999 -9999 -9999 -9999 -9999 -9999 -9999 45 43 30 20 28 -15 -62 -57 -9999 -73 -9999 -68 -52 -38 -33 -36 -17 17 29 45 51 60 65 65 65 67 70 72 70 65 71 77 75 75 77 69 69 35 19 63 87 105 90 105 110 111 121 124 119 113 108
-9999 -9999 -9999 -9999 -9999 -9999 -9999 -9999 -9999 -9999 -9999 -9999 -9999 -9999 -9999 -9999 -9999 -9999 -9999 -9999 -9999 -9999 -9999 -9999 -9999 -9999 -9999 -9999 -9999 -9999 -9999 -9999 -9999 -9999 -9999 -9999 -9999 -9999 41 25 -54 -84 -56 -9999 -40 -31 -26 -39 -53 -43 -9999 12 27 29 -9999 -9999 49 48 48 53 56 60 59 70 61 78 77 73 79 79 76 65 55 73 89 84 89 94 99 104 112 119 113 107 106
-9999 -9999 -9999 -9999 -9999 -9999 -9999 -9999 -9999 -9999 -9999 -9999 -9999 -9999 -9999 -9999 -9999 -9999 -9999 -9999 -9999 -9999 -9999 -9999 -9999 -9999 -9999 -9999 -9999 -9999 -9999 -9999 -9999 -9999 -9999 -9999 -9999 -9999 -9999 -9999 13 -52 -57 -9999 -9999 -9999 -11 -9999 6 11 -9999 30 24 36 -9999 -9999 -9999 -9999 40 36 43 48 53 58 59 68 85 82 86 80 85 91 83 79 77 78 82 86 91 98 106 92 115 102 100
-9999 -9999 -9999 -9999 -9999 -9999 -9999 -9999 -9999 -9999 -9999 -9999 -9999 -9999 -9999 -9999 -9999 -9999 -9999 -9999 -9999 -9999 -9999 -9999 -9999 -9999 -9999 -9999 -9999 -9999 -9999 -9999 -9999 -9999 -9999 -9999 -9999 -9999 -9999 -9999 -9999 -9999 -19 -39 3 22 42 -9999 36 25 27 -9999 45 28 33 34 32 31 30 29 33 38 44 52 56 70 75 88 95 79 84 98 88 79 78 77 86 86 87 87 89 96 89 110 107
-9999 -9999 -9999 -9999 -9999 -9999 -9999 -9999 -9999 -9999 -9999 -9999 -9999 -9999 -9999 -9999 -9999 -9999 -9999 -9999 -9999 -9999 -9999 -9999 -9999 -9999 -9999 -9999 -9999 -9999 -9999 -9999 -9999 -9999 -9999 -9999 -9999 -9999 -9999 -9999 -9999 -9999 -9999 -9999 49 47 46 -9999 -9999 -9999 28 -9999 78 55 26 -9999 20 24 -9999 21 25 30 33 41 49 65 75 85 98 95 89 88 81 71 80 80 79 86 86 87 84 86 94 98 96
-9999 -9999 -9999 -9999 -9999 -9999 -9999 -9999 -9999 -9999 -9999 -9999 -9999 -9999 -9999 -9999 -9999 -9999 -9999 -9999 -9999 -9999 -9999 -9999 -9999 -9999 -9999 -9999 -9999 -9999 -9999 -9999 -9999 -9999 -9999 -9999 -9999 -9999 -9999 -9999 -9999 -9999 -9999 -9999 -9999 -9999 45 39 44 -9999 47 -9999 66 32 47 -9999 32 24 13 9 15 -9999 24 31 46 59 64 75 83 90 96 91 84 75 82 80 90 90 95 91 90 85 83 83 84
