resultados/variables_norteamerica/bio8.asc
ncols 469
nrows 225
xllcorner -169.133333
yllcorner 20.675000
cellsize 0.249840
NODATA_value -9999
[rows 114 to 151 of 225, columns 170 to 254 of 469]
-9999 -9999 -9999 -9999 -9999 -9999 -9999 -9999 48 45 -9999 -9999 -9999 -9999 -9999 -9999 -9999 47 28 5 6 -30 -52 -57 -62 -61 -47 -39 -23 -31 -39 -35 -45 -29 -34 -27 -39 -26 -30 -31 -24 -32 -48 -47 -39 -46 -51 -59 -19 118 -28 -53 -38 13 67 116 136 142 149 155 157 161 164 164 165 167 168 151 141 146 154 162 166 166 165 163 164 165 167 171 169 168 167 168 170
-9999 -9999 -9999 -9999 -9999 -9999 -9999 -9999 51 40 26 17 20 25 -9999 -9999 50 50 43 16 -8 -31 -54 -58 -57 -55 -41 -22 -20 -19 -15 -23 -28 -19 -30 -21 -22 -19 -23 -18 -17 -30 -31 -35 -50 -45 -49 -49 -28 -9999 38 -53 -52 3 50 63 127 140 148 154 158 159 161 163 166 169 167 148 141 147 157 158 152 163 165 167 167 167 170 174 177 178 178 178 178
-9999 -9999 -9999 -9999 -9999 -9999 -9999 -9999 -9999 42 27 8 0 -12 8 44 -9999 52 47 32 -0 -18 -39 -32 -44 -35 -25 -30 -22 -18 -16 -16 -19 -18 -17 -14 -11 -10 -16 -9 -26 -28 -30 -35 -31 -52 -44 -41 44 83 37 -44 -59 1 50 49 120 142 150 152 154 157 163 165 165 163 166 165 163 161 166 163 158 164 167 170 167 167 171 -9999 175 177 175 177 176
-9999 -9999 -9999 -9999 -9999 -9999 -9999 -9999 -9999 47 37 23 13 11 33 47 -9999 -9999 45 33 -7 -30 -45 -48 -24 -25 -34 -22 -19 -10 -9 -11 -15 -17 -16 -13 -9 -8 -13 -8 -14 -17 -24 -37 -39 -40 -40 -27 94 111 40 -46 -57 -1 45 61 126 140 149 152 155 157 160 131 120 156 160 159 159 158 166 171 172 172 174 175 169 168 171 171 173 177 174 173 175
-9999 -9999 -9999 -9999 -9999 -9999 -9999 -9999 -9999 -9999 48 37 34 40 49 -9999 -9999 48 43 18 -6 -19 -25 -33 -43 -32 -12 -15 -8 -3 -5 -7 -8 -9 -8 -6 -6 -7 -9 -12 -15 -23 -28 -33 -40 -43 -37 -31 27 83 45 -60 -45 23 52 48 80 136 145 150 155 148 144 130 128 150 150 152 148 145 152 166 169 170 176 174 169 169 171 172 173 174 172 171 171
-9999 -9999 -9999 -9999 -9999 -9999 -9999 -9999 -9999 -9999 55 50 48 45 45 47 46 43 30 -3 -18 -29 -32 -25 -19 -29 -8 -4 -1 1 0 -1 -2 -1 1 2 0 -3 -7 -14 -20 -23 -38 -39 -46 -50 -54 22 53 50 31 -53 -30 50 76 61 68 108 149 132 131 132 115 114 109 133 144 147 144 137 149 160 166 170 176 177 171 167 168 169 172 174 171 167 167
-9999 -9999 -9999 -9999 -9999 -9999 -9999 -9999 -9999 -9999 -9999 50 46 44 47 44 37 32 12 -28 -22 -34 -27 -21 -14 -18 -3 4 6 6 4 4 4 8 9 10 10 3 -4 -9 -13 -21 -23 -26 -35 -45 -32 -5 57 64 99 78 83 76 88 83 81 127 145 132 111 127 119 101 95 113 124 140 119 107 134 151 163 167 174 178 173 174 171 171 171 172 172 172 176
-9999 -9999 -9999 -9999 -9999 -9999 -9999 -9999 -9999 -9999 -9999 48 43 39 45 46 37 27 18 5 -17 -31 -28 -9 1 -5 -9 8 17 15 13 12 13 16 19 18 12 8 0 5 0 -5 -17 -31 -39 -46 -1 29 57 32 118 63 58 95 106 120 120 117 144 143 143 102 128 112 118 124 133 142 143 142 152 162 167 167 143 133 142 166 173 173 171 173 179 182 179
-9999 -9999 -9999 -9999 -9999 -9999 -9999 -9999 -9999 -9999 -9999 -9999 -9999 38 42 45 32 11 1 -6 -26 -23 -22 -4 6 12 16 8 12 22 23 20 19 19 13 -6 -21 2 40 2 15 56 21 -23 -37 -41 -24 13 49 63 94 45 62 67 50 126 97 97 121 89 149 124 113 122 106 106 134 145 153 158 163 162 140 118 119 124 128 130 130 129 130 131 141 150 148
-9999 -9999 -9999 -9999 -9999 -9999 -9999 -9999 -9999 -9999 -9999 57 42 43 43 44 33 24 15 -5 -11 -6 -9 -20 -8 -2 9 19 20 18 22 22 26 24 -13 -34 -29 -16 38 37 74 102 98 19 -26 -19 4 69 42 62 76 46 47 49 87 120 112 96 121 140 153 117 83 85 97 43 123 126 123 125 122 118 122 124 127 127 129 121 119 122 125 126 128 129 127
-9999 -9999 -9999 -9999 -9999 -9999 -9999 -9999 -9999 -9999 -9999 54 41 40 38 50 46 28 18 15 13 5 4 5 -9999 -9999 24 30 29 28 25 19 17 3 -28 -25 -23 -30 -29 87 88 101 20 -23 -48 -50 -59 35 51 58 63 50 75 95 88 104 98 130 125 131 137 119 83 68 97 91 102 109 106 108 114 120 128 125 125 126 129 119 113 114 122 126 124 124 123
-9999 -9999 -9999 -9999 -9999 -9999 -9999 -9999 -9999 -9999 -9999 52 37 39 48 50 53 47 25 6 9 14 17 15 18 24 26 26 23 18 15 22 3 -13 -15 -19 -30 -9 -25 34 39 43 -39 -50 -61 -51 -47 -47 30 53 60 56 104 80 63 108 126 136 42 81 82 82 66 64 83 61 64 90 106 113 117 124 117 120 129 132 126 119 113 113 112 125 120 118 121
-9999 -9999 -9999 -9999 -9999 -9999 -9999 -9999 -9999 -9999 -9999 52 38 45 49 51 53 44 18 -4 -11 8 12 10 15 11 15 14 7 -9 -11 -19 -21 -14 -6 -16 -60 -38 -47 -40 -50 -27 -49 -65 -45 -78 -68 -30 51 68 65 90 83 89 96 122 143 112 105 89 49 39 33 81 56 24 17 31 78 97 114 114 90 100 114 127 120 116 103 111 122 120 121 118 122
-9999 -9999 -9999 -9999 -9999 -9999 -9999 -9999 -9999 -9999 -9999 48 46 50 51 52 45 20 12 -1 3 9 14 7 14 8 -4 -9 -10 -17 -17 -25 -40 -49 -26 -15 -48 -65 -53 -34 -56 -46 -65 -62 -67 -80 -73 -36 -8 53 72 124 96 99 121 121 111 112 82 51 20 -13 11 59 62 52 32 9 -2 54 116 112 96 101 81 68 105 111 107 119 119 122 120 121 127
-9999 -9999 -9999 -9999 -9999 -9999 -9999 -9999 -9999 -9999 -9999 51 41 50 52 50 37 19 5 -14 1 16 19 9 10 15 5 5 4 -1 -10 -34 -49 -53 -43 2 -21 -30 -23 -47 -38 -50 -48 -64 -77 -84 -74 -64 5 43 118 77 111 95 92 110 107 72 43 -42 -62 -99 -84 -37 25 66 45 21 43 79 113 137 137 126 97 30 35 78 114 114 113 119 122 118 120
-9999 -9999 -9999 -9999 -9999 -9999 -9999 -9999 -9999 -9999 70 55 44 50 55 51 29 14 -1 -17 -1 13 9 -7 -18 -8 -18 -11 -2 -12 -23 -28 -41 -40 -38 -38 -34 -35 -40 -34 -25 -46 -52 -65 -79 -82 -88 -88 -71 85 125 112 66 106 78 98 90 87 32 -80 -91 -89 -99 -99 -64 55 22 24 35 69 104 122 127 124 126 103 36 17 59 106 113 117 119 114 115
-9999 -9999 -9999 -9999 -9999 -9999 -9999 -9999 -9999 -9999 63 56 45 53 52 45 28 11 -3 -19 -1 10 8 1 -14 -27 -23 -26 -14 -24 -21 -41 -52 -51 -40 -30 -26 -19 -19 -21 -29 -38 -52 -59 -73 -84 -86 -89 -75 43 87 81 96 90 96 71 123 107 78 -43 -76 -81 -97 -103 -99 -59 13 14 35 47 83 104 114 125 129 122 90 22 17 87 114 116 116 110 110
-9999 -9999 -9999 -9999 -9999 -9999 -9999 -9999 -9999 -9999 67 58 51 54 54 45 30 13 -4 -29 -18 7 8 -2 -14 -16 -13 -19 -31 -35 -40 -43 -45 -39 -35 -22 -19 -9 -9 -9 -18 -25 -38 -52 -60 -77 -92 -91 -95 -46 49 74 54 112 80 104 112 111 102 91 2 -42 -74 -97 -97 -97 -11 7 9 23 73 92 110 123 130 125 116 80 42 86 113 115 115 108 109
-9999 -9999 -9999 -9999 -9999 -9999 -9999 -9999 -9999 -9999 70 57 53 51 47 36 23 8 -9999 -16 -8 -19 -12 -11 -13 -17 -14 -26 -32 -32 -37 -42 -25 -22 -23 -18 -9 -7 -3 -3 -2 -12 -37 -44 -51 -70 -87 -90 -93 -89 -71 -8 102 87 97 109 111 111 110 105 86 44 -12 -99 -88 -91 -22 10 13 2 38 84 111 124 129 125 115 101 64 98 112 118 114 107 109
-9999 -9999 -9999 -9999 -9999 -9999 -9999 -9999 -9999 -9999 66 58 58 54 36 22 13 -1 -21 -15 -8 -15 -11 -11 -11 -12 -13 -17 -19 -24 -22 -21 -27 -20 -22 -23 -19 -7 -2 -9999 4 4 -12 -24 -53 -58 -73 -75 -78 -68 -67 -69 -22 90 107 108 104 109 113 102 79 22 -49 -55 -96 -93 -4 31 59 52 64 80 92 111 103 104 96 74 72 106 113 115 109 108 112
-9999 -9999 -9999 -9999 -9999 -9999 -9999 -9999 -9999 79 68 52 54 58 41 23 11 -6 -21 -19 -21 -18 -2 -0 -0 -6 -12 -14 -10 -10 -11 -12 -15 -16 -24 -18 16 13 -14 -12 29 9 3 -8 -31 -47 -53 -51 -49 -43 -48 -45 -47 46 105 110 115 117 107 85 76 22 -36 -59 -92 -96 17 -16 -2 73 98 105 117 128 122 113 104 80 94 106 111 113 105 109 115
-9999 -9999 -9999 -9999 -9999 -9999 -9999 -9999 -9999 75 68 50 52 55 38 25 7 -11 -20 -14 -15 -19 -7 -3 -4 -1 53 17 -9 -12 -11 -6 -17 -18 -11 58 12 -14 -17 -35 5 106 26 7 1 -10 -17 -21 -24 -30 -32 -33 -33 76 108 116 109 107 88 83 79 21 28 -83 -92 -24 95 42 -22 15 82 111 121 127 123 115 106 101 106 107 110 110 106 108 111
-9999 -9999 -9999 -9999 -9999 -9999 -9999 -9999 -9999 64 51 40 42 38 28 24 18 -8 -15 -11 -13 -19 -13 -8 2 -1 55 95 93 71 4 -15 -19 44 57 123 97 -11 -19 -28 -26 -12 9 7 2 2 1 1 -7 -15 -20 -21 45 116 116 110 62 78 69 89 82 9 31 -80 -78 90 108 110 54 2 21 93 117 118 104 103 94 90 100 107 113 104 113 110 114
-9999 -9999 -9999 -9999 -9999 -9999 -9999 -9999 -9999 64 52 35 44 38 37 40 21 -9 -5 -10 -13 -12 -13 -24 -8 -9999 8 68 85 105 91 -13 61 111 119 117 78 -11 -17 -26 -28 -30 -21 -12 -10 -10 -6 -3 1 -5 16 82 119 121 107 72 48 56 67 87 50 -0 6 -61 -29 105 117 117 88 59 33 55 88 98 96 100 100 102 107 107 110 86 74 77 99
-9999 -9999 -9999 -9999 -9999 -9999 -9999 -9999 -9999 64 50 37 39 38 35 34 10 -11 -10 -6 -8 -11 -9 -12 -13 -11 -10 3 50 65 102 37 100 86 41 58 -18 -17 -18 -18 -19 -25 -29 -22 -19 -21 -19 63 107 55 78 97 77 137 93 88 70 55 55 68 16 73 67 25 4 97 119 121 113 80 78 76 83 88 89 85 93 93 104 101 86 88 83 71 83
-9999 -9999 -9999 -9999 -9999 -9999 -9999 -9999 -9999 78 58 38 29 12 16 0 9 5 -5 0 -2 -3 -5 -9 -6 -17 -9 -2 -9 -11 25 27 -4 -28 -24 35 -23 -24 -18 -16 -18 -23 -33 -31 -31 -30 -34 53 92 49 88 64 98 131 95 112 97 81 54 52 -38 83 77 62 57 79 119 131 128 95 78 84 93 96 98 96 97 100 96 101 88 91 92 97 124
-9999 -9999 -9999 -9999 -9999 -9999 -9999 -9999 -9999 -9999 65 36 24 27 16 13 23 -1 -7 -3 5 5 1 -4 -4 -10 -3 -11 -15 -21 6 -6 -13 -13 -18 -8 -27 -26 -18 -15 -16 -20 -34 -38 -45 -51 40 73 78 93 90 68 89 99 128 123 109 70 70 36 2 69 80 71 73 82 89 93 91 89 88 94 111 116 116 96 97 92 99 99 92 93 100 133 132
-9999 -9999 -9999 -9999 -9999 -9999 -9999 -9999 -9999 -9999 67 37 35 11 6 14 19 8 -12 -6 -8 7 1 -1 -1 -8 1 -9 -15 -17 -22 -13 -1 -1 -3 -8 -19 -15 -14 -14 -17 -20 -36 -34 -38 18 24 89 87 97 100 102 123 127 133 134 109 93 64 31 -3 44 76 71 85 93 97 100 98 95 98 126 140 138 142 106 87 82 90 94 70 62 119 135 127
-9999 -9999 -9999 -9999 -9999 -9999 -9999 -9999 -9999 -9999 68 49 42 27 7 8 -5 4 9 5 11 8 5 -4 1 -15 -9999 -13 -12 -8 -10 7 -4 -2 0 -5 -3 -6 -15 -18 -17 -23 -27 -28 8 60 79 89 98 99 116 135 140 137 140 -9999 -9999 93 73 16 -16 25 71 70 83 94 96 103 105 91 85 103 125 137 122 97 89 69 42 85 71 20 114 134 125
-9999 -9999 -9999 -9999 -9999 -9999 -9999 -9999 -9999 -9999 72 54 35 23 9 11 18 38 31 15 20 15 3 -8 -11 -15 -11 -3 -13 -7 9 10 -2 6 3 0 2 15 40 17 5 -19 -21 -15 54 67 58 80 82 103 113 139 145 144 138 -9999 -9999 -9999 95 31 28 28 21 14 3 35 71 95 -9999 85 64 81 94 95 98 99 87 44 9 10 54 74 108 123 119
-9999 -9999 -9999 -9999 -9999 -9999 -9999 -9999 -9999 -9999 79 48 46 33 29 36 46 72 62 13 11 2 -5 -12 -14 -12 -11 -7 -3 9 10 6 0 61 84 54 9 90 125 83 100 43 24 36 62 29 43 95 97 104 140 146 148 148 129 92 98 -9999 98 30 -14 -6 -65 -80 -91 -83 -57 -2 36 58 86 89 93 90 72 43 34 10 8 -5 34 72 69 77 115
-9999 -9999 -9999 -9999 -9999 -9999 -9999 -9999 -9999 86 76 53 38 34 35 38 72 85 80 30 -1 -8 -9 -11 -10 -2 -1 14 13 7 0 -3 59 112 105 65 58 97 101 100 108 73 59 66 24 34 57 48 94 85 143 149 149 149 108 92 58 57 69 24 -46 -49 -68 -64 -31 23 69 66 98 104 79 71 66 59 47 44 44 9 -28 -14 85 105 63 -6 59
-9999 -9999 -9999 -9999 -9999 -9999 -9999 -9999 -9999 75 68 64 42 36 30 59 80 84 85 50 7 -1 -7 -11 -5 -9999 5 18 9 9 6 25 98 115 121 84 68 80 84 57 88 63 59 66 41 56 49 60 70 96 126 140 149 150 130 91 59 54 67 78 -35 -60 -65 61 111 136 149 152 152 152 109 83 93 49 36 41 32 8 7 68 107 64 34 6 65
-9999 -9999 -9999 -9999 -9999 -9999 -9999 -9999 -9999 -9999 -9999 64 56 46 24 34 78 85 86 67 21 9 9 2 -7 -8 10 1 -9999 8 4 84 141 137 126 116 86 75 70 65 60 67 61 60 48 48 52 65 63 80 110 101 148 141 134 90 58 66 72 73 -17 -58 -66 63 117 137 150 160 161 158 154 147 68 54 45 35 10 -22 34 119 112 131 89 41 27
-9999 -9999 -9999 -9999 -9999 -9999 -9999 -9999 -9999 -9999 -9999 65 55 56 43 40 74 81 83 81 61 30 15 8 2 -1 -7 4 3 5 23 141 147 140 143 123 77 68 60 61 54 45 65 57 51 54 47 86 53 87 43 99 122 98 81 83 78 69 60 15 -41 -65 -4 86 136 140 147 156 154 152 145 122 46 45 35 17 -7 -23 110 132 115 54 32 -25 62
-9999 -9999 -9999 -9999 -9999 -9999 -9999 -9999 -9999 -9999 -9999 75 66 59 47 42 70 80 82 82 81 58 38 28 -2 -13 -17 8 -1 5 76 148 148 118 125 88 63 63 54 53 60 64 55 56 57 47 51 89 73 64 86 105 88 83 79 92 93 83 82 5 30 -52 86 154 155 148 152 139 141 135 125 103 49 53 58 103 116 104 133 121 71 57 53 -7 61
-9999 -9999 -9999 -9999 -9999 -9999 -9999 -9999 -9999 -9999 -9999 83 78 70 65 51 64 78 80 82 84 73 54 45 6 -18 -19 -4 3 9 109 146 145 139 124 76 61 57 49 64 40 57 53 59 43 48 41 49 34 35 74 84 92 68 88 94 94 58 71 30 27 45 169 191 175 167 164 151 141 155 168 168 136 150 111 67 122 116 117 106 61 75 41 109 104
-9999 -9999 -9999 -9999 -9999 -9999 -9999 -9999 -9999 -9999 -9999 -9999 80 74 69 62 63 73 80 83 88 85 72 63 28 -9 -9999 3 -6 2 101 139 139 130 122 104 57 32 74 35 41 37 57 61 51 42 50 38 58 34 101 92 71 82 -9999 93 96 74 37 101 65 143 196 198 191 177 175 161 167 182 171 159 176 135 24 -5 107 116 2 44 39 93 102 126 125
