resultados/variables_norteamerica/bio8.asc
ncols 469
nrows 225
xllcorner -169.133333
yllcorner 20.675000
cellsize 0.249840
NODATA_value -9999
[rows 152 to 189 of 225, columns 170 to 254 of 469]
-9999 -9999 -9999 -9999 -9999 -9999 -9999 -9999 -9999 -9999 -9999 -9999 -9999 80 80 68 68 73 80 83 87 89 81 72 49 6 -12 0 -6 2 10 -9999 146 150 143 107 50 9 50 35 19 46 59 62 73 54 61 28 86 37 114 92 99 106 85 87 86 35 91 145 134 185 198 187 192 185 187 184 184 182 162 143 150 162 150 153 140 103 55 75 93 89 130 118 125
-9999 -9999 -9999 -9999 -9999 -9999 -9999 -9999 -9999 -9999 -9999 -9999 -9999 87 86 86 79 80 82 82 83 88 83 72 59 16 -8 -15 -11 -24 -14 -12 113 136 146 154 152 154 107 70 90 60 49 65 67 45 69 58 145 151 123 180 157 137 84 63 31 82 116 125 130 193 211 211 203 183 184 178 186 142 154 157 148 159 166 158 136 116 124 125 108 90 140 129 144
-9999 -9999 -9999 -9999 -9999 -9999 -9999 -9999 -9999 -9999 -9999 -9999 -9999 -9999 -9999 89 88 87 85 83 82 84 84 79 65 34 7 -17 -29 -28 -28 -28 -15 62 145 176 202 193 186 128 153 95 34 53 3 40 76 95 119 49 147 149 142 187 112 101 59 99 152 137 146 189 225 214 190 193 185 188 171 152 154 161 165 152 144 164 122 119 119 113 113 107 123 130 157
-9999 -9999 -9999 -9999 -9999 -9999 -9999 -9999 -9999 -9999 -9999 -9999 -9999 -9999 -9999 93 94 -9999 -9999 83 -9999 82 84 81 71 58 24 -3 -26 -33 -18 -21 -16 -6 116 199 205 204 205 197 114 29 28 -0 14 27 31 105 38 86 111 147 190 204 182 149 151 147 147 120 120 164 213 184 202 189 180 173 164 151 144 154 164 156 133 109 62 77 79 87 109 130 154 142 115
-9999 -9999 -9999 -9999 -9999 -9999 -9999 -9999 -9999 -9999 -9999 -9999 -9999 -9999 -9999 -9999 -9999 -9999 93 85 91 90 84 83 79 70 53 20 -13 -34 -22 -22 -7 -31 78 113 218 194 203 136 34 9 22 30 13 25 26 36 28 86 111 185 137 105 168 111 144 146 145 147 191 211 215 216 205 193 185 171 155 149 144 147 154 127 95 73 50 76 94 96 109 143 156 161 131
-9999 -9999 -9999 -9999 -9999 -9999 -9999 -9999 -9999 -9999 -9999 -9999 -9999 -9999 -9999 -9999 -9999 -9999 99 86 80 84 85 89 83 82 64 46 -1 -9 -26 -29 7 -17 25 59 98 94 62 28 32 27 22 27 26 35 31 24 23 16 9 9 3 7 -10 -16 149 142 178 172 194 222 229 218 204 199 183 174 177 175 163 150 151 140 106 113 78 95 60 37 102 132 154 160 135
-9999 -9999 -9999 -9999 -9999 -9999 -9999 -9999 -9999 -9999 -9999 -9999 -9999 -9999 -9999 -9999 -9999 94 99 93 78 79 83 84 82 81 77 71 45 26 -13 -47 -7 17 2 38 32 28 50 36 30 18 33 41 44 39 48 31 42 30 43 37 18 36 17 3 17 117 195 208 217 222 228 223 210 205 187 187 189 189 180 161 160 163 140 138 129 129 138 90 85 122 152 158 156
-9999 -9999 -9999 -9999 -9999 -9999 -9999 -9999 -9999 -9999 -9999 -9999 -9999 -9999 -9999 -9999 -9999 94 93 90 89 82 85 90 83 84 94 94 88 52 2 -32 -44 19 -9 41 58 53 44 60 44 38 57 48 47 62 60 62 62 65 72 58 75 59 40 21 27 26 159 231 251 257 242 223 221 204 194 194 187 183 185 176 163 163 157 149 144 151 154 135 104 116 146 157 152
-9999 -9999 -9999 -9999 -9999 -9999 -9999 -9999 -9999 -9999 -9999 -9999 -9999 -9999 -9999 -9999 -9999 -9999 -9999 103 95 89 82 94 99 100 99 99 98 91 58 10 -26 1 22 83 35 97 72 71 71 62 69 62 68 50 58 85 85 90 91 46 47 52 45 78 45 10 140 208 239 236 235 221 205 220 205 191 186 183 179 179 176 174 172 167 172 173 156 148 139 109 134 158 135
-9999 -9999 -9999 -9999 -9999 -9999 -9999 -9999 -9999 -9999 -9999 -9999 -9999 -9999 -9999 -9999 -9999 -9999 -9999 102 100 90 80 82 93 102 102 101 100 101 87 38 -30 -34 35 32 44 87 116 98 92 89 66 65 74 42 54 95 105 103 66 62 41 43 150 221 135 -16 100 224 205 213 213 214 206 201 215 211 204 202 190 190 180 193 197 197 194 178 161 159 158 124 150 168 132
-9999 -9999 -9999 -9999 -9999 -9999 -9999 -9999 -9999 -9999 -9999 -9999 -9999 -9999 -9999 -9999 -9999 -9999 -9999 84 79 99 95 71 73 100 105 103 101 104 103 58 -8 -12 28 34 61 75 67 119 84 95 80 20 30 86 118 96 103 98 96 66 116 191 213 233 228 97 48 213 213 222 222 217 210 201 193 206 219 194 165 207 215 210 204 195 187 181 165 154 171 172 185 175 141
-9999 -9999 -9999 -9999 -9999 -9999 -9999 -9999 -9999 -9999 -9999 -9999 -9999 -9999 -9999 -9999 -9999 -9999 -9999 -9999 77 86 96 89 79 94 106 105 103 105 107 86 30 4 30 58 42 103 53 127 77 95 86 77 50 89 103 112 108 108 117 192 215 243 205 204 207 202 155 210 230 237 224 219 212 207 201 208 213 184 174 175 213 210 204 197 189 182 174 128 132 161 200 157 107
-9999 -9999 -9999 -9999 -9999 -9999 -9999 -9999 -9999 -9999 -9999 -9999 -9999 -9999 -9999 -9999 -9999 -9999 -9999 -9999 -9999 89 92 97 88 86 101 105 104 106 109 92 48 33 42 84 72 97 90 108 123 114 91 80 78 87 100 109 107 111 215 231 242 234 190 200 204 197 181 179 223 245 225 220 218 210 197 200 201 177 177 190 203 199 198 191 188 195 192 158 144 181 199 133 118
-9999 -9999 -9999 -9999 -9999 -9999 -9999 -9999 -9999 -9999 -9999 -9999 -9999 -9999 -9999 -9999 -9999 -9999 -9999 -9999 -9999 -9999 97 95 96 90 89 100 103 105 110 92 59 56 61 87 84 93 93 88 99 110 115 84 99 125 78 107 105 166 269 241 228 213 200 191 200 197 184 176 207 240 236 230 224 209 209 209 197 180 189 192 186 177 183 183 191 185 205 210 204 216 201 171 160
-9999 -9999 -9999 -9999 -9999 -9999 -9999 -9999 -9999 -9999 -9999 -9999 -9999 -9999 -9999 -9999 -9999 -9999 -9999 -9999 -9999 -9999 -9999 109 99 87 85 84 100 109 116 112 72 57 86 92 89 84 86 88 103 130 264 128 85 122 92 106 119 135 236 246 223 207 203 200 206 186 169 148 168 214 234 235 226 214 219 217 208 200 193 183 171 163 182 182 153 181 213 213 218 199 196 186 181
-9999 -9999 -9999 -9999 -9999 -9999 -9999 -9999 -9999 -9999 -9999 -9999 -9999 -9999 -9999 -9999 -9999 -9999 -9999 -9999 -9999 -9999 -9999 -9999 115 104 86 84 86 103 108 100 52 70 91 83 87 100 92 106 113 216 311 247 169 127 183 142 131 103 185 234 239 211 197 207 213 208 193 170 171 193 218 230 231 228 227 222 214 201 195 188 179 171 166 188 195 209 219 223 219 183 196 185 183
-9999 -9999 -9999 -9999 -9999 -9999 -9999 -9999 -9999 -9999 -9999 -9999 -9999 -9999 -9999 -9999 -9999 -9999 -9999 -9999 -9999 -9999 -9999 -9999 114 112 94 68 67 55 44 69 75 89 89 81 86 96 96 96 110 174 284 248 216 299 293 197 140 122 139 240 217 225 201 207 222 226 240 222 181 176 199 211 217 220 225 220 210 205 197 186 177 171 177 170 194 205 217 224 216 182 198 193 189
-9999 -9999 -9999 -9999 -9999 -9999 -9999 -9999 -9999 -9999 -9999 -9999 -9999 -9999 -9999 -9999 -9999 -9999 -9999 -9999 -9999 -9999 -9999 -9999 114 114 109 91 73 70 64 84 92 82 81 81 82 87 83 83 92 108 285 319 320 293 298 231 133 136 118 188 188 257 246 224 206 218 232 250 198 176 178 186 195 202 210 210 208 205 194 184 180 172 174 171 190 201 215 224 208 192 199 198 197
-9999 -9999 -9999 -9999 -9999 -9999 -9999 -9999 -9999 -9999 -9999 -9999 -9999 -9999 -9999 -9999 -9999 -9999 -9999 -9999 -9999 -9999 -9999 -9999 -9999 -9999 -9999 -9999 -9999 116 120 114 114 95 63 56 55 74 42 44 81 127 267 292 320 324 323 288 144 147 137 193 254 277 259 232 229 223 248 239 228 211 189 174 180 186 192 183 181 186 173 174 169 168 162 165 180 197 213 222 206 198 200 193 196
-9999 -9999 -9999 -9999 -9999 -9999 -9999 -9999 -9999 -9999 -9999 -9999 -9999 -9999 -9999 -9999 -9999 -9999 -9999 -9999 -9999 -9999 -9999 -9999 -9999 -9999 -9999 -9999 -9999 -9999 -9999 120 130 142 138 127 127 121 86 43 91 87 146 281 306 315 321 318 184 169 294 302 284 278 272 268 255 200 214 190 182 223 208 205 201 200 187 161 136 153 150 154 152 152 165 172 174 182 202 221 214 210 206 200 198
-9999 -9999 -9999 -9999 -9999 -9999 -9999 -9999 -9999 -9999 -9999 -9999 -9999 -9999 -9999 -9999 -9999 -9999 -9999 -9999 -9999 -9999 -9999 -9999 -9999 -9999 -9999 -9999 -9999 -9999 -9999 -9999 -9999 -9999 139 133 115 115 115 81 109 130 105 176 289 325 320 320 271 310 311 305 292 281 281 286 225 129 125 112 108 136 198 238 223 217 204 171 139 142 148 165 157 166 167 165 159 197 217 229 227 205 213 203 195
-9999 -9999 -9999 -9999 -9999 -9999 -9999 -9999 -9999 -9999 -9999 -9999 -9999 -9999 -9999 -9999 -9999 -9999 -9999 -9999 -9999 -9999 -9999 -9999 -9999 -9999 -9999 -9999 -9999 -9999 -9999 -9999 -9999 -9999 -9999 130 117 112 114 82 71 110 146 149 280 300 323 325 318 313 304 309 307 304 301 303 297 265 199 205 146 117 198 253 240 221 205 191 175 162 174 174 149 153 160 165 179 204 235 232 229 224 225 188 184
-9999 -9999 -9999 -9999 -9999 -9999 -9999 -9999 -9999 -9999 -9999 -9999 -9999 -9999 -9999 -9999 -9999 -9999 -9999 -9999 -9999 -9999 -9999 -9999 -9999 -9999 -9999 -9999 -9999 -9999 -9999 -9999 -9999 -9999 -9999 -9999 -9999 128 113 80 79 133 146 -9999 180 297 314 316 317 311 302 306 312 310 313 314 310 305 307 308 298 220 253 248 268 262 230 203 205 200 199 180 146 166 169 164 203 233 235 219 220 243 229 168 174
-9999 -9999 -9999 -9999 -9999 -9999 -9999 -9999 -9999 -9999 -9999 -9999 -9999 -9999 -9999 -9999 -9999 -9999 -9999 -9999 -9999 -9999 -9999 -9999 -9999 -9999 -9999 -9999 -9999 -9999 -9999 -9999 -9999 -9999 -9999 -9999 -9999 131 124 106 78 114 145 150 136 256 292 301 303 314 313 321 322 323 322 321 311 305 309 306 300 271 288 282 265 241 266 239 226 235 205 205 206 182 172 163 213 236 234 219 235 248 239 175 164
-9999 -9999 -9999 -9999 -9999 -9999 -9999 -9999 -9999 -9999 -9999 -9999 -9999 -9999 -9999 -9999 -9999 -9999 -9999 -9999 -9999 -9999 -9999 -9999 -9999 -9999 -9999 -9999 -9999 -9999 -9999 -9999 -9999 -9999 -9999 -9999 -9999 136 135 116 73 93 135 148 150 290 289 287 294 305 321 325 325 324 323 321 309 298 303 307 305 296 275 275 263 240 232 249 261 240 235 219 217 198 193 190 219 237 234 233 230 249 248 166 167
-9999 -9999 -9999 -9999 -9999 -9999 -9999 -9999 -9999 -9999 -9999 -9999 -9999 -9999 -9999 -9999 -9999 -9999 -9999 -9999 -9999 -9999 -9999 -9999 -9999 -9999 -9999 -9999 -9999 -9999 -9999 -9999 -9999 -9999 -9999 -9999 -9999 -9999 133 121 98 84 93 138 139 202 263 240 290 296 309 318 319 320 318 313 297 293 301 302 300 297 277 249 271 228 236 222 256 247 240 238 212 214 225 219 229 231 235 238 227 250 249 219 194
-9999 -9999 -9999 -9999 -9999 -9999 -9999 -9999 -9999 -9999 -9999 -9999 -9999 -9999 -9999 -9999 -9999 -9999 -9999 -9999 -9999 -9999 -9999 -9999 -9999 -9999 -9999 -9999 -9999 -9999 -9999 -9999 -9999 -9999 -9999 -9999 -9999 -9999 -9999 115 109 81 66 118 138 182 177 141 242 285 286 301 309 313 310 308 297 294 297 295 290 292 288 258 246 250 231 240 239 255 239 241 236 231 238 241 243 239 238 245 232 251 246 228 233
-9999 -9999 -9999 -9999 -9999 -9999 -9999 -9999 -9999 -9999 -9999 -9999 -9999 -9999 -9999 -9999 -9999 -9999 -9999 -9999 -9999 -9999 -9999 -9999 -9999 -9999 -9999 -9999 -9999 -9999 -9999 -9999 -9999 -9999 -9999 -9999 -9999 -9999 -9999 121 109 92 68 93 136 218 272 241 277 281 280 279 284 301 304 297 294 295 289 276 272 276 279 275 247 250 235 244 231 217 242 237 240 239 241 248 246 246 245 251 253 254 241 228 231
-9999 -9999 -9999 -9999 -9999 -9999 -9999 -9999 -9999 -9999 -9999 -9999 -9999 -9999 -9999 -9999 -9999 -9999 -9999 -9999 -9999 -9999 -9999 -9999 -9999 -9999 -9999 -9999 -9999 -9999 -9999 -9999 -9999 -9999 -9999 -9999 -9999 -9999 -9999 -9999 121 100 81 77 119 182 272 -9999 -9999 276 277 275 271 277 294 294 293 294 288 278 253 255 261 235 233 242 238 238 230 190 226 227 237 238 240 248 255 252 252 255 255 258 245 232 239
-9999 -9999 -9999 -9999 -9999 -9999 -9999 -9999 -9999 -9999 -9999 -9999 -9999 -9999 -9999 -9999 -9999 -9999 -9999 -9999 -9999 -9999 -9999 -9999 -9999 -9999 -9999 -9999 -9999 -9999 -9999 -9999 -9999 -9999 -9999 -9999 -9999 -9999 -9999 -9999 116 104 88 88 93 189 263 -9999 -9999 272 272 271 267 269 274 287 285 285 274 273 253 245 245 229 223 233 238 240 235 226 219 213 234 237 247 250 256 258 257 258 257 261 256 242 236
-9999 -9999 -9999 -9999 -9999 -9999 -9999 -9999 -9999 -9999 -9999 -9999 -9999 -9999 -9999 -9999 -9999 -9999 -9999 -9999 -9999 -9999 -9999 -9999 -9999 -9999 -9999 -9999 -9999 -9999 -9999 -9999 -9999 -9999 -9999 -9999 -9999 -9999 -9999 -9999 -9999 120 112 96 92 168 251 -9999 -9999 -9999 -9999 -9999 -9999 -9999 267 288 283 278 276 269 260 252 236 232 225 225 232 233 242 247 232 214 234 236 249 245 255 256 261 260 259 251 257 256 240
-9999 -9999 -9999 -9999 -9999 -9999 -9999 -9999 -9999 -9999 -9999 -9999 -9999 -9999 -9999 -9999 -9999 -9999 -9999 -9999 -9999 -9999 -9999 -9999 -9999 -9999 -9999 -9999 -9999 -9999 -9999 -9999 -9999 -9999 -9999 -9999 -9999 -9999 -9999 -9999 -9999 127 118 104 60 146 234 -9999 -9999 -9999 -9999 -9999 -9999 -9999 270 290 286 284 283 280 266 264 238 233 235 225 223 231 250 259 221 217 237 242 247 242 247 255 257 261 254 247 242 244 250
-9999 -9999 -9999 -9999 -9999 -9999 -9999 -9999 -9999 -9999 -9999 -9999 -9999 -9999 -9999 -9999 -9999 -9999 -9999 -9999 -9999 -9999 -9999 -9999 -9999 -9999 -9999 -9999 -9999 -9999 -9999 -9999 -9999 -9999 -9999 -9999 -9999 -9999 -9999 -9999 -9999 -9999 -9999 116 82 104 236 253 -9999 -9999 -9999 -9999 -9999 -9999 270 290 290 289 287 290 285 274 261 255 231 237 237 232 246 262 248 227 237 239 240 230 242 254 257 257 258 251 242 234 233
-9999 -9999 -9999 -9999 -9999 -9999 -9999 -9999 -9999 -9999 -9999 -9999 -9999 -9999 -9999 -9999 -9999 -9999 -9999 -9999 -9999 -9999 -9999 -9999 -9999 -9999 -9999 -9999 -9999 -9999 -9999 -9999 -9999 -9999 -9999 -9999 -9999 -9999 -9999 -9999 -9999 -9999 -9999 134 114 98 200 247 -9999 -9999 -9999 -9999 -9999 -9999 -9999 289 286 290 287 289 285 277 270 254 241 243 252 237 241 254 239 234 209 215 234 231 235 250 250 253 254 245 240 240 236
-9999 -9999 -9999 -9999 -9999 -9999 -9999 -9999 -9999 -9999 -9999 -9999 -9999 -9999 -9999 -9999 -9999 -9999 -9999 -9999 -9999 -9999 -9999 -9999 -9999 -9999 -9999 -9999 -9999 -9999 -9999 -9999 -9999 -9999 -9999 -9999 -9999 -9999 -9999 -9999 -9999 -9999 -9999 142 127 121 120 224 -9999 -9999 -9999 -9999 -9999 -9999 -9999 286 282 281 281 277 276 275 269 258 252 251 249 253 244 266 241 238 196 201 225 233 241 245 242 246 247 240 237 235 241
-9999 -9999 -9999 -9999 -9999 -9999 -9999 -9999 -9999 -9999 -9999 -9999 -9999 -9999 -9999 -9999 -9999 -9999 -9999 -9999 -9999 -9999 -9999 -9999 -9999 -9999 -9999 -9999 -9999 -9999 -9999 -9999 -9999 -9999 -9999 -9999 -9999 -9999 -9999 -9999 -9999 -9999 -9999 147 141 132 125 135 -9999 -9999 -9999 -9999 -9999 -9999 -9999 285 277 274 272 266 260 267 273 264 251 270 255 271 248 279 245 214 205 191 205 215 238 237 235 233 227 236 237 241 243
-9999 -9999 -9999 -9999 -9999 -9999 -9999 -9999 -9999 -9999 -9999 -9999 -9999 -9999 -9999 -9999 -9999 -9999 -9999 -9999 -9999 -9999 -9999 -9999 -9999 -9999 -9999 -9999 -9999 -9999 -9999 -9999 -9999 -9999 -9999 -9999 -9999 -9999 -9999 -9999 -9999 -9999 -9999 -9999 145 135 129 126 131 146 -9999 -9999 -9999 -9999 -9999 -9999 287 282 278 267 271 270 278 276 274 266 262 271 275 274 257 217 202 179 193 194 214 217 221 226 221 222 231 239 244
-9999 -9999 -9999 -9999 -9999 -9999 -9999 -9999 -9999 -9999 -9999 -9999 -9999 -9999 -9999 -9999 -9999 -9999 -9999 -9999 -9999 -9999 -9999 -9999 -9999 -9999 -9999 -9999 -9999 -9999 -9999 -9999 -9999 -9999 -9999 -9999 -9999 -9999 -9999 -9999 -9999 -9999 -9999 -9999 -9999 144 142 135 120 136 140 -9999 -9999 -9999 -9999 -9999 -9999 291 290 291 289 286 288 292 291 285 278 275 290 274 273 252 200 185 175 187 191 203 207 192 209 223 236 241 235
