resultados/variables_norteamerica/bio9.asc
ncols 469
nrows 225
xllcorner -169.133333
yllcorner 20.675000
cellsize 0.249840
NODATA_value -9999
[rows 111 to 147 of 225, columns 168 to 251 of 469]
-9999 -9999 -9999 -9999 -9999 136 -9999 125 132 135 126 134 146 -9999 -9999 -9999 164 161 161 162 155 133 118 114 127 108 112 79 37 54 110 17 8 32 89 140 144 153 156 147 117 123 157 136 128 125 129 108 86 106 115 92 14 -18 -25 -56 -35 -48 -61 -68 -65 -63 -65 -68 -60 -24 -18 -42 -29 -24 -28 -26 -24 -23 -22 -26 -59 -87 -89 -90 -91 -92 -94 -95
-9999 -9999 -9999 -9999 -9999 -9999 -9999 -9999 -9999 133 135 136 138 147 156 -9999 -9999 156 158 151 134 114 119 117 132 109 103 101 105 104 152 126 77 97 124 146 170 164 152 145 136 131 127 156 133 136 128 -9999 70 87 110 116 86 12 -23 -16 -10 -27 -65 -66 -63 -61 -63 -70 -75 -76 -79 -87 -80 -51 -39 -41 -42 -26 -25 -59 -85 -87 -90 -93 -89 -92 -94 -100
-9999 -9999 -9999 -9999 -9999 -9999 -9999 -9999 -9999 -9999 133 137 131 136 -9999 -9999 150 -9999 -9999 154 141 144 137 131 110 108 114 145 128 145 183 152 139 146 137 155 172 168 152 158 148 133 141 145 145 140 137 -9999 125 116 113 120 133 101 62 34 -3 -11 -60 -61 -59 -59 -59 -64 -72 -75 -77 -78 -81 -82 -80 -74 -67 -61 -68 -89 -94 -99 -101 -101 -98 -101 -102 -107
-9999 -9999 -9999 -9999 -9999 -9999 -9999 -9999 -9999 -9999 135 145 -9999 -9999 -9999 -9999 -9999 -9999 -9999 157 146 134 146 121 109 116 119 134 163 169 186 173 159 162 150 171 166 172 155 166 157 151 154 147 132 135 149 142 138 126 110 23 107 127 121 106 27 -5 -43 -57 -57 -56 -58 -60 -64 -68 -69 -71 -73 -78 -77 -77 -74 -76 -81 -87 -92 -95 -97 -98 -96 -81 -98 -97
-9999 -9999 -9999 -9999 -9999 -9999 -9999 -9999 -9999 -9999 141 143 133 125 131 135 -9999 -9999 157 161 160 141 128 117 102 110 125 136 166 190 191 189 189 176 169 180 168 177 173 173 162 161 157 146 146 145 132 140 136 137 116 -9999 58 127 126 115 51 -18 -18 -53 -54 -53 -53 -55 -57 -59 -63 -64 -67 -72 -76 -74 -71 -74 -81 -84 -87 -89 -91 -92 -91 -89 -87 -85
-9999 -9999 -9999 -9999 -9999 -9999 -9999 -9999 -9999 -9999 -9999 144 134 114 107 94 119 161 -9999 165 165 154 134 128 117 143 140 165 184 181 190 192 189 181 175 177 179 182 183 179 167 170 148 146 145 143 151 129 141 123 73 41 71 138 119 118 47 -22 -33 -48 -49 -50 -49 -49 -48 -49 -52 -56 -60 -66 -68 -69 -68 -71 -75 -78 -76 -73 -75 -81 -83 -9999 -80 -80
-9999 -9999 -9999 -9999 -9999 -9999 -9999 -9999 -9999 -9999 -9999 144 142 132 123 122 152 167 -9999 -9999 163 153 126 114 108 118 170 177 173 191 194 201 196 185 177 173 174 178 181 177 167 171 162 158 152 140 141 143 144 137 46 29 64 139 113 120 48 -14 -39 -47 -46 -44 -42 -42 -41 -42 -46 -46 -54 -60 -64 -66 -63 -64 -66 -68 -65 -62 -65 -68 -76 -78 -77 -77
-9999 -9999 -9999 -9999 -9999 -9999 -9999 -9999 -9999 -9999 -9999 -9999 146 145 149 160 170 -9999 -9999 170 163 140 129 129 136 140 135 161 197 194 206 207 197 187 182 180 179 179 177 172 166 162 160 151 148 144 139 138 148 133 89 38 69 120 131 108 45 -3 -25 -39 -42 -39 -36 -40 -41 -40 -42 -41 -48 -54 -58 -61 -58 -54 -56 -59 -57 -54 -55 -62 -75 -76 -75 -76
-9999 -9999 -9999 -9999 -9999 -9999 -9999 -9999 -9999 -9999 -9999 -9999 146 150 159 163 166 167 166 164 150 124 119 118 126 150 170 161 195 203 207 206 199 193 189 187 186 183 175 169 162 155 152 150 134 136 132 128 125 97 56 62 78 119 125 72 3 -11 -11 -25 -35 -46 -46 -45 -56 -55 -58 -45 -41 -46 -52 -58 -52 -46 -48 -51 -51 -47 -57 -64 -69 -74 -74 -74
-9999 -9999 -9999 -9999 -9999 -9999 -9999 -9999 -9999 -9999 -9999 -9999 -9999 146 152 158 167 165 156 153 137 98 116 110 133 153 172 172 195 207 208 205 198 198 195 195 192 189 183 172 166 160 159 152 153 151 143 133 130 92 35 38 17 38 6 -15 -11 -17 -23 -30 -38 -50 -61 -50 -55 -66 -68 -57 -51 -46 -60 -68 -58 -47 -44 -46 -47 -49 -57 -51 -56 -68 -71 -73
-9999 -9999 -9999 -9999 -9999 -9999 -9999 -9999 -9999 -9999 -9999 -9999 -9999 141 146 150 164 168 158 149 147 142 124 114 130 169 191 184 177 202 213 209 205 203 202 201 199 196 186 181 173 182 177 172 159 144 137 131 122 66 51 69 21 -20 -29 -32 -40 -45 -43 -46 -48 -47 -45 -61 -53 -60 -56 -49 -45 -43 -50 -54 -47 -40 -36 -41 -45 -48 -54 -54 -55 -63 -66 -67
-9999 -9999 -9999 -9999 -9999 -9999 -9999 -9999 -9999 -9999 -9999 -9999 -9999 -9999 -9999 148 159 166 152 133 130 131 113 128 139 172 193 203 203 191 197 211 212 207 204 199 186 163 147 176 197 178 157 165 171 151 139 132 119 88 75 39 10 -41 -51 -60 -72 -58 -73 -73 -59 -67 -43 -54 -61 -56 -59 -55 -44 -40 -41 -42 -40 -37 -38 -44 -47 -49 -51 -53 -56 -59 -60 -61
-9999 -9999 -9999 -9999 -9999 -9999 -9999 -9999 -9999 -9999 -9999 -9999 -9999 143 141 155 162 166 154 150 148 133 139 158 159 144 166 177 190 200 201 199 205 205 208 204 156 132 139 156 176 157 155 164 178 155 140 134 128 119 88 35 -8 -55 -68 -74 -69 -62 -71 -74 -57 -47 -42 -52 -61 -55 -51 -63 -45 -41 -42 -41 -40 -38 -37 -43 -47 -48 -50 -57 -60 -58 -57 -58
-9999 -9999 -9999 -9999 -9999 -9999 -9999 -9999 -9999 -9999 -9999 -9999 -9999 139 139 151 157 180 171 153 150 159 171 173 176 178 -9999 -9999 209 213 211 209 204 195 192 174 139 144 148 142 138 172 161 169 140 129 128 125 113 130 104 13 -32 -67 -70 -66 -75 -73 -76 -56 -50 -42 -40 -48 -56 -60 -38 -39 -33 -33 -38 -40 -39 -36 -33 -39 -43 -44 -49 -58 -62 -59 -55 -55
-9999 -9999 -9999 -9999 -9999 -9999 -9999 -9999 -9999 -9999 -9999 -9999 -9999 136 135 151 176 181 183 174 155 143 160 180 192 189 195 206 205 201 194 188 185 194 172 156 154 152 143 140 139 151 154 156 121 115 112 121 119 107 104 1 -46 -70 -64 -85 -90 -71 -59 -49 -76 -52 -50 -51 -34 -46 -41 -50 -51 -41 -37 -39 -38 -35 -39 -38 -33 -35 -47 -56 -60 -59 -58 -54
-9999 -9999 -9999 -9999 -9999 -9999 -9999 -9999 -9999 -9999 -9999 -9999 -9999 138 139 162 176 182 181 169 145 126 128 168 180 181 187 179 182 178 168 152 152 145 146 156 166 148 108 109 127 140 120 139 118 105 130 98 112 116 118 6 -49 -56 -76 -87 -80 -63 -47 -63 -57 -53 7 48 36 -28 -20 -18 -45 -54 -46 -46 -44 -45 -57 -52 -42 -34 -44 -52 -59 -58 -55 -53
-9999 -9999 -9999 -9999 -9999 -9999 -9999 -9999 -9999 -9999 -9999 -9999 -9999 141 155 173 179 180 166 138 140 134 149 166 178 172 181 168 154 149 147 142 143 139 125 118 147 157 129 109 127 157 124 138 107 113 110 97 110 121 86 -17 -52 -47 -68 -82 -69 -66 -70 -71 -53 9 41 81 58 1 1 -4 -29 -51 -64 -58 -49 -53 -62 -59 -65 -70 -52 -51 -55 -54 -54 -50
-9999 -9999 -9999 -9999 -9999 -9999 -9999 -9999 -9999 -9999 -9999 -9999 -9999 149 154 175 179 175 155 142 137 122 149 174 182 171 173 177 164 165 164 159 150 130 117 117 133 163 170 163 178 143 160 137 135 115 101 96 114 118 80 -3 -48 -58 -59 -83 -82 -78 -82 -66 47 90 117 98 77 57 32 8 -12 -37 -60 -51 -48 -55 -60 -60 -65 -89 -86 -67 -52 -53 -55 -54
-9999 -9999 -9999 -9999 -9999 -9999 -9999 -9999 -9999 -9999 -9999 -9999 146 153 161 174 181 175 150 144 139 124 149 168 161 145 139 153 143 149 159 148 139 140 132 141 151 154 162 164 157 173 188 147 136 117 102 102 98 99 80 -4 -42 -46 -48 -64 -70 -79 -59 -40 88 122 118 126 88 68 57 44 23 -31 -57 -53 -39 -51 -59 -63 -62 -65 -86 -92 -74 -54 -55 -57
-9999 -9999 -9999 -9999 -9999 -9999 -9999 -9999 -9999 -9999 -9999 -9999 146 157 159 178 177 168 155 148 142 126 150 164 161 155 145 133 140 137 150 141 147 129 120 129 153 172 179 192 193 191 177 159 138 129 114 102 104 102 92 24 -17 -31 -52 -49 -54 -33 -47 -4 127 142 137 135 109 79 72 61 44 -20 -57 -56 -49 -49 -56 -61 -65 -64 -68 -88 -87 -60 -51 -55
-9999 -9999 -9999 -9999 -9999 -9999 -9999 -9999 -9999 -9999 -9999 -9999 151 159 166 178 178 169 161 155 144 112 127 154 159 153 146 149 156 151 137 134 131 132 135 150 162 183 188 204 204 200 186 173 156 139 133 114 92 99 86 70 31 -16 1 -34 -16 -48 -52 -36 130 160 157 150 134 105 86 58 47 -10 -48 -63 -56 -52 -52 -57 -63 -64 -65 -70 -79 -61 -51 -52
-9999 -9999 -9999 -9999 -9999 -9999 -9999 -9999 -9999 -9999 -9999 -9999 155 159 168 171 169 163 159 152 -9999 134 144 130 140 146 149 149 159 147 141 142 140 135 164 173 175 184 195 196 204 202 201 186 155 149 145 123 101 97 96 83 60 62 62 56 6 -42 -46 -14 144 167 152 100 113 87 113 69 48 -16 -53 -61 -69 -55 -50 -53 -57 -60 -63 -66 -69 -58 -51 -48
-9999 -9999 -9999 -9999 -9999 -9999 -9999 -9999 -9999 -9999 -9999 -9999 152 162 176 177 162 155 153 145 122 138 149 139 145 148 153 157 160 161 162 154 161 164 158 171 170 169 174 182 194 -9999 205 205 186 175 141 142 123 121 121 139 119 94 112 126 141 155 161 173 176 166 150 121 94 97 78 62 40 -53 -61 -60 -61 -58 -59 -56 -58 -55 -59 -67 -66 -55 -48 -44
-9999 -9999 -9999 -9999 -9999 -9999 -9999 -9999 -9999 -9999 -9999 149 156 156 172 185 171 160 154 140 122 136 134 138 159 164 167 165 162 163 168 168 167 168 167 169 162 170 178 174 169 176 208 207 205 195 169 155 154 161 162 171 166 170 164 164 169 175 178 180 171 151 145 137 121 112 88 44 -18 -7 -36 -53 -48 -54 -58 -59 -60 -61 -63 -65 -59 -52 -46 -41
-9999 -9999 -9999 -9999 -9999 -9999 -9999 -9999 -9999 -9999 -9999 149 162 158 173 183 171 164 148 129 122 145 144 137 154 160 161 164 168 161 158 158 159 167 157 160 173 183 175 171 168 145 185 213 212 211 206 194 190 190 191 187 182 182 182 177 174 180 184 173 157 150 147 135 138 109 38 -40 -57 -47 -26 -50 -59 -57 -62 -63 -63 -63 -63 -60 -55 -49 -43 -40
-9999 -9999 -9999 -9999 -9999 -9999 -9999 -9999 -9999 -9999 -9999 144 148 151 166 169 164 164 162 135 133 149 147 136 144 152 167 165 165 164 165 163 161 152 136 169 171 187 184 173 163 153 157 177 203 208 203 204 204 208 202 195 187 186 187 183 182 180 173 166 152 156 150 133 137 68 -6 -52 -77 -96 -74 -46 -45 -55 -61 -64 -66 -63 -62 -60 -54 -48 -41 -42
-9999 -9999 -9999 -9999 -9999 -9999 -9999 -9999 -9999 -9999 -9999 144 151 148 174 176 182 189 169 137 152 151 148 148 144 128 154 -9999 159 166 158 167 168 146 162 179 184 184 178 170 166 154 153 151 165 180 184 185 191 196 195 192 188 189 170 80 146 165 166 166 157 161 145 131 123 38 -15 -74 -94 -107 -101 -72 -38 -21 -57 -68 -66 -62 -57 -54 -49 -47 -43 -51
-9999 -9999 -9999 -9999 -9999 -9999 -9999 -9999 -9999 -9999 -9999 140 149 155 175 181 184 186 160 141 148 160 157 149 148 144 147 153 154 165 158 155 166 161 182 176 163 168 160 165 164 164 164 155 152 164 170 169 171 177 176 162 170 162 89 -22 95 155 166 164 166 166 137 142 21 -27 -29 -81 -92 -108 -106 -99 -79 -31 -65 -71 -68 -67 -59 -56 -50 -49 -53 -51
-9999 -9999 -9999 -9999 -9999 -9999 -9999 -9999 -9999 -9999 -9999 147 153 158 162 147 161 145 165 166 158 169 165 161 155 149 159 144 157 169 160 152 156 166 179 146 154 174 157 156 165 166 165 158 144 149 154 156 147 159 162 151 164 122 75 18 41 124 175 175 175 176 125 4 -71 -74 -77 -79 -95 -100 -103 -97 -86 -75 -71 -68 -66 -63 -58 -53 -53 -49 -52 -51
-9999 -9999 -9999 -9999 -9999 -9999 -9999 -9999 -9999 -9999 -9999 -9999 153 151 153 173 167 169 187 155 153 160 170 170 164 158 163 156 169 158 156 151 162 179 172 173 165 182 152 152 165 169 167 161 141 140 134 124 149 156 156 164 154 121 82 35 -29 93 187 184 192 171 138 48 -81 -77 -76 -84 -86 -86 -87 -83 -77 -71 -68 -67 -68 -66 -60 -57 -51 -48 -47 -47
-9999 -9999 -9999 -9999 -9999 -9999 -9999 -9999 -9999 -9999 -9999 -9999 151 149 169 144 149 174 179 163 138 149 147 171 162 163 167 158 177 163 158 159 155 173 193 194 190 180 162 168 172 171 167 162 140 146 146 148 144 159 151 111 104 80 -8 -12 -0 125 197 206 192 168 140 47 -76 -79 -75 -72 -70 -69 -69 -68 -63 -64 -64 -68 -69 -68 -66 -64 -56 -50 -57 -61
-9999 -9999 -9999 -9999 -9999 -9999 -9999 -9999 -9999 -9999 -9999 -9999 151 160 175 168 144 154 134 150 162 160 170 169 166 157 167 145 -9999 158 164 175 175 205 188 192 194 185 187 183 169 165 168 158 156 159 156 158 156 158 168 75 -10 -23 -20 -8 -14 -9999 -9999 219 208 163 141 101 -65 -68 -68 -62 -59 -56 -55 -60 -63 -62 -66 -66 -68 -67 -68 -69 -67 -56 -60 -80
-9999 -9999 -9999 -9999 -9999 -9999 -9999 -9999 -9999 -9999 -9999 -9999 150 165 161 158 142 152 166 195 187 171 180 174 163 153 151 148 157 174 163 175 204 208 191 203 196 193 193 188 192 180 179 167 167 162 168 166 156 162 161 90 9 -17 -17 -14 34 -9999 -9999 -9999 225 175 161 150 94 51 46 -19 -61 -51 -9999 -58 -64 -62 -63 -66 -68 -67 -61 -65 -69 -67 -68 -73
-9999 -9999 -9999 -9999 -9999 -9999 -9999 -9999 -9999 -9999 -9999 -9999 153 156 177 173 176 191 204 238 225 165 165 156 152 150 152 158 160 169 177 199 204 200 190 199 198 190 175 191 196 184 191 186 184 179 175 156 162 175 174 100 -20 -15 -15 -14 46 171 227 -9999 230 183 159 154 121 105 82 73 54 -13 -65 -58 -52 -56 -61 -67 -69 -70 -59 -45 -48 -40 -52 -70
-9999 -9999 -9999 -9999 -9999 -9999 -9999 -9999 -9999 -9999 -9999 141 156 164 164 172 182 190 238 260 245 181 141 139 145 151 162 172 175 196 199 194 189 185 189 194 193 183 183 190 190 189 192 190 181 183 154 160 172 162 171 97 -15 -14 -14 -13 95 104 189 204 206 180 151 155 124 109 67 11 -30 -54 -60 -57 -57 -59 -62 -67 -71 -67 -42 47 142 29 -57 -69
-9999 -9999 -9999 -9999 -9999 -9999 -9999 -9999 -9999 -9999 -9999 141 155 178 166 169 166 219 251 260 251 201 151 154 157 154 168 -9999 180 199 192 196 196 197 191 192 199 192 188 191 191 180 194 185 181 186 163 173 166 171 150 5 -17 -12 -12 -11 73 185 193 197 200 210 165 142 123 69 -17 -39 -54 -63 -65 -61 -59 -61 -62 -66 -68 -65 79 128 80 -5 -54 -27
-9999 -9999 -9999 -9999 -9999 -9999 -9999 -9999 -9999 -9999 -9999 -9999 -9999 177 185 181 148 171 244 256 252 221 169 160 171 163 152 155 185 180 -9999 198 195 198 208 205 200 209 203 195 191 187 183 190 184 181 168 166 170 138 117 3 -18 -2 -13 -13 12 93 139 196 205 211 179 145 107 74 5 -46 -62 -65 -66 -62 -57 -58 -61 -60 -58 -47 82 59 -3 -46 -41 -65
