resultados/variables_norteamerica/bio9.asc
ncols 469
nrows 225
xllcorner -169.133333
yllcorner 20.675000
cellsize 0.249840
NODATA_value -9999
[rows 111 to 147 of 225, columns 252 to 335 of 469]
-95 -101 -105 -112 -113 -113 -110 -101 -102 -103 -104 -122 -126 -116 -109 -108 -108 -109 -112 -119 -134 -139 -143 -135 -121 -119 -132 -135 -132 -141 -148 -148 -143 -144 -146 -148 -150 -153 -155 -156 -157 -157 -157 -157 -9999 -9999 -151 -9999 -149 -148 -148 -9999 -150 -151 -142 -132 -135 -137 -138 -137 -155 -158 -160 -163 -163 -162 -162 -161 -154 -91 -71 -68 -70 -78 -78 -79 -77 -77 -75 -75 -78 -112 -128 -90
-101 -96 -102 -109 -110 -110 -103 -107 -100 -101 -103 -123 -131 -134 -116 -104 -104 -107 -124 -131 -133 -137 -139 -140 -118 -128 -142 -139 -142 -145 -148 -149 -146 -142 -142 -144 -146 -150 -153 -154 -154 -154 -155 -155 -152 -9999 -149 -150 -148 -147 -145 -9999 -146 -147 -149 -141 -132 -132 -132 -9999 -151 -152 -152 -154 -155 -154 -155 -154 -148 -77 -67 -63 -9999 -9999 -67 -71 -70 -70 -70 -68 -72 -75 -79 -104
-106 -104 -104 -105 -108 -110 -111 -114 -107 -105 -106 -113 -127 -130 -131 -118 -103 -114 -128 -125 -127 -134 -136 -135 -127 -135 -140 -139 -140 -143 -145 -147 -144 -136 -137 -140 -143 -147 -151 -151 -150 -151 -151 -150 -149 -147 -146 -147 -146 -145 -142 -141 -142 -143 -146 -147 -146 -139 -141 -146 -145 -144 -142 -142 -143 -143 -142 -144 -120 -63 -9999 -58 -9999 -9999 -9999 -9999 -9999 -9999 -9999 -9999 -66 -71 -80 -127
-97 -97 -99 -102 -105 -106 -108 -110 -111 -107 -107 -107 -119 -122 -126 -126 -118 -123 -123 -116 -121 -125 -127 -128 -127 -132 -137 -138 -138 -139 -142 -143 -142 -134 -134 -137 -140 -145 -147 -145 -142 -142 -144 -144 -144 -143 -142 -143 -145 -145 -143 -141 -141 -142 -142 -143 -143 -9999 -141 -140 -138 -136 -131 -129 -132 -131 -120 -123 -9999 -9999 -9999 -9999 -9999 -9999 -9999 -9999 -9999 -9999 -9999 -9999 -66 -71 -73 -75
-86 -87 -90 -96 -101 -102 -103 -102 -102 -101 -101 -104 -107 -111 -113 -117 -119 -121 -122 -121 -120 -119 -119 -121 -123 -127 -131 -133 -9999 -9999 -138 -140 -142 -137 -135 -135 -135 -140 -142 -140 -137 -138 -139 -140 -9999 -140 -139 -141 -144 -145 -143 -140 -138 -138 -140 -142 -140 -136 -9999 -132 -130 -126 -119 -116 -119 -120 -108 -9999 -9999 -9999 -9999 -9999 -9999 -9999 -9999 -9999 -9999 -9999 -9999 -9999 -9999 -61 -66 -67
-82 -82 -84 -88 -94 -97 -98 -97 -96 -98 -97 -96 -99 -104 -105 -108 -112 -116 -117 -108 -111 -116 -114 -117 -121 -121 -123 -127 -130 -134 -136 -134 -136 -136 -135 -133 -131 -135 -139 -135 -134 -135 -135 -137 -140 -140 -140 -141 -142 -145 -144 -139 -134 -133 -136 -139 -134 -129 -127 -124 -121 -114 -105 -9999 -9999 -9999 -9999 -9999 -9999 -9999 -9999 -9999 -9999 -9999 -9999 -9999 -9999 -9999 -9999 -9999 -9999 -49 -9999 -9999
-79 -80 -79 -83 -88 -91 -91 -90 -93 -95 -92 -92 -95 -100 -102 -103 -9999 -107 -9999 -9999 -106 -116 -116 -119 -123 -120 -118 -123 -125 -130 -134 -130 -130 -133 -131 -130 -127 -130 -132 -133 -133 -132 -134 -136 -139 -140 -139 -136 -137 -143 -142 -136 -133 -130 -129 -131 -127 -122 -122 -119 -112 -103 -9999 -9999 -9999 -9999 -9999 -9999 -9999 -9999 -9999 -9999 -9999 -9999 -9999 -9999 -9999 -9999 -9999 -9999 -9999 -9999 -9999 -9999
-78 -79 -78 -82 -84 -85 -85 -87 -90 -90 -88 -92 -94 -96 -99 -100 -100 -101 -105 -108 -111 -113 -116 -120 -126 -124 -122 -121 -119 -121 -125 -126 -127 -129 -127 -126 -123 -124 -126 -130 -131 -131 -133 -134 -134 -135 -132 -127 -130 -135 -134 -132 -129 -126 -125 -125 -121 -116 -113 -108 -9999 -9999 -9999 -9999 -9999 -9999 -9999 -9999 -9999 -9999 -37 -39 -9999 -9999 -9999 -9999 -9999 -9999 -9999 -9999 -9999 -9999 -9999 -9999
-77 -79 -80 -81 -81 -79 -81 -85 -89 -88 -85 -88 -90 -92 -93 -95 -96 -99 -103 -107 -109 -111 -114 -118 -121 -118 -118 -118 -116 -116 -120 -124 -127 -126 -124 -122 -120 -121 -124 -130 -132 -132 -132 -132 -131 -129 -124 -123 -127 -132 -129 -126 -124 -123 -123 -121 -114 -108 -9999 -9999 -9999 -9999 -9999 -9999 -9999 -9999 -9999 -9999 -9999 -35 -34 -32 -9999 -9999 -9999 -9999 -9999 -9999 -9999 -9999 -9999 -9999 -9999 -9999
-74 -76 -77 -81 -79 -78 -79 -82 -87 -86 -82 -85 -86 -87 -90 -93 -95 -97 -99 -102 -102 -103 -108 -113 -114 -112 -115 -114 -114 -113 -116 -121 -124 -123 -121 -119 -118 -118 -122 -129 -130 -130 -130 -130 -129 -126 -123 -121 -123 -126 -125 -122 -121 -121 -119 -115 -9999 -9999 -103 -106 -106 -100 -9999 -9999 -9999 -88 -86 -83 -74 -64 -54 -73 -79 -87 -9999 -9999 -9999 -9999 -9999 -9999 -9999 -9999 -9999 -9999
-68 -70 -74 -78 -79 -77 -79 -80 -84 -84 -83 -83 -85 -87 -87 -88 -90 -94 -98 -99 -101 -102 -104 -110 -111 -112 -113 -114 -114 -113 -115 -117 -120 -119 -117 -117 -117 -116 -118 -121 -124 -125 -125 -127 -126 -123 -123 -120 -120 -122 -124 -122 -121 -118 -115 -110 -110 -112 -112 -111 -107 -101 -98 -90 -88 -92 -92 -87 -84 -89 -97 -106 -106 -103 -97 -9999 -9999 -9999 -9999 -9999 -31 -30 -30 -31
-63 -65 -71 -74 -76 -76 -78 -71 -81 -83 -83 -83 -83 -84 -83 -83 -86 -91 -96 -97 -96 -96 -97 -105 -110 -112 -116 -116 -115 -113 -112 -114 -117 -117 -115 -114 -114 -114 -116 -119 -120 -121 -122 -124 -123 -120 -119 -119 -120 -122 -9999 -123 -120 -117 -116 -115 -115 -118 -116 -116 -113 -112 -110 -108 -100 -96 -94 -92 -92 -103 -104 -106 -105 -101 -96 -81 -77 -64 -47 -43 -42 -47 -50 -43
-60 -63 -67 -70 -71 -74 -75 -77 -78 -79 -79 -79 -80 -81 -80 -79 -81 -86 -89 -91 -93 -90 -82 -101 -106 -111 -115 -116 -113 -109 -107 -112 -115 -115 -115 -111 -110 -110 -112 -117 -119 -119 -119 -118 -117 -115 -113 -113 -117 -120 -121 -119 -117 -116 -114 -111 -110 -112 -113 -115 -117 -114 -110 -109 -111 -112 -107 -104 -106 -105 -104 -105 -103 -98 -93 -84 -73 -69 -68 -67 -66 -65 -9999 -9999
-58 -59 -63 -66 -68 -71 -73 -73 -73 -73 -74 -75 -77 -78 -77 -76 -79 -83 -85 -86 -88 -91 -92 -96 -101 -105 -108 -109 -106 -102 -105 -111 -111 -108 -111 -109 -102 -102 -103 -108 -113 -114 -113 -112 -111 -109 -108 -107 -111 -115 -114 -111 -111 -112 -110 -108 -106 -107 -108 -111 -114 -113 -110 -110 -112 -111 -110 -108 -107 -105 -103 -103 -98 -93 -89 -83 -9999 -68 -63 -9999 -9999 -9999 -56 -9999
-56 -59 -60 -62 -65 -68 -71 -71 -68 -68 -70 -73 -76 -76 -75 -78 -81 -79 -78 -83 -84 -86 -87 -92 -98 -102 -102 -102 -99 -98 -101 -105 -106 -105 -106 -106 -102 -97 -99 -103 -106 -107 -106 -107 -107 -106 -103 -103 -104 -105 -105 -104 -103 -104 -106 -107 -105 -104 -105 -104 -105 -108 -110 -114 -113 -109 -108 -107 -106 -104 -102 -98 -93 -88 -84 -79 -9999 -9999 -9999 -9999 -9999 -9999 -9999 -9999
-53 -56 -56 -58 -62 -64 -66 -64 -62 -55 -57 -66 -76 -77 -78 -82 -79 -63 -66 -67 -78 -81 -84 -88 -95 -97 -97 -95 -94 -95 -97 -100 -101 -103 -102 -103 -106 -98 -96 -98 -101 -102 -102 -104 -105 -103 -100 -100 -99 -97 -96 -95 -94 -97 -103 -106 -103 -100 -98 -95 -96 -103 -107 -109 -108 -106 -105 -106 -106 -103 -98 -92 -87 -83 -79 -9999 -67 -9999 -9999 -9999 -9999 -9999 -9999 -51
-51 -53 -54 -55 -60 -61 -59 -57 -55 -56 -57 -58 -62 -72 -76 -77 -68 -58 -61 -61 -60 -69 -73 -83 -90 -93 -92 -90 -88 -91 -95 -98 -98 -100 -100 -101 -104 -101 -95 -93 -95 -99 -100 -102 -104 -102 -99 -99 -97 -94 -92 -88 -87 -91 -96 -100 -96 -94 -94 -92 -96 -102 -105 -103 -102 -100 -99 -101 -102 -98 -93 -88 -82 -78 -9999 -9999 -9999 -9999 -9999 -9999 -9999 -9999 -9999 -9999
-53 -54 -55 -55 -58 -59 -57 -52 -49 -51 -57 -58 -53 -61 -68 -69 -66 -61 -64 -59 -9999 -51 -56 -67 -83 -87 -88 -88 -87 -89 -92 -95 -94 -96 -98 -100 -103 -102 -96 -93 -92 -95 -96 -98 -100 -100 -101 -100 -97 -96 -94 -89 -87 -88 -92 -93 -90 -88 -91 -94 -98 -100 -101 -99 -96 -93 -92 -94 -94 -91 -88 -84 -77 -9999 -68 -65 -9999 -9999 -9999 -9999 -45 -47 -48 -53
-56 -57 -56 -56 -57 -59 -59 -53 -45 -42 -46 -49 -41 -52 -55 -62 -61 -62 -63 -62 -58 -48 -44 -48 -59 -78 -86 -86 -86 -85 -86 -87 -88 -90 -94 -97 -101 -101 -99 -95 -91 -91 -93 -94 -93 -95 -97 -96 -95 -97 -99 -95 -91 -89 -89 -89 -87 -88 -91 -95 -100 -97 -93 -93 -90 -88 -87 -88 -86 -84 -81 -79 -73 -9999 -66 -9999 -9999 -9999 -9999 -9999 -43 -48 -53 -57
-56 -57 -56 -55 -56 -58 -59 -53 -45 -35 -36 -34 -29 -38 -52 -55 -56 -60 -61 -61 -51 -47 -43 -44 -63 -82 -84 -84 -84 -82 -78 -80 -83 -85 -88 -94 -98 -99 -98 -95 -91 -91 -93 -94 -94 -92 -91 -91 -91 -95 -98 -95 -92 -91 -89 -88 -87 -88 -89 -92 -95 -92 -90 -88 -85 -85 -85 -85 -80 -78 -77 -74 -72 -69 -62 -9999 -9999 -9999 -9999 -9999 -41 -49 -57 -60
-53 -53 -55 -55 -54 -60 -59 -51 -46 -37 -37 -33 -25 -35 -48 -51 -51 -53 -54 -55 -55 -54 -55 -61 -70 -72 -9999 -75 -77 -76 -73 -76 -81 -82 -85 -91 -91 -93 -95 -93 -92 -93 -95 -95 -94 -89 -85 -87 -89 -93 -96 -91 -90 -89 -87 -89 -89 -88 -85 -83 -87 -89 -89 -86 -82 -83 -83 -81 -77 -74 -73 -9999 -71 -65 -9999 -9999 -9999 -9999 -9999 -36 -41 -47 -54 -57
-49 -51 -52 -53 -55 -56 -52 -45 -42 -39 -33 -36 -36 -43 -47 -46 -43 -44 -47 -49 -50 -52 -54 -57 -60 -62 -64 -66 -68 -69 -69 -72 -76 -77 -79 -84 -87 -86 -88 -89 -89 -93 -93 -94 -92 -87 -84 -84 -86 -88 -90 -90 -90 -89 -87 -89 -90 -88 -85 -79 -82 -84 -87 -86 -82 -81 -79 -77 -74 -74 -71 -71 -68 -61 -9999 -9999 -9999 -9999 -9999 -36 -41 -45 -49 -50
-45 -46 -46 -47 -48 -49 -48 -44 -42 -40 -34 -36 -39 -44 -48 -47 -44 -41 -43 -45 -46 -47 -49 -50 -50 -52 -56 -59 -62 -64 -65 -68 -70 -71 -74 -80 -83 -81 -80 -81 -84 -90 -92 -91 -88 -84 -82 -82 -83 -84 -86 -88 -89 -87 -87 -90 -91 -87 -84 -77 -78 -80 -81 -82 -78 -78 -75 -73 -72 -72 -72 -71 -64 -57 -9999 -9999 -9999 -9999 -9999 -35 -38 -40 -43 -44
-42 -41 -40 -40 -42 -43 -44 -46 -45 -42 -35 -38 -40 -44 -49 -50 -48 -44 -45 -49 -49 -51 -52 -50 -49 -49 -52 -56 -58 -9999 -61 -61 -64 -66 -71 -78 -79 -78 -76 -76 -79 -85 -87 -85 -83 -81 -80 -79 -80 -81 -83 -85 -85 -82 -84 -86 -87 -80 -77 -74 -71 -74 -75 -75 -75 -74 -72 -70 -68 -68 -70 -69 -61 -9999 -9999 -9999 -9999 -9999 -9999 -9999 -31 -34 -37 -39
-39 -37 -37 -37 -38 -39 -41 -44 -46 -43 -34 -39 -40 -43 -48 -51 -47 -41 -44 -48 -50 -52 -53 -50 -48 -49 -51 -55 -58 -57 -57 -56 -59 -62 -67 -72 -75 -76 -71 -71 -74 -77 -78 -79 -79 -77 -76 -77 -78 -80 -81 -81 -80 -78 -80 -81 -81 -77 -73 -70 -68 -69 -71 -73 -73 -72 -70 -67 -67 -66 -67 -64 -56 -49 -9999 -9999 -9999 -9999 -9999 -9999 -26 -30 -33 -35
-35 -34 -32 -35 -37 -41 -42 -43 -45 -46 -41 -40 -39 -41 -46 -52 -47 -41 -42 -45 -46 -45 -47 -47 -47 -49 -51 -51 -53 -54 -55 -54 -54 -57 -62 -64 -66 -66 -66 -66 -68 -72 -75 -76 -75 -76 -75 -73 -75 -79 -80 -80 -77 -74 -75 -79 -79 -77 -73 -69 -67 -66 -66 -68 -69 -69 -66 -66 -65 -65 -64 -60 -54 -49 -9999 -9999 -9999 -9999 -9999 -9999 -25 -28 -30 -33
-56 -53 -40 -34 -30 -35 -38 -38 -42 -45 -43 -39 -38 -38 -43 -49 -48 -45 -44 -44 -43 -41 -43 -45 -45 -46 -49 -51 -52 -56 -58 -55 -53 -55 -59 -59 -60 -61 -60 -61 -63 -67 -73 -74 -73 -73 -71 -68 -69 -73 -75 -74 -74 -73 -72 -72 -73 -74 -74 -72 -69 -63 -61 -64 -65 -65 -65 -62 -62 -62 -61 -57 -54 -48 -9999 -9999 -9999 -9999 -9999 -9999 -24 -28 -29 -31
-52 -57 -55 -39 -26 -24 -26 -31 -37 -42 -40 -36 -33 -35 -41 -45 -46 -45 -44 -45 -42 -42 -45 -45 -47 -48 -49 -50 -52 -56 -56 -53 -52 -52 -54 -56 -57 -59 -57 -56 -57 -61 -68 -71 -70 -68 -65 -63 -65 -67 -69 -71 -71 -72 -69 -67 -65 -66 -68 -68 -68 -65 -62 -61 -62 -62 -61 -59 -58 -58 -57 -55 -51 -45 -9999 -9999 -9999 -9999 -9999 -9999 -24 -27 -28 -28
-50 -51 -51 -37 -21 -20 -20 -23 -29 -33 -34 -32 -30 -34 -40 -45 -45 -41 -42 -42 -40 -42 -44 -44 -47 -49 -48 -49 -50 -53 -53 -51 -50 -51 -51 -52 -54 -57 -56 -53 -51 -55 -61 -64 -66 -65 -60 -59 -62 -63 -65 -68 -67 -65 -63 -61 -60 -59 -58 -61 -64 -63 -60 -58 -56 -57 -57 -56 -56 -57 -56 -52 -46 -37 -9999 -9999 -9999 -9999 -9999 -19 -24 -27 -27 -27
-49 -49 -48 -37 -29 -22 -20 -20 -25 -28 -26 -26 -29 -34 -40 -44 -43 -42 -42 -42 -42 -43 -44 -45 -46 -47 -46 -45 -46 -49 -51 -51 -50 -50 -50 -50 -52 -55 -54 -50 -48 -52 -56 -59 -60 -60 -59 -58 -59 -59 -60 -61 -61 -62 -60 -57 -58 -55 -53 -56 -59 -56 -53 -52 -51 -50 -51 -53 -55 -55 -51 -47 -43 -36 -9999 -9999 -9999 -9999 -17 -19 -22 -27 -30 -30
-51 -49 -52 -45 -33 -25 -21 -20 -24 -27 -26 -25 -26 -30 -35 -39 -41 -43 -44 -42 -43 -43 -43 -43 -45 -45 -43 -42 -42 -45 -50 -49 -47 -47 -47 -48 -47 -48 -46 -46 -45 -48 -54 -56 -58 -57 -56 -54 -53 -52 -51 -53 -54 -55 -55 -55 -54 -50 -46 -48 -49 -47 -45 -47 -47 -47 -48 -51 -50 -48 -47 -45 -42 -40 -37 -34 -34 -27 -18 -24 -32 -38 -41 -33
-58 -51 -53 -48 -33 -27 -26 -25 -26 -25 -25 -27 -28 -29 -30 -33 -36 -39 -39 -40 -40 -40 -41 -41 -41 -40 -39 -39 -40 -44 -49 -48 -42 -41 -41 -42 -43 -44 -43 -41 -42 -44 -51 -55 -56 -54 -50 -49 -50 -49 -48 -48 -47 -47 -47 -48 -47 -44 -42 -42 -41 -42 -43 -44 -46 -47 -45 -45 -43 -42 -44 -43 -42 -42 -40 -38 -36 -35 -34 -34 -36 -38 -39 -28
-67 -56 -54 -44 -30 -25 -26 -25 -28 -28 -26 -27 -27 -25 -25 -29 -32 -32 -33 -37 -39 -38 -37 -37 -38 -36 -35 -37 -41 -44 -45 -42 -37 -37 -37 -37 -39 -40 -40 -39 -39 -43 -47 -48 -49 -50 -47 -47 -49 -51 -50 -49 -44 -41 -39 -40 -41 -39 -39 -40 -39 -38 -40 -42 -43 -44 -42 -39 -39 -38 -40 -41 -41 -41 -40 -38 -35 -34 -33 -34 -36 -37 -35 -32
-64 -71 -53 -29 -20 -21 -24 -26 -29 -28 -25 -26 -24 -22 -22 -26 -27 -26 -27 -36 -38 -36 -34 -35 -35 -34 -34 -36 -39 -40 -38 -36 -38 -36 -33 -33 -34 -35 -37 -37 -38 -41 -43 -43 -43 -44 -42 -42 -46 -48 -49 -47 -42 -38 -36 -36 -36 -37 -38 -38 -36 -36 -37 -39 -39 -39 -36 -36 -35 -35 -36 -38 -39 -38 -38 -36 -34 -32 -30 -22 -28 -33 -32 -31
-49 -20 -47 -30 -16 -18 -22 -25 -26 -26 -25 -25 -26 -22 -21 -22 -22 -22 -25 -30 -30 -31 -30 -32 -33 -33 -31 -30 -33 -34 -33 -33 -36 -35 -32 -31 -30 -32 -33 -33 -34 -36 -38 -40 -40 -39 -36 -36 -39 -40 -42 -40 -36 -33 -33 -33 -34 -35 -36 -36 -34 -33 -33 -34 -35 -33 -31 -31 -32 -33 -34 -34 -34 -33 -34 -34 -33 -30 -28 -16 -18 -32 -31 -31
-4 -8 -36 -23 -15 -15 -18 -20 -20 -21 -21 -23 -22 -17 -15 -16 -16 -18 -23 -26 -26 -27 -23 -27 -29 -27 -27 -28 -31 -31 -31 -32 -32 -31 -29 -30 -30 -29 -30 -30 -30 -30 -32 -35 -37 -36 -32 -34 -37 -35 -35 -33 -30 -29 -30 -30 -31 -32 -33 -33 -32 -29 -29 -29 -29 -28 -27 -27 -28 -30 -30 -29 -28 -29 -29 -29 -29 -28 -27 -27 -26 -30 -30 -31
-25 -1 -22 -19 -8 -10 -13 -17 -19 -19 -19 -21 -19 -14 -12 -11 -10 -13 -17 -22 -24 -20 -15 -20 -24 -24 -24 -28 -29 -27 -28 -30 -28 -27 -25 -26 -28 -28 -28 -27 -24 -25 -27 -29 -31 -30 -32 -34 -34 -31 -28 -26 -25 -25 -26 -26 -25 -26 -26 -27 -29 -26 -23 -23 -25 -25 -23 -22 -23 -25 -25 -24 -23 -23 -21 -24 -24 -24 -24 -25 -25 -25 -26 -29
