resultados/variables_norteamerica/bio9.asc
ncols 469
nrows 225
xllcorner -169.133333
yllcorner 20.675000
cellsize 0.249840
NODATA_value -9999
[rows 37 to 73 of 225, columns 168 to 251 of 469]
-9999 -9999 -9999 -259 -269 -270 -269 -269 -9999 -268 -267 -266 -267 -268 -267 -267 -266 -266 -265 -264 -264 -265 -9999 -265 -265 -265 -265 -265 -264 -265 -266 -267 -264 -269 -270 -272 -270 -271 -275 -276 -277 -275 -274 -275 -273 -272 -272 -275 -278 -280 -282 -285 -288 -291 -293 -296 -299 -300 -301 -300 -298 -304 -305 -307 -307 -307 -309 -310 -310 -310 -309 -307 -308 -9999 -9999 -9999 -309 -9999 -312 -314 -315 -316 -316 -316
-220 -222 -229 -9999 -9999 -267 -267 -270 -269 -266 -265 -264 -265 -265 -265 -264 -264 -264 -263 -263 -266 -266 -266 -264 -262 -260 -260 -261 -9999 -260 -259 -241 -241 -231 -228 -226 -227 -222 -254 -262 -272 -274 -275 -277 -277 -275 -276 -280 -282 -285 -288 -288 -291 -294 -295 -297 -298 -300 -301 -301 -305 -306 -307 -308 -309 -309 -311 -312 -313 -313 -312 -312 -309 -307 -309 -308 -9999 -9999 -311 -312 -314 -316 -317 -316
-217 -228 -239 -243 -259 -264 -266 -266 -267 -265 -264 -264 -264 -263 -263 -263 -263 -264 -265 -261 -258 -257 -256 -256 -255 -256 -252 -226 -207 -206 -207 -207 -208 -210 -211 -211 -214 -222 -227 -239 -258 -276 -275 -273 -276 -277 -277 -283 -286 -287 -288 -289 -291 -294 -295 -296 -297 -298 -300 -304 -307 -308 -308 -309 -309 -310 -311 -312 -312 -312 -314 -314 -314 -310 -308 -9999 -9999 -9999 -9999 -9999 -312 -313 -316 -316
-206 -206 -206 -9999 -233 -258 -9999 -9999 -263 -263 -262 -262 -263 -261 -261 -261 -263 -265 -263 -262 -258 -256 -250 -252 -252 -9999 -9999 -9999 -9999 -9999 -9999 -9999 -9999 -206 -208 -210 -214 -216 -219 -222 -229 -239 -262 -271 -274 -274 -274 -277 -9999 -284 -288 -288 -291 -293 -294 -9999 -298 -300 -302 -303 -305 -307 -307 -307 -308 -308 -309 -309 -310 -311 -311 -311 -312 -312 -312 -309 -9999 -9999 -9999 -9999 -309 -311 -312 -313
-199 -200 -202 -234 -256 -260 -260 -260 -260 -261 -261 -260 -260 -260 -259 -258 -256 -256 -9999 -9999 -9999 -9999 -9999 -9999 -9999 -9999 -9999 -9999 -196 -198 -201 -202 -203 -202 -203 -203 -9999 -204 -207 -210 -213 -217 -221 -260 -265 -9999 -276 -275 -275 -277 -281 -284 -289 -291 -293 -295 -297 -299 -301 -303 -305 -305 -306 -308 -310 -311 -312 -311 -311 -311 -310 -310 -310 -310 -312 -312 -311 -308 -9999 -308 -9999 -311 -314 -315
-192 -191 -191 -195 -218 -247 -257 -257 -257 -256 -258 -255 -255 -9999 -9999 -9999 -9999 -9999 -9999 -9999 -9999 -9999 -9999 -9999 -9999 -9999 -9999 -9999 -9999 -195 -196 -196 -197 -198 -197 -9999 -9999 -9999 -202 -206 -209 -213 -218 -233 -230 -271 -274 -277 -276 -276 -277 -280 -283 -286 -290 -293 -295 -295 -298 -302 -304 -305 -306 -306 -309 -310 -310 -311 -312 -311 -309 -309 -309 -309 -310 -311 -312 -310 -307 -305 -308 -313 -314 -314
-194 -192 -190 -191 -231 -253 -255 -256 -9999 -9999 -253 -253 -252 -253 -254 -253 -250 -253 -253 -256 -256 -250 -216 -9999 -9999 -9999 -9999 -9999 -9999 -9999 -9999 -9999 -9999 -9999 -9999 -9999 -9999 -195 -199 -202 -205 -209 -215 -219 -227 -238 -254 -269 -262 -276 -274 -274 -279 -280 -287 -285 -289 -292 -293 -296 -299 -299 -301 -302 -307 -311 -312 -312 -314 -315 -313 -310 -310 -309 -308 -309 -310 -311 -311 -309 -309 -308 -311 -312
-180 -182 -192 -193 -210 -248 -256 -256 -254 -251 -252 -255 -252 -251 -254 -253 -252 -247 -245 -9999 -9999 -9999 -9999 -9999 -9999 -9999 -9999 -9999 -9999 -9999 -9999 -9999 -9999 -9999 -9999 -188 -9999 -193 -196 -199 -202 -206 -210 -214 -218 -222 -226 -245 -255 -259 -253 -236 -275 -270 -274 -269 -274 -293 -294 -9999 -300 -302 -301 -9999 -304 -308 -310 -312 -313 -314 -313 -311 -309 -308 -309 -309 -310 -310 -309 -308 -308 -308 -307 -310
-180 -180 -179 -182 -220 -248 -250 -252 -254 -253 -249 -249 -248 -248 -250 -243 -233 -9999 -9999 -9999 -9999 -9999 -9999 -9999 -9999 -191 -189 -9999 -9999 -183 -186 -188 -188 -189 -188 -189 -190 -190 -193 -196 -200 -206 -210 -213 -215 -219 -220 -224 -228 -238 -230 -9999 -240 -234 -236 -245 -253 -262 -281 -293 -296 -299 -300 -303 -304 -306 -9999 -310 -311 -311 -311 -310 -308 -307 -309 -308 -307 -307 -306 -306 -306 -307 -308 -308
-164 -168 -178 -196 -9999 -244 -245 -247 -250 -249 -250 -249 -247 -246 -249 -250 -243 -9999 -9999 -9999 -9999 -9999 -9999 -186 -192 -191 -190 -9999 -9999 -9999 -9999 -184 -185 -185 -186 -186 -188 -189 -191 -194 -197 -201 -204 -207 -210 -213 -215 -219 -223 -226 -228 -230 -9999 -9999 -9999 -9999 -245 -243 -237 -258 -287 -295 -297 -300 -301 -303 -9999 -306 -305 -306 -307 -307 -307 -307 -307 -307 -305 -303 -303 -304 -304 -305 -305 -306
-162 -161 -161 -164 -217 -244 -241 -240 -242 -244 -245 -245 -244 -226 -214 -222 -9999 -9999 -9999 -9999 -9999 -9999 -176 -181 -177 -9999 -9999 -178 -181 -182 -183 -183 -181 -179 -9999 -182 -183 -186 -189 -191 -194 -197 -199 -203 -205 -208 -210 -214 -219 -222 -224 -226 -227 -226 -226 -230 -232 -234 -241 -265 -288 -292 -294 -297 -299 -300 -9999 -303 -304 -303 -302 -303 -303 -304 -304 -304 -302 -301 -9999 -302 -303 -303 -303 -304
-175 -166 -165 -173 -222 -9999 -238 -238 -237 -239 -242 -244 -240 -232 -216 -182 -174 -173 -176 -176 -171 -171 -171 -9999 -172 -175 -178 -181 -183 -186 -188 -190 -189 -182 -9999 -9999 -181 -182 -186 -189 -192 -194 -196 -199 -202 -203 -206 -208 -211 -215 -218 -222 -224 -225 -226 -228 -228 -9999 -230 -230 -247 -274 -291 -293 -295 -297 -298 -299 -300 -9999 -300 -299 -300 -301 -9999 -301 -300 -299 -299 -300 -300 -301 -301 -301
-190 -178 -172 -190 -239 -243 -242 -239 -235 -235 -243 -246 -240 -218 -176 -176 -168 -168 -167 -167 -167 -167 -167 -169 -172 -174 -175 -178 -181 -184 -182 -181 -181 -181 -180 -179 -179 -180 -181 -185 -9999 -191 -194 -196 -199 -200 -202 -205 -206 -209 -212 -214 -217 -219 -221 -222 -223 -225 -227 -228 -229 -230 -252 -282 -291 -292 -9999 -295 -296 -296 -297 -296 -295 -296 -296 -296 -297 -298 -298 -298 -299 -300 -300 -299
-205 -195 -180 -198 -221 -241 -238 -236 -235 -232 -226 -242 -243 -209 -179 -169 -166 -166 -167 -167 -9999 -163 -165 -167 -169 -171 -173 -177 -180 -180 -180 -177 -176 -178 -180 -180 -180 -181 -181 -181 -185 -189 -191 -193 -195 -197 -200 -202 -202 -203 -206 -208 -212 -214 -215 -217 -218 -221 -223 -225 -225 -225 -227 -231 -286 -288 -289 -290 -292 -292 -292 -291 -292 -293 -293 -293 -295 -297 -297 -296 -296 -296 -297 -297
-185 -179 -191 -205 -217 -223 -237 -235 -233 -226 -196 -211 -185 -194 -183 -169 -9999 -168 -170 -169 -166 -163 -9999 -163 -164 -166 -9999 -171 -173 -172 -172 -173 -173 -175 -177 -178 -179 -179 -178 -179 -183 -186 -188 -190 -192 -195 -196 -197 -199 -200 -203 -204 -206 -209 -210 -212 -214 -215 -218 -220 -219 -221 -222 -226 -265 -283 -285 -285 -287 -288 -288 -288 -288 -289 -289 -290 -291 -292 -292 -9999 -294 -294 -294 -295
-229 -209 -183 -187 -204 -224 -228 -231 -228 -198 -179 -166 -155 -160 -168 -167 -9999 -161 -164 -163 -160 -9999 -9999 -164 -161 -163 -164 -166 -169 -170 -172 -175 -179 -178 -172 -173 -175 -176 -176 -177 -179 -180 -184 -187 -9999 -191 -193 -194 -195 -9999 -197 -199 -201 -203 -204 -205 -208 -210 -9999 -214 -216 -218 -9999 -9999 -223 -260 -282 -283 -285 -285 -285 -284 -285 -287 -287 -288 -288 -289 -9999 -289 -290 -291 -291 -292
-195 -176 -178 -191 -186 -203 -200 -213 -211 -203 -162 -154 -157 -149 -161 -167 -161 -161 -160 -156 -158 -163 -163 -160 -158 -159 -161 -164 -167 -168 -169 -169 -170 -168 -168 -169 -9999 -173 -175 -177 -176 -176 -182 -183 -186 -188 -188 -190 -192 -192 -193 -194 -195 -197 -198 -200 -204 -208 -209 -210 -211 -213 -215 -216 -216 -260 -277 -281 -281 -282 -286 -284 -283 -9999 -285 -285 -285 -286 -286 -287 -287 -288 -289 -289
-241 -210 -180 -171 -182 -192 -213 -213 -188 -189 -160 -160 -158 -146 -148 -166 -162 -158 -156 -155 -153 -154 -154 -156 -157 -157 -159 -159 -163 -161 -160 -161 -163 -164 -9999 -9999 -9999 -170 -172 -174 -175 -174 -175 -178 -183 -180 -181 -183 -186 -188 -189 -190 -191 -192 -193 -195 -197 -200 -203 -9999 -207 -207 -210 -215 -9999 -227 -9999 -277 -276 -280 -280 -279 -278 -279 -280 -9999 -281 -281 -283 -284 -284 -285 -286 -287
-206 -217 -162 -204 -225 -191 -168 -184 -171 -178 -155 -155 -150 -148 -145 -141 -153 -148 -153 -153 -150 -151 -151 -156 -155 -152 -153 -153 -154 -155 -155 -156 -158 -160 -162 -164 -165 -167 -169 -171 -172 -172 -172 -175 -174 -9999 -176 -178 -180 -183 -185 -185 -186 -187 -188 -9999 -190 -191 -194 -197 -200 -202 -204 -207 -208 -204 -247 -268 -269 -272 -271 -272 -273 -274 -275 -277 -9999 -279 -280 -281 -282 -283 -283 -283
-214 -199 -183 -219 -203 -174 -170 -168 -162 -169 -155 -146 -144 -149 -144 -138 -140 -146 -148 -9999 -148 -143 -143 -143 -144 -144 -144 -145 -146 -148 -150 -151 -153 -156 -158 -160 -162 -9999 -167 -168 -170 -170 -169 -9999 -170 -172 -172 -173 -175 -178 -178 -179 -181 -182 -183 -184 -185 -187 -187 -189 -191 -192 -9999 -196 -195 -9999 -9999 -9999 -9999 -9999 -263 -265 -268 -269 -271 -274 -273 -274 -276 -276 -278 -279 -279 -280
-225 -187 -192 -238 -219 -186 -201 -183 -175 -173 -155 -149 -151 -148 -141 -130 -133 -139 -141 -140 -136 -136 -137 -138 -139 -142 -144 -145 -148 -149 -151 -151 -151 -151 -152 -155 -158 -160 -162 -164 -166 -168 -166 -166 -166 -167 -9999 -9999 -169 -171 -174 -174 -173 -175 -9999 -177 -178 -180 -182 -183 -184 -186 -9999 -9999 -9999 -9999 -9999 -9999 -243 -9999 -262 -262 -266 -266 -266 -267 -269 -271 -272 -273 -274 -9999 -276 -277
-193 -183 -202 -218 -179 -173 -160 -161 -160 -162 -161 -151 -157 -150 -142 -125 -128 -131 -136 -140 -139 -132 -134 -138 -141 -145 -152 -158 -162 -161 -162 -163 -164 -160 -156 -154 -153 -154 -156 -158 -160 -162 -163 -163 -164 -163 -164 -9999 -9999 -167 -168 -168 -170 -169 -170 -170 -9999 -172 -175 -177 -179 -9999 -9999 -9999 -181 -183 -9999 -9999 -254 -258 -258 -259 -261 -262 -263 -265 -267 -9999 -269 -270 -271 -272 -273 -273
-165 -163 -155 -173 -169 -169 -164 -166 -161 -161 -160 -159 -199 -185 -149 -183 -154 -132 -129 -127 -127 -127 -129 -131 -135 -140 -147 -157 -160 -161 -160 -160 -161 -161 -157 -156 -155 -152 -152 -153 -155 -156 -9999 -159 -160 -159 -160 -160 -160 -9999 -9999 -9999 -9999 -9999 -9999 -165 -165 -9999 -9999 -9999 -9999 -169 -9999 -175 -177 -179 -180 -187 -225 -250 -255 -257 -259 -261 -262 -262 -263 -264 -265 -266 -267 -269 -270 -271
-153 -137 -142 -141 -147 -138 -142 -149 -170 -170 -159 -160 -196 -204 -193 -211 -208 -205 -198 -195 -147 -124 -124 -124 -126 -128 -130 -134 -136 -137 -138 -140 -141 -142 -143 -144 -145 -145 -148 -149 -151 -152 -154 -156 -157 -156 -157 -158 -158 -158 -9999 -9999 -9999 -9999 -9999 -9999 -9999 -9999 -9999 -9999 -9999 -167 -169 -171 -173 -175 -176 -180 -194 -231 -251 -252 -254 -255 -257 -260 -260 -260 -261 -262 -264 -265 -266 -268
-149 -144 -135 -135 -134 -131 -127 -136 -151 -176 -198 -191 -215 -206 -207 -218 -204 -205 -206 -171 -123 -119 -120 -122 -123 -124 -125 -126 -129 -131 -132 -135 -136 -137 -137 -9999 -160 -182 -149 -145 -146 -147 -149 -152 -152 -9999 -9999 -9999 -9999 -9999 -9999 -9999 -9999 -9999 -9999 -9999 -9999 -9999 -9999 -157 -160 -161 -163 -165 -169 -168 -171 -173 -197 -209 -238 -9999 -250 -253 -255 -257 -256 -257 -258 -259 -260 -261 -263 -264
-140 -126 -131 -132 -129 -136 -133 -129 -144 -137 -141 -187 -198 -196 -219 -209 -197 -198 -197 -198 -141 -118 -118 -122 -122 -122 -122 -123 -124 -125 -126 -128 -129 -130 -132 -134 -136 -9999 -139 -140 -141 -142 -144 -146 -9999 -9999 -9999 -9999 -9999 -9999 -9999 -9999 -9999 -9999 -9999 -150 -151 -151 -152 -153 -155 -156 -158 -160 -161 -164 -9999 -167 -170 -185 -216 -237 -247 -249 -251 -252 -254 -254 -255 -256 -258 -259 -261 -261
-134 -129 -137 -123 -123 -131 -127 -124 -127 -131 -149 -173 -209 -208 -9999 -195 -190 -195 -204 -211 -216 -218 -180 -132 -124 -124 -123 -122 -122 -124 -125 -125 -127 -128 -131 -135 -146 -156 -139 -136 -9999 -9999 -9999 -9999 -9999 -9999 -9999 -9999 -9999 -9999 -9999 -9999 -9999 -9999 -145 -145 -145 -146 -146 -147 -148 -149 -152 -154 -156 -157 -159 -161 -9999 -173 -221 -238 -223 -239 -246 -248 -249 -250 -252 -253 -255 -256 -257 -258
-123 -126 -127 -122 -127 -123 -124 -128 -135 -135 -145 -156 -212 -199 -188 -203 -217 -226 -230 -233 -233 -234 -234 -220 -159 -125 -125 -125 -124 -125 -126 -126 -126 -128 -130 -131 -132 -131 -9999 -133 -135 -135 -135 -135 -9999 -9999 -9999 -9999 -137 -139 -141 -141 -140 -140 -140 -140 -140 -140 -140 -141 -141 -142 -145 -148 -150 -151 -9999 -155 -157 -160 -176 -199 -200 -225 -240 -243 -244 -246 -247 -249 -251 -252 -253 -255
-117 -124 -121 -114 -113 -121 -116 -118 -122 -124 -138 -135 -191 -219 -203 -212 -217 -221 -225 -228 -230 -232 -232 -231 -194 -124 -153 -130 -132 -126 -123 -123 -123 -123 -125 -126 -127 -9999 -9999 -130 -131 -132 -132 -131 -132 -133 -133 -133 -133 -135 -137 -136 -136 -135 -135 -135 -134 -134 -134 -134 -135 -135 -138 -141 -143 -146 -147 -148 -150 -153 -162 -182 -184 -191 -192 -201 -216 -242 -244 -247 -247 -248 -250 -251
-106 -110 -111 -106 -109 -113 -106 -102 -105 -111 -122 -118 -166 -192 -207 -207 -212 -215 -220 -223 -226 -227 -228 -230 -218 -212 -185 -142 -125 -121 -122 -125 -124 -125 -124 -125 -127 -131 -136 -137 -133 -128 -128 -128 -129 -130 -131 -131 -131 -131 -131 -131 -131 -130 -130 -129 -129 -128 -127 -128 -128 -130 -133 -135 -138 -140 -142 -144 -146 -147 -151 -155 -160 -170 -176 -186 -217 -238 -241 -242 -243 -245 -246 -247
-100 -104 -100 -97 -106 -109 -107 -105 -104 -103 -101 -97 -137 -170 -203 -207 -209 -212 -216 -219 -221 -223 -225 -227 -228 -223 -188 -133 -117 -118 -123 -126 -127 -128 -129 -130 -134 -136 -138 -137 -123 -122 -123 -124 -124 -124 -124 -125 -126 -126 -126 -126 -127 -126 -126 -125 -125 -124 -123 -122 -123 -125 -127 -129 -132 -135 -137 -139 -141 -142 -145 -148 -149 -150 -153 -170 -197 -199 -234 -237 -239 -241 -242 -243
-93 -97 -92 -99 -108 -109 -115 -105 -100 -91 -87 -86 -95 -142 -178 -203 -208 -211 -214 -216 -217 -218 -219 -220 -221 -164 -152 -127 -113 -116 -118 -119 -120 -121 -124 -129 -9999 -128 -126 -117 -115 -116 -117 -119 -120 -120 -121 -123 -123 -123 -122 -122 -122 -122 -122 -121 -121 -120 -120 -119 -119 -120 -122 -124 -127 -130 -131 -134 -139 -141 -142 -140 -140 -142 -144 -147 -157 -9999 -226 -232 -234 -236 -237 -239
-87 -86 -85 -92 -97 -95 -97 -93 -96 -88 -87 -80 -79 -85 -113 -158 -205 -203 -214 -216 -217 -218 -217 -216 -207 -141 -112 -108 -110 -113 -116 -114 -116 -122 -119 -119 -121 -117 -110 -109 -110 -112 -113 -116 -119 -126 -131 -137 -136 -132 -129 -122 -118 -117 -117 -117 -117 -117 -117 -117 -116 -116 -117 -119 -122 -125 -132 -146 -154 -136 -9999 -9999 -132 -133 -135 -141 -159 -191 -223 -225 -228 -230 -231 -233
-93 -97 -96 -99 -87 -84 -77 -81 -81 -80 -84 -81 -81 -82 -84 -86 -93 -98 -157 -191 -213 -214 -216 -215 -175 -146 -166 -103 -104 -109 -113 -109 -111 -113 -112 -107 -105 -104 -104 -104 -106 -108 -111 -118 -127 -130 -133 -134 -134 -132 -130 -131 -125 -112 -111 -112 -112 -111 -112 -112 -112 -112 -113 -114 -117 -120 -123 -130 -146 -122 -9999 -9999 -9999 -126 -9999 -9999 -9999 -9999 -9999 -215 -217 -219 -222 -226
-93 -94 -102 -104 -110 -98 -101 -95 -88 -83 -80 -82 -85 -91 -88 -84 -85 -87 -87 -105 -159 -196 -211 -9999 -9999 -212 -166 -98 -96 -98 -99 -98 -98 -98 -98 -98 -98 -98 -99 -101 -102 -105 -111 -121 -123 -127 -128 -129 -130 -127 -124 -128 -123 -109 -105 -105 -105 -105 -106 -106 -107 -108 -108 -110 -131 -160 -9999 -9999 -9999 -9999 -9999 -171 -167 -169 -173 -201 -207 -210 -211 -212 -214 -216 -217 -218
-93 -94 -105 -109 -105 -91 -103 -90 -86 -101 -89 -82 -86 -81 -78 -79 -82 -84 -84 -85 -88 -103 -111 -119 -124 -98 -91 -89 -90 -90 -90 -90 -91 -91 -92 -92 -93 -94 -95 -95 -96 -98 -101 -105 -108 -113 -121 -122 -123 -119 -110 -108 -101 -99 -99 -100 -100 -101 -101 -102 -101 -102 -104 -114 -186 -9999 -9999 -9999 -126 -144 -151 -167 -176 -167 -186 -202 -205 -207 -209 -210 -212 -214 -215 -215
-81 -83 -92 -106 -105 -94 -111 -113 -97 -114 -106 -96 -89 -82 -84 -82 -81 -79 -82 -82 -83 -84 -85 -86 -86 -85 -85 -86 -86 -88 -90 -92 -91 -90 -89 -89 -90 -92 -94 -89 -88 -88 -89 -88 -89 -90 -92 -95 -97 -95 -94 -93 -94 -94 -95 -95 -96 -96 -95 -9999 -9999 -98 -99 -100 -126 -131 -137 -150 -181 -180 -190 -9999 -195 -197 -199 -201 -203 -203 -205 -207 -208 -209 -210 -210
