resultados/variables_norteamerica/bio9.asc
ncols 469
nrows 225
xllcorner -169.133333
yllcorner 20.675000
cellsize 0.249840
NODATA_value -9999
[rows 74 to 110 of 225, columns 252 to 335 of 469]
-201 -201 -203 -9999 -204 -203 -203 -212 -227 -227 -9999 -209 -9999 -217 -222 -226 -229 -232 -234 -235 -237 -239 -238 -238 -236 -235 -235 -236 -235 -235 -235 -235 -237 -239 -240 -240 -242 -242 -243 -243 -243 -243 -244 -244 -244 -245 -245 -245 -246 -246 -247 -246 -9999 -9999 -9999 -9999 -9999 -9999 -9999 -9999 -9999 -9999 -9999 -9999 -9999 -9999 -9999 -9999 -9999 -9999 -9999 -9999 -9999 -9999 -9999 -9999 -9999 -9999 -9999 -9999 -9999 -9999 -9999 -9999
-196 -196 -197 -198 -199 -200 -199 -209 -223 -9999 -216 -9999 -209 -213 -218 -221 -9999 -227 -230 -231 -232 -233 -233 -232 -232 -230 -230 -229 -229 -228 -228 -229 -232 -234 -235 -235 -9999 -238 -239 -240 -240 -240 -241 -242 -242 -241 -241 -242 -242 -243 -243 -242 -242 -241 -9999 -9999 -9999 -9999 -9999 -9999 -9999 -9999 -9999 -9999 -9999 -9999 -9999 -9999 -9999 -9999 -9999 -9999 -9999 -9999 -9999 -9999 -9999 -9999 -9999 -9999 -9999 -9999 -9999 -9999
-192 -193 -194 -195 -195 -194 -194 -197 -200 -203 -200 -9999 -205 -209 -212 -216 -9999 -9999 -225 -227 -228 -228 -228 -227 -226 -225 -224 -224 -223 -222 -223 -225 -226 -228 -230 -231 -232 -234 -235 -235 -236 -237 -237 -238 -239 -239 -238 -238 -239 -238 -238 -239 -238 -238 -9999 -9999 -9999 -9999 -9999 -9999 -9999 -9999 -9999 -9999 -9999 -9999 -9999 -9999 -9999 -9999 -9999 -9999 -9999 -9999 -9999 -9999 -9999 -9999 -9999 -9999 -9999 -9999 -9999 -9999
-187 -188 -188 -188 -189 -189 -189 -190 -191 -193 -195 -198 -201 -205 -9999 -9999 -9999 -218 -221 -222 -223 -223 -223 -222 -221 -219 -219 -217 -217 -216 -216 -218 -221 -222 -224 -226 -227 -229 -229 -230 -231 -232 -233 -234 -235 -236 -235 -235 -234 -235 -235 -235 -235 -234 -9999 -9999 -9999 -9999 -9999 -9999 -9999 -9999 -9999 -9999 -9999 -9999 -9999 -9999 -9999 -9999 -9999 -9999 -9999 -9999 -9999 -9999 -9999 -9999 -9999 -9999 -9999 -9999 -9999 -9999
-182 -181 -180 -182 -185 -186 -187 -188 -188 -190 -193 -196 -198 -9999 -9999 -9999 -212 -214 -217 -218 -218 -219 -219 -217 -217 -215 -213 -211 -210 -210 -211 -9999 -216 -217 -9999 -220 -223 -225 -225 -225 -227 -228 -229 -229 -231 -232 -232 -231 -231 -231 -231 -231 -231 -231 -230 -9999 -9999 -9999 -9999 -9999 -9999 -9999 -9999 -9999 -9999 -9999 -9999 -9999 -9999 -9999 -9999 -9999 -9999 -9999 -9999 -9999 -9999 -9999 -9999 -9999 -9999 -9999 -9999 -9999
-180 -179 -9999 -9999 -182 -183 -184 -185 -186 -187 -190 -193 -196 -199 -9999 -9999 -208 -211 -212 -213 -214 -215 -215 -213 -206 -210 -208 -205 -203 -203 -206 -208 -211 -213 -215 -217 -219 -9999 -220 -221 -222 -223 -224 -225 -227 -228 -229 -228 -227 -227 -227 -227 -228 -227 -9999 -9999 -9999 -228 -228 -229 -230 -230 -229 -229 -9999 -9999 -9999 -9999 -9999 -9999 -9999 -9999 -9999 -9999 -9999 -9999 -9999 -9999 -9999 -9999 -9999 -9999 -9999 -9999
-177 -177 -177 -178 -180 -180 -181 -182 -184 -186 -188 -191 -194 -197 -199 -9999 -205 -207 -209 -209 -211 -212 -211 -174 -134 -140 -182 -200 -197 -198 -203 -205 -208 -210 -213 -214 -215 -216 -217 -217 -218 -219 -220 -221 -222 -223 -223 -222 -222 -223 -222 -223 -223 -223 -223 -224 -225 -226 -227 -227 -228 -228 -228 -227 -227 -226 -226 -225 -9999 -9999 -9999 -9999 -9999 -9999 -9999 -9999 -9999 -9999 -9999 -9999 -9999 -9999 -9999 -9999
-175 -175 -175 -177 -178 -179 -179 -180 -183 -185 -187 -189 -191 -9999 -197 -200 -202 -203 -205 -206 -208 -204 -161 -130 -129 -127 -128 -189 -196 -197 -200 -202 -205 -208 -209 -210 -211 -212 -212 -213 -214 -215 -215 -215 -216 -217 -217 -217 -218 -218 -9999 -220 -220 -220 -221 -222 -223 -224 -224 -225 -225 -225 -225 -225 -225 -225 -224 -224 -224 -224 -223 -222 -9999 -9999 -9999 -9999 -9999 -9999 -9999 -9999 -9999 -9999 -9999 -9999
-174 -174 -174 -175 -176 -176 -178 -180 -182 -184 -186 -187 -9999 -192 -189 -183 -187 -190 -199 -177 -153 -131 -126 -126 -125 -125 -123 -175 -196 -197 -198 -200 -203 -204 -205 -206 -207 -208 -209 -209 -209 -211 -211 -211 -9999 -9999 -9999 -214 -214 -215 -215 -216 -216 -217 -218 -220 -221 -222 -222 -223 -223 -224 -224 -224 -223 -223 -223 -223 -223 -222 -221 -220 -220 -9999 -9999 -9999 -9999 -9999 -9999 -9999 -9999 -9999 -9999 -9999
-170 -170 -170 -172 -173 -174 -177 -180 -180 -181 -184 -186 -183 -180 -135 -120 -123 -129 -132 -126 -124 -123 -122 -122 -122 -121 -125 -186 -195 -195 -196 -198 -200 -201 -201 -202 -202 -203 -204 -205 -206 -207 -207 -208 -208 -209 -210 -211 -211 -211 -211 -212 -213 -214 -214 -216 -218 -219 -220 -220 -221 -221 -222 -222 -222 -222 -221 -221 -221 -220 -219 -218 -218 -217 -9999 -9999 -9999 -9999 -9999 -9999 -9999 -9999 -9999 -9999
-166 -167 -168 -169 -170 -172 -175 -176 -178 -180 -183 -9999 -174 -130 -113 -114 -112 -113 -115 -116 -117 -118 -118 -118 -118 -119 -162 -193 -193 -194 -195 -196 -197 -198 -198 -198 -199 -200 -201 -202 -202 -203 -204 -204 -205 -205 -206 -207 -207 -207 -209 -210 -211 -212 -213 -212 -213 -214 -215 -216 -217 -217 -218 -218 -219 -219 -219 -219 -219 -217 -216 -216 -215 -215 -214 -215 -214 -214 -9999 -9999 -9999 -9999 -9999 -9999
-164 -164 -166 -167 -169 -170 -171 -174 -176 -179 -180 -181 -176 -147 -109 -110 -109 -119 -133 -161 -150 -121 -131 -141 -127 -152 -190 -191 -192 -192 -9999 -193 -193 -194 -194 -194 -9999 -196 -197 -198 -199 -200 -200 -201 -201 -202 -202 -203 -204 -205 -206 -207 -208 -208 -209 -209 -209 -210 -211 -212 -213 -213 -214 -214 -215 -215 -215 -215 -215 -215 -214 -214 -213 -214 -214 -214 -214 -214 -213 -212 -212 -211 -9999 -9999
-9999 -162 -164 -165 -167 -168 -169 -171 -173 -174 -176 -177 -180 -161 -130 -130 -144 -166 -179 -180 -182 -177 -182 -185 -186 -187 -188 -189 -190 -190 -191 -190 -189 -189 -190 -191 -192 -193 -9999 -195 -195 -196 -197 -198 -198 -198 -199 -200 -201 -201 -202 -203 -204 -205 -205 -206 -206 -207 -207 -208 -209 -210 -210 -211 -211 -211 -212 -212 -212 -212 -211 -210 -211 -212 -213 -213 -213 -213 -213 -212 -211 -210 -210 -9999
-161 -161 -9999 -163 -9999 -9999 -168 -170 -172 -173 -174 -175 -176 -177 -178 -177 -174 -172 -172 -174 -177 -179 -179 -182 -183 -184 -184 -185 -186 -188 -9999 -186 -184 -184 -185 -186 -188 -190 -191 -191 -192 -193 -9999 -194 -194 -195 -195 -196 -197 -198 -199 -200 -201 -201 -202 -203 -203 -204 -204 -205 -206 -207 -207 -208 -208 -208 -208 -208 -208 -208 -208 -208 -208 -209 -210 -210 -210 -210 -210 -210 -209 -209 -208 -9999
-161 -162 -163 -163 -165 -166 -170 -175 -170 -169 -170 -171 -173 -174 -174 -172 -168 -164 -9999 -169 -172 -174 -176 -9999 -178 -180 -181 -181 -182 -184 -183 -180 -179 -179 -182 -183 -184 -186 -188 -189 -189 -189 -9999 -190 -190 -191 -191 -193 -193 -195 -195 -197 -198 -199 -200 -201 -201 -202 -202 -203 -204 -204 -205 -205 -205 -205 -206 -206 -206 -206 -206 -206 -206 -206 -206 -206 -207 -207 -207 -207 -206 -206 -206 -207
-163 -162 -162 -164 -165 -168 -169 -169 -167 -167 -168 -169 -170 -171 -171 -168 -165 -162 -9999 -165 -168 -170 -171 -173 -174 -175 -176 -178 -179 -179 -178 -176 -127 -166 -177 -180 -182 -183 -185 -186 -186 -186 -186 -187 -187 -187 -188 -189 -190 -191 -192 -193 -195 -196 -197 -197 -198 -200 -200 -201 -202 -202 -203 -203 -203 -203 -203 -203 -203 -204 -204 -204 -204 -203 -203 -203 -204 -204 -204 -204 -204 -205 -205 -206
-159 -160 -9999 -164 -165 -175 -190 -181 -9999 -165 -166 -167 -167 -168 -9999 -168 -166 -162 -162 -163 -164 -167 -169 -169 -170 -172 -173 -174 -174 -174 -174 -173 -133 -168 -175 -177 -180 -181 -182 -183 -184 -183 -183 -9999 -184 -184 -185 -9999 -187 -188 -189 -191 -192 -193 -193 -195 -196 -197 -198 -199 -200 -200 -201 -201 -201 -201 -200 -200 -200 -201 -200 -200 -201 -202 -9999 -200 -200 -201 -202 -202 -202 -202 -202 -203
-155 -156 -160 -165 -176 -185 -188 -185 -180 -181 -163 -163 -164 -166 -168 -169 -166 -163 -161 -9999 -9999 -163 -163 -165 -166 -9999 -169 -170 -170 -171 -171 -170 -171 -172 -174 -176 -177 -9999 -180 -181 -182 -181 -181 -181 -181 -182 -181 -183 -184 -185 -187 -188 -189 -190 -191 -193 -194 -194 -195 -196 -197 -198 -198 -199 -199 -199 -199 -199 -198 -198 -197 -197 -198 -197 -197 -197 -197 -198 -198 -199 -199 -199 -199 -200
-152 -155 -157 -163 -183 -184 -184 -183 -182 -181 -181 -174 -166 -166 -167 -169 -171 -171 -168 -165 -160 -160 -162 -9999 -164 -9999 -166 -9999 -167 -168 -169 -169 -9999 -171 -173 -175 -176 -177 -179 -179 -179 -179 -179 -9999 -179 -9999 -178 -180 -181 -183 -184 -185 -186 -187 -188 -189 -190 -191 -193 -193 -194 -194 -195 -196 -197 -198 -197 -197 -196 -196 -196 -195 -195 -195 -195 -195 -194 -195 -196 -196 -196 -196 -196 -196
-147 -151 -156 -172 -181 -181 -180 -180 -177 -177 -9999 -180 -181 -182 -184 -188 -184 -9999 -180 -181 -179 -178 -9999 -9999 -183 -180 -173 -174 -9999 -9999 -9999 -9999 -9999 -9999 -172 -167 -171 -176 -177 -178 -178 -178 -177 -177 -176 -176 -176 -177 -178 -180 -181 -182 -184 -185 -186 -187 -188 -189 -189 -190 -191 -192 -193 -193 -194 -194 -194 -194 -194 -194 -193 -193 -193 -193 -192 -192 -193 -193 -193 -193 -194 -194 -194 -194
-140 -146 -153 -172 -176 -177 -177 -176 -173 -173 -175 -178 -179 -183 -189 -191 -180 -178 -177 -177 -177 -177 -9999 -9999 -9999 -181 -182 -183 -9999 -9999 -9999 -9999 -9999 -9999 -166 -150 -136 -125 -165 -176 -176 -176 -176 -175 -175 -175 -176 -176 -176 -178 -178 -180 -181 -182 -183 -184 -185 -186 -187 -187 -188 -189 -190 -191 -192 -191 -192 -191 -191 -192 -192 -191 -191 -190 -190 -190 -190 -190 -191 -191 -191 -191 -191 -191
-132 -139 -150 -166 -173 -173 -174 -173 -172 -172 -175 -179 -183 -185 -184 -179 -174 -174 -173 -173 -9999 -9999 -9999 -9999 -177 -178 -9999 -180 -9999 -9999 -9999 -9999 -9999 -9999 -9999 -96 -97 -99 -109 -156 -174 -174 -173 -173 -173 -173 -173 -173 -174 -175 -175 -176 -177 -9999 -179 -180 -181 -9999 -184 -185 -186 -187 -188 -189 -188 -188 -189 -189 -189 -188 -188 -188 -188 -188 -188 -188 -187 -188 -188 -188 -189 -188 -188 -188
-131 -137 -148 -164 -170 -170 -171 -172 -172 -174 -176 -177 -178 -178 -176 -171 -170 -171 -174 -9999 -170 -9999 -171 -9999 -9999 -9999 -9999 -9999 -181 -9999 -9999 -9999 -9999 -9999 -9999 -95 -96 -96 -96 -103 -165 -171 -171 -171 -171 -171 -171 -172 -172 -172 -173 -174 -174 -175 -176 -177 -178 -9999 -181 -9999 -183 -184 -185 -185 -185 -185 -186 -186 -185 -185 -185 -185 -185 -185 -184 -184 -185 -185 -185 -186 -186 -186 -187 -186
-133 -138 -141 -137 -153 -169 -170 -171 -172 -174 -176 -177 -177 -176 -174 -172 -176 -181 -181 -180 -169 -167 -168 -169 -171 -9999 -175 -177 -180 -182 -9999 -9999 -9999 -9999 -9999 -9999 -95 -95 -94 -94 -134 -168 -168 -168 -168 -169 -169 -170 -170 -170 -171 -171 -172 -173 -174 -175 -176 -177 -9999 -180 -181 -181 -182 -182 -182 -184 -184 -185 -185 -183 -183 -183 -182 -182 -182 -183 -183 -183 -183 -183 -184 -184 -185 -185
-135 -135 -135 -123 -129 -154 -167 -168 -170 -172 -175 -178 -179 -177 -177 -175 -175 -176 -174 -170 -164 -165 -166 -167 -9999 -9999 -173 -176 -179 -179 -167 -9999 -9999 -9999 -9999 -9999 -9999 -92 -91 -90 -119 -165 -165 -165 -165 -166 -166 -167 -168 -168 -169 -169 -170 -171 -172 -173 -174 -176 -177 -178 -178 -179 -180 -180 -180 -181 -181 -181 -181 -180 -180 -180 -179 -179 -180 -180 -181 -180 -180 -180 -181 -181 -182 -182
-132 -130 -129 -131 -133 -146 -162 -163 -166 -170 -172 -175 -176 -175 -174 -174 -174 -172 -167 -164 -165 -167 -165 -165 -9999 -9999 -9999 -174 -178 -180 -172 -165 -9999 -9999 -90 -9999 -9999 -88 -87 -87 -117 -162 -9999 -162 -163 -163 -163 -164 -164 -165 -166 -167 -167 -167 -169 -170 -172 -173 -173 -174 -175 -176 -177 -178 -178 -178 -179 -179 -179 -178 -177 -177 -177 -177 -177 -177 -177 -178 -178 -178 -178 -179 -179 -179
-132 -128 -125 -125 -127 -140 -157 -9999 -9999 -166 -168 -171 -172 -172 -172 -172 -172 -172 -171 -171 -173 -174 -164 -163 -9999 -9999 -168 -172 -176 -180 -181 -170 -165 -9999 -89 -88 -9999 -9999 -83 -83 -134 -158 -163 -161 -180 -167 -171 -162 -161 -162 -162 -163 -163 -164 -165 -167 -168 -169 -171 -171 -172 -173 -174 -175 -176 -176 -176 -177 -176 -177 -177 -176 -175 -176 -176 -176 -176 -175 -175 -175 -175 -175 -176 -176
-132 -125 -121 -120 -122 -141 -154 -158 -161 -164 -167 -168 -168 -168 -169 -170 -172 -172 -173 -172 -172 -173 -165 -161 -160 -162 -9999 -169 -9999 -9999 -9999 -180 -169 -146 -86 -85 -83 -81 -79 -92 -152 -165 -180 -181 -182 -182 -180 -9999 -161 -160 -160 -160 -160 -160 -162 -163 -164 -165 -166 -168 -169 -170 -171 -172 -172 -174 -175 -175 -175 -175 -173 -173 -172 -172 -173 -174 -173 -173 -172 -172 -172 -172 -172 -172
-130 -124 -118 -116 -126 -146 -152 -156 -160 -163 -166 -166 -167 -165 -165 -167 -169 -168 -167 -167 -168 -168 -163 -159 -157 -9999 -162 -167 -9999 -9999 -180 -182 -179 -161 -87 -83 -81 -9999 -9999 -133 -159 -175 -177 -177 -178 -178 -179 -177 -161 -157 -157 -158 -157 -157 -157 -158 -160 -9999 -162 -164 -166 -167 -168 -169 -171 -172 -172 -172 -172 -173 -171 -171 -170 -170 -170 -170 -170 -170 -170 -170 -169 -169 -170 -169
-108 -86 -93 -113 -131 -144 -149 -153 -156 -159 -155 -141 -163 -162 -162 -163 -164 -164 -163 -163 -165 -164 -162 -160 -158 -156 -159 -164 -168 -172 -9999 -178 -180 -179 -135 -96 -87 -9999 -9999 -145 -160 -171 -173 -174 -174 -175 -176 -176 -159 -153 -152 -151 -151 -152 -153 -155 -156 -158 -159 -160 -162 -9999 -167 -167 -170 -172 -171 -172 -171 -171 -170 -170 -169 -168 -169 -169 -169 -169 -168 -167 -167 -166 -166 -166
-46 -55 -62 -109 -136 -139 -142 -145 -144 -146 -152 -153 -151 -150 -158 -159 -159 -159 -159 -160 -165 -166 -167 -166 -168 -166 -160 -162 -164 -167 -171 -173 -175 -177 -177 -172 -155 -9999 -9999 -9999 -147 -165 -168 -169 -171 -172 -173 -173 -165 -151 -147 -145 -145 -147 -149 -151 -152 -154 -156 -162 -174 -177 -179 -183 -186 -186 -184 -176 -169 -169 -168 -167 -167 -166 -167 -166 -167 -167 -167 -166 -164 -164 -163 -163
-34 -35 -48 -111 -122 -122 -128 -129 -130 -130 -130 -131 -132 -132 -145 -155 -156 -155 -155 -157 -161 -165 -166 -166 -167 -169 -166 -160 -161 -162 -9999 -9999 -170 -172 -173 -173 -168 -9999 -140 -138 -136 -141 -161 -165 -167 -168 -168 -167 -162 -149 -140 -139 -140 -142 -145 -146 -148 -151 -160 -168 -177 -181 -182 -183 -184 -184 -184 -184 -176 -167 -166 -165 -164 -164 -164 -164 -165 -165 -165 -164 -163 -162 -160 -160
-33 -33 -86 -105 -110 -115 -119 -122 -125 -126 -127 -129 -129 -128 -135 -152 -151 -145 -148 -152 -157 -161 -162 -158 -148 -141 -149 -158 -157 -158 -160 -9999 -9999 -167 -169 -169 -167 -9999 -139 -136 -135 -135 -146 -162 -163 -163 -162 -162 -161 -155 -149 -139 -137 -138 -140 -142 -9999 -151 -158 -169 -176 -178 -179 -180 -181 -182 -181 -182 -180 -163 -160 -160 -161 -161 -162 -162 -162 -163 -163 -163 -161 -163 -168 -168
-9999 -9999 -78 -104 -106 -109 -115 -120 -117 -118 -120 -123 -125 -127 -140 -144 -145 -132 -134 -138 -145 -147 -148 -135 -130 -130 -131 -154 -154 -154 -154 -155 -158 -161 -164 -165 -163 -158 -141 -136 -135 -135 -141 -158 -160 -160 -158 -159 -159 -158 -9999 -157 -153 -152 -151 -141 -141 -146 -9999 -159 -172 -174 -9999 -177 -179 -180 -179 -177 -169 -156 -9999 -9999 -155 -143 -129 -122 -111 -9999 -122 -141 -160 -170 -169 -168
-35 -61 -99 -105 -111 -114 -117 -124 -113 -109 -113 -117 -121 -122 -125 -123 -122 -122 -121 -121 -122 -126 -123 -123 -125 -124 -123 -132 -149 -152 -151 -151 -152 -155 -158 -159 -160 -156 -141 -136 -135 -139 -9999 -159 -159 -158 -153 -154 -156 -156 -155 -155 -151 -147 -153 -139 -141 -143 -145 -150 -169 -171 -173 -174 -176 -176 -175 -172 -162 -152 -9999 -9999 -96 -87 -88 -90 -92 -93 -93 -94 -127 -168 -166 -166
-76 -98 -103 -108 -112 -114 -113 -109 -103 -102 -107 -112 -115 -114 -116 -117 -118 -118 -118 -116 -115 -121 -121 -120 -122 -121 -119 -120 -137 -147 -150 -147 -148 -150 -153 -155 -157 -155 -144 -151 -145 -149 -158 -158 -157 -156 -9999 -9999 -152 -152 -152 -153 -9999 -154 -139 -137 -141 -143 -144 -144 -165 -167 -170 -172 -172 -172 -171 -169 -157 -9999 -99 -9999 -82 -85 -86 -87 -88 -89 -90 -89 -121 -164 -164 -155
-95 -98 -104 -9999 -112 -114 -111 -102 -101 -101 -103 -109 -112 -112 -112 -113 -113 -113 -114 -114 -121 -135 -134 -123 -120 -119 -117 -119 -116 -134 -150 -147 -143 -146 -149 -152 -154 -156 -156 -157 -159 -158 -158 -158 -156 -9999 -154 -152 -150 -149 -150 -151 -153 -153 -142 -135 -138 -142 -143 -141 -157 -163 -166 -168 -169 -169 -169 -166 -156 -9999 -77 -9999 -9999 -83 -84 -83 -83 -85 -84 -83 -98 -158 -161 -118
