resultados/variables_norteamerica/diversidad_topo.asc
ncols 469
nrows 225
xllcorner -169.133333
yllcorner 20.675000
cellsize 0.249840
NODATA_value -9999
[rows 160 to 199 of 225, columns 178 to 266 of 469]
-9999 -9999 -9999 -9999 -9999 -9999 -9999 -9999 -9999 -9999 -9999 31 208 221 210 159 22 5 8 13 96 223 521 525 503 965 587 413 412 568 602 192 227 238 154 203 206 299 465 174 289 210 197 374 191 126 49 103 126 267 207 296 247 169 141 169 171 129 79 48 88 256 317 53 92 78 74 100 68 109 101 109 304 127 151 89 407 216 138 120 161 185 101 134 75 58 59 42 37
-9999 -9999 -9999 -9999 -9999 -9999 -9999 -9999 -9999 -9999 -9999 151 284 232 193 210 227 25 5 8 9 119 341 722 457 628 590 618 423 529 567 457 202 130 317 273 184 510 463 171 116 170 329 259 75 170 110 122 306 191 402 152 113 58 99 84 92 161 193 62 72 228 306 82 42 72 81 91 77 93 75 126 135 199 173 101 472 301 306 127 45 121 104 66 52 51 39 36 23
-9999 -9999 -9999 -9999 -9999 -9999 -9999 -9999 -9999 -9999 -9999 320 280 227 160 238 305 162 15 4 6 11 153 624 473 355 761 338 403 520 739 486 234 151 268 497 486 251 271 170 176 321 250 427 110 266 275 266 298 519 376 213 97 82 73 103 88 92 89 213 102 126 233 159 29 64 61 45 74 75 52 168 197 275 138 181 349 215 285 118 31 60 42 83 59 46 38 22 22
-9999 -9999 -9999 -9999 -9999 -9999 -9999 -9999 -9999 -9999 -9999 -9999 389 240 155 178 176 245 86 3 5 11 62 465 336 308 529 351 261 309 594 418 255 202 206 242 313 175 138 165 243 227 364 294 265 372 259 105 160 328 240 358 76 105 97 71 48 57 94 120 88 113 145 331 37 40 41 50 54 50 68 262 264 376 111 313 348 228 109 119 70 68 49 97 57 39 26 25 17
-9999 -9999 -9999 -9999 -9999 -9999 -9999 -9999 -9999 -9999 -9999 -9999 -9999 218 126 84 135 147 126 26 3 18 49 290 393 551 379 143 361 281 296 283 303 206 299 229 283 159 217 255 136 179 317 185 270 444 97 58 24 63 104 85 220 87 105 73 78 79 72 105 92 113 107 210 120 96 49 57 68 65 71 239 243 296 127 389 282 153 51 59 95 116 95 122 54 40 35 34 44
-9999 -9999 -9999 -9999 -9999 -9999 -9999 -9999 -9999 -9999 -9999 -9999 -9999 -9999 229 107 77 95 198 108 9 16 73 308 376 452 338 167 157 219 190 193 363 481 253 101 283 307 224 340 326 242 188 308 126 113 154 70 48 44 97 168 162 103 46 54 52 94 61 66 65 58 91 69 78 101 96 86 122 249 103 149 170 135 87 202 271 118 89 108 164 50 76 81 62 62 61 46 40
-9999 -9999 -9999 -9999 -9999 -9999 -9999 -9999 -9999 -9999 -9999 -9999 -9999 -9999 -9999 167 180 166 109 251 161 37 27 249 309 280 253 180 129 128 105 113 193 180 208 225 166 293 228 210 270 135 197 156 188 55 95 115 90 142 97 230 278 134 64 41 70 88 73 58 60 111 92 51 133 134 143 147 224 259 92 90 300 217 117 96 134 102 130 67 65 84 125 71 34 40 37 59 51
-9999 -9999 -9999 -9999 -9999 -9999 -9999 -9999 -9999 -9999 -9999 -9999 -9999 -9999 -9999 -9999 105 158 224 178 206 254 284 389 286 248 59 45 54 119 156 165 119 146 141 241 291 212 155 174 181 172 331 319 198 127 116 158 122 261 237 160 85 143 78 46 46 53 44 47 82 73 61 97 64 137 127 130 173 102 85 96 223 135 36 76 89 63 57 61 43 66 115 54 58 86 60 17 17
-9999 -9999 -9999 -9999 -9999 -9999 -9999 -9999 -9999 -9999 -9999 -9999 -9999 -9999 -9999 -9999 86 120 242 300 294 305 356 197 225 60 37 88 65 81 152 285 208 168 130 290 222 129 128 139 92 193 240 306 335 189 156 119 67 181 279 229 198 115 89 97 86 81 34 37 75 74 67 71 48 41 47 129 174 128 130 73 193 181 34 71 61 73 59 54 48 59 63 60 49 26 25 23 19
-9999 -9999 -9999 -9999 -9999 -9999 -9999 -9999 -9999 -9999 -9999 -9999 -9999 -9999 -9999 -9999 140 117 202 297 319 473 397 338 278 194 183 148 99 72 142 175 170 156 200 190 180 270 218 88 177 262 109 178 203 168 235 157 168 179 261 205 185 77 99 101 78 38 43 84 81 74 78 110 80 46 63 114 131 109 131 39 316 146 70 36 44 52 63 58 49 43 73 37 21 26 25 16 17
-9999 -9999 -9999 -9999 -9999 -9999 -9999 -9999 -9999 -9999 -9999 -9999 -9999 -9999 -9999 -9999 -9999 -9999 -9999 -9999 -9999 165 170 151 185 380 368 530 462 271 409 553 323 106 141 232 180 175 141 180 108 197 137 167 164 181 157 183 235 334 133 312 285 231 318 127 99 79 92 119 158 96 92 89 116 79 92 152 158 177 150 78 123 98 37 123 66 51 62 77 56 51 47 38 32 32 24 28 23
-9999 -9999 -9999 -9999 -9999 -9999 -9999 -9999 -9999 -9999 -9999 -9999 -9999 -9999 -9999 -9999 -9999 -9999 -9999 -9999 -9999 -9999 -9999 183 175 91 117 174 165 140 472 694 428 259 302 174 138 197 151 88 101 65 77 75 180 158 63 134 188 402 263 273 368 249 133 172 162 140 119 209 197 240 196 111 133 156 141 77 79 208 304 124 127 110 60 111 66 74 54 43 45 33 41 31 29 34 26 16 25
-9999 -9999 -9999 -9999 -9999 -9999 -9999 -9999 -9999 -9999 -9999 -9999 -9999 -9999 -9999 -9999 -9999 -9999 -9999 -9999 -9999 -9999 -9999 -9999 -9999 -9999 22 131 297 81 128 578 662 306 385 227 223 116 166 130 145 53 72 141 110 204 65 116 117 94 129 193 280 352 429 312 219 132 138 260 262 146 210 201 206 142 144 140 192 206 222 59 52 165 105 215 114 70 59 39 54 38 30 41 18 25 21 16 27
-9999 -9999 -9999 -9999 -9999 -9999 -9999 -9999 -9999 -9999 -9999 -9999 -9999 -9999 -9999 -9999 -9999 -9999 -9999 -9999 -9999 -9999 -9999 -9999 -9999 -9999 -9999 66 259 172 129 275 314 600 149 262 117 228 107 73 61 86 117 86 48 62 112 65 157 27 50 121 128 291 284 236 256 229 139 143 225 368 238 249 170 128 100 116 255 310 59 18 117 229 119 319 150 304 102 36 50 46 24 39 24 22 18 14 15
-9999 -9999 -9999 -9999 -9999 -9999 -9999 -9999 -9999 -9999 -9999 -9999 -9999 -9999 -9999 -9999 -9999 -9999 -9999 -9999 -9999 -9999 -9999 -9999 -9999 -9999 -9999 -9999 -9999 120 312 255 328 333 202 -9999 152 175 75 78 119 80 207 105 87 74 45 35 34 168 63 23 80 195 211 260 184 219 237 205 160 234 203 427 241 208 157 228 162 94 101 192 259 53 162 342 165 118 106 67 34 35 32 54 19 20 16 16 18
-9999 -9999 -9999 -9999 -9999 -9999 -9999 -9999 -9999 -9999 -9999 -9999 -9999 -9999 -9999 -9999 -9999 -9999 -9999 -9999 -9999 -9999 -9999 -9999 -9999 -9999 -9999 -9999 -9999 72 146 222 285 293 149 27 0 64 145 92 71 111 125 83 65 54 64 77 107 87 30 57 31 88 162 210 182 312 149 292 189 262 210 134 269 203 160 288 145 151 57 171 264 15 101 345 149 111 91 67 38 22 39 50 23 22 17 19 20
-9999 -9999 -9999 -9999 -9999 -9999 -9999 -9999 -9999 -9999 -9999 -9999 -9999 -9999 -9999 -9999 -9999 -9999 -9999 -9999 -9999 -9999 -9999 -9999 -9999 -9999 -9999 -9999 -9999 49 79 223 268 422 187 29 0 10 29 82 63 74 81 40 18 23 18 64 131 107 128 24 22 89 158 180 262 220 429 513 94 147 207 180 147 163 179 230 139 117 87 90 242 12 40 441 186 126 82 68 44 34 33 71 32 24 17 18 19
-9999 -9999 -9999 -9999 -9999 -9999 -9999 -9999 -9999 -9999 -9999 -9999 -9999 -9999 -9999 -9999 -9999 -9999 -9999 -9999 -9999 -9999 -9999 -9999 -9999 -9999 -9999 -9999 -9999 -9999 87 197 149 102 394 250 119 6 5 8 23 137 86 55 59 43 84 104 112 89 76 48 72 58 138 333 158 258 124 370 90 169 79 58 193 111 93 152 89 122 126 50 215 9 28 286 246 137 161 100 64 31 25 36 24 21 18 16 16
-9999 -9999 -9999 -9999 -9999 -9999 -9999 -9999 -9999 -9999 -9999 -9999 -9999 -9999 -9999 -9999 -9999 -9999 -9999 -9999 -9999 -9999 -9999 -9999 -9999 -9999 -9999 -9999 -9999 -9999 -9999 200 161 209 92 576 206 132 3 8 22 50 74 73 69 46 128 59 71 73 69 72 74 68 113 495 335 168 187 75 270 57 127 66 158 85 52 48 60 74 45 71 267 15 64 69 70 104 257 157 95 83 29 52 31 28 21 15 12
-9999 -9999 -9999 -9999 -9999 -9999 -9999 -9999 -9999 -9999 -9999 -9999 -9999 -9999 -9999 -9999 -9999 -9999 -9999 -9999 -9999 -9999 -9999 -9999 -9999 -9999 -9999 -9999 -9999 -9999 -9999 135 196 221 219 623 77 128 3 8 16 34 64 96 38 58 87 133 56 78 81 112 226 151 120 108 260 124 138 29 93 273 95 80 45 58 69 19 156 76 56 39 96 12 148 47 90 60 182 224 200 57 32 51 37 43 24 20 16
-9999 -9999 -9999 -9999 -9999 -9999 -9999 -9999 -9999 -9999 -9999 -9999 -9999 -9999 -9999 -9999 -9999 -9999 -9999 -9999 -9999 -9999 -9999 -9999 -9999 -9999 -9999 -9999 -9999 -9999 -9999 -9999 224 156 243 329 251 90 52 -9999 -9999 18 25 36 177 36 81 100 83 31 46 85 208 173 128 321 144 188 166 118 123 296 223 90 99 62 82 51 22 71 56 9 133 35 132 65 59 61 32 245 84 60 49 27 45 26 25 40 27
-9999 -9999 -9999 -9999 -9999 -9999 -9999 -9999 -9999 -9999 -9999 -9999 -9999 -9999 -9999 -9999 -9999 -9999 -9999 -9999 -9999 -9999 -9999 -9999 -9999 -9999 -9999 -9999 -9999 -9999 -9999 -9999 191 275 212 138 329 179 126 -9999 -9999 27 17 14 55 33 66 102 70 61 85 68 89 89 145 198 100 248 184 147 134 155 156 170 128 170 143 81 22 13 19 19 59 46 51 120 70 47 195 181 118 53 38 42 18 25 14 30 31
-9999 -9999 -9999 -9999 -9999 -9999 -9999 -9999 -9999 -9999 -9999 -9999 -9999 -9999 -9999 -9999 -9999 -9999 -9999 -9999 -9999 -9999 -9999 -9999 -9999 -9999 -9999 -9999 -9999 -9999 -9999 -9999 -9999 125 212 170 266 162 231 -9999 -9999 -9999 -9999 -9999 -9999 -9999 59 65 113 91 149 71 85 115 113 199 91 249 159 95 97 110 154 185 53 83 25 70 89 54 19 12 46 113 122 68 121 47 117 232 117 98 44 36 19 22 18 13 16
-9999 -9999 -9999 -9999 -9999 -9999 -9999 -9999 -9999 -9999 -9999 -9999 -9999 -9999 -9999 -9999 -9999 -9999 -9999 -9999 -9999 -9999 -9999 -9999 -9999 -9999 -9999 -9999 -9999 -9999 -9999 -9999 -9999 63 144 285 496 609 232 -9999 -9999 -9999 -9999 -9999 -9999 -9999 32 53 109 135 76 91 155 126 190 237 167 176 189 147 88 159 310 234 123 56 64 131 197 78 97 17 96 79 103 219 154 84 118 118 82 123 187 63 34 31 35 41 49
-9999 -9999 -9999 -9999 -9999 -9999 -9999 -9999 -9999 -9999 -9999 -9999 -9999 -9999 -9999 -9999 -9999 -9999 -9999 -9999 -9999 -9999 -9999 -9999 -9999 -9999 -9999 -9999 -9999 -9999 -9999 -9999 -9999 -9999 -9999 203 473 611 117 118 -9999 -9999 -9999 -9999 -9999 -9999 13 29 56 120 146 66 70 88 196 218 227 141 215 209 111 233 276 176 88 76 82 194 135 33 42 74 32 66 54 74 222 130 186 86 52 116 177 203 123 42 52 55 62
-9999 -9999 -9999 -9999 -9999 -9999 -9999 -9999 -9999 -9999 -9999 -9999 -9999 -9999 -9999 -9999 -9999 -9999 -9999 -9999 -9999 -9999 -9999 -9999 -9999 -9999 -9999 -9999 -9999 -9999 -9999 -9999 -9999 -9999 -9999 213 206 300 255 149 -9999 -9999 -9999 -9999 -9999 -9999 -9999 44 117 44 107 69 82 81 94 222 169 190 142 212 177 393 376 267 221 280 116 184 178 26 55 44 28 105 80 80 69 21 145 144 98 102 100 94 112 101 126 92 53
-9999 -9999 -9999 -9999 -9999 -9999 -9999 -9999 -9999 -9999 -9999 -9999 -9999 -9999 -9999 -9999 -9999 -9999 -9999 -9999 -9999 -9999 -9999 -9999 -9999 -9999 -9999 -9999 -9999 -9999 -9999 -9999 -9999 -9999 -9999 144 137 213 214 210 -9999 -9999 -9999 -9999 -9999 -9999 -9999 96 161 116 82 150 125 80 75 144 138 247 201 148 243 283 264 247 170 162 153 101 57 54 69 62 62 69 38 125 22 15 77 89 40 58 53 87 133 135 112 85 72
-9999 -9999 -9999 -9999 -9999 -9999 -9999 -9999 -9999 -9999 -9999 -9999 -9999 -9999 -9999 -9999 -9999 -9999 -9999 -9999 -9999 -9999 -9999 -9999 -9999 -9999 -9999 -9999 -9999 -9999 -9999 -9999 -9999 -9999 -9999 95 107 74 90 173 -9999 -9999 -9999 -9999 -9999 -9999 -9999 95 138 56 72 112 78 94 49 108 254 171 197 118 304 217 194 255 220 126 268 284 50 138 60 172 161 82 61 38 57 73 132 175 216 103 80 107 122 86 77 129 113
-9999 -9999 -9999 -9999 -9999 -9999 -9999 -9999 -9999 -9999 -9999 -9999 -9999 -9999 -9999 -9999 -9999 -9999 -9999 -9999 -9999 -9999 -9999 -9999 -9999 -9999 -9999 -9999 -9999 -9999 -9999 -9999 -9999 -9999 -9999 -9999 114 101 119 137 304 165 -9999 -9999 -9999 -9999 -9999 -9999 90 119 138 100 103 66 88 136 184 306 286 166 269 266 368 366 251 144 179 87 300 176 218 141 159 128 59 92 50 51 54 167 227 171 96 90 53 128 143 108 86
-9999 -9999 -9999 -9999 -9999 -9999 -9999 -9999 -9999 -9999 -9999 -9999 -9999 -9999 -9999 -9999 -9999 -9999 -9999 -9999 -9999 -9999 -9999 -9999 -9999 -9999 -9999 -9999 -9999 -9999 -9999 -9999 -9999 -9999 -9999 -9999 -9999 171 130 148 157 207 232 -9999 -9999 -9999 -9999 -9999 -9999 69 64 127 117 68 65 71 77 255 217 152 94 235 170 277 308 196 113 90 250 237 131 255 234 84 66 83 147 120 112 187 49 61 136 126 131 127 197 153 103
-9999 -9999 -9999 -9999 -9999 -9999 -9999 -9999 -9999 -9999 -9999 -9999 -9999 -9999 -9999 -9999 -9999 -9999 -9999 -9999 -9999 -9999 -9999 -9999 -9999 -9999 -9999 -9999 -9999 -9999 -9999 -9999 -9999 -9999 -9999 -9999 -9999 -9999 -9999 137 181 109 263 156 -9999 201 -9999 -9999 -9999 -9999 90 46 55 76 110 53 67 135 124 250 251 267 214 329 359 351 118 77 239 158 103 97 220 55 166 36 117 102 78 151 254 130 273 183 112 270 206 375 178
-9999 -9999 -9999 -9999 -9999 -9999 -9999 -9999 -9999 -9999 -9999 -9999 -9999 -9999 -9999 -9999 -9999 -9999 -9999 -9999 -9999 -9999 -9999 -9999 -9999 -9999 -9999 -9999 -9999 -9999 -9999 -9999 -9999 -9999 -9999 -9999 -9999 -9999 -9999 -9999 110 126 127 119 -9999 179 -9999 -9999 -9999 -9999 110 18 24 31 58 63 50 215 138 238 322 183 322 245 323 278 173 171 233 242 114 92 187 127 219 117 95 192 72 51 54 161 168 160 153 185 178 360 375
-9999 -9999 -9999 -9999 -9999 -9999 -9999 -9999 -9999 -9999 -9999 -9999 -9999 -9999 -9999 -9999 -9999 -9999 -9999 -9999 -9999 -9999 -9999 -9999 -9999 -9999 -9999 -9999 -9999 -9999 -9999 -9999 -9999 -9999 -9999 -9999 -9999 -9999 -9999 -9999 -9999 111 77 195 409 252 -9999 -9999 -9999 -9999 -9999 13 15 20 37 39 71 70 92 142 345 237 348 259 244 266 168 114 117 179 91 95 157 158 128 104 105 165 179 75 50 110 64 143 288 124 162 87 206
-9999 -9999 -9999 -9999 -9999 -9999 -9999 -9999 -9999 -9999 -9999 -9999 -9999 -9999 -9999 -9999 -9999 -9999 -9999 -9999 -9999 -9999 -9999 -9999 -9999 -9999 -9999 -9999 -9999 -9999 -9999 -9999 -9999 -9999 -9999 -9999 -9999 -9999 -9999 -9999 -9999 -9999 117 228 333 149 -9999 -9999 -9999 -9999 -9999 4 10 38 191 108 131 63 93 191 181 234 324 172 171 275 217 177 123 100 153 81 128 217 176 227 32 154 104 58 85 56 63 61 173 95 115 119 288
-9999 -9999 -9999 -9999 -9999 -9999 -9999 -9999 -9999 -9999 -9999 -9999 -9999 -9999 -9999 -9999 -9999 -9999 -9999 -9999 -9999 -9999 -9999 -9999 -9999 -9999 -9999 -9999 -9999 -9999 -9999 -9999 -9999 -9999 -9999 -9999 -9999 229 -9999 -9999 -9999 -9999 29 174 251 156 191 -9999 -9999 -9999 -9999 -9999 -9999 67 101 84 43 81 99 155 154 163 380 210 302 253 161 193 192 115 69 93 106 100 163 59 142 71 79 152 71 77 162 75 94 115 365 146 265
-9999 -9999 -9999 -9999 -9999 -9999 -9999 -9999 -9999 -9999 -9999 -9999 -9999 -9999 -9999 -9999 -9999 -9999 -9999 -9999 -9999 -9999 -9999 -9999 -9999 -9999 -9999 -9999 -9999 -9999 -9999 -9999 -9999 -9999 -9999 -9999 -9999 250 -9999 -9999 -9999 -9999 15 41 83 107 204 -9999 -9999 -9999 -9999 -9999 -9999 111 148 104 74 138 59 71 133 178 341 331 312 469 169 147 112 133 98 161 141 145 146 71 46 64 73 101 43 105 74 144 106 92 266 92 95
-9999 -9999 -9999 -9999 -9999 -9999 -9999 -9999 -9999 -9999 -9999 -9999 -9999 -9999 -9999 -9999 -9999 -9999 -9999 -9999 -9999 -9999 -9999 -9999 -9999 -9999 -9999 -9999 -9999 -9999 -9999 -9999 -9999 -9999 -9999 -9999 -9999 -9999 -9999 60 105 -9999 -9999 22 25 114 220 144 -9999 -9999 -9999 -9999 -9999 -9999 -9999 -9999 43 200 67 113 124 141 263 356 280 397 345 119 101 134 160 243 145 111 96 90 68 82 96 43 70 95 101 88 141 42 26 184 112
-9999 -9999 -9999 -9999 -9999 -9999 -9999 -9999 -9999 -9999 -9999 -9999 -9999 -9999 -9999 -9999 -9999 -9999 -9999 -9999 -9999 -9999 -9999 -9999 -9999 -9999 -9999 -9999 -9999 -9999 -9999 -9999 -9999 -9999 -9999 -9999 -9999 -9999 -9999 142 127 143 27 17 11 147 256 165 308 -9999 -9999 -9999 -9999 -9999 -9999 -9999 2 25 14 101 132 69 227 393 350 465 249 314 220 126 156 170 159 113 79 89 68 44 44 85 76 96 106 216 78 90 66 310 296
-9999 -9999 -9999 -9999 -9999 -9999 -9999 -9999 -9999 -9999 -9999 -9999 -9999 -9999 -9999 -9999 -9999 -9999 -9999 -9999 -9999 -9999 -9999 -9999 -9999 -9999 -9999 -9999 -9999 -9999 -9999 -9999 -9999 -9999 -9999 -9999 -9999 -9999 -9999 -9999 -9999 150 43 65 94 33 133 94 150 -9999 -9999 -9999 -9999 -9999 -9999 -9999 -9999 4 9 20 34 76 124 388 433 295 253 496 144 94 74 157 252 87 152 97 81 67 40 135 52 127 240 240 170 112 55 202 191
-9999 -9999 -9999 -9999 -9999 -9999 -9999 -9999 -9999 -9999 -9999 -9999 -9999 -9999 -9999 -9999 -9999 -9999 -9999 -9999 -9999 -9999 -9999 -9999 -9999 -9999 -9999 -9999 -9999 -9999 -9999 -9999 -9999 -9999 -9999 -9999 -9999 -9999 -9999 -9999 -9999 -9999 63 116 135 33 40 180 257 203 -9999 -9999 -9999 -9999 -9999 -9999 -9999 -9999 -9999 9 13 86 248 300 380 411 544 425 305 80 72 96 233 100 162 127 63 57 46 33 88 181 194 64 86 182 79 177 449
