resultados/variables_norteamerica/diversidad_topo.asc
ncols 469
nrows 225
xllcorner -169.133333
yllcorner 20.675000
cellsize 0.249840
NODATA_value -9999
[rows 80 to 119 of 225, columns 267 to 355 of 469]
-9999 17 13 12 15 15 14 13 17 17 14 16 16 18 16 20 20 20 17 19 17 12 9 8 8 10 9 13 20 24 17 24 19 8 13 16 13 11 12 10 10 10 11 12 11 8 10 9 12 12 12 10 9 -9999 -9999 -9999 -9999 -9999 -9999 -9999 -9999 -9999 -9999 -9999 -9999 -9999 -9999 -9999 -9999 -9999 -9999 -9999 -9999 -9999 -9999 -9999 -9999 -9999 -9999 -9999 -9999 -9999 -9999 -9999 -9999 -9999 -9999 -9999 -9999
22 19 16 21 23 14 24 20 17 20 17 18 14 18 19 20 20 14 20 20 23 15 14 14 10 15 12 17 14 15 16 15 18 14 13 -9999 8 4 9 18 16 16 10 8 8 5 4 6 6 9 12 11 11 11 11 10 6 -9999 -9999 -9999 -9999 -9999 -9999 -9999 -9999 -9999 -9999 -9999 -9999 -9999 -9999 -9999 -9999 -9999 -9999 -9999 -9999 -9999 -9999 -9999 -9999 -9999 -9999 -9999 -9999 -9999 -9999 -9999 -9999
18 17 19 20 18 21 19 22 21 22 19 20 17 15 15 15 17 19 29 19 17 22 26 26 18 11 11 9 6 -9999 -9999 -9999 19 13 4 2 7 7 14 5 12 9 9 9 27 38 36 31 27 17 15 11 12 12 10 7 6 5 -9999 -9999 -9999 -9999 -9999 -9999 -9999 -9999 -9999 -9999 -9999 -9999 -9999 -9999 -9999 -9999 -9999 -9999 -9999 -9999 -9999 -9999 -9999 -9999 -9999 -9999 -9999 -9999 -9999 -9999 -9999
24 23 23 15 14 16 24 15 16 20 21 19 19 19 16 12 12 18 15 10 9 14 12 12 16 11 7 8 8 7 8 7 8 11 11 7 10 14 19 16 23 9 11 17 13 7 8 9 11 11 15 9 5 9 12 11 6 5 8 -9999 -9999 -9999 -9999 -9999 -9999 -9999 -9999 -9999 -9999 -9999 -9999 -9999 -9999 -9999 -9999 -9999 -9999 -9999 -9999 -9999 -9999 -9999 -9999 -9999 -9999 -9999 -9999 -9999 -9999
26 20 17 18 20 21 24 17 16 17 16 17 16 15 13 11 13 15 14 11 9 9 13 9 8 5 4 5 7 7 5 6 11 11 14 16 16 11 9 17 17 20 23 24 8 8 10 5 7 8 6 6 5 8 11 13 10 11 10 10 13 11 9 -9999 -9999 -9999 -9999 -9999 -9999 -9999 -9999 -9999 -9999 -9999 -9999 -9999 -9999 -9999 -9999 -9999 -9999 -9999 -9999 -9999 -9999 -9999 -9999 -9999 -9999
22 21 24 25 22 20 20 17 14 14 13 10 11 9 12 -9999 16 14 15 11 10 -9999 7 8 7 6 5 4 5 6 6 12 16 16 9 8 4 5 8 11 9 4 11 7 14 11 6 3 6 8 9 8 6 8 11 7 4 14 17 16 17 17 19 18 13 10 9 -9999 -9999 -9999 -9999 -9999 -9999 -9999 -9999 -9999 -9999 -9999 -9999 -9999 -9999 -9999 -9999 -9999 -9999 -9999 -9999 -9999 -9999
18 20 17 17 14 13 15 14 16 13 12 8 8 8 8 9 14 13 12 8 9 10 18 -9999 9 7 7 4 5 13 15 18 5 5 6 5 5 5 6 7 9 6 6 6 3 4 7 7 5 5 6 9 6 9 16 9 10 9 6 11 8 9 7 10 13 10 9 9 -9999 -9999 -9999 -9999 -9999 -9999 -9999 -9999 -9999 -9999 -9999 -9999 -9999 -9999 -9999 -9999 -9999 -9999 -9999 -9999 -9999
15 15 11 8 12 12 18 11 12 10 10 13 9 12 7 -9999 14 12 11 7 10 7 7 7 11 13 10 -9999 11 6 11 7 6 6 5 8 8 10 10 9 12 11 9 6 5 7 5 8 7 5 6 7 8 7 11 12 9 5 4 4 3 2 2 5 5 7 9 11 -9999 15 13 9 9 8 11 10 6 4 5 4 -9999 -9999 -9999 -9999 -9999 -9999 -9999 -9999 -9999
11 14 16 -9999 10 13 12 12 -9999 12 15 13 7 7 7 14 9 9 8 7 5 5 6 5 8 15 15 -9999 9 11 13 10 6 4 6 5 6 5 6 12 9 10 15 15 11 9 12 11 8 5 7 15 16 12 10 11 10 8 4 2 5 5 6 7 6 5 6 8 12 18 23 18 17 12 6 7 7 4 3 4 4 -9999 -9999 -9999 -9999 -9999 -9999 -9999 -9999
11 11 13 -9999 9 7 8 8 5 8 6 4 2 10 8 6 8 7 7 6 5 8 7 6 9 11 10 10 11 10 11 11 11 14 8 6 10 11 7 9 15 14 9 9 13 15 14 15 13 9 6 4 5 7 5 5 9 10 11 3 4 5 4 10 8 6 4 8 13 13 14 13 14 16 12 7 9 5 3 4 5 -9999 -9999 -9999 -9999 -9999 -9999 -9999 -9999
9 8 9 9 10 14 13 9 11 8 9 7 7 7 5 4 4 5 7 7 5 6 5 8 9 7 9 9 -9999 11 13 10 -9999 9 13 13 16 9 13 9 23 12 8 6 8 8 10 9 8 8 9 9 8 5 5 4 7 9 7 -9999 5 5 4 5 9 7 5 8 4 5 14 13 7 11 9 5 10 5 4 4 -9999 -9999 -9999 -9999 -9999 -9999 -9999 -9999 -9999
5 8 9 6 -9999 -9999 6 3 8 6 -9999 12 15 6 4 9 5 4 4 5 5 5 -9999 10 9 10 15 16 14 14 10 10 10 9 11 13 10 11 8 8 16 8 8 12 7 7 6 6 8 11 10 13 14 12 10 11 8 4 4 7 5 4 3 4 4 4 6 5 6 9 12 12 14 25 7 7 10 14 5 4 3 -9999 -9999 -9999 -9999 -9999 -9999 -9999 -9999
3 4 5 2 8 4 5 6 -9999 9 -9999 6 -9999 18 4 6 5 -9999 3 3 4 4 5 6 6 10 7 7 -9999 10 -9999 10 16 13 10 9 7 9 12 14 15 6 5 7 11 9 9 9 8 7 6 5 7 8 12 11 12 12 14 9 8 7 4 3 2 5 4 2 3 3 4 6 7 7 9 8 5 10 9 8 3 -9999 -9999 -9999 -9999 -9999 -9999 -9999 -9999
206 99 -9999 11 19 13 3 -9999 -9999 7 7 5 19 -9999 -9999 -9999 -9999 -9999 -9999 3 6 5 4 4 5 5 13 14 15 16 14 17 12 13 13 13 13 12 8 17 10 15 12 10 11 7 8 15 9 14 9 8 11 9 11 10 10 7 9 10 10 10 8 5 3 2 3 3 5 7 4 5 6 5 4 4 4 5 4 6 4 -9999 -9999 -9999 -9999 -9999 -9999 -9999 -9999
98 64 7 9 17 12 13 -9999 -9999 -9999 7 10 18 -9999 -9999 -9999 -9999 -9999 -9999 3 4 4 5 5 4 6 7 8 11 14 9 10 16 15 13 16 19 15 17 13 11 14 15 12 11 9 12 15 13 11 10 14 14 15 14 15 15 17 14 13 10 6 5 7 5 6 5 2 2 3 3 7 8 10 5 3 5 6 4 5 3 -9999 -9999 -9999 -9999 -9999 -9999 -9999 -9999
115 10 9 11 13 -9999 -9999 -9999 -9999 11 10 -9999 11 -9999 -9999 -9999 -9999 -9999 -9999 -9999 5 3 6 4 4 4 4 4 8 11 10 13 15 12 11 13 12 11 -9999 10 8 8 -9999 10 11 13 11 7 12 12 7 11 9 9 7 8 9 9 9 8 5 6 6 5 5 5 6 4 4 4 4 5 6 6 9 6 6 5 6 6 5 -9999 4 6 5 4 -9999 -9999 -9999
18 32 65 177 -9999 21 -9999 7 -9999 -9999 -9999 -9999 -9999 11 -9999 -9999 -9999 -9999 -9999 -9999 6 5 5 9 7 8 8 6 9 8 11 12 12 16 19 20 13 15 16 10 12 12 -9999 28 -9999 16 6 9 7 9 13 14 16 13 11 10 13 15 18 16 9 7 5 5 6 5 7 13 12 8 13 13 7 5 6 6 5 4 4 4 4 -9999 -9999 12 11 5 5 -9999 -9999
48 86 58 26 41 116 11 11 6 7 -9999 5 5 6 10 -9999 -9999 -9999 -9999 -9999 -9999 4 5 5 8 9 8 6 8 6 10 17 15 17 15 12 13 10 13 18 12 15 8 -9999 21 18 20 23 26 15 10 9 13 14 12 13 11 10 8 9 11 9 7 6 5 7 5 4 11 16 8 5 8 10 9 3 6 6 4 3 3 3 3 -9999 -9999 -9999 -9999 -9999 -9999
31 37 41 92 135 30 26 21 7 -9999 -9999 5 7 7 10 6 -9999 -9999 -9999 -9999 -9999 -9999 5 7 7 7 8 7 7 6 8 10 13 12 12 15 15 17 13 15 15 14 17 19 13 11 12 13 11 8 7 6 7 9 12 9 10 12 11 10 6 4 8 6 4 6 3 3 3 8 11 7 6 9 6 7 3 5 6 9 9 6 4 -9999 -9999 -9999 -9999 -9999 -9999
12 44 52 35 33 103 119 19 20 -9999 -9999 -9999 7 4 8 6 5 -9999 -9999 6 -9999 -9999 5 6 7 7 7 -9999 11 11 12 18 16 18 14 11 12 13 9 15 12 12 11 15 11 6 13 18 18 14 17 13 9 8 16 14 11 19 15 10 9 6 9 10 5 5 6 7 5 14 8 9 10 8 3 5 4 3 3 5 6 7 5 7 7 -9999 -9999 -9999 -9999
12 19 56 73 81 38 68 56 16 -9999 -9999 5 5 7 8 6 5 11 -9999 5 5 -9999 -9999 5 8 8 7 8 8 11 9 11 14 18 13 15 16 17 11 13 10 8 12 11 10 12 13 17 20 14 8 10 19 14 22 18 17 9 14 13 13 8 7 7 6 6 5 7 5 6 13 12 8 5 4 3 3 6 7 5 5 5 7 9 8 8 -9999 -9999 -9999
9 23 64 41 32 23 31 105 16 11 6 -9999 5 -9999 -9999 -9999 17 13 7 4 5 5 6 7 7 9 9 10 9 11 10 12 -9999 24 26 17 19 21 16 13 13 12 9 9 10 9 9 10 11 15 18 12 9 26 25 19 14 13 16 11 9 8 11 7 7 6 4 4 7 8 4 9 8 5 5 4 6 6 7 9 9 9 4 5 4 5 6 5 -9999
12 5 21 35 32 59 94 59 20 12 -9999 4 6 -9999 -9999 6 8 8 11 6 8 5 -9999 -9999 9 9 7 8 8 10 13 18 18 13 18 18 13 15 13 14 12 11 -9999 9 10 9 7 9 10 8 11 18 12 16 16 14 11 11 19 13 10 8 7 9 9 4 2 9 11 12 15 12 10 7 7 8 3 8 5 6 10 8 4 5 4 4 5 5 -9999
6 5 5 23 46 39 63 65 69 117 46 12 8 11 4 -9999 10 4 11 9 9 5 -9999 -9999 8 10 14 12 9 12 13 18 18 21 17 22 21 13 12 13 16 13 14 11 11 10 -9999 10 8 10 12 12 15 15 17 19 17 17 15 20 15 21 14 9 9 8 4 4 7 9 10 10 4 6 4 5 10 13 12 4 6 6 8 3 3 5 5 6 10
6 7 9 24 35 37 40 23 19 38 132 96 6 9 11 4 5 8 5 7 12 10 -9999 -9999 -9999 9 11 13 11 12 12 17 21 23 19 19 18 14 16 14 18 16 12 17 14 14 16 11 12 10 13 14 19 17 19 19 14 14 14 16 14 10 9 8 13 11 8 6 3 10 14 12 5 3 5 17 16 12 16 10 8 9 4 4 6 8 14 27 42
39 45 31 22 42 15 22 25 18 11 24 144 14 8 5 -9999 -9999 4 4 6 5 12 -9999 19 12 11 9 11 14 13 17 20 24 24 21 18 13 17 22 23 22 18 17 21 15 13 22 21 9 15 14 13 17 15 19 18 17 17 14 19 13 20 21 22 15 14 8 7 9 7 6 18 4 9 10 9 8 4 16 13 6 8 7 7 15 26 38 41 35
13 5 23 19 28 32 15 11 19 24 52 93 19 11 4 5 -9999 -9999 6 6 14 4 -9999 13 16 10 13 13 16 22 21 22 22 29 17 19 23 18 19 18 16 -9999 16 17 18 13 18 15 9 14 17 18 14 23 31 35 34 22 14 11 13 20 13 11 12 17 15 8 6 6 7 9 7 12 12 11 8 14 10 11 6 7 15 20 31 27 26 15 7
21 30 13 22 15 28 29 32 38 39 42 19 20 21 13 11 5 4 8 4 6 2 10 7 21 8 9 14 14 21 23 25 32 42 33 -9999 26 21 22 21 22 14 18 -9999 15 18 18 -9999 10 16 18 33 43 38 43 -9999 -9999 30 16 11 10 9 -9999 13 11 11 18 20 18 19 15 14 18 20 19 12 17 29 27 34 38 35 36 29 19 9 9 10 9
32 19 17 15 18 18 21 23 24 18 22 8 14 21 28 18 14 11 2 1 2 2 3 10 8 7 9 -9999 13 19 19 15 23 26 20 20 14 14 18 23 25 21 20 14 16 18 15 15 10 11 12 35 38 32 26 -9999 -9999 30 20 8 19 21 17 11 23 17 17 21 19 18 22 30 37 17 8 7 12 15 11 10 17 14 23 19 11 9 7 8 9
22 24 17 17 17 13 3 5 11 15 29 35 21 27 42 63 20 10 4 1 1 3 10 13 16 11 8 7 7 11 13 -9999 -9999 21 26 24 19 -9999 18 19 22 17 19 15 16 13 13 12 10 11 16 35 50 27 -9999 17 -9999 46 41 33 17 26 37 22 21 25 31 18 23 15 12 21 13 13 13 11 11 8 10 8 8 11 5 5 12 8 9 11 7
12 13 18 15 13 10 13 21 11 12 18 20 19 18 21 16 68 14 6 2 1 6 11 6 27 21 18 8 10 7 -9999 18 16 18 20 23 26 19 32 23 20 24 23 21 18 13 17 18 13 10 14 24 36 49 -9999 50 -9999 -9999 26 31 24 36 37 30 24 29 26 20 22 33 23 19 13 15 13 13 11 14 9 9 13 8 12 10 16 11 15 -9999 25
14 20 13 7 8 8 6 78 60 58 43 30 7 11 5 31 34 60 10 5 2 9 9 5 7 22 18 9 7 -9999 -9999 6 -9999 16 27 20 -9999 21 21 18 22 19 19 19 24 22 11 14 10 10 18 19 18 41 52 57 54 89 50 60 35 45 45 42 30 33 30 18 23 15 16 18 12 16 18 22 8 9 8 14 9 14 16 8 7 11 15 10 16
22 14 20 14 8 5 6 54 87 72 57 14 17 9 6 3 9 52 28 8 3 3 14 5 3 8 9 12 17 17 -9999 6 8 13 13 15 -9999 18 19 20 17 19 21 25 -9999 16 16 15 16 17 25 25 21 24 58 57 51 -9999 -9999 97 57 66 57 72 58 38 34 17 31 35 28 22 -9999 23 20 15 23 24 15 20 20 6 7 12 8 15 13 9 10
24 46 27 20 12 6 5 5 5 13 8 14 13 9 10 6 9 26 36 7 4 2 10 12 10 12 8 10 6 8 10 7 8 7 9 8 7 15 18 16 19 22 22 25 18 24 26 21 18 25 39 47 69 101 93 -9999 36 -9999 -9999 -9999 -9999 -9999 -9999 -9999 -9999 34 38 41 40 33 35 31 30 22 29 19 17 21 19 22 18 12 11 17 12 11 13 16 14
17 24 30 44 21 10 6 7 7 8 11 12 12 3 4 4 6 19 33 12 3 2 7 17 8 2 3 4 4 3 3 3 4 7 9 10 17 25 28 21 23 20 -9999 24 30 26 23 21 30 52 69 64 61 -9999 -9999 -9999 -9999 -9999 -9999 -9999 -9999 -9999 -9999 -9999 -9999 77 58 39 44 17 41 31 25 21 33 27 23 19 22 20 24 20 16 22 20 21 25 22 26
49 17 9 17 49 40 14 10 9 13 11 10 19 -9999 -9999 6 2 7 38 25 6 3 5 12 12 5 3 3 7 -9999 11 13 20 14 4 10 12 15 18 20 14 24 22 -9999 27 36 49 46 45 58 58 78 -9999 -9999 -9999 -9999 -9999 -9999 -9999 -9999 -9999 -9999 -9999 -9999 -9999 -9999 59 53 44 41 54 45 49 40 31 38 23 27 27 34 26 26 14 17 15 28 36 24 21
39 25 15 17 25 26 44 47 15 10 8 11 12 12 13 12 12 8 35 12 18 6 3 9 16 9 15 19 21 11 23 18 10 10 12 10 11 15 12 15 16 16 21 24 18 26 40 104 -9999 -9999 -9999 -9999 -9999 -9999 -9999 -9999 -9999 -9999 -9999 -9999 -9999 -9999 -9999 -9999 -9999 -9999 62 -9999 -9999 -9999 63 50 41 23 21 19 16 18 16 13 11 18 27 25 12 24 25 23 16
47 -9999 27 -9999 -9999 20 17 19 33 40 27 17 7 6 7 12 12 18 33 11 9 9 2 6 24 7 16 26 14 10 9 9 7 10 12 11 10 21 22 29 26 26 20 25 37 73 118 -9999 -9999 -9999 -9999 -9999 -9999 -9999 -9999 -9999 -9999 -9999 -9999 -9999 -9999 -9999 -9999 -9999 -9999 -9999 -9999 -9999 -9999 -9999 69 51 39 30 24 30 12 15 28 29 17 17 15 16 15 17 40 51 55
22 35 32 38 39 33 23 15 12 14 20 21 40 25 10 5 6 15 31 8 16 5 2 4 22 11 28 41 26 18 20 12 9 6 9 13 19 23 12 8 11 16 24 72 104 -9999 -9999 -9999 -9999 -9999 -9999 -9999 -9999 -9999 -9999 76 62 -9999 -9999 -9999 -9999 -9999 -9999 -9999 -9999 -9999 -9999 -9999 -9999 -9999 -9999 93 44 36 38 31 36 21 27 31 17 16 16 18 16 43 56 54 67
27 36 30 25 20 45 46 25 21 18 12 16 18 34 10 9 5 15 31 8 18 6 2 9 23 8 24 20 17 18 30 21 14 11 18 22 10 12 5 8 17 20 78 -9999 -9999 -9999 -9999 -9999 -9999 -9999 -9999 -9999 -9999 -9999 75 58 19 -9999 -9999 -9999 -9999 -9999 -9999 -9999 -9999 -9999 -9999 -9999 -9999 -9999 -9999 69 69 56 44 36 43 31 16 18 28 25 30 22 21 25 29 37 33
