resultados/variables_norteamerica/diversidad_topo.asc
ncols 469
nrows 225
xllcorner -169.133333
yllcorner 20.675000
cellsize 0.249840
NODATA_value -9999
[rows 0 to 39 of 225, columns 178 to 266 of 469]
-9999 -9999 -9999 -9999 -9999 -9999 -9999 -9999 -9999 -9999 -9999 -9999 -9999 -9999 -9999 -9999 -9999 8 10 9 4 10 45 40 14 6 12 21 22 9 10 32 77 -9999 -9999 -9999 -9999 -9999 -9999 -9999 -9999 0 11 -9999 -9999 -9999 -9999 -9999 -9999 -9999 -9999 -9999 -9999 -9999 -9999 -9999 -9999 -9999 -9999 -9999 -9999 -9999 -9999 -9999 -9999 -9999 -9999 -9999 -9999 -9999 -9999 -9999 -9999 -9999 -9999 -9999 -9999 -9999 -9999 -9999 -9999 -9999 -9999 -9999 -9999 -9999 -9999 -9999 -9999
-9999 -9999 -9999 -9999 -9999 -9999 -9999 -9999 -9999 -9999 -9999 -9999 -9999 5 7 11 17 14 16 24 13 48 39 -9999 22 -9999 -9999 71 52 40 -9999 -9999 -9999 -9999 -9999 -9999 -9999 -9999 -9999 -9999 -9999 -9999 -9999 -9999 -9999 -9999 -9999 -9999 -9999 -9999 -9999 -9999 -9999 -9999 -9999 -9999 -9999 -9999 -9999 -9999 23 37 33 29 -9999 -9999 -9999 -9999 -9999 -9999 -9999 -9999 -9999 -9999 -9999 -9999 -9999 -9999 -9999 -9999 15 11 18 22 -9999 -9999 -9999 -9999 -9999
-9999 -9999 -9999 -9999 -9999 -9999 -9999 -9999 -9999 4 10 9 18 25 25 11 13 15 65 57 48 28 38 61 -9999 -9999 -9999 55 56 57 23 -9999 -9999 -9999 -9999 31 58 28 36 42 14 11 -9999 -9999 -9999 -9999 -9999 -9999 -9999 -9999 -9999 -9999 -9999 -9999 -9999 -9999 -9999 -9999 6 26 21 23 32 46 56 18 -9999 -9999 -9999 -9999 -9999 -9999 -9999 -9999 -9999 -9999 -9999 -9999 -9999 -9999 -9999 -9999 33 28 46 65 -9999 -9999 -9999
-9999 -9999 -9999 -9999 -9999 -9999 -9999 -9999 -9999 2 -9999 7 20 30 25 -9999 57 38 20 57 52 -9999 -9999 -9999 -9999 -9999 -9999 34 15 -9999 -9999 -9999 63 60 65 52 65 75 89 84 33 57 46 9 52 53 88 110 121 -9999 -9999 -9999 -9999 -9999 -9999 -9999 -9999 -9999 -9999 -9999 -9999 -9999 46 38 44 69 58 67 -9999 -9999 -9999 -9999 67 47 -9999 -9999 -9999 -9999 -9999 -9999 -9999 -9999 -9999 -9999 -9999 -9999 -9999 -9999 56
-9999 -9999 -9999 -9999 -9999 -9999 -9999 -9999 -9999 -9999 -9999 -9999 -9999 -9999 -9999 -9999 -9999 57 77 -9999 -9999 -9999 -9999 -9999 96 53 45 -9999 -9999 -9999 -9999 -9999 -9999 -9999 -9999 -9999 -9999 -9999 -9999 108 114 85 63 62 72 66 96 94 108 108 -9999 -9999 -9999 -9999 -9999 -9999 -9999 -9999 -9999 -9999 7 25 56 64 35 38 50 -9999 64 68 -9999 -9999 47 58 13 41 36 -9999 -9999 -9999 -9999 -9999 -9999 -9999 -9999 60 -9999 41 46
-9999 -9999 -9999 -9999 -9999 -9999 -9999 -9999 -9999 -9999 -9999 -9999 -9999 -9999 -9999 -9999 -9999 -9999 -9999 -9999 -9999 -9999 -9999 69 85 -9999 -9999 -9999 -9999 -9999 -9999 -9999 -9999 -9999 -9999 121 119 118 131 128 124 128 120 96 69 33 18 13 24 46 59 27 32 -9999 -9999 7 13 -9999 -9999 -9999 -9999 -9999 -9999 -9999 51 38 25 16 42 24 11 29 28 41 49 61 -9999 -9999 -9999 -9999 -9999 -9999 -9999 -9999 -9999 -9999 -9999 -9999 64
-9999 -9999 -9999 -9999 -9999 -9999 -9999 -9999 -9999 -9999 -9999 -9999 -9999 -9999 -9999 -9999 -9999 -9999 -9999 -9999 -9999 -9999 -9999 -9999 -9999 -9999 -9999 -9999 -9999 74 66 70 68 112 52 77 156 157 138 157 214 141 -9999 -9999 -9999 59 12 61 101 62 43 18 39 37 5 15 15 34 28 9 19 36 23 15 39 37 24 39 24 19 7 26 35 51 25 13 -9999 -9999 -9999 -9999 -9999 21 13 -9999 -9999 -9999 -9999 -9999 -9999
-9999 -9999 -9999 -9999 -9999 -9999 -9999 -9999 -9999 -9999 -9999 -9999 -9999 -9999 -9999 -9999 -9999 -9999 -9999 -9999 -9999 -9999 -9999 -9999 -9999 -9999 -9999 -9999 -9999 -9999 -9999 -9999 -9999 -9999 125 112 113 -9999 114 119 -9999 -9999 -9999 -9999 -9999 -9999 -9999 -9999 -9999 -9999 -9999 -9999 -9999 15 7 14 11 21 26 20 21 51 69 -9999 47 46 45 75 56 61 42 53 42 56 -9999 -9999 -9999 -9999 -9999 -9999 -9999 -9999 -9999 -9999 -9999 -9999 -9999 -9999 -9999
-9999 -9999 -9999 -9999 -9999 -9999 -9999 -9999 -9999 -9999 -9999 -9999 -9999 -9999 -9999 -9999 -9999 -9999 -9999 -9999 -9999 -9999 -9999 -9999 -9999 -9999 -9999 -9999 -9999 -9999 -9999 -9999 -9999 -9999 -9999 -9999 -9999 -9999 -9999 -9999 -9999 -9999 -9999 -9999 -9999 -9999 37 24 18 9 7 21 28 45 53 34 25 61 63 -9999 26 -9999 -9999 -9999 -9999 -9999 -9999 -9999 -9999 -9999 -9999 -9999 -9999 -9999 -9999 -9999 -9999 -9999 -9999 -9999 -9999 -9999 -9999 -9999 -9999 -9999 -9999 -9999 -9999
-9999 -9999 -9999 -9999 -9999 -9999 -9999 -9999 -9999 -9999 -9999 38 57 -9999 -9999 -9999 -9999 -9999 -9999 -9999 -9999 -9999 -9999 -9999 -9999 -9999 -9999 -9999 -9999 -9999 -9999 -9999 -9999 -9999 -9999 -9999 -9999 -9999 -9999 -9999 -9999 -9999 -9999 81 50 11 15 55 28 21 52 63 27 -9999 -9999 -9999 -9999 -9999 -9999 -9999 -9999 -9999 -9999 -9999 -9999 -9999 -9999 -9999 -9999 -9999 -9999 -9999 -9999 -9999 -9999 -9999 -9999 -9999 -9999 -9999 -9999 -9999 -9999 -9999 -9999 -9999 -9999 -9999 -9999
-9999 7 15 25 43 74 77 56 32 41 84 58 45 67 84 -9999 -9999 -9999 -9999 -9999 -9999 -9999 -9999 -9999 -9999 -9999 -9999 -9999 -9999 -9999 -9999 -9999 -9999 -9999 -9999 -9999 -9999 -9999 -9999 -9999 -9999 -9999 -9999 -9999 -9999 -9999 -9999 -9999 -9999 -9999 -9999 -9999 -9999 -9999 -9999 -9999 -9999 -9999 -9999 -9999 -9999 -9999 -9999 -9999 -9999 -9999 -9999 -9999 -9999 -9999 -9999 -9999 -9999 -9999 -9999 -9999 -9999 -9999 -9999 -9999 -9999 -9999 -9999 -9999 -9999 -9999 -9999 -9999 -9999
-9999 7 12 14 13 41 22 11 20 26 25 61 52 48 58 55 40 30 68 -9999 66 63 -9999 65 53 85 65 17 54 43 84 -9999 -9999 -9999 -9999 -9999 -9999 -9999 -9999 -9999 -9999 -9999 -9999 -9999 -9999 -9999 -9999 -9999 -9999 -9999 -9999 -9999 -9999 -9999 -9999 -9999 -9999 -9999 -9999 -9999 -9999 -9999 -9999 -9999 -9999 -9999 -9999 -9999 -9999 -9999 -9999 -9999 -9999 -9999 -9999 -9999 -9999 -9999 -9999 -9999 -9999 -9999 -9999 -9999 -9999 -9999 -9999 -9999 -9999
-9999 -9999 3 17 33 59 34 18 24 19 35 12 42 47 32 67 54 44 42 60 34 64 99 70 56 55 24 30 11 40 47 32 42 -9999 -9999 -9999 -9999 -9999 -9999 -9999 -9999 -9999 -9999 -9999 -9999 -9999 -9999 -9999 -9999 -9999 -9999 -9999 -9999 -9999 -9999 -9999 -9999 -9999 -9999 -9999 -9999 -9999 -9999 -9999 -9999 -9999 -9999 -9999 -9999 -9999 -9999 -9999 -9999 -9999 -9999 -9999 -9999 -9999 -9999 -9999 -9999 -9999 -9999 -9999 -9999 -9999 -9999 -9999 -9999
-9999 -9999 9 7 7 12 70 36 27 39 24 29 31 55 35 57 53 65 78 48 48 32 76 64 43 28 12 32 27 41 38 17 22 36 38 38 70 -9999 -9999 -9999 -9999 -9999 -9999 -9999 -9999 -9999 -9999 -9999 -9999 -9999 -9999 -9999 -9999 -9999 -9999 -9999 -9999 -9999 -9999 -9999 -9999 -9999 -9999 -9999 -9999 -9999 -9999 -9999 -9999 -9999 -9999 1 87 54 39 26 42 32 50 80 39 -9999 -9999 -9999 -9999 -9999 -9999 -9999 -9999
-9999 30 69 68 39 36 72 53 61 59 42 42 27 54 62 54 61 52 57 43 53 29 20 11 17 39 46 34 27 23 49 56 26 42 72 -9999 -9999 -9999 -9999 -9999 64 -9999 -9999 -9999 -9999 -9999 -9999 -9999 -9999 -9999 -9999 -9999 -9999 -9999 -9999 -9999 -9999 -9999 -9999 -9999 -9999 -9999 -9999 -9999 -9999 -9999 -9999 -9999 -9999 -9999 -9999 -9999 -9999 55 36 88 34 24 56 59 37 -9999 -9999 -9999 -9999 -9999 -9999 -9999 -9999
11 28 59 81 55 32 18 16 31 47 47 49 27 38 25 15 42 67 41 47 30 75 53 -9999 53 -9999 29 51 78 -9999 -9999 -9999 21 74 51 78 91 53 18 20 46 50 42 -9999 -9999 -9999 -9999 -9999 -9999 -9999 -9999 -9999 -9999 -9999 -9999 -9999 -9999 -9999 -9999 -9999 -9999 -9999 -9999 -9999 -9999 -9999 40 40 29 56 66 61 52 33 16 13 35 31 32 -9999 -9999 -9999 -9999 -9999 -9999 -9999 -9999 -9999 -9999
30 34 34 43 44 62 37 52 45 53 38 67 21 12 25 41 28 39 48 32 60 60 66 55 65 67 -9999 -9999 -9999 60 70 95 70 83 48 35 38 43 52 60 57 54 33 -9999 -9999 16 49 56 67 85 63 -9999 -9999 -9999 -9999 -9999 57 65 76 97 -9999 -9999 -9999 -9999 -9999 -9999 63 20 38 32 50 31 29 40 14 16 7 -9999 -9999 -9999 -9999 -9999 -9999 -9999 -9999 -9999 -9999 -9999 6
12 22 51 76 75 63 56 52 59 52 50 12 53 48 50 57 42 28 35 31 27 -9999 -9999 -9999 -9999 88 39 35 25 57 47 44 16 28 23 29 41 44 65 70 33 38 25 78 64 66 23 25 14 17 24 40 62 -9999 -9999 93 83 -9999 -9999 -9999 59 33 95 68 -9999 -9999 -9999 -9999 35 28 25 -9999 35 23 38 41 33 28 -9999 -9999 -9999 -9999 -9999 -9999 -9999 -9999 -9999 -9999 -9999
77 63 61 69 63 38 39 19 39 42 56 50 54 64 43 15 -9999 57 58 68 92 -9999 -9999 -9999 -9999 90 50 65 57 28 -9999 40 25 29 53 59 54 66 68 76 62 68 58 36 17 19 20 21 30 24 57 -9999 117 -9999 128 66 91 98 118 74 64 62 43 82 -9999 -9999 -9999 -9999 60 56 33 31 52 63 46 19 23 21 -9999 -9999 -9999 -9999 -9999 -9999 -9999 -9999 -9999 -9999 -9999
37 24 30 32 46 58 59 50 44 55 45 38 39 19 29 46 88 -9999 -9999 -9999 -9999 -9999 -9999 51 83 80 71 57 60 66 41 67 59 43 51 58 56 48 43 53 57 69 45 56 -9999 21 63 60 76 68 84 81 123 44 61 21 61 20 40 35 20 50 50 56 63 -9999 -9999 -9999 51 50 69 24 60 -9999 29 21 16 12 7 -9999 -9999 -9999 -9999 -9999 -9999 -9999 -9999 -9999 -9999
71 72 60 38 41 39 41 42 45 42 40 51 28 23 26 39 107 -9999 -9999 -9999 -9999 -9999 22 97 80 91 91 75 38 25 49 49 42 29 45 34 13 23 42 33 20 34 72 76 36 32 61 74 101 25 53 71 38 14 15 25 9 23 35 23 42 48 16 25 41 11 -9999 -9999 -9999 -9999 14 16 26 20 24 13 13 22 15 15 -9999 -9999 -9999 -9999 -9999 -9999 -9999 -9999 -9999
-9999 -9999 -9999 84 115 90 88 79 61 84 134 98 74 86 114 121 138 -9999 -9999 -9999 -9999 -9999 -9999 -9999 -9999 -9999 -9999 -9999 69 63 63 67 96 98 107 -9999 -9999 77 -9999 63 41 26 40 27 4 40 49 54 70 53 57 49 38 42 30 21 20 23 17 14 31 16 12 11 33 29 19 3 4 16 5 13 25 12 9 12 8 14 10 8 7 1 -9999 -9999 -9999 -9999 -9999 -9999 -9999
-9999 -9999 -9999 -9999 -9999 111 111 134 115 97 51 -9999 -9999 -9999 -9999 -9999 -9999 -9999 -9999 -9999 -9999 -9999 -9999 -9999 -9999 -9999 -9999 -9999 -9999 -9999 -9999 -9999 -9999 -9999 -9999 -9999 77 77 63 71 59 56 60 78 70 52 44 49 43 32 30 40 7 17 26 11 14 29 15 33 25 4 17 13 21 33 39 -9999 22 7 10 16 11 13 22 12 16 14 15 22 9 -9999 -9999 -9999 -9999 -9999 -9999 -9999 -9999
-9999 -9999 -9999 -9999 -9999 -9999 -9999 -9999 -9999 -9999 -9999 -9999 -9999 -9999 -9999 -9999 -9999 -9999 -9999 -9999 -9999 -9999 -9999 -9999 -9999 -9999 81 86 69 73 79 126 132 143 108 105 105 91 83 74 30 39 29 42 38 46 54 20 12 21 39 56 14 18 23 14 13 23 29 14 10 8 11 16 17 29 26 22 25 26 25 22 -9999 22 22 25 28 30 27 20 -9999 -9999 -9999 -9999 -9999 -9999 -9999 -9999 -9999
-9999 -9999 -9999 -9999 -9999 -9999 -9999 -9999 -9999 -9999 -9999 -9999 -9999 -9999 -9999 -9999 -9999 -9999 -9999 -9999 -9999 -9999 -9999 -9999 -9999 -9999 76 73 73 102 51 75 106 87 52 67 84 97 73 88 74 82 74 67 105 80 -9999 49 36 20 -9999 30 31 31 33 21 18 15 32 31 21 14 14 13 14 12 23 15 12 20 16 17 15 -9999 15 15 16 11 10 13 15 15 -9999 -9999 -9999 -9999 -9999 -9999 -9999
-9999 -9999 -9999 -9999 -9999 -9999 -9999 -9999 -9999 -9999 -9999 -9999 -9999 -9999 -9999 -9999 -9999 -9999 -9999 -9999 -9999 -9999 -9999 -9999 -9999 -9999 -9999 -9999 -9999 -9999 -9999 -9999 -9999 -9999 -9999 -9999 -9999 -9999 -9999 -9999 -9999 -9999 -9999 -9999 -9999 -9999 -9999 -9999 51 57 57 37 44 43 31 25 27 25 24 20 21 15 17 19 20 17 11 10 10 9 9 19 29 23 18 27 19 20 15 15 11 13 14 11 15 12 -9999 10 -9999
-9999 -9999 -9999 -9999 -9999 -9999 -9999 -9999 -9999 -9999 -9999 -9999 -9999 -9999 -9999 -9999 -9999 -9999 -9999 -9999 -9999 -9999 -9999 -9999 -9999 -9999 -9999 -9999 -9999 -9999 -9999 -9999 -9999 -9999 -9999 -9999 -9999 -9999 -9999 -9999 -9999 -9999 -9999 -9999 -9999 -9999 -9999 -9999 -9999 -9999 -9999 23 22 19 17 26 30 31 22 20 14 17 13 19 20 19 17 14 17 11 19 17 23 27 22 18 -9999 24 17 17 15 8 8 9 12 9 10 8 10
-9999 -9999 -9999 -9999 -9999 -9999 -9999 -9999 -9999 -9999 -9999 -9999 -9999 -9999 -9999 -9999 -9999 -9999 -9999 -9999 -9999 -9999 -9999 -9999 -9999 -9999 -9999 -9999 -9999 47 64 42 23 19 43 32 21 22 19 19 13 22 52 34 28 32 51 48 48 62 57 52 41 28 23 15 14 20 17 17 12 14 20 26 38 31 26 26 25 -9999 -9999 -9999 19 21 25 20 17 12 23 21 -9999 10 14 13 15 8 4 8 5
19 -9999 -9999 -9999 -9999 -9999 -9999 -9999 -9999 -9999 -9999 -9999 -9999 -9999 -9999 -9999 -9999 -9999 -9999 -9999 -9999 -9999 -9999 -9999 -9999 -9999 -9999 -9999 -9999 28 33 42 62 59 35 24 19 19 19 24 38 38 21 23 34 41 23 14 -9999 37 33 27 17 21 19 12 20 16 12 21 22 24 14 13 16 15 17 30 29 21 26 19 22 15 11 19 30 32 30 21 19 16 22 24 17 -9999 16 8 10
18 -9999 -9999 -9999 -9999 -9999 29 59 114 73 60 83 130 153 138 99 -9999 -9999 -9999 -9999 -9999 -9999 -9999 -9999 -9999 -9999 -9999 -9999 -9999 -9999 -9999 -9999 30 27 29 51 66 63 58 58 60 66 61 51 60 50 29 32 40 25 24 14 11 16 18 17 17 20 -9999 14 24 29 35 23 16 19 25 27 22 20 16 25 33 23 38 40 47 47 33 28 33 20 15 20 13 19 -9999 -9999 -9999
104 -9999 -9999 -9999 -9999 80 96 77 79 62 72 121 123 120 67 89 134 144 -9999 -9999 -9999 -9999 -9999 -9999 -9999 -9999 -9999 -9999 -9999 -9999 -9999 -9999 -9999 43 44 31 30 29 33 37 35 26 30 33 44 39 36 39 36 32 22 22 21 26 24 12 15 11 8 17 18 14 11 20 23 19 17 21 21 19 28 27 -9999 -9999 25 21 20 28 -9999 -9999 20 14 18 11 14 14 8 -9999 19
-9999 22 25 33 42 79 81 52 73 77 70 47 61 41 32 51 38 59 30 59 83 112 91 67 49 47 -9999 -9999 -9999 -9999 -9999 -9999 -9999 -9999 -9999 -9999 -9999 -9999 -9999 -9999 -9999 -9999 -9999 -9999 -9999 15 14 14 13 16 22 27 27 20 10 16 20 21 22 26 31 32 31 48 52 57 46 47 51 31 -9999 -9999 -9999 -9999 -9999 -9999 -9999 -9999 -9999 23 18 14 13 11 15 14 16 10 17
28 37 35 53 32 42 40 47 39 68 51 56 28 25 37 25 42 27 36 26 39 51 62 49 31 24 31 40 46 55 42 -9999 -9999 -9999 20 26 23 34 -9999 -9999 -9999 -9999 -9999 -9999 15 19 11 16 11 14 14 -9999 17 11 19 28 29 -9999 24 31 29 37 21 32 -9999 -9999 -9999 -9999 -9999 -9999 -9999 -9999 -9999 -9999 -9999 -9999 -9999 -9999 -9999 -9999 20 -9999 19 32 30 19 23 17 11
29 25 49 61 48 31 25 19 35 54 39 52 27 45 58 51 50 39 23 -9999 19 31 62 67 45 43 30 23 19 20 39 50 35 30 24 25 19 25 18 15 19 16 -9999 -9999 -9999 -9999 25 28 40 45 48 -9999 -9999 -9999 -9999 -9999 -9999 -9999 -9999 -9999 -9999 -9999 -9999 -9999 -9999 25 32 31 24 17 24 44 60 58 -9999 -9999 21 -9999 -9999 24 -9999 -9999 -9999 -9999 -9999 -9999 -9999 -9999 -9999
51 24 40 46 68 54 32 16 31 43 46 49 61 42 39 33 42 25 50 -9999 28 35 57 37 60 58 15 17 6 11 21 10 16 20 29 23 23 21 23 25 10 7 13 -9999 -9999 -9999 -9999 -9999 -9999 -9999 -9999 -9999 -9999 -9999 -9999 -9999 -9999 -9999 -9999 -9999 -9999 -9999 -9999 -9999 18 12 15 15 19 15 11 -9999 30 -9999 32 33 32 -9999 -9999 -9999 -9999 -9999 -9999 -9999 -9999 -9999 -9999 -9999 -9999
32 46 20 26 51 62 70 43 27 34 35 33 23 40 43 58 51 41 29 52 51 71 48 31 17 22 40 47 48 57 65 58 42 27 27 26 54 -9999 -9999 -9999 -9999 -9999 -9999 -9999 -9999 -9999 -9999 -9999 -9999 -9999 -9999 -9999 -9999 -9999 -9999 -9999 -9999 -9999 -9999 -9999 -9999 22 -9999 -9999 -9999 -9999 -9999 -9999 75 -9999 63 32 20 21 13 13 7 12 17 13 11 -9999 -9999 -9999 -9999 10 -9999 -9999 -9999
21 26 34 11 19 40 35 28 21 16 35 44 41 38 37 27 29 25 75 104 45 27 25 42 56 74 95 118 103 97 70 51 29 40 41 43 27 -9999 -9999 -9999 -9999 -9999 -9999 -9999 -9999 -9999 -9999 -9999 -9999 -9999 -9999 -9999 -9999 -9999 -9999 -9999 -9999 51 44 -9999 -9999 -9999 -9999 13 -9999 -9999 -9999 -9999 37 52 29 14 18 16 16 12 15 11 14 13 11 12 18 16 15 12 -9999 -9999 -9999
12 10 25 30 10 29 13 8 15 5 19 21 -9999 18 19 25 27 41 22 10 11 20 38 29 16 13 32 68 107 96 92 87 63 66 83 78 64 105 101 87 86 72 78 54 70 39 47 55 55 81 82 59 57 43 41 42 47 44 53 69 90 52 54 -9999 -9999 -9999 59 -9999 40 30 25 17 28 31 13 13 19 22 19 21 17 24 33 21 13 16 18 17 19
14 9 20 27 6 4 15 8 9 55 100 76 59 56 49 42 35 22 -9999 20 29 50 49 42 50 58 68 36 87 56 78 92 68 80 84 98 75 55 46 40 42 41 44 32 27 24 23 32 55 82 66 28 25 30 26 31 22 24 21 15 25 38 74 65 73 50 -9999 -9999 51 37 31 16 19 14 9 10 12 14 13 17 12 11 15 12 18 11 11 17 18
16 17 10 14 5 6 23 31 63 64 18 19 30 30 31 32 39 45 46 57 54 38 24 26 32 25 39 106 104 100 69 58 118 100 140 73 46 66 27 29 24 22 29 13 26 22 20 40 63 45 24 27 30 31 50 49 45 48 46 51 43 28 39 88 103 -9999 -9999 -9999 -9999 -9999 55 54 24 25 21 7 13 20 12 15 15 22 13 15 10 10 16 17 13
