resultados/variables_norteamerica/diversidad_topo.asc
ncols 469
nrows 225
xllcorner -169.133333
yllcorner 20.675000
cellsize 0.249840
NODATA_value -9999
[rows 40 to 79 of 225, columns 89 to 177 of 469]
15 10 6 5 6 4 3 3 6 6 8 8 7 18 67 91 82 138 71 88 92 96 131 155 126 141 118 151 132 64 89 91 61 57 88 49 47 46 130 51 75 70 128 117 112 113 61 102 96 38 33 15 8 8 14 35 18 13 18 18 13 41 61 67 44 42 65 45 90 87 43 42 41 71 48 15 13 28 19 13 16 14 -9999 25 43 -9999 -9999 3 5
17 4 2 2 6 5 4 3 4 5 3 5 16 36 41 48 54 87 87 64 71 110 161 153 146 132 165 138 85 60 92 77 83 104 128 91 90 75 87 83 76 47 123 75 124 164 95 76 124 151 106 66 35 15 18 27 20 15 16 9 14 20 18 15 22 44 42 32 23 50 64 72 43 26 44 44 51 48 62 39 51 53 48 45 30 10 5 7 13
4 3 5 6 4 4 4 6 3 5 7 30 34 35 34 37 53 72 78 71 66 101 60 144 127 129 102 95 132 169 147 62 70 129 59 76 32 32 69 63 54 50 118 113 51 111 80 84 92 60 79 117 40 25 23 25 49 37 25 26 33 28 22 15 15 7 10 8 15 23 29 39 30 43 56 67 80 48 63 45 23 14 55 50 18 10 33 47 45
71 52 38 52 45 55 58 45 25 9 7 39 20 43 23 37 87 134 56 54 99 88 109 163 126 129 90 125 147 160 161 100 124 91 34 35 79 55 74 20 42 58 80 117 132 137 158 143 130 92 103 87 46 59 54 87 97 81 91 48 36 24 24 34 45 38 29 21 20 9 15 9 22 19 26 80 79 77 110 163 144 123 61 57 30 15 25 -9999 -9999
185 179 180 167 168 76 168 202 163 103 59 59 63 67 73 70 71 64 83 86 109 108 76 104 115 110 125 108 151 165 110 135 129 105 82 38 69 62 75 112 108 123 125 145 153 172 140 41 100 104 114 125 125 127 79 90 133 89 147 125 135 169 183 117 153 171 82 35 14 9 13 -9999 51 42 81 117 76 53 72 70 66 113 38 12 19 36 34 49 56
185 163 147 167 200 239 214 195 186 93 40 109 161 120 143 148 190 132 161 121 125 137 121 134 133 150 88 183 160 135 147 142 152 107 117 166 216 231 177 175 151 149 121 83 66 119 61 53 59 168 139 172 145 123 252 231 257 198 153 121 78 71 95 122 73 59 99 128 95 57 54 82 132 106 59 46 87 113 110 130 153 120 67 85 51 48 43 30 39
140 222 150 141 122 144 212 174 193 196 188 268 314 198 185 155 121 116 134 191 160 139 139 207 160 198 218 165 46 85 100 119 109 195 132 127 135 98 163 168 141 160 154 266 279 145 137 99 206 203 223 233 227 336 303 235 187 211 247 257 255 262 247 289 286 187 219 264 340 297 302 326 269 120 57 81 66 44 85 151 195 234 240 -9999 89 68 80 97 25
145 199 181 178 207 139 151 179 202 200 206 166 155 234 218 285 270 209 129 86 150 176 203 242 224 209 165 159 124 113 111 132 123 123 191 211 204 178 237 224 191 168 210 261 298 325 242 214 266 291 346 330 329 264 353 319 266 218 199 248 263 322 321 286 227 228 246 291 314 341 224 272 335 277 345 421 471 300 149 74 95 54 66 151 123 85 19 39 79
115 103 168 142 156 151 174 196 238 173 189 209 211 276 275 202 211 211 169 192 346 219 212 228 163 189 262 259 260 191 198 183 149 90 146 177 199 206 147 174 204 264 260 252 257 224 206 266 310 299 253 300 399 314 255 282 356 271 295 303 310 388 341 278 245 238 277 291 332 350 364 380 360 325 222 218 187 156 139 273 150 101 67 80 -9999 78 55 18 26
112 135 141 131 236 181 169 184 279 220 255 218 173 142 209 143 164 153 182 155 155 149 137 191 220 279 305 230 277 193 224 217 220 192 196 163 245 214 199 250 197 214 221 218 214 205 213 195 216 257 280 230 320 347 244 236 214 223 293 251 213 295 394 319 237 274 287 248 304 330 346 311 307 236 235 181 159 171 236 263 188 84 111 129 212 132 65 73 68
78 99 137 123 162 114 156 221 204 218 199 227 199 179 151 218 162 164 191 192 196 155 159 174 152 217 221 207 198 238 275 227 249 340 241 238 237 199 250 235 234 180 223 179 217 233 235 234 288 243 223 243 292 249 200 246 244 234 221 216 223 241 246 230 257 303 294 323 391 370 379 217 210 242 319 351 386 366 332 298 251 170 155 172 191 126 84 70 47
169 120 65 49 39 39 47 100 155 161 232 238 150 94 135 180 194 188 178 132 139 140 127 181 112 114 211 143 171 169 147 77 119 151 230 173 198 186 209 191 193 186 210 162 146 152 221 296 322 291 205 254 296 297 298 225 251 284 279 309 308 350 310 196 135 180 254 259 224 235 388 356 353 307 273 395 286 254 320 334 296 272 161 160 166 154 141 96 74
319 247 217 107 153 348 442 122 122 97 156 168 227 172 97 81 77 86 158 106 128 148 132 188 200 230 142 137 80 157 149 148 114 112 144 90 192 191 163 205 228 248 234 191 200 149 253 354 273 196 218 127 135 130 96 279 302 270 233 266 275 295 227 193 170 196 147 205 274 222 253 232 268 296 278 327 284 220 212 286 241 148 116 152 134 188 162 139 78
470 534 485 402 384 452 541 454 406 512 311 128 137 111 134 167 65 55 151 101 94 121 148 147 219 228 127 144 89 144 146 146 169 145 148 195 88 139 185 187 151 170 146 149 179 244 255 257 204 205 281 213 200 252 225 192 185 224 229 271 198 254 238 277 278 244 288 148 212 207 173 171 244 314 308 357 277 305 312 315 200 162 159 245 195 166 134 136 123
283 429 349 318 234 377 352 331 373 456 422 381 440 452 296 74 115 144 155 105 105 163 161 154 153 151 193 181 142 -9999 122 150 140 144 112 151 171 151 208 152 191 153 213 177 238 244 272 245 242 227 117 181 253 271 339 285 273 141 206 230 246 276 277 214 248 254 300 208 173 156 209 213 261 276 256 286 286 171 249 259 263 247 269 251 191 131 186 103 129
131 101 198 192 136 136 130 131 252 336 359 323 305 290 273 259 167 84 19 116 159 100 105 157 225 232 201 199 187 150 160 194 157 176 169 110 113 84 122 94 68 88 148 185 357 338 216 177 214 253 165 273 304 252 302 217 160 296 256 195 206 234 185 175 157 225 242 230 168 153 123 121 161 208 237 225 248 352 343 328 312 253 318 227 155 139 209 141 186
141 138 166 143 106 -9999 88 89 91 110 234 329 234 234 263 229 259 202 130 100 40 31 53 128 123 171 242 151 195 195 194 266 225 252 201 194 147 97 153 126 125 76 162 231 218 182 193 129 233 250 232 233 183 149 164 217 335 259 241 193 221 205 202 183 151 174 289 224 164 173 137 257 315 193 205 276 235 199 253 352 322 323 278 226 226 188 294 195 235
60 31 44 61 26 52 36 48 48 90 293 300 110 191 348 315 372 338 296 101 68 62 90 88 117 135 164 147 170 179 114 163 147 190 212 272 204 233 133 117 106 114 194 144 142 89 186 194 290 422 302 332 292 234 262 297 179 116 242 253 286 202 138 176 174 120 144 118 132 148 219 246 298 277 235 343 358 297 210 272 355 278 224 238 228 216 146 156 179
44 35 56 -9999 40 51 49 82 173 241 638 636 331 387 298 374 550 442 335 353 380 333 276 103 136 74 50 102 63 73 169 190 215 173 148 155 172 218 189 189 114 135 135 114 91 168 182 198 268 352 315 268 179 304 279 291 200 222 111 189 260 170 105 154 112 164 159 138 140 164 187 244 211 290 363 404 491 404 346 244 292 233 183 260 196 139 174 164 216
125 104 110 45 68 40 91 113 431 371 421 700 623 525 384 412 534 340 363 271 230 316 313 251 310 204 233 170 171 172 140 148 243 208 145 154 107 68 168 104 100 173 134 160 117 220 152 134 228 259 245 258 319 342 288 282 170 153 143 133 109 164 149 196 155 201 193 202 157 245 273 190 235 201 221 261 367 560 326 344 282 302 318 277 187 192 164 149 159
277 -9999 240 243 191 160 194 107 176 276 405 560 574 622 590 483 470 474 399 308 225 291 316 270 208 315 358 229 262 213 256 200 185 162 231 196 222 125 86 57 69 80 147 190 116 138 77 189 227 165 172 285 260 236 195 216 273 307 256 101 49 181 178 75 126 111 199 182 181 217 274 202 285 327 297 337 538 454 414 443 355 394 372 375 146 191 238 194 191
284 286 298 339 208 268 298 332 445 439 282 475 440 453 552 583 497 432 433 396 584 518 538 609 360 246 267 261 183 337 295 303 359 304 211 194 184 92 67 105 115 116 108 149 74 44 62 135 139 155 221 286 256 291 186 189 155 221 212 186 300 205 247 215 161 129 110 144 -9999 160 317 222 224 256 312 308 225 397 353 395 343 418 246 262 286 269 258 306 201
437 349 390 350 294 342 392 404 535 492 403 440 410 478 419 132 296 452 382 580 927 557 443 546 577 686 321 413 539 368 410 419 -9999 355 248 197 175 160 201 115 139 242 182 97 149 139 192 102 147 215 206 173 167 235 294 284 197 202 233 178 151 146 177 179 185 197 166 159 214 225 123 297 257 252 327 286 238 232 277 311 283 233 157 169 220 142 205 313 323
-9999 394 447 487 406 357 527 500 618 535 493 509 518 369 329 394 439 520 498 532 565 666 633 458 481 628 579 384 389 487 405 354 377 376 252 240 329 272 276 230 243 153 244 233 198 235 265 187 176 227 248 360 218 164 200 -9999 189 165 134 121 134 106 208 203 225 215 266 207 206 213 134 296 235 347 284 264 334 252 175 160 99 198 133 119 149 143 118 173 237
-9999 231 -9999 386 421 479 391 303 396 395 401 414 445 452 403 381 382 395 426 391 289 386 709 653 381 284 284 269 282 240 306 407 466 490 482 363 404 299 341 299 299 235 110 323 219 270 253 146 210 199 246 241 262 255 237 146 192 158 101 154 107 97 107 115 132 204 172 191 208 222 88 271 211 118 188 140 159 197 201 143 105 185 119 68 110 132 119 93 162
-9999 -9999 -9999 -9999 208 317 352 477 256 366 356 410 533 527 459 433 257 273 360 269 208 253 404 322 512 1186 804 300 424 293 369 357 306 380 285 357 368 386 378 296 233 273 284 354 241 191 189 261 254 245 231 157 184 180 303 208 225 202 235 267 152 193 140 168 144 179 124 112 53 99 190 199 148 237 221 166 164 156 174 155 88 131 138 144 133 136 143 199 174
126 185 109 -9999 -9999 -9999 5 -9999 131 185 167 128 141 156 185 266 303 355 387 307 274 360 479 759 520 488 319 335 566 460 487 595 330 278 343 437 360 307 321 332 344 341 364 361 281 297 251 327 321 227 127 222 201 143 229 198 239 208 150 198 208 182 148 181 196 184 146 70 59 34 48 116 140 144 168 229 183 137 118 139 137 160 152 149 144 171 200 232 195
-9999 -9999 -9999 -9999 -9999 -9999 -9999 -9999 -9999 -9999 -9999 -9999 69 47 -9999 -9999 -9999 -9999 332 600 586 430 335 248 209 212 439 802 553 691 604 286 253 215 291 371 466 390 336 359 298 210 335 434 369 295 334 388 389 326 -9999 276 -9999 134 180 139 91 -9999 190 133 211 203 217 178 218 239 193 143 97 117 66 69 79 92 63 96 173 93 139 153 96 96 110 110 78 99 155 254 237
-9999 -9999 -9999 -9999 -9999 -9999 -9999 -9999 -9999 -9999 -9999 -9999 -9999 -9999 -9999 -9999 -9999 -9999 -9999 -9999 -9999 -9999 28 92 122 142 112 70 -9999 323 354 451 538 307 310 414 422 398 351 290 297 324 290 274 474 328 304 318 337 325 358 258 187 239 265 287 200 275 187 120 185 244 239 203 197 197 174 200 139 119 72 67 130 99 92 76 126 87 115 132 118 115 192 96 101 145 172 145 134
-9999 -9999 -9999 -9999 -9999 -9999 -9999 -9999 -9999 -9999 -9999 -9999 -9999 -9999 -9999 -9999 -9999 -9999 -9999 -9999 -9999 -9999 -9999 -9999 -9999 -9999 -9999 -9999 -9999 56 242 353 289 238 360 404 564 497 529 467 309 339 391 527 457 494 481 332 326 417 369 290 -9999 258 185 187 265 194 137 116 165 226 194 168 163 184 193 263 261 170 177 229 234 114 126 49 145 123 111 152 118 164 263 188 235 179 179 138 201
-9999 -9999 -9999 -9999 -9999 -9999 -9999 -9999 -9999 -9999 -9999 -9999 -9999 -9999 -9999 -9999 -9999 -9999 -9999 -9999 -9999 -9999 -9999 -9999 -9999 -9999 -9999 -9999 -9999 -9999 6 59 324 464 340 534 586 623 -9999 397 -9999 358 447 493 512 443 449 502 335 378 404 398 345 275 205 209 266 224 186 115 278 194 231 197 124 167 195 216 265 251 309 227 320 173 174 213 168 124 147 130 137 219 325 368 271 216 199 214 150
-9999 -9999 -9999 -9999 -9999 -9999 -9999 -9999 -9999 -9999 -9999 -9999 -9999 -9999 -9999 -9999 -9999 -9999 -9999 -9999 -9999 -9999 -9999 -9999 -9999 -9999 -9999 -9999 -9999 -9999 -9999 -9999 -9999 -9999 140 286 540 615 535 -9999 370 356 422 486 365 297 -9999 429 418 363 -9999 -9999 320 374 374 356 255 194 194 154 82 155 157 70 82 154 222 237 319 327 293 305 287 269 229 260 236 268 203 179 224 224 178 242 316 276 212 212 187
-9999 -9999 -9999 -9999 -9999 -9999 -9999 -9999 -9999 -9999 -9999 -9999 -9999 -9999 -9999 -9999 -9999 -9999 -9999 -9999 -9999 -9999 -9999 -9999 -9999 -9999 -9999 -9999 -9999 -9999 -9999 -9999 -9999 -9999 -9999 -9999 364 900 502 -9999 -9999 -9999 311 -9999 352 321 -9999 399 426 413 -9999 -9999 -9999 -9999 483 337 354 304 366 361 102 86 191 134 89 151 145 216 237 199 221 218 231 325 315 319 330 318 346 228 231 240 222 235 285 348 309 259 280
-9999 -9999 -9999 -9999 -9999 -9999 -9999 -9999 -9999 -9999 -9999 -9999 -9999 -9999 -9999 -9999 -9999 -9999 -9999 -9999 -9999 -9999 -9999 -9999 -9999 -9999 -9999 -9999 -9999 -9999 -9999 -9999 -9999 -9999 -9999 -9999 -9999 -9999 796 699 232 284 191 -9999 318 340 386 -9999 468 353 232 435 473 497 403 378 466 258 308 381 125 209 200 161 133 151 151 144 153 201 197 191 254 256 291 368 366 303 301 393 351 326 266 297 399 283 328 376 326
-9999 -9999 -9999 -9999 -9999 -9999 -9999 -9999 -9999 -9999 -9999 -9999 -9999 -9999 -9999 -9999 -9999 -9999 -9999 -9999 -9999 -9999 -9999 -9999 -9999 -9999 -9999 -9999 -9999 -9999 -9999 -9999 -9999 -9999 -9999 -9999 -9999 -9999 -9999 -9999 162 199 184 -9999 -9999 -9999 298 -9999 214 305 386 -9999 381 500 -9999 455 394 342 410 370 267 213 206 98 211 289 243 244 203 173 215 199 184 211 243 248 222 250 340 346 300 289 348 388 348 320 312 390 325
-9999 -9999 -9999 -9999 -9999 -9999 -9999 -9999 -9999 -9999 -9999 -9999 -9999 -9999 -9999 -9999 -9999 -9999 -9999 -9999 -9999 -9999 -9999 -9999 -9999 -9999 -9999 -9999 -9999 -9999 -9999 -9999 -9999 -9999 -9999 -9999 -9999 -9999 -9999 -9999 -9999 -9999 240 252 231 -9999 222 -9999 256 296 184 -9999 360 413 466 443 512 -9999 363 414 273 252 255 293 191 262 137 234 299 275 319 226 209 237 206 252 262 253 265 353 274 267 268 197 323 349 329 314 425
-9999 -9999 -9999 -9999 -9999 -9999 -9999 -9999 -9999 -9999 -9999 -9999 -9999 -9999 -9999 -9999 -9999 -9999 -9999 -9999 -9999 -9999 -9999 -9999 -9999 -9999 -9999 -9999 -9999 -9999 -9999 -9999 -9999 -9999 -9999 -9999 -9999 -9999 -9999 -9999 -9999 -9999 219 238 237 -9999 238 -9999 167 285 -9999 274 249 -9999 -9999 441 -9999 -9999 515 526 446 477 543 480 381 494 390 322 261 316 283 259 295 275 239 212 248 221 267 248 293 259 259 282 234 259 358 405 -9999
-9999 -9999 -9999 -9999 -9999 -9999 -9999 -9999 -9999 -9999 -9999 -9999 -9999 -9999 -9999 -9999 -9999 -9999 -9999 -9999 -9999 -9999 -9999 -9999 -9999 -9999 -9999 -9999 -9999 -9999 -9999 -9999 -9999 -9999 -9999 -9999 -9999 -9999 -9999 -9999 -9999 -9999 -9999 -9999 173 -9999 225 207 -9999 205 215 213 -9999 -9999 377 459 497 -9999 536 497 501 587 367 434 413 382 252 381 303 336 327 247 266 321 298 278 228 230 200 220 279 344 301 360 289 251 281 300 287
-9999 -9999 -9999 -9999 -9999 -9999 -9999 -9999 -9999 -9999 -9999 -9999 -9999 -9999 -9999 -9999 -9999 -9999 -9999 -9999 -9999 -9999 -9999 -9999 -9999 -9999 -9999 -9999 -9999 -9999 -9999 -9999 -9999 -9999 -9999 -9999 -9999 -9999 -9999 -9999 -9999 -9999 -9999 -9999 157 -9999 266 327 -9999 -9999 249 155 -9999 -9999 306 370 376 331 307 -9999 508 541 551 433 290 274 324 285 222 334 328 238 244 246 197 226 235 222 173 207 273 314 294 323 364 249 228 288 298
-9999 -9999 -9999 -9999 -9999 -9999 -9999 -9999 -9999 -9999 -9999 -9999 -9999 -9999 -9999 -9999 -9999 -9999 -9999 -9999 -9999 -9999 -9999 -9999 -9999 -9999 -9999 -9999 -9999 -9999 -9999 -9999 -9999 -9999 -9999 -9999 -9999 -9999 -9999 -9999 -9999 -9999 -9999 -9999 158 -9999 305 330 -9999 181 -9999 -9999 162 -9999 -9999 -9999 444 383 322 -9999 439 489 393 296 367 453 290 -9999 245 324 263 292 231 223 230 262 267 -9999 205 216 207 193 209 243 301 271 329 347 302
