resultados/variables_norteamerica/human_footprint.asc
ncols 469
nrows 225
xllcorner -169.133333
yllcorner 20.675000
cellsize 0.249840
NODATA_value -9999
[rows 70 to 104 of 225, columns 156 to 233 of 469]
2.8 7.88 8.69 12.77 12.07 3.48 0 0 0.03 5.29 6.04 1.17 0 0.08 1.45 6.65 13.19 12.22 13.15 8.08 6 5.44 1.67 0.45 4.09 5.91 6.96 12.95 9.36 3.76 2.25 0.14 0 0 0 0 0 0.52 0 2.25 0.29 0 0 7.38 6.48 4.75 5.58 2.52 2.1 2.72 7.59 11.37 3.07 0.04 0 0.04 0 0 0 0 0 0 0 0 0 0 0.04 0 0 0.71 7.01 7.03 3.55 3.66 8.29 4.02 1 1
8.8 14.15 10.63 9.18 8 1.03 0 0 0.07 2.12 5.96 5.01 0.77 0 0 0.01 3.62 7.34 5.75 4.28 2.56 0.16 0 0 0 1.31 5.9 10.88 8.49 5.45 6.75 3.79 0 0 0.42 -9999 -9999 0 0.05 0.51 0 0 0 0.23 8.78 16.17 15.42 6.99 7.37 9.08 11.3 3 0.04 0.35 0 0.08 0 0 0 0 0 0 0.15 0.08 0 0.57 0.74 0 0.19 0.57 4.19 6.9 7.67 7.89 7.79 2.81 1 1
13.78 9.55 1.89 0.14 0 0 0 0.03 0.15 0.4 1.83 6.89 4.76 0.47 0 0.17 1.03 7.15 7.03 7.83 7.44 4.45 3.35 3.06 3.59 7.93 13.83 12.67 11.76 25.94 23.21 8.27 2.25 0 1.96 5.34 0.22 0.08 0.03 0.78 6.11 6.95 4.76 0.55 7.66 14.15 7.05 2.54 1.48 1.55 7.59 8.66 2.46 0.29 0 0.27 0.03 0.07 0 0 0 0 0 0 0 0.26 0.07 0.46 0.68 0 0 0.17 2.76 4.37 5.99 2.61 1 -9999
15.48 8.15 0.36 0 0 0 0 0 0.01 0 0 1.44 5.5 5.63 1.31 0.05 0.27 0.75 5.16 6.92 7.75 6.18 6.7 5.95 7.33 10.99 9.43 2.7 3.99 13.78 18.22 12.07 9.65 0.74 0.03 0.24 0.04 0 0.85 0.62 1.85 2.22 6.24 18.63 18.49 21.54 7.56 7.29 6.95 7.15 7.35 13.32 23.53 12.4 10.39 14.29 11.53 7.72 5.72 0.49 2.96 0 4.53 0.74 0.16 0.21 0.49 0.56 0.08 0.12 0 -9999 -9999 1.62 1.98 2.05 1.42 1.36
13.71 11.88 0.86 0 0 0 0 0.13 0 0 0 0.27 0.67 4.55 5.71 1.63 0 0 1.61 3.12 2.72 0.28 0 0.37 0.88 5.6 5.97 0.85 3.47 8.45 5.95 1.89 6.94 8.06 4.11 0.04 0 0.03 0.03 0.31 0.22 0.4 1.37 12.29 3.74 1.59 0 0.13 0.58 0.58 2.07 11.65 5.85 4.19 8.85 18.38 23.36 9.71 3.78 0.91 0.45 0.34 1.67 0.11 0 0.05 0 0.03 0 0.24 0.35 0.02 -9999 0.4 0.96 1.22 -9999 1.02
13.13 15.94 4.52 3.94 3.6 3.64 4.28 2.43 0.17 0 0 0 1.3 1.04 3.77 6.02 2.15 0 0 0 0 0 0 0.21 3.18 3.85 6.07 5.26 3.09 9.04 7.54 1.28 2.98 5.38 8.93 4.83 1.44 2.81 0 0 0 0 0 0 0.29 0.16 0.02 0.01 1.74 2.74 9.8 10.51 7.15 9.55 12.84 20.2 5.53 5.55 8.59 2.09 0.23 0.09 0 0 0.11 0.47 0.43 0.43 0.43 0.46 0.47 0.6 0.98 0.43 0.44 1.36 1 1
11.1 13.77 12.29 5.12 4.16 3.88 3.62 5.44 5.01 3.9 3.62 5.7 5.96 5.74 1.75 4.86 5.98 1.04 0.51 0.36 2.52 -9999 5.7 5.95 7.01 7.4 5.91 4.71 6.88 9.17 2.65 6.44 9.46 5.32 5 1.55 2.97 0 0.17 0.05 3.09 1.87 0.45 0 0.04 0.31 0.32 0.23 3.83 10.16 13.75 6.95 7.7 7.33 2 1.56 0.07 0.69 5.91 8.49 1.47 0.01 0 0 0.45 1 1 1 1 1 1.03 1.11 6.33 1.89 1.01 1.43 1 1
9.56 3.81 8.21 6.99 0 0 0 0.89 4.11 5.76 6.12 4.13 2 3.79 6 5.78 5.84 3.72 2.25 0.07 0.46 2.45 2.16 2.88 1.48 1.06 1.03 0.53 6.29 5.93 1.42 6.84 8.71 0.75 1.61 5.21 0.51 1.81 6.78 3.02 0 1.45 3.81 3.1 2.17 0.25 0 0 0.09 2.7 10.75 6.71 3.05 0.67 0.99 0.47 0 0 2.63 5.32 0.47 0 0 0 0.34 1 1 1 1 1 0.83 1.16 10.06 8.77 6.29 1.12 1 1
7.5 3.3 6 5.12 2.25 3.34 0.73 3.63 6.11 5.8 5.46 1.41 1.88 5.38 6 2.4 2.77 4.55 7.22 3.84 0.59 0.34 0 4.45 4.46 3.71 6.43 5.81 10.67 12.29 10.41 19.74 12.38 4.54 11.24 12.3 1.31 5.09 8.91 6.17 0.07 7.15 2.68 4.12 1.48 1.5 3.8 0.07 0 1.88 8.97 13.47 4.06 0.2 0.21 0.16 0.05 0 0 1.59 1.93 1.14 0.2 0 0.13 0.4 0.4 0.4 0.49 -9999 7.08 8.07 8.4 9.41 9.54 1.97 1 1
-9999 1.93 4.8 5.52 2.85 7.23 8.03 5.42 5.25 1.65 -9999 0.57 5.34 6 2.39 0.1 0.13 0 1.83 5.53 5.01 1.13 0 0.79 2.94 3.9 6.26 4 4.12 10.06 11.01 10.17 10.38 6.11 16.35 8.05 8.26 9.69 14.38 3.82 0 0 0.12 0 0 0 0.08 0.36 4.73 4.52 18.97 7.98 0.8 0 0 2.14 6.13 6.74 5.2 5.83 8.07 5.69 7.36 3.32 0.07 0 0.44 0 0 0.48 3.15 3.09 2.56 12.32 27.86 6.33 1 1
7.51 5.89 1.4 2.75 5.25 6 5.96 7 7.89 4.85 3.73 5.89 5.92 4.63 0.19 0.01 0.03 0.12 0 0.69 5.27 5.29 0.37 0.12 0.4 0 0.17 0.51 0 5.72 8.54 8.48 9.81 9.71 11.85 13.74 19.88 12.36 16.21 4.59 0.04 0.16 0.72 0.3 0 0 0 1.23 1.04 6.04 25.14 12.37 2.33 0 0.98 0.34 2.57 4.5 7.31 9.22 6.34 10.91 8.02 10.38 0.67 0.17 1.02 0.69 0 0.32 1 1 1 1.52 13.97 16.01 2.01 1.18
0.89 4.23 6.95 3.92 0.21 2.97 6.06 5.84 2.3 5.71 8.2 3.87 0.69 0 0 0 0 0.41 0.2 0 0.36 2.25 -9999 0 0.29 0 0 0 0 0.38 5.25 11.63 10.13 10.52 11.84 12.19 22.08 28.2 16.06 10.71 7.31 8.37 8.26 13.34 14.42 9.6 6.45 5.47 9.45 10.99 12.56 10.06 6.68 5.64 7.14 8.26 9.78 17.21 13.6 18.62 10.14 4.6 -9999 2.76 0 0.07 0.34 0 0 1.78 1.22 1.34 1.2 1.28 5.93 17.69 10.36 1.18
2.08 1.8 4.63 10.43 5.71 5.96 5.95 5.43 5.03 5.86 6.95 8.22 4.71 10.26 9.14 6.33 5.97 8.04 7.18 5.48 3.76 1.61 1.41 0 0.03 0 0 0 0 0 2.11 4.51 4.63 9.37 11.48 14.73 26.2 48.69 29.95 19.73 24.4 25.88 16.28 16.5 17.3 15.42 17.79 10.44 9.73 11.33 22.75 32.26 13.85 10.41 3.16 3.27 8.8 2.87 3.88 7.78 1.95 0.17 1.67 0.36 0.1 0.42 0 0 0 0.12 1.13 1 1.44 7.01 8.9 6.79 5.21 2.95
15 -9999 7.08 12.15 11.63 9.41 3.49 0.64 5.82 5.19 2 -9999 1.15 9.12 11.42 10.63 11.61 9.69 9.67 13.8 10.84 5.74 6 2.17 -9999 4.97 1.17 0 -9999 0.07 3.85 -9999 18.75 19.26 13.37 18.79 18.11 30.77 22.64 22.18 30.83 28.11 28.96 19.15 17.23 17.97 26.45 27.83 21.99 21.44 20.47 21.65 18.52 7.77 4.83 1.43 3.86 2.97 8.03 15.93 3.67 0.3 0.18 0.59 5.36 10.66 2.18 0 0 0 1.23 2.22 7.74 8.64 4.34 5.7 1.99 4.94
12.19 -9999 -9999 2.23 11.6 12.15 6.21 3.53 7.23 9.48 7.49 2.32 1.98 2.4 8.81 7.9 2.59 2.87 6.74 9.42 7.9 7.29 4.37 2.36 5.41 8.26 5.98 1.62 0.44 0.04 3.87 9.36 11.63 12.12 20.63 21.94 17.88 19.6 20.47 32.76 22.47 20.34 18.78 20.45 27.36 30.09 22.36 22.55 24 24.08 27.14 30.86 27.78 9.5 5.91 9.86 7.4 11.14 -9999 13.93 12.27 1.72 3.8 6.48 8.57 -9999 1.37 0.7 0 0.1 1.35 7.56 7.89 2.57 1 2.62 3.8 5.69
6 7.99 11.95 5.61 10.33 15.22 10.75 7.89 9.02 14.45 -9999 5.86 5.83 11.77 8.67 3.73 10.58 6.15 7.99 7.54 6.63 4.78 5.61 7.59 6.43 7.37 9.57 7.25 3.23 8.35 9.55 10 11.99 12.52 14.49 13.49 13.08 10.21 8.5 6.91 17.78 8.47 25.34 31.65 17.89 23.3 16.96 19.73 15.2 11.89 10.97 19.27 18.45 15.4 16.52 -9999 10.76 4.01 0.23 2.47 8.53 8.35 6.21 3.33 1.86 3.87 7 2.89 0.01 0.72 4.38 8.77 5.89 1 1 4.32 7 1.45
-9999 -9999 11.68 15.74 16.75 9.14 1.39 5.59 9.88 18.72 22.96 6.84 2.59 10.51 12.12 0.13 2 5.77 2.98 1.88 0.13 0 1.08 6.57 7.37 5.91 6.84 16.4 27.49 9.63 9.31 1.91 3.08 8.68 8.45 7.57 11.14 12.34 6.22 8.39 10.11 28 37.71 35.79 41.09 45.68 27.58 22.75 20.16 3.86 7.62 14.66 12.9 12.81 18.37 11.52 9.66 12.81 -9999 -9999 -9999 25.79 17.1 8.76 7.63 7.06 4.02 6.99 2.64 1.06 9.85 6.1 1.11 1 2.89 3.49 1 1.76
6.55 13.82 20.33 19.82 13.89 4.22 7.72 17.07 22.47 24.5 9.28 12.87 3.57 6.33 8.07 7.04 5.43 3.04 7.85 5.7 1.38 0.09 1.68 7.64 4.51 1.97 2.87 8.97 17.93 18.67 5.2 1.04 4.41 5.67 7.64 9.37 23.24 12.68 6.55 8.81 9.08 17.3 24.82 24.21 29.25 42.91 22.77 11.21 8.07 12.25 13.73 28.26 15.13 15.58 4.04 0.15 0 0.2 3.91 9.53 2.99 1.8 5.52 6.96 14.73 7.61 6.07 10.06 4.32 5.48 14.08 8.68 5.89 10.42 8.77 8.25 3.46 1
6.03 7.45 7.61 2.41 5.59 9.93 12.57 19.18 5.9 0.82 3.83 17.92 19.37 7.78 7.21 12.11 8.05 0.86 0.92 4.71 8.4 8.9 3.09 7.09 7.17 7.1 7.22 7.35 6.13 10.89 16.95 5.93 2.31 0.85 1.31 12.68 15.19 8.55 10.7 5.67 4.61 7.18 9.61 10.44 13.8 14.42 20.71 10.35 5.7 9.64 11.67 16.65 10.15 9.87 5.13 4.03 0.67 1.43 10.61 19.26 4.03 0.5 1.19 6.61 11.52 5.89 19.32 24.49 14.34 21.11 15.71 -9999 24.48 18.71 8.45 6.9 4.53 7.17
6 4.79 -9999 4.63 6.94 20.91 32.21 15.19 3.17 0.67 3.98 7.25 12.59 10.44 10.52 10.48 4.34 5.15 3.49 3.81 5.29 12.63 -9999 20.57 11.36 2.61 1.64 0.78 0.85 10.59 12.38 5.17 5.82 4.85 2.28 6.95 7.76 3.71 5.11 0.73 2.09 7.78 8.13 8.31 12.22 11.99 11.86 19.41 11.99 16.21 11.41 11.85 9.6 15.46 6.77 3 12.83 15.5 21.62 12.87 6.81 4.97 4.82 8.74 22.96 12.47 17.91 24.84 17.56 25.3 13.02 10.56 14.42 15.07 12.46 10.09 15.2 17.94
13.03 8.16 16.99 23.13 -9999 14.69 21.17 5.29 0.85 0.95 1.87 3.81 6.87 16.62 13.33 6.72 9.27 21.64 9.01 3.02 6.26 9.69 8.54 18.81 9.78 7.21 6.17 2.98 3.77 8.82 15.32 6.43 5 3.7 2.26 0.89 2.54 0.93 0.12 0.48 3.52 7.23 7.37 5.56 5.19 7.51 19.76 15.49 3.63 9.24 7.49 10.45 18.6 28.93 15.05 10.86 13.8 13.39 11.49 9.04 12.58 19.12 15.71 21.24 20.89 23.65 24.84 16.33 22.35 17.02 9.58 7.07 11.1 19.77 20.73 25.3 20.94 36.25
10.17 8.48 9.77 6.73 3.51 21.3 23.98 2.31 -9999 0.73 -9999 8.47 11.83 14.19 12.74 8.72 8.06 13.64 8.47 9.97 22.54 23.45 18.99 21.95 33.73 17.74 15.38 14.18 16.41 33.73 29.25 14.58 14.72 17 6.9 1.49 0.53 0.32 0.68 0 0.5 1.17 2.85 12.22 17.96 13.44 11.92 3.58 1.48 3.75 8.83 13.94 11.08 17.17 20.23 10.55 11.25 20.65 22.93 23.09 20.76 20.28 21.38 27.51 22.95 33.81 30.21 25.03 37.43 26.11 26.54 24.59 23.49 26.14 30.44 34.61 21.35 19.79
6 6 6 5.83 6.61 -9999 12.6 4.4 -9999 0.78 1.23 6.3 8.01 4.87 6.42 7.62 9.08 8.63 4.65 2.01 10.38 12.8 14.13 10.18 12.57 14.36 11.82 14.38 21.26 46.98 26.2 8.41 6.97 10.37 12.51 14.94 13.45 5.19 0.63 0.12 1.2 0.12 3.97 11.43 19.82 9.06 9.98 6.78 1.06 4.49 6.93 6.88 9.66 16.42 11.95 10.7 14.13 11.78 11.75 16.49 22.36 24.39 28.4 25.26 27.54 34.74 51.79 58.23 63.42 37.94 27.37 27.16 26.21 29.75 24.48 23.34 26.31 36.12
-9999 6 6 -9999 6 6 5.12 8.41 16.79 9.75 1.62 3.53 3.01 0.07 0.21 0.25 1.38 5.58 4.57 0.05 8.99 12.82 5.95 3.91 8.38 6.28 8.08 7.66 11.3 15.24 14.52 7.38 7.6 6.81 6.37 3.03 7.08 15.07 13.69 3.97 0.55 0.12 3.09 6 1.8 0.56 1.33 8.4 10.4 9.81 12.68 13.08 11.11 12.72 26.69 20.25 13.21 16.73 14.2 15.64 28.17 -9999 35.73 33 48.72 63.37 81 75.52 47.38 15.72 27.56 26.76 40.08 25.5 22.04 26.8 23.83 26.64
6 6 6 -9999 6 6 6 7.25 -9999 5.51 -9999 0.12 0 0 0 0 0 1.99 5.68 1.89 0.52 1.58 1.08 1.61 2.73 6.07 8.84 7.08 11.23 14.42 21.36 10.62 8.37 4.6 7.66 4.89 1.58 1.49 7.41 18.05 17.08 4.29 0.58 5.99 4.66 0.16 0.4 6.51 7.18 14.78 23.63 7.5 9.55 12.38 4.28 10.22 13.8 16.18 20.08 11.52 28.2 29.88 30.36 30 33.56 49.11 60.04 41.74 30.71 23.48 -9999 32.52 24.67 23.96 26.48 27.64 26.27 34.53
-9999 -9999 -9999 -9999 6 6 -9999 5.21 4.66 6 5.98 2.01 1.34 0 0 0 0 0 0 0 0.32 0.9 1.21 1 1 4.97 9.24 8.03 9.17 15.75 34.38 17.19 8.81 8.59 10.76 4.29 1.66 0.99 0.81 1.34 7.54 15.76 14.88 16.06 13.98 7.2 2.46 5.82 14.68 4.46 8.78 14.02 9.52 10.52 4.68 7.82 13.99 17.5 12.07 15.91 15.07 20.71 24 25.21 26.27 25.48 32.76 34.3 27.81 38.9 25.47 26.22 28.84 32.51 28.3 24.16 22.69 25.36
-9999 -9999 -9999 -9999 6 -9999 6 6 6 4.6 0 2.58 6 3.33 0 0 0 0 0 0 0 0.01 0.6 0.9 1 2.13 6.13 4.39 3.76 5.27 26.94 14.49 2.99 7.02 6.78 4.45 1.03 1.42 1.25 0.56 0.11 3.82 9.88 24.49 10.45 12.01 15.79 12.31 22.01 3.85 0.73 4.39 0.99 1.99 7.52 9.14 5.17 7.26 6.9 7.83 8.4 14.54 17.34 23.55 24.87 22.46 31.44 27.64 29.28 27.58 27.69 31.04 26.64 33.21 30.62 30.36 24.95 37.56
-9999 -9999 -9999 -9999 6 6 7.31 6 6 6 5.67 -9999 6.24 8.21 8.51 8.77 7.03 9.27 6.66 6.28 0.69 0 0 1.18 3.83 4.39 2.79 0.87 1.11 1.94 17.66 15.92 6.67 9.01 9.19 5 1.75 3.28 2.27 0.53 0.28 -9999 6.34 12.75 15.09 0.36 4.51 6.59 5.32 7.27 6.36 1.37 0 0.7 2.51 8.49 11.81 9.89 9.16 7.21 9.85 15.97 25.93 32.1 -9999 33.05 37.68 27.79 32.09 20.78 26.84 24.81 40.08 36.98 34.37 34.4 30.81 24.65
-9999 -9999 -9999 -9999 -9999 6 -9999 6 6 6 6 -9999 7.19 21.44 18.8 17.99 15.68 11.26 5.79 7.06 8.23 1.26 1.07 3.41 9.08 9.7 8.08 2.6 0 0.13 6.3 20.24 13.14 10.74 10.22 8.89 8.58 10.17 5.59 0.87 0.46 0.29 -9999 16.08 11.48 0.51 0.54 1.88 -9999 0.64 4.2 7.22 2.17 1.65 6.62 9.6 8.82 6.43 8.51 12.84 29.24 29.64 29.02 39.86 40.26 62.84 41.36 35.84 31.83 34.5 30.09 24.39 25.85 25.65 27.68 24.48 17.98 14.9
-9999 -9999 -9999 -9999 -9999 -9999 -9999 7.37 -9999 6 -9999 5.73 3.08 -9999 3.45 -9999 0 2.79 3.6 3.11 11.48 10.02 10.33 13.42 13.73 14.2 14.4 16.76 9.33 5.51 8.32 21.28 32.56 12.81 10.02 8.15 8.19 8.67 6.03 7.79 5.68 0.25 5.45 19.16 5.02 3.22 6.73 1.49 0.6 0.66 -9999 2.46 6.1 7.93 9.73 5.78 5.53 8.44 8.92 15.82 15.64 22.72 27.28 29.69 35.21 36.38 27.8 31.67 28.26 30.65 23.29 21.46 -9999 18.31 18.69 13.84 23.64 27.82
-9999 -9999 -9999 -9999 -9999 -9999 -9999 -9999 6 6 6 5.85 3.61 6 5.05 0.53 -9999 0.47 0.08 0.08 3.08 10.17 15.05 9.2 7.31 9.99 8.95 5.53 13.87 13.25 13.3 17.35 9.98 8.49 13.73 14.74 13.87 10.39 7.93 6.35 10.21 7.23 11.52 17.15 3.09 5.81 7.63 1.08 0.48 -9999 4.9 1.21 -9999 5.88 6.91 3.33 1.45 5.36 8.19 10.58 14.16 18.94 30.83 28.05 38.85 25.83 29.18 34.16 23.45 29.77 23.37 21.22 18.07 9.97 10.84 9.97 11.62 9.98
-9999 -9999 -9999 -9999 -9999 -9999 -9999 -9999 6 6 -9999 6.18 5.5 4.51 6.32 0.31 -9999 -9999 0.18 0.55 0.25 4.05 8.98 10.35 5.26 0.96 2.37 0.35 2.43 2.83 8.98 15.6 11.16 9.46 7.92 27.62 13.34 10.26 6.59 12.17 24.41 20.27 16.35 8.05 1.63 5.54 8.06 2.49 0.1 -9999 8.25 10.63 6.22 1.69 6.7 9.33 -9999 7.86 6.19 8.24 10.15 10.29 23.09 25.49 39.32 27.36 31.3 32.75 27.78 35.55 27.84 23.99 16.2 17.82 11.23 15.05 10.65 8.53
-9999 -9999 -9999 -9999 -9999 -9999 -9999 -9999 -9999 -9999 6 6 5.97 3.35 -9999 3.86 -9999 0.68 0.34 -9999 11.07 7.89 5.63 2.69 0.97 0.12 0 0.24 0 0.51 3.99 12.32 13 8.44 10.11 13.25 8.72 7.94 4.18 13.5 17.27 7.65 8.08 5.97 10.42 11.31 8.08 -9999 2.72 5.32 13.26 4.95 17.84 13.24 12.55 9.08 13.04 10.09 10.46 5.75 9.79 12.31 29.6 30.71 49.11 33.96 40.92 28.6 28.74 32.49 27.36 12.87 9.19 11.66 12.12 9.12 8.29 11.73
-9999 -9999 -9999 -9999 -9999 -9999 -9999 -9999 -9999 -9999 -9999 6 -9999 6 6 6 5.58 4.51 5.89 -9999 12.41 9.18 -9999 -9999 0.16 0 0 0 1.2 3.37 6.84 9.11 14.03 14.48 14.93 7.13 7.27 7.8 3.09 16.52 18.09 10.54 11.06 12.87 12.84 13.67 12.57 18.58 13.72 -9999 2.65 -9999 -9999 7.59 9.83 6.48 8.16 6.87 15.82 26.23 18 16.54 35.02 54.3 76.66 56.27 32.18 33.79 29.3 28.14 21.2 15.42 16.49 12.23 13.17 9.04 8.78 8.82
-9999 -9999 -9999 -9999 -9999 -9999 -9999 -9999 -9999 -9999 -9999 6 -9999 6 -9999 -9999 6.53 7.49 -9999 3.6 7.25 9.56 6.15 5.68 0.38 -9999 0 0 3.89 6.99 6.18 9.36 15.66 20.82 10.63 23.67 17.81 20.72 20.51 38.87 16.61 21.58 22.88 30.33 25.01 16.86 16.17 14.47 8.83 6.59 4.9 2.12 0.78 0.13 4.77 12.73 9.09 5.35 4.75 8.53 9.68 8.76 13.58 29.79 48.34 31.25 28.47 26.84 27.25 24.97 21.23 23.37 23.2 17.73 12.33 11.57 15.23 12.36
