resultados/variables_norteamerica/human_footprint.asc
ncols 469
nrows 225
xllcorner -169.133333
yllcorner 20.675000
cellsize 0.249840
NODATA_value -9999
[rows 70 to 104 of 225, columns 234 to 311 of 469]
1 1 0.7 0 -9999 -9999 -9999 0 -9999 -9999 -9999 -9999 -9999 1.07 1.58 0.9 0 0 2.27 8.64 3.32 -9999 0 0 0 0 0 0 0 0 0 0 0 0 0 0 0 0 0 0 0 0 0 0 0 0 0 0 0 0 0 0 0 0 0 0 0 0 0 0 0 0 3 6 -9999 -9999 -9999 -9999 -9999 -9999 -9999 -9999 -9999 -9999 -9999 -9999 -9999 -9999
-9999 -9999 -9999 -9999 -9999 0 0 0 0 0 0 0 0 0 0 0.06 0.06 0 0.53 5.25 9.68 1.24 0.96 0.48 0.44 0.04 0.17 0 -9999 0 0 0 0 0 0.26 0.34 0 0 0 0 0.09 0.32 0.02 -9999 0.43 -9999 0 0.07 0 0 0 -9999 0 -9999 0 0.08 0 0 0 0 0.25 1.36 6.24 6.07 -9999 -9999 -9999 -9999 -9999 -9999 -9999 -9999 -9999 -9999 -9999 -9999 -9999 -9999
-9999 -9999 0.78 0 0 0 0 0 0 0 0 0 0 0 0 0 0 0 0 0.18 0.14 0 0 0 0 0 0.58 0.08 0 0 0 0.46 0.08 0 0.06 0.23 0 0 0 0.16 0.22 -9999 0 0 0 0 0 0 1.39 0.48 0.12 0 0.21 0.2 0.56 0.22 -9999 -9999 0.4 0.18 0.19 0.15 1.1 3.22 -9999 -9999 -9999 -9999 -9999 -9999 -9999 -9999 -9999 -9999 -9999 -9999 -9999 -9999
1 1 0.69 0.08 3.61 -9999 0 0 0 0 0 0 0 0 0 0 0 0 0 0.66 0 0 0 0 0 0 0 0.04 0.13 0 0.36 0 0 0 0 0 3.86 0.4 0.06 0 0 0 0 0 0 0 0 0 0.53 -9999 0.06 0 0 0 0 0 0 0 0 0 0 0 0 0 2.16 3.11 6.97 1.94 2.61 4.91 -9999 -9999 -9999 -9999 -9999 -9999 -9999 -9999
1 1 0.65 1.85 10.57 4.23 0 0 0 0 0 0 0 0 0 0 0 0 0 0.33 0 -9999 0 0 0 0 0.09 5.68 -9999 0 -9999 0.37 0 0 0 0 0 0.2 0.26 0 0 0 0 0 0 0 0 0 0 0.26 0.06 0 0 0 0 0 0 0 0 0 0 0 0 0 0 0.1 3.01 0 0 1.67 -9999 -9999 -9999 -9999 -9999 -9999 -9999 -9999
1 1 0.8 0.04 6.56 6.14 0.02 0 0 0 0 0 0 0 0 0 0 0.09 0.32 0.24 0 0 0 0 1.39 0 2.02 -9999 4.83 -9999 5.27 0.23 0 0 -9999 0 0.08 0.34 0 0 0 0 0 0 0.02 0.46 0.19 0.02 0.24 0.32 0 0 0 0 -9999 0 0 0 0 0 0 0 0.18 0.28 0.18 0.09 2.79 0 0 0 3.41 6 -9999 -9999 -9999 -9999 -9999 -9999
1 1 0.72 0 5.28 7.3 0.79 0 0 0 0 0 0 0 0 0 0 0.45 0 0 0 0 1.72 0 0 0 6.02 6.74 0.75 -9999 0 0 0 0 -9999 -9999 0.17 0 0 0 0 0 0 0 0.02 0 0.05 0.28 0.02 0 0 0 0 0 0 0 0 0 0 0 0.12 0.36 0.23 0 0 2.04 0.84 0 0 0 2.26 6 -9999 -9999 -9999 -9999 -9999 -9999
1 1 0.7 0 3.67 7.74 2.01 0.35 0.38 0.24 0 0 0 0 0 0 -9999 0 0 0 0 0 0 0 0 0.38 6.96 5.79 0 0 0 0 -9999 -9999 -9999 0 0 0 0 0 0 0 0.08 0.04 0 0 0 0 0 0 0 0 0 0 0 0 0 0 0 0 0.28 0.43 0 0 0 2.29 0.81 0 0 0 0.04 3.26 -9999 -9999 -9999 -9999 -9999 -9999
1 1 0.62 0 0.1 5.24 -9999 1.58 0 0 0 0 -9999 0 0 0 -9999 0 0.9 4.84 6.84 0.27 0 0.21 0.36 0.49 7.47 5.19 0.33 0.17 0.07 -9999 -9999 -9999 0.24 1.85 1.16 0.99 0.04 0 0.44 0.22 0.28 0 0 0 0 0 0 -9999 0.07 0.28 -9999 0 0.33 0.16 0 0 0.14 0.8 0.06 0.44 0 0 0 1.16 1.8 0 0 0 0 0.13 5.64 -9999 -9999 -9999 -9999 -9999
1.06 1.08 0.68 0 0 2.02 7.59 3.28 0.55 0.32 0 0 0 0 0 0 0 1.15 6.97 7.12 -9999 -9999 0.34 0.07 0.18 0.36 3.33 7.13 6.69 0.79 0 0 -9999 -9999 6.63 6.68 7.07 7.29 3.58 1.71 0.44 0 0 0 0 0 0 0 0 0 0 0 0 0 0 -9999 0.28 0.4 0.22 0.09 0.45 0.12 0 0 0 0.27 2.61 0 0 0 0.12 3.93 -9999 -9999 -9999 5.72 4.41 2.98
1.28 1.25 1.07 0.22 0.33 2.09 7.91 5.36 0.07 0 0 0 0 0 0 0 0.04 4.77 7.19 1.35 0.49 0.08 0.2 0.28 0.28 0.04 0.27 3.46 7.51 1.8 0 0 0 -9999 0.13 0.95 3.48 8.88 14.23 7.22 7.22 7.55 6.25 2.61 0 2.51 4.19 2 0 0.12 0.31 0 0 0 0 0 0 0 0.1 0.46 0.01 0 0 0 0 0 3.07 0.25 0.28 0.48 0.48 3.65 3.26 1.46 1.72 0.36 0 0
1 1 0.78 0 9.51 10.37 7.05 6.84 5.07 0.61 0 0 0 0 0 0.13 3.91 7.43 3.47 0.18 0 0 0.04 0 0 0 0 2.76 7.5 2.84 0 -9999 0 0 0 2.89 6.1 6.63 2.77 0.51 1.52 2.66 10.77 7.87 7.59 7.33 4.98 1.53 0 0 0 0 0 0 0 0 0 0.04 0.15 0 0 0 0 0 0.09 2.28 7.53 1.05 -9999 0 0 0.18 0.19 0 0 0 0 0
1 -9999 0.73 0.4 -9999 7.08 7.08 7.85 4.45 0.92 -9999 0 0 0 0 2.64 7.49 3.37 0.03 0 0 0 0 0 0 0 0.14 3.67 8.06 7.61 -9999 0 0 0 0 0 0.89 8.54 5.85 1.99 0.49 1.51 8.43 5.44 2.86 1.1 0.03 0 0 0 0 0 0 0 0 0 0 0.79 4.8 0.22 0.1 0.14 -9999 -9999 -9999 3.66 0.59 0 0 0 0.19 0.52 0.05 0 0 0 0 0
1.03 1 0.56 0 0 0.04 -9999 -9999 5.65 -9999 0.02 2.45 1.67 0.18 0 2.26 7.59 3.07 0 0 0 0 0 0 1.23 3.74 6.47 7.47 3.98 0.65 0.11 0 0 0 0 0 0.24 5.46 3.22 1.01 0.39 1.19 6.67 6.32 1.77 1.6 2.28 2.42 3.02 2.74 1.55 2.04 4.36 5.37 1.09 0.57 3.3 1.92 4.15 2.05 3.82 1.95 0.41 0 0 0 0 0 0 0.26 0.17 0 0.29 0.24 0 0 0 0
1.23 1 0.7 0 0 0.87 4.62 3.11 13.58 -9999 1.25 7.39 7.23 0.17 0.24 2.59 7.74 3.02 0 0.17 0 0 0 4.23 7.32 5.88 2.92 0.95 0.14 -9999 0.13 0 0 0 0.09 0.08 0.18 9.37 0.92 0.36 0 0 1.1 5.77 7.24 6.52 6.8 11.97 5.76 5.83 8.69 24.89 5.64 2.41 0.13 1.34 2.85 2.12 0.56 0 0 0 0 0 0 0 0 0 0.04 0.37 0 0 0 0.06 2.58 0.14 0.11 0
-9999 1 0.72 0 0 2.12 6.85 6.45 6.95 6.73 9.03 7.12 5.95 0 1.79 6.12 -9999 2.03 0.98 0.28 0.51 0.6 3.11 7.98 5.46 0.41 0 0 0.32 0.47 0.3 0.29 0.51 2.17 0.05 0 0 1.48 3.22 0.04 0 0 0.24 0.3 0.56 0.17 1.01 1.07 -9999 4.49 11.95 9.09 4.03 2.57 -9999 0.41 0.01 0 0 0 0 0 0 0 0 0 0 0.28 0.34 0 0 0 0 0.26 0.3 0.16 0.44 0.2
1.67 1 0.67 0 0 0 1.02 4.41 6.79 7.71 7.5 -9999 8.63 1.72 2.51 7.86 -9999 4.45 -9999 2.1 1.14 6.14 8.53 8.12 8.57 0.99 0.13 0.11 0.27 0.07 0.05 0.17 0 0 0 0 0 0.32 3.39 0.98 0 0 0.04 0 0 0 0 0 4.06 10.74 4.04 2.93 2.55 0.4 0.36 0.24 -9999 0 0 0 0 0 0 0 0 0.1 0.38 0.15 0.09 0.14 0.42 0.26 0.54 0.16 0 0 0.22 0
1 1 2.24 1.45 0 0 0 0 3.6 13.9 9.17 8.87 12.29 5.16 1.14 3.38 5.25 6 7.36 8.12 -9999 19.1 -9999 -9999 1.16 0 0 0 0 0.06 3.18 7.98 2.8 1.96 1.18 3.4 6.31 5.17 10.39 1.67 1.21 0.51 2.17 4.57 2.42 0 0 2.21 -9999 6.76 1.41 0 0 0 0 0 0 0 0 0 -9999 3.08 0 0.04 0 0 0.24 0.32 0.09 0 0.18 0.21 0.45 0 0 0.54 0 0
7.88 3.62 9.19 -9999 0.76 0.12 0 0.83 6.86 7.7 6.18 7.72 4.52 -9999 7.44 1.59 0.32 1.82 5.75 7.45 7.99 9.07 8.34 6.52 3.15 1.56 1.96 0.5 1.85 6.41 6.76 8.26 7.23 7.4 12.69 21.4 -9999 4.61 4.63 5.01 9.72 -9999 16.62 10.41 3.56 2.14 4.09 10.72 10.26 7.15 1.6 2.52 0.69 0 0 0 0 0 0 0 -9999 5.19 0.3 0.3 0 0 2.44 0 0 0.03 0.29 0 0.42 0 0.18 0.38 0 0
21.04 21.77 -9999 -9999 5.46 5.37 4.12 3.71 8.48 8.03 7.79 8.69 5.18 8.42 8.58 7.78 6.84 4.39 4.65 7.59 7.79 3.91 3.44 4.57 6.66 8.4 7.22 7 7.47 5.67 3.35 3.95 0.75 3.62 10.43 8.79 -9999 17.12 6.89 7.18 6.84 7.65 7.61 10.33 9.11 9.09 9.94 5.29 2.87 7.37 10.31 16.19 4.17 0 0 0 0 0 0 0 0.03 0.35 0.46 0.62 2.91 0.79 0 0 0.04 0.35 0 0 0.2 0 0.36 0 0 0
32.43 31.77 19.78 18.61 11.71 15.26 10.4 9.8 12.57 9.86 8.31 12.15 7 7.42 5.66 2.57 2.29 5.95 7.96 9.07 -9999 4.68 7.17 6.11 8.54 7.76 -9999 1.78 1.6 0.34 0 0 -9999 2.15 5.47 7.08 7.84 12.08 6.93 5.31 6.09 6.43 2.02 1.92 0.83 4.32 7.11 1.18 3.84 7.65 6.56 7.01 6.47 0.78 0 0 0 0 0 0.3 0.3 -9999 0 0.3 0 -9999 0 0.06 0.49 0 0 0.04 0.04 0 0.1 0.1 0 0
11.18 10.47 7.37 8.85 9.25 11.46 12.22 11.51 15.74 26.65 15.61 6.01 5.97 7.37 4.97 4.29 4.45 6.39 7.49 13.74 6.96 5.39 7.7 8.43 8.35 3.95 0.01 0 0 0 1.12 4.29 3.79 5.13 1.44 1.57 5.45 -9999 -9999 10.9 5.52 1.4 0 -9999 0.39 6.21 5.79 0 2.1 4.44 4.41 13.18 7.05 0.56 0 -9999 0 0 0.1 0.4 0 0.11 0.55 0 0 0 0 0 3.99 0 0 0.26 0.2 0 0 0 0 0
23.04 19.64 14.63 9.25 10.15 10.72 11.2 10.28 7.17 8.18 6.56 15.27 9.53 7.43 19.68 10.39 6.31 6 10.55 8.34 7.65 11.65 9.08 7 8.54 5.63 2.42 1.34 2.47 4.45 8.64 7.71 5.63 7.38 4.19 6.7 11.61 32.55 14.13 5.78 5.29 -9999 0.2 -9999 6.6 -9999 4.3 0 0 2.98 -9999 6.29 0.77 0 0 0 0 0 0 0.28 0.47 -9999 0.52 -9999 5.22 0 0 0 0 0 0 0 0 0.72 0.85 0 0 0
28.77 28.75 25.9 24.58 28.14 29.85 26.94 -9999 14.19 11.04 10.11 17.02 23.35 11.54 23.41 20.94 12.42 12.1 13.87 15.15 15.46 14.32 10.32 13.42 18.66 17.04 17.63 10.69 -9999 8 5.74 8.47 6.59 6.81 8.64 -9999 12.44 12.16 3.55 1.86 -9999 -9999 0 1.33 4.23 7.32 -9999 -9999 -9999 -9999 -9999 -9999 0.3 0.34 0.16 0.18 0.46 0.06 0 0 0 0 0 0 0 0 0 0 0 0 0 0 0 0 0 0 0.1 0.49
28.59 29.31 51.44 33.39 24.69 23.3 26 29.69 25.16 28.75 27.17 19.32 -9999 15.13 21.81 24.04 25.91 24.52 22.09 37.85 39.08 22.99 12.52 8.77 12.84 16.84 36.71 21.13 26.04 11.73 10.54 7.45 3.61 4.23 8.91 3.54 1.76 6.29 7.64 7.83 -9999 -9999 -9999 0.4 4 9.53 -9999 -9999 -9999 -9999 -9999 -9999 0 0 0 0 0 0 0 0 0 0 0 0.07 0.05 0.13 0.33 0.34 0.1 0 0 0 0 0 0.4 1.97 0.07 0
24.6 27.9 29.07 30.62 31.55 31.72 23.73 29.28 26.95 -9999 26.52 27.84 19.57 11.25 14.16 25.19 24.99 14.21 19.92 37.31 34.15 25.34 24.73 21.79 20.35 21.61 24.92 23.6 17.88 8 2.83 1.03 3.16 9.95 6.61 1.34 1.38 3.72 -9999 -9999 -9999 -9999 8.33 11.59 -9999 10.11 -9999 -9999 -9999 -9999 -9999 -9999 -9999 4.86 0.11 0 0 0 0 0 0.18 0.3 0.3 0.01 0.01 0.07 0.07 0.23 0 5.71 0.02 -9999 0.23 0.18 0 -9999 0 0.35
28.44 27.25 27.87 27 26.2 26.83 32.82 24.85 28.25 50.74 24.81 23.88 28.8 23.13 23.19 31.05 25.91 29.44 21.82 31.88 24.78 27.43 25.45 27.39 36.79 25.86 33.5 24.18 19.44 16.78 14.63 10.49 14.84 23.72 11.92 9.41 9.09 -9999 14.35 -9999 6.12 -9999 -9999 -9999 -9999 -9999 8.13 -9999 -9999 -9999 -9999 -9999 -9999 1.03 0.27 0.1 0.04 0 0 0 0 0 0 0 0 0 0.49 0.08 0.04 0.4 0.08 0.24 0.03 0 0.55 -9999 0 -9999
23.32 29.75 32.3 22.68 25.43 24.89 26.11 28.44 24.88 28.05 23.64 31.58 25.04 25.07 20.82 26.81 29.82 35.15 26.41 33.5 25.11 25.79 19.44 24.45 22.31 19.35 20.4 19.93 18.11 19.89 14.76 14.95 14.67 8.66 5.59 7.25 6.33 8.13 14.75 7.89 1.51 0.09 0 -9999 0 0.02 5.16 6.87 -9999 -9999 -9999 -9999 -9999 -9999 0 0 0 0.28 0.18 0.08 0.2 0.27 0.39 0.34 0 0.36 2.06 0 0 0.2 0.95 0 0 0 0.31 0 -9999 3.93
22.74 34.69 24.34 28.78 27.76 25.73 26.77 36.36 30.77 27.38 22.71 19.17 25.86 28.6 29.92 41.67 49.63 29.37 26.57 28.57 29.67 27.15 34.98 26.28 31.84 22.27 23.07 31.1 20.24 9.66 5.02 7.3 11.15 6.83 7.36 6.63 9.2 15.48 21.1 11.12 5.89 1.5 -9999 -9999 0 0 5.42 6.51 0.02 -9999 -9999 -9999 -9999 -9999 -9999 1.05 0 0 0 0 0 0.01 0 0 0 0 0.16 0.3 0 0 0.62 0.08 0.15 0.35 0 0 2.05 4.72
19.93 13.65 21.48 17.81 21.68 19.76 23.7 18.66 23.97 27.48 30.34 23.45 28.55 31.73 36.39 48.48 57.88 35.06 29.21 31.97 24.79 23.51 29.02 29.7 33.45 25.97 27.69 31.54 27.1 21.83 17.25 21.88 27.42 13.61 11.09 10.58 14.23 34.91 22.95 13.03 9.85 11.94 -9999 -9999 -9999 1.2 3.48 7.68 2.84 5.95 -9999 -9999 0.51 -9999 -9999 0 0 0 0 0 -9999 1.99 0 0 0 1.89 0 0 0.23 0.23 0.2 0 0 0.03 0.25 0 0 0
10.49 13.1 13.09 14.17 16.34 16.26 21.09 16.88 21.56 17.57 20.26 22.02 26.8 23.3 29.87 22.67 28.36 25.37 29.74 32.63 27.44 32.3 35.32 28.05 24.15 -9999 -9999 29.49 28.22 21.93 25.76 21.23 25.23 21.96 21.15 16.37 18.86 11.28 7.46 8.06 16.26 11.55 -9999 -9999 13.67 7.96 8.11 11.18 16.6 9.99 7.48 -9999 3.46 9.67 -9999 -9999 2.03 0 0 0 0.04 0.01 0 0 0 0 1.81 3.55 6.82 2.09 0 0 0 0.06 0 1.59 0 0
8.69 8.16 10.16 15.19 18.07 18.89 22.11 17.94 17.07 16.84 30.31 30.14 25.79 28 30.27 24.97 24.09 29.36 23.63 23.29 29.47 25.86 28.33 21.31 21.54 19.55 25.34 26.72 30.38 24.48 21.15 22 28.5 26.59 22.01 22.2 12.16 9.78 7.5 8.33 12.35 17.95 24.71 17.23 -9999 9.17 -9999 -9999 -9999 7.46 6.56 1.01 7.51 12.21 4.06 8.12 1.36 0.38 0.2 0.23 0.12 0 0 0 0 -9999 2.54 7.66 3.75 0.05 0 0 0 0 0 0.35 0 0
14.53 12.36 18.47 18.47 15.13 21.21 20.36 20.26 19.19 15.81 27.41 24.68 26.05 22.8 27.52 24.7 29.31 23.64 33.2 22.94 25.21 19.73 27.14 25.3 28.92 25.39 24.94 25.92 23.5 21.04 20.87 30.01 36.68 30.89 22.03 19.47 19.11 22.46 13.64 11.05 13.26 19.44 29.26 -9999 21.55 11.27 -9999 -9999 22.34 17.89 9.2 10.51 29.2 13.05 8.63 -9999 -9999 2.38 1.43 0.69 0.14 0.28 0.41 0.6 0.04 0 0.26 6.03 6.8 0.4 0 0.2 0.4 0 0 -9999 0.14 0
7.23 10.7 15.11 11.12 11.16 8.89 10.75 25.73 21.39 13.21 18.23 10.07 16.49 22 29.25 15.6 -9999 18.6 22.65 28.99 24.92 21.66 29.2 26.62 24.71 24.54 23.33 22.83 24.23 22.01 20.03 28.02 28.61 28.13 23.65 20.74 23.74 19.89 13.92 14.81 17.85 18.13 31.48 20.89 27.51 14.41 18.29 10.54 -9999 24.34 11.42 16.3 28.97 21.11 27.36 -9999 -9999 12.18 7.22 7.9 7.62 4.71 0.56 0.38 0.06 0 3.03 25.14 10.19 1.94 5.4 6.96 6.21 0.41 0 0 0.51 0.26
11.85 14.44 21.58 18.09 15.79 13.22 11.79 13.43 11.49 14.44 21.95 8.81 14.21 20.91 18.1 23.35 26.41 29.66 26.8 21.51 26.91 29.74 28.5 32.57 28.08 26.91 25.84 38.46 30.78 28.67 28.51 33.59 27 23.35 27.3 28.66 22.16 31.17 17.33 16.8 8.74 8.29 8.49 7.4 25.78 15.54 15.5 12.01 17.68 19.63 22.8 14.8 19.31 22.16 28.3 -9999 -9999 -9999 7.28 5.23 4.97 6.83 1.87 0 0 0 2.14 7.72 7.94 10.54 7.19 1.93 0.23 0 0 0 0 0
