resultados/variables_norteamerica/human_footprint.asc
ncols 469
nrows 225
xllcorner -169.133333
yllcorner 20.675000
cellsize 0.249840
NODATA_value -9999
[rows 35 to 69 of 225, columns 78 to 155 of 469]
8.3 6.33 5.4 4.6 2.96 0 0 0 0 0 0 0 0.53 5.15 6 6 6.3 5.55 1.73 0 0 0 0 0 0 0 0 0 0 0 0.25 3.44 5.49 5.21 4.72 4.84 4.88 -9999 5.85 6 5.33 1.19 0 0 0 0.2 0.35 0.17 1.41 4.51 5.99 3.69 0.34 0.01 0 0 1.44 5.54 9.01 6.02 6 6 6.58 11.23 10.21 6.27 2.8 0 0 0 0 0 0 0 0 0 0 0
5.66 1.19 0 0 0 0 0 0 0 0 0 0 2.16 6 6 5.35 1.67 0.15 0 0 0 0 0 0 0 0 0 0 0 0 0 0 0 0 0 0 0 2.75 6 6 5.97 3.74 2.08 2.6 1.22 0.49 0 0.09 0.11 0.33 5.38 6 3.72 0.07 0 0.24 0.16 0.38 4.94 6 6 6.45 10.64 9.56 7.29 4.41 0.37 0 0 0 0 0 0 0 0 0 0 0
9.1 5.41 3.31 0.81 0 0 0 0 0 0.22 2.07 4.24 5.6 6 6 4.1 0 0.03 0 0 0 0 0 0 0 0 0 0 0 0 0 0.61 1.46 2.94 3.73 4.52 5.38 5.91 6 7.7 6 6 6 6 6 5.96 4.84 3.38 2.4 2.78 5.4 6 6 2.39 0.3 0.28 0 0.69 9.6 12.87 10.48 8.04 10.37 11.57 5.78 0.01 0 0 0 0 0 0 0 0 0 0 0 0
8.18 6 5.47 3.41 0 0 0 0 3.6 5.96 6 6 6 4.07 2.86 0.57 0 0 0 0 0 0 0 0 0 0 0.06 1.13 3.61 4.28 4.41 5.92 6 6 6 5.38 4.6 4.85 5.29 3.34 2.11 1.96 2.14 1.71 1.55 1.89 4.93 6 6 6 6 6 3.37 2.61 3.74 5.14 6.11 9.51 14.1 19.08 8.71 5.85 8.02 12.76 9.73 0.71 0 0 0 0 0 0 0 0 0 0.08 4.65 3.94
5.32 3.34 0.26 0 0 0 0 0 1.97 5.33 6 6 6.11 3.64 0.56 0 0 0 0 0.34 1.12 1.4 3 4.63 5.34 5.36 5.12 6 6 6 5.75 5.32 5.54 2.33 0.64 0 0 0 0 0 0 0 0 0 0 0.14 3.69 6 6 5.09 1.62 1.6 4.1 7.05 7.65 6.55 4.64 8.2 8.8 7.72 2.8 0 0 1.95 5.57 5.66 2.57 0.1 0 0 0 0 0 0 0 0 3.83 -9999
0.26 0 0 0 0.02 0.17 0 0 0 0.05 0.73 2.65 4.7 6 5.69 3.12 2.4 2.9 4.15 5.62 6 6 6 6 6 5.17 3.64 3.54 3.6 2.1 0.17 0 0 0 0 0 0 0 0 0 0 0 0 0.01 1.46 4.12 6 6 5.86 3.53 0 0.41 5.96 8.59 4.9 0.42 0 1.71 5.11 6 4.21 1.71 0.05 0 0.6 5.91 6 3.39 0 0 0 0 0 0 0 0 0.27 2.58
0 0 0 0 0.54 5.29 4.98 3.83 2.8 4.01 5.23 6 6 6 6 6 6 7.55 6 6 5.54 3.52 2.9 2.56 0.66 0.04 0 0 0 0 0 0 0 0 0 0 0 0 0 0 0 0 0.7 4.38 6 6 5.96 4.73 1.31 0 2.17 5.7 7.34 7.66 3.54 0 0 0 0.13 2.85 4.85 6 4.98 2.46 0 4.45 6 4.68 1.18 0 0 0 0 0 0 0 0 0
4.15 1.85 2.26 4.32 4.63 5.46 6 6 6 6.15 6 6 6 6 6 3.19 1.6 2.28 4.92 6 3.91 0.65 0 0 0 0 0 0 0 0 0 0 0 0 0 0 0 0 0 0 0 0.41 4.83 6 5.99 3.57 1.11 0 1.37 3.68 6 8.36 5.92 2.43 0.69 0 0 0 0 0 0 4.01 6 6 1.29 0.43 3.16 5.96 5.77 2.52 0.78 0.01 0 0 0 0 0 0
8.94 8.56 6.77 -9999 6 5.45 4.45 4.29 4.35 4.2 3.96 5.69 6 6 6 4.08 0 0 0.33 3.18 5.59 6.77 4.06 0.77 0 0 0 0 0 0 0 0 0 0 0 0 0 0 0.64 4.25 4.6 5.5 6 6 3.59 0 1.07 3.36 7.23 9.91 8.25 5.51 3.83 2.15 2.3 2.24 1.91 2.74 4.23 4.9 4.79 6 6 5.94 3.86 4.57 3.18 1.39 3.14 5.09 6 5.23 3.14 1.84 1.05 0 0 0
13.18 11.25 8.33 4.15 3.66 0.61 0.49 3.6 4.95 5.52 5.66 6 6 5.88 3.79 0.51 0.08 0.6 0.98 2.01 5.17 12.85 12.82 7.95 0.44 0 0 0 0 0 0 0 0 0 0 0 0 0 2.76 6 6 4.1 3.38 1.81 0.91 8.03 12.12 13.63 13.67 11.21 8.33 6 6 6 5.9 5.66 6 6 6 6 5.1 4.2 3.89 4.35 6 6 5.88 1.62 0 0 0.78 2.33 4.22 6 5.99 1.83 0 0
4.7 4.5 7.71 7.57 8.56 6.79 5.99 6 6 6 6 6.25 8.02 5.1 3.1 3.76 6.29 7.71 7.39 9.21 7.98 8.49 9.18 6.87 4.13 1.89 1.61 2.6 1.8 1.48 0.31 0 0 0 0 0 4.23 5.53 5.7 6 5.92 1.63 1.97 1.93 7.22 13.77 12.51 7.55 4.48 5.56 6 6 5.82 4.64 2.87 0 0 1.17 5.96 6 2.1 0 0 1.07 6 6 2.63 0 0 0 0 0 0.24 5.66 6 3.47 0 0
7.03 7.27 7.89 6.92 4.76 9.99 8.78 6.97 9.37 11.1 12.21 12.97 12.5 11.54 8.69 6.71 6.09 4.63 5.41 4.43 3.6 1.48 0.16 2.37 4.76 5.92 6 6 6 6 5.75 3.98 1.79 0.21 0 0 0.11 2.27 5.51 6 6 6 6 6 11.21 14.24 10.9 0.39 1.75 6 6 4.27 0.49 0 0 0 0 0 1.82 4.67 5.93 3.88 0.63 0.12 5.51 6 2.23 0 0 0 0 0 2.6 6 5.97 2.05 0 0
9.94 8.4 3.83 0.8 3.69 6.93 10.13 12.13 11.65 10.73 7.04 7 7 8.35 7.52 2.74 0.28 0.37 0.61 0.57 0.37 0.12 0 0 0 0.24 0.4 1.01 0.99 0.79 1.88 4.4 6 5.77 4.08 0.59 0 0 0.09 0.89 1.5 1.64 0.94 0.82 6.13 8.9 5.97 0.58 2.25 5.96 6 2.01 0 0 0 0 0 0 0 0 2.95 6 5.22 3.04 1.19 4.84 5.96 2.65 0.02 0 0 0.33 5.47 6 5.46 0 0 0
6.14 8.14 9.7 11.01 14.86 19.87 36.48 60.06 51.49 36.66 17.33 8.9 7.57 7.1 5.12 1.85 1 1 1 0.95 0.83 0.39 0 0 0 0 0 0 0 0 0 0.07 6.83 12.83 9.79 3.63 0.45 0 0 0 0 0 0 0.61 6.15 8.09 4.54 0.12 0 1.55 4.91 6 5.5 4.59 2.79 2.78 3.02 2.88 2.33 0.17 0 0.91 2.99 5.89 5.25 0.73 3.17 5.59 4.96 1.93 0.04 0.94 5.88 6 1.98 0 0 0
3.41 11.53 22.2 12.85 11.58 11.74 10.12 7.59 7.19 15.95 27.68 10.94 4.29 0.57 0.46 0.23 0.17 0.03 0.03 0.03 0 0 0 0 0 0 0 0 0 0 0 0.52 5.57 9.81 9.55 9.5 7.7 3.53 0.68 0.03 0 0 0 0.34 5.31 7.9 4.15 0.01 0 0 0.01 0.81 1.84 2.82 4.28 5.77 5.61 4.94 5.76 2.07 0 0 0 1.6 5.71 4.94 3.22 2.44 5.02 6 5.57 5.69 6 6 3.89 0 0 0
8.37 18.65 19.23 6.8 1.22 0.28 1.55 2.23 2.4 3.83 10.73 13.98 12.81 11.64 8.94 5.32 1.97 0.6 0.12 0 0 0 0 0 0 0 0 0 0 0.18 0.92 2.92 6.96 8.07 5.33 6.89 12.08 12.32 10.36 7.93 4.52 0.99 0.32 3.94 7.59 7.23 3.91 0.07 0 0 0 0 0 0 0 0.05 0.09 0 0 0 0 0 0 0 0.67 2.91 3.94 5.22 6 6 6 6 6 6 3.44 0 0 0
5.33 14.99 15.77 7.71 3.66 0.07 0 0 0 0 0.01 1.45 4.07 6.66 11.07 22.99 16.62 9.65 6.44 4.34 0.65 0 0 0 0 0 0 0 1.53 5.87 7.56 7.27 7.61 7.21 7.14 8.41 7.19 5.03 6.83 11.75 17.02 15.74 8.09 7.11 8.33 4.72 1 0.35 1.5 0.37 0 0 0 2.21 5.19 4.55 4.8 4.77 0.73 0 0 1.66 4.24 4.4 4.18 4.88 5.16 6 6 6 6 6 5.48 3.64 1.73 0.85 0.29 0
6.92 9.76 25.32 12.86 2.23 0.04 0 0 0 0 0 0 0 3.57 11.96 17.86 11.08 6.65 9.9 12.16 9.02 7.53 5.04 0.97 0 0 0 0 4.08 7.88 5.85 1.66 0.8 0.13 0.7 1.38 1.32 0 3.62 6 7.38 8.61 8.04 8.21 7.84 6.77 7.39 8.77 8.25 6.51 2.39 0 0 2.15 8.49 10.87 11.27 8.41 2.54 0 0 1.44 5.58 6 6 5.73 3.66 3 2.06 1.8 1.8 1.24 0.25 0 0.05 4.88 5.61 1.63
7.49 6 11.53 19.23 8.65 1.85 0.18 0 0 0 0 0 0 0.91 12.35 14.61 4.96 0 0.13 2.8 7.81 8.59 12.61 11.6 5.17 4.5 3.91 4.25 6.89 7.66 3.95 0 0 0 0 0 0 0 3.01 6 5.83 0.59 1.9 3.77 6.37 6.39 5.67 9.15 12.63 12.92 10.86 6.43 9.13 13.05 14.52 15.1 9.6 7.97 5.53 4.48 4.34 5.47 6 6 6 4.83 1.58 2.01 3.32 2.91 2.18 2.14 1.28 1.36 3.25 5.46 6 5.71
6.71 10.67 12.36 13.06 12.85 12.72 11.84 6.75 4.36 1.69 0.38 1.94 1.74 0.88 3.46 13.82 10.72 2.09 0 0 0 0 2.99 10.38 12.45 12.99 16.26 13.51 13.33 9.56 3.51 0 0 0 0 0.03 2.51 3.58 4.07 5.76 -9999 5.58 4.9 5.96 6 6 5.79 3.74 2.33 4.41 6.23 11.79 14.51 9.97 5.9 1.88 0.69 1.81 4.32 4.18 3.8 3.8 4.96 5.44 5.89 6 6 6 6 5.35 5.41 6 5.93 6 6 5.25 4.1 4.65
14.26 8.25 3.71 1.83 5.04 6.07 6.2 3.81 9.47 8.29 7.2 7.41 7.22 7 6.95 7.47 8.77 5.61 0 0 0 0 2.69 3.76 6.34 8.77 5.89 3.13 4.77 8.13 12.52 11.38 4.47 0.17 0 0.04 4.55 6 5.51 4.71 6 5.89 5.83 5.96 3.91 2.62 1.25 0.8 1.11 1.28 1.34 3.89 8.63 7.44 1.95 0.57 0 0 0 0 0.67 0.8 1.16 2.24 1.2 1.1 0.44 0.92 1.18 0.14 0 0 0.18 1.23 2.18 2.52 5.69 8.33
13.38 7.51 6.05 6 6 6 5.86 4.8 3.79 5.08 4.81 2.9 1.16 0.6 1.08 3.75 -9999 5.07 0.17 3.43 6.91 7.71 9.16 10.55 7.62 4.34 1.54 0 0 0 0.68 7.29 12.06 9.26 2.48 0.06 0.91 5.16 5.57 1.34 2.04 3.68 5.2 5.8 5.96 6 6 6 8.64 12.81 10.14 12.03 16.18 11.13 6.07 5.93 5.8 5.7 5.2 5 5.99 6 6 6 5.65 0.49 0 0 0 0 0 0 0.74 4.19 7.4 7.15 6.87 3.93
3.21 1.19 1.44 2.22 2.1 0.9 1.26 2.34 3.58 5.1 5.12 5.87 2.65 0 0 2.84 8.21 8.16 10.13 13.75 13.76 10.71 8.73 12.05 11.04 6.51 3.47 0.29 0 0 1.05 4.69 6.04 8.87 8.56 5.17 4.87 6.87 6.02 6 5.69 2.93 0 0 0.76 2.43 1.76 2.18 1.74 4.89 9.33 14 9.58 3.37 1.28 1.56 2.51 2.66 2.96 4.04 5.71 6 4.36 2 1.41 0.31 0 0 0 0 0 0.72 5.27 8.07 5.97 2.35 0 0
0.26 0 0.19 0 0 0 0 0 0 0 0.02 4.79 8.1 2.53 -9999 3.67 12.65 14.92 13.93 9.28 4.01 0.21 0.02 2.7 4.8 2.14 4.26 2.66 0 3.43 5.63 6 5.42 2.08 3.98 11.17 13.6 12.64 7.35 6 6 5.74 0.24 0 0 0 0 0 0 0 0.21 5.3 13.77 12.98 4.34 1.45 1.49 2.67 4.35 5.17 5.3 6.05 7.59 9.98 13.88 17.11 5.35 1.06 0.19 0.25 2.7 6.92 7.55 5.28 3.03 5.67 4.83 0.37
2.92 0.79 0.02 0 0.35 0.62 0.4 0.52 2.47 4.79 6.16 7.48 11.07 12.92 13 13 18.05 13.43 3.36 0 0 0 0 0 0 0 0 0 0 3.95 6.03 4.29 0.75 0 0.47 10 13.39 9.89 6.58 6 4.39 1.03 0 0 0 0 0 0 0 0 0 0.02 5.8 20.45 13.1 13.28 12.94 11.69 9.61 5.46 3.46 4.3 5 5.36 7.61 10.32 12.1 12.89 13.49 11.01 8.71 6.93 2.77 2.87 5.64 6 3.77 0.12
9.78 18.04 17.03 11.34 7.97 7.26 7.14 8.07 7.6 7.21 4.66 3.04 -9999 2.7 2.32 1.26 3.47 13.1 12.84 7.94 3.4 0.27 0 0 0 0 0 0 0 3.52 7.02 5.81 4.74 4.88 5.59 6.22 8.21 7.41 8.93 8.75 7.39 3.53 0 0 0 0 0 1 3.12 1.59 0.02 0 0.01 3.41 8.31 6.11 3.47 4.73 6.04 5.85 0.48 0 0 0 0 3.78 7.68 7.59 8.23 11.38 13.07 12.15 10.34 12.17 12.1 8.83 2.81 1.72
54.71 60.66 38.11 17.82 9.6 1.79 1.26 1.68 1.96 0.93 0 0 0 0.08 0.03 0 2.88 8.58 9.24 11.83 13.82 9.61 2.66 1.49 1.53 1.97 4.62 1.53 0 0.44 2.92 4.34 3.3 3.1 3.12 2.42 0.97 0 1.12 4.55 11.12 12.57 4.54 0.17 0 0 0 1.35 6.27 7.15 4.06 0.35 0 0.01 3.93 7.38 3.11 5.75 6 6 3.72 0.06 0 0 0 4.42 7.92 3.16 0 0.16 1.35 3.39 5.96 7.01 5.03 3.98 5.18 6.55
56.37 27.1 19.09 14.5 9.33 3.8 8.84 8.97 5.48 1 0.72 4.69 10.62 8.39 3.34 4.57 6.4 9.46 12.17 13.61 12.98 8.41 4.88 5.95 6.03 6.11 9.31 9.21 3.76 1.64 0.81 0.12 0 0 0 0 0 0 0 0 0.34 6.02 12.16 -9999 2.22 0.09 0 0 0 3.43 11.16 5.81 0.07 0 0.29 4.55 10.15 8.7 5.67 5.45 6 2.41 0.05 0 0 3.26 7.87 3.95 0 0 0 0 5.05 5.84 1.99 0 0 0
28.64 15.83 15.03 8.29 11.56 10.56 9.8 7.12 -9999 7.72 9.38 -9999 14.27 27.21 15.62 9.99 8.8 10.48 8.17 9.06 6.7 4.85 1.56 0.17 1.06 0.92 3.15 5.04 5.67 6 6 5.78 3.75 0.2 0 0 0.58 0 0 0 0 0 0.19 3.57 7.99 6.21 4.95 2.77 1.13 7.55 13.88 9.67 0.3 0.11 1.17 1.61 4.91 13.61 10.32 2.76 3.18 5.82 4.39 0.65 0 2.72 -9999 3.95 0 0 0 0 3.71 6 5.95 4.38 1.39 0
14.19 12.7 -9999 24.23 11.48 -9999 6.99 -9999 -9999 -9999 -9999 -9999 6.89 -9999 6.83 6.04 1.92 1.03 8.96 15.3 13.58 8.13 2.18 0.09 0 0 0 0 0.09 0.4 0.64 1.66 2.46 0.13 0 0 0 0 0 0 0 0 0 0.03 1.8 2.48 5.64 12.25 18.76 13.16 13.27 9.86 7.25 6.73 7.42 6.84 7.24 23.01 31.79 5.03 0.96 1.17 4.77 5.65 2.81 3.62 8.01 4.82 0 0 0 0 0.04 1.87 2.18 3.48 5.97 4.93
9.12 9.2 6.59 8.85 10.73 -9999 -9999 -9999 -9999 -9999 -9999 -9999 -9999 -9999 -9999 17.52 14.55 16.92 23.14 17.89 11.44 2.71 0 0 0 0 0 0 0 0 0 0 0 0 0 0 0 0 0 0 0 0 0 0 0 0.08 4.69 6.34 6.73 8.11 6.75 1.83 1.21 1.62 2.1 0.96 0.36 6.11 27.25 19.57 12.92 8.23 2.38 5.63 11.59 12.21 8.75 3.4 0 0 0 0 0 0 0 0 0.99 2.34
9.27 11.24 2.65 1.52 10.3 8.23 -9999 -9999 -9999 -9999 -9999 6 6 6 -9999 -9999 -9999 17.45 -9999 15.45 7.8 3.9 2.43 0.3 0.2 1.2 3.95 3.54 1.49 0.18 0 1.33 2.54 1.03 0 0 0 0 0 0.07 0.13 0 0 0 0 2.11 6.05 5.87 1.91 2.58 7.89 3.75 0 0 0 0 0 0 2.68 11 8.2 8.82 8.04 7.64 6.11 8.39 12.99 9.46 5.16 2.11 0 0 0 0.01 2.1 1.65 2.09 3.47
22.99 23.85 8.11 7.54 9.63 7 -9999 -9999 -9999 -9999 -9999 -9999 -9999 -9999 -9999 -9999 -9999 -9999 -9999 -9999 -9999 -9999 -9999 5.94 6 -9999 -9999 -9999 -9999 6.03 4.89 5.21 6 5.96 2.49 0 0 0.8 3.39 10.08 7.09 3.1 0.96 0 0 1.32 6.03 5.75 0.89 0.31 5.78 6.58 0.67 0 0 0 0 0 2.07 13.36 7.98 -9999 4.31 -9999 1.96 0.05 3.49 11.68 -9999 11.51 5.39 3.26 2.98 6.09 7.41 7.27 7.41 7.29
-9999 -9999 -9999 -9999 -9999 -9999 -9999 7 7 -9999 -9999 -9999 -9999 -9999 -9999 -9999 -9999 -9999 -9999 -9999 -9999 -9999 -9999 -9999 -9999 -9999 -9999 -9999 -9999 -9999 -9999 -9999 -9999 6 5.81 3.78 4.3 6 6.04 -9999 7.55 6.16 6 4.95 0.29 1.92 6.12 6 2.29 0.04 0.89 6.06 6.77 1.19 0.02 0.04 0.16 3.31 12.84 7.67 4.06 0.29 4.2 9.07 4.99 3.01 0.23 0 3.21 7.2 7.47 5.18 4.96 5.69 3.08 0.79 0.63 0.42
-9999 -9999 -9999 -9999 -9999 -9999 -9999 -9999 -9999 -9999 -9999 -9999 -9999 -9999 -9999 -9999 -9999 -9999 -9999 -9999 -9999 -9999 -9999 -9999 -9999 -9999 -9999 -9999 -9999 -9999 -9999 -9999 -9999 -9999 -9999 -9999 -9999 -9999 -9999 -9999 14.07 12.43 8.25 1.5 1.43 3.51 6.19 6.16 3.48 0.11 0.1 4.46 8.63 6.48 3.3 5.7 7.78 17.69 11.05 2.1 0.08 0 3.07 -9999 9.28 6.12 1.03 0 0.1 5.01 5.99 1.59 0 0 0 0 0 0
