resultados/variables_norteamerica/human_footprint.asc
ncols 469
nrows 225
xllcorner -169.133333
yllcorner 20.675000
cellsize 0.249840
NODATA_value -9999
[rows 105 to 139 of 225, columns 312 to 389 of 469]
1.11 3.03 7.35 1.47 0.35 0.32 0.24 0.42 1.11 0.18 0 0 1.18 7.63 6.65 4.38 7.94 3.61 0.69 1.37 0 0 0 0 0 0.13 5.83 4.75 0.23 0 0 0.42 1.39 1.49 2.73 4.15 6 6 7.81 3.46 0 0 0 0 0 0 0.77 5.01 5.97 1.54 0 0 3.01 8.32 10.6 6.05 4.09 1.28 1.33 2.3 3.04 2.32 2.88 2.82 1.57 0.01 0 0 0.14 5.04 9.22 8.23 6.43 0.9 0 4.6 5.71 0
5.95 8.7 8.24 3.06 2.75 1.24 1.92 5.55 12.22 6.95 1.8 2.15 6.8 9.41 5.36 8.88 10.05 6.45 7.25 5.19 0.98 0 0 0 0 0 2.92 6.05 2.98 0 0 1.01 3.47 11.59 12.18 11.53 7.39 5.29 4.13 0 0 0 0 0 0 0 0 0.68 5.91 4.13 0 0 0.37 5.03 6.45 3.59 7.8 1.37 0 0 0 0 0 0 0 0 0 0 0.87 9.68 4.91 5.62 4.5 0 0 4.34 5.58 0
7.17 7.25 -9999 1.19 1.92 0 0 3.69 7.66 3.98 -9999 -9999 8.32 7.72 6.53 4.71 6.87 -9999 12.63 8.67 7.1 2.22 1.93 5.87 4.47 0 3.67 9.07 8.47 5.13 2.21 6.28 5.97 3.56 2.6 12.53 13.58 3.86 4.5 0.02 0 0 0 0.03 3.49 7.19 3.36 0 4.8 5.91 1.79 0 0 0.09 0.19 4.29 9.18 2.27 0 0 0 0.39 0.56 0.64 3.61 5.06 2.39 9.94 9.22 4.45 1.1 6 3.07 0 0.09 4.41 5.7 0.21
8.25 5.13 0.73 7.43 5.69 2.68 0.36 4.64 9.1 0 -9999 -9999 5.53 8.61 9.74 8.33 11.57 12.82 18.73 10.27 7.64 7.06 6.58 7.05 7.41 10.58 14.97 12.54 15.02 12.39 13.23 13.44 8.62 0 1.28 9.87 12.75 10.39 12.2 2.83 0 0 0 0.03 2.35 1.66 0.38 0 2.45 6.21 5.94 1.61 1.19 13.51 19.85 13.11 10.43 5.8 4 4.21 7.29 11.57 8.45 8.83 8.09 23.98 18.1 33.28 9.41 1.31 5.89 6.28 1.94 3.64 5.58 2.46 6 3.7
4.51 0.09 3.89 7.14 2.99 6.96 6.15 6.73 7.89 -9999 0 -9999 15.81 10.05 11.06 7.43 9.06 6.79 7.45 7.46 10.96 9.92 8.16 6.67 5.14 11.43 10.51 2.92 3.54 14.01 19.29 17.96 14.19 12.22 12.6 12.12 10.99 6.87 13.64 5.71 0.56 0.41 0.3 0 0 0 0 0.63 0 1.4 6.71 9.62 8.77 9.69 11.84 7.89 1.18 3.13 7.25 11.7 16.2 15.82 13.13 6.12 5.29 6.69 7.23 -9999 6.36 3.35 13.05 11.58 7.54 7.28 5.55 4.6 10.32 5.12
8.91 6.81 9.82 6.77 3.51 7.17 7.09 7.21 5.78 -9999 6.79 -9999 -9999 7.03 6.89 8.28 7.3 6.99 2.53 2.31 7.79 9.73 9.7 9.69 9.37 21.04 4.56 0.55 3.09 4.64 11.57 12.08 8.21 6.96 14.47 20.54 25.18 14.2 22.8 5.62 9.93 6.83 -9999 0.73 0.68 0.87 6.08 4.07 5.87 6.68 4.85 9.39 13.09 5.38 6.02 6.43 10.77 9.48 13.17 7.92 3.37 3.62 2.36 2.1 3.51 3.24 1.49 3.87 8.93 8.84 10.67 13.06 10.15 7.85 7.21 10.51 13.46 6.28
4.87 9.53 12.08 11.48 7.73 4.7 3.44 7.96 7.53 7.75 10.4 29.41 13.34 9.58 5.69 7.4 7.82 2.73 0.33 0.09 7.93 21.75 6.05 6.47 5.66 10.2 4.58 2.46 4.16 1.75 4.27 9.97 9.53 4.77 5.52 10.37 12.37 10.1 15.69 12.11 20.09 11.54 9.98 8.42 7.42 7.08 8.55 14.97 9.91 7.78 5.48 9.98 12.26 9.24 7.35 11.91 24.29 -9999 0.04 0 0 0 0 0 0 0 1.95 4.82 1.25 3.25 10.87 15.64 13.03 11.67 18.67 17.64 15.71 7.84
7.54 7.54 7.27 6.68 10.05 7.8 2.72 7.13 8.06 8.18 19.31 15.14 -9999 -9999 19.14 15.74 15.18 12.14 11.89 20.01 6.66 13.98 5.29 2.83 3.19 7.35 1.42 -9999 2.13 1.97 6.15 6.03 1.39 0.77 7.41 8.23 6.94 9.08 13.36 12.44 6.22 21.91 13.23 6.71 5.75 5.27 13.21 30.23 26.72 12.65 8.45 12.31 16.69 11.88 7.8 12.82 14.45 2.05 0 0.05 0.68 0.45 0 0 0.12 0.59 1.65 6.31 7.06 5.31 3.83 6.64 13.4 19.24 51.17 47.03 32.11 27.86
7.5 8 11.25 10.27 10.67 13.45 15.7 28.97 24.82 26.45 -9999 6 -9999 -9999 -9999 -9999 -9999 -9999 -9999 -9999 9.46 6.44 6.41 14.35 10.22 4.83 2.11 3.5 1.05 1.62 4.29 8.68 4 2.57 6.98 6.95 8.04 12.61 30.48 45.63 32.23 23.76 24.08 14.48 7.67 6.79 8.12 16.75 20.61 16.14 12.89 23.72 48.5 21.42 17.58 12.29 11.37 0.75 3.33 5.51 5.95 7.01 7.37 2.61 1.52 3.75 -9999 0.49 7.42 8.59 7.01 7.71 6.43 10.03 25.37 44.65 -9999 -9999
4.68 10.42 13.35 13.38 13.24 11.75 36.48 54.27 -9999 -9999 -9999 -9999 -9999 -9999 -9999 -9999 -9999 -9999 -9999 -9999 5.18 0.18 0 1.57 7.03 6.2 14.06 8.9 9.04 4.97 1.18 2.38 0.21 1.45 12.83 13 10.35 15.21 27.17 23.3 14.17 13.85 9.28 18.03 10.59 4.76 3.79 12.32 36.19 22.31 13.62 19.86 22.98 19.58 22.02 27.4 19.23 11.43 12.17 4.6 3.74 13.82 13.92 9.37 10.8 0.73 2.77 5.88 13.23 13.29 7.15 4.3 8.55 8.15 7.35 18.32 33.34 27.36
6.84 12.76 13.05 14.44 12.13 13.97 17.76 -9999 -9999 -9999 -9999 -9999 -9999 -9999 -9999 -9999 -9999 -9999 -9999 -9999 -9999 4.61 1.99 2.54 5.18 23.07 11.81 6.08 8.88 5.59 2.03 4.67 4.15 10.69 11.52 8.74 13.07 13.79 13.61 9.27 6.7 7.14 10.5 15.11 28.61 16.56 16.44 15.08 23.88 15.23 11.61 13.41 -9999 46.43 31.54 14.41 9.92 9.47 6.38 4.82 3.04 13.59 13.89 14.33 13.96 10.24 9.21 4.73 6.08 14.04 10.38 6.83 8.87 4.79 3.66 15.05 11.71 7.81
4.35 8.21 13.98 -9999 -9999 -9999 -9999 -9999 -9999 -9999 -9999 -9999 -9999 -9999 -9999 -9999 -9999 -9999 -9999 -9999 -9999 6 -9999 -9999 -9999 15.81 9.83 3.45 5.57 7.22 11.58 17.17 10.96 7.43 6.3 6.73 3.98 12.89 14.87 10.86 5.4 5.57 8.21 16.8 15.94 28.58 10.65 11.05 5.93 9.38 13.61 13.97 16.53 20.22 17.22 11.09 7.47 7.57 7.25 7.92 6.99 8.49 8.29 6.79 7.42 11.53 16.52 7.41 11.24 17.55 12.19 15.65 12.48 13.19 7.01 7.92 3.59 1.88
12.67 16.55 -9999 -9999 -9999 -9999 -9999 -9999 -9999 -9999 -9999 -9999 -9999 -9999 -9999 -9999 -9999 -9999 -9999 -9999 -9999 -9999 -9999 -9999 -9999 12.17 7.06 0 0.04 4.91 8.18 7.28 9.49 9.72 9.51 7.89 5.69 10.52 16.27 14.2 10.15 7.4 8.19 9.26 11.07 28.08 42.57 27.04 14.62 13.91 11.59 9.63 4.66 9.43 10.67 11.54 11.59 12.4 8.22 6.65 4.01 5.85 9.07 11.07 12.32 14.03 7.69 5.24 8.84 7.77 6.53 5.92 9.57 27.43 13.44 10.37 3.04 0.11
-9999 -9999 -9999 -9999 -9999 -9999 -9999 -9999 -9999 -9999 42.27 31.69 -9999 -9999 -9999 -9999 -9999 -9999 -9999 -9999 -9999 -9999 -9999 -9999 -9999 -9999 17.23 3.45 0.5 2.43 4.59 7.03 5.59 0 3.34 10.09 10.09 7.37 12.28 12.77 12.4 10.57 8.59 6 2.26 17.18 21.74 34.15 10.78 9.97 9.42 7.61 4.33 0.63 0.94 1.13 7.55 11.06 6.98 7.29 8.07 8.57 12.03 10.79 8.3 8.47 6.29 9.63 8.05 7.27 8.51 8.49 9.94 33.83 12.95 10.22 7.59 4.31
-9999 -9999 -9999 -9999 -9999 -9999 -9999 -9999 -9999 24.21 48.19 29.54 -9999 -9999 -9999 -9999 -9999 -9999 -9999 -9999 -9999 -9999 -9999 -9999 -9999 -9999 10.83 6.52 6.33 7.23 7.93 8.03 6.92 0.04 1.67 7.43 4.37 6.86 6.85 4.51 5.15 12.76 13.12 8.4 2.64 15.72 6.23 13.71 4.43 3.45 6.74 7.2 4.36 1.53 4.29 7.73 7.58 7.99 9.14 6.33 7.68 12.58 13.25 7.71 8.13 6.89 8.48 15.27 6.94 5.37 8.76 11.05 10.86 20.15 7.66 6.84 9.37 16.57
20.04 30.41 -9999 -9999 -9999 10.01 18.07 25.2 19.03 16.81 27.55 27.93 19.61 21.63 -9999 -9999 -9999 -9999 -9999 -9999 -9999 -9999 -9999 -9999 15.78 -9999 11.72 16.39 10.84 6.73 7.46 8.52 7.09 5.42 5.73 6.63 7.64 6.27 9.83 4.38 15.88 16.99 -9999 14.4 6.76 9.27 9.84 13.64 25.31 7.54 7.38 6.51 4.16 6.89 4.75 7.54 7.09 6.95 6.94 7.5 12.33 12.02 11.99 17.22 7.24 5.69 5.89 5.69 9.72 12.91 13.18 12.93 12.68 18.62 29.96 19.16 22.36 50.11
25.07 34.54 26.39 27.17 32.07 20.59 17.25 17.19 14.33 19.17 20.37 19.47 16.66 23.07 50.1 -9999 -9999 -9999 -9999 -9999 17.79 13.21 14.19 17.31 18.79 -9999 37.36 50.19 19.83 9.71 7.53 7.71 6.81 10.46 10.04 6.63 7.97 4.87 7.65 40.15 57.59 56.37 16.98 18.61 20.79 13.68 10.75 10.58 21.58 18.65 9.16 4.7 5.15 7.09 8.03 7.42 4.87 7.42 7.61 7.85 18.82 24.54 35.19 29.34 19.62 18.73 6.25 5.41 10.59 15.59 5.05 4.06 14.14 49.67 51.36 37.5 -9999 39.12
17.03 17.5 16.48 14.55 18.7 14.66 14.22 15.3 14.27 10.59 14.01 12.15 14.69 14.36 26.26 37.92 22.7 22.98 28.25 11.96 10.44 13.19 23.62 16.13 17.82 25.55 35.33 39.28 37.47 26.2 -9999 19.21 14.6 20.44 34.28 15.49 14.93 23.35 22.83 22.95 23.47 19.32 10.05 19.25 32.75 29.06 -9999 46.47 18.13 23.84 19.92 15.6 15.52 13.04 12.14 3.89 2.39 7.37 7.06 7.72 35.25 23.62 16.94 6.55 18.28 37.76 19.67 17.38 14.01 19.12 27.17 30.84 39.34 -9999 66.7 32.84 25.44 28.05
13.82 11.14 21.1 16.69 17.73 21.73 13.39 21.85 20.13 22.24 36.11 30.53 22.56 15.89 13.83 13.73 18.35 14.59 13.4 15.6 14.2 19.12 -9999 -9999 22.03 20.88 19.52 26.97 22.55 -9999 -9999 -9999 -9999 -9999 -9999 -9999 -9999 16.98 -9999 12.36 11.25 16.43 21.68 18.03 11.31 7.62 14.23 30.98 10.56 8.91 9.22 10.47 7.01 11.8 26.43 24.41 11.14 13.12 10.08 9.72 27.27 15.23 10.02 3.57 8.86 22.47 39.01 36.53 30.4 29.05 45.98 55.33 49.33 38.76 35.58 38.96 35.4 32.86
19.66 14.47 22 24.53 10.99 28.12 36.17 32.21 23.68 12.18 16.13 20.7 45.84 27.36 18.83 26.55 -9999 24.23 23.51 -9999 -9999 -9999 17.47 -9999 -9999 37.77 -9999 -9999 -9999 -9999 -9999 -9999 -9999 -9999 -9999 22.87 25.88 28 -9999 -9999 -9999 -9999 22.53 15.07 8.56 8.14 11.25 -9999 2.45 0.91 1.13 0.97 1.45 2.45 7.98 33.06 43.59 36.25 23.43 14.2 23.12 21.81 15.98 9.99 26.78 18.46 24.39 27.72 52.05 52.42 65.36 58.71 40.01 36.57 47.46 36.64 35.48 23.65
26.93 18.86 18.2 24.43 16.82 28.28 34.57 29.13 21.91 24.65 20.55 14.83 23.72 23.6 24.5 27.22 -9999 -9999 -9999 -9999 -9999 -9999 -9999 -9999 32.54 38.97 38.05 32.79 -9999 -9999 -9999 -9999 -9999 -9999 -9999 -9999 21.83 20.83 -9999 -9999 -9999 -9999 -9999 19.25 13.9 11.31 10.01 -9999 6.66 5.3 8.07 15.22 16.07 17.52 20.48 21.29 28.69 42.1 43.6 35.38 40.5 52.69 52.29 51.29 44 45.03 50.08 51.83 57.63 74.58 80.6 69.98 54.17 45.94 33.88 30.02 43.06 37.45
32.31 16.17 8.08 18.68 15.03 24.42 32.92 13.94 15.78 17.33 20.69 8.46 28.05 25.89 33.26 -9999 32.07 -9999 -9999 -9999 -9999 -9999 -9999 41.32 38.71 37.15 28.32 23.68 25.72 31.91 32.72 -9999 -9999 -9999 -9999 -9999 -9999 -9999 18.42 12.62 -9999 -9999 -9999 -9999 38.19 21.21 12.29 34.22 -9999 11.29 4.96 9.78 13.01 16.53 20.61 16.37 16.16 20.38 24.08 38.73 44.48 73.36 62.25 48.05 36.98 35.44 39.96 46.17 64.53 60.92 61.43 65.13 51.02 49.22 42.45 30.69 50.63 49.81
39.79 29.25 27.15 44.99 28.69 41.82 49.67 24.4 31.05 18.63 17.03 21.76 33.54 39.69 -9999 -9999 -9999 -9999 -9999 -9999 -9999 -9999 -9999 -9999 34.12 36.2 33.38 18.66 19.83 25.11 38.14 -9999 -9999 -9999 -9999 -9999 -9999 -9999 -9999 21.21 -9999 -9999 -9999 -9999 -9999 24.23 29.14 36.38 18.25 16.22 21.49 11.86 16.6 30.13 10.86 13.44 10.25 7.81 11.44 23.64 35.19 31.25 39.86 40.11 36.01 47.92 -9999 35.53 36.14 31.06 31.64 49.02 32.61 24.55 29.45 26.56 30.59 27.68
31.89 23.69 35.01 45.2 41.72 38.29 46.65 28.18 30.27 28.16 37.7 38.66 38.91 -9999 40.25 46.95 -9999 -9999 -9999 -9999 30.15 34.53 52.84 39.83 36.23 34.74 28.11 22.1 20.88 15.44 22.78 37.22 -9999 -9999 -9999 -9999 -9999 -9999 -9999 -9999 33.03 -9999 -9999 -9999 34.69 50.51 37.23 40.47 16.16 18.67 17.23 12.11 12.8 11.56 12.08 8.41 12.11 11.19 18.5 28.67 36.67 27.09 35.11 41.89 39.37 35.99 27.6 33.32 21.39 27.13 32.75 -9999 35.4 29.49 23.91 26.69 25.69 20.66
32.53 20.48 33.8 31.67 43.98 42.23 48.46 33.49 26.9 36.06 29.68 43.68 71.6 -9999 46.46 -9999 -9999 -9999 -9999 -9999 38.37 32.69 35.79 26.99 16.98 34.23 34.67 23.98 26.54 21.03 22.22 44.98 -9999 -9999 -9999 -9999 -9999 -9999 -9999 -9999 46.75 44.85 44.82 -9999 -9999 36.95 38.1 -9999 30.94 -9999 28.99 26.33 -9999 15.77 23.83 19.55 17.64 20.16 17.81 25.44 25.46 39.39 40.32 31.39 30.2 20.51 11.07 14.68 18.27 23.1 35.71 -9999 44.23 29.04 31.3 25.58 31.07 21.18
27.23 30.99 14.21 16.34 29.54 49.16 43.22 32.2 38.9 40 54.15 61.9 51.18 41.12 42.01 -9999 -9999 -9999 -9999 -9999 30.34 25.55 29.62 41.39 29.59 35.31 29.2 37.22 33.92 33.84 -9999 -9999 -9999 -9999 -9999 -9999 -9999 -9999 50.08 40.68 34.95 29.58 33.24 30.69 39.34 48.1 50.87 37.77 41.37 41.52 40.13 61.78 43.23 48.89 48.42 35.08 35.2 45.28 55.57 -9999 49.22 34.01 29.64 29.51 14.7 15 18.77 22.94 34.93 22.69 21.84 31.26 30.79 28.68 34.08 25.08 35.68 40.66
25.72 26.69 35.94 23.99 28.95 28.12 28.29 35.31 33.93 35.52 57.98 -9999 44.63 46.55 -9999 -9999 -9999 -9999 -9999 39.06 18.92 15.38 24.36 32.15 34.93 32.34 34.01 30.12 39.82 41.13 -9999 -9999 -9999 -9999 -9999 -9999 -9999 -9999 46.81 32.89 49.52 43.67 31.49 43.47 40.14 42.63 47.92 50.77 43.32 42.36 43.76 43.3 40.22 45.96 -9999 44.76 39 40.62 -9999 -9999 44.95 59.39 43.01 21.79 10.63 8.16 13.38 15.76 20.8 12.73 26.67 32.66 28.45 25.9 30.27 25.31 38.41 24.02
45.42 36.13 28.08 34.93 41.76 35.72 33.21 28.52 38.12 43.92 44.96 42.68 40.21 50.34 -9999 -9999 -9999 -9999 -9999 37.43 22.58 23.96 41.11 36.43 33.43 43.36 38.24 33.66 41.27 -9999 -9999 49.27 46.01 37.92 -9999 -9999 -9999 -9999 41.08 42.68 39.98 45.27 44.31 48 44.33 52.52 73.18 79.34 -9999 -9999 -9999 -9999 -9999 -9999 -9999 -9999 -9999 -9999 -9999 -9999 39.06 29.51 38.92 28.59 11.38 12.77 8.49 15.63 22.13 19.89 20.46 31.91 31.14 21.38 28.24 34.29 26.33 26.65
31.62 37.94 25.5 32.15 34.53 51.39 44.19 39.47 38.25 47.66 41.21 40.86 36.63 57.57 -9999 -9999 -9999 -9999 -9999 39.11 28.9 32.48 35 36.43 36.78 44.39 35.68 50.43 67.58 68.11 46.4 47.6 42.88 39.77 -9999 -9999 -9999 -9999 46.87 39.12 41.53 42.1 58.57 63.98 46.55 67.59 -9999 -9999 -9999 -9999 -9999 -9999 -9999 -9999 -9999 -9999 -9999 -9999 -9999 -9999 32.16 15.46 18.78 37.12 22.97 10.27 7.82 13.18 19.35 36.08 24.9 37.28 37.12 32.84 26.4 42.12 30.63 31.61
32.78 25.78 28.46 33.25 30.23 39.26 44.92 49.9 41.67 45.31 41.22 47.11 62.61 -9999 -9999 -9999 -9999 -9999 -9999 -9999 42.59 42.82 39.09 34.96 40.52 37.93 47.82 39.16 51.89 64.07 47.36 41.38 48.47 43.76 48.87 -9999 -9999 42.87 45.05 39.3 50.51 50.23 55.41 67.3 51.27 78.41 -9999 -9999 55.74 42.48 44.42 50.5 48.36 64.42 -9999 58.18 51.11 34.96 35.21 45.03 35.75 26.06 36.58 43.27 27.07 14.36 12.62 12.87 22.29 40.28 50.25 28.39 26.55 23.49 38.02 36.75 27.11 28.92
41.51 35.72 36.66 33.86 36.72 37.93 55.71 70.27 42.88 50.48 43.27 62.03 80.79 86.02 -9999 -9999 -9999 -9999 -9999 -9999 49.36 60.03 67.47 45.12 48.43 45.76 43.77 46.21 51.33 63.39 58.86 42.81 47.15 43.38 50.73 -9999 52.19 42.49 46.21 60.52 59.57 63.12 45.32 54.71 50.07 53.91 50.94 61.04 -9999 73.21 49.97 40.68 42.67 59.93 67.28 52.55 44.89 36.55 47.17 58.86 64.46 37.4 45.22 58.42 50.1 41.53 31.49 49.64 33.02 53.97 38.66 29.6 25.26 23.06 32.18 35.21 23 28.64
40.91 36.63 38.34 39.6 37.78 32.66 38.17 48.56 54.05 45.59 36.17 42.86 52.22 83.07 -9999 -9999 -9999 -9999 -9999 -9999 60.43 55.95 60.66 42.24 45.39 52.59 65.88 49.4 45.72 46.47 46.31 52.59 50.42 50.35 56.13 51.7 37.11 38.44 50.04 58.08 57.62 48.84 45.8 52.61 -9999 -9999 -9999 -9999 -9999 79.88 47.07 31.9 43.54 52.27 35.49 38.18 47.11 48.79 38.57 33.29 38.2 28.29 33.23 32 34.43 32.75 37.93 34.93 51.9 72.28 46.06 34.8 26.01 25.78 41.64 34.87 30.85 27.58
46.44 55.9 57.16 40.76 39.47 38.27 45.2 42.88 63.55 45.57 47.22 47.82 51.48 82.41 -9999 -9999 -9999 -9999 -9999 -9999 34.51 38.42 35.31 35.02 39.01 49.09 58.29 42.74 41.49 54.53 60.1 73.93 78.21 77.3 45.59 47.78 48.62 49.85 53.92 -9999 -9999 -9999 42.08 -9999 -9999 -9999 -9999 -9999 44.4 33.05 36.12 27.66 37.96 38.13 38.31 31.74 38.08 36.84 39.83 41.47 36.09 24.67 35.63 30.47 40.74 35.46 30.38 25.56 24.89 59.65 35.3 34.78 32.97 28.06 44.11 30.86 33.37 41.05
37.54 34.81 41.23 44.96 36.43 42.47 51.55 45.17 74.31 54.37 44.86 57.04 69.58 86.48 -9999 -9999 -9999 -9999 -9999 -9999 35.55 39.59 59.23 45.52 46.93 39.54 49.34 53.45 36.86 50.44 63.87 79.49 83.36 65.85 54.31 52.93 -9999 -9999 -9999 -9999 -9999 -9999 -9999 -9999 -9999 -9999 43.37 31.16 28.27 28.41 34.29 32.28 35.06 28.72 35.87 43.53 32.64 35.69 35.33 30.39 36.27 34.17 36 38.14 37.58 37.31 35.55 23.61 27.94 46.84 32.97 36.23 25.59 29.55 56.5 36.06 30.21 51.54
32.2 30.49 41.01 41.15 47.58 44.06 48.84 55.29 51.14 49.57 47.62 71.33 78.31 90.53 -9999 -9999 -9999 -9999 -9999 48.67 38.72 32.24 47.47 37.07 40.13 41.63 40.05 44.6 40.29 43.14 47.25 66.63 57.19 55.81 56.49 -9999 -9999 -9999 -9999 -9999 -9999 -9999 -9999 -9999 57.88 29.2 29.76 39.01 33.92 33.66 43.29 39.38 30.69 31.87 22.3 30.78 41.86 50.22 44.21 41.37 47.33 50.91 38.25 33.23 29.65 19.62 19.77 27.1 39.84 37.64 28.56 27.77 24.56 38.61 69.11 35.38 30.58 34.6
