resultados/variables_norteamerica/landcover_veg_tree.asc
ncols 469
nrows 225
xllcorner -169.133333
yllcorner 20.675000
cellsize 0.249840
NODATA_value -9999
[rows 35 to 69 of 225, columns 234 to 311 of 469]
-9999 -9999 -9999 -9999 -9999 1.26 -9999 -9999 -9999 -9999 -9999 -9999 1.04 -9999 1.89 1.67 3.02 5.5 5.89 4.56 3.95 2.91 2.35 2.39 2.4 -9999 -9999 -9999 -9999 1.07 -9999 -9999 -9999 -9999 -9999 -9999 -9999 -9999 -9999 -9999 -9999 -9999 -9999 -9999 -9999 -9999 -9999 -9999 -9999 1.86 1.13 0.67 0.84 0.84 1.3 1.68 -9999 1.31 -9999 -9999 -9999 0.6 -9999 -9999 2.82 2.63 1.18 3.55 1.78 1.1 2.26 1.6 0.46 0.38 0.29 0.44 0.13 0.23
-9999 3.45 3.73 -9999 -9999 -9999 -9999 0.21 -9999 -9999 -9999 -9999 3.79 3.34 4.85 4.07 2.26 1.65 3.88 3.14 1.14 1.81 3.16 3.36 3.06 3.47 2.86 2.93 2.88 1.95 -9999 -9999 -9999 -9999 -9999 -9999 -9999 -9999 -9999 -9999 -9999 -9999 -9999 -9999 -9999 -9999 -9999 -9999 -9999 3.01 1.91 -9999 -9999 -9999 1.78 1.57 1.88 2.37 -9999 -9999 -9999 1.52 1.63 1.69 1.55 1.36 0.57 0.68 0.72 1.41 0.6 0.6 0.43 0.23 0.21 0.16 0.26 0.46
5.94 5.97 4.64 4.38 5.07 2.39 1.69 -9999 -9999 -9999 2.76 -9999 5.92 5.64 6.07 5.97 3.81 3.26 2.15 2.04 1.18 1.21 1.28 0.97 1.5 2.47 1.64 1.26 1.8 1.8 2.12 1.37 1.43 1.7 1.08 1.36 1.42 2.8 3.69 4.56 3.03 1.2 1.9 1.15 1.93 2.72 4 4.35 3.75 4.84 3.86 3.2 1.35 -9999 1.19 1.26 1.73 -9999 -9999 -9999 -9999 -9999 4.06 3.78 6.01 1.62 1.36 3.4 2.65 3.08 0.58 0.54 1.23 0.96 0.59 0.48 0.39 0.31
4.75 3.4 4.54 4.55 4.61 3.91 3.4 2.09 1.45 1.96 -9999 -9999 6.6 4.69 5.36 5.3 6.4 4.4 3.9 3.08 3.77 3.49 3.1 1.93 1.31 1.1 0.66 0.92 1.53 2 1.55 1.31 1.6 1.99 2.11 1.85 2.01 5.22 4.43 5.39 5.58 4.7 2.88 1.76 3.5 5.03 6.22 5.43 2.59 -9999 4.12 3.49 4.46 1.82 1.35 2.03 2.32 3.15 -9999 -9999 -9999 -9999 5.57 2.17 4.81 2.23 4.01 3.71 2.17 2.05 0.72 1.22 3.28 1.89 1.18 2.86 1.38 1.85
1.75 1.9 1.01 0.84 2.02 4.33 3.77 2.87 1.66 -9999 -9999 -9999 -9999 -9999 7.36 6.83 7.44 5.85 5.83 4.67 3.54 3.59 3.56 3.1 1.68 1.39 2.31 1.31 2.43 1.76 3.01 2.97 2.8 1.37 1.55 1.29 1.48 2.74 3.01 4.29 6.45 5.74 4.99 4.12 3.03 4.46 3.76 2.67 1.74 1.37 1.85 1.48 1.71 3.18 1.81 4.47 5.52 -9999 1.98 1.92 1.33 1.92 2.68 4.12 6.71 4.19 1.79 2.02 1.08 0.75 1.64 2.26 1.93 2.29 2.27 2.07 0.77 1.29
1.27 1.02 0.88 0.47 0.48 0.86 1.57 1.49 1.28 2.16 -9999 -9999 -9999 -9999 7.43 7.94 5.63 3.73 3.68 3.91 4.48 5.36 6.12 5.85 3.99 3.46 2.67 1.71 2.19 1.75 1.64 2.96 2.52 1.33 1.65 1.25 1.14 1.13 1.46 1.86 2.79 4.49 4.58 3.36 2 2.89 2.47 2.97 2.17 2.25 2.11 2.75 4.44 -9999 5.06 5.57 6.61 4.66 -9999 3.23 2.32 2.93 2.99 6.9 7.53 5.08 3.9 3.75 2.61 2.35 2.68 1.76 1.65 2.92 2.54 2.39 2.43 2.33
1 0.79 0.66 0.58 0.5 0.63 1 2.27 2.22 3.16 3.4 3.45 -9999 6.61 -9999 6.51 6.53 6.34 5.33 5.26 5.33 6.55 8.82 7.28 3.66 4.61 3.34 3.48 3.12 3.07 2.21 1.64 2.28 3.16 3.54 3.12 4.3 3.82 4.04 3.56 2.94 3.71 4.46 2.65 2.62 2.54 2.16 2.2 1.68 2.27 2.26 3.28 3.24 3.79 3.11 3.45 4.64 5.98 7.15 5.96 7.74 4.5 5.2 5.48 6.02 4.64 3.09 2.67 2.8 3.97 3.76 3.76 2.59 2.47 3.19 1.26 2.23 2.6
1.73 1.48 0.73 0.9 1.47 2.14 1.34 2.13 3.21 3.45 3.14 3.68 4.39 4.11 6.36 9.22 8.91 7.49 6.61 6.67 5.58 5.21 4.77 5.3 3.62 5.11 5.02 6.57 5.22 -9999 5.15 6.02 -9999 3.82 7.51 4.59 4.27 7.36 5.83 4.48 2.8 -9999 2.7 3.63 3.79 3.09 4.35 4.14 6.2 3.73 3.45 2.6 3.71 -9999 4.08 4.24 3.67 5.88 5.55 7.49 9.43 6.21 4.37 5.11 6.09 6.83 5.71 3.69 4.82 6.25 3.57 2.83 1.01 0.95 2.59 1.23 2.89 3.26
2.95 2.67 3.56 3.96 2.93 3.16 1.99 3.08 4.26 3.09 3.56 3.46 4.39 5.57 4.25 3.97 3.86 3.33 3.29 3.43 3.55 2.21 2.4 3.75 3.81 4.72 5.18 6.21 5.11 5.4 5.93 4.92 5.99 4.41 4.18 2.67 2.84 2.19 1.29 2.23 2.22 1.91 2.11 2.4 3.51 2.09 2.31 3.08 3.72 5.79 3.21 5.51 6.33 7.76 4.84 5.25 5.38 5.15 5.97 3.87 3.42 4.35 3.59 2.29 3.29 2.61 3.22 6.22 4.73 5.66 4.21 2.71 3.77 3.64 2.5 1.5 2.63 2.06
4.8 5.43 4.24 5.64 4.61 3.81 2.97 4.44 3.71 5.37 5.67 4.44 3.65 4.29 4.04 4.89 4.52 3.85 2.67 2.54 3.18 2.69 4.11 4.81 4.35 1.74 2.27 4.42 5.24 5.68 4.56 4.26 3.83 3.41 2.87 2.57 3.48 3.89 -9999 2.54 -9999 -9999 3.51 -9999 -9999 5.35 4.38 5.04 2.32 2.78 3.65 5.52 4.8 6.37 4.12 5.62 6.69 5.9 5.31 5.15 4.69 3.96 2.17 2.16 3.91 6.43 5.89 5.4 4.16 4.8 3.65 3.05 5 5.2 3.99 4.42 3.07 3.65
-9999 3.63 4.51 4.72 4.65 4 3.98 4.53 4.22 4.55 4.91 5.61 3.28 3.03 2.87 3.82 5.2 4.88 4.46 3.43 4.13 3.94 5.96 6.49 4.86 5.38 4.37 3.82 3.08 3.72 4.45 4.83 4.59 4.35 3.29 4.13 5.69 5.24 3.52 2.35 2.11 2.54 -9999 1.98 3.18 3.88 3.02 3.23 3.75 4.73 4.82 3.42 4.19 3.8 4.2 5.14 5.6 4.51 4.39 3.7 3.66 -9999 3.81 3.88 2.37 3.23 5 5.17 6.67 7.67 5.95 4.82 5.48 5.26 7.78 6.21 6.46 6.38
-9999 5.96 4.24 3.68 3.47 3.34 4.12 4.53 5.51 4.77 4.48 4.28 4.41 3.62 4.01 3.2 3.71 3.96 2.59 3.66 3.34 4.04 4.45 2.84 3.71 3.72 3.88 2.59 2.89 2.62 3.8 4.2 4.22 6.05 4.69 5.28 6.16 5.25 4.37 2.68 3.16 3.14 2.95 3.15 2.41 4.07 4.11 4.07 4.67 4.72 3.29 2.69 4.35 3.96 3.99 5.09 5.14 3.85 4.58 -9999 5.71 4.44 3.71 4.75 3.58 3.2 3.29 4.87 4.69 4.95 4.15 3.44 2.71 3.96 5.12 3.92 6.37 4.3
-9999 6.32 6.37 5.3 4.57 4.77 3.81 4.27 6.52 6.05 5.17 5.82 -9999 5.73 5.09 5.46 2.75 2.74 3.02 2.03 3.18 3.96 3.96 4.34 2.89 3.98 5.79 5.61 4.47 4.37 3.39 3.73 4.15 4.17 6.11 4.85 5.06 3.76 3.22 4.36 4.06 2.93 3.43 3.59 3.37 4.58 4.21 2.25 2.01 3.47 4.18 4.41 -9999 4.61 4.63 4.19 4.91 4.34 4.79 3.45 -9999 3.46 3.82 4.95 4.61 5 4.32 5.04 5.52 4.54 4.56 5.13 4.04 3.46 3.46 4.36 6.39 5.58
5.83 5.04 6.9 -9999 6.06 5.86 5.74 5.79 -9999 4.59 6.38 6.64 5.99 6.45 5.45 6.47 6.42 6.2 5.02 5.62 6.41 4.51 4.9 3.96 3.87 3.47 4.19 4.67 6.15 4.44 4.73 4.52 3.86 3.73 3.33 3.72 4.22 3.74 3.45 -9999 3.79 2.51 3.15 3.23 3.76 3.71 4.68 3.56 3.36 3.16 3.85 3.13 2.06 3.18 3.51 4.9 4.32 4.99 5.69 -9999 -9999 5.11 4.06 3.38 4.35 3.33 3.93 3.68 4.32 4.84 4.02 -9999 3.62 4.4 5.45 4.66 6.84 5.89
-9999 4.41 4.21 4.64 5.57 5.6 4.62 3.85 4.93 4.33 6.03 6.8 6.23 6.54 7.27 6.99 5.06 7.61 6.31 5.94 6.42 6.19 6.23 5.63 3.72 3.99 4.21 4.32 4.87 5.25 4.45 4.44 4.56 4.3 3.61 3.93 4.69 3.76 3.13 3.05 2.54 4.95 4.04 4.11 2.84 -9999 -9999 3.54 -9999 -9999 3.34 3.74 3.63 4.76 3.66 2.93 3.62 4.14 3.92 5.26 5.64 5.3 4.75 4.03 3.49 3.14 3.53 3.84 4 4.1 5.18 5.31 5.5 5.69 4.44 5.16 6.07 -9999
6.83 5.97 5.26 4.27 3.73 4.08 5.31 4.72 3.26 4.76 6.14 6.64 6.29 6.4 7.6 6.74 6.22 7.28 6.43 5.79 4.99 4.91 5.24 5.3 3.29 5.02 3.45 6.48 7.43 6.29 5.35 6.03 7.53 6.78 6.48 4.09 4.8 4.03 3.52 3.87 4.96 5 4.21 3.54 4.01 3.41 3.47 3.68 3.34 3.84 4.18 3.08 2.95 3.86 4.31 4.12 4.58 3.72 3.8 4.35 4.73 5.4 5.41 4.02 4.27 4.37 4.13 4.79 4.56 3.49 4.3 5.61 5.99 4.39 5.58 7.87 9 9.39
5.78 3.75 6.88 5.8 5.33 4.4 4.13 3.57 3.28 3.69 5.05 4.9 4.6 -9999 6.84 8.52 8.02 7.31 6.21 5.71 4.26 3.38 5.29 5.06 4.51 4.38 5.72 10.38 7.42 5.76 4.86 6.21 7.25 6.24 5.79 4.27 5.54 4.7 4.26 5.23 5.53 5.41 4.08 -9999 5.28 4.12 -9999 5.82 -9999 -9999 4.9 -9999 3.3 3.62 3.9 3.65 4.09 5.35 4.73 3.03 2.81 3.01 4.06 4.07 3.34 2.99 4.72 4.53 -9999 5.39 5.64 5.22 7.22 5.94 5.62 6.9 6.43 6.46
5.75 4.77 5.8 6.3 5.45 4.41 3.88 4.96 5.16 6.44 4.84 5.72 -9999 4.14 6.01 6.46 5.59 6.12 6.77 7.45 5.33 4.38 3.97 3.41 3.9 4.31 4.24 3.88 3.73 5.32 4.23 3.98 4.67 4.12 3.76 4.24 4.59 4.7 4.57 4.27 4.36 4.26 4.25 3.75 3.43 3.94 -9999 -9999 4.03 -9999 5.23 4.8 -9999 4.98 4.72 5.21 5.22 4.63 5.15 5.01 4.68 -9999 -9999 6.88 5.05 4.16 5.28 6.26 -9999 -9999 4.57 -9999 5.09 5.18 5.69 5.42 6.91 7.43
5.31 6.03 5.32 5.28 5.02 5.37 5.4 -9999 4.44 6.15 5.29 6.31 4.99 4.87 5.15 4.31 5.82 6.04 6.1 5.94 5.55 5.26 4.67 4.37 5.15 5.01 3.51 4.68 5.01 4.83 4.52 4.89 3.3 5.24 4.78 4.89 5 5.15 4.77 3.55 3.58 4.6 4.98 3.68 3.58 4.03 -9999 5.11 5.49 5.04 6.36 8.82 7.15 6.58 5.54 4.92 4.32 4.07 5.65 4.72 4.87 4.14 5.49 5.91 4.99 4.95 5.66 6.96 5.33 5.88 6.87 6.15 5.64 -9999 6.06 7.12 5.34 -9999
-9999 5.13 5.7 5.71 5.19 6.63 6.49 6.55 4.19 -9999 6.18 4.09 4.24 4.31 4.24 5.19 5.2 5.1 6.17 7.02 5.41 6.04 6.73 4.84 4.68 5.07 6.58 5.51 3.65 3.67 3.2 4.57 4.97 5.64 5.83 -9999 2.51 2.62 3.35 3.9 4.92 5.68 -9999 4.4 4.73 5.66 4.2 4.67 4.37 5.29 8.13 5.97 7.33 -9999 4.83 4.96 5.32 5.24 5.12 4.81 4.33 4.82 4.36 4.8 4.8 5.27 5.33 5.02 4.8 5.31 5.55 5.84 7.22 6.2 5.63 4.87 5.5 4.95
11.45 12.13 13.85 14.79 14.31 15.48 13.64 12.5 12.55 12.22 -9999 4.52 5.33 4.73 4.31 4.51 3.98 3.42 4.87 5.08 5 5.84 7.83 -9999 5.37 5.53 6.78 5.75 5.11 3.87 3.64 3.99 5 4.54 -9999 -9999 -9999 -9999 2.48 5.4 4.33 4.53 4.59 4.67 3.07 -9999 4.75 3.94 3.42 3.78 4.88 -9999 5.41 5.84 4.7 -9999 4.82 5.63 5.37 4.38 3.74 5.24 5.12 5.81 -9999 -9999 6.84 6.91 6.84 5.9 5.78 4.82 6.35 7.59 6.06 5.21 3.7 3.63
-9999 -9999 -9999 -9999 10.37 14.1 19.31 21.24 12.54 7.87 6.18 3.92 2.88 3.2 3.69 4.54 3.56 3.69 4.61 5.9 6.15 5.16 5.12 5.81 6.15 4.67 6.74 6.19 -9999 5.7 6.4 5.83 5.36 4.85 4.2 3.93 -9999 2.65 4.23 5.31 -9999 4.27 5.42 4.91 -9999 -9999 5.91 4.28 3.83 2.64 3.37 2.27 6.92 5.25 4.64 -9999 5.71 7.23 -9999 -9999 6.91 6.06 7.59 6.73 6.31 6.83 5.93 6.75 5.85 7.21 6.79 6.94 7.4 5.85 4.81 5.14 7.18 6.8
-9999 -9999 12.08 -9999 27.53 19.47 20.11 22.06 20.35 14.73 11.13 4.61 3.51 3.41 4.04 -9999 4.9 4.05 3.96 3.24 4.71 5.55 4.95 5.92 5.04 4.72 5.29 4.25 3.96 -9999 6.32 4.47 -9999 5.56 4.69 5.27 4.07 5.8 6.37 5.65 5.72 5.06 5.03 4.52 5.47 5.07 5.34 4.62 5.72 5.9 4.09 -9999 -9999 4.77 5.46 6.38 6.83 6.93 6.29 5.93 5.71 6.57 6.18 6.15 5.79 5.36 7.11 7.76 6.65 6.57 6.66 7.38 -9999 6.1 5.28 -9999 -9999 -9999
-9999 -9999 25.39 27.23 25.15 18.33 20.68 27.09 26.05 20.64 12.75 -9999 6.23 6.3 5.88 4.34 5.53 4.54 -9999 4.14 5 6.6 6.41 4.86 4.3 4.4 2.77 6.16 5.14 5.14 6.75 5.4 6.71 5.45 4.65 -9999 -9999 -9999 -9999 -9999 4.98 5.86 4.06 3.52 5.03 5.95 6.41 5.09 5.66 5.07 4.45 4.93 4.57 4.73 5.16 6.12 6.13 5.83 6.3 6.51 5.66 5.67 6.66 5.81 -9999 6.43 6.56 5.52 6.72 6.36 6.94 7.75 -9999 -9999 -9999 -9999 -9999 -9999
27.83 30.5 29 23.14 15.66 21.12 21.78 19.01 16.44 15.22 15.93 17.83 18.77 17.35 13.66 9.34 6.2 7.42 6.62 6.24 5.89 5.12 4.55 5.64 4.49 3.77 6.33 8.6 7.7 8.85 -9999 7.61 7.21 6.85 7.84 5.51 5.45 6.67 7.62 7.08 7.07 6.59 5.36 5.24 5.99 7.26 7.57 7.68 8.15 5.88 6.31 3.83 5.87 6.98 5.12 5.12 6.03 6.46 7.08 6.44 7.79 4.53 6.6 6.59 6.02 8.3 7.41 7.24 6.84 7 -9999 -9999 -9999 -9999 -9999 -9999 -9999 -9999
34.61 30.72 31.12 24.49 25.39 27.79 23.67 19.85 21.44 24.35 23.36 24.87 26.11 19.36 16.06 18.64 14.08 8.65 6.76 5.82 6.09 4.99 5.83 7.3 6.83 6.54 6.33 7.46 6.95 11.02 9.33 8.14 7.95 4.85 8.21 6.88 6.88 -9999 6.76 5.3 5.94 5.85 7.6 7.5 7.76 7.47 7.86 6.96 6.72 5.4 5.77 5.19 6.45 6.4 5.26 5.2 -9999 5.81 6.5 5.47 6.63 -9999 6.69 6.41 5.68 5.69 -9999 7.68 -9999 -9999 3.37 -9999 -9999 -9999 -9999 -9999 -9999 -9999
33.45 25.81 31.07 28.31 21.39 -9999 24.6 19.5 23.09 19.04 22.88 25.58 19.33 17.63 18.12 15.22 15.29 15.41 15.07 10.11 -9999 9.95 9.51 8.82 9.69 9.51 9.59 9.14 13.23 14.56 15.37 10.82 8.3 9.88 8.98 6.76 9.81 7.19 6.99 6.34 7.35 7.81 5.96 5.19 5.44 6.95 7.7 8.01 7.68 5.59 6.08 5.94 2.64 -9999 8.41 8.2 7.8 5.69 4.55 5.03 5.15 5.3 4.9 5.84 5.4 6.14 7.31 4.01 -9999 -9999 -9999 -9999 -9999 -9999 -9999 -9999 -9999 -9999
-9999 30.98 25.83 33.03 28.19 30.96 22.69 20.64 21.59 18.35 14.98 22.13 26.38 22.54 22.2 20.57 17.68 16.46 19.49 19.38 18.16 20.94 18.54 15.99 8.43 -9999 19.92 21.57 16.13 15.7 11.47 8.63 7.88 -9999 6.94 9.02 8.07 8.15 7.41 8.12 7.13 5.76 4 -9999 7.58 8.16 6.46 6.89 8.54 9.87 7.59 6.42 10.02 -9999 8.14 7.58 8.05 7.71 5.43 5.38 5.84 5.29 6.54 5.57 5.21 6.74 6.92 -9999 -9999 -9999 -9999 -9999 -9999 -9999 -9999 -9999 -9999 -9999
33.47 33.96 -9999 24.35 27.6 30.26 28.7 23.87 26 29.53 20.9 23.45 23.89 21.55 18.57 16.79 15.42 21.15 19.23 21.85 21.16 20.44 17.67 21.13 15.12 13.68 17.11 18.06 18.61 16.83 15.84 16.49 14.31 9.98 8.34 7.39 5.4 5.74 5.75 7.83 6.44 5.76 7.19 5.64 6.13 6.73 6.28 7.88 7.63 9.07 11 7.4 8.19 10.75 7.39 8.56 7.61 -9999 6.37 5.82 4.61 5.06 6.78 6.36 7 9.88 -9999 -9999 -9999 -9999 -9999 -9999 -9999 -9999 -9999 -9999 -9999 -9999
-9999 32.69 35.75 27.56 24.72 26.84 24.2 28.06 31.18 23.97 24.29 24.31 24.15 25.91 28.94 21.84 18.93 16.04 19.68 20.08 21.14 24.36 26.53 21.67 15.79 12.99 16.4 17.82 19.32 -9999 12.25 10.15 16.31 12.77 13.21 14.56 10.31 10.16 9.71 6.5 7.9 6.14 6.27 6.52 6.04 6.82 5.71 6.09 5.43 5.56 -9999 5.99 6.28 7.73 6.89 6.66 4.92 5.6 6.15 5.73 5.71 5.89 6.22 6.17 13.31 13.82 -9999 -9999 -9999 -9999 -9999 -9999 -9999 -9999 -9999 -9999 -9999 -9999
35.44 35.49 34.94 30.16 33.68 30.4 32.41 35.72 35.93 31.13 31.7 32.97 32.12 29.37 28.43 22 20.08 19.93 19.91 19.65 19.13 21.79 19.03 21.34 19.47 15.26 19 18.84 20.59 20.64 -9999 13.98 14.58 6.66 19.45 17.24 15.2 14.21 11.72 8.12 10.51 11.22 9.37 6.01 -9999 -9999 6.11 4.71 5.38 4.6 4.62 5.92 6.22 6.68 6.38 7.51 8.29 6.33 7.34 6.87 5.7 5.35 6.48 8.03 -9999 -9999 -9999 -9999 -9999 -9999 -9999 -9999 -9999 -9999 -9999 -9999 -9999 -9999
37.81 38.54 35.32 29.86 23.19 24.28 32.69 33.69 37.44 35.27 39.79 34.44 24.58 18.78 24.35 24.21 27.11 27.92 24.25 25.57 24.69 21.27 14.64 19.4 18.55 22.16 16.7 21.8 20.17 21.01 16.14 18.26 14.3 6.59 -9999 20.04 -9999 13.47 15.55 16.29 19.56 16.5 9.46 9.47 -9999 5.76 5.66 6.52 6.46 5.26 6.24 6.57 7 7.39 6.85 6.44 5.9 6.92 6.73 5.76 6.87 9.35 10.14 15.87 -9999 -9999 -9999 -9999 -9999 -9999 -9999 -9999 -9999 -9999 -9999 -9999 -9999 -9999
38.45 37.74 39.22 40 30.98 28.3 31.78 36 42.72 38.18 33.02 34.74 31.21 23.92 20.34 24.27 19.73 18.93 -9999 -9999 28.92 31.11 27.81 21.16 10.6 -9999 20.89 21.96 20.16 22.52 27.67 23.49 23.43 21.84 -9999 18.53 16.17 17.78 23.24 24.32 19.72 18.01 13.46 10.1 16.79 11.48 10.76 6.81 7.1 5.27 -9999 5.5 6.86 8.6 7.74 7.17 7.36 6.64 7.75 6.9 7.42 9.01 11.04 11.25 -9999 -9999 -9999 -9999 -9999 -9999 -9999 -9999 -9999 -9999 -9999 -9999 -9999 -9999
28.97 35.66 34.65 43.44 43.13 22.22 24.81 26.48 26.37 38.17 36.56 -9999 34.46 31.75 30.31 36.65 29.74 22.91 27.13 30.67 24.36 31.97 26.33 28.24 27.78 -9999 28.29 24.23 25.74 19.41 20.62 22.26 -9999 23.02 26.51 23 19.93 18.59 20 21.21 18.5 17.36 14.86 -9999 13.17 16.38 14.76 8.65 9.29 8.13 8.17 7.78 7.53 7.89 10.18 9.49 9.69 7.99 6.35 7.14 7.61 9.92 10.19 9.99 -9999 -9999 -9999 -9999 -9999 -9999 -9999 -9999 -9999 -9999 -9999 -9999 -9999 -9999
38.79 36.98 41.2 36.86 -9999 -9999 35.54 32.3 32.58 39.91 29.94 32.6 30.08 32.34 32.13 32.48 39.31 40.63 41.47 37.72 35.64 34.7 28.57 26.47 23.34 24.97 32.15 21.57 24.17 19.53 21.37 20.75 26.21 27.36 26.4 21.53 21.35 16.93 18.12 20.52 23.42 23.76 18.22 18.27 17.58 17.83 15.68 13.12 13.58 12.9 10.45 5.88 10.33 10.35 8.41 6.19 9.24 8.5 7.13 7.96 9.06 10.59 13.81 13.32 -9999 -9999 -9999 -9999 -9999 -9999 -9999 -9999 -9999 -9999 -9999 -9999 -9999 -9999
