resultados/variables_norteamerica/landcover_veg_tree.asc
ncols 469
nrows 225
xllcorner -169.133333
yllcorner 20.675000
cellsize 0.249840
NODATA_value -9999
[rows 70 to 104 of 225, columns 156 to 233 of 469]
9.43 14.2 30.35 41.74 58.05 33.55 58.19 61.3 63.27 65.21 61.95 70.09 71 72.39 61.96 36.32 44.88 61.41 54.69 60.63 61.58 60.71 69.77 69.98 68 65.21 61.89 61.35 63.12 62.84 58.7 62.79 60.98 61.96 63.15 62.06 54.99 50.01 59.46 59.53 62 60.01 57.47 49.03 51.33 56.26 58.62 54.37 57.03 46.73 51.7 57.82 57.92 50.12 45.52 51.16 37.79 29.31 32.5 39.93 36.1 37.98 41.06 42.05 60.04 64.07 57.99 50.71 47.25 45.4 45.59 47.34 43.67 42.75 45.26 48.41 49.09 48.17
17.41 21.25 24.18 44.74 35.02 32.34 38.72 41.64 44.53 49.87 46.23 60.5 66.28 63.28 46.72 34.57 18.68 25.9 31.3 41.56 49.7 61.72 69.66 68.85 70.69 69.52 66.14 64.12 64.58 60.33 56.83 66.59 63.98 61.91 58.19 -9999 -9999 54.1 60.45 63.54 60.99 62.07 63.3 63.9 60.25 53.67 47.64 53.02 53.92 55.02 58.44 60.34 60.07 47.72 55.71 38.5 22.94 24.52 27.37 29.08 39.38 46.35 42 52.06 62.22 63.03 45.82 47.83 48.01 43.99 51.83 46.9 38.52 32.41 44.46 44.66 46.13 43.14
40.89 31.43 23.33 18.89 14.19 14.94 20.23 23.78 38.98 43.03 26.43 41.12 53.17 53.81 22.01 16.02 19.94 35.62 14.38 40.01 47.93 35.23 62.72 63.96 65.68 64.49 60.72 61.99 59.38 51.34 56.89 61.2 61.99 56.08 59.05 58.77 66.8 62.99 62.89 55.18 55.31 56.21 60.01 50.3 39.39 30.45 50.64 60.18 63.4 57.07 62.41 59.89 61.87 54.08 61.09 55.75 47.09 34.56 30.7 27.97 49.21 57.61 66.3 68.73 65.83 54.42 58.61 56.54 47.57 54.24 50.6 50.84 24.54 35.14 38.21 42.59 48.83 -9999
44.6 44.58 30.49 21.31 16.14 25.12 19.22 14.92 17.73 25.44 37.24 22.02 36.18 42.62 37.68 15.5 13.21 27.02 8.11 5.58 24.45 8.44 30.13 52.3 65.82 64.38 66.64 65.73 65.38 62.02 59.59 53.9 55.08 52.26 53.43 51.72 57.09 58.61 55.59 50.98 57.98 66.26 67.6 62.35 57.41 58.34 62.22 60.01 62.48 62.62 63.15 56.24 41.68 38.35 44.2 36.22 39.95 56.32 60.86 60.94 61.4 64.47 57.97 52.07 53.94 49.26 46.55 40.09 47.65 51.71 39.83 -9999 -9999 8.81 22.74 36.31 31.75 37.34
44.1 31.66 8.52 25.07 27.04 18.89 21.14 15.89 17.5 13.61 19.52 34.08 35.85 35.64 46.11 30.1 29.08 17.42 6.75 3.41 5.82 2.76 5.3 30.58 54.72 67.34 65.08 63.74 67.7 64.6 68.57 66.31 62.66 61.07 62.99 60.55 58.66 61.34 62.48 63.68 65.44 66.02 65.1 61.72 61.9 65.7 65.47 64.75 58.97 59.03 55.55 53.24 53.23 46.1 39.47 22.59 17.43 42.91 55.21 58.02 56.18 58.11 57.58 55.42 57.58 55.2 56.74 58.01 58.56 58.43 60.56 58.7 -9999 35.93 50.31 47.11 -9999 46.07
49.61 38.9 20.77 33.89 35.23 55.38 45.24 44.2 27.46 23.98 13.98 12.91 19.12 19.54 33.22 35.45 20.84 23.82 31.74 8.52 4.57 7.63 6.67 14.05 32.4 56.58 67.76 67.56 68.77 65.41 69.7 67.45 69.45 66.14 61.99 62.1 57.57 64.67 66.2 66.02 64.85 66.5 65.5 63.25 64.06 63.47 61.8 65.73 64.03 67.06 59 57.67 55.11 42.32 39 31.19 51.34 59.04 58.56 59.12 58.25 57.73 61.31 62.67 65.45 67.06 70.48 71.6 67.91 64.8 58 57.53 60.49 59.55 53.12 45.53 33.27 36.81
35.68 44.66 48.23 39.24 48.1 33.92 36.09 46.35 37.04 20.07 15.67 20.62 10.34 12.73 26.59 24.47 39.9 42.87 29.02 21.29 11.91 -9999 8.51 11.81 22.46 40.74 55.19 66.23 65.2 68.03 68.96 67.6 68.73 68.26 69.66 70.48 70.44 67.99 64.84 63.45 63.7 60.73 66.74 63.81 60.23 65.01 62.93 63.51 61.78 46.48 52.77 54.75 55.13 52.21 66.76 67.41 60.39 57.29 63.1 63.66 57.12 64.66 64.37 63.83 66.31 68.85 70.24 63.97 55.8 52.17 51.59 57.73 58.45 67.88 59.83 43.93 46.14 49.64
26.41 12.18 36.96 28.12 11.2 10.93 28.57 24.82 29.69 34.81 29.55 13.3 13.7 11.57 26.25 39.52 32.56 50.38 53.43 37.11 34.25 22.19 7.32 7.84 12.34 38.51 42.19 53.94 71.03 71.3 71.38 70.73 70 70.04 72.4 69.72 70.25 67.1 67.74 67.71 68.59 65.59 65.02 63.56 60.02 64.86 65.41 69.44 70.67 72.71 68.98 64.85 53.87 65.47 64.67 65.29 64.88 62.57 67.16 63.5 58.62 54.78 44.3 50.47 56.26 60.03 60.18 52.74 54.63 55.27 54.57 54.55 60.64 66.73 57.17 49.85 62.37 61.78
19.28 6.9 21.33 15.14 11.65 17 17.52 9.32 12.84 18.44 19.33 24.81 18.84 27.02 28.92 16.26 27.72 29.69 47.92 57.28 49.71 27.06 24.92 13.99 7.72 35.26 39.22 42.19 65.69 70.26 70.43 68.46 69.13 67.12 60.64 64.88 61.85 59.72 61.19 63.91 62.23 59.67 61.75 63.88 63.16 62.01 63.27 70.89 68.92 69.86 62.87 33.06 57.43 60.43 66.1 63.86 67.36 74.02 67.67 65.85 61.58 55.23 53.9 58.23 61.63 72.02 66.74 69.53 61.61 -9999 62.15 58.9 68.7 65.72 49.45 61.51 68.23 66.67
-9999 7.74 10 11.27 16.64 10.65 14.54 21.66 16.36 12.75 -9999 23.18 23.58 31.08 14.1 12.21 14.29 29.08 25.27 51.17 47.74 40.58 23.94 26.79 17.1 35.13 40.12 41.72 59.03 63.9 68.07 67.28 70.01 66.73 59.65 63.95 63.37 61.65 61.29 60.11 63.16 66.1 68.27 71.86 68.83 63.96 68.84 70.57 68.41 61.32 24.9 32.34 62.92 65.36 70.49 67.22 63.54 63.62 65.41 61.3 61.77 65.75 68.29 69.87 71.5 71.93 69.58 68.16 66.8 63.07 66 67.66 66.76 55.06 40.01 67.21 68.07 63.35
19.63 16.43 10.48 6.68 17.17 26.09 23.55 25.24 30.65 20.06 8.24 13.8 21.09 28.27 21.87 22.01 24 37.27 44.25 51.03 59.45 44.44 38.01 23.7 32.28 15.71 34.61 33.44 64.36 63.52 59.79 66.51 63.85 66.99 67.41 53.7 31.95 47.86 52.91 62.03 61.29 60.61 67.09 73.42 70.61 69.06 71.34 67.7 65.4 60.07 12.73 37.57 65.25 67.75 63.51 63.86 60.1 71.64 65.61 58.66 65.64 67.43 65.2 66.27 70.37 63.89 64.77 60.72 64.6 62.52 62.96 63.75 65.94 67.37 59.5 61.89 64.49 67.15
6.67 19.25 22.72 16.39 12.33 24.12 32.09 38.85 31.82 23.78 35.68 27.32 23.26 26.38 26.73 19 15.24 19.07 27.01 43.77 53.27 43.59 -9999 45 39.61 33.13 38.66 53.15 71.6 69.27 68.49 64.2 62.73 61.17 63.12 59.39 38.37 31.98 47.97 57.68 62.77 62.74 60.72 56.3 40.42 52.04 67.16 63.64 52.05 41.19 54.55 44.01 57.12 59.64 66.67 65.39 64.22 60.12 58.12 59.53 64.31 62.21 -9999 65.71 69.49 63.64 60.75 63.17 65.08 63.34 65.43 64.59 62.24 65.62 66.5 63.77 64.74 69.13
5.02 8.43 11.63 34.95 26.04 44.5 45.5 25.8 29 45.54 42.26 47.11 45.34 49.09 30.92 26.33 15.14 27.22 41.68 53.83 56.39 51.1 49.94 65.71 54.84 36.45 22.17 48.3 61.84 69.57 66.67 65.67 69.31 62.24 47.67 48.26 34.54 17.99 28.86 29.41 47.23 39.76 39.93 35.1 44.86 18.56 37.97 49.87 45.89 42.82 31.61 26.52 36.55 63.9 67.25 64.86 59.02 62.3 61.81 62.97 58.66 64.32 65.05 62.81 61.57 60.2 63.39 64.04 64 67.4 62.21 63.64 63.27 56.96 63.02 65.9 66.67 65.99
16.69 -9999 11.23 42.69 47.82 52.72 18 20.37 38.16 42.65 31.57 -9999 27.21 42.59 41.21 41.05 28.47 17.07 27.62 47.29 45.43 52.14 59.54 58.82 -9999 44.99 31.28 50.93 -9999 62.26 63.02 -9999 53.2 57.65 65.89 58.25 62.73 41.4 28.74 23.06 18.3 26.48 30.38 31.93 32.71 16.48 17.25 17.57 13.27 15.93 16.17 13.84 16.21 47.3 67.49 64.77 65.14 60.71 60.24 59.71 62.8 64.6 62.2 59.54 51.11 57.87 61.83 60.88 57.13 63.95 60.54 59.34 49.21 44.6 47.7 62.5 65.57 65.14
21.4 -9999 -9999 45.51 60.46 60.53 52.93 32.8 48.25 45.4 41.82 36.27 34.9 41.1 56.22 65.85 54.84 51 46.72 55.89 66.35 61.3 68.34 49.6 67.31 57.92 50.81 33.5 54.37 60.32 59.58 66.73 68.27 63.03 52.97 55.15 43.67 32.37 23.97 12.89 19.78 40.89 50.6 50.22 17.11 12.22 14.9 15.94 17.26 13.15 11.72 5.46 14.79 53.03 61.03 56.1 64.67 60.25 -9999 47.34 55.66 60.95 66.29 64.82 65.86 -9999 62.5 51.57 59.44 63.52 64.18 69.74 66.24 62.77 63.26 64.71 62.44 60.95
22.24 24.13 30.82 23.42 55.6 63.42 51.64 62.86 65.89 64.28 -9999 55.54 65.84 64.12 41.91 54.35 51.49 53.13 55.17 53.03 51.59 52.78 60.62 63.23 66.02 66.23 60.86 58.74 56.28 49.07 57.84 66.2 69.49 68.03 63.2 56.92 64.17 61.82 50.38 52.89 39.33 63.05 58.24 47.01 44.74 37.84 40.46 26.22 32.98 47.28 41.87 15.58 13.84 33.56 38.09 -9999 50.89 52.57 60.64 39.84 49.73 69.18 69.37 69.16 69.49 67.18 68.48 66.13 68.78 62.92 68.96 65.39 67.08 60.78 61.01 67.66 64.88 62.65
-9999 -9999 16.51 25.46 57.59 41.21 34.72 43.8 56.64 59.51 61.85 52.47 47.16 51.49 60.81 64.85 62.01 49.63 47.22 59.24 54.88 68.26 68.22 66.11 68.42 71.2 69.44 63.22 62.94 57.36 52.67 42.32 58.84 71.65 71.32 69.98 71.63 66.2 69.91 66.22 57.44 27.89 15.11 15.28 8.98 12.14 10.81 19.89 24.94 63.74 62.58 22.94 33.25 39.2 40.49 48.29 58.05 52.66 -9999 -9999 -9999 54.89 51.21 63.5 61.04 60.69 60.19 49.48 64.48 60.32 55.25 59.62 59.03 57.83 57.22 63.55 67.26 66.27
32.35 34.55 41.46 37.45 43.51 36.63 27.56 39.28 57.16 65.5 39.26 59.11 46.65 57.86 61.41 52.02 59.4 64.04 59.45 57.18 58.42 68.23 63.72 72.68 70.01 67.45 68.02 70.41 64.76 65.58 52.85 41.63 48.08 63.5 53.09 60.87 68.96 71.97 73.21 67.31 63.95 40.62 23.4 33.57 26.92 33.67 51.83 52.21 45.41 44.12 45.9 28.47 39.23 44.81 65.8 64.02 67.38 70.9 70.72 67.05 62.76 50.76 43.38 38.78 48.27 57.95 58.75 57.81 53.18 54.68 47.79 59.52 62.89 60.56 58.78 66.96 66.02 64.92
51.17 29.29 27.36 12.74 25.38 45.66 31.66 47.96 36.76 46.82 53.02 53.83 55.53 46.17 62.53 60.51 44.11 62.89 67.75 57.73 56.24 70.19 59.72 68.96 70.39 68.34 65.52 59.59 61.15 66.63 65.49 65.81 52.9 41.66 38.24 59.82 64.55 69.65 70.91 73.43 73.33 70.06 62.73 64.21 62.28 64.83 62.14 64.94 62.02 61.08 57.68 38.34 54.43 68.11 70.79 63.53 57.86 64.34 68.01 66.36 59.36 63.69 54.4 42.23 47.06 61.07 37.97 24.11 37.25 23.38 25.39 -9999 22.27 53.57 64.27 60.26 66.42 63.26
41.83 26.39 -9999 9.51 11.75 54.88 48.35 45.52 47.9 22.63 36.62 55.47 56.16 62.46 67.9 66.31 65.98 61.16 59.5 55.7 61.21 50.84 -9999 55.59 70.69 66.07 69.02 65.01 63.14 64.17 70.22 67.63 62.94 58.02 44.96 38.8 40.57 46.3 57.43 69.22 74.82 72.55 68.41 67.79 67.17 66.17 67.79 69.7 69.09 67.07 66.03 64.21 64.64 65.7 60.89 52.89 39.84 43.47 64.49 63.62 66.27 59.44 55.13 46.63 16.1 38.41 29.23 28.27 18.83 38.44 47.21 41.18 33.49 37.7 42.01 59.55 42.65 38.2
48.91 26 19.54 31.05 -9999 41.3 58.75 41.26 39.23 33.89 50.77 57.6 53.72 58.38 63.97 60.25 65.89 63.97 67.14 70.59 71.9 74.2 68.72 61.82 69.05 69.75 68.7 67.21 67.62 66.59 66.93 61.76 58.19 49.32 55.05 50.3 43.44 35.46 31.71 57.07 58.57 71.69 73.2 68.38 69.76 63.91 67.57 69.1 68.92 69.73 70.3 67.82 65.06 64.46 68.64 66.44 60.42 60.74 62.2 64.99 44.37 31.97 22.61 8.71 5.58 8.19 15.59 25.43 21.1 24.69 42.83 41.53 44.71 29.91 24.33 12.07 31.46 11.72
44.76 45.08 37.26 17.05 13.2 40.87 55.51 32.87 -9999 31.69 -9999 60.1 63.26 61.69 59.95 61.17 57.61 53.83 58.55 62.23 62.39 59.01 51.42 41.69 45.73 58.41 70.41 70.64 58.06 60.58 61.95 67.02 68.74 66.98 62.12 53.7 38.18 43.31 25.13 22.43 47.3 54.77 63.04 65.32 64.99 65.53 65.62 65.6 70.56 69.58 67.97 67.96 68.77 67.47 68.16 67.67 61.05 49.71 48.02 32.28 12.59 12.03 9.48 10.43 6.27 4.04 8.85 14.58 4.77 6.77 10.09 13.5 14.8 11.87 9.74 6.11 16.16 31.22
53.99 38.43 37.69 24.07 30.12 -9999 49.8 30.55 -9999 13.14 22.59 38.84 57.17 54.41 48.56 54.43 53.54 60.21 58.38 66.33 68.61 64.12 68.77 66.39 61.21 60.16 65.46 70.47 66.43 56.37 60.81 71.6 70.19 69.39 65.62 61.91 62.39 55.87 34.76 38.13 26.89 40.39 45.43 51.03 61.35 70.48 68.66 73.27 71.06 68.07 66.58 63.74 66.67 65.43 62.34 58.46 29.79 50.75 42.86 20.87 11.18 16.07 18.04 12.86 13.03 3.93 4.16 5.67 9.39 6.52 5.35 4.32 4.88 7.69 9.61 16.75 12.5 9.54
-9999 61.69 49.42 -9999 33.26 46.79 24.86 15.61 25.9 17.12 13.94 27.11 40.2 56.68 42.89 61.17 69.38 55.03 62.01 63.46 62.29 68.22 68.85 64.69 67.32 70.04 66.27 66.8 70.47 65.57 68.6 67.35 66.88 66.54 57.92 51.61 46.94 54.68 60.92 37.13 30.17 37.99 34.47 40.26 20.83 28.2 37.47 59.09 67.09 65.21 62.36 67.17 66.29 65.65 57.96 56.97 50.12 53.45 47.66 29.35 21.62 -9999 17.73 13.13 9.7 4.95 4.93 5.5 11.33 22.61 4.23 3.03 3.64 4.19 7.11 5.42 4 3.37
63.62 57.62 66.23 -9999 39.49 51.49 40.62 17.25 -9999 18.8 -9999 18.75 21.02 42.9 52.26 46.59 64.97 62.05 63.98 61.39 64.64 67.1 64.99 64.38 71.55 68.21 65.93 60.76 64.89 67.74 61.81 68.04 64.5 56.44 63.58 62.39 39 44.09 35.52 48.04 43.62 25.47 25.91 28.01 11.71 21 36.48 57.41 53.91 60.87 66.94 66.41 67.4 67.81 67.04 70.44 63.97 66.12 62.75 56.86 23.51 17.08 15.92 7.02 5.08 7.6 4.39 5.27 14.73 12.41 -9999 3.13 3.17 3.05 4.05 3.25 3.29 3.26
-9999 -9999 -9999 -9999 59.99 59.23 -9999 33.83 15.52 26.71 26.12 21.72 24.31 24.42 37.5 64.92 69.54 69.48 69.89 67.23 68.59 67.48 69.09 68.08 70.59 68.35 67.55 70.13 62.67 66.24 53.53 69.53 67.45 64.57 68.42 64.81 43.86 30.57 15.8 20.9 31.32 46.39 45.63 30.61 20.19 21.95 19.97 21.7 45 44.46 40.37 60.12 69.81 62.66 64.59 71.09 66.78 68.78 64.98 58.56 39.15 16.25 15.59 15.65 8.52 3.63 2.61 3.94 3.84 3.01 3.16 3.16 3.16 2.85 3.35 2.96 2.62 3.63
-9999 -9999 -9999 -9999 60.46 -9999 52.33 51.86 36.6 21.55 16.51 10.17 31.76 29.92 38.47 68.46 66.52 55.42 68.27 46.61 63.86 58.74 60.97 68.52 64.39 65.87 60.71 66.4 61.12 68.49 52.12 65.24 69.13 68.26 57.49 56.31 60.43 41.43 31.85 13.58 15.74 16.55 26.09 56.06 31.74 29.2 46.69 32.16 51.46 33.97 23.8 25.23 44.33 71.89 72.51 67.05 67.65 68.84 63.3 60.87 59.67 48.38 33.3 14.42 8.07 2.58 3.05 4.33 3.47 3.38 2.42 2.68 2.34 3.02 2.56 3.03 4.24 3.85
-9999 -9999 -9999 -9999 51.81 50.48 48.61 51.92 54.9 39.58 26.16 -9999 29.34 20.61 24.39 51.71 30.16 42.87 60.43 58.49 60.54 51.37 60.21 56.64 52.87 61.16 52.69 56.59 57.16 62.26 57.5 62.51 65.19 68.53 63.61 55.11 47.13 47.02 40.77 41.07 19.75 -9999 19.21 36.64 34.75 28.14 24.52 17.31 25.81 31.92 27.49 7.47 12.94 40.86 59.61 70.11 69.87 72.31 67.05 64.23 56.47 33 11.39 3.52 -9999 2.8 3.38 2.3 2.59 4.51 2.83 3.51 2.24 2.06 2.68 5.3 4.89 5.41
-9999 -9999 -9999 -9999 -9999 47.61 -9999 50.08 55.66 50.46 48.58 -9999 33.81 43.42 34.27 31.9 51.7 61.69 50.89 49.81 53.02 57.61 57.4 48.61 40.06 41.01 46.07 50.98 54.98 53.46 59.02 58.03 63.1 62.04 64.38 64.35 62.57 55.94 34.92 51.84 36.22 32.8 -9999 39.12 26.51 17.46 38.06 20.37 -9999 15.02 18.78 10.92 11.52 7.01 26.6 58.12 70.44 66.6 70.27 65.69 39.22 12.38 6.17 3.24 2.94 4.04 2.43 2.79 3.3 2.57 2.73 2.32 2.27 2.14 2.71 2.73 2.81 3.5
-9999 -9999 -9999 -9999 -9999 -9999 -9999 45.46 -9999 53.88 -9999 44.82 21.82 -9999 34.33 -9999 20.49 32.74 34.49 39.38 52.07 55.33 50.14 44.43 44.78 44.35 41.16 44.01 53.16 54.44 56.48 54.41 53.8 62.34 61.38 64.57 60.24 62.25 54.27 57.54 67.09 51.82 47.51 49.75 22.33 16.11 29.32 27.13 29.17 12.88 -9999 9.03 12.57 24.15 33.6 35.58 43.75 56.03 68.37 65.05 62.51 29.96 13.62 7.89 4.64 3.15 3.88 2.52 3.8 3.41 2.62 2.08 -9999 1.45 1.14 1.28 2 1.85
-9999 -9999 -9999 -9999 -9999 -9999 -9999 -9999 50.15 65.63 59.54 55.99 38.01 36.46 36.66 24.06 -9999 23.85 28.13 31.91 33.36 54.99 54.89 55.77 48.82 53.91 46.43 52.91 47.97 41.81 42.72 34.11 60.26 64.19 61.17 61.82 66.54 61.27 63.58 56.77 67.44 52.25 60.1 55.98 35.26 23.59 38.51 23.35 15.16 -9999 25.24 26.04 -9999 26.88 11.98 9.21 15.47 24.97 44.9 65.55 57.63 33.27 10.66 4.29 3.48 3.66 2.14 1.79 1.63 2.12 2.28 1.54 1.14 0.96 0.74 0.74 0.67 0.78
-9999 -9999 -9999 -9999 -9999 -9999 -9999 -9999 60.06 56.1 -9999 50.69 39.94 38 32.44 21.97 -9999 -9999 34.99 8.17 24.13 13.75 28.53 49.52 51.34 57.65 62.24 61.05 55.05 57.87 53.33 26.13 58.92 54.11 60.94 58.74 62.01 58.98 64.36 66.35 60.45 58.54 63.22 63.76 43.19 31.03 42.69 35.77 24.84 -9999 39.53 45.64 34.27 24.94 11.83 26.26 -9999 24.53 32.66 67.77 61.9 53.34 15.21 2.84 2.59 2.61 2.25 1.55 1.34 1.33 0.84 1.2 0.79 0.72 0.59 0.57 0.66 0.52
-9999 -9999 -9999 -9999 -9999 -9999 -9999 -9999 -9999 -9999 58.79 61.47 52.3 31.74 -9999 21.44 -9999 40.54 26.15 -9999 23.02 23.64 28.43 21.15 36.32 41.23 48.85 42.52 56.06 59.85 65.55 43.47 45.65 50.74 46.3 47.26 63.24 65.87 62.14 62.07 55.69 62.02 58.85 58.94 57.23 48.1 30.24 -9999 21.33 23.49 28.37 27.95 49.25 37.76 47.12 24.36 38.35 31.49 30.02 26.14 62.85 47.47 11.88 2.51 1.93 1.69 2.08 1.36 1.08 1.1 0.81 0.4 0.17 0.35 0.43 0.27 0.15 0.3
-9999 -9999 -9999 -9999 -9999 -9999 -9999 -9999 -9999 -9999 -9999 60.83 -9999 53.27 47.8 37.57 35.53 20.38 42.01 -9999 35.36 16.7 -9999 -9999 17.99 9.19 23.39 10.47 29.07 56.22 39.4 62.61 49.35 60.39 52.61 59.76 64.11 65.88 64.94 60.9 62.01 57.85 57.71 50.27 44.42 54.47 44.63 39.54 39.97 -9999 18.8 -9999 -9999 54.09 56.76 42.46 38.95 36.54 40 32.51 47 46.04 18.86 5.85 2.47 1.82 1.84 1.72 0.93 0.54 0.44 0.2 0.35 0.14 0.04 0.1 0.16 0.09
-9999 -9999 -9999 -9999 -9999 -9999 -9999 -9999 -9999 -9999 -9999 28.6 -9999 53.61 -9999 -9999 50.37 37.67 -9999 31.97 23.85 28.96 32.07 10.74 12.2 -9999 13.44 17.23 20.68 44.32 32.45 49.86 54.36 46.06 51.78 31.2 37.92 43.29 41.4 29.41 60.1 55.55 56.61 47.37 52.08 58.61 55.16 36.45 44.51 33.43 31.91 21.51 20.13 22.31 41.02 52.8 57.79 36.55 23.66 28.65 28.69 54.87 53.34 11.31 3.1 2 1.79 1.42 1.8 0.57 0.28 0.85 0.85 0.74 0.34 0.07 0.16 0.19
