resultados/variables_norteamerica/landcover_veg_herb.asc
ncols 469
nrows 225
xllcorner -169.133333
yllcorner 20.675000
cellsize 0.249840
NODATA_value -9999
[rows 34 to 67 of 225, columns 77 to 153 of 469]
45.01 42.91 40.92 45.25 45.35 24.49 21.23 40.31 42.95 49.9 54.53 58.9 66.92 74.88 75.16 73.59 77.93 77.76 73.51 79.57 77.73 80.61 81.47 80.11 75.58 77.96 80.74 82.83 79.79 79.89 80.76 80.98 84.21 77.49 79.35 81.11 79.81 71.25 71.79 71.75 77.24 76.56 79.1 81.33 82.35 83.72 79.5 87.2 88.78 84.33 84.36 75.35 83.04 84.44 87.92 89.39 89.1 82.95 66.94 58.23 65.14 60.02 50.32 53.62 63.87 72.9 79.35 78.78 75.01 85.29 82.33 83.92 81.87 82.39 78.16 83.46 78.5
46.08 52.87 54.16 51.65 56.37 69.33 65.76 71.1 74.51 73.85 77.23 75.32 69.98 69.1 72.44 75.58 77.32 74.9 81.51 72.36 81.9 84.39 82.22 84.63 86.33 82.02 78.03 77.33 79.74 85.12 81.64 78.62 77.18 78.5 78.88 84.18 73.03 73.49 -9999 61.55 68.53 69.13 76.07 85.18 85 85.57 85.79 85.06 84.02 80.3 78.6 81.16 73.14 69.7 71.79 77.79 85.12 82.76 64.88 60.26 65.11 46.35 58.79 63.86 69.34 69.25 80.58 71.53 67.29 72.96 76.96 77.83 77.12 70.93 79.69 71.96 76.89
67.31 56.77 68.31 77.25 70.19 69.91 77.32 80.43 77.47 81.01 84.79 78.89 72.12 75.11 71.57 70.66 82.9 86.13 85.48 84.34 83.11 82.33 80.83 75.52 75.6 71.74 74.17 78.94 71.93 72.69 75.78 80.32 78.82 82.87 84.69 87.61 85.96 86.89 77.54 70.85 76.58 70.16 68.91 70.32 81.7 79.37 82.82 82.37 83.26 78.88 71.14 73.04 71.46 70.13 81.71 75.63 81.4 85.25 69.79 66.03 64.98 58.28 38.9 68.09 74.08 74.29 71.17 73.86 66.55 67.07 68 70.51 58.27 63.78 68.23 68.24 70.31
75.76 70.64 75.36 70.39 63.82 70.22 75.08 79.61 75.86 73.75 76.69 77 77.13 81.28 72.89 70.6 72.95 71.39 71.26 67.76 69.37 68.93 64.97 65.27 73.99 75.98 75.56 71.99 70.32 72.73 78.31 77.25 81.87 79.77 81.98 85 82.85 79.97 75.64 74.75 73.01 71.98 70.48 72.12 73.14 75.51 78.56 80.49 81.77 75.3 75.31 73.68 75.49 71.27 65.56 84.12 89.94 89.92 80.52 65.6 62.32 62.15 61.54 62.19 62.29 53.89 60.51 63.84 66.17 61.43 64.65 67.36 71.27 69.5 64.34 64.01 74.28
75.92 73.88 75.8 78.1 76.16 75.02 76.24 74.44 77.15 80.15 75.36 70.24 68.93 66.9 62.36 58.95 59.97 60.7 58.73 59.43 60.41 58.78 61.16 60.37 62.57 68.08 66.21 67 65.59 68.41 67.71 69.04 68.6 67.78 66.32 72.67 69.58 71.18 69.83 71.58 71.4 72.06 74.75 75.91 75.43 78.16 78.76 77.61 76.01 76.31 76.53 76.55 75.27 80.91 78.44 81.3 89.46 91.87 87.74 80.03 66.14 69.14 74.13 66.64 62.82 61.09 67.15 67.84 67.79 60.19 58.48 58.63 63.78 64.9 66.06 67.75 62.31
80.48 80.14 76.68 81.24 82.67 77.16 74.51 72.15 65.11 66.31 63.7 66.93 61.04 57.59 50.87 52.87 52.97 51.59 53.17 53.38 56.02 57.8 52.41 58.46 59.85 53.88 61.81 61.48 63.35 63.54 61.64 59.45 62.6 64.04 66.51 69.78 68.58 70.81 71.67 74.39 80.15 79.21 80.94 79.64 77.7 74.65 79.51 71.04 74.07 67.62 74.69 79.99 78.52 83.43 77.44 84.51 85.88 83.45 74.94 70.32 70.22 69.29 74.58 67.95 65.42 69.55 69.27 70.65 68.85 71.55 69.13 64.22 62.6 65.32 63.68 70.19 68.2
80.59 80.06 76.07 69.91 64.39 60.21 58.93 60.2 60.15 60.68 57.91 60.29 58.8 61.07 59.07 48.01 54.31 54.59 53.81 59.88 59.13 58.49 56.16 56.82 57.42 54.21 47.17 55.04 59.28 61.99 61.57 61.05 61.46 66.31 69.1 66.05 67.34 68.36 73.35 74.13 78.18 81.85 77.22 77.17 76.7 74.88 75.17 78.69 72.61 77.49 72.84 77.5 76.31 78.4 78.04 77.39 83.34 78.09 78.38 73.46 74.39 78.94 80.25 72.65 72.04 75.69 64.53 71.13 73.44 71.86 70.19 68.44 72.01 72.6 68.6 69.09 66.14
79.39 69.9 60.61 66.9 68.93 73.43 70.26 59.67 59.49 62.05 64.75 55.82 52.12 50.59 46.11 43.05 45.54 46.48 46.63 59.13 61.09 65.14 63.48 65.15 57.36 52.78 52.19 53.63 59.27 55.49 59.63 60.57 62.49 62.24 66.58 66.83 65.75 68.37 78.96 79.86 78.21 76.85 75.76 76.97 77.9 74.04 71.14 70.78 71.58 72.08 71.43 75.95 80.13 80.16 81.13 79.47 80.83 82.48 76.87 77.78 77.69 73.09 71.14 77.39 82.67 84.1 81.1 77.08 77.89 78.57 74.66 73.94 78.55 78.16 76.27 72.36 70.22
59.57 59.59 57.37 60.57 56.69 54.63 54.87 52.77 43.04 43.46 48.09 49.36 58.79 57.29 57.99 58.16 59.13 61.51 59.91 55.21 54.98 63.34 63.16 55.23 55.27 57.26 63.06 57.71 52.04 57.49 50.52 58.54 58.38 54.5 63.75 60.4 66.14 68.11 78.99 76.44 70.95 69.92 71.51 77.81 76.55 68.61 71.25 71.26 70.7 74.45 69.12 74.56 75.98 77.21 78.89 77.49 73.8 87.26 81.86 82.53 81.83 77.43 76.96 67.39 75.5 79.28 79.98 80.57 79.25 76.45 75.87 75.86 72.78 73.19 76.62 72.62 68.97
60.05 59.53 56.29 51.38 -9999 53.6 58.91 58.65 59.45 64.28 69.6 65.52 55.24 55.19 57.91 62.76 62.98 67.22 66.05 65.39 66.21 58.25 60.62 62.7 61.59 55.4 59 62.95 57.09 53.33 59.18 58.74 60.45 58.52 62.99 66.27 68.28 70.78 78.99 77.61 75.32 61.79 69.24 76.76 74.5 70.63 72.95 75.26 70.85 74.44 71.49 70.92 70.99 71.71 74.54 75.52 74.98 78.16 78.2 75.91 71.24 71.74 66.73 67.7 77.16 80.07 75.25 76.45 79.2 75.7 74.8 76.43 76.16 75.53 73.39 79.8 80.54
57.74 61.96 58.41 62.28 61.6 68.71 70.6 74.79 71.74 70.68 70.29 70.33 66.97 66.25 70.43 70.75 68.48 61.03 66.48 69.88 68.32 62.3 62.95 52.56 68.76 71.28 64.85 62.05 61.7 57.02 59.51 64.06 64.3 62.37 61.16 65.28 66.12 72.32 77.9 79.14 75.5 67.06 74.38 76.02 75.7 77.19 74.72 73.95 70.76 70.54 72.94 72.31 70.76 73.84 74.67 75.2 74.02 70.41 66.79 64.6 69.72 71.42 72.31 73.82 71.18 70.25 71.58 73.65 77.43 77.03 74.54 72.75 74.42 73.77 71.97 72.09 78.53
61.13 60.33 62.73 62.89 60 59.78 58.93 59.96 71.54 71.26 73.93 71.95 73.27 78.05 77.54 73.35 77.47 76.14 73.77 70.97 63.59 66.23 64.66 61.16 57.28 61.03 59.23 67.38 70.51 60.76 60.15 59.81 66.13 64.56 67.74 62.07 66.76 72.16 78.35 74.26 75.34 70.89 74.15 74.28 71.69 76.7 77.11 73.63 67.46 64.54 66.21 68.76 73.61 73.04 75.79 74.51 73.6 71.88 68.79 68.52 71.87 76.37 77.85 80.98 80.29 77.92 72.63 73.72 77.27 79.4 76.57 81.45 81.61 78.58 77.52 75.86 77.42
72.48 67.99 60.94 49.56 48.75 42.6 45.82 56.73 68.83 65.32 63.84 61.28 61.33 68.55 68.84 73.45 73.71 73.15 76.98 76.81 75.01 71.34 68.16 71.54 66.1 63.69 60.38 54.67 58.58 58.1 58.98 56.25 55.89 63.16 65.54 69.74 71.74 76.8 74.16 77.35 81.61 82.07 81.24 79.23 76.29 72.75 75.22 77.57 74.59 74.16 75.14 72.82 73.63 74.64 79.49 66.64 62.29 73.55 76.34 73.2 76.12 70.89 70.63 69.15 59.97 61.2 68.96 67.98 67.19 72.13 66.3 58.51 59.65 62.39 71.24 76.95 76.45
51.21 52.03 61.31 60.59 50.88 42.46 45.92 47.03 46.13 52.47 50.42 51.92 51.7 64.34 63.51 61.56 62.5 66.81 70.54 74.08 72.28 75.91 75.45 77.69 76.07 75.23 74.94 70.02 69.68 72.73 72.39 70.97 65.48 57.44 56.69 67.11 69.1 72.4 77.45 79.75 85.06 83.83 83.01 80.86 81.46 80.52 70.78 68.59 61.08 61.78 66.8 65.06 65.5 71.15 68.9 63.53 65.08 61.9 66.38 71.65 66.08 66.22 69.94 67.26 66.1 53.05 56.75 72.55 56.46 52.73 45.1 53.1 67.58 56.84 66.76 61.18 48.53
52.58 56.69 49.61 63.14 48.59 46.62 43.36 49.7 57.44 50.93 44.58 43.44 42.37 47.19 48.52 59.28 58.24 67.04 65.84 70.1 66.8 65.27 71.3 74.35 68.7 74.42 74.26 77.2 71.9 75.79 78.33 77.87 67.65 61.36 53.15 56.41 60.24 69.08 74.42 72.52 73.07 68.41 59.94 67.77 78.12 83 85.18 77.96 75.48 77.22 79.69 76.12 74.21 69.98 66.23 66.7 64.61 66.34 48.71 39.97 53.52 59.29 52.69 42.87 57.97 58.95 52.89 48.63 47.77 58.3 44.34 50.41 56.69 51.14 59.02 49.19 42.79
52 48.25 48.16 50.88 48.33 49.51 48.85 54.23 53.26 59.3 48.97 44.54 41.3 46.79 47.35 51.97 57.52 60.25 57 59.71 64.57 69.12 63.7 72.23 76.42 77.97 75.11 78.19 72.99 70.79 71.25 69.47 72.15 71.05 65.6 64.31 55.87 53.95 67.88 68.29 70.39 72.74 74.2 72.46 70.08 69.31 78.15 76.25 74.55 76.93 76.72 71.81 69.34 68.39 63.35 64.41 63.14 66.79 62.81 59.12 53.48 64.06 53.45 48.9 46.81 56.53 68.91 60.4 43.81 52.21 50.1 49.44 48.3 42.26 54.3 47.88 27
57.8 52.54 46.31 52.39 57.38 55.63 50.48 48.84 50.65 53.99 43.21 44.04 39.72 40.16 40.71 43.27 47.6 46.22 51.34 58.37 64.8 63.14 69.38 72.39 72.26 78.16 74.54 72.4 69.48 72.05 71.54 65.46 65.06 66.17 63.74 61.92 59.52 60.45 61.38 61.76 61.37 63.41 68.21 66.19 67.88 58.91 71.01 68.77 66.48 71.33 71.88 73.14 74.89 76.89 75.13 76.68 75.92 74.87 72.1 71.26 68.83 70.56 70.81 72.96 68.76 64.79 74.56 72.14 73.34 72.72 69.82 65.12 63.53 62.46 39.95 39.88 51.41
60.89 62.33 58.5 68.54 68.11 71.37 71.61 75.81 71.33 59.64 73.12 76.16 71.81 70.76 56.73 53.05 47.47 50.23 54.33 52.22 42.27 45.17 54.69 63.28 75.99 74.34 74.44 73.9 66.14 63.57 63.57 63.15 61.94 65.38 69.73 71.56 67.24 66.58 66.09 64.67 61.22 53.18 58.79 54.6 55.99 57.41 59.52 63.92 64.83 64.15 69.43 72.17 73.93 71.17 70.48 65.03 66.3 63.68 65.12 67.29 69.37 70.05 64.82 67.9 67.2 69.59 69.39 67.25 67.55 70.38 69.3 67.46 68.23 61.03 59.93 57.91 74.66
81.66 73.4 79.21 60.31 69.56 70.54 60.9 60.68 54.92 49.05 54.58 73.1 76.91 78.6 80.96 54.65 66.57 70.68 62.71 54.86 39.52 33.96 43.24 46.16 47.43 54.35 61.14 65.04 60.63 56.88 62.9 64.83 70.35 70.15 73.8 72.73 74.51 74.13 61.64 59.32 54.12 59.81 56.08 58.68 58.36 54.38 58.52 63.77 63.49 61.51 61.78 67.99 67.17 59.97 64.44 61.86 61.93 62.6 60.73 60.05 62.52 67.78 68.67 62.67 62.51 61.49 67.99 69.27 69.41 71.46 70.21 69.55 63.23 62.41 74.37 65.79 70.19
65.32 53.11 61.65 62.3 63.28 61.45 65.01 63.49 30.2 11.64 11.33 14.72 2.18 7.7 25.88 51.31 52.77 35.89 33.2 52.67 66.59 53.53 57.7 49.06 45.5 45.59 44.84 56.43 58.2 56.66 58.21 60.17 59.83 66.62 68.26 66.31 71.85 71.29 58.68 55.6 49.44 56.14 54.53 55.05 58.38 59.23 54.22 54.27 47.68 45.06 43.74 46.74 55.23 58.4 54.74 52.6 53.7 56.3 59.13 57.37 57.22 62.23 66.34 67.94 64.65 59.76 62.47 60.85 60.87 63.15 65.96 70.66 68.03 71.11 65.78 49.96 66.18
42.2 69.23 80.84 79.63 76.5 75.03 80.24 79.87 80 74.85 80.9 79.96 57.23 35.33 38.62 49.85 70.8 29.84 4.22 5.94 14.9 31.07 50.78 57.47 58.66 62.72 53.48 47.93 57.01 57.13 57.42 58.51 59.49 60.32 59.91 58.03 58.07 61.4 64.22 62.83 55.21 -9999 53.71 55.36 49.61 46.84 51.35 55.77 56.01 54.94 57.2 56.41 55.09 49.76 54.66 54.17 60.1 56.49 58.56 61.89 60.88 56.99 57.21 64.19 67.06 62.74 63.12 63.44 62.53 51.35 57.99 62.25 63.19 64.94 65.66 68.28 70.74
75.29 80.96 75.82 76.6 68.31 68.44 81.2 82.24 78.09 75.4 71.56 77.1 84.32 82.8 78.05 76.85 79.77 75.35 77.22 79.77 65.27 55.2 47.88 58.91 67.46 72.84 66.83 67.33 46.64 54.58 57.61 58.11 53.92 58.96 57.6 61.62 63.04 63.15 58.54 61.78 57.98 54.6 60.4 58.76 52.92 55.92 57.09 56.04 49.17 46.74 61.35 60.77 56.19 53.05 49.54 49.82 58.84 58.08 50.28 54.21 48.19 50 50.47 50.97 59.16 60.81 62.89 59.04 58.9 63.07 66.54 69.42 66.81 66.02 69.6 71.4 71.36
72.64 79.99 80.87 80.58 73.94 75.92 77.15 75.67 78.63 83.24 74.25 72.69 73.43 73.38 75.02 71.67 67.23 -9999 63.8 63.09 61.61 63.39 76.99 62.65 63.57 72.51 70.34 76.15 70.75 62.72 58.66 60.57 60.79 58.69 63.42 60.61 58.49 61.44 62.48 60.32 67.5 68.38 63.02 63.56 62.16 62.46 59.5 59.37 49.3 45.62 44.85 52.34 51.7 50.22 45.33 50.63 48.77 45.8 48.73 45.5 47.4 52.62 56.49 61.83 58.72 58.61 60.78 58.88 63.47 61.29 59.12 58.62 65.17 66.39 65.87 63.25 65.56
84.63 85.9 83.38 77.86 82.6 71.63 74.82 79.49 81.6 81.98 75.47 73.39 68.57 65.97 64.59 60.78 56.79 57.41 59.7 58.68 60.33 56.54 59.08 64.81 66.68 79.53 66.47 61.6 51.93 63.43 68.8 66.64 66.7 57.36 57.93 57.62 57.14 57.06 57.59 58.16 58.4 57.55 54.94 57.54 60.05 68.64 72.08 65.88 63.43 58.76 59.55 54.82 53.37 57.05 53.33 49.94 51.01 55.51 54.18 54.56 66.76 64.59 57.23 61.59 67.83 70.11 65.2 64.35 58.43 56.73 60.83 66.2 66.68 63.19 61.81 56.75 62.64
70.24 81.46 76.41 67.72 54.55 62.93 42.91 57.36 82.68 86.23 84.53 77.7 64.42 53.02 59.23 -9999 55.16 53.85 52.54 53.8 63.39 76.19 36.42 29.83 71.96 50.52 65.36 64.44 41.74 43.86 37.34 60.08 64.43 65.1 63.8 65.27 57.56 56.79 54.63 52.09 44.74 53.72 48.85 54.44 68.1 62.21 66.93 77.65 75.61 72.34 63.92 60.73 56.56 43.11 41.98 47 45.43 60.83 62 56.96 59.46 66.58 68.8 57.03 53.53 58.56 69.49 67.73 62.54 65.38 65.07 69.95 65.88 66.58 61.45 63.52 65.64
58.17 81.24 77.56 53.85 25.05 9.61 51.37 56.63 71.83 83.6 87.06 77.11 68.53 61.84 56.08 56.8 55.49 47.72 44.73 57.89 61.19 51.21 12.46 0.53 7.09 18.97 33.28 17.37 16.07 4.58 48.72 65.05 63.94 43.61 55.2 71.41 63.42 53.11 61.37 55.96 56.74 62.7 64.19 55.51 64.68 65.72 59.52 67.27 72.39 72.51 73.15 70.43 66.78 58.94 45.14 43.72 43.69 45.71 48.99 51.78 54.96 50.78 62.2 65.34 63.92 61.35 61.13 56.47 53.45 55.62 55.49 57.21 53.47 56.63 65.75 63.42 60.72
51.13 85.31 81 63.64 61.26 62.27 65.28 66.19 73.6 69.67 65.46 63.22 61.06 -9999 74.71 59.82 60.08 53.17 50.92 44.88 48.97 58.51 61.19 39.56 17.45 0.02 0.13 0.12 0 5.63 4.31 19.25 71.68 70.98 68.54 74.37 62.33 65.26 67.73 57.17 51.43 55.86 65.25 68.15 71.18 73.55 71.03 66.29 68.63 60.4 63.44 67.32 76.35 66.99 54.74 51.58 44.39 44.06 44.98 45.94 48.45 47.93 54.55 66.91 69.56 66.43 66.36 67.35 65.12 62.83 58.32 52.62 42.31 53.4 55.83 56.45 61.68
42.37 36.98 48.96 60.73 57.06 49.18 32.52 17.48 15.04 11.72 7.49 8.13 11.08 18.53 64.92 69.66 82.63 74.18 70.26 67.4 64.95 57.16 50.96 56.45 57.92 39.62 35.48 29.45 42.34 49.77 38.04 17.23 5.25 11.22 27.38 33.07 56.62 58.2 72.74 72.9 53.32 62.26 56.97 63.11 64.29 65.89 66.06 65.44 74.39 53.94 47.37 67.07 76.23 66.59 61.57 50.91 57.66 49.6 40.49 37.72 37.36 39.43 54.77 67.38 65.78 71.25 75.57 72.9 71.67 70.4 68.19 70.74 58.6 57.29 63.84 68.12 64.26
-9999 55.95 73.52 54.49 44.97 40.02 20.05 0.58 5.8 3.73 0 0.73 0.5 1.8 13.76 21.64 30.67 56.64 70.25 54.09 56.13 55.59 55 60.29 61.99 63.26 58.36 55.61 56.3 54.84 42.5 8.66 3.86 1.17 0 0.05 0.82 6.59 27.96 21.96 42.55 56.97 58.75 47.35 -9999 58.98 68.71 72.99 73.76 60.16 69.53 48.84 71.2 65.93 65.13 57.83 56.95 58.18 42.05 48.69 43.22 41.71 57.18 73.42 76.2 68.81 59.28 60.14 70.71 66.7 69.09 71.25 74.28 73.89 73.2 73.89 76.01
48.15 66.15 65.48 38.6 31.09 6.33 19.25 26.29 43.23 -9999 40.32 30.14 -9999 52.3 59.8 52.06 54.6 38.39 34.87 49.63 46.18 48.74 64.23 48.1 52.58 62.6 55.46 58 55.49 53.29 49.44 45.71 30.09 19.67 11.27 4 0.62 0 0 0 0.27 17.75 31.51 28.07 34.57 36.91 62.81 68.01 64.44 71.88 66.69 59.14 66.96 51.42 59.08 57.09 60.75 66.05 58.73 34.75 58.14 50.24 47.33 56.4 73.69 75.44 70.87 -9999 52.54 65.1 63.43 59.49 69.16 67.93 64.88 67.54 64.65
72.8 62.01 63.04 -9999 37.45 26.86 -9999 47.49 -9999 -9999 -9999 -9999 -9999 40.12 -9999 52.92 41.35 30.69 16.74 0.73 35.23 52.54 49.67 30.04 26.83 21.92 19.6 31.58 44.36 49.42 36.56 23.7 4.38 7.61 7.4 2.74 0.64 0.1 0 0 0 0 0.12 0 16.08 35.88 49.89 53.09 52.42 56.84 52.82 57.2 60.23 58.85 51.1 60.53 58.57 62.22 58.29 42.58 65.1 43.97 61.37 50.95 54.54 66.12 65.63 43.96 46.23 46.94 49.99 47.03 55.28 58.16 65.63 64.42 66.52
74.35 72.62 59.83 30.76 11.32 24.81 -9999 -9999 -9999 -9999 -9999 -9999 -9999 -9999 -9999 -9999 38.34 52.69 34.75 15.09 55.84 32.52 21.77 12.98 8.82 0.03 1.84 1.28 1.04 0.39 0.01 0 0 0 0 0 0 0 0 0 0 0 0 0 0.02 11.45 24.13 60.58 59.68 41.93 39.46 57.62 66.13 71.1 67.08 56.42 68.56 70.12 71.22 54.23 48.14 43.68 40.86 43.95 51.45 42.9 51.8 57.24 44.38 48.35 61.39 54.48 44.26 56.08 73.01 73.62 71.45
51.98 59.34 46.34 39.17 13.15 0.82 47.46 -9999 -9999 -9999 -9999 -9999 19.77 53.94 28.08 -9999 -9999 -9999 47.4 -9999 52.8 64 50.19 38.36 28.58 7.85 12.39 25.66 37.61 45.28 16.35 0.19 0 0 0.44 0.08 0 0 0 0 0 0 0 0 0 0.01 9.04 48.27 52.61 66.92 64.47 57.34 64.5 58.78 48.59 61.24 69.82 58.28 70.34 61.61 57.78 57.26 32.65 42.67 58.88 50.95 54.67 43.61 50.01 35.86 46.27 62.01 61.19 69.97 75.9 70.14 69.81
2.02 45.63 29.39 40.67 17.62 15.48 41.9 -9999 -9999 -9999 -9999 -9999 -9999 -9999 -9999 -9999 -9999 -9999 -9999 -9999 -9999 -9999 -9999 -9999 34.06 11.27 -9999 -9999 -9999 -9999 39.24 26.27 15.73 12.23 39.18 19.82 5.52 5.76 5.27 17.15 6.86 9.22 9.02 0 0 0 11.71 50.08 54.06 58.78 64.8 60.01 72.72 51.39 56.29 37.47 43.58 42.47 48.07 60 51.53 55.09 -9999 50.98 -9999 55.85 53.06 39.31 34.87 -9999 36.97 43.42 54.77 66.46 66.02 61.9 65.84
