resultados/variables_norteamerica/landcover_veg_herb.asc
ncols 469
nrows 225
xllcorner -169.133333
yllcorner 20.675000
cellsize 0.249840
NODATA_value -9999
[rows 34 to 67 of 225, columns 154 to 230 of 469]
75.75 76.65 78.08 75.06 71.61 73.68 73.89 70.35 67.73 69.72 68.11 70.59 72.5 71.61 71.26 73.02 73.22 73.17 72.41 71.43 -9999 63.13 66.78 78.2 74.64 75.96 75.72 71.93 70.51 69.33 68.2 63.65 67.32 64.26 64.86 67.41 63.12 65.38 66.14 48.69 45.15 59.08 63.93 -9999 47.93 63.17 69.49 71.46 74.78 72.15 70.53 66.6 59.3 60.34 70.35 43.46 51.31 61.88 56.2 53.4 59.72 65.35 54.71 47.53 51.06 47.26 44.93 -9999 -9999 -9999 -9999 -9999 -9999 -9999 -9999 -9999 -9999
75.66 76.26 76.17 76.14 73.5 73.97 73.59 71.19 70.87 75.88 73.86 73.2 66.94 66.49 71.75 61.37 57.69 70.3 57.46 65.66 71.7 69.53 70.64 69.41 69.27 79.06 77.47 81.01 78.68 75.2 70.56 68.2 64.67 66.12 65.96 64.72 60.5 59.12 60.64 52 49.52 61.97 69.04 66.13 70.46 75.71 73.53 74.63 76.67 81.37 83.84 88.71 87.67 84 80.6 78.49 70.35 63.39 65.59 67.76 72.93 -9999 -9999 -9999 -9999 -9999 -9999 -9999 -9999 -9999 -9999 -9999 -9999 -9999 -9999 -9999 -9999
79.93 78.17 80.14 77.19 75.43 74.17 75.59 72.12 70.92 72.97 76.72 74.58 68.35 71.17 71.19 72.52 68.88 74.58 60.25 55.6 60.37 61.96 59.07 68.68 68.17 68.53 70.58 65.38 79.2 81.6 80.51 77.92 78.14 77.73 77.06 76.2 73.32 71.57 71.33 72.45 68.28 71.56 73.28 68.46 71.53 74.63 76.34 77.82 79.15 75.96 80.59 83.21 85.53 87.77 85.49 87.78 82.7 84.59 83.97 83.03 76.53 -9999 -9999 -9999 -9999 -9999 -9999 -9999 -9999 -9999 -9999 -9999 -9999 -9999 -9999 -9999 -9999
69.5 67.56 71.55 78.3 77.44 73.13 74.59 69.78 71.21 75.13 73.18 70.57 72.55 71.11 -9999 -9999 -9999 70.03 68.96 59.58 56.89 61.22 -9999 46.63 60.07 64.68 67 71 70.67 66.28 75.74 77.3 64.03 61.94 79.42 80.26 -9999 77.16 71.61 72.69 76.61 79.26 68.71 69.27 67.05 72.68 74.54 65.81 56.88 55.61 73.55 80.27 74.12 71.52 75.98 82.97 84.53 83.83 84.58 86.84 86.34 85.47 83.8 78.56 80.58 79.61 80.71 75.97 72.22 65.53 69.88 69.09 71.43 64.08 75.78 66.96 62.83
64.84 63.27 73.68 75.89 80.82 77.76 73.52 68.24 67.49 70.16 71.65 71.1 74.44 65.77 73.86 71.29 42.95 -9999 -9999 53.25 59.41 68.55 57.01 54.53 61.11 61.94 66.31 67.88 62.4 65.76 73.28 79.19 74.96 76.35 77.3 78.78 77.78 78.23 79.29 78 79.79 79.4 -9999 77.6 78.22 77.11 73.34 69.15 76.31 80.36 79.46 81.9 81.03 80.66 69.68 72.77 74.47 79.66 82.9 84.51 85.3 81.86 79.64 71.84 64.64 71.09 74.29 69.4 60.27 43.31 52.01 62.69 63.21 56.96 56.61 61.45 57.8
73.87 -9999 68.47 71.17 72.63 73.07 64.65 67.99 66.31 70.49 69.33 70.64 68.43 73.01 71.93 71.25 67.63 47.22 40.84 65.55 69.32 56.34 71.86 67.36 67.87 69.18 69.84 66.88 62.09 65.83 64.58 74.1 75.72 71.38 65.85 64.46 64.17 65.15 69.14 70.93 70.02 69.15 58.17 57.44 65.78 63.68 58.59 71.4 69.46 76.91 77.12 78.58 78.22 79.32 78.91 80.65 82.69 81.93 83.29 79.91 82.76 76.43 76.92 75.69 60.73 63.53 65.95 53.27 65.48 68.87 62.08 55.55 55.51 61.7 58.69 62.83 66.07
67.15 62.82 53.75 62.93 65.57 62.2 74.02 61.45 60.8 67.23 66.85 66.6 70.19 64.86 66.24 67.48 65.31 -9999 64.98 65.51 -9999 -9999 52.39 69.22 65.61 64.06 70.16 66.41 61.13 66.07 70.61 74.7 75.24 74.82 75.86 68.93 67.31 58.28 40.75 -9999 -9999 -9999 -9999 -9999 -9999 -9999 -9999 73.79 81.67 79.72 81.82 76.61 76.59 78.77 80.04 78.99 82.08 78.47 82.78 80.16 79.1 75.66 -9999 75.06 69.06 65.79 66.71 59.71 69.52 -9999 59.35 62.15 60.04 59.69 59.97 58.42 66.93
73.45 72.03 68.74 66.58 61.08 57.68 59.13 62.45 65.81 67.33 67.69 65.61 67.79 68.16 67.43 70.02 68.85 73.48 72.79 72.1 69.79 65.03 69.36 70.8 68.68 69.47 61.23 65.42 72.84 66.25 58.31 47.82 -9999 -9999 -9999 -9999 -9999 -9999 -9999 -9999 -9999 -9999 62.22 67.47 65.67 65.18 73.18 73.95 71.77 68.9 -9999 49.55 66.98 72.9 67.66 68.75 76.48 74.85 73.94 -9999 82.83 83.75 82.98 83.49 76.45 67.93 67.91 50.21 63.12 59.41 51.47 56.81 61.63 60.09 63.13 65.99 73.01
68.85 75.17 73.51 69.46 69.21 72.03 68.16 53.83 65.84 68.13 69.22 65.93 67.87 67.55 70.03 70.38 70.86 69.51 68.08 56.6 70.76 71.1 75.55 73.29 68.56 49.19 60.52 -9999 -9999 -9999 -9999 -9999 -9999 -9999 -9999 -9999 -9999 -9999 -9999 -9999 -9999 -9999 -9999 58.65 59.43 54.57 59.1 58.83 42.15 -9999 -9999 -9999 56.04 69.93 66.29 64.47 70.78 64.8 69.13 70.03 68.98 66.29 75.34 80.46 76.57 76.56 73.65 71.44 62.37 49.04 28.34 61.01 65.09 63.61 70.14 71.3 75.83
73.66 75.1 72.84 70.43 66.25 68.02 44.17 73.46 74.52 71.03 70.9 69.24 62.18 64.46 68.42 69.71 71.14 68.45 71.63 71.2 73.36 73.21 -9999 -9999 59.01 70.19 60 64.32 68.58 63.48 43.27 65.95 60.82 58.04 66.95 72.16 61.36 -9999 -9999 -9999 -9999 -9999 -9999 -9999 -9999 -9999 -9999 -9999 -9999 -9999 -9999 55.23 61.88 57.95 60.3 60.85 67.44 66.35 67.01 64.46 62.29 64.4 71.47 74.96 74.13 73.08 79.02 75.97 70.44 66.53 50.38 62.37 68.42 66.69 66.65 66.39 70.17
74.03 70.07 76.83 77.72 74.08 67.9 -9999 56.52 69.68 69.8 64.86 68.33 66.82 70.58 59.46 68.01 68.76 67.54 71.86 72.67 75.08 74.93 68.91 65.2 68.51 68.55 67.8 67.1 65.35 60.81 64.23 67.32 65.16 -9999 -9999 -9999 -9999 -9999 -9999 -9999 -9999 -9999 -9999 -9999 -9999 -9999 -9999 -9999 -9999 34.81 -9999 54.82 57.61 56.56 59.24 58.85 62.8 66.26 65.3 65.82 70.86 69.74 70.62 69.02 71.07 72.7 74.14 61.8 71.29 74.47 72.24 65.99 57.33 -9999 69.22 69.34 60.48
76.12 74.51 72.76 72.98 71.09 63.63 64.5 60.32 59.29 63.2 67.38 62.18 56.87 67.87 66.57 64.78 58.19 65.44 70.47 67.44 62.3 59.4 69.78 67.46 69.42 69.78 67.75 69.37 67.72 61.32 66.39 -9999 -9999 -9999 -9999 -9999 -9999 -9999 -9999 55.98 55.01 -9999 -9999 50.67 61.58 65.2 65.08 64.07 48.3 60.22 52.3 44.43 60.31 58.46 56.57 63.77 67.1 67.53 66.03 69.03 66.2 70.49 64.56 67.49 68.21 -9999 72.64 60.84 68.3 73.91 66 48.47 63.19 75.22 79.49 73.47 71.08
80.62 73.41 71.3 70.11 73.8 71.36 68.99 66.15 65 70.53 69.59 69.01 60.29 55.99 49.34 51 56.99 60.27 -9999 63.79 60.92 55.69 65.79 70.1 70.97 70.38 67.48 66.06 65.83 62.46 66.28 -9999 -9999 -9999 -9999 -9999 -9999 58.73 65.73 68.23 62.83 -9999 -9999 -9999 -9999 63.07 57.48 59.98 50.51 51.75 51.62 51.45 61.49 52.33 64.09 64.64 73.45 64.05 65.82 75.31 71.68 75.49 74.74 66.91 73.69 74.02 -9999 -9999 -9999 -9999 64.78 75.27 53.48 62.87 63.57 70.02 70.87
51.54 61.08 58.81 54.26 59.53 49.63 59.65 65.65 63.74 60.91 65.79 62.94 69.78 66.91 64.64 59.12 54.77 54.11 61.91 68.69 63 62.42 64.72 60.96 59.8 64.95 67.07 66.48 66 41.45 -9999 -9999 -9999 -9999 -9999 -9999 55.65 54.79 44.09 -9999 -9999 59.13 61.27 64.97 61.36 62.85 64.61 59.81 -9999 35.64 51.66 48.42 56.61 56.02 63.45 55.49 63.69 64.48 61.98 69.03 70.31 79.14 76.8 54.39 62.92 75.83 67.82 73.48 76.74 75.69 63 69.58 68.26 54.34 67.37 58.55 59.31
41.81 54.16 57.13 53.9 59.78 56.39 54.24 54.75 55.72 49.69 51.58 51.29 70.19 70.38 67.43 68.18 68.63 71.86 68.01 -9999 57.01 55.31 48.71 64.88 59.48 66.44 68.93 71.49 64.01 71.73 64.78 66.15 59.66 58.97 65.08 62.84 56.56 -9999 52.69 60.98 63.99 64.81 57.29 61.27 65.82 63.82 68.17 62.85 -9999 -9999 61.26 49.76 54.28 53.24 61.38 61.69 49.06 65.02 67.59 70.27 70.89 72.28 66.87 70.09 70.3 65.9 73.64 69.74 68.55 70.13 61.46 -9999 75.56 68.47 59.79 70.26 59.91
42.52 36.15 37.45 52.3 52.73 64.36 54.02 49.09 51.35 48.2 56.62 60.16 53.13 65.06 69.8 74.54 74.98 68.07 64.07 64.52 60.48 56.81 48.58 57.93 66.7 68.18 75.5 71.77 68.26 68.17 71.31 67.02 66.23 69.35 66.05 58.24 45.52 61.46 59.97 59.33 60.22 59.41 61.88 59.39 54.38 60.85 59.14 55.23 61.09 62.79 55.01 34.48 46.84 54.2 -9999 61.27 56.21 52.23 54.53 49.97 64.37 63.21 68.45 71.62 77.27 73.43 70.01 65.1 68.59 71.91 62.56 71.81 69.72 71.13 73.4 69.42 68
47.86 43.48 38.63 41.64 43.57 54.87 67.92 66.73 63.88 48.63 47.34 54.99 62.11 59.46 55.91 70.97 74.92 65.88 61.88 70.49 67.79 49.57 52.97 51.96 60.08 66.86 70.25 66.5 67.29 65.88 69.39 69.86 65.23 66.01 -9999 55.07 64.15 64.05 63.58 62.4 61.3 61.12 61.89 66.28 57.4 54.98 52.23 62.82 60.61 57.36 68.51 60.76 47.88 39.47 56.41 58.97 54.44 44.42 52.29 62.27 61.29 59.97 51.72 62.59 67.03 70.31 70.05 67.94 69.17 69.02 65.67 68.64 72.18 75.59 77.65 77.06 66.65
61.94 52.29 56.69 69.59 63.81 48.12 47.28 59.93 70.7 71.4 57.76 45.83 56.05 57.27 60.38 64.26 62.52 70.17 69.01 63.34 64.11 58.89 59.14 61.77 61.44 63.16 59.53 62.96 67.58 65.71 -9999 59.26 64.07 64.08 61.94 70.17 -9999 64.19 65.94 62.09 -9999 48.43 46.55 48.95 53.49 49.81 36.05 57.13 64.06 62.87 61.42 61.95 49.65 29.26 47.98 47.82 51.95 53.13 55.84 54.99 60.66 53.59 59.09 67.01 67.82 62.5 61.7 54.59 64.58 66.27 62.49 67.31 73.77 78.46 62.13 62.83 67.98
74.91 74.04 66.96 65.23 58.5 49.37 42.53 48.09 32.07 46.61 58.26 63.96 48.55 50.72 47.29 61.23 69.1 64.91 71.08 68.45 61.12 59.5 66.32 72.31 74.52 69.17 55.88 56.28 60.83 58.25 -9999 54.79 55.23 56.51 63.05 -9999 -9999 57.1 62.79 70.2 61.99 50.85 52.91 60.18 62.69 63.68 65.34 62.62 56.49 61.26 59.04 60.74 57.6 31.92 43.22 56.68 52.23 55.43 -9999 54.45 59.86 57.51 54.52 -9999 62.35 67.06 55.86 53.3 50.21 54.67 58.38 60.05 -9999 72.24 68.68 57.17 -9999
73.44 61.07 76.02 68.4 67.54 50.15 48.86 50.19 50.2 39.83 52.71 52.87 55.13 57.21 67.82 68 67.2 65.98 63.65 62.98 62.65 62.61 67.58 73.27 71.58 70.67 69.45 56.22 60.5 64.07 58.9 58.98 58.79 55.07 59.99 64.55 61.78 65.68 70.73 71.85 68.27 66.22 65.15 57.22 62 67.62 68.3 64.82 59.44 43.09 -9999 61.27 55.13 53.71 51.51 52.71 50.18 49.44 50.52 59.54 59.3 64.22 66.34 59.25 62.48 61.29 59.32 53.54 58.78 59.01 65.06 56.68 60.62 60.46 55.48 65.61 54.82
63.53 45.29 54.75 66.7 74.07 70.21 53.29 54.16 59.01 55.79 45.23 48.86 26.75 50.79 47.95 57.97 65.16 64.33 63.07 64.37 69.29 72.03 65.57 70.34 77.07 70.94 63.89 57.05 49.04 59.4 64.06 64.79 62.16 66.04 63.23 58.88 55.96 62.03 70.78 73.29 72.8 71.61 65.94 64.89 62.02 64.59 61.25 68.31 -9999 -9999 -9999 24.05 25.65 48.85 58.63 54.79 53.49 49.77 54.92 53.19 52.39 54.71 57.34 54.79 58.53 58 54.49 55.36 58.14 57.79 59.25 58.47 60.52 -9999 62.42 62.99 63.58
66.23 64.79 49.6 57.56 55.35 72.09 62.49 65.92 63.82 60.15 54.1 45.36 42.31 48.45 59.45 54.14 65.99 58.91 33.16 42.66 66.65 68.65 65.3 66 67.93 63.93 56.02 57.09 56.11 48.04 54.97 54.26 57.08 56.74 71.11 72.46 70.04 64.75 65.84 68.7 67.53 67.63 66.28 68.22 69.63 69.51 67.24 62.17 54.37 39.93 53.78 44.56 38.62 47.34 55.99 55.51 56.09 41.64 50.53 -9999 51.65 52.61 55.32 54.63 58.63 59.91 63.59 51.62 53.26 -9999 54.83 52.99 60.54 63.84 62.26 58.12 64.14
64.29 58.98 63.65 74.02 72.38 77.6 60.93 47.45 60.12 62.42 51.38 33.77 24.29 28.35 47.83 63.74 58.69 39.39 52.04 52.76 57.65 61.28 64.83 65.86 69.5 70.4 63.3 61.87 57.79 49.97 51.34 63.13 65.33 -9999 66.49 73.35 75.1 69.28 72.06 50.28 73.69 76.24 74.43 66.98 65.48 72.13 69.25 69.21 60.36 66.48 63.59 -9999 54.96 62.45 61.01 57.26 56.56 -9999 36.02 53.65 48.75 52.05 52.48 56.39 56.04 53.49 47.07 49.89 60.09 50.89 50.93 50.32 58.29 58.73 61.64 54.78 -9999
66.27 66.81 74.75 74.09 74.92 72.23 73.79 66.63 60.4 48.92 57.05 55.47 38.44 20.11 26.58 57.11 51.81 20.41 24.52 48.79 43.63 56.72 63.97 66.73 64.06 62.14 57.95 56.55 53.14 36.69 52.75 58.92 65.65 55.4 55.03 66.52 68.57 75.15 72.21 75.41 74.06 71.92 72.04 72.94 73.83 72.29 70.28 68.43 69.07 64.3 55.9 60.62 63.42 63.93 62.05 57.79 57.22 57.53 55.75 31.04 -9999 -9999 56.16 58.28 55.95 47.69 50.02 50.75 -9999 52.15 54.8 49.34 54.98 51.16 57.25 63.45 -9999
66.92 69.2 64.25 69.4 73.81 73.41 65.01 74.01 64.66 56.78 42.44 59.3 58.14 32.85 31.1 41.81 43.23 31.87 44.6 48.66 66.64 59.29 66.96 67.45 65.88 59.16 63.54 53.6 51.53 40.71 54.77 57.77 55.03 49.74 46.62 65.27 71.3 74.7 68.28 65.12 62.88 59.48 66.47 66.09 62.49 59.94 68.15 67.96 70.94 70.6 67.54 61.24 56.73 62.91 62.98 61.07 57.54 57.71 52.31 58.6 59.03 -9999 -9999 27.65 37.57 25.57 52.32 48.99 50.78 49.56 -9999 51.41 44.07 53.77 49.55 -9999 -9999
57.84 62.1 63.65 67.51 74.52 66.11 61 69 75.56 46.28 22.73 31.52 53.81 60.56 43.37 43.79 57.03 52.6 57.92 44.52 44.88 47.16 58.92 64.18 64.12 57.15 57.52 50.55 46.85 47.24 47.86 51.6 50.42 42.46 42.74 50.17 59.05 54.99 51.48 50.44 55.67 63.35 68.64 66.98 68.61 64.19 59.24 61.31 69.66 69.81 68.21 70.58 51.61 52.92 52.56 49.74 -9999 54.99 51.55 54.01 56.88 60.72 52.11 -9999 -9999 -9999 -9999 -9999 -9999 44.6 36.61 -9999 -9999 -9999 -9999 22.06 -9999
60.92 64.58 69.19 62.2 60.04 68.71 52.07 56.6 68.84 61.48 49.04 51.07 51.28 65.71 59.2 69.28 66.04 59.19 64.45 66.88 62.23 60.65 63.48 62.13 58.98 56.67 54.24 47.76 42.72 50.99 55.52 52.51 51.22 46.58 40.21 47.14 53.22 43.13 48.02 42.88 45.38 55.37 64.32 66.73 66.59 68.47 68.12 71.12 70.26 67.81 70.08 60.64 59.17 58.85 52.01 51.39 52.1 55.29 57.64 59.54 56.06 54.8 59.8 56.48 -9999 -9999 -9999 -9999 -9999 -9999 -9999 -9999 -9999 -9999 -9999 51.9 56.7
62.84 64.64 63.81 -9999 52.25 68.37 69.86 69.46 64.09 68.12 68.82 58.16 65.24 72.67 70.15 73.01 63.67 63.27 63.84 61.76 56.92 56.98 64.98 71.08 62.79 62.76 55.39 45.09 45.7 67.57 69.61 54.59 45.1 46.24 44.33 53.01 47.18 49.33 54.74 48.77 42.78 49.38 53.76 57.07 59.17 57.41 60.26 61.84 55.13 -9999 44.2 51.54 50.12 50.59 51.23 52.26 52.57 48.72 48.37 -9999 -9999 -9999 -9999 -9999 -9999 -9999 -9999 -9999 -9999 -9999 -9999 -9999 -9999 42.15 47.79 41.18 52.75
71.94 73.46 68.71 65.61 50.81 49.56 64.69 67.99 68.26 64.69 69.58 69.23 68.96 68.86 70.78 60.5 59.81 54.37 56.68 57.44 53.81 57.26 62.09 60.32 57.69 60.7 43.9 39.33 42.27 63.9 54.56 42.14 43.69 41.62 47.5 48.73 46.22 49.07 45.47 50.66 49.25 48.65 44.58 39.45 44.3 45.19 48.12 46.21 51.92 54.13 47.18 -9999 48.98 56.6 54.82 48.78 48.7 51.45 -9999 -9999 -9999 -9999 -9999 -9999 -9999 -9999 -9999 -9999 -9999 49.87 47.62 48.84 55.71 51.61 51.17 47.95 51.26
67.34 67.91 64.6 64.79 62.86 48.25 58.14 66.53 62.81 58.54 65.03 58.82 58.95 60.49 65.47 61.06 60.92 50.19 58.64 51.61 50.22 57.21 55.98 59.8 71.84 60.05 42.78 44.43 -9999 39.18 37.88 39.13 39.4 42.82 44.82 47.56 44.65 44.17 49.2 47.46 47.24 48.68 49.44 51.51 59.01 65.68 67.09 62.74 62.17 58.79 48.68 40.35 51.82 38.14 -9999 -9999 -9999 -9999 -9999 -9999 -9999 -9999 -9999 -9999 -9999 -9999 -9999 -9999 53.66 48.89 51.41 53.93 52.08 53.7 51.77 51.98 57.76
59.19 52.34 54.91 54.73 47.67 46.4 45.86 54.56 43.78 66.4 55.57 49.61 55 53.06 50.94 55.82 56.52 53.03 55.09 50.71 49.49 52.92 61.86 62.43 67.51 55.47 48.57 42.94 36.4 36.65 36.17 38.85 45.46 47.23 47.71 49.62 50.51 49.33 50 48.22 48.12 47.28 45.18 54.04 54.63 60.96 63.36 59.44 53.69 56.01 50.36 44.8 -9999 60.48 59.83 57.61 56.15 53.45 -9999 -9999 -9999 -9999 43.39 48.29 52.44 54.65 58.51 56.33 54.99 51.16 49.81 58.01 52.23 49.92 45.12 49.11 59.54
67.28 59.41 48.85 53.5 52.45 36.84 35.92 34.12 37.53 34.63 40.97 41.78 37.45 39.59 45 48.49 37.67 41.57 38.23 51.62 39.99 41.11 47.22 54.4 68.24 47.36 34.89 41.36 35.24 40.55 37.43 41.44 43.74 48.29 50.22 48.67 41.48 21.12 37.88 54.9 54.8 49.21 44.4 49.44 55.9 57.03 55.65 52.04 57.94 62.13 53.54 -9999 -9999 56.7 62.73 62.11 59.17 54.74 56.39 59.39 59.39 60.27 58.87 57.32 50.55 46.93 52.54 53.71 55.91 53.73 57.04 53.89 51.99 57.67 50 43.95 52.8
58.4 44 32.26 39.59 41.52 40.64 41.06 32.31 32.4 32.17 50.09 51.3 45.93 45.81 36.53 33.56 32.21 30.94 31.49 31.54 29.7 33.03 33.42 38.51 46.16 44.69 36.52 33.94 32.52 33.66 34.56 38.3 41.76 43.44 45.69 46.32 41.2 39.51 50.11 50.37 51.05 47.19 53.17 47.65 50.83 43.03 45.32 45.64 47.9 46.09 41.22 38.9 46.16 45.57 43.33 55.2 59.85 67.92 65.9 59.55 61.52 49.22 51.41 42.63 47.18 39.36 44.05 47.15 51.32 62.09 53.76 58.68 50.83 57.84 61.31 50.99 53.18
67.13 50.96 35.55 32.5 31.44 34.98 36.96 37.25 33.55 35.66 38.35 42.43 40.26 32.71 33.52 31.77 39.23 42.68 36.61 33.55 30.42 26.66 36.93 31.05 33.23 30.2 36.54 30.55 31.42 33.39 33.09 32.75 41.85 42.98 47 47.5 45.44 44.17 43.72 51.02 53.04 51.91 51.6 53.48 51.46 51.95 50.51 50.03 48.71 45.72 46.94 54.88 56.01 48.15 38.98 48.45 68.86 74.75 65.47 62.18 61.03 53.15 55.2 52.7 50.58 50.79 40.47 43.56 44.36 50.3 56.09 53.01 50.6 45.04 43.61 41.76 48.43
