resultados/variables_norteamerica/landcover_veg_herb.asc
ncols 469
nrows 225
xllcorner -169.133333
yllcorner 20.675000
cellsize 0.249840
NODATA_value -9999
[rows 136 to 169 of 225, columns 308 to 384 of 469]
97.08 94.19 88.59 85.35 71.56 91.06 93.45 96.33 91.86 87.51 91.93 94.4 82.03 86.39 80.55 82.79 86.82 76.09 -9999 -9999 -9999 -9999 -9999 -9999 88.44 87.75 82.67 76.45 91.09 89.65 87.12 77.8 87.81 77.41 65.88 66.18 77.6 85.2 76.02 86.99 89.4 90.46 89.24 85.61 86.64 86.12 86.43 84.51 -9999 -9999 -9999 -9999 -9999 61.7 64.79 66.07 81.34 85.72 66.74 65.61 80.85 74.33 81.58 59.12 53.5 52.54 66.45 58.94 63.78 60.04 73.44 64.44 56.51 63.08 54.23 42.32 27.32
95.83 97.06 95.35 93.71 90.99 80.58 84.28 95.76 96.52 94.73 96.42 92.18 90.44 94.47 83.05 85 84.5 78.36 -9999 -9999 -9999 -9999 -9999 -9999 57.45 73.28 69.3 62.29 77.54 87.58 84.39 86.61 83.1 70.75 73.23 79.32 83.8 64.52 45.41 85.74 89.03 90.25 69.58 -9999 -9999 -9999 50.43 -9999 -9999 -9999 -9999 -9999 48.75 57.4 52.01 59.72 64.4 61.65 62.94 50.57 67.81 65.35 68.5 64.35 58.06 40.1 49.05 49.97 52.36 46.8 42.29 41.77 46 55.88 40.29 34.47 27.84
94.31 96 95.23 93.83 93.97 93.22 83.97 71.96 90.37 95.63 96.27 94.43 87.63 93.63 91.19 80.45 80.39 65.56 -9999 -9999 -9999 -9999 -9999 -9999 65.97 69.82 76.44 66.3 71.91 80.39 77.07 76.86 74.39 80.29 82.09 86.41 73.23 79.84 71.12 82.62 -9999 -9999 -9999 -9999 -9999 -9999 -9999 -9999 -9999 -9999 41.97 44.58 53.29 42.09 40.58 45.47 46.01 41.08 58.24 58.74 43.34 53.06 41.84 43.26 55.21 49.02 50.38 45.84 49.26 47.86 41.5 32.02 34.69 51.59 44.77 32.88 23.56
96.13 90.19 91.28 94.21 96.22 93.5 95.47 88.19 72.12 96.26 96.28 87.2 92.58 92.05 93.23 84.2 82.92 76.29 -9999 -9999 -9999 -9999 -9999 84.38 79.69 71.6 82.62 86.14 83.13 85.41 81.97 78.5 84.99 92.22 88.07 88.07 62.62 82.99 77.26 -9999 -9999 -9999 -9999 -9999 -9999 -9999 -9999 -9999 55.61 47.92 50.27 47.19 42.13 25.92 33.59 37.75 37.13 51.88 63.08 58.66 52.35 53.28 47.93 58.11 51.12 49.89 38.19 30.29 28.33 24.93 25.43 24.44 33.73 50.86 46.18 35.44 23.25
93.69 91.72 85.36 93.97 97.98 94.04 94.09 86.48 87.95 93.95 91.29 91.3 91.85 92.47 92.28 88.55 85.94 75.82 -9999 -9999 -9999 -9999 76.22 78.39 82.78 77.63 88.59 88.67 85.46 87.9 89.28 93.62 93.49 93.82 87.63 -9999 -9999 -9999 -9999 -9999 -9999 -9999 -9999 -9999 54.1 55.56 54.46 54.71 51.67 47.61 37.53 30.89 28.52 24.85 28.83 34.5 31.82 35.58 37.23 55.4 52.55 63.06 61.93 59.38 55.58 52.33 43.54 38.44 40.76 36.88 31.11 32.8 43.15 47.72 47.29 30.04 33.32
97.4 96.86 96.18 96.64 91.71 89.8 85.66 87.55 90.61 94.11 95.67 94.35 94.44 90.38 90.79 91.86 87.63 85.54 83.5 72.5 76.59 86.53 86.77 83.3 89.52 93.15 94.99 87.72 90.65 93.76 94.83 95.53 93.82 84.32 84.73 93.02 -9999 -9999 -9999 -9999 -9999 -9999 66.61 48.9 55.69 60.32 60.8 54.46 56.95 40.38 29.43 26.32 25.54 30.46 30.01 25.64 24.36 23.95 25.53 31.69 38.01 37.06 34.05 43.64 46.73 53.05 51.43 46.94 32.85 28.83 32.72 57 53.21 44.57 35.26 38.46 45.34
93.52 94.52 96.53 91.27 81.13 91.81 94.5 97.77 96.68 94.19 93.11 79.76 87.91 88.33 86.36 81.91 90.21 96.63 94.11 90.11 92.39 90.78 83.28 87.76 91.39 86.23 87.43 90.79 90.76 94.95 92.78 89.25 91.67 90.7 89.59 91.23 91.16 90.51 87.59 81.26 85.92 76.82 66.03 64.7 59.82 64.18 67.06 66.11 54.07 37.12 43.46 39.67 32.38 36.83 35.16 25.01 23.86 25.45 23.59 32.95 47.53 47.24 40.44 36.25 39.74 50.16 36.85 33.35 25.73 31.15 55.78 53.28 36.23 37.01 35.73 39.4 48.33
94.24 91.92 94.96 95.1 79.82 94.78 96.41 94.77 91.22 96.05 90.76 77.96 94.04 92.68 95.25 93.21 94.84 92.73 87.92 92.51 91.72 92.5 90.92 92.3 93.08 92.99 94.51 92.69 93.02 94.68 93.64 91.01 91.23 94.1 91.69 90.83 92.18 90.85 89.76 86.05 88.08 86.36 77.17 79.38 64.81 74.84 71.63 72.09 60.2 45.74 50.87 63.5 56.43 52.76 38.86 43.14 36.42 30.95 44.97 41.73 42.07 77.97 66.69 58.17 46.09 31.99 30.3 37.63 34.13 44.7 39.69 40.84 60.37 -9999 32.57 -9999 -9999
82.81 86.04 92.61 85.49 78.41 95.8 95.57 94.54 93.58 89.64 73.87 92.18 95.2 95.71 94.2 94.78 94.46 94.06 95.92 96.42 95.55 92.81 93.55 92.6 91.08 91.38 88.48 95.82 95.77 95.74 94.26 93.57 92.47 94.21 93.8 91.24 93.89 92.55 80.42 84.47 88.73 95.16 89.07 86.45 84.28 78.14 64.51 60.89 66.41 61.76 53.55 59.13 61.82 49.44 48.65 41.93 38.56 56.7 51.83 41.12 63.64 65.63 60.79 46.53 40.33 47.01 64.96 72.45 62.93 47.75 50.95 64.38 63.64 64.95 64.97 70.62 55.16
91.2 80.85 77.61 75.83 90.33 92.86 95.2 90.07 86.4 85.69 89.48 92.32 90.65 94.03 95.82 95.12 93.4 93.72 94.64 95.67 94.09 91.16 93.55 94.04 94.92 91.85 93.87 96.27 96.57 96.5 87.6 94.58 95.02 90.94 93.26 93.18 93.14 87.9 78.05 66.88 63.74 85.83 78.76 63.65 67.72 48.6 50.04 50.87 60.31 60.86 50.59 59.28 50.54 48.09 45.83 48.9 48.98 51.11 52.08 55.66 54.66 61.71 40.89 55.73 64.52 78.13 76.61 66.57 60.16 69.6 69.02 64.54 -9999 -9999 -9999 -9999 -9999
89.71 87.57 81.47 88.44 93.52 86.12 88.69 88.31 86.47 90.74 93.61 94.14 93.22 90.02 94.04 92.04 93.53 91.86 92.48 91.89 93.18 93.57 94.81 96.28 95.81 96.42 96.27 95.81 96.03 96.37 96.51 94.19 95.24 92.55 88.37 94.88 84.7 86.47 84 73.22 54.86 66.24 62.39 51.51 65.04 68.63 52.89 67.9 69.49 64 73.03 53.8 38.98 51.83 39.2 58.89 34.96 41.59 38.61 59.98 60.2 61.13 79.79 81.2 73.15 56.77 70.81 76.94 73.94 67.16 72.12 66.45 53.69 -9999 -9999 -9999 -9999
89.45 88.45 81.01 91.88 91.28 86.32 82.85 77.5 88.53 91.58 93.47 92.8 92.91 88.17 91.34 91.83 92.48 89.2 86.81 89.98 90.36 96.12 95.1 95.42 91.85 94.02 94.89 92.31 96.47 96.73 95.55 93.61 94 90.9 93.81 94.28 87.23 87.33 83.4 64.64 66.25 63.95 50.3 54.33 74.09 60.52 53.79 63.03 65.99 62.89 58.55 37.84 63.97 42.95 54.96 46.55 42.3 44.18 73.52 57.9 74.17 67.43 75 90.65 88.01 67.73 72.48 70.51 71.87 78.04 72 58.62 40.54 -9999 -9999 -9999 -9999
89.18 83.91 88.92 85.25 89.6 80.62 84.16 94.28 92.27 91.24 87.11 91.85 89.63 86.08 90.93 91.04 89.94 91.6 88.49 75.24 77.71 91.73 95.3 87.57 85.96 95.02 94.99 95.8 92.83 91.72 94.68 91.1 89.09 91.22 97.21 94.53 93.39 92.07 89.21 75.74 51.73 52.22 59.13 49.71 53.12 46.33 47.83 50 55.8 57.63 34.26 35.28 55.26 36.49 34.96 40.75 47.55 81.48 67.56 64.9 85.18 78.62 80.02 64.41 85.33 80.18 68.45 74.61 76.66 59.95 45.33 48.63 -9999 -9999 -9999 -9999 -9999
89.53 72.71 82.94 77.95 77.73 89.56 81.96 91.88 89.31 88.34 86.28 85.2 86.65 79.64 84.77 90.48 88.25 92.07 86.36 80.38 73.41 77.97 81.35 84.19 93.58 95.66 94.98 84.08 74.04 91.25 89.35 89.3 83.34 94.16 96.28 92.15 93.8 91.32 41.86 40.19 36.98 54.85 52.6 39.71 33.94 32.79 26.19 32.41 44.41 41.45 45.15 40.44 34.21 46.52 34.4 32.69 43.18 76.79 57.01 81.48 80.67 68.06 64.7 68.37 -9999 67.07 -9999 80.31 69.6 51.71 42.3 34.11 -9999 -9999 -9999 -9999 -9999
93.61 92.29 94.88 86.03 76.02 72.03 76.58 92.72 87.59 87.45 85.57 90.67 88.43 86.31 88.67 89.28 88.28 84.27 86.35 87.22 82.09 57.99 63.49 45.84 58.52 93.43 92.37 81.9 71.23 75.56 82.4 83.57 83.63 93.44 92.35 72.43 62.02 48.14 34.84 36.99 44.54 43.25 56.75 37.98 33.69 31.32 29.39 51.48 38.15 34.13 36.67 46.31 41.19 42.69 41.15 40.63 70.96 68.43 74.94 71.12 70.9 65.02 -9999 -9999 72.75 79.18 69.33 -9999 46.27 34.87 -9999 -9999 -9999 -9999 -9999 -9999 -9999
90.62 86.88 88.25 83.83 79.72 74.29 61.97 85.53 86.25 84.11 84.86 87.39 86.67 85.35 83.27 89.37 89.87 87.9 90.95 75.4 87.55 56.78 60.08 29.04 57.01 82.91 64.51 66.69 62.34 64.29 79.35 64.53 73.97 91.86 77.72 44.46 55.52 44.34 52.35 43.1 42.96 43.52 36.72 36.01 34.48 33.78 35.32 49.54 42.55 32.52 32.54 40.05 55.78 33.01 32.97 57.64 66.22 65.66 67.98 60.35 64.26 64.93 52.41 -9999 79.06 79.21 80.3 -9999 -9999 39.38 -9999 -9999 -9999 -9999 -9999 -9999 -9999
75.03 58.77 58.74 60.17 64.9 80.63 79.82 78.11 83.93 89.45 87.95 78.09 86.04 86.46 85.16 89.41 90.86 86.35 90.49 93.24 93.5 47.96 65.08 65.39 67.26 76.7 68.32 54.84 59.01 55.36 72.07 61 69.39 78.54 71.55 32.82 41.37 47.98 40.56 56.45 45.88 45.08 39.15 36.14 29.29 31.05 33.67 33.18 29.55 32.01 32.1 38.14 31.49 38.03 56 37.54 45.83 57.64 64.07 53.58 63.15 65.02 -9999 -9999 79.55 79.66 79.01 73.34 -9999 -9999 -9999 -9999 -9999 -9999 -9999 -9999 -9999
72.96 65.53 60.48 71.74 77.08 58.86 68.53 79.32 87.09 89.74 86.5 81.8 87.01 83.11 87.45 86.69 89.01 91.1 91.46 90.94 90.88 62.53 50.86 74.38 72.1 59.25 70.18 64.25 64.89 66.4 64.92 74.89 68.02 82.95 58.39 30.96 32.05 47.39 39.84 40.02 41.66 37.97 34.81 30.21 29.28 29.8 24.21 23.14 26.97 26.79 35.41 36.69 32.48 71.84 50.42 38.4 56.65 65.6 47.95 40.44 38.82 52.18 36.27 -9999 -9999 72.76 77.08 69.55 -9999 -9999 -9999 -9999 -9999 -9999 -9999 -9999 -9999
73.42 68.44 65.07 67.42 55.02 58.39 54.71 75.58 92.26 85.49 87.83 91.66 86.61 85.39 92.09 88.12 90.87 89.22 93.41 74.06 79.35 73.43 40.31 49.03 76.62 72.34 75.9 88.17 72.68 62.17 74.87 91.56 82.33 85.27 50.45 32.01 38.9 44.77 42.72 36.86 32.82 36.42 35.03 28.06 31.1 33.49 29.73 22.37 32.87 32.88 35.9 28.83 73.57 67.56 38.1 61.27 61.62 44.38 45.11 39.79 33.91 -9999 44.03 -9999 -9999 -9999 62.08 65.83 -9999 -9999 -9999 -9999 -9999 -9999 -9999 -9999 -9999
67.27 66.59 61.57 53.64 33.51 46.25 52.25 53.26 77.96 84.47 87.53 84.96 74.86 87.36 88.69 91.57 86.57 93.96 85.74 77.89 81.29 69.33 41.59 52.37 63.19 58.52 76.4 80.76 66.73 85.21 91.73 92.27 91.56 78.11 40.2 34.64 35.68 30.67 34.21 25.83 26.61 30.6 30.31 28.17 31.53 30.27 30.97 35.13 29.33 31.66 32.87 52.22 70.31 45.24 51.47 49.1 49.25 37.46 41.14 42.99 53.21 46.37 -9999 -9999 -9999 -9999 60.45 43.19 -9999 -9999 -9999 -9999 -9999 -9999 -9999 -9999 -9999
54.25 62.14 55.71 46.27 33.75 47.51 56.86 60.95 55.9 77.17 64.69 79.64 76.66 79.78 88.8 90.02 80.06 82.99 85.21 84.67 84.83 62.1 57.93 72.99 76.99 55.47 60.48 87.47 70.04 87.59 80 84.94 66.67 37.13 41.22 39.81 32.16 32.78 40.55 31.52 29.16 32.11 29.62 35.12 33.43 32.18 48.49 37.07 33.09 34.52 39.8 51.25 32.93 32.34 41.22 39.02 37.58 45.01 49.72 46.96 53.23 44.63 39.79 41.31 -9999 -9999 -9999 -9999 -9999 -9999 -9999 -9999 -9999 -9999 -9999 -9999 -9999
48.96 65.72 62.15 36.25 31.66 30.75 39.6 49.77 51.34 82.92 69.43 51.42 63.75 62.78 50.07 52.79 72.64 86.44 79.93 88.57 82.17 58.28 56.85 71.72 71.75 87.93 54.92 78.97 62.23 76.45 83.73 67.94 38.88 35.02 34.58 30.6 33.9 34.82 39.42 34.8 34.7 26.58 29.46 27.55 33.82 41.27 47.69 33.36 33.73 47.65 33.94 31.35 40.11 34.38 37.11 37.2 38.27 43.18 60.37 61.92 43.9 44.53 39.66 30.13 -9999 56.88 -9999 -9999 -9999 -9999 -9999 -9999 -9999 -9999 -9999 -9999 -9999
66.35 54.05 36.68 27.36 36.15 37.38 42.12 35.4 47.28 75.27 78.02 60.74 78.17 77.09 60.68 68.64 71.69 61.29 69.1 71.61 65.08 64.66 57.18 55.9 47.81 70.31 76.95 66.04 60.09 62.02 78.08 43.33 48.18 40.76 26.73 39.72 42.85 34.22 37.08 32.49 28.6 27.3 29.96 33.61 37.87 36.81 36.97 41.6 45.81 50.48 57.91 55.12 49.83 49.47 41.32 44.45 45.53 39.71 41.98 55.2 39.7 -9999 36.28 -9999 -9999 -9999 -9999 -9999 -9999 -9999 -9999 -9999 -9999 -9999 -9999 -9999 -9999
55.41 54.59 48.98 40.11 33.69 40.08 41.95 35.38 68.48 86.83 84.89 72.8 76.68 80.77 69.96 58.98 52.46 73.86 58.6 61.36 60.09 65.57 69.48 78.1 72.62 85.83 62.69 70.02 67.72 64.21 57.48 30.62 68.68 37.14 25.68 29.16 31.64 35.31 43.05 31.59 38.65 41.26 47.94 42.13 48.6 51.3 55.42 49.32 41.6 50.57 35.37 48.73 50.18 46.16 41.59 37.62 45.48 38.86 46.51 48.5 48.14 55.85 -9999 50.83 -9999 -9999 -9999 -9999 -9999 -9999 -9999 -9999 -9999 -9999 -9999 -9999 -9999
52.51 69.84 52.12 36.48 29.3 42.11 45.65 73.52 87.42 84.8 89.86 87.15 73 81.27 75.15 66.68 24.3 64.01 90.87 86.74 87.21 86.27 90.34 76.06 70.46 80.6 49.44 46.37 46.32 46.97 32.18 39.94 52.58 34.42 32.11 30.86 37.92 39.91 41.46 53.2 53.62 58.92 47.53 50.52 49.41 54.12 47.17 39.84 32.27 42.4 52.5 53.95 43.82 47.46 50.26 45.62 48.58 43.47 49.17 50.08 60.26 65.43 54.48 66.85 61.05 -9999 -9999 -9999 -9999 -9999 -9999 -9999 -9999 -9999 -9999 -9999 -9999
69.56 66.39 64.6 65.7 54.28 66.16 82.69 86.25 90.62 91.5 76.91 70.53 83.55 83.22 75.74 80.14 -9999 37.29 59.82 82.58 86.49 87.79 79.82 62.78 67.58 63.04 39.88 37.58 48.83 29.24 35.94 33.55 37.6 39.7 51.77 55.59 45.53 55.59 59.31 62.29 48.41 40.05 33.48 50.38 52.39 46.81 54.4 42.08 39.33 44.73 48.59 55.11 49.24 43.16 41.71 41.93 39.71 37.16 59.98 62.12 65.75 59.1 43.63 50.99 50.71 -9999 -9999 -9999 -9999 -9999 -9999 -9999 -9999 -9999 -9999 -9999 -9999
60.46 65.95 61.41 53.86 69.18 76.4 76.96 80.79 91.23 89.08 76.44 67.4 83.53 78.31 69.94 69.36 42.33 38.16 47.29 55.01 55.13 59.75 67.49 69.21 61.84 40.04 51.08 50.92 36.8 45.98 33.89 26.1 39.9 43.86 51.27 51.99 66.94 66.51 82.74 56.61 32.91 36.24 38.95 35.5 41.81 58.44 57.06 47.57 47.13 49.72 53.85 49.75 58.35 47.9 51.47 56.47 37.53 52.67 63.51 58.83 58.25 53.28 66.8 72.97 49.37 24.85 -9999 -9999 -9999 -9999 -9999 -9999 -9999 -9999 -9999 -9999 -9999
48.78 65.31 65.08 63.48 82.19 84.41 75.53 90.96 85.42 89.19 81.54 82.99 85.79 78.07 72.67 58.54 45.15 40.45 45.32 56.71 41.31 73.81 61.86 67.1 61.21 42.12 70.6 36.7 49.19 37.87 34.26 35.84 61.04 66.46 67.14 59.14 63.53 59.16 34.63 31.53 31.15 27.09 27.56 35.01 42.21 65.71 65.94 69.33 68.62 63.16 59.82 59.7 44.67 45.13 42.98 56.35 54.57 71.37 66.86 61.58 47.75 46.5 35.19 -9999 -9999 -9999 -9999 -9999 -9999 -9999 -9999 -9999 -9999 -9999 -9999 -9999 -9999
46.03 56.38 68.05 80.78 86.89 83.84 87.96 88.77 86.25 77.4 75.9 89.17 84.72 77.71 57.04 48.65 37.91 35.31 37.65 48.2 57.03 73.74 67.6 70.36 56.66 76.92 59.62 40.9 46.54 36.73 43.7 52.35 66.44 54.77 47.7 32.79 27.96 29.61 44.53 28.29 29.4 36.39 50.81 59.76 63.19 67.68 61.75 60.83 57.39 53.6 59.12 49.26 32.58 58 63.25 64.35 73.84 77.52 78.96 69.45 60.36 47.76 58.77 47.52 -9999 32.63 -9999 -9999 -9999 -9999 -9999 -9999 -9999 -9999 -9999 -9999 -9999
47.88 58.38 66.64 88.05 86.57 82.42 84.33 86.51 83.58 68.43 84.12 78.05 73.66 63.27 63.17 57.9 45.05 36.25 41.32 49.34 71.3 67.03 77.08 65.85 74.93 60.06 40.89 44.6 49.78 51.29 69.86 60.99 39.73 23.02 22.41 25.74 34.21 42.98 47.61 27.13 36.69 35.68 48.92 66.89 49.52 57.12 65.52 49.3 41.07 41.1 50.81 43.2 43.62 61.64 71.33 70.79 80.39 77.84 75.4 73.77 54.89 53.43 52.19 40.25 37.57 -9999 -9999 -9999 -9999 -9999 -9999 -9999 -9999 -9999 -9999 -9999 -9999
70.91 69.91 74.49 83.31 89.76 83.03 86.2 87.96 63.97 79.81 79.3 74.11 61.73 49.09 57.86 62.5 44.2 39.9 46.82 69.82 65.91 64.04 64.63 58.8 60.85 42.78 36.41 40.45 44.36 57.79 55.66 33.11 22.29 25.89 24.59 30.64 25.4 25.85 41.38 38.04 46.97 57.81 66.2 60.77 53.04 67.25 61.05 69.41 42.44 43.63 46.08 54.53 59.72 64.01 82.66 71.38 77.54 78.93 74.21 60.05 41.21 39.94 26.68 -9999 -9999 -9999 6.1 -9999 -9999 -9999 -9999 -9999 -9999 -9999 -9999 -9999 -9999
70.46 75.26 81.39 83.58 86.83 77.86 87.61 80.98 74.73 79.05 71.41 63.14 56.02 54.4 62.93 50.34 44.57 52.37 54.15 67.77 64.51 69.59 76.27 63.21 39.23 34.26 40.75 51.91 55.39 62.52 28.43 32.47 33.51 33.55 24.22 32.25 25.44 25.8 33.73 48.28 64.6 61.88 52.8 48.3 52.5 60.4 71.5 67.22 50.73 46.52 56.94 61.89 70.7 69.5 74.39 78.06 77.39 72.47 53.5 46.12 36.76 34.9 -9999 -9999 -9999 -9999 -9999 -9999 -9999 -9999 -9999 -9999 -9999 -9999 -9999 -9999 -9999
78 84.74 78.9 75.22 91.13 85.91 76.21 79.21 65.17 71.55 64.91 61.14 54.87 58.93 65.6 48.27 41.39 66.43 70.3 64.11 69.71 80.23 75.27 44.23 47.04 50.33 49.15 52.91 56.94 56.74 25.75 29.92 32.39 27.18 25.5 27.13 38.43 45.1 62.79 71.19 61.19 48.6 50.33 50.51 58.66 48.97 63.68 59.77 56.34 56.43 67.65 74.11 75.08 63.44 53.3 62.35 62.48 54.22 52 46.02 34.22 38.16 44.83 -9999 -9999 -9999 -9999 -9999 -9999 -9999 -9999 -9999 -9999 -9999 -9999 -9999 -9999
78.82 87.72 84.04 68.79 85.19 90.86 66.13 84.64 71.02 66.24 48.13 53.16 62.93 56.93 65.67 49.6 52.92 55.33 69.31 74.45 67.56 65.69 59.16 53.7 52.66 74.3 51.29 51.05 47.75 55.87 34.22 29.01 31.62 44.97 46.08 41.22 50.41 52.42 68.59 56.64 57.56 43.73 37.76 42.27 43.68 39.65 50.41 60.05 60.47 51.33 70.81 75.86 74.28 62.19 51.86 48.64 48.86 40.99 35.58 -9999 -9999 -9999 -9999 -9999 -9999 -9999 -9999 -9999 -9999 -9999 -9999 -9999 -9999 -9999 -9999 -9999 -9999
