resultados/variables_norteamerica/landcover_veg_bare.asc
ncols 469
nrows 225
xllcorner -169.133333
yllcorner 20.675000
cellsize 0.249840
NODATA_value -9999
[rows 72 to 107 of 225, columns 240 to 319 of 469]
6.78 7.96 8.38 4.6 6.62 6.95 10.06 9.55 4.88 6.61 6.62 8.47 5.05 2.99 3.63 4.55 5.51 6.15 7.41 6.17 6.83 6.54 4.88 9.04 6.25 7.63 5.06 5.64 7.6 6.12 8.92 9.03 10.85 13.18 9.2 -9999 4.94 10.69 8.69 7.78 4.56 4.73 6.32 9.1 6.66 7.77 6.57 7.44 6 10.39 -9999 -9999 6.47 7.24 7.92 7.69 4.41 3.54 -9999 -9999 -9999 -9999 -9999 -9999 -9999 -9999 -9999 -9999 -9999 -9999 -9999 -9999 -9999 -9999 -9999 -9999 -9999 -9999 -9999 -9999
4 4.57 7.07 5.76 8.78 9.24 15.44 16.83 10.25 7.03 14.1 14.38 10.02 6.58 10.22 11.75 13.62 15.7 21.06 5.2 5.18 5.82 5.67 7.95 4.35 6.16 3.06 4.89 6.87 6.85 5.34 6.73 6.49 8.18 4.75 6.51 6.4 3.65 3.58 3.67 2.04 2.75 3.29 -9999 6.73 8.39 4.41 1.87 2.63 7.48 5.04 8.08 5.72 4.65 2.99 3.94 3.14 3.78 3.2 1.19 1.44 3.52 3.15 7.53 -9999 -9999 -9999 -9999 -9999 -9999 -9999 -9999 -9999 -9999 -9999 -9999 -9999 -9999 -9999 -9999
4.41 5.05 7.2 6.21 11.41 9.27 14.37 13.41 11.2 15.25 10.22 6.56 4.4 5.24 6.26 -9999 10.13 11.38 9.75 3.6 2.7 2.87 -9999 0.4 -9999 4.14 3.58 6.7 4.22 5.21 6.97 9.05 3.72 9.93 8.54 2.84 6.42 6.44 6.33 4.09 3.07 4.01 5.4 7.86 5.63 3.45 3.19 1.41 1.72 4.34 3.19 6.09 3.48 3.06 2.11 2.5 3.05 3.02 3.43 3.02 3.95 5.79 7.84 8.37 -9999 -9999 -9999 -9999 -9999 -9999 -9999 -9999 -9999 -9999 -9999 -9999 -9999 -9999 -9999 -9999
3.31 4.73 4.1 6.38 14.84 11.35 12.41 9.75 7.79 14.22 3.29 11.23 13.44 9.87 16.16 16.15 14.12 3.83 1.96 2.01 2.67 -9999 0.94 -9999 2.98 5.2 11.29 8.14 -9999 9.59 7.31 4.99 7.47 4.94 4.37 6.35 4.93 5.79 2.85 3.16 4.95 4.12 1.75 2.39 3.18 3.84 2.24 1.44 -9999 3.88 4.87 5.74 3.79 1.96 1.11 2.16 4.36 3.33 2.36 2.42 4.1 5.4 7.42 5.78 5.59 4.44 -9999 -9999 -9999 -9999 -9999 -9999 -9999 -9999 -9999 -9999 -9999 -9999 -9999 -9999
7.66 5.58 12.35 12.21 17.1 13.74 11.68 12.63 8.09 5.95 9.4 9.76 9.4 9.68 7.8 4.97 3.22 3.51 2.16 1.69 2.91 4.28 2.29 -9999 1.97 3.9 10.5 7.6 -9999 -9999 3.69 3.12 4.33 8.59 5.76 4.02 4.71 3.35 4.06 2.27 5.01 3.93 2.2 4.71 4.42 3.59 2.03 3.26 1.83 4.83 5.46 2.36 1.29 1.26 1.68 3.44 6.84 2.54 2.47 2.62 5.02 4.58 4.58 6.28 5.92 3.64 -9999 -9999 -9999 -9999 -9999 -9999 -9999 -9999 -9999 -9999 -9999 -9999 -9999 -9999
7.08 7.82 10.99 14.31 15.25 11.08 10.14 10.02 16.14 6.01 -9999 1.5 9.58 7.94 2.89 3.84 3.31 6.43 3.01 6.37 5.53 2.84 3.73 3.93 5.03 6.67 -9999 -9999 -9999 2.92 3.16 4.97 4.94 4.41 3.48 3.84 3.21 4.14 4.49 4.98 7.35 6.72 4.48 7.03 5.77 4.37 3.17 6.88 5.43 7.54 4.79 2.11 1.74 2.78 3.85 4.47 3.43 3.85 3.48 2.4 7.48 9.84 4.13 5.77 8.11 6.78 -9999 -9999 -9999 -9999 -9999 -9999 -9999 -9999 -9999 -9999 -9999 -9999 -9999 -9999
-9999 1.92 1.27 12.33 10.33 10.43 -9999 8.21 3.7 2.31 -9999 4.64 2.5 4.14 5.43 4.82 3.18 2.56 1.5 1.38 0.87 1.36 1.76 1.62 4.03 -9999 -9999 -9999 3.91 3.31 4.62 3.65 3.36 2.87 5.17 5.49 8.11 4.94 5.24 6.59 9.63 5.07 6.52 -9999 3.78 4.78 -9999 3.2 3.69 3.95 3.1 2.19 3.66 3.72 7.11 4.8 3.69 4.03 3.1 2.36 2.76 3.6 4.3 6.05 6.74 8.03 2.58 -9999 -9999 -9999 -9999 -9999 -9999 -9999 -9999 -9999 -9999 -9999 -9999 -9999
4.15 1.71 2.51 2.24 3.97 2.78 3.67 5.61 1.9 5.04 9.02 7.22 8.36 3.48 -9999 -9999 0.7 1.46 0.91 0.99 0.5 0.74 0.48 0.48 0.44 0.84 -9999 -9999 3.41 3.01 2.92 2.16 1.77 3.43 3.76 5.11 2.32 3.33 5.36 7.21 4.88 6.3 8.84 7.1 4.3 5.01 4.09 3.99 6.77 -9999 4.79 5.24 4.52 2.68 2.24 4.09 5.19 7.56 4.29 1.62 1.86 1.44 2.92 3.83 4.99 3.81 -9999 -9999 -9999 11.63 1.55 1.69 2.1 2.66 2.87 4.1 -9999 -9999 -9999 -9999
1.27 1.03 1.13 0.68 0.63 1.03 1.68 4.48 3.13 2.28 2.15 4.53 8.24 3.57 1.87 1.29 0.71 0.51 0.29 0.44 0.41 0.28 0.33 0.47 0.21 0.88 0.45 -9999 2.32 2.55 2.25 2.06 2.11 0.9 2.36 1.37 3.79 2.22 1.77 5.46 5.59 6.66 6.59 4.78 2.61 2.59 5.38 5.92 6.88 1.83 2.14 4.05 3.55 3.19 4.06 4.07 1.46 2.3 2.27 2.31 0.4 1.25 2.74 2.66 2.52 3.02 2.05 1.28 1.38 2.2 3.1 2.21 3.16 1.98 2.11 2.86 2.23 2.36 2.7 4.17
2.2 0.92 0.58 0.54 0.3 0.45 4.64 5.2 4.7 1.18 3.17 16.88 12.4 3.7 0.34 0.32 0.55 0.17 0.2 0.91 1.41 1.17 0.87 1.86 1.91 -9999 0.48 0.15 0.29 1.78 3.1 5.62 4.32 0.88 1.92 4.35 9.28 1.44 2.11 3.56 3.36 3.73 3.5 4.89 3.85 1.5 1.6 10.62 8.15 1.56 3.61 5.84 4.8 5.75 3.47 0.91 2.57 4.91 4.3 1.85 2.09 2.09 -9999 1.26 1 1.14 2.88 1.01 1.22 1.97 1.55 1.83 1.83 1.62 2.03 1.87 1.54 1.63 2.5 2.41
0.76 0.79 0.92 0.64 -9999 0.46 4.35 8.24 10.19 0.9 1.47 2.11 1.52 0.26 0.2 0.53 0.41 0.29 0.17 1.41 5.15 0.94 0.1 0.29 -9999 1.32 0.34 1.71 0.71 2.18 6.08 3.7 0.71 7.15 4.07 5.12 4.89 2.93 5.3 4.76 3.09 1.61 4.22 3.95 3.26 1.8 1.97 2.95 4.86 3.08 4.43 2.09 3.76 2.3 1.44 2.46 -9999 -9999 -9999 4.99 0.74 0.28 0.35 0.47 0.74 1.38 1.44 0.62 1.49 1.01 0.71 0.8 3.07 1.52 1.18 0.87 0.93 1.82 1.87 2.84
-9999 -9999 2.19 -9999 3.59 3.72 1.08 3.06 3.79 0.48 2.25 0.23 0.33 2.86 2.26 0.1 0.26 0.68 0.41 0.15 4.01 2.58 0.62 0.39 2.19 1.63 2.08 7 1.28 1.63 1.75 5.91 1.87 2.57 3.56 3.19 3.31 8.1 5.28 3.08 1.96 1.43 1.36 0.93 0.36 0.75 1.53 1.93 0.88 2.6 5.4 3.32 3.92 1.38 0.64 0.77 1.83 1.66 0.52 1.56 0.45 0.39 0.84 0.95 1.26 2.1 1.3 0.64 0.93 1.41 2.29 1.96 2.18 0.66 2.69 4.17 1.26 0.77 1.92 1.56
1.02 0.87 0.87 -9999 0.17 1.33 0.42 0.62 0.35 0.54 0.34 0.25 0.29 3.56 0.46 0 0.07 0.66 0.49 1.57 4.09 3.81 2.9 -9999 1.64 1.05 4.19 2.29 5.15 4.78 1.33 1.36 1.66 2.07 4.2 3.45 3.08 3.48 2.27 5.13 3.66 2.3 0.5 0.12 0.37 2.75 0.66 1.06 1.2 1.62 1.67 2.69 1.75 1.13 0.19 0.48 0.2 1.11 0.83 0.73 1.29 0.99 1.04 0.33 0.14 0.44 1.56 1.16 1.22 2.13 2.55 2.46 1.48 0.28 1.78 0.63 0.6 0.47 0.69 0.4
1.19 0.78 0.17 0.6 0.4 0.12 0.17 0.12 0.11 0.44 -9999 0.28 0.22 0.12 0.1 0.08 0.2 0.63 3.34 3.83 5.92 3.06 1 0.9 2.78 1.89 2.43 1.44 3.59 2.65 2.18 4.53 1.47 0.91 1.44 2.03 3.17 4.72 1.81 0.11 1.28 0.78 -9999 0.78 1.38 0.79 0.87 0.53 -9999 1.93 1.14 0.57 0.61 1.87 1.06 0.58 0.93 0.79 0.76 1.22 1.24 0.97 0.19 1.29 0.95 0.66 0.64 0.4 0.25 1.23 0.46 1.3 0.53 0.94 0.18 0.22 0.54 0.92 0.69 0.43
1.6 0.93 0.08 1.33 1.67 -9999 0.16 0.26 2.55 1.4 -9999 0.55 -9999 0.13 0.3 0.43 0.15 0.68 1.23 4.75 1.87 0.86 1.5 2.48 4.36 1.39 1.2 2.11 2.19 0.77 0.77 1.59 1.54 3.17 1.33 1.58 1.85 2.21 1.81 0.78 0.03 0.09 0.18 0.26 0.86 0.73 0.44 0.96 1.15 1.27 -9999 0.3 1.81 0.89 0.21 0.7 1.49 0.73 0.7 0.3 0.21 0.44 0.72 0.4 0.35 0.06 0.52 0.11 0.07 0.52 0.94 0.52 0.05 0.41 0.31 0.24 0.03 0.18 0.32 0.27
1.78 1.29 0.63 0.47 0.4 0.26 0.26 0.08 0.51 0.3 1.74 1.6 0.15 0.49 -9999 0.84 -9999 -9999 0.27 3.36 1.33 0.06 0.37 0.7 0.98 1.66 1.61 0.54 2.07 1.39 2.1 0.52 1.6 1.69 0.84 0.12 0.64 1.34 1.19 0.15 0.05 0.33 -9999 0.52 0.87 2.79 6.72 3.54 1.46 1.83 0.77 0.54 1.42 0.39 -9999 0.35 0.15 0.44 0.3 0.24 0.69 0.42 0.39 0.18 0.23 0.08 0.25 0.2 0.02 0.14 0.02 0.05 0.38 0.32 0.08 0.08 0.03 0.52 0.21 0.28
2.41 3.27 0.71 1.16 1.46 0.54 0.06 -9999 0.2 0.19 1.43 1.99 1.46 0.38 0.34 0.48 0.34 1.63 0.5 0.13 0.15 0.3 0.21 0.34 0.4 0.15 0.58 1.4 4.04 5.4 -9999 0.58 1.42 2.33 1.15 -9999 1.24 0.42 0.1 0.04 0.25 2.28 0.99 1.98 1.23 0.59 0.11 1.39 0.55 0.2 0.24 0.73 0.69 0.11 -9999 0.19 0.14 0.13 0.44 0.56 0.06 0.31 0.29 0.04 0.33 0.09 0.06 0.09 0.12 0.35 1.23 0.97 1.9 0.67 0.04 0.09 0.06 0.06 0.12 0.21
0.42 0.68 0.32 0.79 0.28 0.52 1.76 1.12 1 1.12 0.11 0.63 1.48 0.32 0.43 0.07 0.1 0.48 1.1 0.86 1.45 0.62 0.33 0.79 0.71 0.38 0.55 0.58 1.01 1.34 -9999 0.79 1.16 0.76 0.99 1.42 1.94 1.67 2.08 0.16 0.68 0.86 0.31 0.51 3.6 1.21 1.13 1.34 1.15 0.26 0.33 0.85 0.56 0.93 0.4 0.15 0.1 0.78 0.19 0.75 0.38 1.41 0.65 0.23 0.21 0.35 1.68 0.48 0.05 0.46 1.36 1.32 1.09 0.41 0.17 0.15 0.14 0.46 0.7 0.09
3.95 2.85 6.57 1.77 1.52 0.39 0.07 0.05 0.21 1.01 0.12 0.3 0.37 0.82 -9999 1.25 0.33 3.65 3.12 0.88 -9999 1.15 0.62 1.08 0.87 0.68 -9999 0.51 0.56 1.12 0.74 0.95 0.96 0.55 0.63 1.06 1.87 1.19 1.8 1.53 1.05 0.63 1.73 2.98 3.5 1.01 0.18 0.17 0.66 0.34 1.14 2.2 2.38 1.51 1.05 -9999 0.2 0.26 0.17 -9999 1.8 1.02 0.89 0.32 0.2 0.08 0.69 1.44 0.89 0.67 0.72 0.68 1.4 3.04 2.62 1.27 0.51 0.51 0.21 0.25
8.44 8.81 7.48 4.58 2.03 0.15 0.37 0.32 0.52 0.21 0.05 0.31 1.05 0.91 0.56 0.98 0.73 0.3 0.78 0.99 2.26 1.58 0.74 2.28 1.3 2.95 3.22 2.09 1.64 0.66 2.34 -9999 -9999 2.74 3.65 1.37 2 -9999 2.48 1.88 0.71 0.34 0.47 3.32 0.94 1.05 0.31 1.07 0.46 -9999 0.97 2.08 1.91 3.57 0.98 1.89 0.17 0.33 0.12 0.74 2.57 0.27 1.07 1.44 1.54 1.02 1.78 2.07 0.9 0.47 0.49 0.55 2.24 5.59 5.31 1.67 0.18 0.1 0.05 0.33
5.78 1.99 0.31 0.24 0.4 0.79 0.52 0.1 2.49 2.04 0.17 0.01 0.29 1.13 0.76 0.81 0.83 1.06 1.16 0.32 1.47 2.24 0.64 1.43 2.24 3.98 4.58 2.8 1.74 2.69 4.91 5.89 2.54 2.76 2.45 -9999 2.81 -9999 1.71 -9999 0.55 4.26 4.02 3.33 -9999 0.59 0.5 1.4 0.31 1.9 0.95 0.97 1.46 1.1 2.44 -9999 0.12 -9999 0.19 0.16 0.66 0.41 0.3 1.17 1.32 0.22 1.32 0.84 1.39 0.32 1.94 0.54 1.35 1.14 3.05 2.26 0.94 1.88 0.87 0.76
14.6 -9999 4.61 4.62 0.37 4.62 9.53 1.28 4.76 9.49 6.75 6.63 5.65 4.69 9.44 6.02 3.95 5.82 9.36 9.63 6.44 3.09 -9999 3.57 2.65 3.18 4.8 2.97 1.05 -9999 2.16 1.75 1.98 2.14 -9999 -9999 2.92 1.83 2 3.43 -9999 -9999 -9999 -9999 -9999 -9999 0.47 0.45 0.53 0.54 0.93 0.93 1.11 4.19 1.38 0.28 0.45 0.25 0.56 2.06 0.39 0.38 0.9 0.44 1.08 0.8 0.51 0.21 0.55 0.26 0.78 0.77 0.67 1.36 1.51 0.2 0.61 0.47 0.12 0.66
18.59 18.2 15.24 12.55 11.4 7.54 -9999 3.54 6.14 10.28 13.07 14.97 8.55 10.04 13.25 14.88 7 4.78 7.55 7.82 12.68 13.4 12.74 10.08 4.42 0.17 0.01 0.08 0.25 0.74 0.32 1.62 3.44 1.2 -9999 -9999 -9999 2.4 3.44 2.79 -9999 -9999 -9999 -9999 -9999 -9999 0.75 0.73 1.04 0.4 0.84 0.97 0.42 0.48 0.96 0.09 0.72 0.08 0.05 0.16 0.21 0.64 1.2 0.82 0.21 0.81 0.73 0.87 0.73 0.79 0.44 0.56 1.09 1.01 0.68 1.19 0.24 0.25 0.36 0.43
14.87 17.6 19.96 -9999 15.44 17.84 8.21 3.13 5.63 18.04 12.97 5.8 6.73 13.01 17.68 18.52 16.24 14.04 13.56 16.92 19.66 20.7 14.69 2.68 0.03 0.09 0.14 0.66 3.16 1.59 0.56 0.71 -9999 -9999 -9999 -9999 2.41 2.46 -9999 2.82 -9999 -9999 -9999 -9999 -9999 -9999 -9999 1.26 1.39 0.35 0.18 0.9 0.23 0.52 0.21 0.19 0.28 0.91 1.66 0.23 0.14 0.51 3.84 2.47 1.18 -9999 2.53 0.45 0.47 -9999 0.23 0.22 1.49 3 1.82 1.01 0.23 0.27 2.03 0.47
19.62 15.73 17.99 21.87 24.88 21.04 21.7 17.98 20.52 24.13 23.35 15.91 14.43 25.78 24.17 17.64 23.81 26.5 22.05 19.87 21.81 17.89 9.8 10.88 12.53 4.8 5.24 7.25 4.59 0.7 0.91 -9999 0.33 -9999 1.31 -9999 -9999 -9999 -9999 -9999 0.25 -9999 -9999 -9999 -9999 -9999 -9999 0.73 0.14 1.18 0.71 0.59 0.46 1.03 0.65 0.62 0.48 0.37 1.63 3.21 0.98 1.05 0.98 0.9 1.11 0.58 0.02 0.62 0.42 -9999 0.26 -9999 0.27 1.57 0.56 1.49 0.88 0.76 0.71 1.59
26.41 26.66 24.39 16.85 17.32 23.4 22.48 24.34 24.82 25.89 26.67 22.58 26.37 23.46 24.74 18.08 16.94 15.2 14.9 11.41 11.22 7.08 5.65 9.07 7.99 6.48 2.73 1.01 0.05 0.14 0.18 0.39 1.48 3.14 1.4 2.34 0.41 -9999 2.62 3.89 0.77 0.22 -9999 -9999 -9999 -9999 -9999 -9999 0.14 0.11 0.54 0.8 1.12 2.73 1.17 1.13 4.09 1.44 2.2 1.07 0.83 1.09 0.54 1.19 1.4 0.71 0.05 0.15 1.91 0.92 -9999 0.24 0.26 1.07 0.23 1.55 1 0.75 0.24 0.67
30.2 33.83 28.98 27.21 25.39 16.15 28.54 22.2 23.86 27.89 29.1 28.84 25.88 23.78 24.93 23.48 23.33 22.76 20.87 19.66 19.32 17.28 13.05 3.07 0.35 0.46 0.77 0.31 0.36 0.07 2.84 5.27 10.5 2.96 1.13 1.06 -9999 -9999 2.25 4.05 2.37 0.95 0.56 -9999 -9999 -9999 -9999 -9999 -9999 0.08 3.68 1.26 1.14 2.08 2.35 2.38 1.5 1.55 0.77 1.46 0.59 0.26 0.1 0.03 0.11 1.07 0.69 0.25 0.44 0.21 0.07 0.09 1.85 1.35 1.58 0.54 4.02 1.17 0.04 0.79
31.96 31.84 31.73 27.66 25.6 25.99 29.57 26.33 24.07 23.78 26.08 26.91 30.58 28.99 26.06 22.59 23.6 22.98 22.3 25.28 23.2 20.79 19 14.53 4.28 6.09 10.47 8.57 5.33 6.05 12.48 9.83 8.11 1.64 1.88 1.07 -9999 -9999 -9999 0.5 0.73 1.1 0.51 0.19 -9999 -9999 2.13 -9999 -9999 0.27 0.56 0.4 0.42 0.81 -9999 0.56 0.8 0.59 0.6 0.44 0.85 0.72 0.45 0.5 1.16 0.86 0.4 0.01 0.02 0.05 0.06 0.04 0.12 1.08 0.43 0.23 2.57 0.42 0.33 0.38
39.34 39.2 39.13 37.43 33.17 29.72 30.5 30.64 26.26 19.29 21.2 25.67 31.85 29.92 24.37 22.34 23.16 22.38 25.63 -9999 -9999 21.11 17.92 17 16.25 14.96 17.21 13.04 9.93 7.17 4.85 2.45 0.04 0.28 1.22 1.05 -9999 -9999 2.37 2.22 1.77 1.13 1.25 2.22 1.55 -9999 0.67 0.41 -9999 -9999 0.7 1.12 0.92 0.59 0.4 0.38 0.92 1.2 0.26 0.11 0.24 0.16 0.69 0.25 0.27 0.18 0.13 0.01 0.01 0.02 0.01 0.03 0.32 1.09 2.46 0.04 0.66 0.23 0.09 0.24
49.72 42.34 38.07 41.49 44.04 42.29 37.49 30.57 23.31 26.41 32.46 29.88 23.16 23.12 22.37 24.45 22.6 21.39 21.02 12.17 20.35 19.71 21.34 17.93 14.51 13.64 18.12 17.78 14.64 9.35 1.92 1.38 0.3 0.34 2.51 1.54 6.24 2.34 -9999 2.3 -9999 -9999 -9999 2.66 2.01 0.96 0.75 1.33 1.44 0.73 0.68 0.69 0.74 0.42 0.51 0.28 0.18 0.27 2.54 -9999 0.04 0.05 0.14 0.03 0.03 0.09 0.03 0.01 0.03 0.03 0.11 0.04 0.04 0.19 0.09 0.4 0.11 0.12 0.06 0.06
47.85 46.45 45.63 44.18 47.02 44.99 40.61 35.89 31.39 32.28 33.22 36.55 30.07 25.3 24.9 24.56 28.65 26.86 23.24 14.35 15.26 19.14 18.25 10.3 11.67 16.84 15.59 19.09 14.96 10.53 11.4 7.09 2.2 3.25 10.71 7.56 9.63 -9999 6.21 0.62 -9999 -9999 3.47 1.4 0.8 1.71 1.72 0.6 0.52 -9999 -9999 0.72 0.74 0.62 0.52 0.62 0.2 0.27 0.15 0.5 0.65 1.11 1.11 0.02 0.03 1.01 0.2 0.88 0.21 -9999 0.08 0.14 0.13 0.15 0.05 0.48 0.32 0.37 0.07 0.07
43.76 46.73 48 43.24 42.08 34.21 30.67 31.81 35.68 22.06 -9999 24.53 29.51 28.58 28.28 26.16 27.65 21.45 28.22 24.41 19.85 21.66 18.66 15.97 18.82 16.82 16.54 18.8 16.09 13.71 10.95 8.19 5.75 8.24 9.67 8.52 6.15 2.4 5.81 2.36 3.59 7.57 -9999 1.91 1.58 3.23 5.82 5.72 4.39 -9999 -9999 2.2 1.34 0.92 0.65 0.97 0.45 0.4 0.52 0.52 0.61 0.68 0.26 0.15 1.03 0.42 0.2 0.04 0.05 0.01 0.03 0.04 0.08 -9999 0.23 0.33 0.07 0.08 0.04 0.09
42.07 44.21 36.77 40.8 40.81 27.21 30.83 30.34 25.5 30.04 32.43 30.87 26.83 26.57 29.25 28.63 24.01 24.54 24.4 24.16 22.02 20.11 20.47 17.93 20.65 18.72 17.23 18.36 16.31 12.91 10.34 10.54 7.65 2.66 0.56 0.84 0.47 0.23 5.04 1.99 0.92 3.75 6.55 4.07 2.17 1.09 2.19 3.1 2.33 -9999 -9999 -9999 0.12 0.62 0.81 0.77 1 1.3 0.38 1.14 0.35 0.5 0.67 1.13 1.05 1.21 1.04 0.33 0.35 0.23 0.76 1.06 1.47 1.6 1.25 0.1 0.19 0.69 0.94 1.12
29.27 41.65 43.53 42.05 34.22 30.95 33.45 31.78 26.86 28.05 29.94 30.27 32.94 33.34 29.26 24.05 23.15 23.07 24.16 19.68 18.7 21.47 20.95 17.88 18.44 12.67 10.98 10.73 8.46 9.85 7.1 10.38 8.64 7.32 8.45 5.16 5.55 1.69 2.02 5.01 5.37 4.24 -9999 -9999 5.67 1.75 1.24 0.59 4.43 -9999 1.25 1.89 0.65 0.15 0.32 0.75 0.86 0.36 0.4 0.66 0.95 0.97 1.65 0.76 1.9 0.63 0.43 1.36 0.68 0.44 0.24 0.03 0.41 0.03 0.02 0.86 0.78 1.2 0.23 0.35
35.7 41.3 43.59 36.3 36.9 35.09 33.32 31.87 34.34 34.66 32.63 28.42 25.7 25.78 28.88 25.92 25.29 23.6 19.77 20.75 20.34 18.92 13.97 16.91 15.66 13.12 11.03 10.78 10.58 12.86 11.29 7.73 7.99 10.89 10.56 11.78 8.38 7.34 7.42 4.81 6.82 1.88 4.33 -9999 -9999 1.24 2.96 5.51 10.23 -9999 3.93 6.26 1.27 1.16 0.65 0.86 0.67 1.41 0.98 0.85 1.17 1.62 0.7 0.27 0.57 1.25 0.56 0.67 -9999 0.2 0.23 0.46 1.28 0.12 0.14 0.54 0.32 0.34 0.31 0.58
34.56 42.84 43.59 41.24 37.37 37 32.04 31.34 33.66 34.61 36.75 32.19 -9999 -9999 26.56 28.86 28.45 29.06 24.16 22.19 20.82 17.41 17.77 17.77 17.61 14.64 14.07 12.58 8.87 7.28 10.47 9.24 7.79 9.87 13.08 12.24 10.38 10.99 9.94 5.31 5.78 6.74 11.42 10.78 6.57 8.32 11.49 10.91 9.32 6.94 6.12 3.11 2.01 1.39 1.28 1 0.71 0.47 0.62 0.98 0.63 0.39 -9999 0.44 0.61 0.64 0.45 0.4 0.31 0.5 -9999 0.05 0.01 0.06 -9999 0.52 0.34 2.5 0.25 0.3
