resultados/variables_norteamerica/landcover_veg_bare.asc
ncols 469
nrows 225
xllcorner -169.133333
yllcorner 20.675000
cellsize 0.249840
NODATA_value -9999
[rows 36 to 71 of 225, columns 80 to 159 of 469]
19.07 25.11 23.41 12.02 10.85 11.32 11.37 10.03 13.54 19.1 10.22 8.02 8.96 7.85 7.12 10.39 9.1 6.8 7.33 6.87 6.26 6.39 4.5 5.42 4.52 5.73 4.72 5.71 4.93 4.57 5.26 6.15 4.46 5.52 5.27 4.28 5.77 4.03 4.49 7.35 7.33 7.13 3.62 5.58 6.27 5.31 12.81 24.92 22.3 21.41 25.01 11.74 19.77 14.71 6.33 2.33 2.2 2.24 4.46 7.14 3.1 1.71 7.29 11.75 8.54 7.42 6.08 5.51 5.31 7.04 7.08 6.71 6.72 9.92 7.7 7.74 7.29 7.91 9.17 10.86
20.89 31.04 15.31 16.12 11.5 7.17 6.45 6.95 5.97 5.05 5.9 4.95 5.54 4.48 3.08 4.2 3.38 4.68 5.82 4.55 6.82 6.57 4.67 6.14 6.51 9.43 11.44 10.45 6.69 9.39 9.52 5.96 6.77 5.96 8.63 10.84 10.15 3.19 3.96 2.99 2.16 4.09 3.62 4.95 4.56 4.15 6.03 10.16 10.23 8.48 20.25 31.26 12.36 4.27 3.26 2.12 2.17 3 3.56 5.8 4.47 5.1 10.67 12.77 17.62 16.51 11.95 6.3 6.1 10.48 8.72 8.56 8.04 10.47 6.53 7.68 9.9 9.31 6.8 4.77
9.44 5.53 9.21 7.21 4.83 4.8 7.89 10.54 3.9 4.95 3.21 1.88 1.37 1.5 2.88 2.88 6.01 7.12 4.09 3.96 3.03 4.46 4.84 5.3 8.93 4 5.38 5.15 3.09 3.53 3.56 3.15 4.1 3.73 4.52 4.69 4.71 3.76 3.44 2.43 3.14 4.37 4.58 4.53 4.58 4.09 2.73 3.49 2.65 2.11 9.38 18.97 16.49 8.13 3.07 1.91 1.72 4.26 5.1 6.1 5.52 4.35 5.62 5.64 6.06 5.78 6.18 7.03 7.82 7.32 4.67 5.98 7.59 9.5 10.88 6.17 4.34 7.93 8.56 5.28
10.97 8.23 6.07 7.72 7.97 4.87 3.55 2.89 5.33 3.67 3.96 2.53 1.95 2.54 3.7 6.23 7.36 6.63 6.56 3.29 8.31 7.11 9.28 11.61 4.6 1.87 1.64 1.29 2.2 2.21 3.06 4.53 5.11 8.91 5.96 6.13 4.1 10.77 7.46 6.89 4.16 3.62 2.69 2.86 1.78 1.92 2.11 2.5 3.01 1.81 4.25 18.73 12.91 9.75 2.74 2.41 2.62 3.06 6.62 7.65 7.96 4.69 4.33 4.02 4.94 7.69 5.61 5.94 8.04 6.84 3.99 3.55 6.17 4.78 8.48 -9999 2.67 4.2 5.56 6.42
7.74 2.57 2.27 4.8 7.95 7.99 5.99 4.82 4.32 4.69 5.37 8.91 4.07 3.55 3.23 3.85 5.55 7.05 7.23 4.93 4.56 5.18 4.22 1.25 1.78 1.43 2.44 7.75 7.6 6.89 5.77 8.82 20.16 10.68 5.54 5.18 9.06 5.15 3.75 7.97 4 3.38 2.67 2.84 1.78 2.07 1.55 0.97 2.08 2.42 3.33 11.37 17.66 6.6 3.17 3.06 3.28 4.07 5.81 6.37 6.08 5.78 3.94 3.76 7.54 9.92 11.04 7.83 11.32 12.93 9.76 10.89 7.79 10.65 8.06 8.01 7.32 8.47 7.35 8.5
3.83 2.79 3.16 5.51 4.35 5.56 7.51 6.88 7.51 7.02 7.32 7.56 5.08 5.47 3.45 3.65 3.92 3.9 3.93 3.26 3.27 2.42 4.6 3.04 3.25 2.93 3.22 10.64 8.33 4.67 3.3 7.52 3.5 2.49 6.65 8.42 3.52 5.88 3.82 5.91 2.7 3.19 2.05 1.56 1.62 1.05 0.92 0.88 2.47 4.52 4.94 8.48 16.31 13.9 4.61 3.82 3.5 2.42 3.05 1.94 3.34 8.35 6.31 5.52 5.77 5.63 7.07 6.52 9.35 8.46 9.76 10.67 11.67 10.37 6.44 9.04 8.12 7.95 8.49 6.82
2.84 1.65 2.31 2.58 3.25 3.9 4.53 4.39 3.7 2.81 2.34 1.69 1.54 2.05 2.3 3.37 5.32 7.12 4.47 1.87 0.55 1.11 3.24 5.44 3.08 1.16 0.5 0.11 0.47 1.22 0.56 0.39 2.14 4.67 6.56 10.23 8.91 16.56 16.98 12.57 2.28 1.89 1.85 1.95 1.35 1.41 1.65 1.65 3.33 3.39 2.79 4.57 14.06 24.28 7.21 4.74 5.74 4.2 2.61 3.54 4.93 7.8 8.73 7.45 5.19 5.35 5.11 7.94 9.93 9.13 7.07 5.26 3.34 1.63 2.57 2.62 3.16 3.53 3.14 4.66
6.58 -9999 5.38 5.21 4.99 4.92 7.4 6.33 5.42 2.2 4.21 2.9 4.1 3.81 4.47 3.28 3.08 3.52 5.07 4.91 1.14 1.07 1.06 5.55 5.65 3.01 0.58 1.1 0.52 0.66 0.26 0.56 2.99 2.08 6.77 9.49 10.06 11.82 31.03 16.99 3.05 2.88 2.08 1.73 1.69 1.47 2.81 3.6 3.39 2.78 3.51 2.62 3.35 9.42 8.9 3.4 2.56 2.42 3.13 2.77 3.66 6.67 6.06 1.9 3.27 4.64 3.27 3.71 3.33 2.54 2.1 1.82 2.4 2.61 2.36 2.68 1.66 0.96 0.95 1.86
2.25 4.73 5.52 6 6.48 8.17 7.09 6.53 9.37 7.51 6.42 5.96 4.98 4 3.24 3.07 4.84 7.14 4.66 2.2 5.47 10.54 9.44 4.17 0.63 0.77 0.65 0.69 0.41 0.2 0.29 0.8 1.95 2.99 4.12 12.42 6.97 9.76 26 12.47 6.88 8.56 2.07 1.96 1.99 1.88 2.68 2.72 2.79 1.85 2.82 1.92 1.85 1.73 2.81 3.1 4.39 4.41 2.7 1.82 2.36 1.14 0.96 2.58 1.9 2.59 1.53 2.06 2.12 1.09 1 2.34 2.17 1.84 6.13 3.05 1.97 2.14 2.08 6.55
2.77 2.35 1.55 1.99 5.27 5.29 8.25 9.8 12.61 12.52 11.72 7.6 6.07 6.84 7.55 4.61 3.6 2.64 1.71 1.35 4.57 3.8 2.14 2.96 2.14 2.85 1.26 1.15 5.02 3.02 1.8 2.36 6.91 3.61 12.54 15.15 18.42 12.77 24.41 20.01 20.21 18.8 5.74 7.77 9.67 21.93 24.98 24.16 17.99 7.15 3.56 2.56 1.58 1.26 2.7 3.17 3.08 3.56 7.93 5.64 3.41 3.78 3.9 11.87 12.19 9.94 9.9 9.58 3.56 3.57 2.83 2.95 2.48 1.83 2.26 2.22 2.93 1.73 1.92 4.6
1.44 1.43 0.46 0.82 3.44 5.77 4.38 4.02 3.23 5.33 9.5 7.24 9.1 7.21 6.57 7.13 5.59 5.68 3.51 2.18 5.36 6.34 3.45 2.97 1.86 2.42 1.24 1.05 2.44 7.55 0.98 0.92 5.39 6.88 9.34 15.15 13.67 7.18 9.96 8.96 8.47 12.19 17.18 7.42 8.76 13.96 12.15 12.45 12.14 12.52 10.83 11.06 21.04 24.25 6.89 6.57 3.75 3.98 6.84 15.82 23.73 37.46 33.77 21.11 27.08 30.01 24.7 31.01 40.21 38.78 35.62 16.84 13.26 15.66 9.6 16.84 19.33 17.27 10.92 8.45
5.09 1.66 0.35 1.01 0.64 0.65 1.38 2.79 1.16 1.7 4.8 3.45 2.97 4.95 4.02 5.61 9.9 20.09 12.45 10.08 10.49 9.05 11.87 6.58 8.62 3.66 1.95 0.93 0.87 1.61 1.29 8.44 8.8 3.72 4.53 6.77 7.32 6.95 8.26 11.17 14.91 14.14 12.59 21.01 24.24 33.45 33.6 24.57 26.53 25.88 21.31 23.98 28.9 28.83 33.15 26.12 18.29 28.01 23.39 12.79 20.12 23.64 43.13 38.37 19.58 39.57 45.33 53.64 43.85 24.88 39.25 22.76 35.31 50.14 46.98 36.6 37.79 42.79 36.2 47.76
4.36 1.52 0.74 1.06 2.35 5.94 3.87 1.82 0.72 0.38 0.94 2.08 2.67 3.12 5.18 3.88 9.41 13.29 5.54 8.33 16.68 26.45 12.44 9.62 11.16 21.93 17.11 7.86 6.56 11.26 1.98 2.59 1.83 2.32 4.23 11.11 18.08 16.59 25.42 36.57 29.5 19.35 13.35 9.59 16.41 17.18 11.72 6.23 6.51 10.15 18.04 23.68 25.98 27.63 26.4 47.49 57.74 41.63 31.42 42.53 53.46 32.33 34.35 43.89 48.22 47.74 36.63 52.34 45.79 40.22 43.47 30.55 48.44 56.11 56.25 41.44 38.28 42.46 33.41 37.21
2.35 2.48 3.18 10.79 6.79 3.49 5 3.27 3.21 0.48 0.82 1.42 1.42 2.83 2.63 2.16 3.25 11.78 8.32 12.23 11.31 11.34 7.69 12.56 7.9 4.33 3.37 4.3 4.29 6.44 4.85 2.92 1.97 3.94 5.21 7.75 8.73 8.01 7.06 15.35 19.78 24.22 25.73 14.5 17.83 16.63 12.25 8.46 15.77 22.51 23.36 29.32 26.23 25.29 22.39 29.92 35.58 41.4 25.22 40.05 47.03 48.79 33.7 19.83 32.9 52.41 43.71 46.3 48.09 49.93 54.39 37.79 46.57 71.86 54.95 62.09 60.93 42.6 41.51 27.04
1.75 6.82 5.03 2.59 2.25 2.26 2.39 0.84 2.14 2.42 1.84 2.1 4.09 2.11 1.33 2.01 2.49 2.32 3.8 7.17 12.93 21.51 12.44 4.22 5.08 2.97 4.56 6.36 11.35 7.17 2.25 1.69 1.84 2.58 5.46 3.55 10.31 6.77 7.4 4.95 4.95 20.53 28.15 16.64 19.31 25.41 20.29 19.57 13.9 12.65 12.66 10.61 12.44 16.04 8.32 7.86 7.73 7.52 12.16 10.92 8.4 12.81 23.53 11.02 12.61 9.87 15.56 21.28 27.56 31.87 33.58 58.7 58.49 46.3 48.67 52.04 57.16 51.76 50.71 38.84
2.8 4.54 5.97 5.86 7.96 6.3 10.29 3.34 2.72 2.99 2.69 3.49 4.77 7.88 4.31 4.82 3.64 2.78 0.85 3.34 7.97 9.13 4.78 5.49 7.43 5.94 3.81 3.21 4.45 3.55 2.48 3.21 3.65 2.98 1.87 2.13 2.11 2.34 2.67 2.94 2.47 1.76 1.99 3.09 5.16 2.7 4.41 10.71 6.45 10.42 7.11 5.27 3.19 2.56 4.15 5.57 7.08 8.14 9.05 2.71 4.42 6.84 4.56 5.52 3.3 6.1 8.01 12.64 20.73 22.14 31.73 33.26 37.52 22.24 34.47 44.36 38.75 20.51 27.82 45.13
13.05 7.8 18.65 33.71 31.77 36.48 47.29 39.54 17.38 12.65 9.01 5.97 9.01 8.8 9.11 10.45 6.35 3.44 1.19 1.64 1.55 2.06 2.1 2.64 4.21 3.58 2.51 2.78 3.1 3.87 4.17 5.79 4.25 5.49 6.9 2.45 8.69 7.17 1.37 2.12 4.92 2.37 1.39 4.18 5.6 3.16 4.3 2.86 7.38 7.24 3.58 2.77 1.88 3.61 2.95 4.38 10.69 3.83 4.79 3.6 2.28 1.6 1.37 2.17 3.89 7.77 4.53 4.2 10.81 25.94 25.83 13.44 28.21 25.17 18.36 21.06 27.85 28.6 34.03 46.28
28.54 12.7 26.36 22.67 29.09 67.97 88.06 88.45 84.78 97.68 91.49 72.81 34.42 32.69 61.35 62.71 36.92 20.18 28.94 6.03 2.93 2.31 1.72 1.16 2.92 6.64 4.25 3.1 4.41 8.25 2.8 2.03 2.76 2.85 3.22 2 1.47 2.91 1.66 7.04 2.27 1.73 1.56 2.41 2.29 1.53 0.91 1.01 0.72 0.98 3.66 1.55 1.14 2.39 2.74 2.09 3.4 3.96 4 5.23 3.77 2.62 3.88 2.36 1.97 1.45 2.76 1.83 4.26 2.23 11.43 23.01 45.09 22.21 12.58 30.84 19.12 27.1 27.22 47.69
10.57 13.79 16.71 9.01 11.16 10.34 15.98 11.7 14.51 40.57 62.92 60.15 47.5 20.27 68.33 95.71 93.78 84.02 65.67 40.99 31.67 23.66 15.29 3.59 3.16 8.07 4.77 2.77 2.49 1.67 2.53 6.32 6.3 4.23 3.51 5.87 3.36 2.44 -9999 1.21 1.46 0.95 0.79 1.88 1.47 2.06 2.85 3.6 8.66 9.62 1.89 1.57 3.56 3.26 2.38 2.86 7.5 5.47 3.53 1.38 7.55 4.79 4.82 10.21 5.77 3.46 0.97 2.18 2.19 2.5 5.34 9 4.46 9 25.17 48.83 42.24 29.33 20.47 20.85
18.78 28.64 27.68 12.39 12.48 15.17 8.6 14.16 10.95 9.61 9.98 13.91 11.83 10.09 8.53 14.08 13.41 24.59 34.59 46.69 31.25 18.34 13.98 4.86 4.36 3.3 2.87 3.16 3.4 4.34 4.9 3.99 2.09 3.88 5.37 6.86 4.83 1.35 1.66 1.71 0.89 0.66 0.91 2.5 1.78 2.17 3.14 9.26 9.17 4.27 1.35 2.11 1.83 8.8 12.62 1.28 1.91 2.67 1.68 1.66 2.39 3.15 4.12 5.24 3.5 3.97 5.29 4.05 3.76 3.86 6.83 7.29 7.24 6.21 16.94 16.87 43.36 37.73 41.35 22.98
5.35 7.88 3.73 4.77 6 8.2 5.48 3.15 2.88 3.84 4.39 7.56 4.85 3.52 -9999 3.2 2.4 1.75 1.82 8.62 21.77 5.88 6.45 8.37 10.11 4.13 2.12 2.6 3.3 3.98 4.23 4.83 3.83 2.41 1.31 4.02 12.63 4.89 3.47 1.9 3.26 2.53 2.48 1.33 4.32 2.49 2.24 1.64 2.76 3.56 3.22 1.42 1.24 2.65 2.92 2.85 1 1.61 1.32 4.28 5.61 3.98 4.2 4.57 3.6 7.16 2.69 3.2 1.96 4.18 4.04 2.05 2 1.34 2.38 21.29 21.18 14.93 13.79 7.82
6.29 6.82 23.62 21.36 13.83 12.28 2.64 1.39 1.91 1.83 2.6 1.99 1.84 2.27 2.22 2.18 1.64 2.28 1.31 4.61 5.6 3.14 5.33 24.33 30.03 39.03 10 5.29 3.01 3.83 3.93 4.25 2.87 2.33 2.49 1.96 5.79 4.38 3.57 1.62 1.09 2.02 7.81 5.81 8.37 5.29 4.66 10.21 13.02 13.58 8.87 3.88 1.96 5.81 13.01 4.9 1.52 6.47 11.72 2.88 4.62 7.48 8.13 4.83 5.16 2.31 2.32 5.5 4.84 10.93 4.32 6.24 2.27 2.45 3.39 3.18 2.73 4.14 10.07 15.05
27.34 42.6 30.82 55.58 40.71 13.5 7.85 5.89 2.38 1.86 1.94 1.99 -9999 2.09 2.23 2.2 3.46 2.57 8.34 61.83 69.17 17.62 40.96 24.76 18.86 40.31 47.42 59.41 26.97 13.3 9.25 6.77 3.5 2.54 3.96 5.02 2.69 2.2 3.01 1.86 2.07 7.47 6.46 5.03 8.97 6.67 6.22 4.38 6.13 3.43 3.3 2.26 1.64 2.52 12.17 3.42 2.21 2.74 8.4 9.51 2.69 1.69 4.19 8.44 9.63 4.57 8.16 5.94 13.5 6.35 4.86 6.23 3.58 4.24 3.77 3.61 1.87 3.72 8.74 14.57
42.14 73.23 89.99 44.43 41.73 25.39 13.69 7.7 2.61 1.54 2.31 4.12 1.56 1.4 2.16 1.97 2.12 31.29 43.04 86.64 99.37 91.88 80.07 63.75 80.51 81.71 95.16 44.35 18.05 31.46 52.86 39.85 8.8 9.55 8.04 4.28 3.14 4.13 2.64 2.74 2.49 4.32 5.12 5.03 4.83 5.33 6.07 6.7 7.49 4.11 2.79 1.68 1.23 2.82 3.48 7.26 5.14 3.24 1.6 2.67 4 7.8 13.39 6.13 3.99 2 3.92 3.17 6.01 3.13 2.23 5.35 5.23 2.39 2.74 3.89 4.22 4.21 9.12 21.87
26.55 24.89 15.39 18.58 22.36 13.51 21.29 23.96 20.92 28.86 -9999 4.76 2.75 2.33 2.46 2.36 1.93 2.65 4.24 24.76 53.82 80.51 99.97 99.87 99.88 100 94.18 95.56 79.55 22.56 16.9 13.5 9.02 6.63 9.87 6.54 3.07 5.49 3.07 5.34 5.54 8.22 7.95 6.39 6.2 9.97 4.67 6.87 10.85 7.72 5.62 4.07 3.5 1.43 1.19 2.47 4.25 2.62 2.39 1.64 8.89 10.74 21.94 25.55 14.48 13.89 6.3 2.64 2.28 1.18 1.9 2.15 3.55 3.13 1.93 6.91 5.53 1.68 4.46 12.48
3.42 25.1 45.38 64.36 80.94 83.57 86.93 91.68 91.25 87.19 78.32 29.87 9.18 9.33 7.45 4.23 10.45 19.93 7.19 4.12 12.54 26.24 55.44 56.74 66.98 51.93 40.52 58.07 81.73 94.32 86.5 65.16 59.09 31.4 21.35 13.63 11.92 7.08 6.48 7 11.11 14.92 13.87 25.88 28.63 16.34 5.54 3.43 8.41 11.93 10.79 6.57 3.39 3.89 3 0.98 0.72 0.74 0.39 1.71 8.13 3.46 6.92 13.75 10.32 19.38 14.02 16.42 11.24 11.42 4.2 3.5 5.13 3.63 4.21 2.84 2.6 -9999 0.99 7.81
34.02 45.06 38.23 77.93 99.39 92.06 96 100 99.25 99.48 98.15 85.11 76.31 67.2 36.9 20.26 38.53 26.87 33.76 36.79 14.14 8.18 13.41 7.88 3.28 7.03 26.62 52.54 90.8 95.89 98.8 100 99.94 99.09 93.03 69.98 76.43 42.92 32.18 21.52 15.79 -9999 12.46 24.23 22.48 20.11 7.14 12.78 4.36 11.59 12.26 5.9 4.56 6.83 8.64 5.43 1.72 1.16 0.93 2.35 14.46 10.85 4.84 4 5.98 13.15 4.16 10.95 6.43 7.29 14.15 11.77 15.09 12.49 15.09 13.41 8.92 5.24 3.04 1.02
54.44 63.22 93.11 53.73 31.28 33.71 -9999 43.76 51.97 -9999 17.45 21.3 39.04 39.15 58.55 61.76 37.97 32.89 36.54 20.68 45.24 39.38 29.72 37.7 27.47 14.94 24.97 30.86 40.01 60.41 76.98 87.22 95.65 99.36 100 100 100 99.7 79.49 62.5 69.1 59.87 13.57 6.57 8.05 10.53 14.89 8.34 5.76 9.41 3.64 9.13 5.94 4.89 7.58 4.44 1.09 3.72 1.98 1.35 7.3 10.36 15.53 10.79 -9999 0.91 3.65 2.1 1.56 4.09 3.15 6.25 5.57 15.12 12.04 14.42 11.97 4.39 2.67 0.78
-9999 49.81 46.35 -9999 4.17 -9999 -9999 -9999 -9999 -9999 1.74 -9999 17.36 48.82 62.45 81.45 99.25 55.2 24.41 44.8 67.68 70.14 75.47 79.22 63.14 44.65 46.17 59.06 74.81 95.26 91.5 91.85 97.14 99.35 99.9 100 100 100 100 99.88 100 82.16 58 39.62 21.67 21.55 4.54 5.01 6 6.89 5.11 2.55 6.26 6.2 6.35 4.05 3.3 7.08 1.49 5.38 2.08 2.06 4.37 4.92 0.87 0.98 1.56 1.61 2.11 3.46 1.82 2.45 4.29 4.22 2.76 1.5 1.05 1.87 1.37 3.21
64.7 81.08 53.86 -9999 -9999 -9999 -9999 -9999 -9999 -9999 -9999 -9999 -9999 2.19 13.43 47.29 75.32 17.88 53.44 71.51 85.67 90.14 99.97 98.07 98.69 98.94 99.6 99.99 100 100 100 100 100 100 100 100 100 100 100 100 100 99.98 87.28 74.7 23 16.64 47.38 23.97 8.45 5.03 15.96 13.11 10.19 22.45 17.25 10.06 2.99 2.81 1.8 1.19 1.21 3.48 1.01 3.25 3.08 1.89 1.53 3.05 3.53 1.62 4.72 6.9 14.09 11 9.11 2.56 1.03 0.98 1.11 0.52
54.52 83.99 99.03 30.42 -9999 -9999 -9999 -9999 -9999 2.7 2.87 0.16 -9999 -9999 -9999 2.8 -9999 0.26 3.11 0.8 6.12 54.18 89.77 83.81 55.72 47.61 47.26 82.3 99.81 100 100 99.55 99.92 100 100 100 100 100 100 100 100 100 99.99 90.59 45.9 38.86 12.67 18.83 12.26 14.06 29.43 13.68 19.77 17.54 34.11 14.22 8.19 4.52 2.87 0.92 2.29 2.92 1.05 1.89 1.4 2.19 0.92 0.68 4.92 3.7 9.44 9.08 7.88 10.17 3.89 1.19 0.41 0.85 1.29 1
39.12 75.37 74.26 3.99 -9999 -9999 -9999 -9999 -9999 -9999 -9999 -9999 -9999 -9999 -9999 -9999 -9999 -9999 -9999 -9999 -9999 3.67 35.37 -9999 -9999 -9999 -9999 10.7 41.01 68.67 72.2 29.23 76.02 92.14 93.44 94.39 81.32 92.36 70.06 89.36 100 100 100 87.88 44.51 39.7 34.85 15.6 17.2 17.46 46.05 33.98 47.28 46.76 52.51 44.79 14.76 11.38 6.31 -9999 4.17 -9999 1.61 1.98 0.53 0.79 -9999 0.58 1.12 2.07 8.72 11.26 3.07 8.62 10.56 1.98 0.44 0.38 0.32 0.67
-9999 -9999 -9999 -9999 -9999 1.02 1.51 -9999 -9999 -9999 -9999 -9999 -9999 -9999 -9999 -9999 -9999 -9999 -9999 -9999 -9999 -9999 -9999 -9999 -9999 -9999 -9999 -9999 -9999 -9999 -9999 3.98 35.66 82.43 79.85 63.81 31.52 -9999 39 25.04 72 98 100 88.33 51.92 74.88 83.99 13.97 19.51 40.45 31.89 55.51 61.86 68.33 83.23 46.08 20.25 18.33 19.66 8.94 3.03 0.97 5.64 10.53 9.29 2.52 3.11 0.12 0.56 1.54 6.38 7.45 9.98 9.81 13.67 6.24 1.94 0.59 0.49 0.42
-9999 -9999 -9999 -9999 -9999 -9999 -9999 -9999 -9999 -9999 -9999 -9999 -9999 -9999 -9999 -9999 -9999 -9999 -9999 -9999 -9999 -9999 -9999 -9999 -9999 -9999 -9999 -9999 -9999 -9999 -9999 -9999 -9999 -9999 -9999 -9999 -9999 -9999 0.44 6.4 59.77 72.61 89.63 95.08 46.93 39.71 35.02 30.85 36.77 75.78 42.89 32.48 18.39 59.09 73.52 32.34 58.96 39.77 37.46 10.88 8.02 -9999 5.55 9.23 14.53 8.21 10.45 0.16 0.18 1.01 14.08 15.16 17.17 11.97 14.23 23.79 22.59 5.77 3.72 0.69
-9999 -9999 -9999 -9999 -9999 -9999 -9999 -9999 -9999 -9999 -9999 -9999 -9999 -9999 -9999 -9999 -9999 -9999 -9999 -9999 -9999 -9999 -9999 -9999 -9999 -9999 -9999 -9999 -9999 -9999 -9999 -9999 -9999 -9999 -9999 -9999 -9999 -9999 -9999 2.73 8.78 30.85 59.2 30.98 71.13 81.77 62.74 -9999 85.08 -9999 93.13 52.46 27.98 23.39 27.23 44.62 67.55 92.56 58.47 44.07 20.27 6.73 3.39 2.1 5.71 11.35 3.24 1.19 1.04 3.69 8.5 15.89 15.25 8.21 25.26 23.21 28.68 24.92 10.2 5.85
-9999 -9999 -9999 -9999 -9999 -9999 -9999 -9999 -9999 -9999 -9999 -9999 -9999 -9999 -9999 -9999 -9999 -9999 -9999 -9999 -9999 -9999 -9999 -9999 -9999 -9999 -9999 -9999 -9999 -9999 -9999 -9999 -9999 -9999 -9999 -9999 -9999 -9999 -9999 -9999 -9999 -9999 -9999 1.81 48.18 90.02 100 98.59 -9999 89.14 82.89 58.15 73.17 85.56 81.95 -9999 64.43 82.72 92.67 -9999 -9999 32.06 17.79 5.63 5.35 8.77 6.7 3.26 0.98 0.83 1.87 9.16 9.93 6.05 7.82 10.19 15.42 11.16 9.17 3.45
