resultados/variables_norteamerica/landcover_veg_tree.asc
ncols 469
nrows 225
xllcorner -169.133333
yllcorner 20.675000
cellsize 0.249840
NODATA_value -9999
[rows 70 to 104 of 225, columns 390 to 467 of 469]
3.5 3.57 3.63 4.37 5.11 -9999 4.94 5.59 -9999 -9999 -9999 -9999 -9999 -9999 -9999 -9999 -9999 -9999 -9999 -9999 -9999 -9999 -9999 -9999 -9999 9.56 -9999 2.99 2.43 1.56 -9999 -9999 -9999 -9999 -9999 -9999 -9999 -9999 -9999 -9999 -9999 -9999 -9999 -9999 -9999 -9999 -9999 -9999 -9999 -9999 -9999 -9999 -9999 -9999 -9999 -9999 -9999 -9999 -9999 -9999 -9999 -9999 -9999 -9999 -9999 -9999 -9999 -9999 -9999 -9999 -9999 -9999 -9999 -9999 -9999 -9999 -9999 -9999
3.55 4.65 4.88 4.3 4.81 6.16 6.17 5.51 5.28 -9999 -9999 -9999 -9999 -9999 -9999 -9999 -9999 -9999 -9999 -9999 -9999 -9999 -9999 -9999 -9999 -9999 3.71 1.1 1.38 2.28 1.38 -9999 -9999 2.24 -9999 -9999 -9999 -9999 -9999 -9999 -9999 -9999 -9999 -9999 -9999 -9999 -9999 -9999 -9999 -9999 -9999 -9999 -9999 -9999 -9999 -9999 -9999 -9999 -9999 -9999 -9999 -9999 -9999 -9999 -9999 -9999 -9999 -9999 -9999 -9999 -9999 -9999 -9999 -9999 -9999 -9999 -9999 -9999
5.32 5.4 5.92 6.77 6.78 7.02 5.45 4.65 6.1 -9999 5.17 -9999 -9999 -9999 -9999 -9999 -9999 -9999 -9999 -9999 -9999 -9999 -9999 6.88 8.64 6.91 3.13 1.88 1.37 0.63 2.37 1.57 1.1 1.54 -9999 -9999 -9999 -9999 -9999 -9999 -9999 -9999 -9999 -9999 -9999 -9999 -9999 -9999 -9999 -9999 -9999 -9999 -9999 -9999 -9999 -9999 -9999 -9999 -9999 -9999 -9999 -9999 -9999 -9999 -9999 -9999 -9999 -9999 -9999 -9999 -9999 -9999 -9999 -9999 -9999 -9999 -9999 -9999
6.12 7.1 5.43 7.43 7.58 6.61 5.65 6.51 8.5 6.46 6.75 8.12 7.77 7.53 -9999 -9999 -9999 -9999 -9999 -9999 9.34 6.17 5.91 -9999 5.74 7.85 4.78 3.95 5.55 2.67 2.27 1.56 1.87 1.72 -9999 -9999 -9999 -9999 -9999 -9999 -9999 -9999 -9999 -9999 -9999 -9999 -9999 -9999 -9999 -9999 -9999 -9999 -9999 -9999 -9999 -9999 -9999 -9999 -9999 -9999 -9999 -9999 -9999 -9999 -9999 -9999 -9999 -9999 -9999 -9999 -9999 -9999 -9999 -9999 -9999 -9999 -9999 -9999
6.56 6.59 5.5 6.1 6.79 7.69 10.53 10.39 7.75 6.42 10.03 13.64 10.01 9.84 10.69 -9999 -9999 -9999 11.73 12.4 12.02 8.6 -9999 8.65 5.1 3.09 2.48 1.06 1.46 1.22 1.88 2.16 2.59 -9999 3.44 2.89 -9999 -9999 -9999 -9999 -9999 -9999 -9999 -9999 -9999 -9999 -9999 -9999 -9999 -9999 -9999 -9999 -9999 -9999 -9999 -9999 -9999 -9999 -9999 -9999 -9999 -9999 -9999 -9999 -9999 -9999 -9999 -9999 -9999 -9999 -9999 -9999 -9999 -9999 -9999 -9999 -9999 -9999
6.09 4.92 6.56 7.06 8.22 7.07 10.66 10.08 10.96 -9999 9.55 16.09 19.04 -9999 17.34 14.1 14.8 19.49 17.08 16.25 12.19 8.41 7.07 7.65 8.66 5.81 3.04 2.31 2.18 2.55 2.43 2.53 2.29 3.01 3.94 3.69 4.2 -9999 -9999 -9999 -9999 -9999 -9999 -9999 -9999 -9999 -9999 -9999 -9999 -9999 -9999 -9999 -9999 -9999 -9999 -9999 -9999 -9999 -9999 -9999 -9999 -9999 -9999 -9999 -9999 -9999 -9999 -9999 -9999 -9999 -9999 -9999 -9999 -9999 -9999 -9999 -9999 -9999
6.15 6.78 6.38 6.51 7.06 7.25 10.91 14.24 13.85 23.05 20.19 16.2 22.17 27.02 23.2 20.99 21.44 20.29 16.91 14.16 10.81 8.4 7.31 6.93 7.77 3.14 2.49 2.91 2.21 2.28 2.17 1.67 3.73 1.76 1.39 3.11 3.93 2.05 -9999 -9999 -9999 -9999 -9999 -9999 -9999 -9999 -9999 -9999 -9999 -9999 -9999 -9999 -9999 -9999 -9999 -9999 -9999 -9999 -9999 -9999 -9999 -9999 -9999 -9999 -9999 -9999 -9999 -9999 -9999 -9999 -9999 -9999 -9999 -9999 -9999 -9999 -9999 -9999
7 7.31 6.8 6.93 9.25 17.53 28.92 21.15 20.72 21.97 21.56 17.87 19.47 25.64 21.92 21.47 21.69 26.79 15.54 11.97 9.78 9.71 8.97 6.43 7.11 6.57 3.25 2.37 2.62 3.29 2.49 1.83 1.39 1.46 2.81 6.35 16.37 11.62 -9999 7.07 -9999 -9999 -9999 -9999 -9999 -9999 -9999 -9999 -9999 -9999 -9999 -9999 -9999 -9999 -9999 -9999 -9999 -9999 -9999 -9999 -9999 -9999 -9999 -9999 -9999 -9999 -9999 -9999 -9999 -9999 -9999 -9999 -9999 -9999 -9999 -9999 -9999 -9999
13.61 8.64 10.36 12.11 12.85 9.54 11.33 18.37 19.41 19 19.16 19.31 20.54 26.11 25.76 24.82 21.58 26.75 20.26 15.78 12 10.61 11.24 10.34 8.72 6.98 5.32 3.09 3.22 2.35 2.63 2.88 2.41 2.53 4.04 -9999 15.88 15.88 19.77 9.4 -9999 -9999 -9999 -9999 -9999 -9999 -9999 -9999 -9999 -9999 -9999 -9999 -9999 -9999 -9999 -9999 -9999 -9999 -9999 -9999 -9999 -9999 -9999 -9999 -9999 -9999 -9999 -9999 -9999 -9999 -9999 -9999 -9999 -9999 -9999 -9999 -9999 -9999
13.11 14.94 12.97 12.01 15.35 9.07 9.85 8.02 10.65 20.71 24.31 19.19 22.72 23.31 25.43 24.95 23.49 22.5 25.15 18.29 19.79 13.71 13.75 11.19 7.64 6.68 4.35 2.96 2.43 3.31 3.05 4.43 3.94 4.16 4.5 5.77 2.96 7.53 20.17 9.03 2.65 -9999 -9999 -9999 -9999 -9999 -9999 -9999 -9999 -9999 -9999 -9999 -9999 -9999 -9999 -9999 -9999 -9999 -9999 -9999 -9999 -9999 -9999 -9999 -9999 -9999 -9999 -9999 -9999 -9999 -9999 -9999 -9999 -9999 -9999 -9999 -9999 -9999
17.89 17.47 10.84 11.74 16.96 10.79 11.56 9.98 9.76 18.68 30.07 25.62 26.66 27.95 30.82 30.07 27.82 25 23.17 21 20.44 26.82 23.83 19.6 15.14 8.58 6.8 6.95 3.78 4.26 3.82 4.02 4.49 2.25 2.12 4.27 15.42 14.19 12.82 15.5 -9999 -9999 -9999 -9999 -9999 -9999 -9999 -9999 -9999 -9999 -9999 -9999 -9999 -9999 -9999 -9999 -9999 -9999 -9999 -9999 -9999 -9999 -9999 -9999 -9999 -9999 -9999 -9999 -9999 -9999 -9999 -9999 -9999 -9999 -9999 -9999 -9999 -9999
16.89 17.78 18.19 17.48 17.27 13.88 13.8 12.27 15.97 19.85 28.16 29.36 28.24 25.19 26.83 37.36 30.3 27.77 23.55 23.25 23.46 24.59 28.78 27.16 20 10.12 3.88 6.16 3.89 4.01 4.44 4.46 4.43 6.69 7.4 7.52 8.71 18.94 15.26 11.78 -9999 -9999 -9999 -9999 -9999 -9999 -9999 -9999 -9999 -9999 -9999 -9999 -9999 -9999 -9999 -9999 -9999 -9999 -9999 -9999 -9999 -9999 -9999 -9999 -9999 -9999 -9999 -9999 -9999 -9999 -9999 -9999 -9999 -9999 -9999 -9999 -9999 -9999
17.84 21.4 26.11 25.9 20.1 19.8 21.03 19.38 15.3 19.44 26.93 32.56 23.98 26.38 25.38 23.74 27.06 24.04 22.02 21.85 22.81 23.8 27.88 24.68 20.83 9.95 7.7 6.34 5.58 6.53 4.94 5.71 6.1 5.61 5.99 7.92 8.53 13.9 22.53 17.31 -9999 -9999 -9999 -9999 -9999 -9999 -9999 -9999 -9999 -9999 -9999 -9999 -9999 -9999 -9999 -9999 -9999 -9999 -9999 -9999 -9999 -9999 -9999 -9999 -9999 -9999 -9999 -9999 -9999 -9999 -9999 -9999 -9999 -9999 -9999 -9999 -9999 -9999
9.71 22.35 24.02 20.8 23.53 18.31 17.27 15.53 18.54 21.39 25.09 32.01 26.21 24.57 26.65 21.83 21.52 27.18 24.83 20.1 25.44 25.57 30.57 27.59 20.31 12.74 8.22 7.06 10.29 8.53 6.53 7.28 5.55 6.73 10.34 17.61 13.73 18.12 25.3 31.01 26.51 -9999 13.63 -9999 -9999 -9999 -9999 -9999 -9999 -9999 -9999 -9999 -9999 -9999 -9999 -9999 -9999 -9999 -9999 -9999 -9999 -9999 -9999 -9999 -9999 -9999 -9999 -9999 -9999 -9999 -9999 -9999 -9999 -9999 -9999 -9999 -9999 -9999
10.35 16.46 21.3 22.18 19.99 16.81 18.72 18.43 17.46 17.15 20.59 22.49 23.99 23.03 26.02 23.63 24 29.14 23.78 23.68 26.25 30.81 31.83 25.32 26.1 17.6 19.91 15.31 -9999 12.17 10.56 8.08 8.08 -9999 6.58 11.14 17.14 13.56 17.7 19.54 -9999 25.16 -9999 -9999 -9999 -9999 -9999 -9999 -9999 -9999 -9999 -9999 -9999 -9999 -9999 -9999 -9999 -9999 -9999 -9999 -9999 -9999 -9999 -9999 -9999 -9999 -9999 -9999 -9999 -9999 -9999 -9999 -9999 -9999 -9999 -9999 -9999 -9999
15.29 17.16 15.19 16.37 18.02 22.33 19.5 19.59 19.53 21.54 20.74 17.62 14.94 17.07 20.57 25.97 -9999 29.84 22.81 25.64 25.77 27.23 -9999 29.26 26.62 16.67 21.12 20.56 15.99 15.05 17.12 -9999 8.82 8.84 8.09 12.14 12.09 7.96 12.7 16.45 20.9 25.46 22.68 25.96 17.19 -9999 -9999 -9999 -9999 -9999 -9999 -9999 -9999 -9999 -9999 -9999 -9999 -9999 -9999 -9999 -9999 -9999 -9999 -9999 -9999 -9999 -9999 -9999 -9999 -9999 -9999 -9999 -9999 -9999 -9999 -9999 -9999 -9999
16.54 17.13 18.8 16.96 16.71 19.69 27.65 22.21 22.12 22.46 23.31 20.06 20.16 22.43 19.75 21 21.03 32.32 34.5 24.86 25.06 20.52 20.31 20.38 24.95 23.49 19.36 23.08 19.69 20.97 20.38 12.29 11.49 7.05 9.36 12.06 13.5 8.82 13.61 20.37 21.88 23.26 20.52 23.58 16.4 11.31 -9999 -9999 -9999 -9999 -9999 -9999 -9999 -9999 -9999 -9999 -9999 -9999 -9999 -9999 -9999 -9999 -9999 -9999 -9999 -9999 -9999 -9999 -9999 -9999 -9999 -9999 -9999 -9999 -9999 -9999 -9999 -9999
19.51 20.48 26.93 27 22.2 23.43 25.24 24.32 24.25 25.19 25.37 20.62 20.34 19.49 20.46 22.75 21.44 17.5 28.93 26.24 17.34 22.34 25.93 27.1 27.2 28.72 20.58 23.24 25.15 23.45 17.54 15.82 18.5 14.68 12.52 7.34 5.23 4.39 7.33 12.73 15.45 25.05 31.02 28.89 23.79 20.53 21.19 17.86 14.65 -9999 16.61 -9999 -9999 -9999 -9999 -9999 -9999 -9999 -9999 -9999 -9999 -9999 -9999 -9999 -9999 -9999 -9999 -9999 -9999 -9999 -9999 -9999 -9999 -9999 -9999 -9999 -9999 -9999
22.75 22.3 25.13 22.25 21 20.15 19.91 18.36 18.71 22.1 21.34 22.07 21.89 20.9 23.78 19.68 20.8 15.31 17.45 21.84 23.09 -9999 34.12 33.53 29.29 28.94 30.5 23.1 21.19 20.18 21.89 20.77 19.15 15.11 16.38 18.01 14.19 7.2 14.69 11.91 12.23 24.96 27.54 33.76 30.96 32.57 33.32 26.82 21.96 29.59 29.28 -9999 -9999 -9999 -9999 -9999 -9999 -9999 -9999 -9999 -9999 -9999 -9999 -9999 -9999 -9999 -9999 -9999 -9999 -9999 -9999 -9999 -9999 -9999 -9999 -9999 -9999 -9999
25.73 22.99 24.8 25.17 23.65 19.46 15.1 11.29 20.93 19 15.16 23.2 26.63 27.43 27.16 25.54 23 14.41 12.55 19.15 17.64 19.12 32.61 31.14 28.5 21.23 26.77 24.67 15.18 12.74 18.35 14.55 14.58 11.25 21.27 29.23 33.89 28.84 31.77 24.77 25.19 36.12 37.17 46.27 48.3 33.71 24.87 29.8 22.68 27.35 19.68 19.22 19.1 14.94 20.39 26.74 18.66 -9999 -9999 -9999 -9999 -9999 -9999 -9999 -9999 -9999 -9999 -9999 -9999 -9999 -9999 -9999 -9999 -9999 -9999 -9999 -9999 -9999
30.5 31.56 27.99 24.33 21.95 14.76 12.12 8.64 20.17 23.03 24.78 27.29 28.96 30.32 28.04 20.56 19.75 16.4 17.11 19.31 16.18 -9999 22.71 33.01 27.56 23.98 30.83 31.48 18.73 5.34 21.52 19.3 13.98 10.44 25.87 32.62 35.48 34.89 42.2 37.77 39.25 40.2 36.3 -9999 33.82 26.19 29.33 27.55 27.7 23.87 23.15 29.74 37.6 42.36 19.25 -9999 -9999 -9999 -9999 -9999 -9999 -9999 -9999 -9999 -9999 -9999 -9999 -9999 -9999 -9999 -9999 -9999 -9999 -9999 -9999 -9999 -9999 -9999
32 35.69 30.93 32.49 28.21 23.59 20.32 10.08 14.7 19.08 19.69 28.83 32.2 31.4 30.17 25.16 21.06 14.7 15.57 20.5 20.56 23.32 21.27 23.56 24.87 10 -9999 4.7 10.73 -9999 -9999 -9999 11.36 -9999 21.92 33.04 31.27 27.39 26.23 33 42.02 50.07 43.11 30.64 32.65 29.64 39.08 37.31 32.93 41.09 -9999 19.84 -9999 -9999 42.83 42.88 31.01 27.67 -9999 -9999 -9999 -9999 -9999 -9999 -9999 -9999 -9999 -9999 -9999 -9999 -9999 -9999 -9999 -9999 -9999 -9999 -9999 -9999
35.71 29.64 28.98 29.65 26.51 25.13 24.39 28.72 23.01 26.53 24.34 20.88 27.36 32.77 34.55 30.77 27.96 25.48 20.19 20.77 18.19 24.22 22.87 26.29 23.58 18.91 -9999 15.62 29.58 31.9 -9999 -9999 24.12 27.59 30.05 28.9 24.36 26.66 23.29 27.57 42.54 46.01 59.45 43.77 28.35 49.59 43.16 43.38 43.12 23.57 -9999 27.63 32.7 31.97 29.33 40.57 45.97 47.99 -9999 -9999 -9999 -9999 -9999 -9999 -9999 -9999 -9999 -9999 -9999 -9999 -9999 -9999 -9999 -9999 -9999 -9999 -9999 -9999
31.31 28.41 28.54 27.94 29.47 24.94 24.41 24.14 27.84 27.09 27.09 21.48 25.36 30.3 29.88 31.21 30.06 31.33 21.96 16.97 21.35 28.52 34.09 31.4 29.91 16.53 28.46 30.75 37.4 39.4 32.03 37.66 38.39 34.89 38.8 27.34 19.97 34.86 36.96 34.57 40.26 51.65 58.55 61.44 40.45 40.21 -9999 -9999 -9999 16.94 14.76 19.18 17.71 32.23 30.51 48.65 59.86 34.31 47.85 46.49 40.77 -9999 -9999 -9999 -9999 -9999 -9999 -9999 -9999 -9999 -9999 -9999 -9999 -9999 -9999 -9999 -9999 -9999
30.75 26 -9999 27.21 26.94 32.54 32.01 26.55 19.52 20.11 24.94 26.88 25.13 22.75 31.81 35.53 34.98 36.17 29.76 25.4 23.81 28.49 38.72 34.21 35.36 36.03 33.86 -9999 34.35 39.14 45.17 47.21 47.26 49.04 40.33 39.4 37.73 37.24 36.96 37.8 39.55 46.58 57.35 63.69 58.37 37.39 -9999 52.07 31.88 29.29 35.95 39.14 36.98 39.3 42.72 48.11 48.44 49.29 51.18 48.05 49.3 44.38 36.13 -9999 -9999 -9999 -9999 -9999 -9999 -9999 -9999 -9999 -9999 -9999 -9999 -9999 -9999 -9999
33.78 25.47 19.19 16.04 18.67 23.68 24.57 25.24 16.33 22.31 20.6 17.89 22.47 22.45 22.05 24.83 25.7 33.82 38.84 32.05 32.7 31.41 38.81 43.79 35.69 36.09 34.84 39.04 28.4 35.62 38.84 43.42 39.07 42.38 43.36 38.84 50 59.06 48.58 50.86 52.58 55.78 59.28 64.36 60.03 58.44 68.75 66.3 50.63 54.33 42.94 41.97 50.63 44.56 45.89 28.88 29.19 39.27 37.58 45.19 50.67 57.8 40.05 -9999 -9999 -9999 -9999 -9999 -9999 -9999 -9999 -9999 -9999 -9999 -9999 -9999 -9999 -9999
35.71 29.16 29.04 22.5 -9999 21.3 22.93 10.92 17.28 22.62 23.36 22.26 18.24 29.77 26.82 27.84 31.46 30.58 36.53 32.17 34.61 31.94 33.68 33.96 35.37 15.98 28.08 31.33 23.26 40.93 46.26 35.68 32.73 40.72 42.17 39.28 40.28 40.03 52.48 56.76 65.84 56.63 57.17 58.6 54.28 54.24 63.15 67.38 47.12 48.7 51.46 41.18 38.02 34.6 32.67 46.51 42.36 46.3 37.53 26.48 50.19 50.52 46.96 23.27 -9999 -9999 -9999 -9999 -9999 -9999 -9999 -9999 -9999 -9999 -9999 -9999 -9999 -9999
37.41 35.75 28.54 29.25 27.59 25.7 25.33 29.76 26.34 25.21 31.43 32.15 26.46 35.74 38.71 33.39 37.59 38.17 38.16 38.15 34.48 32.33 19.4 26.02 35.03 39.76 29.99 32.8 24.06 -9999 44.46 42.84 43.56 34.02 34.59 43.22 44.03 47.58 47.71 52.72 56.33 53.28 59.94 55.8 51.46 52.18 49.13 50.65 55.31 63.72 56.66 53.53 55.81 38.53 38.64 46.82 47.06 36.29 29.91 28.74 45.29 -9999 -9999 -9999 -9999 -9999 -9999 -9999 -9999 -9999 -9999 -9999 -9999 -9999 -9999 -9999 -9999 -9999
27.03 32.92 30.17 28.28 23.23 23.82 32.09 37.8 36.41 38.98 47.74 44.93 42.31 42.79 39.85 36.17 33.7 34.64 40.19 47.43 41.33 43.28 35.81 35.35 48.2 42.02 42.77 43.06 42.05 37.75 39.3 37.99 47.9 39.67 36.44 47.84 60.59 56.52 49.49 54 62.83 63.04 61.41 58.95 56.58 57.8 56.19 60.94 58.21 56.69 48.77 51.77 55.35 48.59 48.12 48.36 38.16 33.43 37.78 46.06 41.75 46.66 -9999 27.34 -9999 -9999 -9999 -9999 -9999 -9999 -9999 -9999 -9999 -9999 -9999 -9999 -9999 -9999
36.13 37.97 29.96 38.13 31.32 40.11 38.88 46.47 54.21 53.71 49.19 45.1 48.03 44.17 49.34 42.28 35.67 32.1 35.2 48.68 46.66 43.29 40.91 46.35 47.9 38.15 33.38 48.56 43.74 37.25 36.24 39.25 51.75 48.13 36.91 46.89 37.16 52.72 55.54 48.19 55.39 54.82 54.01 59.23 55.77 -9999 62.18 55.13 61.46 55.62 51.12 46.7 61.47 60.51 59.37 61.04 47.45 37.68 24.62 41.79 46.35 27.54 29.49 24.26 -9999 -9999 -9999 -9999 -9999 -9999 -9999 -9999 -9999 -9999 -9999 -9999 -9999 -9999
37.03 39.36 37.83 32.36 44.45 34.08 33.85 39.48 39.3 41.82 53.73 63.76 58.01 64.43 52.3 45.8 36.23 37 39.87 43.2 54.39 52.73 45.39 44.61 32.19 42.48 39.97 37.93 38.14 43.2 45.18 36.1 47.97 58.23 50.2 52.05 52.43 57.7 63.69 63.25 57.27 53.89 54.41 60.25 56.04 42.57 43.7 48.7 63.08 62.93 56.22 64.58 62.12 70.78 75.54 67.46 44.34 29.94 16.21 24.72 35.72 18.1 10.48 -9999 -9999 -9999 -9999 -9999 -9999 -9999 -9999 -9999 -9999 -9999 -9999 -9999 -9999 -9999
35.08 37.87 37.81 43.59 48.27 41.89 27.69 26.44 28.96 50.56 -9999 41.49 47.27 -9999 46.57 36.76 45.29 48.22 55.38 56.42 49.17 61.23 52.96 34.58 38.5 35.21 34.71 40.32 34.68 30.39 38.66 51.07 51.4 57.93 46.3 55.37 42.69 56.32 62.58 64.59 61.48 56.85 50.47 55.62 59.12 63.12 42.39 30.87 65.4 55.64 47.2 61.92 66.25 62.15 60.98 44.1 39.93 20.3 16.68 17.04 -9999 -9999 -9999 -9999 22.29 -9999 -9999 -9999 -9999 -9999 -9999 -9999 -9999 -9999 -9999 -9999 -9999 -9999
49.99 44.44 39.21 39.63 55.81 45.92 37.37 29.59 31.84 61.38 43.67 61.19 57.28 23.27 68.13 69.67 64.97 62.6 63.32 54.43 56.65 53.76 52.71 47.84 41.1 48.95 52.49 56.36 38.08 43.68 60.14 62.54 59.17 56.35 49.74 55.74 61.11 68.03 65.49 64.57 62.93 60.56 74.05 68.73 34.13 49.98 62.23 59.81 62.18 61.56 55.39 48.75 51.57 42.58 -9999 18.95 -9999 -9999 -9999 -9999 -9999 30.26 28.42 20.82 19.11 -9999 -9999 -9999 -9999 -9999 -9999 -9999 -9999 -9999 -9999 -9999 -9999 -9999
47.41 48.15 52.99 53.57 48.44 61.79 53.88 41.47 52.47 54.87 52.19 49.28 44.94 69.02 57.11 -9999 54.44 50.79 54.06 55.18 69.13 65.38 60.32 58.85 57.37 63.37 59.75 57.22 53.14 69 66.07 47.11 53.28 63.43 63.28 67.23 68.73 65.45 72.35 67.84 61.13 55.57 69.19 70.36 63.89 67.26 63.56 57.47 53.78 51.36 40.47 36.93 -9999 -9999 -9999 -9999 -9999 -9999 -9999 -9999 36.85 38.8 47.39 42.88 -9999 -9999 -9999 -9999 -9999 -9999 -9999 -9999 -9999 -9999 -9999 -9999 -9999 -9999
52.83 43.37 42.92 35.02 43 51.48 62.2 56.96 61.38 62.92 60.45 60.53 57.84 68.36 67.32 -9999 54.2 65.65 56.67 62.92 70.35 69.76 65.67 55.41 61.6 58.68 56.98 47.54 57.58 69.42 66.11 67.51 64.55 62.69 58.63 59.3 63.31 63.9 66.1 68.91 61.64 60.47 59.91 57.71 62.65 -9999 54.78 49.14 47.26 41.46 38.75 -9999 -9999 -9999 -9999 -9999 -9999 -9999 -9999 28.9 26.01 36.36 38.13 -9999 -9999 -9999 -9999 -9999 -9999 -9999 -9999 -9999 -9999 -9999 -9999 -9999 -9999 -9999
