resultados/variables_norteamerica/landcover_veg_bare.asc
ncols 469
nrows 225
xllcorner -169.133333
yllcorner 20.675000
cellsize 0.249840
NODATA_value -9999
[rows 180 to 215 of 225, columns 240 to 319 of 469]
39.39 56.91 64.23 72.4 61.18 79.25 93.67 92.92 96.65 98.1 69.94 82.77 80.32 85.55 83.02 73.59 74.1 64.99 74.79 71.97 80.93 75.48 72.56 63.09 59.8 49.24 39.44 42.65 53.27 45.11 40.79 38.63 29.79 22.76 17.94 21.45 20.32 12.86 10.87 9.65 8.6 6.14 6.38 7.45 6.49 4.44 3.68 3.06 8.52 4.22 2.18 1.23 0.7 0.29 0.22 0.07 0.04 0.03 0.07 0.03 0.02 0.45 0 0.16 0.47 0.03 0.03 0.05 0.07 0.38 0.28 0.57 0.01 0.02 0.01 0.13 0.02 0.08 0.03 0.01
28.66 34.64 51.73 57.42 58.24 74.15 91.63 98.09 99.19 98.81 96.35 69.05 88.8 80.95 78.79 88.29 71.31 76.89 80.68 79.53 89.83 89.98 80.29 78.74 71 54.69 51.48 58.9 57.69 49.5 41.3 32.56 24.7 23.04 20.47 18.16 22.5 13.5 11.82 10.81 7.64 6.4 5.47 6.41 7.71 4.3 5.38 5.49 4.14 4.89 1.13 1 1.03 0.16 0.87 0.2 0.02 0.11 0.33 0.02 0.01 0.07 0.06 0 0.11 0.07 0.04 0.06 0.31 0.49 0.44 0.13 0.02 0.05 0.13 0.07 0.02 0.01 0.05 0.04
31.46 29.62 53.03 49.19 58.35 69.83 78.55 90.55 98.61 97.75 88.79 81.54 61.05 75.75 77.27 82.17 68.88 67.87 76.81 77.36 85.15 93.06 79.05 83.72 71.38 61.59 63.65 69.09 57.7 48.87 40.61 29.46 25.16 23.14 17.77 19.83 17.47 12.91 11.45 8.9 6.71 4.53 6.39 12.43 10.13 10.11 3.31 6.54 4.15 1.87 0.5 1.07 0.23 0.14 0.18 0.07 0.01 0.28 0.05 0.07 0.07 0.03 0.04 0.18 0.02 0.15 0.9 0.21 0.69 0.39 1.17 0.03 0.1 0.07 0.06 0.05 0.01 0.13 0.01 0.73
21.86 28.49 42.03 47.74 48.16 69.28 68.54 87.71 91.45 88.43 68.39 76.01 69.32 59.81 78.4 80.33 81.82 86.95 87.11 73.12 67.73 82.5 81.48 90.74 76.01 65.44 65.65 64.73 51.23 42.38 34.62 27.72 20.82 18.45 16.47 15.38 9.62 6.83 5.84 5.73 5.3 4.26 3.41 8.65 9.61 11.03 3.4 6.47 7.72 2.13 0.49 0.18 0.21 0.25 0.22 0.02 0.03 0.03 0.03 0.09 0.18 0.09 0.03 0.3 0.36 0.15 0.19 0.26 0.19 0.17 0.51 0 0.01 0.01 0.02 0.04 0.01 0.01 0.01 0.03
25.63 24.02 41.87 48.51 43.34 53.54 69.85 86.51 72.45 74.78 85.29 84.94 80.21 71.85 55.56 74.29 79.59 85.95 85.77 55.05 26.69 44.82 63.38 70.07 57.43 62.72 49.24 44.18 40.8 37.71 31.94 26.07 20.75 13.57 13.29 13.55 8.77 7.67 6.42 6.71 6.44 5.67 3.97 3.9 8.28 4.59 6 4.16 2.26 1.25 2.08 0.38 0.17 0.08 0.25 0.14 0.45 0.04 0.06 0.09 0.26 0.08 0.54 0.11 0.04 0.08 0.25 0.18 0.17 0.21 0.42 0.22 0.01 0.44 0.07 0.03 0.15 0.04 0.01 0.03
18.63 19.59 14 25.71 47.58 47.64 58.34 75.53 73.81 77.65 69.59 76.13 79.37 82.21 73.38 72.42 83.08 72.58 70.88 55.69 40.64 42.27 54.98 57.92 47.22 45.17 43.29 38.68 38.45 34.09 28.2 25.36 21.17 19.21 14.99 15.34 15.08 9.34 7.83 7.93 4.23 6.48 3.06 3.92 4.59 5.78 8.04 6.07 1.26 0.27 1.73 2.74 0.31 0.07 0.04 0.02 0.56 0.09 0.09 0.17 0.11 0.08 0.01 0.09 0.17 0.21 0.51 0.33 0.16 0.1 0.11 0.91 1.26 0.2 0.12 0.05 0.06 0.08 0.03 0.02
18.02 15.63 5.95 16.8 36.02 57.85 62.71 70.9 65.89 58.65 74.36 64.13 74.98 78.15 82 81.08 80.7 66.31 57.58 65.2 62.45 46.15 42.08 47.16 52.53 41.86 39.05 36.91 36.79 32.35 25.89 25.67 21.29 19.7 15.26 14.34 15.38 13.16 9.93 6.59 6.55 5.7 6.09 8.18 7.71 5.24 4.13 1.59 0.87 0.2 0.5 0.63 0.34 0.08 0.84 0.31 0.18 0.02 0.06 0.18 0.16 0.18 0.1 0.76 0.43 0.46 0.58 0.31 0.62 0.14 0.01 0.37 1.18 0.07 -9999 0.39 -9999 -9999 0.26 -9999
10.43 4.75 5.72 10.62 21.86 30.64 45.66 56.21 67.53 52.42 57.23 68.62 77.38 88.54 76 62.88 76.86 54.26 48.82 55.7 59.51 66.18 51.22 58.1 62.4 43.11 39.35 42.05 37.8 34.06 30.19 26.91 21.17 21.32 18.37 18.77 16.24 13.44 8.71 6.24 7.24 6.17 7.88 7.19 4.59 4.13 0.83 0.48 0.54 0.49 0.11 0.33 0.24 0.44 2.25 2.05 0.99 0.26 0.29 0.6 1.88 0.77 0.36 7.72 0.27 0.74 0.26 0.94 0.75 0.56 0.19 0.02 0.51 0.61 1.15 -9999 -9999 0.99 -9999 -9999
9.07 4.27 3.49 3.68 13.87 24.28 32.03 38.95 38.93 55.65 52.3 50.03 71.74 76.38 67.45 54.34 58.16 62.11 62.52 60.42 66.96 73.57 70.43 59.58 50.76 43.05 37.44 37.49 38 35.09 34.53 29.2 22.06 18.81 16.16 13.47 7.19 7.14 4.72 5.23 7.17 6.19 5.39 4.69 3.84 3.15 1.08 0.51 0.62 0.62 0.25 1.04 0.35 2.03 8.66 8.71 4.89 -9999 0.7 0.56 0.99 -9999 -9999 -9999 -9999 0.65 -9999 0.38 -9999 -9999 0.32 0.23 0.14 0.23 0.13 0.2 2.2 0.23 -9999 -9999
8.13 5.03 4.59 4.9 10.18 20.67 21.04 27.99 27.8 19.79 37.99 49.29 69.52 65.68 53.34 53.78 62.79 61.5 74.74 72.26 52.53 66.34 79.68 68.68 50.19 37.89 37.77 31.9 29.53 34.36 30.98 24.61 18.69 19.45 13.18 11.52 6.9 5.08 3.78 3.81 3.88 3.35 8.62 6.93 5.2 1.45 0.82 0.8 0.78 0.37 1.2 1.34 1.15 1.48 3.71 2.9 3.34 -9999 1.05 0.12 -9999 -9999 -9999 -9999 -9999 -9999 -9999 0.13 -9999 0.8 -9999 0.15 0.11 0.44 0.26 0.66 2.26 0.71 -9999 -9999
7.06 3.26 3.33 4.15 9.8 17.32 20.38 31.07 34.49 32.4 24.89 49.94 62.62 65.88 64.08 61.77 57.79 55.6 61.42 79.57 48.65 57.97 69.14 48.65 54.04 37.66 37.65 32.43 26.6 29.87 30.9 23.87 23.04 16.78 10.62 11.69 7.27 6.1 2.94 1.97 2.57 3.88 6.17 4.43 5.26 1.99 0.76 0.74 0.6 0.5 1.43 3.09 0.56 0.65 0.51 0.83 2.01 -9999 -9999 -9999 -9999 -9999 -9999 -9999 -9999 -9999 -9999 -9999 -9999 -9999 -9999 -9999 -9999 -9999 -9999 -9999 -9999 -9999 -9999 11.45
4.82 1.76 3.31 3.79 12.85 20.58 20.8 24.36 26.17 27.75 22.13 43.42 52.7 55.24 59.69 51.21 59.69 69.48 71.26 49.4 49.36 57.85 56.74 57.34 51.63 41.46 20.36 31.23 11.12 19.85 19.48 19.42 19.41 22.78 15.8 14.77 13.12 9.53 3.94 2.7 3.16 6.44 7.61 5.06 3.79 1.87 1.13 0.63 1.14 1.16 2.46 3.89 1.52 0.15 0.35 1.6 -9999 -9999 -9999 -9999 -9999 -9999 -9999 -9999 -9999 -9999 -9999 -9999 -9999 -9999 -9999 -9999 -9999 -9999 -9999 -9999 -9999 -9999 -9999 -9999
3.69 2.77 3.03 5.2 14.56 25.84 23.64 23.8 21.33 26.33 18.38 37.46 55.05 59.63 57.11 41.97 56.92 71.14 77.16 56.39 61.47 48.92 46.88 58.39 48.34 50.91 32.56 28.81 10.8 14.67 10.33 16.58 23.98 25.34 21.7 21.69 20.3 14.27 12.57 8.35 5.98 5.83 6.42 4.79 4.43 1.98 1.17 0.77 1.15 2.42 2.64 2.46 3.08 1.12 -9999 -9999 -9999 -9999 -9999 -9999 -9999 -9999 -9999 -9999 -9999 -9999 -9999 -9999 -9999 -9999 -9999 -9999 -9999 -9999 -9999 -9999 -9999 -9999 -9999 -9999
4.12 4.76 4.85 6.29 11.45 18.68 22.32 23.73 19.47 26.61 24.41 25.84 40.81 54.1 53.13 57.08 64.68 73.95 71.2 79.57 78.44 66.06 44.48 55.15 60.7 50.02 27.92 26.59 20.56 15.34 14.95 14.99 20.29 22.16 22.43 24.73 25.71 17.38 18.04 15.74 10.21 8.44 7.81 4.31 3.65 1.26 0.91 2.26 0.4 3.65 -9999 -9999 -9999 -9999 -9999 -9999 -9999 -9999 -9999 -9999 -9999 -9999 -9999 -9999 -9999 -9999 -9999 -9999 -9999 -9999 -9999 -9999 -9999 -9999 -9999 -9999 -9999 -9999 -9999 -9999
2.1 3.9 4.3 3.45 6.08 12.65 16.83 22.5 24.73 26.86 31.22 35.79 36.4 56.46 32.62 50.87 66.93 60.52 63.86 69.11 62.17 61.19 56.3 61.08 33.84 43.92 33.85 30.03 11.47 5.63 13.8 20.44 24.72 23.95 19.68 23.4 26.5 20.66 18.94 16.52 15.28 12.25 7.72 5.25 3.41 4.18 2.09 2.13 0.78 3.39 -9999 -9999 -9999 -9999 -9999 -9999 -9999 -9999 -9999 -9999 -9999 -9999 -9999 -9999 -9999 -9999 -9999 -9999 -9999 -9999 -9999 -9999 -9999 -9999 -9999 -9999 -9999 -9999 -9999 -9999
0.3 0.43 2.06 3.43 5.8 9.21 11.37 14.74 24.65 27.69 32.75 35.39 35.58 45.13 48.05 41.19 61.34 50.73 69.73 60.31 72.19 63.06 55.18 64.29 41.15 44.67 43.7 31.52 17.53 8.4 20.5 28.34 32.84 26.03 21.61 22.21 23.01 23.27 19.93 16.14 14.17 12.23 9.19 8.72 5.83 7.2 8.01 9.24 4.18 2.53 -9999 -9999 -9999 -9999 -9999 -9999 -9999 -9999 -9999 -9999 -9999 -9999 -9999 -9999 -9999 -9999 -9999 -9999 -9999 -9999 -9999 -9999 -9999 -9999 -9999 -9999 -9999 -9999 -9999 -9999
0.08 0.38 1.77 5.4 7.24 9.52 14.94 15.49 22.12 23.99 30.31 32.19 36.18 37.96 48.69 52.51 53.2 66.28 62.79 52.58 57.25 63.97 58.04 74.54 75.99 50.94 52.1 40.74 26.1 16.74 12.42 28.42 34.33 27.28 23.59 27.85 24.02 21.97 21.95 18.26 19.45 13.86 12.15 8.84 7.82 11.57 11.77 8.26 -9999 -9999 -9999 -9999 -9999 -9999 -9999 -9999 -9999 -9999 -9999 -9999 -9999 -9999 -9999 -9999 -9999 -9999 -9999 -9999 -9999 -9999 -9999 -9999 -9999 -9999 -9999 -9999 -9999 -9999 -9999 -9999
0.08 0.33 0.95 2.46 6.65 11.81 13.1 17.6 24.29 28.1 26.05 27.1 30.74 42.82 56.25 52.1 64.81 63.13 55.32 66.06 71.63 57.95 70.96 66.19 73.46 43.57 31.21 42.78 33.89 25.93 25.92 31.59 32.97 28.21 24.28 24.08 25.38 20.99 26.62 22.81 23.26 14.07 10.27 9.26 6.18 17.85 9.94 6.28 -9999 -9999 -9999 -9999 -9999 -9999 -9999 -9999 -9999 -9999 -9999 -9999 -9999 -9999 -9999 -9999 -9999 -9999 -9999 -9999 -9999 -9999 -9999 -9999 -9999 -9999 -9999 -9999 -9999 -9999 -9999 -9999
1.18 2.21 1.18 1.35 3.56 5.8 7.24 14.99 22.04 21.17 21.74 33.02 37.39 40.3 44.17 52.52 61.33 37.87 57.87 50.68 39.27 50.36 53.11 68.81 73.29 51.23 37.79 51.3 36.42 20.78 38.3 31.27 24.28 24.34 29.67 24.57 28.08 27.69 26.37 27.58 24.15 25.64 20.19 12.16 7.49 9.03 -9999 -9999 -9999 -9999 -9999 -9999 -9999 -9999 -9999 -9999 -9999 -9999 -9999 -9999 -9999 -9999 -9999 -9999 -9999 -9999 -9999 -9999 -9999 -9999 -9999 -9999 -9999 -9999 -9999 -9999 -9999 -9999 -9999 -9999
0.8 0.27 1.01 0.33 1.39 2.86 6.25 10.56 17.58 21.83 22.48 34.41 29.67 31.29 37.02 45.48 45.88 56.93 57.64 49.83 50.97 69.97 78.2 56.45 55.59 54.5 33.99 40.23 39 30.3 35.11 42.89 30.48 12.07 26.83 16.38 27.35 30.72 30.98 29.02 27.86 27.22 27.88 12.48 11.13 12.19 17.44 -9999 -9999 -9999 -9999 -9999 -9999 -9999 -9999 -9999 -9999 -9999 -9999 -9999 -9999 -9999 -9999 -9999 -9999 -9999 -9999 -9999 -9999 -9999 -9999 -9999 -9999 -9999 -9999 -9999 -9999 -9999 -9999 -9999
3.57 0.56 0.94 0.77 0.24 1.25 3.84 4.33 8.37 17.79 21.57 21.82 21.25 22.66 38.31 39.84 43.04 54.81 69.84 66.83 68.37 88.33 85.4 63.75 46.84 43.29 47.59 52.67 42.99 28.63 37.63 23.94 27.83 37.01 27.16 4.69 19.7 27.44 24.98 -9999 27.67 24.9 22.81 19.25 16.05 8.98 6.79 -9999 -9999 -9999 -9999 -9999 -9999 -9999 -9999 -9999 -9999 -9999 -9999 -9999 -9999 -9999 -9999 -9999 -9999 -9999 -9999 -9999 -9999 -9999 -9999 -9999 -9999 -9999 -9999 -9999 -9999 -9999 -9999 -9999
20.23 1.65 -9999 1 0.43 0.59 1.25 3.32 6.32 8.44 9.83 12.37 12.8 24.66 32.25 32.19 38.43 53.09 63.02 74.91 70.01 85.08 69.02 53.01 47.91 46.98 62.62 58.32 56.38 34.56 22.83 41.57 44.04 60.75 24.59 6.37 14.1 22.44 21.07 25.66 26.07 26.18 22.85 25.3 18.12 10.81 15.06 -9999 -9999 -9999 -9999 -9999 -9999 -9999 -9999 -9999 -9999 -9999 -9999 -9999 -9999 -9999 -9999 -9999 -9999 -9999 -9999 -9999 -9999 -9999 -9999 -9999 -9999 -9999 -9999 -9999 -9999 -9999 -9999 -9999
11.7 6.58 0.82 0.2 0.38 0.31 0.93 1.11 3.88 6.33 8.26 12.47 12.8 22.48 29.6 31.83 35.84 48.32 64.39 77.65 77.63 86.96 56.74 43.68 49.96 57.76 47.26 41.3 45.31 64.59 48.97 41.08 51.63 62.45 30.38 6.78 4.61 6.56 18.81 26.29 19.56 21.82 19.31 16.57 14.32 17.87 18.31 11.2 -9999 -9999 -9999 -9999 -9999 -9999 -9999 -9999 -9999 -9999 -9999 -9999 -9999 -9999 -9999 -9999 -9999 -9999 -9999 -9999 -9999 -9999 -9999 -9999 -9999 -9999 -9999 -9999 -9999 -9999 -9999 -9999
10.83 4.63 0.75 0.42 0.03 0.22 0.14 1.31 1.33 4.25 5.75 6.5 10.26 19.72 29.21 29.17 29.65 40.81 55.08 59.41 64.2 71.33 48.66 46.97 66.4 66.29 48.26 55.75 41.4 50.61 25.37 63.97 71.92 73.87 35.91 14.6 13.33 2.68 22.52 29.94 24.91 29.03 24.08 16.8 13.14 12.36 14.96 16.14 -9999 -9999 -9999 -9999 -9999 -9999 -9999 -9999 -9999 -9999 -9999 -9999 -9999 -9999 -9999 -9999 -9999 -9999 -9999 -9999 -9999 -9999 -9999 -9999 -9999 -9999 -9999 -9999 -9999 -9999 -9999 -9999
11.28 5.81 5.28 4.02 0.82 0.41 0.06 0.29 0.96 3.66 5.41 8.19 11.21 23.09 24.33 34.15 35.05 33.81 46.01 48.24 51.03 51.88 41 23.97 39.14 66.25 83.95 89.34 81.01 66.35 48.91 70.5 63.49 39.3 18.37 19.49 14.88 8.84 19.88 33.51 31.97 25.25 17.53 18.48 16.39 15.08 16.86 24.06 -9999 -9999 -9999 -9999 -9999 -9999 -9999 -9999 -9999 -9999 -9999 -9999 -9999 -9999 -9999 -9999 -9999 -9999 -9999 -9999 -9999 -9999 -9999 -9999 -9999 -9999 -9999 -9999 -9999 -9999 -9999 -9999
-9999 14.12 9.42 4.73 7.26 0.55 0.01 0.19 0.39 3.74 2.75 5.67 10.75 17.05 18.24 35.15 -9999 31.81 38.32 46.87 35.99 36.68 37.37 36.41 52.61 77.39 68.77 54.83 61.55 69.63 83.71 64.06 44.17 34.9 9.7 6.82 5.61 6.92 15.85 22.69 29.39 24.6 19.18 19.47 20.42 16.35 19.6 21.48 -9999 -9999 -9999 -9999 -9999 -9999 -9999 -9999 -9999 -9999 -9999 -9999 -9999 -9999 -9999 -9999 -9999 -9999 -9999 -9999 -9999 -9999 -9999 -9999 -9999 -9999 -9999 -9999 -9999 -9999 -9999 -9999
-9999 -9999 -9999 14.02 4.06 1.66 0.07 0.03 0.05 0.59 0.77 3.28 10.37 20.73 24.21 25.07 22.43 29.53 35.97 44.08 48.12 36.12 51.77 37.66 46.87 70.61 76.77 59.83 40.21 39.89 33.84 32.09 33.66 21.35 14.07 9.2 1.63 2.99 9.5 14.89 18.55 16.92 15.16 16.26 18.73 14.24 -9999 -9999 -9999 -9999 -9999 -9999 -9999 -9999 -9999 -9999 -9999 -9999 -9999 -9999 -9999 -9999 -9999 -9999 -9999 -9999 -9999 -9999 -9999 -9999 -9999 -9999 -9999 -9999 -9999 -9999 -9999 -9999 -9999 -9999
-9999 -9999 -9999 -9999 10.42 3.55 0.64 0.03 0.02 0.08 0.25 1.04 3.11 13.12 16.83 20.41 19.72 27.05 34.22 36.39 40.5 45.72 54.06 43.69 54.46 59.9 55.4 56.78 50.18 45.74 36.41 34.62 36.3 32.25 27.84 14.82 5.51 2.54 8.05 14.17 17.76 24.74 14.17 15.28 17.42 16.66 -9999 -9999 -9999 -9999 -9999 -9999 -9999 -9999 -9999 -9999 -9999 -9999 -9999 -9999 -9999 -9999 -9999 -9999 -9999 -9999 -9999 -9999 -9999 -9999 -9999 -9999 -9999 -9999 -9999 -9999 -9999 -9999 -9999 -9999
-9999 -9999 -9999 -9999 -9999 11.35 3.34 3.01 0.71 0.04 0.14 0.36 1.3 8.42 13.28 14 20.61 28.8 29.43 31.93 35.08 44.79 50.37 63.45 63.82 63.07 66.21 43.48 54.89 44.65 49.51 54.16 47.05 37.17 38.95 31.38 16.28 1.27 4.42 11.24 2.12 3.56 5.27 12.69 15.17 13.86 -9999 -9999 -9999 -9999 -9999 -9999 -9999 -9999 -9999 -9999 -9999 -9999 -9999 -9999 -9999 -9999 -9999 -9999 -9999 -9999 -9999 -9999 -9999 -9999 -9999 -9999 -9999 -9999 -9999 -9999 -9999 -9999 -9999 -9999
-9999 -9999 -9999 -9999 -9999 -9999 8.41 1.72 0.79 0.51 0.13 0.07 1.04 4.29 9.28 16.16 11.68 21.58 26.72 25.96 35.99 38.15 43.35 46.83 52.29 60.09 76.27 67.79 51.79 47.56 36.35 44.92 32.16 40.57 45.91 42.08 21.41 2.3 0.71 7.66 3.27 1.34 1.56 6.76 7.15 8.52 -9999 -9999 -9999 -9999 -9999 -9999 -9999 -9999 -9999 -9999 -9999 -9999 -9999 -9999 -9999 -9999 -9999 -9999 -9999 -9999 -9999 -9999 -9999 -9999 -9999 -9999 -9999 -9999 -9999 -9999 -9999 -9999 -9999 -9999
-9999 -9999 -9999 -9999 -9999 -9999 -9999 3.79 0.98 0.01 0 0.03 0.33 1.54 3.88 10.92 15.5 19.81 18.41 22.1 32.54 37.06 40.07 44.17 47.62 62.14 72.39 81.19 67.39 62.4 57.02 49.07 42.06 41.71 48.38 44.8 32.64 6.39 0.35 5.95 7.57 5.29 6.35 4.63 3.03 3.92 -9999 -9999 -9999 -9999 -9999 -9999 -9999 -9999 -9999 -9999 -9999 -9999 -9999 -9999 -9999 -9999 -9999 -9999 -9999 -9999 -9999 -9999 -9999 -9999 -9999 -9999 -9999 -9999 -9999 -9999 -9999 -9999 -9999 -9999
-9999 -9999 -9999 -9999 -9999 -9999 -9999 -9999 7.36 1.44 0.03 0.01 0.05 0.35 3.97 10.59 15.81 23.39 21.31 24.96 24.01 31.94 36.26 40.34 53.17 42.64 52.16 72.04 77.52 67.82 63.79 53.97 56.33 47.79 44.31 39.96 30.93 5.74 0.25 0.82 4.51 5.37 3.42 6.28 1.97 2.67 -9999 -9999 -9999 -9999 -9999 -9999 -9999 -9999 -9999 -9999 -9999 -9999 -9999 -9999 -9999 -9999 -9999 -9999 -9999 -9999 -9999 -9999 -9999 -9999 -9999 -9999 -9999 -9999 -9999 -9999 -9999 -9999 -9999 -9999
-9999 -9999 -9999 -9999 -9999 -9999 -9999 -9999 -9999 -9999 0.16 0 0.02 0.34 1.48 6.18 8.34 18.83 20.8 27.68 29.05 29.31 35.81 47.46 61.91 58.87 50.43 60.54 57.45 58.06 54.41 52.46 53.46 41.23 35.97 31.92 30.95 7.22 1.56 0.51 5.23 9.41 0.11 1.91 1.22 2.62 -9999 -9999 -9999 -9999 -9999 -9999 -9999 -9999 -9999 -9999 -9999 -9999 -9999 -9999 -9999 -9999 -9999 -9999 -9999 -9999 -9999 -9999 -9999 -9999 -9999 -9999 -9999 -9999 -9999 -9999 -9999 -9999 -9999 -9999
-9999 -9999 -9999 -9999 -9999 -9999 -9999 -9999 -9999 -9999 0.4 0.05 0.09 0.31 1.54 2.93 2.15 6.43 19.11 21.71 25.69 26.9 35.23 38.37 48.82 62.64 58.43 58.86 54.54 51.99 48.35 52.42 44.79 21.5 29.27 33.83 23.26 16.45 2.45 5.7 1.54 8.97 0.15 0.28 0.78 0.02 -9999 -9999 -9999 -9999 -9999 -9999 -9999 -9999 -9999 -9999 -9999 -9999 -9999 -9999 -9999 -9999 -9999 -9999 -9999 -9999 -9999 -9999 -9999 -9999 -9999 -9999 -9999 -9999 -9999 -9999 -9999 -9999 -9999 -9999
-9999 -9999 -9999 -9999 -9999 -9999 -9999 -9999 -9999 -9999 -9999 2.43 0.08 0.13 0.32 1.56 3.87 3.46 10.76 11.69 12.52 22.01 27.41 37.35 37.26 46.58 48.14 57.2 58.76 44.25 54.25 47.84 34.86 33.73 30.17 29.81 23.35 14.55 3.79 1.75 0.32 3.02 0.02 0.01 0.26 0.01 -9999 -9999 -9999 -9999 -9999 -9999 -9999 -9999 -9999 -9999 -9999 -9999 -9999 -9999 -9999 -9999 -9999 -9999 -9999 -9999 -9999 -9999 -9999 -9999 -9999 -9999 -9999 -9999 -9999 -9999 -9999 -9999 -9999 -9999
-9999 -9999 -9999 -9999 -9999 -9999 -9999 -9999 -9999 -9999 -9999 -9999 0.97 0.42 0.13 0.54 1.8 4.49 7.83 9.89 20.56 11.23 20.88 32.51 31.23 35.59 36.8 45.46 54.76 56.52 47.02 40.74 29.98 29.94 33.71 25.23 24.84 22.85 4.03 0.03 0.81 2.12 0.37 0.03 0.05 0.03 -9999 -9999 -9999 -9999 -9999 -9999 -9999 -9999 -9999 -9999 -9999 -9999 -9999 -9999 -9999 -9999 -9999 -9999 -9999 -9999 -9999 -9999 -9999 -9999 -9999 -9999 -9999 -9999 -9999 -9999 -9999 -9999 -9999 -9999
