resultados/variables_norteamerica/landcover_veg_herb.asc
ncols 469
nrows 225
xllcorner -169.133333
yllcorner 20.675000
cellsize 0.249840
NODATA_value -9999
[rows 34 to 67 of 225, columns 231 to 307 of 469]
-9999 -9999 -9999 -9999 -9999 -9999 -9999 -9999 -9999 -9999 -9999 43.93 61.44 54.65 39.52 38.62 47.83 47.69 -9999 29.86 -9999 48.11 53.12 59.41 -9999 -9999 -9999 -9999 -9999 -9999 -9999 -9999 -9999 -9999 -9999 -9999 -9999 -9999 -9999 -9999 -9999 -9999 -9999 -9999 -9999 -9999 -9999 -9999 -9999 -9999 -9999 -9999 -9999 -9999 -9999 57.75 52.83 -9999 -9999 -9999 -9999 -9999 -9999 -9999 -9999 -9999 -9999 -9999 -9999 67.55 66.2 71.65 71.5 68.07 67.22 63.68 60.21
-9999 -9999 -9999 -9999 -9999 -9999 -9999 -9999 25.32 -9999 -9999 -9999 -9999 -9999 -9999 35.66 -9999 50.84 68.36 67.83 60.3 69.14 63.7 69.74 76.92 79.74 77.11 60.38 -9999 -9999 -9999 -9999 42.55 -9999 -9999 -9999 -9999 -9999 -9999 -9999 -9999 -9999 -9999 -9999 -9999 -9999 -9999 -9999 -9999 -9999 -9999 -9999 49.54 68.65 65.62 56.3 61.52 62.64 54.91 -9999 47.21 -9999 -9999 -9999 42.4 -9999 -9999 74.21 76.83 74.37 69.37 72.8 75.58 67.89 69.56 61.03 37.07
-9999 -9999 -9999 -9999 65.23 60.21 -9999 -9999 -9999 -9999 12.6 -9999 -9999 -9999 -9999 54.38 51.27 52.69 64.75 72.89 72.88 71.5 72.35 74.58 79.92 65.58 60.91 67.02 75.87 78.92 74.41 63.88 75.33 -9999 -9999 -9999 -9999 -9999 -9999 -9999 -9999 -9999 -9999 -9999 -9999 -9999 -9999 -9999 -9999 -9999 -9999 -9999 59.96 32.93 -9999 -9999 -9999 55.61 60.71 73.44 68.65 -9999 -9999 -9999 73.08 71.93 72.6 73.34 75.77 73.13 72.77 70.49 61.24 58.19 49.51 43.57 39.06
65.37 65.22 66.75 66.08 62.66 70.46 71.42 69.71 71.8 74.23 -9999 -9999 -9999 36.56 -9999 64.98 61.32 71.82 69.1 73.92 70.32 67.91 67.71 75.79 77.64 78.44 64.27 79.33 81.62 79.83 77.29 77.76 78.87 73.83 77.35 73 71.19 72.75 70.99 73.87 64.74 67.26 62.19 62.62 69.66 66.75 65.53 66.14 65.85 68.59 65.88 61.54 61.24 58.62 69.75 63.55 -9999 62.97 65.56 65.73 -9999 -9999 -9999 -9999 -9999 59.02 59.9 63.31 68.33 71.01 65.88 60.04 55.88 57.04 51.05 48.47 50.48
61.67 68.11 70.85 67.96 66.53 67.54 68.97 63.12 76.58 78.98 68.37 65.55 69.9 -9999 -9999 64.57 70.63 71.64 68.51 68.87 70.99 56.98 70.03 66.52 77.71 76.38 72.67 76.46 79.86 74.29 73.29 75.62 76.46 73.59 70.56 69.89 70.06 71.17 75.04 69.14 60.53 64.58 61.73 66.83 63.25 66.61 63.36 62.99 58.74 55.11 57.14 44.87 -9999 61.58 65.86 57.04 67.1 65.57 59.55 63.47 63.82 -9999 -9999 -9999 -9999 64.26 68.36 65.82 69.52 64.04 61.89 66.02 64.44 63.84 56.69 54.25 58.21
64.27 77.07 74.94 66.3 68.96 73.14 76.75 74.87 71.5 71.75 76.79 68 -9999 -9999 -9999 -9999 -9999 72.56 76.36 69.16 71.15 71.41 68.33 69.85 69.18 73.89 72.43 79.77 83.24 69.29 75.49 66.15 76.97 71.77 62.06 67.97 75.38 78.81 77.88 73.74 58.2 65.01 61.24 64.19 68.18 63.29 66.22 65.04 56.43 58.49 59 71.87 59.63 58.47 57.63 50.08 58 69.14 66.96 56.46 -9999 49.05 58.85 52.24 39.37 65.89 66.9 62.21 62.95 63.33 57.48 60.26 61.8 65.04 64.73 64.49 66.02
62.86 71.07 80.73 77.75 78.64 74.25 76.01 76.12 75.17 72.5 69.58 68.39 71.06 -9999 -9999 -9999 -9999 72.22 74.43 76.43 77.54 79.75 74.51 71.43 74.44 72.28 70.73 76.76 77.01 78.45 74.5 64.49 69.45 52.2 66.13 71.6 72.27 74.62 71.17 76.51 67.2 75.11 68.99 60.62 66.79 63.36 58.81 60.73 54.84 52.48 66.82 74.1 62.24 55.45 55.3 57.23 -9999 58.44 63.09 61.29 57.82 -9999 57.56 60.11 61.32 63.77 61.65 66.21 61.96 60.34 61.07 60.2 60.37 62.06 60.52 63.13 67.08
76.3 72.55 69.1 72.94 72.88 72.18 71.16 74.97 75.37 79.06 75.3 69.16 60.34 71.62 67.92 -9999 64.43 -9999 73.76 74.93 72.14 71.81 72.33 72.69 71.3 66.06 65.9 68.22 73.04 66.32 68.21 64.6 55.05 59.89 31.06 54.89 64.83 72.68 60.38 60.07 58.53 56.09 50.78 61.66 53.29 62.26 55.91 61.99 64.07 66.22 73.18 57.86 52.36 53.43 54.43 59.63 42.83 47.92 49.36 58.36 54.43 57.03 61.03 63.14 69.6 65.53 60.76 62.39 60.69 47.68 60.96 60.83 58.88 55.06 48.97 56.97 55.22
77.98 76.82 74.25 75.14 76.79 76.4 76.9 78.49 74.51 74.11 78.32 74.76 63.59 66.1 71.86 69.45 57.26 72.15 68.85 67.34 71.04 71.96 72.24 73.15 75.78 73.44 72.37 74.62 74.51 68.7 59.18 56.82 -9999 64.43 62.06 -9999 58.02 65.72 58.25 48.57 55.25 57.71 57.83 62.13 -9999 58.43 59.96 55.93 61.91 61.25 58.29 53.14 55.27 54.18 47.39 53.39 -9999 53.81 60.23 49.48 63.65 61.6 64.32 61.61 68.08 65.21 61.19 60.63 55.91 61.69 52.23 55.69 57.06 48.92 47.8 59.96 58.27
68.99 67.61 71.21 74.68 74.22 74.46 72.03 63.17 70.09 76.2 72.53 75.42 71.79 68.34 67.85 67.82 69.31 71.25 80.38 76.43 68.66 70.89 77.7 77.09 77.63 80.32 73.22 70.26 68.6 66.61 64.75 61.44 65.9 63.97 57.87 63.22 63.58 66.83 65.63 56.79 58.78 55.85 64.56 63.53 37.07 58.74 66.2 54.9 37.89 49.7 51.33 53.31 61.85 59.46 71.27 55.83 59.09 56.67 61.12 63.69 67.6 67.76 70.01 67.78 60.28 59.58 59.85 57.41 63.2 65.73 61.2 61.38 54.82 53.34 48.84 59.16 58.37
-9999 41.82 65.86 75.82 68.76 61.16 63.53 69.26 66.91 71.4 74.96 72.77 73.77 65.99 74.25 68.51 73.02 63.98 72.84 77.31 78.85 78.65 78.32 77.25 75.41 75.92 66.85 72.04 78.53 70.34 68.16 68.8 66.62 67.32 63.7 65.96 66.54 65.74 70.05 64.62 60.37 -9999 66.15 -9999 -9999 49.72 -9999 -9999 62.07 55.07 62.42 63.72 63.12 62.87 59.29 65.72 66.24 67.23 69.12 66.03 68.59 64.96 65.46 65.8 69.28 69.94 71.29 66.73 61.68 57.34 56.26 62.41 57.17 58.46 59.98 60.24 59.04
68.97 70.49 68.89 -9999 54.78 68.01 65.68 60.33 68.23 67.24 71.89 70.76 77.19 75.65 70.95 78.16 75.58 74.17 77.36 70.73 74.02 77.74 80.41 77.31 75.11 69.18 70.87 72.24 72.99 75.76 73.79 70.79 70.78 69.89 69.21 65.76 66.95 69.59 70.73 67.69 65.63 66.64 69.48 67.19 70.87 -9999 60.34 57.32 41.31 63.61 63.85 68.51 66.74 56.68 44.3 60.97 61.1 64.86 57.03 65.09 63.88 59.31 65.1 65.88 -9999 68.5 68.78 69.6 69.76 64.99 61.13 56.13 54.99 54.02 57.62 57.32 56.98
64.88 67.96 68.42 -9999 65.89 62.35 63.13 69.37 68.47 56.16 54.25 67.58 71.78 70.58 75.27 79.19 77.12 77.94 72.36 73.35 74.14 81.97 77.68 76.86 73.87 74.97 77.35 77.95 78.26 75.76 75.7 73.39 75.6 70.48 64.79 67.44 67.09 69.34 67.94 67.24 66.68 71.56 72.15 70.06 63.74 60.36 55.44 47.64 64.46 66.94 70.17 62.61 60.84 56.51 61.39 58.19 62.77 59.65 53.66 58.88 54.41 57.5 -9999 61.09 62.92 61.76 64.51 67.56 65.9 54.04 53.85 49.21 51.68 55.41 45.68 49.4 51.46
51.46 64.91 58.54 -9999 63.39 64.92 63.45 63.2 66.32 55.74 58.58 63.55 72.83 77.16 74.83 -9999 71.75 66.4 77.33 78.16 80.52 80.26 82.54 82.16 81.71 77.1 79.28 79.22 75.15 71.08 74.54 70.91 63.97 56.76 71.7 73.68 51.07 68.43 71.63 69.9 63.74 63.25 71.99 69.15 67.52 71.68 67.55 62.01 61.27 58.43 68.85 67.33 67.61 62.3 65.72 -9999 60.92 64.41 63.43 52.55 54.38 53.03 44.25 -9999 37.88 53.34 55.4 57.78 59 58.46 59.15 56.14 55.59 56.32 59.82 62.74 62.86
63.17 59.78 53.81 66.85 65.6 67.19 -9999 54.1 67.74 63.48 63.52 -9999 72.7 68.68 71.82 64.42 63.88 67.1 66.73 71.36 72.66 75.7 78.43 74.89 77.85 79.21 75.4 77.42 74.27 75.12 72.8 76.4 77.68 74.44 79.34 77.86 76.76 74.72 78.6 79.56 75.26 70.29 -9999 70.74 75.16 75.7 75.17 72.34 73.82 74.28 63.96 67.8 65.65 60.53 52.07 34.61 46.78 51.59 67.83 64.45 67.47 57.82 -9999 -9999 59.58 66.42 66.14 56.14 59.65 60.3 54.86 54.95 58.64 42.23 -9999 67.65 69.29
73.25 57.95 56.39 -9999 45.86 50.41 68.34 64.08 60.47 65.03 66.84 75.34 63.36 56.57 54.18 59.91 61.23 64.12 65.86 68.3 75.04 74.24 82.93 76.34 76.7 73.23 73.97 78.48 70.5 74.24 75.7 76.39 72.61 74.38 79.58 75.31 84.24 83.69 79.09 76.03 81.97 83.75 78.31 59.93 60.21 58.4 68.26 54.5 -9999 -9999 45 -9999 -9999 74.5 75.77 67.6 68.59 69.52 74.71 69.89 71.34 44.43 64.61 65.9 65.73 61.57 62.16 59.3 65.96 69.41 60.75 53.35 65.28 67.88 65.29 65.23 69.59
70.53 79.74 71.5 69.16 71.1 71.36 61.78 56.04 59.31 64.6 73.14 42.56 60.98 62.75 59.5 56.2 56.65 59.09 47.27 55.92 65.32 74.12 78.38 81.81 78.66 73.39 75.48 77.13 74.76 78.02 75.44 73.25 74.08 75.03 72.5 74.49 70.48 75.81 78.22 81.83 82.31 83 80.3 81.89 69.73 82.32 80.17 75.48 75.85 73.08 72.13 64.52 79.12 74.58 68.22 54.19 74.84 70.13 59.48 61.64 66.01 54.5 55.13 69.82 70.59 58.06 59.01 62.55 66.99 65.6 63.51 67.48 60.97 58.98 59.73 62.65 53.25
48.76 57.08 73.47 77.16 44.88 74.03 75.47 65.27 72.41 70.25 44.41 34.76 46.36 65.11 61.88 44.35 -9999 59.53 67.95 67.42 72.25 59.98 76.28 84.33 81.02 77.03 73.84 78.09 76.79 75.83 71.71 67.73 67.46 70.95 68.9 75.06 78.05 76.44 78.06 72.5 76.35 77.3 75.57 78.03 78.12 67.3 -9999 56.08 42.28 -9999 70.96 -9999 -9999 68.58 -9999 56.35 71.66 72.01 71.88 57.74 67.51 70.9 43.61 39.4 44.94 50.35 48.13 44.39 43.88 69.62 63.44 -9999 56.3 59.91 59.3 60.62 63.06
-9999 50.6 60.06 63.86 50 51.41 68.94 73.15 60.17 62.59 65.77 69.64 71.38 60 75.33 -9999 48.49 74.56 71.96 67.27 71.25 72.09 69.3 76.07 79.25 80.22 76.23 74.07 71.94 71.56 72.63 77.1 76.78 78.01 80.01 76.9 77.55 78.47 78.92 75.81 76.19 65.89 65.54 70.63 76.74 70.53 69.1 82.68 76.45 -9999 -9999 78.86 -9999 66.8 66.43 -9999 77.47 77.35 71.95 59.31 73.44 75.05 66.48 68.84 -9999 -9999 71.57 61.6 69.54 65.21 69.17 -9999 -9999 57.75 -9999 55.32 51.02
50.06 59.32 69.52 56.28 70.31 61 62.09 67.5 65.84 71.41 -9999 65.5 67.77 71.77 68.86 69.32 68.56 72.96 61.65 75.2 68.71 66 65.83 75.34 72.74 75.16 72.48 69.72 73.43 74 72.59 75.63 75.87 75.72 77.29 79.57 77.25 74.72 78.06 64.86 58.16 59.53 54.52 73.56 70.88 63.67 75.36 76.2 83.09 -9999 75.47 76.45 82.28 77.71 79.76 80.01 67.12 63.2 65.2 67.91 63.21 62.36 72.97 75.75 60.98 75.6 59.6 60.5 65.26 62.05 67.75 58.11 55.39 57.34 61.77 61.4 -9999
63.93 -9999 64.69 -9999 60.84 61.47 76.14 75.11 75.67 72.97 69.17 56.99 -9999 75.95 55.32 71.41 60.23 64.25 58.32 70.33 51.36 62 64.63 57.92 65.63 74.59 74.35 72.9 79.83 72.81 76.71 75.95 75.51 77.11 76.99 74.82 70.25 71.44 -9999 20.38 29.69 29.16 52.17 74.38 72.09 -9999 75.73 82.56 82.71 80.75 83.83 83.34 79.09 83.91 83.39 78.18 -9999 76.51 72.83 66.04 65.74 79.25 76.01 74.45 69.73 55.45 57.45 55.87 63.6 67.96 66.16 69.4 66.19 55.07 58.91 53.49 53.14
61.25 62.16 69.53 67.75 73.24 62.13 67.5 58.43 64.29 66.17 67.19 72.63 70.41 -9999 55.29 67.12 65.27 70.93 63.43 66.91 68.4 65.09 53.64 51.15 59.36 73.33 -9999 61 69.38 74.15 76.63 81.43 85.03 85.99 61.24 71.36 73.4 -9999 -9999 -9999 -9999 39.86 71.1 81.67 81.72 82.46 76.16 67.9 -9999 79.47 87.02 71 59.09 64.89 -9999 74.27 85.47 77.65 -9999 69.61 72.79 79.34 69.39 44.52 67.31 66.52 55.26 -9999 -9999 60.98 62.45 51.29 67.73 60.66 32.61 46.8 54.19
61.21 47.9 -9999 -9999 -9999 -9999 -9999 32.38 41.23 59.17 61.43 71.56 70.48 77.64 79.2 76.69 77.07 70.43 59.54 61.97 52.68 67.27 69.26 71.54 70.49 74.56 76.03 66.91 55.41 74.16 79.92 -9999 82.23 77.24 66.26 72.39 70.19 66.29 61.81 -9999 37.42 44.94 71.75 -9999 71.48 74.59 62.29 -9999 -9999 80.19 83.55 80.48 60.61 47.95 40.16 69.21 80.8 78.91 -9999 75.75 72.37 -9999 -9999 65.24 63.23 70.67 62.25 63.06 62.26 58.96 64.14 53.69 66.28 58.67 55.35 51.33 45.83
-9999 -9999 -9999 -9999 -9999 18.65 -9999 49.21 52.49 68 65.94 71.34 72.25 71.97 78.51 73.09 73.68 74.28 -9999 51.72 53.86 68.87 56.01 63.38 65.56 71.93 72.37 72.91 74.18 77.02 76.62 60.17 -9999 69.8 67.22 -9999 75.64 67.61 66.11 77.2 76.71 73.19 67.64 63.4 46.84 70.8 64.34 79.29 80.65 81.61 84.85 75.87 76.24 61.13 -9999 -9999 72.13 76.32 77.28 76.15 80.69 68.38 72.29 71.49 61.05 67.42 66.66 66 64.89 61.54 68.83 69.43 59.03 55.69 50.75 -9999 36.47
-9999 41.66 46.09 -9999 -9999 60.67 64.12 60.3 64.89 64.8 63.04 66.27 68.86 68.47 -9999 54.16 72.01 74.93 75.14 73.1 54.28 -9999 57.64 62.95 66.92 71.54 72.21 65.8 63.16 46.92 65.67 54.67 56.72 67.51 51.36 69.67 50.97 69.67 -9999 -9999 -9999 -9999 -9999 68.34 54.84 47.53 39.63 74.38 74.58 80.23 75.91 83.95 76.25 83.55 84.33 70.43 78.84 82.17 81.83 76.15 72.74 77.07 74.27 78.74 59.86 62.47 45.75 -9999 55.17 62.28 57.05 58.72 55.51 59.56 55.42 -9999 -9999
49.45 47.94 50.23 46.61 49.07 57.56 58.52 57.12 47.98 57.78 64.35 60.99 63.08 65.89 70.05 65.29 68.74 71.83 64.74 66.66 71.96 58.49 63.38 68.33 69.69 67.5 71.04 74 70.79 73.16 74.8 69.61 67.69 -9999 69.69 61.12 52.39 59.99 70.57 76.8 69.62 79.71 76.64 74.26 79.62 72.97 64.37 82.09 78.03 74.92 77.78 82.3 76.14 79.6 60.76 59.31 77.98 83.94 82.08 66.54 68.37 75.79 66.81 64.18 41.11 61.14 58.94 57.11 58.79 59.79 61.78 58.98 49.24 -9999 -9999 -9999 -9999
59.53 51.48 47.79 51.7 52 55.63 39.88 41.2 44.75 53.65 58.38 63.43 53.79 56.86 60.99 61.75 58.67 64.8 62.84 61.26 63.58 74.99 74.05 70.38 71.67 55.66 69.32 60.04 69.01 67.76 64.56 71.13 70.02 68.51 64.2 66.9 40.02 62.39 69.08 59.16 -9999 78.6 80.82 66.88 79.23 73.43 64.82 74.26 73.12 75.03 81.7 76.84 68.18 76.27 70.3 76.41 78.03 78.35 78.97 -9999 62.89 72.72 51.51 58.8 -9999 71.15 67.71 65.52 76.97 -9999 59.83 -9999 -9999 22.38 -9999 -9999 -9999
61.17 53.63 37.24 53.03 44.12 51.79 42.06 35.05 -9999 55.19 58.2 56.79 55.28 49.18 62.66 57.52 55.93 56.76 53.11 59.31 70.83 67.12 63.32 -9999 62.63 55.14 61.51 53.62 63.91 56.36 63.83 60.5 49.79 59.33 55.75 52.38 58.03 70.24 72.87 59.86 74.31 76.49 76.86 62.69 69.2 64.34 62.37 75.69 77.13 69.87 72.21 81.1 87.3 75.67 70.65 46.4 -9999 64.31 75.82 77.69 75.82 72 77.58 76.95 74.41 60.16 59.19 64.6 67.72 68.87 47.29 -9999 -9999 -9999 -9999 -9999 -9999
54.67 59.11 52.37 -9999 40.66 39.69 47.33 44.01 49.47 58.07 55.88 63.61 58.39 59.32 60.81 53.73 57.26 58.41 58.47 60.49 61.34 63.86 61.35 56.71 62.81 65.74 60.74 47.3 -9999 63.24 57.93 50.44 57.74 71.02 67.96 57.28 -9999 64 74.62 76.93 79.29 75.64 72.17 65.06 68.74 51.03 -9999 64.18 65.36 70.02 66.41 71.94 71.87 72.68 79.66 74.26 -9999 73.2 73.55 75.68 74.18 81.5 83.3 78.08 73.56 68.91 57.35 64.12 72.08 64.29 -9999 -9999 -9999 -9999 -9999 -9999 -9999
62.04 52.9 53.03 44.95 42.56 -9999 46.43 51.13 52.58 60.72 56.96 60.86 61.16 58.08 59.06 60.36 59.96 58.6 58.35 58.21 60.11 54.18 64.03 58.26 49.74 48.81 61.34 47.01 47.13 59.7 56.6 65.9 71 68.1 65 63.27 64.03 72.53 78.84 51.92 63.16 50.38 71.56 73.96 68.5 75.46 74.83 54.57 64.6 69.15 63.17 72.23 78.84 57.75 62.18 71.19 75.74 62.88 75.9 76.24 -9999 71.46 70.12 71.56 75.85 78.74 74.55 67.54 72.36 -9999 -9999 -9999 -9999 -9999 -9999 -9999 -9999
57.8 54.63 50.67 -9999 47.07 51.6 57.53 62.46 60.71 61.53 62.7 61.13 58.35 58.9 57.08 54.76 60.41 62.47 58.04 59.68 47.23 56.64 56.76 58.37 60.54 62.31 65.73 47.54 35.77 42.89 52.97 53.97 -9999 54.81 43.46 71.26 66.09 66.03 59.18 47.09 56.99 65.78 75.03 77.65 76.23 73.1 65.55 65.35 61.13 56.59 58.37 67 75.33 -9999 60.61 61.75 75.85 70.7 71.12 66.49 67.68 78.51 76.91 75.58 77.54 73.12 67.79 72.35 58.11 -9999 -9999 -9999 -9999 -9999 -9999 -9999 -9999
54.33 57.7 55.94 52.58 49.37 51.58 45.97 55.21 58.78 61 58.35 57.32 50.34 54.34 50.31 54.26 55.03 55.89 54.16 54.8 52.38 56.77 53.29 50.05 59.17 67.62 69.76 58.3 44.63 46.16 49.15 56.77 60.83 -9999 48.71 58.06 23.2 56.09 57.81 60.87 66.05 70 74.41 73.09 66.91 72.74 64.78 -9999 -9999 69.55 69.41 71.28 70.79 75.4 71.45 60.66 71.92 67.27 74.01 65.83 71.28 74 76.21 74.71 56.24 69.38 69.55 -9999 -9999 -9999 -9999 -9999 -9999 -9999 -9999 -9999 -9999
53.33 45.17 51.07 52.61 52.12 47.25 53.03 58.09 59.99 53.47 47.56 52.67 56.95 54.6 55.01 55.72 54.78 49.05 58.96 54.07 56.2 55.27 52.02 50.9 60.25 49.2 59.35 54.09 54.5 55.81 71.96 67.82 62.36 40.55 53.71 47.09 21.63 -9999 58.48 -9999 61.51 64.36 54.55 64.15 59.13 46.2 53.37 -9999 41.91 61.49 58.99 62.7 70.4 75.39 77.06 76.03 63.53 64.23 70.51 73.05 74.25 66.93 70.55 61.24 73.5 71.92 71.25 -9999 -9999 -9999 -9999 -9999 -9999 -9999 -9999 -9999 -9999
47.17 48.87 50.86 51.15 49.63 52.5 53.73 52.16 52.29 54.49 56.06 53.97 54.16 55.06 55.06 52.85 50.89 48.94 54.99 64.13 41.42 -9999 -9999 46.11 54.38 57.78 50.82 24.89 -9999 67.49 62.83 64.68 66.13 59.24 61.72 56.79 56.91 -9999 53.79 60.42 60.5 61.47 60.75 55.57 62.36 53.45 31.13 59.2 45.69 63.75 61.29 69.56 67.32 -9999 75.42 75.48 74.76 79.42 73.41 71.67 67.66 72.58 66.73 72.19 69.24 66.74 65.65 -9999 -9999 -9999 -9999 -9999 -9999 -9999 -9999 -9999 -9999
