resultados/variables_norteamerica/landcover_veg_bare.asc
ncols 469
nrows 225
xllcorner -169.133333
yllcorner 20.675000
cellsize 0.249840
NODATA_value -9999
[rows 144 to 179 of 225, columns 160 to 239 of 469]
-9999 -9999 -9999 -9999 -9999 -9999 -9999 -9999 -9999 -9999 -9999 -9999 -9999 -9999 -9999 -9999 -9999 -9999 -9999 -9999 0.4 0.08 0.01 0.33 1.12 1.1 0.61 0.95 0.39 4.2 6.87 7.17 11.88 20.56 36.62 46.2 43.4 53.75 55.93 79.04 91.14 84.66 72.01 62.24 47.51 35.14 40.38 54.44 50.42 42.42 40.17 39.96 43.79 42.79 36.44 25.77 41.37 59.28 48.58 52.56 88.76 96.61 92.43 90.26 48.22 47.59 18.24 -9999 16.94 7.02 10.15 12.63 8.98 16.14 22.42 23.73 21.05 16.11 13.57 20.38
-9999 -9999 -9999 -9999 -9999 -9999 -9999 -9999 -9999 -9999 -9999 -9999 -9999 -9999 -9999 -9999 -9999 -9999 -9999 0.24 0.08 1.07 0.45 0.65 0.88 0.37 2.31 6.65 4.12 0.33 4.01 3.24 6.87 7.13 38.84 60.34 63.47 87.34 84.93 71.16 80.66 72.91 65.62 51.32 42.59 38.54 39.57 59.64 54.84 41.37 44.18 36.81 36.73 41.79 25.35 41.18 57.59 43.69 55.26 46.58 86.8 98.95 92.66 89.01 44.91 37.29 24.97 16.3 22.62 13.44 8.03 12.04 11.26 17.49 18.4 22.69 20.17 24.71 33.23 46.29
-9999 -9999 -9999 -9999 -9999 -9999 -9999 -9999 -9999 -9999 -9999 -9999 -9999 -9999 -9999 -9999 -9999 -9999 -9999 0.05 0.09 0.22 0.44 0.24 0.89 7.33 10.41 6.71 6.05 4.73 0.55 0.97 1.48 2.66 19.92 -9999 72.8 86.94 67.24 82.46 90.86 83.24 66.94 54.69 70.35 45.73 44.13 65.22 46.7 48.65 53.47 47.27 38.63 47.12 30.4 55.32 52.21 62.77 57.17 58.69 72.91 88.72 99.98 93.21 67.87 32.43 26.73 31.75 26.99 10.39 7.27 5.58 9.37 30.88 32.88 32.91 31.4 51.71 69.47 62.32
-9999 -9999 -9999 -9999 -9999 -9999 -9999 -9999 -9999 -9999 -9999 -9999 -9999 -9999 -9999 -9999 -9999 -9999 -9999 -9999 -9999 0.41 1.99 1.25 1.28 1.51 9.83 7.62 6.62 5.99 0.19 4.44 0.59 1.2 8.41 19.98 54.62 49.45 -9999 86.2 95.45 91.07 55.68 74.88 54.87 59.06 44.51 43.24 48.02 48.04 50.18 56.25 54.93 45.94 35.32 44.16 45.09 48.21 46.86 56.4 58.32 64.32 99.51 76.17 48.84 32.6 28.46 37.04 35.43 9.64 8.48 11.63 11.55 30.07 36.31 52.51 68.65 81.96 79.34 81.29
-9999 -9999 -9999 -9999 -9999 -9999 -9999 -9999 -9999 -9999 -9999 -9999 -9999 -9999 -9999 -9999 -9999 -9999 -9999 -9999 -9999 0.03 1.07 2.68 2.64 1.14 10.76 9.24 4.95 4.55 0.32 0.63 0.27 1.05 3.92 23.49 40.78 68.83 52.24 80.49 93.41 96.22 94.38 78.67 75.7 62.12 49.21 45.08 46.33 57.52 48.93 42.52 48.06 41.95 38.95 45.26 37.66 51.56 39.1 51.44 33.78 55.82 73.59 72.92 53.2 47.45 47.5 39.67 33.76 15.48 15.39 6.31 17.68 23.26 22.28 38.96 67.85 79.7 73.45 55.83
-9999 -9999 -9999 -9999 -9999 -9999 -9999 -9999 -9999 -9999 -9999 -9999 -9999 -9999 -9999 -9999 -9999 -9999 -9999 -9999 -9999 0.73 0.52 1.84 1.54 0.74 10.34 10.53 3.15 2.93 4.19 0.28 0.17 0.64 4.19 11.66 21.27 53.68 71.74 85.85 88.19 67.49 60.22 59.18 64.03 58.19 55.37 59.43 44.28 55.28 66.22 66.02 38.7 51.51 55.79 42.29 38.15 46.78 49.99 59 65.9 74.16 82.25 74.4 75.63 73.71 58.38 36.81 38.19 18.28 20.5 7.19 25.3 49.81 56.68 18.09 31.9 36.15 35.98 25.57
-9999 -9999 -9999 -9999 -9999 -9999 -9999 -9999 -9999 -9999 -9999 -9999 -9999 -9999 -9999 -9999 -9999 -9999 -9999 -9999 -9999 0.04 0.01 1.87 1.79 2.5 7.84 7.92 4.51 3.17 4.84 2.12 0.54 0.13 7.27 7.35 7.35 29.71 57.12 87.19 89.08 72.64 93.25 90.26 70.88 44.05 66.84 50.49 53.19 71.47 41.46 61.81 50.78 60.54 45.23 48.58 37.27 38.69 37.52 40.44 60.7 72.49 74.74 65.12 90.41 60.44 44.8 26.72 32.88 28.15 13.79 19.83 41.93 59.58 71.57 62.1 50.29 16.75 20 42
-9999 -9999 -9999 -9999 -9999 -9999 -9999 -9999 -9999 -9999 -9999 -9999 -9999 -9999 -9999 -9999 -9999 -9999 -9999 -9999 -9999 -9999 0.11 1.93 2.8 5.24 8.59 9.68 7.69 5.52 6.11 4.95 0.88 0.03 0.11 6.63 -9999 28.84 34.06 76.83 71.6 93.4 98.27 87.77 86.97 61.92 44.31 41.79 80.16 46.52 52.95 38.27 69.05 62.18 50.78 38.77 44.55 39.8 45.89 35.7 72.25 84.2 56.95 76.59 -9999 65.86 48.57 24.64 26.54 27.85 10.89 35.91 68.89 83.55 83.39 86.41 72.71 46.29 61.05 82.07
-9999 -9999 -9999 -9999 -9999 -9999 -9999 -9999 -9999 -9999 -9999 -9999 -9999 -9999 -9999 -9999 -9999 -9999 -9999 -9999 -9999 -9999 -9999 0.48 1.89 1.62 6.35 7.36 8.51 9.2 5.69 9.79 2.68 0.71 1.05 6.03 12.68 22.07 37.28 61.28 83.82 -9999 96.77 91.64 93.81 67.62 42.91 39.68 70.05 51.69 43.48 49.56 67.84 68.82 65.07 43.18 41.48 28.75 51.11 32.98 61.95 67.33 66.65 79.7 61.67 48.96 26.88 15.8 29.47 24.22 14.96 62.59 88.96 77.39 87.13 96.66 94.73 89.2 83.28 71.33
-9999 -9999 -9999 -9999 -9999 -9999 -9999 -9999 -9999 -9999 -9999 -9999 -9999 -9999 -9999 -9999 -9999 -9999 -9999 -9999 -9999 -9999 -9999 0.43 0.49 3.5 1.47 4.2 5.02 6.87 11.53 11.06 6.3 0.8 0.15 1.83 17.29 16.06 23.18 33.16 60.2 47.17 94.04 87.33 81.96 83.02 75.9 74.01 52.4 51.06 43.1 63.07 88.82 88.37 69.81 47.61 47.42 36.34 44.2 58.91 54.2 73.72 54.2 54.78 50.88 33.12 16.78 24.32 16.28 21.69 23.28 82.78 97.67 98.62 95.05 92.25 92.67 84.38 75.91 29.03
-9999 -9999 -9999 -9999 -9999 -9999 -9999 -9999 -9999 -9999 -9999 -9999 -9999 -9999 -9999 -9999 -9999 -9999 -9999 -9999 -9999 -9999 -9999 -9999 -9999 1.44 2.28 4.12 5.35 3.1 3.63 3.35 4.06 1.76 0.48 0.11 3.22 18.92 32.76 26.43 44.55 49.91 58.77 80.64 88.09 94.24 97.32 88.65 88.88 49.94 73.85 85.99 88.4 87.17 42.8 58.81 57.59 42.67 37.35 25.75 41.03 43.27 33.43 54.92 42.74 31.96 14.49 26.21 34.52 45.25 32.47 66.35 95.13 95.59 96.23 86.06 88.11 88.2 75.92 37.79
-9999 -9999 -9999 -9999 -9999 -9999 -9999 -9999 -9999 -9999 -9999 -9999 -9999 -9999 -9999 -9999 -9999 -9999 -9999 -9999 -9999 -9999 -9999 -9999 -9999 0.69 3.32 -9999 -9999 8.22 -9999 9.15 2.41 3.33 2.23 0.78 0.44 24.19 33.43 40.75 37.61 71.15 58.76 79.73 97.65 97.81 92.64 91.45 93.89 88.81 70.08 76.79 88.97 45.44 61.76 73.46 57.43 58.61 45.67 34.05 28.47 31.23 47.06 68.66 47.4 32.76 22.86 23.41 27.87 23.28 16.36 29.72 74.66 42.95 93.89 87.48 71.4 65.29 58.4 49.79
-9999 -9999 -9999 -9999 -9999 -9999 -9999 -9999 -9999 -9999 -9999 -9999 -9999 -9999 -9999 -9999 -9999 -9999 -9999 -9999 -9999 -9999 -9999 -9999 -9999 -9999 -9999 -9999 4.59 8.12 8.2 8.82 4.87 1.45 3.63 3.4 2.01 2.88 16.4 44.29 26.96 39.76 64.02 55.7 85.08 73.17 98.34 87.92 89.7 86.93 82.56 66.4 82.31 84.35 60.27 62.79 57.98 67.99 50.56 44.26 28.26 50.09 49.66 61.14 42.86 16.41 25.12 35.68 37.66 20.78 55.46 75.45 80.77 82.63 74.96 87.04 45.55 18.16 16.2 33.27
-9999 -9999 -9999 -9999 -9999 -9999 -9999 -9999 -9999 -9999 -9999 -9999 -9999 -9999 -9999 -9999 -9999 -9999 -9999 -9999 -9999 -9999 -9999 -9999 -9999 -9999 -9999 -9999 22.97 6.27 10.9 9.41 6.88 5.91 2.6 4.75 4.46 0.88 7.76 25.06 22.24 44.7 74.16 67.11 55.37 76.82 67.78 87.75 79.79 84.9 94.48 88.15 74.66 63.12 64.81 57.34 61.6 50.57 36.22 30.78 24.65 26.88 25.38 25.03 13.92 14.53 23.23 23.05 50.52 40.29 50.96 78.34 88.24 84.14 85.85 81.12 57.05 35.11 53.69 51.1
-9999 -9999 -9999 -9999 -9999 -9999 -9999 -9999 -9999 -9999 -9999 -9999 -9999 -9999 -9999 -9999 -9999 -9999 -9999 -9999 -9999 -9999 -9999 -9999 -9999 -9999 -9999 0.78 12.29 13.88 8.36 10.36 5.12 7.4 4.63 2.61 1.88 3.23 2.08 2.52 10.01 60.45 52.5 61.13 69.89 81.51 67.92 82.52 85.11 76.56 70.04 50.35 63.52 78.26 85.65 68.03 68.03 40.45 39.43 33.16 34.76 34.63 26.25 32.7 26.21 23.59 29.15 32.6 56.04 71.76 77.61 66.6 72.84 82.07 89.55 93.02 79.67 79.45 86.27 83.35
-9999 -9999 -9999 -9999 -9999 -9999 -9999 -9999 -9999 -9999 -9999 -9999 -9999 -9999 -9999 -9999 -9999 -9999 -9999 -9999 -9999 -9999 -9999 -9999 -9999 -9999 -9999 0.64 0.27 1.36 5.69 2.94 8.13 5.5 3.14 5.6 7.79 2.44 2.93 1.83 8.61 40.65 62.4 64.68 59.06 85.95 86.49 82.07 76.7 80.59 64.9 57.6 80.04 78.45 79.45 92.41 70.03 62.03 58.45 52.16 56.12 44.03 52.77 62.84 45.83 45.19 52.74 49.53 60.08 89.89 87.96 71.39 77.55 66.69 81.89 93.8 93.89 97.5 98.21 92.55
-9999 -9999 -9999 -9999 -9999 -9999 -9999 -9999 -9999 -9999 -9999 -9999 -9999 -9999 -9999 -9999 -9999 -9999 -9999 -9999 -9999 -9999 -9999 -9999 -9999 -9999 -9999 -9999 -9999 9.78 4.88 5.68 12.66 16.27 9.53 8.54 14.49 16.23 5.69 3.83 1.22 6.89 35.46 64.74 69.29 94.37 89.4 90.71 79.46 84.37 76.69 76.83 88.46 91.65 97.37 78.57 63.09 81.87 79.8 77.29 58.94 30.2 46.38 68 77.46 71.73 65.8 31.71 49.09 77.67 91.8 91 89.63 68.05 49.24 84.98 95.1 98.41 93.75 68.16
-9999 -9999 -9999 -9999 -9999 -9999 -9999 -9999 -9999 -9999 -9999 -9999 -9999 -9999 -9999 -9999 -9999 -9999 -9999 -9999 -9999 -9999 -9999 -9999 -9999 -9999 -9999 -9999 -9999 6.37 9.85 9.46 12.21 18.5 20.85 10.35 11.22 18.98 14.85 7.44 2.15 4.34 49.92 58.73 75.03 77.71 72.59 88.59 98.44 96.79 89.92 96.22 86.14 88.44 95.26 74.25 56.9 91.42 91.81 73.13 41.22 33.38 48.87 57.17 66.44 62.33 48.56 8.28 38.92 83.18 84.91 83.35 82.32 72.57 52.1 44.69 79.11 94.01 96.07 65.7
-9999 -9999 -9999 -9999 -9999 -9999 -9999 -9999 -9999 -9999 -9999 -9999 -9999 -9999 -9999 -9999 -9999 -9999 -9999 -9999 -9999 -9999 -9999 -9999 -9999 -9999 -9999 -9999 -9999 0.45 4.75 15.64 13.52 11.45 13.21 13.97 9.81 8.4 5.76 10.49 6 1.16 15.75 18.3 59.72 82.94 90.6 93.21 81.61 98.58 93.37 95.64 87.31 38.36 44.2 81.29 83.69 86.26 86.8 48.19 49.97 37.9 34.44 41.89 40.47 62.94 58.85 21.48 16.8 74.4 88.11 89.29 91.47 83.9 68.8 47.79 35.51 70.35 91.26 48.56
-9999 -9999 -9999 -9999 -9999 -9999 -9999 -9999 -9999 -9999 -9999 -9999 -9999 -9999 -9999 -9999 -9999 -9999 -9999 -9999 -9999 -9999 -9999 -9999 -9999 -9999 -9999 -9999 -9999 -9999 1.79 8.11 13.7 11.43 13.86 16.32 16.97 7.38 7.11 6.04 10.55 3.31 4.37 12.97 47.76 76.46 71.84 95.08 71.82 98.46 81.65 94.48 89.71 89.29 53.57 76.23 70.77 69.61 62.9 58.84 50.37 48.41 33.41 50.78 37.68 63.82 58.37 38.7 35.43 57.25 95.66 98.22 96.59 94.81 80.71 73.85 61.16 81.64 87.01 25.6
-9999 -9999 -9999 -9999 -9999 -9999 -9999 -9999 -9999 -9999 -9999 -9999 -9999 -9999 -9999 -9999 -9999 -9999 -9999 -9999 -9999 -9999 -9999 -9999 -9999 -9999 -9999 -9999 -9999 -9999 -9999 4.48 8.86 14.15 19.46 19.39 17 22.66 14.81 13.86 13.39 6.45 10.87 30.29 44.97 91.13 88.14 90.59 88.43 97.88 99.54 97.62 89.69 86.16 75.39 83.26 83.69 83.06 83.5 56.61 50.71 44.25 52.72 42.63 24.45 50.12 55.65 52.72 29.56 36.63 88.52 97.53 96.98 94.83 85.8 79.21 55.13 58.97 72.72 19.97
-9999 -9999 -9999 -9999 -9999 -9999 -9999 -9999 -9999 -9999 -9999 -9999 -9999 -9999 -9999 -9999 -9999 -9999 -9999 -9999 -9999 -9999 -9999 -9999 -9999 -9999 -9999 -9999 -9999 -9999 -9999 -9999 1.91 6.04 19.92 22.7 22.82 26.81 14.15 10.9 18.01 14.77 13.63 31.91 63.56 75.28 82.59 92.87 90.32 89.75 94.45 96.27 97.52 90.83 74.9 85.96 69.02 76.68 64.76 48.95 69.66 45.63 51.46 42.75 40.27 35.79 45.13 48.44 37.99 35.27 64.41 92.93 99.61 95.89 92.95 79.24 78.75 70.57 43.95 24.38
-9999 -9999 -9999 -9999 -9999 -9999 -9999 -9999 -9999 -9999 -9999 -9999 -9999 -9999 -9999 -9999 -9999 -9999 -9999 -9999 -9999 -9999 -9999 -9999 -9999 -9999 -9999 -9999 -9999 -9999 -9999 -9999 -9999 4.81 6.78 13.03 22.74 26.14 27.01 18.99 22.31 18.67 13.28 28.32 71.57 76.54 71.57 72.7 82.87 85.53 97.71 95.58 98.1 70.92 70.34 71.11 64.08 69.01 60.55 42.03 46.32 53.55 42.03 38.71 41.25 43 36.95 26.89 15.11 9.62 18.74 63.05 96.08 94.45 97.52 88.62 90.91 90.81 67.14 50.36
-9999 -9999 -9999 -9999 -9999 -9999 -9999 -9999 -9999 -9999 -9999 -9999 -9999 -9999 -9999 -9999 -9999 -9999 -9999 -9999 -9999 -9999 -9999 -9999 -9999 -9999 -9999 -9999 -9999 -9999 -9999 -9999 -9999 -9999 12.37 5.29 11.96 24.17 29.26 22.82 16.26 12.51 17.4 50.88 69.36 76.47 89.47 87.84 80.32 91.84 98.19 97.01 98.02 91.24 70.63 57.09 65.35 75.81 68.5 48.77 47.8 36.78 39.6 38.23 31.91 39.52 38.45 24.21 11.65 4.24 10.66 49.77 92.45 94.94 93.02 97.35 96.59 98.3 81.94 67.61
-9999 -9999 -9999 -9999 -9999 -9999 -9999 -9999 -9999 -9999 -9999 -9999 -9999 -9999 -9999 -9999 -9999 -9999 -9999 -9999 -9999 -9999 -9999 -9999 -9999 -9999 -9999 -9999 -9999 -9999 -9999 -9999 -9999 -9999 11.55 8.27 6.48 11.7 19.27 27.18 17 23.17 37.71 44.71 63.5 77.22 76.02 76.56 75.95 79.41 94.23 93.44 96.68 89.7 65.54 80.64 88.61 89.5 67.74 73.92 71.85 35.61 41.1 34.09 24.32 25.46 41.95 38.16 34.07 27.1 10.46 22.58 46.36 70.78 83.09 86.86 97 94.28 84.84 72.73
-9999 -9999 -9999 -9999 -9999 -9999 -9999 -9999 -9999 -9999 -9999 -9999 -9999 -9999 -9999 -9999 -9999 -9999 -9999 -9999 -9999 -9999 -9999 -9999 -9999 -9999 -9999 -9999 -9999 -9999 -9999 -9999 -9999 -9999 6.03 5.14 4.89 4.66 4.22 4.77 8.62 9.36 14.71 25.77 44.75 70.72 72.47 60.98 70.84 91.71 98.34 97.41 99.71 99.6 95.95 95.89 90.82 92.66 91.86 72.45 70.67 54.91 44.06 36.12 32.19 28.16 19.73 30.45 26.37 31.47 17.11 6.11 9.13 23.54 47.43 66.04 73.77 74.16 73.28 70.58
-9999 -9999 -9999 -9999 -9999 -9999 -9999 -9999 -9999 -9999 -9999 -9999 -9999 -9999 -9999 -9999 -9999 -9999 -9999 -9999 -9999 -9999 -9999 -9999 -9999 -9999 -9999 -9999 -9999 -9999 -9999 -9999 -9999 -9999 -9999 -9999 -9999 -9999 -9999 8.07 10.38 12.39 19.49 10.43 7.29 8.57 20.78 25.13 30.17 52.78 86.05 97.41 98.94 97.53 99.91 99.64 98.23 85.46 96.24 85.08 76.67 61.57 46.5 40.7 38.78 31.35 23.66 18.22 28.18 18.76 14.71 13.95 6.82 2.44 9.09 16.38 30.05 29.83 40.03 53.93
-9999 -9999 -9999 -9999 -9999 -9999 -9999 -9999 -9999 -9999 -9999 -9999 -9999 -9999 -9999 -9999 -9999 -9999 -9999 -9999 -9999 -9999 -9999 -9999 -9999 -9999 -9999 -9999 -9999 -9999 -9999 -9999 -9999 -9999 -9999 -9999 -9999 -9999 -9999 -9999 -9999 5.92 9.34 31.49 24.87 17.99 27.53 26.67 13.02 15.22 55.6 78.94 89.48 98.51 99.16 99.79 99.93 99.71 82.2 68.02 93.56 66.04 43.46 37.14 30.98 34.36 32.71 22.87 21.33 18.83 12.84 22.01 13 13 15.77 14.19 5.27 1.29 6.77 20.12
-9999 -9999 -9999 -9999 -9999 -9999 -9999 -9999 -9999 -9999 -9999 -9999 -9999 -9999 -9999 -9999 -9999 -9999 -9999 -9999 -9999 -9999 -9999 -9999 -9999 -9999 -9999 -9999 -9999 -9999 -9999 -9999 -9999 -9999 -9999 -9999 -9999 -9999 -9999 -9999 -9999 -9999 -9999 -9999 27.79 21.41 12.22 24.73 24.8 17.65 55.81 73.94 86.15 89 93.03 99.24 98.94 98.56 59.13 94.44 94.51 73.26 52.21 45.05 36.99 49.64 41.2 34.71 29.84 27.12 23.33 20.14 13.8 20.4 20.96 22.78 19.56 2.24 2.36 4.9
-9999 -9999 -9999 -9999 -9999 -9999 -9999 -9999 -9999 -9999 -9999 -9999 -9999 -9999 -9999 -9999 -9999 -9999 -9999 -9999 -9999 -9999 -9999 -9999 -9999 -9999 -9999 -9999 -9999 -9999 -9999 -9999 -9999 -9999 -9999 -9999 -9999 -9999 -9999 -9999 -9999 -9999 -9999 -9999 -9999 15.77 6.84 15.95 23.59 23.97 37.25 55.47 50.11 97.64 98.66 97.64 99.66 80.54 49.01 96.49 76.78 63.68 69.45 69.71 64.25 67.62 46.71 36.93 41.55 34.29 28.35 23.25 20.41 25.09 23.56 12.92 14.74 13.93 5.88 5
-9999 -9999 -9999 -9999 -9999 -9999 -9999 -9999 -9999 -9999 -9999 -9999 -9999 -9999 -9999 -9999 -9999 -9999 -9999 -9999 -9999 -9999 -9999 -9999 -9999 -9999 -9999 -9999 -9999 -9999 -9999 -9999 -9999 -9999 -9999 -9999 -9999 -9999 -9999 -9999 -9999 -9999 -9999 -9999 -9999 -9999 -9999 10.52 10.46 13.9 30.66 88.88 89.28 -9999 75.51 99.82 99.82 80.13 86.42 90.34 68.25 64.91 83.56 70.96 74.25 58.05 35.06 31.04 42.19 31.38 34.99 25.15 20.42 20.51 31.33 24.6 22.8 15.71 24.99 21.19
-9999 -9999 -9999 -9999 -9999 -9999 -9999 -9999 -9999 -9999 -9999 -9999 -9999 -9999 -9999 -9999 -9999 -9999 -9999 -9999 -9999 -9999 -9999 -9999 -9999 -9999 -9999 -9999 -9999 -9999 -9999 -9999 -9999 -9999 -9999 -9999 -9999 -9999 -9999 -9999 -9999 -9999 -9999 -9999 -9999 -9999 -9999 16.25 15.98 13.56 21.79 86.33 99.11 72.08 5.26 63.64 99.64 95.55 88.67 90.31 85.45 94.76 91.14 77.8 69.19 52.4 58.55 59.91 36.94 41.51 29.6 31.32 29.84 28.4 25.71 22.98 28.74 30.25 32.58 39.58
-9999 -9999 -9999 -9999 -9999 -9999 -9999 -9999 -9999 -9999 -9999 -9999 -9999 -9999 -9999 -9999 -9999 -9999 -9999 -9999 -9999 -9999 -9999 -9999 -9999 -9999 -9999 -9999 -9999 -9999 -9999 -9999 -9999 -9999 -9999 -9999 -9999 -9999 -9999 -9999 -9999 -9999 -9999 -9999 -9999 -9999 -9999 17.25 25.02 17.71 12.74 57.15 97.51 73.97 7.87 41.65 99.5 93.25 59.92 88.62 76.53 78.71 92.44 92.9 87.02 82.92 69.24 65.08 49.63 41.35 34.19 36.6 30.57 28.62 27.24 26.12 28.17 30.58 39.28 36.15
-9999 -9999 -9999 -9999 -9999 -9999 -9999 -9999 -9999 -9999 -9999 -9999 -9999 -9999 -9999 -9999 -9999 -9999 -9999 -9999 -9999 -9999 -9999 -9999 -9999 -9999 -9999 -9999 -9999 -9999 -9999 -9999 -9999 -9999 -9999 -9999 -9999 -9999 -9999 -9999 -9999 -9999 -9999 -9999 -9999 -9999 -9999 -9999 28.6 21.99 29.28 35.84 65.41 97.53 61.63 37.98 27.48 28.86 73.13 95.08 95.33 99.46 99.58 98.17 83.53 68.08 54.47 59.21 63.91 51.02 36.09 34.03 34.48 23.97 34.43 20.64 29.17 30.3 55.11 41.01
-9999 -9999 -9999 -9999 -9999 -9999 -9999 -9999 -9999 -9999 -9999 -9999 -9999 -9999 -9999 -9999 -9999 -9999 -9999 -9999 -9999 -9999 -9999 -9999 -9999 -9999 -9999 -9999 -9999 -9999 -9999 -9999 -9999 -9999 -9999 -9999 -9999 -9999 -9999 -9999 -9999 -9999 -9999 -9999 -9999 -9999 -9999 -9999 -9999 19.39 27.88 30.63 37.7 83.16 98.69 56.71 15.9 87.58 99.97 99.97 98.17 95.2 98.31 95.82 78.98 65.64 64.86 63.72 57.54 47.82 46.7 41.29 39.82 26.63 27.98 33.07 29.88 40.24 38.23 44.52
-9999 -9999 -9999 -9999 -9999 -9999 -9999 -9999 -9999 -9999 -9999 -9999 -9999 -9999 -9999 -9999 -9999 -9999 -9999 -9999 -9999 -9999 -9999 -9999 -9999 -9999 -9999 -9999 -9999 -9999 -9999 -9999 -9999 -9999 -9999 -9999 -9999 -9999 -9999 -9999 -9999 -9999 -9999 -9999 -9999 -9999 -9999 -9999 -9999 15.46 24.92 27.81 28.87 66.25 99.08 77.4 47.74 84.83 100 100 99.78 99.56 95.45 95.63 79.42 54.76 62.83 68.94 47.56 34.71 40.16 46.33 46.51 39.02 31.34 36.44 36.92 47.25 36.53 26.73
