resultados/variables_norteamerica/landcover_veg_tree.asc
ncols 469
nrows 225
xllcorner -169.133333
yllcorner 20.675000
cellsize 0.249840
NODATA_value -9999
[rows 70 to 104 of 225, columns 312 to 389 of 469]
-9999 -9999 -9999 -9999 -9999 -9999 -9999 -9999 -9999 -9999 -9999 -9999 -9999 -9999 -9999 -9999 -9999 -9999 -9999 -9999 -9999 -9999 -9999 -9999 -9999 -9999 -9999 -9999 -9999 -9999 -9999 -9999 -9999 -9999 -9999 -9999 -9999 -9999 -9999 -9999 -9999 -9999 -9999 -9999 -9999 -9999 -9999 -9999 -9999 -9999 -9999 -9999 -9999 -9999 6.53 6.88 8.25 8.09 6.96 7.29 6.56 6.25 6.53 -9999 6.87 7.57 7.95 5.44 5.76 5.61 4.54 4.73 4.85 4.74 3.7 3.33 -9999 3.64
-9999 -9999 -9999 -9999 -9999 -9999 -9999 -9999 -9999 -9999 -9999 -9999 -9999 -9999 -9999 -9999 -9999 -9999 -9999 -9999 -9999 -9999 -9999 -9999 -9999 -9999 -9999 -9999 -9999 -9999 -9999 -9999 -9999 -9999 -9999 -9999 -9999 -9999 -9999 -9999 -9999 -9999 -9999 -9999 -9999 -9999 -9999 -9999 -9999 -9999 -9999 -9999 9.92 10.71 9.67 9.86 6.55 7.85 6.77 7.55 7.93 6.88 6.6 6.41 7.61 6.63 7.85 6.73 4.77 -9999 4.5 5.77 6.13 5.24 4.33 3.34 3.93 -9999
-9999 -9999 -9999 -9999 -9999 -9999 -9999 -9999 -9999 -9999 -9999 -9999 -9999 -9999 -9999 -9999 -9999 -9999 -9999 -9999 -9999 -9999 -9999 -9999 -9999 -9999 -9999 -9999 -9999 -9999 -9999 -9999 -9999 -9999 -9999 -9999 -9999 -9999 -9999 -9999 -9999 -9999 -9999 -9999 -9999 -9999 -9999 -9999 -9999 -9999 -9999 8.49 9.04 9.69 8.8 10.34 9.22 8.94 6.49 6.93 8.13 8.41 8.92 8.26 8.2 7.46 9.39 7.1 5.78 4.99 5.61 5 5.43 5.95 4.86 -9999 4.83 5.19
-9999 -9999 -9999 -9999 -9999 -9999 -9999 -9999 -9999 -9999 -9999 -9999 -9999 -9999 -9999 -9999 -9999 -9999 -9999 -9999 -9999 -9999 -9999 -9999 -9999 -9999 -9999 -9999 -9999 -9999 -9999 -9999 -9999 -9999 -9999 -9999 -9999 -9999 -9999 -9999 -9999 -9999 -9999 -9999 -9999 -9999 -9999 -9999 -9999 -9999 -9999 -9999 8.67 8.41 8.38 8.6 9.61 9.62 8.04 8.49 7.61 7.41 7.45 6.97 8.85 10.09 9.76 9.03 6.33 6.1 6.62 5.43 5.45 5.02 5.77 6.43 7.14 6.3
-9999 -9999 -9999 -9999 -9999 -9999 -9999 -9999 -9999 -9999 -9999 -9999 -9999 -9999 -9999 -9999 -9999 -9999 -9999 -9999 -9999 -9999 -9999 -9999 -9999 -9999 -9999 -9999 -9999 -9999 -9999 -9999 -9999 -9999 -9999 -9999 -9999 -9999 -9999 -9999 -9999 -9999 -9999 -9999 -9999 -9999 -9999 -9999 -9999 -9999 -9999 -9999 -9999 7.44 8.49 7.77 7.54 8.64 8.07 7.55 9.44 7.78 8.6 8.85 -9999 11.67 12.98 11.22 9.65 7.85 6.12 5.99 6.44 6.14 6.47 7.04 7.65 6.95
-9999 -9999 -9999 -9999 -9999 -9999 -9999 -9999 -9999 -9999 -9999 -9999 -9999 -9999 -9999 -9999 -9999 -9999 -9999 -9999 -9999 -9999 -9999 -9999 -9999 -9999 -9999 -9999 -9999 -9999 -9999 -9999 -9999 -9999 -9999 -9999 -9999 -9999 -9999 -9999 -9999 -9999 -9999 -9999 -9999 -9999 -9999 -9999 -9999 -9999 -9999 -9999 -9999 -9999 -9999 -9999 8.82 8.83 8.26 5.8 8.36 7.99 9.3 8.04 6.09 9.47 11.27 8.87 7.66 7.11 6.29 6.7 6.53 7.06 8.7 8.54 5.95 5.97
-9999 -9999 -9999 -9999 -9999 -9999 -9999 -9999 -9999 -9999 -9999 -9999 -9999 -9999 -9999 -9999 -9999 -9999 -9999 -9999 -9999 -9999 -9999 -9999 -9999 -9999 -9999 -9999 -9999 -9999 -9999 -9999 -9999 -9999 -9999 -9999 -9999 -9999 -9999 -9999 -9999 -9999 -9999 -9999 -9999 -9999 -9999 -9999 -9999 -9999 -9999 -9999 -9999 -9999 -9999 -9999 -9999 12.24 10.74 9.36 9.66 9 10.25 7.56 7.01 9.59 10.33 11.41 10.16 8.53 8 9.33 9.72 6.99 5.97 6.14 6.58 6.84
-9999 -9999 -9999 -9999 -9999 -9999 -9999 -9999 -9999 -9999 -9999 -9999 -9999 -9999 -9999 -9999 -9999 -9999 -9999 -9999 -9999 -9999 -9999 -9999 -9999 -9999 -9999 -9999 -9999 -9999 -9999 -9999 -9999 -9999 -9999 -9999 -9999 -9999 -9999 -9999 -9999 -9999 -9999 -9999 -9999 -9999 -9999 -9999 -9999 -9999 -9999 -9999 -9999 -9999 -9999 -9999 -9999 -9999 9.38 10.85 11.61 11.32 9.36 11.98 10.51 -9999 12.47 12.36 11.94 11.31 8.5 8.36 7.33 7.48 7.64 7.9 6.62 7.82
-9999 -9999 -9999 -9999 -9999 -9999 -9999 -9999 -9999 -9999 -9999 -9999 -9999 -9999 -9999 -9999 -9999 -9999 -9999 -9999 -9999 -9999 -9999 -9999 -9999 -9999 -9999 -9999 -9999 -9999 -9999 -9999 -9999 -9999 -9999 -9999 -9999 -9999 -9999 -9999 -9999 -9999 -9999 -9999 -9999 -9999 -9999 -9999 -9999 -9999 -9999 -9999 -9999 -9999 -9999 -9999 -9999 -9999 7.07 8.44 10.87 12.31 9.69 8.62 8.49 7.28 9.21 11.85 11.62 9.25 7.87 6.47 7.12 7.24 6.98 7.32 7.49 10.66
25.86 24.85 24.79 20.67 -9999 -9999 -9999 -9999 -9999 -9999 -9999 -9999 -9999 -9999 -9999 -9999 -9999 -9999 -9999 -9999 -9999 -9999 -9999 -9999 -9999 -9999 -9999 -9999 -9999 -9999 -9999 -9999 -9999 -9999 -9999 -9999 -9999 -9999 -9999 -9999 -9999 -9999 -9999 -9999 -9999 -9999 -9999 -9999 -9999 -9999 -9999 -9999 -9999 -9999 -9999 -9999 -9999 -9999 5.75 10.55 9.6 10.9 8.73 8.06 10.7 10.84 12.51 13.85 10.42 8.21 7.34 6.96 8.2 8.1 8.25 9.18 12.1 10.65
24.53 26.16 25.9 24.6 26.13 24.83 20.81 19.3 -9999 -9999 -9999 -9999 -9999 -9999 -9999 -9999 -9999 -9999 -9999 -9999 -9999 -9999 -9999 -9999 -9999 -9999 -9999 -9999 -9999 -9999 -9999 -9999 -9999 -9999 -9999 -9999 -9999 -9999 -9999 -9999 -9999 -9999 -9999 -9999 -9999 -9999 -9999 -9999 -9999 -9999 -9999 -9999 -9999 -9999 -9999 -9999 -9999 -9999 -9999 11.49 14.37 14.41 11.34 9.15 10.23 9.07 9.71 9.02 -9999 13.39 12.04 15.56 17.52 15.8 13.73 13.11 12.7 17.65
24.55 25.44 26.47 24.66 25.79 26.88 25.06 25.58 24.05 22.92 20.64 11.29 -9999 -9999 -9999 -9999 -9999 -9999 -9999 -9999 -9999 -9999 -9999 -9999 -9999 -9999 -9999 -9999 -9999 -9999 -9999 -9999 -9999 -9999 -9999 -9999 -9999 -9999 -9999 -9999 -9999 -9999 -9999 -9999 -9999 -9999 -9999 -9999 -9999 -9999 -9999 -9999 -9999 -9999 -9999 -9999 -9999 -9999 -9999 13.8 18.31 20.66 16.95 11.12 13.05 13.09 14.16 16.95 14.54 15.81 14.28 15.91 19.86 16.75 16.09 14.92 14.62 18.07
26.66 29.19 33.31 33.56 31.91 26.17 26.72 25.29 26.23 26.01 26.8 24.75 20.09 -9999 -9999 -9999 -9999 -9999 -9999 -9999 -9999 -9999 -9999 -9999 -9999 -9999 -9999 -9999 -9999 -9999 -9999 -9999 -9999 -9999 -9999 -9999 -9999 -9999 -9999 -9999 -9999 -9999 -9999 -9999 -9999 -9999 -9999 -9999 4.94 -9999 -9999 -9999 -9999 -9999 -9999 -9999 -9999 -9999 -9999 -9999 19.96 22.77 18.33 15.13 18.12 14.68 10.93 12.05 -9999 18.92 18.65 18.65 23.6 20.56 18.25 13.62 17 19.71
34.12 37.45 35.18 35.16 32.07 30.46 26.7 23.39 23.4 26.3 26.62 26.46 25.34 25.44 -9999 -9999 -9999 -9999 -9999 -9999 -9999 -9999 -9999 -9999 -9999 -9999 -9999 -9999 -9999 -9999 -9999 -9999 -9999 -9999 -9999 -9999 -9999 -9999 -9999 -9999 -9999 -9999 -9999 -9999 -9999 -9999 -9999 8.44 -9999 -9999 -9999 -9999 -9999 -9999 -9999 -9999 -9999 -9999 19.43 24.26 18.58 22.22 23.23 21.97 23.28 21.69 15.23 14.86 -9999 21.52 18.34 15.91 17.98 19.6 17.26 17.3 12.15 16.69
37.43 40.21 33.66 32.96 37.55 34.81 28.58 29.95 28.43 28.57 27.07 27.69 27.54 26.57 28.4 27.77 23.17 22.89 -9999 -9999 -9999 -9999 -9999 -9999 -9999 -9999 -9999 -9999 -9999 -9999 -9999 -9999 -9999 -9999 -9999 -9999 -9999 -9999 -9999 -9999 -9999 -9999 -9999 -9999 -9999 -9999 3.57 -9999 -9999 -9999 -9999 -9999 -9999 -9999 -9999 -9999 -9999 18.15 23.77 22.11 23.68 24.28 21.86 22.18 20.58 23.15 22.82 24.73 26.81 23.99 22.48 17.99 18.97 20.01 16.45 19.48 15.79 16.21
38.21 32.77 32.27 32.35 31.96 32.71 29.07 31.37 27.91 28.01 27.68 26.18 31.61 29.91 31.01 32.42 30.5 31.44 29.72 29.75 24.58 15.57 -9999 -9999 -9999 -9999 -9999 -9999 -9999 -9999 -9999 -9999 -9999 -9999 -9999 -9999 -9999 -9999 -9999 -9999 -9999 -9999 -9999 -9999 -9999 -9999 -9999 -9999 -9999 -9999 -9999 -9999 -9999 -9999 -9999 -9999 22.95 24.12 21.1 23.09 27.98 29.03 26.51 28.78 27.38 26.25 20.51 19.48 21.6 17.77 18.05 25.44 20.94 19.43 15.52 17.2 16.18 15.17
31.96 32.82 36.15 29.91 28.13 29.21 31.94 26.91 28.24 28.79 26.41 31.16 30.15 32.07 30.63 26.94 30.19 27.65 27.61 29.96 27.95 25.94 24.68 -9999 -9999 -9999 -9999 -9999 -9999 -9999 -9999 -9999 -9999 -9999 -9999 -9999 -9999 -9999 -9999 -9999 -9999 -9999 -9999 -9999 -9999 -9999 -9999 -9999 -9999 -9999 -9999 -9999 -9999 -9999 -9999 28.64 27.64 27.87 23.94 24.61 30.49 32.4 28.54 29.63 24.6 24.82 26.76 24.79 21.28 22.85 24.95 22.23 22.79 19.1 21.34 17.89 16.8 15.65
33.09 34.55 34.29 32.73 33.72 35.05 34.29 31.19 37.35 35.64 33.21 30.41 29.2 29.74 26.8 27.55 24.26 25.74 28.34 27.12 26.53 27.82 26.07 -9999 28.19 26.67 26 25.78 24.59 24.94 23.71 21.39 19.12 16.64 17.03 -9999 -9999 -9999 -9999 -9999 -9999 -9999 -9999 -9999 -9999 -9999 -9999 -9999 -9999 -9999 -9999 -9999 24.8 25.73 29.01 30.88 30.69 30.21 22.9 25.55 27.91 31.06 30.51 30.48 33.68 25.1 29.52 29.21 20.62 16.31 18.81 18 -9999 8.49 10.55 -9999 19.71 16.53
37.81 41.53 40.77 35.09 33.09 34.37 34.08 35.06 33.33 29.03 31.49 30.42 33.65 31.37 27.81 31.33 29.22 30.1 25.85 27.45 29.01 28.59 26.81 28.09 29.78 30.03 31.53 29.95 28.34 27.22 25.98 23.97 21.04 19.3 19.38 18.84 -9999 -9999 -9999 -9999 -9999 -9999 -9999 -9999 -9999 -9999 -9999 -9999 -9999 21.28 23.93 18.62 27.29 28.71 27.28 26.42 30.34 28.53 32.38 35.1 29.58 25.53 26.67 28.96 28.04 23.27 25.48 21.48 18.31 23.23 21.29 18.93 16.97 16.9 22.37 22.72 20.33 19.54
42.56 44.75 43.63 41.29 44.18 41.45 37.61 37.54 36.48 34.86 35.82 36 37.51 33.94 32.2 33.41 31.55 29.65 28.75 28.74 29.74 30.87 31.99 35.71 31.5 30.39 34.77 34.84 34.07 35.13 28.89 27.16 24.39 26.14 24.98 12.16 -9999 -9999 -9999 -9999 -9999 -9999 -9999 -9999 -9999 -9999 -9999 22.39 22.76 27.79 30.95 29.5 29.28 28.63 28.01 31.21 26.49 26.02 22.73 23.96 30.75 27.36 29.21 30.43 33.96 30.48 28.09 24.36 27.2 30.9 28.13 21.66 19.06 20.1 19.23 20.89 20.37 25.81
38.17 41.11 39.87 43.3 45.78 44.85 44.18 40.21 38.87 36.7 37.16 40.12 37.85 37.88 -9999 34 40.49 38.66 38.87 34.78 36 39.03 38.49 33.8 37.84 34.01 32.94 33.89 39.23 40.24 37.66 44.12 37.85 35.59 35.19 -9999 -9999 -9999 -9999 -9999 -9999 -9999 -9999 -9999 -9999 -9999 -9999 26.74 30.19 27.33 27.03 24.65 24.42 26.44 24.6 29.06 26.6 25.29 26.71 27.78 33.06 36.22 31.71 31.94 31.55 26.77 24.34 29.24 33.76 31.44 -9999 28.79 28.29 27.82 21.28 20.51 19.52 26.53
37.99 33.68 37.22 41.98 44.99 46.67 49.05 50.53 47.89 44.79 43.42 42.81 42.05 35.32 37.88 34.29 35.28 37.29 35.25 32.45 40.3 47.43 44.48 44.46 42.97 43.49 42.22 38.99 45.38 46.67 43.2 43.94 41.79 47.13 47.67 30.76 -9999 -9999 -9999 -9999 -9999 -9999 -9999 -9999 -9999 -9999 -9999 -9999 26.52 35.55 26.84 28.22 27.79 24.63 26.98 27.31 25.89 24.55 17.77 -9999 32.52 31.01 31.09 33.27 29.69 32.15 28.01 32.06 35.39 26.58 27.1 -9999 32.54 32.65 30.87 29.85 25.54 25.58
47.29 38.95 42.9 35.71 24.52 43.86 43.55 44.41 49.6 49.59 51.29 49.37 46.72 42.3 36.31 38.79 39.73 41.47 32.65 33.75 37.85 39.77 36.59 42.62 44.94 48.18 42.71 43.09 42.38 42.58 46.67 45.1 47.73 52.13 44.96 35.17 -9999 -9999 -9999 -9999 -9999 -9999 -9999 -9999 -9999 -9999 -9999 -9999 -9999 37.41 32.79 30.64 31.11 33.66 26.75 19.08 25.92 13.01 17.9 27.83 31.15 20.09 -9999 -9999 13.19 17.97 21.29 31.16 27.93 22.75 30.31 29.14 29.56 28.01 30.72 38 34.16 35.3
47.23 43.51 41.15 50.04 53.02 51.34 51.27 46.11 48.91 50.97 42.64 40.29 41.47 45.62 46.54 41.05 39.78 44.57 45.95 40.58 40.47 46.89 39.28 43.23 45.53 48.25 48.19 46.11 43.42 42.82 39.68 39.94 42.45 47.57 45.51 45.04 -9999 -9999 -9999 -9999 -9999 -9999 -9999 -9999 -9999 -9999 -9999 -9999 -9999 40.37 33.63 31.7 27.53 29.61 25.39 -9999 13.89 -9999 -9999 30.89 29.98 -9999 20.12 24.38 22.24 20.64 29.22 25.19 25.5 35.39 37.67 31.86 33.73 33.54 32.56 27.86 33.81 27.96
53.44 37.88 49.35 45.83 50.49 55.55 50.53 52.61 48.31 50.01 50.18 42.79 46.54 47.15 41.51 48.4 43.14 39.64 41.41 47.57 48.73 45.49 39.28 41.89 43.64 41.47 40.77 43.92 41.48 39.41 39.66 42.21 44.63 41.96 40.17 38.85 -9999 -9999 -9999 -9999 -9999 -9999 -9999 -9999 -9999 -9999 -9999 -9999 -9999 36.22 32.32 32.74 29.8 31.91 27.84 28.19 28.99 15.08 -9999 32.55 35.54 33.7 27.91 29.47 30.45 23.62 25.96 30.36 -9999 36.69 31.32 33.85 35.25 38.54 40.8 38.22 35.6 31.18
45.93 38.69 41.54 45.28 55.53 50.9 42.35 51.18 43.27 42.83 46.04 47.21 33.76 38.52 34.23 41.58 53.02 46.88 41.01 43.88 41.41 43.95 48.84 46.59 51.39 48.36 43 37.34 38.26 41.66 41.22 43.73 44.73 46.81 45.52 38.47 -9999 27.24 37.98 32.18 32.63 -9999 -9999 -9999 -9999 -9999 -9999 -9999 -9999 34.62 36.01 -9999 22.83 23.61 25.15 24.41 26.6 -9999 24.87 24.13 27.62 29.08 29.71 32.23 31.05 29.9 28.08 34.89 33.61 38.38 36.21 34.69 37.22 34.34 35.74 38.9 36.49 34.18
53.92 32.53 38.59 52.29 60.39 55.42 54.26 50.93 54.53 49.62 43.75 60.52 42.8 36.68 42.96 38.17 54.48 50.78 46.81 45.87 38.58 40.65 47.23 48.56 48.82 47.35 46 43.04 42.28 38.49 40.67 46.26 47.32 49.12 52.78 48.64 -9999 -9999 21.21 29.8 37.49 33.44 -9999 -9999 -9999 -9999 -9999 -9999 -9999 -9999 36.04 31.4 28.22 27.54 25.57 25.71 26.05 32.3 27.22 24.67 28.67 34.01 37.42 35.41 30.11 27.33 35.7 30.42 32.8 28.83 -9999 34.3 32.19 33.2 31.9 34.76 38.6 43.85
56.44 52.6 55.17 55.75 56.98 54.94 60.01 55.34 58.97 55.49 58.56 54.02 49.76 39.08 52.83 51.48 56.15 53.26 45.57 45.87 43.14 37.86 37.09 42.36 47.06 45.6 39.51 44.98 40.73 46.16 45.16 44.84 43.83 49.96 54.22 47.91 46.26 44.06 -9999 -9999 -9999 -9999 -9999 -9999 -9999 -9999 -9999 -9999 -9999 -9999 39.6 38.75 40.19 33.46 28.68 29.35 26.82 30.29 14.79 12.44 30.78 30.69 34.77 35.28 44.49 35 36.59 35.89 42.08 27.76 30.52 36.53 -9999 41.74 33.17 30.1 32.09 35.67
49.83 50.63 57.26 60.81 51.06 56.24 63.4 63.7 62.25 63.28 67.82 56.08 53.27 48.47 52.45 47.13 59.19 54.84 48.28 45.32 44.86 38.21 36.49 26.57 42.33 48.98 42.54 39.53 41.69 44.48 46.54 43.55 44.02 44.97 41.85 38.19 42.5 49.39 -9999 -9999 -9999 -9999 -9999 -9999 -9999 -9999 -9999 -9999 -9999 -9999 -9999 47.52 47.35 43.06 37.13 36.69 39.88 32.25 -9999 -9999 35.76 36.02 28.78 28.98 33.74 36.37 39.21 35.75 34.93 38.02 33.43 35.81 39.7 42.16 37.71 39.06 36.95 31.35
62.84 54.51 56.12 60.83 56.05 62.82 66.32 64.17 62.94 67.11 56.26 63.16 60.58 48.65 56.82 58.55 65.6 67.07 58.06 47.34 46.3 38.62 41.26 42.57 43.35 37.59 39.25 46.84 49.46 39.08 46.01 44.12 38.18 35.74 34.67 36.87 45.27 52.15 51.4 42.08 -9999 -9999 -9999 -9999 -9999 -9999 -9999 18.44 -9999 -9999 41.57 47.23 44.13 41.66 36.82 36.4 33.67 38.02 39.07 42.03 35.42 34.2 34.22 33.77 35.8 41.06 32.66 32.02 36.66 30.46 29.78 33.79 30.11 36.85 34.21 44.47 42.65 32.22
55.29 49.56 51.44 60 61.65 61.27 62.83 60.46 65.27 66.21 61.08 57.88 57.18 58.33 59.29 63.5 61.67 63.22 59.93 55.54 55.26 51.12 35.56 38.31 44.18 43.96 43.26 46.27 47.01 51.35 41.5 33.97 37.13 34.99 36.26 35.71 41.89 47.13 44.92 39.4 46.33 -9999 -9999 -9999 -9999 -9999 -9999 -9999 -9999 -9999 45.74 44.87 46.12 42.05 36.24 -9999 41.62 40.51 36.71 38.2 39.86 34.38 29.75 32.63 38.19 36.07 32.63 30.47 29.09 34.44 34.74 38.08 38.62 48.5 45 44.03 33.59 25.01
60.71 59.14 60.76 55.1 64.19 65.38 68.46 65.25 69.19 65.54 56.98 63.03 59.2 54.82 57.65 57.25 69 69.86 65.22 56.81 58.44 46.52 30.56 38.07 48.63 49.87 45.2 47.36 39.73 48.12 35.04 43.04 39.88 41.23 40.94 33.17 41.32 40.38 37.1 37.5 41.52 40.84 32.01 -9999 -9999 -9999 -9999 37.06 -9999 -9999 40.03 43.17 42.69 39.95 37.99 28.21 31.64 -9999 25.94 28.93 35.94 34.42 33.49 38.1 39.71 36.94 35.36 29.71 35.81 38.01 32.5 37.04 43.96 44.65 49.82 33.69 39.46 39.49
58.16 54.87 57.32 53.41 58.24 64.24 66.17 69.51 63.51 66.45 60.77 63.34 60.16 62.76 64.51 61.51 61.87 69.22 71.92 67.12 52.34 47.06 50.21 55.23 58.36 55.3 50.44 49.36 40.93 48.16 42.68 36.93 41.52 36.1 37.76 33.51 36.32 41.86 50.12 52.51 54.16 65.85 47.2 -9999 -9999 -9999 40.23 37.62 44.67 -9999 34.18 37.07 41.91 43.46 46.65 40.04 37.7 34.1 36.34 37.45 31.95 39.61 41.99 43.28 34.93 35.49 33.82 37.24 27.46 33.53 37.16 32.84 21.43 31.97 41.31 41.64 51.13 45.77
44.71 -9999 33.22 42.44 56.19 63.36 66.53 66.59 62.47 63.56 67.15 62.56 59.87 63.55 69 67.07 60.38 48.08 52.54 58.92 62.5 54.15 54.5 56.35 59.36 56.93 50.92 54.01 50.06 40.26 43 42.44 38.26 38.3 43.25 37.07 45.11 57.84 61.92 64.68 61.52 58.28 51.67 47.24 40.01 52.82 45.81 41 46.02 35 30.48 40.79 39.94 38.64 47.26 38.37 46.86 36.3 42.58 43.25 30.23 37.97 36.3 33.04 26 26.45 35.26 31.83 31.71 26.39 -9999 -9999 31.69 47.99 57.65 53.71 53.37 47.79
48.7 44.61 51.09 53.29 57.66 59.23 57.72 54.36 54.41 61.84 57.01 53.76 55.76 58.76 70.9 61.37 53.54 64.31 68.14 72.7 71.23 64.95 59.51 56.23 67.62 61.62 58.91 42.16 38.53 42.27 48.97 44.77 44.73 45.67 45.46 46.84 57.27 55.67 50.39 53.37 46.42 53.39 54.35 51.12 51.39 48.86 45.06 38.36 35.31 33.68 38.47 44.4 46.06 43.92 43.48 37.19 -9999 37.52 52.71 44.26 43.13 40.25 35.96 37.76 31.21 37.34 28.6 26.5 37.39 13.89 -9999 36.37 46.7 53.61 49.29 52.6 57.11 53.03
