resultados/variables_norteamerica/sun_rad_minimum.asc
ncols 469
nrows 225
xllcorner -169.133333
yllcorner 20.675000
cellsize 0.249840
NODATA_value -9999
[rows 128 to 159 of 225, columns 288 to 359 of 469]
1420.25 1421.92 1395.59 1389.18 1395.58 1395.54 1396.87 1400.82 1401.43 1400.33 1400.36 1400.72 1397.69 1397.66 1396.48 1387.86 1392.65 1397.64 1400.95 1405.47 1399.76 1398.53 1395.02 1391.08 1400.63 1403.41 1406.79 1409.19 1411.24 1406.99 1405.45 1409.73 1409.31 1404.15 1397.27 1392.32 1390.96 -9999 1388.83 1390.85 -9999 -9999 -9999 -9999 1384.32 1385.4 1377.72 1373.75 1398.95 1412.12 1410.69 1408.95 1393.15 1382.59 1387.29 1391.01 -9999 -9999 -9999 -9999 -9999 -9999 -9999 -9999 1384.98 -9999 -9999 -9999 1407.13 1376.02 1391.7 1396.38
1442.21 1449.46 1441.99 1422.82 1413.44 1421.17 1423.13 1422.08 1424.77 1429.57 1427.51 1425.13 1425.84 1420.53 1415.21 1423.99 1416.96 1407.68 1418.23 1429.59 1429.08 1414.43 1419.21 1428.94 1424.53 1430.54 1435.28 1439.19 1434.5 1431.49 1431.25 1432.59 1428.79 1421.68 1420.31 1422.43 1415.96 -9999 1418.4 -9999 -9999 -9999 -9999 -9999 1414.81 1417.73 1417.53 1416.9 1422.64 1429.79 1427.12 1420.56 1429.81 1430.59 1421.4 1422.82 -9999 -9999 -9999 -9999 -9999 -9999 -9999 -9999 1414.67 1408.26 1394.23 -9999 -9999 1424.36 1411.5 -9999
1467.78 1470.47 1477.82 1469.87 1457.87 1444.1 1442.23 1448.39 1450.34 1448.51 1450.18 1450.77 1450.43 1448.44 1452.44 1448.05 1444.68 1451.47 1454.26 1442.51 1436.5 1456.02 1453.45 1447.53 1453.44 1453.16 1449.6 1453.5 1455.43 1453.55 1453.07 1453.45 1449.88 1449.32 1445.89 1444.01 1437.21 1447.78 1446.04 -9999 -9999 -9999 -9999 -9999 1444.77 1451.47 1446.71 1449.53 1461.1 1455.52 1455.25 1471.96 1457.9 1455.22 -9999 -9999 -9999 -9999 -9999 -9999 -9999 -9999 1439.16 1436.67 1443.71 1451.81 1447.04 1448.94 1430.67 1438.99 1448.97 1445.8
1499.12 1494.06 1499.86 1501.49 1498.5 1490.42 1486.32 1476.16 1471.79 1473.49 1475.58 1475.7 1472.4 1478.03 1478.76 1478.87 1482.65 1478.12 1473.92 1474.81 1470.36 1463.44 1462.93 1479.59 1479.83 1477.25 1474.8 1476.8 1478.63 1479.29 1484.33 1488.14 1476.18 1468.08 1471.76 -9999 1470.46 1474.27 -9999 -9999 -9999 -9999 -9999 1472.56 1473.16 1478.3 1487.86 1495.15 1486.09 1486.76 1494.43 1479.88 1478.51 1474.12 -9999 -9999 -9999 -9999 -9999 -9999 -9999 -9999 1469.02 1470.86 1467.95 1480.14 1494.29 1499.71 1469.19 1466.91 1466.97 1476.92
1527.28 1525.76 1524.88 1529.41 1529.6 1523.34 1516.33 1517.06 1513.32 1507.71 1504.05 1503.82 1503.91 1503.74 1506.04 1509.78 1514.17 1513.7 1505.26 1508.89 1516.06 1513.02 1512.7 1495.76 1496.16 1490.4 1509.58 1502.32 1493.92 1506.07 1511.16 1501.9 1497.86 1499.88 1497.66 1499.02 1501.56 1503.29 -9999 -9999 -9999 -9999 -9999 1491.04 1497.55 1503.63 1512.39 1513.24 1510.3 1514.4 1504.18 1501.37 1498.98 -9999 -9999 1495.19 1492.93 1493.64 -9999 -9999 -9999 -9999 1502.51 1505.88 1510.97 1513.92 1527.45 1531.06 1528.12 1512.16 1518.84 1514.81
1558.09 1550.58 1548.63 1551.66 1551.06 1555.16 1548.3 1543.67 1544.14 1539.98 1537.23 1534.75 1533.99 1533.9 1539.33 1540.18 1541.11 1544.31 1544.9 1542.34 1535.73 1532.26 1542.34 1538.05 1533.72 1543.98 1537.51 1539.71 1536.49 1525.9 1518.6 1523.58 1529.31 1534.43 1528.35 1533.64 1537.29 1528.49 -9999 -9999 -9999 -9999 -9999 1532.69 1531.68 1536.36 1542.64 1537.97 1534.48 1527.64 1523.7 1523.46 1523.25 1522.43 1520.1 1520.96 1526.57 1528.77 -9999 -9999 -9999 -9999 1532.7 1537.45 1538.88 1544.72 1545.98 1550.67 1547.87 1535.23 -9999 -9999
1574.89 1574.48 1570.41 1576 1571.83 1578.81 1577.63 1577.48 1578.51 1572.65 1567.31 1564.72 1563.65 1566.33 1568.34 1569.64 1568.62 1570.08 1573.9 1570.8 1567.33 1562.73 1554.71 1548.05 1563.97 1569.43 1576.88 1570.81 1576.17 1571.12 1562.92 1560.23 1560.41 1559.68 1564 1564.77 1560.9 -9999 -9999 -9999 -9999 -9999 -9999 -9999 1556.77 1556.45 1558.42 1561.79 1563.62 1558.14 1554.83 1552.06 1548.56 1547.02 1546.85 1553.04 1552.38 1553.61 1552.25 -9999 -9999 1550.01 1559.16 1564.49 1567.34 1572.34 1573.79 1569.96 1567.4 1546.25 -9999 -9999
1598.21 1601.04 1603.84 1597.04 1603.62 1600.28 1605.64 1599.56 1597.34 1597.88 1598.76 1596.27 1594.57 1596.97 1594.44 1595.37 1593.01 1594.94 1595.35 1598.61 1591.65 1595.83 1598.52 1589.74 1586.85 1579.77 1570.58 1569.15 1569.85 1576.65 1589.26 1586.31 1584.79 1583.6 1584.98 1591.03 1581.35 1577.73 -9999 -9999 -9999 -9999 -9999 -9999 1580.48 1587.14 1588.44 1593.77 1585.16 1581.8 1577.53 1574.57 1574.59 1576.91 1580.91 1576.44 1583.17 1583.69 1581.4 -9999 1579.03 1575.49 1582.7 1593.25 1597.27 1595.86 1591.48 1582.63 1581.19 1583.14 1581.54 1567.15
1616.47 1626.23 1627.1 1627.64 1624.4 1631.19 1629.82 1623.75 1628.65 1626.03 1620.32 1620.04 1621.23 1622.58 1625.03 1619.35 1619.55 1619.63 1620.89 1621.57 1626.4 1620.86 1608.06 1610.81 1614.36 1627.1 1624.44 1623.24 1625.45 1621.38 1615.02 1617.12 1613.1 1607.9 1608.38 1614.19 1611.73 1606.33 -9999 -9999 -9999 -9999 -9999 -9999 1604.07 1605.44 1607.57 1603.96 1607.5 1605.02 1607.5 1608.53 1607.56 1604.52 1606.8 1618.74 1619.79 1616.45 1609.16 1607.63 1609.78 1612.29 1612.43 1617.43 1621.33 1620.5 1616.18 1615.21 -9999 -9999 -9999 -9999
1651.64 1644.19 1650.97 1658.51 1656.51 1654.74 1651.97 1658.67 1653.11 1652.64 1651.13 1648.69 1649.39 1649.41 1650.71 1651.71 1645.9 1640.79 1642.73 1647.52 1647.68 1653.51 1653.41 1651.8 1640.51 1629.45 1645.52 1649.16 1643.91 1642.84 1645.72 1643.75 1643.57 1642.27 1646.1 1641.2 1639.09 1635.16 -9999 -9999 -9999 -9999 -9999 -9999 1635.31 1635.49 1636.32 1637.22 1641.41 1639.67 1638.64 1639.79 1641.98 1646.98 1649.29 1654.25 1638.92 1631.43 1630.99 1634.1 1635.47 1633.89 1639.56 -9999 -9999 -9999 1636.93 -9999 -9999 -9999 -9999 -9999
1686.01 1684.85 1671.63 1676.86 1687.14 1681.53 1682.8 1683.32 1675.63 1678.99 1680.14 1678.07 1674.8 1675.81 1682.6 1678.55 1679.04 1675.28 1672.58 1667.63 1672.39 1676.81 1677.38 1674.61 1679.72 1678.88 1665.1 1676.3 1674.37 1672 1668.12 1667 1668.25 1673.2 1672.64 1667.21 1665.13 1663.21 -9999 -9999 -9999 -9999 -9999 -9999 1660.44 1661.34 1668.69 1670.1 1668.13 1668.52 1668.55 1670.54 1668.14 1671.7 1677.3 1665.17 1664.5 1663.3 1663.68 1659.69 -9999 -9999 -9999 -9999 -9999 -9999 -9999 -9999 -9999 -9999 1630.09 1655.01
1714.89 1715.36 1710.73 1699.43 1704.18 1708.49 1715.41 1709.81 1710.4 1703.14 1702.94 1703.92 1706.53 1704.88 1703.9 1706.7 1698.95 1702.84 1701.96 1702.18 1697.72 1697.02 1701.96 1699.99 1698.77 1700 1696.86 1687.34 1698.84 1701.16 1702.09 1695.46 1691.89 1693.71 1698 1699.09 1696.18 1691.9 -9999 -9999 -9999 -9999 -9999 1690.23 1691.12 1694.92 1698.92 1700.96 1698.54 1699.04 1696.76 1698.11 1705.72 1702.36 1695.13 1691.14 1686.48 1690.36 1688.87 -9999 -9999 -9999 -9999 -9999 -9999 -9999 -9999 -9999 1664.53 1708.61 1720.71 1707.22
1745.61 1739.81 1742.46 1738.44 1732.61 1739.64 1733.45 1742.46 1741.39 1734.45 1731.11 1730.6 1731.03 1734.13 1729.65 1732.98 1733.91 1729.14 1723.28 1722.95 1725.82 1723.64 1724.62 1726.79 1726.4 1721.85 1721.47 1726.52 1723.04 1725.65 1726.38 1721.19 1718.96 1731.63 1731.9 1726.78 1725.42 1718.69 -9999 -9999 -9999 -9999 1712.67 1722.53 1728.34 1728.71 1722.85 1724.54 1725.2 1732.5 1742.8 1738.12 1725.84 1719.99 1719.45 -9999 -9999 -9999 -9999 -9999 -9999 -9999 -9999 -9999 1688.95 1711.03 1710.95 1722.38 1739.27 1742.85 1743.32 1750.8
1781.79 1772.73 1768.16 1764.96 1751.96 1764.98 1769.66 1767.47 1774.17 1770.37 1760.16 1755.53 1753.9 1757.96 1755.23 1755.17 1755.08 1758.42 1760.66 1756.72 1752.27 1750.98 1750.5 1755.22 1754.05 1753.15 1753.54 1743.17 1743.89 1746.37 1748.06 1757.08 1763.74 1753.93 1748.97 1751.4 1748.03 1742.96 1741.97 1741.34 1744.21 1753.48 1754.96 1747.83 1747.83 1752.7 1753.82 1753.51 1762.14 1763.04 1759.67 1753.38 1753.69 1749.17 1744.46 1744.87 -9999 -9999 -9999 -9999 -9999 -9999 1729.8 1739.13 1760.42 1755.73 1758.19 1766.36 1765.52 1776.49 1777.63 1776.1
1789.14 1792.83 1794.96 1793.15 1792.63 1790.35 1794.62 1795.86 1793.97 1796.53 1797.9 1788.69 1783.36 1777.63 1778.55 1778.17 1782.42 1780.43 1780.97 1780.38 1781.48 1782.26 1776.78 1774.44 1777.11 1775.08 1773.69 1774.08 1769.98 1771.2 1774.07 1779.83 1773.25 1773.19 1774.36 1771.68 1775.93 1781.29 1781.29 1779.81 1780.09 1776.97 1776.3 1780.16 1781.64 1780.29 1782.47 1789.89 1787.13 1785.56 1779.71 1777.48 1774.16 1774.4 1773.11 1770.94 1766.61 1766.44 1766.59 1764.84 1768.24 1770.75 1781.26 1791.85 1790.37 1783.19 1791.17 1790.96 1798.56 1795.67 1804.29 1805.42
1835.52 1829.82 1821.58 1815.39 1812.21 1814.82 1820.26 1821.39 1821.24 1822.13 1822.36 1823.6 1820.05 1813.26 1809.35 1808.93 1804.59 1803.59 1804.79 1811.47 1807.99 1804.45 1806.89 1803.5 1799.88 1802.58 1806.33 1811.14 1814.24 1807.76 1812.78 1800.78 1804.06 1804.63 1803.18 1797.06 1801.5 1805.43 1802.74 1802.83 1805.28 1806.74 1806.88 1809.15 1808.99 1813.98 1813.99 1811.87 1809.17 1804.72 1804.77 1805.06 1805.56 1802.26 1803.36 1805.05 1802.22 1801.81 1803.04 1803.48 1804.13 1817.38 1812.87 1815.45 1813.59 1803.57 1809.74 1818.01 1824.71 1829.21 1826.29 1838.44
1861.46 1848.25 1844.47 1854.54 1851.05 1848.13 1846.73 1846.22 1849.48 1851.76 1851.73 1853.72 1848.06 1851.3 1847.03 1840.42 1839.93 1841.4 1835.13 1831.58 1834.12 1835.5 1833.66 1837.36 1831.88 1831.51 1837.37 1840 1829.48 1834.08 1832.22 1829.15 1834.51 1829.09 1831.5 1832.64 1832.78 1831.17 1830.97 1829.83 1831.13 1833.41 1836.73 1837.95 1837.57 1837.02 1835.89 1835.42 1836.34 1836.5 1833.82 1830.87 1830.39 1832.7 1834.93 1834.89 1840.26 1838.53 1837.87 1845.72 1851.66 1839.04 1847.27 1852.79 1846.24 1850.34 1846.74 1853.59 1857.19 1856.19 1856.55 1853.37
1887.29 1882.54 1879.06 1874.4 1874.12 1869.26 1874.65 1876.57 1875.34 1877.78 1883.94 1879.71 1879.63 1874.26 1874.92 1877.23 1874.06 1870.44 1868.93 1866.48 1865.12 1862.03 1865.46 1859.84 1859.37 1868.78 1863.65 1859.6 1870.14 1869.35 1862.31 1868.55 1863.85 1859.69 1861.23 1865.26 1859.35 1858.51 1863.29 1868 1866.29 1863.06 1858.5 1860.09 1864 1863.55 1866.87 1865.1 1864.6 1860.98 1861.76 1863.11 1866.15 1866.09 1864.17 1866.93 1872.03 1878.5 1889.5 1881.45 1870.87 1880.32 1870.26 1873.71 1877.13 1873.13 1879.41 1865.38 1880.18 1877.06 1871.78 1881.93
1910.7 1913.25 1913.64 1903.71 1909.31 1901.38 1897.92 1905.73 1904.99 1907.53 1903.29 1904.87 1905.84 1901.86 1904.74 1904.03 1903.32 1897.27 1898.63 1894.74 1892.09 1892.73 1888.38 1891.46 1887.67 1891.47 1890.58 1889.9 1888.19 1882.12 1887.58 1892.04 1893.49 1900 1898.5 1893.04 1896.23 1893.7 1893.87 1894.67 1887.48 1884.16 1889.24 1892.9 1895.5 1897.6 1896.2 1895.05 1892.79 1895.57 1897.45 1900.14 1898.61 1904.7 1905.23 1897.9 1900.5 1908.17 1904.06 1903.6 1907.29 1905.84 1908.02 1898.4 1904.74 1910.13 1899.55 1904.7 1896.03 1903.05 1904.32 1885.95
1946.04 1944.1 1942.19 1940.65 1931.38 1922.53 1927.9 1925.19 1927.67 1930.07 1930.1 1929.08 1926.15 1927.35 1927.27 1929.49 1930.23 1930.2 1929.26 1925.37 1919.77 1919.12 1917.12 1915.8 1919.4 1914.29 1921.48 1914.36 1907.95 1914.45 1914.89 1917.62 1923.08 1923.15 1921.48 1924.03 1920.31 1920.33 1920.1 1918.34 1921.39 1921.33 1922.74 1929.01 1928.37 1924.09 1923.08 1926.16 1932.07 1931.64 1928 1928.04 1939.38 1937.78 1933.07 1930 1930.47 1936.97 1941.09 1932.22 1925.17 1925.75 1926.45 1930.92 1932.03 1931.01 1926.53 1933.5 1935.95 1928.2 1918.81 1933.58
1969.02 1969.58 1973.14 1973.15 1957.87 1970.36 1959 1953.57 1961.52 1960.1 1958.84 1953.3 1958.55 1957.03 1952.53 1955.46 1957.34 1958.18 1956.95 1954.13 1951.97 1946.21 1938.36 1952.24 1951.27 1946.7 1942.86 1943.09 1945.32 1944.93 1945.35 1945.2 1947.87 1948.62 1949.59 1949.66 1949 1948.32 1947.69 1948.96 1952.72 1956.58 1962.23 1961.33 1952.66 1956.92 1961.54 1964.2 1966.73 1964.02 1965.21 1964.73 1953.25 1957.69 1965.24 1959.17 1954.58 1952.66 1956.39 1957.47 1952.59 1956.96 1956.62 1963.85 1969.44 1955.21 1961.97 1964.45 1958.36 1942.69 1969.42 1982.62
2003.42 1998.25 1987.09 1996.89 2001.02 1993.03 1992.69 1989.06 1983.45 1989.7 1989.09 1987.94 1983.81 1980.37 1980.26 1979.65 1982.74 1983.2 1982.38 1980.8 1981.77 1978.52 1976.38 1963.66 1977.37 1986.13 1971.07 1979.72 1977.08 1974.39 1972.53 1973.5 1975.38 1979.59 1974.43 1973.43 1975.81 1979.31 1978.96 1973.98 1982.36 1982.95 1985.19 1977.71 1983.78 1985.16 1988.13 1989.82 1990.43 1995.6 1993.06 1983.66 1986.63 1988.81 1989.81 1984.66 1978.25 1984.23 1986.8 1985.23 1991 1983.97 1988.72 1989.46 1993.62 1996.47 1995.49 2000.07 1981.2 1997.91 2007.97 2020.33
2030.08 2025.99 2041.8 2035.56 2034.73 2028.2 2020.18 2019.42 2016.14 2015.53 2018.16 2022.11 2022.55 2011.61 2008.31 2006.69 2002.45 2003.43 2010.94 2010.79 2004.04 2004.91 2007.01 2012.37 1999.29 2001.11 2004.06 2001.96 2006.82 2005.32 2004.83 2004.91 2008.41 2006.2 2010.72 2013.34 2010.12 2008.03 2003.6 2003.57 2008.85 2013.08 2003.89 2011.12 2007.95 2011.18 2015.9 2016.98 2008.46 2020.07 2007.92 2005.94 2013.67 2018.78 2021.73 2008.7 2002.78 2015.93 2019.2 2018.17 2010.39 2016.03 2011.57 2011.25 2009.76 2011.17 2026.36 2020.96 2023.85 2029.84 2042.81 2038.44
2056.8 2053.26 2037.58 2039 2034.26 2042.39 2043.13 2056.38 2046.77 2035.61 2039.56 2032.66 2027.74 2035.4 2040.94 2035.75 2041.69 2039.54 2041.03 2044.09 2041.5 2039.44 2038.6 2031.69 2038.31 2036.33 2033.94 2035.01 2036.62 2038.5 2036.91 2038.18 2035.05 2033.51 2036 2033.42 2034.63 2033.27 2029.3 2032.54 2032.58 2032.72 2044.7 2032.2 2043.68 2038.59 2041.86 2046.39 2046.46 2034.73 2032.6 2039.9 2042.06 2047.36 2049.95 2052.21 2044.17 2036.55 2041.61 2043.04 2044.32 2040.91 2033.83 2039.24 2047.22 2053.5 2052.53 2041.25 2039.54 2058.15 2068.44 2121.42
2075.68 2076.82 2090.08 2083.93 2086.46 2079.95 2078.06 2070.31 2069.05 2076.06 2071.34 2075.74 2076.47 2070.79 2061.37 2061.45 2060.44 2058.73 2062.01 2070.86 2076.71 2079.15 2075.25 2076.65 2063.75 2049.28 2057.87 2055.57 2061.46 2062.19 2063.94 2063.19 2058.73 2063.66 2060.57 2062.89 2059.6 2058.14 2059.36 2060.86 2058.65 2071.2 2061.24 2068.72 2055.09 2061.52 2070.32 2076.12 2073.74 2064.16 2068.01 2064.02 2070 2079.34 2078.5 2065.84 2067.23 2072.96 2065.77 2059.92 2063.08 2058.04 2068.55 2069.51 2066.94 2067.12 2072.94 2055.62 2083.34 2077.44 2132.05 2126.53
2116.44 2122.86 2121.78 2123.53 2115.83 2107.77 2102.37 2101.71 2105.68 2107.65 2106.13 2104.78 2102.9 2101.09 2102.78 2100.26 2091.4 2096.27 2095.86 2090.02 2095.56 2087.34 2082.44 2083.88 2094.42 2097.95 2081.51 2091.6 2083.17 2090.72 2088.32 2085.19 2088.7 2089.45 2090.5 2087.37 2089.09 2090.48 2085.84 2084.21 2089.26 2091.04 2098.48 2098.43 2096.28 2090.99 2095.64 2093.66 2092.96 2096.75 2099.49 2094.93 2103.96 2094.31 2082.48 2094.86 2096.31 2091.55 2101.71 2105.85 2096.5 2104.15 2102.56 2098.68 2104.14 2077.8 2069.53 2118.67 2121.67 2197.41 2189.38 2132.92
2147.1 2147.04 2138.76 2139.67 2136.75 2138.93 2140.25 2132.29 2131.64 2130.38 2136.31 2130.13 2124.84 2125.77 2129.24 2132.66 2141.88 2141.01 2130.44 2122.2 2116.99 2117.59 2122.79 2123.18 2117.1 2111.73 2123.31 2117.1 2120.67 2114.46 2112.64 2117.24 2121.11 2119.54 2116 2115.52 2115.25 2114.22 2115.03 2119.23 2118.34 2119.61 2121.6 2130.58 2129.38 2126.39 2123.36 2130.9 2121.64 2124.64 2130.3 2123.88 2123.72 2128.54 2140.77 2136.9 2128.78 2121.38 2121.11 2113.97 2118.83 2115.13 2118.63 2130.89 2123.35 2153.08 2160.72 2184.91 2258.76 2225.77 2222.55 2206.91
2179.05 2179.55 2182.62 2177.1 2175.4 2166.45 2168.29 2168.96 2161.27 2161.08 2157.09 2158.3 2158.08 2156.62 2152.26 2153.13 2150.91 2148.76 2148.21 2149.7 2160.23 2157.11 2160.96 2158.12 2150.91 2148.63 2145.08 2134.7 2143.65 2144.95 2145.85 2148.1 2147.09 2146.08 2143.39 2141.91 2143.33 2145.32 2148.16 2148.01 2147.53 2149.82 2153.95 2144.78 2154.52 2146.42 2149.76 2153.73 2158.9 2156.52 2157.15 2160.75 2163.58 2155.39 2142.75 2167.51 2155.58 2152.59 2154.72 2152.5 2159.04 2150.43 2144.28 2144.38 2163.92 2182.6 2254.1 2280.24 2238.08 2223.53 2212.4 2223.13
2209.31 2207.58 2203.73 2202.54 2195.1 2203.97 2194.74 2196.3 2197.6 2189.59 2187.77 2183.07 2184.52 2184.34 2188.29 2188.53 2193.1 2183.34 2185.26 2190.3 2184.39 2184.7 2184.87 2181.67 2181.02 2185.66 2176.2 2179.93 2165.27 2168.08 2176.7 2168.28 2170.54 2174.99 2175.02 2170.91 2171.12 2170.82 2169.64 2171.57 2171.9 2171.14 2173.02 2180.99 2182.53 2165.35 2182.12 2181.75 2184.17 2181.75 2191.69 2187.56 2189.69 2192.24 2203.2 2182.81 2190.11 2187.51 2180.78 2193.16 2168.37 2191.35 2216.65 2209.37 2203.25 2279.74 2249.57 2219.33 2223.74 2253.75 2231.68 2216.3
2235.82 2235.66 2242.28 2227.95 2226.26 2218.77 2223.52 2221.94 2226.65 2221.96 2214.8 2217.71 2217.17 2216.82 2220.78 2223.52 2219.23 2225.68 2222.22 2219.13 2219.04 2228.71 2235.37 2232.26 2236.23 2240.3 2233.61 2225 2218.54 2212.84 2200.63 2209.43 2206.44 2206.65 2199.54 2207.21 2196.72 2203.41 2200.91 2202.31 2202.11 2207.4 2214.51 2213.08 2214.27 2215.93 2200.92 2204.18 2212.67 2214.7 2208.54 2210.84 2200.02 2216.74 2221.98 2227.31 2218.07 2205.91 2216.46 2225.35 2238.21 2236.29 2246.34 2251.35 2291.61 2252.07 2219.67 2276.11 2259.72 2227.63 2244.58 2249.74
2263.68 2269.79 2275.17 2260.96 2256.18 2251.59 2254.21 2254.57 2250.48 2251.66 2251.99 2250.39 2250.29 2245.02 2249.55 2250.64 2257.05 2252.52 2260.8 2255.13 2255.92 2256.59 2253.55 2270.38 2261.97 2253.89 2257.96 2254.46 2252.89 2238.99 2239.03 2237.44 2235.86 2236.13 2237.92 2234.14 2235.29 2227.32 2233.42 2229.52 2229.45 2234.44 2240.68 2243.31 2240.05 2247.33 2247.12 2256.24 2256.94 2256 2261.68 2263.17 2264.54 2255.93 2241.57 2249.22 2254.9 2252.26 2232.22 2243.38 2255.24 2243.78 2254.11 2288.73 2297.44 2272.39 2349.65 2315.74 2257.86 2274.08 2281.46 2254.03
2288.22 2294.89 2286.63 2287.93 2284.53 2277.93 2274.76 2277.47 2276.81 2280.57 2272.57 2279.26 2286.81 2283.8 2288.29 2292.71 2303.51 2316.78 2306.89 2309.12 2301.81 2299.07 2289.2 2273.46 2282.9 2271.57 2265.53 2274.91 2265.19 2261.18 2263.97 2261.27 2261.09 2258.39 2261.59 2257.29 2264.1 2264.5 2258.38 2255.85 2259.74 2258.86 2259.14 2268.69 2276.29 2270.26 2267.96 2270.66 2279.21 2289 2283.63 2288.35 2289.45 2281.55 2276 2261.03 2253.2 2261.73 2300.34 2307.64 2313.28 2291.74 2350.54 2359.88 2344.34 2333.32 2279.15 2287.65 2334.34 2289.9 2279.39 2275.44
