resultados/variables_norteamerica/sun_rad_range.asc
ncols 469
nrows 225
xllcorner -169.133333
yllcorner 20.675000
cellsize 0.249840
NODATA_value -9999
[rows 128 to 159 of 225, columns 213 to 283 of 469]
6447.05 6516.79 6489.64 6387.78 6399.75 6472.96 6552.27 6428.52 6591.57 6525.32 6553.51 6612.15 6532.44 6518.94 6593.94 6561.69 6540.63 6515.22 6497.81 6538.31 6612.49 6652.5 6639.03 6573.58 6624.59 6499.9 6422.1 6493.59 6432.56 6425.78 6416.77 6374.47 6559.79 6707.02 6600.77 6436.68 6426.77 6438.92 6411.93 6403.4 6419.79 6414.97 6404.26 6415.36 6426.63 6423.66 6418.68 6374.48 6353.94 6342.88 6343.31 6343.17 6345.67 6335.65 6321.07 6313.03 6300.84 6291.76 6271.56 -9999 6276.41 6273.65 6282.02 6282.24 6277.89 6276.65 6271.74 6263.75 6255.75 6252.39 6250.09
6456.57 6497.82 6449.67 6526.88 6523.99 6571.09 6475.15 6506.76 6380.18 6564.37 6587.5 6592.76 6567.43 6573.07 6553.25 6555.21 6519.9 6507.48 6501.71 6644.86 6587.5 6626.58 6596.4 6568.26 6431.74 6486.27 6455.78 6451.72 6467.69 6439.02 6405.35 6383.26 6340.88 6510.51 6728.44 6687.28 6456.92 6413.44 6402.7 6397.19 6412.81 6404.42 6402.83 6410.21 6397.52 6457.71 6434.14 6435.11 6414.13 6365.17 6330.22 6310.63 6306.34 6311.45 6285.53 6275.71 6285.19 6280.3 6293.89 6278.07 6272.77 6251.7 6252.94 6254.75 6260.16 6269.23 6269.81 6259.4 6246.21 6233.22 6229.08
6396.69 6457.11 6447.99 6506.97 6474.19 6460.13 6432.07 6500.14 6573.24 6499.27 6441.9 6502.47 6503.53 6407.74 6384.19 6413.06 6470.06 6476.45 6483.57 6496.08 6566.9 6530.32 6614.56 6551.25 6589.48 6537.64 6635.04 6533.5 6471.87 6420.44 6399.24 6378.98 6366.43 6349.94 6514.26 6622.54 6489.68 6400.79 6394.83 6378.23 6409.78 6415.35 6403.94 6383.52 6382.42 6379.84 6441.44 6520.39 6515.66 6448.11 6340.68 6307.02 6288.84 6283.07 6289.86 6292.92 6283.9 6273.76 6262.13 6249.91 6236.75 6235.87 6234.51 6227.51 6222.57 6228.35 6233.35 6240.16 6244.46 6215.86 6207.91
6329.48 6341.22 6386.87 6485.71 6494.31 6520.88 6541.08 6531.34 6426.95 6433.46 6474.17 6404.5 6340.82 6370.25 6383.33 6385.92 6381.23 6392.16 6429.59 6496.63 6538.36 6504.77 6532.95 6543.53 6523.83 6558.63 6567.63 6522.82 6484.93 6436.36 6398.35 6356.11 6371.33 6371.65 6353.77 6511.26 6426.84 6393.07 6370.39 6377.97 6396.08 6385.75 6380.98 6390.82 6384.87 6347.02 6370.62 6435.8 6475.96 6407.55 6345.14 6298.35 6280.49 6262.19 6272.99 6263.49 6248.37 6243.8 6235.93 6234.11 6235.9 6242.34 6226.98 6215.86 6207.96 -9999 6194.25 6199.26 6208.18 6204.01 6185.16
6310.86 6321.75 6357.9 6370.67 6447.98 6406.37 6370.31 6451.89 6529.43 6407.14 6318.12 6317.17 6348.22 6374.65 6370.98 6363.74 6380.67 6464.86 6490.82 6450.66 6426.38 6500.42 6524.37 6503.14 6494.39 6417.05 6546.6 6563.17 6441.41 6396.28 6340.3 6365.2 6365.91 6382.54 6399.91 6456.33 6353.08 6355.31 6346.54 6364.04 6391.13 6381.27 6362.69 6343.29 6331.81 6331.23 6296.29 6318.98 6371.27 6387.38 6294.52 6266.95 6249.83 6255.66 6232.48 6227.99 6221.96 6222.1 6221.29 6220.73 6205.17 6194.77 6195.18 6186.02 6183.46 6173.89 6179.27 6185.11 6179.22 6175.74 6169.23
6250.05 6337.52 6294.7 6305.96 6334.46 6335.09 6306.95 6303.93 6322.24 6366.82 6352.56 6328.52 6358.1 6362.7 6344.36 6334.89 6387.11 6391.44 6363.64 6465.95 6338.9 6519.15 6528.88 6537.89 6580.9 6457.69 6346.36 6392.42 6409.14 6400.78 6387.89 6452.96 6449.61 6461.94 6548.12 6456.33 6385.88 6369.08 6361.86 6392.98 6359.87 6340.14 6339 6319.65 6313.17 6290.92 6285.88 6252.91 6276.66 6269.32 6242.8 6240.59 6240.21 6223.48 6237.82 6248.31 6234.94 6233.26 6222.01 6211.65 6200.78 6205.83 6190.14 6183.9 6180.04 6175.11 6152.69 6159.62 6155.01 6156.61 6158.77
6196.48 6222.95 6359.7 6320.28 6313.59 6313.35 6282.44 6256.87 6266.04 6296.12 6320.63 6331.66 6301.15 6284.48 6294.44 6364.69 6422.17 6394.3 6379.67 6278.61 6394.93 6336.33 6381.9 6465.25 6510.99 6617.58 6510.31 6367.64 6351.91 6333.89 6299.1 6269.05 6307.15 6329.78 6328.07 6344.72 6348.86 6356.14 6356.83 6367.93 6356.49 6335.6 6312.2 6314.22 6286.78 6283.31 6277.12 6275.42 6235.02 6227.89 6238.69 6225.23 6213.81 6236.33 6240.86 6247.49 6237.95 6218.3 6222.83 6211.58 6206.93 6196.7 6186.69 6183.89 6178.97 6171.67 6175.33 6133.53 -9999 6132.13 6121.7
6165.36 6140.78 6098.92 6137.48 6165.79 6189.16 6243.4 6252.63 6257.22 6260.77 6286.58 6283.3 6262.63 6269.66 6342.73 6370.27 6358.01 6365.28 6387.8 6347.03 6375.86 6457.84 6444.09 6404.32 6335.56 6451.84 6554.08 6450.46 6331.27 6310.65 6317.03 6329.84 6347.22 6378.85 6373.92 6354.69 6352.7 6320.6 6321.15 6320.27 6328.68 6321.4 6315.05 6292.57 6302.66 6292.55 6273.73 6252.08 6234.94 6236.28 6224.46 6210.95 6213.06 6222.82 6234.71 6217.02 6208.9 6204.94 6198.9 6190.39 6179.84 6175.49 6168.09 6157.73 6148.13 6138.5 6130.8 6136.03 6122.08 6106.81 6102.41
6193.98 6219.45 6200.29 6194.37 6173.52 6200.19 6211.91 6234.42 6234.98 6228.46 6228.9 6236.47 6292.95 6305.32 6276.61 6301.73 6297.21 6343.47 6355.8 6362.16 6371.47 6435.23 6420.81 6380.33 6368.79 6318.69 6425.96 6558.45 6434.53 6328.78 6325.26 6399.64 6391.19 6390.35 6393.17 6372.8 6340.43 6301.64 6385.02 6349.65 6349.79 6296.36 6265.32 6276.3 6292.73 6310.5 6288.36 6288.57 6272.64 6234.9 6201.32 6224.01 6228.4 6211.96 6198.62 6195.09 6192.03 6182.77 6171 6161.8 6159.61 6153.5 6146.74 6133.59 6126.65 6121.63 6118.76 6109.57 6103.12 6091.98 6084.33
6264.93 6234.98 6246.49 6228.66 6223.25 6217.32 6203.12 6208.88 6207.65 6238.46 6225.65 6312.02 6285.78 6280.02 6247.18 6236.87 6276.19 6339.31 6320.4 6353.29 6372.16 6404.59 6373.78 6347.6 6360.44 6355.18 6307.18 6312.54 6393.05 6409.26 6378.68 6334.85 6317.75 6306.69 6288.15 6288.22 6308.27 6346.35 6341.8 6410.72 6437.17 6349.05 6298.99 6238.45 6251.07 6238.29 6231.96 6232.54 6219.46 6221.19 6226.58 6205.47 6187.41 6187.18 6191.57 6192.84 6181.37 6171.67 6163.39 6153.2 6147.66 6139.38 6132.15 6127.26 6120.27 6114.44 6103.84 6095.28 6088.02 6086.59 6079.07
6246.08 6241.39 6258.2 6278.14 6253.97 6255.73 6349.92 6308.29 6295.42 6295.28 6228.2 6245.95 6233.08 6228.04 6196.92 6208.45 6209.51 6294.04 6248.24 6258.07 6321.55 6345.57 6311.68 6328.29 6323.89 6307.19 6305.79 6322.02 6330.65 6318.66 6323.51 6329.39 6363.24 6346.16 6341.57 6348.77 6323.41 6390.15 6333.31 6304.47 6306.45 6354.48 6270.39 6215.49 6192.07 6178.2 6185.28 6190.97 6217.17 6207.78 6198.14 6184.45 6169.82 6164.51 6168.92 6168.14 6160.22 6153.8 6142.9 6133.02 6119.84 6108.11 6102.27 6098.55 6092.28 6090.3 6088.03 6079.13 6069.35 6059.97 6054.32
6285.92 6291.84 6303.88 6321.52 6266.66 6255.09 6228.44 6184.14 6242.98 6220.57 6310.79 6142.95 6145.01 6183.74 6201.82 6176.07 6202.28 6313.75 6263.15 6278.97 6294.15 6286.81 6284.04 6267.13 6256.72 6276.8 6301.96 6304.83 6288.94 6282.95 6276.85 6275.41 6269.11 6273.92 6283.44 6267.34 6257.29 6261.93 6277.58 6285.12 6297.6 6288.33 6256.2 6205.96 6195.88 6172.5 6153.57 6139.6 6128.5 6148.43 6161.7 6152.13 6142.83 6140.59 6139.45 6139.08 6133.61 6124.9 6115.71 6104.3 6095.18 6087.81 6078.31 6070.19 6061.59 6056.95 6051.17 6051.89 6046.95 6041.86 6037.81
6236.03 6237.94 6268.55 6211.83 6228.97 6236.53 6213.08 6237.6 6199.66 6144.25 6078.17 6120.22 6127.54 6144.33 6126.34 6130.6 6154.99 6220.18 6282.4 6253.72 6269.78 6254.04 6256.05 6248.86 6245.94 6256.63 6259.47 6247.52 6261.29 6279.79 6268.46 6266.8 6281.68 6280.46 6297.14 6260.36 6273.11 6300.49 6301.78 6288.68 6283.85 6286.45 6260.8 6249.41 6217.38 6202.16 6163.08 6156.87 6151.44 6124.34 6094.82 6104.26 6125.58 6110.94 6106.35 6106.69 6105.03 6097.69 6090.42 6087.06 6075.66 6065.15 6057.63 6051.24 6046.94 6037.06 6033.22 6019.19 6019.13 6013.8 6008.81
6215.62 6190.95 6162.34 6237.95 6173.61 6161.76 6158.84 6130.53 6088.46 6091.54 6115.8 6125.99 6108.51 6107.66 6075.8 6100.5 6176.15 6272.53 6251.65 6216.57 6250.98 6225.4 6221.44 6230.32 6213.62 6221.28 6217.74 6267.75 6261.33 6249.51 6261 6245.76 6233.96 6266.56 6288.31 6280.46 6254.37 6316.98 6442.33 6330.58 6256.63 6285.73 6267.79 6228.4 6200.46 6186.96 6178.17 6169.7 6153.83 6136.75 6124.84 6108.38 6080.42 6066.92 6068.16 6072.87 6069.9 6066.64 6056.3 6046.96 6046.36 6038.74 6032.75 6032.53 6024.19 6013.94 5999.47 5997.57 5983.21 5983.71 5978.91
6162.79 6159.33 6135.64 6123.39 6188.73 6188.54 6156.9 6132 6070.53 6075.89 6069.09 6059.67 -9999 -9999 6077 6020.3 6105.53 6183.23 6201.1 6230.39 6235.48 6260.33 6234.93 6240.97 6221.94 6171.79 6248.8 6246.44 6240.85 6239.32 6205.61 6194.4 6207.03 6215.28 6258.4 6370.33 6276.84 6223.89 6311.82 6252.91 6238.26 6256.29 6267.77 6206.23 6187.4 6163.4 6136.88 6118.54 6115.69 6105.73 6096.39 6081.82 6072.53 6073.07 6055.29 6040.33 6036.38 6017.83 6010.83 6004.23 6002.41 6007.02 6010.28 6001.5 5987.46 5981.74 5975.3 5967.06 5962.35 5950.92 5945.43
6146.27 6080.5 6148.71 6173.29 6123.4 6148.29 6103.39 5995.55 6078.28 6050.34 6032.81 6085.43 -9999 -9999 -9999 6039.08 6051.33 6080.34 6140.37 6240.27 6306.45 6367.25 6367.94 6301.93 6200.87 -9999 6158.11 6217.69 6210.56 6169.71 6182.96 6152.42 6150.69 6171.36 6176.85 6169.28 6342.41 6317.25 6236.96 6264.08 6301.41 6250.08 6179.04 6154.32 6133.03 6116.28 6102.84 6117.37 6102.24 6067.26 6065.37 6058.56 6035.2 6016.52 6014.56 6013.5 6004.66 6007.26 6004.2 6000.05 5992.09 5980.47 5962.09 5958.55 5964.94 5956.02 5946.19 5938.44 5934.86 5928.31 5923.63
6057.59 6139.67 6169.8 6056.24 6094.98 6077.62 6108.61 6025.5 5988.98 6024.31 6025.41 6032.81 6028.55 6033.88 -9999 6040.65 6044.19 6187.52 6182.72 6313.77 6331.32 6335.94 6361.7 6356.12 6373.25 6278.82 6192.59 6087.02 6066.33 6129.57 6103.79 6151.19 6175.37 6151.47 6197.41 6230.36 6216.06 6225.62 6195.55 6270.47 6278.01 6191.46 6089.86 6051.37 6059.19 6058.35 6054.79 6050.17 6030.66 6028.37 6007.72 6000.06 6022.19 6021.94 6006.93 5990.07 5981.12 5972.41 5973.22 5962.63 5954.94 5942.79 5952.97 5944.32 5929.08 5921.43 5919.97 5915.11 5907.51 5907.02 5901.78
6085.56 6124.44 6013.58 6095.28 6102.53 6055.22 6077.58 6026.54 5997.51 5997.37 6000.81 6031.43 6019.66 6117.82 6104.33 6087.18 5976.09 6069.11 6144 6130.19 6037.45 6048.51 5990.2 5928.42 5941.31 5953.47 5952.25 6069.8 6157.48 6088.43 6092.88 6086.51 6080.48 6119.14 6086.61 6067.89 6127.75 6215 6249.1 6234.15 6322.35 6268.44 6115.86 6031.83 6012.85 6008.59 6015.59 6016.1 6021.48 6007.19 5989.67 6018.43 5996.95 5982.14 5971.59 5961.65 5950.7 5938.97 5930.51 5929.2 5921.5 5917.98 5902.47 5896.41 5900.71 5904.81 5896.41 5892.18 5886.17 5874.63 5869.01
6051.23 6052.07 6115.19 6113.62 6089.73 6098.09 6038.37 6050.88 6006.5 5970.88 5970.81 5950.21 5993.85 5977.72 5938.62 5959.23 5926.55 5937.75 6101.72 6103.89 6060.65 6000.19 5995.75 5982.58 5978.7 5986.46 6036.99 5980.81 5997.64 6027.09 6060.77 6139 6156.49 6171.61 6223.25 6210.03 6175.06 6178.63 6150.43 6200.21 6101.73 6161.38 6044.9 6005.58 6005.91 6002.73 5989.82 5980.82 5969.51 5972.53 5996.71 5978.24 5964.35 5954.81 5945.27 5936.16 5928.87 5924.07 5909.46 5890.11 5883.71 5873.55 5874.06 5872.27 5861.05 5853.25 5859.25 5858.35 5851.18 5850.05 5846.41
6045.59 6041.88 6041.97 6035.55 6001.33 6089.46 6040.68 6022.69 6043.41 5945.02 5944.19 5981.46 6018.71 6056.37 6080.76 6024.09 6043.46 5988.15 6018.11 6127.19 6129.68 6158.21 6128.32 6051.46 5985.06 5985.24 5968.45 6011.65 6025.24 6135.8 6060.52 6049.78 6059.83 6154.72 6270.7 6221.36 6085.56 6087.81 6126.82 6137.27 6144.27 6148.67 6039.57 6003.96 5991.56 5997.15 5990.81 5980.38 5975.92 5962.17 5973.88 5959.65 5947.58 5934.49 5923.43 5904.08 5894.09 5885.35 5890.69 5886.46 5873.2 5867.78 5854.74 5846.83 5843.53 5833.94 5832.1 5823.82 5823.17 5817.79 5809.67
5984.31 6000.73 6029.4 6035.37 6029.44 6003.74 6035.49 6042.36 5866.55 5980.12 5940.9 5966.5 5902.74 5871.47 5919.43 5968.38 5958.76 6017.95 6171.84 6082.45 5984.28 6042.58 6101.81 5999.12 6032.34 6029.71 6053.04 6059.86 6093.33 6110.9 6112.88 6097.29 6073.36 6082.92 6135.64 5971.34 6035.75 6133.21 6233.57 6193.31 6211.6 6141.86 6073.84 5981.94 5991.54 6000.28 5981.31 5968.48 5954.2 5959.29 5955.73 5940.2 5923.3 5912.29 5900.39 5887.06 5880.02 5882.5 5864.32 5854.81 5847.35 5839.67 5832.46 5824.31 5810.37 5800.43 5781.76 5777.45 5777.27 5780.55 5778.99
5965.15 5968.82 5996.28 6024.25 5968.9 5992.45 6004.42 5892.7 5969.24 5872.25 5970.4 5936.51 5902.47 5906.23 5940.99 5920.75 5997.69 5938.64 6103.9 6020.98 5923.98 5852.76 5951.58 5948.06 6090.96 6065.01 6095.79 5991.38 5926.88 5942.49 5912.52 5916.45 5961.44 5909.33 5876 6069.46 6226.81 6166.23 6087.18 6151.72 6111.9 6050.32 6038.64 5990.08 6003.53 6007.42 5985.38 5966.67 5960.5 5961.83 5934.89 5917.82 5904.71 5885.19 5873.75 5875.56 5861.97 5850.73 5843.39 5832.57 5826.12 5816.44 5808.67 5796.42 5786.97 5778.21 5765.52 5760.07 5750.32 5739.99 5739.45
5953.46 5998.69 5988.51 5958.82 5979.54 5923.65 5981.3 5921.31 5935.37 5914.45 5927.04 5868.03 5871.71 5873.92 5895.81 5968.13 5866.77 6106.6 5934.13 5841.09 5936.79 5953.13 5836.97 5788.69 5993.17 5976.7 5808.26 5811.59 5811.35 5823.08 5876.59 5896.96 6068.88 6125.82 6072.84 6091.65 5964.01 6143.5 6114.11 6081.14 6040.58 6092.3 6024.23 6077.25 6013.83 6006.02 5965.47 5953.35 5935.11 5905.99 5908.71 5896.16 5881.76 5873.31 5861.97 5847.65 5833.76 5823.37 5814.44 5806.17 5795.62 5785.12 5775.02 5766.78 5760.48 5756.73 5758.81 5748.73 5742.55 5734.26 5722.65
5921.52 5906.38 5952.48 5871.7 5994.28 5906.44 5968.81 5877.93 5867.88 5918.24 5798.11 -9999 5866.77 5854.55 5913.33 5945.13 5916.43 5935.08 5918.2 5919.25 5926.02 5874.26 5781.22 5797.11 5765.65 5770.83 5806.98 5948.69 6057.73 5914.49 5906.07 6093.12 6000.93 5919.5 5856.67 5996.06 6088.75 6018.45 6083.23 6027.99 6040.62 6002.71 6038.74 6070.3 5951.74 5947.21 5946.41 5924.53 5891.36 5871.78 5848.78 5852.86 5842.77 5842.33 5828.83 5809.85 5791.57 5775.16 5764.63 5764.66 5764.23 5753.64 5744.88 5741.39 5733.66 5721.91 5718.46 5708.88 5697.65 5690.68 5693.8
5889.28 5772.22 5834.79 5890.18 5925.17 5870.03 5787.85 5872.24 5890.38 5854.86 5823.91 5832.09 5870.89 5933.65 5974.95 5850.64 6051.03 6058.8 5865.28 5860.76 5914.66 5816.68 5815.52 5819.27 5833.18 5822.04 5858.35 5840.61 5956.28 6008.26 5858.94 5724.8 5816.52 5897.59 6090.22 5975 5922.66 6082.17 6001.29 5955.23 6054.13 6025.95 5971.29 6041.32 5858.95 5840.72 5851.07 5854.03 5833.17 5834.81 5821.73 5802.6 5794.04 5797.22 5797.11 5786.65 5778.55 5769.16 5759.18 5740.67 5726.94 5717.54 5716.13 5708.54 5706.36 5700.66 5684.52 5684.06 5685.61 5686.69 5674.5
5752.26 5836.19 5870.2 5788.95 5801.43 5846.02 5887.55 5889.13 5860.32 5817.55 5855.79 5825.25 5910.97 5944.61 5878.64 5975.16 5878.56 5909.08 5855.39 5803.29 5726.14 5809.84 5858.9 5796.33 5800.38 5799.98 6003.52 5956.75 5746.37 5940.1 6015.78 5933.12 5870.88 5938.24 5833.99 5881.79 5923.28 5817.01 5949.76 5976.61 5876.61 5841.88 5768.75 5669.88 5799.23 5793.02 5788.74 5793.81 5774.79 5775.52 5769.85 5781.07 5766.31 5747.05 5757.58 5752.37 5742.41 5731.89 5722.02 5713.68 5708.79 5708.71 5695.49 5678.16 5666.63 5665.14 5666.35 5662.61 5653.25 5648.63 5649.13
5819.48 5861.9 5755.45 5799.14 5791.82 5834.23 5865.83 5862.99 5901.38 5854.32 5793.21 5782.28 5798.38 5853.46 5824.69 5788.8 5983.57 5962.92 5897.77 5782.66 5823.66 5761.14 5800.69 5789.64 5736.79 5817.2 5741.31 5757.07 5825.45 5739.55 5814.71 6014.87 5952.3 6002.52 6043.17 6037.23 6012.5 6013.31 5873.63 5904.73 5985.34 5957.42 6007.14 5872.23 5777.08 5758.4 5743.58 5739.9 5737.86 5731.39 5730.1 5731.44 5719.2 5712.23 5707.92 5712.57 5711.08 5701.2 5693.09 5677.83 5675.83 5669.05 5659.55 5652.69 5648.89 5639.77 5637.19 5631.68 5628.32 5620.93 5613.89
5797.53 5734.54 5753.55 5773.53 5713.12 5806.05 5744.56 5835.58 5739.13 5719.7 5747.28 5813.68 5788.49 5842.4 5878.36 5915.68 5974.06 5805.34 5792.16 5810.56 5860.98 5744.95 5697.96 5792.37 5879.89 5878.56 5851.07 5861.93 5812.43 5876.47 5959.1 5934.23 5975.17 6024.38 5995.56 6072.91 6085.96 6031.78 5900.29 5797.28 5767.41 6006.39 5929.22 6013.45 5817.04 5792.91 5759.67 5730 5719.69 5712.27 5704.45 5693.5 5695.28 5693.39 5679.59 5665.56 5657.24 5657.36 5654.71 5648.38 5644.29 5644.95 5640.67 5633.05 5622.49 5622.01 5613.63 5607.91 5600.58 5595.23 5588.06
5669.3 5764 5740.54 5710.09 5710.41 5676.39 5746.5 5725.55 5722.48 5753.76 5774.74 5809.63 6014.94 5849.77 5823.03 5804.03 5713.97 5679.55 5693.12 5722.11 5589.03 5651.11 5687.24 5787.89 5860.77 5734.84 5758.78 5768.11 5802.66 5871.2 5872.42 5949.88 5910.56 5894.89 5924.68 5848.01 5819.67 5753.96 5807.24 5841.3 5833.77 5759.42 5857.51 5678.23 5772.76 5781.76 5761.81 5731.23 5722 5704.91 5695.98 5699.69 5711.75 5695.95 5677.94 5658.18 5643.82 5632.45 5624.71 5625.27 5617.47 5610.05 5609.67 5604.53 5597.96 5590.42 5585.14 5579.15 5573.01 5564.5 5559.06
5772.51 5628.92 5626.99 5652.78 5729 5698.37 5732.51 5701.32 5728.67 5780.09 5762.72 5790.9 5719.6 5786.71 5835.57 5691.64 5690.44 5752.88 5714.97 5623.48 5624.8 5653.63 5705.84 5680.39 5639.29 5644.65 5649.01 5671.98 5727.09 5720.45 5785.84 5868.88 5675.53 5768.92 5714.53 5811.87 5846.35 6039.31 5950.65 5807.8 5804.18 5750.15 5841.53 5885.92 5829.92 5745.49 5724.28 5719.25 5696.36 5710.97 5717.6 5703.8 5671.82 5654.84 5639.11 5626.3 5613.98 5602.72 5593.48 5590.67 5590.2 5584.07 5572.96 5571.99 5569.59 5561.22 5554.68 5536.56 5537.51 5535.68 5526.13
5576.78 5637.8 5611.64 5558.57 5596.43 5515.17 5539.91 5512.36 5543.27 5495.82 5446 5508.69 5585.79 5630.04 5625.38 5640.36 5609.34 5603.3 5571.24 5662 5592.82 5611.82 5594.66 5652.36 5598.84 5630.9 5630.24 5638.95 5677.82 5728.2 5684.65 5584.49 5649.09 5673.53 5646.85 5648.26 5735.06 5836.97 5813.23 5800.19 5782.81 5786.87 5856.07 5839.16 5754.66 5734.71 5692.52 5683.71 5704.54 5718.43 5698.5 5666.7 5646.63 5627.37 5610.64 5596.17 5585.17 5575.8 5569.92 5558.08 5549.26 5546.84 5533.35 5515.88 5507.52 5497.82 5511.07 5509.88 5499.92 5481.93 5480.49
5604.15 5558.79 5525.88 5518.83 5478.03 5571.05 5514.78 5459.35 5487.75 5522.74 5608.83 5634.59 5664.72 5585.52 5605.85 5675.36 5646.28 5540.23 5575.36 5539.92 5715.5 5696.49 5658.47 5623.66 5637.72 5648.89 5668.57 5625.98 5599.54 5611.72 5648.78 5633.28 5679.71 5652.42 5681.09 5687.23 5683.22 5684.41 5823.66 5796.73 5753.16 5774.07 5876.99 5728.86 5774.34 5770.8 5799.51 5765.62 5701.82 5633.34 5603.96 5587.32 5577.13 5570.59 5565.82 5567.64 5559.91 5550.16 5539.28 5529.29 5521.28 5508.87 5503.46 5490.8 5484.02 5477.92 5473.48 5479.03 5452.87 5446.51 5443.55
