resultados/variables_norteamerica/sun_rad_minimum.asc
ncols 469
nrows 225
xllcorner -169.133333
yllcorner 20.675000
cellsize 0.249840
NODATA_value -9999
[rows 160 to 191 of 225, columns 288 to 359 of 469]
2323.39 -9999 2325.42 2310.19 2300.48 2309.87 2308.38 2311.43 2309.37 2303.56 2318.06 2314.8 2314.63 2326.42 2328.89 2329.44 2336.49 2324.51 2321.85 2319.32 2322.13 2323.15 2315.18 2315.63 2303.84 2308.75 2303.19 2295.24 2294.11 2290.22 2288.39 2288.41 2288.24 2290.09 2286.35 2287.89 2292.62 2291.3 2298.65 2303.06 2301.51 2300.69 2292.72 2290.91 2296.37 2304.42 2314.91 2304.73 2297.84 2298.09 2303.76 2305.84 2312.2 2303.69 2321.17 2350.87 2386.34 2393.47 2375.58 2351.89 2354.15 2416.96 2287.99 2350.34 2343.02 2332.36 2371.95 2372.23 2346.71 2321.16 2308.07 2303.81
2342.49 2347.02 2349.56 2342.94 2336.2 2336.2 2329.08 2338.07 2333.06 2329.76 2333.83 2345 2354.79 2362.49 2340.66 2337 2331.53 2354.82 2348.2 2347.02 2350.14 2348.84 2349.06 2334.37 2339.22 2331.22 2323.61 2315.47 2318.8 2316.73 2316.37 2314.43 2317.32 2324.15 2328.34 2325.22 -9999 2325.59 2330.87 2325.09 2321.42 2320.05 2334.11 2340.28 2337.49 2331.15 2330.14 2323.63 2347.59 2341.56 2344.49 2331.43 2342.23 2373.35 2382.81 2380.59 2370.7 2375.08 2367.87 2381.19 2339.79 2364.21 2450.18 2422.41 2390.65 2448.96 2443.63 2418.75 2353.34 2343.4 2335.91 2330.82
2370.08 2367.79 2369.04 2366.64 2365.27 2358.73 2365.64 2361.81 2355.24 2370 2379.45 2384.3 2386.26 2376.31 2368.75 2357.02 2368.1 2360.37 2361.66 2363.82 2370.96 2367.94 2357.44 2360.82 2357.33 2350.7 2342.34 2352.2 2346.66 2345.78 2346.62 2352.45 2349.94 2350.96 2351.49 2355.11 2355.33 2355.04 2345.12 2350.83 2363.39 2377.01 2364.34 2356.11 2362.8 2367 2357.45 2360.87 2354.97 2390.29 2373.51 2378.12 2405.56 2394.98 2400.99 2387.66 2396.59 2384.59 2394.49 2353.2 2402.29 2395.52 2480.82 2492.81 2489.88 2386.58 2383.58 2375.89 2362.75 2359.03 2359.4 2353.21
2403.97 2401.55 2393.77 2395.52 2395.32 2393.17 2390.81 2392.09 2409.12 2411.93 2407.46 2400.47 2403.32 2402.19 2407.64 2431.21 2404.69 2401.61 2391.66 2387.54 2399.12 2392.27 2387.47 2393.89 2377.85 2373.98 2382.13 2375.9 2375.11 2375.14 2375.27 2375.39 2378.1 2377.48 2379.45 2383.12 2381.01 2391.8 2395.4 2386.85 2378.71 2373.28 2381.59 2391.73 2380.37 2388.98 2406.7 2414.92 2429.7 2410.91 2453.52 2481.66 2407.35 2415.46 2413.68 2404.04 2397.57 2390.45 2367.04 2437.51 2510.91 2555.69 2514.06 2424.79 2412.36 2416.01 2404.4 2401.11 2402.59 2396.19 2390.48 2392.18
2433.11 2432.95 2435.96 2428.7 2427.44 2418.66 2415.2 2418.84 2430.55 2424.4 2439 2458.79 2466.97 2493.96 2494.53 2471.73 2435.29 2412.04 2431.05 2422.2 2399.23 2405.87 2429.4 2411.33 2404.96 2408.07 2408.19 2404.49 2404.59 2403.96 2405.11 2406.28 2407.81 2406.27 2412.09 2413.99 2414.54 2408.93 2415.39 2429.21 2433.06 2425.1 2416.06 2406 2420.6 2432.67 2404.86 2451.21 2473.14 2494.15 2433.09 2426.12 2429.08 2420.51 2361.99 2306.06 2369.62 2444.87 2536.75 2482.73 2535.59 2508.47 2441.67 2456.13 2441.88 2428.9 2425.66 2428.64 2431.74 2427 2425.68 2421.19
2452.49 2453.64 2452.87 2450.96 2448.92 2449.26 2448.5 2446.35 2460.32 2483.24 2483.24 2497.39 2496.3 2488.9 2509.01 2503.8 2509.5 2523.12 2477.96 2470.58 2466.54 2476.23 2435.07 2434.89 2434.66 2433.7 2434.27 2433.57 2433.15 2429.91 2437.39 2436.22 2436.43 2442.92 2445.45 2445.64 2445.11 2450.47 2454.1 2441.79 2439.02 2448.97 2451 2456.32 2469.8 2425.04 2474.07 2495.35 2506.49 2460.67 2465.5 2454.87 2414.6 2458.1 2573.76 2636.54 2523.76 2488.39 2511.66 2593.77 2515.07 2480.25 2487.86 2467.28 2463.86 2461.2 2457.22 2454.03 2452.07 2454.31 2450.95 2445.63
2501.68 2494.38 2493.68 2491.17 2483.86 2485.55 2479.4 2470.45 2473.59 2472.44 2479.61 2465.5 2470.52 2464.71 2428.44 2474.28 2493.69 2491.59 2498.01 2498.99 2499 2470.83 2477.87 2463.29 2463.94 2464.34 2463.7 2463.94 2465.88 2471.86 2464.69 2464.1 2466.91 2476.77 2472.36 2473 2464.76 2472.74 2490.53 2493.86 2495.16 2488.89 2490.17 2495.58 2497.2 2530.01 2541.58 2514.96 2500.15 2486.38 2476.03 2484.77 2547.38 2531.38 2452.2 2552.36 2593.69 2632.52 2525.32 2540 2498.95 2503.94 2498.07 2489.83 2488.25 2484.32 2482.75 2487.4 2487.93 2486.75 2471.65 2469.19
2526.05 2523.4 2517.71 2515.48 2515.82 2509.95 2511.06 2521.98 2512.06 2514.55 2476.81 2501.93 2507.82 2501.89 2551.51 2503.33 2492.56 2481.81 2487.56 2499.73 2503.07 2498.81 2493.61 2493.77 2493.56 2498.18 2493.24 2493.45 2491.62 2495.52 2498.76 2501.65 2503.22 2499.49 2508.26 2498.38 2512.58 2530.18 2521.37 2527.03 2518.15 2513.85 2516.37 2504.91 2519.03 2567.22 2530.69 2544.8 2514.92 2514.35 2489.29 2537.52 2569.16 2578 2663.1 2602.82 2713.75 2643.18 2630.25 2573.98 2524.48 2525.37 2522.58 2525.39 2514.42 2516.31 2508.5 2502.36 2492.51 2505.08 2507.27 2503.76
2552.57 2543.73 2556.39 2552.89 2551.25 2538.46 2533.25 2542.53 2538.64 2530.62 2506.15 2495.22 2497.84 2540.18 2535.12 2537.75 2532.12 2548.3 2537.32 2529.72 2529.21 2526.48 2523 2522.33 2523.78 2523.72 2522.27 2523.38 2527.04 2528.23 2529.11 2538.36 2538.28 2531.22 2532.29 2537.33 2536.94 2535.17 2546.21 2548.35 2551.41 2556.74 2548.3 2567.16 2583.37 2524.1 2554.19 2542.98 2544.74 2556.02 2625.36 2574.58 2565.51 2619.62 2645.91 2656.52 2596.39 2565.03 2565.12 2562.83 2551.78 2547.23 2538.35 2543.11 2542.9 2540.42 2542.5 2533.05 2537.33 2531.2 2534.1 2528.85
2588.79 2594.51 2572.38 2575.56 2575.04 2576.66 2585.32 2571 2566 2572.88 2641.46 2632.8 2606.68 2578.5 2574.08 2576.82 2590.09 2575.45 2569.25 2555.73 2554.38 2554.54 2554.27 2552.5 2552.68 2556.28 2555.3 2554.03 2557.47 2562.28 2565.31 2561.67 2568.32 2574.02 2567.11 2567.69 2568.6 2567.74 2555.3 2564.97 2567.43 2568.44 2562.07 2586.64 2558.6 2606.96 2616.21 2595.92 2591.69 2572.93 2602.79 2654.53 2684.43 2640.73 2625.39 2600.67 2581.79 2579.48 2582.83 2582.2 2576.1 2566.33 2568.68 2567.6 2567.87 2573.2 2572.75 2565.54 2553.34 2552.02 2555.56 2553.75
2616.18 2630.23 2617.68 2598.56 2606.43 2615.47 2614.38 2623.81 2632.92 2632.42 2616.61 2637.76 2656.8 2642.12 2613.18 2605.41 2604.02 2588.28 2589.05 2591.02 2584.59 2584.13 2584.25 2583.57 2582.84 2582.1 2582.57 2582.42 2589.2 2587.15 2590.43 2589.59 2590.43 2593.42 2592.24 2594.29 2603.23 2614.38 2612.61 2605.4 2594.45 2600.04 2616.91 2597.21 2622.09 2632.1 2634.22 2611.12 2600.64 2606.22 2637.79 2637.41 2632.37 2631.62 2624.37 2603.06 2613.43 2607.33 2611.87 2606.78 2599.94 2603.4 2588.18 2591.53 2595.45 2589.55 2596.41 2592.51 2589.07 2580.38 2580.33 2580.14
2641.4 2632.07 2633.96 2632.66 2629.04 2628.47 2631.42 2633.23 2636.12 2642.62 2651.74 2643.07 2640.71 2639.65 2641.54 2630.75 2618.17 2627.91 2617.46 2617.9 2617.67 2610.9 2613.88 2614.29 2612.1 2612.77 2612.95 2612.44 2612.73 2618.56 2627.91 2625.13 2624.3 2617.34 2620.47 2622.02 2633.71 2639.46 2645.11 2641.84 2647.24 2647.04 2642.85 2635.85 2656.33 2633.24 2618.98 2622.95 2616.16 2629.26 2644.55 2651.14 2656.83 2650.56 2640.07 2641.88 2631.58 2634.38 2631.4 2632.61 2631.14 2622.52 2622.39 2619.63 2628.58 2621.71 2613.94 2617.77 2613.72 2612.65 2611.54 2615.29
2664.32 2667.95 2662.09 2664.11 2657.03 2654.13 2650.69 2650.48 2652.31 2654.76 2654.57 2650.17 2653.3 2656.49 2652.29 2646.37 2642.38 2648.65 2650.53 2644.83 2646.84 2646.94 2642.4 2643.01 2642.95 2642.38 2642.33 2642.36 2644.17 2647.45 2642.87 2648.29 2648.24 2651.49 2646.92 2655.04 2655.39 2662.81 2660.03 2658.96 2662.97 2653.61 2660.43 2685.87 2655.97 2653.66 2666 2670.87 2686.63 2679.03 2681.77 2683.62 2679.71 2678.77 2672.38 2670.8 2663.31 2656.07 2652.6 2658 2658.99 2656.82 2661.16 2655.53 2638.86 2642.1 2644.64 2642.4 2642.34 2640.9 2639.1 2637.39
2706.35 2697.79 2696.1 2686.07 2687.87 2691.17 2691.77 2693.02 2687.38 2685.32 2679.72 2679.4 2678.01 2681.6 2680.49 2677.27 2678.85 2671.03 2680.97 2679.09 2675.3 2678 2673.52 2672.51 2672.97 2672.41 2671.54 2671.69 2672.71 2675.91 2681.68 2681.94 2680.33 2674.76 2676.18 2676.86 2685 2684.03 2691.93 2681.35 2681.52 2689.25 2702.65 2696.51 2689.03 2693.44 2708.89 2713.91 2721.36 2711.76 2703.48 2699.5 2701.34 2702.37 2699.36 2688.65 2693.38 2686.41 2683.42 2676.81 2682.34 2693.98 2686.88 2686.59 2684.19 2681.87 2673.31 2674.03 2670.07 2669.66 2669.28 2668.26
2726.53 2726.02 2731.24 2728.46 2725.67 2717.38 2714.81 2709.73 2708.49 2706.46 2708.24 2710.78 2711.71 2709.01 2710.48 2713.1 2706.39 2702.86 2697.89 2702.97 2706.43 2705.66 2704.81 2702.62 2702.61 2701.96 2701.91 2701.37 2705.96 2714.48 2707.48 2711.54 2709.77 2709.25 2705.9 2710.31 2713.01 2715.91 2720.52 2719.01 2718.14 2725.02 2730.84 2713.66 2717.61 2751.22 2737.39 2750.86 2738.89 2734.31 2736.64 2733.04 2731.73 2726.88 2720.88 2725.2 2721.7 2722.68 2720.34 2719.06 2710.11 2711.89 2715.9 2710.64 2708.97 2706.1 2703.91 2702.68 -9999 2699.48 2698.88 2699.25
2751.17 2758.51 2753.29 2753.72 2753.68 2754.18 2746.94 2744.61 2744.51 2747.46 2743.67 2742.39 2741.01 2735.1 2737.96 2740.83 2737.93 2739.27 2739.12 2733.18 2732.4 2736.78 2733.77 2732.2 -9999 2731.48 2731.35 2727.91 2740.53 2742.71 2746.4 2748.87 2749.53 2732.84 2733.99 2736.83 2739.77 2741.67 2732.21 2747.52 2753.12 2750.04 2747.33 2754.88 2769.96 2772.8 2770.09 2765.37 2759.37 2762.41 2757.76 2766.51 2756.02 2749.83 2751.18 2743.22 2754.7 2745.88 2745.45 2745.01 2740.7 2734.12 2740.43 2739.11 2735.94 2734.21 2732.36 2733.18 2732.57 2730.22 2728.51 2724.73
2780.1 2780.69 2781.91 2783.5 2776.82 2776.29 2777.49 2778.99 2772.43 2771 2771.79 2772.56 2769.45 2770.75 2770.82 2767.88 2768.8 2766.81 2764.85 -9999 2762.22 2764.16 2762.12 2762.82 2761.97 2761.68 2758.9 2767.72 2770.49 2769.94 2777.91 2777.74 2774.68 2779.46 2768.64 2762.21 2766.73 2767.95 2772.09 2774.15 2773.61 2787.79 2781.45 2789.1 2791.78 2787.05 2787.43 2787.7 2793.32 2799.14 2798.33 2792.78 2793.99 2778.12 2783.22 2771.34 2766.61 2779.05 2774.17 2767.47 2765.52 2770.47 2761.05 2765.59 2762.32 2763.34 2761.74 2759.88 2758.42 -9999 -9999 -9999
2807.3 2811.14 2806.51 2810.58 2810.46 2805.34 2803.2 2802.73 2805.51 2803.87 2803.17 2798.62 2793.65 2794.89 2799.35 2801.04 2805.07 2796.63 2792.35 2795.87 2792.91 2792.73 2792.46 2792.19 2793.34 2788.11 2794.26 2794.91 2791.94 2798.9 2801.79 2808.62 2812.01 2808.44 2796.37 2793.76 2795.88 2789.71 2798.42 2805.72 2812.41 2812.42 2821.76 2813.25 2824.71 2818.2 2827.76 2828.34 2820.41 2826.85 2818.34 2812.71 2807.05 2811.2 2804.73 2811.13 2804.27 2803.58 2801.53 2804.68 2802.39 2795.72 2796.55 2791.42 2793.25 2789.61 -9999 2786.23 -9999 -9999 -9999 -9999
2845.19 2844.99 2836.53 2832.16 2839.05 2842.31 2840.67 2842.63 2837.57 2827.77 2829.34 2833.23 2832.93 2825.3 2826.36 2828.74 2831.17 2832.61 2831.18 2825.53 2821.2 2822.08 2822.45 2822.01 2821.49 2828.08 2826.48 2830.51 2836.44 2833.43 2837.94 2837.93 2836.26 2837.39 2834.87 2833.67 2824.06 2824.62 2827.86 2825.61 2822.54 2824.48 2826.81 2823.43 2822.97 2833.28 2833.71 2842.46 2834.47 2831.3 2843.79 2841.95 2837.06 2836.78 2829.93 2835.87 2831.62 2827.38 2830.96 2828 2829.28 2830.49 2824.84 2824.23 2822.39 2819.62 -9999 -9999 -9999 -9999 -9999 -9999
2885.13 2872.45 2867.79 2867.78 2865.06 2871.16 2865.67 2869.19 2868.4 2869.08 2859.32 2858.1 2861.55 2860.67 2852.84 2860.17 2861.15 2857.55 2862.18 2857.7 2849.53 2852 2853.21 2853.37 2849.32 2855.96 2859.2 2859.61 2866.11 2865.96 2870.3 2867.86 2868.12 2865.57 2870.13 2859.9 2854 2854.67 2857.71 2853.36 2854.76 2859.47 2850.42 2852.55 2858.97 2861.14 2864.53 2859.15 2860.3 2868.81 2873.11 2875 2866.58 2866.29 2860.4 2861.42 2862.05 2859.18 2862.52 2861.53 2859.11 2854.39 2853.42 2851.14 2848.45 -9999 -9999 -9999 -9999 -9999 -9999 -9999
2908.79 2897.44 2892.29 2888.75 2887.38 2900.65 2898.92 2900.95 2894.83 2898.55 2901.11 2892.96 2885.68 2892.57 2890.54 2881.9 2886.56 2889.82 2884.02 2886.01 2888.87 2883.74 2882.54 2877.02 2884.15 2881.27 2886.99 2897.97 2893.99 2897.8 2896.6 2899.7 2900.24 2891.91 2892.97 2886.63 2886.91 2892.55 2884.1 2888.43 2886.34 2894.6 2902.35 2904.43 2901.61 2901.97 2903.3 2895.1 2895.88 2900.28 2903.8 2897.23 2894.71 2892.71 2896.5 2887.53 2885.53 2884.78 2883.95 2883.54 2883.56 2886.81 2883.76 2881.85 -9999 -9999 -9999 -9999 -9999 -9999 -9999 -9999
2935.25 2937.97 2931.31 2932.77 2928.53 2922.91 2933.94 2925.01 2930.32 2929.6 2934.12 2928.84 2929.49 2919.09 2923.18 2918.45 2911.41 2914.14 2921.05 2914.04 2919.03 2912.89 2912.81 2916.47 2925.32 2932.15 2929.96 2922.7 2923.77 2933.24 2925.77 2924.32 2922.28 2924.22 2921.38 2919.77 2917.26 2927.84 2923.19 2913.99 2931.2 2925.21 2925.42 2922.02 2929.78 2926.81 2931.26 2930.56 2923.43 2930.95 2926.84 2923.67 2920.1 2924.16 2927.11 2925.91 2926.45 2924.9 2921.56 2918.81 2918.25 2913.28 2912.7 2909.79 -9999 -9999 -9999 -9999 -9999 -9999 -9999 -9999
2956.02 2962.88 2963.41 2960.43 2958.52 2954.19 2956.84 2961.83 2951.05 2955.07 2951.37 2955.62 2957.97 2950.78 2952.92 2955.77 2950.88 2947.38 2943.67 2949.33 2942.67 2942.46 2941.71 2951.72 2948.22 2955.08 2962.2 2962.07 2953.63 2958.86 2955.66 2947.85 2949.51 2955.68 2951.59 2950.09 2943.22 2949.26 2943.74 2960.78 2956.89 2955.96 2955.3 2961.04 2955.59 2960.96 2956.03 2957.73 2955.79 2953.95 2951.39 2950.53 2951.19 2958.94 2956.69 2956.34 2952.97 2949.36 2947.69 2947.45 2944.82 2944.14 2942.6 2941.63 -9999 -9999 -9999 -9999 -9999 -9999 -9999 -9999
2996.35 2986.84 2991.85 2990.47 2991.62 2981.94 2988.84 2986.99 2987.66 2976.53 2978.07 2976.08 2980.06 2986.72 2981.03 2986.51 2988.36 2983.25 2978.58 2973.43 2974.37 2973.36 2974.55 2982.43 2989.29 2991.11 2991.69 2991.13 2989.05 2983.48 2986.78 2984.7 2979.65 2977.62 2977.14 2979.65 2976.44 2972.61 2986.48 2984.47 2977.21 2980.58 2983.43 2981.97 2980.46 2983.49 2987.48 2986.16 2980.88 2980.75 2979.57 2974.37 2986.53 2985.97 2984.68 2982.58 2981.48 2980.65 2978.9 2977.26 2975.75 2974.05 2971.1 -9999 -9999 -9999 -9999 -9999 -9999 -9999 -9999 -9999
3017.39 3014.3 3021 3018.24 3015.3 3008.26 3000.45 3003.98 3018.14 3016.19 3016.48 3015.78 3014.77 3019.23 3011.42 3013.01 3013.57 3011.51 3010.1 3006.52 3003.84 3004.21 3009.46 3017.06 3019.68 3017.97 3018.47 3017.73 3019.18 3010.4 3016.93 3016.66 3014.65 3007.58 3016.45 3012.7 -9999 3008.16 3014.91 3012.2 3014.94 3012.74 3013.82 3014.91 3011.92 3009.16 3009.46 3009.04 3007.74 3004.24 3004.32 3015.9 3014.13 3014.88 3010.56 3012.01 3011.47 3010 3008.38 3007.99 3005.25 3002.41 3002.68 -9999 -9999 -9999 -9999 -9999 -9999 -9999 -9999 -9999
3051.29 3054.91 3046.21 3048.18 3046.77 3048.53 3052.03 3049.7 3037.56 3052.01 3047.46 3044.06 3039.97 3038.78 3039.36 3041.64 3039.95 3037.69 3036.88 3036.04 3034.9 3034.29 3033.75 3036.18 3039.15 3040.29 3040.39 3042.19 3042.26 3039.74 3045.28 3044.52 3043.4 3039.83 3036.8 3042.15 -9999 3041.98 3038.97 3032.84 3038.44 3037.74 3039.67 3043.84 3043.78 3035.03 3039.62 3038.56 3039.25 3042.68 3047.93 3044.36 3043.05 3039.78 3040.36 3040.42 3040.84 3039.96 3038.73 3037.1 3036.97 3033.42 3033.24 -9999 -9999 -9999 -9999 -9999 -9999 -9999 -9999 -9999
3080.26 3075.44 3070.16 3074.2 3074.34 3078.01 3077.65 3079.56 3074.19 3068.39 3070.28 3069 3067.92 3067.04 3068.51 3066.29 3065.31 3065.64 3065.7 3065.5 3064.43 3064.25 3064.49 3064.38 3065.81 3065.3 -9999 3063.96 -9999 -9999 3066.23 -9999 -9999 -9999 -9999 -9999 -9999 -9999 -9999 -9999 -9999 -9999 -9999 -9999 -9999 3068.04 3068.13 3071.7 3068.73 3073.27 3071.72 3070.6 3070.82 3071.12 3069.3 3067.89 3068.09 3067.39 3067.23 3069.3 3066.18 3065.13 3063.04 -9999 -9999 -9999 -9999 -9999 -9999 -9999 -9999 -9999
3118.02 3115.23 3113.73 3105.47 3107.49 3109.6 3104.48 3101.45 3100.7 3098.7 3098.94 3096.81 3096.06 3094.55 3095.25 3095.51 3094.98 3094.8 3094.72 3095.12 3096.31 3094.95 3095.02 3095.02 3094.94 3093.93 3092.06 -9999 -9999 3093.48 -9999 -9999 -9999 -9999 -9999 -9999 -9999 -9999 -9999 -9999 -9999 -9999 -9999 -9999 -9999 -9999 3093.66 3095.47 3098.1 3098.61 3097.93 3093.69 -9999 3093.63 3097.51 3098.7 3097.83 3102.6 3102 3100.58 3097.54 3093.26 3095.21 3094.32 -9999 -9999 -9999 -9999 -9999 -9999 -9999 -9999
3141.44 3140.21 3144.03 3138.07 3134.39 3134.2 3131.39 3129.35 3128.14 -9999 3126.68 3126.88 3125.57 -9999 -9999 -9999 -9999 3124.77 -9999 3125.11 -9999 -9999 3125.31 3125.34 3125.37 3126.14 3128.54 3123.55 3124.71 3127.07 -9999 -9999 -9999 -9999 -9999 -9999 -9999 -9999 -9999 -9999 -9999 -9999 -9999 -9999 -9999 -9999 -9999 -9999 3126.85 -9999 -9999 -9999 -9999 -9999 -9999 3128.79 3128.03 3125.66 3128.51 3130.21 3132.92 3131.39 3126.86 3126.3 -9999 -9999 -9999 -9999 -9999 -9999 -9999 -9999
3177.3 3174.41 3168.47 3165.85 3161.99 3160.95 3159.73 3157.85 3156.43 -9999 3153.37 3151.49 -9999 -9999 -9999 -9999 -9999 -9999 -9999 3150.94 -9999 3151.26 -9999 3152.26 3155.99 3156.45 3155.84 3155.73 3152.52 3153.14 -9999 -9999 -9999 -9999 -9999 -9999 -9999 -9999 -9999 -9999 -9999 -9999 -9999 -9999 -9999 -9999 -9999 -9999 -9999 -9999 -9999 -9999 -9999 -9999 -9999 3154.48 3157.42 3158.99 3161.71 3161.16 3163.63 3158.74 3156.5 3157.63 -9999 -9999 -9999 -9999 -9999 -9999 -9999 -9999
3202.11 3199.78 3197.31 3193.98 3191.41 3190.58 3189.42 3188.82 3187.92 -9999 -9999 -9999 -9999 -9999 -9999 -9999 -9999 -9999 -9999 -9999 -9999 -9999 -9999 -9999 -9999 -9999 -9999 -9999 -9999 -9999 -9999 3191.09 -9999 -9999 -9999 -9999 -9999 -9999 -9999 -9999 -9999 -9999 -9999 -9999 -9999 -9999 -9999 -9999 -9999 -9999 -9999 -9999 -9999 -9999 -9999 -9999 3190.11 3190.86 3189.25 3191.58 3188.86 3189.87 -9999 3186.32 3189.29 -9999 -9999 -9999 -9999 -9999 -9999 -9999
3230.04 3225 3223.02 3222.65 3221.66 3220.24 3219.02 3213.35 -9999 -9999 -9999 -9999 -9999 -9999 -9999 -9999 -9999 -9999 -9999 -9999 -9999 -9999 -9999 -9999 -9999 -9999 -9999 -9999 -9999 -9999 -9999 -9999 -9999 -9999 -9999 -9999 -9999 -9999 -9999 -9999 -9999 -9999 -9999 -9999 -9999 -9999 -9999 -9999 -9999 -9999 -9999 -9999 -9999 -9999 -9999 -9999 -9999 -9999 3219.77 3222.1 3221.55 3222.15 3218.87 3219.25 3217.84 -9999 -9999 -9999 -9999 -9999 -9999 -9999
