resultados/variables_norteamerica/sun_rad_average.asc
ncols 469
nrows 225
xllcorner -169.133333
yllcorner 20.675000
cellsize 0.249840
NODATA_value -9999
[rows 32 to 63 of 225, columns 213 to 283 of 469]
2601.98 2603.93 2596.62 -9999 -9999 -9999 -9999 -9999 -9999 2600.13 2609.38 2611.81 2616.85 2617.82 2618.75 2620.89 -9999 2625.51 2621.73 2615.88 2617.23 2616.65 -9999 2619.29 2621.6 2621.36 2622.88 2615.87 2612.87 -9999 -9999 -9999 -9999 -9999 -9999 -9999 -9999 -9999 -9999 -9999 -9999 -9999 -9999 -9999 -9999 2605.19 -9999 2606.01 2611.68 2612.2 2604.16 2607.24 2604.83 2600.15 -9999 -9999 -9999 -9999 -9999 -9999 -9999 2599.26 2601.36 -9999 -9999 -9999 -9999 -9999 -9999 2602.68 2599.85
2620.04 2621.04 2626.87 2622.26 2619.64 2621.94 2615.53 -9999 -9999 -9999 -9999 2624.25 2626.84 2632.11 2633.13 2633.35 -9999 -9999 -9999 -9999 -9999 -9999 -9999 -9999 -9999 -9999 -9999 -9999 -9999 -9999 2619.14 2626.46 2627.14 2626.89 2622.3 2627.13 2633.63 2636.71 2638.56 -9999 -9999 2617.19 -9999 -9999 2617.13 -9999 -9999 -9999 -9999 -9999 -9999 -9999 -9999 -9999 -9999 -9999 -9999 -9999 -9999 -9999 -9999 -9999 -9999 -9999 -9999 -9999 -9999 -9999 -9999 -9999 -9999
2645.13 2642.93 2641.48 2640.27 2641.35 2632.91 2632.17 2627.93 -9999 -9999 -9999 -9999 -9999 -9999 -9999 -9999 -9999 -9999 -9999 -9999 -9999 -9999 -9999 -9999 -9999 -9999 -9999 -9999 -9999 2628.69 2632.57 2633.74 2634.08 2633.5 2631.61 2631.93 -9999 2629.14 -9999 2630.14 2632.43 2634.67 -9999 -9999 -9999 -9999 -9999 -9999 -9999 -9999 -9999 -9999 -9999 -9999 -9999 -9999 -9999 -9999 -9999 -9999 -9999 -9999 -9999 -9999 -9999 -9999 -9999 -9999 -9999 -9999 -9999
2675.57 2676.46 -9999 -9999 -9999 -9999 -9999 -9999 -9999 -9999 -9999 -9999 -9999 -9999 -9999 -9999 -9999 -9999 -9999 -9999 -9999 -9999 -9999 -9999 -9999 -9999 2647.64 -9999 -9999 -9999 -9999 -9999 -9999 2629.19 -9999 2640.54 2646.1 2649.14 2648.52 2652.36 2651.78 2651.81 2649.6 2645.21 2645.67 2646.55 -9999 -9999 -9999 -9999 2646.54 -9999 -9999 -9999 -9999 -9999 -9999 -9999 -9999 -9999 -9999 -9999 -9999 -9999 -9999 -9999 -9999 -9999 -9999 -9999 2645.61
2679.68 2669.12 -9999 -9999 -9999 -9999 -9999 -9999 -9999 -9999 -9999 -9999 -9999 -9999 -9999 -9999 -9999 -9999 -9999 -9999 -9999 -9999 2660.68 2671.79 -9999 -9999 -9999 -9999 2661.07 -9999 -9999 -9999 -9999 2683.29 2685.16 2681.85 2674.03 2671.33 2672.59 2670.69 2671.76 2668.99 2666.33 2669.08 2666.94 2663.62 2664.45 2661.24 2662.38 2663.35 2662.55 -9999 -9999 -9999 -9999 -9999 -9999 -9999 -9999 -9999 -9999 -9999 -9999 -9999 -9999 -9999 -9999 -9999 -9999 -9999 2665.62
2687.76 2679.11 2676.5 2678.63 2684.48 2682.52 2688.31 2691.69 2699.42 2694.49 2703.55 2708.98 2701.66 2698.5 2697.07 2683.84 2690.66 2689.9 2695.93 2698.92 2693.2 2694.42 2697.11 2692.49 2689.52 2675.75 2674.39 2688.87 -9999 -9999 -9999 2686.14 -9999 2690.94 2692.92 2693.05 2694.13 2688.99 2688.08 2693.45 2692.21 2688.52 2684.42 2685.62 2684.85 2683.91 2682.68 2684.14 2685.2 2683.31 2681.59 2680.67 2677.85 2679.2 2679.65 2679.24 2677.49 2679.52 2678.02 2679.09 2678.71 2679.64 2678.95 2680.55 2679.68 2677.71 2677.89 2676.67 2678.23 2678.02 2678.56
2713.07 2716.83 2740.17 2738.1 2741.46 2741.71 2735.76 2738.44 2740.63 2742.66 2742.06 2742.4 2740.33 2736.87 2719.41 2724.54 2734.89 2734.45 2732.13 2737.81 2734 2740.04 2740.98 2737.05 2735.83 2734.05 2720.38 2696.29 2693.83 2703.81 2692.04 -9999 -9999 2706.29 2710.86 2715.82 2717.7 2715.34 2715.7 2713.25 2712 2712.64 2710.79 2709.31 2707.11 2708.59 2708.6 2709.66 2709.3 2705.29 2705.5 2704.47 2704.97 2703.35 2699.67 2698.52 2700.69 2701.06 2703.64 2700.3 2700.85 2700.21 2700.49 2699.31 2701.13 2700.7 2700.21 2701.38 2699.96 2699.13 -9999
2748.22 2758.52 2764.18 2780.61 2775.95 2778.75 2771.41 2772.72 2773.88 2768.54 2766.1 2760.44 2766.58 2757.97 2764.35 2773.98 2766.96 2761.79 2768.6 2760.7 2755.88 2751.84 2753.87 2756.07 2755.01 2753.39 2753.02 2751.87 2716.21 2711.09 -9999 -9999 -9999 -9999 -9999 2732.24 2737.6 2746.43 2737.8 2738.38 2736.64 2733.72 2732.03 2734.25 2731.68 2728.94 2729.37 2729.85 2728.52 2727.24 2726.25 2724.12 2723.64 2724.8 2723.84 2722.63 2719.05 2720.91 2721.12 2722.61 2722.26 2722.73 2721.63 2719.98 2718.7 2719.46 2722.34 2723.37 2720.48 2716.13 2715.42
2793.01 2775.37 2796.79 -9999 2802.09 2797.29 2792.47 2789.87 2791.54 2784.82 -9999 2775.46 2771.9 2781.43 2785.83 2787.01 2791.58 2788.58 2777.04 2768.34 2764.79 2769.46 2766.96 2769.44 2767.77 2766.25 2768.27 2763.47 2765.2 2756.12 2724.12 -9999 -9999 -9999 -9999 2740.66 2743.57 2744.94 2745.17 2744.46 2753.87 2752.71 2752.9 2748.77 2749.79 2750.15 2746.17 2747.85 2747.15 2747.08 2744.87 2746.16 2744.97 2745.38 2743.93 2740.86 2744.67 2743.5 2744.97 2743.23 2742.33 2743.97 2743.78 2744.5 2744.17 2745.03 2741 2737.63 2736.86 2736.69 2741.42
-9999 2781.49 2779.2 2783.07 2791.93 2807.54 2805.64 2815.61 2806.57 2803.49 2813.83 2815.94 2821.9 2814.93 2806.93 2804.39 2804.04 2800.11 2797.46 2798.49 2795.67 2797.02 2792.57 2789.21 2796.14 2786.28 2783.3 2781.79 2780.53 2783.52 2783.79 2768.72 2747.77 -9999 2767.47 -9999 2759.3 2770.21 2775.39 2771.69 2770.16 2778.71 2779.27 2774.02 2772.17 2768.24 2767.04 2767.76 2763.98 2763.1 2765.39 2766.04 2767.07 2765.34 2761.26 2762.54 2764.38 2764.65 2763.02 2763.33 2762.88 2764.26 2764.9 2762.54 2760.82 2762.69 2761.93 2761.26 2762.68 2761.06 2760.93
2811.07 2822.38 2814.63 2798.29 2797.42 2801.32 2809.31 2822.57 2832.43 2842.36 2835.95 2827.37 2816.79 2828.79 2836.22 2843.2 2828.6 2830.73 2833.19 2836.61 2834.41 2822.05 2819.16 2815.5 2797.22 2798.07 2797.36 2799.48 2800.58 2802.18 2798.04 2803.06 2787.92 2771.68 2760.48 2800.9 2810.2 2800.14 2800.78 2801.22 2800.34 2798.62 2795.7 2790.36 2787.22 2789.52 2791.06 2786.78 2788.37 2789.48 -9999 2784.23 2783.44 -9999 2785.28 2783.43 2781.43 2781.18 2782.8 2780.77 2779.13 2782.49 -9999 2795.73 2787.62 2781.86 2780.89 2782.27 2780.21 2778.62 2780.35
2845.46 2843.03 2833.33 2823.34 2826.38 2819.83 2818.69 2819.98 2818.03 2826.03 2821.89 2811.53 2823.65 2831.53 2836.17 2829.58 2836.95 2833.4 2822.79 2829.57 2838.93 2840.32 2837.75 2844.42 2843.57 2824.57 2824.28 2821.46 2820.31 2820.72 2827.97 2815.23 2821.63 2820.01 2800.4 2794.21 2793.7 2819.34 2817.43 2816.45 2816.64 2815.64 2810.02 2807.28 2813.03 2810.19 2810.89 2811.95 2808.97 2809.09 2806.57 2805.49 2802.59 2801.2 2802.3 2802.17 2800.08 2800.68 2799.1 2799.36 2800.11 2797.95 2798.56 2800.43 2804.4 2797.95 2797.76 2795.35 2797.41 2799.24 2800.72
2858.3 2863.07 2856.71 2861.85 2837.95 2829.63 2834.14 2841.08 2850.28 2852.03 2856.1 2866.52 2863.24 2857.55 -9999 2864.83 2860.61 2855.1 -9999 2862.26 2874.95 2871.18 2873.3 2874.54 2879.52 2870.72 2855.4 2849.53 2839.65 2840.2 2839.46 2852.84 2846.26 2842.34 2837.57 2834.41 2830.94 2823.41 2834.82 2836.78 2833.04 2832.81 2827.84 2832.9 2834.02 2832.15 2831.54 2831.3 2829.8 2825.22 2825.09 2821.62 2819.78 2820.14 2816.56 2815.53 2813.93 2814.85 2811.14 -9999 2816.64 -9999 -9999 2815.03 -9999 -9999 2815.01 2814.76 2812.45 2812.75 2808.03
2882.02 2883.38 2882.03 2882.37 2879.36 2875.72 -9999 2854.32 2871.56 2873.97 2886.11 2893.78 2884.16 2874.65 2880.42 2888.55 2890.31 2884.49 2883.61 2874.95 2873.75 -9999 2877.86 2882.92 2886.29 2883.23 2875.69 2870.21 2865.15 2865.53 2865.9 2864.43 2864.74 2857.76 2853.7 2851.37 2854.91 2852.51 2852.11 2851.19 2853.5 2852.83 2850.57 2853.65 2853.09 2851.85 2850.06 2850.37 2847.78 2845.03 2841.68 2837.27 2836.21 2834.97 2832.99 2831.38 2835.91 2835.73 2844.72 2834.14 2832.85 2840.69 2834.02 -9999 2833.18 2831.86 2831.53 2832.75 2832.51 2830.12 2830.27
2894.31 2888.73 2898.18 2904.39 2899.88 2901.63 2906.82 -9999 -9999 -9999 -9999 2893.24 2883.34 2889.36 2888.86 2888.91 2891.79 2895.8 2900.32 2897.5 2896.28 -9999 2886.32 2894.72 2901.83 2908.52 2904.72 2894.58 2888.25 2894.53 2894.12 2884.87 2874.67 2872.06 2869.9 2871.02 2869.49 2870.44 2871.63 2874.21 2873.22 2873.56 2872.06 2873.9 2872.79 2873.15 2872.77 2872.51 2862.01 2857.62 2854.81 2858.43 2858.12 2854.82 2852.82 2855.41 2852.92 2851.92 2855.95 2853.01 2852.12 2854.93 2852.17 2851.48 2851.7 2856.92 2857.43 2852.25 2849.58 2850.65 2855.42
2899.53 2901.79 2909.17 2916.29 2926.05 2924.58 2920.98 2916.77 2900.49 2894.29 2907.89 2916.83 2909.74 2904.08 2906.15 2912.87 2913.46 2914.84 2917.03 2920.52 2917.97 -9999 2917.58 2912.42 2906.87 2907.78 2913.68 2913.8 2912.53 2913.4 2905.64 2894.44 2888.94 -9999 2891.56 2891.57 2890.24 2889.63 2888.99 2885.99 2886.37 2886.85 2885.61 2882.18 2880.46 2879.05 2876.05 2872.99 2873.82 2873.27 2873.34 2873.54 2872.68 2874.04 2875.37 2874.34 2875.22 2875.4 2875.87 2875.13 2870.8 2872.45 2874.9 2878.17 2875.29 2872.81 2869.5 2868.29 2876.18 2872.83 2869.99
2911.1 2913.92 2915.38 2925.18 2930.89 2935.75 2942.14 2935.79 2933.84 2933.88 2938.36 2934.07 -9999 2924.54 2925.92 2928.8 2929.67 2929.49 2932.64 2930.09 2933 2935.49 2937.56 2934.74 -9999 2925.81 2926.7 2923.17 2923.47 -9999 2931.27 2925.99 2915.82 2907.42 2909.56 2909.87 2909.91 2906.08 2907.77 2908.49 2907.92 2905.46 2905.37 2901.7 2898.97 2901.3 2900.48 2904.84 2900.04 2895.87 2892.05 2893.12 2899.87 2905.4 2903.23 2895.17 2889.38 2891.33 2890.02 2890.58 -9999 2888.58 2893.32 2896.99 2891.49 2888.62 2886.43 2889.09 2887.03 2885.22 2893.17
2925.63 2926.22 2932.27 2936.34 2940.85 2947.6 2949.94 2956.98 2954.56 2951.61 2951.88 2947.57 2950.89 2951.42 2941.76 2941.39 2944.38 2946.24 2947.6 2952.91 2951.92 -9999 2950.79 2948.99 2948.96 2951.85 2943.95 2939.93 2940.32 2940.31 2935.73 2929.07 2928.83 2926.77 2931.15 2931.73 2932.77 2932.17 2927.6 2925.58 2925.51 2924.12 2924.49 2924.08 2925.29 2922.55 2921.16 2918.95 2934.48 2930.22 2919.83 2911.52 2906.59 2905.75 2908.94 2904.26 2906.26 2905.62 2911.13 2905.07 2900.29 2900.78 2892.86 2892.69 2891.94 2892.44 -9999 -9999 2904.27 -9999 -9999
2945.26 2947.8 2948.16 2945.64 2946.8 2950.59 2955.97 2960.26 2964.84 2968.05 2966.8 2963.56 2966.8 2967.64 2968.65 2970.41 2967.45 2966.44 2965.92 2967.02 2966.34 2965.09 2967.29 2969.03 2962.88 2959.9 2955.48 2957.27 2954.43 2953.42 2954.29 2957.75 2961.93 2966.16 2952.71 2950.8 2951.1 2948.99 2946.66 2944.62 2951.81 2947.16 2948.14 2942.86 2943.06 2944.56 2947.21 2950.85 2932.49 2925.93 2922.91 2922.95 2923.45 2925.1 2926.29 2923.22 2916.52 2908.62 2915.87 2921.57 2922.69 2919.52 2922.43 2920.72 2922.24 2928.52 2921.17 2909.9 2912.51 2911.35 2912.62
2960.67 2965.16 2959.71 2961.06 2964.6 2971.07 2972.1 2980.41 2981.05 2980.39 2981.37 2989.61 2986.49 2989.52 2995.75 2981.94 2976.2 2975.07 2974.99 2975.62 2973.17 2978 2974.48 2967.97 2970.69 2972.68 2973.37 2971.96 2972.75 2971.47 2970.78 2976.39 2980.07 2973.85 -9999 2973.65 2969.63 2968.49 2966.55 2963.48 2964.91 2969.36 2963.99 2977.88 2967.1 2961.46 2958.9 2953.87 2937.71 2940.46 2939.48 2940.41 2939.17 2936.31 2937.05 2939.79 2936.75 2953.39 2951.1 2942.11 2943.66 2951.67 2943.39 2941.54 -9999 2939.03 2936.43 -9999 2941.1 -9999 -9999
2976.8 2980.32 2981.38 2983.34 -9999 2983.43 2983.94 2990.22 2997.81 2997.43 2994.13 2990.74 2999.22 -9999 3003.49 3004.16 3000.53 -9999 -9999 3003.63 3002.44 2999.42 2995.7 3009.47 3008.21 2997.63 2989.2 2989.3 2991.68 2982.88 2990.8 2992.69 2991.45 -9999 2992.01 2991.05 2989.78 2988.31 2988.54 2994.38 2989.47 2988.99 2991.97 2987.93 2988 2985.32 2977.64 2960.29 2968.84 2961.23 2969.07 2961.07 2954.4 2951.8 2957.94 2969.52 2980.38 2987.97 2980.94 2965.44 2967.29 2961.47 2959.45 2957.85 2958.65 2960.42 2957.31 -9999 -9999 2957.85 -9999
3003.5 3002.55 3002.58 3001.86 3000.98 3001.09 3003.34 3004.2 3005.62 3008.81 3010.4 3019.73 3020.62 3017.08 3021.87 3023.16 3030.63 3023.38 3034.98 3016.54 3025.24 3022.87 3021.7 3021.04 3015.95 3017.13 3011.69 3013.48 -9999 3026.84 3013.23 3011.89 3012.52 3010.79 3009.21 3009.45 3009.19 3007.12 3004.2 3001.09 3000.76 3003.03 3000.48 3002.39 2994.09 2982.02 2980.96 2988.67 3002.83 3002.5 3004.77 3002.71 3001.93 3004.91 2988.01 2988.64 3002.32 2998.93 2991.99 2989.97 2983.82 2977.39 2976.45 2977.3 2977.4 2976.8 2971.53 -9999 2978.71 2978.91 2986.77
3009.34 3008.22 3015.63 3022.59 3018.8 3019.23 3020.87 3020.54 3023.71 3022.36 3031.2 3037.28 3047.07 3050.1 -9999 3038 3039.36 3036.2 3037.87 -9999 3040.91 -9999 3046.56 3042.01 3048.44 3064.81 3051.89 3037.29 3032.42 3029.32 -9999 3031.09 3028.76 3027.42 3028.04 3027.66 3027.05 3027.36 3028.71 3032.83 3030.89 3022.67 3019.86 3017.47 3007.06 3006.58 3015.92 3022.53 3019.1 3019.83 3020.35 3020.37 3021.12 3013.47 3006.22 3013.37 -9999 3006.18 3006.21 3005.69 3006.16 3018.14 3018.55 -9999 3016.04 3017.9 3017.78 3003.3 2999.27 3012.79 3001.28
-9999 3019.89 3024.74 3028.86 3037.28 3040.24 3038.79 3038.91 3036.79 3037.96 -9999 3040.52 3040.7 3052.07 3065.26 3075.01 3075.51 3079.03 3071.77 3069.62 3054.06 3063.94 3074.1 3055.83 3075.65 3047.3 3044.91 3044.33 3042.52 3053.73 3053.06 -9999 3048.25 3049.68 3050.56 3048.93 3049.91 3049.52 3047.45 3045.32 3042.05 3039.77 3042.53 3040.83 -9999 3027.91 3037.34 3045.62 3041.66 3036.2 3040.39 3039.04 3032.79 3032.8 3029.57 -9999 -9999 -9999 -9999 3041.53 3039.52 3038.6 3038.86 3042.33 3037.62 3039.72 -9999 3039.55 3026.79 3018.52 3018.23
3033.21 3037.64 3039.75 3047.22 3060.3 3055.38 3053.84 3060.37 3059.79 3060.39 3061.08 3058.77 3062.35 3062.22 3064.77 3071.06 3068.81 -9999 3108.97 3098.85 -9999 -9999 -9999 -9999 -9999 3045.25 3072.62 3076.79 3058.93 3060.92 3072.25 3071.88 3070.94 3069.2 3067.41 3068.79 3067.45 3065.72 3063.13 3059.44 3062.54 3066.65 3061.09 3054.86 3045.76 3051.02 3055.61 3056.38 3058.14 -9999 3061.52 3058.44 3058.37 3050.9 3045.97 3049.76 3047.88 -9999 3048.4 3045.93 3049.03 -9999 3058.6 3060.24 3058.07 -9999 -9999 3057.68 3059.13 3041.78 3040.01
3058.6 -9999 -9999 3056.93 3062.87 3069.99 3068.18 3068.88 3071.25 -9999 3075.07 3080.92 3080.06 3077.01 3077.97 3079.69 3081.78 -9999 -9999 -9999 -9999 -9999 -9999 3064.42 -9999 3072 3059.36 3076.99 3078.03 3080.06 3079.48 3077.62 3078.19 3082.81 3083.58 3084.14 -9999 3085.56 3087.62 3094.86 3090.78 3087.21 3080.55 3079.48 3074.81 3078.06 3069.74 3082.96 3091.33 3081.75 -9999 3079.45 3076.17 -9999 3076.22 3068.78 3069.43 3063.71 3065.3 3070.06 3074.11 3079.04 3075.07 3072.22 3077.37 3078.29 3075.72 3061.75 3054.72 3055.08 3052.18
3076.69 3076.49 -9999 -9999 3081.19 3094.14 3086.05 3084.38 3088.55 3089.71 3086.24 -9999 3088.97 3097.94 3097.9 3099.13 -9999 -9999 -9999 3085.55 3085.25 -9999 -9999 3097.04 3101.4 3099.09 3096.35 3103.93 3096.39 3093.95 3098.48 3101.37 -9999 3107.22 3106.99 3106.51 3103.79 3101.21 3099.76 -9999 3100.48 3099.96 3098.49 3098.71 3093.48 3094.42 3110.36 3104.05 3097.62 3096.43 3098.24 3094.5 3094.24 3095.36 3093.81 3097.22 -9999 -9999 -9999 -9999 -9999 3090.9 3093.75 3096.74 3089.8 3095.47 3098.25 3090.48 3084.54 3075.13 3073.91
3093.87 3094.14 3094.12 3095.71 -9999 -9999 -9999 -9999 -9999 -9999 3106.52 3103.43 -9999 -9999 -9999 -9999 3099.85 -9999 3113.94 3112.02 3113.84 3115.65 3115.78 3113.34 3110.01 3116.36 3120.44 3122.55 3129.31 3124.97 3129.19 3135.95 3128.61 3128.95 3128.27 3127.22 3128.38 3130.64 3125.54 3123.62 3121.36 3116.69 3119.48 3119.04 3122.6 3119.01 3120.1 3114.79 3117.19 3116.15 3116.44 -9999 3115.96 3115.44 3118.44 3110.05 3113.95 3110.94 3116.09 3116.23 3115.06 3112.53 3108.51 3107.97 3108.72 3109.97 3104.43 3103.84 3105.55 3098.93 3091.41
3123.13 3119.61 3117.65 3116.14 3115.49 -9999 -9999 -9999 -9999 -9999 -9999 -9999 -9999 -9999 -9999 -9999 3125.49 3136.3 3136.82 3131.81 3143.87 3140.95 3141.78 3148.52 3151.18 3144.08 3144.67 3150.03 3143.97 3146.58 3137.11 3146.84 3143.36 3145.55 3145.8 3148.4 3145.69 3148.08 3150.28 3150.4 3152.6 3153.32 3143.01 3138.44 3149.48 3144.11 3143.12 3138.95 3142.02 3140.93 3137.71 3135.56 3135.94 3135.34 3135.31 3135.76 3141.5 3147.1 -9999 3135.88 3133.81 3136.4 3140.2 3136.86 3136.53 3136.89 3136.69 3136.37 3130.62 3124.33 3124.22
-9999 -9999 -9999 -9999 -9999 -9999 -9999 -9999 -9999 -9999 -9999 -9999 -9999 -9999 3141.84 3148.28 3150.26 3152.6 3156.02 3170.01 3160.52 3159.15 3165.03 3162.86 3162.82 3163.39 -9999 3164.72 3164.84 3174.64 3190.93 3167.19 3167.73 3166.73 3166.19 3165.54 3173.38 3167 3168.65 3174.67 3171.11 -9999 3165.88 3166.62 3162.87 3165 3167.37 3171.58 3171.94 3161.57 3157.87 3157.54 3159.46 3158.78 3155.95 3160.14 3159.42 3157.5 3157.05 3158.27 3156.48 3155.33 3157.2 3158.01 3159.13 3157.18 3156.81 3153.77 3153.1 3154.85 3142.34
-9999 -9999 -9999 -9999 -9999 -9999 -9999 -9999 -9999 -9999 3162.37 3161.07 3156.35 3165.2 3167.68 3171.74 3172.37 3173.89 3176.58 3178.98 3179.84 -9999 3182.76 3188.48 3188.37 3185.65 3187.51 3186.69 3200.65 3201.09 3198.26 3192.12 3191.93 3187.98 3188.71 3190.88 3187.43 3189.55 3196.78 3189.34 3188.63 3188.16 3187.91 3187.4 3185.93 3183.24 -9999 3184.26 3180.75 3178.55 3179.22 3181.51 3181.51 3180.23 -9999 3180.99 3173.65 3176.42 3176.93 3176.72 3176.7 3176.22 3176.73 3175.48 -9999 3177.27 3176.93 3178.12 3179.22 3174.43 3170.16
-9999 -9999 -9999 -9999 -9999 -9999 -9999 -9999 -9999 3181.81 3180.76 3181.5 3187.01 3184.63 3188.61 3189.58 3192.33 3196.26 3196.98 3196.85 3201.54 3201.74 3207.02 -9999 3200.37 3207.58 3215.53 3226.4 3216.94 3219.26 3218.75 3222.67 3219.25 3220.27 3217.37 3219.11 3218.02 3216.99 3214.62 3209.62 3208.8 3208.59 3207.44 3205.77 3206.69 3207.18 3208.43 3204.36 3200.97 3199.67 3201.64 3204.77 3201.38 3203.5 3202.77 3200.17 3204.11 3197.49 3196.54 3198.19 3193.31 3194.65 3196.28 3196.65 3197.58 3193.75 3195.59 3195.49 3191.8 3189.94 3188.84
