resultados/variables_norteamerica/sun_rad_minimum.asc
ncols 469
nrows 225
xllcorner -169.133333
yllcorner 20.675000
cellsize 0.249840
NODATA_value -9999
[rows 96 to 127 of 225, columns 144 to 215 of 469]
-9999 -9999 -9999 649.92 631.14 662.65 -9999 -9999 -9999 -9999 -9999 -9999 -9999 -9999 -9999 -9999 633.37 -9999 646.1 684.5 676.64 709.54 665.73 742.27 743.22 720.83 712.4 629.13 609.24 605.26 660.48 617.8 621.09 621.36 673.04 664.61 654.89 650.76 631.63 654.62 635.19 624.57 640.25 626.5 677.27 679.11 734.76 669.6 666.63 695.48 741.64 782.92 743.23 698.13 675.37 693.11 762.13 690.03 715.73 738.29 676.25 710.16 703.28 661.65 658.51 661.4 651.37 659.66 658.33 647.98 642.79 646.31
-9999 -9999 -9999 -9999 -9999 681.52 -9999 -9999 -9999 -9999 -9999 -9999 -9999 -9999 -9999 -9999 647.6 652.85 638.49 642.77 679.91 735.72 724.86 -9999 696.7 791.65 779.39 820.2 709.82 752.71 692.96 756.94 744.13 738.2 712.92 717.14 715.74 695.32 697.74 699.35 689.06 700.17 646.02 697.43 659.32 690.43 693.6 752.38 739.97 750.54 721.8 755.73 779.25 -9999 790.48 752.96 751.13 800.53 775.03 774.61 742.79 721.67 754.94 750.54 752.63 670.68 674.31 666.22 652.12 676.49 676.2 667.25
-9999 -9999 -9999 -9999 -9999 -9999 -9999 -9999 -9999 -9999 -9999 -9999 -9999 -9999 -9999 -9999 -9999 654.19 -9999 685.86 683.2 694.01 729.17 -9999 748.28 806.14 737.24 643.79 783.33 726.69 712.11 704.13 716.06 737.6 715.47 715.43 711.05 729.05 705.99 717.59 708.82 701.48 684.6 691.67 696.31 686.92 677.82 670.26 660.81 724.55 746.09 768.47 797.34 782.6 -9999 755.32 812.47 760.55 807.51 819.39 -9999 808.34 796.98 761.15 783.36 786.44 788.14 703.75 724.5 687.86 673.22 683.34
-9999 -9999 -9999 -9999 -9999 -9999 -9999 -9999 -9999 -9999 -9999 -9999 -9999 -9999 -9999 -9999 -9999 -9999 -9999 681.74 -9999 741.48 -9999 796.98 797.16 -9999 828.86 -9999 738.46 770.81 696.45 720.11 739.14 786.05 772.66 719.8 715.27 713.3 724.36 735.07 769.92 739.86 720.95 712.29 715.47 733.09 724.35 719.08 794.11 777.79 831.63 821.1 777.39 709.18 771.56 768.2 876.34 897.19 795.23 791.05 892.21 935.6 -9999 953.24 833.38 858.98 747.52 755.12 715.51 703.31 738.71 717.68
-9999 -9999 -9999 -9999 -9999 -9999 -9999 -9999 -9999 -9999 -9999 -9999 -9999 -9999 -9999 -9999 -9999 -9999 -9999 -9999 699.51 719.87 781.76 802.6 878.08 828.78 808.38 867.47 -9999 788.17 866.95 777.79 745.7 751.58 660.62 763.74 735.92 729.02 719.76 713.17 719.07 746.41 719.48 743.8 725.59 717.32 742.15 789.11 742.93 728.82 718.31 701.26 769.42 846.88 851.04 809 814.17 913.9 807.12 886.27 775.42 -9999 905.73 819.41 -9999 831.08 857.52 823.69 800.85 827.89 757.99 754.41
-9999 -9999 -9999 -9999 -9999 -9999 -9999 -9999 -9999 -9999 -9999 -9999 -9999 -9999 -9999 -9999 -9999 -9999 -9999 -9999 738.72 738.36 -9999 747.85 739.73 750.53 831.91 816.25 -9999 -9999 830.37 878.34 871.6 805.57 856.29 786.42 803.02 754.71 767.91 762.75 737 736.61 786.5 770.86 778.99 771.98 767.2 752.98 765.15 780.17 813.74 831.66 715.79 754.58 755.29 742.72 860.68 840.36 828.43 872.84 821.46 -9999 757.25 838.21 937.02 859.57 952.62 920.21 -9999 809.73 780.93 767.9
-9999 -9999 -9999 -9999 -9999 -9999 -9999 -9999 -9999 -9999 -9999 -9999 -9999 -9999 -9999 -9999 -9999 -9999 -9999 -9999 -9999 -9999 740.42 811.57 834.35 892.03 -9999 927.11 -9999 808.08 949.26 -9999 957.94 875.2 803.7 807.49 808.24 779.58 814.27 743.38 783.98 806.86 747.36 723.93 805.44 750.72 799.43 808.33 797.81 795.86 782.49 770.95 893.32 876.48 836.36 793.37 877.74 854.3 746.22 -9999 926.79 951.7 852.12 864.27 712.71 945.23 882.87 876.95 873.07 927.69 968.73 857.54
-9999 -9999 -9999 -9999 -9999 -9999 -9999 -9999 -9999 -9999 -9999 -9999 -9999 -9999 -9999 -9999 -9999 -9999 -9999 -9999 -9999 -9999 -9999 797.53 -9999 898.05 854.3 887.21 864.76 963.09 874.24 -9999 857.57 1006.13 -9999 -9999 853.37 864.89 834.38 914.01 906.54 893.79 854.45 868.4 779.8 890.86 814.73 783.7 803.49 833.42 834.46 851.4 785.03 812.09 856.07 989.09 839.41 882.29 910.66 882.82 895.53 -9999 944.34 -9999 -9999 800.48 913.2 933.67 962.96 871.94 810.05 868.43
-9999 -9999 -9999 -9999 -9999 -9999 -9999 -9999 -9999 -9999 -9999 -9999 -9999 -9999 -9999 -9999 -9999 -9999 -9999 -9999 -9999 -9999 -9999 793.75 -9999 794.4 -9999 -9999 927.01 953.21 -9999 956.51 953.59 911.48 1016.32 937.22 944.16 -9999 1031.19 941.25 919.62 840.55 919.11 963.11 966.05 854.28 821.36 913.48 838.12 845.92 957.68 884.82 900.64 903.99 783.21 795.57 810.52 856.63 846.16 890.12 931.3 1001.66 932.34 907.98 969.66 936.52 796.24 884.95 890.24 992.14 958 916.42
-9999 -9999 -9999 -9999 -9999 -9999 -9999 -9999 -9999 -9999 -9999 -9999 -9999 -9999 -9999 -9999 -9999 -9999 -9999 826.23 836.04 838.95 -9999 736.87 766.21 -9999 -9999 -9999 863.06 840.68 -9999 967.73 969.04 935.41 1000.42 951.89 1019.19 969.56 845.46 981.17 1015.01 997.33 942.77 867.13 799.88 893.71 908.9 849.53 846.31 848.65 766.11 788.2 791.53 833.77 920.53 852.52 888.45 898.2 929.4 881.32 917.95 829.24 897.69 981.24 976.9 932.01 941.42 880.63 921.96 887.01 988.1 970.86
-9999 -9999 -9999 -9999 -9999 -9999 -9999 -9999 -9999 -9999 -9999 -9999 -9999 -9999 -9999 -9999 -9999 -9999 -9999 -9999 -9999 858.14 873.44 893.13 880.64 872.24 944.91 845.46 798.96 -9999 -9999 -9999 889.93 950.76 -9999 971.12 987.45 1075.12 980.58 983.34 924.26 896 1009.74 948.54 986.03 897.84 915.85 823.28 961.16 936.95 959.66 904.4 942.27 829.4 901.46 863.63 895.64 833.1 939.53 986.85 897.98 950.52 959.91 938.85 941.99 1011.74 1036.75 955.4 873.07 993.83 916.14 973.21
-9999 -9999 -9999 -9999 -9999 -9999 -9999 -9999 -9999 -9999 -9999 -9999 -9999 -9999 -9999 -9999 -9999 -9999 -9999 -9999 -9999 -9999 -9999 -9999 888.94 934.97 855.94 951.45 897.1 799.46 869.62 -9999 -9999 -9999 943.56 944.65 933.37 965.73 981.33 1009.27 936.67 969.05 961.2 1056.49 1039.22 1085.42 948.38 951.75 913.74 899.47 887.1 848.22 860.37 976.92 920.19 868.43 859.94 877.99 871.59 974.82 968.71 942.57 945.95 1036.59 899.62 1033.6 983.78 975.25 965.59 923.93 962.06 965.61
-9999 -9999 -9999 -9999 -9999 -9999 -9999 -9999 -9999 -9999 -9999 -9999 -9999 -9999 -9999 -9999 -9999 -9999 -9999 -9999 -9999 -9999 -9999 -9999 941.62 916.74 976.57 924.9 957.43 950.43 827.51 796.25 -9999 -9999 912.55 944.43 -9999 894.35 1031.75 961.19 1004.55 1106.11 963.83 967.16 1024.62 976.9 980.68 987.29 908.12 926.14 924.35 987.42 988.03 996.86 862.08 863.86 969.01 1030.02 959.46 973.76 895.3 937.78 1109.26 947 1003.05 1007.13 1011.65 1040.51 1049 956.99 1015.48 1059.82
-9999 -9999 -9999 -9999 -9999 -9999 -9999 -9999 -9999 -9999 -9999 -9999 -9999 -9999 -9999 -9999 -9999 -9999 -9999 -9999 -9999 -9999 -9999 -9999 -9999 -9999 916.76 955.74 991.93 1038.57 1017.61 1002.44 871.71 -9999 -9999 900.31 -9999 964.82 999.77 1003.78 976.93 998.34 1060.84 1049.14 984.76 1023.23 1003.57 994.49 999.74 944.41 1015.9 998.92 959.13 901.81 1004.62 1017.99 1001.01 947.79 1053.1 977.89 1047.87 1030.84 996.77 1006.66 981.98 987.46 1035.12 1030.93 967.43 923.8 1017.39 1040.65
-9999 -9999 -9999 -9999 -9999 -9999 -9999 -9999 -9999 -9999 -9999 -9999 -9999 -9999 -9999 -9999 -9999 -9999 -9999 -9999 -9999 -9999 -9999 -9999 -9999 -9999 -9999 -9999 1000.21 1030.01 1017.81 970.72 962.03 934.23 -9999 -9999 -9999 -9999 1021.09 1050.16 1034.34 1018.41 -9999 995.11 1062.94 981.35 959.73 956.24 1025.24 1005.95 936.42 925.64 1023.29 1070.66 1000.04 980.54 1014.5 1047.16 1037.05 1023.73 940.72 1067.02 981.08 1069.19 1019.92 925.73 1135.44 1092.45 1052.93 945.08 979.36 1015.31
-9999 -9999 -9999 -9999 -9999 -9999 -9999 -9999 -9999 -9999 -9999 -9999 -9999 -9999 -9999 -9999 -9999 -9999 -9999 -9999 -9999 -9999 -9999 -9999 -9999 -9999 -9999 -9999 -9999 962.25 -9999 1068.57 1045.63 964.63 1032.16 962.84 883.83 -9999 -9999 -9999 941.57 946.51 955.15 962.69 915.62 884.24 1035 1033.43 1063.61 1044.22 1021.08 1037.72 1022.88 956.74 988.41 1125.42 991.41 1034.64 1016.75 1007.74 1085.44 1077.76 976.81 1004.71 1076.97 1065.52 1013.33 1075.74 1009.24 1072.82 1051.29 974.91
-9999 -9999 -9999 -9999 -9999 -9999 -9999 -9999 -9999 -9999 -9999 -9999 -9999 -9999 -9999 -9999 -9999 -9999 -9999 -9999 -9999 -9999 -9999 -9999 -9999 -9999 -9999 -9999 -9999 -9999 -9999 -9999 -9999 1017.85 1005.38 1031.97 1027.22 968.53 938.26 -9999 -9999 963.35 954.4 963.26 994.07 1138.34 1118.03 1159.87 1057.01 1080.65 1084.26 1153.37 1121.49 1083.2 1025.18 1031.47 1044.8 1015.1 994.49 1027.83 1062.47 970.17 1057.1 1033.42 1124.91 1117.2 1002.63 1062.44 1128.98 1069.23 1024.77 -9999
-9999 -9999 -9999 -9999 -9999 -9999 -9999 -9999 -9999 -9999 -9999 -9999 -9999 -9999 -9999 -9999 -9999 -9999 -9999 -9999 -9999 -9999 -9999 -9999 -9999 -9999 -9999 -9999 -9999 -9999 -9999 -9999 -9999 -9999 1073.66 1064.16 1039.44 1040.3 -9999 -9999 997.8 -9999 -9999 1036.77 1026.64 1011.52 1097.98 1054.57 1115 1128.72 1103.57 1125.49 1170.51 1080.86 1055.66 1014.96 1066.44 1075.96 1075.95 1128.3 1007.05 1094.41 1046.13 1096.68 1071.36 1100.3 1122.54 1003.77 1036.17 1108.68 1152.62 -9999
-9999 -9999 -9999 -9999 -9999 -9999 -9999 -9999 -9999 -9999 -9999 -9999 -9999 -9999 -9999 -9999 -9999 -9999 -9999 -9999 -9999 -9999 -9999 -9999 -9999 -9999 -9999 -9999 -9999 -9999 -9999 -9999 -9999 -9999 1036.07 967.69 -9999 -9999 -9999 -9999 -9999 -9999 -9999 1025.57 1124.74 1084.19 1060.76 1110.61 1149.05 1112.18 1195.05 1019.75 1104.5 1165.57 1028.26 1132.74 1149.61 1098.94 1142.48 1064.15 1047.88 1073.41 1124.1 1073.23 1118.25 1120.54 1102.08 1141.43 1080.17 1064.08 1039.74 1075.3
-9999 -9999 -9999 -9999 -9999 -9999 -9999 -9999 -9999 -9999 -9999 -9999 -9999 -9999 -9999 -9999 -9999 -9999 -9999 -9999 -9999 -9999 -9999 -9999 -9999 -9999 -9999 -9999 -9999 -9999 -9999 -9999 -9999 -9999 1062.68 1050.21 991.71 946.09 945.19 875.6 -9999 -9999 1049.27 1034.15 1064.63 1149.59 1071.85 1139.67 1172.09 1228.15 1099.36 1214.04 1098.51 1080.27 1086.7 1081.41 1110.4 1131.52 1148.65 1116.93 1143.19 1090.71 1138.41 1106.94 1046.79 1093.38 1066.25 1050.79 1135.44 1160.86 1112.09 1106.41
-9999 -9999 -9999 -9999 -9999 -9999 -9999 -9999 -9999 -9999 -9999 -9999 -9999 -9999 -9999 -9999 -9999 -9999 -9999 -9999 -9999 -9999 -9999 -9999 -9999 -9999 -9999 -9999 -9999 -9999 -9999 -9999 -9999 -9999 -9999 1089.86 1132.97 1198.43 1113.77 1169.83 1173.09 1083.23 -9999 1080.66 1073.78 1087.75 1108.2 1148.41 1120.89 1130.79 1217.32 1191.65 1102.16 1096.01 1101.5 1116.15 1099.67 1091.76 1097.14 1080.09 1108.11 1101.42 1111.04 1122.72 1172.87 1119.36 1129.86 1160.22 1180.14 1124.93 1185.74 1147.26
-9999 -9999 -9999 -9999 -9999 -9999 -9999 -9999 -9999 -9999 -9999 -9999 -9999 -9999 -9999 -9999 -9999 -9999 -9999 -9999 -9999 -9999 -9999 -9999 -9999 -9999 -9999 -9999 -9999 -9999 -9999 -9999 -9999 -9999 -9999 1117.97 1152.83 1162.13 1224.59 1261.7 1154.45 1090.8 -9999 -9999 1083.92 1088.98 1172.77 1156.16 1218.56 1153.27 1148.78 1159.74 1163.03 1171.64 1152.15 1159.32 1145.02 1146.55 1149.07 1146.5 1151.11 1149.27 1130.64 1116.53 1138.02 1135.24 1160.73 1121.52 1108.77 1142.37 1139.39 1183.42
-9999 -9999 -9999 -9999 -9999 -9999 -9999 -9999 -9999 -9999 -9999 -9999 -9999 -9999 -9999 -9999 -9999 -9999 -9999 -9999 -9999 -9999 -9999 -9999 -9999 -9999 -9999 -9999 -9999 -9999 -9999 -9999 -9999 -9999 -9999 -9999 1127.11 1175.46 1205.66 1165.04 1129.73 -9999 -9999 1116.5 1123.1 1142.28 1178.57 1195.58 1274.25 1310.8 1141.21 1054.35 1185.99 1169.09 1167.27 1149.77 1150.32 1153.22 1159.61 1167.28 1173.19 1171.41 1167.39 1168.36 1171.93 1144.55 1188.03 1204.12 1205.84 1237.94 1200.32 1191.76
-9999 -9999 -9999 -9999 -9999 -9999 -9999 -9999 -9999 -9999 -9999 -9999 -9999 -9999 -9999 -9999 -9999 -9999 -9999 -9999 -9999 -9999 -9999 -9999 -9999 -9999 -9999 -9999 -9999 -9999 -9999 -9999 -9999 -9999 -9999 -9999 1146.42 1149.09 1143.44 1137.23 1134.49 1130.34 1140.76 1125.18 1101.28 1088.84 1133.07 1203.24 1159.39 1152.74 1279.49 1303.9 1175.2 1172.3 1166.28 1165.55 1174.66 1181.88 1183.99 1191.16 1189.27 1195.51 1197.32 1198.17 1199.74 1234.64 1191.85 1231.52 1262.3 1263.7 1223.17 1257.81
-9999 -9999 -9999 -9999 -9999 -9999 -9999 -9999 -9999 -9999 -9999 -9999 -9999 -9999 -9999 -9999 -9999 -9999 -9999 -9999 -9999 -9999 -9999 -9999 -9999 -9999 -9999 -9999 -9999 -9999 -9999 -9999 -9999 -9999 -9999 -9999 -9999 1172.52 1172.83 1165.44 1172.46 1164.14 1107.29 1113.04 1190.5 1358.39 1349.16 1239.16 1264.57 1271.47 1238.19 1209.94 1181.88 1204.31 1214.32 1195.47 1202.64 1207.42 1215.91 1213.61 1203.97 1211.72 1244.76 1212.27 1216.2 1231.07 1262.37 1262.85 1270.49 1239.95 1277.94 1293.48
-9999 -9999 -9999 -9999 -9999 -9999 -9999 -9999 -9999 -9999 -9999 -9999 -9999 -9999 -9999 -9999 -9999 -9999 -9999 -9999 -9999 -9999 -9999 -9999 -9999 -9999 -9999 -9999 -9999 -9999 -9999 -9999 -9999 -9999 -9999 -9999 -9999 1180.31 1185.05 1182.53 1191.6 1215.59 1251.24 1239.85 1266.85 1293.2 1244.65 1318.91 1246.48 1281.61 1238.67 1286.92 1243.95 1140.49 1178.81 1217 1220.04 1223.28 1225.14 1199.01 1208.09 1193.62 1162.5 1262.82 1321.3 1285.6 1239.77 1266.75 1264.41 1276.38 1238.99 1257.74
-9999 -9999 -9999 -9999 -9999 -9999 -9999 -9999 -9999 -9999 -9999 -9999 -9999 -9999 -9999 -9999 -9999 -9999 -9999 -9999 -9999 -9999 -9999 -9999 -9999 -9999 -9999 -9999 -9999 -9999 -9999 -9999 -9999 -9999 -9999 -9999 -9999 -9999 -9999 1284.89 1248.08 1207.66 1219.09 1207.06 1269.45 1287.17 1217.72 1339.62 1338.75 1177.16 1199.76 1212.4 1271.19 1308.78 1227.67 1215.48 1240.97 1239.81 1242.04 1268.2 1217.1 1189.31 1206.28 1186.92 1180.84 1153.03 1231.61 1247.06 1280.67 1305.21 1386.51 1280.01
-9999 -9999 -9999 -9999 -9999 -9999 -9999 -9999 -9999 -9999 -9999 -9999 -9999 -9999 -9999 -9999 -9999 -9999 -9999 -9999 -9999 -9999 -9999 -9999 -9999 -9999 -9999 -9999 -9999 -9999 -9999 -9999 -9999 -9999 -9999 -9999 -9999 1206.04 1251.49 1241.87 1221.69 1281.5 1345.11 1412.25 1307.39 1297.36 1484.62 1379.98 1365.69 1339.15 1264.48 1249.8 1255.2 1289.57 1307.64 1290.92 1243.61 1227.76 1246.83 1241.83 1225.35 1327.5 1394.98 1314.75 1256.26 1383.73 1334.54 1330.11 1272.54 1237.49 1266.67 1399.13
-9999 -9999 -9999 -9999 -9999 -9999 -9999 -9999 -9999 -9999 -9999 -9999 -9999 -9999 -9999 -9999 -9999 -9999 -9999 -9999 -9999 -9999 -9999 -9999 -9999 -9999 -9999 -9999 -9999 -9999 -9999 -9999 -9999 -9999 -9999 -9999 -9999 1301.96 1246.66 1279.18 1294.63 1270.6 1286.27 1307.57 1361.89 1419.1 1379.13 1369.12 1312.07 1404.71 -9999 -9999 1317.74 1271.02 1256.33 1257.61 1278.08 1317.32 1296.91 1270.37 1382.2 1416.2 1327.61 1337.92 1352.93 1310.71 1371.8 1330.08 1250.44 1332.15 1324.3 1343.61
-9999 -9999 -9999 -9999 -9999 -9999 -9999 -9999 -9999 -9999 -9999 -9999 -9999 -9999 -9999 -9999 -9999 -9999 -9999 -9999 -9999 -9999 -9999 -9999 -9999 -9999 -9999 -9999 -9999 -9999 -9999 -9999 -9999 -9999 -9999 -9999 -9999 1328.43 1348.51 1326.83 1327.83 1292.81 1295.71 1337.34 1309.8 1239.94 1222.23 1261.95 1309.2 1277.53 1292.57 1287.77 1274.19 1278.61 1267.23 1249.38 1273.19 1273.36 1273.61 1340.54 1420.27 1320.1 1321.25 1410.71 1379.33 1326.09 1345.73 1372.04 1525.94 1512.76 1524.09 1385.84
-9999 -9999 -9999 -9999 -9999 -9999 -9999 -9999 -9999 -9999 -9999 -9999 -9999 -9999 -9999 -9999 -9999 -9999 -9999 -9999 -9999 -9999 -9999 -9999 -9999 -9999 -9999 -9999 -9999 -9999 -9999 -9999 -9999 -9999 -9999 -9999 -9999 1306.16 1385.78 1374.35 1335.63 1331.88 1325.47 1304.95 1348.9 1413.07 1442.43 1390.15 1377.92 1352.49 1348.5 1352.76 1322.72 1311.23 1325.95 1306.42 1327.88 1353.21 1371.84 1373.66 1359.87 1443.66 1423.75 1296.28 1359.83 1431.65 1380.82 1355.05 1310.81 1362.09 1355.14 1477.85
-9999 -9999 -9999 -9999 -9999 -9999 -9999 -9999 -9999 -9999 -9999 -9999 -9999 -9999 -9999 -9999 -9999 -9999 -9999 -9999 -9999 -9999 -9999 -9999 -9999 -9999 -9999 -9999 -9999 -9999 -9999 -9999 -9999 -9999 -9999 -9999 -9999 1348.17 1315.26 1349.97 1348.55 1331.3 1297.23 1348.44 1401.55 1425.75 1439.43 1354.18 1362.99 1381.78 1392.2 1372.31 1376.24 1415.76 1456.47 1531.68 1452.67 1419.39 1436 1405.93 1449.77 1453.66 1594.45 1663.87 1622.65 1499.8 1559.21 1511.52 1569.66 1538.76 1494.89 1504.24
