resultados/variables_norteamerica/sun_rad_range.asc
ncols 469
nrows 225
xllcorner -169.133333
yllcorner 20.675000
cellsize 0.249840
NODATA_value -9999
[rows 0 to 31 of 225, columns 284 to 354 of 469]
-9999 -9999 -9999 -9999 -9999 -9999 6669.68 6684.42 6715.64 6744.55 6741.82 6731.11 6738.85 6706.32 6696.65 6692.28 6683.83 6689.08 -9999 -9999 -9999 -9999 -9999 -9999 -9999 -9999 -9999 -9999 -9999 -9999 -9999 -9999 -9999 -9999 -9999 6680.4 6712.27 6711.51 6694.17 6752.32 6802.54 6773.32 6756.89 6789.9 6824.51 6832.53 6872.68 6968.84 7066.2 7018.36 6911.93 6943.67 6949.08 6968.81 6923.44 6804.47 6818.89 6807.06 6727.3 6707.25 6762.92 6688.09 6742.34 6733.58 6772.45 6696.58 6727.4 6819.52 6837.97 6888.51 6856.9
-9999 -9999 -9999 -9999 -9999 -9999 -9999 -9999 -9999 -9999 6693.41 6717.44 6735.12 6735.25 6745.51 6728.93 6731.82 6711.61 6704.9 6670.16 6688.17 6687.01 6684.59 6685.65 6707.66 6708.58 6696.35 6682.43 6683.74 6673.95 -9999 -9999 6738.59 6656.96 -9999 6692.76 6740.89 6720.75 6631.53 -9999 6796.22 6730.85 -9999 6739.95 6762.83 6748.92 6724.7 -9999 6794.67 6844.99 6844.78 6777.98 -9999 -9999 6736.41 6682.24 6674.35 6717.53 6701.36 6686.81 6700.43 6774.75 6818.52 6668.15 -9999 6758.53 6777.45 6721.5 6697.66 6808.96 6820.01
6677.97 6664.57 -9999 -9999 -9999 -9999 -9999 -9999 -9999 -9999 -9999 6660.48 6663.82 6685.58 6700.01 6710.6 6713.17 6698.8 6670.05 6668.18 6674.15 6689.11 6704.34 6718.15 6758.06 6742.99 6724.68 6714.57 6727.19 6717.61 6717.8 6715.17 -9999 -9999 -9999 -9999 -9999 -9999 -9999 -9999 -9999 -9999 -9999 -9999 -9999 6672.04 -9999 -9999 6696.61 6672.55 6723.83 6731.49 6720.63 6682.55 -9999 -9999 -9999 -9999 -9999 -9999 -9999 -9999 -9999 -9999 -9999 -9999 -9999 -9999 -9999 -9999 6829.85
6700.2 6683.76 -9999 -9999 -9999 -9999 -9999 -9999 -9999 -9999 -9999 -9999 -9999 -9999 -9999 -9999 -9999 -9999 -9999 -9999 -9999 -9999 6677.22 6685.1 6695.26 6721.9 6727.69 6699.45 6675.19 6659.81 6661.31 6659.7 -9999 -9999 -9999 -9999 -9999 -9999 -9999 -9999 -9999 -9999 -9999 -9999 -9999 -9999 -9999 -9999 -9999 -9999 -9999 -9999 -9999 -9999 -9999 -9999 -9999 -9999 -9999 -9999 -9999 -9999 -9999 -9999 -9999 -9999 -9999 -9999 -9999 -9999 -9999
6686.07 6665.79 -9999 -9999 -9999 -9999 -9999 -9999 -9999 -9999 -9999 -9999 -9999 -9999 6687 -9999 -9999 -9999 -9999 -9999 -9999 -9999 -9999 -9999 6666.7 6690.95 6712.16 6701.65 6681.98 6704.45 6694.63 6701.01 6697.41 6674.38 -9999 -9999 -9999 -9999 -9999 -9999 -9999 -9999 -9999 -9999 -9999 -9999 -9999 -9999 -9999 -9999 -9999 -9999 -9999 -9999 -9999 -9999 -9999 -9999 -9999 -9999 -9999 -9999 -9999 -9999 -9999 -9999 -9999 -9999 -9999 -9999 -9999
6670.38 -9999 6671.45 -9999 -9999 -9999 6655.32 -9999 6655.82 -9999 6656.56 6659.48 6678.19 6674.99 6679.73 6680.22 -9999 -9999 -9999 -9999 -9999 -9999 -9999 -9999 6668.76 6688.24 6688.18 6701.83 6711.35 6735.21 6740.74 6715.7 6700.02 6688.29 6685.68 6681.63 -9999 -9999 6675.32 6661.97 -9999 6671.5 -9999 6681.01 -9999 -9999 -9999 -9999 -9999 -9999 6688.21 6665.38 6699.34 6745.71 6757.79 6792.45 6835.87 6890.74 6917.35 6870.87 6917.91 7010.97 7016.71 7037.48 7047.26 6960.87 6833.24 6806.78 6827.53 6796.25 6774.76
6661.26 -9999 -9999 -9999 -9999 -9999 -9999 -9999 -9999 -9999 6672.67 6688.9 6696.57 6694.62 6693.39 6682.9 6682.14 6685.03 -9999 -9999 -9999 -9999 -9999 -9999 6703.82 6705.72 6702.73 6705.24 6718.19 6727.31 6750.27 6749.26 6741.46 6743.97 6722.68 6724.42 6722.11 6696.04 6702.19 6727.12 6744.26 6749.34 6729.85 6743.68 6743.61 6736.68 -9999 -9999 6709.78 6728.67 6734.22 6770.99 6784.23 6797.49 6877.06 6978.28 7037.3 7077.57 7112.24 7147.23 7166.26 7187.95 7208.28 7209.27 7210.72 7138.9 7072.86 7075.66 6993.67 6961.44 6871.24
6664.54 -9999 -9999 -9999 -9999 -9999 6656.64 6667.34 6671.27 6697.43 6682.09 6685.21 6697.47 6703.1 6705.07 6706.7 6704.32 6699.67 6674.65 -9999 -9999 -9999 -9999 -9999 6678.35 6692.59 6709.37 6718.96 6736.14 6751.15 6741.76 6745.44 6748.61 6753.79 6753.94 6752.52 6753.16 6741.53 6743.99 6748.76 6758.82 6771.05 6755.5 6764.3 6768.75 6784.57 6788.96 6771.14 6748.2 6791.46 6830.17 6850.31 6856.77 6858.77 6872.96 6879.92 -9999 6921.82 6928.96 6958.06 7018.77 7037.14 7054.89 7068.16 7062.2 7010.32 6980.43 6939.57 6916.1 6850.38 6780.17
-9999 -9999 -9999 -9999 -9999 -9999 -9999 -9999 -9999 -9999 6659.39 6668.56 6676.14 6689.86 6705.25 6709.05 6707.48 6712.68 6700.78 -9999 -9999 -9999 -9999 -9999 -9999 6693.74 6706.23 6730.96 6699.11 6683.09 6706.33 6733.47 6737.84 6752.21 6776.68 6734.77 6725.88 6685.79 -9999 6700.48 6758.12 6749.46 6761.55 6766.94 6816.48 6820.8 6846.53 6821.74 6804.05 6814.32 6795.46 6807.17 6808.83 6829.01 6813.02 6752.34 6737.45 6721.02 -9999 -9999 6741.46 6802.89 6890.74 6960.53 7011.2 6968.51 6898.71 6848.1 6810.29 6785.12 6705.55
-9999 -9999 6655.68 6654.32 -9999 -9999 -9999 -9999 -9999 -9999 6663.35 6653.08 -9999 -9999 -9999 -9999 -9999 -9999 -9999 -9999 -9999 -9999 -9999 -9999 -9999 -9999 -9999 -9999 -9999 -9999 -9999 -9999 -9999 -9999 -9999 -9999 -9999 -9999 6663.6 6706.28 6715 6726.36 6791.36 -9999 6732.33 6708.43 6739.19 6728.56 6689.6 6753.75 6663.51 -9999 -9999 6711.06 6742.39 6760.86 -9999 -9999 -9999 -9999 -9999 -9999 6689.81 -9999 6809.14 6852.76 6774.19 -9999 -9999 -9999 -9999
-9999 -9999 -9999 -9999 -9999 -9999 -9999 -9999 -9999 -9999 -9999 -9999 -9999 -9999 -9999 -9999 -9999 -9999 -9999 -9999 -9999 -9999 -9999 -9999 -9999 -9999 -9999 -9999 -9999 -9999 -9999 -9999 -9999 -9999 -9999 -9999 -9999 -9999 -9999 -9999 -9999 -9999 -9999 -9999 -9999 -9999 -9999 -9999 -9999 -9999 -9999 -9999 -9999 -9999 -9999 -9999 -9999 -9999 -9999 -9999 -9999 -9999 -9999 -9999 -9999 -9999 -9999 -9999 -9999 -9999 -9999
6689.14 6675.94 -9999 -9999 -9999 -9999 -9999 -9999 -9999 -9999 -9999 -9999 -9999 -9999 6677.31 6690.25 6701.01 6667.33 6693.91 6714.66 6694.3 6682.32 6678.12 -9999 -9999 -9999 -9999 -9999 -9999 -9999 -9999 -9999 6656.8 -9999 -9999 -9999 -9999 -9999 -9999 -9999 -9999 -9999 -9999 -9999 -9999 -9999 -9999 -9999 -9999 -9999 -9999 -9999 -9999 -9999 -9999 -9999 -9999 -9999 -9999 -9999 -9999 -9999 -9999 -9999 -9999 -9999 -9999 -9999 -9999 -9999 -9999
-9999 -9999 6665.33 -9999 -9999 -9999 -9999 -9999 -9999 -9999 -9999 -9999 6685.6 6701.24 6711.27 6724.25 6731.65 6722.15 6716.59 6710.83 6705.14 6712.62 6718.91 6701.7 6710.52 6732.97 6735.78 6742.91 6730.48 6700.39 6703.06 6649.63 -9999 -9999 -9999 -9999 -9999 -9999 -9999 -9999 -9999 -9999 -9999 -9999 -9999 -9999 -9999 -9999 -9999 -9999 -9999 -9999 -9999 -9999 -9999 -9999 -9999 -9999 -9999 -9999 -9999 -9999 -9999 -9999 -9999 -9999 -9999 -9999 -9999 -9999 -9999
6686.76 6677.47 -9999 -9999 -9999 -9999 -9999 -9999 -9999 -9999 6661.09 6692.35 6729.83 6711.73 6704.17 6711.8 6731.09 6749.37 6750.23 6746.34 6742.6 6737.21 6747.32 6751.91 6761.66 6757.7 6735.46 6714.81 6719.86 -9999 -9999 -9999 -9999 -9999 -9999 -9999 -9999 -9999 -9999 -9999 6725.56 6737.15 6747.04 6746.54 6716.29 6737.13 6746.63 6751.85 6753.03 6735.14 6723.68 -9999 -9999 -9999 -9999 -9999 -9999 -9999 6673.91 6756.42 6734.31 6716.15 6719.71 6760.25 6739.38 6731.81 6693.83 6670 -9999 -9999 6775.59
6684.9 6660.32 6660.7 6669.55 -9999 -9999 -9999 -9999 -9999 -9999 6679.19 6733.62 6749.88 6764.1 6768.75 6746.11 6731.68 6750.33 6753.32 6753.3 6752.82 6752.37 6751.91 6755.28 6748.35 6743.32 6730.17 6721.37 -9999 -9999 -9999 -9999 -9999 -9999 -9999 -9999 -9999 -9999 6703.76 6727.29 6744.63 6750.85 6750.9 6752.97 6753.22 6752.77 6749.95 6731.11 6741.94 -9999 -9999 -9999 -9999 6704.5 6658.26 6689.56 6725.08 6743.47 6724.12 6776.54 6891.18 6866.37 6811.18 6821.83 6804.68 6778.44 6727.18 6692.38 -9999 -9999 6720.71
-9999 -9999 -9999 -9999 6672.25 6702.06 -9999 -9999 -9999 -9999 6692.74 6720.82 6733.52 6758.23 6778.59 6740.23 6742.03 6738.66 6715.51 6716.94 6731.16 6733.49 6722.76 6722.86 6724.71 6709.31 -9999 -9999 -9999 -9999 -9999 -9999 -9999 -9999 -9999 -9999 6696.5 6718.37 6740.96 6749.82 6754.35 6754.86 6752.87 6751.38 6750.57 6752.02 6743.76 6693.35 -9999 -9999 -9999 6654.94 6683.2 6692.51 6708.53 6702.5 -9999 -9999 6761.99 6782.35 6810.82 6854.2 6818.22 6836.52 6814.03 6845.76 6830.07 6832.93 6812.34 6748.16 -9999
6674.63 6673.75 6666.27 -9999 -9999 -9999 -9999 -9999 -9999 -9999 6679.61 6724.77 -9999 -9999 6741.87 6720.24 6702.56 6700.75 6680.96 6666.97 6677.34 6701.19 6705.46 6716.63 6705.63 6689.11 -9999 -9999 -9999 -9999 -9999 -9999 -9999 -9999 -9999 -9999 6700.79 6728.73 6744.04 6732.53 6724.03 6723.01 6724.84 6712.33 6705.5 6704.02 -9999 -9999 -9999 -9999 6721.62 6775.84 6741.32 6759.79 -9999 6713.43 6713.28 6750.12 6747.37 6828.32 6841.85 6857.13 6825.14 6806.01 6778.93 6759.68 6730.06 6759.03 6724.53 6717.21 -9999
6666.09 6673.99 6670.95 6660.59 6664.06 6701.84 6722.48 -9999 -9999 -9999 -9999 -9999 6698.75 6709.11 6716.26 6700.86 6695.69 6696.78 6664.95 -9999 -9999 -9999 -9999 -9999 -9999 -9999 -9999 -9999 -9999 -9999 -9999 -9999 -9999 -9999 6677.9 6702.86 6707.47 6717.46 6704.49 6707.12 6714.51 6711.69 6706.55 6726.57 6733.76 6703.11 6670.53 -9999 -9999 -9999 6697.48 6738.03 6792.99 6796.87 6739.75 6768.91 6764.42 6744.31 6746.96 6783.72 6802.39 6825.24 6842.07 6840.05 6820.94 6809.75 6786.8 6771.57 6775.06 6730.22 -9999
6670.11 6687.35 6693.01 6696.29 6676.25 6684.19 6682.88 -9999 -9999 -9999 -9999 -9999 6702.82 6749.39 6754.01 6731.74 6709.05 6690.95 -9999 -9999 -9999 -9999 -9999 -9999 -9999 -9999 -9999 -9999 -9999 -9999 -9999 -9999 -9999 6684.07 6693.38 6693.92 6695.08 6701.54 6707.34 6704.36 6705.41 6707.55 6710.98 6725.92 6734.59 6721.61 6700.22 6674.02 -9999 -9999 -9999 -9999 -9999 -9999 -9999 6737.61 6740.7 6747.09 6758.81 6778.16 6804.27 6803.87 6782.51 6805.87 6760.63 6735.12 6720.2 6712.74 -9999 6691.36 -9999
6668.92 6702.18 6705 6696.21 6680.02 6685.53 -9999 -9999 -9999 -9999 -9999 -9999 6688.74 6704.19 6717.23 6715.93 -9999 -9999 -9999 -9999 -9999 -9999 -9999 -9999 -9999 -9999 -9999 -9999 -9999 -9999 -9999 -9999 -9999 6668.92 6685.93 6703.03 6706.99 6710.08 6720.42 6724.07 6718.47 6711.71 6713.95 6722 6729.52 6727.84 6692.36 -9999 -9999 -9999 6659.93 6688.02 6698.95 6700.04 6686.29 6679.72 6718.87 6724.21 6722.13 6727 6730.87 6737.79 6752.93 6748.59 6720.3 6723.33 6675.18 6689.5 6701.23 6675.42 -9999
6668.63 6678.77 6685.36 6677.37 6670.42 6665.84 6666.86 -9999 -9999 -9999 -9999 -9999 6693.51 6692.59 6676.22 -9999 -9999 -9999 -9999 -9999 -9999 -9999 -9999 -9999 -9999 -9999 -9999 -9999 -9999 -9999 -9999 -9999 -9999 6682.67 6705.07 6709.59 6712.86 6725.88 6730.38 6726.72 6733.61 6729.01 6723.97 6730.05 6728.51 6727.45 6716.23 6697.91 -9999 -9999 -9999 6696.9 6715.67 6714.9 6695.46 6682.27 6689.05 6729.92 6739.36 6739.52 6722.94 6725.82 6719.57 6731.49 6724.44 6722.59 6705.14 6710.17 6707.48 6697.33 6732.4
-9999 -9999 -9999 -9999 -9999 -9999 -9999 -9999 -9999 -9999 6691.18 6703.16 6715.38 6709.87 6700.11 6684.66 -9999 6671.39 6663.4 -9999 -9999 -9999 -9999 -9999 -9999 -9999 -9999 -9999 -9999 -9999 -9999 -9999 -9999 6679.6 6697.87 6715.23 6724.04 6727.89 6729.19 6732.96 6729.89 6721.94 6722.82 6724.34 6726.17 6728.01 6723.9 6716.56 6703.8 6703.39 -9999 -9999 -9999 -9999 -9999 6677.49 6695.15 6710.21 6706.83 6706.6 6724.43 6730.92 6731.5 6743.33 6739.5 6728.84 6736.51 6742.81 6743.6 6746.08 6755.34
-9999 -9999 -9999 -9999 -9999 -9999 -9999 -9999 6710.09 6689.28 -9999 6709.56 6744.64 6753.57 6748.82 6731.23 -9999 6703.59 6678.3 6669.76 -9999 -9999 -9999 -9999 -9999 -9999 -9999 -9999 -9999 -9999 -9999 -9999 -9999 -9999 6685.74 6697.83 6702.82 6702.55 6704.23 -9999 6697.03 6688.77 6690.94 6701.97 6708.26 6712.81 6713.37 6708.02 6705.42 6705.76 6682.31 6673.52 6668.15 -9999 6678.5 6694.98 6687.66 6686.22 6694.5 6713.39 6718.27 6711.45 6704.1 6720.77 6731.52 6746.44 6753.93 6746.01 6750.32 6749.64 6750.08
-9999 -9999 -9999 -9999 -9999 -9999 -9999 -9999 6719.69 6726.15 6685.25 6694.83 6748.89 6766.59 6771.63 6778.68 6784.91 6750.7 6711.63 6682.45 6675.39 -9999 -9999 -9999 -9999 -9999 -9999 -9999 -9999 -9999 -9999 -9999 -9999 -9999 -9999 6667.53 -9999 -9999 -9999 -9999 -9999 -9999 -9999 -9999 6685.38 6684.86 6688.08 -9999 -9999 6683.63 6680.63 6677.82 6672.34 -9999 6689.6 6703.32 6703.05 6701.97 6702.24 6699.19 6697.83 6701.24 6698.89 6707.74 6712.24 6712.37 6710.49 6709.37 6712.76 6711.32 6717.41
-9999 -9999 -9999 -9999 -9999 -9999 -9999 6713.96 6724.02 6740.37 6742.3 6708.61 6780.35 6792.92 6796.98 6803.79 6798.88 6794.4 6757.4 6734.19 6705.64 -9999 -9999 -9999 -9999 -9999 -9999 -9999 -9999 -9999 -9999 -9999 -9999 -9999 -9999 -9999 6686.83 6695.28 6697.52 6694.16 6698.91 6703.7 6703.64 6702.96 6696.5 6710.51 6718.14 6716.99 6716.2 6710.99 6714.68 6704.87 6681.02 6674.36 6704.4 6711.72 6719.14 6717.18 6719.43 6718.81 6712.93 6707.7 6706.52 6713.39 6707.28 6702.72 6701.4 6698.86 6700.86 6701.19 6700.46
-9999 -9999 -9999 -9999 -9999 -9999 -9999 -9999 6682.28 6697.73 6721.31 6774.11 6793.09 6794.31 6799.06 6792.2 6799.44 6809.17 6797.39 6779.42 6746.67 6710.73 6689.29 6687 -9999 -9999 -9999 -9999 -9999 -9999 -9999 -9999 -9999 -9999 -9999 -9999 -9999 -9999 6693.96 6697.96 6704.98 6716.17 6718.21 6711.42 6704.78 6716.91 6707.39 6707.03 6728.38 6739.82 6731.41 6738.36 6743.76 6731 6703.07 6694.47 6704.89 6703.56 6715.61 6726.17 6733.67 6742.53 6743.56 6729.9 6719.03 6713.85 6708.33 6707.65 6710.95 6708.54 6701.72
-9999 -9999 -9999 -9999 -9999 -9999 -9999 6690.53 6710.97 6726.69 6718.58 6737.42 6754.69 6782.54 6777.52 6782.18 6785.6 6800.08 6786.87 6773.98 6762.74 6742.99 6720.71 6723.44 -9999 -9999 -9999 -9999 -9999 -9999 -9999 -9999 -9999 -9999 -9999 -9999 -9999 -9999 -9999 -9999 6681.17 6687.21 6691.13 6689.41 -9999 -9999 -9999 6724.47 6761.96 6784.37 6787.86 6784.87 6754.34 6733.67 6722.99 6734.15 6740.18 6740.05 6722.47 6732.4 6717.36 6722.99 6732.31 6729.18 6713.77 6708.89 6702.31 6702.97 6703.94 6710.42 6709.12
-9999 -9999 -9999 -9999 -9999 -9999 -9999 -9999 6706.5 6711.93 6726.24 6731.58 6735.91 6739.65 6763.01 6760.48 6758.19 6742.92 6726.41 6722.67 6731.18 6722.44 6698.62 6691.1 6697.92 -9999 -9999 -9999 -9999 -9999 -9999 -9999 -9999 -9999 -9999 -9999 -9999 -9999 -9999 -9999 -9999 -9999 -9999 -9999 6682.21 6686.19 6683.28 -9999 -9999 6716.18 6731.92 -9999 -9999 -9999 6733.73 6746.36 6752.19 6763.03 6762.91 6740.01 6728.29 -9999 6727.01 6715.81 6705.38 6696.59 6690.82 -9999 -9999 -9999 -9999
-9999 -9999 -9999 -9999 -9999 -9999 -9999 -9999 6682.4 6688.66 6704.7 6710.83 6715.34 6716.16 6724.57 6716.49 6709.45 6699.34 6698.08 6698.86 6691.64 6700.56 6715.76 6705.19 -9999 -9999 -9999 -9999 -9999 -9999 -9999 -9999 -9999 -9999 -9999 -9999 -9999 -9999 -9999 -9999 -9999 -9999 -9999 -9999 -9999 -9999 -9999 -9999 -9999 -9999 -9999 -9999 -9999 -9999 -9999 -9999 -9999 -9999 -9999 -9999 -9999 -9999 6703.91 6701.68 -9999 6689.81 -9999 -9999 6694.66 -9999 -9999
6698.61 6701.67 6692.9 6689.32 6688.66 -9999 6686.57 6687.38 -9999 6685.75 6687.56 -9999 -9999 -9999 -9999 6724.29 6719.81 6697.68 -9999 6700.8 -9999 -9999 6724.09 6712.71 6690.21 -9999 6696.62 -9999 -9999 -9999 -9999 -9999 -9999 -9999 -9999 -9999 -9999 -9999 -9999 -9999 -9999 -9999 -9999 -9999 -9999 -9999 -9999 -9999 -9999 -9999 -9999 6730.7 6770.04 6776.63 6785.3 6776.57 6760.62 6745.75 6728.13 6708.15 -9999 6701.83 6687.83 -9999 -9999 -9999 -9999 -9999 -9999 -9999 -9999
6694.46 6700.47 6702.71 6705.42 6706.7 6701.51 6698.82 -9999 -9999 6689.48 6690.74 -9999 -9999 -9999 -9999 -9999 -9999 -9999 6688.03 -9999 -9999 -9999 6719.2 6718.15 6723.49 6728.4 6724.25 6721.1 6701.54 6706.15 -9999 6693.16 -9999 -9999 -9999 -9999 -9999 -9999 -9999 -9999 -9999 -9999 -9999 -9999 -9999 -9999 -9999 -9999 -9999 -9999 -9999 6714.71 6748.47 6773.8 6777.36 6774.35 6778.55 6767.27 6761.35 6743.93 6711.65 6705.46 6701.28 -9999 -9999 -9999 -9999 -9999 -9999 -9999 -9999
6703.01 6709.06 6711.69 6714.52 6714.38 6711.54 6707.87 6699.15 6694.51 -9999 -9999 -9999 -9999 -9999 -9999 -9999 6695.66 -9999 6705.46 6700.02 6707.5 6719.23 6723.02 6724.65 6728.28 6737.19 6752.43 6760.8 6745.49 6721.18 -9999 -9999 -9999 -9999 6697.21 6710.96 6712.46 6699.27 -9999 -9999 -9999 -9999 -9999 -9999 -9999 -9999 -9999 -9999 -9999 -9999 -9999 -9999 -9999 -9999 6736.49 6744.33 6760.93 6763.95 6763.1 6747.49 6727.39 6714.98 6710.57 6709.1 6710.05 6709.58 6703.5 -9999 -9999 -9999 -9999
