resultados/variables_norteamerica/sun_rad_range.asc
ncols 469
nrows 225
xllcorner -169.133333
yllcorner 20.675000
cellsize 0.249840
NODATA_value -9999
[rows 64 to 95 of 225, columns 213 to 283 of 469]
-9999 -9999 -9999 6912.04 6923.04 6935.53 6933.26 6930.14 6927.78 6926.35 6924.98 6926.77 6927.09 6924.9 6925.94 6924.66 6928.58 6938.35 6949.07 6950.79 6953.25 -9999 6956.27 6964.2 6974.47 6967.64 6975.32 6988.04 6990.75 6994.67 6990.36 6991.78 6993.42 6992.49 6993.63 6994.5 6994.11 6993.66 6990.16 6993.19 6987.27 6984 6992.01 6981.48 6972.73 6968.9 6968.78 6971.34 6969.62 6970.34 -9999 6970.79 6969.13 6967.92 6964.37 6959.75 6954.82 6953.75 6954.35 6955.96 6967.53 6962.42 6956.02 6954.59 6954.59 6952.3 6950.61 6949.34 6946.21 6949.13 6942.51
6922.08 6921.88 6918.94 6919.67 6933.74 6949.52 6940.66 6935.93 6933.48 6932.1 6932.87 6927.87 6926.39 6925.57 6925.68 6925.17 6922.59 6931.07 6940.78 6948.59 6952.91 6952.25 6952.98 6957.02 6964.8 6966.39 6987.82 6987.38 6987.26 6991.49 6995.18 6995.31 6995.92 7000.92 7008.41 6999.59 6996.44 6995.53 6994.61 6994.85 6989.01 6988.41 6989.45 6986.44 6976.82 6969.93 6969.85 6970.12 6974.6 6970.09 6968.38 -9999 6968.08 6965.16 6961.49 6959.81 6959.32 6962.8 6965.1 6967 6964.28 6957.75 6953.57 6951.11 6950.86 -9999 -9999 6952.95 6952.2 6945.12 6936.04
6937.75 6934.6 6936.59 6942.66 6944.54 6946.23 6945.18 6941.71 6938.37 6934.97 6931.7 6928.13 6921.41 6919.65 6921.01 6922.65 6925.71 6931.17 6935.35 6944.26 6949.99 6952.37 6957.15 6960.48 6961.26 6968.35 6983.6 6989.91 6995.93 6993.16 6992.3 6994.72 7002.87 7009.3 7005.89 7004.47 7003.26 6998.4 6997.8 6996.94 6995.11 6994.66 6994.08 6990.35 6987.43 6980.83 6981.23 6978.4 6992.55 6988.29 6977.26 6968.32 6969.51 6963.06 6960.93 -9999 6970.31 -9999 6979.56 6970.57 6963.31 6960.34 6953.02 6951.93 6950.54 -9999 6949.22 6951.88 6952.6 6953.94 6952.5
6945.24 6945.86 6947.15 6947.55 6947.62 6947.39 6948.25 6950.36 6946.98 6944.15 6938.43 6934.62 6930.37 6923.57 6919.49 6923.19 6925.66 6929.96 6933.62 6939.52 6949.32 6952.49 6958.01 6962.64 6965.13 6971 6979.51 6980.65 6986.67 6981.38 6987.1 6990.67 6999.45 6998.94 7005.03 7005.65 7007 6999.79 6992.95 -9999 -9999 6997.3 6997.93 6991.71 6983.49 6977.39 -9999 6990.3 6991.88 6988.06 6980.64 6970.88 6969.64 6970.52 6970.85 -9999 6972.41 6980.97 6973.44 6973.15 6965.85 6960.96 6960.08 6953.49 6947.16 6951.33 6949.41 6951.77 6953.49 6954.3 6951.05
6960.35 6961.65 6965.01 6965.98 6963.87 6959.09 6954.72 6954.11 6954.16 6949.92 6945.32 6942.29 6939.15 6939.74 6932.16 6928.52 6928.07 6928.63 6935.86 6940.35 6949.27 6949.4 6956.77 6960.32 6965.97 6969.41 6966.73 6966.72 6968.26 6978.17 6984.55 6987.1 -9999 6989.2 6995.04 6996.35 6994.93 6989.63 6991.68 6993.5 6997.73 6995.31 6997.1 6983.57 6981.82 6986.72 -9999 6980.05 6985.99 6991.28 6985.17 6984.1 6981.44 -9999 6975.32 6973.55 6979.02 6974.43 6971.57 6963.99 6963.47 6960.31 6953.28 6947.43 -9999 6949.91 6953.22 6954.1 6954.34 6955.57 6952.57
7025.96 7049.2 7086.67 7071.19 7047.74 7021.45 6980.03 6960.22 6952 6950.16 6949.66 6949.82 6948.48 6946.79 6946.6 6936.61 6930.98 6928.77 6930.73 6939.6 6947.36 6949.62 6952.12 6952.84 6946.51 -9999 -9999 6947.06 6947.79 6953.15 6967.57 6967.86 6969.87 6984.42 6979.89 6986.61 6982.36 6981.79 6977.53 6984.49 6987.93 6992.29 6987.76 6978.4 6973.38 6974.83 6968.1 6971.74 6976.74 6983.78 6990.39 6990.13 6982.88 6979.31 6981.1 6983.7 6980.28 6973.64 6964.95 6964.68 6961.33 6956.11 6952.22 6949.85 6950.82 6947.9 6951.92 6955.46 6952.96 6953.14 6950.6
7094.43 7103.27 7102.58 7098.3 7088.69 7070.48 7068.1 7017.45 6952.69 6947.05 6948.08 6946.84 6944.4 6943.24 6940.96 6935.91 6932.29 6926.03 6927.21 6934.2 6943.57 6946.6 6946.87 6941.37 6926.18 -9999 -9999 -9999 6929.84 -9999 -9999 -9999 -9999 -9999 6939.73 6938.53 6938.97 6946.31 6958.17 6956.39 6955.1 6960.37 -9999 6964.28 6961.75 6966.02 6969.5 6971.54 6976.63 6980.08 6982.36 6983.37 6983.53 6984.54 6983.14 6979.52 6975.6 6971.38 6973.91 6976.01 6968.56 6964.07 6956.81 6954.92 6949.97 6945.06 6951.36 6956.25 6948.7 6947.04 6947.51
7104.44 7106.26 7108.95 7108.06 7085.4 7061.21 7081.91 7045.16 6961.22 6936.82 6935.78 6933.86 6932.18 6933.61 6932.27 6928.86 6928.52 6923.93 6925.58 6931.02 6938.71 -9999 -9999 -9999 -9999 -9999 6933.6 6936.28 6941.02 6946.02 6951.27 6955.46 6958.7 6955.52 6952.42 6953.67 6954.42 6947.05 6938.71 6944.67 6953.54 6947.78 6954.4 6951.63 6953.66 6957.25 6963.5 6969.99 6978.81 -9999 6981.78 6982.23 6983.07 6977.15 6974.45 6972.01 6969.11 6970.1 6974.53 6967.8 6962.32 6958.11 6955.8 6949.14 -9999 6940.89 -9999 6941.81 6938.59 6938.17 6946.67
7060.15 7092.68 7092.26 7092.51 7065.49 7007.48 6992.17 6949.31 6933.41 6930.75 6928.59 6930.38 6930.76 6927.16 6924.92 6921.23 6921.47 6921.31 6921.72 6929.59 -9999 -9999 -9999 6932.03 6936.03 6941.12 6944.8 6949.17 6955.05 6959.48 6959.25 6966.32 6973.79 6974.71 6972.88 6975.89 6977.75 6973.19 6966.27 6956.21 6942.42 6945.94 6960.24 6964.46 6963.96 6966.09 6966.09 6966.69 6972.2 6977.19 6977.6 6977.52 6973.33 6970.56 6970.8 6967.22 6964.31 6966.06 6967.84 6961.33 6955.34 6956.97 -9999 6946.33 6948.68 6940.37 6934.37 6935.64 6935.07 6934.27 6935.75
6954.89 6958.68 6966.53 6967.44 6952.51 6936.36 6929.45 6928.46 6927.83 6928.11 6929.13 6928.13 6923.82 6919.52 -9999 -9999 6917.67 6918.06 6918.07 6917.67 6921.27 6925.52 6929.25 6937.18 6941.35 6948.2 -9999 6959.75 6964.78 6972.99 6974.69 6979.18 6977.79 6983.31 6987.95 6987.38 6985.8 6980.65 6972.91 6957.38 6944.4 6954.72 6965.52 6969.94 6968.95 6970.7 6973.4 6974.58 6971.64 6972.3 6975.68 6969.74 6973.17 6972.79 6967.56 6962.67 6964.16 6961.82 6962.68 6961.62 6962.89 6963.86 6962.43 6948.48 6942.96 6939.76 6938.82 6943.32 6940.22 6932.79 -9999
6930.59 6929.82 6930.2 6930.17 6930.81 6931.07 6928.83 6925.19 6924.68 6925.68 6926.52 6927.24 6926.49 6926.13 6921.25 -9999 6915.71 6918.58 6920.83 -9999 6931.2 6938.53 6938.78 6939.12 6943.48 6951.9 6964.36 6977.66 6979.51 6983.79 6986.15 6984.65 6983.82 6986.83 6992.08 7000.08 6996.98 6984.66 6960.91 6952.27 6954.53 6968.7 -9999 6978.42 6974.44 6976.82 6984.24 6984.41 6978.76 -9999 6965.63 -9999 6966.56 6970.44 6972.51 6966.56 6962.19 6960.91 6958.01 6963.04 6972.95 6969.66 6967.16 6956.91 6951.17 6950.68 6955.5 6952.57 6944.36 6939.95 6932.76
6939.26 6936.96 6938.35 6939.26 6939.06 6936.55 6934.81 6931.55 6934.86 6949.73 6975.07 6997.16 7015.72 7026.53 7016.32 6952.98 6923.69 6921.39 6921.69 6930.17 6933.76 6941.76 6950.07 6954.82 6964.13 6978.05 6983.23 6988.12 6986.36 6991.29 6991.1 6989.57 6986.09 6991.23 6988.69 6984.51 6974.87 6968.29 6964.87 6966.99 6967.96 6972.8 6983.39 6988.7 6991.78 6983.04 6980.52 6974.93 -9999 6962.5 -9999 6966.28 6964.48 6964.85 6960.67 -9999 6948.2 6950.48 6951.56 6957.59 6960.58 6958.24 6956.97 6954.54 6947.81 6945.36 6942.76 6939.67 6935.84 6930.32 6930.29
7039.37 6998.55 6945.11 6947.12 6949.5 6949.75 6953.78 6963.23 6981.64 7002.63 7026.45 7039.39 7038.32 7036.11 7036.78 7046.07 6961.5 6924.27 6922.65 6930.58 6935.68 6942.34 6950.09 6966.9 6982.25 6994.42 6995.18 6990.96 6990.84 6991.33 6990.72 6989.73 6991.37 6996.5 6991.78 6973.35 6971.51 6976.84 6976.94 6980.53 6988.05 6994.92 7000.95 6992.92 6985.95 6980.24 6976.55 6966.55 6960.55 6962.27 -9999 6963.93 6955.73 6950.46 6944.76 -9999 -9999 6943.9 6951.52 6956.1 6953.04 6953.47 6951.09 6947.17 6940.5 6941.42 6942.52 6937.78 6930.67 6926.35 6932.44
7031.01 7004.81 6960.01 6962.03 6970.52 6977.43 6981.16 6997.99 7019.42 7026.66 7027.48 7039.23 7044.74 7037.6 7050.13 7041.96 6955.64 6921.34 6924.42 6927.78 6938.85 6957.53 6976.44 6989.93 6988.2 6991.41 6986.48 6981.06 6979.34 6982.21 6983.17 6985.84 6990.45 6991.7 6992.39 6983.86 6978.46 -9999 6976.22 6979.97 6993.51 6994.78 6986.88 6982.51 6974.59 6970.07 6964.26 6965.43 6965.05 6962.74 6956.02 6947.62 6943.63 -9999 -9999 -9999 6939.8 6942.35 6947.22 6948.08 6944.93 6942.86 6937.76 6938.2 6933.06 6935.33 6931.27 6930.71 6923.5 6918.27 6918.5
7046.78 7002.64 6965.53 6968.01 6983.18 6987.04 7008.68 7036.51 7047.16 7049.64 7038.93 7033.61 -9999 7006.38 6998.98 6962.46 6926.09 6921.14 6927.45 6954.64 6974.44 6974.78 6970.75 6977.73 6984.6 6983.89 6975.99 -9999 6972.93 6977.06 6977.92 6976.99 6978.64 -9999 6978.2 6974.12 6974.61 -9999 6977.16 6980.88 6981.08 6977.32 6976.57 6977.55 6972.76 6970.1 6964.29 6956.02 6953.94 6952.56 6946.8 6939.26 -9999 -9999 -9999 6935.71 6938.89 6944.55 6943.12 6937.65 6941.76 6937.81 6929.06 6934.39 6931.58 6925.81 6923.27 6921.21 6917.78 6914.43 -9999
7037.4 6988.74 6967.79 6964.66 6982.08 6987.71 7000.17 7007.13 7004.88 7011.54 6994.13 6981.95 6975.1 6969.24 6956.04 6947.96 6930.97 6915.75 6938.1 6970.02 6986.8 6994.34 6972.41 6980.25 6981.09 6978.64 6963.52 6963.39 6964.52 6961.35 6962.85 6964.79 6969.43 6970.23 6968.25 6972.8 6978.98 6982.89 6988.08 6984.69 6981.02 -9999 -9999 6975.41 6970.35 6961.35 6953.59 6950.36 6939.34 6938.44 6935.95 6936.54 6934.08 -9999 -9999 6930.84 6939.45 6939.19 6935.92 6934.27 6929.57 6927.16 6919.2 6924.58 6922.56 6915.15 6912.83 6910.72 6909.21 6910.65 6912.61
7022.68 6979.17 6963.94 6977.54 7010.73 7008.57 7004.89 6991.86 6971.57 6969.81 6966.73 6967.71 6962.69 6960.12 6958.7 6960.46 6957.51 6925.87 6928.63 6952.29 6951.51 6945.99 6951.39 6957.04 6959.31 6955.91 6950.3 6950.4 6947.14 6950.33 6952.61 6956.97 6957.7 6960.72 6959.97 6965.79 6975.27 6979.63 6975.91 6974.96 6975.67 6972.79 6970.76 6970.48 6959.01 6949.74 6943.03 6939.78 6933.21 6930.56 6931.59 6926.75 6930.16 6924.96 -9999 6929.01 6932.87 6936.95 6932.12 6925.89 6919.4 6915.55 6910.97 6909.24 6907.14 6905.32 6903.73 6905.09 6904.99 6912.37 6909.04
6986.8 6970.29 6968.71 6987.98 7005.98 -9999 7015.88 7008.9 6974.72 6966.39 6970.69 6966.98 6960.18 6955.81 6950.4 6945.99 6939.54 6934.29 6934.25 6934 6937.47 6950.04 6950.28 6954.64 6953.7 6949.5 6949.15 6954.54 6943.74 6938.72 6942.91 6947.56 6950.12 6947.45 6950.66 6957.98 6961.2 6962.48 6959.58 6965.74 6967.98 6964.71 6964.93 6965.41 6956.04 6942.92 6933.61 6935.67 6935.75 6931.9 6921.79 6919.66 -9999 6920.16 6925.16 6924.69 6923.55 6925.7 6920.42 6918.32 6906.79 6908.1 6901.6 6902.83 6902.02 6901.32 6898.77 6900.96 6902.78 6903.68 6904.39
6976.71 6971.85 6978.08 6978.28 6985.24 6990.73 6988.87 6977.43 6965.79 6972.79 6978.68 6980.65 6964.99 6948.99 6959.04 6962.43 6966.46 6980.72 6998.08 6970.61 6946.74 6940.6 -9999 6945 6945.71 -9999 6937.63 6941.15 6939.81 6934.06 6932.09 -9999 6936.13 6937.73 6942.22 6947.91 6949.5 6945.76 6952.13 6963.71 6959.13 6959.16 6954.63 6947.95 6939.8 6937.55 6939.1 6936.35 6929.95 6931.38 6918.96 -9999 6921.44 6919.03 6920.32 6917.48 6915.73 6914.92 6911.36 6903.27 6893.6 6893.77 6894.44 6899.98 6898.87 6893.04 6893.93 6898.03 6899.4 6897.17 6895.07
6990.78 6987.24 6983.68 6981.27 6975.18 6967.69 6967.14 6961.45 6963.64 6970.04 6971.93 6966.08 6960.66 6943.49 6961.37 6977.04 6997 6995.85 7000.03 6983.15 6940.41 6934.52 6937.54 6946.16 6948.69 6952.23 6945.5 -9999 -9999 6927.89 -9999 6932.76 6931.67 6924.73 6927.3 6929.62 6926.01 6928.78 6942.05 6940.03 6937.79 6930.53 6931.13 6928.24 6928.7 6935.53 6942.67 6928.44 6915.17 6917.4 6911.8 6907.83 6916.75 6911 6906.69 6909.34 6900.15 6902.08 6903.15 6900.52 6893.28 6889.81 6890.81 6892.14 6888.82 6887.67 6887.4 6887.02 6885.94 6885.82 6884.45
6986.71 -9999 6978.91 6978.25 6977.51 6975.66 6972.99 6964.05 -9999 6960.69 6957.72 6953.7 6949.52 6947.95 6969.53 6981.99 6982.07 6979.86 6968.44 6952.69 6944.71 6946.52 6951.23 6951 6948.68 6946.8 6942.91 6924.49 6922.72 6918.05 -9999 6924.46 6920.18 6921.98 6920.15 6914.15 6911.76 6917.11 6915.21 6914.97 6914.74 6914.97 6915.94 6910.25 6914.35 6918.49 6916.46 6915.02 6916.36 6920.61 -9999 6902.01 6904.78 6898.65 6895.18 6885.31 6885.19 6886.24 6885.07 6884.62 6885.94 6882.96 6884.48 6884.13 6887.61 6884.43 6878.12 6876.66 6876.22 6876.7 6875.96
6969.58 6968 6962.58 6968.23 6988.57 7014.9 6998.61 7007.96 6998.85 6994.54 6978.62 6962.97 6945.27 6970.11 6982.99 6983.44 6974.48 6971.59 6969.68 6961.28 6955.89 -9999 6962.92 6963.18 6959.47 6958.94 6941.07 6927.14 6918.42 6913.53 6913.05 6911.98 6911.02 6919.37 6927.87 6922.43 6909.44 -9999 6904.93 6907.6 6903.48 6904.17 6904.6 6908.33 6904.76 6894.21 6902.58 6903.58 6908.84 6903.39 6897.48 6891.84 6887.27 6885.51 6881.97 6880.2 6886.7 6886.49 6883.31 6883.06 6878.37 6877.56 6880.41 6878.94 6877.58 6875.29 6873.82 6871.13 6867.96 -9999 6860.92
6962.16 -9999 -9999 -9999 6954.73 6951.11 6951.05 6954.38 6954.36 6958.55 6955.14 6961.81 6944.14 6940.98 6947 6960.91 6956.73 6960.75 6963.78 6969.22 6965.52 6963.65 6971.76 6969.72 6964.33 6958.44 6950.89 6935.28 6922.74 6911.92 6906.18 6904.32 -9999 6907.21 6917.26 6915.53 6903.32 -9999 6896.86 -9999 6892.24 6892.17 6891.34 6894.14 6891.03 6890.01 6889.21 6891.72 6887.2 6889.04 6882.8 6882.04 6882.98 6884.41 6880.86 6877.92 6874.21 6878.38 6878.37 6877.88 6873.26 6870.32 6870.68 6872.09 6871.48 6869.86 6865.6 6864.95 6860.83 6857.21 6852.71
7008.36 7006.28 6981.77 7029.48 6995.77 6964.09 6939.4 6942.07 6952.52 6944.62 6950.24 6938.04 6926.03 6927.58 6931.21 6936.99 6935.03 6946.8 6959.34 6948.83 6957.01 6959.77 6964.76 6961.33 6942.27 6940 6946.9 6945.94 6935.53 6917.73 6906.18 6901.37 6898.32 6905.29 6906.19 6913.36 6907.2 6900.25 6895.78 6895.14 6888 -9999 6882.41 -9999 -9999 6885.47 6888.05 6886.84 6886.54 6881.49 6877.11 6870.01 6870.65 6872.21 6875.05 6872.14 6871.57 6868.77 6869.72 6871.79 6868.1 6861.74 6866.92 6864.4 6863.18 6857.89 6854.04 6850.65 6847.26 -9999 6841.35
7071.29 7047.38 7031.4 6999.47 6971.23 6947.8 6929.78 6944.29 6948.84 6932.94 6924.84 6926.3 6926.33 6929.04 -9999 6918.52 6925.68 6939.66 6942.41 6934.77 6942.4 6946.48 6944.18 6932.67 -9999 6931.47 6937.67 6948.69 6957.93 6937.18 6905.34 6898.15 6893.8 6897.8 -9999 6899.83 6897.45 6900.65 6903.68 6903.03 6897.62 6895.08 6886.33 6885.4 6888.2 6907.55 6930.23 6879.89 6867.68 6863.06 6861.97 6861.44 6862.98 6862.13 6865.16 6863.93 6859.73 -9999 6862.44 6859.59 6857.28 6855.12 -9999 6851.32 6847.93 6847.01 6843.09 6839.17 6836.69 6832.79 6829.39
7031.3 7018.96 6992.35 6973.8 6956.06 6932.63 6925.67 6929.12 6940.45 6936.08 6929.79 6929.43 6933.54 6932.82 6926.34 6916.24 6918.2 6919.21 6920.55 6918.42 6918.65 6914.56 6911.59 -9999 -9999 6916.5 6920.05 6924.23 6916.73 6894.22 6894.32 6890.49 6889.74 6890.24 6888.94 6894.55 6898.68 6914.3 6927.2 6922.37 6906.33 6894.22 6894.87 6894.45 6902.3 6903.42 6889.72 6869.42 6860.68 6856.11 6856.32 6852.3 6850.46 6849.38 6845.01 6847.05 6847.23 -9999 6845.5 6846.34 6845.5 6842.09 6841.71 6840.63 6837.97 6836.16 6834.97 6831.5 6826.18 6824.77 6824.56
6969.07 6966.18 6950.8 6935.02 6927.3 6924.29 6923.37 6914.92 6919.29 6920.88 6929.79 6925.96 6926.48 6926.66 6931.04 6926.72 6913.95 6917.38 6912.61 6900.37 6900.16 6900.96 6899.04 6897.03 6893.42 6895.24 6893.99 6889.25 6884.9 6879.88 6878.68 6879.23 6878.92 6881.28 6886.41 6892.35 6894.25 6900.7 6906.81 6901.14 6892.69 -9999 6898.96 6899.39 6908.22 6921.94 6891.36 -9999 6857.16 6853.98 6849.85 6837.83 6832.82 -9999 6833.57 6835.28 6833.54 6832.54 6833.83 6829.23 6831.4 6834.22 6831.55 6829.88 6830.09 6828.84 6824 6819.55 6816.79 6815.12 6816.29
6949.87 6956.65 6936.8 6928.6 6915.86 6913.98 6914.2 6920.6 6920.93 6915.56 6910.82 6909.12 6907.09 6906.46 6903.4 6910.48 6909.52 6908.86 6912.12 6909.69 6903.58 6907.3 6909.42 6912.28 6902.62 6897.84 6890.04 6885.82 6885.2 6887.49 6882.08 6884.56 6883.28 6880.9 6876.51 6875.39 6891.86 6900.35 6897.44 6884.84 6879.25 6882.82 6891.68 6899.56 6889.44 6876.53 6859.63 6851.39 6845.91 6838.83 6830.26 6822.34 6818.67 6819.14 6818.27 6819.66 6822.38 6817.18 -9999 -9999 6815.61 6814.87 6816.86 6816.39 -9999 6819.2 6818.53 6811.3 6808.84 6807.99 6806.41
6946.46 6947.14 6938.66 6930.02 6923.23 6921.23 6917.78 6914.35 6912.17 6911.57 6902.76 6899.09 6904.55 6904.44 6901.07 6896.3 6892.14 6897.41 6899.46 6890.08 6893.02 6886.51 6887.1 6897.45 6900.27 6898.96 6902.81 6899.55 6905.98 6913.8 6907.05 6890.66 6883.8 6887.28 6877.85 6868.08 6868.56 6895.79 6900.25 6877.44 6873.15 6872.98 6867.24 6869.44 6864.3 6857.2 6847.1 6838.44 6830.5 6823.43 6816.36 6811.39 6809.44 6808.38 6807.9 6807.71 6806.94 6806.63 6807.61 6806.5 6806.23 6806.19 -9999 6808.49 -9999 6811.72 -9999 6800.13 6798.27 6799.18 6798.98
6957.4 6946.44 6936.98 6927.98 -9999 6916.77 6912.36 6910.51 6901.18 6896.5 6902.08 6911.45 6908.67 6897.59 6897.08 6888.71 6894.87 6895.19 6890.59 6891.61 6886 6880.49 6881.89 6876.59 6870.93 6874.31 6877.6 6885.78 -9999 6898.22 6903.75 6904.15 6881.53 6877.74 6880.99 6860.16 6860.27 6859.4 6861.25 6859.14 6856.43 6854.21 6856.89 6854.52 6847.83 6840.64 6835.5 6822.48 6816.39 -9999 6812.74 6802.61 6799.09 6810.85 6855.32 6814.63 -9999 6800.6 6805.87 6799.84 6795.93 -9999 -9999 6796.36 6799.17 6800.93 6796.94 -9999 -9999 -9999 -9999
6957.14 6950.29 6938.25 6926.94 6910.54 6910.08 6905.23 6899.94 6897.61 6897.8 6903.9 6908.05 6904.58 -9999 6888.53 6885.25 6887.92 6883.45 6884.55 6880.89 6875.19 6879.85 6885.71 6879.97 6870.18 6868.63 6861.83 6856.55 6864.56 6870.19 6890.04 6890.61 6895.58 -9999 6877 6861.65 6848.65 6845.4 6843.37 6834.83 6832.77 6833.7 6833.95 6829.78 6829.32 6823.56 6820.45 6812.27 6810.83 6808.22 6805.5 6809.24 6831.42 6874.9 6881.3 6808.68 6796.64 6793.33 6788.09 6788.72 6788.16 -9999 -9999 -9999 6786.85 6786.07 6782.99 -9999 -9999 -9999 -9999
6958.76 6940.56 6929.84 6922.7 6926.76 6924.89 6929.69 6918.43 6909.2 6898.84 6892.29 6890.16 6889.12 6885.62 6882.45 6878.96 6879.59 6881.39 6879.93 6874.22 6870.28 6867.04 6866.84 6865.48 6862.66 6863.06 6850.72 6845.25 6840.79 6839.81 -9999 6857.88 6870.97 6887.51 6888.21 6859.38 6838.97 6834.28 6831.05 6828.55 6821.9 6821.3 6822.59 6821.24 6817.04 6816.95 6814.57 6806.01 6807.87 6816.5 6832.5 6847.45 6848.97 6839.69 6804.96 6788.64 6785.5 6777.78 6779.6 -9999 -9999 -9999 -9999 6774.68 6777.55 -9999 6773.62 -9999 -9999 -9999 -9999
