resultados/variables_norteamerica/sun_rad_range.asc
ncols 469
nrows 225
xllcorner -169.133333
yllcorner 20.675000
cellsize 0.249840
NODATA_value -9999
[rows 192 to 223 of 225, columns 213 to 283 of 469]
-9999 -9999 -9999 -9999 -9999 -9999 4270.17 4331.54 4415.5 4428.09 4348.76 -9999 -9999 -9999 -9999 -9999 4321.81 4323.36 4325.47 4344.28 4357.15 4362.13 4369.47 4372.1 4388.59 4314.67 4510.67 4454.23 4538.46 4514.07 4574.99 4493.1 4552.89 4554.01 4601.01 4523.08 4550.38 4531.1 4570.8 4470.76 4471.97 4441.51 4489.97 4500.71 4506.9 4483.41 4479.3 4478.65 4554.04 4562.14 4485.42 4399.71 4472.42 4432.76 4390.68 4354.78 4387 4418.91 4394.43 4371.11 4360.47 4350.1 4350.06 4342.11 4336.59 4341.84 4339.15 4335.94 4334.08 4330.16 4330.26
-9999 -9999 -9999 -9999 -9999 -9999 -9999 4264.16 4335.19 4419.59 4373.76 -9999 -9999 -9999 -9999 -9999 4291.14 4287.36 4286.28 4327.88 4314.67 4276.46 4300.6 4324.92 4292.56 4306.24 4277.58 4437.93 4449.49 4461.74 4471.42 4606.55 4539.75 4568.29 4493.63 4554.46 4495.22 4490.7 4464.09 4557.97 4464.02 4421.7 4390.89 4472.69 4488.75 4479.42 4455.03 4429.92 4439.79 4431.17 4439.78 4452.36 4376.07 4458.88 4498.62 4428.9 4322.9 4323.17 4364.45 4342.88 4333.49 4328.21 4314.64 4323.04 4311.46 4298.53 4296.4 4299.5 4295.7 4295.68 4291.43
-9999 -9999 4264.12 -9999 -9999 -9999 -9999 4251.95 4192.68 4166.06 4316.89 4364.68 -9999 -9999 -9999 -9999 -9999 -9999 4271.89 4252.69 4257.44 4259.63 4286.34 4244.77 4234.72 4287.37 4272.94 4389.27 4396.77 4318.33 4464.34 4544.28 4581.33 4574.38 4535.19 4492.5 4482.97 4390.8 4403.43 4379.47 4397.84 4396.79 4401.13 4372.02 4388.4 4421.83 4416.56 4426.56 4390.9 4421.97 4393.2 4461.38 4444.73 4347.32 4403.81 4365.7 4322.06 4293.89 4279.32 4325.32 4320.7 4293.76 4276.85 4271.46 4278.91 4279.88 4274.18 4261.48 4262.56 4265.88 4276.16
-9999 -9999 4156.61 -9999 -9999 -9999 -9999 4214.91 4212.99 4195.78 4177.17 4234.47 -9999 -9999 -9999 -9999 -9999 -9999 4188.7 4202 4181.09 4201.1 4239.8 4256.37 4224.96 4265.97 4294.39 4268.72 4139.34 4281.9 4291.93 4383.64 4447.64 4477.93 4517.64 4449.68 4391.93 4435.07 4382.76 4344.72 4369.63 4382.77 4357.6 4371.87 4374.84 4366.29 4412.42 4344.62 4389.66 4339.78 4318.19 4275.13 4387.2 4349.28 4345.93 4326.07 4329.71 4258.16 4249.93 4243.04 4295.65 4266.08 4250.74 4238.7 4238.41 4245.17 4234.27 4232.98 4236.91 4246.84 4234.06
-9999 -9999 -9999 -9999 4205.38 4266.71 -9999 -9999 4174.45 4175.42 4212.24 4278.34 4222.16 -9999 -9999 -9999 -9999 -9999 -9999 -9999 -9999 4174.43 4142.65 4148.01 4203.96 4204.31 4190.45 4178.91 4232.89 4354.46 4287.88 4309.02 4400.86 4395.39 4403.12 4400.62 4452.65 4415.82 4385.8 4402.84 4393.74 4354.71 4336.78 4328.71 4324.73 4376.91 4327.28 4377.05 4326.58 4342.42 4324.15 4303.06 4357.96 4373.77 4326.02 4318.52 4273.77 4311.34 4241.65 4216.17 4178 4200.33 4205.91 4209.66 4194.75 4194.71 4205.42 4207.32 4215.05 4200.95 4189.34
-9999 -9999 -9999 -9999 4122.9 4199.94 4253.84 4153.6 4155.05 4149.56 4125.63 4144.87 4203.8 4233 -9999 -9999 -9999 -9999 -9999 -9999 -9999 4148.91 4133.42 4140.37 4136.42 4129.96 4138.02 4121.04 4137.36 4066.8 4141.22 4303.72 4240.58 4293.29 4375.49 4425.72 4289.36 4319.76 4290.37 4302.57 4278.69 4308.32 4310.39 4299.86 4331.07 4305.63 4303.81 4277.25 4257.51 4277.54 4289.99 4287.26 4276.28 4376.54 4236.95 4279.15 4274.76 4194.48 4189.08 4177.16 4175.08 4169.55 4170.87 4169.83 4174.16 4158.18 4160.55 4176.17 4175.05 4157.71 4150.67
-9999 -9999 -9999 -9999 -9999 -9999 4036.78 4125.03 4151.09 4179.67 4103.14 4046.42 4122.27 4182.04 -9999 -9999 -9999 -9999 -9999 -9999 -9999 -9999 4107.62 4106.62 4105.74 4099.07 4094.73 4095.22 4178.12 4244.56 4215.48 4273.67 4066.67 4344.55 4324.17 4345.19 4380.94 4370.65 4294.51 4342.02 4324.65 4303.55 4292.67 4272.95 4245.99 4275.55 4285.57 4311.28 4249.41 4238.48 4207.74 4220.46 4224.67 4277.31 4192.37 4264.2 4188.39 4132.72 4151.88 4218.33 4163.76 4139.47 4133.14 4123.59 4120.66 4118.98 4121.65 4122.54 4131.57 4121.59 4114.89
-9999 -9999 -9999 -9999 -9999 -9999 -9999 4063 4057.8 4043.68 4073.98 4071.29 4128.07 4199.16 4177.79 -9999 -9999 -9999 -9999 -9999 -9999 -9999 -9999 -9999 4068.74 4068.39 4096.18 4158.35 4049.76 3984.87 3929.26 3868.16 4071.98 4160.18 4315.18 4344.98 4342.4 4286.2 4277.42 4317.55 4305.46 4292.3 4260.78 4254.66 4232.26 4210.38 4174.46 4123.51 4168.22 4153.33 4235.04 4187.35 4159.08 4074.21 4156.02 4015.94 4124.67 4161.71 4164.85 4104.32 4189.36 4140.3 4163.75 4095.93 4085.54 4086.78 4079.81 4082.12 4090.59 4084.1 4081.16
-9999 -9999 -9999 -9999 -9999 -9999 -9999 -9999 -9999 -9999 4034.71 4037.98 4044.84 4022.46 4096.25 4106.48 4047.29 -9999 -9999 -9999 -9999 -9999 -9999 -9999 -9999 -9999 4021.16 4000.9 4022.38 3991.71 4057.02 4177.85 4176.19 4130 4104.19 4129.64 4277.89 4318.25 4319.37 4267.7 4310.76 4227.18 4229.9 4225.08 4223.06 4201.43 4153.66 4175.92 4155.95 4178.74 4151.71 4274.03 4267.73 4112.09 4212.2 4164.73 4210.44 4227.12 4215.46 4224.51 4075.74 4110.59 4102.01 4088.11 4063.77 4053.84 -9999 4045.91 4040.15 4050.3 4038.97
-9999 -9999 -9999 -9999 -9999 -9999 -9999 -9999 -9999 -9999 -9999 -9999 3955.53 3951.54 4011.03 4074.08 -9999 -9999 -9999 -9999 -9999 -9999 -9999 -9999 -9999 -9999 -9999 3981.71 4017.3 -9999 4043.48 4061.96 4140.58 4102.41 4238.92 4254.35 4149.96 4300.65 4306.69 4373.78 4229 4192.21 4205.22 4203.99 4164.39 4159.22 4142.54 4116.67 4121.58 4136.39 4152.93 4050.75 3981.34 4132.79 4193.22 4133.39 4179.07 4297.28 4083.57 4007.8 4064.39 4083.36 4040.51 4024.57 4028.13 4022.42 4004.4 3999.97 4002.46 4008.56 4007.86
-9999 -9999 -9999 -9999 -9999 -9999 -9999 -9999 -9999 -9999 -9999 -9999 -9999 -9999 3893.11 3953.57 4036.75 4024.24 -9999 -9999 -9999 -9999 -9999 -9999 -9999 -9999 -9999 3958.75 3942.56 4001.11 3987.78 4046.68 3866.69 4025.83 3972.65 4122.1 4236.26 4238.18 4296.26 4203.35 4123.84 4173.65 4203.41 4184.36 4174.9 4128.75 4126.79 4104.31 4080.29 4059.11 4074.52 4082.58 4111.31 4128.16 4131.82 4212.53 4015.16 3989.76 4079.53 4098.48 4114.51 3991.22 4037.57 4105.3 4058.13 3993.1 3982.36 3976.33 3967.58 3957.46 3962.99
-9999 -9999 -9999 -9999 -9999 -9999 -9999 -9999 -9999 -9999 -9999 -9999 -9999 -9999 3900.98 3888.44 3920.22 3996.3 -9999 -9999 -9999 -9999 -9999 -9999 -9999 -9999 3927.11 3928.22 3928.03 3910.36 3879.08 3784.17 3938.8 3981.02 3895.73 4109.64 4176.05 4165.15 4185.37 4143.33 4157.76 4098.09 4064.2 4144.75 4139.78 4126.55 4144.66 4114.2 4077.8 4042.63 4009.48 4019.47 4014.37 4019.41 3966.44 3980.58 4110.85 4170.12 4034.86 3984.47 3960.98 4007.84 3944.54 3921.06 3983.1 3953.64 3941.57 3942.09 3950.71 3950.54 3940.16
-9999 -9999 -9999 -9999 -9999 -9999 -9999 -9999 -9999 -9999 -9999 -9999 -9999 -9999 -9999 3881.56 3861.77 3889.72 -9999 -9999 -9999 -9999 -9999 -9999 -9999 -9999 -9999 3888.04 3885.6 3881.33 3882.91 3895.06 3879.76 3913.91 3991.13 3988.34 4056.62 3970.24 4069.17 4103.61 4090.53 4198.56 4063.72 3985.57 4096.4 4134.55 4101.22 4141.12 4086.99 4016.25 4018.75 4021.85 4003.77 3998.22 4011.76 3993.76 3960.94 3887.67 4053.71 4091.62 4076.67 4022.66 3949.32 3915.62 3873.01 3906.9 3911.03 3914.09 3921.98 3908.9 3899.29
-9999 -9999 -9999 -9999 -9999 -9999 -9999 -9999 -9999 -9999 -9999 -9999 -9999 -9999 -9999 3852.01 3842.12 3842.16 3894.37 -9999 -9999 -9999 -9999 -9999 -9999 -9999 -9999 -9999 3857.23 3850.1 3849.02 3845.39 3859.14 3768.94 3821.28 3955.11 3957.15 3874.17 4075.7 4081.42 4069.53 4129.5 4017.74 -9999 3953.55 4014.66 3967.04 3960.18 3990.21 4008.47 3968.87 3947.45 3960.13 4061.5 4175.04 4100.57 4071.64 4047.38 4038.7 4108.02 4211.76 4264.81 4149.19 3915.15 3885.54 3879.73 3879.47 3864.83 3847 3867.57 3866.97
-9999 -9999 -9999 -9999 -9999 -9999 -9999 -9999 -9999 -9999 -9999 -9999 -9999 -9999 -9999 3816.97 3821.54 3811.77 3802.53 3861.99 -9999 -9999 -9999 -9999 -9999 -9999 -9999 -9999 -9999 -9999 3813.56 3812.99 3810.29 3816.29 3796.12 3709.57 3700.27 3971.83 3976.89 4053.87 4088.49 3866.58 4072.44 4139.1 4137.32 3910.59 3957.32 3937.8 3883.88 3935.7 4094.94 4067.9 4060.15 3942.68 3798.1 3924.28 4078.41 4184.84 4225.02 4100.66 4018.81 3969.49 3958.47 4018.68 3877.74 3861.92 3846.16 3836.79 3836.54 3831.32 3828.65
-9999 -9999 -9999 -9999 -9999 -9999 -9999 -9999 -9999 -9999 -9999 -9999 -9999 -9999 -9999 3778.74 3778.94 3782.23 3782.85 3813.25 -9999 -9999 -9999 -9999 -9999 -9999 -9999 -9999 -9999 -9999 -9999 3767.08 3750.23 3748.22 3732.83 3636.54 3721.31 3874.46 3773.19 3934.49 4037.26 4095.95 3999.75 3898.19 3926.27 3963.25 3997.85 3978.6 3980.49 3975.14 3812.48 3933.67 3914.92 3936.95 4009.98 3966.95 3910.34 3823.58 3806.62 3920.57 3930.33 3874.49 4050.24 3897.83 3866.05 3819.52 3804.19 3814.55 3806.21 3792.11 3781.27
-9999 -9999 -9999 -9999 -9999 -9999 -9999 -9999 -9999 -9999 -9999 -9999 -9999 -9999 -9999 -9999 3739.67 3739.73 3741.88 3728.72 3728.1 -9999 -9999 -9999 -9999 -9999 -9999 -9999 -9999 -9999 -9999 -9999 3740.2 3731.81 3735.11 3764.69 3711.35 3497.93 3781.04 3748.19 3916.27 3974.38 3940.45 4075.7 3935.9 3970.56 4023.62 3968.33 3995.2 4032.69 3943.57 3868.14 3891.36 3892.35 3924.4 3973.52 3914.81 4074.05 3886.55 3921.96 3889.76 3960.67 3815.62 3959.04 3934.36 3798.44 3789.1 3879.52 3906.65 3820.19 3763.63
-9999 -9999 -9999 -9999 -9999 -9999 -9999 -9999 -9999 -9999 -9999 -9999 -9999 -9999 -9999 -9999 3704.6 3705.08 3700.81 3714.04 -9999 -9999 -9999 -9999 -9999 -9999 -9999 -9999 -9999 -9999 -9999 -9999 -9999 3705.97 3694.4 3675.62 3743.94 3766.99 3804.66 4008.54 3937.9 3955.42 3981.93 3918.66 3940.86 3908.18 3857.38 3909.02 3939.65 3872.26 3937.62 3939.41 3892.15 3920.12 3831.15 3903.92 3921.78 3813.36 3902.07 3887.33 3836.12 3820.66 3865.25 3955.17 3900.08 3797.78 3722.37 3667.86 3684.7 3700.23 3723.76
-9999 -9999 -9999 -9999 -9999 -9999 -9999 -9999 -9999 -9999 -9999 -9999 -9999 -9999 -9999 -9999 -9999 -9999 3656.74 3653.84 3679.9 -9999 -9999 -9999 3671.28 -9999 -9999 -9999 -9999 -9999 -9999 -9999 -9999 -9999 3661.8 3659.96 3662.43 3694.38 3590.96 3625.18 3571.62 3834.26 3912.79 3872.89 3836.39 3815.77 3826.38 3884.58 3920.27 3898.32 3920.58 3849.01 3880.01 3851.69 3866.15 3786.31 3819.08 3829.91 3880.6 3845.84 3839.37 3845.11 3782.24 3742.59 3686.56 3679.18 3688.92 3656.84 3642.72 3659.22 3665.65
-9999 -9999 -9999 -9999 -9999 -9999 -9999 -9999 -9999 -9999 -9999 -9999 -9999 -9999 -9999 -9999 -9999 -9999 -9999 -9999 3594.7 3658.18 3670.92 3691.4 -9999 -9999 -9999 -9999 -9999 -9999 -9999 -9999 -9999 -9999 -9999 3619.23 3573.9 3537.49 3533.22 3618.58 3686.73 3715.93 3811.01 3862.16 3833.44 3812.74 3803.19 3768.13 3803.74 3857.74 3801.49 3811.43 3840.09 3910.05 3813.49 3835.32 3821.81 3879.24 3823.76 3758.67 3800.94 3784.97 3845.48 3779.36 3955.84 4040.48 3732.78 3647.62 3630.92 3659.55 3629.73
-9999 -9999 -9999 -9999 -9999 -9999 -9999 -9999 -9999 -9999 -9999 -9999 -9999 -9999 -9999 -9999 -9999 -9999 -9999 -9999 -9999 3566.38 3600.82 3709.6 3683.24 -9999 -9999 -9999 -9999 -9999 -9999 -9999 -9999 -9999 -9999 -9999 -9999 3630.01 3584.31 3413.22 3779.8 3869.15 3797.44 3809.31 3848.39 3882.27 3719.07 3793.54 3845.22 3822.21 3802.98 3787.84 3785.73 3706.56 3800.46 3807.95 3828.62 3818.08 3773.41 3762.59 3906.22 3702.71 3730.63 3707.46 3766.98 3610.97 3712.34 3643.51 3612.41 3650.21 3621.59
-9999 -9999 -9999 -9999 -9999 -9999 -9999 -9999 -9999 -9999 -9999 -9999 -9999 -9999 -9999 -9999 -9999 -9999 -9999 -9999 -9999 -9999 -9999 3568.77 3635.52 3625.21 -9999 -9999 -9999 -9999 -9999 -9999 -9999 -9999 -9999 -9999 -9999 3499.15 3522.01 3552.99 3422.9 3470.7 3627.45 3629.45 3806.68 3692.94 3811.88 3831.49 3750.26 3778.28 3799.38 3786.76 3748.09 3764.25 3736.86 3714.08 3703.78 3695.81 3812.03 3760.03 3578.23 3726.24 3674.85 3724.58 3560.85 3594.75 3549.42 3639.79 3600.46 3652.87 3634.32
-9999 -9999 -9999 -9999 -9999 -9999 -9999 -9999 -9999 -9999 -9999 -9999 -9999 -9999 -9999 -9999 -9999 -9999 -9999 -9999 -9999 -9999 -9999 3515.49 3510.15 3501.9 -9999 -9999 -9999 -9999 -9999 -9999 -9999 -9999 -9999 -9999 -9999 -9999 3490.5 3473.53 3383.55 3384.49 3386.32 3687.47 3468.77 3492.55 3714.43 3654.98 3660.3 3716.51 3657.37 3676.64 3709.27 3699.7 3682.07 3701.67 3711.62 3701.26 3673.14 3719.08 3705.51 3543.72 3615.98 3618.13 3533.68 3635.12 3761.11 3484.8 3515.12 3567.74 3640.72
-9999 -9999 -9999 -9999 -9999 -9999 -9999 -9999 -9999 -9999 -9999 -9999 -9999 -9999 -9999 -9999 -9999 -9999 -9999 -9999 -9999 -9999 -9999 3383.13 3386.48 -9999 -9999 -9999 -9999 -9999 -9999 -9999 -9999 -9999 -9999 -9999 -9999 -9999 -9999 3444.02 3451.16 3438.8 3362.54 3331.03 3638.73 3769.87 3681.91 3503.02 3695.96 3678.3 3699.47 3714.48 3696.17 3693.69 3676.36 3670.62 3684.33 3643.78 3628.32 3563.49 3601.83 3611.74 3556.08 3473.8 3493.09 3416.59 3303.02 3433.62 3459.11 3386.64 3373.48
-9999 -9999 -9999 -9999 -9999 -9999 -9999 -9999 -9999 -9999 -9999 -9999 -9999 -9999 -9999 -9999 -9999 -9999 -9999 -9999 -9999 -9999 -9999 -9999 -9999 -9999 -9999 -9999 -9999 -9999 -9999 -9999 -9999 -9999 -9999 -9999 -9999 -9999 -9999 -9999 3394.4 3376.57 3382.28 3577.33 3433.65 3364.54 3544.48 3452.23 3532.51 3530.08 3652.05 3613.66 3613.81 3661.2 3639.77 3625.84 3616.16 3621.58 3591.29 3585.15 3533.08 3623.16 3628.65 3518.48 3491.68 3497 3438.05 3456.37 3435.5 3421.44 3416.95
-9999 -9999 -9999 -9999 -9999 -9999 -9999 -9999 -9999 -9999 -9999 -9999 -9999 -9999 -9999 -9999 -9999 -9999 -9999 -9999 -9999 -9999 -9999 -9999 -9999 -9999 -9999 -9999 -9999 -9999 -9999 -9999 -9999 -9999 -9999 -9999 -9999 -9999 -9999 -9999 -9999 3374.86 3365.27 3276.48 3546.33 3395.46 3479.9 3585.3 3479.22 3572.04 3522.37 3522.73 3565.43 3640.42 3555.06 3586.24 3601.01 3621.68 3610.07 3578.72 3606.95 3523.52 3399.9 3515.96 3510.1 3528.16 3448.61 3458.9 3407.14 3397.75 3389.61
-9999 -9999 -9999 -9999 -9999 -9999 -9999 -9999 -9999 -9999 -9999 -9999 -9999 -9999 -9999 -9999 -9999 -9999 -9999 -9999 -9999 -9999 -9999 -9999 -9999 -9999 -9999 -9999 -9999 -9999 -9999 -9999 -9999 -9999 -9999 -9999 -9999 -9999 -9999 -9999 -9999 3360.5 3336.79 3306.67 3331.27 3460.98 3362.7 3469.7 3540.79 3438.63 3468.83 3521.99 3513.39 3532.54 3514.75 3530.91 3563.45 3548.32 3552.54 3568.65 3549.08 3493.85 3473.7 3420.72 3446.15 3459.9 3395.41 3350.4 3371.9 3366.36 3365.84
-9999 -9999 -9999 -9999 -9999 -9999 -9999 -9999 -9999 -9999 -9999 -9999 -9999 -9999 -9999 -9999 -9999 -9999 -9999 -9999 -9999 -9999 -9999 -9999 -9999 -9999 -9999 -9999 -9999 -9999 -9999 -9999 -9999 -9999 -9999 -9999 -9999 -9999 -9999 -9999 -9999 3320.67 3318.22 3280.45 3242.23 3247.49 3278.19 3379.06 3421.49 3475.31 3449.95 3521.52 3424.2 3431.9 3470.98 3472.72 3491.57 3499 3497.97 3545.85 3467.63 3556.56 3573.88 3407.63 3421.49 3362.13 3327.1 3309.37 3309.27 3322.35 3324.88
-9999 -9999 -9999 -9999 -9999 -9999 -9999 -9999 -9999 -9999 -9999 -9999 -9999 -9999 -9999 -9999 -9999 -9999 -9999 -9999 -9999 -9999 -9999 -9999 -9999 -9999 -9999 -9999 -9999 -9999 -9999 -9999 -9999 -9999 -9999 -9999 -9999 -9999 -9999 -9999 -9999 -9999 3278.26 3296.15 3291.32 3306.16 3479.44 3432.68 3254.86 3518.86 3448.48 3326.05 3451.65 3391.76 3433.64 3434.8 3473.31 3468.08 3495.44 3370.53 3434.87 3372.22 3361.95 3470.22 3341.35 3271.72 3303.58 3323.27 3303.68 3287.64 3292.35
-9999 -9999 -9999 -9999 -9999 -9999 -9999 -9999 -9999 -9999 -9999 -9999 -9999 -9999 -9999 -9999 -9999 -9999 -9999 -9999 -9999 -9999 -9999 -9999 -9999 -9999 -9999 -9999 -9999 -9999 -9999 -9999 -9999 -9999 -9999 -9999 -9999 3238.06 -9999 -9999 -9999 -9999 3250.24 3452.27 3435.98 3295.58 3253.43 3336.63 3376.63 3369.12 3487.95 3347.63 3410 3354.51 3373.21 3408.35 3358.06 3471.45 3431.83 3478.88 3444.03 3496.2 3407.36 3356.09 3399.41 3304.22 3472.19 3519.24 3249.74 3270.15 3258.14
-9999 -9999 -9999 -9999 -9999 -9999 -9999 -9999 -9999 -9999 -9999 -9999 -9999 -9999 -9999 -9999 -9999 -9999 -9999 -9999 -9999 -9999 -9999 -9999 -9999 -9999 -9999 -9999 -9999 -9999 -9999 -9999 -9999 -9999 -9999 -9999 -9999 -9999 -9999 -9999 -9999 -9999 -9999 3114.15 3301.81 3399.33 3282.44 3177.8 3295.41 3266.45 3145.1 3392.31 3276.37 3346.69 3343.39 3324.72 3317.35 3332.67 3410.04 3323.51 3336.55 3358.35 3415.47 3432.34 3528.41 3430.45 3269.38 3132.31 3308.62 3231.13 3217.77
-9999 -9999 -9999 -9999 -9999 -9999 -9999 -9999 -9999 -9999 -9999 -9999 -9999 -9999 -9999 -9999 -9999 -9999 -9999 -9999 -9999 -9999 -9999 -9999 -9999 -9999 -9999 -9999 -9999 -9999 -9999 -9999 -9999 -9999 -9999 -9999 -9999 -9999 -9999 -9999 -9999 -9999 -9999 3160.92 3161.66 3117.06 3357.51 3343.23 3167.18 3202.07 3306.86 3282.83 3326.4 3368.24 3404.68 3338.52 3274.42 3206.53 3188.88 3324.98 3312.1 3347.96 3457.22 3379.99 3160.33 3384.25 3360 3397.33 3373.11 3384.37 3238.21
