resultados/variables_norteamerica/sun_rad_average.asc
ncols 469
nrows 225
xllcorner -169.133333
yllcorner 20.675000
cellsize 0.249840
NODATA_value -9999
[rows 0 to 31 of 225, columns 284 to 354 of 469]
-9999 -9999 -9999 -9999 -9999 -9999 2217.59 2222.93 2236.07 2247.44 2246 2231.95 2234.45 2221.84 2209.01 2211.37 2214.06 2215.45 -9999 -9999 -9999 -9999 -9999 -9999 -9999 -9999 -9999 -9999 -9999 -9999 -9999 -9999 -9999 -9999 -9999 2209.98 2213.19 2213.06 2223.58 2235.87 2244.6 2262.52 2252.17 2249.22 2263.73 2284.77 2296.31 2321.9 2369.1 2359.64 2327.26 2342.85 2343.84 2354.81 2319.16 2292.65 2292.99 2302.56 2308.39 2276.04 2253.5 2252.7 2259.43 2269.25 2265.8 2246.62 2256.51 2248.63 2287.64 2307.18 2277.86
-9999 -9999 -9999 -9999 -9999 -9999 -9999 -9999 -9999 -9999 2238.89 2250.71 2258.03 2256.75 2262.28 2252.77 2248.02 2241.48 2244.26 2231.28 2223.18 2220.85 2221.71 2213.52 2215.9 2235.12 2235.05 2239.56 2239.96 2235.57 -9999 -9999 2270.09 2247.37 -9999 2251.89 2266.26 2257.35 2229.31 -9999 2295.2 2250.22 -9999 2285.49 2283.78 2277.11 2282 -9999 2319.75 2326.99 2307.46 2282.1 -9999 -9999 2285.22 2269.72 2264.52 2281.9 2237.98 2244.93 2277.1 2280.42 2273.78 2248.81 -9999 2297.04 2300.3 2305.75 2300.42 2324.98 2312.78
2237.99 2227.68 -9999 -9999 -9999 -9999 -9999 -9999 -9999 -9999 -9999 2239.83 2242.08 2250.31 2258.15 2257.92 2259.11 2253.73 2237.01 2241.96 2247.7 2248.78 2243.91 2256.95 2275.29 2261.18 2253.06 2245.73 2242.62 2242.36 2239.5 2238.73 -9999 -9999 -9999 -9999 -9999 -9999 -9999 -9999 -9999 -9999 -9999 -9999 -9999 2249.38 -9999 -9999 2263.88 2256.67 2283.07 2283.08 2261.18 2237.23 -9999 -9999 -9999 -9999 -9999 -9999 -9999 -9999 -9999 -9999 -9999 -9999 -9999 -9999 -9999 -9999 2310.52
2253.38 2252.47 -9999 -9999 -9999 -9999 -9999 -9999 -9999 -9999 -9999 -9999 -9999 -9999 -9999 -9999 -9999 -9999 -9999 -9999 -9999 -9999 2260.35 2260.04 2261.95 2271.34 2272.03 2256.81 2254.37 2253.77 2251.78 2259.02 -9999 -9999 -9999 -9999 -9999 -9999 -9999 -9999 -9999 -9999 -9999 -9999 -9999 -9999 -9999 -9999 -9999 -9999 -9999 -9999 -9999 -9999 -9999 -9999 -9999 -9999 -9999 -9999 -9999 -9999 -9999 -9999 -9999 -9999 -9999 -9999 -9999 -9999 -9999
2267.6 2255.75 -9999 -9999 -9999 -9999 -9999 -9999 -9999 -9999 -9999 -9999 -9999 -9999 2256.25 -9999 -9999 -9999 -9999 -9999 -9999 -9999 -9999 -9999 2254.13 2264.78 2273.96 2268.14 2261.72 2262.16 2260.14 2265.36 2260.35 2246.97 -9999 -9999 -9999 -9999 -9999 -9999 -9999 -9999 -9999 -9999 -9999 -9999 -9999 -9999 -9999 -9999 -9999 -9999 -9999 -9999 -9999 -9999 -9999 -9999 -9999 -9999 -9999 -9999 -9999 -9999 -9999 -9999 -9999 -9999 -9999 -9999 -9999
2264.98 -9999 2269.13 -9999 -9999 -9999 2260.64 -9999 2260.97 -9999 2258.75 2258.03 2261.84 2258.53 2258.37 2259.07 -9999 -9999 -9999 -9999 -9999 -9999 -9999 -9999 2259.67 2268.68 2274.29 2277.45 2274.68 2283.11 2287.39 2277.04 2277.24 2271.61 2277.46 2267.76 -9999 -9999 2262.42 2253.61 -9999 2251.21 -9999 2252.84 -9999 -9999 -9999 -9999 -9999 -9999 2254.39 2241.86 2277.88 2293.66 2272.59 2261.74 2282.49 2303.74 2315.34 2290.71 2310.54 2350.07 2352.15 2354.43 2365.42 2341.48 2305.05 2286.72 2279.18 2271.84 2306.38
2272.98 -9999 -9999 -9999 -9999 -9999 -9999 -9999 -9999 -9999 2273.67 2278.58 2281.59 2283.12 2283.89 2280.21 2274.13 2275.01 -9999 -9999 -9999 -9999 -9999 -9999 2287.28 2287.52 2281.02 2286.33 2296.76 2296.15 2304.65 2299.58 2294.72 2298.82 2290.3 2294.91 2287.63 2274.16 2278.91 2289.3 2295.72 2297.9 2285.87 2302.94 2303.25 2297.91 -9999 -9999 2278.89 2277.73 2283.06 2299.8 2298.9 2303.95 2341.45 2384.96 2408.92 2425.88 2438.09 2453.4 2462.23 2472.2 2480.46 2477.94 2484.34 2453.3 2404.06 2415.73 2384.71 2373.24 2335.5
2287.78 -9999 -9999 -9999 -9999 -9999 2282.51 2291.6 2291.43 2302.28 2292.99 2295.51 2297.34 2298.75 2297.28 2295.27 2298.37 2291.74 2283.96 -9999 -9999 -9999 -9999 -9999 2296.72 2297.03 2300.71 2297.32 2307.58 2314.4 2317.34 2321.77 2320.91 2316.13 2314.67 2314.62 2315.92 2316.6 2318.7 2315.41 2314.78 2324.1 2315.12 2316.08 2315.07 2316.98 2318.13 2310.08 2307.28 2337.16 2357.47 2354.76 2348.05 2350.77 2380.66 2408.85 -9999 2437.88 2447.18 2453.98 2461.43 2466.19 2465.87 2463.97 2455.87 2443.24 2437.77 2427.29 2430.07 2407.84 2373.42
-9999 -9999 -9999 -9999 -9999 -9999 -9999 -9999 -9999 -9999 2292.48 2298.17 2301.01 2307.83 2309.66 2312.88 2310.27 2317.19 2314.99 -9999 -9999 -9999 -9999 -9999 -9999 2302 2317.04 2330.73 2318.72 2318.03 2309.36 2318.83 2324.93 2326.11 2335.73 2326.5 2332.82 2317.7 -9999 2311.18 2334.54 2328.43 2331.77 2334.57 2355.86 2366.72 2360.37 2355.89 2352.92 2361.1 2364.08 2357.51 2377.6 2381.49 2341.36 2321.44 2324.92 2319.54 -9999 -9999 2365.96 2376.72 2411.89 2441.04 2443.83 2408.44 2383.43 2354.95 2321.42 2324.44 2294.8
-9999 -9999 2303.77 2307.02 -9999 -9999 -9999 -9999 -9999 -9999 2316.2 2305.41 -9999 -9999 -9999 -9999 -9999 -9999 -9999 -9999 -9999 -9999 -9999 -9999 -9999 -9999 -9999 -9999 -9999 -9999 -9999 -9999 -9999 -9999 -9999 -9999 -9999 -9999 2314.2 2337.81 2345.24 2350.95 2374.73 -9999 2358.42 2342.59 2371.3 2370.19 2347.46 2373.83 2327.88 -9999 -9999 2345.41 2372.28 2370.95 -9999 -9999 -9999 -9999 -9999 -9999 2342.12 -9999 2417.38 2443.66 2395.93 -9999 -9999 -9999 -9999
-9999 -9999 -9999 -9999 -9999 -9999 -9999 -9999 -9999 -9999 -9999 -9999 -9999 -9999 -9999 -9999 -9999 -9999 -9999 -9999 -9999 -9999 -9999 -9999 -9999 -9999 -9999 -9999 -9999 -9999 -9999 -9999 -9999 -9999 -9999 -9999 -9999 -9999 -9999 -9999 -9999 -9999 -9999 -9999 -9999 -9999 -9999 -9999 -9999 -9999 -9999 -9999 -9999 -9999 -9999 -9999 -9999 -9999 -9999 -9999 -9999 -9999 -9999 -9999 -9999 -9999 -9999 -9999 -9999 -9999 -9999
2330.56 2334.3 -9999 -9999 -9999 -9999 -9999 -9999 -9999 -9999 -9999 -9999 -9999 -9999 2318.86 2326.23 2340.91 2320.73 2345.51 2350.11 2333.05 2328.57 2324.64 -9999 -9999 -9999 -9999 -9999 -9999 -9999 -9999 -9999 2327.62 -9999 -9999 -9999 -9999 -9999 -9999 -9999 -9999 -9999 -9999 -9999 -9999 -9999 -9999 -9999 -9999 -9999 -9999 -9999 -9999 -9999 -9999 -9999 -9999 -9999 -9999 -9999 -9999 -9999 -9999 -9999 -9999 -9999 -9999 -9999 -9999 -9999 -9999
-9999 -9999 2334.02 -9999 -9999 -9999 -9999 -9999 -9999 -9999 -9999 -9999 2355.82 2359.2 2358.33 2359.72 2356.2 2353.09 2350.05 2348.72 2348.58 2350.79 2347.06 2336.83 2344.66 2353.99 2357.62 2361.85 2358.34 2336.63 2339.5 2327.51 -9999 -9999 -9999 -9999 -9999 -9999 -9999 -9999 -9999 -9999 -9999 -9999 -9999 -9999 -9999 -9999 -9999 -9999 -9999 -9999 -9999 -9999 -9999 -9999 -9999 -9999 -9999 -9999 -9999 -9999 -9999 -9999 -9999 -9999 -9999 -9999 -9999 -9999 -9999
2361.78 2363.38 -9999 -9999 -9999 -9999 -9999 -9999 -9999 -9999 2339.99 2349.76 2361.04 2350.11 2354.88 2363.94 2378.85 2383.58 2380.45 2379.09 2375.77 2374.96 2381.7 2382.35 2387.29 2391.36 2376.4 2371.76 2379.59 -9999 -9999 -9999 -9999 -9999 -9999 -9999 -9999 -9999 -9999 -9999 2358.16 2366 2380.3 2381.7 2364.93 2378.69 2380.94 2381.36 2377.21 2379.57 2392.26 -9999 -9999 -9999 -9999 -9999 -9999 -9999 2320.76 2336.09 2339.69 2339.28 2355.88 2361.12 2355.12 2352.06 2348.46 2327.92 -9999 -9999 2397.21
2372.01 2358.05 2361.84 2372.91 -9999 -9999 -9999 -9999 -9999 -9999 2374.27 2389.43 2394.47 2398.56 2396.53 2392.71 2384.5 2390.66 2396.81 2396.81 2395.39 2395.54 2395.6 2398.85 2396.47 2395 2397.17 2400.37 -9999 -9999 -9999 -9999 -9999 -9999 -9999 -9999 -9999 -9999 2363.58 2379.93 2391.52 2394.08 2393.7 2395.74 2396.14 2395.12 2394.75 2389.64 2422.83 -9999 -9999 -9999 -9999 2364.36 2349.19 2372.83 2406.88 2396.26 2400.7 2436.73 2470.67 2430.46 2408.68 2415.48 2409.49 2390.6 2358.19 2348.64 -9999 -9999 2392.32
-9999 -9999 -9999 -9999 2377.25 2386.08 -9999 -9999 -9999 -9999 2382.95 2392.43 2414.06 2418.96 2421.42 2404.03 2409.4 2411.83 2403.41 2404.29 2410.54 2410.11 2403.63 2401.97 2401.28 2390.44 -9999 -9999 -9999 -9999 -9999 -9999 -9999 -9999 -9999 -9999 2382.69 2388.47 2400.66 2404.87 2409.97 2410.58 2407.48 2407.4 2406.82 2406.19 2407.44 2417.71 -9999 -9999 -9999 2361.85 2399.48 2395.17 2393.48 2390.68 -9999 -9999 2422.6 2414.14 2423.17 2457.77 2449.06 2461.36 2463.13 2488.67 2478.35 2475.09 2472.74 2451.69 -9999
2388.45 2389.81 2386.83 -9999 -9999 -9999 -9999 -9999 -9999 -9999 2397.05 2414.36 -9999 -9999 2430.8 2411.45 2403.63 2401.13 2397.29 2392.53 2396.81 2399.42 2398.27 2399.84 2401.69 2412.63 -9999 -9999 -9999 -9999 -9999 -9999 -9999 -9999 -9999 -9999 2398.95 2410.93 2421.59 2418.83 2414.65 2415.54 2418.76 2408.19 2411.73 2419.98 -9999 -9999 -9999 -9999 2398.46 2414.83 2376.74 2403.77 -9999 2395.38 2400.04 2442.36 2432.04 2451.15 2456.44 2466.96 2448.07 2436.96 2418.08 2409.05 2408.02 2416.17 2397.41 2405.83 -9999
2394.73 2393.63 2393.18 2388.42 2394.37 2413.54 2420.88 -9999 -9999 -9999 -9999 -9999 2409.88 2396.09 2407.53 2406.27 2406.35 2408.21 2394.58 -9999 -9999 -9999 -9999 -9999 -9999 -9999 -9999 -9999 -9999 -9999 -9999 -9999 -9999 -9999 2398.98 2415.57 2416.54 2422.43 2414.44 2412.87 2415.66 2412.71 2409.77 2419.64 2415.64 2403.78 2388.17 -9999 -9999 -9999 2435.67 2440.37 2466.01 2482.36 2449.48 2453.96 2451.63 2419.8 2429.19 2453.88 2458.37 2472.27 2474.55 2467.04 2464.94 2467.88 2471.14 2447.14 2439.45 2443.54 -9999
2410.84 2416.4 2416.12 2419.85 2410.54 2415.86 2421.8 -9999 -9999 -9999 -9999 -9999 2426.97 2447.01 2440.62 2432.86 2428.16 2424.77 -9999 -9999 -9999 -9999 -9999 -9999 -9999 -9999 -9999 -9999 -9999 -9999 -9999 -9999 -9999 2411.59 2421.33 2416.17 2415.42 2422.15 2424.78 2422.26 2424.93 2425.12 2427.11 2433.72 2438.34 2432.23 2429.12 2417.66 -9999 -9999 -9999 -9999 -9999 -9999 -9999 2463.95 2445.19 2454.44 2450.32 2467.11 2475.16 2462.54 2460.57 2490.96 2473.66 2454.43 2431.81 2455.24 -9999 2408.33 -9999
2421.24 2436.8 2438.32 2433.82 2428.13 2432.1 -9999 -9999 -9999 -9999 -9999 -9999 2436.55 2444.25 2459.05 2453.85 -9999 -9999 -9999 -9999 -9999 -9999 -9999 -9999 -9999 -9999 -9999 -9999 -9999 -9999 -9999 -9999 -9999 2419.6 2426.27 2435.16 2437.15 2435.38 2441.67 2442.63 2438.03 2436.83 2438.3 2442.19 2445.8 2438.49 2423.54 -9999 -9999 -9999 2407.86 2429.75 2432.1 2429.85 2429.17 2430.51 2457.84 2452.45 2448.43 2436.57 2449.32 2462.3 2468.2 2448.61 2437.69 2432.05 2436.9 2439.85 2445.74 2440.48 -9999
2437.66 2444.29 2447.34 2443.12 2437.52 2436.5 2431.95 -9999 -9999 -9999 -9999 -9999 2438.37 2442.35 2432.88 -9999 -9999 -9999 -9999 -9999 -9999 -9999 -9999 -9999 -9999 -9999 -9999 -9999 -9999 -9999 -9999 -9999 -9999 2448.65 2457.6 2451.62 2448.17 2454.19 2455.36 2454.49 2457.44 2454.83 2453.54 2457.66 2459.15 2460.86 2452.2 2442.8 -9999 -9999 -9999 2447.64 2452.67 2454.75 2451.69 2440.17 2437.82 2458.38 2460.19 2481.05 2471.06 2467.93 2453.29 2461.5 2458.6 2466.32 2439.24 2441.32 2440.65 2439.79 2478.3
-9999 -9999 -9999 -9999 -9999 -9999 -9999 -9999 -9999 -9999 2462.38 2458.81 2461.8 2458.47 2453.5 2442.63 -9999 2443.56 2444.09 -9999 -9999 -9999 -9999 -9999 -9999 -9999 -9999 -9999 -9999 -9999 -9999 -9999 -9999 2450.26 2455.12 2467.17 2473.31 2473.46 2474.53 2478.19 2478.17 2475.55 2474.47 2474.08 2470.99 2471.73 2468.2 2462.34 2454.72 2454.67 -9999 -9999 -9999 -9999 -9999 2442.26 2456.42 2469.67 2474.18 2454.53 2460.42 2467.79 2481.14 2485.39 2480.93 2467.39 2470.02 2471.68 2471.06 2472.2 2475.27
-9999 -9999 -9999 -9999 -9999 -9999 -9999 -9999 2455.99 2450.62 -9999 2475.34 2483.72 2489.94 2486.2 2473.39 -9999 2464.16 2456.25 2456.64 -9999 -9999 -9999 -9999 -9999 -9999 -9999 -9999 -9999 -9999 -9999 -9999 -9999 -9999 2472.85 2481.23 2485.26 2486.36 2485.52 -9999 2477.31 2471.69 2470.53 2476.78 2480.89 2480.49 2482.84 2481.32 2478.63 2479.82 2465.45 2461.38 2456.01 -9999 2461.66 2472.56 2468.76 2466.13 2470.76 2487.53 2491.32 2485.35 2479.02 2486.07 2491.01 2497.11 2500.71 2497.02 2501.14 2502.29 2502.33
-9999 -9999 -9999 -9999 -9999 -9999 -9999 -9999 2500.59 2495.3 2458.61 2484.85 2502.97 2509.19 2507.66 2510.88 2510.81 2489.33 2483.48 2471.33 2472.5 -9999 -9999 -9999 -9999 -9999 -9999 -9999 -9999 -9999 -9999 -9999 -9999 -9999 -9999 2472.59 -9999 -9999 -9999 -9999 -9999 -9999 -9999 -9999 2480.82 2480.26 2482.2 -9999 -9999 2475.99 2471.71 2470.48 2473.73 -9999 2476.22 2484.51 2481.85 2478.48 2479.42 2476.68 2477.97 2481.53 2484.04 2485.81 2488.02 2492.71 2494.73 2494.16 2494.13 2492.39 2495.78
-9999 -9999 -9999 -9999 -9999 -9999 -9999 2506.3 2515.55 2519.08 2532.64 2492.1 2526.98 2526.49 2530.62 2537.46 2534.49 2529.77 2505.03 2496.54 2482.01 -9999 -9999 -9999 -9999 -9999 -9999 -9999 -9999 -9999 -9999 -9999 -9999 -9999 -9999 -9999 2489.71 2493.79 2492.87 2488.15 2487.99 2488.84 2487.76 2489.63 2489.83 2497.89 2497.41 2497.22 2494.95 2490.05 2493.48 2496.91 2481.42 2481.79 2502 2507.04 2511.27 2511.34 2508.8 2502.4 2494.71 2490.12 2490.23 2498.96 2500.37 2496.86 2495.36 2496.83 2497.03 2493.43 2496.53
-9999 -9999 -9999 -9999 -9999 -9999 -9999 -9999 2499.46 2504.19 2524.22 2541.27 2547.58 2550.42 2558.8 2550.44 2554.66 2555.86 2546.11 2543.4 2531 2513.29 2503.22 2491.44 -9999 -9999 -9999 -9999 -9999 -9999 -9999 -9999 -9999 -9999 -9999 -9999 -9999 -9999 2511.61 2514.17 2516.68 2521.18 2522.38 2518.83 2518.63 2517.15 2508.49 2520.25 2520.14 2517.73 2514.54 2506.85 2512.62 2513.79 2500.59 2499.62 2502.78 2506.64 2515.55 2519.23 2529.66 2531.79 2528.97 2521.64 2517.41 2516.05 2514.21 2510.75 2514.72 2509.96 2507.42
-9999 -9999 -9999 -9999 -9999 -9999 -9999 2515.09 2526.52 2534.05 2523.82 2543.74 2554.44 2569 2557.75 2559.35 2564.23 2584.01 2577.5 2559.11 2545.51 2535.69 2531.44 2541.53 -9999 -9999 -9999 -9999 -9999 -9999 -9999 -9999 -9999 -9999 -9999 -9999 -9999 -9999 -9999 -9999 2516.98 2522.47 2526.09 2523.33 -9999 -9999 -9999 2525.22 2544.8 2562.12 2552.69 2555.94 2557.73 2545 2530.92 2527.39 2533.26 2525.45 2521.13 2532.93 2523.23 2532.09 2545.51 2531.96 2525.78 2529.26 2526.27 2527.32 2526.4 2529.42 2529.66
-9999 -9999 -9999 -9999 -9999 -9999 -9999 -9999 2545.02 2547.8 2551.52 2552.11 2555.56 2556.06 2569.5 2568 2569.56 2562.22 2558.29 2558.94 2570.1 2562.86 2538.36 2524.12 2544.9 -9999 -9999 -9999 -9999 -9999 -9999 -9999 -9999 -9999 -9999 -9999 -9999 -9999 -9999 -9999 -9999 -9999 -9999 -9999 2529.95 2531.24 2530.31 -9999 -9999 2564.59 2582.63 -9999 -9999 -9999 2567.9 2578.66 2578.91 2585.85 2581.17 2571.71 2566.19 -9999 2548.93 2548.85 2543.89 2535.47 2534.68 -9999 -9999 -9999 -9999
-9999 -9999 -9999 -9999 -9999 -9999 -9999 -9999 2540.08 2545.02 2557.18 2560.78 2559.71 2561.6 2565.01 2562.35 2558.71 2550.3 2547.96 2547.48 2543.23 2545.99 2563.89 2562.17 -9999 -9999 -9999 -9999 -9999 -9999 -9999 -9999 -9999 -9999 -9999 -9999 -9999 -9999 -9999 -9999 -9999 -9999 -9999 -9999 -9999 -9999 -9999 -9999 -9999 -9999 -9999 -9999 -9999 -9999 -9999 -9999 -9999 -9999 -9999 -9999 -9999 -9999 2559.06 2561.04 -9999 2550.23 -9999 -9999 2541.6 -9999 -9999
2563.84 2563.76 2558 2555.62 2553.43 -9999 2557.35 2554.63 -9999 2555.37 2556.06 -9999 -9999 -9999 -9999 2578.57 2567.31 2562.77 -9999 2561.28 -9999 -9999 2571.53 2562.45 2547.38 -9999 2560.47 -9999 -9999 -9999 -9999 -9999 -9999 -9999 -9999 -9999 -9999 -9999 -9999 -9999 -9999 -9999 -9999 -9999 -9999 -9999 -9999 -9999 -9999 -9999 -9999 2579.02 2594.32 2589.05 2587.67 2587.79 2580.08 2571.2 2560.99 2565.63 -9999 2566.48 2555.68 -9999 -9999 -9999 -9999 -9999 -9999 -9999 -9999
2569.28 2572.08 2573.14 2573.67 2575.5 2571.86 2570.91 -9999 -9999 2569.31 2569.56 -9999 -9999 -9999 -9999 -9999 -9999 -9999 2566.59 -9999 -9999 -9999 2583.11 2578.69 2583.87 2583.24 2574.37 2575.51 2569.07 2580.59 -9999 2566.73 -9999 -9999 -9999 -9999 -9999 -9999 -9999 -9999 -9999 -9999 -9999 -9999 -9999 -9999 -9999 -9999 -9999 -9999 -9999 2582.13 2598.59 2609.32 2612.75 2607.85 2607.76 2601.39 2598.81 2588.64 2571.35 2574.3 2575.6 -9999 -9999 -9999 -9999 -9999 -9999 -9999 -9999
2589.32 2591.03 2591.66 2594.09 2595.09 2593.98 2590.67 2586.35 2584.92 -9999 -9999 -9999 -9999 -9999 -9999 -9999 2585.98 -9999 2590.97 2586.66 2588.41 2587.67 2592.79 2592.62 2595.34 2599.51 2607.75 2614.83 2602.98 2594.11 -9999 -9999 -9999 -9999 2581.93 2589.52 2590.87 2583.08 -9999 -9999 -9999 -9999 -9999 -9999 -9999 -9999 -9999 -9999 -9999 -9999 -9999 -9999 -9999 -9999 2616.86 2618.89 2624.13 2619.34 2616.91 2604.97 2597.92 2593.85 2590.6 2588.36 2591.36 2594.61 2590.98 -9999 -9999 -9999 -9999
