resultados/variables_norteamerica/sun_rad_maximum.asc
ncols 469
nrows 225
xllcorner -169.133333
yllcorner 20.675000
cellsize 0.249840
NODATA_value -9999
[rows 96 to 127 of 225, columns 355 to 425 of 469]
-9999 -9999 -9999 -9999 -9999 -9999 -9999 7318.86 7330.57 7340.85 7353.77 7356.98 7367.52 7374.49 7373.19 7372.68 7378.29 7377.84 7383.84 7390.23 7402.28 7407.34 7413.98 7414.86 7421.58 7431.5 7423.34 -9999 7435.7 7438.14 7448.38 7448.34 7454.8 7465.62 7471.02 7474.94 7469.02 7470.26 7468.46 -9999 7474.4 7492.47 7491.19 7496.43 7498.82 7499.54 7505.75 7500.53 7495.33 7492.28 7497.43 7487.24 7499.4 7487.17 7474.49 7475.5 7467.46 7471.32 7473.76 7471.04 7460.39 7465.43 7463.37 7453.62 7465.11 7476.19 7485.3 7497.89 7474.31 7449.98 7449.93
-9999 -9999 -9999 -9999 -9999 -9999 -9999 7326.95 7335.59 7347 7359.04 7370.4 7380.05 7380.59 7382.8 7380.82 7382.31 7383.99 7396.38 7403.11 7410.83 7422.86 7428.28 7428.67 7438.73 7441.15 7439.16 7440.62 7447.6 -9999 7461.06 7458.61 7449.42 7453.78 7461.28 7470.46 7476.93 7479.76 7475.91 7474.77 7481.24 7489.66 7483.89 7489.68 7512.6 7505.56 7507.99 7508.07 7504.33 7508.16 7504.51 7506.74 7495.97 7494.82 7488.96 7475.64 7474.75 7473.7 7475.58 7473.79 7471.96 7469.27 7468.49 7462.59 -9999 7486.13 7490.87 7492.35 7479.99 7470.61 7455.24
-9999 -9999 -9999 -9999 -9999 -9999 -9999 -9999 7340.8 7353.38 7367.86 7375.91 7380.52 7383.19 7391.69 -9999 -9999 7406.63 7410.56 7418.18 7414.92 7419.87 7424.09 7430.34 7434.59 7435.22 7444.84 7453.73 7449.88 7457.98 7458.86 7460.27 7468.29 7464.47 7473.15 7478.44 7498.2 7514.61 7536.26 7560.24 7537.26 7511.74 7496.07 7499.96 7509.21 7512.25 7535.6 7509.32 7525.07 7527.31 7507.06 7492.59 7504.13 7488.19 7486.64 7492.95 7499.74 7486.63 7485.54 7496.55 7500.59 7500.28 7494.35 7487.74 7483.02 7472.29 7478.2 7494.15 7492.67 7485.93 7478.08
-9999 -9999 -9999 -9999 7338.78 -9999 -9999 7342.83 7350.26 7364.99 7373.42 7385.73 7399.46 7405.81 7405.51 7405.34 7413.5 7414.72 7417.43 7422.31 7424.65 7426.66 7428.25 7431.5 7435.24 7443.04 7446.32 7446.74 7449.7 7454.88 7456.85 7466.22 7497.47 7538.42 7530.97 7542.52 7545.28 7546.07 7556.99 7555.35 7527.19 7539.25 7537.81 7506.37 7499.15 7492.21 7492.86 7490.69 7504.23 7526.42 7496.92 7494.3 7502.96 7496.17 7479.36 7509.81 7517.75 7508.6 7523.66 7532.75 7528.92 7515.68 7520.72 7519.25 7492.36 7487.79 7480.64 7489.92 7491.2 7492.84 7493.91
-9999 -9999 -9999 -9999 -9999 -9999 -9999 7353.3 7360.03 7369.11 7385.31 7397.57 -9999 7408.27 7408.65 7410.9 7417.06 7430.66 7433.54 7431.47 7433.32 7439.66 7443.61 7450.71 7446.69 7447.18 7447.86 7455.82 7457.55 7460.24 7503.51 7543.25 7554.8 7550.56 7518.23 7530.6 7531.46 7536.18 7541.31 7531.04 7516.98 7520.05 7517.64 7517.29 7472.01 7489.26 7510.82 7479.37 7493.47 7491.9 7501.43 7498.97 7504.92 7498.34 7499.24 7489.85 7511.37 7527.45 7539.97 7518.81 7522.23 7527.88 7527.33 7514.9 7521.5 7509.5 7492.01 7499.22 7509.5 7503.83 7503.32
-9999 -9999 -9999 -9999 7360.59 -9999 -9999 7368.5 7376.74 7386.28 7400.34 7407.16 7416.22 7418.38 -9999 7425.87 7428.27 7435.81 7438.36 7443.57 7442.14 7448.92 7453.79 7453.83 7455.66 7457.43 7458.91 7465.82 7475.09 7497.61 7525.38 7523.14 7506.18 7503.99 7516.06 7509.87 7514.09 7528.07 7537.29 7531.48 7529.19 7511.42 7512.26 7518.37 7494.84 -9999 7479.49 7467.6 -9999 7549.67 7592.8 7569.58 7588.21 7563.38 7518.22 7541.09 7486.99 7533.97 7535.26 7531.42 7523.23 7531.12 7544.39 7537 7554.93 7534.06 7504.75 7500.57 7523.79 7525.27 7521.29
-9999 -9999 -9999 7367.83 7369.76 7370.08 -9999 7376.81 7384.37 7394.85 7409.53 7423.04 7429.95 7429.96 7433.67 7441.64 7442.83 7450.6 7461.51 7456.76 7459.69 7456.07 7457.76 7459.7 7462.23 7465 7469.63 7484.82 7479.84 7487.06 7478.31 7488.09 7491.4 7512.45 7528.5 7526.52 7514.04 7523.78 7529.77 7559.3 7543.63 7530.12 7511.1 7509.6 7505.41 7479.03 7501.13 7509.42 7467.73 7512.42 7506.91 7514.84 7534.25 7508.93 7532.57 7544.89 7492.27 7535.23 7534.2 7552.87 7535.85 7539.74 7502.29 7565.07 7568.87 7536.8 7518.9 7512.41 7508.58 7536.82 7519.67
7380.76 7380.81 7376.63 7376.82 7379.06 7383.64 7387.23 7392.08 7407.37 7421.98 7431.94 7440.13 7442.83 7443.97 7445.01 7453.64 7456.2 7459.44 7465.37 7463.31 7462.69 7468.47 7470.34 7472.44 7475.1 7479.37 7480.64 -9999 -9999 7487.23 7494.67 7508.74 7513.82 7533.63 7531.07 7523.5 7521.29 7533.47 7537.16 7530.83 7567.91 7552.77 7553.88 7514.1 7510.18 7521.49 7498.55 7484.36 7510.64 7534.06 -9999 7512.52 7545.78 7528.51 7535.53 7508.59 7469.63 7517.49 7512.15 7562.08 7502.93 7518.13 7482.46 7507.61 7506.28 7540.32 7545.05 7530.41 7488.93 7503.88 7514.35
7397.5 7394.78 7390.76 7389.99 7399.11 7409.51 7411.94 7421.46 7429.57 7440.57 7449.92 7458.11 7452.9 -9999 7453.22 7457.73 7460.8 7465.24 7473.35 7475.66 7481.14 7478.11 7484.24 7488.67 7490.88 7491.77 7488.6 -9999 7499.08 7509.63 7522.47 7531.18 7535.68 7543.67 7547.54 7542.01 7517.71 7521.68 7533.2 7532.23 7532.94 7559.22 7593.73 7538.58 7507.68 7518.08 7508.65 7501.23 7548.14 7540.23 -9999 7528.69 7527.49 7514.72 7505.05 7489.93 7456.26 7480.56 7501.03 7576.23 7497.81 7537.66 7547.01 7466.44 7488.77 7471 7494.1 7469.12 7480.24 7474.54 7471.69
7447.55 7445.01 7436.77 7425.33 7416.29 7420.78 7433.96 7447.48 7456.47 7461.89 7461.43 7465.75 7468.02 7470.82 7472.43 7468.54 7472.66 7485.61 7488.28 7485.22 7490.63 7503.48 7506.15 7507.95 7508.34 7505.11 7501.17 7509.29 7526.37 7530.33 7535.89 7531.06 7538.9 7529.59 7538.3 7546.6 7532.45 7555.4 7538.98 7532.4 7531.96 7567.12 7591.54 7559.87 7519.25 7523.55 7520.32 7493.12 7502.3 7530.99 7497.11 -9999 7500.58 7486.62 7502.15 7471.99 7504.08 7449.79 7523.31 7515.11 7478.07 7463.45 7479.42 7468.7 7475.84 7444.66 7459.07 7454.42 7448.87 7442.62 7435.18
7475.08 7474.95 7472.22 7469.55 7461.05 7453.51 7460.51 7468.7 7470.74 7471.94 7472.08 7474.87 7473.78 7479.28 7478.62 7480.5 7485.86 7498.01 7499.48 7502.23 7505.48 7504.25 7506.54 7508.47 7519.78 7518.61 7510.48 7528.21 7529.87 7531.02 7533.76 7527.35 7533.13 7529.6 7557.6 7566.52 7533.64 7549.84 7554.7 7546.85 7561.44 7553.42 7569.36 7545.13 7512.57 7542.43 7545.37 7475.91 7521.86 7530.47 7516.9 7519.07 7520.29 7458.21 7483.49 7456.57 7465.15 7434.99 7467.32 7467.79 7455.49 7453.69 7443.07 7448.57 7439.77 7439.8 7436.55 7429.86 7424.36 -9999 7422.39
7485.81 7487.34 7485.43 7484.62 7481.3 7477.55 7480.73 7482.08 7479.78 7479 7478.06 7479.04 7483.63 7485.4 7487.3 7488.17 7493.59 7498.43 7498.85 7506.52 7510.34 7510.27 7512.08 7514.24 7514.13 7521.23 7534.63 7533.39 7524.47 7533.44 7528.56 7537.98 7559.49 7525.77 7549.46 7564.33 7553.07 7528.34 7517.54 7561.75 7573.4 7555.41 7541.02 7541.13 7528.95 7514.91 7523 7494.58 7529.42 7504.85 7501.27 7528.21 7465.06 7456.8 7447.35 -9999 -9999 -9999 -9999 -9999 -9999 -9999 -9999 -9999 -9999 -9999 -9999 -9999 -9999 -9999 -9999
7498.55 7501.79 7499.24 7489.81 7487.32 7485.99 7488.45 7489.85 7489.66 7489.4 7489.13 7488.32 7489.82 7493.53 7491.64 7496.93 7499.6 7507.43 7511.03 7511.93 7512.04 7516.72 7519.8 7522.13 7526.28 7533.89 7542.38 7529.33 7526.08 7533.84 7526.48 7538.19 7551.94 7530.8 7531.17 7540.47 7534.47 7518.62 7530.75 7538.2 7541.19 7546 7541.47 7550.58 7538.39 7524.29 7516.21 7500.01 7490.27 7499.56 7515.36 7514.59 7472.76 7437.36 -9999 -9999 -9999 -9999 -9999 -9999 -9999 -9999 -9999 -9999 7422 7429.75 -9999 -9999 -9999 -9999 -9999
7506.91 7506.58 7506.05 7501.29 7500.03 7500.07 7501.91 7502.69 7502.67 7502.08 7499.07 7499.15 7501.58 7513.68 7510.03 7502.59 7505.46 7509.89 7511.3 7517.36 7522.77 7523.47 7525.39 7528.6 -9999 7541.95 7544.53 7533.14 7530.28 7556.77 7528.38 7516.64 7517.11 7509.09 7525.68 7531.83 7522.21 7513.94 7537.3 7535.42 7539.88 7538.4 7555.4 7547.09 7550.67 7531.68 7511.67 7494.6 7487.67 7524.22 7514.21 7504.62 7488.81 -9999 -9999 -9999 -9999 -9999 -9999 -9999 -9999 -9999 -9999 -9999 -9999 -9999 -9999 7452.9 7479.45 7474.08 7468.66
7520.81 7517.5 7510.54 7510.64 7513.52 7513.96 7511.15 7511.96 7512.56 7512.36 7511.65 7508.85 7507.67 7518.72 7522.22 7518.14 7517.82 7524.91 7531.46 7533.25 7531.02 7534.54 7536.75 7543.35 7542.99 7544.29 7545.45 7543.21 7547.31 7540.69 7523.68 7511.39 7505.57 7494.28 7514.37 7546.9 7516.46 7549.03 7573.43 7572.27 7589.39 7567.32 7552.99 7516.84 7529.7 7523.2 7521.21 7495.98 7479.19 7486.17 7491.22 7475.13 7452.27 -9999 -9999 -9999 -9999 -9999 -9999 -9999 -9999 -9999 -9999 -9999 -9999 -9999 -9999 7442.65 7471.5 7481.98 7483.21
7525.52 7527.1 7527.36 7527.27 7524.78 7525.93 7524.8 7525.59 7521.57 7519.18 7522.02 7519.29 7517.6 7517.36 -9999 7543.38 7541.78 7544.17 7548.08 7549.57 7549.35 7555.84 7565.78 7561.29 7557.06 7552.6 7548.51 7551.01 7539.15 7525.2 7513.14 7502 7496.16 7501.85 7515.13 7525.66 7531.81 7542.51 7591.91 7594.91 7587.01 7575.77 7572.31 7558.6 7533.25 7496.23 7494.11 7469.16 7445.85 -9999 -9999 -9999 -9999 -9999 -9999 7442.24 7482.19 7558.73 7561.32 7531.22 7511.59 7535.98 7490.72 7460.14 -9999 -9999 -9999 -9999 -9999 -9999 -9999
7524.62 7520.81 7523.82 7524.6 7526.55 7528.57 7532.99 7534.58 7531.1 7530.4 7533.36 7529.32 7527.73 7531.39 7544.82 7553.21 7557.61 7561.38 7557.6 7557.32 7564.21 7572.36 7568.9 7566.84 7575.6 7580.74 7576.81 7594.14 7577.88 7556.62 7519.31 7490.1 7482.54 7484.79 7494.04 7508.27 7534.87 7555.11 7635.64 7626.46 7622.21 7597.89 7557.82 7531.22 7509.4 7487.54 7471.23 -9999 -9999 -9999 -9999 -9999 -9999 7525.46 7534.07 7575 7593.07 7590.72 7594.57 7598.71 7573.21 7543.03 7517.51 7469.39 7460.6 -9999 -9999 -9999 -9999 -9999 -9999
7534.38 7540.02 7530.54 7531.43 7530.12 7537.39 7543.78 7544.46 7539.46 7539.23 7543.85 7539.72 7540.01 7541.4 7560.73 7576.42 7567.66 7565.48 7563.92 7566.13 7570.36 7566.96 7567.36 -9999 7584.75 7577.25 7587.25 7616.86 7605.26 7600.45 7576.56 7522.29 7494.37 -9999 -9999 7489.64 7493.02 7515.52 7585.52 7633.75 7650.13 7600.38 7578.65 7537.03 7492.16 -9999 -9999 -9999 -9999 7483.39 7504.79 7513.25 7520.6 7544.5 7568.29 7565.8 7540.49 7537.41 7556.31 7565.75 7573.51 7568.5 7549.59 7526 7488.57 -9999 -9999 -9999 -9999 -9999 -9999
7549.51 7549.28 7549.03 7546.05 7541.43 7544.31 7541.5 7545.9 7545.76 7547.77 7556.1 7548.42 7548.74 7556.68 7569.75 7571.11 7572.86 7574.65 7574.91 7576.42 7576.67 7576.9 7578.15 7577.81 7580.57 7583.55 7596.52 7610.9 7611.25 7600.91 7583.36 7575.79 7552.94 7530.88 7528.15 7527.34 7513.34 7497.89 7493.12 7516.94 7509.7 7523.69 -9999 -9999 -9999 -9999 7492.73 7499.8 7527.51 7543.28 7571.31 7543.72 7526.12 7556.96 7579.41 7553.34 7575.4 7532.91 7510.91 7525.57 7564.93 7550.14 7511.29 -9999 -9999 -9999 -9999 -9999 -9999 -9999 -9999
7557.43 7555.18 7552.83 7552.2 7550.24 7550.1 7550.76 7557.97 7560.51 -9999 7553.69 7558.02 7558.41 7560.87 7571.7 7581.44 7595.79 7594.06 7592.34 7591.39 7586.61 7589.54 7595.68 7598.68 7605.54 7601.08 7585.67 7606.85 7592.17 7579.68 7567.34 7581.15 7580.54 7584.78 7580.01 7598.49 7609.94 7595.67 7570.13 7560.12 7575.59 7536.37 7510.51 -9999 -9999 7515.76 7549.75 7532.41 7565.17 7568.53 7574.46 7562.52 7556.16 7531.65 7524.11 -9999 -9999 -9999 -9999 -9999 7505.73 -9999 -9999 -9999 -9999 -9999 -9999 -9999 -9999 -9999 -9999
7558.53 7553.25 7540.86 7546.7 7556.72 7555.94 7555.92 7559 7561.84 7563.74 7565.34 7564.7 7568.75 7581.21 7585.73 7584.53 7581.52 7593.14 7595.34 7590.29 7596.52 7606.44 7605.3 7605.09 7610.91 7603.99 7584.98 7587.85 7569.71 7563.91 7548.92 7561.46 7589.98 7593.35 7608.12 7651.47 7684.56 7709.87 7679.54 7640.61 7584.42 7571.04 -9999 7495.09 7530.58 7553.94 7539.04 7555.29 7586.13 7589.94 7569.03 7557.69 7539.68 7532.92 7526.73 7554.84 7551.04 7508.01 7493.95 -9999 -9999 7476.75 7475.63 -9999 -9999 -9999 -9999 -9999 -9999 -9999 -9999
7575.33 7563.36 7547.5 7533.84 7553.11 7559.34 7560.19 7563.06 7574.77 7571.24 7572.74 7573.48 7578.9 7583.51 7581.32 7582.99 7596.85 7596.77 7599.51 7595.85 7590.62 7598.62 7609.68 7621.24 7611.04 7601.7 7602.52 7595.76 7568.47 7565.2 7553.03 7580.59 7589.24 7610.11 7634.47 7686.97 7711.13 7719.62 7690.14 7573.47 7557.4 -9999 -9999 7542.75 7576.25 7570.02 7547.11 7546.57 7563.52 7580.42 7572.51 7543.54 7567.22 7562.21 7562.73 7553.77 7581.4 7561.07 7515.79 7494.4 7504.06 7490.56 -9999 -9999 -9999 -9999 -9999 -9999 -9999 -9999 -9999
7584.48 7579.95 7574.14 7559.47 7554.19 7566.88 7575.49 7580.38 7586 7586.36 7585.19 7584.6 7587.89 7588.23 7588.92 7588.8 7596.69 7595.68 7596.44 7596.18 7596.32 7600.97 7606.5 7609.02 7609.12 7610.95 7604.06 7601.71 7596.94 7574.5 7558.88 7581.44 7583.3 7608.1 7650.67 7672.81 7651.65 7703.9 7680.67 -9999 -9999 7520.69 7557.53 7607.32 7579.12 7564.72 7563.94 7556.99 7549.23 7550.02 7555.08 7569.07 7568.6 7562.37 7590.6 7609.77 7596.02 7566.94 7523.24 7522.13 7509.17 -9999 -9999 -9999 -9999 -9999 -9999 -9999 -9999 -9999 -9999
7581.01 7581.66 7583.75 7578.75 7565.64 7573.43 7578.92 7584.84 7584.58 7584.43 7589.53 7597.7 7597.29 7599.9 7601.08 7598.39 7596.57 7589.55 7579.11 7572.25 7586.5 7595.35 7605.07 7622.39 7631.55 7628.35 7612.17 7619.97 7611.25 7585.33 7569.05 7567.77 7577.62 7605.02 7611.66 7612.13 7609.02 7629.11 7567.68 -9999 7527.61 7592.97 7594.16 7604.39 7584.87 7571.6 7583.9 7561.87 7548.82 7552.58 7551.37 7556.49 7554.12 7590.69 7619 7615.59 7606.1 7557.56 7514.99 7513.96 7499.19 7492.72 7491.6 -9999 -9999 -9999 -9999 -9999 -9999 -9999 -9999
7584.18 7587.17 7586.76 7586.71 7579.63 7577.08 7581.13 7581.83 7590.79 7599.6 7596.83 7610.86 7604.54 7606.11 7608.49 7607.01 7592.35 7571.91 7563.36 7576.62 7578.97 7595 7628.01 7633.9 7639.96 7622.41 7612.67 7611.26 7606.24 7584.77 7562.39 7561.16 7547.91 7552.56 7542.24 7542.43 -9999 7521.55 7522.41 7561.6 7612.77 7610.93 7594.83 7585.11 7589.67 7603.31 7590.75 7563.81 7560.57 7548.48 7544.72 7551.05 7555.62 7609.47 7616.09 7600.08 7571.31 7531.95 7514.37 7510.85 7514.15 7506.91 7499.44 -9999 7501.82 -9999 -9999 -9999 -9999 -9999 -9999
7578.5 7579.59 7586.15 7596.32 7601.63 7583.6 7584.38 7602.76 7600.76 7606.18 7599.56 7611.05 7597.9 7594.87 7605.58 7600.96 7584.2 7569.15 7574.1 7589.07 7581.93 7598.35 7602.11 7632.88 7634.62 7627.88 7634.44 7634.48 7604.19 7580.41 7551.25 7538.02 7523.44 -9999 7519.26 7528.59 7537.1 7543.88 7579.5 7623.68 7645.12 7612.55 7606.04 7610.72 7601.53 7611.1 7591.65 7574.4 7561.21 7559.14 7553.22 7572.47 7604.42 7594.25 7589.9 7573.64 7546.29 7531.49 7523 7530.74 7525.02 7513.84 7510.36 -9999 -9999 7508.63 7504.55 -9999 -9999 -9999 -9999
7570.11 7569.87 7571.76 -9999 7588.85 7589.25 7577.76 7592.09 7591.13 7597.42 7591.87 7601.64 7595.9 7591.96 7592.67 7597.4 7583.89 7566.6 7569.85 7577.04 7603.73 7590.01 7590.88 7619.87 7647.7 7627.74 7618.63 7600.89 7569.23 7545.03 -9999 7518.65 7524.49 7535.11 7544.38 7557.48 7574.31 7605.88 7595.38 7614.93 7623.87 7625.61 7627.81 7614.48 7597.46 7598.69 7586.93 7576.53 7581.86 7582.07 7551.13 7545.97 7578.69 7591.03 7577.37 7552.63 7551.26 7548.38 7534.47 7529.8 7532.67 7530.27 7524.88 -9999 -9999 -9999 -9999 7521.89 7523.11 7514.27 7520.27
7575.32 7577.11 7581.89 7589.24 7598.02 7615.81 7618.14 7620.33 7613.37 7599.14 7580.83 7572.69 7582.93 7590.34 7587.32 7596.36 7589.91 7568.97 7569.49 7585.5 7602.54 7590.71 7592.83 7593.1 7633.88 7628.89 7592.44 7552.33 7530.16 7517.69 7520.75 7530.1 7538.4 7546.48 7576.8 7607.28 7621.68 7617.25 7598.69 7600.05 7644.79 7645.67 7643.54 7611.01 7604.03 7611.39 7576.39 7583.13 7575.23 7572.33 7558.92 7552.93 7557.03 7559.65 7555.36 7546.83 7548.27 7536.07 7526.77 7534.16 7536.02 7536.32 7532.88 7528.35 7526.7 7520.68 -9999 -9999 -9999 -9999 7526.9
7584.04 7589.48 7600.38 7619.49 -9999 7643.82 7642.89 7639.17 7636.64 7622.18 7598.5 7591.24 7570.96 7561.06 7562.89 7582.74 7587 7578.25 7588.33 7587.42 7603.35 7583.14 7584.17 7597.15 7616.2 7578.31 7549.8 7532.38 7525.31 7527.76 7532.27 7544.13 7553.99 7564.56 7596.27 7620.12 7607.76 7620.11 7640.73 7626.4 7665.94 7647.15 7622.42 7614.12 7616.66 7610.92 7601.05 7565.32 7570.07 7565.19 7564.73 7571.46 7566.76 7558.17 7554.41 7531.23 7531.21 7527.01 7544.94 7546.09 7548.69 7565.82 7579.64 7530.9 7526.57 7537.14 7530.55 7530.46 7524.13 7523.96 7523.09
7586.72 7597.57 7606.55 7617.26 -9999 7648.95 7658.31 7653.89 7649.93 7640.31 7623.14 7595.4 7584.76 7574.3 7566.62 7564.46 7570.05 7569.77 7578.02 7566.73 7560.44 7553.21 7550.63 7553.51 7544.18 7542.61 7538.11 7534.08 7533.85 7534.92 7541.15 7558.89 7580.94 7585.15 7602.71 7607.1 7629.19 7657.11 7652.94 7660.83 7633.76 7650.05 7620.91 7620.79 7636.27 7604.42 7572.93 7561.09 7559.77 7564.88 7567.59 7565.53 7566.22 7563.71 7561.34 7547.76 7559.07 7545.28 7543.16 7567.04 7601.32 7590.35 -9999 7541.18 7547.88 7573.41 7571.24 7572.51 7569.87 7568.79 7549.32
-9999 7591.46 7605.82 7620.17 7623.38 -9999 7647.88 7660.4 7661.48 7658.8 7636.27 7624.47 7631.15 7616.6 7592.14 7582.28 7567.95 7564.8 7558.96 7556.13 7553.27 7550.88 7555.95 7553.46 7551.92 7544.16 7542.55 7542.49 7541.62 7545.56 7558.39 7585.8 7610.54 7600.21 7596.25 7625.07 7664.11 7687.58 7681.53 7682.04 7654.91 7628.97 7631.99 7618.52 7592.16 7576.57 7565.66 7554.83 7564.72 7570.83 7567.97 7557.09 7560.69 7560.12 7559.61 7576.68 7560.56 -9999 7562.23 -9999 -9999 -9999 -9999 -9999 7543.54 -9999 7542.05 7544.15 7550.07 7571.01 7580.81
-9999 -9999 7601.47 7606.76 7621.22 7633.07 7639.24 7643.39 7655.25 7651.37 7641.52 7642.2 7640.48 7626.49 7619.46 7603.81 7584.23 7576.63 7567.95 7563.02 7559.17 7562.35 7559.44 -9999 7553.01 7558.19 7566.13 7555.45 7549.3 7551.78 7582.86 7600.91 7604.24 7618.45 7646.99 7657.28 7681.39 7692.26 7698.85 7675.38 7646.44 7615.78 7617.29 7606.73 7579.29 7570.35 7557.16 7551.94 7569.22 7574.56 7565.09 7558.47 7553.67 -9999 7546.73 -9999 -9999 -9999 -9999 -9999 -9999 -9999 7557.09 7566.17 7556.6 7544.42 7561.98 7559.37 7549.44 7563.79 7580.71
