resultados/variables_norteamerica/sun_rad_average.asc
ncols 469
nrows 225
xllcorner -169.133333
yllcorner 20.675000
cellsize 0.249840
NODATA_value -9999
[rows 64 to 95 of 225, columns 355 to 425 of 469]
-9999 -9999 -9999 -9999 -9999 -9999 -9999 -9999 -9999 3169.53 3192.66 3194.4 3179.29 3184.49 3196.93 3196.85 -9999 3209.5 3200.24 3202.47 3222.31 3224.01 3219.7 3220.89 3226.03 3228.85 3228.03 3228.21 3225.86 3229.21 3218.29 3218.23 3226.67 3240.36 3228.29 3218.94 3223.27 3224.81 3213.84 3212.08 3208.51 -9999 -9999 3181.4 -9999 -9999 -9999 -9999 -9999 -9999 -9999 -9999 -9999 -9999 -9999 -9999 -9999 -9999 -9999 -9999 -9999 -9999 -9999 -9999 -9999 -9999 -9999 -9999 -9999 -9999 -9999
-9999 -9999 -9999 -9999 -9999 -9999 -9999 -9999 -9999 -9999 -9999 -9999 3193.35 3203.74 3208.68 3217.48 3211.88 3214.36 3215.78 3225.97 3220.86 3226.56 3232.84 3237.86 3240.83 3238.55 3235.98 -9999 3244.54 3244.79 3242.89 3237.19 3238.45 3242.59 3239.64 3240.74 3240.2 3244.07 3244.36 3246.3 3241.6 3218.79 3212.27 -9999 -9999 -9999 -9999 -9999 -9999 3179.62 -9999 -9999 -9999 -9999 -9999 -9999 -9999 -9999 -9999 -9999 -9999 -9999 -9999 -9999 -9999 -9999 -9999 -9999 -9999 -9999 -9999
-9999 -9999 -9999 -9999 -9999 -9999 -9999 -9999 -9999 -9999 -9999 3209.13 3214.88 3214.07 3218.31 3221.32 3234.74 3235.36 3238.08 3236.27 3237.59 3237.33 3241.3 3244.24 3245.07 3251.53 3247.49 3258.93 3251.88 3259.84 3263.39 3263.65 3257.15 3251.23 3253.9 3257.74 3256.12 3256.31 3254.69 3237.78 3232.55 3233.29 3218.8 -9999 -9999 -9999 -9999 -9999 -9999 3248.71 -9999 -9999 -9999 -9999 -9999 -9999 -9999 -9999 -9999 -9999 -9999 -9999 -9999 3210.04 -9999 -9999 -9999 -9999 -9999 -9999 -9999
-9999 -9999 -9999 -9999 -9999 -9999 -9999 -9999 -9999 -9999 -9999 3234.6 3234.33 3241.17 3239.39 3250.53 3250.43 3249.88 3250.18 3257.05 3251.41 3260.75 3263.86 3270 3271.21 3264.34 -9999 3262.19 3270.8 3268.38 3262.06 3266.61 3291.88 3280.5 3263.09 3254.52 3259.34 3258.61 3261.77 3258.65 3260.38 3250.49 3240.1 -9999 -9999 -9999 -9999 -9999 -9999 -9999 -9999 -9999 -9999 -9999 -9999 -9999 -9999 -9999 -9999 -9999 -9999 -9999 3256.67 -9999 -9999 -9999 -9999 -9999 -9999 -9999 -9999
-9999 -9999 -9999 -9999 -9999 -9999 -9999 -9999 -9999 -9999 -9999 -9999 -9999 3255.22 3262.31 3263.32 3265.62 3266.95 3271.69 3275.74 3275.96 3276.34 3282.42 3278.75 3286.2 3287.28 3285.07 3284.28 3290.44 3296.9 3298.61 3279.91 3260.92 3271.08 3285.65 3291.2 3292.25 3281.33 3275.19 3273.92 3268.27 3271.36 3261.07 -9999 -9999 -9999 -9999 -9999 -9999 -9999 -9999 -9999 -9999 -9999 -9999 -9999 -9999 -9999 -9999 -9999 -9999 -9999 3255.33 3267.99 3229.38 -9999 -9999 -9999 -9999 -9999 -9999
-9999 -9999 -9999 -9999 -9999 -9999 -9999 -9999 -9999 -9999 -9999 3276.8 3278.31 3283.28 3289.31 3293 3294.75 3298.34 3298.02 -9999 3296.13 3298.91 3297.01 3297.68 3298.79 3303.78 3305.84 3304.93 3304.98 3303.38 3298.17 3301.23 3310.12 3306.08 3300.85 3303.59 3301.44 3301.87 3298.25 3296.42 3292.87 3286.79 3285.1 -9999 -9999 -9999 -9999 -9999 -9999 -9999 -9999 -9999 -9999 -9999 -9999 -9999 -9999 -9999 -9999 -9999 3294.41 3323.76 3308.16 3322.59 3310.45 -9999 3226.15 -9999 -9999 -9999 -9999
-9999 -9999 -9999 -9999 -9999 -9999 -9999 -9999 -9999 -9999 -9999 3294.19 3299.85 3302.62 3299.97 3299.56 3305.45 3307.94 3310.1 3314.15 -9999 3317.97 3316.33 3314.09 3312.71 3316.32 3312.69 3317.14 3325.71 3327.75 3321.58 3324.14 3329.44 -9999 3328.7 3331.57 3332.98 3330.25 3329.8 3327.84 -9999 3318.02 3298.42 -9999 -9999 -9999 -9999 -9999 -9999 -9999 -9999 -9999 -9999 -9999 -9999 -9999 -9999 -9999 -9999 -9999 3299.57 -9999 3359.76 3328.9 3297.95 -9999 -9999 -9999 -9999 -9999 -9999
-9999 -9999 -9999 -9999 -9999 -9999 -9999 -9999 -9999 3316.95 3316.6 3319.34 3322.41 3326.31 3330.64 3332.48 3331.75 3331.59 3331.14 3332.61 3334.24 3331.63 3336.44 3343.33 3346.25 3340.19 -9999 3339.11 3337.45 3338.19 3338.39 3348.57 3354.33 3348.71 -9999 3356.18 3354.24 3353.15 3351.58 3348.79 3338.14 3335.35 3328.23 3316.25 -9999 -9999 -9999 -9999 -9999 -9999 -9999 -9999 -9999 -9999 -9999 -9999 -9999 -9999 -9999 -9999 -9999 3360.66 3380.81 3402.84 3408.44 3264.55 -9999 -9999 3279.01 -9999 -9999
-9999 -9999 -9999 -9999 -9999 -9999 -9999 -9999 3334.07 3340.95 3342.15 3344.25 3346.64 3349.12 3349.62 3352.22 3356.04 3358.66 3359.56 3361.44 3357.96 3361.46 3359.06 3360.58 3364.25 3366.9 3361.56 3365.64 3366.99 3362.74 3366.58 3367.64 -9999 3371.42 3366.43 3363.84 3363.56 3364.84 3365.59 3369.03 3362.04 3350.73 3349.34 3337.99 -9999 3330.92 -9999 -9999 -9999 -9999 -9999 -9999 -9999 -9999 -9999 -9999 -9999 -9999 3331.92 3342.44 3356.49 3392.96 3420.39 3392.92 3435.92 3424.03 3396.91 3421.82 3349.99 -9999 -9999
-9999 -9999 -9999 -9999 -9999 -9999 -9999 -9999 -9999 3365 3365.32 3365.7 3367.61 3369.62 3374.91 3377.16 3377.69 3377.34 3378.83 3379.41 3378.12 3382.27 3383.99 3382.87 3386.85 3393.41 3392.13 3393.96 3390.16 3396.26 3393.71 3389.99 3385.97 3387.02 3390.97 3393.72 3392.94 3396.52 3393.27 3371.72 3378.84 3377.28 3356.88 3367.72 3377.21 3375.27 3366.31 3370.32 3358.88 -9999 -9999 -9999 -9999 -9999 -9999 3362.96 3369.99 3365.78 -9999 3372.77 3379.17 3412.89 3409.44 3427.59 3418.75 3419.95 3461.75 3378.4 3378.68 -9999 -9999
-9999 -9999 -9999 -9999 -9999 -9999 -9999 -9999 -9999 -9999 3385.85 3388.32 3390.77 3397.69 3396.61 3400.24 3401.7 3398.75 3401.04 3404.12 3405.24 -9999 3402.64 3407.73 3408.07 3411.28 3414.16 3409.21 3418.18 3415.39 3417.52 3418.73 3417.6 3417.11 3404.53 3409.7 3412.02 3401.42 3402.39 3414.1 3399.77 3385.5 3388.39 3399.67 3405.62 3396.02 3397.49 3387.95 3385.19 3389.08 -9999 -9999 -9999 3379.53 3378.13 3379.39 3386.78 -9999 3397.88 3411.44 3427.97 3450.83 3487.17 3477.04 3496.12 3516.5 3472.22 3457.6 -9999 3405.06 3397.53
-9999 -9999 -9999 -9999 -9999 -9999 -9999 -9999 -9999 -9999 -9999 -9999 -9999 3409.36 3416.92 3414.67 3421.87 3428.55 3430.47 3428.07 3424.82 3422.55 3428.65 3431.01 3430.73 3429.31 3430.65 3431.52 3424.93 3435.84 3423.05 3424.72 3426.73 3423.66 3434.23 3438.29 3434.9 3441.1 3439.34 3438.06 3433.71 3417.77 3433.7 3432.42 -9999 3437.97 3419.65 3406.71 -9999 3394.47 3408.46 3405.89 3404.39 3407.32 3412.33 3420.59 3417.38 3429.49 3415.84 3428.98 3450.52 3486.94 3481.73 3491.69 3493.86 3472.96 3449.9 3450.98 3403.33 3390.94 3393.73
-9999 -9999 -9999 -9999 -9999 -9999 -9999 -9999 -9999 -9999 -9999 -9999 -9999 -9999 3424.26 3435.87 3438.81 3443.14 3449.68 3453.32 3447.87 3445.14 3457.4 3452.19 3454.7 3461.92 3460.31 3468.03 3456.84 3438.68 3458.34 3455.68 3458.63 3457.62 3459.17 3466.2 3466.34 3463.62 3460.96 3469.57 3471.24 3453.92 3456.49 3474.92 3435.97 3424.67 3430.14 3436.9 3429.34 3440.45 3432.71 3431.06 3444.37 3439.15 3432.57 3438.77 3443.14 3462.54 3468.34 3443.04 3490.73 3481.44 3505.94 3513.23 3525.55 3532.32 3511.2 3444.68 3487.58 3475.18 3470.96
-9999 -9999 -9999 -9999 -9999 -9999 -9999 -9999 -9999 -9999 -9999 -9999 -9999 -9999 -9999 3457.93 3463.74 3461.18 3464.3 3465.11 3470.9 3473.52 -9999 3483.08 3482.65 3471.12 3478.67 3467.23 3471.33 3484.83 3477.07 3487.58 3487.15 3486.09 3487.34 3484.65 3481.61 3490.4 3486.61 3485.51 3463.98 3461.9 3466.58 3445.53 3468.47 3472.07 3471.92 3465.03 3465.26 3472.28 3468.24 3459.13 3453.2 3464.75 3470.02 3481.35 3484.77 3472.22 3492.06 3490.73 3498.66 3512.92 3529.04 3536.95 3544.2 3544.05 3543.14 3520.35 3516.99 3519.3 3481.24
-9999 -9999 -9999 -9999 -9999 -9999 -9999 -9999 -9999 -9999 -9999 -9999 -9999 -9999 -9999 3481.12 3479.93 3488.68 3489.16 3492.93 3496.89 3501.14 3491.87 3494.09 3487.57 3497.52 3494.36 3504.18 3511.12 3509.79 3512.36 3509.11 3510.73 3523.15 3525.51 3520.78 3528.97 3499.2 3502.19 3485.55 3495.53 3491.77 3477.99 3487.27 3480.85 3488.23 3504.34 3502.67 3486.73 3491.04 3501.34 3494.12 3475.99 3492.69 3502.88 3500.05 3511.23 3510.91 3511.2 3522.84 3510.13 3526 3547.69 3558.48 3562.76 3556.3 3551.29 3555.8 3543.03 3512.65 -9999
-9999 -9999 -9999 -9999 -9999 -9999 -9999 -9999 -9999 -9999 -9999 -9999 -9999 -9999 -9999 3499.63 3512.81 3513.56 3516.76 3512.81 3508.45 3505.61 3504.78 3509.17 3522.38 3525.19 3533.29 3536.22 3535.51 3541.5 3539.52 3545.88 3540.76 3518.77 3513.21 3518.31 3513.74 3527.76 3516.48 3529.88 3530.56 3524.99 3534.22 3521.1 3505 3520.22 3522.3 3509.78 3513.47 3516.45 3521.32 3526.38 3518.97 3510 3514.93 3528.84 3534.38 3537.27 3534.81 3542.05 3527.46 3572.51 3582.01 3568.64 3568.19 3573.15 3567.03 3568.15 3546.41 3531.43 3537.87
-9999 -9999 -9999 -9999 -9999 -9999 -9999 -9999 -9999 -9999 -9999 -9999 -9999 -9999 -9999 -9999 3530.09 3532.43 3530.76 3535.94 3541.1 3547.4 3551.86 3547.88 3546.6 -9999 3552.14 3553.56 3552.58 3545.81 3544.25 3545.23 3557.77 3556.16 3549.29 3543.12 3546.3 3555.11 3557.48 3552.9 3558.68 3548.19 3551.98 3549.85 3553.82 3535.05 3544.3 3564.32 3539.06 3540.41 3542.52 3541.33 3537.52 3548.56 3552.17 3541.93 3550.66 3559.19 3563.09 3565.57 3572.43 3545.2 3558.91 3587.33 3586.05 3600.56 3595.6 3602.77 3609.11 3594.71 3562.87
-9999 -9999 -9999 -9999 -9999 -9999 -9999 -9999 -9999 -9999 -9999 -9999 -9999 -9999 -9999 -9999 3561.55 3559.42 3553.08 3552.29 3560.1 3557.1 3562.07 3560.62 3563.22 3568.08 3568.88 3568.05 3564.5 3572.09 3579.62 3577.14 3567.9 3573.71 3585.43 3584.95 3570.9 3576.09 3586.81 3582.81 3586.59 3586.06 3579.25 3586.92 3562.05 3551.49 3564.61 3545.8 3551.95 3547.18 3549.76 3569.49 3566.45 3572.44 3575.94 3577.25 3575.04 3577.72 3585.02 3589.74 3594.34 3609.23 3593.12 3612.93 3620 3611.18 3618.1 3601.83 3589.27 3578.86 3573.82
-9999 -9999 -9999 -9999 -9999 3548.58 -9999 -9999 -9999 -9999 -9999 -9999 -9999 -9999 -9999 -9999 -9999 3568.83 3580.94 3588.15 3585.89 3584.92 3582.1 3590.89 3589.9 -9999 3583.63 3580.96 3592.77 3593.93 3595.59 3598.52 3598.09 3606.39 3599.26 3611.01 3601.05 3589.81 3599.38 3609.59 3606.66 3597.72 3601 3595.79 3592.75 3586.5 3590.71 3574.37 3605.06 3600.27 3587.52 3598.56 3605.06 3600.84 3603.78 3599.67 3601.53 3600.56 3607.06 3609.81 3607.62 3617.37 3605.53 3616.91 3617.86 3620.81 3617.79 3614.58 3618.22 3617.89 3600.67
-9999 -9999 -9999 -9999 3570.3 -9999 -9999 -9999 -9999 -9999 -9999 -9999 -9999 -9999 -9999 3563.01 3551.99 3557 3590.09 3600.95 3600.57 3610.46 3608.76 3607.83 3602.51 -9999 3616.49 3626.43 3621.77 3619.87 3625.19 3628.66 3635.73 3627.33 3629.03 3629.4 3632.46 3634.14 3619.02 3627.99 3631.49 3636.83 3639.22 3632.23 3603.27 3591.3 3589.98 3598.52 3594.77 3634.23 3646.74 3619.74 3628.56 3634.32 3630.17 3633.07 3628.03 3636.4 3635.5 3641.36 3640.28 3639.99 3640.08 3648.47 3636.86 3645.24 3639.71 3637.3 3632.36 3618.84 3606.8
-9999 -9999 -9999 3586.48 -9999 -9999 -9999 -9999 -9999 -9999 -9999 -9999 -9999 -9999 3596.84 3611.02 3622.83 3631.56 3628.53 3628.42 3627.26 3621.62 3629.11 3636.19 3627.69 3626 3637.46 3642.73 3636.28 3635.78 3639.7 3635.2 3637.38 3641.01 3639.26 3659.58 3652.97 3641.03 3652.23 3663.67 3670.21 3665.79 3666.92 3663.73 3670.07 3645.66 3635.24 3630.04 3647.46 3644.06 3668.82 3646.22 3641.11 3645.9 3647.48 3652.72 3654.07 3651.7 3656.26 3650.16 3667.92 3668.97 3651.57 -9999 3658.64 3659.16 3656.48 3656.22 -9999 3654.4 3648.21
-9999 -9999 -9999 -9999 -9999 -9999 -9999 -9999 -9999 -9999 -9999 -9999 -9999 3625.69 3650.14 3649.83 3651.26 3644.08 3647.73 3648.61 3651.81 3654.72 3657.64 3660.02 3656.32 3663.01 3672.3 3663.23 3656.35 3663.28 3660.39 3678.31 3681.45 3672.63 3680.97 3677.27 3675.43 3678.28 3677.78 3684.65 3690.97 3697.09 3695.02 3690.13 3679.07 3670.93 3662.72 3676.69 3666.69 3659.49 3669.94 -9999 3693.14 3699.78 3684.84 3682.1 3674.37 -9999 3675.46 3681.56 3699.62 3682.88 3682.2 3675.55 3676.51 3678.69 -9999 3691.72 3680.36 3677.97 3686.85
-9999 -9999 -9999 -9999 -9999 -9999 -9999 -9999 -9999 -9999 -9999 -9999 3657.09 3661.4 3657.71 3667.92 3671.72 3673.74 3675.8 3675.17 3675.7 3679.63 3678.46 3681.77 3689.32 3685.71 3682.06 3678.02 3692.34 3698.56 3706.13 3711.11 3705.21 3703.27 3702.95 3696.85 3699.14 3710.78 3710.28 3703.34 3705.82 3699.8 3697.13 3692.62 3707.64 3706.02 3702.71 3694.9 3689.33 3698.04 3700.9 3704.81 3693.42 3711.23 3715.05 3713.38 3722.34 3707.25 3721.68 3717.28 3702.88 3705.41 3700.65 3700.55 3702.37 3700.67 3711.44 3713.47 3725.64 3718.13 3702.81
-9999 -9999 -9999 -9999 -9999 -9999 -9999 -9999 -9999 3662.84 3668.1 3672.71 3672.78 3674.83 3687.06 3688.1 3691.66 3693.76 3697.17 3691.85 3695.48 3694.78 3709 3706.16 3703.7 3706 3714.06 3718.09 3714.97 -9999 3714.44 3712.6 -9999 3715.27 3717.31 3717.39 3720.45 3714.72 3719.65 3727.05 3724.74 3733.69 3738.36 3736.59 3727.14 3732.56 3738.58 3741.53 3734.93 3741.08 3737.24 3743.81 3740.53 3720.89 3735.44 3738.63 3746.76 3747.98 3731.3 3733.35 3725.91 3740.85 3737.02 3730.37 3726.75 3737.56 3732.4 3736.56 3733.25 3749.09 3743.92
-9999 -9999 -9999 -9999 -9999 -9999 3676.34 3681.03 3679.9 3689.55 3705.7 3705.89 3702.09 3700.68 3696.12 3695.4 3716.62 3722.03 3719.54 3724.37 3721.02 3725.46 3717.33 3729.21 3745.1 3741.4 3739.57 3739.51 3737.9 3736.54 3736.22 3737.86 3738.96 3740 3740.88 3742.81 3744.6 3751.6 3750.9 3762.76 3758.91 3752.68 3754.66 3761.94 3766.12 3768.73 3768.91 3766.15 3757.9 3758.71 3763.02 3769.57 3775.02 3762.62 3753.87 3749.7 -9999 3757.55 3755.8 3751.93 3756.68 3762.42 3752.58 3750.47 3753.83 3752.04 3757.54 3756.15 3758.24 3746.6 3773.62
-9999 -9999 -9999 -9999 3699.17 3700.15 3698.83 3708.54 3712.22 3710.26 3712.67 3720.72 3727.11 3732.36 3740.13 3743.92 3731.31 3745.11 3751.14 3752.62 3751.74 3739.91 3751.79 3757.59 3751.43 3749.96 3753.6 3753.13 3758.83 3761.38 3762.4 3761.15 3763.63 3768.57 3768.52 3769.09 3769.45 3771.72 3765.75 3771.49 3788.64 3782.19 3782.88 3783.39 3780.23 3779.61 3786.43 3796.69 3794.09 3792.49 3788.74 3789.45 3794.05 3802.68 3775.82 3777.27 3766.69 3774.47 3774.04 3774.46 3773.16 3778.42 3777.6 3779.09 3773.05 3780.51 3778.43 3776.35 3787.71 3788.42 3756.96
-9999 -9999 -9999 -9999 3715.49 3717.47 3726.08 3729.53 3737.98 3738.94 3740.39 3743.05 3741.28 3746.19 3749.11 3752.5 3750.85 3759.6 3765.86 3759.79 3761.61 3770.81 3768.68 3775.17 3777.26 3782.44 3788.27 -9999 3786.72 3788.9 3784.53 3789.43 3789.2 3786.23 3786.72 3786.83 3786.08 3794.74 3808.99 3804.04 3800.21 3800.83 3802.29 3804.96 3805.9 3803.63 3804.85 3803.66 3808.87 3812.98 3810.66 3811.13 3813.77 3808.04 3811.64 3791.48 -9999 3795.59 3802.29 3797.28 3793.12 3795.41 3795.74 3797.69 3791.93 3801.63 3804.62 3793.97 3792.44 3777.72 3774.82
-9999 -9999 -9999 -9999 -9999 3738.63 3745.72 3751.55 3757.06 3763.9 3766.54 3766.37 3768.67 3768.68 3768.16 3765.21 -9999 3767.87 3769.17 3776.18 3783.31 3785.07 3794.36 3801.46 3806.92 3802.2 3799.9 3805.8 -9999 3802.23 3810.33 3808.61 3806.32 3808.82 3810.88 3811.95 3828.93 3829.17 3821.79 3823.64 3829.71 3826.97 3824.87 3826.51 3827.48 3828.34 3831.26 3832.22 3829.54 3824.14 3829.7 3830.73 3823.95 3824.15 3827.62 3825.6 3815.55 3806.92 3812.06 3816.58 3817.67 -9999 3817.7 3816.87 -9999 -9999 -9999 3822.13 -9999 3813.93 3799.53
-9999 -9999 -9999 -9999 -9999 -9999 3760.82 3766.62 3776.83 3780.95 3782.33 3786.23 3790.29 3795.59 3792.76 3790.21 3783.1 3787.3 3786.63 -9999 -9999 3794.22 3809.29 3804.59 3806.38 3821.05 3815.01 3813.47 3818.14 3820.93 3829.24 3833.09 3840.16 3834.32 3832.32 3839.49 3842.76 3842.37 3849.3 3851.98 3846.57 3845.34 3845.52 3843.75 3847.07 3846.94 3848.76 3853.22 3859.19 3866.4 3865.77 3862.52 3861.8 3857.07 3845.2 3841.8 3843.94 3859.88 3848.92 3843.47 3835.86 -9999 3835.15 3836.91 3845.47 -9999 -9999 3834.18 3842.64 3841.84 3850.75
-9999 -9999 -9999 -9999 -9999 -9999 3783.9 3788.78 3791.48 3801.6 3810.11 3809.84 -9999 3808.59 -9999 -9999 3812.92 3824.73 -9999 3819.05 3821.91 3822.34 3816.12 3823.33 3822.42 3825.61 3844 3847.95 3847.43 3844.25 3844.95 3846.14 3851.49 3855.58 3860.95 3859.58 3857.08 3865.7 3869.4 3867.65 3868.51 3866.65 3875.11 3875.98 3874.43 3876.84 3873.03 3873.67 3874.49 3877.57 3877.6 3880.84 3888.35 3882.19 3883.71 3874.14 3861.54 3866.77 3861.53 3860.07 3849.41 3864.95 3856.44 3855.25 3848.13 3852.41 3858.74 3877.98 3871.59 3862.75 3867.11
-9999 -9999 -9999 -9999 -9999 -9999 3804.62 3809.51 3818.6 3824.19 3825.58 3821.93 3831.2 3830.56 3832 -9999 3836.51 3838.43 3837.56 3846.42 3853.57 3860.32 3853.2 3849.63 3860.44 -9999 3856.19 3865.57 3877.42 3878.78 3874.88 3882.6 3877.7 3884.28 3880.47 3883.06 3890.09 -9999 3886.31 3891.5 3896.57 3896.79 3889.53 3894.99 3900 3894.89 3892.39 3897.77 3902.27 3903.86 3900.95 3898.64 3899.03 3909 3908.88 3892.65 3890.22 3898.72 3889.53 3884.86 3894.65 3879.4 -9999 3880.01 3880.23 3872.57 3876.17 3853.46 3854.45 3900.97 3898.27
-9999 -9999 -9999 -9999 -9999 -9999 3828.8 3837.92 -9999 3845.85 3848.68 3855.64 3857.57 3856.7 -9999 3856.34 3858.98 3866.42 3874.92 3878.57 3875.7 3879.85 3876.13 3878.58 3878.71 3881.16 3893.98 3896.68 3890.62 3895.72 3901.01 3898.07 3904.38 3898.28 3902.24 3907.13 3911.7 3910.94 3911.48 3913.98 3921.88 3927.61 3941.71 3937.62 3925.05 3925.39 3928.09 3924.71 3921.4 3924.99 3926.94 3935.3 3933.27 3935.05 3923.02 3910.11 3911.76 3928.19 3932.45 3922.57 3926.19 3919.41 3916.19 3903.99 3902.27 3896.5 3882.3 3872.66 3874.89 3857.83 3871.4
