resultados/variables_norteamerica/sun_rad_minimum.asc
ncols 469
nrows 225
xllcorner -169.133333
yllcorner 20.675000
cellsize 0.249840
NODATA_value -9999
[rows 192 to 223 of 225, columns 216 to 287 of 469]
-9999 -9999 -9999 3324.97 3290.4 3280.98 3243.19 3245.32 -9999 -9999 -9999 -9999 -9999 3250.17 3258.32 3268.23 3276.34 3288.92 3318.28 3325.34 3356.72 3324.09 3371.05 3274.64 3365.75 3340.8 3410.27 3521.4 3554.87 3542.49 3558.48 3525.56 3588.58 3579.22 3601.55 3458.06 3477.46 3431.93 3436.73 3403.15 3408.64 3395.7 3429.4 3489.2 3492.04 3390.59 3309.27 3310.34 3388.04 3376.67 3486.83 3484.26 3522.58 3448.5 3368.35 3319.08 3303.97 3290.81 3287.26 3284.22 3281.07 3285.41 3282.91 3278.58 3278.67 3275.14 3272.06 3264.82 3265.26 3257.96 3267.93 3259.08
-9999 -9999 -9999 -9999 3323.33 3377.31 3327.24 3238.93 -9999 -9999 -9999 -9999 -9999 3275.44 3283.29 3292.55 3296.56 3331.64 3361.25 3354.95 3361.39 3395.71 3342.47 3497.22 3432.37 3476.34 3533.34 3602.1 3524.41 3561.87 3556.36 3633.24 3579.75 3597.82 3584.64 3582.75 3436.5 3466.67 3451.28 3501.65 3469.46 3457.72 3464.05 3486.68 3507.2 3511.81 3518 3414.57 3372.99 3460.85 3479.01 3421.86 3371.53 3439.63 3445.08 3368.95 3334.31 3319.12 3311.1 3314.25 3303.01 3301.31 3309.18 3309.81 3301.83 3300.21 3295.18 3293.28 3298.73 3297.69 3289.59 3287.72
-9999 -9999 -9999 -9999 3314.49 3417.42 3515.79 3401.49 3311.85 -9999 -9999 -9999 -9999 -9999 -9999 3301 3346.14 3346.15 3340.48 3351.68 3400.97 3404.38 3340.94 3426.08 3494.8 3548.6 3590.79 3588.4 3607.86 3565.14 3590.19 3612.33 3641.92 3606.68 3635.63 3593.67 3618.15 3532.27 3485.79 3488.02 3532.11 3563.62 3542.47 3546.44 3523.34 3543.05 3495.82 3470.7 3428.99 3414.99 3564.58 3513.49 3493.59 3429.45 3415.48 3425.35 3366.26 3346.18 3346.8 3342.63 3348.86 3334.53 3326.61 3326.54 3330.3 3327.52 3318.28 3310.55 3317.39 3325.5 3317.89 3313.57
-9999 -9999 -9999 -9999 3342.99 3366.14 3413.39 3454.54 3436.22 -9999 -9999 -9999 -9999 -9999 -9999 3376.66 3381.26 3385.45 3368.22 3372.75 3359 3370.13 3386.32 3407.39 3561.17 3581.46 3472.08 3620.29 3726.24 3719.34 3707.85 3666.09 3676.47 3674.17 3598.18 3590.6 3607.56 3542.7 3512.78 3528.73 3528.96 3554.24 3556.61 3528.21 3558.8 3526.81 3557.32 3530.67 3616.73 3521.45 3549.26 3557.37 3500.6 3395.17 3423.97 3415.08 3431.77 3406.19 3383.45 3370.76 3368.76 3371.83 3367.47 3362.1 3352.75 3347.18 3349.5 3357.28 3349.74 3349.39 3344.31 3342.17
-9999 3359.55 3319.23 -9999 -9999 3382.17 3395.47 3385.52 3382.73 3373.65 -9999 -9999 -9999 -9999 -9999 -9999 -9999 -9999 3374.31 3439.69 3429.75 3386.85 3453.33 3481.32 3547.41 3448.12 3541.77 3560.15 3629.41 3744.11 3757.66 3754.4 3709.78 3628.14 3606.24 3586.34 3557.8 3553.38 3561.41 3566.02 3579.92 3581.05 3563.7 3634.44 3560.78 3576.31 3561.57 3519.59 3535.92 3547.71 3530.56 3585.7 3560.33 3532.14 3423.11 3422.78 3429.29 3475.21 3434.1 3410.07 3394.97 3401.91 3405.76 3390.16 3382.89 3380.4 3397.32 3392.33 3383.16 3373.24 3371.83 3369.53
-9999 3443.06 3424.96 3347.92 3396.51 3396.71 3407.86 3455.83 3540.94 3440.41 3390.22 -9999 -9999 -9999 -9999 -9999 -9999 -9999 3396.6 3412.84 3411.37 3435.01 3475.93 3476.78 3537.44 3530.53 3644.52 3651.8 3714.51 3745.92 3781.82 3745.35 3682 3736.51 3685.08 3681.49 3667.13 3641.29 3601.1 3587.59 3594.78 3583.59 3650.87 3620.93 3628.91 3624.58 3620.23 3587.36 3568.93 3628.39 3579.08 3643.01 3592.58 3507.3 3519.01 3471.57 3458.38 3447.45 3444.97 3438.1 3437.84 3422.34 3425.64 3430.56 3423.57 3432.82 3429.11 3419.07 3409.73 3402.79 3401.7 3397.1
-9999 -9999 -9999 3547.19 3433.43 3424.49 3409.1 3446.92 3529.52 3483.2 3475.99 -9999 -9999 -9999 -9999 -9999 -9999 -9999 -9999 3432.19 3435.77 3446.6 3464.66 3478.36 3493.5 3464.92 3499.15 3616.68 3704.38 3788.04 3753.2 3777.83 3778.47 3683.88 3693.54 3661.72 3617.5 3638.39 3647.67 3637.83 3638.53 3666.23 3663.92 3645.41 3647.95 3633.58 3638.35 3626.8 3616.28 3633.84 3665.14 3624.05 3611.07 3588.14 3544.04 3500.01 3435.45 3467.22 3469.93 3466.09 3468.56 3466.86 3456.33 3455.32 3469.34 3467.52 3454.79 3444.95 3437.76 3434.19 -9999 -9999
-9999 -9999 -9999 -9999 3483.62 3520.42 3546.37 3468.53 3471.13 3496.2 3505.64 3458.99 -9999 -9999 -9999 -9999 -9999 -9999 -9999 -9999 -9999 3467.16 3472.16 3470.58 3466.78 3602.92 3667.24 3721.12 3853.76 3685.69 3841.07 3809.24 3800.49 3768.66 3784.43 3690.84 3702.92 3704.92 3683.19 3683.55 3665.54 3675.27 3717.91 3732.07 3743.97 3672.3 3667.24 3606.02 3639.25 3686.46 3793.64 3645.07 3735.08 3586.65 3518.64 3502.34 3554.48 3476.7 3484.85 3453.65 3486.79 3489.5 3479.41 3487.66 3489.59 3495.44 3483.02 3472.01 3465.83 3463.31 3459.43 -9999
-9999 -9999 -9999 -9999 -9999 -9999 -9999 3493.4 3502.14 3558.94 3658.5 3564.13 3464.48 3516.63 -9999 -9999 -9999 -9999 -9999 -9999 -9999 -9999 -9999 3520.54 3573.21 3570.37 3594.25 3543.78 3528.53 3479.69 3661.98 3933.67 3969.99 3854.02 3767.06 3694.19 3804.15 3735.22 3760.52 3724.36 3715.99 3702.65 3704.46 3706.3 3667.06 3671.47 3647.92 3690.96 3590.5 3619.17 3727.59 3623.51 3564.59 3569.82 3538.11 3552.3 3507.8 3596.57 3527.94 3553.41 3512.84 3507.86 3508.38 -9999 3515.04 3529.07 3509.5 3504.41 3495.68 3492.51 3493.74 -9999
-9999 -9999 -9999 -9999 -9999 -9999 -9999 -9999 -9999 3591.06 3629.67 3628.91 3584.95 -9999 -9999 -9999 -9999 -9999 -9999 -9999 -9999 -9999 -9999 -9999 3564.27 3550.59 -9999 3586.75 3654.04 3720.38 3718.59 3670.24 3725.84 3866.87 3877.49 3808.79 3781.17 3825.75 3806.7 3772.17 3763.03 3768.03 3741.17 3711.06 3717.99 3704.19 3707.69 3692.74 3789.35 3816.58 3638.62 3620.23 3643.62 3648.27 3567.85 3688.82 3723.69 3625.16 3562.07 3606.29 3568.97 3546.52 3542.68 3549.1 3547.95 3547.38 3544.88 3530.29 3524.79 3523.94 3523.96 -9999
-9999 -9999 -9999 -9999 -9999 -9999 -9999 -9999 -9999 -9999 -9999 3670.66 3635.95 3588.69 3538.3 -9999 -9999 -9999 -9999 -9999 -9999 -9999 -9999 -9999 3561.21 3590.74 3567.75 3620.06 3687.54 3801.55 3810.51 3917.39 3873.89 3852.78 3936.84 3888.02 3945.55 3921.86 3833.95 3802.45 3816.45 3775.8 3774.68 3740.56 3731.21 3733.16 3757.17 3770.88 3753.99 3673.99 3690.69 3792.73 3686.42 3788.68 3842.96 3711.62 3635.9 3604.97 3675.27 3638.68 3543.73 3554.07 3574.68 3566.54 3562.21 3564.69 3573.44 3564.6 3555.11 3553.6 3553.41 3557.35
-9999 -9999 -9999 -9999 -9999 -9999 -9999 -9999 -9999 -9999 -9999 3615.04 3657.78 3695.9 3615.06 -9999 -9999 -9999 -9999 -9999 -9999 -9999 -9999 3584.32 3587.86 3595.42 3642.24 3671.32 3792.33 3678.17 3705.56 3845.35 3884.86 3956.98 3993.79 4036.79 3992.86 3878.61 3873.67 3933.39 3879.93 3849.49 3814.26 3770.45 3754.14 3748.67 3758.42 3789.21 3781.25 3783.81 3804.11 3858.82 3894.65 3770.24 3763.26 3741.1 3754.08 3755.77 3652.47 3691.52 3735.89 3672.22 3617.51 3602.87 3594.53 3586.56 3582.36 3584.16 3587.17 3585.7 3584.28 3585.09
-9999 -9999 -9999 -9999 -9999 -9999 -9999 -9999 -9999 -9999 -9999 -9999 3631.4 3688.03 3717.34 -9999 -9999 -9999 -9999 -9999 -9999 -9999 -9999 -9999 3616.74 3621.39 3632.47 3635.85 3651.47 3706.61 3831.09 3711.78 3849.69 3983.83 4076.49 4056.46 4033.15 3954.18 3851.14 3887.82 3961.82 3906.98 3864.31 3853.54 3776.98 3757.85 3784.29 3780.78 3776.78 3789.16 3793.36 3785.83 3808.12 3855.13 3976.12 3748.5 3688.43 3680.49 3660.07 3677.78 3682.96 3707.41 3648.06 3632.42 3626.11 3629.13 3630.32 3624.71 3617.33 3616.22 3615.28 3614.03
-9999 -9999 -9999 -9999 -9999 -9999 -9999 -9999 -9999 -9999 -9999 -9999 3647.35 3667.52 3707.57 3683.28 -9999 -9999 -9999 -9999 -9999 -9999 -9999 -9999 -9999 3640.55 3648.61 3652.89 3670.81 3693.34 3830.61 3849.55 3896.75 3981.56 3958.88 4041.15 4018.5 4008.59 3946.95 3921.06 -9999 3987.83 3966.6 3963.27 3980.75 3879.52 3801.86 3823.99 3838.99 3821.03 3765.78 3699.75 3774.84 3788.25 3794.4 3820.57 3785.32 3695.77 3648.13 3531.65 3683.84 3682.86 3674.46 3665.88 3672.04 3683.49 3667.81 3653.31 3648.39 3646.19 3644.99 3643.95
-9999 -9999 -9999 -9999 -9999 -9999 -9999 -9999 -9999 -9999 -9999 -9999 3675.68 3678.18 3705.07 3753.86 3698.74 -9999 -9999 -9999 -9999 -9999 -9999 -9999 -9999 -9999 -9999 3676.69 3688.63 3720.23 3739.6 3760.58 3914.52 3940.36 3802.69 4006.03 4049.09 3948.32 4119.75 3909.31 3871.9 3832.93 3983.33 3945.28 3899.29 3929.58 3880.16 3748.66 3763.88 3766.3 3856.9 4020.29 3981.47 3886.57 3789.87 3765.92 3902.87 3987.01 4038.34 3859.67 3610.09 3708.51 3701.91 3700.93 3692.15 3686.86 3698.38 3690.02 3678.19 3673.78 -9999 -9999
-9999 -9999 -9999 -9999 -9999 -9999 -9999 -9999 -9999 -9999 -9999 -9999 3706.86 3712.54 3720.39 3750.36 3763.91 -9999 -9999 -9999 -9999 -9999 -9999 -9999 -9999 -9999 -9999 -9999 3716.02 3739.77 3766.37 3797.48 3926.2 3876.94 3917.64 4163.71 4119.04 4092.37 3955.6 4003.76 4101.87 4078.36 3931.66 3914.53 3951.93 3893.19 3910.84 4018.72 3954.08 3962.78 3936.04 3859.52 3911.51 3997.95 4140.64 4158.57 4081.07 4057.29 4109.43 3944.48 3771.9 3747.28 3756.91 3743.22 3718.77 3713.89 3720.23 3725.1 3706.45 3706.74 -9999 -9999
-9999 -9999 -9999 -9999 -9999 -9999 -9999 -9999 -9999 -9999 -9999 -9999 -9999 3739.54 3748.41 3768.04 3810.74 3811.06 -9999 -9999 -9999 -9999 -9999 -9999 -9999 -9999 -9999 -9999 -9999 3736.59 3749.37 3764.18 3768.93 3886.72 4085.05 3900.14 4108.14 4145.76 4124.51 4073.88 3972.45 4059.9 3986.96 3964.11 3983.22 3962.18 3923.84 3938.64 3998.97 3993.74 4003.95 4014.12 3972.7 4029.71 3909.19 4040.3 4024.18 4077.4 4031.57 4149.96 3926.36 3719.14 3779.09 3766.69 3738.08 3708.32 3729.46 3741.86 3738.78 3732.72 -9999 -9999
-9999 -9999 -9999 -9999 -9999 -9999 -9999 -9999 -9999 -9999 -9999 -9999 -9999 3766.04 3771.52 3790.65 3794.85 -9999 -9999 -9999 -9999 -9999 -9999 -9999 -9999 -9999 -9999 -9999 -9999 -9999 3764.4 3784.93 3833.6 3802.67 3837.38 3856.81 3846.03 4042 4146.35 4075.48 4175.86 4067.79 4088.43 4155.6 4086.38 4066.31 4093.56 4007.9 3995.64 4010.03 3997.57 4067.02 4066.86 4030.89 4188.86 4041.94 4099.11 4092.44 4134.93 4094.47 4061.6 3864.47 3796.4 3827.74 3912.65 3922.82 3841.24 3780.98 3770.23 3765.69 -9999 -9999
-9999 -9999 -9999 -9999 -9999 -9999 -9999 -9999 -9999 -9999 -9999 -9999 -9999 -9999 -9999 3811.84 3830.55 3846.05 -9999 -9999 -9999 3780.07 -9999 -9999 -9999 -9999 -9999 -9999 -9999 -9999 -9999 3801.46 3828.42 3876.87 3891.89 4068.57 4229.2 4319.04 4228.84 4192.29 4219.85 4172.9 4138.27 4135.2 4115.57 4115.37 4104.2 4080.36 4114.09 4052.13 4085.28 4052.44 4131.81 4130.28 4142.68 4072.31 4124.16 4075.42 4078.18 4137.72 4185.23 4129.83 3891.23 3842.51 3856.21 3882.3 3848.9 3833.01 3804.68 3796.37 -9999 -9999
-9999 -9999 -9999 -9999 -9999 -9999 -9999 -9999 -9999 -9999 -9999 -9999 -9999 -9999 -9999 -9999 -9999 3893.72 3837.68 3824.67 3840.64 -9999 -9999 -9999 -9999 -9999 -9999 -9999 -9999 -9999 -9999 -9999 3839.88 3895.88 3960.44 3994.81 3972.96 4088.26 4237.18 4270.16 4225 4174.5 4129.95 4137.86 4196.2 4224.6 4170.91 4196 4155.81 4143.12 4095.16 4117 4097.07 4124.79 4114.7 4144.29 4171.78 4133.7 4152.91 4077.47 4102.99 3858.31 3698.26 3809.38 3854.25 3862 3835.76 3841.3 3838.06 3825.89 -9999 -9999
-9999 -9999 -9999 -9999 -9999 -9999 -9999 -9999 -9999 -9999 -9999 -9999 -9999 -9999 -9999 -9999 -9999 -9999 3895.3 3899.04 3863.62 3838.34 -9999 -9999 -9999 -9999 -9999 -9999 -9999 -9999 -9999 -9999 -9999 -9999 3865.91 3951.48 4158.44 3911.23 4144.18 4244.75 4268.79 4180.59 4122.45 4196.01 4161.1 4191.27 4222.71 4192.45 4166.21 4187.88 4254.23 4149.35 4162.49 4167.35 4202.95 4203.43 4161.28 4051.73 4179.41 4198.07 4172.68 4214.04 4155.86 3903 3869.78 3877.7 3881.61 3854.57 3876.38 3857.06 -9999 -9999
-9999 -9999 -9999 -9999 -9999 -9999 -9999 -9999 -9999 -9999 -9999 -9999 -9999 -9999 -9999 -9999 -9999 -9999 -9999 -9999 4022.67 3912.33 3844.41 -9999 -9999 -9999 -9999 -9999 -9999 -9999 -9999 -9999 -9999 -9999 3956.39 3956 3974.35 4240.1 4307.97 4267.49 4333.3 4286.92 4306.04 4121.81 4180.06 4257.32 4255.98 4210.62 4196.33 4230.8 4204.53 4224.36 4235.73 4263.38 4288.03 4203.28 4179.12 4343.53 4133.66 4191.42 4177.26 4302.22 4169.55 4068.33 3922.97 3896.23 3907.76 3888.93 3894.64 3892.65 -9999 -9999
-9999 -9999 -9999 -9999 -9999 -9999 -9999 -9999 -9999 -9999 -9999 -9999 -9999 -9999 -9999 -9999 -9999 -9999 -9999 -9999 4002.16 3989.54 3994.42 -9999 -9999 -9999 -9999 -9999 -9999 -9999 -9999 -9999 -9999 -9999 -9999 3950.08 3994.5 4127.17 4164.09 4256.98 4238.53 4453.77 4321.49 4280.26 4344.81 4326.19 4333.89 4340.53 4292.4 4267.08 4265.65 4259.02 4239.68 4242.36 4274.11 4327.87 4260.62 4196.14 4237.03 4213.33 4225.8 4234.94 4110.04 3962.11 4019.4 3973.5 4020.1 3958.38 3938.43 3928.92 -9999 -9999
-9999 -9999 -9999 -9999 -9999 -9999 -9999 -9999 -9999 -9999 -9999 -9999 -9999 -9999 -9999 -9999 -9999 -9999 -9999 -9999 4088.52 4074.9 -9999 -9999 -9999 -9999 -9999 -9999 -9999 -9999 -9999 -9999 -9999 -9999 -9999 -9999 3987.3 3992.59 4078.06 4186.63 4285.23 4136.27 4147.51 4333.97 4328.09 4316.68 4359.49 4306.94 4302.79 4295.87 4280.33 4269.5 4282.51 4297.91 4307.67 4336.79 4338.6 4303.62 4171.3 4221.11 4270.04 4227.09 4266.79 4311.13 4008.47 3995.84 4093.46 4125.45 3985.41 3963.18 -9999 -9999
-9999 -9999 -9999 -9999 -9999 -9999 -9999 -9999 -9999 -9999 -9999 -9999 -9999 -9999 -9999 -9999 -9999 -9999 -9999 -9999 -9999 -9999 -9999 -9999 -9999 -9999 -9999 -9999 -9999 -9999 -9999 -9999 -9999 -9999 -9999 -9999 -9999 4018.28 4079.09 4098.34 4132.58 4284.59 4392.25 4319.15 4308.79 4422.79 4398.68 4347.76 4370.86 4371.27 4345.51 4323.02 4329.52 4351.58 4315.98 4330.43 4278.19 4317.1 4194.09 4187.31 4181.94 4191.17 4127.45 4044.29 3985.87 3993.47 4007.04 4017.78 4005.46 3988.48 -9999 -9999
-9999 -9999 -9999 -9999 -9999 -9999 -9999 -9999 -9999 -9999 -9999 -9999 -9999 -9999 -9999 -9999 -9999 -9999 -9999 -9999 -9999 -9999 -9999 -9999 -9999 -9999 -9999 -9999 -9999 -9999 -9999 -9999 -9999 -9999 -9999 -9999 -9999 -9999 4033.05 4066.7 4301.57 4204.48 4225.84 4375.25 4167.43 4368.95 4342.28 4441.42 4397.86 4388.94 4374.75 4388.54 4364.73 4359.58 4344.24 4339.4 4297.92 4261.32 4281.1 4331.7 4195.81 4180.09 4154.15 4052.34 4006.63 4016.16 4015.02 4023.2 4017.03 -9999 -9999 -9999
-9999 -9999 -9999 -9999 -9999 -9999 -9999 -9999 -9999 -9999 -9999 -9999 -9999 -9999 -9999 -9999 -9999 -9999 -9999 -9999 -9999 -9999 -9999 -9999 -9999 -9999 -9999 -9999 -9999 -9999 -9999 -9999 -9999 -9999 -9999 -9999 -9999 -9999 4038.27 4071.55 4172.57 4363.45 4133.94 4368.41 4283.84 4299.19 4455.49 4425.71 4383.32 4406.01 4477.37 4399.08 4400.95 4399.49 4437.94 4384.09 4330.82 4338.51 4317.83 4245.06 4248.94 4229.21 4260.19 4117.89 4107.51 4043.95 4042.15 4039.25 4038.89 4037.72 -9999 -9999
-9999 -9999 -9999 -9999 -9999 -9999 -9999 -9999 -9999 -9999 -9999 -9999 -9999 -9999 -9999 -9999 -9999 -9999 -9999 -9999 -9999 -9999 -9999 -9999 -9999 -9999 -9999 -9999 -9999 -9999 -9999 -9999 -9999 -9999 -9999 -9999 -9999 -9999 4068.73 4072.3 4124.93 4282.54 4286.06 4288.27 4353.68 4364.02 4342.23 4380.92 4395.08 4426.13 4505.24 4419.24 4433.67 4457.38 4453.13 4442.39 4398.84 4412.94 4302.96 4173.44 4252.88 4253.73 4318.97 4161.37 4115.35 4092.28 4072.56 4067.64 4067.8 -9999 -9999 -9999
-9999 -9999 -9999 -9999 -9999 -9999 -9999 -9999 -9999 -9999 -9999 -9999 -9999 -9999 -9999 -9999 -9999 -9999 -9999 -9999 -9999 -9999 -9999 -9999 -9999 -9999 -9999 -9999 -9999 -9999 -9999 -9999 -9999 -9999 -9999 -9999 -9999 -9999 -9999 4102.44 4104.47 4157.26 4199.35 4246.73 4302.51 4413.95 4375.96 4412.59 4506.26 4378.97 4480.42 4434.45 4456.63 4468.51 4481.23 4468.01 4497.32 4428.27 4467.18 4434.69 4226.95 4292.77 4319.92 4183.44 4089.61 4095.89 4102.15 4100.59 4099.38 4097.1 4102.68 -9999
-9999 -9999 -9999 -9999 -9999 -9999 -9999 -9999 -9999 -9999 -9999 -9999 -9999 -9999 -9999 -9999 -9999 -9999 -9999 -9999 -9999 -9999 -9999 -9999 -9999 -9999 -9999 -9999 -9999 -9999 -9999 -9999 -9999 -9999 4142 -9999 -9999 -9999 -9999 4126.38 4094.02 4173.81 4212.15 4418.25 4422.2 4301.79 4515.47 4412.88 4412.08 4479.88 4480.47 4468.27 4479.56 4538.77 4477.01 4511.19 4431.49 4458.94 4403.73 4363.82 4318.74 4232.47 4285.97 4095.35 4040.24 4151.48 4125.35 4134.65 4129.96 4133.3 -9999 4127.64
-9999 -9999 -9999 -9999 -9999 -9999 -9999 -9999 -9999 -9999 -9999 -9999 -9999 -9999 -9999 -9999 -9999 -9999 -9999 -9999 -9999 -9999 -9999 -9999 -9999 -9999 -9999 -9999 -9999 -9999 -9999 -9999 -9999 -9999 -9999 -9999 -9999 -9999 -9999 -9999 4324.97 4344.86 4246.04 4275.9 4421.24 4456.96 4531.99 4602.53 4411.06 4536.49 4462.24 4483.11 4518.19 4546.36 4611.64 4525.37 4552.95 4529.96 4530.88 4445.11 4340.61 4255.69 4200.7 4355.79 4425.54 4122.58 4169.09 4171.55 4160.08 4161.44 4154.36 -9999
-9999 -9999 -9999 -9999 -9999 -9999 -9999 -9999 -9999 -9999 -9999 -9999 -9999 -9999 -9999 -9999 -9999 -9999 -9999 -9999 -9999 -9999 -9999 -9999 -9999 -9999 -9999 -9999 -9999 -9999 -9999 -9999 -9999 -9999 -9999 -9999 -9999 -9999 -9999 -9999 4281.82 4362.65 4459.44 4327.85 4308.06 4459.89 4483.95 4396.2 4527.63 4484.47 4475.87 4465.65 4515.26 4534.46 4601.92 4679.52 4567.16 4537 4539.48 4461.46 4467.58 4567.54 4319.44 4285.55 4177.32 4126.19 4117.02 4177 4200.3 4236.92 4207.42 4187.22
