resultados/variables_norteamerica/sun_rad_maximum.asc
ncols 469
nrows 225
xllcorner -169.133333
yllcorner 20.675000
cellsize 0.249840
NODATA_value -9999
[rows 96 to 127 of 225, columns 142 to 212 of 469]
-9999 -9999 -9999 -9999 -9999 7277.71 7284.73 7289.88 -9999 -9999 -9999 -9999 -9999 -9999 -9999 -9999 -9999 -9999 7325.68 -9999 7287.15 7280.96 7225.04 7191.2 7139.7 7296.75 7234.9 7257 7452.19 7516.32 7588.58 7632.84 7627.04 7687.75 7688.76 7713.13 7736.5 7699.09 7659.07 7642.67 7581.04 7649.48 7597.53 7599.84 7503.54 7512.7 7583.8 7620.39 7682.12 7597.19 7605.52 7485.08 7528.64 7617.2 7589.06 7519.27 7500.32 7523.98 7630.98 7612.42 7660.55 7734.1 7615.21 7722.94 7722.99 7735.47 7763.87 7727.85 7701.27 7657.07 7631.87
-9999 -9999 -9999 -9999 -9999 -9999 -9999 7306.02 -9999 -9999 -9999 -9999 -9999 -9999 -9999 -9999 -9999 -9999 7339.67 7336.93 7307.77 7297.15 7281.05 7212.45 7217.81 -9999 7224.48 7338.95 7395.35 7611.63 7717.66 7748.42 7663.21 7704.24 7735.8 7786.81 7717.43 7696.93 7676.65 7675.08 7647.59 7656.64 7664.01 7645.01 7506.52 7597.48 7548.51 7577.29 7569.86 7630.81 7590.81 7549.44 7563.76 7497.73 7574.88 -9999 7560.22 7568.95 7490.57 7537.78 7672.03 7732.89 7624.15 7617.54 7721.23 7807.97 7762.09 7708.69 7760.23 7708.41 7678.26
-9999 -9999 -9999 -9999 -9999 -9999 -9999 -9999 -9999 -9999 -9999 -9999 -9999 -9999 -9999 -9999 -9999 -9999 -9999 7338.8 -9999 7333.86 7276.76 7225.95 7252.63 -9999 7236.44 7199.75 7191.39 7179.41 7324.55 7492.51 7674.53 7666.58 7680.41 7754.93 7698.72 7655.22 7631.43 7648.48 7641.27 7667.49 7674.58 7648.87 7592.08 7522.34 7590.58 7593.64 7573.49 7576.75 7543.3 7564.48 7623.91 7555.56 7565.73 7594.87 -9999 7530.98 7508.69 7520.64 7452.94 7633.93 -9999 7595.76 7663.6 7735.82 7815.37 7831.62 7770.47 7701.6 7740.2
-9999 -9999 -9999 -9999 -9999 -9999 -9999 -9999 -9999 -9999 -9999 -9999 -9999 -9999 -9999 -9999 -9999 -9999 -9999 -9999 -9999 7348.19 -9999 7337.2 -9999 7240.31 7316.71 -9999 7220.57 -9999 7452.35 7445.12 7654.51 7689.56 7646.75 7708.73 7683.8 7632.94 7637.67 7615.39 7615.78 7608.12 7680.69 7688.14 7624.4 7529.1 7567.26 7605.37 7636.31 7637.69 7718.98 7675.47 7700.55 7677.51 7629.93 7638.38 7663.48 7528.68 7487.73 7560.06 7473.54 7445.06 7531.54 7531.48 -9999 7724.78 7643 7716.02 7642.58 7747.95 7798.17
-9999 -9999 -9999 -9999 -9999 -9999 -9999 -9999 -9999 -9999 -9999 -9999 -9999 -9999 -9999 -9999 -9999 -9999 -9999 -9999 -9999 -9999 7357.31 7299.34 7325.51 7238.29 7308.09 7243.54 7374.06 7325.22 -9999 7293.6 7535.03 7475.7 7670.99 7631.69 7604.6 7708.42 7675.16 7665.45 7666 7653.17 7614 7611.15 7565.19 7546.9 7624.22 7617.65 7616.99 7648.2 7604.89 7594.98 7589.76 7612.22 7571.49 7710.59 7673.4 7563.13 7394.59 7487.52 7516.1 7517.89 7457.46 -9999 7586.34 7472.02 -9999 7612.98 7791.1 7807.57 7811.2
-9999 -9999 -9999 -9999 -9999 -9999 -9999 -9999 -9999 -9999 -9999 -9999 -9999 -9999 -9999 -9999 -9999 -9999 -9999 -9999 -9999 -9999 7373.84 7368.64 -9999 7267.18 7214.25 7256.95 7392.8 7480.69 -9999 -9999 7283.54 7540.74 7468.06 7598.22 7662.97 7642.64 7689.39 7693.98 7773.13 7756.44 7711.39 7716.39 7670.9 7546.68 7664.66 7675.35 7681.5 7658.03 7663.87 7677.59 7726.79 7646 7509.3 7522.11 7544.58 7528.6 7617.17 7566.44 7482.33 7427.59 7514.31 -9999 7538.42 7592.07 7599.48 7560.99 7830.18 7843.43 -9999
-9999 -9999 -9999 -9999 -9999 -9999 -9999 -9999 -9999 -9999 -9999 -9999 -9999 -9999 -9999 -9999 -9999 -9999 -9999 -9999 -9999 -9999 -9999 -9999 7348.6 7305.89 7300.72 7405.42 -9999 7431.23 -9999 7292.48 7511.56 -9999 7481.09 7423.13 7443.26 7693.47 7678.98 7727.48 7757.78 7802.88 7815.14 7800.04 7731.5 7541.22 7644.81 7666.56 7682.92 7674.01 7670.87 7694.81 7708.45 7628.79 7623.7 7576.67 7539.05 7579.71 7602.09 7484.81 7423.4 -9999 7568.05 7602.98 7544.57 7727.29 7562.07 7677.72 7592.66 7686.86 7772.38
-9999 -9999 -9999 -9999 -9999 -9999 -9999 -9999 -9999 -9999 -9999 -9999 -9999 -9999 -9999 -9999 -9999 -9999 -9999 -9999 -9999 -9999 -9999 -9999 -9999 7341.34 -9999 7339.98 7313.48 7287.31 7292.49 7333.05 7201.99 -9999 7272.27 7439.63 -9999 -9999 7572.81 7809.52 7692.49 7853.79 7816.95 7762.25 7813.21 7752.31 7529.86 7716.9 7613.73 7652.03 7681.41 7693.73 7794.96 7639.89 7532.5 7515.03 7577.99 7662.01 7465.5 7535.77 7510.91 7457.34 7528.31 -9999 7475.98 -9999 -9999 7560.65 7627.9 7710.86 7730.9
-9999 -9999 -9999 -9999 -9999 -9999 -9999 -9999 -9999 -9999 -9999 -9999 -9999 -9999 -9999 -9999 -9999 -9999 -9999 -9999 -9999 -9999 -9999 -9999 -9999 7391.65 -9999 7348.66 -9999 -9999 7317.65 7349.12 -9999 7368.43 7352.07 7215.35 7204.52 7469.98 7531.31 -9999 7773.25 7669.5 7603.05 7566.98 7620.7 7501.48 7552.28 7544.15 7650.7 7603.02 7569.66 7574.89 7669.54 7555.11 7646.65 7610.62 7488.18 7445.52 7464.3 7612.42 7547.4 7505.29 7513.2 7546.41 7537.48 7579.62 7660.92 7753.82 7605.27 7631.05 7662.1
-9999 -9999 -9999 -9999 -9999 -9999 -9999 -9999 -9999 -9999 -9999 -9999 -9999 -9999 -9999 -9999 -9999 -9999 -9999 -9999 -9999 7400.96 7407.19 7414.85 -9999 7380.91 7361.78 -9999 -9999 -9999 7338.9 7344.39 -9999 7335.87 7350.24 7276.85 7376.26 7221.3 7230.55 7686.81 7516.14 7514.92 7497.51 7670.44 7481.87 7555.61 7426.4 7486.67 7718 7533.48 7753.39 7711.55 7657.29 7581.96 7605.36 7580.25 7640.35 7500.84 7546.41 7512.38 7670.4 7569.28 7562.57 7504.98 7554.49 7587.85 7530.32 7644.61 7670.59 7639.41 7641.98
-9999 -9999 -9999 -9999 -9999 -9999 -9999 -9999 -9999 -9999 -9999 -9999 -9999 -9999 -9999 -9999 -9999 -9999 -9999 -9999 -9999 -9999 -9999 7368.04 7366.04 7373.52 7394.7 7426.37 7415.55 7382.46 7382.82 -9999 -9999 -9999 7334.61 7380.33 -9999 7353.29 7309.04 7431.18 7512.95 7660.9 7536.8 7380.96 7526.14 7696.19 7694.14 7519.46 7498.94 7499.09 7737.21 7743.32 7748.34 7691.02 7736.36 7684.37 7632.97 7503.46 7621.36 7516.91 7575.96 7662.8 7565.76 7546.09 7640.88 7647.36 7530.97 7601.12 7725.84 7729.35 7650.06
-9999 -9999 -9999 -9999 -9999 -9999 -9999 -9999 -9999 -9999 -9999 -9999 -9999 -9999 -9999 -9999 -9999 -9999 -9999 -9999 -9999 -9999 -9999 -9999 -9999 -9999 7350.38 7407.19 7349.62 7460.34 7432.37 7437.44 7473.84 -9999 -9999 -9999 7393.32 7353.28 7370.23 7272.8 7448.62 7486.31 7567.32 7629.86 7412.79 7621.41 7569.16 7562.07 7456.91 7745.91 7620.12 7624.13 7644.94 7690.43 7732.29 7814.33 7576.06 7625.39 7744.91 7792.08 7699.13 7745.4 7519.01 7496.92 7576.1 7595.23 7554.02 7602.66 7703.7 7796.95 7710.98
-9999 -9999 -9999 -9999 -9999 -9999 -9999 -9999 -9999 -9999 -9999 -9999 -9999 -9999 -9999 -9999 -9999 -9999 -9999 -9999 -9999 -9999 -9999 -9999 -9999 -9999 7413.09 7397.23 7385.08 7423.73 7400.55 7405.95 7426.06 7472.74 -9999 -9999 7436.9 7459.86 -9999 7347.18 7449.53 7365.26 7578.8 7547.92 7551.23 7385.66 7445.94 7534.5 7503.14 7623.41 7689.13 7708.93 7717.33 7822.74 7794.14 7642.6 7554.39 7667.44 7767.06 7794.9 7805.92 7735.56 7589.38 7659.86 7620.53 7675.5 7676.53 7613.64 7712.96 7777.52 7840.08
-9999 -9999 -9999 -9999 -9999 -9999 -9999 -9999 -9999 -9999 -9999 -9999 -9999 -9999 -9999 -9999 -9999 -9999 -9999 -9999 -9999 -9999 -9999 -9999 -9999 -9999 -9999 -9999 7413.77 7389.81 7380.06 7506.55 7456.56 7460.01 7471.2 -9999 -9999 7378.18 -9999 7454.45 7451.15 7403.84 7456.63 7499.47 7456.17 7420.67 7407.77 7429.05 7496.56 7507.67 7708.73 7698.66 7700.4 7762.54 7830.01 7622.39 7653.13 7812.23 7717.45 7698.41 7757.27 7669.66 7688.48 7658.08 7544.42 7609.59 7664.5 7554.21 7773.92 7689.28 7713.38
-9999 -9999 -9999 -9999 -9999 -9999 -9999 -9999 -9999 -9999 -9999 -9999 -9999 -9999 -9999 -9999 -9999 -9999 -9999 -9999 -9999 -9999 -9999 -9999 -9999 -9999 -9999 -9999 -9999 -9999 7421.8 7377.53 7416.55 7378.89 7408.5 7443.51 -9999 -9999 -9999 -9999 7472.78 7450 7457.96 7470.16 -9999 7423.55 7489.63 7384.06 7386.34 7431.77 7667.63 7821.01 7692.87 7743.47 7655.03 7645.32 7591.74 7831.27 7690.25 7738.78 7690.09 7715.12 7645.46 7642.73 7614.64 7680.73 7766.92 7523.93 7781.49 7732.77 7803.69
-9999 -9999 -9999 -9999 -9999 -9999 -9999 -9999 -9999 -9999 -9999 -9999 -9999 -9999 -9999 -9999 -9999 -9999 -9999 -9999 -9999 -9999 -9999 -9999 -9999 -9999 -9999 -9999 -9999 -9999 -9999 7443.45 -9999 7428.51 7419.45 7427.07 7500.01 7485.72 7481.39 -9999 -9999 -9999 7436.62 7445.44 7455.62 7446.81 7402.36 7398.82 7459.95 7528.98 7595.1 7788.46 7798.03 7842.52 7801.89 7592.66 7528.7 7788.71 7677.2 7681.61 7649.99 7598.34 7695.02 7659.25 7582 7626.23 7790.64 7729.56 7565.47 7655.2 7722
-9999 -9999 -9999 -9999 -9999 -9999 -9999 -9999 -9999 -9999 -9999 -9999 -9999 -9999 -9999 -9999 -9999 -9999 -9999 -9999 -9999 -9999 -9999 -9999 -9999 -9999 -9999 -9999 -9999 -9999 -9999 -9999 -9999 -9999 -9999 7456.24 7481.12 7511.88 7525.1 7472.98 7429.85 -9999 -9999 7448.16 7448.24 7453.89 7495.31 7618.15 7487.79 7474.7 7430.89 7718.49 7752.58 7842.56 7821.11 7766.28 7534.63 7669.03 7759.07 7689.56 7692.14 7687.24 7618.45 7606.69 7694.96 7677.42 7758.52 7737.75 7658.86 7645.66 7759.6
-9999 -9999 -9999 -9999 -9999 -9999 -9999 -9999 -9999 -9999 -9999 -9999 -9999 -9999 -9999 -9999 -9999 -9999 -9999 -9999 -9999 -9999 -9999 -9999 -9999 -9999 -9999 -9999 -9999 -9999 -9999 -9999 -9999 -9999 -9999 -9999 7495.93 7482.36 7554 7553.07 -9999 -9999 7458.41 -9999 -9999 7461.31 7484.9 7483.33 7502.79 7416.64 7504.38 7688.03 7676.35 7684.23 7805.51 7699.88 7582.59 7688.9 7733.79 7701.65 7765.45 7693.7 7584.6 7665.54 7735.83 7690.67 7710.48 7754.96 7715.78 7662.65 7658.39
-9999 -9999 -9999 -9999 -9999 -9999 -9999 -9999 -9999 -9999 -9999 -9999 -9999 -9999 -9999 -9999 -9999 -9999 -9999 -9999 -9999 -9999 -9999 -9999 -9999 -9999 -9999 -9999 -9999 -9999 -9999 -9999 -9999 -9999 -9999 -9999 7492.58 7453.58 -9999 -9999 -9999 -9999 -9999 -9999 -9999 7474.68 7544.08 7531.07 7460.66 7524.04 7591.03 7536.75 7692.91 7682.18 7658.84 7689.33 7584.89 7663.13 7732.04 7680.47 7758.29 7623.66 7644.03 7631.21 7734.22 7661.51 7692.83 7686.42 7667.52 7695.12 7713.77
-9999 -9999 -9999 -9999 -9999 -9999 -9999 -9999 -9999 -9999 -9999 -9999 -9999 -9999 -9999 -9999 -9999 -9999 -9999 -9999 -9999 -9999 -9999 -9999 -9999 -9999 -9999 -9999 -9999 -9999 -9999 -9999 -9999 -9999 -9999 -9999 7493.56 7512.1 7506.84 7464.93 7435.01 7461.43 -9999 -9999 7471 7472.44 7498.2 7552.75 7504.2 7580.5 7684.18 7678.26 7606.25 7685.68 7629.63 7581.42 7610.15 7620.63 7620.58 7654.86 7679.2 7619.84 7708.08 7652.69 7686.97 7665.22 7659.22 7667.79 7625.99 7677.47 7683.02
-9999 -9999 -9999 -9999 -9999 -9999 -9999 -9999 -9999 -9999 -9999 -9999 -9999 -9999 -9999 -9999 -9999 -9999 -9999 -9999 -9999 -9999 -9999 -9999 -9999 -9999 -9999 -9999 -9999 -9999 -9999 -9999 -9999 -9999 -9999 -9999 -9999 7515.47 7535.65 7524.2 7578.95 7671.59 7538.94 7494.13 -9999 7499.79 7490.29 7518.73 7479.39 7575.19 7662.06 7585.54 7712.42 7645.16 7598.27 7666.03 7654.64 7651.66 7650.72 7645.88 7645.22 7627.66 7648.8 7647.87 7644.41 7653.43 7700.73 7670.44 7727.65 7763.65 7747.32
-9999 -9999 -9999 -9999 -9999 -9999 -9999 -9999 -9999 -9999 -9999 -9999 -9999 -9999 -9999 -9999 -9999 -9999 -9999 -9999 -9999 -9999 -9999 -9999 -9999 -9999 -9999 -9999 -9999 -9999 -9999 -9999 -9999 -9999 -9999 -9999 -9999 7515.21 7542.58 7532.3 7539.05 7580.77 7515.71 7504.94 -9999 -9999 7497.13 7507.03 7546.35 7631.72 7720.03 7598.04 7619.73 7581.75 7710.84 7665.02 7653.17 7631.81 7635.18 7651 7667.45 7678.66 7686.47 7689.66 7675.52 7665.34 7689.1 7672.75 7693.19 7677.03 7682.83
-9999 -9999 -9999 -9999 -9999 -9999 -9999 -9999 -9999 -9999 -9999 -9999 -9999 -9999 -9999 -9999 -9999 -9999 -9999 -9999 -9999 -9999 -9999 -9999 -9999 -9999 -9999 -9999 -9999 -9999 -9999 -9999 -9999 -9999 -9999 -9999 -9999 -9999 7511.05 7548.03 7564.49 7541.34 7504.21 -9999 -9999 7497.45 7532.91 7583.8 7623.48 7671.77 7722.67 7774.36 7753.36 7657.93 7592.65 7639.56 7614.05 7597.58 7615.52 7630.91 7647.55 7659.94 7665.94 7674.2 7682.02 7697.82 7710.66 7706.37 7712.23 7746.62 7750.27
-9999 -9999 -9999 -9999 -9999 -9999 -9999 -9999 -9999 -9999 -9999 -9999 -9999 -9999 -9999 -9999 -9999 -9999 -9999 -9999 -9999 -9999 -9999 -9999 -9999 -9999 -9999 -9999 -9999 -9999 -9999 -9999 -9999 -9999 -9999 -9999 -9999 -9999 7502.8 7508.72 7510.5 7521.48 7510.11 7500.8 7518.79 7526.07 7578.28 7619.55 7673.54 7774.32 7758.88 7704.55 7694.73 7764.72 7606.86 7599.3 7591.72 7587.6 7603.25 7624.29 7642.55 7647.48 7643.36 7652.1 7677.49 7704.82 7719.2 7753.15 7753.51 7778.27 7828.25
-9999 -9999 -9999 -9999 -9999 -9999 -9999 -9999 -9999 -9999 -9999 -9999 -9999 -9999 -9999 -9999 -9999 -9999 -9999 -9999 -9999 -9999 -9999 -9999 -9999 -9999 -9999 -9999 -9999 -9999 -9999 -9999 -9999 -9999 -9999 -9999 -9999 -9999 -9999 7521.81 7533.76 7533.64 7521.73 7529.55 7547.02 7569.82 7641.42 7771.02 7765.88 7788.37 7765.71 7714.94 7658.6 7687.05 7604.77 7577.91 7575.65 7578.18 7601.68 7617.06 7636.1 7629.22 7625.65 7634.94 7661.28 7698.48 7722.53 7739.23 7753.78 7769.97 7740.3
-9999 -9999 -9999 -9999 -9999 -9999 -9999 -9999 -9999 -9999 -9999 -9999 -9999 -9999 -9999 -9999 -9999 -9999 -9999 -9999 -9999 -9999 -9999 -9999 -9999 -9999 -9999 -9999 -9999 -9999 -9999 -9999 -9999 -9999 -9999 -9999 -9999 -9999 -9999 7536.41 7546.48 7564.41 7535.83 7547.49 7597.65 7594.4 7627.38 7624.67 7705.81 7815.7 7788.99 7683.93 7607.38 7662.57 7675.19 7560.2 7543.58 7564.77 7579.96 7600.26 7598.87 7597.75 7597.64 7606.22 7635.17 7659.08 7738.3 7680.07 7669.07 7670.57 7725.62
-9999 -9999 -9999 -9999 -9999 -9999 -9999 -9999 -9999 -9999 -9999 -9999 -9999 -9999 -9999 -9999 -9999 -9999 -9999 -9999 -9999 -9999 -9999 -9999 -9999 -9999 -9999 -9999 -9999 -9999 -9999 -9999 -9999 -9999 -9999 -9999 -9999 -9999 -9999 -9999 -9999 7597.16 7560.4 7546.04 7603.57 7665.94 7684.77 7683.06 7807.63 7823.7 7827.77 7646.84 7595.97 7580.56 7595.13 7646.36 7591.6 7551.11 7559.97 7580.38 7601.29 7637.3 7655.31 7703.18 7779.93 7678.81 7609.87 7670.54 7779.37 7739.44 7693.38
-9999 -9999 -9999 -9999 -9999 -9999 -9999 -9999 -9999 -9999 -9999 -9999 -9999 -9999 -9999 -9999 -9999 -9999 -9999 -9999 -9999 -9999 -9999 -9999 -9999 -9999 -9999 -9999 -9999 -9999 -9999 -9999 -9999 -9999 -9999 -9999 -9999 -9999 -9999 7535.29 7590.55 7554.57 7551.1 7558.24 7618.36 7657.23 7669.41 7782.02 7822.15 7747.3 7755.98 7826.01 7728.34 7713.3 7647.62 7604.17 7610.9 7617.64 7578.42 7581.92 7575.8 7611.86 7736.41 7816.66 7817.82 7742.71 7644.89 7761.99 7772.91 7795.15 7702.06
-9999 -9999 -9999 -9999 -9999 -9999 -9999 -9999 -9999 -9999 -9999 -9999 -9999 -9999 -9999 -9999 -9999 -9999 -9999 -9999 -9999 -9999 -9999 -9999 -9999 -9999 -9999 -9999 -9999 -9999 -9999 -9999 -9999 -9999 -9999 -9999 -9999 -9999 -9999 7566.29 7594.26 7603.36 7606.56 7532.2 7558.79 7631.02 7661.97 7665.43 7623.07 7666.26 7652.43 7688.77 -9999 -9999 7596.58 7561.22 7560.38 7565.55 7603.72 7662.19 7666.18 7701.49 7828.74 7818.12 7776.81 7805.89 7854.86 7659.44 7745.19 7718.21 7810.96
-9999 -9999 -9999 -9999 -9999 -9999 -9999 -9999 -9999 -9999 -9999 -9999 -9999 -9999 -9999 -9999 -9999 -9999 -9999 -9999 -9999 -9999 -9999 -9999 -9999 -9999 -9999 -9999 -9999 -9999 -9999 -9999 -9999 -9999 -9999 -9999 -9999 -9999 -9999 7552.83 7616.12 7612.68 7556.24 7541.26 7543.88 7575.12 7594.26 7630.4 7642.32 7608.23 7597.95 7603.81 7629.27 7605.22 7605.52 7614.99 7631.93 7642.44 7672.57 7648.55 7719.78 7777.15 7818.36 7784.23 7801.07 7876.27 7877.96 7703.14 7691.41 7725.29 7930.3
-9999 -9999 -9999 -9999 -9999 -9999 -9999 -9999 -9999 -9999 -9999 -9999 -9999 -9999 -9999 -9999 -9999 -9999 -9999 -9999 -9999 -9999 -9999 -9999 -9999 -9999 -9999 -9999 -9999 -9999 -9999 -9999 -9999 -9999 -9999 -9999 -9999 -9999 -9999 7562.89 7654.9 7592.2 7556.61 7552.3 7564.32 7600.1 7676.32 7775.07 7834.01 7721.83 7674.11 7701.15 7669.37 7725 7703.03 7712.35 7746.45 7794.21 7801.07 7832.71 7866.61 7840.33 7782.46 7834.11 7880.58 7834.55 7907.62 7747.04 7775.96 7757.08 7841.92
-9999 -9999 -9999 -9999 -9999 -9999 -9999 -9999 -9999 -9999 -9999 -9999 -9999 -9999 -9999 -9999 -9999 -9999 -9999 -9999 -9999 -9999 -9999 -9999 -9999 -9999 -9999 -9999 -9999 -9999 -9999 -9999 -9999 -9999 -9999 -9999 -9999 -9999 -9999 7605.17 7584.23 7559.35 7554.69 7557.49 7592.75 7699.91 7695.09 7822.79 7801.37 7733.06 7680.62 7774.1 7700.82 7753.18 7815.16 7845.57 7859.99 7893.78 7856.41 7869.2 7944.37 7966.1 7876.31 7834.84 7954.84 7984.69 7974.12 7781.15 7985.98 7910.38 8036.89
