resultados/variables_norteamerica/sun_rad_maximum.asc
ncols 469
nrows 225
xllcorner -169.133333
yllcorner 20.675000
cellsize 0.249840
NODATA_value -9999
[rows 192 to 223 of 225, columns 213 to 283 of 469]
-9999 -9999 -9999 -9999 -9999 -9999 7595.14 7621.95 7696.48 7671.28 7594.07 -9999 -9999 -9999 -9999 -9999 7571.98 7581.68 7593.7 7620.61 7646.06 7680.41 7694.81 7728.82 7712.68 7685.71 7785.31 7819.98 7879.25 7924.34 8096.39 8047.97 8095.37 8112.5 8126.57 8111.66 8129.59 8132.65 8028.86 7948.22 7903.9 7878.24 7893.11 7909.35 7902.6 7912.81 7968.5 7970.69 7944.63 7871.41 7795.76 7787.74 7849.09 7919.59 7874.94 7877.37 7835.5 7787.26 7713.51 7675.08 7651.28 7637.37 7634.27 7623.19 7622 7624.75 7617.74 7614.61 7609.22 7602.22 7595.08
-9999 -9999 -9999 -9999 -9999 -9999 -9999 7587.49 7712.5 7746.83 7612.69 -9999 -9999 -9999 -9999 -9999 7566.58 7570.65 7578.83 7624.44 7646.32 7637.71 7655.55 7686.3 7688.27 7648.7 7774.8 7870.3 7925.83 7995.08 8073.52 8130.96 8101.63 8124.66 8126.87 8134.21 8093.04 8075.34 8046.84 7994.47 7930.69 7872.98 7892.54 7942.15 7946.47 7943.47 7941.7 7937.12 7951.6 7949.17 7854.35 7825.34 7836.93 7937.89 7920.48 7800.43 7762.53 7768.25 7733.4 7677.19 7652.61 7639.31 7628.89 7626.05 7612.77 7607.71 7606.21 7601.33 7595.91 7590.86 7584.71
-9999 -9999 7557.47 -9999 -9999 -9999 -9999 7566.43 7610.1 7681.84 7718.38 7676.53 -9999 -9999 -9999 -9999 -9999 -9999 7572.9 7598.82 7603.59 7600.1 7638.01 7645.74 7639.1 7628.31 7699.02 7884.07 7945.37 7909.12 8052.74 8152.14 8146.47 8164.57 8147.52 8134.42 8089.65 8026.42 7997.1 7997.62 7930.11 7882.58 7889.15 7904.12 7952.03 7964.3 7963 7949.89 7933.95 7917.78 7863.9 7890.36 7859.72 7911.89 7917.29 7859.3 7751.5 7709.38 7704.68 7691.58 7666.88 7640.56 7619.47 7620.33 7613.44 7606.49 7600.73 7591.78 7590.08 7584.15 7586.71
-9999 -9999 7554.11 -9999 -9999 -9999 -9999 7557.9 7579.13 7609.17 7631.71 7670.69 -9999 -9999 -9999 -9999 -9999 -9999 7565.36 7583.26 7566.53 7569.32 7612.55 7615.37 7595.08 7652.29 7701.78 7829.89 7720.8 7753.98 7912.22 8109.88 8166.98 8185.78 8183.73 8126.15 8066.1 8033.25 7973.36 7952.29 7912.32 7895.55 7886.33 7900.83 7929.08 7922.9 7940.64 7903.42 7916.47 7897.1 7848.86 7891.86 7908.65 7898.54 7903.3 7826.67 7724.88 7682.13 7665.01 7674.81 7701.84 7649.52 7621.5 7607.46 7610.24 7612.64 7596.38 7585.74 7584.09 7596.34 7591.34
-9999 -9999 -9999 -9999 7564.94 7585.94 -9999 -9999 7556.62 7570.88 7597.76 7661.07 7595.81 -9999 -9999 -9999 -9999 -9999 -9999 -9999 -9999 7548.74 7582.34 7577.76 7590.81 7657.64 7671.78 7726.32 7681.01 7896.23 7848.04 7938.43 8144.97 8153.05 8157.52 8110.4 8080.79 8022.07 7972.14 7960.64 7947.11 7916.12 7902.8 7908.64 7905.78 7940.61 7961.72 7937.84 7902.89 7903.99 7843.74 7838.98 7905.67 7904.33 7911.73 7878.84 7805.91 7734.46 7664.43 7645.47 7653.21 7634.43 7615.98 7604.63 7596.67 7600.47 7595.58 7590.2 7595.45 7598.27 7581.68
-9999 -9999 -9999 -9999 7565.96 7624.9 7601.76 7550.11 7551.76 7557.42 7581.47 7685.81 7644.21 7623.23 -9999 -9999 -9999 -9999 -9999 -9999 -9999 7545.5 7546.25 7551.74 7571.43 7605.89 7614.81 7658.48 7667.9 7711.32 7793.02 8018.23 7986.5 8075.11 8120.83 8107.72 8025.87 8004.84 7971.87 7969.7 7919.98 7909.42 7897.98 7894.63 7914.66 7956.5 7924.75 7906.16 7882.09 7897.77 7877.35 7856.19 7904.67 7955.62 7879.95 7871.73 7782.07 7713.49 7660.65 7635.55 7622.53 7614.52 7608.97 7607.67 7596.5 7583.82 7591.11 7599.74 7607.87 7586.82 7569.74
-9999 -9999 -9999 -9999 -9999 -9999 7583.97 7558.46 7575.58 7588.77 7550.07 7575.94 7605.47 7658.03 -9999 -9999 -9999 -9999 -9999 -9999 -9999 -9999 7539.81 7542.38 7552.34 7563.73 7573.08 7588.72 7643.04 7743.71 7832.16 7978.06 7854.71 8097.75 8102 8123.67 8064.82 8064.19 7956.22 7959.52 7963.05 7951.22 7930.51 7911.49 7912.23 7939.47 7930.97 7959.23 7882.98 7876.84 7834.54 7836.75 7858.51 7942.45 7816.42 7875.27 7776.53 7676.76 7651.89 7653.77 7630.99 7609.41 7599.23 7592.15 7587.52 7575.31 7576.97 7591.88 7599.09 7576.38 7559.84
-9999 -9999 -9999 -9999 -9999 -9999 -9999 7546.62 7578.22 7590.04 7542.51 7542.41 7624.27 7704.8 7636.78 -9999 -9999 -9999 -9999 -9999 -9999 -9999 -9999 -9999 7535.9 7540.55 7566.76 7625.14 7652.68 7652.11 7650.38 7721.91 7757.67 8001.25 8124.42 8145.47 8111.06 8070.64 7968.26 8020.47 8010.38 7975.5 7944.34 7920.2 7907.53 7928.28 7906.53 7867.48 7840.52 7820.56 7841.05 7826.6 7845.53 7867.85 7801.09 7751.02 7711.33 7680.36 7667.19 7658.79 7666.06 7625.15 7617.4 7582.72 7575.03 7566.18 7567.46 7571.71 7586.02 7567.13 7553.17
-9999 -9999 -9999 -9999 -9999 -9999 -9999 -9999 -9999 -9999 7528.11 7540.12 7603.77 7680.95 7660.38 7570.95 7563.92 -9999 -9999 -9999 -9999 -9999 -9999 -9999 -9999 -9999 7541.7 7574.1 7592.75 7585.97 7600.81 7706.38 7655.88 7791.98 8037.85 8099.62 8131.91 8085.3 8013.56 8071.85 8045.98 7987.7 7954.26 7941.07 7925.71 7905.89 7859.97 7842.98 7827.43 7826.66 7842.68 7864.53 7886.9 7839.68 7835.71 7729.32 7780.26 7765.23 7767.77 7732.31 7672.3 7638.53 7655.43 7600.95 7571.63 7562.22 -9999 7560.95 7569.22 7559.8 7543.38
-9999 -9999 -9999 -9999 -9999 -9999 -9999 -9999 -9999 -9999 -9999 -9999 7546.58 7581.22 7639.94 7659.03 -9999 -9999 -9999 -9999 -9999 -9999 -9999 -9999 -9999 -9999 -9999 7545.98 7567.89 -9999 7630.22 7715.99 7860.96 7821 7909.16 7980.19 8016.83 8178.14 8115.48 8154.95 8054.75 7998.91 7977.39 7967.02 7932.43 7900.39 7853.6 7834.65 7825.77 7844.08 7845.67 7840.11 7797.92 7771.41 7813.45 7777.01 7827.33 7865.12 7772.39 7731.49 7689.56 7645.43 7646.81 7593.54 7574.65 7565.1 7553.5 7547.92 7549.84 7553.44 7538.15
-9999 -9999 -9999 -9999 -9999 -9999 -9999 -9999 -9999 -9999 -9999 -9999 -9999 -9999 7563.77 7589.52 7625.44 7562.54 -9999 -9999 -9999 -9999 -9999 -9999 -9999 -9999 -9999 7519.96 7533.3 7568.86 7607.84 7734.22 7668.24 7836.34 7890.04 7995.99 8089.04 8175.02 8184.28 8148.89 8045.71 8007.59 8005.86 8000.81 7950.7 7903.43 7867.35 7835.52 7813.45 7816.28 7845.4 7836.57 7785.3 7818.85 7924.55 7898.95 7803.84 7832.72 7791.16 7734.38 7719.48 7666.49 7676.25 7649.03 7612.2 7567.79 7548.9 7538.54 7532.27 7530.9 7527.59
-9999 -9999 -9999 -9999 -9999 -9999 -9999 -9999 -9999 -9999 -9999 -9999 -9999 -9999 7516.03 7546.22 7616.12 7611.36 -9999 -9999 -9999 -9999 -9999 -9999 -9999 -9999 7511.44 7516.08 7523.45 7552.6 7550.4 7576.5 7616.96 7686.58 7741.08 7994.5 8133.04 8158.95 8222.16 8136.19 8036.37 7971.77 7997.59 8024.68 7989.26 7940.81 7915.12 7868.34 7826.48 7801.05 7798.69 7800.72 7798.18 7823.53 7825.26 7875.22 7881.09 7933.38 7775.97 7738.55 7716.75 7660.31 7636.06 7656.95 7655.32 7571.15 7544.44 7536.62 7537.27 7532.9 7524.32
-9999 -9999 -9999 -9999 -9999 -9999 -9999 -9999 -9999 -9999 -9999 -9999 -9999 -9999 -9999 7512.96 7549.81 7607.06 -9999 -9999 -9999 -9999 -9999 -9999 -9999 -9999 -9999 7504.79 7506.99 7513.8 7518.77 7546.52 7586.37 7745 7702.9 7838.03 8040.45 8046.73 8125.64 8136.77 8044.71 8049.69 7951.54 7947.39 8003.38 7998.87 7954.76 7918.11 7844.85 7800.53 7799.53 7798.63 7792.94 7791.59 7797.59 7801.88 7816.07 7863.79 7802.21 7780.05 7757.16 7682.73 7627.09 7598.58 7580.42 7554.96 7543.45 7540.19 7551.11 7539.22 7524
-9999 -9999 -9999 -9999 -9999 -9999 -9999 -9999 -9999 -9999 -9999 -9999 -9999 -9999 -9999 7499.36 7509.65 7549.74 7577.65 -9999 -9999 -9999 -9999 -9999 -9999 -9999 -9999 -9999 7497.79 7498.72 7501.9 7516.2 7552.48 7599.56 7670.83 7851.87 7938.7 7833.05 8116.86 8099.92 8078.12 8076.45 7938.8 -9999 7941.38 7981.25 7930.31 7940.93 7869.74 7810.33 7792.86 7786.44 7781.16 7827.28 7874.79 7875.41 7859.89 7841.78 7859.27 7893.34 7907.53 7912.94 7680.83 7598.99 7568.4 7554.19 7545.35 7536.87 7530.48 7535.38 7520.28
-9999 -9999 -9999 -9999 -9999 -9999 -9999 -9999 -9999 -9999 -9999 -9999 -9999 -9999 -9999 7492.65 7499.72 7516.83 7556.38 7560.73 -9999 -9999 -9999 -9999 -9999 -9999 -9999 -9999 -9999 -9999 7490.25 7501.63 7530.53 7555.89 7556.7 7624.09 7640.63 7774.52 7982.92 8102.96 8036.8 7986.32 7981.75 8011 7970.25 7893.92 7902.6 7837.1 7813.46 7815.85 7843.59 7831.78 7826.45 7799.58 7818.39 7905.76 7964.99 7974.72 7990.94 8003.53 8005.82 8007.83 7818.14 7628.77 7586.25 7563.83 7547.09 7528.94 7523.41 7529.71 7518.67
-9999 -9999 -9999 -9999 -9999 -9999 -9999 -9999 -9999 -9999 -9999 -9999 -9999 -9999 -9999 7485.6 7491.48 7502.62 7533.21 7577.16 -9999 -9999 -9999 -9999 -9999 -9999 -9999 -9999 -9999 -9999 -9999 7483.1 7490 7514.59 7530.31 7562.74 7598.25 7792.1 7936.9 8053.53 8129.62 8051.54 8003.52 8000.06 8004.63 7894.91 7912.38 7930.53 7873.68 7885.98 7831.19 7887.75 7877.7 7872.98 7869.5 7878.46 7908.29 7964.22 7965.19 8001.65 7987.61 7983.92 7994.72 7669.73 7613.33 7576.43 7547.42 7533.31 7520.1 7512.34 7506.38
-9999 -9999 -9999 -9999 -9999 -9999 -9999 -9999 -9999 -9999 -9999 -9999 -9999 -9999 -9999 -9999 7479.22 7488.14 7509.91 7539.46 7539.16 -9999 -9999 -9999 -9999 -9999 -9999 -9999 -9999 -9999 -9999 -9999 7476.79 7481.18 7499.29 7533.61 7598.07 7582.98 7681.18 7856.33 8062.03 8098.89 8014.33 8048.15 7995.8 7957.52 7987.73 7951.54 7957.38 7956.52 7882.21 7867.11 7885.1 7896.3 7938.52 7946.22 7944.52 7983.24 7926.85 7946.14 7967.16 7992.24 7965.58 7885.4 7653.5 7577.54 7555.79 7617.61 7614.97 7549.64 7505.49
-9999 -9999 -9999 -9999 -9999 -9999 -9999 -9999 -9999 -9999 -9999 -9999 -9999 -9999 -9999 -9999 7470.64 7476.59 7491.46 7508.89 -9999 -9999 -9999 -9999 -9999 -9999 -9999 -9999 -9999 -9999 -9999 -9999 -9999 7470.37 7479.33 7509.22 7546.61 7604.37 7661.47 7854.57 7979.89 8101.77 8057.41 8094.52 8008.65 7996.6 8012.98 7995.4 8005.96 7965.81 7945.52 7935.05 7902.18 7917.7 7898.17 7970.77 7952.67 8002.22 7944.01 7986.44 7928.56 7955.59 7959.72 8016.77 7764.55 7594.18 7550.12 7580.51 7607.52 7541.47 7504.74
-9999 -9999 -9999 -9999 -9999 -9999 -9999 -9999 -9999 -9999 -9999 -9999 -9999 -9999 -9999 -9999 -9999 -9999 7468.58 7484.4 7525.95 -9999 -9999 -9999 7451.35 -9999 -9999 -9999 -9999 -9999 -9999 -9999 -9999 -9999 7463.26 7488.38 7539.3 7586.28 7659.53 7854.38 7890.66 8063.09 8105.08 8092.74 8009.3 7954.03 7961.58 8000.15 8035.63 8002.53 8000.93 7963.1 7932.14 7936.96 7918.59 7918.12 7949.36 7972.59 7952.91 7970 7914.79 7923.29 7919.96 7927.82 7816.39 7570.42 7531.43 7513.05 7525.02 7508.12 7498.66
-9999 -9999 -9999 -9999 -9999 -9999 -9999 -9999 -9999 -9999 -9999 -9999 -9999 -9999 -9999 -9999 -9999 -9999 -9999 -9999 7488.41 7495.87 7495.59 7532.04 -9999 -9999 -9999 -9999 -9999 -9999 -9999 -9999 -9999 -9999 -9999 7459.11 7469.78 7497.93 7528.03 7591.54 7774.99 7953.11 8081.17 8087.15 8007.94 7942.69 7941.05 7964.32 8028.34 8028.65 7997.49 7967.24 7983.21 8005.22 7930.49 7932.39 7946.59 7993.94 7968.05 7930.45 7934.64 7937.88 7922.94 7882.35 7814.15 7738.73 7542.16 7501.87 7492.92 7495.31 7471.03
-9999 -9999 -9999 -9999 -9999 -9999 -9999 -9999 -9999 -9999 -9999 -9999 -9999 -9999 -9999 -9999 -9999 -9999 -9999 -9999 -9999 7461.69 7499.85 7573.23 7521.59 -9999 -9999 -9999 -9999 -9999 -9999 -9999 -9999 -9999 -9999 -9999 -9999 7495.92 7535.79 7571.67 7691.03 8013.33 8042.18 8078.11 8028.98 8004.71 7915.08 7954.64 8036.49 8044.93 7995.43 7954.05 7973.6 7960.79 7949.81 7970.44 7995.97 8021.02 7976.83 7923.87 7957.95 7882.12 7928.7 7880.14 7981.01 7766.82 7615.33 7513.29 7490.11 7531.82 7476.17
-9999 -9999 -9999 -9999 -9999 -9999 -9999 -9999 -9999 -9999 -9999 -9999 -9999 -9999 -9999 -9999 -9999 -9999 -9999 -9999 -9999 -9999 -9999 7591.44 7547.85 7469.61 -9999 -9999 -9999 -9999 -9999 -9999 -9999 -9999 -9999 -9999 -9999 7455.54 7478.02 7527.34 7663.01 7778.67 7894.94 7962.75 8093.6 7998.98 7933.69 8011.55 8007.57 8034.27 8010 7983.08 7978.88 7968.78 7961.22 7949.81 7967.15 7983.83 8015.31 7939.15 7921.76 7859.9 7866.27 7901.83 7863.07 7764.3 7617.76 7562.76 7496.69 7560.63 7523.25
-9999 -9999 -9999 -9999 -9999 -9999 -9999 -9999 -9999 -9999 -9999 -9999 -9999 -9999 -9999 -9999 -9999 -9999 -9999 -9999 -9999 -9999 -9999 7517.66 7499.69 7496.31 -9999 -9999 -9999 -9999 -9999 -9999 -9999 -9999 -9999 -9999 -9999 -9999 7440.58 7468.03 7510.72 7548.58 7643.3 7926 7922.54 7814.03 7994.69 7999.78 7986.49 8050.4 7997.91 7969.04 7976.35 7965.35 7941.1 7941.34 7953.97 7975.36 8001.02 7979.7 7901.65 7780.74 7829.31 7843.93 7768.62 7745.16 7723.22 7504.2 7488.62 7587.84 7599.1
-9999 -9999 -9999 -9999 -9999 -9999 -9999 -9999 -9999 -9999 -9999 -9999 -9999 -9999 -9999 -9999 -9999 -9999 -9999 -9999 -9999 -9999 -9999 7471.65 7461.38 -9999 -9999 -9999 -9999 -9999 -9999 -9999 -9999 -9999 -9999 -9999 -9999 -9999 -9999 7431.33 7443.75 7516.86 7549.17 7616.25 7775 7917.38 8015.88 7831.11 8012.65 8037.79 8006.41 8017.27 7992.03 7974.02 7945.86 7953.13 7982.24 7951.45 7965.12 7902.09 7905.46 7783.03 7777.19 7743.84 7720.18 7683.39 7614.15 7442.09 7454.95 7480.09 7498.93
-9999 -9999 -9999 -9999 -9999 -9999 -9999 -9999 -9999 -9999 -9999 -9999 -9999 -9999 -9999 -9999 -9999 -9999 -9999 -9999 -9999 -9999 -9999 -9999 -9999 -9999 -9999 -9999 -9999 -9999 -9999 -9999 -9999 -9999 -9999 -9999 -9999 -9999 -9999 -9999 7412.68 7455.65 7480.62 7709.9 7718.24 7756.79 7863.63 7761.02 7955.3 7928.76 7999.81 7984.52 7985.08 8006.7 7962.8 7955.36 7967.74 7937.56 7921.72 7863.34 7850.18 7817.25 7815.96 7700.42 7682.85 7624.45 7482.34 7442.24 7428.98 7428.48 7434.73
-9999 -9999 -9999 -9999 -9999 -9999 -9999 -9999 -9999 -9999 -9999 -9999 -9999 -9999 -9999 -9999 -9999 -9999 -9999 -9999 -9999 -9999 -9999 -9999 -9999 -9999 -9999 -9999 -9999 -9999 -9999 -9999 -9999 -9999 -9999 -9999 -9999 -9999 -9999 -9999 -9999 7407.91 7431.97 7578.04 7750.81 7621.3 7855.15 7752.72 7848.17 7914.32 7963.79 7920.59 7954.37 8015.18 7943.59 7950.97 7960.59 7965.92 7949.47 7876.64 7868.28 7804.63 7731.6 7711.77 7690.19 7682.31 7500.95 7465.54 7423.29 7412.77 7412.81
-9999 -9999 -9999 -9999 -9999 -9999 -9999 -9999 -9999 -9999 -9999 -9999 -9999 -9999 -9999 -9999 -9999 -9999 -9999 -9999 -9999 -9999 -9999 -9999 -9999 -9999 -9999 -9999 -9999 -9999 -9999 -9999 -9999 -9999 -9999 -9999 -9999 -9999 -9999 -9999 -9999 7398.77 7408.34 7479.24 7694.72 7594.93 7731.11 7753.54 7839.99 7894.11 7894.53 7905.31 7919.4 8009.92 7913.83 7931.85 7962.95 7986.26 7936.63 7899.46 7887.58 7811.68 7718.76 7669.66 7675.36 7720.09 7513.3 7457.91 7415.85 7408.51 7405.08
-9999 -9999 -9999 -9999 -9999 -9999 -9999 -9999 -9999 -9999 -9999 -9999 -9999 -9999 -9999 -9999 -9999 -9999 -9999 -9999 -9999 -9999 -9999 -9999 -9999 -9999 -9999 -9999 -9999 -9999 -9999 -9999 -9999 -9999 -9999 -9999 -9999 -9999 -9999 -9999 -9999 7389.41 7390.52 7405.39 7524.78 7533.54 7566.45 7732.73 7785.51 7817.54 7830.87 7916.6 7850.33 7937.14 7890.22 7906.39 7948.95 7952.14 7940.36 7944.69 7880.56 7859.53 7747.32 7660.51 7675.21 7681.1 7488.47 7424.72 7401.54 7394.9 7392.52
-9999 -9999 -9999 -9999 -9999 -9999 -9999 -9999 -9999 -9999 -9999 -9999 -9999 -9999 -9999 -9999 -9999 -9999 -9999 -9999 -9999 -9999 -9999 -9999 -9999 -9999 -9999 -9999 -9999 -9999 -9999 -9999 -9999 -9999 -9999 -9999 -9999 -9999 -9999 -9999 -9999 -9999 7380.7 7400.62 7448.58 7505.51 7726.16 7735.19 7668.81 7894.82 7861.07 7832.31 7830.62 7872.18 7868.09 7891.43 7941.82 7949.31 7963.45 7867.85 7863.14 7839.4 7796.64 7697.18 7634.13 7591.64 7487.02 7412.89 7399.57 7389.79 7392.94
-9999 -9999 -9999 -9999 -9999 -9999 -9999 -9999 -9999 -9999 -9999 -9999 -9999 -9999 -9999 -9999 -9999 -9999 -9999 -9999 -9999 -9999 -9999 -9999 -9999 -9999 -9999 -9999 -9999 -9999 -9999 -9999 -9999 -9999 -9999 -9999 -9999 7380.06 -9999 -9999 -9999 -9999 7376.62 7546.29 7609.79 7507.73 7671.68 7758.82 7678.42 7884.6 7900.83 7759.71 7889.88 7834.97 7841.48 7887.91 7896.83 7948.46 7943.01 7910.36 7902.98 7899.93 7771.18 7674.83 7631.88 7590.2 7567.54 7559.47 7401.22 7395.51 7392.8
-9999 -9999 -9999 -9999 -9999 -9999 -9999 -9999 -9999 -9999 -9999 -9999 -9999 -9999 -9999 -9999 -9999 -9999 -9999 -9999 -9999 -9999 -9999 -9999 -9999 -9999 -9999 -9999 -9999 -9999 -9999 -9999 -9999 -9999 -9999 -9999 -9999 -9999 -9999 -9999 -9999 -9999 -9999 7439.12 7646.67 7645.37 7558.35 7599.04 7752.36 7798.43 7747.63 7803.37 7812.86 7808.93 7826.51 7842.91 7863.71 7944.31 7935.4 7876.46 7866.51 7889.23 7860.58 7772.96 7784.1 7631.14 7625.16 7557.85 7431.2 7400.22 7389.32
-9999 -9999 -9999 -9999 -9999 -9999 -9999 -9999 -9999 -9999 -9999 -9999 -9999 -9999 -9999 -9999 -9999 -9999 -9999 -9999 -9999 -9999 -9999 -9999 -9999 -9999 -9999 -9999 -9999 -9999 -9999 -9999 -9999 -9999 -9999 -9999 -9999 -9999 -9999 -9999 -9999 -9999 -9999 7442.74 7524.31 7576.5 7685.36 7651.28 7627.07 7686.02 7703.07 7810.46 7810.88 7844.11 7870.33 7853.78 7808.88 7808.44 7868.4 7892.15 7849.1 7887.43 7918.68 7847.57 7727.88 7703.7 7645.55 7574.65 7499.3 7501.39 7415.21
