resultados/variables_norteamerica/sun_rad_average.asc
ncols 469
nrows 225
xllcorner -169.133333
yllcorner 20.675000
cellsize 0.249840
NODATA_value -9999
[rows 64 to 95 of 225, columns 284 to 354 of 469]
-9999 3203.82 3202.65 3198.6 3196.32 3196.73 3191.8 3196.51 3195.06 3198.07 3190.36 3186.89 3180.29 3176.14 3173.26 3168.76 -9999 -9999 -9999 -9999 -9999 -9999 -9999 -9999 -9999 -9999 -9999 -9999 -9999 -9999 -9999 -9999 -9999 -9999 -9999 -9999 -9999 -9999 -9999 -9999 -9999 -9999 -9999 -9999 -9999 -9999 -9999 -9999 -9999 -9999 -9999 -9999 -9999 -9999 -9999 -9999 -9999 -9999 -9999 -9999 -9999 -9999 -9999 -9999 -9999 -9999 -9999 -9999 -9999 -9999 -9999
3221.04 3220.53 3220.9 3218.37 3217.11 3215.51 3212.66 3210.58 3215.34 3206.12 3201.91 3198.21 3196.49 3195.12 -9999 -9999 -9999 -9999 -9999 -9999 -9999 -9999 -9999 -9999 -9999 -9999 -9999 -9999 -9999 -9999 -9999 -9999 -9999 -9999 -9999 -9999 -9999 -9999 -9999 -9999 -9999 -9999 -9999 -9999 -9999 -9999 -9999 -9999 -9999 -9999 -9999 -9999 -9999 -9999 -9999 -9999 -9999 -9999 -9999 -9999 -9999 -9999 -9999 -9999 -9999 -9999 -9999 -9999 -9999 -9999 -9999
3246.27 3239.68 3237.21 3235.15 3230.92 3231.97 3233.91 3233.33 3226.9 3228.97 3220.83 3219.07 3216.16 3213.09 -9999 -9999 -9999 -9999 -9999 -9999 -9999 -9999 -9999 -9999 -9999 -9999 -9999 -9999 -9999 -9999 -9999 -9999 -9999 -9999 -9999 -9999 -9999 -9999 -9999 -9999 -9999 -9999 -9999 -9999 -9999 -9999 -9999 -9999 -9999 -9999 -9999 -9999 -9999 -9999 -9999 -9999 -9999 -9999 -9999 -9999 -9999 -9999 -9999 -9999 -9999 -9999 -9999 -9999 -9999 -9999 -9999
-9999 3271.25 3264 3263.22 3265.8 3264.15 3260.13 3254.95 3252.78 3247.44 3247.9 3243.59 3239.04 3234.14 -9999 -9999 -9999 -9999 -9999 -9999 -9999 -9999 -9999 -9999 -9999 -9999 -9999 -9999 -9999 -9999 -9999 -9999 -9999 -9999 -9999 -9999 -9999 -9999 -9999 -9999 -9999 -9999 -9999 -9999 -9999 -9999 -9999 -9999 -9999 -9999 -9999 -9999 -9999 -9999 -9999 -9999 -9999 -9999 -9999 -9999 -9999 -9999 -9999 -9999 -9999 -9999 -9999 -9999 -9999 -9999 -9999
3293.11 3296.49 3294.73 3288.62 3287.49 3282.6 3281.74 3276.26 3275.38 3273.96 3268.13 3262.93 3258.66 3254.41 -9999 -9999 -9999 -9999 -9999 -9999 -9999 -9999 -9999 -9999 -9999 -9999 -9999 -9999 -9999 -9999 -9999 -9999 -9999 -9999 -9999 -9999 -9999 -9999 -9999 -9999 -9999 -9999 -9999 -9999 -9999 -9999 -9999 -9999 -9999 -9999 -9999 -9999 -9999 -9999 -9999 -9999 -9999 -9999 -9999 -9999 -9999 -9999 -9999 -9999 -9999 -9999 -9999 -9999 -9999 -9999 -9999
3320.14 3314.55 3317.05 3315.38 3310.03 3308.03 3301.56 3303.88 3299.06 3291.62 3287.32 3285.15 3281.5 3275.36 -9999 -9999 -9999 -9999 -9999 -9999 -9999 -9999 -9999 -9999 -9999 -9999 -9999 -9999 -9999 -9999 -9999 -9999 -9999 -9999 -9999 -9999 -9999 -9999 -9999 -9999 -9999 -9999 -9999 -9999 -9999 -9999 -9999 -9999 -9999 -9999 -9999 -9999 -9999 -9999 -9999 -9999 -9999 -9999 -9999 -9999 -9999 -9999 -9999 -9999 -9999 -9999 -9999 -9999 -9999 -9999 -9999
3336.96 3336.83 3340.77 3337.98 3332.4 3324.38 3317.61 3315.05 3313.83 3312.23 3308.02 3304.77 3300.14 3296.53 -9999 -9999 -9999 -9999 -9999 -9999 -9999 -9999 -9999 -9999 -9999 -9999 -9999 -9999 -9999 -9999 -9999 -9999 -9999 -9999 -9999 -9999 -9999 -9999 -9999 -9999 -9999 -9999 -9999 -9999 -9999 -9999 -9999 -9999 -9999 -9999 -9999 -9999 -9999 -9999 -9999 -9999 -9999 -9999 -9999 -9999 -9999 -9999 -9999 -9999 -9999 -9999 -9999 -9999 -9999 -9999 -9999
3357.55 -9999 3350.97 -9999 3350.57 3348.37 3345.95 3341.82 3338.08 3332.21 3329.64 3326.22 3320.93 3316.21 -9999 -9999 -9999 -9999 -9999 -9999 -9999 -9999 -9999 -9999 -9999 -9999 -9999 -9999 -9999 -9999 -9999 -9999 -9999 -9999 -9999 -9999 -9999 -9999 -9999 -9999 -9999 -9999 -9999 -9999 -9999 -9999 -9999 -9999 -9999 -9999 -9999 -9999 -9999 -9999 -9999 -9999 -9999 -9999 -9999 -9999 -9999 -9999 -9999 -9999 -9999 -9999 -9999 -9999 -9999 -9999 -9999
3371.21 3374.05 3368.1 3367.48 3365.89 3362.46 -9999 -9999 3356.7 3354.78 3347.88 3344.77 3340.86 3335.81 -9999 -9999 -9999 -9999 -9999 -9999 -9999 -9999 -9999 -9999 -9999 -9999 -9999 -9999 -9999 -9999 -9999 -9999 -9999 -9999 -9999 -9999 -9999 -9999 -9999 -9999 -9999 -9999 -9999 -9999 -9999 -9999 -9999 -9999 -9999 -9999 -9999 -9999 -9999 -9999 -9999 -9999 -9999 -9999 -9999 -9999 -9999 -9999 -9999 -9999 -9999 -9999 -9999 -9999 -9999 -9999 -9999
3397.29 3389.66 3400.85 3402.64 3399.67 3391.33 3383.22 3380.12 3376.95 3375.25 3372.61 3367.45 3361.3 3358.45 3357.45 3359.62 3357.27 3357.72 3355.63 3356.2 -9999 -9999 -9999 -9999 -9999 -9999 -9999 -9999 -9999 -9999 -9999 -9999 -9999 -9999 -9999 -9999 -9999 -9999 -9999 -9999 -9999 -9999 -9999 -9999 -9999 -9999 -9999 -9999 -9999 -9999 -9999 -9999 -9999 -9999 -9999 -9999 -9999 -9999 -9999 -9999 -9999 -9999 -9999 -9999 -9999 -9999 -9999 -9999 -9999 -9999 -9999
3420.7 3428.21 3426.23 3422.58 3418.45 3415.42 3413.44 3404.86 3400.77 3396.81 3392.92 3389.52 3387.88 3386.15 3382.1 3377.96 3378.7 3380.56 3380.66 3379.58 -9999 -9999 -9999 -9999 -9999 -9999 -9999 -9999 -9999 -9999 -9999 -9999 -9999 -9999 -9999 -9999 -9999 -9999 -9999 -9999 -9999 -9999 -9999 -9999 -9999 -9999 -9999 -9999 -9999 -9999 -9999 -9999 -9999 -9999 -9999 -9999 -9999 -9999 -9999 -9999 -9999 -9999 -9999 -9999 -9999 -9999 -9999 -9999 -9999 -9999 -9999
3443.25 3448.47 3445.2 3441.09 -9999 3441.19 3431.17 3433.78 3429.43 3422.93 3419.58 3418.15 3414.52 3409.64 3406.63 3404.96 3405.65 3405.73 3404.37 3401.7 3399.62 3399.79 -9999 -9999 -9999 -9999 -9999 -9999 -9999 -9999 -9999 -9999 -9999 -9999 -9999 -9999 -9999 -9999 -9999 -9999 -9999 -9999 -9999 -9999 -9999 -9999 -9999 -9999 -9999 -9999 -9999 -9999 -9999 -9999 -9999 -9999 -9999 -9999 -9999 -9999 -9999 -9999 -9999 -9999 -9999 -9999 -9999 -9999 -9999 -9999 -9999
3471.79 3470.44 3466.49 3466.41 3462.54 3461.69 3469.21 3460.4 3456.76 3452.14 3450.25 3446.4 3435.65 3434.23 3430.3 3429.41 3429.24 3426.73 3425.12 3423.35 3421.88 3420.66 -9999 -9999 -9999 -9999 -9999 -9999 -9999 -9999 -9999 -9999 -9999 -9999 -9999 -9999 -9999 -9999 -9999 -9999 -9999 -9999 -9999 -9999 -9999 -9999 -9999 -9999 -9999 -9999 -9999 -9999 -9999 -9999 -9999 -9999 -9999 -9999 -9999 -9999 -9999 -9999 -9999 -9999 -9999 -9999 -9999 -9999 -9999 -9999 -9999
3483.41 3488.12 3486.73 3481.67 3483.11 3482.67 3480.36 3476.15 3474.05 3472.71 3469.7 3471.48 3471.07 3465.68 3457.62 3453.24 3451.88 3449.52 3447.36 3446.02 3443.24 3440.58 -9999 -9999 -9999 -9999 -9999 -9999 -9999 -9999 -9999 -9999 -9999 -9999 -9999 -9999 -9999 -9999 -9999 -9999 -9999 -9999 -9999 -9999 -9999 -9999 -9999 -9999 -9999 -9999 -9999 -9999 -9999 -9999 -9999 -9999 -9999 -9999 -9999 -9999 -9999 -9999 -9999 -9999 -9999 -9999 -9999 -9999 -9999 -9999 -9999
3502.38 3501.49 -9999 3499.07 3500.71 3504.97 3496.1 3491.99 3492.88 3491.29 3490.13 3490.73 3494.65 3494.88 3485.09 3477.56 3473.84 3471.47 3469.8 3469.7 3467.84 3464.47 3461.36 -9999 -9999 -9999 -9999 -9999 -9999 -9999 -9999 -9999 -9999 -9999 -9999 -9999 -9999 -9999 -9999 -9999 -9999 -9999 -9999 -9999 -9999 -9999 -9999 -9999 -9999 -9999 -9999 -9999 -9999 -9999 -9999 -9999 -9999 -9999 -9999 -9999 -9999 -9999 -9999 -9999 -9999 -9999 -9999 -9999 -9999 -9999 -9999
3527.71 3522.13 3522.02 3523.44 3524.15 -9999 3517.06 3514.46 3513 3515.56 3512.66 3508.3 3513.77 3517.34 3517.55 3507.82 3499.44 3495.51 3493.6 3493.34 3492.43 3487.12 -9999 -9999 -9999 3480.58 3481.71 3481.71 3480.76 3480.95 3482 3481.52 -9999 -9999 -9999 -9999 -9999 -9999 -9999 -9999 -9999 -9999 -9999 -9999 -9999 -9999 -9999 -9999 -9999 -9999 -9999 -9999 -9999 -9999 -9999 -9999 -9999 -9999 -9999 -9999 -9999 -9999 -9999 -9999 -9999 -9999 -9999 -9999 -9999 -9999 -9999
3541.89 3541.5 3544.72 3550.37 3545.46 3542.66 3540.77 3538.09 3534.7 3532.56 3534.74 3539.87 3539.46 3539.23 3536.99 3528.13 3517.72 3517.31 3511.64 3509.78 3507.98 3505.75 3503.54 3503.14 3504.42 3505.83 3507.07 3508.83 3510.42 3509.56 3507.89 3505.22 3503.55 3501.93 3500.97 3502.7 -9999 -9999 -9999 -9999 -9999 -9999 -9999 -9999 -9999 -9999 -9999 -9999 -9999 -9999 -9999 -9999 -9999 -9999 -9999 -9999 -9999 -9999 -9999 -9999 -9999 -9999 -9999 -9999 -9999 -9999 -9999 -9999 -9999 -9999 -9999
3570.1 3571.67 3571.59 3562.01 3562.37 3565.44 3555.73 3556 3558.67 3554.7 3555.9 3552.37 3549.42 3546.38 3539.65 3544.4 3541.92 3535.99 -9999 3535.31 3533.34 3529.97 3528.49 3529.25 3529.26 3532.52 3534.35 3535.26 3537.08 3536.66 3533.8 3533.47 3531.7 3529.54 3527.85 3526.47 3525.55 3524.18 3523.69 3524.67 -9999 -9999 -9999 -9999 -9999 -9999 -9999 -9999 -9999 -9999 -9999 -9999 -9999 -9999 -9999 -9999 -9999 -9999 -9999 -9999 -9999 -9999 -9999 -9999 -9999 -9999 -9999 -9999 -9999 -9999 -9999
3593.53 3593.08 3587.33 3589.59 3587.7 3585.67 3588.74 3582.4 3575.89 3575.5 3570.68 3569.79 -9999 -9999 -9999 3559.02 3557.04 3559.09 3559.32 3556.52 3554.05 3553.07 3559.83 3560.12 3561.55 3561.73 3561.02 3556.77 3558.46 3559.21 3557.8 3555.51 3556.54 3555.69 3554.26 3554.08 3553.06 3550.76 3549.56 3546.54 3545.61 -9999 -9999 -9999 -9999 -9999 -9999 -9999 -9999 -9999 -9999 -9999 -9999 -9999 -9999 -9999 -9999 -9999 -9999 -9999 -9999 -9999 -9999 -9999 -9999 -9999 -9999 -9999 -9999 -9999 -9999
3613.25 3607.04 3602.06 3600.32 3602.46 3598.29 3592.9 3592.06 3592.91 3595.73 3593.11 3590.95 3590.34 3591.19 3592.55 3589.97 3588.81 3583.91 3579.99 3578.17 3574.5 3573.71 3575.16 3586.18 3588.55 3588.07 3589.67 3596.5 3593.74 3592.36 3594.92 3594.81 3589.9 3585.65 3582.94 3582.7 3579.92 3576.88 3572.76 3570.73 3569.8 3568.01 -9999 -9999 -9999 -9999 -9999 -9999 -9999 -9999 -9999 -9999 -9999 -9999 -9999 -9999 -9999 -9999 -9999 -9999 -9999 -9999 -9999 -9999 -9999 -9999 -9999 -9999 -9999 -9999 -9999
3625.07 3621.13 3620.12 3619.99 3617.64 3615.38 3621.1 3622.29 3620.15 3618.67 3616.87 3614.84 3613.48 3613.01 3611.95 3613.45 3607.7 3602.96 3601.82 3603.77 3606.96 3607.92 3604.51 3599.36 3607.27 3608.87 3611.58 3609.66 3611.87 3612.64 3613.27 3612.97 3613.58 3612.62 3609.77 3606.62 3607.78 3603.55 3597.34 3592.51 3589.97 3588.42 3587.2 3585.2 3585.13 3586.51 -9999 -9999 -9999 -9999 -9999 -9999 -9999 -9999 -9999 -9999 -9999 -9999 -9999 -9999 -9999 -9999 -9999 -9999 -9999 -9999 -9999 -9999 -9999 -9999 -9999
3643.02 3644.2 3640.15 3638.14 -9999 3642.91 3641.78 3639.59 3639.9 3640.59 3639.74 3638.58 3637.05 3635.53 3634.43 3630 3627.59 3630.35 3631.94 3633.19 3632.54 3632.6 3634.23 3626.81 3623.58 3628.5 3625.1 3630.07 3631.25 3630.32 3630.69 3631.09 3631.9 3632.67 3631.66 3629.75 3628.42 3624.67 3622.69 3620.48 3617.23 3614.93 3613.66 3612.4 3611.5 3609.8 3608.77 3608.67 3609.18 3608.6 -9999 -9999 -9999 -9999 -9999 -9999 -9999 -9999 -9999 -9999 -9999 -9999 -9999 -9999 -9999 -9999 -9999 -9999 -9999 -9999 -9999
3661.18 3660.36 3662.65 3664.17 3661.54 3659.67 -9999 3663.25 3661.63 3660.88 3661.49 3661 3660.22 3658.12 3655.16 3657.06 3657.42 3655.48 3656.58 3653.7 3655.22 3654.99 3650.02 3648.23 3647.33 3647.66 3647.48 3647.78 3646.39 3647.58 3647.45 3648.15 3649.03 3649.89 3650.53 3651.1 3651.74 3653.09 3643.22 3641.26 3643.03 3645.64 3645.13 3645.94 3643.78 3642.38 3642.98 3638.89 3635.02 3632.67 3630.24 -9999 -9999 -9999 -9999 -9999 -9999 -9999 -9999 -9999 -9999 -9999 -9999 -9999 -9999 -9999 -9999 -9999 -9999 -9999 -9999
3686.68 3684.82 3681.21 3680.82 3685.92 3688.08 3685.4 3684.24 3684.91 3685.15 -9999 3688.3 3682.89 3683.52 3681.57 3679.92 3679.34 3676.99 3675.68 3677.1 3674.53 3672.95 3673.19 3670.66 3669.18 3667.44 3667.05 3667.53 3668.68 3671.65 3673.69 3672.4 3669.44 3667.78 3669.96 3669.78 3666.76 3663.58 3663.54 3663.08 3666.16 3669.17 3671.16 3671.66 3670.85 3671.11 3668.97 3664.98 3661.5 3657.38 3654.45 -9999 3650.8 3651.8 3652.14 3652.41 3651.94 3651.64 3651.5 3653.67 3653.51 3652.35 3652.43 -9999 -9999 -9999 -9999 -9999 -9999 -9999 -9999
3703.43 3703.82 3702.13 3707.61 3707.36 3707.23 3707.12 3709.13 3709.87 3709.48 -9999 3702.64 3704.4 3701.93 3700.82 3698.78 3699.98 3698.9 3701.35 3701.1 3701.08 3700.77 3698.79 3698.31 3696.42 3693.06 3691.3 3691.2 3692.35 3690.68 3689.98 3690.25 3691.13 3689.72 3687.92 3686.88 3687.63 3688.95 3688.91 3688.87 3687.64 3688.27 3690 3691.53 3691.49 3691.28 3691.28 3689.34 3685.29 3682.63 3680.75 3680.1 3678.64 3677.65 3677.56 3675.98 3677.41 3678.54 3675.98 3675.57 3675 3674.68 3674.19 3673.38 -9999 -9999 -9999 -9999 -9999 -9999 -9999
3727.65 3726.9 3729.38 3728.74 3728.02 3728.58 3730.36 3732.13 3728.19 3723.35 3724.04 3726.86 3726.05 3728.15 3725.64 3723.49 3722.48 3727.17 3726.19 3724.58 3724.21 3726.63 3727.16 3722.52 3719.43 3721.75 3721.94 3719.8 3717.55 3717.25 3715.64 3714.72 3714.07 3714.07 3716.11 3716.72 3715.04 3717.27 3717.28 3715.92 3711.95 3709.99 3710.63 3710.22 3712.72 3711.53 3709.45 3707.78 3707.46 3708.32 3707.36 3708.48 3714.75 3715.17 3710.74 3709.3 3703.16 3701.31 3701.11 3700.16 3698.9 3697.37 3697.15 3694.55 -9999 -9999 -9999 -9999 -9999 -9999 -9999
3749.52 3751.97 3751.99 3751.6 3749 3747.77 3754.24 3751.51 3753.41 3751.13 3750.88 -9999 3747.41 3743.23 3740.82 -9999 3748.6 3748.22 3746.61 3745.65 3749.84 3747.73 3745.02 3751.85 3753.38 3750.42 3749.26 3748.28 3747.95 3746.3 3744.49 3743.28 3741.26 3739.14 3736.94 3735.73 3737.23 3737.98 3738.79 3740.24 3741.63 3740.28 -9999 3732.92 3731.8 3734.3 3734.86 3733.43 3733.17 3733.21 3731.05 3735.22 3736.1 3738.35 3738.49 3735.84 3734 3729.13 3725.45 3723.29 3720.27 3718.62 3716.97 -9999 -9999 -9999 -9999 -9999 -9999 -9999 -9999
3773.8 3773.56 3772.86 3773.81 3776.45 -9999 3773.26 3773.35 3774.52 3771.56 3772.37 3770.22 3773.54 3776.55 3776.62 3774.94 3776.1 3772.79 3771.72 3776 3773.29 3772.63 3772.53 3775.02 3775.84 3774.13 3771.6 3773.24 3773.59 3772.51 3772.91 3770.39 3766.4 3765.29 3763.18 3760.84 3760.56 3759.03 3757.33 3757.26 3758.33 3759.81 3754.88 3753.57 3754.12 3756.21 3757.77 3759.07 3756.84 3753.44 3754.86 3757.41 3759.04 3759.84 3762.23 3763.84 3764.33 3752.85 3749.97 3747.5 3743.16 3740.11 3737.75 3738.72 -9999 -9999 -9999 -9999 -9999 -9999 -9999
-9999 3794.93 3796.74 3797.65 3797.8 3798.52 3799.31 3799.02 3797.33 3801.07 3800.73 -9999 3799.21 -9999 3796.78 3801.75 3798.05 3795.94 3801.57 3799.94 3801.52 3798.99 3797.69 3799.45 3799.15 3799.91 3800.1 3800.36 3796.89 3793.73 3793.89 3792.84 3792.82 3790.49 3791.11 3790.73 3788.1 3786.83 3783.56 3781.57 3780.26 3777.36 3777.46 3776.46 3775.09 3777.23 3777.91 3778.03 3777.22 3775.61 3775.55 3775.32 3774.71 3775.07 3776.67 3777.5 3777.27 3776.92 3774.56 3771.85 3767.22 3762.65 3761.16 3759.49 -9999 -9999 -9999 -9999 -9999 -9999 -9999
-9999 -9999 3817.16 3818.83 3819.21 3820.54 3822.14 3822.92 3825.4 3822.98 3821.33 3821.95 3819.37 3819.37 3816.81 3816.74 3820.04 3823.66 3820.75 3824.16 3822.55 3826.33 3822.11 3822.72 3821.4 3823 3823.17 3821.43 3819.94 3821.41 3817.83 3816.82 3815.41 3817.61 3816.79 3818.34 3814.74 3812.02 3810.17 3809.01 3808.11 3805.44 3803.09 3801.79 3800.07 3799.58 3800.41 3800.03 3800.76 3798.3 3797.21 3795.98 3796.03 3794.88 3793.79 3793.5 3793.33 3792.73 3792.31 3790.9 3790.16 3788.12 3783.85 3781 -9999 -9999 -9999 -9999 -9999 -9999 -9999
-9999 -9999 3834.86 3840.06 3841.97 3842.8 3844.65 3847.04 3847.62 3848.76 3849.56 3846.78 3846.18 3848.67 3850.12 3846.6 3846.32 3849 3849.3 3849.24 3852.32 3852.91 3853.79 3850.3 3851.61 3846.95 3845.76 3843.84 3842.73 3842.56 3843.48 3843.27 3847.36 3842.01 3838.92 3836.38 3835.08 3836.95 3835.97 3835.28 3830.97 3830.8 3828.14 3828.15 3827.21 3826.43 3824.55 3823.83 3821.95 3821.37 3820.75 3820.92 3820.23 3818.48 3817.24 3817.88 3816.53 3815.05 3814.1 3813.06 3809.87 3807.01 3805.84 3802.05 -9999 -9999 -9999 -9999 -9999 -9999 -9999
-9999 -9999 -9999 3860.54 3862.55 3864.87 3867.1 3868.37 3870.08 3871.98 3872.07 3873.46 3871.31 3870.68 3869.8 3867.79 3869.79 3869.98 3868.2 3869.52 3871.67 -9999 3868.64 3868.14 3870.91 -9999 3875.19 3870.15 3870.28 3871.88 3874.88 3871.89 3865.38 3866.57 3869.24 3866.85 3867.02 3864.46 3865.4 3861.19 3862.46 3861.19 3857.98 3854.83 3851.54 3850.27 3849.13 3846.98 3846.22 3842.84 3841.13 3840.96 3840.34 3839.78 3840.25 3840.1 3840.38 3838.12 3834.95 3833.31 3831.65 3829.29 3826.53 3824.92 -9999 3822.46 3823.55 3823.68 3824.08 -9999 -9999
