resultados/variables_norteamerica/sun_rad_maximum.asc
ncols 469
nrows 225
xllcorner -169.133333
yllcorner 20.675000
cellsize 0.249840
NODATA_value -9999
[rows 64 to 95 of 225, columns 284 to 354 of 469]
-9999 7044.81 7042.06 7035.38 7031.8 7032.66 7025.68 7028.02 7025.87 7024.08 7013.82 7006.93 6998.56 6992.27 6985.89 6982.43 -9999 -9999 -9999 -9999 -9999 -9999 -9999 -9999 -9999 -9999 -9999 -9999 -9999 -9999 -9999 -9999 -9999 -9999 -9999 -9999 -9999 -9999 -9999 -9999 -9999 -9999 -9999 -9999 -9999 -9999 -9999 -9999 -9999 -9999 -9999 -9999 -9999 -9999 -9999 -9999 -9999 -9999 -9999 -9999 -9999 -9999 -9999 -9999 -9999 -9999 -9999 -9999 -9999 -9999 -9999
7053.74 7049.73 7047.48 7044.75 7042.72 7039.7 7034.87 7033.28 7036.21 7025.72 7011.91 7005.61 7001.73 6998.38 -9999 -9999 -9999 -9999 -9999 -9999 -9999 -9999 -9999 -9999 -9999 -9999 -9999 -9999 -9999 -9999 -9999 -9999 -9999 -9999 -9999 -9999 -9999 -9999 -9999 -9999 -9999 -9999 -9999 -9999 -9999 -9999 -9999 -9999 -9999 -9999 -9999 -9999 -9999 -9999 -9999 -9999 -9999 -9999 -9999 -9999 -9999 -9999 -9999 -9999 -9999 -9999 -9999 -9999 -9999 -9999 -9999
7080.46 7069.5 7062.9 7057.34 7052.44 7054.11 7053.44 7047.65 7039.62 7037.83 7027.85 7023.48 7016.19 7008.18 -9999 -9999 -9999 -9999 -9999 -9999 -9999 -9999 -9999 -9999 -9999 -9999 -9999 -9999 -9999 -9999 -9999 -9999 -9999 -9999 -9999 -9999 -9999 -9999 -9999 -9999 -9999 -9999 -9999 -9999 -9999 -9999 -9999 -9999 -9999 -9999 -9999 -9999 -9999 -9999 -9999 -9999 -9999 -9999 -9999 -9999 -9999 -9999 -9999 -9999 -9999 -9999 -9999 -9999 -9999 -9999 -9999
-9999 7095.31 7086.54 7082.32 7082.62 7075.59 7069.53 7061.66 7057.33 7049.73 7045.92 7037.78 7029.04 7020.38 -9999 -9999 -9999 -9999 -9999 -9999 -9999 -9999 -9999 -9999 -9999 -9999 -9999 -9999 -9999 -9999 -9999 -9999 -9999 -9999 -9999 -9999 -9999 -9999 -9999 -9999 -9999 -9999 -9999 -9999 -9999 -9999 -9999 -9999 -9999 -9999 -9999 -9999 -9999 -9999 -9999 -9999 -9999 -9999 -9999 -9999 -9999 -9999 -9999 -9999 -9999 -9999 -9999 -9999 -9999 -9999 -9999
7108.64 7109.28 7108.75 7100.37 7094.39 7086.98 7082.02 7076.11 7072.63 7066.07 7056.69 7048.18 7040.44 7031.4 -9999 -9999 -9999 -9999 -9999 -9999 -9999 -9999 -9999 -9999 -9999 -9999 -9999 -9999 -9999 -9999 -9999 -9999 -9999 -9999 -9999 -9999 -9999 -9999 -9999 -9999 -9999 -9999 -9999 -9999 -9999 -9999 -9999 -9999 -9999 -9999 -9999 -9999 -9999 -9999 -9999 -9999 -9999 -9999 -9999 -9999 -9999 -9999 -9999 -9999 -9999 -9999 -9999 -9999 -9999 -9999 -9999
7123.98 7117.67 7122.38 7118.5 7108.88 7102.53 7091.79 7092.88 7084.32 7072.56 7064.87 7060.21 7052.52 7042.48 -9999 -9999 -9999 -9999 -9999 -9999 -9999 -9999 -9999 -9999 -9999 -9999 -9999 -9999 -9999 -9999 -9999 -9999 -9999 -9999 -9999 -9999 -9999 -9999 -9999 -9999 -9999 -9999 -9999 -9999 -9999 -9999 -9999 -9999 -9999 -9999 -9999 -9999 -9999 -9999 -9999 -9999 -9999 -9999 -9999 -9999 -9999 -9999 -9999 -9999 -9999 -9999 -9999 -9999 -9999 -9999 -9999
7131.57 7128.69 7131.61 7129.29 7121.98 7109.27 7099.76 7092.8 7088.37 7085.07 7077.6 7070.61 7061.83 7053.63 -9999 -9999 -9999 -9999 -9999 -9999 -9999 -9999 -9999 -9999 -9999 -9999 -9999 -9999 -9999 -9999 -9999 -9999 -9999 -9999 -9999 -9999 -9999 -9999 -9999 -9999 -9999 -9999 -9999 -9999 -9999 -9999 -9999 -9999 -9999 -9999 -9999 -9999 -9999 -9999 -9999 -9999 -9999 -9999 -9999 -9999 -9999 -9999 -9999 -9999 -9999 -9999 -9999 -9999 -9999 -9999 -9999
7140.98 -9999 7130.52 -9999 7126.86 7120.84 7117.56 7110.43 7105.2 7096.43 7088.63 7081.84 7072.28 7063.72 -9999 -9999 -9999 -9999 -9999 -9999 -9999 -9999 -9999 -9999 -9999 -9999 -9999 -9999 -9999 -9999 -9999 -9999 -9999 -9999 -9999 -9999 -9999 -9999 -9999 -9999 -9999 -9999 -9999 -9999 -9999 -9999 -9999 -9999 -9999 -9999 -9999 -9999 -9999 -9999 -9999 -9999 -9999 -9999 -9999 -9999 -9999 -9999 -9999 -9999 -9999 -9999 -9999 -9999 -9999 -9999 -9999
7143.07 7143.8 7141.85 7143.07 7138.5 7130.01 -9999 -9999 7113.21 7108.27 7098.56 7092.54 7083.32 7075.64 -9999 -9999 -9999 -9999 -9999 -9999 -9999 -9999 -9999 -9999 -9999 -9999 -9999 -9999 -9999 -9999 -9999 -9999 -9999 -9999 -9999 -9999 -9999 -9999 -9999 -9999 -9999 -9999 -9999 -9999 -9999 -9999 -9999 -9999 -9999 -9999 -9999 -9999 -9999 -9999 -9999 -9999 -9999 -9999 -9999 -9999 -9999 -9999 -9999 -9999 -9999 -9999 -9999 -9999 -9999 -9999 -9999
7158.79 7156.89 7169.04 7169.88 7164.69 7152.15 7137.22 7130.38 7124.67 7119.73 7113.68 7105.81 7097.79 7093.02 7089.19 7086.71 7085.74 7087.25 7085.01 7084.79 -9999 -9999 -9999 -9999 -9999 -9999 -9999 -9999 -9999 -9999 -9999 -9999 -9999 -9999 -9999 -9999 -9999 -9999 -9999 -9999 -9999 -9999 -9999 -9999 -9999 -9999 -9999 -9999 -9999 -9999 -9999 -9999 -9999 -9999 -9999 -9999 -9999 -9999 -9999 -9999 -9999 -9999 -9999 -9999 -9999 -9999 -9999 -9999 -9999 -9999 -9999
7179.15 7190.28 7184.11 7176.71 7172.22 7168.15 7166.24 7153.03 7143.13 7135.77 7129.58 7123.65 7118.73 7114.19 7106.83 7100.71 7101.86 7104.04 7103.07 7099.74 -9999 -9999 -9999 -9999 -9999 -9999 -9999 -9999 -9999 -9999 -9999 -9999 -9999 -9999 -9999 -9999 -9999 -9999 -9999 -9999 -9999 -9999 -9999 -9999 -9999 -9999 -9999 -9999 -9999 -9999 -9999 -9999 -9999 -9999 -9999 -9999 -9999 -9999 -9999 -9999 -9999 -9999 -9999 -9999 -9999 -9999 -9999 -9999 -9999 -9999 -9999
7191.26 7197.1 7191.91 7185.13 -9999 7184.7 7175.8 7174.32 7166.92 7156.92 7151.69 7150.28 7141.23 7130.51 7124.1 7120.95 7120.9 7119.21 7116.18 7112.16 7108.63 7106.01 -9999 -9999 -9999 -9999 -9999 -9999 -9999 -9999 -9999 -9999 -9999 -9999 -9999 -9999 -9999 -9999 -9999 -9999 -9999 -9999 -9999 -9999 -9999 -9999 -9999 -9999 -9999 -9999 -9999 -9999 -9999 -9999 -9999 -9999 -9999 -9999 -9999 -9999 -9999 -9999 -9999 -9999 -9999 -9999 -9999 -9999 -9999 -9999 -9999
7205.19 7205.42 7201.42 7199.37 7195.31 7194.77 7199.18 7186.49 7183.04 7175.92 7171 7166.22 7158.13 7153.63 7142.1 7137.52 7136 7131.21 7127.97 7125.01 7121.41 7117.4 -9999 -9999 -9999 -9999 -9999 -9999 -9999 -9999 -9999 -9999 -9999 -9999 -9999 -9999 -9999 -9999 -9999 -9999 -9999 -9999 -9999 -9999 -9999 -9999 -9999 -9999 -9999 -9999 -9999 -9999 -9999 -9999 -9999 -9999 -9999 -9999 -9999 -9999 -9999 -9999 -9999 -9999 -9999 -9999 -9999 -9999 -9999 -9999 -9999
7206.16 7208.93 7206.9 7202.73 7202.83 7203.36 7195.51 7189.3 7185.84 7184.73 7180.57 7182.61 7183.41 7178.39 7165.85 7154.63 7149.17 7144.54 7140.77 7139.2 7134.75 7129 -9999 -9999 -9999 -9999 -9999 -9999 -9999 -9999 -9999 -9999 -9999 -9999 -9999 -9999 -9999 -9999 -9999 -9999 -9999 -9999 -9999 -9999 -9999 -9999 -9999 -9999 -9999 -9999 -9999 -9999 -9999 -9999 -9999 -9999 -9999 -9999 -9999 -9999 -9999 -9999 -9999 -9999 -9999 -9999 -9999 -9999 -9999 -9999 -9999
7212.77 7210.76 -9999 7207.48 7209.13 7213.54 7201.34 7194.58 7194.99 7193.22 7192.26 7190.08 7196.37 7197.98 7186.45 7172.8 7162.71 7157.37 7154.35 7153.19 7150.42 7143.23 7137.47 -9999 -9999 -9999 -9999 -9999 -9999 -9999 -9999 -9999 -9999 -9999 -9999 -9999 -9999 -9999 -9999 -9999 -9999 -9999 -9999 -9999 -9999 -9999 -9999 -9999 -9999 -9999 -9999 -9999 -9999 -9999 -9999 -9999 -9999 -9999 -9999 -9999 -9999 -9999 -9999 -9999 -9999 -9999 -9999 -9999 -9999 -9999 -9999
7226.61 7218.69 7220.71 7223.31 7224.36 -9999 7211.85 7207.91 7204.26 7205.3 7201.13 7199.07 7205.41 7209.15 7208 7193.92 7177.29 7171.2 7167.07 7165.33 7162.8 7155.16 -9999 -9999 -9999 7147.12 7149.72 7151.08 7151.42 7151.14 7150.56 7147.88 -9999 -9999 -9999 -9999 -9999 -9999 -9999 -9999 -9999 -9999 -9999 -9999 -9999 -9999 -9999 -9999 -9999 -9999 -9999 -9999 -9999 -9999 -9999 -9999 -9999 -9999 -9999 -9999 -9999 -9999 -9999 -9999 -9999 -9999 -9999 -9999 -9999 -9999 -9999
7232.79 7232.63 7236.63 7239.3 7232.45 7228.69 7224.14 7219.04 7214.39 7210.47 7214.41 7217.84 7217.54 7214.24 7207.64 7196.9 7185.55 7182.1 7173.77 7171.96 7168.73 7164.88 7162.18 7162.44 7164.32 7167.55 7169.89 7172.46 7174.62 7173.56 7170.25 7166.95 7163.91 7160.6 7158.46 7158.97 -9999 -9999 -9999 -9999 -9999 -9999 -9999 -9999 -9999 -9999 -9999 -9999 -9999 -9999 -9999 -9999 -9999 -9999 -9999 -9999 -9999 -9999 -9999 -9999 -9999 -9999 -9999 -9999 -9999 -9999 -9999 -9999 -9999 -9999 -9999
7249.56 7252.68 7247.23 7237.64 7235.55 7237.78 7228.89 7227.08 7226.91 7222.69 7218.74 7213.39 7211.32 7207.46 7199.6 7200.05 7195.64 7189.97 -9999 7188.77 7184.43 7180.01 7181.68 7183.87 7184.57 7188.11 7190.47 7191.56 7192.49 7190.81 7188.18 7188.03 7185.86 7182.39 7179.21 7177.2 7175.32 7172.51 7169.82 7167.93 -9999 -9999 -9999 -9999 -9999 -9999 -9999 -9999 -9999 -9999 -9999 -9999 -9999 -9999 -9999 -9999 -9999 -9999 -9999 -9999 -9999 -9999 -9999 -9999 -9999 -9999 -9999 -9999 -9999 -9999 -9999
7262.14 7257.67 7247.22 7248.36 7248.71 7245.88 7244.91 7236.98 7230.24 7231.1 7225.12 7221.4 -9999 -9999 -9999 7209.19 7204.98 7204.34 7202.91 7199.41 7195.56 7194.23 7202.51 7206.95 7211.56 7212.13 7210.47 7209.03 7212.17 7213.93 7212.57 7207.7 7205.56 7202.99 7199.87 7199.52 7197.09 7191.91 7187.72 7182.3 7180.19 -9999 -9999 -9999 -9999 -9999 -9999 -9999 -9999 -9999 -9999 -9999 -9999 -9999 -9999 -9999 -9999 -9999 -9999 -9999 -9999 -9999 -9999 -9999 -9999 -9999 -9999 -9999 -9999 -9999 -9999
7264.34 7254.75 7249.25 7247.22 7247.69 7242.44 7238.77 7238.43 7238.66 7241.44 7238.3 7235.07 7232.76 7233.31 7235.2 7232.43 7227.33 7220.07 7213.56 7211.24 7209.18 7209.52 7209.27 7218.65 7226.66 7228.45 7230.9 7236.67 7233.87 7232.65 7235.39 7236.08 7232.17 7226.2 7221.51 7219.34 7216.15 7211.01 7202.64 7197.66 7195.51 7191.61 -9999 -9999 -9999 -9999 -9999 -9999 -9999 -9999 -9999 -9999 -9999 -9999 -9999 -9999 -9999 -9999 -9999 -9999 -9999 -9999 -9999 -9999 -9999 -9999 -9999 -9999 -9999 -9999 -9999
7262.09 7258.22 7255.56 7254.32 7251.94 7252.74 7257.06 7257.77 7256.21 7254.26 7251.62 7248.78 7245.95 7244.19 7242.09 7241.58 7234.77 7229.88 7231.31 7234.45 7237.34 7237.2 7233.76 7223.77 7228.12 7232.82 7234.71 7236.45 7238.73 7239.35 7240.9 7240.79 7242.19 7241.96 7237.78 7233.69 7235.38 7227.22 7218.27 7211.14 7206.57 7204.17 7202.34 7200.18 7199.07 7199.42 -9999 -9999 -9999 -9999 -9999 -9999 -9999 -9999 -9999 -9999 -9999 -9999 -9999 -9999 -9999 -9999 -9999 -9999 -9999 -9999 -9999 -9999 -9999 -9999 -9999
7267.04 7267.41 7263.32 7262.57 -9999 7265.71 7266.05 7263.65 7264.4 7265.07 7263.96 7262.13 7260.39 7258.11 7254.51 7249.01 7247.29 7249.29 7250.93 7251.79 7250.97 7251.11 7249.69 7240.1 7235.99 7239.99 7237.55 7242.12 7244.06 7244.48 7245.23 7245.49 7246.33 7246.76 7245.81 7243.73 7243.01 7239.45 7232.28 7229.61 7226.09 7226.61 7224.18 7223.21 7221.35 7219.74 7217.46 7214.36 7212.32 7209.54 -9999 -9999 -9999 -9999 -9999 -9999 -9999 -9999 -9999 -9999 -9999 -9999 -9999 -9999 -9999 -9999 -9999 -9999 -9999 -9999 -9999
7275.44 7273.13 7275.34 7276.07 7275.49 7275 -9999 7277.6 7275.42 7274.87 7275.51 7274.85 7271.76 7269.38 7265.88 7267.49 7266.86 7264.41 7264.11 7261.33 7262.09 7260.56 7255.92 7253.12 7250.36 7250.07 7248.82 7248.83 7248.19 7250 7250.3 7250.73 7250.85 7251.51 7254.01 7253.96 7252.76 7252.67 7241.75 7238.81 7243.44 7246.93 7249.04 7249.63 7246.67 7245.54 7246.13 7238.19 7231.23 7226.32 7221.95 -9999 -9999 -9999 -9999 -9999 -9999 -9999 -9999 -9999 -9999 -9999 -9999 -9999 -9999 -9999 -9999 -9999 -9999 -9999 -9999
7287.43 7284.42 7281.68 7283.2 7288.54 7290.47 7289.21 7288.66 7289.6 7289.15 -9999 7289.48 7284.91 7282.93 7280.12 7279.64 7277.81 7274.75 7274.78 7275.64 7272.85 7271.15 7270.25 7266.88 7264.4 7260.33 7258.86 7259.04 7260.95 7263.2 7264.98 7263.76 7260.38 7257.37 7258.4 7257.69 7254.43 7252.99 7252.73 7252.78 7254.88 7258.52 7261.13 7262.57 7262.17 7261.95 7258.76 7253.48 7247.87 7242.51 7238.22 -9999 7234.24 7234.93 7234.35 7234.27 7233.27 7233.13 7231.48 7232.35 7231.69 7230.04 7229.1 -9999 -9999 -9999 -9999 -9999 -9999 -9999 -9999
7293.6 7294.97 7295.36 7298.59 7298.15 7298.75 7300.4 7300.92 7300.51 7298.17 -9999 7292.74 7292.68 7292.02 7289.98 7288.8 7287.88 7288.09 7290.27 7289.66 7289.2 7289.69 7288.38 7287.15 7284.38 7280.29 7277.83 7276.3 7276.34 7274.39 7272.84 7272.43 7272.33 7271.25 7270.51 7269.52 7268.7 7270.82 7270.95 7270.73 7267.49 7266.83 7267.98 7268.9 7269.61 7269.27 7268.23 7265.59 7260.9 7257.99 7255.66 7256.06 7257.95 7257.99 7255.35 7252.35 7250.92 7250.47 7246.73 7245.57 7243.61 7242.2 7241.5 7239.98 -9999 -9999 -9999 -9999 -9999 -9999 -9999
7307.68 7307.22 7309.02 7309.79 7309.52 7310.42 7312.01 7312.45 7307.84 7303.47 7302.95 7304.03 7303.51 7304.41 7301.44 7300.83 7301.69 7306.32 7304 7302.09 7303.67 7305.07 7304.09 7301.69 7299.04 7300.94 7300.77 7298.74 7295.98 7294.16 7291.8 7289.57 7287.17 7285.48 7285.82 7286.05 7284.88 7287.87 7288.95 7287.37 7283.49 7279.95 7278.24 7276.7 7279.21 7279.02 7278.06 7275.34 7274.39 7274.8 7272.73 7277.29 7284.04 7285.28 7281.21 7278.83 7270.35 7264.88 7263.03 7260.61 7256.71 7253.68 7252.27 7248.72 -9999 -9999 -9999 -9999 -9999 -9999 -9999
7318.37 7320.71 7320.46 7320.51 7320.07 7320.03 7323.06 7321.89 7323.35 7319.75 7319.41 -9999 7315.65 7312.42 7310.43 -9999 7318.73 7316.81 7315.47 7317.62 7320.16 7317.13 7312.57 7322 7324.13 7320.71 7317.61 7317.37 7317.05 7314.57 7311.85 7309.29 7305.96 7302.96 7299.09 7296.53 7297.47 7297.17 7296.15 7297.66 7300 7299.47 -9999 7287.08 7286.21 7290.63 7291.83 7291.82 7289.88 7287.96 7285.69 7291.32 7292.85 7295.61 7297.5 7294.82 7292.52 7281.58 7276.33 7272.56 7266.41 7262.98 7259.64 -9999 -9999 -9999 -9999 -9999 -9999 -9999 -9999
7329.91 7329.66 7330.45 7332.25 7333.8 -9999 7333.55 7333.52 7334.95 7332.92 7332.96 7330.38 7333.61 7335.69 7334.43 7335.51 7335.55 7331.52 7331.14 7334.59 7333.72 7332.47 7332.32 7335.22 7335.73 7333.95 7332.04 7333.38 7332.01 7329.6 7330.03 7326.87 7322.95 7320.95 7317.96 7314.68 7312.67 7309.32 7306.42 7305.21 7304.96 7304.98 7299.52 7297.51 7297.03 7300.02 7301.8 7303.22 7300.74 7295.54 7297.51 7300.05 7301.57 7301.89 7304.96 7307.57 7309.72 7295.71 7291.21 7287.39 7279.82 7273.33 7269.38 7268.19 -9999 -9999 -9999 -9999 -9999 -9999 -9999
-9999 7338.88 7341.17 7343.01 7344.06 7345.6 7347.55 7348.35 7347.3 7349.41 7349.35 -9999 7345.41 -9999 7342.32 7345.98 7343.99 7344.47 7350.2 7350.17 7351.39 7349.82 7346.93 7348.27 7347.13 7348.26 7348.56 7347.58 7343.45 7340.06 7339.17 7336.76 7336.47 7336.31 7335.02 7334.94 7331.44 7329.4 7325.02 7321.64 7318.87 7314.91 7312.87 7310.67 7308.22 7310.05 7311.1 7310.81 7310.32 7307.16 7306.04 7304.94 7304.28 7304.35 7305.65 7306.52 7306.14 7305.51 7301.73 7297.49 7292.59 7286.46 7282.55 7278.64 -9999 -9999 -9999 -9999 -9999 -9999 -9999
-9999 -9999 7349.56 7352.1 7353.76 7355.78 7358.51 7360.79 7364.02 7362.72 7361.18 7360.7 7357.49 7357.92 7355.65 7353.51 7356.14 7363.29 7359.64 7362.94 7362.77 7366.6 7364.13 7362.29 7363.33 7363.02 7361.52 7358.47 7356.13 7358.99 7355.53 7352.94 7352.51 7352.35 7351.08 7351.42 7346.4 7343.24 7339.5 7338.19 7335.99 7332.87 7329.31 7327.55 7324.93 7323.5 7323.05 7321.74 7321.41 7318.37 7316.84 7315.4 7314.85 7312.11 7310.42 7309.59 7308.65 7307.54 7306.52 7304.02 7301.7 7297.8 7292.59 7288.05 -9999 -9999 -9999 -9999 -9999 -9999 -9999
-9999 -9999 7356.44 7360.37 7363.27 7365.94 7369.16 7372.67 7375.17 7377.33 7378.39 7377 7375.89 7377.47 7379.23 7375.12 7374.85 7376.46 7376.19 7378.46 7381.84 7383.06 7381.22 7377.74 7378.39 7375.46 7375.64 7371.13 7369.31 7369.67 7372.53 7371.88 7372.04 7366.07 7364.76 7360.35 7358.7 7360.61 7359.88 7356.86 7352.02 7350.65 7346.18 7344.14 7341.01 7339.74 7337.24 7334.8 7332.23 7329.71 7327.69 7327.71 7326.95 7324.89 7324 7324.4 7322.55 7318.65 7316.09 7314.08 7309.18 7304.79 7301.85 7297.69 -9999 -9999 -9999 -9999 -9999 -9999 -9999
-9999 -9999 -9999 7368.01 7371.36 7374.91 7378.79 7381.69 7384.33 7387.83 7387.76 7389.46 7388.39 7388.33 7387.86 7385.53 7386.79 7386.43 7383.56 7384.16 7385.21 -9999 7383.93 7383.84 7385.87 -9999 7391.11 7388.16 7387.32 7388.86 7393.45 7389.32 7379.25 7377.84 7379.74 7376.61 7376.64 7374.44 7373.92 7369.15 7368.65 7367.65 7363.08 7359.36 7355.46 7353.13 7350.31 7346.94 7344.93 7339.98 7336.72 7335.91 7334.4 7333.31 7332.68 7331.82 7331.72 7328.8 7323.3 7319.61 7316.71 7313.34 7308.87 7305.4 -9999 7304.6 7306.55 7306.24 7305.96 -9999 -9999
