resultados/variables_norteamerica/topo_slope.asc
ncols 469
nrows 225
xllcorner -169.133333
yllcorner 20.675000
cellsize 0.249840
NODATA_value -9999
[rows 72 to 107 of 225, columns 162 to 242 of 469]
11.65 10.93 10.19 10.39 10.59 6.32 7.72 8.03 9.93 10.11 9.35 10.45 12.95 9.63 9.63 8.38 6.16 3.85 5.87 4.18 2.02 1.41 1.45 1.44 1.18 0.39 0.31 0.31 0.34 0.38 0.54 0.55 0.5 0.18 0.16 0.17 0.21 0.17 0.13 0.09 0.16 0.19 0.19 0.22 0.7 0.51 0.25 0.38 0.52 1.06 1.44 1.46 1.53 1.46 1.56 1.74 0.99 1.5 0.78 0.27 0.23 0.32 0.26 0.16 0.14 0.15 0.1 0.13 0.2 0.33 0.76 -9999 -9999 -9999 0.23 0.2 0.22 0.21 0.28 0.34 0.27
9.95 11.77 14.72 12.39 9.69 11.11 8.54 7.88 9.89 11.3 12.81 11.68 13.27 14.26 12.57 11.96 9.81 7.44 6.17 5.21 5.84 3.44 1.81 1.61 0.97 0.75 0.71 0.2 0.2 0.15 0.18 0.22 0.2 0.18 0.26 0.43 0.75 1.11 0.84 0.88 0.33 0.37 0.26 0.52 1.27 0.64 0.19 0.23 0.29 0.41 0.39 0.53 0.68 1.24 1.28 0.87 0.49 0.36 0.3 0.21 0.18 0.05 0.08 0.12 0.07 -9999 -9999 0.04 0.07 0.09 0.05 0.44 0.4 0.32 0.19 0.33 0.48 -9999 0.48 0.35 0.42
7.35 9 9.99 10.18 10.72 10.3 10.61 10.26 9.52 10.97 10.66 12.07 15.04 13.91 15.48 14.6 13.88 10.75 8.06 5.67 6 6.15 2.71 1.34 1.36 0.9 1.13 0.88 0.69 0.5 0.4 0.38 0.25 0.34 0.43 0.62 0.62 0.5 0.5 0.89 0.94 0.85 0.51 0.22 0.22 0.18 0.2 0.32 0.75 0.41 0.24 0.23 0.27 0.31 0.29 0.32 0.28 0.28 0.2 0.16 0.2 0.22 0.33 0.52 0.52 0.37 -9999 0.11 0.26 0.19 -9999 0.35 0.27 0.45 0.38 0.45 0.68 0.73 0.37 0.36 0.29
4.25 5.15 8.64 9.92 11.3 12.31 12.87 10.87 9.04 9.02 9.66 9.91 10.99 13.54 14.35 16.14 13.6 13.04 10.03 6.97 3.14 4.59 3.17 1.8 4.68 4.01 1.47 0.86 1.45 0.37 0.17 0.26 0.42 0.49 0.43 0.55 0.62 0.49 0.77 1.13 0.82 0.63 0.59 0.28 0.24 0.23 0.8 0.54 1.13 1.02 0.87 0.45 0.3 0.21 0.18 0.16 0.21 0.25 0.31 0.37 0.6 0.73 1.04 1.02 1.09 1.61 2.12 0.27 0.18 0.42 0.31 0.38 0.3 0.33 0.37 0.63 0.78 0.57 0.44 0.41 0.42
6.01 5.59 5.1 7.42 8.77 8.66 11.14 12.74 9.42 8.26 7.69 9.05 10.28 11.45 13.96 -9999 13.18 12.63 12.13 9.23 5.76 2.38 1.99 2.06 3.85 4.42 3.6 2.34 1.71 0.81 0.88 0.65 0.55 0.87 1.07 1.23 1.45 1.04 0.61 1.06 0.71 0.91 1.03 0.61 0.32 0.32 1.38 0.52 1.08 1.3 1.45 1.86 2.3 0.93 0.21 0.23 0.24 0.29 0.48 0.63 0.8 0.8 0.49 0.54 0.65 0.84 1.3 2.14 0.33 0.65 0.31 0.27 0.45 0.34 1.29 1.12 1.08 0.54 0.26 0.36 0.42
8.99 8.1 6.49 4.73 6.37 8 9.79 12.73 9.72 8.36 10.52 8.28 9.77 10.51 9.56 11.73 12.27 12.65 12.24 9.15 10.43 9.91 3.21 3.76 3.76 3.68 3.69 1.93 1.54 1.02 0.76 0.7 0.94 1.25 1.62 1.32 0.99 0.95 0.62 0.91 1.02 1.15 1.24 1.5 1.73 1.1 1.82 0.56 0.36 0.97 0.9 1.4 2.13 0.62 0.25 0.29 0.33 0.36 0.69 0.73 0.76 0.74 0.9 0.79 1.17 0.87 1.45 1.62 0.64 0.41 0.51 0.38 0.74 1.05 1.19 0.94 0.76 0.68 0.38 0.38 0.49
8.56 9.38 9 8.3 6.26 5.33 8.13 9.24 10.97 11.06 10.92 9.36 7.71 8.34 10.84 10.79 10.84 12.88 14.03 8.44 7.97 8.72 3.42 2.77 3.49 2.84 1.95 2.07 1.4 0.74 0.58 0.58 0.7 0.81 0.56 0.51 0.56 0.92 1.35 1.48 1.53 1.15 0.91 0.93 0.94 0.76 1.61 0.24 0.41 0.33 0.89 1.05 1.19 0.49 0.34 0.41 0.48 0.6 0.95 0.91 0.56 0.77 0.87 -9999 0.99 0.8 1.06 0.57 0.71 0.43 0.89 0.63 0.49 0.37 0.62 0.63 0.8 0.67 -9999 0.62 0.62
7.97 7.37 9.55 10.59 -9999 5.95 6.92 6.8 8.66 10.1 10.25 10.57 9.41 6.17 9.28 12.02 11.66 11.15 12.23 8.6 7.79 8.51 7.11 4.31 2.96 2.8 2 1.51 1.26 1 0.66 0.46 0.48 0.32 0.36 0.43 1.11 1.68 1.58 1.1 1.37 0.93 0.92 0.86 0.85 1.7 0.9 0.67 0.76 0.82 1.01 0.81 0.73 0.25 0.49 0.8 1.09 0.8 0.8 1.09 0.7 0.84 0.48 0.22 0.29 0.41 0.51 0.55 1.02 0.57 0.46 0.47 0.78 0.75 1.02 0.85 0.88 0.65 0.41 0.43 0.46
8.42 9.18 10.8 11.56 11.4 9.08 6.98 6.15 6.93 8.92 12.05 11.58 10.77 9.11 3.63 8.27 11.54 11.53 11.15 11.51 7.58 8.6 7.89 3.64 3.46 3.92 2.9 1.86 1.79 1.46 1.07 0.88 0.3 0.25 0.54 1.22 1.01 1.39 1.52 1.36 1.05 1.03 0.74 0.76 0.46 2.05 0.78 0.41 0.36 0.65 0.74 0.98 0.6 0.2 0.55 0.91 1 1.19 0.92 0.55 0.39 0.39 0.26 0.15 0.15 0.18 0.33 0.57 0.9 1.03 0.39 0.74 1.39 1.11 1.14 1.36 1.27 1.28 0.76 0.46 0.52
10.44 10.91 10.5 11.03 9.82 8.75 7.64 10.64 9.24 7.86 10 8.62 8.93 7.98 8.68 7.88 -9999 9.26 10.35 11.61 8.27 8.79 7.34 6.54 3.59 3.17 2.46 3.26 2.74 2.03 1.22 1.38 0.81 0.65 1.11 1.5 1.95 1.44 1.06 1.27 1.36 1.22 0.91 0.51 0.57 1.31 2.03 0.45 0.52 0.5 0.58 0.5 0.37 0.39 0.53 0.65 -9999 0.74 1 0.63 0.28 0.3 0.31 0.29 0.85 0.86 0.73 0.99 0.82 0.68 1.11 1.09 0.38 0.59 0.55 0.4 0.4 0.57 0.49 0.45 0.39
11.12 13.01 11.54 10.65 11.11 8.33 7.76 8.53 8.85 9.6 11.88 10.91 7.71 7.43 7.94 8.99 6.76 6.66 8.17 11.79 9.32 10.07 9.14 7.96 7.78 4.51 1.65 1.57 2.81 3.08 2.89 2.33 1.61 1.03 0.69 1.35 1.66 1.84 2.02 0.68 0.95 1.04 0.99 0.75 0.49 2.09 0.86 0.39 0.58 0.58 0.59 0.59 0.63 0.53 0.56 0.57 0.61 0.57 0.53 0.44 0.25 0.25 0.25 0.57 0.97 0.25 0.29 0.44 0.71 1.12 1.13 0.75 0.66 -9999 0.32 0.32 -9999 0.28 0.26 0.45 0.4
12.53 12.43 10.63 9.94 12.08 -9999 9.62 8.59 6.4 7.82 10.55 12.16 9.8 7.78 9.98 9.26 8.16 3.79 -9999 9.48 13.22 11.95 -9999 8.9 7.42 -9999 2.59 1.99 1.67 1.69 2.74 3.11 2.49 2.3 1.83 1.94 1.12 0.52 1.48 1.82 0.83 0.45 0.48 1.52 2.43 1.37 0.3 0.74 0.41 0.45 0.47 0.45 0.41 0.41 0.44 0.53 0.53 0.42 0.4 0.45 0.34 0.24 0.14 0.18 1.51 0.26 0.43 0.58 0.22 0.34 0.95 0.62 0.57 0.53 0.46 0.45 0.63 0.69 -9999 -9999 0.26
6.94 10.29 10.65 11.2 12.15 7.62 6.26 7.14 6.66 2.88 7.24 8.33 6.96 7.64 6.96 8.38 6.15 6.67 2.23 3.51 10.04 11.46 9.1 8.8 8.62 6.7 4.91 4.57 3.11 3.16 1.78 1.52 1.42 1.66 1.46 1.13 0.89 0.89 0.65 0.96 1.28 1.57 1.41 0.44 1.52 0.21 0.33 0.46 0.55 0.62 0.55 0.53 -9999 0.33 0.26 0.32 0.48 0.63 0.52 -9999 0.55 0.35 0.14 0.29 1.11 0.82 0.43 0.3 0.5 0.56 0.54 0.82 0.67 0.67 0.49 0.4 0.57 0.57 0.4 0.39 0.16
9.67 8.48 5.74 6.73 -9999 7.64 4.14 3.73 6.23 5.66 2.9 7.75 6.72 5.83 5.26 4.77 4.79 6.01 6.46 4.13 3.24 6.91 8.31 8.96 8.96 8.3 6.72 6.28 5.62 4.63 3.83 2.44 3.09 2.12 1.8 1.43 1.1 1.15 1.62 1.19 1.1 1.41 1.43 1.23 1.21 0.78 0.47 0.32 0.51 -9999 0.78 0.71 0.62 0.59 0.73 1.36 1.4 1.33 1.35 1.51 1.45 1.04 0.67 1.02 0.85 0.87 0.8 0.43 0.4 0.65 0.6 0.5 -9999 0.59 0.59 0.58 0.59 0.67 0.42 0.32 0.34
13.22 11.87 9.3 6.69 8.27 11.33 9.47 5.86 2.06 4.28 4.98 8.51 8.53 4.98 4.7 4.9 4.9 2.96 2.47 4.86 5.16 2.7 5.29 8.82 9.09 8.86 8.72 7.01 6.45 6 5.23 2.89 2.94 1.81 1.01 0.64 0.51 0.87 0.76 0.66 0.76 1.44 0.51 0.79 1.23 0.56 0.7 0.6 0.43 0.43 0.85 1.04 -9999 -9999 -9999 1.37 1.17 0.56 0.85 0.96 0.92 0.47 0.71 1.31 0.38 0.51 0.63 0.63 0.3 0.38 0.51 0.54 0.57 0.49 0.44 0.5 0.56 0.55 0.47 0.43 0.27
11.76 13.2 9.69 8.48 11.58 6.88 7.23 4 3.23 4.22 3.31 4.98 6.2 3.36 2.57 2.9 3.52 2 3.4 2.46 3.72 3.86 2.31 4.59 8.14 8.48 9.11 8.77 8.96 8.05 5.49 2.71 1.86 1.06 0.91 0.73 0.79 0.85 0.93 0.73 1.2 1.41 1 0.86 0.65 0.58 0.55 1.02 1.22 1.24 1.41 2.06 1.95 1.76 2.29 1.48 1.13 0.46 0.71 0.82 1.16 0.48 0.51 0.72 0.43 0.45 0.63 0.78 0.81 0.66 0.74 0.52 0.37 0.4 0.44 0.34 0.16 0.35 0.5 0.61 0.67
12.79 13.46 10.95 9.1 7.39 7.45 5.35 6.8 2.65 2.01 2.43 3.88 4.3 4.77 3.95 1.55 2.76 1.53 2.23 2.05 1.61 2.36 2.24 3.29 3.55 6.97 10.03 10.49 9.43 9.45 7.1 4.99 2.6 2.78 2.5 2.04 1.62 1.66 1.75 1.34 1.78 0.93 1.33 1.28 0.85 0.8 0.8 0.88 1.19 1.5 1.99 2.51 2.69 2.1 1.05 0.97 0.91 0.47 0.59 0.46 1.11 0.88 0.52 0.38 0.47 -9999 0.44 0.73 0.96 1.21 1.1 0.43 0.51 0.59 0.57 -9999 0.2 0.32 0.36 0.51 0.97
9.3 14.48 12.75 14.4 9.38 6.64 6.04 4.73 3.72 3.15 2.92 2.33 4.57 5.53 4.42 2.32 -9999 2.91 1.2 0.91 0.91 1.19 1.37 2.19 3.09 3.32 7.5 9.76 11.36 10.56 10.93 9.24 7.63 5.45 3.36 4.31 4.3 3.63 2.78 2.3 2.17 2.01 1.47 1.72 1.29 1.14 0.88 0.7 1.16 1.54 1.61 1.4 1.5 1.11 0.72 0.64 0.65 0.54 0.53 0.45 0.49 0.91 0.37 0.74 0.57 0.68 0.67 0.68 0.68 0.96 0.79 0.45 0.58 0.54 -9999 -9999 0.6 0.7 0.68 0.9 0.83
7.71 15.02 15.06 11.64 6.72 5.8 5.49 5.26 4.88 4.13 2.87 3.28 3.8 5.28 5.34 4.22 3.21 1.1 1.94 1.25 0.95 0.92 1.04 1.6 2.27 3.61 4 8.11 8.74 9.64 10.27 13 9.06 9.1 8.01 6.03 4.92 3.92 3.52 3.53 3.75 2.75 2.01 1.62 1.28 1.28 1.08 1.19 1.39 1.37 1.4 1.54 1.09 0.67 0.92 0.67 0.67 0.39 0.18 0.36 0.58 0.24 0.2 0.66 0.7 0.5 0.67 0.76 0.69 0.44 0.61 0.41 0.4 0.46 0.72 0.51 0.56 0.71 0.5 0.4 0.23
9.06 14.86 -9999 11.21 -9999 4.26 4.65 4.98 3.3 3.74 2.52 2.64 4.5 4.53 3.75 3.34 2.12 1.19 1.11 1.27 1.72 1.42 0.81 1.3 1.48 1.77 1.75 1.71 8.24 10.65 11.14 10.79 14.72 11.51 7.13 7.64 6.9 7.11 6.8 5.2 3.34 1.71 1.46 1.36 1.42 1.2 1.53 2.33 2.27 2.03 2 1.75 1.61 0.87 0.95 0.49 0.36 0.49 0.54 0.34 0.38 0.31 0.21 0.34 0.55 0.67 0.56 0.49 0.43 0.38 0.86 1.26 0.77 0.59 0.59 0.58 0.62 0.58 0.36 0.36 0.47
14.67 18.48 -9999 11.69 9.62 8.11 3.32 3.14 3.81 2.29 1.76 1.83 3.45 4.1 3.96 2.84 2.96 1.91 2.25 1.56 1.19 1.81 1.76 1.92 2.33 2.41 4.92 5.01 7.37 8.55 6.68 9.93 11.61 11.81 8.73 7.53 9.52 10.02 7.42 4.73 3.25 1.8 1.75 2.09 1.62 1.91 2.86 2.39 1.82 1.31 1.44 0.86 1.13 0.94 0.83 0.67 0.49 0.4 0.52 0.27 0.26 0.41 0.38 0.34 0.21 0.2 0.65 0.87 0.81 0.96 1.05 1.06 0.94 0.92 0.68 0.65 0.51 0.54 0.46 0.45 0.54
15.17 19.27 19.29 14.94 11.38 9.39 5.6 2.79 5.75 3.29 2.17 2.6 2.83 3.16 2.25 2.7 1.86 2.21 1.9 2.67 2.86 2.35 2.08 1.84 3.35 5.78 3.29 7.77 7.41 9.5 9.93 7.89 8.63 12.87 10.99 9.53 9.9 10.98 9.84 8.61 7.54 5.78 3.26 3.05 2.68 2.73 1.12 1 0.8 0.68 0.74 0.68 0.59 0.56 0.76 -9999 0.67 0.54 0.55 0.36 0.46 0.55 0.48 0.44 0.2 0.18 0.27 0.51 0.64 0.83 0.53 0.42 0.62 0.77 0.9 0.89 1.08 0.6 0.63 -9999 0.35
15.49 17.87 -9999 18.09 -9999 13.06 11.07 5.18 3.17 3.63 3.16 2.14 2.68 4.08 3.82 2.31 3.47 1.8 2.37 1.75 2.46 2.36 2.12 3.3 2.3 3 5.05 6.26 6.41 7.45 12.35 13.82 12.64 11.58 11.83 13.14 13.16 13.13 10.57 10.6 9.85 8.13 8.76 5.59 3.5 1.98 1.49 1.15 0.71 1 0.77 0.72 0.77 0.95 0.95 0.85 0.94 0.76 0.47 0.36 0.41 0.4 0.38 0.51 -9999 0.13 0.17 0.26 0.55 0.73 0.7 0.67 0.69 0.55 0.31 0.51 0.99 0.87 0.93 0.58 0.62
-9999 16.5 16.8 18.23 18.97 17.82 17.03 13.01 8.11 3.83 2.23 1.9 1.61 2.66 3.4 2.62 2.83 1.66 2.6 2.26 2.56 3.74 2.27 3.24 2.95 2.67 3.97 6.49 7.01 7.27 12.23 14.13 14.17 16.58 16.06 14.91 13.02 15.55 14.34 12.14 10.98 12.57 10.39 11.29 7.6 4.55 2.63 2 1.32 1.16 1.49 1.16 0.99 1.25 1.19 0.58 0.82 0.99 0.67 0.42 0.26 0.52 0.44 0.28 0.2 0.16 0.15 0.24 0.41 0.35 0.47 1.04 1.1 0.8 0.45 0.78 0.75 0.52 0.41 0.66 0.44
8.81 11.26 14.1 18.22 20.71 18.84 16.89 17.92 12.4 5.51 3.67 4.34 2.82 5.12 2.04 2 1.35 2.36 2.67 3.14 3.49 2.57 1.88 3.75 3.15 4.49 3.29 3.33 6.15 9.17 9.33 12.64 14.28 14.31 15.42 17.7 15.58 10.17 12.68 13.28 11.3 10.07 9.6 10.6 11.27 10.25 6.65 3.72 3.15 2.21 1.5 0.99 1.02 1.24 1.23 0.89 0.85 0.92 1.18 0.43 0.5 0.33 0.5 0.61 0.35 0.15 0.17 0.29 0.59 0.76 0.85 0.52 0.7 0.71 0.87 0.67 0.44 0.74 0.65 0.5 0.84
5.04 7.04 9.66 16.54 17.38 -9999 17.54 17.99 16.96 9.37 6.68 5.72 1.79 1.89 1.59 2.44 1.31 2.57 2.5 2.29 2.4 1.94 1.86 2.29 3.21 3.5 3.34 3.96 4.62 6.17 6.37 11.19 11.49 13.35 14.2 -9999 15.73 13.46 14.9 14.95 13.44 12.64 13.5 12.88 11.63 11.34 12.08 8.82 5.91 4.41 3.55 1.95 1.44 1.13 1.23 1.3 0.78 0.96 -9999 0.62 0.78 0.93 0.53 0.39 0.51 0.5 0.34 0.22 0.62 1.1 0.41 0.41 0.62 0.63 0.73 0.61 0.72 0.71 0.27 0.31 0.5
-9999 4.72 9.6 12.68 13.4 -9999 15.14 18.34 19.37 19.28 15.66 10.73 6.14 1.49 1.23 1.7 1.32 1.36 1.7 1.48 1.48 1.27 1.68 1.45 0.82 4.8 2.17 2.4 1.72 3.14 6.79 9.01 11.63 10.93 12.71 12.66 -9999 13.65 16.79 14.99 16.31 14.42 -9999 15.37 14.91 13.16 11.08 11.74 10.8 6.2 5.2 5.09 3.2 1.78 0.87 0.37 0.57 0.67 0.72 0.8 1.03 0.81 0.77 0.26 0.27 0.3 0.51 0.64 0.63 0.63 0.76 0.56 0.5 0.57 0.59 0.68 0.48 0.5 0.55 0.31 0.37
-9999 0.94 -9999 9.3 -9999 17.04 17.56 -9999 19.78 -9999 15.16 16.77 8.57 6.51 2.96 2.87 2.69 2.82 2.41 1.84 2.26 2.42 2.97 1.9 2.07 4.83 2.93 1.94 1.26 2.92 4.21 6.3 7.99 7 5.85 7.4 8.32 11.37 16.26 15.81 13.98 15.41 16.1 18.06 -9999 15.59 15.47 12.89 11.77 9.64 6.77 4.8 4.96 2.99 1.13 0.76 0.62 0.39 0.6 0.78 0.81 0.82 1.36 0.76 0.3 0.27 -9999 0.23 0.31 0.36 0.57 0.9 0.89 0.74 0.74 0.68 0.47 0.37 0.36 0.52 0.33
-9999 -9999 2.04 10.37 12.98 16.55 17.78 18.88 15.11 18.13 -9999 19.16 14.62 15.34 9.8 7.69 5.08 4.15 1.67 1.52 1.1 1.71 3.18 3.05 5.65 5.42 1.27 1.01 1.53 3.09 3.63 4.57 5.78 6.3 8.54 8.97 8.61 11.67 17.23 15.84 13.68 17.42 17.42 -9999 13.07 16.9 -9999 15.39 13.38 12.53 11.28 9.63 7.16 4.21 2.07 1.22 1.08 0.86 0.45 0.65 0.85 0.74 1.53 0.51 0.34 0.44 0.59 0.36 0.17 0.13 0.25 0.46 0.71 0.49 0.44 0.51 0.31 0.41 0.26 0.51 0.66
-9999 -9999 3.96 3.01 -9999 14.48 17.22 16.93 15.94 14.61 -9999 -9999 19.16 17.87 16.99 15.44 12.41 9.24 7.28 4.59 1.96 2.31 2.78 3.29 4.63 6.17 3.66 0.98 0.85 1.65 1.64 2.69 4.43 6.32 9.4 11.13 9.07 10.21 12.53 14.08 13.31 17.3 16.57 -9999 12.72 10.71 14.27 16.22 13.14 10.64 -9999 10.09 8.82 4 3.08 2.02 1.27 0.83 0.62 0.41 0.59 0.93 1.04 1.28 0.74 1.05 0.73 0.4 0.29 0.18 0.27 0.43 0.56 0.64 0.63 0.46 0.48 0.4 0.23 0.32 0.59
-9999 -9999 -9999 -9999 5.99 11.58 14.91 15.32 -9999 16.91 -9999 16.82 15.84 -9999 15.63 17.58 16.88 12.07 8.5 9.55 6.8 5.01 4.18 3.68 5.97 8.7 5.32 3.18 0.53 1.21 2.39 2.7 4.03 5.01 9.28 11.03 10.14 10.52 9.32 14.8 15.7 -9999 16.58 16.07 16.32 12.58 9.78 14.07 14.6 14.82 11.27 11.61 11.86 10.66 3.36 2.62 1.49 1.02 0.76 0.59 0.28 0.79 0.92 0.98 1.4 1.38 0.43 0.34 0.4 0.39 0.45 0.43 0.47 0.53 0.52 0.7 0.51 0.38 0.33 0.39 0.45
-9999 -9999 -9999 -9999 -9999 7.99 -9999 13.12 15.17 17.98 17.15 18.97 17.58 -9999 17.89 17.6 -9999 -9999 14.65 11.95 12.41 10.17 9.57 8.63 8.42 8.45 10.58 9.09 7.2 4.73 3.64 3.46 2.69 6.15 9.4 10.34 10.36 10.41 11.55 13.26 14.87 14.78 15.64 -9999 19.59 -9999 -9999 11.62 10.61 12.09 13.36 12.33 12.96 12.41 6.66 3.13 1.41 1.42 0.82 0.34 0.33 0.73 0.85 0.74 0.58 0.61 0.84 0.32 0.24 0.32 0.62 0.65 0.75 0.67 0.69 0.98 0.59 0.68 0.96 0.57 0.44
-9999 -9999 -9999 -9999 -9999 0.83 -9999 7.02 -9999 -9999 16 16.52 -9999 17.57 18.12 19.31 22.74 18.27 17.57 -9999 11.7 13.67 14.57 12.27 13.93 15.19 14 11.65 7.1 8 7.84 7.29 6.19 7.06 8.06 7.86 8.63 8.46 10.3 10.38 12.27 15.79 13.42 15.72 16.68 16.34 15.78 14.25 12.15 9.25 10.75 14.61 13.82 12.13 10.78 6.4 2.75 1.66 1.21 0.69 0.55 0.65 0.74 0.78 0.55 0.3 0.26 0.59 0.71 0.97 0.87 0.93 0.98 0.67 1.2 0.48 0.38 0.37 0.35 0.57 0.65
-9999 2.69 5.3 5.59 -9999 4.95 5.42 -9999 -9999 -9999 8.58 9.04 -9999 15.61 15.11 18.77 18.38 20.5 21.72 13.97 14.24 15.95 15.9 13.28 15.71 15.09 16.56 14.49 8.8 9.44 4.92 3.96 4.32 4.75 4.94 7.02 8.91 7.95 8.36 10.46 10.65 13.74 12.28 12.49 14.79 15.75 16.69 15.57 16.18 12.34 8.22 11.88 13.7 14.44 10.95 9.05 4.27 1.76 1.13 0.42 0.41 0.84 0.95 0.77 0.73 0.57 0.2 0.26 0.27 0.4 0.42 0.73 0.8 1.08 0.47 0.35 0.37 0.29 0.16 0.27 0.49
-9999 -9999 -9999 9.38 11.88 12.43 10.97 10.89 13.26 13.27 10.52 -9999 -9999 -9999 9.61 9.61 -9999 17.66 19.62 19.31 15.22 13.11 14.45 15.04 15.58 12.94 12.71 15.72 13.24 10.74 6.12 5.03 4.98 3.78 3.05 6.61 7.75 6.69 7.19 8.95 10.6 12.57 9.67 11.78 13.59 15.06 13.27 16.56 16.03 13.81 11.29 11.24 12 13.63 11.92 8.71 6.72 2.67 2.24 1.17 0.46 0.54 0.69 0.82 0.37 0.31 0.28 0.26 0.14 0.29 0.53 0.59 1.15 0.77 0.55 0.46 0.44 0.39 0.32 0.42 0.54
-9999 -9999 -9999 -9999 -9999 -9999 11.61 13.31 13.05 12.88 12.81 8.71 3.28 -9999 -9999 -9999 11.4 15.32 15.64 17.04 17.27 15.79 11.45 14.81 17.07 15.03 16.32 15.17 14.59 9 8.62 6.98 5.12 3.39 3.33 4.56 7.58 5.74 4.1 4.73 7.49 8.6 12.99 14.33 14.44 14.98 14.53 15.23 15.56 12.23 11.15 8.21 12.43 14.08 11.95 9.81 7.29 4.98 3.71 1.98 0.34 0.29 0.57 0.73 0.46 0.29 0.35 0.43 0.49 0.6 0.71 0.7 0.88 0.76 0.58 0.64 0.37 0.38 0.47 0.63 0.7
