resultados/variables_norteamerica/topo_slope.asc
ncols 469
nrows 225
xllcorner -169.133333
yllcorner 20.675000
cellsize 0.249840
NODATA_value -9999
[rows 36 to 71 of 225, columns 162 to 242 of 469]
0.71 0.64 1.28 0.93 1.17 1.34 0.74 0.27 0.27 0.53 0.25 0.25 0.13 0.11 0.29 0.43 0.29 0.35 0.51 0.18 0.33 0.54 0.71 0.48 0.29 0.18 0.47 0.54 0.64 0.98 0.82 0.75 0.57 0.62 0.9 1.04 0.53 0.59 0.51 0.47 0.76 1 1.17 1.08 1.15 1.05 1.04 1.19 0.87 1.04 1.12 1.11 0.82 -9999 -9999 -9999 -9999 -9999 -9999 -9999 -9999 -9999 -9999 -9999 -9999 -9999 -9999 -9999 -9999 -9999 -9999 -9999 -9999 1.38 1.43 -9999 -9999 -9999 -9999 0.31 -9999
1.02 0.7 0.9 1.59 1.55 1.39 -9999 -9999 -9999 0.2 0.19 0.17 0.14 0.3 -9999 0.46 0.24 0.24 0.46 0.51 0.13 0.31 0.22 0.09 0.32 0.12 0.56 0.61 -9999 0.45 0.47 0.56 0.61 0.6 0.4 0.26 0.31 0.39 0.41 0.61 0.42 0.47 0.92 1.45 1.9 1.58 1.86 1.96 1.07 0.76 0.98 1.32 1.39 1.16 1.06 0.98 1.08 0.96 0.96 0.87 1.5 1.21 0.94 1.17 1.1 2.08 2.73 1.72 1.51 1.38 1.37 1.61 1.32 0.77 0.9 1.13 1.76 1.8 2.24 -9999 -9999
0.78 0.74 1.49 1.87 1.56 1.59 1.55 0.53 0.36 -9999 -9999 0.32 0.34 1.15 1.2 0.5 0.21 0.13 0.33 0.37 0.19 0.09 0.27 0.13 0.14 1.03 1.66 1.33 1.19 1.02 0.77 0.51 0.49 0.39 -9999 0.32 0.51 0.53 0.75 0.73 0.86 0.96 0.9 0.96 1.53 1.95 1.99 2.31 1.18 1.85 2.35 2.51 2.34 1.88 1.43 1.08 1.01 1.05 1.27 0.8 1.03 1.04 1.13 1.24 1.97 2.44 1.67 1.06 1.01 1.08 0.92 1.36 0.83 0.8 0.52 0.49 0.92 1.35 2.12 2.06 2.44
1.2 0.87 1.17 1.05 0.88 1.05 1.26 1.12 2.29 0.33 0.4 0.54 0.32 0.67 0.75 0.24 0.21 0.25 0.15 0.22 0.15 0.13 0.39 0.38 0.91 1.09 0.35 0.32 0.42 0.37 0.33 0.37 0.35 0.38 0.38 0.5 0.74 0.53 0.5 0.73 0.92 0.55 0.92 1.92 1.82 1.98 1.95 1.54 1.83 2.2 1.8 1.73 1.59 1.96 0.99 0.93 0.96 0.98 1.29 0.67 1.04 0.81 0.82 1.08 1.58 1.15 0.93 0.98 0.91 0.85 1.14 1.15 0.89 0.89 1.16 1.24 0.85 0.7 1.02 2.42 1.94
1.19 1 0.26 0.25 0.3 0.3 0.23 0.16 0.33 -9999 0.47 0.72 -9999 -9999 0.07 0.12 0.12 0.23 0.68 0.08 0.19 0.41 0.96 1 0.75 1.61 0.56 0.91 0.8 0.16 0.12 -9999 -9999 -9999 -9999 -9999 -9999 -9999 -9999 0.26 0.23 1.04 1.37 1.47 1.46 1.15 1.32 1.4 0.95 1.32 1.91 1.56 0.85 1.23 -9999 1 0.93 0.27 0.63 0.22 0.32 -9999 0.58 0.85 0.56 0.25 0.19 0.22 0.42 0.75 0.72 0.38 0.42 0.34 0.54 0.53 0.09 0.13 1.18 1.19 2.41
0.44 0.86 0.67 0.76 0.65 1.24 0.99 0.74 0.69 0.76 0.59 0.43 0.24 0.09 0.13 0.33 0.7 0.24 0.15 0.17 0.55 1.61 1.11 1.29 -9999 -9999 -9999 -9999 -9999 -9999 -9999 -9999 -9999 -9999 0.25 0.54 0.47 0.24 0.32 0.33 0.06 0.37 -9999 1.54 0.87 0.1 0.23 0.37 0.36 0.35 0.56 -9999 0.9 0.41 0.24 0.3 0.61 0.91 1.3 0.51 0.49 0.83 0.57 0.5 0.29 0.38 0.61 0.57 0.41 0.38 0.37 0.41 0.48 0.35 0.46 0.88 0.28 0.38 1.16 1.16 0.62
0.66 0.58 0.61 0.88 1.14 1.66 0.91 0.53 0.37 0.97 1.24 0.52 0.24 0.64 0.91 1 1.6 0.73 0.66 -9999 -9999 -9999 -9999 -9999 -9999 -9999 -9999 -9999 -9999 -9999 -9999 -9999 -9999 -9999 -9999 0.86 0.81 0.61 0.61 0.66 0.79 -9999 -9999 -9999 0.88 0.05 0.08 0.34 0.33 0.5 0.63 0.65 0.45 0.74 0.53 0.21 0.08 0.3 0.82 0.72 1.55 1.61 1.05 0.55 0.51 0.73 1.04 0.46 0.33 0.5 0.48 0.36 0.32 0.18 0.37 0.75 0.56 0.8 0.17 0.18 0.72
0.3 0.38 0.96 1.15 2.19 2.76 3.07 1.96 1.25 1.22 1.49 0.84 0.37 0.59 -9999 -9999 0.76 0.38 0.2 0.46 0.68 0.93 0.27 0.73 0.96 1.66 1.89 1.52 2.07 -9999 -9999 -9999 -9999 -9999 -9999 -9999 -9999 -9999 -9999 -9999 -9999 -9999 -9999 1.16 0.06 0.13 0.21 0.36 0.46 0.41 0.39 0.54 0.52 0.76 0.67 0.35 0.49 0.06 0.66 0.43 0.41 0.92 1.11 0.91 0.58 0.86 0.65 0.84 0.91 1.03 1.33 0.98 0.85 0.47 0.28 0.31 0.96 0.34 0.35 0.44 0.24
1.03 1.71 2.74 1.66 1.15 1.62 1.39 1.51 2.86 0.72 0.21 0.36 0.66 0.56 0.59 0.6 0.89 0.45 0.71 0.5 0.37 0.27 0.56 0.81 1.2 -9999 -9999 -9999 -9999 -9999 -9999 -9999 -9999 -9999 -9999 -9999 -9999 -9999 -9999 -9999 -9999 2.21 -9999 1.13 0.03 0.02 0.09 0.41 0.57 0.53 0.58 0.57 0.77 0.43 0.44 0.62 0.56 0.22 0.26 0.62 0.46 0.48 0.58 0.55 0.19 -9999 0.65 0.49 0.62 -9999 0.74 0.67 0.52 0.55 0.29 0.34 0.5 0.28 0.32 0.4 0.34
1.35 1.11 0.97 1.66 1.81 2.2 2.18 2.78 3.8 1.1 2.24 1.17 1.04 0.8 0.45 0.62 0.68 0.53 0.34 0.3 0.52 0.48 0.83 -9999 -9999 -9999 -9999 -9999 -9999 -9999 -9999 1.84 2.05 -9999 -9999 0.41 0.49 0.32 0.05 0.38 0.44 0.23 0.94 1.76 0.94 0.03 0.38 0.7 0.48 0.63 0.39 0.28 0.4 0.42 0.1 0.11 0.26 -9999 0.72 0.33 0.39 0.42 1.05 0.63 0.27 0.3 0.38 0.28 0.21 0.18 0.4 0.46 -9999 0.55 0.4 0.22 0.17 0.32 0.34 0.23 0.51
2.35 1.1 1 1.32 0.83 1.3 2.16 2.44 3.69 5.41 -9999 1.57 1.09 1.01 1.98 0.5 0.44 0.38 0.52 0.35 1.25 1.29 1.24 -9999 -9999 -9999 -9999 -9999 -9999 1.48 1.42 1.8 2.53 -9999 -9999 -9999 -9999 0.34 0.16 0.37 0.5 1.54 1.43 1.07 0.15 0.23 0.14 0.41 0.39 0.45 0.34 0.35 0.43 0.37 0.28 0.16 0.04 0.54 -9999 -9999 -9999 -9999 0.34 0.25 0.11 0.1 0.2 0.13 0.2 0.2 0.12 0.25 -9999 0.29 0.36 0.31 0.27 0.26 0.21 0.19 0.17
7.89 7.98 7.34 5.73 3 2.08 1.2 0.93 0.57 1.1 1.97 2.1 1.37 0.21 0.43 1.3 0.83 0.68 0.54 0.18 0.2 0.17 -9999 -9999 -9999 -9999 -9999 -9999 0.85 0.77 0.7 -9999 -9999 0.68 0.66 0.51 0.42 0.23 0.41 0.32 -9999 2.63 0.43 0.64 0.53 0.71 0.5 0.14 0.35 0.2 0.45 0.42 0.24 0.31 0.6 0.28 0.17 0.04 0.25 0.37 0.41 0.38 0.11 0.25 0.33 0.19 0.32 0.21 0.27 0.17 0.14 0.15 -9999 0.16 0.27 0.16 0.07 0.3 0.16 0.12 0.18
8.57 7.24 5.03 4.97 5.24 4.63 5.3 3.04 1.2 1.04 1.06 -9999 0.87 0.64 0.44 0.51 1.51 0.85 0.74 0.44 0.31 0.25 0.35 0.46 0.56 1.26 0.43 0.21 0.2 -9999 0.43 0.53 0.45 0.82 0.44 0.76 0.99 1.05 1.74 1.08 -9999 -9999 0.58 0.64 0.81 0.81 0.17 0.22 0.86 0.3 0.3 0.12 0.15 0.29 0.6 0.32 0.38 0.2 0.17 0.15 0.14 0.15 0.22 -9999 0.24 0.14 0.36 0.45 0.3 0.1 0.12 0.09 0.17 0.12 0.16 -9999 0.11 0.17 0.04 0.06 -9999
7.03 6.12 5.13 4.69 6.41 7.54 5.53 3.81 2.2 2.76 1.98 2.89 2.49 0.96 1.09 1.22 3.09 1.46 0.68 0.42 0.47 0.36 0.25 0.11 0.1 0.09 0.02 0.05 0.12 0.31 0.4 0.21 0.24 0.36 0.44 0.38 0.66 0.52 0.5 0.41 0.27 0.6 0.8 0.56 0.54 0.85 -9999 0.76 0.43 0.32 0.4 0.46 0.23 0.2 0.27 0.27 0.42 0.34 0.35 0.25 0.17 0.23 0.23 0.18 0.31 0.18 0.17 0.2 0.16 0.15 0.26 0.15 -9999 0.08 0.13 0.2 0.31 0.26 0.22 0.53 0.33
8.78 9.62 8.96 9.81 8.43 7.84 8.91 7.31 4.43 3.88 4.44 3.15 2.27 1.59 1.49 1.05 2.21 3.71 2.38 2.17 1.16 0.36 0.46 0.41 0.43 0.59 -9999 0.21 0.25 0.22 0.31 0.21 0.48 0.57 0.36 0.45 0.82 0.48 0.08 0.12 0.42 0.36 0.32 0.47 0.41 0.57 1.17 0.32 0.67 0.6 0.7 0.6 0.38 1 0.45 0.25 0.24 0.26 0.31 0.16 0.36 0.34 0.27 0.09 0.14 0.13 0.23 0.16 0.12 0.11 0.22 0.28 0.13 0.21 0.33 0.21 0.4 0.14 0.21 0.14 0.06
8.1 9.49 11.31 10.31 8.32 9.81 9.67 8.56 6.9 4.29 4.48 3.45 2.97 3.2 1.76 1.65 1.12 2.3 2.98 4.17 4.28 2.44 -9999 0.96 0.59 0.8 0.41 0.33 -9999 0.23 0.18 0.21 -9999 0.42 0.41 0.53 0.21 0.16 0.04 0.21 0.28 0.21 0.2 0.42 0.76 0.63 0.91 0.75 0.6 0.9 0.52 0.95 0.33 0.59 0.64 0.25 0.34 0.25 0.38 0.66 0.11 0.38 0.35 0.3 0.24 0.53 0.25 0.19 0.46 0.5 0.61 0.36 0.65 0.21 0.48 0.43 0.54 0.1 0.05 0.01 0.04
10.99 8.26 8.66 7.46 7.54 6.08 7.37 4.79 4.35 3.17 3.28 2.61 4.87 3.16 3.43 1.64 0.77 0.73 2.11 2.38 3.28 3.54 -9999 1.14 1.04 0.9 0.3 -9999 -9999 1.1 0.39 0.29 0.12 0.39 0.38 0.36 0.37 0.96 1.07 1.9 0.33 0.17 0.13 0.34 0.72 0.06 0.53 0.58 0.71 0.55 -9999 0.61 0.51 0.35 0.31 -9999 0.06 0.09 0.26 0.48 0.56 0.38 0.31 0.33 -9999 0.31 0.67 2.61 -9999 -9999 1.16 0.76 0.56 1.1 0.83 0.36 0.32 0.17 0.09 0.48 0.32
10.1 10.22 10.82 7.55 7.99 7.91 7.33 5.14 3.88 5.2 5.1 5.12 4.36 2.3 4.25 2.14 0.6 0.64 2.53 2.21 3.46 4.62 1.66 0.93 0.98 0.62 0.65 0.94 0.89 0.65 0.46 0.26 0.18 0.45 0.72 1.01 0.67 0.58 0.85 0.45 0.25 0.14 -9999 0.23 0.4 0.31 0.95 0.71 0.76 0.23 0.33 0.22 0.43 0.48 0.29 0.23 0.23 0.07 0.09 0.26 0.21 0.46 1.01 1.62 0.9 0.99 0.49 0.55 1.27 2.23 1.05 0.6 1.68 1.55 0.95 1.08 0.98 0.51 0.29 -9999 0.67
9.06 8.01 8.36 8.95 7.19 8.08 8.23 8.89 6.84 6.82 6.35 3.82 3.46 2.76 2.14 2.67 1.43 2.51 1.94 1.85 3.07 4.81 2.2 0.81 0.84 1.27 0.35 0.34 0.33 0.71 0.47 0.2 0.47 0.46 0.58 0.33 0.24 0.34 0.3 0.13 -9999 -9999 -9999 0.03 0.12 0.28 0.5 0.55 0.23 0.63 1.24 0.27 0.21 0.38 0.64 0.5 0.25 0.22 0.19 0.1 0.24 0.44 0.74 0.87 1.43 -9999 1.09 0.69 1.47 1.7 -9999 0.59 -9999 1.73 1.04 0.94 0.85 0.59 0.29 0.2 0.17
7.46 7.21 6.75 8.87 9.9 9.38 9.12 8.48 7.04 7.45 6.84 5.81 4.21 4.94 2.82 5.09 2.34 2.09 2.61 3.2 1.61 2.17 3.64 2.06 0.97 1.06 0.23 0.42 0.43 1.13 0.97 0.37 0.45 0.43 0.59 0.31 0.21 0.14 0.16 0.08 0.03 0.03 0.04 0.13 0.1 0.16 0.3 0.29 0.3 0.58 0.25 -9999 0.08 0.18 0.24 0.39 0.29 0.69 0.23 0.31 0.24 -9999 0.19 0.15 0.23 0.78 0.79 1.04 1.71 1.34 1.81 0.56 1.79 1.7 0.93 1.23 0.61 0.3 0.47 0.22 0.45
6.72 7.22 8.61 8.42 7.29 7.96 10.49 8.91 8.38 8.78 6.64 5.99 7.39 6.32 5.34 5.4 2.4 2.01 4.03 4.9 3.49 2 2.62 2.07 0.7 -9999 1.36 0.5 0.33 0.31 0.31 0.32 0.2 0.14 0.11 0.17 0.06 0.07 0.13 0.22 0.19 0.16 0.06 -9999 0.18 0.37 0.49 0.5 0.29 -9999 0.01 0.02 0.01 0.08 0.31 0.39 0.23 0.3 0.31 0.25 0.21 0.4 0.29 0.32 0.1 0.33 0.49 0.54 -9999 1.38 2.51 -9999 -9999 -9999 -9999 -9999 1.02 1.13 1.02 0.83 0.27
7.4 8.05 9.21 9.14 10.52 8.51 10.87 9.38 9.73 9.34 8.39 6.81 6 5.46 5.88 6.25 3.93 2.56 4.62 5.65 6.09 1.84 1.15 1.27 1.42 1.75 0.72 0.2 0.23 0.3 0.38 0.56 0.61 0.69 0.94 0.96 0.89 0.73 0.54 0.22 0.13 0.15 0.25 0.22 0.36 0.26 0.29 0.45 0.21 0.23 0.21 0.03 -9999 -9999 0.04 0.27 0.26 0.63 0.37 0.42 -9999 0.3 0.46 0.64 0.31 0.21 0.1 0.35 -9999 -9999 -9999 -9999 -9999 -9999 1.28 -9999 0.55 1.05 1.08 0.19 0.08
8.69 11.87 10.6 8.62 10.64 10.04 9.51 9.2 9.31 7.15 7.74 6.93 4.87 6.33 5.93 6.77 4.09 2.93 3.24 4.68 4.1 1.09 0.67 0.88 0.84 1.5 2.05 0.3 0.29 0.31 0.46 0.55 0.89 1.12 0.94 1.06 0.48 0.45 1.02 1.37 1.17 0.93 0.43 0.1 0.09 0.15 0.2 0.26 0.15 0.17 0.3 0.25 0.39 -9999 -9999 0.33 0.51 0.8 0.13 0.12 0.14 0.14 -9999 0.23 0.55 0.24 0.36 -9999 -9999 -9999 0.83 0.46 -9999 -9999 0.28 0.32 0.14 0.12 0.38 0.17 0.26
6.38 8.25 9.07 11.78 12.04 8.59 8.53 9.2 9.68 9.34 8.15 7.73 6.82 5.01 4.94 4.79 3.11 2.94 2.06 5.76 3.97 4.69 0.76 0.7 0.88 0.84 0.54 0.45 0.3 0.39 0.56 0.81 1.09 1.28 0.79 1.15 1.24 0.89 1.55 1.64 1.85 1.34 1.43 0.57 0.07 0.09 0.11 0.06 -9999 0.09 0.15 0.11 0.07 0.05 0.07 -9999 -9999 -9999 -9999 -9999 -9999 0.26 0.19 -9999 -9999 -9999 -9999 2.53 -9999 0.84 0.45 0.11 0.09 0.2 0.33 0.36 0.18 0.21 0.72 1.34 1.3
9.6 9.83 10.19 10.03 9.88 8.22 6.74 8.63 8.56 7.85 7.58 5.14 6.55 6.76 6.09 4.04 5.05 3.02 4.92 3.27 2.75 6 1.06 0.24 0.91 1.7 2.11 0.46 0.21 0.31 0.41 0.49 0.5 0.84 1.15 0.92 0.56 0.33 0.22 0.25 0.17 0.18 0.18 0.22 0.1 0.06 0.11 0.08 0.15 0.13 0.15 0.16 0.11 0.08 0.05 0.29 -9999 -9999 -9999 -9999 -9999 -9999 -9999 -9999 -9999 -9999 -9999 0.38 0.21 0.18 0.34 0.31 0.07 0.19 0.24 0.22 0.01 0.06 0.21 0.71 0.7
9.1 8.14 8.99 6.17 7.36 7.15 6.36 8.18 6.77 5.2 6.66 6.93 7.85 8.12 6.33 6.67 4.34 3.61 3.07 4.14 3.72 4.7 0.75 0.73 0.88 0.61 0.84 0.11 0.11 0.26 0.12 0.29 0.28 0.2 0.13 0.09 0.11 0.21 0.13 0.19 0.24 -9999 0.07 0.26 0.16 0.05 0.08 0.06 0.17 0.35 0.21 -9999 -9999 -9999 -9999 -9999 -9999 -9999 -9999 -9999 -9999 -9999 -9999 -9999 -9999 0.46 0.13 0.1 0.26 0.18 0.5 0.15 0.14 0.41 0.31 0.08 0.05 -9999 0.5 0.73 0.8
8.05 8.14 8.41 5.73 5.23 4 4.96 5.66 4.93 3.69 5.62 4.98 3.1 4.96 8.21 9.24 8 7.6 3.52 3.02 6.84 4.04 0.74 0.97 0.46 0.6 0.48 0.45 0.48 0.39 0.28 0.41 0.35 0.23 0.31 0.25 0.21 0.24 0.22 0.19 0.19 0.15 0.15 -9999 0.06 0.04 0.03 0.03 0.06 0.13 -9999 -9999 -9999 -9999 -9999 -9999 -9999 -9999 -9999 -9999 -9999 0.12 0.24 0.37 0.11 0.08 0.1 0.14 0.21 0.21 0.11 0.35 -9999 0.17 0.11 0.3 0.39 0.96 0.52 1.07 0.5
6.53 6.97 6.64 4.37 3.48 3.43 4.56 3.58 4.83 4.23 3.89 3.46 2.94 3.4 5.04 5.73 5.41 5.84 7.56 6.92 -9999 3.38 0.48 0.57 0.98 0.79 0.64 0.51 0.56 0.51 0.39 0.27 0.37 0.39 0.54 0.47 0.45 0.53 0.4 0.41 0.49 0.61 0.35 0.13 0.17 0.18 -9999 -9999 -9999 -9999 -9999 -9999 -9999 -9999 -9999 -9999 -9999 -9999 -9999 -9999 0.08 0.04 0.15 0.15 0.11 0.13 0.24 0.2 0.33 0.16 0.14 0.12 0.22 0.25 -9999 0.22 0.48 0.55 1.1 0.48 0.27
2.84 5.99 4.16 2.67 3.83 3.84 2.78 2.95 4.85 2.6 1.73 2.01 3.07 3.16 2.85 3.6 5.16 6.9 7.87 5.89 1.09 0.3 0.76 1.15 0.61 0.78 0.46 0.34 0.3 0.11 0.22 0.64 0.54 0.6 0.49 0.37 0.22 0.17 0.12 0.08 0.16 0.1 0.3 0.32 -9999 0.15 0.33 0.37 0.17 0.12 -9999 -9999 -9999 -9999 0.05 0.48 0.28 0.12 0.07 0.07 0.06 0.13 0.12 0.1 0.05 0.07 0.13 0.16 0.21 0.2 0.36 0.05 -9999 0.13 0.33 0.33 0.37 0.88 1.25 0.58 0.56
3.26 3.99 4.28 4.48 3.53 3 3.28 2.73 3.17 2.39 2.49 2.58 2.4 4 5.19 3.83 3.57 6.49 4.15 6.36 2.97 0.35 1.07 0.96 0.78 0.4 0.25 0.1 1.06 0.15 0.08 0.45 0.7 0.57 1.26 0.87 0.2 0.2 0.16 0.11 0.1 0.12 0.15 -9999 -9999 0.1 0.31 0.16 0.2 0.2 0.18 0.1 0.09 0.25 0.36 0.51 0.12 0.12 0.05 0.06 0.1 0.16 0.16 0.1 0.06 0.04 0.14 0.19 0.28 0.36 0.54 0.2 0.44 0.07 0.27 0.48 0.44 0.46 0.94 0.66 0.69
3.53 3.33 5.49 5.32 3.6 4.91 4.11 4.09 4.09 4.52 3.38 4.59 4.47 4.18 5.83 4.46 6.04 7.87 6.56 3.24 3.74 1.25 1.34 1.11 1 0.78 0.75 0.7 1.21 1.15 0.51 0.54 0.7 0.69 0.56 0.6 0.49 0.76 0.79 0.81 0.6 0.6 1.01 1.89 1.53 1.72 2.04 0.17 0.29 0.3 0.21 0.23 0.37 0.42 0.28 0.19 0.18 0.18 0.2 0.19 0.25 0.19 0.25 0.27 0.17 0.15 0.13 0.21 0.35 0.63 0.8 0.59 0.71 0.59 0.76 1.01 0.91 0.96 0.91 0.81 0.73
2.38 1.85 2.76 3.74 2.82 5.59 5.26 3.06 2.87 2.4 3.37 2.95 3.54 4.99 6.02 7.22 5.14 3.92 3.51 1.86 1.03 1.29 1.7 1.11 0.74 0.64 0.37 0.3 0.42 0.65 0.66 0.52 0.48 0.5 0.36 0.32 0.48 0.37 0.43 0.53 0.78 0.91 1.07 0.7 1.01 1.55 1.18 0.15 0.08 0.09 0.16 0.13 0.13 0.18 0.17 0.18 0.17 0.16 0.2 0.19 0.2 0.25 0.2 0.23 0.36 0.35 0.28 0.35 0.2 0.57 0.97 0.51 0.67 0.8 1.01 0.97 0.98 1.09 1.38 1.15 1.27
1.55 1.36 1.81 2.96 3.37 3.63 3.93 3.49 3.55 4.24 3.32 4.24 4.76 4.33 5.16 3.18 2.68 2.89 1.93 1.51 0.49 0.6 0.89 0.58 0.39 0.22 0.46 0.42 0.39 0.32 0.35 0.33 0.27 0.26 0.34 0.32 0.21 0.23 0.23 0.29 0.79 0.78 -9999 0.48 1.22 0.78 0.2 0.12 0.16 0.17 0.22 0.33 0.38 0.65 0.55 0.36 0.27 0.18 0.24 0.26 0.25 0.18 0.25 0.15 0.23 0.36 0.33 0.16 0.35 0.61 0.69 0.58 0.75 0.61 0.91 0.96 1.17 0.75 0.88 1.04 1.41
3.65 2.95 1.26 2.89 4.11 3.61 3.39 4 5.17 6.84 6.32 5.91 6.23 6.17 5.29 6.22 3.74 1.49 1.69 1.33 0.96 0.85 0.94 0.7 0.94 0.52 0.48 0.69 0.58 0.42 0.42 0.35 0.25 0.3 0.34 0.45 0.91 0.29 0.32 1.08 0.8 0.66 0.82 1.16 0.4 0.2 0.22 0.22 0.23 0.35 0.7 1.26 1.62 1.45 1.68 1.29 1.64 1.08 0.34 0.17 0.16 0.22 0.24 0.2 0.19 0.3 0.27 0.12 0.26 0.37 0.48 0.58 0.69 0.54 0.69 0.79 -9999 -9999 1.6 1.38 1.61
5.99 6.26 5.12 4.1 3.83 4.38 4.86 5.15 7.74 9.28 9.25 7.03 6.42 7.13 6.68 4.87 2.4 1.37 1.23 2.3 1.45 1.19 0.81 0.58 0.33 0.68 0.84 0.75 0.7 0.45 0.38 0.39 0.88 0.51 0.48 0.6 0.76 0.33 0.48 0.83 0.95 0.65 0.46 0.12 0.2 0.35 0.22 0.28 0.39 1.19 0.99 0.9 0.85 0.87 0.92 0.92 1.34 1.6 2.26 0.6 0.43 0.32 0.28 0.24 0.19 0.14 0.15 0.13 0.24 0.37 0.44 0.5 0.5 0.57 0.69 0.24 -9999 -9999 -9999 0.66 -9999
8.28 7.76 9.65 8.17 5.1 5.63 6.44 6.95 8.5 8.13 9.79 10.88 9.6 8.14 7.41 7.81 2.79 3.56 3 3.19 4.03 1.23 0.9 0.86 1 0.56 0.45 0.4 0.5 -9999 -9999 0.32 0.78 0.75 0.24 0.32 0.48 0.37 0.31 0.27 0.18 0.19 0.15 0.27 0.32 0.18 0.24 0.31 0.86 1 0.89 1.29 1.03 0.85 0.84 1.19 1.24 1.3 1.92 1.23 0.12 0.21 0.21 0.34 0.29 0.24 0.29 0.17 0.2 0.32 0.63 0.7 -9999 -9999 -9999 -9999 -9999 0.4 0.44 0.51 0.53
