resultados/variables_norteamerica/topo_slope.asc
ncols 469
nrows 225
xllcorner -169.133333
yllcorner 20.675000
cellsize 0.249840
NODATA_value -9999
[rows 108 to 143 of 225, columns 324 to 404 of 469]
0.89 0.64 0.3 0.55 0.47 0.42 0.37 0.54 0.63 0.55 0.51 0.54 0.32 0.27 0.33 0.46 0.39 0.31 0.25 0.24 0.24 0.27 0.26 0.39 0.33 0.29 0.42 0.24 0.16 0.15 0.18 0.24 0.2 0.29 0.21 0.26 0.22 0.29 0.31 0.24 0.3 0.34 0.55 0.48 0.59 0.5 0.52 0.59 0.86 0.61 0.5 0.33 0.47 0.48 0.47 0.52 0.76 1.06 1.01 1.32 1.43 2.48 2.86 2.35 3.31 2.29 1.93 2.38 2.44 1.95 1.37 1.72 1.87 1.72 1.99 2.1 1.95 2.46 3.09 3.85 2.94
0.98 0.71 0.63 0.46 0.61 0.78 0.7 0.71 0.61 0.85 0.51 0.53 0.38 0.31 0.49 0.32 0.27 0.25 0.26 0.21 0.21 0.25 0.21 0.31 0.21 0.17 0.12 0.25 0.24 0.24 0.27 0.22 0.22 0.21 0.14 0.27 0.15 0.18 0.29 0.44 0.44 0.34 0.32 0.55 0.99 1.24 0.54 0.5 0.49 0.48 0.64 0.41 0.36 0.29 0.27 -9999 0.76 0.85 1.26 1.94 1.85 2.35 2.88 2.53 2.37 2.65 1.69 2.04 2.69 1.23 1.11 2.24 2.51 1.92 2.19 1.73 2.41 3.01 3.1 3.26 1.69
-9999 1 0.96 0.83 1.26 1.3 1.21 0.95 0.98 0.77 0.57 0.54 0.57 0.56 0.52 0.28 0.26 0.28 0.29 0.27 0.28 0.27 0.23 0.23 0.26 0.24 0.22 0.34 0.4 0.39 -9999 0.68 0.43 0.27 0.32 0.32 0.66 0.44 0.4 0.52 0.4 0.33 0.36 0.34 0.58 0.5 0.6 0.59 0.6 0.62 0.63 0.51 0.48 0.62 0.79 0.59 0.56 0.8 1.21 1.76 1.41 1.77 1.61 1.55 1.17 2.15 2.25 3.21 2.57 1.35 1.81 1.61 2.04 2.16 3.51 3.31 2.68 2.2 2.65 2.68 2.36
1.71 1.56 2.01 1.23 1.78 1.69 1.04 1.04 1.21 0.97 0.61 0.85 0.52 0.54 0.5 0.44 0.41 0.52 0.39 0.32 0.34 0.3 0.3 0.27 0.21 0.29 0.29 0.24 0.35 0.39 0.2 0.38 0.48 0.59 0.42 0.52 0.44 0.49 0.62 0.42 0.38 0.35 0.33 0.34 0.44 -9999 0.67 0.65 0.53 0.34 0.34 0.37 0.73 1.2 1.11 0.84 0.59 0.96 1.49 1.44 1.21 1.03 0.76 0.66 1.02 1.63 2.73 3.42 2.34 1.88 1.51 1.97 2.19 2.73 2.9 2.78 3.41 2.36 0.9 0.44 -9999
-9999 -9999 2.36 1.73 2.06 2.6 2.18 1.95 1.27 1 0.62 0.95 0.84 0.67 0.56 -9999 0.51 0.49 0.41 0.44 0.45 0.28 0.37 0.44 0.13 0.21 0.22 0.18 0.24 0.36 0.27 0.33 0.26 0.34 0.26 0.37 0.32 0.47 0.45 0.38 0.33 0.45 0.28 0.35 0.51 0.99 0.79 0.85 0.85 0.41 0.32 0.73 0.83 0.85 0.69 1.28 1.24 1.56 1.74 1.72 1.36 1.31 0.42 0.34 0.35 0.63 1.03 2.7 3.28 1.87 1.44 1.99 3 3.56 3.66 2.8 1.83 0.86 -9999 -9999 -9999
-9999 -9999 -9999 -9999 -9999 -9999 -9999 -9999 1.02 1.15 1.3 1.36 1.18 1.12 1.04 0.99 0.83 0.78 0.58 0.46 0.54 0.54 0.65 0.36 0.38 0.34 0.4 0.31 0.31 0.39 0.44 0.38 0.58 0.66 0.59 0.49 0.59 0.77 0.58 0.37 0.39 0.34 0.27 0.31 0.57 0.93 1.01 0.93 0.59 0.37 0.46 0.5 0.42 0.67 -9999 1.64 1.71 1.7 1.19 1.29 1.2 1.53 1.36 0.85 -9999 -9999 0.76 0.81 1.37 3 2.98 3.09 3.56 2.91 3.03 1.92 -9999 -9999 -9999 -9999 1.97
-9999 -9999 -9999 -9999 -9999 -9999 -9999 -9999 2.01 1.73 1.36 1.11 0.62 0.95 0.92 0.87 0.76 1.02 0.82 0.73 0.58 0.58 0.52 0.69 0.53 0.42 0.56 0.46 0.53 0.49 0.51 0.72 0.49 0.66 0.91 0.92 0.65 0.55 0.57 0.62 0.39 0.71 0.33 0.42 0.54 0.79 0.93 0.56 0.56 0.48 0.47 0.52 0.47 1.05 1.21 1.47 1.64 2.19 1.24 1.18 1.51 1.79 1.34 1.41 1.38 1.2 1.47 1.37 1.1 1.62 2.81 4.77 4.18 -9999 -9999 -9999 -9999 1.47 1.43 1.83 1.96
-9999 -9999 -9999 -9999 -9999 -9999 -9999 -9999 -9999 1.38 1.55 1.3 1.52 1.66 1.69 1.86 1.21 0.95 0.99 0.68 0.79 0.71 0.81 0.73 0.67 0.55 0.69 0.54 0.77 0.84 0.74 0.61 0.66 0.7 1.15 0.84 0.68 0.61 0.66 0.71 -9999 0.41 0.32 0.38 0.63 1.11 1.25 1.48 1.11 0.82 0.6 0.67 0.93 1.46 1.28 1.37 2.04 2.37 1.29 1.9 1.75 1.9 1.71 1.32 1.28 1.36 1.97 3.32 2.96 3.54 4.49 5.29 4.3 3.11 -9999 -9999 1.41 1.81 1.98 2.03 2.16
-9999 -9999 -9999 -9999 -9999 -9999 -9999 -9999 -9999 1.42 -9999 -9999 -9999 1.78 1.48 1.47 0.79 0.76 0.76 0.54 0.59 0.57 0.46 0.44 0.62 1.13 0.97 0.51 0.91 1 0.9 0.59 0.54 0.62 0.72 0.71 0.91 0.75 0.79 0.63 0.52 0.45 0.33 0.8 1.37 1.11 0.9 0.77 1.21 0.78 0.75 1.26 1.74 1.87 1.65 1.55 1.74 1.88 1.99 2.2 1.78 2.23 2.11 1.57 1.5 2.11 2.45 2.1 2.3 3.68 5.1 4.75 4.43 -9999 0.97 1.27 1.61 2.13 2.2 2.29 2.31
-9999 -9999 -9999 -9999 -9999 -9999 -9999 -9999 -9999 -9999 -9999 -9999 -9999 1.8 1.91 1.49 1.05 0.84 1.07 0.45 0.44 0.82 0.77 0.41 0.5 0.51 0.56 0.53 0.56 1.07 1.34 1.52 0.75 0.71 0.75 0.68 0.7 0.63 0.64 0.78 0.71 0.59 0.67 0.91 0.93 0.59 0.59 1.48 1.12 0.93 0.98 1.38 1.35 1.73 1.78 1.44 1.56 1.6 1.53 1.95 1.88 2.69 2.11 1.33 1.95 2.49 1.83 2.28 2.28 2.92 4.25 2.8 -9999 -9999 1.25 2.55 2.59 2.22 2.77 2.75 2.4
-9999 -9999 -9999 -9999 -9999 -9999 -9999 -9999 -9999 -9999 -9999 -9999 -9999 -9999 2.73 1.64 1.28 1.16 1.18 1.48 0.84 0.92 0.97 0.63 0.64 0.54 0.57 0.59 1.29 1.84 2.08 1.69 1.01 1 1.68 1.04 0.74 0.72 0.75 0.77 0.67 0.85 0.67 0.62 0.66 0.49 0.58 1.49 1.04 1.21 1.54 1.27 1.5 1.24 1.43 0.98 1.33 1.25 1.66 1.56 2.16 2.78 1.89 1.85 2.8 2.82 2.87 4.55 3.71 4.35 -9999 -9999 1.65 1.44 2.34 2.64 2.92 2.84 2.54 2.07 1.8
-9999 -9999 -9999 -9999 -9999 -9999 -9999 -9999 -9999 -9999 -9999 -9999 -9999 -9999 2.34 2.35 1.48 1.49 1.36 1.76 1.27 0.61 0.69 0.8 0.94 1.02 0.71 0.86 0.87 0.99 1.18 1.19 0.99 0.76 1.22 1.1 0.86 0.97 1.03 0.83 0.74 1.06 1.11 0.78 0.87 0.81 0.81 1.26 1.72 1.95 1.63 1.88 2.05 1.09 1.24 1.34 1.21 1.24 1.63 2 2.62 2.55 2.61 2.37 2.55 4.07 4.03 4.37 4.78 2.68 -9999 1.55 1.29 1.43 1.67 1.91 2.68 2.38 2.01 1.17 1.31
1.23 1.52 -9999 -9999 -9999 -9999 -9999 -9999 -9999 -9999 -9999 -9999 0.21 -9999 0.8 2.12 2.41 1.98 1.77 1.7 1.08 1.36 1.03 0.96 1.06 1.37 0.86 0.78 0.95 1.11 -9999 1.27 0.81 0.64 0.53 0.88 1.21 1.33 1.04 0.82 0.95 1.15 1.2 1.16 0.89 1.06 1.27 1.86 1.28 0.98 1.87 1.53 2.4 1.41 1.54 1.59 1.71 1.83 2.25 2.38 2.36 2.67 1.94 1.51 1.59 1.12 1.51 -9999 0.61 1.02 1.38 1.58 1.27 1.08 1.62 1.93 1.91 2.17 1.25 1.31 1.07
0.6 0.87 1.31 -9999 -9999 -9999 -9999 -9999 0.41 0.45 0.3 0.43 0.44 -9999 0.88 1.09 1.66 2.12 1.66 1.83 1.96 1.77 1.33 1.04 1.26 1.37 0.89 0.98 0.49 0.61 0.56 0.56 0.53 0.57 0.65 0.92 1.46 1.73 1.11 1.02 0.9 1.45 1.08 1.22 1.38 1.46 1.72 1.72 1.31 1.25 1.81 1.89 2.07 2.1 1.82 1.43 2.35 2.21 1.92 2.5 2 1.4 0.41 0.56 -9999 0.48 0.43 0.25 0.72 1.48 2.62 2.15 0.7 0.97 1.4 1.56 1.81 1.99 1.04 1.08 1.27
0.48 0.46 0.4 0.47 0.43 0.63 0.46 0.18 0.15 0.41 0.46 0.27 0.42 0.36 0.28 0.3 0.64 0.86 -9999 0.93 1.05 1.31 0.89 0.78 0.78 0.98 0.86 0.69 0.75 0.6 0.4 0.31 0.26 0.29 -9999 0.97 1.35 1.71 1.47 1.81 1.86 2.34 1.6 1.12 1.4 1.58 1.35 1.65 1.34 1.52 2.04 1.75 1.62 1.78 4 3.65 2.86 3.07 2.4 1.57 0.96 -9999 0.39 0.34 0.22 0.33 1.01 2.05 2.28 1.87 1.51 0.9 1.05 1.5 1.52 0.87 1.46 1.21 1.05 0.93 1.17
0.58 0.71 0.29 0.21 0.28 0.37 0.4 0.32 0.22 0.29 -9999 -9999 0.32 0.43 0.52 0.52 0.49 -9999 -9999 -9999 -9999 -9999 -9999 -9999 -9999 0.82 -9999 1.4 0.44 0.4 0.43 0.43 0.44 0.67 1.15 1.12 1.12 1.46 1.6 1.27 1.15 1 1.3 1.78 1.58 1.75 1.57 1.74 1.03 1.96 2.42 1.79 1.74 1.94 2.4 1.84 1.82 1.8 0.89 0.36 0.17 0.2 0.25 0.26 0.38 1.91 2.65 2.34 1.47 1.45 1.41 1.56 1.83 1.82 1.08 0.82 2.53 4.14 1.87 1.17 1.32
0.75 0.56 0.25 0.27 -9999 0.28 0.3 -9999 -9999 -9999 0.25 -9999 -9999 0.34 -9999 -9999 -9999 -9999 -9999 -9999 -9999 -9999 -9999 0.61 0.79 0.83 -9999 -9999 -9999 -9999 0.23 0.26 0.44 0.53 0.79 -9999 1.13 0.9 1.21 1.24 1.41 1.71 1.58 0.88 0.69 0.84 1.42 1.14 1.3 2.36 2.31 1.88 1.34 1.79 2.11 1.53 1.39 0.47 0.23 0.24 0.19 0.18 0.31 0.52 1.26 1.6 1.55 1.42 1.6 1.36 1.91 2.83 2.04 1.17 1.76 1.55 3.14 2.43 1.33 0.94 0.66
0.42 0.39 0.25 0.22 -9999 -9999 -9999 -9999 -9999 -9999 -9999 -9999 1.47 0.88 0.55 0.46 -9999 -9999 -9999 -9999 -9999 -9999 -9999 -9999 0.37 0.52 -9999 -9999 -9999 -9999 -9999 0.36 0.39 0.54 0.66 -9999 1.22 1.22 1.12 1.36 1.76 1.83 1.35 1.13 0.75 0.65 0.74 0.84 1.47 1.81 1.03 0.86 0.69 0.62 0.65 0.76 0.7 0.3 0.48 0.33 0.68 0.65 0.68 1.1 1.4 1.35 1.48 1.46 2.09 1.92 2.76 2.65 2.84 1.87 1.78 3.88 3.15 1.24 0.99 0.87 0.89
0.47 0.22 0.22 -9999 0.49 -9999 -9999 -9999 -9999 -9999 -9999 0.49 1.33 1.54 0.84 0.49 0.37 0.34 0.33 -9999 -9999 -9999 -9999 -9999 -9999 -9999 0.29 0.5 -9999 -9999 -9999 -9999 0.62 0.7 0.68 0.92 -9999 1.23 1.38 1.31 1.34 1.8 1.82 1.55 1.63 1.19 0.7 0.53 0.52 0.31 0.26 0.18 0.2 0.28 0.24 0.33 0.25 0.14 0.18 0.17 0.19 0.61 1.7 2.46 1.62 1.6 1.61 2.36 3.26 3.99 4.12 2.5 2.78 2.37 2.12 2.37 1.26 0.96 0.86 1.3 1.25
0.29 0.21 -9999 -9999 -9999 -9999 -9999 -9999 -9999 -9999 -9999 -9999 1.41 0.92 0.75 0.95 0.59 0.46 0.27 -9999 -9999 -9999 -9999 -9999 -9999 -9999 -9999 0.47 -9999 -9999 -9999 -9999 -9999 0.38 0.55 0.64 0.68 0.88 1.24 1.13 1.4 1.18 1.22 1.33 1.21 1.17 0.98 0.43 0.2 0.23 0.19 0.13 0.16 0.26 -9999 0.32 0.61 0.8 0.32 0.27 0.47 1.55 4.13 2.68 1.74 2.2 3.04 3.19 3.48 3.47 3.46 5.88 3.66 2.24 1.7 1.18 0.95 0.49 0.46 1.29 1.09
0.26 -9999 0.37 0.41 -9999 -9999 -9999 -9999 0.92 0.94 0.82 0.85 0.59 0.9 0.56 0.48 0.85 0.88 0.9 0.75 -9999 -9999 -9999 -9999 -9999 -9999 -9999 -9999 0.89 -9999 -9999 -9999 1.03 0.89 0.43 0.38 0.35 0.55 0.56 0.61 0.65 0.67 0.55 0.58 0.59 0.58 0.64 0.42 0.3 0.23 0.25 0.23 0.25 0.38 0.79 1.62 2.13 2.59 1.26 -9999 1.8 3.29 5 2.83 3.06 3.56 4.73 4.6 3.13 3.65 4.65 3.42 2.33 1.09 1.29 0.81 0.98 0.75 1.22 1.27 1.29
0.3 -9999 0.44 -9999 -9999 -9999 -9999 -9999 0.8 0.55 0.55 0.53 0.55 0.51 0.49 0.47 0.78 0.7 0.48 0.38 -9999 -9999 -9999 -9999 -9999 -9999 -9999 -9999 0.4 0.97 1.21 -9999 -9999 0.84 1.09 -9999 0.34 -9999 0.6 0.63 -9999 0.52 0.6 0.49 0.49 0.33 0.58 0.53 0.53 0.47 0.5 0.44 0.8 1.26 1.37 1.76 2.48 2.75 2.16 -9999 1.96 5.5 3.22 2.59 2.88 3.81 3.17 4.64 4.35 5.62 4.22 3.06 1.71 1.33 0.89 1.36 1.39 1.52 1.58 0.83 1.15
0.42 0.42 0.29 -9999 -9999 -9999 -9999 -9999 0.58 1.02 0.76 0.57 0.41 0.29 0.4 0.68 0.42 0.26 -9999 -9999 -9999 -9999 -9999 -9999 -9999 -9999 0.44 0.37 0.41 0.57 0.91 0.77 1.21 0.65 0.66 0.39 0.53 0.37 0.73 0.54 0.61 0.6 0.77 0.46 0.42 0.46 0.57 -9999 0.39 0.54 0.6 0.84 1.35 1.2 1.36 1.63 3.09 5.98 3.81 1.23 3.34 5.78 3.71 3.17 3.31 3.12 4.12 7.82 6.61 3.4 2.82 1.99 1.12 1.02 0.83 1.56 1.64 -9999 -9999 -9999 -9999
0.31 0.45 -9999 -9999 -9999 -9999 -9999 0.24 0.41 0.56 0.6 0.67 0.27 0.55 0.47 0.19 0.29 0.23 -9999 -9999 -9999 -9999 -9999 -9999 -9999 -9999 0.37 0.31 0.51 0.47 0.28 0.22 1.15 0.7 0.78 0.61 0.82 0.79 1.05 0.97 1.2 1.05 -9999 0.34 0.58 0.28 -9999 -9999 0.48 0.67 0.51 0.89 1.3 1.55 1.77 3.16 4.91 6.57 3.63 1.1 3.67 5.65 3.61 3.09 3.06 6.32 7.66 6.7 3.51 1.86 1.56 1.29 0.9 0.82 0.9 -9999 -9999 -9999 -9999 -9999 -9999
0.58 0.36 -9999 -9999 -9999 -9999 -9999 0.58 0.47 0.45 0.69 0.55 0.38 0.37 0.17 0.18 0.16 -9999 -9999 0.1 0.17 0.18 -9999 -9999 -9999 -9999 0.46 0.24 0.2 0.23 0.33 0.37 0.81 0.59 0.53 0.55 -9999 -9999 -9999 -9999 -9999 -9999 -9999 -9999 -9999 -9999 -9999 -9999 0.82 0.89 1.17 0.94 1.3 1.87 2.5 3.28 3.1 3.49 3.55 1.8 3.6 5.45 3.7 3.09 3.7 5.17 -9999 3.48 2.36 2.15 0.82 0.97 -9999 -9999 -9999 -9999 -9999 -9999 -9999 -9999 -9999
0.53 0.4 -9999 -9999 -9999 -9999 -9999 0.6 0.4 0.42 0.55 0.34 0.4 0.26 0.13 0.14 0.12 0.06 0.15 0.24 0.14 0.17 -9999 -9999 -9999 -9999 0.42 0.19 0.12 0.27 0.46 0.35 0.58 0.5 -9999 -9999 -9999 -9999 -9999 -9999 -9999 -9999 -9999 -9999 -9999 -9999 -9999 -9999 0.76 0.99 0.84 1.39 1.26 2.16 2.9 3.21 3.89 2.87 4.98 2.13 4.05 4.86 3.74 3.25 2.74 3.41 2.39 1.94 1.93 1.23 0.57 0.34 -9999 -9999 -9999 -9999 -9999 -9999 -9999 -9999 -9999
0.41 -9999 -9999 -9999 -9999 -9999 -9999 -9999 0.27 0.39 0.38 0.25 0.25 0.21 0.13 0.13 0.15 0.16 0.25 0.32 0.19 0.12 0.28 -9999 -9999 0.2 0.31 0.25 0.26 0.32 0.45 0.54 0.45 0.9 -9999 -9999 0.19 0.27 0.36 0.39 0.44 0.4 -9999 0.33 0.36 0.47 0.43 0.34 0.34 0.76 0.89 1.87 1.22 1.72 2.39 3.57 3.36 3.24 1.21 2.61 6.44 3.67 3.2 3.02 3.04 2.41 1.66 1.64 1.47 0.73 -9999 -9999 -9999 -9999 -9999 -9999 -9999 -9999 -9999 -9999 -9999
0.45 0.27 -9999 -9999 -9999 -9999 -9999 -9999 0.19 0.44 0.65 0.44 0.35 0.26 0.2 0.18 0.16 0.18 0.23 0.38 0.29 0.14 0.25 -9999 0.18 0.29 0.26 0.35 0.31 0.41 0.25 0.33 0.21 0.22 0.15 0.39 -9999 0.26 0.24 0.29 0.37 0.34 0.58 0.47 0.5 0.35 0.57 1.33 1.24 1.39 1.63 1.69 2.47 2.03 1.53 1.7 1.21 0.99 1.31 3.38 4.65 3.88 3.67 2.81 2.2 1.96 1.54 1.2 0.65 -9999 -9999 -9999 -9999 -9999 -9999 -9999 -9999 -9999 -9999 -9999 -9999
0.32 0.35 -9999 -9999 -9999 -9999 -9999 -9999 0.24 0.4 0.44 0.47 0.21 0.22 0.19 0.19 0.19 0.33 0.43 0.49 0.44 0.18 0.16 0.09 0.07 0.12 0.18 0.29 0.33 0.32 0.23 0.28 -9999 -9999 -9999 -9999 -9999 0.48 1.07 1.58 1.62 1.29 2.43 2.42 0.87 0.53 1.42 2.95 3.37 2.46 2.16 2.22 2.03 2.55 1.92 2.05 1.96 0.72 1.77 3.59 4.34 2.93 3.02 2.48 1.62 2.07 0.98 0.79 0.6 0.3 -9999 -9999 -9999 -9999 -9999 -9999 -9999 -9999 -9999 -9999 -9999
0.35 0.35 -9999 -9999 -9999 -9999 -9999 -9999 0.32 0.51 0.5 0.44 0.41 0.29 0.22 0.22 0.26 0.35 0.38 0.34 0.19 0.1 0.09 0.04 0.06 0.18 0.18 -9999 -9999 -9999 0.2 -9999 -9999 -9999 -9999 -9999 1.08 1.69 1.82 1.49 1.81 2.81 3.26 3.2 2.59 1.94 1.95 2.09 2.63 2.2 2.45 2.64 2.76 3.49 3.16 4.08 2.27 1.2 1.73 4.06 3.72 3.1 2.32 1.96 1.1 1.58 0.82 0.54 0.54 0.38 -9999 -9999 -9999 -9999 -9999 -9999 -9999 -9999 -9999 -9999 -9999
0.3 0.35 -9999 -9999 -9999 -9999 -9999 -9999 0.33 0.39 0.45 0.36 0.29 0.27 0.34 0.26 0.33 0.4 0.34 0.12 0.11 0.08 0.05 0.06 -9999 -9999 -9999 -9999 -9999 -9999 -9999 -9999 -9999 -9999 1.45 1.79 1.73 2.55 2.5 2.31 2.51 2.58 3.01 3.02 2.99 2.64 3.08 2.96 2.19 2.17 2.27 2.93 2.97 3.41 4.66 4.8 3.65 1.23 2.1 3.09 2.44 2.7 1.4 2.03 1.44 1.21 0.92 0.62 0.55 0.28 -9999 -9999 -9999 -9999 -9999 -9999 -9999 -9999 -9999 -9999 -9999
0.27 0.18 -9999 -9999 -9999 -9999 -9999 0.37 0.33 0.4 0.15 0.17 0.22 0.23 0.4 0.35 0.38 0.25 0.12 0.08 0.1 0.11 0.14 -9999 -9999 -9999 -9999 -9999 -9999 -9999 -9999 -9999 1.17 1.28 1.43 1.53 2.16 3.08 3.23 2.84 2.64 2.23 2.37 2.51 2.62 2.9 2.69 2.35 2.43 2.73 2.95 3.68 4.72 4.32 5.15 6.74 3.36 1.24 2.79 2.64 2.07 1.8 0.58 1.89 1.28 1.15 0.97 0.59 0.38 0.38 -9999 -9999 -9999 -9999 -9999 -9999 -9999 -9999 -9999 -9999 -9999
0.34 0.22 -9999 -9999 -9999 -9999 0.33 0.4 0.24 0.34 0.23 0.22 0.27 0.35 0.32 0.27 0.18 0.07 0.12 -9999 -9999 -9999 -9999 -9999 -9999 -9999 -9999 -9999 0.66 0.4 0.44 0.92 1.38 1.32 1.67 2.34 2.62 2.29 2.43 2.99 2.7 2.48 3.3 2.96 2.86 2.37 2.41 2.27 2.05 2 2.32 1.94 2.39 1.99 2.62 3.69 1.89 1.32 2.79 2.36 2.08 1.51 0.9 1.52 1.33 1.09 0.63 0.4 0.13 0.25 0.48 -9999 0.31 -9999 -9999 -9999 -9999 -9999 -9999 -9999 -9999
0.4 0.25 0.19 0.19 0.36 0.27 0.2 0.27 0.18 0.28 0.22 0.26 0.3 0.21 0.19 0.13 0.11 0.13 0.09 0.07 -9999 -9999 -9999 -9999 -9999 -9999 0.65 1.1 0.71 0.42 0.61 1.04 1.59 1.46 1.87 2.07 1.6 1.23 1.72 3.01 3.34 3.15 3.15 2.76 2.93 3.03 3.09 2.37 3.54 2.11 2.76 1.63 1.82 1.63 2.54 1.54 1.44 1.78 2.48 2.21 1.8 1.46 1.67 1.21 1.23 1.08 0.67 -9999 0.15 -9999 0.24 -9999 -9999 -9999 -9999 -9999 -9999 -9999 -9999 -9999 -9999
0.2 0.17 0.23 0.21 0.14 0.11 0.16 0.22 0.16 0.24 0.26 0.23 0.16 0.17 0.08 0.08 0.06 0.04 0.07 0.11 0.16 0.2 0.3 0.28 0.22 0.73 1.1 0.6 0.6 0.4 0.9 1.15 0.98 1.87 1.01 0.98 1.26 1.76 2.03 2.75 3.86 3.54 3.54 3.74 3.26 3.42 2.53 2.28 2.17 2.63 1.65 1.55 1.17 2.19 2.09 1.57 3.03 1.67 1.32 1.32 1.34 -9999 -9999 -9999 -9999 -9999 -9999 -9999 -9999 -9999 -9999 -9999 -9999 -9999 -9999 -9999 -9999 -9999 -9999 -9999 -9999
0.18 0.13 0.14 0.14 0.13 0.1 0.13 0.18 0.21 0.23 0.22 0.21 0.16 0.06 0.04 0.04 0.07 0.13 0.16 0.17 0.23 0.21 0.29 0.37 0.56 0.79 0.8 0.4 0.42 0.6 0.92 1.31 0.85 1.1 1.74 1.38 1.4 1.34 1.72 1.76 2.03 2.64 3.32 3.51 3.37 1.43 2.04 2.68 2.37 2 1.34 1.8 2.48 1.61 1.66 1.92 1.29 -9999 0.63 -9999 -9999 -9999 -9999 -9999 -9999 0.09 -9999 -9999 -9999 -9999 -9999 -9999 -9999 -9999 -9999 -9999 -9999 -9999 -9999 -9999 -9999
