resultados/variables_norteamerica/topo_slope.asc
ncols 469
nrows 225
xllcorner -169.133333
yllcorner 20.675000
cellsize 0.249840
NODATA_value -9999
[rows 36 to 71 of 225, columns 243 to 323 of 469]
-9999 -9999 -9999 1.53 1.79 0.98 0.59 0.94 0.64 0.38 0.32 0.37 0.38 0.56 0.52 0.41 0.52 0.55 0.38 0.53 0.36 -9999 -9999 -9999 -9999 -9999 -9999 -9999 -9999 -9999 -9999 -9999 -9999 -9999 -9999 -9999 -9999 -9999 -9999 -9999 0.44 0.51 -9999 -9999 -9999 0.51 0.55 0.4 0.46 -9999 -9999 -9999 0.49 0.43 0.56 0.63 0.63 0.77 1.06 1.38 1.07 1 0.92 0.91 0.82 0.89 0.65 1.22 0.63 0.52 0.73 0.68 0.93 0.91 0.99 1.06 0.94 0.97 1.1 1.18 1.75
-9999 2.37 -9999 1.5 1.25 0.77 0.39 0.65 0.61 0.33 0.19 0.37 0.37 0.49 0.44 0.41 0.48 0.67 0.51 0.55 0.49 0.52 0.44 0.45 0.6 0.4 0.4 0.54 0.63 0.41 0.31 0.38 0.32 0.39 0.29 0.34 0.41 0.34 0.28 0.3 0.24 0.28 0.41 0.39 -9999 0.39 0.33 0.43 -9999 -9999 -9999 -9999 -9999 0.92 0.83 0.88 1.7 1.56 1.15 0.99 0.75 0.73 0.57 0.93 0.97 1.19 1.08 1.57 0.81 0.82 0.86 1.36 1.09 0.92 1.42 1.72 1.49 1.19 1.04 1.25 1.74
1.75 -9999 -9999 2.41 1.82 1.33 0.54 0.37 0.39 0.38 0.37 0.29 0.27 0.33 0.46 0.35 0.5 0.58 0.61 0.55 0.45 0.39 0.55 0.57 0.58 0.51 0.69 0.55 0.42 0.54 0.43 0.32 0.33 0.42 0.37 0.31 0.33 0.39 0.35 0.25 -9999 0.51 0.54 0.48 0.53 0.48 0.44 0.35 0.34 -9999 -9999 -9999 -9999 0.78 1.62 1.5 1.8 1.3 1.28 1.46 1.13 1.01 1.13 0.76 1.32 1.13 0.49 0.95 0.48 0.55 0.35 0.26 0.33 0.85 1.78 1.39 1.52 1.31 1.63 1.73 1.88
-9999 -9999 -9999 -9999 -9999 1.99 1.79 0.48 0.68 0.56 0.27 0.29 0.48 0.4 0.43 0.42 0.66 0.39 0.55 0.31 0.27 0.33 0.42 0.36 0.53 0.65 0.64 0.55 0.43 0.45 0.32 0.33 0.33 0.35 0.36 0.59 0.27 0.41 0.27 0.41 0.56 0.29 0.54 0.36 0.43 0.52 0.46 0.35 -9999 0.42 0.54 0.41 0.27 1.16 1.47 1.14 1.14 0.76 0.77 0.89 1.73 1.6 1.14 0.74 1.17 0.95 0.54 0.39 0.66 0.76 0.52 0.79 0.59 0.74 0.94 0.95 0.99 0.8 1.31 1.41 1.44
1.46 -9999 -9999 -9999 -9999 2.05 0.35 0.53 0.51 0.31 0.39 0.19 0.24 0.18 0.12 0.08 0.36 0.21 0.11 0.1 0.08 0.07 0.08 0.41 0.58 0.33 0.19 0.28 0.27 0.27 0.31 0.18 0.26 0.17 0.27 0.34 0.3 0.3 0.29 0.52 0.76 0.54 0.55 0.3 -9999 0.28 0.16 0.29 0.15 -9999 0.22 0.19 0.66 1.21 0.65 0.44 0.2 0.33 0.36 1.17 1.28 0.59 1.32 0.87 0.38 1.13 1.07 0.55 0.64 0.31 0.32 0.22 0.42 0.37 0.36 0.71 0.39 0.24 0.93 1.1 0.94
0.1 0.94 1.93 -9999 1.47 -9999 1.62 1.1 0.61 0.55 0.58 0.31 0.39 0.16 0.13 0.16 0.16 0.09 0.2 0.22 0.29 0.06 0.01 0.08 0.13 0.07 0.07 0.2 0.03 0.09 0.15 0.11 0.22 0.34 0.26 0.03 0.07 0.11 0.2 0.28 0.36 0.36 0.25 0.41 0.51 0.43 0.33 0.28 0.72 0.94 1.07 0.27 0.55 0.63 0.68 0.18 0.22 0.33 0.32 1.08 0.19 0.22 0.36 0.56 0.79 0.75 0.98 0.84 0.34 0.07 0.24 0.78 0.92 0.33 0.46 0.54 0.84 0.72 0.6 1.41 1.14
0.37 0.45 0.99 1.03 1.54 2.08 0.87 0.22 0.11 0.08 0.18 0.34 0.3 0.15 0.33 0.16 0.16 0.16 0.15 0.09 -9999 0.13 0.04 -9999 0.02 0.08 0.05 0.04 0.03 0.07 0.07 0.06 -9999 0.39 0.32 0.08 0.04 0.28 0.08 0.05 0.17 0.09 0.24 0.38 -9999 0.64 0.53 0.56 0.85 1.22 0.67 0.3 0.26 0.5 0.9 0.23 0.06 0.11 0.15 0.46 0.17 0.53 0.25 0.21 0.24 0.41 0.32 0.4 0.38 0.51 0.49 0.95 0.62 0.5 0.45 0.91 0.64 0.16 0.12 0.39 0.26
0.39 0.41 0.36 0.66 0.93 0.85 2.6 1.08 0.38 0.43 0.42 0.42 0.31 0.29 0.3 0.24 0.27 0.26 0.14 0.18 0.17 0.12 0.11 0.21 0.05 0.1 0.06 0.32 0.06 0.05 0.05 0.02 0.05 0.06 0.37 0.12 0.12 0.29 0.39 0.25 0.21 0.59 0.47 0.3 0.48 0.66 0.85 0.91 0.62 0.38 0.22 0.23 0.58 0.56 0.44 0.19 0.32 0.24 0.53 0.18 0.18 0.15 0.22 0.69 0.88 0.64 0.73 1.02 1.13 1.69 1.41 2.73 1.98 2.4 2.32 1.22 1.24 1.03 0.36 0.42 0.36
0.27 0.53 0.25 0.22 0.4 0.69 1.16 1.75 0.51 0.22 0.4 0.41 0.38 0.28 0.16 0.08 0.2 0.24 0.27 0.11 0.14 0.1 0.13 0.17 0.07 0.04 0.25 0.11 0.3 -9999 0.03 -9999 -9999 0.06 -9999 -9999 0.03 0.06 0.3 0.47 0.59 0.22 0.13 0.34 0.46 0.85 0.58 0.68 0.46 0.28 0.07 0.18 0.47 0.47 0.44 0.16 0.27 0.4 0.45 0.29 0.25 0.41 0.27 0.15 0.34 0.18 0.64 1.07 1.18 2.3 2.48 -9999 1.78 -9999 2 -9999 1.51 1.31 1.28 0.79 0.62
0.35 0.57 0.29 0.25 0.19 0.25 0.23 0.09 0.17 0.26 0.07 0.26 0.21 0.08 0.11 0.24 0.19 0.14 0.15 0.12 0.19 0.35 0.15 0.11 0.08 0.1 0.19 0.21 0.64 0.24 0.11 0.79 0.11 -9999 0.05 0.09 0.09 0.08 0.13 0.45 0.47 0.07 0.02 0.24 0.38 0.32 0.15 0.04 0.28 0.53 0.53 0.36 -9999 0.18 0.32 0.6 0.38 0.52 0.53 0.7 0.81 0.49 0.17 0.25 0.42 0.51 0.15 0.69 0.3 0.39 0.31 0.28 0.17 1.26 0.82 1.99 -9999 -9999 -9999 -9999 0.69
0.38 0.52 0.16 0.09 0.18 0.09 0.38 0.34 0.28 0.37 0.45 0.26 0.19 0.3 0.37 0.51 0.34 0.47 0.21 0.09 0.04 0.11 0.12 0.09 0.18 0.17 0.1 0.12 0.13 0.09 0.18 0.22 0.06 0.07 0.04 0.35 0.25 0.15 0.18 0.22 0.35 0.2 0.27 0.33 0.38 0.28 0.11 0.07 0.32 0.47 -9999 0.11 0.27 0.16 0.15 0.31 0.32 0.21 0.33 0.32 0.54 0.69 1.08 0.56 1.11 0.52 0.56 0.33 0.39 0.65 0.4 0.67 0.22 0.66 0.35 0.64 1.67 -9999 -9999 -9999 -9999
0.22 0.35 0.23 -9999 0.33 0.13 0.18 0.15 0.21 0.32 0.31 0.44 0.56 0.32 0.34 0.49 0.16 0.26 0.38 0.22 0.04 0.02 0.12 0.16 0.1 0.13 0.17 0.14 0.35 0.15 0.11 0.08 0.19 0.8 0.17 0.13 0.34 0.15 0.36 0.36 0.31 0.57 0.28 -9999 0.55 0.31 0.13 0.2 0.27 0.47 0.19 -9999 0.38 0.35 0.34 0.04 0.07 0.35 0.17 0.4 0.24 0.24 0.27 0.19 0.56 0.53 0.26 0.29 0.45 1.08 1.01 1.17 0.71 0.58 0.54 0.33 0.42 0.67 0.42 0.54 0.3
0.32 0.34 0.46 0.16 0.29 0.13 0.39 0.17 0.14 0.13 0.54 0.28 0.36 0.34 0.38 0.52 0.26 0.21 0.3 0.44 0.56 0.39 0.61 0.93 0.71 0.26 0.19 0.14 0.27 0.19 -9999 0.1 0.34 0.33 0.35 0.29 0.6 0.16 0.37 0.48 0.38 1.15 0.75 0.53 0.53 0.49 0.61 0.61 0.42 0.41 -9999 -9999 0.13 0.24 0.63 0.08 0.31 0.4 0.58 0.69 0.34 0.07 -9999 0.07 0.2 0.26 0.19 0.44 0.53 0.18 0.51 1.01 1.13 1.52 0.71 0.53 0.55 0.79 0.45 0.24 0.16
0.35 0.23 0.24 0.3 0.11 0.16 0.31 0.2 0.14 0.1 0.22 0.24 0.15 0.13 0.11 0.24 0.34 0.52 0.69 0.65 0.41 0.15 0.06 0.16 0.8 0.33 0.24 0.48 0.72 0.63 0.55 0.51 0.3 0.37 0.36 0.63 -9999 -9999 0.32 -9999 -9999 0.63 0.53 0.53 0.93 0.98 0.83 0.73 0.73 0.49 0.52 0.63 0.54 0.42 0.58 0.71 0.65 0.31 0.35 0.29 0.36 0.32 0.14 0.29 0.37 0.49 0.26 0.26 -9999 0.56 0.78 0.78 1.13 0.68 0.4 0.54 0.25 0.23 0.14 0.21 0.77
0.19 0.3 0.17 0.28 0.23 0.24 0.06 0.07 0.21 0.1 1.04 1.02 0.48 0.43 0.81 0.22 0.28 0.46 0.48 0.2 0.11 0.19 0.14 0.2 0.17 0.31 0.52 0.72 0.43 0.13 0.08 0.21 0.14 0.33 0.71 0.78 0.27 0.67 0.33 0.36 0.41 0.52 0.2 0.76 0.5 0.38 0.41 0.37 0.26 0.32 0.31 0.56 0.91 0.5 0.55 0.27 0.39 0.15 0.18 0.13 0.35 0.15 0.34 0.51 0.18 0.1 0.35 0.49 0.23 0.4 0.55 0.28 0.4 0.55 0.63 1.01 0.68 0.22 0.45 0.69 0.69
0.03 0.19 0.24 0.1 -9999 0.07 0.08 0.19 0.07 0.24 0.18 0.58 0.23 0.69 0.37 0.25 0.58 0.52 0.47 0.27 0.25 0.16 0.14 0.19 0.23 0.34 1.23 0.95 0.85 0.31 0.12 0.48 0.14 0.46 -9999 0.34 0.26 -9999 0.11 -9999 -9999 0.34 -9999 0.33 0.74 0.48 0.98 0.57 0.22 0.66 0.54 0.21 0.07 0.06 0.08 0.02 0.11 0.5 0.38 -9999 0.2 0.18 0.2 0.32 0.38 0.57 0.39 0.3 0.5 0.35 0.37 0.13 0.07 0.02 -9999 -9999 0.41 0.46 0.38 -9999 -9999
0.1 0.03 0.27 -9999 0.02 0.01 0.04 0.1 0.22 0.27 0.08 0.2 0.38 0.4 0.54 0.63 0.87 0.76 0.54 0.77 0.37 0.56 0.6 0.5 0.26 0.86 0.41 0.49 0.52 0.35 0.38 0.2 0.13 0.16 0.17 0.32 0.2 -9999 -9999 0.39 -9999 0.22 0.26 -9999 0.51 0.28 0.54 0.4 0.55 0.54 0.27 0.42 -9999 -9999 0.2 0.15 0.22 0.07 0.07 -9999 -9999 0.47 -9999 0.18 0.06 0.09 0.2 0.38 0.25 0.32 0.35 0.05 0 -9999 -9999 -9999 -9999 -9999 -9999 -9999 -9999
0.26 0.33 0.22 0.3 0.02 0.14 0.01 0.06 0.14 0.2 0.21 0.12 0.03 0.34 0.36 0.14 0.37 0.83 0.41 0.09 0.11 0.09 0.2 0.54 0.66 0.7 0.23 0.75 0.5 0.05 0.17 0.79 0.73 0.81 0.73 0.57 0.59 -9999 0.26 0.47 0.58 0.05 0.06 0.5 0.28 0.18 0.32 0.4 0.44 0.21 0.37 0.63 0.91 0.48 0.39 0.4 0.41 0.31 0.17 0.11 0.1 0.13 0.08 0.03 -9999 0.08 0.22 0.23 -9999 -9999 0.01 -9999 -9999 -9999 -9999 -9999 -9999 -9999 -9999 -9999 -9999
-9999 0.09 0.03 0.05 0.05 0.02 0.03 0.07 0.08 0.15 0.22 0.08 0.07 0.18 0.42 0.23 0.33 0.5 0.78 0.44 0.25 0.39 0.23 0.31 0.36 0.33 -9999 0.02 0.02 0.06 0.26 0.34 0.23 -9999 0.39 0.29 0.49 0.63 0.59 0.42 0.16 0.12 0.17 0.49 -9999 0.44 0.07 0.32 0.33 0.25 0.33 0.75 0.79 0.62 0.35 0.24 0.33 0.27 0.72 0.43 0.24 0.14 0.09 0.09 0.11 0.21 0.45 0.38 0.53 0.36 0.04 -9999 -9999 -9999 -9999 -9999 -9999 -9999 -9999 -9999 -9999
0.27 -9999 0.64 0.2 0.27 0.09 0.13 0.17 0.07 0.1 0.06 0.1 0.12 0.33 -9999 0.31 0.31 0.3 0.14 0.14 0.34 0.27 0.15 0.36 0.04 -9999 -9999 -9999 -9999 0.39 0.47 0.58 0.26 0.22 0.23 0.21 -9999 0.24 0.7 0.27 0.19 0.22 -9999 0.78 0.37 0.21 -9999 0.42 0.39 0.34 0.79 0.91 0.53 0.38 0.24 -9999 -9999 0.14 0.28 0.27 0.24 0.2 0.18 0.18 0.13 0.34 0.55 0.89 0.75 0.75 0.09 -9999 -9999 -9999 -9999 -9999 -9999 -9999 -9999 -9999 -9999
0.61 0.36 0.3 0.43 0.1 0.07 0.1 0.06 0.09 0.19 0.37 0.28 0.15 0.25 0.58 0.45 0.23 0.19 0.22 -9999 0.25 0.14 0.23 0.42 0.34 0.41 0.44 -9999 0.09 0.16 0.34 -9999 0.29 0.15 0.25 -9999 -9999 0.63 0.68 0.63 0.94 0.6 0.72 0.4 0.08 0.39 -9999 0.39 0.4 -9999 -9999 0.61 0.26 0.55 0.45 0.25 0.27 0.35 0.15 0.13 0.16 0.14 0.14 0.08 0.04 0.13 0.59 0.24 0.16 -9999 -9999 -9999 -9999 -9999 -9999 -9999 -9999 -9999 -9999 -9999 -9999
0.2 0.16 0.17 0.16 0.12 0.11 -9999 0.04 0.12 0.51 0.29 0.23 0.07 0.23 0.45 0.32 0.37 0.28 0.4 0.22 -9999 0.44 0.32 -9999 0.12 0.47 0.32 0.33 0.41 0.41 0.34 0.34 0.28 0.25 0.24 0.16 0.29 0.39 0.64 0.33 1.1 0.83 -9999 -9999 0.45 0.33 0.03 0.12 0.1 0.38 0.59 0.35 0.11 0.12 0.15 0.2 0.16 0.2 0.22 0.16 0.13 0.12 0.06 -9999 0.01 0 -9999 -9999 -9999 -9999 -9999 -9999 -9999 -9999 -9999 -9999 -9999 -9999 -9999 -9999 -9999
0.78 0.58 -9999 0.02 0.04 0.06 0.13 0.14 0.15 -9999 0.19 0.11 0.14 0.38 0.15 0.19 0.4 0.24 0.22 0.09 0.25 0.2 0.29 0.4 0.33 0.37 -9999 -9999 -9999 -9999 -9999 0.34 0.14 0.19 0.13 0.29 0.42 0.4 0.47 0.17 0.49 0.16 0.17 0.21 0.34 0.08 0.05 0.37 0.22 0.38 0.58 0.34 0.05 0.03 0.04 -9999 0.26 0.07 0.11 0.07 0.14 0.2 0.02 -9999 -9999 -9999 -9999 -9999 -9999 -9999 -9999 -9999 -9999 -9999 -9999 -9999 -9999 -9999 -9999 -9999 -9999
0.67 0.83 0.08 0.19 0.07 0.03 0.05 0.12 0.16 0.23 0.4 0.25 0.15 0.17 0.32 0.16 0.48 0.53 0.49 0.09 0.16 -9999 0.14 0.19 0.28 0.24 0.49 0.37 0.18 0.24 0.23 0.4 0.34 0.28 0.26 0.15 0.23 0.25 0.25 0.46 0.4 0.72 0.19 0.05 0.02 0.1 0.15 0.31 0.32 0.19 0.38 0.08 0.03 0.19 0.03 0.04 0.25 0.21 0.06 0.02 0.01 -9999 -9999 -9999 -9999 -9999 -9999 -9999 -9999 -9999 -9999 -9999 -9999 -9999 -9999 -9999 -9999 -9999 -9999 -9999 -9999
0.99 0.62 0.39 0.1 0.08 0.24 0.23 0.22 0.1 0.4 0.41 0.4 0.26 0.36 0.24 0.17 0.45 0.36 0.35 0.23 0.13 0.11 0.27 0.22 0.21 0.11 0.51 1.13 -9999 0.21 0.17 0.19 0.34 0.07 0.05 0.02 0.22 0.31 0.41 0.29 0.23 0.78 1.27 0.37 0.06 0.06 0.41 -9999 0.18 0.24 0.44 0.19 -9999 0.21 0.14 0.1 0.09 -9999 0.22 -9999 -9999 0.01 -9999 -9999 -9999 -9999 -9999 -9999 -9999 -9999 -9999 -9999 -9999 -9999 -9999 -9999 -9999 -9999 -9999 -9999 -9999
1.13 0.89 0.65 0.48 0.08 0.37 0.15 0.25 0.33 0.51 0.53 -9999 0.13 0.31 0.11 0.05 0.33 0.33 0.48 0.1 0.04 0.06 0.1 0.25 0.14 0.36 0.09 0.33 0.01 0.06 0.22 0.18 0.17 0.11 0.43 0.02 0.08 0.31 0.35 0.37 0.32 0.41 0.82 0.39 -9999 0.1 0.06 0.15 0.22 0.26 0.26 0.2 0.25 0.22 0.17 0.19 0.15 0.05 0.02 -9999 -9999 -9999 -9999 -9999 -9999 -9999 -9999 -9999 -9999 -9999 -9999 -9999 -9999 -9999 -9999 -9999 -9999 -9999 -9999 -9999 -9999
0.62 1.09 0.42 0.26 0.35 0.5 0.29 0.48 0.62 0.27 0.16 0.03 0.07 0.04 0.04 0.03 -9999 0.09 0.11 0.04 0.21 0.24 0.05 0.07 -9999 0.15 0.22 0.02 0.02 0.02 0.05 0.11 0.09 0.25 -9999 0.14 0.18 0.37 0.56 0.44 0.32 0.26 0.6 0.13 -9999 0.4 0.24 0.08 0.21 0.15 0.19 0.16 0.11 0.16 0.11 0.09 0.03 0 -9999 -9999 -9999 -9999 -9999 -9999 -9999 -9999 -9999 -9999 -9999 -9999 -9999 -9999 -9999 -9999 -9999 -9999 -9999 -9999 -9999 -9999 -9999
0.12 0.43 0.18 0.26 0.15 0.09 0.45 0.57 0.3 0.37 0.25 0.15 0.11 0.3 0.15 0.04 0.1 0.42 0.15 0.26 0.23 0.13 0.08 0.17 0.11 0.15 0.26 0.02 0.01 0.33 0.2 0.17 0.06 0.15 0.42 0.26 0.46 0.33 0.61 0.58 0.35 0.2 0.29 0.13 0.08 0.17 0.25 0.24 -9999 0.32 0.55 0.5 0.33 0.2 0.13 0.14 0.04 -9999 -9999 -9999 -9999 -9999 -9999 -9999 -9999 -9999 -9999 -9999 -9999 -9999 -9999 -9999 -9999 -9999 -9999 -9999 -9999 -9999 -9999 -9999 -9999
0.65 0.45 0.45 0.35 0.32 0.03 0.09 0.18 0.52 0.79 0.4 0.38 1.13 0.6 0.12 0.01 0.01 0.19 0.12 0.06 -9999 0.22 0.24 0.16 0.07 0.19 0.04 0.25 0.05 0.11 0.41 0.19 0.08 0.07 0.3 0.03 0.2 0.2 0.29 0.45 0.4 -9999 0.07 0.13 0.08 0.05 0.36 0.22 0.19 0.43 0.45 0.26 0.14 0.19 0.17 0.1 0.02 -9999 -9999 -9999 -9999 -9999 -9999 -9999 -9999 -9999 -9999 -9999 -9999 -9999 -9999 -9999 -9999 -9999 -9999 -9999 -9999 -9999 -9999 -9999 -9999
0.38 0.09 0.08 0.27 0.45 0.12 0.07 0.32 0.13 0.17 0.3 0.5 0.35 0.28 0.38 0.1 0.15 0.1 0.67 0.08 0.25 -9999 0.05 0.12 0.04 0.22 0.18 0.41 0.32 0.22 0.15 0.1 0.1 0.31 0.28 -9999 -9999 0.13 0.29 0.35 0.38 0.16 0.14 0.14 0.05 0.08 0.08 0.29 0.47 0.39 0.63 0.14 0.12 0.09 0.07 -9999 -9999 -9999 -9999 -9999 -9999 -9999 -9999 -9999 -9999 -9999 -9999 -9999 -9999 -9999 -9999 -9999 -9999 -9999 -9999 -9999 -9999 -9999 -9999 -9999 -9999
0.74 0.57 0.53 0.44 0.4 0.33 0.35 0.44 0.32 0.4 0.34 0.4 0.47 0.39 0.48 0.65 1.18 0.74 0.8 0.69 0.75 0.34 0.49 0.41 0.21 -9999 0.54 -9999 0.41 0.35 0.37 0.48 0.48 0.58 0.61 -9999 0.4 0.29 0.25 0.26 0.44 0.65 0.45 0.58 0.54 0.41 0.39 0.34 0.31 0.28 0.28 0.24 0.2 0.2 0.13 -9999 -9999 -9999 -9999 -9999 -9999 -9999 -9999 -9999 -9999 -9999 -9999 -9999 -9999 -9999 -9999 -9999 -9999 -9999 -9999 -9999 -9999 -9999 -9999 -9999 -9999
0.93 0.93 0.75 0.66 0.49 0.35 0.35 0.56 0.47 -9999 -9999 0.5 0.54 0.61 0.69 0.35 -9999 0.57 0.61 0.51 0.61 0.55 0.35 0.47 0.47 -9999 0.78 0.61 0.44 0.54 0.46 0.45 0.53 0.5 0.35 0.61 0.64 0.4 0.27 0.29 0.37 -9999 0.44 0.41 0.44 0.41 0.42 0.36 0.32 0.3 0.26 0.19 0.16 0.16 0.17 -9999 -9999 -9999 -9999 -9999 -9999 -9999 -9999 -9999 -9999 -9999 -9999 -9999 -9999 -9999 -9999 -9999 -9999 -9999 -9999 -9999 -9999 -9999 -9999 -9999 -9999
1.12 1.14 -9999 0.83 0.73 0.65 0.9 0.83 0.59 0.61 0.65 0.51 0.64 0.74 0.91 0.84 -9999 0.45 0.54 0.43 0.55 0.4 0.41 -9999 0.5 0.74 0.78 0.58 0.55 0.46 0.42 0.45 0.46 0.38 -9999 0.42 0.59 0.34 0.28 0.3 0.35 0.31 0.32 0.37 0.34 0.36 0.36 0.33 0.3 0.26 0.22 0.21 0.16 0.17 0.23 -9999 -9999 -9999 -9999 -9999 -9999 -9999 -9999 -9999 -9999 -9999 -9999 -9999 -9999 -9999 -9999 -9999 -9999 -9999 -9999 -9999 -9999 -9999 -9999 -9999 -9999
1.84 1.93 1.62 0.96 1.06 0.88 1 1.06 1.26 1.18 0.79 0.7 0.79 1.02 0.97 0.81 0.8 0.65 0.52 0.44 0.42 0.38 0.33 0.4 0.44 0.47 0.41 0.56 0.68 0.69 0.63 0.62 0.47 0.37 0.46 0.43 0.36 0.38 0.27 0.32 0.34 0.31 0.31 0.38 0.35 0.29 0.33 0.44 0.38 0.33 0.27 0.27 0.19 0.19 0.18 -9999 -9999 -9999 -9999 -9999 -9999 -9999 -9999 -9999 -9999 -9999 -9999 -9999 -9999 -9999 -9999 -9999 -9999 -9999 -9999 -9999 -9999 -9999 -9999 -9999 -9999
-9999 -9999 -9999 -9999 0.73 0.86 1.21 1.38 1.32 1.38 1.28 1.2 -9999 1.14 1.13 1.02 0.85 0.55 0.31 0.27 0.25 0.3 0.28 0.41 0.32 0.49 0.53 0.56 0.54 0.46 0.46 0.49 0.51 0.62 0.5 0.33 0.44 0.36 0.46 0.43 0.39 0.4 0.38 0.32 0.39 0.45 0.65 0.7 0.56 0.41 0.28 0.24 0.17 0.17 0.14 -9999 -9999 -9999 -9999 -9999 -9999 -9999 -9999 -9999 -9999 -9999 -9999 -9999 -9999 -9999 -9999 -9999 -9999 -9999 -9999 -9999 -9999 -9999 -9999 -9999 -9999
0.41 0.55 0.52 0.46 0.55 0.63 0.65 0.63 0.51 0.57 0.53 0.61 0.74 0.65 0.58 0.59 0.51 0.37 0.39 -9999 0.42 0.36 0.55 0.63 0.54 0.44 0.32 0.37 0.56 0.69 0.55 0.59 0.67 0.59 -9999 0.4 -9999 0.61 0.57 0.67 0.54 0.45 -9999 0.31 -9999 0.6 0.53 0.61 0.49 0.32 0.24 0.23 0.18 0.15 0.18 -9999 -9999 -9999 -9999 -9999 -9999 -9999 -9999 -9999 -9999 -9999 -9999 -9999 -9999 -9999 -9999 -9999 -9999 -9999 -9999 -9999 -9999 -9999 -9999 -9999 -9999
