resultados/variables_proyeccion_tiempo/variables_paleo_130k/bio16.asc
ncols 330
nrows 228
xllcorner -12.000000
yllcorner 34.000000
cellsize 0.166667
NODATA_value -9999
[rows 82 to 122 of 228, columns 92 to 183 of 330]
-9999 -9999 -9999 -9999 -9999 -9999 -9999 -9999 -9999 -9999 -9999 -9999 -9999 -9999 -9999 -9999 -9999 557 584 588 582 575 558 535 512 489 477 460 449 437 411 386 -9999 -9999 -9999 -9999 -9999 -9999 -9999 -9999 -9999 -9999 -9999 -9999 -9999 -9999 -9999 246 247 251 252 256 259 256 256 254 250 243 234 225 222 220 218 211 209 205 201 200 201 199 196 193 191 189 187 187 185 184 182 180 176 174 171 -9999 -9999 -9999 -9999 -9999 -9999 -9999 -9999 -9999
-9999 -9999 -9999 -9999 -9999 -9999 -9999 -9999 -9999 -9999 -9999 -9999 -9999 -9999 -9999 -9999 -9999 -9999 -9999 552 556 545 526 514 497 475 464 448 435 429 -9999 -9999 -9999 -9999 -9999 -9999 -9999 -9999 -9999 -9999 -9999 -9999 -9999 -9999 -9999 -9999 -9999 -9999 244 245 249 257 262 264 268 267 262 257 249 241 233 228 223 218 214 203 200 205 203 200 196 193 192 189 185 186 185 181 178 176 174 171 -9999 -9999 -9999 -9999 -9999 -9999 -9999 -9999 -9999 -9999
-9999 -9999 -9999 -9999 -9999 -9999 -9999 -9999 -9999 -9999 -9999 -9999 -9999 -9999 -9999 -9999 -9999 -9999 -9999 -9999 -9999 -9999 511 -9999 481 466 -9999 -9999 -9999 -9999 -9999 -9999 -9999 -9999 -9999 -9999 -9999 -9999 -9999 -9999 -9999 -9999 -9999 -9999 -9999 -9999 -9999 -9999 -9999 241 247 256 265 274 276 279 280 275 267 256 245 237 229 221 209 202 207 207 203 202 199 194 192 189 185 183 182 179 174 173 171 -9999 -9999 -9999 -9999 -9999 -9999 -9999 -9999 -9999 -9999 185
-9999 -9999 -9999 -9999 -9999 -9999 -9999 -9999 -9999 -9999 -9999 -9999 -9999 -9999 -9999 -9999 -9999 -9999 -9999 -9999 -9999 -9999 -9999 -9999 -9999 -9999 -9999 -9999 -9999 -9999 -9999 -9999 -9999 -9999 -9999 -9999 -9999 -9999 -9999 -9999 -9999 -9999 228 227 -9999 -9999 -9999 -9999 -9999 230 244 254 268 281 289 290 291 287 279 267 255 248 237 224 213 207 209 209 205 202 200 197 193 190 185 184 180 178 173 171 168 -9999 -9999 -9999 -9999 -9999 -9999 -9999 -9999 -9999 183 185
-9999 -9999 -9999 -9999 -9999 -9999 -9999 -9999 -9999 -9999 -9999 -9999 -9999 -9999 -9999 -9999 -9999 -9999 -9999 -9999 -9999 -9999 -9999 -9999 -9999 -9999 -9999 -9999 -9999 -9999 -9999 -9999 -9999 -9999 -9999 -9999 -9999 -9999 -9999 237 232 227 225 226 -9999 -9999 -9999 -9999 -9999 -9999 241 254 265 283 287 289 289 287 281 269 259 249 238 230 219 212 213 212 206 199 196 195 191 189 185 182 180 176 172 168 166 -9999 -9999 -9999 -9999 -9999 -9999 -9999 178 180 184 187
-9999 -9999 -9999 -9999 -9999 -9999 -9999 -9999 -9999 -9999 -9999 -9999 -9999 -9999 -9999 -9999 -9999 -9999 -9999 -9999 -9999 -9999 -9999 -9999 -9999 -9999 -9999 -9999 -9999 -9999 -9999 -9999 -9999 -9999 -9999 -9999 -9999 -9999 239 233 229 226 222 218 -9999 -9999 -9999 -9999 -9999 -9999 -9999 249 258 272 282 284 290 292 285 276 267 253 243 233 222 215 213 209 205 201 197 193 189 185 182 180 178 173 169 166 165 -9999 160 -9999 -9999 -9999 -9999 -9999 177 180 185 189
-9999 -9999 -9999 -9999 -9999 -9999 -9999 -9999 -9999 -9999 -9999 -9999 -9999 -9999 -9999 -9999 -9999 -9999 -9999 -9999 -9999 -9999 -9999 -9999 -9999 -9999 -9999 -9999 -9999 -9999 -9999 -9999 -9999 -9999 -9999 -9999 249 242 234 226 222 220 215 213 -9999 210 211 212 -9999 -9999 -9999 -9999 254 262 273 281 289 290 286 279 269 255 244 232 223 217 212 208 205 202 200 196 191 186 182 178 175 170 166 165 -9999 162 161 -9999 -9999 -9999 -9999 175 179 181 185 189
-9999 -9999 -9999 -9999 -9999 -9999 -9999 -9999 -9999 -9999 -9999 -9999 -9999 -9999 -9999 -9999 -9999 -9999 -9999 -9999 -9999 -9999 -9999 -9999 -9999 -9999 -9999 -9999 -9999 -9999 310 305 293 281 270 258 249 238 229 221 217 213 211 -9999 -9999 -9999 -9999 -9999 -9999 -9999 -9999 -9999 -9999 256 263 274 282 289 289 282 272 260 245 235 224 218 213 208 203 199 196 196 192 186 182 176 171 167 163 162 164 162 162 -9999 -9999 -9999 -9999 -9999 179 183 185 -9999
-9999 -9999 -9999 -9999 -9999 -9999 -9999 -9999 -9999 -9999 -9999 -9999 -9999 -9999 -9999 -9999 -9999 -9999 -9999 -9999 -9999 -9999 -9999 -9999 -9999 -9999 -9999 -9999 -9999 310 306 297 286 273 263 254 246 237 231 223 215 210 208 -9999 -9999 -9999 -9999 -9999 -9999 -9999 -9999 -9999 -9999 -9999 255 262 273 285 289 286 273 258 246 235 225 218 212 205 202 199 197 194 191 186 181 175 170 165 161 163 164 164 -9999 -9999 -9999 -9999 -9999 -9999 182 184 186 -9999
-9999 -9999 -9999 -9999 -9999 -9999 -9999 -9999 -9999 -9999 -9999 -9999 -9999 -9999 -9999 -9999 -9999 -9999 -9999 -9999 -9999 -9999 -9999 -9999 -9999 -9999 -9999 -9999 -9999 307 300 288 279 268 257 249 241 235 230 223 214 206 202 -9999 -9999 -9999 -9999 -9999 -9999 207 -9999 -9999 -9999 -9999 -9999 257 262 271 286 285 271 256 242 231 221 214 209 203 200 195 192 189 187 184 178 173 167 162 160 164 164 165 -9999 -9999 -9999 -9999 -9999 -9999 -9999 -9999 -9999 -9999
-9999 -9999 -9999 -9999 -9999 -9999 -9999 -9999 -9999 -9999 -9999 -9999 -9999 -9999 -9999 -9999 -9999 -9999 -9999 -9999 -9999 -9999 -9999 -9999 -9999 -9999 -9999 -9999 311 306 298 285 274 264 254 247 241 233 225 218 211 203 199 195 193 191 -9999 -9999 -9999 -9999 -9999 -9999 -9999 -9999 -9999 -9999 254 257 263 267 260 250 238 226 217 210 205 200 195 192 190 187 184 181 177 173 168 164 166 166 166 -9999 -9999 -9999 -9999 -9999 -9999 -9999 -9999 -9999 -9999 -9999
-9999 -9999 -9999 -9999 -9999 -9999 -9999 -9999 -9999 -9999 -9999 -9999 -9999 -9999 -9999 -9999 -9999 -9999 -9999 -9999 -9999 -9999 -9999 -9999 -9999 -9999 -9999 -9999 309 303 296 286 276 265 257 251 241 232 224 215 207 200 195 193 190 189 -9999 -9999 -9999 -9999 -9999 -9999 -9999 -9999 -9999 232 240 248 250 250 246 237 229 218 210 205 200 196 192 188 186 185 182 181 178 173 170 167 170 169 -9999 -9999 -9999 -9999 -9999 -9999 -9999 -9999 -9999 -9999 -9999 -9999
-9999 -9999 -9999 -9999 -9999 -9999 -9999 -9999 -9999 -9999 -9999 -9999 -9999 -9999 -9999 -9999 -9999 -9999 -9999 -9999 -9999 -9999 -9999 -9999 -9999 -9999 -9999 -9999 304 300 295 289 280 269 263 257 248 234 224 216 207 200 193 190 187 187 -9999 -9999 -9999 -9999 192 -9999 -9999 -9999 217 216 221 229 236 238 235 228 217 208 198 195 192 187 184 181 179 179 178 178 177 175 172 -9999 174 172 -9999 -9999 -9999 -9999 -9999 -9999 -9999 -9999 -9999 -9999 -9999 -9999
-9999 -9999 -9999 -9999 -9999 -9999 -9999 -9999 -9999 -9999 -9999 -9999 -9999 -9999 -9999 -9999 -9999 -9999 -9999 -9999 -9999 -9999 -9999 -9999 -9999 -9999 -9999 -9999 301 297 294 288 282 275 269 264 254 241 226 215 206 198 190 189 185 -9999 -9999 -9999 -9999 -9999 -9999 191 193 197 201 208 213 217 223 223 223 220 211 201 189 183 181 181 178 176 176 176 176 177 177 177 -9999 -9999 -9999 -9999 -9999 -9999 -9999 -9999 -9999 -9999 -9999 -9999 -9999 -9999 -9999 -9999
-9999 -9999 -9999 -9999 -9999 -9999 -9999 -9999 -9999 -9999 -9999 -9999 -9999 -9999 -9999 -9999 -9999 -9999 -9999 -9999 -9999 -9999 -9999 -9999 -9999 -9999 -9999 -9999 300 296 293 289 284 279 273 267 258 244 227 216 205 196 188 183 182 -9999 180 181 184 184 185 187 188 191 195 197 205 207 211 215 213 211 208 200 186 178 178 -9999 177 -9999 -9999 -9999 -9999 -9999 -9999 -9999 -9999 -9999 -9999 -9999 -9999 -9999 -9999 -9999 -9999 -9999 -9999 -9999 -9999 -9999 -9999 -9999
-9999 -9999 -9999 -9999 -9999 -9999 -9999 -9999 -9999 -9999 -9999 -9999 -9999 -9999 -9999 -9999 -9999 -9999 -9999 -9999 -9999 -9999 -9999 -9999 -9999 -9999 -9999 -9999 300 298 296 293 288 284 278 270 258 244 229 216 206 192 -9999 182 -9999 181 181 180 181 181 182 183 182 184 187 189 186 198 199 204 206 206 203 199 189 180 -9999 -9999 -9999 -9999 -9999 -9999 -9999 -9999 -9999 -9999 -9999 -9999 -9999 -9999 -9999 -9999 -9999 -9999 -9999 -9999 -9999 -9999 -9999 -9999 -9999 -9999
-9999 -9999 -9999 -9999 -9999 -9999 -9999 -9999 -9999 -9999 -9999 -9999 -9999 -9999 -9999 -9999 -9999 -9999 -9999 -9999 -9999 -9999 -9999 -9999 -9999 -9999 -9999 -9999 299 297 295 294 290 289 283 270 256 241 227 215 204 196 189 182 181 181 181 181 182 182 182 182 180 179 181 182 183 183 190 198 203 199 193 189 186 180 175 -9999 -9999 -9999 -9999 -9999 -9999 -9999 -9999 -9999 -9999 -9999 -9999 -9999 -9999 -9999 -9999 -9999 -9999 -9999 -9999 -9999 -9999 -9999 -9999 -9999
-9999 -9999 -9999 -9999 -9999 -9999 -9999 -9999 -9999 -9999 -9999 -9999 -9999 -9999 -9999 -9999 -9999 -9999 -9999 -9999 -9999 -9999 -9999 -9999 -9999 -9999 -9999 -9999 -9999 293 290 290 288 287 283 270 255 239 222 214 208 198 190 185 182 -9999 179 181 183 180 179 177 176 174 172 -9999 170 176 183 190 194 192 188 183 179 177 -9999 -9999 -9999 -9999 -9999 -9999 -9999 -9999 -9999 -9999 -9999 -9999 -9999 -9999 -9999 -9999 -9999 -9999 -9999 -9999 -9999 -9999 -9999 -9999 -9999 -9999
-9999 -9999 -9999 -9999 -9999 -9999 -9999 -9999 -9999 -9999 -9999 -9999 -9999 -9999 -9999 -9999 -9999 -9999 -9999 -9999 -9999 -9999 -9999 -9999 -9999 -9999 -9999 -9999 -9999 -9999 288 287 286 287 285 272 257 239 225 213 209 200 194 190 184 180 179 179 179 176 174 175 173 171 171 -9999 -9999 -9999 -9999 -9999 -9999 -9999 -9999 -9999 -9999 -9999 -9999 -9999 176 179 179 -9999 -9999 -9999 -9999 -9999 -9999 -9999 -9999 -9999 -9999 -9999 -9999 -9999 -9999 -9999 -9999 -9999 -9999 -9999 -9999 -9999
-9999 -9999 -9999 -9999 -9999 -9999 -9999 -9999 -9999 -9999 -9999 -9999 -9999 -9999 -9999 -9999 -9999 -9999 -9999 -9999 -9999 -9999 -9999 -9999 -9999 -9999 -9999 -9999 -9999 -9999 288 288 287 288 285 275 261 246 228 221 208 202 195 189 184 179 176 176 174 171 169 169 168 165 165 168 -9999 -9999 -9999 -9999 -9999 -9999 -9999 -9999 -9999 -9999 -9999 -9999 173 179 183 -9999 -9999 -9999 -9999 -9999 -9999 -9999 -9999 -9999 -9999 -9999 -9999 -9999 -9999 -9999 -9999 -9999 -9999 -9999 -9999 -9999
-9999 -9999 -9999 -9999 -9999 -9999 -9999 -9999 -9999 -9999 -9999 -9999 -9999 -9999 -9999 -9999 -9999 -9999 -9999 -9999 -9999 -9999 -9999 -9999 -9999 -9999 -9999 -9999 -9999 288 288 288 288 287 285 277 265 249 234 222 217 204 198 187 182 180 176 175 173 170 167 166 166 164 165 169 -9999 -9999 -9999 -9999 -9999 -9999 -9999 -9999 -9999 -9999 -9999 -9999 -9999 -9999 -9999 -9999 -9999 -9999 -9999 -9999 -9999 -9999 -9999 -9999 -9999 -9999 -9999 -9999 -9999 -9999 -9999 -9999 -9999 219 -9999 -9999
-9999 -9999 -9999 -9999 -9999 -9999 -9999 -9999 -9999 -9999 -9999 -9999 -9999 -9999 -9999 -9999 -9999 -9999 -9999 -9999 -9999 -9999 -9999 -9999 -9999 -9999 -9999 -9999 -9999 284 285 285 287 287 285 280 271 257 245 231 224 -9999 199 187 186 179 176 174 172 170 168 166 165 -9999 -9999 -9999 -9999 -9999 -9999 166 167 -9999 -9999 -9999 -9999 -9999 -9999 -9999 -9999 -9999 -9999 -9999 -9999 -9999 -9999 -9999 -9999 -9999 -9999 -9999 -9999 -9999 233 235 238 239 237 231 225 221 216 214
-9999 -9999 -9999 -9999 -9999 -9999 -9999 -9999 -9999 -9999 -9999 -9999 -9999 -9999 -9999 -9999 -9999 -9999 -9999 -9999 -9999 -9999 -9999 -9999 -9999 -9999 -9999 -9999 -9999 283 282 282 283 286 286 281 274 264 249 236 228 -9999 -9999 -9999 -9999 -9999 179 178 171 170 167 165 -9999 -9999 -9999 -9999 -9999 -9999 163 164 165 169 170 -9999 -9999 -9999 -9999 -9999 -9999 -9999 -9999 -9999 -9999 -9999 -9999 -9999 -9999 -9999 224 225 227 229 232 236 239 238 236 232 225 221 214 210
-9999 -9999 -9999 -9999 -9999 -9999 -9999 -9999 -9999 -9999 -9999 -9999 -9999 -9999 -9999 -9999 -9999 -9999 -9999 -9999 -9999 -9999 -9999 -9999 -9999 -9999 -9999 -9999 -9999 -9999 277 276 278 280 281 278 271 263 251 240 229 218 211 205 -9999 190 182 179 -9999 -9999 -9999 -9999 -9999 -9999 166 164 162 161 161 162 164 163 162 -9999 -9999 -9999 -9999 -9999 -9999 -9999 -9999 -9999 -9999 -9999 -9999 -9999 -9999 225 225 226 227 229 231 234 237 238 236 233 226 221 213 207
-9999 -9999 -9999 -9999 -9999 -9999 -9999 -9999 -9999 -9999 -9999 -9999 -9999 -9999 -9999 -9999 -9999 -9999 -9999 -9999 -9999 -9999 -9999 -9999 -9999 -9999 -9999 -9999 -9999 -9999 -9999 274 274 272 272 270 264 257 248 240 232 224 217 209 205 193 188 -9999 -9999 -9999 -9999 178 177 175 171 168 167 165 164 162 161 162 161 -9999 -9999 -9999 -9999 -9999 -9999 -9999 -9999 -9999 -9999 198 205 214 224 228 227 227 225 226 229 231 233 235 234 230 225 220 215 206
-9999 -9999 -9999 -9999 -9999 -9999 -9999 -9999 -9999 -9999 -9999 -9999 -9999 -9999 -9999 -9999 -9999 -9999 -9999 -9999 -9999 -9999 -9999 -9999 -9999 -9999 -9999 -9999 -9999 -9999 -9999 -9999 262 263 262 261 257 251 246 239 234 228 220 214 205 197 192 189 183 182 184 182 180 179 178 174 170 168 167 166 165 165 162 160 161 -9999 -9999 163 167 171 177 182 189 197 204 212 222 227 227 227 227 227 229 232 232 232 230 224 222 218 215 210
-9999 -9999 -9999 -9999 -9999 -9999 -9999 -9999 -9999 -9999 -9999 -9999 -9999 -9999 -9999 -9999 -9999 -9999 -9999 -9999 -9999 -9999 -9999 -9999 -9999 -9999 -9999 -9999 -9999 -9999 255 250 248 255 253 250 247 245 242 239 235 228 221 212 203 198 194 191 187 186 187 183 180 181 181 178 175 172 170 168 167 167 165 162 162 162 164 164 166 170 176 181 188 196 204 212 218 221 226 226 226 227 226 226 226 226 225 223 221 218 215 213
-9999 -9999 -9999 -9999 -9999 -9999 -9999 -9999 -9999 -9999 -9999 -9999 -9999 -9999 -9999 -9999 -9999 -9999 -9999 -9999 -9999 258 257 252 251 251 249 247 246 247 243 245 245 245 245 244 243 241 240 238 234 227 220 211 205 200 196 194 190 187 185 183 182 182 183 181 178 177 176 173 170 168 167 165 165 165 166 166 170 174 179 184 191 199 206 215 220 222 222 222 222 223 224 224 225 224 223 221 220 219 217 216
-9999 -9999 -9999 -9999 -9999 -9999 -9999 -9999 -9999 -9999 -9999 -9999 -9999 -9999 -9999 -9999 -9999 266 263 259 259 257 248 248 247 246 244 243 243 243 243 242 243 243 244 243 242 240 238 236 230 226 219 212 205 200 196 194 190 188 187 186 184 185 185 183 181 179 177 175 175 174 172 169 167 167 168 168 171 176 182 188 194 199 206 213 217 220 221 220 221 220 222 223 224 223 222 221 221 219 219 218
-9999 -9999 -9999 -9999 -9999 -9999 -9999 -9999 -9999 -9999 278 277 276 273 270 266 263 261 257 255 251 247 243 241 241 242 243 243 243 242 242 241 242 242 241 241 240 239 237 236 225 219 215 208 202 198 195 190 188 186 186 185 184 185 185 183 182 181 179 179 181 179 175 172 172 170 172 171 174 177 183 188 196 202 205 210 215 218 217 217 217 218 219 220 220 221 221 219 220 219 216 217
-9999 -9999 -9999 -9999 -9999 -9999 -9999 -9999 -9999 278 278 -9999 269 267 265 262 259 255 252 249 245 241 237 237 239 241 243 244 244 243 241 241 242 239 239 239 237 235 235 233 228 219 212 208 203 197 192 190 185 185 183 184 182 185 184 183 183 181 180 180 181 180 176 175 173 174 172 176 178 179 183 188 193 199 203 207 209 213 214 215 212 214 215 216 217 218 219 218 219 217 219 221
-9999 -9999 -9999 -9999 -9999 -9999 -9999 -9999 279 278 -9999 -9999 266 263 260 256 253 249 246 242 239 235 234 236 239 242 243 244 245 243 243 241 238 236 236 235 234 231 233 232 227 222 214 208 205 202 191 186 183 182 180 180 181 182 181 181 183 182 181 180 179 179 178 177 175 174 176 181 184 185 188 190 194 198 201 203 206 209 210 208 209 210 211 212 213 214 215 215 216 217 218 221
-9999 -9999 -9999 -9999 -9999 -9999 -9999 -9999 278 275 272 -9999 263 259 255 251 247 244 239 236 234 232 233 235 240 244 247 247 247 247 245 243 240 237 233 232 231 230 228 226 222 220 215 208 203 197 188 184 181 179 177 175 176 177 176 177 178 179 181 180 179 180 179 177 176 179 180 183 185 186 189 192 195 197 199 200 201 204 205 207 209 209 211 212 214 215 215 217 217 218 220 221
-9999 -9999 -9999 -9999 -9999 -9999 -9999 276 275 273 269 265 -9999 253 250 245 241 237 233 230 229 229 231 234 238 243 247 247 247 246 245 244 242 239 234 229 225 222 221 220 219 218 216 210 202 195 188 183 180 177 174 173 173 173 174 175 176 177 180 181 183 181 180 181 177 176 180 182 184 187 189 190 192 194 197 200 202 203 204 205 205 206 209 211 213 215 216 217 218 218 219 221
-9999 -9999 -9999 -9999 -9999 -9999 -9999 276 274 271 268 265 253 249 245 240 236 231 227 225 225 226 228 231 235 239 246 245 245 246 244 242 240 237 233 229 225 218 216 215 214 212 209 204 201 194 188 185 178 176 172 171 171 172 173 174 176 177 179 181 182 180 179 181 180 178 179 180 183 185 188 191 193 195 198 200 203 205 206 205 204 206 209 212 213 215 217 217 218 219 220 222
-9999 -9999 -9999 -9999 -9999 -9999 -9999 274 273 269 264 257 252 246 241 237 232 227 225 222 222 224 225 229 231 234 238 242 245 245 245 243 241 236 233 229 224 219 216 217 216 213 209 205 200 194 188 183 178 177 172 170 171 172 173 174 176 177 179 180 177 175 177 178 180 182 184 183 189 191 195 200 198 197 199 202 205 207 206 206 205 205 208 211 214 215 215 217 217 218 219 221
-9999 -9999 -9999 -9999 -9999 -9999 268 269 270 265 260 254 247 243 240 235 226 223 222 220 220 222 225 227 228 229 236 241 248 251 252 249 244 238 237 244 241 231 221 221 220 218 213 208 211 200 195 188 179 172 170 171 173 174 176 177 178 180 179 179 178 178 178 180 183 183 185 186 188 192 195 198 198 201 201 202 205 207 207 207 207 207 210 212 213 214 214 215 216 218 219 222
-9999 -9999 -9999 -9999 260 262 263 264 263 260 255 250 244 239 236 234 225 221 219 219 221 225 228 232 231 228 230 237 244 252 255 250 248 252 253 243 235 243 233 240 233 231 222 211 205 198 191 188 181 173 170 173 175 178 184 183 183 183 183 183 184 183 183 183 184 185 190 192 188 191 193 196 197 200 202 204 206 209 210 210 211 212 212 213 214 214 214 216 216 219 222 223
-9999 -9999 -9999 255 257 258 258 258 256 253 249 244 239 234 229 223 221 220 218 221 226 230 232 237 235 233 234 238 243 247 250 253 255 257 250 253 246 249 252 247 245 268 264 240 213 204 193 188 183 177 174 173 174 176 179 183 185 187 188 191 192 190 188 187 189 190 192 192 192 194 197 200 202 204 204 208 210 213 216 217 216 218 219 220 221 221 219 217 218 220 224 225
-9999 -9999 252 253 254 254 254 253 252 249 244 239 234 230 226 222 221 220 219 224 230 234 236 236 235 236 238 241 247 247 246 246 249 267 254 251 249 271 255 238 245 269 311 317 268 237 213 199 191 185 178 177 175 176 178 184 185 188 192 193 197 198 196 196 194 194 195 195 196 199 202 204 207 208 211 212 215 217 219 221 222 223 224 223 225 226 224 221 220 222 226 228
248 248 248 249 249 249 249 248 246 244 241 236 231 227 224 220 217 219 224 228 233 237 238 240 239 239 241 243 246 252 258 261 266 269 254 249 244 249 253 241 248 236 250 247 240 240 233 219 207 195 188 183 178 176 178 184 190 193 196 198 201 203 204 204 202 202 201 202 203 206 209 209 212 216 220 223 225 223 225 227 227 227 228 228 228 227 226 226 223 225 232 233
