resultados/variables_proyeccion_tiempo/variables_paleo_130k/bio18.asc
ncols 330
nrows 228
xllcorner -12.000000
yllcorner 34.000000
cellsize 0.166667
NODATA_value -9999
[rows 164 to 204 of 228, columns 0 to 91 of 330]
-9999 -9999 -9999 -9999 -9999 -9999 -9999 -9999 -9999 -9999 -9999 -9999 -9999 -9999 -9999 -9999 -9999 -9999 -9999 -9999 -9999 -9999 -9999 -9999 -9999 -9999 -9999 -9999 -9999 -9999 -9999 -9999 -9999 -9999 -9999 -9999 -9999 -9999 -9999 -9999 -9999 -9999 -9999 -9999 -9999 -9999 -9999 -9999 -9999 -9999 -9999 -9999 -9999 -9999 -9999 -9999 -9999 -9999 -9999 -9999 -9999 -9999 -9999 -9999 192 186 180 176 171 166 164 162 160 159 158 159 159 164 166 166 168 169 162 157 153 152 154 156 162 184 204 182
-9999 -9999 -9999 -9999 -9999 -9999 -9999 -9999 -9999 -9999 -9999 -9999 -9999 -9999 -9999 -9999 -9999 -9999 -9999 -9999 -9999 -9999 -9999 -9999 -9999 -9999 -9999 -9999 -9999 -9999 -9999 -9999 -9999 -9999 -9999 -9999 -9999 -9999 -9999 -9999 -9999 -9999 -9999 -9999 -9999 -9999 -9999 -9999 -9999 -9999 -9999 -9999 -9999 -9999 -9999 -9999 -9999 -9999 -9999 -9999 -9999 -9999 -9999 -9999 198 193 186 180 176 170 169 166 160 155 155 155 154 155 161 161 159 157 156 155 156 159 155 153 156 152 158 161
-9999 -9999 -9999 -9999 -9999 -9999 -9999 -9999 -9999 -9999 -9999 -9999 -9999 -9999 -9999 -9999 -9999 -9999 -9999 -9999 -9999 -9999 -9999 -9999 -9999 -9999 -9999 -9999 -9999 -9999 -9999 -9999 -9999 -9999 -9999 -9999 -9999 -9999 -9999 -9999 -9999 -9999 -9999 -9999 -9999 -9999 -9999 -9999 -9999 -9999 -9999 -9999 -9999 -9999 -9999 -9999 -9999 -9999 -9999 -9999 -9999 -9999 -9999 -9999 205 199 192 185 179 175 171 167 162 157 153 152 153 153 153 150 150 148 152 150 152 157 157 156 164 166 151 155
-9999 -9999 -9999 -9999 -9999 -9999 -9999 -9999 -9999 -9999 -9999 -9999 -9999 -9999 -9999 -9999 -9999 -9999 -9999 -9999 -9999 -9999 -9999 -9999 -9999 -9999 -9999 -9999 -9999 -9999 -9999 -9999 -9999 -9999 -9999 -9999 -9999 -9999 -9999 -9999 -9999 -9999 -9999 -9999 -9999 -9999 -9999 -9999 -9999 -9999 -9999 -9999 -9999 -9999 -9999 -9999 -9999 -9999 -9999 -9999 -9999 -9999 -9999 216 212 205 197 189 180 175 169 167 162 155 152 150 146 143 141 138 137 136 144 137 137 138 140 146 148 139 137 144
-9999 -9999 -9999 -9999 -9999 -9999 -9999 -9999 -9999 -9999 -9999 -9999 -9999 -9999 -9999 -9999 -9999 -9999 -9999 -9999 -9999 -9999 -9999 -9999 -9999 -9999 -9999 -9999 -9999 -9999 -9999 -9999 -9999 -9999 -9999 -9999 -9999 -9999 -9999 -9999 -9999 -9999 -9999 -9999 -9999 -9999 -9999 -9999 -9999 -9999 -9999 -9999 -9999 -9999 -9999 -9999 -9999 -9999 -9999 -9999 -9999 -9999 -9999 222 217 208 197 186 178 172 166 163 160 154 152 148 146 146 141 132 130 132 131 126 123 124 132 133 120 125 134 138
-9999 -9999 -9999 -9999 -9999 -9999 -9999 -9999 -9999 -9999 -9999 -9999 -9999 -9999 -9999 -9999 -9999 -9999 -9999 -9999 -9999 -9999 -9999 121 125 121 118 114 -9999 -9999 -9999 -9999 -9999 -9999 -9999 -9999 -9999 -9999 -9999 -9999 -9999 -9999 -9999 -9999 -9999 -9999 -9999 -9999 -9999 -9999 -9999 -9999 -9999 -9999 -9999 -9999 -9999 -9999 -9999 -9999 -9999 -9999 -9999 227 219 205 192 183 175 169 164 160 158 155 152 148 146 142 142 131 127 126 123 123 120 122 136 146 147 138 124 116
-9999 -9999 -9999 -9999 -9999 -9999 -9999 -9999 -9999 -9999 -9999 -9999 -9999 -9999 -9999 -9999 -9999 -9999 -9999 -9999 -9999 -9999 113 118 125 133 130 120 113 112 113 117 123 129 137 138 139 140 140 141 140 -9999 -9999 -9999 -9999 -9999 -9999 -9999 -9999 -9999 169 -9999 -9999 -9999 -9999 -9999 -9999 -9999 -9999 -9999 -9999 -9999 238 231 216 202 190 180 173 168 163 158 154 155 152 150 147 142 139 132 125 126 126 122 113 109 130 151 149 129 102 92
-9999 -9999 -9999 -9999 -9999 -9999 -9999 -9999 -9999 -9999 -9999 -9999 -9999 -9999 -9999 -9999 -9999 -9999 112 105 -9999 109 110 124 131 134 139 127 117 117 130 127 134 137 139 137 144 143 147 142 141 138 141 145 138 137 144 148 155 160 166 166 170 169 180 189 194 193 -9999 -9999 232 228 236 229 213 196 185 176 167 164 164 161 153 153 152 152 149 146 145 134 130 128 124 120 133 150 139 126 109 90 75 73
-9999 -9999 -9999 -9999 -9999 -9999 -9999 -9999 -9999 -9999 -9999 -9999 -9999 -9999 -9999 -9999 104 105 110 113 120 119 113 125 131 124 119 118 117 126 121 134 130 131 139 142 146 141 144 146 151 150 172 167 148 146 146 148 151 161 170 164 169 168 171 177 189 196 204 212 221 227 225 221 206 191 179 170 164 159 157 163 156 157 161 161 157 155 147 142 139 132 129 122 103 94 86 77 72 67 65 65
-9999 -9999 -9999 -9999 -9999 -9999 -9999 -9999 -9999 -9999 -9999 -9999 -9999 -9999 -9999 -9999 100 110 120 128 131 129 128 130 129 120 112 113 118 119 115 131 128 148 154 158 149 144 153 164 161 160 174 171 152 168 158 150 151 159 164 161 159 158 162 175 175 181 189 198 208 209 209 210 204 206 184 180 184 186 183 174 180 176 182 175 168 163 164 163 153 148 140 135 122 105 114 92 76 66 60 -9999
-9999 -9999 -9999 -9999 -9999 -9999 -9999 -9999 -9999 -9999 -9999 -9999 -9999 -9999 -9999 -9999 97 114 120 123 124 127 126 122 123 117 108 102 111 106 117 135 136 143 149 153 146 146 143 147 141 146 150 166 156 151 147 141 141 140 140 142 150 152 154 154 158 168 175 183 189 184 187 192 198 200 208 238 215 241 256 227 269 257 233 223 229 234 216 200 221 189 192 170 161 132 143 118 88 70 55 -9999
-9999 -9999 -9999 -9999 -9999 -9999 -9999 -9999 -9999 -9999 -9999 -9999 -9999 -9999 -9999 -9999 -9999 103 111 118 116 121 123 123 121 110 106 101 114 115 122 109 101 122 129 125 115 115 111 114 117 121 125 128 127 125 124 127 127 127 132 127 131 132 129 135 145 151 158 160 160 158 162 162 163 169 173 194 228 259 271 282 284 271 277 262 258 284 280 261 264 242 233 234 215 195 155 103 73 53 52 -9999
-9999 -9999 -9999 -9999 -9999 -9999 -9999 -9999 -9999 -9999 -9999 -9999 -9999 -9999 -9999 -9999 -9999 98 106 109 120 131 131 123 120 102 94 88 102 113 96 78 77 93 104 97 94 93 91 94 99 103 108 109 109 108 109 111 115 116 113 113 115 117 112 118 122 123 121 124 125 132 144 141 135 143 140 145 157 173 198 212 220 238 264 279 282 293 269 257 283 274 275 271 244 219 178 149 90 65 64 -9999
-9999 -9999 -9999 -9999 -9999 -9999 -9999 -9999 -9999 -9999 -9999 -9999 -9999 -9999 -9999 -9999 -9999 94 99 111 115 130 122 104 94 93 92 91 86 88 84 91 106 117 93 83 79 79 80 82 87 89 93 94 94 94 95 96 101 99 102 109 110 113 108 100 104 95 95 99 106 109 112 115 124 131 139 126 133 136 159 169 147 170 202 229 230 252 242 249 231 252 247 226 246 246 218 177 136 103 84 62
-9999 -9999 -9999 -9999 -9999 -9999 -9999 -9999 -9999 -9999 -9999 -9999 -9999 -9999 -9999 -9999 -9999 -9999 96 105 110 116 116 94 90 90 98 113 108 87 112 127 109 105 89 74 70 70 71 75 76 78 81 82 83 84 85 88 89 91 96 112 130 134 134 119 122 124 115 97 92 91 95 95 96 99 103 94 100 117 133 137 132 135 154 183 193 195 219 220 211 238 230 219 212 206 190 167 129 87 70 74
-9999 -9999 -9999 -9999 -9999 -9999 -9999 -9999 -9999 -9999 -9999 -9999 -9999 -9999 -9999 -9999 -9999 -9999 102 102 94 98 109 118 103 93 90 95 93 92 112 102 80 76 69 65 63 63 63 65 67 70 71 72 74 78 79 80 81 84 91 96 105 126 132 142 139 134 125 109 92 83 80 84 80 79 80 73 71 68 74 83 91 108 139 151 169 160 182 178 190 197 198 184 194 194 194 175 130 94 73 67
-9999 -9999 -9999 -9999 -9999 -9999 -9999 -9999 -9999 -9999 -9999 -9999 -9999 -9999 -9999 -9999 -9999 -9999 90 88 102 100 112 104 111 106 85 71 76 75 76 73 65 66 64 61 57 55 56 58 59 62 65 68 68 69 74 77 78 81 85 92 94 101 114 118 117 115 123 109 99 86 78 69 66 74 74 63 66 61 63 71 74 84 105 117 133 134 128 135 158 160 151 150 173 177 185 164 114 106 79 69
-9999 -9999 -9999 -9999 -9999 -9999 -9999 -9999 -9999 -9999 -9999 -9999 -9999 -9999 -9999 -9999 -9999 -9999 77 82 82 87 98 107 104 98 78 69 67 61 70 60 57 58 57 55 52 50 50 53 56 60 62 62 62 66 69 72 70 72 74 78 83 89 95 99 100 100 104 107 123 118 86 70 59 56 56 56 64 66 60 62 63 70 75 84 86 93 103 119 135 144 124 123 153 157 158 127 101 99 79 -9999
-9999 -9999 -9999 -9999 -9999 -9999 -9999 -9999 -9999 -9999 -9999 -9999 -9999 -9999 -9999 -9999 -9999 -9999 -9999 73 75 75 78 90 90 80 75 71 53 54 61 56 51 53 52 50 47 45 46 50 52 55 56 55 59 62 65 67 70 70 73 75 74 78 82 85 90 92 96 100 104 99 81 69 61 63 56 51 52 57 63 64 63 62 65 67 76 85 99 121 127 113 112 107 111 104 113 114 93 -9999 -9999 -9999
-9999 -9999 -9999 -9999 -9999 -9999 -9999 -9999 -9999 -9999 -9999 -9999 -9999 -9999 -9999 -9999 -9999 -9999 -9999 71 72 73 74 79 71 89 78 61 53 54 56 50 51 49 48 48 46 44 46 47 48 50 53 53 57 60 63 66 70 78 74 75 80 82 83 83 85 88 87 88 89 82 80 77 68 69 71 57 51 51 58 60 58 61 61 71 86 98 103 101 112 104 91 94 89 89 87 -9999 -9999 -9999 -9999 -9999
-9999 -9999 -9999 -9999 -9999 -9999 -9999 -9999 -9999 -9999 -9999 -9999 -9999 -9999 -9999 -9999 -9999 -9999 -9999 71 72 74 70 69 83 65 63 58 62 47 48 51 49 48 47 47 49 49 50 49 50 50 51 53 55 57 60 63 67 71 76 97 94 94 84 82 89 89 80 81 81 81 84 94 91 86 77 64 55 51 51 52 55 59 62 60 82 100 98 76 82 81 84 92 86 -9999 -9999 -9999 -9999 -9999 -9999 -9999
-9999 -9999 -9999 -9999 -9999 -9999 -9999 -9999 -9999 -9999 -9999 -9999 -9999 -9999 -9999 -9999 -9999 -9999 -9999 70 68 66 68 75 78 67 64 62 54 47 47 46 49 48 48 46 45 45 48 50 50 51 51 52 56 58 60 66 76 84 86 90 81 79 74 75 85 91 100 100 100 98 101 96 103 106 88 83 69 65 60 61 63 65 70 60 71 77 72 68 69 -9999 -9999 -9999 -9999 -9999 -9999 -9999 -9999 -9999 -9999 -9999
-9999 -9999 -9999 -9999 -9999 -9999 -9999 -9999 -9999 -9999 -9999 -9999 -9999 -9999 -9999 -9999 -9999 -9999 -9999 61 64 71 79 79 82 81 72 71 58 50 50 49 49 48 47 47 45 46 48 50 52 53 53 53 56 60 61 71 96 81 64 62 61 59 64 73 81 87 91 102 102 103 103 102 102 115 104 90 84 81 70 76 75 78 71 68 68 70 -9999 -9999 -9999 -9999 -9999 -9999 -9999 -9999 -9999 -9999 -9999 -9999 -9999 -9999
-9999 -9999 -9999 -9999 -9999 -9999 -9999 -9999 -9999 -9999 -9999 -9999 -9999 -9999 -9999 -9999 -9999 -9999 -9999 58 59 68 73 69 68 68 66 65 57 54 53 50 50 48 47 47 49 51 49 50 53 58 60 59 60 67 73 82 82 61 48 50 51 54 65 68 69 79 93 99 104 109 112 100 111 116 117 113 109 96 82 90 96 98 69 63 61 61 -9999 -9999 -9999 -9999 -9999 -9999 -9999 -9999 -9999 -9999 -9999 -9999 -9999 -9999
-9999 -9999 -9999 -9999 -9999 -9999 -9999 -9999 -9999 -9999 -9999 -9999 -9999 -9999 -9999 -9999 -9999 -9999 -9999 54 56 58 73 67 61 60 60 66 64 60 56 51 47 49 55 54 49 50 50 56 62 71 65 64 64 67 69 56 53 46 41 41 44 53 61 62 69 78 88 103 115 125 122 110 103 108 117 121 125 119 97 99 90 70 63 64 59 -9999 -9999 -9999 -9999 -9999 -9999 -9999 -9999 -9999 -9999 -9999 -9999 -9999 -9999 -9999
-9999 -9999 -9999 -9999 -9999 -9999 -9999 -9999 -9999 -9999 -9999 -9999 -9999 -9999 -9999 -9999 -9999 -9999 49 52 55 57 60 57 57 64 94 69 61 59 58 53 52 53 49 41 44 57 57 61 78 78 72 60 57 46 46 42 43 41 39 38 47 49 53 53 62 65 79 98 116 127 122 111 98 100 120 130 147 131 103 91 71 64 57 -9999 -9999 -9999 -9999 -9999 -9999 -9999 -9999 -9999 -9999 -9999 -9999 -9999 -9999 -9999 -9999 -9999
-9999 -9999 -9999 -9999 -9999 -9999 -9999 -9999 -9999 -9999 -9999 -9999 -9999 -9999 -9999 -9999 -9999 -9999 47 49 51 55 56 56 64 69 75 53 52 56 54 54 47 41 36 34 47 68 75 72 76 55 51 40 43 40 37 39 39 39 36 39 43 45 48 55 63 69 81 93 109 119 120 114 98 98 104 102 116 109 87 68 60 54 54 -9999 -9999 -9999 -9999 -9999 -9999 -9999 -9999 -9999 -9999 -9999 -9999 -9999 -9999 -9999 -9999 -9999
-9999 -9999 -9999 -9999 -9999 -9999 -9999 -9999 -9999 -9999 -9999 -9999 -9999 -9999 -9999 -9999 -9999 -9999 41 44 47 54 63 65 64 60 58 49 44 43 39 37 34 34 31 32 39 40 34 29 28 30 33 37 33 34 36 36 36 35 34 38 39 42 52 59 66 73 77 86 99 102 103 105 87 119 114 90 81 75 61 54 52 45 -9999 -9999 -9999 -9999 -9999 -9999 -9999 -9999 -9999 -9999 -9999 -9999 -9999 -9999 -9999 -9999 -9999 -9999
-9999 -9999 -9999 -9999 -9999 -9999 -9999 -9999 -9999 -9999 -9999 -9999 -9999 -9999 -9999 -9999 -9999 -9999 37 41 46 50 55 55 61 54 45 43 38 37 35 35 32 30 31 30 26 26 26 25 27 28 29 31 31 33 33 34 33 33 37 40 42 46 51 56 61 69 73 81 84 85 94 91 85 88 105 96 71 67 51 40 41 -9999 -9999 -9999 -9999 -9999 -9999 -9999 -9999 -9999 -9999 -9999 -9999 -9999 -9999 -9999 41 50 37 38
-9999 -9999 -9999 -9999 -9999 -9999 -9999 -9999 -9999 -9999 -9999 -9999 -9999 -9999 -9999 -9999 -9999 30 33 37 42 42 45 47 50 43 40 37 35 35 33 33 31 30 29 27 28 28 29 28 28 29 32 34 34 34 37 39 39 38 36 37 40 42 48 54 57 64 65 75 79 78 76 82 80 70 68 63 60 53 42 38 -9999 -9999 -9999 -9999 -9999 -9999 -9999 -9999 -9999 -9999 -9999 -9999 -9999 -9999 29 45 48 41 34 35
-9999 -9999 -9999 -9999 -9999 -9999 -9999 -9999 -9999 -9999 -9999 -9999 -9999 -9999 -9999 -9999 -9999 26 31 40 37 34 38 40 40 37 37 36 36 35 33 33 32 29 27 27 27 29 31 37 36 32 37 40 42 42 41 42 41 39 38 38 38 40 45 48 53 58 61 65 69 72 68 73 71 76 66 47 41 39 36 -9999 -9999 -9999 -9999 -9999 -9999 -9999 -9999 -9999 -9999 -9999 -9999 -9999 -9999 28 34 33 28 33 32 32
-9999 -9999 -9999 -9999 -9999 -9999 -9999 -9999 -9999 -9999 -9999 -9999 -9999 -9999 -9999 16 19 22 28 28 27 29 31 32 35 36 37 41 40 38 34 32 30 29 28 27 27 31 32 35 29 28 27 30 34 38 36 42 42 39 39 37 37 39 41 44 47 51 56 58 61 62 60 57 57 62 64 49 40 36 35 -9999 -9999 -9999 -9999 -9999 -9999 -9999 -9999 -9999 -9999 -9999 -9999 -9999 -9999 -9999 24 24 26 27 28 29
-9999 -9999 -9999 -9999 -9999 -9999 -9999 -9999 -9999 -9999 -9999 -9999 -9999 -9999 -9999 18 19 21 21 22 23 27 29 30 32 32 35 39 39 34 32 30 29 28 28 28 25 24 24 24 25 24 28 28 29 31 30 36 34 37 36 34 34 37 39 43 46 49 51 53 55 56 57 57 57 54 59 51 39 34 34 -9999 -9999 -9999 -9999 -9999 -9999 -9999 -9999 -9999 -9999 -9999 -9999 -9999 -9999 -9999 -9999 -9999 -9999 24 24 25
-9999 -9999 -9999 -9999 -9999 -9999 -9999 -9999 -9999 -9999 -9999 -9999 -9999 -9999 -9999 19 19 21 19 19 21 24 25 27 29 30 32 33 32 31 28 27 27 25 25 23 21 21 22 22 24 25 27 29 29 31 29 30 29 29 30 32 33 37 41 46 50 53 51 50 52 53 58 65 70 58 64 45 35 36 38 32 -9999 -9999 -9999 -9999 -9999 -9999 -9999 29 29 27 -9999 -9999 -9999 -9999 -9999 -9999 -9999 23 -9999 -9999
-9999 -9999 -9999 -9999 -9999 -9999 -9999 -9999 -9999 -9999 -9999 -9999 -9999 -9999 -9999 23 23 21 17 18 20 21 22 25 28 31 32 32 32 28 27 24 24 23 22 21 22 22 22 23 24 25 26 27 29 28 29 29 29 30 32 32 36 40 45 48 54 58 52 49 50 56 63 66 62 59 63 49 41 41 43 34 34 -9999 -9999 -9999 -9999 -9999 -9999 27 26 24 -9999 -9999 -9999 -9999 -9999 -9999 -9999 -9999 -9999 -9999
-9999 -9999 -9999 -9999 -9999 -9999 -9999 -9999 -9999 -9999 -9999 -9999 -9999 -9999 -9999 30 25 19 17 18 19 20 23 27 29 30 31 30 27 26 26 25 24 25 23 25 25 25 24 25 25 23 23 24 26 29 29 29 32 29 30 32 36 39 44 49 52 57 61 60 55 56 57 58 56 57 50 55 59 53 60 48 37 35 -9999 -9999 -9999 -9999 -9999 -9999 21 22 -9999 -9999 -9999 -9999 -9999 -9999 -9999 -9999 -9999 -9999
-9999 -9999 -9999 -9999 -9999 -9999 -9999 -9999 -9999 -9999 -9999 -9999 -9999 -9999 -9999 -9999 25 19 17 17 18 21 24 27 28 27 27 26 25 27 28 27 25 26 26 25 26 26 27 25 24 23 24 24 27 30 30 29 28 29 31 33 36 38 42 42 51 68 62 56 48 46 44 48 51 47 45 55 58 57 48 35 33 -9999 -9999 -9999 -9999 -9999 -9999 -9999 22 22 -9999 -9999 -9999 -9999 -9999 -9999 -9999 -9999 -9999 -9999
-9999 -9999 -9999 -9999 -9999 -9999 -9999 -9999 -9999 -9999 -9999 -9999 -9999 -9999 -9999 -9999 29 21 18 17 18 19 20 21 23 23 24 23 22 24 26 28 27 27 27 26 27 26 26 26 26 25 25 25 26 28 29 28 26 32 34 32 31 34 34 38 49 60 45 42 38 34 34 38 40 46 42 35 31 27 27 -9999 -9999 -9999 -9999 -9999 -9999 -9999 -9999 -9999 -9999 -9999 -9999 -9999 -9999 -9999 -9999 -9999 -9999 -9999 -9999 -9999
-9999 -9999 -9999 -9999 -9999 -9999 -9999 -9999 -9999 -9999 -9999 -9999 -9999 -9999 -9999 -9999 -9999 -9999 -9999 18 18 18 18 19 21 23 22 20 20 21 23 25 26 26 27 27 27 26 25 26 25 26 26 25 26 26 25 25 24 23 24 24 28 30 34 43 62 59 54 60 45 30 28 27 33 32 30 23 22 -9999 -9999 -9999 -9999 -9999 -9999 -9999 -9999 -9999 -9999 -9999 -9999 -9999 -9999 -9999 -9999 -9999 -9999 -9999 -9999 -9999 -9999 -9999
-9999 -9999 -9999 -9999 -9999 -9999 -9999 -9999 -9999 -9999 -9999 -9999 -9999 -9999 -9999 -9999 -9999 -9999 17 18 19 17 16 18 19 19 18 19 20 21 23 25 28 29 28 24 24 25 23 21 23 24 23 21 21 19 19 19 19 19 20 25 25 27 45 57 73 73 69 60 47 36 31 28 21 20 19 18 19 21 -9999 -9999 -9999 -9999 -9999 -9999 -9999 -9999 -9999 -9999 -9999 -9999 -9999 -9999 -9999 -9999 -9999 -9999 -9999 -9999 -9999 -9999
-9999 -9999 -9999 -9999 -9999 -9999 -9999 -9999 -9999 -9999 -9999 -9999 -9999 -9999 -9999 -9999 -9999 -9999 17 17 16 15 16 17 18 17 17 18 18 20 23 26 25 23 24 24 22 24 25 21 20 20 19 18 17 18 18 19 19 19 20 21 21 27 52 72 60 54 55 50 43 47 41 26 24 23 23 20 18 -9999 -9999 -9999 -9999 -9999 -9999 -9999 -9999 -9999 -9999 -9999 -9999 -9999 -9999 -9999 -9999 -9999 -9999 -9999 -9999 -9999 -9999 -9999
