resultados/variables_proyeccion_tiempo/variables_paleo_130k/bio1.asc
ncols 330
nrows 228
xllcorner -12.000000
yllcorner 34.000000
cellsize 0.166667
NODATA_value -9999
[rows 49 to 97 of 228, columns 192 to 287 of 330]
17 18 18 19 19 19 -9999 -9999 -9999 -9999 -9999 -9999 -9999 -9999 -9999 18 17 17 16 16 15 14 12 11 10 10 10 10 10 10 11 12 11 10 9 10 9 10 11 10 10 10 10 8 10 9 9 9 8 5 5 9 8 8 7 7 5 4 4 5 3 2 2 2 1 3 2 -0 -3 -3 -1 -2 -2 -2 -1 1 1 1 1 2 2 2 1 3 3 4 4 4 4 1 1 3 3 3 3 5
20 20 -9999 -9999 21 20 -9999 -9999 -9999 -9999 -9999 -9999 -9999 19 19 18 17 17 16 15 15 14 13 11 10 10 10 10 10 11 10 11 11 9 10 11 9 9 10 12 12 12 12 12 12 12 11 11 10 9 9 8 10 11 11 9 7 8 7 8 8 5 4 5 2 1 3 2 0 -1 -2 -4 -1 -1 -0 -0 1 3 2 1 2 2 2 3 4 4 4 6 6 5 5 4 3 2 2 3
-9999 -9999 -9999 -9999 -9999 -9999 22 23 23 22 22 21 21 19 19 18 17 17 16 15 14 14 13 12 11 10 9 9 10 10 10 10 12 12 12 10 11 13 13 13 12 11 10 14 13 12 13 14 13 13 12 11 10 9 12 13 12 11 10 8 9 8 7 6 5 5 4 4 2 0 -1 -4 -0 0 1 2 2 3 3 4 4 4 4 4 4 4 4 6 6 6 7 7 6 5 3 3
-9999 -9999 -9999 -9999 22 -9999 23 23 23 23 23 22 21 20 19 17 17 16 16 15 14 14 14 12 11 9 9 9 9 10 12 11 12 13 13 12 12 14 14 15 14 13 13 16 15 15 15 14 16 16 15 14 12 10 10 12 13 13 12 12 10 8 6 5 5 4 2 2 2 1 2 1 2 3 2 2 1 2 3 4 5 5 6 5 4 4 4 5 6 7 6 5 6 5 5 5
-9999 -9999 -9999 -9999 23 -9999 24 24 25 24 23 22 21 20 19 18 18 18 17 16 14 14 14 12 10 9 9 10 9 10 13 13 14 15 15 15 14 13 15 16 16 16 15 17 18 19 20 19 18 19 17 15 15 12 10 12 12 12 10 12 11 7 6 6 8 6 5 4 4 3 2 4 4 5 3 2 0 2 5 4 4 4 5 5 5 4 4 5 6 8 7 5 5 7 6 4
-9999 -9999 -9999 -9999 -9999 24 24 24 24 24 23 22 21 20 19 19 18 18 16 16 15 13 12 11 11 9 9 10 11 11 12 14 14 14 15 17 17 16 16 17 18 18 18 18 19 22 22 21 21 20 18 18 17 15 14 15 16 16 14 11 11 11 8 9 9 7 7 5 5 4 3 4 4 4 5 4 2 5 5 5 5 5 5 5 6 7 8 9 10 9 7 6 6 7 8 8
-9999 -9999 -9999 -9999 -9999 -9999 24 24 23 23 22 20 18 17 18 19 18 17 16 15 15 14 12 10 11 9 9 10 12 13 13 13 15 15 16 18 17 18 19 19 19 20 19 19 19 22 24 23 22 21 20 20 19 17 18 19 17 16 16 13 13 12 11 9 8 9 8 7 7 7 6 4 4 5 4 5 4 4 5 7 7 7 7 8 10 10 11 13 14 14 12 11 10 10 9 7
-9999 -9999 -9999 -9999 -9999 -9999 24 24 24 22 21 19 16 17 18 17 17 17 16 15 15 14 13 12 11 11 11 11 11 11 13 15 16 17 18 17 19 20 19 20 20 20 21 21 22 23 25 23 22 23 21 20 20 19 18 19 18 18 17 16 13 11 11 10 9 8 8 8 8 7 6 6 6 8 7 7 6 7 8 8 9 10 12 12 13 12 13 14 14 15 15 15 15 15 14 11
-9999 -9999 -9999 -9999 -9999 -9999 25 25 24 22 21 18 18 17 16 16 17 17 15 15 14 15 14 13 12 13 13 13 15 14 14 15 15 16 18 21 21 21 21 21 20 21 22 22 23 24 25 24 23 22 21 21 22 20 19 20 20 19 19 17 15 13 12 12 10 9 9 9 8 7 7 7 8 8 8 8 10 9 9 10 11 11 13 13 14 11 13 15 14 14 13 15 15 16 16 15
-9999 -9999 -9999 -9999 -9999 -9999 -9999 25 25 24 22 19 17 17 16 16 16 15 15 15 14 15 17 16 16 15 15 16 18 16 17 19 18 19 22 23 22 22 21 20 20 21 23 23 24 25 25 26 25 25 24 24 23 21 21 21 21 20 19 18 16 15 15 13 12 11 9 8 8 8 8 9 10 11 11 11 11 10 10 10 10 10 14 14 15 15 13 16 17 16 16 16 15 17 17 14
-9999 -9999 -9999 -9999 -9999 -9999 -9999 26 25 23 22 20 19 19 18 17 16 16 16 15 15 15 17 17 19 18 19 19 19 19 20 19 19 22 24 23 22 20 22 22 23 24 24 24 25 24 25 26 26 25 26 26 24 23 22 22 22 20 19 19 17 16 15 14 13 14 12 10 10 10 10 10 10 11 11 11 12 13 12 12 11 11 12 15 17 17 16 16 18 18 16 18 18 18 17 15
-9999 -9999 -9999 -9999 -9999 -9999 -9999 26 26 25 24 23 22 21 19 18 18 18 18 17 16 17 18 19 19 18 19 19 20 20 21 22 23 25 24 23 23 24 25 25 25 25 25 25 25 25 25 27 26 25 25 25 25 24 23 23 23 22 21 21 19 18 17 16 15 16 16 15 14 14 13 13 12 12 13 14 13 14 14 14 13 13 13 16 18 18 16 18 19 19 19 18 19 19 19 18
-9999 -9999 -9999 -9999 -9999 -9999 -9999 -9999 27 27 26 25 24 23 21 20 20 20 21 21 20 20 22 20 19 19 21 21 21 21 21 24 25 25 24 24 25 25 25 26 26 26 26 26 26 27 27 27 27 27 27 27 26 26 25 25 24 22 22 21 20 19 19 19 18 18 18 18 18 17 17 16 16 15 15 15 16 16 17 17 17 17 15 13 13 14 17 20 20 20 20 20 20 20 20 20
-9999 -9999 -9999 -9999 -9999 -9999 -9999 -9999 28 28 27 26 25 24 23 23 22 21 21 22 20 21 24 22 22 23 23 23 22 22 22 24 26 26 25 26 26 25 26 26 27 26 27 28 28 28 29 29 27 28 28 28 26 26 26 25 25 25 24 23 22 22 22 22 21 21 21 21 21 20 19 18 18 18 17 18 17 15 15 15 15 15 12 9 11 12 12 17 20 21 21 21 21 21 21 21
-9999 -9999 -9999 -9999 -9999 -9999 -9999 -9999 29 28 28 28 27 26 25 24 23 22 23 23 24 24 24 24 25 24 24 23 24 24 24 26 27 27 27 27 26 26 27 27 28 27 28 29 29 29 29 30 29 29 28 28 27 26 26 26 27 26 26 25 25 26 25 24 24 23 23 23 23 23 22 21 20 20 20 19 18 16 17 16 16 16 14 11 12 14 15 18 19 19 18 19 21 22 22 22
-9999 -9999 -9999 -9999 -9999 -9999 -9999 -9999 30 29 29 28 28 28 27 26 25 24 23 23 24 25 26 26 26 25 25 26 26 26 24 24 27 28 27 28 28 28 28 28 29 28 29 30 30 30 30 30 30 31 31 30 29 29 28 28 28 29 28 29 28 28 27 26 26 25 25 25 24 24 24 24 23 22 23 22 22 21 20 19 17 17 18 18 15 16 17 19 21 22 21 20 19 22 23 23
-9999 -9999 -9999 -9999 -9999 -9999 -9999 31 31 30 30 30 29 29 28 26 26 25 25 26 26 26 26 26 26 27 27 26 25 26 25 25 27 28 27 27 28 29 30 30 30 29 29 29 30 30 30 31 31 31 31 32 32 32 31 30 30 30 30 31 30 30 29 28 28 27 27 26 26 26 26 25 25 25 25 24 24 24 23 22 20 19 20 20 20 20 19 20 22 23 23 23 22 22 23 23
-9999 -9999 -9999 -9999 -9999 -9999 32 32 32 32 32 31 31 31 30 28 28 28 27 27 27 27 26 26 26 27 28 29 28 27 28 28 28 29 29 29 30 30 31 31 31 31 31 31 31 31 32 32 33 33 33 33 34 34 33 33 33 32 32 32 31 30 30 30 29 29 28 28 27 27 27 27 26 26 26 26 25 24 24 24 22 21 22 23 23 21 20 20 20 21 20 19 20 24 24 24
-9999 -9999 -9999 -9999 -9999 -9999 32 33 33 33 34 34 33 32 31 31 30 30 30 30 30 29 29 28 28 29 29 29 30 29 30 30 30 31 31 31 32 33 33 33 33 33 33 33 33 33 33 34 34 34 34 35 36 35 34 34 34 33 34 32 33 32 31 32 31 30 30 29 29 28 28 28 27 27 27 27 26 26 25 25 25 25 24 22 21 20 18 19 20 20 18 16 15 19 22 22
-9999 -9999 -9999 -9999 -9999 33 33 34 34 34 35 36 36 36 35 34 33 32 31 31 32 31 31 30 30 30 30 31 31 31 32 32 32 33 34 34 34 35 35 35 35 35 35 35 35 35 36 35 35 36 36 37 36 35 35 35 35 35 33 32 32 32 33 33 33 32 31 31 30 30 29 29 28 28 28 27 28 27 27 26 26 24 22 22 22 20 20 20 20 20 16 15 14 15 16 18
30 31 32 33 33 34 34 35 35 36 36 37 38 38 37 37 35 35 35 34 33 33 32 33 34 34 34 34 34 34 34 34 34 35 35 35 35 36 36 36 36 36 36 -9999 37 36 36 37 -9999 -9999 36 36 35 35 35 34 34 34 33 31 30 31 33 32 33 33 32 31 31 30 30 29 29 29 29 28 28 28 28 27 26 25 24 23 23 23 21 20 19 18 16 15 15 15 14 15
31 31 32 33 34 34 35 35 36 37 37 38 38 38 38 38 37 37 36 36 35 35 35 36 36 35 36 36 37 37 36 35 35 36 36 36 36 35 -9999 36 -9999 -9999 36 -9999 -9999 -9999 -9999 -9999 -9999 -9999 35 36 36 36 34 34 35 35 35 34 33 34 34 33 34 34 33 32 32 31 30 30 30 29 29 29 28 27 27 27 27 25 24 22 22 21 19 17 16 15 16 16 16 16 16 16
32 33 34 34 35 36 36 36 37 37 38 39 39 39 39 38 38 38 38 38 37 37 37 37 38 38 38 39 39 40 38 -9999 -9999 -9999 -9999 -9999 -9999 -9999 -9999 -9999 -9999 34 36 -9999 -9999 -9999 37 37 37 -9999 37 -9999 -9999 -9999 38 36 37 39 39 39 39 38 38 36 35 34 34 33 32 31 30 30 30 30 29 29 28 27 26 27 27 25 24 23 21 21 21 20 17 16 17 17 17 18 18 18
34 34 34 -9999 -9999 36 37 37 -9999 40 39 -9999 -9999 40 40 40 39 39 39 39 39 39 39 39 -9999 -9999 40 -9999 -9999 -9999 -9999 -9999 -9999 -9999 -9999 -9999 -9999 -9999 -9999 -9999 -9999 -9999 -9999 36 -9999 -9999 37 37 -9999 -9999 -9999 37 -9999 -9999 37 37 37 37 37 39 40 41 40 38 36 35 34 33 33 31 30 29 28 29 29 28 28 28 28 28 27 27 26 25 25 24 22 20 18 18 18 19 19 19 19 20
-9999 -9999 -9999 -9999 -9999 -9999 -9999 -9999 -9999 39 -9999 -9999 -9999 41 41 -9999 -9999 40 40 41 -9999 40 -9999 -9999 -9999 -9999 -9999 -9999 -9999 -9999 -9999 -9999 -9999 -9999 39 -9999 -9999 -9999 -9999 -9999 -9999 -9999 -9999 -9999 -9999 -9999 -9999 -9999 37 37 35 35 36 36 34 33 34 33 35 36 37 37 38 38 36 35 33 32 30 30 29 29 30 30 29 29 29 28 28 28 28 27 27 26 24 22 21 21 20 20 20 21 20 20 20 21
-9999 -9999 -9999 -9999 -9999 -9999 -9999 -9999 -9999 -9999 -9999 -9999 -9999 -9999 -9999 -9999 -9999 -9999 -9999 -9999 -9999 -9999 -9999 -9999 -9999 -9999 41 40 41 40 41 40 39 38 38 37 36 36 37 37 38 -9999 -9999 -9999 -9999 -9999 -9999 -9999 37 37 37 36 35 33 31 31 31 32 32 34 35 36 36 35 34 34 33 31 31 30 30 30 31 30 30 29 29 29 29 29 28 28 28 26 24 22 21 21 21 22 22 22 22 22 22 22
-9999 -9999 -9999 -9999 -9999 -9999 -9999 -9999 -9999 -9999 -9999 -9999 -9999 -9999 -9999 -9999 -9999 -9999 -9999 -9999 -9999 -9999 -9999 42 41 41 40 40 40 40 39 39 38 37 36 35 35 35 35 36 35 36 36 35 35 36 36 36 37 37 37 37 35 33 32 32 32 32 33 34 34 35 35 34 34 33 32 32 32 31 31 31 31 31 30 30 30 29 29 28 28 28 27 24 22 22 22 22 23 23 23 24 24 24 24 24
-9999 -9999 -9999 -9999 -9999 -9999 -9999 -9999 -9999 -9999 -9999 -9999 -9999 -9999 -9999 -9999 -9999 -9999 -9999 -9999 42 42 42 42 41 41 40 40 39 39 39 38 37 36 36 35 34 33 33 34 35 35 35 35 35 36 36 36 36 36 36 36 36 36 34 34 34 33 33 33 34 34 35 34 34 33 32 32 32 32 31 32 31 31 30 29 30 29 29 28 28 25 23 24 23 23 24 24 24 25 25 25 25 25 26 26
-9999 -9999 -9999 -9999 -9999 -9999 -9999 -9999 -9999 -9999 -9999 -9999 -9999 -9999 44 43 43 -9999 43 43 43 43 42 41 41 40 40 39 39 38 38 37 37 37 36 34 34 34 33 34 35 35 36 36 36 36 36 36 36 35 35 35 35 35 36 35 35 34 34 34 34 34 34 34 33 32 31 32 31 32 32 31 31 30 30 29 29 29 27 26 26 23 21 22 22 23 24 25 25 25 25 26 26 26 27 27
-9999 -9999 -9999 -9999 -9999 -9999 -9999 -9999 -9999 -9999 -9999 -9999 43 43 44 43 43 44 44 43 43 43 42 42 41 41 40 40 39 38 38 38 38 37 37 36 36 35 35 35 36 37 37 37 37 37 37 35 35 34 34 34 34 35 35 35 34 34 35 35 34 34 34 33 33 32 31 31 31 31 31 31 31 30 29 29 29 29 28 27 25 22 22 23 24 24 25 25 25 26 26 26 26 27 27 27
-9999 -9999 -9999 -9999 -9999 -9999 -9999 -9999 -9999 -9999 -9999 -9999 -9999 -9999 45 45 45 45 45 45 44 44 43 43 42 42 41 40 39 39 39 39 38 38 38 37 37 36 36 35 36 37 37 37 37 37 37 35 35 34 34 34 33 34 35 35 34 33 34 35 35 34 33 33 32 32 31 31 31 31 31 31 31 31 31 30 29 28 28 30 30 26 24 24 25 25 26 26 26 26 26 25 26 27 28 28
-9999 -9999 -9999 -9999 -9999 -9999 -9999 -9999 -9999 -9999 -9999 46 46 46 45 45 46 45 45 45 45 44 43 43 42 42 41 41 40 40 41 40 39 39 39 39 38 38 38 37 37 36 36 37 37 37 37 36 34 35 34 34 34 33 34 35 35 33 33 35 34 34 33 33 32 31 31 31 32 31 32 32 32 32 32 30 27 25 25 28 30 29 28 26 26 26 26 27 26 27 26 26 26 27 29 28
-9999 -9999 -9999 -9999 -9999 -9999 -9999 -9999 -9999 -9999 47 46 46 45 45 45 45 46 46 46 -9999 -9999 44 43 43 43 42 42 41 41 41 40 39 37 39 39 39 39 39 38 38 37 37 38 38 37 37 36 36 35 33 32 32 31 32 34 34 33 34 34 34 34 34 33 33 32 33 32 32 33 32 32 32 32 33 31 29 26 27 27 29 30 30 30 28 27 28 28 27 27 27 27 27 28 29 29
-9999 -9999 -9999 -9999 -9999 -9999 -9999 -9999 -9999 -9999 -9999 47 46 47 47 47 46 46 -9999 -9999 -9999 -9999 -9999 44 44 43 43 43 42 41 40 40 39 38 38 39 40 38 38 36 37 37 37 38 38 37 37 37 36 33 30 29 30 31 31 32 34 34 34 34 34 34 34 34 34 34 33 33 33 33 33 31 31 32 33 31 30 27 26 26 26 26 27 28 28 28 29 29 29 28 27 27 28 29 30 30
-9999 -9999 -9999 -9999 -9999 -9999 -9999 -9999 -9999 -9999 -9999 -9999 48 48 48 47 -9999 -9999 -9999 -9999 -9999 -9999 -9999 45 45 -9999 44 43 41 40 40 39 39 38 37 39 39 36 35 33 34 36 37 37 37 38 37 37 36 34 32 31 30 31 31 33 34 34 34 35 35 35 34 34 33 32 33 34 34 34 34 32 31 32 33 33 32 30 27 25 26 26 27 28 28 28 29 29 29 28 28 28 29 30 30 30
-9999 -9999 -9999 -9999 -9999 -9999 -9999 -9999 -9999 -9999 -9999 49 48 48 -9999 -9999 -9999 -9999 -9999 -9999 -9999 -9999 -9999 -9999 -9999 -9999 44 42 42 41 41 41 40 39 38 39 39 39 37 35 36 36 37 36 36 37 37 37 37 35 34 34 34 34 34 34 35 35 35 35 34 33 33 32 32 32 33 34 34 34 34 33 32 32 34 33 28 27 26 25 26 26 27 28 28 29 29 29 29 29 29 29 29 30 31 30
-9999 -9999 -9999 -9999 -9999 -9999 -9999 -9999 -9999 -9999 -9999 -9999 -9999 50 49 49 -9999 -9999 -9999 48 -9999 -9999 -9999 -9999 -9999 -9999 45 43 42 41 41 42 41 40 40 40 40 39 38 38 37 34 31 32 33 34 34 35 36 36 35 35 35 35 35 35 35 35 34 34 34 33 33 32 32 32 33 33 34 34 34 34 33 34 34 32 27 26 26 26 26 27 28 28 28 29 30 30 30 30 30 30 31 31 32 32
-9999 -9999 -9999 -9999 -9999 -9999 -9999 -9999 -9999 -9999 51 50 50 48 47 49 50 -9999 -9999 -9999 -9999 -9999 -9999 -9999 -9999 -9999 45 44 42 41 41 42 42 41 41 41 40 40 39 38 36 33 31 32 32 33 34 36 37 36 36 35 35 35 34 34 31 31 33 35 34 33 33 33 33 33 33 34 34 34 34 33 33 34 33 30 28 27 26 27 26 26 27 28 29 29 30 30 31 30 29 29 31 32 31 31
-9999 -9999 -9999 -9999 -9999 -9999 -9999 -9999 52 52 51 50 50 49 48 49 49 50 50 -9999 -9999 -9999 -9999 -9999 -9999 -9999 46 45 43 43 42 42 42 41 38 38 38 39 39 38 37 34 33 34 34 34 35 36 37 37 36 36 35 35 33 30 28 30 32 35 34 34 34 34 34 34 34 34 34 34 33 34 33 33 31 27 26 27 27 27 27 27 27 27 28 28 30 30 30 31 30 30 30 31 31 32
-9999 -9999 -9999 -9999 -9999 -9999 -9999 -9999 52 53 52 50 50 50 50 48 48 50 51 51 -9999 -9999 -9999 -9999 -9999 49 47 46 44 43 42 40 38 35 35 35 36 37 38 38 37 36 36 36 35 36 36 37 37 37 37 36 36 35 34 32 33 34 35 35 34 34 34 34 34 34 34 35 34 34 33 32 29 27 27 28 27 28 28 28 27 27 27 24 26 27 28 30 31 31 31 30 31 31 32 33
-9999 -9999 -9999 -9999 -9999 -9999 -9999 -9999 53 52 51 51 51 50 49 48 48 49 49 50 51 52 -9999 51 51 49 48 47 45 42 40 37 36 35 35 34 35 37 37 38 38 38 38 37 36 36 38 38 38 37 37 37 37 36 36 36 36 36 36 35 35 35 35 35 35 35 35 35 34 32 32 28 26 27 27 28 28 28 28 29 28 27 27 27 27 27 29 31 31 32 33 33 33 33 34 34
-9999 -9999 -9999 -9999 -9999 -9999 54 54 53 52 50 50 52 51 49 49 48 49 49 50 52 52 51 51 51 50 49 47 46 44 43 41 39 37 36 35 35 36 40 39 39 39 39 38 38 38 38 38 38 37 37 37 37 37 36 31 30 32 33 34 35 35 35 36 36 36 36 34 30 28 27 27 28 28 28 29 29 29 29 29 30 28 27 27 28 28 30 30 31 32 33 34 34 34 35 36
-9999 -9999 -9999 -9999 -9999 -9999 55 54 53 52 51 51 52 51 49 48 48 49 50 51 52 52 52 52 51 50 48 48 47 45 44 43 42 41 39 39 40 40 41 41 41 40 40 39 38 38 38 38 38 38 38 38 37 36 33 31 31 29 30 31 33 36 36 36 36 36 35 34 31 30 29 28 28 29 29 29 30 28 28 28 30 29 29 29 30 29 29 30 32 34 34 35 35 35 35 35
-9999 -9999 -9999 -9999 -9999 -9999 56 54 54 52 50 51 52 51 50 48 48 49 50 51 53 53 53 52 51 50 49 48 47 46 45 44 44 43 43 43 42 42 41 41 41 40 39 38 37 37 37 38 38 38 38 38 37 36 34 34 32 31 31 33 34 37 37 37 36 36 36 32 31 32 31 29 29 30 30 30 30 29 29 29 29 30 30 31 30 28 30 31 32 34 34 35 35 35 35 35
-9999 -9999 -9999 -9999 -9999 57 57 55 55 54 50 49 52 52 52 51 50 50 51 51 52 52 52 52 51 50 50 48 47 46 45 45 44 43 44 43 43 43 42 42 41 40 39 38 38 37 37 37 39 38 38 38 37 37 36 36 34 34 33 33 35 37 37 38 37 36 34 32 32 33 33 32 32 31 31 31 30 30 29 29 30 30 31 32 31 31 31 32 32 34 34 35 36 36 37 37
-9999 -9999 -9999 -9999 -9999 58 58 57 56 55 53 51 51 52 52 52 52 51 51 51 51 52 52 51 51 50 50 49 48 47 46 45 45 44 43 43 43 43 43 43 41 39 39 39 38 36 37 37 38 39 38 37 37 37 37 36 36 35 34 34 35 35 36 36 36 35 34 34 34 34 34 33 33 33 33 33 33 32 31 31 31 30 31 32 33 34 34 34 34 34 34 35 36 37 37 38
-9999 -9999 -9999 -9999 -9999 -9999 59 57 56 55 51 49 50 50 51 51 51 51 50 50 51 51 51 51 51 50 50 49 48 47 46 46 45 44 43 43 43 44 44 43 42 41 40 39 38 38 38 39 40 39 40 38 38 38 37 37 37 37 36 36 37 37 37 37 36 36 35 35 35 35 35 35 35 35 35 35 35 34 33 31 31 31 32 33 34 34 34 34 33 34 33 33 34 35 36 37
-9999 -9999 -9999 -9999 -9999 -9999 60 58 56 54 52 51 49 49 50 50 50 50 50 50 50 50 50 51 51 51 50 49 48 47 47 46 45 44 44 43 43 43 44 44 42 42 41 41 40 40 41 41 41 40 40 40 39 38 38 38 38 38 37 38 37 37 37 38 37 37 36 36 36 36 36 35 36 36 36 36 35 34 34 32 32 32 32 33 34 34 35 35 34 33 33 33 34 34 35 35
-9999 -9999 -9999 -9999 -9999 -9999 60 59 57 54 52 51 50 48 48 48 50 49 49 50 49 49 50 51 51 51 50 49 48 47 46 46 46 44 45 44 43 43 44 43 42 42 43 42 42 42 42 42 42 42 41 41 41 40 39 39 39 39 38 37 36 37 38 38 38 38 38 37 37 37 36 36 36 36 36 36 35 34 34 33 32 33 33 34 34 35 36 36 36 36 33 33 34 35 36 36
