resultados/variables_proyeccion_tiempo/variables_paleo_130k/bio14.asc
ncols 330
nrows 228
xllcorner -12.000000
yllcorner 34.000000
cellsize 0.166667
NODATA_value -9999
[rows 0 to 48 of 228, columns 192 to 287 of 330]
-9999 -9999 -9999 -9999 -9999 -9999 -9999 -9999 -9999 -9999 -9999 -9999 -9999 -9999 -9999 -9999 -9999 -9999 -9999 -9999 -9999 -9999 -9999 -9999 -9999 -9999 -9999 -9999 -9999 -9999 -9999 -9999 -9999 -9999 -9999 -9999 -9999 -9999 -9999 -9999 -9999 -9999 -9999 -9999 -9999 -9999 -9999 -9999 -9999 -9999 -9999 -9999 -9999 -9999 -9999 -9999 -9999 -9999 -9999 -9999 -9999 -9999 -9999 -9999 -9999 -9999 -9999 -9999 -9999 -9999 -9999 -9999 -9999 -9999 -9999 -9999 -9999 -9999 -9999 -9999 -9999 -9999 -9999 -9999 -9999 -9999 -9999 -9999 -9999 -9999 -9999 -9999 -9999 -9999 -9999 -9999
-9999 -9999 -9999 -9999 -9999 -9999 -9999 -9999 -9999 -9999 -9999 -9999 -9999 -9999 -9999 -9999 -9999 -9999 -9999 -9999 -9999 -9999 -9999 -9999 -9999 -9999 -9999 -9999 -9999 -9999 -9999 -9999 -9999 -9999 -9999 -9999 -9999 -9999 -9999 -9999 -9999 -9999 -9999 -9999 -9999 -9999 -9999 -9999 -9999 -9999 -9999 -9999 -9999 -9999 -9999 -9999 -9999 -9999 -9999 -9999 -9999 -9999 -9999 -9999 -9999 -9999 -9999 -9999 -9999 -9999 -9999 -9999 -9999 -9999 -9999 -9999 -9999 -9999 -9999 -9999 -9999 -9999 -9999 -9999 -9999 -9999 -9999 -9999 -9999 -9999 -9999 -9999 -9999 -9999 -9999 -9999
-9999 -9999 -9999 -9999 -9999 -9999 -9999 -9999 -9999 -9999 -9999 -9999 -9999 -9999 -9999 -9999 -9999 -9999 -9999 -9999 -9999 -9999 -9999 -9999 -9999 -9999 -9999 -9999 -9999 -9999 -9999 -9999 -9999 -9999 -9999 -9999 -9999 -9999 -9999 -9999 -9999 -9999 -9999 -9999 -9999 -9999 -9999 -9999 -9999 -9999 -9999 -9999 -9999 -9999 -9999 -9999 -9999 -9999 -9999 -9999 -9999 -9999 -9999 -9999 -9999 -9999 -9999 -9999 -9999 -9999 -9999 -9999 -9999 -9999 -9999 -9999 -9999 -9999 -9999 -9999 -9999 -9999 -9999 -9999 -9999 -9999 -9999 -9999 -9999 -9999 -9999 -9999 -9999 -9999 -9999 -9999
-9999 -9999 -9999 -9999 -9999 -9999 -9999 -9999 -9999 -9999 -9999 -9999 -9999 -9999 -9999 -9999 -9999 -9999 -9999 -9999 -9999 -9999 -9999 -9999 -9999 -9999 -9999 -9999 -9999 -9999 -9999 -9999 -9999 -9999 -9999 -9999 -9999 -9999 -9999 -9999 -9999 -9999 -9999 -9999 -9999 -9999 -9999 -9999 -9999 -9999 -9999 -9999 -9999 -9999 -9999 -9999 -9999 -9999 -9999 -9999 -9999 -9999 -9999 -9999 -9999 -9999 -9999 -9999 -9999 -9999 -9999 -9999 -9999 -9999 -9999 -9999 -9999 -9999 -9999 -9999 -9999 -9999 -9999 -9999 -9999 -9999 -9999 -9999 -9999 -9999 -9999 -9999 -9999 -9999 -9999 -9999
-9999 -9999 -9999 -9999 -9999 -9999 -9999 -9999 -9999 -9999 -9999 -9999 -9999 -9999 -9999 -9999 -9999 -9999 -9999 -9999 -9999 -9999 -9999 -9999 -9999 -9999 -9999 -9999 -9999 -9999 -9999 -9999 -9999 24 23 -9999 -9999 -9999 -9999 -9999 -9999 -9999 -9999 -9999 -9999 -9999 -9999 -9999 -9999 -9999 -9999 -9999 -9999 -9999 -9999 -9999 -9999 -9999 -9999 -9999 -9999 -9999 -9999 -9999 -9999 -9999 -9999 -9999 -9999 -9999 -9999 -9999 -9999 -9999 -9999 -9999 -9999 -9999 -9999 -9999 -9999 -9999 -9999 -9999 -9999 -9999 -9999 -9999 -9999 -9999 -9999 -9999 -9999 -9999 -9999 -9999
-9999 -9999 -9999 -9999 -9999 -9999 -9999 -9999 -9999 -9999 -9999 -9999 -9999 -9999 -9999 -9999 -9999 -9999 -9999 -9999 -9999 -9999 -9999 32 30 -9999 -9999 32 30 28 27 27 26 26 24 23 22 22 -9999 -9999 -9999 -9999 -9999 21 21 23 22 22 23 22 -9999 -9999 -9999 -9999 -9999 -9999 -9999 -9999 -9999 -9999 -9999 -9999 -9999 -9999 -9999 -9999 -9999 -9999 -9999 -9999 -9999 -9999 -9999 -9999 -9999 -9999 -9999 -9999 -9999 -9999 -9999 -9999 -9999 -9999 -9999 -9999 -9999 -9999 -9999 -9999 -9999 -9999 -9999 -9999 -9999 -9999
-9999 -9999 -9999 -9999 -9999 -9999 -9999 -9999 -9999 -9999 -9999 -9999 -9999 -9999 -9999 -9999 -9999 28 29 31 30 -9999 31 32 32 33 32 32 31 29 28 26 25 25 22 22 21 19 21 20 18 -9999 20 20 20 22 22 23 24 25 25 23 25 25 24 25 -9999 -9999 -9999 -9999 -9999 -9999 -9999 -9999 -9999 -9999 -9999 -9999 -9999 -9999 -9999 -9999 -9999 -9999 -9999 -9999 -9999 -9999 -9999 -9999 -9999 -9999 -9999 -9999 -9999 -9999 -9999 -9999 -9999 -9999 -9999 -9999 -9999 -9999 -9999 -9999
-9999 -9999 -9999 -9999 -9999 -9999 -9999 -9999 -9999 -9999 -9999 -9999 -9999 25 26 26 29 29 30 31 31 32 32 32 32 33 32 30 31 31 29 26 23 22 20 18 19 21 21 20 17 -9999 18 20 21 22 22 22 22 24 22 26 26 28 28 26 28 30 30 30 30 29 -9999 -9999 -9999 -9999 -9999 -9999 -9999 -9999 -9999 -9999 -9999 -9999 -9999 -9999 -9999 -9999 -9999 -9999 -9999 -9999 -9999 -9999 -9999 -9999 -9999 -9999 -9999 -9999 -9999 -9999 -9999 -9999 -9999 -9999
-9999 -9999 -9999 -9999 -9999 -9999 -9999 -9999 -9999 -9999 -9999 24 24 25 27 27 28 30 30 30 31 30 33 34 32 34 35 30 29 27 26 24 21 -9999 17 18 19 19 20 18 15 16 18 19 20 22 22 23 25 23 25 27 28 29 27 29 30 30 29 31 30 31 29 28 -9999 -9999 -9999 -9999 -9999 -9999 -9999 -9999 -9999 -9999 -9999 -9999 -9999 -9999 -9999 -9999 -9999 -9999 -9999 -9999 -9999 -9999 -9999 -9999 -9999 -9999 -9999 -9999 -9999 -9999 -9999 -9999
-9999 -9999 -9999 -9999 -9999 -9999 -9999 -9999 22 -9999 23 -9999 23 24 26 28 28 31 34 34 33 32 33 34 35 33 31 29 27 25 22 20 18 18 18 17 18 19 17 15 16 17 18 19 20 20 19 19 19 21 22 23 25 27 28 28 30 32 31 31 31 31 31 30 29 29 28 -9999 -9999 -9999 -9999 -9999 -9999 -9999 -9999 -9999 -9999 -9999 -9999 -9999 -9999 -9999 -9999 -9999 -9999 -9999 -9999 -9999 -9999 -9999 -9999 -9999 -9999 -9999 -9999 -9999
23 25 23 24 26 -9999 -9999 23 24 24 25 28 28 26 29 30 31 29 32 31 30 32 34 33 31 31 29 28 26 23 20 18 19 18 19 18 17 16 17 17 16 16 17 18 18 18 19 19 19 20 21 22 24 24 24 25 28 29 31 30 29 28 28 29 29 29 28 -9999 -9999 -9999 -9999 -9999 -9999 -9999 -9999 -9999 -9999 -9999 -9999 -9999 -9999 -9999 -9999 -9999 -9999 -9999 -9999 -9999 -9999 -9999 -9999 -9999 -9999 -9999 -9999 -9999
24 -9999 25 25 25 22 19 21 23 25 28 27 28 27 28 30 30 28 26 28 30 31 32 32 30 28 28 27 24 20 17 19 21 19 18 19 18 20 19 18 17 17 17 17 16 17 17 18 18 19 20 20 20 22 22 23 24 26 26 26 26 26 26 -9999 -9999 -9999 -9999 -9999 -9999 -9999 -9999 -9999 -9999 -9999 -9999 -9999 -9999 -9999 -9999 -9999 -9999 -9999 -9999 -9999 -9999 -9999 -9999 -9999 -9999 -9999 -9999 -9999 -9999 -9999 -9999 -9999
24 27 23 24 23 22 20 22 24 23 21 22 25 27 29 30 30 29 26 25 26 28 29 30 29 27 28 28 26 19 16 18 18 17 18 19 18 17 15 15 15 14 15 15 16 17 17 17 17 19 20 21 21 22 22 22 22 21 21 21 20 21 21 -9999 -9999 -9999 -9999 -9999 -9999 22 -9999 21 21 20 19 -9999 -9999 -9999 -9999 -9999 -9999 -9999 -9999 -9999 -9999 -9999 -9999 -9999 -9999 -9999 -9999 -9999 -9999 -9999 -9999 -9999
29 27 20 26 23 24 20 21 26 26 24 24 23 25 27 28 28 28 27 27 28 28 28 28 27 25 25 24 22 18 16 15 14 14 14 13 13 14 15 14 14 13 14 15 16 17 18 18 19 19 20 20 20 19 20 19 19 19 19 18 18 20 20 22 23 23 25 24 23 22 23 23 22 21 20 19 18 17 16 -9999 -9999 -9999 -9999 -9999 -9999 -9999 -9999 -9999 -9999 -9999 -9999 -9999 -9999 -9999 -9999 -9999
28 22 24 23 25 24 23 20 23 27 25 28 27 27 25 26 27 28 28 27 26 27 26 26 24 23 23 22 21 18 16 14 12 12 11 11 13 14 14 14 14 14 14 14 15 16 17 17 17 17 17 18 18 18 18 18 18 18 18 16 16 16 19 21 23 22 22 22 23 23 23 22 20 21 19 19 18 17 16 -9999 -9999 -9999 -9999 -9999 -9999 -9999 -9999 -9999 -9999 -9999 -9999 -9999 -9999 -9999 -9999 -9999
26 21 26 23 26 22 23 22 21 21 21 23 24 25 24 24 25 27 26 25 25 24 24 24 23 22 21 20 18 16 14 13 11 11 10 11 12 13 14 14 14 14 14 14 15 15 15 16 16 16 17 17 17 18 18 18 17 16 15 14 13 16 20 21 20 20 20 22 22 22 22 22 21 20 19 18 17 16 16 16 15 -9999 -9999 16 16 16 15 -9999 -9999 -9999 -9999 -9999 -9999 -9999 -9999 -9999
27 26 22 20 22 23 22 22 22 21 21 20 21 22 23 22 22 24 24 24 23 23 23 23 23 22 20 19 17 16 15 13 12 11 11 13 14 13 13 14 13 13 13 13 14 14 15 15 16 16 16 17 17 17 16 16 16 15 16 15 15 16 18 19 20 21 21 22 23 23 22 22 20 21 20 19 17 16 16 15 15 15 15 16 16 16 15 15 15 15 14 15 15 16 16 16
25 22 21 20 15 17 19 19 18 18 19 20 20 20 21 21 21 21 21 21 23 23 22 22 22 20 19 18 17 17 15 14 13 12 12 13 14 14 14 14 14 13 13 13 13 14 15 15 16 16 16 17 17 17 16 16 16 17 17 16 16 17 17 19 20 21 22 22 22 21 21 21 21 20 19 19 19 17 15 15 15 15 16 16 17 17 16 16 16 16 15 16 16 16 17 17
23 21 19 17 15 13 15 17 18 18 18 18 18 18 19 20 20 20 20 22 22 23 22 22 21 20 19 19 18 17 16 15 13 13 12 12 13 13 13 13 13 13 13 13 14 14 15 15 15 16 16 17 17 17 17 17 17 17 16 16 17 17 17 18 19 20 20 21 21 22 22 21 21 21 20 19 18 17 16 16 17 17 17 17 17 18 17 17 17 17 17 17 17 17 18 19
21 20 18 16 16 16 16 15 15 17 18 18 18 17 18 19 20 20 21 21 21 21 21 21 21 21 21 20 19 18 16 15 14 14 15 14 14 13 13 14 14 14 13 13 13 14 15 15 16 17 17 17 17 17 17 17 16 16 16 16 16 16 17 17 18 19 19 19 20 21 21 20 20 20 20 19 18 18 17 18 18 18 18 19 19 19 19 19 18 18 18 17 17 18 19 20
19 18 17 16 16 15 15 16 16 16 16 16 17 17 17 18 19 19 20 20 20 20 21 21 21 21 20 20 19 18 16 16 15 15 15 15 15 15 15 15 15 15 14 13 13 14 15 16 17 17 18 17 17 17 17 16 16 16 16 16 17 17 17 17 18 18 18 19 19 20 20 20 20 21 21 21 21 20 19 18 19 19 19 20 20 20 19 20 19 18 18 18 18 19 19 20
16 16 16 17 16 15 15 15 15 15 16 16 16 16 16 16 17 18 18 19 19 19 20 19 20 20 19 19 18 18 17 16 15 15 15 15 15 15 15 15 15 15 15 15 15 16 16 16 17 17 17 18 18 18 18 18 17 17 18 19 18 19 18 18 20 19 20 20 20 20 21 22 21 22 23 22 21 21 21 19 20 21 21 22 21 20 20 20 20 20 19 19 19 20 21 21
14 15 16 15 15 15 15 15 15 16 16 16 17 17 16 16 16 17 17 18 19 19 21 20 19 19 19 18 18 17 17 16 16 16 16 15 15 15 16 16 16 16 16 15 16 17 17 18 20 20 21 20 19 19 19 18 18 18 18 18 17 18 18 18 19 22 22 21 22 21 22 23 23 23 24 22 23 22 21 21 21 22 22 23 22 21 20 20 20 20 19 19 20 20 20 21
15 15 14 15 14 15 15 16 16 15 16 16 17 16 16 16 16 16 17 17 17 18 18 19 19 18 18 17 17 17 16 16 16 16 16 16 16 17 17 17 16 17 17 17 17 17 17 18 18 19 19 19 19 19 19 19 18 18 18 18 18 18 18 19 19 19 20 23 24 25 24 24 24 24 27 24 23 23 23 22 22 22 22 22 22 21 21 20 19 19 19 19 20 20 21 21
15 15 14 14 14 15 15 15 15 16 16 16 16 16 16 16 17 17 17 17 17 18 18 18 19 19 18 17 17 16 16 16 16 17 17 18 18 18 18 18 18 18 18 18 18 18 18 19 19 19 20 20 19 19 20 20 20 19 19 19 18 18 19 20 20 21 22 22 23 24 25 25 26 25 29 27 25 23 23 22 23 23 24 23 22 21 21 23 22 21 19 19 19 19 20 21
14 15 16 16 15 15 15 15 15 15 16 16 16 16 16 16 16 16 16 17 17 18 18 18 18 18 18 17 17 17 17 17 17 17 17 18 19 19 19 19 19 19 19 19 18 19 19 20 21 20 20 20 19 20 20 20 21 21 21 20 19 19 19 20 21 21 21 22 22 24 24 24 23 24 29 26 25 24 23 25 29 27 27 25 22 20 21 24 22 20 18 19 19 19 19 20
15 16 16 16 16 15 16 16 16 16 16 16 16 16 16 16 16 17 17 17 17 17 18 18 18 19 18 18 18 17 17 17 17 18 18 18 19 19 20 21 20 20 20 20 19 19 20 20 21 21 20 20 20 20 20 21 21 22 22 22 22 22 21 21 21 21 22 22 23 23 23 23 24 24 25 24 24 24 24 23 24 25 25 24 22 19 19 18 18 19 18 19 19 19 19 19
16 16 17 17 16 16 16 17 17 17 17 17 16 16 16 16 16 17 17 17 17 18 18 18 18 18 18 18 17 17 18 18 18 18 18 19 20 21 21 22 22 21 21 21 20 20 20 20 20 20 21 21 22 22 22 22 22 23 22 22 22 23 23 22 22 23 23 25 25 24 24 24 23 23 23 23 24 25 24 24 24 23 22 21 20 19 19 19 18 18 17 17 18 19 19 19
15 16 16 16 17 18 18 17 17 17 18 17 17 17 17 17 17 17 17 18 18 18 18 18 18 19 19 18 18 18 18 18 18 19 19 19 20 22 22 22 22 22 22 21 20 20 21 21 21 21 21 21 22 22 22 22 22 22 22 22 22 23 24 24 24 24 25 26 25 25 24 24 24 23 23 25 25 25 25 24 23 22 21 20 20 19 18 19 18 17 17 17 17 17 18 18
16 16 17 18 17 17 17 17 17 17 17 17 18 17 17 17 18 18 19 19 19 19 19 19 19 19 19 19 18 18 18 18 19 19 19 20 21 21 21 23 23 22 22 22 21 21 21 22 22 23 22 22 22 22 22 22 22 23 23 23 23 23 23 23 23 24 23 25 26 25 24 23 22 22 23 24 25 26 25 24 22 21 21 19 19 18 18 18 17 17 16 16 16 16 16 16
16 17 17 17 18 18 18 18 17 17 17 17 18 19 19 18 18 18 19 20 19 19 19 19 19 19 19 19 19 18 18 18 18 19 19 20 21 21 21 22 23 22 22 22 21 21 21 22 22 22 22 22 22 23 23 23 23 23 24 24 23 22 21 22 22 22 23 22 23 22 22 22 22 23 23 23 24 26 26 25 23 21 20 19 18 18 17 16 16 16 15 15 15 15 15 15
16 17 18 18 18 18 18 19 19 19 19 18 18 18 19 19 19 20 20 21 21 21 20 20 21 20 20 19 19 19 19 19 18 18 19 20 20 20 21 21 21 22 22 22 21 22 22 22 22 23 24 24 24 24 24 25 25 25 24 24 23 22 21 21 22 21 22 23 22 21 21 21 22 22 23 24 24 25 24 23 22 21 20 19 18 17 16 16 15 14 14 14 14 14 14 14
17 17 16 17 18 18 19 20 20 20 20 20 20 20 20 21 20 21 21 21 21 21 21 21 21 21 20 20 19 19 19 18 19 18 18 19 19 20 20 21 21 21 22 22 21 22 23 23 23 24 24 24 25 25 24 24 25 25 25 24 24 23 23 21 21 21 21 21 22 22 22 22 22 22 23 24 24 25 24 22 21 20 -9999 -9999 -9999 -9999 16 15 14 13 13 13 13 13 13 13
18 17 17 17 18 19 19 19 20 20 20 22 22 21 21 21 21 21 22 22 22 22 22 22 22 22 21 20 20 19 19 18 17 18 19 18 18 19 19 20 21 21 21 22 22 23 24 24 24 24 24 25 25 25 25 25 25 25 24 25 25 24 22 21 20 21 22 22 22 22 22 22 22 23 23 23 24 24 23 22 20 19 17 17 -9999 -9999 -9999 -9999 -9999 -9999 12 12 12 12 12 12
19 18 18 19 18 18 19 20 20 21 21 22 22 23 23 23 22 22 23 23 23 23 23 23 23 22 22 21 20 19 18 18 17 17 18 18 19 19 20 20 20 21 21 21 23 23 24 24 24 24 25 25 25 25 25 26 25 25 25 25 25 23 23 22 21 21 21 21 21 21 21 21 22 22 23 23 23 23 22 21 20 19 17 16 15 13 -9999 -9999 -9999 -9999 -9999 -9999 -9999 -9999 -9999 -9999
19 20 20 20 19 19 20 21 21 22 21 22 23 24 24 23 23 23 23 23 23 24 24 24 24 23 22 20 19 18 17 17 17 17 17 18 18 18 19 20 20 21 21 21 22 23 24 24 24 24 24 25 25 26 26 27 26 25 25 25 24 24 23 21 21 20 20 21 21 21 21 21 21 21 21 21 22 22 21 20 19 18 17 16 15 13 12 10 -9999 -9999 -9999 -9999 -9999 -9999 -9999 -9999
19 20 20 20 21 21 21 21 22 22 22 23 23 23 23 23 24 24 24 24 24 24 25 25 25 24 22 20 19 18 18 17 16 16 17 17 18 18 18 19 20 20 21 21 21 23 24 24 24 24 24 25 26 26 26 26 26 26 25 25 24 23 23 22 22 21 20 20 20 20 20 21 21 21 21 21 20 20 20 20 19 18 16 15 14 13 11 9 7 6 -9999 -9999 -9999 -9999 -9999 -9999
22 21 21 20 21 21 22 23 22 23 22 23 23 23 23 23 23 24 24 24 24 24 25 25 25 24 22 20 19 17 16 16 15 15 16 16 16 17 18 18 19 20 20 21 21 23 24 24 24 25 24 25 25 26 26 26 26 26 25 24 23 23 22 22 21 21 20 20 20 20 20 20 20 20 20 20 19 19 19 19 18 17 16 14 13 12 10 8 7 7 -9999 -9999 -9999 -9999 -9999 -9999
24 23 23 23 23 23 23 23 23 23 22 23 23 23 23 23 23 24 24 -9999 -9999 -9999 24 24 -9999 -9999 -9999 20 19 16 15 15 14 14 15 15 15 16 17 18 19 19 19 21 21 22 23 23 24 24 24 25 25 25 26 26 26 24 24 24 23 23 22 21 21 21 20 20 20 20 20 20 20 20 20 19 19 18 18 18 17 16 15 14 13 11 10 8 8 7 -9999 -9999 -9999 -9999 -9999 -9999
25 25 25 25 25 25 24 23 23 23 23 23 23 23 23 23 23 -9999 -9999 -9999 -9999 -9999 -9999 -9999 -9999 -9999 -9999 -9999 16 15 15 13 13 13 13 14 15 16 17 17 18 19 20 20 21 22 22 23 24 24 25 25 25 25 26 25 24 24 24 24 23 22 22 21 21 20 20 20 20 20 20 20 20 19 19 19 18 18 18 17 16 15 14 13 12 11 10 9 8 -9999 -9999 -9999 -9999 -9999 -9999 -9999
25 26 26 26 26 25 24 24 24 23 23 23 -9999 -9999 -9999 -9999 -9999 -9999 -9999 -9999 -9999 -9999 -9999 -9999 -9999 -9999 -9999 -9999 -9999 -9999 -9999 12 12 12 13 14 15 16 17 17 18 19 20 20 21 22 23 23 23 24 24 25 25 25 25 25 24 24 24 23 23 22 21 21 20 20 19 19 19 19 19 19 19 19 19 18 19 18 18 17 16 15 14 13 12 11 10 9 9 -9999 -9999 -9999 -9999 -9999 9 10
26 26 26 26 25 25 24 24 24 23 23 -9999 -9999 -9999 -9999 -9999 -9999 -9999 -9999 -9999 -9999 -9999 -9999 -9999 -9999 -9999 -9999 17 16 14 13 11 11 12 12 14 15 15 16 17 18 18 20 20 21 22 22 23 23 23 24 25 25 25 25 25 25 24 24 24 23 22 21 21 20 20 19 19 19 19 19 19 19 18 19 19 18 18 17 17 16 15 14 13 12 11 10 10 9 -9999 -9999 -9999 -9999 9 10 10
25 25 25 25 25 24 23 23 23 -9999 -9999 -9999 -9999 -9999 -9999 -9999 -9999 -9999 -9999 -9999 -9999 -9999 -9999 -9999 -9999 -9999 -9999 17 15 14 12 11 10 11 12 14 15 15 16 18 18 19 20 20 21 22 23 24 23 24 24 24 25 25 25 25 25 25 25 24 23 23 22 21 20 21 20 20 20 19 19 19 19 19 19 18 18 17 17 16 16 15 14 13 13 12 11 10 10 10 10 9 -9999 10 10 10
26 26 25 24 25 24 24 24 -9999 -9999 -9999 -9999 -9999 -9999 -9999 -9999 -9999 -9999 -9999 -9999 -9999 -9999 -9999 -9999 -9999 -9999 18 17 16 14 13 12 12 12 12 14 15 16 16 18 19 19 20 21 22 22 23 23 24 24 24 24 24 25 25 25 25 25 25 25 25 24 23 23 23 22 21 21 21 20 20 20 19 19 19 18 18 17 17 16 16 15 15 14 14 12 12 11 11 10 10 -9999 -9999 11 -9999 -9999
26 26 25 24 24 24 24 24 24 23 -9999 -9999 -9999 -9999 -9999 -9999 -9999 -9999 -9999 -9999 -9999 -9999 -9999 -9999 -9999 19 18 18 17 16 15 14 13 13 14 15 16 16 18 19 19 20 20 21 22 22 22 23 23 24 24 24 25 25 25 25 25 25 25 25 25 24 24 23 23 22 22 22 21 21 20 20 19 19 19 19 18 18 18 17 16 16 15 14 14 13 12 12 11 11 11 -9999 -9999 12 12 -9999
26 27 25 25 25 25 24 24 24 23 -9999 -9999 -9999 -9999 -9999 -9999 -9999 -9999 -9999 -9999 -9999 -9999 -9999 22 21 20 20 19 18 17 16 15 15 15 16 16 17 17 18 19 20 20 21 21 22 22 22 22 23 24 24 24 25 25 25 25 25 25 25 25 25 24 24 24 23 23 22 22 21 21 21 20 20 20 20 20 19 18 18 17 16 16 15 15 15 14 13 13 13 13 13 13 13 14 14 14
26 26 26 25 24 24 24 24 24 -9999 -9999 -9999 -9999 -9999 -9999 -9999 -9999 -9999 -9999 -9999 -9999 23 23 22 22 21 20 19 18 18 17 17 17 17 17 17 18 18 20 20 21 21 21 22 22 22 22 23 23 24 24 25 25 25 25 25 25 25 25 25 25 25 25 25 24 24 24 23 23 22 22 22 21 21 20 19 19 18 18 17 17 16 16 16 15 15 14 14 14 14 14 14 14 15 15 15
24 25 24 24 23 23 23 -9999 -9999 -9999 -9999 -9999 -9999 -9999 -9999 -9999 -9999 -9999 -9999 -9999 22 22 22 22 22 21 21 20 19 19 19 19 18 18 18 19 19 20 21 21 22 22 23 23 23 23 24 24 24 24 24 25 25 25 25 25 25 25 25 25 26 26 26 26 25 25 25 24 24 23 22 22 21 21 20 19 19 18 18 18 17 17 16 16 15 15 15 16 16 16 16 16 16 16 16 16
24 23 23 23 23 23 -9999 -9999 -9999 -9999 -9999 -9999 -9999 -9999 -9999 -9999 21 21 21 21 22 22 22 22 22 22 22 22 21 20 20 20 20 20 20 20 21 22 22 23 23 23 23 24 23 23 24 24 25 26 25 25 26 26 26 27 27 27 27 27 27 27 26 26 26 25 25 25 25 23 23 22 22 21 21 20 19 18 18 18 17 17 16 17 17 17 17 17 17 17 17 17 18 18 18 18
