resultados/variables_proyeccion_tiempo/variables_paleo_130k/bio12.asc
ncols 330
nrows 228
xllcorner -12.000000
yllcorner 34.000000
cellsize 0.166667
NODATA_value -9999
[rows 40 to 79 of 228, columns 91 to 181 of 330]
-9999 -9999 -9999 -9999 -9999 -9999 -9999 -9999 -9999 -9999 -9999 -9999 -9999 -9999 -9999 -9999 -9999 -9999 -9999 -9999 -9999 -9999 -9999 -9999 -9999 -9999 -9999 -9999 -9999 -9999 -9999 -9999 -9999 -9999 -9999 -9999 -9999 -9999 -9999 -9999 -9999 -9999 -9999 -9999 -9999 -9999 -9999 -9999 -9999 -9999 -9999 -9999 1893 1873 1879 1862 1833 1799 1748 1695 1612 1532 1459 1387 1288 1210 1124 1036 951 895 833 778 770 743 724 678 646 635 622 601 581 568 569 573 569 553 546 545 541 541 542
-9999 -9999 -9999 -9999 -9999 -9999 -9999 -9999 -9999 -9999 -9999 -9999 -9999 -9999 -9999 -9999 -9999 -9999 -9999 -9999 -9999 -9999 -9999 -9999 -9999 -9999 -9999 -9999 -9999 -9999 -9999 -9999 -9999 -9999 -9999 -9999 -9999 -9999 -9999 -9999 -9999 -9999 -9999 -9999 -9999 -9999 1497 1561 -9999 -9999 1737 1775 1826 1829 1815 1776 1737 1705 1656 1594 1507 1437 1362 1270 1207 1151 1077 995 937 875 816 762 755 753 685 656 636 625 608 594 588 577 554 534 535 537 543 546 548 547 541
-9999 -9999 -9999 -9999 -9999 -9999 -9999 -9999 -9999 -9999 -9999 -9999 -9999 -9999 -9999 -9999 -9999 -9999 -9999 -9999 -9999 -9999 -9999 -9999 -9999 -9999 -9999 -9999 -9999 -9999 -9999 -9999 -9999 -9999 -9999 -9999 -9999 -9999 -9999 -9999 -9999 -9999 -9999 -9999 -9999 1451 1485 1520 1545 1603 1659 1723 1766 1767 1732 1692 1658 1613 1551 1475 1418 1349 1262 1200 1120 1033 955 906 879 842 809 781 722 696 676 639 612 611 606 591 581 572 562 548 554 563 558 546 545 544 542
-9999 -9999 -9999 -9999 -9999 -9999 -9999 -9999 -9999 -9999 -9999 -9999 -9999 -9999 -9999 -9999 -9999 -9999 -9999 -9999 -9999 -9999 -9999 -9999 -9999 -9999 -9999 -9999 -9999 -9999 -9999 -9999 -9999 -9999 -9999 -9999 -9999 -9999 -9999 -9999 -9999 -9999 -9999 -9999 -9999 -9999 -9999 1468 1490 1529 1557 1616 1662 1653 1623 1587 1549 1487 1432 1385 1327 1248 1175 1120 1044 958 917 906 854 799 774 712 679 664 649 634 617 590 575 566 566 558 554 559 566 575 571 566 558 551 550
-9999 -9999 -9999 -9999 -9999 -9999 -9999 -9999 -9999 -9999 -9999 -9999 -9999 -9999 -9999 -9999 -9999 -9999 -9999 -9999 -9999 -9999 -9999 -9999 -9999 -9999 -9999 -9999 -9999 -9999 -9999 -9999 -9999 -9999 -9999 -9999 -9999 -9999 -9999 -9999 -9999 -9999 -9999 -9999 -9999 1307 1351 1385 1409 1442 1474 1508 1521 1507 1489 1461 1421 1392 1358 1313 1250 1185 1112 1032 963 898 883 849 804 751 716 694 667 632 619 603 597 607 599 569 557 551 552 554 561 577 586 584 578 573 564
-9999 -9999 -9999 -9999 -9999 -9999 -9999 -9999 -9999 -9999 -9999 -9999 -9999 -9999 -9999 -9999 -9999 -9999 -9999 -9999 -9999 -9999 -9999 -9999 -9999 -9999 -9999 -9999 -9999 -9999 -9999 -9999 -9999 -9999 -9999 -9999 -9999 -9999 -9999 -9999 -9999 -9999 -9999 1222 1249 1275 1304 1326 1322 1331 1366 1371 1369 1383 1375 1351 1317 1291 1255 1223 1171 1097 1039 984 949 896 819 773 736 707 693 661 648 626 599 594 584 575 585 578 567 554 556 555 558 567 577 585 592 589 586
-9999 -9999 -9999 -9999 -9999 -9999 -9999 -9999 -9999 -9999 -9999 -9999 -9999 -9999 -9999 -9999 -9999 -9999 -9999 -9999 -9999 -9999 -9999 -9999 -9999 -9999 -9999 -9999 -9999 -9999 -9999 -9999 -9999 -9999 -9999 -9999 -9999 -9999 -9999 -9999 -9999 1149 1164 1194 1214 1232 1235 1243 1236 1254 1270 1280 1273 1268 1242 1230 1213 1198 1157 1134 1099 1042 980 928 907 889 837 779 737 695 658 634 613 602 595 581 589 571 560 562 560 559 557 565 563 566 570 580 584 578 583
-9999 -9999 -9999 -9999 -9999 -9999 -9999 -9999 -9999 -9999 -9999 -9999 -9999 -9999 -9999 -9999 -9999 -9999 -9999 -9999 -9999 -9999 -9999 -9999 -9999 -9999 -9999 -9999 -9999 -9999 -9999 -9999 -9999 -9999 -9999 -9999 -9999 -9999 -9999 -9999 1114 1126 1146 1145 1153 1166 1168 1167 1153 1157 1148 1150 1163 1178 1178 1167 1155 1132 1086 1054 1039 1018 959 892 822 773 759 752 728 701 658 630 609 595 591 583 566 565 559 557 563 566 571 565 562 568 578 588 591 592 588
-9999 -9999 -9999 -9999 -9999 -9999 -9999 -9999 -9999 -9999 -9999 -9999 -9999 -9999 -9999 -9999 -9999 -9999 -9999 -9999 -9999 -9999 -9999 -9999 -9999 -9999 -9999 -9999 -9999 -9999 -9999 -9999 1284 1280 -9999 1229 -9999 1105 -9999 1068 1066 1082 1078 1078 1091 1086 1072 1056 1046 1051 1062 1081 1079 1081 1095 1093 1074 1049 1001 1007 978 949 917 865 796 741 696 674 669 647 630 614 594 580 582 571 567 563 557 552 557 564 572 566 571 586 592 601 603 601 595
-9999 -9999 -9999 -9999 -9999 -9999 -9999 -9999 -9999 -9999 -9999 -9999 -9999 -9999 -9999 -9999 -9999 -9999 -9999 -9999 -9999 -9999 -9999 -9999 -9999 -9999 -9999 -9999 -9999 -9999 1292 1289 1280 1266 1244 1195 -9999 1110 1059 1054 1040 1031 1026 1020 1004 1006 996 962 959 969 983 988 1000 1010 1002 988 991 981 928 899 888 850 815 776 761 722 678 636 611 603 593 586 582 578 571 568 567 563 563 558 557 555 558 565 585 595 598 598 606 611 607
-9999 -9999 -9999 -9999 -9999 -9999 -9999 -9999 -9999 -9999 -9999 -9999 -9999 -9999 -9999 -9999 -9999 -9999 -9999 -9999 -9999 -9999 -9999 -9999 -9999 -9999 -9999 -9999 -9999 -9999 1273 1278 1273 1263 1236 1199 1145 1100 1064 1027 997 975 972 975 946 905 912 910 910 922 935 944 940 957 939 932 913 905 873 845 832 800 755 716 683 662 629 604 592 578 590 590 575 571 574 580 575 571 567 565 566 561 567 573 586 596 597 602 599 609 606
-9999 -9999 -9999 -9999 -9999 -9999 -9999 -9999 -9999 -9999 -9999 -9999 -9999 -9999 -9999 -9999 -9999 -9999 -9999 -9999 -9999 -9999 -9999 -9999 -9999 -9999 -9999 1270 1263 1257 1255 1272 1264 1255 1236 1204 1146 1103 1052 1006 958 904 897 861 847 840 841 839 840 851 868 846 865 888 885 877 849 834 842 829 773 750 720 684 651 618 587 566 561 561 568 582 576 573 577 581 590 599 590 581 574 576 574 591 608 614 621 620 612 612 609
-9999 -9999 -9999 -9999 -9999 -9999 -9999 -9999 -9999 -9999 -9999 -9999 -9999 -9999 -9999 -9999 -9999 -9999 -9999 -9999 -9999 -9999 -9999 -9999 -9999 -9999 -9999 -9999 1207 1226 1223 1235 1244 1240 1225 1188 1137 1088 1023 962 927 882 844 829 816 800 784 773 783 805 817 814 827 823 837 820 813 813 808 772 742 721 687 654 622 588 560 540 540 555 556 559 565 570 576 581 583 594 594 602 598 586 587 588 595 612 618 629 637 638 626
-9999 -9999 -9999 -9999 -9999 -9999 -9999 -9999 -9999 -9999 -9999 -9999 -9999 -9999 -9999 -9999 -9999 -9999 -9999 -9999 -9999 -9999 -9999 1307 1267 1223 1202 1188 1172 1175 1186 1195 1200 1194 1178 1147 1099 1041 987 934 891 850 804 785 770 756 730 727 725 727 734 752 775 791 824 809 849 817 775 779 784 743 720 716 648 588 554 533 543 551 561 569 571 582 592 592 591 592 591 592 608 612 609 617 626 619 620 619 644 650 636
-9999 -9999 -9999 -9999 -9999 -9999 -9999 -9999 -9999 -9999 -9999 -9999 -9999 -9999 -9999 -9999 -9999 -9999 -9999 -9999 -9999 1441 1383 1337 1299 1236 1193 1151 1118 1117 1124 1134 1137 1124 1105 1069 1037 1001 950 892 871 816 772 742 718 689 685 663 668 705 732 710 720 772 779 791 779 777 787 754 724 708 699 705 658 614 572 541 544 555 563 569 574 582 591 600 603 601 607 620 610 629 642 648 655 658 654 643 646 644 635
-9999 -9999 -9999 -9999 -9999 -9999 -9999 -9999 -9999 -9999 -9999 -9999 -9999 -9999 -9999 -9999 -9999 -9999 1724 1611 1541 1511 1421 1339 1256 1183 1121 1076 1050 1038 1048 1048 1062 1051 1030 1008 1006 965 932 889 813 777 771 737 704 696 657 642 628 628 661 670 676 716 741 731 734 722 715 697 686 681 659 636 618 603 582 563 561 563 572 577 579 590 605 603 612 613 607 622 627 625 648 659 666 661 668 668 662 655 640
-9999 -9999 -9999 -9999 -9999 -9999 -9999 -9999 -9999 -9999 -9999 -9999 -9999 -9999 -9999 -9999 -9999 1770 1741 1697 1597 1542 1438 1327 1278 1127 1074 1030 1026 1017 1042 1007 1028 1017 976 959 934 917 866 861 819 773 725 700 692 659 609 575 575 586 605 618 649 693 691 676 677 704 696 680 677 675 664 652 648 624 599 573 583 581 585 590 599 599 594 592 609 610 619 620 642 647 652 658 661 655 665 670 672 662 -9999
-9999 -9999 -9999 -9999 -9999 -9999 -9999 -9999 -9999 -9999 -9999 -9999 -9999 2002 1999 1965 1973 1856 1775 1702 1616 1566 1442 1393 1337 1232 1147 1137 1039 1010 1004 971 912 1010 1012 1000 972 947 881 866 813 777 722 651 621 589 546 540 589 581 582 591 594 629 650 660 652 654 660 650 656 641 628 621 626 646 612 594 585 586 575 583 582 590 601 620 619 622 621 621 633 650 657 664 671 652 651 653 662 -9999 -9999
-9999 -9999 -9999 -9999 -9999 -9999 -9999 -9999 -9999 -9999 -9999 2139 2110 2083 2087 2032 1984 1963 1937 1823 1736 1666 1485 1363 1288 1193 1206 1198 1079 920 880 912 872 892 932 933 939 855 806 789 791 737 693 634 589 562 545 578 593 573 593 567 573 626 636 642 656 658 664 672 665 656 654 625 618 602 626 629 622 598 585 583 595 605 607 620 633 637 653 656 662 664 664 664 672 660 651 653 -9999 -9999 -9999
-9999 -9999 -9999 -9999 -9999 -9999 -9999 -9999 -9999 -9999 2159 2133 2159 2182 2182 2201 2133 2000 1942 1880 1784 1660 1521 1477 1396 1295 1239 1120 1126 1146 1002 926 869 856 787 755 783 845 819 770 704 686 672 638 582 563 543 553 578 565 554 544 571 614 621 636 623 636 649 656 675 645 648 632 617 607 607 609 608 611 599 594 602 609 623 612 618 631 636 647 653 657 663 667 669 657 651 -9999 -9999 -9999 -9999
-9999 -9999 -9999 -9999 -9999 -9999 -9999 -9999 -9999 2168 2205 2166 2218 2263 2283 2229 2172 2064 1949 1848 1686 1626 1541 1416 1392 1392 1280 1033 871 858 776 811 790 787 743 729 714 728 815 820 792 706 672 652 647 594 526 522 560 574 563 547 559 577 584 592 595 617 639 637 671 664 652 642 636 625 633 629 617 624 623 619 614 610 606 606 606 623 632 627 629 640 660 650 647 646 644 -9999 -9999 -9999 -9999
-9999 -9999 -9999 -9999 -9999 -9999 -9999 -9999 -9999 2128 2106 2255 2331 2419 2411 2387 2280 2178 2064 1885 1842 1737 1695 1624 1445 1331 1235 1149 1130 1073 892 798 897 887 733 674 673 672 659 697 700 700 674 643 587 550 545 539 532 545 548 560 590 606 605 609 616 613 607 612 622 645 655 654 658 645 642 648 641 634 625 621 622 626 619 608 614 611 620 637 633 634 637 636 636 636 632 -9999 -9999 -9999 -9999
-9999 -9999 -9999 -9999 -9999 -9999 -9999 -9999 -9999 2049 2069 2180 2237 2306 2353 2313 2316 2263 2149 1971 1885 1870 1693 1566 1265 1315 1071 1006 1050 1018 1074 1042 1017 915 749 746 669 707 661 631 636 619 643 671 635 599 552 528 523 569 569 582 604 592 632 635 658 659 624 615 621 631 651 665 674 674 664 665 655 647 626 618 609 609 628 623 631 635 624 629 646 647 631 624 625 632 629 -9999 -9999 -9999 -9999
-9999 -9999 -9999 -9999 -9999 -9999 -9999 -9999 -9999 2047 2156 2213 2303 2337 2362 2347 2330 2268 2209 2111 1981 1712 1672 1426 1190 1094 1108 1048 944 975 959 897 916 818 799 725 681 691 712 663 669 652 601 633 650 635 584 540 534 561 564 564 577 590 598 624 627 643 635 614 620 636 643 654 660 655 674 663 663 656 631 613 622 613 610 610 606 606 617 614 631 630 622 616 614 -9999 -9999 -9999 -9999 -9999 -9999
-9999 -9999 -9999 -9999 -9999 -9999 -9999 -9999 -9999 2000 2057 2174 2289 2381 2508 2478 2473 2387 2284 2144 1849 1795 1581 1341 1188 1122 1012 951 1005 918 817 830 830 705 654 691 700 708 693 674 652 622 591 599 645 623 626 605 549 535 563 575 586 614 598 603 613 619 646 646 637 637 639 641 645 636 646 652 640 634 627 612 626 618 615 617 625 625 617 608 613 614 612 608 609 601 -9999 -9999 -9999 -9999 -9999
-9999 -9999 -9999 -9999 -9999 -9999 -9999 -9999 1942 1972 2091 2227 2307 2384 2502 2556 2550 2460 2303 2117 1930 1862 1588 1419 1392 1197 1110 1043 974 953 957 881 719 672 626 605 668 676 680 701 666 656 624 574 584 594 592 594 580 554 569 591 606 609 617 608 607 623 645 659 654 653 646 643 649 645 637 616 614 632 635 632 624 629 623 619 638 641 638 638 629 611 608 603 598 -9999 -9999 -9999 -9999 -9999 -9999
-9999 -9999 -9999 -9999 -9999 -9999 -9999 -9999 -9999 1952 2022 2145 2333 2516 2668 2721 2637 2553 2413 2236 2085 1887 1713 1496 1406 1368 1318 1231 1134 1038 901 796 810 720 682 673 643 663 651 660 653 630 634 623 581 560 561 581 597 579 582 593 613 616 618 614 622 640 640 654 657 657 667 654 640 648 649 639 619 617 619 621 623 628 622 614 640 640 628 625 614 603 601 596 590 587 -9999 -9999 -9999 -9999 -9999
-9999 -9999 -9999 -9999 -9999 -9999 -9999 -9999 -9999 1890 1969 2030 2172 2525 2628 2671 2716 2606 2445 2213 2042 1890 1750 1611 1531 1432 1290 1191 1034 967 920 815 741 669 655 674 723 695 662 650 665 653 626 636 615 583 560 556 578 605 621 612 619 623 619 629 641 629 645 659 661 654 655 656 650 647 655 665 652 636 630 632 634 620 605 596 602 618 624 615 604 596 593 590 586 580 -9999 -9999 -9999 -9999 -9999
-9999 -9999 -9999 -9999 -9999 -9999 -9999 -9999 -9999 1877 1896 2000 2130 2242 2537 2691 2730 2619 2430 2208 2036 1842 1647 1608 1496 1488 1334 1203 1098 925 812 764 729 723 697 643 707 713 716 670 653 666 646 652 657 654 660 650 629 658 673 667 634 627 639 659 659 653 649 632 651 669 668 659 657 654 649 650 663 657 647 636 635 615 592 591 612 609 605 594 584 582 584 583 578 571 564 555 552 548 -9999
-9999 -9999 -9999 -9999 -9999 -9999 -9999 -9999 -9999 -9999 1855 1917 2045 2288 2523 2626 2718 2561 2362 2199 1993 1832 1765 1531 1446 1337 1259 1131 1042 962 876 809 773 747 751 773 698 695 697 716 715 670 677 649 691 714 708 691 685 696 680 691 673 651 662 657 661 655 635 632 637 655 665 660 663 661 661 660 656 662 662 678 652 621 606 598 597 594 601 596 585 580 577 573 569 564 557 552 547 540 533
-9999 -9999 -9999 -9999 -9999 -9999 -9999 -9999 -9999 -9999 1802 1858 1936 2119 2292 2467 2493 2405 2295 2243 2006 1973 1827 1662 1545 1417 1275 1168 1075 1001 948 897 844 799 733 725 735 741 691 669 669 672 669 689 716 726 734 730 723 716 702 693 693 666 675 663 668 640 632 622 643 633 642 651 662 666 683 678 680 679 669 663 656 637 627 620 603 596 596 585 580 567 564 564 557 551 548 542 539 533 525
-9999 -9999 -9999 -9999 -9999 -9999 -9999 -9999 -9999 -9999 -9999 1745 1814 1938 2123 2191 2236 2308 2299 2243 1991 1966 1860 1715 1554 1417 1290 1176 1107 1039 958 919 858 782 808 704 709 687 660 661 672 658 656 724 733 735 741 741 737 726 728 725 718 686 678 664 671 657 639 618 633 633 624 633 649 659 656 675 684 689 694 677 654 639 617 617 612 598 582 575 564 558 555 551 546 541 535 532 529 521 515
-9999 -9999 -9999 -9999 -9999 -9999 -9999 -9999 -9999 -9999 -9999 1667 1725 1976 1999 2062 2238 2289 2267 2139 1986 1925 1781 1737 1551 1407 1291 1276 1131 998 951 912 859 775 736 745 754 686 689 676 663 723 695 699 691 706 738 742 747 747 736 733 709 689 667 656 655 655 641 619 620 632 617 635 649 645 652 654 661 669 667 678 673 651 636 616 604 596 580 565 552 547 543 543 536 528 520 519 515 511 507
-9999 -9999 -9999 -9999 -9999 -9999 -9999 -9999 -9999 -9999 -9999 1583 1632 1748 1788 1876 2057 2115 2175 2104 2013 1843 1798 1690 1510 1337 1185 1115 1070 888 906 920 853 814 770 701 749 738 703 689 670 703 675 686 684 697 728 746 740 740 740 730 721 696 670 651 641 652 643 620 608 604 615 624 625 625 635 641 641 644 658 638 641 625 614 605 601 595 576 554 538 531 527 523 520 514 510 510 508 504 499
-9999 -9999 -9999 -9999 -9999 -9999 -9999 -9999 -9999 -9999 -9999 1510 1518 1588 1763 1873 1973 2111 2071 2012 1947 1807 1753 1656 1514 1359 1352 1117 920 903 860 837 813 840 769 713 689 740 730 704 713 694 676 683 695 690 709 727 733 742 738 732 714 703 696 667 632 624 611 609 599 592 589 592 603 610 612 632 635 636 626 621 603 601 595 589 583 573 556 537 519 517 515 512 508 506 503 503 499 496 492
-9999 -9999 -9999 -9999 -9999 -9999 -9999 -9999 -9999 -9999 -9999 1356 1425 1500 1574 1749 1842 1875 1965 2000 1952 1906 1806 1713 1540 1374 1358 1119 969 874 828 808 791 786 779 714 707 769 763 754 705 685 666 661 666 674 691 717 723 735 740 725 705 699 693 677 658 628 608 598 588 579 575 573 577 590 596 603 614 618 621 598 586 581 574 569 563 555 544 530 519 512 509 506 501 495 491 491 493 488 483
-9999 -9999 -9999 -9999 -9999 -9999 -9999 -9999 -9999 -9999 1242 -9999 1324 1381 1481 1555 1657 1786 1939 1969 1963 1908 1806 1702 1555 1389 1296 1169 1038 927 978 861 858 814 799 744 716 704 695 709 685 675 661 652 654 667 677 690 715 737 741 722 707 692 678 668 644 618 606 587 573 566 562 560 560 566 585 587 596 603 583 567 567 561 556 552 548 546 538 533 525 518 514 509 500 492 486 480 482 479 475
-9999 -9999 -9999 -9999 -9999 -9999 -9999 -9999 -9999 -9999 -9999 -9999 1267 1252 1330 1444 1590 1789 1904 1949 1939 1890 1770 1715 1603 1452 1274 1235 1121 1007 977 930 907 872 806 762 743 717 694 682 675 659 648 643 639 652 662 679 706 725 743 733 710 698 677 669 642 611 591 580 564 555 550 548 549 553 564 573 575 571 566 559 560 556 552 545 541 535 535 528 522 516 511 506 494 488 476 467 469 466 465
-9999 -9999 -9999 -9999 -9999 -9999 -9999 -9999 -9999 -9999 -9999 -9999 -9999 -9999 1239 1356 1546 1692 1857 1952 1945 1864 1769 1695 1609 1491 1335 1213 1180 1107 1031 970 906 910 850 791 760 724 698 671 660 652 -9999 -9999 -9999 -9999 656 672 693 729 735 730 712 696 679 656 627 603 585 568 554 543 539 538 537 548 554 569 570 575 563 563 556 547 541 533 529 526 523 518 514 513 512 504 491 476 462 450 445 449 449
-9999 -9999 -9999 -9999 -9999 -9999 -9999 -9999 -9999 -9999 -9999 -9999 -9999 1189 1231 1379 1590 1744 1829 1889 1885 1803 1766 1704 1623 1490 1383 1261 1231 1143 1073 1017 964 924 866 803 762 729 -9999 -9999 -9999 -9999 -9999 -9999 -9999 -9999 -9999 658 675 707 712 715 703 694 688 647 623 605 584 562 545 533 528 529 533 540 552 555 565 555 543 551 538 525 519 516 516 524 524 518 513 509 506 499 484 465 449 434 428 -9999 -9999
