resultados/variables_proyeccion_tiempo/variables_paleo_130k/bio12.asc
ncols 330
nrows 228
xllcorner -12.000000
yllcorner 34.000000
cellsize 0.166667
NODATA_value -9999
[rows 120 to 159 of 228, columns 182 to 272 of 330]
529 526 528 534 538 545 551 553 552 553 544 540 546 547 540 526 519 512 516 523 528 534 536 535 534 534 533 536 534 526 518 514 524 536 543 549 554 559 564 567 570 570 569 568 570 570 570 574 578 581 586 588 589 589 590 590 591 592 590 589 586 590 591 590 591 591 587 582 580 580 576 569 564 561 553 549 547 548 544 542 539 535 535 536 539 540 542 541 537 535 534
529 532 535 543 550 558 565 575 571 566 560 553 551 551 543 536 528 523 518 525 533 534 535 533 531 529 529 529 524 518 511 509 518 528 536 544 552 557 559 563 564 565 566 566 566 567 571 575 580 583 586 589 592 592 593 594 595 596 594 592 592 591 588 588 587 587 584 580 579 577 572 567 561 556 554 553 550 544 541 539 534 535 535 535 539 540 542 545 539 535 538
543 544 544 554 560 566 575 579 574 571 568 564 558 553 552 545 540 537 533 526 526 528 531 530 528 529 527 523 519 514 504 501 511 522 533 541 550 556 560 562 565 564 562 563 565 565 571 577 583 585 590 593 596 598 598 598 598 597 597 595 597 594 592 591 589 586 584 581 579 574 571 568 562 559 560 555 550 544 537 535 534 535 534 532 533 533 534 535 535 535 539
553 557 558 558 565 575 583 584 580 578 583 579 580 578 563 559 556 552 548 544 538 532 537 536 534 533 529 523 518 510 503 503 512 523 535 546 554 559 562 564 564 560 560 561 562 564 570 577 583 589 595 597 601 604 605 606 607 603 604 611 605 603 599 595 592 590 588 585 580 576 572 568 563 558 558 554 549 539 534 532 531 529 526 528 529 531 533 533 536 538 539
570 573 570 572 576 580 590 591 594 592 593 597 602 615 601 582 574 564 555 548 538 537 546 547 547 539 535 527 523 520 515 514 519 531 542 549 559 563 565 563 560 557 558 558 558 561 566 572 582 590 595 603 608 609 612 612 611 609 606 608 604 601 596 591 587 585 582 580 578 575 574 568 562 558 559 553 544 539 535 532 531 529 528 528 531 533 536 539 538 539 540
593 595 593 591 593 595 601 611 611 611 615 617 625 634 634 615 596 582 571 560 546 550 552 556 553 551 549 540 531 532 532 528 532 539 548 556 561 564 566 564 559 555 552 550 552 556 562 569 580 591 598 607 615 616 616 615 615 612 607 603 599 595 590 589 587 586 586 583 579 576 573 569 562 558 556 547 543 537 532 528 525 526 525 527 530 536 538 541 542 545 545
620 618 616 615 608 612 611 620 621 626 632 636 640 642 649 647 625 604 583 569 560 559 563 568 570 565 562 557 548 546 548 553 550 555 559 564 569 573 571 565 560 554 549 550 552 554 559 566 578 592 603 611 621 625 626 622 616 613 609 604 598 593 589 587 586 584 584 582 579 576 574 573 565 560 555 549 541 534 529 525 522 520 522 526 531 537 541 545 546 547 548
639 640 639 641 629 639 645 640 640 648 650 648 643 644 644 647 644 630 604 581 567 555 563 569 576 578 571 560 556 557 559 561 562 565 571 577 576 578 577 572 564 555 550 549 548 550 552 564 580 595 611 621 630 630 630 626 621 617 610 605 598 592 587 584 581 579 578 576 578 578 576 572 566 562 554 551 541 532 528 522 519 518 519 524 534 536 543 546 546 548 545
650 654 656 660 660 666 688 688 674 674 673 664 651 653 653 644 633 619 601 577 565 563 564 569 572 576 573 578 583 583 584 578 580 588 588 586 588 586 584 576 568 559 550 551 553 550 556 566 589 600 620 635 640 640 637 631 626 620 613 607 597 590 586 584 582 581 578 581 581 579 580 573 575 563 560 549 537 528 521 515 510 509 513 519 527 535 538 545 549 545 540
670 673 682 684 683 689 707 729 726 708 701 689 679 662 661 653 635 619 603 589 584 582 581 578 580 581 582 580 586 601 605 599 597 602 604 600 599 598 589 581 572 564 564 560 554 566 571 581 595 607 631 644 652 652 645 637 626 621 611 604 594 587 583 580 579 579 581 583 583 583 582 578 581 569 562 549 535 524 514 508 502 501 507 515 524 533 545 550 549 539 532
685 697 700 711 707 707 725 757 767 730 702 692 681 676 662 657 649 639 625 619 611 607 605 601 595 591 597 598 596 607 627 622 618 619 619 615 610 606 597 587 576 571 569 565 563 576 585 590 601 619 640 657 670 664 655 643 630 624 613 600 591 581 578 578 578 580 580 582 582 580 581 581 579 566 556 546 535 522 510 502 495 497 506 514 522 531 545 551 548 536 525
715 728 740 741 731 727 731 734 716 703 695 687 683 680 681 680 685 671 656 647 639 628 622 618 611 606 606 608 613 621 635 658 652 650 644 637 626 618 607 598 590 586 585 579 586 591 589 601 618 632 645 667 679 671 656 644 633 626 612 603 593 586 583 583 583 585 583 581 580 581 582 580 573 568 559 547 531 520 509 501 498 499 507 515 523 532 545 555 547 532 522
722 747 764 772 778 775 768 761 735 741 734 711 721 722 714 719 723 707 699 694 675 667 663 664 651 642 630 620 627 636 647 667 684 691 671 655 641 628 619 621 622 615 608 598 600 597 599 609 618 635 650 661 668 666 655 644 630 624 615 607 599 592 591 586 586 587 585 584 584 582 579 576 574 568 563 551 539 525 515 504 501 503 509 516 522 529 538 545 539 532 514
764 790 837 921 923 897 934 861 875 842 834 812 795 765 759 754 750 729 705 697 698 693 698 683 677 676 656 643 651 657 665 677 690 703 703 675 664 655 654 642 636 624 612 609 608 610 613 618 628 639 649 655 658 658 651 642 634 626 616 608 603 596 595 592 588 587 586 586 582 578 577 573 568 563 554 544 532 524 519 506 502 505 511 515 520 526 527 529 531 519 506
881 973 935 1006 1000 1046 1056 1073 964 911 959 941 825 760 787 820 804 804 776 745 731 715 704 707 729 730 694 676 678 676 681 687 692 697 710 693 687 669 665 651 643 632 620 609 608 617 616 621 632 640 646 652 654 653 650 641 630 621 611 602 599 597 597 596 593 587 585 585 583 578 579 576 573 562 552 544 534 526 514 503 501 503 506 511 517 521 517 518 517 509 502
968 964 951 1008 1060 1082 1038 967 978 969 917 857 815 881 843 881 859 825 791 776 781 796 772 748 739 758 763 746 724 709 700 698 700 696 694 685 679 672 668 658 652 641 625 617 615 619 629 628 635 641 644 645 646 645 639 634 628 621 611 602 595 594 592 596 596 591 589 584 583 582 583 576 571 565 558 544 531 522 513 505 505 504 500 501 506 512 508 509 508 503 499
903 870 878 980 1075 1028 1000 1089 1278 1270 1273 1118 805 835 832 832 853 776 734 720 740 764 806 837 813 803 795 782 793 783 770 735 715 710 701 690 682 666 659 663 655 651 638 632 627 628 630 636 636 639 644 643 645 642 639 638 629 618 606 601 594 592 591 592 589 592 588 587 588 587 585 578 572 565 553 542 536 525 515 512 503 499 505 502 500 501 501 500 498 495 489
807 884 997 917 973 1007 965 944 997 1015 1065 798 713 817 812 804 751 731 722 709 712 728 752 794 835 852 860 830 817 854 819 778 754 730 727 708 689 680 660 656 657 657 650 645 636 634 632 633 641 637 641 640 634 639 636 631 625 617 607 596 591 592 594 592 588 587 586 590 589 586 582 581 570 562 551 535 528 522 512 504 501 496 500 504 506 501 498 500 495 487 480
891 913 897 914 1076 1057 1115 1145 1058 1010 1038 880 760 709 733 751 737 691 787 706 686 714 775 789 755 791 830 867 840 855 833 863 829 776 746 726 719 694 668 664 654 654 654 652 642 637 637 632 633 634 639 637 630 630 630 626 624 619 608 602 597 590 588 587 587 590 583 584 589 589 587 583 570 555 541 529 522 516 511 505 499 494 496 493 500 505 505 500 496 491 485
785 769 870 962 895 830 910 867 863 898 783 779 684 773 759 743 735 669 686 732 669 685 699 746 782 767 809 825 818 853 851 867 880 881 817 772 733 703 684 671 664 654 656 648 648 640 637 632 630 625 634 632 626 625 620 621 617 612 606 601 600 597 591 587 582 581 582 585 584 584 586 578 563 551 535 521 515 507 500 496 491 488 486 485 494 501 498 493 486 487 483
729 853 781 792 767 759 823 859 794 706 658 611 631 642 654 632 630 633 703 672 663 677 695 712 734 752 783 772 792 863 829 864 901 920 902 850 794 741 713 687 671 660 654 649 647 640 631 630 622 616 616 619 617 615 611 612 613 608 599 599 598 594 593 586 582 577 576 576 575 575 574 566 553 540 523 517 510 503 498 493 490 482 473 467 480 486 489 485 477 475 476
700 758 761 798 753 818 767 671 625 617 602 581 594 597 595 608 622 651 701 664 667 671 686 695 695 692 699 744 792 762 828 828 886 892 891 877 871 798 765 708 679 656 645 643 640 649 651 635 624 612 611 617 618 617 615 608 607 604 595 592 591 590 588 588 580 576 572 568 562 563 560 550 542 528 515 503 498 495 490 485 482 476 469 461 464 473 477 477 473 467 467
641 643 664 672 691 702 641 616 609 613 587 575 583 581 576 590 607 647 649 638 648 659 672 680 681 680 683 689 705 756 749 799 824 838 895 882 837 844 833 771 719 686 672 661 658 643 627 613 606 602 599 600 605 606 608 610 604 603 590 579 579 579 583 585 581 572 568 566 561 552 544 538 527 518 505 491 490 486 484 483 479 476 467 463 460 466 473 473 468 463 457
617 609 616 625 631 611 604 603 607 611 593 596 648 658 582 577 593 607 626 634 640 649 661 668 666 665 665 672 693 750 746 762 771 779 811 819 853 911 826 770 759 757 711 668 655 648 636 616 603 593 590 591 587 597 597 599 594 589 586 588 572 564 569 576 573 571 565 557 549 543 534 527 518 502 489 483 481 479 482 480 478 474 463 457 456 460 465 460 456 453 452
596 596 607 680 628 614 610 606 610 645 600 572 582 581 567 569 582 597 610 623 631 642 652 656 651 650 649 656 678 719 767 826 808 761 771 820 873 879 876 826 797 781 749 697 657 635 625 613 593 583 579 577 578 579 590 590 587 585 579 578 582 582 569 565 560 562 560 553 546 537 529 520 510 497 485 479 472 473 470 463 466 464 460 455 449 448 452 452 447 442 443
592 593 602 638 599 591 587 568 568 561 552 548 549 551 556 565 576 587 597 612 622 635 644 644 640 638 638 644 669 706 777 812 830 792 768 748 773 821 854 885 842 803 765 740 695 625 612 611 593 576 567 570 571 566 578 582 583 578 578 578 571 580 576 561 551 555 552 551 541 532 524 516 508 496 486 476 467 461 461 460 457 455 451 449 445 446 446 442 440 435 437
602 602 604 626 579 583 578 557 547 542 541 542 543 548 553 563 571 580 590 601 611 623 631 633 632 631 633 652 693 707 725 758 771 782 796 806 783 864 871 891 838 798 764 711 693 641 610 594 587 578 577 559 560 562 562 570 574 576 569 566 559 553 561 562 549 544 542 544 534 525 517 504 496 490 479 475 468 455 457 460 453 455 448 447 442 442 440 435 434 429 428
601 585 586 589 567 558 564 556 544 541 539 541 543 546 553 559 567 574 581 587 599 612 619 627 636 646 647 656 671 684 724 735 741 737 741 759 746 795 765 775 802 784 780 764 707 675 621 588 582 573 583 559 551 552 560 564 569 573 575 567 563 550 543 549 539 535 537 536 526 521 509 501 491 481 480 470 465 459 454 452 450 452 447 439 441 438 434 430 428 424 422
573 576 573 567 558 551 552 555 546 540 539 541 543 547 554 560 567 575 581 588 598 609 620 631 648 647 651 651 664 666 684 690 691 698 692 692 700 710 743 777 799 809 790 779 725 720 666 610 571 565 553 554 540 546 553 562 561 568 584 572 563 555 550 546 528 526 528 530 515 513 504 495 490 482 472 466 465 460 457 454 445 447 447 439 439 437 431 425 423 419 419
569 570 571 566 558 553 553 553 549 544 541 541 544 548 554 561 566 574 582 591 604 621 633 643 684 701 684 677 670 648 661 662 659 651 677 672 682 693 773 814 822 855 779 766 761 667 671 640 580 556 542 538 546 556 563 567 570 553 559 570 570 555 540 534 525 519 513 519 512 503 497 487 480 478 472 462 459 456 453 451 447 443 441 438 436 432 427 421 419 416 412
580 575 578 570 562 556 556 555 551 547 543 542 544 548 555 562 570 578 585 593 605 627 644 663 719 712 740 709 666 652 647 635 617 633 646 662 666 677 682 709 743 750 697 741 718 705 646 622 569 554 544 525 554 557 562 573 573 575 545 549 553 552 536 526 522 514 505 499 501 490 494 483 472 468 467 458 451 453 449 446 444 437 436 434 431 429 423 418 414 409 406
591 584 586 575 565 560 559 557 554 548 546 544 545 550 556 564 572 581 588 595 605 617 626 630 663 816 899 794 766 715 643 631 614 619 631 643 650 650 648 671 751 800 682 705 773 723 719 689 600 545 547 534 557 564 564 557 562 566 546 536 543 541 536 526 517 515 505 489 484 481 483 478 467 460 458 454 449 445 442 440 440 435 434 431 427 425 419 412 406 402 397
607 597 591 578 572 568 566 562 557 553 548 544 546 550 559 567 575 583 591 598 606 616 665 730 658 748 904 880 903 876 728 654 614 610 620 630 636 632 636 653 675 747 747 720 670 732 727 717 652 572 563 542 562 573 564 566 551 556 543 521 529 530 525 525 517 506 505 499 486 472 469 472 466 457 451 451 445 441 438 435 433 432 430 426 419 416 410 405 400 396 395
631 610 596 588 582 581 577 569 561 551 541 539 543 552 561 570 579 590 596 603 608 619 630 685 714 739 870 793 813 803 728 681 608 606 618 621 624 627 629 639 651 676 663 782 644 706 742 692 619 595 572 557 560 565 564 555 544 542 528 517 528 523 519 509 512 502 501 492 489 479 461 456 459 455 451 -9999 -9999 -9999 -9999 429 428 426 422 418 417 414 409 403 397 393 391
662 636 609 601 603 595 587 577 565 548 533 538 547 556 566 578 587 596 604 617 659 654 682 673 691 664 710 736 756 802 757 646 602 613 620 623 631 635 638 635 644 638 645 674 737 648 697 745 663 593 565 570 548 552 549 540 536 535 513 519 526 511 509 508 501 490 488 481 477 468 460 446 447 447 445 -9999 -9999 -9999 -9999 426 424 421 420 417 415 410 406 401 393 389 388
661 648 628 618 612 604 595 584 571 557 546 546 553 562 571 584 595 607 618 628 650 656 659 687 685 710 683 693 718 716 687 610 618 621 629 637 646 658 657 662 654 633 638 626 660 704 666 667 711 670 612 596 558 539 535 531 541 536 508 519 519 501 499 501 492 478 471 468 463 451 445 440 433 436 -9999 -9999 -9999 -9999 -9999 -9999 -9999 -9999 417 414 411 405 401 396 391 386 388
669 657 644 635 625 617 606 595 584 573 562 558 563 570 579 589 599 613 627 642 645 649 647 650 669 667 674 645 671 636 635 639 633 644 647 661 658 657 661 660 649 641 687 644 679 662 633 697 773 704 619 598 557 532 523 529 537 522 507 511 507 494 498 490 474 465 456 448 440 431 425 426 427 -9999 -9999 -9999 -9999 -9999 -9999 -9999 -9999 -9999 -9999 -9999 -9999 -9999 -9999 -9999 -9999 -9999 398
685 676 669 656 643 631 621 609 598 587 578 575 575 579 587 595 604 612 620 629 632 642 659 714 796 834 754 656 651 711 784 795 811 740 677 655 656 669 678 672 677 681 677 636 646 684 687 780 837 759 650 607 553 524 516 515 517 516 496 508 500 491 489 474 460 443 432 423 413 409 412 -9999 -9999 -9999 -9999 -9999 -9999 -9999 -9999 -9999 -9999 -9999 -9999 -9999 -9999 -9999 -9999 398 400 401 406
712 702 693 681 664 648 633 621 612 602 594 589 588 590 596 604 611 620 629 644 658 658 662 756 788 808 751 687 727 827 933 931 975 937 870 737 848 939 978 949 903 830 734 804 786 817 780 789 791 752 674 598 553 523 513 507 506 506 489 497 492 484 480 465 445 425 407 393 393 395 -9999 -9999 -9999 -9999 -9999 -9999 -9999 -9999 -9999 -9999 -9999 -9999 -9999 -9999 -9999 408 406 406 408 411 419
740 729 720 704 683 664 648 636 629 621 611 604 601 603 607 613 619 628 639 653 682 687 701 682 823 946 958 973 852 791 808 975 964 851 813 733 778 838 861 901 869 876 960 914 898 862 800 724 692 650 617 596 548 526 513 504 496 492 483 478 479 475 473 459 432 407 384 367 358 -9999 -9999 -9999 -9999 -9999 -9999 -9999 -9999 -9999 -9999 -9999 -9999 -9999 -9999 -9999 419 423 422 417 413 414 425
