resultados/variables_proyeccion_tiempo/variables_paleo_130k/bio10.asc
ncols 330
nrows 228
xllcorner -12.000000
yllcorner 34.000000
cellsize 0.166667
NODATA_value -9999
[rows 164 to 204 of 228, columns 0 to 91 of 330]
-9999 -9999 -9999 -9999 -9999 -9999 -9999 -9999 -9999 -9999 -9999 -9999 -9999 -9999 -9999 -9999 -9999 -9999 -9999 -9999 -9999 -9999 -9999 -9999 -9999 -9999 -9999 -9999 -9999 -9999 -9999 -9999 -9999 -9999 -9999 -9999 -9999 -9999 -9999 -9999 -9999 -9999 -9999 -9999 -9999 -9999 -9999 -9999 -9999 -9999 -9999 -9999 -9999 -9999 -9999 -9999 -9999 -9999 -9999 -9999 -9999 -9999 -9999 -9999 218 220 221 220 221 223 224 225 226 226 226 226 227 225 224 225 224 223 225 227 228 227 224 221 215 196 177 192
-9999 -9999 -9999 -9999 -9999 -9999 -9999 -9999 -9999 -9999 -9999 -9999 -9999 -9999 -9999 -9999 -9999 -9999 -9999 -9999 -9999 -9999 -9999 -9999 -9999 -9999 -9999 -9999 -9999 -9999 -9999 -9999 -9999 -9999 -9999 -9999 -9999 -9999 -9999 -9999 -9999 -9999 -9999 -9999 -9999 -9999 -9999 -9999 -9999 -9999 -9999 -9999 -9999 -9999 -9999 -9999 -9999 -9999 -9999 -9999 -9999 -9999 -9999 -9999 220 220 221 222 222 224 223 223 226 228 227 228 228 228 227 227 228 228 228 227 224 220 222 221 218 219 212 207
-9999 -9999 -9999 -9999 -9999 -9999 -9999 -9999 -9999 -9999 -9999 -9999 -9999 -9999 -9999 -9999 -9999 -9999 -9999 -9999 -9999 -9999 -9999 -9999 -9999 -9999 -9999 -9999 -9999 -9999 -9999 -9999 -9999 -9999 -9999 -9999 -9999 -9999 -9999 -9999 -9999 -9999 -9999 -9999 -9999 -9999 -9999 -9999 -9999 -9999 -9999 -9999 -9999 -9999 -9999 -9999 -9999 -9999 -9999 -9999 -9999 -9999 -9999 -9999 220 221 221 222 222 223 223 223 225 227 228 228 228 228 229 231 231 232 228 228 225 220 219 218 211 207 217 209
-9999 -9999 -9999 -9999 -9999 -9999 -9999 -9999 -9999 -9999 -9999 -9999 -9999 -9999 -9999 -9999 -9999 -9999 -9999 -9999 -9999 -9999 -9999 -9999 -9999 -9999 -9999 -9999 -9999 -9999 -9999 -9999 -9999 -9999 -9999 -9999 -9999 -9999 -9999 -9999 -9999 -9999 -9999 -9999 -9999 -9999 -9999 -9999 -9999 -9999 -9999 -9999 -9999 -9999 -9999 -9999 -9999 -9999 -9999 -9999 -9999 -9999 -9999 222 221 221 222 223 224 224 225 223 225 227 228 228 231 233 234 236 236 236 230 234 232 230 227 222 220 225 225 216
-9999 -9999 -9999 -9999 -9999 -9999 -9999 -9999 -9999 -9999 -9999 -9999 -9999 -9999 -9999 -9999 -9999 -9999 -9999 -9999 -9999 -9999 -9999 -9999 -9999 -9999 -9999 -9999 -9999 -9999 -9999 -9999 -9999 -9999 -9999 -9999 -9999 -9999 -9999 -9999 -9999 -9999 -9999 -9999 -9999 -9999 -9999 -9999 -9999 -9999 -9999 -9999 -9999 -9999 -9999 -9999 -9999 -9999 -9999 -9999 -9999 -9999 -9999 222 222 221 223 226 227 227 226 225 225 227 228 229 230 230 232 236 237 236 236 238 238 236 230 229 235 231 224 217
-9999 -9999 -9999 -9999 -9999 -9999 -9999 -9999 -9999 -9999 -9999 -9999 -9999 -9999 -9999 -9999 -9999 -9999 -9999 -9999 -9999 -9999 -9999 192 191 196 199 203 -9999 -9999 -9999 -9999 -9999 -9999 -9999 -9999 -9999 -9999 -9999 -9999 -9999 -9999 -9999 -9999 -9999 -9999 -9999 -9999 -9999 -9999 -9999 -9999 -9999 -9999 -9999 -9999 -9999 -9999 -9999 -9999 -9999 -9999 -9999 223 223 225 227 227 227 226 226 227 226 227 228 229 230 232 231 236 237 238 239 238 238 235 226 218 216 219 227 230
-9999 -9999 -9999 -9999 -9999 -9999 -9999 -9999 -9999 -9999 -9999 -9999 -9999 -9999 -9999 -9999 -9999 -9999 -9999 -9999 -9999 -9999 195 194 191 186 190 198 204 207 208 207 205 204 201 204 206 206 207 208 209 -9999 -9999 -9999 -9999 -9999 -9999 -9999 -9999 -9999 212 -9999 -9999 -9999 -9999 -9999 -9999 -9999 -9999 -9999 -9999 -9999 225 225 226 226 227 226 226 224 224 225 227 225 228 228 230 232 233 235 238 238 238 238 241 240 227 214 213 222 238 243
-9999 -9999 -9999 -9999 -9999 -9999 -9999 -9999 -9999 -9999 -9999 -9999 -9999 -9999 -9999 -9999 -9999 -9999 192 197 -9999 195 197 190 186 185 181 190 199 200 191 196 193 193 196 203 201 203 200 204 206 209 206 202 212 216 213 214 213 212 211 211 211 216 214 212 215 220 -9999 -9999 219 225 225 225 225 227 226 225 225 222 219 220 225 225 227 227 230 232 232 236 237 238 239 239 231 220 222 226 234 244 252 253
-9999 -9999 -9999 -9999 -9999 -9999 -9999 -9999 -9999 -9999 -9999 -9999 -9999 -9999 -9999 -9999 194 194 193 194 192 193 198 191 186 191 195 195 195 188 195 185 191 193 189 190 191 199 195 194 189 191 173 177 196 201 203 206 206 198 193 205 204 210 214 216 211 213 215 219 218 214 215 212 219 222 224 223 222 221 220 215 220 222 222 224 227 229 233 235 236 238 238 239 243 244 246 251 254 256 257 257
-9999 -9999 -9999 -9999 -9999 -9999 -9999 -9999 -9999 -9999 -9999 -9999 -9999 -9999 -9999 -9999 194 191 189 188 190 194 194 190 188 193 198 196 191 191 195 183 186 171 168 167 177 184 177 168 171 173 163 166 184 171 182 191 192 187 186 193 202 208 209 203 209 212 213 213 205 206 206 200 201 193 208 206 200 196 198 205 204 210 211 218 224 228 228 229 232 234 236 236 238 242 236 244 251 255 259 -9999
-9999 -9999 -9999 -9999 -9999 -9999 -9999 -9999 -9999 -9999 -9999 -9999 -9999 -9999 -9999 -9999 195 188 190 194 199 200 199 196 192 194 200 203 195 198 189 175 174 170 166 164 172 173 177 175 181 179 176 164 172 178 182 190 192 194 198 201 197 199 202 208 210 204 205 203 202 214 210 200 191 185 177 155 170 155 147 168 144 157 179 191 192 191 204 214 199 217 211 222 224 235 227 235 246 253 261 -9999
-9999 -9999 -9999 -9999 -9999 -9999 -9999 -9999 -9999 -9999 -9999 -9999 -9999 -9999 -9999 -9999 -9999 196 196 197 203 203 200 195 192 198 200 202 189 186 181 190 198 182 178 182 192 194 200 199 197 195 192 189 191 194 196 194 195 196 194 204 204 208 214 213 208 207 205 208 214 223 219 216 211 201 194 178 157 139 133 129 129 143 143 159 168 145 150 168 163 180 185 181 193 203 225 247 257 263 263 -9999
-9999 -9999 -9999 -9999 -9999 -9999 -9999 -9999 -9999 -9999 -9999 -9999 -9999 -9999 -9999 -9999 -9999 201 199 204 201 193 189 192 190 203 208 211 196 184 198 214 214 201 193 201 205 208 213 211 208 206 202 201 202 204 203 201 198 197 202 207 209 212 221 218 217 219 225 228 233 231 219 220 223 212 209 202 193 184 173 169 168 162 150 141 142 133 159 171 140 147 143 142 164 186 213 228 254 261 260 -9999
-9999 -9999 -9999 -9999 -9999 -9999 -9999 -9999 -9999 -9999 -9999 -9999 -9999 -9999 -9999 -9999 -9999 203 204 202 203 190 195 208 212 209 208 205 208 203 206 199 186 177 197 209 214 216 218 217 214 214 211 211 211 212 212 210 205 206 203 202 206 208 217 226 225 234 237 239 239 240 237 233 221 211 201 207 201 199 190 189 208 203 192 180 189 170 182 173 191 168 170 189 159 153 179 218 238 247 251 259
-9999 -9999 -9999 -9999 -9999 -9999 -9999 -9999 -9999 -9999 -9999 -9999 -9999 -9999 -9999 -9999 -9999 -9999 204 203 205 200 197 215 214 210 198 181 183 199 177 166 180 182 197 212 218 220 221 219 220 220 218 218 219 218 217 213 214 211 206 197 186 187 191 206 206 208 216 234 242 246 243 241 236 229 221 224 216 204 198 201 212 220 219 211 212 215 197 197 206 175 181 192 200 204 225 237 248 259 261 252
-9999 -9999 -9999 -9999 -9999 -9999 -9999 -9999 -9999 -9999 -9999 -9999 -9999 -9999 -9999 -9999 -9999 -9999 195 199 210 210 199 187 197 205 203 195 193 192 175 182 199 203 212 217 220 223 224 224 225 223 224 225 225 221 221 219 219 216 210 208 204 191 190 186 190 196 205 220 235 246 249 243 245 242 236 237 233 231 226 230 234 234 224 225 220 230 220 225 217 213 211 230 226 229 224 240 252 259 260 258
-9999 -9999 -9999 -9999 -9999 -9999 -9999 -9999 -9999 -9999 -9999 -9999 -9999 -9999 -9999 -9999 -9999 -9999 197 201 197 202 190 196 186 188 205 218 208 205 202 203 210 210 212 216 222 226 227 228 227 227 226 225 226 227 223 219 219 218 215 210 211 208 201 201 205 209 204 217 226 237 244 253 253 242 237 247 237 242 241 241 248 250 243 242 238 241 246 245 233 236 242 245 235 238 232 242 259 254 257 256
-9999 -9999 -9999 -9999 -9999 -9999 -9999 -9999 -9999 -9999 -9999 -9999 -9999 -9999 -9999 -9999 -9999 -9999 198 198 205 207 199 190 190 193 211 218 216 220 206 215 218 216 218 219 224 228 230 229 229 226 226 229 231 228 226 224 227 226 225 223 220 217 215 214 217 220 217 215 204 209 233 247 255 258 257 254 240 237 248 252 258 260 263 262 265 262 255 247 239 236 249 252 237 237 233 254 261 255 259 -9999
-9999 -9999 -9999 -9999 -9999 -9999 -9999 -9999 -9999 -9999 -9999 -9999 -9999 -9999 -9999 -9999 -9999 -9999 -9999 201 206 211 212 202 202 211 214 215 233 230 217 221 225 221 222 223 227 230 231 230 231 231 231 235 233 230 230 230 228 228 226 225 227 227 225 226 223 224 222 220 217 221 236 246 253 249 258 262 258 251 246 250 257 265 269 272 269 262 252 239 237 246 248 255 256 261 257 256 263 -9999 -9999 -9999
-9999 -9999 -9999 -9999 -9999 -9999 -9999 -9999 -9999 -9999 -9999 -9999 -9999 -9999 -9999 -9999 -9999 -9999 -9999 203 206 210 212 210 218 199 208 224 233 230 225 230 226 226 225 225 228 230 231 232 234 235 234 236 234 233 232 231 228 219 224 225 222 221 224 225 226 225 228 229 229 235 236 238 246 244 241 254 263 262 255 257 263 264 269 264 254 246 243 245 239 246 258 259 265 264 264 -9999 -9999 -9999 -9999 -9999
-9999 -9999 -9999 -9999 -9999 -9999 -9999 -9999 -9999 -9999 -9999 -9999 -9999 -9999 -9999 -9999 -9999 -9999 -9999 203 205 207 213 218 206 224 225 228 222 238 235 227 228 228 227 226 225 225 226 230 232 234 236 236 236 237 235 234 231 227 222 203 207 210 221 225 222 224 233 234 234 235 233 223 226 229 237 248 258 264 266 268 267 266 266 269 254 240 243 257 255 260 261 258 268 -9999 -9999 -9999 -9999 -9999 -9999 -9999
-9999 -9999 -9999 -9999 -9999 -9999 -9999 -9999 -9999 -9999 -9999 -9999 -9999 -9999 -9999 -9999 -9999 -9999 -9999 204 206 211 214 211 208 221 223 224 233 240 237 235 227 227 226 229 230 230 229 229 232 233 235 235 234 235 235 232 220 212 212 209 219 222 229 231 224 222 217 217 218 221 219 223 217 215 229 233 246 251 258 259 259 260 258 269 261 258 264 262 263 -9999 -9999 -9999 -9999 -9999 -9999 -9999 -9999 -9999 -9999 -9999
-9999 -9999 -9999 -9999 -9999 -9999 -9999 -9999 -9999 -9999 -9999 -9999 -9999 -9999 -9999 -9999 -9999 -9999 -9999 202 204 205 203 205 204 205 215 213 228 235 233 232 230 229 230 229 231 231 231 231 230 230 231 234 232 231 234 225 198 214 233 235 238 241 238 233 228 225 223 217 218 218 218 219 219 210 218 230 235 238 249 246 249 249 260 264 265 263 -9999 -9999 -9999 -9999 -9999 -9999 -9999 -9999 -9999 -9999 -9999 -9999 -9999 -9999
-9999 -9999 -9999 -9999 -9999 -9999 -9999 -9999 -9999 -9999 -9999 -9999 -9999 -9999 -9999 -9999 -9999 -9999 -9999 200 206 207 208 215 219 220 221 222 229 231 229 231 230 231 232 231 228 227 231 231 228 223 223 225 224 219 217 210 214 236 250 248 247 246 237 237 239 232 223 220 217 214 213 222 215 211 211 214 217 227 239 234 230 231 264 274 274 273 -9999 -9999 -9999 -9999 -9999 -9999 -9999 -9999 -9999 -9999 -9999 -9999 -9999 -9999
-9999 -9999 -9999 -9999 -9999 -9999 -9999 -9999 -9999 -9999 -9999 -9999 -9999 -9999 -9999 -9999 -9999 -9999 -9999 201 208 216 208 218 227 230 230 222 220 223 227 232 237 232 223 225 231 230 231 224 217 209 216 218 219 219 220 241 247 256 260 256 254 247 242 243 240 235 228 217 210 203 207 217 223 219 212 209 206 211 228 227 236 258 270 270 275 -9999 -9999 -9999 -9999 -9999 -9999 -9999 -9999 -9999 -9999 -9999 -9999 -9999 -9999 -9999
-9999 -9999 -9999 -9999 -9999 -9999 -9999 -9999 -9999 -9999 -9999 -9999 -9999 -9999 -9999 -9999 -9999 -9999 205 206 213 220 224 231 232 226 193 218 226 225 225 231 231 229 235 246 242 224 224 221 202 202 209 225 231 251 253 261 261 262 265 262 251 251 250 253 248 248 238 224 210 202 208 218 229 228 211 204 192 203 223 233 253 262 273 -9999 -9999 -9999 -9999 -9999 -9999 -9999 -9999 -9999 -9999 -9999 -9999 -9999 -9999 -9999 -9999 -9999
-9999 -9999 -9999 -9999 -9999 -9999 -9999 -9999 -9999 -9999 -9999 -9999 -9999 -9999 -9999 -9999 -9999 -9999 205 210 219 225 230 232 223 218 214 240 240 232 232 232 241 249 257 261 239 214 205 210 207 234 241 257 253 261 269 266 266 266 269 263 258 258 257 252 248 245 238 230 217 210 211 215 230 231 225 226 215 219 236 253 260 269 272 -9999 -9999 -9999 -9999 -9999 -9999 -9999 -9999 -9999 -9999 -9999 -9999 -9999 -9999 -9999 -9999 -9999
-9999 -9999 -9999 -9999 -9999 -9999 -9999 -9999 -9999 -9999 -9999 -9999 -9999 -9999 -9999 -9999 -9999 -9999 210 214 222 225 219 219 222 230 234 245 252 251 256 260 265 263 268 265 253 252 263 271 274 271 268 263 272 274 271 272 272 271 273 266 265 263 255 250 246 242 243 237 226 225 226 224 239 213 217 235 241 246 256 263 267 276 -9999 -9999 -9999 -9999 -9999 -9999 -9999 -9999 -9999 -9999 -9999 -9999 -9999 -9999 -9999 -9999 -9999 -9999
-9999 -9999 -9999 -9999 -9999 -9999 -9999 -9999 -9999 -9999 -9999 -9999 -9999 -9999 -9999 -9999 -9999 -9999 210 214 219 223 224 228 224 237 252 255 261 261 263 265 268 270 268 269 276 278 277 278 276 276 276 275 276 275 277 277 278 276 268 264 262 260 257 254 252 248 247 241 239 240 233 236 241 238 224 231 249 252 263 273 275 -9999 -9999 -9999 -9999 -9999 -9999 -9999 -9999 -9999 -9999 -9999 -9999 -9999 -9999 -9999 254 245 260 258
-9999 -9999 -9999 -9999 -9999 -9999 -9999 -9999 -9999 -9999 -9999 -9999 -9999 -9999 -9999 -9999 -9999 205 209 215 220 228 232 235 235 249 256 261 264 264 267 267 270 271 272 274 274 273 272 273 273 274 271 269 269 273 270 269 268 270 271 268 266 264 261 256 257 253 254 246 244 245 247 243 244 252 253 255 257 261 271 275 -9999 -9999 -9999 -9999 -9999 -9999 -9999 -9999 -9999 -9999 -9999 -9999 -9999 -9999 262 247 244 253 261 257
-9999 -9999 -9999 -9999 -9999 -9999 -9999 -9999 -9999 -9999 -9999 -9999 -9999 -9999 -9999 -9999 -9999 206 208 209 221 233 236 239 245 253 257 260 261 264 267 267 268 273 275 276 274 271 267 257 260 267 261 258 256 258 261 260 264 268 269 269 270 268 263 263 259 258 257 255 252 250 254 250 251 247 254 268 273 272 275 -9999 -9999 -9999 -9999 -9999 -9999 -9999 -9999 -9999 -9999 -9999 -9999 -9999 -9999 265 257 257 261 257 258 258
-9999 -9999 -9999 -9999 -9999 -9999 -9999 -9999 -9999 -9999 -9999 -9999 -9999 -9999 -9999 195 201 206 210 219 230 235 240 245 247 250 252 250 254 259 264 268 271 272 273 275 273 267 265 262 272 275 277 274 267 263 267 258 259 265 267 272 272 270 270 268 266 264 261 261 259 258 260 263 262 257 255 267 274 277 278 -9999 -9999 -9999 -9999 -9999 -9999 -9999 -9999 -9999 -9999 -9999 -9999 -9999 -9999 -9999 265 265 260 261 260 259
-9999 -9999 -9999 -9999 -9999 -9999 -9999 -9999 -9999 -9999 -9999 -9999 -9999 -9999 -9999 199 201 208 218 226 233 236 239 245 248 253 254 251 253 263 266 269 270 271 272 272 277 280 281 280 280 282 276 275 274 271 274 266 268 267 269 274 274 273 272 269 267 266 265 265 264 263 263 261 261 263 258 265 275 280 280 -9999 -9999 -9999 -9999 -9999 -9999 -9999 -9999 -9999 -9999 -9999 -9999 -9999 -9999 -9999 -9999 -9999 -9999 263 262 262
-9999 -9999 -9999 -9999 -9999 -9999 -9999 -9999 -9999 -9999 -9999 -9999 -9999 -9999 -9999 202 206 212 225 232 235 238 242 246 249 253 255 257 262 266 270 271 272 275 275 280 284 285 285 284 283 281 278 274 275 272 274 272 274 276 276 275 274 272 268 264 262 261 265 267 266 265 261 254 249 259 253 270 279 278 278 283 -9999 -9999 -9999 -9999 -9999 -9999 -9999 265 265 266 -9999 -9999 -9999 -9999 -9999 -9999 -9999 262 -9999 -9999
-9999 -9999 -9999 -9999 -9999 -9999 -9999 -9999 -9999 -9999 -9999 -9999 -9999 -9999 -9999 203 207 219 231 235 238 241 244 246 248 250 251 255 258 268 270 271 275 277 279 282 283 283 284 284 284 281 280 278 275 277 275 276 276 275 275 275 272 267 263 261 257 255 262 266 266 261 255 251 255 257 253 265 273 273 272 283 286 -9999 -9999 -9999 -9999 -9999 -9999 267 268 268 -9999 -9999 -9999 -9999 -9999 -9999 -9999 -9999 -9999 -9999
-9999 -9999 -9999 -9999 -9999 -9999 -9999 -9999 -9999 -9999 -9999 -9999 -9999 -9999 -9999 205 215 229 235 237 239 240 241 241 243 247 249 254 263 267 267 269 272 273 277 277 277 278 281 280 279 284 284 284 279 275 275 275 271 277 275 275 271 269 264 260 259 255 253 255 260 259 258 257 259 257 263 259 256 261 254 267 279 282 -9999 -9999 -9999 -9999 -9999 -9999 271 267 -9999 -9999 -9999 -9999 -9999 -9999 -9999 -9999 -9999 -9999
-9999 -9999 -9999 -9999 -9999 -9999 -9999 -9999 -9999 -9999 -9999 -9999 -9999 -9999 -9999 -9999 225 230 234 239 240 240 239 238 242 248 252 257 263 262 261 262 266 269 273 274 273 275 274 279 282 283 283 283 278 273 275 277 278 277 275 274 270 270 266 267 259 243 250 256 264 267 269 265 262 265 266 258 254 255 264 278 281 -9999 -9999 -9999 -9999 -9999 -9999 -9999 269 266 -9999 -9999 -9999 -9999 -9999 -9999 -9999 -9999 -9999 -9999
-9999 -9999 -9999 -9999 -9999 -9999 -9999 -9999 -9999 -9999 -9999 -9999 -9999 -9999 -9999 -9999 224 226 232 239 241 243 242 244 244 249 253 259 262 261 258 256 261 264 266 272 272 273 275 276 277 278 279 279 280 276 275 276 282 274 272 276 278 274 275 271 259 249 264 268 272 276 276 273 270 264 267 273 277 282 284 -9999 -9999 -9999 -9999 -9999 -9999 -9999 -9999 -9999 -9999 -9999 -9999 -9999 -9999 -9999 -9999 -9999 -9999 -9999 -9999 -9999
-9999 -9999 -9999 -9999 -9999 -9999 -9999 -9999 -9999 -9999 -9999 -9999 -9999 -9999 -9999 -9999 -9999 -9999 -9999 237 238 243 246 246 246 247 253 258 261 261 261 260 262 264 264 266 268 272 276 274 276 276 278 279 279 279 283 285 289 291 290 290 283 280 275 263 245 249 254 250 264 279 281 282 275 276 278 285 286 -9999 -9999 -9999 -9999 -9999 -9999 -9999 -9999 -9999 -9999 -9999 -9999 -9999 -9999 -9999 -9999 -9999 -9999 -9999 -9999 -9999 -9999 -9999
-9999 -9999 -9999 -9999 -9999 -9999 -9999 -9999 -9999 -9999 -9999 -9999 -9999 -9999 -9999 -9999 -9999 -9999 233 234 233 242 245 246 248 252 255 256 259 258 257 257 254 255 258 269 271 269 276 282 279 276 281 286 289 296 296 297 298 299 296 288 286 282 259 248 234 235 240 248 260 270 275 279 289 289 289 288 288 287 -9999 -9999 -9999 -9999 -9999 -9999 -9999 -9999 -9999 -9999 -9999 -9999 -9999 -9999 -9999 -9999 -9999 -9999 -9999 -9999 -9999 -9999
-9999 -9999 -9999 -9999 -9999 -9999 -9999 -9999 -9999 -9999 -9999 -9999 -9999 -9999 -9999 -9999 -9999 -9999 232 232 235 241 243 245 247 251 254 254 256 255 253 252 256 264 266 268 275 272 271 280 286 286 289 294 297 297 297 297 299 299 295 291 290 280 250 232 244 250 250 255 261 258 263 280 283 284 284 287 288 -9999 -9999 -9999 -9999 -9999 -9999 -9999 -9999 -9999 -9999 -9999 -9999 -9999 -9999 -9999 -9999 -9999 -9999 -9999 -9999 -9999 -9999 -9999
