resultados/variables_proyeccion_tiempo/variables_paleo_130k/bio16.asc
ncols 330
nrows 228
xllcorner -12.000000
yllcorner 34.000000
cellsize 0.166667
NODATA_value -9999
[rows 82 to 122 of 228, columns 184 to 275 of 330]
-9999 -9999 -9999 -9999 -9999 -9999 -9999 -9999 -9999 -9999 -9999 -9999 -9999 -9999 -9999 -9999 -9999 -9999 -9999 242 243 242 240 240 238 236 -9999 -9999 -9999 -9999 -9999 248 252 254 256 257 257 256 254 250 246 244 244 243 243 244 246 249 248 248 247 247 248 250 252 254 257 262 268 269 269 269 269 267 263 262 260 259 256 252 249 246 244 241 238 237 237 238 240 244 246 246 246 249 253 256 256 255 253 250 245 242
-9999 -9999 -9999 -9999 -9999 -9999 -9999 -9999 -9999 -9999 -9999 -9999 -9999 -9999 -9999 -9999 -9999 -9999 -9999 -9999 245 244 242 242 -9999 -9999 -9999 -9999 -9999 -9999 -9999 251 251 -9999 258 259 259 256 254 251 248 247 247 244 242 245 249 253 252 249 248 248 249 249 251 253 256 259 263 266 267 268 266 264 262 260 258 256 253 251 249 248 245 243 240 238 237 238 239 243 245 246 246 246 249 251 253 255 252 248 243 240
186 190 193 196 200 -9999 -9999 -9999 -9999 -9999 -9999 -9999 -9999 -9999 -9999 -9999 -9999 -9999 -9999 246 246 245 -9999 -9999 -9999 -9999 -9999 -9999 -9999 -9999 -9999 -9999 -9999 -9999 260 260 258 256 254 251 249 248 247 245 244 242 246 250 250 249 249 249 250 251 252 253 254 257 259 260 261 261 262 260 259 257 255 254 253 252 251 248 246 244 242 239 239 239 239 242 245 245 244 246 253 253 254 254 250 246 241 238
188 191 194 -9999 -9999 -9999 -9999 -9999 -9999 -9999 -9999 -9999 -9999 -9999 -9999 -9999 -9999 -9999 -9999 -9999 -9999 249 248 248 -9999 -9999 -9999 244 -9999 -9999 -9999 -9999 -9999 -9999 259 260 258 257 255 252 250 248 247 246 244 242 245 247 248 252 256 255 256 255 256 255 255 255 257 257 258 258 258 257 256 255 255 254 253 252 250 248 246 245 242 241 240 239 240 241 243 243 243 245 253 255 253 252 249 245 240 237
189 -9999 -9999 -9999 -9999 -9999 -9999 -9999 -9999 -9999 -9999 -9999 -9999 -9999 -9999 -9999 -9999 -9999 253 253 251 252 253 250 249 -9999 -9999 -9999 -9999 -9999 -9999 -9999 -9999 -9999 258 258 258 257 254 252 251 249 249 247 245 243 245 246 250 255 257 258 257 256 256 254 253 255 255 256 256 257 258 258 261 260 256 252 251 250 248 247 246 244 242 241 240 240 241 242 243 242 243 248 250 252 252 250 248 246 242 239
192 195 -9999 -9999 -9999 -9999 -9999 -9999 -9999 -9999 -9999 -9999 -9999 -9999 -9999 -9999 255 255 256 255 254 254 254 253 251 250 248 -9999 -9999 -9999 -9999 -9999 -9999 -9999 256 255 256 254 253 252 251 251 252 252 249 247 247 248 250 255 256 255 255 255 254 253 252 253 254 254 256 256 258 262 264 261 256 251 251 250 248 247 246 243 243 241 241 242 242 242 242 243 246 252 253 251 249 249 247 246 243 242
191 -9999 -9999 -9999 -9999 -9999 -9999 -9999 -9999 -9999 -9999 -9999 -9999 -9999 -9999 -9999 257 257 258 258 258 257 256 256 254 251 249 249 -9999 -9999 -9999 -9999 -9999 252 252 253 253 253 252 253 255 257 258 257 255 251 250 249 251 251 251 252 253 253 252 251 251 252 252 254 254 255 256 258 257 253 251 250 250 249 247 246 244 243 242 241 242 242 242 244 248 252 252 250 250 249 248 247 247 246 246 248
-9999 -9999 -9999 -9999 -9999 -9999 -9999 -9999 -9999 -9999 -9999 -9999 -9999 -9999 -9999 -9999 260 260 261 261 260 260 260 259 257 254 252 250 247 247 -9999 250 251 250 250 250 250 251 252 255 256 257 258 260 257 252 250 250 249 249 249 250 252 252 250 250 250 251 251 251 251 252 252 251 250 249 249 249 248 247 246 244 243 241 241 240 242 244 245 249 252 251 251 249 249 249 247 246 246 247 246 246
-9999 -9999 -9999 -9999 -9999 -9999 -9999 -9999 -9999 -9999 -9999 -9999 -9999 -9999 262 263 264 265 268 267 264 263 262 260 258 255 252 249 247 246 247 248 249 247 246 246 247 246 247 248 250 253 255 257 256 253 248 248 248 247 248 249 250 250 249 249 250 250 251 251 250 251 252 258 258 255 252 250 248 246 244 243 242 241 241 243 248 250 251 251 250 250 249 248 247 247 246 245 244 246 246 246
-9999 -9999 -9999 -9999 -9999 -9999 -9999 -9999 -9999 -9999 -9999 -9999 -9999 -9999 266 267 269 270 271 270 267 266 265 262 259 255 250 248 244 243 245 244 244 244 243 242 241 242 242 243 244 246 249 249 247 247 246 247 246 246 247 248 248 249 248 249 249 249 249 249 249 251 255 256 257 258 256 254 250 244 243 242 241 241 241 242 245 247 247 250 249 247 247 247 246 247 248 246 244 244 244 244
-9999 -9999 -9999 -9999 -9999 -9999 -9999 -9999 -9999 -9999 -9999 -9999 -9999 -9999 269 272 273 276 277 273 270 268 266 263 259 254 250 245 241 241 241 241 240 239 239 238 238 238 238 240 241 241 241 242 243 244 245 246 245 246 247 249 250 249 249 248 247 248 248 248 249 251 253 253 254 255 255 252 247 243 241 241 241 241 240 244 246 244 244 247 247 246 246 246 245 246 246 246 245 244 243 242
-9999 -9999 -9999 -9999 -9999 -9999 -9999 -9999 -9999 -9999 -9999 -9999 -9999 273 272 275 276 277 280 279 274 270 266 261 256 251 246 242 240 239 239 238 237 236 234 234 234 234 235 236 237 238 239 240 241 242 244 244 246 247 248 248 249 248 249 249 247 247 247 248 249 248 249 249 251 251 252 250 247 243 242 239 240 240 243 244 243 242 242 242 243 243 244 244 244 244 245 245 244 243 242 241
-9999 -9999 -9999 -9999 -9999 -9999 -9999 -9999 -9999 -9999 -9999 -9999 -9999 275 276 278 279 279 280 280 277 272 267 261 255 249 244 240 237 236 235 234 233 232 231 230 229 230 232 233 234 236 237 239 240 241 242 243 245 247 247 247 248 249 249 247 246 246 247 248 248 247 248 248 249 248 249 248 246 245 243 242 241 241 242 240 240 240 240 240 240 240 241 240 240 241 242 241 242 243 242 239
-9999 -9999 -9999 -9999 -9999 -9999 -9999 -9999 -9999 -9999 -9999 -9999 -9999 -9999 280 282 284 284 286 285 281 277 270 261 254 248 241 238 235 233 233 231 230 228 227 227 227 227 228 229 230 233 236 238 240 240 241 242 243 245 245 245 245 245 245 244 244 244 244 246 246 246 247 247 246 246 246 245 244 243 242 241 241 240 239 238 238 238 238 238 238 237 238 238 237 238 239 241 241 241 241 239
-9999 -9999 -9999 -9999 -9999 -9999 -9999 -9999 -9999 -9999 -9999 -9999 -9999 -9999 284 286 287 287 287 286 284 279 270 262 253 245 239 235 232 230 229 227 226 224 223 223 224 225 226 227 229 232 234 237 240 240 240 241 243 242 243 242 242 242 241 241 241 242 243 244 244 245 245 246 244 244 244 243 244 243 241 239 239 238 238 238 236 237 236 236 235 235 235 235 236 237 238 240 239 240 239 239
-9999 -9999 -9999 -9999 -9999 -9999 -9999 -9999 -9999 -9999 -9999 -9999 -9999 -9999 287 289 290 290 289 285 280 277 270 261 251 244 238 234 231 229 227 225 224 222 222 221 222 223 225 226 228 231 232 236 239 240 240 242 242 241 238 238 238 237 238 238 238 239 241 241 241 242 243 243 243 242 243 244 244 242 240 238 236 235 236 236 234 234 235 234 235 234 234 235 236 238 238 238 239 238 238 238
-9999 -9999 -9999 -9999 -9999 -9999 -9999 -9999 -9999 -9999 -9999 -9999 -9999 -9999 288 289 290 290 288 283 278 273 265 257 248 241 235 233 232 229 227 224 222 221 220 220 220 221 222 225 227 229 234 236 238 239 239 238 239 238 236 237 235 235 236 236 236 237 239 239 240 241 241 240 240 240 242 244 243 241 239 237 235 234 234 233 233 233 234 233 233 233 234 233 234 235 236 237 237 236 236 237
-9999 -9999 -9999 -9999 -9999 -9999 -9999 -9999 -9999 -9999 -9999 -9999 -9999 -9999 286 289 290 288 284 279 273 265 258 250 242 237 235 232 230 228 225 222 220 220 220 219 218 219 223 225 229 230 234 235 236 238 237 237 237 236 234 232 232 232 233 235 236 237 237 238 239 239 239 238 238 238 239 240 240 238 236 235 233 231 231 231 231 230 231 231 232 233 235 234 233 233 235 235 235 234 235 237
-9999 -9999 -9999 -9999 -9999 -9999 -9999 -9999 -9999 -9999 -9999 -9999 284 285 285 285 286 283 277 271 265 256 248 241 236 233 231 231 229 226 223 221 220 220 220 218 217 220 224 226 228 230 232 233 235 239 237 235 234 233 232 231 231 231 234 236 238 239 238 237 238 237 236 236 237 236 236 236 236 236 235 235 233 232 229 229 228 227 227 230 232 233 232 232 232 232 233 233 233 232 234 235
-9999 -9999 -9999 -9999 -9999 -9999 -9999 -9999 -9999 -9999 -9999 283 284 283 -9999 282 280 276 271 265 257 249 242 236 232 230 230 228 227 225 222 221 222 220 219 218 220 221 224 227 230 230 232 232 236 239 237 237 235 233 234 233 233 233 235 236 236 238 239 238 238 236 235 235 235 234 234 234 233 233 234 233 231 230 229 228 227 226 225 227 228 229 231 230 229 230 231 232 231 232 232 232
-9999 -9999 -9999 -9999 -9999 -9999 -9999 264 269 275 280 283 283 280 277 275 273 268 264 258 251 243 237 233 231 229 228 227 226 225 224 222 220 220 220 220 221 222 225 228 230 230 230 233 234 234 236 236 235 234 235 234 234 235 235 235 235 236 237 238 236 236 234 234 233 233 232 231 230 229 228 228 228 227 225 224 224 223 224 225 227 228 227 227 227 228 229 230 230 229 230 230
214 -9999 -9999 -9999 -9999 -9999 -9999 262 266 273 279 283 281 277 273 269 266 261 256 250 243 238 234 232 229 227 226 225 225 224 223 222 221 222 224 222 224 224 227 228 229 231 236 233 233 232 233 233 234 234 234 233 234 233 234 235 235 235 235 235 236 239 236 233 233 234 233 231 230 228 226 224 224 223 222 221 221 222 221 223 224 223 224 224 227 228 229 230 229 228 227 227
214 -9999 -9999 -9999 -9999 -9999 251 256 260 266 271 275 274 270 266 262 257 253 248 242 237 234 232 230 231 229 226 225 224 225 224 222 221 222 225 226 227 227 228 229 234 235 235 236 233 231 232 232 232 233 234 233 233 233 234 237 236 233 233 236 236 236 234 234 233 233 233 230 228 226 223 222 221 220 219 219 220 221 221 221 222 223 224 225 227 228 228 228 226 225 224 225
204 208 219 229 238 244 248 252 259 264 267 267 265 262 257 253 250 245 242 239 235 235 236 235 236 235 229 226 226 225 222 221 222 225 225 226 226 226 227 229 233 235 235 235 235 236 233 231 231 232 232 233 234 236 235 237 235 233 233 234 235 233 233 232 231 232 229 228 225 222 220 219 219 219 218 219 219 219 218 219 220 221 223 224 226 227 226 227 226 225 224 224
203 206 216 226 239 246 244 247 251 253 256 255 253 250 247 244 241 239 238 236 237 239 237 235 235 231 228 226 227 227 223 221 221 221 223 225 226 227 228 229 231 233 234 234 235 235 236 235 234 233 235 234 237 240 236 235 232 231 232 232 232 231 231 230 230 229 227 225 223 218 217 216 214 213 213 214 215 215 215 216 218 219 221 223 225 226 225 224 224 222 221 221
207 207 213 223 233 238 239 241 241 242 243 244 245 244 240 238 237 237 235 235 235 233 233 230 228 225 222 222 222 222 220 218 218 218 221 223 225 227 227 229 230 230 229 231 230 230 230 234 236 236 239 237 237 238 236 233 231 230 229 230 230 230 229 230 229 227 225 222 220 216 213 213 212 212 210 214 213 213 213 214 215 218 220 221 224 225 224 222 219 218 217 216
211 213 218 224 230 236 239 240 240 242 242 244 243 243 242 239 239 235 233 233 231 229 227 225 224 220 219 219 218 216 215 214 215 216 218 221 223 225 225 228 227 227 228 227 228 228 229 230 233 237 238 238 235 234 234 232 231 230 229 230 229 229 229 229 228 226 222 220 217 212 210 210 209 209 209 210 211 210 211 211 213 215 218 220 223 222 220 220 218 214 212 213
215 216 223 228 232 234 236 238 240 241 242 241 240 240 239 237 235 232 230 229 228 227 223 221 220 217 217 216 215 215 213 211 211 213 216 220 223 224 224 226 226 227 230 230 226 226 228 231 233 236 236 234 233 232 230 228 228 228 228 229 229 228 228 227 227 225 222 219 215 211 209 209 207 207 207 208 208 207 207 209 210 212 214 216 218 220 216 214 214 211 208 207
214 220 224 227 230 233 236 243 242 243 242 240 237 236 235 233 231 230 228 227 228 226 223 220 217 216 215 217 215 214 213 211 208 210 214 218 222 224 224 225 226 229 235 234 229 226 227 228 229 231 231 230 231 229 228 227 225 225 226 228 229 228 228 227 227 225 222 219 215 211 209 208 208 206 206 206 205 205 206 207 208 210 211 211 212 212 212 212 210 206 203 203
219 223 225 227 230 232 235 239 241 242 241 238 234 232 230 228 226 225 224 224 225 225 220 218 219 218 216 216 215 214 214 209 209 211 213 216 218 221 224 227 231 230 232 232 229 227 227 229 228 229 228 229 229 228 227 226 225 225 226 228 228 228 229 228 228 226 223 219 216 212 210 208 207 205 204 204 204 204 205 204 205 206 206 206 207 208 208 207 206 204 201 199
223 224 226 227 229 231 235 236 237 236 236 233 232 228 225 224 223 222 221 221 222 223 219 217 217 215 217 215 214 214 213 212 214 215 216 220 219 222 224 227 231 230 230 229 228 228 228 228 229 229 230 229 229 229 228 227 226 226 227 228 229 229 229 229 229 225 222 219 216 213 210 209 206 204 204 202 201 201 200 200 201 201 203 203 204 205 205 203 201 199 197 196
222 223 224 227 229 231 232 232 232 231 231 229 227 224 222 221 220 219 219 220 221 218 219 218 217 215 215 215 215 214 214 214 215 217 218 222 223 224 227 229 229 230 228 227 226 227 228 229 229 229 229 228 228 226 227 227 226 227 227 228 228 230 230 229 228 225 222 219 216 214 212 210 207 204 203 201 199 197 197 198 199 199 200 200 201 200 201 200 198 196 195 194
221 223 225 228 229 228 228 228 228 226 226 224 223 219 217 217 217 217 219 219 220 219 220 219 219 217 216 215 215 215 214 215 216 218 219 220 221 223 226 228 228 227 227 225 225 226 227 227 227 227 227 227 227 227 227 227 226 228 228 228 228 229 230 229 227 225 223 220 217 215 212 210 207 204 202 200 196 195 195 194 194 196 198 199 199 199 198 196 195 194 194 192
222 222 224 226 226 227 228 228 226 224 221 220 218 216 213 213 213 216 217 217 217 218 219 219 219 218 219 217 218 218 217 217 216 217 218 219 223 224 225 226 225 226 225 224 225 225 226 227 226 227 227 227 227 227 227 226 227 227 227 228 228 229 229 229 227 225 223 221 217 215 212 210 207 203 200 198 195 193 192 191 193 194 194 196 197 197 195 193 193 193 192 191
223 223 222 222 223 223 225 228 226 224 222 218 215 213 210 211 213 214 215 217 219 219 219 221 222 222 221 221 220 219 218 218 217 217 218 219 221 222 224 224 225 225 226 225 225 226 226 226 226 226 227 226 227 227 227 227 227 227 227 227 228 228 228 228 227 225 223 221 218 215 212 209 206 204 200 197 194 190 189 190 192 193 192 193 194 193 192 189 191 191 189 188
223 225 227 227 226 225 223 222 223 222 220 217 213 209 208 210 213 216 219 219 221 223 222 221 223 224 225 222 221 219 218 217 217 217 218 219 220 222 223 224 224 224 225 226 227 227 228 228 227 227 228 228 228 228 227 228 228 229 229 228 228 227 228 227 227 226 224 222 220 216 212 209 206 203 199 196 192 189 188 189 191 190 190 190 192 192 190 188 187 187 188 187
224 226 227 227 227 226 225 226 224 222 221 219 216 215 212 214 217 221 224 222 222 222 223 225 225 227 225 222 219 218 217 217 215 216 217 219 220 222 224 225 226 226 227 227 227 227 228 228 229 228 228 228 228 228 228 228 228 228 227 228 227 227 227 227 226 226 225 222 219 215 212 209 206 203 200 197 193 190 188 188 189 188 188 188 189 189 190 188 185 185 187 188
224 226 228 229 228 228 228 227 227 227 226 225 223 221 218 217 221 223 224 224 226 225 226 226 227 227 227 223 218 214 215 214 214 216 218 220 221 223 224 225 225 225 226 227 227 228 228 229 230 230 230 230 229 229 228 228 228 228 227 227 227 227 226 225 224 224 223 221 219 216 212 209 205 203 201 198 194 192 189 187 186 187 188 187 188 187 188 186 185 186 187 187
226 229 231 234 236 237 237 238 235 234 236 236 234 228 225 223 224 227 228 229 229 228 227 227 226 226 226 220 215 211 211 213 215 217 219 221 223 224 225 225 225 225 226 227 228 229 231 232 232 233 233 233 232 232 231 230 230 229 228 229 229 228 227 227 225 222 220 219 216 213 210 208 205 202 200 199 195 192 189 186 185 186 187 187 188 187 185 185 184 185 186 185
230 233 236 239 243 247 246 245 243 241 240 240 237 234 231 229 227 229 232 232 231 229 228 227 226 225 221 216 210 207 208 212 215 218 221 223 224 225 225 226 226 226 227 228 230 231 233 234 234 235 235 235 234 234 233 232 232 231 230 229 227 227 225 225 222 220 219 217 215 212 209 206 205 203 201 198 195 192 188 187 186 185 186 186 186 187 184 183 184 185 185 185
234 239 241 244 247 250 249 248 248 247 245 243 243 240 238 237 235 232 231 232 232 231 229 228 226 223 219 213 206 204 208 212 217 220 223 225 227 228 228 228 227 227 228 228 230 232 235 236 237 238 239 239 238 237 237 235 233 231 231 230 228 227 226 224 222 220 218 215 213 211 207 205 206 203 201 198 194 191 189 187 186 183 183 183 183 183 182 182 183 184 185 182
