resultados/variables_proyeccion_tiempo/variables_paleo_130k/bio19.asc
ncols 330
nrows 228
xllcorner -12.000000
yllcorner 34.000000
cellsize 0.166667
NODATA_value -9999
[rows 45 to 89 of 228, columns 192 to 287 of 330]
97 98 96 98 98 97 98 98 96 92 -9999 -9999 -9999 -9999 -9999 -9999 -9999 -9999 -9999 -9999 -9999 -9999 -9999 67 67 66 65 64 62 61 59 57 56 55 57 58 60 61 63 65 66 66 67 68 70 70 71 73 76 78 78 80 82 84 83 83 83 83 82 81 81 80 79 79 76 75 72 71 69 68 67 66 65 63 62 61 59 58 57 56 54 53 52 52 51 51 50 49 48 48 49 50 49 50 50 51
99 99 98 98 98 97 97 98 97 -9999 -9999 -9999 -9999 -9999 -9999 -9999 -9999 -9999 -9999 -9999 -9999 70 69 68 67 66 65 63 62 61 60 60 59 59 59 60 62 63 65 66 68 69 69 70 70 70 72 75 77 80 80 81 82 82 83 84 84 83 83 83 83 83 83 82 80 79 77 75 73 71 70 68 66 65 63 61 59 59 57 56 55 53 53 52 52 52 51 51 51 52 52 52 54 54 54 55
97 97 97 98 97 95 95 -9999 -9999 -9999 -9999 -9999 -9999 -9999 -9999 -9999 -9999 -9999 -9999 -9999 69 68 69 68 68 66 65 64 63 63 62 62 62 61 62 63 64 67 68 70 71 72 73 73 73 74 76 79 80 81 81 81 82 83 84 84 84 84 84 84 85 85 85 85 83 81 80 78 77 74 72 70 67 65 63 62 60 59 58 57 55 54 54 54 53 52 54 56 57 57 57 58 59 58 59 59
96 96 96 96 95 94 -9999 -9999 -9999 -9999 -9999 -9999 -9999 -9999 -9999 -9999 70 69 69 69 70 70 69 68 69 68 67 67 65 65 64 64 64 65 65 66 67 69 70 72 73 73 76 77 76 77 78 79 83 85 84 84 85 85 87 87 87 87 87 86 87 87 87 86 85 83 81 80 80 76 74 71 69 67 66 64 62 59 57 56 55 55 55 55 56 55 56 57 60 61 62 63 64 64 65 65
94 93 95 95 94 93 -9999 -9999 -9999 -9999 -9999 -9999 -9999 -9999 -9999 69 70 70 69 68 68 69 70 70 70 69 69 68 68 68 67 66 67 68 70 70 72 71 72 74 75 75 77 79 79 80 81 82 84 87 88 86 86 87 87 87 88 89 87 86 87 88 88 88 87 84 82 82 82 80 77 74 72 70 68 65 62 60 59 58 57 57 58 57 56 57 58 59 61 65 67 68 69 70 72 71
92 93 -9999 -9999 94 93 -9999 -9999 -9999 -9999 -9999 -9999 -9999 68 68 68 69 68 69 69 69 68 69 70 71 71 71 72 71 70 70 70 71 73 73 73 75 76 76 75 77 79 79 80 81 83 84 85 88 88 89 90 88 87 87 88 89 87 88 86 86 88 88 87 88 88 85 84 83 81 80 79 74 72 70 68 65 62 61 60 59 58 58 58 59 60 62 63 64 67 69 72 73 76 78 79
-9999 -9999 -9999 -9999 -9999 -9999 85 77 75 68 68 65 65 68 67 67 67 67 68 69 70 70 70 70 72 72 72 73 73 73 73 74 74 74 75 77 78 77 78 79 81 83 84 83 85 88 88 89 90 90 90 91 90 91 89 88 87 88 87 88 88 88 89 88 88 87 87 85 84 82 81 82 77 75 72 69 66 64 62 60 59 58 59 60 62 63 65 66 67 70 72 74 76 80 83 85
-9999 -9999 -9999 -9999 88 -9999 79 76 72 65 63 62 64 64 65 67 67 67 68 69 69 70 70 71 72 74 74 74 76 76 75 76 77 77 78 79 81 81 82 82 83 85 87 86 88 91 92 94 92 92 91 91 92 92 93 90 89 88 88 88 90 91 91 91 90 90 90 88 87 85 83 82 78 76 74 71 70 68 65 62 60 60 61 62 64 66 67 69 71 73 77 80 83 87 90 91
-9999 -9999 -9999 -9999 85 -9999 76 74 67 63 59 60 61 63 65 66 66 67 67 69 70 69 70 72 74 76 76 76 77 78 77 78 79 80 81 81 83 84 85 84 86 87 89 90 91 92 94 94 94 94 93 94 93 94 95 93 92 91 92 91 91 93 93 92 91 91 91 89 87 87 86 82 80 77 76 76 75 71 67 65 64 64 64 65 66 69 71 72 74 76 80 84 88 91 95 97
-9999 -9999 -9999 -9999 -9999 81 75 72 67 63 59 60 62 64 64 65 67 67 68 68 70 72 72 74 74 77 78 79 78 80 81 81 82 83 84 84 84 86 87 88 88 89 91 93 94 96 97 97 96 96 96 95 95 96 95 93 91 90 91 93 93 92 94 94 93 93 92 91 89 88 87 85 83 81 79 77 76 72 70 68 68 68 68 68 69 69 70 72 75 78 83 87 92 95 99 100
-9999 -9999 -9999 -9999 -9999 -9999 75 72 69 65 64 64 65 67 67 66 68 68 70 71 71 72 74 75 76 78 79 81 81 82 83 85 85 87 87 87 89 89 89 90 91 93 95 96 98 99 98 98 98 97 97 97 97 97 95 93 92 91 90 92 94 95 96 96 96 94 93 93 92 90 88 88 86 84 82 80 79 77 74 73 71 70 70 69 69 69 71 72 75 78 83 88 92 97 101 104
-9999 -9999 -9999 -9999 -9999 -9999 75 73 70 69 68 68 70 69 68 69 70 70 70 72 72 72 74 76 77 78 80 83 84 86 86 87 88 90 90 92 92 92 93 93 95 97 97 98 98 99 99 101 100 99 100 99 98 98 97 95 94 93 92 94 96 97 98 99 98 98 97 95 93 92 91 90 88 85 84 82 81 78 77 75 72 71 68 68 69 71 72 74 77 80 84 87 91 95 99 103
-9999 -9999 -9999 -9999 -9999 -9999 75 74 72 71 71 72 71 72 73 73 71 72 73 73 74 73 74 76 78 79 80 82 84 88 89 91 93 95 95 94 94 95 95 95 97 98 99 99 100 100 100 101 102 102 103 102 100 100 99 98 97 95 94 95 97 98 99 100 101 100 99 98 96 96 95 93 91 89 87 85 83 81 79 77 75 73 71 72 71 74 74 75 79 82 86 90 94 96 100 103
-9999 -9999 -9999 -9999 -9999 -9999 -9999 75 74 74 74 75 75 76 76 75 75 75 75 74 75 75 74 76 77 80 81 82 84 89 90 91 95 99 100 98 98 98 98 99 100 99 99 100 101 101 101 102 103 103 103 102 102 102 101 101 99 98 98 98 99 100 100 101 102 102 101 100 100 99 97 95 93 91 90 88 86 85 84 82 80 78 75 74 73 73 76 76 79 83 87 92 97 99 102 107
-9999 -9999 -9999 -9999 -9999 -9999 -9999 78 77 77 78 78 78 78 78 77 78 77 76 77 76 76 75 76 76 79 81 82 85 89 91 95 98 100 101 101 101 101 100 100 100 100 100 101 102 103 104 104 104 105 104 103 104 105 104 102 101 101 101 100 101 102 102 102 102 100 101 103 101 100 98 98 97 96 94 93 91 88 87 85 84 82 79 76 73 73 75 78 81 86 90 93 97 100 104 108
-9999 -9999 -9999 -9999 -9999 -9999 -9999 78 79 81 80 80 81 80 80 80 79 79 77 77 77 76 75 76 78 80 83 85 87 91 93 95 97 98 102 103 102 100 99 100 100 100 101 102 103 104 105 105 106 106 107 107 107 107 106 105 103 103 103 103 103 103 103 101 101 100 101 100 100 100 100 100 100 99 97 95 94 93 90 89 87 85 82 78 75 74 78 81 83 87 91 95 98 101 104 108
-9999 -9999 -9999 -9999 -9999 -9999 -9999 -9999 82 83 83 83 84 83 83 82 82 81 78 77 76 75 73 76 79 81 83 86 88 92 95 96 97 98 102 102 102 100 100 101 101 101 101 102 103 104 105 106 107 107 108 109 109 108 108 107 106 106 105 104 104 104 102 101 101 100 100 99 99 100 101 102 101 100 100 99 98 97 94 92 89 87 86 85 83 81 81 82 86 89 92 96 99 102 104 107
-9999 -9999 -9999 -9999 -9999 -9999 -9999 -9999 85 86 87 88 88 88 86 86 84 83 81 78 77 74 73 75 79 81 83 86 90 93 96 97 97 99 101 102 101 101 101 100 101 101 101 101 102 104 105 107 108 109 110 110 112 112 111 111 109 108 107 106 105 103 102 101 100 99 99 99 100 101 102 102 102 102 103 102 102 102 101 99 97 94 94 93 89 87 88 87 88 91 94 97 100 103 105 108
-9999 -9999 -9999 -9999 -9999 -9999 -9999 -9999 90 91 92 92 93 92 92 90 88 86 82 81 77 73 74 76 78 81 84 89 91 93 96 98 98 99 101 101 102 101 101 100 99 100 100 100 102 103 105 106 108 111 112 114 115 115 115 114 111 110 108 106 105 103 101 101 101 100 100 100 100 100 102 103 104 105 105 105 106 107 104 103 101 99 97 97 95 92 92 92 93 95 99 101 101 104 106 108
-9999 -9999 -9999 -9999 -9999 -9999 -9999 -9999 94 96 97 98 99 98 97 94 91 89 85 83 79 75 75 77 79 83 86 89 92 95 99 100 100 100 101 100 100 99 100 99 98 100 99 101 102 103 105 107 110 112 113 115 116 116 117 116 113 110 108 106 105 104 102 101 102 101 101 102 102 102 103 104 105 106 107 108 109 110 110 108 107 103 100 98 98 97 96 95 96 97 99 102 105 105 106 108
-9999 -9999 -9999 -9999 -9999 -9999 -9999 91 89 96 100 104 105 105 104 101 96 92 88 83 80 77 78 80 82 85 88 92 95 98 100 102 101 101 102 101 100 99 99 98 97 97 99 100 101 102 104 107 110 113 115 117 117 118 117 116 114 112 110 108 105 104 103 102 102 102 102 102 103 103 105 105 106 108 110 112 114 115 114 112 110 108 105 102 101 100 100 100 99 99 101 102 104 105 106 107
-9999 -9999 -9999 -9999 -9999 -9999 77 81 84 87 91 99 103 108 109 106 101 96 90 85 82 79 81 84 85 88 91 93 97 100 101 102 101 101 101 100 99 97 97 96 95 95 97 98 99 101 103 106 109 112 115 118 120 120 118 116 113 111 110 109 107 106 104 102 103 103 103 102 102 103 104 106 108 110 113 115 117 119 117 115 113 111 108 105 103 103 103 104 104 104 105 108 107 105 106 107
-9999 -9999 -9999 -9999 -9999 -9999 79 81 85 88 92 96 100 103 104 103 101 98 93 87 83 81 82 86 88 90 94 97 99 101 102 102 102 101 100 99 96 95 95 93 92 93 93 95 97 98 101 104 107 110 114 119 122 121 119 117 114 113 110 109 107 106 105 103 104 103 103 102 102 104 105 107 109 111 114 116 119 120 120 117 115 112 111 111 110 109 110 109 108 109 110 112 113 111 109 108
-9999 -9999 -9999 -9999 -9999 74 76 82 85 89 93 97 103 106 103 98 95 94 92 90 86 85 85 88 90 92 97 99 102 104 104 104 102 100 99 97 95 93 91 91 89 90 90 91 93 96 99 101 105 108 112 117 120 121 119 117 114 112 111 110 108 106 104 103 102 102 102 103 103 104 105 107 109 111 114 117 121 123 122 121 118 117 117 115 113 114 113 112 112 112 114 115 115 114 113 109
80 70 64 69 72 74 76 81 83 89 93 97 102 104 102 96 92 87 83 83 84 87 88 90 91 93 97 100 104 106 105 104 102 100 98 97 94 92 90 88 88 88 87 -9999 91 94 96 98 -9999 -9999 112 115 118 118 118 117 115 113 112 112 111 108 105 104 102 102 101 102 103 104 105 107 109 112 114 118 122 125 123 122 120 119 118 117 116 115 115 116 116 115 116 116 115 114 113 111
76 65 64 65 70 73 76 81 83 87 91 94 98 100 98 94 90 86 82 81 79 81 85 89 93 95 98 101 104 106 105 105 102 100 98 96 94 93 -9999 86 -9999 -9999 85 -9999 -9999 -9999 -9999 -9999 -9999 -9999 111 112 114 116 117 116 114 112 110 109 108 107 105 104 102 101 100 101 101 103 105 106 108 110 112 116 121 123 123 122 121 121 120 120 119 119 119 120 120 120 118 116 115 113 112 110
63 60 63 65 69 71 74 80 83 86 90 92 94 96 92 91 88 84 82 80 78 78 78 81 87 95 98 100 103 105 103 -9999 -9999 -9999 -9999 -9999 -9999 -9999 -9999 -9999 -9999 84 82 -9999 -9999 -9999 92 93 95 -9999 104 -9999 -9999 -9999 114 113 112 107 107 105 104 103 102 101 101 101 100 100 101 103 104 106 107 108 111 115 119 121 122 122 121 122 122 121 122 122 121 121 122 121 118 116 114 112 109 107
58 59 61 -9999 -9999 72 73 77 -9999 82 85 -9999 -9999 88 88 87 85 82 80 79 77 77 77 78 -9999 -9999 98 -9999 -9999 -9999 -9999 -9999 -9999 -9999 -9999 -9999 -9999 -9999 -9999 -9999 -9999 -9999 -9999 84 -9999 -9999 92 93 -9999 -9999 -9999 105 -9999 -9999 110 110 109 108 106 104 102 101 100 100 100 99 99 99 100 102 104 106 108 109 112 115 118 121 122 122 122 122 122 121 121 121 122 122 122 120 118 115 113 111 108 106
-9999 -9999 -9999 -9999 -9999 -9999 -9999 -9999 -9999 82 -9999 -9999 -9999 86 85 -9999 -9999 80 79 77 -9999 76 -9999 -9999 -9999 -9999 -9999 -9999 -9999 -9999 -9999 -9999 -9999 -9999 99 -9999 -9999 -9999 -9999 -9999 -9999 -9999 -9999 -9999 -9999 -9999 -9999 -9999 94 95 103 106 107 109 111 112 111 110 108 106 104 101 99 97 97 98 98 100 102 103 104 105 107 108 112 114 117 119 120 121 121 122 122 122 122 124 124 123 122 120 117 114 112 110 107 104
-9999 -9999 -9999 -9999 -9999 -9999 -9999 -9999 -9999 -9999 -9999 -9999 -9999 -9999 -9999 -9999 -9999 -9999 -9999 -9999 -9999 -9999 -9999 -9999 -9999 -9999 86 86 91 98 108 107 104 102 101 97 94 91 89 86 84 -9999 -9999 -9999 -9999 -9999 -9999 -9999 92 95 100 104 108 110 113 112 111 110 109 106 103 101 99 98 97 96 97 98 98 99 101 102 104 107 110 113 115 117 119 120 120 121 120 122 123 124 124 124 123 120 116 113 110 107 104 101
-9999 -9999 -9999 -9999 -9999 -9999 -9999 -9999 -9999 -9999 -9999 -9999 -9999 -9999 -9999 -9999 -9999 -9999 -9999 -9999 -9999 -9999 -9999 78 82 85 87 88 93 97 107 110 107 104 102 100 96 93 90 88 86 83 83 84 85 85 86 87 89 94 99 104 107 109 110 110 109 109 107 106 103 100 98 97 95 95 95 95 96 97 99 101 103 106 109 112 114 116 118 119 120 120 120 123 124 124 123 122 121 117 114 110 107 104 101 98
-9999 -9999 -9999 -9999 -9999 -9999 -9999 -9999 -9999 -9999 -9999 -9999 -9999 -9999 -9999 -9999 -9999 -9999 -9999 -9999 69 70 74 77 82 86 90 94 98 100 100 110 109 106 103 100 98 94 91 89 87 85 84 85 86 86 87 88 90 94 99 103 105 106 107 107 107 107 106 104 102 99 97 95 94 93 93 93 94 95 97 99 102 106 109 113 115 117 118 119 119 122 122 121 121 120 120 119 116 114 111 108 104 101 99 95
-9999 -9999 -9999 -9999 -9999 -9999 -9999 -9999 -9999 -9999 -9999 -9999 -9999 -9999 67 67 67 -9999 64 63 66 69 73 77 83 89 95 101 106 105 101 104 109 106 103 101 98 94 91 89 86 84 83 84 85 86 87 89 91 95 98 102 103 104 105 105 106 106 105 103 101 98 96 94 93 92 91 90 91 92 94 97 101 105 109 112 114 116 118 119 119 121 122 120 120 118 117 116 113 111 108 104 101 98 95 93
-9999 -9999 -9999 -9999 -9999 -9999 -9999 -9999 -9999 -9999 -9999 -9999 70 70 68 66 65 63 61 62 64 66 72 77 83 89 96 104 109 107 102 99 103 105 102 99 97 93 90 88 85 83 83 83 84 86 87 90 92 96 99 101 102 103 103 105 105 104 102 101 98 96 93 91 90 88 87 86 87 89 91 95 98 103 107 111 113 115 117 118 120 121 120 118 117 115 114 112 110 106 103 101 98 95 93 91
-9999 -9999 -9999 -9999 -9999 -9999 -9999 -9999 -9999 -9999 -9999 -9999 -9999 -9999 66 65 63 62 59 56 62 64 70 75 82 88 95 101 105 104 100 96 95 102 101 98 97 93 89 86 84 82 83 83 84 86 88 90 93 96 98 100 101 102 102 103 103 103 102 99 97 94 92 90 88 86 84 83 84 87 90 93 97 101 105 110 114 116 116 115 115 117 117 114 112 111 109 107 106 103 100 98 95 93 90 88
-9999 -9999 -9999 -9999 -9999 -9999 -9999 -9999 -9999 -9999 -9999 66 65 65 65 63 61 60 58 56 57 63 69 75 81 87 93 99 100 99 96 93 91 92 99 97 96 92 88 84 81 82 82 82 83 86 88 90 94 95 98 99 100 102 102 101 102 102 102 99 96 94 92 89 87 84 82 79 80 84 87 91 95 99 104 109 114 116 116 114 112 112 112 111 109 107 105 104 102 100 97 95 93 90 87 85
-9999 -9999 -9999 -9999 -9999 -9999 -9999 -9999 -9999 -9999 68 67 67 65 65 62 61 60 58 56 -9999 -9999 69 74 79 85 92 96 96 95 92 90 88 91 98 96 95 92 86 81 79 81 83 83 85 87 89 91 94 96 99 100 102 103 104 102 101 101 100 98 95 93 91 88 85 82 79 78 79 82 85 89 93 97 101 105 109 112 112 112 111 110 108 106 105 103 101 100 99 96 93 91 89 87 84 81
-9999 -9999 -9999 -9999 -9999 -9999 -9999 -9999 -9999 -9999 -9999 67 67 65 63 62 61 59 -9999 -9999 -9999 -9999 -9999 72 78 81 86 90 92 92 90 89 87 88 100 96 94 92 86 82 79 82 83 84 86 88 89 92 94 98 101 102 102 103 104 102 100 100 98 96 94 91 89 86 84 81 79 78 79 81 84 88 91 94 97 101 106 109 110 111 111 110 108 105 102 100 97 95 93 92 90 88 86 84 82 79
-9999 -9999 -9999 -9999 -9999 -9999 -9999 -9999 -9999 -9999 -9999 -9999 67 66 62 62 -9999 -9999 -9999 -9999 -9999 -9999 -9999 72 72 -9999 80 84 87 89 89 88 87 89 99 98 95 94 90 88 86 85 86 86 87 88 90 92 94 97 99 101 101 102 102 100 99 98 96 94 92 90 89 86 84 82 80 78 78 79 82 86 89 92 95 98 101 105 108 110 110 108 106 103 100 96 93 91 90 89 87 85 83 81 80 77
-9999 -9999 -9999 -9999 -9999 -9999 -9999 -9999 -9999 -9999 -9999 68 67 65 -9999 -9999 -9999 -9999 -9999 -9999 -9999 -9999 -9999 -9999 -9999 -9999 75 80 83 85 85 86 85 90 99 99 97 93 91 90 88 89 89 89 90 91 91 92 94 96 98 98 98 99 99 99 97 96 95 93 92 91 88 86 84 82 80 79 78 79 81 84 87 90 92 95 102 104 107 108 107 106 104 101 97 92 90 88 88 86 85 83 82 79 77 75
-9999 -9999 -9999 -9999 -9999 -9999 -9999 -9999 -9999 -9999 -9999 -9999 -9999 67 66 65 -9999 -9999 -9999 63 -9999 -9999 -9999 -9999 -9999 -9999 74 77 81 83 84 84 85 91 101 100 98 95 94 92 91 93 96 94 94 94 94 94 96 96 97 97 97 98 98 97 96 95 94 92 90 90 88 86 84 83 81 81 79 79 80 82 85 87 90 94 100 103 105 105 104 102 101 98 95 91 87 85 85 83 82 81 79 78 75 74
-9999 -9999 -9999 -9999 -9999 -9999 -9999 -9999 -9999 -9999 70 70 68 69 69 66 65 -9999 -9999 -9999 -9999 -9999 -9999 -9999 -9999 -9999 74 76 80 82 83 84 85 95 102 101 100 98 96 94 94 96 98 97 96 96 95 94 95 96 96 96 97 97 98 98 98 97 94 91 90 89 88 86 84 83 81 81 80 80 80 82 83 85 89 94 97 100 102 102 101 101 99 96 93 89 85 83 82 82 82 80 78 77 75 75
-9999 -9999 -9999 -9999 -9999 -9999 -9999 -9999 74 73 72 71 70 70 69 69 67 67 66 -9999 -9999 -9999 -9999 -9999 -9999 -9999 75 76 79 81 82 84 91 98 106 106 104 101 98 97 96 98 98 96 95 96 95 94 94 95 96 96 96 96 98 100 100 97 94 91 90 89 88 86 84 84 82 81 81 81 81 80 82 85 89 94 97 98 99 99 99 99 97 95 92 90 86 83 82 82 81 81 78 77 76 75
-9999 -9999 -9999 -9999 -9999 -9999 -9999 -9999 74 74 74 73 72 71 69 71 71 69 67 67 -9999 -9999 -9999 -9999 -9999 73 73 75 77 80 82 87 94 105 112 111 109 105 101 99 98 97 97 95 95 96 94 94 94 95 95 95 95 96 96 98 96 94 92 91 90 88 87 86 85 84 83 82 82 82 82 82 86 90 91 92 94 96 97 97 97 97 97 97 93 90 88 84 82 82 81 80 79 78 76 75
-9999 -9999 -9999 -9999 -9999 -9999 -9999 -9999 75 76 76 76 74 73 73 72 72 71 70 69 67 67 -9999 70 70 72 73 74 77 80 84 93 101 109 111 113 112 106 103 101 98 96 96 96 95 95 94 94 94 95 95 95 95 95 94 94 94 93 92 92 90 89 87 87 85 84 83 82 83 84 84 87 89 89 91 92 94 96 96 96 96 96 95 95 92 91 88 84 83 82 81 80 79 78 77 76
