resultados/variables_proyeccion_tiempo/variables_paleo_130k/bio18.asc
ncols 330
nrows 228
xllcorner -12.000000
yllcorner 34.000000
cellsize 0.166667
NODATA_value -9999
[rows 123 to 163 of 228, columns 92 to 183 of 330]
173 175 178 179 181 182 185 187 189 192 194 193 191 196 202 208 211 215 217 218 221 233 240 243 242 241 248 248 253 260 266 270 265 252 236 238 234 238 242 234 241 241 239 227 210 197 194 186 191 189 182 176 172 172 175 180 185 193 196 196 199 203 204 204 205 202 202 203 206 208 212 215 219 224 227 229 233 232 230 233 235 233 234 238 236 237 235 237 232 232 236 238
174 177 178 179 180 181 181 183 187 191 195 199 199 200 203 207 212 218 219 220 222 237 253 259 263 262 260 257 264 262 282 288 262 245 242 237 227 233 251 235 232 242 223 210 201 194 188 192 198 196 191 182 178 176 178 184 189 197 201 202 205 211 214 215 215 208 206 206 211 214 218 224 229 234 239 238 236 235 236 238 241 243 244 244 243 244 243 242 241 242 243 245
175 177 178 180 180 180 179 180 184 190 197 204 207 207 204 208 213 220 224 224 227 233 245 253 254 257 262 253 257 268 271 260 238 241 240 218 220 227 233 225 224 213 213 197 190 182 184 197 202 202 199 195 189 185 185 189 196 204 208 215 219 220 217 222 222 223 219 219 218 219 223 232 242 248 255 258 254 246 247 247 247 247 245 245 246 247 247 249 249 251 253 254
173 177 181 183 182 184 181 180 186 194 198 203 206 211 209 217 223 224 225 226 232 233 235 240 240 240 244 240 239 258 245 232 219 220 224 216 238 234 217 221 208 207 216 202 194 187 197 209 214 210 207 204 197 196 193 198 204 210 217 228 232 235 230 220 220 219 223 225 220 221 234 259 271 267 273 283 278 265 260 256 257 253 251 250 251 252 253 255 257 260 264 264
171 178 182 183 186 188 193 188 194 197 203 209 215 219 225 239 243 249 243 232 230 231 225 227 229 226 224 234 243 227 229 214 205 210 216 220 227 217 218 217 220 205 207 233 230 209 207 211 212 208 214 211 203 204 200 206 217 223 229 237 247 257 254 238 226 219 219 219 220 229 241 265 287 316 320 301 293 298 290 272 268 262 260 258 257 257 259 261 264 268 272 273
169 176 181 187 191 196 198 198 203 208 213 217 224 227 245 260 287 293 270 253 243 238 228 219 224 222 222 230 230 214 201 197 195 203 218 245 226 216 216 234 239 213 197 204 228 241 232 232 217 224 222 219 213 209 216 222 232 244 246 261 253 232 216 219 214 215 213 212 216 222 228 243 261 276 289 293 297 295 293 296 276 271 270 267 262 265 267 268 270 274 277 279
165 170 178 185 191 201 204 205 210 213 223 229 232 235 256 271 283 289 278 263 248 240 245 220 203 199 212 202 190 196 205 207 193 194 208 229 228 219 227 254 227 195 195 198 205 220 234 235 237 236 226 226 216 220 243 261 266 275 256 236 216 212 211 210 204 203 204 212 216 218 225 236 247 261 272 276 277 295 307 283 288 289 271 270 273 274 272 272 275 283 285 287
164 173 184 192 200 208 215 221 219 218 226 227 228 244 261 257 255 254 255 242 239 236 229 209 199 200 199 202 198 202 224 208 195 196 201 211 217 217 220 220 201 195 197 199 201 205 208 209 221 234 231 224 228 228 227 230 227 226 249 233 215 216 220 218 208 203 205 208 212 217 223 230 241 249 256 260 266 282 314 301 307 325 317 308 308 290 283 284 285 285 293 298
165 172 182 191 203 216 221 221 219 227 227 235 251 239 238 233 227 231 223 219 215 210 203 202 209 213 196 201 197 187 189 194 200 198 205 217 226 217 204 199 198 197 200 202 207 206 217 217 213 216 236 239 225 220 213 232 251 245 244 235 231 228 223 221 218 212 212 217 221 222 226 231 238 245 249 254 260 269 280 293 306 305 322 353 322 308 295 293 294 295 306 311
159 165 175 187 198 216 229 230 232 237 243 249 251 245 233 220 209 203 199 197 195 190 202 214 204 211 197 173 177 180 182 196 207 206 205 217 230 212 202 201 196 193 203 210 210 211 225 223 223 218 229 231 233 222 233 240 238 242 240 236 229 226 230 224 220 222 222 231 236 237 244 243 241 254 258 256 262 263 275 275 285 273 290 314 319 317 306 303 306 305 310 319
150 154 163 175 189 201 210 212 213 223 231 240 242 234 223 207 199 199 194 192 199 212 227 215 202 192 186 188 187 187 187 199 223 221 224 218 220 210 212 203 199 200 213 216 213 213 215 227 228 228 226 222 223 226 247 239 231 232 230 227 226 235 246 249 238 232 233 238 246 246 250 258 261 265 275 282 286 279 275 275 273 267 262 278 313 322 320 316 309 312 325 333
149 148 156 164 173 181 188 200 209 214 213 218 221 218 212 205 197 194 193 199 214 213 215 213 204 196 198 201 197 190 194 202 228 237 240 234 231 224 215 213 210 214 215 218 219 215 216 224 231 231 226 226 223 230 241 246 238 234 234 234 242 245 262 255 248 244 253 258 258 264 263 263 267 267 273 281 287 280 276 265 274 276 261 263 286 306 304 304 322 341 363 396
148 151 154 156 162 172 181 187 195 204 212 211 210 209 208 208 196 184 194 194 195 200 206 206 199 200 203 210 212 196 202 209 229 230 232 230 226 225 225 228 229 228 228 230 226 222 219 225 236 242 234 229 228 231 240 247 260 245 251 247 256 257 257 257 253 255 260 262 262 277 277 276 280 274 274 272 271 265 260 252 276 277 259 260 268 284 311 316 339 369 388 387
151 153 157 158 161 169 177 186 188 197 204 206 209 199 198 194 192 186 191 196 194 201 206 205 205 209 215 218 211 203 208 214 223 225 224 220 221 228 232 236 236 238 239 238 238 236 231 237 241 250 246 236 231 235 241 245 251 262 278 290 283 270 269 264 262 266 264 267 266 276 280 286 282 284 273 266 259 259 244 237 251 254 260 269 272 280 300 321 336 355 358 347
154 156 159 163 164 165 173 181 187 191 199 206 203 204 193 195 192 188 193 199 199 201 202 210 211 211 212 214 206 208 214 222 227 231 226 225 237 244 237 239 242 246 246 247 250 248 256 255 255 254 256 247 237 248 262 268 275 278 307 314 334 334 314 296 283 273 274 280 275 277 286 291 277 275 270 260 252 241 235 227 230 246 260 277 270 278 293 310 325 310 316 342
156 159 163 165 160 164 168 178 184 187 193 202 203 202 196 200 191 191 196 197 199 199 203 210 208 205 205 206 209 214 233 238 242 238 231 227 233 245 249 245 249 258 254 251 265 266 270 267 266 264 260 256 253 252 255 261 270 292 306 309 334 350 347 339 335 311 289 292 288 287 295 288 280 272 264 255 241 232 228 228 237 246 255 263 273 292 304 298 287 310 337 343
156 159 158 158 163 168 172 172 177 183 192 202 205 201 200 195 199 197 197 197 198 203 206 214 203 202 202 206 213 244 275 282 266 257 251 240 241 243 248 269 271 273 271 267 269 272 273 269 267 267 269 273 275 278 282 282 282 284 287 301 297 319 350 361 349 335 326 320 319 304 303 296 292 278 267 250 235 228 228 237 242 249 260 275 286 290 274 277 291 270 291 282
154 155 152 155 160 165 170 173 176 183 193 202 207 209 207 205 206 202 201 203 206 212 230 247 211 201 205 214 236 305 295 282 270 261 258 252 263 283 283 280 273 268 268 272 278 282 286 285 290 291 295 295 295 298 303 309 312 312 310 310 305 318 349 345 356 364 344 356 363 341 322 311 297 279 263 247 239 236 237 238 246 254 270 278 279 273 254 264 255 250 263 304
152 154 156 158 163 167 169 173 179 188 197 205 212 215 212 219 212 211 214 212 216 225 256 262 228 205 215 233 264 294 294 281 271 269 284 301 307 314 297 280 273 278 286 292 298 300 306 312 313 312 309 307 317 322 329 335 339 344 345 336 331 344 355 348 345 365 347 342 352 359 355 338 305 274 252 242 235 228 230 234 244 255 279 292 269 250 241 240 237 248 246 263
157 159 162 167 163 167 174 182 188 198 202 206 214 219 221 222 221 224 224 226 237 238 262 255 206 213 231 269 280 294 295 288 295 312 328 322 317 306 294 290 293 299 305 311 317 320 327 328 330 331 331 333 340 343 344 352 362 368 372 373 380 383 372 357 339 330 324 319 322 329 328 305 292 280 261 250 246 240 221 227 237 247 271 257 244 233 225 222 219 217 219 217
161 163 163 165 168 174 180 188 192 194 202 212 220 220 228 227 231 236 246 249 271 300 300 234 202 224 252 283 331 349 317 302 323 335 329 320 317 323 322 324 319 322 326 332 336 344 346 352 354 356 357 356 356 358 373 381 388 402 416 434 441 437 412 390 373 356 344 340 328 323 313 308 304 299 295 287 270 245 227 228 233 238 237 231 225 217 210 204 201 201 206 201
155 155 159 167 175 183 184 187 193 199 210 216 222 222 225 225 231 235 252 270 282 304 305 220 207 230 277 345 371 363 324 319 325 324 325 336 345 343 349 354 346 346 353 353 361 366 358 367 369 376 375 366 361 373 386 402 416 425 452 469 480 476 461 451 428 407 397 388 373 373 368 369 361 341 337 313 282 246 236 235 227 226 223 217 210 202 196 191 188 189 194 192
163 160 167 173 178 184 190 193 199 206 213 216 216 222 228 231 234 241 246 256 281 278 246 222 222 248 326 359 383 363 333 331 319 318 320 327 352 361 375 370 369 363 365 363 372 379 371 370 375 387 392 394 383 404 411 432 449 456 467 498 508 518 525 517 493 463 453 421 412 407 416 401 395 394 375 332 281 265 246 231 220 217 213 207 199 190 184 182 180 180 188 187
171 168 171 178 184 188 192 197 204 207 205 206 211 219 226 234 247 251 251 258 259 253 249 247 251 254 290 323 339 335 342 341 339 344 349 350 359 377 391 386 384 370 379 376 376 400 390 390 397 400 408 411 397 407 418 443 453 471 486 498 515 523 526 519 506 484 462 457 435 440 434 418 401 377 385 371 317 298 262 238 223 216 210 203 194 188 184 180 179 180 189 187
175 176 180 188 195 194 193 200 211 209 195 197 206 217 232 248 254 256 265 270 273 282 282 294 289 311 331 343 349 357 370 370 375 391 388 396 405 397 401 392 398 376 400 386 385 391 394 390 413 409 394 389 400 414 425 438 446 464 479 483 500 512 516 503 501 505 491 479 461 430 402 389 387 396 366 349 312 295 272 239 224 216 210 203 195 189 188 187 183 184 186 179
185 183 186 204 216 207 200 201 207 201 186 194 205 221 235 249 268 276 288 299 307 322 336 332 327 324 320 344 375 395 390 400 392 400 428 445 441 400 408 416 422 416 412 399 361 366 390 373 372 392 410 396 424 421 424 432 438 447 458 472 488 497 501 504 498 485 469 451 426 413 427 392 384 372 347 321 298 278 262 239 226 219 213 205 200 202 211 203 188 175 173 174
193 190 191 205 221 203 197 203 208 190 189 195 207 221 236 257 277 290 309 318 335 332 316 285 292 305 346 380 390 406 410 435 464 478 459 485 432 441 444 393 422 435 399 363 385 394 446 398 370 409 414 421 434 449 445 439 452 447 449 460 467 473 475 478 472 459 442 460 430 438 388 370 361 356 339 321 300 282 262 245 234 228 218 210 206 210 206 189 172 172 170 171
192 192 192 207 210 201 210 203 194 189 192 198 208 220 242 272 292 301 319 329 305 272 275 283 298 318 356 403 437 433 467 462 506 544 524 536 489 407 412 428 447 446 388 383 456 436 410 395 351 389 408 382 421 427 420 410 424 419 427 431 440 447 457 461 449 428 409 435 421 418 417 366 353 351 342 329 310 292 273 258 246 235 226 223 211 206 193 177 170 171 172 171
194 194 196 203 203 206 203 203 194 192 197 202 209 228 255 271 298 311 312 270 275 277 285 317 356 313 367 412 452 478 550 528 550 548 503 462 424 444 438 465 424 390 396 349 438 413 365 323 354 342 350 350 372 384 393 395 394 395 406 410 416 420 431 435 407 391 369 395 384 393 414 361 354 345 337 324 310 297 278 267 257 245 236 225 213 201 195 190 183 178 176 174
200 200 200 206 203 204 209 202 198 197 198 202 215 241 254 284 307 318 272 256 272 291 315 374 377 394 423 475 566 543 565 528 542 529 546 510 474 442 468 433 418 388 373 341 326 312 284 283 307 319 373 376 383 386 374 379 385 387 389 398 406 414 411 397 380 361 364 363 373 373 377 375 370 352 334 322 307 293 281 272 264 253 243 229 221 211 206 198 190 186 182 178
203 206 208 205 204 208 213 209 207 197 200 204 226 240 256 283 297 250 235 241 266 274 344 379 430 463 501 538 497 514 528 490 493 456 499 478 463 458 450 467 406 376 345 420 352 293 267 269 287 333 366 355 363 353 355 368 368 371 378 387 398 404 407 407 391 395 404 404 398 385 362 383 376 346 325 317 308 298 287 274 266 257 250 238 229 220 210 202 195 192 192 183
206 209 217 210 211 216 228 225 202 198 201 206 224 240 267 279 235 234 266 299 332 289 343 341 327 375 423 420 475 443 459 444 435 440 431 429 381 411 404 363 327 297 318 341 293 285 258 266 292 322 340 342 331 337 346 353 362 367 373 378 382 382 386 385 386 360 354 368 372 360 346 338 336 328 327 319 313 300 291 281 268 260 252 244 234 229 222 216 207 207 205 192
206 217 231 219 210 219 231 219 197 202 205 208 223 257 257 236 242 248 260 272 324 388 301 379 453 490 494 525 464 353 406 406 384 409 416 384 373 360 347 336 320 297 301 333 258 269 258 267 286 298 297 307 311 323 334 350 359 359 363 361 350 353 361 361 361 355 346 343 347 346 348 334 337 322 305 300 298 293 290 282 276 267 255 247 239 233 223 218 216 213 202 195
195 217 233 226 213 220 226 207 197 202 203 203 226 250 237 226 228 264 298 299 326 426 432 446 466 467 495 474 384 369 337 328 362 380 383 365 357 341 326 303 285 268 286 260 253 246 254 263 275 281 284 288 294 302 311 324 330 332 331 327 315 312 327 339 351 342 344 341 337 327 322 315 305 302 292 302 297 284 279 276 270 269 265 254 243 235 225 217 210 207 200 192
192 202 236 222 202 205 220 215 197 191 196 203 206 219 208 217 248 260 259 304 389 385 361 308 340 326 367 388 336 300 295 292 312 332 333 317 303 292 281 273 256 261 252 246 239 247 253 257 258 262 262 263 269 272 279 290 298 301 302 301 287 291 301 309 331 333 338 343 334 325 313 314 318 308 285 276 273 273 273 273 274 268 266 264 254 242 231 221 213 205 199 193
196 218 218 241 200 196 215 212 195 192 204 209 213 205 220 215 240 229 263 314 313 383 406 409 416 376 296 300 253 242 246 251 260 274 275 262 249 240 235 231 231 237 234 225 230 237 243 246 245 244 241 241 240 239 248 260 270 280 284 -9999 -9999 257 262 295 308 313 342 335 324 316 316 282 283 272 269 271 270 267 268 270 277 270 268 271 282 269 246 228 217 209 203 196
190 215 203 220 209 200 213 220 190 194 205 214 218 215 229 238 222 258 308 297 365 396 413 361 313 264 231 214 214 209 211 215 222 230 233 221 210 207 204 205 209 215 218 217 219 218 218 222 225 226 222 219 217 216 225 240 -9999 -9999 -9999 -9999 250 245 257 263 292 298 295 319 312 307 297 277 268 264 265 264 262 266 265 264 265 269 273 282 282 262 253 243 227 217 208 201
176 195 208 198 193 206 226 209 186 184 199 211 204 216 220 224 306 285 279 345 339 354 378 312 238 218 209 198 189 186 188 192 198 202 201 194 186 180 178 183 189 196 201 203 204 204 203 202 203 203 203 199 199 196 -9999 -9999 -9999 -9999 -9999 -9999 -9999 227 240 249 244 272 256 265 297 316 297 273 262 259 259 255 262 271 270 264 263 264 265 266 261 256 243 237 231 220 212 207
187 185 192 182 204 211 214 201 181 172 179 185 221 236 196 267 277 331 338 341 316 303 261 233 204 203 196 182 171 168 170 174 178 180 179 175 166 158 156 160 170 179 185 188 190 191 189 187 185 184 182 183 184 186 184 -9999 -9999 -9999 -9999 -9999 -9999 212 215 228 226 241 235 235 244 282 279 278 265 256 252 253 258 257 255 264 267 276 270 261 254 250 243 229 225 223 217 213
210 195 197 191 212 212 193 186 181 160 180 216 234 228 209 245 299 346 342 286 298 332 278 204 178 176 169 154 142 144 151 158 164 170 179 186 175 152 141 146 156 165 171 175 178 178 177 174 171 166 167 169 171 173 178 184 -9999 -9999 -9999 -9999 -9999 -9999 193 196 208 213 219 226 229 258 267 260 274 269 244 245 248 247 249 255 254 267 275 266 258 251 241 237 234 236 227 222
197 213 192 201 205 193 181 169 153 156 169 182 202 222 222 229 237 279 313 255 288 307 284 193 159 153 146 135 125 130 139 148 157 170 188 204 185 178 171 156 152 157 162 166 168 168 167 165 161 157 157 160 161 163 170 -9999 -9999 -9999 -9999 -9999 -9999 -9999 -9999 184 -9999 189 202 200 207 259 277 250 257 267 263 247 267 260 262 251 253 261 266 264 258 250 242 237 235 245 243 247
