resultados/variables_proyeccion_tiempo/variables_paleo_130k/bio16.asc
ncols 330
nrows 228
xllcorner -12.000000
yllcorner 34.000000
cellsize 0.166667
NODATA_value -9999
[rows 164 to 204 of 228, columns 184 to 275 of 330]
290 285 270 252 253 246 238 234 229 231 239 242 241 237 232 235 241 244 261 262 269 260 254 228 231 243 239 235 230 232 235 237 239 236 244 247 249 250 251 251 249 248 246 244 241 236 230 225 220 214 207 200 192 184 177 168 164 161 153 146 134 131 -9999 -9999 -9999 -9999 -9999 -9999 -9999 -9999 -9999 -9999 -9999 -9999 -9999 -9999 -9999 -9999 -9999 -9999 -9999 -9999 -9999 -9999 -9999 -9999 -9999 -9999 181 189 208 234
283 282 269 276 262 254 252 242 236 235 240 244 240 238 233 236 239 257 258 266 253 250 233 222 222 229 234 233 228 222 223 228 228 229 234 239 240 243 244 245 244 243 242 239 235 232 228 223 217 211 205 198 190 182 176 165 159 155 148 139 136 134 -9999 -9999 -9999 -9999 -9999 -9999 -9999 -9999 -9999 -9999 -9999 -9999 -9999 -9999 -9999 -9999 -9999 -9999 -9999 -9999 -9999 -9999 -9999 -9999 -9999 -9999 -9999 219 227 289
290 285 275 273 274 280 267 254 247 244 253 255 244 241 234 234 242 256 259 271 255 252 232 217 218 219 223 225 224 222 219 220 223 223 225 232 233 235 237 238 238 238 236 234 231 228 223 220 215 208 201 194 188 179 172 164 159 150 144 142 -9999 -9999 -9999 -9999 -9999 -9999 -9999 -9999 -9999 -9999 -9999 -9999 -9999 -9999 -9999 -9999 -9999 -9999 -9999 -9999 -9999 -9999 -9999 -9999 -9999 -9999 -9999 -9999 -9999 -9999 -9999 -9999
292 301 294 286 279 281 289 278 279 271 261 271 256 242 240 233 235 258 287 270 245 237 227 222 217 212 214 215 216 216 218 217 220 221 220 223 229 231 231 232 233 233 233 232 228 225 220 216 212 208 202 196 188 182 175 167 160 154 152 151 155 -9999 -9999 -9999 -9999 -9999 -9999 -9999 -9999 -9999 -9999 -9999 -9999 -9999 -9999 -9999 -9999 -9999 -9999 -9999 -9999 -9999 -9999 -9999 -9999 -9999 -9999 -9999 -9999 -9999 -9999 -9999
294 294 296 296 294 282 282 270 268 261 254 258 252 256 245 232 226 245 265 241 227 221 227 223 217 209 209 209 212 214 217 217 220 220 219 220 225 227 228 229 228 229 229 225 223 223 222 220 217 212 207 200 192 184 177 170 163 162 161 161 158 -9999 -9999 -9999 -9999 -9999 -9999 -9999 -9999 -9999 -9999 -9999 -9999 -9999 -9999 -9999 -9999 -9999 -9999 -9999 -9999 -9999 -9999 -9999 -9999 -9999 -9999 -9999 -9999 -9999 -9999 -9999
314 313 310 307 296 291 286 278 268 265 263 249 248 254 241 234 222 231 238 240 236 223 233 223 220 215 213 218 219 222 219 221 218 218 218 217 219 223 222 224 224 224 223 226 230 231 229 230 224 218 213 203 194 185 179 174 174 174 173 172 -9999 -9999 -9999 -9999 -9999 -9999 -9999 -9999 -9999 -9999 -9999 -9999 -9999 -9999 -9999 -9999 -9999 -9999 -9999 -9999 -9999 -9999 -9999 -9999 -9999 -9999 -9999 -9999 -9999 -9999 -9999 -9999
351 344 330 324 321 307 296 291 283 277 283 267 264 249 232 224 221 216 221 236 232 218 238 236 226 224 221 223 226 227 226 228 227 224 224 222 224 226 224 224 225 224 231 232 233 234 233 234 232 227 218 208 197 187 184 185 186 186 185 186 -9999 -9999 -9999 -9999 -9999 -9999 -9999 -9999 -9999 -9999 -9999 -9999 -9999 -9999 -9999 -9999 -9999 -9999 -9999 -9999 -9999 -9999 -9999 -9999 -9999 -9999 -9999 -9999 -9999 -9999 -9999 -9999
378 368 356 350 334 332 315 303 297 292 285 265 271 262 234 228 237 222 208 214 218 224 225 252 256 239 231 230 234 239 238 233 228 225 224 225 231 224 222 225 224 224 229 234 238 232 234 232 233 228 215 209 198 192 196 197 196 195 196 195 -9999 -9999 -9999 -9999 -9999 -9999 -9999 -9999 -9999 -9999 -9999 -9999 -9999 -9999 -9999 -9999 -9999 -9999 -9999 -9999 -9999 -9999 -9999 -9999 -9999 -9999 -9999 -9999 -9999 -9999 -9999 -9999
382 382 371 368 362 350 346 326 316 306 295 278 275 264 245 229 218 213 203 202 208 214 215 223 248 248 245 240 250 254 249 244 231 231 231 235 230 230 230 225 224 222 226 228 234 234 236 226 221 218 209 201 197 198 202 205 201 -9999 -9999 -9999 -9999 -9999 -9999 -9999 -9999 -9999 -9999 -9999 -9999 -9999 -9999 -9999 -9999 -9999 -9999 -9999 -9999 -9999 -9999 -9999 -9999 -9999 -9999 -9999 -9999 -9999 -9999 -9999 -9999 -9999 -9999 -9999
409 407 387 382 380 376 379 351 335 324 310 295 278 271 258 236 228 217 204 199 201 212 208 210 221 233 251 258 256 257 247 242 242 236 237 242 237 242 234 236 231 226 222 222 235 242 241 229 223 216 209 205 204 203 208 209 -9999 -9999 -9999 -9999 -9999 -9999 -9999 -9999 -9999 -9999 -9999 -9999 -9999 -9999 -9999 -9999 -9999 -9999 -9999 -9999 -9999 -9999 -9999 -9999 -9999 -9999 -9999 -9999 -9999 -9999 -9999 -9999 -9999 -9999 -9999 -9999
438 444 420 404 397 400 388 385 355 343 328 312 290 274 260 242 235 219 206 199 196 203 204 210 212 219 228 239 246 254 243 247 248 254 257 251 242 242 235 239 241 237 239 237 242 243 244 238 231 228 227 224 223 222 217 217 -9999 -9999 -9999 -9999 -9999 -9999 -9999 -9999 -9999 -9999 -9999 -9999 -9999 -9999 -9999 -9999 -9999 -9999 -9999 -9999 -9999 -9999 -9999 -9999 -9999 -9999 -9999 -9999 -9999 -9999 -9999 -9999 -9999 -9999 -9999 -9999
479 504 461 423 472 412 406 395 371 361 349 324 301 280 260 249 237 224 216 211 199 210 209 199 205 210 218 222 227 237 244 252 257 265 271 259 274 281 277 257 260 255 249 253 246 246 240 234 235 240 241 233 230 224 228 227 -9999 -9999 -9999 -9999 -9999 -9999 -9999 -9999 -9999 -9999 -9999 -9999 -9999 -9999 -9999 -9999 -9999 -9999 -9999 -9999 -9999 -9999 -9999 -9999 -9999 -9999 -9999 -9999 -9999 -9999 -9999 -9999 -9999 -9999 -9999 -9999
512 503 562 513 498 423 416 408 383 382 367 336 310 288 265 253 240 221 217 207 203 219 212 198 194 199 209 233 223 226 232 235 238 249 255 243 227 235 239 231 226 229 225 217 217 220 224 229 237 245 244 232 226 224 222 -9999 -9999 -9999 -9999 -9999 -9999 -9999 -9999 -9999 -9999 -9999 -9999 -9999 -9999 -9999 -9999 -9999 -9999 -9999 -9999 -9999 -9999 -9999 -9999 -9999 -9999 -9999 -9999 -9999 -9999 -9999 -9999 -9999 -9999 -9999 -9999 -9999
548 520 598 650 565 474 432 419 424 405 379 346 317 299 271 252 233 223 208 203 212 219 208 195 193 192 197 213 220 222 221 223 219 219 216 213 212 217 222 224 220 215 210 213 220 225 230 237 245 246 241 234 230 235 237 -9999 -9999 -9999 -9999 -9999 -9999 -9999 -9999 -9999 -9999 -9999 -9999 -9999 -9999 -9999 -9999 -9999 -9999 -9999 -9999 -9999 -9999 -9999 -9999 -9999 -9999 -9999 -9999 -9999 -9999 -9999 -9999 -9999 -9999 -9999 -9999 -9999
581 560 611 673 695 538 506 479 457 422 387 355 326 321 302 257 253 229 207 204 209 207 206 212 191 189 190 229 236 242 236 216 202 198 199 199 201 200 199 203 208 210 215 220 226 233 237 240 248 252 252 251 251 248 246 253 -9999 -9999 -9999 -9999 -9999 -9999 -9999 -9999 -9999 -9999 -9999 -9999 -9999 -9999 -9999 -9999 -9999 -9999 -9999 -9999 -9999 -9999 -9999 -9999 -9999 -9999 -9999 -9999 -9999 -9999 -9999 -9999 -9999 -9999 -9999 -9999
-9999 610 591 611 715 696 550 503 451 427 394 373 363 343 289 256 236 222 204 200 200 211 223 211 199 196 192 220 261 252 235 227 216 207 199 201 200 196 201 206 212 217 222 227 238 246 245 248 256 262 268 271 266 263 264 266 270 -9999 -9999 -9999 -9999 -9999 -9999 -9999 -9999 -9999 -9999 -9999 -9999 -9999 -9999 -9999 -9999 -9999 -9999 -9999 -9999 -9999 -9999 -9999 -9999 -9999 -9999 -9999 -9999 -9999 -9999 337 347 367 -9999 -9999
-9999 -9999 609 630 671 663 590 507 463 429 408 395 383 319 298 268 238 213 207 201 199 195 196 196 201 201 196 214 223 209 232 232 239 241 228 244 235 229 222 225 224 228 233 237 243 255 257 256 266 270 273 285 287 283 283 276 276 -9999 -9999 -9999 -9999 -9999 -9999 -9999 -9999 -9999 -9999 -9999 -9999 -9999 -9999 -9999 -9999 -9999 -9999 -9999 -9999 -9999 -9999 -9999 -9999 -9999 -9999 365 343 327 312 304 291 301 313 316
-9999 -9999 -9999 -9999 -9999 604 567 536 465 434 413 407 386 331 322 290 303 238 209 202 198 198 210 215 207 217 212 216 274 236 229 245 249 249 241 257 257 258 247 241 240 242 245 251 252 252 257 258 266 269 271 275 283 298 302 290 288 -9999 -9999 -9999 -9999 -9999 -9999 -9999 -9999 -9999 -9999 -9999 -9999 -9999 -9999 -9999 -9999 -9999 -9999 -9999 -9999 -9999 -9999 -9999 -9999 404 376 347 328 307 292 275 257 249 241 239
-9999 -9999 -9999 -9999 550 556 536 499 478 442 412 406 399 348 324 280 274 235 217 208 202 202 200 201 209 219 211 206 230 243 224 231 242 256 263 271 261 259 256 253 251 255 261 268 268 264 266 269 276 277 277 279 283 289 294 296 302 307 -9999 -9999 -9999 -9999 -9999 -9999 -9999 -9999 -9999 -9999 -9999 -9999 -9999 -9999 -9999 -9999 -9999 -9999 -9999 -9999 -9999 439 422 405 373 327 314 297 277 262 245 227 214 214
-9999 -9999 -9999 -9999 500 522 531 492 463 447 424 407 392 351 323 293 252 247 230 216 209 205 204 203 206 214 213 212 215 239 234 237 241 253 253 264 274 268 264 263 265 269 277 279 277 278 281 286 292 290 287 288 290 290 290 297 313 324 329 342 357 -9999 -9999 -9999 -9999 -9999 -9999 -9999 -9999 -9999 -9999 -9999 -9999 -9999 -9999 -9999 444 427 402 367 397 362 324 330 303 287 268 255 229 207 186 190
-9999 -9999 -9999 -9999 484 497 510 490 461 439 432 407 371 359 330 290 257 251 237 229 228 231 207 205 208 211 218 217 220 241 250 246 259 257 261 265 273 272 271 280 282 285 294 302 293 291 295 302 308 309 303 301 300 297 295 300 313 328 339 351 375 409 442 427 413 399 391 -9999 -9999 385 385 -9999 -9999 -9999 -9999 -9999 421 393 330 319 330 310 311 322 271 264 248 232 214 200 193 197
-9999 -9999 -9999 -9999 477 484 488 479 465 446 425 399 367 363 332 302 265 256 249 260 241 231 215 209 209 212 218 218 220 230 245 249 254 265 274 278 274 270 271 273 275 279 292 314 307 300 304 314 324 327 321 321 319 310 303 305 312 324 342 349 367 396 426 423 408 399 389 382 377 376 376 378 376 380 375 376 358 318 288 287 296 312 360 286 271 263 248 244 239 236 231 231
-9999 -9999 -9999 -9999 478 482 482 473 464 449 434 406 380 361 334 343 275 260 293 246 224 229 218 212 213 215 222 230 230 234 241 255 273 276 282 279 278 276 275 278 285 294 304 303 307 308 316 327 338 341 343 344 335 316 -9999 312 -9999 -9999 -9999 352 348 358 386 396 390 385 375 366 360 359 359 358 340 345 338 324 295 293 294 275 285 334 345 296 305 287 263 238 227 204 202 196
-9999 -9999 -9999 -9999 485 492 490 481 479 466 445 413 379 364 340 337 297 270 255 246 230 225 219 216 215 218 221 229 237 247 251 260 271 278 -9999 294 295 -9999 -9999 -9999 -9999 -9999 -9999 303 318 327 331 341 351 359 362 371 362 343 -9999 -9999 -9999 -9999 -9999 -9999 -9999 -9999 -9999 365 364 356 348 340 337 337 339 337 326 311 317 295 273 265 262 295 300 315 322 318 298 275 259 240 222 202 201 195
-9999 -9999 -9999 -9999 499 515 521 522 521 486 455 428 393 372 353 326 318 277 261 296 249 230 224 220 217 219 228 235 238 249 260 262 -9999 -9999 -9999 294 298 -9999 -9999 -9999 318 322 -9999 -9999 333 337 344 351 359 363 371 370 356 361 355 359 -9999 -9999 -9999 347 348 386 386 363 347 331 336 339 330 309 303 304 293 292 278 278 273 280 304 310 299 301 300 286 285 278 248 237 216 187 183 184
-9999 -9999 -9999 513 526 548 562 587 565 540 482 446 430 399 366 338 318 306 271 269 268 242 229 225 218 220 227 240 252 259 262 264 272 276 -9999 -9999 -9999 -9999 -9999 -9999 319 350 341 -9999 -9999 367 370 368 370 379 376 373 361 355 380 377 380 392 369 354 347 341 335 354 322 295 288 284 275 274 271 267 268 267 258 252 250 243 250 271 286 266 252 258 255 257 242 210 203 185 179 180
-9999 -9999 -9999 -9999 546 561 591 569 628 591 557 476 446 419 390 358 328 314 283 264 275 272 235 230 -9999 -9999 228 235 242 252 259 266 280 291 291 -9999 -9999 -9999 -9999 -9999 -9999 -9999 373 383 -9999 371 373 381 392 398 383 376 373 365 372 377 380 378 367 349 332 316 316 325 299 257 254 253 244 247 249 245 239 237 240 233 224 221 227 235 223 227 227 232 220 224 215 209 193 182 183 186
-9999 -9999 -9999 -9999 -9999 614 637 630 680 654 551 554 498 448 417 380 348 320 300 287 281 293 310 240 -9999 -9999 -9999 241 248 257 269 277 272 321 306 -9999 -9999 -9999 302 305 321 -9999 369 382 376 376 383 396 409 401 398 401 410 383 379 376 377 376 369 356 359 378 461 494 322 254 291 272 225 229 225 231 226 219 218 216 206 203 201 200 199 199 209 194 208 199 203 216 190 191 194 196
-9999 -9999 -9999 -9999 567 608 -9999 730 729 678 635 593 505 467 442 410 371 339 321 305 278 273 275 259 248 -9999 -9999 -9999 253 261 263 274 -9999 -9999 -9999 -9999 -9999 -9999 309 309 317 -9999 -9999 349 355 368 394 403 410 413 421 413 400 397 384 388 381 385 387 356 378 360 401 434 447 355 342 289 253 246 237 229 224 212 217 219 212 203 195 193 189 189 187 182 180 184 200 193 183 191 193 190
-9999 -9999 -9999 -9999 -9999 613 646 674 697 669 642 617 562 510 467 438 399 360 336 326 291 274 257 265 277 251 -9999 -9999 -9999 -9999 -9999 -9999 -9999 -9999 -9999 -9999 -9999 -9999 308 315 317 -9999 -9999 350 352 378 385 410 431 455 438 423 417 398 388 376 366 369 397 394 371 397 381 376 352 327 363 323 268 238 209 198 197 192 189 188 188 186 185 180 181 181 177 185 177 192 189 190 187 197 206 191
-9999 -9999 -9999 -9999 -9999 -9999 635 634 659 646 632 612 571 540 491 460 437 388 345 324 304 283 267 262 269 279 276 -9999 -9999 -9999 -9999 -9999 -9999 288 -9999 -9999 -9999 313 316 -9999 -9999 -9999 -9999 -9999 371 394 407 421 439 428 425 433 415 403 382 355 354 366 378 375 353 353 352 378 356 350 333 312 272 240 219 211 193 189 186 189 190 184 177 175 173 175 176 184 175 177 181 188 189 202 202 198
-9999 -9999 -9999 -9999 -9999 -9999 -9999 619 612 622 623 594 574 542 510 478 454 417 374 341 318 301 289 287 276 282 312 288 -9999 -9999 -9999 -9999 292 298 -9999 -9999 -9999 315 314 -9999 -9999 -9999 -9999 -9999 391 403 402 420 424 431 449 453 428 410 406 380 363 378 402 447 428 420 432 378 387 347 347 313 266 266 249 211 196 185 181 180 181 183 177 172 170 173 180 187 182 183 183 186 196 209 212 210
-9999 -9999 -9999 -9999 -9999 -9999 -9999 -9999 601 604 607 588 574 547 522 496 469 457 422 377 347 325 321 307 294 287 286 293 289 289 -9999 295 292 -9999 -9999 -9999 -9999 -9999 -9999 -9999 -9999 -9999 -9999 386 405 410 423 426 431 447 455 438 421 404 414 402 382 379 417 424 466 445 442 390 394 340 319 293 270 246 233 209 205 188 180 178 176 175 175 171 170 172 179 187 190 192 190 196 202 208 211 208
-9999 -9999 -9999 -9999 -9999 -9999 -9999 -9999 -9999 590 -9999 586 561 539 525 512 487 467 446 426 391 368 354 364 341 310 301 298 292 298 297 292 294 -9999 -9999 -9999 -9999 -9999 -9999 -9999 -9999 -9999 -9999 388 405 421 437 439 431 436 437 429 424 436 394 389 422 441 434 437 445 447 431 408 363 341 323 289 252 233 217 217 221 196 184 180 178 176 174 170 169 174 182 193 202 207 205 208 210 208 205 201
-9999 -9999 -9999 -9999 -9999 -9999 -9999 -9999 -9999 -9999 -9999 -9999 561 553 537 522 503 481 467 444 410 388 367 356 346 325 318 323 311 -9999 -9999 -9999 -9999 -9999 309 314 -9999 -9999 -9999 -9999 -9999 -9999 -9999 -9999 -9999 432 435 436 442 436 430 448 452 416 388 395 410 405 413 407 418 428 407 359 334 332 334 282 254 234 209 199 206 200 199 204 189 183 178 172 171 174 184 199 223 237 235 228 219 210 201 196
-9999 -9999 -9999 -9999 -9999 -9999 -9999 -9999 -9999 -9999 -9999 594 573 563 552 532 516 500 483 468 455 445 396 376 360 347 329 320 316 319 326 299 309 -9999 307 323 317 -9999 -9999 -9999 -9999 -9999 -9999 -9999 -9999 -9999 422 -9999 426 416 436 439 427 408 389 378 387 400 377 388 385 380 364 330 325 306 275 276 268 233 220 195 193 199 195 206 200 193 184 176 172 173 184 207 234 274 267 243 225 210 195 187
-9999 -9999 -9999 -9999 -9999 -9999 -9999 -9999 -9999 -9999 -9999 584 572 560 550 530 518 504 488 475 458 459 423 424 370 358 343 327 323 314 317 342 315 311 -9999 -9999 -9999 -9999 -9999 -9999 356 371 -9999 417 432 420 441 446 420 407 417 451 457 416 403 368 348 373 399 404 376 365 345 324 294 277 281 269 258 241 251 223 218 212 219 213 215 205 194 182 171 170 181 203 236 276 269 243 221 205 192 178
-9999 -9999 -9999 -9999 -9999 -9999 -9999 -9999 -9999 -9999 585 587 577 549 532 516 512 495 485 464 457 440 406 409 391 369 345 329 320 299 307 318 303 302 -9999 -9999 -9999 -9999 -9999 -9999 -9999 -9999 -9999 415 434 414 427 438 430 436 435 449 458 440 437 443 437 419 396 391 387 367 339 309 287 270 278 265 249 242 272 243 237 239 244 245 240 222 200 185 173 166 174 193 219 240 240 226 210 196 184 174
-9999 -9999 -9999 -9999 -9999 -9999 -9999 -9999 -9999 -9999 589 595 586 -9999 528 511 473 473 465 481 443 419 402 391 393 384 358 341 329 316 316 312 299 303 290 -9999 -9999 -9999 -9999 -9999 -9999 -9999 -9999 408 420 416 424 448 440 463 462 453 451 449 432 414 431 436 444 395 371 363 327 301 288 274 253 255 268 257 264 265 256 253 255 255 248 233 210 191 178 169 170 182 198 205 210 204 193 184 174 165
-9999 -9999 -9999 -9999 -9999 -9999 -9999 -9999 -9999 -9999 583 591 586 -9999 -9999 494 478 476 481 498 483 470 443 405 376 363 364 336 317 295 297 302 280 307 319 322 -9999 -9999 -9999 -9999 -9999 -9999 -9999 -9999 411 -9999 -9999 447 448 463 473 464 448 433 434 435 438 439 434 423 390 351 330 311 290 268 259 245 242 254 274 279 277 270 272 268 258 246 227 214 207 200 187 174 182 183 186 184 175 168 160 153
-9999 -9999 -9999 -9999 -9999 -9999 -9999 -9999 -9999 -9999 -9999 595 590 -9999 540 514 496 492 511 509 487 489 475 430 382 357 345 327 285 270 280 276 275 289 298 296 308 321 -9999 -9999 -9999 -9999 -9999 -9999 -9999 -9999 -9999 -9999 -9999 -9999 469 465 464 441 433 452 423 405 402 403 385 356 335 315 290 276 267 243 248 254 260 273 281 285 286 284 275 260 244 230 228 207 184 172 175 175 171 169 163 157 153 148
