resultados/variables_proyeccion_tiempo/variables_paleo_130k/bio19.asc
ncols 330
nrows 228
xllcorner -12.000000
yllcorner 34.000000
cellsize 0.166667
NODATA_value -9999
[rows 45 to 89 of 228, columns 96 to 191 of 330]
-9999 -9999 -9999 -9999 -9999 -9999 -9999 -9999 -9999 -9999 -9999 -9999 -9999 -9999 -9999 -9999 -9999 -9999 -9999 -9999 -9999 -9999 -9999 -9999 -9999 -9999 -9999 -9999 -9999 -9999 -9999 -9999 -9999 -9999 -9999 -9999 -9999 -9999 300 308 316 323 330 331 337 348 353 354 356 352 344 333 322 309 297 282 263 246 230 217 202 181 166 154 143 137 126 120 113 105 101 96 92 92 89 85 81 81 80 80 83 86 88 91 91 91 91 90 91 90 90 90 91 93 94 95
-9999 -9999 -9999 -9999 -9999 -9999 -9999 -9999 -9999 -9999 -9999 -9999 -9999 -9999 -9999 -9999 -9999 -9999 -9999 -9999 -9999 -9999 -9999 -9999 -9999 -9999 -9999 -9999 -9999 -9999 -9999 -9999 -9999 -9999 -9999 -9999 279 282 289 294 298 299 302 302 308 314 317 317 316 309 304 297 289 277 268 256 240 222 207 198 191 176 160 147 134 123 115 108 103 100 95 95 89 85 84 82 81 80 82 82 83 85 87 90 89 91 95 94 92 92 93 93 93 94 95 98
-9999 -9999 -9999 -9999 -9999 -9999 -9999 -9999 -9999 -9999 -9999 -9999 -9999 -9999 -9999 -9999 -9999 -9999 -9999 -9999 -9999 -9999 -9999 -9999 -9999 -9999 -9999 -9999 -9999 -9999 -9999 -9999 -9999 -9999 -9999 268 269 274 272 273 275 275 274 273 275 274 276 279 282 280 275 270 262 249 239 232 223 207 189 170 156 150 145 137 129 117 109 102 98 96 92 87 86 83 81 82 81 82 81 82 84 87 90 91 92 92 93 96 96 95 94 94 95 95 96 95
-9999 -9999 -9999 -9999 -9999 -9999 -9999 -9999 -9999 -9999 -9999 -9999 -9999 -9999 -9999 -9999 -9999 -9999 -9999 -9999 -9999 -9999 -9999 -9999 -9999 -9999 -9999 338 337 -9999 314 -9999 268 -9999 254 252 256 253 251 251 248 243 238 236 239 243 247 247 247 249 247 241 233 220 218 209 199 189 174 156 141 128 121 118 111 106 101 95 91 90 86 84 82 80 78 79 80 81 80 83 87 90 93 94 95 95 95 97 97 97 97 95 96 95 96 96
-9999 -9999 -9999 -9999 -9999 -9999 -9999 -9999 -9999 -9999 -9999 -9999 -9999 -9999 -9999 -9999 -9999 -9999 -9999 -9999 -9999 -9999 -9999 -9999 -9999 348 345 339 331 321 302 -9999 270 251 248 243 238 235 231 225 223 218 206 204 208 213 215 217 219 217 213 212 207 194 185 180 169 158 146 140 129 116 105 98 96 93 91 89 87 85 84 83 81 80 79 78 77 78 80 86 89 92 93 96 98 98 97 98 98 97 97 98 96 95 96 94
-9999 -9999 -9999 -9999 -9999 -9999 -9999 -9999 -9999 -9999 -9999 -9999 -9999 -9999 -9999 -9999 -9999 -9999 -9999 -9999 -9999 -9999 -9999 -9999 -9999 344 343 337 330 318 302 282 265 251 238 229 221 218 216 207 190 188 186 186 188 191 193 193 196 192 190 185 182 173 165 160 150 137 126 115 108 98 91 88 85 88 87 84 82 82 83 82 81 80 79 79 78 80 82 86 90 92 95 96 99 99 101 99 100 100 98 97 94 93 93 92
-9999 -9999 -9999 -9999 -9999 -9999 -9999 -9999 -9999 -9999 -9999 -9999 -9999 -9999 -9999 -9999 -9999 -9999 -9999 -9999 -9999 -9999 352 348 345 341 342 336 327 317 303 281 264 245 229 214 198 194 184 176 168 164 161 161 163 167 162 166 171 170 169 162 158 158 153 139 132 123 112 102 92 82 76 75 77 79 82 81 80 80 81 83 85 83 82 81 81 82 87 92 95 98 99 99 100 100 100 102 101 99 97 95 94 94 94 93
-9999 -9999 -9999 -9999 -9999 -9999 -9999 -9999 -9999 -9999 -9999 -9999 -9999 -9999 -9999 -9999 -9999 -9999 -9999 -9999 -9999 -9999 -9999 334 338 334 332 329 321 312 295 274 256 234 214 201 187 175 168 159 151 144 139 139 143 146 146 149 149 152 148 146 145 143 134 126 119 110 100 90 80 71 64 67 73 74 75 76 77 79 80 80 83 84 86 85 84 86 87 90 95 99 102 106 107 105 102 100 98 97 96 94 -9999 -9999 -9999 -9999
-9999 -9999 -9999 -9999 -9999 -9999 -9999 -9999 -9999 -9999 -9999 -9999 -9999 -9999 -9999 -9999 -9999 -9999 361 349 340 335 331 325 324 323 320 315 306 296 280 261 239 220 202 186 172 158 148 140 132 123 120 118 118 120 124 129 134 141 138 147 140 130 130 130 119 112 110 92 76 66 60 64 69 71 74 74 77 79 79 80 81 82 83 87 89 91 94 98 98 100 102 108 110 108 106 102 100 99 -9999 -9999 -9999 -9999 -9999 -9999
-9999 -9999 -9999 -9999 -9999 -9999 -9999 -9999 -9999 -9999 -9999 -9999 -9999 -9999 -9999 -9999 378 379 368 362 346 335 323 312 309 306 301 295 282 268 251 236 221 203 185 174 157 142 130 121 110 105 99 99 106 113 108 111 124 125 129 126 125 127 119 111 107 104 104 91 79 69 62 63 68 70 72 73 75 77 80 82 83 85 89 89 94 99 102 105 107 108 108 111 111 109 107 103 -9999 -9999 -9999 -9999 -9999 -9999 -9999 -9999
-9999 -9999 -9999 -9999 -9999 -9999 -9999 -9999 -9999 -9999 -9999 -9999 -9999 412 379 375 413 391 372 350 331 314 301 291 283 276 271 264 254 240 227 220 205 192 176 153 140 133 121 110 104 92 87 83 83 91 94 96 105 111 109 110 108 106 102 99 97 91 85 80 75 70 66 66 67 70 71 72 75 79 80 83 84 85 89 92 94 101 105 109 109 113 115 116 115 111 -9999 -9999 -9999 -9999 -9999 -9999 -9999 -9999 -9999 -9999
-9999 -9999 -9999 -9999 -9999 -9999 -9999 -9999 -9999 -9999 -9999 -9999 421 416 425 423 425 402 370 360 314 299 284 276 267 262 245 245 235 219 208 197 187 170 164 149 133 118 108 102 91 76 66 66 69 73 77 85 96 96 93 94 101 99 95 94 93 90 87 85 80 74 68 70 70 72 73 75 76 76 77 82 84 88 90 96 100 103 106 109 109 113 116 119 118 -9999 -9999 -9999 -9999 -9999 -9999 -9999 -9999 -9999 -9999 -9999
-9999 -9999 -9999 -9999 -9999 -9999 -9999 -9999 477 478 470 478 450 462 460 450 442 407 396 378 343 312 301 268 254 244 227 206 226 221 213 201 190 168 160 142 130 112 92 81 70 58 54 66 64 65 68 69 77 82 85 84 85 86 85 86 83 80 78 80 84 77 73 71 71 70 72 72 75 78 83 84 86 88 90 94 100 104 108 113 109 111 113 117 -9999 -9999 -9999 -9999 -9999 -9999 -9999 -9999 -9999 -9999 -9999 -9999
-9999 -9999 -9999 -9999 -9999 -9999 510 501 497 501 488 484 506 504 498 487 479 423 386 360 327 322 311 271 221 203 205 188 189 195 190 188 161 144 136 133 116 102 84 71 62 56 62 64 59 64 59 61 73 76 78 82 83 85 88 86 85 85 79 77 74 79 80 79 74 71 72 74 77 79 83 87 90 95 98 101 104 107 109 113 112 110 112 -9999 -9999 -9999 -9999 -9999 -9999 -9999 -9999 -9999 -9999 -9999 -9999 -9999
-9999 -9999 -9999 -9999 -9999 509 504 514 522 525 534 531 533 532 530 513 478 434 417 386 350 324 284 278 277 230 203 182 174 151 138 142 155 144 128 108 101 94 83 67 60 54 54 58 55 53 50 57 67 70 74 73 76 80 82 87 81 83 80 77 76 76 77 77 78 75 74 76 78 82 81 84 88 91 95 99 102 106 110 112 111 110 -9999 -9999 -9999 -9999 -9999 -9999 -9999 -9999 -9999 -9999 -9999 -9999 -9999 -9999
-9999 -9999 -9999 -9999 506 518 507 524 539 549 545 551 558 554 529 489 468 437 395 382 370 332 255 201 190 161 166 155 151 134 127 120 120 140 138 128 103 91 83 80 66 49 47 53 55 52 47 51 56 60 63 65 71 77 77 85 84 83 81 80 79 81 81 78 80 80 79 78 78 78 80 81 87 90 92 95 99 106 106 107 108 110 -9999 -9999 -9999 -9999 -9999 -9999 -9999 -9999 -9999 -9999 -9999 -9999 -9999 -9999
-9999 -9999 -9999 -9999 492 484 526 550 580 582 587 573 591 578 540 528 492 474 448 391 351 316 283 271 248 190 158 183 175 128 107 104 101 95 102 101 99 89 80 65 55 52 49 47 48 48 49 57 62 63 65 68 69 69 71 74 80 83 84 86 84 84 86 84 83 81 80 81 82 82 81 83 84 88 94 95 98 101 103 104 105 105 -9999 -9999 -9999 -9999 -9999 -9999 -9999 -9999 -9999 -9999 -9999 -9999 -9999 -9999
-9999 -9999 -9999 -9999 462 465 498 512 533 557 582 596 615 591 562 538 527 472 429 337 342 265 238 244 228 240 225 214 180 128 124 100 107 93 83 82 77 81 86 76 66 54 47 45 53 52 54 60 59 69 71 78 79 73 72 74 77 82 86 89 90 89 89 87 86 81 80 78 79 84 84 87 90 90 93 99 101 99 99 101 105 105 -9999 -9999 -9999 -9999 -9999 -9999 -9999 -9999 -9999 -9999 -9999 -9999 -9999 -9999
-9999 -9999 -9999 -9999 452 481 496 521 539 573 597 628 624 624 595 558 481 464 386 311 275 271 247 209 213 203 181 182 150 140 115 100 100 104 88 88 83 70 75 78 73 61 50 48 53 53 53 55 60 63 69 71 76 75 72 74 78 81 84 86 86 91 89 90 88 83 79 81 80 80 81 81 83 88 89 96 98 98 98 99 -9999 -9999 -9999 -9999 -9999 -9999 -9999 -9999 -9999 -9999 -9999 -9999 -9999 -9999 -9999 -9999
-9999 -9999 -9999 -9999 439 448 478 508 538 595 622 656 637 639 606 518 502 435 357 306 279 240 215 225 193 159 158 154 115 96 104 103 102 96 89 83 75 67 67 77 71 71 65 53 50 55 57 60 66 64 66 69 71 78 79 78 79 80 82 83 82 85 87 85 84 83 80 83 81 82 83 86 88 88 89 92 94 96 97 98 97 -9999 -9999 -9999 -9999 -9999 -9999 -9999 -9999 -9999 -9999 -9999 -9999 -9999 -9999 -9999
-9999 -9999 -9999 419 426 455 487 505 546 609 663 660 643 629 597 540 508 431 376 361 297 265 240 213 202 198 172 120 103 87 77 92 92 91 95 85 82 74 62 64 65 64 64 61 55 58 63 67 67 70 69 70 74 79 83 83 84 83 83 85 85 84 80 80 85 86 85 84 85 84 84 90 92 93 95 95 94 95 96 96 -9999 -9999 -9999 -9999 -9999 -9999 -9999 -9999 -9999 -9999 -9999 -9999 -9999 -9999 -9999 -9999
-9999 -9999 -9999 -9999 416 430 458 513 587 640 667 671 657 647 613 577 517 461 394 362 345 324 293 258 225 180 145 145 115 100 94 82 85 81 83 81 76 77 74 65 59 59 64 68 64 65 67 71 72 73 72 75 79 80 84 85 86 89 87 85 88 88 87 82 82 83 83 83 84 82 82 90 92 91 93 93 93 95 96 95 94 -9999 -9999 -9999 -9999 -9999 -9999 -9999 -9999 -9999 -9999 -9999 -9999 -9999 -9999 -9999
-9999 -9999 -9999 -9999 399 412 423 500 596 665 707 711 696 636 596 570 516 472 410 388 354 313 278 226 201 183 148 123 98 92 93 104 94 83 80 84 82 76 79 74 67 62 62 67 72 75 74 75 76 75 78 81 79 83 87 88 87 88 88 88 89 91 94 92 89 87 87 87 84 79 79 82 88 91 92 92 92 94 95 94 93 -9999 -9999 -9999 -9999 -9999 -9999 -9999 -9999 -9999 -9999 -9999 -9999 -9999 -9999 -9999
-9999 -9999 -9999 -9999 392 393 419 512 570 673 710 728 707 647 594 562 491 430 399 364 345 316 277 242 186 149 131 118 113 102 86 100 99 99 87 84 87 83 85 86 86 88 86 82 88 90 89 82 80 83 88 88 87 87 83 87 92 92 91 92 92 92 93 97 96 94 91 90 84 78 79 85 87 88 87 86 88 91 93 92 91 89 86 86 86 -9999 84 -9999 -9999 -9999 -9999 -9999 -9999 -9999 -9999 -9999
-9999 -9999 -9999 -9999 -9999 382 425 500 574 658 707 724 670 628 571 528 470 426 367 339 301 289 256 225 196 166 143 130 119 118 121 99 97 96 100 100 90 92 87 97 104 103 101 100 101 96 98 94 89 91 90 91 90 86 85 87 91 94 94 96 97 98 98 98 100 100 104 97 89 84 83 84 85 88 88 88 88 89 90 89 88 86 86 84 83 82 82 81 -9999 -9999 -9999 -9999 -9999 77 77 78
-9999 -9999 -9999 -9999 -9999 371 404 468 534 593 653 672 662 598 559 510 461 418 373 337 300 267 263 233 207 187 168 150 134 113 109 110 111 97 91 91 93 93 98 105 109 113 116 114 110 105 102 102 95 97 95 96 89 88 86 91 89 92 95 98 100 106 106 107 107 105 104 101 96 93 92 88 87 88 86 86 85 85 86 85 84 84 83 83 82 80 79 80 79 -9999 -9999 75 75 75 75 75
-9999 -9999 -9999 -9999 -9999 -9999 359 417 479 539 578 600 605 579 537 496 459 426 385 338 299 264 251 242 217 189 175 153 129 135 104 104 98 91 91 94 92 92 109 113 114 118 121 120 116 115 113 111 103 101 98 99 96 92 87 91 92 90 93 98 102 102 108 111 113 115 110 104 99 94 94 94 91 87 86 83 82 82 83 82 82 80 80 80 79 79 79 79 78 77 -9999 -9999 -9999 74 74 74
-9999 -9999 -9999 -9999 -9999 -9999 345 370 449 503 524 552 567 550 524 486 450 409 390 337 295 266 259 232 203 186 172 154 128 116 117 119 100 101 98 95 110 104 105 104 108 118 121 124 123 120 119 112 107 101 98 98 98 95 90 90 94 91 97 101 101 104 105 107 110 110 113 112 106 102 98 95 93 88 83 80 79 79 81 80 79 77 77 77 77 77 78 78 77 76 75 -9999 -9999 -9999 -9999 -9999
-9999 -9999 -9999 -9999 -9999 -9999 327 338 384 424 479 523 538 527 509 474 435 407 376 324 282 252 231 215 168 172 174 152 139 126 107 119 116 107 103 99 108 102 105 105 109 118 124 123 124 124 121 119 112 105 100 98 100 99 94 91 91 94 97 97 99 102 105 106 107 111 106 106 103 100 97 97 95 88 81 76 75 76 76 77 76 75 76 76 76 77 77 77 77 76 75 74 -9999 -9999 -9999 -9999
-9999 -9999 -9999 -9999 -9999 -9999 312 311 328 391 444 470 511 522 507 473 433 400 365 323 280 278 224 178 171 156 148 141 148 128 112 106 119 117 110 112 108 104 107 110 111 116 121 123 127 126 125 120 117 115 108 99 97 94 93 91 90 89 91 95 97 99 106 108 108 105 104 99 99 97 96 94 91 85 78 73 74 75 76 75 75 75 76 75 75 76 78 78 77 76 75 -9999 -9999 -9999 -9999 -9999
-9999 -9999 -9999 -9999 -9999 -9999 280 288 301 328 388 435 484 496 490 464 435 407 381 331 285 278 228 191 160 145 140 135 134 132 115 114 130 128 126 114 109 105 105 107 109 114 121 124 128 129 126 120 119 117 113 108 100 95 92 90 88 88 89 91 95 98 101 105 106 107 100 98 96 94 93 91 89 84 80 76 75 76 77 76 75 74 75 76 75 76 77 78 78 78 -9999 -9999 -9999 -9999 -9999 -9999
-9999 -9999 -9999 -9999 -9999 267 -9999 262 267 294 353 396 441 465 466 454 435 406 377 334 292 262 225 203 174 190 156 156 144 140 125 118 116 113 117 111 109 107 106 106 110 113 117 124 131 133 128 124 120 116 114 107 101 97 93 89 87 86 87 88 91 98 100 104 106 99 93 94 93 91 90 89 88 86 84 82 81 81 81 80 78 76 75 75 76 77 78 79 80 80 -9999 -9999 -9999 -9999 -9999 -9999
-9999 -9999 -9999 -9999 -9999 -9999 -9999 246 229 245 297 369 405 438 445 443 430 394 379 348 304 257 239 208 182 181 173 173 163 145 134 129 122 116 113 112 108 106 107 114 109 112 117 126 131 138 135 129 126 120 117 110 102 96 93 89 86 86 86 88 91 95 100 103 103 99 94 94 93 92 90 89 87 87 85 84 84 84 84 82 81 77 74 76 77 77 79 80 80 -9999 -9999 -9999 -9999 -9999 -9999 -9999
-9999 -9999 -9999 -9999 -9999 -9999 -9999 -9999 -9999 223 262 316 371 414 440 442 420 393 373 349 315 271 237 223 202 184 175 167 165 154 143 137 127 119 112 110 108 -9999 -9999 -9999 -9999 114 119 125 138 140 139 133 129 124 118 109 103 97 92 87 84 84 85 86 91 95 101 104 107 102 99 96 92 91 89 87 87 86 85 86 87 89 88 85 81 77 73 73 75 77 78 -9999 -9999 -9999 -9999 -9999 -9999 -9999 -9999 -9999
-9999 -9999 -9999 -9999 -9999 -9999 -9999 -9999 207 215 255 316 366 397 420 423 400 392 376 353 315 284 249 240 215 195 182 169 161 148 136 131 128 -9999 -9999 -9999 -9999 -9999 -9999 -9999 -9999 -9999 117 124 135 137 138 135 132 130 119 112 106 98 92 86 83 83 85 87 91 95 98 102 101 97 98 93 89 86 85 85 88 87 87 87 89 91 90 86 80 76 72 70 -9999 -9999 -9999 -9999 -9999 -9999 -9999 -9999 -9999 -9999 -9999 -9999
-9999 -9999 -9999 -9999 -9999 -9999 -9999 -9999 -9999 226 264 301 321 370 392 398 384 376 363 350 311 287 258 255 237 213 203 189 169 151 139 128 -9999 -9999 -9999 -9999 -9999 -9999 -9999 -9999 -9999 -9999 -9999 121 127 132 136 135 133 128 122 117 110 103 94 86 85 85 87 87 89 92 94 94 94 93 92 88 84 83 83 82 83 82 83 85 87 88 89 -9999 -9999 -9999 -9999 -9999 -9999 -9999 -9999 -9999 -9999 -9999 -9999 -9999 -9999 -9999 -9999 -9999
-9999 -9999 -9999 -9999 -9999 -9999 -9999 -9999 -9999 -9999 248 266 303 333 366 369 373 360 353 330 303 290 276 265 258 251 233 199 175 158 -9999 -9999 -9999 -9999 -9999 -9999 -9999 -9999 -9999 -9999 -9999 -9999 -9999 116 121 126 133 136 135 132 130 126 121 112 99 89 87 90 97 89 90 93 91 92 92 91 89 85 81 79 80 82 84 84 84 85 85 85 -9999 -9999 -9999 -9999 -9999 -9999 -9999 -9999 -9999 -9999 -9999 -9999 -9999 69 -9999 -9999 -9999 -9999
-9999 -9999 -9999 -9999 -9999 -9999 -9999 -9999 -9999 -9999 -9999 -9999 -9999 311 343 350 348 349 339 322 304 287 281 269 263 256 233 209 -9999 -9999 -9999 -9999 -9999 -9999 -9999 -9999 -9999 -9999 -9999 -9999 -9999 -9999 -9999 113 117 123 130 139 145 143 143 142 136 126 113 103 101 100 100 93 92 91 89 91 93 94 90 87 85 83 83 84 84 84 84 83 82 82 81 -9999 -9999 -9999 -9999 -9999 -9999 -9999 -9999 -9999 -9999 -9999 -9999 -9999 -9999 -9999 -9999 -9999
-9999 -9999 -9999 -9999 -9999 -9999 -9999 -9999 -9999 -9999 -9999 -9999 -9999 -9999 -9999 317 325 320 307 301 290 274 269 258 250 247 -9999 -9999 -9999 -9999 -9999 -9999 -9999 -9999 -9999 -9999 -9999 -9999 -9999 -9999 -9999 -9999 -9999 -9999 114 118 127 143 154 157 163 161 155 147 137 127 118 113 107 101 99 89 89 97 97 96 92 90 89 87 84 87 86 83 81 80 79 79 -9999 -9999 -9999 -9999 -9999 -9999 -9999 -9999 -9999 -9999 -9999 -9999 -9999 -9999 -9999 -9999 -9999 -9999
-9999 -9999 -9999 -9999 -9999 -9999 -9999 -9999 -9999 -9999 -9999 -9999 -9999 -9999 -9999 -9999 -9999 -9999 290 -9999 268 263 -9999 -9999 -9999 -9999 -9999 -9999 -9999 -9999 -9999 -9999 -9999 -9999 -9999 -9999 -9999 -9999 -9999 -9999 -9999 -9999 -9999 -9999 -9999 114 127 146 161 174 177 180 183 175 163 149 136 127 117 108 96 91 98 101 99 100 97 93 92 90 88 87 86 83 79 78 77 -9999 -9999 -9999 -9999 -9999 -9999 -9999 -9999 -9999 -9999 70 70 70 70 71 70 -9999 -9999 -9999
-9999 -9999 -9999 -9999 -9999 -9999 -9999 -9999 -9999 -9999 -9999 -9999 -9999 -9999 -9999 -9999 -9999 -9999 -9999 -9999 -9999 -9999 -9999 -9999 -9999 -9999 -9999 -9999 -9999 -9999 -9999 -9999 -9999 -9999 -9999 -9999 -9999 -9999 77 76 -9999 -9999 -9999 -9999 -9999 101 121 146 170 186 195 197 199 195 183 167 151 143 128 113 101 99 103 105 104 102 101 100 96 93 90 89 86 82 77 75 74 -9999 -9999 -9999 -9999 -9999 -9999 -9999 -9999 -9999 71 71 71 71 70 -9999 -9999 -9999 -9999 -9999
-9999 -9999 -9999 -9999 -9999 -9999 -9999 -9999 -9999 -9999 -9999 -9999 -9999 -9999 -9999 -9999 -9999 -9999 -9999 -9999 -9999 -9999 -9999 -9999 -9999 -9999 -9999 -9999 -9999 -9999 -9999 -9999 -9999 -9999 -9999 82 78 75 74 74 -9999 -9999 -9999 -9999 -9999 -9999 115 145 165 189 193 197 197 196 188 173 160 148 134 124 113 108 111 113 108 103 102 101 98 96 93 90 87 82 76 73 71 -9999 -9999 -9999 -9999 -9999 -9999 -9999 66 70 72 71 70 -9999 -9999 -9999 -9999 -9999 -9999 -9999
-9999 -9999 -9999 -9999 -9999 -9999 -9999 -9999 -9999 -9999 -9999 -9999 -9999 -9999 -9999 -9999 -9999 -9999 -9999 -9999 -9999 -9999 -9999 -9999 -9999 -9999 -9999 -9999 -9999 -9999 -9999 -9999 -9999 -9999 87 81 76 75 74 70 -9999 -9999 -9999 -9999 -9999 -9999 -9999 138 152 171 184 187 196 200 192 182 172 157 145 133 121 115 114 113 110 107 104 102 99 96 94 92 90 83 77 73 71 -9999 63 -9999 -9999 -9999 -9999 -9999 64 67 70 71 70 70 -9999 -9999 -9999 -9999 -9999 -9999
-9999 -9999 -9999 -9999 -9999 -9999 -9999 -9999 -9999 -9999 -9999 -9999 -9999 -9999 -9999 -9999 -9999 -9999 -9999 -9999 -9999 -9999 -9999 -9999 -9999 -9999 -9999 -9999 -9999 -9999 -9999 -9999 105 97 87 78 76 75 72 70 -9999 66 65 64 -9999 -9999 -9999 -9999 146 157 170 181 192 196 193 187 177 162 150 137 127 121 117 115 113 112 111 108 104 100 96 92 90 83 77 73 -9999 66 65 -9999 -9999 -9999 -9999 58 62 65 68 68 69 -9999 -9999 -9999 -9999 -9999 -9999 -9999
-9999 -9999 -9999 -9999 -9999 -9999 -9999 -9999 -9999 -9999 -9999 -9999 -9999 -9999 -9999 -9999 -9999 -9999 -9999 -9999 -9999 -9999 -9999 -9999 -9999 -9999 143 141 133 125 119 113 107 98 89 81 78 75 72 -9999 -9999 -9999 -9999 -9999 -9999 -9999 -9999 -9999 -9999 148 156 169 179 191 197 194 185 171 154 144 133 128 123 118 114 112 110 112 107 102 97 92 87 82 76 73 70 68 68 -9999 -9999 -9999 -9999 -9999 61 62 64 -9999 -9999 -9999 -9999 -9999 -9999 -9999 -9999 -9999
