resultados/variables_proyeccion_tiempo/variables_paleo_130k/bio12.asc
ncols 330
nrows 228
xllcorner -12.000000
yllcorner 34.000000
cellsize 0.166667
NODATA_value -9999
[rows 80 to 119 of 228, columns 182 to 272 of 330]
-9999 -9999 -9999 -9999 -9999 -9999 -9999 -9999 -9999 -9999 -9999 -9999 -9999 -9999 -9999 -9999 -9999 -9999 -9999 -9999 -9999 575 576 577 580 576 571 568 563 560 566 593 613 636 658 677 695 708 709 702 689 677 666 657 652 654 658 660 655 651 647 648 649 647 652 658 667 675 686 691 698 702 706 709 706 703 703 703 699 686 678 669 664 653 643 634 626 618 621 634 645 657 670 683 698 717 738 745 742 727 714
-9999 -9999 -9999 -9999 -9999 495 -9999 -9999 -9999 -9999 -9999 -9999 -9999 -9999 -9999 -9999 -9999 -9999 -9999 -9999 577 577 582 583 584 580 577 573 569 567 -9999 -9999 620 639 658 674 692 702 700 692 682 669 659 651 647 651 657 662 652 643 640 642 646 647 652 660 665 672 679 687 698 703 706 710 710 700 696 694 689 685 674 664 656 646 637 627 618 613 616 625 638 654 668 679 688 706 724 736 732 725 713
-9999 -9999 -9999 -9999 -9999 -9999 -9999 -9999 -9999 -9999 -9999 -9999 -9999 -9999 -9999 -9999 -9999 -9999 -9999 -9999 -9999 581 589 586 584 583 582 576 -9999 -9999 -9999 -9999 -9999 639 657 667 684 690 692 690 681 670 659 652 654 653 656 662 653 649 641 646 646 648 653 657 662 668 675 690 705 708 707 708 707 700 690 687 683 677 668 658 649 639 632 623 614 612 616 622 635 651 663 673 681 697 712 725 727 724 718
-9999 -9999 -9999 -9999 -9999 -9999 -9999 -9999 -9999 -9999 -9999 -9999 -9999 -9999 -9999 -9999 -9999 -9999 -9999 -9999 -9999 -9999 599 595 588 589 -9999 -9999 -9999 -9999 -9999 -9999 -9999 642 644 -9999 674 683 690 688 682 674 666 666 667 661 659 670 667 668 660 652 649 651 652 654 658 665 671 680 691 695 700 701 698 690 685 681 676 668 660 653 646 641 636 627 620 617 616 622 630 644 658 667 674 682 694 707 717 724 716
-9999 483 484 493 498 502 508 -9999 -9999 -9999 -9999 -9999 -9999 -9999 -9999 -9999 -9999 -9999 -9999 -9999 -9999 601 602 599 -9999 -9999 -9999 -9999 -9999 -9999 -9999 -9999 -9999 -9999 -9999 -9999 668 679 684 683 679 673 669 670 670 668 668 664 664 666 661 655 655 657 658 659 661 662 667 673 677 679 681 682 684 680 676 671 666 661 658 654 649 642 635 630 623 618 618 622 628 639 653 659 664 675 702 709 714 717 707
481 485 488 494 498 -9999 -9999 -9999 -9999 -9999 -9999 -9999 -9999 -9999 -9999 -9999 -9999 -9999 -9999 -9999 -9999 -9999 -9999 619 618 617 -9999 -9999 -9999 613 -9999 -9999 -9999 -9999 -9999 -9999 666 676 681 684 680 673 675 674 673 675 673 669 668 665 661 669 681 674 674 672 672 668 668 668 671 672 673 675 674 671 671 666 664 660 656 651 646 640 636 632 624 623 621 620 625 633 644 649 657 670 696 706 707 705 698
482 486 489 -9999 -9999 -9999 -9999 -9999 -9999 -9999 -9999 -9999 -9999 -9999 -9999 -9999 -9999 -9999 -9999 -9999 630 631 627 633 637 628 626 -9999 -9999 -9999 -9999 -9999 -9999 -9999 -9999 -9999 668 676 683 686 681 678 679 681 682 682 681 676 673 669 671 681 685 683 681 676 672 666 664 667 666 668 669 671 673 674 681 678 666 655 650 648 643 639 635 630 625 624 621 624 628 633 639 644 653 672 684 693 696 693 689
481 489 494 500 -9999 -9999 -9999 -9999 -9999 -9999 -9999 -9999 -9999 -9999 -9999 -9999 -9999 -9999 642 639 641 643 642 643 647 641 638 636 635 -9999 -9999 -9999 -9999 -9999 -9999 -9999 670 673 680 679 682 683 686 692 703 704 699 690 682 678 678 685 685 679 676 674 669 664 663 663 664 665 667 667 674 685 690 680 666 652 649 645 641 638 632 628 626 623 623 627 628 630 635 642 657 678 686 686 684 683 680
478 484 490 -9999 -9999 -9999 -9999 -9999 -9999 -9999 -9999 -9999 -9999 -9999 -9999 -9999 -9999 -9999 647 649 653 655 655 654 654 659 656 645 639 642 -9999 -9999 -9999 -9999 -9999 663 665 670 674 679 685 696 707 723 728 727 720 706 693 686 683 678 675 673 673 671 666 662 660 661 662 664 665 666 668 674 670 661 653 650 647 642 638 634 629 628 625 623 625 626 628 634 649 665 670 670 675 676 674 676 674
468 -9999 -9999 -9999 -9999 -9999 -9999 -9999 -9999 -9999 -9999 -9999 -9999 -9999 -9999 -9999 -9999 -9999 657 661 666 668 667 667 670 670 666 658 656 652 647 644 -9999 660 662 662 663 666 672 683 692 710 718 725 730 738 728 709 698 690 680 674 673 671 671 669 662 661 660 661 660 659 659 661 658 658 655 650 649 648 644 640 635 630 628 624 623 622 627 634 638 650 660 663 665 667 670 671 669 667 666
469 -9999 -9999 -9999 -9999 -9999 -9999 -9999 -9999 -9999 -9999 -9999 -9999 -9999 -9999 -9999 659 661 668 677 689 688 679 682 684 679 676 667 663 656 651 650 654 661 662 659 659 663 669 673 681 692 702 714 723 731 729 715 692 685 678 673 670 670 668 665 661 661 660 658 660 659 657 657 661 677 677 668 658 650 643 637 631 628 625 622 622 629 646 653 656 657 657 659 661 662 662 665 665 663 658
-9999 -9999 -9999 -9999 -9999 -9999 -9999 -9999 -9999 -9999 -9999 -9999 -9999 -9999 -9999 -9999 664 673 683 691 699 698 692 695 697 693 688 676 664 657 649 649 654 654 657 657 658 657 658 663 671 676 683 694 705 708 701 694 688 682 674 670 668 668 666 663 659 659 658 658 658 655 655 660 670 673 676 679 672 663 652 634 630 625 625 625 626 629 640 645 647 657 656 654 657 658 659 664 666 663 655
-9999 -9999 -9999 -9999 -9999 -9999 -9999 -9999 -9999 -9999 -9999 -9999 -9999 -9999 -9999 -9999 674 687 696 711 722 715 709 708 705 703 692 680 668 657 646 644 647 647 646 647 647 647 650 654 660 668 675 682 685 687 689 687 683 679 674 672 670 673 670 665 664 659 656 657 654 656 659 661 667 666 670 671 669 658 646 632 626 623 624 625 626 639 645 641 643 653 655 654 655 657 657 661 661 660 655
-9999 -9999 -9999 -9999 -9999 -9999 -9999 -9999 -9999 -9999 -9999 -9999 -9999 -9999 -9999 683 684 698 707 718 736 738 725 717 709 701 689 678 663 651 645 640 641 640 641 639 636 638 640 645 653 661 668 677 679 682 681 678 677 674 676 674 672 671 668 666 665 663 656 655 655 657 659 658 661 660 662 663 664 658 647 634 628 620 622 625 635 642 641 640 640 644 646 648 651 653 655 655 657 658 653
-9999 -9999 -9999 -9999 -9999 -9999 -9999 -9999 -9999 -9999 -9999 -9999 -9999 -9999 -9999 691 696 710 720 725 738 748 744 733 720 706 690 674 660 648 638 636 635 635 634 632 629 630 630 637 647 655 662 672 676 679 677 675 672 672 675 675 671 668 668 669 664 660 657 655 656 658 659 659 659 659 660 657 660 657 650 644 637 632 630 632 638 636 637 636 638 640 640 642 644 642 645 646 649 647 648
-9999 -9999 -9999 -9999 -9999 -9999 -9999 -9999 -9999 -9999 -9999 -9999 -9999 -9999 -9999 -9999 709 722 736 745 764 771 766 758 741 719 700 680 661 644 633 631 631 629 630 627 624 625 627 633 642 650 657 666 674 677 677 671 668 667 667 668 666 664 663 659 657 653 651 651 651 655 657 659 661 660 657 656 656 652 647 643 639 637 636 635 637 635 635 636 638 638 638 638 639 640 638 638 642 648 646
-9999 -9999 -9999 -9999 -9999 -9999 -9999 -9999 -9999 -9999 -9999 -9999 -9999 -9999 -9999 -9999 721 734 748 761 771 780 784 777 757 734 710 684 662 641 632 631 628 626 624 622 621 622 624 632 640 648 656 666 668 671 675 673 665 664 667 663 661 656 653 651 647 645 645 649 651 654 655 657 656 659 654 654 653 648 651 648 641 637 636 635 637 638 636 637 636 638 637 637 635 634 636 637 639 643 641
-9999 -9999 -9999 -9999 -9999 -9999 -9999 -9999 -9999 -9999 -9999 -9999 -9999 -9999 -9999 -9999 731 741 756 774 784 786 787 789 770 745 712 692 669 650 640 635 630 624 621 619 621 621 623 631 639 646 654 664 662 670 674 673 666 666 665 660 650 648 644 641 639 638 638 642 649 651 652 654 655 656 653 651 653 656 654 650 643 639 636 634 635 636 634 635 638 637 638 636 635 636 637 641 638 640 641
-9999 -9999 -9999 -9999 -9999 -9999 -9999 -9999 -9999 -9999 -9999 -9999 -9999 -9999 -9999 -9999 732 741 754 771 784 788 789 788 769 741 719 697 671 658 646 636 630 624 617 617 617 617 619 627 634 646 655 661 671 672 672 669 664 658 656 651 644 643 637 636 635 637 638 641 645 648 650 653 653 651 650 650 655 658 658 650 645 641 636 633 634 634 635 637 640 638 639 639 637 634 635 635 636 637 636
-9999 -9999 -9999 -9999 -9999 -9999 -9999 -9999 -9999 -9999 -9999 -9999 -9999 -9999 -9999 -9999 723 742 754 767 774 779 775 764 748 724 702 685 672 658 646 636 628 620 615 616 617 616 615 622 636 648 660 665 672 669 665 666 658 654 648 645 640 633 629 629 633 638 641 644 646 648 651 649 648 648 648 649 652 654 653 648 644 642 634 632 631 633 635 632 636 638 640 644 646 641 636 630 635 633 630
-9999 -9999 -9999 -9999 -9999 -9999 -9999 -9999 -9999 -9999 -9999 -9999 -9999 -9999 727 721 718 741 751 759 761 761 754 736 716 699 682 669 658 651 639 630 622 616 615 617 618 613 612 626 640 651 657 661 663 660 660 667 658 648 644 639 636 633 631 632 638 642 649 653 653 652 652 651 648 648 646 645 646 647 649 648 645 643 638 637 631 630 630 628 630 638 644 644 639 637 632 629 631 627 623
-9999 -9999 -9999 -9999 -9999 -9999 -9999 -9999 -9999 -9999 -9999 -9999 -9999 741 733 727 -9999 739 744 747 748 746 734 715 701 682 665 652 644 635 627 623 618 617 618 618 617 618 627 633 644 653 662 659 659 657 662 666 660 655 649 642 643 638 637 639 642 644 647 654 658 656 656 650 647 645 643 642 639 642 642 642 644 642 638 635 633 631 632 630 630 637 638 638 637 630 624 623 624 621 616
-9999 -9999 -9999 -9999 -9999 -9999 -9999 -9999 -9999 695 713 731 745 754 753 744 737 735 734 734 734 730 717 698 682 664 648 637 629 623 621 618 618 617 617 621 623 628 633 641 652 659 661 657 652 653 652 649 654 652 648 643 644 640 640 644 645 644 644 649 652 657 655 652 645 641 638 637 636 637 634 630 628 628 628 627 625 625 626 627 632 636 642 639 630 622 616 617 617 615 611
559 550 549 -9999 -9999 -9999 -9999 -9999 -9999 691 707 731 752 768 759 744 735 730 726 723 718 711 698 683 667 647 629 619 613 608 608 611 614 614 617 625 636 637 647 650 662 664 661 659 666 655 650 645 645 646 644 643 643 641 641 641 643 645 646 644 646 648 650 656 645 637 636 640 637 631 632 628 623 618 617 618 615 616 621 628 629 637 640 628 621 615 617 615 615 616 609
555 544 551 -9999 -9999 -9999 -9999 -9999 663 681 702 722 738 753 751 739 727 719 714 708 700 691 681 666 650 635 626 614 606 601 600 605 609 610 615 624 641 648 655 661 666 667 674 671 666 662 650 643 641 641 638 640 642 640 639 641 643 649 646 639 637 645 645 643 637 635 636 636 636 630 626 623 615 612 612 610 608 610 616 622 625 630 631 627 621 615 615 612 608 608 603
559 537 523 531 562 593 622 644 660 679 709 727 742 741 736 725 713 704 700 693 690 686 670 660 652 642 638 628 608 596 595 596 599 605 617 634 639 648 654 657 663 667 670 670 666 661 655 656 645 635 634 634 638 640 645 649 647 651 642 635 633 636 637 632 630 629 628 630 625 624 619 610 607 606 605 603 604 608 613 613 615 618 618 616 613 609 608 606 600 601 598
562 531 518 527 556 590 639 668 662 675 694 705 718 716 713 702 692 687 683 682 680 669 664 663 650 637 631 613 603 593 593 595 597 603 613 625 636 647 655 658 662 662 663 664 662 658 658 651 652 646 642 642 646 644 654 661 651 643 633 626 626 624 624 623 622 621 619 618 616 614 610 600 599 596 593 591 592 596 599 600 604 606 606 604 604 601 600 599 595 591 589
557 535 526 531 557 592 625 646 658 668 669 678 684 690 695 691 680 677 674 669 661 654 650 637 632 618 606 594 583 581 583 585 589 597 605 616 629 641 650 655 656 660 658 653 647 645 641 637 636 644 646 648 658 654 655 657 648 632 622 617 613 614 612 612 613 614 613 611 605 603 600 594 588 588 586 587 585 594 593 596 596 595 596 598 595 591 589 589 588 585 579
551 539 533 541 568 599 622 645 655 660 660 663 663 673 673 675 673 666 663 651 643 638 629 617 609 600 594 582 578 577 577 576 580 589 601 612 622 633 643 646 648 653 648 642 640 635 632 629 630 633 638 650 655 656 652 648 642 626 618 610 608 607 605 604 604 607 605 602 595 594 589 583 579 580 579 579 578 581 586 586 586 586 590 590 590 587 586 580 577 581 576
550 543 539 545 573 595 615 628 633 639 641 641 639 645 648 652 650 645 639 630 623 617 612 607 595 588 581 575 573 572 573 580 583 584 591 602 614 628 637 641 643 645 640 639 642 637 624 622 625 631 634 643 643 642 641 635 623 610 602 598 599 599 599 598 598 598 598 595 590 587 581 576 575 575 573 573 573 576 577 578 577 578 579 581 581 580 577 579 571 567 567
545 540 532 552 568 584 597 609 618 638 633 636 632 630 626 627 626 622 617 612 606 603 604 596 587 579 573 569 570 580 576 581 583 586 584 593 607 620 633 637 636 640 640 641 655 644 628 617 618 619 623 626 625 625 626 619 610 598 585 584 587 592 594 592 593 592 592 590 587 583 578 571 571 571 569 567 568 570 571 572 573 574 576 576 572 570 568 565 565 564 560
531 530 535 551 560 570 584 594 605 618 622 624 621 615 606 602 599 596 594 592 588 587 588 586 574 570 574 575 572 578 577 582 584 577 582 590 600 610 619 628 635 645 650 642 640 635 623 616 615 619 616 618 615 615 614 608 601 589 581 579 582 585 588 588 588 586 588 589 585 579 577 570 569 565 565 563 562 566 567 569 570 569 569 567 564 562 560 560 558 557 554
529 534 540 546 553 562 572 580 594 597 600 600 601 592 589 579 576 575 574 572 570 571 572 575 566 563 565 566 572 572 573 578 578 579 591 596 605 618 615 628 633 640 648 640 631 622 613 611 611 610 612 612 612 611 606 603 596 590 584 581 580 582 584 585 584 586 587 583 580 576 574 569 566 564 562 559 561 562 561 561 561 559 560 559 559 556 556 557 555 549 547
520 524 529 536 544 556 565 573 577 579 578 576 577 572 570 561 557 555 554 553 556 559 562 557 560 561 561 559 564 570 572 572 577 581 589 596 604 617 623 627 638 642 638 633 621 609 603 603 608 608 608 608 606 603 600 594 591 589 583 581 582 582 583 586 586 584 583 580 578 575 572 568 566 563 560 556 558 557 555 554 554 557 558 556 555 552 553 551 552 547 543
520 520 521 531 541 551 558 561 560 561 561 558 556 551 547 539 536 537 538 541 546 548 552 551 556 557 558 558 560 563 565 569 573 577 585 594 602 606 613 619 626 631 629 619 613 601 599 599 600 600 599 599 599 598 596 592 588 586 583 584 582 581 580 582 585 582 581 579 579 575 571 568 564 563 560 554 555 553 550 550 553 550 549 550 551 553 552 551 549 543 537
519 521 524 524 533 542 546 551 556 554 549 543 538 533 527 522 515 517 521 529 535 538 539 543 547 548 553 555 558 559 564 568 572 576 580 586 591 597 607 611 615 615 611 607 601 596 594 593 594 595 593 593 595 594 592 591 587 584 582 581 580 580 579 582 582 583 582 581 580 576 571 568 565 562 557 551 548 548 548 548 547 545 549 549 549 550 552 550 544 537 535
517 521 522 524 526 530 534 538 543 549 546 539 531 520 513 506 500 505 511 517 523 530 536 539 539 545 552 555 556 559 564 564 568 575 577 580 585 589 594 597 602 602 601 598 595 591 589 589 590 590 589 589 590 591 589 588 586 586 584 584 583 581 581 581 583 584 585 583 580 577 573 568 564 558 554 549 543 545 546 545 545 547 550 549 547 547 546 542 539 533 535
515 520 523 530 535 538 536 537 534 532 532 527 521 511 500 488 487 496 506 516 525 529 536 542 541 539 545 549 557 555 555 558 561 564 569 573 575 580 584 587 590 590 590 588 587 585 585 585 586 588 587 587 589 590 590 589 587 586 586 588 586 585 584 582 585 586 587 587 585 582 579 572 562 559 552 545 541 542 541 542 545 546 549 545 542 542 544 542 540 535 531
513 520 524 529 534 536 537 536 534 534 528 521 517 511 503 499 494 501 510 523 533 530 531 534 538 542 543 548 547 542 541 545 551 555 557 562 568 572 576 581 584 585 586 585 584 581 579 579 581 582 585 586 586 588 588 588 588 588 587 587 585 585 584 583 586 586 586 588 588 585 578 571 565 557 550 545 544 544 543 543 542 541 544 543 539 541 540 541 541 537 530
521 521 522 529 533 534 533 534 535 532 529 527 524 521 518 513 508 505 515 521 527 528 533 535 538 538 541 543 543 536 528 525 539 544 549 554 558 566 570 573 576 576 576 577 576 576 573 575 577 581 583 586 587 586 588 588 587 586 585 587 585 585 587 588 586 585 584 585 585 583 579 574 567 561 553 548 548 546 544 544 542 538 538 537 539 538 540 540 540 535 533
