resultados/variables_proyeccion_tiempo/variables_paleo_130k/bio1.asc
ncols 330
nrows 228
xllcorner -12.000000
yllcorner 34.000000
cellsize 0.166667
NODATA_value -9999
[rows 98 to 146 of 228, columns 96 to 191 of 330]
-9999 -9999 -9999 -9999 -9999 -9999 -9999 -9999 -9999 -9999 -9999 -9999 -9999 -9999 -9999 -9999 -9999 -9999 -9999 -9999 -9999 -9999 -9999 -9999 78 78 78 77 76 73 71 71 71 71 73 74 74 74 76 77 77 77 77 77 75 75 75 75 76 77 78 76 74 73 72 71 69 68 69 68 67 68 71 -9999 -9999 -9999 -9999 -9999 -9999 -9999 -9999 -9999 -9999 -9999 -9999 -9999 -9999 -9999 -9999 -9999 -9999 -9999 -9999 -9999 -9999 -9999 -9999 -9999 -9999 -9999 -9999 -9999 -9999 -9999 -9999 -9999
-9999 -9999 -9999 -9999 -9999 -9999 -9999 -9999 -9999 -9999 -9999 -9999 -9999 -9999 -9999 -9999 -9999 -9999 -9999 -9999 -9999 -9999 -9999 -9999 -9999 80 81 79 77 75 72 72 71 73 74 74 73 73 75 76 77 -9999 77 77 75 75 75 75 76 77 76 -9999 75 74 72 71 71 71 70 71 71 71 -9999 -9999 -9999 -9999 -9999 -9999 -9999 -9999 -9999 -9999 -9999 -9999 -9999 -9999 -9999 -9999 -9999 -9999 -9999 -9999 -9999 -9999 -9999 -9999 -9999 -9999 -9999 -9999 -9999 -9999 -9999 -9999 -9999 -9999
-9999 -9999 -9999 -9999 -9999 -9999 -9999 -9999 -9999 -9999 -9999 -9999 -9999 -9999 -9999 -9999 -9999 -9999 -9999 -9999 -9999 -9999 -9999 -9999 -9999 -9999 83 82 78 75 73 71 72 74 75 74 73 74 74 73 75 77 77 77 76 76 76 74 75 76 76 -9999 -9999 -9999 -9999 -9999 -9999 -9999 -9999 -9999 -9999 -9999 -9999 -9999 67 67 68 -9999 -9999 -9999 -9999 -9999 -9999 -9999 -9999 -9999 -9999 -9999 -9999 -9999 -9999 -9999 -9999 -9999 -9999 -9999 -9999 -9999 -9999 -9999 -9999 -9999 -9999 -9999 -9999 -9999
-9999 -9999 -9999 -9999 -9999 -9999 -9999 -9999 -9999 -9999 -9999 -9999 -9999 -9999 -9999 -9999 -9999 -9999 -9999 -9999 -9999 -9999 -9999 -9999 -9999 -9999 84 82 79 75 73 72 72 74 76 76 76 75 75 74 75 76 77 77 76 76 76 75 75 76 75 73 -9999 -9999 -9999 -9999 -9999 -9999 -9999 -9999 -9999 -9999 -9999 -9999 68 66 67 -9999 -9999 -9999 -9999 -9999 -9999 -9999 -9999 -9999 -9999 -9999 -9999 -9999 -9999 -9999 -9999 -9999 -9999 -9999 -9999 -9999 -9999 -9999 -9999 -9999 -9999 -9999 -9999 -9999
-9999 -9999 -9999 -9999 -9999 -9999 -9999 -9999 -9999 -9999 -9999 -9999 -9999 -9999 -9999 -9999 -9999 -9999 -9999 -9999 -9999 -9999 -9999 -9999 -9999 84 84 81 79 76 74 74 74 75 77 77 77 76 76 77 76 76 76 76 76 76 75 75 75 76 75 72 -9999 -9999 -9999 -9999 -9999 -9999 -9999 -9999 -9999 -9999 -9999 -9999 -9999 -9999 -9999 -9999 -9999 -9999 -9999 -9999 -9999 -9999 -9999 -9999 -9999 -9999 -9999 -9999 -9999 -9999 -9999 -9999 -9999 65 -9999 -9999 -9999 -9999 -9999 -9999 -9999 -9999 -9999 66
-9999 -9999 -9999 -9999 -9999 -9999 -9999 -9999 -9999 -9999 -9999 -9999 -9999 -9999 -9999 -9999 -9999 -9999 -9999 -9999 -9999 -9999 -9999 -9999 -9999 84 83 81 78 76 75 75 75 76 77 78 78 -9999 76 77 76 76 76 76 76 75 74 74 75 -9999 -9999 -9999 -9999 -9999 -9999 73 72 -9999 -9999 -9999 -9999 -9999 -9999 -9999 -9999 -9999 -9999 -9999 -9999 -9999 -9999 -9999 -9999 -9999 -9999 -9999 -9999 -9999 73 71 68 65 63 62 62 62 64 67 68 -9999 -9999 -9999 -9999 -9999 -9999 67
-9999 -9999 -9999 -9999 -9999 -9999 -9999 -9999 -9999 -9999 -9999 -9999 -9999 -9999 -9999 -9999 -9999 -9999 -9999 -9999 -9999 -9999 -9999 -9999 -9999 83 83 81 79 77 76 77 78 78 78 77 78 -9999 -9999 -9999 -9999 -9999 76 76 76 75 74 74 -9999 -9999 -9999 -9999 -9999 -9999 74 74 74 70 70 -9999 -9999 -9999 -9999 -9999 -9999 -9999 -9999 -9999 -9999 -9999 -9999 -9999 -9999 -9999 76 76 77 76 73 69 66 65 63 59 59 57 60 62 68 -9999 -9999 -9999 -9999 -9999 68 68
-9999 -9999 -9999 -9999 -9999 -9999 -9999 -9999 -9999 -9999 -9999 -9999 -9999 -9999 -9999 -9999 -9999 -9999 -9999 -9999 -9999 -9999 -9999 -9999 -9999 -9999 82 81 79 78 78 78 79 79 77 76 75 76 75 76 -9999 75 76 76 -9999 -9999 -9999 -9999 -9999 -9999 75 75 74 74 74 73 73 74 74 -9999 -9999 -9999 -9999 -9999 -9999 -9999 -9999 -9999 -9999 -9999 -9999 -9999 -9999 74 74 74 75 73 71 67 64 61 58 54 53 50 51 55 61 64 66 67 68 69 68 67
-9999 -9999 -9999 -9999 -9999 -9999 -9999 -9999 -9999 -9999 -9999 -9999 -9999 -9999 -9999 -9999 -9999 -9999 -9999 -9999 -9999 -9999 -9999 -9999 -9999 -9999 -9999 80 80 79 78 78 79 78 77 75 73 74 74 74 73 76 77 -9999 -9999 -9999 -9999 77 77 76 75 74 73 73 73 73 73 74 75 -9999 -9999 -9999 -9999 -9999 -9999 -9999 -9999 -9999 -9999 82 78 75 72 71 71 70 71 70 67 65 62 59 56 53 51 49 49 54 60 64 66 67 65 63 67 66
-9999 -9999 -9999 -9999 -9999 -9999 -9999 -9999 -9999 -9999 -9999 -9999 -9999 -9999 -9999 -9999 -9999 -9999 -9999 -9999 -9999 -9999 -9999 -9999 -9999 -9999 -9999 -9999 80 79 78 78 77 77 76 75 74 74 75 75 76 76 77 77 77 76 75 76 77 75 74 73 74 73 73 73 73 74 76 77 78 -9999 -9999 78 77 77 76 77 78 79 76 74 71 69 67 66 65 65 63 61 60 58 57 56 54 52 52 55 60 63 65 67 68 66 66 65
-9999 -9999 -9999 -9999 -9999 -9999 -9999 -9999 -9999 -9999 -9999 -9999 -9999 -9999 -9999 -9999 -9999 -9999 -9999 -9999 -9999 -9999 -9999 -9999 -9999 -9999 82 80 80 79 79 78 78 78 77 76 75 75 76 77 78 78 77 76 77 76 74 76 77 75 74 73 73 73 73 73 73 74 76 78 79 80 78 77 77 76 75 75 74 73 72 71 69 68 65 63 62 62 62 62 61 60 59 57 56 56 56 58 60 63 63 64 65 63 63 63
-9999 -9999 -9999 -9999 -9999 -9999 -9999 -9999 -9999 -9999 -9999 -9999 -9999 -9999 -9999 -9999 -9999 85 85 85 85 85 84 83 83 83 82 81 80 79 78 78 78 78 78 77 77 76 76 78 78 77 76 76 76 76 76 76 76 75 73 73 72 71 70 72 74 75 77 78 79 79 78 78 76 75 73 72 70 69 69 66 65 65 64 63 62 62 62 62 61 61 60 59 58 58 58 59 61 63 62 62 62 63 63 64
-9999 -9999 -9999 -9999 -9999 -9999 -9999 -9999 -9999 -9999 -9999 -9999 -9999 84 84 84 85 85 85 85 85 84 83 82 82 83 83 82 81 80 78 78 78 79 78 78 78 77 76 77 78 77 77 76 76 76 76 75 75 74 72 72 71 71 71 72 72 73 75 77 78 78 77 77 76 74 72 71 69 69 68 66 65 63 63 62 61 62 62 61 61 61 61 61 60 60 61 62 65 63 62 63 63 63 63 60
-9999 -9999 -9999 -9999 -9999 -9999 86 86 86 85 85 85 84 84 84 84 84 85 85 85 85 83 82 82 82 83 83 83 81 80 79 78 78 78 78 77 79 79 78 78 79 78 78 78 77 77 76 75 75 73 72 72 72 71 71 71 70 71 74 76 76 77 76 76 76 75 73 72 70 68 68 67 65 64 64 63 63 63 62 63 63 63 62 63 62 63 65 65 65 63 64 64 63 63 62 60
-9999 -9999 -9999 -9999 -9999 87 86 -9999 86 86 85 85 84 84 84 83 84 85 86 86 85 84 83 82 82 83 83 82 81 81 80 79 79 78 77 76 77 78 78 78 78 79 79 79 79 78 77 76 75 73 74 73 73 72 72 72 72 73 75 76 77 77 77 76 75 76 76 74 73 71 70 69 68 65 64 63 64 64 64 64 64 64 64 64 64 66 66 65 64 64 64 64 64 63 61 61
-9999 -9999 -9999 -9999 87 87 -9999 -9999 86 86 86 85 85 84 83 83 84 85 86 86 85 84 83 82 82 82 82 82 83 82 81 80 79 79 77 76 76 76 77 77 77 76 79 80 80 79 79 78 76 75 76 75 74 74 74 75 75 75 75 76 77 78 77 75 75 75 75 75 74 72 71 71 69 67 66 66 65 66 66 66 66 67 67 67 67 68 68 67 67 66 66 65 64 63 62 61
-9999 -9999 -9999 -9999 88 88 88 -9999 87 86 86 86 85 85 84 83 84 85 85 85 84 82 82 81 80 80 80 81 81 82 82 81 80 79 78 77 77 76 76 78 77 78 80 80 80 80 80 80 78 78 78 78 77 77 77 77 77 77 77 77 79 77 77 76 76 76 76 75 75 74 74 73 72 71 69 68 66 66 66 66 66 66 67 67 68 68 68 69 69 68 67 65 64 64 64 63
-9999 -9999 -9999 89 88 88 88 88 -9999 87 87 87 86 86 85 85 85 85 85 85 84 83 82 82 81 80 80 81 81 81 81 82 82 81 80 79 78 77 76 77 77 78 80 80 80 80 80 80 80 80 80 79 80 79 79 79 78 78 78 76 79 80 79 78 78 77 77 79 78 78 76 74 73 71 70 69 69 68 68 67 67 67 67 67 68 69 69 69 69 70 68 67 66 65 64 63
-9999 -9999 -9999 89 89 89 88 88 88 88 88 87 87 87 86 86 86 85 85 85 85 84 82 83 82 81 81 82 82 82 82 82 81 81 80 80 80 80 79 79 78 79 79 78 80 79 80 81 81 80 81 81 81 81 81 80 80 79 79 78 79 80 81 80 80 80 80 79 79 78 76 75 73 71 70 70 70 69 68 68 67 67 67 68 69 69 70 70 70 70 70 70 69 67 66 63
-9999 -9999 -9999 90 90 90 89 89 89 89 88 88 88 88 87 87 86 86 86 86 85 85 85 84 83 83 82 83 83 83 82 82 82 81 80 80 80 80 80 79 79 79 80 79 79 78 80 81 81 81 82 82 82 83 82 82 81 81 81 81 80 79 79 80 78 77 76 75 77 77 76 75 73 71 71 70 70 71 70 69 68 68 69 69 69 70 71 71 71 70 69 68 68 67 67 67
-9999 -9999 92 91 91 90 90 89 89 89 87 87 89 89 89 89 88 86 86 86 86 86 85 84 83 82 81 81 82 82 81 76 75 78 80 79 79 79 79 79 76 77 77 77 79 81 81 81 81 81 80 81 82 82 83 83 83 82 82 82 80 81 79 80 80 78 77 77 77 77 76 76 74 72 72 71 71 71 71 70 70 70 70 71 71 71 72 72 72 71 70 69 69 68 68 67
95 94 93 92 92 91 90 90 89 89 89 87 90 91 91 90 89 88 87 85 86 87 87 86 84 82 81 82 81 77 75 78 79 75 77 74 76 76 77 79 78 78 79 78 79 80 82 81 80 79 77 79 81 82 83 83 82 82 82 82 82 81 79 78 80 80 80 79 79 78 77 76 75 73 72 72 71 71 71 71 71 71 71 71 71 71 71 72 73 72 71 71 70 69 68 68
95 95 94 93 93 92 91 91 90 90 91 91 92 92 92 92 90 89 88 86 86 86 87 87 86 85 84 81 79 77 78 75 76 74 72 73 73 67 66 70 75 76 78 79 79 81 82 82 82 81 81 80 81 81 82 81 80 82 83 83 82 81 80 79 80 79 79 78 78 77 77 76 75 73 70 70 71 70 70 69 69 69 69 71 71 71 70 72 72 72 71 70 68 67 66 64
96 96 95 94 93 92 92 91 91 91 91 92 92 93 94 94 92 91 90 89 89 87 87 86 84 84 85 84 82 73 77 77 76 67 71 76 73 66 54 48 58 64 71 75 77 79 82 82 82 82 82 80 82 83 82 82 81 80 81 81 82 81 80 80 79 78 77 77 76 76 76 75 74 72 71 71 70 70 69 69 69 68 69 70 71 71 71 72 72 71 70 69 67 64 64 63
97 97 96 95 94 93 92 91 90 91 91 93 94 94 94 95 94 93 93 90 89 88 86 85 84 82 79 77 74 72 77 77 78 75 72 74 71 73 68 66 66 63 63 67 71 76 78 80 81 82 82 81 80 82 82 82 81 81 80 80 80 79 78 77 76 75 73 75 74 73 72 71 70 72 71 70 71 71 70 70 69 70 70 69 71 71 70 70 71 70 70 68 66 65 65 64
98 97 96 95 94 93 92 91 90 91 92 93 95 95 95 96 96 93 91 88 86 84 79 77 75 70 68 65 67 71 77 76 77 74 71 72 68 67 65 67 70 73 74 77 75 75 79 81 81 81 80 80 80 79 79 82 82 81 81 80 78 78 77 77 76 74 73 72 71 71 70 70 69 70 72 70 69 70 70 68 68 68 68 66 69 70 70 70 71 71 70 68 66 65 65 64
99 99 98 97 95 94 93 91 91 92 93 94 95 95 95 96 96 92 86 81 76 74 72 71 67 66 57 54 65 71 72 75 78 74 66 70 69 63 67 69 70 72 76 76 74 75 76 79 80 80 79 79 78 76 77 79 80 79 78 75 72 75 75 75 73 72 70 68 68 67 66 68 70 71 71 70 69 68 67 67 68 67 67 68 69 69 70 70 71 70 70 69 66 65 64 63
100 100 99 98 97 95 94 93 91 91 94 95 96 95 94 95 96 95 89 82 78 74 69 70 67 61 59 62 71 70 71 79 78 74 70 70 68 69 67 71 72 75 77 74 74 74 74 74 76 77 78 76 75 73 73 72 72 75 77 71 67 64 65 65 68 70 68 64 62 62 60 61 63 68 68 69 69 70 70 70 69 69 69 68 69 69 69 68 69 69 69 68 67 64 64 63
100 99 99 98 97 95 95 94 93 92 93 93 94 94 94 94 93 94 93 87 83 79 74 73 71 61 66 70 76 76 74 78 69 69 73 69 71 68 63 66 68 70 69 68 68 71 71 70 72 72 74 73 70 69 67 63 62 61 63 68 65 64 60 58 64 66 60 48 46 52 53 50 54 61 64 66 66 69 70 70 70 70 69 69 69 68 67 68 68 68 69 67 67 65 65 63
98 99 96 96 94 94 93 92 91 91 91 89 88 85 86 90 91 91 93 89 85 82 80 72 66 71 69 75 79 78 76 75 71 73 71 68 64 66 64 55 56 62 65 66 68 71 67 66 69 68 70 68 64 62 60 56 51 44 44 50 56 61 62 62 63 59 54 43 38 28 30 42 48 46 51 61 63 66 67 68 69 70 70 70 69 68 68 68 68 67 68 66 65 65 64 62
96 95 94 93 91 91 90 90 88 89 85 82 72 67 73 76 79 81 85 87 82 80 77 71 69 74 79 80 81 79 74 65 71 72 70 63 59 63 66 64 57 53 56 57 65 61 61 61 64 65 62 60 57 52 51 44 47 56 63 58 62 62 65 67 67 66 65 60 54 51 48 49 47 50 51 50 60 63 64 65 68 68 68 69 69 69 69 69 69 67 66 65 62 61 62 62
96 93 93 92 90 90 86 84 85 85 78 74 69 64 64 67 70 73 69 81 88 88 78 80 84 80 76 76 84 86 80 72 71 72 68 61 65 71 69 68 66 62 57 57 56 56 58 57 62 60 50 44 42 40 47 55 64 66 65 64 69 72 73 69 69 72 70 67 65 61 59 59 59 50 44 58 55 55 65 66 65 66 68 70 70 68 69 70 69 68 68 66 63 59 58 60
92 91 89 87 88 88 86 85 85 78 71 72 70 69 66 69 68 68 71 81 84 82 79 76 77 76 68 79 88 88 86 80 77 75 72 70 74 74 72 71 71 71 70 70 65 58 57 59 56 57 57 56 58 59 50 57 65 64 60 60 67 72 76 78 76 76 74 73 70 68 67 67 64 57 40 48 46 37 42 48 50 60 66 67 69 71 70 70 71 70 70 69 65 59 56 59
89 88 88 88 89 86 86 83 74 77 75 73 74 72 73 72 73 76 80 79 74 71 77 74 76 82 85 89 90 91 87 80 75 77 79 79 78 76 74 73 72 73 69 69 71 69 58 54 59 61 64 56 48 51 52 57 59 59 61 62 64 69 76 76 75 75 75 74 72 71 71 69 66 63 57 51 45 46 40 27 45 54 62 66 68 71 69 70 70 71 72 71 68 65 65 66
90 87 84 84 83 82 80 77 75 74 75 77 79 80 80 80 81 85 79 71 74 70 75 85 84 87 91 89 87 89 89 83 76 81 82 80 80 81 76 73 74 74 67 69 69 71 64 61 58 62 56 53 54 53 55 58 62 63 61 65 69 70 74 71 68 68 66 69 72 66 65 67 64 63 58 59 55 62 55 46 47 51 60 64 66 70 71 70 70 71 70 69 67 65 66 64
91 90 89 89 90 87 84 82 80 79 79 83 84 83 83 85 83 75 67 71 76 78 80 80 82 86 91 90 82 84 83 85 83 85 82 82 82 81 74 74 75 76 75 70 69 68 68 68 65 63 53 56 60 61 63 66 67 63 58 57 63 70 71 70 67 67 66 62 61 60 55 52 50 55 56 57 59 64 69 64 51 51 56 61 67 69 67 67 64 56 56 58 52 57 54 55
95 95 95 92 90 89 90 89 87 85 84 84 86 87 86 84 76 76 74 73 75 77 76 77 82 90 93 93 83 80 79 81 81 82 83 81 80 78 77 75 75 78 78 74 70 69 70 68 68 64 59 57 60 63 65 66 63 62 55 59 64 68 65 62 63 60 62 62 60 61 57 53 49 53 54 60 57 58 69 72 64 58 63 66 62 59 54 46 54 47 49 42 40 37 47 50
98 97 96 96 94 91 89 89 89 88 85 83 87 92 87 87 87 84 81 79 80 78 77 77 79 92 94 95 87 87 85 86 86 84 82 78 75 74 73 73 75 77 79 76 70 66 69 70 69 68 63 60 55 63 61 64 61 62 63 64 67 67 66 65 66 58 58 58 55 58 58 57 57 60 61 65 55 58 70 74 73 69 60 61 55 47 44 48 53 47 41 38 42 48 46 45
97 96 95 94 95 93 90 89 88 90 89 89 89 92 90 88 89 86 84 83 81 78 77 78 85 94 96 96 93 92 92 92 90 85 80 76 75 72 72 72 72 74 77 74 72 67 67 70 71 70 68 67 65 61 54 50 54 61 63 66 69 68 69 68 68 62 60 56 57 55 59 61 64 62 68 71 66 68 70 70 72 71 65 58 55 51 52 59 61 49 38 43 45 34 14 15
94 97 96 94 94 93 91 87 88 87 91 89 90 91 89 86 88 87 87 83 81 81 82 84 93 96 97 95 92 90 92 92 85 79 80 77 74 72 72 72 72 73 70 71 70 69 67 70 73 69 64 63 61 60 48 46 39 39 49 58 64 70 70 67 69 66 61 57 62 61 62 65 68 72 74 77 77 74 72 68 75 72 68 62 57 65 64 56 43 54 47 42 46 46 38 33
97 97 97 95 94 94 92 88 87 87 90 87 90 90 89 89 89 89 87 84 85 87 89 93 95 97 91 89 87 87 89 89 86 79 76 75 73 70 73 75 70 70 69 70 70 70 71 72 73 75 75 74 71 62 56 56 46 41 43 47 49 59 69 67 67 67 61 62 64 66 67 70 75 78 80 80 79 78 78 78 75 66 61 64 70 61 51 50 53 51 31 33 26 21 28 30
95 95 95 97 97 95 92 87 86 88 89 90 88 88 89 90 90 88 87 84 89 91 94 96 97 87 76 73 79 81 81 84 83 82 78 68 67 68 70 73 74 74 75 76 76 75 73 71 71 71 71 73 75 76 74 67 68 61 50 46 51 56 59 59 58 63 61 62 61 65 68 75 80 82 83 79 81 82 81 76 70 67 73 72 65 74 65 68 54 42 50 56 45 47 45 38
98 97 97 97 97 95 91 87 86 85 86 88 87 88 89 89 88 86 79 74 88 93 96 97 91 67 71 75 79 80 80 82 78 70 68 67 70 74 77 77 77 77 76 76 73 71 69 69 71 71 70 70 71 73 75 74 74 70 60 61 56 51 57 50 44 51 56 59 62 68 73 78 80 80 79 81 82 84 82 79 75 74 81 74 77 78 71 54 64 62 64 63 53 46 51 60
98 97 99 98 96 93 90 87 85 84 87 84 87 87 87 88 86 83 72 72 85 96 97 95 85 73 73 77 80 80 76 71 68 64 67 72 76 76 75 75 75 77 75 73 72 70 71 73 70 70 69 69 71 72 73 77 78 73 69 70 69 59 63 62 54 48 46 51 62 74 81 83 84 84 83 84 84 86 81 70 78 83 83 81 81 74 74 65 65 59 64 53 58 71 76 74
100 99 97 94 92 89 89 88 86 85 86 85 86 86 86 85 81 80 72 76 94 97 98 88 84 76 73 75 76 74 70 70 70 73 75 75 74 73 73 73 74 75 74 74 73 72 72 72 70 70 72 73 74 75 76 77 75 73 75 77 80 80 79 78 73 66 63 70 73 75 80 82 80 80 88 88 88 86 77 82 85 86 86 85 84 84 83 83 79 77 73 69 78 80 78 75
100 97 96 93 92 92 89 87 85 88 85 87 86 85 81 80 72 62 63 84 96 97 98 91 68 61 67 71 73 73 74 76 77 74 74 71 72 71 70 71 73 73 74 73 72 72 71 71 72 73 69 71 75 75 74 68 66 67 73 75 74 75 76 74 75 74 75 73 71 69 66 66 70 80 88 88 87 86 87 87 87 88 88 88 88 88 85 88 87 86 83 85 84 82 79 75
98 95 96 95 93 91 88 88 88 90 91 92 91 89 82 76 72 64 64 91 96 96 92 69 59 60 66 68 74 77 79 77 75 76 73 67 68 66 63 66 68 70 75 73 72 69 69 73 77 74 72 71 73 79 72 67 64 66 66 61 61 62 60 58 60 55 53 48 47 53 50 57 68 82 85 84 88 88 88 88 89 89 90 90 90 90 88 90 89 75 84 85 83 81 78 68
99 98 95 93 91 88 87 89 92 93 93 94 94 91 89 86 76 78 88 95 96 93 74 65 59 65 74 75 83 86 88 87 81 81 72 69 62 60 59 63 65 68 73 75 72 65 61 60 68 59 61 54 53 63 70 51 54 52 38 32 34 43 40 48 46 43 33 36 34 30 35 52 72 76 81 87 91 90 90 90 90 90 91 91 92 92 89 91 91 84 91 90 87 89 87 87
99 98 96 92 89 88 92 95 97 97 98 97 93 91 92 89 89 91 91 90 91 95 90 84 82 86 84 85 86 86 85 87 88 86 77 67 55 57 49 52 56 44 56 57 54 50 43 43 59 55 56 38 41 36 34 38 38 37 33 33 27 31 36 30 36 28 25 29 34 42 33 36 58 62 75 83 88 90 91 91 91 91 90 91 92 91 88 90 92 88 97 91 88 91 92 92
