resultados/variables_proyeccion_tiempo/variables_paleo_130k/bio17.asc
ncols 330
nrows 228
xllcorner -12.000000
yllcorner 34.000000
cellsize 0.166667
NODATA_value -9999
[rows 90 to 134 of 228, columns 192 to 287 of 330]
-9999 -9999 -9999 -9999 -9999 -9999 76 76 77 78 80 79 76 76 76 75 75 72 72 70 69 69 69 71 70 71 72 74 76 78 81 85 87 91 93 95 95 92 86 85 83 82 82 82 82 82 82 82 82 81 83 83 83 82 83 86 86 84 81 79 77 75 73 72 70 68 67 67 68 69 68 66 66 66 68 69 69 71 72 72 72 73 73 72 70 67 65 62 60 59 57 56 54 53 53 52
-9999 -9999 -9999 -9999 -9999 -9999 75 77 79 80 82 82 79 79 79 79 77 75 72 70 69 69 70 70 71 72 73 73 74 76 79 81 83 86 89 90 89 87 85 84 82 82 82 82 82 81 81 81 82 82 82 82 82 83 85 86 87 87 84 82 79 74 73 71 71 70 68 67 69 68 66 68 67 67 68 68 70 71 72 73 71 72 71 70 68 66 65 63 61 60 57 56 55 54 54 54
-9999 -9999 -9999 -9999 -9999 -9999 76 79 81 84 87 85 84 83 82 82 79 76 73 71 68 67 69 69 70 70 70 71 73 74 77 79 81 84 85 86 87 85 84 83 82 82 82 83 82 81 81 81 82 81 81 82 84 84 85 85 85 86 85 82 79 75 73 71 71 71 69 71 71 68 68 69 69 69 69 69 70 71 72 72 71 71 70 69 68 67 65 63 62 59 59 58 57 56 56 56
-9999 -9999 -9999 -9999 -9999 78 78 81 83 86 90 91 88 86 84 82 79 76 73 70 68 67 68 68 69 70 69 70 71 72 75 78 80 83 84 84 84 83 83 81 82 82 81 82 82 81 81 82 81 81 82 83 84 84 85 84 84 84 84 83 80 77 74 72 71 71 72 73 71 70 69 69 69 69 69 70 70 71 72 72 71 71 69 68 67 65 65 64 61 61 59 59 59 57 56 56
-9999 -9999 -9999 -9999 -9999 79 80 83 86 87 90 94 93 91 88 84 80 76 73 70 67 67 68 68 68 67 67 68 69 71 74 77 80 82 83 84 83 82 81 81 82 82 81 82 82 82 81 81 82 82 82 83 84 85 85 85 85 84 84 84 81 79 77 75 74 74 74 72 71 70 70 70 69 69 69 69 70 70 70 70 70 70 70 68 66 64 64 63 61 61 61 60 59 58 57 57
-9999 -9999 -9999 -9999 -9999 -9999 83 85 89 91 96 99 99 98 94 89 84 78 73 69 67 67 66 66 67 67 67 68 69 71 74 77 79 82 83 84 84 82 81 81 80 81 80 80 81 80 80 80 80 81 82 84 84 85 86 86 85 85 84 83 82 80 78 77 76 75 75 74 72 72 72 71 70 70 70 70 70 69 70 71 70 70 70 67 65 65 64 63 63 62 62 62 61 61 61 60
-9999 -9999 -9999 -9999 -9999 -9999 84 87 90 95 98 102 104 104 99 94 87 81 76 70 67 68 68 67 67 67 68 69 69 72 74 77 79 83 83 83 84 83 81 79 80 80 80 79 79 79 78 78 79 81 83 84 85 86 86 86 86 85 85 83 83 82 79 78 77 76 76 75 74 74 73 72 72 72 71 70 70 70 70 70 70 70 69 67 65 65 63 63 63 64 63 63 63 63 63 63
-9999 -9999 -9999 -9999 -9999 -9999 86 88 91 96 100 104 106 108 104 98 89 84 78 73 71 70 69 69 68 67 68 68 69 71 74 77 80 83 83 84 85 84 82 81 80 80 78 77 77 77 78 78 78 80 83 85 85 86 86 87 86 85 85 85 84 83 81 79 78 77 76 76 74 74 75 74 74 73 72 72 72 72 71 71 70 70 69 68 66 64 63 63 63 62 63 63 63 64 64 64
-9999 -9999 -9999 -9999 -9999 -9999 84 86 88 94 99 103 106 109 104 97 91 86 80 77 74 72 71 69 68 67 68 68 68 71 74 78 81 84 86 86 85 84 82 80 79 79 78 78 77 77 78 78 80 82 84 86 87 88 88 87 87 87 86 86 86 83 82 81 79 77 77 76 76 76 76 76 75 75 74 73 73 72 71 71 70 68 68 68 66 64 63 63 63 62 63 64 65 65 65 65
-9999 -9999 -9999 -9999 -9999 -9999 80 83 86 91 96 100 101 101 98 92 88 84 81 78 75 72 71 69 68 68 68 67 66 70 74 79 83 86 88 87 85 85 83 81 80 79 79 77 76 76 79 81 83 85 86 87 89 89 88 87 87 86 86 86 86 83 82 82 79 77 77 77 77 77 77 77 77 78 77 75 74 72 72 71 69 68 68 68 67 65 64 64 63 63 63 65 66 66 65 65
-9999 -9999 -9999 -9999 84 80 78 83 85 89 92 95 95 93 89 86 82 80 78 76 74 72 71 70 69 69 69 67 66 72 77 81 84 86 87 85 84 86 83 81 79 78 78 78 79 80 81 84 86 88 90 90 91 90 89 89 87 86 86 85 84 84 83 81 80 79 78 78 78 77 77 79 80 79 77 76 74 72 72 70 68 67 68 67 66 65 65 63 63 64 63 65 66 65 65 66
-9999 -9999 -9999 91 87 84 -9999 83 84 87 89 90 89 87 84 80 77 74 74 72 71 71 71 71 71 71 70 70 72 75 79 83 86 87 87 86 87 86 85 83 82 81 81 81 81 82 84 85 87 90 92 93 93 92 90 88 87 86 85 85 84 83 82 81 80 79 79 79 79 79 79 81 80 79 78 75 72 71 70 69 67 66 66 65 66 66 65 63 62 63 63 65 65 65 66 66
87 91 94 95 93 89 85 84 83 85 86 86 85 81 79 75 72 70 69 68 69 70 72 73 72 73 73 74 75 79 83 86 86 86 86 86 85 83 85 85 83 82 82 82 83 85 86 86 87 90 92 95 96 93 91 89 87 85 84 83 83 81 79 79 77 77 77 77 78 79 81 82 83 81 78 74 71 71 69 67 66 66 65 65 65 65 63 63 63 62 62 64 64 65 65 66
86 92 97 99 95 90 86 84 83 83 82 82 80 78 74 69 66 65 64 64 65 68 70 72 73 74 76 77 80 83 87 88 88 88 90 87 86 84 84 84 83 83 83 83 84 85 86 87 88 89 91 93 94 94 91 88 87 86 85 82 82 81 79 76 75 75 74 75 77 80 81 84 85 80 76 73 72 70 69 68 66 65 64 64 63 63 63 64 64 64 62 62 63 64 64 65
84 88 92 96 93 88 84 82 81 80 78 77 75 73 70 66 64 62 62 62 63 65 67 69 71 74 78 81 83 87 90 90 92 91 91 89 86 84 83 83 82 83 84 84 84 86 87 89 89 88 88 91 91 91 89 87 87 86 85 82 81 79 76 75 74 73 72 73 76 78 80 83 83 80 76 73 72 69 68 67 65 64 63 64 63 63 64 64 64 64 64 63 64 64 65 65
84 88 91 90 89 85 81 79 78 77 76 76 73 71 69 67 68 66 62 59 59 61 64 67 72 76 78 80 84 87 89 91 92 91 91 89 87 87 84 82 82 82 84 85 87 88 88 90 87 86 86 88 88 87 86 85 85 85 83 81 79 76 74 74 72 70 71 73 75 76 78 79 79 77 75 73 70 68 66 66 65 64 63 64 64 63 63 64 64 64 64 65 65 66 65 65
80 81 83 83 82 79 77 76 74 74 73 72 71 71 69 67 66 62 61 58 58 59 62 66 71 75 78 81 84 87 89 90 90 90 89 88 88 86 86 85 83 84 86 86 89 91 89 87 85 84 84 83 84 84 84 83 82 81 81 80 78 75 73 71 69 68 68 70 72 73 75 76 75 74 73 71 68 67 66 65 64 63 62 63 62 62 62 63 64 64 65 65 64 66 66 66
72 74 75 75 76 75 73 73 72 71 70 69 68 66 66 64 62 59 57 56 57 59 62 66 70 74 77 81 84 86 87 89 89 88 85 85 84 82 82 84 84 85 89 89 90 91 89 85 82 81 80 80 80 80 81 80 80 80 78 77 77 75 72 70 68 68 68 70 71 73 73 73 73 72 70 68 65 65 64 64 62 62 61 61 61 60 60 62 63 64 64 64 65 66 65 66
69 68 68 70 70 71 71 70 69 67 66 65 64 62 61 60 60 58 57 57 58 60 63 67 71 74 77 80 83 84 86 87 86 85 84 82 82 81 81 82 83 86 89 90 90 90 87 82 79 77 77 77 77 77 77 78 78 77 76 75 75 72 70 70 69 68 67 69 70 71 71 71 71 70 69 67 65 63 63 63 62 61 60 60 60 60 59 62 62 63 63 65 65 65 66 68
64 63 61 63 65 66 66 64 63 62 61 61 61 60 58 58 57 56 57 58 60 64 66 67 69 73 76 80 82 84 85 86 84 84 84 83 80 80 80 81 82 84 85 86 87 86 82 77 74 73 74 74 74 74 75 76 76 75 74 73 72 70 70 69 69 68 68 69 69 70 69 69 70 69 68 66 64 64 63 62 62 61 60 60 59 59 60 61 62 63 65 65 67 66 67 67
62 61 60 60 59 60 60 59 59 59 58 58 59 58 56 56 56 56 58 61 62 65 67 69 70 72 76 79 82 83 84 85 85 85 87 84 80 77 78 78 79 80 81 81 82 81 77 73 69 68 70 72 73 73 73 73 73 74 73 72 71 69 69 69 68 67 68 68 69 69 70 70 70 70 68 66 65 64 64 63 62 61 60 60 59 59 59 61 63 64 65 65 67 66 68 68
60 60 59 57 55 54 54 53 54 55 54 55 55 56 54 55 57 59 60 62 64 66 68 67 69 71 74 77 80 82 84 86 87 84 83 81 77 75 76 77 77 78 78 78 77 76 74 70 67 67 68 70 72 72 72 71 72 73 72 71 71 69 69 68 68 68 68 69 70 69 70 70 70 70 67 66 65 65 64 63 62 62 60 59 59 58 59 61 62 63 64 66 67 68 69 68
55 55 55 52 51 49 49 49 50 50 50 51 52 53 53 54 56 58 60 62 63 66 67 68 71 72 75 79 79 82 84 85 86 84 80 77 74 73 74 74 75 75 76 76 75 73 72 70 68 68 68 68 70 70 71 71 72 72 71 71 70 70 69 68 68 68 69 70 69 69 70 69 69 69 68 67 66 66 66 63 63 61 60 59 59 58 58 61 62 64 66 67 68 69 69 70
51 50 49 48 48 46 45 45 46 46 47 48 49 49 51 54 56 57 60 62 63 64 65 67 70 72 74 78 80 81 84 85 84 81 77 73 71 71 72 73 74 74 74 73 73 71 71 70 68 68 68 68 69 70 71 71 71 71 70 71 71 70 69 69 69 68 69 69 69 70 70 71 71 70 69 68 68 68 67 66 65 63 63 63 60 60 61 62 64 65 67 68 69 69 70 70
47 46 45 44 43 41 41 41 42 43 44 45 47 49 50 52 55 56 58 60 61 62 65 67 68 71 73 75 77 79 81 82 81 77 74 71 70 69 69 70 70 71 72 72 71 70 68 69 68 69 69 68 69 70 71 70 70 70 71 71 70 70 69 70 70 69 69 69 70 70 72 71 71 71 70 71 70 70 69 67 65 65 65 64 63 64 65 65 65 66 67 68 69 70 70 70
46 44 42 41 39 38 36 36 38 40 42 44 45 46 48 50 53 55 57 58 60 61 63 65 67 68 70 72 74 76 77 77 75 74 71 70 69 68 68 69 68 69 71 70 70 70 69 69 69 69 69 69 69 70 70 71 71 71 72 72 70 70 71 71 71 70 70 70 71 71 71 71 72 72 72 72 72 72 70 68 67 67 67 66 65 66 66 67 68 69 69 71 71 71 71 71
46 43 41 38 36 34 33 34 35 37 40 41 42 44 46 49 52 55 56 58 59 59 60 63 64 66 67 69 71 72 73 74 73 71 69 67 67 66 67 67 67 68 69 70 70 70 70 70 70 71 71 70 70 70 71 72 72 72 72 71 71 71 70 70 71 70 70 71 72 72 72 73 73 72 72 72 72 71 71 69 69 69 67 67 67 68 69 69 70 71 72 73 72 73 73 73
43 41 39 36 33 30 30 32 34 37 39 40 42 44 44 46 49 52 56 56 56 57 58 59 61 64 65 66 68 69 70 70 70 68 67 65 64 64 65 65 66 67 67 69 70 70 69 69 70 71 71 71 72 72 72 72 73 74 72 72 73 73 72 72 71 70 71 72 72 73 74 74 74 73 73 72 73 73 73 72 71 70 70 69 70 69 70 70 71 72 73 74 74 75 75 75
42 40 38 36 34 33 32 34 35 38 41 40 41 41 44 47 49 52 53 52 51 52 54 57 58 60 63 65 66 67 67 67 67 66 65 63 62 62 64 64 66 66 67 68 69 69 69 70 71 71 72 72 72 73 74 74 74 74 74 75 75 74 74 73 73 72 73 73 74 74 74 74 75 74 73 74 74 74 74 73 72 71 71 71 71 71 71 72 72 73 74 73 73 74 74 74
41 40 38 37 37 36 35 34 36 37 39 40 41 42 44 46 49 51 52 50 47 45 50 53 56 58 60 63 64 65 65 64 64 64 62 61 60 61 62 64 65 67 67 67 69 70 70 70 70 71 72 73 74 75 75 75 75 75 75 75 76 77 77 77 76 75 76 75 75 75 75 74 75 74 74 74 75 75 75 74 73 73 74 74 74 74 73 72 73 73 72 72 73 73 74 74
43 42 43 43 41 38 36 35 35 37 38 39 41 42 44 45 47 49 50 48 45 44 48 52 54 57 58 60 62 63 64 63 62 62 62 61 60 61 62 64 66 68 68 68 69 70 71 72 72 73 73 75 76 77 77 77 77 76 76 77 78 77 78 78 78 77 77 77 77 77 76 75 75 75 75 75 76 77 76 75 75 75 76 75 75 74 74 73 73 72 71 72 73 74 74 75
46 44 44 43 41 39 37 37 36 37 39 39 41 41 42 43 45 46 47 46 46 45 48 51 53 56 58 59 60 62 61 61 61 60 60 61 62 63 64 66 66 68 69 70 71 71 72 73 73 74 75 76 76 76 76 77 77 77 78 78 78 79 79 79 79 80 79 78 78 77 76 76 77 77 78 78 78 79 78 76 76 77 77 76 75 75 74 74 73 72 71 71 72 73 73 73
47 46 44 43 42 41 39 39 39 38 38 38 39 40 41 42 43 44 45 45 45 45 47 50 53 55 57 59 60 60 61 61 61 61 62 61 63 64 66 67 68 69 70 70 71 72 72 73 75 76 77 77 78 78 78 78 78 78 79 79 80 80 81 82 82 81 81 80 78 77 78 78 78 78 78 77 77 77 77 77 78 78 78 76 75 76 75 74 72 72 73 73 72 73 73 72
49 48 48 47 44 43 43 42 41 41 40 39 40 40 41 42 43 43 44 44 44 45 46 48 52 55 57 59 61 61 61 60 60 61 61 61 62 65 66 68 69 69 70 72 72 72 73 74 75 78 78 80 81 80 80 80 81 81 81 81 82 83 83 83 83 83 82 80 79 78 78 77 77 77 78 79 79 79 79 80 80 79 78 78 77 75 74 74 73 72 73 73 72 72 72 72
50 50 51 53 51 47 46 44 43 42 40 40 41 42 43 43 43 43 43 43 44 45 47 50 52 55 58 60 61 61 61 60 60 60 60 61 62 63 66 69 69 71 72 73 73 73 74 74 74 76 78 79 80 80 79 80 80 81 81 82 84 84 84 84 85 85 82 81 80 80 79 79 79 79 80 81 82 82 82 82 82 81 79 78 76 75 75 74 73 72 71 71 71 71 72 72
52 52 54 56 57 53 50 47 45 43 41 42 42 44 44 44 44 43 42 44 45 45 48 50 53 56 58 60 61 61 60 59 58 58 59 60 61 63 65 68 69 71 72 72 73 73 74 74 74 74 75 76 77 78 79 80 81 82 83 84 85 85 85 85 86 84 83 82 81 79 79 79 79 80 81 82 83 84 84 85 85 84 82 80 79 77 75 74 73 73 72 70 70 69 69 68
55 55 56 57 58 58 54 51 47 44 43 43 45 46 46 45 45 44 43 44 46 49 50 53 55 57 59 60 61 61 60 59 58 58 58 59 60 61 64 67 70 71 72 74 74 74 73 74 74 74 74 74 75 76 77 79 80 82 83 84 86 88 87 87 86 86 84 82 81 80 79 79 79 81 82 84 85 86 86 87 87 86 84 82 79 78 77 75 73 71 72 71 71 69 70 69
58 57 56 56 56 57 57 55 51 47 44 43 44 45 46 47 46 44 43 43 46 50 52 54 57 59 60 61 61 61 60 58 57 57 57 58 59 61 64 67 69 72 73 74 74 74 73 74 73 73 72 72 73 75 76 77 79 81 83 85 87 88 88 88 87 87 85 82 81 80 79 79 80 81 84 85 87 87 88 88 86 84 83 82 80 79 77 75 71 71 71 71 71 69 69 68
61 59 57 57 57 56 54 52 49 46 44 44 44 45 45 46 45 46 47 48 51 52 55 58 60 60 62 62 62 61 60 59 57 57 57 57 58 61 65 67 71 73 75 76 76 75 74 74 73 73 71 71 72 73 75 78 79 82 84 86 89 89 91 89 90 87 83 81 79 77 76 76 78 80 83 85 87 89 90 89 87 86 84 81 79 78 75 73 73 71 71 69 68 67 67 65
65 62 61 58 58 57 55 53 51 48 48 47 47 47 47 47 47 47 49 53 56 57 58 61 63 63 64 64 62 61 59 58 58 58 57 60 60 63 66 68 72 74 77 78 77 76 74 74 72 71 69 68 69 72 75 77 80 83 85 88 90 91 93 93 92 88 83 81 78 75 73 74 77 80 83 86 90 91 92 89 87 85 82 81 79 78 77 75 73 71 69 68 67 66 66 65
63 61 59 59 57 58 58 57 55 54 53 52 52 51 49 49 50 51 52 55 61 62 63 65 66 66 66 65 63 61 59 58 58 59 58 61 62 63 66 70 74 77 79 78 78 76 75 74 72 70 68 66 68 71 74 78 80 83 86 87 89 91 92 91 90 87 84 81 78 74 71 73 77 80 83 86 90 92 92 89 86 84 81 80 78 79 76 76 73 71 70 69 68 67 66 63
60 58 58 58 60 62 65 63 61 60 59 57 55 54 52 50 51 53 55 58 63 70 71 72 72 70 68 66 64 62 61 61 61 60 62 63 63 65 69 72 75 79 81 80 78 76 75 75 73 71 70 69 70 73 76 79 81 84 86 88 90 91 91 91 89 86 82 80 77 74 72 74 77 80 83 87 91 95 94 89 86 82 79 78 78 77 77 76 72 71 70 68 67 66 65 61
65 61 63 65 66 69 72 71 70 70 66 65 63 63 59 57 55 54 57 61 66 72 78 81 78 74 70 67 66 67 67 65 64 61 62 63 65 67 69 73 76 78 80 80 78 77 75 75 74 74 73 73 75 76 79 81 83 86 88 89 89 90 91 91 90 87 84 81 79 76 76 77 78 81 83 86 89 92 91 90 85 81 80 78 80 79 78 76 72 72 70 69 68 66 65 62
79 76 75 72 74 76 79 76 73 72 73 72 72 68 66 65 60 59 62 66 71 75 80 85 85 78 74 72 72 69 68 65 63 63 63 65 67 69 71 74 77 78 80 80 79 77 77 76 75 75 76 76 77 79 80 82 84 86 87 88 88 88 88 88 87 85 82 81 80 77 76 77 79 81 83 85 86 88 89 87 83 81 79 78 78 77 77 75 73 74 72 70 69 67 65 63
98 97 78 69 79 92 92 94 89 83 81 78 75 75 79 78 69 66 68 71 74 78 81 82 85 80 78 74 72 69 68 66 64 62 62 65 67 69 72 75 78 80 81 80 79 78 77 76 76 76 78 79 81 82 83 84 85 87 88 88 88 88 89 88 86 84 83 81 79 76 76 77 78 80 82 83 84 84 84 83 81 79 78 77 77 77 77 76 73 72 72 70 69 68 67 66
