resultados/variables_proyeccion_tiempo/variables_paleo_130k/bio17.asc
ncols 330
nrows 228
xllcorner -12.000000
yllcorner 34.000000
cellsize 0.166667
NODATA_value -9999
[rows 45 to 89 of 228, columns 192 to 287 of 330]
97 98 96 97 97 96 95 95 93 90 -9999 -9999 -9999 -9999 -9999 -9999 -9999 -9999 -9999 -9999 -9999 -9999 -9999 67 67 66 65 64 62 61 59 57 56 55 57 58 60 61 63 65 66 66 67 68 70 70 71 73 76 78 78 80 82 84 83 83 83 83 82 81 81 80 79 79 76 74 72 71 69 68 66 65 64 62 61 59 57 56 54 53 51 50 49 48 46 45 43 42 41 41 41 42 42 43 43 44
99 98 98 98 97 95 95 95 94 -9999 -9999 -9999 -9999 -9999 -9999 -9999 -9999 -9999 -9999 -9999 -9999 70 69 68 67 66 65 63 62 61 60 60 59 59 59 60 62 63 65 66 68 69 69 70 70 70 72 75 77 80 80 81 82 82 83 84 83 83 83 83 83 83 82 82 80 79 77 74 72 70 69 67 65 64 62 60 57 56 54 53 52 51 50 48 47 46 45 44 44 44 44 45 46 46 47 47
97 97 96 96 95 93 93 -9999 -9999 -9999 -9999 -9999 -9999 -9999 -9999 -9999 -9999 -9999 -9999 -9999 69 68 69 68 68 66 65 64 63 63 62 62 62 61 62 63 64 67 68 70 71 72 73 73 73 74 76 79 80 81 81 81 82 83 84 84 84 84 84 84 84 85 84 84 82 81 79 77 76 73 70 68 66 64 62 60 58 56 56 54 52 52 51 50 49 47 48 49 50 50 49 50 50 50 50 51
95 95 95 94 94 93 -9999 -9999 -9999 -9999 -9999 -9999 -9999 -9999 -9999 -9999 70 69 69 69 70 70 69 68 69 68 67 67 65 65 64 64 64 65 65 66 67 69 70 72 73 73 76 77 76 77 78 79 83 85 84 84 85 85 87 87 87 87 87 86 87 87 86 85 84 82 81 80 79 74 72 70 68 65 64 62 60 58 55 54 52 52 51 51 51 50 51 51 53 54 53 54 55 55 56 56
93 92 93 93 92 91 -9999 -9999 -9999 -9999 -9999 -9999 -9999 -9999 -9999 69 70 70 69 68 68 69 70 70 70 69 69 68 68 68 67 66 67 68 70 70 72 71 72 74 75 75 77 79 79 80 81 82 84 87 88 86 86 87 87 87 88 88 87 86 86 87 87 86 86 83 81 81 80 78 75 72 70 68 65 62 60 59 57 55 54 54 54 53 52 52 53 53 54 57 58 59 60 61 62 62
91 91 -9999 -9999 92 91 -9999 -9999 -9999 -9999 -9999 -9999 -9999 68 68 68 69 68 69 69 69 68 69 70 71 71 71 72 71 70 70 70 71 73 73 73 75 76 76 75 77 79 79 80 81 83 84 85 88 88 89 90 88 87 87 88 89 87 87 85 85 86 86 86 87 86 83 82 80 79 78 77 72 69 67 65 63 60 60 58 56 55 55 55 55 55 56 56 57 58 60 63 64 66 68 69
-9999 -9999 -9999 -9999 -9999 -9999 83 76 73 68 67 65 65 68 67 67 67 67 68 69 70 70 70 70 72 72 72 73 73 73 73 74 74 74 75 77 78 77 78 79 81 83 84 83 85 88 88 89 90 90 90 91 90 91 88 87 87 87 87 87 85 86 86 86 86 85 83 82 81 80 79 79 74 71 69 66 64 62 61 59 57 56 56 57 58 58 59 60 60 61 63 65 66 69 73 74
-9999 -9999 -9999 -9999 86 -9999 77 74 70 64 62 62 64 64 65 67 67 67 68 69 69 70 70 71 72 74 74 74 76 76 75 76 77 77 78 79 81 81 82 82 83 85 87 86 88 91 92 94 92 92 91 91 92 92 92 89 88 87 87 87 87 88 88 88 87 86 86 84 83 82 80 78 74 72 71 69 67 65 63 61 59 58 58 58 60 61 61 63 64 64 67 70 72 75 77 79
-9999 -9999 -9999 -9999 81 -9999 74 72 66 62 59 59 61 63 65 66 66 67 67 69 70 69 70 72 74 76 76 76 77 78 77 78 79 80 81 81 83 84 85 84 86 87 89 90 91 92 94 94 94 94 93 94 93 94 95 93 91 90 91 88 89 90 90 88 86 86 86 85 83 82 81 78 76 74 73 72 71 68 65 64 63 61 61 61 62 64 65 66 68 68 70 73 77 78 82 84
-9999 -9999 -9999 -9999 -9999 79 72 70 66 62 59 60 62 64 64 65 67 67 68 68 70 72 72 74 74 77 78 79 78 80 81 81 82 83 84 84 84 86 87 88 88 89 91 93 94 96 97 97 96 96 96 95 95 95 94 92 90 88 89 90 89 89 90 89 87 87 86 86 84 82 81 80 79 77 74 73 72 69 68 66 65 64 64 64 64 64 65 66 67 69 73 76 80 82 85 86
-9999 -9999 -9999 -9999 -9999 -9999 72 69 66 64 63 64 65 67 67 66 68 68 70 71 71 72 74 75 76 78 79 81 81 82 83 85 85 87 87 87 89 89 89 90 91 93 95 96 98 99 98 98 98 97 97 97 97 96 93 91 91 90 88 89 90 90 90 90 89 87 86 86 85 83 82 82 80 78 78 75 74 73 71 69 68 67 66 64 64 64 65 65 67 69 72 76 80 84 87 90
-9999 -9999 -9999 -9999 -9999 -9999 71 70 68 67 66 67 70 69 68 69 70 70 70 72 72 72 74 76 77 78 80 83 84 86 86 87 88 90 90 92 92 92 93 93 95 97 97 98 98 99 99 101 100 99 99 98 97 97 96 93 91 90 89 90 91 91 91 91 91 90 88 87 86 85 84 83 81 79 79 77 75 73 72 70 68 67 64 64 64 65 65 67 69 70 73 76 78 81 85 89
-9999 -9999 -9999 -9999 -9999 -9999 72 70 69 69 70 71 71 72 73 73 71 72 73 73 74 73 74 76 78 79 80 82 84 88 89 91 93 95 95 94 94 95 95 95 97 98 99 99 100 100 100 101 102 102 102 100 98 98 98 95 93 92 90 91 91 90 91 92 92 91 89 88 88 87 86 84 83 81 80 79 76 75 73 72 70 69 66 66 65 68 67 68 70 72 75 78 81 82 84 87
-9999 -9999 -9999 -9999 -9999 -9999 -9999 71 70 70 71 73 75 75 76 75 75 75 75 74 75 75 74 76 77 80 81 82 84 89 90 91 95 99 100 98 98 98 98 99 100 99 99 100 101 101 101 101 102 101 102 101 100 99 98 97 95 93 92 92 92 91 90 91 92 91 90 90 90 89 88 85 84 82 81 80 78 78 77 76 74 72 69 68 66 67 69 69 70 73 76 79 83 84 86 91
-9999 -9999 -9999 -9999 -9999 -9999 -9999 72 72 73 74 75 76 77 78 77 78 77 76 77 76 76 75 76 76 79 81 82 85 89 91 95 98 100 101 101 101 101 100 100 100 100 100 101 102 103 103 103 103 103 102 101 102 101 100 97 96 96 94 93 93 93 92 91 90 89 90 91 90 90 88 87 86 86 85 84 82 80 79 78 77 75 72 69 67 67 68 70 71 74 78 80 82 85 88 92
-9999 -9999 -9999 -9999 -9999 -9999 -9999 72 73 75 75 76 78 78 80 80 79 79 77 77 77 76 75 76 78 80 83 85 87 91 93 95 97 98 102 103 102 100 99 100 100 100 101 102 103 103 104 104 105 104 104 104 103 102 101 99 97 96 95 94 94 93 91 89 89 88 88 87 88 88 89 88 88 88 87 85 84 83 81 80 78 76 75 71 68 68 70 71 72 75 78 81 83 85 88 90
-9999 -9999 -9999 -9999 -9999 -9999 -9999 -9999 74 76 77 77 80 80 80 81 80 80 77 76 76 75 73 76 79 81 83 86 88 92 95 96 96 98 102 102 101 100 100 100 100 101 101 101 102 104 104 104 105 105 104 105 105 103 102 100 99 99 97 95 94 93 91 88 87 87 87 86 86 87 88 89 89 88 88 88 86 85 83 82 80 78 78 77 75 73 72 72 74 76 79 81 83 85 86 88
-9999 -9999 -9999 -9999 -9999 -9999 -9999 -9999 76 78 79 81 81 83 82 82 81 80 78 76 76 74 73 75 79 80 82 86 90 92 95 97 96 97 100 100 100 101 100 100 101 101 100 99 101 103 103 103 105 105 106 105 106 106 105 103 101 99 98 96 94 92 91 88 86 86 86 85 86 88 88 88 88 89 89 88 89 90 89 88 85 83 84 83 80 77 78 76 76 77 79 81 82 84 86 88
-9999 -9999 -9999 -9999 -9999 -9999 -9999 -9999 80 81 82 83 85 85 85 84 83 81 78 77 75 72 74 75 77 80 83 87 89 92 95 96 96 97 99 99 101 100 99 99 98 99 99 99 100 101 103 102 104 106 107 107 107 108 107 106 102 100 99 96 94 91 89 88 88 86 86 86 86 86 87 87 89 90 90 91 91 93 92 90 88 86 86 86 83 80 80 79 79 81 83 84 83 84 86 88
-9999 -9999 -9999 -9999 -9999 -9999 -9999 -9999 81 84 86 87 89 88 88 87 84 83 80 78 76 73 73 75 77 81 83 87 90 92 96 98 97 97 98 98 98 98 98 97 97 98 98 99 99 100 101 103 105 106 107 108 108 108 108 106 103 100 98 95 93 92 90 88 87 87 87 87 87 87 87 87 89 90 91 92 93 95 94 93 92 89 87 85 84 83 83 81 81 81 82 84 86 85 85 87
-9999 -9999 -9999 -9999 -9999 -9999 -9999 81 83 86 89 91 93 93 92 91 87 85 81 78 76 74 75 76 79 81 84 88 91 94 96 98 97 98 98 98 97 96 97 95 95 95 97 98 98 99 100 103 105 107 108 109 108 108 107 106 103 101 99 97 94 93 91 88 88 88 88 86 87 87 88 88 89 91 92 94 96 97 96 94 94 92 89 87 85 85 85 84 83 82 83 83 84 85 84 84
-9999 -9999 -9999 -9999 -9999 -9999 77 81 84 87 90 95 96 98 97 94 90 86 82 78 76 75 76 79 80 83 86 88 91 94 95 96 97 97 97 96 95 94 94 93 92 92 94 95 96 97 99 101 103 105 107 109 109 109 107 105 102 100 99 97 95 94 91 89 89 89 88 86 86 87 88 88 90 91 93 95 98 100 98 96 95 93 90 88 86 87 86 85 86 85 86 87 86 83 83 83
-9999 -9999 -9999 -9999 -9999 -9999 79 81 85 88 92 96 100 103 101 96 93 87 83 79 76 75 77 80 81 84 87 90 92 94 95 96 96 95 95 94 92 91 91 90 89 89 90 92 93 94 96 98 100 103 105 108 110 109 108 105 102 101 99 98 95 94 93 90 90 88 88 86 86 87 87 87 90 91 93 95 97 99 98 97 95 93 92 91 91 90 90 89 88 88 89 90 90 87 85 85
-9999 -9999 -9999 -9999 -9999 74 76 82 85 89 93 97 103 106 103 98 93 88 84 81 78 77 78 81 83 85 88 91 94 95 96 96 95 94 93 91 90 89 88 87 86 86 86 87 89 91 93 96 98 99 103 106 108 108 107 105 102 101 100 99 96 94 92 91 89 89 87 86 86 87 86 88 89 90 92 95 98 98 98 97 96 95 96 94 93 93 92 91 90 90 91 92 92 90 88 85
61 63 64 69 72 74 76 81 83 89 93 97 102 104 102 96 92 87 83 81 79 79 79 80 81 84 87 90 93 95 96 96 94 93 91 90 89 87 86 85 84 84 82 -9999 87 90 91 93 -9999 -9999 102 104 106 106 106 106 103 101 101 101 99 96 94 91 89 88 87 86 86 87 87 87 88 89 91 94 97 99 98 98 97 96 96 96 94 93 93 93 93 92 92 92 92 89 88 86
59 61 64 65 70 73 76 81 83 87 91 94 98 100 98 94 90 86 82 81 79 80 79 80 82 85 87 90 93 95 94 95 94 92 90 89 88 87 -9999 82 -9999 -9999 81 -9999 -9999 -9999 -9999 -9999 -9999 -9999 101 102 103 104 105 105 102 101 99 98 97 96 94 92 89 87 86 85 85 85 86 86 86 86 89 92 95 98 98 97 96 97 97 97 96 96 96 96 96 96 94 92 90 88 87 85
57 60 63 65 69 71 74 80 83 86 90 92 94 96 92 91 88 84 82 80 78 78 78 80 82 83 86 87 91 93 92 -9999 -9999 -9999 -9999 -9999 -9999 -9999 -9999 -9999 -9999 79 78 -9999 -9999 -9999 86 86 88 -9999 94 -9999 -9999 -9999 102 102 100 96 96 94 93 93 91 90 89 87 85 85 85 85 85 86 86 85 88 91 93 96 97 97 97 98 98 97 98 98 96 96 97 96 93 91 88 86 84 82
58 59 61 -9999 -9999 72 73 77 -9999 82 85 -9999 -9999 88 88 87 85 82 80 79 77 77 77 78 -9999 -9999 86 -9999 -9999 -9999 -9999 -9999 -9999 -9999 -9999 -9999 -9999 -9999 -9999 -9999 -9999 -9999 -9999 79 -9999 -9999 85 87 -9999 -9999 -9999 94 -9999 -9999 98 98 97 97 95 94 92 90 90 88 88 86 85 85 85 85 85 86 86 86 88 90 93 95 96 96 98 98 97 97 97 96 97 97 96 94 92 90 87 85 82 80
-9999 -9999 -9999 -9999 -9999 -9999 -9999 -9999 -9999 82 -9999 -9999 -9999 86 85 -9999 -9999 80 79 77 -9999 76 -9999 -9999 -9999 -9999 -9999 -9999 -9999 -9999 -9999 -9999 -9999 -9999 89 -9999 -9999 -9999 -9999 -9999 -9999 -9999 -9999 -9999 -9999 -9999 -9999 -9999 87 87 93 95 97 97 99 100 99 98 97 95 93 91 89 86 85 85 84 85 85 85 85 86 85 86 88 90 92 94 95 95 95 96 96 96 97 98 98 98 96 93 91 88 86 83 81 78
-9999 -9999 -9999 -9999 -9999 -9999 -9999 -9999 -9999 -9999 -9999 -9999 -9999 -9999 -9999 -9999 -9999 -9999 -9999 -9999 -9999 -9999 -9999 -9999 -9999 -9999 86 86 91 92 93 93 92 91 90 88 87 84 83 80 78 -9999 -9999 -9999 -9999 -9999 -9999 -9999 85 86 90 93 97 98 101 101 100 99 99 96 93 91 88 86 86 83 83 83 83 82 83 83 84 85 87 89 91 92 93 95 95 95 95 96 97 98 98 98 96 93 90 86 83 80 78 75
-9999 -9999 -9999 -9999 -9999 -9999 -9999 -9999 -9999 -9999 -9999 -9999 -9999 -9999 -9999 -9999 -9999 -9999 -9999 -9999 -9999 -9999 -9999 78 82 85 87 88 93 95 96 96 94 93 92 90 88 86 83 81 80 78 78 79 80 79 80 80 82 85 89 92 95 97 98 99 98 98 97 94 92 90 87 86 84 83 83 82 81 81 82 82 83 85 86 89 91 92 93 95 94 95 96 97 99 98 97 95 94 90 87 84 81 78 75 72
-9999 -9999 -9999 -9999 -9999 -9999 -9999 -9999 -9999 -9999 -9999 -9999 -9999 -9999 -9999 -9999 -9999 -9999 -9999 -9999 69 70 74 77 82 86 90 94 98 100 99 98 96 94 92 91 90 87 84 83 80 79 78 79 80 79 80 80 82 84 89 92 93 94 95 96 96 96 95 93 91 89 86 85 83 81 81 80 79 80 80 80 82 84 86 89 91 92 94 94 94 97 97 96 96 95 94 92 90 87 84 81 78 75 72 69
-9999 -9999 -9999 -9999 -9999 -9999 -9999 -9999 -9999 -9999 -9999 -9999 -9999 -9999 67 67 67 -9999 64 63 66 69 73 77 83 89 95 101 106 105 101 100 97 94 92 91 89 86 84 83 80 78 78 78 78 79 80 81 83 85 88 91 92 93 94 94 95 95 94 91 90 87 85 83 82 80 79 78 77 77 78 79 82 84 86 89 90 92 94 94 95 98 98 96 95 93 91 90 87 85 82 78 74 71 69 67
-9999 -9999 -9999 -9999 -9999 -9999 -9999 -9999 -9999 -9999 -9999 -9999 70 70 68 66 65 63 61 62 64 66 72 77 83 89 96 104 109 107 102 99 96 93 91 89 87 85 83 81 79 77 77 77 77 79 79 82 83 86 89 90 90 91 91 93 93 93 91 89 87 85 83 81 79 77 76 74 74 75 75 78 80 82 86 89 90 91 93 94 96 97 97 95 93 91 89 86 84 81 78 75 72 70 67 65
-9999 -9999 -9999 -9999 -9999 -9999 -9999 -9999 -9999 -9999 -9999 -9999 -9999 -9999 66 65 63 62 59 56 62 64 70 75 82 88 95 101 105 104 100 96 93 91 88 87 87 85 82 80 78 76 77 76 76 78 80 82 84 86 87 89 90 90 91 91 91 92 90 88 86 83 82 80 77 75 74 72 72 73 74 76 78 81 84 87 90 92 92 92 92 94 95 92 89 88 85 83 81 79 75 73 70 67 64 62
-9999 -9999 -9999 -9999 -9999 -9999 -9999 -9999 -9999 -9999 -9999 66 65 65 65 63 61 60 58 56 57 63 69 75 81 87 93 99 100 99 96 93 91 88 86 85 86 84 80 78 76 76 76 75 76 78 80 82 84 85 87 89 89 90 91 90 91 91 90 87 85 82 81 78 75 74 71 69 69 70 72 74 76 78 82 86 91 94 94 92 90 90 90 89 87 85 82 81 78 75 73 71 68 65 61 60
-9999 -9999 -9999 -9999 -9999 -9999 -9999 -9999 -9999 -9999 68 67 67 65 65 62 61 60 58 56 -9999 -9999 69 74 79 85 92 96 96 95 92 90 88 87 86 85 85 84 79 75 73 74 75 75 76 79 80 81 83 85 88 89 90 92 92 89 89 89 88 87 84 81 80 77 74 72 68 67 67 68 70 72 74 77 79 83 87 91 91 91 89 89 86 84 84 82 80 77 75 72 70 67 64 62 59 57
-9999 -9999 -9999 -9999 -9999 -9999 -9999 -9999 -9999 -9999 -9999 67 67 65 63 62 61 59 -9999 -9999 -9999 -9999 -9999 72 78 81 86 90 92 92 90 89 87 87 86 84 84 83 78 75 72 75 75 76 77 79 79 82 83 87 90 91 91 92 92 90 89 88 87 85 82 80 78 75 73 70 68 66 66 66 68 70 72 74 76 80 84 88 90 91 91 90 88 85 82 79 77 73 71 69 67 64 62 59 57 54
-9999 -9999 -9999 -9999 -9999 -9999 -9999 -9999 -9999 -9999 -9999 -9999 67 66 62 62 -9999 -9999 -9999 -9999 -9999 -9999 -9999 72 72 -9999 80 84 87 89 89 88 87 88 87 84 83 84 81 80 77 77 77 77 78 78 79 82 83 86 88 89 90 91 90 89 88 86 85 82 81 79 77 74 73 70 67 65 64 64 65 67 70 71 73 76 79 84 88 91 90 88 87 84 80 77 73 70 69 66 64 62 60 57 55 51
-9999 -9999 -9999 -9999 -9999 -9999 -9999 -9999 -9999 -9999 -9999 68 67 65 -9999 -9999 -9999 -9999 -9999 -9999 -9999 -9999 -9999 -9999 -9999 -9999 75 80 83 85 85 86 85 87 87 85 84 82 81 80 79 79 79 79 79 80 80 81 84 85 86 87 87 87 88 87 85 84 83 81 80 78 76 74 72 69 67 64 63 63 63 65 67 68 70 73 80 83 86 89 88 87 85 82 78 73 70 68 66 63 62 60 58 55 53 50
-9999 -9999 -9999 -9999 -9999 -9999 -9999 -9999 -9999 -9999 -9999 -9999 -9999 67 66 65 -9999 -9999 -9999 63 -9999 -9999 -9999 -9999 -9999 -9999 74 77 81 83 84 84 85 86 86 86 85 84 83 81 80 82 84 83 83 83 83 83 84 85 85 86 85 86 86 85 84 83 82 80 78 77 76 73 71 70 66 65 63 61 61 62 64 65 68 72 79 82 84 85 85 83 81 79 75 71 67 65 63 61 59 58 55 53 51 49
-9999 -9999 -9999 -9999 -9999 -9999 -9999 -9999 -9999 -9999 70 70 68 69 69 66 65 -9999 -9999 -9999 -9999 -9999 -9999 -9999 -9999 -9999 74 76 80 82 83 84 85 86 86 86 86 85 83 82 82 84 86 86 85 84 83 82 83 85 85 85 85 85 86 86 87 85 82 79 77 76 75 73 71 69 66 65 62 61 61 61 61 63 66 71 75 79 81 81 82 81 79 77 72 69 65 62 60 60 58 57 54 53 51 50
-9999 -9999 -9999 -9999 -9999 -9999 -9999 -9999 74 73 72 71 70 70 69 69 67 67 66 -9999 -9999 -9999 -9999 -9999 -9999 -9999 75 76 79 81 82 84 85 88 90 90 90 87 85 84 83 85 86 85 84 84 83 82 83 83 84 84 85 84 86 88 88 85 82 78 78 76 74 73 70 68 66 64 63 62 60 58 59 61 66 71 74 76 77 78 79 78 77 75 72 69 65 62 60 59 57 57 55 54 51 50
-9999 -9999 -9999 -9999 -9999 -9999 -9999 -9999 74 74 74 73 72 71 69 71 71 69 67 67 -9999 -9999 -9999 -9999 -9999 73 73 75 77 80 82 87 90 94 95 95 94 91 88 86 85 83 84 83 83 84 82 82 82 83 83 83 83 84 84 85 84 82 79 78 77 75 73 72 70 68 67 64 63 62 60 60 62 66 68 69 72 73 74 76 76 77 76 76 72 69 66 62 59 58 57 56 55 54 52 50
-9999 -9999 -9999 -9999 -9999 -9999 -9999 -9999 75 76 76 76 74 73 73 72 72 71 70 69 67 67 -9999 70 70 72 73 74 77 80 84 89 91 93 95 97 96 91 88 86 84 82 83 83 83 83 82 82 82 83 82 83 83 83 82 82 82 80 79 78 76 75 73 72 70 68 66 65 64 63 63 64 65 66 67 69 71 73 73 73 74 75 74 73 71 68 65 62 60 58 57 56 54 53 52 51
