resultados/variables_proyeccion_tiempo/variables_paleo_130k/bio13.asc
ncols 330
nrows 228
xllcorner -12.000000
yllcorner 34.000000
cellsize 0.166667
NODATA_value -9999
[rows 48 to 95 of 228, columns 192 to 287 of 330]
77 77 77 77 77 77 -9999 -9999 -9999 -9999 -9999 -9999 -9999 -9999 -9999 -9999 78 78 78 78 78 79 79 79 80 80 81 81 81 82 82 82 83 84 84 85 85 86 87 88 88 88 90 90 90 91 91 91 92 92 91 91 91 90 90 90 90 90 90 89 89 89 88 88 87 87 88 89 91 90 91 91 92 92 93 93 93 93 92 92 92 91 90 89 88 87 86 86 87 86 84 84 83 82 81 80
77 76 77 77 77 78 -9999 -9999 -9999 -9999 -9999 -9999 -9999 -9999 -9999 78 78 78 78 79 79 79 80 81 82 82 83 83 83 84 84 84 85 86 87 87 88 87 87 88 89 89 90 91 90 91 91 92 92 93 93 91 91 91 91 91 91 92 91 90 90 90 90 89 89 88 89 90 92 92 92 93 93 94 94 93 94 94 94 94 93 93 92 90 89 88 88 87 86 87 87 85 84 83 83 82
76 76 -9999 -9999 78 78 -9999 -9999 -9999 -9999 -9999 -9999 -9999 78 78 78 78 79 79 80 80 81 82 83 83 84 84 85 85 85 86 86 87 88 88 88 90 90 90 89 90 90 90 91 91 92 93 92 93 93 93 93 92 91 91 91 92 91 91 90 90 90 90 89 90 91 90 91 92 93 94 96 94 94 95 95 95 95 95 95 95 95 94 92 91 90 89 88 87 87 86 86 85 85 85 84
-9999 -9999 -9999 -9999 -9999 -9999 78 78 78 77 77 78 79 78 79 80 80 81 81 82 82 82 83 83 84 85 86 86 87 87 88 88 88 88 89 91 91 90 90 90 91 92 93 92 92 93 93 93 93 94 94 94 94 94 92 91 91 91 91 91 91 91 91 90 91 91 91 92 93 94 95 97 96 96 96 96 96 96 96 96 96 95 95 93 92 92 91 90 89 88 86 86 85 86 86 86
-9999 -9999 -9999 -9999 79 -9999 78 79 78 78 78 78 79 79 80 81 81 81 82 82 83 83 83 84 85 87 87 88 89 89 88 89 90 90 91 91 92 91 92 92 92 93 93 92 93 94 95 95 94 94 94 94 95 95 95 93 92 92 92 92 92 93 93 93 93 93 94 94 94 95 95 96 96 96 97 98 98 98 98 97 97 96 95 94 94 93 92 91 90 88 88 88 87 87 87 86
-9999 -9999 -9999 -9999 79 -9999 79 79 78 78 78 79 79 80 81 82 82 82 82 83 84 84 85 86 87 88 88 89 90 90 90 91 91 91 91 92 93 94 93 93 93 94 94 93 93 94 94 95 95 94 95 95 95 96 96 95 94 93 94 93 93 94 95 94 94 94 95 96 96 96 96 96 96 96 98 99 100 99 98 98 98 98 97 96 95 95 94 93 91 89 89 89 89 87 87 87
-9999 -9999 -9999 -9999 -9999 79 79 79 79 79 79 80 81 82 82 83 83 84 84 84 85 86 86 87 88 89 89 90 90 92 92 92 92 93 94 93 93 94 94 94 94 94 94 95 94 94 95 96 95 95 96 96 96 96 96 95 94 94 94 95 94 94 95 95 95 95 96 96 96 97 98 97 97 98 98 99 100 99 99 99 99 98 98 96 95 94 93 92 90 90 90 90 90 88 87 87
-9999 -9999 -9999 -9999 -9999 -9999 80 80 81 81 82 83 84 84 84 84 84 85 85 86 86 86 87 88 89 90 91 92 92 92 93 94 94 95 95 94 95 95 95 95 95 95 96 96 96 96 95 96 95 96 96 96 96 96 95 94 95 95 94 95 95 96 96 96 96 96 96 96 97 97 98 99 99 98 99 99 100 100 99 99 99 99 98 96 95 94 93 91 90 89 89 89 88 88 88 89
-9999 -9999 -9999 -9999 -9999 -9999 81 81 81 82 83 84 86 86 85 86 86 86 87 87 87 88 89 89 90 91 91 92 93 94 95 95 95 96 96 97 97 96 96 96 96 97 96 96 96 96 96 97 97 96 97 97 96 96 96 95 95 95 95 95 97 97 97 98 98 97 97 97 97 97 98 99 99 98 99 99 100 100 99 99 98 98 96 95 94 94 92 91 91 90 89 88 87 87 87 88
-9999 -9999 -9999 -9999 -9999 -9999 81 81 83 84 85 86 87 87 88 88 88 88 88 88 89 88 89 89 90 91 91 92 93 95 96 96 97 98 98 97 97 97 97 97 98 97 97 96 97 97 97 97 97 97 98 97 97 97 97 97 96 95 95 96 96 97 97 98 99 99 98 97 98 98 99 99 99 99 99 99 99 99 99 99 99 98 96 96 95 96 93 92 92 91 90 89 88 87 87 86
-9999 -9999 -9999 -9999 -9999 -9999 -9999 83 83 84 85 87 88 89 89 89 89 89 89 89 90 89 89 90 90 91 92 92 93 94 95 96 98 99 98 97 98 98 98 98 98 98 97 98 98 97 97 97 97 97 97 97 97 98 97 97 96 96 95 95 96 96 97 98 99 98 98 98 98 98 99 98 99 98 98 99 100 99 100 100 100 99 97 96 95 94 95 93 92 91 90 90 89 88 87 88
-9999 -9999 -9999 -9999 -9999 -9999 -9999 84 84 86 87 88 89 90 90 91 91 91 90 91 91 91 90 90 90 91 91 92 93 94 95 97 98 98 98 99 99 99 98 98 98 98 98 98 97 98 98 97 97 97 96 96 97 97 97 97 96 97 96 95 96 96 96 97 97 96 97 97 97 98 98 99 99 99 99 99 100 99 99 99 99 99 98 97 95 94 94 93 91 90 91 89 88 87 87 88
-9999 -9999 -9999 -9999 -9999 -9999 -9999 85 85 86 87 88 89 90 91 91 91 91 90 91 91 90 90 90 90 91 92 93 94 95 95 96 97 97 98 99 99 98 98 97 98 98 98 98 98 98 98 97 98 98 98 98 97 97 97 97 96 96 95 95 95 95 94 94 94 94 94 95 95 96 97 98 98 99 99 99 99 99 99 99 99 99 99 97 95 94 95 93 91 91 90 89 88 88 87 87
-9999 -9999 -9999 -9999 -9999 -9999 -9999 -9999 85 87 88 89 90 91 91 92 92 92 91 90 91 90 90 91 92 93 92 93 94 95 96 96 96 97 98 98 98 97 98 98 98 98 98 98 98 97 97 98 98 97 97 97 97 97 97 96 96 96 95 95 94 94 93 91 91 91 92 93 94 95 96 97 97 98 98 99 98 99 99 98 98 98 98 98 98 97 95 92 92 91 90 89 89 88 87 87
-9999 -9999 -9999 -9999 -9999 -9999 -9999 -9999 87 87 88 89 90 91 91 91 92 92 91 90 91 90 89 90 91 91 92 92 94 95 96 96 96 96 97 97 97 98 98 98 98 98 97 97 97 97 97 97 98 97 97 97 98 98 97 97 96 95 95 94 94 92 91 89 88 89 90 92 93 94 95 95 96 97 98 98 99 100 100 99 99 99 100 101 99 98 97 94 92 90 90 89 89 88 87 87
-9999 -9999 -9999 -9999 -9999 -9999 -9999 -9999 87 88 89 90 91 92 92 92 93 92 92 92 91 90 90 91 91 92 93 94 94 95 96 96 95 96 96 97 98 98 98 97 97 97 97 97 97 97 97 96 97 97 98 98 98 98 98 97 95 95 94 94 93 91 89 89 89 89 90 91 92 92 93 94 96 96 97 98 98 99 99 99 99 98 99 100 99 97 96 94 92 92 92 91 88 87 87 87
-9999 -9999 -9999 -9999 -9999 -9999 -9999 -9999 88 89 90 91 91 92 92 92 92 92 92 92 92 91 90 91 91 92 93 93 94 95 96 96 96 96 97 97 97 97 97 97 96 97 96 96 96 96 97 97 97 97 97 97 97 97 97 96 95 94 94 92 91 90 90 89 89 90 90 90 91 92 93 93 94 95 96 96 97 98 98 99 99 98 98 97 97 97 95 93 92 91 90 90 90 88 87 87
-9999 -9999 -9999 -9999 -9999 -9999 -9999 88 89 90 91 92 92 93 94 94 93 93 93 93 93 92 92 92 93 92 93 94 95 96 96 97 97 96 97 97 97 96 96 96 96 96 96 96 96 96 97 97 97 97 97 97 96 96 96 96 95 94 93 92 91 90 90 90 89 89 89 90 91 92 92 92 93 94 95 95 96 97 97 97 98 98 96 96 96 95 94 93 92 90 89 89 89 88 86 86
-9999 -9999 -9999 -9999 -9999 -9999 87 88 88 90 91 92 93 93 94 94 94 93 93 93 93 93 93 94 94 94 94 94 95 95 95 96 96 96 96 96 96 95 95 95 95 95 95 95 96 96 96 96 96 96 96 96 96 96 95 95 94 93 92 92 91 91 90 89 89 89 89 90 90 90 91 92 93 93 94 95 96 96 96 97 97 96 96 95 94 94 94 93 92 91 91 91 89 87 86 86
-9999 -9999 -9999 -9999 -9999 -9999 87 88 89 90 91 92 93 95 95 94 94 94 94 93 94 94 94 94 94 94 94 94 94 95 95 95 95 95 95 95 94 94 94 94 94 94 94 94 94 94 94 94 95 95 96 96 96 95 95 95 94 93 92 92 91 90 90 89 89 89 89 89 90 90 91 91 92 93 94 94 95 96 96 95 95 95 95 95 95 95 94 93 92 92 92 92 91 89 87 87
-9999 -9999 -9999 -9999 -9999 86 87 88 89 90 91 92 93 95 95 94 94 93 93 93 93 93 93 94 94 94 95 95 95 95 95 95 94 94 93 93 93 93 93 92 92 93 93 92 92 93 93 94 94 95 95 94 95 95 95 94 94 93 93 93 92 91 90 89 88 88 88 89 89 89 90 91 91 92 93 94 95 95 95 95 95 94 95 95 94 94 94 93 92 91 92 92 92 91 89 88
83 83 84 84 85 86 86 88 88 90 91 91 93 94 93 93 93 93 92 92 93 93 93 93 93 93 94 94 94 94 94 94 94 94 93 93 92 92 92 92 92 91 90 -9999 91 92 93 93 -9999 -9999 94 95 96 95 95 95 94 93 93 93 93 91 90 89 88 88 88 88 88 89 89 90 91 91 92 93 94 95 94 94 93 94 94 93 93 93 93 93 92 92 92 92 91 90 90 89
82 83 83 84 85 86 86 87 88 89 90 91 92 93 93 92 92 92 92 91 92 92 92 93 93 94 95 95 94 93 93 94 94 94 93 92 92 92 -9999 91 -9999 -9999 90 -9999 -9999 -9999 -9999 -9999 -9999 -9999 95 95 94 94 95 95 94 93 92 92 92 91 90 89 88 87 87 88 88 88 89 90 91 91 92 92 93 93 93 93 93 93 93 93 93 93 93 93 93 93 92 91 90 89 88 88
82 82 83 83 84 85 86 88 88 89 90 90 91 91 91 91 91 90 90 91 91 91 92 92 93 93 94 94 94 94 93 -9999 -9999 -9999 -9999 -9999 -9999 -9999 -9999 -9999 -9999 90 90 -9999 -9999 -9999 91 91 92 -9999 93 -9999 -9999 -9999 94 93 92 91 91 90 89 88 88 88 88 87 87 87 87 88 89 90 91 91 92 92 92 92 92 92 91 92 92 92 92 92 92 92 93 92 91 90 89 88 87 86
81 82 82 -9999 -9999 85 85 86 -9999 87 89 -9999 -9999 89 90 90 90 90 89 89 90 90 91 92 -9999 -9999 93 -9999 -9999 -9999 -9999 -9999 -9999 -9999 -9999 -9999 -9999 -9999 -9999 -9999 -9999 -9999 -9999 90 -9999 -9999 91 91 -9999 -9999 -9999 93 -9999 -9999 94 94 93 92 91 90 89 88 87 87 87 86 86 86 87 88 88 89 90 91 91 91 91 91 90 91 90 90 90 90 90 91 91 91 91 91 90 89 88 86 85 84
-9999 -9999 -9999 -9999 -9999 -9999 -9999 -9999 -9999 87 -9999 -9999 -9999 88 88 -9999 -9999 88 89 89 -9999 90 -9999 -9999 -9999 -9999 -9999 -9999 -9999 -9999 -9999 -9999 -9999 -9999 92 -9999 -9999 -9999 -9999 -9999 -9999 -9999 -9999 -9999 -9999 -9999 -9999 -9999 91 91 94 95 95 95 95 95 94 94 93 91 90 88 87 86 86 86 86 86 87 87 88 88 89 89 90 90 90 90 90 90 90 89 89 89 90 90 90 90 90 89 88 87 86 85 84 83
-9999 -9999 -9999 -9999 -9999 -9999 -9999 -9999 -9999 -9999 -9999 -9999 -9999 -9999 -9999 -9999 -9999 -9999 -9999 -9999 -9999 -9999 -9999 -9999 -9999 -9999 96 96 96 96 95 94 93 93 92 92 92 91 91 90 89 -9999 -9999 -9999 -9999 -9999 -9999 -9999 90 91 93 95 95 96 96 96 95 94 93 92 90 89 88 87 86 85 85 86 86 86 87 87 88 88 88 89 89 90 89 89 89 89 88 88 88 89 90 90 89 88 86 85 85 84 83 82
-9999 -9999 -9999 -9999 -9999 -9999 -9999 -9999 -9999 -9999 -9999 -9999 -9999 -9999 -9999 -9999 -9999 -9999 -9999 -9999 -9999 -9999 -9999 91 92 94 96 98 97 96 96 94 94 94 93 93 93 92 92 91 91 90 90 90 89 89 89 89 90 91 93 95 96 96 96 95 94 94 93 91 90 88 88 87 87 86 86 85 85 85 86 86 87 87 87 88 88 89 89 89 88 88 88 88 88 89 88 88 87 86 85 84 83 83 83 82
-9999 -9999 -9999 -9999 -9999 -9999 -9999 -9999 -9999 -9999 -9999 -9999 -9999 -9999 -9999 -9999 -9999 -9999 -9999 -9999 85 85 88 90 92 94 95 97 97 96 95 95 93 93 92 93 93 93 93 91 91 90 90 90 90 89 89 89 90 91 93 96 97 96 96 95 94 93 92 91 90 90 88 88 87 87 86 86 86 85 86 85 86 86 87 87 88 88 88 88 88 88 88 88 87 87 86 86 86 85 84 84 83 82 82 82
-9999 -9999 -9999 -9999 -9999 -9999 -9999 -9999 -9999 -9999 -9999 -9999 -9999 -9999 84 83 83 -9999 82 82 83 85 87 89 91 94 95 96 97 96 95 94 93 92 92 92 92 92 93 92 91 90 90 89 89 89 89 89 90 91 94 96 97 96 96 95 94 93 92 91 90 90 89 88 88 88 87 86 86 87 86 87 87 88 88 88 88 87 88 88 88 88 88 87 87 86 86 86 85 85 84 84 83 83 82 82
-9999 -9999 -9999 -9999 -9999 -9999 -9999 -9999 -9999 -9999 -9999 -9999 85 85 84 84 83 82 81 81 82 83 86 89 90 92 94 95 95 95 94 93 91 91 91 91 91 92 92 92 91 90 89 89 88 88 88 89 90 92 94 96 97 97 96 95 94 93 92 91 90 90 89 89 88 88 88 87 87 87 87 88 88 89 90 90 90 88 88 88 88 88 87 86 86 86 86 85 85 84 84 84 83 82 82 81
-9999 -9999 -9999 -9999 -9999 -9999 -9999 -9999 -9999 -9999 -9999 -9999 -9999 -9999 83 83 82 82 80 79 81 82 85 88 90 91 93 94 94 94 92 91 90 89 89 90 91 92 92 92 91 90 89 89 88 88 88 89 90 93 95 96 97 97 96 95 94 93 92 91 91 90 90 89 89 88 88 88 87 88 88 89 89 90 91 91 92 91 89 88 87 87 86 86 85 85 85 85 85 85 85 85 84 83 82 82
-9999 -9999 -9999 -9999 -9999 -9999 -9999 -9999 -9999 -9999 -9999 85 85 85 85 83 82 81 80 79 80 83 85 88 90 92 92 93 93 92 91 89 88 87 88 89 90 91 91 92 90 90 89 88 88 87 88 89 92 93 95 96 97 97 96 95 95 93 92 91 91 90 90 90 89 88 88 87 87 88 88 89 90 90 91 92 94 93 91 88 87 86 85 85 85 85 85 85 85 85 85 85 84 83 82 82
-9999 -9999 -9999 -9999 -9999 -9999 -9999 -9999 -9999 -9999 85 85 85 85 85 84 83 82 81 80 -9999 -9999 87 88 90 92 92 93 93 91 90 88 87 86 87 89 90 92 92 91 90 89 89 88 88 87 89 90 92 94 95 96 97 98 97 96 95 94 92 92 92 91 90 90 89 88 88 87 87 88 89 90 90 91 91 92 93 93 91 89 87 85 84 83 83 84 84 84 85 85 85 85 84 83 82 81
-9999 -9999 -9999 -9999 -9999 -9999 -9999 -9999 -9999 -9999 -9999 85 86 85 85 85 84 83 -9999 -9999 -9999 -9999 -9999 89 90 91 93 93 93 92 91 89 88 87 88 89 90 92 92 92 91 89 88 87 87 88 90 91 93 95 97 98 98 98 98 97 95 94 93 93 92 91 90 90 90 88 88 88 88 88 89 90 91 91 91 92 92 92 91 89 87 85 84 83 83 84 84 84 84 85 85 85 84 83 82 81
-9999 -9999 -9999 -9999 -9999 -9999 -9999 -9999 -9999 -9999 -9999 -9999 87 86 86 86 -9999 -9999 -9999 -9999 -9999 -9999 -9999 90 90 -9999 93 93 94 93 92 90 89 89 90 90 91 93 93 93 92 90 88 87 88 88 90 91 93 95 96 97 98 98 98 97 96 94 94 93 93 91 91 91 91 90 89 89 89 89 89 91 91 91 91 91 91 91 91 90 88 85 83 82 83 84 84 85 85 85 85 84 83 82 82 81
-9999 -9999 -9999 -9999 -9999 -9999 -9999 -9999 -9999 -9999 -9999 87 87 87 -9999 -9999 -9999 -9999 -9999 -9999 -9999 -9999 -9999 -9999 -9999 -9999 94 94 94 93 92 91 90 91 91 91 92 91 92 92 91 89 88 88 88 90 91 92 93 95 96 96 97 97 97 96 95 94 94 94 93 93 93 92 91 91 90 89 90 90 90 90 91 91 90 91 93 92 91 91 88 85 82 81 82 83 84 85 85 85 84 84 83 82 81 81
-9999 -9999 -9999 -9999 -9999 -9999 -9999 -9999 -9999 -9999 -9999 -9999 -9999 90 90 90 -9999 -9999 -9999 88 -9999 -9999 -9999 -9999 -9999 -9999 94 95 94 94 93 92 92 92 92 92 92 92 91 91 90 90 90 89 91 92 92 93 94 94 95 96 96 96 96 95 95 95 95 94 94 94 93 93 92 92 91 91 90 90 90 90 91 90 90 91 93 93 92 90 88 85 82 82 82 84 84 85 85 85 84 83 82 82 81 80
-9999 -9999 -9999 -9999 -9999 -9999 -9999 -9999 -9999 -9999 90 91 90 91 92 92 92 -9999 -9999 -9999 -9999 -9999 -9999 -9999 -9999 -9999 95 95 95 95 94 93 93 92 93 93 92 92 91 90 90 90 90 91 91 92 93 93 94 95 95 96 96 96 96 97 98 97 95 94 94 94 93 93 93 92 91 91 91 90 91 90 91 90 91 92 92 92 92 90 88 86 84 82 82 83 84 85 85 84 84 83 82 81 81 80
-9999 -9999 -9999 -9999 -9999 -9999 -9999 -9999 90 90 91 92 92 93 94 94 93 93 92 -9999 -9999 -9999 -9999 -9999 -9999 -9999 95 95 95 94 94 94 94 94 95 95 94 93 92 91 90 90 90 90 91 92 93 93 94 94 95 96 96 96 97 98 99 98 97 95 95 94 94 94 93 92 92 91 91 91 91 91 90 91 91 93 93 92 91 90 89 88 86 85 84 85 85 85 85 84 84 84 83 82 81 80
-9999 -9999 -9999 -9999 -9999 -9999 -9999 -9999 92 92 92 93 94 95 96 96 96 94 93 94 -9999 -9999 -9999 -9999 -9999 94 94 95 94 95 95 95 96 98 98 98 96 94 92 91 89 88 88 90 91 92 92 93 94 95 95 96 96 97 97 98 97 96 95 95 95 95 94 94 93 93 92 92 92 91 91 91 93 94 94 93 93 92 91 90 90 89 88 88 88 87 87 86 85 85 85 85 84 83 82 80
-9999 -9999 -9999 -9999 -9999 -9999 -9999 -9999 93 94 94 95 96 97 98 98 97 96 96 95 94 94 -9999 95 95 94 94 94 94 95 95 97 98 98 98 99 97 94 92 90 89 87 88 89 91 92 92 93 94 95 95 95 96 96 96 96 96 96 96 96 95 94 94 94 93 93 92 92 92 92 93 94 95 94 94 93 93 92 91 91 90 90 90 89 89 89 88 87 87 86 85 85 84 83 82 81
-9999 -9999 -9999 -9999 -9999 -9999 95 95 95 96 98 98 98 99 99 98 98 97 97 96 95 95 95 95 95 94 94 93 94 93 94 95 95 96 97 97 96 94 91 89 88 87 88 89 91 92 92 93 94 94 95 95 96 96 97 99 99 98 97 96 96 95 94 94 93 93 92 93 95 95 95 95 94 94 93 93 92 92 92 91 91 91 91 91 90 90 89 89 88 88 86 86 84 84 83 82
-9999 -9999 -9999 -9999 -9999 -9999 96 97 98 99 100 100 100 100 100 100 100 98 97 96 95 94 95 94 94 94 93 93 92 92 93 93 93 93 94 94 92 91 89 88 86 87 88 90 91 92 92 93 94 94 95 95 96 97 98 99 99 100 99 98 97 95 95 94 94 93 93 93 94 94 94 94 94 93 93 93 93 93 93 92 92 92 91 92 91 91 92 90 89 88 87 86 85 85 84 83
-9999 -9999 -9999 -9999 -9999 -9999 99 99 100 101 102 102 101 101 102 101 100 99 98 96 95 94 93 93 93 92 92 91 91 91 91 91 91 92 91 91 90 89 88 87 86 87 89 91 91 92 93 93 94 94 95 95 96 97 98 98 99 99 99 98 97 95 94 94 94 94 93 94 94 93 93 94 94 93 93 93 93 93 93 93 92 93 92 92 93 93 93 92 90 89 88 87 86 86 85 85
-9999 -9999 -9999 -9999 -9999 100 100 101 101 102 104 104 103 102 102 101 100 99 97 96 95 93 93 92 92 91 90 90 89 90 90 90 90 90 90 89 89 87 86 85 87 88 90 91 92 92 93 94 94 94 95 96 96 96 97 97 98 98 98 98 97 96 95 94 94 93 94 94 93 93 93 92 93 92 92 93 92 93 93 93 93 93 93 93 93 94 94 92 92 90 89 88 87 86 85 84
-9999 -9999 -9999 -9999 -9999 100 101 102 102 102 104 105 105 103 102 101 99 98 97 95 94 93 92 92 90 90 89 88 88 88 89 89 89 89 89 89 87 86 85 86 88 89 90 91 92 93 94 94 94 94 95 96 96 96 97 97 97 97 98 98 97 97 96 95 94 94 94 93 93 92 92 92 91 92 92 91 92 92 93 92 93 93 94 93 94 93 93 92 91 91 90 89 88 87 86 85
-9999 -9999 -9999 -9999 -9999 -9999 101 102 103 104 106 107 106 106 104 101 100 98 96 95 93 92 91 90 89 88 87 87 87 87 87 88 88 88 88 87 87 85 84 86 87 89 90 91 92 92 93 93 93 94 94 95 96 96 97 97 97 97 97 97 96 96 95 95 94 94 93 92 92 92 91 91 91 90 91 91 90 91 92 93 93 93 94 94 94 94 94 93 92 92 91 90 90 88 87 86
