resultados/variables_proyeccion_tiempo/variables_paleo_130k/bio15.asc
ncols 330
nrows 228
xllcorner -12.000000
yllcorner 34.000000
cellsize 0.166667
NODATA_value -9999
[rows 147 to 195 of 228, columns 0 to 95 of 330]
-9999 -9999 -9999 -9999 -9999 -9999 -9999 -9999 -9999 -9999 -9999 -9999 -9999 -9999 -9999 -9999 -9999 -9999 -9999 -9999 -9999 -9999 -9999 -9999 -9999 -9999 -9999 -9999 -9999 -9999 -9999 -9999 -9999 -9999 -9999 -9999 -9999 -9999 -9999 -9999 -9999 -9999 -9999 -9999 -9999 -9999 -9999 -9999 -9999 -9999 -9999 -9999 36 36 36 36 35 35 34 34 33 33 33 32 31 31 30 30 29 29 28 27 26 25 24 24 23 23 23 22 23 23 23 24 24 23 23 23 23 24 23 23 23 23 22 21
-9999 -9999 -9999 -9999 -9999 -9999 -9999 -9999 -9999 -9999 -9999 -9999 -9999 -9999 -9999 -9999 -9999 -9999 -9999 -9999 -9999 -9999 -9999 -9999 -9999 -9999 -9999 -9999 -9999 -9999 -9999 -9999 -9999 -9999 -9999 -9999 -9999 -9999 -9999 -9999 -9999 -9999 -9999 -9999 -9999 -9999 -9999 -9999 -9999 -9999 -9999 -9999 36 36 -9999 -9999 35 35 35 34 34 33 33 33 31 31 30 30 29 28 28 27 26 25 24 24 23 23 22 22 22 22 22 23 23 23 23 22 23 23 23 22 23 23 22 20
-9999 -9999 -9999 -9999 -9999 -9999 -9999 -9999 -9999 -9999 -9999 -9999 -9999 -9999 -9999 -9999 -9999 -9999 -9999 -9999 -9999 -9999 -9999 -9999 -9999 -9999 -9999 -9999 -9999 -9999 -9999 -9999 -9999 -9999 -9999 -9999 -9999 -9999 -9999 -9999 -9999 -9999 -9999 -9999 -9999 -9999 -9999 -9999 -9999 -9999 -9999 -9999 -9999 -9999 -9999 -9999 -9999 -9999 35 34 34 34 33 33 32 31 31 29 29 29 28 27 26 26 25 24 23 22 22 21 21 21 21 22 23 23 23 23 23 23 23 23 22 22 22 21
-9999 -9999 -9999 -9999 -9999 -9999 -9999 -9999 -9999 -9999 -9999 -9999 -9999 -9999 -9999 -9999 -9999 -9999 -9999 -9999 -9999 -9999 -9999 -9999 -9999 -9999 -9999 -9999 -9999 -9999 -9999 -9999 -9999 -9999 -9999 -9999 -9999 -9999 -9999 -9999 -9999 -9999 -9999 -9999 -9999 -9999 -9999 -9999 -9999 -9999 -9999 -9999 -9999 -9999 -9999 -9999 -9999 -9999 35 34 34 34 33 33 33 32 31 30 29 29 28 27 27 26 25 24 23 22 21 21 20 20 20 22 23 23 23 23 23 23 23 23 23 23 23 21
-9999 -9999 -9999 -9999 -9999 -9999 -9999 -9999 -9999 -9999 -9999 -9999 -9999 -9999 -9999 -9999 -9999 -9999 -9999 -9999 -9999 -9999 -9999 -9999 -9999 -9999 -9999 -9999 -9999 -9999 -9999 -9999 -9999 -9999 -9999 -9999 -9999 -9999 -9999 -9999 -9999 -9999 -9999 -9999 -9999 -9999 -9999 -9999 -9999 -9999 -9999 -9999 -9999 -9999 -9999 -9999 -9999 35 35 34 34 34 34 33 33 33 32 30 29 28 28 27 27 26 25 24 23 22 21 20 20 20 20 21 22 22 23 23 24 23 24 24 24 24 24 23
-9999 -9999 -9999 -9999 -9999 -9999 -9999 -9999 -9999 -9999 -9999 -9999 -9999 -9999 -9999 -9999 -9999 -9999 -9999 -9999 -9999 -9999 -9999 -9999 -9999 -9999 -9999 -9999 -9999 -9999 -9999 -9999 -9999 -9999 -9999 -9999 -9999 -9999 -9999 -9999 -9999 -9999 -9999 -9999 -9999 -9999 -9999 -9999 -9999 -9999 -9999 -9999 -9999 -9999 -9999 -9999 -9999 -9999 -9999 -9999 34 34 34 34 34 33 33 32 30 29 28 27 26 26 25 24 22 22 21 20 19 19 19 20 21 22 23 24 24 24 24 25 24 25 25 24
-9999 -9999 -9999 -9999 -9999 -9999 -9999 -9999 -9999 -9999 -9999 -9999 -9999 -9999 -9999 -9999 -9999 -9999 -9999 -9999 -9999 -9999 -9999 -9999 -9999 -9999 -9999 -9999 -9999 -9999 -9999 -9999 -9999 -9999 -9999 -9999 -9999 -9999 -9999 -9999 -9999 -9999 -9999 -9999 -9999 -9999 -9999 -9999 -9999 -9999 -9999 -9999 -9999 -9999 -9999 -9999 -9999 -9999 -9999 -9999 -9999 34 35 35 35 35 34 33 32 31 29 28 26 26 24 23 22 21 20 20 19 18 18 19 20 21 22 24 25 25 25 26 26 25 25 25
-9999 -9999 -9999 -9999 -9999 -9999 -9999 -9999 -9999 -9999 -9999 -9999 -9999 -9999 -9999 -9999 -9999 -9999 -9999 -9999 -9999 -9999 -9999 -9999 -9999 -9999 -9999 -9999 -9999 -9999 -9999 -9999 -9999 -9999 -9999 -9999 -9999 -9999 -9999 -9999 -9999 -9999 -9999 -9999 -9999 -9999 -9999 -9999 -9999 -9999 -9999 -9999 -9999 -9999 -9999 -9999 -9999 -9999 -9999 -9999 -9999 -9999 35 35 35 35 34 33 32 31 29 28 26 25 24 23 22 21 20 19 18 18 18 18 20 21 22 25 26 27 28 28 27 27 26 26
-9999 -9999 -9999 -9999 -9999 -9999 -9999 -9999 -9999 -9999 -9999 -9999 -9999 -9999 -9999 -9999 -9999 -9999 -9999 -9999 -9999 -9999 -9999 -9999 -9999 -9999 -9999 -9999 -9999 -9999 -9999 -9999 -9999 -9999 -9999 -9999 -9999 -9999 -9999 -9999 -9999 -9999 -9999 -9999 -9999 -9999 -9999 -9999 -9999 -9999 -9999 -9999 -9999 -9999 -9999 -9999 -9999 -9999 -9999 -9999 -9999 -9999 -9999 35 35 35 34 33 32 31 29 28 26 25 24 23 22 21 20 19 18 18 18 18 20 21 22 25 26 28 31 30 29 28 25 27
-9999 -9999 -9999 -9999 -9999 -9999 -9999 -9999 -9999 -9999 -9999 -9999 -9999 -9999 -9999 -9999 -9999 -9999 -9999 -9999 -9999 -9999 -9999 -9999 -9999 -9999 -9999 -9999 -9999 -9999 -9999 -9999 -9999 -9999 -9999 -9999 -9999 -9999 -9999 -9999 -9999 -9999 -9999 -9999 -9999 -9999 -9999 -9999 -9999 -9999 -9999 -9999 -9999 -9999 -9999 -9999 -9999 -9999 -9999 -9999 -9999 -9999 -9999 35 35 34 33 32 31 30 29 27 26 25 24 23 22 21 20 19 18 18 18 18 19 21 22 25 27 28 34 35 32 29 26 27
-9999 -9999 -9999 -9999 -9999 -9999 -9999 -9999 -9999 -9999 -9999 -9999 -9999 -9999 -9999 -9999 -9999 -9999 -9999 -9999 -9999 -9999 -9999 -9999 -9999 -9999 -9999 -9999 -9999 -9999 -9999 -9999 -9999 -9999 -9999 -9999 -9999 -9999 -9999 -9999 -9999 -9999 -9999 -9999 -9999 -9999 -9999 -9999 -9999 -9999 -9999 -9999 -9999 -9999 -9999 -9999 -9999 -9999 -9999 -9999 -9999 -9999 -9999 -9999 33 33 33 31 31 30 29 27 26 25 24 22 21 20 20 19 18 18 18 18 18 20 22 24 25 26 35 37 34 32 26 27
-9999 -9999 -9999 -9999 -9999 -9999 -9999 -9999 -9999 -9999 -9999 -9999 -9999 -9999 -9999 -9999 -9999 -9999 -9999 -9999 -9999 -9999 -9999 -9999 -9999 -9999 -9999 -9999 -9999 -9999 -9999 -9999 -9999 -9999 -9999 -9999 -9999 -9999 -9999 -9999 -9999 -9999 -9999 -9999 -9999 -9999 -9999 -9999 -9999 -9999 -9999 -9999 -9999 -9999 -9999 -9999 -9999 -9999 -9999 -9999 -9999 -9999 -9999 -9999 -9999 32 32 31 30 29 28 27 26 24 23 22 21 20 19 19 18 18 18 18 18 21 22 24 22 24 33 36 33 29 28 23
-9999 -9999 -9999 -9999 -9999 -9999 -9999 -9999 -9999 -9999 -9999 -9999 -9999 -9999 -9999 -9999 -9999 -9999 -9999 -9999 -9999 -9999 -9999 -9999 -9999 -9999 -9999 -9999 -9999 -9999 -9999 -9999 -9999 -9999 -9999 -9999 -9999 -9999 -9999 -9999 -9999 -9999 -9999 -9999 -9999 -9999 -9999 -9999 -9999 -9999 -9999 -9999 -9999 -9999 -9999 -9999 -9999 -9999 -9999 -9999 -9999 -9999 -9999 -9999 -9999 32 31 30 29 28 27 26 25 24 23 22 22 21 20 19 19 18 18 18 20 21 23 24 24 23 28 34 33 28 30 26
-9999 -9999 -9999 -9999 -9999 -9999 -9999 -9999 -9999 -9999 -9999 -9999 -9999 -9999 -9999 -9999 -9999 -9999 -9999 -9999 -9999 -9999 -9999 -9999 -9999 -9999 -9999 -9999 -9999 -9999 -9999 -9999 -9999 -9999 -9999 -9999 -9999 -9999 -9999 -9999 -9999 -9999 -9999 -9999 -9999 -9999 -9999 -9999 -9999 -9999 -9999 -9999 -9999 -9999 -9999 -9999 -9999 -9999 -9999 -9999 -9999 -9999 -9999 -9999 31 31 31 30 29 28 27 26 25 24 23 22 21 21 20 20 20 19 19 19 20 21 22 22 23 23 27 30 33 30 28 29
-9999 -9999 -9999 -9999 -9999 -9999 -9999 -9999 -9999 -9999 -9999 -9999 -9999 -9999 -9999 -9999 -9999 -9999 -9999 -9999 -9999 -9999 -9999 -9999 -9999 -9999 -9999 -9999 -9999 -9999 -9999 -9999 -9999 -9999 -9999 -9999 -9999 -9999 -9999 -9999 -9999 -9999 -9999 -9999 -9999 -9999 -9999 -9999 -9999 -9999 -9999 -9999 -9999 -9999 -9999 -9999 -9999 -9999 -9999 -9999 -9999 -9999 -9999 -9999 31 30 30 29 28 27 27 26 25 24 23 22 21 21 20 20 20 20 20 20 20 21 22 21 20 23 26 26 29 30 29 30
-9999 -9999 -9999 -9999 -9999 -9999 -9999 -9999 -9999 -9999 -9999 -9999 -9999 -9999 -9999 -9999 -9999 -9999 -9999 -9999 -9999 -9999 -9999 -9999 -9999 -9999 -9999 -9999 -9999 -9999 -9999 -9999 -9999 -9999 -9999 -9999 -9999 -9999 -9999 -9999 -9999 -9999 -9999 -9999 -9999 -9999 -9999 -9999 -9999 -9999 -9999 -9999 -9999 -9999 -9999 -9999 -9999 -9999 -9999 -9999 -9999 -9999 -9999 -9999 30 30 29 28 28 27 27 26 25 24 23 22 21 21 20 20 20 20 20 20 20 21 22 22 22 23 25 25 23 26 25 26
-9999 -9999 -9999 -9999 -9999 -9999 -9999 -9999 -9999 -9999 -9999 -9999 -9999 -9999 -9999 -9999 -9999 -9999 -9999 -9999 -9999 -9999 -9999 -9999 -9999 -9999 -9999 -9999 -9999 -9999 -9999 -9999 -9999 -9999 -9999 -9999 -9999 -9999 -9999 -9999 -9999 -9999 -9999 -9999 -9999 -9999 -9999 -9999 -9999 -9999 -9999 -9999 -9999 -9999 -9999 -9999 -9999 -9999 -9999 -9999 -9999 -9999 -9999 -9999 30 30 29 28 28 27 26 25 24 23 23 22 21 21 20 20 20 20 20 20 20 21 22 23 23 21 22 23 23 21 24 22
-9999 -9999 -9999 -9999 -9999 -9999 -9999 -9999 -9999 -9999 -9999 -9999 -9999 -9999 -9999 -9999 -9999 -9999 -9999 -9999 -9999 -9999 -9999 -9999 -9999 -9999 -9999 -9999 -9999 -9999 -9999 -9999 -9999 -9999 -9999 -9999 -9999 -9999 -9999 -9999 -9999 -9999 -9999 -9999 -9999 -9999 -9999 -9999 -9999 -9999 -9999 -9999 -9999 -9999 -9999 -9999 -9999 -9999 -9999 -9999 -9999 -9999 -9999 -9999 30 29 29 28 27 26 26 25 24 23 23 22 21 20 20 20 19 19 20 21 21 22 22 23 23 22 21 23 23 21 21 22
-9999 -9999 -9999 -9999 -9999 -9999 -9999 -9999 -9999 -9999 -9999 -9999 -9999 -9999 -9999 -9999 -9999 -9999 -9999 -9999 -9999 -9999 -9999 -9999 -9999 -9999 -9999 -9999 -9999 -9999 -9999 -9999 -9999 -9999 -9999 -9999 -9999 -9999 -9999 -9999 -9999 -9999 -9999 -9999 -9999 -9999 -9999 -9999 -9999 -9999 -9999 -9999 -9999 -9999 -9999 -9999 -9999 -9999 -9999 -9999 -9999 -9999 -9999 -9999 30 29 28 28 27 26 25 24 24 23 23 22 21 21 20 19 19 20 20 21 21 21 22 23 24 24 24 24 23 22 20 23
-9999 -9999 -9999 -9999 -9999 -9999 -9999 -9999 -9999 -9999 -9999 -9999 -9999 -9999 -9999 -9999 -9999 -9999 -9999 -9999 -9999 -9999 -9999 -9999 -9999 -9999 -9999 -9999 -9999 -9999 -9999 -9999 -9999 -9999 -9999 -9999 -9999 -9999 -9999 -9999 -9999 -9999 -9999 -9999 -9999 -9999 -9999 -9999 -9999 -9999 -9999 -9999 -9999 -9999 -9999 -9999 -9999 -9999 -9999 -9999 -9999 -9999 -9999 -9999 30 29 28 28 27 26 25 24 23 23 22 22 21 20 20 20 20 21 21 21 22 22 22 23 23 23 25 24 23 23 24 27
-9999 -9999 -9999 -9999 -9999 -9999 -9999 -9999 -9999 -9999 -9999 -9999 -9999 -9999 -9999 -9999 -9999 -9999 -9999 -9999 -9999 -9999 -9999 -9999 -9999 -9999 -9999 -9999 -9999 -9999 -9999 -9999 -9999 -9999 -9999 -9999 -9999 -9999 -9999 -9999 -9999 -9999 -9999 -9999 -9999 -9999 -9999 -9999 -9999 -9999 -9999 -9999 -9999 -9999 -9999 -9999 -9999 -9999 -9999 -9999 -9999 -9999 -9999 30 29 29 28 27 27 26 25 24 23 23 22 22 21 21 21 21 21 22 22 23 23 24 24 24 24 26 26 25 23 23 28 31
-9999 -9999 -9999 -9999 -9999 -9999 -9999 -9999 -9999 -9999 -9999 -9999 -9999 -9999 -9999 -9999 -9999 -9999 -9999 -9999 -9999 -9999 -9999 -9999 -9999 -9999 -9999 -9999 -9999 -9999 -9999 -9999 -9999 -9999 -9999 -9999 -9999 -9999 -9999 -9999 -9999 -9999 -9999 -9999 -9999 -9999 -9999 -9999 -9999 -9999 -9999 -9999 -9999 -9999 -9999 -9999 -9999 -9999 -9999 -9999 -9999 -9999 -9999 30 29 29 28 28 27 26 25 24 23 22 22 21 21 21 21 21 22 22 23 24 25 25 25 25 27 27 26 26 26 29 32 35
-9999 -9999 -9999 -9999 -9999 -9999 -9999 -9999 -9999 -9999 -9999 -9999 -9999 -9999 -9999 -9999 -9999 -9999 -9999 -9999 -9999 -9999 -9999 44 43 43 43 43 -9999 -9999 -9999 -9999 -9999 -9999 -9999 -9999 -9999 -9999 -9999 -9999 -9999 -9999 -9999 -9999 -9999 -9999 -9999 -9999 -9999 -9999 -9999 -9999 -9999 -9999 -9999 -9999 -9999 -9999 -9999 -9999 -9999 -9999 -9999 30 30 29 29 28 27 26 25 24 23 22 22 21 21 21 21 22 22 23 24 25 26 26 25 24 24 26 28 30 31 33 35 37
-9999 -9999 -9999 -9999 -9999 -9999 -9999 -9999 -9999 -9999 -9999 -9999 -9999 -9999 -9999 -9999 -9999 -9999 -9999 -9999 -9999 -9999 46 45 44 42 42 42 43 42 41 40 39 38 37 37 36 36 37 36 37 -9999 -9999 -9999 -9999 -9999 -9999 -9999 -9999 -9999 37 -9999 -9999 -9999 -9999 -9999 -9999 -9999 -9999 -9999 -9999 -9999 30 30 30 30 29 28 27 25 24 24 23 22 21 21 21 21 21 22 23 24 24 26 28 29 26 24 24 27 32 34 37 37 39 40
-9999 -9999 -9999 -9999 -9999 -9999 -9999 -9999 -9999 -9999 -9999 -9999 -9999 -9999 -9999 -9999 -9999 -9999 48 49 -9999 47 46 45 44 43 42 42 42 42 40 39 38 37 36 37 36 36 36 36 37 37 37 36 38 38 38 38 38 38 37 36 36 37 36 33 32 31 -9999 -9999 28 29 29 29 29 29 28 27 26 25 24 23 23 22 21 21 21 21 21 22 23 24 25 27 26 24 25 27 30 34 37 39 40 40 41 41
-9999 -9999 -9999 -9999 -9999 -9999 -9999 -9999 -9999 -9999 -9999 -9999 -9999 -9999 -9999 -9999 50 50 49 48 47 47 47 46 45 45 44 44 43 42 41 39 39 38 37 36 36 36 36 36 35 35 32 33 35 35 36 36 36 34 33 34 33 35 35 33 31 29 29 28 28 28 28 28 28 28 28 27 26 25 24 22 22 21 21 20 20 20 21 22 22 23 25 27 30 32 34 36 38 39 40 41 41 42 -9999 -9999
-9999 -9999 -9999 -9999 -9999 -9999 -9999 -9999 -9999 -9999 -9999 -9999 -9999 -9999 -9999 -9999 52 50 49 48 48 48 47 46 46 46 45 45 44 43 42 40 40 38 37 36 36 37 36 34 34 33 31 31 33 31 32 33 33 31 30 31 32 33 32 29 29 28 28 28 27 27 27 26 26 24 26 25 23 22 22 21 20 20 19 20 20 20 20 20 21 22 23 25 27 30 29 33 37 40 42 -9999 -9999 -9999 -9999 -9999
-9999 -9999 -9999 -9999 -9999 -9999 -9999 -9999 -9999 -9999 -9999 -9999 -9999 -9999 -9999 -9999 53 51 50 50 49 49 48 48 47 47 47 46 45 45 43 41 40 39 38 37 37 37 37 36 36 35 34 31 32 32 32 32 32 32 32 32 30 30 29 29 28 27 26 26 27 29 29 27 25 23 22 19 20 18 18 18 17 17 17 18 17 17 18 19 18 20 19 21 22 26 25 29 35 39 43 -9999 -9999 -9999 -9999 -9999
-9999 -9999 -9999 -9999 -9999 -9999 -9999 -9999 -9999 -9999 -9999 -9999 -9999 -9999 -9999 -9999 -9999 52 52 51 51 50 50 49 48 48 47 47 45 45 43 44 44 41 40 40 42 42 43 41 40 38 36 35 35 34 34 33 33 32 31 32 31 30 30 29 27 27 26 27 28 30 30 29 28 25 24 21 19 18 17 17 16 17 16 17 17 16 16 16 16 17 17 17 18 20 24 32 39 44 45 -9999 -9999 -9999 -9999 -9999
-9999 -9999 -9999 -9999 -9999 -9999 -9999 -9999 -9999 -9999 -9999 -9999 -9999 -9999 -9999 -9999 -9999 53 52 53 52 51 50 50 49 49 49 49 47 45 47 48 48 45 43 44 45 46 47 45 42 41 38 37 37 36 35 34 33 33 32 32 31 31 31 30 29 28 28 29 30 31 30 30 29 27 26 25 23 22 20 19 19 18 17 16 16 16 16 17 16 16 16 16 17 19 22 26 35 42 43 -9999 -9999 -9999 -9999 -9999
-9999 -9999 -9999 -9999 -9999 -9999 -9999 -9999 -9999 -9999 -9999 -9999 -9999 -9999 -9999 -9999 -9999 53 53 53 54 52 51 52 51 50 50 49 49 49 48 47 45 42 45 47 48 48 48 46 44 42 40 39 39 38 37 36 35 34 33 32 31 30 31 31 30 31 31 31 31 32 32 31 29 27 25 26 25 25 23 22 23 22 20 18 18 17 18 17 19 18 18 19 18 18 19 23 28 34 38 44 -9999 -9999 -9999 -9999
-9999 -9999 -9999 -9999 -9999 -9999 -9999 -9999 -9999 -9999 -9999 -9999 -9999 -9999 -9999 -9999 -9999 -9999 54 54 55 54 52 53 52 51 50 48 48 49 46 43 45 44 46 48 49 49 49 47 46 44 42 41 40 39 38 37 36 35 34 31 29 28 27 28 28 27 28 31 33 33 33 33 32 31 29 30 29 27 26 25 25 25 23 21 21 21 20 20 21 18 19 20 20 21 23 25 30 38 42 41 -9999 -9999 -9999 -9999
-9999 -9999 -9999 -9999 -9999 -9999 -9999 -9999 -9999 -9999 -9999 -9999 -9999 -9999 -9999 -9999 -9999 -9999 54 55 55 54 53 51 51 51 51 50 50 49 46 47 48 48 49 50 50 50 50 48 47 45 44 43 42 40 39 38 37 36 34 33 31 28 27 26 26 26 27 29 32 34 35 34 34 34 33 34 34 35 34 33 31 29 25 24 23 24 23 24 24 23 23 26 25 24 23 25 31 37 42 44 -9999 -9999 -9999 -9999
-9999 -9999 -9999 -9999 -9999 -9999 -9999 -9999 -9999 -9999 -9999 -9999 -9999 -9999 -9999 -9999 -9999 -9999 55 55 55 54 52 52 51 51 52 52 52 51 51 51 51 50 50 50 51 51 51 50 48 46 45 43 43 42 40 39 38 37 35 34 33 31 29 28 28 28 27 29 31 33 35 37 38 35 34 36 35 37 37 35 35 33 30 28 27 27 28 28 27 27 28 28 26 25 24 26 34 36 41 44 -9999 -9999 -9999 -9999
-9999 -9999 -9999 -9999 -9999 -9999 -9999 -9999 -9999 -9999 -9999 -9999 -9999 -9999 -9999 -9999 -9999 -9999 56 55 55 55 53 52 52 52 53 53 53 53 52 53 52 51 51 51 52 53 52 50 49 46 44 44 44 42 41 40 40 39 38 36 35 33 32 30 30 29 29 29 27 29 34 37 40 40 38 38 36 36 38 38 38 37 36 34 34 33 32 30 29 28 30 30 27 26 26 31 38 38 42 -9999 -9999 -9999 -9999 -9999
-9999 -9999 -9999 -9999 -9999 -9999 -9999 -9999 -9999 -9999 -9999 -9999 -9999 -9999 -9999 -9999 -9999 -9999 -9999 56 55 55 55 54 54 54 54 54 54 54 53 53 53 52 52 52 53 54 53 51 49 47 46 45 44 43 42 41 40 39 38 37 37 35 34 33 31 31 31 30 30 32 35 38 40 39 39 40 40 39 38 38 39 39 39 39 37 35 33 30 29 31 31 32 32 34 33 34 40 -9999 -9999 -9999 -9999 -9999 -9999 -9999
-9999 -9999 -9999 -9999 -9999 -9999 -9999 -9999 -9999 -9999 -9999 -9999 -9999 -9999 -9999 -9999 -9999 -9999 -9999 56 56 55 55 55 55 54 55 55 55 54 54 54 53 53 53 53 54 54 53 51 49 48 46 45 44 43 42 41 40 38 38 37 36 35 34 33 33 32 32 33 33 35 36 37 39 38 37 39 41 41 40 40 41 40 41 38 35 33 33 34 31 33 36 36 38 38 39 -9999 -9999 -9999 -9999 -9999 -9999 -9999 -9999 -9999
-9999 -9999 -9999 -9999 -9999 -9999 -9999 -9999 -9999 -9999 -9999 -9999 -9999 -9999 -9999 -9999 -9999 -9999 -9999 56 56 56 56 55 55 56 56 56 55 55 55 54 53 53 53 53 53 53 51 50 48 48 47 46 45 44 43 42 41 40 38 34 34 33 34 34 32 32 34 34 35 36 36 35 36 36 37 38 40 42 42 43 43 42 42 43 38 34 36 41 39 38 38 37 41 -9999 -9999 -9999 -9999 -9999 -9999 -9999 -9999 -9999 -9999 -9999
-9999 -9999 -9999 -9999 -9999 -9999 -9999 -9999 -9999 -9999 -9999 -9999 -9999 -9999 -9999 -9999 -9999 -9999 -9999 56 57 57 56 56 56 56 57 56 56 56 55 54 53 53 53 53 54 55 52 48 48 47 47 47 46 45 44 42 40 38 37 35 36 36 36 36 33 32 31 31 32 33 34 36 35 34 36 36 38 39 41 41 41 41 40 45 42 42 45 46 44 -9999 -9999 -9999 -9999 -9999 -9999 -9999 -9999 -9999 -9999 -9999 -9999 -9999 -9999 -9999
-9999 -9999 -9999 -9999 -9999 -9999 -9999 -9999 -9999 -9999 -9999 -9999 -9999 -9999 -9999 -9999 -9999 -9999 -9999 57 57 56 56 56 56 57 57 56 56 56 55 54 53 53 53 53 53 53 50 47 47 47 47 47 46 45 44 41 37 38 42 42 41 41 39 36 34 33 32 31 31 32 34 36 36 33 34 35 35 36 38 37 38 38 41 43 45 45 -9999 -9999 -9999 -9999 -9999 -9999 -9999 -9999 -9999 -9999 -9999 -9999 -9999 -9999 -9999 -9999 -9999 -9999
-9999 -9999 -9999 -9999 -9999 -9999 -9999 -9999 -9999 -9999 -9999 -9999 -9999 -9999 -9999 -9999 -9999 -9999 -9999 57 57 56 56 56 57 57 57 57 56 56 55 54 54 53 52 52 51 50 49 48 47 46 46 46 47 44 42 39 39 43 46 45 44 43 39 38 37 35 32 31 31 31 31 35 33 32 31 31 31 33 36 34 33 34 43 47 49 49 -9999 -9999 -9999 -9999 -9999 -9999 -9999 -9999 -9999 -9999 -9999 -9999 -9999 -9999 -9999 -9999 -9999 -9999
-9999 -9999 -9999 -9999 -9999 -9999 -9999 -9999 -9999 -9999 -9999 -9999 -9999 -9999 -9999 -9999 -9999 -9999 -9999 58 57 57 56 57 57 57 57 57 56 56 55 55 54 53 51 51 51 50 49 47 45 44 45 45 46 44 43 45 45 48 50 49 47 43 40 39 37 35 33 31 29 28 29 32 34 32 30 29 29 29 33 32 35 41 45 46 50 -9999 -9999 -9999 -9999 -9999 -9999 -9999 -9999 -9999 -9999 -9999 -9999 -9999 -9999 -9999 -9999 -9999 -9999 -9999
-9999 -9999 -9999 -9999 -9999 -9999 -9999 -9999 -9999 -9999 -9999 -9999 -9999 -9999 -9999 -9999 -9999 -9999 58 58 57 57 57 57 57 57 58 57 57 56 55 55 54 52 52 53 52 48 47 46 43 42 43 46 46 48 48 49 48 49 50 50 46 44 43 42 39 38 35 32 29 28 29 30 33 33 29 28 25 27 31 34 40 43 47 -9999 -9999 -9999 -9999 -9999 -9999 -9999 -9999 -9999 -9999 -9999 -9999 -9999 -9999 -9999 -9999 -9999 -9999 -9999 -9999 -9999
-9999 -9999 -9999 -9999 -9999 -9999 -9999 -9999 -9999 -9999 -9999 -9999 -9999 -9999 -9999 -9999 -9999 -9999 58 58 57 57 57 57 58 58 58 58 57 56 56 55 55 54 55 55 52 47 45 45 44 48 48 51 49 50 50 49 49 50 51 49 47 45 44 41 39 37 35 32 30 29 29 29 32 32 31 31 29 30 34 40 43 46 47 -9999 -9999 -9999 -9999 -9999 -9999 -9999 -9999 -9999 -9999 -9999 -9999 -9999 -9999 -9999 -9999 -9999 -9999 -9999 -9999 -9999
-9999 -9999 -9999 -9999 -9999 -9999 -9999 -9999 -9999 -9999 -9999 -9999 -9999 -9999 -9999 -9999 -9999 -9999 60 59 58 57 57 58 58 58 58 58 58 57 57 57 57 56 57 56 54 53 54 56 56 54 53 51 52 52 50 50 50 50 51 49 48 46 43 40 38 37 36 34 31 30 30 30 33 28 29 32 34 36 41 44 46 49 -9999 -9999 -9999 -9999 -9999 -9999 -9999 -9999 -9999 -9999 -9999 -9999 -9999 -9999 -9999 -9999 -9999 -9999 -9999 -9999 56 56
-9999 -9999 -9999 -9999 -9999 -9999 -9999 -9999 -9999 -9999 -9999 -9999 -9999 -9999 -9999 -9999 -9999 -9999 61 60 59 58 58 58 58 58 58 58 58 58 58 57 57 57 57 56 57 58 57 57 56 55 54 53 53 52 51 51 51 51 49 48 47 45 43 41 40 38 36 35 34 33 31 32 32 32 30 31 37 39 45 50 49 -9999 -9999 -9999 -9999 -9999 -9999 -9999 -9999 -9999 -9999 -9999 -9999 -9999 -9999 -9999 52 50 54 54 -9999 -9999 57 56
-9999 -9999 -9999 -9999 -9999 -9999 -9999 -9999 -9999 -9999 -9999 -9999 -9999 -9999 -9999 -9999 -9999 63 62 61 60 60 59 59 59 59 59 59 59 59 58 58 58 58 58 58 57 57 56 56 55 55 53 52 52 52 50 49 49 49 49 49 47 46 44 42 41 39 38 36 35 34 34 33 33 36 37 39 40 44 50 51 -9999 -9999 -9999 -9999 -9999 -9999 -9999 -9999 -9999 -9999 -9999 -9999 -9999 -9999 55 50 49 52 55 55 55 -9999 -9999 -9999
-9999 -9999 -9999 -9999 -9999 -9999 -9999 -9999 -9999 -9999 -9999 -9999 -9999 -9999 -9999 -9999 -9999 64 63 61 61 61 61 60 60 60 60 59 59 59 58 58 58 58 58 58 58 56 55 53 53 54 52 51 50 49 49 48 49 49 49 48 48 47 45 44 42 41 39 38 37 36 36 35 36 34 38 45 49 52 54 -9999 -9999 -9999 -9999 -9999 -9999 -9999 -9999 -9999 -9999 -9999 -9999 -9999 -9999 55 53 53 55 54 55 55 56 -9999 -9999 -9999
-9999 -9999 -9999 -9999 -9999 -9999 -9999 -9999 -9999 -9999 -9999 -9999 -9999 -9999 -9999 67 67 66 64 64 64 63 62 62 61 60 60 59 59 58 59 58 58 58 58 58 58 56 55 54 55 55 55 54 52 51 51 49 48 49 49 49 49 47 46 45 44 43 41 40 39 39 39 40 40 38 38 45 50 54 55 -9999 -9999 -9999 -9999 -9999 -9999 -9999 -9999 -9999 -9999 -9999 -9999 -9999 -9999 -9999 57 56 55 55 56 56 -9999 -9999 -9999 -9999
