resultados/variables_proyeccion_tiempo/variables_paleo_130k/bio10.asc
ncols 330
nrows 228
xllcorner -12.000000
yllcorner 34.000000
cellsize 0.166667
NODATA_value -9999
[rows 123 to 163 of 228, columns 184 to 275 of 330]
212 212 212 210 208 207 207 206 204 204 203 203 205 205 206 207 208 209 210 212 212 213 213 213 213 213 213 213 214 214 214 214 213 213 213 214 214 214 214 215 215 214 215 215 215 216 217 217 217 217 217 217 217 216 216 217 217 215 216 217 218 218 219 219 220 221 222 223 224 225 225 226 225 225 225 227 227 227 227 227 227 227 228 227 227 227 227 226 226 225 225 224
210 210 210 209 207 207 205 205 204 202 200 197 199 203 204 206 208 209 212 213 211 211 211 212 212 212 212 211 211 212 213 212 212 213 212 213 214 214 214 215 214 214 215 215 216 217 217 217 217 217 216 216 216 216 216 216 217 216 217 218 219 220 221 222 222 223 224 224 225 226 227 227 226 227 228 228 228 228 228 228 228 228 228 228 228 228 228 228 227 227 227 226
208 208 208 207 206 205 204 203 202 201 198 196 195 199 202 204 206 209 212 211 211 210 211 210 209 209 210 208 208 210 211 212 212 212 213 213 214 214 214 215 215 215 215 216 216 216 217 217 217 217 216 216 217 217 216 217 217 218 218 219 220 221 221 222 222 223 224 225 226 227 228 228 228 229 228 229 229 229 230 229 229 229 229 229 229 229 228 228 228 227 227 227
206 206 207 206 207 205 205 203 202 200 198 196 194 195 200 203 207 209 210 210 209 208 208 207 207 206 206 206 206 206 209 210 212 212 212 212 213 214 214 214 215 215 215 216 216 216 217 217 217 217 216 216 216 217 217 217 217 218 218 219 220 221 221 222 222 223 224 226 227 227 229 230 230 230 230 231 231 231 231 231 231 230 230 230 230 230 229 229 228 228 228 228
206 205 205 204 203 204 204 202 201 201 201 200 199 199 200 201 205 208 210 213 211 209 207 205 205 206 206 204 205 207 209 210 211 211 212 211 212 212 213 214 214 214 215 216 216 216 217 217 216 217 217 217 217 217 217 217 218 218 218 219 220 221 222 223 224 225 225 226 227 229 231 231 232 231 231 231 231 231 231 232 232 231 230 231 230 231 230 230 231 231 230 229
208 206 205 204 200 200 202 201 201 202 204 204 204 205 207 208 210 212 213 213 213 211 210 208 207 204 202 201 202 206 208 209 210 212 211 211 212 212 213 214 215 215 214 216 215 216 216 217 216 216 217 217 217 217 218 218 218 218 219 220 220 221 222 223 225 224 225 226 227 229 229 233 232 232 232 233 232 232 233 233 233 233 233 233 233 232 232 232 233 231 231 231
209 209 208 207 203 198 197 199 200 202 204 208 209 210 213 214 214 213 212 211 211 212 211 209 208 207 205 201 202 206 208 209 210 212 212 211 212 214 214 215 214 214 216 214 214 215 216 218 216 217 217 217 218 218 218 218 218 218 219 219 220 221 223 224 224 224 225 226 227 229 229 233 232 233 234 234 234 233 234 234 234 234 235 234 233 233 233 234 234 232 233 232
212 212 213 210 205 198 194 198 203 205 209 211 215 216 216 215 214 212 210 210 209 209 210 210 208 207 207 205 202 205 208 210 211 212 213 212 213 214 215 215 215 215 216 213 213 215 217 217 217 217 217 217 217 218 218 218 218 219 220 220 221 222 222 223 224 224 225 227 227 228 229 233 234 234 234 235 235 235 235 235 235 236 236 236 235 235 235 236 236 234 235 234
212 214 215 213 209 205 203 205 207 210 213 215 217 218 216 214 213 211 209 209 209 208 209 210 211 209 208 207 206 203 207 209 211 212 213 213 213 214 215 214 213 214 212 212 215 215 215 215 217 216 215 216 217 218 218 218 219 219 220 220 221 221 222 222 223 224 225 226 226 227 229 230 232 233 235 235 236 236 236 236 236 237 237 238 237 236 238 238 236 236 237 236
212 214 213 211 209 206 206 204 205 210 210 212 215 215 212 211 208 205 205 204 203 201 203 206 209 211 210 209 208 206 205 206 209 211 212 214 214 211 209 208 209 211 211 213 215 215 216 215 215 216 216 216 217 218 219 218 218 218 219 220 220 221 221 222 223 224 224 225 227 227 228 229 230 231 232 234 235 236 237 237 237 238 238 239 239 239 240 237 238 239 238 238
206 196 197 199 191 197 193 194 194 196 199 206 208 209 208 209 210 208 204 202 198 199 200 201 207 210 209 209 208 208 208 207 206 210 210 210 208 209 208 208 210 210 210 212 213 214 214 215 215 216 216 216 217 217 217 217 218 218 218 219 219 220 221 222 222 223 224 226 226 228 229 230 231 232 233 234 234 237 238 239 238 238 239 240 241 241 240 240 240 239 239 238
194 186 188 180 177 174 185 189 180 178 193 206 202 196 198 195 197 201 200 200 199 196 191 191 200 205 206 208 208 209 210 209 206 208 207 209 208 209 209 209 210 212 213 212 214 215 215 215 215 215 215 216 216 217 218 218 219 220 219 219 219 219 220 222 223 223 224 225 225 226 226 229 230 231 233 234 236 238 239 240 241 240 240 240 242 242 242 242 241 240 240 240
192 186 179 175 180 187 185 184 185 185 188 178 187 182 186 191 195 196 192 187 189 191 192 189 189 193 199 204 207 209 210 212 212 212 212 211 210 210 209 210 212 213 214 214 213 215 215 215 215 216 216 217 217 218 218 218 219 220 221 221 221 220 220 221 222 223 223 223 223 225 225 227 228 230 233 234 236 238 238 239 241 242 242 241 243 243 243 243 242 242 243 243
201 188 175 181 183 171 147 147 143 153 181 180 184 187 185 199 207 208 203 197 187 179 183 185 186 189 188 191 195 204 209 210 212 213 213 215 215 211 211 210 212 213 214 215 216 215 216 217 216 217 216 217 217 216 217 218 219 219 220 221 222 222 222 221 222 222 222 222 222 223 225 226 228 230 230 233 235 236 238 240 239 241 243 243 244 245 244 244 244 245 245 244
180 193 186 180 184 185 176 169 158 177 186 177 182 187 200 205 208 212 212 209 203 193 183 179 177 183 186 178 186 196 202 207 207 211 213 214 216 216 213 212 213 213 216 216 218 218 216 218 217 217 219 218 218 219 219 219 219 221 222 222 222 222 222 223 223 222 222 222 222 222 225 226 228 231 232 233 235 237 237 239 239 238 240 242 244 244 244 246 246 246 246 245
192 190 167 169 160 155 163 165 158 169 182 193 193 194 199 211 194 213 220 216 202 200 208 197 187 178 184 181 185 178 186 198 205 208 207 212 216 216 217 215 215 215 217 218 218 220 219 219 218 218 220 220 220 221 220 220 221 221 222 224 224 224 224 223 224 223 222 221 221 222 224 227 230 232 233 234 235 236 237 238 238 240 240 240 241 243 243 244 244 246 247 247
193 180 189 197 183 186 183 175 186 183 196 183 187 194 198 215 214 208 226 226 227 217 206 208 196 191 193 184 184 179 174 173 188 198 206 211 214 216 216 218 216 218 219 220 221 221 222 223 220 220 222 223 223 223 223 223 223 223 223 223 224 225 226 225 225 223 223 222 221 222 225 228 231 234 235 236 237 238 238 239 239 240 239 240 242 243 244 243 243 245 245 247
204 202 205 204 193 184 191 201 206 215 210 208 210 218 221 223 211 222 229 230 231 230 223 215 205 207 201 184 191 181 170 165 167 178 191 202 208 213 216 218 219 220 221 223 224 223 224 225 225 224 224 225 226 226 225 225 226 225 224 224 224 225 225 226 227 226 226 224 224 225 228 230 233 234 235 236 237 237 238 239 241 242 241 242 243 244 246 246 245 245 246 247
205 198 205 193 199 214 220 219 220 224 220 221 225 224 224 221 212 225 229 232 232 232 231 230 227 215 203 211 193 192 175 172 170 172 171 188 195 208 214 219 222 222 224 222 220 222 224 226 226 224 223 224 225 228 229 228 229 229 228 227 226 225 227 227 228 228 229 228 227 229 230 233 235 237 238 238 239 239 239 240 241 242 244 244 244 244 245 247 247 247 248 249
222 220 215 211 221 224 223 219 224 226 224 227 231 230 229 224 227 233 233 233 233 233 233 231 230 228 225 214 218 203 193 187 169 170 180 176 177 191 204 211 214 216 218 222 225 227 227 227 228 228 227 227 227 228 229 229 231 233 232 231 228 227 227 228 229 229 230 231 232 233 234 235 237 240 240 240 240 240 240 240 242 243 245 245 244 245 246 247 249 249 250 249
231 229 227 230 229 227 223 220 223 221 210 209 230 235 234 235 234 234 234 234 233 233 233 233 232 231 228 217 222 219 213 205 191 186 175 160 179 191 192 191 202 212 215 217 218 223 226 228 229 229 231 229 230 230 231 232 232 231 234 236 233 229 230 229 230 231 232 233 234 235 236 239 241 242 242 242 241 241 241 241 244 246 247 246 245 247 249 249 250 251 251 251
233 217 228 229 227 225 222 212 222 228 227 229 235 237 237 236 235 234 234 233 233 233 234 234 233 232 230 226 218 196 200 214 204 186 170 166 165 176 181 184 190 201 211 215 217 220 226 229 230 231 232 233 231 232 234 234 235 234 232 231 233 233 233 232 231 232 233 234 235 237 239 241 243 244 245 244 244 246 245 245 246 247 249 249 248 248 250 252 252 252 253 254
235 227 236 234 232 235 233 233 235 236 237 237 238 238 237 237 236 234 233 233 233 234 235 235 234 233 231 229 214 200 187 198 203 206 195 180 170 161 170 177 185 189 198 215 218 217 222 227 231 231 233 236 235 235 235 236 236 235 236 232 232 234 236 234 234 233 235 236 237 238 239 241 243 245 247 248 247 248 248 248 249 249 251 250 250 250 251 253 252 253 254 255
236 231 243 235 233 237 238 239 239 238 239 239 239 238 238 238 236 234 234 235 235 236 236 236 234 231 224 226 228 225 211 199 191 186 191 169 165 158 169 177 183 194 197 208 215 219 221 224 225 232 234 236 239 238 238 237 239 238 239 240 236 235 237 237 237 235 236 238 239 241 242 243 244 245 247 250 250 249 250 250 251 251 252 251 251 252 252 253 253 253 253 256
240 240 244 240 236 237 239 240 240 240 240 240 240 239 239 239 238 237 237 238 238 237 235 231 231 229 227 228 219 216 212 210 205 198 200 185 191 186 177 179 178 180 191 197 210 218 219 222 220 229 235 238 239 241 240 239 237 238 238 240 241 238 240 240 239 237 239 239 241 242 243 245 244 247 248 249 251 252 252 251 252 254 252 252 252 253 252 253 254 254 254 256
243 244 244 242 240 238 239 240 241 240 240 240 240 240 240 240 240 240 241 241 239 237 232 231 229 228 225 226 221 219 218 215 216 216 213 208 195 184 176 172 175 175 185 185 196 210 220 221 225 228 236 238 241 242 244 241 234 236 237 238 238 239 243 243 241 239 241 241 242 243 243 245 247 247 247 248 250 251 253 253 253 254 253 253 253 254 254 254 253 254 255 257
243 244 244 243 241 239 239 240 241 241 241 241 241 241 241 241 241 242 242 241 238 235 223 218 220 220 220 224 218 216 217 221 215 218 216 212 186 174 170 161 176 177 177 196 194 201 215 221 225 228 231 233 236 240 240 245 242 236 234 238 240 242 245 245 245 242 242 243 243 245 245 245 246 248 249 250 251 252 253 255 255 255 254 254 254 254 253 253 253 254 256 255
242 243 244 243 242 240 240 241 241 241 241 242 242 241 242 242 242 243 243 240 236 230 215 215 207 211 218 218 215 215 221 219 218 216 217 213 209 199 187 183 193 181 185 187 199 205 218 221 223 230 227 232 235 235 237 236 245 242 239 238 241 243 244 245 246 247 244 246 243 245 247 247 247 249 251 250 252 253 254 255 255 254 254 254 254 254 254 254 254 255 255 255
242 243 244 243 242 241 241 241 241 241 241 241 242 241 242 243 243 244 244 242 240 238 229 193 175 193 196 203 213 213 217 219 219 218 218 217 216 207 185 172 195 188 173 182 182 189 210 225 225 231 228 230 234 239 239 238 244 245 242 241 241 243 245 244 246 249 249 248 245 245 247 248 248 249 250 252 253 254 254 255 254 254 254 254 254 255 255 255 255 254 254 255
243 244 244 243 242 241 241 241 241 241 241 241 242 242 242 243 244 244 244 243 231 216 231 209 175 177 171 174 198 210 218 221 221 221 220 221 218 211 203 183 181 185 193 181 181 184 199 220 224 234 230 229 234 235 241 240 243 249 245 243 243 242 244 246 245 245 247 250 249 246 246 248 250 250 251 252 253 253 254 254 254 255 255 255 255 255 255 255 254 254 254 255
244 245 244 242 240 240 241 241 241 241 241 241 242 242 242 243 243 243 244 242 240 226 219 212 184 196 189 189 200 207 223 224 223 223 223 221 220 215 209 200 199 174 199 187 180 191 210 217 225 232 233 233 234 238 242 243 246 249 244 245 245 246 244 246 245 246 245 246 250 250 247 248 249 -9999 -9999 -9999 -9999 254 255 255 255 255 254 254 254 254 255 254 254 254 254 254
244 244 241 241 240 241 241 241 241 241 242 242 242 242 242 243 243 242 233 235 229 231 226 230 217 209 202 191 197 218 228 225 224 223 221 220 218 217 212 211 206 198 184 202 193 182 202 221 230 230 238 238 240 243 244 244 250 248 245 248 247 246 246 248 247 248 247 248 248 250 249 249 250 -9999 -9999 -9999 -9999 253 254 254 254 254 254 253 253 254 254 255 255 255 255 256
243 244 242 242 241 242 242 242 242 242 242 242 243 243 242 242 241 240 236 236 235 229 228 221 225 220 212 210 214 231 227 226 224 222 219 216 215 212 212 215 211 213 205 195 204 204 194 204 220 225 237 243 245 246 242 243 252 247 246 250 249 246 247 250 250 250 249 250 249 249 251 250 -9999 -9999 -9999 -9999 -9999 -9999 -9999 -9999 254 254 254 254 254 254 254 255 255 255 256 257
243 243 243 242 242 243 243 243 244 243 243 243 243 244 243 242 240 238 239 239 239 238 234 233 229 233 225 231 229 227 227 223 222 218 218 218 216 216 217 217 206 214 206 209 216 201 183 199 221 227 239 247 249 247 244 248 252 250 249 252 248 248 251 250 251 252 251 251 251 250 251 -9999 -9999 -9999 -9999 -9999 -9999 -9999 -9999 -9999 -9999 -9999 -9999 -9999 -9999 -9999 -9999 -9999 255 256 256 256
242 244 244 243 243 243 244 245 245 245 244 245 245 245 245 245 244 243 244 242 238 227 210 201 215 233 232 217 199 195 190 204 217 222 222 218 216 216 214 212 212 219 218 211 209 187 171 188 215 227 243 251 253 252 250 250 255 250 251 252 251 252 252 253 252 252 253 253 253 -9999 -9999 -9999 -9999 -9999 -9999 -9999 -9999 -9999 -9999 -9999 -9999 -9999 -9999 -9999 -9999 253 253 253 253 254 255 256
243 244 244 244 244 244 246 247 247 246 246 247 246 246 245 244 243 241 239 240 239 220 214 208 217 228 218 195 169 168 155 161 174 205 177 154 143 151 166 186 207 194 197 188 194 189 186 194 213 232 244 253 255 255 254 253 257 253 253 254 253 254 254 254 254 254 254 253 -9999 -9999 -9999 -9999 -9999 -9999 -9999 -9999 -9999 -9999 -9999 -9999 -9999 -9999 -9999 250 251 250 250 251 251 252 253 255
245 245 245 244 244 245 247 248 248 248 248 248 247 247 245 244 242 240 235 235 232 236 208 183 177 169 193 204 198 158 158 182 190 209 197 183 177 167 178 179 153 175 177 182 194 209 215 224 232 236 248 253 255 257 258 257 258 258 256 256 255 255 256 256 255 255 255 -9999 -9999 -9999 -9999 -9999 -9999 -9999 -9999 -9999 -9999 -9999 -9999 -9999 -9999 -9999 249 247 246 248 250 250 250 251 252 254
244 244 243 242 242 243 244 247 249 249 250 250 249 248 246 244 242 238 232 225 204 218 204 161 170 177 192 192 205 189 187 181 189 212 217 215 214 213 211 192 191 201 205 215 224 228 231 238 244 247 252 254 256 257 258 258 258 253 253 256 257 256 256 256 255 255 255 -9999 -9999 -9999 -9999 -9999 -9999 -9999 -9999 -9999 -9999 -9999 -9999 -9999 -9999 -9999 -9999 249 250 -9999 251 250 252 253 253 252
244 244 244 243 241 238 238 241 246 249 252 252 249 247 246 244 240 242 226 212 197 220 203 193 215 223 234 239 237 235 231 228 232 235 234 227 226 228 223 224 226 228 230 237 240 241 240 244 252 253 254 256 256 257 258 259 258 254 248 251 253 254 255 256 255 255 255 -9999 -9999 -9999 -9999 -9999 -9999 -9999 -9999 -9999 -9999 -9999 -9999 -9999 -9999 -9999 -9999 -9999 -9999 -9999 -9999 252 253 252 251 249
243 244 244 244 243 244 245 246 248 250 255 255 252 247 243 244 244 239 227 221 225 215 220 218 229 240 243 245 241 240 238 237 239 244 235 231 234 237 234 235 239 242 244 247 250 252 253 254 254 254 255 256 256 257 258 259 258 252 244 250 253 256 256 255 255 254 -9999 -9999 -9999 -9999 -9999 -9999 -9999 -9999 -9999 -9999 -9999 -9999 -9999 -9999 -9999 -9999 -9999 -9999 -9999 -9999 -9999 -9999 -9999 251 248 244
235 239 242 243 243 244 245 246 248 250 253 252 253 250 248 246 242 241 227 227 217 217 237 233 238 242 243 246 247 245 242 244 243 248 242 240 241 242 244 245 246 248 250 252 254 255 256 256 255 256 256 256 257 257 258 258 256 251 244 249 254 255 256 255 255 254 -9999 -9999 -9999 -9999 -9999 -9999 -9999 -9999 -9999 -9999 -9999 -9999 -9999 -9999 -9999 -9999 -9999 -9999 -9999 -9999 -9999 -9999 -9999 247 244 238
