resultados/variables_proyeccion_tiempo/variables_paleo_130k/bio15.asc
ncols 330
nrows 228
xllcorner -12.000000
yllcorner 34.000000
cellsize 0.166667
NODATA_value -9999
[rows 98 to 146 of 228, columns 96 to 191 of 330]
-9999 -9999 -9999 -9999 -9999 -9999 -9999 -9999 -9999 -9999 -9999 -9999 -9999 -9999 -9999 -9999 -9999 -9999 -9999 -9999 -9999 -9999 -9999 -9999 41 41 40 39 37 34 33 33 33 33 33 33 33 33 33 33 33 34 34 33 32 32 31 31 31 31 31 31 32 32 32 32 31 31 31 31 31 32 33 -9999 -9999 -9999 -9999 -9999 -9999 -9999 -9999 -9999 -9999 -9999 -9999 -9999 -9999 -9999 -9999 -9999 -9999 -9999 -9999 -9999 -9999 -9999 -9999 -9999 -9999 -9999 -9999 -9999 -9999 -9999 -9999 -9999
-9999 -9999 -9999 -9999 -9999 -9999 -9999 -9999 -9999 -9999 -9999 -9999 -9999 -9999 -9999 -9999 -9999 -9999 -9999 -9999 -9999 -9999 -9999 -9999 -9999 41 40 39 37 34 33 33 33 33 33 32 32 32 33 33 33 -9999 32 32 31 31 31 30 30 31 31 -9999 34 33 32 31 31 31 31 31 32 32 -9999 -9999 -9999 -9999 -9999 -9999 -9999 -9999 -9999 -9999 -9999 -9999 -9999 -9999 -9999 -9999 -9999 -9999 -9999 -9999 -9999 -9999 -9999 -9999 -9999 -9999 -9999 -9999 -9999 -9999 -9999 -9999 -9999 -9999
-9999 -9999 -9999 -9999 -9999 -9999 -9999 -9999 -9999 -9999 -9999 -9999 -9999 -9999 -9999 -9999 -9999 -9999 -9999 -9999 -9999 -9999 -9999 -9999 -9999 -9999 39 39 37 34 33 32 32 32 32 32 31 32 32 31 32 33 32 31 31 31 31 30 30 31 31 -9999 -9999 -9999 -9999 -9999 -9999 -9999 -9999 -9999 -9999 -9999 -9999 -9999 34 35 36 -9999 -9999 -9999 -9999 -9999 -9999 -9999 -9999 -9999 -9999 -9999 -9999 -9999 -9999 -9999 -9999 -9999 -9999 -9999 -9999 -9999 -9999 -9999 -9999 -9999 -9999 -9999 -9999 -9999
-9999 -9999 -9999 -9999 -9999 -9999 -9999 -9999 -9999 -9999 -9999 -9999 -9999 -9999 -9999 -9999 -9999 -9999 -9999 -9999 -9999 -9999 -9999 -9999 -9999 -9999 38 38 36 34 33 32 31 31 31 31 32 31 32 31 32 32 31 31 29 31 30 29 29 30 30 30 -9999 -9999 -9999 -9999 -9999 -9999 -9999 -9999 -9999 -9999 -9999 -9999 35 35 35 -9999 -9999 -9999 -9999 -9999 -9999 -9999 -9999 -9999 -9999 -9999 -9999 -9999 -9999 -9999 -9999 -9999 -9999 -9999 -9999 -9999 -9999 -9999 -9999 -9999 -9999 -9999 -9999 -9999
-9999 -9999 -9999 -9999 -9999 -9999 -9999 -9999 -9999 -9999 -9999 -9999 -9999 -9999 -9999 -9999 -9999 -9999 -9999 -9999 -9999 -9999 -9999 -9999 -9999 37 37 36 36 34 33 32 31 31 31 30 30 31 31 32 32 32 29 28 28 28 28 28 29 29 30 30 -9999 -9999 -9999 -9999 -9999 -9999 -9999 -9999 -9999 -9999 -9999 -9999 -9999 -9999 -9999 -9999 -9999 -9999 -9999 -9999 -9999 -9999 -9999 -9999 -9999 -9999 -9999 -9999 -9999 -9999 -9999 -9999 -9999 44 -9999 -9999 -9999 -9999 -9999 -9999 -9999 -9999 -9999 40
-9999 -9999 -9999 -9999 -9999 -9999 -9999 -9999 -9999 -9999 -9999 -9999 -9999 -9999 -9999 -9999 -9999 -9999 -9999 -9999 -9999 -9999 -9999 -9999 -9999 36 36 36 36 35 34 33 31 29 29 29 29 -9999 31 32 31 30 28 27 27 27 27 28 28 -9999 -9999 -9999 -9999 -9999 -9999 34 33 -9999 -9999 -9999 -9999 -9999 -9999 -9999 -9999 -9999 -9999 -9999 -9999 -9999 -9999 -9999 -9999 -9999 -9999 -9999 -9999 -9999 39 40 40 40 40 40 42 43 44 45 46 -9999 -9999 -9999 -9999 -9999 -9999 40
-9999 -9999 -9999 -9999 -9999 -9999 -9999 -9999 -9999 -9999 -9999 -9999 -9999 -9999 -9999 -9999 -9999 -9999 -9999 -9999 -9999 -9999 -9999 -9999 -9999 35 35 35 35 35 35 33 31 28 28 28 29 -9999 -9999 -9999 -9999 -9999 27 27 27 27 27 27 -9999 -9999 -9999 -9999 -9999 -9999 32 33 33 31 30 -9999 -9999 -9999 -9999 -9999 -9999 -9999 -9999 -9999 -9999 -9999 -9999 -9999 -9999 -9999 39 39 39 39 39 39 39 39 39 40 42 43 45 45 45 -9999 -9999 -9999 -9999 -9999 40 40
-9999 -9999 -9999 -9999 -9999 -9999 -9999 -9999 -9999 -9999 -9999 -9999 -9999 -9999 -9999 -9999 -9999 -9999 -9999 -9999 -9999 -9999 -9999 -9999 -9999 -9999 34 34 34 34 35 33 30 28 28 28 28 28 27 27 -9999 26 26 26 -9999 -9999 -9999 -9999 -9999 -9999 30 30 31 31 31 32 32 31 31 -9999 -9999 -9999 -9999 -9999 -9999 -9999 -9999 -9999 -9999 -9999 -9999 -9999 -9999 39 39 39 39 38 38 38 38 38 38 40 42 43 46 47 50 51 48 45 43 42 41 40
-9999 -9999 -9999 -9999 -9999 -9999 -9999 -9999 -9999 -9999 -9999 -9999 -9999 -9999 -9999 -9999 -9999 -9999 -9999 -9999 -9999 -9999 -9999 -9999 -9999 -9999 -9999 33 33 33 33 32 30 28 28 27 28 27 27 26 25 26 26 -9999 -9999 -9999 -9999 27 28 29 30 31 31 31 31 31 31 31 31 -9999 -9999 -9999 -9999 -9999 -9999 -9999 -9999 -9999 -9999 37 37 38 39 40 39 38 38 38 37 37 37 38 38 40 42 44 47 49 51 52 49 45 42 40 40 40
-9999 -9999 -9999 -9999 -9999 -9999 -9999 -9999 -9999 -9999 -9999 -9999 -9999 -9999 -9999 -9999 -9999 -9999 -9999 -9999 -9999 -9999 -9999 -9999 -9999 -9999 -9999 -9999 31 32 31 30 29 28 27 27 27 26 26 25 25 25 25 25 26 26 26 27 28 30 31 32 32 32 31 31 30 30 30 31 31 -9999 -9999 33 33 33 34 35 36 36 37 38 39 39 38 37 37 37 37 37 37 38 39 41 43 45 47 49 51 51 48 45 42 41 40 40
-9999 -9999 -9999 -9999 -9999 -9999 -9999 -9999 -9999 -9999 -9999 -9999 -9999 -9999 -9999 -9999 -9999 -9999 -9999 -9999 -9999 -9999 -9999 -9999 -9999 -9999 31 30 30 30 30 29 28 27 27 26 26 26 25 25 24 25 25 25 26 26 26 28 29 31 32 34 34 33 32 31 30 30 30 30 31 31 31 32 33 33 34 34 35 36 36 37 38 38 37 37 36 37 37 37 38 39 40 42 44 45 47 49 50 49 47 44 42 41 41 41
-9999 -9999 -9999 -9999 -9999 -9999 -9999 -9999 -9999 -9999 -9999 -9999 -9999 -9999 -9999 -9999 -9999 29 29 28 29 28 28 28 29 29 30 30 30 29 28 28 27 27 26 26 26 25 25 25 25 24 24 25 25 26 27 28 30 31 33 35 34 33 32 31 31 31 31 31 31 31 32 32 33 33 34 34 35 35 36 36 36 37 37 36 37 37 38 38 39 40 41 43 44 46 47 48 49 49 47 45 43 42 42 41
-9999 -9999 -9999 -9999 -9999 -9999 -9999 -9999 -9999 -9999 -9999 -9999 -9999 30 29 29 29 29 28 28 28 28 28 28 28 29 29 29 28 28 27 27 27 26 26 26 26 26 26 25 25 25 25 25 25 26 27 28 29 31 32 33 33 32 32 32 31 30 31 31 32 32 32 32 34 34 34 34 34 35 35 36 36 36 37 37 37 37 38 39 40 41 42 44 45 46 48 48 49 48 46 45 44 43 43 42
-9999 -9999 -9999 -9999 -9999 -9999 34 34 33 32 31 30 30 29 28 28 27 27 27 27 27 26 26 27 27 27 28 28 27 27 27 26 26 25 25 25 26 27 28 27 26 26 26 26 26 27 27 28 29 30 31 32 33 32 32 31 30 30 30 31 31 32 32 33 34 34 34 34 34 35 36 36 36 36 37 37 38 38 39 40 41 42 43 45 46 47 48 49 49 48 47 46 45 44 43 43
-9999 -9999 -9999 -9999 -9999 36 35 -9999 32 31 30 29 29 28 27 27 27 26 26 26 26 26 26 26 25 26 26 26 26 27 26 26 26 25 25 25 26 28 29 28 27 27 27 27 27 27 28 28 29 29 30 31 32 32 32 31 30 30 30 31 31 32 33 33 34 35 35 35 35 36 36 37 37 37 37 38 39 39 40 41 42 43 44 46 47 48 49 49 49 48 48 47 46 45 44 44
-9999 -9999 -9999 -9999 36 36 -9999 -9999 31 31 30 29 28 27 26 26 26 25 25 25 25 24 25 25 24 25 25 25 26 26 26 26 26 25 25 25 25 26 27 28 27 26 27 27 28 28 29 29 29 29 30 31 31 31 31 31 31 31 31 31 32 33 34 34 34 35 35 35 36 36 37 37 38 38 38 39 40 40 41 42 44 45 46 47 48 49 50 51 50 49 48 47 46 46 45 45
-9999 -9999 -9999 -9999 36 35 34 -9999 30 30 29 28 26 26 25 24 24 24 24 24 24 24 23 23 23 23 24 24 25 26 26 25 25 25 25 25 26 26 26 27 27 27 28 28 28 29 29 30 30 30 30 31 30 30 30 30 31 30 31 31 32 33 34 34 34 35 35 36 36 37 37 38 39 39 40 40 41 41 43 44 44 46 46 48 49 50 50 51 51 50 49 48 47 47 47 47
-9999 -9999 -9999 34 35 34 32 31 -9999 28 27 26 26 25 24 24 23 23 23 23 23 23 23 23 22 22 23 23 24 24 25 25 26 26 26 26 26 26 26 26 27 27 28 28 29 29 29 30 30 31 30 31 30 30 30 30 30 30 30 31 33 34 34 35 35 36 36 37 37 38 38 39 40 40 41 41 42 43 44 45 45 46 47 48 49 50 50 51 51 50 49 48 48 47 47 47
-9999 -9999 -9999 33 33 32 31 30 27 27 26 25 25 24 23 23 22 22 22 22 21 22 21 21 21 21 22 23 23 24 25 25 25 26 26 27 27 27 27 27 27 28 29 28 29 29 29 30 30 30 31 30 30 30 29 29 30 30 30 31 32 34 35 36 37 37 37 37 38 38 39 39 40 41 41 42 43 44 45 45 46 47 48 49 49 50 51 51 51 51 50 49 49 48 48 48
-9999 -9999 -9999 32 31 30 29 27 26 26 25 24 24 23 23 22 21 21 21 21 21 21 20 19 20 20 21 22 23 23 24 24 25 26 26 26 27 27 28 28 28 29 30 30 29 29 30 31 31 31 31 30 30 29 29 29 30 31 31 32 32 33 35 37 37 37 36 36 37 38 39 40 40 41 42 43 44 45 45 46 47 48 48 49 50 51 51 51 51 50 50 50 49 49 49 49
-9999 -9999 31 31 30 28 27 26 25 24 23 23 23 23 22 22 21 20 20 20 20 20 19 18 18 19 20 21 22 22 23 22 22 24 26 26 27 27 28 29 27 29 29 29 30 31 32 32 32 31 31 30 30 29 29 30 30 31 31 31 32 34 35 37 37 37 37 37 37 38 40 41 41 42 44 44 45 46 47 47 48 48 50 50 50 51 52 51 51 50 50 50 50 50 49 50
30 30 30 29 28 26 25 24 23 23 22 22 22 22 21 21 21 20 20 19 20 19 19 19 18 19 19 20 21 20 20 22 24 23 25 24 25 25 27 29 31 31 32 31 32 32 34 34 33 32 30 30 30 30 30 30 30 31 31 32 32 33 34 35 36 36 37 37 38 39 40 41 43 44 45 46 46 47 48 48 49 49 50 51 51 51 51 51 51 51 51 51 51 51 50 51
29 29 28 27 26 25 24 23 22 22 21 22 22 21 21 21 20 20 19 19 19 19 19 19 19 20 21 20 19 19 21 21 22 22 23 24 24 20 21 25 30 32 34 35 35 35 36 36 36 34 33 31 31 31 31 31 31 31 32 32 33 34 34 35 36 36 36 37 38 39 41 42 44 45 46 46 47 48 48 49 49 49 50 51 51 51 51 52 51 51 51 51 51 51 51 52
28 27 26 26 25 24 23 22 22 21 21 21 21 21 21 21 20 19 19 19 19 19 19 19 18 19 20 20 20 18 20 21 23 20 23 28 26 21 15 14 19 25 31 34 36 37 39 39 37 36 34 33 33 33 33 33 32 32 32 32 33 34 34 34 35 35 36 37 38 40 42 44 45 47 48 48 49 49 49 50 50 50 50 51 51 51 51 51 52 51 51 51 51 51 51 52
26 26 25 24 23 23 22 22 22 21 20 20 20 20 20 20 20 19 19 19 19 19 19 18 18 18 18 17 17 17 20 22 24 25 25 29 27 28 24 24 26 25 27 31 34 38 40 41 39 36 35 34 34 34 34 34 33 33 33 32 33 33 34 34 34 34 35 37 38 40 42 44 46 48 49 50 50 50 51 50 50 51 51 51 51 51 51 51 52 52 52 51 51 51 52 52
25 24 24 23 23 22 21 21 21 20 20 20 20 20 20 19 19 19 19 18 18 18 17 17 16 16 15 15 16 17 21 21 24 25 26 29 26 25 24 26 31 36 38 41 39 39 41 42 39 36 34 34 34 34 34 35 35 34 34 34 34 34 34 34 34 33 34 36 39 41 43 46 48 49 51 51 51 52 51 51 51 50 51 50 51 51 51 51 51 52 52 52 52 52 53 53
24 23 23 23 21 21 20 20 20 20 20 20 20 19 19 19 20 19 18 17 16 16 16 16 16 16 17 17 16 18 19 22 25 26 23 27 27 23 27 30 34 38 42 42 40 39 39 40 38 36 35 35 35 34 35 36 36 35 34 33 34 35 35 35 34 33 34 37 39 42 44 47 50 52 53 53 53 52 52 52 51 51 51 51 51 51 51 51 52 52 52 53 53 53 53 54
23 23 22 22 21 21 20 19 19 19 21 20 20 20 19 19 20 21 20 18 17 17 16 16 16 16 17 16 18 18 20 26 27 27 26 28 27 29 28 34 37 43 45 43 41 38 36 35 35 35 35 35 34 34 34 35 35 36 36 34 35 35 35 35 35 35 36 38 40 43 45 48 50 53 54 54 54 54 54 54 52 52 51 50 50 50 50 51 51 52 52 53 53 53 53 54
22 21 21 22 21 20 20 20 19 19 20 20 19 19 20 20 21 23 22 20 19 18 17 17 17 17 17 18 20 21 23 27 26 27 29 27 30 28 26 30 35 40 40 38 36 35 33 32 33 32 34 34 33 34 33 33 33 34 35 37 38 38 38 38 39 39 39 38 39 43 46 46 49 52 55 56 55 56 55 54 53 52 51 50 50 50 50 51 51 51 52 53 53 53 54 54
21 21 20 20 20 20 19 19 19 18 18 17 17 17 18 20 21 22 23 22 21 20 19 18 17 18 18 20 22 23 24 27 28 30 28 27 25 27 26 22 24 30 33 34 34 34 30 29 31 31 33 33 32 32 32 32 31 30 32 36 39 42 43 43 43 43 42 41 39 37 38 45 48 49 52 56 57 57 56 55 54 53 51 50 49 50 50 50 51 51 52 52 53 53 54 54
20 19 19 19 19 19 18 18 17 17 15 15 16 16 17 18 20 21 22 23 21 21 20 19 18 20 22 23 24 24 24 22 27 29 28 24 22 24 26 26 23 22 25 26 30 26 26 26 28 30 30 31 31 29 30 28 31 37 42 43 45 46 47 48 48 48 47 47 46 45 45 47 49 52 54 55 58 58 57 55 54 53 51 50 50 50 50 51 51 51 51 52 52 52 53 54
20 19 18 19 19 18 17 17 17 16 15 15 17 17 18 19 20 20 20 22 24 24 21 22 25 23 22 22 25 27 26 24 25 27 25 21 23 27 27 28 28 26 24 24 23 22 23 23 27 28 26 24 25 25 29 35 41 43 45 47 50 53 54 53 52 52 51 50 50 49 49 51 53 52 52 59 58 56 58 56 54 53 52 51 50 50 51 51 51 51 51 52 51 51 52 53
19 18 18 17 18 18 17 17 17 16 16 17 19 19 20 21 21 21 22 24 24 24 23 23 23 23 20 23 26 27 28 27 26 26 25 25 27 28 28 28 29 30 30 29 26 23 22 23 25 28 31 33 35 36 32 36 42 43 44 47 53 56 57 57 56 55 54 53 53 53 53 54 55 55 50 55 54 50 51 52 52 53 52 52 52 52 52 51 52 51 52 52 52 52 52 53
18 18 17 17 17 17 17 17 16 17 18 20 21 21 23 23 24 24 24 24 23 22 24 23 25 28 28 28 27 28 27 26 24 26 28 28 28 28 28 29 29 30 28 28 29 28 24 24 28 32 37 35 31 33 34 36 38 41 44 47 51 57 58 57 56 55 55 55 54 54 55 55 56 57 56 55 53 53 51 47 51 52 53 53 53 53 52 52 51 51 52 52 52 53 53 55
19 18 17 17 17 17 17 17 17 17 18 21 22 23 25 25 25 25 24 23 23 22 23 28 29 31 31 29 26 27 28 26 24 27 28 28 29 30 29 28 30 30 27 27 27 28 26 27 28 33 33 34 36 35 35 37 39 41 42 47 51 54 56 55 53 53 52 53 54 52 53 54 55 56 55 57 55 57 55 51 51 51 52 53 54 54 53 52 51 51 51 51 52 53 54 55
20 19 18 18 18 18 17 18 19 18 19 20 21 22 24 23 23 22 21 22 23 24 25 25 27 28 30 28 24 25 25 27 26 27 26 28 29 30 28 28 30 30 30 28 28 28 29 31 32 33 31 34 37 37 38 39 40 39 39 40 46 50 52 52 51 51 51 50 50 50 49 49 49 52 53 54 55 57 57 55 51 50 51 52 54 54 52 51 49 48 48 49 49 51 52 54
23 21 20 19 18 18 18 18 18 18 19 20 20 21 22 21 20 20 21 21 23 24 23 23 25 28 29 28 25 24 24 25 26 26 27 27 28 28 29 29 30 31 31 30 29 29 31 32 33 33 32 33 35 36 36 37 35 36 35 39 42 46 46 47 48 47 48 49 48 49 49 48 48 50 51 54 54 54 56 56 53 51 52 53 52 50 48 45 47 45 46 46 47 48 51 54
26 24 22 21 20 19 19 19 19 19 19 19 20 22 21 21 21 21 21 21 23 23 23 22 22 28 28 28 26 27 27 28 28 28 27 27 28 28 29 29 30 31 32 31 30 30 32 33 34 34 33 32 30 33 32 33 32 33 35 38 41 43 44 45 46 45 45 46 46 47 47 48 49 50 52 54 51 52 55 54 54 52 50 50 48 45 44 44 45 44 44 44 46 49 51 53
27 25 23 22 21 20 20 19 19 20 20 21 21 21 21 21 21 21 21 22 23 23 22 22 24 27 27 28 28 29 31 32 32 31 29 29 30 30 30 31 31 32 33 32 32 31 32 34 35 35 34 33 32 30 28 26 28 31 33 36 39 40 42 44 45 44 45 44 45 45 46 48 49 49 52 54 52 53 52 52 52 51 49 47 46 44 44 45 44 43 42 43 45 45 42 43
26 26 25 23 22 22 21 21 21 21 23 22 21 21 21 20 21 22 23 23 23 24 25 24 27 27 27 27 29 30 33 34 32 31 32 32 32 32 32 32 32 33 32 33 33 33 33 35 36 34 32 31 30 28 25 24 23 24 27 31 35 39 41 42 44 44 43 43 45 45 46 46 47 49 50 52 52 51 50 49 49 49 47 45 44 45 44 42 40 41 41 41 43 46 47 48
27 27 27 25 23 23 23 23 24 24 24 23 23 22 21 21 22 23 24 24 26 28 29 29 28 28 25 26 28 31 34 36 36 34 33 34 33 33 33 34 33 33 33 34 35 35 36 36 36 36 35 34 32 28 26 25 23 23 25 27 29 34 39 40 42 43 42 43 44 45 45 46 46 47 48 48 48 48 48 48 47 45 44 44 44 42 40 39 39 38 38 39 39 39 43 45
26 26 26 26 25 24 24 24 25 26 25 26 23 22 21 22 23 23 25 26 30 32 32 31 30 25 21 22 26 30 33 37 37 36 36 33 33 33 34 35 35 35 36 37 37 38 37 37 36 35 34 33 33 31 29 26 26 26 25 26 29 32 35 37 39 41 42 43 43 44 44 44 45 45 45 44 45 46 45 45 44 43 43 43 41 42 39 39 37 36 36 37 39 42 44 45
26 26 25 25 25 25 24 24 24 24 24 24 22 21 21 22 22 23 22 22 31 36 35 33 28 18 20 23 26 30 33 36 35 33 33 34 35 36 36 36 36 36 37 37 38 38 38 38 37 36 35 33 32 30 29 27 26 26 26 28 30 31 34 34 35 38 40 41 42 43 43 43 42 41 40 41 42 43 43 43 42 42 42 41 41 40 39 36 36 35 34 35 38 40 43 47
25 25 25 25 25 24 23 23 23 22 22 21 21 20 20 21 21 21 19 21 29 37 35 31 25 20 20 23 27 30 31 30 31 31 33 35 36 36 36 36 36 37 37 37 38 39 40 39 38 36 35 34 32 31 29 28 27 27 28 30 33 33 36 37 37 37 37 39 42 43 44 42 40 38 37 38 40 41 41 40 41 41 41 40 40 38 38 36 35 34 34 35 37 40 44 46
25 24 23 23 23 22 22 22 21 21 20 20 19 19 19 19 19 20 19 23 36 37 34 26 24 21 21 23 24 25 26 29 31 33 35 35 35 35 35 35 36 37 37 38 38 39 40 39 38 37 36 35 34 32 31 29 28 28 29 32 35 37 39 41 41 41 41 43 43 43 43 42 39 37 36 37 39 39 39 39 40 40 40 40 39 39 37 37 36 35 35 36 38 41 43 45
23 22 22 21 22 22 22 21 20 20 19 18 18 17 16 16 15 15 16 28 39 36 31 26 19 17 19 21 22 24 27 31 33 33 33 34 34 34 34 35 36 37 37 38 38 39 39 39 39 38 37 36 35 34 32 30 28 28 30 32 35 37 39 40 41 42 43 44 43 43 42 40 39 38 37 38 38 38 38 38 39 39 40 40 39 38 37 37 36 36 36 37 39 41 43 44
21 20 21 21 21 21 21 20 20 19 19 19 18 17 16 15 14 14 15 31 38 35 28 19 16 17 20 21 23 26 29 31 32 33 33 32 33 33 34 35 36 37 37 38 39 39 40 40 40 39 38 37 36 36 33 31 29 29 29 30 32 34 36 37 39 39 40 39 39 40 39 40 40 40 39 39 39 39 39 38 38 40 40 40 39 38 37 36 36 35 36 37 39 41 42 44
21 20 20 20 20 20 20 20 20 19 18 18 17 16 16 15 14 15 21 29 32 31 21 18 17 19 22 23 27 30 32 33 33 33 32 31 32 32 34 34 36 37 38 39 40 40 40 40 40 38 38 36 34 35 34 29 29 28 27 28 29 31 32 35 36 37 36 37 37 36 37 40 41 41 41 42 42 41 40 39 40 41 41 40 39 38 37 36 36 36 37 38 40 41 43 44
20 20 20 20 20 20 21 21 20 19 19 18 16 16 16 15 16 17 20 24 26 30 28 25 25 26 26 26 28 29 31 33 33 31 30 31 32 32 34 35 36 36 38 39 40 40 40 39 40 39 38 34 33 31 29 28 28 27 27 28 28 30 32 32 34 34 34 36 37 39 37 37 40 41 42 43 43 43 42 41 42 42 41 40 39 38 36 36 35 35 37 39 40 42 43 44
