resultados/variables_proyeccion_tiempo/variables_paleo_130k/bio14.asc
ncols 330
nrows 228
xllcorner -12.000000
yllcorner 34.000000
cellsize 0.166667
NODATA_value -9999
[rows 147 to 195 of 228, columns 96 to 191 of 330]
44 45 44 46 49 49 45 45 48 52 56 62 64 64 65 64 62 63 61 62 55 57 58 57 54 54 59 59 58 59 54 54 54 52 52 50 52 47 54 49 48 48 48 42 52 47 40 38 39 43 47 50 53 61 65 64 69 74 74 70 69 71 67 64 59 49 41 38 38 42 35 34 28 27 25 20 19 19 18 17 16 17 20 23 24 24 25 24 24 24 21 19 19 19 18 18
50 48 46 46 49 48 44 46 50 55 59 63 68 70 71 72 72 75 79 76 71 63 54 55 59 61 58 61 57 58 62 64 63 52 53 56 60 60 60 56 44 45 52 40 37 44 48 42 51 49 50 52 56 56 60 64 69 72 74 74 71 66 60 56 48 44 49 37 36 33 29 26 24 23 22 19 19 19 19 18 17 19 24 25 25 23 23 23 23 22 20 19 18 19 18 18
52 47 45 48 50 46 46 48 52 56 60 67 72 74 79 80 84 80 72 58 57 56 64 69 63 59 59 68 75 78 71 78 61 63 65 52 61 69 58 47 54 57 81 54 37 54 54 57 63 72 70 64 74 66 64 69 70 67 66 66 64 60 54 61 51 54 36 30 27 26 26 27 25 24 22 20 20 20 20 20 20 23 24 23 23 23 23 23 22 21 21 20 20 19 19 19
48 46 49 48 45 45 46 50 53 57 64 73 79 80 86 87 74 57 57 59 62 65 71 81 87 76 84 78 90 103 93 96 78 53 54 62 72 74 56 55 86 78 65 55 34 46 54 39 58 60 56 50 61 55 59 61 64 64 65 66 60 53 46 55 50 49 48 31 27 27 29 30 28 27 25 24 24 23 23 23 23 24 24 23 23 24 24 23 23 22 21 21 21 21 20 20
42 44 44 45 44 44 48 51 54 61 70 75 84 88 86 65 64 62 63 74 88 68 80 89 96 98 125 107 112 107 83 67 56 64 64 77 66 55 58 45 78 69 49 30 35 30 30 29 35 40 44 46 47 49 54 57 59 62 62 62 53 46 38 46 43 47 51 35 33 32 32 31 30 29 27 27 27 26 27 27 25 24 25 25 26 25 24 24 24 23 22 22 22 22 21 20
40 41 44 44 44 46 48 51 58 67 71 82 92 96 71 62 66 72 80 102 100 102 106 118 152 132 135 108 109 99 106 88 75 65 79 67 64 54 52 45 39 33 24 24 25 26 39 38 42 43 40 42 46 48 51 55 59 63 62 57 51 43 43 43 46 45 46 45 43 39 36 34 33 31 30 30 29 29 29 28 28 27 27 27 26 26 25 25 25 24 23 23 22 22 22 22
37 39 42 44 45 44 48 52 63 69 75 86 91 68 60 61 70 70 96 108 125 131 139 148 121 120 119 93 88 69 87 78 73 75 74 85 61 52 44 72 45 27 24 26 23 30 37 35 36 35 38 41 44 50 56 58 57 61 60 60 59 58 59 59 57 54 49 53 51 43 39 37 36 35 34 33 32 32 31 31 30 29 29 27 27 27 27 26 25 25 25 24 23 23 22 21
36 39 46 48 43 45 49 53 63 70 81 86 65 63 76 89 100 81 100 97 88 100 111 101 114 92 90 75 67 66 61 59 50 59 61 49 40 33 37 43 29 25 29 27 24 29 32 35 34 38 39 43 52 56 64 63 65 66 62 64 63 61 62 63 61 58 55 52 49 46 44 41 40 37 36 36 34 34 34 33 32 31 31 30 28 28 29 28 27 27 27 26 25 23 22 20
33 38 46 45 41 46 50 54 63 79 78 67 69 72 77 81 100 124 87 115 138 146 141 148 113 64 71 65 59 59 56 54 50 47 44 43 39 33 36 43 26 31 32 29 28 31 32 39 45 44 43 56 65 68 69 70 70 71 70 70 70 70 72 71 69 66 63 58 56 50 45 42 40 39 39 38 38 37 36 36 35 33 31 30 30 29 29 29 29 28 27 27 26 25 23 21
34 38 44 41 42 46 50 54 66 77 70 64 64 81 96 95 103 138 140 141 144 139 145 129 83 69 57 56 59 60 55 53 48 44 41 38 35 35 32 29 28 35 33 28 29 31 38 46 50 58 61 65 68 70 69 70 72 72 70 71 74 77 78 79 77 73 68 63 57 53 48 47 44 41 40 40 40 40 39 38 36 35 34 32 30 30 30 30 30 29 28 28 27 25 24 23
32 35 43 45 43 44 50 56 59 65 59 63 77 81 81 98 127 124 113 87 94 82 93 95 67 53 53 55 59 60 58 56 53 49 45 42 42 35 35 34 37 33 31 36 47 51 57 59 59 59 60 62 65 68 69 71 71 72 73 75 79 81 83 82 83 80 75 71 68 62 52 46 44 43 43 43 43 42 42 40 39 37 36 34 33 32 32 32 32 31 30 29 28 26 25 24
33 35 43 46 45 48 55 60 64 61 67 64 75 70 82 101 100 123 130 129 128 105 66 63 45 45 49 54 57 57 55 55 55 51 49 47 47 44 44 45 42 39 38 44 58 64 62 60 58 55 55 58 62 66 68 -9999 -9999 65 67 77 82 84 80 85 86 86 82 73 68 62 56 53 49 47 46 46 47 45 44 43 44 41 39 37 35 34 34 34 34 33 32 30 28 27 26 25
37 38 46 53 48 52 59 65 68 67 72 75 69 82 99 94 117 127 133 110 85 57 39 37 39 43 47 52 55 55 53 55 55 51 49 48 48 49 48 47 45 41 42 49 56 59 59 58 55 50 51 55 -9999 -9999 -9999 -9999 62 62 67 70 80 83 81 85 90 88 85 79 73 68 64 59 55 53 51 49 49 48 47 47 46 43 41 39 37 36 36 36 36 35 33 31 29 28 27 26
34 41 53 52 50 52 60 67 64 68 69 71 98 91 88 110 108 112 119 92 50 34 34 35 37 41 47 52 55 55 55 55 51 48 46 47 49 50 50 48 47 45 45 48 51 53 54 53 51 48 -9999 -9999 -9999 -9999 -9999 -9999 -9999 57 63 66 65 75 70 74 85 89 85 78 74 73 70 65 62 61 58 54 53 51 50 48 47 45 42 40 39 38 38 38 38 36 34 33 31 30 29 29
41 47 53 54 53 52 55 57 69 74 61 85 88 105 107 108 99 93 74 57 38 35 33 33 35 40 46 49 49 50 51 48 43 38 37 41 46 51 51 50 49 47 45 46 46 47 48 48 48 48 48 -9999 -9999 -9999 -9999 -9999 -9999 54 55 60 60 65 64 64 68 81 80 80 75 72 70 70 68 64 60 59 57 56 54 51 49 47 45 42 41 41 41 40 40 38 36 34 33 32 32 32
49 53 51 53 54 47 55 67 73 71 64 76 94 110 108 89 93 104 83 49 36 35 34 32 34 39 42 43 44 47 49 51 45 35 30 35 42 46 47 47 48 47 47 45 44 42 43 45 45 46 48 49 -9999 -9999 -9999 -9999 -9999 -9999 49 50 54 57 59 61 62 73 75 73 78 76 68 68 69 67 65 62 60 59 57 55 52 50 48 45 44 44 43 42 41 40 38 36 34 33 34 34
52 52 52 50 44 46 50 55 61 68 68 70 73 87 98 78 89 94 85 50 38 36 35 33 34 36 37 39 42 46 52 57 50 47 45 40 40 43 43 44 44 44 46 45 43 40 41 43 44 44 46 -9999 -9999 -9999 -9999 -9999 -9999 -9999 -9999 47 -9999 49 53 53 55 72 79 69 72 76 74 69 76 72 70 66 63 61 59 56 53 51 50 48 47 46 46 45 44 42 40 38 37 36 36 37
51 45 41 45 40 42 49 56 58 61 62 67 59 66 71 72 89 100 81 60 43 38 36 34 36 35 35 40 45 45 51 54 54 51 45 43 46 45 43 43 42 42 43 44 44 44 43 42 41 40 -9999 -9999 -9999 -9999 -9999 -9999 -9999 -9999 -9999 -9999 -9999 47 49 49 50 52 70 66 63 69 70 73 67 71 72 70 65 62 60 56 53 50 50 50 50 49 48 48 47 46 43 42 41 40 40 40
42 36 38 38 36 39 45 48 50 55 51 52 52 54 66 76 76 83 73 57 41 35 33 32 34 32 34 39 39 36 41 41 44 44 45 44 49 46 44 43 44 43 44 43 44 44 43 41 39 37 37 -9999 -9999 -9999 -9999 -9999 -9999 -9999 -9999 -9999 -9999 -9999 46 46 44 47 46 60 66 62 64 68 65 68 71 73 68 64 61 56 54 55 53 51 53 52 51 51 50 49 47 46 44 43 43 42
36 33 34 32 31 32 36 44 48 50 48 42 50 56 59 72 79 72 69 65 51 48 51 44 35 32 27 -9999 -9999 -9999 34 32 32 34 34 32 35 44 47 45 44 43 42 43 44 44 44 41 38 38 38 -9999 -9999 -9999 -9999 -9999 -9999 -9999 -9999 -9999 -9999 -9999 -9999 43 42 41 41 40 43 53 54 58 63 65 69 70 71 68 63 60 57 57 54 55 54 54 54 54 53 52 51 49 48 47 46 45
30 31 31 30 28 28 30 39 45 47 46 40 40 42 51 56 57 54 51 59 67 50 49 35 26 23 -9999 -9999 -9999 -9999 -9999 -9999 -9999 28 28 26 31 38 36 40 42 42 41 41 42 44 44 44 42 40 40 42 42 -9999 -9999 -9999 -9999 -9999 -9999 -9999 -9999 -9999 -9999 -9999 40 40 38 38 38 41 46 45 48 53 65 67 69 69 70 67 56 59 60 60 60 59 58 57 57 57 56 53 51 50 49 48
27 27 26 26 25 24 26 30 33 34 33 32 35 42 43 44 39 35 32 32 36 30 29 24 21 19 -9999 -9999 -9999 -9999 -9999 -9999 -9999 -9999 -9999 -9999 24 26 30 31 33 33 34 37 38 41 44 44 46 45 46 45 44 44 44 -9999 -9999 -9999 -9999 -9999 -9999 -9999 -9999 -9999 -9999 -9999 37 35 35 36 38 40 42 46 50 63 59 64 70 68 68 65 69 66 65 65 63 63 62 61 59 58 55 53 51 51
23 23 23 21 22 22 23 25 26 27 25 27 29 34 35 36 37 35 28 22 25 22 22 19 -9999 -9999 -9999 -9999 -9999 -9999 -9999 -9999 -9999 -9999 -9999 -9999 -9999 21 23 26 27 29 30 32 34 40 40 44 46 48 47 47 48 46 45 44 -9999 -9999 -9999 -9999 -9999 -9999 -9999 -9999 -9999 -9999 -9999 34 33 33 34 35 38 40 48 45 51 56 59 61 69 63 60 64 69 71 69 70 67 66 64 63 59 55 53 53
21 20 20 19 18 18 18 19 21 23 24 23 23 24 24 22 20 19 18 -9999 -9999 -9999 -9999 -9999 -9999 -9999 -9999 -9999 -9999 -9999 -9999 -9999 -9999 -9999 -9999 -9999 -9999 19 21 23 25 28 28 31 33 34 37 39 41 45 47 48 49 47 45 44 42 41 -9999 -9999 -9999 -9999 -9999 -9999 -9999 -9999 -9999 -9999 -9999 32 32 32 34 34 35 39 39 47 50 55 63 67 58 68 65 73 74 72 69 70 69 67 65 61 58 57
19 19 18 17 16 16 15 16 17 18 20 19 18 17 15 15 14 16 -9999 -9999 -9999 -9999 -9999 -9999 -9999 -9999 -9999 -9999 -9999 -9999 -9999 -9999 -9999 -9999 -9999 16 -9999 18 20 23 24 28 26 29 30 32 33 36 40 41 46 48 50 48 48 45 42 40 38 -9999 -9999 -9999 -9999 -9999 -9999 -9999 -9999 -9999 -9999 -9999 -9999 -9999 28 26 26 30 34 38 44 42 48 51 52 57 64 68 72 75 69 72 73 72 70 67 64 62
-9999 -9999 -9999 -9999 -9999 -9999 -9999 13 14 15 17 19 14 14 15 13 12 -9999 -9999 -9999 -9999 -9999 -9999 -9999 -9999 -9999 -9999 -9999 -9999 -9999 -9999 -9999 -9999 -9999 -9999 -9999 -9999 -9999 17 18 22 25 25 25 25 28 30 32 36 39 42 45 48 49 48 45 42 40 38 -9999 -9999 -9999 -9999 -9999 -9999 -9999 -9999 -9999 -9999 -9999 -9999 -9999 -9999 -9999 25 30 31 28 44 41 36 39 41 48 60 62 68 70 75 74 76 75 73 72 69 68
-9999 -9999 -9999 -9999 -9999 -9999 -9999 -9999 -9999 -9999 11 11 10 10 11 10 -9999 -9999 -9999 -9999 -9999 -9999 -9999 -9999 -9999 -9999 -9999 -9999 -9999 -9999 -9999 -9999 11 -9999 12 11 -9999 -9999 -9999 16 17 21 21 21 22 24 28 29 32 35 38 42 46 50 48 48 44 42 39 38 -9999 -9999 -9999 -9999 -9999 -9999 -9999 -9999 -9999 -9999 25 -9999 25 23 23 28 26 29 28 34 33 33 35 40 49 54 61 63 70 70 76 76 75 72 67 69
-9999 -9999 -9999 -9999 -9999 -9999 -9999 -9999 -9999 -9999 -9999 -9999 -9999 9 -9999 -9999 -9999 -9999 -9999 -9999 -9999 -9999 -9999 -9999 -9999 -9999 -9999 -9999 -9999 -9999 -9999 11 13 -9999 -9999 -9999 -9999 -9999 11 12 14 15 16 16 18 24 25 28 30 33 35 39 43 48 50 51 47 43 39 37 -9999 -9999 -9999 -9999 -9999 -9999 -9999 -9999 -9999 -9999 -9999 22 23 -9999 -9999 21 23 26 28 30 31 31 34 38 43 51 48 60 63 63 69 74 74 70 68 63
-9999 -9999 -9999 -9999 -9999 -9999 -9999 -9999 -9999 -9999 -9999 -9999 -9999 -9999 -9999 -9999 -9999 -9999 -9999 -9999 -9999 -9999 -9999 -9999 -9999 -9999 -9999 -9999 -9999 -9999 11 11 13 -9999 -9999 -9999 11 10 9 -9999 12 12 13 13 14 18 21 24 27 31 33 38 41 47 49 50 48 47 39 36 34 -9999 -9999 -9999 -9999 -9999 -9999 -9999 -9999 -9999 -9999 -9999 -9999 -9999 20 20 21 23 -9999 24 26 28 29 34 35 37 42 50 55 52 61 70 60 69 66 64
-9999 -9999 -9999 -9999 -9999 -9999 -9999 -9999 -9999 -9999 -9999 -9999 -9999 -9999 -9999 -9999 -9999 -9999 -9999 -9999 -9999 -9999 -9999 -9999 -9999 -9999 -9999 8 10 12 13 15 12 9 -9999 -9999 6 -9999 -9999 -9999 -9999 -9999 10 10 11 13 17 20 25 26 31 33 39 45 48 48 50 45 40 37 34 31 -9999 -9999 -9999 -9999 -9999 -9999 -9999 -9999 -9999 -9999 -9999 -9999 -9999 -9999 -9999 -9999 -9999 -9999 -9999 -9999 -9999 -9999 28 31 41 53 48 52 45 55 57 68 66 63
-9999 -9999 -9999 -9999 -9999 -9999 -9999 -9999 -9999 -9999 -9999 -9999 -9999 -9999 -9999 -9999 -9999 -9999 -9999 -9999 -9999 -9999 -9999 -9999 -9999 -9999 -9999 9 12 24 18 14 13 9 -9999 -9999 -9999 6 -9999 -9999 -9999 5 6 7 8 10 12 16 21 25 25 31 38 41 45 47 47 49 47 38 34 33 32 -9999 -9999 -9999 -9999 -9999 -9999 -9999 -9999 -9999 -9999 12 -9999 -9999 -9999 -9999 -9999 -9999 -9999 -9999 -9999 -9999 -9999 -9999 29 33 39 48 40 38 49 59 64 62
-9999 -9999 -9999 -9999 -9999 -9999 -9999 -9999 -9999 -9999 -9999 -9999 -9999 -9999 -9999 -9999 -9999 -9999 -9999 -9999 -9999 -9999 -9999 -9999 -9999 -9999 -9999 9 13 21 22 12 11 8 -9999 -9999 -9999 6 -9999 -9999 -9999 4 4 -9999 -9999 8 9 13 18 21 22 24 32 39 43 44 46 42 40 37 36 34 32 29 27 -9999 -9999 -9999 -9999 -9999 -9999 -9999 -9999 -9999 -9999 -9999 -9999 -9999 -9999 -9999 -9999 -9999 -9999 -9999 -9999 -9999 -9999 -9999 31 40 36 35 38 51 52 50
-9999 -9999 -9999 -9999 -9999 -9999 -9999 -9999 -9999 -9999 -9999 -9999 -9999 -9999 -9999 -9999 -9999 -9999 -9999 -9999 -9999 -9999 -9999 -9999 -9999 -9999 -9999 9 10 12 20 14 8 7 -9999 -9999 -9999 -9999 -9999 -9999 -9999 -9999 -9999 -9999 -9999 -9999 7 11 14 17 20 21 27 35 38 40 41 42 40 38 46 36 32 29 26 24 -9999 -9999 16 16 -9999 -9999 -9999 -9999 -9999 -9999 -9999 -9999 -9999 -9999 -9999 -9999 -9999 -9999 -9999 -9999 -9999 -9999 -9999 29 37 39 35 39 46 46
-9999 -9999 -9999 -9999 -9999 -9999 -9999 -9999 -9999 -9999 -9999 -9999 -9999 -9999 -9999 -9999 -9999 -9999 -9999 -9999 -9999 -9999 -9999 -9999 -9999 -9999 -9999 8 8 11 16 15 8 -9999 -9999 -9999 -9999 -9999 -9999 -9999 -9999 -9999 -9999 -9999 -9999 -9999 -9999 -9999 10 12 14 17 22 30 34 38 38 38 41 42 41 38 34 30 26 24 22 21 18 17 14 16 11 7 -9999 -9999 -9999 -9999 -9999 -9999 -9999 -9999 -9999 -9999 -9999 -9999 -9999 -9999 -9999 -9999 32 32 33 35 41 43
-9999 -9999 -9999 -9999 -9999 -9999 -9999 -9999 -9999 -9999 -9999 -9999 -9999 -9999 -9999 -9999 -9999 -9999 -9999 -9999 -9999 -9999 -9999 -9999 -9999 -9999 -9999 -9999 8 10 13 13 8 -9999 -9999 -9999 -9999 -9999 -9999 -9999 -9999 -9999 -9999 -9999 -9999 -9999 -9999 -9999 -9999 10 12 16 23 24 26 31 34 34 37 41 37 35 30 28 26 25 23 21 20 23 25 25 20 10 -9999 -9999 -9999 -9999 -9999 -9999 -9999 -9999 -9999 -9999 -9999 -9999 -9999 -9999 -9999 -9999 -9999 -9999 -9999 33 38 38
-9999 -9999 -9999 -9999 -9999 -9999 -9999 -9999 -9999 -9999 -9999 -9999 -9999 -9999 -9999 -9999 -9999 -9999 -9999 -9999 -9999 -9999 -9999 -9999 -9999 -9999 -9999 -9999 7 8 10 8 7 -9999 -9999 -9999 -9999 -9999 -9999 -9999 -9999 -9999 -9999 -9999 -9999 -9999 -9999 -9999 -9999 -9999 10 12 15 19 27 26 26 27 30 33 30 30 29 25 24 23 23 22 21 19 17 14 -9999 -9999 -9999 -9999 -9999 -9999 -9999 -9999 -9999 -9999 -9999 -9999 -9999 -9999 -9999 -9999 -9999 -9999 -9999 -9999 30 31 37 40
-9999 -9999 -9999 -9999 -9999 -9999 -9999 -9999 -9999 -9999 -9999 -9999 -9999 -9999 -9999 -9999 -9999 -9999 -9999 -9999 -9999 -9999 -9999 -9999 -9999 -9999 -9999 -9999 -9999 6 7 7 -9999 -9999 -9999 -9999 -9999 -9999 -9999 -9999 -9999 -9999 -9999 -9999 -9999 -9999 -9999 -9999 -9999 -9999 -9999 11 12 13 15 21 24 25 24 25 26 28 29 25 23 22 23 22 21 20 18 15 12 11 -9999 -9999 -9999 -9999 -9999 -9999 -9999 -9999 -9999 -9999 -9999 -9999 -9999 -9999 -9999 -9999 -9999 -9999 23 29 34 38
-9999 -9999 -9999 -9999 -9999 -9999 -9999 -9999 -9999 -9999 -9999 -9999 -9999 -9999 -9999 -9999 -9999 -9999 -9999 -9999 -9999 -9999 -9999 -9999 -9999 -9999 -9999 -9999 -9999 -9999 5 6 6 -9999 -9999 -9999 -9999 -9999 -9999 -9999 -9999 -9999 -9999 -9999 -9999 -9999 -9999 -9999 -9999 -9999 -9999 -9999 -9999 13 12 16 18 23 21 22 22 23 23 23 22 21 21 21 20 19 18 16 14 13 13 11 10 -9999 -9999 -9999 -9999 -9999 -9999 -9999 -9999 -9999 -9999 -9999 -9999 -9999 -9999 -9999 21 27 34 36
-9999 -9999 -9999 -9999 -9999 -9999 -9999 -9999 -9999 -9999 -9999 -9999 -9999 -9999 -9999 -9999 -9999 -9999 -9999 -9999 -9999 -9999 -9999 -9999 -9999 4 -9999 -9999 -9999 7 9 8 7 6 -9999 -9999 -9999 -9999 -9999 -9999 -9999 -9999 -9999 -9999 -9999 -9999 -9999 -9999 -9999 -9999 -9999 -9999 -9999 -9999 -9999 -9999 -9999 -9999 -9999 18 19 21 22 21 21 20 20 20 19 18 17 17 18 19 17 15 12 12 12 10 -9999 -9999 -9999 -9999 -9999 -9999 -9999 -9999 -9999 -9999 -9999 -9999 20 23 30 32
-9999 -9999 -9999 -9999 -9999 -9999 -9999 -9999 -9999 -9999 -9999 -9999 -9999 -9999 -9999 -9999 -9999 -9999 -9999 -9999 -9999 -9999 -9999 -9999 -9999 4 -9999 5 7 7 11 11 8 6 6 -9999 -9999 -9999 -9999 -9999 -9999 -9999 -9999 -9999 -9999 -9999 -9999 -9999 -9999 -9999 -9999 -9999 -9999 2 -9999 -9999 -9999 -9999 -9999 16 16 19 20 20 20 19 19 19 19 18 19 19 18 19 20 20 19 18 17 14 9 -9999 -9999 -9999 -9999 -9999 -9999 -9999 -9999 -9999 -9999 -9999 15 19 24 27
-9999 -9999 -9999 -9999 -9999 -9999 -9999 -9999 -9999 -9999 -9999 -9999 -9999 -9999 -9999 -9999 -9999 -9999 -9999 -9999 -9999 -9999 -9999 -9999 5 5 5 6 8 8 8 10 10 8 6 -9999 -9999 -9999 -9999 -9999 -9999 -9999 -9999 -9999 -9999 -9999 -9999 -9999 -9999 -9999 -9999 -9999 -9999 -9999 -9999 -9999 -9999 -9999 -9999 10 13 16 16 17 17 18 21 19 21 19 20 20 17 16 17 19 21 21 20 18 13 9 6 4 -9999 -9999 -9999 -9999 -9999 -9999 -9999 -9999 13 16 20 24
-9999 -9999 -9999 -9999 -9999 -9999 -9999 -9999 -9999 -9999 -9999 -9999 -9999 -9999 -9999 -9999 -9999 -9999 -9999 -9999 -9999 -9999 -9999 -9999 4 4 5 7 8 8 10 11 11 8 6 -9999 -9999 -9999 -9999 -9999 -9999 -9999 -9999 -9999 -9999 -9999 -9999 -9999 -9999 -9999 -9999 -9999 -9999 -9999 -9999 -9999 -9999 -9999 -9999 -9999 -9999 7 12 15 16 16 16 17 17 18 22 21 20 16 15 13 14 11 10 11 11 8 6 3 3 -9999 -9999 -9999 -9999 -9999 -9999 -9999 11 14 20 24
-9999 -9999 -9999 -9999 -9999 -9999 -9999 -9999 -9999 -9999 -9999 -9999 -9999 -9999 -9999 -9999 -9999 -9999 -9999 -9999 -9999 -9999 -9999 -9999 -9999 -9999 7 7 9 11 10 11 9 7 6 -9999 -9999 -9999 -9999 -9999 -9999 -9999 -9999 -9999 -9999 -9999 -9999 -9999 -9999 -9999 -9999 -9999 -9999 -9999 -9999 -9999 -9999 -9999 -9999 -9999 -9999 -9999 -9999 -9999 -9999 13 14 15 20 18 22 23 23 17 12 10 7 6 -9999 4 5 5 4 3 2 3 3 -9999 -9999 -9999 -9999 14 11 14 18 19
-9999 -9999 -9999 -9999 -9999 -9999 -9999 -9999 -9999 -9999 -9999 -9999 -9999 -9999 -9999 -9999 -9999 -9999 -9999 -9999 -9999 -9999 -9999 -9999 -9999 -9999 6 8 9 8 8 11 10 9 -9999 -9999 -9999 -9999 -9999 -9999 -9999 -9999 -9999 -9999 -9999 -9999 -9999 -9999 -9999 -9999 -9999 -9999 -9999 -9999 -9999 -9999 -9999 -9999 -9999 -9999 -9999 -9999 -9999 -9999 -9999 11 12 15 21 18 21 22 21 15 12 8 6 -9999 -9999 -9999 2 2 2 2 1 2 3 -9999 -9999 -9999 -9999 -9999 12 19 18 24
5 5 -9999 -9999 -9999 -9999 -9999 -9999 -9999 -9999 -9999 -9999 -9999 -9999 -9999 -9999 -9999 -9999 -9999 -9999 -9999 -9999 -9999 -9999 -9999 -9999 5 7 7 8 10 14 14 10 10 -9999 -9999 -9999 -9999 -9999 -9999 -9999 -9999 -9999 -9999 -9999 -9999 -9999 -9999 -9999 -9999 -9999 -9999 -9999 -9999 -9999 -9999 -9999 -9999 -9999 -9999 -9999 -9999 -9999 -9999 -9999 9 12 13 14 20 23 22 17 14 9 4 -9999 -9999 -9999 -9999 -9999 -9999 1 1 2 4 -9999 -9999 -9999 -9999 -9999 -9999 12 14 19
6 6 -9999 -9999 -9999 -9999 -9999 -9999 -9999 -9999 -9999 -9999 -9999 -9999 -9999 -9999 -9999 -9999 -9999 -9999 -9999 -9999 -9999 -9999 -9999 -9999 5 6 7 8 11 13 13 7 2 -9999 -9999 -9999 -9999 -9999 -9999 -9999 -9999 -9999 -9999 -9999 -9999 -9999 -9999 -9999 -9999 -9999 -9999 -9999 -9999 -9999 -9999 -9999 -9999 -9999 -9999 -9999 -9999 -9999 -9999 -9999 -9999 -9999 9 -9999 15 20 23 25 17 6 -9999 -9999 -9999 -9999 -9999 -9999 -9999 -9999 1 2 2 -9999 -9999 -9999 -9999 -9999 1 1 -9999 9
-9999 6 -9999 -9999 -9999 -9999 -9999 -9999 -9999 -9999 -9999 -9999 -9999 -9999 -9999 -9999 -9999 -9999 -9999 -9999 -9999 -9999 -9999 -9999 -9999 -9999 5 5 7 8 9 11 12 6 1 -9999 -9999 -9999 -9999 -9999 -9999 -9999 -9999 -9999 -9999 -9999 -9999 -9999 -9999 -9999 -9999 -9999 -9999 -9999 -9999 -9999 -9999 -9999 -9999 -9999 -9999 -9999 -9999 -9999 -9999 -9999 -9999 -9999 -9999 -9999 9 19 21 10 4 2 -9999 -9999 -9999 -9999 -9999 -9999 -9999 -9999 -9999 2 2 -9999 -9999 -9999 -9999 -9999 -9999 0 1 4
-9999 -9999 -9999 -9999 -9999 -9999 -9999 -9999 -9999 -9999 -9999 -9999 -9999 -9999 -9999 -9999 -9999 -9999 -9999 -9999 -9999 -9999 -9999 -9999 -9999 -9999 6 7 5 6 7 8 6 3 -9999 -9999 -9999 -9999 -9999 -9999 -9999 -9999 -9999 -9999 -9999 -9999 -9999 -9999 -9999 -9999 -9999 -9999 -9999 -9999 -9999 -9999 -9999 -9999 -9999 -9999 -9999 -9999 -9999 -9999 -9999 -9999 -9999 -9999 -9999 -9999 -9999 17 15 8 10 7 1 0 -9999 -9999 -9999 -9999 -9999 -9999 -9999 -9999 -9999 -9999 -9999 -9999 -9999 -9999 -9999 -9999 0 0
-9999 -9999 -9999 -9999 -9999 -9999 -9999 -9999 -9999 -9999 -9999 -9999 -9999 -9999 -9999 -9999 -9999 -9999 -9999 -9999 -9999 -9999 -9999 -9999 -9999 -9999 7 9 6 4 4 8 5 1 -9999 -9999 -9999 -9999 -9999 -9999 -9999 -9999 -9999 -9999 -9999 -9999 -9999 -9999 -9999 -9999 -9999 -9999 -9999 -9999 -9999 -9999 -9999 -9999 -9999 -9999 -9999 -9999 -9999 -9999 -9999 -9999 -9999 -9999 -9999 -9999 -9999 11 16 10 19 19 10 1 0 -9999 -9999 -9999 -9999 -9999 -9999 -9999 -9999 -9999 -9999 -9999 -9999 -9999 -9999 -9999 -9999 0
