resultados/variables_proyeccion_tiempo/variables_paleo_130k/bio18.asc
ncols 330
nrows 228
xllcorner -12.000000
yllcorner 34.000000
cellsize 0.166667
NODATA_value -9999
[rows 41 to 81 of 228, columns 184 to 275 of 330]
229 225 220 215 212 209 206 206 203 200 196 195 189 183 178 174 171 168 165 -9999 -9999 -9999 -9999 -9999 -9999 -9999 -9999 -9999 -9999 -9999 -9999 -9999 -9999 -9999 -9999 177 177 177 178 179 182 185 188 192 195 199 202 204 207 210 212 214 217 220 222 227 223 226 228 230 232 231 229 229 229 230 229 228 225 221 218 218 216 217 215 214 214 214 215 215 214 212 211 210 209 206 203 202 200 197 194 190
222 221 218 218 214 210 206 201 200 197 194 188 185 180 176 173 170 -9999 -9999 -9999 -9999 -9999 -9999 -9999 -9999 -9999 -9999 -9999 -9999 -9999 -9999 -9999 -9999 -9999 -9999 178 179 181 181 180 182 185 190 194 197 200 204 207 210 213 215 218 221 223 226 232 230 230 232 232 231 230 231 231 232 231 230 228 227 225 223 221 220 223 220 220 220 218 216 216 216 215 214 212 211 210 209 207 203 199 195 191
222 218 216 213 213 211 207 203 201 197 191 186 182 180 176 175 -9999 -9999 -9999 -9999 -9999 -9999 -9999 -9999 -9999 -9999 -9999 -9999 -9999 -9999 -9999 -9999 -9999 -9999 181 181 183 184 185 186 187 189 193 197 200 204 207 210 214 217 220 222 225 227 229 233 236 234 231 231 232 233 233 233 233 232 233 233 234 232 228 228 227 225 224 224 223 221 219 219 218 218 217 216 217 215 212 209 206 202 200 197
221 218 216 211 210 209 207 203 201 199 192 186 182 179 178 176 173 173 -9999 -9999 -9999 -9999 -9999 -9999 -9999 -9999 -9999 -9999 -9999 -9999 -9999 -9999 -9999 183 184 186 190 191 191 192 194 195 198 202 205 208 212 215 217 220 222 224 228 231 233 233 235 235 233 235 236 236 235 236 237 235 235 236 235 234 234 231 230 229 228 228 226 226 225 224 222 222 222 222 221 219 216 212 209 207 204 201
225 219 213 211 208 207 205 203 200 199 190 189 185 181 179 177 176 173 -9999 -9999 -9999 -9999 -9999 -9999 -9999 -9999 -9999 -9999 -9999 -9999 -9999 184 185 186 188 192 195 197 197 198 199 201 203 206 209 213 215 218 221 222 224 226 229 232 233 233 235 238 237 238 239 240 239 238 238 237 236 236 237 235 235 234 232 230 229 229 228 228 228 227 227 226 227 226 224 221 219 216 213 210 207 204
223 218 215 212 207 205 203 203 201 196 191 187 184 179 177 176 175 -9999 -9999 -9999 -9999 -9999 -9999 -9999 -9999 -9999 -9999 -9999 -9999 185 186 187 189 191 193 195 197 198 201 205 206 208 208 211 214 217 219 222 225 226 227 229 231 233 236 236 238 241 240 240 241 241 239 240 239 238 238 238 239 239 239 239 237 236 235 234 233 232 232 231 231 231 230 229 228 226 222 218 216 212 208 205
225 218 213 209 207 204 200 195 194 191 186 184 179 176 175 -9999 -9999 -9999 -9999 -9999 -9999 -9999 -9999 -9999 -9999 -9999 -9999 -9999 186 187 189 192 194 196 197 199 201 204 206 209 210 211 214 216 219 221 224 228 231 233 234 234 236 239 242 244 241 242 240 241 242 243 243 242 242 243 242 241 242 242 242 241 238 236 237 238 239 237 236 235 234 233 233 232 231 229 226 222 218 215 212 208
221 216 214 207 204 200 195 193 190 186 182 179 177 175 -9999 -9999 -9999 -9999 -9999 -9999 -9999 -9999 -9999 -9999 184 185 186 187 189 192 194 196 199 201 203 205 206 208 209 212 215 217 218 221 223 225 228 231 232 234 237 239 238 240 242 244 247 249 246 246 247 247 247 248 248 248 247 244 245 245 243 242 238 238 239 240 242 240 239 238 237 236 236 236 234 231 226 223 221 217 213 211
217 212 210 207 201 196 195 189 185 181 179 176 175 174 -9999 -9999 -9999 -9999 -9999 -9999 -9999 -9999 -9999 184 185 187 189 190 193 195 198 202 205 206 209 211 212 215 215 216 219 223 225 227 229 229 229 232 234 235 237 240 240 242 243 244 247 250 251 247 247 248 248 248 250 250 248 246 247 247 245 244 243 240 239 242 245 244 242 241 242 241 239 236 234 233 230 226 223 222 218 214
215 214 206 203 195 192 189 185 182 179 -9999 -9999 172 172 -9999 -9999 -9999 -9999 -9999 -9999 -9999 185 185 186 188 190 193 195 197 199 202 206 210 212 213 216 217 218 221 223 225 229 230 230 234 236 236 235 236 237 237 239 241 243 245 246 248 250 251 252 248 247 246 249 251 248 249 247 245 247 246 244 246 246 243 244 245 246 247 249 245 243 241 240 237 233 232 230 227 225 221 217
210 206 200 196 192 190 188 184 -9999 -9999 -9999 -9999 -9999 -9999 176 177 177 179 179 184 184 186 188 190 193 195 197 200 202 204 206 210 213 215 219 222 223 224 227 229 229 230 233 237 237 236 237 237 240 242 244 241 244 247 247 246 248 250 250 253 253 254 249 248 248 249 248 249 247 247 247 246 246 245 245 245 246 248 249 252 247 245 243 240 238 236 234 230 229 225 223 220
203 201 197 194 -9999 -9999 -9999 -9999 -9999 -9999 -9999 -9999 178 -9999 177 178 179 181 182 184 188 189 192 195 197 199 201 204 206 208 210 213 217 221 224 226 229 230 229 232 234 236 237 238 240 239 241 240 242 244 244 242 245 248 250 252 249 250 250 251 255 256 257 252 251 250 250 249 250 251 252 251 250 250 252 251 250 250 249 249 246 245 246 244 243 240 237 233 230 227 224 222
201 200 -9999 -9999 -9999 -9999 -9999 -9999 -9999 -9999 -9999 -9999 177 -9999 179 179 181 182 183 186 190 191 195 198 199 200 204 206 210 212 214 218 222 226 227 230 233 233 233 236 237 237 239 240 243 245 243 242 244 245 246 245 245 246 247 249 250 250 252 254 254 257 260 257 256 255 257 252 253 255 256 253 250 251 251 252 251 251 251 248 247 245 246 247 248 243 238 236 234 232 229 226
-9999 -9999 -9999 -9999 -9999 -9999 -9999 -9999 -9999 -9999 -9999 -9999 -9999 179 181 182 183 184 186 189 193 196 198 201 203 206 209 210 214 217 220 223 225 230 231 233 234 238 239 239 242 244 245 243 244 246 246 246 246 246 247 248 247 247 249 251 250 252 254 254 255 257 258 256 255 255 256 258 256 253 256 254 252 252 252 253 252 252 253 250 249 249 246 246 248 242 241 239 237 234 232 230
-9999 -9999 -9999 -9999 -9999 -9999 -9999 -9999 -9999 -9999 -9999 -9999 -9999 -9999 183 185 187 188 191 195 200 202 203 204 207 210 213 216 218 220 224 227 229 233 236 238 239 240 241 245 246 249 249 246 248 248 248 248 247 247 249 250 252 250 248 250 251 252 254 254 255 257 255 255 257 257 256 257 256 256 255 256 255 253 253 253 252 251 252 255 253 250 250 248 249 247 243 240 238 236 233 230
-9999 -9999 -9999 -9999 -9999 -9999 -9999 -9999 -9999 -9999 -9999 -9999 -9999 -9999 185 186 188 192 195 199 206 207 208 211 213 215 217 220 222 224 227 229 232 234 238 241 243 246 248 248 249 251 250 253 252 250 250 248 250 251 250 250 249 249 250 253 254 253 255 256 256 257 258 256 257 258 257 257 259 259 257 258 258 256 254 253 253 254 255 254 253 250 250 249 248 246 243 241 238 236 230 227
-9999 -9999 -9999 -9999 -9999 -9999 -9999 -9999 -9999 -9999 -9999 -9999 -9999 -9999 185 186 190 194 199 204 207 210 215 217 217 220 222 224 226 227 228 231 234 235 238 241 242 248 250 252 255 256 257 254 253 251 252 252 253 252 251 250 251 252 251 252 253 255 257 256 256 258 259 258 257 256 255 256 257 257 258 258 258 258 256 255 255 256 255 254 253 252 250 250 247 246 244 242 239 237 231 230
-9999 -9999 -9999 -9999 -9999 -9999 -9999 -9999 -9999 -9999 -9999 -9999 -9999 -9999 -9999 189 191 195 200 206 211 215 219 221 223 225 226 228 230 230 229 232 233 237 239 240 242 247 248 251 255 259 258 255 254 254 255 255 255 253 251 251 252 251 251 250 252 251 253 254 255 258 257 257 256 256 256 255 256 256 254 256 257 256 257 257 257 256 256 254 253 251 250 249 248 248 246 246 243 241 235 233
-9999 -9999 -9999 -9999 -9999 -9999 -9999 -9999 -9999 -9999 -9999 -9999 -9999 -9999 -9999 191 193 198 202 208 212 216 220 224 227 229 230 232 234 234 232 233 232 235 237 239 242 245 248 252 256 256 255 257 257 257 255 254 253 251 250 251 251 252 252 251 251 252 251 252 255 256 257 256 256 257 255 254 255 254 254 253 253 251 254 256 256 256 254 255 255 253 252 251 250 247 246 245 244 243 240 234
-9999 -9999 -9999 -9999 -9999 -9999 -9999 -9999 -9999 -9999 -9999 -9999 -9999 -9999 -9999 192 195 198 201 206 212 216 222 225 228 229 231 233 234 234 233 233 234 237 240 241 243 247 248 250 252 252 256 257 256 253 252 251 250 250 250 251 251 252 252 250 252 253 254 255 254 255 256 256 255 255 254 253 253 251 250 247 248 246 247 249 250 251 252 253 254 253 252 250 250 248 246 245 245 243 242 237
-9999 -9999 -9999 -9999 -9999 -9999 -9999 -9999 -9999 -9999 -9999 -9999 -9999 -9999 -9999 -9999 194 198 202 207 212 216 222 225 229 231 231 232 234 233 231 234 238 240 239 241 243 247 248 248 249 250 254 254 253 251 250 250 250 249 250 250 249 249 250 251 251 251 252 252 254 255 255 255 255 255 254 253 252 250 247 242 241 242 244 246 247 249 250 251 252 251 251 251 249 248 246 244 243 242 243 243
-9999 -9999 -9999 -9999 -9999 -9999 -9999 -9999 -9999 -9999 -9999 -9999 -9999 -9999 -9999 -9999 196 198 202 207 211 216 220 224 228 231 234 234 237 233 230 233 235 236 237 239 243 246 248 248 248 248 250 250 250 250 250 249 248 249 247 246 246 247 247 248 250 250 252 252 255 256 256 257 255 254 254 252 251 247 243 239 237 238 240 242 244 247 249 250 250 251 251 250 250 252 251 249 249 246 249 251
-9999 -9999 -9999 -9999 -9999 -9999 -9999 -9999 -9999 -9999 -9999 -9999 -9999 -9999 -9999 -9999 197 200 203 207 211 216 221 225 229 232 233 237 236 231 231 234 233 236 238 242 242 244 246 245 245 246 247 248 250 249 248 247 246 246 245 245 245 245 246 246 247 249 251 253 255 257 257 256 254 253 253 252 249 244 241 239 239 240 241 243 243 244 246 248 249 250 249 250 250 252 250 251 250 247 249 251
-9999 -9999 -9999 -9999 -9999 -9999 -9999 -9999 -9999 -9999 -9999 -9999 -9999 -9999 -9999 -9999 195 199 204 208 212 216 220 223 227 231 235 237 237 233 231 232 234 235 237 239 240 242 245 247 244 244 246 246 245 245 245 244 243 245 242 243 244 244 245 245 246 248 249 251 253 254 255 255 254 252 251 248 247 244 243 241 241 241 242 242 244 245 245 246 247 248 248 248 247 248 249 249 250 249 247 245
-9999 -9999 -9999 -9999 -9999 -9999 -9999 -9999 -9999 -9999 -9999 -9999 -9999 -9999 -9999 193 196 199 204 209 212 216 221 225 227 230 233 235 236 235 234 235 235 235 237 239 242 243 245 246 244 244 245 245 244 243 241 240 241 241 242 243 242 243 244 244 245 247 249 250 250 251 253 254 254 253 251 249 247 246 245 244 243 243 243 244 244 245 245 245 246 247 247 247 247 248 247 247 250 249 246 245
-9999 -9999 -9999 -9999 -9999 -9999 -9999 -9999 -9999 -9999 -9999 -9999 -9999 -9999 187 191 194 198 202 208 212 216 220 223 226 228 231 233 235 235 236 237 238 237 238 237 240 241 241 241 242 241 241 241 240 239 238 238 237 237 238 239 240 241 242 243 244 245 247 249 250 251 252 253 252 252 251 250 250 250 247 245 244 244 244 245 245 245 246 247 247 247 247 248 248 248 247 248 249 247 246 244
-9999 -9999 -9999 -9999 -9999 -9999 -9999 -9999 -9999 -9999 -9999 -9999 -9999 -9999 186 190 194 196 200 206 211 216 219 221 224 226 228 231 232 234 234 236 237 236 238 238 238 239 238 239 239 238 237 237 236 235 234 233 232 233 234 235 237 238 239 241 243 245 247 248 249 251 253 254 254 254 253 253 251 251 250 247 247 246 245 245 246 246 246 247 247 247 248 248 248 250 249 248 247 246 246 246
-9999 -9999 -9999 -9999 -9999 -9999 -9999 -9999 -9999 -9999 -9999 -9999 -9999 184 185 188 191 195 198 204 208 214 216 218 220 223 225 227 229 230 233 234 236 236 238 238 237 237 236 236 235 234 233 233 232 230 229 229 229 229 229 230 232 235 237 240 242 244 246 248 251 253 255 255 255 255 256 257 256 254 251 249 247 247 247 247 246 246 247 247 248 248 248 249 250 250 249 248 247 248 251 249
-9999 -9999 -9999 -9999 -9999 175 175 175 175 174 175 177 178 181 183 187 189 193 197 201 205 209 212 214 216 218 220 222 226 228 230 230 231 232 234 235 234 234 233 233 234 233 232 230 230 228 228 226 226 225 224 -9999 231 233 236 237 -9999 -9999 250 251 255 256 258 260 259 259 261 262 263 260 255 254 250 248 247 247 247 247 247 247 247 248 249 249 251 251 250 249 249 249 249 249
185 -9999 -9999 172 173 172 172 173 174 173 173 174 177 180 181 184 187 190 194 198 202 205 207 209 211 214 216 218 221 224 226 227 229 233 234 234 233 232 231 232 232 231 231 230 229 228 -9999 224 -9999 -9999 224 -9999 -9999 -9999 -9999 -9999 -9999 -9999 252 253 253 256 260 261 260 260 260 261 262 260 257 256 252 250 248 248 248 247 247 248 247 248 248 250 252 253 252 250 249 251 251 251
183 179 -9999 -9999 -9999 170 171 170 170 170 170 172 174 175 180 184 186 188 192 195 198 202 203 205 207 209 211 214 217 219 222 225 227 229 231 232 232 231 230 -9999 -9999 -9999 -9999 -9999 -9999 -9999 -9999 -9999 -9999 224 223 -9999 -9999 -9999 238 239 242 -9999 251 -9999 -9999 -9999 259 261 260 259 259 257 257 257 256 255 253 251 249 248 247 248 249 248 249 248 249 250 251 253 253 251 250 251 252 252
180 175 170 -9999 -9999 -9999 -9999 -9999 168 168 169 -9999 -9999 175 175 180 -9999 182 188 -9999 -9999 194 197 201 204 205 206 209 212 215 219 222 -9999 -9999 230 -9999 -9999 -9999 -9999 -9999 -9999 -9999 -9999 -9999 -9999 -9999 -9999 -9999 -9999 -9999 -9999 228 -9999 -9999 238 239 -9999 -9999 -9999 259 -9999 -9999 263 263 263 263 262 260 258 256 255 254 253 251 249 249 248 248 249 250 251 250 250 251 252 252 252 251 251 250 250 249
177 172 168 163 -9999 -9999 -9999 -9999 -9999 -9999 -9999 -9999 -9999 -9999 -9999 -9999 -9999 182 -9999 -9999 -9999 193 193 -9999 -9999 201 204 205 -9999 212 -9999 -9999 -9999 -9999 -9999 -9999 -9999 -9999 -9999 -9999 -9999 -9999 228 -9999 -9999 -9999 -9999 -9999 -9999 -9999 -9999 -9999 -9999 -9999 -9999 -9999 248 251 262 265 267 268 270 270 270 269 267 264 262 260 256 253 252 252 251 250 251 251 250 250 249 249 250 251 251 251 251 251 250 250 250 250
174 168 163 -9999 -9999 -9999 -9999 -9999 -9999 -9999 -9999 -9999 -9999 -9999 -9999 -9999 -9999 -9999 -9999 -9999 -9999 -9999 -9999 -9999 -9999 -9999 -9999 -9999 -9999 -9999 -9999 -9999 -9999 -9999 235 236 239 240 235 232 231 230 229 229 230 229 229 228 227 -9999 -9999 -9999 -9999 -9999 -9999 -9999 248 253 261 268 272 274 277 276 275 273 270 267 264 262 258 256 254 251 252 251 250 250 249 249 249 249 249 251 251 251 250 250 250 250 249 250
169 164 -9999 -9999 -9999 -9999 -9999 -9999 -9999 -9999 -9999 -9999 -9999 -9999 -9999 -9999 -9999 -9999 -9999 -9999 -9999 -9999 -9999 -9999 -9999 -9999 -9999 -9999 -9999 -9999 -9999 216 221 230 236 241 242 241 238 235 233 232 232 232 232 232 231 231 232 233 234 237 238 240 242 245 249 256 264 271 275 276 276 275 274 272 270 267 264 260 258 257 254 251 250 248 248 248 248 247 248 249 250 251 251 251 251 251 250 249 249 253
166 161 -9999 -9999 -9999 -9999 -9999 -9999 -9999 -9999 -9999 -9999 -9999 -9999 -9999 -9999 -9999 -9999 -9999 -9999 -9999 -9999 -9999 -9999 -9999 -9999 -9999 -9999 194 198 206 213 221 227 235 241 243 241 238 235 232 231 231 232 234 235 236 235 236 236 237 239 241 242 244 248 252 259 267 273 274 274 274 274 272 270 269 267 264 261 257 255 252 251 249 248 247 245 246 246 248 249 250 252 252 252 252 251 250 254 255 253
164 -9999 -9999 -9999 -9999 -9999 -9999 -9999 -9999 -9999 -9999 -9999 -9999 -9999 -9999 -9999 -9999 -9999 -9999 -9999 -9999 -9999 177 179 178 -9999 182 182 189 195 203 211 219 227 235 240 243 241 237 234 230 229 229 231 233 235 238 239 238 238 239 240 242 244 247 251 255 263 268 272 273 273 272 271 270 269 268 265 262 259 256 254 252 250 248 245 245 245 245 246 248 250 252 253 253 253 254 254 254 257 257 254
-9999 -9999 -9999 -9999 -9999 -9999 -9999 -9999 -9999 -9999 -9999 -9999 -9999 -9999 -9999 -9999 -9999 -9999 -9999 -9999 175 176 177 178 177 177 176 181 185 190 199 208 216 224 231 237 240 238 233 229 226 224 225 228 232 235 238 240 239 240 240 242 243 245 248 253 258 263 268 272 272 272 270 270 269 268 265 263 260 258 256 252 250 247 246 244 243 243 244 246 247 250 252 253 254 253 253 254 255 256 255 252
-9999 -9999 -9999 -9999 -9999 -9999 -9999 -9999 -9999 -9999 -9999 -9999 -9999 -9999 -9999 -9999 -9999 -9999 -9999 -9999 -9999 -9999 175 176 176 175 174 173 183 188 196 205 213 220 227 232 234 232 228 223 219 219 221 226 231 236 239 243 242 242 242 244 245 247 250 255 258 263 266 268 271 271 270 268 268 268 266 262 260 256 255 252 249 246 244 241 241 242 243 245 246 249 251 253 255 256 253 249 248 252 252 250
-9999 -9999 -9999 -9999 -9999 -9999 -9999 -9999 -9999 -9999 -9999 -9999 -9999 -9999 -9999 -9999 -9999 -9999 -9999 172 173 175 177 176 176 175 174 173 176 188 196 205 213 220 225 228 228 226 222 217 213 212 216 222 230 237 241 244 244 245 246 245 247 248 251 255 259 261 264 266 269 270 268 267 267 267 265 261 258 256 254 250 247 244 241 238 238 240 241 243 245 247 249 253 258 259 257 252 247 246 246 246
-9999 -9999 -9999 150 -9999 -9999 -9999 -9999 -9999 -9999 -9999 -9999 -9999 -9999 -9999 -9999 -9999 -9999 170 172 175 177 179 178 178 177 176 176 -9999 -9999 199 205 213 218 223 225 225 222 218 213 210 208 213 221 230 239 243 245 245 245 246 246 248 249 252 255 258 260 265 267 269 270 270 267 265 264 262 260 258 254 251 248 245 242 239 237 236 238 240 243 246 246 247 251 255 258 255 253 248 244 240 238
