resultados/variables_proyeccion_tiempo/variables_paleo_130k/bio1.asc
ncols 330
nrows 228
xllcorner -12.000000
yllcorner 34.000000
cellsize 0.166667
NODATA_value -9999
[rows 0 to 48 of 228, columns 192 to 287 of 330]
-9999 -9999 -9999 -9999 -9999 -9999 -9999 -9999 -9999 -9999 -9999 -9999 -9999 -9999 -9999 -9999 -9999 -9999 -9999 -9999 -9999 -9999 -9999 -9999 -9999 -9999 -9999 -9999 -9999 -9999 -9999 -9999 -9999 -9999 -9999 -9999 -9999 -9999 -9999 -9999 -9999 -9999 -9999 -9999 -9999 -9999 -9999 -9999 -9999 -9999 -9999 -9999 -9999 -9999 -9999 -9999 -9999 -9999 -9999 -9999 -9999 -9999 -9999 -9999 -9999 -9999 -9999 -9999 -9999 -9999 -9999 -9999 -9999 -9999 -9999 -9999 -9999 -9999 -9999 -9999 -9999 -9999 -9999 -9999 -9999 -9999 -9999 -9999 -9999 -9999 -9999 -9999 -9999 -9999 -9999 -9999
-9999 -9999 -9999 -9999 -9999 -9999 -9999 -9999 -9999 -9999 -9999 -9999 -9999 -9999 -9999 -9999 -9999 -9999 -9999 -9999 -9999 -9999 -9999 -9999 -9999 -9999 -9999 -9999 -9999 -9999 -9999 -9999 -9999 -9999 -9999 -9999 -9999 -9999 -9999 -9999 -9999 -9999 -9999 -9999 -9999 -9999 -9999 -9999 -9999 -9999 -9999 -9999 -9999 -9999 -9999 -9999 -9999 -9999 -9999 -9999 -9999 -9999 -9999 -9999 -9999 -9999 -9999 -9999 -9999 -9999 -9999 -9999 -9999 -9999 -9999 -9999 -9999 -9999 -9999 -9999 -9999 -9999 -9999 -9999 -9999 -9999 -9999 -9999 -9999 -9999 -9999 -9999 -9999 -9999 -9999 -9999
-9999 -9999 -9999 -9999 -9999 -9999 -9999 -9999 -9999 -9999 -9999 -9999 -9999 -9999 -9999 -9999 -9999 -9999 -9999 -9999 -9999 -9999 -9999 -9999 -9999 -9999 -9999 -9999 -9999 -9999 -9999 -9999 -9999 -9999 -9999 -9999 -9999 -9999 -9999 -9999 -9999 -9999 -9999 -9999 -9999 -9999 -9999 -9999 -9999 -9999 -9999 -9999 -9999 -9999 -9999 -9999 -9999 -9999 -9999 -9999 -9999 -9999 -9999 -9999 -9999 -9999 -9999 -9999 -9999 -9999 -9999 -9999 -9999 -9999 -9999 -9999 -9999 -9999 -9999 -9999 -9999 -9999 -9999 -9999 -9999 -9999 -9999 -9999 -9999 -9999 -9999 -9999 -9999 -9999 -9999 -9999
-9999 -9999 -9999 -9999 -9999 -9999 -9999 -9999 -9999 -9999 -9999 -9999 -9999 -9999 -9999 -9999 -9999 -9999 -9999 -9999 -9999 -9999 -9999 -9999 -9999 -9999 -9999 -9999 -9999 -9999 -9999 -9999 -9999 -9999 -9999 -9999 -9999 -9999 -9999 -9999 -9999 -9999 -9999 -9999 -9999 -9999 -9999 -9999 -9999 -9999 -9999 -9999 -9999 -9999 -9999 -9999 -9999 -9999 -9999 -9999 -9999 -9999 -9999 -9999 -9999 -9999 -9999 -9999 -9999 -9999 -9999 -9999 -9999 -9999 -9999 -9999 -9999 -9999 -9999 -9999 -9999 -9999 -9999 -9999 -9999 -9999 -9999 -9999 -9999 -9999 -9999 -9999 -9999 -9999 -9999 -9999
-9999 -9999 -9999 -9999 -9999 -9999 -9999 -9999 -9999 -9999 -9999 -9999 -9999 -9999 -9999 -9999 -9999 -9999 -9999 -9999 -9999 -9999 -9999 -9999 -9999 -9999 -9999 -9999 -9999 -9999 -9999 -9999 -9999 -19 -18 -9999 -9999 -9999 -9999 -9999 -9999 -9999 -9999 -9999 -9999 -9999 -9999 -9999 -9999 -9999 -9999 -9999 -9999 -9999 -9999 -9999 -9999 -9999 -9999 -9999 -9999 -9999 -9999 -9999 -9999 -9999 -9999 -9999 -9999 -9999 -9999 -9999 -9999 -9999 -9999 -9999 -9999 -9999 -9999 -9999 -9999 -9999 -9999 -9999 -9999 -9999 -9999 -9999 -9999 -9999 -9999 -9999 -9999 -9999 -9999 -9999
-9999 -9999 -9999 -9999 -9999 -9999 -9999 -9999 -9999 -9999 -9999 -9999 -9999 -9999 -9999 -9999 -9999 -9999 -9999 -9999 -9999 -9999 -9999 -27 -21 -9999 -9999 -29 -25 -24 -22 -27 -26 -28 -25 -23 -22 -22 -9999 -9999 -9999 -9999 -9999 -12 -7 -10 -3 -0 -1 3 -9999 -9999 -9999 -9999 -9999 -9999 -9999 -9999 -9999 -9999 -9999 -9999 -9999 -9999 -9999 -9999 -9999 -9999 -9999 -9999 -9999 -9999 -9999 -9999 -9999 -9999 -9999 -9999 -9999 -9999 -9999 -9999 -9999 -9999 -9999 -9999 -9999 -9999 -9999 -9999 -9999 -9999 -9999 -9999 -9999 -9999
-9999 -9999 -9999 -9999 -9999 -9999 -9999 -9999 -9999 -9999 -9999 -9999 -9999 -9999 -9999 -9999 -9999 -23 -22 -26 -24 -9999 -23 -26 -25 -27 -25 -29 -32 -28 -28 -26 -25 -29 -21 -22 -20 -18 -27 -22 -12 -9999 -13 -10 -8 -10 -10 -8 -9 -11 -7 0 -4 -1 2 1 -9999 -9999 -9999 -9999 -9999 -9999 -9999 -9999 -9999 -9999 -9999 -9999 -9999 -9999 -9999 -9999 -9999 -9999 -9999 -9999 -9999 -9999 -9999 -9999 -9999 -9999 -9999 -9999 -9999 -9999 -9999 -9999 -9999 -9999 -9999 -9999 -9999 -9999 -9999 -9999
-9999 -9999 -9999 -9999 -9999 -9999 -9999 -9999 -9999 -9999 -9999 -9999 -9999 -20 -24 -23 -29 -25 -26 -27 -26 -28 -28 -28 -27 -28 -29 -27 -34 -38 -37 -32 -28 -25 -20 -16 -23 -32 -29 -23 -11 -9999 -11 -14 -16 -16 -13 -10 -4 -9 1 -9 -8 -12 -10 -2 -4 -9 -7 -5 -3 1 -9999 -9999 -9999 -9999 -9999 -9999 -9999 -9999 -9999 -9999 -9999 -9999 -9999 -9999 -9999 -9999 -9999 -9999 -9999 -9999 -9999 -9999 -9999 -9999 -9999 -9999 -9999 -9999 -9999 -9999 -9999 -9999 -9999 -9999
-9999 -9999 -9999 -9999 -9999 -9999 -9999 -9999 -9999 -9999 -9999 -20 -20 -23 -29 -26 -28 -30 -27 -29 -27 -23 -33 -36 -27 -36 -43 -32 -31 -33 -34 -33 -23 -9999 -19 -22 -27 -28 -30 -19 -8 -9 -16 -15 -16 -18 -16 -16 -18 -10 -14 -16 -17 -16 -7 -11 -14 -9 -6 -10 -6 -6 -2 2 -9999 -9999 -9999 -9999 -9999 -9999 -9999 -9999 -9999 -9999 -9999 -9999 -9999 -9999 -9999 -9999 -9999 -9999 -9999 -9999 -9999 -9999 -9999 -9999 -9999 -9999 -9999 -9999 -9999 -9999 -9999 -9999
-9999 -9999 -9999 -9999 -9999 -9999 -9999 -9999 -13 -9999 -19 -9999 -16 -19 -28 -30 -29 -34 -44 -44 -40 -33 -35 -38 -42 -37 -35 -35 -35 -33 -28 -22 -23 -24 -25 -27 -31 -32 -24 -15 -18 -18 -20 -22 -21 -19 -12 -7 -2 -5 -7 -9 -13 -14 -12 -10 -13 -18 -14 -11 -9 -10 -8 -5 -2 -1 3 -9999 -9999 -9999 -9999 -9999 -9999 -9999 -9999 -9999 -9999 -9999 -9999 -9999 -9999 -9999 -9999 -9999 -9999 -9999 -9999 -9999 -9999 -9999 -9999 -9999 -9999 -9999 -9999 -9999
2 -14 -12 -16 -24 -9999 -9999 -18 -25 -26 -26 -38 -38 -31 -37 -38 -39 -31 -39 -36 -31 -38 -43 -41 -36 -38 -40 -39 -37 -30 -24 -24 -34 -34 -40 -35 -33 -30 -32 -29 -24 -22 -22 -21 -20 -15 -11 -8 -4 -6 -6 -8 -11 -10 -6 -6 -12 -15 -17 -14 -6 -2 -0 -3 -1 -0 1 -9999 -9999 -9999 -9999 -9999 -9999 -9999 -9999 -9999 -9999 -9999 -9999 -9999 -9999 -9999 -9999 -9999 -9999 -9999 -9999 -9999 -9999 -9999 -9999 -9999 -9999 -9999 -9999 -9999
-2 -9999 -20 -19 -23 -16 -6 -14 -22 -30 -40 -37 -39 -34 -36 -42 -41 -31 -24 -30 -34 -37 -44 -48 -41 -38 -43 -45 -39 -31 -24 -39 -50 -48 -44 -48 -44 -50 -44 -36 -31 -28 -24 -20 -14 -11 -9 -7 -6 -7 -5 -4 -3 -4 -2 -2 -2 -5 -4 0 2 2 6 -9999 -9999 -9999 -9999 -9999 -9999 -9999 -9999 -9999 -9999 -9999 -9999 -9999 -9999 -9999 -9999 -9999 -9999 -9999 -9999 -9999 -9999 -9999 -9999 -9999 -9999 -9999 -9999 -9999 -9999 -9999 -9999 -9999
-8 -24 -8 -19 -21 -16 -13 -24 -30 -30 -21 -24 -34 -42 -48 -51 -47 -41 -29 -24 -26 -35 -41 -44 -43 -42 -52 -57 -54 -33 -31 -41 -47 -44 -48 -51 -46 -40 -30 -31 -26 -22 -21 -19 -18 -19 -16 -9 -8 -13 -14 -13 -12 -11 -12 -8 -5 -4 -3 -2 0 -3 -0 -9999 -9999 -9999 -9999 -9999 -9999 -0 -9999 -3 -7 -7 -7 -9999 -9999 -9999 -9999 -9999 -9999 -9999 -9999 -9999 -9999 -9999 -9999 -9999 -9999 -9999 -9999 -9999 -9999 -9999 -9999 -9999
-31 -26 -2 -32 -26 -34 -18 -26 -48 -49 -38 -35 -31 -37 -46 -50 -46 -45 -41 -37 -39 -41 -40 -43 -44 -41 -44 -48 -45 -38 -35 -36 -38 -39 -39 -35 -35 -33 -35 -32 -27 -21 -21 -23 -20 -20 -22 -16 -14 -13 -13 -14 -8 -5 -6 -3 -2 -2 -2 0 1 -3 -2 -6 -8 -5 -10 -9 -4 -2 -8 -12 -9 -11 -9 -10 -12 -11 -7 -9999 -9999 -9999 -9999 -9999 -9999 -9999 -9999 -9999 -9999 -9999 -9999 -9999 -9999 -9999 -9999 -9999
-30 -10 -25 -26 -41 -48 -44 -28 -43 -57 -51 -60 -58 -53 -46 -48 -49 -51 -50 -44 -41 -42 -41 -44 -41 -41 -41 -43 -44 -42 -39 -38 -39 -38 -34 -33 -36 -37 -37 -31 -27 -25 -21 -20 -21 -21 -19 -16 -14 -11 -9 -7 -5 -5 -4 -3 -5 -7 -5 -1 -0 -0 -5 -9 -11 -7 -5 -4 -10 -12 -11 -9 -7 -12 -9 -12 -12 -13 -9 -9999 -9999 -9999 -9999 -9999 -9999 -9999 -9999 -9999 -9999 -9999 -9999 -9999 -9999 -9999 -9999 -9999
-26 -11 -43 -40 -56 -44 -50 -47 -43 -41 -41 -47 -51 -53 -46 -42 -46 -51 -44 -42 -41 -38 -40 -42 -40 -38 -39 -39 -39 -38 -36 -36 -38 -37 -34 -35 -35 -35 -34 -30 -28 -26 -23 -21 -20 -18 -16 -15 -13 -10 -8 -7 -6 -8 -9 -8 -6 -3 -1 -0 0 -6 -14 -13 -9 -5 -4 -9 -11 -10 -11 -12 -11 -10 -9 -11 -11 -10 -10 -14 -11 -9999 -9999 -14 -16 -17 -16 -9999 -9999 -9999 -9999 -9999 -9999 -9999 -9999 -9999
-36 -45 -36 -39 -48 -55 -55 -56 -54 -49 -47 -41 -41 -44 -43 -40 -38 -44 -43 -41 -40 -36 -37 -39 -41 -41 -39 -40 -36 -37 -39 -40 -39 -36 -34 -37 -38 -35 -32 -30 -26 -23 -21 -19 -18 -17 -14 -12 -10 -9 -8 -8 -9 -8 -6 -3 -5 -4 -9 -7 -7 -10 -11 -10 -10 -11 -8 -11 -14 -13 -13 -11 -9 -12 -13 -11 -9 -10 -11 -10 -9 -11 -12 -16 -18 -17 -16 -15 -17 -16 -15 -15 -16 -14 -14 -14
-38 -38 -39 -43 -33 -43 -49 -50 -43 -41 -41 -42 -40 -40 -40 -40 -37 -36 -35 -36 -39 -40 -38 -41 -39 -38 -38 -38 -38 -41 -39 -38 -36 -34 -32 -35 -37 -35 -33 -30 -28 -24 -20 -18 -16 -14 -13 -11 -10 -9 -9 -9 -10 -7 -5 -4 -7 -10 -11 -9 -8 -8 -8 -10 -12 -14 -16 -14 -12 -11 -12 -13 -13 -12 -11 -15 -15 -13 -10 -10 -10 -10 -13 -17 -19 -21 -19 -19 -19 -18 -17 -17 -17 -17 -15 -16
-43 -40 -37 -37 -35 -32 -38 -42 -43 -44 -42 -38 -36 -36 -38 -39 -37 -35 -34 -37 -40 -42 -42 -41 -39 -39 -39 -39 -39 -38 -38 -36 -34 -32 -31 -31 -31 -28 -26 -24 -22 -23 -21 -18 -16 -15 -13 -12 -11 -11 -11 -10 -10 -8 -8 -8 -10 -10 -9 -9 -10 -9 -9 -11 -11 -13 -12 -12 -12 -15 -15 -13 -15 -16 -15 -13 -13 -12 -10 -14 -16 -16 -15 -18 -19 -19 -19 -19 -20 -21 -20 -19 -18 -16 -18 -20
-40 -43 -39 -39 -41 -43 -40 -35 -34 -39 -42 -41 -40 -36 -38 -39 -40 -38 -37 -35 -37 -38 -40 -40 -41 -42 -42 -41 -40 -38 -36 -35 -34 -33 -38 -34 -32 -28 -27 -29 -28 -26 -24 -22 -20 -16 -16 -15 -15 -16 -16 -14 -14 -12 -11 -10 -10 -9 -9 -10 -8 -8 -7 -8 -7 -8 -9 -8 -11 -13 -11 -10 -12 -12 -14 -13 -11 -13 -11 -16 -17 -17 -18 -21 -21 -19 -20 -22 -22 -22 -19 -18 -17 -17 -20 -23
-37 -37 -37 -35 -36 -36 -37 -38 -40 -37 -33 -33 -35 -32 -33 -36 -36 -35 -36 -35 -34 -36 -40 -37 -37 -39 -38 -38 -38 -38 -35 -34 -35 -34 -34 -36 -34 -32 -32 -31 -31 -28 -26 -22 -21 -20 -21 -18 -17 -18 -18 -12 -12 -10 -10 -9 -8 -8 -9 -8 -9 -11 -9 -8 -8 -7 -7 -7 -9 -9 -9 -10 -10 -16 -19 -19 -18 -17 -15 -14 -17 -19 -17 -19 -21 -22 -20 -24 -22 -19 -19 -18 -17 -21 -20 -23
-30 -32 -35 -37 -36 -33 -33 -34 -34 -34 -35 -33 -30 -30 -31 -32 -31 -31 -31 -30 -32 -31 -32 -31 -32 -32 -33 -34 -35 -35 -35 -34 -32 -32 -31 -30 -30 -30 -29 -28 -28 -27 -27 -26 -27 -26 -21 -19 -18 -15 -16 -17 -15 -15 -15 -13 -12 -11 -13 -18 -15 -16 -12 -11 -14 -12 -11 -12 -10 -9 -12 -17 -15 -17 -23 -20 -19 -17 -20 -15 -15 -18 -23 -26 -24 -22 -21 -23 -22 -21 -20 -18 -20 -22 -23 -23
-19 -25 -31 -32 -33 -35 -34 -33 -30 -31 -32 -31 -32 -33 -35 -33 -31 -30 -28 -29 -30 -31 -37 -34 -30 -32 -32 -32 -32 -31 -33 -32 -31 -31 -30 -29 -29 -29 -28 -27 -27 -27 -26 -26 -26 -27 -24 -25 -27 -26 -27 -24 -19 -21 -18 -13 -13 -12 -14 -11 -10 -11 -9 -8 -12 -23 -20 -17 -20 -16 -19 -21 -22 -20 -24 -20 -22 -21 -17 -16 -17 -19 -23 -25 -25 -21 -20 -19 -20 -19 -18 -17 -19 -20 -21 -23
-23 -21 -21 -25 -27 -28 -30 -32 -29 -27 -27 -29 -32 -32 -33 -35 -32 -29 -28 -27 -27 -26 -28 -30 -34 -27 -27 -26 -26 -27 -27 -26 -28 -28 -29 -27 -26 -26 -26 -26 -25 -25 -25 -25 -24 -23 -21 -21 -20 -20 -21 -20 -19 -18 -18 -16 -14 -12 -11 -12 -12 -9 -9 -10 -11 -12 -14 -22 -26 -29 -25 -26 -23 -24 -33 -22 -18 -19 -19 -17 -18 -21 -21 -22 -22 -21 -20 -20 -20 -18 -16 -17 -19 -20 -20 -20
-24 -23 -20 -22 -21 -23 -23 -23 -26 -27 -28 -27 -26 -27 -30 -32 -31 -29 -27 -25 -24 -24 -26 -27 -28 -29 -27 -25 -23 -23 -23 -23 -24 -25 -28 -29 -28 -28 -28 -25 -23 -24 -25 -24 -22 -21 -21 -21 -21 -20 -21 -20 -18 -16 -17 -17 -17 -15 -14 -14 -11 -10 -14 -15 -14 -16 -22 -19 -20 -23 -27 -29 -30 -24 -42 -33 -25 -18 -17 -16 -21 -23 -27 -27 -23 -17 -23 -31 -30 -27 -17 -15 -17 -17 -18 -19
-24 -24 -25 -24 -22 -20 -21 -19 -19 -21 -22 -24 -25 -24 -25 -26 -25 -26 -24 -24 -22 -23 -24 -26 -26 -27 -25 -23 -22 -22 -22 -22 -23 -24 -25 -26 -26 -26 -24 -22 -21 -22 -22 -22 -22 -21 -21 -22 -23 -19 -19 -18 -16 -17 -17 -17 -19 -21 -20 -17 -12 -11 -11 -13 -17 -15 -16 -17 -18 -23 -22 -21 -19 -21 -38 -27 -22 -18 -16 -29 -46 -43 -44 -35 -27 -19 -22 -37 -32 -25 -15 -17 -16 -18 -19 -19
-25 -24 -24 -26 -24 -22 -23 -24 -23 -22 -22 -22 -21 -20 -22 -22 -22 -24 -25 -23 -20 -20 -23 -22 -23 -25 -22 -22 -21 -19 -19 -20 -21 -20 -22 -22 -21 -22 -21 -20 -20 -20 -19 -20 -19 -19 -20 -20 -20 -19 -17 -15 -15 -16 -17 -18 -20 -22 -21 -20 -20 -20 -18 -17 -17 -16 -16 -17 -18 -17 -17 -18 -19 -21 -21 -20 -19 -18 -17 -17 -24 -28 -33 -33 -23 -15 -14 -15 -16 -17 -16 -18 -19 -18 -17 -19
-27 -28 -29 -27 -24 -24 -23 -22 -22 -22 -23 -22 -20 -17 -18 -18 -18 -20 -20 -17 -17 -17 -17 -19 -20 -19 -20 -19 -18 -18 -19 -20 -20 -19 -20 -20 -20 -21 -20 -19 -19 -19 -20 -20 -18 -17 -17 -18 -16 -15 -16 -17 -19 -19 -19 -19 -19 -23 -22 -19 -20 -22 -23 -18 -17 -20 -22 -27 -26 -21 -23 -20 -19 -21 -20 -20 -22 -22 -18 -18 -19 -18 -16 -15 -14 -14 -17 -18 -17 -18 -16 -15 -17 -19 -20 -18
-23 -23 -24 -23 -25 -25 -24 -22 -19 -19 -24 -22 -19 -17 -16 -15 -15 -16 -16 -16 -16 -15 -15 -16 -17 -19 -20 -18 -17 -16 -18 -17 -17 -17 -17 -18 -19 -21 -20 -19 -18 -18 -19 -16 -14 -14 -16 -15 -14 -13 -14 -15 -16 -17 -18 -16 -18 -18 -18 -18 -19 -20 -24 -25 -23 -25 -27 -29 -26 -24 -22 -22 -22 -20 -20 -24 -24 -25 -26 -20 -17 -15 -14 -14 -13 -13 -12 -17 -17 -15 -15 -14 -14 -15 -17 -16
-23 -22 -22 -24 -19 -19 -17 -16 -16 -16 -16 -17 -19 -16 -15 -13 -14 -16 -18 -17 -16 -15 -14 -14 -15 -16 -16 -16 -15 -14 -13 -14 -17 -15 -15 -16 -18 -17 -16 -17 -19 -19 -18 -15 -14 -13 -13 -14 -15 -18 -16 -13 -12 -13 -14 -15 -15 -19 -17 -17 -19 -19 -19 -20 -20 -21 -20 -26 -28 -26 -19 -17 -15 -16 -17 -20 -20 -24 -20 -18 -13 -12 -13 -11 -9 -10 -12 -14 -14 -15 -13 -12 -12 -11 -12 -12
-19 -20 -21 -19 -20 -21 -19 -16 -14 -12 -12 -11 -14 -15 -14 -12 -11 -12 -13 -16 -14 -12 -10 -9 -13 -14 -13 -14 -15 -12 -13 -12 -11 -12 -13 -16 -14 -14 -15 -17 -17 -16 -16 -15 -12 -12 -13 -13 -13 -13 -13 -12 -12 -13 -16 -16 -16 -16 -20 -21 -18 -13 -12 -14 -14 -13 -17 -14 -17 -17 -16 -16 -15 -18 -17 -15 -12 -19 -24 -19 -13 -11 -11 -10 -9 -9 -9 -11 -11 -11 -10 -11 -11 -10 -9 -8
-13 -14 -18 -20 -18 -16 -17 -19 -17 -15 -12 -10 -9 -9 -13 -12 -9 -11 -11 -13 -15 -12 -9 -7 -12 -11 -10 -11 -10 -12 -13 -11 -8 -9 -10 -11 -11 -10 -13 -14 -14 -16 -16 -13 -11 -11 -12 -12 -11 -13 -15 -15 -16 -16 -16 -19 -19 -20 -19 -18 -15 -12 -10 -10 -12 -11 -13 -18 -13 -12 -12 -12 -13 -14 -15 -15 -12 -11 -9 -10 -10 -8 -10 -9 -7 -7 -7 -8 -8 -9 -9 -10 -10 -10 -9 -8
-13 -13 -9 -14 -15 -14 -14 -16 -18 -16 -14 -11 -9 -7 -7 -9 -7 -9 -10 -10 -10 -10 -8 -7 -10 -9 -7 -8 -8 -9 -10 -9 -8 -7 -7 -7 -7 -8 -10 -10 -11 -12 -12 -11 -10 -12 -11 -10 -11 -13 -14 -14 -15 -15 -14 -14 -17 -18 -17 -18 -18 -15 -13 -10 -10 -10 -11 -12 -16 -15 -13 -13 -13 -12 -13 -14 -12 -10 -10 -9 -8 -7 -9999 -9999 -9999 -9999 -5 -6 -5 -5 -6 -7 -8 -8 -8 -8
-14 -11 -8 -5 -7 -9 -10 -11 -11 -12 -9 -13 -13 -7 -5 -4 -4 -4 -7 -9 -9 -5 -6 -7 -6 -6 -6 -8 -8 -8 -7 -6 -4 -5 -7 -5 -5 -6 -7 -8 -9 -11 -11 -10 -11 -16 -15 -13 -12 -12 -13 -15 -15 -13 -12 -13 -14 -15 -15 -16 -19 -18 -13 -11 -8 -9 -13 -13 -14 -15 -14 -13 -14 -13 -12 -12 -12 -11 -9 -9 -8 -7 -5 -5 -9999 -9999 -9999 -9999 -9999 -9999 -2 -3 -4 -6 -6 -6
-16 -11 -8 -7 -3 -3 -5 -7 -5 -5 -2 -6 -9 -9 -6 -6 -4 -3 -6 -6 -6 -4 -4 -4 -5 -6 -6 -5 -4 -3 -3 -2 -3 -4 -5 -5 -7 -8 -8 -10 -9 -8 -9 -9 -11 -15 -14 -13 -12 -12 -14 -15 -12 -12 -13 -15 -13 -12 -13 -16 -17 -16 -14 -12 -10 -11 -11 -13 -15 -13 -13 -13 -14 -15 -14 -13 -11 -10 -10 -9 -8 -8 -7 -6 -5 -3 -9999 -9999 -9999 -9999 -9999 -9999 -9999 -9999 -9999 -9999
-11 -11 -11 -9 -3 0 -3 -4 -3 -1 1 -1 -3 -4 -3 -2 -0 -2 -3 -3 -2 -2 -1 -1 -1 -2 -1 -1 -0 -0 0 -0 -2 -3 -4 -4 -5 -5 -6 -7 -8 -8 -9 -9 -11 -12 -13 -13 -11 -12 -12 -11 -12 -13 -14 -15 -15 -13 -15 -15 -15 -16 -16 -11 -8 -9 -9 -11 -13 -13 -13 -14 -14 -14 -13 -12 -12 -11 -11 -10 -9 -9 -8 -7 -6 -5 -4 -2 -9999 -9999 -9999 -9999 -9999 -9999 -9999 -9999
-3 -4 -5 -7 -6 -4 -3 2 2 2 3 1 2 2 3 2 1 2 1 1 1 0 1 1 2 2 2 2 2 1 -0 -0 -1 -1 -2 -3 -3 -3 -4 -5 -6 -7 -6 -6 -7 -9 -12 -12 -11 -10 -10 -12 -12 -13 -13 -12 -13 -12 -13 -13 -14 -15 -14 -15 -13 -10 -9 -9 -10 -11 -12 -12 -13 -13 -13 -12 -10 -10 -10 -10 -9 -9 -8 -8 -6 -5 -4 -2 -0 1 -9999 -9999 -9999 -9999 -9999 -9999
-10 -6 -5 2 -1 2 2 1 1 3 6 5 5 5 5 4 4 4 4 4 3 3 3 3 4 4 4 4 4 3 3 2 1 1 -0 -1 -2 -2 -3 -3 -4 -5 -3 -4 -5 -10 -10 -11 -11 -11 -9 -9 -10 -10 -11 -11 -11 -12 -13 -13 -13 -13 -11 -11 -11 -11 -9 -9 -10 -9 -9 -10 -10 -11 -11 -11 -9 -10 -9 -8 -8 -7 -7 -6 -5 -4 -3 -1 -0 -0 -9999 -9999 -9999 -9999 -9999 -9999
-13 -10 -7 -4 -1 1 3 5 4 5 7 7 7 6 7 6 6 6 6 -9999 -9999 -9999 5 5 -9999 -9999 -9999 5 6 5 6 5 4 3 2 1 1 0 -0 -1 -2 -2 -2 -2 -4 -5 -7 -7 -8 -7 -8 -8 -8 -8 -9 -10 -10 -10 -11 -10 -11 -10 -9 -9 -10 -10 -11 -11 -11 -10 -10 -9 -9 -9 -10 -10 -9 -8 -8 -7 -7 -6 -6 -5 -4 -3 -2 -1 -1 1 -9999 -9999 -9999 -9999 -9999 -9999
-9 -8 -8 -7 -4 -0 5 8 8 8 8 8 8 8 8 7 7 -9999 -9999 -9999 -9999 -9999 -9999 -9999 -9999 -9999 -9999 -9999 7 8 8 8 7 5 4 4 2 1 1 1 0 -0 -1 -1 -2 -3 -4 -4 -6 -7 -7 -7 -7 -8 -8 -8 -8 -7 -9 -9 -9 -8 -7 -7 -8 -9 -10 -10 -11 -10 -10 -10 -10 -9 -9 -9 -9 -8 -7 -6 -7 -6 -5 -4 -3 -2 -1 -1 0 -9999 -9999 -9999 -9999 -9999 -9999 -9999
-5 -4 -5 -4 -3 -1 3 7 9 10 10 10 -9999 -9999 -9999 -9999 -9999 -9999 -9999 -9999 -9999 -9999 -9999 -9999 -9999 -9999 -9999 -9999 -9999 -9999 -9999 9 8 7 6 5 3 2 2 2 2 1 1 0 -1 -2 -3 -2 -3 -5 -6 -7 -8 -7 -6 -6 -6 -6 -7 -8 -6 -4 -4 -4 -6 -5 -5 -7 -7 -7 -8 -9 -9 -8 -8 -8 -7 -7 -7 -7 -6 -6 -5 -4 -3 -2 -1 -1 -1 -9999 -9999 -9999 -9999 -9999 1 1
-4 -3 -1 -2 2 5 7 9 10 11 11 -9999 -9999 -9999 -9999 -9999 -9999 -9999 -9999 -9999 -9999 -9999 -9999 -9999 -9999 -9999 -9999 10 11 11 11 10 9 8 7 6 5 4 4 3 3 2 2 1 -0 -2 -2 -5 -1 -2 -4 -5 -6 -6 -4 -5 -5 -7 -7 -7 -5 -3 -2 -3 -2 -4 -4 -3 -4 -4 -6 -6 -6 -6 -6 -6 -6 -5 -5 -6 -6 -5 -5 -4 -3 -2 -1 -1 -1 -9999 -9999 -9999 -9999 1 1 2
1 1 2 5 5 9 11 12 12 -9999 -9999 -9999 -9999 -9999 -9999 -9999 -9999 -9999 -9999 -9999 -9999 -9999 -9999 -9999 -9999 -9999 -9999 10 11 12 12 13 13 10 9 8 7 6 5 4 4 3 2 1 1 0 -2 -5 -3 -2 -4 -3 -3 -2 -3 -3 -5 -4 -4 -4 -4 -3 -2 -2 -2 -5 -4 -5 -6 -4 -4 -4 -4 -4 -4 -4 -4 -4 -5 -6 -5 -4 -3 -2 -1 -1 -1 -0 1 1 0 1 -9999 3 2 3
-0 2 5 7 9 10 12 13 -9999 -9999 -9999 -9999 -9999 -9999 -9999 -9999 -9999 -9999 -9999 -9999 -9999 -9999 -9999 -9999 -9999 -9999 12 12 12 11 12 12 12 12 11 10 8 7 6 6 4 3 2 1 0 -1 -1 -3 -5 -2 0 1 -0 -1 -1 -1 -2 -2 -3 -4 -6 -5 -4 -4 -5 -4 -4 -5 -4 -3 -3 -3 -3 -3 -3 -4 -5 -5 -5 -4 -3 -3 -3 -4 -3 -1 -0 1 1 2 2 -9999 -9999 4 -9999 -9999
1 1 4 8 10 12 12 13 15 15 -9999 -9999 -9999 -9999 -9999 -9999 -9999 -9999 -9999 -9999 -9999 -9999 -9999 -9999 -9999 13 12 10 9 10 11 11 11 11 10 9 8 7 5 5 5 4 4 3 2 1 0 1 -0 -0 2 1 0 0 0 -1 -2 -1 -2 -4 -4 -4 -5 -4 -3 -4 -4 -4 -4 -4 -4 -3 -3 -2 -3 -4 -5 -5 -4 -3 -3 -3 -3 -3 -2 -1 -0 1 2 2 2 -9999 -9999 4 4 -9999
2 2 7 7 8 11 13 14 15 15 -9999 -9999 -9999 -9999 -9999 -9999 -9999 -9999 -9999 -9999 -9999 -9999 -9999 13 13 12 12 10 9 9 10 10 10 10 10 9 8 8 7 7 6 6 6 5 4 3 4 4 3 1 2 2 1 0 1 1 0 1 1 -0 -2 -2 -3 -3 -2 -2 -1 -2 -2 -2 -3 -3 -3 -3 -4 -4 -3 -3 -3 -2 -3 -2 -2 -2 -2 -1 1 1 2 3 4 5 5 4 5 5
2 4 6 9 11 14 15 16 17 -9999 -9999 -9999 -9999 -9999 -9999 -9999 -9999 -9999 -9999 -9999 -9999 14 14 13 12 12 12 12 11 11 10 9 9 9 10 10 9 8 8 7 6 7 7 7 6 5 5 5 5 2 3 3 2 3 4 2 2 3 2 1 -1 -2 -3 -4 -3 -3 -3 -3 -3 -3 -3 -3 -3 -4 -3 -2 -2 -3 -2 -1 -2 -1 -0 -0 1 1 2 2 2 2 3 4 5 4 5 6
8 9 12 12 15 17 18 -9999 -9999 -9999 -9999 -9999 -9999 -9999 -9999 -9999 -9999 -9999 -9999 -9999 15 14 14 13 12 12 12 12 11 11 10 10 10 11 10 9 9 8 8 7 5 5 6 6 5 5 3 2 5 5 6 6 6 5 5 4 4 3 3 3 0 -1 -2 -2 -1 -0 -2 -3 -4 -3 -3 -2 -1 -1 -2 -1 -2 -1 -1 -1 -0 -0 0 1 2 3 2 -0 -1 -0 2 3 4 5 6 6
12 14 15 16 17 18 -9999 -9999 -9999 -9999 -9999 -9999 -9999 -9999 -9999 -9999 16 16 16 15 14 13 13 12 11 11 11 11 12 12 12 11 10 10 10 10 10 10 9 7 7 7 6 6 7 7 7 6 5 3 6 6 5 5 4 3 3 2 1 3 1 0 0 0 1 2 0 -2 -4 -2 -2 -2 -1 -0 -1 -1 -1 0 1 2 2 2 2 2 3 3 4 2 -0 -0 2 3 3 4 5 6
