resultados/variables_proyeccion_tiempo/variables_paleo_130k/bio17.asc
ncols 330
nrows 228
xllcorner -12.000000
yllcorner 34.000000
cellsize 0.166667
NODATA_value -9999
[rows 45 to 89 of 228, columns 96 to 191 of 330]
-9999 -9999 -9999 -9999 -9999 -9999 -9999 -9999 -9999 -9999 -9999 -9999 -9999 -9999 -9999 -9999 -9999 -9999 -9999 -9999 -9999 -9999 -9999 -9999 -9999 -9999 -9999 -9999 -9999 -9999 -9999 -9999 -9999 -9999 -9999 -9999 -9999 -9999 203 210 216 222 227 224 224 231 230 229 236 236 232 226 225 220 214 203 186 173 162 155 144 127 118 111 105 103 97 95 92 86 86 85 84 87 87 84 81 81 80 80 83 86 88 91 91 91 91 90 91 90 90 90 91 93 94 95
-9999 -9999 -9999 -9999 -9999 -9999 -9999 -9999 -9999 -9999 -9999 -9999 -9999 -9999 -9999 -9999 -9999 -9999 -9999 -9999 -9999 -9999 -9999 -9999 -9999 -9999 -9999 -9999 -9999 -9999 -9999 -9999 -9999 -9999 -9999 -9999 191 196 203 208 214 214 216 212 215 219 221 219 219 212 212 211 210 201 197 189 177 163 152 149 146 135 122 113 104 97 93 89 88 87 84 87 83 82 83 82 81 80 82 82 83 85 87 90 89 91 95 94 92 92 93 93 93 94 95 98
-9999 -9999 -9999 -9999 -9999 -9999 -9999 -9999 -9999 -9999 -9999 -9999 -9999 -9999 -9999 -9999 -9999 -9999 -9999 -9999 -9999 -9999 -9999 -9999 -9999 -9999 -9999 -9999 -9999 -9999 -9999 -9999 -9999 -9999 -9999 184 189 195 195 198 201 202 202 198 199 197 197 201 206 207 205 203 198 188 181 179 175 162 147 131 120 118 118 114 109 100 95 90 87 87 86 82 83 82 81 82 81 82 81 82 84 87 90 91 92 92 93 96 96 95 94 94 95 95 96 95
-9999 -9999 -9999 -9999 -9999 -9999 -9999 -9999 -9999 -9999 -9999 -9999 -9999 -9999 -9999 -9999 -9999 -9999 -9999 -9999 -9999 -9999 -9999 -9999 -9999 -9999 -9999 206 205 -9999 199 -9999 181 -9999 174 175 180 181 182 186 185 182 178 175 177 180 186 185 187 191 191 187 181 171 173 167 161 154 143 128 116 106 103 103 99 95 92 88 85 86 84 84 82 80 78 79 80 81 80 83 87 90 93 94 95 95 95 97 97 97 97 95 96 95 95 96
-9999 -9999 -9999 -9999 -9999 -9999 -9999 -9999 -9999 -9999 -9999 -9999 -9999 -9999 -9999 -9999 -9999 -9999 -9999 -9999 -9999 -9999 -9999 -9999 -9999 204 205 206 205 203 198 -9999 182 172 172 171 171 171 171 169 169 166 158 159 161 165 166 170 173 171 168 170 169 156 150 148 140 133 125 122 114 105 96 92 91 89 88 87 86 84 83 82 81 80 79 78 77 78 80 86 89 92 93 96 98 98 97 98 98 97 97 97 96 94 95 93
-9999 -9999 -9999 -9999 -9999 -9999 -9999 -9999 -9999 -9999 -9999 -9999 -9999 -9999 -9999 -9999 -9999 -9999 -9999 -9999 -9999 -9999 -9999 -9999 -9999 202 206 207 208 205 201 191 182 175 168 163 160 161 163 157 147 149 148 149 152 155 158 158 163 159 158 154 152 145 139 137 130 121 113 106 102 95 89 87 84 86 86 83 82 82 83 82 81 80 79 79 78 80 82 86 90 92 95 96 99 99 101 98 100 100 97 96 93 92 92 91
-9999 -9999 -9999 -9999 -9999 -9999 -9999 -9999 -9999 -9999 -9999 -9999 -9999 -9999 -9999 -9999 -9999 -9999 -9999 -9999 -9999 -9999 195 195 196 198 205 207 209 209 205 193 185 174 165 156 146 146 139 137 135 134 134 134 137 142 137 142 148 148 146 140 137 140 138 126 121 115 107 99 90 81 75 75 77 79 82 80 80 80 81 83 85 83 82 81 81 82 87 92 95 98 99 99 99 99 98 100 98 96 94 92 92 92 91 90
-9999 -9999 -9999 -9999 -9999 -9999 -9999 -9999 -9999 -9999 -9999 -9999 -9999 -9999 -9999 -9999 -9999 -9999 -9999 -9999 -9999 -9999 -9999 185 192 194 200 206 211 211 204 194 184 170 158 152 143 136 134 131 127 123 120 123 129 132 131 135 135 138 135 133 134 134 126 120 114 106 97 88 79 71 64 67 73 74 74 76 77 78 79 80 83 84 86 85 84 86 87 90 95 99 102 104 104 102 99 97 95 95 93 91 -9999 -9999 -9999 -9999
-9999 -9999 -9999 -9999 -9999 -9999 -9999 -9999 -9999 -9999 -9999 -9999 -9999 -9999 -9999 -9999 -9999 -9999 198 192 184 181 180 179 183 189 196 201 205 203 196 186 175 164 153 145 137 128 125 122 118 112 112 111 111 113 118 123 127 134 131 140 134 125 125 126 115 109 107 90 75 66 60 64 69 71 74 74 76 79 79 80 81 82 83 87 89 91 94 98 98 100 100 105 106 104 102 97 95 94 -9999 -9999 -9999 -9999 -9999 -9999
-9999 -9999 -9999 -9999 -9999 -9999 -9999 -9999 -9999 -9999 -9999 -9999 -9999 -9999 -9999 -9999 220 211 204 198 187 181 176 172 174 178 186 192 192 189 183 176 169 158 145 142 131 122 115 110 102 100 94 94 102 109 104 107 119 121 124 122 121 123 116 108 104 101 102 90 79 69 62 63 67 70 72 73 75 77 80 81 82 85 89 89 94 99 102 105 107 108 105 105 104 102 100 97 -9999 -9999 -9999 -9999 -9999 -9999 -9999 -9999
-9999 -9999 -9999 -9999 -9999 -9999 -9999 -9999 -9999 -9999 -9999 -9999 -9999 264 245 236 233 218 204 190 178 169 162 161 162 173 174 181 179 175 172 173 163 156 147 131 123 122 113 103 100 89 84 81 81 89 91 93 102 108 106 107 104 103 99 96 94 88 83 79 74 69 65 66 67 70 71 72 75 78 79 83 84 85 89 92 93 100 105 108 109 112 112 109 106 104 -9999 -9999 -9999 -9999 -9999 -9999 -9999 -9999 -9999 -9999
-9999 -9999 -9999 -9999 -9999 -9999 -9999 -9999 -9999 -9999 -9999 -9999 270 267 260 244 238 221 202 196 169 162 158 164 166 177 171 176 174 165 162 157 154 142 142 133 122 110 101 97 88 74 65 65 67 72 75 82 93 93 90 90 97 95 92 91 90 88 85 84 78 73 68 70 70 72 73 75 75 76 77 81 83 87 88 95 98 101 105 109 109 113 112 110 107 -9999 -9999 -9999 -9999 -9999 -9999 -9999 -9999 -9999 -9999 -9999
-9999 -9999 -9999 -9999 -9999 -9999 -9999 -9999 316 314 306 308 286 271 260 246 240 219 214 210 194 184 189 174 170 170 164 151 174 175 174 167 162 147 143 130 120 105 86 78 68 57 54 65 63 64 66 67 75 80 82 81 82 84 82 83 80 78 76 77 82 75 72 70 71 69 71 71 74 77 82 83 85 86 88 93 98 102 105 109 109 110 109 109 -9999 -9999 -9999 -9999 -9999 -9999 -9999 -9999 -9999 -9999 -9999 -9999
-9999 -9999 -9999 -9999 -9999 -9999 342 336 331 331 319 309 304 300 279 268 258 226 209 201 189 201 208 184 150 143 151 142 148 158 159 160 140 128 123 123 108 95 80 68 60 54 61 63 58 63 57 59 71 73 75 79 80 82 84 83 82 82 76 75 72 77 78 77 73 70 70 73 76 78 81 85 87 92 96 98 100 102 104 108 107 105 106 -9999 -9999 -9999 -9999 -9999 -9999 -9999 -9999 -9999 -9999 -9999 -9999 -9999
-9999 -9999 -9999 -9999 -9999 347 341 346 350 349 351 336 308 297 287 273 254 233 235 227 214 211 191 194 200 170 155 143 141 125 117 122 136 129 117 100 93 88 79 64 58 52 53 57 53 50 48 54 64 67 71 70 73 76 78 84 78 79 76 74 72 74 75 74 75 73 72 75 77 80 79 81 85 88 92 96 98 101 104 105 104 104 -9999 -9999 -9999 -9999 -9999 -9999 -9999 -9999 -9999 -9999 -9999 -9999 -9999 -9999
-9999 -9999 -9999 -9999 348 354 347 357 364 367 354 341 317 294 276 245 244 238 221 227 239 222 171 138 137 120 129 124 123 113 109 105 107 127 127 119 96 86 79 76 62 46 45 51 53 49 45 48 53 56 59 62 67 72 72 81 80 78 77 76 75 78 78 75 76 76 76 76 76 76 77 78 83 87 88 90 94 100 99 100 101 103 -9999 -9999 -9999 -9999 -9999 -9999 -9999 -9999 -9999 -9999 -9999 -9999 -9999 -9999
-9999 -9999 -9999 -9999 339 335 361 375 390 388 382 360 338 317 282 283 273 276 271 241 226 211 196 194 184 145 125 148 145 109 94 93 91 87 94 94 92 84 75 61 52 49 47 45 45 44 46 54 58 58 61 64 64 64 66 69 75 78 79 80 78 79 81 80 79 77 76 78 80 79 78 80 80 84 90 90 92 94 96 96 97 97 -9999 -9999 -9999 -9999 -9999 -9999 -9999 -9999 -9999 -9999 -9999 -9999 -9999 -9999
-9999 -9999 -9999 -9999 324 327 346 355 366 372 362 361 352 333 299 291 304 275 257 201 223 173 163 175 171 186 180 175 150 111 110 90 98 85 76 76 71 75 81 71 62 50 45 42 50 48 50 56 54 64 65 72 74 67 66 68 71 76 80 83 84 82 84 82 80 77 75 74 75 80 80 83 85 84 87 93 94 92 92 93 96 96 -9999 -9999 -9999 -9999 -9999 -9999 -9999 -9999 -9999 -9999 -9999 -9999 -9999 -9999
-9999 -9999 -9999 -9999 321 340 349 364 368 370 364 361 349 342 331 314 262 267 224 184 171 180 171 151 160 158 144 149 125 120 104 91 92 96 82 82 77 64 70 73 69 56 46 44 48 48 48 51 54 57 63 65 70 68 65 67 71 73 77 79 79 83 82 83 82 77 74 76 75 76 77 77 78 82 83 89 90 90 90 91 -9999 -9999 -9999 -9999 -9999 -9999 -9999 -9999 -9999 -9999 -9999 -9999 -9999 -9999 -9999 -9999
-9999 -9999 -9999 -9999 314 321 341 359 372 393 386 385 372 357 336 280 281 245 205 182 175 156 148 164 146 123 127 127 98 85 94 95 95 89 83 77 68 60 61 72 66 66 60 49 45 50 51 54 60 57 59 61 64 71 71 70 70 72 73 75 74 77 79 77 77 76 74 77 76 76 77 81 82 82 82 84 86 87 87 88 86 -9999 -9999 -9999 -9999 -9999 -9999 -9999 -9999 -9999 -9999 -9999 -9999 -9999 -9999 -9999
-9999 -9999 -9999 304 309 328 350 361 370 389 398 399 385 358 326 296 297 247 223 228 190 177 167 156 154 155 138 100 89 77 69 85 85 84 89 78 74 66 55 58 60 58 58 55 50 52 56 59 60 62 61 61 65 70 74 74 74 73 73 76 76 75 72 72 76 78 78 77 78 77 77 82 85 85 87 87 85 86 86 86 -9999 -9999 -9999 -9999 -9999 -9999 -9999 -9999 -9999 -9999 -9999 -9999 -9999 -9999 -9999 -9999
-9999 -9999 -9999 -9999 305 317 336 366 395 419 428 414 401 380 352 332 301 276 239 229 229 223 209 191 173 141 117 121 100 90 86 76 79 75 76 74 67 68 66 57 53 54 57 61 57 57 58 62 62 63 63 65 69 69 73 75 75 78 75 74 77 78 77 73 73 74 74 75 76 75 75 82 84 83 84 84 84 85 85 83 83 -9999 -9999 -9999 -9999 -9999 -9999 -9999 -9999 -9999 -9999 -9999 -9999 -9999 -9999 -9999
-9999 -9999 -9999 -9999 296 309 319 341 398 412 416 424 406 385 345 318 300 283 266 258 243 216 199 168 154 144 120 103 86 82 85 97 88 77 72 75 72 66 69 65 60 55 55 59 63 66 64 65 65 64 67 70 68 72 75 76 75 75 76 75 76 79 82 80 78 77 77 78 75 72 71 74 79 82 82 81 80 82 83 82 81 -9999 -9999 -9999 -9999 -9999 -9999 -9999 -9999 -9999 -9999 -9999 -9999 -9999 -9999 -9999
-9999 -9999 -9999 -9999 294 298 317 338 354 398 419 425 406 379 344 317 289 259 264 248 256 226 202 182 144 118 108 100 99 92 76 92 93 92 78 71 75 71 74 76 76 79 77 72 77 79 77 70 68 71 75 75 75 74 70 74 78 78 77 78 79 79 80 84 83 81 79 79 74 69 69 75 76 77 76 76 77 79 80 80 77 75 72 71 71 -9999 67 -9999 -9999 -9999 -9999 -9999 -9999 -9999 -9999 -9999
-9999 -9999 -9999 -9999 -9999 293 305 327 364 397 409 422 399 369 343 310 288 287 244 234 218 208 185 169 152 133 118 110 105 106 111 90 88 88 91 90 77 80 75 86 92 91 89 87 88 83 84 80 75 77 76 77 75 71 71 72 76 79 79 80 81 82 83 83 85 86 90 84 77 74 72 73 73 76 76 75 76 76 77 76 74 71 71 69 67 65 65 64 -9999 -9999 -9999 -9999 -9999 58 58 59
-9999 -9999 -9999 -9999 -9999 283 294 311 338 362 386 390 374 358 356 316 322 302 276 259 237 212 193 176 160 150 138 127 117 101 99 100 101 88 81 80 81 81 87 94 97 100 101 98 95 90 87 86 80 82 79 80 73 72 70 75 73 76 78 81 83 88 88 90 91 89 88 86 82 79 78 75 75 75 73 73 71 71 71 70 68 68 66 66 64 62 62 62 60 -9999 -9999 56 56 56 56 57
-9999 -9999 -9999 -9999 -9999 -9999 274 286 306 334 344 350 361 363 362 312 321 311 290 261 236 215 196 184 169 152 144 130 113 120 94 94 88 81 81 84 81 82 98 101 103 105 105 104 99 99 97 94 86 84 81 82 79 75 70 74 74 73 76 80 83 84 89 92 93 96 92 87 83 79 79 79 76 73 71 69 68 67 67 66 65 63 63 62 60 60 60 60 59 57 -9999 -9999 -9999 55 54 55
-9999 -9999 -9999 -9999 -9999 -9999 258 268 309 313 322 349 356 357 336 309 310 290 295 259 234 215 218 190 160 150 142 130 111 102 106 108 90 91 89 87 101 94 96 93 98 106 107 107 106 102 100 94 89 83 80 80 79 77 72 73 76 73 78 82 81 83 85 87 90 90 94 92 87 84 81 79 77 72 68 64 63 63 64 63 61 59 58 58 58 58 58 58 57 55 54 -9999 -9999 -9999 -9999 -9999
-9999 -9999 -9999 -9999 -9999 -9999 241 250 271 277 291 318 326 338 327 317 288 294 283 249 217 191 182 175 135 139 144 129 121 111 95 108 106 98 95 91 101 95 97 97 99 106 110 107 106 105 101 98 92 86 81 78 81 79 74 72 71 74 77 77 78 81 83 84 86 90 86 87 83 81 79 78 76 70 64 60 59 58 58 58 57 56 56 56 56 56 56 55 55 54 53 52 -9999 -9999 -9999 -9999
-9999 -9999 -9999 -9999 -9999 -9999 228 230 243 272 289 304 325 317 306 299 279 282 273 249 222 228 181 139 137 128 124 120 127 111 99 95 109 108 102 106 103 100 102 105 102 105 107 107 108 106 104 98 95 93 86 78 77 74 73 71 69 69 70 73 75 77 82 84 85 83 82 78 78 77 76 74 72 67 61 55 55 56 55 54 54 54 54 54 54 54 55 55 54 53 52 -9999 -9999 -9999 -9999 -9999
-9999 -9999 -9999 -9999 -9999 -9999 199 214 228 241 269 282 285 298 302 300 305 295 286 255 225 229 181 148 127 118 115 113 114 114 102 102 118 119 118 109 106 104 105 103 103 103 106 105 107 108 104 98 96 94 91 86 78 74 72 69 68 67 67 68 72 74 76 80 82 83 78 75 74 72 71 69 67 64 60 57 55 55 55 54 53 51 52 53 52 52 53 53 53 53 -9999 -9999 -9999 -9999 -9999 -9999
-9999 -9999 -9999 -9999 -9999 175 -9999 198 210 226 236 252 272 295 300 307 307 294 282 258 227 214 191 163 137 153 127 128 120 119 109 105 105 105 111 108 108 107 106 106 104 102 101 104 109 109 104 100 96 93 90 84 78 75 70 67 65 65 65 65 67 72 74 77 79 75 71 71 70 68 67 66 65 63 61 58 57 56 56 55 53 51 50 51 52 52 53 54 53 54 -9999 -9999 -9999 -9999 -9999 -9999
-9999 -9999 -9999 -9999 -9999 -9999 -9999 189 187 195 216 242 275 293 302 305 303 284 284 269 241 207 204 181 155 151 142 139 134 121 114 112 109 106 107 108 108 106 106 107 104 100 99 104 107 112 109 103 100 95 92 86 78 73 70 66 63 62 62 63 65 69 72 74 73 72 69 69 68 67 66 65 63 63 61 59 58 57 56 55 54 51 49 50 50 51 52 53 53 -9999 -9999 -9999 -9999 -9999 -9999 -9999
-9999 -9999 -9999 -9999 -9999 -9999 -9999 -9999 -9999 178 201 237 261 288 307 310 297 283 277 268 249 219 197 194 179 162 150 138 142 132 121 117 112 108 104 106 107 -9999 -9999 -9999 -9999 96 98 102 111 112 111 106 102 97 91 84 78 73 69 64 61 61 61 62 65 67 72 73 75 72 71 70 67 66 64 62 61 60 58 57 58 59 58 55 52 49 47 47 49 50 51 -9999 -9999 -9999 -9999 -9999 -9999 -9999 -9999 -9999
-9999 -9999 -9999 -9999 -9999 -9999 -9999 -9999 174 181 209 249 275 288 298 298 284 283 278 268 246 228 206 203 186 172 161 151 145 136 125 118 112 -9999 -9999 -9999 -9999 -9999 -9999 -9999 -9999 -9999 96 100 107 108 109 106 104 103 92 85 79 73 67 62 59 58 60 62 64 67 69 72 71 67 69 66 62 61 59 59 61 60 59 58 58 59 58 55 51 47 45 44 -9999 -9999 -9999 -9999 -9999 -9999 -9999 -9999 -9999 -9999 -9999 -9999
-9999 -9999 -9999 -9999 -9999 -9999 -9999 -9999 -9999 190 217 242 252 276 285 285 275 271 266 262 238 226 209 210 198 182 175 165 149 136 128 120 -9999 -9999 -9999 -9999 -9999 -9999 -9999 -9999 -9999 -9999 -9999 96 101 104 105 105 103 99 94 89 83 76 69 61 60 60 61 61 62 64 66 66 66 65 64 61 58 57 57 55 56 54 54 55 56 57 57 -9999 -9999 -9999 -9999 -9999 -9999 -9999 -9999 -9999 -9999 -9999 -9999 -9999 -9999 -9999 -9999 -9999
-9999 -9999 -9999 -9999 -9999 -9999 -9999 -9999 -9999 -9999 206 220 242 256 271 269 268 259 257 244 227 221 213 206 203 200 190 169 153 141 -9999 -9999 -9999 -9999 -9999 -9999 -9999 -9999 -9999 -9999 -9999 -9999 -9999 93 96 98 102 104 102 99 97 95 91 84 73 64 62 64 71 63 63 66 64 63 63 62 61 58 55 53 54 55 56 55 54 54 54 53 -9999 -9999 -9999 -9999 -9999 -9999 -9999 -9999 -9999 -9999 -9999 -9999 -9999 64 -9999 -9999 -9999 -9999
-9999 -9999 -9999 -9999 -9999 -9999 -9999 -9999 -9999 -9999 -9999 -9999 -9999 242 258 258 254 253 246 235 224 211 207 198 193 190 182 171 -9999 -9999 -9999 -9999 -9999 -9999 -9999 -9999 -9999 -9999 -9999 -9999 -9999 -9999 -9999 90 91 95 98 103 107 105 104 103 100 94 83 74 72 72 72 66 66 64 62 63 65 65 62 60 57 56 56 56 56 54 54 53 52 51 51 -9999 -9999 -9999 -9999 -9999 -9999 -9999 -9999 -9999 -9999 -9999 -9999 -9999 -9999 -9999 -9999 -9999
-9999 -9999 -9999 -9999 -9999 -9999 -9999 -9999 -9999 -9999 -9999 -9999 -9999 -9999 -9999 236 240 234 224 220 212 198 194 184 178 179 -9999 -9999 -9999 -9999 -9999 -9999 -9999 -9999 -9999 -9999 -9999 -9999 -9999 -9999 -9999 -9999 -9999 -9999 88 90 95 104 110 111 115 114 110 106 100 93 87 82 78 73 72 63 62 69 69 68 64 63 62 60 57 58 58 54 52 51 50 49 -9999 -9999 -9999 -9999 -9999 -9999 -9999 -9999 -9999 -9999 -9999 -9999 -9999 -9999 -9999 -9999 -9999 -9999
-9999 -9999 -9999 -9999 -9999 -9999 -9999 -9999 -9999 -9999 -9999 -9999 -9999 -9999 -9999 -9999 -9999 -9999 213 -9999 197 191 -9999 -9999 -9999 -9999 -9999 -9999 -9999 -9999 -9999 -9999 -9999 -9999 -9999 -9999 -9999 -9999 -9999 -9999 -9999 -9999 -9999 -9999 -9999 86 93 103 111 119 121 124 127 122 116 107 99 94 87 80 70 65 71 73 71 72 69 65 64 62 59 58 57 54 50 49 49 -9999 -9999 -9999 -9999 -9999 -9999 -9999 -9999 -9999 -9999 65 65 65 64 65 65 -9999 -9999 -9999
-9999 -9999 -9999 -9999 -9999 -9999 -9999 -9999 -9999 -9999 -9999 -9999 -9999 -9999 -9999 -9999 -9999 -9999 -9999 -9999 -9999 -9999 -9999 -9999 -9999 -9999 -9999 -9999 -9999 -9999 -9999 -9999 -9999 -9999 -9999 -9999 -9999 -9999 77 76 -9999 -9999 -9999 -9999 -9999 74 89 101 114 124 131 133 136 133 127 117 107 104 95 84 74 73 76 77 76 74 73 71 68 65 61 61 57 53 48 47 46 -9999 -9999 -9999 -9999 -9999 -9999 -9999 -9999 -9999 65 66 65 65 64 -9999 -9999 -9999 -9999 -9999
-9999 -9999 -9999 -9999 -9999 -9999 -9999 -9999 -9999 -9999 -9999 -9999 -9999 -9999 -9999 -9999 -9999 -9999 -9999 -9999 -9999 -9999 -9999 -9999 -9999 -9999 -9999 -9999 -9999 -9999 -9999 -9999 -9999 -9999 -9999 80 77 75 74 74 -9999 -9999 -9999 -9999 -9999 -9999 83 98 109 126 129 132 133 132 129 120 112 105 97 91 83 80 83 83 79 74 73 72 69 67 64 61 58 53 48 45 43 -9999 -9999 -9999 -9999 -9999 -9999 -9999 61 64 66 65 65 -9999 -9999 -9999 -9999 -9999 -9999 -9999
-9999 -9999 -9999 -9999 -9999 -9999 -9999 -9999 -9999 -9999 -9999 -9999 -9999 -9999 -9999 -9999 -9999 -9999 -9999 -9999 -9999 -9999 -9999 -9999 -9999 -9999 -9999 -9999 -9999 -9999 -9999 -9999 -9999 -9999 84 79 76 75 74 70 -9999 -9999 -9999 -9999 -9999 -9999 -9999 93 101 114 123 126 132 136 131 126 120 110 103 96 88 85 85 83 81 77 75 73 70 67 65 63 61 54 49 45 43 -9999 37 -9999 -9999 -9999 -9999 -9999 60 62 64 65 65 65 -9999 -9999 -9999 -9999 -9999 -9999
-9999 -9999 -9999 -9999 -9999 -9999 -9999 -9999 -9999 -9999 -9999 -9999 -9999 -9999 -9999 -9999 -9999 -9999 -9999 -9999 -9999 -9999 -9999 -9999 -9999 -9999 -9999 -9999 -9999 -9999 -9999 -9999 97 92 84 77 75 75 72 70 -9999 66 65 64 -9999 -9999 -9999 -9999 98 105 114 122 130 133 131 128 122 112 105 97 91 88 86 85 83 82 80 78 74 71 68 64 62 55 49 46 -9999 40 39 -9999 -9999 -9999 -9999 57 59 61 63 63 64 -9999 -9999 -9999 -9999 -9999 -9999 -9999
-9999 -9999 -9999 -9999 -9999 -9999 -9999 -9999 -9999 -9999 -9999 -9999 -9999 -9999 -9999 -9999 -9999 -9999 -9999 -9999 -9999 -9999 -9999 -9999 -9999 -9999 123 122 116 111 106 103 99 92 86 80 77 74 72 -9999 -9999 -9999 -9999 -9999 -9999 -9999 -9999 -9999 -9999 101 106 115 122 130 133 131 126 117 107 101 94 92 90 87 84 81 80 82 77 73 69 65 60 55 49 46 44 42 41 -9999 -9999 -9999 -9999 -9999 59 59 61 -9999 -9999 -9999 -9999 -9999 -9999 -9999 -9999 -9999
