resultados/variables_proyeccion_tiempo/variables_paleo_130k/bio15.asc
ncols 330
nrows 228
xllcorner -12.000000
yllcorner 34.000000
cellsize 0.166667
NODATA_value -9999
[rows 98 to 146 of 228, columns 192 to 287 of 330]
-9999 -9999 -9999 -9999 -9999 -9999 45 44 43 41 39 38 36 35 35 35 36 36 37 37 38 38 38 38 38 38 37 38 38 37 36 35 34 33 33 34 34 35 35 36 37 37 37 37 37 38 38 38 38 37 37 37 36 37 37 37 37 37 37 38 38 38 39 39 39 40 40 40 39 39 39 39 39 40 40 41 41 41 41 42 42 43 43 43 43 44 44 44 44 45 44 44 44 44 44 43
-9999 -9999 -9999 -9999 -9999 -9999 45 44 43 41 39 37 36 35 35 35 36 36 36 37 37 38 37 38 37 37 38 38 38 37 36 34 33 33 33 33 34 34 35 36 36 36 37 37 37 38 37 37 37 37 36 36 36 36 36 37 37 37 37 37 37 38 38 38 39 39 39 39 39 39 39 39 39 39 39 40 40 41 41 42 42 43 43 43 43 43 44 44 44 45 44 44 43 43 44 44
-9999 -9999 -9999 -9999 44 45 46 43 42 41 39 37 36 36 36 36 36 37 36 37 37 37 37 37 37 37 37 38 38 36 35 34 33 33 33 33 34 34 35 35 36 36 36 37 37 37 36 36 36 35 35 35 35 35 36 36 37 37 37 37 37 37 38 38 38 38 39 39 38 38 38 38 38 38 39 39 40 41 41 42 42 43 43 43 43 43 44 44 44 44 44 43 43 43 43 43
-9999 -9999 -9999 41 42 43 -9999 42 41 40 38 37 37 37 36 37 37 37 37 38 37 37 37 36 36 36 36 37 36 35 34 33 32 32 33 33 33 34 34 35 35 36 36 36 36 36 36 36 36 35 35 35 35 35 36 36 36 37 37 37 37 37 37 38 38 38 38 38 38 37 37 37 37 38 38 40 40 41 41 42 42 43 43 43 43 43 43 44 44 44 44 43 43 43 43 43
40 40 40 40 40 40 41 40 40 39 38 37 37 37 37 38 38 39 38 38 38 37 37 36 36 36 35 35 35 34 33 32 32 32 33 33 34 34 34 34 35 36 36 36 35 36 35 35 35 35 35 34 34 35 35 36 36 37 37 37 38 38 38 38 38 38 38 38 37 37 36 36 36 37 38 40 40 41 42 42 43 43 43 43 43 43 44 44 44 44 44 43 43 43 43 43
40 39 38 38 39 39 40 40 39 39 38 38 37 37 38 39 40 40 40 40 39 38 37 36 36 35 34 34 33 32 31 31 31 32 32 33 33 34 34 34 35 35 35 35 35 35 35 35 35 35 35 35 34 35 35 36 36 37 37 38 38 37 38 39 39 39 39 38 37 36 36 35 35 37 38 39 40 41 42 42 43 43 43 43 43 43 44 43 43 43 44 44 44 43 43 43
39 38 38 38 38 39 39 39 39 38 38 38 38 38 39 40 41 41 41 40 40 39 38 37 36 35 34 33 33 31 31 31 31 31 32 33 33 34 34 35 35 35 35 35 35 35 35 35 35 35 35 35 35 35 36 37 36 37 37 37 38 38 38 39 39 39 39 39 38 37 36 35 36 37 38 40 41 42 42 43 43 44 43 43 43 43 43 43 43 43 43 43 43 43 43 43
38 38 37 38 38 38 38 39 39 38 38 38 38 38 39 40 40 40 41 42 42 40 39 38 36 35 34 33 32 31 31 31 31 32 32 32 33 34 34 35 35 35 35 35 35 35 35 35 35 36 36 36 36 36 37 37 37 37 37 38 38 39 39 39 39 40 39 39 38 37 37 37 37 38 39 40 41 42 43 43 43 43 43 43 43 43 43 43 43 43 43 43 42 42 42 43
39 38 38 38 38 38 39 39 39 39 38 38 38 39 39 40 40 41 41 42 42 41 40 38 36 35 34 33 32 31 31 31 31 32 32 33 33 34 34 34 35 35 35 35 34 34 35 35 36 36 37 37 37 37 37 37 38 38 38 38 38 39 39 40 40 40 40 39 39 38 37 38 38 39 40 41 42 43 43 43 44 43 43 43 43 43 43 43 43 43 42 42 42 42 42 42
40 39 39 39 39 39 39 39 39 39 39 39 39 40 40 40 41 41 42 42 42 41 39 37 36 35 34 33 32 32 31 31 32 32 33 34 34 34 35 35 35 35 34 34 34 34 35 36 37 37 38 38 38 38 38 38 38 38 39 38 38 39 39 40 40 40 40 39 39 38 38 39 39 39 41 42 43 44 44 43 44 43 43 43 43 43 43 43 43 42 42 42 42 42 42 42
41 41 41 40 40 39 39 39 39 40 40 40 40 40 41 41 41 42 42 41 41 40 39 37 36 34 34 33 33 32 32 32 32 33 33 34 34 35 35 35 35 35 34 34 34 34 35 37 38 38 39 39 39 39 39 39 39 39 39 39 39 39 40 40 40 40 40 39 39 39 39 39 39 40 41 42 44 44 44 43 43 44 43 43 43 43 43 43 42 42 42 42 42 42 42 41
42 42 42 42 41 40 40 40 40 41 41 41 41 41 41 41 41 42 42 41 40 39 37 37 36 35 34 33 33 32 32 32 33 33 34 34 35 35 35 36 36 35 35 35 35 35 36 38 39 40 40 40 40 40 40 39 39 39 39 40 40 40 40 40 40 40 40 39 39 39 39 39 39 40 41 42 43 43 44 43 43 43 43 43 43 43 43 42 42 42 41 42 41 41 41 41
42 42 42 42 42 42 42 42 42 41 42 42 42 42 42 42 42 41 41 40 39 38 37 36 36 35 34 34 33 33 33 32 33 33 34 35 36 36 36 36 36 36 36 36 36 37 38 40 41 41 41 40 40 40 40 40 40 40 40 40 40 40 40 40 40 40 40 39 39 39 39 39 39 40 41 41 42 43 42 42 42 43 43 43 43 43 43 42 41 41 41 41 41 41 40 40
42 42 43 43 43 43 43 43 43 43 43 43 42 42 43 42 42 41 40 39 39 38 37 37 36 35 35 34 33 33 33 33 33 34 35 36 37 37 37 37 37 37 37 37 38 38 39 41 42 42 42 41 41 41 41 41 41 40 40 40 40 41 40 40 40 40 40 39 39 39 39 39 39 39 40 41 41 42 42 42 42 42 42 42 43 43 43 42 42 41 41 40 40 40 40 40
44 44 44 44 44 45 45 45 44 44 44 44 44 43 43 43 42 41 40 40 39 38 38 37 36 36 35 34 34 33 33 33 33 34 35 37 38 38 38 38 38 38 38 38 39 39 40 41 42 42 42 42 41 41 41 41 41 41 40 40 41 40 40 40 40 40 39 39 39 39 38 38 39 39 40 40 40 40 40 41 41 42 42 42 42 43 42 42 41 41 40 40 40 39 39 39
45 46 46 46 46 46 46 46 46 46 45 45 45 44 44 43 42 42 40 40 40 39 38 38 37 36 36 35 34 34 34 34 34 35 37 38 39 39 39 39 39 39 39 39 39 40 40 40 41 42 42 42 41 41 41 41 41 41 41 41 40 40 41 41 40 40 40 39 38 38 38 38 38 38 39 39 39 39 39 40 40 40 40 41 41 41 41 41 40 40 39 39 39 39 39 39
47 47 47 47 48 48 48 48 47 47 47 46 46 45 45 44 43 42 42 41 40 40 39 38 38 37 36 36 35 35 35 35 35 37 38 39 40 40 40 40 40 40 40 40 40 40 41 41 41 42 41 41 41 41 41 41 41 41 41 40 41 40 41 40 40 40 39 39 38 38 37 37 37 37 38 38 38 38 38 39 39 40 40 40 40 40 40 40 39 39 39 39 39 38 38 39
48 48 49 49 50 50 50 50 49 49 48 47 47 46 46 45 44 43 43 42 42 41 40 39 39 38 38 37 37 36 36 36 37 38 39 40 40 40 41 41 41 41 40 40 40 40 41 41 41 41 41 41 41 41 41 41 41 41 40 40 41 40 40 40 40 40 40 39 38 37 36 36 36 37 37 37 37 37 38 38 38 38 39 39 39 39 39 38 38 38 38 38 38 38 38 38
48 49 49 50 51 52 52 52 51 50 49 49 49 48 47 46 45 44 44 43 42 42 41 41 40 39 39 38 38 38 37 37 38 39 40 40 41 41 41 41 41 41 40 40 40 41 41 41 41 41 41 41 41 41 41 41 40 40 40 40 40 40 40 40 40 40 40 38 37 36 35 35 35 36 36 36 36 36 37 37 37 38 38 38 38 38 38 37 37 37 37 37 37 37 37 37
50 50 51 52 53 54 54 53 52 51 50 50 49 48 48 48 47 46 45 45 44 44 43 42 41 40 40 39 39 39 39 39 39 40 41 42 42 42 42 42 42 42 41 41 41 41 41 41 41 41 41 41 40 40 40 40 40 40 40 40 40 40 40 40 40 40 39 38 36 35 34 34 35 35 35 35 35 35 35 35 36 36 36 37 36 36 37 36 37 37 36 36 36 36 36 36
51 51 52 53 53 54 54 53 53 52 51 51 50 50 49 48 48 48 47 47 46 46 44 43 42 42 41 40 40 40 40 40 41 41 42 42 43 43 43 43 43 42 42 41 41 41 41 41 41 41 40 40 40 40 40 40 40 40 39 39 39 39 39 39 39 39 38 37 36 35 34 34 34 34 34 34 34 34 34 35 35 35 35 36 36 36 36 36 36 35 35 35 35 35 35 35
52 52 53 53 53 53 54 54 53 53 52 52 51 51 50 50 49 48 48 48 48 48 46 45 44 43 42 42 41 41 41 41 41 42 43 43 44 44 43 43 43 42 42 42 42 41 41 41 41 41 40 40 40 39 39 39 39 39 39 39 38 38 38 38 38 38 37 36 35 34 34 34 33 34 34 34 33 33 33 34 34 34 34 34 34 34 35 35 34 35 35 35 34 34 34 34
52 53 52 53 53 54 54 54 54 54 53 53 52 52 51 51 50 50 49 49 49 49 47 46 45 44 44 43 42 42 42 42 43 43 43 44 44 44 44 43 43 43 42 42 42 42 41 41 41 40 40 39 39 39 39 39 39 39 38 38 37 37 37 37 37 37 36 36 35 34 33 33 33 33 33 33 32 32 32 33 33 33 32 33 33 34 34 34 34 34 34 34 34 33 33 33
52 53 53 54 54 54 55 55 55 55 54 54 53 53 52 52 52 51 51 50 49 49 48 47 46 45 44 44 44 43 43 43 43 43 44 44 44 44 43 44 43 43 42 42 42 42 41 41 41 40 40 39 39 39 39 38 38 38 38 37 38 37 37 37 36 36 36 35 34 34 34 33 33 32 32 32 31 31 31 32 32 32 32 32 32 33 33 33 33 33 34 33 33 33 33 32
53 54 54 54 55 55 55 55 55 55 56 55 55 54 54 53 53 52 51 51 50 49 49 48 46 46 45 45 45 45 44 44 44 44 43 44 44 43 44 44 43 43 43 42 42 42 42 41 40 40 40 39 39 38 38 38 38 38 37 37 37 36 36 35 35 35 35 35 34 34 33 32 32 31 31 31 31 31 31 31 31 31 31 31 32 31 32 32 33 33 33 32 32 32 32 32
53 54 54 55 55 55 55 56 55 56 56 56 55 55 55 54 54 53 52 52 52 51 50 49 48 47 46 46 45 45 45 45 45 44 44 44 44 43 44 43 43 43 43 43 42 42 42 41 41 40 40 39 38 38 38 38 37 37 37 36 36 35 35 35 34 34 34 34 34 33 33 32 32 31 31 30 30 30 30 30 30 30 30 30 31 31 32 32 32 32 32 32 32 32 32 32
54 54 54 54 54 55 56 56 57 57 57 57 56 56 55 55 55 54 54 53 52 52 51 49 48 48 47 46 45 46 45 45 45 45 45 45 44 44 44 43 44 43 43 43 43 42 42 42 42 41 40 39 39 38 38 38 37 36 36 36 35 35 34 34 33 33 33 33 33 33 32 32 31 31 30 29 29 29 29 29 28 29 29 30 30 31 31 31 32 32 32 32 32 31 31 31
54 55 54 54 54 55 55 56 56 57 57 57 57 56 56 55 55 55 55 54 53 52 51 50 49 48 48 47 46 46 46 46 46 46 45 45 45 45 44 44 44 44 43 43 43 43 43 43 42 42 41 41 40 39 38 38 37 37 36 35 35 34 34 33 32 33 33 33 32 32 32 32 31 31 30 29 29 28 28 27 28 28 28 29 29 30 31 31 31 31 32 32 31 31 32 31
54 54 55 55 55 55 55 56 57 57 57 57 57 56 56 56 56 55 55 55 54 52 51 50 50 49 48 48 47 47 47 47 47 47 46 46 46 45 45 44 44 44 44 43 43 43 43 43 43 42 42 42 41 41 40 39 38 37 36 35 34 33 33 32 32 32 32 32 32 32 32 32 31 30 29 29 28 27 27 27 27 27 27 28 29 29 30 30 31 31 31 31 31 31 31 31
54 55 55 56 56 56 56 56 57 58 58 58 58 57 56 56 56 56 56 56 54 53 52 51 50 49 48 48 48 48 48 48 48 48 48 47 47 46 46 45 45 44 44 44 44 44 44 43 44 43 43 42 42 41 40 39 38 37 36 35 34 33 32 32 31 31 31 32 32 32 32 31 31 30 29 28 27 27 26 26 26 27 27 27 28 28 29 30 31 31 31 30 30 30 30 31
54 55 56 56 56 56 57 57 57 58 58 58 58 57 57 56 57 56 56 55 54 53 52 50 50 49 49 49 48 49 49 48 49 48 48 48 48 47 46 46 45 45 45 45 44 45 44 45 44 44 44 44 43 42 40 39 38 37 36 35 33 32 31 31 31 31 32 32 33 33 33 32 31 30 29 28 27 26 26 26 26 26 26 27 28 28 29 29 30 30 30 30 30 30 30 31
54 55 56 56 56 56 57 57 57 57 57 57 57 57 57 57 56 56 55 54 53 52 51 50 49 49 49 49 49 49 49 49 49 49 49 49 48 48 47 47 46 46 45 45 45 45 45 45 45 45 46 45 44 43 41 40 38 37 36 35 33 32 31 30 30 31 31 32 33 33 33 33 32 30 29 27 26 26 25 25 25 25 26 26 27 27 27 28 29 29 30 30 30 30 30 30
55 56 56 57 57 57 56 56 56 56 56 56 56 56 57 56 56 56 55 54 52 51 50 49 49 49 49 49 50 50 50 50 50 50 50 49 49 49 48 47 47 46 46 46 46 45 45 45 45 46 46 46 45 43 42 40 39 37 36 35 34 32 31 30 30 31 31 32 32 33 33 33 31 30 28 27 26 25 25 25 26 26 26 26 26 26 27 27 28 29 29 29 29 29 29 30
56 57 57 57 57 56 55 55 55 55 55 55 55 56 56 56 56 55 54 53 51 49 49 48 48 48 49 49 50 50 51 51 51 51 50 50 50 49 48 48 48 47 47 46 46 46 46 46 46 46 46 46 45 43 42 41 39 38 37 35 34 33 32 31 31 31 32 32 33 33 33 33 31 30 28 27 26 24 24 25 25 26 26 26 26 26 26 26 27 28 28 28 29 29 29 30
56 57 57 57 56 55 54 53 53 52 53 53 53 53 54 55 55 55 54 52 51 49 47 46 47 48 49 50 50 50 51 51 51 52 51 51 50 50 50 49 49 48 48 47 47 47 47 46 46 46 45 45 44 43 41 40 39 38 36 35 34 33 33 32 32 32 32 32 33 33 33 32 31 29 28 27 26 25 25 25 25 25 25 26 25 25 25 26 27 27 28 28 28 28 29 30
55 55 55 56 55 54 52 52 52 52 51 51 51 52 52 53 54 54 52 51 49 48 47 46 46 48 49 50 50 51 51 52 53 53 53 52 51 51 50 50 49 49 49 48 48 48 47 47 46 45 45 44 43 42 41 40 39 38 37 36 35 34 33 33 33 33 33 32 32 32 32 31 31 30 28 28 27 26 25 25 25 25 25 25 25 25 25 26 26 26 26 27 27 28 29 29
53 53 55 56 54 51 50 49 49 49 49 50 50 50 49 50 52 52 51 50 49 48 47 47 47 48 49 50 51 52 52 53 53 54 54 53 52 52 51 51 50 50 50 49 49 48 48 47 46 45 44 43 42 42 41 40 39 38 37 36 35 35 34 33 33 33 33 33 33 33 32 32 31 30 29 28 27 26 26 26 26 25 25 26 25 25 25 25 26 26 26 27 27 28 28 28
55 55 55 51 51 47 47 47 48 48 47 46 47 47 48 48 48 48 48 48 48 47 47 47 47 49 50 51 52 53 53 53 54 54 54 53 53 52 52 51 51 51 51 50 50 49 48 48 46 45 43 42 42 41 40 40 39 38 37 37 36 35 35 34 33 34 33 33 33 33 33 32 31 31 30 29 28 27 27 26 26 25 26 25 25 25 25 26 26 26 26 27 27 27 28 28
43 46 54 51 50 48 47 48 49 48 47 45 44 44 44 45 45 46 45 45 46 46 46 47 48 49 50 52 53 54 54 54 54 54 54 54 53 53 53 52 52 52 51 51 51 50 50 49 47 45 43 42 42 41 41 40 39 39 38 37 37 36 35 35 34 34 34 34 34 33 33 33 32 31 31 30 29 29 28 27 27 27 26 26 25 25 25 25 25 26 26 27 27 27 28 28
47 54 56 51 50 49 50 49 49 48 46 44 43 42 42 42 43 43 44 44 44 45 46 46 47 49 51 52 54 54 54 54 54 54 54 54 54 54 53 53 53 52 52 52 51 51 50 49 48 46 44 42 42 41 41 40 39 39 38 38 37 37 36 35 35 34 34 34 34 34 34 34 33 32 32 31 30 30 29 28 28 28 27 26 25 26 25 25 26 26 26 27 27 27 27 27
44 49 52 53 51 50 49 50 46 47 45 43 41 40 40 41 42 42 42 43 43 44 45 46 47 49 50 52 54 54 55 55 54 54 54 54 54 54 54 54 53 53 53 52 52 52 51 50 49 47 45 43 42 41 41 40 39 39 38 38 37 37 36 36 35 35 34 34 34 34 34 34 34 34 33 32 31 30 29 29 28 28 27 27 26 26 26 26 26 26 26 26 27 27 27 27
49 49 52 49 49 49 48 51 48 45 44 41 39 38 39 39 40 41 42 42 43 43 44 45 46 48 50 52 53 54 54 54 54 54 54 54 54 54 54 54 54 54 54 53 53 52 52 50 49 47 45 44 43 42 41 40 40 39 38 38 38 37 36 36 35 35 34 35 35 35 35 35 35 35 34 33 32 31 31 30 29 29 29 29 28 27 27 26 27 27 27 27 27 27 28 28
49 52 52 51 51 51 51 50 46 45 43 40 38 36 36 38 39 40 40 41 42 42 43 44 45 46 48 50 52 53 54 54 54 54 54 54 54 55 55 55 55 55 54 54 54 53 52 51 50 48 46 44 43 42 41 41 40 39 38 38 37 37 36 36 35 35 34 35 35 35 35 35 36 36 35 34 33 32 31 31 30 30 30 30 29 28 28 28 27 28 28 28 28 28 28 29
48 50 51 51 51 50 49 47 44 43 41 39 37 37 37 38 39 39 40 40 41 42 43 44 45 46 47 49 51 52 53 54 55 55 55 54 54 55 55 56 56 55 55 54 54 53 53 51 50 48 46 45 44 42 41 41 40 39 38 38 37 37 36 36 35 35 35 35 35 35 35 35 36 36 36 34 33 32 32 31 31 31 31 31 30 29 28 28 27 27 28 27 28 28 28 29
47 49 50 50 50 49 47 45 43 42 41 39 38 37 37 38 39 39 39 39 39 41 42 44 45 46 47 48 49 51 53 54 55 55 55 55 55 56 57 57 57 56 56 55 54 53 52 51 50 48 47 45 44 42 41 40 39 39 38 37 37 36 36 35 35 35 35 35 34 34 34 34 35 35 34 34 33 32 32 32 32 31 32 31 30 30 29 28 28 28 28 28 29 29 29 29
46 47 47 47 49 48 46 44 42 41 40 39 38 38 38 39 39 40 39 39 38 38 40 42 45 46 47 47 49 51 52 53 55 56 57 57 58 58 58 58 57 57 56 55 54 53 52 51 50 48 46 45 44 42 41 40 39 39 38 37 37 36 36 35 35 35 35 34 34 34 34 33 34 34 34 34 33 33 32 32 32 32 32 31 31 30 29 28 28 28 29 30 30 29 30 30
45 47 47 47 47 46 45 43 42 41 40 39 39 39 39 40 41 41 40 38 38 41 41 41 44 46 47 48 49 50 52 53 54 57 59 60 60 59 59 59 58 57 57 55 54 53 52 51 49 48 46 44 43 42 41 40 39 39 38 37 36 36 35 35 34 35 34 34 34 34 34 33 33 33 34 33 33 33 33 32 32 32 32 31 31 30 29 29 28 29 30 31 31 31 31 31
45 46 46 46 46 45 44 43 42 41 40 40 39 39 40 40 41 42 40 39 38 40 43 43 44 45 47 48 49 49 51 52 54 56 58 62 61 61 60 60 59 58 57 56 54 53 51 50 48 47 45 44 43 42 41 40 39 38 37 37 36 35 34 34 34 34 34 34 34 33 33 33 33 33 33 32 32 33 33 33 32 32 32 32 31 31 30 30 30 29 31 33 33 32 31 31
45 45 45 45 45 44 43 42 42 41 40 40 40 40 40 41 42 42 41 39 38 37 40 43 45 46 47 48 49 49 51 53 54 56 58 61 62 62 61 60 59 58 57 55 54 52 51 49 48 46 45 43 42 41 40 39 39 38 37 37 36 35 34 34 33 33 33 33 32 32 33 33 33 32 33 33 33 32 32 32 33 32 32 32 32 32 31 30 31 30 32 33 32 32 32 32
