resultados/variables_proyeccion_tiempo/variables_paleo_130k/bio19.asc
ncols 330
nrows 228
xllcorner -12.000000
yllcorner 34.000000
cellsize 0.166667
NODATA_value -9999
[rows 135 to 179 of 228, columns 192 to 287 of 330]
105 97 94 115 114 130 131 125 118 116 118 121 116 110 107 109 109 105 102 101 100 102 103 102 101 98 95 91 89 86 85 84 81 80 81 83 86 88 91 94 96 98 99 98 97 96 95 94 94 95 96 98 99 101 102 103 105 106 108 110 112 112 112 112 111 109 106 105 103 102 103 105 105 106 108 111 111 113 114 113 113 112 109 109 110 108 106 104 105 106 107 107 108 108 108 108
201 164 92 105 112 119 129 114 107 106 112 118 128 133 127 124 121 118 120 118 117 111 108 106 102 98 94 89 86 86 85 85 83 82 82 83 85 88 90 92 96 97 98 97 96 96 94 93 92 94 97 99 99 101 102 104 105 107 109 111 112 113 113 112 111 109 108 106 104 104 103 102 105 105 106 107 109 109 110 110 109 108 107 108 109 109 108 108 107 108 108 108 108 109 110 111
152 90 75 102 107 112 105 104 105 106 110 117 123 131 137 139 139 133 130 136 129 121 116 111 109 102 96 90 85 83 84 84 84 84 84 84 85 86 89 90 93 94 94 95 95 95 94 92 91 93 96 98 100 102 102 103 105 108 109 111 112 114 113 112 111 108 107 106 104 102 102 101 102 104 105 105 106 107 107 106 106 106 106 108 109 108 108 107 108 108 109 109 110 112 113 115
149 113 89 83 92 101 102 96 120 107 109 119 132 136 130 134 139 144 138 139 135 139 131 121 113 107 101 93 86 85 83 84 84 84 84 84 85 85 87 88 90 91 92 93 93 93 93 93 92 94 97 98 100 101 103 106 106 108 111 113 114 115 113 111 109 107 105 104 103 102 100 99 99 99 102 105 106 107 107 106 106 105 104 105 105 106 106 107 109 110 110 112 113 113 115 117
97 97 78 100 100 100 102 91 99 116 109 118 126 137 140 135 140 141 138 143 141 142 142 141 128 117 106 97 91 87 85 83 84 84 84 84 84 84 85 85 88 89 89 90 90 91 92 92 92 94 97 99 100 101 102 104 106 108 110 112 114 115 113 111 108 107 105 104 102 100 98 97 95 95 98 102 104 104 103 104 104 104 104 103 104 104 105 106 108 110 111 112 112 115 117 118
79 70 73 76 82 80 83 88 107 107 111 119 129 137 138 137 140 136 138 148 141 144 148 149 144 132 118 106 98 92 87 85 83 83 83 83 83 83 82 82 83 85 85 87 88 89 91 91 91 93 95 97 100 101 102 103 104 106 108 110 112 112 111 109 107 106 105 103 102 100 98 95 91 89 93 97 100 100 100 100 101 101 100 101 103 104 106 106 107 108 108 109 112 114 116 118
74 69 71 71 73 78 85 96 111 109 115 121 128 133 132 129 128 134 141 136 144 143 148 146 143 138 134 118 109 96 89 84 81 81 82 84 85 82 80 79 80 82 84 85 87 88 90 91 91 92 94 97 99 101 102 103 104 105 106 108 109 109 109 108 106 104 103 102 101 98 97 94 90 87 90 94 97 98 98 98 98 99 99 98 101 103 105 106 108 108 107 111 114 118 119 119
75 72 72 72 73 78 87 100 106 109 114 119 125 128 128 126 125 125 128 137 138 143 142 140 145 140 129 127 122 108 96 88 84 82 82 81 79 76 75 75 76 77 80 82 84 87 88 90 90 90 92 95 98 101 103 103 104 105 106 106 106 106 105 106 105 103 102 101 100 99 97 96 93 91 90 93 96 97 97 97 96 96 96 97 99 101 104 106 107 109 110 112 116 120 121 122
80 79 88 90 77 80 88 96 106 110 114 118 123 125 124 122 120 121 127 140 143 146 143 137 133 131 133 140 121 108 104 101 90 81 77 76 75 73 71 71 71 73 75 79 81 84 86 87 89 92 91 92 96 100 101 103 103 103 103 103 103 103 103 102 102 102 101 100 101 100 99 98 95 93 92 92 94 93 93 93 94 94 95 97 99 101 105 106 109 112 113 116 119 122 124 124
85 78 79 80 79 83 89 97 104 109 113 117 120 121 120 118 116 117 124 138 150 149 145 140 132 132 136 134 131 119 111 105 97 84 74 68 68 68 66 67 68 69 71 74 79 82 84 86 88 90 94 96 96 98 99 101 102 102 102 102 102 102 102 102 101 101 100 100 99 97 97 96 95 93 91 91 91 92 91 91 92 93 93 95 97 99 103 108 111 115 117 119 122 123 124 125
80 79 79 79 81 85 90 96 101 107 111 116 119 119 117 115 112 113 123 137 152 151 143 138 131 124 122 125 127 130 120 110 100 92 81 64 63 65 64 63 64 66 69 70 76 80 83 86 89 92 93 97 99 98 98 101 102 103 103 102 102 102 103 102 102 101 99 97 97 96 96 95 94 93 91 91 91 90 90 90 91 91 91 93 95 97 101 104 108 115 117 119 121 122 124 126
81 81 81 82 85 88 92 96 101 105 110 114 117 117 116 114 112 116 127 135 145 156 146 135 131 129 123 133 131 133 120 109 100 87 81 68 62 61 61 61 63 63 66 70 73 77 81 85 87 89 90 92 96 98 98 99 100 102 102 101 101 100 101 101 100 100 99 97 97 98 96 96 94 93 91 91 90 89 90 89 90 91 92 92 92 94 97 100 106 111 113 115 119 122 123 125
85 85 85 86 88 91 94 97 100 104 110 115 116 117 117 116 115 117 121 127 136 138 134 129 125 123 119 121 113 111 113 108 105 99 85 77 65 60 60 60 63 61 63 67 72 76 80 84 88 90 92 92 92 96 96 97 99 100 100 100 99 100 100 99 101 100 100 99 97 96 96 95 93 91 91 89 88 87 87 87 87 89 90 90 91 93 97 101 104 108 112 115 118 120 123 126
88 88 88 90 91 93 97 100 104 108 113 117 118 118 119 116 115 114 116 118 121 121 120 118 116 114 113 110 110 112 113 113 108 104 91 88 76 64 57 57 57 59 60 65 70 76 79 84 90 91 92 93 95 96 95 96 98 100 98 100 99 100 101 101 100 100 101 100 99 98 95 95 93 91 90 88 87 86 86 86 87 87 88 88 91 93 96 99 102 106 110 113 115 117 120 123
91 91 92 93 94 96 99 102 106 111 116 121 122 120 124 124 119 116 113 109 108 107 105 105 108 108 109 108 115 119 118 124 106 102 100 78 78 72 60 55 54 55 60 66 71 76 80 81 86 92 95 95 95 96 96 97 97 99 99 99 99 99 101 102 102 101 101 100 99 98 97 95 92 91 89 88 87 85 85 85 85 86 86 88 91 93 95 97 100 104 106 109 111 113 116 120
94 93 94 95 97 99 102 105 108 112 116 121 122 122 128 124 126 118 108 103 98 94 92 95 98 101 102 102 99 100 103 102 90 97 92 88 75 69 59 56 54 52 61 66 71 77 81 86 84 88 92 95 95 96 97 96 96 96 97 96 99 100 100 101 103 102 100 101 99 98 96 93 91 90 88 87 85 84 84 84 84 84 86 88 89 90 92 94 98 100 103 105 107 110 113 116
98 95 95 96 97 100 103 106 109 112 115 118 118 116 118 140 152 130 122 110 93 88 85 88 91 94 94 94 91 92 104 112 88 92 105 94 94 87 67 56 57 56 63 68 72 76 80 85 84 86 91 94 96 96 96 97 95 93 94 95 98 101 102 102 103 104 103 101 99 98 96 94 91 90 88 87 84 83 82 82 82 84 85 87 87 89 90 92 95 97 99 101 104 106 109 111
100 97 96 98 100 102 105 107 110 113 114 116 123 131 117 128 151 144 146 139 107 91 83 83 85 87 88 87 86 87 89 102 102 96 86 98 97 95 80 62 62 59 66 72 74 79 80 84 85 84 89 92 94 96 97 96 97 97 96 95 97 102 105 106 106 105 104 101 99 98 96 94 92 90 88 86 83 82 82 80 82 84 84 85 86 87 88 90 92 94 96 98 101 103 106 109
97 95 96 98 101 104 107 109 112 113 115 117 117 123 124 125 144 127 128 124 107 95 82 81 81 82 83 83 83 83 84 88 85 110 82 94 101 90 74 70 66 65 69 73 76 78 80 83 84 85 90 92 94 94 97 96 98 97 98 98 97 100 106 109 109 -9999 -9999 -9999 -9999 98 96 94 93 91 90 88 85 83 81 80 81 84 85 86 86 87 88 89 90 92 94 97 99 101 -9999 -9999
92 94 97 101 104 107 110 112 114 117 123 121 124 120 120 112 116 117 117 122 111 89 80 80 80 80 82 82 82 81 81 80 81 87 101 83 93 104 86 72 68 71 69 73 76 77 80 83 83 88 92 92 94 95 95 94 96 96 97 98 99 99 104 107 109 -9999 -9999 -9999 -9999 99 96 95 94 92 91 89 87 85 82 81 81 84 86 88 87 87 87 88 89 91 93 95 97 -9999 -9999 -9999
96 96 99 103 106 110 113 116 118 119 121 121 119 122 119 120 112 110 110 107 99 84 82 80 80 81 82 84 84 84 82 78 79 78 85 95 88 89 98 91 81 79 74 73 76 78 84 86 84 89 92 91 93 95 95 93 93 94 95 95 97 99 100 103 -9999 -9999 -9999 -9999 -9999 -9999 -9999 -9999 94 92 92 89 87 85 83 80 82 87 90 90 90 89 88 89 90 92 93 94 -9999 -9999 -9999 -9999
102 102 104 107 109 112 115 118 120 122 121 120 118 116 117 114 111 104 104 95 92 90 85 83 81 83 83 84 84 84 82 79 88 80 89 86 81 96 115 101 84 82 77 74 76 81 86 87 86 90 91 91 95 95 93 92 91 90 90 91 92 96 98 -9999 -9999 -9999 -9999 -9999 -9999 -9999 -9999 -9999 -9999 -9999 -9999 -9999 -9999 -9999 -9999 -9999 92 94 96 98 96 92 91 91 94 95 -9999 -9999 -9999 -9999 -9999 -9999
108 108 109 111 113 115 118 119 120 121 120 120 121 127 136 140 124 106 103 109 119 119 120 103 87 82 84 87 89 87 87 87 86 78 82 92 94 117 133 117 94 87 79 76 78 80 84 87 86 91 93 94 95 93 91 88 87 86 86 87 89 -9999 -9999 -9999 -9999 -9999 -9999 -9999 -9999 -9999 -9999 -9999 -9999 -9999 -9999 -9999 -9999 94 93 94 96 100 105 110 108 101 98 99 99 100 102 -9999 -9999 -9999 -9999 -9999
114 114 115 116 117 119 120 122 123 125 125 123 121 134 136 137 126 113 116 131 151 149 159 149 133 102 128 149 160 152 140 123 100 117 115 124 117 121 124 118 102 88 82 79 80 82 84 87 87 92 93 94 96 94 90 86 82 80 81 83 -9999 -9999 -9999 -9999 -9999 -9999 -9999 -9999 -9999 -9999 -9999 -9999 -9999 -9999 -9999 102 101 99 99 100 104 110 119 128 137 130 118 113 110 107 105 106 -9999 -9999 -9999 -9999
122 122 122 123 123 123 123 124 125 126 129 128 129 123 144 163 165 167 140 126 128 163 158 132 123 105 114 126 132 143 134 136 159 146 143 137 125 110 105 98 93 91 84 82 82 83 85 87 88 90 92 94 96 95 90 84 78 75 74 -9999 -9999 -9999 -9999 -9999 -9999 -9999 -9999 -9999 -9999 -9999 -9999 -9999 -9999 -9999 106 107 107 105 103 104 108 115 125 140 161 162 140 128 121 115 111 108 108 -9999 105 105
130 131 130 129 129 128 127 127 127 129 133 138 157 141 150 185 173 163 145 141 127 137 136 138 129 108 105 105 106 107 109 128 132 125 121 112 105 101 99 94 90 89 86 85 85 85 87 88 89 93 94 94 95 93 88 82 76 70 70 -9999 -9999 -9999 -9999 -9999 -9999 -9999 -9999 -9999 -9999 -9999 -9999 -9999 -9999 -9999 -9999 107 107 -9999 104 106 109 115 125 138 152 157 152 142 134 125 119 113 110 110 111 111
141 141 139 136 135 133 131 130 132 130 140 151 165 141 152 159 137 129 118 111 108 108 108 107 102 100 100 102 103 102 107 107 105 105 105 101 99 99 99 96 91 90 89 88 88 88 87 88 89 94 98 97 95 92 88 82 77 71 66 -9999 -9999 -9999 -9999 -9999 -9999 -9999 -9999 -9999 -9999 -9999 -9999 -9999 -9999 -9999 -9999 -9999 -9999 -9999 -9999 106 111 117 124 132 144 157 162 157 157 145 139 124 116 113 116 118
150 151 148 143 140 138 137 133 131 133 141 145 140 147 141 140 129 120 116 113 112 111 110 108 105 102 106 107 104 103 106 105 103 103 104 103 101 99 98 97 96 94 92 91 91 91 90 89 90 95 101 97 94 91 87 83 80 78 -9999 -9999 -9999 -9999 -9999 -9999 -9999 -9999 -9999 -9999 -9999 -9999 -9999 -9999 -9999 -9999 -9999 -9999 -9999 -9999 -9999 -9999 -9999 122 127 135 152 177 214 208 183 168 155 131 121 -9999 -9999 -9999
159 160 161 153 144 140 137 135 135 134 142 141 149 147 130 131 127 123 120 117 115 113 114 111 110 106 108 108 108 107 106 106 107 107 107 107 107 105 103 101 99 97 96 94 93 92 92 92 92 96 101 98 93 90 88 86 84 83 -9999 -9999 -9999 -9999 -9999 -9999 -9999 -9999 -9999 -9999 -9999 -9999 -9999 -9999 -9999 -9999 -9999 -9999 -9999 -9999 -9999 -9999 -9999 128 138 154 177 229 217 176 162 157 148 -9999 -9999 -9999 -9999 -9999
166 167 167 160 152 145 140 137 138 137 141 140 142 138 134 124 124 127 124 121 119 117 116 114 114 110 111 111 110 110 109 109 111 112 112 113 114 113 110 106 103 102 99 97 95 95 95 94 95 98 97 97 94 93 -9999 -9999 -9999 -9999 -9999 -9999 -9999 -9999 -9999 -9999 -9999 -9999 -9999 -9999 -9999 -9999 -9999 -9999 -9999 -9999 -9999 -9999 -9999 -9999 -9999 -9999 132 141 163 193 241 274 195 -9999 -9999 -9999 -9999 -9999 -9999 -9999 -9999 -9999
173 170 166 160 153 147 142 140 139 143 143 145 140 138 130 126 125 127 128 126 124 120 118 119 117 115 114 114 113 114 113 114 115 116 117 119 121 118 114 111 108 105 102 100 98 97 97 96 97 99 98 96 95 95 -9999 -9999 -9999 -9999 -9999 -9999 -9999 -9999 -9999 -9999 -9999 -9999 -9999 -9999 -9999 -9999 -9999 -9999 -9999 -9999 -9999 -9999 -9999 -9999 -9999 -9999 -9999 176 184 256 263 192 -9999 -9999 -9999 -9999 -9999 -9999 -9999 -9999 -9999 -9999
178 173 168 162 154 149 144 142 142 146 147 151 144 142 134 128 128 127 129 130 128 125 123 122 121 119 118 118 117 115 116 116 118 119 121 124 124 121 118 116 113 108 105 102 100 100 101 101 102 101 100 98 -9999 -9999 -9999 -9999 -9999 -9999 -9999 -9999 -9999 -9999 -9999 -9999 -9999 -9999 -9999 -9999 -9999 -9999 -9999 -9999 -9999 -9999 -9999 -9999 -9999 -9999 -9999 -9999 -9999 -9999 -9999 -9999 -9999 -9999 -9999 -9999 -9999 -9999 -9999 -9999 -9999 -9999 -9999 -9999
181 176 169 165 156 149 146 142 142 151 163 155 144 140 135 133 131 129 130 130 129 127 128 125 124 124 122 119 119 119 120 120 120 122 124 126 126 124 121 118 116 114 111 108 106 107 109 109 108 108 107 105 108 -9999 -9999 -9999 -9999 -9999 -9999 -9999 -9999 -9999 -9999 -9999 -9999 -9999 -9999 -9999 -9999 -9999 -9999 -9999 -9999 -9999 -9999 -9999 -9999 -9999 -9999 -9999 -9999 -9999 -9999 -9999 -9999 -9999 -9999 -9999 -9999 -9999 -9999 -9999 -9999 -9999 -9999 -9999
189 182 173 165 156 156 150 145 143 150 158 147 139 137 138 136 133 131 131 133 133 131 129 127 127 126 124 122 122 122 122 122 123 125 126 126 127 128 127 125 124 122 120 119 117 116 117 117 116 115 113 113 110 -9999 -9999 -9999 -9999 -9999 -9999 -9999 -9999 -9999 -9999 -9999 -9999 -9999 -9999 -9999 -9999 -9999 -9999 -9999 -9999 -9999 -9999 -9999 -9999 -9999 -9999 -9999 -9999 -9999 -9999 -9999 -9999 -9999 -9999 -9999 -9999 -9999 -9999 -9999 -9999 -9999 -9999 -9999
200 190 180 165 157 159 153 150 145 147 150 151 148 141 144 138 137 136 135 138 137 136 132 131 128 126 125 124 124 124 123 125 125 126 127 131 133 134 134 135 133 130 129 126 125 124 125 126 125 124 122 121 -9999 -9999 -9999 -9999 -9999 -9999 -9999 -9999 -9999 -9999 -9999 -9999 -9999 -9999 -9999 -9999 -9999 -9999 -9999 -9999 -9999 -9999 -9999 -9999 -9999 -9999 -9999 -9999 -9999 -9999 -9999 -9999 -9999 -9999 -9999 -9999 -9999 -9999 -9999 -9999 -9999 -9999 -9999 -9999
209 203 200 186 179 166 156 151 149 146 147 154 150 141 149 147 140 139 139 140 139 138 135 134 132 130 129 127 128 128 127 127 128 129 135 136 138 140 141 142 143 142 138 135 133 132 134 134 135 133 132 131 -9999 -9999 -9999 -9999 -9999 -9999 -9999 -9999 -9999 -9999 -9999 -9999 -9999 -9999 -9999 -9999 -9999 -9999 -9999 -9999 -9999 -9999 -9999 -9999 -9999 -9999 -9999 -9999 -9999 -9999 -9999 -9999 -9999 -9999 -9999 -9999 -9999 -9999 -9999 -9999 -9999 -9999 -9999 -9999
227 223 214 195 197 187 164 159 165 154 146 147 147 148 145 162 162 145 141 140 142 142 140 136 133 131 130 130 132 128 129 131 131 133 137 142 146 144 146 147 148 146 142 143 141 140 143 143 141 140 141 140 -9999 -9999 -9999 -9999 -9999 -9999 -9999 -9999 -9999 -9999 -9999 -9999 -9999 -9999 -9999 -9999 -9999 -9999 -9999 -9999 -9999 -9999 -9999 -9999 -9999 -9999 -9999 -9999 -9999 -9999 -9999 -9999 -9999 -9999 -9999 -9999 -9999 -9999 -9999 -9999 -9999 -9999 -9999 -9999
246 238 228 208 207 200 181 166 157 153 147 145 146 147 144 145 162 157 150 143 146 146 143 140 134 134 133 135 132 132 134 133 134 135 139 142 147 150 154 150 147 146 144 145 143 143 145 147 143 -9999 -9999 -9999 -9999 -9999 -9999 -9999 -9999 -9999 -9999 -9999 -9999 -9999 -9999 -9999 -9999 -9999 -9999 -9999 -9999 -9999 -9999 -9999 -9999 -9999 -9999 -9999 -9999 -9999 -9999 -9999 -9999 -9999 -9999 -9999 -9999 -9999 -9999 -9999 -9999 -9999 -9999 -9999 -9999 -9999 -9999 -9999
265 254 239 227 209 208 198 173 168 159 147 142 144 152 143 141 143 147 158 158 148 147 141 139 138 135 135 138 136 139 137 141 141 141 142 145 155 162 164 160 159 156 153 149 147 145 149 149 -9999 -9999 -9999 -9999 -9999 -9999 -9999 -9999 -9999 -9999 -9999 -9999 -9999 -9999 -9999 -9999 -9999 -9999 -9999 -9999 -9999 -9999 -9999 -9999 -9999 -9999 -9999 -9999 -9999 -9999 -9999 -9999 -9999 -9999 -9999 -9999 -9999 -9999 -9999 -9999 -9999 -9999 -9999 -9999 -9999 -9999 -9999 -9999
286 273 261 245 221 207 197 179 175 159 147 142 140 151 150 150 141 138 139 141 143 149 140 141 142 145 148 144 141 142 142 145 149 151 156 159 165 171 176 176 173 171 168 165 163 162 155 154 -9999 -9999 -9999 -9999 -9999 -9999 -9999 -9999 -9999 -9999 -9999 -9999 -9999 -9999 -9999 -9999 -9999 -9999 -9999 -9999 -9999 -9999 -9999 -9999 -9999 -9999 -9999 -9999 -9999 -9999 -9999 -9999 -9999 -9999 -9999 -9999 -9999 -9999 -9999 -9999 -9999 -9999 -9999 -9999 -9999 -9999 -9999 -9999
306 296 279 251 230 211 193 185 176 164 157 156 142 161 162 147 145 138 135 129 130 139 145 151 153 158 162 153 164 170 169 161 167 168 169 176 177 181 181 178 176 177 177 170 168 162 166 164 -9999 -9999 -9999 -9999 -9999 -9999 -9999 -9999 -9999 -9999 -9999 -9999 -9999 -9999 -9999 -9999 -9999 -9999 -9999 -9999 -9999 -9999 -9999 -9999 -9999 -9999 -9999 -9999 -9999 -9999 -9999 -9999 -9999 -9999 -9999 -9999 -9999 -9999 -9999 -9999 -9999 -9999 -9999 -9999 -9999 -9999 -9999 -9999
324 313 293 263 238 219 197 188 178 160 159 148 146 172 165 146 139 136 138 165 139 138 141 144 146 154 157 149 140 147 153 151 153 160 163 163 164 166 168 171 176 181 179 167 162 159 158 -9999 -9999 -9999 -9999 -9999 -9999 -9999 -9999 -9999 -9999 -9999 -9999 -9999 -9999 -9999 -9999 -9999 -9999 -9999 -9999 -9999 -9999 -9999 -9999 -9999 -9999 -9999 -9999 -9999 -9999 -9999 -9999 -9999 -9999 -9999 -9999 -9999 -9999 -9999 -9999 -9999 -9999 -9999 -9999 -9999 -9999 -9999 -9999 -9999
357 334 306 273 245 230 204 186 169 160 146 143 156 170 158 142 139 136 135 148 150 146 142 144 140 140 138 135 135 141 149 155 157 159 158 160 166 170 173 178 184 182 176 170 166 170 172 -9999 -9999 -9999 -9999 -9999 -9999 -9999 -9999 -9999 -9999 -9999 -9999 -9999 -9999 -9999 -9999 -9999 -9999 -9999 -9999 -9999 -9999 -9999 -9999 -9999 -9999 -9999 -9999 -9999 -9999 -9999 -9999 -9999 -9999 -9999 -9999 -9999 -9999 -9999 -9999 -9999 -9999 -9999 -9999 -9999 -9999 -9999 -9999 -9999
389 352 315 282 254 257 239 191 190 166 144 142 151 152 153 162 134 133 135 183 190 191 180 150 139 136 136 135 135 138 142 150 156 158 163 166 172 177 180 181 188 190 189 187 187 184 181 186 -9999 -9999 -9999 -9999 -9999 -9999 -9999 -9999 -9999 -9999 -9999 -9999 -9999 -9999 -9999 -9999 -9999 -9999 -9999 -9999 -9999 -9999 -9999 -9999 -9999 -9999 -9999 -9999 -9999 -9999 -9999 -9999 -9999 -9999 -9999 -9999 -9999 -9999 -9999 -9999 -9999 -9999 -9999 -9999 -9999 -9999 -9999 -9999
384 358 323 304 301 282 222 189 172 159 139 136 136 154 173 159 145 143 135 176 227 215 193 177 161 154 145 146 145 143 149 154 159 164 169 174 185 192 189 190 197 202 207 210 203 199 199 200 203 -9999 -9999 -9999 -9999 -9999 -9999 -9999 -9999 -9999 -9999 -9999 -9999 -9999 -9999 -9999 -9999 -9999 -9999 -9999 -9999 -9999 -9999 -9999 -9999 -9999 -9999 -9999 -9999 -9999 -9999 269 278 279 -9999 -9999 -9999 -9999 -9999 -9999 -9999 186 179 174 -9999 -9999 -9999 -9999
