resultados/variables_proyeccion_tiempo/variables_paleo_130k/bio13.asc
ncols 330
nrows 228
xllcorner -12.000000
yllcorner 34.000000
cellsize 0.166667
NODATA_value -9999
[rows 144 to 191 of 228, columns 96 to 191 of 330]
86 87 87 88 90 92 96 98 100 100 100 100 103 104 108 111 114 120 120 93 89 97 113 134 142 139 128 125 125 123 122 125 128 127 127 128 126 126 130 131 134 136 132 133 133 134 134 129 127 131 135 140 145 148 158 165 170 170 165 161 153 145 140 136 131 130 128 128 126 122 122 117 110 102 99 98 95 93 91 88 88 89 89 88 87 87 88 87 88 98 92 92 93 96 99 109
87 87 89 91 93 96 100 101 100 101 102 102 103 105 105 105 111 108 98 92 93 101 125 135 142 136 127 125 120 119 119 122 131 133 137 134 133 132 133 134 137 140 136 134 135 140 142 142 136 143 145 152 156 157 162 172 176 181 183 180 171 161 157 147 143 140 142 137 135 136 132 122 111 108 104 100 96 94 92 90 89 89 89 88 87 86 89 88 89 94 89 90 92 91 92 92
89 89 90 93 96 99 99 99 99 100 100 102 106 106 104 103 101 98 97 97 100 101 110 121 125 123 126 125 124 124 127 129 132 137 140 138 139 134 138 138 139 147 143 143 146 147 150 150 142 145 147 156 158 163 166 170 176 180 182 179 174 167 159 157 149 150 148 142 137 131 135 133 121 117 110 105 100 97 94 92 91 91 91 90 89 89 91 90 90 93 87 90 91 90 89 90
93 91 91 95 100 101 99 98 99 100 102 105 106 106 108 106 104 107 107 111 110 117 123 126 127 129 133 131 132 138 139 142 146 141 143 140 145 138 148 143 143 145 146 145 153 152 145 141 145 149 151 154 155 160 164 164 169 173 176 172 171 172 167 163 157 147 138 133 132 137 130 127 120 118 114 108 104 100 96 94 92 92 92 93 92 91 91 89 88 88 86 87 90 90 89 89
101 96 94 95 99 100 98 99 99 102 103 105 112 113 115 115 116 121 126 125 123 123 121 128 137 142 140 142 138 140 150 157 156 142 147 151 154 153 152 148 135 136 144 139 139 145 150 145 154 151 151 152 152 154 156 160 164 167 168 169 168 165 159 154 146 142 145 134 131 129 124 119 116 115 113 110 106 102 99 96 94 96 100 98 94 90 88 88 87 86 86 86 88 90 89 89
103 95 93 97 101 97 97 98 100 102 103 109 115 117 125 127 133 129 124 113 115 118 130 140 142 146 147 155 164 169 162 173 155 159 161 144 154 159 147 135 142 145 162 147 138 150 151 153 156 162 160 156 162 156 155 158 159 159 159 160 159 155 151 155 146 148 132 126 123 122 121 119 117 116 113 111 107 104 100 97 96 98 98 95 90 89 88 87 87 87 86 87 88 89 89 89
98 95 98 97 96 95 97 98 99 101 105 114 124 127 139 142 124 111 112 114 118 123 133 147 158 156 166 164 180 193 187 192 177 149 152 157 162 161 143 141 164 158 149 144 130 142 148 139 152 152 149 144 151 145 148 149 151 152 154 155 151 146 140 147 143 142 142 127 122 123 123 122 120 118 115 112 109 105 101 100 97 96 94 91 89 89 89 88 88 87 87 87 88 89 89 88
94 96 96 97 95 95 97 98 99 103 111 115 135 144 141 108 109 111 114 124 136 122 137 151 163 170 194 187 195 195 181 168 156 164 162 169 155 143 144 130 157 149 135 121 130 125 127 127 134 137 139 138 137 138 141 143 145 146 148 148 141 137 131 138 136 138 144 129 128 127 125 123 121 120 116 114 111 106 103 99 96 94 94 94 92 90 89 89 88 87 87 87 88 88 88 88
93 94 97 96 96 96 97 98 101 109 111 130 153 162 114 101 107 116 126 147 145 150 159 177 210 193 199 188 194 190 196 185 174 163 171 159 153 143 137 127 123 118 111 111 116 117 134 134 136 137 132 133 134 136 137 140 143 146 144 141 137 132 133 133 135 135 136 136 136 133 129 126 122 119 117 115 112 108 104 100 98 96 96 94 92 91 90 89 88 87 87 87 88 88 88 87
93 95 98 98 98 96 97 98 105 108 114 136 152 109 98 99 115 115 142 153 171 181 192 204 184 185 188 177 178 167 181 175 170 168 165 169 150 139 129 150 129 112 107 108 111 121 130 126 128 125 125 129 130 134 138 139 140 142 142 142 140 141 143 144 143 141 136 141 140 133 129 126 124 121 118 114 112 108 106 102 100 98 95 93 91 91 91 89 88 88 88 89 89 88 88 87
94 96 103 104 97 97 98 99 105 110 124 140 106 103 119 141 156 126 146 142 131 148 164 161 178 167 171 167 164 165 162 160 145 154 151 138 126 117 122 127 113 109 105 106 111 118 122 122 119 121 123 127 136 138 143 141 141 140 139 140 141 137 136 139 140 138 135 133 133 131 130 128 125 122 119 116 112 109 106 104 101 99 97 96 93 93 93 91 89 89 90 90 89 89 88 86
92 98 105 102 95 99 100 101 106 120 121 108 110 112 121 125 151 179 128 159 187 198 196 205 179 144 160 161 156 162 162 151 145 139 134 129 124 117 117 124 104 107 104 106 110 112 112 116 120 121 123 146 155 147 145 140 135 136 137 137 138 139 142 143 140 138 137 134 134 130 125 122 122 120 119 116 114 111 107 105 103 100 97 95 94 94 92 92 90 90 90 90 90 89 88 87
95 99 104 99 97 100 101 101 108 117 112 104 105 127 148 144 152 197 192 192 196 191 198 189 157 153 146 145 154 158 157 149 144 136 129 121 115 110 112 105 103 103 103 104 107 108 111 115 118 123 133 145 145 139 135 131 129 128 131 134 141 144 148 151 150 145 139 133 127 125 121 124 121 117 116 115 113 112 110 107 104 101 98 96 94 94 93 92 91 91 91 91 91 90 89 89
94 96 103 103 98 98 100 102 102 106 99 103 118 126 123 145 186 177 160 134 146 141 154 161 146 139 140 140 145 147 143 136 131 126 121 116 110 108 105 103 102 102 102 104 108 110 112 114 116 116 120 128 131 130 128 126 123 124 128 134 143 148 152 153 156 153 146 140 134 128 120 116 115 115 114 114 114 112 111 109 107 103 100 98 96 94 94 94 93 93 92 91 91 91 90 90
96 95 103 104 99 100 105 106 106 102 106 104 116 110 126 152 146 176 182 179 177 160 135 139 128 128 131 134 134 135 132 126 120 115 112 110 108 106 104 101 100 101 102 104 108 109 108 108 108 105 107 115 120 123 124 -9999 -9999 120 121 136 145 152 150 155 160 160 153 143 135 124 117 116 115 114 114 114 115 113 112 112 115 111 105 100 98 97 96 96 95 95 94 93 92 92 91 91
102 98 105 109 100 102 107 110 110 107 112 117 108 127 152 142 173 184 187 160 142 128 122 119 121 121 122 125 130 132 131 124 119 115 111 109 107 106 103 100 98 99 99 101 103 103 101 99 98 97 99 106 -9999 -9999 -9999 -9999 117 119 127 133 145 154 162 158 163 163 160 150 140 129 120 115 114 114 114 113 113 113 114 116 116 110 108 105 102 100 98 98 97 97 95 94 93 93 93 93
96 102 111 106 101 102 106 109 106 109 111 113 156 142 136 169 162 165 173 143 120 121 121 118 115 115 117 124 130 133 131 126 121 116 111 109 107 106 103 99 96 95 95 96 96 95 94 92 91 89 -9999 -9999 -9999 -9999 -9999 -9999 -9999 118 126 134 141 150 170 170 164 159 162 157 147 136 126 117 115 117 116 113 112 112 112 112 111 110 106 105 103 101 100 100 99 98 98 97 95 94 95 95
102 105 108 105 104 103 104 104 112 118 102 136 141 169 170 168 152 143 125 118 113 119 119 115 111 110 117 126 133 136 135 131 125 118 113 110 108 106 103 100 97 95 93 93 92 90 88 86 86 87 87 -9999 -9999 -9999 -9999 -9999 -9999 115 121 131 138 151 158 167 170 166 167 162 154 144 133 126 122 116 112 114 114 117 114 112 110 109 107 104 103 103 102 101 101 100 99 97 96 97 98 97
106 107 102 104 106 106 106 111 117 116 107 126 155 179 173 140 144 158 133 109 106 109 109 105 102 108 119 131 139 144 144 140 132 122 114 111 109 107 105 102 99 96 94 93 92 92 88 83 83 84 86 88 -9999 -9999 -9999 -9999 -9999 -9999 117 122 132 145 150 162 164 166 166 166 159 153 140 134 129 123 118 115 112 114 117 114 112 110 107 106 106 107 105 104 103 102 100 99 97 96 96 96
105 103 103 106 109 108 107 106 110 116 116 121 124 145 161 128 142 149 138 105 98 100 100 98 99 108 122 136 147 153 148 140 136 131 125 119 114 111 108 105 101 98 96 93 92 91 87 82 81 81 84 -9999 -9999 -9999 -9999 -9999 -9999 -9999 -9999 118 -9999 132 143 149 156 158 160 168 164 158 152 142 143 136 131 123 118 115 115 114 113 111 109 107 107 109 109 111 109 106 104 101 99 98 98 97
100 100 105 108 111 109 107 107 107 110 111 119 107 116 124 122 147 162 133 111 99 98 98 100 105 113 126 139 148 157 148 141 137 132 128 124 120 116 113 110 106 101 97 94 91 88 85 82 80 79 -9999 -9999 -9999 -9999 -9999 -9999 -9999 -9999 -9999 -9999 -9999 129 136 139 151 153 159 168 168 161 156 151 145 143 140 135 125 124 118 114 112 112 110 108 108 111 110 112 114 113 109 104 105 103 101 100
99 105 108 111 112 109 107 106 105 107 102 103 102 102 119 135 134 143 128 112 102 102 103 106 111 119 129 139 152 164 156 149 140 134 129 126 121 119 117 114 113 111 109 104 99 93 87 84 81 79 80 -9999 -9999 -9999 -9999 -9999 -9999 -9999 -9999 -9999 -9999 -9999 134 135 139 148 147 156 160 159 156 153 148 147 145 143 137 131 124 115 114 115 114 111 108 111 111 112 113 113 109 112 108 107 107 104
104 110 112 113 112 108 106 105 105 105 103 96 103 112 116 135 144 133 129 127 115 115 119 118 117 122 131 -9999 -9999 -9999 156 154 144 138 133 131 127 120 116 116 116 118 118 119 115 104 95 89 84 82 82 -9999 -9999 -9999 -9999 -9999 -9999 -9999 -9999 -9999 -9999 -9999 -9999 133 135 135 140 138 141 147 149 151 151 150 149 148 145 140 131 124 118 115 111 109 112 115 114 117 116 115 112 112 113 116 112 109
109 113 116 115 111 106 103 105 106 106 105 98 97 100 111 118 122 118 117 126 134 121 123 117 118 122 -9999 -9999 -9999 -9999 -9999 -9999 -9999 137 133 137 131 122 122 118 117 120 124 126 126 120 109 98 91 87 86 87 88 -9999 -9999 -9999 -9999 -9999 -9999 -9999 -9999 -9999 -9999 -9999 131 133 133 134 135 137 143 140 144 146 151 151 151 148 142 136 120 119 116 111 110 111 115 113 118 122 120 117 116 117 121 118
114 118 119 115 110 104 100 100 100 99 97 96 98 106 108 110 109 110 113 114 116 117 117 118 119 122 -9999 -9999 -9999 -9999 -9999 -9999 -9999 -9999 -9999 -9999 137 132 126 122 120 119 119 120 116 118 117 107 101 96 96 93 91 93 94 -9999 -9999 -9999 -9999 -9999 -9999 -9999 -9999 -9999 -9999 -9999 128 127 129 130 134 137 140 144 149 153 157 156 147 143 135 128 127 120 116 113 112 117 117 119 121 120 122 118 120 117
116 118 118 113 107 102 98 97 97 97 96 97 99 105 107 110 113 115 118 121 119 121 120 122 -9999 -9999 -9999 -9999 -9999 -9999 -9999 -9999 -9999 -9999 -9999 -9999 -9999 133 131 123 119 118 118 117 114 117 112 111 110 107 103 100 100 97 97 97 -9999 -9999 -9999 -9999 -9999 -9999 -9999 -9999 -9999 -9999 -9999 125 123 126 129 133 137 141 150 150 156 165 160 152 142 138 140 134 124 121 116 118 115 116 118 118 119 123 123 120
117 116 114 110 104 98 94 94 96 98 98 99 101 104 107 113 120 128 129 -9999 -9999 -9999 -9999 -9999 -9999 -9999 -9999 -9999 -9999 -9999 -9999 -9999 -9999 -9999 -9999 -9999 -9999 130 128 122 117 116 117 115 113 111 110 108 106 110 112 112 113 104 99 98 98 98 -9999 -9999 -9999 -9999 -9999 -9999 -9999 -9999 -9999 -9999 -9999 125 125 129 132 133 138 146 152 164 165 159 149 146 155 140 139 129 125 123 124 121 120 120 120 122 125 126
116 115 113 108 103 98 94 94 96 98 100 101 104 106 109 115 122 129 -9999 -9999 -9999 -9999 -9999 -9999 -9999 -9999 -9999 -9999 -9999 -9999 -9999 -9999 -9999 -9999 -9999 126 -9999 126 121 116 112 111 112 111 110 109 108 107 107 108 115 121 120 111 104 98 96 98 99 -9999 -9999 -9999 -9999 -9999 -9999 -9999 -9999 -9999 -9999 -9999 -9999 -9999 124 121 122 134 145 154 163 167 167 168 170 164 144 139 134 131 134 130 127 126 124 124 125 127
-9999 -9999 -9999 -9999 -9999 -9999 -9999 95 96 98 102 107 107 110 113 115 118 -9999 -9999 -9999 -9999 -9999 -9999 -9999 -9999 -9999 -9999 -9999 -9999 -9999 -9999 -9999 -9999 -9999 -9999 -9999 -9999 -9999 116 112 108 105 105 107 107 106 105 106 106 109 113 118 118 114 108 99 96 97 99 -9999 -9999 -9999 -9999 -9999 -9999 -9999 -9999 -9999 -9999 -9999 -9999 -9999 -9999 -9999 120 132 142 142 160 168 181 192 203 181 153 150 144 141 137 137 134 133 131 127 128 127
-9999 -9999 -9999 -9999 -9999 -9999 -9999 -9999 -9999 -9999 102 106 108 110 112 113 -9999 -9999 -9999 -9999 -9999 -9999 -9999 -9999 -9999 -9999 -9999 -9999 -9999 -9999 -9999 -9999 123 -9999 114 113 -9999 -9999 -9999 107 105 100 98 100 101 101 100 104 107 110 113 115 116 116 112 108 101 99 100 102 -9999 -9999 -9999 -9999 -9999 -9999 -9999 -9999 -9999 -9999 110 -9999 114 112 115 129 133 145 154 167 180 192 201 197 173 165 156 154 148 147 140 139 138 137 138 129
-9999 -9999 -9999 -9999 -9999 -9999 -9999 -9999 -9999 -9999 -9999 -9999 -9999 110 -9999 -9999 -9999 -9999 -9999 -9999 -9999 -9999 -9999 -9999 -9999 -9999 -9999 -9999 -9999 -9999 -9999 121 120 -9999 -9999 -9999 -9999 -9999 101 104 101 100 100 98 96 92 95 99 104 109 113 114 115 116 117 118 110 105 103 104 -9999 -9999 -9999 -9999 -9999 -9999 -9999 -9999 -9999 -9999 -9999 109 110 -9999 -9999 122 129 141 153 165 174 185 190 188 182 170 179 162 160 162 153 148 145 147 142 141
-9999 -9999 -9999 -9999 -9999 -9999 -9999 -9999 -9999 -9999 -9999 -9999 -9999 -9999 -9999 -9999 -9999 -9999 -9999 -9999 -9999 -9999 -9999 -9999 -9999 -9999 -9999 -9999 -9999 -9999 119 119 116 -9999 -9999 -9999 98 96 97 -9999 98 98 99 93 88 89 93 97 105 108 113 115 116 118 118 119 116 113 107 107 107 -9999 -9999 -9999 -9999 -9999 -9999 -9999 -9999 -9999 -9999 -9999 -9999 -9999 113 114 127 132 -9999 161 167 177 186 187 192 193 191 181 176 185 170 156 174 152 150 146
-9999 -9999 -9999 -9999 -9999 -9999 -9999 -9999 -9999 -9999 -9999 -9999 -9999 -9999 -9999 -9999 -9999 -9999 -9999 -9999 -9999 -9999 -9999 -9999 -9999 -9999 -9999 115 116 118 117 115 114 112 -9999 -9999 85 -9999 -9999 -9999 -9999 -9999 93 92 93 94 92 99 103 112 113 116 117 118 119 120 119 116 111 109 108 108 -9999 -9999 -9999 -9999 -9999 -9999 -9999 -9999 -9999 -9999 -9999 -9999 -9999 -9999 -9999 -9999 -9999 -9999 -9999 -9999 -9999 -9999 199 200 189 175 189 187 209 191 185 157 155 152
-9999 -9999 -9999 -9999 -9999 -9999 -9999 -9999 -9999 -9999 -9999 -9999 -9999 -9999 -9999 -9999 -9999 -9999 -9999 -9999 -9999 -9999 -9999 -9999 -9999 -9999 -9999 114 117 126 118 114 110 108 -9999 -9999 -9999 84 -9999 -9999 -9999 84 85 91 96 101 103 106 106 110 118 117 117 120 120 122 121 117 115 113 111 109 108 -9999 -9999 -9999 -9999 -9999 -9999 -9999 -9999 -9999 -9999 99 -9999 -9999 -9999 -9999 -9999 -9999 -9999 -9999 -9999 -9999 -9999 -9999 207 207 205 194 224 243 210 177 162 157
-9999 -9999 -9999 -9999 -9999 -9999 -9999 -9999 -9999 -9999 -9999 -9999 -9999 -9999 -9999 -9999 -9999 -9999 -9999 -9999 -9999 -9999 -9999 -9999 -9999 -9999 -9999 113 119 125 124 111 106 102 -9999 -9999 -9999 83 -9999 -9999 -9999 83 90 -9999 -9999 107 112 112 109 116 120 122 120 121 122 121 119 120 118 117 113 111 110 109 108 -9999 -9999 -9999 -9999 -9999 -9999 -9999 -9999 -9999 -9999 -9999 -9999 -9999 -9999 -9999 -9999 -9999 -9999 -9999 -9999 -9999 -9999 -9999 218 211 230 248 252 200 189 180
-9999 -9999 -9999 -9999 -9999 -9999 -9999 -9999 -9999 -9999 -9999 -9999 -9999 -9999 -9999 -9999 -9999 -9999 -9999 -9999 -9999 -9999 -9999 -9999 -9999 -9999 -9999 111 111 116 124 114 101 99 -9999 -9999 -9999 -9999 -9999 -9999 -9999 -9999 -9999 -9999 -9999 -9999 119 112 117 122 120 123 123 122 124 123 123 120 119 120 113 112 110 108 107 106 -9999 -9999 92 92 -9999 -9999 -9999 -9999 -9999 -9999 -9999 -9999 -9999 -9999 -9999 -9999 -9999 -9999 -9999 -9999 -9999 -9999 -9999 229 222 226 258 255 204 189
-9999 -9999 -9999 -9999 -9999 -9999 -9999 -9999 -9999 -9999 -9999 -9999 -9999 -9999 -9999 -9999 -9999 -9999 -9999 -9999 -9999 -9999 -9999 -9999 -9999 -9999 -9999 107 106 112 119 116 100 -9999 -9999 -9999 -9999 -9999 -9999 -9999 -9999 -9999 -9999 -9999 -9999 -9999 -9999 -9999 119 117 121 126 130 128 128 120 124 123 116 114 111 108 106 104 104 104 99 94 89 84 82 84 83 82 -9999 -9999 -9999 -9999 -9999 -9999 -9999 -9999 -9999 -9999 -9999 -9999 -9999 -9999 -9999 -9999 227 231 240 239 215 191
-9999 -9999 -9999 -9999 -9999 -9999 -9999 -9999 -9999 -9999 -9999 -9999 -9999 -9999 -9999 -9999 -9999 -9999 -9999 -9999 -9999 -9999 -9999 -9999 -9999 -9999 -9999 -9999 106 108 115 112 99 -9999 -9999 -9999 -9999 -9999 -9999 -9999 -9999 -9999 -9999 -9999 -9999 -9999 -9999 -9999 -9999 120 125 127 128 141 153 148 137 139 125 115 115 111 108 103 100 96 96 91 86 83 84 85 86 82 -9999 -9999 -9999 -9999 -9999 -9999 -9999 -9999 -9999 -9999 -9999 -9999 -9999 -9999 -9999 -9999 -9999 -9999 -9999 219 209 199
-9999 -9999 -9999 -9999 -9999 -9999 -9999 -9999 -9999 -9999 -9999 -9999 -9999 -9999 -9999 -9999 -9999 -9999 -9999 -9999 -9999 -9999 -9999 -9999 -9999 -9999 -9999 -9999 101 103 108 99 95 -9999 -9999 -9999 -9999 -9999 -9999 -9999 -9999 -9999 -9999 -9999 -9999 -9999 -9999 -9999 -9999 -9999 131 134 143 149 138 168 177 160 139 128 127 118 109 105 98 96 91 88 83 79 78 78 -9999 -9999 -9999 -9999 -9999 -9999 -9999 -9999 -9999 -9999 -9999 -9999 -9999 -9999 -9999 -9999 -9999 -9999 -9999 -9999 208 208 202 191
-9999 -9999 -9999 -9999 -9999 -9999 -9999 -9999 -9999 -9999 -9999 -9999 -9999 -9999 -9999 -9999 -9999 -9999 -9999 -9999 -9999 -9999 -9999 -9999 -9999 -9999 -9999 -9999 -9999 98 97 97 -9999 -9999 -9999 -9999 -9999 -9999 -9999 -9999 -9999 -9999 -9999 -9999 -9999 -9999 -9999 -9999 -9999 -9999 -9999 136 143 153 158 159 156 152 151 145 138 123 112 107 101 95 89 85 80 77 76 77 77 78 -9999 -9999 -9999 -9999 -9999 -9999 -9999 -9999 -9999 -9999 -9999 -9999 -9999 -9999 -9999 -9999 -9999 -9999 196 200 200 191
-9999 -9999 -9999 -9999 -9999 -9999 -9999 -9999 -9999 -9999 -9999 -9999 -9999 -9999 -9999 -9999 -9999 -9999 -9999 -9999 -9999 -9999 -9999 -9999 -9999 -9999 -9999 -9999 -9999 -9999 95 96 92 -9999 -9999 -9999 -9999 -9999 -9999 -9999 -9999 -9999 -9999 -9999 -9999 -9999 -9999 -9999 -9999 -9999 -9999 -9999 -9999 149 150 156 158 145 152 147 146 139 137 121 115 103 93 85 80 76 76 77 78 80 83 86 88 -9999 -9999 -9999 -9999 -9999 -9999 -9999 -9999 -9999 -9999 -9999 -9999 -9999 -9999 -9999 192 194 196 191
-9999 -9999 -9999 -9999 -9999 -9999 -9999 -9999 -9999 -9999 -9999 -9999 -9999 -9999 -9999 -9999 -9999 -9999 -9999 -9999 -9999 -9999 -9999 -9999 -9999 100 -9999 -9999 -9999 105 109 102 97 95 -9999 -9999 -9999 -9999 -9999 -9999 -9999 -9999 -9999 -9999 -9999 -9999 -9999 -9999 -9999 -9999 -9999 -9999 -9999 -9999 -9999 -9999 -9999 -9999 -9999 151 153 153 145 125 125 115 101 90 83 81 80 81 83 86 88 89 91 93 96 98 -9999 -9999 -9999 -9999 -9999 -9999 -9999 -9999 -9999 -9999 -9999 -9999 190 191 192 188
-9999 -9999 -9999 -9999 -9999 -9999 -9999 -9999 -9999 -9999 -9999 -9999 -9999 -9999 -9999 -9999 -9999 -9999 -9999 -9999 -9999 -9999 -9999 -9999 -9999 103 -9999 105 113 112 125 119 104 98 95 -9999 -9999 -9999 -9999 -9999 -9999 -9999 -9999 -9999 -9999 -9999 -9999 -9999 -9999 -9999 -9999 -9999 -9999 123 -9999 -9999 -9999 -9999 -9999 152 152 157 153 138 121 114 106 98 92 89 88 88 89 91 94 94 95 95 98 100 100 -9999 -9999 -9999 -9999 -9999 -9999 -9999 -9999 -9999 -9999 -9999 190 191 191 188
-9999 -9999 -9999 -9999 -9999 -9999 -9999 -9999 -9999 -9999 -9999 -9999 -9999 -9999 -9999 -9999 -9999 -9999 -9999 -9999 -9999 -9999 -9999 -9999 111 111 108 114 126 120 119 123 118 107 97 -9999 -9999 -9999 -9999 -9999 -9999 -9999 -9999 -9999 -9999 -9999 -9999 -9999 -9999 -9999 -9999 -9999 -9999 -9999 -9999 -9999 -9999 -9999 -9999 137 150 154 145 144 137 123 110 110 103 100 101 99 96 95 95 96 98 98 101 104 104 105 107 109 -9999 -9999 -9999 -9999 -9999 -9999 -9999 -9999 191 194 194 192
-9999 -9999 -9999 -9999 -9999 -9999 -9999 -9999 -9999 -9999 -9999 -9999 -9999 -9999 -9999 -9999 -9999 -9999 -9999 -9999 -9999 -9999 -9999 -9999 114 113 118 128 129 124 136 136 125 109 97 -9999 -9999 -9999 -9999 -9999 -9999 -9999 -9999 -9999 -9999 -9999 -9999 -9999 -9999 -9999 -9999 -9999 -9999 -9999 -9999 -9999 -9999 -9999 -9999 -9999 -9999 135 134 128 142 154 139 123 114 110 111 110 109 103 100 97 97 94 95 99 103 105 107 111 116 -9999 -9999 -9999 -9999 -9999 -9999 -9999 195 201 205 205
-9999 -9999 -9999 -9999 -9999 -9999 -9999 -9999 -9999 -9999 -9999 -9999 -9999 -9999 -9999 -9999 -9999 -9999 -9999 -9999 -9999 -9999 -9999 -9999 -9999 -9999 136 128 144 148 131 134 118 105 97 -9999 -9999 -9999 -9999 -9999 -9999 -9999 -9999 -9999 -9999 -9999 -9999 -9999 -9999 -9999 -9999 -9999 -9999 -9999 -9999 -9999 -9999 -9999 -9999 -9999 -9999 -9999 -9999 -9999 -9999 150 139 129 121 120 121 122 121 112 104 100 96 92 -9999 96 101 105 109 114 121 129 136 -9999 -9999 -9999 -9999 202 205 212 216 224
-9999 -9999 -9999 -9999 -9999 -9999 -9999 -9999 -9999 -9999 -9999 -9999 -9999 -9999 -9999 -9999 -9999 -9999 -9999 -9999 -9999 -9999 -9999 -9999 -9999 -9999 116 137 154 129 122 134 121 109 -9999 -9999 -9999 -9999 -9999 -9999 -9999 -9999 -9999 -9999 -9999 -9999 -9999 -9999 -9999 -9999 -9999 -9999 -9999 -9999 -9999 -9999 -9999 -9999 -9999 -9999 -9999 -9999 -9999 -9999 -9999 144 139 132 127 128 130 130 128 119 113 105 100 -9999 -9999 -9999 103 106 110 117 124 133 141 -9999 -9999 -9999 -9999 -9999 211 216 225 219
107 105 -9999 -9999 -9999 -9999 -9999 -9999 -9999 -9999 -9999 -9999 -9999 -9999 -9999 -9999 -9999 -9999 -9999 -9999 -9999 -9999 -9999 -9999 -9999 -9999 109 125 122 123 137 147 140 111 107 -9999 -9999 -9999 -9999 -9999 -9999 -9999 -9999 -9999 -9999 -9999 -9999 -9999 -9999 -9999 -9999 -9999 -9999 -9999 -9999 -9999 -9999 -9999 -9999 -9999 -9999 -9999 -9999 -9999 -9999 -9999 140 136 135 133 136 140 139 131 125 116 104 -9999 -9999 -9999 -9999 -9999 -9999 122 127 136 146 -9999 -9999 -9999 -9999 -9999 -9999 233 239 237
