resultados/variables_proyeccion_tiempo/variables_paleo_130k/bio13.asc
ncols 330
nrows 228
xllcorner -12.000000
yllcorner 34.000000
cellsize 0.166667
NODATA_value -9999
[rows 144 to 191 of 228, columns 192 to 287 of 330]
101 94 95 93 88 85 85 84 85 86 87 89 91 92 92 93 93 94 96 100 105 116 114 107 111 120 127 129 130 124 121 120 117 111 108 106 104 102 99 98 98 98 98 99 101 101 100 98 96 94 93 90 87 84 82 82 80 78 75 72 70 67 67 66 65 65 65 64 64 63 63 62 61 59 58 57 57 56 55 53 52 52 53 53 54 55 56 56 57 58 58 58 58 59 60 61
91 90 90 88 87 86 86 86 86 87 89 90 92 92 93 93 94 95 97 99 108 114 120 114 112 110 115 122 127 131 127 123 119 117 113 105 103 103 100 98 96 97 97 97 99 99 99 97 95 94 90 90 88 84 81 80 78 77 74 71 68 66 65 65 64 63 62 61 61 61 60 59 59 57 56 55 55 54 52 51 52 52 53 53 54 54 55 56 57 58 58 57 58 59 60 61
90 90 89 89 88 87 87 87 87 89 90 91 92 92 93 94 95 97 101 101 102 104 110 114 118 120 117 128 130 133 127 122 119 113 112 106 102 100 99 97 97 94 95 96 96 97 97 96 94 91 88 86 85 84 81 78 77 76 73 70 67 65 64 63 62 61 61 59 58 59 58 58 57 55 54 54 53 51 51 51 52 53 53 53 54 54 55 55 56 57 57 57 58 59 60 61
89 89 89 89 88 88 88 88 88 88 90 91 92 94 95 97 98 99 101 101 106 107 109 110 111 114 113 120 117 119 123 121 121 120 114 110 103 99 98 96 97 94 93 93 95 96 96 95 94 91 88 85 82 82 79 77 76 75 72 70 67 65 63 61 60 59 59 57 57 57 56 56 55 53 53 52 51 51 51 52 52 52 53 53 53 54 55 55 56 56 57 58 58 59 60 61
89 89 89 89 89 89 89 89 89 90 90 91 93 95 98 99 100 101 103 103 105 106 106 107 106 105 106 109 114 120 123 125 123 122 116 115 109 102 96 95 92 92 90 91 93 95 95 95 95 92 88 85 82 80 77 75 75 74 71 69 67 64 63 60 58 57 57 56 56 55 54 54 53 52 52 52 51 51 52 52 52 53 53 53 54 54 55 56 56 57 57 57 58 58 59 61
89 89 89 89 89 89 89 89 90 91 92 94 96 98 105 108 106 106 106 104 106 107 106 104 107 105 105 107 119 125 126 130 122 120 120 109 110 106 98 95 92 90 90 91 93 95 95 92 91 91 88 84 80 78 76 74 72 73 71 68 66 63 60 58 57 55 55 55 54 54 53 52 52 51 51 52 52 51 52 53 53 53 53 54 54 55 55 55 56 56 57 57 58 58 59 60
88 88 88 88 89 89 90 91 91 92 93 96 99 102 111 111 115 113 108 108 109 108 105 106 106 106 105 107 108 112 117 118 112 118 115 114 107 104 97 95 93 90 91 90 91 93 94 93 87 87 85 83 79 76 75 73 71 70 69 67 67 62 58 56 56 54 54 54 53 52 52 51 51 52 52 52 52 52 52 52 53 53 53 54 54 54 55 55 56 56 56 57 57 58 58 59
88 88 88 89 89 90 90 91 92 92 93 96 98 99 104 125 136 124 122 117 110 109 106 105 105 106 106 105 105 108 119 124 111 114 121 115 115 111 101 94 94 91 92 90 89 88 90 90 86 83 82 81 79 76 74 73 71 68 66 65 64 60 56 55 55 55 54 53 53 53 52 52 52 52 52 53 53 52 53 53 53 54 54 54 55 55 55 55 55 55 56 56 57 57 58 58
87 87 88 89 89 90 91 91 92 94 95 96 104 113 104 117 137 135 139 136 120 113 107 106 106 105 105 104 105 107 110 119 119 116 110 117 116 114 107 97 96 92 93 92 88 88 86 86 84 80 80 79 77 76 73 71 70 68 65 62 59 57 56 56 56 56 55 54 54 53 53 53 52 53 53 54 53 53 53 54 54 54 55 55 55 55 55 55 55 55 55 56 56 57 57 58
86 86 87 88 89 90 91 93 94 95 95 97 99 108 113 117 134 126 129 128 120 115 106 105 106 106 105 105 105 106 107 111 109 122 107 113 117 112 103 100 96 94 92 91 88 85 83 83 80 78 79 77 75 72 72 70 69 67 65 61 57 55 56 57 57 -9999 -9999 -9999 -9999 54 54 54 54 54 54 54 54 54 54 54 55 55 55 55 56 56 55 55 55 55 55 55 56 56 -9999 -9999
85 86 87 88 89 91 93 94 95 96 102 102 107 107 110 107 114 118 122 128 124 111 105 106 106 106 107 107 106 106 107 106 107 110 117 107 112 117 108 99 95 95 90 89 86 83 81 81 77 77 77 74 73 72 70 67 66 64 62 59 57 55 55 57 57 -9999 -9999 -9999 -9999 55 55 55 55 55 55 55 55 55 55 54 55 56 56 56 56 56 56 56 55 55 56 56 56 -9999 -9999 -9999
86 86 87 89 90 92 93 95 96 98 101 103 104 108 109 113 111 114 118 118 115 106 107 107 108 108 109 110 109 110 109 106 106 105 108 113 109 109 113 108 100 97 91 87 85 82 82 80 75 76 75 71 70 69 67 65 63 62 60 58 55 55 55 56 -9999 -9999 -9999 -9999 -9999 -9999 -9999 -9999 56 56 56 56 55 55 55 55 56 56 57 58 57 57 57 56 56 56 56 56 -9999 -9999 -9999 -9999
88 88 88 89 91 93 94 95 97 100 101 102 102 103 107 108 109 107 111 107 108 109 108 110 110 112 111 110 110 110 108 107 112 107 111 108 105 111 119 111 101 97 91 86 83 82 82 78 75 74 72 70 69 67 64 63 61 60 58 56 54 54 55 -9999 -9999 -9999 -9999 -9999 -9999 -9999 -9999 -9999 -9999 -9999 -9999 -9999 -9999 -9999 -9999 -9999 58 58 59 59 59 59 58 58 57 57 -9999 -9999 -9999 -9999 -9999 -9999
89 89 90 90 91 93 94 95 96 98 99 101 104 112 123 129 119 108 108 116 125 127 129 120 113 110 110 111 112 111 111 111 111 106 107 111 111 121 126 117 104 98 90 84 82 80 79 78 73 73 71 69 68 65 63 61 59 57 55 53 53 -9999 -9999 -9999 -9999 -9999 -9999 -9999 -9999 -9999 -9999 -9999 -9999 -9999 -9999 -9999 -9999 58 58 58 59 60 61 62 62 61 60 60 60 59 59 -9999 -9999 -9999 -9999 -9999
91 91 91 92 92 94 95 96 97 100 102 103 104 117 122 125 118 111 117 129 142 142 147 142 135 119 132 141 145 141 136 128 117 124 122 125 121 121 121 116 106 97 90 84 82 79 78 76 73 72 70 68 67 64 62 59 56 54 53 52 -9999 -9999 -9999 -9999 -9999 -9999 -9999 -9999 -9999 -9999 -9999 -9999 -9999 -9999 -9999 61 60 59 59 59 60 62 64 66 67 67 64 63 62 61 60 60 -9999 -9999 -9999 -9999
92 92 92 93 93 94 96 97 99 101 106 107 109 107 126 141 143 145 131 125 127 146 145 133 128 119 123 130 132 136 132 132 141 135 133 129 122 114 110 104 99 96 89 85 82 79 76 75 72 70 69 67 65 63 60 57 54 52 50 -9999 -9999 -9999 -9999 -9999 -9999 -9999 -9999 -9999 -9999 -9999 -9999 -9999 -9999 -9999 62 62 62 61 61 61 62 63 66 69 73 73 69 67 65 64 62 61 61 -9999 60 59
93 93 93 94 95 95 97 98 100 103 109 114 130 120 129 153 146 141 133 131 124 131 131 133 129 118 115 116 116 117 118 127 128 124 121 115 110 107 104 99 95 92 88 85 82 79 77 74 72 72 70 66 64 62 59 56 52 50 50 -9999 -9999 -9999 -9999 -9999 -9999 -9999 -9999 -9999 -9999 -9999 -9999 -9999 -9999 -9999 -9999 63 62 -9999 61 61 62 64 67 70 72 73 71 70 68 66 65 63 62 62 62 61
95 95 94 95 97 98 98 99 102 102 113 124 135 119 129 135 120 115 109 106 106 108 110 111 109 108 108 111 111 111 113 113 112 111 109 106 104 102 101 98 93 90 88 85 82 80 77 74 72 71 71 68 65 61 58 55 52 51 50 -9999 -9999 -9999 -9999 -9999 -9999 -9999 -9999 -9999 -9999 -9999 -9999 -9999 -9999 -9999 -9999 -9999 -9999 -9999 -9999 62 63 65 68 71 73 75 75 73 73 70 69 66 64 63 64 64
95 95 95 95 97 99 101 100 101 104 113 118 115 121 118 119 112 105 104 103 105 105 106 107 106 104 108 110 108 107 109 109 107 106 105 103 101 99 97 95 93 91 88 85 83 80 77 74 72 72 72 67 63 60 57 56 55 55 -9999 -9999 -9999 -9999 -9999 -9999 -9999 -9999 -9999 -9999 -9999 -9999 -9999 -9999 -9999 -9999 -9999 -9999 -9999 -9999 -9999 -9999 -9999 69 70 73 75 79 89 87 79 75 72 68 66 -9999 -9999 -9999
97 96 97 99 98 99 100 101 104 104 113 113 120 120 107 109 106 103 103 102 102 103 104 103 104 102 105 106 106 105 105 105 105 104 103 102 101 99 97 95 93 91 88 86 83 80 77 74 72 71 71 67 62 60 59 57 57 57 -9999 -9999 -9999 -9999 -9999 -9999 -9999 -9999 -9999 -9999 -9999 -9999 -9999 -9999 -9999 -9999 -9999 -9999 -9999 -9999 -9999 -9999 -9999 71 73 76 80 94 91 78 75 74 72 -9999 -9999 -9999 -9999 -9999
99 99 102 103 103 102 101 102 104 105 110 110 113 110 108 100 101 104 102 101 100 101 101 102 102 101 103 104 104 104 104 104 104 103 103 102 101 100 97 96 93 91 88 86 83 80 77 74 72 71 68 66 63 62 -9999 -9999 -9999 -9999 -9999 -9999 -9999 -9999 -9999 -9999 -9999 -9999 -9999 -9999 -9999 -9999 -9999 -9999 -9999 -9999 -9999 -9999 -9999 -9999 -9999 -9999 73 75 78 84 99 110 83 -9999 -9999 -9999 -9999 -9999 -9999 -9999 -9999 -9999
103 102 104 105 104 104 103 104 105 110 111 113 109 108 102 98 98 100 101 101 99 98 98 100 100 99 101 102 102 102 103 103 103 102 102 102 101 100 98 96 93 91 89 86 84 80 78 74 71 70 68 66 65 64 -9999 -9999 -9999 -9999 -9999 -9999 -9999 -9999 -9999 -9999 -9999 -9999 -9999 -9999 -9999 -9999 -9999 -9999 -9999 -9999 -9999 -9999 -9999 -9999 -9999 -9999 -9999 80 81 104 106 78 -9999 -9999 -9999 -9999 -9999 -9999 -9999 -9999 -9999 -9999
107 107 110 110 107 107 105 105 107 112 112 116 111 109 103 97 96 97 98 98 98 97 97 98 99 99 99 100 100 101 102 102 102 102 102 102 100 99 97 95 94 91 89 86 84 80 77 74 72 69 69 69 -9999 -9999 -9999 -9999 -9999 -9999 -9999 -9999 -9999 -9999 -9999 -9999 -9999 -9999 -9999 -9999 -9999 -9999 -9999 -9999 -9999 -9999 -9999 -9999 -9999 -9999 -9999 -9999 -9999 -9999 -9999 -9999 -9999 -9999 -9999 -9999 -9999 -9999 -9999 -9999 -9999 -9999 -9999 -9999
119 117 114 118 113 109 108 106 107 114 122 117 109 105 101 99 97 94 94 94 95 95 96 96 98 98 97 98 100 100 101 101 101 101 102 101 100 99 97 95 94 92 89 87 84 81 79 75 73 72 73 73 74 -9999 -9999 -9999 -9999 -9999 -9999 -9999 -9999 -9999 -9999 -9999 -9999 -9999 -9999 -9999 -9999 -9999 -9999 -9999 -9999 -9999 -9999 -9999 -9999 -9999 -9999 -9999 -9999 -9999 -9999 -9999 -9999 -9999 -9999 -9999 -9999 -9999 -9999 -9999 -9999 -9999 -9999 -9999
117 115 113 115 114 115 112 107 104 111 117 109 103 100 102 100 97 93 92 92 93 95 96 96 98 98 97 98 99 100 101 100 100 101 101 99 99 99 98 97 96 93 91 89 85 82 79 77 76 76 77 77 75 -9999 -9999 -9999 -9999 -9999 -9999 -9999 -9999 -9999 -9999 -9999 -9999 -9999 -9999 -9999 -9999 -9999 -9999 -9999 -9999 -9999 -9999 -9999 -9999 -9999 -9999 -9999 -9999 -9999 -9999 -9999 -9999 -9999 -9999 -9999 -9999 -9999 -9999 -9999 -9999 -9999 -9999 -9999
117 118 118 114 114 116 112 108 104 107 109 109 107 102 105 100 98 96 94 95 96 97 97 98 97 98 97 97 98 99 99 99 100 100 99 100 101 101 100 100 98 95 93 89 86 82 80 80 80 81 81 81 -9999 -9999 -9999 -9999 -9999 -9999 -9999 -9999 -9999 -9999 -9999 -9999 -9999 -9999 -9999 -9999 -9999 -9999 -9999 -9999 -9999 -9999 -9999 -9999 -9999 -9999 -9999 -9999 -9999 -9999 -9999 -9999 -9999 -9999 -9999 -9999 -9999 -9999 -9999 -9999 -9999 -9999 -9999 -9999
123 122 126 121 120 115 108 105 104 102 103 108 106 100 107 106 101 100 98 98 99 100 100 101 101 100 100 99 100 100 100 100 100 100 102 102 102 102 102 101 100 98 94 90 86 83 84 85 85 85 85 85 -9999 -9999 -9999 -9999 -9999 -9999 -9999 -9999 -9999 -9999 -9999 -9999 -9999 -9999 -9999 -9999 -9999 -9999 -9999 -9999 -9999 -9999 -9999 -9999 -9999 -9999 -9999 -9999 -9999 -9999 -9999 -9999 -9999 -9999 -9999 -9999 -9999 -9999 -9999 -9999 -9999 -9999 -9999 -9999
127 127 126 118 122 119 110 107 110 105 99 101 102 103 103 112 112 106 102 102 103 105 105 103 101 100 100 100 102 100 100 100 100 100 102 103 104 102 102 101 100 98 93 91 88 88 89 89 89 89 89 89 -9999 -9999 -9999 -9999 -9999 -9999 -9999 -9999 -9999 -9999 -9999 -9999 -9999 -9999 -9999 -9999 -9999 -9999 -9999 -9999 -9999 -9999 -9999 -9999 -9999 -9999 -9999 -9999 -9999 -9999 -9999 -9999 -9999 -9999 -9999 -9999 -9999 -9999 -9999 -9999 -9999 -9999 -9999 -9999
125 126 123 116 120 119 113 106 102 101 96 97 99 100 100 102 110 110 108 106 109 111 110 107 103 103 102 104 102 102 102 100 100 99 100 101 103 103 103 99 96 94 91 91 91 91 92 93 92 -9999 -9999 -9999 -9999 -9999 -9999 -9999 -9999 -9999 -9999 -9999 -9999 -9999 -9999 -9999 -9999 -9999 -9999 -9999 -9999 -9999 -9999 -9999 -9999 -9999 -9999 -9999 -9999 -9999 -9999 -9999 -9999 -9999 -9999 -9999 -9999 -9999 -9999 -9999 -9999 -9999 -9999 -9999 -9999 -9999 -9999 -9999
125 123 119 118 114 116 114 105 104 101 94 93 96 99 98 98 101 105 110 112 111 112 109 107 107 104 105 106 105 106 104 104 103 101 100 99 104 106 105 101 99 96 96 95 95 95 96 96 -9999 -9999 -9999 -9999 -9999 -9999 -9999 -9999 -9999 -9999 -9999 -9999 -9999 -9999 -9999 -9999 -9999 -9999 -9999 -9999 -9999 -9999 -9999 -9999 -9999 -9999 -9999 -9999 -9999 -9999 -9999 -9999 -9999 -9999 -9999 -9999 -9999 -9999 -9999 -9999 -9999 -9999 -9999 -9999 -9999 -9999 -9999 -9999
131 126 122 118 111 110 108 103 103 97 93 91 91 95 97 98 98 99 102 105 107 110 107 108 108 110 111 109 106 106 104 105 106 104 105 104 106 106 107 105 103 103 104 103 103 102 100 100 -9999 -9999 -9999 -9999 -9999 -9999 -9999 -9999 -9999 -9999 -9999 -9999 -9999 -9999 -9999 -9999 -9999 -9999 -9999 -9999 -9999 -9999 -9999 -9999 -9999 -9999 -9999 -9999 -9999 -9999 -9999 -9999 -9999 -9999 -9999 -9999 -9999 -9999 -9999 -9999 -9999 -9999 -9999 -9999 -9999 -9999 -9999 -9999
137 134 129 120 113 106 101 101 99 96 94 93 90 94 96 94 96 96 98 99 101 104 106 109 110 112 113 111 114 116 115 110 111 109 108 109 107 107 105 104 106 109 110 108 107 105 105 104 -9999 -9999 -9999 -9999 -9999 -9999 -9999 -9999 -9999 -9999 -9999 -9999 -9999 -9999 -9999 -9999 -9999 -9999 -9999 -9999 -9999 -9999 -9999 -9999 -9999 -9999 -9999 -9999 -9999 -9999 -9999 -9999 -9999 -9999 -9999 -9999 -9999 -9999 -9999 -9999 -9999 -9999 -9999 -9999 -9999 -9999 -9999 -9999
143 143 137 126 117 109 101 98 96 91 91 88 87 93 92 90 91 92 95 102 99 100 102 103 104 107 108 106 102 104 105 102 100 101 100 97 97 98 101 104 107 111 112 109 107 106 105 -9999 -9999 -9999 -9999 -9999 -9999 -9999 -9999 -9999 -9999 -9999 -9999 -9999 -9999 -9999 -9999 -9999 -9999 -9999 -9999 -9999 -9999 -9999 -9999 -9999 -9999 -9999 -9999 -9999 -9999 -9999 -9999 -9999 -9999 -9999 -9999 -9999 -9999 -9999 -9999 -9999 -9999 -9999 -9999 -9999 -9999 -9999 -9999 -9999
159 152 143 131 121 115 105 98 92 89 85 85 87 90 88 86 88 89 90 95 97 98 98 99 98 98 98 97 97 98 99 99 98 95 94 95 98 101 103 106 110 111 111 109 109 110 110 -9999 -9999 -9999 -9999 -9999 -9999 -9999 -9999 -9999 -9999 -9999 -9999 -9999 -9999 -9999 -9999 -9999 -9999 -9999 -9999 -9999 -9999 -9999 -9999 -9999 -9999 -9999 -9999 -9999 -9999 -9999 -9999 -9999 -9999 -9999 -9999 -9999 -9999 -9999 -9999 -9999 -9999 -9999 -9999 -9999 -9999 -9999 -9999 -9999
172 160 147 136 125 125 118 101 100 92 84 84 86 86 86 88 84 85 86 96 99 101 99 95 91 91 92 93 94 92 91 91 92 93 95 97 100 103 105 107 110 112 113 113 113 113 112 113 -9999 -9999 -9999 -9999 -9999 -9999 -9999 -9999 -9999 -9999 -9999 -9999 -9999 -9999 -9999 -9999 -9999 -9999 -9999 -9999 -9999 -9999 -9999 -9999 -9999 -9999 -9999 -9999 -9999 -9999 -9999 -9999 -9999 -9999 -9999 -9999 -9999 -9999 -9999 -9999 -9999 -9999 -9999 -9999 -9999 -9999 -9999 -9999
172 163 151 145 140 133 113 102 95 90 84 83 84 88 92 89 86 86 85 93 100 100 98 97 94 92 90 91 92 89 89 91 93 95 97 100 104 107 107 109 112 114 116 117 116 116 115 115 116 -9999 -9999 -9999 -9999 -9999 -9999 -9999 -9999 -9999 -9999 -9999 -9999 -9999 -9999 -9999 -9999 -9999 -9999 -9999 -9999 -9999 -9999 -9999 -9999 -9999 -9999 -9999 -9999 -9999 -9999 129 132 139 -9999 -9999 -9999 -9999 -9999 -9999 -9999 118 115 112 -9999 -9999 -9999 -9999
178 166 159 153 147 126 119 108 97 88 87 85 85 84 85 86 88 88 87 92 94 92 97 98 100 102 98 104 101 99 96 97 97 98 101 102 105 109 110 110 113 115 116 119 120 119 119 117 117 -9999 -9999 -9999 -9999 -9999 -9999 -9999 -9999 -9999 -9999 -9999 -9999 -9999 -9999 -9999 -9999 -9999 -9999 -9999 -9999 -9999 -9999 -9999 -9999 -9999 -9999 139 130 124 118 115 108 112 116 116 125 126 123 119 112 112 111 -9999 -9999 -9999 -9999 -9999
180 169 162 158 152 132 129 117 121 99 88 86 85 86 91 93 91 93 92 93 103 98 97 101 103 104 102 107 108 108 104 102 102 103 104 106 107 107 109 110 112 113 114 115 118 122 123 120 119 -9999 -9999 -9999 -9999 -9999 -9999 -9999 -9999 -9999 -9999 -9999 -9999 -9999 -9999 -9999 -9999 -9999 -9999 -9999 -9999 -9999 -9999 -9999 -9999 147 138 127 117 111 106 100 93 89 88 87 88 91 91 91 91 92 96 98 104 -9999 114 117
184 174 163 160 157 140 131 115 113 99 93 89 88 89 89 89 92 95 94 94 98 100 97 99 102 105 108 110 108 108 107 106 105 107 109 111 111 110 111 112 114 115 115 116 117 119 120 121 122 122 -9999 -9999 -9999 -9999 -9999 -9999 -9999 -9999 -9999 -9999 -9999 -9999 -9999 -9999 -9999 -9999 -9999 -9999 -9999 -9999 -9999 157 151 146 136 119 111 103 97 92 88 84 82 82 84 90 90 90 92 87 83 87 89 96 107 113
182 177 169 162 157 142 132 121 106 105 99 93 91 90 91 91 92 95 95 96 97 101 100 101 102 105 105 108 111 110 108 108 109 110 113 114 114 114 115 116 118 117 116 117 118 118 118 120 123 125 126 128 131 -9999 -9999 -9999 -9999 -9999 -9999 -9999 -9999 -9999 -9999 -9999 -9999 -9999 -9999 -9999 155 151 143 131 142 130 115 118 105 97 92 88 84 81 76 76 81 80 79 80 88 89 86 79 79 82 91 96
183 176 172 163 150 146 135 120 109 107 102 100 99 100 92 91 93 95 97 97 98 102 104 103 106 106 107 108 110 110 110 112 113 114 117 120 118 117 118 120 122 121 120 120 120 119 118 119 122 125 127 129 134 145 157 150 145 140 137 -9999 -9999 137 137 -9999 -9999 -9999 -9999 -9999 147 139 117 114 117 109 110 115 95 91 87 82 80 80 80 81 83 85 86 81 80 80 77 81 81 79 77 80
184 178 171 161 149 147 136 125 111 110 107 111 104 101 95 93 94 95 98 98 98 100 103 104 105 108 110 111 110 109 109 110 111 113 117 123 121 119 120 123 125 125 123 123 123 121 119 119 121 123 126 127 132 142 152 150 144 141 137 135 133 133 134 136 134 137 135 134 126 112 100 101 102 109 130 101 95 91 86 85 88 91 91 92 79 77 78 75 74 75 73 75 73 71 71 73
185 181 174 164 154 146 137 140 115 111 122 106 97 100 96 94 95 96 99 101 100 101 102 106 110 110 112 111 110 110 110 111 113 116 119 120 121 122 123 125 127 127 127 127 126 123 -9999 120 -9999 -9999 -9999 127 126 129 138 141 138 135 132 129 127 127 128 128 120 122 120 115 103 101 102 95 98 119 124 103 108 101 91 83 83 78 80 76 77 82 75 71 72 70 73 71 71 65 67 72
191 187 178 167 153 148 140 139 124 115 109 107 99 97 95 95 95 97 98 100 102 104 105 106 109 111 -9999 114 114 -9999 -9999 -9999 -9999 -9999 -9999 120 123 125 126 128 130 131 130 133 131 124 -9999 -9999 -9999 -9999 -9999 -9999 -9999 -9999 -9999 131 128 125 122 120 119 119 121 120 116 109 112 103 94 92 90 103 105 112 116 115 106 96 90 84 80 76 77 75 77 76 70 71 69 69 71 66 62 63 65 72
204 193 182 173 159 152 144 135 132 117 112 124 107 98 97 95 95 96 99 101 101 104 106 106 -9999 -9999 -9999 113 114 -9999 -9999 -9999 119 120 -9999 -9999 126 127 129 130 131 131 131 130 125 129 127 128 -9999 -9999 -9999 123 125 139 138 129 123 118 119 120 116 109 106 107 103 102 96 96 93 97 107 110 106 107 107 102 102 99 87 83 77 67 66 66 65 65 66 65 69 65 69 64 64 62 64 66
217 210 192 179 172 161 149 138 131 128 116 115 114 104 99 97 95 95 97 101 104 106 106 106 107 108 -9999 -9999 -9999 -9999 -9999 -9999 119 127 125 -9999 -9999 133 134 133 133 135 133 132 127 125 135 133 133 140 130 125 123 122 121 127 118 111 106 104 100 98 96 94 93 92 89 86 85 83 86 94 101 93 88 91 90 91 85 73 71 65 63 63 64 64 66 67 65 65 65 65 63 63 64 66
235 223 213 190 178 168 158 145 133 130 119 110 115 114 100 98 -9999 -9999 98 99 101 103 104 105 109 111 110 -9999 -9999 -9999 -9999 -9999 -9999 -9999 133 139 -9999 133 134 137 140 143 136 134 132 129 131 132 132 132 129 123 119 117 116 120 113 103 98 94 91 90 89 87 85 83 83 80 77 75 77 81 77 78 78 80 75 78 74 72 66 63 63 64 63 63 67 66 67 65 66 64 63 64 64 64
253 244 212 211 194 177 167 153 139 129 122 118 117 120 123 102 -9999 -9999 -9999 100 102 104 107 108 106 118 114 -9999 -9999 -9999 111 112 116 -9999 132 138 136 134 137 142 147 144 143 144 148 136 134 131 131 131 130 125 127 135 168 183 120 100 104 97 85 85 83 83 82 79 77 75 73 70 68 68 68 68 72 66 71 67 69 74 65 65 66 66 64 65 69 67 71 67 67 67 65 64 65 66
