resultados/variables_proyeccion_tiempo/variables_paleo_130k/bio10.asc
ncols 330
nrows 228
xllcorner -12.000000
yllcorner 34.000000
cellsize 0.166667
NODATA_value -9999
[rows 0 to 40 of 228, columns 184 to 275 of 330]
-9999 -9999 -9999 -9999 -9999 -9999 -9999 -9999 -9999 -9999 -9999 -9999 -9999 -9999 -9999 -9999 -9999 -9999 -9999 -9999 -9999 -9999 -9999 -9999 -9999 -9999 -9999 -9999 -9999 -9999 -9999 -9999 -9999 -9999 -9999 -9999 -9999 -9999 -9999 -9999 -9999 -9999 -9999 -9999 -9999 -9999 -9999 -9999 -9999 -9999 -9999 -9999 -9999 -9999 -9999 -9999 -9999 -9999 -9999 -9999 -9999 -9999 -9999 -9999 -9999 -9999 -9999 -9999 -9999 -9999 -9999 -9999 -9999 -9999 -9999 -9999 -9999 -9999 -9999 -9999 -9999 -9999 -9999 -9999 -9999 -9999 -9999 -9999 -9999 -9999 -9999 -9999
-9999 -9999 -9999 -9999 -9999 -9999 -9999 -9999 -9999 -9999 -9999 -9999 -9999 -9999 -9999 -9999 -9999 -9999 -9999 -9999 -9999 -9999 -9999 -9999 -9999 -9999 -9999 -9999 -9999 -9999 -9999 -9999 -9999 -9999 -9999 -9999 -9999 -9999 -9999 -9999 -9999 -9999 -9999 -9999 -9999 -9999 -9999 -9999 -9999 -9999 -9999 -9999 -9999 -9999 -9999 -9999 -9999 -9999 -9999 -9999 -9999 -9999 -9999 -9999 -9999 -9999 -9999 -9999 -9999 -9999 -9999 -9999 -9999 -9999 -9999 -9999 -9999 -9999 -9999 -9999 -9999 -9999 -9999 -9999 -9999 -9999 -9999 -9999 -9999 -9999 -9999 -9999
-9999 -9999 -9999 -9999 -9999 -9999 -9999 -9999 -9999 -9999 -9999 -9999 -9999 -9999 -9999 -9999 -9999 -9999 -9999 -9999 -9999 -9999 -9999 -9999 -9999 -9999 -9999 -9999 -9999 -9999 -9999 -9999 -9999 -9999 -9999 -9999 -9999 -9999 -9999 -9999 -9999 -9999 -9999 -9999 -9999 -9999 -9999 -9999 -9999 -9999 -9999 -9999 -9999 -9999 -9999 -9999 -9999 -9999 -9999 -9999 -9999 -9999 -9999 -9999 -9999 -9999 -9999 -9999 -9999 -9999 -9999 -9999 -9999 -9999 -9999 -9999 -9999 -9999 -9999 -9999 -9999 -9999 -9999 -9999 -9999 -9999 -9999 -9999 -9999 -9999 -9999 -9999
-9999 -9999 -9999 -9999 -9999 -9999 -9999 -9999 -9999 -9999 -9999 -9999 -9999 -9999 -9999 -9999 -9999 -9999 -9999 -9999 -9999 -9999 -9999 -9999 -9999 -9999 -9999 -9999 -9999 -9999 -9999 -9999 -9999 -9999 -9999 -9999 -9999 -9999 -9999 -9999 -9999 -9999 -9999 -9999 -9999 -9999 -9999 -9999 -9999 -9999 -9999 -9999 -9999 -9999 -9999 -9999 -9999 -9999 -9999 -9999 -9999 -9999 -9999 -9999 -9999 -9999 -9999 -9999 -9999 -9999 -9999 -9999 -9999 -9999 -9999 -9999 -9999 -9999 -9999 -9999 -9999 -9999 -9999 -9999 -9999 -9999 -9999 -9999 -9999 -9999 -9999 -9999
-9999 -9999 -9999 -9999 -9999 -9999 -9999 -9999 -9999 -9999 -9999 -9999 -9999 -9999 -9999 -9999 -9999 -9999 -9999 -9999 -9999 -9999 -9999 -9999 -9999 -9999 -9999 -9999 -9999 -9999 -9999 -9999 -9999 -9999 -9999 -9999 -9999 -9999 -9999 -9999 -9999 115 116 -9999 -9999 -9999 -9999 -9999 -9999 -9999 -9999 -9999 -9999 -9999 -9999 -9999 -9999 -9999 -9999 -9999 -9999 -9999 -9999 -9999 -9999 -9999 -9999 -9999 -9999 -9999 -9999 -9999 -9999 -9999 -9999 -9999 -9999 -9999 -9999 -9999 -9999 -9999 -9999 -9999 -9999 -9999 -9999 -9999 -9999 -9999 -9999 -9999
-9999 -9999 -9999 -9999 -9999 -9999 -9999 -9999 -9999 -9999 -9999 -9999 -9999 -9999 -9999 -9999 -9999 -9999 -9999 -9999 -9999 -9999 -9999 -9999 -9999 -9999 -9999 -9999 -9999 -9999 -9999 116 121 -9999 -9999 113 116 118 119 112 113 110 111 111 110 110 -9999 -9999 -9999 -9999 -9999 104 106 99 103 104 103 107 -9999 -9999 -9999 -9999 -9999 -9999 -9999 -9999 -9999 -9999 -9999 -9999 -9999 -9999 -9999 -9999 -9999 -9999 -9999 -9999 -9999 -9999 -9999 -9999 -9999 -9999 -9999 -9999 -9999 -9999 -9999 -9999 -9999 -9999
-9999 -9999 -9999 -9999 -9999 -9999 -9999 -9999 -9999 -9999 -9999 -9999 -9999 -9999 -9999 -9999 -9999 -9999 -9999 -9999 -9999 -9999 -9999 -9999 -9999 120 121 118 120 -9999 122 118 119 119 121 116 113 117 116 117 116 111 118 115 114 116 106 107 115 -9999 106 107 106 102 100 100 99 97 100 106 103 106 108 108 -9999 -9999 -9999 -9999 -9999 -9999 -9999 -9999 -9999 -9999 -9999 -9999 -9999 -9999 -9999 -9999 -9999 -9999 -9999 -9999 -9999 -9999 -9999 -9999 -9999 -9999 -9999 -9999
-9999 -9999 -9999 -9999 -9999 -9999 -9999 -9999 -9999 -9999 -9999 -9999 -9999 -9999 -9999 -9999 -9999 -9999 -9999 -9999 -9999 120 118 120 115 119 119 119 119 121 121 121 123 120 119 121 115 110 111 115 118 118 122 126 117 106 106 109 118 -9999 113 108 103 101 101 102 106 101 109 102 101 98 99 106 105 99 101 102 104 107 -9999 -9999 -9999 -9999 -9999 -9999 -9999 -9999 -9999 -9999 -9999 -9999 -9999 -9999 -9999 -9999 -9999 -9999 -9999 -9999 -9999 -9999
-9999 -9999 -9999 -9999 -9999 -9999 -9999 -9999 -9999 -9999 -9999 -9999 -9999 -9999 -9999 -9999 -9999 -9999 -9999 119 121 120 115 119 119 117 120 121 123 127 117 116 124 116 109 121 121 119 117 117 125 -9999 128 123 116 113 109 117 126 121 112 110 107 102 102 101 98 104 101 98 97 97 105 101 97 101 104 99 102 101 106 108 -9999 -9999 -9999 -9999 -9999 -9999 -9999 -9999 -9999 -9999 -9999 -9999 -9999 -9999 -9999 -9999 -9999 -9999 -9999 -9999
-9999 -9999 -9999 -9999 -9999 -9999 -9999 -9999 -9999 -9999 -9999 -9999 -9999 -9999 -9999 -9999 125 -9999 123 -9999 126 124 120 119 121 116 108 108 113 120 119 117 113 119 120 120 121 122 126 131 131 128 125 122 115 113 118 124 119 116 112 108 106 105 110 113 116 113 110 107 103 101 102 104 100 96 99 101 102 100 101 103 106 106 109 -9999 -9999 -9999 -9999 -9999 -9999 -9999 -9999 -9999 -9999 -9999 -9999 -9999 -9999 -9999 -9999 -9999
110 119 117 117 -9999 113 117 123 126 113 119 117 111 -9999 -9999 121 116 117 118 108 110 118 113 113 113 121 115 118 125 119 114 117 122 120 119 119 122 129 133 133 123 122 114 117 118 118 114 115 117 116 114 112 111 113 115 116 118 115 114 111 108 109 111 110 105 101 99 101 107 110 110 107 108 107 108 -9999 -9999 -9999 -9999 -9999 -9999 -9999 -9999 -9999 -9999 -9999 -9999 -9999 -9999 -9999 -9999 -9999
116 120 117 118 116 122 114 116 124 -9999 112 115 113 121 133 128 121 115 107 111 111 117 117 112 114 125 133 127 124 122 116 113 120 123 119 117 123 131 137 123 111 112 115 108 111 103 106 111 114 115 116 118 121 121 121 120 120 118 119 119 119 117 118 117 115 112 113 116 116 116 118 -9999 -9999 -9999 -9999 -9999 -9999 -9999 -9999 -9999 -9999 -9999 -9999 -9999 -9999 -9999 -9999 -9999 -9999 -9999 -9999 -9999
118 116 114 113 117 115 116 127 122 109 125 119 118 123 129 121 117 118 129 127 119 112 108 106 111 117 130 136 134 126 121 119 121 122 113 109 111 132 134 124 117 120 114 108 112 116 123 120 123 124 123 122 121 118 118 123 123 117 114 114 114 113 112 115 117 118 118 118 120 116 118 -9999 -9999 -9999 -9999 -9999 -9999 120 -9999 120 118 119 121 -9999 -9999 -9999 -9999 -9999 -9999 -9999 -9999 -9999
117 123 120 118 112 110 123 125 102 109 134 108 115 110 127 120 102 103 114 119 124 119 113 110 115 117 121 125 125 123 125 123 123 126 123 119 123 131 134 133 131 129 127 129 127 126 122 123 125 129 126 122 123 121 117 120 120 120 119 117 121 122 121 123 123 122 122 122 123 118 118 114 113 115 112 114 119 123 117 115 119 118 121 122 122 124 127 -9999 -9999 -9999 -9999 -9999
125 121 111 115 107 115 118 106 106 126 115 116 103 99 104 121 108 97 104 97 101 107 115 114 114 114 115 121 125 125 126 124 128 129 129 127 126 129 133 134 133 133 135 134 128 126 123 126 128 128 130 129 126 124 124 124 125 126 127 127 127 126 126 126 123 121 121 124 124 124 119 115 113 117 119 121 116 115 117 120 124 120 124 122 123 123 127 -9999 -9999 -9999 -9999 -9999
118 123 116 114 108 120 103 98 111 128 100 105 92 104 101 106 111 115 116 112 110 110 117 122 120 116 123 126 127 131 129 129 131 133 133 133 133 135 138 138 136 136 138 135 132 130 129 131 131 130 131 131 130 130 130 129 129 130 130 130 129 127 125 124 125 127 128 128 128 121 114 115 118 122 124 119 119 120 121 121 123 125 127 127 128 130 130 128 130 -9999 -9999 126
119 120 125 128 119 114 111 121 105 99 109 108 102 96 99 100 103 109 113 120 122 120 123 127 129 124 127 129 131 135 135 133 131 132 134 135 138 138 137 135 136 139 139 135 131 132 133 133 135 137 137 136 136 135 135 135 135 135 133 132 130 130 130 132 129 129 124 124 124 122 120 120 120 120 123 121 118 120 122 124 127 126 127 129 132 132 132 133 134 131 130 125
124 121 120 127 118 112 106 99 105 107 108 107 118 110 106 107 115 119 121 122 125 127 128 129 132 135 136 136 134 133 135 133 135 137 137 138 138 136 138 139 140 142 142 138 135 134 134 136 136 139 140 140 141 141 140 139 138 137 136 134 132 134 134 134 130 127 125 126 126 126 126 124 122 121 119 121 124 126 126 126 127 129 131 129 129 133 136 136 135 134 131 127
105 114 108 106 112 124 117 107 103 108 112 115 118 123 119 117 117 119 123 127 131 132 132 132 135 138 138 136 134 133 133 135 136 137 137 138 138 139 139 141 143 144 145 143 142 143 143 144 144 142 143 144 144 143 143 141 140 139 137 136 135 135 134 133 130 130 130 129 127 128 128 126 126 124 126 126 127 125 125 129 128 128 130 133 134 136 138 134 132 131 131 127
106 104 98 96 103 107 118 108 108 107 113 115 115 115 119 125 128 125 124 127 129 135 135 134 134 137 138 139 138 137 136 136 135 135 136 137 138 140 142 142 143 144 138 140 142 144 144 141 141 141 142 143 144 145 143 142 139 137 135 135 134 135 134 134 134 133 132 131 132 132 133 132 133 132 132 133 131 130 132 135 133 134 134 136 138 137 138 134 132 132 129 126
98 102 107 109 109 108 116 117 113 115 117 120 122 123 124 125 125 129 134 136 136 141 141 139 139 140 139 141 142 141 137 140 140 139 140 140 140 140 143 144 143 143 142 140 141 141 140 140 139 141 142 145 145 144 141 142 140 138 136 140 139 139 138 137 138 137 135 136 134 132 134 135 135 136 137 136 136 136 137 137 137 133 131 132 133 134 137 137 133 130 132 129
125 121 118 112 106 115 125 122 122 122 122 121 123 128 130 130 132 134 134 137 142 144 144 144 145 145 145 146 145 146 145 146 146 146 145 145 144 144 144 145 146 145 146 146 145 144 145 144 144 143 142 142 140 139 142 142 142 142 140 138 138 136 135 136 137 137 134 129 131 130 134 134 131 134 135 135 137 139 136 133 135 134 129 132 134 136 133 137 136 133 128 123
98 101 106 112 121 129 132 135 135 131 127 128 128 128 130 133 137 138 138 140 141 141 141 143 146 148 149 148 147 146 141 144 148 146 146 147 147 148 145 146 146 146 147 147 147 146 146 146 145 145 144 143 142 139 141 138 134 134 131 132 136 133 135 138 138 138 136 138 138 137 139 140 136 126 129 132 130 135 133 131 130 133 130 134 132 133 137 137 135 133 128 125
92 96 107 111 112 118 128 132 134 137 138 136 136 136 136 135 139 142 144 143 142 143 143 142 145 148 149 150 151 152 150 148 144 151 151 152 152 151 151 151 149 149 148 149 149 149 148 148 148 147 146 146 144 144 144 143 142 141 139 138 138 138 137 138 138 140 140 139 138 141 141 140 140 139 137 130 127 124 129 129 131 131 122 133 137 136 136 137 136 133 132 129
106 117 115 120 121 123 129 133 135 137 141 141 143 143 143 145 143 143 144 145 148 148 146 145 146 148 150 152 154 154 152 150 150 149 151 153 155 155 155 154 153 152 148 147 147 147 147 149 150 148 146 147 147 146 146 144 142 142 140 140 141 141 139 138 137 139 139 139 142 142 139 138 138 137 132 135 134 132 129 127 127 132 115 124 133 138 139 139 134 131 127 125
110 112 117 122 126 127 129 135 137 139 139 141 143 147 147 150 150 150 150 149 149 150 150 151 151 151 152 153 155 154 153 151 151 151 153 154 155 155 155 155 153 153 151 150 149 150 151 152 152 151 150 149 148 148 146 144 142 144 144 143 144 142 141 140 138 135 136 138 142 143 144 142 138 140 140 139 138 134 136 137 139 138 121 132 136 140 141 128 111 113 110 119
125 128 126 125 131 134 134 138 138 140 142 140 143 146 146 146 148 150 150 152 153 154 153 154 154 152 152 154 156 156 154 155 154 152 155 154 155 157 157 156 155 156 154 154 154 153 154 154 153 153 153 151 151 150 148 147 146 146 146 147 146 144 143 141 138 136 136 137 137 137 138 139 140 141 141 141 140 142 142 142 141 140 140 141 141 141 141 140 133 128 123 121
135 135 135 135 136 135 138 138 139 139 139 141 144 145 147 149 150 150 150 152 154 157 157 158 157 156 157 159 159 159 159 158 157 157 156 157 158 158 157 156 156 156 155 154 155 153 154 155 155 154 152 151 152 153 151 150 150 150 148 147 143 143 142 141 140 137 137 140 139 136 135 140 142 139 137 132 134 139 138 141 142 142 142 142 140 139 141 140 139 139 139 139
118 132 140 138 141 141 144 145 144 145 145 146 145 146 147 149 153 153 149 151 155 157 158 159 159 159 159 159 159 160 160 159 159 157 156 157 159 159 157 158 157 157 157 156 154 153 154 155 155 155 153 155 156 156 153 153 153 153 151 149 148 146 144 146 144 143 143 142 141 140 136 135 137 135 134 133 135 138 140 141 141 144 144 139 139 137 135 139 142 142 142 141
132 129 136 142 146 148 150 148 146 148 148 146 151 152 154 155 155 156 157 157 155 158 159 161 160 159 157 158 159 160 161 161 160 159 159 159 159 160 161 159 157 158 158 157 155 156 157 156 154 153 154 156 156 156 155 154 152 149 150 152 152 151 149 148 147 143 144 144 143 142 142 141 141 141 142 137 135 137 144 147 149 149 148 144 143 138 141 142 146 146 144 144
145 146 148 149 148 149 153 149 152 151 150 152 151 151 152 156 158 161 160 161 159 159 160 161 163 162 161 158 160 162 164 165 161 160 161 160 159 161 160 161 162 161 159 157 158 158 157 156 155 156 155 156 158 157 156 155 154 154 153 154 153 152 149 148 147 147 143 142 144 149 150 148 148 149 146 149 146 147 149 149 150 147 148 149 151 143 137 141 146 147 146 145
145 150 153 156 156 155 156 158 159 158 154 152 154 155 155 153 155 157 160 162 164 163 160 161 164 162 162 161 158 161 163 166 161 161 163 162 162 160 159 161 163 163 161 160 160 161 158 158 158 156 156 157 159 158 157 156 157 155 152 151 150 150 149 146 146 144 145 146 148 151 153 153 151 152 150 146 151 152 153 153 152 151 150 150 151 151 152 150 149 150 147 147
141 148 151 154 156 159 160 160 160 159 163 158 157 158 158 156 154 156 158 161 163 166 165 163 165 163 162 163 162 162 164 165 162 163 165 164 164 162 162 162 163 164 163 163 164 162 161 161 160 159 159 159 159 157 158 158 157 154 153 153 151 151 152 151 148 147 148 147 147 149 151 154 155 154 154 153 149 150 152 152 153 153 151 150 151 152 152 152 151 152 -9999 -9999
142 144 147 149 150 155 156 156 159 162 165 167 165 163 162 161 160 159 162 159 158 164 167 167 167 167 165 163 163 166 165 164 165 165 165 163 162 162 163 164 166 164 163 164 165 164 163 162 161 160 159 160 158 154 154 156 156 155 154 152 153 154 154 154 152 151 151 149 147 147 152 154 157 156 152 153 151 150 152 152 152 153 153 152 152 151 152 152 151 152 152 152
149 147 147 146 149 151 154 155 157 162 164 165 168 168 166 165 166 166 168 165 162 162 165 165 167 167 165 164 164 166 166 166 165 164 164 165 165 166 166 167 166 165 164 164 162 161 161 160 160 162 161 160 158 155 155 156 157 156 154 153 156 155 154 152 153 154 153 151 149 150 152 154 156 155 155 154 151 153 153 152 151 150 151 152 152 152 152 152 152 151 150 150
153 153 154 155 156 157 160 162 161 161 162 163 168 171 168 167 167 169 170 169 167 166 166 168 169 168 166 167 167 167 168 168 167 167 168 168 168 168 168 168 167 165 164 164 163 163 163 162 161 161 161 160 158 157 156 155 157 156 157 157 156 154 154 153 153 154 152 152 152 151 151 156 158 158 157 155 154 153 153 152 151 152 152 152 152 152 151 151 151 150 150 149
155 155 156 157 161 160 163 165 168 168 167 165 165 167 167 172 172 172 172 170 171 170 171 170 170 170 170 170 170 169 169 169 170 170 169 169 170 169 167 167 167 167 166 165 164 165 164 163 163 161 163 162 162 160 157 157 158 159 158 156 155 155 155 156 155 155 155 154 154 152 153 152 154 157 158 158 157 156 155 154 153 152 152 153 153 153 152 151 151 150 150 149
154 157 154 155 158 160 160 162 162 165 166 172 169 172 171 170 170 172 174 173 172 172 173 171 172 171 171 172 171 171 170 171 171 171 171 170 170 170 169 169 168 167 166 166 166 165 164 164 164 163 165 165 163 159 159 157 157 158 160 159 158 158 157 157 157 156 155 155 155 155 156 157 157 157 158 158 157 158 157 156 156 155 154 154 155 154 153 153 153 152 151 151
153 154 154 159 159 160 161 159 158 161 163 166 168 171 172 173 172 173 174 173 173 173 173 172 173 173 173 -9999 -9999 -9999 172 171 -9999 -9999 -9999 172 172 171 171 171 170 169 168 167 167 167 167 166 166 166 166 166 164 163 161 161 161 161 161 160 160 160 159 158 158 159 158 158 158 158 160 160 158 158 157 157 157 157 157 157 157 156 155 155 155 155 155 154 154 153 153 152
156 155 156 157 159 161 161 161 161 162 162 163 165 168 172 175 175 175 174 174 174 173 173 172 173 -9999 -9999 -9999 -9999 -9999 -9999 -9999 -9999 -9999 -9999 -9999 172 173 173 172 172 170 170 169 168 168 168 167 167 167 167 166 165 164 164 164 162 162 161 161 161 161 160 161 161 161 160 160 160 161 162 162 161 159 159 158 157 158 157 157 157 157 156 156 156 155 155 155 154 154 154 154
160 159 161 162 160 161 162 163 164 165 164 165 166 167 170 173 175 176 175 175 -9999 -9999 -9999 -9999 -9999 -9999 -9999 -9999 -9999 -9999 -9999 -9999 -9999 -9999 -9999 -9999 -9999 -9999 -9999 173 172 171 170 170 169 168 168 168 168 168 168 168 166 166 165 166 165 163 162 161 161 161 162 163 163 163 162 161 163 165 164 165 163 164 163 161 161 161 160 158 158 158 157 157 157 157 156 155 155 154 154 154
