resultados/variables_proyeccion_tiempo/variables_paleo_130k/bio16.asc
ncols 330
nrows 228
xllcorner -12.000000
yllcorner 34.000000
cellsize 0.166667
NODATA_value -9999
[rows 41 to 81 of 228, columns 184 to 275 of 330]
230 228 226 223 222 221 220 221 221 220 218 218 215 211 208 206 204 202 200 -9999 -9999 -9999 -9999 -9999 -9999 -9999 -9999 -9999 -9999 -9999 -9999 -9999 -9999 -9999 -9999 197 197 196 196 194 195 197 200 203 206 208 210 211 214 216 217 219 221 223 223 228 224 226 228 231 232 232 230 231 231 232 231 231 228 226 223 223 222 223 222 221 221 221 222 222 221 220 219 218 217 215 212 211 209 206 203 199
226 227 226 227 225 224 221 218 219 218 217 213 213 209 208 205 204 -9999 -9999 -9999 -9999 -9999 -9999 -9999 -9999 -9999 -9999 -9999 -9999 -9999 -9999 -9999 -9999 -9999 -9999 198 198 198 197 195 195 198 201 204 207 209 212 215 217 218 220 222 224 226 228 233 231 231 233 233 232 232 232 233 234 233 232 232 231 229 228 226 226 229 226 226 227 225 223 223 223 222 222 220 219 218 217 215 212 208 204 201
227 226 225 224 227 226 224 222 222 220 217 214 212 211 210 209 -9999 -9999 -9999 -9999 -9999 -9999 -9999 -9999 -9999 -9999 -9999 -9999 -9999 -9999 -9999 -9999 -9999 -9999 202 202 202 202 201 200 200 201 204 207 210 213 215 217 220 223 224 226 228 230 231 234 236 234 232 232 233 235 235 235 235 235 236 236 237 235 233 232 232 230 230 230 229 228 227 226 225 226 224 224 224 223 220 217 214 211 208 206
227 227 226 224 225 226 225 223 223 223 219 215 214 212 212 212 212 212 -9999 -9999 -9999 -9999 -9999 -9999 -9999 -9999 -9999 -9999 -9999 -9999 -9999 -9999 -9999 205 205 206 208 207 206 206 206 207 209 212 214 217 220 222 223 225 226 228 231 234 235 235 237 237 235 237 238 237 237 238 239 238 238 239 239 238 239 237 235 235 235 234 233 233 232 231 230 229 229 229 228 226 223 220 218 215 213 210
233 230 227 226 225 225 226 225 224 224 219 219 217 214 214 216 216 214 -9999 -9999 -9999 -9999 -9999 -9999 -9999 -9999 -9999 -9999 -9999 -9999 -9999 208 208 208 208 210 212 212 212 212 212 213 214 216 218 221 223 225 227 228 229 231 233 234 235 235 237 239 239 240 241 242 241 241 241 240 240 240 241 240 240 240 237 236 235 235 235 235 235 234 234 233 234 233 231 229 226 224 222 219 216 214
233 230 229 228 225 225 225 227 226 224 221 219 218 215 215 217 217 -9999 -9999 -9999 -9999 -9999 -9999 -9999 -9999 -9999 -9999 -9999 -9999 211 212 211 213 213 213 213 214 214 215 218 218 219 219 221 223 225 227 229 231 231 233 233 235 237 239 239 240 243 243 243 243 243 242 243 243 241 241 242 243 243 244 244 242 242 241 240 240 239 239 239 238 239 238 236 235 234 230 227 225 221 218 215
236 232 229 228 227 225 224 221 221 220 217 217 215 212 213 -9999 -9999 -9999 -9999 -9999 -9999 -9999 -9999 -9999 -9999 -9999 -9999 -9999 213 213 214 215 216 217 217 217 218 219 220 221 222 222 224 226 228 230 232 234 237 238 239 239 240 242 245 247 244 245 243 244 245 245 245 245 245 246 245 245 247 247 247 247 245 244 244 245 246 244 244 243 241 241 241 240 239 237 234 231 228 225 222 219
235 233 232 227 226 224 221 221 219 217 215 214 213 211 -9999 -9999 -9999 -9999 -9999 -9999 -9999 -9999 -9999 -9999 215 215 215 215 216 217 218 219 220 221 222 222 223 224 223 225 227 228 229 231 231 233 235 238 239 240 243 243 243 245 246 247 250 252 249 249 250 250 250 251 251 251 251 248 249 250 249 248 245 245 246 248 249 247 247 246 245 243 244 244 242 239 235 233 230 227 224 221
234 232 231 230 226 223 223 219 217 215 214 213 212 212 -9999 -9999 -9999 -9999 -9999 -9999 -9999 -9999 -9999 215 216 216 217 218 219 219 221 224 225 225 227 228 228 229 229 229 232 234 236 236 238 238 238 240 241 242 243 246 246 247 248 249 251 254 254 250 250 251 251 251 253 254 252 250 251 252 251 250 250 247 247 249 252 251 249 249 249 249 247 244 243 242 239 236 233 232 229 225
235 235 230 227 222 221 219 217 215 213 -9999 -9999 211 211 -9999 -9999 -9999 -9999 -9999 -9999 -9999 218 218 218 218 219 221 221 222 223 225 227 229 230 231 232 232 233 234 235 236 239 240 239 243 244 244 243 244 244 244 246 247 249 251 251 253 254 255 256 253 251 251 253 254 252 253 252 250 253 252 251 253 254 251 252 253 254 255 257 252 251 250 249 246 242 242 240 238 236 233 229
233 230 226 223 220 220 219 217 -9999 -9999 -9999 -9999 -9999 -9999 214 215 215 215 215 218 218 218 220 221 222 224 225 226 227 227 227 230 232 233 235 237 237 238 239 241 240 240 242 246 246 245 246 245 248 250 252 249 251 253 253 253 254 255 256 257 257 258 254 252 253 253 253 254 252 253 253 253 253 253 253 253 255 256 257 260 256 254 253 250 248 247 244 241 240 237 235 233
229 227 225 222 -9999 -9999 -9999 -9999 -9999 -9999 -9999 -9999 217 -9999 215 217 217 217 218 218 221 221 223 225 226 226 228 229 230 230 231 232 235 238 240 241 242 243 241 244 245 245 246 248 249 248 250 249 251 253 253 251 253 256 258 259 256 256 256 257 260 261 261 257 256 255 255 254 256 257 259 258 257 258 259 259 258 259 258 258 256 255 256 254 253 251 248 245 243 240 238 236
229 228 -9999 -9999 -9999 -9999 -9999 -9999 -9999 -9999 -9999 -9999 216 -9999 218 218 218 219 219 220 222 223 226 227 228 227 230 231 233 233 235 237 240 242 242 243 246 246 245 247 248 248 249 250 253 255 253 251 253 254 255 254 254 255 256 257 258 258 259 261 260 262 264 261 260 259 261 257 258 261 262 261 259 259 260 261 260 260 260 258 257 256 257 258 258 254 250 249 247 245 243 241
-9999 -9999 -9999 -9999 -9999 -9999 -9999 -9999 -9999 -9999 -9999 -9999 -9999 218 219 220 221 221 222 224 226 227 228 230 231 232 234 234 236 238 239 241 242 246 246 247 248 251 251 251 253 254 255 253 254 255 256 256 256 255 256 258 258 258 259 260 260 260 262 262 262 263 263 262 260 260 261 263 261 260 263 261 261 261 261 262 262 262 263 261 260 259 257 258 259 255 253 252 250 249 247 245
-9999 -9999 -9999 -9999 -9999 -9999 -9999 -9999 -9999 -9999 -9999 -9999 -9999 -9999 222 223 224 225 227 229 233 234 233 232 234 235 237 239 238 240 243 245 246 248 250 252 252 253 254 256 256 259 258 256 258 258 258 258 258 258 260 261 262 260 259 260 260 262 263 262 263 264 262 261 262 262 261 263 263 263 263 264 263 262 263 263 263 262 264 266 264 262 262 260 261 260 256 254 252 251 248 246
-9999 -9999 -9999 -9999 -9999 -9999 -9999 -9999 -9999 -9999 -9999 -9999 -9999 -9999 223 224 225 228 230 233 238 238 237 238 238 240 240 242 242 243 245 247 248 249 252 254 256 259 259 259 260 261 260 263 262 261 261 260 261 262 262 261 261 261 261 264 265 264 265 265 265 265 265 263 263 263 263 263 266 266 266 267 266 265 264 264 264 265 266 266 265 263 263 263 261 259 257 256 253 251 246 244
-9999 -9999 -9999 -9999 -9999 -9999 -9999 -9999 -9999 -9999 -9999 -9999 -9999 -9999 223 224 227 231 234 237 239 241 244 245 242 243 244 244 245 245 245 248 249 250 252 254 255 260 262 263 265 266 267 264 263 263 263 264 265 264 263 262 264 264 264 264 265 266 267 266 266 267 268 266 264 263 263 264 265 266 267 267 268 268 266 265 266 267 267 267 265 265 264 264 262 261 259 257 255 253 248 248
-9999 -9999 -9999 -9999 -9999 -9999 -9999 -9999 -9999 -9999 -9999 -9999 -9999 -9999 -9999 226 228 231 235 239 243 245 247 248 247 247 247 247 248 247 245 248 249 252 253 254 255 260 260 262 266 269 268 265 266 265 266 267 267 265 264 265 265 264 264 264 265 264 265 265 266 268 268 267 265 265 264 264 265 265 265 267 268 268 268 268 268 268 268 267 266 265 264 264 264 263 263 262 260 257 252 250
-9999 -9999 -9999 -9999 -9999 -9999 -9999 -9999 -9999 -9999 -9999 -9999 -9999 -9999 -9999 229 230 234 237 241 244 247 249 251 250 250 249 250 250 250 248 249 248 251 252 253 256 259 260 264 267 267 267 268 269 270 267 267 266 265 265 265 265 266 266 265 265 266 264 265 267 268 268 267 266 267 265 264 265 265 265 265 265 264 266 268 268 268 267 268 269 268 267 267 266 264 263 263 262 260 258 253
-9999 -9999 -9999 -9999 -9999 -9999 -9999 -9999 -9999 -9999 -9999 -9999 -9999 -9999 -9999 230 231 234 237 240 244 247 251 252 251 250 249 250 250 250 248 248 249 252 254 256 257 261 262 263 264 265 268 270 269 267 266 265 264 265 265 266 266 266 266 265 267 267 268 268 267 268 269 268 266 266 265 264 264 262 262 261 261 260 261 263 265 265 266 267 268 268 267 267 267 265 264 263 262 262 260 256
-9999 -9999 -9999 -9999 -9999 -9999 -9999 -9999 -9999 -9999 -9999 -9999 -9999 -9999 -9999 -9999 230 235 237 240 244 247 250 252 252 251 249 248 249 248 246 249 253 255 254 256 258 262 263 262 263 264 267 268 267 265 265 265 265 265 266 265 265 265 265 266 266 266 267 267 268 268 269 268 268 267 266 265 263 262 260 256 255 256 258 261 262 263 265 266 267 267 268 268 266 266 265 262 262 261 261 261
-9999 -9999 -9999 -9999 -9999 -9999 -9999 -9999 -9999 -9999 -9999 -9999 -9999 -9999 -9999 -9999 233 235 238 241 244 247 248 250 250 250 250 248 250 247 245 248 251 252 253 255 259 261 263 263 263 263 265 265 266 266 266 265 264 265 264 263 263 264 263 264 266 266 267 268 270 270 270 270 268 267 267 266 264 260 257 254 252 253 256 257 259 263 265 266 266 267 268 267 268 270 269 268 267 265 267 269
-9999 -9999 -9999 -9999 -9999 -9999 -9999 -9999 -9999 -9999 -9999 -9999 -9999 -9999 -9999 -9999 235 236 238 240 243 247 248 249 250 251 249 250 249 246 246 249 249 252 254 258 258 261 262 262 261 263 263 264 266 266 265 264 263 262 262 263 262 262 262 262 264 265 267 269 271 272 272 271 268 267 266 264 262 257 255 254 253 254 256 258 259 260 262 264 266 268 268 269 269 271 269 270 269 267 268 269
-9999 -9999 -9999 -9999 -9999 -9999 -9999 -9999 -9999 -9999 -9999 -9999 -9999 -9999 -9999 -9999 235 237 239 241 243 245 247 248 249 250 251 251 251 248 247 248 250 252 255 256 258 260 263 264 262 262 264 263 263 263 263 262 261 262 260 260 262 262 262 262 263 264 266 268 270 271 271 270 268 267 265 261 260 257 256 255 255 256 256 257 259 260 261 263 264 266 267 268 268 269 270 270 270 268 266 263
-9999 -9999 -9999 -9999 -9999 -9999 -9999 -9999 -9999 -9999 -9999 -9999 -9999 -9999 -9999 236 237 239 241 242 244 245 247 249 249 250 250 251 251 250 250 252 253 253 255 258 260 262 263 265 263 263 263 263 262 261 260 259 259 260 260 261 260 261 261 262 263 264 266 268 268 269 270 270 269 266 263 261 260 258 257 257 256 256 256 258 259 261 261 262 264 265 266 268 268 270 270 269 270 269 265 264
-9999 -9999 -9999 -9999 -9999 -9999 -9999 -9999 -9999 -9999 -9999 -9999 -9999 -9999 233 235 237 239 241 243 244 245 247 249 249 249 250 250 251 251 253 255 255 256 257 257 259 261 261 262 262 261 261 260 259 258 257 257 257 257 257 258 259 259 259 260 261 263 265 267 269 269 269 268 266 265 264 262 262 261 258 257 257 256 257 258 259 260 261 263 264 265 267 268 270 271 270 270 270 268 266 264
-9999 -9999 -9999 -9999 -9999 -9999 -9999 -9999 -9999 -9999 -9999 -9999 -9999 -9999 234 235 238 239 241 243 245 247 248 247 248 249 249 250 250 252 252 255 255 256 257 259 259 261 260 260 260 259 258 257 256 255 254 253 253 253 254 255 256 257 257 259 260 262 265 267 269 269 269 268 267 266 264 264 261 261 260 257 257 257 257 257 259 260 261 262 264 266 267 268 270 272 271 270 268 267 266 266
-9999 -9999 -9999 -9999 -9999 -9999 -9999 -9999 -9999 -9999 -9999 -9999 -9999 232 234 236 238 240 241 244 246 249 247 246 246 247 248 248 249 250 252 253 255 256 258 259 259 260 260 259 258 256 256 254 253 251 251 250 250 251 251 251 254 256 257 259 261 263 265 267 269 270 270 269 267 266 266 267 265 263 260 258 257 257 257 258 258 259 260 262 264 265 267 269 271 272 271 270 269 268 269 267
-9999 -9999 -9999 -9999 -9999 214 217 219 222 223 225 226 228 231 234 236 238 240 242 244 246 247 247 245 244 244 244 246 248 249 251 251 252 254 256 257 257 258 258 257 257 256 254 253 252 251 250 250 250 249 249 -9999 252 255 256 257 -9999 -9999 266 268 270 270 270 271 269 268 269 269 269 266 262 261 258 257 257 257 258 259 259 261 262 264 266 268 270 272 271 269 268 268 267 266
210 -9999 -9999 208 210 212 215 218 222 223 224 226 228 230 232 236 237 239 241 243 245 246 245 244 242 242 242 243 245 247 248 250 252 255 257 258 257 257 257 257 256 255 255 253 252 251 -9999 249 -9999 -9999 250 -9999 -9999 -9999 -9999 -9999 -9999 -9999 267 268 267 268 270 270 268 267 267 266 267 265 263 261 258 257 256 256 257 257 258 260 261 263 264 267 269 271 270 269 268 268 267 267
208 204 -9999 -9999 -9999 210 214 217 218 220 223 224 227 230 232 235 237 239 241 242 243 243 243 243 242 241 241 241 243 244 246 249 251 253 255 256 256 257 257 -9999 -9999 -9999 -9999 -9999 -9999 -9999 -9999 -9999 -9999 250 249 -9999 -9999 -9999 258 259 260 -9999 265 -9999 -9999 -9999 267 267 266 263 263 261 260 259 259 259 258 257 255 254 255 256 258 259 260 261 263 265 267 268 269 267 266 267 267 267
203 200 197 -9999 -9999 -9999 -9999 -9999 218 219 221 -9999 -9999 230 231 233 -9999 237 240 -9999 -9999 241 242 243 241 241 240 240 241 242 244 247 -9999 -9999 255 -9999 -9999 -9999 -9999 -9999 -9999 -9999 -9999 -9999 -9999 -9999 -9999 -9999 -9999 -9999 -9999 252 -9999 -9999 259 259 -9999 -9999 -9999 265 -9999 -9999 268 267 266 265 264 261 259 257 256 255 255 254 254 253 254 255 256 259 260 260 261 263 264 265 265 265 266 265 265 264
199 196 195 194 -9999 -9999 -9999 -9999 -9999 -9999 -9999 -9999 -9999 -9999 -9999 -9999 -9999 237 -9999 -9999 -9999 241 241 -9999 -9999 240 240 240 -9999 243 -9999 -9999 -9999 -9999 -9999 -9999 -9999 -9999 -9999 -9999 -9999 -9999 254 -9999 -9999 -9999 -9999 -9999 -9999 -9999 -9999 -9999 -9999 -9999 -9999 -9999 263 263 267 268 269 269 270 271 270 269 267 264 262 260 257 254 253 253 253 253 255 255 255 256 256 257 259 260 261 262 263 263 263 262 263 263
194 193 190 -9999 -9999 -9999 -9999 -9999 -9999 -9999 -9999 -9999 -9999 -9999 -9999 -9999 -9999 -9999 -9999 -9999 -9999 -9999 -9999 -9999 -9999 -9999 -9999 -9999 -9999 -9999 -9999 -9999 -9999 -9999 261 262 264 265 262 260 257 257 255 254 253 251 249 248 247 -9999 -9999 -9999 -9999 -9999 -9999 -9999 261 263 265 269 272 274 277 276 275 273 270 267 264 262 258 256 254 251 252 252 251 252 252 253 253 254 255 257 258 260 261 261 261 262 261 262
189 187 -9999 -9999 -9999 -9999 -9999 -9999 -9999 -9999 -9999 -9999 -9999 -9999 -9999 -9999 -9999 -9999 -9999 -9999 -9999 -9999 -9999 -9999 -9999 -9999 -9999 -9999 -9999 -9999 -9999 249 253 259 263 266 267 265 264 261 260 259 256 255 253 252 251 249 249 249 249 251 252 253 255 257 260 261 265 271 275 276 276 275 274 272 270 267 264 260 258 257 254 251 250 248 248 248 248 249 250 252 253 254 256 258 259 260 260 260 260 262
186 186 -9999 -9999 -9999 -9999 -9999 -9999 -9999 -9999 -9999 -9999 -9999 -9999 -9999 -9999 -9999 -9999 -9999 -9999 -9999 -9999 -9999 -9999 -9999 -9999 -9999 -9999 239 240 245 249 254 258 263 267 268 266 263 262 259 257 255 254 253 253 252 250 249 249 249 249 251 252 253 255 257 260 267 273 274 274 274 274 272 270 269 267 264 261 257 255 252 251 249 248 247 245 246 246 248 249 251 253 255 257 257 258 259 262 262 261
183 -9999 -9999 -9999 -9999 -9999 -9999 -9999 -9999 -9999 -9999 -9999 -9999 -9999 -9999 -9999 -9999 -9999 -9999 -9999 -9999 -9999 236 235 234 -9999 232 233 236 240 244 249 254 259 263 266 268 266 263 261 257 255 254 253 253 252 251 250 248 246 246 246 247 248 250 252 256 263 268 272 273 273 272 271 270 269 268 265 262 259 256 254 252 250 248 245 245 245 245 246 248 250 252 253 254 255 257 259 260 262 262 259
-9999 -9999 -9999 -9999 -9999 -9999 -9999 -9999 -9999 -9999 -9999 -9999 -9999 -9999 -9999 -9999 -9999 -9999 -9999 -9999 239 239 237 236 234 233 231 232 235 238 244 249 253 257 261 264 265 264 260 257 254 252 251 251 250 249 248 247 244 243 243 244 245 246 249 253 258 263 268 272 272 272 270 270 269 268 265 263 260 258 256 252 250 247 246 244 243 243 244 246 247 250 252 253 254 253 256 257 259 260 259 257
-9999 -9999 -9999 -9999 -9999 -9999 -9999 -9999 -9999 -9999 -9999 -9999 -9999 -9999 -9999 -9999 -9999 -9999 -9999 -9999 -9999 -9999 236 236 234 233 230 229 234 236 242 247 252 256 259 261 261 260 257 254 251 250 249 248 248 247 246 245 244 243 243 244 245 247 250 255 258 263 266 268 271 271 270 268 268 268 266 262 260 256 255 252 249 246 244 241 241 242 243 245 246 249 251 253 255 256 255 253 253 255 255 254
-9999 -9999 -9999 -9999 -9999 -9999 -9999 -9999 -9999 -9999 -9999 -9999 -9999 -9999 -9999 -9999 -9999 -9999 -9999 240 240 239 238 236 234 233 231 229 231 237 242 247 251 255 256 258 258 257 254 251 249 247 245 245 245 245 243 244 244 245 246 245 247 248 251 255 259 261 264 266 269 270 268 267 267 267 265 261 258 256 254 250 247 244 241 238 238 240 241 243 245 247 249 253 258 259 257 254 252 251 250 249
-9999 -9999 -9999 192 -9999 -9999 -9999 -9999 -9999 -9999 -9999 -9999 -9999 -9999 -9999 -9999 -9999 -9999 241 241 241 241 240 238 237 235 233 231 -9999 -9999 244 248 251 254 256 257 257 255 253 250 247 244 243 244 244 245 243 245 245 245 246 246 248 249 252 255 258 260 265 267 269 270 270 267 265 264 262 260 258 254 251 248 245 242 239 237 236 238 240 243 246 246 247 251 255 258 256 255 252 249 245 243
