resultados/variables_proyeccion_tiempo/variables_paleo_130k/bio15.asc
ncols 330
nrows 228
xllcorner -12.000000
yllcorner 34.000000
cellsize 0.166667
NODATA_value -9999
[rows 147 to 195 of 228, columns 96 to 191 of 330]
20 20 21 21 20 20 23 23 21 20 18 17 16 16 15 15 16 16 18 19 22 23 23 25 27 28 27 27 28 28 30 31 31 30 30 31 32 33 32 34 35 35 36 39 35 37 40 41 41 39 37 35 34 30 28 29 28 26 26 28 28 27 28 29 31 35 39 40 40 37 40 40 42 42 43 45 45 44 42 42 43 42 41 39 38 37 36 36 36 36 38 40 41 42 42 43
19 20 21 21 21 22 24 23 22 19 18 17 16 15 14 14 14 14 14 15 18 21 25 27 27 28 30 28 29 29 29 28 29 31 31 31 30 30 30 31 36 36 33 39 40 37 36 39 34 36 35 34 31 31 30 28 26 25 25 25 26 28 30 32 35 37 35 40 41 41 43 43 44 44 45 47 46 44 42 42 42 40 38 37 37 37 36 36 36 37 38 40 40 41 42 42
19 21 22 21 21 23 24 23 21 19 18 16 14 13 13 12 12 13 17 21 22 23 22 22 26 30 30 27 25 25 27 26 29 29 29 32 30 27 31 34 32 31 22 32 40 32 33 32 29 24 26 27 23 26 27 25 24 26 27 27 28 29 32 29 33 32 40 43 45 45 44 43 43 43 44 45 44 42 41 40 40 38 37 37 37 36 36 36 36 37 38 39 40 40 41 42
21 22 21 22 23 24 23 22 21 19 17 14 13 13 13 13 15 20 21 21 20 21 20 19 19 24 23 25 22 20 22 22 26 31 32 30 26 25 31 31 20 23 27 31 41 36 33 41 31 29 31 33 28 30 28 27 26 27 26 26 28 31 34 30 33 33 34 41 44 43 42 41 41 41 41 42 41 40 39 38 38 37 36 36 36 35 35 36 36 37 38 39 39 40 41 41
23 22 23 22 23 23 23 22 20 18 15 13 13 13 13 15 16 17 17 15 14 20 17 17 17 17 14 18 17 19 24 28 31 29 29 25 28 31 29 35 22 26 32 41 39 42 44 46 43 40 37 35 34 32 29 29 27 26 26 26 30 33 36 33 34 33 31 38 39 39 39 38 38 39 39 39 39 38 37 36 36 36 35 35 35 35 35 35 35 36 37 38 39 39 40 41
24 24 22 23 23 23 22 21 19 16 14 13 15 15 14 16 14 14 14 11 12 12 13 12 10 11 11 16 17 20 18 22 26 28 24 27 28 30 31 34 36 38 42 42 43 43 39 40 38 37 38 36 33 31 30 28 26 25 25 27 29 32 33 33 32 32 32 33 34 35 35 36 36 36 37 37 37 36 35 35 34 34 34 34 34 34 35 35 35 35 37 37 38 39 40 40
25 24 23 23 22 23 22 21 17 15 14 14 15 15 17 16 16 16 11 11 10 9 9 9 13 12 13 19 21 26 22 24 25 24 24 21 27 30 34 23 33 41 41 39 43 42 39 40 40 39 37 35 32 29 27 26 26 25 24 25 25 26 25 26 26 28 30 29 29 32 33 33 34 34 34 34 34 34 34 34 33 34 34 34 34 34 34 34 35 35 36 37 37 38 39 40
25 24 22 21 23 23 22 20 17 15 13 15 16 16 14 13 13 14 12 13 14 13 12 14 12 17 19 24 26 27 28 29 31 28 27 31 34 37 36 33 39 42 36 38 42 41 40 39 37 35 34 32 27 26 24 24 23 23 23 23 23 24 24 24 25 26 26 27 28 29 30 31 31 32 32 33 33 33 33 32 33 33 33 33 34 34 34 34 34 34 35 36 37 38 39 41
27 25 22 23 25 23 21 20 17 14 14 15 15 14 15 14 13 12 13 11 9 8 9 9 12 23 23 26 27 29 30 29 30 31 32 32 34 36 34 32 39 35 33 36 38 37 36 32 27 28 30 26 23 23 23 22 22 21 21 21 21 22 22 22 22 23 24 25 25 26 28 29 29 30 30 31 31 31 32 32 32 32 32 33 33 34 33 33 33 34 34 35 36 37 38 40
28 25 23 25 25 23 22 20 17 14 15 16 15 14 14 13 13 11 10 10 9 9 8 10 17 22 25 25 26 27 29 29 31 32 33 33 34 33 36 36 37 31 32 36 36 36 31 26 25 21 21 21 21 21 21 21 20 21 21 21 20 20 20 20 21 22 22 23 24 24 26 26 27 28 29 30 30 30 30 31 31 31 31 32 32 33 33 32 32 33 33 34 35 36 37 38
29 27 24 23 25 25 22 20 18 17 17 16 14 14 14 13 12 11 11 13 13 14 13 14 21 24 25 24 24 25 25 25 26 27 28 29 29 32 32 32 29 32 34 30 24 23 19 19 20 20 20 20 20 20 20 20 20 20 20 20 20 19 19 19 20 21 21 21 22 22 24 25 26 27 27 28 28 29 29 29 30 30 30 31 31 31 31 31 31 31 32 33 34 35 36 37
29 28 24 23 25 24 21 19 17 18 16 17 15 16 14 13 12 11 10 10 9 11 19 21 25 25 25 25 24 24 24 23 23 24 25 25 25 26 26 24 26 27 28 24 18 16 16 17 18 19 20 20 20 20 20 -9999 -9999 20 20 20 20 20 19 19 20 21 21 22 22 22 22 23 24 25 26 26 27 27 28 28 29 29 30 30 30 30 30 29 29 30 31 32 33 34 35 36
27 27 23 21 24 23 20 18 17 16 15 15 16 15 13 13 12 11 10 11 14 21 26 27 27 27 26 26 26 25 25 24 24 25 25 25 24 23 23 23 23 25 24 21 18 17 16 16 18 20 20 20 -9999 -9999 -9999 -9999 20 20 20 21 20 21 22 20 20 21 22 23 22 22 22 22 22 23 24 25 25 26 26 27 28 28 28 29 29 29 29 28 28 29 30 31 33 34 34 35
29 25 21 22 24 23 20 18 18 17 17 16 14 14 14 13 12 12 11 13 22 28 29 29 29 28 28 27 27 26 26 26 26 27 27 26 24 23 22 22 22 23 22 21 19 18 17 17 18 19 -9999 -9999 -9999 -9999 -9999 -9999 -9999 21 21 21 23 22 27 26 22 19 22 23 23 22 22 21 21 21 22 23 24 24 25 25 26 27 27 28 28 28 28 27 28 29 30 31 32 33 33 33
25 23 21 22 24 24 22 21 17 15 18 15 15 14 13 13 13 13 16 20 27 29 31 31 31 30 29 29 29 28 28 29 29 30 30 28 26 24 23 22 22 22 22 22 21 20 19 19 19 19 20 -9999 -9999 -9999 -9999 -9999 -9999 22 22 23 24 25 27 28 28 23 23 23 23 23 22 22 21 21 21 22 22 23 23 24 24 25 26 27 27 27 27 27 27 28 29 30 32 33 33 33
22 21 22 23 23 26 22 17 16 16 17 16 15 14 13 14 13 12 15 23 27 29 30 32 32 31 31 31 31 31 30 30 30 32 33 30 27 25 24 23 23 22 23 22 23 23 22 20 20 20 20 20 -9999 -9999 -9999 -9999 -9999 -9999 24 25 25 27 28 29 29 25 24 25 23 23 24 23 22 22 21 21 21 21 22 22 23 24 24 25 26 26 26 26 27 27 28 29 31 32 32 32
21 22 23 25 28 26 24 21 19 17 17 17 17 15 14 16 14 13 15 23 27 29 31 32 33 33 32 32 32 33 31 28 29 30 29 30 29 27 26 24 24 24 24 24 24 24 23 21 21 21 20 -9999 -9999 -9999 -9999 -9999 -9999 -9999 -9999 26 -9999 28 28 30 30 25 23 27 25 24 23 24 22 22 21 22 21 21 21 22 23 23 24 24 24 25 26 26 27 27 28 28 29 30 30 31
23 26 29 27 30 28 24 21 20 18 18 18 19 18 18 18 14 13 15 20 26 29 30 32 31 32 33 33 33 34 31 29 28 29 30 30 28 27 26 26 25 25 25 25 25 24 23 22 21 21 -9999 -9999 -9999 -9999 -9999 -9999 -9999 -9999 -9999 -9999 -9999 28 29 30 31 31 25 28 29 26 25 23 24 23 22 22 22 22 22 23 23 24 23 23 24 24 24 25 26 27 27 27 28 28 29 30
27 31 30 30 32 29 26 23 22 20 21 21 21 21 18 17 16 15 17 21 27 29 30 31 31 33 33 32 34 36 35 34 32 31 30 30 27 27 27 27 26 26 25 25 25 24 23 22 22 22 21 -9999 -9999 -9999 -9999 -9999 -9999 -9999 -9999 -9999 -9999 -9999 30 30 32 32 32 29 27 28 27 25 25 25 23 22 23 23 23 23 23 23 23 23 22 23 23 23 24 25 25 26 26 27 28 28
31 33 33 34 34 33 30 25 23 22 22 24 22 21 20 18 16 18 18 19 23 24 24 26 30 32 36 -9999 -9999 -9999 37 38 37 36 35 35 32 28 26 26 26 27 27 27 26 25 24 23 22 21 21 -9999 -9999 -9999 -9999 -9999 -9999 -9999 -9999 -9999 -9999 -9999 -9999 31 32 33 34 34 34 30 30 28 27 26 25 25 24 24 25 24 24 23 23 23 22 22 22 23 23 23 23 24 25 26 27 27
34 35 35 36 37 36 34 28 24 23 23 25 25 25 23 21 21 22 23 21 19 24 24 30 35 37 -9999 -9999 -9999 -9999 -9999 -9999 -9999 38 37 38 35 30 30 28 27 27 28 28 28 27 25 24 23 22 22 22 22 -9999 -9999 -9999 -9999 -9999 -9999 -9999 -9999 -9999 -9999 -9999 32 33 34 35 35 35 33 33 31 30 26 26 26 25 24 24 26 24 22 22 21 21 21 21 21 22 22 23 24 25 27 27
37 38 39 39 39 39 37 33 31 29 29 29 28 26 26 26 28 30 32 32 30 34 34 37 39 40 -9999 -9999 -9999 -9999 -9999 -9999 -9999 -9999 -9999 -9999 38 36 34 32 31 30 29 28 28 27 26 25 24 23 23 22 21 21 21 -9999 -9999 -9999 -9999 -9999 -9999 -9999 -9999 -9999 -9999 -9999 34 36 36 36 36 35 34 33 31 27 30 28 25 25 24 24 21 22 22 21 19 19 20 20 21 22 23 24 25 25
39 40 41 42 41 40 39 37 35 34 34 32 32 30 29 29 29 31 36 42 39 41 41 44 -9999 -9999 -9999 -9999 -9999 -9999 -9999 -9999 -9999 -9999 -9999 -9999 -9999 39 38 35 34 32 30 29 29 27 27 25 24 24 23 23 22 21 21 22 -9999 -9999 -9999 -9999 -9999 -9999 -9999 -9999 -9999 -9999 -9999 36 36 37 38 38 36 34 32 34 32 32 30 29 24 26 27 24 21 20 20 19 19 20 20 21 22 23 24 24
41 42 43 43 44 44 44 42 39 37 36 36 36 36 36 38 41 44 46 -9999 -9999 -9999 -9999 -9999 -9999 -9999 -9999 -9999 -9999 -9999 -9999 -9999 -9999 -9999 -9999 -9999 -9999 40 39 37 35 32 32 30 30 29 28 26 26 24 24 23 22 22 22 22 23 24 -9999 -9999 -9999 -9999 -9999 -9999 -9999 -9999 -9999 -9999 -9999 38 38 38 37 36 36 35 36 35 34 32 27 25 29 24 24 20 20 20 21 21 20 20 21 22 23 23
42 43 44 45 45 46 46 45 43 41 39 40 41 42 44 44 45 45 -9999 -9999 -9999 -9999 -9999 -9999 -9999 -9999 -9999 -9999 -9999 -9999 -9999 -9999 -9999 -9999 -9999 43 -9999 40 39 36 35 32 33 32 31 30 29 28 26 26 24 23 23 22 21 22 23 24 25 -9999 -9999 -9999 -9999 -9999 -9999 -9999 -9999 -9999 -9999 -9999 -9999 -9999 38 38 38 37 37 37 36 37 35 33 33 30 25 23 21 20 23 21 21 21 20 22 22 22
-9999 -9999 -9999 -9999 -9999 -9999 -9999 49 46 45 43 41 45 44 44 46 47 -9999 -9999 -9999 -9999 -9999 -9999 -9999 -9999 -9999 -9999 -9999 -9999 -9999 -9999 -9999 -9999 -9999 -9999 -9999 -9999 -9999 41 39 36 33 33 34 34 32 30 29 27 26 25 24 23 22 21 22 23 24 26 -9999 -9999 -9999 -9999 -9999 -9999 -9999 -9999 -9999 -9999 -9999 -9999 -9999 -9999 -9999 38 38 38 40 35 38 41 41 41 36 28 27 24 23 20 21 20 21 21 21 22 21
-9999 -9999 -9999 -9999 -9999 -9999 -9999 -9999 -9999 -9999 49 49 49 49 48 49 -9999 -9999 -9999 -9999 -9999 -9999 -9999 -9999 -9999 -9999 -9999 -9999 -9999 -9999 -9999 -9999 47 -9999 45 46 -9999 -9999 -9999 41 39 35 34 35 35 33 31 31 29 28 28 26 24 23 22 22 23 24 25 26 -9999 -9999 -9999 -9999 -9999 -9999 -9999 -9999 -9999 -9999 38 -9999 38 39 40 38 40 41 42 41 43 44 44 41 35 31 28 27 24 23 21 21 22 22 24 23
-9999 -9999 -9999 -9999 -9999 -9999 -9999 -9999 -9999 -9999 -9999 -9999 -9999 51 -9999 -9999 -9999 -9999 -9999 -9999 -9999 -9999 -9999 -9999 -9999 -9999 -9999 -9999 -9999 -9999 -9999 47 46 -9999 -9999 -9999 -9999 -9999 45 43 42 41 40 39 36 32 32 31 30 29 28 27 25 23 23 24 23 24 26 27 -9999 -9999 -9999 -9999 -9999 -9999 -9999 -9999 -9999 -9999 -9999 40 40 -9999 -9999 42 42 42 42 43 44 44 43 41 38 33 36 29 27 28 24 22 22 24 24 25
-9999 -9999 -9999 -9999 -9999 -9999 -9999 -9999 -9999 -9999 -9999 -9999 -9999 -9999 -9999 -9999 -9999 -9999 -9999 -9999 -9999 -9999 -9999 -9999 -9999 -9999 -9999 -9999 -9999 -9999 48 48 45 -9999 -9999 -9999 45 46 46 -9999 43 43 43 41 37 34 33 32 31 30 29 27 26 24 24 24 24 23 26 28 30 -9999 -9999 -9999 -9999 -9999 -9999 -9999 -9999 -9999 -9999 -9999 -9999 -9999 43 43 44 43 -9999 46 45 46 46 43 43 42 40 35 32 34 29 24 30 25 25 25
-9999 -9999 -9999 -9999 -9999 -9999 -9999 -9999 -9999 -9999 -9999 -9999 -9999 -9999 -9999 -9999 -9999 -9999 -9999 -9999 -9999 -9999 -9999 -9999 -9999 -9999 -9999 52 50 47 46 45 47 49 -9999 -9999 50 -9999 -9999 -9999 -9999 -9999 44 44 43 40 36 34 32 33 30 30 27 25 25 24 25 25 27 29 30 32 -9999 -9999 -9999 -9999 -9999 -9999 -9999 -9999 -9999 -9999 -9999 -9999 -9999 -9999 -9999 -9999 -9999 -9999 -9999 -9999 -9999 -9999 48 46 39 33 36 34 39 34 33 26 26 27
-9999 -9999 -9999 -9999 -9999 -9999 -9999 -9999 -9999 -9999 -9999 -9999 -9999 -9999 -9999 -9999 -9999 -9999 -9999 -9999 -9999 -9999 -9999 -9999 -9999 -9999 -9999 50 48 39 42 45 45 50 -9999 -9999 -9999 50 -9999 -9999 -9999 49 47 47 46 45 42 39 34 33 35 31 27 27 26 25 26 25 25 29 32 32 33 -9999 -9999 -9999 -9999 -9999 -9999 -9999 -9999 -9999 -9999 45 -9999 -9999 -9999 -9999 -9999 -9999 -9999 -9999 -9999 -9999 -9999 -9999 47 45 42 37 42 44 38 31 27 27
-9999 -9999 -9999 -9999 -9999 -9999 -9999 -9999 -9999 -9999 -9999 -9999 -9999 -9999 -9999 -9999 -9999 -9999 -9999 -9999 -9999 -9999 -9999 -9999 -9999 -9999 -9999 51 46 41 40 47 47 51 -9999 -9999 -9999 50 -9999 -9999 -9999 49 51 -9999 -9999 47 47 43 37 36 37 36 31 28 27 26 26 27 28 30 31 32 33 35 36 -9999 -9999 -9999 -9999 -9999 -9999 -9999 -9999 -9999 -9999 -9999 -9999 -9999 -9999 -9999 -9999 -9999 -9999 -9999 -9999 -9999 -9999 -9999 46 42 44 46 46 37 36 35
-9999 -9999 -9999 -9999 -9999 -9999 -9999 -9999 -9999 -9999 -9999 -9999 -9999 -9999 -9999 -9999 -9999 -9999 -9999 -9999 -9999 -9999 -9999 -9999 -9999 -9999 -9999 52 51 47 42 45 51 52 -9999 -9999 -9999 -9999 -9999 -9999 -9999 -9999 -9999 -9999 -9999 -9999 50 46 43 42 40 39 35 30 29 28 29 28 29 30 25 31 33 34 36 36 -9999 -9999 39 39 -9999 -9999 -9999 -9999 -9999 -9999 -9999 -9999 -9999 -9999 -9999 -9999 -9999 -9999 -9999 -9999 -9999 -9999 -9999 48 44 44 48 47 40 38
-9999 -9999 -9999 -9999 -9999 -9999 -9999 -9999 -9999 -9999 -9999 -9999 -9999 -9999 -9999 -9999 -9999 -9999 -9999 -9999 -9999 -9999 -9999 -9999 -9999 -9999 -9999 53 52 49 45 45 51 -9999 -9999 -9999 -9999 -9999 -9999 -9999 -9999 -9999 -9999 -9999 -9999 -9999 -9999 -9999 49 47 45 43 40 35 33 30 31 31 28 27 27 29 31 33 34 36 36 37 37 37 40 39 44 48 -9999 -9999 -9999 -9999 -9999 -9999 -9999 -9999 -9999 -9999 -9999 -9999 -9999 -9999 -9999 -9999 47 48 49 48 44 39
-9999 -9999 -9999 -9999 -9999 -9999 -9999 -9999 -9999 -9999 -9999 -9999 -9999 -9999 -9999 -9999 -9999 -9999 -9999 -9999 -9999 -9999 -9999 -9999 -9999 -9999 -9999 -9999 53 51 48 47 52 -9999 -9999 -9999 -9999 -9999 -9999 -9999 -9999 -9999 -9999 -9999 -9999 -9999 -9999 -9999 -9999 51 49 45 40 40 41 38 35 36 32 27 31 31 33 33 34 34 36 36 36 32 31 32 35 44 -9999 -9999 -9999 -9999 -9999 -9999 -9999 -9999 -9999 -9999 -9999 -9999 -9999 -9999 -9999 -9999 -9999 -9999 -9999 48 45 44
-9999 -9999 -9999 -9999 -9999 -9999 -9999 -9999 -9999 -9999 -9999 -9999 -9999 -9999 -9999 -9999 -9999 -9999 -9999 -9999 -9999 -9999 -9999 -9999 -9999 -9999 -9999 -9999 54 53 51 52 53 -9999 -9999 -9999 -9999 -9999 -9999 -9999 -9999 -9999 -9999 -9999 -9999 -9999 -9999 -9999 -9999 -9999 52 50 48 45 40 44 45 43 39 36 38 36 34 35 34 35 34 35 35 36 37 39 -9999 -9999 -9999 -9999 -9999 -9999 -9999 -9999 -9999 -9999 -9999 -9999 -9999 -9999 -9999 -9999 -9999 -9999 -9999 -9999 49 48 45 41
-9999 -9999 -9999 -9999 -9999 -9999 -9999 -9999 -9999 -9999 -9999 -9999 -9999 -9999 -9999 -9999 -9999 -9999 -9999 -9999 -9999 -9999 -9999 -9999 -9999 -9999 -9999 -9999 -9999 55 55 54 -9999 -9999 -9999 -9999 -9999 -9999 -9999 -9999 -9999 -9999 -9999 -9999 -9999 -9999 -9999 -9999 -9999 -9999 -9999 52 51 50 50 47 45 44 45 44 42 38 34 35 36 35 34 35 34 34 37 39 41 42 -9999 -9999 -9999 -9999 -9999 -9999 -9999 -9999 -9999 -9999 -9999 -9999 -9999 -9999 -9999 -9999 -9999 -9999 51 49 47 42
-9999 -9999 -9999 -9999 -9999 -9999 -9999 -9999 -9999 -9999 -9999 -9999 -9999 -9999 -9999 -9999 -9999 -9999 -9999 -9999 -9999 -9999 -9999 -9999 -9999 -9999 -9999 -9999 -9999 -9999 56 55 55 -9999 -9999 -9999 -9999 -9999 -9999 -9999 -9999 -9999 -9999 -9999 -9999 -9999 -9999 -9999 -9999 -9999 -9999 -9999 -9999 52 53 51 50 45 47 46 45 44 44 41 40 38 36 35 35 35 36 38 40 40 41 42 43 -9999 -9999 -9999 -9999 -9999 -9999 -9999 -9999 -9999 -9999 -9999 -9999 -9999 -9999 -9999 51 49 47 44
-9999 -9999 -9999 -9999 -9999 -9999 -9999 -9999 -9999 -9999 -9999 -9999 -9999 -9999 -9999 -9999 -9999 -9999 -9999 -9999 -9999 -9999 -9999 -9999 -9999 60 -9999 -9999 -9999 56 55 55 55 55 -9999 -9999 -9999 -9999 -9999 -9999 -9999 -9999 -9999 -9999 -9999 -9999 -9999 -9999 -9999 -9999 -9999 -9999 -9999 -9999 -9999 -9999 -9999 -9999 -9999 49 49 48 46 42 43 42 39 37 36 37 37 38 37 36 38 40 41 42 43 45 -9999 -9999 -9999 -9999 -9999 -9999 -9999 -9999 -9999 -9999 -9999 -9999 52 51 48 46
-9999 -9999 -9999 -9999 -9999 -9999 -9999 -9999 -9999 -9999 -9999 -9999 -9999 -9999 -9999 -9999 -9999 -9999 -9999 -9999 -9999 -9999 -9999 -9999 -9999 63 -9999 60 58 57 54 53 54 55 56 -9999 -9999 -9999 -9999 -9999 -9999 -9999 -9999 -9999 -9999 -9999 -9999 -9999 -9999 -9999 -9999 -9999 -9999 59 -9999 -9999 -9999 -9999 -9999 50 50 49 48 46 42 42 41 39 38 38 37 38 38 38 37 38 38 39 41 43 47 -9999 -9999 -9999 -9999 -9999 -9999 -9999 -9999 -9999 -9999 -9999 55 53 51 49
-9999 -9999 -9999 -9999 -9999 -9999 -9999 -9999 -9999 -9999 -9999 -9999 -9999 -9999 -9999 -9999 -9999 -9999 -9999 -9999 -9999 -9999 -9999 -9999 63 63 63 60 58 57 56 54 53 54 56 -9999 -9999 -9999 -9999 -9999 -9999 -9999 -9999 -9999 -9999 -9999 -9999 -9999 -9999 -9999 -9999 -9999 -9999 -9999 -9999 -9999 -9999 -9999 -9999 51 51 50 48 48 47 44 40 42 39 40 38 39 41 41 41 40 39 39 40 42 45 48 50 52 -9999 -9999 -9999 -9999 -9999 -9999 -9999 -9999 57 56 53 50
-9999 -9999 -9999 -9999 -9999 -9999 -9999 -9999 -9999 -9999 -9999 -9999 -9999 -9999 -9999 -9999 -9999 -9999 -9999 -9999 -9999 -9999 -9999 -9999 64 65 62 60 59 58 55 53 53 54 56 -9999 -9999 -9999 -9999 -9999 -9999 -9999 -9999 -9999 -9999 -9999 -9999 -9999 -9999 -9999 -9999 -9999 -9999 -9999 -9999 -9999 -9999 -9999 -9999 -9999 -9999 52 49 46 48 51 49 45 44 42 40 40 41 43 44 44 43 45 46 46 47 49 51 52 53 -9999 -9999 -9999 -9999 -9999 -9999 -9999 60 58 54 51
-9999 -9999 -9999 -9999 -9999 -9999 -9999 -9999 -9999 -9999 -9999 -9999 -9999 -9999 -9999 -9999 -9999 -9999 -9999 -9999 -9999 -9999 -9999 -9999 -9999 -9999 60 61 58 56 56 54 54 55 56 -9999 -9999 -9999 -9999 -9999 -9999 -9999 -9999 -9999 -9999 -9999 -9999 -9999 -9999 -9999 -9999 -9999 -9999 -9999 -9999 -9999 -9999 -9999 -9999 -9999 -9999 -9999 -9999 -9999 -9999 52 50 47 43 44 42 42 42 44 47 48 49 49 -9999 53 52 52 53 53 54 55 56 -9999 -9999 -9999 -9999 57 60 59 57 56
-9999 -9999 -9999 -9999 -9999 -9999 -9999 -9999 -9999 -9999 -9999 -9999 -9999 -9999 -9999 -9999 -9999 -9999 -9999 -9999 -9999 -9999 -9999 -9999 -9999 -9999 62 60 59 58 57 54 54 54 -9999 -9999 -9999 -9999 -9999 -9999 -9999 -9999 -9999 -9999 -9999 -9999 -9999 -9999 -9999 -9999 -9999 -9999 -9999 -9999 -9999 -9999 -9999 -9999 -9999 -9999 -9999 -9999 -9999 -9999 -9999 52 51 48 44 46 44 45 45 48 49 51 52 -9999 -9999 -9999 55 54 54 55 55 56 58 -9999 -9999 -9999 -9999 -9999 60 55 57 52
57 58 -9999 -9999 -9999 -9999 -9999 -9999 -9999 -9999 -9999 -9999 -9999 -9999 -9999 -9999 -9999 -9999 -9999 -9999 -9999 -9999 -9999 -9999 -9999 -9999 62 60 60 58 55 52 51 54 53 -9999 -9999 -9999 -9999 -9999 -9999 -9999 -9999 -9999 -9999 -9999 -9999 -9999 -9999 -9999 -9999 -9999 -9999 -9999 -9999 -9999 -9999 -9999 -9999 -9999 -9999 -9999 -9999 -9999 -9999 -9999 53 51 50 49 47 45 47 48 50 52 54 -9999 -9999 -9999 -9999 -9999 -9999 56 57 58 59 -9999 -9999 -9999 -9999 -9999 -9999 62 61 58
57 58 -9999 -9999 -9999 -9999 -9999 -9999 -9999 -9999 -9999 -9999 -9999 -9999 -9999 -9999 -9999 -9999 -9999 -9999 -9999 -9999 -9999 -9999 -9999 -9999 62 61 60 57 55 52 51 56 59 -9999 -9999 -9999 -9999 -9999 -9999 -9999 -9999 -9999 -9999 -9999 -9999 -9999 -9999 -9999 -9999 -9999 -9999 -9999 -9999 -9999 -9999 -9999 -9999 -9999 -9999 -9999 -9999 -9999 -9999 -9999 -9999 -9999 54 -9999 50 48 47 46 50 55 -9999 -9999 -9999 -9999 -9999 -9999 -9999 -9999 59 59 60 -9999 -9999 -9999 -9999 -9999 67 68 -9999 66
-9999 58 -9999 -9999 -9999 -9999 -9999 -9999 -9999 -9999 -9999 -9999 -9999 -9999 -9999 -9999 -9999 -9999 -9999 -9999 -9999 -9999 -9999 -9999 -9999 -9999 61 60 58 57 55 53 52 55 59 -9999 -9999 -9999 -9999 -9999 -9999 -9999 -9999 -9999 -9999 -9999 -9999 -9999 -9999 -9999 -9999 -9999 -9999 -9999 -9999 -9999 -9999 -9999 -9999 -9999 -9999 -9999 -9999 -9999 -9999 -9999 -9999 -9999 -9999 -9999 54 49 48 54 58 60 -9999 -9999 -9999 -9999 -9999 -9999 -9999 -9999 -9999 61 61 -9999 -9999 -9999 -9999 -9999 -9999 69 68 67
-9999 -9999 -9999 -9999 -9999 -9999 -9999 -9999 -9999 -9999 -9999 -9999 -9999 -9999 -9999 -9999 -9999 -9999 -9999 -9999 -9999 -9999 -9999 -9999 -9999 -9999 60 59 58 57 55 54 54 56 -9999 -9999 -9999 -9999 -9999 -9999 -9999 -9999 -9999 -9999 -9999 -9999 -9999 -9999 -9999 -9999 -9999 -9999 -9999 -9999 -9999 -9999 -9999 -9999 -9999 -9999 -9999 -9999 -9999 -9999 -9999 -9999 -9999 -9999 -9999 -9999 -9999 51 53 56 56 58 62 64 -9999 -9999 -9999 -9999 -9999 -9999 -9999 -9999 -9999 -9999 -9999 -9999 -9999 -9999 -9999 -9999 69 69
-9999 -9999 -9999 -9999 -9999 -9999 -9999 -9999 -9999 -9999 -9999 -9999 -9999 -9999 -9999 -9999 -9999 -9999 -9999 -9999 -9999 -9999 -9999 -9999 -9999 -9999 60 58 58 58 56 53 54 57 -9999 -9999 -9999 -9999 -9999 -9999 -9999 -9999 -9999 -9999 -9999 -9999 -9999 -9999 -9999 -9999 -9999 -9999 -9999 -9999 -9999 -9999 -9999 -9999 -9999 -9999 -9999 -9999 -9999 -9999 -9999 -9999 -9999 -9999 -9999 -9999 -9999 54 52 56 51 51 56 62 64 -9999 -9999 -9999 -9999 -9999 -9999 -9999 -9999 -9999 -9999 -9999 -9999 -9999 -9999 -9999 -9999 69
