resultados/variables_proyeccion_tiempo/variables_paleo_130k/bio19.asc
ncols 330
nrows 228
xllcorner -12.000000
yllcorner 34.000000
cellsize 0.166667
NODATA_value -9999
[rows 180 to 224 of 228, columns 0 to 95 of 330]
-9999 -9999 -9999 -9999 -9999 -9999 -9999 -9999 -9999 -9999 -9999 -9999 -9999 -9999 -9999 -9999 -9999 -9999 591 587 625 589 608 569 585 557 476 409 418 398 378 346 300 271 238 206 177 159 149 145 145 147 148 149 145 144 148 153 155 158 164 172 173 181 196 199 195 190 194 171 156 143 137 129 126 127 123 110 108 101 101 104 105 110 124 132 141 138 129 131 144 141 131 128 145 159 190 201 190 183 161 147 -9999 -9999 -9999 -9999
-9999 -9999 -9999 -9999 -9999 -9999 -9999 -9999 -9999 -9999 -9999 -9999 -9999 -9999 -9999 -9999 -9999 -9999 573 590 570 559 585 604 590 561 476 427 409 368 378 327 288 262 228 199 170 151 141 140 141 146 151 151 147 146 147 150 149 151 153 157 162 167 172 176 175 170 169 166 179 168 134 120 112 106 103 99 102 101 96 97 96 100 100 105 105 112 120 130 140 145 132 131 153 170 196 191 184 182 167 -9999 -9999 -9999 -9999 -9999
-9999 -9999 -9999 -9999 -9999 -9999 -9999 -9999 -9999 -9999 -9999 -9999 -9999 -9999 -9999 -9999 -9999 -9999 -9999 559 547 527 530 575 564 521 490 461 370 352 360 321 276 254 222 192 163 142 135 136 137 141 146 148 147 146 146 147 150 152 154 155 153 154 157 157 162 158 156 154 152 142 122 111 104 103 96 92 92 94 98 99 98 97 97 96 104 115 127 145 151 143 145 141 145 151 172 186 177 -9999 -9999 -9999 -9999 -9999 -9999 -9999
-9999 -9999 -9999 -9999 -9999 -9999 -9999 -9999 -9999 -9999 -9999 -9999 -9999 -9999 -9999 -9999 -9999 -9999 -9999 536 532 524 528 552 514 583 532 448 386 367 350 304 282 249 218 190 162 141 135 133 133 135 139 141 142 144 146 149 153 162 159 158 161 162 158 156 154 153 144 137 131 120 114 109 101 99 99 92 89 90 94 97 98 101 101 111 127 139 145 144 155 152 145 149 145 148 155 -9999 -9999 -9999 -9999 -9999 -9999 -9999 -9999 -9999
-9999 -9999 -9999 -9999 -9999 -9999 -9999 -9999 -9999 -9999 -9999 -9999 -9999 -9999 -9999 -9999 -9999 -9999 -9999 525 518 530 518 514 583 510 489 447 438 350 332 319 284 250 222 193 171 154 142 136 134 133 134 136 137 140 144 150 155 159 165 186 182 178 163 157 158 152 135 128 122 114 110 113 107 103 98 93 90 90 93 95 100 106 112 114 137 155 153 140 145 143 148 159 149 -9999 -9999 -9999 -9999 -9999 -9999 -9999 -9999 -9999 -9999 -9999
-9999 -9999 -9999 -9999 -9999 -9999 -9999 -9999 -9999 -9999 -9999 -9999 -9999 -9999 -9999 -9999 -9999 -9999 -9999 505 489 491 509 554 574 524 502 474 411 353 334 309 293 261 230 197 172 151 144 140 135 133 131 131 134 138 145 155 167 177 179 182 171 165 154 149 156 155 156 148 138 126 120 108 109 113 100 99 96 98 100 105 113 120 131 126 142 144 133 143 143 -9999 -9999 -9999 -9999 -9999 -9999 -9999 -9999 -9999 -9999 -9999 -9999 -9999 -9999 -9999
-9999 -9999 -9999 -9999 -9999 -9999 -9999 -9999 -9999 -9999 -9999 -9999 -9999 -9999 -9999 -9999 -9999 -9999 -9999 463 480 520 568 582 599 598 544 524 437 380 356 326 298 266 233 207 181 163 154 144 139 136 131 129 129 134 144 160 192 178 164 160 153 147 147 150 153 152 149 151 139 131 119 108 103 118 110 103 105 108 108 118 125 136 136 144 147 142 -9999 -9999 -9999 -9999 -9999 -9999 -9999 -9999 -9999 -9999 -9999 -9999 -9999 -9999 -9999 -9999 -9999 -9999
-9999 -9999 -9999 -9999 -9999 -9999 -9999 -9999 -9999 -9999 -9999 -9999 -9999 -9999 -9999 -9999 -9999 -9999 -9999 454 456 503 544 531 534 533 517 496 440 405 377 337 307 273 242 217 200 184 165 154 148 146 140 131 125 137 154 174 182 167 161 157 149 144 151 150 145 148 154 149 144 139 131 107 114 119 122 123 125 121 119 132 145 155 136 126 135 138 -9999 -9999 -9999 -9999 -9999 -9999 -9999 -9999 -9999 -9999 -9999 -9999 -9999 -9999 -9999 -9999 -9999 -9999
-9999 -9999 -9999 -9999 -9999 -9999 -9999 -9999 -9999 -9999 -9999 -9999 -9999 -9999 -9999 -9999 -9999 -9999 -9999 442 445 456 547 518 489 486 482 503 479 438 394 346 301 282 275 243 210 191 176 172 172 177 154 143 135 142 153 154 162 167 166 161 151 151 153 148 149 151 153 159 161 162 147 122 107 112 126 133 144 144 132 142 144 139 139 141 136 -9999 -9999 -9999 -9999 -9999 -9999 -9999 -9999 -9999 -9999 -9999 -9999 -9999 -9999 -9999 -9999 -9999 -9999 -9999
-9999 -9999 -9999 -9999 -9999 -9999 -9999 -9999 -9999 -9999 -9999 -9999 -9999 -9999 -9999 -9999 -9999 -9999 421 433 440 450 471 457 468 509 665 529 464 440 408 359 326 302 262 218 204 219 202 193 217 203 179 151 142 135 142 150 163 171 171 166 162 155 151 144 147 144 150 159 167 170 153 129 106 106 133 148 175 162 143 142 136 138 136 -9999 -9999 -9999 -9999 -9999 -9999 -9999 -9999 -9999 -9999 -9999 -9999 -9999 -9999 -9999 -9999 -9999 -9999 -9999 -9999 -9999
-9999 -9999 -9999 -9999 -9999 -9999 -9999 -9999 -9999 -9999 -9999 -9999 -9999 -9999 -9999 -9999 -9999 -9999 422 422 424 439 448 456 516 548 563 439 416 422 393 365 310 264 227 203 223 258 256 233 227 173 160 139 138 139 141 152 160 168 166 166 162 155 152 153 154 156 160 161 165 165 156 141 116 112 121 124 145 145 137 132 135 134 136 -9999 -9999 -9999 -9999 -9999 -9999 -9999 -9999 -9999 -9999 -9999 -9999 -9999 -9999 -9999 -9999 -9999 -9999 -9999 -9999 -9999
-9999 -9999 -9999 -9999 -9999 -9999 -9999 -9999 -9999 -9999 -9999 -9999 -9999 -9999 -9999 -9999 -9999 -9999 399 405 413 441 498 522 521 494 477 421 376 361 322 287 255 239 214 204 210 199 173 155 147 144 143 143 139 139 145 149 156 161 160 163 158 155 159 161 164 166 164 164 162 153 143 137 113 147 142 121 123 127 128 129 133 129 -9999 -9999 -9999 -9999 -9999 -9999 -9999 -9999 -9999 -9999 -9999 -9999 -9999 -9999 -9999 -9999 -9999 -9999 -9999 -9999 224 225
-9999 -9999 -9999 -9999 -9999 -9999 -9999 -9999 -9999 -9999 -9999 -9999 -9999 -9999 -9999 -9999 -9999 -9999 384 401 420 440 465 471 507 460 401 384 345 329 302 277 251 230 219 205 183 172 165 158 154 150 147 145 144 145 146 148 151 155 162 165 163 162 160 160 160 163 162 163 154 143 141 130 122 123 141 135 126 131 130 127 128 -9999 -9999 -9999 -9999 -9999 -9999 -9999 -9999 -9999 -9999 -9999 -9999 -9999 -9999 -9999 204 233 231 239 -9999 -9999 225 228
-9999 -9999 -9999 -9999 -9999 -9999 -9999 -9999 -9999 -9999 -9999 -9999 -9999 -9999 -9999 -9999 -9999 368 376 394 412 408 420 429 446 398 377 352 330 316 290 272 250 232 218 203 194 187 180 173 166 161 161 158 156 153 156 158 161 161 160 161 161 159 160 161 158 159 153 156 151 141 131 131 125 118 121 124 129 133 133 132 -9999 -9999 -9999 -9999 -9999 -9999 -9999 -9999 -9999 -9999 -9999 -9999 -9999 -9999 161 201 217 216 222 238 243 -9999 -9999 -9999
-9999 -9999 -9999 -9999 -9999 -9999 -9999 -9999 -9999 -9999 -9999 -9999 -9999 -9999 -9999 -9999 -9999 353 378 420 397 375 390 400 390 367 360 349 334 310 286 272 254 230 216 205 201 198 197 203 193 178 181 180 179 176 171 171 168 164 163 162 159 158 159 156 156 153 150 146 142 137 129 129 126 131 127 124 130 137 138 -9999 -9999 -9999 -9999 -9999 -9999 -9999 -9999 -9999 -9999 -9999 -9999 -9999 -9999 156 171 174 171 203 220 235 237 -9999 -9999 -9999
-9999 -9999 -9999 -9999 -9999 -9999 -9999 -9999 -9999 -9999 -9999 -9999 -9999 -9999 -9999 307 327 344 374 371 354 358 360 358 365 365 365 379 353 323 289 264 247 233 222 213 210 214 212 211 192 183 176 176 179 180 173 181 178 170 168 161 159 158 155 152 149 147 145 139 135 130 125 121 121 127 132 131 136 142 146 -9999 -9999 -9999 -9999 -9999 -9999 -9999 -9999 -9999 -9999 -9999 -9999 -9999 -9999 -9999 155 156 180 196 215 231 -9999 -9999 -9999 -9999
-9999 -9999 -9999 -9999 -9999 -9999 -9999 -9999 -9999 -9999 -9999 -9999 -9999 -9999 -9999 322 335 353 348 346 342 352 356 348 345 338 343 358 345 297 276 257 247 237 230 226 212 204 198 197 194 188 191 187 184 182 174 179 172 173 171 163 160 158 155 153 150 145 140 134 129 126 125 125 126 127 135 137 139 147 155 -9999 -9999 -9999 -9999 -9999 -9999 -9999 -9999 -9999 -9999 -9999 -9999 -9999 -9999 -9999 -9999 -9999 -9999 204 213 221 -9999 -9999 -9999 -9999
-9999 -9999 -9999 -9999 -9999 -9999 -9999 -9999 -9999 -9999 -9999 -9999 -9999 -9999 -9999 346 352 365 341 335 339 342 338 331 327 321 321 315 296 275 254 243 238 229 228 217 209 206 205 203 202 202 202 202 195 194 184 180 171 168 168 166 165 163 163 161 157 153 141 132 127 124 127 135 141 134 142 137 140 153 166 176 -9999 -9999 -9999 -9999 -9999 -9999 -9999 169 167 164 -9999 -9999 -9999 -9999 -9999 -9999 -9999 209 -9999 -9999 -9999 -9999 -9999 -9999
-9999 -9999 -9999 -9999 -9999 -9999 -9999 -9999 -9999 -9999 -9999 -9999 -9999 -9999 -9999 378 389 370 337 334 332 327 323 319 317 317 318 305 297 258 241 233 230 227 225 220 219 220 218 217 215 217 213 212 209 200 195 187 179 177 176 173 173 173 172 169 166 162 146 134 127 130 137 141 138 139 146 141 143 157 174 189 214 -9999 -9999 -9999 -9999 -9999 -9999 168 163 161 -9999 -9999 -9999 -9999 -9999 -9999 -9999 -9999 -9999 -9999 -9999 -9999 -9999 -9999
-9999 -9999 -9999 -9999 -9999 -9999 -9999 -9999 -9999 -9999 -9999 -9999 -9999 -9999 -9999 387 385 357 335 332 329 326 325 326 317 311 311 298 268 255 248 241 239 239 235 239 240 240 235 238 236 228 224 220 220 218 210 204 200 189 186 182 180 176 176 174 168 166 161 152 139 136 137 138 137 141 138 148 159 164 181 192 211 218 -9999 -9999 -9999 -9999 -9999 -9999 172 181 -9999 -9999 -9999 -9999 -9999 -9999 -9999 -9999 -9999 -9999 -9999 -9999 -9999 -9999
-9999 -9999 -9999 -9999 -9999 -9999 -9999 -9999 -9999 -9999 -9999 -9999 -9999 -9999 -9999 -9999 360 348 338 325 322 322 325 324 308 295 289 277 263 265 267 265 258 254 252 254 259 257 260 253 248 245 242 238 238 236 227 218 209 204 200 194 191 183 179 169 172 186 170 154 139 132 129 133 137 134 136 150 160 168 172 181 200 -9999 -9999 -9999 -9999 -9999 -9999 -9999 178 183 -9999 -9999 -9999 -9999 -9999 -9999 -9999 -9999 -9999 -9999 -9999 -9999 -9999 -9999
-9999 -9999 -9999 -9999 -9999 -9999 -9999 -9999 -9999 -9999 -9999 -9999 -9999 -9999 -9999 -9999 356 357 340 317 313 308 308 303 299 289 280 268 262 264 275 285 278 273 274 267 272 273 272 272 270 267 264 259 253 250 245 235 221 222 216 202 190 185 174 169 175 182 154 144 135 127 125 128 131 138 135 129 128 131 146 -9999 -9999 -9999 -9999 -9999 -9999 -9999 -9999 -9999 -9999 -9999 -9999 -9999 -9999 -9999 -9999 -9999 -9999 -9999 -9999 -9999 -9999 -9999 -9999 -9999
-9999 -9999 -9999 -9999 -9999 -9999 -9999 -9999 -9999 -9999 -9999 -9999 -9999 -9999 -9999 -9999 -9999 -9999 -9999 316 313 302 294 294 294 293 279 265 261 261 268 276 277 279 287 289 289 285 282 288 286 286 281 275 270 263 252 243 230 216 207 194 192 182 179 183 199 185 171 170 147 127 124 122 127 127 123 114 113 -9999 -9999 -9999 -9999 -9999 -9999 -9999 -9999 -9999 -9999 -9999 -9999 -9999 -9999 -9999 -9999 -9999 -9999 -9999 -9999 -9999 -9999 -9999 -9999 -9999 -9999 -9999
-9999 -9999 -9999 -9999 -9999 -9999 -9999 -9999 -9999 -9999 -9999 -9999 -9999 -9999 -9999 -9999 -9999 -9999 308 315 320 299 292 291 289 279 269 269 263 270 278 285 302 307 307 289 293 302 295 289 295 300 292 283 273 257 247 238 228 217 208 205 194 184 203 209 220 210 195 176 155 139 132 128 119 117 112 108 109 118 -9999 -9999 -9999 -9999 -9999 -9999 -9999 -9999 -9999 -9999 -9999 -9999 -9999 -9999 -9999 -9999 -9999 -9999 -9999 -9999 -9999 -9999 -9999 -9999 -9999 -9999
-9999 -9999 -9999 -9999 -9999 -9999 -9999 -9999 -9999 -9999 -9999 -9999 -9999 -9999 -9999 -9999 -9999 -9999 308 311 306 295 293 292 288 278 272 273 268 277 290 300 299 290 295 300 295 306 314 303 297 301 298 288 274 264 254 248 238 226 218 205 190 190 219 235 209 191 183 169 156 157 148 129 127 124 121 114 109 -9999 -9999 -9999 -9999 -9999 -9999 -9999 -9999 -9999 -9999 -9999 -9999 -9999 -9999 -9999 -9999 -9999 -9999 -9999 -9999 -9999 -9999 -9999 -9999 -9999 -9999 -9999
-9999 -9999 -9999 -9999 -9999 -9999 -9999 -9999 -9999 -9999 -9999 -9999 -9999 -9999 -9999 -9999 -9999 -9999 -9999 304 303 299 299 297 288 279 273 268 266 268 267 269 285 292 287 295 289 294 301 296 294 299 303 298 285 276 263 259 264 248 249 246 212 199 212 192 183 183 186 174 150 141 138 127 130 125 122 121 -9999 -9999 -9999 -9999 -9999 -9999 -9999 -9999 -9999 -9999 -9999 -9999 -9999 -9999 -9999 -9999 -9999 -9999 -9999 -9999 -9999 -9999 -9999 -9999 -9999 -9999 -9999 -9999
-9999 -9999 -9999 -9999 -9999 -9999 -9999 -9999 -9999 -9999 -9999 -9999 -9999 -9999 -9999 -9999 -9999 -9999 -9999 295 296 305 303 305 295 283 271 266 266 258 254 266 274 285 282 284 287 288 294 301 307 309 309 304 296 290 277 266 270 278 255 244 228 201 191 182 187 200 191 174 159 138 141 130 129 130 128 129 -9999 -9999 -9999 -9999 -9999 -9999 -9999 -9999 -9999 -9999 -9999 -9999 -9999 -9999 -9999 -9999 -9999 -9999 -9999 -9999 -9999 -9999 -9999 -9999 -9999 -9999 -9999 -9999
-9999 -9999 -9999 -9999 -9999 -9999 -9999 -9999 -9999 -9999 -9999 -9999 -9999 -9999 -9999 -9999 -9999 -9999 282 296 307 300 311 319 308 295 280 265 261 252 245 252 261 271 276 287 291 300 303 309 316 317 315 309 301 297 288 275 269 258 246 247 228 218 234 210 194 185 162 148 141 134 130 125 -9999 -9999 -9999 -9999 -9999 -9999 -9999 -9999 -9999 -9999 -9999 -9999 -9999 -9999 -9999 -9999 -9999 -9999 -9999 -9999 -9999 -9999 -9999 -9999 -9999 -9999 -9999 -9999 -9999 -9999 -9999 -9999
-9999 -9999 -9999 -9999 -9999 -9999 -9999 -9999 -9999 -9999 -9999 -9999 -9999 -9999 -9999 -9999 -9999 -9999 283 293 304 294 297 312 322 304 282 263 255 247 241 251 261 269 277 287 297 304 309 320 327 331 334 321 307 294 276 262 243 218 241 267 252 227 237 245 236 212 173 153 131 128 -9999 -9999 -9999 -9999 -9999 -9999 -9999 -9999 -9999 -9999 -9999 -9999 -9999 -9999 -9999 -9999 -9999 -9999 -9999 -9999 -9999 -9999 -9999 -9999 -9999 -9999 -9999 -9999 -9999 -9999 -9999 -9999 -9999 -9999
-9999 -9999 -9999 -9999 -9999 -9999 -9999 -9999 -9999 -9999 -9999 -9999 -9999 -9999 -9999 -9999 -9999 -9999 277 278 278 285 290 295 297 286 274 -9999 -9999 -9999 247 256 263 269 279 289 300 313 325 344 354 354 345 329 314 303 302 284 252 239 245 329 343 287 262 213 175 163 162 145 139 128 -9999 -9999 -9999 -9999 -9999 -9999 -9999 -9999 -9999 -9999 -9999 -9999 -9999 -9999 -9999 -9999 -9999 -9999 -9999 -9999 -9999 -9999 -9999 -9999 -9999 -9999 -9999 -9999 -9999 -9999 -9999 -9999 -9999 -9999
-9999 -9999 -9999 -9999 -9999 -9999 -9999 -9999 -9999 -9999 -9999 -9999 -9999 -9999 -9999 -9999 -9999 -9999 -9999 -9999 -9999 -9999 -9999 -9999 287 -9999 -9999 -9999 -9999 -9999 -9999 -9999 270 275 283 295 314 332 348 367 375 378 355 335 324 308 282 279 279 274 230 256 248 205 217 224 172 145 145 135 131 -9999 -9999 -9999 -9999 -9999 -9999 -9999 -9999 -9999 -9999 -9999 -9999 -9999 -9999 -9999 -9999 -9999 -9999 -9999 -9999 -9999 -9999 -9999 -9999 -9999 -9999 -9999 -9999 -9999 -9999 -9999 -9999 394 429 447
-9999 -9999 -9999 -9999 -9999 -9999 -9999 -9999 -9999 -9999 -9999 -9999 -9999 -9999 -9999 -9999 -9999 -9999 -9999 -9999 -9999 -9999 -9999 -9999 -9999 -9999 -9999 -9999 -9999 -9999 -9999 -9999 -9999 287 293 305 328 351 373 410 402 403 372 328 312 294 269 241 230 224 198 205 200 184 163 150 140 127 130 134 -9999 -9999 -9999 -9999 -9999 -9999 -9999 -9999 -9999 -9999 -9999 -9999 -9999 -9999 -9999 -9999 -9999 -9999 -9999 -9999 -9999 -9999 -9999 -9999 -9999 -9999 -9999 -9999 313 330 318 310 341 386 426 465
-9999 -9999 -9999 -9999 -9999 -9999 -9999 -9999 -9999 -9999 -9999 -9999 -9999 -9999 -9999 -9999 -9999 -9999 -9999 -9999 -9999 -9999 -9999 -9999 -9999 -9999 -9999 -9999 -9999 -9999 -9999 -9999 -9999 292 302 319 346 381 404 414 405 394 362 333 317 297 -9999 -9999 -9999 -9999 -9999 -9999 -9999 -9999 -9999 -9999 -9999 -9999 -9999 -9999 -9999 -9999 -9999 -9999 -9999 -9999 -9999 -9999 -9999 -9999 -9999 -9999 -9999 -9999 -9999 -9999 -9999 -9999 225 237 260 273 293 310 317 321 319 312 313 314 309 337 361 371 396 415
-9999 -9999 -9999 -9999 -9999 -9999 -9999 -9999 -9999 -9999 -9999 -9999 -9999 -9999 -9999 -9999 -9999 -9999 -9999 -9999 -9999 -9999 -9999 -9999 -9999 -9999 -9999 -9999 -9999 -9999 -9999 -9999 -9999 -9999 314 340 375 399 424 408 396 363 342 318 -9999 -9999 -9999 -9999 -9999 -9999 -9999 -9999 -9999 -9999 -9999 -9999 -9999 -9999 -9999 -9999 -9999 -9999 -9999 -9999 -9999 -9999 -9999 -9999 -9999 -9999 -9999 -9999 -9999 -9999 -9999 -9999 208 228 237 237 268 276 302 329 345 361 333 332 352 369 351 339 332 330 336 351
-9999 -9999 -9999 -9999 -9999 -9999 -9999 -9999 -9999 -9999 -9999 -9999 -9999 -9999 -9999 -9999 -9999 -9999 -9999 -9999 -9999 -9999 -9999 -9999 -9999 -9999 -9999 -9999 -9999 -9999 -9999 -9999 -9999 -9999 -9999 366 396 431 447 424 400 -9999 -9999 -9999 -9999 -9999 -9999 -9999 -9999 -9999 -9999 -9999 -9999 -9999 -9999 -9999 -9999 -9999 -9999 -9999 -9999 -9999 -9999 -9999 -9999 -9999 -9999 -9999 -9999 -9999 -9999 -9999 -9999 -9999 198 206 218 229 218 211 226 236 246 267 276 301 308 321 332 327 295 269 265 269 267 266
-9999 -9999 -9999 -9999 -9999 -9999 -9999 -9999 -9999 -9999 -9999 -9999 -9999 -9999 -9999 -9999 -9999 -9999 -9999 -9999 -9999 -9999 -9999 -9999 -9999 -9999 -9999 -9999 -9999 -9999 -9999 -9999 -9999 -9999 -9999 -9999 429 453 461 438 -9999 -9999 -9999 -9999 -9999 -9999 -9999 -9999 -9999 -9999 -9999 -9999 -9999 -9999 -9999 -9999 -9999 -9999 -9999 -9999 -9999 -9999 -9999 -9999 -9999 -9999 -9999 -9999 -9999 -9999 -9999 -9999 183 191 201 210 212 207 192 192 215 225 245 249 266 267 281 270 269 267 255 239 243 245 227 222
-9999 -9999 -9999 -9999 -9999 -9999 -9999 -9999 -9999 -9999 -9999 -9999 -9999 -9999 -9999 -9999 -9999 -9999 -9999 -9999 -9999 -9999 -9999 -9999 -9999 -9999 -9999 -9999 -9999 -9999 -9999 -9999 -9999 -9999 -9999 -9999 -9999 436 454 430 380 -9999 -9999 -9999 -9999 -9999 -9999 -9999 -9999 -9999 -9999 -9999 -9999 162 -9999 -9999 -9999 -9999 -9999 -9999 -9999 -9999 -9999 -9999 -9999 -9999 -9999 -9999 -9999 195 181 178 188 195 198 181 185 196 207 213 225 241 243 260 271 266 260 241 212 216 220 225 191 164 152 153
-9999 -9999 -9999 -9999 -9999 -9999 -9999 -9999 -9999 -9999 -9999 -9999 -9999 -9999 -9999 -9999 -9999 -9999 -9999 -9999 -9999 -9999 -9999 -9999 -9999 -9999 -9999 -9999 -9999 -9999 -9999 -9999 -9999 -9999 -9999 -9999 417 445 479 439 390 -9999 -9999 -9999 -9999 -9999 -9999 -9999 -9999 -9999 -9999 -9999 -9999 -9999 -9999 -9999 -9999 -9999 -9999 -9999 -9999 -9999 -9999 -9999 -9999 195 206 206 200 198 190 182 181 188 185 176 198 208 208 224 230 218 222 230 226 218 200 180 167 161 159 155 140 127 118 115
-9999 -9999 -9999 -9999 -9999 -9999 -9999 -9999 -9999 -9999 -9999 -9999 -9999 -9999 -9999 -9999 -9999 -9999 -9999 -9999 -9999 -9999 -9999 -9999 -9999 -9999 -9999 -9999 -9999 -9999 -9999 -9999 -9999 -9999 -9999 401 416 451 481 440 388 347 -9999 -9999 -9999 -9999 -9999 -9999 -9999 -9999 -9999 -9999 -9999 -9999 -9999 -9999 -9999 -9999 -9999 -9999 -9999 -9999 -9999 -9999 211 214 221 218 208 213 202 195 198 217 211 189 209 225 227 211 212 202 194 191 184 173 160 147 135 126 125 125 120 113 104 99
-9999 -9999 -9999 -9999 -9999 -9999 -9999 -9999 -9999 -9999 -9999 -9999 -9999 -9999 -9999 -9999 -9999 -9999 -9999 -9999 -9999 -9999 -9999 -9999 -9999 -9999 -9999 -9999 -9999 -9999 -9999 -9999 -9999 -9999 -9999 437 451 500 537 500 442 342 297 -9999 -9999 -9999 -9999 -9999 -9999 -9999 -9999 -9999 -9999 184 178 -9999 -9999 -9999 -9999 -9999 -9999 -9999 -9999 219 220 226 232 232 226 228 228 225 232 229 216 203 198 209 223 228 215 182 170 163 155 146 134 126 115 107 108 111 116 112 100 95
-9999 -9999 -9999 -9999 -9999 -9999 -9999 -9999 -9999 -9999 -9999 -9999 -9999 -9999 -9999 -9999 -9999 -9999 -9999 -9999 -9999 -9999 -9999 -9999 -9999 -9999 -9999 -9999 -9999 -9999 -9999 -9999 -9999 -9999 409 448 482 539 563 550 488 455 341 279 232 203 208 194 181 193 189 180 177 184 187 179 -9999 -9999 -9999 -9999 -9999 200 211 219 240 244 241 230 226 223 225 225 222 211 202 200 203 208 212 210 193 168 155 146 134 127 120 111 110 108 110 113 110 97 94 94
-9999 -9999 -9999 -9999 -9999 -9999 -9999 -9999 -9999 -9999 -9999 -9999 -9999 -9999 -9999 -9999 -9999 -9999 -9999 -9999 -9999 -9999 -9999 -9999 -9999 -9999 -9999 -9999 -9999 -9999 -9999 -9999 -9999 -9999 400 416 444 520 541 544 537 497 422 354 295 243 221 215 202 208 206 184 166 169 173 170 172 176 178 181 186 200 215 229 242 243 227 221 205 204 210 207 197 185 181 182 184 185 184 176 163 155 153 140 123 116 107 106 108 111 110 103 99 105 100 92
-9999 -9999 -9999 -9999 -9999 -9999 -9999 -9999 -9999 -9999 -9999 -9999 -9999 -9999 -9999 -9999 -9999 -9999 -9999 -9999 -9999 -9999 -9999 -9999 -9999 -9999 -9999 -9999 -9999 -9999 -9999 -9999 -9999 -9999 373 391 408 443 490 534 519 469 416 390 427 376 277 280 240 224 200 171 156 155 154 157 160 166 174 172 172 185 202 222 229 219 201 184 172 161 175 172 156 155 154 158 161 162 158 151 140 132 129 126 116 105 101 102 99 100 102 109 115 106 101 96
-9999 -9999 -9999 -9999 -9999 -9999 -9999 -9999 -9999 -9999 -9999 -9999 -9999 -9999 -9999 -9999 -9999 -9999 -9999 -9999 -9999 -9999 -9999 -9999 -9999 -9999 -9999 -9999 -9999 -9999 -9999 -9999 -9999 339 345 347 365 409 430 467 458 428 403 365 345 336 284 261 257 234 199 172 151 143 136 140 151 158 164 159 156 164 195 247 241 204 170 152 136 128 132 132 130 131 135 139 142 141 138 131 121 113 111 108 104 99 98 98 98 103 109 114 110 106 100 91
-9999 -9999 -9999 -9999 -9999 -9999 -9999 -9999 -9999 -9999 -9999 -9999 -9999 -9999 -9999 -9999 -9999 -9999 -9999 -9999 -9999 -9999 -9999 -9999 -9999 -9999 -9999 -9999 -9999 -9999 -9999 -9999 321 323 318 317 325 337 357 380 375 375 365 335 309 288 271 255 240 221 209 178 140 121 118 122 131 137 143 149 160 199 231 229 207 183 152 130 118 115 117 115 115 117 120 123 125 124 121 116 110 106 104 102 100 97 97 98 110 113 115 111 106 99 91 85
