resultados/variables_proyeccion_tiempo/variables_paleo_130k/bio17.asc
ncols 330
nrows 228
xllcorner -12.000000
yllcorner 34.000000
cellsize 0.166667
NODATA_value -9999
[rows 180 to 224 of 228, columns 0 to 95 of 330]
-9999 -9999 -9999 -9999 -9999 -9999 -9999 -9999 -9999 -9999 -9999 -9999 -9999 -9999 -9999 -9999 -9999 -9999 90 88 102 100 112 104 111 106 85 71 76 75 76 73 65 66 64 61 57 55 56 58 59 62 65 68 67 68 74 77 78 81 85 92 94 101 114 118 117 115 123 109 99 86 78 69 66 74 74 63 66 61 63 71 74 84 105 117 130 127 120 122 136 135 126 122 136 149 177 164 114 106 79 69 -9999 -9999 -9999 -9999
-9999 -9999 -9999 -9999 -9999 -9999 -9999 -9999 -9999 -9999 -9999 -9999 -9999 -9999 -9999 -9999 -9999 -9999 77 82 82 87 98 107 104 98 78 69 67 61 70 60 57 58 57 55 52 50 50 53 56 60 62 62 62 66 69 72 70 72 74 78 83 89 95 99 100 100 104 107 123 117 86 70 59 56 56 56 64 66 60 62 63 70 75 84 86 93 103 118 132 138 121 120 142 152 158 127 101 99 79 -9999 -9999 -9999 -9999 -9999
-9999 -9999 -9999 -9999 -9999 -9999 -9999 -9999 -9999 -9999 -9999 -9999 -9999 -9999 -9999 -9999 -9999 -9999 -9999 73 75 75 78 90 90 80 75 71 53 54 61 56 51 53 52 50 47 45 46 50 52 55 56 55 59 62 65 67 70 70 73 75 74 78 82 85 90 92 96 100 104 99 81 69 61 63 56 51 52 57 63 64 63 62 65 67 76 85 99 121 127 113 112 107 111 104 113 114 93 -9999 -9999 -9999 -9999 -9999 -9999 -9999
-9999 -9999 -9999 -9999 -9999 -9999 -9999 -9999 -9999 -9999 -9999 -9999 -9999 -9999 -9999 -9999 -9999 -9999 -9999 71 72 73 74 79 71 89 78 61 53 54 56 50 51 49 48 48 46 44 46 47 48 50 53 53 57 60 63 66 70 78 74 75 80 82 83 83 85 88 87 88 89 82 80 77 68 69 71 57 51 51 58 60 58 61 61 71 86 98 103 101 112 104 91 94 89 89 87 -9999 -9999 -9999 -9999 -9999 -9999 -9999 -9999 -9999
-9999 -9999 -9999 -9999 -9999 -9999 -9999 -9999 -9999 -9999 -9999 -9999 -9999 -9999 -9999 -9999 -9999 -9999 -9999 71 72 74 70 69 83 65 63 58 62 47 48 51 49 48 47 47 49 49 50 49 50 50 51 53 55 57 60 63 67 71 76 97 94 94 84 82 89 89 80 81 81 81 83 89 84 82 76 64 55 51 51 52 55 59 62 60 82 100 98 76 82 81 84 92 86 -9999 -9999 -9999 -9999 -9999 -9999 -9999 -9999 -9999 -9999 -9999
-9999 -9999 -9999 -9999 -9999 -9999 -9999 -9999 -9999 -9999 -9999 -9999 -9999 -9999 -9999 -9999 -9999 -9999 -9999 70 68 66 68 75 78 67 64 62 54 47 47 46 49 48 48 46 45 45 48 50 50 51 51 52 56 58 60 66 76 84 86 90 81 79 74 75 85 91 100 100 100 98 96 85 86 92 81 81 69 65 60 61 63 65 70 60 71 77 72 68 69 -9999 -9999 -9999 -9999 -9999 -9999 -9999 -9999 -9999 -9999 -9999 -9999 -9999 -9999 -9999
-9999 -9999 -9999 -9999 -9999 -9999 -9999 -9999 -9999 -9999 -9999 -9999 -9999 -9999 -9999 -9999 -9999 -9999 -9999 61 64 71 79 79 82 81 72 71 58 50 50 49 49 48 47 47 45 46 48 50 52 53 53 53 56 60 61 71 95 81 64 62 61 59 64 73 81 87 91 101 101 102 96 85 80 99 92 86 84 81 70 76 75 78 71 68 68 70 -9999 -9999 -9999 -9999 -9999 -9999 -9999 -9999 -9999 -9999 -9999 -9999 -9999 -9999 -9999 -9999 -9999 -9999
-9999 -9999 -9999 -9999 -9999 -9999 -9999 -9999 -9999 -9999 -9999 -9999 -9999 -9999 -9999 -9999 -9999 -9999 -9999 58 59 68 73 69 68 68 66 65 57 54 53 50 50 48 47 47 49 51 49 50 53 58 60 59 60 67 73 82 82 61 48 50 51 54 65 68 69 79 93 98 103 107 108 86 95 102 106 108 109 96 82 90 96 98 69 63 61 61 -9999 -9999 -9999 -9999 -9999 -9999 -9999 -9999 -9999 -9999 -9999 -9999 -9999 -9999 -9999 -9999 -9999 -9999
-9999 -9999 -9999 -9999 -9999 -9999 -9999 -9999 -9999 -9999 -9999 -9999 -9999 -9999 -9999 -9999 -9999 -9999 -9999 54 56 58 73 67 61 60 60 66 64 60 56 51 47 49 55 54 49 50 50 56 62 71 65 64 64 67 69 56 53 46 41 41 44 53 61 62 69 78 88 103 113 122 119 104 91 96 112 119 125 119 97 99 90 70 63 64 59 -9999 -9999 -9999 -9999 -9999 -9999 -9999 -9999 -9999 -9999 -9999 -9999 -9999 -9999 -9999 -9999 -9999 -9999 -9999
-9999 -9999 -9999 -9999 -9999 -9999 -9999 -9999 -9999 -9999 -9999 -9999 -9999 -9999 -9999 -9999 -9999 -9999 49 52 55 57 60 57 57 64 92 69 61 59 58 53 52 53 49 41 44 57 57 61 78 78 72 60 57 46 46 42 43 41 39 38 47 49 53 53 62 65 79 97 114 124 120 110 92 92 119 130 147 131 103 91 71 64 57 -9999 -9999 -9999 -9999 -9999 -9999 -9999 -9999 -9999 -9999 -9999 -9999 -9999 -9999 -9999 -9999 -9999 -9999 -9999 -9999 -9999
-9999 -9999 -9999 -9999 -9999 -9999 -9999 -9999 -9999 -9999 -9999 -9999 -9999 -9999 -9999 -9999 -9999 -9999 47 49 51 55 56 56 64 69 74 53 52 56 54 54 47 41 36 34 47 68 75 72 76 55 51 40 43 40 37 39 39 39 36 39 43 45 48 55 63 69 81 92 108 117 118 114 98 97 104 102 116 109 87 68 60 54 54 -9999 -9999 -9999 -9999 -9999 -9999 -9999 -9999 -9999 -9999 -9999 -9999 -9999 -9999 -9999 -9999 -9999 -9999 -9999 -9999 -9999
-9999 -9999 -9999 -9999 -9999 -9999 -9999 -9999 -9999 -9999 -9999 -9999 -9999 -9999 -9999 -9999 -9999 -9999 41 44 47 54 63 65 64 60 58 49 44 43 39 37 34 34 31 32 39 40 34 29 28 30 33 37 33 34 36 36 36 35 34 38 39 42 52 59 66 73 77 86 99 102 103 105 87 119 114 90 81 75 61 54 52 45 -9999 -9999 -9999 -9999 -9999 -9999 -9999 -9999 -9999 -9999 -9999 -9999 -9999 -9999 -9999 -9999 -9999 -9999 -9999 -9999 33 33
-9999 -9999 -9999 -9999 -9999 -9999 -9999 -9999 -9999 -9999 -9999 -9999 -9999 -9999 -9999 -9999 -9999 -9999 37 41 46 50 55 55 61 54 45 43 38 37 35 35 32 30 31 30 26 26 26 25 27 28 29 31 31 33 33 34 33 33 37 40 42 46 51 56 61 69 73 81 84 85 94 91 85 88 105 96 71 67 51 40 41 -9999 -9999 -9999 -9999 -9999 -9999 -9999 -9999 -9999 -9999 -9999 -9999 -9999 -9999 -9999 41 50 37 38 -9999 -9999 31 32
-9999 -9999 -9999 -9999 -9999 -9999 -9999 -9999 -9999 -9999 -9999 -9999 -9999 -9999 -9999 -9999 -9999 30 33 37 42 42 45 47 50 43 40 37 35 35 33 33 31 30 29 27 28 28 29 28 28 29 32 34 34 34 37 39 39 38 36 37 40 42 48 54 57 64 65 75 79 78 76 82 80 70 68 63 60 53 42 38 -9999 -9999 -9999 -9999 -9999 -9999 -9999 -9999 -9999 -9999 -9999 -9999 -9999 -9999 29 45 48 41 34 35 35 -9999 -9999 -9999
-9999 -9999 -9999 -9999 -9999 -9999 -9999 -9999 -9999 -9999 -9999 -9999 -9999 -9999 -9999 -9999 -9999 26 31 40 37 34 38 40 40 37 37 36 36 35 33 33 32 29 27 27 27 29 31 37 36 32 37 40 42 42 41 42 41 39 38 38 38 40 45 48 53 58 61 65 69 72 68 73 71 76 66 47 41 39 36 -9999 -9999 -9999 -9999 -9999 -9999 -9999 -9999 -9999 -9999 -9999 -9999 -9999 -9999 28 34 33 28 33 32 32 31 -9999 -9999 -9999
-9999 -9999 -9999 -9999 -9999 -9999 -9999 -9999 -9999 -9999 -9999 -9999 -9999 -9999 -9999 16 19 22 28 28 27 29 31 32 35 36 37 41 40 38 34 32 30 29 28 27 27 31 32 35 29 28 27 30 34 38 36 42 42 39 39 37 37 39 41 44 47 51 56 58 61 62 60 57 57 62 64 49 40 36 35 -9999 -9999 -9999 -9999 -9999 -9999 -9999 -9999 -9999 -9999 -9999 -9999 -9999 -9999 -9999 24 24 26 27 28 29 -9999 -9999 -9999 -9999
-9999 -9999 -9999 -9999 -9999 -9999 -9999 -9999 -9999 -9999 -9999 -9999 -9999 -9999 -9999 18 19 21 21 22 23 27 29 30 32 32 35 39 39 34 32 30 29 28 28 28 25 24 24 24 25 24 28 28 29 31 30 36 34 37 36 34 34 37 39 43 46 49 51 53 55 56 57 57 57 54 59 51 39 34 34 -9999 -9999 -9999 -9999 -9999 -9999 -9999 -9999 -9999 -9999 -9999 -9999 -9999 -9999 -9999 -9999 -9999 -9999 24 24 25 -9999 -9999 -9999 -9999
-9999 -9999 -9999 -9999 -9999 -9999 -9999 -9999 -9999 -9999 -9999 -9999 -9999 -9999 -9999 19 19 21 19 19 21 24 25 27 29 30 32 33 32 31 28 27 27 25 25 23 21 21 22 22 24 25 27 29 29 31 29 30 29 29 30 32 33 37 41 46 50 53 51 50 52 53 58 65 70 58 64 45 35 36 38 32 -9999 -9999 -9999 -9999 -9999 -9999 -9999 29 29 27 -9999 -9999 -9999 -9999 -9999 -9999 -9999 23 -9999 -9999 -9999 -9999 -9999 -9999
-9999 -9999 -9999 -9999 -9999 -9999 -9999 -9999 -9999 -9999 -9999 -9999 -9999 -9999 -9999 23 23 21 17 18 20 21 22 25 28 31 32 32 32 28 27 24 24 23 22 21 22 22 22 23 24 25 26 27 29 28 29 29 29 30 32 32 36 40 45 48 54 58 52 49 50 56 63 66 62 59 63 49 41 41 43 34 34 -9999 -9999 -9999 -9999 -9999 -9999 27 26 24 -9999 -9999 -9999 -9999 -9999 -9999 -9999 -9999 -9999 -9999 -9999 -9999 -9999 -9999
-9999 -9999 -9999 -9999 -9999 -9999 -9999 -9999 -9999 -9999 -9999 -9999 -9999 -9999 -9999 25 22 19 17 18 19 20 23 27 29 30 31 30 27 26 26 25 24 25 23 25 25 25 24 25 25 23 23 24 26 29 29 29 32 29 30 32 36 39 44 49 52 57 61 60 55 56 57 58 56 57 50 55 59 53 60 48 37 35 -9999 -9999 -9999 -9999 -9999 -9999 21 22 -9999 -9999 -9999 -9999 -9999 -9999 -9999 -9999 -9999 -9999 -9999 -9999 -9999 -9999
-9999 -9999 -9999 -9999 -9999 -9999 -9999 -9999 -9999 -9999 -9999 -9999 -9999 -9999 -9999 -9999 19 18 17 17 18 21 24 27 28 27 27 26 25 27 28 27 25 26 26 25 26 26 27 25 24 23 24 24 27 30 30 29 28 29 31 33 36 38 42 42 51 68 62 56 48 46 44 48 51 47 45 55 58 57 48 35 33 -9999 -9999 -9999 -9999 -9999 -9999 -9999 22 22 -9999 -9999 -9999 -9999 -9999 -9999 -9999 -9999 -9999 -9999 -9999 -9999 -9999 -9999
-9999 -9999 -9999 -9999 -9999 -9999 -9999 -9999 -9999 -9999 -9999 -9999 -9999 -9999 -9999 -9999 21 20 18 17 18 19 20 21 23 23 24 23 22 24 26 28 27 27 27 26 27 26 26 26 26 25 25 25 26 28 29 28 26 32 34 32 31 34 34 38 49 60 45 42 38 34 34 38 40 46 42 35 31 27 27 -9999 -9999 -9999 -9999 -9999 -9999 -9999 -9999 -9999 -9999 -9999 -9999 -9999 -9999 -9999 -9999 -9999 -9999 -9999 -9999 -9999 -9999 -9999 -9999 -9999
-9999 -9999 -9999 -9999 -9999 -9999 -9999 -9999 -9999 -9999 -9999 -9999 -9999 -9999 -9999 -9999 -9999 -9999 -9999 18 18 18 18 19 21 23 22 20 20 21 23 25 26 26 27 27 27 26 25 26 25 26 26 25 26 26 25 25 24 23 24 24 28 30 34 43 62 59 54 60 45 30 28 27 33 32 30 23 22 -9999 -9999 -9999 -9999 -9999 -9999 -9999 -9999 -9999 -9999 -9999 -9999 -9999 -9999 -9999 -9999 -9999 -9999 -9999 -9999 -9999 -9999 -9999 -9999 -9999 -9999 -9999
-9999 -9999 -9999 -9999 -9999 -9999 -9999 -9999 -9999 -9999 -9999 -9999 -9999 -9999 -9999 -9999 -9999 -9999 17 18 19 17 16 18 19 19 18 19 20 21 23 25 28 29 28 24 24 25 23 21 23 24 23 21 21 19 19 19 19 19 20 25 25 27 45 57 73 73 69 60 47 36 31 28 21 20 19 18 19 21 -9999 -9999 -9999 -9999 -9999 -9999 -9999 -9999 -9999 -9999 -9999 -9999 -9999 -9999 -9999 -9999 -9999 -9999 -9999 -9999 -9999 -9999 -9999 -9999 -9999 -9999
-9999 -9999 -9999 -9999 -9999 -9999 -9999 -9999 -9999 -9999 -9999 -9999 -9999 -9999 -9999 -9999 -9999 -9999 17 17 16 15 16 17 18 17 17 18 18 20 23 26 25 23 24 24 22 24 25 21 20 20 19 18 17 18 18 19 19 19 20 21 21 27 52 72 60 54 55 50 43 47 41 26 24 23 23 20 18 -9999 -9999 -9999 -9999 -9999 -9999 -9999 -9999 -9999 -9999 -9999 -9999 -9999 -9999 -9999 -9999 -9999 -9999 -9999 -9999 -9999 -9999 -9999 -9999 -9999 -9999 -9999
-9999 -9999 -9999 -9999 -9999 -9999 -9999 -9999 -9999 -9999 -9999 -9999 -9999 -9999 -9999 -9999 -9999 -9999 -9999 16 15 16 16 17 16 17 16 16 17 18 19 19 21 22 21 22 20 20 20 19 18 18 18 18 18 19 19 21 26 24 33 41 30 31 45 39 40 45 53 49 36 31 30 22 24 21 20 20 -9999 -9999 -9999 -9999 -9999 -9999 -9999 -9999 -9999 -9999 -9999 -9999 -9999 -9999 -9999 -9999 -9999 -9999 -9999 -9999 -9999 -9999 -9999 -9999 -9999 -9999 -9999 -9999
-9999 -9999 -9999 -9999 -9999 -9999 -9999 -9999 -9999 -9999 -9999 -9999 -9999 -9999 -9999 -9999 -9999 -9999 -9999 14 14 16 16 16 16 15 15 15 16 16 16 18 19 20 19 19 19 18 19 19 18 18 19 19 20 23 24 24 31 42 36 37 36 30 31 31 39 53 54 46 39 27 29 23 23 22 21 21 -9999 -9999 -9999 -9999 -9999 -9999 -9999 -9999 -9999 -9999 -9999 -9999 -9999 -9999 -9999 -9999 -9999 -9999 -9999 -9999 -9999 -9999 -9999 -9999 -9999 -9999 -9999 -9999
-9999 -9999 -9999 -9999 -9999 -9999 -9999 -9999 -9999 -9999 -9999 -9999 -9999 -9999 -9999 -9999 -9999 -9999 12 14 16 14 16 18 17 16 15 14 15 14 14 15 16 18 18 19 19 20 20 19 19 19 19 20 21 26 28 29 32 33 32 38 35 36 53 45 42 42 34 29 26 23 22 19 -9999 -9999 -9999 -9999 -9999 -9999 -9999 -9999 -9999 -9999 -9999 -9999 -9999 -9999 -9999 -9999 -9999 -9999 -9999 -9999 -9999 -9999 -9999 -9999 -9999 -9999 -9999 -9999 -9999 -9999 -9999 -9999
-9999 -9999 -9999 -9999 -9999 -9999 -9999 -9999 -9999 -9999 -9999 -9999 -9999 -9999 -9999 -9999 -9999 -9999 12 13 14 13 14 16 18 17 15 13 13 12 12 14 15 16 18 19 20 20 19 20 20 21 22 22 23 24 25 27 28 25 32 48 47 39 52 66 68 58 37 29 22 20 -9999 -9999 -9999 -9999 -9999 -9999 -9999 -9999 -9999 -9999 -9999 -9999 -9999 -9999 -9999 -9999 -9999 -9999 -9999 -9999 -9999 -9999 -9999 -9999 -9999 -9999 -9999 -9999 -9999 -9999 -9999 -9999 -9999 -9999
-9999 -9999 -9999 -9999 -9999 -9999 -9999 -9999 -9999 -9999 -9999 -9999 -9999 -9999 -9999 -9999 -9999 -9999 11 11 10 11 13 13 14 13 12 -9999 -9999 -9999 13 14 15 16 17 19 20 20 20 21 23 24 25 24 24 26 32 32 29 29 33 85 105 75 66 44 30 29 30 26 24 19 -9999 -9999 -9999 -9999 -9999 -9999 -9999 -9999 -9999 -9999 -9999 -9999 -9999 -9999 -9999 -9999 -9999 -9999 -9999 -9999 -9999 -9999 -9999 -9999 -9999 -9999 -9999 -9999 -9999 -9999 -9999 -9999 -9999 -9999
-9999 -9999 -9999 -9999 -9999 -9999 -9999 -9999 -9999 -9999 -9999 -9999 -9999 -9999 -9999 -9999 -9999 -9999 -9999 -9999 -9999 -9999 -9999 -9999 12 -9999 -9999 -9999 -9999 -9999 -9999 -9999 15 17 18 20 20 21 21 23 25 27 25 24 26 27 27 32 35 38 28 45 44 30 42 49 29 25 25 22 21 -9999 -9999 -9999 -9999 -9999 -9999 -9999 -9999 -9999 -9999 -9999 -9999 -9999 -9999 -9999 -9999 -9999 -9999 -9999 -9999 -9999 -9999 -9999 -9999 -9999 -9999 -9999 -9999 -9999 -9999 -9999 -9999 20 23 24
-9999 -9999 -9999 -9999 -9999 -9999 -9999 -9999 -9999 -9999 -9999 -9999 -9999 -9999 -9999 -9999 -9999 -9999 -9999 -9999 -9999 -9999 -9999 -9999 -9999 -9999 -9999 -9999 -9999 -9999 -9999 -9999 -9999 17 18 20 21 21 22 28 27 31 28 23 24 24 24 22 23 25 21 26 26 24 21 20 19 20 20 21 -9999 -9999 -9999 -9999 -9999 -9999 -9999 -9999 -9999 -9999 -9999 -9999 -9999 -9999 -9999 -9999 -9999 -9999 -9999 -9999 -9999 -9999 -9999 -9999 -9999 -9999 -9999 -9999 17 20 20 19 20 21 24 27
-9999 -9999 -9999 -9999 -9999 -9999 -9999 -9999 -9999 -9999 -9999 -9999 -9999 -9999 -9999 -9999 -9999 -9999 -9999 -9999 -9999 -9999 -9999 -9999 -9999 -9999 -9999 -9999 -9999 -9999 -9999 -9999 -9999 18 17 19 21 22 24 25 26 27 25 24 25 24 -9999 -9999 -9999 -9999 -9999 -9999 -9999 -9999 -9999 -9999 -9999 -9999 -9999 -9999 -9999 -9999 -9999 -9999 -9999 -9999 -9999 -9999 -9999 -9999 -9999 -9999 -9999 -9999 -9999 -9999 -9999 -9999 12 11 14 14 15 16 17 17 18 19 20 21 22 24 25 24 27 28
-9999 -9999 -9999 -9999 -9999 -9999 -9999 -9999 -9999 -9999 -9999 -9999 -9999 -9999 -9999 -9999 -9999 -9999 -9999 -9999 -9999 -9999 -9999 -9999 -9999 -9999 -9999 -9999 -9999 -9999 -9999 -9999 -9999 -9999 17 19 21 23 23 22 23 21 21 23 -9999 -9999 -9999 -9999 -9999 -9999 -9999 -9999 -9999 -9999 -9999 -9999 -9999 -9999 -9999 -9999 -9999 -9999 -9999 -9999 -9999 -9999 -9999 -9999 -9999 -9999 -9999 -9999 -9999 -9999 -9999 -9999 16 19 19 15 20 18 20 23 23 26 23 25 29 32 31 30 29 29 29 31
-9999 -9999 -9999 -9999 -9999 -9999 -9999 -9999 -9999 -9999 -9999 -9999 -9999 -9999 -9999 -9999 -9999 -9999 -9999 -9999 -9999 -9999 -9999 -9999 -9999 -9999 -9999 -9999 -9999 -9999 -9999 -9999 -9999 -9999 -9999 21 22 23 23 22 21 -9999 -9999 -9999 -9999 -9999 -9999 -9999 -9999 -9999 -9999 -9999 -9999 -9999 -9999 -9999 -9999 -9999 -9999 -9999 -9999 -9999 -9999 -9999 -9999 -9999 -9999 -9999 -9999 -9999 -9999 -9999 -9999 -9999 17 17 20 21 18 16 16 15 15 17 19 22 24 28 30 30 31 31 30 31 31 30
-9999 -9999 -9999 -9999 -9999 -9999 -9999 -9999 -9999 -9999 -9999 -9999 -9999 -9999 -9999 -9999 -9999 -9999 -9999 -9999 -9999 -9999 -9999 -9999 -9999 -9999 -9999 -9999 -9999 -9999 -9999 -9999 -9999 -9999 -9999 -9999 23 23 22 21 -9999 -9999 -9999 -9999 -9999 -9999 -9999 -9999 -9999 -9999 -9999 -9999 -9999 -9999 -9999 -9999 -9999 -9999 -9999 -9999 -9999 -9999 -9999 -9999 -9999 -9999 -9999 -9999 -9999 -9999 -9999 -9999 17 18 18 20 20 19 16 16 18 18 20 19 21 23 27 28 29 29 30 31 33 35 35 34
-9999 -9999 -9999 -9999 -9999 -9999 -9999 -9999 -9999 -9999 -9999 -9999 -9999 -9999 -9999 -9999 -9999 -9999 -9999 -9999 -9999 -9999 -9999 -9999 -9999 -9999 -9999 -9999 -9999 -9999 -9999 -9999 -9999 -9999 -9999 -9999 -9999 22 20 20 20 -9999 -9999 -9999 -9999 -9999 -9999 -9999 -9999 -9999 -9999 -9999 -9999 22 -9999 -9999 -9999 -9999 -9999 -9999 -9999 -9999 -9999 -9999 -9999 -9999 -9999 -9999 -9999 23 20 18 18 19 19 17 17 18 20 21 22 27 26 30 33 33 34 32 30 30 31 32 32 32 32 32
-9999 -9999 -9999 -9999 -9999 -9999 -9999 -9999 -9999 -9999 -9999 -9999 -9999 -9999 -9999 -9999 -9999 -9999 -9999 -9999 -9999 -9999 -9999 -9999 -9999 -9999 -9999 -9999 -9999 -9999 -9999 -9999 -9999 -9999 -9999 -9999 24 22 19 19 20 -9999 -9999 -9999 -9999 -9999 -9999 -9999 -9999 -9999 -9999 -9999 -9999 -9999 -9999 -9999 -9999 -9999 -9999 -9999 -9999 -9999 -9999 -9999 -9999 25 26 26 23 22 20 19 18 18 18 17 20 21 21 25 28 25 28 31 30 30 30 29 29 30 31 31 31 31 30 28
-9999 -9999 -9999 -9999 -9999 -9999 -9999 -9999 -9999 -9999 -9999 -9999 -9999 -9999 -9999 -9999 -9999 -9999 -9999 -9999 -9999 -9999 -9999 -9999 -9999 -9999 -9999 -9999 -9999 -9999 -9999 -9999 -9999 -9999 -9999 21 23 21 19 21 22 22 -9999 -9999 -9999 -9999 -9999 -9999 -9999 -9999 -9999 -9999 -9999 -9999 -9999 -9999 -9999 -9999 -9999 -9999 -9999 -9999 -9999 -9999 28 28 29 28 25 25 22 21 20 24 24 20 24 27 27 24 26 28 27 28 29 29 28 29 29 30 30 31 32 31 31 30
-9999 -9999 -9999 -9999 -9999 -9999 -9999 -9999 -9999 -9999 -9999 -9999 -9999 -9999 -9999 -9999 -9999 -9999 -9999 -9999 -9999 -9999 -9999 -9999 -9999 -9999 -9999 -9999 -9999 -9999 -9999 -9999 -9999 -9999 -9999 21 20 20 22 23 24 22 24 -9999 -9999 -9999 -9999 -9999 -9999 -9999 -9999 -9999 -9999 26 25 -9999 -9999 -9999 -9999 -9999 -9999 -9999 -9999 30 29 30 30 30 32 31 28 26 27 28 26 25 24 26 28 32 33 31 30 29 29 30 30 31 32 32 32 32 34 34 33 33
-9999 -9999 -9999 -9999 -9999 -9999 -9999 -9999 -9999 -9999 -9999 -9999 -9999 -9999 -9999 -9999 -9999 -9999 -9999 -9999 -9999 -9999 -9999 -9999 -9999 -9999 -9999 -9999 -9999 -9999 -9999 -9999 -9999 -9999 20 20 20 22 24 27 27 29 25 26 27 26 26 26 26 26 25 25 26 27 27 26 -9999 -9999 -9999 -9999 -9999 30 31 31 35 35 35 35 32 33 33 29 30 32 38 30 32 34 35 35 36 35 35 34 31 32 32 32 34 35 35 36 36 34 34 35
-9999 -9999 -9999 -9999 -9999 -9999 -9999 -9999 -9999 -9999 -9999 -9999 -9999 -9999 -9999 -9999 -9999 -9999 -9999 -9999 -9999 -9999 -9999 -9999 -9999 -9999 -9999 -9999 -9999 -9999 -9999 -9999 -9999 -9999 20 21 22 22 23 26 30 33 31 29 29 28 28 28 28 29 28 27 27 28 28 28 28 28 28 30 31 33 34 34 37 38 38 36 37 36 34 33 33 36 38 34 34 35 42 42 43 44 46 40 35 35 33 35 36 37 38 37 36 39 39 37
-9999 -9999 -9999 -9999 -9999 -9999 -9999 -9999 -9999 -9999 -9999 -9999 -9999 -9999 -9999 -9999 -9999 -9999 -9999 -9999 -9999 -9999 -9999 -9999 -9999 -9999 -9999 -9999 -9999 -9999 -9999 -9999 -9999 -9999 20 22 23 23 25 27 29 30 30 33 42 42 38 40 35 33 30 27 28 29 29 29 29 29 31 32 33 35 35 38 42 41 42 42 41 41 38 38 40 42 45 45 38 40 43 43 42 43 43 42 38 35 35 37 37 38 39 42 45 43 42 41
-9999 -9999 -9999 -9999 -9999 -9999 -9999 -9999 -9999 -9999 -9999 -9999 -9999 -9999 -9999 -9999 -9999 -9999 -9999 -9999 -9999 -9999 -9999 -9999 -9999 -9999 -9999 -9999 -9999 -9999 -9999 -9999 -9999 19 20 20 23 25 25 28 30 30 32 33 36 41 38 40 42 39 31 30 29 30 30 30 31 32 34 35 36 36 39 45 52 53 50 46 49 45 43 44 45 51 53 48 43 42 42 40 40 40 40 39 37 36 38 39 40 42 45 47 47 46 45 42
-9999 -9999 -9999 -9999 -9999 -9999 -9999 -9999 -9999 -9999 -9999 -9999 -9999 -9999 -9999 -9999 -9999 -9999 -9999 -9999 -9999 -9999 -9999 -9999 -9999 -9999 -9999 -9999 -9999 -9999 -9999 -9999 20 20 21 20 22 24 26 28 29 31 32 32 32 35 37 40 39 38 40 36 31 30 31 31 31 32 33 35 37 45 49 47 47 51 53 55 53 49 50 48 47 48 46 44 43 41 40 40 40 40 40 39 39 39 40 42 48 50 52 51 49 47 45 42
