resultados/variables_proyeccion_tiempo/variables_paleo_130k/bio18.asc
ncols 330
nrows 228
xllcorner -12.000000
yllcorner 34.000000
cellsize 0.166667
NODATA_value -9999
[rows 41 to 81 of 228, columns 92 to 183 of 330]
-9999 -9999 -9999 -9999 -9999 -9999 -9999 -9999 -9999 -9999 -9999 -9999 -9999 -9999 -9999 -9999 -9999 -9999 -9999 -9999 -9999 -9999 -9999 -9999 -9999 -9999 -9999 -9999 -9999 -9999 -9999 -9999 -9999 -9999 -9999 -9999 -9999 -9999 -9999 -9999 -9999 -9999 -9999 -9999 -9999 334 344 -9999 -9999 377 384 396 399 399 396 390 396 392 383 357 350 342 322 319 317 305 289 282 272 263 254 261 268 249 244 242 243 241 241 243 244 240 236 239 239 241 241 241 238 233 233 231
-9999 -9999 -9999 -9999 -9999 -9999 -9999 -9999 -9999 -9999 -9999 -9999 -9999 -9999 -9999 -9999 -9999 -9999 -9999 -9999 -9999 -9999 -9999 -9999 -9999 -9999 -9999 -9999 -9999 -9999 -9999 -9999 -9999 -9999 -9999 -9999 -9999 -9999 -9999 -9999 -9999 -9999 -9999 -9999 327 333 339 343 355 364 375 386 389 388 384 392 388 371 353 349 339 319 313 299 281 265 263 269 268 267 267 254 251 251 242 236 241 244 243 243 244 244 242 246 249 246 240 238 234 232 229 225
-9999 -9999 -9999 -9999 -9999 -9999 -9999 -9999 -9999 -9999 -9999 -9999 -9999 -9999 -9999 -9999 -9999 -9999 -9999 -9999 -9999 -9999 -9999 -9999 -9999 -9999 -9999 -9999 -9999 -9999 -9999 -9999 -9999 -9999 -9999 -9999 -9999 -9999 -9999 -9999 -9999 -9999 -9999 -9999 -9999 -9999 330 335 341 347 357 370 380 371 368 369 353 344 343 337 318 305 301 285 265 264 276 269 260 261 246 242 243 244 244 243 236 234 235 239 239 241 245 249 252 250 246 240 235 232 229 224
-9999 -9999 -9999 -9999 -9999 -9999 -9999 -9999 -9999 -9999 -9999 -9999 -9999 -9999 -9999 -9999 -9999 -9999 -9999 -9999 -9999 -9999 -9999 -9999 -9999 -9999 -9999 -9999 -9999 -9999 -9999 -9999 -9999 -9999 -9999 -9999 -9999 -9999 -9999 -9999 -9999 -9999 -9999 -9999 306 316 323 326 332 337 346 352 344 342 344 339 343 346 343 330 318 302 283 269 256 266 265 260 250 246 246 243 236 236 235 238 246 247 237 236 237 239 241 245 251 253 251 246 241 234 231 225
-9999 -9999 -9999 -9999 -9999 -9999 -9999 -9999 -9999 -9999 -9999 -9999 -9999 -9999 -9999 -9999 -9999 -9999 -9999 -9999 -9999 -9999 -9999 -9999 -9999 -9999 -9999 -9999 -9999 -9999 -9999 -9999 -9999 -9999 -9999 -9999 -9999 -9999 -9999 -9999 -9999 -9999 291 300 307 315 321 317 315 324 322 320 331 334 331 327 330 329 330 322 303 292 283 283 274 254 248 243 241 245 239 241 238 232 235 236 236 243 243 241 238 240 241 242 244 246 247 248 244 239 234 227
-9999 -9999 -9999 -9999 -9999 -9999 -9999 -9999 -9999 -9999 -9999 -9999 -9999 -9999 -9999 -9999 -9999 -9999 -9999 -9999 -9999 -9999 -9999 -9999 -9999 -9999 -9999 -9999 -9999 -9999 -9999 -9999 -9999 -9999 -9999 -9999 -9999 -9999 -9999 -9999 275 282 293 300 309 309 311 304 309 314 318 315 318 309 311 314 319 312 317 314 303 288 279 283 288 277 263 256 247 239 236 232 233 235 233 240 236 234 237 238 239 239 242 241 240 239 241 240 235 234 237 230
-9999 -9999 -9999 -9999 -9999 -9999 -9999 -9999 -9999 -9999 -9999 -9999 -9999 -9999 -9999 -9999 -9999 -9999 -9999 -9999 -9999 -9999 -9999 -9999 -9999 -9999 -9999 -9999 -9999 -9999 -9999 -9999 -9999 -9999 -9999 -9999 -9999 -9999 -9999 272 278 286 289 295 302 304 304 294 295 292 293 300 311 316 318 322 320 308 306 311 313 300 283 265 256 260 265 263 259 247 241 237 235 238 238 233 235 234 235 239 241 243 240 237 237 239 240 238 235 231 227 229
-9999 -9999 -9999 -9999 -9999 -9999 -9999 -9999 -9999 -9999 -9999 -9999 -9999 -9999 -9999 -9999 -9999 -9999 -9999 -9999 -9999 -9999 -9999 -9999 -9999 -9999 -9999 -9999 -9999 -9999 -9999 288 287 -9999 284 -9999 266 -9999 263 265 273 275 280 290 290 287 283 279 280 285 295 295 299 310 314 312 309 295 309 306 304 301 289 270 258 247 246 251 247 244 241 237 234 237 235 235 236 235 234 237 240 242 238 238 241 240 241 238 234 228 224 224
-9999 -9999 -9999 -9999 -9999 -9999 -9999 -9999 -9999 -9999 -9999 -9999 -9999 -9999 -9999 -9999 -9999 -9999 -9999 -9999 -9999 -9999 -9999 -9999 -9999 -9999 -9999 -9999 -9999 284 286 288 288 287 284 -9999 269 263 264 264 267 270 273 270 274 275 268 270 274 279 282 290 297 296 294 302 304 287 283 288 280 274 268 271 264 254 244 238 238 236 236 237 237 236 236 237 236 237 235 235 234 234 234 239 240 238 234 234 234 228 222 221
-9999 -9999 -9999 -9999 -9999 -9999 -9999 -9999 -9999 -9999 -9999 -9999 -9999 -9999 -9999 -9999 -9999 -9999 -9999 -9999 -9999 -9999 -9999 -9999 -9999 -9999 -9999 -9999 -9999 279 285 289 292 291 287 282 276 274 267 261 258 261 268 258 255 264 267 271 280 287 292 292 301 295 295 290 292 284 278 280 275 265 257 253 253 247 242 240 236 243 244 239 238 240 243 242 240 239 238 238 235 235 233 235 235 231 230 225 227 222 222 215
-9999 -9999 -9999 -9999 -9999 -9999 -9999 -9999 -9999 -9999 -9999 -9999 -9999 -9999 -9999 -9999 -9999 -9999 -9999 -9999 -9999 -9999 -9999 -9999 -9999 -9999 266 267 270 275 286 291 296 297 297 288 286 279 271 258 247 252 241 243 251 257 262 266 274 284 273 283 294 294 292 283 280 288 288 271 269 265 257 252 247 241 238 237 236 240 245 244 242 244 246 250 253 248 243 237 236 233 236 238 236 235 231 224 222 218 214 215
-9999 -9999 -9999 -9999 -9999 -9999 -9999 -9999 -9999 -9999 -9999 -9999 -9999 -9999 -9999 -9999 -9999 -9999 -9999 -9999 -9999 -9999 -9999 -9999 -9999 -9999 -9999 258 269 274 283 293 303 304 301 300 295 279 265 263 252 244 248 254 257 256 256 266 280 285 284 289 287 293 287 286 288 290 279 272 269 262 255 249 243 239 237 236 239 238 239 242 244 246 247 246 249 248 249 245 237 234 230 227 230 227 228 228 225 219 211 207
-9999 -9999 -9999 -9999 -9999 -9999 -9999 -9999 -9999 -9999 -9999 -9999 -9999 -9999 -9999 -9999 -9999 -9999 -9999 -9999 -9999 -9999 259 254 248 248 250 251 258 269 280 290 299 303 302 297 290 281 272 266 260 248 253 260 264 259 263 265 266 269 276 285 291 304 298 315 303 289 293 298 287 283 286 266 250 242 239 242 241 244 247 248 251 254 252 250 249 246 243 246 244 238 236 235 226 222 217 223 224 217 212 204
-9999 -9999 -9999 -9999 -9999 -9999 -9999 -9999 -9999 -9999 -9999 -9999 -9999 -9999 -9999 -9999 -9999 -9999 -9999 -9999 280 271 265 262 253 250 247 244 250 258 270 281 292 299 301 301 298 288 273 280 267 258 256 257 253 260 255 260 277 286 276 278 297 299 302 298 298 303 293 284 281 282 287 275 263 251 241 242 245 247 249 250 253 255 256 255 251 250 252 243 247 248 244 241 237 230 220 217 215 211 209 203
-9999 -9999 -9999 -9999 -9999 -9999 -9999 -9999 -9999 -9999 -9999 -9999 -9999 -9999 -9999 -9999 -9999 325 305 296 294 279 267 254 244 236 233 236 241 260 264 282 289 297 299 308 303 299 293 271 267 277 274 271 277 269 267 262 261 272 273 274 288 296 291 292 287 284 278 276 277 272 265 262 260 255 250 250 250 252 254 253 257 261 257 259 256 249 251 249 242 246 245 241 233 230 224 216 212 210 -9999 -9999
-9999 -9999 -9999 -9999 -9999 -9999 -9999 -9999 -9999 -9999 -9999 -9999 -9999 -9999 -9999 -9999 330 328 322 306 300 284 267 265 236 233 233 247 254 277 278 292 297 293 295 295 297 287 294 288 281 272 273 278 275 264 256 255 256 261 264 274 288 286 278 277 287 284 278 278 279 277 275 276 269 262 253 258 257 257 259 261 260 256 252 256 253 252 248 251 248 244 240 234 227 225 221 216 211 -9999 -9999 -9999
-9999 -9999 -9999 -9999 -9999 -9999 -9999 -9999 -9999 -9999 -9999 -9999 376 375 367 371 348 333 323 309 306 285 286 286 274 266 279 265 269 278 281 273 309 317 320 320 318 304 307 298 292 281 263 261 258 247 250 266 262 261 261 260 271 277 279 274 274 276 272 274 269 265 265 268 278 266 260 257 257 252 256 254 256 258 263 260 257 252 247 246 247 243 239 234 223 218 215 214 -9999 -9999 -9999 -9999
-9999 -9999 -9999 -9999 -9999 -9999 -9999 -9999 -9999 -9999 409 402 394 393 381 372 371 371 351 340 333 299 283 279 271 292 306 287 256 256 275 272 284 302 309 317 299 290 290 297 286 278 263 254 249 250 265 272 265 270 259 258 277 278 278 281 280 281 283 280 277 278 268 265 260 271 272 270 261 256 254 258 261 260 263 264 262 264 260 257 251 245 238 234 226 219 217 -9999 -9999 -9999 -9999 -9999
-9999 -9999 -9999 -9999 -9999 -9999 -9999 -9999 -9999 418 410 412 415 415 421 408 378 371 365 353 333 312 319 316 306 309 292 307 323 296 285 278 280 268 264 279 302 300 290 275 274 276 269 254 253 251 257 269 264 260 254 263 277 276 279 272 275 279 280 287 276 277 270 264 261 261 262 262 265 260 257 259 261 265 258 257 259 257 257 254 249 245 241 236 226 221 -9999 -9999 -9999 -9999 -9999 -9999
-9999 -9999 -9999 -9999 -9999 -9999 -9999 -9999 424 431 420 428 436 439 426 417 393 371 355 323 325 322 307 320 339 325 276 248 257 246 262 263 268 262 263 263 272 304 310 307 285 279 278 281 267 243 244 264 270 265 259 261 265 264 263 262 269 276 274 286 284 279 275 272 268 271 269 265 268 268 266 263 260 257 254 252 255 254 248 244 242 245 236 230 226 222 -9999 -9999 -9999 -9999 -9999 -9999
-9999 -9999 -9999 -9999 -9999 -9999 -9999 -9999 418 413 443 456 475 473 470 446 424 403 366 371 364 373 372 341 327 318 310 317 314 279 263 295 300 265 253 256 260 259 276 282 287 282 275 260 250 251 251 250 257 260 264 273 277 273 271 271 267 263 263 266 275 279 278 279 274 272 274 272 270 266 265 265 265 260 254 254 250 250 252 246 241 237 233 228 225 222 -9999 -9999 -9999 -9999 -9999 -9999
-9999 -9999 -9999 -9999 -9999 -9999 -9999 -9999 408 411 430 441 453 459 450 452 445 427 390 385 406 375 359 294 327 279 278 301 304 327 327 329 310 273 278 260 276 264 256 262 260 273 285 277 267 252 243 242 265 265 270 276 269 282 280 286 285 269 263 264 268 276 281 284 284 280 280 276 274 266 262 259 258 263 259 261 259 252 249 252 247 237 230 227 225 221 -9999 -9999 -9999 -9999 -9999 -9999
-9999 -9999 -9999 -9999 -9999 -9999 -9999 -9999 415 436 445 460 465 467 461 456 446 442 433 417 359 370 321 277 271 292 292 278 296 301 294 306 288 289 275 267 274 283 271 276 273 256 272 281 279 262 246 244 256 258 257 260 263 264 272 271 276 271 261 263 269 271 275 277 274 282 278 278 276 266 259 262 258 256 254 251 248 249 244 246 242 235 229 226 -9999 -9999 -9999 -9999 -9999 -9999 -9999 -9999
-9999 -9999 -9999 -9999 -9999 -9999 -9999 -9999 408 421 442 463 480 502 493 492 478 463 442 378 384 345 300 278 283 269 268 295 284 268 279 286 260 253 267 274 280 279 276 271 261 251 257 277 271 274 268 245 238 250 254 258 268 259 259 262 263 272 271 267 266 266 266 268 264 268 271 267 265 262 257 262 259 257 256 257 255 249 242 240 238 233 227 226 221 -9999 -9999 -9999 -9999 -9999 -9999 -9999
-9999 -9999 -9999 -9999 -9999 -9999 -9999 404 410 433 460 475 486 506 514 514 499 469 434 403 406 351 325 338 304 297 294 289 294 304 292 258 252 244 242 266 271 275 284 274 272 262 243 249 256 257 259 252 239 245 254 260 259 262 256 254 260 267 272 270 270 266 265 267 265 262 254 253 261 263 261 259 262 259 257 262 261 256 253 247 237 232 227 224 -9999 -9999 -9999 -9999 -9999 -9999 -9999 -9999
-9999 -9999 -9999 -9999 -9999 -9999 -9999 -9999 410 425 450 486 518 543 552 536 523 499 469 448 414 388 348 344 350 352 343 330 316 291 272 282 265 261 262 258 267 265 269 266 258 262 258 242 236 239 247 251 241 241 245 254 254 254 251 254 261 261 266 267 267 271 266 260 263 263 259 252 252 254 256 257 260 258 254 262 259 252 249 241 234 230 226 222 220 -9999 -9999 -9999 -9999 -9999 -9999 -9999
-9999 -9999 -9999 -9999 -9999 -9999 -9999 -9999 404 422 435 463 525 541 544 552 532 509 464 434 415 399 382 379 368 347 334 306 299 296 277 265 250 251 262 279 274 266 262 267 262 252 257 249 237 229 227 232 242 248 243 247 248 246 251 256 251 257 263 264 262 263 263 261 260 263 266 262 256 255 256 260 256 251 247 247 251 251 245 238 233 229 225 221 219 -9999 -9999 -9999 -9999 -9999 -9999 -9999
-9999 -9999 -9999 -9999 -9999 -9999 -9999 -9999 407 414 437 463 482 531 554 558 537 506 466 435 405 373 382 370 384 359 338 322 289 268 263 260 264 262 248 272 276 278 263 255 260 252 254 257 256 257 251 240 252 258 255 242 240 247 256 256 255 254 248 256 263 263 260 259 258 256 256 261 259 257 254 256 251 244 243 250 247 243 237 232 229 227 225 221 218 215 211 209 206 -9999 197 -9999
-9999 -9999 -9999 -9999 -9999 -9999 -9999 -9999 -9999 411 427 454 496 533 546 560 533 498 468 430 407 407 363 357 346 340 321 309 299 285 274 271 268 274 284 265 265 266 273 273 254 257 244 259 267 263 251 247 252 247 254 249 242 248 248 251 250 243 243 245 253 257 255 257 256 256 256 254 257 258 266 258 249 245 243 241 239 241 238 233 230 227 223 221 218 215 212 208 204 200 196 193
-9999 -9999 -9999 -9999 -9999 -9999 -9999 -9999 -9999 404 418 437 469 496 523 526 508 489 485 440 448 425 398 385 367 344 330 317 308 303 296 288 280 265 266 271 273 257 249 248 248 246 252 260 261 258 248 246 247 245 245 248 240 246 243 247 238 236 234 242 239 243 247 252 253 260 257 258 258 256 255 255 250 248 247 240 237 237 233 232 226 224 223 220 217 215 212 208 204 199 195 191
-9999 -9999 -9999 -9999 -9999 -9999 -9999 -9999 -9999 -9999 397 412 436 467 477 483 495 496 493 437 446 435 413 387 367 348 332 325 317 304 300 289 272 283 254 258 250 240 240 242 235 233 257 258 254 251 245 243 243 247 249 250 240 240 237 242 238 233 227 234 235 232 236 242 246 244 251 255 257 259 255 249 246 240 241 240 236 231 230 226 224 223 221 218 216 213 210 208 202 198 193 188
-9999 -9999 -9999 -9999 -9999 -9999 -9999 -9999 -9999 -9999 381 394 441 445 455 485 492 490 464 433 434 413 419 386 364 348 355 330 306 301 296 286 265 257 262 265 243 244 238 232 252 241 241 237 238 244 242 243 245 244 245 240 235 230 228 230 232 229 222 224 229 224 232 237 236 239 240 243 245 245 251 251 245 241 235 233 231 228 226 223 221 220 220 216 213 210 208 205 201 196 191 186
-9999 -9999 -9999 -9999 -9999 -9999 -9999 -9999 -9999 -9999 364 375 398 406 421 451 458 469 455 443 410 417 405 374 345 321 317 315 280 289 296 282 273 263 241 257 254 241 235 227 237 226 228 224 227 235 240 237 238 240 239 239 233 226 221 220 226 224 218 215 215 219 224 225 226 230 232 232 233 239 233 236 232 230 229 228 227 225 221 219 216 215 212 211 209 207 206 203 199 194 189 182
-9999 -9999 -9999 -9999 -9999 -9999 -9999 -9999 -9999 -9999 350 353 368 402 421 436 458 446 432 422 399 403 394 373 348 360 315 278 282 275 272 267 275 255 238 230 247 242 233 235 226 219 220 223 218 224 229 231 234 234 235 231 230 229 221 212 211 208 209 207 206 206 209 213 216 217 224 226 227 225 224 220 221 221 220 220 218 216 214 212 211 209 207 206 205 203 203 200 197 192 186 179
-9999 -9999 -9999 -9999 -9999 -9999 -9999 -9999 -9999 -9999 319 336 353 368 400 412 412 424 428 423 430 418 408 377 349 358 313 286 270 261 258 254 252 251 231 229 249 247 243 225 216 208 204 206 207 213 221 224 228 231 227 223 223 223 220 216 208 203 201 199 198 198 199 201 206 209 211 215 217 220 213 211 212 212 212 212 212 211 209 208 206 205 203 202 199 198 197 197 194 188 180 174
-9999 -9999 -9999 -9999 -9999 -9999 -9999 -9999 -9999 291 -9999 318 333 352 365 380 398 422 425 432 431 416 402 378 349 339 321 299 279 295 266 267 253 250 233 224 220 217 220 211 206 199 195 196 199 203 209 218 225 227 223 219 216 214 213 207 200 199 194 191 190 191 192 193 195 202 202 206 208 204 201 203 203 204 205 206 208 207 208 207 205 204 201 198 195 193 191 191 187 182 176 171
-9999 -9999 -9999 -9999 -9999 -9999 -9999 -9999 -9999 -9999 -9999 308 312 330 348 370 402 419 426 429 426 403 404 387 361 328 331 312 291 287 276 272 263 243 231 225 218 210 207 203 196 190 187 182 190 195 202 211 218 224 222 216 214 209 208 202 194 190 189 186 185 186 186 187 189 192 195 196 195 195 196 199 200 202 202 203 202 204 203 202 201 199 197 193 190 186 182 182 178 176 170 164
-9999 -9999 -9999 -9999 -9999 -9999 -9999 -9999 -9999 -9999 -9999 -9999 -9999 316 335 365 386 413 432 434 418 400 394 384 365 336 316 318 306 291 277 261 264 247 231 223 214 207 200 195 191 -9999 -9999 -9999 -9999 191 197 204 214 217 217 212 209 205 200 193 188 185 182 181 180 180 181 181 185 188 193 193 194 193 196 197 198 198 197 197 198 198 197 196 195 195 192 187 182 178 173 170 168 165 166 -9999
-9999 -9999 -9999 -9999 -9999 -9999 -9999 -9999 -9999 -9999 -9999 -9999 305 313 339 375 399 411 420 418 400 399 393 383 357 340 318 320 303 290 278 266 257 243 227 218 210 -9999 -9999 -9999 -9999 -9999 -9999 -9999 -9999 -9999 191 196 206 208 209 206 204 203 193 188 185 182 179 177 176 176 177 179 181 185 187 190 188 187 192 192 190 190 191 192 196 196 194 192 191 189 186 182 176 170 165 161 -9999 -9999 -9999 -9999
-9999 -9999 -9999 -9999 -9999 -9999 -9999 -9999 -9999 -9999 -9999 -9999 -9999 316 341 363 370 394 401 400 386 382 376 374 345 331 311 316 304 288 280 267 249 234 225 216 -9999 -9999 -9999 -9999 -9999 -9999 -9999 -9999 -9999 -9999 -9999 190 195 199 200 199 198 193 189 186 184 180 177 172 175 175 176 175 178 181 182 181 181 183 185 185 184 186 186 185 186 185 185 186 184 184 182 -9999 -9999 -9999 -9999 -9999 -9999 -9999 -9999 -9999
-9999 -9999 -9999 -9999 -9999 -9999 -9999 -9999 -9999 -9999 -9999 -9999 -9999 -9999 325 336 354 367 382 377 376 365 364 349 329 321 313 305 300 297 284 259 244 233 -9999 -9999 -9999 -9999 -9999 -9999 -9999 -9999 -9999 -9999 -9999 -9999 -9999 182 187 189 193 195 191 188 187 186 185 182 176 172 174 177 185 176 177 180 177 176 178 179 180 180 179 180 181 182 184 184 182 181 179 177 -9999 -9999 -9999 -9999 -9999 -9999 -9999 -9999 -9999 -9999
