resultados/variables_proyeccion_tiempo/variables_paleo_130k/bio14.asc
ncols 330
nrows 228
xllcorner -12.000000
yllcorner 34.000000
cellsize 0.166667
NODATA_value -9999
[rows 147 to 195 of 228, columns 0 to 95 of 330]
-9999 -9999 -9999 -9999 -9999 -9999 -9999 -9999 -9999 -9999 -9999 -9999 -9999 -9999 -9999 -9999 -9999 -9999 -9999 -9999 -9999 -9999 -9999 -9999 -9999 -9999 -9999 -9999 -9999 -9999 -9999 -9999 -9999 -9999 -9999 -9999 -9999 -9999 -9999 -9999 -9999 -9999 -9999 -9999 -9999 -9999 -9999 -9999 -9999 -9999 -9999 -9999 43 42 40 38 37 36 35 35 35 35 35 35 34 33 32 31 31 32 33 35 37 37 37 38 38 38 39 39 39 38 38 38 38 39 41 42 41 39 39 39 38 38 39 42
-9999 -9999 -9999 -9999 -9999 -9999 -9999 -9999 -9999 -9999 -9999 -9999 -9999 -9999 -9999 -9999 -9999 -9999 -9999 -9999 -9999 -9999 -9999 -9999 -9999 -9999 -9999 -9999 -9999 -9999 -9999 -9999 -9999 -9999 -9999 -9999 -9999 -9999 -9999 -9999 -9999 -9999 -9999 -9999 -9999 -9999 -9999 -9999 -9999 -9999 -9999 -9999 43 43 -9999 -9999 38 38 37 37 36 37 36 35 35 35 35 34 34 34 35 35 36 36 37 38 38 38 40 40 40 39 39 39 40 41 43 44 42 40 40 42 41 40 41 47
-9999 -9999 -9999 -9999 -9999 -9999 -9999 -9999 -9999 -9999 -9999 -9999 -9999 -9999 -9999 -9999 -9999 -9999 -9999 -9999 -9999 -9999 -9999 -9999 -9999 -9999 -9999 -9999 -9999 -9999 -9999 -9999 -9999 -9999 -9999 -9999 -9999 -9999 -9999 -9999 -9999 -9999 -9999 -9999 -9999 -9999 -9999 -9999 -9999 -9999 -9999 -9999 -9999 -9999 -9999 -9999 -9999 -9999 39 38 38 37 36 36 36 36 36 37 37 36 35 36 36 36 37 37 38 40 40 41 42 42 41 41 40 41 43 43 43 42 42 43 44 42 43 47
-9999 -9999 -9999 -9999 -9999 -9999 -9999 -9999 -9999 -9999 -9999 -9999 -9999 -9999 -9999 -9999 -9999 -9999 -9999 -9999 -9999 -9999 -9999 -9999 -9999 -9999 -9999 -9999 -9999 -9999 -9999 -9999 -9999 -9999 -9999 -9999 -9999 -9999 -9999 -9999 -9999 -9999 -9999 -9999 -9999 -9999 -9999 -9999 -9999 -9999 -9999 -9999 -9999 -9999 -9999 -9999 -9999 -9999 40 40 39 39 38 37 37 37 39 39 39 38 37 37 36 37 38 38 39 41 41 42 43 43 44 42 41 43 44 43 44 43 43 42 43 42 42 46
-9999 -9999 -9999 -9999 -9999 -9999 -9999 -9999 -9999 -9999 -9999 -9999 -9999 -9999 -9999 -9999 -9999 -9999 -9999 -9999 -9999 -9999 -9999 -9999 -9999 -9999 -9999 -9999 -9999 -9999 -9999 -9999 -9999 -9999 -9999 -9999 -9999 -9999 -9999 -9999 -9999 -9999 -9999 -9999 -9999 -9999 -9999 -9999 -9999 -9999 -9999 -9999 -9999 -9999 -9999 -9999 -9999 43 42 40 40 40 39 38 38 38 38 40 41 41 39 39 37 37 38 39 41 41 42 43 44 44 45 45 45 44 44 44 44 43 42 42 41 40 40 42
-9999 -9999 -9999 -9999 -9999 -9999 -9999 -9999 -9999 -9999 -9999 -9999 -9999 -9999 -9999 -9999 -9999 -9999 -9999 -9999 -9999 -9999 -9999 -9999 -9999 -9999 -9999 -9999 -9999 -9999 -9999 -9999 -9999 -9999 -9999 -9999 -9999 -9999 -9999 -9999 -9999 -9999 -9999 -9999 -9999 -9999 -9999 -9999 -9999 -9999 -9999 -9999 -9999 -9999 -9999 -9999 -9999 -9999 -9999 -9999 41 41 40 39 38 38 38 39 41 42 42 41 40 39 39 40 42 42 44 45 46 48 49 49 49 48 46 43 43 42 41 40 39 39 39 40
-9999 -9999 -9999 -9999 -9999 -9999 -9999 -9999 -9999 -9999 -9999 -9999 -9999 -9999 -9999 -9999 -9999 -9999 -9999 -9999 -9999 -9999 -9999 -9999 -9999 -9999 -9999 -9999 -9999 -9999 -9999 -9999 -9999 -9999 -9999 -9999 -9999 -9999 -9999 -9999 -9999 -9999 -9999 -9999 -9999 -9999 -9999 -9999 -9999 -9999 -9999 -9999 -9999 -9999 -9999 -9999 -9999 -9999 -9999 -9999 -9999 40 40 38 37 37 37 37 39 40 42 42 41 40 41 42 43 45 47 48 51 53 53 54 53 51 47 42 41 40 41 39 38 38 38 37
-9999 -9999 -9999 -9999 -9999 -9999 -9999 -9999 -9999 -9999 -9999 -9999 -9999 -9999 -9999 -9999 -9999 -9999 -9999 -9999 -9999 -9999 -9999 -9999 -9999 -9999 -9999 -9999 -9999 -9999 -9999 -9999 -9999 -9999 -9999 -9999 -9999 -9999 -9999 -9999 -9999 -9999 -9999 -9999 -9999 -9999 -9999 -9999 -9999 -9999 -9999 -9999 -9999 -9999 -9999 -9999 -9999 -9999 -9999 -9999 -9999 -9999 39 39 37 37 37 38 39 40 42 44 43 43 44 45 46 49 51 53 56 57 58 57 55 51 47 43 41 39 37 36 36 36 37 35
-9999 -9999 -9999 -9999 -9999 -9999 -9999 -9999 -9999 -9999 -9999 -9999 -9999 -9999 -9999 -9999 -9999 -9999 -9999 -9999 -9999 -9999 -9999 -9999 -9999 -9999 -9999 -9999 -9999 -9999 -9999 -9999 -9999 -9999 -9999 -9999 -9999 -9999 -9999 -9999 -9999 -9999 -9999 -9999 -9999 -9999 -9999 -9999 -9999 -9999 -9999 -9999 -9999 -9999 -9999 -9999 -9999 -9999 -9999 -9999 -9999 -9999 -9999 38 38 37 38 39 40 41 43 44 45 45 46 47 49 52 54 57 60 61 62 62 56 51 48 43 42 37 33 33 34 36 40 36
-9999 -9999 -9999 -9999 -9999 -9999 -9999 -9999 -9999 -9999 -9999 -9999 -9999 -9999 -9999 -9999 -9999 -9999 -9999 -9999 -9999 -9999 -9999 -9999 -9999 -9999 -9999 -9999 -9999 -9999 -9999 -9999 -9999 -9999 -9999 -9999 -9999 -9999 -9999 -9999 -9999 -9999 -9999 -9999 -9999 -9999 -9999 -9999 -9999 -9999 -9999 -9999 -9999 -9999 -9999 -9999 -9999 -9999 -9999 -9999 -9999 -9999 -9999 39 39 38 39 40 40 41 43 44 45 46 48 50 52 54 57 61 62 63 64 64 59 53 50 45 40 39 29 27 29 34 39 37
-9999 -9999 -9999 -9999 -9999 -9999 -9999 -9999 -9999 -9999 -9999 -9999 -9999 -9999 -9999 -9999 -9999 -9999 -9999 -9999 -9999 -9999 -9999 -9999 -9999 -9999 -9999 -9999 -9999 -9999 -9999 -9999 -9999 -9999 -9999 -9999 -9999 -9999 -9999 -9999 -9999 -9999 -9999 -9999 -9999 -9999 -9999 -9999 -9999 -9999 -9999 -9999 -9999 -9999 -9999 -9999 -9999 -9999 -9999 -9999 -9999 -9999 -9999 -9999 40 40 40 41 42 42 42 45 46 47 49 53 55 58 60 62 63 62 64 66 62 56 50 45 44 41 29 25 27 29 41 36
-9999 -9999 -9999 -9999 -9999 -9999 -9999 -9999 -9999 -9999 -9999 -9999 -9999 -9999 -9999 -9999 -9999 -9999 -9999 -9999 -9999 -9999 -9999 -9999 -9999 -9999 -9999 -9999 -9999 -9999 -9999 -9999 -9999 -9999 -9999 -9999 -9999 -9999 -9999 -9999 -9999 -9999 -9999 -9999 -9999 -9999 -9999 -9999 -9999 -9999 -9999 -9999 -9999 -9999 -9999 -9999 -9999 -9999 -9999 -9999 -9999 -9999 -9999 -9999 -9999 41 41 42 42 43 44 45 46 48 50 52 56 59 61 62 62 63 63 66 62 54 49 45 51 46 30 25 28 34 36 46
-9999 -9999 -9999 -9999 -9999 -9999 -9999 -9999 -9999 -9999 -9999 -9999 -9999 -9999 -9999 -9999 -9999 -9999 -9999 -9999 -9999 -9999 -9999 -9999 -9999 -9999 -9999 -9999 -9999 -9999 -9999 -9999 -9999 -9999 -9999 -9999 -9999 -9999 -9999 -9999 -9999 -9999 -9999 -9999 -9999 -9999 -9999 -9999 -9999 -9999 -9999 -9999 -9999 -9999 -9999 -9999 -9999 -9999 -9999 -9999 -9999 -9999 -9999 -9999 -9999 43 43 43 43 44 45 46 47 48 49 51 52 54 57 59 59 59 60 62 58 52 46 43 46 48 38 26 28 35 31 38
-9999 -9999 -9999 -9999 -9999 -9999 -9999 -9999 -9999 -9999 -9999 -9999 -9999 -9999 -9999 -9999 -9999 -9999 -9999 -9999 -9999 -9999 -9999 -9999 -9999 -9999 -9999 -9999 -9999 -9999 -9999 -9999 -9999 -9999 -9999 -9999 -9999 -9999 -9999 -9999 -9999 -9999 -9999 -9999 -9999 -9999 -9999 -9999 -9999 -9999 -9999 -9999 -9999 -9999 -9999 -9999 -9999 -9999 -9999 -9999 -9999 -9999 -9999 -9999 45 44 43 43 44 45 45 46 46 47 49 50 51 51 53 54 52 55 56 58 55 50 48 49 48 48 38 31 27 31 35 32
-9999 -9999 -9999 -9999 -9999 -9999 -9999 -9999 -9999 -9999 -9999 -9999 -9999 -9999 -9999 -9999 -9999 -9999 -9999 -9999 -9999 -9999 -9999 -9999 -9999 -9999 -9999 -9999 -9999 -9999 -9999 -9999 -9999 -9999 -9999 -9999 -9999 -9999 -9999 -9999 -9999 -9999 -9999 -9999 -9999 -9999 -9999 -9999 -9999 -9999 -9999 -9999 -9999 -9999 -9999 -9999 -9999 -9999 -9999 -9999 -9999 -9999 -9999 -9999 46 46 45 44 44 44 45 45 46 46 48 49 51 52 51 51 51 51 53 52 54 51 49 53 55 45 39 39 33 31 33 30
-9999 -9999 -9999 -9999 -9999 -9999 -9999 -9999 -9999 -9999 -9999 -9999 -9999 -9999 -9999 -9999 -9999 -9999 -9999 -9999 -9999 -9999 -9999 -9999 -9999 -9999 -9999 -9999 -9999 -9999 -9999 -9999 -9999 -9999 -9999 -9999 -9999 -9999 -9999 -9999 -9999 -9999 -9999 -9999 -9999 -9999 -9999 -9999 -9999 -9999 -9999 -9999 -9999 -9999 -9999 -9999 -9999 -9999 -9999 -9999 -9999 -9999 -9999 -9999 47 46 46 46 44 44 44 45 45 46 46 47 49 48 48 49 49 48 48 49 55 52 49 47 47 43 39 39 44 38 39 38
-9999 -9999 -9999 -9999 -9999 -9999 -9999 -9999 -9999 -9999 -9999 -9999 -9999 -9999 -9999 -9999 -9999 -9999 -9999 -9999 -9999 -9999 -9999 -9999 -9999 -9999 -9999 -9999 -9999 -9999 -9999 -9999 -9999 -9999 -9999 -9999 -9999 -9999 -9999 -9999 -9999 -9999 -9999 -9999 -9999 -9999 -9999 -9999 -9999 -9999 -9999 -9999 -9999 -9999 -9999 -9999 -9999 -9999 -9999 -9999 -9999 -9999 -9999 -9999 48 47 47 46 45 45 46 45 45 46 46 46 47 48 48 47 48 48 49 50 51 49 49 45 45 49 47 44 44 49 43 47
-9999 -9999 -9999 -9999 -9999 -9999 -9999 -9999 -9999 -9999 -9999 -9999 -9999 -9999 -9999 -9999 -9999 -9999 -9999 -9999 -9999 -9999 -9999 -9999 -9999 -9999 -9999 -9999 -9999 -9999 -9999 -9999 -9999 -9999 -9999 -9999 -9999 -9999 -9999 -9999 -9999 -9999 -9999 -9999 -9999 -9999 -9999 -9999 -9999 -9999 -9999 -9999 -9999 -9999 -9999 -9999 -9999 -9999 -9999 -9999 -9999 -9999 -9999 -9999 50 49 47 47 46 45 45 44 45 45 45 45 45 47 47 47 47 48 46 44 43 43 44 45 44 47 51 44 44 49 52 49
-9999 -9999 -9999 -9999 -9999 -9999 -9999 -9999 -9999 -9999 -9999 -9999 -9999 -9999 -9999 -9999 -9999 -9999 -9999 -9999 -9999 -9999 -9999 -9999 -9999 -9999 -9999 -9999 -9999 -9999 -9999 -9999 -9999 -9999 -9999 -9999 -9999 -9999 -9999 -9999 -9999 -9999 -9999 -9999 -9999 -9999 -9999 -9999 -9999 -9999 -9999 -9999 -9999 -9999 -9999 -9999 -9999 -9999 -9999 -9999 -9999 -9999 -9999 -9999 51 50 49 47 47 46 46 45 44 43 44 44 44 44 45 45 44 44 43 43 44 45 44 44 45 43 43 43 44 48 55 49
-9999 -9999 -9999 -9999 -9999 -9999 -9999 -9999 -9999 -9999 -9999 -9999 -9999 -9999 -9999 -9999 -9999 -9999 -9999 -9999 -9999 -9999 -9999 -9999 -9999 -9999 -9999 -9999 -9999 -9999 -9999 -9999 -9999 -9999 -9999 -9999 -9999 -9999 -9999 -9999 -9999 -9999 -9999 -9999 -9999 -9999 -9999 -9999 -9999 -9999 -9999 -9999 -9999 -9999 -9999 -9999 -9999 -9999 -9999 -9999 -9999 -9999 -9999 -9999 52 51 49 48 47 46 46 46 45 44 43 43 43 43 43 42 42 41 42 42 43 44 45 45 48 48 44 45 49 48 46 40
-9999 -9999 -9999 -9999 -9999 -9999 -9999 -9999 -9999 -9999 -9999 -9999 -9999 -9999 -9999 -9999 -9999 -9999 -9999 -9999 -9999 -9999 -9999 -9999 -9999 -9999 -9999 -9999 -9999 -9999 -9999 -9999 -9999 -9999 -9999 -9999 -9999 -9999 -9999 -9999 -9999 -9999 -9999 -9999 -9999 -9999 -9999 -9999 -9999 -9999 -9999 -9999 -9999 -9999 -9999 -9999 -9999 -9999 -9999 -9999 -9999 -9999 -9999 54 53 52 50 48 46 45 44 44 44 43 43 42 41 40 39 39 38 37 40 38 38 38 39 41 42 40 40 42 47 48 38 33
-9999 -9999 -9999 -9999 -9999 -9999 -9999 -9999 -9999 -9999 -9999 -9999 -9999 -9999 -9999 -9999 -9999 -9999 -9999 -9999 -9999 -9999 -9999 -9999 -9999 -9999 -9999 -9999 -9999 -9999 -9999 -9999 -9999 -9999 -9999 -9999 -9999 -9999 -9999 -9999 -9999 -9999 -9999 -9999 -9999 -9999 -9999 -9999 -9999 -9999 -9999 -9999 -9999 -9999 -9999 -9999 -9999 -9999 -9999 -9999 -9999 -9999 -9999 55 53 52 49 46 45 44 43 43 43 42 41 41 41 41 40 37 36 37 36 34 33 34 36 37 33 35 38 40 39 34 30 28
-9999 -9999 -9999 -9999 -9999 -9999 -9999 -9999 -9999 -9999 -9999 -9999 -9999 -9999 -9999 -9999 -9999 -9999 -9999 -9999 -9999 -9999 -9999 29 30 30 29 28 -9999 -9999 -9999 -9999 -9999 -9999 -9999 -9999 -9999 -9999 -9999 -9999 -9999 -9999 -9999 -9999 -9999 -9999 -9999 -9999 -9999 -9999 -9999 -9999 -9999 -9999 -9999 -9999 -9999 -9999 -9999 -9999 -9999 -9999 -9999 55 53 49 46 44 43 42 42 41 42 41 41 40 40 39 40 37 36 35 33 33 32 33 37 41 41 39 35 32 30 28 26 25
-9999 -9999 -9999 -9999 -9999 -9999 -9999 -9999 -9999 -9999 -9999 -9999 -9999 -9999 -9999 -9999 -9999 -9999 -9999 -9999 -9999 -9999 27 28 30 34 33 30 28 28 29 30 32 34 37 38 38 38 38 38 37 -9999 -9999 -9999 -9999 -9999 -9999 -9999 -9999 -9999 40 -9999 -9999 -9999 -9999 -9999 -9999 -9999 -9999 -9999 -9999 -9999 59 57 52 48 45 43 42 41 41 40 39 41 40 40 40 39 38 37 35 34 34 32 29 28 35 42 41 36 27 25 22 23 22 21
-9999 -9999 -9999 -9999 -9999 -9999 -9999 -9999 -9999 -9999 -9999 -9999 -9999 -9999 -9999 -9999 -9999 -9999 25 23 -9999 25 26 30 32 34 36 32 29 29 34 33 35 37 38 37 40 40 41 39 38 37 37 38 35 34 35 36 37 38 39 39 40 39 42 45 46 46 -9999 -9999 57 56 59 56 51 46 44 42 40 40 41 40 38 39 39 40 40 39 40 37 35 34 32 31 34 40 38 34 29 24 20 19 19 19 19 20
-9999 -9999 -9999 -9999 -9999 -9999 -9999 -9999 -9999 -9999 -9999 -9999 -9999 -9999 -9999 -9999 22 22 24 25 28 28 27 31 33 31 30 29 29 32 31 35 34 35 37 39 40 39 40 40 41 41 47 45 39 37 36 36 37 40 42 39 40 39 39 41 45 47 50 52 54 57 56 55 50 46 42 40 39 38 38 41 39 40 41 42 41 41 39 38 37 35 33 31 26 23 21 19 18 17 16 17 17 17 -9999 -9999
-9999 -9999 -9999 -9999 -9999 -9999 -9999 -9999 -9999 -9999 -9999 -9999 -9999 -9999 -9999 -9999 21 24 27 30 31 31 32 32 32 29 28 28 29 29 29 34 33 40 42 43 41 40 42 45 45 44 48 47 40 45 41 38 38 40 42 40 38 37 38 42 42 44 46 48 51 52 52 52 51 52 45 44 46 47 46 44 46 45 46 45 43 42 42 42 40 39 36 34 31 26 29 23 19 17 15 -9999 -9999 -9999 -9999 -9999
-9999 -9999 -9999 -9999 -9999 -9999 -9999 -9999 -9999 -9999 -9999 -9999 -9999 -9999 -9999 -9999 19 25 27 28 29 31 31 30 30 28 26 24 27 25 29 35 36 38 40 42 40 40 39 40 39 40 41 45 42 40 38 36 36 35 35 34 37 37 37 37 37 41 43 45 46 44 46 47 49 50 53 62 56 64 68 59 72 69 61 58 60 62 56 52 58 49 51 44 42 34 37 31 23 18 14 -9999 -9999 -9999 -9999 -9999
-9999 -9999 -9999 -9999 -9999 -9999 -9999 -9999 -9999 -9999 -9999 -9999 -9999 -9999 -9999 -9999 -9999 22 25 27 27 29 30 30 29 26 25 24 27 28 30 27 25 31 34 33 31 31 30 31 31 32 33 33 33 32 31 32 32 32 33 31 32 32 30 32 34 36 38 38 38 37 38 38 38 40 42 49 59 69 73 76 77 73 75 70 68 77 76 70 72 65 63 64 58 52 41 26 18 13 13 -9999 -9999 -9999 -9999 -9999
-9999 -9999 -9999 -9999 -9999 -9999 -9999 -9999 -9999 -9999 -9999 -9999 -9999 -9999 -9999 -9999 -9999 20 23 25 28 32 31 29 28 23 22 20 24 27 23 17 17 22 26 25 24 24 24 24 26 26 28 27 27 27 27 28 29 29 28 27 27 28 25 27 28 28 27 28 28 29 33 32 30 33 32 34 38 43 50 54 57 62 70 75 76 80 72 67 78 75 77 76 67 59 47 39 23 16 15 -9999 -9999 -9999 -9999 -9999
-9999 -9999 -9999 -9999 -9999 -9999 -9999 -9999 -9999 -9999 -9999 -9999 -9999 -9999 -9999 -9999 -9999 19 21 25 27 30 28 23 21 21 21 20 19 20 19 21 26 30 23 20 19 20 20 21 22 22 23 22 22 23 22 23 25 24 25 27 26 27 25 22 23 20 19 21 22 23 23 24 27 29 32 28 30 31 38 41 34 41 50 58 58 66 61 65 56 66 65 58 68 69 59 46 35 26 21 14 -9999 -9999 -9999 -9999
-9999 -9999 -9999 -9999 -9999 -9999 -9999 -9999 -9999 -9999 -9999 -9999 -9999 -9999 -9999 -9999 -9999 -9999 20 23 24 26 25 19 18 19 22 26 25 20 27 32 27 26 21 17 16 16 17 18 18 19 19 19 19 19 20 20 21 22 23 28 33 34 33 28 29 29 26 20 18 18 19 19 19 20 21 19 21 26 31 32 30 30 35 43 46 46 53 52 48 62 60 54 52 50 45 42 33 21 16 17 -9999 -9999 -9999 -9999
-9999 -9999 -9999 -9999 -9999 -9999 -9999 -9999 -9999 -9999 -9999 -9999 -9999 -9999 -9999 -9999 -9999 -9999 20 20 18 19 22 25 21 19 19 21 21 21 27 25 19 18 15 14 14 14 14 15 15 16 16 16 15 17 18 18 18 20 21 23 26 31 33 35 34 33 30 24 18 16 15 16 15 15 15 13 13 12 14 16 19 23 31 34 39 37 42 39 41 43 44 34 37 39 45 42 33 23 17 14 -9999 -9999 -9999 -9999
-9999 -9999 -9999 -9999 -9999 -9999 -9999 -9999 -9999 -9999 -9999 -9999 -9999 -9999 -9999 -9999 -9999 -9999 16 15 20 19 22 20 22 22 17 13 15 16 17 17 15 15 14 13 12 11 12 12 13 14 15 15 14 15 16 18 18 19 20 22 22 24 28 29 28 27 29 24 21 17 14 11 11 13 14 11 12 11 11 13 14 17 22 25 29 29 28 29 34 32 30 30 34 37 43 41 28 26 17 14 -9999 -9999 -9999 -9999
-9999 -9999 -9999 -9999 -9999 -9999 -9999 -9999 -9999 -9999 -9999 -9999 -9999 -9999 -9999 -9999 -9999 -9999 12 14 14 14 17 20 20 19 14 12 12 12 15 13 12 12 12 11 10 9 10 11 12 13 14 14 14 14 15 16 15 16 17 18 19 21 22 23 23 22 23 24 28 26 17 12 9 8 9 9 11 12 10 11 11 13 14 17 17 18 20 24 29 32 29 30 36 39 40 31 24 23 17 -9999 -9999 -9999 -9999 -9999
-9999 -9999 -9999 -9999 -9999 -9999 -9999 -9999 -9999 -9999 -9999 -9999 -9999 -9999 -9999 -9999 -9999 -9999 -9999 11 11 11 12 15 15 13 12 12 8 9 12 11 10 10 10 9 8 8 8 10 11 12 13 12 13 13 14 15 16 15 16 17 17 17 19 19 20 20 21 22 22 21 15 12 10 10 9 8 8 9 11 11 11 10 11 12 13 15 18 24 27 24 25 25 27 25 27 27 22 -9999 -9999 -9999 -9999 -9999 -9999 -9999
-9999 -9999 -9999 -9999 -9999 -9999 -9999 -9999 -9999 -9999 -9999 -9999 -9999 -9999 -9999 -9999 -9999 -9999 -9999 10 10 10 11 12 10 15 12 9 8 9 10 9 9 9 9 8 8 8 9 9 10 11 11 12 13 13 14 14 16 18 17 17 18 19 18 19 19 19 18 18 18 16 15 14 11 12 13 10 8 8 10 10 9 10 9 12 15 18 19 18 22 21 19 21 20 20 20 -9999 -9999 -9999 -9999 -9999 -9999 -9999 -9999 -9999
-9999 -9999 -9999 -9999 -9999 -9999 -9999 -9999 -9999 -9999 -9999 -9999 -9999 -9999 -9999 -9999 -9999 -9999 -9999 10 10 11 10 10 13 8 8 8 9 7 7 9 8 8 8 9 10 10 11 11 11 10 11 11 12 13 13 14 15 16 18 23 23 23 19 18 20 20 17 16 16 16 16 19 18 17 14 11 9 8 8 7 8 9 9 8 13 17 17 11 14 16 17 19 17 -9999 -9999 -9999 -9999 -9999 -9999 -9999 -9999 -9999 -9999 -9999
-9999 -9999 -9999 -9999 -9999 -9999 -9999 -9999 -9999 -9999 -9999 -9999 -9999 -9999 -9999 -9999 -9999 -9999 -9999 10 10 9 9 11 11 9 8 8 7 6 7 7 8 8 9 9 9 9 11 12 11 12 11 11 12 13 14 15 17 20 21 22 19 18 17 17 19 20 22 22 22 21 21 19 21 23 18 16 13 11 10 9 9 9 10 7 9 11 9 10 11 -9999 -9999 -9999 -9999 -9999 -9999 -9999 -9999 -9999 -9999 -9999 -9999 -9999 -9999 -9999
-9999 -9999 -9999 -9999 -9999 -9999 -9999 -9999 -9999 -9999 -9999 -9999 -9999 -9999 -9999 -9999 -9999 -9999 -9999 8 9 10 12 11 12 11 9 10 8 7 7 7 8 8 9 9 9 10 11 12 12 12 12 11 12 13 13 16 23 19 14 14 14 13 14 16 18 19 20 22 22 22 22 21 21 25 22 18 17 16 13 14 13 13 10 9 9 9 -9999 -9999 -9999 -9999 -9999 -9999 -9999 -9999 -9999 -9999 -9999 -9999 -9999 -9999 -9999 -9999 -9999 -9999
-9999 -9999 -9999 -9999 -9999 -9999 -9999 -9999 -9999 -9999 -9999 -9999 -9999 -9999 -9999 -9999 -9999 -9999 -9999 7 7 10 10 9 8 8 8 8 7 7 7 7 7 8 8 9 10 11 11 11 12 13 13 13 12 14 16 19 19 14 10 10 11 12 14 14 14 17 20 22 23 24 25 21 25 26 26 25 24 20 16 17 19 19 9 7 7 7 -9999 -9999 -9999 -9999 -9999 -9999 -9999 -9999 -9999 -9999 -9999 -9999 -9999 -9999 -9999 -9999 -9999 -9999
-9999 -9999 -9999 -9999 -9999 -9999 -9999 -9999 -9999 -9999 -9999 -9999 -9999 -9999 -9999 -9999 -9999 -9999 -9999 6 7 8 10 8 7 6 7 8 8 8 8 7 7 8 10 10 9 10 11 12 14 16 14 14 14 14 15 12 11 10 8 8 9 11 13 13 14 16 18 23 26 29 28 24 22 24 27 28 29 27 20 20 17 11 8 8 6 -9999 -9999 -9999 -9999 -9999 -9999 -9999 -9999 -9999 -9999 -9999 -9999 -9999 -9999 -9999 -9999 -9999 -9999 -9999
-9999 -9999 -9999 -9999 -9999 -9999 -9999 -9999 -9999 -9999 -9999 -9999 -9999 -9999 -9999 -9999 -9999 -9999 6 6 7 7 7 6 6 7 14 9 7 7 8 7 8 9 8 7 8 11 12 13 17 17 16 13 12 9 9 8 8 8 7 7 10 10 11 10 12 13 16 21 26 30 28 25 22 22 28 30 35 30 22 19 13 10 7 -9999 -9999 -9999 -9999 -9999 -9999 -9999 -9999 -9999 -9999 -9999 -9999 -9999 -9999 -9999 -9999 -9999 -9999 -9999 -9999 -9999
-9999 -9999 -9999 -9999 -9999 -9999 -9999 -9999 -9999 -9999 -9999 -9999 -9999 -9999 -9999 -9999 -9999 -9999 6 6 6 6 6 6 7 8 10 6 6 7 7 7 7 6 5 4 8 14 16 15 17 11 10 7 8 8 7 7 7 7 7 7 8 9 9 10 12 13 16 19 24 27 27 26 22 22 24 23 27 24 18 13 10 8 7 -9999 -9999 -9999 -9999 -9999 -9999 -9999 -9999 -9999 -9999 -9999 -9999 -9999 -9999 -9999 -9999 -9999 -9999 -9999 -9999 -9999
-9999 -9999 -9999 -9999 -9999 -9999 -9999 -9999 -9999 -9999 -9999 -9999 -9999 -9999 -9999 -9999 -9999 -9999 4 5 5 6 7 8 7 7 7 5 4 4 3 4 3 4 3 4 6 6 5 4 4 4 5 6 5 6 7 7 7 6 6 7 7 8 10 11 13 14 15 17 21 22 22 23 18 28 26 20 18 16 13 10 9 6 -9999 -9999 -9999 -9999 -9999 -9999 -9999 -9999 -9999 -9999 -9999 -9999 -9999 -9999 -9999 -9999 -9999 -9999 -9999 -9999 5 6
-9999 -9999 -9999 -9999 -9999 -9999 -9999 -9999 -9999 -9999 -9999 -9999 -9999 -9999 -9999 -9999 -9999 -9999 3 4 5 5 6 6 7 6 4 4 3 3 3 3 3 3 3 3 2 2 3 3 3 4 4 4 4 5 5 6 6 6 6 7 7 8 9 10 11 13 13 16 17 17 20 19 18 19 24 21 15 14 10 8 7 -9999 -9999 -9999 -9999 -9999 -9999 -9999 -9999 -9999 -9999 -9999 -9999 -9999 -9999 -9999 6 8 5 5 -9999 -9999 5 6
-9999 -9999 -9999 -9999 -9999 -9999 -9999 -9999 -9999 -9999 -9999 -9999 -9999 -9999 -9999 -9999 -9999 2 2 3 4 4 4 4 5 4 4 3 3 3 2 3 3 2 3 2 3 3 3 3 3 4 4 5 5 5 6 6 6 6 6 6 6 7 8 9 10 11 12 14 15 15 15 17 17 14 14 13 12 10 7 7 -9999 -9999 -9999 -9999 -9999 -9999 -9999 -9999 -9999 -9999 -9999 -9999 -9999 -9999 4 7 8 6 4 5 5 -9999 -9999 -9999
-9999 -9999 -9999 -9999 -9999 -9999 -9999 -9999 -9999 -9999 -9999 -9999 -9999 -9999 -9999 -9999 -9999 1 2 4 3 2 3 3 4 3 3 3 3 2 2 3 3 2 2 2 2 3 4 5 5 4 5 6 7 7 6 7 6 6 6 5 5 6 7 7 9 10 10 11 13 14 12 14 14 15 13 9 8 7 6 -9999 -9999 -9999 -9999 -9999 -9999 -9999 -9999 -9999 -9999 -9999 -9999 -9999 -9999 3 5 4 3 5 4 4 4 -9999 -9999 -9999
-9999 -9999 -9999 -9999 -9999 -9999 -9999 -9999 -9999 -9999 -9999 -9999 -9999 -9999 -9999 0 0 0 1 1 1 1 2 2 3 3 3 4 3 3 2 3 2 2 2 2 2 3 4 5 3 3 3 4 4 5 5 6 6 5 5 5 4 5 5 6 7 8 9 9 10 11 10 9 10 11 12 9 7 6 5 -9999 -9999 -9999 -9999 -9999 -9999 -9999 -9999 -9999 -9999 -9999 -9999 -9999 -9999 -9999 3 3 3 4 3 3 -9999 -9999 -9999 -9999
