resultados/variables_proyeccion_tiempo/variables_paleo_130k/bio14.asc
ncols 330
nrows 228
xllcorner -12.000000
yllcorner 34.000000
cellsize 0.166667
NODATA_value -9999
[rows 49 to 97 of 228, columns 96 to 191 of 330]
-9999 -9999 -9999 -9999 -9999 -9999 -9999 -9999 -9999 -9999 -9999 -9999 -9999 -9999 -9999 -9999 -9999 -9999 -9999 -9999 -9999 -9999 -9999 -9999 -9999 45 45 46 46 45 45 -9999 43 41 41 41 41 42 42 41 42 42 39 39 40 40 41 42 43 43 42 43 44 39 38 38 36 34 33 33 31 28 26 24 23 22 22 22 22 22 22 22 22 23 23 23 22 22 23 25 26 26 26 27 27 27 27 27 26 25 25 25 24 24 24 23
-9999 -9999 -9999 -9999 -9999 -9999 -9999 -9999 -9999 -9999 -9999 -9999 -9999 -9999 -9999 -9999 -9999 -9999 -9999 -9999 -9999 -9999 -9999 -9999 -9999 45 46 46 47 46 45 44 43 42 41 40 39 39 40 38 37 38 38 38 39 41 42 41 43 42 41 40 39 37 36 36 34 32 30 28 28 26 24 23 22 23 24 23 22 23 23 23 23 23 23 23 22 23 23 24 25 26 26 26 26 26 26 26 26 26 24 24 22 22 23 22
-9999 -9999 -9999 -9999 -9999 -9999 -9999 -9999 -9999 -9999 -9999 -9999 -9999 -9999 -9999 -9999 -9999 -9999 -9999 -9999 -9999 -9999 44 44 44 44 46 46 46 46 46 44 44 42 41 38 35 36 34 34 35 35 36 36 37 39 36 38 41 40 39 37 36 38 38 33 33 31 29 27 24 22 20 20 21 21 22 22 22 22 23 24 24 24 23 23 23 23 24 26 26 27 27 26 26 25 25 26 25 24 23 22 22 22 22 22
-9999 -9999 -9999 -9999 -9999 -9999 -9999 -9999 -9999 -9999 -9999 -9999 -9999 -9999 -9999 -9999 -9999 -9999 -9999 -9999 -9999 -9999 -9999 41 43 43 44 46 48 48 47 47 46 42 39 38 36 34 34 34 34 33 33 34 37 38 37 38 38 39 37 37 37 37 35 33 31 29 26 24 21 19 17 18 20 20 20 21 21 22 22 22 23 23 24 24 23 24 24 25 26 26 27 28 27 26 24 24 23 23 22 22 -9999 -9999 -9999 -9999
-9999 -9999 -9999 -9999 -9999 -9999 -9999 -9999 -9999 -9999 -9999 -9999 -9999 -9999 -9999 -9999 -9999 -9999 47 44 42 41 40 39 40 42 44 45 47 47 46 45 43 41 39 38 36 33 34 34 33 32 32 31 31 32 33 34 36 38 37 39 37 34 34 34 31 29 29 24 20 17 15 17 18 19 20 20 21 22 22 22 22 23 23 24 25 25 26 26 26 26 25 27 27 26 25 23 22 23 -9999 -9999 -9999 -9999 -9999 -9999
-9999 -9999 -9999 -9999 -9999 -9999 -9999 -9999 -9999 -9999 -9999 -9999 -9999 -9999 -9999 -9999 54 51 49 47 44 42 40 38 38 39 40 42 44 46 46 46 44 42 38 39 36 34 33 31 29 28 26 26 28 30 29 29 33 33 34 33 33 33 31 29 28 27 27 24 21 18 16 17 18 19 19 20 20 21 22 23 23 23 25 24 26 27 28 29 29 28 26 26 26 25 24 23 -9999 -9999 -9999 -9999 -9999 -9999 -9999 -9999
-9999 -9999 -9999 -9999 -9999 -9999 -9999 -9999 -9999 -9999 -9999 -9999 -9999 67 62 59 58 54 49 45 42 39 37 36 36 40 39 43 44 46 46 48 46 45 42 37 35 36 33 30 28 25 23 22 22 24 24 25 27 29 28 28 28 27 26 25 25 23 21 20 19 18 16 17 17 18 19 19 20 21 21 22 23 23 24 25 25 27 28 29 28 28 28 26 26 25 -9999 -9999 -9999 -9999 -9999 -9999 -9999 -9999 -9999 -9999
-9999 -9999 -9999 -9999 -9999 -9999 -9999 -9999 -9999 -9999 -9999 -9999 68 67 66 62 60 56 50 48 40 38 37 39 40 45 44 47 47 45 45 45 45 41 43 40 36 32 29 27 24 20 17 17 17 18 19 21 24 24 23 24 25 25 24 24 24 23 22 22 20 19 17 18 18 19 19 20 20 20 21 22 22 23 24 26 27 27 26 27 27 28 27 27 25 -9999 -9999 -9999 -9999 -9999 -9999 -9999 -9999 -9999 -9999 -9999
-9999 -9999 -9999 -9999 -9999 -9999 -9999 -9999 80 80 77 78 72 69 66 63 61 56 54 53 49 46 49 44 44 45 45 42 50 52 52 51 50 45 43 38 35 30 24 21 18 14 14 17 16 16 17 17 19 20 21 21 21 21 21 21 20 19 19 19 21 19 18 17 18 17 18 18 19 20 22 22 23 23 23 25 26 26 26 26 25 26 25 25 -9999 -9999 -9999 -9999 -9999 -9999 -9999 -9999 -9999 -9999 -9999 -9999
-9999 -9999 -9999 -9999 -9999 -9999 87 85 84 84 81 78 78 78 73 70 67 58 54 52 49 53 55 49 41 40 43 41 44 48 49 49 42 38 36 35 31 27 22 18 16 14 15 16 14 15 14 14 17 18 18 20 20 21 21 21 21 21 19 19 18 20 20 20 18 18 18 19 20 20 21 23 23 25 25 26 27 26 26 25 24 24 25 -9999 -9999 -9999 -9999 -9999 -9999 -9999 -9999 -9999 -9999 -9999 -9999 -9999
-9999 -9999 -9999 -9999 -9999 89 87 89 89 89 91 87 80 78 76 72 67 61 62 61 57 57 51 54 58 50 47 44 44 38 35 37 41 38 34 28 26 24 21 17 15 13 13 14 12 12 11 13 16 16 18 17 18 19 20 21 19 20 19 18 18 18 19 19 19 18 18 19 20 21 20 21 22 23 24 25 26 26 26 25 24 24 -9999 -9999 -9999 -9999 -9999 -9999 -9999 -9999 -9999 -9999 -9999 -9999 -9999 -9999
-9999 -9999 -9999 -9999 90 92 90 92 94 95 92 89 82 76 72 64 65 63 59 61 65 61 47 40 41 37 40 38 38 34 32 31 31 37 37 34 27 23 21 20 16 11 10 12 13 12 10 11 12 13 14 14 16 18 18 20 20 19 19 19 19 19 19 19 19 19 19 19 19 19 19 20 21 22 23 23 24 26 24 24 23 23 -9999 -9999 -9999 -9999 -9999 -9999 -9999 -9999 -9999 -9999 -9999 -9999 -9999 -9999
-9999 -9999 -9999 -9999 88 87 95 98 103 103 101 95 89 84 74 76 74 76 75 66 62 59 57 58 56 44 38 46 45 32 27 26 25 24 26 26 25 23 20 16 13 12 11 10 10 10 10 12 13 13 14 15 15 15 16 17 19 19 20 20 20 20 20 20 20 19 19 20 20 20 20 20 21 22 23 23 24 24 23 23 23 22 -9999 -9999 -9999 -9999 -9999 -9999 -9999 -9999 -9999 -9999 -9999 -9999 -9999 -9999
-9999 -9999 -9999 -9999 85 85 90 93 96 97 95 95 94 89 80 78 84 75 71 54 62 49 48 52 51 56 55 54 46 32 31 25 27 23 21 21 19 20 22 19 16 13 11 10 11 11 11 13 12 15 16 18 18 16 16 17 18 19 20 21 21 21 21 21 20 19 19 18 18 20 20 21 21 21 22 24 24 23 23 22 22 22 -9999 -9999 -9999 -9999 -9999 -9999 -9999 -9999 -9999 -9999 -9999 -9999 -9999 -9999
-9999 -9999 -9999 -9999 85 90 92 97 97 98 95 95 92 92 90 86 70 73 61 50 48 53 51 45 48 48 44 46 38 36 29 25 26 27 22 23 21 17 19 20 18 14 11 10 11 11 11 11 13 13 15 16 17 17 16 16 17 18 19 20 20 21 21 21 20 19 18 19 18 18 19 19 19 21 21 23 23 23 22 22 -9999 -9999 -9999 -9999 -9999 -9999 -9999 -9999 -9999 -9999 -9999 -9999 -9999 -9999 -9999 -9999
-9999 -9999 -9999 -9999 83 85 91 96 99 104 102 103 99 96 91 74 76 66 55 50 50 46 43 48 43 38 39 39 29 24 26 26 27 25 23 21 18 16 16 19 17 17 15 12 11 12 12 13 15 14 14 15 15 17 17 17 17 18 18 19 18 19 20 20 19 19 18 19 18 19 19 20 20 20 20 21 21 22 21 22 21 -9999 -9999 -9999 -9999 -9999 -9999 -9999 -9999 -9999 -9999 -9999 -9999 -9999 -9999 -9999
-9999 -9999 -9999 82 83 88 94 97 99 104 106 107 103 96 87 79 82 68 61 65 56 52 49 45 45 46 42 30 26 22 19 24 24 23 24 21 20 18 14 15 16 15 15 14 12 13 14 15 14 15 14 15 16 17 18 18 19 18 19 19 19 19 18 18 19 19 19 19 19 19 19 20 21 21 22 22 21 21 21 21 -9999 -9999 -9999 -9999 -9999 -9999 -9999 -9999 -9999 -9999 -9999 -9999 -9999 -9999 -9999 -9999
-9999 -9999 -9999 -9999 82 86 91 99 106 112 115 111 108 103 96 92 83 77 67 66 67 65 61 56 51 43 36 37 29 25 24 21 22 20 21 20 18 18 18 15 14 14 15 16 15 15 15 15 15 15 15 16 17 17 18 19 19 20 19 19 20 20 19 18 18 18 18 18 18 18 18 20 20 20 21 21 21 21 21 20 20 -9999 -9999 -9999 -9999 -9999 -9999 -9999 -9999 -9999 -9999 -9999 -9999 -9999 -9999 -9999
-9999 -9999 -9999 -9999 81 84 86 92 107 110 110 113 109 105 93 86 83 80 76 75 71 63 58 49 45 43 37 30 24 23 24 27 24 21 20 21 19 18 19 18 16 15 15 16 17 17 16 16 16 16 17 18 17 18 19 19 19 19 19 19 19 20 21 20 19 19 19 19 18 16 16 17 19 20 20 20 20 20 20 20 19 -9999 -9999 -9999 -9999 -9999 -9999 -9999 -9999 -9999 -9999 -9999 -9999 -9999 -9999 -9999
-9999 -9999 -9999 -9999 81 82 86 91 95 106 112 114 109 102 93 87 80 72 76 72 74 65 58 53 43 36 33 29 28 26 21 26 26 26 21 19 20 19 20 21 21 22 21 19 21 21 20 18 17 18 19 19 19 19 18 19 20 20 20 20 20 20 20 22 21 21 20 19 18 16 16 18 18 18 18 18 18 19 19 19 18 17 15 15 15 -9999 14 -9999 -9999 -9999 -9999 -9999 -9999 -9999 -9999 -9999
-9999 -9999 -9999 -9999 -9999 80 83 89 99 107 109 114 108 99 94 85 81 82 70 67 63 60 53 49 45 41 36 33 30 30 31 25 24 24 25 25 21 22 20 24 25 25 24 24 24 22 23 21 20 20 20 20 20 18 18 18 19 20 20 21 21 22 22 22 22 23 24 22 19 17 17 17 17 18 18 18 18 18 18 17 16 15 15 15 14 14 13 12 -9999 -9999 -9999 -9999 -9999 10 10 10
-9999 -9999 -9999 -9999 -9999 79 81 85 92 98 104 105 100 97 100 89 93 88 80 74 68 61 55 51 47 45 42 39 35 29 28 28 28 24 22 21 22 22 23 25 26 28 29 28 26 25 24 23 21 22 21 21 18 18 17 19 19 19 20 22 22 24 24 24 24 24 23 22 20 19 19 18 18 18 17 17 17 17 16 15 15 15 14 14 13 12 12 12 11 -9999 -9999 9 9 9 9 9
-9999 -9999 -9999 -9999 -9999 -9999 77 80 85 92 93 94 98 101 104 89 93 91 83 75 67 61 56 53 50 46 44 40 33 35 26 26 24 22 22 22 21 21 26 27 27 28 29 29 28 27 26 26 23 22 21 21 20 19 18 19 19 19 20 21 22 23 24 25 25 26 24 22 21 19 19 19 18 17 17 16 15 15 15 14 14 13 13 12 12 11 11 11 11 10 -9999 -9999 -9999 9 8 8
-9999 -9999 -9999 -9999 -9999 -9999 74 76 87 87 89 97 99 101 96 88 90 84 84 74 66 61 62 55 48 45 44 40 33 29 30 30 25 25 23 22 26 24 24 24 25 28 29 29 29 28 28 26 24 22 21 21 21 20 18 19 20 19 21 22 22 22 23 23 24 24 25 24 23 21 20 19 19 17 16 15 14 14 14 14 13 12 11 11 11 11 11 11 10 9 9 -9999 -9999 -9999 -9999 -9999
-9999 -9999 -9999 -9999 -9999 -9999 71 73 77 79 81 89 91 96 94 92 84 85 80 70 61 54 52 51 41 43 44 40 36 32 27 30 29 26 25 23 25 23 24 24 25 27 29 29 29 29 28 27 24 22 21 20 21 20 19 18 18 19 20 20 21 22 23 23 23 24 22 23 21 21 20 19 18 17 15 14 13 13 13 13 11 11 10 11 11 11 10 10 10 9 9 9 -9999 -9999 -9999 -9999
-9999 -9999 -9999 -9999 -9999 -9999 68 68 71 78 83 86 92 90 88 87 81 81 77 70 62 64 51 41 41 40 38 36 38 33 28 26 30 29 26 27 25 24 24 25 25 27 28 29 29 29 28 26 25 25 22 20 19 19 18 18 18 18 18 19 20 21 23 23 23 22 22 20 20 19 19 18 17 16 14 13 13 13 13 12 11 11 10 10 10 10 10 10 9 9 9 -9999 -9999 -9999 -9999 -9999
-9999 -9999 -9999 -9999 -9999 -9999 58 62 66 69 78 81 81 85 87 88 89 85 81 71 63 64 51 44 39 37 36 34 34 34 28 28 32 31 30 27 25 24 24 24 25 26 28 28 29 29 28 26 25 25 24 22 20 19 18 18 17 17 17 18 19 20 21 22 23 22 20 19 19 18 18 17 17 16 15 14 13 13 12 12 11 10 10 10 9 10 10 10 10 10 -9999 -9999 -9999 -9999 -9999 -9999
-9999 -9999 -9999 -9999 -9999 51 -9999 56 59 64 67 72 78 85 87 90 89 84 80 72 63 60 54 47 41 46 39 39 37 36 31 29 28 26 28 26 25 24 24 24 25 25 26 28 30 30 28 26 25 24 23 22 20 19 18 17 16 16 16 17 18 20 21 22 23 20 18 18 18 17 17 17 17 16 16 15 14 14 14 13 12 11 10 9 10 10 10 10 10 10 -9999 -9999 -9999 -9999 -9999 -9999
-9999 -9999 -9999 -9999 -9999 -9999 -9999 52 51 55 61 69 80 86 88 89 88 81 81 75 67 57 57 51 46 45 43 42 40 36 33 32 30 27 26 26 25 24 24 24 24 25 26 28 29 31 29 27 26 24 24 22 20 18 18 16 15 16 16 17 18 19 21 22 22 20 18 18 18 18 17 17 16 17 16 15 15 15 15 13 12 11 9 9 9 10 10 10 10 -9999 -9999 -9999 -9999 -9999 -9999 -9999
-9999 -9999 -9999 -9999 -9999 -9999 -9999 -9999 -9999 50 57 67 75 84 91 91 86 81 78 75 69 60 54 54 51 47 44 41 42 39 35 33 31 28 26 25 24 -9999 -9999 -9999 -9999 25 26 27 30 30 30 28 26 25 23 21 19 18 17 15 15 15 16 16 18 19 21 22 23 21 20 19 18 17 17 16 16 16 15 15 16 16 16 14 12 10 9 8 9 9 10 -9999 -9999 -9999 -9999 -9999 -9999 -9999 -9999 -9999
-9999 -9999 -9999 -9999 -9999 -9999 -9999 -9999 48 50 59 71 80 84 88 87 82 81 79 75 68 62 56 56 52 49 46 43 42 39 36 34 31 -9999 -9999 -9999 -9999 -9999 -9999 -9999 -9999 -9999 25 26 29 29 29 28 27 26 23 21 20 18 17 15 14 15 15 16 17 19 20 21 21 19 19 18 17 16 16 16 17 16 16 15 16 17 16 14 12 10 8 8 -9999 -9999 -9999 -9999 -9999 -9999 -9999 -9999 -9999 -9999 -9999 -9999
-9999 -9999 -9999 -9999 -9999 -9999 -9999 -9999 -9999 53 62 69 73 80 83 83 80 78 76 74 66 61 56 57 54 50 48 45 41 38 36 34 -9999 -9999 -9999 -9999 -9999 -9999 -9999 -9999 -9999 -9999 -9999 25 27 28 28 28 27 25 23 22 21 19 17 15 14 15 16 16 17 18 19 19 19 18 18 16 16 15 15 15 15 14 14 15 15 16 16 -9999 -9999 -9999 -9999 -9999 -9999 -9999 -9999 -9999 -9999 -9999 -9999 -9999 -9999 -9999 -9999 -9999
-9999 -9999 -9999 -9999 -9999 -9999 -9999 -9999 -9999 -9999 59 63 70 75 80 79 78 75 73 69 63 60 58 55 55 54 51 45 41 38 -9999 -9999 -9999 -9999 -9999 -9999 -9999 -9999 -9999 -9999 -9999 -9999 -9999 24 25 26 27 28 27 26 25 24 22 20 18 15 15 16 18 16 17 18 18 18 18 17 17 16 15 14 15 15 15 15 14 15 14 15 -9999 -9999 -9999 -9999 -9999 -9999 -9999 -9999 -9999 -9999 -9999 -9999 -9999 14 -9999 -9999 -9999 -9999
-9999 -9999 -9999 -9999 -9999 -9999 -9999 -9999 -9999 -9999 -9999 -9999 -9999 70 75 75 73 73 70 66 62 58 56 54 52 51 48 44 -9999 -9999 -9999 -9999 -9999 -9999 -9999 -9999 -9999 -9999 -9999 -9999 -9999 -9999 -9999 23 24 25 26 28 30 29 28 27 26 23 20 18 18 18 18 17 17 17 17 17 18 18 17 16 16 15 16 16 15 15 15 14 14 14 14 -9999 -9999 -9999 -9999 -9999 -9999 -9999 -9999 -9999 -9999 -9999 -9999 -9999 -9999 -9999 -9999 -9999
-9999 -9999 -9999 -9999 -9999 -9999 -9999 -9999 -9999 -9999 -9999 -9999 -9999 -9999 -9999 68 68 66 63 61 58 54 52 49 47 48 -9999 -9999 -9999 -9999 -9999 -9999 -9999 -9999 -9999 -9999 -9999 -9999 -9999 -9999 -9999 -9999 -9999 -9999 23 24 26 29 31 32 33 32 30 28 26 24 22 21 20 19 18 16 16 19 19 19 18 17 17 17 16 16 16 15 14 14 13 13 -9999 -9999 -9999 -9999 -9999 -9999 -9999 -9999 -9999 -9999 -9999 -9999 -9999 -9999 -9999 -9999 -9999 -9999
-9999 -9999 -9999 -9999 -9999 -9999 -9999 -9999 -9999 -9999 -9999 -9999 -9999 -9999 -9999 -9999 -9999 -9999 59 -9999 53 52 -9999 -9999 -9999 -9999 -9999 -9999 -9999 -9999 -9999 -9999 -9999 -9999 -9999 -9999 -9999 -9999 -9999 -9999 -9999 -9999 -9999 -9999 -9999 23 26 30 33 36 36 37 37 34 32 29 26 24 23 21 17 16 18 19 19 20 19 18 18 18 17 16 16 14 13 13 13 -9999 -9999 -9999 -9999 -9999 -9999 -9999 -9999 -9999 -9999 15 15 14 14 14 14 -9999 -9999 -9999
-9999 -9999 -9999 -9999 -9999 -9999 -9999 -9999 -9999 -9999 -9999 -9999 -9999 -9999 -9999 -9999 -9999 -9999 -9999 -9999 -9999 -9999 -9999 -9999 -9999 -9999 -9999 -9999 -9999 -9999 -9999 -9999 -9999 -9999 -9999 -9999 -9999 -9999 20 20 -9999 -9999 -9999 -9999 -9999 20 25 30 34 36 38 39 41 39 36 32 29 28 25 21 19 19 19 20 20 20 20 20 20 18 18 17 16 14 12 12 12 -9999 -9999 -9999 -9999 -9999 -9999 -9999 -9999 -9999 14 15 15 15 14 -9999 -9999 -9999 -9999 -9999
-9999 -9999 -9999 -9999 -9999 -9999 -9999 -9999 -9999 -9999 -9999 -9999 -9999 -9999 -9999 -9999 -9999 -9999 -9999 -9999 -9999 -9999 -9999 -9999 -9999 -9999 -9999 -9999 -9999 -9999 -9999 -9999 -9999 -9999 -9999 22 21 20 19 19 -9999 -9999 -9999 -9999 -9999 -9999 23 29 33 36 37 39 40 39 38 34 31 29 26 24 21 21 22 22 21 20 20 20 20 20 19 17 16 14 12 11 11 -9999 -9999 -9999 -9999 -9999 -9999 -9999 12 13 14 14 14 -9999 -9999 -9999 -9999 -9999 -9999 -9999
-9999 -9999 -9999 -9999 -9999 -9999 -9999 -9999 -9999 -9999 -9999 -9999 -9999 -9999 -9999 -9999 -9999 -9999 -9999 -9999 -9999 -9999 -9999 -9999 -9999 -9999 -9999 -9999 -9999 -9999 -9999 -9999 -9999 -9999 24 22 21 20 20 19 -9999 -9999 -9999 -9999 -9999 -9999 -9999 27 30 34 36 37 40 40 38 36 35 31 28 26 23 22 22 22 22 21 20 20 20 20 19 18 17 15 13 12 11 -9999 9 -9999 -9999 -9999 -9999 -9999 12 13 14 14 14 14 -9999 -9999 -9999 -9999 -9999 -9999
-9999 -9999 -9999 -9999 -9999 -9999 -9999 -9999 -9999 -9999 -9999 -9999 -9999 -9999 -9999 -9999 -9999 -9999 -9999 -9999 -9999 -9999 -9999 -9999 -9999 -9999 -9999 -9999 -9999 -9999 -9999 -9999 27 26 24 21 21 21 20 19 -9999 18 17 17 -9999 -9999 -9999 -9999 29 31 34 36 39 40 39 38 36 32 30 27 25 24 23 22 22 22 22 22 21 20 20 19 18 16 13 12 -9999 10 10 -9999 -9999 -9999 -9999 12 13 13 14 14 14 -9999 -9999 -9999 -9999 -9999 -9999 -9999
-9999 -9999 -9999 -9999 -9999 -9999 -9999 -9999 -9999 -9999 -9999 -9999 -9999 -9999 -9999 -9999 -9999 -9999 -9999 -9999 -9999 -9999 -9999 -9999 -9999 -9999 31 31 30 30 29 28 28 27 25 23 22 21 20 -9999 -9999 -9999 -9999 -9999 -9999 -9999 -9999 -9999 -9999 29 31 33 36 39 40 40 38 34 31 29 26 25 24 23 22 22 22 23 22 21 20 19 17 15 13 12 12 11 11 -9999 -9999 -9999 -9999 -9999 13 13 13 -9999 -9999 -9999 -9999 -9999 -9999 -9999 -9999 -9999
-9999 -9999 -9999 -9999 -9999 -9999 -9999 -9999 -9999 -9999 -9999 -9999 -9999 -9999 -9999 -9999 -9999 -9999 -9999 -9999 -9999 -9999 -9999 -9999 -9999 30 30 30 29 29 28 28 28 27 28 27 24 23 21 -9999 -9999 -9999 -9999 -9999 -9999 -9999 -9999 -9999 -9999 -9999 28 29 32 37 40 41 39 36 32 30 27 26 25 24 23 22 23 23 23 22 21 19 17 15 14 14 13 12 -9999 -9999 -9999 -9999 -9999 -9999 13 13 13 -9999 -9999 -9999 -9999 -9999 -9999 -9999 -9999 -9999
-9999 -9999 -9999 -9999 -9999 -9999 -9999 -9999 -9999 -9999 -9999 -9999 -9999 -9999 -9999 -9999 -9999 -9999 -9999 -9999 -9999 -9999 -9999 -9999 -9999 29 29 28 28 28 28 28 28 28 28 28 25 24 23 -9999 -9999 -9999 -9999 -9999 -9999 19 -9999 -9999 -9999 -9999 -9999 27 27 31 39 42 39 36 33 31 28 26 25 24 24 23 23 22 22 22 21 19 17 15 15 15 14 13 -9999 -9999 -9999 -9999 -9999 -9999 -9999 -9999 -9999 -9999 -9999 -9999 -9999 -9999 -9999 -9999 -9999 -9999
-9999 -9999 -9999 -9999 -9999 -9999 -9999 -9999 -9999 -9999 -9999 -9999 -9999 -9999 -9999 -9999 -9999 -9999 -9999 -9999 -9999 -9999 -9999 -9999 29 29 29 28 27 27 27 27 28 28 27 26 25 23 23 22 21 20 -9999 -9999 -9999 -9999 -9999 -9999 -9999 -9999 -9999 -9999 25 28 33 37 37 35 32 30 29 27 26 25 24 23 23 23 22 21 20 19 17 16 16 15 14 -9999 -9999 -9999 -9999 -9999 -9999 -9999 -9999 -9999 -9999 -9999 -9999 -9999 -9999 -9999 -9999 -9999 -9999 -9999
-9999 -9999 -9999 -9999 -9999 -9999 -9999 -9999 -9999 -9999 -9999 -9999 -9999 -9999 -9999 -9999 -9999 -9999 -9999 -9999 -9999 -9999 -9999 -9999 28 28 29 29 28 28 28 29 28 27 27 25 24 23 22 22 21 20 -9999 -9999 -9999 -9999 -9999 -9999 -9999 -9999 -9999 24 26 30 31 33 34 33 31 29 27 26 26 25 24 23 23 22 22 21 20 18 17 16 16 16 -9999 -9999 -9999 -9999 -9999 -9999 -9999 -9999 -9999 -9999 -9999 -9999 -9999 -9999 -9999 -9999 -9999 -9999 -9999 -9999
-9999 -9999 -9999 -9999 -9999 -9999 -9999 -9999 -9999 -9999 -9999 -9999 -9999 -9999 -9999 -9999 -9999 -9999 -9999 -9999 -9999 -9999 -9999 -9999 26 26 27 29 29 29 30 31 30 27 26 25 24 23 23 22 21 20 -9999 -9999 -9999 -9999 20 -9999 -9999 -9999 22 23 24 26 29 31 32 31 29 27 26 25 24 24 23 23 22 21 20 20 20 19 17 -9999 16 16 -9999 -9999 -9999 -9999 -9999 -9999 -9999 -9999 -9999 -9999 -9999 -9999 -9999 -9999 -9999 -9999 -9999 -9999 -9999 -9999
-9999 -9999 -9999 -9999 -9999 -9999 -9999 -9999 -9999 -9999 -9999 -9999 -9999 -9999 -9999 -9999 -9999 -9999 -9999 -9999 -9999 -9999 -9999 -9999 26 25 27 28 29 30 32 33 32 29 26 23 23 23 22 22 22 -9999 -9999 -9999 -9999 -9999 -9999 20 21 21 22 23 25 26 28 29 30 30 29 26 24 23 23 23 22 22 21 21 19 19 19 19 -9999 -9999 -9999 -9999 -9999 -9999 -9999 -9999 -9999 -9999 -9999 -9999 -9999 -9999 -9999 -9999 -9999 -9999 -9999 -9999 -9999 -9999 -9999 -9999
-9999 -9999 -9999 -9999 -9999 -9999 -9999 -9999 -9999 -9999 -9999 -9999 -9999 -9999 -9999 -9999 -9999 -9999 -9999 -9999 -9999 -9999 -9999 -9999 26 26 27 28 30 31 32 34 33 30 26 24 23 23 22 23 22 -9999 22 22 22 21 21 20 21 21 23 24 25 26 27 28 28 28 29 27 24 22 22 -9999 22 -9999 -9999 -9999 -9999 -9999 -9999 -9999 -9999 -9999 -9999 -9999 -9999 -9999 -9999 -9999 -9999 -9999 -9999 -9999 -9999 -9999 -9999 -9999 -9999 -9999 -9999 -9999 -9999 -9999 -9999 -9999
-9999 -9999 -9999 -9999 -9999 -9999 -9999 -9999 -9999 -9999 -9999 -9999 -9999 -9999 -9999 -9999 -9999 -9999 -9999 -9999 -9999 -9999 -9999 -9999 26 26 28 30 31 33 33 33 33 30 27 25 23 22 -9999 23 -9999 23 23 24 23 22 23 22 21 21 23 25 25 25 25 26 27 28 28 27 25 23 -9999 -9999 -9999 -9999 -9999 -9999 -9999 -9999 -9999 -9999 -9999 -9999 -9999 -9999 -9999 -9999 -9999 -9999 -9999 -9999 -9999 -9999 -9999 -9999 -9999 -9999 -9999 -9999 -9999 -9999 -9999 -9999 -9999 -9999
