resultados/variables_proyeccion_tiempo/variables_paleo_130k/bio10.asc
ncols 330
nrows 228
xllcorner -12.000000
yllcorner 34.000000
cellsize 0.166667
NODATA_value -9999
[rows 41 to 81 of 228, columns 184 to 275 of 330]
160 161 162 164 165 166 166 165 164 165 167 165 169 171 173 174 175 176 176 -9999 -9999 -9999 -9999 -9999 -9999 -9999 -9999 -9999 -9999 -9999 -9999 -9999 -9999 -9999 -9999 173 174 175 175 174 173 172 171 171 170 169 169 169 168 168 168 168 166 165 166 163 167 166 164 163 163 163 164 164 163 162 163 163 164 166 167 167 167 165 165 165 164 164 162 161 161 161 160 159 158 158 158 156 156 156 155 155
164 164 164 162 164 164 166 168 167 167 168 171 171 174 175 176 176 -9999 -9999 -9999 -9999 -9999 -9999 -9999 -9999 -9999 -9999 -9999 -9999 -9999 -9999 -9999 -9999 -9999 -9999 173 174 174 175 176 176 174 173 172 171 170 170 169 169 169 168 168 167 167 165 162 164 165 164 165 166 166 166 166 164 165 165 166 166 167 168 168 168 164 166 165 163 164 164 163 163 163 162 161 160 159 158 156 157 157 157 157
164 165 166 166 164 164 165 166 166 167 170 172 173 174 176 176 -9999 -9999 -9999 -9999 -9999 -9999 -9999 -9999 -9999 -9999 -9999 -9999 -9999 -9999 -9999 -9999 -9999 -9999 173 174 173 173 174 174 175 175 173 173 172 171 170 170 169 168 168 167 166 166 166 164 163 165 167 168 168 167 167 168 167 167 166 166 164 165 167 166 165 166 166 165 165 165 165 165 164 163 163 162 160 159 159 158 158 158 157 156
165 165 165 167 166 165 164 166 166 165 168 172 173 174 174 175 177 176 -9999 -9999 -9999 -9999 -9999 -9999 -9999 -9999 -9999 -9999 -9999 -9999 -9999 -9999 -9999 173 173 172 170 171 172 173 173 174 172 172 171 170 169 169 169 169 169 168 168 167 166 167 167 167 169 168 168 168 169 168 167 168 167 166 166 166 165 166 167 167 166 165 165 165 164 164 165 164 163 161 160 159 160 159 159 158 157 157
162 164 167 167 167 166 165 165 165 165 169 169 171 173 174 175 176 176 -9999 -9999 -9999 -9999 -9999 -9999 -9999 -9999 -9999 -9999 -9999 -9999 -9999 173 172 173 172 171 169 170 171 171 172 172 172 172 171 170 170 170 170 171 170 170 169 169 170 170 169 168 170 169 168 168 169 169 169 170 170 170 169 169 168 168 169 169 169 168 168 167 166 166 165 164 162 162 161 161 161 161 160 159 159 158
163 165 165 166 167 167 166 165 164 166 168 170 172 175 175 176 176 -9999 -9999 -9999 -9999 -9999 -9999 -9999 -9999 -9999 -9999 -9999 -9999 172 172 172 172 172 171 172 171 171 171 170 170 170 172 172 171 171 171 170 169 171 171 171 170 170 170 170 171 169 170 170 170 171 172 171 171 172 172 171 170 169 168 167 168 168 167 167 167 167 166 166 165 163 163 164 163 162 162 162 161 161 161 161
161 164 166 167 167 168 168 170 169 170 172 172 174 176 177 -9999 -9999 -9999 -9999 -9999 -9999 -9999 -9999 -9999 -9999 -9999 -9999 -9999 172 172 172 171 170 170 171 171 171 170 170 170 170 171 171 171 170 171 170 169 168 169 169 170 170 169 168 168 171 171 173 173 173 172 172 173 173 172 172 173 171 170 169 169 171 171 170 168 166 167 166 166 166 166 165 164 164 163 163 163 162 162 162 162
164 165 165 168 169 170 171 170 172 174 175 175 175 177 -9999 -9999 -9999 -9999 -9999 -9999 -9999 -9999 -9999 -9999 172 172 172 172 171 170 170 170 169 169 169 169 170 171 172 171 170 170 171 171 172 171 171 169 170 170 169 170 171 171 171 171 170 169 172 173 172 172 172 172 171 171 171 173 171 171 171 172 173 173 171 169 166 168 167 167 166 167 165 164 165 165 165 165 165 164 164 164
165 168 168 167 170 172 171 174 175 176 176 176 177 176 -9999 -9999 -9999 -9999 -9999 -9999 -9999 -9999 -9999 172 172 172 171 171 170 170 169 168 167 168 168 168 169 169 170 171 170 170 170 170 170 172 173 172 172 173 173 172 173 173 173 174 173 171 171 175 175 175 175 175 173 172 173 175 173 172 173 173 173 174 173 170 167 167 168 167 166 165 166 167 166 166 165 166 165 164 163 164
166 166 170 170 174 174 175 177 177 177 -9999 -9999 177 177 -9999 -9999 -9999 -9999 -9999 -9999 -9999 172 172 171 171 171 170 170 170 170 169 167 166 166 167 167 168 168 169 170 170 169 170 171 169 170 172 174 173 174 174 175 175 175 175 176 175 175 174 174 176 178 178 177 175 177 176 177 177 175 175 175 173 172 173 172 170 168 167 164 166 167 166 166 167 168 166 165 165 164 164 164
170 172 174 176 176 176 176 177 -9999 -9999 -9999 -9999 -9999 -9999 176 175 175 174 174 172 172 172 171 170 170 170 169 169 168 168 168 167 166 166 165 165 166 167 168 168 170 171 171 170 171 173 173 174 173 173 173 176 176 175 177 178 178 177 177 176 176 176 179 180 179 178 178 177 178 177 177 177 176 175 174 174 171 169 168 164 167 167 167 168 168 167 167 168 167 167 166 166
176 176 177 178 -9999 -9999 -9999 -9999 -9999 -9999 -9999 -9999 176 -9999 175 175 175 174 173 172 171 171 170 169 169 169 169 168 167 168 168 166 165 165 165 165 165 166 169 169 170 172 172 172 172 174 174 176 175 174 175 177 177 177 178 178 180 180 180 179 177 176 176 179 180 180 180 180 178 177 175 175 175 174 171 171 171 169 170 169 170 169 168 167 166 166 167 168 168 169 168 168
177 177 -9999 -9999 -9999 -9999 -9999 -9999 -9999 -9999 -9999 -9999 176 -9999 175 175 175 174 172 171 171 170 169 169 169 169 169 168 167 168 167 166 165 163 164 165 165 167 170 170 172 173 173 174 174 173 175 177 177 176 177 178 180 181 182 182 182 182 182 180 180 178 176 178 179 179 177 180 179 176 175 175 177 176 174 173 172 171 171 171 171 171 169 168 165 167 169 168 168 167 168 167
-9999 -9999 -9999 -9999 -9999 -9999 -9999 -9999 -9999 -9999 -9999 -9999 -9999 175 174 174 173 173 172 171 170 169 169 169 169 169 168 168 167 166 165 165 164 163 164 165 167 167 169 170 171 172 173 176 176 176 176 177 178 179 178 179 181 184 185 184 184 183 182 182 181 180 180 181 182 182 181 178 179 179 176 177 177 176 175 174 173 172 171 171 171 171 172 170 168 170 169 169 168 168 168 167
-9999 -9999 -9999 -9999 -9999 -9999 -9999 -9999 -9999 -9999 -9999 -9999 -9999 -9999 173 173 172 171 170 168 166 166 167 168 168 168 167 166 167 166 164 163 164 163 163 164 166 168 169 170 172 172 174 177 176 177 179 179 179 180 179 180 181 183 186 185 185 184 183 184 183 182 183 184 183 183 182 180 180 179 178 177 176 177 176 175 174 174 173 171 171 171 170 171 169 169 170 170 170 170 169 170
-9999 -9999 -9999 -9999 -9999 -9999 -9999 -9999 -9999 -9999 -9999 -9999 -9999 -9999 173 172 172 170 168 167 164 165 167 166 167 167 167 166 166 166 165 164 164 163 164 165 166 166 169 171 173 174 176 176 177 179 179 180 179 180 181 182 183 184 186 185 184 185 184 184 184 183 183 184 183 184 183 182 179 178 178 177 176 176 176 176 176 174 173 172 173 174 172 172 171 172 172 172 172 172 175 175
-9999 -9999 -9999 -9999 -9999 -9999 -9999 -9999 -9999 -9999 -9999 -9999 -9999 -9999 172 172 171 170 168 166 166 166 164 165 166 167 166 166 166 167 167 165 164 165 166 167 169 168 169 171 172 174 176 179 179 180 180 180 179 180 182 183 184 184 186 186 185 185 183 184 185 183 183 184 185 184 184 182 181 179 179 178 177 176 176 175 174 173 173 174 175 174 174 173 174 173 173 174 174 174 176 175
-9999 -9999 -9999 -9999 -9999 -9999 -9999 -9999 -9999 -9999 -9999 -9999 -9999 -9999 -9999 172 172 171 168 166 165 165 164 165 165 165 166 167 166 167 169 168 168 167 168 170 172 171 173 174 175 176 179 181 180 181 180 179 179 181 183 183 184 185 186 187 187 187 186 186 186 184 185 185 186 185 184 183 181 180 180 179 177 176 175 174 174 174 174 175 176 176 176 176 175 174 174 173 173 173 176 175
-9999 -9999 -9999 -9999 -9999 -9999 -9999 -9999 -9999 -9999 -9999 -9999 -9999 -9999 -9999 172 172 170 169 167 166 166 166 166 166 166 167 166 166 167 169 170 171 171 172 172 173 173 175 175 175 179 181 180 180 179 181 181 181 183 184 184 185 184 186 187 187 187 188 188 186 185 185 186 186 184 184 184 182 181 180 179 179 179 177 175 175 175 176 176 176 176 176 176 176 176 176 175 175 174 175 177
-9999 -9999 -9999 -9999 -9999 -9999 -9999 -9999 -9999 -9999 -9999 -9999 -9999 -9999 -9999 172 172 171 170 170 168 168 167 167 167 168 168 168 168 169 170 171 172 171 171 172 174 174 175 177 179 181 181 180 181 182 183 183 184 184 184 184 185 185 186 187 186 186 186 187 187 187 186 186 187 186 185 185 183 182 181 181 179 181 180 180 179 179 179 178 178 177 178 179 177 177 178 177 177 176 175 178
-9999 -9999 -9999 -9999 -9999 -9999 -9999 -9999 -9999 -9999 -9999 -9999 -9999 -9999 -9999 -9999 173 172 171 171 170 169 169 168 168 169 171 172 171 172 174 173 171 171 173 174 175 174 176 179 180 182 181 181 182 183 183 184 185 185 185 185 186 186 187 187 187 188 188 188 188 188 187 187 187 186 186 185 184 183 182 183 182 182 182 182 182 182 182 181 180 180 180 180 180 180 180 180 180 179 177 175
-9999 -9999 -9999 -9999 -9999 -9999 -9999 -9999 -9999 -9999 -9999 -9999 -9999 -9999 -9999 -9999 173 173 172 171 171 171 170 170 170 170 171 173 173 174 176 174 174 175 176 176 175 175 177 179 181 182 181 183 183 183 183 184 184 185 187 188 188 187 189 189 188 189 189 189 188 188 188 187 188 187 187 186 185 185 185 185 185 185 185 185 185 184 183 183 183 182 181 182 181 179 178 178 178 178 174 172
-9999 -9999 -9999 -9999 -9999 -9999 -9999 -9999 -9999 -9999 -9999 -9999 -9999 -9999 -9999 -9999 173 173 173 173 173 172 171 171 170 171 172 173 176 177 176 175 177 177 176 176 177 177 178 180 182 182 183 183 182 183 184 185 185 186 187 188 188 189 189 190 190 190 189 189 188 188 188 188 189 189 188 187 188 188 188 187 187 186 187 187 187 187 186 186 184 184 184 183 182 180 181 179 179 178 177 174
-9999 -9999 -9999 -9999 -9999 -9999 -9999 -9999 -9999 -9999 -9999 -9999 -9999 -9999 -9999 -9999 173 173 173 173 173 173 173 172 172 171 172 173 175 177 178 177 178 178 177 178 178 179 178 178 181 183 183 184 184 185 185 186 187 186 188 188 189 189 190 190 190 191 191 190 190 190 190 189 190 191 191 191 191 190 190 189 189 188 188 188 188 188 188 188 187 186 186 186 185 184 183 182 180 180 180 180
-9999 -9999 -9999 -9999 -9999 -9999 -9999 -9999 -9999 -9999 -9999 -9999 -9999 -9999 -9999 173 173 173 173 174 174 174 173 172 172 172 173 174 174 176 176 176 177 178 178 178 178 178 178 179 181 182 182 183 184 185 186 187 187 187 188 188 189 189 190 190 191 191 192 192 193 193 192 192 192 192 192 193 192 192 191 191 190 190 190 190 190 189 189 189 189 189 188 188 187 187 186 185 182 181 183 183
-9999 -9999 -9999 -9999 -9999 -9999 -9999 -9999 -9999 -9999 -9999 -9999 -9999 -9999 172 173 174 174 175 175 175 175 175 174 173 174 174 174 174 175 175 175 176 177 179 180 180 179 181 181 181 183 184 184 185 186 187 188 188 189 189 189 190 190 191 191 192 192 193 193 194 195 194 194 194 194 194 194 193 192 193 193 192 192 191 191 191 191 190 190 190 189 190 190 188 188 187 187 185 185 185 185
-9999 -9999 -9999 -9999 -9999 -9999 -9999 -9999 -9999 -9999 -9999 -9999 -9999 -9999 173 174 174 175 176 177 177 177 176 176 175 175 175 176 176 176 176 176 177 178 179 180 181 181 182 182 183 184 185 186 187 188 189 190 190 191 191 191 191 192 193 193 194 194 194 195 196 196 195 195 195 195 195 194 194 194 194 194 194 193 193 192 192 192 191 191 191 191 190 190 190 189 189 188 188 188 187 185
-9999 -9999 -9999 -9999 -9999 -9999 -9999 -9999 -9999 -9999 -9999 -9999 -9999 172 172 173 175 176 177 178 179 180 179 178 178 177 177 177 177 177 177 178 178 179 179 181 181 182 183 184 185 186 187 188 189 190 191 191 192 192 193 193 193 194 194 195 195 195 196 197 196 196 195 196 196 196 195 194 194 194 195 195 195 195 194 194 193 193 192 192 192 191 191 191 191 191 190 190 189 187 185 185
-9999 -9999 -9999 -9999 -9999 168 167 166 166 167 168 170 170 172 173 174 175 176 177 179 180 181 181 180 179 179 179 179 178 178 179 180 181 182 182 183 184 185 185 185 186 187 188 189 190 191 191 192 192 193 194 -9999 195 195 195 196 -9999 -9999 196 196 196 196 195 195 196 196 194 193 192 193 195 195 196 196 195 195 194 194 193 193 192 192 192 191 191 191 191 190 189 188 187 186
179 -9999 -9999 172 170 168 167 165 165 166 167 169 170 171 173 174 174 176 177 179 180 181 181 181 181 180 180 180 180 180 181 182 183 183 183 184 186 187 186 186 187 188 189 189 190 190 -9999 193 -9999 -9999 194 -9999 -9999 -9999 -9999 -9999 -9999 -9999 196 196 197 197 195 195 196 196 196 196 195 196 196 195 197 196 196 196 195 194 194 193 193 193 192 192 191 190 190 190 190 188 187 186
180 179 -9999 -9999 -9999 169 166 165 166 167 168 169 170 172 172 174 175 176 177 179 180 181 181 181 181 182 181 182 182 182 183 183 184 185 186 187 188 188 188 -9999 -9999 -9999 -9999 -9999 -9999 -9999 -9999 -9999 -9999 192 193 -9999 -9999 -9999 197 196 197 -9999 197 -9999 -9999 -9999 198 197 198 200 201 201 201 200 200 198 198 197 197 196 196 195 194 193 193 192 192 192 191 190 190 190 190 189 187 187
181 180 178 -9999 -9999 -9999 -9999 -9999 167 167 168 -9999 -9999 172 172 174 -9999 177 178 -9999 -9999 181 182 182 182 182 183 183 183 184 184 185 -9999 -9999 187 -9999 -9999 -9999 -9999 -9999 -9999 -9999 -9999 -9999 -9999 -9999 -9999 -9999 -9999 -9999 -9999 194 -9999 -9999 196 196 -9999 -9999 -9999 197 -9999 -9999 198 198 198 198 199 201 202 203 202 200 198 198 197 197 196 195 193 192 192 192 192 192 191 191 191 191 190 190 189 189
183 180 179 177 -9999 -9999 -9999 -9999 -9999 -9999 -9999 -9999 -9999 -9999 -9999 -9999 -9999 176 -9999 -9999 -9999 182 182 -9999 -9999 183 183 184 -9999 185 -9999 -9999 -9999 -9999 -9999 -9999 -9999 -9999 -9999 -9999 -9999 -9999 191 -9999 -9999 -9999 -9999 -9999 -9999 -9999 -9999 -9999 -9999 -9999 -9999 -9999 197 197 196 196 197 197 196 195 195 195 197 198 199 200 201 201 199 198 197 195 194 193 193 193 193 193 193 192 191 192 192 192 191 191 190 189
185 182 180 -9999 -9999 -9999 -9999 -9999 -9999 -9999 -9999 -9999 -9999 -9999 -9999 -9999 -9999 -9999 -9999 -9999 -9999 -9999 -9999 -9999 -9999 -9999 -9999 -9999 -9999 -9999 -9999 -9999 -9999 -9999 187 187 188 188 189 190 190 190 190 190 190 191 191 193 194 -9999 -9999 -9999 -9999 -9999 -9999 -9999 197 198 198 197 196 195 193 193 193 194 195 196 198 198 199 198 198 197 196 195 194 194 194 194 194 194 193 192 192 192 192 192 192 191 191 190
186 183 -9999 -9999 -9999 -9999 -9999 -9999 -9999 -9999 -9999 -9999 -9999 -9999 -9999 -9999 -9999 -9999 -9999 -9999 -9999 -9999 -9999 -9999 -9999 -9999 -9999 -9999 -9999 -9999 -9999 187 187 187 187 187 187 187 188 188 188 188 188 188 189 189 191 192 192 193 194 193 194 195 196 196 197 198 198 198 196 195 194 194 194 195 195 196 197 198 198 197 197 197 196 196 196 195 195 195 194 194 193 193 192 192 192 192 192 192 191 188
187 184 -9999 -9999 -9999 -9999 -9999 -9999 -9999 -9999 -9999 -9999 -9999 -9999 -9999 -9999 -9999 -9999 -9999 -9999 -9999 -9999 -9999 -9999 -9999 -9999 -9999 -9999 186 186 186 187 187 187 187 187 187 187 188 188 188 188 188 188 188 188 189 190 191 192 193 193 194 195 196 196 197 197 197 197 198 197 196 196 196 196 196 196 197 198 198 198 197 197 196 196 196 196 195 196 195 194 193 192 193 192 192 192 192 189 188 188
188 -9999 -9999 -9999 -9999 -9999 -9999 -9999 -9999 -9999 -9999 -9999 -9999 -9999 -9999 -9999 -9999 -9999 -9999 -9999 -9999 -9999 183 183 183 -9999 185 185 186 187 187 187 187 187 187 187 187 187 188 187 188 188 188 188 188 189 189 190 191 193 194 194 195 196 196 196 196 196 196 196 196 197 198 197 197 197 197 197 197 198 198 198 197 196 196 196 196 196 196 195 194 193 193 192 192 192 190 190 190 187 186 187
-9999 -9999 -9999 -9999 -9999 -9999 -9999 -9999 -9999 -9999 -9999 -9999 -9999 -9999 -9999 -9999 -9999 -9999 -9999 -9999 180 181 182 182 183 184 185 186 187 187 187 187 188 188 188 188 188 188 188 188 189 190 190 189 190 190 190 191 192 194 195 196 196 196 196 196 196 195 195 195 196 197 197 197 197 197 198 198 198 198 198 198 197 197 196 196 196 196 196 195 194 193 192 192 192 192 192 191 189 187 187 188
-9999 -9999 -9999 -9999 -9999 -9999 -9999 -9999 -9999 -9999 -9999 -9999 -9999 -9999 -9999 -9999 -9999 -9999 -9999 -9999 -9999 -9999 183 183 184 185 186 187 187 188 189 189 189 190 190 189 189 189 190 190 190 190 190 191 191 191 191 191 193 195 195 196 197 197 197 196 195 195 196 196 195 196 197 198 197 196 197 198 198 198 197 197 197 197 196 196 196 196 195 195 195 194 193 193 192 191 192 194 194 190 189 189
-9999 -9999 -9999 -9999 -9999 -9999 -9999 -9999 -9999 -9999 -9999 -9999 -9999 -9999 -9999 -9999 -9999 -9999 -9999 180 181 182 182 183 185 185 186 187 187 188 189 189 189 190 191 191 190 191 192 191 191 191 192 192 193 193 193 193 194 194 194 196 196 197 197 196 195 196 196 196 196 195 196 197 197 196 196 198 198 197 196 197 197 196 197 197 197 196 196 196 196 195 195 193 189 188 189 192 194 194 193 191
-9999 -9999 -9999 181 -9999 -9999 -9999 -9999 -9999 -9999 -9999 -9999 -9999 -9999 -9999 -9999 -9999 -9999 180 180 181 181 182 183 184 186 187 188 -9999 -9999 189 189 190 191 192 192 192 192 192 192 191 190 192 193 194 194 194 195 195 195 195 196 197 197 197 197 197 196 194 194 194 194 194 196 197 196 197 197 197 198 198 197 197 198 198 198 198 198 197 196 196 196 196 194 192 189 191 192 194 195 196 195
