resultados/variables_proyeccion_tiempo/variables_paleo_130k/bio13.asc
ncols 330
nrows 228
xllcorner -12.000000
yllcorner 34.000000
cellsize 0.166667
NODATA_value -9999
[rows 0 to 47 of 228, columns 192 to 287 of 330]
-9999 -9999 -9999 -9999 -9999 -9999 -9999 -9999 -9999 -9999 -9999 -9999 -9999 -9999 -9999 -9999 -9999 -9999 -9999 -9999 -9999 -9999 -9999 -9999 -9999 -9999 -9999 -9999 -9999 -9999 -9999 -9999 -9999 -9999 -9999 -9999 -9999 -9999 -9999 -9999 -9999 -9999 -9999 -9999 -9999 -9999 -9999 -9999 -9999 -9999 -9999 -9999 -9999 -9999 -9999 -9999 -9999 -9999 -9999 -9999 -9999 -9999 -9999 -9999 -9999 -9999 -9999 -9999 -9999 -9999 -9999 -9999 -9999 -9999 -9999 -9999 -9999 -9999 -9999 -9999 -9999 -9999 -9999 -9999 -9999 -9999 -9999 -9999 -9999 -9999 -9999 -9999 -9999 -9999 -9999 -9999
-9999 -9999 -9999 -9999 -9999 -9999 -9999 -9999 -9999 -9999 -9999 -9999 -9999 -9999 -9999 -9999 -9999 -9999 -9999 -9999 -9999 -9999 -9999 -9999 -9999 -9999 -9999 -9999 -9999 -9999 -9999 -9999 -9999 -9999 -9999 -9999 -9999 -9999 -9999 -9999 -9999 -9999 -9999 -9999 -9999 -9999 -9999 -9999 -9999 -9999 -9999 -9999 -9999 -9999 -9999 -9999 -9999 -9999 -9999 -9999 -9999 -9999 -9999 -9999 -9999 -9999 -9999 -9999 -9999 -9999 -9999 -9999 -9999 -9999 -9999 -9999 -9999 -9999 -9999 -9999 -9999 -9999 -9999 -9999 -9999 -9999 -9999 -9999 -9999 -9999 -9999 -9999 -9999 -9999 -9999 -9999
-9999 -9999 -9999 -9999 -9999 -9999 -9999 -9999 -9999 -9999 -9999 -9999 -9999 -9999 -9999 -9999 -9999 -9999 -9999 -9999 -9999 -9999 -9999 -9999 -9999 -9999 -9999 -9999 -9999 -9999 -9999 -9999 -9999 -9999 -9999 -9999 -9999 -9999 -9999 -9999 -9999 -9999 -9999 -9999 -9999 -9999 -9999 -9999 -9999 -9999 -9999 -9999 -9999 -9999 -9999 -9999 -9999 -9999 -9999 -9999 -9999 -9999 -9999 -9999 -9999 -9999 -9999 -9999 -9999 -9999 -9999 -9999 -9999 -9999 -9999 -9999 -9999 -9999 -9999 -9999 -9999 -9999 -9999 -9999 -9999 -9999 -9999 -9999 -9999 -9999 -9999 -9999 -9999 -9999 -9999 -9999
-9999 -9999 -9999 -9999 -9999 -9999 -9999 -9999 -9999 -9999 -9999 -9999 -9999 -9999 -9999 -9999 -9999 -9999 -9999 -9999 -9999 -9999 -9999 -9999 -9999 -9999 -9999 -9999 -9999 -9999 -9999 -9999 -9999 -9999 -9999 -9999 -9999 -9999 -9999 -9999 -9999 -9999 -9999 -9999 -9999 -9999 -9999 -9999 -9999 -9999 -9999 -9999 -9999 -9999 -9999 -9999 -9999 -9999 -9999 -9999 -9999 -9999 -9999 -9999 -9999 -9999 -9999 -9999 -9999 -9999 -9999 -9999 -9999 -9999 -9999 -9999 -9999 -9999 -9999 -9999 -9999 -9999 -9999 -9999 -9999 -9999 -9999 -9999 -9999 -9999 -9999 -9999 -9999 -9999 -9999 -9999
-9999 -9999 -9999 -9999 -9999 -9999 -9999 -9999 -9999 -9999 -9999 -9999 -9999 -9999 -9999 -9999 -9999 -9999 -9999 -9999 -9999 -9999 -9999 -9999 -9999 -9999 -9999 -9999 -9999 -9999 -9999 -9999 -9999 62 62 -9999 -9999 -9999 -9999 -9999 -9999 -9999 -9999 -9999 -9999 -9999 -9999 -9999 -9999 -9999 -9999 -9999 -9999 -9999 -9999 -9999 -9999 -9999 -9999 -9999 -9999 -9999 -9999 -9999 -9999 -9999 -9999 -9999 -9999 -9999 -9999 -9999 -9999 -9999 -9999 -9999 -9999 -9999 -9999 -9999 -9999 -9999 -9999 -9999 -9999 -9999 -9999 -9999 -9999 -9999 -9999 -9999 -9999 -9999 -9999 -9999
-9999 -9999 -9999 -9999 -9999 -9999 -9999 -9999 -9999 -9999 -9999 -9999 -9999 -9999 -9999 -9999 -9999 -9999 -9999 -9999 -9999 -9999 -9999 81 80 -9999 -9999 66 64 64 63 66 65 66 65 65 65 65 -9999 -9999 -9999 -9999 -9999 65 63 65 63 62 63 62 -9999 -9999 -9999 -9999 -9999 -9999 -9999 -9999 -9999 -9999 -9999 -9999 -9999 -9999 -9999 -9999 -9999 -9999 -9999 -9999 -9999 -9999 -9999 -9999 -9999 -9999 -9999 -9999 -9999 -9999 -9999 -9999 -9999 -9999 -9999 -9999 -9999 -9999 -9999 -9999 -9999 -9999 -9999 -9999 -9999 -9999
-9999 -9999 -9999 -9999 -9999 -9999 -9999 -9999 -9999 -9999 -9999 -9999 -9999 -9999 -9999 -9999 -9999 68 68 70 70 -9999 75 79 77 71 66 66 68 66 66 65 65 67 64 65 64 64 68 67 63 -9999 65 64 64 65 65 65 66 67 65 63 65 64 63 64 -9999 -9999 -9999 -9999 -9999 -9999 -9999 -9999 -9999 -9999 -9999 -9999 -9999 -9999 -9999 -9999 -9999 -9999 -9999 -9999 -9999 -9999 -9999 -9999 -9999 -9999 -9999 -9999 -9999 -9999 -9999 -9999 -9999 -9999 -9999 -9999 -9999 -9999 -9999 -9999
-9999 -9999 -9999 -9999 -9999 -9999 -9999 -9999 -9999 -9999 -9999 -9999 -9999 64 65 64 66 66 67 69 70 70 70 68 67 67 66 65 68 70 69 68 66 65 63 62 66 70 69 67 62 -9999 64 66 67 67 67 65 64 66 62 67 67 68 68 66 66 69 68 67 66 66 -9999 -9999 -9999 -9999 -9999 -9999 -9999 -9999 -9999 -9999 -9999 -9999 -9999 -9999 -9999 -9999 -9999 -9999 -9999 -9999 -9999 -9999 -9999 -9999 -9999 -9999 -9999 -9999 -9999 -9999 -9999 -9999 -9999 -9999
-9999 -9999 -9999 -9999 -9999 -9999 -9999 -9999 -9999 -9999 -9999 64 63 63 65 64 65 66 66 66 66 65 68 68 65 69 72 67 67 68 68 68 64 -9999 63 65 67 68 70 66 62 63 66 66 67 69 68 68 69 66 68 69 70 70 67 68 70 69 68 69 68 68 65 63 -9999 -9999 -9999 -9999 -9999 -9999 -9999 -9999 -9999 -9999 -9999 -9999 -9999 -9999 -9999 -9999 -9999 -9999 -9999 -9999 -9999 -9999 -9999 -9999 -9999 -9999 -9999 -9999 -9999 -9999 -9999 -9999
-9999 -9999 -9999 -9999 -9999 -9999 -9999 -9999 62 -9999 62 -9999 60 61 65 66 65 68 72 72 70 67 68 69 72 69 69 69 69 68 66 64 65 65 66 67 70 71 68 64 66 67 68 69 69 69 66 64 63 64 66 67 69 70 69 69 71 72 71 70 69 69 67 65 63 62 60 -9999 -9999 -9999 -9999 -9999 -9999 -9999 -9999 -9999 -9999 -9999 -9999 -9999 -9999 -9999 -9999 -9999 -9999 -9999 -9999 -9999 -9999 -9999 -9999 -9999 -9999 -9999 -9999 -9999
79 78 72 71 71 -9999 -9999 63 66 66 65 70 70 66 69 70 70 66 69 68 66 69 72 71 69 70 70 70 69 66 63 64 69 69 72 70 70 69 71 70 68 68 68 69 68 67 65 64 63 64 65 66 68 68 67 67 70 71 72 71 68 66 65 65 63 62 61 -9999 -9999 -9999 -9999 -9999 -9999 -9999 -9999 -9999 -9999 -9999 -9999 -9999 -9999 -9999 -9999 -9999 -9999 -9999 -9999 -9999 -9999 -9999 -9999 -9999 -9999 -9999 -9999 -9999
79 -9999 73 70 69 65 60 62 65 67 71 70 71 69 69 72 71 66 63 66 68 69 72 74 70 69 72 73 70 66 64 70 76 75 74 76 75 78 76 73 71 70 69 68 66 65 65 64 64 64 64 64 65 66 65 66 66 67 67 66 65 65 63 -9999 -9999 -9999 -9999 -9999 -9999 -9999 -9999 -9999 -9999 -9999 -9999 -9999 -9999 -9999 -9999 -9999 -9999 -9999 -9999 -9999 -9999 -9999 -9999 -9999 -9999 -9999 -9999 -9999 -9999 -9999 -9999 -9999
74 74 69 68 67 64 63 67 68 68 64 65 69 73 75 75 73 71 65 63 64 68 70 72 71 71 76 78 77 67 67 71 75 73 76 78 76 73 70 71 69 68 68 68 68 68 68 65 64 67 67 67 68 68 69 68 67 67 67 67 66 67 65 -9999 -9999 -9999 -9999 -9999 -9999 62 -9999 62 63 63 63 -9999 -9999 -9999 -9999 -9999 -9999 -9999 -9999 -9999 -9999 -9999 -9999 -9999 -9999 -9999 -9999 -9999 -9999 -9999 -9999 -9999
78 74 64 73 70 73 65 68 77 77 72 70 68 71 74 75 73 73 71 69 70 70 70 71 72 71 72 74 73 70 68 69 70 71 71 70 71 70 72 71 70 68 68 69 68 69 69 67 66 66 66 67 66 66 66 66 66 66 67 66 66 67 66 67 67 66 67 66 64 63 65 66 65 65 64 65 65 64 63 -9999 -9999 -9999 -9999 -9999 -9999 -9999 -9999 -9999 -9999 -9999 -9999 -9999 -9999 -9999 -9999 -9999
76 67 72 71 78 80 77 69 76 82 79 82 81 78 74 75 75 76 75 72 70 71 71 72 70 70 70 71 72 70 69 69 70 70 69 69 71 72 73 71 70 69 68 67 68 68 67 67 66 65 65 65 65 65 66 66 67 68 68 67 67 66 68 69 69 66 65 64 66 66 66 65 64 66 65 66 66 66 64 -9999 -9999 -9999 -9999 -9999 -9999 -9999 -9999 -9999 -9999 -9999 -9999 -9999 -9999 -9999 -9999 -9999
74 66 80 78 85 79 81 78 76 75 75 77 77 78 75 73 74 76 72 71 71 69 70 71 70 68 69 69 69 69 68 68 69 69 68 69 70 70 70 69 69 68 68 67 67 66 66 66 65 65 65 65 65 67 68 68 68 67 66 66 66 68 71 70 68 66 65 66 66 66 66 66 66 65 65 66 66 66 66 67 65 -9999 -9999 64 64 64 63 -9999 -9999 -9999 -9999 -9999 -9999 -9999 -9999 -9999
79 82 78 78 82 85 83 83 82 79 78 74 73 74 73 72 71 73 72 71 70 68 69 69 70 70 69 69 68 68 69 70 70 68 68 70 71 70 69 69 68 66 66 66 66 65 65 64 64 64 64 65 66 66 66 65 67 67 69 69 69 69 70 69 68 68 67 67 68 68 68 67 66 67 67 67 66 66 67 66 65 65 65 65 65 64 63 62 62 61 59 59 59 59 59 59
80 80 80 81 75 80 81 81 77 76 75 74 73 72 72 72 70 69 68 68 70 70 69 70 69 68 68 68 69 70 69 69 68 68 67 69 70 70 70 69 68 66 65 65 64 64 64 64 64 64 64 65 66 66 65 66 67 69 70 69 69 69 68 69 69 69 70 69 68 67 67 68 68 67 67 69 69 68 67 67 66 66 66 66 66 66 65 64 63 62 61 61 61 60 60 60
83 81 80 79 77 75 76 78 78 77 76 73 71 71 71 71 70 68 68 69 70 71 71 69 69 69 69 69 69 69 69 68 68 67 67 67 67 67 66 66 65 66 65 64 63 63 64 64 64 64 65 66 66 66 67 68 69 69 69 69 70 69 69 69 69 69 69 69 68 69 69 68 69 69 69 68 69 69 68 69 69 68 67 68 67 67 66 65 64 64 63 62 62 61 62 63
83 84 81 81 81 81 78 75 74 76 77 74 73 71 71 72 71 69 69 68 69 69 70 69 70 70 70 70 69 69 68 68 68 67 70 69 68 67 66 68 68 67 66 65 65 63 64 65 66 67 68 67 68 68 68 68 68 69 69 69 69 69 68 68 67 68 68 67 68 68 68 67 68 68 69 69 69 69 69 71 70 69 69 69 69 67 67 67 66 66 64 63 63 63 64 66
82 82 81 80 80 79 78 77 77 75 72 71 71 69 69 70 69 68 68 68 67 68 70 68 68 69 68 69 69 69 68 67 68 68 68 69 69 69 69 69 70 68 68 66 66 66 67 66 67 68 68 67 67 67 68 68 68 68 69 69 69 70 69 68 68 67 67 67 67 67 67 67 67 70 71 71 71 71 71 70 71 71 69 69 70 69 68 69 67 66 66 65 65 66 65 66
80 81 82 82 81 78 77 76 75 74 74 71 69 68 68 68 67 66 66 66 66 66 67 66 66 66 67 67 68 68 68 68 67 67 67 67 67 68 68 68 68 68 69 68 69 69 68 67 68 67 68 69 69 69 70 70 69 69 70 72 71 71 70 69 70 69 69 68 67 67 68 70 69 70 72 72 72 72 73 70 70 71 72 73 71 70 69 70 69 68 68 66 67 67 68 67
76 79 82 81 80 80 78 76 74 73 73 70 70 70 70 69 67 66 66 66 67 67 70 68 66 67 67 67 68 67 68 68 68 68 68 68 68 68 68 68 68 68 68 68 69 70 69 70 72 72 73 72 71 72 71 70 70 70 71 70 69 70 69 68 70 74 72 71 72 69 70 71 72 71 73 72 73 73 72 71 71 72 72 73 73 71 70 69 69 68 68 67 67 67 67 68
80 79 78 79 79 78 77 76 74 71 70 70 70 69 69 70 69 67 67 67 67 66 66 67 69 67 67 66 66 67 67 67 68 68 68 68 67 67 67 67 68 68 68 68 69 68 68 69 69 70 70 71 71 71 72 71 71 70 70 70 70 69 68 69 69 69 69 73 74 75 73 73 72 73 77 73 71 72 72 72 72 72 72 73 73 72 71 70 70 69 68 67 68 68 68 68
82 82 79 79 76 76 74 72 72 71 71 69 68 68 69 70 69 69 68 67 67 66 67 67 68 68 68 67 66 66 67 67 67 68 69 69 69 69 69 68 67 68 69 68 68 68 68 69 70 70 71 71 71 71 71 72 72 71 71 71 70 69 71 71 70 71 73 71 71 72 73 74 75 73 81 77 74 72 72 71 73 74 76 76 73 71 73 76 75 73 69 68 68 68 69 69
82 83 83 80 78 75 73 70 69 68 68 68 68 68 68 68 68 69 68 68 66 67 67 68 68 69 68 67 67 67 67 68 68 68 69 69 69 69 68 67 67 67 68 69 69 69 70 71 72 70 71 71 70 71 72 72 73 74 74 72 71 70 69 70 72 70 70 70 71 73 72 71 70 71 79 74 72 71 72 77 85 83 84 79 76 72 73 79 77 73 69 69 69 69 70 69
83 83 82 81 78 76 74 73 70 69 69 69 68 68 68 68 68 69 69 68 67 67 68 67 68 69 68 68 68 67 67 68 68 68 69 69 68 68 68 67 67 68 68 68 68 69 70 70 71 71 71 70 71 71 72 72 74 75 74 74 74 73 73 72 72 71 71 71 71 70 70 70 70 70 70 70 71 72 72 73 76 77 79 79 74 71 71 71 71 70 70 70 70 70 69 70
83 84 84 81 78 76 74 72 71 70 71 70 69 68 68 68 68 68 68 67 66 67 67 67 68 68 69 68 68 68 69 69 69 69 69 69 69 69 68 67 67 68 69 69 68 68 69 70 70 70 71 71 73 73 73 74 74 75 75 74 74 75 76 74 73 74 74 76 75 72 72 71 70 70 70 71 73 74 73 74 74 73 73 72 72 72 72 72 71 71 70 69 70 71 71 71
81 81 80 79 78 76 74 73 71 71 72 71 70 69 68 68 68 68 68 67 67 67 67 68 68 69 69 69 69 69 69 69 70 70 70 70 70 71 69 69 68 69 70 69 69 69 70 70 70 70 71 72 72 73 74 73 74 74 75 74 75 75 76 77 76 76 76 77 75 74 72 72 71 69 70 73 74 76 77 75 74 74 73 72 72 71 70 72 71 71 71 70 70 70 71 71
81 80 79 79 74 73 72 72 71 71 70 70 71 70 69 68 69 69 69 69 68 68 68 68 68 69 69 69 69 69 69 70 71 70 70 71 71 70 70 70 70 71 70 70 70 70 70 71 72 73 73 72 72 73 73 74 74 75 75 75 75 75 75 75 75 75 74 76 76 75 72 70 69 69 69 72 73 76 76 76 74 73 73 72 71 70 71 71 71 71 70 69 69 68 69 69
79 78 78 76 76 75 75 73 71 70 70 69 70 70 70 69 69 69 69 70 69 68 67 67 69 69 69 70 70 69 70 70 70 71 71 72 71 71 71 71 71 71 71 71 70 71 71 72 72 72 73 72 73 73 75 75 75 75 76 77 75 73 72 73 73 72 73 72 73 72 72 71 70 71 71 71 72 76 79 77 75 73 73 72 71 71 70 70 70 70 69 69 69 69 68 69
76 76 76 77 76 75 75 75 74 73 71 70 70 69 71 70 69 70 70 70 70 69 68 67 69 69 69 70 70 71 71 71 70 71 72 72 72 71 71 71 71 72 72 71 71 71 72 72 72 73 74 75 75 75 75 77 77 77 76 76 75 73 72 72 73 72 73 75 72 72 71 71 71 71 72 74 75 76 76 74 74 73 72 72 71 70 69 69 69 69 69 69 70 70 69 69
76 76 74 75 76 75 75 75 75 75 73 72 71 70 69 70 69 70 71 70 71 70 69 69 70 70 69 69 70 71 71 71 71 71 72 72 71 71 72 71 71 72 72 72 72 73 73 73 73 74 75 75 76 75 75 75 76 77 76 76 77 76 75 74 73 73 73 73 74 73 73 72 72 73 74 76 76 77 76 75 75 74 -9999 -9999 -9999 -9999 69 69 68 68 68 68 68 69 69 69
77 76 74 73 73 74 74 74 74 74 73 74 74 71 70 69 69 69 70 71 71 70 70 71 70 71 70 71 72 72 71 71 71 72 73 72 71 71 72 72 72 73 73 72 73 75 75 75 75 75 75 76 76 76 75 75 76 77 77 77 78 78 76 74 73 73 75 74 75 75 74 74 75 75 75 76 77 77 76 76 76 74 73 72 -9999 -9999 -9999 -9999 -9999 -9999 66 67 67 68 68 68
79 77 75 75 73 73 73 74 73 72 71 72 73 72 71 71 70 70 71 71 71 70 70 70 71 71 71 71 71 71 71 71 72 73 73 73 74 74 73 74 73 73 73 74 74 76 76 76 75 76 77 77 76 77 77 78 77 77 77 78 78 78 77 75 75 75 74 75 76 76 76 76 77 77 77 77 77 77 78 77 76 75 74 73 72 70 -9999 -9999 -9999 -9999 -9999 -9999 -9999 -9999 -9999 -9999
78 78 77 76 74 72 73 74 73 72 71 71 71 72 71 71 70 70 71 71 71 70 70 70 70 71 70 70 70 71 71 71 72 73 74 74 74 74 74 75 75 75 75 75 76 76 77 77 77 77 78 78 78 79 79 79 79 78 78 78 78 78 78 76 75 75 75 76 77 77 77 77 78 78 78 78 79 79 79 78 77 76 75 74 73 71 70 68 -9999 -9999 -9999 -9999 -9999 -9999 -9999 -9999
75 75 76 77 76 75 75 73 72 72 71 71 70 70 70 70 70 70 70 70 70 70 70 70 70 70 70 70 70 71 72 72 72 72 73 74 74 74 74 75 75 76 75 76 76 77 78 79 78 78 78 79 79 80 79 79 79 78 78 79 79 80 79 79 78 77 76 76 77 77 78 78 78 79 79 79 79 79 79 78 77 77 76 75 73 72 70 68 67 66 -9999 -9999 -9999 -9999 -9999 -9999
79 77 77 74 75 74 74 74 74 72 71 71 71 71 71 70 70 70 70 70 70 70 70 70 70 70 70 70 70 71 71 71 72 72 73 74 74 74 75 75 75 76 76 76 77 79 79 79 80 79 79 79 79 79 79 79 80 80 81 80 80 80 79 79 79 78 78 78 78 77 78 78 79 80 80 80 79 79 79 79 78 78 76 75 74 72 71 69 68 68 -9999 -9999 -9999 -9999 -9999 -9999
81 80 79 77 76 75 74 74 74 73 72 72 73 73 72 72 71 71 70 -9999 -9999 -9999 70 70 -9999 -9999 -9999 70 70 70 70 71 71 72 73 73 74 74 75 75 76 76 76 76 77 78 79 79 79 79 79 80 80 80 81 81 81 80 80 80 80 80 79 78 79 79 79 79 79 80 80 80 80 80 80 81 80 80 80 80 79 78 77 76 74 73 72 71 70 68 -9999 -9999 -9999 -9999 -9999 -9999
80 80 80 79 78 77 75 74 73 73 72 72 73 73 73 72 72 -9999 -9999 -9999 -9999 -9999 -9999 -9999 -9999 -9999 -9999 -9999 71 70 70 70 71 72 72 73 74 75 75 76 77 77 77 78 78 79 79 79 81 81 81 81 82 82 81 81 81 80 80 81 80 80 79 79 80 80 81 81 81 81 81 81 81 81 81 81 82 82 81 80 80 79 78 77 76 74 73 72 71 -9999 -9999 -9999 -9999 -9999 -9999 -9999
79 79 79 79 79 78 76 75 74 73 73 74 -9999 -9999 -9999 -9999 -9999 -9999 -9999 -9999 -9999 -9999 -9999 -9999 -9999 -9999 -9999 -9999 -9999 -9999 -9999 71 72 72 73 74 75 76 76 77 77 78 78 79 79 80 81 80 81 82 82 82 82 82 82 82 82 82 82 82 81 80 80 79 80 79 80 80 81 81 81 82 82 82 83 83 83 82 82 81 81 80 79 78 77 76 75 74 73 -9999 -9999 -9999 -9999 -9999 71 71
79 79 78 79 78 77 75 75 74 74 74 -9999 -9999 -9999 -9999 -9999 -9999 -9999 -9999 -9999 -9999 -9999 -9999 -9999 -9999 -9999 -9999 72 72 72 72 71 72 72 73 74 75 76 77 77 78 79 79 80 80 81 81 83 81 82 83 83 84 84 83 83 83 83 83 82 81 80 80 80 79 80 80 80 81 81 82 83 83 83 83 83 83 83 82 82 82 82 81 80 78 77 76 75 75 -9999 -9999 -9999 -9999 72 72 72
78 78 78 77 77 76 75 74 74 -9999 -9999 -9999 -9999 -9999 -9999 -9999 -9999 -9999 -9999 -9999 -9999 -9999 -9999 -9999 -9999 -9999 -9999 73 73 73 72 72 72 72 74 75 76 77 78 79 79 80 81 81 82 83 83 85 84 84 84 84 84 83 83 83 84 83 83 83 83 82 82 81 81 83 82 82 83 83 83 83 83 83 84 84 84 84 84 85 84 83 82 81 79 78 77 76 76 75 74 74 -9999 73 72 72
79 78 78 77 76 76 76 76 -9999 -9999 -9999 -9999 -9999 -9999 -9999 -9999 -9999 -9999 -9999 -9999 -9999 -9999 -9999 -9999 -9999 -9999 74 73 74 74 74 73 73 74 75 76 77 78 79 80 81 82 82 83 84 84 85 86 86 85 84 84 85 85 85 84 84 84 84 84 85 84 83 83 83 83 83 83 83 83 83 84 84 85 85 85 86 86 86 85 85 84 83 83 82 80 79 78 77 76 76 -9999 -9999 75 -9999 -9999
79 79 78 77 77 76 77 78 78 78 -9999 -9999 -9999 -9999 -9999 -9999 -9999 -9999 -9999 -9999 -9999 -9999 -9999 -9999 -9999 75 75 75 76 76 76 76 76 76 77 78 79 80 81 81 82 83 83 84 85 86 86 86 87 86 86 86 86 86 85 85 86 85 85 85 85 85 85 85 84 84 85 85 85 86 86 86 86 86 87 88 88 88 87 87 86 86 85 84 83 82 81 79 78 77 77 -9999 -9999 75 75 -9999
79 80 78 78 78 77 78 79 79 78 -9999 -9999 -9999 -9999 -9999 -9999 -9999 -9999 -9999 -9999 -9999 -9999 -9999 75 76 76 76 77 78 78 78 78 78 78 78 79 80 81 82 83 84 84 84 85 86 86 86 86 87 87 87 87 88 88 87 87 87 86 86 86 86 86 86 86 85 85 85 85 85 86 87 87 88 88 89 89 89 89 88 88 87 87 86 86 85 84 82 81 80 79 79 78 77 77 77 77
80 79 79 78 78 78 79 80 80 -9999 -9999 -9999 -9999 -9999 -9999 -9999 -9999 -9999 -9999 -9999 -9999 77 77 77 77 78 78 78 78 78 79 80 80 80 81 81 82 83 84 84 85 85 86 86 87 88 88 88 88 89 88 88 88 88 87 87 87 86 86 86 87 87 87 87 86 86 87 87 87 87 88 88 89 90 90 90 90 90 90 89 89 88 87 86 85 84 83 83 82 81 80 80 79 79 78 78
78 78 77 78 77 77 78 -9999 -9999 -9999 -9999 -9999 -9999 -9999 -9999 -9999 -9999 -9999 -9999 -9999 77 78 78 78 79 79 79 79 79 80 81 82 82 82 82 83 84 84 85 86 88 88 88 88 89 89 90 91 90 90 89 89 89 89 89 89 88 88 88 88 88 88 88 88 87 87 88 89 90 89 90 90 90 91 91 91 92 92 91 91 90 89 89 88 87 85 85 85 85 84 83 82 81 80 80 79
