resultados/variables_proyeccion_tiempo/variables_paleo_130k/bio12.asc
ncols 330
nrows 228
xllcorner -12.000000
yllcorner 34.000000
cellsize 0.166667
NODATA_value -9999
[rows 80 to 119 of 228, columns 91 to 181 of 330]
-9999 -9999 -9999 -9999 -9999 -9999 -9999 -9999 -9999 -9999 -9999 -9999 -9999 -9999 1263 1398 1528 1593 1740 1800 1808 1750 1714 1660 1610 1471 1383 1280 1271 1204 1122 1079 1017 936 867 817 771 -9999 -9999 -9999 -9999 -9999 -9999 -9999 -9999 -9999 -9999 -9999 657 674 688 696 692 687 667 648 632 613 590 564 537 534 529 532 525 531 538 541 536 532 530 527 515 506 504 502 497 499 496 496 499 496 494 491 -9999 -9999 -9999 -9999 -9999 -9999 -9999
-9999 -9999 -9999 -9999 -9999 -9999 -9999 -9999 -9999 -9999 -9999 -9999 -9999 -9999 -9999 1332 1396 1517 1609 1711 1709 1710 1656 1623 1536 1434 1383 1328 1281 1255 1228 1159 1033 948 885 -9999 -9999 -9999 -9999 -9999 -9999 -9999 -9999 -9999 -9999 -9999 -9999 -9999 634 650 659 677 686 677 666 659 648 634 611 574 542 538 544 569 535 533 540 527 522 522 518 513 502 490 484 487 493 497 496 493 490 484 480 -9999 -9999 -9999 -9999 -9999 -9999 -9999 -9999
-9999 -9999 -9999 -9999 -9999 -9999 -9999 -9999 -9999 -9999 -9999 -9999 -9999 -9999 -9999 -9999 -9999 -9999 1530 1629 1640 1621 1614 1567 1500 1427 1355 1324 1273 1243 1213 1138 1054 -9999 -9999 -9999 -9999 -9999 -9999 -9999 -9999 -9999 -9999 -9999 -9999 -9999 -9999 -9999 620 627 645 658 682 698 690 693 688 674 647 610 581 574 572 570 544 540 529 516 520 525 524 515 506 499 494 492 494 494 492 488 482 473 466 456 -9999 -9999 -9999 -9999 -9999 -9999 -9999
-9999 -9999 -9999 -9999 -9999 -9999 -9999 -9999 -9999 -9999 -9999 -9999 -9999 -9999 -9999 -9999 -9999 -9999 -9999 -9999 1515 1534 1507 1447 1420 1367 1296 1268 1217 1179 1171 -9999 -9999 -9999 -9999 -9999 -9999 -9999 -9999 -9999 -9999 -9999 -9999 -9999 -9999 -9999 -9999 -9999 -9999 615 621 642 686 713 723 743 739 723 704 676 648 623 606 591 572 563 522 516 541 538 531 519 514 512 504 491 499 498 487 477 471 462 455 -9999 -9999 -9999 -9999 -9999 -9999 -9999 -9999
-9999 -9999 -9999 -9999 -9999 -9999 -9999 -9999 -9999 -9999 -9999 -9999 -9999 -9999 -9999 -9999 -9999 -9999 -9999 -9999 -9999 -9999 -9999 1388 -9999 1293 1258 -9999 -9999 -9999 -9999 -9999 -9999 -9999 -9999 -9999 -9999 -9999 -9999 -9999 -9999 -9999 -9999 -9999 -9999 -9999 -9999 -9999 -9999 -9999 604 635 682 723 762 772 787 800 781 752 711 672 647 619 592 548 524 550 556 544 545 535 520 515 509 498 494 492 481 467 461 454 -9999 -9999 -9999 -9999 -9999 -9999 -9999 -9999 -9999
-9999 -9999 -9999 -9999 -9999 -9999 -9999 -9999 -9999 -9999 -9999 -9999 -9999 -9999 -9999 -9999 -9999 -9999 -9999 -9999 -9999 -9999 -9999 -9999 -9999 -9999 -9999 -9999 -9999 -9999 -9999 -9999 -9999 -9999 -9999 -9999 -9999 -9999 -9999 -9999 -9999 -9999 -9999 557 555 -9999 -9999 -9999 -9999 -9999 562 619 674 739 788 823 833 845 834 804 760 714 694 651 601 563 552 564 567 560 551 546 539 526 514 500 499 487 476 461 452 443 -9999 -9999 -9999 -9999 -9999 -9999 -9999 -9999 -9999
-9999 -9999 -9999 -9999 -9999 -9999 -9999 -9999 -9999 -9999 -9999 -9999 -9999 -9999 -9999 -9999 -9999 -9999 -9999 -9999 -9999 -9999 -9999 -9999 -9999 -9999 -9999 -9999 -9999 -9999 -9999 -9999 -9999 -9999 -9999 -9999 -9999 -9999 -9999 -9999 590 574 558 550 551 -9999 -9999 -9999 -9999 -9999 -9999 601 671 723 797 815 830 833 831 813 770 733 699 661 633 595 576 586 587 567 546 539 537 527 518 505 495 486 470 453 439 430 -9999 -9999 -9999 -9999 -9999 -9999 -9999 461 472
-9999 -9999 -9999 -9999 -9999 -9999 -9999 -9999 -9999 -9999 -9999 -9999 -9999 -9999 -9999 -9999 -9999 -9999 -9999 -9999 -9999 -9999 -9999 -9999 -9999 -9999 -9999 -9999 -9999 -9999 -9999 -9999 -9999 -9999 -9999 -9999 -9999 -9999 -9999 604 583 567 559 549 535 -9999 -9999 -9999 -9999 -9999 -9999 -9999 653 691 749 791 803 835 848 825 796 767 720 686 651 612 591 588 580 569 555 544 534 522 511 502 494 487 465 447 432 423 -9999 393 -9999 -9999 -9999 -9999 -9999 455 467
-9999 -9999 -9999 -9999 -9999 -9999 -9999 -9999 -9999 -9999 -9999 -9999 -9999 -9999 -9999 -9999 -9999 -9999 -9999 -9999 -9999 -9999 -9999 -9999 -9999 -9999 -9999 -9999 -9999 -9999 -9999 -9999 -9999 -9999 -9999 -9999 -9999 657 631 599 569 558 552 536 527 -9999 515 516 516 -9999 -9999 -9999 -9999 679 713 757 792 827 838 827 808 777 729 693 654 622 604 591 583 573 567 561 553 534 519 505 490 480 460 440 429 -9999 403 398 -9999 -9999 -9999 -9999 444 455 465
-9999 -9999 -9999 -9999 -9999 -9999 -9999 -9999 -9999 -9999 -9999 -9999 -9999 -9999 -9999 -9999 -9999 -9999 -9999 -9999 -9999 -9999 -9999 -9999 -9999 -9999 -9999 -9999 -9999 -9999 -9999 816 806 775 744 716 691 665 630 598 568 554 542 533 -9999 -9999 -9999 -9999 -9999 -9999 -9999 -9999 -9999 -9999 690 718 762 796 829 838 823 794 753 701 668 632 616 603 589 573 561 555 558 542 524 508 489 469 451 433 422 415 408 404 -9999 -9999 -9999 -9999 -9999 452 462
-9999 -9999 -9999 -9999 -9999 -9999 -9999 -9999 -9999 -9999 -9999 -9999 -9999 -9999 -9999 -9999 -9999 -9999 -9999 -9999 -9999 -9999 -9999 -9999 -9999 -9999 -9999 -9999 -9999 -9999 805 798 782 753 721 696 677 660 639 628 601 568 545 533 -9999 -9999 -9999 -9999 -9999 -9999 -9999 -9999 -9999 -9999 -9999 688 712 758 813 843 844 806 756 710 674 642 622 604 582 574 564 559 554 543 527 505 483 464 445 429 426 421 416 -9999 -9999 -9999 -9999 -9999 -9999 457 463
-9999 -9999 -9999 -9999 -9999 -9999 -9999 -9999 -9999 -9999 -9999 -9999 -9999 -9999 -9999 -9999 -9999 -9999 -9999 -9999 -9999 -9999 -9999 -9999 -9999 -9999 -9999 -9999 -9999 -9999 794 778 753 734 705 680 664 654 643 639 618 577 545 530 -9999 -9999 -9999 -9999 -9999 -9999 535 -9999 -9999 -9999 -9999 -9999 690 706 744 830 847 803 753 705 670 637 615 601 580 571 558 546 538 531 522 502 480 458 438 428 432 425 418 -9999 -9999 -9999 -9999 -9999 -9999 -9999 -9999
-9999 -9999 -9999 -9999 -9999 -9999 -9999 -9999 -9999 -9999 -9999 -9999 -9999 -9999 -9999 -9999 -9999 -9999 -9999 -9999 -9999 -9999 -9999 -9999 -9999 -9999 -9999 -9999 -9999 812 801 784 748 723 700 673 662 654 642 625 603 578 544 526 511 505 498 -9999 -9999 -9999 -9999 -9999 -9999 -9999 -9999 -9999 -9999 674 696 740 779 762 736 694 657 632 608 594 577 561 551 543 534 523 509 497 479 458 443 442 439 431 -9999 -9999 -9999 -9999 -9999 -9999 -9999 -9999 -9999
-9999 -9999 -9999 -9999 -9999 -9999 -9999 -9999 -9999 -9999 -9999 -9999 -9999 -9999 -9999 -9999 -9999 -9999 -9999 -9999 -9999 -9999 -9999 -9999 -9999 -9999 -9999 -9999 -9999 802 792 781 761 736 711 691 678 659 644 624 594 566 541 521 510 500 496 -9999 -9999 -9999 -9999 -9999 -9999 -9999 -9999 -9999 624 658 695 706 719 717 694 668 633 612 594 579 568 555 541 533 524 514 507 497 476 460 449 452 447 -9999 -9999 -9999 -9999 -9999 -9999 -9999 -9999 -9999 -9999
-9999 -9999 -9999 -9999 -9999 -9999 -9999 -9999 -9999 -9999 -9999 -9999 -9999 -9999 -9999 -9999 -9999 -9999 -9999 -9999 -9999 -9999 -9999 -9999 -9999 -9999 -9999 -9999 -9999 791 781 778 773 755 734 716 697 680 653 627 601 568 543 520 509 496 492 -9999 -9999 -9999 -9999 520 -9999 -9999 -9999 591 593 610 637 668 686 685 667 630 601 573 564 554 539 528 521 511 506 500 498 494 482 468 -9999 461 455 -9999 -9999 -9999 -9999 -9999 -9999 -9999 -9999 -9999 -9999
-9999 -9999 -9999 -9999 -9999 -9999 -9999 -9999 -9999 -9999 -9999 -9999 -9999 -9999 -9999 -9999 -9999 -9999 -9999 -9999 -9999 -9999 -9999 -9999 -9999 -9999 -9999 -9999 -9999 779 769 773 771 764 758 739 717 703 676 632 593 568 543 510 508 494 -9999 -9999 -9999 -9999 -9999 -9999 528 536 546 558 579 596 613 640 643 648 645 616 583 542 524 516 517 506 504 498 495 492 489 485 484 -9999 -9999 -9999 -9999 -9999 -9999 -9999 -9999 -9999 -9999 -9999 -9999 -9999 -9999
-9999 -9999 -9999 -9999 -9999 -9999 -9999 -9999 -9999 -9999 -9999 -9999 -9999 -9999 -9999 -9999 -9999 -9999 -9999 -9999 -9999 -9999 -9999 -9999 -9999 -9999 -9999 -9999 -9999 775 766 763 765 767 768 758 744 734 697 642 602 567 540 511 500 494 -9999 497 501 513 517 519 526 529 539 553 559 580 588 604 622 620 616 615 587 536 511 509 -9999 502 -9999 -9999 -9999 -9999 -9999 -9999 -9999 -9999 -9999 -9999 -9999 -9999 -9999 -9999 -9999 -9999 -9999 -9999 -9999 -9999 -9999
-9999 -9999 -9999 -9999 -9999 -9999 -9999 -9999 -9999 -9999 -9999 -9999 -9999 -9999 -9999 -9999 -9999 -9999 -9999 -9999 -9999 -9999 -9999 -9999 -9999 -9999 -9999 -9999 -9999 773 768 769 776 783 794 787 769 739 701 651 609 574 532 -9999 502 -9999 503 506 508 515 518 525 529 526 530 543 550 532 558 565 587 600 603 597 585 551 517 -9999 -9999 -9999 -9999 -9999 -9999 -9999 -9999 -9999 -9999 -9999 -9999 -9999 -9999 -9999 -9999 -9999 -9999 -9999 -9999 -9999 -9999 -9999 -9999
-9999 -9999 -9999 -9999 -9999 -9999 -9999 -9999 -9999 -9999 -9999 -9999 -9999 -9999 -9999 -9999 -9999 -9999 -9999 -9999 -9999 -9999 -9999 -9999 -9999 -9999 -9999 -9999 -9999 773 767 762 772 791 815 808 771 731 689 645 610 581 557 535 514 514 506 510 517 527 531 540 539 532 525 528 527 524 520 544 571 595 583 563 550 540 517 498 -9999 -9999 -9999 -9999 -9999 -9999 -9999 -9999 -9999 -9999 -9999 -9999 -9999 -9999 -9999 -9999 -9999 -9999 -9999 -9999 -9999 -9999 -9999
-9999 -9999 -9999 -9999 -9999 -9999 -9999 -9999 -9999 -9999 -9999 -9999 -9999 -9999 -9999 -9999 -9999 -9999 -9999 -9999 -9999 -9999 -9999 -9999 -9999 -9999 -9999 -9999 -9999 -9999 756 755 767 784 809 810 775 732 685 635 617 603 574 548 531 522 -9999 518 522 533 530 531 531 524 513 507 -9999 474 496 523 551 563 557 547 526 514 504 -9999 -9999 -9999 -9999 -9999 -9999 -9999 -9999 -9999 -9999 -9999 -9999 -9999 -9999 -9999 -9999 -9999 -9999 -9999 -9999 -9999 -9999 -9999 -9999
-9999 -9999 -9999 -9999 -9999 -9999 -9999 -9999 -9999 -9999 -9999 -9999 -9999 -9999 -9999 -9999 -9999 -9999 -9999 -9999 -9999 -9999 -9999 -9999 -9999 -9999 -9999 -9999 -9999 -9999 -9999 765 765 783 811 821 789 743 690 650 621 613 589 572 560 535 518 520 524 526 517 516 528 520 508 505 -9999 -9999 -9999 -9999 -9999 -9999 -9999 -9999 -9999 -9999 -9999 -9999 -9999 498 507 503 -9999 -9999 -9999 -9999 -9999 -9999 -9999 -9999 -9999 -9999 -9999 -9999 -9999 -9999 -9999 -9999 -9999 -9999 -9999
-9999 -9999 -9999 -9999 -9999 -9999 -9999 -9999 -9999 -9999 -9999 -9999 -9999 -9999 -9999 -9999 -9999 -9999 -9999 -9999 -9999 -9999 -9999 -9999 -9999 -9999 -9999 -9999 -9999 -9999 -9999 772 774 789 812 823 802 762 720 670 652 612 600 578 562 542 529 524 523 528 510 510 517 515 501 499 502 -9999 -9999 -9999 -9999 -9999 -9999 -9999 -9999 -9999 -9999 -9999 -9999 482 506 514 -9999 -9999 -9999 -9999 -9999 -9999 -9999 -9999 -9999 -9999 -9999 -9999 -9999 -9999 -9999 -9999 -9999 -9999 -9999
-9999 -9999 -9999 -9999 -9999 -9999 -9999 -9999 -9999 -9999 -9999 -9999 -9999 -9999 -9999 -9999 -9999 -9999 -9999 -9999 -9999 -9999 -9999 -9999 -9999 -9999 -9999 -9999 -9999 -9999 779 780 786 791 804 810 800 778 736 692 662 649 610 592 554 542 533 540 541 539 529 525 522 515 506 498 509 -9999 -9999 -9999 -9999 -9999 -9999 -9999 -9999 -9999 -9999 -9999 -9999 -9999 -9999 -9999 -9999 -9999 -9999 -9999 -9999 -9999 -9999 -9999 -9999 -9999 -9999 -9999 -9999 -9999 -9999 -9999 -9999 -9999 562
-9999 -9999 -9999 -9999 -9999 -9999 -9999 -9999 -9999 -9999 -9999 -9999 -9999 -9999 -9999 -9999 -9999 -9999 -9999 -9999 -9999 -9999 -9999 -9999 -9999 -9999 -9999 -9999 -9999 -9999 781 782 784 788 794 799 802 798 774 741 700 679 -9999 598 560 560 545 548 548 545 542 537 527 520 -9999 -9999 -9999 -9999 -9999 -9999 478 482 -9999 -9999 -9999 -9999 -9999 -9999 -9999 -9999 -9999 -9999 -9999 -9999 -9999 -9999 -9999 -9999 -9999 -9999 -9999 -9999 -9999 614 616 619 622 623 608 587 572
-9999 -9999 -9999 -9999 -9999 -9999 -9999 -9999 -9999 -9999 -9999 -9999 -9999 -9999 -9999 -9999 -9999 -9999 -9999 -9999 -9999 -9999 -9999 -9999 -9999 -9999 -9999 -9999 -9999 -9999 784 782 782 785 790 791 798 808 807 765 726 695 -9999 -9999 -9999 -9999 -9999 565 563 547 545 539 531 -9999 -9999 -9999 -9999 -9999 -9999 482 479 479 501 508 -9999 -9999 -9999 -9999 -9999 -9999 -9999 -9999 -9999 -9999 -9999 -9999 -9999 -9999 -9999 615 615 618 621 625 631 636 632 632 623 597 580
-9999 -9999 -9999 -9999 -9999 -9999 -9999 -9999 -9999 -9999 -9999 -9999 -9999 -9999 -9999 -9999 -9999 -9999 -9999 -9999 -9999 -9999 -9999 -9999 -9999 -9999 -9999 -9999 -9999 -9999 -9999 779 778 780 782 783 794 804 808 778 743 711 681 660 638 -9999 597 574 566 -9999 -9999 -9999 -9999 -9999 -9999 506 499 493 489 488 484 487 486 488 -9999 -9999 -9999 -9999 -9999 -9999 -9999 -9999 -9999 -9999 -9999 -9999 -9999 -9999 624 623 624 624 629 632 643 648 654 649 636 610 591
-9999 -9999 -9999 -9999 -9999 -9999 -9999 -9999 -9999 -9999 -9999 -9999 -9999 -9999 -9999 -9999 -9999 -9999 -9999 -9999 -9999 -9999 -9999 -9999 -9999 -9999 -9999 -9999 -9999 -9999 -9999 -9999 778 779 777 780 789 790 788 774 752 725 698 676 652 641 602 586 -9999 -9999 -9999 -9999 538 531 523 511 504 499 497 496 494 491 490 487 -9999 -9999 -9999 -9999 -9999 -9999 -9999 -9999 -9999 -9999 569 588 608 631 638 636 637 633 634 643 647 650 655 649 632 610 588
-9999 -9999 -9999 -9999 -9999 -9999 -9999 -9999 -9999 -9999 -9999 -9999 -9999 -9999 -9999 -9999 -9999 -9999 -9999 -9999 -9999 -9999 -9999 -9999 -9999 -9999 -9999 -9999 -9999 -9999 -9999 -9999 -9999 769 770 772 781 784 780 773 746 728 708 680 662 635 611 592 581 559 558 560 550 536 529 522 509 499 498 500 502 506 507 499 494 494 -9999 -9999 497 506 515 527 539 554 572 591 607 627 638 641 643 646 640 646 652 649 645 632 612 594 574
-9999 -9999 -9999 -9999 -9999 -9999 -9999 -9999 -9999 -9999 -9999 -9999 -9999 -9999 -9999 -9999 -9999 -9999 -9999 -9999 -9999 -9999 -9999 -9999 -9999 -9999 -9999 -9999 -9999 -9999 -9999 766 761 756 761 762 762 761 759 750 738 725 702 678 654 627 609 597 586 568 564 567 547 533 527 520 509 503 500 502 504 506 508 503 496 495 495 500 501 504 516 529 542 559 577 594 609 620 625 635 639 639 639 636 633 628 622 612 598 582 566
-9999 -9999 -9999 -9999 -9999 -9999 -9999 -9999 -9999 -9999 -9999 -9999 -9999 -9999 -9999 -9999 -9999 -9999 -9999 -9999 -9999 -9999 787 785 778 774 774 771 767 765 762 750 754 751 748 749 747 745 742 738 733 718 694 672 645 627 614 601 590 577 562 553 543 533 526 523 509 504 510 516 511 508 505 500 498 496 496 497 498 508 517 532 544 561 581 595 615 627 625 622 621 617 618 620 615 615 606 596 584 571 559
-9999 -9999 -9999 -9999 -9999 -9999 -9999 -9999 -9999 -9999 -9999 -9999 -9999 -9999 -9999 -9999 -9999 -9999 791 791 789 788 786 776 776 774 772 769 764 760 752 747 744 741 739 739 736 734 727 724 717 697 681 659 637 619 607 595 585 571 562 554 548 538 533 530 522 518 519 517 514 520 520 512 504 497 497 500 499 502 518 535 550 563 573 588 603 611 615 612 608 607 603 605 604 600 592 582 572 564 552
-9999 -9999 -9999 -9999 -9999 -9999 -9999 -9999 -9999 -9999 -9999 780 783 786 788 789 787 787 786 785 784 783 777 770 768 769 770 770 764 758 748 742 735 733 732 725 728 727 725 717 714 670 642 628 610 600 591 583 567 561 551 551 545 537 537 534 525 522 524 522 527 536 535 519 508 509 500 504 502 503 513 528 542 561 574 579 589 600 601 594 592 589 587 586 584 581 576 571 558 551 544
-9999 -9999 -9999 -9999 -9999 -9999 -9999 -9999 -9999 -9999 764 774 -9999 780 781 783 784 783 781 781 781 776 772 766 764 766 767 766 764 762 751 738 732 729 713 717 719 712 707 707 703 679 638 612 606 596 580 565 561 548 545 537 542 534 541 533 529 527 525 525 530 535 532 520 514 507 505 498 505 510 510 520 533 545 560 567 573 574 583 581 579 569 570 567 565 562 559 556 546 540 530
-9999 -9999 -9999 -9999 -9999 -9999 -9999 -9999 -9999 755 758 -9999 -9999 777 777 778 777 777 779 778 775 772 767 764 764 767 769 768 765 761 752 746 730 712 705 704 703 699 692 699 696 676 656 626 607 602 599 559 546 538 532 525 526 530 533 526 528 534 531 532 527 526 527 524 517 507 499 502 514 520 521 528 534 543 551 555 558 560 566 564 555 552 552 548 547 544 541 537 531 527 523
-9999 -9999 -9999 -9999 -9999 -9999 -9999 -9999 -9999 752 760 765 -9999 775 775 774 772 774 774 774 774 774 768 766 765 772 781 781 778 776 770 758 745 727 710 696 694 694 690 682 676 660 653 632 607 596 577 550 538 531 522 514 509 514 515 513 517 523 526 532 532 528 529 523 516 507 511 508 516 519 521 529 537 540 544 545 544 541 544 545 545 547 543 541 539 539 537 532 529 525 521
-9999 -9999 -9999 -9999 -9999 -9999 -9999 -9999 761 758 762 768 773 -9999 770 769 768 767 767 769 769 768 768 767 769 775 782 785 784 780 775 763 753 741 727 708 685 671 659 657 652 647 647 642 620 595 573 548 534 525 513 508 502 502 501 507 513 516 523 532 536 538 532 527 530 509 498 504 511 514 519 526 523 528 528 533 536 538 538 537 534 531 529 529 530 532 530 528 526 523 519
-9999 -9999 -9999 -9999 -9999 -9999 -9999 -9999 769 770 773 775 774 772 769 767 766 763 761 760 760 764 765 766 769 775 782 799 791 789 788 768 755 738 721 705 689 675 651 641 635 630 622 614 598 591 568 548 542 515 514 502 497 497 500 504 510 518 525 533 538 537 528 524 526 515 503 499 499 504 506 515 524 527 531 533 534 538 538 536 527 523 522 524 528 528 527 528 523 521 519
-9999 -9999 -9999 -9999 -9999 -9999 -9999 -9999 775 781 785 783 780 774 769 766 770 762 757 759 757 761 767 765 771 776 781 792 805 810 792 782 763 748 729 711 695 672 655 643 644 637 627 612 597 580 561 537 522 512 511 491 486 488 493 498 506 515 525 534 536 523 511 512 513 514 515 514 502 518 526 539 551 540 534 534 536 540 539 530 525 519 516 519 523 527 523 521 521 518 515
-9999 -9999 -9999 -9999 -9999 -9999 -9999 764 772 785 790 789 786 776 775 781 778 756 754 756 755 757 768 773 778 777 779 805 821 839 832 819 798 771 743 735 766 753 705 657 655 651 639 619 598 614 573 558 537 505 482 477 482 489 496 507 512 518 528 529 526 518 514 513 515 523 514 515 511 515 529 538 543 541 542 536 531 532 536 527 522 518 514 514 517 519 518 513 512 513 514
-9999 -9999 -9999 -9999 -9999 748 755 763 772 783 788 788 788 780 772 775 786 760 750 754 757 765 776 786 802 791 778 782 803 825 837 836 806 796 812 814 759 716 747 696 725 694 684 647 599 575 552 527 522 500 476 465 474 486 502 527 528 526 528 529 530 531 526 523 521 521 521 531 535 521 529 532 536 534 539 536 531 530 529 525 522 519 518 514 515 516 514 510 512 513 516
