resultados/variables_proyeccion_tiempo/variables_paleo_130k/bio1.asc
ncols 330
nrows 228
xllcorner -12.000000
yllcorner 34.000000
cellsize 0.166667
NODATA_value -9999
[rows 147 to 195 of 228, columns 0 to 95 of 330]
-9999 -9999 -9999 -9999 -9999 -9999 -9999 -9999 -9999 -9999 -9999 -9999 -9999 -9999 -9999 -9999 -9999 -9999 -9999 -9999 -9999 -9999 -9999 -9999 -9999 -9999 -9999 -9999 -9999 -9999 -9999 -9999 -9999 -9999 -9999 -9999 -9999 -9999 -9999 -9999 -9999 -9999 -9999 -9999 -9999 -9999 -9999 -9999 -9999 -9999 -9999 -9999 115 116 116 116 116 115 115 115 113 113 113 113 113 112 112 112 112 112 113 112 110 109 109 110 110 110 108 107 106 106 106 106 106 104 102 99 100 103 101 100 101 103 101 98
-9999 -9999 -9999 -9999 -9999 -9999 -9999 -9999 -9999 -9999 -9999 -9999 -9999 -9999 -9999 -9999 -9999 -9999 -9999 -9999 -9999 -9999 -9999 -9999 -9999 -9999 -9999 -9999 -9999 -9999 -9999 -9999 -9999 -9999 -9999 -9999 -9999 -9999 -9999 -9999 -9999 -9999 -9999 -9999 -9999 -9999 -9999 -9999 -9999 -9999 -9999 -9999 115 115 -9999 -9999 116 116 116 115 115 114 114 114 112 111 110 111 111 112 111 112 112 111 110 110 110 110 108 106 107 107 106 106 106 105 102 100 101 104 102 98 99 102 101 92
-9999 -9999 -9999 -9999 -9999 -9999 -9999 -9999 -9999 -9999 -9999 -9999 -9999 -9999 -9999 -9999 -9999 -9999 -9999 -9999 -9999 -9999 -9999 -9999 -9999 -9999 -9999 -9999 -9999 -9999 -9999 -9999 -9999 -9999 -9999 -9999 -9999 -9999 -9999 -9999 -9999 -9999 -9999 -9999 -9999 -9999 -9999 -9999 -9999 -9999 -9999 -9999 -9999 -9999 -9999 -9999 -9999 -9999 116 116 116 115 115 114 113 111 111 108 109 110 112 112 111 112 111 111 109 108 108 106 105 104 105 105 106 107 107 106 104 103 101 99 98 101 101 95
-9999 -9999 -9999 -9999 -9999 -9999 -9999 -9999 -9999 -9999 -9999 -9999 -9999 -9999 -9999 -9999 -9999 -9999 -9999 -9999 -9999 -9999 -9999 -9999 -9999 -9999 -9999 -9999 -9999 -9999 -9999 -9999 -9999 -9999 -9999 -9999 -9999 -9999 -9999 -9999 -9999 -9999 -9999 -9999 -9999 -9999 -9999 -9999 -9999 -9999 -9999 -9999 -9999 -9999 -9999 -9999 -9999 -9999 118 118 117 116 115 115 114 112 109 108 108 109 111 112 111 110 110 111 110 109 108 107 106 104 103 105 106 106 106 106 104 102 102 102 101 103 104 96
-9999 -9999 -9999 -9999 -9999 -9999 -9999 -9999 -9999 -9999 -9999 -9999 -9999 -9999 -9999 -9999 -9999 -9999 -9999 -9999 -9999 -9999 -9999 -9999 -9999 -9999 -9999 -9999 -9999 -9999 -9999 -9999 -9999 -9999 -9999 -9999 -9999 -9999 -9999 -9999 -9999 -9999 -9999 -9999 -9999 -9999 -9999 -9999 -9999 -9999 -9999 -9999 -9999 -9999 -9999 -9999 -9999 119 119 119 118 117 116 115 114 114 112 109 108 107 109 109 110 110 111 110 109 110 110 109 107 106 105 104 104 106 106 105 104 102 102 102 103 105 104 101
-9999 -9999 -9999 -9999 -9999 -9999 -9999 -9999 -9999 -9999 -9999 -9999 -9999 -9999 -9999 -9999 -9999 -9999 -9999 -9999 -9999 -9999 -9999 -9999 -9999 -9999 -9999 -9999 -9999 -9999 -9999 -9999 -9999 -9999 -9999 -9999 -9999 -9999 -9999 -9999 -9999 -9999 -9999 -9999 -9999 -9999 -9999 -9999 -9999 -9999 -9999 -9999 -9999 -9999 -9999 -9999 -9999 -9999 -9999 -9999 119 118 117 117 117 117 116 114 111 109 108 108 109 109 110 110 109 110 110 109 107 105 103 102 102 102 103 104 100 100 101 102 103 104 104 101
-9999 -9999 -9999 -9999 -9999 -9999 -9999 -9999 -9999 -9999 -9999 -9999 -9999 -9999 -9999 -9999 -9999 -9999 -9999 -9999 -9999 -9999 -9999 -9999 -9999 -9999 -9999 -9999 -9999 -9999 -9999 -9999 -9999 -9999 -9999 -9999 -9999 -9999 -9999 -9999 -9999 -9999 -9999 -9999 -9999 -9999 -9999 -9999 -9999 -9999 -9999 -9999 -9999 -9999 -9999 -9999 -9999 -9999 -9999 -9999 -9999 120 120 121 121 121 120 119 117 115 112 110 110 110 110 110 110 110 108 107 103 101 99 97 97 95 97 103 101 99 95 101 103 103 102 104
-9999 -9999 -9999 -9999 -9999 -9999 -9999 -9999 -9999 -9999 -9999 -9999 -9999 -9999 -9999 -9999 -9999 -9999 -9999 -9999 -9999 -9999 -9999 -9999 -9999 -9999 -9999 -9999 -9999 -9999 -9999 -9999 -9999 -9999 -9999 -9999 -9999 -9999 -9999 -9999 -9999 -9999 -9999 -9999 -9999 -9999 -9999 -9999 -9999 -9999 -9999 -9999 -9999 -9999 -9999 -9999 -9999 -9999 -9999 -9999 -9999 -9999 123 123 123 122 122 121 120 118 114 111 111 111 110 110 109 108 106 104 100 99 96 97 95 95 95 97 94 92 97 103 103 102 97 103
-9999 -9999 -9999 -9999 -9999 -9999 -9999 -9999 -9999 -9999 -9999 -9999 -9999 -9999 -9999 -9999 -9999 -9999 -9999 -9999 -9999 -9999 -9999 -9999 -9999 -9999 -9999 -9999 -9999 -9999 -9999 -9999 -9999 -9999 -9999 -9999 -9999 -9999 -9999 -9999 -9999 -9999 -9999 -9999 -9999 -9999 -9999 -9999 -9999 -9999 -9999 -9999 -9999 -9999 -9999 -9999 -9999 -9999 -9999 -9999 -9999 -9999 -9999 124 123 123 122 121 119 118 115 114 112 112 110 109 108 106 105 102 97 96 94 91 94 94 91 90 85 88 95 101 102 94 83 96
-9999 -9999 -9999 -9999 -9999 -9999 -9999 -9999 -9999 -9999 -9999 -9999 -9999 -9999 -9999 -9999 -9999 -9999 -9999 -9999 -9999 -9999 -9999 -9999 -9999 -9999 -9999 -9999 -9999 -9999 -9999 -9999 -9999 -9999 -9999 -9999 -9999 -9999 -9999 -9999 -9999 -9999 -9999 -9999 -9999 -9999 -9999 -9999 -9999 -9999 -9999 -9999 -9999 -9999 -9999 -9999 -9999 -9999 -9999 -9999 -9999 -9999 -9999 124 124 124 123 122 120 119 117 115 115 115 112 110 109 107 105 102 102 99 94 88 88 88 84 84 85 79 95 104 104 88 77 86
-9999 -9999 -9999 -9999 -9999 -9999 -9999 -9999 -9999 -9999 -9999 -9999 -9999 -9999 -9999 -9999 -9999 -9999 -9999 -9999 -9999 -9999 -9999 -9999 -9999 -9999 -9999 -9999 -9999 -9999 -9999 -9999 -9999 -9999 -9999 -9999 -9999 -9999 -9999 -9999 -9999 -9999 -9999 -9999 -9999 -9999 -9999 -9999 -9999 -9999 -9999 -9999 -9999 -9999 -9999 -9999 -9999 -9999 -9999 -9999 -9999 -9999 -9999 -9999 124 124 123 121 121 120 120 116 117 115 114 108 107 105 105 106 103 101 94 85 79 80 81 81 75 73 92 101 99 94 70 83
-9999 -9999 -9999 -9999 -9999 -9999 -9999 -9999 -9999 -9999 -9999 -9999 -9999 -9999 -9999 -9999 -9999 -9999 -9999 -9999 -9999 -9999 -9999 -9999 -9999 -9999 -9999 -9999 -9999 -9999 -9999 -9999 -9999 -9999 -9999 -9999 -9999 -9999 -9999 -9999 -9999 -9999 -9999 -9999 -9999 -9999 -9999 -9999 -9999 -9999 -9999 -9999 -9999 -9999 -9999 -9999 -9999 -9999 -9999 -9999 -9999 -9999 -9999 -9999 -9999 124 123 121 121 120 119 118 117 114 114 111 107 105 103 103 102 99 96 83 79 86 84 80 61 63 88 98 90 76 78 62
-9999 -9999 -9999 -9999 -9999 -9999 -9999 -9999 -9999 -9999 -9999 -9999 -9999 -9999 -9999 -9999 -9999 -9999 -9999 -9999 -9999 -9999 -9999 -9999 -9999 -9999 -9999 -9999 -9999 -9999 -9999 -9999 -9999 -9999 -9999 -9999 -9999 -9999 -9999 -9999 -9999 -9999 -9999 -9999 -9999 -9999 -9999 -9999 -9999 -9999 -9999 -9999 -9999 -9999 -9999 -9999 -9999 -9999 -9999 -9999 -9999 -9999 -9999 -9999 -9999 124 124 122 120 120 118 117 115 116 115 113 113 112 109 107 105 105 101 92 92 92 94 87 71 60 74 99 89 72 82 71
-9999 -9999 -9999 -9999 -9999 -9999 -9999 -9999 -9999 -9999 -9999 -9999 -9999 -9999 -9999 -9999 -9999 -9999 -9999 -9999 -9999 -9999 -9999 -9999 -9999 -9999 -9999 -9999 -9999 -9999 -9999 -9999 -9999 -9999 -9999 -9999 -9999 -9999 -9999 -9999 -9999 -9999 -9999 -9999 -9999 -9999 -9999 -9999 -9999 -9999 -9999 -9999 -9999 -9999 -9999 -9999 -9999 -9999 -9999 -9999 -9999 -9999 -9999 -9999 124 124 123 123 122 120 118 118 118 118 115 115 115 116 114 113 116 110 106 100 98 98 91 74 69 63 77 88 96 81 72 81
-9999 -9999 -9999 -9999 -9999 -9999 -9999 -9999 -9999 -9999 -9999 -9999 -9999 -9999 -9999 -9999 -9999 -9999 -9999 -9999 -9999 -9999 -9999 -9999 -9999 -9999 -9999 -9999 -9999 -9999 -9999 -9999 -9999 -9999 -9999 -9999 -9999 -9999 -9999 -9999 -9999 -9999 -9999 -9999 -9999 -9999 -9999 -9999 -9999 -9999 -9999 -9999 -9999 -9999 -9999 -9999 -9999 -9999 -9999 -9999 -9999 -9999 -9999 -9999 124 124 123 123 122 121 120 121 119 118 117 116 114 113 116 117 115 114 110 108 101 97 88 70 58 71 77 72 83 83 77 88
-9999 -9999 -9999 -9999 -9999 -9999 -9999 -9999 -9999 -9999 -9999 -9999 -9999 -9999 -9999 -9999 -9999 -9999 -9999 -9999 -9999 -9999 -9999 -9999 -9999 -9999 -9999 -9999 -9999 -9999 -9999 -9999 -9999 -9999 -9999 -9999 -9999 -9999 -9999 -9999 -9999 -9999 -9999 -9999 -9999 -9999 -9999 -9999 -9999 -9999 -9999 -9999 -9999 -9999 -9999 -9999 -9999 -9999 -9999 -9999 -9999 -9999 -9999 -9999 125 124 123 122 123 122 122 120 120 119 119 118 117 118 118 117 117 118 117 112 98 99 95 89 79 80 82 78 64 73 71 77
-9999 -9999 -9999 -9999 -9999 -9999 -9999 -9999 -9999 -9999 -9999 -9999 -9999 -9999 -9999 -9999 -9999 -9999 -9999 -9999 -9999 -9999 -9999 -9999 -9999 -9999 -9999 -9999 -9999 -9999 -9999 -9999 -9999 -9999 -9999 -9999 -9999 -9999 -9999 -9999 -9999 -9999 -9999 -9999 -9999 -9999 -9999 -9999 -9999 -9999 -9999 -9999 -9999 -9999 -9999 -9999 -9999 -9999 -9999 -9999 -9999 -9999 -9999 -9999 126 125 123 122 122 121 120 120 119 118 118 118 118 116 116 119 117 114 112 108 104 107 98 101 90 73 71 73 71 58 72 67
-9999 -9999 -9999 -9999 -9999 -9999 -9999 -9999 -9999 -9999 -9999 -9999 -9999 -9999 -9999 -9999 -9999 -9999 -9999 -9999 -9999 -9999 -9999 -9999 -9999 -9999 -9999 -9999 -9999 -9999 -9999 -9999 -9999 -9999 -9999 -9999 -9999 -9999 -9999 -9999 -9999 -9999 -9999 -9999 -9999 -9999 -9999 -9999 -9999 -9999 -9999 -9999 -9999 -9999 -9999 -9999 -9999 -9999 -9999 -9999 -9999 -9999 -9999 -9999 125 125 124 121 121 122 121 121 121 120 119 118 119 117 116 116 115 113 115 116 116 115 111 108 102 85 68 81 78 66 62 73
-9999 -9999 -9999 -9999 -9999 -9999 -9999 -9999 -9999 -9999 -9999 -9999 -9999 -9999 -9999 -9999 -9999 -9999 -9999 -9999 -9999 -9999 -9999 -9999 -9999 -9999 -9999 -9999 -9999 -9999 -9999 -9999 -9999 -9999 -9999 -9999 -9999 -9999 -9999 -9999 -9999 -9999 -9999 -9999 -9999 -9999 -9999 -9999 -9999 -9999 -9999 -9999 -9999 -9999 -9999 -9999 -9999 -9999 -9999 -9999 -9999 -9999 -9999 -9999 126 125 123 123 121 121 119 118 119 121 120 119 119 119 117 117 118 117 116 115 112 108 109 108 105 106 99 95 89 80 64 84
-9999 -9999 -9999 -9999 -9999 -9999 -9999 -9999 -9999 -9999 -9999 -9999 -9999 -9999 -9999 -9999 -9999 -9999 -9999 -9999 -9999 -9999 -9999 -9999 -9999 -9999 -9999 -9999 -9999 -9999 -9999 -9999 -9999 -9999 -9999 -9999 -9999 -9999 -9999 -9999 -9999 -9999 -9999 -9999 -9999 -9999 -9999 -9999 -9999 -9999 -9999 -9999 -9999 -9999 -9999 -9999 -9999 -9999 -9999 -9999 -9999 -9999 -9999 -9999 127 125 123 122 120 119 118 117 118 119 119 118 117 118 118 119 119 119 115 115 112 107 105 104 98 94 103 97 86 86 92 106
-9999 -9999 -9999 -9999 -9999 -9999 -9999 -9999 -9999 -9999 -9999 -9999 -9999 -9999 -9999 -9999 -9999 -9999 -9999 -9999 -9999 -9999 -9999 -9999 -9999 -9999 -9999 -9999 -9999 -9999 -9999 -9999 -9999 -9999 -9999 -9999 -9999 -9999 -9999 -9999 -9999 -9999 -9999 -9999 -9999 -9999 -9999 -9999 -9999 -9999 -9999 -9999 -9999 -9999 -9999 -9999 -9999 -9999 -9999 -9999 -9999 -9999 -9999 130 128 125 123 122 121 120 119 117 117 119 119 118 120 121 122 123 123 123 117 120 118 116 113 108 106 110 110 102 88 84 107 119
-9999 -9999 -9999 -9999 -9999 -9999 -9999 -9999 -9999 -9999 -9999 -9999 -9999 -9999 -9999 -9999 -9999 -9999 -9999 -9999 -9999 -9999 -9999 -9999 -9999 -9999 -9999 -9999 -9999 -9999 -9999 -9999 -9999 -9999 -9999 -9999 -9999 -9999 -9999 -9999 -9999 -9999 -9999 -9999 -9999 -9999 -9999 -9999 -9999 -9999 -9999 -9999 -9999 -9999 -9999 -9999 -9999 -9999 -9999 -9999 -9999 -9999 -9999 130 128 125 124 124 123 121 120 119 118 118 118 118 119 118 120 123 123 122 122 123 124 121 115 114 120 116 109 104 103 113 122 127
-9999 -9999 -9999 -9999 -9999 -9999 -9999 -9999 -9999 -9999 -9999 -9999 -9999 -9999 -9999 -9999 -9999 -9999 -9999 -9999 -9999 -9999 -9999 131 128 131 133 136 -9999 -9999 -9999 -9999 -9999 -9999 -9999 -9999 -9999 -9999 -9999 -9999 -9999 -9999 -9999 -9999 -9999 -9999 -9999 -9999 -9999 -9999 -9999 -9999 -9999 -9999 -9999 -9999 -9999 -9999 -9999 -9999 -9999 -9999 -9999 131 129 128 127 125 123 121 120 120 118 118 118 118 118 119 117 122 122 123 124 123 123 120 111 104 101 105 113 116 118 123 127 131
-9999 -9999 -9999 -9999 -9999 -9999 -9999 -9999 -9999 -9999 -9999 -9999 -9999 -9999 -9999 -9999 -9999 -9999 -9999 -9999 -9999 -9999 135 132 126 119 120 128 133 134 134 133 130 128 125 129 133 133 132 131 132 -9999 -9999 -9999 -9999 -9999 -9999 -9999 -9999 -9999 134 -9999 -9999 -9999 -9999 -9999 -9999 -9999 -9999 -9999 -9999 -9999 134 132 131 129 127 125 122 120 118 118 119 116 117 117 117 119 119 120 122 122 122 122 125 125 112 100 98 108 124 129 135 133 134 136
-9999 -9999 -9999 -9999 -9999 -9999 -9999 -9999 -9999 -9999 -9999 -9999 -9999 -9999 -9999 -9999 -9999 -9999 136 141 -9999 137 136 125 118 114 108 116 124 124 113 117 113 113 117 126 125 127 122 125 125 128 124 119 130 136 133 135 135 134 131 130 129 134 133 130 131 136 -9999 -9999 132 136 133 131 128 128 125 123 122 118 114 114 117 116 116 115 116 118 117 121 121 122 123 123 115 104 107 111 119 129 138 139 141 140 138 139
-9999 -9999 -9999 -9999 -9999 -9999 -9999 -9999 -9999 -9999 -9999 -9999 -9999 -9999 -9999 -9999 140 138 136 135 131 131 135 124 116 119 120 118 117 107 113 100 106 108 103 105 107 116 109 106 99 101 80 85 108 115 118 122 122 111 105 119 118 125 129 130 125 127 129 132 130 121 119 114 120 121 121 119 118 116 114 109 113 112 111 111 113 114 118 119 120 121 121 122 127 128 130 136 139 142 143 144 143 143 -9999 -9999
-9999 -9999 -9999 -9999 -9999 -9999 -9999 -9999 -9999 -9999 -9999 -9999 -9999 -9999 -9999 -9999 139 134 129 126 125 127 126 120 115 119 121 116 109 106 110 94 96 79 74 72 83 91 82 70 74 76 64 69 90 74 87 98 99 93 91 99 110 117 118 109 117 119 121 119 107 106 104 96 97 88 103 100 93 90 91 97 95 100 99 105 110 113 112 112 115 117 119 119 121 126 120 129 136 141 145 -9999 -9999 -9999 -9999 -9999
-9999 -9999 -9999 -9999 -9999 -9999 -9999 -9999 -9999 -9999 -9999 -9999 -9999 -9999 -9999 -9999 140 130 129 130 132 130 128 125 118 116 120 121 109 111 99 82 80 74 69 66 72 73 76 74 80 78 76 62 72 78 83 92 94 97 102 104 99 101 104 110 111 104 105 101 99 109 103 93 84 78 69 47 62 46 38 58 34 45 66 78 78 76 88 98 83 100 95 105 108 119 112 120 132 139 148 -9999 -9999 -9999 -9999 -9999
-9999 -9999 -9999 -9999 -9999 -9999 -9999 -9999 -9999 -9999 -9999 -9999 -9999 -9999 -9999 -9999 -9999 138 135 133 136 132 128 121 115 118 116 117 100 95 87 95 101 83 77 80 89 91 96 95 94 92 89 87 89 93 95 93 94 94 92 103 102 106 113 110 104 102 99 102 106 114 109 106 101 91 84 68 47 29 23 18 19 31 31 46 54 32 36 53 48 64 70 66 78 88 110 132 142 150 151 -9999 -9999 -9999 -9999 -9999
-9999 -9999 -9999 -9999 -9999 -9999 -9999 -9999 -9999 -9999 -9999 -9999 -9999 -9999 -9999 -9999 -9999 143 138 140 133 121 114 115 109 120 122 122 104 90 102 117 115 100 90 97 100 101 106 106 103 101 97 97 98 100 100 97 93 91 96 102 104 107 116 111 109 110 116 118 122 119 106 107 111 99 97 91 82 73 61 56 55 49 36 28 28 19 43 55 26 33 29 28 50 72 99 114 140 149 149 -9999 -9999 -9999 -9999 -9999
-9999 -9999 -9999 -9999 -9999 -9999 -9999 -9999 -9999 -9999 -9999 -9999 -9999 -9999 -9999 -9999 -9999 145 144 137 135 116 117 127 127 122 118 114 114 108 108 99 84 74 92 102 107 108 110 109 106 107 104 104 105 106 106 103 97 97 94 93 96 99 107 116 113 121 123 125 125 125 122 118 106 97 88 94 88 86 76 75 93 87 76 64 72 54 65 57 74 52 55 74 45 41 67 105 125 136 142 153 -9999 -9999 -9999 -9999
-9999 -9999 -9999 -9999 -9999 -9999 -9999 -9999 -9999 -9999 -9999 -9999 -9999 -9999 -9999 -9999 -9999 -9999 144 138 136 126 118 132 127 121 107 88 88 101 78 65 76 77 90 104 109 111 112 109 110 111 109 109 110 110 108 103 103 99 94 84 73 73 77 91 91 92 100 117 126 130 126 124 119 113 105 108 101 90 83 86 95 103 100 92 93 96 80 79 88 59 66 77 86 90 111 124 136 149 154 146 -9999 -9999 -9999 -9999
-9999 -9999 -9999 -9999 -9999 -9999 -9999 -9999 -9999 -9999 -9999 -9999 -9999 -9999 -9999 -9999 -9999 -9999 132 134 141 136 120 104 111 115 111 100 97 93 74 79 94 96 103 108 110 112 113 112 113 112 113 114 114 109 109 107 105 102 95 93 87 74 73 68 72 78 87 101 116 127 130 124 126 123 118 120 116 115 110 113 115 114 103 104 100 109 101 106 100 97 95 114 111 115 110 128 141 150 155 154 -9999 -9999 -9999 -9999
-9999 -9999 -9999 -9999 -9999 -9999 -9999 -9999 -9999 -9999 -9999 -9999 -9999 -9999 -9999 -9999 -9999 -9999 135 136 127 127 110 112 99 98 112 122 110 105 100 100 104 102 103 106 111 114 114 115 114 113 112 111 112 113 108 104 103 101 97 92 93 89 81 81 85 88 84 96 105 116 123 132 133 121 117 127 118 123 123 121 127 127 119 118 115 119 126 126 116 119 126 130 121 125 119 130 147 145 152 154 -9999 -9999 -9999 -9999
-9999 -9999 -9999 -9999 -9999 -9999 -9999 -9999 -9999 -9999 -9999 -9999 -9999 -9999 -9999 -9999 -9999 -9999 137 133 135 132 119 106 102 102 117 121 117 119 103 111 112 107 107 108 111 114 116 115 114 111 109 113 114 111 108 106 108 106 105 102 99 96 93 92 94 98 94 93 82 87 111 125 133 135 133 132 119 117 127 131 136 135 137 135 139 139 135 129 123 120 135 139 124 125 121 144 151 148 154 -9999 -9999 -9999 -9999 -9999
-9999 -9999 -9999 -9999 -9999 -9999 -9999 -9999 -9999 -9999 -9999 -9999 -9999 -9999 -9999 -9999 -9999 -9999 -9999 137 138 138 133 118 114 119 119 117 134 128 113 115 118 111 110 111 113 115 116 115 115 114 114 117 115 111 110 110 107 106 104 103 104 103 101 101 99 99 98 96 93 97 112 123 129 126 133 138 136 129 124 128 134 140 142 145 143 139 133 122 121 133 136 143 145 152 148 147 154 -9999 -9999 -9999 -9999 -9999 -9999 -9999
-9999 -9999 -9999 -9999 -9999 -9999 -9999 -9999 -9999 -9999 -9999 -9999 -9999 -9999 -9999 -9999 -9999 -9999 -9999 140 138 137 134 126 131 107 113 126 133 127 120 123 117 115 113 111 113 115 114 115 116 117 115 117 114 112 110 108 105 96 100 100 97 96 98 100 100 99 102 103 103 110 112 114 122 120 117 130 140 140 133 134 140 140 145 139 132 126 125 130 125 134 148 150 157 157 157 -9999 -9999 -9999 -9999 -9999 -9999 -9999 -9999 -9999
-9999 -9999 -9999 -9999 -9999 -9999 -9999 -9999 -9999 -9999 -9999 -9999 -9999 -9999 -9999 -9999 -9999 -9999 -9999 140 138 134 135 135 117 131 129 130 121 136 129 120 118 117 113 112 109 108 109 113 114 115 116 115 115 114 112 109 106 102 96 78 81 83 94 97 94 96 106 107 108 109 108 99 102 105 113 124 135 141 143 146 145 143 143 147 134 123 128 148 146 152 154 149 162 -9999 -9999 -9999 -9999 -9999 -9999 -9999 -9999 -9999 -9999 -9999
-9999 -9999 -9999 -9999 -9999 -9999 -9999 -9999 -9999 -9999 -9999 -9999 -9999 -9999 -9999 -9999 -9999 -9999 -9999 141 139 139 136 127 120 128 127 125 131 137 131 126 116 114 112 113 113 112 111 110 113 113 114 112 111 111 110 105 94 86 85 82 91 94 100 102 95 93 88 89 91 94 93 98 93 91 105 109 122 128 135 137 137 139 138 151 144 143 155 156 157 -9999 -9999 -9999 -9999 -9999 -9999 -9999 -9999 -9999 -9999 -9999 -9999 -9999 -9999 -9999
-9999 -9999 -9999 -9999 -9999 -9999 -9999 -9999 -9999 -9999 -9999 -9999 -9999 -9999 -9999 -9999 -9999 -9999 -9999 143 140 133 124 121 115 111 118 114 126 130 126 122 118 116 115 113 113 112 112 112 110 108 109 110 108 106 107 97 73 87 104 106 108 111 108 102 98 94 93 87 89 90 91 93 94 84 93 105 110 114 127 124 128 129 141 147 151 151 -9999 -9999 -9999 -9999 -9999 -9999 -9999 -9999 -9999 -9999 -9999 -9999 -9999 -9999 -9999 -9999 -9999 -9999
-9999 -9999 -9999 -9999 -9999 -9999 -9999 -9999 -9999 -9999 -9999 -9999 -9999 -9999 -9999 -9999 -9999 -9999 -9999 143 144 136 129 131 130 127 124 121 126 125 121 121 118 117 115 113 109 107 111 110 107 100 99 101 100 94 90 83 86 107 119 117 116 114 106 105 107 101 92 89 87 84 84 95 87 84 84 87 91 103 116 112 109 111 148 161 164 163 -9999 -9999 -9999 -9999 -9999 -9999 -9999 -9999 -9999 -9999 -9999 -9999 -9999 -9999 -9999 -9999 -9999 -9999
-9999 -9999 -9999 -9999 -9999 -9999 -9999 -9999 -9999 -9999 -9999 -9999 -9999 -9999 -9999 -9999 -9999 -9999 -9999 144 146 146 128 134 139 136 133 121 117 117 118 120 123 117 106 106 111 109 109 102 94 85 92 93 94 92 92 111 117 125 128 124 122 113 109 110 107 102 96 85 77 71 76 87 94 90 84 82 80 87 105 105 116 141 156 157 164 -9999 -9999 -9999 -9999 -9999 -9999 -9999 -9999 -9999 -9999 -9999 -9999 -9999 -9999 -9999 -9999 -9999 -9999 -9999
-9999 -9999 -9999 -9999 -9999 -9999 -9999 -9999 -9999 -9999 -9999 -9999 -9999 -9999 -9999 -9999 -9999 -9999 148 147 148 148 144 147 143 132 95 116 122 118 115 118 117 112 117 126 121 102 101 96 77 77 83 98 103 121 123 129 129 130 131 129 117 117 115 119 114 114 104 90 76 69 76 86 98 97 82 76 64 77 100 113 135 147 160 -9999 -9999 -9999 -9999 -9999 -9999 -9999 -9999 -9999 -9999 -9999 -9999 -9999 -9999 -9999 -9999 -9999 -9999 -9999 -9999 -9999
-9999 -9999 -9999 -9999 -9999 -9999 -9999 -9999 -9999 -9999 -9999 -9999 -9999 -9999 -9999 -9999 -9999 -9999 146 148 151 151 149 147 132 123 115 137 135 124 122 118 126 132 138 140 117 90 81 85 81 107 113 128 123 129 136 133 132 132 134 128 123 123 122 116 112 110 103 95 82 76 77 82 97 99 95 98 88 94 114 135 146 156 160 -9999 -9999 -9999 -9999 -9999 -9999 -9999 -9999 -9999 -9999 -9999 -9999 -9999 -9999 -9999 -9999 -9999 -9999 -9999 -9999 -9999
-9999 -9999 -9999 -9999 -9999 -9999 -9999 -9999 -9999 -9999 -9999 -9999 -9999 -9999 -9999 -9999 -9999 -9999 150 151 153 149 137 131 130 134 134 141 146 142 144 147 149 146 149 143 130 128 138 145 147 143 138 132 140 140 136 137 136 135 137 131 129 127 119 113 109 106 107 101 90 90 91 90 107 81 87 107 116 124 140 150 154 165 -9999 -9999 -9999 -9999 -9999 -9999 -9999 -9999 -9999 -9999 -9999 -9999 -9999 -9999 -9999 -9999 -9999 -9999 -9999 -9999 164 163
-9999 -9999 -9999 -9999 -9999 -9999 -9999 -9999 -9999 -9999 -9999 -9999 -9999 -9999 -9999 -9999 -9999 -9999 151 150 149 146 142 140 131 140 151 150 154 151 152 151 152 152 148 146 153 153 151 151 148 146 145 142 143 140 141 140 141 139 131 127 125 123 120 117 115 111 110 104 103 104 98 102 108 107 94 103 127 132 150 163 165 -9999 -9999 -9999 -9999 -9999 -9999 -9999 -9999 -9999 -9999 -9999 -9999 -9999 -9999 -9999 152 143 159 158 -9999 -9999 166 164
-9999 -9999 -9999 -9999 -9999 -9999 -9999 -9999 -9999 -9999 -9999 -9999 -9999 -9999 -9999 -9999 -9999 148 150 149 148 151 150 148 143 153 155 158 158 155 155 153 153 152 151 151 149 146 144 144 144 143 138 135 135 137 133 131 130 132 133 131 128 127 123 119 119 115 117 110 108 110 113 109 112 123 127 132 137 145 160 165 -9999 -9999 -9999 -9999 -9999 -9999 -9999 -9999 -9999 -9999 -9999 -9999 -9999 -9999 161 145 142 151 161 158 158 -9999 -9999 -9999
-9999 -9999 -9999 -9999 -9999 -9999 -9999 -9999 -9999 -9999 -9999 -9999 -9999 -9999 -9999 -9999 -9999 149 147 140 149 157 154 152 154 158 158 157 156 156 156 152 151 154 153 152 149 144 138 127 128 135 127 123 121 121 123 123 126 129 131 131 132 130 126 125 122 120 120 119 117 115 120 117 120 117 128 149 158 161 165 -9999 -9999 -9999 -9999 -9999 -9999 -9999 -9999 -9999 -9999 -9999 -9999 -9999 -9999 164 155 155 161 156 159 159 162 -9999 -9999 -9999
-9999 -9999 -9999 -9999 -9999 -9999 -9999 -9999 -9999 -9999 -9999 -9999 -9999 -9999 -9999 149 149 150 147 152 159 159 160 160 158 157 155 149 150 151 153 154 154 153 151 151 147 139 135 130 140 142 143 139 131 126 129 120 121 127 128 133 134 132 132 130 129 127 124 125 124 124 128 132 134 129 129 148 159 166 168 -9999 -9999 -9999 -9999 -9999 -9999 -9999 -9999 -9999 -9999 -9999 -9999 -9999 -9999 -9999 164 163 160 161 161 160 -9999 -9999 -9999 -9999
