resultados/variables_proyeccion_tiempo/variables_paleo_130k/bio2.asc
ncols 330
nrows 228
xllcorner -12.000000
yllcorner 34.000000
cellsize 0.166667
NODATA_value -9999
[rows 84 to 125 of 228, columns 190 to 284 of 330]
-9999 -9999 -9999 -9999 -9999 -9999 -9999 -9999 -9999 -9999 -9999 -9999 -9999 89 90 90 -9999 -9999 -9999 -9999 -9999 -9999 -9999 -9999 -9999 -9999 -9999 -9999 93 93 94 94 95 96 96 97 97 98 98 99 99 99 100 100 100 101 101 101 102 102 102 102 102 101 102 102 102 103 103 103 104 104 104 105 105 106 106 107 107 108 108 109 109 110 110 111 111 112 112 112 112 112 112 112 112 111 111 111 111 111 111 111 111 111 111
-9999 -9999 -9999 -9999 -9999 -9999 -9999 -9999 -9999 -9999 -9999 -9999 -9999 -9999 -9999 90 90 90 -9999 -9999 -9999 91 -9999 -9999 -9999 -9999 -9999 -9999 92 93 94 95 95 96 97 97 98 98 99 99 99 100 100 100 101 101 101 101 102 102 102 102 102 102 102 102 103 103 103 104 104 105 105 106 106 107 107 107 108 108 109 109 109 110 110 111 111 111 111 112 112 112 111 111 111 111 111 111 111 111 111 111 111 111 111
-9999 -9999 -9999 -9999 -9999 -9999 -9999 -9999 -9999 -9999 -9999 -9999 88 88 89 89 89 90 90 -9999 -9999 -9999 -9999 -9999 -9999 -9999 -9999 -9999 92 93 94 95 96 96 97 98 98 99 99 99 100 100 100 101 101 101 101 102 102 102 103 102 102 102 102 103 103 104 104 104 105 105 106 106 107 107 108 108 108 109 109 109 110 110 110 110 111 111 111 111 111 111 111 111 111 111 111 111 111 110 110 110 110 110 110
-9999 -9999 -9999 -9999 -9999 -9999 -9999 -9999 -9999 -9999 86 87 87 88 89 89 89 90 90 90 90 -9999 -9999 -9999 -9999 -9999 -9999 -9999 92 93 94 95 96 97 98 98 98 99 99 100 100 100 101 101 101 101 102 102 102 102 102 103 103 103 103 103 104 104 104 105 105 106 106 107 107 108 108 108 109 109 109 109 110 110 110 110 110 111 111 111 111 111 111 111 110 111 110 110 110 110 110 110 110 110 110
-9999 -9999 -9999 -9999 -9999 -9999 -9999 -9999 -9999 -9999 86 87 87 88 88 89 89 90 90 90 90 90 -9999 -9999 -9999 -9999 -9999 91 92 93 94 95 96 97 98 98 99 99 100 100 100 101 101 101 102 102 102 102 102 102 103 103 103 103 103 104 104 104 105 105 106 106 107 107 108 108 108 109 109 109 109 109 110 110 110 110 110 110 110 110 110 110 110 110 110 110 110 110 110 110 109 109 109 109 109
-9999 -9999 -9999 -9999 -9999 -9999 -9999 -9999 -9999 -9999 86 86 87 88 89 89 90 90 90 90 90 90 90 90 -9999 88 88 90 92 93 95 96 97 98 99 99 99 100 100 101 101 101 101 102 102 102 102 102 102 103 103 103 103 103 104 104 104 105 105 106 106 107 108 108 108 109 109 110 109 109 109 109 110 109 110 110 110 110 110 110 110 110 110 110 109 109 110 109 109 109 109 109 109 109 109
-9999 -9999 -9999 -9999 -9999 -9999 -9999 -9999 84 85 86 86 87 88 89 89 90 90 91 91 91 91 91 90 90 89 89 91 93 94 96 97 98 99 99 100 100 101 101 101 101 102 102 102 102 102 102 103 103 103 103 103 103 104 104 104 105 105 105 106 107 107 108 109 109 110 110 110 110 110 109 109 109 109 109 109 109 109 109 109 109 109 109 109 109 109 109 109 109 109 109 108 108 108 108
-9999 -9999 -9999 -9999 -9999 -9999 -9999 -9999 84 85 86 87 87 88 89 90 90 91 91 92 92 92 92 91 91 91 91 92 94 96 97 98 99 100 100 101 101 101 101 102 102 102 102 102 102 102 102 103 103 103 103 103 104 104 104 104 105 105 106 106 107 107 108 109 110 110 110 110 110 110 109 109 109 109 109 109 109 109 109 109 109 109 109 109 109 108 108 108 108 108 108 108 108 108 108
-9999 -9999 -9999 -9999 -9999 -9999 -9999 -9999 84 84 86 87 88 89 90 91 91 92 92 93 93 93 93 93 93 93 93 95 96 98 99 100 101 101 102 102 102 102 102 102 102 102 102 102 103 103 103 103 103 103 103 103 104 104 104 105 105 105 106 106 107 108 108 109 110 111 111 110 110 110 109 109 109 108 108 108 108 108 108 108 108 108 108 108 108 108 108 108 108 108 107 107 107 107 107
-9999 -9999 -9999 -9999 -9999 -9999 -9999 82 83 84 86 87 88 89 90 91 92 93 93 94 94 95 95 95 95 95 96 97 98 99 101 101 102 102 103 103 103 103 103 103 103 103 103 103 103 103 103 103 103 103 103 104 104 104 104 105 105 105 106 106 107 108 108 109 110 111 111 110 110 109 109 109 108 108 108 108 108 108 108 107 108 108 107 107 107 107 107 107 107 107 107 107 107 107 106
-9999 -9999 -9999 -9999 -9999 -9999 -9999 82 83 84 86 87 89 90 91 92 93 94 94 95 96 96 96 96 97 97 98 99 100 101 103 103 103 104 104 104 104 103 103 103 103 103 103 103 103 103 103 103 103 103 103 104 104 104 104 105 105 105 106 106 107 108 108 109 110 111 111 110 109 109 108 108 108 108 107 107 107 107 107 107 107 107 107 107 107 107 107 107 107 107 106 106 106 106 106
-9999 -9999 -9999 -9999 -9999 -9999 -9999 -9999 83 84 86 88 90 91 92 93 94 95 95 96 97 98 98 98 98 99 99 100 101 102 104 104 104 104 104 104 104 104 104 104 103 103 103 103 103 103 103 103 103 103 103 104 104 104 104 104 105 105 106 106 107 107 108 108 109 109 109 109 109 108 108 107 107 107 107 107 107 106 106 106 106 106 106 106 106 106 106 106 106 106 106 106 106 106 105
-9999 -9999 -9999 -9999 -9999 -9999 -9999 -9999 83 85 87 89 91 92 93 94 95 96 96 97 98 99 99 99 99 100 100 101 102 103 104 105 105 105 105 105 105 105 104 104 104 103 103 103 103 103 103 103 103 103 103 104 104 104 104 104 105 105 105 106 106 107 107 108 108 108 108 108 108 108 107 107 107 106 106 106 106 106 106 106 106 106 106 106 106 106 106 106 106 106 106 105 105 105 105
-9999 -9999 -9999 -9999 -9999 -9999 -9999 -9999 83 85 88 90 92 93 94 95 96 97 97 98 99 99 100 100 100 101 101 102 103 104 105 105 106 106 106 106 105 105 104 104 104 103 103 103 103 103 103 103 103 103 103 104 104 104 104 104 105 105 105 105 106 106 106 107 107 107 107 107 107 107 106 106 106 106 105 105 105 105 105 105 105 105 105 105 105 105 105 106 105 105 105 105 105 105 105
-9999 -9999 -9999 -9999 -9999 -9999 -9999 -9999 83 87 90 93 94 95 96 96 97 97 98 98 99 100 100 100 101 101 102 103 104 105 105 106 106 106 106 106 106 105 104 104 104 103 103 103 103 103 103 103 103 103 103 103 104 104 104 104 104 105 105 105 105 105 106 106 106 106 106 106 106 106 106 105 105 105 105 105 104 104 105 105 105 105 105 105 105 105 105 105 105 105 105 105 105 105 104
-9999 -9999 -9999 -9999 -9999 -9999 -9999 -9999 83 89 93 95 96 96 97 97 98 98 99 99 99 100 100 101 101 102 103 103 104 105 106 106 106 106 106 106 105 105 104 104 104 103 103 103 103 103 103 103 103 103 103 103 104 104 104 104 104 104 105 105 105 105 105 105 105 105 106 105 105 105 105 105 104 104 104 104 104 104 104 104 104 104 104 104 104 105 105 105 105 105 104 104 104 104 104
-9999 -9999 -9999 -9999 -9999 -9999 85 83 82 91 94 96 97 97 98 98 99 99 99 100 100 100 101 101 102 102 103 104 105 106 106 106 106 106 106 105 105 104 104 103 103 103 103 103 103 103 103 103 103 103 103 103 104 104 104 104 104 104 105 105 105 104 104 104 104 105 105 105 105 104 104 104 103 103 103 103 103 103 103 104 104 104 104 104 104 104 104 104 104 104 104 104 104 104 104
-9999 -9999 -9999 -9999 -9999 88 86 85 -9999 91 94 96 97 98 99 99 99 100 100 100 101 101 101 101 102 102 103 104 105 106 106 106 106 106 105 105 104 104 103 103 103 103 103 103 103 103 103 103 103 103 103 103 103 104 104 104 104 104 104 104 104 104 104 104 104 104 104 104 104 104 104 103 103 103 102 102 103 103 103 103 103 104 104 104 104 104 104 104 104 104 104 104 104 104 103
-9999 87 88 89 90 90 91 91 92 93 95 97 98 98 99 99 100 100 101 101 101 102 102 102 102 103 104 105 106 107 107 106 106 105 105 104 103 103 103 103 103 103 103 103 103 103 103 103 103 103 103 103 103 104 104 104 104 104 104 104 104 104 104 104 104 104 104 104 104 104 103 103 102 102 102 102 102 102 102 103 103 103 103 104 104 104 104 104 104 104 104 104 103 103 103
-9999 89 89 90 92 93 93 93 93 94 96 97 98 99 99 100 100 101 101 101 102 102 102 103 103 104 105 106 107 107 107 107 106 105 105 104 103 103 103 103 103 103 103 103 103 103 103 103 103 103 103 104 104 104 104 104 104 104 104 104 104 104 104 104 104 104 104 104 103 103 103 102 102 101 101 101 102 102 102 102 103 103 103 103 103 103 104 104 104 104 104 104 103 103 103
89 90 92 93 94 95 95 95 95 96 97 98 99 99 100 100 101 101 101 102 102 103 103 104 104 105 106 107 108 108 108 107 106 105 105 104 104 104 104 104 104 103 103 103 103 103 103 103 103 103 103 104 104 104 104 104 104 104 105 104 104 104 104 104 104 104 104 103 103 103 103 102 102 101 101 101 102 102 102 103 103 103 103 103 103 103 103 103 104 103 103 103 103 103 103
91 91 92 93 94 95 96 96 97 97 98 98 99 99 100 100 101 101 101 101 102 103 104 105 105 106 108 109 110 110 109 108 107 106 106 105 105 104 104 104 104 104 104 104 103 103 103 103 103 103 104 104 104 104 104 105 105 105 105 105 105 105 105 104 104 104 104 104 103 103 103 102 102 102 101 102 102 102 102 102 103 103 103 103 103 103 103 104 103 103 103 103 103 103 103
92 93 93 94 95 96 97 97 98 98 98 99 99 100 100 100 101 101 101 102 102 103 104 105 106 108 109 110 111 112 111 109 108 107 106 106 105 105 105 104 104 104 104 104 104 103 103 103 103 104 104 104 104 105 105 105 105 105 105 105 105 105 105 105 105 104 104 104 104 103 103 103 102 102 102 102 102 102 102 103 103 103 103 103 103 103 104 104 104 104 104 103 103 103 103
93 94 95 96 96 97 97 97 98 98 99 99 100 100 101 101 101 101 102 102 103 104 105 106 107 109 110 111 112 112 111 110 109 108 107 107 106 106 105 105 105 105 104 104 104 104 104 103 104 104 104 105 105 105 105 105 106 106 106 106 106 105 105 105 105 105 104 104 104 104 103 103 103 102 103 102 102 103 103 103 103 103 103 103 103 104 104 104 104 104 104 104 104 103 103
94 95 96 96 97 97 98 98 98 99 99 100 100 101 101 102 102 102 103 103 104 105 106 107 108 109 110 111 112 112 111 111 110 109 108 108 107 106 106 106 105 105 105 104 104 104 104 104 104 104 105 105 105 106 106 106 106 106 106 106 106 106 106 106 106 105 105 105 104 104 104 103 103 103 103 103 103 103 103 103 103 104 104 104 104 104 104 104 104 104 104 104 104 104 104
96 97 97 97 98 98 98 99 99 100 100 101 101 102 102 102 103 103 104 104 105 106 107 108 109 110 111 112 112 112 111 111 110 109 109 108 107 107 107 106 106 106 105 105 105 105 105 105 105 105 105 106 106 106 107 107 107 107 107 107 107 107 107 106 106 106 106 105 105 104 104 104 104 104 104 103 103 103 103 104 104 104 104 104 104 104 104 104 104 104 104 104 104 104 104
97 97 98 98 99 99 99 99 100 100 101 101 102 102 102 103 103 104 104 105 106 106 107 108 109 110 112 112 112 112 111 111 110 110 109 109 108 107 107 107 107 106 106 106 106 106 106 106 106 106 106 106 107 107 107 107 107 108 108 108 108 108 107 107 107 106 106 106 105 105 105 105 104 104 104 104 104 104 104 104 104 104 104 104 104 105 105 104 104 104 104 104 104 104 104
99 98 99 99 99 100 100 100 101 101 102 102 102 103 103 103 104 105 105 106 106 107 108 109 110 111 112 112 112 112 112 111 111 110 109 109 108 108 108 108 107 107 107 107 107 106 106 106 107 107 107 107 108 108 108 108 108 109 109 108 109 108 108 108 107 107 107 106 106 106 105 105 105 105 105 104 105 105 105 105 105 105 105 105 105 105 105 105 105 105 105 105 105 105 105
100 100 100 100 100 101 101 101 102 102 102 103 103 103 104 104 105 105 106 106 107 107 108 109 110 111 111 112 112 111 112 111 111 110 110 109 109 109 109 108 108 108 108 108 107 107 107 107 107 108 108 108 108 109 109 109 109 109 109 109 109 109 109 109 108 108 107 107 107 106 106 106 106 105 105 105 105 105 105 105 105 105 105 105 105 105 105 105 105 105 105 105 105 105 105
101 101 101 101 101 101 101 102 102 103 103 103 104 104 104 105 105 106 106 107 107 108 108 109 110 111 111 111 111 111 111 111 111 111 110 110 110 110 109 109 109 109 108 108 108 108 108 108 108 108 109 109 109 109 110 110 110 110 110 111 110 110 110 109 109 109 108 108 107 107 107 106 106 106 106 106 106 106 106 106 106 106 106 106 106 106 106 106 106 105 105 105 105 105 105
102 102 102 102 102 102 102 103 103 103 104 104 104 105 105 105 106 106 107 107 108 108 109 109 110 110 111 111 111 111 111 111 111 111 111 110 110 110 110 109 109 109 109 109 109 109 109 109 109 109 110 110 110 110 111 111 111 111 112 112 111 111 111 110 110 109 109 108 108 107 107 107 107 107 106 106 106 106 106 106 106 106 106 106 106 106 106 106 106 106 106 106 106 106 106
103 103 103 103 103 103 103 103 104 104 104 104 105 105 106 106 106 107 107 107 108 109 109 109 110 110 111 111 111 111 111 112 111 111 111 111 111 111 110 110 110 110 110 110 110 110 110 110 110 110 111 111 111 111 111 112 112 112 112 113 112 112 112 111 110 110 109 109 108 108 108 107 107 107 107 107 107 107 107 107 107 107 107 107 107 107 106 106 106 106 106 106 106 106 106
104 103 103 104 104 104 104 104 104 105 105 105 105 106 106 106 107 107 107 108 108 109 109 110 110 110 111 111 111 111 112 112 112 112 112 111 111 111 111 111 111 111 111 111 111 111 111 111 111 111 111 112 112 112 112 113 113 113 113 114 113 113 113 112 111 110 110 109 109 108 108 108 108 108 108 108 108 108 108 108 107 107 107 107 107 107 107 107 107 107 107 106 106 106 106
105 105 104 104 104 105 105 105 105 105 105 105 106 106 106 107 107 108 108 108 108 109 109 110 110 110 111 111 111 112 112 112 112 112 112 112 112 111 112 111 111 111 111 111 111 112 112 112 112 112 112 112 113 113 113 113 114 114 114 114 114 114 114 113 112 111 110 110 109 109 109 109 109 108 108 108 108 108 108 108 108 108 108 108 108 108 108 107 107 107 107 107 107 107 107
105 105 105 105 105 105 105 105 106 106 106 106 106 106 107 107 107 108 108 109 109 110 109 110 110 111 111 111 112 112 112 112 112 112 112 112 112 112 112 112 112 112 112 112 112 112 112 112 112 113 113 113 113 114 114 114 114 114 115 115 115 115 114 113 112 112 111 110 110 110 109 109 109 109 109 109 109 109 109 109 109 109 108 108 108 108 108 108 108 108 107 107 107 107 107
106 106 106 105 105 105 105 106 106 106 106 106 106 107 107 108 108 108 108 109 110 110 110 110 110 111 111 112 112 112 112 112 112 112 112 112 112 113 113 112 112 113 113 113 113 113 113 113 113 114 114 114 114 114 114 115 115 115 115 115 115 115 115 114 113 112 111 111 110 110 110 110 110 110 110 110 110 110 110 109 109 109 109 109 109 109 109 108 108 108 108 107 107 107 107
105 105 105 105 105 105 105 106 106 107 107 107 107 107 108 108 108 109 109 110 110 110 111 111 111 111 112 112 112 112 112 112 112 113 113 113 113 113 113 113 113 113 113 113 113 113 114 114 114 114 114 114 114 114 115 115 115 115 115 115 115 115 114 114 113 112 112 111 111 111 111 110 110 110 110 110 110 110 110 110 110 110 110 110 109 109 109 109 109 108 108 108 108 108 107
105 105 105 106 106 106 106 106 107 107 107 107 107 107 108 108 109 109 110 110 111 111 111 111 111 112 112 112 112 112 112 113 113 113 113 113 113 113 113 113 113 113 114 114 114 114 114 114 114 115 115 115 115 115 115 115 115 115 116 116 115 115 114 114 113 113 112 111 111 111 111 111 111 111 111 111 111 111 111 111 111 110 110 110 110 110 109 109 109 109 108 108 108 108 108
106 106 106 106 106 106 106 107 107 107 107 107 108 108 108 109 109 110 110 111 111 111 112 112 112 112 112 112 112 112 113 113 113 113 113 113 113 113 113 114 114 114 114 114 114 114 115 115 115 115 115 115 115 115 116 115 116 115 115 115 115 115 114 114 113 113 112 112 112 111 111 111 111 111 111 111 111 111 111 111 111 111 111 111 110 110 110 110 109 109 109 108 108 108 108
106 106 106 106 106 106 107 107 107 107 107 107 108 108 108 109 109 110 111 111 112 112 112 112 112 112 112 112 112 112 113 113 113 113 113 113 113 113 114 114 114 114 114 115 115 115 115 115 115 115 115 115 116 116 116 116 116 115 115 115 115 114 114 113 113 113 112 112 112 112 112 112 112 112 112 112 112 112 112 112 112 111 111 111 111 111 110 110 110 109 109 109 108 108 108
106 106 106 107 106 106 106 107 107 107 107 108 108 108 108 109 109 110 111 112 112 112 113 113 112 112 112 112 112 112 113 113 113 113 113 113 113 114 114 114 114 114 115 115 115 115 115 115 116 116 116 116 116 116 116 116 116 115 115 115 115 114 114 113 113 112 112 112 112 112 112 112 112 112 112 112 112 112 112 112 112 112 112 111 111 111 111 110 110 109 109 109 108 108 108
106 106 107 107 107 106 106 107 107 107 107 107 108 108 108 109 110 110 111 112 113 113 113 113 113 113 112 112 112 112 112 112 113 113 113 113 114 114 114 114 114 115 115 115 115 115 116 116 116 116 116 116 116 116 116 116 116 115 115 115 114 114 113 113 112 112 112 112 112 112 112 112 112 112 113 112 113 113 113 113 113 112 112 112 112 111 111 110 110 110 109 109 108 108 108
