resultados/variables_proyeccion_tiempo/variables_paleo_130k/bio2.asc
ncols 330
nrows 228
xllcorner -12.000000
yllcorner 34.000000
cellsize 0.166667
NODATA_value -9999
[rows 42 to 83 of 228, columns 95 to 189 of 330]
-9999 -9999 -9999 -9999 -9999 -9999 -9999 -9999 -9999 -9999 -9999 -9999 -9999 -9999 -9999 -9999 -9999 -9999 -9999 -9999 -9999 -9999 -9999 -9999 -9999 -9999 -9999 -9999 -9999 -9999 -9999 -9999 -9999 -9999 -9999 -9999 -9999 -9999 -9999 -9999 -9999 75 76 76 77 78 78 79 80 80 81 81 82 83 83 84 85 86 86 87 88 89 90 92 93 94 96 97 99 100 102 103 105 107 108 110 111 113 114 116 117 119 122 123 123 122 122 121 120 120 119 119 118 118 117
-9999 -9999 -9999 -9999 -9999 -9999 -9999 -9999 -9999 -9999 -9999 -9999 -9999 -9999 -9999 -9999 -9999 -9999 -9999 -9999 -9999 -9999 -9999 -9999 -9999 -9999 -9999 -9999 -9999 -9999 -9999 -9999 -9999 -9999 -9999 -9999 -9999 -9999 -9999 -9999 -9999 -9999 -9999 78 79 80 81 81 81 82 83 83 84 84 85 86 86 87 88 89 90 91 92 93 94 95 97 98 100 101 103 104 106 107 109 110 112 113 115 116 117 119 121 122 123 122 122 121 121 120 119 119 118 118 117
-9999 -9999 -9999 -9999 -9999 -9999 -9999 -9999 -9999 -9999 -9999 -9999 -9999 -9999 -9999 -9999 -9999 -9999 -9999 -9999 -9999 -9999 -9999 -9999 -9999 -9999 -9999 -9999 -9999 -9999 -9999 -9999 -9999 -9999 -9999 -9999 -9999 -9999 -9999 -9999 -9999 80 81 81 81 82 83 83 83 84 84 85 86 86 87 87 88 89 89 90 91 92 93 94 95 96 98 99 100 102 103 105 106 108 109 111 112 114 115 117 118 119 120 121 121 122 121 121 120 120 119 119 118 118 117
-9999 -9999 -9999 -9999 -9999 -9999 -9999 -9999 -9999 -9999 -9999 -9999 -9999 -9999 -9999 -9999 -9999 -9999 -9999 -9999 -9999 -9999 -9999 -9999 -9999 -9999 -9999 -9999 -9999 -9999 -9999 -9999 -9999 -9999 -9999 -9999 -9999 -9999 -9999 81 81 82 82 83 84 84 85 85 86 86 86 87 87 88 88 89 89 90 91 91 92 93 94 95 96 97 99 100 101 103 104 106 107 108 110 111 113 114 115 117 118 119 120 121 121 121 121 120 120 119 119 118 118 117 117
-9999 -9999 -9999 -9999 -9999 -9999 -9999 -9999 -9999 -9999 -9999 -9999 -9999 -9999 -9999 -9999 -9999 -9999 -9999 -9999 -9999 -9999 -9999 -9999 -9999 -9999 -9999 -9999 -9999 -9999 -9999 -9999 -9999 -9999 -9999 -9999 -9999 82 83 83 83 84 85 85 86 86 87 87 88 88 88 89 89 90 90 91 91 92 92 93 93 94 95 96 97 98 100 101 102 104 105 106 107 109 110 112 113 114 115 116 118 119 119 120 120 120 120 120 119 119 118 118 118 117 117
-9999 -9999 -9999 -9999 -9999 -9999 -9999 -9999 -9999 -9999 -9999 -9999 -9999 -9999 -9999 -9999 -9999 -9999 -9999 -9999 -9999 -9999 -9999 -9999 -9999 -9999 -9999 -9999 -9999 -9999 -9999 -9999 -9999 -9999 -9999 -9999 83 84 85 85 86 87 87 88 88 88 89 89 90 90 90 91 91 91 92 92 92 93 93 94 95 95 96 97 98 99 100 102 103 104 106 107 108 109 111 112 113 114 115 116 117 118 119 119 119 119 119 119 119 118 118 117 117 117 116
-9999 -9999 -9999 -9999 -9999 -9999 -9999 -9999 -9999 -9999 -9999 -9999 -9999 -9999 -9999 -9999 -9999 -9999 -9999 -9999 -9999 -9999 -9999 -9999 -9999 -9999 -9999 -9999 76 76 -9999 78 -9999 84 -9999 85 86 86 87 88 89 89 90 90 91 91 91 91 92 92 92 92 93 93 93 93 94 94 95 95 96 96 97 98 99 100 101 102 103 105 106 107 109 110 111 112 113 114 115 116 117 117 118 118 118 118 118 118 118 118 117 117 117 116 116
-9999 -9999 -9999 -9999 -9999 -9999 -9999 -9999 -9999 -9999 -9999 -9999 -9999 -9999 -9999 -9999 -9999 -9999 -9999 -9999 -9999 -9999 -9999 -9999 -9999 -9999 73 75 77 78 80 83 -9999 85 86 87 88 89 90 91 91 91 92 93 93 93 93 94 94 94 94 94 94 94 95 95 95 96 96 97 97 97 98 99 100 101 102 103 104 105 107 108 109 110 111 113 113 114 115 116 116 117 117 117 117 117 117 117 117 117 117 116 116 116 116
-9999 -9999 -9999 -9999 -9999 -9999 -9999 -9999 -9999 -9999 -9999 -9999 -9999 -9999 -9999 -9999 -9999 -9999 -9999 -9999 -9999 -9999 -9999 -9999 -9999 -9999 76 77 79 81 83 84 87 88 89 90 91 92 92 92 93 94 94 95 95 95 95 95 95 95 96 96 96 96 96 97 97 97 98 98 98 98 99 99 100 101 102 104 105 106 107 108 109 110 112 113 113 114 115 115 116 116 117 117 117 116 116 116 116 116 116 116 116 115 115
-9999 -9999 -9999 -9999 -9999 -9999 -9999 -9999 -9999 -9999 -9999 -9999 -9999 -9999 -9999 -9999 -9999 -9999 -9999 -9999 -9999 -9999 -9999 70 71 74 76 79 81 84 86 87 89 90 92 93 94 95 95 96 96 97 97 97 97 97 97 97 97 97 97 97 98 98 98 98 98 98 99 99 99 99 100 100 101 102 103 104 105 107 108 109 110 111 112 113 113 114 115 115 116 116 116 116 116 115 115 115 115 115 115 115 115 115 115
-9999 -9999 -9999 -9999 -9999 -9999 -9999 -9999 -9999 -9999 -9999 -9999 -9999 -9999 -9999 -9999 -9999 -9999 -9999 -9999 -9999 -9999 -9999 -9999 75 77 80 82 84 86 88 90 92 93 95 95 96 97 98 98 98 99 99 99 99 99 99 99 99 99 99 99 99 99 99 99 100 100 100 100 100 100 101 101 101 103 104 105 106 107 108 109 110 111 112 113 113 114 115 115 115 115 115 115 115 114 114 114 114 114 114 114 115 -9999 -9999
-9999 -9999 -9999 -9999 -9999 -9999 -9999 -9999 -9999 -9999 -9999 -9999 -9999 -9999 -9999 -9999 -9999 -9999 -9999 61 63 67 70 73 76 79 82 84 87 89 91 93 95 96 97 98 99 100 100 101 101 101 101 101 101 101 101 101 100 100 100 100 100 100 101 101 100 101 101 101 101 102 102 102 103 104 105 106 107 108 109 110 110 111 112 113 113 114 115 115 115 115 115 114 114 113 113 113 113 113 114 -9999 -9999 -9999 -9999
-9999 -9999 -9999 -9999 -9999 -9999 -9999 -9999 -9999 -9999 -9999 -9999 -9999 -9999 -9999 -9999 -9999 55 57 60 64 68 71 75 78 81 84 87 90 92 94 96 97 98 100 101 101 102 103 103 103 103 103 103 103 102 102 102 102 101 102 101 102 102 102 102 102 102 102 102 102 103 103 103 104 105 106 107 108 109 109 110 111 111 112 113 114 114 115 115 115 115 114 113 112 112 112 112 112 -9999 -9999 -9999 -9999 -9999 -9999
-9999 -9999 -9999 -9999 -9999 -9999 -9999 -9999 -9999 -9999 -9999 -9999 -9999 -9999 49 49 53 56 58 62 66 70 73 77 80 84 87 90 92 94 96 98 99 100 102 103 104 104 104 104 104 104 104 104 104 104 104 104 104 103 103 103 103 103 103 103 103 103 104 104 104 104 104 104 105 106 107 107 108 109 110 110 111 112 113 113 114 114 114 115 115 115 114 113 111 111 111 -9999 -9999 -9999 -9999 -9999 -9999 -9999 -9999
-9999 -9999 -9999 -9999 -9999 -9999 -9999 -9999 -9999 -9999 -9999 -9999 -9999 49 50 52 55 58 62 65 69 72 76 79 83 86 88 91 93 96 98 100 102 103 105 105 106 106 106 106 106 106 106 106 106 106 105 105 105 104 104 104 104 104 104 104 105 104 105 105 105 105 105 106 106 107 108 108 109 110 110 111 112 112 113 113 113 114 114 115 115 115 114 112 110 110 -9999 -9999 -9999 -9999 -9999 -9999 -9999 -9999 -9999
-9999 -9999 -9999 -9999 -9999 -9999 -9999 -9999 -9999 47 47 48 50 51 52 55 57 61 64 68 71 75 78 81 84 87 90 93 96 97 99 100 102 104 105 106 107 107 108 108 108 108 108 107 107 107 106 106 106 106 105 105 105 105 105 106 106 106 106 106 106 106 107 107 107 108 109 109 110 110 111 111 112 112 113 113 113 114 114 114 115 115 114 112 110 -9999 -9999 -9999 -9999 -9999 -9999 -9999 -9999 -9999 -9999
-9999 -9999 -9999 -9999 -9999 -9999 -9999 46 47 47 48 49 51 53 55 57 60 63 66 70 73 77 80 82 86 89 93 95 98 100 101 103 104 107 108 109 108 109 110 110 110 110 109 108 107 108 107 107 107 106 106 106 106 106 106 106 106 106 106 107 107 107 107 108 108 109 109 110 110 111 111 112 112 112 112 113 113 113 114 114 114 113 113 111 -9999 -9999 -9999 -9999 -9999 -9999 -9999 -9999 -9999 -9999 -9999
-9999 -9999 -9999 -9999 -9999 -9999 46 47 47 48 49 51 53 55 57 59 62 65 69 72 75 78 81 84 87 89 93 96 99 102 105 108 108 108 109 110 112 112 111 111 111 111 110 109 108 108 108 108 108 107 107 107 107 107 107 107 107 107 107 108 108 108 108 109 109 110 110 111 111 112 112 112 113 113 113 113 113 113 113 113 113 113 112 -9999 -9999 -9999 -9999 -9999 -9999 -9999 -9999 -9999 -9999 -9999 -9999
-9999 -9999 -9999 -9999 -9999 46 47 48 49 50 51 52 54 56 59 61 64 67 70 73 76 79 82 86 90 93 96 98 101 104 107 109 111 112 110 110 110 112 112 111 111 111 111 111 110 109 109 109 108 108 108 108 108 108 108 108 108 108 108 108 109 109 109 109 110 110 111 111 112 112 112 113 113 113 113 113 113 113 112 112 112 112 112 -9999 -9999 -9999 -9999 -9999 -9999 -9999 -9999 -9999 -9999 -9999 -9999
-9999 -9999 -9999 -9999 -9999 47 48 49 50 51 52 54 56 58 60 63 66 69 71 74 77 80 83 86 89 92 96 100 100 103 108 111 113 114 115 113 113 113 113 112 113 112 112 111 110 110 109 109 108 108 108 108 108 108 108 109 108 108 109 109 109 109 110 110 111 111 112 112 112 113 113 113 113 113 113 113 113 112 112 112 111 111 110 -9999 -9999 -9999 -9999 -9999 -9999 -9999 -9999 -9999 -9999 -9999 -9999
-9999 -9999 -9999 -9999 -9999 48 49 50 51 53 54 56 57 60 62 65 67 69 72 75 80 82 86 89 90 93 94 97 99 103 108 110 113 113 115 116 115 115 114 112 112 112 112 111 111 110 109 109 108 108 108 108 108 108 108 109 109 109 109 109 109 110 110 111 111 112 112 113 113 113 113 114 113 113 113 113 112 112 111 111 111 110 110 -9999 -9999 -9999 -9999 -9999 -9999 -9999 -9999 -9999 -9999 -9999 -9999
-9999 -9999 -9999 -9999 -9999 50 51 51 52 54 55 57 59 61 63 65 68 72 74 78 82 85 87 89 93 94 96 99 101 105 107 110 113 114 114 115 115 114 115 113 112 111 111 111 111 110 109 109 109 108 108 108 108 108 108 109 109 109 109 110 110 110 110 111 111 112 113 113 114 114 114 114 114 114 113 113 112 111 111 111 110 -9999 -9999 -9999 -9999 -9999 -9999 -9999 -9999 -9999 -9999 -9999 -9999 -9999 -9999
-9999 -9999 -9999 -9999 -9999 50 52 53 54 55 56 58 60 62 64 66 70 72 76 80 83 86 89 91 92 96 99 101 103 108 112 112 113 113 114 115 115 115 115 114 112 111 110 110 110 110 109 109 108 108 108 108 108 108 108 108 109 109 109 110 110 111 111 111 112 112 113 114 114 114 115 114 114 114 113 113 112 111 111 110 110 109 -9999 -9999 -9999 -9999 -9999 -9999 -9999 -9999 -9999 -9999 -9999 -9999 -9999
-9999 -9999 -9999 -9999 50 51 52 53 55 56 58 59 61 63 65 68 71 72 77 80 81 85 88 90 93 95 97 100 106 109 113 116 114 115 115 114 115 114 114 114 112 111 110 109 109 109 108 108 108 108 107 108 108 108 108 108 108 109 109 110 110 111 111 112 113 113 114 114 115 115 115 115 114 114 113 112 111 111 110 109 109 -9999 -9999 -9999 -9999 -9999 -9999 -9999 -9999 -9999 -9999 -9999 -9999 -9999 -9999
-9999 -9999 -9999 -9999 -9999 52 53 55 56 57 58 59 61 63 65 67 70 73 75 79 81 83 85 87 90 93 98 102 103 108 111 113 116 115 116 115 115 114 113 112 111 110 110 109 108 108 107 107 107 107 107 107 107 107 107 108 108 109 109 110 110 111 111 112 113 113 114 114 115 115 115 115 114 114 113 112 111 110 110 109 108 107 -9999 -9999 -9999 -9999 -9999 -9999 -9999 -9999 -9999 -9999 -9999 -9999 -9999
-9999 -9999 -9999 -9999 -9999 52 54 56 58 58 59 61 62 64 65 68 71 73 75 78 79 81 85 88 92 94 97 101 105 110 112 112 111 113 115 115 113 113 112 110 110 109 108 108 107 106 106 106 106 105 106 106 106 106 107 107 108 108 109 109 110 111 111 112 112 113 114 115 115 116 116 116 115 114 113 112 111 110 109 108 107 106 -9999 -9999 -9999 -9999 -9999 -9999 -9999 -9999 -9999 -9999 -9999 -9999 -9999
-9999 -9999 -9999 -9999 -9999 53 54 56 58 60 60 61 62 64 66 68 71 73 76 77 79 80 83 87 90 94 98 101 104 106 109 114 111 111 111 112 112 110 110 108 107 106 106 105 105 104 104 104 104 104 104 105 105 106 106 107 107 108 108 109 110 110 111 112 112 113 114 114 115 116 116 116 114 113 112 111 110 109 108 107 106 105 105 103 103 103 -9999 101 -9999 -9999 -9999 -9999 -9999 -9999 -9999
-9999 -9999 -9999 -9999 -9999 -9999 55 56 58 59 60 61 62 63 66 68 70 73 74 77 79 81 84 87 89 92 95 99 101 104 105 105 110 110 110 108 108 108 107 106 105 104 103 103 103 102 102 102 102 103 103 104 104 105 105 106 107 107 108 109 109 110 111 111 112 113 113 114 114 115 115 115 114 113 112 111 110 108 107 106 105 104 103 103 102 101 100 100 100 -9999 -9999 -9999 -9999 -9999 100
-9999 -9999 -9999 -9999 -9999 -9999 54 55 58 59 60 61 62 64 65 66 69 70 72 74 77 79 82 85 87 90 92 95 97 100 104 105 105 106 107 107 106 104 103 102 102 101 101 101 100 100 100 100 101 101 102 102 103 104 104 105 106 107 107 108 109 109 110 111 111 112 113 113 114 114 114 114 113 112 111 110 109 108 107 105 104 103 102 101 101 100 100 99 99 99 -9999 -9999 99 99 99
-9999 -9999 -9999 -9999 -9999 -9999 -9999 54 56 57 58 60 62 62 63 64 68 68 70 72 75 78 80 83 85 87 90 92 95 98 98 103 103 104 104 103 101 100 99 98 98 98 98 97 97 97 98 98 99 99 100 101 102 102 103 104 105 106 107 108 108 109 110 110 111 112 112 113 113 113 113 112 112 111 110 109 108 107 106 104 103 102 101 100 99 99 98 98 98 97 97 -9999 -9999 -9999 98
-9999 -9999 -9999 -9999 -9999 -9999 -9999 52 54 55 57 59 59 61 62 64 66 68 70 71 74 76 78 80 82 86 88 90 92 95 97 98 98 100 99 98 97 96 95 94 95 95 94 94 94 95 95 96 97 98 99 100 100 101 102 103 104 105 106 107 108 109 109 110 111 111 112 112 112 112 112 112 111 110 109 108 107 106 105 104 102 101 100 99 98 97 97 96 96 96 96 96 -9999 -9999 -9999
-9999 -9999 -9999 -9999 -9999 -9999 -9999 51 52 54 55 58 59 60 61 63 65 67 68 70 72 75 77 79 81 84 85 87 89 91 93 95 94 94 94 93 92 91 90 89 89 89 90 90 91 92 92 93 95 96 97 98 99 100 101 102 104 105 105 106 107 108 109 110 110 111 111 111 111 111 111 111 110 109 108 107 106 105 104 103 101 100 99 98 97 96 95 95 95 95 95 95 95 -9999 -9999
-9999 -9999 -9999 -9999 -9999 -9999 -9999 50 50 52 54 55 57 58 60 62 64 66 67 69 71 73 74 77 80 81 83 85 87 87 89 90 90 90 89 88 87 85 84 84 84 84 85 86 87 88 90 91 92 94 95 96 98 99 100 102 102 104 105 106 107 107 108 109 110 110 110 110 111 111 110 110 109 108 107 106 105 104 103 102 100 99 98 96 95 94 94 94 94 94 94 94 -9999 -9999 -9999
-9999 -9999 -9999 -9999 -9999 -9999 -9999 46 49 51 52 54 56 58 59 61 62 63 65 66 69 71 72 75 77 79 81 82 83 84 85 86 86 85 84 83 82 80 78 76 78 78 80 82 83 85 87 89 90 92 94 95 97 98 99 101 102 103 104 105 106 107 108 108 109 109 110 110 110 110 109 109 108 107 107 106 104 103 102 101 99 98 97 96 94 94 93 93 92 92 92 -9999 -9999 -9999 -9999
-9999 -9999 -9999 -9999 -9999 -9999 43 -9999 47 50 51 53 55 56 58 59 60 62 63 65 67 69 70 72 74 76 77 78 80 81 81 82 81 81 80 78 77 75 73 71 72 74 75 78 80 82 85 87 88 90 92 94 95 97 98 100 101 102 104 105 106 107 107 108 108 109 109 109 109 109 108 108 107 106 105 105 104 102 101 100 99 97 96 95 94 93 92 92 92 92 92 -9999 -9999 -9999 -9999
-9999 -9999 -9999 -9999 -9999 -9999 -9999 -9999 47 48 51 52 53 55 56 58 59 60 62 63 64 66 68 69 71 72 74 75 76 77 78 78 78 77 76 75 73 71 69 66 63 69 71 74 78 80 82 85 87 89 91 92 94 96 98 99 100 102 103 104 105 106 107 107 108 108 108 108 108 108 108 107 106 106 105 104 103 101 100 99 98 96 95 94 93 92 91 91 91 91 -9999 -9999 -9999 -9999 -9999
-9999 -9999 -9999 -9999 -9999 -9999 -9999 -9999 -9999 -9999 50 51 52 54 55 56 57 59 60 61 63 64 66 67 68 70 71 72 73 74 74 74 74 74 73 73 71 69 -9999 -9999 -9999 -9999 70 73 75 78 81 83 85 88 90 92 93 95 97 98 100 101 103 104 105 106 107 107 107 108 108 108 108 107 107 106 106 105 104 103 102 101 100 98 97 96 94 93 92 91 90 90 -9999 -9999 -9999 -9999 -9999 -9999 -9999
-9999 -9999 -9999 -9999 -9999 -9999 -9999 -9999 -9999 48 49 50 51 52 54 55 56 57 59 60 61 62 63 64 66 67 68 69 70 71 71 72 72 72 -9999 -9999 -9999 -9999 -9999 -9999 -9999 -9999 -9999 72 74 77 79 82 84 87 89 91 93 94 96 98 99 101 102 103 104 105 106 107 107 107 107 107 107 107 106 105 105 104 103 102 101 100 99 97 96 95 94 93 92 -9999 -9999 -9999 -9999 -9999 -9999 -9999 -9999 -9999 -9999
-9999 -9999 -9999 -9999 -9999 -9999 -9999 -9999 -9999 -9999 49 49 50 52 53 54 55 56 57 58 59 60 61 62 63 64 65 66 67 68 69 70 70 -9999 -9999 -9999 -9999 -9999 -9999 -9999 -9999 -9999 -9999 -9999 74 76 79 81 84 86 88 90 92 94 95 97 99 100 102 103 104 105 106 106 107 107 107 107 106 106 105 105 104 103 102 101 100 99 98 97 -9999 -9999 -9999 -9999 -9999 -9999 -9999 -9999 -9999 -9999 -9999 -9999 -9999 -9999 -9999
-9999 -9999 -9999 -9999 -9999 -9999 -9999 -9999 -9999 -9999 -9999 49 50 51 52 53 54 55 56 56 57 58 59 60 60 61 63 64 65 67 68 -9999 -9999 -9999 -9999 -9999 -9999 -9999 -9999 -9999 -9999 -9999 -9999 -9999 73 76 78 81 83 85 88 89 91 93 95 97 98 100 101 103 104 105 106 106 107 107 107 106 106 105 105 104 103 102 101 100 99 98 97 -9999 -9999 -9999 -9999 -9999 -9999 -9999 -9999 -9999 -9999 -9999 -9999 -9999 85 -9999 -9999
-9999 -9999 -9999 -9999 -9999 -9999 -9999 -9999 -9999 -9999 -9999 -9999 -9999 -9999 52 52 53 54 55 55 56 57 57 58 58 59 60 62 64 -9999 -9999 -9999 -9999 -9999 -9999 -9999 -9999 -9999 -9999 -9999 -9999 -9999 -9999 -9999 74 76 78 81 83 85 87 89 91 92 94 96 98 99 101 103 104 105 106 106 106 107 106 106 105 105 104 103 102 102 100 100 99 97 96 95 -9999 -9999 -9999 -9999 -9999 -9999 -9999 -9999 -9999 -9999 -9999 -9999 -9999 -9999 -9999
-9999 -9999 -9999 -9999 -9999 -9999 -9999 -9999 -9999 -9999 -9999 -9999 -9999 -9999 -9999 -9999 53 53 54 54 55 55 56 56 57 57 59 -9999 -9999 -9999 -9999 -9999 -9999 -9999 -9999 -9999 -9999 -9999 -9999 -9999 -9999 -9999 -9999 -9999 -9999 76 78 81 83 85 87 89 90 92 94 95 97 99 101 102 104 105 106 106 106 106 106 105 105 104 103 103 102 101 100 99 98 97 96 -9999 -9999 -9999 -9999 -9999 -9999 -9999 -9999 -9999 -9999 -9999 -9999 -9999 -9999 -9999 -9999
