resultados/variables_proyeccion_tiempo/variables_paleo_130k/bio2.asc
ncols 330
nrows 228
xllcorner -12.000000
yllcorner 34.000000
cellsize 0.166667
NODATA_value -9999
[rows 42 to 83 of 228, columns 190 to 284 of 330]
116 116 115 115 114 114 114 113 113 113 113 -9999 -9999 -9999 -9999 -9999 -9999 -9999 -9999 -9999 -9999 -9999 -9999 -9999 -9999 -9999 -9999 -9999 -9999 111 111 111 111 110 110 110 110 111 111 111 111 111 111 111 111 111 111 111 111 110 110 109 109 108 108 107 107 106 106 105 105 104 104 103 103 102 102 102 101 101 101 101 101 101 101 101 100 100 100 100 99 99 98 98 97 97 96 96 95 95 94 94 94 94 -9999
116 116 115 115 114 114 114 114 113 113 -9999 -9999 -9999 -9999 -9999 -9999 -9999 -9999 -9999 -9999 -9999 -9999 -9999 -9999 -9999 -9999 -9999 -9999 112 112 111 111 111 110 110 110 110 110 110 111 111 111 111 111 111 111 111 111 111 110 110 109 108 108 107 107 106 106 105 105 104 104 103 103 102 102 101 101 101 101 101 100 100 100 100 100 100 100 99 99 99 98 98 97 97 97 96 96 95 95 95 94 94 -9999 -9999
116 116 115 115 114 114 114 114 113 113 113 113 -9999 -9999 -9999 -9999 -9999 -9999 -9999 -9999 -9999 -9999 -9999 -9999 -9999 -9999 -9999 112 112 112 111 111 111 111 110 110 110 110 110 110 110 110 111 111 111 111 111 111 110 110 109 108 108 107 107 106 106 105 105 104 104 103 103 102 102 101 101 100 100 100 100 100 100 100 99 99 99 99 99 99 98 98 98 97 97 97 96 96 95 95 95 94 94 -9999 -9999
116 116 115 115 115 114 114 114 113 113 113 113 -9999 -9999 -9999 -9999 -9999 -9999 -9999 -9999 -9999 -9999 -9999 -9999 -9999 114 113 113 113 112 112 111 111 111 110 110 110 110 110 110 110 110 110 110 110 110 110 110 110 109 109 108 107 107 106 106 105 105 104 104 103 102 102 101 101 100 100 100 99 99 99 99 99 99 99 99 99 99 99 98 98 98 97 97 97 96 96 96 95 95 95 95 95 95 95
116 116 115 115 114 114 114 114 113 114 113 -9999 -9999 -9999 -9999 -9999 -9999 -9999 -9999 -9999 -9999 -9999 -9999 115 114 114 114 113 113 113 112 112 111 111 110 110 110 110 110 110 109 109 109 109 109 109 110 110 109 109 108 107 107 106 106 105 105 104 104 103 103 102 101 101 100 100 99 99 99 99 99 99 99 99 99 99 99 98 98 98 98 97 97 97 97 96 96 96 96 95 95 95 95 95 95
116 116 115 115 115 114 114 114 114 -9999 -9999 -9999 -9999 -9999 -9999 -9999 -9999 -9999 -9999 -9999 -9999 -9999 115 115 115 115 114 114 113 113 112 112 112 111 110 110 110 110 109 109 109 109 109 109 109 109 108 108 108 108 107 106 106 105 105 104 104 104 103 103 102 102 101 100 100 99 98 98 98 98 98 98 98 98 98 98 98 98 98 98 98 97 97 97 97 96 96 96 96 96 95 96 95 95 95
116 115 115 115 114 114 114 114 -9999 -9999 -9999 -9999 -9999 -9999 -9999 -9999 -9999 -9999 116 116 116 116 116 116 116 115 115 114 114 113 113 112 112 111 110 110 110 109 109 109 108 108 108 108 108 108 107 107 107 106 106 105 105 104 104 104 103 103 103 102 102 101 101 100 99 98 98 97 98 98 98 98 98 98 98 98 98 98 98 97 97 97 97 97 97 96 96 96 96 96 96 96 96 96 96
115 115 115 114 114 114 114 114 -9999 -9999 -9999 -9999 -9999 -9999 -9999 -9999 -9999 116 117 117 117 117 117 116 116 116 115 115 114 114 113 112 112 111 110 110 109 109 109 108 108 108 108 107 107 107 106 106 105 105 104 104 104 104 103 103 103 103 102 102 102 101 100 100 99 98 97 97 97 97 97 97 98 98 98 98 98 98 97 97 97 97 97 97 97 96 96 96 96 96 96 96 96 96 96
115 115 114 114 -9999 -9999 114 114 -9999 -9999 -9999 -9999 -9999 -9999 -9999 116 116 117 117 117 117 117 117 117 117 116 116 115 115 114 113 113 112 111 110 110 109 108 108 108 107 107 107 106 106 106 105 105 104 103 103 103 103 103 103 103 103 102 102 102 101 101 100 99 99 98 98 97 97 97 97 97 97 97 97 97 97 97 97 97 97 97 97 96 96 96 96 96 96 96 96 96 96 96 97
115 115 -9999 -9999 -9999 -9999 -9999 -9999 113 113 113 113 113 114 114 116 117 117 118 118 118 118 118 117 117 117 116 116 115 114 114 113 112 111 110 109 109 108 108 107 107 106 106 106 105 105 104 103 102 102 102 102 102 102 102 102 102 102 102 102 101 101 100 100 99 98 98 97 97 97 97 97 97 97 97 97 97 97 97 97 97 97 97 97 96 96 96 96 96 96 96 97 97 97 97
-9999 -9999 -9999 -9999 -9999 -9999 113 -9999 113 113 112 112 113 114 115 116 117 118 118 119 119 118 118 118 118 117 117 116 116 115 114 113 112 111 110 109 108 107 107 106 106 105 105 105 104 104 103 101 100 100 100 100 101 101 101 101 102 102 102 101 101 101 100 100 99 98 98 98 97 97 97 97 97 97 97 97 97 97 97 97 97 97 97 97 97 97 97 97 97 97 97 97 97 97 97
-9999 -9999 -9999 -9999 -9999 -9999 113 -9999 113 113 113 112 112 113 115 117 118 119 119 119 119 119 118 118 118 118 117 117 116 115 114 113 112 110 109 108 107 107 106 106 105 105 104 104 103 102 101 99 98 98 99 99 100 100 101 101 101 101 101 101 101 101 100 100 99 99 98 98 98 97 97 97 97 97 97 97 97 97 97 97 97 97 97 97 97 97 97 97 97 97 97 97 97 98 98
-9999 -9999 -9999 -9999 -9999 -9999 -9999 113 113 113 113 113 113 114 116 117 119 120 119 119 119 119 119 119 118 118 118 117 116 115 114 113 111 110 109 108 107 106 105 105 104 104 103 102 102 101 99 98 96 97 98 99 99 100 100 100 101 101 102 102 101 101 100 100 99 99 98 98 98 98 97 97 97 97 97 97 97 97 97 97 97 97 97 97 97 97 97 97 97 97 97 98 98 98 99
-9999 -9999 -9999 -9999 -9999 -9999 -9999 -9999 113 113 113 113 113 114 116 117 118 119 119 119 119 119 119 119 119 119 118 118 116 115 114 112 111 110 108 107 106 105 105 104 103 103 102 102 101 100 98 97 96 97 97 98 98 99 100 100 101 101 101 102 102 101 100 100 99 99 99 98 98 98 97 97 97 97 97 97 97 97 97 97 97 97 97 97 97 97 97 97 97 97 98 98 98 99 99
-9999 -9999 -9999 -9999 -9999 -9999 -9999 -9999 113 113 113 113 114 115 116 117 118 119 119 119 119 119 119 119 119 119 119 118 117 115 114 112 111 109 108 106 105 104 104 103 103 102 102 101 100 99 98 97 97 97 97 98 98 99 99 100 100 101 101 101 101 101 100 100 99 99 99 98 98 98 98 97 97 97 97 97 97 97 97 97 97 97 97 97 97 97 97 97 97 98 98 98 99 99 99
-9999 -9999 -9999 -9999 -9999 -9999 -9999 -9999 113 113 114 114 114 115 116 117 117 118 118 119 119 118 118 118 118 118 118 118 116 115 113 112 110 109 107 106 104 104 103 103 102 102 101 100 100 99 98 97 97 97 97 97 98 98 99 99 100 100 101 101 101 100 100 100 99 99 99 98 98 98 98 97 97 97 97 97 97 97 97 97 97 97 97 97 97 97 97 97 97 98 98 99 99 100 100
-9999 -9999 -9999 -9999 -9999 -9999 -9999 -9999 -9999 113 114 114 114 115 116 116 117 118 118 118 118 118 118 118 118 118 117 117 116 114 113 111 110 108 107 105 103 103 103 102 102 102 101 100 99 99 98 97 97 97 97 97 98 98 99 99 99 100 100 100 100 100 100 100 99 99 99 99 98 98 98 98 97 97 97 97 97 97 97 97 97 97 97 97 97 97 97 98 98 98 99 99 100 100 101
-9999 -9999 -9999 -9999 -9999 -9999 -9999 -9999 -9999 113 113 114 114 115 115 116 116 117 117 117 117 117 117 117 117 117 116 116 115 113 112 111 109 108 106 105 103 103 102 102 102 101 101 100 99 99 98 98 98 97 97 97 98 98 98 99 99 99 99 100 100 100 99 99 99 99 99 98 98 98 98 98 98 97 97 97 97 97 98 98 97 97 97 98 97 97 98 98 98 99 99 100 100 101 101
-9999 -9999 -9999 -9999 -9999 -9999 -9999 -9999 -9999 113 113 113 114 115 115 115 116 116 117 117 117 117 116 116 116 116 115 115 114 113 112 110 109 107 106 105 104 103 102 102 102 101 101 100 99 99 98 98 98 97 97 98 98 98 98 98 99 99 99 99 99 99 99 99 99 99 99 98 98 98 98 98 98 98 98 98 98 98 98 98 98 98 98 98 98 98 98 98 98 99 100 100 101 101 102
-9999 -9999 -9999 -9999 -9999 -9999 -9999 -9999 -9999 -9999 113 113 114 114 115 115 115 116 116 116 116 116 115 115 115 115 115 114 113 112 111 110 108 107 106 104 104 103 103 102 102 101 101 100 99 99 98 98 98 98 98 98 98 98 98 98 98 98 98 98 99 99 98 99 99 99 99 99 98 98 98 98 98 98 98 98 98 98 98 98 98 98 98 98 98 98 99 99 99 100 100 101 102 102 103
-9999 -9999 -9999 -9999 -9999 -9999 -9999 -9999 -9999 -9999 112 112 113 113 114 114 115 115 115 115 115 115 115 114 114 114 114 114 113 112 111 109 108 107 105 104 104 103 103 102 102 101 100 100 99 99 98 98 98 98 98 98 98 98 98 98 98 98 98 98 98 98 98 98 98 98 98 98 98 98 98 98 98 98 98 98 98 98 99 99 99 99 99 99 99 99 99 99 100 100 101 102 102 103 104
-9999 -9999 -9999 -9999 -9999 -9999 -9999 -9999 -9999 -9999 112 112 112 113 113 114 114 114 114 115 114 114 114 113 113 113 114 114 113 111 110 108 107 106 105 104 104 104 103 103 102 101 101 100 99 99 99 98 98 98 98 98 98 98 98 98 98 98 98 98 98 98 98 98 98 98 98 98 98 98 98 98 98 98 98 99 99 99 99 99 99 99 100 100 100 100 100 100 101 101 102 103 103 104 104
-9999 -9999 -9999 -9999 -9999 -9999 -9999 -9999 -9999 -9999 110 111 111 112 112 113 113 114 114 114 114 113 113 113 113 113 114 114 112 111 109 107 106 105 104 104 103 103 103 102 102 101 101 100 99 99 99 98 98 98 98 98 98 98 97 97 97 97 97 97 97 97 97 97 97 97 97 98 98 98 98 98 98 98 99 99 99 99 99 100 100 100 100 100 100 101 101 101 102 102 103 103 104 105 105
-9999 -9999 -9999 -9999 -9999 -9999 -9999 -9999 -9999 109 109 110 110 111 111 112 112 112 113 113 113 112 112 112 112 113 113 113 112 109 108 106 105 104 103 103 103 103 102 102 101 101 100 100 99 99 99 99 98 98 98 98 98 98 97 97 97 97 97 97 97 96 96 96 96 97 97 97 97 98 98 98 99 99 99 99 100 100 100 100 100 101 101 101 101 102 102 102 103 103 104 104 105 106 106
-9999 -9999 -9999 -9999 -9999 -9999 -9999 -9999 107 108 108 109 109 110 110 111 111 111 111 111 111 111 111 111 111 111 111 111 110 108 106 104 103 102 102 102 102 102 102 101 101 100 100 99 99 99 99 99 98 98 98 98 98 97 97 97 97 96 96 96 96 96 96 96 96 96 97 97 97 98 98 98 99 99 99 100 100 101 101 101 101 101 102 102 102 102 103 103 103 104 105 105 106 106 107
-9999 -9999 -9999 -9999 -9999 -9999 -9999 -9999 107 107 107 108 108 109 109 109 110 110 110 110 110 110 110 110 110 110 109 109 107 105 104 102 101 101 100 100 100 100 101 100 100 100 100 99 99 99 99 98 98 98 98 98 98 97 97 97 96 96 96 96 95 95 95 95 96 96 96 97 97 98 98 98 99 99 100 100 101 101 101 102 102 102 102 103 103 103 104 104 104 105 105 106 106 107 107
-9999 -9999 -9999 -9999 -9999 -9999 -9999 105 105 106 106 106 107 107 108 108 108 109 109 109 109 108 108 108 108 108 107 106 105 103 101 100 99 99 99 99 99 99 100 99 99 99 99 99 99 99 98 98 98 98 98 98 98 97 97 97 96 96 96 95 95 95 95 95 95 95 96 96 97 97 98 99 99 100 100 101 101 102 102 102 103 103 103 104 104 104 104 105 105 106 106 107 107 108 108
101 101 101 102 102 103 102 103 104 104 105 105 106 106 107 107 107 107 107 107 107 107 107 107 106 106 105 104 102 101 99 97 97 97 97 98 98 99 99 99 99 99 99 99 99 -9999 98 98 98 98 -9999 -9999 97 97 97 97 96 96 95 95 95 95 94 94 95 95 96 96 97 98 98 99 100 100 101 101 102 102 103 103 104 104 104 104 105 105 105 106 106 106 107 107 108 108 109
99 100 100 101 101 101 102 103 103 103 103 104 104 104 105 105 105 106 106 106 106 105 105 105 104 104 103 102 100 99 96 95 95 96 96 97 97 98 98 98 -9999 99 -9999 -9999 99 -9999 -9999 -9999 -9999 -9999 -9999 -9999 97 97 97 97 96 96 95 95 95 94 94 94 94 95 95 96 97 98 99 100 100 101 102 102 103 103 104 104 104 105 105 105 106 106 106 107 107 107 108 108 108 109 109
99 99 99 99 99 100 101 100 102 102 102 103 103 103 104 104 104 104 104 104 104 104 104 103 103 102 102 101 99 98 96 93 94 -9999 -9999 -9999 -9999 -9999 -9999 -9999 -9999 -9999 -9999 98 98 -9999 -9999 -9999 98 98 98 -9999 97 -9999 -9999 -9999 96 96 96 95 95 94 93 93 93 94 96 97 97 99 99 100 101 102 102 103 104 104 105 105 105 106 106 106 107 107 107 108 108 108 108 109 109 109 110
-9999 -9999 98 98 99 -9999 -9999 99 100 101 -9999 101 102 -9999 -9999 102 103 103 103 103 103 103 103 102 102 101 -9999 -9999 98 -9999 -9999 -9999 -9999 -9999 -9999 -9999 -9999 -9999 -9999 -9999 -9999 -9999 -9999 -9999 -9999 98 -9999 -9999 98 98 -9999 -9999 -9999 97 -9999 -9999 96 96 96 95 95 94 94 93 94 95 96 97 98 99 100 101 102 103 103 104 104 105 106 106 106 106 107 107 107 107 108 108 108 109 109 109 110 110 110
-9999 -9999 -9999 -9999 -9999 -9999 -9999 -9999 -9999 -9999 -9999 100 -9999 -9999 -9999 101 102 -9999 -9999 102 102 102 -9999 101 -9999 -9999 -9999 -9999 -9999 -9999 -9999 -9999 -9999 -9999 -9999 -9999 96 -9999 -9999 -9999 -9999 -9999 -9999 -9999 -9999 -9999 -9999 -9999 -9999 -9999 98 98 98 97 97 97 97 96 96 96 95 95 94 94 95 96 97 98 99 100 100 101 102 103 104 105 105 106 106 107 107 107 108 108 108 108 108 109 109 109 110 110 110 110 111
-9999 -9999 -9999 -9999 -9999 -9999 -9999 -9999 -9999 -9999 -9999 -9999 -9999 -9999 -9999 -9999 -9999 -9999 -9999 -9999 -9999 -9999 -9999 -9999 -9999 -9999 -9999 -9999 96 97 96 96 95 95 95 96 96 96 97 97 97 98 98 -9999 -9999 -9999 -9999 -9999 -9999 -9999 98 98 98 98 97 97 97 97 97 96 96 96 95 96 96 97 97 98 99 100 101 102 103 104 105 106 106 107 107 108 108 108 109 109 109 109 109 109 110 110 110 110 110 111 111
-9999 -9999 -9999 -9999 -9999 -9999 -9999 -9999 -9999 -9999 -9999 -9999 -9999 -9999 -9999 -9999 -9999 -9999 -9999 -9999 -9999 -9999 -9999 -9999 -9999 97 97 97 97 96 96 96 95 95 95 96 96 96 97 97 97 97 98 98 98 98 98 98 98 98 98 98 98 98 98 98 97 97 97 97 97 97 96 97 97 98 98 99 100 101 102 103 104 105 106 107 107 108 109 109 109 109 109 110 110 110 110 110 110 110 110 111 111 111 111
-9999 -9999 -9999 -9999 -9999 -9999 -9999 -9999 -9999 -9999 -9999 -9999 -9999 -9999 -9999 -9999 -9999 -9999 -9999 -9999 -9999 -9999 98 97 97 97 97 97 96 96 96 96 96 96 96 96 96 96 97 97 97 98 98 98 98 98 98 99 99 99 99 98 98 98 98 98 98 98 98 97 97 97 97 98 98 99 99 100 101 102 103 104 105 106 107 107 108 109 110 110 110 110 110 110 110 110 110 111 111 111 111 111 111 111 111
-9999 -9999 -9999 -9999 -9999 -9999 -9999 -9999 -9999 -9999 -9999 -9999 -9999 -9999 -9999 -9999 96 96 96 -9999 96 96 96 96 96 96 96 96 96 96 96 96 96 95 96 96 96 96 97 97 97 98 98 98 98 99 99 99 99 99 99 99 99 99 99 98 98 98 98 98 98 98 98 99 99 100 100 101 102 103 104 105 106 107 108 109 109 110 111 111 111 111 111 111 111 111 111 111 111 111 111 111 111 111 112
-9999 -9999 -9999 -9999 -9999 -9999 -9999 -9999 -9999 -9999 -9999 -9999 -9999 -9999 94 95 95 95 95 95 95 96 96 95 96 96 95 95 95 95 95 95 96 95 96 96 96 97 97 97 98 98 98 98 99 99 99 99 99 99 99 99 99 99 99 99 99 99 99 99 99 99 99 100 100 101 101 102 103 104 105 106 107 107 108 109 110 111 112 112 112 112 112 112 112 111 111 111 111 111 111 111 111 112 112
-9999 -9999 -9999 -9999 -9999 -9999 -9999 -9999 -9999 -9999 -9999 -9999 -9999 -9999 -9999 -9999 94 94 94 95 95 94 95 95 95 95 95 95 95 95 95 95 95 96 96 96 97 97 97 98 98 98 98 99 99 99 99 100 100 100 100 100 100 100 100 99 100 100 100 100 100 100 100 101 101 102 102 103 104 105 105 106 107 108 109 110 111 112 113 113 112 112 112 112 112 112 111 111 112 111 111 111 112 112 112
-9999 -9999 -9999 -9999 -9999 -9999 -9999 -9999 -9999 -9999 -9999 -9999 -9999 92 92 92 93 93 93 93 94 94 94 94 94 94 94 94 94 95 95 95 95 96 96 96 96 97 97 98 98 98 99 99 99 99 100 100 100 100 100 100 100 100 100 100 100 100 100 100 101 101 101 102 102 103 103 104 105 105 106 107 108 109 110 111 112 112 113 113 113 112 112 112 112 112 112 112 112 112 112 112 112 112 112
-9999 -9999 -9999 -9999 -9999 -9999 -9999 -9999 -9999 -9999 -9999 -9999 91 91 91 92 92 92 93 93 93 93 -9999 -9999 93 93 93 94 94 94 95 95 95 96 96 96 97 97 98 98 98 98 99 99 99 100 100 100 100 100 101 101 100 100 101 101 101 101 101 101 101 102 102 103 103 104 104 105 105 106 107 108 108 109 110 111 112 112 113 113 113 112 112 112 112 112 112 112 112 112 112 112 112 112 112
-9999 -9999 -9999 -9999 -9999 -9999 -9999 -9999 -9999 -9999 -9999 -9999 -9999 91 91 91 91 92 92 92 -9999 -9999 -9999 -9999 -9999 93 93 93 93 94 94 95 95 96 96 97 97 98 98 98 99 99 99 99 100 100 100 101 101 101 101 101 101 101 101 101 101 101 102 102 102 103 103 103 104 104 105 106 106 107 108 108 109 109 110 111 112 112 112 112 112 112 112 112 112 112 112 111 111 111 111 111 111 112 112
-9999 -9999 -9999 -9999 -9999 -9999 -9999 -9999 -9999 -9999 -9999 -9999 -9999 -9999 90 90 91 91 -9999 -9999 -9999 -9999 -9999 -9999 -9999 92 92 -9999 93 93 94 95 95 96 96 97 97 98 98 98 99 99 99 100 100 100 101 101 101 101 101 101 101 101 101 101 102 102 102 103 103 103 104 104 105 105 106 106 107 107 108 108 109 110 110 111 111 112 112 112 112 112 112 112 112 112 112 112 111 111 111 111 111 111 111
