resultados/variables_proyeccion_tiempo/variables_paleo_130k/bio2.asc
ncols 330
nrows 228
xllcorner -12.000000
yllcorner 34.000000
cellsize 0.166667
NODATA_value -9999
[rows 126 to 167 of 228, columns 190 to 284 of 330]
107 107 107 107 107 107 107 107 107 107 107 107 108 108 108 109 109 110 111 112 113 114 113 113 113 112 112 112 112 112 112 112 112 113 113 113 113 114 114 114 115 115 115 115 115 116 116 116 116 116 116 116 116 116 116 116 115 115 115 114 114 113 113 112 112 111 111 111 111 112 112 112 112 112 113 113 113 113 113 113 113 113 112 112 112 111 111 110 110 110 109 109 108 108 107
107 107 108 108 108 108 108 108 107 107 107 107 108 108 109 109 109 110 111 112 113 114 114 113 112 112 111 111 111 111 112 112 112 113 113 113 113 114 114 114 115 115 115 115 115 116 116 116 116 116 116 116 116 116 116 116 115 115 114 114 113 113 112 112 111 111 111 111 111 111 112 112 112 112 113 113 113 113 113 113 113 113 113 112 112 112 111 110 110 110 109 109 108 108 107
108 108 108 109 109 109 109 109 109 109 109 108 109 109 109 109 110 110 110 111 112 113 112 112 111 111 111 111 111 111 111 111 112 112 113 113 113 114 114 114 114 115 115 115 116 116 116 116 116 116 116 116 116 116 116 115 115 115 114 114 113 112 112 111 110 110 110 110 111 111 111 112 112 112 113 113 113 113 114 114 114 113 113 113 112 112 111 111 110 109 109 109 108 107 107
107 108 109 110 110 111 111 110 110 110 110 109 109 109 109 109 110 110 110 111 111 111 110 110 110 110 110 110 110 110 111 111 112 112 113 113 113 114 114 114 114 115 115 115 116 116 116 116 116 116 116 116 116 116 116 115 115 114 114 113 112 112 111 110 110 109 110 110 110 111 111 112 112 112 113 113 113 113 114 114 114 114 113 113 112 112 111 111 110 109 109 108 108 107 107
108 109 111 111 112 112 112 112 112 111 111 110 110 109 109 109 109 109 109 109 110 110 109 109 109 109 109 109 109 110 110 111 112 112 113 113 113 114 114 114 115 115 115 115 115 116 116 116 116 116 116 116 116 116 115 115 115 114 113 113 112 111 111 110 110 109 109 110 110 110 111 111 112 112 112 113 113 113 114 114 114 114 113 113 112 112 111 110 110 109 109 108 108 107 107
112 112 113 114 114 114 113 113 112 112 111 111 110 110 110 109 109 109 109 109 109 109 108 107 107 107 107 108 109 109 110 111 111 112 112 113 113 113 114 114 114 115 115 115 115 115 116 116 116 116 116 116 116 115 115 115 114 114 113 112 112 111 110 110 109 109 109 109 110 110 110 111 111 112 112 112 113 113 114 114 114 114 113 113 112 111 111 110 110 109 108 108 107 107 106
114 114 114 115 115 114 114 114 113 112 111 110 110 110 109 108 108 107 107 108 108 107 107 106 105 105 106 107 108 109 110 110 110 111 112 112 113 113 114 114 114 115 115 115 115 115 115 115 116 115 115 115 115 115 115 114 114 113 113 112 111 111 110 110 109 109 109 109 109 110 110 110 111 111 112 112 113 113 114 114 114 113 113 112 112 111 110 110 109 109 108 107 107 106 105
112 113 113 114 114 115 115 114 114 113 113 112 111 110 109 108 108 107 107 107 107 107 107 106 105 104 105 106 107 108 109 110 110 111 112 112 113 113 113 114 114 114 114 115 115 115 115 115 115 115 115 115 115 115 114 114 114 113 112 112 111 110 110 109 109 109 109 109 109 109 109 110 110 111 111 112 112 113 113 113 113 113 112 112 111 111 110 110 109 108 108 107 106 106 105
112 114 111 111 115 117 115 113 113 112 111 111 111 110 110 109 107 106 106 107 107 107 107 106 106 105 105 106 107 108 109 110 110 111 112 112 113 113 113 114 114 114 114 114 115 115 115 115 115 115 115 115 115 114 114 114 113 112 112 111 111 110 109 109 108 108 108 108 108 109 109 109 110 110 111 111 112 112 112 112 112 112 112 111 111 110 110 109 109 108 107 106 106 105 105
114 114 115 115 116 112 114 112 112 112 112 111 110 108 108 108 108 106 105 105 106 106 107 107 106 107 107 108 108 109 109 110 110 111 112 112 113 113 113 114 114 114 114 114 114 115 115 115 115 114 114 114 114 114 114 113 113 112 111 111 110 109 109 108 108 108 108 108 108 108 108 109 109 109 110 110 111 111 111 112 112 111 111 111 110 110 109 109 108 107 107 106 105 105 104
99 100 98 103 116 114 114 114 112 114 115 114 112 111 108 106 106 106 105 105 105 105 105 106 107 107 108 109 109 110 111 111 111 111 112 113 113 113 113 113 114 114 114 114 114 114 114 114 114 114 114 114 113 114 114 113 112 111 111 110 109 109 108 108 107 107 107 107 107 107 107 108 108 109 109 109 110 110 111 111 111 111 111 110 110 109 109 108 108 107 106 106 105 104 103
113 111 106 116 119 114 114 114 116 116 116 115 114 113 112 109 106 105 104 105 105 103 104 106 107 108 108 109 110 110 111 112 112 112 112 113 113 113 114 114 114 114 114 114 114 114 114 114 114 114 114 113 113 113 113 112 112 111 110 109 109 108 107 107 107 106 106 106 106 106 107 107 107 108 108 108 109 109 110 110 110 110 110 110 109 109 108 108 107 106 106 105 104 104 103
108 109 106 112 117 119 117 116 116 118 113 116 116 115 111 110 111 108 106 104 105 104 105 104 105 107 108 109 110 111 112 112 113 113 113 113 113 114 114 114 114 114 114 114 114 114 114 114 114 113 113 113 113 113 112 112 111 110 109 109 108 107 106 106 106 105 105 105 105 105 106 106 106 107 107 108 108 109 109 109 109 109 109 109 109 108 108 107 106 106 105 104 104 103 102
116 113 117 116 120 115 115 116 116 118 117 115 117 117 116 114 111 111 108 107 107 105 105 104 104 104 107 108 110 112 112 113 113 113 113 114 114 114 114 114 114 114 114 114 114 114 114 114 114 113 113 113 112 112 111 111 110 109 108 108 107 106 105 105 105 104 104 104 104 104 104 105 105 106 106 107 107 108 108 108 108 109 108 108 108 108 107 107 106 105 104 104 103 102 102
117 121 122 123 122 121 120 121 121 120 116 118 118 117 117 116 114 112 110 110 109 105 107 105 104 103 104 106 109 111 112 113 114 114 114 114 114 114 114 114 114 115 115 114 114 114 114 114 114 113 113 113 112 111 111 110 109 108 108 107 106 105 104 104 103 103 103 103 103 103 103 104 104 105 105 106 106 107 107 107 108 108 108 108 108 107 107 106 105 105 104 103 102 101 101
123 123 123 124 123 123 123 122 121 119 116 118 118 118 117 117 116 115 114 112 110 111 108 108 105 105 105 105 106 109 111 113 114 115 115 115 115 114 113 114 114 115 115 114 114 114 114 114 114 113 113 112 112 111 110 109 108 107 107 106 105 104 104 103 102 102 102 102 102 102 102 103 103 104 104 105 105 106 106 107 107 107 107 107 107 107 106 105 105 104 103 102 102 101 100
121 121 122 122 122 123 123 122 121 119 119 119 118 118 117 117 116 116 115 115 114 112 113 111 109 108 105 106 108 108 108 111 113 114 114 114 114 114 114 115 115 115 115 115 115 115 114 114 114 113 113 112 111 111 109 109 108 107 106 105 104 103 102 102 101 101 100 100 100 101 101 101 102 102 103 104 104 105 106 106 107 107 107 107 107 106 106 105 104 104 103 102 101 100 99
119 118 120 120 117 117 122 123 122 121 120 119 118 117 117 116 116 116 116 116 115 113 114 114 114 113 110 110 108 104 109 111 112 111 113 114 114 114 114 114 115 115 115 115 115 115 114 114 114 113 113 112 111 110 109 108 107 106 105 104 103 102 101 100 100 99 99 99 99 99 99 100 101 101 102 103 104 104 105 106 106 106 107 107 106 106 105 105 104 103 102 101 100 100 99
116 114 117 119 120 120 122 122 121 120 119 118 118 117 116 116 116 116 116 116 116 115 114 110 112 115 114 110 107 106 106 109 110 110 111 113 114 114 114 114 115 116 116 116 115 115 115 114 114 113 113 112 110 109 108 107 106 105 104 103 102 101 100 99 98 98 97 97 97 98 98 99 99 100 101 102 103 104 104 105 106 106 106 106 106 106 105 104 104 103 102 101 100 99 98
115 117 118 119 120 121 121 121 120 119 119 117 117 116 116 116 116 116 116 116 116 117 114 112 109 113 115 116 114 110 108 105 107 109 110 111 112 115 115 114 115 116 116 116 116 116 115 115 114 113 112 111 110 109 108 107 106 104 103 101 100 99 98 97 96 96 96 96 96 96 97 97 98 99 100 101 102 103 104 104 105 106 106 106 106 106 105 104 103 102 101 100 99 98 97
114 116 117 118 119 120 120 120 119 119 118 117 116 116 116 116 116 116 116 116 115 116 117 117 115 114 112 112 114 108 107 105 107 109 110 112 112 114 115 115 115 115 115 116 116 116 116 115 114 113 112 111 110 109 107 106 105 104 102 100 99 98 97 96 95 94 94 94 94 95 95 96 97 98 99 100 101 102 103 104 105 106 106 106 106 106 105 104 103 102 100 99 98 97 96
112 114 116 117 118 119 119 119 119 118 118 117 117 116 116 116 116 115 116 116 116 116 115 116 116 117 117 116 117 113 115 113 110 110 109 109 111 112 114 115 115 115 115 116 116 117 116 116 115 113 112 111 110 108 107 106 104 103 101 99 98 96 95 94 93 92 92 92 92 93 93 94 95 97 98 99 101 102 103 104 105 106 106 106 106 106 105 104 102 101 100 98 97 96 95
112 113 115 116 117 118 118 118 118 118 117 117 117 117 116 116 115 115 115 116 115 116 116 116 117 118 120 122 122 121 117 113 110 108 108 108 110 110 112 114 116 116 116 116 117 116 116 116 115 113 112 110 109 108 106 105 104 102 100 98 96 95 93 92 91 90 90 90 90 91 92 93 94 95 97 98 100 101 102 104 105 106 106 107 107 106 105 104 102 100 99 97 96 95 94
111 113 115 116 117 117 118 118 118 117 117 117 117 116 116 115 113 112 113 113 114 116 115 116 118 120 120 123 124 123 114 109 108 105 109 108 108 112 112 113 115 116 116 116 116 116 116 115 114 113 112 110 108 107 105 104 103 101 99 97 95 93 91 90 89 88 88 88 88 89 90 91 93 94 96 97 99 100 102 103 105 106 107 107 107 107 106 104 102 100 98 96 95 94 93
111 113 114 116 116 117 117 118 118 118 117 117 117 116 115 114 111 111 109 111 113 114 114 115 118 120 121 122 123 123 121 118 113 112 114 110 110 110 113 113 116 116 116 116 115 115 115 114 114 112 112 110 108 106 105 104 102 100 98 96 93 91 89 88 87 86 85 86 86 87 88 90 91 93 95 96 98 100 102 103 105 106 107 108 108 108 106 104 101 99 97 95 94 92 91
112 113 114 115 116 117 117 117 117 117 117 117 117 116 116 115 114 105 101 106 108 110 114 115 117 120 121 122 123 123 123 120 112 108 114 111 106 109 108 110 114 116 116 116 115 115 115 114 113 112 111 110 108 106 105 103 101 99 97 94 92 90 87 86 84 83 83 83 84 85 87 88 90 92 94 95 97 99 101 103 105 106 108 109 109 109 107 104 101 98 95 93 92 91 90
112 113 115 116 116 116 117 117 117 117 117 117 117 117 113 110 114 109 101 102 101 102 110 114 118 121 122 123 123 124 123 121 117 111 110 110 112 108 108 108 111 115 115 116 115 114 114 113 113 112 111 110 108 107 105 103 101 98 96 93 90 88 85 83 82 81 81 82 83 84 85 87 89 90 93 95 97 99 101 103 104 106 108 109 111 110 107 104 100 97 94 92 90 89 89
112 113 115 116 116 116 116 117 117 117 117 117 117 116 116 112 111 109 102 106 105 106 110 114 119 121 122 123 124 124 123 121 119 116 115 107 113 110 107 109 113 114 115 115 115 114 113 113 113 112 111 110 108 107 105 103 100 97 94 91 88 86 84 82 80 79 78 -9999 -9999 -9999 -9999 86 88 90 92 94 96 98 100 102 104 106 108 109 111 111 107 103 99 95 92 90 89 88 88
111 113 116 116 115 115 116 116 117 117 117 117 114 114 112 113 112 113 111 109 108 106 109 117 121 122 123 124 123 123 122 121 120 118 116 113 109 113 110 107 111 114 115 114 115 114 114 113 112 112 111 110 108 107 105 102 100 97 93 90 87 84 82 80 78 77 78 -9999 -9999 -9999 -9999 85 88 89 91 93 95 97 99 101 103 105 107 108 109 109 106 102 98 94 90 88 88 87 87
111 113 114 115 114 115 115 116 117 117 117 116 115 114 114 112 112 110 112 112 111 111 114 120 121 122 123 124 123 122 121 120 119 119 117 117 114 111 112 112 108 110 113 113 114 114 114 113 112 111 111 110 109 108 105 103 99 96 92 88 85 82 80 78 77 77 -9999 -9999 -9999 -9999 -9999 -9999 -9999 -9999 91 93 94 96 99 101 103 105 106 107 107 107 104 101 97 93 89 88 87 87 -9999
113 113 114 114 113 113 114 116 117 117 117 115 115 114 114 114 113 113 113 115 114 116 118 119 121 122 123 123 123 122 121 120 120 119 115 116 114 114 115 110 105 108 112 113 114 114 113 112 111 111 111 110 109 108 106 103 99 95 90 86 83 80 78 76 76 -9999 -9999 -9999 -9999 -9999 -9999 -9999 -9999 -9999 -9999 -9999 -9999 -9999 -9999 -9999 -9999 -9999 105 106 106 105 103 101 97 94 90 89 -9999 -9999 -9999
115 115 114 113 112 112 113 115 116 118 117 116 115 114 113 110 105 103 108 114 115 112 108 108 108 115 121 123 123 121 120 119 118 117 116 117 116 114 113 106 101 105 111 112 113 114 113 112 111 110 110 109 109 109 107 104 100 94 89 84 80 77 76 -9999 -9999 -9999 -9999 -9999 -9999 -9999 -9999 -9999 -9999 -9999 -9999 -9999 -9999 -9999 -9999 99 101 103 104 105 105 104 103 100 98 94 92 90 89 -9999 -9999
117 116 115 113 112 112 113 113 114 115 115 114 113 112 112 106 105 104 107 112 110 104 98 98 96 99 104 116 107 99 95 97 102 108 114 110 110 107 108 106 104 106 109 112 113 113 112 111 110 109 109 109 109 110 109 106 100 93 86 81 77 76 -9999 -9999 -9999 -9999 -9999 -9999 -9999 -9999 -9999 -9999 -9999 -9999 -9999 -9999 -9999 94 96 98 100 102 103 104 104 104 103 101 98 95 93 90 89 88 -9999
118 117 115 113 112 111 111 112 112 113 112 112 110 110 109 110 102 96 95 94 102 106 106 95 96 105 108 115 112 107 106 102 105 106 96 103 103 104 107 110 111 112 112 112 113 112 111 111 110 109 108 108 109 109 110 107 99 91 83 77 73 -9999 -9999 -9999 -9999 -9999 -9999 -9999 -9999 -9999 -9999 -9999 -9999 -9999 -9999 -9999 92 93 95 97 99 101 102 103 104 104 103 101 98 96 93 91 89 88 87
117 116 114 112 111 110 110 110 111 110 110 109 107 105 98 103 99 89 92 95 100 101 106 103 104 103 107 115 117 116 116 115 115 109 108 110 111 113 114 114 114 114 114 113 113 111 110 109 108 107 107 106 106 107 107 103 96 88 80 73 70 -9999 -9999 -9999 -9999 -9999 -9999 -9999 -9999 -9999 -9999 -9999 -9999 -9999 -9999 -9999 -9999 93 94 -9999 99 100 101 103 104 104 103 101 99 96 94 91 90 88 87
113 113 112 110 109 109 108 109 109 109 108 109 104 99 94 102 98 96 103 106 110 113 114 115 115 116 118 119 119 118 118 118 117 117 117 117 117 117 117 116 115 114 114 113 112 111 109 108 107 106 105 104 103 102 101 97 92 84 77 70 66 -9999 -9999 -9999 -9999 -9999 -9999 -9999 -9999 -9999 -9999 -9999 -9999 -9999 -9999 -9999 -9999 -9999 -9999 -9999 -9999 99 102 102 103 104 104 101 99 96 94 92 90 88 87
114 113 111 109 108 108 108 108 108 109 109 108 103 101 103 99 102 101 106 109 111 113 113 114 115 116 118 120 118 118 119 119 118 118 119 119 119 119 119 118 117 115 114 112 111 109 108 106 105 104 102 101 98 98 96 92 88 82 76 71 -9999 -9999 -9999 -9999 -9999 -9999 -9999 -9999 -9999 -9999 -9999 -9999 -9999 -9999 -9999 -9999 -9999 -9999 -9999 -9999 -9999 -9999 -9999 101 102 103 102 100 97 95 94 92 90 88 87
114 112 111 108 106 106 108 109 110 110 109 108 103 103 98 98 106 105 107 109 110 111 113 114 114 116 117 119 118 118 119 119 119 119 119 119 119 119 119 118 117 115 113 112 110 108 106 105 103 101 100 97 95 93 91 88 85 81 76 71 -9999 -9999 -9999 -9999 -9999 -9999 -9999 -9999 -9999 -9999 -9999 -9999 -9999 -9999 -9999 -9999 -9999 -9999 -9999 -9999 -9999 -9999 -9999 99 100 100 99 97 96 95 93 91 89 -9999 -9999
112 112 111 109 106 106 107 109 111 110 109 108 104 103 102 103 104 110 109 107 108 110 112 113 114 116 117 118 118 118 119 119 119 119 119 119 119 119 119 118 116 114 112 111 109 107 105 103 101 99 97 94 92 90 87 85 -9999 -9999 -9999 -9999 -9999 -9999 -9999 -9999 -9999 -9999 -9999 -9999 -9999 -9999 -9999 -9999 -9999 -9999 -9999 -9999 -9999 -9999 -9999 -9999 -9999 -9999 96 97 97 97 96 95 95 -9999 -9999 -9999 -9999 -9999 -9999
110 111 111 110 108 108 109 110 111 111 110 104 103 100 103 104 108 109 109 108 107 108 110 112 114 116 117 118 118 118 119 119 119 119 119 119 119 119 119 117 116 114 112 110 107 106 104 101 99 97 95 92 89 86 85 84 -9999 -9999 -9999 -9999 -9999 -9999 -9999 -9999 -9999 -9999 -9999 -9999 -9999 -9999 -9999 -9999 -9999 -9999 -9999 -9999 -9999 -9999 -9999 -9999 -9999 -9999 -9999 95 95 94 94 95 -9999 -9999 -9999 -9999 -9999 -9999 -9999
107 109 110 110 107 107 110 111 113 112 109 104 101 96 100 101 107 110 109 108 107 107 109 111 113 115 116 117 118 118 118 118 118 119 118 118 118 118 117 116 115 113 111 109 107 104 102 100 98 95 92 89 86 83 -9999 -9999 -9999 -9999 -9999 -9999 -9999 -9999 -9999 -9999 -9999 -9999 -9999 -9999 -9999 -9999 -9999 -9999 -9999 -9999 -9999 -9999 -9999 -9999 -9999 -9999 -9999 -9999 -9999 -9999 -9999 -9999 -9999 -9999 -9999 -9999 -9999 -9999 -9999 -9999 -9999
99 102 101 104 107 104 108 112 112 114 112 102 89 94 103 105 107 108 108 107 106 106 108 110 112 114 115 116 117 117 117 118 118 118 118 118 117 117 116 115 114 112 109 107 105 103 101 98 95 93 90 87 84 82 80 -9999 -9999 -9999 -9999 -9999 -9999 -9999 -9999 -9999 -9999 -9999 -9999 -9999 -9999 -9999 -9999 -9999 -9999 -9999 -9999 -9999 -9999 -9999 -9999 -9999 -9999 -9999 -9999 -9999 -9999 -9999 -9999 -9999 -9999 -9999 -9999 -9999 -9999 -9999 -9999
