resultados/variables_proyeccion_tiempo/variables_paleo_130k/bio4.asc
ncols 330
nrows 228
xllcorner -12.000000
yllcorner 34.000000
cellsize 0.166667
NODATA_value -9999
[rows 140 to 174 of 228, columns 237 to 315 of 330]
12652 12653 12676 12686 12686 12687 12694 12686 12690 12686 12690 12686 12682 12679 12661 12667 12679 12728 12788 12834 12875 12915 12942 12968 12993 13025 13053 13082 13095 13102 13106 13121 13127 13135 13150 13172 13194 13208 13228 13254 13284 13313 13332 13364 13383 13390 13407 13424 13446 13465 13488 13509 13530 13551 13572 13585 13612 13636 13663 13695 13713 13740 13765 13786 13809 13839 13863 13892 13926 13955 13981 14000 14036 14070 14095 14121 14148 14170 14190
12624 12636 12662 12670 12667 12674 12656 12655 12647 12653 12657 12638 12641 12644 12636 12641 12667 12714 12759 12808 12857 12888 12903 12925 12951 12975 13010 13024 13031 13042 13052 13056 13064 13073 13091 13111 13134 13152 13177 13196 13216 13254 13278 13291 13319 13323 13345 13352 13372 13398 13425 13451 13473 13484 13501 13518 13546 13573 13591 13613 13632 13660 13682 13699 13724 13755 13784 13810 13839 13863 13898 13920 13953 13981 14017 14037 14067 14085 14115
12580 12605 12614 12636 12648 12660 12646 12622 12603 12603 12610 12595 12594 12597 12600 12621 12649 12691 12732 12789 12828 12847 12869 12882 12896 12916 12941 12964 12969 12981 12992 12992 13000 13008 13023 13043 13060 13077 13096 13131 13150 13177 13206 13221 13247 13248 13283 13287 13304 13337 13357 13375 13397 13408 13421 13437 13460 13479 13502 13525 13544 13579 13600 13619 13640 13670 13695 13724 13745 13772 13804 13836 13862 13886 13926 13948 13976 14007 14036
12559 12581 12591 12599 12595 12619 12630 12599 12566 12562 12551 12551 12549 12554 12557 12566 12594 12631 12688 12750 12789 12799 12797 12816 12834 12852 12872 12894 12904 12913 12920 12924 12933 12942 12955 12970 12988 13006 13026 13047 13078 13101 13132 13147 13165 13182 13206 13208 13238 13256 13278 13300 13314 13322 13344 13367 13385 13404 13418 13436 13460 13485 13510 13532 13561 13579 13609 13643 13662 13687 13704 13728 13763 13781 13819 13848 13876 13909 13939
12536 12562 12572 12573 12570 12553 12554 12558 12536 12528 12514 12489 12492 12496 12488 12494 12529 12565 12619 12669 12704 12718 12728 12745 12777 12787 12809 12825 12832 12836 12844 12850 12856 12868 12881 12900 12910 12928 12950 12970 12996 13026 13049 13066 13085 13106 13118 13139 13158 13178 13192 13215 13227 13243 13264 13287 13303 13317 13331 13354 13373 13390 13419 13446 13471 13491 13523 13541 13563 13599 13622 13648 13671 13689 13731 13758 13778 13819 13856
12527 12531 12542 12541 12533 12536 12507 12487 12494 12486 12466 12445 12428 12427 12421 12427 12450 12480 12524 12556 12593 12622 12639 12666 12688 12713 12731 12745 12748 12747 12754 12757 12761 12767 12788 12803 12817 12833 12859 12885 12914 12941 12970 12990 13008 13023 13036 13058 13067 13087 13103 13117 13132 13153 13173 13180 13190 13203 13223 13248 13273 13296 13319 13344 13367 13388 13419 13442 13472 13505 13530 13558 13586 13612 13645 13662 13693 13731 13758
12504 12511 12505 12516 12520 12507 12501 12468 12441 12441 12420 12402 12371 12347 12354 12356 12368 12380 12398 12424 12462 12500 12540 12568 12592 12627 12650 12664 12666 12663 12657 12660 12664 12668 12690 12702 12721 12735 12763 12793 12816 12851 12878 12901 12919 12943 12954 12966 12984 12998 13010 13024 13041 13053 13064 13077 13094 13110 13122 13140 13157 13185 13209 13238 13257 13290 13320 13344 13373 13401 13429 13463 13495 13528 13545 13578 13602 13633 13663
12490 12489 12479 12460 12462 12453 12462 12442 12408 12395 12365 12338 12301 12272 12266 12265 12251 12265 12287 12303 12336 12363 12404 12453 12495 12537 12561 12579 12576 12564 12559 12563 12554 12554 12578 12597 12619 12637 12664 12689 12716 12748 12771 12801 12823 12845 12866 12877 12890 12903 12917 12922 12933 12944 12961 12968 12982 12997 13013 13028 13052 13085 13106 13129 13161 13182 13208 13235 13268 13290 13322 13354 13382 13410 13443 13471 13498 13520 13562
12466 12480 12450 12401 12409 12402 12391 12373 12352 12340 12303 12260 12220 12195 12166 12152 12136 12136 12148 12170 12189 12224 12272 12325 12378 12435 12473 12483 12469 12449 12436 12430 12425 12430 12446 12470 12498 12531 12550 12578 12604 12641 12662 12685 12708 12745 12761 12771 12786 12806 12808 12816 12821 12827 12837 12847 12859 12871 12893 12917 12940 12959 12984 13015 13038 13064 13087 13122 13154 13213 13214 13239 13258 13299 13331 13368 13397 13428 13467
12413 12415 12448 12411 12364 12323 12333 12327 12305 12289 12244 12195 12145 12104 12061 12029 12018 11996 11985 12007 12038 12075 12119 12177 12245 12312 12380 12375 12344 12317 12294 12288 12283 12292 12315 12328 12355 12386 12421 12456 12481 12519 12547 12568 12599 12627 12648 12662 12676 12683 12694 12697 12701 12711 12718 12729 12744 12758 12775 12795 12847 12869 12902 12920 12952 12994 13016 13053 -9999 13011 13097 13122 13154 13180 13198 13225 13265 13288 13325
12335 12354 12337 12395 12361 12316 12280 12273 12247 12219 12165 12114 12074 12004 11958 11908 11879 11853 11836 11852 11872 11911 11963 12015 12077 12143 12196 12193 12169 12157 12138 12124 12120 12133 12156 12178 12206 12239 12276 12320 12353 12388 12420 12454 12479 12500 12519 12541 12556 12563 12560 12567 12576 12585 12599 12601 12610 12640 12674 12695 -9999 -9999 -9999 -9999 -9999 12770 12782 12830 12885 12924 12952 12986 13015 13048 13075 13100 13131 13158 13204
12344 12336 12307 12332 12335 12284 12241 12205 12172 12135 12074 12025 11972 11916 11853 11792 11740 11691 11669 11678 11708 11734 11782 11843 11900 11950 11983 11995 11984 11965 11958 11944 11950 11965 11977 12010 12052 12094 12136 12166 12208 12249 12286 12326 12356 12377 12398 12407 12419 12428 12430 12434 12440 12458 12482 12480 12486 -9999 -9999 -9999 -9999 12518 -9999 12565 12596 12720 12722 12738 12759 12781 12810 12837 12863 12894 12926 12960 12999 13017 13053
12273 12310 12286 12285 12303 12249 12194 12153 12095 12048 12001 11920 11852 11802 11735 11671 11593 11533 11496 11510 11561 11619 11666 11712 11713 11736 11764 11836 11807 11761 11758 11749 11756 11765 11784 11823 11859 11917 11980 12010 12050 12092 12138 12176 12213 12245 12265 12271 12273 12308 12329 12300 12304 -9999 -9999 12361 -9999 -9999 -9999 -9999 -9999 12441 12431 12475 12508 12531 12560 12587 12611 12640 12665 12687 12716 12750 12783 12821 12855 12880 12923
12254 12282 12274 12271 12249 12187 12147 12095 12045 11967 11910 11834 11758 11678 11604 11547 11477 11405 11337 11336 -9999 -9999 -9999 -9999 11495 11591 11593 11557 11543 11549 11552 11553 11551 11562 11585 11616 11653 11716 11769 11804 11853 11911 11972 12029 12072 12091 12118 12136 12172 -9999 -9999 12199 -9999 -9999 -9999 -9999 -9999 -9999 -9999 -9999 -9999 -9999 12313 12353 12353 12379 12401 12428 12455 12479 12506 12542 12570 12595 12622 12653 12686 12726 12767
12259 12257 12236 12250 12197 12130 12105 12039 11969 11896 11832 11746 11662 11578 11497 11416 11344 11279 11241 11265 -9999 -9999 -9999 -9999 11327 11379 11403 11383 11345 11342 11335 11336 11335 11343 11359 11371 11403 11451 11502 11559 11626 11705 11780 11860 11942 11969 11911 12009 -9999 -9999 -9999 -9999 -9999 -9999 -9999 -9999 -9999 -9999 -9999 -9999 -9999 -9999 -9999 -9999 12197 12213 12228 12252 12275 12307 12347 12369 12392 12418 12455 12488 12528 12570 12611
12240 12195 12185 12220 12142 12077 12050 11984 11889 11815 11741 11656 11560 11473 11387 11302 11229 11181 11177 -9999 -9999 -9999 -9999 -9999 -9999 -9999 -9999 11199 11209 11184 11176 11182 11124 11172 11196 11166 11166 11153 11197 11269 11365 11473 11576 11660 11662 11779 11827 -9999 -9999 -9999 -9999 -9999 -9999 -9999 -9999 -9999 -9999 -9999 -9999 -9999 -9999 -9999 11841 11896 11990 12015 12043 12063 12098 12137 12161 12184 12211 12244 12273 12308 12342 12387 12438
12206 12170 12171 12168 12109 12048 11998 11902 11824 11746 11650 11558 11464 11370 11276 11189 11135 11130 -9999 -9999 -9999 -9999 -9999 -9999 -9999 -9999 -9999 -9999 -9999 -9999 -9999 -9999 -9999 -9999 -9999 10752 10799 10854 10866 10945 11078 11233 11346 11425 11438 -9999 -9999 -9999 -9999 -9999 -9999 -9999 -9999 -9999 -9999 -9999 -9999 -9999 -9999 -9999 -9999 -9999 11707 11754 11782 11807 11842 11870 11906 11942 11965 11993 12018 12050 12080 12116 12153 12207 12258
12190 12160 12135 12137 12051 11996 11927 11840 11765 11661 11565 11453 11364 11244 11168 11136 -9999 -9999 -9999 -9999 -9999 -9999 -9999 -9999 -9999 -9999 -9999 -9999 -9999 -9999 -9999 -9999 10557 10564 10581 10605 10578 10552 10530 10564 10756 11003 11104 11182 11236 11173 -9999 -9999 -9999 -9999 -9999 -9999 -9999 -9999 -9999 -9999 -9999 -9999 -9999 -9999 11320 11359 11474 11522 11552 11583 11618 11663 11705 11739 11764 11796 11823 11840 11869 11907 11949 11996 12054
12161 12124 12101 12090 11997 11919 11859 11774 11687 11574 11461 11347 11249 11161 11130 -9999 -9999 -9999 -9999 -9999 -9999 -9999 -9999 -9999 -9999 -9999 -9999 -9999 -9999 -9999 10368 10388 10432 10434 10418 10390 10340 10278 10193 10127 10299 10646 10814 10920 11007 11045 11020 -9999 -9999 -9999 -9999 -9999 -9999 -9999 -9999 -9999 -9999 -9999 -9999 -9999 11169 11193 11223 11263 11302 11339 11386 11441 11486 11525 11559 11594 11606 11624 11651 11681 11728 11783 11847
12093 12075 12046 12001 11931 11851 11776 11694 11591 11475 11347 11229 11122 11023 -9999 -9999 -9999 -9999 -9999 -9999 -9999 -9999 -9999 -9999 -9999 -9999 -9999 -9999 -9999 10256 10244 10264 10261 10235 10214 10185 10149 10090 9989 9846 9956 10288 10513 10659 10767 10846 10883 10852 -9999 10913 10908 10907 10916 10894 10868 10854 10836 10793 -9999 10799 10898 10946 10970 11001 11040 11076 11134 11193 11255 11309 11356 11365 11369 11382 11400 11440 11486 11547 11627
12007 11975 11940 11878 11779 11706 11653 11572 11465 11339 11219 11094 10996 10922 -9999 -9999 -9999 -9999 -9999 -9999 -9999 -9999 -9999 -9999 -9999 -9999 -9999 -9999 -9999 -9999 10147 10177 -9999 10075 10034 10016 9995 9964 9925 9881 9938 10112 10287 10428 10539 10632 10693 10729 10739 10749 10733 10728 10710 10714 10615 10614 10620 10645 10645 10648 10653 10661 10692 10729 10763 10808 10865 10934 11013 11084 11126 11133 11129 11130 11148 11183 11229 11300 11381
11906 11863 11817 11747 11648 11542 11476 11394 11300 11192 11075 10957 10847 10834 -9999 -9999 -9999 -9999 -9999 -9999 -9999 -9999 -9999 -9999 -9999 -9999 -9999 -9999 -9999 -9999 -9999 -9999 -9999 -9999 9928 9924 9871 9883 9951 9967 9976 10044 10130 10234 10325 10409 10491 10553 10623 10573 10522 10530 10519 10515 10535 10506 10474 10425 10387 10387 10396 10406 10418 10443 10474 10517 10570 10645 10738 10839 10901 10872 10844 10834 10856 10895 10955 11028 11119
11802 11748 11686 11612 11496 11370 11317 11239 11151 11037 10915 10806 10704 -9999 -9999 -9999 -9999 -9999 -9999 -9999 -9999 -9999 -9999 -9999 -9999 -9999 -9999 -9999 -9999 -9999 -9999 -9999 -9999 -9999 -9999 -9999 9730 9790 9891 9922 9917 9964 10007 10058 10127 10190 10325 10393 -9999 -9999 -9999 -9999 -9999 -9999 -9999 -9999 -9999 -9999 10190 10130 10127 10127 10133 10148 10178 10209 10256 10318 10401 10511 10566 10536 10514 10513 10538 10577 10647 10734 10831
11681 11619 11548 11458 11347 11217 11153 11086 10985 10926 10834 10742 10608 -9999 -9999 -9999 -9999 -9999 -9999 -9999 -9999 -9999 -9999 -9999 -9999 -9999 -9999 -9999 -9999 -9999 -9999 -9999 -9999 -9999 -9999 -9999 9582 9637 9714 9748 9775 9796 9848 9919 9998 10056 -9999 -9999 -9999 -9999 -9999 -9999 -9999 -9999 -9999 -9999 -9999 -9999 -9999 9917 9867 9859 9856 9853 9866 9883 9915 9964 10026 10092 10126 10140 10146 10156 10195 10247 10314 10405 10519
11555 11486 11418 11309 11198 11104 11003 10928 10862 -9999 -9999 -9999 -9999 -9999 -9999 -9999 -9999 -9999 -9999 -9999 -9999 -9999 -9999 -9999 -9999 -9999 -9999 -9999 -9999 -9999 -9999 -9999 -9999 -9999 -9999 9346 9405 9476 9527 9565 9610 9632 -9999 -9999 -9999 -9999 -9999 -9999 -9999 -9999 -9999 -9999 -9999 -9999 -9999 -9999 -9999 -9999 -9999 -9999 -9999 9701 9639 9582 9559 9559 9568 9589 9621 9650 9686 9713 9735 9775 9820 9892 9967 10069 10175
11418 11351 11275 11172 11066 10951 10862 10811 10777 -9999 -9999 -9999 -9999 -9999 -9999 -9999 -9999 -9999 -9999 -9999 -9999 -9999 -9999 -9999 -9999 -9999 -9999 -9999 -9999 -9999 -9999 -9999 -9999 -9999 -9999 -9999 9324 9326 9386 9424 9396 -9999 -9999 -9999 -9999 -9999 -9999 -9999 -9999 -9999 -9999 -9999 -9999 -9999 -9999 -9999 -9999 -9999 -9999 -9999 -9999 -9999 -9999 9368 9318 9273 9238 9221 9232 9249 9271 9304 9346 9396 9458 9537 9615 9711 9817
11306 11229 11125 11019 10923 10816 10719 -9999 -9999 -9999 -9999 -9999 -9999 -9999 -9999 -9999 -9999 -9999 -9999 -9999 -9999 -9999 -9999 -9999 -9999 -9999 -9999 -9999 -9999 -9999 -9999 -9999 -9999 -9999 -9999 -9999 -9999 -9999 -9999 -9999 -9999 -9999 -9999 -9999 -9999 -9999 -9999 -9999 -9999 -9999 -9999 -9999 -9999 -9999 -9999 -9999 -9999 -9999 -9999 -9999 -9999 -9999 -9999 -9999 -9999 -9999 9061 8989 8877 8885 8902 8944 9000 9041 9114 9188 9281 9349 9495
11153 11060 10967 10865 10765 10669 10572 10451 -9999 -9999 -9999 -9999 -9999 -9999 -9999 -9999 -9999 -9999 -9999 -9999 -9999 -9999 -9999 -9999 -9999 -9999 -9999 -9999 -9999 -9999 -9999 -9999 -9999 -9999 -9999 -9999 -9999 -9999 -9999 -9999 -9999 -9999 -9999 -9999 -9999 -9999 -9999 -9999 -9999 -9999 -9999 -9999 -9999 -9999 -9999 -9999 -9999 -9999 -9999 -9999 -9999 -9999 -9999 -9999 -9999 -9999 -9999 -9999 8642 8543 8544 8632 8734 8764 8858 8903 8974 9026 9170
11005 10909 10812 10723 10632 10530 10444 10437 -9999 -9999 -9999 -9999 -9999 -9999 -9999 -9999 -9999 -9999 -9999 -9999 -9999 -9999 -9999 -9999 -9999 -9999 -9999 -9999 -9999 -9999 -9999 -9999 -9999 -9999 -9999 -9999 -9999 -9999 -9999 -9999 -9999 -9999 -9999 -9999 -9999 -9999 -9999 -9999 -9999 -9999 -9999 -9999 -9999 -9999 -9999 -9999 -9999 -9999 -9999 -9999 -9999 -9999 -9999 -9999 -9999 -9999 -9999 -9999 -9999 -9999 8297 8297 8399 8512 8616 8670 8721 8739 8802
10860 10766 10671 10586 10497 10403 10320 -9999 -9999 -9999 -9999 -9999 -9999 -9999 -9999 -9999 -9999 -9999 -9999 -9999 -9999 -9999 -9999 -9999 -9999 -9999 -9999 -9999 -9999 -9999 -9999 -9999 -9999 -9999 -9999 -9999 -9999 -9999 -9999 -9999 -9999 -9999 -9999 -9999 -9999 -9999 -9999 -9999 -9999 -9999 -9999 -9999 -9999 -9999 -9999 -9999 -9999 -9999 -9999 -9999 -9999 -9999 -9999 -9999 -9999 -9999 -9999 -9999 -9999 -9999 -9999 8012 7997 8119 8337 8440 8510 8565 8600
10726 10635 10536 10448 10362 10266 10181 -9999 -9999 -9999 -9999 -9999 -9999 -9999 -9999 -9999 -9999 -9999 -9999 -9999 -9999 -9999 -9999 -9999 -9999 -9999 -9999 -9999 -9999 -9999 -9999 -9999 -9999 -9999 -9999 -9999 -9999 -9999 -9999 -9999 -9999 -9999 -9999 -9999 -9999 -9999 -9999 -9999 -9999 -9999 -9999 -9999 -9999 -9999 -9999 -9999 -9999 -9999 -9999 -9999 -9999 -9999 -9999 -9999 -9999 -9999 -9999 -9999 -9999 -9999 -9999 -9999 7796 7803 7943 8123 8331 8402 8439
10589 10496 10410 10342 10268 10156 10098 -9999 -9999 -9999 -9999 -9999 -9999 -9999 -9999 -9999 -9999 -9999 -9999 -9999 -9999 -9999 -9999 -9999 -9999 -9999 -9999 -9999 -9999 -9999 -9999 -9999 -9999 -9999 -9999 -9999 -9999 -9999 -9999 -9999 -9999 -9999 -9999 -9999 -9999 -9999 -9999 -9999 -9999 -9999 -9999 -9999 -9999 -9999 -9999 -9999 -9999 -9999 -9999 -9999 -9999 -9999 -9999 -9999 -9999 -9999 -9999 -9999 -9999 -9999 -9999 -9999 -9999 -9999 7730 7859 8147 8236 8284
10513 10406 10312 10295 -9999 -9999 -9999 -9999 -9999 -9999 -9999 -9999 -9999 -9999 -9999 -9999 -9999 -9999 -9999 -9999 -9999 -9999 -9999 -9999 -9999 -9999 -9999 -9999 -9999 -9999 -9999 -9999 -9999 -9999 -9999 -9999 -9999 -9999 -9999 -9999 -9999 -9999 -9999 -9999 -9999 -9999 -9999 -9999 -9999 -9999 -9999 -9999 -9999 -9999 -9999 -9999 -9999 -9999 -9999 -9999 -9999 -9999 -9999 -9999 -9999 -9999 -9999 -9999 -9999 -9999 -9999 -9999 -9999 -9999 -9999 -9999 7885 7980 8123
10424 10310 10241 -9999 -9999 -9999 -9999 -9999 -9999 -9999 -9999 -9999 -9999 -9999 -9999 -9999 -9999 -9999 -9999 -9999 -9999 -9999 -9999 -9999 -9999 -9999 -9999 -9999 -9999 -9999 -9999 -9999 -9999 -9999 -9999 -9999 -9999 -9999 -9999 -9999 -9999 -9999 -9999 -9999 -9999 -9999 -9999 -9999 -9999 -9999 -9999 -9999 -9999 -9999 -9999 -9999 -9999 -9999 -9999 -9999 -9999 -9999 -9999 -9999 -9999 -9999 -9999 -9999 -9999 -9999 -9999 -9999 -9999 -9999 -9999 -9999 7768 7862 7989
10258 10192 10133 -9999 -9999 -9999 -9999 -9999 -9999 -9999 -9999 -9999 -9999 -9999 -9999 -9999 -9999 -9999 -9999 -9999 -9999 -9999 -9999 -9999 -9999 -9999 -9999 -9999 -9999 -9999 -9999 -9999 -9999 -9999 -9999 -9999 -9999 -9999 -9999 -9999 -9999 -9999 -9999 -9999 -9999 -9999 -9999 -9999 -9999 -9999 -9999 -9999 -9999 -9999 -9999 -9999 -9999 -9999 -9999 -9999 -9999 -9999 -9999 -9999 -9999 -9999 -9999 -9999 -9999 -9999 -9999 -9999 -9999 -9999 -9999 -9999 -9999 -9999 -9999
