resultados/variables_proyeccion_tiempo/variables_paleo_130k/bio4.asc
ncols 330
nrows 228
xllcorner -12.000000
yllcorner 34.000000
cellsize 0.166667
NODATA_value -9999
[rows 140 to 174 of 228, columns 158 to 236 of 330]
10498 10408 10341 10426 10492 10512 10542 10604 10663 10715 10753 10780 10799 10864 10921 10978 10991 10998 10978 11021 11133 11094 11169 11231 11197 11002 11210 11231 11323 11343 11190 11075 11192 11366 11457 11618 11557 11553 11595 11728 11780 11820 11686 11851 11927 11937 11920 11877 11804 11719 11598 11607 11539 11328 11419 11312 11196 11150 11202 11364 11552 11734 11845 11951 12029 12098 12164 12232 12297 12359 12407 12427 12468 12503 12530 12555 12577 12593 12627
10576 10568 10481 10405 10376 10430 10549 10659 10729 10747 10766 10786 10802 10865 10915 10980 10964 10898 11036 11131 11164 11174 11207 11172 11227 11156 11197 11151 11284 11149 11267 11492 11601 11615 11654 11749 11730 11777 11844 11846 11837 11792 11681 11861 11897 11922 11902 11885 11866 11854 11818 11670 11530 11629 11412 11413 11210 11192 11195 11242 11268 11524 11651 11867 11987 12089 12166 12228 12297 12327 12332 12383 12432 12479 12500 12506 12526 12557 12585
10757 10762 10718 10646 10605 10667 10668 10664 10711 10728 10711 10713 10820 10884 10939 10993 10925 11022 11135 11175 11208 11225 11250 11278 11303 11351 11362 11388 11376 11363 11525 11598 11621 11611 11710 11776 11789 11860 11948 11935 11912 11825 11863 11924 11924 11913 11895 11877 11858 11841 11833 11813 11783 11647 11709 11531 11417 11355 11140 11179 11330 11313 11361 11596 11807 11957 12041 12116 12183 12289 12349 12389 12422 12456 12485 12503 12520 12546 12561
10709 10726 10754 10745 10748 10712 10673 10631 10596 10593 10630 10713 10812 10875 10918 10985 11071 11130 11192 11222 11237 11255 11278 11304 11308 11386 11428 11461 11474 11552 11586 11603 11601 11594 11676 11696 11564 11583 11950 12011 11981 11975 11948 11933 11927 11899 11868 11853 11859 11851 11829 11823 11801 11665 11746 11728 11671 11581 11399 11363 11239 11043 11340 11562 11608 11624 11827 12021 12102 12168 12234 12313 12375 12427 12464 12486 12516 12521 12543
10561 10580 10615 10566 10538 10462 10441 10493 10446 10517 10616 10745 10780 10832 10942 11019 11118 11235 11249 11251 11253 11264 11284 11297 11325 11378 11418 11278 11440 11497 11524 11549 11552 11461 11630 11775 11793 11863 11984 12008 11992 11968 11940 11921 11904 11879 11852 11844 11852 11842 11835 11818 11807 11759 11663 11366 11440 11688 11564 11323 11103 11077 11087 11282 11385 11456 11590 11813 12004 12110 12176 12245 12337 12396 12429 12467 12495 12523 12527
10306 10456 10448 10409 10269 10311 10277 10209 10268 10468 10669 10703 10760 10839 10956 11031 11121 11230 11257 11259 11259 11271 11292 11308 11304 11365 11397 11342 11473 11515 11547 11622 11652 11705 11775 11831 11900 11944 11970 11978 11982 11959 11938 11898 11875 11860 11839 11830 11838 11823 11808 11806 11801 11779 11579 11407 11219 11413 11517 11606 11464 11243 11109 10991 11138 11288 11447 11566 11766 12056 12135 12167 12266 12350 12411 12444 12469 12510 12513
10255 10175 10297 10171 10126 10213 10286 10398 10251 10261 10530 10573 10695 10792 10890 10986 11087 11168 11212 11217 11226 11250 11264 11285 11272 11321 11367 11354 11502 11486 11525 11616 11689 11733 11789 11820 11876 11904 11929 11936 11943 11923 11905 11878 11867 11862 11851 11837 11821 11811 11800 11755 11678 11721 11772 11745 11571 11398 11288 11245 11366 11021 10981 10890 11076 11231 11374 11597 11687 11920 12069 12163 12224 12281 12318 12418 12453 12483 12519
9808 9828 9989 10282 10505 10542 10470 10287 10458 10473 10603 10605 10652 10747 10844 10934 11016 11100 11151 11172 11174 11180 11216 11236 11257 11334 11384 11414 11486 11510 11526 11578 11647 11710 11760 11800 11839 11873 11891 11908 11910 11904 11889 11886 11868 11863 11850 11828 11777 11722 11725 11700 11691 11715 11607 11589 11545 11555 11512 11427 11508 11246 11379 11303 11158 11228 11229 11301 11551 11701 11952 12115 12170 12227 12239 12355 12425 12462 12480
10017 10153 10401 10474 10221 10580 10567 10586 10662 10703 10703 10698 10693 10721 10793 10879 10963 11040 11081 11065 11015 11067 11162 11269 11311 11349 11392 11438 11469 11497 11526 11556 11614 11677 11725 11768 11801 11826 11855 11875 11869 11876 11873 11868 11883 11871 11831 11783 11697 11681 11656 11652 11619 11653 11604 11598 11617 11609 11674 11727 11721 11652 11427 11217 11107 11052 11124 11178 11407 11462 11709 11970 12150 12198 12279 12316 12416 12439 12458
10254 9801 10247 10064 10689 10829 10871 10808 10767 10731 10717 10701 10701 10718 10761 10821 10901 10975 11016 11004 11024 11127 11230 11261 11319 11347 11373 11410 11435 11468 11496 11524 11572 11635 11682 11726 11754 11795 11807 11831 11833 11838 11854 11851 11847 11829 11772 11707 11533 11439 11471 11475 11492 11595 11517 11518 11566 11681 11613 11730 11747 11687 11191 10983 10955 10827 11104 11170 11219 11606 11632 11789 12056 12170 12258 12313 12341 12361 12384
10545 10054 10243 10255 10219 10824 10890 10801 10724 10678 10656 10650 10664 10689 10731 10793 10858 10896 10970 11004 11081 11162 11222 11251 11292 11331 11334 11368 11412 11440 11458 11490 11527 11584 11628 11678 11701 11749 11776 11778 11794 11799 11795 11815 11806 11762 11691 11589 11352 11351 11199 11271 11414 11441 11416 11468 11609 11601 11638 11652 11702 11659 11601 11426 11235 11194 11401 11218 11334 11421 11683 11823 12062 12150 12213 12306 12273 12312 12345
10846 10467 10592 10379 10128 10750 10734 10682 10632 10623 10619 10618 10650 10661 10692 10749 10802 10875 10951 11013 11056 11100 11159 11221 11266 11297 11302 11334 11372 11385 11415 11434 11484 11529 11578 11618 11641 11683 11713 11712 11729 11741 11754 11760 11743 11740 11711 11662 11512 10921 10592 10883 10927 11081 11337 11376 11492 11564 11609 11631 11660 11688 11692 11556 11148 10949 11412 11319 11101 11319 11378 11533 11919 12171 12194 12273 12247 12264 12304
10654 10668 10525 10554 10465 10459 10460 10491 10508 10538 10582 10611 10632 10632 10651 10690 10740 10816 10871 10944 10992 11072 11148 11197 11225 11255 11264 11286 11311 11333 11350 11376 11424 11465 11507 11548 11572 11601 11622 11646 11654 11673 11691 11702 11694 11670 11510 11271 11486 11118 10525 10522 10372 10407 10940 11236 11457 11556 11597 11627 11650 11694 11680 11585 11455 11124 11126 11236 11431 11261 11331 11416 11714 12062 12139 12268 12230 12217 12268
9790 9795 9955 10190 10457 10195 10204 10384 10429 10480 10519 10549 10572 10599 10616 10643 10674 10733 10795 10863 10955 11052 11136 11174 11175 11209 11231 11244 11257 11257 11275 11308 11345 11396 11445 11487 11493 11507 11536 11561 11573 11595 11611 11620 11624 11605 11571 11374 11249 11125 10604 10800 10668 10655 10903 11104 11477 11562 11568 11620 11658 11666 11671 11620 11544 11405 11437 11020 11512 11348 11273 11513 11841 11970 12095 12198 12222 12210 12228
10212 10090 10128 10275 10359 10378 10368 10378 10388 10431 10458 10513 10532 10541 10561 10575 10601 10639 10705 10770 10859 10960 11081 11096 11064 11109 11157 11175 11166 11185 11198 11222 11257 11308 11380 11400 11400 11416 11444 11473 11505 11519 11533 11522 11422 11453 11366 11383 11304 11364 11147 11000 10859 10607 10766 11280 11530 11521 11539 11585 11594 11613 11612 11623 11570 11574 11529 11423 11227 11568 11451 11332 11678 11983 12115 12126 12223 12223 12233
10024 10153 10152 10161 10156 10229 10237 10324 10412 10468 10472 10470 10474 10480 10474 10484 10510 10542 10598 10674 10776 10885 10949 10978 11016 11028 11074 11090 11105 11117 11138 11162 11175 11233 11288 11298 11301 11319 11354 11393 11424 11440 11447 11442 11397 11387 11390 11295 11286 11181 11249 11164 11027 10990 11104 11486 11473 11496 11508 11528 11526 11492 11517 11503 11533 11628 11596 11657 11548 11430 11608 11646 11519 11699 11947 12031 12166 12232 12246
9724 9864 9936 10007 10064 10122 10197 10269 10383 10394 10418 10432 10445 10433 10420 10390 10382 10412 10488 10566 10660 10763 10843 10861 10906 10938 10987 11016 11039 11060 11085 11108 11130 11166 11196 11193 11185 11216 11256 11302 11339 11369 11360 11334 11349 11361 11385 11375 11317 11313 11272 11356 11223 11374 11381 11369 11429 11407 11443 11420 11481 11504 11515 11547 11601 11630 11472 11641 11547 11639 11776 11571 11308 11581 11919 12003 12140 12224 12229
9471 9543 9676 9785 9874 9940 9994 10109 10279 10380 10353 10375 10390 10372 10324 10285 10258 10255 10321 10427 10530 10619 10702 10754 10801 10839 10888 10964 10984 11002 11026 11063 11087 11116 11134 11123 11114 11130 11166 11205 11251 11298 11304 11301 11312 11321 11298 11156 10903 10751 10981 11316 11326 11054 10686 10626 10578 10960 11317 11478 11518 11488 11472 11526 11526 11521 11548 11713 11719 11631 11632 11310 11082 11386 11798 11955 12130 12207 12210
9166 9328 9461 9590 9664 9819 9917 10027 10124 10206 10255 10309 10342 10299 10228 10195 10146 10128 10152 10230 10366 10474 10563 10633 10690 10742 10850 10954 10946 10949 10974 11010 11055 11084 11077 11062 11049 11063 11080 11102 11128 11156 11164 11169 11187 11220 11237 11002 10917 10829 10992 11206 11023 10567 10079 10054 9920 10095 10415 11096 10623 10243 10109 10291 10606 11023 11445 11257 11339 11218 11349 11309 11286 11433 11721 11973 12095 12169 12163
9096 9156 9315 9415 9539 9645 9750 9850 9943 10028 10105 10173 10218 10192 10156 10118 10074 10048 10080 10178 10241 10316 10415 10512 10601 10711 10855 10915 10893 10873 10889 10934 11007 11038 11014 11003 10993 10985 10985 10993 10989 10990 11016 11049 11049 11096 11100 11178 10800 10398 10294 10186 10548 10755 10669 9961 9979 10496 10715 11152 10989 10759 10708 10569 10816 10885 10451 10897 10964 11087 11326 11594 11690 11833 11923 11964 12083 12105 12090
8940 8995 9151 9216 9383 9508 9604 9679 9757 9835 9908 9960 10007 10038 10048 10040 10033 10040 10081 10123 10191 10244 10314 10412 10510 10605 10700 10759 10746 10744 10753 10801 10867 10919 10920 10913 10917 10912 10903 10889 10860 10834 10871 10930 10949 10916 10673 10896 10696 10052 10180 10263 10520 10541 10804 10542 10543 10496 10705 11217 11358 11372 11383 11411 11417 11106 11109 11332 11432 11624 11776 11848 11893 11974 12029 12025 12055 12040 12027
8785 8824 8969 9180 9303 9399 9483 9546 9586 9646 9717 9794 9862 9887 9910 9906 9955 10001 10044 10085 10128 10186 10242 10320 10405 10478 10552 10583 10588 10586 10588 10603 10644 10710 10764 10799 10829 10834 10806 10783 10770 10744 10787 10899 10822 10710 10539 10883 10666 10513 10885 11035 11268 11400 11425 11446 11416 11416 11539 11629 11658 11590 11610 11662 11615 11652 11725 11781 11831 11940 11992 11994 11961 11994 12051 12022 11997 11970 11938
8707 8797 8884 9079 9192 9325 9387 9442 9430 9469 9550 9632 9700 9756 9810 9837 9873 9937 9979 10027 10075 10110 10157 10198 10279 10339 10380 10397 10408 10421 10436 10476 10528 10572 10624 10668 10746 10766 10734 10700 10675 10719 10800 10845 10782 10776 10870 10773 10880 10883 11080 11290 11389 11480 11487 11527 11541 11573 11656 11784 11668 11642 11731 11794 11775 11831 11903 11964 12006 12062 12108 12091 12088 12061 12012 11967 11928 11884 11844
8636 8700 8775 8924 9055 9273 9340 9334 9335 9330 9403 9458 9516 9622 9688 9750 9808 9865 9914 9961 10010 10051 10083 10085 10134 10141 10193 10218 10227 10239 10257 10300 10341 10402 10467 10538 10672 10668 10636 10621 10626 10682 10743 10828 10743 10796 10723 10764 11049 11066 11186 11302 11376 11474 11558 11599 11618 11702 11725 11835 11776 11779 11816 11867 11916 11943 11985 12032 12071 12102 12110 12114 12076 12018 11964 11904 11845 11789 11746
8578 8586 8717 8787 8980 9197 9317 9263 9255 9230 9308 9339 9360 9409 9567 9571 9629 9713 9807 9825 9924 9975 9994 9965 10039 10035 10005 9994 10025 10058 10061 10097 10158 10218 10310 10409 10496 10499 10475 10467 10525 10587 10650 10728 10711 10769 10795 10891 10982 11216 11262 11244 11355 11469 11597 11666 11719 11777 11809 11886 11854 11867 11901 11920 11940 11977 12022 12055 12077 12109 12124 12091 12030 11965 11900 11824 11762 11694 11636
8511 8532 8550 8683 8710 8937 9066 9141 9158 9141 9186 9215 9210 9211 9348 9448 9520 9646 9571 9528 9622 9792 9892 9863 9898 9905 9904 9882 9908 9857 9910 9947 9964 10029 10138 10240 10307 10328 10332 10319 10382 10451 10533 10544 10611 10649 10775 10850 11027 11173 11258 11292 11323 11425 11572 11722 11813 11840 11889 11930 11923 11917 11935 11945 11971 11994 12019 12044 12069 12103 12114 12056 11977 11898 11823 11736 11664 11589 11512
-9999 8481 8479 8463 8551 8543 8677 8870 8977 9035 9064 9085 9097 9121 9128 9220 9427 9451 9467 9416 9622 9729 9632 9528 9633 9576 9650 9714 9777 9774 9764 9733 9811 9885 9984 10089 10122 10157 10205 10211 10276 10343 10397 10420 10494 10509 10647 10725 10925 11129 11213 11296 11361 11448 11569 11703 11831 11896 11905 11937 11952 11927 11945 11954 11961 11981 11988 12002 12020 12037 12027 11976 11901 11812 11726 11639 11559 11468 11385
-9999 -9999 8400 8421 8404 8434 8491 8660 8832 8884 8969 9015 8973 8969 9011 9031 9012 9125 9565 9380 9366 9604 9658 9536 9387 9525 9431 9362 9472 9574 9628 9646 9614 9724 9773 9881 9992 9980 10083 10144 10175 10242 10291 10290 10241 10396 10578 10698 10848 10980 11115 11257 11373 11480 11590 11710 11792 11883 11882 11905 11936 11947 11931 11939 11951 11957 11956 11950 11946 11936 11911 11871 11801 11705 11612 11510 11425 11332 11257
-9999 -9999 -9999 -9999 8340 8326 8403 8523 8654 8769 8844 8904 8944 8851 8952 8941 8862 8992 9049 9232 8918 9234 9495 9536 9366 9216 9296 9336 9329 9423 9417 9557 9581 9704 9761 9860 9961 9974 10031 10019 10084 10160 10223 10230 10206 10391 10540 10665 10713 10837 11008 11196 11321 11451 11567 11675 11750 11827 11842 11875 11905 11923 11896 11900 11910 11903 11894 11865 11863 11855 11805 11733 11647 11560 11458 11360 11266 11168 11083
-9999 -9999 -9999 -9999 -9999 8297 8293 8435 8535 8616 8695 8782 8805 8883 8863 8853 8882 8944 8830 9078 9258 9146 9080 8990 9218 9034 9229 9320 9349 9413 9424 9375 9443 9584 9732 9781 9831 9986 10010 9963 10033 10093 10179 10186 10202 10246 10321 10502 10485 10695 10848 11028 11203 11308 11446 11544 11676 11734 11809 11840 11872 11888 11880 11858 11856 11837 11820 11803 11784 11710 11633 11553 11463 11361 11276 11197 11102 11027 10936
-9999 -9999 -9999 -9999 -9999 -9999 -9999 8364 8363 8434 8499 8569 8693 8742 8791 8776 8815 8847 8759 8694 9055 8830 9002 8800 8822 9035 9205 9241 9167 9265 9400 9371 9296 9346 9496 9609 9518 9726 9755 9905 10040 10097 10120 10182 10183 10104 10189 10387 10254 10362 10613 10816 11010 11179 11328 11462 11559 11611 11666 11727 11748 11794 11764 11757 11757 11739 11717 11693 11597 11542 11479 11393 11321 11214 11099 11018 10948 10877 10808
-9999 -9999 -9999 -9999 -9999 -9999 -9999 -9999 -9999 -9999 8230 8205 8274 8496 8584 8662 8694 8795 8826 8858 8943 8891 8822 8783 8702 8722 9024 9043 9056 9161 9123 9302 9238 9235 9294 9317 9396 9733 9578 9661 9950 9985 9879 10026 10166 10133 10132 10120 10174 9925 9993 10442 10804 11043 11198 11304 11410 11495 11591 11643 11683 11681 11630 11681 11680 11642 11623 11583 11493 11391 11297 11283 11186 11095 10970 10885 10835 10741 10671
-9999 -9999 -9999 -9999 -9999 -9999 -9999 -9999 -9999 -9999 -9999 -9999 8073 8252 8402 8422 8508 8591 8699 8800 8878 8817 8682 8699 8651 8671 8542 8761 8706 8926 9083 9090 9219 9107 9246 9264 9406 9719 9545 9533 9758 9940 10008 10022 10129 10112 10053 10023 10079 10082 9836 10014 10363 10804 10882 11082 11198 11294 11455 11484 11510 11464 11529 11522 11495 11524 11499 11482 11401 11331 11218 11139 11043 11023 10947 10824 10758 10676 10607
-9999 -9999 -9999 -9999 -9999 -9999 -9999 -9999 7850 -9999 7884 7817 7844 8135 8137 8263 8282 8433 8515 8573 8641 8675 8617 8613 8574 8643 8581 8633 8553 8683 8831 9014 9296 9131 9117 9250 9497 9509 9662 9492 9537 9859 9826 9890 10078 10118 9986 9836 9945 10022 10015 10033 9904 9999 10421 10654 11059 11151 11194 11307 11313 11251 11330 11256 11337 11284 11304 11310 11295 11246 11072 10942 10871 10871 10806 10728 10663 10592 10516
-9999 -9999 -9999 -9999 -9999 -9999 -9999 -9999 -9999 7757 7779 -9999 -9999 7841 7930 8053 8165 8285 8303 8362 8407 8440 8450 8448 8539 8497 8537 8668 8625 8571 8638 8894 8972 9248 9004 9209 9203 9335 9656 9671 9640 9808 9716 9897 10015 10053 10011 9750 9730 9753 9921 10067 10188 10255 10340 10329 10839 10830 10895 10810 10767 10937 11105 11102 11173 11108 11058 11056 10988 10969 10874 10790 10703 10678 10662 10622 10552 10466 10361
