resultados/variables_proyeccion_tiempo/variables_paleo_130k/bio4.asc
ncols 330
nrows 228
xllcorner -12.000000
yllcorner 34.000000
cellsize 0.166667
NODATA_value -9999
[rows 0 to 34 of 228, columns 158 to 236 of 330]
-9999 -9999 -9999 -9999 -9999 -9999 -9999 -9999 -9999 -9999 -9999 -9999 -9999 -9999 -9999 -9999 -9999 -9999 -9999 -9999 -9999 -9999 -9999 -9999 -9999 -9999 -9999 -9999 -9999 -9999 -9999 -9999 -9999 -9999 -9999 -9999 -9999 -9999 -9999 -9999 -9999 -9999 -9999 -9999 -9999 -9999 -9999 -9999 -9999 -9999 -9999 -9999 -9999 -9999 -9999 -9999 -9999 -9999 -9999 -9999 -9999 -9999 -9999 -9999 -9999 -9999 -9999 -9999 -9999 -9999 -9999 -9999 -9999 -9999 -9999 -9999 -9999 -9999 -9999
-9999 -9999 -9999 -9999 -9999 -9999 -9999 -9999 -9999 -9999 -9999 -9999 -9999 -9999 -9999 -9999 -9999 -9999 -9999 -9999 -9999 -9999 -9999 -9999 -9999 -9999 -9999 -9999 -9999 -9999 -9999 -9999 -9999 -9999 -9999 -9999 -9999 -9999 -9999 -9999 -9999 -9999 -9999 -9999 -9999 -9999 -9999 -9999 -9999 -9999 -9999 -9999 -9999 -9999 -9999 -9999 -9999 -9999 -9999 -9999 -9999 -9999 -9999 -9999 -9999 -9999 -9999 -9999 -9999 -9999 -9999 -9999 -9999 -9999 -9999 -9999 -9999 -9999 -9999
-9999 -9999 -9999 -9999 -9999 -9999 -9999 -9999 -9999 -9999 -9999 -9999 -9999 -9999 -9999 -9999 -9999 -9999 -9999 -9999 -9999 -9999 -9999 -9999 -9999 -9999 -9999 -9999 -9999 -9999 -9999 -9999 -9999 -9999 -9999 -9999 -9999 -9999 -9999 -9999 -9999 -9999 -9999 -9999 -9999 -9999 -9999 -9999 -9999 -9999 -9999 -9999 -9999 -9999 -9999 -9999 -9999 -9999 -9999 -9999 -9999 -9999 -9999 -9999 -9999 -9999 -9999 -9999 -9999 -9999 -9999 -9999 -9999 -9999 -9999 -9999 -9999 -9999 -9999
-9999 -9999 -9999 -9999 -9999 -9999 -9999 -9999 -9999 -9999 -9999 -9999 -9999 -9999 -9999 -9999 -9999 -9999 -9999 -9999 -9999 -9999 -9999 -9999 -9999 -9999 -9999 -9999 -9999 -9999 -9999 -9999 -9999 -9999 -9999 -9999 -9999 -9999 -9999 -9999 -9999 -9999 -9999 -9999 -9999 -9999 -9999 -9999 -9999 -9999 -9999 -9999 -9999 -9999 -9999 -9999 -9999 -9999 -9999 -9999 -9999 -9999 -9999 -9999 -9999 -9999 -9999 -9999 -9999 -9999 -9999 -9999 -9999 -9999 -9999 -9999 -9999 -9999 -9999
-9999 -9999 -9999 -9999 -9999 -9999 -9999 -9999 -9999 -9999 -9999 -9999 -9999 -9999 -9999 -9999 -9999 -9999 -9999 -9999 -9999 -9999 -9999 -9999 -9999 -9999 -9999 -9999 -9999 -9999 -9999 -9999 -9999 -9999 -9999 -9999 -9999 -9999 -9999 -9999 -9999 -9999 -9999 -9999 -9999 -9999 -9999 -9999 -9999 -9999 -9999 -9999 -9999 -9999 -9999 -9999 -9999 -9999 -9999 -9999 -9999 -9999 -9999 -9999 -9999 -9999 -9999 9482 9391 -9999 -9999 -9999 -9999 -9999 -9999 -9999 -9999 -9999 -9999
-9999 -9999 -9999 -9999 -9999 -9999 -9999 -9999 -9999 -9999 -9999 -9999 -9999 -9999 -9999 -9999 -9999 -9999 -9999 -9999 -9999 -9999 -9999 -9999 -9999 -9999 -9999 -9999 -9999 -9999 -9999 -9999 -9999 -9999 -9999 -9999 -9999 -9999 -9999 -9999 -9999 -9999 -9999 -9999 -9999 -9999 -9999 -9999 -9999 -9999 -9999 -9999 -9999 -9999 -9999 -9999 -9999 10050 10018 -9999 -9999 10058 9988 9998 9987 9860 9786 9692 9571 9454 9348 9258 -9999 -9999 -9999 -9999 -9999 7995 7776
-9999 -9999 -9999 -9999 -9999 -9999 -9999 -9999 -9999 -9999 -9999 -9999 -9999 -9999 -9999 -9999 -9999 -9999 -9999 -9999 -9999 -9999 -9999 -9999 -9999 -9999 -9999 -9999 -9999 -9999 -9999 -9999 -9999 -9999 -9999 -9999 -9999 -9999 -9999 -9999 -9999 -9999 -9999 -9999 -9999 -9999 -9999 -9999 -9999 -9999 -9999 10022 10035 10123 10130 -9999 10134 10126 10156 10274 10313 10242 10265 10246 10208 10130 10008 9928 9812 9653 9441 9390 9295 9062 8866 -9999 8279 8116 7880
-9999 -9999 -9999 -9999 -9999 -9999 -9999 -9999 -9999 -9999 -9999 -9999 -9999 -9999 -9999 -9999 -9999 -9999 -9999 -9999 -9999 -9999 -9999 -9999 -9999 -9999 -9999 -9999 -9999 -9999 -9999 -9999 -9999 -9999 -9999 -9999 -9999 -9999 -9999 -9999 -9999 -9999 -9999 -9999 -9999 -9999 -9999 9830 9930 10003 10096 10155 10203 10234 10222 10422 10444 10497 10538 10434 10454 10468 10492 10481 10444 10386 10290 10156 10022 10038 9852 9687 9490 9270 9023 -9999 8615 8451 8255
-9999 -9999 -9999 -9999 -9999 -9999 -9999 -9999 -9999 -9999 -9999 -9999 -9999 -9999 -9999 -9999 -9999 -9999 -9999 -9999 -9999 -9999 -9999 -9999 -9999 -9999 -9999 -9999 -9999 -9999 -9999 -9999 -9999 -9999 -9999 -9999 -9999 -9999 -9999 -9999 -9999 -9999 -9999 -9999 -9999 9725 9824 9962 10078 10144 10239 10288 10357 10532 10548 10555 10605 10670 10652 10739 10769 10766 10732 10720 10690 10601 10449 -9999 10412 10263 10091 9937 9771 9550 9409 9062 8947 8722 8538
-9999 -9999 -9999 -9999 -9999 -9999 -9999 -9999 -9999 -9999 -9999 -9999 -9999 -9999 -9999 -9999 -9999 -9999 -9999 -9999 -9999 -9999 -9999 -9999 -9999 -9999 -9999 -9999 -9999 -9999 -9999 -9999 -9999 -9999 -9999 -9999 -9999 -9999 -9999 -9999 -9999 -9999 9610 -9999 9868 -9999 9964 10027 10328 10433 10496 10547 10634 10708 10745 10787 10878 10895 10949 10978 10981 11001 11009 10996 10943 10849 10924 10798 10651 10530 10399 10244 10031 9843 9647 9455 9256 9063 8886
-9999 -9999 -9999 -9999 -9999 -9999 -9999 -9999 -9999 -9999 -9999 -9999 -9999 -9999 -9999 -9999 -9999 -9999 -9999 -9999 -9999 -9999 -9999 -9999 -9999 -9999 7522 7538 7699 7767 -9999 8127 8236 8392 8516 8681 8985 9090 9249 -9999 -9999 9668 9797 9919 10027 10192 10305 10380 10510 10585 10668 10713 10776 10874 10964 11027 11090 11129 11155 11200 11241 11262 11267 11235 11137 11179 11186 11074 10986 10851 10694 10511 10342 10152 9951 9754 9562 9377 9191
-9999 -9999 -9999 -9999 -9999 -9999 -9999 -9999 -9999 -9999 -9999 -9999 -9999 -9999 -9999 -9999 -9999 -9999 -9999 -9999 -9999 -9999 -9999 -9999 7313 7408 7524 7603 7761 7869 8051 8151 8374 8525 8591 -9999 9066 9197 9383 9499 9597 9837 9942 10097 10237 10357 10486 10584 10690 10788 10884 10948 11042 11070 11137 11223 11296 11352 11387 11427 11469 11495 11506 11517 11524 11523 11451 11380 11282 11149 11002 10842 10665 10471 10275 10080 9885 9685 9476
-9999 -9999 -9999 -9999 -9999 -9999 -9999 -9999 -9999 -9999 -9999 -9999 -9999 -9999 -9999 -9999 -9999 -9999 -9999 -9999 -9999 -9999 -9999 -9999 7526 7518 7635 7745 7886 8034 8164 8349 8497 8563 8924 9126 9150 9442 9572 9652 9835 10007 10160 10316 10416 10517 10679 10808 10917 11016 11096 11165 11205 11268 11340 11415 11493 11549 11602 11648 11696 11726 11750 11774 11790 11781 11744 11681 11557 11409 11272 11115 10929 10754 10554 10357 10175 9997 9824
-9999 -9999 -9999 -9999 -9999 -9999 -9999 -9999 -9999 -9999 -9999 -9999 -9999 -9999 -9999 -9999 -9999 -9999 -9999 -9999 -9999 -9999 7340 7486 7588 7652 7761 7801 7973 8137 8392 8563 8622 8844 9157 9265 9289 9638 9763 9945 10017 10190 10409 10544 10637 10750 10861 10985 11110 11216 11293 11370 11432 11491 11559 11627 11683 11752 11805 11841 11902 11937 11982 12020 12058 12078 12068 11999 11875 11734 11556 11379 11209 11032 10849 10655 10481 10321 10148
-9999 -9999 -9999 -9999 -9999 -9999 -9999 -9999 -9999 -9999 -9999 -9999 -9999 -9999 -9999 -9999 -9999 6995 7107 7199 7333 7379 7467 7574 7704 7784 7799 7972 8190 8320 8582 8683 8870 9136 9311 9329 9649 9771 9994 10172 10297 10383 10580 10745 10862 10991 11113 11213 11305 11393 11484 11573 11634 11691 11747 11816 11868 11930 11979 12036 12083 12135 12179 12224 12277 12318 12325 12271 12152 11982 11822 11648 11471 11294 11124 10954 10785 10627 10468
-9999 -9999 -9999 -9999 -9999 -9999 -9999 -9999 -9999 -9999 -9999 -9999 -9999 -9999 -9999 6865 7008 7128 7212 7374 7429 7495 7589 7709 7824 7928 8022 8081 8289 8487 8756 8830 9160 9364 9446 9572 9873 10018 10228 10327 10500 10630 10754 10884 11018 11156 11291 11397 11488 11580 11676 11746 11808 11870 11943 11979 12034 12099 12152 12188 12250 12303 12346 12403 12457 12499 12527 12495 12365 12197 12035 11873 11709 11547 11386 11236 11073 10933 10770
-9999 -9999 -9999 -9999 -9999 -9999 -9999 -9999 6327 6359 6330 6297 -9999 -9999 -9999 6986 7110 7268 7345 7429 7537 7614 7785 7874 7971 8048 8225 8329 8399 8547 8872 9080 9290 9410 9692 9893 10007 10182 10369 10545 10680 10819 10960 11087 11208 11328 11450 11564 11675 11768 11840 11920 11987 12045 12081 12122 12191 12248 12300 12349 12394 12443 12494 12544 12588 12613 12628 12608 12503 12361 12223 12073 11921 11775 11630 11492 11345 11201 11055
-9999 -9999 -9999 -9999 6284 6289 6353 6397 6404 6399 6395 -9999 6768 6787 7018 7104 7217 7307 7493 7641 7750 7904 8025 8098 8180 8222 8389 8552 8714 8814 9079 9312 9532 9750 9890 10049 10211 10377 10486 10678 10838 10988 11111 11239 11376 11506 11633 11749 11849 11935 12007 12072 12130 12177 12232 12285 12323 12374 12430 12465 12509 12566 12615 12657 12697 12718 12714 12677 12603 12486 12362 12238 12106 11972 11850 11722 11596 11478 11335
-9999 6225 6268 6309 6337 6402 6468 6490 6573 6625 6724 6816 6919 6981 7019 7321 7419 7599 7718 7853 7912 8066 8168 8328 8406 8661 8795 8862 9065 9240 9365 9447 9673 9912 10101 10241 10385 10537 10680 10809 10973 11134 11281 11415 11546 11676 11800 11906 12019 12119 12181 12225 12261 12321 12364 12405 12454 12508 12534 12572 12620 12667 12694 12736 12762 12773 12768 12728 12662 12582 12473 12357 12250 12139 12027 11942 11842 11739 11615
6231 6276 6342 6398 6436 6502 6551 6647 6713 6787 6909 6970 7063 7100 7373 7449 7568 7771 7871 8029 8143 8326 8415 8603 8751 8774 9025 9197 9381 9545 9652 9796 9896 10115 10283 10450 10572 10731 10884 11021 11153 11282 11411 11559 11699 11835 11964 12080 12200 12275 12333 12375 12412 12436 12476 12511 12555 12583 12621 12665 12702 12739 12766 12798 12821 12818 12803 12769 12714 12649 12577 12475 12379 12302 12211 12144 12061 11983 11886
6266 6345 6459 6485 6535 6632 6764 6825 6875 6998 7074 7150 7223 7328 7465 7692 7821 7896 8070 8186 8355 8552 8725 8825 9030 9126 9318 9436 9547 9692 9851 10017 10135 10286 10466 10609 10748 10889 11029 11166 11307 11451 11577 11699 11823 11949 12103 12234 12352 12433 12471 12493 12519 12533 12563 12597 12635 12659 12686 12729 12760 12782 12803 12835 12856 12854 12836 12805 12762 12709 12642 12573 12498 12428 12353 12287 12232 12175 12097
6439 6514 6585 6676 6718 6771 6834 6944 6980 7054 7157 7306 7428 7532 7656 7770 7978 8121 8295 8427 8572 8728 8891 9049 9207 9319 9386 9560 9734 9916 10097 10208 10323 10485 10645 10792 10939 11066 11198 11322 11446 11574 11703 11826 11961 12087 12212 12346 12470 12541 12563 12588 12594 12595 12617 12655 12689 12712 12728 12754 12796 12813 12830 12860 12864 12861 12851 12829 12798 12751 12700 12651 12582 12521 12469 12396 12346 12276 12179
6504 6557 6654 6682 6748 6800 -9999 7044 7152 7314 7348 7446 7590 7743 7846 8084 8265 8386 8546 8696 8915 9059 9205 9328 9452 9580 9761 9897 10034 10149 10274 10379 10526 10657 10803 10956 11105 11227 11342 11477 11596 11710 11819 11945 12065 12187 12309 12423 12536 12602 12629 12641 12651 12659 12673 12696 12733 12755 12772 12791 12815 12843 12860 12868 12866 12860 12864 12860 12826 12792 12748 12690 12644 12585 12540 12477 12413 12348 12250
-9999 -9999 6656 -9999 6989 7097 7111 7200 7307 7408 7498 7674 7806 8004 8172 8378 8504 8646 8768 8930 9130 9276 9435 9591 9732 9883 10022 10147 10260 10398 10539 10662 10776 10897 11022 11136 11261 11378 11496 11612 11727 11839 11939 12038 12148 12259 12372 12475 12564 12622 12652 12671 12682 12691 12707 12727 12749 12772 12800 12811 12833 12834 12841 12866 12873 12865 12853 12841 12826 12797 12764 12730 12679 12635 12592 12536 12479 12403 12310
-9999 -9999 6971 7009 7069 7180 7302 7423 7558 7627 7785 7907 8021 8229 8387 8526 8675 8838 8988 9119 9309 9468 9637 9760 9956 10088 10199 10317 10473 10605 10749 10881 11004 11120 11231 11332 11427 11531 11623 11737 11836 11934 12041 12137 12231 12320 12409 12492 12573 12635 12658 12682 12699 12717 12729 12748 12767 12781 12800 12822 12834 12838 12843 12848 12852 12847 12843 12833 12828 12808 12779 12751 12710 12669 12628 12586 12523 12443 12353
-9999 6897 7035 7136 7195 7308 7465 7587 7699 7824 7972 8164 8284 8446 8597 8729 8869 8966 9150 9309 9525 9696 9816 9970 10125 10264 10428 10569 10705 10838 10970 11107 11223 11326 11433 11529 11622 11707 11775 11855 11946 12017 12100 12186 12277 12358 12441 12503 12565 12622 12661 12686 12694 12712 12730 12752 12765 12782 12802 12821 12826 12823 12824 12829 12831 12824 12817 12811 12809 12794 12771 12760 12730 12691 12648 12601 12535 12470 12389
-9999 -9999 7176 7289 7362 7475 7577 7726 7874 7983 8184 8342 8503 8626 8760 8916 9082 9226 9401 9541 9675 9854 10005 10185 10327 10478 10621 10771 10927 11066 11204 11334 11448 11545 11636 11709 11788 11864 11928 11981 12059 12136 12203 12268 12340 12398 12458 12519 12574 12610 12649 12688 12716 12724 12725 12739 12765 12771 12782 12793 12792 12802 12798 12790 12797 12807 12790 12780 12788 12765 12753 12741 12719 12692 12660 12614 12546 12485 12418
7017 7211 7264 7409 7559 7644 7766 7876 8037 8225 8401 8538 8643 8789 8973 9142 9309 9478 9658 9806 9953 10103 10240 10381 10526 10676 10830 10992 11150 11292 11438 11560 11669 11756 11833 11889 11947 12012 12062 12110 12152 12218 12273 12323 12388 12432 12476 12509 12560 12599 12630 12657 12679 12692 12696 12711 12725 12738 12749 12753 12762 12770 12771 12767 12766 12772 12760 12750 12748 12740 12733 12729 12709 12696 12668 12614 12572 12504 12428
7173 7265 7388 7523 7669 7758 7883 8053 8247 8437 8649 8773 8915 9044 9211 9373 9518 9691 9855 10009 10144 10297 10451 10603 10749 10911 11066 11215 11374 11522 11662 11782 11878 11951 12008 12057 12099 12130 12174 12211 12250 12287 12318 12362 12422 12458 12488 12513 12544 12573 12605 12630 12644 12664 12678 12686 12701 12708 12718 12735 12736 12726 12732 12733 12716 12725 12714 12705 12704 12690 12698 12697 12697 12684 12652 12608 12564 12497 12440
7289 7422 7580 7683 7828 7960 8087 8290 8451 8577 8724 8936 9093 9232 9412 9568 9711 9871 10019 10168 10322 10482 10635 10790 10951 11117 11285 11439 11601 11748 11891 12010 12100 12146 12181 12211 12221 12245 12264 12278 12293 12322 12354 12397 12424 12458 12504 12514 12549 12559 12592 12613 12641 12647 12652 12664 12664 12667 12678 12689 12693 12685 12686 12684 12670 12667 12664 12647 12649 12651 12657 12647 12645 12644 12627 12596 12556 12500 12457
7491 7627 7674 7847 8003 8109 8282 8501 8644 8797 8948 9099 9233 9390 9573 9738 9906 10064 10210 10342 10490 10658 10818 10983 11139 11293 11462 11631 11799 11961 12114 12233 12307 12339 12349 12346 12352 12348 12351 12372 12375 12374 12389 12396 12416 12440 12479 12511 12528 12539 12549 12576 12595 12617 12618 12618 12615 12616 12634 12646 12643 12647 12644 12637 12636 12618 12615 12605 12595 12598 12601 12602 12605 12609 12596 12572 12547 12496 12443
7680 7769 7938 8044 8208 8392 8452 8622 8801 8976 9113 9288 9465 9608 9778 9931 10080 10228 10384 10558 10706 10861 11016 11174 11336 11494 11646 11803 11970 12138 12310 12446 12505 12492 12466 12452 12444 12427 12416 12408 12415 12421 12424 12424 12421 12429 12438 12461 12492 12514 12521 12537 12555 12568 12584 12584 12578 12574 12602 12601 12597 12604 12595 12589 12596 12571 12545 12539 12527 12531 12535 12544 12561 12561 12554 12550 12535 12488 12442
7745 7922 8077 8177 8346 8525 8656 8848 8984 9151 9295 9421 9608 9787 9942 10107 10268 10430 10583 10734 10879 11049 11204 11352 11496 11654 11806 11962 12120 12285 12444 12606 12633 12598 12559 12517 12483 12476 12456 12445 12436 12440 12443 12435 12435 12442 12437 12440 12449 12472 12479 12502 12516 12525 12531 12540 12541 12541 12547 12543 12538 12540 12541 12538 12530 12524 12508 12484 12470 12471 12489 12510 12520 12529 12525 12521 12498 12477 12443
7794 7978 8139 8305 8459 8628 8823 8989 9148 9312 9468 9611 9770 9945 10111 10275 10433 10599 10759 10922 11071 11221 11364 11510 11655 11806 11945 12089 12225 12372 12501 12621 12666 12651 12622 12577 12526 12486 12461 12453 12442 12435 12420 12423 12407 12425 12427 12414 12412 12424 12436 12448 12466 12480 12488 12475 12486 12495 12494 12493 12491 12492 12489 12494 12479 12464 12456 12450 12449 12442 12443 12473 12479 12479 12491 12495 12490 12461 12440
7973 8140 8311 8467 8644 8778 8945 9110 9294 9473 9627 9793 9946 10115 10284 10453 10618 10777 10936 11092 11239 11380 11521 11655 11786 11921 12052 12182 12309 12425 12526 12609 12648 12655 12644 12600 12548 12512 12465 12433 12424 12415 12387 12378 12357 12362 12373 12383 12387 12399 12388 12395 12416 12429 12436 12432 12430 12428 12432 12433 12434 12437 12434 12431 12434 12419 12416 12409 12401 12417 12420 12441 12453 12462 12471 12467 12470 12461 12445
