resultados/variables_proyeccion_tiempo/variables_paleo_130k/bio4.asc
ncols 330
nrows 228
xllcorner -12.000000
yllcorner 34.000000
cellsize 0.166667
NODATA_value -9999
[rows 105 to 139 of 228, columns 79 to 157 of 330]
-9999 -9999 -9999 -9999 -9999 -9999 -9999 -9999 -9999 -9999 -9999 -9999 -9999 -9999 -9999 -9999 -9999 -9999 -9999 -9999 -9999 -9999 -9999 -9999 -9999 -9999 -9999 -9999 -9999 -9999 -9999 -9999 -9999 -9999 -9999 -9999 -9999 -9999 -9999 -9999 -9999 -9999 -9999 7718 7834 7895 7955 8029 8113 8199 8256 8262 8265 8319 8454 8528 8618 -9999 8733 8734 8796 -9999 -9999 -9999 -9999 -9999 -9999 9248 9275 9333 9367 9402 9441 9486 9560 9664 -9999 -9999 -9999
-9999 -9999 -9999 -9999 -9999 -9999 -9999 -9999 -9999 -9999 -9999 -9999 -9999 -9999 -9999 -9999 -9999 -9999 -9999 -9999 -9999 -9999 -9999 -9999 -9999 -9999 -9999 -9999 -9999 -9999 -9999 -9999 -9999 -9999 -9999 -9999 -9999 -9999 -9999 -9999 -9999 -9999 -9999 -9999 7860 7939 8045 8109 8183 8258 8296 8329 8334 8361 8496 8610 8700 8765 8817 8856 -9999 -9999 -9999 -9999 9211 9224 9270 9316 9352 9398 9422 9452 9481 9516 9635 9724 -9999 -9999 -9999
-9999 -9999 -9999 -9999 -9999 -9999 -9999 -9999 -9999 -9999 -9999 -9999 -9999 -9999 -9999 -9999 -9999 -9999 -9999 -9999 -9999 -9999 -9999 -9999 -9999 -9999 -9999 -9999 -9999 -9999 -9999 -9999 -9999 -9999 -9999 -9999 -9999 -9999 -9999 -9999 -9999 -9999 -9999 -9999 -9999 8030 8123 8183 8244 8304 8360 8407 8451 8511 8619 8730 8840 8890 8897 9027 9061 9150 9178 9202 9234 9262 9323 9383 9437 9483 9514 9538 9547 9601 9759 9903 10060 10231 -9999
-9999 -9999 -9999 -9999 -9999 -9999 -9999 -9999 -9999 -9999 -9999 -9999 -9999 -9999 -9999 -9999 -9999 -9999 -9999 -9999 -9999 -9999 -9999 -9999 -9999 -9999 -9999 -9999 -9999 -9999 -9999 -9999 -9999 -9999 -9999 -9999 -9999 -9999 -9999 -9999 -9999 -9999 -9999 7892 8096 8160 8203 8252 8310 8389 8457 8517 8583 8664 8761 8870 8973 9034 9078 9093 9139 9189 9224 9257 9305 9347 9407 9472 9541 9573 9600 9630 9660 9735 9858 10005 10182 10355 10494
-9999 -9999 -9999 -9999 -9999 -9999 -9999 -9999 -9999 -9999 -9999 -9999 -9999 -9999 -9999 -9999 -9999 -9999 -9999 -9999 -9999 -9999 -9999 -9999 -9999 -9999 -9999 -9999 -9999 -9999 -9999 -9999 -9999 -9999 7501 7575 7604 7584 7586 7587 7628 7704 7778 8037 8099 8184 8247 8306 8381 8457 8537 8623 8711 8806 8902 8991 9076 9132 9159 9190 9219 9256 9295 9339 9389 9440 9496 9555 9627 9664 9679 9709 9759 9849 9954 10087 10220 10352 10415
-9999 -9999 -9999 -9999 -9999 -9999 -9999 -9999 -9999 -9999 -9999 -9999 -9999 -9999 -9999 -9999 -9999 -9999 -9999 -9999 -9999 -9999 -9999 -9999 -9999 -9999 -9999 -9999 -9999 -9999 7168 7285 7327 7389 7489 7629 7647 7658 7661 7655 7696 7788 7938 8036 8139 8229 8306 8360 8439 8535 8629 8728 8835 8935 9022 9112 9177 9222 9251 9273 9298 9334 9370 9408 9462 9517 9563 9621 9683 9731 9750 9787 9852 9921 10017 10140 10241 10332 10354
-9999 -9999 -9999 -9999 -9999 -9999 -9999 -9999 -9999 -9999 -9999 -9999 -9999 -9999 -9999 -9999 -9999 -9999 -9999 -9999 -9999 -9999 -9999 6932 6939 6954 7001 7045 7094 7132 7179 7252 7343 7439 7524 7668 7741 7759 7755 7764 7801 7890 8018 8101 8197 8286 8359 8422 8495 8599 8709 8816 8915 9034 9144 9229 9279 9303 9330 9345 9374 9405 9452 9490 9529 9581 9637 9685 9742 9782 9820 9858 9922 9993 10086 10185 10263 10310 10327
-9999 -9999 -9999 -9999 -9999 -9999 -9999 -9999 -9999 -9999 -9999 -9999 -9999 -9999 -9999 -9999 -9999 -9999 -9999 -9999 -9999 -9999 6949 6937 -9999 7048 7052 7085 7130 7166 7222 7281 7364 7473 7593 7714 7804 7828 7851 7878 7933 8004 8095 8190 8276 8359 8432 8503 8582 8679 8784 8887 8989 9091 9221 9313 9336 9353 9377 9411 9436 9475 9514 9561 9600 9652 9697 9744 9792 9850 9898 9942 10005 10068 10139 10219 10287 10337 10362
-9999 -9999 -9999 -9999 -9999 -9999 -9999 -9999 -9999 -9999 -9999 -9999 -9999 -9999 -9999 -9999 -9999 -9999 -9999 -9999 -9999 6990 6999 -9999 -9999 7081 7100 7138 7186 7229 7279 7334 7396 7512 7635 7743 7831 7884 7923 7982 8046 8125 8214 8283 8352 8432 8498 8571 8645 8737 8838 8956 9044 9130 9220 9306 9345 9371 9398 9456 9491 9527 9577 9627 9667 9715 9758 9819 9863 9904 9963 10019 10084 10143 10203 10268 10338 10399 10443
6763 6719 6582 -9999 -9999 -9999 -9999 -9999 -9999 -9999 -9999 -9999 -9999 -9999 -9999 -9999 -9999 -9999 -9999 -9999 -9999 7047 7062 7070 -9999 7129 7166 7207 7253 7304 7345 7405 7462 7555 7658 7759 7848 7924 7999 8076 8154 8238 8316 8355 8406 8472 8557 8625 8702 8784 8879 8979 9066 9144 9207 9275 9342 9394 9435 9487 9539 9578 9634 9681 9733 9782 9833 9893 9951 10004 10059 10110 10161 10214 10263 10324 10392 10469 10523
6663 6600 6462 6336 -9999 -9999 -9999 -9999 -9999 -9999 -9999 -9999 -9999 -9999 -9999 -9999 -9999 -9999 -9999 -9999 7058 7065 7101 7130 7160 -9999 7257 7281 7322 7376 7421 7470 7535 7607 7694 7792 7886 7973 8065 8154 8225 8301 8352 8398 8453 8514 8576 8657 8740 8825 8914 8995 9060 9127 9192 9251 9329 9389 9453 9509 9567 9618 9671 9730 9784 9837 9898 9960 10013 10076 10136 10192 10241 10278 10319 10363 10416 10512 10622
6573 6492 6369 6274 -9999 -9999 -9999 -9999 -9999 -9999 -9999 -9999 -9999 -9999 -9999 -9999 -9999 -9999 -9999 -9999 7079 7114 7139 7164 7190 7301 7318 7352 7400 7457 7506 7551 7605 7656 7733 7828 7917 8012 8119 8198 8280 8342 8377 8414 8480 8545 8614 8688 8773 8854 8929 9007 9055 9115 9195 9258 9331 9390 9463 9521 9582 9671 9706 9770 9825 9884 9939 10004 10058 10129 10205 10262 10302 10332 10358 10394 10443 10541 10685
6521 6436 6337 6282 -9999 -9999 -9999 -9999 -9999 -9999 -9999 -9999 -9999 -9999 -9999 -9999 -9999 -9999 -9999 -9999 7132 7156 7193 7225 7293 7334 7383 7441 7495 7554 7596 7636 7677 7715 7772 7870 7964 8058 8156 8250 8344 8401 8430 8452 8514 8574 8649 8728 8802 8884 8951 9017 9065 9127 9197 9268 9331 9407 9481 9556 9626 9698 9748 9815 9871 9927 9984 10043 10104 10181 10247 10316 10348 10365 10384 10419 10473 10548 10686
6492 6395 6341 6284 -9999 -9999 -9999 -9999 -9999 -9999 -9999 -9999 -9999 -9999 -9999 -9999 -9999 -9999 -9999 7148 7174 7220 7257 7311 7359 7418 7472 7530 7586 7650 7693 7725 7766 7797 7830 7925 8016 8102 8195 8281 8380 8444 8453 8485 8529 8601 8674 8752 8807 8882 8973 9054 9105 9160 9225 9281 9352 9401 9486 9553 9624 9716 9792 9858 9904 9945 9998 10055 10122 10187 10262 10317 10355 10379 10395 10418 10453 10490 10657
6449 6367 6336 -9999 -9999 -9999 -9999 -9999 -9999 -9999 -9999 -9999 -9999 -9999 -9999 -9999 -9999 7143 7159 7188 7243 7290 7340 7386 7438 7495 7563 7619 7674 7746 7798 7837 7873 7912 7948 8007 8078 8146 8228 8326 8409 8454 8474 8502 8563 8622 8677 8752 8861 8954 8997 9085 9122 9188 9246 9315 9387 9453 9517 9593 9652 9733 9814 9872 9910 9952 9999 10033 10117 10180 10242 10299 10332 10350 10380 10404 10452 10504 10623
6429 6388 -9999 -9999 -9999 -9999 -9999 -9999 -9999 -9999 -9999 -9999 -9999 -9999 -9999 -9999 7143 7159 7210 7262 7317 7368 7415 7475 7521 7577 7647 7707 7785 7861 7919 7952 7987 8027 8069 8117 8156 8209 8271 8363 8436 8485 8514 8561 8607 8646 8714 8830 8911 9004 9061 9106 9173 9229 9251 9315 9405 9475 9535 9622 9686 9748 9816 9874 9927 9974 10023 10079 10125 10172 10231 10281 10309 10325 10357 10403 10445 10500 10581
6448 -9999 -9999 -9999 -9999 -9999 -9999 -9999 -9999 -9999 -9999 -9999 -9999 -9999 -9999 7103 7160 7219 7287 7339 7396 7438 7487 7534 7604 7660 7715 7793 7869 7955 8030 8063 8112 8162 8197 8230 8276 8316 8363 8429 8492 8532 8582 8634 8687 8728 8779 8903 8999 9083 9094 9172 9251 9286 9313 9306 9307 9462 9516 9602 9672 9728 9800 9878 9934 9976 10032 10087 10118 10179 10238 10276 10306 10316 10329 10368 10400 10466 10534
-9999 -9999 -9999 -9999 -9999 -9999 -9999 -9999 -9999 -9999 -9999 -9999 -9999 7005 7071 7159 7229 7298 7367 7428 7479 7536 7568 7607 7645 7708 7774 7863 7931 8028 8108 8180 8243 8304 8331 8354 8379 8412 8447 8503 8555 8602 8659 8700 8749 8808 8888 9015 9111 9205 9242 9262 9311 9344 9428 9470 9526 9555 9553 9582 9635 9696 9763 9832 9895 9964 10025 10100 10141 10179 10236 10268 10292 10302 10319 10332 10368 10425 10471
6374 6354 -9999 -9999 -9999 -9999 -9999 -9999 -9999 -9999 -9999 -9999 6990 7060 7129 7212 7295 7377 7471 7510 7560 7602 7645 7674 7725 7773 7833 7907 7985 8073 8171 8265 8365 8461 8461 8444 8449 8479 8520 8545 8596 8651 8691 8746 8809 8897 9012 9135 9232 9317 9342 9353 9382 9408 9456 9512 9574 9626 9680 9699 9744 9737 9762 9833 9899 9971 10037 10092 10138 10185 10222 10243 10285 10301 10307 10331 10358 10391 10441
6377 6358 -9999 -9999 -9999 -9999 -9999 -9999 -9999 6788 6825 6909 7001 7099 7195 7285 7379 7461 7534 7596 7644 7686 7722 7754 7793 7833 7883 7947 8023 8101 8207 8318 8445 8559 8555 8503 8488 8496 8536 8584 8649 8692 8767 8784 8847 9004 9133 9230 9332 9424 9439 9408 9450 9481 9500 9584 9642 9682 9721 9757 9756 9741 9740 9797 9882 9958 10032 10092 10133 10182 10197 10229 10269 10285 10283 10286 10310 10342 10396
6388 6377 -9999 -9999 -9999 6587 6653 6707 6764 6817 6880 6977 7069 7170 7269 7369 7458 7542 7617 7688 7732 7774 7800 7830 7855 7884 7922 7972 8046 8126 8221 8336 8457 8565 8625 8590 8544 8568 8601 8646 8722 8782 8825 8892 9010 9165 9235 9321 9445 9493 9501 9506 9523 9536 9588 9634 9711 9756 9793 9811 9786 9751 9720 9760 9843 9932 10033 10097 10140 10177 10187 10214 10231 10259 10285 10312 10304 10327 10319
-9999 -9999 6417 6457 6526 6596 6670 6750 6812 6890 6971 7068 7160 7254 7340 7429 7527 7626 7712 7784 7823 7842 7867 7888 7923 7942 7960 7994 8052 8133 8235 8348 8453 8541 8619 8611 8586 8632 8696 8741 8820 8894 8911 9040 9180 9314 9393 9443 9511 9513 9537 9577 9565 9591 9634 9672 9752 9806 9841 9822 9806 9753 9712 9759 9845 9937 10011 10097 10143 10164 10188 10209 10199 10207 10233 10292 10367 10375 10374
-9999 -9999 6426 6482 6567 6647 6723 6813 6886 6974 7061 7162 7248 7321 7399 7487 7585 7683 7785 7848 7879 7900 7929 7943 7962 7992 8004 8035 8077 8134 8215 8315 8425 8502 8545 8541 8579 8671 8764 8843 8886 8931 9067 9152 9316 9448 9494 9528 9565 9578 9607 9620 9614 9611 9668 9751 9751 9786 9859 9867 9845 9804 9788 9822 9891 9977 10040 10107 10153 10151 10166 10180 10183 10167 10130 10169 10293 10377 10404
-9999 -9999 6489 6539 6620 6700 6784 6863 6954 7049 7134 7240 7312 7384 7459 7535 7627 7724 7811 7867 7913 7928 7954 7969 8007 8021 8055 8077 8113 8145 8210 8297 8388 8454 8505 8539 8616 8715 8818 8891 8934 9014 9156 9304 9422 9546 9571 9577 9569 9632 9648 9684 9726 9713 9726 9848 9890 9867 9836 9860 9850 9864 9844 9891 9953 10023 10094 10105 10115 10115 10090 10117 10074 10162 10336 10478 10490 10506 10480
-9999 -9999 6548 6603 6675 6759 6843 6915 7010 7107 7192 7291 7366 7417 7488 7576 7658 7742 7823 7887 7926 7957 7981 8013 8030 8062 8097 8113 8145 8192 8258 8324 8400 8468 8532 8581 8674 8813 8931 8961 9071 9198 9255 9321 9418 9556 9618 9642 9642 9694 9726 9784 9885 9880 9896 9948 9984 10013 9997 9931 9893 9855 9869 9948 10007 10076 10108 10027 9962 9988 9963 10104 10270 10431 10512 10559 10583 10614 10606
-9999 6606 6603 6665 6746 6817 6901 6974 7069 7154 7232 7311 7378 7440 7510 7588 7672 7759 7830 7882 7931 7974 8013 8046 8076 8112 8131 8150 8199 8248 8314 8372 8442 8496 8561 8624 8736 8846 8943 9016 9076 9179 9257 9266 9447 9555 9627 9684 9715 9756 9798 9866 9939 10015 10020 10029 10043 10076 10120 10095 10031 9943 9894 9952 10056 10086 10133 10175 10197 10252 10288 10197 10339 10492 10518 10518 10551 10614 10632
6587 6627 6671 6732 6809 6879 6965 7044 7123 7189 7258 7325 7397 7455 7522 7600 7679 7759 7828 7899 7958 7999 8043 8084 8113 8126 8179 8217 8254 8310 8375 8438 8504 8555 8606 8682 8759 8819 8885 9026 9089 9203 9352 9493 9583 9579 9650 9698 9734 9770 9841 9913 9988 10055 10067 10063 10054 10065 10081 10038 9997 9977 9953 9942 10010 10138 10218 10312 10251 10178 10238 10286 10376 10436 10480 10528 10559 10588 10610
6606 6670 6731 6798 6876 6947 7023 7105 7170 7243 7309 7358 7413 7464 7521 7606 7697 7776 7848 7914 7962 8008 8055 8089 8126 8167 8213 8264 8325 8389 8437 8479 8586 8643 8681 8678 8721 8817 8878 9016 9202 9300 9419 9568 9669 9669 9691 9720 9744 9772 9853 9915 9960 10021 10054 10042 10033 10040 10022 9985 9982 9955 9969 9988 10075 10156 10280 10268 10269 10309 10325 10368 10427 10500 10542 10533 10586 10616 10589
6654 6713 6788 6849 6934 7014 7089 7169 7225 7286 7336 7380 7432 7466 7522 7630 7720 7806 7880 7942 7995 8043 8082 8125 8163 8212 8252 8319 8383 8459 8538 8548 8648 8715 8646 8607 8706 8815 8931 9044 9142 9265 9406 9542 9641 9615 9659 9684 9741 9782 9838 9876 9920 9976 10010 9999 10005 10022 10015 10024 10000 9982 10008 10081 10202 10295 10346 10257 10345 10422 10457 10497 10547 10569 10542 10495 10480 10545 10582
6704 6769 6831 6903 6988 7065 7155 7229 7291 7345 7389 7436 7464 7483 7539 7650 7760 7850 7919 7982 8021 8060 8114 8168 8204 8256 8301 8359 8422 8516 8614 8634 8687 8699 8690 8686 8727 8818 8904 8997 9088 9241 9396 9489 9571 9569 9582 9611 9667 9715 9780 9851 9872 9919 9947 9978 9991 10006 10033 10042 10047 10044 10086 10172 10255 10365 10396 10372 10373 10450 10504 10537 10567 10537 10542 10455 10504 10544 10566
6743 6807 6866 6953 7041 7134 7222 7301 7367 7415 7446 7477 7495 7541 7601 7688 7806 7892 7948 8003 8043 8087 8129 8173 8227 8285 8329 8383 8451 8532 8605 8665 8718 8763 8780 8787 8806 8861 8894 8982 9072 9194 9379 9457 9522 9531 9573 9608 9658 9704 9741 9788 9810 9841 9882 9913 9947 9994 10037 10080 10091 10079 10102 10206 10308 10401 10453 10440 10430 10393 10515 10503 10557 10532 10541 10561 10571 10593 10582
6739 6818 6900 7005 7089 7191 7286 7383 7433 7470 7495 7518 7545 7589 7647 7723 7831 7912 7957 8003 8039 8097 8135 8179 8232 8287 8356 8408 8457 8527 8598 8661 8716 8768 8798 8834 8860 8887 8919 8987 9095 9243 9388 9468 9507 9515 9541 9585 9631 9667 9684 9713 9745 9784 9824 9859 9912 9973 10037 10093 10099 10119 10127 10219 10351 10447 10489 10503 10511 10509 10479 10416 10367 10440 10541 10553 10604 10624 10597
6725 6826 6939 7034 7131 7241 7350 7455 7502 7526 7538 7563 7585 7619 7672 7736 7812 7885 7956 7996 8040 8093 8137 8188 8232 8292 8346 8408 8452 8506 8580 8627 8682 8739 8798 8853 8877 8904 8968 9048 9143 9302 9407 9468 9468 9465 9461 9494 9543 9559 9579 9647 9692 9735 9781 9837 9896 9961 10033 10035 10064 10105 10154 10217 10343 10482 10470 10444 10451 10445 10463 10333 10314 10229 10241 10385 10492 10569 10635
6771 6872 6993 7073 7162 7276 7425 7547 7572 7588 7589 7594 7619 7637 7680 7731 7788 7875 7935 7988 8037 8080 8130 8192 8231 8296 8348 8393 8421 8477 8535 8593 8663 8736 8795 8841 8874 8940 9018 9104 9200 9298 9384 9390 9400 9386 9387 9384 9419 9494 9526 9566 9634 9681 9717 9811 9893 9912 9974 9996 10040 10078 10137 10221 10319 10436 10498 10518 10537 10539 10455 10417 10438 10323 10261 10305 10361 10376 10518
6871 6961 7060 7116 7181 7262 7414 7544 7586 7597 7607 7620 7637 7648 7688 7730 7796 7856 7914 7969 8020 8077 8124 8171 8216 8284 8338 8374 8407 8430 8478 8560 8644 8711 8765 8821 8870 8974 9054 9140 9211 9290 9265 9202 9226 9285 9305 9322 9356 9436 9509 9560 9507 9586 9660 9749 9843 9908 9975 10007 10056 10096 10131 10186 10260 10333 10396 10435 10485 10535 10568 10596 10557 10612 10532 10394 10347 10410 10483
