resultados/variables_proyeccion_tiempo/variables_paleo_130k/bio5.asc
ncols 330
nrows 228
xllcorner -12.000000
yllcorner 34.000000
cellsize 0.166667
NODATA_value -9999
[rows 41 to 81 of 228, columns 92 to 183 of 330]
-9999 -9999 -9999 -9999 -9999 -9999 -9999 -9999 -9999 -9999 -9999 -9999 -9999 -9999 -9999 -9999 -9999 -9999 -9999 -9999 -9999 -9999 -9999 -9999 -9999 -9999 -9999 -9999 -9999 -9999 -9999 -9999 -9999 -9999 -9999 -9999 -9999 -9999 -9999 -9999 -9999 -9999 -9999 -9999 -9999 191 193 -9999 -9999 193 194 190 191 190 189 191 182 178 177 192 185 179 182 175 169 171 176 178 181 186 191 187 184 197 203 207 208 212 215 215 217 222 226 227 232 235 237 235 235 237 236 235
-9999 -9999 -9999 -9999 -9999 -9999 -9999 -9999 -9999 -9999 -9999 -9999 -9999 -9999 -9999 -9999 -9999 -9999 -9999 -9999 -9999 -9999 -9999 -9999 -9999 -9999 -9999 -9999 -9999 -9999 -9999 -9999 -9999 -9999 -9999 -9999 -9999 -9999 -9999 -9999 -9999 -9999 -9999 -9999 191 191 193 195 194 195 194 192 192 189 189 178 176 184 193 186 184 189 183 183 186 191 190 185 184 185 184 193 196 199 207 213 212 211 215 217 218 220 224 224 225 232 239 238 238 238 239 240
-9999 -9999 -9999 -9999 -9999 -9999 -9999 -9999 -9999 -9999 -9999 -9999 -9999 -9999 -9999 -9999 -9999 -9999 -9999 -9999 -9999 -9999 -9999 -9999 -9999 -9999 -9999 -9999 -9999 -9999 -9999 -9999 -9999 -9999 -9999 -9999 -9999 -9999 -9999 -9999 -9999 -9999 -9999 -9999 -9999 -9999 196 197 197 197 197 193 184 191 190 186 195 196 191 188 193 195 188 190 196 192 183 186 190 190 200 204 204 206 207 211 218 221 223 221 223 224 223 222 222 227 231 235 238 238 240 240
-9999 -9999 -9999 -9999 -9999 -9999 -9999 -9999 -9999 -9999 -9999 -9999 -9999 -9999 -9999 -9999 -9999 -9999 -9999 -9999 -9999 -9999 -9999 -9999 -9999 -9999 -9999 -9999 -9999 -9999 -9999 -9999 -9999 -9999 -9999 -9999 -9999 -9999 -9999 -9999 -9999 -9999 -9999 -9999 196 194 193 196 196 196 192 190 197 200 198 199 193 186 182 185 187 192 198 201 204 192 190 192 199 202 202 206 213 214 217 216 212 213 222 225 226 226 226 225 223 223 226 229 233 236 237 240
-9999 -9999 -9999 -9999 -9999 -9999 -9999 -9999 -9999 -9999 -9999 -9999 -9999 -9999 -9999 -9999 -9999 -9999 -9999 -9999 -9999 -9999 -9999 -9999 -9999 -9999 -9999 -9999 -9999 -9999 -9999 -9999 -9999 -9999 -9999 -9999 -9999 -9999 -9999 -9999 -9999 -9999 194 191 191 189 188 195 200 196 199 200 194 194 196 199 194 191 184 186 194 195 195 191 193 202 205 207 208 205 210 210 213 220 219 221 222 218 219 222 226 226 227 228 228 227 227 227 229 232 234 238
-9999 -9999 -9999 -9999 -9999 -9999 -9999 -9999 -9999 -9999 -9999 -9999 -9999 -9999 -9999 -9999 -9999 -9999 -9999 -9999 -9999 -9999 -9999 -9999 -9999 -9999 -9999 -9999 -9999 -9999 -9999 -9999 -9999 -9999 -9999 -9999 -9999 -9999 -9999 -9999 194 192 188 186 184 188 190 198 197 195 194 197 196 203 203 201 194 196 190 187 191 196 198 190 184 187 195 199 206 212 216 219 220 220 223 219 224 227 226 226 227 227 226 228 230 231 231 231 234 234 232 235
-9999 -9999 -9999 -9999 -9999 -9999 -9999 -9999 -9999 -9999 -9999 -9999 -9999 -9999 -9999 -9999 -9999 -9999 -9999 -9999 -9999 -9999 -9999 -9999 -9999 -9999 -9999 -9999 -9999 -9999 -9999 -9999 -9999 -9999 -9999 -9999 -9999 -9999 -9999 192 189 185 187 186 183 185 189 201 202 205 206 202 195 192 191 187 187 194 193 185 180 186 194 203 207 201 196 196 198 207 213 218 221 220 222 227 226 228 228 226 226 225 228 231 231 230 230 232 233 235 237 235
-9999 -9999 -9999 -9999 -9999 -9999 -9999 -9999 -9999 -9999 -9999 -9999 -9999 -9999 -9999 -9999 -9999 -9999 -9999 -9999 -9999 -9999 -9999 -9999 -9999 -9999 -9999 -9999 -9999 -9999 -9999 188 189 -9999 188 -9999 193 -9999 195 194 190 190 189 184 188 194 201 207 207 205 199 199 197 190 187 189 191 199 187 186 185 184 189 200 206 213 211 207 210 213 216 221 225 223 226 227 228 230 231 229 227 226 230 231 229 229 229 231 233 236 238 236
-9999 -9999 -9999 -9999 -9999 -9999 -9999 -9999 -9999 -9999 -9999 -9999 -9999 -9999 -9999 -9999 -9999 -9999 -9999 -9999 -9999 -9999 -9999 -9999 -9999 -9999 -9999 -9999 -9999 189 189 190 190 192 195 -9999 194 194 194 194 192 191 190 195 195 200 210 209 208 205 203 198 194 196 198 192 190 201 203 198 201 202 204 200 203 208 215 219 220 221 223 224 225 227 228 228 230 229 232 231 233 233 234 230 230 231 233 233 233 235 239 238
-9999 -9999 -9999 -9999 -9999 -9999 -9999 -9999 -9999 -9999 -9999 -9999 -9999 -9999 -9999 -9999 -9999 -9999 -9999 -9999 -9999 -9999 -9999 -9999 -9999 -9999 -9999 -9999 -9999 192 191 192 192 194 195 196 194 190 193 196 197 195 191 202 209 206 206 203 197 192 190 192 186 192 193 197 195 201 204 201 204 209 213 215 212 215 217 219 224 219 219 225 227 227 224 226 228 230 232 231 233 233 235 233 233 235 235 238 237 240 238 242
-9999 -9999 -9999 -9999 -9999 -9999 -9999 -9999 -9999 -9999 -9999 -9999 -9999 -9999 -9999 -9999 -9999 -9999 -9999 -9999 -9999 -9999 -9999 -9999 -9999 -9999 187 188 191 193 191 193 193 195 193 194 190 191 193 200 207 202 209 209 208 208 205 203 197 191 201 194 187 188 191 199 202 196 195 207 207 210 214 216 218 221 223 223 225 224 221 224 227 226 226 224 222 226 229 233 233 236 234 231 232 232 234 238 240 241 243 241
-9999 -9999 -9999 -9999 -9999 -9999 -9999 -9999 -9999 -9999 -9999 -9999 -9999 -9999 -9999 -9999 -9999 -9999 -9999 -9999 -9999 -9999 -9999 -9999 -9999 -9999 -9999 193 187 193 191 190 184 189 193 186 185 195 202 199 205 210 204 199 200 203 206 197 187 184 187 186 189 187 193 195 194 193 201 206 208 212 216 219 223 225 225 225 226 228 229 229 229 229 229 229 227 228 227 230 235 237 239 239 236 237 236 235 237 240 245 246
-9999 -9999 -9999 -9999 -9999 -9999 -9999 -9999 -9999 -9999 -9999 -9999 -9999 -9999 -9999 -9999 -9999 -9999 -9999 -9999 -9999 -9999 182 184 187 187 189 192 192 193 191 191 187 188 190 193 192 195 199 198 200 208 201 194 191 196 193 194 195 194 190 185 183 177 182 173 182 193 191 187 195 197 195 209 220 224 226 224 226 226 227 228 227 226 228 230 230 232 234 231 232 235 235 235 238 241 243 238 238 242 244 248
-9999 -9999 -9999 -9999 -9999 -9999 -9999 -9999 -9999 -9999 -9999 -9999 -9999 -9999 -9999 -9999 -9999 -9999 -9999 -9999 176 178 178 175 178 178 181 187 190 196 197 195 188 182 178 178 180 187 199 188 196 200 199 197 199 193 197 195 182 178 188 189 178 179 178 183 185 182 191 198 200 200 196 204 212 221 229 228 227 227 229 230 230 229 228 229 231 231 230 235 232 230 230 230 231 235 241 242 244 246 247 250
-9999 -9999 -9999 -9999 -9999 -9999 -9999 -9999 -9999 -9999 -9999 -9999 -9999 -9999 -9999 -9999 -9999 166 171 173 169 174 175 178 180 183 185 184 188 179 189 179 178 172 172 167 172 175 179 197 196 184 185 185 178 182 184 189 193 187 188 190 183 180 186 187 192 196 201 204 204 209 213 215 217 222 226 227 228 228 229 231 231 228 231 230 232 236 233 234 237 232 231 231 234 234 238 243 246 248 -9999 -9999
-9999 -9999 -9999 -9999 -9999 -9999 -9999 -9999 -9999 -9999 -9999 -9999 -9999 -9999 -9999 -9999 172 167 165 170 166 169 174 167 181 179 178 169 173 160 163 163 164 171 175 177 177 187 179 182 185 190 187 180 180 185 191 194 195 194 195 191 183 187 196 199 193 197 203 204 204 207 209 209 214 220 227 225 227 228 229 229 231 235 237 234 235 235 237 233 235 236 237 237 238 238 240 243 248 -9999 -9999 -9999
-9999 -9999 -9999 -9999 -9999 -9999 -9999 -9999 -9999 -9999 -9999 -9999 171 169 170 162 168 169 168 171 165 169 161 154 157 158 151 157 157 157 157 167 149 149 151 154 158 171 168 175 178 184 196 195 194 200 197 188 191 194 196 201 195 193 195 201 204 204 209 208 214 217 219 217 211 220 226 229 230 235 234 237 236 235 231 234 235 237 240 239 237 238 240 240 244 243 245 246 -9999 -9999 -9999 -9999
-9999 -9999 -9999 -9999 -9999 -9999 -9999 -9999 -9999 -9999 162 166 168 165 168 167 160 153 157 154 151 163 164 160 160 146 138 146 161 164 159 166 164 158 157 156 172 182 183 176 184 189 198 203 205 201 189 185 192 190 200 202 193 195 198 198 201 202 202 206 210 210 219 222 227 220 220 223 231 236 238 236 235 236 235 233 234 232 233 234 236 239 242 243 245 246 247 -9999 -9999 -9999 -9999 -9999
-9999 -9999 -9999 -9999 -9999 -9999 -9999 -9999 -9999 162 165 163 164 162 154 155 164 159 154 152 155 159 148 144 143 140 145 138 132 145 153 163 168 182 192 186 170 174 183 197 196 193 196 207 206 205 200 191 196 201 207 203 195 198 198 206 206 205 205 203 213 214 220 225 229 231 231 232 232 236 239 238 238 235 240 240 238 239 238 238 240 241 242 244 247 247 -9999 -9999 -9999 -9999 -9999 -9999
-9999 -9999 -9999 -9999 -9999 -9999 -9999 -9999 162 161 167 164 161 157 160 159 163 167 166 173 164 158 159 146 131 135 154 165 162 169 166 171 175 186 192 200 196 172 169 173 190 192 193 188 197 217 215 199 196 201 208 208 207 210 213 216 212 209 212 206 210 215 219 223 228 227 229 233 232 233 235 238 240 243 244 246 243 242 245 247 246 242 246 248 248 249 -9999 -9999 -9999 -9999 -9999 -9999
-9999 -9999 -9999 -9999 -9999 -9999 -9999 -9999 168 172 162 157 147 145 143 151 157 158 169 155 150 137 130 140 140 140 142 137 139 156 167 154 156 183 199 204 208 212 198 194 190 193 197 208 216 214 213 215 209 208 207 202 201 205 208 210 216 221 222 222 218 217 219 220 225 228 227 230 233 236 239 240 239 242 246 246 248 247 244 247 248 249 250 250 249 250 -9999 -9999 -9999 -9999 -9999 -9999
-9999 -9999 -9999 -9999 -9999 -9999 -9999 -9999 177 179 172 172 168 166 168 161 156 155 165 156 133 142 141 169 145 164 162 147 145 135 136 137 151 179 181 201 194 209 219 215 217 203 192 198 205 217 223 225 207 207 205 202 209 200 204 201 205 218 224 225 225 221 219 219 220 225 226 230 233 240 243 246 247 242 245 243 243 247 248 244 245 250 252 252 250 250 -9999 -9999 -9999 -9999 -9999 -9999
-9999 -9999 -9999 -9999 -9999 -9999 -9999 -9999 181 175 174 170 171 171 174 171 168 158 149 146 169 151 170 187 182 163 158 164 152 150 155 151 165 169 185 197 198 193 207 204 208 222 206 198 199 211 224 226 216 216 217 216 215 216 212 215 213 218 228 228 226 227 226 226 230 226 230 231 235 242 247 246 248 250 250 252 253 250 252 248 249 252 254 254 -9999 -9999 -9999 -9999 -9999 -9999 -9999 -9999
-9999 -9999 -9999 -9999 -9999 -9999 -9999 -9999 183 185 180 176 173 167 169 164 160 156 153 181 162 174 191 194 181 183 179 158 162 171 167 165 186 199 194 193 194 199 206 212 222 230 224 204 207 204 208 227 234 224 222 221 215 223 223 223 224 219 222 228 230 232 234 235 239 238 238 242 244 247 251 248 250 251 251 249 250 252 255 254 254 254 255 254 254 -9999 -9999 -9999 -9999 -9999 -9999 -9999
-9999 -9999 -9999 -9999 -9999 -9999 -9999 184 185 182 177 178 179 175 173 161 159 166 173 178 156 180 182 162 175 172 167 166 160 154 163 188 197 210 220 204 204 205 200 212 214 223 239 230 222 220 218 224 235 231 225 222 223 222 228 231 228 224 222 226 229 234 236 237 240 244 251 253 249 249 250 252 250 251 252 247 247 248 248 250 254 255 256 256 -9999 -9999 -9999 -9999 -9999 -9999 -9999 -9999
-9999 -9999 -9999 -9999 -9999 -9999 -9999 -9999 188 188 185 179 173 166 157 160 153 152 156 151 159 160 174 165 150 142 142 146 151 165 179 175 190 199 204 216 213 219 219 222 231 226 228 239 241 236 230 227 236 238 235 229 229 230 233 232 228 229 228 230 232 232 238 243 243 245 249 255 256 256 256 255 253 254 255 249 249 252 252 255 257 256 257 257 256 -9999 -9999 -9999 -9999 -9999 -9999 -9999
-9999 -9999 -9999 -9999 -9999 -9999 -9999 -9999 190 192 192 192 175 177 180 165 166 153 172 175 165 158 155 145 142 148 150 163 164 165 178 190 207 212 207 196 207 222 229 224 230 239 232 236 243 247 248 245 239 235 239 237 236 237 234 231 236 233 230 232 237 238 240 244 245 245 245 250 255 257 257 255 258 260 262 260 256 253 255 257 258 257 258 257 257 -9999 -9999 -9999 -9999 -9999 -9999 -9999
-9999 -9999 -9999 -9999 -9999 -9999 -9999 -9999 191 192 193 194 196 188 179 171 171 169 177 178 177 182 158 154 136 144 151 156 174 187 192 197 197 204 225 206 206 209 229 239 234 242 237 232 232 230 234 243 234 230 233 242 242 237 231 231 233 235 241 237 234 237 242 244 247 250 252 251 253 257 260 259 262 265 265 259 259 259 260 262 261 259 258 257 257 256 254 254 254 -9999 252 -9999
-9999 -9999 -9999 -9999 -9999 -9999 -9999 -9999 -9999 194 195 195 189 183 185 168 170 177 175 182 176 158 174 164 162 157 163 165 169 177 185 190 195 194 190 214 219 221 218 219 239 237 247 232 225 229 239 242 238 243 236 238 242 237 237 235 236 242 243 243 240 239 243 244 247 249 251 255 256 257 253 258 264 266 266 265 264 261 260 261 261 259 258 257 256 255 255 254 254 253 251 251
-9999 -9999 -9999 -9999 -9999 -9999 -9999 -9999 -9999 193 193 199 196 192 185 182 189 177 155 171 144 145 150 148 150 156 159 161 164 166 170 178 187 203 206 206 208 227 238 241 242 245 239 232 233 235 245 245 243 244 243 239 243 238 239 237 243 245 248 243 247 247 246 245 247 245 249 252 255 260 261 261 263 264 263 266 265 263 263 262 262 261 258 258 257 255 255 254 254 254 253 251
-9999 -9999 -9999 -9999 -9999 -9999 -9999 -9999 -9999 -9999 196 196 197 191 196 196 180 160 139 169 144 138 141 148 151 155 158 157 160 166 168 177 194 188 217 218 228 239 243 241 248 251 232 233 238 242 247 247 246 241 238 236 242 241 242 238 241 245 250 247 247 251 251 249 249 253 251 253 255 257 261 264 265 268 266 265 266 267 265 265 263 262 260 258 257 256 255 256 257 256 254 252
-9999 -9999 -9999 -9999 -9999 -9999 -9999 -9999 -9999 -9999 193 195 184 192 191 177 170 154 160 167 151 153 139 149 154 156 146 156 167 168 171 180 200 210 208 209 230 232 239 244 229 240 242 249 249 243 245 244 241 242 240 242 243 246 246 244 243 245 250 250 248 253 250 249 252 254 256 258 260 262 261 261 264 266 268 269 269 269 268 267 265 263 261 260 258 257 258 259 260 258 256 254
-9999 -9999 -9999 -9999 -9999 -9999 -9999 -9999 -9999 -9999 192 192 193 195 198 187 183 165 163 157 165 150 148 157 166 173 170 165 183 177 173 184 193 204 225 214 218 229 235 242 235 244 245 249 248 244 242 244 243 241 241 240 243 246 248 249 244 245 250 252 254 252 252 253 256 257 258 261 264 262 268 267 269 270 271 271 270 270 270 269 267 266 265 263 262 261 262 262 263 261 258 256
-9999 -9999 -9999 -9999 -9999 -9999 -9999 -9999 -9999 -9999 191 191 193 188 186 185 173 178 179 172 174 159 155 159 166 152 173 190 185 188 192 198 193 211 226 233 220 224 231 229 236 242 242 242 246 245 243 243 242 242 241 243 242 241 246 251 251 253 252 254 255 257 258 258 259 261 259 262 264 268 269 274 274 274 274 274 274 274 273 272 270 269 268 266 265 265 265 267 267 264 260 257
-9999 -9999 -9999 -9999 -9999 -9999 -9999 -9999 -9999 -9999 189 190 190 192 187 188 192 187 180 170 153 151 148 159 168 155 177 190 199 204 207 211 212 214 230 231 215 216 219 231 236 240 242 245 244 244 241 243 242 241 243 245 244 243 243 246 250 253 254 255 257 259 261 262 262 263 264 265 266 266 273 276 276 277 276 277 276 275 274 273 272 271 270 269 269 269 269 270 270 266 263 259
-9999 -9999 -9999 -9999 -9999 -9999 -9999 -9999 -9999 187 -9999 189 191 191 194 194 193 184 178 163 153 153 154 161 172 171 176 185 197 183 204 203 213 215 228 233 234 234 230 234 236 238 240 242 242 242 244 242 240 240 243 244 245 246 246 248 252 252 255 257 258 260 262 264 265 264 266 267 268 273 277 278 278 278 278 277 276 275 273 272 271 270 270 270 270 269 270 270 269 266 263 260
-9999 -9999 -9999 -9999 -9999 -9999 -9999 -9999 -9999 -9999 -9999 189 192 193 193 194 186 179 172 164 157 165 155 158 168 183 175 182 193 194 200 202 208 221 228 229 233 235 235 235 237 238 238 237 240 241 242 242 242 239 240 243 243 246 246 249 253 255 256 258 259 261 263 265 266 266 267 269 273 274 276 276 276 276 277 276 276 274 274 274 273 272 271 271 269 270 270 268 268 266 263 260
-9999 -9999 -9999 -9999 -9999 -9999 -9999 -9999 -9999 -9999 -9999 -9999 -9999 192 192 190 189 177 164 158 163 168 164 163 168 181 189 183 188 197 205 215 210 219 227 230 233 235 238 237 237 -9999 -9999 -9999 -9999 240 241 242 240 239 239 242 244 246 248 252 255 256 257 258 260 262 263 265 265 266 265 268 269 272 272 273 274 275 276 277 276 276 276 276 275 273 272 272 271 271 270 269 268 266 265 -9999
-9999 -9999 -9999 -9999 -9999 -9999 -9999 -9999 -9999 -9999 -9999 -9999 192 192 189 184 179 175 169 167 176 170 166 167 177 182 192 188 196 204 209 215 217 223 229 232 234 -9999 -9999 -9999 -9999 -9999 -9999 -9999 -9999 -9999 241 241 239 240 240 242 244 244 251 254 256 257 258 259 260 262 264 265 265 265 267 267 270 273 271 273 276 277 277 277 275 274 275 275 275 274 274 273 272 272 270 270 -9999 -9999 -9999 -9999
-9999 -9999 -9999 -9999 -9999 -9999 -9999 -9999 -9999 -9999 -9999 -9999 -9999 191 187 185 188 180 178 178 185 182 178 174 187 191 199 194 200 211 212 217 223 228 230 234 -9999 -9999 -9999 -9999 -9999 -9999 -9999 -9999 -9999 -9999 -9999 241 240 240 241 243 245 249 252 254 256 258 258 259 259 261 262 265 266 266 267 270 273 273 274 275 276 276 277 279 278 278 278 277 276 275 275 -9999 -9999 -9999 -9999 -9999 -9999 -9999 -9999 -9999
-9999 -9999 -9999 -9999 -9999 -9999 -9999 -9999 -9999 -9999 -9999 -9999 -9999 -9999 194 195 191 190 185 190 190 191 186 190 196 196 199 203 205 208 213 222 227 230 -9999 -9999 -9999 -9999 -9999 -9999 -9999 -9999 -9999 -9999 -9999 -9999 -9999 240 241 243 243 244 248 250 252 255 256 256 258 259 258 259 255 263 265 264 269 271 272 273 274 276 277 278 278 277 277 277 277 277 277 276 -9999 -9999 -9999 -9999 -9999 -9999 -9999 -9999 -9999 -9999
