resultados/variables_proyeccion_tiempo/variables_paleo_130k/bio5.asc
ncols 330
nrows 228
xllcorner -12.000000
yllcorner 34.000000
cellsize 0.166667
NODATA_value -9999
[rows 41 to 81 of 228, columns 184 to 275 of 330]
236 237 238 241 242 242 242 241 241 241 243 242 244 247 249 250 250 251 251 -9999 -9999 -9999 -9999 -9999 -9999 -9999 -9999 -9999 -9999 -9999 -9999 -9999 -9999 -9999 -9999 248 248 248 249 247 246 245 245 245 245 245 245 245 245 245 245 245 244 243 243 240 244 242 240 239 239 238 239 238 237 235 236 235 236 237 237 237 237 235 235 234 233 232 230 229 229 229 228 227 226 225 225 223 222 221 220 219
241 240 240 239 240 241 242 244 244 243 244 246 246 249 250 251 251 -9999 -9999 -9999 -9999 -9999 -9999 -9999 -9999 -9999 -9999 -9999 -9999 -9999 -9999 -9999 -9999 -9999 -9999 248 248 249 249 250 250 248 247 246 246 246 246 246 245 245 246 245 245 244 243 240 242 242 240 241 241 241 240 240 238 238 238 238 237 238 238 238 238 234 234 233 232 232 232 231 230 230 229 228 227 226 224 222 222 222 221 221
240 241 242 242 240 240 241 241 242 243 245 248 248 249 251 251 -9999 -9999 -9999 -9999 -9999 -9999 -9999 -9999 -9999 -9999 -9999 -9999 -9999 -9999 -9999 -9999 -9999 -9999 248 248 248 248 248 249 249 249 248 248 247 246 246 247 245 245 245 245 244 244 244 242 240 242 243 244 243 242 241 241 241 240 239 238 236 236 237 236 235 235 234 233 233 233 233 232 231 230 230 228 226 225 225 224 223 223 221 220
241 241 241 243 242 240 240 241 242 241 244 247 248 249 249 250 251 251 -9999 -9999 -9999 -9999 -9999 -9999 -9999 -9999 -9999 -9999 -9999 -9999 -9999 -9999 -9999 249 248 247 246 246 247 248 248 249 248 247 247 246 246 246 246 246 246 246 245 245 245 245 244 244 245 244 243 243 243 242 241 241 239 238 238 236 235 236 236 235 234 234 233 233 232 232 232 231 230 227 226 225 225 224 224 223 222 221
238 240 242 242 242 241 241 241 241 240 244 244 245 248 249 250 250 250 -9999 -9999 -9999 -9999 -9999 -9999 -9999 -9999 -9999 -9999 -9999 -9999 -9999 249 249 249 248 247 245 246 246 247 247 247 248 248 247 247 247 247 246 248 248 247 247 247 248 248 247 245 246 244 243 243 244 243 242 243 242 241 240 239 238 237 238 237 237 237 236 234 233 233 232 231 229 228 228 228 227 226 225 224 223 222
238 240 241 241 242 242 241 240 240 241 243 245 246 249 250 250 251 -9999 -9999 -9999 -9999 -9999 -9999 -9999 -9999 -9999 -9999 -9999 -9999 250 249 249 248 248 248 248 248 247 247 245 245 246 247 248 247 247 247 247 246 247 248 249 249 249 248 248 248 246 246 246 245 245 246 244 244 245 244 242 241 239 238 237 237 237 236 235 235 235 234 233 232 230 230 229 229 228 228 227 226 226 226 225
236 239 241 242 242 243 243 244 243 244 246 246 249 250 252 -9999 -9999 -9999 -9999 -9999 -9999 -9999 -9999 -9999 -9999 -9999 -9999 -9999 250 250 249 249 248 248 248 248 248 247 247 246 247 247 247 247 247 247 247 246 245 245 246 247 247 247 245 245 247 247 249 248 248 247 246 246 246 245 244 244 241 240 240 238 239 239 238 236 234 234 234 233 234 233 232 231 230 229 228 228 227 226 226 226
238 240 240 243 243 244 245 245 246 248 249 249 250 251 -9999 -9999 -9999 -9999 -9999 -9999 -9999 -9999 -9999 -9999 250 250 251 250 250 249 249 248 248 248 247 248 248 248 249 247 247 247 247 248 248 248 247 246 246 247 245 246 248 248 248 247 246 245 247 248 247 247 245 245 245 244 243 244 243 241 241 241 242 241 239 237 235 236 235 234 234 234 232 231 231 231 232 231 230 229 229 228
240 242 242 242 244 246 245 248 249 250 250 250 251 250 -9999 -9999 -9999 -9999 -9999 -9999 -9999 -9999 -9999 251 250 251 250 250 250 249 248 247 246 247 247 247 247 246 248 248 247 246 246 247 247 248 249 248 248 249 249 248 250 249 250 250 248 246 246 249 249 249 249 248 246 245 246 246 244 243 243 242 241 242 241 239 236 235 235 235 233 233 233 234 233 231 231 231 231 230 229 229
240 240 243 244 248 248 249 250 251 250 -9999 -9999 251 251 -9999 -9999 -9999 -9999 -9999 -9999 -9999 250 250 250 250 250 250 249 249 249 248 247 246 246 246 246 247 247 247 247 247 246 246 248 246 247 248 249 249 249 251 251 251 251 250 251 250 250 249 248 250 252 252 251 248 249 248 249 249 245 245 245 243 241 242 240 238 237 234 232 234 234 233 233 234 234 232 231 230 230 230 230
243 245 247 249 250 249 249 250 -9999 -9999 -9999 -9999 -9999 -9999 250 248 248 248 248 248 249 249 250 250 250 250 250 249 249 249 248 247 247 246 245 245 246 247 246 246 248 248 248 247 248 249 249 250 249 249 248 251 250 249 251 252 252 252 252 251 250 250 253 253 253 251 251 249 250 249 247 246 245 244 244 242 240 238 236 233 235 235 235 235 235 234 234 234 233 233 232 232
248 248 249 251 -9999 -9999 -9999 -9999 -9999 -9999 -9999 -9999 248 -9999 248 247 247 247 247 247 248 249 249 249 250 249 249 249 249 249 249 248 246 245 245 245 245 246 248 247 248 249 249 249 248 250 250 251 251 250 250 252 251 251 251 251 253 254 254 253 251 251 250 253 254 254 253 253 250 248 246 246 245 244 241 240 240 239 239 238 238 237 236 235 234 234 234 235 235 235 235 234
249 250 -9999 -9999 -9999 -9999 -9999 -9999 -9999 -9999 -9999 -9999 248 -9999 247 248 247 247 246 247 248 249 249 249 250 251 250 249 248 249 249 248 246 245 245 246 245 246 249 249 250 250 251 251 250 249 251 253 252 251 251 252 253 254 254 254 254 255 255 253 254 252 251 252 253 253 251 253 251 248 246 247 247 246 244 243 242 241 240 240 240 240 238 236 233 235 236 235 235 234 234 234
-9999 -9999 -9999 -9999 -9999 -9999 -9999 -9999 -9999 -9999 -9999 -9999 -9999 247 246 246 246 246 245 246 246 248 249 250 250 250 249 249 249 247 247 247 246 245 245 246 247 247 248 249 249 249 250 253 252 251 252 253 253 253 252 252 253 255 256 256 257 256 255 256 255 254 254 255 256 256 255 252 252 251 248 249 249 247 246 244 243 242 240 241 240 240 240 239 236 238 237 236 236 236 235 235
-9999 -9999 -9999 -9999 -9999 -9999 -9999 -9999 -9999 -9999 -9999 -9999 -9999 -9999 245 245 245 245 244 244 244 245 248 249 249 249 248 248 248 248 246 245 246 245 245 245 247 248 249 249 250 250 251 253 252 253 254 254 254 254 253 253 254 255 258 257 257 257 256 257 257 256 258 258 257 257 256 254 254 252 251 249 248 248 247 246 245 245 243 241 240 241 240 240 238 237 238 239 239 238 238 238
-9999 -9999 -9999 -9999 -9999 -9999 -9999 -9999 -9999 -9999 -9999 -9999 -9999 -9999 245 245 245 244 243 243 242 244 247 247 247 248 247 248 248 248 247 246 246 247 246 246 246 246 248 250 250 251 253 252 253 255 254 255 254 254 255 255 256 256 258 257 257 258 257 258 258 257 257 259 258 258 258 256 253 252 252 250 249 248 248 247 247 245 244 243 243 244 242 241 241 241 241 240 241 241 243 243
-9999 -9999 -9999 -9999 -9999 -9999 -9999 -9999 -9999 -9999 -9999 -9999 -9999 -9999 246 246 245 244 243 242 243 244 243 244 247 247 247 247 247 248 248 247 247 248 248 248 249 248 249 249 250 251 252 254 255 256 255 255 254 255 256 256 257 257 259 259 259 259 257 259 259 258 258 259 259 259 258 257 255 254 252 252 250 249 248 247 246 245 245 245 245 244 244 244 244 243 243 243 243 243 245 244
-9999 -9999 -9999 -9999 -9999 -9999 -9999 -9999 -9999 -9999 -9999 -9999 -9999 -9999 -9999 245 245 245 243 242 242 242 243 244 244 245 246 247 246 248 250 249 249 249 250 251 251 250 252 252 252 253 255 256 256 256 255 255 254 255 257 257 258 259 260 261 260 261 260 261 260 258 259 260 261 260 259 258 256 255 254 253 251 250 249 247 247 247 246 247 247 247 247 246 246 244 244 243 243 243 246 245
-9999 -9999 -9999 -9999 -9999 -9999 -9999 -9999 -9999 -9999 -9999 -9999 -9999 -9999 -9999 245 245 244 244 243 243 244 244 244 245 245 247 246 245 247 249 250 252 252 253 253 252 253 254 253 253 256 257 256 256 254 256 257 256 257 259 259 259 258 259 261 261 261 262 263 261 261 260 261 261 259 259 258 256 256 254 254 253 253 251 249 248 248 249 248 248 248 248 248 247 248 247 246 245 244 245 247
-9999 -9999 -9999 -9999 -9999 -9999 -9999 -9999 -9999 -9999 -9999 -9999 -9999 -9999 -9999 245 245 245 245 246 245 245 244 245 245 246 247 247 247 248 250 251 252 252 252 252 254 253 254 255 256 257 257 256 256 258 258 258 259 259 259 259 259 260 260 262 261 261 261 262 262 262 261 262 262 262 260 260 258 257 256 256 254 255 254 254 253 253 252 251 250 250 250 251 249 249 250 249 248 247 247 249
-9999 -9999 -9999 -9999 -9999 -9999 -9999 -9999 -9999 -9999 -9999 -9999 -9999 -9999 -9999 -9999 246 246 246 246 246 246 246 246 246 247 248 250 249 250 253 252 250 252 254 253 254 253 254 256 257 258 257 257 258 259 258 260 260 259 259 260 261 261 262 262 262 263 264 264 264 264 263 263 262 262 261 260 259 258 258 259 257 258 257 257 256 255 255 254 253 253 253 252 252 252 252 252 252 251 249 247
-9999 -9999 -9999 -9999 -9999 -9999 -9999 -9999 -9999 -9999 -9999 -9999 -9999 -9999 -9999 -9999 246 247 246 246 247 247 247 247 247 248 248 250 249 250 254 253 253 255 256 255 254 253 254 256 257 258 257 259 259 258 259 260 260 260 262 263 263 263 264 265 264 265 265 265 264 263 263 263 263 263 262 261 261 261 261 261 261 261 260 260 260 258 257 257 257 256 255 255 254 252 252 251 251 251 247 245
-9999 -9999 -9999 -9999 -9999 -9999 -9999 -9999 -9999 -9999 -9999 -9999 -9999 -9999 -9999 -9999 245 246 247 248 248 247 248 248 248 248 249 250 251 252 254 254 256 256 255 255 255 255 255 256 258 258 258 259 258 259 260 260 261 261 262 263 264 265 265 265 266 266 266 265 265 264 264 264 265 265 264 263 263 264 264 263 262 262 262 262 262 262 261 260 259 258 258 257 257 254 255 253 253 253 251 248
-9999 -9999 -9999 -9999 -9999 -9999 -9999 -9999 -9999 -9999 -9999 -9999 -9999 -9999 -9999 -9999 245 246 246 247 248 248 249 249 249 249 249 249 250 252 255 255 257 257 256 256 256 256 254 254 257 258 258 259 260 261 260 261 262 261 263 264 265 265 266 267 267 268 268 267 267 266 265 265 266 266 266 267 266 266 266 265 264 264 264 264 264 264 264 263 263 261 261 261 260 259 258 257 255 255 256 255
-9999 -9999 -9999 -9999 -9999 -9999 -9999 -9999 -9999 -9999 -9999 -9999 -9999 -9999 -9999 244 245 245 246 247 248 249 249 248 249 249 249 250 251 252 253 254 256 258 257 256 254 254 253 254 255 257 257 258 260 260 262 262 262 263 263 264 265 266 266 267 268 268 269 269 270 269 269 268 268 268 268 269 268 268 267 267 266 266 265 265 265 265 265 265 265 264 264 264 263 263 262 261 259 258 259 259
-9999 -9999 -9999 -9999 -9999 -9999 -9999 -9999 -9999 -9999 -9999 -9999 -9999 -9999 242 243 245 246 247 247 249 250 250 250 249 250 250 250 251 251 252 252 254 255 256 256 255 254 255 255 255 257 258 259 260 261 262 263 264 265 265 266 266 267 268 269 270 270 270 270 271 271 271 271 270 270 270 270 269 267 268 268 268 268 267 267 267 267 267 266 266 266 266 266 265 264 264 263 262 262 262 263
-9999 -9999 -9999 -9999 -9999 -9999 -9999 -9999 -9999 -9999 -9999 -9999 -9999 -9999 242 243 244 246 248 249 250 251 250 251 250 251 251 251 251 252 253 253 253 254 254 254 254 253 255 255 256 257 259 260 261 263 263 265 265 266 266 267 268 269 270 270 271 272 272 273 273 272 272 271 271 271 271 270 270 270 269 270 269 269 269 269 269 269 268 268 268 268 268 267 267 267 267 266 266 266 265 263
-9999 -9999 -9999 -9999 -9999 -9999 -9999 -9999 -9999 -9999 -9999 -9999 -9999 240 241 243 244 246 248 250 251 253 253 252 252 252 251 252 252 253 252 253 253 254 253 253 253 253 254 255 256 258 260 261 262 264 265 266 267 267 268 269 270 270 272 272 272 273 274 274 274 273 272 273 273 272 271 269 269 270 271 271 271 271 271 270 270 270 270 270 270 269 269 269 270 269 269 268 268 267 264 264
-9999 -9999 -9999 -9999 -9999 236 234 233 232 234 234 236 237 239 241 242 244 246 247 250 252 253 254 253 253 252 253 253 252 252 253 254 255 255 254 254 254 254 253 255 256 258 259 261 263 264 265 267 268 268 270 -9999 271 272 272 273 -9999 -9999 274 274 273 273 272 271 272 272 270 268 267 268 270 270 272 272 272 272 272 271 272 271 271 271 271 271 271 271 271 270 270 269 268 267
249 -9999 -9999 240 238 236 233 232 231 233 233 235 237 239 240 241 243 245 246 249 250 252 253 253 253 253 253 253 253 253 254 254 255 254 254 254 254 253 253 254 257 258 260 261 263 264 -9999 268 -9999 -9999 270 -9999 -9999 -9999 -9999 -9999 -9999 -9999 273 274 275 274 273 272 273 273 272 272 270 271 271 271 273 273 274 273 273 273 273 273 273 273 273 272 272 271 271 271 271 270 269 268
250 249 -9999 -9999 -9999 236 232 231 231 232 234 235 236 238 239 241 243 244 246 248 250 251 251 252 252 253 253 253 253 254 255 255 255 255 255 255 255 254 254 -9999 -9999 -9999 -9999 -9999 -9999 -9999 -9999 -9999 -9999 268 269 -9999 -9999 -9999 273 274 275 -9999 276 -9999 -9999 -9999 275 274 274 277 277 276 276 275 275 274 274 274 275 275 275 275 274 274 274 274 274 273 273 272 272 273 273 271 270 270
251 249 247 -9999 -9999 -9999 -9999 -9999 232 233 233 -9999 -9999 237 238 240 -9999 245 245 -9999 -9999 249 251 251 252 253 253 254 254 255 255 255 -9999 -9999 256 -9999 -9999 -9999 -9999 -9999 -9999 -9999 -9999 -9999 -9999 -9999 -9999 -9999 -9999 -9999 -9999 270 -9999 -9999 274 274 -9999 -9999 -9999 276 -9999 -9999 276 276 276 276 276 277 278 278 278 277 276 276 276 276 276 275 274 274 274 274 275 274 274 274 274 274 274 274 273 273
253 249 247 244 -9999 -9999 -9999 -9999 -9999 -9999 -9999 -9999 -9999 -9999 -9999 -9999 -9999 243 -9999 -9999 -9999 249 250 -9999 -9999 253 253 254 -9999 255 -9999 -9999 -9999 -9999 -9999 -9999 -9999 -9999 -9999 -9999 -9999 -9999 262 -9999 -9999 -9999 -9999 -9999 -9999 -9999 -9999 -9999 -9999 -9999 -9999 -9999 275 276 274 275 276 276 274 273 273 273 274 275 276 276 277 278 277 277 276 275 275 275 275 275 276 276 276 276 276 276 276 276 276 276 275 275
255 251 248 -9999 -9999 -9999 -9999 -9999 -9999 -9999 -9999 -9999 -9999 -9999 -9999 -9999 -9999 -9999 -9999 -9999 -9999 -9999 -9999 -9999 -9999 -9999 -9999 -9999 -9999 -9999 -9999 -9999 -9999 -9999 256 255 257 256 258 259 260 260 261 262 262 264 265 268 269 -9999 -9999 -9999 -9999 -9999 -9999 -9999 276 276 277 276 275 274 272 272 272 273 273 274 276 276 277 277 277 277 277 276 276 276 276 277 278 278 278 277 278 278 278 278 278 277 277 276
256 252 -9999 -9999 -9999 -9999 -9999 -9999 -9999 -9999 -9999 -9999 -9999 -9999 -9999 -9999 -9999 -9999 -9999 -9999 -9999 -9999 -9999 -9999 -9999 -9999 -9999 -9999 -9999 -9999 -9999 255 255 255 255 256 256 257 257 258 258 258 259 260 261 263 265 266 267 269 271 270 272 273 274 275 276 277 277 278 276 275 273 273 273 274 275 275 276 277 278 278 278 278 278 279 278 278 279 279 279 279 279 279 279 279 279 279 279 279 279 276
256 253 -9999 -9999 -9999 -9999 -9999 -9999 -9999 -9999 -9999 -9999 -9999 -9999 -9999 -9999 -9999 -9999 -9999 -9999 -9999 -9999 -9999 -9999 -9999 -9999 -9999 -9999 253 253 254 254 255 255 255 255 256 256 257 257 258 259 259 260 260 261 263 265 266 269 270 271 271 273 275 275 276 277 277 277 278 278 277 277 276 276 276 276 277 278 278 279 279 279 279 279 280 280 280 281 281 281 280 280 280 280 280 280 280 277 276 276
258 -9999 -9999 -9999 -9999 -9999 -9999 -9999 -9999 -9999 -9999 -9999 -9999 -9999 -9999 -9999 -9999 -9999 -9999 -9999 -9999 -9999 247 247 248 -9999 251 252 253 253 254 254 254 255 255 255 256 256 257 257 258 259 260 260 261 262 263 265 267 269 271 272 273 274 275 276 276 276 277 277 277 278 278 278 278 278 278 278 279 279 280 280 279 279 280 280 281 281 282 282 281 281 281 281 281 281 280 279 279 276 275 276
-9999 -9999 -9999 -9999 -9999 -9999 -9999 -9999 -9999 -9999 -9999 -9999 -9999 -9999 -9999 -9999 -9999 -9999 -9999 -9999 243 244 245 246 248 249 250 251 252 253 253 254 254 255 255 256 257 257 257 258 259 261 261 262 263 264 265 266 269 271 272 273 275 276 276 276 277 276 276 276 277 278 279 279 279 279 280 280 280 281 280 281 281 281 281 281 282 282 283 282 283 282 281 282 282 283 282 281 279 277 277 278
-9999 -9999 -9999 -9999 -9999 -9999 -9999 -9999 -9999 -9999 -9999 -9999 -9999 -9999 -9999 -9999 -9999 -9999 -9999 -9999 -9999 -9999 246 246 248 249 250 251 253 253 254 255 256 257 257 257 257 258 259 260 261 262 262 264 264 265 267 267 270 271 273 274 276 276 277 277 276 277 278 278 278 278 280 281 280 279 280 281 281 281 281 281 282 282 282 283 283 283 284 284 284 284 284 284 283 282 283 284 284 281 280 280
-9999 -9999 -9999 -9999 -9999 -9999 -9999 -9999 -9999 -9999 -9999 -9999 -9999 -9999 -9999 -9999 -9999 -9999 -9999 241 243 244 244 246 248 249 250 251 252 253 253 254 255 256 258 258 258 260 261 261 262 262 264 265 266 268 268 270 270 271 273 275 276 278 278 277 278 278 278 279 279 278 279 280 281 280 280 282 282 282 282 283 283 283 284 284 285 285 285 285 286 286 286 285 282 280 281 284 286 285 284 282
-9999 -9999 -9999 245 -9999 -9999 -9999 -9999 -9999 -9999 -9999 -9999 -9999 -9999 -9999 -9999 -9999 -9999 241 241 242 243 244 246 247 249 250 251 -9999 -9999 254 254 255 257 258 259 260 260 262 262 262 262 264 266 268 269 270 271 272 273 274 275 277 278 279 279 279 279 278 277 278 278 278 281 281 281 282 282 283 284 284 284 284 285 286 287 287 287 287 286 286 287 288 286 284 282 283 284 286 287 288 287
