resultados/variables_proyeccion_tiempo/variables_paleo_130k/bio5.asc
ncols 330
nrows 228
xllcorner -12.000000
yllcorner 34.000000
cellsize 0.166667
NODATA_value -9999
[rows 82 to 122 of 228, columns 92 to 183 of 330]
-9999 -9999 -9999 -9999 -9999 -9999 -9999 -9999 -9999 -9999 -9999 -9999 -9999 -9999 -9999 -9999 -9999 197 191 194 197 192 192 194 198 201 202 207 211 216 220 225 -9999 -9999 -9999 -9999 -9999 -9999 -9999 -9999 -9999 -9999 -9999 -9999 -9999 -9999 -9999 241 242 242 245 246 247 251 252 254 255 256 257 257 257 256 257 262 263 266 270 270 270 271 272 273 274 275 275 275 275 276 276 276 276 277 275 -9999 -9999 -9999 -9999 -9999 -9999 -9999 -9999 -9999
-9999 -9999 -9999 -9999 -9999 -9999 -9999 -9999 -9999 -9999 -9999 -9999 -9999 -9999 -9999 -9999 -9999 -9999 -9999 201 199 200 203 201 203 207 208 212 216 218 -9999 -9999 -9999 -9999 -9999 -9999 -9999 -9999 -9999 -9999 -9999 -9999 -9999 -9999 -9999 -9999 -9999 -9999 241 243 246 247 249 252 251 253 254 255 255 255 255 255 256 258 259 268 270 266 267 269 271 271 271 273 275 273 274 275 277 277 277 277 -9999 -9999 -9999 -9999 -9999 -9999 -9999 -9999 -9999 -9999
-9999 -9999 -9999 -9999 -9999 -9999 -9999 -9999 -9999 -9999 -9999 -9999 -9999 -9999 -9999 -9999 -9999 -9999 -9999 -9999 -9999 -9999 206 -9999 211 211 -9999 -9999 -9999 -9999 -9999 -9999 -9999 -9999 -9999 -9999 -9999 -9999 -9999 -9999 -9999 -9999 -9999 -9999 -9999 -9999 -9999 -9999 -9999 243 247 249 251 251 253 252 250 252 252 252 254 253 254 256 263 268 263 263 266 266 268 271 271 271 274 274 273 275 277 278 277 -9999 -9999 -9999 -9999 -9999 -9999 -9999 -9999 -9999 -9999 252
-9999 -9999 -9999 -9999 -9999 -9999 -9999 -9999 -9999 -9999 -9999 -9999 -9999 -9999 -9999 -9999 -9999 -9999 -9999 -9999 -9999 -9999 -9999 -9999 -9999 -9999 -9999 -9999 -9999 -9999 -9999 -9999 -9999 -9999 -9999 -9999 -9999 -9999 -9999 -9999 -9999 -9999 234 233 -9999 -9999 -9999 -9999 -9999 244 246 251 252 252 251 251 250 251 250 251 253 251 253 257 261 264 262 262 264 266 266 267 269 271 273 272 274 275 276 276 276 -9999 -9999 -9999 -9999 -9999 -9999 -9999 -9999 -9999 252 252
-9999 -9999 -9999 -9999 -9999 -9999 -9999 -9999 -9999 -9999 -9999 -9999 -9999 -9999 -9999 -9999 -9999 -9999 -9999 -9999 -9999 -9999 -9999 -9999 -9999 -9999 -9999 -9999 -9999 -9999 -9999 -9999 -9999 -9999 -9999 -9999 -9999 -9999 -9999 235 235 235 235 234 -9999 -9999 -9999 -9999 -9999 -9999 247 251 252 251 254 253 254 254 254 256 256 256 257 257 260 262 260 260 264 268 269 268 270 270 272 273 274 275 276 277 276 -9999 -9999 -9999 -9999 -9999 -9999 -9999 256 254 252 252
-9999 -9999 -9999 -9999 -9999 -9999 -9999 -9999 -9999 -9999 -9999 -9999 -9999 -9999 -9999 -9999 -9999 -9999 -9999 -9999 -9999 -9999 -9999 -9999 -9999 -9999 -9999 -9999 -9999 -9999 -9999 -9999 -9999 -9999 -9999 -9999 -9999 -9999 237 237 236 235 235 237 -9999 -9999 -9999 -9999 -9999 -9999 -9999 252 254 254 254 256 254 253 255 256 255 258 258 259 262 264 264 265 267 268 270 270 271 272 273 273 273 275 276 276 275 -9999 272 -9999 -9999 -9999 -9999 -9999 257 255 252 251
-9999 -9999 -9999 -9999 -9999 -9999 -9999 -9999 -9999 -9999 -9999 -9999 -9999 -9999 -9999 -9999 -9999 -9999 -9999 -9999 -9999 -9999 -9999 -9999 -9999 -9999 -9999 -9999 -9999 -9999 -9999 -9999 -9999 -9999 -9999 -9999 236 238 239 239 238 237 238 239 -9999 241 241 243 -9999 -9999 -9999 -9999 255 255 255 255 254 255 257 257 258 260 261 263 265 265 266 267 268 268 267 267 269 271 272 274 274 275 276 277 -9999 272 272 -9999 -9999 -9999 -9999 260 258 256 254 253
-9999 -9999 -9999 -9999 -9999 -9999 -9999 -9999 -9999 -9999 -9999 -9999 -9999 -9999 -9999 -9999 -9999 -9999 -9999 -9999 -9999 -9999 -9999 -9999 -9999 -9999 -9999 -9999 -9999 -9999 225 226 229 231 233 234 236 238 241 242 241 241 241 -9999 -9999 -9999 -9999 -9999 -9999 -9999 -9999 -9999 -9999 257 257 256 256 256 257 259 259 260 263 263 266 266 266 268 271 271 270 266 268 269 270 272 274 275 276 276 273 273 272 -9999 -9999 -9999 -9999 -9999 258 257 256 -9999
-9999 -9999 -9999 -9999 -9999 -9999 -9999 -9999 -9999 -9999 -9999 -9999 -9999 -9999 -9999 -9999 -9999 -9999 -9999 -9999 -9999 -9999 -9999 -9999 -9999 -9999 -9999 -9999 -9999 222 225 227 230 232 234 235 236 237 238 240 242 243 242 -9999 -9999 -9999 -9999 -9999 -9999 -9999 -9999 -9999 -9999 -9999 258 259 258 257 258 258 259 261 262 264 265 266 268 271 272 272 270 267 267 268 270 272 273 274 276 273 273 273 -9999 -9999 -9999 -9999 -9999 -9999 258 257 257 -9999
-9999 -9999 -9999 -9999 -9999 -9999 -9999 -9999 -9999 -9999 -9999 -9999 -9999 -9999 -9999 -9999 -9999 -9999 -9999 -9999 -9999 -9999 -9999 -9999 -9999 -9999 -9999 -9999 -9999 223 226 229 231 233 235 236 236 237 238 240 243 244 246 -9999 -9999 -9999 -9999 -9999 -9999 254 -9999 -9999 -9999 -9999 -9999 259 260 261 259 258 259 260 263 264 266 267 267 270 272 272 271 270 268 268 269 272 274 275 276 272 273 274 -9999 -9999 -9999 -9999 -9999 -9999 -9999 -9999 -9999 -9999
-9999 -9999 -9999 -9999 -9999 -9999 -9999 -9999 -9999 -9999 -9999 -9999 -9999 -9999 -9999 -9999 -9999 -9999 -9999 -9999 -9999 -9999 -9999 -9999 -9999 -9999 -9999 -9999 219 221 225 229 232 234 237 238 237 238 240 241 243 246 247 247 245 243 -9999 -9999 -9999 -9999 -9999 -9999 -9999 -9999 -9999 -9999 262 263 262 260 260 260 262 264 264 266 266 268 270 270 269 269 269 269 270 272 274 276 273 273 274 -9999 -9999 -9999 -9999 -9999 -9999 -9999 -9999 -9999 -9999 -9999
-9999 -9999 -9999 -9999 -9999 -9999 -9999 -9999 -9999 -9999 -9999 -9999 -9999 -9999 -9999 -9999 -9999 -9999 -9999 -9999 -9999 -9999 -9999 -9999 -9999 -9999 -9999 -9999 220 222 225 228 232 235 237 238 238 239 240 242 244 247 249 249 246 244 -9999 -9999 -9999 -9999 -9999 -9999 -9999 -9999 -9999 258 257 258 261 261 261 262 263 265 265 265 266 266 268 269 270 270 270 269 269 272 275 276 273 273 -9999 -9999 -9999 -9999 -9999 -9999 -9999 -9999 -9999 -9999 -9999 -9999
-9999 -9999 -9999 -9999 -9999 -9999 -9999 -9999 -9999 -9999 -9999 -9999 -9999 -9999 -9999 -9999 -9999 -9999 -9999 -9999 -9999 -9999 -9999 -9999 -9999 -9999 -9999 -9999 220 222 224 227 231 235 238 238 238 239 240 241 244 247 250 251 249 245 -9999 -9999 -9999 -9999 252 -9999 -9999 -9999 254 258 261 262 261 261 261 262 265 266 268 266 266 268 269 270 271 271 272 271 271 272 275 -9999 274 274 -9999 -9999 -9999 -9999 -9999 -9999 -9999 -9999 -9999 -9999 -9999 -9999
-9999 -9999 -9999 -9999 -9999 -9999 -9999 -9999 -9999 -9999 -9999 -9999 -9999 -9999 -9999 -9999 -9999 -9999 -9999 -9999 -9999 -9999 -9999 -9999 -9999 -9999 -9999 -9999 220 222 224 227 231 234 237 237 236 238 240 241 244 248 252 251 251 -9999 -9999 -9999 -9999 -9999 -9999 255 255 254 256 259 262 263 261 263 262 262 263 265 268 268 269 268 270 271 272 273 273 273 273 273 -9999 -9999 -9999 -9999 -9999 -9999 -9999 -9999 -9999 -9999 -9999 -9999 -9999 -9999 -9999 -9999
-9999 -9999 -9999 -9999 -9999 -9999 -9999 -9999 -9999 -9999 -9999 -9999 -9999 -9999 -9999 -9999 -9999 -9999 -9999 -9999 -9999 -9999 -9999 -9999 -9999 -9999 -9999 -9999 222 224 226 229 232 235 236 236 236 238 240 241 245 249 252 253 251 -9999 244 245 247 250 252 255 258 260 262 264 264 264 263 262 263 262 260 262 266 268 269 -9999 268 -9999 -9999 -9999 -9999 -9999 -9999 -9999 -9999 -9999 -9999 -9999 -9999 -9999 -9999 -9999 -9999 -9999 -9999 -9999 -9999 -9999 -9999 -9999
-9999 -9999 -9999 -9999 -9999 -9999 -9999 -9999 -9999 -9999 -9999 -9999 -9999 -9999 -9999 -9999 -9999 -9999 -9999 -9999 -9999 -9999 -9999 -9999 -9999 -9999 -9999 -9999 225 226 227 230 233 234 235 235 237 238 240 243 247 252 -9999 252 -9999 241 243 245 247 250 253 257 261 266 270 271 268 267 266 265 264 263 261 259 261 265 -9999 -9999 -9999 -9999 -9999 -9999 -9999 -9999 -9999 -9999 -9999 -9999 -9999 -9999 -9999 -9999 -9999 -9999 -9999 -9999 -9999 -9999 -9999 -9999 -9999 -9999
-9999 -9999 -9999 -9999 -9999 -9999 -9999 -9999 -9999 -9999 -9999 -9999 -9999 -9999 -9999 -9999 -9999 -9999 -9999 -9999 -9999 -9999 -9999 -9999 -9999 -9999 -9999 -9999 226 228 231 232 234 235 235 237 238 240 243 246 248 251 253 250 248 242 244 245 246 249 251 255 260 266 272 270 268 267 266 266 264 264 265 263 262 263 265 -9999 -9999 -9999 -9999 -9999 -9999 -9999 -9999 -9999 -9999 -9999 -9999 -9999 -9999 -9999 -9999 -9999 -9999 -9999 -9999 -9999 -9999 -9999 -9999 -9999
-9999 -9999 -9999 -9999 -9999 -9999 -9999 -9999 -9999 -9999 -9999 -9999 -9999 -9999 -9999 -9999 -9999 -9999 -9999 -9999 -9999 -9999 -9999 -9999 -9999 -9999 -9999 -9999 -9999 232 236 235 236 236 236 238 239 241 244 245 246 250 252 250 248 -9999 246 246 246 249 252 255 259 263 265 -9999 268 267 267 266 266 266 266 266 265 264 -9999 -9999 -9999 -9999 -9999 -9999 -9999 -9999 -9999 -9999 -9999 -9999 -9999 -9999 -9999 -9999 -9999 -9999 -9999 -9999 -9999 -9999 -9999 -9999 -9999 -9999
-9999 -9999 -9999 -9999 -9999 -9999 -9999 -9999 -9999 -9999 -9999 -9999 -9999 -9999 -9999 -9999 -9999 -9999 -9999 -9999 -9999 -9999 -9999 -9999 -9999 -9999 -9999 -9999 -9999 -9999 234 235 236 236 237 239 240 242 244 245 245 247 248 246 247 248 246 247 248 250 252 253 257 262 264 -9999 -9999 -9999 -9999 -9999 -9999 -9999 -9999 -9999 -9999 -9999 -9999 -9999 255 255 259 -9999 -9999 -9999 -9999 -9999 -9999 -9999 -9999 -9999 -9999 -9999 -9999 -9999 -9999 -9999 -9999 -9999 -9999 -9999 -9999 -9999
-9999 -9999 -9999 -9999 -9999 -9999 -9999 -9999 -9999 -9999 -9999 -9999 -9999 -9999 -9999 -9999 -9999 -9999 -9999 -9999 -9999 -9999 -9999 -9999 -9999 -9999 -9999 -9999 -9999 -9999 233 234 236 237 238 238 240 242 243 243 245 246 247 247 247 249 248 248 250 251 253 253 255 259 261 260 -9999 -9999 -9999 -9999 -9999 -9999 -9999 -9999 -9999 -9999 -9999 -9999 257 256 259 -9999 -9999 -9999 -9999 -9999 -9999 -9999 -9999 -9999 -9999 -9999 -9999 -9999 -9999 -9999 -9999 -9999 -9999 -9999 -9999 -9999
-9999 -9999 -9999 -9999 -9999 -9999 -9999 -9999 -9999 -9999 -9999 -9999 -9999 -9999 -9999 -9999 -9999 -9999 -9999 -9999 -9999 -9999 -9999 -9999 -9999 -9999 -9999 -9999 -9999 237 237 237 237 238 239 241 242 243 244 243 243 247 249 250 250 250 250 250 251 252 252 252 254 257 261 260 -9999 -9999 -9999 -9999 -9999 -9999 -9999 -9999 -9999 -9999 -9999 -9999 -9999 -9999 -9999 -9999 -9999 -9999 -9999 -9999 -9999 -9999 -9999 -9999 -9999 -9999 -9999 -9999 -9999 -9999 -9999 -9999 -9999 266 -9999 -9999
-9999 -9999 -9999 -9999 -9999 -9999 -9999 -9999 -9999 -9999 -9999 -9999 -9999 -9999 -9999 -9999 -9999 -9999 -9999 -9999 -9999 -9999 -9999 -9999 -9999 -9999 -9999 -9999 -9999 237 238 239 239 240 242 244 245 247 247 247 249 -9999 249 251 252 252 252 252 253 253 253 253 254 -9999 -9999 -9999 -9999 -9999 -9999 272 272 -9999 -9999 -9999 -9999 -9999 -9999 -9999 -9999 -9999 -9999 -9999 -9999 -9999 -9999 -9999 -9999 -9999 -9999 -9999 -9999 -9999 284 280 275 271 268 267 266 264 265 267
-9999 -9999 -9999 -9999 -9999 -9999 -9999 -9999 -9999 -9999 -9999 -9999 -9999 -9999 -9999 -9999 -9999 -9999 -9999 -9999 -9999 -9999 -9999 -9999 -9999 -9999 -9999 -9999 -9999 238 240 242 243 244 246 249 253 254 253 251 252 -9999 -9999 -9999 -9999 -9999 257 257 255 254 254 255 -9999 -9999 -9999 -9999 -9999 -9999 272 273 274 271 271 -9999 -9999 -9999 -9999 -9999 -9999 -9999 -9999 -9999 -9999 -9999 -9999 -9999 -9999 -9999 283 285 289 290 285 279 275 273 271 266 263 259 261 264
-9999 -9999 -9999 -9999 -9999 -9999 -9999 -9999 -9999 -9999 -9999 -9999 -9999 -9999 -9999 -9999 -9999 -9999 -9999 -9999 -9999 -9999 -9999 -9999 -9999 -9999 -9999 -9999 -9999 -9999 242 246 247 248 251 254 258 259 257 256 256 258 258 259 -9999 260 258 258 -9999 -9999 -9999 -9999 -9999 -9999 267 269 271 272 274 275 275 276 278 -9999 -9999 -9999 -9999 -9999 -9999 -9999 -9999 -9999 -9999 -9999 -9999 -9999 -9999 277 280 283 287 287 284 279 276 272 268 262 258 254 253 255
-9999 -9999 -9999 -9999 -9999 -9999 -9999 -9999 -9999 -9999 -9999 -9999 -9999 -9999 -9999 -9999 -9999 -9999 -9999 -9999 -9999 -9999 -9999 -9999 -9999 -9999 -9999 -9999 -9999 -9999 -9999 247 249 252 254 256 260 261 261 259 258 260 260 260 260 263 264 -9999 -9999 -9999 -9999 268 268 269 270 271 272 273 275 276 277 278 281 -9999 -9999 -9999 -9999 -9999 -9999 -9999 -9999 -9999 -9999 297 289 281 273 273 277 280 284 284 281 279 276 272 267 262 259 254 253 257
-9999 -9999 -9999 -9999 -9999 -9999 -9999 -9999 -9999 -9999 -9999 -9999 -9999 -9999 -9999 -9999 -9999 -9999 -9999 -9999 -9999 -9999 -9999 -9999 -9999 -9999 -9999 -9999 -9999 -9999 -9999 -9999 253 256 257 259 260 262 262 263 263 264 266 266 267 267 270 271 270 268 266 267 270 270 271 273 275 276 276 277 278 281 284 287 290 -9999 -9999 290 289 289 290 292 294 294 289 282 275 274 276 278 279 281 279 277 275 272 269 267 263 260 259 261
-9999 -9999 -9999 -9999 -9999 -9999 -9999 -9999 -9999 -9999 -9999 -9999 -9999 -9999 -9999 -9999 -9999 -9999 -9999 -9999 -9999 -9999 -9999 -9999 -9999 -9999 -9999 -9999 -9999 -9999 250 256 258 258 259 261 263 265 267 268 268 270 272 275 277 275 273 272 272 271 269 271 273 273 274 275 277 278 279 280 281 283 286 290 293 295 292 290 290 290 289 290 290 289 286 282 278 278 276 278 279 279 279 279 278 276 273 271 268 266 266 267
-9999 -9999 -9999 -9999 -9999 -9999 -9999 -9999 -9999 -9999 -9999 -9999 -9999 -9999 -9999 -9999 -9999 -9999 -9999 -9999 -9999 233 232 232 234 236 238 241 244 248 256 257 259 260 261 263 265 268 270 271 273 275 277 280 280 278 276 274 274 274 274 275 276 276 276 278 279 278 278 281 284 286 289 291 293 295 293 292 290 290 289 289 287 286 284 280 277 278 279 281 282 282 281 280 279 278 277 275 273 271 271 272
-9999 -9999 -9999 -9999 -9999 -9999 -9999 -9999 -9999 -9999 -9999 -9999 -9999 -9999 -9999 -9999 -9999 233 235 235 234 234 237 236 238 239 240 243 247 253 257 260 261 261 261 263 266 270 273 275 278 278 280 282 282 281 279 278 277 277 277 276 277 277 278 278 280 279 280 282 283 285 288 291 294 294 292 291 291 290 289 288 286 286 284 282 280 279 281 282 282 283 282 281 281 280 280 278 276 276 276 277
-9999 -9999 -9999 -9999 -9999 -9999 -9999 -9999 -9999 -9999 229 230 230 231 232 234 235 236 238 239 240 242 242 243 244 244 245 247 251 256 259 261 262 263 263 264 267 271 274 276 281 284 284 285 285 284 282 282 281 281 279 279 280 279 279 281 281 281 282 283 283 284 288 292 292 293 291 291 291 292 291 291 288 286 286 284 282 282 283 284 284 284 283 283 283 283 281 282 280 280 282 283
-9999 -9999 -9999 -9999 -9999 -9999 -9999 -9999 -9999 230 230 -9999 234 235 235 237 238 239 240 242 244 246 250 252 250 249 250 252 254 258 261 263 263 266 266 267 270 273 275 277 280 284 286 286 285 286 286 284 284 283 283 281 282 281 282 283 284 284 285 285 286 288 291 292 293 294 294 292 293 295 295 294 293 290 289 288 287 285 284 284 286 286 286 286 285 284 283 284 283 285 284 284
-9999 -9999 -9999 -9999 -9999 -9999 -9999 -9999 231 232 -9999 -9999 236 237 239 240 241 242 244 246 247 250 252 254 253 253 253 255 257 260 262 264 267 268 269 270 272 275 276 278 280 281 284 285 284 283 287 287 286 286 286 285 284 284 286 286 286 287 288 289 291 291 292 294 295 297 295 294 294 295 296 296 295 293 292 290 290 287 287 288 287 287 288 288 288 287 288 288 288 288 289 288
-9999 -9999 -9999 -9999 -9999 -9999 -9999 -9999 234 236 237 -9999 240 241 242 243 244 246 247 248 250 252 254 255 255 254 255 257 258 260 262 263 266 268 270 271 273 275 277 279 281 281 283 285 284 285 287 287 287 288 288 289 288 288 289 290 291 292 292 293 294 294 294 295 297 296 297 296 297 298 298 298 297 296 294 294 293 291 290 288 287 287 287 287 287 287 288 289 289 290 291 292
-9999 -9999 -9999 -9999 -9999 -9999 -9999 238 237 239 240 243 -9999 245 246 247 248 249 250 251 253 254 255 256 257 257 257 259 260 261 262 263 265 267 270 273 275 277 278 280 281 281 281 282 284 285 287 287 288 289 289 290 291 291 292 293 294 295 296 296 296 296 296 294 299 301 300 300 300 300 301 303 301 300 297 295 293 292 290 290 289 288 288 288 288 288 289 289 291 292 293 294
-9999 -9999 -9999 -9999 -9999 -9999 -9999 240 241 243 244 244 249 249 249 250 251 252 253 254 255 256 257 258 259 259 258 261 261 261 262 265 267 269 270 273 274 276 278 280 282 282 283 284 283 285 286 285 288 288 290 291 292 293 294 295 296 298 299 299 299 298 297 296 298 301 304 304 304 304 304 302 301 299 297 295 293 291 290 290 289 288 288 288 287 288 288 290 292 293 295 296
-9999 -9999 -9999 -9999 -9999 -9999 -9999 244 245 247 248 250 251 251 252 252 254 255 256 257 257 257 259 260 261 262 263 263 263 264 264 266 268 270 271 272 275 275 277 278 280 281 282 283 283 285 286 287 287 287 290 292 293 294 295 297 298 300 301 301 301 300 300 300 299 300 301 305 302 300 298 295 297 298 296 295 292 291 290 289 289 289 288 288 288 289 291 292 293 295 298 299
-9999 -9999 -9999 -9999 -9999 -9999 246 247 249 250 252 253 254 254 253 253 257 258 259 260 260 259 261 261 263 264 263 265 264 264 264 265 267 269 270 266 267 271 276 277 278 279 280 282 278 281 282 283 287 290 292 292 292 293 294 296 298 299 301 302 301 300 300 300 298 301 301 304 303 300 298 296 296 295 296 295 294 291 292 291 290 290 290 290 290 291 292 294 295 297 300 301
-9999 -9999 -9999 -9999 248 248 249 250 252 254 256 256 256 256 256 255 259 261 262 263 263 263 263 262 264 266 268 268 267 266 264 267 266 264 263 268 272 268 273 271 274 275 277 281 281 283 285 284 287 290 292 292 292 291 289 292 295 298 299 300 299 299 299 299 299 300 299 298 302 301 299 298 297 296 295 296 295 293 293 292 291 290 290 291 290 291 293 293 295 296 297 300
-9999 -9999 -9999 249 248 250 252 253 255 256 258 258 258 258 259 261 262 264 266 267 267 266 266 264 265 267 269 270 270 270 270 267 265 263 267 266 268 267 266 269 270 263 263 269 278 280 284 286 287 290 292 293 294 294 293 293 294 296 297 296 296 297 299 299 299 299 298 299 300 298 297 295 294 293 295 295 295 294 291 290 290 289 288 288 288 288 290 293 294 295 296 298
-9999 -9999 247 250 251 253 255 256 257 258 259 259 260 260 261 262 264 267 270 271 271 270 270 270 270 270 270 271 269 271 272 271 269 259 266 268 269 260 266 273 270 263 248 241 256 265 275 281 285 287 292 293 293 294 294 293 295 296 297 297 295 294 296 296 297 297 297 297 296 295 293 293 291 292 294 295 295 293 293 292 290 289 287 288 288 287 289 292 294 295 296 297
246 247 250 252 254 256 258 259 260 260 260 259 259 261 263 265 268 270 272 275 276 275 274 273 273 272 271 271 270 268 265 264 261 260 268 270 273 270 268 271 268 273 267 266 267 264 265 271 277 284 287 290 292 293 294 293 293 295 296 296 294 294 293 293 294 293 293 292 291 290 288 290 290 290 290 291 291 294 293 291 290 289 289 288 288 290 291 291 294 295 294 296
