resultados/variables_proyeccion_tiempo/variables_paleo_130k/bio5.asc
ncols 330
nrows 228
xllcorner -12.000000
yllcorner 34.000000
cellsize 0.166667
NODATA_value -9999
[rows 164 to 204 of 228, columns 0 to 91 of 330]
-9999 -9999 -9999 -9999 -9999 -9999 -9999 -9999 -9999 -9999 -9999 -9999 -9999 -9999 -9999 -9999 -9999 -9999 -9999 -9999 -9999 -9999 -9999 -9999 -9999 -9999 -9999 -9999 -9999 -9999 -9999 -9999 -9999 -9999 -9999 -9999 -9999 -9999 -9999 -9999 -9999 -9999 -9999 -9999 -9999 -9999 -9999 -9999 -9999 -9999 -9999 -9999 -9999 -9999 -9999 -9999 -9999 -9999 -9999 -9999 -9999 -9999 -9999 -9999 280 285 289 291 295 299 301 303 305 306 308 309 310 309 310 311 311 310 313 316 318 317 315 312 306 285 263 280
-9999 -9999 -9999 -9999 -9999 -9999 -9999 -9999 -9999 -9999 -9999 -9999 -9999 -9999 -9999 -9999 -9999 -9999 -9999 -9999 -9999 -9999 -9999 -9999 -9999 -9999 -9999 -9999 -9999 -9999 -9999 -9999 -9999 -9999 -9999 -9999 -9999 -9999 -9999 -9999 -9999 -9999 -9999 -9999 -9999 -9999 -9999 -9999 -9999 -9999 -9999 -9999 -9999 -9999 -9999 -9999 -9999 -9999 -9999 -9999 -9999 -9999 -9999 -9999 281 285 289 293 296 300 301 302 305 309 310 311 312 313 312 313 315 316 316 316 314 311 313 313 310 312 304 298
-9999 -9999 -9999 -9999 -9999 -9999 -9999 -9999 -9999 -9999 -9999 -9999 -9999 -9999 -9999 -9999 -9999 -9999 -9999 -9999 -9999 -9999 -9999 -9999 -9999 -9999 -9999 -9999 -9999 -9999 -9999 -9999 -9999 -9999 -9999 -9999 -9999 -9999 -9999 -9999 -9999 -9999 -9999 -9999 -9999 -9999 -9999 -9999 -9999 -9999 -9999 -9999 -9999 -9999 -9999 -9999 -9999 -9999 -9999 -9999 -9999 -9999 -9999 -9999 281 285 290 294 297 300 302 302 305 308 310 311 311 313 314 316 318 319 316 317 314 310 309 309 302 298 309 300
-9999 -9999 -9999 -9999 -9999 -9999 -9999 -9999 -9999 -9999 -9999 -9999 -9999 -9999 -9999 -9999 -9999 -9999 -9999 -9999 -9999 -9999 -9999 -9999 -9999 -9999 -9999 -9999 -9999 -9999 -9999 -9999 -9999 -9999 -9999 -9999 -9999 -9999 -9999 -9999 -9999 -9999 -9999 -9999 -9999 -9999 -9999 -9999 -9999 -9999 -9999 -9999 -9999 -9999 -9999 -9999 -9999 -9999 -9999 -9999 -9999 -9999 -9999 278 281 285 290 295 300 303 303 303 305 308 310 311 314 317 319 321 322 323 318 322 321 320 318 314 311 318 317 307
-9999 -9999 -9999 -9999 -9999 -9999 -9999 -9999 -9999 -9999 -9999 -9999 -9999 -9999 -9999 -9999 -9999 -9999 -9999 -9999 -9999 -9999 -9999 -9999 -9999 -9999 -9999 -9999 -9999 -9999 -9999 -9999 -9999 -9999 -9999 -9999 -9999 -9999 -9999 -9999 -9999 -9999 -9999 -9999 -9999 -9999 -9999 -9999 -9999 -9999 -9999 -9999 -9999 -9999 -9999 -9999 -9999 -9999 -9999 -9999 -9999 -9999 -9999 278 281 285 291 298 303 306 305 304 305 307 309 311 313 313 317 321 323 322 323 326 327 326 320 320 327 323 315 308
-9999 -9999 -9999 -9999 -9999 -9999 -9999 -9999 -9999 -9999 -9999 -9999 -9999 -9999 -9999 -9999 -9999 -9999 -9999 -9999 -9999 -9999 -9999 241 241 245 249 254 -9999 -9999 -9999 -9999 -9999 -9999 -9999 -9999 -9999 -9999 -9999 -9999 -9999 -9999 -9999 -9999 -9999 -9999 -9999 -9999 -9999 -9999 -9999 -9999 -9999 -9999 -9999 -9999 -9999 -9999 -9999 -9999 -9999 -9999 -9999 278 282 288 294 298 302 303 304 304 304 306 308 310 312 315 314 320 322 323 326 326 326 324 315 307 304 309 317 320
-9999 -9999 -9999 -9999 -9999 -9999 -9999 -9999 -9999 -9999 -9999 -9999 -9999 -9999 -9999 -9999 -9999 -9999 -9999 -9999 -9999 -9999 242 243 242 240 244 252 259 263 265 265 264 263 261 261 260 259 258 260 261 -9999 -9999 -9999 -9999 -9999 -9999 -9999 -9999 -9999 250 -9999 -9999 -9999 -9999 -9999 -9999 -9999 -9999 -9999 -9999 -9999 277 279 285 290 294 297 299 299 299 301 304 304 307 309 312 315 316 319 322 323 324 325 328 328 315 302 300 309 327 331
-9999 -9999 -9999 -9999 -9999 -9999 -9999 -9999 -9999 -9999 -9999 -9999 -9999 -9999 -9999 -9999 -9999 -9999 238 241 -9999 242 244 242 241 241 239 248 257 260 254 260 259 260 262 265 263 263 261 263 264 266 264 261 265 266 262 259 255 253 251 253 253 256 255 255 259 266 -9999 -9999 272 278 278 281 286 292 294 296 297 295 293 294 301 302 306 308 311 314 315 320 321 323 324 325 317 306 308 313 321 330 339 339
-9999 -9999 -9999 -9999 -9999 -9999 -9999 -9999 -9999 -9999 -9999 -9999 -9999 -9999 -9999 -9999 238 239 239 241 242 245 249 246 244 248 252 255 257 254 261 255 261 264 262 264 264 269 267 267 262 262 247 249 261 262 261 260 258 252 249 254 254 257 259 262 262 266 270 273 275 275 278 278 286 291 294 294 294 294 294 289 295 299 300 304 308 311 316 318 320 322 322 324 329 329 332 336 339 341 342 341
-9999 -9999 -9999 -9999 -9999 -9999 -9999 -9999 -9999 -9999 -9999 -9999 -9999 -9999 -9999 -9999 238 237 238 241 246 252 252 248 246 252 258 259 257 259 265 256 261 249 248 248 260 266 260 252 255 256 245 246 259 248 254 259 258 254 252 256 260 263 265 263 269 272 275 276 273 276 277 273 274 267 282 280 274 271 273 280 280 287 290 298 305 310 311 311 315 317 319 320 322 325 320 328 334 338 341 -9999
-9999 -9999 -9999 -9999 -9999 -9999 -9999 -9999 -9999 -9999 -9999 -9999 -9999 -9999 -9999 -9999 238 236 239 246 253 259 258 254 251 254 263 268 263 269 262 251 253 251 250 250 259 261 266 264 269 265 262 249 256 259 261 265 265 265 266 267 265 267 269 274 277 275 277 277 278 290 287 278 269 262 253 230 245 228 219 242 216 230 255 269 271 270 285 296 280 298 293 304 306 316 309 316 327 334 342 -9999
-9999 -9999 -9999 -9999 -9999 -9999 -9999 -9999 -9999 -9999 -9999 -9999 -9999 -9999 -9999 -9999 -9999 240 242 246 254 258 258 254 253 261 265 270 260 260 257 269 279 266 264 271 283 287 293 291 288 284 280 276 277 277 277 274 273 273 270 276 276 279 284 285 283 284 284 288 294 303 301 297 292 281 273 256 232 212 204 199 200 215 215 234 244 219 224 244 240 258 263 259 271 281 304 326 336 342 341 -9999
-9999 -9999 -9999 -9999 -9999 -9999 -9999 -9999 -9999 -9999 -9999 -9999 -9999 -9999 -9999 -9999 -9999 241 241 247 250 251 249 253 253 269 276 281 269 260 276 295 298 288 282 293 300 305 309 306 302 298 293 291 291 290 288 285 282 280 282 285 286 289 296 296 297 300 306 310 315 315 304 305 307 294 291 283 273 263 251 245 245 237 223 214 215 205 234 247 214 222 217 216 239 263 290 305 330 337 335 -9999
-9999 -9999 -9999 -9999 -9999 -9999 -9999 -9999 -9999 -9999 -9999 -9999 -9999 -9999 -9999 -9999 -9999 243 245 246 252 248 256 272 278 277 278 277 283 281 286 282 271 265 288 302 310 314 316 314 310 309 305 304 303 302 300 297 293 292 289 287 290 292 300 308 309 318 321 323 324 325 323 319 307 296 285 291 283 281 270 269 291 285 273 258 268 246 260 250 268 243 246 265 233 228 254 293 311 320 323 331
-9999 -9999 -9999 -9999 -9999 -9999 -9999 -9999 -9999 -9999 -9999 -9999 -9999 -9999 -9999 -9999 -9999 -9999 247 249 257 261 262 284 284 281 270 253 259 278 258 249 266 272 290 307 314 318 320 318 318 317 315 313 313 312 309 304 303 301 296 287 278 278 283 297 299 300 308 323 330 333 330 329 324 317 307 310 300 288 281 284 297 306 304 294 295 297 277 275 284 250 256 268 275 278 298 309 319 329 331 323
-9999 -9999 -9999 -9999 -9999 -9999 -9999 -9999 -9999 -9999 -9999 -9999 -9999 -9999 -9999 -9999 -9999 -9999 243 250 265 274 267 253 267 277 277 270 271 272 256 267 288 294 305 313 318 321 323 323 323 322 322 323 322 317 315 312 310 307 302 300 296 285 284 281 286 292 301 313 326 335 337 332 334 331 324 326 320 319 313 318 323 322 311 311 304 314 301 304 295 290 286 304 299 301 295 310 321 327 328 325
-9999 -9999 -9999 -9999 -9999 -9999 -9999 -9999 -9999 -9999 -9999 -9999 -9999 -9999 -9999 -9999 -9999 -9999 247 254 257 268 257 266 253 256 281 298 289 288 287 291 301 303 307 313 320 324 326 327 327 327 326 325 325 324 319 314 313 310 308 304 306 303 298 299 304 308 303 312 319 328 334 342 343 332 327 337 325 330 330 331 339 342 334 332 325 327 330 324 311 311 315 317 307 308 301 310 325 319 322 321
-9999 -9999 -9999 -9999 -9999 -9999 -9999 -9999 -9999 -9999 -9999 -9999 -9999 -9999 -9999 -9999 -9999 -9999 250 253 265 274 269 259 259 264 290 301 300 306 293 305 310 309 313 316 322 327 329 329 329 327 327 330 330 326 322 319 320 318 317 316 314 313 313 314 319 323 317 312 298 301 323 337 345 349 348 345 329 326 338 343 350 353 359 358 358 349 337 325 315 309 319 321 306 305 301 320 325 319 322 -9999
-9999 -9999 -9999 -9999 -9999 -9999 -9999 -9999 -9999 -9999 -9999 -9999 -9999 -9999 -9999 -9999 -9999 -9999 -9999 257 267 278 285 276 278 290 295 298 320 317 305 311 317 315 317 320 325 329 331 331 332 332 332 335 332 327 325 324 321 320 319 319 322 323 323 325 325 325 322 317 311 312 325 335 342 339 349 353 349 340 335 340 348 358 363 369 361 347 331 315 310 316 316 321 322 326 321 320 326 -9999 -9999 -9999
-9999 -9999 -9999 -9999 -9999 -9999 -9999 -9999 -9999 -9999 -9999 -9999 -9999 -9999 -9999 -9999 -9999 -9999 -9999 259 267 277 286 288 300 276 291 311 321 318 313 320 317 320 321 322 326 330 331 333 334 335 334 335 332 329 326 324 320 313 318 319 318 319 322 325 326 325 326 324 321 324 324 324 332 330 327 342 351 350 343 345 353 355 361 355 340 327 319 317 309 313 322 323 328 328 328 -9999 -9999 -9999 -9999 -9999
-9999 -9999 -9999 -9999 -9999 -9999 -9999 -9999 -9999 -9999 -9999 -9999 -9999 -9999 -9999 -9999 -9999 -9999 -9999 259 266 274 286 295 284 311 312 316 308 327 324 317 320 322 322 324 324 326 328 331 333 335 336 335 333 331 328 325 322 319 316 301 305 309 320 324 322 323 330 328 325 323 319 306 307 310 319 333 344 350 352 355 355 353 352 353 334 317 315 321 318 321 323 320 330 -9999 -9999 -9999 -9999 -9999 -9999 -9999
-9999 -9999 -9999 -9999 -9999 -9999 -9999 -9999 -9999 -9999 -9999 -9999 -9999 -9999 -9999 -9999 -9999 -9999 -9999 260 264 276 285 286 286 304 307 309 320 329 326 325 318 320 322 326 329 331 330 330 333 334 334 333 330 329 326 321 312 307 308 307 316 320 327 329 324 321 315 314 311 309 303 303 295 294 307 313 328 334 341 343 343 344 340 349 338 329 328 320 321 -9999 -9999 -9999 -9999 -9999 -9999 -9999 -9999 -9999 -9999 -9999
-9999 -9999 -9999 -9999 -9999 -9999 -9999 -9999 -9999 -9999 -9999 -9999 -9999 -9999 -9999 -9999 -9999 -9999 -9999 251 260 269 273 279 279 280 294 293 312 322 320 320 320 322 325 327 331 332 333 332 332 331 331 332 328 325 325 316 296 310 327 330 332 335 334 331 328 325 322 314 311 307 302 297 294 288 295 307 313 317 330 326 330 328 338 340 338 334 -9999 -9999 -9999 -9999 -9999 -9999 -9999 -9999 -9999 -9999 -9999 -9999 -9999 -9999
-9999 -9999 -9999 -9999 -9999 -9999 -9999 -9999 -9999 -9999 -9999 -9999 -9999 -9999 -9999 -9999 -9999 -9999 -9999 245 257 270 277 289 296 299 301 301 312 314 314 319 320 324 327 328 327 328 333 333 330 324 324 325 323 316 313 307 311 330 344 342 341 340 335 336 338 333 323 318 312 306 300 302 293 290 289 292 295 305 316 312 308 307 340 347 344 340 -9999 -9999 -9999 -9999 -9999 -9999 -9999 -9999 -9999 -9999 -9999 -9999 -9999 -9999
-9999 -9999 -9999 -9999 -9999 -9999 -9999 -9999 -9999 -9999 -9999 -9999 -9999 -9999 -9999 -9999 -9999 -9999 -9999 245 260 278 277 293 306 309 310 299 297 303 310 319 327 325 317 322 331 332 333 327 320 312 319 319 320 318 319 336 342 351 358 355 350 344 341 344 342 337 331 319 308 299 298 302 303 298 292 289 285 290 304 304 311 332 342 341 343 -9999 -9999 -9999 -9999 -9999 -9999 -9999 -9999 -9999 -9999 -9999 -9999 -9999 -9999 -9999
-9999 -9999 -9999 -9999 -9999 -9999 -9999 -9999 -9999 -9999 -9999 -9999 -9999 -9999 -9999 -9999 -9999 -9999 252 255 270 287 297 308 311 303 259 291 304 304 307 317 320 321 330 344 342 326 327 324 306 306 314 328 333 350 351 358 358 359 365 365 352 352 351 355 351 352 343 328 311 301 302 306 312 308 293 286 274 283 300 308 325 333 342 -9999 -9999 -9999 -9999 -9999 -9999 -9999 -9999 -9999 -9999 -9999 -9999 -9999 -9999 -9999 -9999 -9999
-9999 -9999 -9999 -9999 -9999 -9999 -9999 -9999 -9999 -9999 -9999 -9999 -9999 -9999 -9999 -9999 -9999 -9999 254 264 282 298 306 310 299 293 288 321 323 313 316 318 332 344 354 360 340 315 308 314 312 339 345 360 356 362 369 366 366 367 371 367 362 362 361 357 355 353 347 337 320 310 307 308 315 313 307 306 295 297 311 324 330 337 340 -9999 -9999 -9999 -9999 -9999 -9999 -9999 -9999 -9999 -9999 -9999 -9999 -9999 -9999 -9999 -9999 -9999
-9999 -9999 -9999 -9999 -9999 -9999 -9999 -9999 -9999 -9999 -9999 -9999 -9999 -9999 -9999 -9999 -9999 -9999 260 271 287 299 292 293 298 307 313 328 338 338 345 352 359 360 366 365 355 355 367 375 378 376 373 368 376 377 373 375 375 374 377 372 371 369 363 359 356 354 355 347 332 327 323 318 327 302 302 315 318 320 327 331 333 342 -9999 -9999 -9999 -9999 -9999 -9999 -9999 -9999 -9999 -9999 -9999 -9999 -9999 -9999 -9999 -9999 -9999 -9999
-9999 -9999 -9999 -9999 -9999 -9999 -9999 -9999 -9999 -9999 -9999 -9999 -9999 -9999 -9999 -9999 -9999 -9999 261 273 285 295 298 304 300 316 335 341 348 350 355 359 364 368 368 370 378 381 382 383 382 382 382 381 382 380 382 382 383 382 376 373 371 369 367 365 364 361 360 353 347 343 332 331 330 325 310 313 325 325 331 337 339 -9999 -9999 -9999 -9999 -9999 -9999 -9999 -9999 -9999 -9999 -9999 -9999 -9999 -9999 -9999 317 309 321 320
-9999 -9999 -9999 -9999 -9999 -9999 -9999 -9999 -9999 -9999 -9999 -9999 -9999 -9999 -9999 -9999 -9999 251 260 273 285 298 306 312 314 331 341 348 353 355 360 362 367 370 372 376 378 378 379 380 381 383 380 378 378 381 379 378 378 380 381 378 377 375 372 369 369 366 366 357 352 349 347 338 336 338 336 334 332 332 337 338 -9999 -9999 -9999 -9999 -9999 -9999 -9999 -9999 -9999 -9999 -9999 -9999 -9999 -9999 326 312 309 316 323 319
-9999 -9999 -9999 -9999 -9999 -9999 -9999 -9999 -9999 -9999 -9999 -9999 -9999 -9999 -9999 -9999 -9999 251 260 268 286 303 310 316 325 336 343 348 351 357 362 364 367 373 377 380 380 378 376 367 371 378 373 370 369 371 373 373 377 380 382 382 382 380 376 376 372 370 368 365 360 355 354 346 343 336 338 345 344 340 340 -9999 -9999 -9999 -9999 -9999 -9999 -9999 -9999 -9999 -9999 -9999 -9999 -9999 -9999 326 321 321 325 320 321 320
-9999 -9999 -9999 -9999 -9999 -9999 -9999 -9999 -9999 -9999 -9999 -9999 -9999 -9999 -9999 226 238 251 263 278 295 305 315 324 329 334 339 337 345 352 361 367 371 374 377 381 380 376 375 373 383 387 389 387 381 378 382 374 375 381 382 386 385 383 382 380 378 376 372 370 366 362 360 358 354 346 341 346 346 345 344 -9999 -9999 -9999 -9999 -9999 -9999 -9999 -9999 -9999 -9999 -9999 -9999 -9999 -9999 -9999 329 329 324 324 322 320
-9999 -9999 -9999 -9999 -9999 -9999 -9999 -9999 -9999 -9999 -9999 -9999 -9999 -9999 -9999 234 241 256 273 287 299 307 315 324 331 338 341 340 345 360 365 370 373 375 377 379 385 390 392 392 392 395 390 390 389 388 391 383 386 384 385 389 388 387 385 382 380 377 376 373 370 366 363 358 354 352 345 346 350 350 349 -9999 -9999 -9999 -9999 -9999 -9999 -9999 -9999 -9999 -9999 -9999 -9999 -9999 -9999 -9999 -9999 -9999 -9999 325 323 323
-9999 -9999 -9999 -9999 -9999 -9999 -9999 -9999 -9999 -9999 -9999 -9999 -9999 -9999 -9999 244 252 265 282 295 303 311 318 326 332 339 344 350 358 366 372 374 377 381 382 388 393 396 396 397 397 395 393 390 392 390 392 391 394 393 392 391 389 387 382 378 376 373 375 375 372 369 363 354 346 351 343 352 356 352 351 356 -9999 -9999 -9999 -9999 -9999 -9999 -9999 323 323 323 -9999 -9999 -9999 -9999 -9999 -9999 -9999 324 -9999 -9999
-9999 -9999 -9999 -9999 -9999 -9999 -9999 -9999 -9999 -9999 -9999 -9999 -9999 -9999 -9999 251 260 277 293 301 308 315 322 328 332 337 342 349 355 369 374 376 380 383 387 391 394 395 397 398 398 396 396 395 393 396 394 396 395 394 392 391 388 383 379 376 371 368 372 374 372 366 358 352 352 350 345 351 354 351 348 356 359 -9999 -9999 -9999 -9999 -9999 -9999 326 325 326 -9999 -9999 -9999 -9999 -9999 -9999 -9999 -9999 -9999 -9999
-9999 -9999 -9999 -9999 -9999 -9999 -9999 -9999 -9999 -9999 -9999 -9999 -9999 -9999 -9999 257 273 291 302 306 312 317 321 323 329 336 341 349 361 368 370 373 378 380 385 387 389 391 395 395 395 400 400 401 397 394 395 394 391 395 393 391 387 384 379 374 373 368 365 364 367 364 361 357 356 352 354 347 341 343 335 344 353 354 -9999 -9999 -9999 -9999 -9999 -9999 328 325 -9999 -9999 -9999 -9999 -9999 -9999 -9999 -9999 -9999 -9999
-9999 -9999 -9999 -9999 -9999 -9999 -9999 -9999 -9999 -9999 -9999 -9999 -9999 -9999 -9999 -9999 287 296 303 310 315 319 321 323 330 338 345 353 360 362 363 366 372 377 382 384 385 389 389 394 398 400 400 400 396 392 393 395 395 394 392 389 386 384 380 379 372 358 361 365 370 370 369 364 359 360 357 347 342 339 344 354 355 -9999 -9999 -9999 -9999 -9999 -9999 -9999 327 325 -9999 -9999 -9999 -9999 -9999 -9999 -9999 -9999 -9999 -9999
-9999 -9999 -9999 -9999 -9999 -9999 -9999 -9999 -9999 -9999 -9999 -9999 -9999 -9999 -9999 -9999 286 292 301 312 318 323 327 331 335 342 348 354 359 360 359 359 365 371 375 382 384 387 390 392 394 396 396 397 397 394 392 393 397 390 388 390 390 386 386 381 371 361 371 373 375 377 375 371 367 359 359 361 361 362 361 -9999 -9999 -9999 -9999 -9999 -9999 -9999 -9999 -9999 -9999 -9999 -9999 -9999 -9999 -9999 -9999 -9999 -9999 -9999 -9999 -9999
-9999 -9999 -9999 -9999 -9999 -9999 -9999 -9999 -9999 -9999 -9999 -9999 -9999 -9999 -9999 -9999 -9999 -9999 -9999 312 316 324 331 336 340 343 349 354 356 358 360 361 365 370 372 376 380 386 391 390 393 393 394 396 395 395 397 398 401 401 399 398 392 389 384 374 359 360 363 358 367 378 378 379 372 370 368 370 368 -9999 -9999 -9999 -9999 -9999 -9999 -9999 -9999 -9999 -9999 -9999 -9999 -9999 -9999 -9999 -9999 -9999 -9999 -9999 -9999 -9999 -9999 -9999
-9999 -9999 -9999 -9999 -9999 -9999 -9999 -9999 -9999 -9999 -9999 -9999 -9999 -9999 -9999 -9999 -9999 -9999 304 308 313 324 332 338 345 349 350 350 352 352 353 356 356 360 365 379 382 382 390 396 394 391 396 400 402 405 404 404 404 403 401 396 393 389 371 361 348 348 350 355 363 369 372 375 383 381 377 372 369 366 -9999 -9999 -9999 -9999 -9999 -9999 -9999 -9999 -9999 -9999 -9999 -9999 -9999 -9999 -9999 -9999 -9999 -9999 -9999 -9999 -9999 -9999
-9999 -9999 -9999 -9999 -9999 -9999 -9999 -9999 -9999 -9999 -9999 -9999 -9999 -9999 -9999 -9999 -9999 -9999 303 306 314 323 330 336 342 346 346 345 346 346 346 348 355 365 371 376 385 384 384 393 399 399 401 404 405 403 402 401 401 401 398 395 392 385 363 347 355 358 357 358 361 358 361 374 376 375 371 370 369 -9999 -9999 -9999 -9999 -9999 -9999 -9999 -9999 -9999 -9999 -9999 -9999 -9999 -9999 -9999 -9999 -9999 -9999 -9999 -9999 -9999 -9999 -9999
