resultados/variables_proyeccion_tiempo/variables_paleo_130k/bio6.asc
ncols 330
nrows 228
xllcorner -12.000000
yllcorner 34.000000
cellsize 0.166667
NODATA_value -9999
[rows 117 to 155 of 228, columns 174 to 260 of 330]
-135 -137 -138 -139 -139 -139 -139 -140 -141 -142 -144 -145 -147 -148 -150 -151 -152 -151 -151 -150 -148 -144 -141 -138 -140 -146 -152 -157 -162 -165 -168 -169 -166 -162 -159 -155 -155 -155 -156 -158 -160 -162 -164 -166 -167 -168 -169 -170 -171 -172 -173 -174 -175 -176 -177 -178 -179 -180 -180 -181 -182 -183 -183 -184 -185 -185 -186 -187 -188 -188 -189 -189 -190 -190 -192 -192 -192 -193 -194 -194 -193 -194 -194 -194 -194 -194 -193
-137 -138 -139 -139 -139 -140 -141 -142 -143 -145 -147 -148 -149 -150 -151 -152 -153 -153 -152 -150 -147 -145 -142 -140 -141 -147 -153 -159 -165 -167 -170 -172 -170 -165 -159 -155 -152 -153 -157 -160 -162 -164 -165 -166 -168 -169 -170 -171 -172 -173 -174 -175 -176 -177 -177 -178 -179 -180 -181 -181 -182 -183 -183 -184 -185 -186 -187 -187 -187 -188 -188 -189 -189 -190 -191 -192 -192 -193 -193 -193 -193 -193 -193 -193 -194 -194 -193
-141 -140 -141 -141 -141 -142 -143 -144 -146 -147 -148 -149 -150 -151 -153 -153 -154 -154 -153 -152 -150 -148 -146 -144 -145 -149 -155 -160 -165 -168 -172 -174 -171 -165 -159 -153 -149 -153 -159 -164 -164 -166 -167 -168 -169 -170 -171 -172 -173 -174 -175 -176 -176 -177 -178 -178 -179 -180 -181 -182 -182 -183 -183 -184 -185 -185 -186 -187 -188 -188 -189 -190 -190 -190 -190 -191 -192 -192 -192 -192 -192 -192 -192 -192 -193 -193 -193
-145 -145 -144 -144 -144 -144 -145 -146 -148 -148 -149 -150 -152 -154 -156 -157 -158 -158 -157 -156 -156 -155 -153 -150 -151 -152 -156 -161 -165 -170 -172 -173 -170 -166 -161 -156 -152 -155 -162 -167 -168 -169 -170 -170 -171 -172 -172 -173 -174 -175 -175 -176 -177 -178 -178 -179 -180 -181 -182 -182 -183 -183 -184 -185 -186 -187 -187 -188 -188 -189 -190 -190 -191 -191 -190 -190 -190 -191 -191 -191 -191 -191 -191 -191 -191 -192 -192
-149 -147 -147 -147 -146 -146 -146 -147 -148 -149 -149 -151 -153 -155 -158 -161 -162 -162 -161 -159 -159 -158 -156 -155 -155 -156 -158 -162 -167 -170 -173 -173 -171 -168 -164 -161 -159 -161 -166 -169 -171 -171 -172 -172 -173 -173 -173 -174 -175 -175 -176 -177 -178 -179 -179 -180 -181 -182 -182 -183 -183 -184 -184 -186 -187 -187 -188 -188 -189 -189 -189 -189 -189 -190 -189 -189 -189 -189 -189 -189 -189 -189 -190 -191 -190 -190 -190
-149 -148 -148 -147 -147 -147 -147 -147 -149 -149 -150 -152 -154 -156 -159 -161 -162 -163 -163 -163 -161 -160 -160 -159 -159 -160 -162 -163 -166 -169 -172 -173 -172 -171 -168 -166 -166 -168 -171 -173 -173 -173 -173 -174 -174 -174 -174 -175 -176 -176 -177 -178 -179 -179 -180 -181 -182 -182 -183 -183 -184 -185 -185 -186 -187 -187 -188 -188 -189 -189 -189 -189 -189 -189 -189 -189 -188 -188 -188 -188 -188 -188 -189 -190 -189 -189 -188
-151 -151 -149 -149 -149 -150 -148 -148 -149 -150 -150 -151 -153 -156 -159 -162 -164 -165 -166 -166 -167 -167 -165 -164 -164 -164 -165 -167 -168 -170 -173 -176 -176 -175 -173 -171 -171 -172 -174 -175 -175 -175 -175 -175 -175 -175 -175 -176 -176 -177 -178 -179 -180 -180 -181 -182 -182 -183 -183 -184 -185 -186 -186 -187 -188 -188 -189 -192 -191 -191 -191 -190 -190 -190 -190 -189 -188 -187 -187 -186 -186 -186 -187 -187 -187 -186 -186
-153 -152 -151 -151 -150 -150 -149 -149 -150 -150 -150 -151 -152 -155 -159 -161 -165 -167 -168 -170 -171 -174 -172 -170 -169 -167 -167 -168 -168 -171 -175 -179 -181 -179 -177 -175 -174 -175 -175 -176 -176 -176 -176 -175 -176 -175 -175 -176 -177 -177 -179 -180 -180 -181 -182 -182 -182 -183 -183 -185 -186 -187 -188 -188 -189 -189 -190 -191 -191 -190 -189 -189 -189 -188 -187 -187 -187 -186 -186 -185 -184 -184 -185 -185 -184 -184 -185
-152 -151 -150 -150 -149 -150 -149 -150 -151 -151 -151 -151 -152 -155 -158 -162 -166 -168 -171 -173 -175 -178 -178 -176 -173 -170 -169 -168 -168 -172 -175 -180 -181 -181 -180 -178 -177 -177 -178 -176 -176 -175 -175 -176 -176 -176 -176 -177 -177 -178 -178 -179 -181 -181 -182 -183 -183 -184 -184 -185 -186 -187 -188 -188 -189 -189 -190 -190 -190 -190 -189 -188 -188 -188 -188 -187 -186 -185 -184 -184 -183 -181 -182 -182 -183 -183 -183
-152 -151 -150 -150 -149 -149 -149 -150 -152 -152 -152 -152 -152 -155 -158 -162 -165 -168 -172 -175 -178 -181 -183 -181 -177 -173 -170 -168 -168 -171 -176 -180 -182 -182 -181 -180 -179 -179 -179 -178 -176 -176 -175 -175 -176 -177 -177 -177 -177 -178 -179 -180 -181 -182 -183 -183 -183 -184 -185 -185 -187 -188 -188 -189 -189 -190 -190 -190 -190 -189 -189 -188 -188 -187 -187 -186 -185 -184 -183 -182 -180 -179 -180 -180 -180 -181 -182
-155 -153 -152 -150 -149 -149 -150 -151 -153 -154 -154 -154 -154 -157 -161 -163 -166 -169 -172 -175 -177 -180 -182 -181 -179 -177 -172 -168 -167 -170 -175 -179 -182 -183 -181 -180 -179 -179 -178 -176 -175 -174 -174 -175 -175 -176 -177 -178 -178 -178 -179 -181 -181 -182 -183 -183 -184 -185 -186 -186 -187 -187 -188 -189 -189 -189 -190 -190 -189 -189 -188 -188 -187 -186 -185 -184 -184 -183 -182 -181 -178 -177 -177 -178 -178 -179 -181
-158 -155 -152 -152 -151 -150 -151 -152 -154 -155 -156 -158 -159 -161 -165 -167 -168 -171 -173 -175 -176 -179 -180 -178 -176 -174 -172 -169 -169 -173 -176 -179 -180 -180 -179 -180 -180 -179 -178 -175 -174 -174 -173 -173 -174 -175 -176 -177 -178 -178 -178 -181 -182 -183 -184 -183 -185 -184 -186 -187 -187 -187 -188 -188 -189 -189 -189 -190 -189 -189 -188 -188 -186 -186 -184 -184 -184 -182 -181 -179 -178 -175 -175 -176 -176 -177 -178
-158 -156 -156 -155 -153 -152 -152 -155 -156 -158 -160 -162 -164 -164 -167 -171 -172 -173 -175 -176 -177 -177 -177 -177 -174 -173 -173 -173 -175 -178 -180 -180 -180 -179 -178 -176 -176 -178 -176 -174 -172 -171 -171 -171 -172 -174 -175 -175 -177 -177 -179 -180 -181 -184 -185 -185 -185 -184 -186 -186 -186 -187 -187 -188 -188 -189 -189 -189 -189 -189 -188 -187 -186 -185 -184 -184 -182 -182 -180 -178 -178 -172 -173 -174 -174 -175 -176
-174 -170 -168 -160 -156 -155 -155 -155 -158 -160 -162 -165 -166 -166 -168 -172 -175 -174 -174 -175 -176 -176 -175 -175 -174 -175 -176 -179 -182 -185 -187 -185 -181 -178 -176 -174 -173 -173 -175 -172 -169 -169 -169 -170 -171 -173 -173 -174 -175 -177 -179 -179 -180 -183 -185 -185 -184 -184 -185 -185 -187 -187 -188 -187 -188 -189 -189 -188 -188 -187 -187 -186 -185 -184 -184 -183 -182 -180 -179 -178 -176 -172 -171 -172 -173 -173 -173
-176 -186 -173 -166 -160 -158 -157 -157 -161 -163 -166 -168 -168 -168 -169 -170 -169 -170 -172 -174 -175 -176 -176 -175 -177 -178 -180 -183 -186 -189 -191 -188 -182 -177 -173 -171 -170 -170 -170 -172 -169 -167 -167 -168 -169 -171 -172 -173 -175 -177 -180 -180 -182 -184 -183 -185 -185 -185 -185 -186 -187 -188 -187 -187 -188 -188 -187 -188 -187 -187 -186 -186 -185 -185 -183 -182 -181 -180 -179 -178 -175 -174 -173 -172 -171 -172 -172
-166 -172 -172 -169 -162 -160 -160 -159 -161 -164 -167 -169 -171 -172 -172 -172 -171 -174 -176 -176 -179 -180 -179 -179 -181 -182 -184 -188 -190 -193 -194 -193 -187 -179 -171 -167 -167 -168 -168 -168 -168 -167 -166 -167 -168 -170 -171 -175 -179 -180 -182 -182 -183 -183 -183 -183 -183 -185 -186 -186 -187 -188 -187 -187 -186 -187 -188 -188 -187 -186 -186 -185 -185 -184 -182 -181 -180 -179 -178 -176 -175 -174 -174 -173 -173 -172 -172
-157 -160 -170 -170 -167 -164 -160 -161 -164 -168 -173 -181 -181 -180 -184 -180 -182 -183 -185 -186 -187 -186 -185 -184 -184 -184 -184 -187 -191 -194 -197 -195 -190 -183 -173 -168 -168 -167 -167 -166 -166 -165 -167 -167 -169 -171 -175 -177 -179 -180 -180 -182 -183 -184 -183 -183 -184 -185 -186 -186 -186 -187 -187 -187 -187 -188 -187 -187 -188 -186 -186 -185 -184 -182 -182 -181 -179 -177 -177 -175 -174 -173 -172 -171 -171 -170 -171
-157 -155 -160 -165 -163 -161 -165 -170 -175 -183 -180 -186 -186 -190 -192 -194 -189 -188 -193 -195 -191 -187 -189 -189 -188 -190 -191 -191 -194 -195 -197 -198 -199 -192 -180 -173 -171 -169 -167 -166 -165 -165 -168 -168 -171 -172 -175 -176 -178 -179 -180 -181 -181 -183 -182 -183 -184 -185 -185 -186 -186 -187 -187 -187 -186 -186 -186 -185 -186 -186 -185 -185 -184 -182 -180 -180 -178 -176 -176 -175 -175 -173 -171 -171 -170 -170 -169
-156 -154 -154 -158 -165 -166 -171 -179 -183 -182 -181 -186 -191 -193 -191 -188 -190 -191 -192 -193 -193 -197 -193 -194 -192 -191 -191 -193 -197 -201 -202 -201 -198 -195 -190 -184 -177 -172 -169 -166 -165 -164 -165 -166 -168 -170 -173 -175 -177 -178 -178 -179 -180 -181 -182 -182 -183 -184 -184 -184 -185 -185 -185 -185 -185 -186 -185 -185 -184 -183 -183 -183 -183 -181 -180 -178 -177 -176 -176 -174 -174 -173 -172 -171 -168 -168 -167
-156 -157 -155 -157 -162 -168 -172 -177 -178 -176 -177 -186 -193 -191 -191 -197 -206 -205 -207 -205 -196 -197 -194 -192 -193 -187 -185 -185 -190 -195 -201 -204 -200 -196 -192 -187 -186 -182 -178 -171 -167 -167 -166 -167 -168 -168 -170 -174 -176 -178 -178 -179 -179 -179 -180 -182 -182 -182 -183 -183 -184 -184 -184 -185 -185 -185 -184 -184 -183 -182 -181 -180 -180 -180 -178 -177 -177 -176 -175 -174 -173 -172 -171 -169 -169 -168 -167
-154 -157 -153 -156 -160 -166 -171 -168 -170 -178 -188 -183 -189 -192 -192 -192 -196 -199 -203 -198 -195 -197 -194 -191 -185 -183 -183 -182 -182 -185 -189 -194 -197 -198 -197 -191 -187 -191 -184 -177 -173 -170 -170 -169 -168 -170 -169 -171 -174 -177 -177 -178 -178 -178 -178 -179 -181 -181 -182 -182 -181 -183 -183 -183 -183 -183 -182 -181 -181 -180 -180 -179 -178 -177 -176 -176 -176 -174 -173 -173 -171 -171 -169 -167 -166 -166 -165
-148 -149 -153 -160 -165 -164 -162 -170 -179 -182 -182 -185 -197 -197 -201 -204 -201 -200 -203 -200 -196 -190 -189 -189 -186 -179 -189 -179 -175 -178 -186 -187 -180 -185 -190 -193 -188 -189 -185 -190 -185 -177 -173 -172 -173 -171 -170 -172 -172 -174 -176 -177 -176 -177 -178 -177 -178 -179 -180 -180 -179 -180 -181 -181 -181 -181 -180 -180 -179 -178 -177 -176 -175 -176 -173 -173 -174 -173 -172 -172 -170 -168 -166 -164 -164 -164 -164
-145 -150 -155 -159 -156 -158 -165 -161 -169 -170 -181 -189 -188 -185 -191 -191 -193 -196 -192 -194 -189 -194 -192 -188 -185 -177 -177 -180 -170 -169 -168 -173 -179 -177 -182 -184 -182 -187 -187 -189 -192 -193 -184 -179 -175 -172 -172 -172 -173 -173 -175 -175 -175 -175 -176 -176 -177 -176 -179 -179 -178 -178 -177 -178 -178 -178 -178 -177 -178 -177 -175 -173 -172 -172 -171 -171 -171 -171 -171 -169 -167 -166 -163 -162 -161 -161 -160
-143 -146 -151 -153 -149 -156 -156 -157 -164 -177 -173 -178 -179 -181 -186 -190 -188 -183 -181 -178 -180 -181 -179 -174 -172 -170 -178 -170 -166 -165 -164 -162 -167 -171 -176 -174 -176 -187 -181 -187 -194 -198 -197 -191 -184 -178 -176 -174 -173 -173 -173 -174 -174 -174 -173 -174 -174 -174 -174 -176 -175 -175 -174 -174 -175 -175 -174 -174 -175 -174 -174 -172 -171 -169 -168 -167 -167 -167 -167 -165 -163 -162 -160 -160 -159 -159 -159
-142 -152 -147 -146 -147 -150 -152 -158 -160 -168 -171 -177 -176 -183 -181 -174 -171 -172 -172 -171 -173 -173 -170 -170 -170 -171 -176 -168 -166 -163 -161 -161 -160 -160 -162 -168 -175 -170 -180 -181 -191 -193 -194 -194 -195 -187 -184 -177 -174 -172 -172 -172 -172 -174 -176 -175 -174 -173 -173 -175 -175 -175 -174 -172 -171 -172 -171 -170 -171 -171 -171 -170 -168 -167 -165 -164 -163 -163 -162 -161 -160 -158 -157 -156 -155 -156 -155
-144 -142 -141 -142 -143 -146 -148 -149 -152 -154 -158 -161 -166 -170 -165 -165 -167 -170 -168 -168 -170 -169 -166 -166 -166 -169 -166 -163 -162 -161 -160 -160 -159 -159 -159 -159 -161 -167 -165 -174 -180 -184 -195 -194 -190 -193 -193 -186 -181 -177 -177 -176 -175 -173 -173 -172 -171 -171 -171 -171 -172 -172 -172 -171 -170 -170 -168 -166 -166 -166 -167 -167 -166 -164 -162 -162 -160 -158 -157 -156 -155 -155 -154 -152 -152 -152 -152
-136 -137 -138 -140 -141 -142 -144 -145 -148 -147 -149 -151 -155 -155 -157 -160 -164 -168 -167 -169 -176 -178 -166 -163 -163 -162 -162 -161 -160 -159 -159 -158 -158 -157 -157 -157 -158 -165 -163 -165 -169 -174 -183 -186 -192 -200 -192 -186 -186 -187 -183 -178 -177 -177 -176 -173 -172 -170 -170 -170 -168 -170 -169 -169 -167 -167 -166 -166 -163 -161 -162 -164 -163 -162 -160 -158 -156 -155 -153 -152 -151 -150 -148 -148 -148 -148 -149
-134 -136 -137 -137 -138 -139 -140 -142 -143 -143 -144 -156 -150 -152 -155 -158 -162 -170 -166 -164 -165 -165 -162 -161 -160 -160 -160 -160 -159 -159 -158 -157 -156 -156 -156 -156 -157 -159 -164 -177 -175 -170 -176 -186 -194 -196 -197 -193 -191 -190 -188 -183 -179 -177 -176 -174 -171 -169 -169 -167 -167 -166 -167 -166 -165 -164 -163 -162 -163 -163 -160 -159 -158 -158 -157 -155 -153 -151 -150 -148 -147 -145 -144 -144 -143 -144 -144
-132 -133 -135 -135 -136 -137 -137 -138 -140 -139 -139 -145 -141 -144 -148 -150 -153 -155 -156 -157 -158 -158 -158 -158 -159 -159 -159 -159 -159 -158 -157 -156 -155 -155 -154 -154 -155 -157 -166 -174 -181 -177 -177 -177 -183 -190 -194 -198 -194 -192 -189 -188 -184 -177 -175 -176 -173 -169 -167 -167 -166 -163 -164 -164 -163 -161 -161 -161 -159 -161 -160 -156 -154 -154 -153 -152 -150 -147 -146 -144 -143 -142 -140 -139 -137 -137 -138
-130 -131 -132 -133 -135 -135 -135 -136 -139 -137 -136 -139 -132 -140 -145 -146 -148 -150 -152 -154 -155 -156 -157 -157 -157 -157 -157 -158 -157 -156 -155 -154 -153 -152 -153 -154 -158 -157 -157 -161 -169 -177 -182 -185 -185 -194 -195 -198 -193 -191 -189 -185 -184 -179 -176 -174 -173 -171 -170 -166 -164 -163 -161 -161 -160 -160 -158 -157 -155 -153 -155 -155 -151 -149 -148 -149 -146 -143 -142 -139 -137 -136 -135 -135 -134 -131 -132
-128 -129 -130 -131 -134 -136 -136 -136 -136 -132 -131 -130 -129 -135 -141 -143 -145 -147 -149 -151 -153 -154 -155 -155 -155 -155 -155 -155 -154 -154 -152 -152 -153 -154 -154 -154 -155 -156 -161 -164 -168 -171 -176 -182 -183 -188 -187 -188 -190 -189 -189 -189 -185 -184 -178 -174 -173 -172 -173 -167 -163 -161 -160 -158 -158 -158 -158 -157 -155 -152 -150 -150 -147 -145 -145 -144 -141 -140 -137 -135 -133 -131 -131 -129 -129 -128 -128
-127 -127 -128 -134 -140 -140 -136 -130 -129 -129 -127 -127 -128 -132 -137 -141 -142 -145 -147 -149 -151 -152 -153 -153 -153 -153 -153 -152 -152 -151 -151 -151 -153 -152 -153 -153 -155 -155 -159 -161 -164 -169 -172 -175 -180 -183 -186 -188 -190 -191 -190 -190 -187 -188 -184 -178 -173 -172 -169 -168 -162 -160 -158 -156 -154 -156 -159 -157 -154 -152 -150 -148 -143 -141 -141 -140 -136 -135 -132 -130 -129 -127 -125 -124 -125 -125 -125
-124 -125 -127 -133 -135 -132 -127 -127 -126 -126 -126 -126 -128 -130 -134 -138 -141 -143 -145 -147 -149 -150 -151 -152 -152 -152 -151 -150 -149 -149 -150 -151 -156 -158 -156 -156 -156 -155 -158 -161 -163 -165 -172 -174 -179 -182 -187 -190 -192 -195 -190 -190 -190 -183 -184 -182 -175 -171 -169 -167 -165 -163 -161 -158 -156 -152 -153 -156 -155 -151 -147 -144 -140 -137 -135 -135 -133 -130 -128 -125 -123 -122 -121 -119 -119 -119 -119
-123 -125 -124 -127 -126 -124 -123 -124 -124 -124 -125 -125 -126 -129 -132 -136 -138 -141 -143 -145 -147 -148 -149 -150 -150 -150 -149 -148 -147 -149 -150 -152 -158 -157 -160 -158 -155 -155 -158 -159 -160 -165 -169 -174 -177 -180 -181 -183 -186 -187 -185 -189 -187 -187 -182 -180 -173 -171 -170 -165 -167 -163 -161 -160 -158 -157 -149 -150 -150 -150 -145 -141 -138 -135 -131 -128 -128 -124 -124 -121 -117 -116 -115 -113 -112 -114 -114
-120 -119 -119 -119 -122 -124 -124 -123 -123 -123 -124 -124 -125 -126 -130 -133 -136 -138 -141 -143 -145 -146 -147 -148 -148 -147 -147 -146 -145 -146 -146 -146 -150 -165 -172 -163 -162 -160 -157 -159 -160 -164 -167 -171 -174 -176 -177 -180 -186 -190 -183 -186 -192 -189 -189 -187 -176 -168 -168 -164 -165 -164 -160 -156 -155 -155 -149 -147 -148 -146 -144 -139 -136 -134 -129 -123 -121 -119 -119 -116 -112 -110 -109 -108 -107 -107 -108
-118 -115 -117 -117 -121 -122 -122 -122 -122 -121 -122 -121 -122 -125 -127 -130 -133 -136 -139 -141 -143 -144 -145 -145 -145 -145 -145 -144 -144 -144 -149 -155 -147 -156 -170 -168 -170 -168 -161 -159 -159 -161 -165 -168 -171 -173 -175 -178 -180 -187 -188 -186 -183 -189 -189 -189 -182 -171 -168 -161 -164 -164 -160 -158 -153 -153 -149 -143 -144 -143 -141 -139 -135 -130 -128 -124 -120 -114 -112 -112 -109 -105 -103 -103 -104 -104 -104
-115 -114 -115 -115 -117 -117 -118 -120 -122 -120 -119 -119 -120 -123 -125 -127 -130 -134 -137 -139 -140 -141 -142 -143 -143 -143 -143 -142 -141 -141 -142 -148 -151 -153 -165 -159 -161 -162 -159 -159 -157 -160 -164 -167 -169 -171 -173 -175 -178 -181 -181 -191 -181 -186 -190 -185 -176 -172 -167 -162 -161 -160 -159 -155 -151 -150 -145 -142 -143 -141 -138 -134 -133 -128 -126 -121 -119 -114 -108 -104 -104 -100 -98 -9999 -9999 -9999 -9999
-110 -110 -110 -113 -115 -117 -118 -121 -123 -120 -116 -117 -120 -121 -122 -124 -126 -130 -135 -136 -137 -138 -139 -140 -141 -141 -141 -141 -145 -143 -145 -144 -146 -144 -149 -152 -155 -159 -159 -155 -155 -160 -163 -166 -170 -171 -173 -174 -176 -176 -178 -181 -187 -180 -184 -189 -180 -169 -163 -163 -157 -156 -155 -151 -149 -148 -142 -142 -142 -138 -136 -133 -130 -124 -121 -117 -114 -110 -106 -101 -99 -96 -95 -9999 -9999 -9999 -9999
-105 -105 -106 -109 -110 -113 -116 -119 -118 -117 -115 -114 -116 -117 -119 -120 -121 -125 -129 -131 -131 -133 -134 -136 -138 -140 -140 -140 -141 -140 -140 -143 -143 -146 -144 -147 -151 -153 -153 -151 -156 -160 -164 -168 -170 -173 -174 -175 -175 -174 -175 -174 -178 -182 -178 -178 -183 -178 -169 -165 -157 -152 -150 -148 -150 -148 -140 -141 -140 -135 -133 -131 -127 -121 -117 -113 -109 -105 -101 -99 -95 -94 -9999 -9999 -9999 -9999 -9999
