resultados/variables_proyeccion_tiempo/variables_paleo_130k/bio6.asc
ncols 330
nrows 228
xllcorner -12.000000
yllcorner 34.000000
cellsize 0.166667
NODATA_value -9999
[rows 78 to 116 of 228, columns 87 to 173 of 330]
-9999 -9999 -9999 -9999 -9999 -9999 -9999 -9999 -9999 -9999 -9999 -9999 -9999 -9999 -9999 -9999 -9999 -9999 -33 -37 -44 -51 -67 -86 -96 -96 -96 -104 -109 -108 -100 -96 -106 -105 -101 -97 -91 -99 -93 -87 -86 -84 -83 -82 -80 -79 -9999 -9999 -9999 -9999 -84 -88 -93 -102 -108 -113 -116 -118 -121 -122 -122 -123 -125 -127 -129 -130 -131 -132 -132 -134 -134 -136 -135 -134 -131 -132 -132 -132 -132 -132 -132 -132 -133 -132 -131 -130 -130
-9999 -9999 -9999 -9999 -9999 -9999 -9999 -9999 -9999 -9999 -9999 -9999 -9999 -9999 -9999 -9999 -9999 -29 -33 -39 -49 -59 -68 -78 -85 -80 -91 -98 -102 -96 -94 -88 -96 -91 -88 -86 -84 -85 -83 -78 -77 -77 -9999 -9999 -9999 -9999 -9999 -9999 -9999 -9999 -9999 -85 -89 -97 -102 -107 -110 -114 -118 -116 -117 -119 -122 -124 -126 -128 -129 -130 -131 -132 -134 -134 -134 -132 -129 -133 -131 -129 -130 -129 -130 -132 -132 -131 -130 -128 -127
-9999 -9999 -9999 -9999 -9999 -9999 -9999 -9999 -9999 -9999 -9999 -9999 -9999 -9999 -9999 -9999 -9999 -9999 -34 -41 -47 -49 -61 -68 -72 -69 -76 -83 -91 -81 -80 -75 -84 -81 -75 -77 -76 -74 -71 -72 -71 -9999 -9999 -9999 -9999 -9999 -9999 -9999 -9999 -9999 -9999 -9999 -86 -91 -97 -102 -105 -109 -110 -112 -114 -116 -119 -121 -123 -127 -128 -130 -129 -131 -132 -132 -130 -129 -129 -129 -128 -128 -128 -128 -127 -127 -127 -126 -126 -125 -124
-9999 -9999 -9999 -9999 -9999 -9999 -9999 -9999 -9999 -9999 -9999 -9999 -9999 -9999 -9999 -9999 -9999 -9999 -9999 -35 -38 -45 -50 -59 -57 -61 -64 -72 -71 -67 -71 -70 -70 -70 -71 -70 -65 -65 -66 -9999 -9999 -9999 -9999 -9999 -9999 -9999 -9999 -9999 -9999 -9999 -9999 -9999 -85 -89 -93 -98 -102 -103 -106 -108 -110 -114 -117 -119 -122 -126 -129 -136 -130 -131 -133 -130 -129 -128 -128 -128 -127 -126 -126 -126 -127 -127 -127 -125 -125 -123 -121
-9999 -9999 -9999 -9999 -9999 -9999 -9999 -9999 -9999 -9999 -9999 -9999 -9999 -9999 -9999 -9999 -9999 -9999 -9999 -9999 -9999 -9999 -43 -52 -52 -53 -60 -64 -63 -63 -61 -62 -59 -58 -58 -58 -59 -9999 -9999 -9999 -9999 -9999 -9999 -9999 -9999 -9999 -9999 -9999 -9999 -9999 -9999 -9999 -84 -88 -93 -95 -99 -103 -104 -107 -110 -113 -116 -118 -122 -126 -130 -133 -131 -132 -131 -128 -129 -130 -130 -129 -128 -128 -128 -127 -127 -126 -126 -124 -123 -121 -119
-9999 -9999 -9999 -9999 -9999 -9999 -9999 -9999 -9999 -9999 -9999 -9999 -9999 -9999 -9999 -9999 -9999 -9999 -9999 -9999 -9999 -9999 -9999 -9999 -44 -48 -51 -50 -54 -54 -51 -53 -50 -50 -51 -9999 -9999 -9999 -9999 -9999 -9999 -9999 -9999 -9999 -9999 -9999 -9999 -9999 -9999 -9999 -9999 -9999 -9999 -89 -92 -94 -98 -101 -102 -107 -110 -112 -116 -120 -124 -127 -130 -133 -134 -136 -129 -128 -133 -133 -131 -130 -129 -130 -128 -125 -127 -126 -124 -121 -120 -118 -117
-9999 -9999 -9999 -9999 -9999 -9999 -9999 -9999 -9999 -9999 -9999 -9999 -9999 -9999 -9999 -9999 -9999 -9999 -9999 -9999 -9999 -9999 -9999 -9999 -9999 -9999 -9999 -45 -9999 -45 -46 -9999 -9999 -9999 -9999 -9999 -9999 -9999 -9999 -9999 -9999 -9999 -9999 -9999 -9999 -9999 -9999 -9999 -9999 -9999 -9999 -9999 -9999 -9999 -94 -96 -96 -98 -103 -106 -110 -117 -119 -123 -125 -127 -131 -133 -135 -132 -128 -134 -135 -133 -133 -132 -129 -129 -128 -126 -125 -124 -122 -119 -117 -116 -9999
-9999 -9999 -9999 -9999 -9999 -9999 -9999 -9999 -9999 -9999 -9999 -9999 -9999 -9999 -9999 -9999 -9999 -9999 -9999 -9999 -9999 -9999 -9999 -9999 -9999 -9999 -9999 -9999 -9999 -9999 -9999 -9999 -9999 -9999 -9999 -9999 -9999 -9999 -9999 -9999 -9999 -9999 -9999 -9999 -9999 -9999 -9999 -66 -66 -9999 -9999 -9999 -9999 -9999 -98 -98 -95 -99 -103 -108 -112 -117 -120 -123 -126 -127 -132 -133 -133 -133 -132 -134 -135 -134 -132 -132 -131 -129 -127 -124 -124 -122 -120 -117 -115 -113 -9999
-9999 -9999 -9999 -9999 -9999 -9999 -9999 -9999 -9999 -9999 -9999 -9999 -9999 -9999 -9999 -9999 -9999 -9999 -9999 -9999 -9999 -9999 -9999 -9999 -9999 -9999 -9999 -9999 -9999 -9999 -9999 -9999 -9999 -9999 -9999 -9999 -9999 -9999 -9999 -9999 -9999 -9999 -9999 -9999 -68 -68 -68 -68 -66 -9999 -9999 -9999 -9999 -9999 -9999 -100 -99 -100 -106 -107 -111 -113 -116 -120 -121 -124 -127 -129 -132 -132 -131 -134 -135 -132 -129 -128 -128 -126 -125 -123 -121 -119 -117 -114 -112 -110 -9999
-9999 -9999 -9999 -9999 -9999 -9999 -9999 -9999 -9999 -9999 -9999 -9999 -9999 -9999 -9999 -9999 -9999 -9999 -9999 -9999 -9999 -9999 -9999 -9999 -9999 -9999 -9999 -9999 -9999 -9999 -9999 -9999 -9999 -9999 -9999 -9999 -9999 -9999 -9999 -9999 -9999 -9999 -9999 -69 -69 -71 -73 -75 -74 -9999 -9999 -9999 -9999 -9999 -9999 -9999 -103 -103 -106 -109 -110 -114 -118 -119 -120 -123 -124 -127 -128 -127 -127 -129 -130 -129 -127 -126 -124 -123 -121 -119 -118 -117 -114 -112 -109 -109 -9999
-9999 -9999 -9999 -9999 -9999 -9999 -9999 -9999 -9999 -9999 -9999 -9999 -9999 -9999 -9999 -9999 -9999 -9999 -9999 -9999 -9999 -9999 -9999 -9999 -9999 -9999 -9999 -9999 -9999 -9999 -9999 -9999 -9999 -9999 -9999 -9999 -9999 -9999 -9999 -9999 -9999 -76 -75 -72 -72 -74 -77 -78 -80 -9999 -92 -95 -97 -9999 -9999 -9999 -9999 -107 -108 -111 -112 -116 -117 -117 -118 -120 -120 -122 -122 -122 -124 -125 -126 -126 -126 -126 -125 -122 -120 -118 -115 -114 -111 -108 -107 -9999 -103
-9999 -9999 -9999 -9999 -9999 -9999 -9999 -9999 -9999 -9999 -9999 -9999 -9999 -9999 -9999 -9999 -9999 -9999 -9999 -9999 -9999 -9999 -9999 -9999 -9999 -9999 -9999 -9999 -9999 -9999 -9999 -9999 -9999 -9999 -9999 -53 -56 -60 -66 -71 -77 -80 -80 -77 -76 -78 -80 -81 -9999 -9999 -9999 -9999 -9999 -9999 -9999 -9999 -9999 -9999 -110 -111 -113 -114 -115 -116 -116 -118 -119 -118 -119 -119 -121 -122 -123 -122 -122 -121 -123 -121 -119 -116 -113 -110 -108 -106 -104 -102 -102
-9999 -9999 -9999 -9999 -9999 -9999 -9999 -9999 -9999 -9999 -9999 -9999 -9999 -9999 -9999 -9999 -9999 -9999 -9999 -9999 -9999 -9999 -9999 -9999 -9999 -9999 -9999 -9999 -9999 -9999 -9999 -9999 -9999 -9999 -49 -51 -56 -61 -67 -74 -81 -89 -91 -89 -86 -84 -84 -83 -9999 -9999 -9999 -9999 -9999 -9999 -9999 -9999 -9999 -9999 -9999 -112 -111 -113 -114 -114 -115 -116 -116 -116 -117 -117 -118 -118 -117 -118 -118 -119 -119 -118 -116 -113 -110 -108 -105 -103 -103 -102 -101
-9999 -9999 -9999 -9999 -9999 -9999 -9999 -9999 -9999 -9999 -9999 -9999 -9999 -9999 -9999 -9999 -9999 -9999 -9999 -9999 -9999 -9999 -9999 -9999 -9999 -9999 -9999 -9999 -9999 -9999 -9999 -9999 -9999 -9999 -47 -53 -57 -63 -69 -76 -85 -97 -101 -98 -94 -90 -88 -89 -9999 -9999 -9999 -9999 -9999 -9999 -124 -9999 -9999 -9999 -9999 -9999 -111 -110 -109 -112 -115 -115 -114 -114 -114 -113 -114 -115 -114 -114 -114 -113 -113 -113 -112 -110 -107 -104 -102 -101 -103 -101 -101
-9999 -9999 -9999 -9999 -9999 -9999 -9999 -9999 -9999 -9999 -9999 -9999 -9999 -9999 -9999 -9999 -9999 -9999 -9999 -9999 -9999 -9999 -9999 -9999 -9999 -9999 -9999 -9999 -9999 -9999 -9999 -9999 -9999 -56 -56 -60 -60 -64 -69 -75 -85 -96 -102 -100 -97 -95 -91 -90 -92 -98 -103 -9999 -9999 -9999 -9999 -9999 -9999 -9999 -9999 -9999 -9999 -108 -107 -108 -111 -111 -112 -111 -111 -111 -111 -112 -112 -110 -110 -110 -109 -109 -108 -107 -105 -102 -101 -102 -101 -100 -9999
-9999 -9999 -9999 -9999 -9999 -9999 -9999 -9999 -9999 -9999 -9999 -9999 -9999 -9999 -9999 -9999 -9999 -9999 -9999 -9999 -9999 -9999 -9999 -9999 -9999 -9999 -9999 -9999 -9999 -9999 -9999 -9999 -9999 -67 -66 -65 -66 -67 -69 -73 -82 -92 -99 -101 -99 -96 -92 -89 -89 -95 -103 -9999 -9999 -9999 -9999 -9999 -9999 -9999 -9999 -9999 -112 -112 -111 -108 -108 -108 -108 -108 -107 -107 -108 -108 -108 -107 -106 -105 -105 -105 -105 -104 -101 -100 -99 -101 -100 -9999 -9999
-9999 -9999 -9999 -9999 -9999 -9999 -9999 -9999 -9999 -9999 -9999 -9999 -9999 -9999 -9999 -9999 -9999 -9999 -9999 -9999 -9999 -9999 -9999 -9999 -9999 -9999 -9999 -9999 -9999 -9999 -9999 -9999 -9999 -80 -77 -73 -71 -69 -69 -71 -80 -90 -97 -101 -102 -98 -92 -86 -84 -88 -96 -9999 -9999 -9999 -9999 -112 -9999 -9999 -9999 -117 -112 -107 -105 -106 -106 -107 -106 -104 -103 -101 -103 -103 -102 -101 -100 -99 -99 -100 -100 -101 -100 -99 -9999 -100 -100 -9999 -9999
-9999 -9999 -9999 -9999 -9999 -9999 -9999 -9999 -9999 -9999 -9999 -9999 -9999 -9999 -9999 -9999 -9999 -9999 -9999 -9999 -9999 -9999 -9999 -9999 -9999 -9999 -9999 -9999 -9999 -9999 -9999 -9999 -9999 -92 -85 -77 -72 -70 -70 -73 -81 -90 -97 -102 -103 -99 -91 -82 -80 -82 -9999 -9999 -9999 -9999 -9999 -9999 -108 -111 -114 -113 -108 -104 -103 -104 -102 -103 -104 -102 -100 -98 -97 -96 -96 -95 -95 -95 -96 -96 -96 -97 -98 -9999 -9999 -9999 -9999 -9999 -9999
-9999 -9999 -9999 -9999 -9999 -9999 -9999 -9999 -9999 -9999 -9999 -9999 -9999 -9999 -9999 -9999 -9999 -9999 -9999 -9999 -9999 -9999 -9999 -9999 -9999 -9999 -9999 -9999 -9999 -9999 -9999 -9999 -9999 -88 -81 -73 -69 -68 -69 -73 -80 -88 -95 -100 -104 -97 -88 -77 -69 -69 -9999 -83 -89 -96 -98 -101 -104 -104 -104 -102 -99 -99 -99 -100 -101 -100 -101 -103 -101 -96 -94 -94 -9999 -93 -9999 -9999 -9999 -9999 -9999 -9999 -9999 -9999 -9999 -9999 -9999 -9999 -9999
-9999 -9999 -9999 -9999 -9999 -9999 -9999 -9999 -9999 -9999 -9999 -9999 -9999 -9999 -9999 -9999 -9999 -9999 -9999 -9999 -9999 -9999 -9999 -9999 -9999 -9999 -9999 -9999 -9999 -9999 -9999 -9999 -9999 -69 -71 -67 -65 -65 -68 -73 -79 -85 -90 -95 -96 -92 -78 -9999 -67 -9999 -71 -76 -82 -90 -93 -96 -97 -96 -93 -90 -88 -90 -94 -95 -97 -98 -99 -101 -101 -98 -94 -9999 -9999 -9999 -9999 -9999 -9999 -9999 -9999 -9999 -9999 -9999 -9999 -9999 -9999 -9999 -9999
-9999 -9999 -9999 -9999 -9999 -9999 -9999 -9999 -9999 -9999 -9999 -9999 -9999 -9999 -9999 -9999 -9999 -9999 -9999 -9999 -9999 -9999 -9999 -9999 -9999 -9999 -9999 -9999 -9999 -9999 -9999 -9999 -9999 -64 -62 -58 -58 -61 -65 -71 -75 -80 -84 -85 -82 -80 -76 -70 -66 -66 -70 -75 -80 -86 -91 -94 -95 -93 -89 -85 -85 -89 -91 -93 -95 -97 -97 -96 -96 -96 -94 -91 -9999 -9999 -9999 -9999 -9999 -9999 -9999 -9999 -9999 -9999 -9999 -9999 -9999 -9999 -9999
-9999 -9999 -9999 -9999 -9999 -9999 -9999 -9999 -9999 -9999 -9999 -9999 -9999 -9999 -9999 -9999 -9999 -9999 -9999 -9999 -9999 -9999 -9999 -9999 -9999 -9999 -9999 -9999 -9999 -9999 -9999 -9999 -9999 -9999 -54 -50 -54 -56 -62 -67 -72 -76 -78 -80 -79 -78 -74 -69 -67 -66 -9999 -73 -78 -85 -90 -92 -93 -92 -90 -88 -9999 -89 -91 -92 -94 -95 -95 -95 -93 -93 -92 -9999 -9999 -9999 -9999 -9999 -9999 -9999 -9999 -9999 -9999 -9999 -9999 -9999 -9999 -9999 -9999
-9999 -9999 -9999 -9999 -9999 -9999 -9999 -9999 -9999 -9999 -9999 -9999 -9999 -9999 -9999 -9999 -9999 -9999 -9999 -9999 -9999 -9999 -9999 -9999 -9999 -9999 -9999 -9999 -9999 -9999 -9999 -9999 -9999 -9999 -9999 -44 -47 -54 -60 -65 -69 -72 -73 -73 -74 -74 -71 -70 -71 -69 -68 -74 -78 -84 -90 -93 -96 -94 -91 -90 -9999 -9999 -9999 -9999 -9999 -9999 -9999 -9999 -9999 -9999 -9999 -9999 -9999 -90 -91 -90 -9999 -9999 -9999 -9999 -9999 -9999 -9999 -9999 -9999 -9999 -9999
-9999 -9999 -9999 -9999 -9999 -9999 -9999 -9999 -9999 -9999 -9999 -9999 -9999 -9999 -9999 -9999 -9999 -9999 -9999 -9999 -9999 -9999 -9999 -9999 -9999 -9999 -9999 -9999 -9999 -9999 -9999 -9999 -9999 -9999 -9999 -42 -46 -53 -59 -64 -68 -70 -70 -68 -68 -69 -70 -70 -71 -70 -71 -74 -74 -85 -94 -96 -98 -97 -95 -95 -96 -9999 -9999 -9999 -9999 -9999 -9999 -9999 -9999 -9999 -9999 -9999 -9999 -91 -93 -92 -9999 -9999 -9999 -9999 -9999 -9999 -9999 -9999 -9999 -9999 -9999
-9999 -9999 -9999 -9999 -9999 -9999 -9999 -9999 -9999 -9999 -9999 -9999 -9999 -9999 -9999 -9999 -9999 -9999 -9999 -9999 -9999 -9999 -9999 -9999 -9999 -9999 -9999 -9999 -9999 -9999 -9999 -9999 -9999 -9999 -48 -47 -50 -54 -59 -64 -67 -69 -69 -67 -66 -65 -69 -70 -70 -72 -72 -79 -84 -90 -98 -104 -106 -102 -98 -96 -97 -9999 -9999 -9999 -9999 -9999 -9999 -9999 -9999 -9999 -9999 -9999 -9999 -9999 -9999 -9999 -9999 -9999 -9999 -9999 -9999 -9999 -9999 -9999 -9999 -9999 -9999
-9999 -9999 -9999 -9999 -9999 -9999 -9999 -9999 -9999 -9999 -9999 -9999 -9999 -9999 -9999 -9999 -9999 -9999 -9999 -9999 -9999 -9999 -9999 -9999 -9999 -9999 -9999 -9999 -9999 -9999 -9999 -9999 -9999 -9999 -48 -49 -51 -56 -61 -64 -67 -68 -68 -67 -65 -65 -9999 -71 -72 -74 -78 -81 -86 -94 -102 -110 -114 -109 -9999 -9999 -9999 -9999 -9999 -9999 -96 -97 -9999 -9999 -9999 -9999 -9999 -9999 -9999 -9999 -9999 -9999 -9999 -9999 -9999 -9999 -9999 -9999 -9999 -9999 -9999 -9999 -9999
-9999 -9999 -9999 -9999 -9999 -9999 -9999 -9999 -9999 -9999 -9999 -9999 -9999 -9999 -9999 -9999 -9999 -9999 -9999 -9999 -9999 -9999 -9999 -9999 -9999 -9999 -9999 -9999 -9999 -9999 -9999 -9999 -9999 -9999 -49 -50 -55 -58 -62 -65 -66 -67 -67 -67 -67 -67 -9999 -9999 -9999 -9999 -9999 -85 -88 -96 -101 -114 -123 -9999 -9999 -9999 -9999 -9999 -9999 -96 -97 -97 -100 -101 -9999 -9999 -9999 -9999 -9999 -9999 -9999 -9999 -9999 -9999 -9999 -9999 -9999 -9999 -9999 -110 -111 -113 -116
-9999 -9999 -9999 -9999 -9999 -9999 -9999 -9999 -9999 -9999 -9999 -9999 -9999 -9999 -9999 -9999 -9999 -9999 -9999 -9999 -9999 -9999 -9999 -9999 -9999 -9999 -9999 -9999 -9999 -9999 -9999 -9999 -9999 -9999 -9999 -52 -58 -61 -63 -66 -67 -66 -67 -68 -70 -72 -75 -78 -81 -9999 -85 -86 -90 -9999 -9999 -9999 -9999 -9999 -9999 -99 -99 -99 -98 -98 -97 -98 -98 -100 -9999 -9999 -9999 -9999 -9999 -9999 -9999 -9999 -9999 -9999 -9999 -9999 -9999 -9999 -108 -110 -114 -117 -120
-9999 -9999 -9999 -9999 -9999 -9999 -9999 -9999 -9999 -9999 -9999 -9999 -9999 -9999 -9999 -9999 -9999 -9999 -9999 -9999 -9999 -9999 -9999 -9999 -9999 -9999 -9999 -9999 -9999 -9999 -9999 -9999 -9999 -9999 -9999 -9999 -59 -62 -66 -68 -69 -69 -70 -72 -74 -76 -78 -82 -85 -88 -86 -87 -9999 -9999 -9999 -9999 -95 -93 -95 -98 -99 -100 -100 -100 -98 -98 -99 -100 -9999 -9999 -9999 -9999 -9999 -9999 -9999 -9999 -9999 -9999 -114 -112 -110 -107 -109 -114 -119 -122 -125
-9999 -9999 -9999 -9999 -9999 -9999 -9999 -9999 -9999 -9999 -9999 -9999 -9999 -9999 -9999 -9999 -9999 -9999 -9999 -9999 -9999 -9999 -9999 -9999 -9999 -9999 -9999 -9999 -9999 -9999 -9999 -9999 -9999 -9999 -9999 -9999 -9999 -65 -69 -70 -72 -73 -74 -76 -77 -80 -82 -84 -87 -87 -87 -91 -91 -94 -96 -98 -97 -94 -96 -99 -101 -101 -101 -101 -100 -101 -103 -104 -106 -109 -9999 -9999 -111 -111 -112 -114 -116 -116 -117 -116 -113 -112 -114 -120 -126 -130 -131
-9999 -9999 -9999 -9999 -9999 -9999 -9999 -9999 -9999 -9999 -9999 -9999 -9999 -9999 -9999 -9999 -9999 -9999 -9999 -9999 -9999 -9999 -9999 -9999 -9999 -9999 -9999 -9999 -9999 -9999 -9999 -9999 -9999 -9999 -9999 -59 -68 -70 -71 -73 -74 -76 -77 -79 -81 -84 -86 -88 -89 -90 -91 -93 -95 -96 -97 -99 -97 -96 -97 -100 -103 -104 -103 -102 -102 -104 -105 -107 -109 -111 -113 -113 -112 -113 -114 -117 -120 -122 -122 -121 -120 -118 -121 -127 -132 -135 -136
-9999 -9999 -9999 -9999 -9999 -9999 -9999 -9999 -9999 -9999 -9999 -9999 -9999 -9999 -9999 -9999 -9999 -9999 -9999 -9999 -9999 -9999 -9999 -9999 -9999 -9999 -43 -43 -44 -44 -45 -47 -50 -53 -54 -64 -67 -71 -74 -76 -77 -79 -80 -83 -85 -88 -90 -92 -92 -93 -95 -96 -97 -98 -98 -98 -98 -98 -99 -102 -105 -105 -105 -106 -106 -107 -108 -109 -111 -113 -114 -115 -114 -116 -118 -121 -125 -128 -128 -126 -126 -126 -127 -130 -135 -137 -137
-9999 -9999 -9999 -9999 -9999 -9999 -9999 -9999 -9999 -9999 -9999 -9999 -9999 -9999 -9999 -9999 -9999 -9999 -9999 -9999 -9999 -9999 -41 -43 -43 -43 -43 -46 -46 -47 -49 -51 -53 -56 -60 -63 -67 -71 -75 -78 -80 -82 -84 -86 -88 -91 -94 -95 -96 -96 -97 -98 -99 -99 -100 -100 -101 -101 -102 -104 -105 -106 -108 -109 -109 -111 -113 -113 -114 -114 -115 -115 -115 -117 -121 -125 -128 -131 -130 -130 -130 -130 -132 -133 -136 -138 -137
-9999 -9999 -9999 -9999 -9999 -9999 -9999 -9999 -9999 -9999 -9999 -9999 -9999 -9999 -9999 -29 -29 -31 -33 -35 -38 -40 -42 -45 -46 -47 -47 -48 -50 -51 -53 -55 -58 -59 -63 -65 -68 -73 -77 -80 -83 -85 -88 -90 -93 -93 -95 -98 -98 -98 -99 -99 -99 -100 -100 -102 -102 -103 -105 -107 -107 -108 -110 -111 -113 -115 -116 -116 -116 -117 -117 -117 -117 -119 -122 -126 -129 -132 -133 -132 -132 -134 -135 -135 -137 -138 -138
-9999 -9999 -9999 -9999 -9999 -9999 -9999 -9999 -9999 -9999 -9999 -9999 -9999 -9999 -27 -28 -9999 -34 -35 -37 -39 -42 -44 -47 -49 -50 -50 -50 -52 -54 -56 -59 -61 -63 -65 -68 -72 -75 -78 -81 -85 -87 -90 -93 -96 -98 -99 -100 -100 -100 -100 -100 -100 -101 -102 -103 -104 -105 -107 -108 -109 -110 -112 -113 -115 -117 -118 -118 -118 -119 -120 -119 -121 -123 -124 -127 -129 -131 -133 -133 -134 -134 -136 -137 -138 -137 -137
-9999 -9999 -9999 -9999 -9999 -9999 -9999 -9999 -9999 -9999 -9999 -9999 -9999 -27 -27 -9999 -9999 -34 -36 -39 -41 -44 -47 -50 -52 -53 -53 -53 -54 -57 -60 -62 -65 -67 -69 -72 -74 -76 -79 -83 -86 -89 -91 -96 -99 -100 -101 -102 -102 -103 -104 -101 -101 -102 -103 -104 -105 -107 -108 -109 -110 -113 -114 -115 -116 -117 -119 -120 -121 -121 -121 -123 -126 -127 -129 -130 -131 -133 -134 -134 -134 -135 -136 -136 -136 -137 -136
-9999 -9999 -9999 -9999 -9999 -9999 -9999 -9999 -9999 -9999 -9999 -9999 -9999 -28 -30 -31 -9999 -36 -38 -40 -43 -45 -48 -51 -53 -55 -55 -56 -58 -60 -64 -67 -69 -72 -75 -77 -78 -79 -81 -84 -87 -90 -93 -96 -98 -99 -101 -102 -102 -103 -103 -102 -102 -103 -104 -105 -106 -107 -109 -110 -111 -113 -114 -116 -117 -118 -120 -121 -122 -123 -125 -127 -129 -131 -132 -133 -134 -134 -134 -134 -134 -134 -134 -135 -136 -137 -136
-9999 -9999 -9999 -9999 -9999 -9999 -9999 -9999 -9999 -9999 -9999 -9999 -29 -29 -31 -33 -35 -9999 -40 -42 -44 -47 -49 -51 -54 -55 -57 -58 -60 -63 -66 -70 -72 -74 -77 -79 -80 -82 -84 -86 -88 -90 -92 -95 -96 -98 -100 -103 -103 -104 -104 -104 -104 -105 -105 -106 -107 -108 -109 -111 -112 -114 -115 -117 -119 -120 -121 -123 -125 -125 -126 -129 -132 -133 -134 -134 -134 -133 -133 -134 -134 -135 -135 -135 -135 -134 -134
-9999 -9999 -9999 -9999 -9999 -9999 -9999 -9999 -9999 -9999 -9999 -9999 -30 -31 -32 -34 -35 -40 -41 -43 -45 -47 -50 -52 -53 -56 -57 -59 -61 -63 -67 -71 -72 -74 -78 -79 -81 -83 -84 -87 -89 -91 -93 -94 -95 -96 -98 -101 -102 -104 -105 -105 -107 -106 -107 -108 -109 -109 -111 -112 -113 -115 -117 -119 -120 -122 -123 -124 -126 -127 -128 -131 -134 -135 -135 -134 -134 -134 -134 -135 -135 -137 -137 -137 -135 -133 -133
