resultados/variables_proyeccion_tiempo/variables_paleo_130k/bio6.asc
ncols 330
nrows 228
xllcorner -12.000000
yllcorner 34.000000
cellsize 0.166667
NODATA_value -9999
[rows 117 to 155 of 228, columns 87 to 173 of 330]
-9999 -9999 -9999 -9999 -9999 -9999 -9999 -9999 -9999 -9999 -9999 -9999 -31 -33 -34 -36 -39 -41 -42 -45 -47 -49 -50 -52 -54 -56 -58 -60 -62 -64 -66 -69 -71 -74 -76 -79 -81 -83 -86 -88 -90 -92 -94 -95 -97 -98 -100 -101 -103 -104 -105 -106 -107 -108 -110 -109 -110 -111 -112 -113 -114 -116 -118 -120 -121 -122 -122 -123 -124 -127 -130 -135 -138 -139 -138 -138 -138 -135 -135 -135 -137 -139 -140 -139 -137 -134 -133
-9999 -9999 -9999 -9999 -9999 -9999 -9999 -9999 -9999 -9999 -9999 -31 -32 -34 -36 -39 -41 -43 -44 -48 -49 -49 -51 -52 -54 -56 -59 -61 -62 -64 -66 -69 -71 -74 -77 -80 -83 -85 -87 -91 -97 -99 -99 -98 -99 -101 -102 -103 -105 -108 -108 -109 -110 -109 -109 -110 -111 -113 -114 -116 -117 -118 -120 -121 -121 -122 -123 -123 -124 -126 -129 -135 -139 -138 -138 -137 -136 -134 -135 -136 -138 -140 -142 -142 -140 -138 -137
-9999 -9999 -9999 -9999 -9999 -9999 -9999 -9999 -9999 -28 -29 -31 -33 -35 -38 -40 -43 -45 -46 -48 -51 -51 -51 -53 -54 -57 -59 -61 -64 -65 -66 -67 -69 -73 -76 -81 -83 -87 -93 -97 -97 -97 -102 -102 -106 -106 -107 -107 -106 -107 -108 -108 -110 -111 -111 -110 -112 -114 -116 -120 -120 -120 -121 -121 -122 -123 -123 -124 -124 -126 -129 -134 -137 -136 -135 -134 -133 -132 -134 -136 -139 -142 -145 -146 -146 -144 -142
-9999 -9999 -9999 -9999 -9999 -9999 -9999 -9999 -26 -27 -29 -32 -34 -36 -39 -41 -43 -45 -46 -47 -49 -50 -52 -52 -54 -57 -59 -62 -65 -66 -67 -68 -70 -72 -74 -78 -85 -90 -95 -96 -101 -102 -105 -109 -109 -110 -117 -118 -115 -111 -110 -110 -111 -111 -111 -111 -112 -114 -116 -118 -120 -121 -122 -122 -124 -125 -124 -124 -125 -126 -129 -132 -134 -134 -135 -134 -134 -133 -135 -138 -142 -146 -149 -153 -153 -149 -147
-9999 -9999 -9999 -9999 -9999 -9999 -9999 -22 -25 -27 -30 -33 -35 -37 -39 -42 -44 -45 -47 -48 -50 -51 -52 -53 -54 -57 -59 -61 -63 -65 -68 -70 -72 -75 -77 -80 -84 -90 -100 -99 -101 -103 -113 -112 -110 -113 -119 -131 -137 -129 -122 -117 -115 -114 -113 -112 -113 -115 -116 -118 -121 -121 -122 -123 -124 -125 -126 -125 -126 -127 -129 -131 -133 -134 -135 -135 -136 -137 -139 -143 -146 -150 -154 -156 -156 -153 -150
-9999 -9999 -9999 -9999 -9999 -18 -19 -22 -25 -28 -32 -34 -36 -39 -41 -43 -44 -46 -47 -49 -50 -51 -52 -54 -55 -57 -59 -61 -64 -67 -69 -72 -75 -78 -82 -87 -92 -98 -103 -101 -102 -103 -108 -113 -114 -118 -116 -121 -123 -123 -126 -125 -122 -119 -116 -115 -115 -116 -117 -119 -122 -124 -123 -124 -124 -125 -125 -126 -128 -128 -130 -132 -134 -135 -136 -138 -139 -142 -145 -150 -154 -156 -157 -158 -157 -155 -152
-9999 -9999 -9999 -9999 -20 -20 -20 -23 -26 -30 -33 -36 -38 -40 -42 -44 -45 -47 -48 -49 -50 -50 -53 -54 -57 -59 -61 -64 -68 -71 -74 -80 -84 -88 -94 -99 -105 -106 -105 -102 -104 -105 -110 -115 -117 -121 -123 -125 -124 -121 -118 -118 -115 -117 -117 -115 -115 -116 -119 -122 -124 -125 -126 -127 -125 -125 -126 -126 -128 -130 -131 -133 -134 -135 -137 -139 -142 -147 -152 -156 -159 -161 -161 -159 -158 -156 -153
-9999 -19 -21 -21 -21 -22 -23 -25 -28 -31 -34 -37 -39 -41 -43 -44 -46 -47 -48 -48 -49 -50 -53 -55 -58 -60 -64 -70 -76 -82 -85 -88 -91 -97 -100 -110 -115 -110 -107 -108 -108 -107 -112 -122 -120 -122 -128 -125 -124 -123 -121 -118 -117 -118 -118 -118 -117 -119 -121 -124 -126 -127 -129 -129 -128 -128 -128 -129 -132 -135 -135 -135 -136 -137 -138 -141 -148 -153 -159 -164 -165 -164 -163 -161 -159 -156 -154
-15 -18 -21 -23 -24 -24 -26 -28 -30 -34 -36 -38 -40 -42 -43 -45 -47 -49 -50 -48 -48 -49 -52 -56 -58 -61 -63 -70 -76 -81 -86 -92 -93 -98 -106 -111 -110 -106 -110 -111 -106 -109 -115 -121 -122 -125 -124 -127 -124 -124 -120 -118 -120 -119 -119 -120 -122 -123 -124 -126 -129 -131 -133 -134 -135 -135 -133 -131 -137 -141 -145 -144 -145 -143 -142 -146 -154 -161 -167 -173 -175 -172 -167 -164 -160 -156 -153
-15 -18 -21 -24 -25 -26 -28 -31 -34 -36 -39 -41 -43 -44 -45 -46 -47 -48 -49 -49 -50 -50 -52 -55 -58 -62 -64 -67 -73 -78 -82 -89 -92 -96 -107 -106 -105 -104 -106 -110 -110 -120 -122 -120 -125 -124 -127 -131 -130 -128 -127 -127 -127 -125 -122 -124 -127 -128 -130 -130 -132 -136 -137 -140 -144 -145 -146 -145 -142 -145 -147 -150 -152 -148 -148 -155 -168 -173 -176 -182 -183 -179 -172 -167 -162 -159 -154
-17 -20 -22 -24 -26 -28 -31 -33 -35 -38 -42 -46 -46 -47 -47 -48 -49 -50 -51 -51 -54 -54 -60 -62 -62 -64 -66 -66 -71 -77 -81 -85 -93 -101 -99 -104 -103 -103 -107 -111 -115 -120 -121 -124 -127 -131 -130 -133 -141 -141 -136 -133 -131 -128 -125 -130 -132 -132 -135 -135 -137 -142 -144 -147 -151 -155 -161 -163 -159 -155 -151 -151 -151 -151 -156 -162 -172 -178 -185 -187 -185 -182 -180 -174 -165 -161 -157
-17 -20 -23 -26 -28 -30 -32 -34 -38 -41 -45 -48 -49 -50 -51 -51 -52 -53 -53 -57 -60 -72 -79 -75 -74 -73 -74 -72 -72 -79 -83 -88 -96 -99 -97 -96 -98 -102 -106 -113 -124 -122 -123 -126 -133 -137 -134 -132 -136 -142 -146 -142 -141 -133 -137 -138 -139 -139 -139 -143 -145 -149 -153 -155 -161 -160 -155 -151 -155 -153 -153 -151 -149 -149 -152 -155 -162 -170 -175 -179 -180 -180 -176 -173 -171 -163 -159
-22 -23 -24 -26 -28 -30 -32 -36 -39 -42 -47 -48 -50 -52 -52 -55 -57 -57 -57 -63 -68 -75 -83 -84 -83 -81 -81 -86 -78 -74 -77 -88 -88 -87 -92 -99 -102 -98 -100 -108 -119 -122 -124 -129 -137 -134 -128 -131 -134 -137 -141 -144 -142 -142 -143 -142 -146 -143 -146 -154 -159 -160 -163 -159 -154 -149 -149 -151 -153 -150 -147 -145 -148 -149 -149 -152 -157 -162 -168 -171 -171 -171 -175 -177 -165 -165 -165
-24 -25 -26 -28 -30 -32 -36 -40 -43 -46 -49 -51 -54 -53 -53 -56 -56 -56 -63 -70 -70 -72 -76 -82 -82 -84 -85 -84 -78 -78 -82 -87 -92 -93 -96 -106 -100 -94 -98 -103 -110 -117 -121 -125 -128 -126 -127 -129 -131 -133 -136 -135 -133 -135 -141 -144 -145 -149 -150 -150 -151 -151 -151 -159 -154 -150 -152 -156 -158 -152 -148 -144 -142 -144 -146 -149 -153 -157 -160 -163 -164 -165 -169 -178 -172 -172 -178
-25 -26 -28 -30 -32 -36 -39 -42 -45 -48 -51 -52 -52 -52 -55 -55 -58 -66 -64 -65 -67 -68 -73 -75 -80 -80 -79 -77 -79 -86 -91 -89 -94 -94 -91 -92 -92 -92 -95 -101 -110 -117 -117 -116 -118 -122 -124 -126 -128 -131 -131 -134 -133 -130 -131 -142 -149 -147 -148 -147 -153 -159 -158 -158 -156 -156 -157 -157 -157 -156 -152 -144 -143 -145 -146 -149 -151 -154 -157 -159 -161 -162 -164 -166 -170 -174 -172
-23 -25 -27 -31 -34 -36 -39 -42 -45 -47 -51 -55 -56 -57 -59 -61 -63 -65 -66 -65 -64 -62 -63 -67 -72 -73 -69 -77 -86 -86 -92 -90 -85 -87 -87 -88 -93 -96 -96 -98 -106 -114 -111 -111 -115 -116 -117 -122 -127 -127 -127 -132 -131 -130 -129 -137 -144 -149 -149 -154 -156 -156 -158 -157 -157 -155 -155 -157 -155 -152 -150 -145 -147 -150 -151 -155 -154 -154 -159 -161 -160 -162 -162 -165 -164 -166 -161
-24 -26 -27 -30 -32 -35 -37 -40 -43 -46 -48 -50 -50 -50 -54 -56 -58 -60 -62 -61 -58 -57 -61 -63 -65 -70 -78 -87 -86 -85 -86 -86 -89 -88 -87 -85 -90 -99 -99 -102 -102 -106 -105 -109 -110 -112 -114 -122 -123 -123 -123 -124 -129 -130 -132 -135 -139 -145 -150 -157 -156 -153 -153 -153 -152 -152 -156 -161 -162 -157 -151 -148 -149 -152 -153 -155 -159 -161 -162 -166 -168 -170 -168 -167 -166 -164 -160
-24 -26 -27 -30 -32 -36 -37 -39 -40 -42 -43 -44 -48 -50 -51 -51 -52 -54 -56 -57 -57 -57 -58 -61 -67 -77 -78 -81 -84 -85 -87 -89 -91 -88 -82 -81 -83 -95 -100 -103 -103 -105 -105 -106 -108 -111 -115 -117 -120 -121 -120 -121 -125 -130 -133 -135 -140 -143 -149 -154 -156 -154 -153 -153 -153 -156 -157 -164 -160 -156 -153 -155 -156 -155 -158 -158 -158 -160 -161 -164 -167 -170 -168 -167 -163 -165 -164
-23 -24 -26 -31 -33 -35 -37 -39 -38 -39 -42 -43 -44 -47 -49 -52 -52 -52 -54 -56 -59 -56 -54 -62 -66 -68 -71 -74 -78 -80 -86 -88 -90 -89 -78 -78 -80 -90 -92 -96 -97 -98 -101 -105 -109 -113 -116 -118 -120 -120 -120 -119 -124 -130 -135 -136 -138 -142 -146 -151 -154 -159 -154 -157 -155 -159 -159 -159 -157 -155 -154 -154 -155 -154 -160 -161 -161 -163 -162 -163 -163 -164 -162 -162 -160 -167 -165
-22 -24 -28 -31 -33 -35 -37 -39 -40 -40 -41 -43 -45 -45 -48 -51 -52 -54 -52 -53 -54 -55 -55 -60 -66 -67 -68 -69 -73 -78 -84 -87 -87 -83 -75 -75 -77 -82 -86 -88 -89 -92 -98 -103 -109 -112 -115 -117 -119 -121 -122 -122 -125 -129 -135 -137 -137 -139 -143 -147 -149 -152 -157 -163 -167 -165 -161 -159 -156 -154 -154 -153 -153 -153 -157 -159 -162 -162 -163 -161 -159 -158 -160 -156 -155 -159 -157
-22 -24 -26 -29 -33 -36 -38 -40 -41 -41 -40 -42 -45 -46 -47 -50 -54 -54 -55 -52 -54 -54 -55 -60 -66 -66 -66 -66 -72 -76 -79 -80 -80 -74 -72 -72 -77 -81 -85 -85 -87 -94 -101 -101 -106 -110 -113 -115 -118 -121 -124 -127 -128 -130 -133 -137 -137 -137 -143 -149 -152 -156 -158 -168 -171 -177 -177 -170 -164 -158 -153 -152 -154 -152 -154 -158 -161 -157 -158 -157 -155 -154 -152 -151 -150 -151 -153
-19 -22 -25 -28 -31 -35 -38 -40 -41 -38 -39 -40 -44 -45 -46 -49 -54 -55 -56 -53 -55 -53 -55 -59 -61 -63 -63 -65 -70 -71 -72 -72 -71 -70 -69 -77 -80 -84 -85 -84 -86 -91 -98 -102 -105 -108 -113 -113 -114 -121 -124 -127 -127 -129 -131 -133 -135 -137 -138 -140 -143 -147 -156 -163 -165 -173 -177 -175 -172 -170 -162 -154 -155 -154 -154 -158 -157 -155 -154 -153 -151 -147 -145 -145 -145 -147 -148
-19 -22 -24 -27 -30 -33 -36 -37 -37 -39 -40 -41 -41 -42 -45 -49 -54 -56 -55 -54 -52 -55 -55 -57 -58 -59 -62 -64 -68 -65 -66 -66 -66 -67 -78 -89 -93 -90 -89 -89 -89 -91 -94 -98 -108 -111 -113 -113 -113 -116 -118 -120 -121 -123 -126 -130 -135 -138 -141 -143 -144 -144 -146 -150 -157 -158 -164 -171 -173 -169 -164 -161 -160 -161 -157 -157 -156 -157 -153 -151 -146 -142 -140 -141 -144 -144 -143
-18 -20 -23 -26 -29 -31 -32 -33 -34 -36 -37 -39 -40 -41 -44 -48 -53 -55 -56 -55 -54 -55 -55 -55 -57 -59 -62 -69 -75 -65 -62 -62 -63 -70 -94 -93 -91 -88 -88 -89 -89 -94 -101 -105 -107 -107 -106 -107 -108 -111 -114 -117 -119 -124 -128 -132 -136 -138 -141 -143 -145 -147 -148 -149 -152 -154 -158 -164 -162 -165 -168 -163 -168 -171 -165 -161 -159 -155 -151 -146 -142 -140 -141 -141 -141 -141 -141
-18 -20 -21 -23 -24 -27 -30 -32 -33 -35 -36 -37 -38 -41 -45 -49 -52 -55 -56 -54 -57 -55 -55 -57 -57 -60 -63 -73 -74 -64 -56 -57 -62 -74 -87 -90 -88 -86 -85 -90 -95 -99 -104 -103 -102 -102 -103 -106 -108 -110 -111 -115 -119 -123 -127 -131 -133 -138 -141 -144 -146 -147 -148 -150 -149 -150 -154 -157 -154 -154 -162 -158 -158 -164 -168 -169 -165 -155 -145 -139 -137 -136 -135 -136 -136 -137 -137
-18 -19 -21 -24 -24 -28 -30 -32 -35 -32 -34 -37 -40 -43 -47 -48 -49 -52 -53 -54 -55 -55 -57 -58 -59 -63 -64 -71 -68 -53 -52 -53 -66 -73 -83 -89 -89 -88 -89 -93 -94 -95 -96 -96 -98 -101 -104 -105 -107 -109 -110 -113 -117 -121 -126 -131 -135 -139 -141 -141 -143 -144 -144 -145 -147 -151 -153 -151 -148 -144 -143 -144 -146 -149 -154 -156 -150 -147 -144 -139 -137 -138 -137 -130 -131 -134 -136
-17 -18 -21 -24 -24 -27 -29 -30 -31 -32 -35 -37 -41 -43 -44 -47 -49 -51 -50 -53 -53 -55 -58 -62 -63 -70 -78 -77 -57 -46 -49 -50 -60 -82 -91 -92 -91 -88 -87 -87 -86 -87 -92 -96 -100 -102 -105 -107 -108 -108 -110 -112 -116 -121 -126 -132 -136 -138 -139 -144 -144 -142 -143 -146 -153 -156 -156 -151 -149 -149 -148 -147 -149 -148 -149 -147 -148 -148 -148 -149 -149 -145 -136 -130 -131 -133 -135
-18 -18 -21 -22 -24 -22 -23 -26 -29 -32 -36 -36 -38 -41 -44 -46 -46 -47 -47 -48 -48 -51 -54 -61 -66 -70 -75 -74 -47 -41 -44 -52 -74 -85 -88 -89 -90 -84 -80 -79 -83 -87 -89 -95 -103 -105 -109 -113 -111 -110 -110 -111 -116 -121 -129 -134 -134 -134 -139 -142 -144 -143 -139 -147 -153 -157 -156 -156 -161 -160 -160 -161 -162 -161 -163 -164 -166 -166 -161 -162 -156 -147 -135 -132 -134 -132 -133
-19 -20 -21 -23 -25 -24 -23 -26 -28 -30 -33 -36 -39 -42 -45 -46 -45 -43 -44 -45 -46 -48 -52 -55 -58 -65 -63 -51 -40 -36 -41 -66 -75 -82 -81 -77 -78 -71 -68 -67 -69 -79 -84 -96 -102 -111 -115 -117 -115 -113 -112 -112 -116 -122 -132 -140 -145 -141 -152 -152 -159 -161 -152 -147 -166 -164 -166 -176 -180 -179 -174 -176 -170 -171 -172 -177 -175 -175 -176 -172 -159 -143 -140 -135 -131 -129 -130
-21 -21 -22 -24 -25 -25 -23 -24 -28 -30 -32 -35 -39 -43 -44 -42 -40 -40 -40 -41 -43 -48 -51 -51 -54 -54 -51 -47 -43 -40 -38 -49 -58 -62 -60 -64 -64 -64 -65 -66 -67 -71 -79 -91 -105 -118 -120 -126 -124 -122 -130 -125 -129 -135 -143 -153 -158 -150 -155 -157 -172 -170 -174 -175 -173 -175 -176 -179 -180 -183 -181 -178 -180 -177 -181 -181 -178 -174 -168 -173 -170 -154 -150 -140 -134 -130 -129
-24 -23 -21 -23 -25 -24 -23 -25 -28 -32 -33 -34 -39 -44 -44 -39 -37 -37 -37 -39 -43 -45 -48 -52 -55 -56 -58 -56 -58 -52 -56 -59 -59 -57 -56 -60 -60 -64 -71 -71 -78 -86 -83 -95 -109 -126 -127 -137 -135 -136 -138 -141 -139 -157 -158 -151 -149 -158 -168 -172 -177 -173 -181 -184 -169 -175 -185 -185 -179 -183 -189 -188 -187 -184 -177 -170 -167 -167 -172 -164 -159 -149 -146 -141 -133 -130 -129
-23 -22 -21 -22 -26 -25 -24 -25 -32 -38 -36 -36 -38 -41 -40 -36 -35 -35 -37 -38 -39 -46 -52 -59 -64 -67 -71 -75 -70 -65 -60 -53 -55 -59 -60 -56 -60 -59 -65 -80 -93 -96 -84 -106 -123 -133 -139 -143 -144 -134 -135 -146 -141 -139 -152 -167 -162 -180 -179 -179 -181 -179 -179 -177 -181 -190 -192 -193 -193 -189 -185 -181 -179 -174 -171 -176 -166 -164 -160 -153 -145 -139 -136 -134 -130 -128 -127
-18 -20 -21 -23 -25 -27 -24 -25 -30 -37 -32 -32 -36 -40 -34 -33 -33 -34 -36 -37 -43 -51 -58 -68 -73 -79 -77 -68 -55 -55 -54 -62 -66 -61 -57 -56 -68 -82 -90 -85 -101 -90 -107 -120 -115 -134 -144 -142 -137 -147 -152 -170 -158 -150 -167 -171 -177 -185 -195 -196 -194 -202 -195 -191 -196 -196 -185 -180 -181 -180 -177 -175 -181 -174 -177 -162 -155 -152 -150 -144 -139 -135 -132 -130 -127 -126 -126
-19 -21 -22 -23 -23 -24 -23 -23 -28 -31 -29 -34 -34 -31 -30 -31 -32 -33 -35 -40 -52 -61 -66 -75 -80 -69 -56 -56 -59 -61 -62 -68 -77 -82 -72 -82 -78 -98 -114 -110 -120 -112 -94 -114 -129 -141 -148 -141 -145 -166 -165 -161 -158 -147 -160 -170 -165 -181 -185 -185 -180 -188 -181 -183 -180 -179 -174 -185 -182 -173 -170 -168 -174 -170 -170 -169 -150 -144 -143 -140 -136 -133 -130 -128 -126 -125 -123
-20 -22 -23 -24 -24 -23 -22 -23 -25 -26 -28 -29 -31 -29 -29 -31 -31 -32 -37 -47 -54 -67 -74 -75 -57 -61 -63 -67 -75 -83 -65 -76 -84 -91 -96 -126 -112 -121 -120 -105 -95 -90 -113 -124 -139 -138 -137 -143 -138 -162 -159 -145 -135 -147 -143 -149 -155 -167 -174 -176 -176 -171 -165 -169 -163 -160 -153 -163 -167 -160 -162 -160 -163 -158 -159 -165 -144 -140 -136 -133 -130 -128 -127 -124 -123 -123 -121
-21 -26 -26 -25 -25 -25 -24 -23 -26 -25 -26 -30 -29 -29 -29 -29 -30 -34 -44 -48 -63 -76 -81 -60 -55 -66 -74 -81 -95 -93 -94 -99 -113 -149 -133 -140 -119 -125 -119 -132 -122 -117 -117 -136 -134 -137 -136 -138 -133 -131 -128 -120 -116 -130 -134 -152 -157 -164 -168 -167 -168 -167 -162 -155 -156 -153 -150 -148 -146 -147 -150 -153 -150 -150 -148 -148 -147 -144 -135 -128 -126 -122 -120 -119 -120 -120 -119
-23 -25 -27 -32 -27 -26 -26 -26 -24 -25 -27 -31 -31 -32 -28 -30 -30 -39 -44 -52 -66 -73 -49 -45 -53 -66 -70 -93 -100 -112 -120 -131 -144 -122 -125 -130 -105 -105 -79 -115 -112 -116 -125 -133 -147 -134 -133 -130 -155 -138 -123 -111 -103 -121 -137 -144 -147 -153 -154 -152 -159 -149 -134 -126 -136 -153 -149 -155 -154 -144 -149 -155 -156 -153 -148 -136 -146 -143 -129 -121 -120 -120 -119 -117 -115 -115 -114
-28 -32 -34 -31 -27 -27 -27 -31 -27 -28 -30 -38 -38 -30 -28 -29 -31 -39 -47 -61 -67 -42 -43 -66 -83 -94 -80 -96 -95 -88 -98 -108 -102 -117 -97 -100 -82 -71 -73 -70 -87 -67 -107 -115 -109 -105 -104 -119 -131 -119 -119 -95 -103 -122 -129 -133 -138 -135 -133 -139 -136 -116 -111 -92 -108 -121 -121 -136 -133 -137 -123 -121 -130 -136 -130 -122 -119 -120 -118 -120 -119 -119 -116 -115 -114 -112 -111
-34 -40 -38 -33 -29 -28 -34 -42 -32 -27 -33 -41 -35 -26 -30 -32 -33 -40 -58 -59 -48 -53 -59 -68 -76 -95 -113 -87 -107 -127 -137 -137 -148 -118 -64 -76 -66 -46 -49 -63 -53 -66 -80 -92 -100 -103 -103 -109 -128 -100 -100 -89 -99 -111 -113 -114 -110 -100 -109 -122 -97 -79 -73 -71 -69 -74 -86 -102 -107 -112 -110 -103 -104 -112 -116 -120 -114 -118 -112 -106 -107 -110 -112 -113 -112 -111 -109
