resultados/variables_proyeccion_tiempo/variables_paleo_130k/bio6.asc
ncols 330
nrows 228
xllcorner -12.000000
yllcorner 34.000000
cellsize 0.166667
NODATA_value -9999
[rows 78 to 116 of 228, columns 174 to 260 of 330]
-128 -126 -123 -120 -118 -116 -116 -117 -118 -9999 -9999 -9999 -9999 -9999 -9999 -9999 -9999 -9999 -9999 -9999 -9999 -9999 -9999 -9999 -9999 -9999 -9999 -9999 -9999 -9999 -168 -169 -170 -171 -171 -172 -172 -174 -174 -175 -176 -176 -177 -177 -177 -176 -176 -175 -174 -173 -172 -173 -174 -176 -177 -178 -179 -179 -179 -178 -179 -178 -179 -179 -180 -181 -181 -182 -182 -182 -182 -181 -181 -181 -181 -182 -181 -182 -182 -183 -184 -185 -187 -188 -190 -191 -192
-125 -123 -120 -118 -115 -114 -9999 -9999 -9999 -9999 -9999 -9999 -9999 -9999 -9999 -9999 -9999 -9999 -9999 -9999 -9999 -9999 -9999 -9999 -9999 -9999 -9999 -9999 -9999 -9999 -9999 -9999 -168 -169 -170 -170 -172 -172 -173 -174 -175 -176 -176 -177 -177 -177 -176 -175 -174 -172 -171 -172 -174 -175 -176 -177 -177 -179 -179 -178 -178 -178 -179 -179 -180 -181 -182 -182 -182 -182 -183 -182 -182 -181 -182 -183 -183 -182 -183 -184 -186 -187 -188 -190 -192 -192 -193
-123 -9999 -9999 -9999 -9999 -9999 -9999 -9999 -9999 -9999 -9999 -9999 -9999 -9999 -9999 -9999 -9999 -9999 -9999 -9999 -9999 -9999 -9999 -9999 -9999 -9999 -9999 -9999 -9999 -163 -163 -165 -167 -168 -169 -170 -170 -172 -172 -174 -175 -176 -177 -177 -178 -178 -176 -175 -173 -172 -171 -172 -172 -173 -174 -175 -176 -177 -178 -179 -179 -178 -179 -180 -180 -181 -182 -182 -183 -183 -184 -184 -183 -182 -182 -184 -185 -183 -184 -186 -187 -188 -189 -190 -192 -193 -193
-9999 -9999 -9999 -9999 -9999 -9999 -9999 -9999 -9999 -9999 -9999 -9999 -9999 -124 -9999 -9999 -9999 -9999 -9999 -9999 -9999 -9999 -9999 -9999 -9999 -9999 -9999 -9999 -160 -161 -163 -165 -166 -167 -168 -168 -169 -170 -9999 -9999 -174 -176 -177 -177 -178 -178 -176 -174 -172 -171 -172 -173 -173 -173 -173 -174 -175 -176 -177 -178 -178 -178 -179 -180 -180 -181 -182 -183 -185 -185 -186 -186 -186 -184 -183 -185 -185 -185 -186 -186 -187 -188 -189 -191 -191 -193 -194
-117 -9999 -9999 -9999 -9999 -9999 -9999 -9999 -9999 -9999 -9999 -9999 -9999 -9999 -9999 -9999 -9999 -9999 -9999 -9999 -9999 -9999 -9999 -9999 -9999 -9999 -9999 -9999 -9999 -160 -162 -162 -163 -164 -166 -167 -9999 -9999 -9999 -9999 -9999 -174 -176 -176 -176 -176 -175 -175 -173 -172 -171 -172 -173 -172 -172 -174 -175 -178 -178 -178 -179 -178 -180 -180 -181 -182 -182 -186 -188 -189 -188 -187 -187 -187 -185 -185 -185 -186 -186 -186 -188 -188 -189 -190 -192 -192 -193
-9999 -9999 -9999 -9999 -9999 -9999 -9999 -9999 -9999 -9999 -9999 -9999 -9999 -9999 -9999 -9999 -9999 -9999 -9999 -9999 -9999 -9999 -9999 -9999 -9999 -9999 -9999 -9999 -9999 -9999 -159 -160 -162 -163 -9999 -9999 -9999 -9999 -9999 -9999 -9999 -173 -174 -9999 -174 -175 -175 -174 -173 -172 -171 -173 -174 -173 -173 -176 -178 -181 -180 -180 -179 -179 -180 -180 -181 -182 -183 -185 -187 -188 -188 -188 -187 -186 -186 -186 -186 -186 -187 -187 -188 -190 -192 -192 -192 -192 -194
-9999 -9999 -9999 -9999 -9999 -9999 -9999 -9999 -9999 -109 -110 -113 -116 -118 -120 -9999 -9999 -9999 -9999 -9999 -9999 -9999 -9999 -9999 -9999 -9999 -9999 -9999 -9999 -157 -158 -159 -9999 -9999 -9999 -9999 -9999 -9999 -9999 -9999 -9999 -9999 -9999 -9999 -172 -174 -173 -173 -171 -170 -169 -171 -172 -172 -173 -174 -176 -179 -179 -180 -180 -180 -181 -181 -182 -182 -183 -185 -186 -185 -186 -186 -186 -186 -186 -186 -186 -186 -188 -189 -191 -191 -192 -194 -193 -193 -194
-9999 -9999 -9999 -9999 -9999 -9999 -9999 -9999 -105 -107 -109 -112 -113 -9999 -9999 -9999 -9999 -9999 -9999 -9999 -9999 -9999 -9999 -9999 -9999 -9999 -9999 -9999 -9999 -9999 -9999 -156 -157 -159 -9999 -9999 -9999 -164 -9999 -9999 -9999 -9999 -9999 -9999 -170 -171 -172 -171 -170 -167 -169 -170 -171 -172 -173 -174 -175 -177 -178 -181 -185 -184 -185 -184 -185 -184 -184 -185 -185 -185 -185 -185 -186 -185 -186 -187 -188 -188 -189 -190 -192 -193 -193 -193 -194 -194 -194
-9999 -9999 -9999 -9999 -9999 -9999 -102 -103 -104 -105 -107 -9999 -9999 -9999 -9999 -9999 -9999 -9999 -9999 -9999 -9999 -9999 -9999 -9999 -9999 -9999 -9999 -9999 -150 -152 -153 -156 -158 -158 -157 -9999 -9999 -9999 -9999 -9999 -9999 -9999 -9999 -9999 -167 -169 -169 -170 -168 -166 -168 -168 -169 -171 -172 -173 -175 -176 -179 -183 -185 -186 -186 -185 -185 -184 -184 -184 -185 -186 -185 -186 -187 -188 -191 -191 -190 -189 -190 -191 -191 -193 -193 -194 -194 -194 -194
-104 -9999 -9999 -9999 -9999 -9999 -101 -102 -104 -105 -106 -108 -9999 -9999 -9999 -9999 -9999 -9999 -9999 -9999 -9999 -9999 -9999 -9999 -9999 -9999 -146 -147 -149 -151 -152 -154 -156 -156 -157 -157 -157 -9999 -9999 -9999 -9999 -9999 -9999 -9999 -165 -166 -167 -166 -166 -166 -167 -169 -173 -174 -174 -175 -175 -177 -179 -182 -184 -184 -185 -184 -184 -184 -184 -184 -185 -186 -187 -187 -189 -192 -195 -193 -191 -189 -191 -192 -192 -193 -193 -194 -195 -195 -195
-103 -9999 -9999 -9999 -9999 -100 -101 -102 -103 -103 -104 -9999 -9999 -9999 -9999 -9999 -9999 -9999 -9999 -9999 -9999 -9999 -9999 -9999 -9999 -9999 -145 -145 -147 -150 -151 -152 -153 -156 -157 -155 -155 -155 -9999 -9999 -9999 -9999 -9999 -159 -161 -162 -163 -164 -165 -167 -171 -174 -176 -176 -176 -177 -176 -177 -179 -180 -181 -182 -183 -183 -183 -183 -184 -185 -185 -186 -187 -188 -189 -190 -190 -190 -190 -190 -191 -192 -193 -193 -193 -194 -194 -194 -195
-101 -9999 -9999 -9999 -9999 -9999 -101 -101 -101 -9999 -9999 -9999 -9999 -9999 -9999 -9999 -9999 -9999 -9999 -9999 -9999 -9999 -9999 -9999 -9999 -9999 -143 -144 -147 -148 -149 -150 -152 -154 -155 -155 -155 -155 -154 -153 -9999 -154 -155 -157 -158 -160 -161 -163 -165 -170 -173 -174 -175 -177 -178 -176 -177 -177 -178 -178 -179 -181 -183 -183 -182 -183 -183 -185 -185 -185 -186 -187 -187 -188 -188 -188 -189 -191 -192 -192 -192 -193 -194 -194 -193 -194 -196
-9999 -9999 -9999 -9999 -9999 -9999 -101 -101 -101 -9999 -9999 -9999 -9999 -9999 -9999 -9999 -9999 -9999 -9999 -9999 -9999 -9999 -9999 -9999 -139 -140 -142 -144 -147 -148 -147 -149 -151 -152 -153 -153 -154 -153 -152 -152 -153 -153 -153 -154 -156 -157 -159 -160 -163 -166 -169 -172 -174 -177 -178 -178 -175 -176 -176 -177 -178 -180 -182 -182 -182 -183 -184 -185 -186 -186 -186 -187 -189 -193 -195 -194 -192 -192 -192 -193 -193 -193 -193 -193 -194 -196 -200
-9999 -9999 -9999 -9999 -9999 -9999 -9999 -9999 -9999 -9999 -9999 -9999 -9999 -9999 -9999 -9999 -9999 -9999 -9999 -9999 -9999 -9999 -9999 -9999 -137 -139 -141 -142 -145 -145 -145 -147 -150 -151 -153 -152 -152 -151 -150 -150 -151 -151 -152 -153 -155 -155 -156 -159 -162 -164 -166 -168 -172 -173 -172 -173 -174 -175 -176 -177 -178 -180 -181 -182 -183 -183 -184 -185 -185 -185 -187 -188 -191 -193 -195 -197 -197 -196 -195 -192 -193 -193 -194 -194 -194 -196 -199
-9999 -9999 -9999 -9999 -9999 -9999 -9999 -9999 -9999 -9999 -9999 -9999 -9999 -9999 -9999 -9999 -9999 -9999 -9999 -9999 -9999 -9999 -9999 -9999 -136 -138 -139 -142 -144 -144 -144 -146 -147 -150 -150 -151 -151 -150 -149 -149 -149 -149 -150 -151 -152 -153 -156 -158 -161 -163 -165 -167 -168 -170 -171 -172 -173 -175 -176 -177 -179 -181 -182 -183 -184 -184 -184 -184 -185 -186 -188 -189 -192 -192 -194 -195 -196 -195 -194 -192 -192 -193 -194 -194 -195 -198 -200
-9999 -9999 -9999 -9999 -9999 -9999 -9999 -9999 -9999 -9999 -9999 -9999 -9999 -9999 -9999 -9999 -9999 -9999 -9999 -9999 -9999 -9999 -9999 -131 -133 -135 -136 -138 -142 -144 -142 -143 -144 -145 -147 -148 -148 -148 -148 -148 -148 -149 -149 -150 -151 -153 -156 -158 -161 -163 -165 -167 -167 -169 -170 -171 -172 -174 -177 -178 -179 -181 -182 -183 -184 -185 -184 -185 -186 -187 -188 -188 -190 -191 -193 -194 -195 -195 -194 -193 -193 -193 -194 -194 -197 -199 -199
-9999 -9999 -9999 -9999 -9999 -9999 -9999 -9999 -9999 -9999 -9999 -9999 -9999 -9999 -9999 -9999 -9999 -9999 -9999 -9999 -9999 -9999 -9999 -129 -130 -132 -134 -135 -138 -140 -141 -141 -142 -143 -145 -146 -147 -148 -148 -147 -148 -148 -148 -149 -150 -153 -156 -159 -161 -162 -164 -166 -168 -169 -170 -171 -172 -173 -176 -179 -180 -181 -183 -185 -185 -185 -185 -185 -186 -188 -189 -189 -189 -191 -192 -193 -195 -195 -195 -195 -195 -195 -195 -196 -197 -196 -197
-9999 -9999 -9999 -9999 -9999 -9999 -9999 -9999 -9999 -9999 -9999 -9999 -9999 -9999 -9999 -9999 -9999 -9999 -9999 -9999 -9999 -9999 -9999 -9999 -127 -129 -132 -134 -138 -141 -141 -141 -142 -143 -144 -145 -146 -147 -147 -147 -147 -147 -147 -148 -150 -154 -157 -159 -161 -163 -164 -167 -168 -170 -171 -171 -172 -173 -175 -178 -179 -181 -182 -183 -183 -183 -184 -184 -185 -187 -188 -189 -190 -191 -191 -192 -193 -193 -194 -194 -194 -194 -195 -195 -196 -196 -195
-9999 -9999 -9999 -9999 -9999 -9999 -9999 -9999 -9999 -9999 -9999 -9999 -9999 -9999 -9999 -9999 -9999 -9999 -9999 -9999 -9999 -9999 -9999 -9999 -124 -127 -130 -133 -136 -139 -141 -141 -142 -143 -144 -144 -145 -146 -147 -146 -146 -146 -147 -148 -151 -154 -156 -159 -161 -163 -164 -167 -168 -170 -171 -172 -172 -173 -175 -177 -178 -179 -180 -181 -182 -182 -183 -184 -185 -186 -187 -188 -189 -191 -191 -192 -193 -192 -194 -194 -194 -194 -194 -195 -195 -196 -196
-9999 -9999 -9999 -9999 -9999 -9999 -9999 -9999 -9999 -9999 -9999 -9999 -9999 -9999 -9999 -9999 -9999 -9999 -9999 -9999 -9999 -9999 -9999 -9999 -122 -124 -128 -133 -136 -137 -139 -142 -142 -143 -142 -143 -144 -145 -145 -146 -145 -146 -147 -149 -152 -155 -157 -160 -162 -163 -165 -167 -167 -169 -171 -172 -172 -174 -176 -177 -176 -178 -179 -180 -181 -181 -182 -183 -185 -186 -186 -187 -188 -189 -190 -191 -192 -194 -194 -194 -193 -193 -194 -194 -194 -195 -194
-9999 -9999 -9999 -9999 -9999 -9999 -9999 -9999 -9999 -9999 -9999 -9999 -9999 -9999 -9999 -9999 -9999 -9999 -9999 -9999 -9999 -9999 -9999 -9999 -120 -123 -126 -130 -134 -136 -138 -141 -142 -142 -142 -142 -142 -143 -144 -144 -145 -146 -147 -150 -152 -155 -157 -159 -161 -163 -165 -166 -169 -170 -171 -172 -172 -173 -175 -175 -176 -178 -179 -180 -180 -181 -182 -183 -184 -185 -186 -187 -188 -189 -189 -190 -192 -194 -195 -194 -194 -193 -193 -193 -194 -194 -194
-9999 -9999 -9999 -9999 -9999 -9999 -9999 -9999 -9999 -9999 -9999 -9999 -9999 -9999 -9999 -9999 -9999 -9999 -9999 -9999 -9999 -9999 -9999 -9999 -120 -123 -126 -129 -132 -134 -136 -137 -138 -138 -138 -138 -139 -141 -142 -143 -144 -145 -147 -150 -153 -156 -157 -159 -162 -164 -166 -167 -169 -170 -170 -172 -171 -172 -173 -174 -176 -177 -178 -178 -179 -180 -182 -183 -184 -185 -185 -186 -187 -188 -189 -190 -191 -192 -193 -192 -192 -193 -193 -193 -193 -193 -194
-9999 -9999 -9999 -9999 -9999 -9999 -9999 -9999 -9999 -9999 -9999 -9999 -9999 -9999 -9999 -9999 -9999 -9999 -9999 -9999 -9999 -9999 -117 -118 -118 -123 -126 -128 -129 -131 -133 -133 -133 -133 -134 -135 -137 -139 -141 -142 -143 -144 -147 -150 -154 -155 -158 -160 -162 -164 -165 -166 -167 -168 -169 -173 -172 -172 -172 -173 -175 -176 -177 -179 -181 -182 -184 -185 -185 -185 -186 -186 -187 -188 -188 -189 -190 -190 -191 -192 -193 -194 -193 -194 -193 -193 -192
-9999 -9999 -9999 -9999 -9999 -9999 -9999 -9999 -9999 -9999 -9999 -9999 -9999 -9999 -9999 -9999 -9999 -9999 -9999 -9999 -9999 -114 -116 -117 -9999 -123 -125 -127 -128 -130 -131 -131 -132 -132 -133 -134 -136 -138 -139 -141 -142 -145 -148 -150 -153 -155 -159 -160 -162 -163 -165 -165 -166 -167 -170 -172 -172 -174 -174 -175 -176 -177 -179 -180 -181 -182 -183 -184 -185 -185 -186 -186 -186 -187 -188 -189 -190 -190 -191 -191 -194 -195 -195 -194 -194 -193 -193
-9999 -9999 -9999 -9999 -9999 -9999 -9999 -105 -9999 -9999 -9999 -9999 -9999 -9999 -9999 -9999 -9999 -109 -111 -113 -113 -114 -116 -118 -121 -123 -126 -127 -129 -130 -131 -131 -132 -132 -133 -134 -136 -138 -140 -141 -143 -145 -148 -151 -154 -156 -158 -159 -161 -163 -164 -165 -165 -166 -168 -169 -172 -173 -175 -175 -177 -178 -179 -180 -181 -182 -183 -184 -185 -186 -186 -187 -187 -187 -188 -189 -190 -191 -191 -191 -192 -192 -194 -194 -193 -193 -192
-115 -115 -116 -117 -119 -117 -113 -109 -105 -99 -97 -9999 -9999 -9999 -9999 -9999 -9999 -109 -110 -112 -114 -115 -117 -119 -122 -125 -127 -129 -130 -132 -133 -134 -134 -134 -133 -135 -136 -138 -140 -142 -144 -146 -149 -153 -156 -157 -159 -159 -161 -163 -164 -165 -168 -167 -168 -169 -171 -173 -174 -175 -177 -177 -178 -180 -181 -182 -183 -183 -184 -185 -186 -189 -188 -188 -189 -192 -193 -192 -193 -193 -192 -192 -193 -193 -192 -192 -192
-118 -119 -121 -121 -123 -122 -119 -116 -110 -106 -96 -9999 -9999 -9999 -9999 -9999 -109 -110 -113 -114 -114 -116 -119 -122 -124 -127 -130 -132 -133 -135 -136 -136 -136 -136 -137 -138 -139 -140 -142 -144 -146 -148 -151 -154 -158 -160 -161 -161 -160 -163 -167 -168 -169 -170 -169 -169 -171 -172 -173 -175 -177 -177 -178 -179 -180 -183 -184 -183 -184 -186 -187 -188 -188 -189 -191 -192 -194 -194 -194 -194 -193 -193 -193 -193 -193 -192 -193
-122 -124 -126 -128 -129 -128 -125 -123 -118 -113 -107 -105 -105 -106 -108 -109 -111 -113 -117 -119 -122 -122 -124 -126 -129 -132 -135 -137 -139 -140 -140 -140 -142 -143 -145 -145 -143 -143 -144 -146 -147 -149 -153 -157 -159 -161 -161 -161 -162 -164 -166 -168 -170 -171 -171 -173 -173 -173 -174 -175 -177 -178 -179 -181 -182 -184 -183 -183 -184 -186 -187 -188 -188 -189 -191 -193 -193 -194 -195 -193 -193 -194 -194 -194 -194 -194 -194
-128 -129 -130 -131 -132 -131 -128 -126 -122 -115 -109 -107 -107 -108 -114 -117 -115 -117 -121 -123 -126 -127 -130 -131 -134 -137 -140 -142 -144 -144 -145 -147 -147 -147 -148 -147 -147 -146 -147 -149 -150 -152 -154 -157 -160 -162 -163 -163 -164 -165 -166 -168 -170 -171 -173 -173 -175 -175 -176 -177 -179 -179 -182 -184 -183 -183 -182 -183 -184 -185 -187 -187 -189 -190 -191 -192 -193 -194 -195 -193 -194 -194 -194 -193 -193 -193 -193
-133 -134 -134 -134 -132 -130 -127 -125 -122 -117 -113 -110 -110 -112 -115 -118 -121 -124 -125 -127 -129 -132 -136 -139 -141 -144 -147 -148 -147 -148 -148 -147 -148 -147 -147 -147 -146 -147 -148 -149 -151 -153 -155 -157 -160 -162 -164 -164 -164 -166 -167 -167 -168 -170 -170 -171 -173 -176 -178 -179 -182 -182 -183 -183 -182 -181 -182 -183 -184 -185 -186 -187 -188 -190 -191 -192 -193 -194 -195 -195 -194 -194 -194 -194 -193 -194 -194
-135 -135 -134 -134 -132 -130 -127 -124 -122 -118 -116 -114 -117 -119 -121 -125 -128 -130 -131 -133 -135 -138 -141 -144 -147 -149 -151 -150 -150 -150 -150 -149 -148 -148 -148 -147 -147 -148 -149 -150 -151 -153 -156 -158 -160 -162 -163 -164 -164 -166 -166 -167 -168 -169 -170 -171 -173 -175 -178 -181 -183 -184 -183 -182 -182 -182 -183 -184 -185 -186 -187 -188 -188 -190 -191 -192 -193 -194 -195 -194 -194 -194 -194 -193 -193 -193 -193
-136 -136 -137 -136 -133 -130 -128 -125 -123 -121 -119 -119 -122 -125 -127 -129 -132 -134 -135 -138 -140 -142 -144 -148 -150 -152 -153 -152 -152 -152 -152 -151 -150 -149 -148 -148 -148 -149 -150 -152 -153 -154 -156 -158 -160 -162 -163 -164 -165 -165 -166 -167 -170 -171 -171 -172 -174 -176 -178 -181 -182 -183 -183 -182 -182 -182 -183 -184 -185 -187 -187 -187 -189 -190 -191 -192 -193 -194 -194 -193 -194 -194 -193 -193 -193 -193 -193
-137 -138 -138 -137 -134 -131 -129 -126 -124 -123 -120 -124 -126 -128 -130 -133 -136 -141 -142 -144 -145 -146 -148 -150 -152 -153 -154 -155 -155 -155 -155 -154 -152 -150 -149 -149 -150 -152 -152 -154 -155 -156 -156 -158 -160 -162 -164 -165 -164 -166 -167 -169 -175 -175 -173 -173 -174 -176 -178 -179 -180 -181 -182 -182 -182 -182 -183 -184 -185 -187 -187 -188 -189 -190 -191 -192 -193 -193 -193 -193 -193 -194 -194 -193 -193 -193 -193
-138 -138 -137 -136 -135 -131 -129 -127 -124 -123 -123 -127 -128 -131 -134 -137 -140 -145 -147 -149 -150 -150 -150 -151 -153 -154 -156 -156 -157 -157 -157 -156 -154 -152 -152 -152 -151 -153 -153 -155 -156 -155 -156 -158 -160 -161 -163 -164 -165 -168 -170 -171 -173 -175 -175 -175 -176 -177 -178 -179 -180 -181 -182 -182 -183 -183 -184 -185 -186 -187 -187 -188 -189 -190 -191 -193 -193 -193 -193 -193 -193 -194 -194 -194 -193 -193 -194
-137 -137 -136 -135 -134 -132 -130 -127 -126 -126 -127 -129 -132 -134 -137 -140 -144 -147 -149 -152 -153 -152 -152 -152 -153 -155 -157 -158 -159 -158 -158 -158 -155 -153 -153 -152 -153 -152 -153 -155 -156 -157 -159 -161 -162 -164 -163 -166 -166 -168 -171 -172 -174 -175 -175 -176 -177 -178 -179 -180 -181 -182 -182 -183 -184 -184 -185 -185 -186 -187 -188 -189 -189 -191 -192 -192 -192 -193 -193 -194 -194 -194 -194 -194 -194 -194 -194
-136 -135 -135 -134 -133 -131 -130 -128 -126 -126 -128 -131 -134 -137 -140 -144 -146 -149 -151 -153 -154 -153 -153 -152 -153 -155 -157 -160 -160 -160 -160 -158 -158 -156 -154 -153 -153 -153 -154 -155 -157 -158 -160 -162 -164 -166 -167 -167 -169 -170 -170 -173 -174 -175 -176 -177 -178 -179 -180 -181 -181 -182 -182 -183 -184 -185 -185 -186 -187 -187 -188 -189 -190 -190 -191 -191 -192 -192 -193 -194 -195 -195 -194 -194 -195 -194 -193
-136 -136 -136 -135 -134 -134 -132 -131 -130 -129 -130 -134 -137 -141 -144 -146 -148 -150 -151 -152 -153 -151 -150 -150 -151 -153 -156 -159 -161 -161 -162 -161 -160 -158 -156 -154 -153 -153 -154 -156 -157 -159 -161 -163 -165 -166 -167 -168 -169 -170 -171 -172 -174 -174 -176 -177 -178 -179 -180 -180 -181 -182 -183 -183 -184 -185 -185 -187 -187 -188 -188 -189 -190 -190 -191 -191 -192 -193 -193 -194 -194 -194 -195 -194 -194 -194 -193
-134 -135 -136 -136 -136 -136 -135 -133 -134 -134 -135 -137 -140 -143 -146 -148 -151 -152 -152 -151 -150 -149 -147 -147 -147 -150 -154 -158 -161 -162 -162 -162 -161 -159 -157 -155 -154 -154 -155 -157 -158 -160 -162 -163 -165 -166 -168 -169 -170 -171 -171 -173 -174 -175 -176 -177 -178 -179 -180 -181 -181 -182 -183 -183 -184 -185 -185 -186 -187 -188 -188 -189 -190 -191 -191 -192 -193 -193 -193 -194 -194 -194 -195 -194 -194 -194 -194
-135 -136 -137 -137 -138 -137 -137 -137 -137 -138 -140 -141 -142 -144 -147 -149 -152 -153 -153 -151 -149 -146 -144 -143 -144 -148 -152 -156 -160 -163 -165 -164 -162 -160 -159 -156 -155 -155 -157 -158 -159 -161 -163 -164 -166 -167 -168 -169 -170 -171 -172 -173 -175 -176 -176 -177 -179 -179 -180 -181 -181 -182 -183 -184 -184 -185 -186 -186 -187 -188 -189 -189 -190 -191 -191 -192 -193 -193 -193 -193 -194 -194 -194 -194 -194 -194 -194
