resultados/variables_proyeccion_tiempo/variables_paleo_130k/bio7.asc
ncols 330
nrows 228
xllcorner -12.000000
yllcorner 34.000000
cellsize 0.166667
NODATA_value -9999
[rows 123 to 163 of 228, columns 184 to 275 of 330]
447 449 450 452 453 455 457 458 458 459 459 459 460 460 461 462 464 466 469 472 474 477 478 477 475 474 473 473 476 477 477 477 477 477 477 478 478 479 480 481 482 483 484 485 487 488 489 490 491 493 493 494 496 496 497 498 500 500 501 502 503 504 504 504 505 506 506 506 506 506 506 507 507 506 506 507 507 507 508 508 508 509 509 509 509 509 509 510 509 510 509 509
446 448 449 451 453 455 458 460 461 462 462 461 462 464 464 465 466 468 471 473 476 479 482 480 478 477 475 475 476 477 477 476 476 476 476 477 478 479 480 481 482 483 485 486 487 489 490 491 492 493 494 495 496 497 498 499 500 501 501 502 503 504 504 504 504 505 505 505 504 505 505 505 506 506 505 506 507 507 507 508 508 509 509 509 508 509 509 509 509 509 509 509
446 446 447 450 452 455 458 461 462 463 464 465 465 466 467 467 468 469 471 474 477 480 482 480 478 477 477 476 476 476 477 477 476 476 477 477 479 479 480 481 482 483 486 487 488 489 490 491 492 494 494 495 496 497 498 499 500 501 502 502 504 503 503 504 504 504 504 504 504 504 504 503 504 505 505 505 506 507 507 508 508 508 508 508 508 508 508 508 509 508 508 508
446 445 446 449 453 456 459 462 464 466 468 469 469 468 469 469 469 470 471 473 477 479 479 480 478 477 476 476 475 475 475 475 476 476 476 477 477 479 479 481 482 484 485 487 488 490 491 492 493 494 495 495 497 498 498 499 501 501 502 502 503 503 503 503 503 503 503 503 502 502 502 502 502 503 504 505 506 506 507 507 507 507 507 507 508 508 508 508 508 508 508 508
448 447 447 449 453 457 460 463 465 468 471 473 473 472 471 470 470 470 471 475 478 479 479 478 477 477 476 475 474 474 475 474 474 475 475 476 477 478 479 480 482 484 485 487 489 490 491 492 493 494 495 496 497 498 498 499 501 501 501 502 503 503 502 502 502 502 502 501 501 501 500 501 502 502 502 503 504 505 505 507 506 507 507 507 507 508 508 508 507 508 508 508
452 452 452 454 454 457 460 463 466 470 474 476 477 477 476 476 475 475 476 478 480 481 480 479 477 475 473 473 472 472 472 473 473 474 475 475 476 477 479 480 482 484 485 487 489 489 490 492 493 494 495 495 497 498 498 499 500 501 501 502 502 502 502 501 501 501 501 500 499 499 498 499 500 500 502 502 503 504 505 506 506 506 507 506 507 507 507 507 507 508 507 508
457 459 460 460 459 458 459 463 466 471 475 479 480 480 480 480 480 480 480 482 483 483 481 479 476 474 472 470 469 470 471 471 471 472 473 474 475 477 479 480 481 482 485 486 488 489 490 492 492 493 495 495 496 498 498 499 500 500 501 501 502 502 501 501 500 500 500 499 498 497 497 497 499 500 501 501 503 504 504 505 505 506 505 506 506 506 506 506 506 507 507 507
462 466 467 466 464 460 460 464 470 474 478 481 484 484 484 483 483 483 484 486 486 484 481 478 474 471 470 469 467 466 467 468 469 471 472 473 474 476 478 479 481 482 484 485 486 489 490 491 492 493 494 495 496 497 498 498 499 500 500 501 502 501 501 500 500 499 499 498 497 497 496 497 498 499 500 501 502 503 503 504 504 504 505 505 505 505 505 506 506 506 507 507
466 469 472 471 469 467 466 469 474 479 482 485 486 486 485 485 485 486 487 489 490 485 481 476 472 469 468 467 465 463 464 465 466 468 470 472 473 475 477 478 479 481 481 484 486 488 489 489 491 492 493 494 495 497 497 498 498 499 500 500 501 501 500 499 498 498 497 497 496 496 495 496 497 498 499 500 501 502 501 502 503 504 504 504 504 504 504 505 506 506 506 507
469 472 474 473 472 471 471 472 475 481 483 486 488 487 485 485 485 485 487 487 486 482 478 472 468 467 466 465 464 462 461 460 463 466 469 470 472 472 473 475 477 479 480 483 486 486 488 488 490 491 493 494 495 496 497 497 498 498 499 500 500 500 499 498 498 497 496 495 495 495 495 495 496 496 497 498 499 500 500 502 502 503 503 503 503 503 504 504 505 505 507 507
467 464 466 469 464 468 466 469 471 475 478 484 487 486 485 486 487 487 486 486 483 482 477 470 466 465 464 464 463 462 460 459 460 464 466 467 468 471 472 474 476 477 480 482 484 485 487 488 490 491 492 493 494 496 496 497 497 498 498 499 499 499 499 497 496 496 495 494 494 493 493 493 494 495 496 497 498 499 499 501 501 502 503 502 503 503 503 504 504 505 506 506
461 459 462 457 456 454 464 468 463 463 476 487 484 478 479 477 480 483 484 485 484 481 474 468 466 464 463 463 463 462 461 461 460 462 464 467 468 470 471 473 475 478 479 481 483 485 486 487 488 490 491 492 493 495 495 496 497 497 498 498 498 498 497 497 495 495 494 493 492 492 492 493 493 494 495 495 497 498 499 500 501 501 501 502 502 503 503 504 504 505 505 506
461 460 456 454 460 466 465 465 468 470 474 466 472 467 470 474 478 479 478 475 477 478 475 467 463 461 461 462 462 462 462 462 463 465 466 467 468 470 470 473 475 477 479 481 482 484 485 487 488 489 490 491 492 494 494 495 496 496 497 499 499 498 496 495 494 493 492 491 490 491 491 491 492 493 493 494 496 497 498 499 500 499 500 501 501 502 503 503 504 504 505 506
468 462 454 460 464 454 432 432 429 441 470 467 469 471 469 479 484 486 483 480 473 467 467 464 461 460 457 456 457 460 462 463 464 465 466 469 470 469 471 472 475 477 478 480 482 483 485 486 487 489 489 491 491 492 493 494 495 495 495 498 498 497 495 494 493 492 491 489 489 489 489 490 491 491 492 493 495 496 496 497 498 498 499 500 501 501 502 502 503 504 505 505
455 467 463 461 466 467 459 455 445 466 474 465 467 471 479 483 484 486 486 484 480 473 464 459 456 456 455 450 453 457 459 462 462 464 467 468 470 471 471 472 474 476 479 480 482 483 484 486 486 488 489 490 491 492 492 493 494 494 495 497 496 495 494 493 491 490 489 488 487 487 487 488 489 490 491 492 494 494 495 496 497 498 498 499 500 501 502 502 503 504 504 505
464 465 448 451 445 440 448 450 444 456 469 477 476 475 478 485 474 485 488 485 476 473 475 467 460 453 454 451 452 448 451 457 461 463 464 467 470 471 473 473 474 476 478 480 481 483 484 485 486 487 488 490 491 492 492 492 493 493 494 495 495 493 492 491 490 489 487 486 485 484 485 487 488 489 490 490 491 493 493 495 495 497 498 498 499 501 501 501 502 503 504 505
463 456 467 476 464 468 465 458 468 467 477 467 470 474 476 486 485 480 489 487 486 479 471 471 462 458 457 451 451 447 445 444 452 458 463 467 469 471 472 474 475 477 478 480 481 483 484 485 486 487 488 489 490 491 491 492 492 492 493 493 493 492 491 490 488 487 485 484 483 482 484 485 487 488 488 489 490 491 492 493 494 496 497 497 498 499 499 500 501 502 503 504
469 471 478 479 470 463 469 477 481 487 484 483 483 488 489 489 482 486 488 487 485 483 478 472 466 465 461 450 453 448 441 438 440 447 455 462 466 470 472 474 476 477 479 481 482 482 484 485 486 487 488 490 490 491 491 492 492 491 492 492 491 490 489 488 487 485 484 483 482 482 483 484 485 486 487 487 488 490 491 492 493 494 495 496 496 497 498 499 501 502 503 503
465 464 472 465 471 481 485 485 486 490 489 489 491 490 489 486 480 486 486 486 484 483 480 479 476 468 460 464 454 453 443 441 441 442 443 454 459 467 472 475 477 478 480 480 479 481 483 485 486 486 487 489 489 491 491 492 492 491 491 490 489 488 487 486 485 484 483 482 481 481 482 482 483 485 485 486 487 488 489 490 491 492 493 494 495 496 497 499 500 500 501 502
470 471 472 472 479 482 482 482 486 488 488 490 492 491 490 486 486 487 487 485 483 482 480 478 476 474 472 465 467 458 453 449 439 441 448 446 448 457 466 471 473 475 476 478 480 482 484 485 487 487 488 489 490 490 490 491 491 491 491 490 487 486 485 484 483 482 481 480 480 480 480 481 482 484 484 484 485 486 487 487 489 490 491 492 493 495 496 497 498 499 500 501
468 469 470 474 476 477 478 478 481 482 475 476 490 492 490 490 487 486 485 483 481 480 479 477 475 474 472 465 469 467 465 461 453 451 444 435 448 458 459 458 466 472 474 475 477 480 483 485 486 488 489 489 490 490 490 491 490 489 490 489 487 485 484 482 481 480 479 478 477 477 478 479 481 482 482 482 482 483 484 485 487 488 489 491 492 493 494 496 497 498 499 500
463 457 463 467 469 471 472 469 476 482 483 485 490 490 489 488 486 484 483 481 479 478 478 476 475 473 472 470 465 452 456 466 461 450 440 438 438 446 450 453 458 466 472 475 477 479 483 485 487 488 489 490 490 490 491 490 490 489 487 486 485 484 482 480 479 478 477 475 475 475 476 477 478 479 479 479 479 480 481 483 484 486 487 489 490 491 492 494 496 497 498 499
458 455 460 463 465 470 473 476 480 483 485 487 488 487 487 486 485 482 481 479 477 477 476 475 474 472 472 470 461 454 446 456 461 465 459 448 440 434 440 447 453 457 464 475 477 478 481 484 487 488 489 491 491 491 491 490 489 488 487 484 483 482 481 479 477 476 474 472 472 472 472 473 473 474 475 476 477 478 479 480 482 483 484 486 487 488 490 492 493 495 496 497
454 452 457 458 461 467 472 476 478 481 483 485 486 486 485 484 482 480 479 478 477 476 474 473 472 469 466 467 470 469 462 456 452 450 456 438 436 431 439 446 451 460 462 471 476 479 481 483 485 488 490 491 492 491 491 490 489 488 486 484 482 480 479 477 475 473 471 469 469 468 468 467 468 469 470 472 473 474 475 477 479 480 481 483 485 486 488 490 492 493 494 495
453 452 454 456 459 464 469 473 476 479 481 483 484 484 483 483 481 480 479 478 477 476 473 470 469 467 466 467 463 463 462 464 464 460 465 452 458 453 445 447 446 448 458 464 473 479 480 483 483 487 490 492 492 492 492 490 488 487 484 483 481 478 477 475 472 470 468 466 465 464 463 463 463 464 465 466 468 470 472 474 476 477 478 480 482 483 485 488 490 491 493 494
453 453 454 456 459 463 467 471 475 478 480 481 482 482 482 481 481 480 479 479 476 474 470 469 467 466 464 465 463 463 465 467 472 476 478 475 463 451 444 440 443 444 454 455 464 474 481 483 485 487 491 491 493 492 493 490 486 485 483 481 478 476 475 473 470 467 465 463 460 459 458 458 458 459 460 461 463 466 468 470 472 473 474 476 478 480 482 484 487 488 490 492
452 452 454 456 458 461 465 469 473 476 478 480 481 482 482 481 480 480 479 478 475 471 463 458 459 459 459 463 459 460 464 471 471 478 481 479 453 441 438 431 443 445 446 462 462 468 479 483 486 488 489 490 491 492 491 490 488 484 481 479 476 475 474 470 468 464 461 458 456 454 453 452 452 453 454 456 458 460 464 466 468 469 470 472 474 476 479 482 484 486 488 490
450 451 453 456 457 460 463 468 471 474 476 479 480 481 481 481 480 480 479 476 472 467 455 455 448 450 456 457 455 458 465 468 472 475 479 478 474 464 453 450 459 449 453 455 466 471 481 483 485 489 487 488 490 489 489 487 488 485 481 478 475 473 471 468 465 462 457 454 451 449 447 446 446 446 448 450 452 455 458 460 462 464 465 468 469 472 475 477 480 483 485 487
449 450 453 454 456 458 463 466 470 472 474 477 478 479 479 479 479 478 477 476 474 471 464 437 422 435 437 443 452 454 461 467 471 475 477 479 479 471 450 439 460 454 443 452 454 460 475 485 485 489 487 487 489 490 489 487 487 485 481 478 475 471 469 466 462 458 454 450 446 443 441 439 439 440 442 444 446 448 452 454 456 458 459 462 464 467 470 473 476 480 483 484
448 450 452 452 454 456 460 464 468 470 472 474 475 476 476 477 477 477 476 474 466 454 463 447 421 421 414 416 439 451 462 468 472 475 477 480 479 474 466 449 448 452 459 450 453 455 468 482 485 489 487 486 488 488 489 487 485 485 482 478 474 471 467 463 459 454 450 446 442 437 434 432 433 435 437 440 442 442 445 447 451 453 454 456 458 461 464 467 472 475 479 481
447 449 450 450 451 454 457 462 466 469 470 471 472 473 474 475 475 475 474 472 470 459 453 447 424 433 428 428 439 449 465 471 473 476 479 480 479 476 471 464 464 443 464 456 451 461 474 479 484 487 488 487 488 488 488 487 486 484 481 478 474 471 466 461 456 451 445 441 437 433 429 426 426 -9999 -9999 -9999 -9999 435 440 442 443 444 447 449 452 455 458 461 465 469 473 476
446 447 447 448 449 450 453 458 464 466 467 468 469 471 474 474 474 472 466 466 461 461 457 459 450 443 438 428 436 458 470 472 474 477 478 479 478 477 474 472 469 463 452 467 460 454 469 481 486 486 489 489 489 489 488 487 487 484 480 478 474 470 464 459 453 447 442 436 432 428 425 423 423 -9999 -9999 -9999 -9999 430 434 435 436 437 440 442 445 448 451 454 457 460 464 466
443 445 446 447 448 449 449 454 460 462 462 463 466 469 470 471 471 469 465 464 463 458 457 452 455 451 446 445 451 469 470 473 475 477 477 475 475 473 473 476 473 474 468 462 469 469 463 470 479 483 488 490 490 489 487 486 487 483 480 479 475 468 463 457 450 444 437 432 427 423 421 420 -9999 -9999 -9999 -9999 -9999 -9999 -9999 -9999 432 434 435 437 440 441 446 450 450 453 453 455
441 443 445 446 447 449 450 453 456 457 457 459 462 465 468 469 468 465 464 463 463 462 459 458 457 461 456 463 465 466 470 472 475 475 477 477 476 475 477 477 468 475 469 472 477 467 454 466 479 483 488 491 490 489 487 487 486 484 481 479 474 468 463 455 447 440 433 427 422 419 419 -9999 -9999 -9999 -9999 -9999 -9999 -9999 -9999 -9999 -9999 -9999 -9999 -9999 -9999 -9999 -9999 -9999 436 440 442 443
438 443 445 446 447 449 451 453 454 454 453 455 458 461 464 467 466 464 464 462 459 451 439 433 444 460 461 450 436 435 434 453 471 479 479 476 475 475 474 473 473 479 478 473 472 456 445 458 476 482 488 492 490 489 488 486 486 483 482 479 474 469 461 453 443 436 427 423 420 -9999 -9999 -9999 -9999 -9999 -9999 -9999 -9999 -9999 -9999 -9999 -9999 -9999 -9999 -9999 -9999 423 425 428 431 432 432 431
438 444 446 446 447 449 452 453 453 451 451 451 453 455 457 459 459 457 456 457 456 444 440 436 445 455 449 430 409 410 403 412 427 460 437 417 409 417 432 450 469 459 462 455 460 458 456 462 473 484 488 491 489 489 487 486 485 483 480 479 476 470 460 449 439 431 423 420 -9999 -9999 -9999 -9999 -9999 -9999 -9999 -9999 -9999 -9999 -9999 -9999 -9999 -9999 -9999 411 414 418 420 422 423 423 423 420
442 445 444 443 444 447 452 454 451 448 447 447 447 448 450 450 450 450 449 450 449 453 434 416 413 409 427 438 436 405 406 431 442 462 455 443 439 431 442 445 423 443 445 450 460 471 475 480 483 485 489 489 488 488 486 484 483 481 479 478 476 469 457 445 433 423 416 -9999 -9999 -9999 -9999 -9999 -9999 -9999 -9999 -9999 -9999 -9999 -9999 -9999 -9999 -9999 404 406 409 411 413 415 416 417 416 413
438 439 439 438 438 441 445 448 446 443 442 442 441 442 442 441 442 444 443 440 426 438 428 400 407 413 426 428 441 431 433 431 441 465 471 472 471 472 471 456 455 464 468 475 481 483 485 487 488 488 489 487 487 485 483 481 479 475 474 473 470 463 451 439 427 415 410 -9999 -9999 -9999 -9999 -9999 -9999 -9999 -9999 -9999 -9999 -9999 -9999 -9999 -9999 -9999 -9999 403 404 -9999 407 408 409 411 411 411
432 433 433 432 431 432 433 437 437 436 436 436 436 436 437 436 437 442 435 427 419 436 426 420 438 447 458 465 468 470 471 472 478 482 483 481 481 483 480 481 483 484 486 489 491 491 489 490 491 489 487 486 484 482 480 478 475 471 466 464 460 453 444 432 421 409 404 -9999 -9999 -9999 -9999 -9999 -9999 -9999 -9999 -9999 -9999 -9999 -9999 -9999 -9999 -9999 -9999 -9999 -9999 -9999 -9999 404 406 406 408 412
427 426 426 426 426 428 430 431 431 430 430 431 433 433 432 435 438 438 433 431 436 430 436 437 447 458 464 469 470 473 475 478 482 488 484 483 486 489 487 488 491 492 494 495 496 495 495 493 490 488 486 484 481 479 476 473 470 465 459 456 452 445 436 426 415 407 -9999 -9999 -9999 -9999 -9999 -9999 -9999 -9999 -9999 -9999 -9999 -9999 -9999 -9999 -9999 -9999 -9999 -9999 -9999 -9999 -9999 -9999 -9999 400 403 409
419 419 419 419 420 422 424 426 425 426 427 428 430 432 433 435 436 438 431 433 427 429 446 446 453 459 463 468 473 476 478 483 485 490 488 488 490 492 493 494 495 496 497 498 498 497 495 492 489 487 484 481 478 475 472 468 464 458 452 448 444 437 431 423 414 405 -9999 -9999 -9999 -9999 -9999 -9999 -9999 -9999 -9999 -9999 -9999 -9999 -9999 -9999 -9999 -9999 -9999 -9999 -9999 -9999 -9999 -9999 -9999 393 396 400
