resultados/variables_proyeccion_tiempo/variables_paleo_130k/bio7.asc
ncols 330
nrows 228
xllcorner -12.000000
yllcorner 34.000000
cellsize 0.166667
NODATA_value -9999
[rows 164 to 204 of 228, columns 0 to 91 of 330]
-9999 -9999 -9999 -9999 -9999 -9999 -9999 -9999 -9999 -9999 -9999 -9999 -9999 -9999 -9999 -9999 -9999 -9999 -9999 -9999 -9999 -9999 -9999 -9999 -9999 -9999 -9999 -9999 -9999 -9999 -9999 -9999 -9999 -9999 -9999 -9999 -9999 -9999 -9999 -9999 -9999 -9999 -9999 -9999 -9999 -9999 -9999 -9999 -9999 -9999 -9999 -9999 -9999 -9999 -9999 -9999 -9999 -9999 -9999 -9999 -9999 -9999 -9999 -9999 272 278 285 291 297 301 305 308 311 313 315 316 318 319 320 322 323 324 326 327 329 330 331 332 331 324 316 323
-9999 -9999 -9999 -9999 -9999 -9999 -9999 -9999 -9999 -9999 -9999 -9999 -9999 -9999 -9999 -9999 -9999 -9999 -9999 -9999 -9999 -9999 -9999 -9999 -9999 -9999 -9999 -9999 -9999 -9999 -9999 -9999 -9999 -9999 -9999 -9999 -9999 -9999 -9999 -9999 -9999 -9999 -9999 -9999 -9999 -9999 -9999 -9999 -9999 -9999 -9999 -9999 -9999 -9999 -9999 -9999 -9999 -9999 -9999 -9999 -9999 -9999 -9999 -9999 272 279 287 294 300 305 308 310 313 315 317 318 319 321 322 323 324 325 327 328 329 329 331 332 333 334 331 329
-9999 -9999 -9999 -9999 -9999 -9999 -9999 -9999 -9999 -9999 -9999 -9999 -9999 -9999 -9999 -9999 -9999 -9999 -9999 -9999 -9999 -9999 -9999 -9999 -9999 -9999 -9999 -9999 -9999 -9999 -9999 -9999 -9999 -9999 -9999 -9999 -9999 -9999 -9999 -9999 -9999 -9999 -9999 -9999 -9999 -9999 -9999 -9999 -9999 -9999 -9999 -9999 -9999 -9999 -9999 -9999 -9999 -9999 -9999 -9999 -9999 -9999 -9999 -9999 270 279 288 296 303 308 311 313 314 316 318 319 320 322 323 324 325 326 327 329 330 330 331 332 330 329 333 330
-9999 -9999 -9999 -9999 -9999 -9999 -9999 -9999 -9999 -9999 -9999 -9999 -9999 -9999 -9999 -9999 -9999 -9999 -9999 -9999 -9999 -9999 -9999 -9999 -9999 -9999 -9999 -9999 -9999 -9999 -9999 -9999 -9999 -9999 -9999 -9999 -9999 -9999 -9999 -9999 -9999 -9999 -9999 -9999 -9999 -9999 -9999 -9999 -9999 -9999 -9999 -9999 -9999 -9999 -9999 -9999 -9999 -9999 -9999 -9999 -9999 -9999 -9999 263 269 279 289 299 307 312 313 314 316 317 319 320 322 323 324 325 326 328 328 330 331 332 333 332 332 335 335 331
-9999 -9999 -9999 -9999 -9999 -9999 -9999 -9999 -9999 -9999 -9999 -9999 -9999 -9999 -9999 -9999 -9999 -9999 -9999 -9999 -9999 -9999 -9999 -9999 -9999 -9999 -9999 -9999 -9999 -9999 -9999 -9999 -9999 -9999 -9999 -9999 -9999 -9999 -9999 -9999 -9999 -9999 -9999 -9999 -9999 -9999 -9999 -9999 -9999 -9999 -9999 -9999 -9999 -9999 -9999 -9999 -9999 -9999 -9999 -9999 -9999 -9999 -9999 261 268 279 290 300 310 315 315 315 316 317 319 321 322 323 324 326 327 328 329 330 332 332 332 333 336 335 333 330
-9999 -9999 -9999 -9999 -9999 -9999 -9999 -9999 -9999 -9999 -9999 -9999 -9999 -9999 -9999 -9999 -9999 -9999 -9999 -9999 -9999 -9999 -9999 193 197 199 204 206 -9999 -9999 -9999 -9999 -9999 -9999 -9999 -9999 -9999 -9999 -9999 -9999 -9999 -9999 -9999 -9999 -9999 -9999 -9999 -9999 -9999 -9999 -9999 -9999 -9999 -9999 -9999 -9999 -9999 -9999 -9999 -9999 -9999 -9999 -9999 259 268 279 290 299 307 312 314 314 315 317 319 321 323 324 324 326 327 328 329 330 330 331 330 328 327 329 331 332
-9999 -9999 -9999 -9999 -9999 -9999 -9999 -9999 -9999 -9999 -9999 -9999 -9999 -9999 -9999 -9999 -9999 -9999 -9999 -9999 -9999 -9999 188 194 202 209 212 214 218 223 225 228 230 232 232 229 223 221 223 226 227 -9999 -9999 -9999 -9999 -9999 -9999 -9999 -9999 -9999 205 -9999 -9999 -9999 -9999 -9999 -9999 -9999 -9999 -9999 -9999 -9999 252 259 270 280 290 298 304 308 311 313 314 316 319 321 323 324 325 326 327 328 329 329 330 330 328 324 323 326 331 333
-9999 -9999 -9999 -9999 -9999 -9999 -9999 -9999 -9999 -9999 -9999 -9999 -9999 -9999 -9999 -9999 -9999 -9999 181 177 -9999 186 191 202 211 217 223 226 228 233 241 242 246 247 245 238 237 235 240 239 241 240 243 247 236 229 227 219 213 211 213 216 218 217 216 219 223 224 -9999 -9999 242 247 253 263 275 284 292 298 302 304 307 310 314 316 318 321 323 324 325 327 327 328 328 327 326 323 324 325 328 329 331 331
-9999 -9999 -9999 -9999 -9999 -9999 -9999 -9999 -9999 -9999 -9999 -9999 -9999 -9999 -9999 -9999 173 177 182 186 194 197 199 210 218 222 227 234 240 248 251 258 261 261 266 266 264 258 267 270 273 271 278 273 260 252 246 239 235 241 244 233 234 229 226 227 235 237 240 241 249 262 270 279 284 290 296 300 303 305 307 308 312 315 318 321 323 325 325 326 327 327 326 326 326 326 327 328 328 328 328 328
-9999 -9999 -9999 -9999 -9999 -9999 -9999 -9999 -9999 -9999 -9999 -9999 -9999 -9999 -9999 -9999 174 181 189 198 207 213 216 220 224 229 235 243 251 257 262 270 273 280 285 289 290 289 294 298 297 296 297 293 283 288 280 270 267 268 268 261 253 248 249 257 255 257 259 264 278 285 289 295 297 299 302 303 304 305 306 308 311 314 316 320 324 325 325 325 326 325 325 324 323 323 322 323 325 325 325 -9999
-9999 -9999 -9999 -9999 -9999 -9999 -9999 -9999 -9999 -9999 -9999 -9999 -9999 -9999 -9999 -9999 173 184 191 199 208 221 223 223 229 237 244 251 259 266 273 278 284 290 295 299 304 308 310 310 309 308 306 306 302 298 293 287 283 279 274 271 275 274 274 273 275 282 285 291 296 300 305 306 306 306 304 301 303 301 298 303 298 303 309 314 315 315 318 321 316 319 317 319 318 319 317 318 320 320 321 -9999
-9999 -9999 -9999 -9999 -9999 -9999 -9999 -9999 -9999 -9999 -9999 -9999 -9999 -9999 -9999 -9999 -9999 179 186 195 203 217 225 228 236 245 253 260 266 273 280 288 294 298 304 310 316 320 322 321 319 317 315 312 309 305 301 298 295 293 292 285 286 285 283 288 295 299 303 305 308 313 318 317 316 314 311 308 304 300 297 295 295 299 300 305 308 301 301 306 305 308 307 304 306 308 312 317 318 318 317 -9999
-9999 -9999 -9999 -9999 -9999 -9999 -9999 -9999 -9999 -9999 -9999 -9999 -9999 -9999 -9999 -9999 -9999 175 180 187 202 222 230 236 244 254 263 270 274 279 289 298 305 307 313 319 326 332 333 330 328 325 324 321 318 314 311 309 307 306 302 298 298 298 296 302 307 311 313 315 318 323 325 324 323 320 318 315 313 311 309 308 308 307 303 300 301 298 304 306 298 299 297 295 297 301 306 308 313 312 309 -9999
-9999 -9999 -9999 -9999 -9999 -9999 -9999 -9999 -9999 -9999 -9999 -9999 -9999 -9999 -9999 -9999 -9999 173 178 188 201 224 235 249 259 265 269 275 282 287 295 301 305 309 320 326 332 336 338 337 336 333 332 330 328 325 322 319 318 316 314 313 313 313 313 313 318 321 323 324 327 329 331 331 328 325 321 320 317 316 315 316 322 322 319 314 317 309 312 306 310 302 301 302 295 292 295 301 304 303 301 297
-9999 -9999 -9999 -9999 -9999 -9999 -9999 -9999 -9999 -9999 -9999 -9999 -9999 -9999 -9999 -9999 -9999 -9999 180 191 208 228 243 259 268 271 271 270 279 291 292 297 307 314 324 330 336 339 342 343 341 340 340 340 338 336 332 329 327 326 324 325 327 327 329 329 332 334 336 335 334 334 336 336 335 332 329 327 323 320 319 321 326 331 332 327 327 326 317 313 313 302 301 301 300 298 301 301 301 300 297 294
-9999 -9999 -9999 -9999 -9999 -9999 -9999 -9999 -9999 -9999 -9999 -9999 -9999 -9999 -9999 -9999 -9999 -9999 192 199 212 234 247 249 261 271 276 279 285 292 295 303 315 322 329 334 339 342 345 346 346 346 347 347 347 345 340 337 334 332 332 332 333 335 337 338 340 342 343 343 342 340 340 340 339 338 336 334 331 330 328 333 338 340 336 336 331 333 324 320 314 309 305 305 301 300 296 298 298 295 289 285
-9999 -9999 -9999 -9999 -9999 -9999 -9999 -9999 -9999 -9999 -9999 -9999 -9999 -9999 -9999 -9999 -9999 -9999 194 202 221 238 246 257 255 262 279 292 294 299 305 311 320 325 331 336 341 344 347 348 349 350 352 353 352 350 346 343 340 338 338 338 339 342 344 346 350 351 349 348 347 346 344 344 344 342 340 340 335 336 337 341 346 351 350 348 342 338 333 324 315 310 306 302 299 297 294 294 295 289 284 280
-9999 -9999 -9999 -9999 -9999 -9999 -9999 -9999 -9999 -9999 -9999 -9999 -9999 -9999 -9999 -9999 -9999 -9999 196 207 222 240 251 255 260 267 286 295 299 306 308 317 323 328 334 338 343 346 349 350 352 353 355 356 354 352 349 346 344 342 342 342 344 346 350 353 357 358 356 353 348 346 346 347 348 349 347 345 339 337 342 346 351 357 363 365 359 345 331 320 311 305 300 297 294 292 289 290 289 285 282 -9999
-9999 -9999 -9999 -9999 -9999 -9999 -9999 -9999 -9999 -9999 -9999 -9999 -9999 -9999 -9999 -9999 -9999 -9999 -9999 209 223 240 256 264 271 283 290 296 306 310 313 319 325 330 335 340 344 347 350 352 353 355 356 356 355 353 350 348 346 345 345 346 347 349 352 355 359 360 359 356 353 349 347 348 348 347 348 347 345 342 342 345 351 357 363 368 359 341 325 314 306 299 295 291 288 286 285 286 285 -9999 -9999 -9999
-9999 -9999 -9999 -9999 -9999 -9999 -9999 -9999 -9999 -9999 -9999 -9999 -9999 -9999 -9999 -9999 -9999 -9999 -9999 211 225 242 257 270 281 279 291 303 308 311 315 321 326 331 337 341 346 348 351 352 353 355 356 356 355 353 350 348 347 347 347 348 350 353 355 358 360 361 359 357 354 351 347 345 345 344 342 344 344 343 343 345 349 352 355 354 342 328 316 306 299 292 286 284 281 280 281 -9999 -9999 -9999 -9999 -9999
-9999 -9999 -9999 -9999 -9999 -9999 -9999 -9999 -9999 -9999 -9999 -9999 -9999 -9999 -9999 -9999 -9999 -9999 -9999 213 226 243 257 270 277 295 300 304 306 313 317 321 326 332 337 342 346 348 350 351 352 354 355 355 354 353 351 349 348 348 349 351 353 355 358 360 362 362 360 358 355 351 346 341 339 337 338 340 341 341 341 343 344 345 344 340 330 318 306 287 283 279 279 280 277 -9999 -9999 -9999 -9999 -9999 -9999 -9999
-9999 -9999 -9999 -9999 -9999 -9999 -9999 -9999 -9999 -9999 -9999 -9999 -9999 -9999 -9999 -9999 -9999 -9999 -9999 216 225 240 256 268 275 290 296 301 308 313 317 321 326 332 337 343 348 351 351 350 351 354 355 355 354 352 350 348 348 349 351 353 355 357 358 361 363 364 363 361 357 352 346 339 335 334 334 334 335 336 336 337 337 336 333 328 320 308 289 275 272 -9999 -9999 -9999 -9999 -9999 -9999 -9999 -9999 -9999 -9999 -9999
-9999 -9999 -9999 -9999 -9999 -9999 -9999 -9999 -9999 -9999 -9999 -9999 -9999 -9999 -9999 -9999 -9999 -9999 -9999 202 218 239 253 264 272 278 289 292 304 311 315 320 326 332 338 343 348 352 351 349 351 353 355 355 353 351 350 349 348 351 353 354 355 356 360 363 365 366 365 363 359 354 347 339 333 335 332 332 331 330 330 330 329 327 325 320 311 304 -9999 -9999 -9999 -9999 -9999 -9999 -9999 -9999 -9999 -9999 -9999 -9999 -9999 -9999
-9999 -9999 -9999 -9999 -9999 -9999 -9999 -9999 -9999 -9999 -9999 -9999 -9999 -9999 -9999 -9999 -9999 -9999 -9999 193 210 236 253 266 276 283 289 292 301 307 312 318 325 331 338 343 347 349 352 352 353 354 354 354 353 352 351 351 352 355 357 358 357 358 363 366 368 369 369 367 363 358 352 342 339 337 334 332 330 327 326 325 323 320 317 311 302 295 -9999 -9999 -9999 -9999 -9999 -9999 -9999 -9999 -9999 -9999 -9999 -9999 -9999 -9999
-9999 -9999 -9999 -9999 -9999 -9999 -9999 -9999 -9999 -9999 -9999 -9999 -9999 -9999 -9999 -9999 -9999 -9999 -9999 192 211 236 253 267 278 285 290 289 292 300 309 317 326 331 335 341 347 350 353 353 354 355 356 356 356 356 356 358 359 360 364 364 362 364 367 370 372 374 374 372 368 363 357 349 342 338 337 334 332 328 324 322 319 314 310 306 299 -9999 -9999 -9999 -9999 -9999 -9999 -9999 -9999 -9999 -9999 -9999 -9999 -9999 -9999 -9999
-9999 -9999 -9999 -9999 -9999 -9999 -9999 -9999 -9999 -9999 -9999 -9999 -9999 -9999 -9999 -9999 -9999 -9999 195 201 222 243 260 271 279 281 267 284 294 299 307 316 324 330 338 345 349 350 354 355 355 357 359 360 361 364 364 365 365 365 370 372 370 371 373 374 377 378 379 377 372 367 362 355 346 341 340 338 336 330 323 319 312 307 303 -9999 -9999 -9999 -9999 -9999 -9999 -9999 -9999 -9999 -9999 -9999 -9999 -9999 -9999 -9999 -9999 -9999
-9999 -9999 -9999 -9999 -9999 -9999 -9999 -9999 -9999 -9999 -9999 -9999 -9999 -9999 -9999 -9999 -9999 -9999 198 210 231 253 265 273 274 276 279 298 303 303 310 317 327 336 343 348 350 350 353 356 358 363 365 367 368 369 370 371 371 372 374 376 376 376 378 381 383 385 386 383 377 372 366 359 350 344 340 334 333 328 319 309 304 300 300 -9999 -9999 -9999 -9999 -9999 -9999 -9999 -9999 -9999 -9999 -9999 -9999 -9999 -9999 -9999 -9999 -9999
-9999 -9999 -9999 -9999 -9999 -9999 -9999 -9999 -9999 -9999 -9999 -9999 -9999 -9999 -9999 -9999 -9999 -9999 202 215 236 256 260 266 273 282 289 301 309 314 321 328 335 340 346 350 353 357 361 363 365 368 371 372 373 374 376 376 377 378 379 380 381 381 384 386 388 391 392 389 382 376 369 362 352 352 344 334 326 318 307 299 297 294 -9999 -9999 -9999 -9999 -9999 -9999 -9999 -9999 -9999 -9999 -9999 -9999 -9999 -9999 -9999 -9999 -9999 -9999
-9999 -9999 -9999 -9999 -9999 -9999 -9999 -9999 -9999 -9999 -9999 -9999 -9999 -9999 -9999 -9999 -9999 -9999 200 218 236 252 261 269 273 285 299 306 313 319 325 331 337 343 348 353 357 360 364 366 369 372 374 376 378 379 381 382 382 383 384 385 386 387 388 390 391 393 394 392 385 378 372 364 355 349 346 337 322 314 299 288 290 -9999 -9999 -9999 -9999 -9999 -9999 -9999 -9999 -9999 -9999 -9999 -9999 -9999 -9999 -9999 278 278 274 273
-9999 -9999 -9999 -9999 -9999 -9999 -9999 -9999 -9999 -9999 -9999 -9999 -9999 -9999 -9999 -9999 -9999 188 199 218 235 249 261 270 277 289 299 307 314 320 327 333 339 345 350 356 360 364 367 370 373 375 379 381 382 384 386 387 388 388 388 388 389 390 391 393 393 394 392 391 386 379 371 364 357 345 336 326 317 306 293 288 -9999 -9999 -9999 -9999 -9999 -9999 -9999 -9999 -9999 -9999 -9999 -9999 -9999 -9999 280 280 280 278 275 273
-9999 -9999 -9999 -9999 -9999 -9999 -9999 -9999 -9999 -9999 -9999 -9999 -9999 -9999 -9999 -9999 -9999 186 201 220 234 247 259 269 278 288 297 305 313 321 329 335 341 348 353 358 363 367 370 374 377 379 382 385 386 388 390 391 393 393 393 392 391 392 393 394 394 394 392 390 385 379 371 365 357 351 338 319 305 296 290 -9999 -9999 -9999 -9999 -9999 -9999 -9999 -9999 -9999 -9999 -9999 -9999 -9999 -9999 276 280 281 280 279 276 273
-9999 -9999 -9999 -9999 -9999 -9999 -9999 -9999 -9999 -9999 -9999 -9999 -9999 -9999 -9999 151 167 184 204 219 232 246 258 268 277 286 294 298 309 320 331 338 344 350 355 361 365 369 373 377 380 382 384 388 391 393 394 395 396 397 396 395 394 393 393 393 393 392 391 387 383 377 370 361 353 348 341 323 308 296 294 -9999 -9999 -9999 -9999 -9999 -9999 -9999 -9999 -9999 -9999 -9999 -9999 -9999 -9999 -9999 280 280 279 278 275 273
-9999 -9999 -9999 -9999 -9999 -9999 -9999 -9999 -9999 -9999 -9999 -9999 -9999 -9999 -9999 161 172 191 207 221 234 247 258 268 277 286 294 299 310 325 334 341 347 352 357 363 367 371 375 379 382 384 387 390 393 395 397 399 400 399 398 396 395 394 393 393 392 390 388 385 381 376 370 364 356 347 342 329 313 303 301 -9999 -9999 -9999 -9999 -9999 -9999 -9999 -9999 -9999 -9999 -9999 -9999 -9999 -9999 -9999 -9999 -9999 -9999 274 273 272
-9999 -9999 -9999 -9999 -9999 -9999 -9999 -9999 -9999 -9999 -9999 -9999 -9999 -9999 -9999 175 185 202 213 226 238 249 259 268 277 286 296 306 319 331 339 344 349 354 359 364 369 373 377 380 383 387 390 393 394 397 399 401 402 400 398 397 396 395 395 395 394 392 388 384 380 375 372 368 363 352 348 330 317 313 311 310 -9999 -9999 -9999 -9999 -9999 -9999 -9999 282 282 279 -9999 -9999 -9999 -9999 -9999 -9999 -9999 274 -9999 -9999
-9999 -9999 -9999 -9999 -9999 -9999 -9999 -9999 -9999 -9999 -9999 -9999 -9999 -9999 -9999 189 201 213 222 232 242 252 260 269 277 287 296 308 319 333 340 344 349 355 360 365 370 375 379 382 385 389 391 393 396 397 399 401 402 401 399 397 397 397 396 396 394 393 388 383 380 377 374 370 363 356 351 337 326 321 319 315 315 -9999 -9999 -9999 -9999 -9999 -9999 283 281 279 -9999 -9999 -9999 -9999 -9999 -9999 -9999 -9999 -9999 -9999
-9999 -9999 -9999 -9999 -9999 -9999 -9999 -9999 -9999 -9999 -9999 -9999 -9999 -9999 -9999 195 210 220 230 238 246 255 263 270 278 287 297 309 320 331 338 344 349 354 360 366 371 376 380 383 386 388 391 393 395 397 399 400 400 399 398 397 396 395 395 394 393 391 389 386 381 377 373 369 363 358 348 343 338 331 329 322 316 313 -9999 -9999 -9999 -9999 -9999 -9999 278 278 -9999 -9999 -9999 -9999 -9999 -9999 -9999 -9999 -9999 -9999
-9999 -9999 -9999 -9999 -9999 -9999 -9999 -9999 -9999 -9999 -9999 -9999 -9999 -9999 -9999 -9999 217 225 233 240 249 258 266 273 279 289 299 309 318 328 335 341 348 353 360 366 371 376 380 384 386 388 391 393 395 397 397 397 396 396 396 395 395 394 393 390 390 392 388 383 378 373 369 366 363 356 349 346 341 335 326 319 315 -9999 -9999 -9999 -9999 -9999 -9999 -9999 279 278 -9999 -9999 -9999 -9999 -9999 -9999 -9999 -9999 -9999 -9999
-9999 -9999 -9999 -9999 -9999 -9999 -9999 -9999 -9999 -9999 -9999 -9999 -9999 -9999 -9999 -9999 218 226 234 243 251 260 269 277 285 293 301 309 316 324 331 338 345 352 358 364 370 375 380 383 387 389 390 392 392 394 395 394 392 394 394 392 388 388 385 385 388 389 381 377 372 368 366 364 360 356 349 340 331 323 319 -9999 -9999 -9999 -9999 -9999 -9999 -9999 -9999 -9999 -9999 -9999 -9999 -9999 -9999 -9999 -9999 -9999 -9999 -9999 -9999 -9999
-9999 -9999 -9999 -9999 -9999 -9999 -9999 -9999 -9999 -9999 -9999 -9999 -9999 -9999 -9999 -9999 -9999 -9999 -9999 245 253 261 271 281 291 298 303 307 313 319 327 334 341 349 356 363 368 374 378 382 385 387 389 389 390 390 389 388 385 383 382 380 382 381 382 385 389 385 381 380 372 363 361 359 358 354 346 335 326 -9999 -9999 -9999 -9999 -9999 -9999 -9999 -9999 -9999 -9999 -9999 -9999 -9999 -9999 -9999 -9999 -9999 -9999 -9999 -9999 -9999 -9999 -9999
-9999 -9999 -9999 -9999 -9999 -9999 -9999 -9999 -9999 -9999 -9999 -9999 -9999 -9999 -9999 -9999 -9999 -9999 234 243 254 262 272 284 296 300 301 305 309 315 322 329 338 345 353 360 366 371 375 378 381 383 385 384 382 378 376 374 372 371 372 377 376 376 386 387 389 386 382 377 369 363 360 357 355 350 341 331 326 320 -9999 -9999 -9999 -9999 -9999 -9999 -9999 -9999 -9999 -9999 -9999 -9999 -9999 -9999 -9999 -9999 -9999 -9999 -9999 -9999 -9999 -9999
-9999 -9999 -9999 -9999 -9999 -9999 -9999 -9999 -9999 -9999 -9999 -9999 -9999 -9999 -9999 -9999 -9999 -9999 233 242 252 261 272 283 294 297 297 300 303 308 316 324 332 340 349 357 363 368 371 374 376 377 378 375 371 369 368 367 366 365 367 369 367 372 386 389 383 378 376 370 364 363 359 352 351 347 339 330 324 -9999 -9999 -9999 -9999 -9999 -9999 -9999 -9999 -9999 -9999 -9999 -9999 -9999 -9999 -9999 -9999 -9999 -9999 -9999 -9999 -9999 -9999 -9999
