resultados/variables_proyeccion_tiempo/variables_paleo_130k/bio7.asc
ncols 330
nrows 228
xllcorner -12.000000
yllcorner 34.000000
cellsize 0.166667
NODATA_value -9999
[rows 82 to 122 of 228, columns 184 to 275 of 330]
-9999 -9999 -9999 -9999 -9999 -9999 -9999 -9999 -9999 -9999 -9999 -9999 -9999 -9999 -9999 -9999 -9999 -9999 -9999 401 403 406 408 411 413 416 -9999 -9999 -9999 -9999 -9999 430 432 433 435 436 436 435 434 434 434 435 437 439 441 443 445 447 449 451 453 455 457 458 460 462 463 464 464 465 465 465 465 467 467 467 468 470 470 471 473 474 476 477 479 480 482 483 483 484 485 485 486 487 487 488 487 487 487 487 486 486
-9999 -9999 -9999 -9999 -9999 -9999 -9999 -9999 -9999 -9999 -9999 -9999 -9999 -9999 -9999 -9999 -9999 -9999 -9999 -9999 402 403 408 410 -9999 -9999 -9999 -9999 -9999 -9999 -9999 430 430 -9999 434 434 435 434 434 434 434 436 438 440 442 443 446 448 450 452 454 455 458 459 462 463 464 466 466 466 466 467 467 468 469 469 470 471 472 473 474 476 478 479 480 481 483 484 484 485 486 486 487 488 489 488 489 489 488 488 487 486
361 362 363 365 365 -9999 -9999 -9999 -9999 -9999 -9999 -9999 -9999 -9999 -9999 -9999 -9999 -9999 -9999 400 401 403 -9999 -9999 -9999 -9999 -9999 -9999 -9999 -9999 -9999 -9999 -9999 -9999 431 433 433 433 433 433 434 436 438 440 442 445 446 448 450 453 454 456 459 460 462 464 466 467 467 467 467 468 469 469 470 471 471 472 474 475 476 477 479 480 481 482 484 484 486 486 487 487 487 488 489 490 490 490 489 488 487 486
360 361 362 -9999 -9999 -9999 -9999 -9999 -9999 -9999 -9999 -9999 -9999 -9999 -9999 -9999 -9999 -9999 -9999 -9999 -9999 403 404 406 -9999 -9999 -9999 417 -9999 -9999 -9999 -9999 -9999 -9999 429 430 431 432 432 432 434 437 439 441 443 445 447 449 452 453 455 457 460 461 463 465 466 468 468 468 468 469 470 470 471 472 473 474 475 476 478 479 480 481 482 484 484 485 486 487 488 488 489 489 490 490 490 490 489 489 488 487
358 -9999 -9999 -9999 -9999 -9999 -9999 -9999 -9999 -9999 -9999 -9999 -9999 -9999 -9999 -9999 -9999 -9999 392 395 398 401 403 406 407 -9999 -9999 -9999 -9999 -9999 -9999 -9999 -9999 -9999 427 428 430 431 431 432 434 437 439 441 443 446 448 450 452 454 456 458 460 462 463 465 467 468 469 469 469 470 471 472 473 473 474 476 477 478 478 480 482 483 484 484 485 486 487 487 488 489 489 490 490 490 490 490 490 489 489 488
357 358 -9999 -9999 -9999 -9999 -9999 -9999 -9999 -9999 -9999 -9999 -9999 -9999 -9999 -9999 386 389 392 394 397 400 403 405 408 410 411 -9999 -9999 -9999 -9999 -9999 -9999 -9999 425 426 428 429 430 432 435 437 440 442 444 446 449 451 452 454 457 458 461 462 464 466 467 468 469 470 471 471 472 473 474 475 476 477 478 479 481 482 482 483 485 485 486 487 488 488 489 489 490 490 491 490 491 491 491 491 490 490
357 -9999 -9999 -9999 -9999 -9999 -9999 -9999 -9999 -9999 -9999 -9999 -9999 -9999 -9999 -9999 386 388 391 394 397 399 402 405 407 409 411 412 -9999 -9999 -9999 -9999 -9999 420 422 425 427 428 429 432 435 438 440 442 445 447 449 451 453 455 457 459 461 462 464 465 468 469 469 471 471 472 473 474 475 476 477 478 479 480 482 483 483 485 485 486 487 488 488 489 489 490 490 491 491 491 491 491 492 491 491 491
-9999 -9999 -9999 -9999 -9999 -9999 -9999 -9999 -9999 -9999 -9999 -9999 -9999 -9999 -9999 -9999 385 388 391 394 396 399 402 404 406 408 410 411 412 413 -9999 413 414 418 421 424 426 428 429 433 436 439 441 443 445 448 450 452 454 455 458 460 462 463 464 467 467 469 471 470 472 473 474 475 476 477 478 479 481 482 482 484 485 486 486 487 488 489 489 489 490 491 491 491 491 491 492 492 491 492 491 491
-9999 -9999 -9999 -9999 -9999 -9999 -9999 -9999 -9999 -9999 -9999 -9999 -9999 -9999 379 382 384 387 390 393 396 399 402 404 406 408 410 411 412 413 413 413 414 417 420 423 425 427 431 434 437 439 442 444 447 449 451 452 454 457 458 460 462 463 465 466 468 470 470 472 473 474 475 476 477 478 479 480 481 483 484 485 485 486 487 488 489 489 490 490 490 491 491 491 492 492 492 492 492 492 492 492
-9999 -9999 -9999 -9999 -9999 -9999 -9999 -9999 -9999 -9999 -9999 -9999 -9999 -9999 379 381 384 387 390 393 396 399 402 404 406 408 410 412 413 413 414 414 416 418 421 423 425 428 432 435 438 440 443 445 447 449 451 453 455 457 459 460 462 464 466 467 468 469 471 472 474 475 475 476 478 479 480 481 482 483 485 486 487 487 488 488 489 490 490 490 491 491 491 492 492 492 492 493 493 493 493 493
-9999 -9999 -9999 -9999 -9999 -9999 -9999 -9999 -9999 -9999 -9999 -9999 -9999 -9999 379 381 384 387 390 393 397 399 402 405 407 409 411 413 414 415 415 416 417 419 422 424 427 431 434 437 440 442 444 446 448 450 452 454 455 457 459 461 463 464 467 468 469 470 471 472 474 475 476 477 479 479 481 482 483 485 486 486 487 488 489 489 489 490 490 491 491 491 492 492 492 493 493 493 494 494 493 494
-9999 -9999 -9999 -9999 -9999 -9999 -9999 -9999 -9999 -9999 -9999 -9999 -9999 376 378 381 383 387 390 393 397 400 403 405 407 410 412 414 415 416 416 418 419 421 423 426 430 433 436 439 441 443 445 447 449 451 452 454 456 458 460 462 463 465 467 468 469 471 472 473 475 475 477 478 479 480 481 482 484 486 486 487 489 489 489 490 490 490 490 491 491 491 492 493 493 493 493 494 494 494 494 494
-9999 -9999 -9999 -9999 -9999 -9999 -9999 -9999 -9999 -9999 -9999 -9999 -9999 375 376 379 383 387 390 394 397 401 404 406 409 411 413 415 416 417 418 419 420 422 425 429 433 436 438 440 443 444 446 448 450 452 453 455 457 459 460 462 464 465 466 468 469 471 473 474 475 476 477 478 480 481 482 484 484 485 487 488 489 489 489 489 490 490 491 491 491 492 492 492 493 493 493 493 494 494 494 494
-9999 -9999 -9999 -9999 -9999 -9999 -9999 -9999 -9999 -9999 -9999 -9999 -9999 -9999 375 378 382 387 391 395 398 401 404 407 409 412 414 416 417 418 419 420 422 424 428 431 435 438 440 442 444 446 447 449 450 453 454 455 458 459 461 463 464 465 467 468 469 471 473 474 476 477 478 479 480 481 483 483 485 486 487 488 489 489 489 490 490 490 491 491 492 492 492 493 493 493 494 494 494 495 495 496
-9999 -9999 -9999 -9999 -9999 -9999 -9999 -9999 -9999 -9999 -9999 -9999 -9999 -9999 373 377 382 388 392 396 400 403 405 408 410 412 415 417 418 419 420 422 424 427 430 434 437 439 442 444 445 447 448 450 451 453 454 456 458 460 461 463 464 466 467 468 470 472 473 475 476 477 479 480 481 482 483 484 485 486 488 488 489 489 490 490 491 491 491 491 492 492 493 493 494 494 495 495 496 496 496 496
-9999 -9999 -9999 -9999 -9999 -9999 -9999 -9999 -9999 -9999 -9999 -9999 -9999 -9999 373 378 384 389 393 398 401 404 407 409 411 412 415 417 418 419 421 423 426 429 432 435 438 441 443 444 447 448 449 450 452 453 454 456 458 460 461 463 465 467 468 469 471 472 474 476 477 478 479 480 481 482 484 485 485 486 487 488 489 489 490 490 490 491 491 491 491 492 492 493 493 494 494 495 496 496 496 497
-9999 -9999 -9999 -9999 -9999 -9999 -9999 -9999 -9999 -9999 -9999 -9999 -9999 -9999 375 380 386 392 396 400 403 406 408 409 411 412 414 416 418 420 422 425 428 431 434 437 440 442 444 446 448 449 450 451 451 453 455 456 458 460 462 464 465 467 468 470 471 473 475 476 477 479 480 481 482 483 483 485 486 486 488 488 489 489 490 490 490 490 490 491 491 492 492 493 494 494 495 495 496 496 497 497
-9999 -9999 -9999 -9999 -9999 -9999 -9999 -9999 -9999 -9999 -9999 -9999 -9999 -9999 379 386 390 395 398 401 404 407 408 409 411 412 414 416 418 421 424 427 430 433 436 439 441 444 445 447 448 449 450 451 452 453 454 456 459 460 462 464 465 467 469 470 471 474 475 476 478 479 480 481 483 484 484 485 486 487 488 488 489 489 490 490 490 491 491 491 492 492 493 494 494 494 495 496 496 497 497 498
-9999 -9999 -9999 -9999 -9999 -9999 -9999 -9999 -9999 -9999 -9999 -9999 381 380 379 390 394 398 401 403 406 407 409 410 411 412 415 417 420 423 426 429 431 434 438 441 443 445 446 447 448 449 450 450 451 453 455 458 459 461 463 464 466 468 469 471 473 474 476 478 479 480 481 482 483 484 485 485 486 487 488 489 489 490 490 490 491 491 491 491 491 492 492 493 495 496 496 497 497 497 498 499
-9999 -9999 -9999 -9999 -9999 -9999 -9999 -9999 -9999 -9999 -9999 382 381 381 -9999 392 397 400 403 405 407 408 409 410 411 413 416 418 421 424 427 430 433 436 439 442 444 446 447 448 448 449 449 450 452 454 456 457 459 461 463 465 467 469 470 471 473 474 476 478 479 480 481 483 484 485 486 486 487 487 489 489 490 490 490 491 491 491 491 491 491 492 493 494 494 495 496 497 498 499 500 500
-9999 -9999 -9999 -9999 -9999 -9999 -9999 379 380 382 383 384 387 391 394 397 400 403 405 407 408 410 411 412 413 415 418 420 423 426 428 431 435 438 441 443 445 447 448 449 449 449 449 450 452 454 456 458 460 462 464 466 468 469 470 472 474 475 478 479 480 482 482 484 484 486 486 487 488 489 489 490 490 491 491 491 491 491 491 491 491 492 493 493 494 496 497 498 499 499 500 501
364 -9999 -9999 -9999 -9999 -9999 -9999 383 384 386 387 389 391 394 397 400 403 406 409 411 412 413 414 414 414 417 419 422 425 428 430 433 436 440 442 445 447 448 449 450 450 450 450 451 453 455 457 459 461 462 465 466 468 470 472 473 474 476 478 479 481 482 483 484 486 487 488 488 488 489 490 491 491 492 492 492 492 492 492 491 491 492 494 495 496 496 497 498 499 500 501 502
362 -9999 -9999 -9999 -9999 -9999 387 388 392 392 393 394 397 399 402 406 409 412 414 416 417 417 417 416 416 418 421 424 427 430 432 436 439 442 445 447 449 450 450 451 452 452 452 453 455 457 458 460 462 463 465 468 470 471 472 474 475 478 479 481 482 483 484 485 487 487 489 489 490 490 491 491 492 492 493 493 493 493 492 492 493 493 495 496 497 497 498 499 500 500 501 502
369 372 376 381 386 389 392 394 395 397 399 401 404 407 410 414 416 418 420 421 421 421 420 419 419 420 423 426 428 432 435 438 441 444 447 449 451 452 453 453 453 454 454 455 456 458 459 461 463 465 467 469 470 472 473 474 477 478 480 482 483 484 485 486 487 489 490 491 492 492 492 492 493 493 494 494 494 494 494 494 494 494 496 497 498 498 499 500 501 501 502 503
373 375 380 386 392 394 397 400 403 406 408 411 414 416 419 421 423 426 426 427 427 425 424 423 423 424 425 428 430 434 437 440 444 446 449 452 453 453 454 454 455 455 456 457 459 460 462 463 465 466 468 470 471 473 474 477 478 479 481 483 484 485 486 488 488 490 491 492 492 493 494 494 494 494 495 495 495 496 495 495 495 496 497 498 498 499 500 501 502 502 503 503
379 381 386 392 398 402 405 408 412 415 418 420 422 424 426 429 431 433 434 433 432 431 429 428 427 427 428 430 433 437 439 443 446 449 452 454 454 455 456 456 457 458 459 460 461 463 464 465 466 468 469 471 472 474 476 478 479 480 482 484 486 487 488 489 490 491 492 493 494 495 495 495 495 496 496 496 496 497 497 497 497 497 498 499 500 500 501 502 502 503 503 505
386 389 393 398 403 407 410 415 419 423 427 429 430 431 433 436 438 441 441 439 437 436 434 433 431 431 432 433 436 439 442 445 448 451 453 455 456 457 458 458 459 460 461 462 463 464 466 467 468 469 471 473 475 476 477 479 480 482 483 485 487 488 489 490 492 493 494 495 495 496 496 496 497 497 497 497 498 498 498 498 498 499 500 500 501 501 502 502 503 504 505 505
393 396 399 404 409 413 417 421 425 430 434 435 436 437 439 442 445 448 448 445 443 440 438 437 435 435 435 437 439 441 444 448 451 453 454 456 457 459 460 460 461 462 462 463 465 466 467 468 470 471 473 474 476 477 479 480 482 483 485 487 488 489 490 491 493 494 495 496 497 497 497 498 498 499 499 498 499 499 499 499 500 500 501 501 502 502 503 504 505 505 505 506
401 402 406 410 415 418 422 424 429 433 436 438 440 441 444 447 449 452 452 449 447 444 442 441 439 438 438 439 440 443 446 449 453 455 456 457 459 460 461 462 463 463 464 465 466 468 470 471 472 473 475 476 477 479 480 482 483 485 487 488 489 491 492 493 495 496 497 497 498 498 499 499 499 500 500 500 500 500 500 501 501 501 502 502 502 503 504 505 505 505 507 508
407 409 412 416 419 423 426 429 432 435 437 440 442 444 447 450 453 455 455 453 451 448 446 444 442 441 440 441 442 445 448 451 454 456 458 459 461 462 463 464 464 465 466 467 469 470 472 472 474 475 476 478 479 481 482 484 485 487 488 489 491 492 493 495 496 497 498 498 499 500 500 501 501 501 502 502 502 502 502 502 502 502 503 503 504 504 505 505 506 507 508 508
412 415 418 421 425 428 431 433 434 436 437 440 443 445 448 452 455 458 458 456 454 451 449 447 445 443 441 442 444 447 450 452 455 457 459 461 462 463 464 465 466 467 468 470 471 472 473 474 475 477 478 479 481 483 484 485 487 489 489 491 492 494 495 497 497 499 499 500 501 501 502 502 502 503 503 503 503 503 503 503 503 503 504 504 505 505 505 506 507 508 508 508
416 420 424 427 430 432 435 436 437 438 438 440 442 445 448 452 457 460 460 458 456 454 452 450 447 445 443 444 445 449 451 454 456 459 460 462 464 465 466 467 468 469 471 471 473 474 475 476 477 478 480 482 483 484 485 487 489 490 491 492 494 495 497 498 499 500 501 502 503 503 504 504 504 504 504 504 504 504 504 505 505 505 505 505 505 506 506 507 507 508 508 509
423 426 429 432 435 438 439 440 440 440 440 440 441 444 447 451 455 459 459 460 458 457 455 452 449 448 446 446 448 451 453 455 458 460 462 463 466 467 467 469 470 471 472 473 474 476 477 477 479 480 482 483 485 486 487 489 490 491 492 494 495 497 498 499 500 502 503 503 504 504 504 505 505 505 505 505 505 505 505 505 505 505 505 506 506 507 507 508 508 508 509 509
430 433 435 438 441 443 444 443 443 442 440 440 440 441 444 448 453 456 459 461 460 460 457 455 452 450 449 449 451 453 455 457 460 462 464 465 467 468 469 470 472 473 475 475 476 477 478 479 481 483 484 485 486 487 489 490 491 492 494 496 497 498 500 501 502 503 504 505 506 506 506 506 506 506 506 506 506 506 506 506 506 506 506 507 507 507 507 508 508 508 509 509
437 439 441 443 445 447 449 447 444 442 441 439 438 439 441 446 450 455 459 461 462 462 460 457 454 452 451 451 453 455 457 460 462 464 466 467 469 471 471 472 473 474 476 477 478 479 480 481 483 484 485 486 487 489 490 491 492 493 496 497 498 500 501 502 503 505 506 506 507 507 506 507 507 507 506 507 507 507 507 507 507 507 507 507 507 507 508 508 508 509 509 509
443 444 445 446 448 449 450 449 446 444 442 440 439 438 440 445 449 454 458 461 464 464 463 460 456 453 452 452 455 458 460 463 464 466 468 470 471 472 473 474 475 476 478 479 480 480 481 482 484 485 487 488 488 490 492 493 494 495 497 498 499 501 502 503 505 506 507 507 508 508 507 508 508 508 507 507 507 508 507 507 507 508 508 507 507 508 508 509 509 509 510 510
449 448 448 449 450 451 451 449 447 446 444 442 439 437 440 445 450 454 458 462 466 468 466 462 457 454 451 454 458 462 464 466 468 469 471 472 472 474 475 476 477 477 479 480 481 482 483 484 486 487 488 489 490 492 493 494 495 497 498 499 500 502 503 504 505 507 508 508 509 508 508 508 509 508 508 508 507 507 508 508 508 508 508 508 508 509 509 509 509 510 510 510
450 451 451 451 452 452 452 451 450 448 446 444 442 440 443 448 452 455 459 463 467 469 467 464 459 454 451 455 462 467 468 469 471 472 472 474 475 475 476 477 478 479 480 482 483 484 485 486 488 488 489 491 492 493 494 495 496 498 499 500 502 503 503 504 506 507 508 508 509 508 508 508 508 508 509 508 508 508 508 508 508 508 508 509 509 509 509 509 510 510 509 510
449 450 451 452 452 452 452 452 451 451 449 447 446 446 448 451 455 458 461 464 467 469 468 465 462 457 454 458 465 470 472 472 473 474 474 475 476 476 477 479 480 481 481 483 484 485 486 487 488 490 491 491 493 494 495 496 497 499 500 501 502 503 504 504 506 507 507 508 508 508 508 508 508 508 508 508 508 509 509 509 509 509 509 509 509 509 509 510 509 509 510 509
448 449 451 452 453 453 453 454 454 454 453 451 451 451 453 455 458 461 464 467 469 470 470 469 466 463 462 464 469 473 474 475 475 476 475 476 477 478 479 480 481 482 482 484 485 486 487 488 490 491 491 492 494 495 496 497 499 500 500 501 503 504 504 505 506 507 507 507 508 508 508 507 508 507 507 508 508 508 509 509 509 509 508 508 508 509 509 509 509 509 509 509
448 449 450 452 454 454 456 456 456 456 456 456 455 456 457 459 461 464 467 470 472 474 474 473 471 469 468 470 474 477 477 477 476 476 477 477 477 479 479 480 482 483 483 484 486 487 488 489 491 491 493 493 495 496 496 497 500 500 501 501 503 504 505 505 506 506 507 507 506 507 508 507 507 507 507 507 507 508 508 508 508 508 509 508 509 509 509 509 509 509 509 510
