resultados/variables_proyeccion_tiempo/variables_paleo_130k/bio7.asc
ncols 330
nrows 228
xllcorner -12.000000
yllcorner 34.000000
cellsize 0.166667
NODATA_value -9999
[rows 123 to 163 of 228, columns 92 to 183 of 330]
268 269 275 281 288 294 296 299 302 304 305 306 307 310 313 317 321 325 330 335 339 338 338 339 341 343 343 345 348 349 352 355 360 366 372 375 379 382 384 387 388 389 391 392 394 397 398 400 399 401 403 406 409 411 413 415 416 417 418 420 420 420 420 420 421 423 424 424 425 425 426 430 434 440 445 449 453 454 453 449 444 441 439 437 437 437 439 438 441 443 444 446
272 276 282 288 293 298 301 304 306 308 308 308 310 312 315 318 322 327 332 338 345 343 340 339 340 341 343 346 347 351 350 353 363 370 374 379 383 385 386 390 391 392 395 396 397 399 401 401 400 400 403 406 410 412 414 415 416 416 417 418 418 418 418 418 418 421 422 424 423 423 425 429 436 443 448 454 458 458 454 449 444 440 439 438 439 438 439 440 441 443 445 445
278 283 288 293 299 304 308 310 311 311 312 312 313 314 317 320 323 327 332 339 344 348 346 344 344 344 345 348 350 351 354 361 370 374 378 384 387 388 391 393 395 396 398 401 401 403 404 403 402 400 402 405 408 412 414 415 415 415 416 416 416 417 418 416 416 416 418 418 421 423 426 430 437 445 451 455 456 457 453 447 443 441 441 441 440 440 441 441 442 443 444 445
285 289 293 298 304 310 314 315 315 315 315 315 316 316 318 319 321 326 332 337 342 348 350 348 347 349 349 352 355 355 361 369 377 380 384 388 388 391 394 396 398 399 400 402 404 404 404 403 402 401 402 405 408 410 414 415 415 415 415 412 412 412 414 417 418 419 417 417 422 425 424 420 424 440 450 447 448 451 449 445 442 442 442 442 442 442 442 443 443 444 445 446
291 294 298 303 309 315 318 319 318 318 318 318 318 318 318 318 319 322 327 334 340 343 346 347 349 351 353 354 355 362 366 375 382 385 388 390 391 394 397 399 400 402 404 403 403 405 405 404 404 404 404 406 410 412 414 415 413 413 412 411 408 405 406 412 416 420 421 422 424 423 423 418 416 408 415 433 440 435 436 440 440 441 441 442 442 443 443 444 445 446 446 448
296 298 302 307 312 316 319 320 320 320 320 320 319 319 318 318 319 321 324 329 333 337 341 346 348 351 354 355 359 366 373 379 386 389 390 390 394 395 399 405 406 405 408 409 407 404 404 404 405 404 405 407 410 413 413 412 411 408 409 405 408 416 422 420 423 425 426 429 429 430 434 434 434 435 435 438 436 435 434 432 438 439 440 441 443 443 443 445 447 448 450 451
299 302 305 309 313 316 319 321 321 322 321 321 320 320 319 320 322 323 325 327 330 333 335 343 351 356 356 362 368 370 374 379 388 392 393 393 396 399 404 412 412 412 412 413 413 411 407 405 404 404 406 408 412 413 408 404 403 401 408 416 424 426 426 427 432 434 434 432 433 436 438 438 442 443 443 443 443 433 427 436 434 434 441 442 442 443 445 447 449 450 453 455
301 303 307 310 314 316 319 320 322 323 322 322 322 321 320 321 322 325 327 330 331 333 336 344 350 354 359 361 366 369 371 381 389 393 396 397 399 401 406 412 416 416 415 415 415 416 415 412 408 405 407 411 412 414 417 417 419 420 414 420 428 428 427 429 435 438 439 439 438 439 441 443 444 446 446 447 445 437 423 428 428 422 427 432 434 441 445 448 450 454 456 459
302 305 308 312 314 317 319 321 323 323 323 323 321 322 322 321 323 326 330 332 334 337 341 344 346 350 359 362 366 373 381 388 391 394 396 397 398 402 406 410 415 415 415 415 414 415 413 412 411 409 406 408 415 419 424 420 415 417 419 423 426 428 430 433 436 440 440 438 438 440 443 444 445 446 447 446 444 440 435 431 428 429 426 419 432 438 445 449 451 455 458 462
304 306 310 313 315 317 319 320 321 322 323 322 322 323 323 324 327 330 333 337 340 344 343 342 348 352 360 370 372 376 384 391 392 394 395 396 397 400 403 405 409 412 412 412 413 413 411 411 410 410 409 412 415 421 420 420 422 422 424 427 431 433 432 436 439 439 440 436 435 436 437 440 443 441 440 443 441 440 436 437 434 440 437 432 434 438 444 448 452 457 461 465
305 307 311 315 317 320 321 322 324 324 324 324 325 324 326 328 331 334 337 342 346 345 345 350 354 359 363 366 370 376 382 387 387 389 391 394 396 398 399 400 403 407 408 409 411 412 413 411 410 410 413 416 419 422 419 423 427 429 432 434 436 435 432 432 437 440 440 439 436 437 437 435 436 436 432 430 430 433 435 436 439 443 447 445 438 438 443 447 453 458 460 465
306 309 313 318 320 322 324 324 324 325 326 327 327 327 328 330 334 339 342 346 348 349 352 355 357 361 362 362 369 375 379 382 383 384 386 389 391 394 396 397 399 401 404 406 409 412 413 413 412 413 416 418 422 423 423 424 429 432 434 436 436 436 432 436 438 440 437 435 435 434 435 435 434 435 434 430 428 431 433 438 438 439 448 449 446 444 448 452 452 453 453 451
309 311 315 320 323 324 325 326 325 326 326 327 328 329 329 331 336 342 346 350 352 352 352 354 359 362 364 363 366 375 377 379 380 383 385 387 389 390 392 393 395 397 399 402 406 410 414 414 413 413 416 420 423 426 426 427 426 433 434 437 436 438 439 440 442 441 439 439 438 433 433 433 431 433 434 434 434 436 438 442 436 439 448 451 453 451 448 450 449 447 447 454
311 313 317 321 324 325 326 325 326 326 327 328 328 330 331 334 338 343 347 351 353 351 349 352 357 360 361 364 369 374 377 378 379 381 383 386 387 387 388 390 392 393 395 399 404 409 413 413 414 413 417 422 426 428 430 432 434 433 431 429 433 439 440 443 444 443 442 441 441 437 435 432 433 431 434 436 438 437 443 446 443 446 448 449 452 453 451 450 450 450 455 464
312 315 317 320 323 325 325 326 326 326 327 328 329 329 332 334 338 342 346 349 350 350 349 351 355 359 362 365 372 375 377 377 377 377 379 381 382 382 385 386 389 391 394 398 403 409 409 411 413 415 417 422 428 428 428 430 431 434 428 429 425 426 433 439 443 446 444 442 443 441 436 434 437 435 436 438 440 443 446 449 450 449 449 448 454 454 454 452 452 460 464 462
313 315 317 320 324 325 326 326 326 327 327 327 329 330 332 333 337 341 344 347 348 349 350 351 355 359 363 367 370 373 374 374 374 374 374 376 379 379 381 383 386 388 392 397 400 404 406 409 411 414 418 422 427 431 433 436 437 435 434 436 431 429 431 433 434 440 445 443 442 442 437 437 438 439 439 440 444 446 447 449 449 450 452 453 454 450 450 454 461 458 455 457
314 316 319 321 322 324 325 326 327 327 327 326 329 330 331 334 335 339 343 345 347 347 348 350 355 359 363 366 369 368 365 367 370 371 372 373 375 378 380 378 381 384 389 394 398 402 405 409 412 415 418 421 425 428 430 434 438 442 444 444 448 444 437 434 437 439 440 440 438 440 438 437 436 438 439 442 445 447 448 446 448 450 452 451 450 450 457 458 456 466 463 469
315 317 320 321 323 324 325 326 327 327 326 326 326 327 330 333 335 338 342 344 346 345 344 342 352 357 362 364 365 356 363 367 369 370 371 372 373 372 374 376 381 386 390 393 395 399 402 406 408 410 414 419 424 427 429 432 436 441 445 449 452 450 444 444 441 438 440 435 431 434 436 437 437 439 441 443 443 443 444 445 447 450 451 452 452 454 460 458 463 466 466 457
316 317 319 321 322 323 325 326 327 326 326 326 326 327 330 332 335 338 341 343 344 343 338 338 347 355 358 360 359 358 363 367 369 369 368 368 369 369 373 379 384 385 387 389 391 395 398 400 405 408 414 421 423 425 428 431 435 439 443 449 452 452 449 449 448 442 444 443 438 433 431 433 438 442 445 445 444 444 444 446 447 449 449 446 453 458 460 461 463 462 465 462
315 316 317 319 322 323 324 323 325 324 325 326 325 327 329 333 336 339 341 342 341 341 336 338 348 351 354 353 355 356 361 366 367 366 365 365 367 371 376 379 382 383 384 385 387 391 394 398 404 410 416 421 423 426 429 431 435 439 443 447 449 450 452 453 453 453 453 453 449 445 442 444 444 442 444 444 441 440 445 447 448 449 446 451 456 458 460 461 463 465 466 469
314 315 317 319 320 321 322 322 323 325 325 324 324 327 329 334 337 340 340 340 335 329 328 339 345 347 350 350 341 341 354 361 363 363 363 364 367 369 373 376 378 380 380 382 383 385 391 395 402 410 417 421 425 428 429 431 435 438 441 442 444 446 450 452 451 452 452 452 452 450 450 446 444 441 437 436 437 440 444 445 446 448 451 454 456 458 459 461 463 464 464 466
315 317 318 318 318 318 321 322 323 324 322 321 323 327 331 335 340 343 342 338 334 328 326 337 339 341 343 331 327 335 350 355 358 359 360 361 363 367 370 373 376 377 376 377 378 380 389 394 402 407 415 423 429 430 432 433 436 439 440 441 443 446 447 445 446 447 446 445 445 441 439 434 431 433 429 432 436 442 442 443 447 449 451 454 456 457 458 459 461 462 461 463
313 316 315 316 317 317 319 320 321 321 321 321 325 328 331 335 340 344 346 344 337 336 337 334 331 333 329 325 323 334 346 350 354 355 356 358 361 366 369 372 373 375 375 377 377 378 387 396 402 406 412 417 426 426 430 429 431 434 439 435 438 439 431 427 429 436 434 440 438 434 426 426 423 419 420 429 438 439 440 443 447 448 450 453 454 455 457 458 459 459 458 459
311 314 314 314 314 316 317 318 319 321 324 327 329 331 333 336 337 341 344 344 344 342 337 332 328 331 336 335 337 342 343 345 348 349 351 355 360 365 368 371 370 376 370 372 374 365 379 386 392 398 402 409 425 427 431 424 427 423 422 425 430 429 427 429 423 427 432 426 430 423 419 422 424 428 419 418 431 432 437 440 444 446 448 451 452 453 453 455 455 455 453 454
310 312 311 310 310 312 316 317 317 321 329 331 332 333 333 333 336 339 340 340 340 337 333 329 328 328 328 331 335 338 337 339 340 340 345 348 352 361 363 365 354 368 348 358 360 362 367 380 368 381 406 419 422 422 421 422 426 417 416 433 430 417 417 427 422 410 412 411 416 428 436 437 432 422 429 429 434 434 435 438 441 444 445 448 450 450 450 450 451 451 450 453
309 310 309 304 302 307 313 316 318 325 333 334 333 333 333 333 333 334 334 332 331 326 322 322 323 326 331 332 330 331 335 333 337 339 335 332 337 357 350 338 330 331 333 339 364 368 360 380 395 386 379 404 387 402 410 413 414 421 422 420 406 402 400 399 405 413 422 425 434 436 423 438 436 436 439 440 440 439 437 437 439 441 443 445 446 444 441 443 447 451 452 452
308 309 309 304 300 309 314 316 318 328 333 334 334 334 334 332 331 331 328 326 323 323 326 332 331 331 325 322 326 329 331 325 318 316 323 315 335 327 320 343 320 313 329 348 337 337 314 345 377 354 363 367 362 353 365 379 367 386 397 388 387 406 417 414 417 425 432 410 428 418 444 449 450 447 445 442 440 439 438 437 438 439 441 443 443 441 441 445 449 449 451 452
311 312 312 307 306 311 311 317 324 330 333 334 334 335 333 329 327 328 325 323 330 338 336 334 331 328 323 315 310 318 311 315 303 293 299 293 307 337 326 310 303 299 322 323 297 306 320 334 377 357 355 392 361 362 378 402 385 406 402 406 407 415 393 399 423 436 443 420 427 426 423 449 452 448 444 441 438 437 436 435 436 437 439 439 441 441 444 447 449 449 450 451
314 315 315 313 312 313 316 319 325 330 333 334 335 333 330 329 326 325 326 338 337 336 334 326 318 329 319 312 305 302 285 293 288 288 301 315 328 310 303 290 301 312 308 329 294 307 337 372 354 388 397 413 402 398 398 403 411 420 411 420 422 432 420 417 441 445 454 437 442 431 418 447 446 445 442 439 437 435 435 434 434 435 437 438 441 443 443 443 445 447 448 449
318 318 318 316 317 317 317 322 327 330 333 335 334 331 330 327 324 324 336 341 338 333 327 313 312 309 304 295 275 282 278 290 286 289 280 288 296 302 287 293 294 301 308 329 338 348 378 397 388 397 355 367 372 378 404 406 406 412 418 416 418 422 426 433 442 449 446 445 438 439 434 433 433 436 437 435 435 434 434 432 432 433 434 437 438 440 440 442 444 446 447 448
322 322 320 321 321 320 320 323 326 333 335 336 333 332 331 328 326 338 344 344 338 336 319 311 299 291 283 276 288 285 283 298 297 313 290 294 294 290 285 279 293 301 315 285 308 346 391 405 393 360 348 376 379 404 412 403 416 423 423 418 403 408 401 404 419 415 409 406 412 421 433 420 419 430 431 431 431 431 430 431 431 432 432 434 436 437 439 442 445 445 445 446
326 324 320 323 323 321 318 321 330 334 336 337 336 334 330 329 339 344 340 332 323 333 319 318 321 310 300 302 290 303 300 308 316 314 318 310 337 305 303 318 330 342 321 305 333 337 401 398 369 356 359 374 402 411 409 411 421 419 419 414 411 409 398 407 408 423 427 420 420 425 429 430 428 428 426 426 426 427 428 428 429 430 430 431 433 434 436 438 442 442 440 443
327 322 315 322 327 323 320 325 334 335 337 338 337 332 334 341 343 345 343 341 326 307 329 308 288 278 277 270 288 329 313 318 334 327 320 337 333 330 324 324 324 332 329 301 363 365 394 392 370 375 396 401 419 416 407 414 415 410 407 407 406 404 402 403 406 411 418 423 421 420 419 421 420 423 425 425 425 425 425 426 426 427 428 429 430 432 434 437 437 437 439 440
328 320 314 319 326 324 323 331 335 336 338 341 339 336 341 346 348 342 333 333 325 295 291 287 281 280 272 279 307 316 338 351 343 338 334 342 336 339 336 347 351 358 323 352 363 389 386 372 366 373 396 407 410 414 412 409 404 398 395 396 396 391 387 388 393 398 402 408 410 414 415 417 419 420 422 420 420 423 425 426 426 424 423 425 427 429 432 434 435 434 437 438
326 324 311 319 330 330 326 330 337 339 341 343 345 344 349 350 346 343 346 331 301 303 310 325 314 318 304 297 318 341 353 365 363 355 354 358 361 366 370 371 377 362 369 370 382 369 362 379 393 394 403 407 408 405 400 397 394 390 387 388 385 381 374 376 381 384 388 390 396 402 406 407 407 411 418 420 420 423 425 425 423 422 420 419 421 425 428 430 432 433 434 435
323 316 318 310 330 333 328 331 338 341 343 345 347 349 347 350 346 351 342 323 325 299 290 288 284 295 323 323 348 361 367 374 378 371 367 368 370 376 381 385 386 382 386 391 388 383 376 385 390 392 395 397 397 391 387 386 385 384 381 -9999 -9999 355 357 365 370 374 372 378 385 391 394 405 407 411 414 415 418 422 425 423 419 419 418 415 412 415 421 426 428 430 432 434
323 315 321 316 323 330 327 327 340 342 344 346 347 348 344 342 350 339 320 326 299 288 282 298 312 331 351 361 360 365 368 373 375 373 371 370 374 379 384 387 388 388 389 390 390 386 383 384 385 386 388 388 386 382 378 379 -9999 -9999 -9999 -9999 357 352 352 356 361 365 368 369 376 382 389 396 402 405 407 411 415 418 421 421 420 418 416 411 410 416 417 420 424 427 430 435
328 321 317 322 328 325 319 330 341 344 344 344 347 341 342 343 311 323 328 301 304 296 288 308 334 359 366 363 361 361 363 365 368 368 368 370 376 382 387 389 389 389 389 390 390 387 384 384 384 383 382 381 378 373 -9999 -9999 -9999 -9999 -9999 -9999 -9999 349 348 350 354 357 366 368 369 368 379 389 395 398 401 406 407 408 412 416 417 417 416 416 417 417 419 419 422 425 429 433
323 323 321 328 320 318 320 330 340 345 346 346 335 330 347 321 320 297 294 293 305 310 326 334 353 368 361 354 352 351 353 356 358 360 363 366 374 383 389 391 390 390 389 389 388 388 386 385 383 381 378 376 373 370 367 -9999 -9999 -9999 -9999 -9999 -9999 348 346 346 349 354 357 363 370 369 375 379 386 391 395 397 400 404 409 409 410 408 413 416 418 418 418 420 421 424 427 429
314 318 317 321 314 315 326 332 337 345 341 329 322 328 342 326 302 285 289 309 303 289 307 337 357 361 357 348 345 344 344 345 346 349 351 350 358 374 385 386 386 387 387 387 387 387 387 386 383 380 376 374 370 367 365 364 -9999 -9999 -9999 -9999 -9999 -9999 346 346 348 352 354 362 367 367 370 376 376 380 388 390 394 398 401 403 408 407 408 414 415 416 417 417 418 419 423 425
317 310 317 314 313 320 327 334 342 342 340 339 331 324 328 326 324 303 290 317 299 290 297 332 348 347 343 336 334 331 332 333 333 336 332 322 334 340 346 362 373 377 380 381 384 385 388 389 386 380 376 372 369 366 364 -9999 -9999 -9999 -9999 -9999 -9999 -9999 -9999 346 -9999 350 353 361 366 358 357 372 374 371 375 381 378 384 387 396 401 402 405 409 411 412 414 416 417 415 418 416
