resultados/variables_proyeccion_tiempo/variables_paleo_130k/bio8.asc
ncols 330
nrows 228
xllcorner -12.000000
yllcorner 34.000000
cellsize 0.166667
NODATA_value -9999
[rows 0 to 40 of 228, columns 188 to 281 of 330]
-9999 -9999 -9999 -9999 -9999 -9999 -9999 -9999 -9999 -9999 -9999 -9999 -9999 -9999 -9999 -9999 -9999 -9999 -9999 -9999 -9999 -9999 -9999 -9999 -9999 -9999 -9999 -9999 -9999 -9999 -9999 -9999 -9999 -9999 -9999 -9999 -9999 -9999 -9999 -9999 -9999 -9999 -9999 -9999 -9999 -9999 -9999 -9999 -9999 -9999 -9999 -9999 -9999 -9999 -9999 -9999 -9999 -9999 -9999 -9999 -9999 -9999 -9999 -9999 -9999 -9999 -9999 -9999 -9999 -9999 -9999 -9999 -9999 -9999 -9999 -9999 -9999 -9999 -9999 -9999 -9999 -9999 -9999 -9999 -9999 -9999 -9999 -9999 -9999 -9999 -9999 -9999 -9999 -9999
-9999 -9999 -9999 -9999 -9999 -9999 -9999 -9999 -9999 -9999 -9999 -9999 -9999 -9999 -9999 -9999 -9999 -9999 -9999 -9999 -9999 -9999 -9999 -9999 -9999 -9999 -9999 -9999 -9999 -9999 -9999 -9999 -9999 -9999 -9999 -9999 -9999 -9999 -9999 -9999 -9999 -9999 -9999 -9999 -9999 -9999 -9999 -9999 -9999 -9999 -9999 -9999 -9999 -9999 -9999 -9999 -9999 -9999 -9999 -9999 -9999 -9999 -9999 -9999 -9999 -9999 -9999 -9999 -9999 -9999 -9999 -9999 -9999 -9999 -9999 -9999 -9999 -9999 -9999 -9999 -9999 -9999 -9999 -9999 -9999 -9999 -9999 -9999 -9999 -9999 -9999 -9999 -9999 -9999
-9999 -9999 -9999 -9999 -9999 -9999 -9999 -9999 -9999 -9999 -9999 -9999 -9999 -9999 -9999 -9999 -9999 -9999 -9999 -9999 -9999 -9999 -9999 -9999 -9999 -9999 -9999 -9999 -9999 -9999 -9999 -9999 -9999 -9999 -9999 -9999 -9999 -9999 -9999 -9999 -9999 -9999 -9999 -9999 -9999 -9999 -9999 -9999 -9999 -9999 -9999 -9999 -9999 -9999 -9999 -9999 -9999 -9999 -9999 -9999 -9999 -9999 -9999 -9999 -9999 -9999 -9999 -9999 -9999 -9999 -9999 -9999 -9999 -9999 -9999 -9999 -9999 -9999 -9999 -9999 -9999 -9999 -9999 -9999 -9999 -9999 -9999 -9999 -9999 -9999 -9999 -9999 -9999 -9999
-9999 -9999 -9999 -9999 -9999 -9999 -9999 -9999 -9999 -9999 -9999 -9999 -9999 -9999 -9999 -9999 -9999 -9999 -9999 -9999 -9999 -9999 -9999 -9999 -9999 -9999 -9999 -9999 -9999 -9999 -9999 -9999 -9999 -9999 -9999 -9999 -9999 -9999 -9999 -9999 -9999 -9999 -9999 -9999 -9999 -9999 -9999 -9999 -9999 -9999 -9999 -9999 -9999 -9999 -9999 -9999 -9999 -9999 -9999 -9999 -9999 -9999 -9999 -9999 -9999 -9999 -9999 -9999 -9999 -9999 -9999 -9999 -9999 -9999 -9999 -9999 -9999 -9999 -9999 -9999 -9999 -9999 -9999 -9999 -9999 -9999 -9999 -9999 -9999 -9999 -9999 -9999 -9999 -9999
-9999 -9999 -9999 -9999 -9999 -9999 -9999 -9999 -9999 -9999 -9999 -9999 -9999 -9999 -9999 -9999 -9999 -9999 -9999 -9999 -9999 -9999 -9999 -9999 -9999 -9999 -9999 -9999 -9999 -9999 -9999 -9999 -9999 -9999 -9999 -9999 -9999 93 94 -9999 -9999 -9999 -9999 -9999 -9999 -9999 -9999 -9999 -9999 -9999 -9999 -9999 -9999 -9999 -9999 -9999 -9999 -9999 -9999 -9999 -9999 -9999 -9999 -9999 -9999 -9999 -9999 -9999 -9999 -9999 -9999 -9999 -9999 -9999 -9999 -9999 -9999 -9999 -9999 -9999 -9999 -9999 -9999 -9999 -9999 -9999 -9999 -9999 -9999 -9999 -9999 -9999 -9999 -9999
-9999 -9999 -9999 -9999 -9999 -9999 -9999 -9999 -9999 -9999 -9999 -9999 -9999 -9999 -9999 -9999 -9999 -9999 -9999 -9999 -9999 -9999 -9999 -9999 -9999 -9999 -9999 -125 -119 -9999 -9999 -109 -91 31 95 88 89 86 88 89 88 88 -9999 -9999 -9999 -9999 -9999 85 88 83 88 89 88 92 -9999 -9999 -9999 -9999 -9999 -9999 -9999 -9999 -9999 -9999 -9999 -9999 -9999 -9999 -9999 -9999 -9999 -9999 -9999 -9999 -9999 -9999 -9999 -9999 -9999 -9999 -9999 -9999 -9999 -9999 -9999 -9999 -9999 -9999 -9999 -9999 -9999 -9999 -9999 -9999
-9999 -9999 -9999 -9999 -9999 -9999 -9999 -9999 -9999 -9999 -9999 -9999 -9999 -9999 -9999 -9999 -9999 -9999 -9999 -9999 -9999 -122 -121 -126 -124 -9999 -123 -125 -125 -124 -103 -100 -34 89 90 92 91 87 93 91 91 92 83 85 94 -9999 87 88 88 84 83 83 82 80 83 90 86 89 92 91 -9999 -9999 -9999 -9999 -9999 -9999 -9999 -9999 -9999 -9999 -9999 -9999 -9999 -9999 -9999 -9999 -9999 -9999 -9999 -9999 -9999 -9999 -9999 -9999 -9999 -9999 -9999 -9999 -9999 -9999 -9999 -9999 -9999 -9999
-9999 -9999 -9999 -9999 -9999 -9999 -9999 -9999 -9999 -9999 -9999 -9999 -9999 -9999 -9999 -9999 -9999 -117 -121 -117 -127 -125 -127 -129 -127 -131 -132 -132 -120 -115 -106 -70 54 82 83 87 91 92 96 100 91 81 82 85 95 -9999 91 87 83 81 82 84 88 83 92 84 83 80 81 89 87 81 84 82 66 50 -9999 -9999 -9999 -9999 -9999 -9999 -9999 -9999 -9999 -9999 -9999 -9999 -9999 -9999 -9999 -9999 -9999 -9999 -9999 -9999 -9999 -9999 -9999 -9999 -9999 -9999 -9999 -9999
-9999 -9999 -9999 -9999 -9999 -9999 -9999 -9999 -9999 -9999 -9999 -9999 -9999 -9999 -9999 -115 -114 -114 -123 -118 -125 -130 -125 -123 -123 -108 -135 -137 -117 -69 40 80 91 90 88 88 97 -9999 100 95 89 87 83 92 101 97 89 87 85 81 81 80 78 84 81 78 77 78 85 82 78 82 85 81 80 70 46 41 -9999 -9999 -9999 -9999 -9999 -9999 -9999 -9999 -9999 -9999 -9999 -9999 -9999 -9999 -9999 -9999 -9999 -9999 -9999 -9999 -9999 -9999 -9999 -9999 -9999 -9999
-9999 -9999 -9999 -9999 -9999 -9999 -9999 -9999 -9999 -9999 -9999 -9999 3 -9999 94 -9999 -82 -104 20 29 -12 -47 -13 -36 -79 -85 -60 -23 23 53 87 89 90 91 96 101 100 98 96 93 87 85 91 97 93 91 87 83 82 82 87 91 94 91 88 86 82 80 82 84 80 75 79 81 83 81 73 41 38 39 43 -9999 -9999 -9999 -9999 -9999 -9999 -9999 -9999 -9999 -9999 -9999 -9999 -9999 -9999 -9999 -9999 -9999 -9999 -9999 -9999 -9999 -9999 -9999
-9999 -64 -61 -54 -4 -82 9 26 58 -9999 -9999 92 87 88 88 79 84 87 80 82 71 47 16 40 46 59 82 84 89 88 86 87 90 96 101 101 91 90 83 87 88 89 85 87 89 89 87 86 86 88 90 92 94 92 91 88 85 86 89 88 83 80 77 80 87 90 90 66 39 40 41 -9999 -9999 -9999 -9999 -9999 -9999 -9999 -9999 -9999 -9999 -9999 -9999 -9999 -9999 -9999 -9999 -9999 -9999 -9999 -9999 -9999 -9999 -9999
-54 -52 -23 6 31 -9999 41 53 72 84 104 98 91 85 79 83 84 86 87 84 81 92 100 94 91 89 82 79 86 89 85 83 89 97 104 89 78 80 82 77 79 72 75 81 85 86 87 90 93 94 95 95 95 93 94 94 95 93 94 94 93 90 91 94 95 94 97 -9999 -9999 -9999 -9999 -9999 -9999 -9999 -9999 -9999 -9999 -9999 -9999 -9999 -9999 -9999 -9999 -9999 -9999 -9999 -9999 -9999 -9999 -9999 -9999 -9999 -9999 -9999
-27 -3 30 34 47 56 53 80 86 93 98 92 91 95 97 95 91 85 88 87 87 86 96 102 100 91 87 84 86 87 80 77 80 97 99 90 83 85 80 76 80 84 91 89 92 94 93 92 92 90 90 96 96 90 88 88 88 88 87 90 93 93 94 94 96 93 95 -9999 -9999 -9999 -9999 -9999 -9999 43 -9999 42 61 80 98 -9999 -9999 -9999 -9999 -9999 -9999 -9999 -9999 -9999 -9999 -9999 -9999 -9999 -9999 -9999
28 34 42 47 58 67 71 87 93 96 102 99 96 98 106 103 100 98 105 106 95 91 89 90 89 88 89 87 87 89 87 84 87 94 98 97 95 93 92 94 93 93 89 90 92 97 95 91 92 91 88 91 92 92 91 89 93 95 94 96 97 96 96 97 98 93 94 90 89 91 88 88 84 77 89 85 90 94 97 98 97 99 103 -9999 -9999 -9999 -9999 -9999 -9999 -9999 -9999 -9999 -9999 -9999
38 46 45 56 73 76 91 95 97 98 102 106 105 97 104 97 101 107 114 114 114 113 109 94 89 88 90 87 91 91 91 90 89 92 95 97 96 96 98 98 93 91 89 92 94 95 97 96 94 92 93 93 94 96 97 98 98 98 98 98 95 93 94 97 98 98 94 90 87 92 94 96 91 90 91 95 98 94 99 97 98 98 102 -9999 -9999 -9999 -9999 -9999 -9999 -9999 -9999 -9999 -9999 -9999
46 49 63 71 80 97 94 99 91 102 101 106 110 114 116 112 110 110 117 122 120 116 123 119 108 98 96 94 94 96 94 95 95 97 100 99 99 101 101 99 96 95 96 96 96 96 97 97 97 97 97 97 97 98 99 99 99 97 95 95 96 99 100 100 100 94 87 87 91 95 97 92 92 94 94 94 96 98 100 100 101 103 103 101 104 -9999 -9999 101 99 98 99 -9999 -9999 -9999
52 63 75 82 90 96 103 108 102 96 99 100 103 109 113 120 122 120 123 127 129 124 126 125 114 101 102 100 100 96 95 96 99 101 105 111 109 101 102 102 109 104 104 98 99 101 102 101 101 100 101 102 102 102 101 100 98 98 99 102 99 99 94 95 95 93 91 92 92 92 95 93 90 92 94 96 99 98 98 101 104 104 105 106 107 105 104 100 98 99 100 100 99 100
64 78 79 85 97 106 108 107 118 110 106 107 115 119 121 122 125 127 128 129 132 135 134 125 121 115 108 99 97 97 98 98 100 107 110 107 102 103 104 106 122 120 103 99 99 102 104 104 104 105 105 104 104 103 102 101 99 101 102 102 99 96 94 96 96 95 96 94 92 91 90 92 95 96 96 96 98 100 101 99 100 104 107 107 107 106 104 100 98 96 97 98 97 98
77 93 91 97 103 108 112 115 118 123 119 117 117 119 123 127 131 132 132 132 135 138 138 136 134 133 131 122 114 116 112 114 111 102 102 101 103 104 105 104 107 104 105 106 106 104 105 106 107 106 106 105 105 104 102 102 101 102 101 100 98 97 98 98 96 96 97 95 95 94 96 95 96 94 95 98 97 98 99 103 103 105 108 105 103 102 103 100 98 98 98 98 97 96
79 89 97 108 108 107 113 115 115 115 119 125 128 125 124 127 129 135 135 134 134 137 138 139 136 136 127 129 125 123 124 112 102 104 103 107 110 115 127 115 110 106 105 112 109 104 104 105 105 107 105 105 103 101 99 100 99 100 100 100 100 99 99 98 100 100 101 100 102 100 100 102 99 98 100 103 101 103 102 104 106 105 108 103 102 102 101 98 98 99 97 96 95 96
84 93 109 117 113 115 117 120 122 123 124 125 125 129 134 136 136 141 141 139 139 140 139 138 116 108 106 100 100 100 101 101 100 101 103 104 108 109 107 116 118 117 119 121 120 105 103 106 106 105 102 104 103 100 99 104 103 103 102 102 103 102 101 102 100 99 101 102 102 103 104 104 103 104 104 104 105 100 99 99 100 102 105 106 102 100 103 100 98 97 98 94 96 98
91 96 113 122 122 122 122 121 123 128 130 130 132 134 134 137 142 144 144 144 145 145 131 124 111 108 106 106 106 106 106 105 104 104 104 104 105 105 105 106 106 109 112 108 104 103 102 103 101 100 103 104 103 104 102 100 101 100 99 100 101 101 99 94 96 96 100 100 98 100 101 101 104 105 103 99 102 101 96 99 101 103 101 106 105 102 98 94 95 98 98 96 96 97
102 108 117 134 135 131 127 128 128 128 130 133 137 138 138 140 141 141 141 143 141 133 114 110 108 107 109 105 108 107 106 107 107 108 105 106 106 106 106 107 107 107 105 109 111 120 113 107 106 110 106 101 102 101 97 96 98 96 98 101 101 102 100 102 103 101 103 105 101 91 94 97 95 100 98 96 96 98 96 100 98 100 104 105 104 102 98 95 95 99 100 100 99 100
104 117 128 132 134 137 138 136 136 136 136 135 139 142 144 143 142 143 143 142 129 108 110 111 111 112 110 108 106 111 111 112 112 112 111 111 109 109 108 108 109 108 115 121 122 126 120 114 115 107 104 103 103 102 101 100 100 100 99 100 101 103 103 102 102 105 106 104 104 104 102 94 91 89 93 93 96 96 88 99 103 103 102 104 103 101 100 99 99 99 100 100 100 101
113 123 129 133 135 137 141 141 143 143 143 145 143 143 144 145 148 145 141 131 110 108 110 113 114 114 113 111 110 109 111 114 115 115 115 115 114 112 108 107 107 114 133 130 137 139 131 112 107 106 105 105 103 103 102 102 102 102 101 100 99 101 101 102 105 105 102 101 102 101 96 99 98 96 93 92 91 97 80 90 98 104 105 106 102 99 95 94 99 103 98 89 90 92
123 127 129 135 137 139 139 141 143 147 147 150 150 146 135 135 122 112 111 112 112 112 113 114 116 115 115 112 113 112 114 115 116 116 116 116 114 113 111 110 109 112 114 112 111 113 110 111 108 107 106 108 109 105 104 104 105 103 102 102 99 97 97 100 104 106 106 104 101 103 103 102 101 97 99 100 103 101 85 96 101 105 107 95 78 80 78 88 95 103 99 85 89 95
130 134 134 138 138 140 142 140 143 146 146 146 147 133 117 113 115 116 114 115 115 114 113 115 118 118 116 117 115 113 117 116 117 119 119 117 116 116 114 114 114 113 113 114 115 115 112 111 111 114 117 113 113 109 106 107 106 105 103 102 99 97 98 98 98 99 100 101 102 103 103 103 103 104 105 104 104 103 103 104 105 106 107 106 100 95 90 90 99 106 107 106 105 104
129 135 138 138 139 139 139 141 144 145 147 133 118 114 112 113 115 119 119 119 119 118 119 121 121 121 121 120 119 119 118 119 120 120 118 117 117 117 116 115 115 113 113 117 130 132 139 147 139 130 133 142 136 112 111 113 114 109 103 101 101 98 98 101 100 98 97 102 103 101 98 94 96 101 100 103 105 104 105 105 103 103 106 106 105 106 107 107 108 108 105 103 103 103
133 140 144 145 144 145 145 146 142 141 134 115 114 115 111 113 117 119 121 122 122 122 122 122 122 123 123 122 122 120 119 120 121 121 119 119 119 119 118 117 115 113 114 116 130 134 134 133 127 115 125 120 112 111 111 111 113 116 118 106 104 103 103 103 101 101 97 96 98 96 95 94 97 99 102 102 103 106 106 102 102 101 99 104 107 108 109 109 110 110 109 105 104 106
123 127 136 148 146 148 145 138 115 114 116 117 117 118 119 119 117 120 122 124 123 122 121 121 123 124 124 125 123 122 122 122 123 123 124 122 119 120 120 118 116 116 117 115 114 117 117 116 115 115 114 114 114 130 118 111 111 111 110 109 106 105 104 104 103 103 103 102 102 101 103 98 96 98 105 108 111 111 110 106 106 102 105 107 112 110 108 107 109 105 110 108 107 106
129 137 134 143 137 131 128 114 112 112 114 117 120 123 123 124 122 122 123 125 127 126 125 122 124 126 128 129 125 124 125 123 122 125 124 124 124 123 121 118 119 119 118 115 115 115 114 117 117 116 115 116 117 115 116 113 113 116 112 111 108 107 103 102 104 109 110 108 109 109 106 109 107 108 109 110 111 108 110 112 114 107 101 106 111 108 101 105 77 62 93 111 110 110
116 120 119 118 119 118 114 113 115 117 117 115 117 120 123 125 127 127 124 125 128 127 127 125 123 125 128 131 126 126 128 127 126 125 123 125 127 125 124 122 122 122 119 118 117 115 115 116 117 117 117 119 122 129 133 136 133 119 115 116 113 108 105 105 108 110 113 113 112 112 110 107 112 113 113 113 113 113 111 112 114 114 116 115 114 98 83 70 55 48 55 85 113 112
116 118 119 120 119 119 123 119 118 119 120 118 117 119 121 124 127 130 130 128 130 128 127 128 127 127 130 131 127 128 130 129 129 127 126 126 127 127 126 125 126 124 122 121 120 119 118 119 118 127 136 140 142 153 147 137 147 141 140 129 137 124 110 107 106 108 110 113 114 114 114 113 110 111 112 113 114 114 113 112 114 115 116 116 116 117 -9999 -9999 -9999 -9999 50 73 113 115
124 114 116 116 119 122 125 128 126 124 124 123 123 123 126 123 123 129 132 132 132 133 131 129 129 129 125 120 122 131 131 129 128 128 128 129 130 128 126 127 127 126 124 123 121 120 119 120 117 120 127 126 126 124 137 142 138 125 128 126 133 115 110 108 106 106 111 114 116 116 112 112 111 110 112 113 113 114 115 114 114 114 116 116 116 117 54 84 -9999 -9999 -9999 -9999 -9999 -9999
114 111 114 115 117 122 125 126 130 130 129 127 129 130 132 129 127 127 130 131 133 134 131 131 129 99 87 72 70 93 106 131 131 132 131 132 130 128 127 127 125 123 123 121 121 122 121 120 117 117 123 121 119 136 144 143 126 122 147 142 116 112 111 109 109 109 111 113 115 115 115 113 111 112 113 113 112 111 113 113 115 115 116 116 117 116 113 115 112 97 -9999 -9999 -9999 -9999
115 117 119 122 121 121 122 124 129 133 131 130 131 133 135 134 133 132 133 134 136 134 132 132 115 88 70 70 70 69 70 104 133 134 134 133 132 130 128 127 126 126 125 123 122 122 121 120 118 116 122 132 138 148 151 146 148 153 154 150 145 128 115 110 111 109 110 115 117 117 117 115 113 113 113 113 112 112 113 114 115 114 115 115 115 115 116 116 117 117 118 120 -9999 -9999
120 119 122 124 128 128 128 126 127 130 130 135 135 136 137 136 137 137 138 127 122 114 93 82 73 73 72 73 73 73 73 97 130 135 134 133 132 131 130 129 128 127 126 125 124 122 123 123 121 123 148 156 157 158 158 152 154 149 149 144 128 117 113 112 112 111 112 111 113 116 117 117 116 115 115 114 113 113 114 115 116 116 115 115 116 116 116 116 117 117 118 119 121 122
117 120 120 122 122 126 127 133 131 135 134 134 134 137 139 140 139 130 132 115 94 76 75 76 75 75 75 75 75 75 75 74 124 137 136 136 134 133 131 130 129 128 127 127 125 124 125 125 123 118 120 130 139 139 128 123 143 143 133 131 132 121 113 113 113 113 115 115 115 116 117 117 117 117 117 117 116 116 115 116 117 116 117 117 117 117 117 117 118 119 119 120 121 121
119 120 121 120 119 121 125 128 131 133 135 137 136 139 140 139 110 81 78 77 78 78 77 -9999 -9999 -9999 77 77 -9999 -9999 -9999 76 114 139 138 138 136 134 133 132 131 131 129 129 127 127 127 126 124 122 121 121 131 137 148 153 159 157 153 139 121 117 115 116 116 116 118 118 117 117 116 116 116 116 117 118 118 117 116 116 117 118 118 118 118 118 118 118 119 119 120 121 121 122
119 121 122 122 122 124 124 125 128 132 136 139 140 141 141 133 78 79 79 78 78 -9999 -9999 -9999 -9999 -9999 -9999 -9999 -9999 -9999 -9999 -9999 140 141 141 139 138 136 135 134 132 131 131 130 129 128 128 126 126 124 123 130 149 159 157 149 139 129 120 118 119 119 118 118 118 119 120 120 119 118 118 117 116 117 117 117 117 117 117 117 117 118 118 119 118 119 119 120 120 121 121 121 122 -9999
120 122 123 124 126 126 126 128 129 131 134 139 141 142 142 143 -9999 -9999 -9999 -9999 -9999 -9999 -9999 -9999 -9999 -9999 -9999 -9999 -9999 -9999 -9999 -9999 -9999 -9999 -9999 140 139 137 136 135 133 131 131 131 130 129 129 128 127 126 124 124 124 126 131 140 148 144 138 130 121 121 120 119 121 123 123 123 122 122 122 120 120 120 119 118 118 119 118 118 119 119 119 119 119 119 119 120 120 121 111 56 55 -9999
