resultados/variables_proyeccion_tiempo/variables_paleo_130k/bio8.asc
ncols 330
nrows 228
xllcorner -12.000000
yllcorner 34.000000
cellsize 0.166667
NODATA_value -9999
[rows 164 to 204 of 228, columns 0 to 93 of 330]
-9999 -9999 -9999 -9999 -9999 -9999 -9999 -9999 -9999 -9999 -9999 -9999 -9999 -9999 -9999 -9999 -9999 -9999 -9999 -9999 -9999 -9999 -9999 -9999 -9999 -9999 -9999 -9999 -9999 -9999 -9999 -9999 -9999 -9999 -9999 -9999 -9999 -9999 -9999 -9999 -9999 -9999 -9999 -9999 -9999 -9999 -9999 -9999 -9999 -9999 -9999 -9999 -9999 -9999 -9999 -9999 -9999 -9999 -9999 -9999 -9999 -9999 -9999 -9999 78 76 73 69 67 67 65 64 63 62 61 60 60 57 56 56 55 53 55 56 56 55 52 49 44 29 16 62 63 52
-9999 -9999 -9999 -9999 -9999 -9999 -9999 -9999 -9999 -9999 -9999 -9999 -9999 -9999 -9999 -9999 -9999 -9999 -9999 -9999 -9999 -9999 -9999 -9999 -9999 -9999 -9999 -9999 -9999 -9999 -9999 -9999 -9999 -9999 -9999 -9999 -9999 -9999 -9999 -9999 -9999 -9999 -9999 -9999 -9999 -9999 -9999 -9999 -9999 -9999 -9999 -9999 -9999 -9999 -9999 -9999 -9999 -9999 -9999 -9999 -9999 -9999 -9999 -9999 79 76 72 70 67 66 63 61 62 63 61 60 60 59 57 57 57 57 56 54 52 48 49 48 46 48 53 73 73 64
-9999 -9999 -9999 -9999 -9999 -9999 -9999 -9999 -9999 -9999 -9999 -9999 -9999 -9999 -9999 -9999 -9999 -9999 -9999 -9999 -9999 -9999 -9999 -9999 -9999 -9999 -9999 -9999 -9999 -9999 -9999 -9999 -9999 -9999 -9999 -9999 -9999 -9999 -9999 -9999 -9999 -9999 -9999 -9999 -9999 -9999 -9999 -9999 -9999 -9999 -9999 -9999 -9999 -9999 -9999 -9999 -9999 -9999 -9999 -9999 -9999 -9999 -9999 -9999 80 76 71 69 65 63 61 60 60 60 60 59 58 58 58 59 58 58 55 54 51 47 46 45 39 37 44 45 55 69
-9999 -9999 -9999 -9999 -9999 -9999 -9999 -9999 -9999 -9999 -9999 -9999 -9999 -9999 -9999 -9999 -9999 -9999 -9999 -9999 -9999 -9999 -9999 -9999 -9999 -9999 -9999 -9999 -9999 -9999 -9999 -9999 -9999 -9999 -9999 -9999 -9999 -9999 -9999 -9999 -9999 -9999 -9999 -9999 -9999 -9999 -9999 -9999 -9999 -9999 -9999 -9999 -9999 -9999 -9999 -9999 -9999 -9999 -9999 -9999 -9999 -9999 -9999 84 80 75 71 68 65 63 62 59 59 60 59 59 60 61 62 62 62 61 56 59 57 55 53 48 47 51 51 45 35 50
-9999 -9999 -9999 -9999 -9999 -9999 -9999 -9999 -9999 -9999 -9999 -9999 -9999 -9999 -9999 -9999 -9999 -9999 -9999 -9999 -9999 -9999 -9999 -9999 -9999 -9999 -9999 -9999 -9999 -9999 -9999 -9999 -9999 -9999 -9999 -9999 -9999 -9999 -9999 -9999 -9999 -9999 -9999 -9999 -9999 -9999 -9999 -9999 -9999 -9999 -9999 -9999 -9999 -9999 -9999 -9999 -9999 -9999 -9999 -9999 -9999 -9999 -9999 84 80 75 72 70 67 64 63 61 59 60 59 58 58 57 59 67 75 65 60 62 62 60 55 54 60 57 51 47 47 79
-9999 -9999 -9999 -9999 -9999 -9999 -9999 -9999 -9999 -9999 -9999 -9999 -9999 -9999 -9999 -9999 -9999 -9999 -9999 -9999 -9999 -9999 -9999 106 101 104 104 107 -9999 -9999 -9999 -9999 -9999 -9999 -9999 -9999 -9999 -9999 -9999 -9999 -9999 -9999 -9999 -9999 -9999 -9999 -9999 -9999 -9999 -9999 -9999 -9999 -9999 -9999 -9999 -9999 -9999 -9999 -9999 -9999 -9999 -9999 -9999 85 81 78 75 71 67 65 63 62 60 59 58 58 58 59 75 115 116 114 72 62 62 59 51 45 44 47 55 59 61 75
-9999 -9999 -9999 -9999 -9999 -9999 -9999 -9999 -9999 -9999 -9999 -9999 -9999 -9999 -9999 -9999 -9999 -9999 -9999 -9999 -9999 -9999 110 106 98 89 90 97 101 101 101 100 97 95 93 98 102 103 101 100 101 -9999 -9999 -9999 -9999 -9999 -9999 -9999 -9999 -9999 101 -9999 -9999 -9999 -9999 -9999 -9999 -9999 -9999 -9999 -9999 -9999 89 86 82 78 74 71 67 64 61 61 60 58 58 57 57 59 104 114 116 116 100 61 64 64 53 42 42 51 66 71 78 76
-9999 -9999 -9999 -9999 -9999 -9999 -9999 -9999 -9999 -9999 -9999 -9999 -9999 -9999 -9999 -9999 -9999 -9999 98 104 -9999 97 110 97 88 83 75 82 90 89 77 81 77 77 82 93 93 95 89 92 92 95 90 84 97 102 99 101 102 100 97 95 93 97 95 90 91 96 -9999 -9999 89 91 88 83 79 77 73 69 66 63 58 57 59 57 57 55 56 70 110 114 115 115 112 64 55 45 48 53 61 71 80 82 84 84
-9999 -9999 -9999 -9999 -9999 -9999 -9999 -9999 -9999 -9999 -9999 -9999 -9999 -9999 -9999 -9999 102 101 98 96 90 89 100 88 81 86 86 83 80 69 74 61 66 69 64 67 69 80 72 69 61 64 41 47 71 79 82 86 86 73 66 81 79 86 89 89 83 85 86 89 85 75 71 65 69 69 68 65 62 61 58 52 55 54 51 51 53 98 111 112 112 114 113 77 67 68 71 77 80 84 86 87 87 87
-9999 -9999 -9999 -9999 -9999 -9999 -9999 -9999 -9999 -9999 -9999 -9999 -9999 -9999 -9999 -9999 102 96 89 84 81 81 78 71 72 84 85 78 69 66 68 52 54 36 32 29 41 49 39 28 31 34 22 27 50 33 46 58 58 51 48 57 67 74 75 64 72 74 75 72 59 56 54 45 45 35 49 46 39 35 36 40 38 41 40 45 61 106 106 114 108 109 110 107 76 66 62 71 78 84 88 -9999 -9999 -9999
-9999 -9999 -9999 -9999 -9999 -9999 -9999 -9999 -9999 -9999 -9999 -9999 -9999 -9999 -9999 -9999 103 91 87 86 86 82 78 84 77 79 82 81 68 68 55 38 35 29 24 21 26 27 31 29 36 34 32 18 29 36 41 50 51 53 58 59 53 54 56 62 63 55 55 50 47 57 50 40 30 24 15 -5 9 -6 -14 4 -18 -8 10 23 52 99 119 136 120 124 107 105 93 68 54 63 75 83 92 -9999 -9999 -9999
-9999 -9999 -9999 -9999 -9999 -9999 -9999 -9999 -9999 -9999 -9999 -9999 -9999 -9999 -9999 -9999 -9999 99 93 88 89 83 76 72 64 76 73 74 51 45 41 48 53 36 30 32 41 42 48 48 48 47 45 43 46 50 51 48 48 47 44 55 54 57 63 59 52 49 46 48 52 58 53 49 45 35 29 14 -6 -22 -26 -29 -25 -14 -7 12 42 22 30 58 49 74 78 69 63 56 58 74 86 94 96 -9999 -9999 -9999
-9999 -9999 -9999 -9999 -9999 -9999 -9999 -9999 -9999 -9999 -9999 -9999 -9999 -9999 -9999 -9999 -9999 102 97 95 84 69 61 59 52 74 79 78 47 30 52 67 64 50 40 46 49 50 55 56 55 54 51 52 55 56 55 51 45 41 45 51 52 54 63 58 54 55 59 61 65 62 49 49 52 42 40 34 25 17 6 3 12 15 16 9 12 0 48 68 -9 2 -17 -21 -2 39 62 59 85 94 96 -9999 -9999 -9999
-9999 -9999 -9999 -9999 -9999 -9999 -9999 -9999 -9999 -9999 -9999 -9999 -9999 -9999 -9999 -9999 -9999 104 101 91 86 64 64 83 83 70 66 55 56 49 52 46 34 24 40 50 54 55 57 58 56 59 57 59 61 62 60 56 47 44 40 38 41 44 51 59 56 62 64 66 66 66 62 58 47 38 30 36 30 29 27 46 59 76 64 50 88 66 86 74 100 44 48 79 -0 -9 17 57 72 92 106 141 -9999 -9999
-9999 -9999 -9999 -9999 -9999 -9999 -9999 -9999 -9999 -9999 -9999 -9999 -9999 -9999 -9999 -9999 -9999 -9999 100 93 86 72 66 89 78 61 42 24 22 32 9 -1 22 26 37 50 54 56 58 56 59 61 62 63 66 65 61 54 51 45 38 28 17 17 20 33 33 33 40 56 65 68 64 62 58 52 45 48 42 36 68 75 86 94 91 81 116 136 113 112 121 53 59 78 93 90 105 96 101 134 140 133 -9999 -9999
-9999 -9999 -9999 -9999 -9999 -9999 -9999 -9999 -9999 -9999 -9999 -9999 -9999 -9999 -9999 -9999 -9999 -9999 88 88 91 82 70 47 49 50 45 34 28 24 5 8 39 43 49 53 55 57 58 58 60 60 63 67 69 63 61 56 52 46 38 35 29 16 14 10 13 18 26 39 54 64 67 61 63 60 55 57 54 55 99 106 109 107 95 95 116 148 141 145 133 128 119 150 146 143 106 104 114 137 144 144 -9999 -9999
-9999 -9999 -9999 -9999 -9999 -9999 -9999 -9999 -9999 -9999 -9999 -9999 -9999 -9999 -9999 -9999 -9999 -9999 90 90 76 72 53 52 39 36 45 51 39 33 28 26 38 48 48 50 55 57 58 59 59 59 59 60 64 64 57 50 48 43 39 32 33 28 21 21 24 27 22 33 42 52 59 68 68 57 53 62 61 64 92 115 122 121 113 110 113 136 145 148 150 151 144 150 150 157 112 113 120 128 142 144 -9999 -9999
-9999 -9999 -9999 -9999 -9999 -9999 -9999 -9999 -9999 -9999 -9999 -9999 -9999 -9999 -9999 -9999 -9999 -9999 92 86 85 78 61 46 42 39 49 51 45 46 30 36 42 52 51 51 54 57 58 57 56 53 53 57 60 58 54 50 51 48 45 41 37 34 31 29 31 34 31 30 22 46 49 60 67 69 67 66 83 103 107 115 120 130 133 130 134 130 121 113 108 112 120 123 111 112 105 132 139 135 144 -9999 -9999 -9999
-9999 -9999 -9999 -9999 -9999 -9999 -9999 -9999 -9999 -9999 -9999 -9999 -9999 -9999 -9999 -9999 -9999 -9999 -9999 90 87 84 75 57 51 52 50 47 60 54 39 39 43 56 54 53 55 57 57 55 55 54 54 57 56 54 52 51 47 45 42 40 41 40 37 37 34 35 33 31 30 64 52 58 63 83 77 71 72 93 112 113 120 126 133 140 136 122 114 105 104 117 121 129 131 139 135 135 143 -9999 -9999 -9999 -9999 -9999
-9999 -9999 -9999 -9999 -9999 -9999 -9999 -9999 -9999 -9999 -9999 -9999 -9999 -9999 -9999 -9999 -9999 -9999 -9999 92 88 83 75 64 65 41 44 54 59 52 45 46 40 55 56 53 54 55 54 55 55 55 54 55 53 51 50 47 43 33 37 36 32 31 33 34 35 33 36 37 47 69 100 112 116 136 129 83 75 76 107 108 114 115 120 121 113 106 107 113 110 120 135 136 144 145 145 -9999 -9999 -9999 -9999 -9999 -9999 -9999
-9999 -9999 -9999 -9999 -9999 -9999 -9999 -9999 -9999 -9999 -9999 -9999 -9999 -9999 -9999 -9999 -9999 -9999 -9999 92 88 79 77 73 52 63 58 58 48 60 53 42 40 54 56 52 49 48 48 51 52 53 54 53 52 52 49 46 42 37 31 13 16 18 27 31 28 30 39 43 86 125 147 148 150 153 161 133 76 96 117 119 118 117 118 122 111 103 111 133 133 140 141 137 150 -9999 -9999 -9999 -9999 -9999 -9999 -9999 -9999 -9999
-9999 -9999 -9999 -9999 -9999 -9999 -9999 -9999 -9999 -9999 -9999 -9999 -9999 -9999 -9999 -9999 -9999 -9999 -9999 93 89 85 78 65 56 60 57 53 57 61 54 48 38 44 54 53 52 51 49 48 50 50 50 49 47 47 45 40 29 21 20 16 24 26 33 34 28 25 37 71 121 142 142 147 142 138 153 156 131 112 109 111 111 113 111 124 107 113 139 136 145 -9999 -9999 -9999 -9999 -9999 -9999 -9999 -9999 -9999 -9999 -9999 -9999 -9999
-9999 -9999 -9999 -9999 -9999 -9999 -9999 -9999 -9999 -9999 -9999 -9999 -9999 -9999 -9999 -9999 -9999 -9999 -9999 96 90 79 66 59 51 45 48 43 52 55 49 44 39 40 56 52 52 50 49 49 46 44 45 46 43 41 42 31 8 20 36 38 39 42 39 33 29 26 44 75 112 138 140 143 144 131 140 152 156 145 104 99 103 101 113 108 116 121 -9999 -9999 -9999 -9999 -9999 -9999 -9999 -9999 -9999 -9999 -9999 -9999 -9999 -9999 -9999 -9999
-9999 -9999 -9999 -9999 -9999 -9999 -9999 -9999 -9999 -9999 -9999 -9999 -9999 -9999 -9999 -9999 -9999 -9999 -9999 98 95 82 70 69 64 59 54 50 52 50 44 43 38 37 51 52 47 44 47 46 42 36 35 36 36 29 25 17 19 38 49 47 45 44 36 35 37 32 59 76 83 127 132 145 135 131 129 132 135 135 95 89 81 71 121 135 141 144 -9999 -9999 -9999 -9999 -9999 -9999 -9999 -9999 -9999 -9999 -9999 -9999 -9999 -9999 -9999 -9999
-9999 -9999 -9999 -9999 -9999 -9999 -9999 -9999 -9999 -9999 -9999 -9999 -9999 -9999 -9999 -9999 -9999 -9999 -9999 99 97 92 69 72 73 68 62 50 44 42 41 42 44 36 29 43 49 46 45 37 30 21 27 28 29 27 26 42 47 54 57 52 50 42 38 39 36 33 65 73 64 65 116 135 142 137 129 126 123 126 95 83 93 117 131 134 142 -9999 -9999 -9999 -9999 -9999 -9999 -9999 -9999 -9999 -9999 -9999 -9999 -9999 -9999 -9999 -9999 -9999
-9999 -9999 -9999 -9999 -9999 -9999 -9999 -9999 -9999 -9999 -9999 -9999 -9999 -9999 -9999 -9999 -9999 -9999 103 100 97 92 85 84 77 64 30 46 48 43 39 40 37 32 40 62 58 38 36 32 13 12 18 32 36 53 54 59 58 58 59 56 45 45 43 47 42 42 71 78 62 55 83 133 146 145 126 119 80 78 80 90 113 125 138 -9999 -9999 -9999 -9999 -9999 -9999 -9999 -9999 -9999 -9999 -9999 -9999 -9999 -9999 -9999 -9999 -9999 -9999 -9999
-9999 -9999 -9999 -9999 -9999 -9999 -9999 -9999 -9999 -9999 -9999 -9999 -9999 -9999 -9999 -9999 -9999 -9999 101 100 99 94 89 83 67 56 47 63 60 48 45 41 46 50 61 78 50 21 13 18 15 40 45 59 54 60 66 61 61 60 62 55 50 50 49 44 40 42 89 82 68 61 63 101 144 145 140 139 114 83 93 114 125 136 139 -9999 -9999 -9999 -9999 -9999 -9999 -9999 -9999 -9999 -9999 -9999 -9999 -9999 -9999 -9999 -9999 -9999 -9999 -9999
-9999 -9999 -9999 -9999 -9999 -9999 -9999 -9999 -9999 -9999 -9999 -9999 -9999 -9999 -9999 -9999 -9999 -9999 104 102 99 91 76 68 65 65 63 67 69 65 66 66 68 63 76 80 64 61 72 78 79 74 69 62 70 69 64 64 63 62 64 57 56 54 46 41 37 62 95 88 77 76 78 82 130 92 99 98 93 102 119 130 135 145 -9999 -9999 -9999 -9999 -9999 -9999 -9999 -9999 -9999 -9999 -9999 -9999 -9999 -9999 -9999 -9999 -9999 -9999 -9999 -9999
-9999 -9999 -9999 -9999 -9999 -9999 -9999 -9999 -9999 -9999 -9999 -9999 -9999 -9999 -9999 -9999 -9999 -9999 105 100 95 89 81 77 66 71 78 75 77 73 72 71 71 69 69 82 88 88 85 83 79 77 75 72 72 68 68 67 67 65 58 53 51 49 47 44 42 62 95 91 90 91 84 88 90 84 75 74 102 111 131 146 148 -9999 -9999 -9999 -9999 -9999 -9999 -9999 -9999 -9999 -9999 -9999 -9999 -9999 -9999 -9999 111 102 120 119 -9999 -9999
-9999 -9999 -9999 -9999 -9999 -9999 -9999 -9999 -9999 -9999 -9999 -9999 -9999 -9999 -9999 -9999 -9999 106 104 100 94 94 90 85 78 84 83 83 81 77 76 73 71 69 66 77 84 80 77 76 75 74 68 64 63 64 60 58 57 58 59 57 55 53 49 45 46 54 79 97 95 97 96 95 84 63 67 71 85 104 128 149 -9999 -9999 -9999 -9999 -9999 -9999 -9999 -9999 -9999 -9999 -9999 -9999 -9999 -9999 119 103 100 111 121 119 120 -9999
-9999 -9999 -9999 -9999 -9999 -9999 -9999 -9999 -9999 -9999 -9999 -9999 -9999 -9999 -9999 -9999 -9999 107 101 90 96 101 95 90 89 90 87 84 81 79 77 72 69 70 69 77 84 77 71 59 59 65 57 52 49 49 50 49 52 56 57 57 58 56 52 52 48 51 69 102 103 102 82 82 59 60 66 89 101 106 112 -9999 -9999 -9999 -9999 -9999 -9999 -9999 -9999 -9999 -9999 -9999 -9999 -9999 -9999 122 113 113 119 116 119 120 124 -9999
-9999 -9999 -9999 -9999 -9999 -9999 -9999 -9999 -9999 -9999 -9999 -9999 -9999 -9999 -9999 114 111 107 100 102 105 103 100 98 93 90 86 79 77 75 75 74 72 69 67 73 81 72 67 61 70 72 72 67 58 53 56 47 47 53 54 59 60 58 59 57 56 54 68 69 90 78 61 67 68 65 67 88 103 112 115 -9999 -9999 -9999 -9999 -9999 -9999 -9999 -9999 -9999 -9999 -9999 -9999 -9999 -9999 -9999 122 121 119 121 122 122 -9999 -9999
-9999 -9999 -9999 -9999 -9999 -9999 -9999 -9999 -9999 -9999 -9999 -9999 -9999 -9999 -9999 111 108 105 107 108 108 103 99 98 95 94 89 82 77 80 77 75 72 69 66 65 83 86 85 81 79 79 70 68 65 62 64 54 57 54 56 62 62 61 61 59 57 57 57 58 59 60 62 64 67 73 71 84 103 114 118 -9999 -9999 -9999 -9999 -9999 -9999 -9999 -9999 -9999 -9999 -9999 -9999 -9999 -9999 -9999 -9999 -9999 -9999 126 125 125 -9999 -9999
-9999 -9999 -9999 -9999 -9999 -9999 -9999 -9999 -9999 -9999 -9999 -9999 -9999 -9999 -9999 109 107 103 110 111 107 104 102 100 98 96 92 88 85 83 93 93 87 85 75 87 94 92 89 86 82 77 72 67 67 62 64 61 64 65 64 64 62 61 58 54 60 81 63 61 62 63 61 57 55 68 65 90 108 111 113 121 -9999 -9999 -9999 -9999 -9999 -9999 -9999 117 118 120 -9999 -9999 -9999 -9999 -9999 -9999 -9999 124 -9999 -9999 -9999 -9999
-9999 -9999 -9999 -9999 -9999 -9999 -9999 -9999 -9999 -9999 -9999 -9999 -9999 -9999 -9999 103 100 105 113 111 108 107 104 101 97 93 89 87 82 99 107 105 103 101 98 98 95 91 89 86 83 78 75 71 67 68 65 66 66 65 64 64 61 56 57 73 102 102 88 62 63 62 60 60 59 66 65 84 99 103 104 120 125 -9999 -9999 -9999 -9999 -9999 -9999 120 121 124 -9999 -9999 -9999 -9999 -9999 -9999 -9999 -9999 -9999 -9999 -9999 -9999
-9999 -9999 -9999 -9999 -9999 -9999 -9999 -9999 -9999 -9999 -9999 -9999 -9999 -9999 -9999 102 104 112 114 111 108 105 100 95 93 91 87 86 91 107 105 103 102 98 97 88 82 79 81 76 76 82 80 78 72 66 66 65 61 67 65 64 61 59 79 106 102 102 99 99 76 68 59 60 65 66 78 76 76 86 81 100 118 123 -9999 -9999 -9999 -9999 -9999 -9999 125 122 -9999 -9999 -9999 -9999 -9999 -9999 -9999 -9999 -9999 -9999 -9999 -9999
-9999 -9999 -9999 -9999 -9999 -9999 -9999 -9999 -9999 -9999 -9999 -9999 -9999 -9999 -9999 -9999 112 113 112 113 109 104 98 93 93 93 91 90 94 92 83 87 87 81 78 72 62 62 57 63 73 75 74 71 61 60 64 68 68 67 65 65 62 66 88 77 84 89 95 94 69 69 72 70 69 77 81 74 74 79 93 114 121 -9999 -9999 -9999 -9999 -9999 -9999 -9999 124 121 -9999 -9999 -9999 -9999 -9999 -9999 -9999 -9999 -9999 -9999 -9999 -9999
-9999 -9999 -9999 -9999 -9999 -9999 -9999 -9999 -9999 -9999 -9999 -9999 -9999 -9999 -9999 -9999 110 109 110 113 111 108 102 99 95 94 93 93 93 90 76 72 70 69 65 67 63 60 59 57 56 56 54 53 53 48 47 53 75 71 72 74 72 75 71 75 90 92 86 73 74 81 83 81 80 76 83 95 105 115 119 -9999 -9999 -9999 -9999 -9999 -9999 -9999 -9999 -9999 -9999 -9999 -9999 -9999 -9999 -9999 -9999 -9999 -9999 -9999 -9999 -9999 -9999 -9999
-9999 -9999 -9999 -9999 -9999 -9999 -9999 -9999 -9999 -9999 -9999 -9999 -9999 -9999 -9999 -9999 -9999 -9999 -9999 111 109 108 106 101 96 92 93 94 93 97 89 82 77 69 64 62 61 62 62 58 57 55 55 55 53 53 55 57 77 87 92 88 83 78 76 87 88 87 93 94 79 87 91 94 88 91 97 111 117 -9999 -9999 -9999 -9999 -9999 -9999 -9999 -9999 -9999 -9999 -9999 -9999 -9999 -9999 -9999 -9999 -9999 -9999 -9999 -9999 -9999 -9999 -9999 -9999 -9999
-9999 -9999 -9999 -9999 -9999 -9999 -9999 -9999 -9999 -9999 -9999 -9999 -9999 -9999 -9999 -9999 -9999 -9999 115 110 104 109 107 102 98 98 98 93 93 88 83 76 66 63 61 68 66 61 65 68 63 57 61 65 67 74 74 74 73 71 87 90 88 83 60 59 72 79 86 88 76 78 85 92 104 107 112 117 118 121 -9999 -9999 -9999 -9999 -9999 -9999 -9999 -9999 -9999 -9999 -9999 -9999 -9999 -9999 -9999 -9999 -9999 -9999 -9999 -9999 -9999 -9999 -9999 -9999
-9999 -9999 -9999 -9999 -9999 -9999 -9999 -9999 -9999 -9999 -9999 -9999 -9999 -9999 -9999 -9999 -9999 -9999 115 110 109 110 106 102 99 99 98 94 92 85 78 72 71 74 72 70 73 67 63 70 74 72 73 78 81 80 78 75 71 71 72 76 88 83 51 32 50 72 88 74 68 68 77 95 101 103 107 115 118 -9999 -9999 -9999 -9999 -9999 -9999 -9999 -9999 -9999 -9999 -9999 -9999 -9999 -9999 -9999 -9999 -9999 -9999 -9999 -9999 -9999 -9999 -9999 -9999 -9999
