resultados/variables_proyeccion_tiempo/variables_paleo_130k/bio8.asc
ncols 330
nrows 228
xllcorner -12.000000
yllcorner 34.000000
cellsize 0.166667
NODATA_value -9999
[rows 82 to 122 of 228, columns 188 to 281 of 330]
-9999 -9999 -9999 -9999 -9999 -9999 -9999 -9999 -9999 -9999 -9999 -9999 -9999 -9999 -9999 116 115 116 116 115 115 115 -9999 -9999 -9999 -9999 -9999 113 112 112 111 110 109 107 106 105 103 102 101 102 102 130 194 193 194 194 196 196 197 197 197 197 197 195 192 191 192 193 193 195 197 197 197 197 198 198 198 199 198 198 199 199 198 198 198 196 195 196 197 195 193 191 179 93 81 81 93 144 150 150 150 151 150 151
-9999 -9999 -9999 -9999 -9999 -9999 -9999 -9999 -9999 -9999 -9999 -9999 -9999 -9999 -9999 -9999 116 117 117 116 -9999 -9999 -9999 -9999 -9999 -9999 -9999 113 113 -9999 111 110 108 106 105 104 103 101 100 101 101 149 191 189 191 193 195 196 197 198 198 198 198 196 194 193 193 193 194 195 197 197 198 198 198 198 198 197 197 197 198 198 199 199 198 197 195 196 197 198 196 194 182 134 108 84 113 150 149 150 156 167 160 174
121 -9999 -9999 -9999 -9999 -9999 -9999 -9999 -9999 -9999 -9999 -9999 -9999 -9999 -9999 118 117 117 -9999 -9999 -9999 -9999 -9999 -9999 -9999 -9999 -9999 -9999 -9999 -9999 111 109 108 107 106 105 104 102 101 101 100 147 193 192 193 194 195 195 196 197 197 198 199 197 196 196 196 196 196 196 197 198 198 198 197 197 196 196 196 196 198 198 198 198 198 198 196 197 198 197 193 192 190 164 171 160 144 150 150 152 179 195 195 196
-9999 -9999 -9999 -9999 -9999 -9999 -9999 -9999 -9999 -9999 -9999 -9999 -9999 -9999 -9999 -9999 -9999 118 117 117 -9999 -9999 -9999 116 -9999 -9999 -9999 -9999 -9999 -9999 111 109 108 106 106 106 104 103 102 101 101 163 194 194 194 192 190 191 192 194 194 196 197 198 197 197 197 197 197 197 197 198 197 197 197 196 196 196 196 196 197 197 198 199 199 198 197 198 198 197 192 191 192 192 193 193 193 174 167 185 196 196 197 197
-9999 -9999 -9999 -9999 -9999 -9999 -9999 -9999 -9999 -9999 -9999 -9999 -9999 -9999 119 118 118 116 115 117 117 -9999 -9999 -9999 -9999 -9999 -9999 -9999 -9999 -9999 112 109 107 105 105 105 104 103 102 102 115 167 195 195 193 191 189 190 191 193 194 196 198 198 198 197 197 197 196 196 193 193 196 197 197 196 196 196 196 197 197 198 198 198 198 198 198 198 198 195 193 192 192 193 193 193 194 195 196 196 197 197 197 197
-9999 -9999 -9999 -9999 -9999 -9999 -9999 -9999 -9999 -9999 -9999 -9999 120 120 118 118 118 117 115 116 116 117 117 -9999 -9999 -9999 -9999 -9999 -9999 -9999 112 110 107 107 105 105 104 102 103 119 148 173 194 194 193 191 191 192 193 194 195 197 198 197 197 197 197 197 195 192 190 192 194 197 196 196 197 196 197 197 197 197 198 197 198 198 197 197 196 192 191 192 193 193 193 193 194 194 194 194 196 197 197 198
-9999 -9999 -9999 -9999 -9999 -9999 -9999 -9999 -9999 -9999 -9999 -9999 120 120 119 118 117 117 116 114 114 116 117 117 -9999 -9999 -9999 -9999 -9999 114 112 110 108 106 104 102 99 113 141 154 155 184 193 194 193 193 194 194 194 195 196 197 198 198 198 197 197 196 196 194 195 196 197 197 196 197 197 197 197 197 197 198 197 197 197 196 193 191 191 192 192 193 194 194 193 194 193 191 192 194 195 197 198 199
-9999 -9999 -9999 -9999 -9999 -9999 -9999 -9999 -9999 -9999 -9999 -9999 120 120 118 118 118 117 115 114 114 115 115 116 117 117 -9999 116 116 114 113 110 108 105 102 99 118 151 153 152 158 190 193 194 195 195 195 195 195 195 197 197 198 198 198 198 198 197 198 198 198 198 197 197 197 197 197 197 196 198 198 198 197 196 195 192 190 191 191 192 192 193 194 195 194 193 194 193 193 193 195 197 198 199
-9999 -9999 -9999 -9999 -9999 -9999 -9999 -9999 -9999 -9999 121 121 120 119 116 116 118 116 114 114 113 114 114 115 117 117 118 122 120 114 112 110 108 106 104 123 156 155 153 152 174 191 195 195 196 196 196 196 196 196 198 198 197 198 197 198 198 198 197 192 192 193 195 196 197 196 197 197 197 198 198 196 192 191 190 190 191 191 192 193 194 194 194 195 196 194 194 194 194 195 196 197 198 199
-9999 -9999 -9999 -9999 -9999 -9999 -9999 -9999 -9999 -9999 122 121 120 118 117 117 117 115 114 113 112 113 114 115 118 148 164 167 166 153 147 130 131 146 147 143 157 158 156 162 188 195 196 196 197 197 197 196 196 197 197 197 197 197 198 198 198 197 194 192 192 190 191 192 194 197 197 197 197 197 197 197 194 192 192 191 191 193 193 193 194 193 193 194 195 195 195 195 196 196 195 197 199 201
-9999 -9999 -9999 -9999 -9999 -9999 -9999 -9999 -9999 -9999 122 121 120 117 115 116 116 115 114 112 112 112 113 123 156 168 168 168 167 166 165 164 162 159 161 160 159 159 159 179 195 196 196 196 197 196 196 195 195 196 196 197 198 198 198 198 197 196 194 194 193 192 192 193 195 197 197 197 197 197 197 194 193 194 194 192 192 193 193 194 194 193 194 194 195 195 196 197 196 195 196 197 199 201
-9999 -9999 -9999 -9999 -9999 -9999 -9999 -9999 -9999 123 123 121 120 118 114 113 115 115 115 114 113 113 113 139 167 167 167 167 166 166 165 163 162 161 161 160 159 159 169 190 197 197 197 197 196 196 196 195 195 195 195 196 198 198 198 197 197 197 196 196 195 194 193 193 195 197 197 198 197 197 195 193 194 195 195 194 194 194 194 194 195 195 194 194 195 196 197 198 197 197 198 199 200 201
-9999 -9999 -9999 -9999 -9999 -9999 -9999 -9999 -9999 123 123 121 120 119 116 114 114 114 114 114 113 113 130 162 166 166 166 166 165 165 165 163 162 161 161 160 159 170 194 196 197 197 198 198 196 196 196 196 195 194 195 196 197 198 197 197 197 197 197 196 196 195 194 194 195 195 196 196 196 196 194 196 195 195 196 196 196 196 196 196 197 197 196 196 196 196 197 198 199 200 200 200 201 201
-9999 -9999 -9999 -9999 -9999 -9999 -9999 -9999 -9999 -9999 123 121 119 117 113 111 111 111 111 112 111 111 143 164 165 165 165 165 165 165 164 163 162 161 161 161 176 194 195 196 196 197 198 198 198 197 196 196 196 196 196 197 198 198 199 198 198 197 197 197 197 196 195 196 196 196 196 196 196 196 196 196 196 197 197 197 197 198 198 198 199 198 198 196 196 197 197 199 200 200 201 201 201 201
-9999 -9999 -9999 -9999 -9999 -9999 -9999 -9999 -9999 -9999 123 121 118 116 113 111 110 109 110 110 110 117 157 164 164 165 164 165 165 166 165 164 162 161 162 176 195 195 196 196 196 196 198 198 198 198 197 198 198 198 198 199 199 199 199 199 199 198 198 197 198 197 197 197 196 196 197 197 197 197 197 196 197 197 197 197 198 199 199 199 198 198 198 197 197 197 198 199 200 201 201 202 201 201
-9999 -9999 -9999 -9999 -9999 -9999 -9999 -9999 -9999 -9999 123 121 118 114 112 111 110 107 107 107 110 145 162 166 176 190 190 189 192 194 195 182 174 178 187 196 197 196 197 196 196 196 197 197 197 198 200 199 199 200 200 200 200 201 200 200 200 199 199 198 198 198 197 196 196 196 198 198 198 198 198 197 198 198 198 198 198 198 199 199 198 197 198 198 197 198 199 200 200 201 202 203 203 203
-9999 -9999 -9999 -9999 -9999 -9999 -9999 -9999 -9999 -9999 123 121 118 115 112 111 109 107 106 107 133 165 181 192 195 196 197 198 199 199 199 198 198 198 198 197 197 197 195 195 196 196 197 198 199 199 200 200 200 200 200 201 201 201 201 201 201 201 200 200 200 199 198 196 196 197 198 198 199 199 198 198 198 198 197 199 198 198 198 199 199 199 198 198 198 199 200 200 200 201 202 203 204 204
-9999 -9999 -9999 -9999 -9999 -9999 -9999 -9999 -9999 -9999 124 121 118 115 114 112 111 110 109 112 158 183 195 195 196 197 198 200 200 200 199 198 199 198 197 197 196 196 195 196 197 197 198 199 200 200 201 201 201 201 202 201 201 202 201 201 201 201 201 201 201 201 199 199 199 199 199 199 200 199 199 199 198 199 199 199 199 198 197 198 199 200 198 198 199 201 201 199 200 201 201 202 202 203
-9999 -9999 -9999 -9999 -9999 -9999 -9999 -9999 124 125 125 120 118 116 115 114 113 113 114 143 176 194 197 197 198 199 200 201 201 200 199 200 200 199 198 198 198 198 197 198 198 196 199 200 201 202 202 202 202 202 201 201 200 200 201 202 202 202 202 202 202 201 201 201 200 200 199 198 199 199 200 200 200 201 200 199 198 197 199 199 200 200 200 200 201 202 200 200 200 201 202 203 204 203
-9999 -9999 -9999 -9999 -9999 -9999 -9999 124 124 124 -9999 120 119 117 116 115 115 115 143 175 198 199 198 199 200 200 201 201 201 201 201 200 199 200 199 199 198 199 199 199 198 197 198 199 200 201 201 202 202 201 201 201 201 201 201 202 202 203 203 203 202 202 202 201 201 201 199 198 198 199 199 199 199 201 201 200 199 199 199 200 201 201 201 201 202 202 201 202 201 201 203 204 205 205
-9999 -9999 -9999 123 122 122 122 122 122 122 121 120 119 118 117 115 114 142 168 195 199 199 200 200 200 201 201 202 202 201 200 200 201 201 201 200 200 200 201 200 200 201 200 200 200 201 201 202 202 201 201 202 202 202 202 202 203 202 203 203 203 203 202 201 202 202 202 201 200 199 200 201 201 202 201 201 199 200 201 202 202 202 202 202 203 203 202 202 202 203 205 206 206 207
-9999 -9999 -9999 124 123 122 121 120 121 121 120 120 118 117 116 115 138 170 191 200 200 200 201 201 201 201 201 202 201 200 199 200 200 202 202 202 202 201 198 200 201 202 202 202 202 202 202 203 203 203 203 202 203 204 204 203 203 201 203 204 203 201 200 201 200 201 201 202 201 201 201 202 202 201 202 201 201 203 203 204 203 202 202 201 202 203 204 204 205 205 205 205 206 206
-9999 -9999 125 125 123 122 122 121 120 120 120 120 118 118 117 129 170 195 200 199 198 199 200 200 201 200 201 201 202 200 198 198 199 201 203 203 200 199 199 199 201 203 203 203 203 203 202 203 204 204 204 202 203 204 205 203 203 203 203 203 202 201 200 200 200 200 202 202 201 201 202 202 201 201 202 202 202 202 203 203 202 202 202 202 203 204 204 204 205 205 204 204 205 207
125 126 126 124 120 119 118 119 119 119 119 119 118 119 143 181 198 199 197 195 193 193 196 199 200 200 201 202 200 198 199 199 200 202 203 203 201 200 200 200 201 200 202 204 204 205 205 205 204 203 204 202 204 205 205 204 203 204 203 203 202 201 201 201 201 202 202 202 201 201 201 201 201 202 203 203 203 203 203 204 203 203 204 203 203 203 204 204 204 204 205 205 205 206
121 119 124 123 121 120 119 120 119 120 120 119 120 161 195 201 200 197 196 195 193 194 195 197 198 199 200 201 200 200 199 199 200 201 202 203 202 201 201 201 200 201 201 202 203 203 203 205 202 201 203 204 206 206 206 206 205 205 204 204 203 202 202 202 202 203 202 203 203 203 203 203 203 204 204 204 204 205 205 205 204 204 204 204 204 205 205 205 205 206 206 206 206 207
124 123 126 137 142 149 154 160 159 162 165 177 194 203 203 203 201 200 198 198 197 196 198 199 200 201 201 201 202 201 200 200 200 202 203 203 203 204 204 204 205 205 205 203 202 202 201 202 203 204 205 207 207 207 207 207 206 206 205 205 204 204 204 203 203 203 203 203 204 204 205 203 204 204 205 205 205 205 205 206 206 205 205 205 206 206 207 206 206 207 208 207 207 207
184 193 203 204 207 208 210 208 206 204 203 203 204 207 207 205 204 204 202 201 199 200 200 200 201 202 203 203 202 202 202 202 202 203 204 204 205 206 206 206 206 207 207 205 204 202 201 202 205 206 206 207 206 207 207 207 207 207 207 206 205 204 205 204 204 203 203 205 205 205 206 205 205 206 206 207 206 206 206 206 205 206 207 205 206 207 208 207 207 207 208 208 209 210
201 203 205 206 208 209 211 210 208 206 206 207 208 211 210 209 207 204 204 203 202 202 201 201 202 201 202 203 204 204 203 202 203 204 205 206 207 206 205 205 208 208 207 206 205 203 204 205 206 207 208 209 208 209 208 207 207 208 208 207 206 206 206 206 206 205 205 206 207 207 207 207 207 207 208 207 207 207 207 207 207 206 208 208 207 208 209 208 209 209 209 210 210 211
203 204 205 202 205 206 208 208 208 208 208 209 210 211 211 210 207 206 205 205 204 203 202 200 201 201 202 203 206 206 205 204 204 205 207 207 207 206 202 203 206 208 209 208 207 207 208 208 208 209 209 210 210 210 209 209 209 209 209 208 208 207 207 207 208 208 208 208 208 208 208 208 209 209 209 209 208 208 208 209 209 209 208 208 208 209 210 209 209 209 211 211 210 211
204 204 204 202 203 203 205 206 208 209 210 211 212 213 212 211 208 206 207 206 203 202 202 201 201 202 202 206 207 207 207 207 207 208 208 207 205 206 205 204 207 208 208 207 209 208 209 209 209 209 210 211 210 210 210 210 209 209 209 209 208 208 208 209 208 209 209 209 209 209 210 209 209 209 209 210 210 210 210 211 211 211 210 209 209 209 210 211 211 210 211 211 212 213
205 206 204 204 203 203 203 205 207 210 211 212 213 213 213 211 209 207 208 207 206 205 202 203 203 203 204 206 205 205 206 205 208 207 208 208 206 206 206 206 207 208 208 208 208 208 208 209 210 210 210 210 211 211 211 210 210 210 210 210 209 210 210 210 210 210 210 210 210 211 210 210 210 211 211 212 212 212 211 212 212 211 211 211 211 211 211 211 211 212 214 213 213 213
206 206 206 205 204 204 203 205 207 210 211 212 213 214 213 212 210 210 208 207 206 206 204 203 203 205 205 206 206 206 206 205 206 207 206 208 208 207 207 208 208 209 208 208 209 209 210 211 211 212 212 211 212 212 211 211 211 211 211 211 211 211 211 211 211 211 211 211 211 212 211 212 212 213 213 213 212 213 213 213 212 212 211 212 213 213 212 212 214 214 214 214 214 214
208 208 208 208 207 206 205 207 208 210 212 212 213 213 212 212 210 209 208 207 206 206 206 206 206 207 207 207 207 206 206 205 205 206 205 205 205 206 208 209 209 209 209 210 211 211 211 211 212 212 212 212 213 212 212 212 213 212 212 212 212 212 212 212 212 212 213 213 212 213 213 213 214 214 214 214 214 214 214 212 213 212 212 214 215 214 213 214 215 214 214 214 215 214
210 211 209 208 208 208 208 208 210 211 212 213 213 213 212 212 211 210 209 209 208 208 207 207 207 207 207 208 208 208 207 205 204 204 205 205 206 207 207 208 209 209 210 210 211 211 212 213 213 213 213 214 214 214 214 214 214 213 213 213 213 213 213 214 214 214 214 214 214 215 215 215 215 215 216 216 215 214 214 214 213 213 214 215 215 214 215 215 216 216 216 215 215 214
214 213 212 210 208 209 209 210 210 211 213 213 213 213 213 211 210 210 210 209 208 208 208 208 208 209 209 209 209 208 206 205 206 207 207 207 208 208 208 208 208 208 208 209 210 211 213 213 213 214 214 214 214 214 215 215 214 214 214 214 214 214 214 215 215 215 215 215 215 215 216 216 216 217 216 216 215 215 215 215 215 216 216 217 216 216 217 218 217 216 216 216 216 215
214 214 214 214 212 211 210 211 212 213 213 213 212 212 211 210 209 208 209 210 210 210 209 209 210 211 211 211 211 208 207 207 207 208 208 209 209 209 209 209 210 210 210 210 211 211 212 212 213 214 215 216 215 214 215 215 215 216 215 215 215 215 216 215 215 216 217 216 216 217 217 217 218 218 217 217 216 217 217 217 216 217 217 218 219 219 219 219 218 218 218 217 217 217
214 215 214 213 212 212 211 211 211 210 211 211 210 209 207 209 209 209 209 209 211 211 212 213 212 213 213 213 212 209 209 209 208 209 209 209 209 209 210 210 211 211 211 212 212 212 213 213 213 215 216 216 216 216 216 216 217 217 217 216 216 216 216 217 217 218 218 218 219 219 218 218 218 218 219 219 218 218 219 219 219 219 218 219 221 220 219 218 218 219 219 218 218 217
216 215 214 213 212 211 210 209 208 208 209 211 210 209 208 209 208 209 210 211 212 213 214 214 213 214 214 214 210 210 210 210 209 210 210 210 210 210 211 211 212 212 212 213 213 213 213 214 214 215 215 216 217 217 217 217 217 217 217 217 218 217 218 218 218 218 219 219 220 220 219 219 219 219 220 221 221 221 220 220 220 219 219 221 221 220 219 219 219 218 219 220 219 219
213 212 211 209 209 209 206 205 205 207 208 210 210 209 209 208 208 209 211 212 213 214 215 215 214 214 213 211 210 210 210 210 210 210 210 211 211 211 211 212 212 213 213 213 213 214 214 214 215 215 215 216 217 217 218 217 217 217 217 217 218 219 219 219 219 220 220 220 221 222 221 221 221 222 222 223 223 222 221 221 220 220 221 222 222 221 221 221 220 219 219 220 219 221
212 208 207 207 207 207 206 205 206 206 208 209 211 210 209 209 210 211 212 214 214 214 214 215 215 213 211 211 210 210 210 211 211 211 211 211 212 212 212 212 213 213 213 213 214 214 215 215 215 215 215 215 217 218 218 218 218 218 219 219 220 221 221 221 221 222 223 222 222 221 222 223 223 224 225 224 224 223 223 223 222 221 223 223 223 222 221 221 221 221 221 221 222 222
210 208 208 207 206 206 206 206 206 206 207 208 209 211 212 212 212 213 214 214 214 214 214 213 211 211 211 211 210 210 210 211 211 211 211 211 212 212 212 212 213 213 213 214 214 215 215 215 216 216 216 216 216 217 218 218 219 219 219 220 220 221 222 222 223 223 224 224 223 223 223 224 225 226 225 225 225 225 225 225 225 225 225 225 223 223 222 224 223 222 222 222 224 223
