resultados/variables_proyeccion_tiempo/variables_paleo_130k/bio8.asc
ncols 330
nrows 228
xllcorner -12.000000
yllcorner 34.000000
cellsize 0.166667
NODATA_value -9999
[rows 41 to 81 of 228, columns 188 to 281 of 330]
126 127 127 126 126 127 130 129 132 136 138 140 141 142 143 -9999 -9999 -9999 -9999 -9999 -9999 -9999 -9999 -9999 -9999 -9999 -9999 -9999 -9999 -9999 -9999 142 142 143 142 141 140 138 137 136 135 133 132 132 131 130 129 129 127 126 127 140 128 133 143 151 145 133 128 122 121 120 121 121 123 124 125 125 125 124 124 124 123 123 121 121 121 121 121 121 120 120 121 119 119 120 120 120 121 115 60 55 56 -9999
125 126 128 130 130 130 131 135 136 139 141 142 143 -9999 -9999 -9999 -9999 -9999 -9999 -9999 -9999 -9999 -9999 -9999 -9999 -9999 -9999 -9999 -9999 -9999 -9999 142 142 142 143 143 143 140 138 137 136 135 134 133 132 131 130 129 128 127 125 124 124 126 131 130 126 124 125 124 122 123 123 124 124 125 126 127 126 123 124 123 122 123 124 123 123 123 123 122 122 121 120 119 120 121 121 122 122 110 55 56 57 57
125 126 127 129 129 131 134 137 138 139 142 142 -9999 -9999 -9999 -9999 -9999 -9999 -9999 -9999 -9999 -9999 -9999 -9999 -9999 -9999 -9999 -9999 -9999 -9999 142 143 142 141 141 142 142 141 139 138 137 135 134 134 132 131 130 129 128 127 129 137 153 138 127 127 127 125 125 126 125 125 124 124 122 123 125 124 124 125 124 124 124 124 125 125 125 124 124 123 121 121 121 121 122 122 121 121 121 103 58 57 58 58
129 127 127 129 130 130 133 137 138 140 141 109 82 82 -9999 -9999 -9999 -9999 -9999 -9999 -9999 -9999 -9999 -9999 -9999 -9999 -9999 -9999 -9999 142 142 140 139 140 140 141 140 140 139 138 136 135 133 133 133 132 131 130 129 128 127 128 128 128 128 128 127 127 127 126 126 126 126 125 125 124 124 125 125 125 125 124 124 124 124 125 125 125 124 123 122 121 122 122 122 122 121 121 122 107 57 57 59 59
130 129 129 129 130 130 135 135 137 140 128 82 83 83 -9999 -9999 -9999 -9999 -9999 -9999 -9999 -9999 -9999 -9999 -9999 -9999 -9999 142 142 142 141 140 138 138 139 139 139 139 139 138 136 135 135 134 134 134 133 132 131 130 131 130 130 130 129 128 127 127 128 128 128 128 129 128 127 127 126 126 127 128 128 127 127 126 126 125 125 125 123 123 123 123 123 123 123 123 122 122 122 106 59 58 59 60
131 131 131 130 130 132 134 137 139 142 108 83 84 -9999 -9999 -9999 -9999 -9999 -9999 -9999 -9999 -9999 -9999 -9999 -9999 142 142 141 141 141 141 140 140 139 138 137 137 137 138 137 136 136 135 134 133 134 134 134 133 132 131 131 131 129 130 130 129 130 131 130 130 131 131 130 128 127 127 126 127 127 126 126 126 126 126 125 125 124 124 125 124 124 124 124 123 124 124 124 125 98 59 58 59 59
131 133 133 136 135 136 139 139 142 143 84 -9999 -9999 -9999 -9999 -9999 -9999 -9999 -9999 -9999 -9999 -9999 -9999 -9999 142 142 141 141 140 139 140 139 139 138 138 138 138 138 137 137 136 136 135 134 132 132 133 133 132 132 130 129 132 131 133 133 133 132 132 132 132 131 131 131 129 129 128 128 130 130 128 127 125 126 126 126 127 126 126 125 125 125 125 125 125 125 125 125 126 89 59 57 56 57
134 136 137 137 139 141 142 143 144 145 -9999 -9999 -9999 -9999 -9999 -9999 -9999 -9999 -9999 -9999 142 142 142 142 141 140 140 139 138 138 138 138 139 139 139 138 137 137 137 137 137 137 136 134 134 134 132 133 134 133 133 133 131 130 133 133 133 132 131 131 131 130 130 131 130 130 130 131 132 132 130 128 126 127 127 127 127 127 126 125 126 126 127 127 127 127 127 127 127 108 61 60 57 57
137 139 138 142 143 145 145 145 146 145 -9999 -9999 -9999 -9999 -9999 -9999 -9999 -9999 -9999 143 142 142 141 141 141 140 139 137 136 137 137 137 137 136 138 138 137 136 136 136 136 137 138 137 136 137 136 135 136 136 136 136 135 132 132 135 135 135 135 135 133 132 133 134 132 131 132 132 132 134 132 130 127 127 128 127 126 126 127 128 127 127 127 127 127 127 126 127 127 101 62 62 61 59
142 142 144 146 146 146 -9999 -9999 146 146 -9999 -9999 -9999 -9999 -9999 -9999 -9999 143 143 142 142 141 141 140 140 139 138 137 136 135 136 135 136 136 136 137 136 135 136 137 135 135 137 138 138 138 139 139 139 138 138 138 137 136 135 135 137 138 138 137 135 136 135 136 136 134 134 135 133 131 133 131 130 128 126 124 127 127 127 127 128 129 127 127 126 126 126 127 128 112 63 63 63 63
145 145 145 146 -9999 -9999 -9999 -9999 -9999 -9999 147 146 146 146 145 144 144 143 142 141 141 140 140 139 139 138 137 136 136 135 134 134 134 135 135 135 137 138 137 136 137 138 138 139 138 137 137 140 139 138 140 141 140 139 139 138 137 136 139 140 139 138 138 137 138 137 136 136 135 135 134 133 131 129 128 125 128 128 128 129 129 129 129 130 129 129 128 128 128 120 65 63 64 63
-9999 -9999 -9999 -9999 -9999 -9999 -9999 -9999 147 -9999 147 147 147 146 145 144 143 142 141 140 140 139 139 139 137 138 138 136 135 133 133 133 133 134 136 136 136 138 138 138 137 139 139 141 140 139 139 142 142 141 141 140 142 142 142 141 139 138 137 139 140 140 140 140 138 137 135 135 135 134 131 131 131 130 130 129 130 130 128 128 127 128 129 130 130 131 130 130 129 118 72 63 64 65
-9999 -9999 -9999 -9999 -9999 -9999 -9999 -9999 147 -9999 147 147 147 146 145 144 143 142 140 140 140 140 139 139 137 137 137 136 134 132 133 134 133 134 137 137 138 139 139 140 139 138 140 142 141 141 141 143 144 145 146 145 145 145 144 142 142 139 137 139 139 140 138 140 139 136 135 136 137 136 134 133 133 132 131 132 132 132 130 129 126 128 130 129 129 129 129 129 129 128 87 63 64 66
-9999 -9999 -9999 -9999 -9999 -9999 -9999 -9999 -9999 148 147 147 146 146 145 144 142 141 140 140 140 140 139 138 137 136 135 134 133 132 132 133 134 134 136 137 137 138 139 141 141 141 141 142 143 143 143 143 145 147 148 147 147 146 144 144 143 142 141 142 143 143 141 139 139 140 137 137 138 136 135 134 134 133 131 132 132 131 132 131 129 131 130 130 130 130 130 129 130 128 76 67 68 67
-9999 -9999 -9999 -9999 -9999 -9999 -9999 -9999 -9999 -9999 147 147 146 145 143 141 139 139 139 140 139 139 138 137 137 136 134 133 133 132 131 132 134 135 136 136 138 138 139 142 141 143 144 144 144 145 144 145 145 147 149 148 148 147 146 146 145 144 145 146 144 143 143 141 141 140 139 138 137 138 137 136 135 135 134 132 132 132 131 132 130 130 131 132 132 131 131 132 134 130 73 71 72 71
-9999 -9999 -9999 -9999 -9999 -9999 -9999 -9999 -9999 -9999 147 147 146 144 142 140 138 138 139 138 138 138 138 137 137 137 135 134 133 132 132 133 133 133 136 137 139 139 141 141 142 144 144 145 144 144 146 147 148 148 150 148 147 148 147 146 146 145 145 146 145 145 144 143 140 139 139 138 137 137 137 137 137 135 134 133 134 135 133 133 132 133 133 133 134 134 136 136 136 123 74 72 72 72
-9999 -9999 -9999 -9999 -9999 -9999 -9999 -9999 -9999 -9999 148 147 146 144 142 140 139 139 137 137 138 138 137 137 136 137 136 135 134 134 135 135 137 136 136 137 138 139 141 144 145 145 145 145 144 145 147 147 148 149 150 150 149 148 147 147 148 146 145 146 146 146 145 143 142 141 140 140 138 137 137 137 135 135 135 135 136 135 135 134 135 135 134 135 135 135 137 136 137 131 87 73 72 72
-9999 -9999 -9999 -9999 -9999 -9999 -9999 -9999 -9999 -9999 -9999 148 147 146 143 141 139 138 137 137 137 137 137 137 136 138 139 137 137 136 137 138 139 138 139 141 141 141 145 146 145 146 145 145 144 146 148 148 149 150 151 151 151 151 150 150 148 147 147 147 148 146 145 145 143 142 142 141 139 138 137 136 135 135 135 136 137 137 137 137 136 135 135 134 134 134 137 137 139 137 113 74 75 74
-9999 -9999 -9999 -9999 -9999 -9999 -9999 -9999 -9999 -9999 -9999 148 147 145 144 142 141 140 139 138 138 138 138 137 136 137 139 139 140 139 140 140 140 140 142 141 142 145 147 146 145 144 146 146 147 148 149 149 150 149 150 151 151 150 151 151 149 148 148 148 148 146 146 146 144 143 142 142 141 141 139 137 137 137 137 137 137 137 137 137 137 137 137 136 136 135 136 138 139 139 119 75 76 76
-9999 -9999 -9999 -9999 -9999 -9999 -9999 -9999 -9999 -9999 -9999 149 148 147 146 145 143 142 140 140 139 140 140 139 138 139 140 141 141 140 140 140 142 141 143 144 145 147 147 146 146 147 148 149 149 149 150 149 149 150 150 151 151 150 150 150 150 150 149 149 149 148 147 147 145 145 144 143 142 143 143 142 141 141 140 140 139 138 139 140 138 138 139 138 137 137 136 138 141 140 118 76 77 77
-9999 -9999 -9999 -9999 -9999 -9999 -9999 -9999 -9999 -9999 -9999 -9999 149 149 147 147 145 144 143 142 141 141 142 143 142 142 144 142 140 140 142 142 142 142 143 145 147 148 147 147 148 148 148 149 150 150 150 150 150 151 151 151 151 152 152 152 151 151 150 150 149 148 148 147 147 145 145 146 145 145 145 144 144 143 143 142 142 141 141 141 141 140 141 141 140 140 138 136 136 136 116 77 78 78
-9999 -9999 -9999 -9999 -9999 -9999 -9999 -9999 -9999 -9999 -9999 -9999 148 150 149 147 146 145 145 143 142 142 143 144 143 144 146 144 143 144 144 144 143 143 144 145 147 148 147 148 149 148 149 149 150 150 151 153 152 152 153 153 152 153 153 152 151 151 151 150 150 150 149 149 148 148 148 148 148 148 148 148 147 146 145 144 144 143 142 143 142 140 139 139 138 139 135 132 134 135 134 82 77 78
-9999 -9999 -9999 -9999 -9999 -9999 -9999 -9999 -9999 -9999 -9999 -9999 121 139 149 149 148 147 145 144 143 143 144 144 146 147 146 145 146 146 145 144 145 145 145 147 148 148 149 149 148 149 150 150 151 151 152 153 153 153 153 154 154 154 153 153 151 151 151 151 151 151 151 150 150 151 151 150 150 149 149 149 149 149 148 147 146 145 145 144 143 141 141 140 139 139 137 134 135 136 114 78 76 77
-9999 -9999 -9999 -9999 -9999 -9999 -9999 -9999 -9999 -9999 -9999 -9999 99 110 147 150 149 148 147 146 145 144 144 144 145 147 148 147 147 147 146 146 146 146 145 145 148 149 149 150 150 150 150 151 151 151 153 153 153 153 154 154 154 155 155 154 154 153 152 152 153 153 153 154 154 153 153 152 151 151 151 150 150 150 150 149 149 147 147 147 146 145 144 142 140 141 141 140 138 124 83 77 79 79
-9999 -9999 -9999 -9999 -9999 -9999 -9999 -9999 -9999 -9999 -9999 99 99 99 109 136 150 150 148 146 146 145 145 145 145 146 146 146 146 148 148 147 146 146 146 146 148 149 148 149 150 151 152 152 152 152 152 152 153 154 154 154 155 155 155 155 156 156 155 154 154 155 155 156 155 154 154 154 153 152 152 152 152 151 151 150 150 150 149 149 148 140 119 142 143 142 142 143 127 83 78 78 79 81
-9999 -9999 -9999 -9999 -9999 -9999 -9999 -9999 -9999 -9999 100 100 100 100 100 102 123 150 150 148 147 147 147 146 145 145 146 145 146 147 148 149 148 147 148 148 148 149 150 150 151 152 153 153 153 154 154 154 154 154 155 155 156 156 156 156 157 158 157 157 157 157 157 157 156 154 155 155 154 154 153 153 152 152 151 151 151 150 150 150 144 103 112 138 139 143 135 113 84 81 78 78 77 78
-9999 -9999 -9999 -9999 -9999 -9999 -9999 -9999 -9999 -9999 101 101 101 102 102 102 101 112 142 151 150 149 148 148 147 147 147 147 147 148 149 149 149 149 150 150 150 151 152 152 153 154 154 155 155 154 151 154 155 143 147 146 146 146 138 125 125 146 158 158 158 158 158 157 157 157 156 157 156 155 155 154 153 153 152 152 152 151 151 150 147 138 123 109 139 112 102 115 115 84 75 76 78 77
-9999 -9999 -9999 -9999 -9999 -9999 -9999 -9999 -9999 100 101 102 102 103 103 104 104 103 104 134 152 151 150 149 149 149 149 149 149 150 149 150 151 151 151 151 152 153 154 155 155 155 139 127 110 101 102 99 102 99 99 103 107 107 110 98 118 153 158 159 159 158 157 156 156 156 157 157 157 157 156 155 154 154 153 153 152 152 151 151 150 151 143 130 90 113 141 116 84 90 80 78 78 77
-9999 97 96 95 95 97 98 100 100 101 102 103 103 105 105 105 106 106 105 104 130 153 153 152 151 151 151 152 153 153 153 153 154 153 153 153 153 149 152 134 124 114 103 97 97 97 97 -9999 97 97 96 96 -9999 -9999 96 101 139 155 158 157 158 158 157 155 154 155 157 156 158 157 157 155 155 154 154 153 153 153 152 152 151 148 122 129 112 103 102 105 86 81 80 80 77 75
99 97 96 95 95 96 98 99 100 102 103 103 104 105 106 106 106 106 106 105 104 117 134 153 153 153 154 154 155 154 155 155 156 155 132 144 142 98 103 102 97 96 -9999 98 -9999 -9999 97 -9999 -9999 -9999 -9999 -9999 -9999 -9999 94 107 117 158 157 157 158 158 158 158 156 157 158 156 158 157 157 156 156 155 154 154 154 153 152 152 151 150 147 112 91 112 112 102 90 105 112 101 91 93
-9999 98 95 95 97 98 99 101 101 103 103 105 105 105 106 107 107 107 106 105 105 104 103 115 143 155 156 156 157 157 158 158 159 146 105 -9999 -9999 -9999 -9999 -9999 -9999 -9999 -9999 -9999 -9999 95 96 -9999 -9999 -9999 96 96 97 -9999 96 -9999 -9999 -9999 160 159 160 162 162 162 162 162 161 159 158 158 158 157 156 155 154 153 153 153 152 152 151 150 149 129 105 123 143 122 129 102 92 110 136 125
-9999 -9999 -9999 -9999 99 99 100 -9999 -9999 104 104 105 -9999 107 107 -9999 -9999 108 108 107 106 105 105 105 104 130 156 158 -9999 -9999 159 -9999 -9999 -9999 -9999 -9999 -9999 -9999 -9999 -9999 -9999 -9999 -9999 -9999 -9999 -9999 -9999 96 -9999 -9999 96 96 -9999 -9999 -9999 120 -9999 -9999 160 160 160 160 162 174 177 165 163 161 159 159 158 157 156 155 154 152 152 152 152 151 151 149 138 128 115 100 87 86 88 91 120 123 140 141
-9999 -9999 -9999 -9999 -9999 -9999 -9999 -9999 -9999 -9999 -9999 -9999 -9999 107 -9999 -9999 -9999 108 108 -9999 -9999 107 106 107 -9999 106 -9999 -9999 -9999 -9999 -9999 -9999 -9999 -9999 -9999 -9999 -9999 -9999 101 -9999 -9999 -9999 -9999 -9999 -9999 -9999 -9999 -9999 -9999 -9999 -9999 -9999 95 96 136 148 161 169 175 180 178 183 189 196 199 199 184 188 185 165 157 155 154 153 153 153 153 153 152 152 151 134 106 119 104 101 104 97 102 129 143 143 143 143
-9999 -9999 -9999 -9999 -9999 -9999 -9999 -9999 -9999 -9999 -9999 -9999 -9999 -9999 -9999 -9999 -9999 -9999 -9999 -9999 -9999 -9999 -9999 -9999 -9999 -9999 -9999 -9999 -9999 -9999 106 108 106 105 105 104 102 101 100 99 98 98 98 98 98 -9999 -9999 -9999 -9999 -9999 -9999 -9999 96 96 111 175 193 195 193 193 193 194 195 196 198 198 199 198 198 197 186 169 155 153 153 154 154 153 153 152 128 103 88 85 85 85 84 82 92 116 137 143 144 144
-9999 -9999 -9999 -9999 -9999 -9999 -9999 -9999 -9999 -9999 -9999 -9999 -9999 -9999 -9999 -9999 -9999 -9999 -9999 -9999 -9999 -9999 -9999 -9999 -9999 -9999 -9999 108 107 107 106 109 106 105 103 102 101 100 98 97 97 96 96 96 96 96 96 95 94 95 95 94 95 96 161 198 196 195 194 194 194 195 195 196 197 198 198 197 197 197 196 196 186 181 172 157 154 153 152 138 115 88 88 84 84 84 83 93 131 141 144 145 145 146
-9999 -9999 -9999 -9999 -9999 -9999 -9999 -9999 -9999 -9999 -9999 -9999 -9999 -9999 -9999 -9999 -9999 -9999 -9999 -9999 -9999 -9999 -9999 -9999 109 109 109 108 108 107 106 106 105 104 103 102 101 100 98 97 96 95 95 95 95 95 95 94 94 94 95 95 108 143 197 197 198 197 196 196 196 196 196 196 197 198 198 198 197 197 196 196 196 196 195 193 187 183 181 162 98 88 85 84 84 88 97 109 134 144 146 147 147 147
-9999 -9999 -9999 -9999 -9999 -9999 -9999 -9999 -9999 -9999 -9999 -9999 -9999 -9999 -9999 -9999 -9999 -9999 112 112 112 -9999 111 111 111 110 109 109 108 107 106 105 105 104 103 102 101 100 99 97 96 96 95 95 95 95 96 101 110 122 135 152 186 196 196 196 196 197 198 197 197 197 197 197 197 198 198 198 197 196 196 196 196 196 196 195 194 193 193 192 140 87 84 82 82 88 121 134 144 145 146 147 147 148
-9999 -9999 -9999 -9999 -9999 -9999 -9999 -9999 -9999 -9999 -9999 -9999 -9999 -9999 -9999 -9999 112 112 112 112 112 112 112 111 111 111 110 109 109 108 107 107 105 104 103 102 102 101 100 98 98 97 96 99 111 128 141 160 156 179 187 194 196 195 195 195 196 197 197 197 197 197 198 198 198 198 198 198 197 197 196 196 196 196 196 195 194 193 192 192 191 158 85 82 80 89 117 143 146 146 147 147 147 148
-9999 -9999 -9999 -9999 -9999 -9999 -9999 -9999 -9999 -9999 -9999 -9999 -9999 -9999 -9999 -9999 -9999 -9999 113 113 113 113 113 113 112 112 111 111 110 110 109 108 106 105 105 104 103 101 101 100 99 98 100 145 166 174 184 193 195 197 197 196 195 195 196 196 195 196 197 198 197 196 197 198 198 198 197 197 197 197 196 196 196 196 195 195 195 194 193 193 191 179 112 85 85 81 104 142 147 147 148 148 148 148
-9999 -9999 -9999 -9999 -9999 -9999 -9999 -9999 -9999 -9999 -9999 -9999 -9999 -9999 -9999 115 116 115 114 114 114 114 114 113 113 112 112 111 111 110 110 109 108 107 106 105 103 102 102 101 100 99 132 181 193 194 194 196 196 197 197 196 195 196 196 196 196 195 196 197 197 196 196 198 198 197 196 197 197 196 197 197 197 196 196 196 196 195 195 193 189 188 182 92 85 83 94 145 148 148 148 148 148 148
-9999 -9999 -9999 -9999 -9999 -9999 -9999 -9999 -9999 -9999 -9999 -9999 -9999 -9999 116 115 115 114 114 114 114 114 114 114 -9999 -9999 112 111 111 111 110 110 109 108 107 106 103 101 102 102 101 105 182 195 195 195 195 196 197 197 197 197 197 196 194 194 194 194 194 196 197 196 197 197 197 198 198 197 197 198 198 198 198 198 197 196 196 196 196 194 192 189 157 90 84 84 86 124 149 149 149 149 148 148
