resultados/variables_proyeccion_tiempo/variables_paleo_130k/bio9.asc
ncols 330
nrows 228
xllcorner -12.000000
yllcorner 34.000000
cellsize 0.166667
NODATA_value -9999
[rows 123 to 163 of 228, columns 186 to 278 of 330]
-62 -65 -67 -68 -69 -70 -72 -73 -74 -75 -73 -74 -74 -74 -75 -77 -77 -79 -82 -84 -85 -85 -84 -83 -83 -83 -83 -84 -84 -84 -85 -86 -86 -87 -87 -89 -90 -91 -92 -94 -95 -96 -97 -97 -98 -98 -98 -99 -100 -100 -101 -101 -102 -102 -102 -104 -103 -103 -102 -102 -101 -101 -101 -100 -100 -99 -98 -98 -96 -62 -25 -23 -23 -22 -22 -22 -22 -23 -23 -24 -24 -25 -25 -26 -27 -28 -29 -30 -30 -31 -33 -33 -33
-61 -62 -65 -67 -69 -70 -72 -75 -77 -81 -79 -77 -76 -75 -75 -75 -76 -78 -82 -85 -87 -86 -85 -83 -83 -84 -83 -83 -83 -84 -85 -85 -87 -87 -87 -89 -90 -91 -93 -94 -95 -96 -97 -98 -98 -98 -99 -100 -101 -101 -102 -102 -102 -103 -103 -104 -103 -102 -101 -101 -100 -100 -100 -99 -99 -98 -98 -97 -63 -19 -21 -21 -20 -21 -21 -22 -22 -22 -23 -23 -24 -24 -25 -25 -26 -26 -27 -28 -28 -29 -29 -30 -31
-60 -61 -64 -67 -69 -71 -73 -76 -79 -83 -84 -81 -79 -77 -76 -75 -74 -77 -81 -84 -86 -86 -86 -84 -83 -84 -84 -83 -83 -83 -84 -85 -86 -87 -88 -89 -90 -91 -92 -94 -96 -97 -98 -98 -99 -99 -99 -100 -101 -102 -102 -102 -103 -103 -103 -103 -102 -102 -101 -101 -101 -100 -101 -100 -99 -98 -97 -90 -43 -18 -19 -19 -20 -20 -20 -21 -21 -22 -22 -23 -23 -23 -24 -24 -25 -26 -26 -27 -28 -28 -29 -29 -29
-59 -61 -62 -65 -67 -70 -73 -76 -80 -83 -86 -85 -81 -78 -75 -73 -74 -76 -80 -84 -86 -86 -86 -85 -83 -83 -84 -85 -83 -83 -83 -85 -86 -87 -88 -89 -90 -91 -93 -95 -97 -97 -98 -99 -99 -100 -100 -100 -101 -102 -102 -102 -102 -103 -103 -103 -102 -102 -102 -101 -101 -101 -101 -100 -99 -97 -97 -76 -26 -18 -18 -18 -19 -19 -20 -21 -29 -22 -21 -22 -22 -23 -23 -23 -24 -24 -26 -26 -27 -27 -27 -28 -29
-59 -62 -64 -65 -67 -70 -73 -75 -77 -81 -82 -82 -82 -80 -76 -73 -72 -73 -78 -82 -85 -86 -85 -83 -82 -82 -82 -82 -82 -82 -83 -85 -85 -87 -88 -90 -91 -91 -93 -95 -97 -98 -99 -100 -100 -100 -101 -101 -101 -101 -102 -102 -103 -103 -103 -103 -103 -102 -102 -101 -100 -100 -99 -98 -98 -97 -97 -74 -38 -16 -16 -18 -18 -19 -36 -86 -98 -93 -39 -21 -22 -21 -22 -22 -22 -23 -23 -23 -24 -25 -26 -27 -28
-63 -64 -68 -69 -69 -70 -72 -74 -74 -77 -78 -78 -76 -75 -74 -71 -71 -74 -77 -80 -81 -82 -82 -83 -84 -83 -83 -81 -81 -82 -82 -83 -85 -86 -88 -89 -90 -91 -92 -95 -97 -98 -100 -100 -101 -100 -101 -102 -101 -101 -102 -102 -102 -103 -103 -103 -103 -102 -102 -101 -101 -99 -98 -98 -98 -97 -97 -63 -25 -15 -16 -18 -18 -33 -93 -97 -97 -97 -33 -19 -19 -20 -19 -20 -20 -20 -20 -23 -23 -24 -24 -25 -24
-64 -64 -67 -71 -72 -72 -73 -73 -74 -73 -74 -74 -72 -72 -72 -73 -76 -78 -80 -80 -81 -80 -80 -79 -80 -82 -82 -81 -80 -80 -81 -81 -83 -86 -86 -88 -89 -90 -93 -95 -95 -99 -100 -100 -100 -99 -101 -100 -101 -101 -102 -102 -101 -102 -102 -103 -103 -102 -102 -101 -100 -99 -99 -99 -98 -90 -74 -50 -19 -14 -15 -19 -16 -30 -89 -96 -96 -96 -68 -18 -17 -17 -18 -19 -19 -18 -19 -21 -21 -22 -21 -22 -24
-63 -63 -66 -71 -74 -71 -69 -70 -70 -70 -69 -69 -70 -72 -74 -77 -80 -83 -85 -84 -81 -79 -79 -78 -77 -79 -81 -80 -78 -78 -79 -80 -82 -84 -85 -86 -87 -89 -92 -93 -95 -98 -100 -99 -99 -99 -100 -100 -101 -102 -102 -101 -101 -102 -102 -101 -101 -101 -101 -100 -100 -99 -99 -98 -98 -82 -48 -18 -18 -14 -14 -15 -15 -31 -93 -94 -95 -95 -45 -16 -16 -15 -16 -16 -16 -16 -16 -18 -18 -19 -19 -22 -22
-62 -62 -63 -65 -64 -64 -65 -66 -67 -67 -68 -68 -71 -74 -76 -80 -83 -86 -88 -86 -82 -78 -75 -74 -75 -76 -78 -81 -79 -79 -79 -80 -81 -83 -84 -85 -87 -90 -93 -94 -97 -99 -98 -99 -100 -100 -100 -101 -102 -102 -101 -101 -101 -102 -101 -101 -101 -101 -101 -100 -100 -100 -99 -98 -97 -74 -47 -19 -17 -17 -16 -16 -14 -26 -83 -93 -94 -85 -22 -15 -14 -14 -14 -14 -13 -13 -16 -17 -16 -17 -18 -19 -20
-63 -64 -64 -65 -64 -66 -68 -67 -70 -71 -70 -71 -75 -77 -80 -85 -87 -90 -92 -92 -87 -81 -74 -71 -72 -74 -75 -78 -80 -80 -79 -79 -80 -82 -83 -87 -91 -93 -95 -95 -97 -96 -96 -97 -97 -99 -100 -100 -101 -101 -101 -100 -100 -101 -101 -101 -101 -101 -101 -100 -100 -99 -99 -98 -98 -61 -19 -18 -18 -18 -18 -18 -17 -17 -46 -82 -77 -33 -15 -14 -14 -12 -12 -12 -11 -14 -14 -14 -15 -15 -18 -19 -20
-75 -73 -79 -73 -76 -75 -77 -77 -78 -75 -75 -76 -78 -78 -79 -83 -88 -91 -95 -93 -90 -85 -76 -72 -73 -74 -75 -76 -77 -79 -81 -80 -81 -84 -87 -89 -91 -93 -93 -95 -96 -97 -97 -97 -98 -99 -99 -99 -99 -100 -100 -100 -101 -101 -100 -101 -101 -100 -101 -101 -100 -99 -98 -98 -92 -49 -18 -18 -17 -17 -17 -16 -16 -16 -17 -15 -14 -14 -14 -14 -13 -12 -10 -10 -11 -11 -12 -13 -13 -15 -16 -16 -17
-81 -86 -88 -91 -83 -81 -87 -90 -82 -75 -79 -84 -84 -88 -88 -88 -90 -92 -94 -96 -99 -95 -84 -78 -76 -75 -75 -75 -75 -76 -81 -81 -83 -83 -87 -88 -90 -91 -92 -93 -94 -96 -95 -96 -97 -98 -98 -99 -100 -100 -100 -100 -99 -99 -99 -99 -99 -100 -100 -100 -100 -98 -98 -97 -80 -24 -19 -19 -19 -18 -17 -17 -17 -16 -15 -13 -13 -12 -12 -12 -12 -12 -9 -9 -10 -10 -11 -11 -12 -12 -13 -13 -15
-86 -89 -86 -81 -83 -84 -84 -84 -84 -92 -88 -93 -91 -90 -89 -91 -95 -101 -101 -100 -98 -97 -95 -89 -83 -79 -76 -75 -75 -75 -76 -77 -79 -81 -84 -86 -89 -90 -90 -91 -91 -93 -95 -94 -95 -96 -97 -97 -97 -98 -98 -98 -98 -99 -98 -98 -97 -98 -98 -99 -99 -98 -97 -75 -25 -20 -20 -19 -19 -19 -19 -18 -16 -16 -15 -13 -14 -13 -11 -10 -10 -11 -9 -9 -9 -9 -10 -10 -9 -10 -11 -11 -12
-89 -85 -83 -93 -109 -109 -111 -106 -87 -90 -89 -89 -92 -84 -80 -80 -86 -92 -100 -106 -102 -100 -96 -92 -93 -90 -87 -80 -76 -76 -76 -76 -78 -78 -80 -84 -86 -88 -89 -89 -90 -91 -92 -93 -94 -94 -96 -95 -96 -97 -97 -98 -98 -97 -97 -97 -96 -96 -96 -96 -97 -97 -92 -49 -20 -20 -20 -20 -19 -20 -19 -18 -18 -17 -16 -16 -14 -12 -14 -12 -10 -9 -8 -8 -8 -8 -8 -8 -8 -9 -9 -9 -8
-80 -84 -82 -82 -89 -93 -101 -88 -83 -90 -89 -87 -80 -78 -77 -76 -77 -80 -85 -93 -100 -102 -103 -97 -94 -100 -94 -86 -81 -78 -79 -78 -77 -78 -78 -80 -83 -87 -87 -89 -88 -89 -89 -90 -92 -92 -94 -94 -93 -95 -95 -95 -96 -95 -95 -94 -94 -95 -95 -96 -95 -90 -68 -23 -19 -19 -19 -20 -19 -19 -19 -16 -17 -17 -16 -15 -15 -13 -14 -15 -14 -10 -8 -8 -8 -7 -6 -6 -6 -7 -8 -6 -6
-93 -92 -98 -102 -97 -95 -101 -93 -85 -79 -80 -82 -79 -72 -86 -73 -68 -72 -83 -85 -78 -86 -93 -100 -95 -98 -94 -100 -95 -85 -81 -80 -81 -79 -77 -79 -80 -83 -85 -86 -86 -86 -87 -87 -88 -90 -91 -92 -91 -92 -92 -93 -94 -94 -94 -94 -94 -93 -92 -92 -88 -40 -16 -17 -19 -19 -19 -20 -19 -17 -16 -15 -15 -16 -16 -16 -15 -14 -15 -13 -14 -13 -11 -10 -9 -8 -8 -6 -5 -5 -5 -3 -3
-76 -71 -81 -79 -82 -88 -81 -83 -75 -86 -84 -81 -79 -69 -70 -76 -62 -62 -61 -69 -77 -76 -85 -89 -87 -95 -95 -99 -103 -105 -94 -87 -82 -79 -78 -78 -80 -80 -83 -82 -84 -84 -85 -85 -86 -86 -89 -90 -89 -89 -89 -90 -90 -90 -91 -91 -92 -92 -91 -90 -73 -22 -15 -16 -17 -17 -19 -18 -17 -16 -15 -14 -14 -14 -14 -14 -14 -14 -14 -14 -14 -13 -10 -9 -7 -8 -8 -7 -6 -4 -4 -2 -1
-64 -64 -74 -80 -76 -69 -66 -61 -65 -68 -67 -63 -62 -61 -71 -63 -58 -57 -56 -56 -62 -69 -77 -75 -80 -94 -88 -96 -106 -111 -110 -102 -93 -85 -82 -80 -79 -79 -80 -80 -81 -81 -81 -83 -83 -82 -83 -85 -85 -85 -85 -86 -87 -87 -87 -88 -89 -89 -90 -89 -75 -15 -12 -13 -14 -15 -16 -16 -15 -14 -13 -14 -14 -14 -14 -14 -14 -14 -12 -11 -12 -11 -9 -7 -6 -5 -7 -6 -5 -4 -4 -3 -1
-63 -73 -69 -58 -54 -55 -56 -54 -57 -58 -56 -58 -59 -62 -69 -59 -57 -55 -54 -54 -54 -56 -59 -68 -78 -71 -86 -87 -101 -104 -106 -106 -107 -95 -92 -83 -79 -77 -76 -78 -78 -81 -83 -82 -82 -81 -82 -84 -85 -85 -85 -83 -83 -84 -83 -84 -85 -86 -87 -88 -55 -12 -11 -11 -10 -12 -13 -12 -13 -12 -11 -11 -12 -12 -12 -12 -13 -13 -12 -11 -9 -9 -8 -7 -5 -4 -4 -4 -3 -2 -2 -2 -0
-54 -58 -51 -49 -51 -55 -52 -52 -54 -54 -51 -53 -54 -59 -57 -53 -52 -53 -53 -53 -53 -54 -56 -57 -59 -68 -66 -78 -86 -92 -106 -106 -100 -103 -104 -94 -87 -82 -82 -81 -81 -78 -78 -77 -78 -79 -79 -80 -82 -82 -82 -82 -81 -82 -80 -79 -80 -82 -84 -85 -40 -9 -9 -10 -9 -9 -9 -9 -9 -10 -10 -9 -10 -10 -11 -11 -11 -12 -10 -9 -6 -6 -7 -5 -4 -2 -1 -1 0 -0 1 2 1
-44 -43 -44 -47 -50 -54 -53 -55 -64 -66 -52 -49 -50 -50 -51 -51 -51 -51 -52 -52 -52 -53 -53 -54 -56 -65 -62 -64 -69 -76 -88 -93 -102 -115 -102 -93 -94 -96 -89 -83 -82 -82 -82 -79 -78 -77 -77 -78 -77 -79 -79 -79 -79 -78 -79 -80 -77 -76 -79 -80 -20 -8 -7 -7 -7 -7 -6 -7 -7 -6 -6 -7 -7 -7 -9 -9 -9 -9 -7 -5 -4 -4 -4 -2 -0 0 1 3 2 2 3 4 3
-43 -43 -45 -47 -51 -60 -53 -49 -51 -51 -47 -46 -47 -48 -49 -50 -51 -51 -52 -52 -51 -51 -52 -53 -54 -58 -64 -81 -79 -69 -78 -92 -105 -108 -110 -103 -101 -100 -97 -90 -84 -81 -81 -80 -77 -75 -75 -75 -75 -75 -77 -76 -76 -76 -75 -76 -78 -79 -76 -41 -5 -5 -5 -5 -5 -5 -4 -4 -4 -4 -3 -4 -3 -4 -5 -3 -5 -4 -4 -2 -0 0 -0 0 2 4 4 4 6 6 7 7 7
-36 -38 -41 -40 -42 -43 -43 -43 -44 -44 -44 -45 -46 -46 -47 -49 -50 -51 -51 -51 -50 -50 -50 -51 -53 -55 -66 -77 -87 -80 -77 -76 -85 -97 -105 -112 -107 -103 -99 -97 -92 -81 -80 -82 -79 -76 -74 -74 -74 -71 -73 -74 -74 -73 -74 -75 -74 -77 -70 -5 1 -1 -2 -4 -3 -2 -2 -2 -3 -2 -2 -1 0 1 0 0 0 1 1 2 3 3 3 4 5 7 6 6 8 9 10 10 10
-30 -37 -39 -37 -37 -38 -39 -40 -41 -41 -42 -43 -44 -45 -46 -48 -49 -50 -50 -49 -49 -49 -50 -52 -57 -56 -55 -58 -68 -79 -85 -89 -87 -104 -108 -113 -106 -102 -99 -92 -92 -85 -81 -79 -79 -78 -78 -73 -72 -70 -69 -70 -70 -71 -70 -70 -69 -69 -70 -14 3 2 1 -1 -0 0 0 2 2 1 2 1 2 5 4 3 4 4 5 5 6 5 6 7 7 9 8 8 9 11 13 13 14
-29 -32 -36 -36 -36 -36 -37 -38 -39 -40 -41 -42 -42 -43 -45 -46 -47 -48 -48 -49 -50 -52 -52 -53 -54 -54 -60 -63 -67 -69 -74 -80 -80 -92 -88 -93 -99 -99 -101 -101 -94 -91 -84 -79 -80 -79 -81 -75 -70 -68 -68 -67 -67 -69 -71 -70 -70 -68 -36 2 6 6 4 2 3 2 4 4 4 5 4 5 5 6 7 8 7 6 7 9 8 8 9 10 10 11 11 11 11 12 14 14 15
-28 -30 -32 -35 -35 -35 -36 -37 -38 -39 -40 -41 -41 -42 -43 -44 -45 -46 -47 -49 -52 -52 -52 -52 -54 -54 -58 -60 -61 -64 -65 -66 -70 -75 -84 -93 -99 -103 -102 -103 -97 -99 -93 -85 -78 -78 -76 -75 -69 -68 -66 -65 -63 -66 -72 -70 -69 -68 -35 6 10 9 7 4 6 5 6 7 6 7 8 8 7 7 8 8 11 10 10 11 11 11 12 13 13 13 12 13 13 15 14 14 15
-27 -29 -31 -34 -34 -34 -35 -36 -37 -38 -38 -39 -40 -41 -42 -43 -44 -46 -48 -50 -57 -60 -58 -58 -57 -54 -58 -60 -61 -59 -65 -64 -67 -72 -89 -98 -102 -109 -100 -101 -102 -91 -93 -90 -81 -78 -76 -74 -73 -70 -68 -66 -66 -62 -64 -69 -70 -63 -3 10 12 12 12 8 8 9 9 10 10 9 10 11 11 11 11 12 12 14 14 14 14 14 15 16 15 15 15 16 16 15 15 16 16
-27 -28 -30 -32 -33 -33 -34 -35 -35 -36 -37 -38 -39 -39 -40 -41 -43 -46 -49 -52 -62 -61 -66 -63 -58 -57 -59 -60 -57 -59 -61 -64 -66 -70 -73 -81 -89 -93 -88 -97 -96 -96 -89 -86 -78 -77 -77 -72 -75 -71 -68 -69 -67 -68 -60 -63 -65 -58 8 13 13 13 14 14 12 13 10 12 13 13 12 14 15 14 15 15 15 16 16 16 17 17 18 18 18 18 17 18 18 17 17 18 18
-26 -27 -29 -30 -31 -32 -33 -34 -34 -35 -36 -37 -37 -38 -39 -40 -40 -43 -44 -45 -51 -75 -87 -73 -71 -66 -59 -60 -58 -58 -59 -62 -64 -65 -67 -74 -90 -100 -86 -92 -103 -98 -100 -96 -83 -73 -74 -70 -73 -72 -69 -65 -65 -66 -61 -59 -62 -62 -24 13 14 13 15 18 18 17 14 14 16 17 16 17 17 18 18 18 18 19 19 19 19 20 21 21 22 22 21 20 20 20 20 20 20
-25 -26 -28 -29 -30 -31 -31 -32 -33 -34 -35 -35 -36 -36 -37 -38 -38 -40 -49 -59 -48 -63 -85 -83 -87 -84 -68 -61 -56 -55 -57 -59 -61 -62 -65 -71 -78 -92 -94 -93 -89 -98 -99 -99 -90 -76 -74 -67 -70 -72 -68 -67 -62 -63 -60 -55 -58 -59 -23 13 14 16 15 15 17 20 19 16 17 19 20 19 19 19 20 21 22 22 21 22 23 24 24 24 25 24 23 23 23 22 22 22 22
-25 -27 -28 -29 -29 -29 -31 -31 -32 -32 -33 -34 -34 -35 -36 -36 -37 -38 -41 -50 -55 -59 -78 -69 -73 -73 -66 -62 -53 -53 -55 -57 -58 -60 -63 -67 -72 -80 -81 -100 -84 -93 -99 -93 -81 -77 -72 -67 -67 -67 -67 -64 -60 -60 -56 -54 -57 -54 -16 17 15 17 15 17 16 17 21 22 20 21 21 -9999 -9999 -9999 -9999 24 24 25 25 26 25 25 26 26 27 27 26 26 26 25 25 25 24
-26 -26 -27 -27 -27 -28 -30 -30 -30 -30 -31 -32 -33 -33 -34 -36 -43 -42 -47 -46 -49 -46 -54 -60 -64 -71 -67 -54 -49 -52 -54 -55 -58 -60 -63 -65 -69 -72 -76 -83 -93 -83 -90 -99 -86 -73 -67 -68 -62 -62 -61 -59 -58 -57 -52 -54 -56 -52 -32 15 18 20 19 20 20 20 21 24 23 23 24 -9999 -9999 -9999 -9999 26 26 27 27 28 28 28 28 29 30 30 30 30 30 29 29 28 27
-24 -25 -26 -26 -25 -26 -27 -27 -27 -27 -28 -30 -31 -32 -34 -35 -39 -40 -41 -46 -46 -51 -48 -51 -56 -58 -56 -46 -49 -51 -53 -56 -59 -63 -65 -68 -69 -68 -72 -72 -79 -86 -82 -83 -91 -85 -74 -71 -62 -57 -56 -55 -58 -57 -49 -53 -53 -49 -35 5 20 22 23 23 23 24 24 24 26 25 -9999 -9999 -9999 -9999 -9999 -9999 -9999 -9999 30 30 30 30 31 32 32 32 33 33 34 34 33 31 30
-22 -23 -24 -24 -25 -25 -25 -25 -24 -25 -26 -27 -28 -31 -33 -35 -35 -36 -36 -37 -41 -42 -44 -42 -47 -44 -46 -48 -49 -53 -54 -58 -60 -61 -63 -65 -65 -67 -75 -71 -77 -76 -72 -84 -98 -87 -72 -68 -59 -53 -51 -53 -56 -52 -48 -50 -49 -46 -45 8 24 23 24 25 26 26 27 26 27 -9999 -9999 -9999 -9999 -9999 -9999 -9999 -9999 -9999 -9999 -9999 -9999 -9999 -9999 -9999 -9999 -9999 39 39 38 38 37 35 33
-21 -21 -23 -24 -24 -24 -24 -23 -22 -22 -23 -24 -25 -26 -28 -29 -29 -31 -35 -44 -57 -63 -54 -41 -42 -53 -64 -67 -72 -64 -57 -55 -57 -60 -63 -64 -67 -69 -71 -67 -69 -75 -77 -93 -105 -94 -75 -67 -55 -48 -47 -48 -49 -49 -44 -48 -46 -44 -40 2 25 27 27 27 28 29 29 -9999 -9999 -9999 -9999 -9999 -9999 -9999 -9999 -9999 -9999 -9999 -9999 -9999 -9999 -9999 -9999 39 39 39 39 40 42 42 42 38 35
-20 -21 -21 -23 -24 -23 -22 -21 -20 -20 -20 -21 -22 -23 -25 -28 -31 -32 -33 -48 -54 -58 -52 -44 -52 -67 -83 -85 -95 -92 -85 -66 -85 -102 -110 -106 -98 -86 -74 -83 -82 -89 -86 -90 -93 -89 -76 -62 -52 -46 -44 -44 -44 -46 -41 -44 -42 -41 -40 -12 28 29 30 30 30 30 -9999 -9999 -9999 -9999 -9999 -9999 -9999 -9999 -9999 -9999 -9999 -9999 -9999 -9999 -9999 38 39 38 38 39 40 41 43 45 48 45 40
-19 -19 -20 -21 -23 -23 -21 -19 -18 -17 -17 -18 -19 -21 -23 -26 -32 -34 -37 -35 -56 -75 -79 -85 -68 -61 -65 -93 -93 -78 -74 -64 -73 -83 -88 -96 -89 -90 -107 -95 -95 -92 -85 -76 -73 -67 -61 -58 -48 -44 -42 -41 -40 -40 -38 -38 -38 -37 -36 -6 32 32 32 32 32 -9999 -9999 -9999 -9999 -9999 -9999 -9999 -9999 -9999 -9999 -9999 -9999 -9999 -9999 -9999 38 36 36 38 40 42 42 43 45 48 51 50 45
-17 -18 -19 -20 -22 -22 -19 -17 -15 -14 -15 -15 -16 -17 -20 -26 -33 -40 -58 -48 -59 -91 -84 -79 -69 -69 -61 -73 -75 -80 -76 -62 -60 -63 -65 -66 -68 -81 -83 -78 -76 -70 -65 -62 -60 -55 -51 -48 -44 -42 -40 -39 -37 -36 -35 -39 -38 -34 -27 11 33 34 33 34 33 -9999 -9999 -9999 -9999 -9999 -9999 -9999 -9999 -9999 -9999 -9999 -9999 -9999 -9999 -9999 -9999 40 40 -9999 44 44 46 48 48 48 49 48 44
-13 -14 -15 -19 -22 -21 -17 -14 -11 -10 -12 -14 -14 -15 -21 -22 -37 -50 -63 -46 -59 -67 -52 -47 -41 -38 -41 -43 -47 -50 -49 -48 -49 -55 -57 -56 -60 -61 -60 -59 -59 -55 -52 -52 -53 -50 -43 -42 -41 -39 -38 -36 -35 -34 -33 -36 -39 -36 -33 3 34 35 35 35 35 -9999 -9999 -9999 -9999 -9999 -9999 -9999 -9999 -9999 -9999 -9999 -9999 -9999 -9999 -9999 -9999 -9999 -9999 -9999 -9999 47 49 49 48 45 43 40 37
-8 -9 -9 -10 -11 -12 -11 -10 -7 -6 -8 -12 -15 -15 -18 -24 -36 -42 -40 -49 -46 -49 -42 -35 -34 -34 -38 -40 -43 -45 -45 -43 -49 -53 -51 -50 -53 -53 -51 -50 -49 -47 -45 -43 -42 -41 -41 -40 -38 -37 -36 -35 -33 -31 -30 -35 -40 -33 -13 36 37 37 37 37 -9999 -9999 -9999 -9999 -9999 -9999 -9999 -9999 -9999 -9999 -9999 -9999 -9999 -9999 -9999 -9999 -9999 -9999 -9999 -9999 -9999 -9999 -9999 50 47 41 36 30 60
-6 -5 -5 -6 -7 -7 -7 -7 -7 -7 -5 -7 -9 -13 -19 -22 -35 -36 -45 -47 -32 -37 -34 -33 -34 -34 -35 -37 -41 -41 -42 -40 -45 -46 -47 -47 -46 -46 -46 -45 -44 -43 -41 -40 -40 -38 -38 -37 -36 -35 -33 -32 -30 -29 -29 -33 -37 -29 21 38 38 38 38 38 -9999 -9999 -9999 -9999 -9999 -9999 -9999 -9999 -9999 -9999 -9999 -9999 -9999 -9999 -9999 -9999 -9999 -9999 -9999 -9999 -9999 -9999 -9999 48 45 38 31 59 66
