resultados/variables_proyeccion_tiempo/variables_paleo_130k/bio9.asc
ncols 330
nrows 228
xllcorner -12.000000
yllcorner 34.000000
cellsize 0.166667
NODATA_value -9999
[rows 41 to 81 of 228, columns 93 to 185 of 330]
-9999 -9999 -9999 -9999 -9999 -9999 -9999 -9999 -9999 -9999 -9999 -9999 -9999 -9999 -9999 -9999 -9999 -9999 -9999 -9999 -9999 -9999 -9999 -9999 -9999 -9999 -9999 -9999 -9999 -9999 -9999 -9999 -9999 -9999 -9999 -9999 -9999 -9999 -9999 -9999 -9999 -9999 -9999 -9999 78 77 -9999 -9999 75 75 70 69 68 67 68 57 52 51 67 59 52 56 40 -4 -19 -17 -17 -14 -10 -5 -12 -17 -4 -0 2 1 3 4 2 1 4 -18 -144 -147 -149 -150 -152 -153 -152 -154 -155 -156 -156
-9999 -9999 -9999 -9999 -9999 -9999 -9999 -9999 -9999 -9999 -9999 -9999 -9999 -9999 -9999 -9999 -9999 -9999 -9999 -9999 -9999 -9999 -9999 -9999 -9999 -9999 -9999 -9999 -9999 -9999 -9999 -9999 -9999 -9999 -9999 -9999 -9999 -9999 -9999 -9999 -9999 -9999 -9999 77 77 78 79 76 77 75 71 70 67 66 52 50 59 68 60 58 63 50 39 22 7 -3 -10 -12 -13 -15 -6 -5 -4 3 8 4 1 3 2 2 -18 -118 -150 -154 -153 -149 -150 -150 -150 -151 -150 -150 -152
-9999 -9999 -9999 -9999 -9999 -9999 -9999 -9999 -9999 -9999 -9999 -9999 -9999 -9999 -9999 -9999 -9999 -9999 -9999 -9999 -9999 -9999 -9999 -9999 -9999 -9999 -9999 -9999 -9999 -9999 -9999 -9999 -9999 -9999 -9999 -9999 -9999 -9999 -9999 -9999 -9999 -9999 -9999 -9999 -9999 81 80 80 78 76 72 62 68 66 61 70 71 65 61 67 61 14 -2 5 -2 -13 -11 -7 -9 1 4 3 2 2 4 9 11 10 7 4 -96 -147 -152 -156 -156 -155 -152 -150 -150 -150 -149 -150 -149
-9999 -9999 -9999 -9999 -9999 -9999 -9999 -9999 -9999 -9999 -9999 -9999 -9999 -9999 -9999 -9999 -9999 -9999 -9999 -9999 -9999 -9999 -9999 -9999 -9999 -9999 -9999 -9999 -9999 -9999 -9999 -9999 -9999 -9999 -9999 -9999 -9999 -9999 -9999 -9999 -9999 -9999 -9999 82 78 77 79 78 76 72 68 74 77 74 75 67 52 30 14 4 1 7 9 11 -3 -6 -5 1 3 3 4 11 10 11 9 2 2 9 -1 -69 -131 -143 -149 -155 -158 -158 -156 -155 -151 -151 -149 -148 -149
-9999 -9999 -9999 -9999 -9999 -9999 -9999 -9999 -9999 -9999 -9999 -9999 -9999 -9999 -9999 -9999 -9999 -9999 -9999 -9999 -9999 -9999 -9999 -9999 -9999 -9999 -9999 -9999 -9999 -9999 -9999 -9999 -9999 -9999 -9999 -9999 -9999 -9999 -9999 -9999 -9999 82 78 76 73 71 77 81 76 78 78 71 70 72 74 61 33 -1 -3 2 2 2 -4 -3 7 9 10 10 5 9 8 10 15 13 13 12 6 6 -39 -116 -139 -142 -145 -148 -152 -155 -157 -156 -154 -153 -150 -151 -148
-9999 -9999 -9999 -9999 -9999 -9999 -9999 -9999 -9999 -9999 -9999 -9999 -9999 -9999 -9999 -9999 -9999 -9999 -9999 -9999 -9999 -9999 -9999 -9999 -9999 -9999 -9999 -9999 -9999 -9999 -9999 -9999 -9999 -9999 -9999 -9999 -9999 -9999 -9999 40 49 47 45 35 46 60 80 77 74 72 74 72 79 67 44 9 6 -3 -7 -4 1 2 -7 -15 -11 -4 -0 6 12 14 16 16 15 16 10 14 4 -70 -123 -135 -137 -142 -143 -144 -146 -149 -150 -148 -150 -154 -151 -148 -146
-9999 -9999 -9999 -9999 -9999 -9999 -9999 -9999 -9999 -9999 -9999 -9999 -9999 -9999 -9999 -9999 -9999 -9999 -9999 -9999 -9999 -9999 -9999 -9999 -9999 -9999 -9999 -9999 -9999 -9999 -9999 -9999 -9999 -9999 -9999 -9999 -9999 -9999 30 25 18 18 13 8 8 11 33 42 56 61 47 22 3 3 -5 -6 0 -2 -11 -17 -12 -4 6 9 2 -5 -5 -4 5 10 14 16 14 14 18 14 -52 -115 -128 -135 -139 -139 -139 -141 -145 -148 -148 -148 -146 -146 -149 -148 -145
-9999 -9999 -9999 -9999 -9999 -9999 -9999 -9999 -9999 -9999 -9999 -9999 -9999 -9999 -9999 -9999 -9999 -9999 -9999 -9999 -9999 -9999 -9999 -9999 -9999 -9999 -9999 -9999 -9999 -9999 86 87 -9999 86 -9999 35 -9999 33 30 24 21 18 9 11 16 22 27 26 22 12 11 8 -2 -6 -6 -4 4 -10 -12 -14 -15 -10 1 7 13 11 5 8 10 12 16 19 16 -9 -75 -103 -112 -120 -127 -133 -136 -136 -138 -143 -144 -147 -147 -146 -143 -142 -145 -143 -142
-9999 -9999 -9999 -9999 -9999 -9999 -9999 -9999 -9999 -9999 -9999 -9999 -9999 -9999 -9999 -9999 -9999 -9999 -9999 -9999 -9999 -9999 -9999 -9999 -9999 -9999 -9999 -9999 89 88 88 88 89 85 -9999 35 33 30 28 23 19 16 18 17 20 29 26 23 18 15 8 1 2 3 -4 -7 5 6 -1 2 3 5 -1 1 6 13 12 6 -12 -29 -33 -45 -82 -82 -98 -99 -105 -107 -112 -119 -126 -131 -138 -140 -140 -140 -142 -144 -142 -137 -136 -132 -128
-9999 -9999 -9999 -9999 -9999 -9999 -9999 -9999 -9999 -9999 -9999 -9999 -9999 -9999 -9999 -9999 -9999 -9999 -9999 -9999 -9999 -9999 -9999 -9999 -9999 -9999 -9999 -9999 91 89 89 87 89 82 32 29 23 25 27 26 21 15 25 30 24 21 17 8 1 -3 -2 -10 -4 -4 -1 -3 3 5 1 3 9 12 3 -25 -55 -71 -84 -89 -97 -98 -95 -96 -100 -106 -106 -109 -110 -108 -111 -110 -119 -129 -133 -135 -134 -135 -132 -131 -123 -123 -117 -120 -120
-9999 -9999 -9999 -9999 -9999 -9999 -9999 -9999 -9999 -9999 -9999 -9999 -9999 -9999 -9999 -9999 -9999 -9999 -9999 -9999 -9999 -9999 -9999 -9999 -9999 91 91 91 92 88 89 87 84 37 27 20 20 20 27 32 23 30 26 23 22 18 13 5 -4 7 -2 -11 -10 -9 -0 2 -6 -7 6 6 -14 -56 -84 -88 -87 -88 -90 -92 -96 -104 -104 -106 -106 -106 -109 -113 -113 -112 -113 -116 -120 -128 -134 -134 -132 -124 -113 -111 -111 -110 -115 -114 -112
-9999 -9999 -9999 -9999 -9999 -9999 -9999 -9999 -9999 -9999 -9999 -9999 -9999 -9999 -9999 -9999 -9999 -9999 -9999 -9999 -9999 -9999 -9999 -9999 -9999 -9999 93 86 89 86 84 73 48 24 13 9 19 26 20 24 28 19 12 10 13 14 2 -10 -23 -21 -28 -16 -32 -20 -21 -27 -35 -41 -53 -77 -93 -91 -89 -86 -86 -90 -98 -98 -97 -94 -95 -96 -99 -103 -106 -109 -109 -110 -109 -109 -116 -122 -124 -125 -116 -110 -112 -112 -110 -107 -107 -106 -108
-9999 -9999 -9999 -9999 -9999 -9999 -9999 -9999 -9999 -9999 -9999 -9999 -9999 -9999 -9999 -9999 -9999 -9999 -9999 -9999 -9999 92 92 92 91 90 92 89 89 84 82 50 15 14 16 13 14 16 13 13 20 11 1 -6 -8 -42 -56 -73 -89 -91 -93 -90 -94 -102 -106 -103 -102 -115 -121 -116 -114 -117 -104 -94 -97 -104 -110 -105 -104 -100 -103 -111 -116 -114 -112 -108 -104 -103 -111 -117 -120 -125 -126 -122 -105 -99 -106 -110 -107 -107 -104 -104 -104
-9999 -9999 -9999 -9999 -9999 -9999 -9999 -9999 -9999 -9999 -9999 -9999 -9999 -9999 -9999 -9999 -9999 -9999 -9999 128 104 88 82 82 80 80 84 86 90 88 76 30 3 -4 -7 -7 -2 10 -4 2 6 -3 -34 -81 -108 -112 -115 -126 -134 -126 -125 -134 -132 -134 -130 -128 -131 -123 -116 -114 -115 -120 -112 -105 -104 -100 -102 -103 -104 -107 -108 -108 -108 -107 -106 -105 -103 -109 -104 -107 -110 -116 -123 -121 -107 -99 -99 -101 -102 -103 -102 -9999 -9999
-9999 -9999 -9999 -9999 -9999 -9999 -9999 -9999 -9999 -9999 -9999 -9999 -9999 -9999 -9999 -9999 119 125 125 100 93 83 83 83 83 83 79 81 59 60 16 -2 -13 -16 -24 -21 -20 -18 1 -4 -59 -92 -116 -127 -131 -132 -130 -128 -134 -132 -130 -136 -138 -132 -130 -125 -121 -116 -113 -114 -109 -105 -103 -103 -100 -96 -98 -105 -107 -104 -103 -101 -104 -105 -106 -104 -100 -104 -104 -101 -107 -109 -116 -120 -111 -101 -95 -98 -99 -9999 -9999 -9999 -9999
-9999 -9999 -9999 -9999 -9999 -9999 -9999 -9999 -9999 -9999 -9999 -9999 -9999 -9999 -9999 124 113 106 108 81 76 79 68 81 76 72 59 42 -2 -15 -16 -21 -18 -17 -18 -20 -12 -46 -68 -79 -109 -124 -135 -137 -135 -132 -133 -133 -134 -132 -134 -140 -136 -127 -123 -128 -124 -118 -117 -116 -115 -113 -114 -109 -104 -99 -108 -106 -106 -104 -104 -101 -103 -103 -102 -100 -101 -100 -105 -104 -103 -102 -111 -122 -111 -97 -94 -97 -9999 -9999 -9999 -9999 -9999
-9999 -9999 -9999 -9999 -9999 -9999 -9999 -9999 -9999 -9999 -9999 122 120 122 93 100 103 85 82 72 74 62 52 53 52 42 17 -8 -17 -25 -19 -40 -43 -45 -45 -62 -78 -99 -96 -107 -132 -124 -128 -131 -127 -133 -142 -140 -137 -134 -129 -133 -133 -131 -124 -120 -120 -115 -115 -110 -106 -105 -108 -115 -107 -102 -99 -100 -96 -98 -96 -97 -100 -104 -102 -102 -100 -97 -99 -101 -101 -99 -100 -104 -100 -92 -91 -9999 -9999 -9999 -9999 -9999 -9999
-9999 -9999 -9999 -9999 -9999 -9999 -9999 -9999 -9999 110 114 115 111 110 88 70 60 63 59 53 65 63 57 54 36 6 -28 -16 -18 -26 -24 -29 -47 -70 -92 -95 -89 -97 -109 -132 -133 -128 -125 -125 -130 -143 -146 -142 -143 -134 -130 -138 -135 -131 -130 -126 -125 -125 -121 -117 -116 -107 -105 -101 -108 -110 -108 -101 -96 -95 -98 -100 -99 -102 -105 -104 -107 -106 -105 -103 -100 -97 -96 -94 -92 -92 -9999 -9999 -9999 -9999 -9999 -9999 -9999
-9999 -9999 -9999 -9999 -9999 -9999 -9999 -9999 72 90 98 94 87 66 63 71 65 58 54 55 58 44 37 34 25 -22 -38 -48 -39 -35 -30 -52 -80 -77 -86 -101 -101 -112 -129 -131 -136 -135 -126 -129 -130 -135 -145 -141 -136 -129 -132 -138 -134 -133 -124 -124 -124 -123 -126 -116 -115 -109 -104 -100 -100 -100 -100 -102 -98 -96 -98 -99 -102 -98 -98 -101 -100 -101 -101 -99 -99 -97 -96 -93 -92 -9999 -9999 -9999 -9999 -9999 -9999 -9999 -9999
-9999 -9999 -9999 -9999 -9999 -9999 -9999 69 68 75 73 69 66 67 65 69 71 68 74 63 55 54 38 21 -4 -21 -14 -29 -35 -47 -65 -81 -82 -86 -88 -100 -113 -128 -139 -140 -139 -140 -145 -139 -122 -123 -139 -142 -137 -130 -129 -129 -124 -120 -116 -119 -122 -118 -125 -121 -116 -111 -109 -104 -106 -104 -101 -103 -103 -101 -99 -97 -95 -94 -92 -96 -97 -94 -92 -93 -97 -93 -91 -90 -90 -9999 -9999 -9999 -9999 -9999 -9999 -9999 -9999
-9999 -9999 -9999 -9999 -9999 -9999 -9999 75 80 69 64 52 50 47 55 59 59 70 53 46 31 22 29 20 -32 -35 -43 -48 -54 -71 -93 -103 -87 -89 -110 -120 -123 -135 -139 -143 -142 -139 -131 -124 -127 -127 -125 -131 -131 -131 -135 -135 -130 -126 -123 -117 -111 -109 -109 -114 -115 -113 -113 -108 -106 -107 -105 -103 -101 -99 -99 -100 -98 -94 -94 -92 -92 -95 -93 -91 -90 -89 -89 -89 -88 -9999 -9999 -9999 -9999 -9999 -9999 -9999 -9999
-9999 -9999 -9999 -9999 -9999 -9999 -9999 83 85 79 78 74 70 72 64 56 54 63 52 26 34 31 58 -4 -12 -18 -36 -48 -70 -92 -108 -108 -92 -99 -125 -129 -128 -121 -125 -124 -135 -145 -141 -135 -124 -119 -116 -134 -132 -133 -135 -128 -135 -131 -133 -129 -115 -109 -108 -108 -112 -115 -115 -114 -111 -110 -107 -104 -99 -97 -94 -94 -99 -96 -98 -98 -93 -93 -97 -95 -89 -87 -87 -88 -88 -9999 -9999 -9999 -9999 -9999 -9999 -9999 -9999
-9999 -9999 -9999 -9999 -9999 -9999 -9999 85 79 78 75 75 74 76 72 68 56 44 39 62 40 58 55 8 -16 -25 -36 -55 -84 -98 -105 -99 -100 -107 -132 -134 -140 -132 -135 -133 -120 -134 -141 -141 -130 -118 -116 -124 -124 -121 -122 -122 -120 -123 -120 -121 -116 -106 -105 -108 -107 -108 -109 -106 -110 -107 -107 -105 -97 -93 -95 -93 -92 -92 -90 -89 -91 -89 -92 -91 -87 -85 -85 -9999 -9999 -9999 -9999 -9999 -9999 -9999 -9999 -9999 -9999
-9999 -9999 -9999 -9999 -9999 -9999 -9999 85 88 83 79 76 68 70 63 57 51 47 75 52 62 69 31 2 0 -7 -34 -72 -84 -91 -96 -91 -105 -118 -131 -137 -136 -133 -129 -122 -114 -119 -136 -133 -135 -131 -113 -106 -115 -116 -117 -122 -114 -112 -112 -110 -115 -112 -107 -104 -102 -101 -100 -97 -99 -100 -97 -95 -93 -90 -95 -93 -92 -92 -94 -93 -90 -87 -87 -86 -85 -84 -84 -83 -9999 -9999 -9999 -9999 -9999 -9999 -9999 -9999 -9999
-9999 -9999 -9999 -9999 -9999 -9999 85 86 83 80 80 80 76 72 58 54 60 66 69 44 63 40 -9 -6 -12 -21 -38 -83 -96 -95 -86 -89 -111 -117 -129 -131 -132 -136 -129 -127 -120 -105 -113 -119 -120 -121 -116 -104 -107 -113 -115 -113 -113 -107 -104 -106 -110 -112 -108 -106 -101 -99 -99 -96 -93 -87 -86 -91 -93 -92 -92 -94 -93 -93 -97 -97 -95 -95 -91 -86 -85 -83 -82 -9999 -9999 -9999 -9999 -9999 -9999 -9999 -9999 -9999 -9999
-9999 -9999 -9999 -9999 -9999 -9999 -9999 89 88 86 80 73 65 54 56 47 44 46 39 44 41 24 -15 -33 -43 -46 -46 -82 -91 -84 -93 -98 -121 -125 -121 -124 -121 -122 -119 -112 -115 -114 -102 -99 -103 -110 -112 -102 -100 -102 -107 -106 -105 -102 -103 -106 -104 -106 -105 -103 -103 -98 -93 -94 -93 -90 -84 -84 -86 -87 -89 -92 -91 -90 -96 -96 -92 -91 -87 -84 -83 -82 -81 -81 -9999 -9999 -9999 -9999 -9999 -9999 -9999 -9999 -9999
-9999 -9999 -9999 -9999 -9999 -9999 -9999 88 92 93 93 75 75 77 60 59 44 62 62 50 40 5 -36 -42 -40 -42 -63 -89 -91 -85 -83 -98 -116 -122 -130 -126 -118 -113 -115 -110 -101 -108 -103 -96 -92 -90 -93 -98 -101 -96 -98 -98 -97 -99 -102 -97 -101 -103 -102 -98 -96 -95 -92 -91 -92 -94 -90 -86 -85 -87 -89 -88 -86 -85 -86 -89 -91 -88 -85 -83 -82 -81 -81 -80 -9999 -9999 -9999 -9999 -9999 -9999 -9999 -9999 -9999
-9999 -9999 -9999 -9999 -9999 -9999 -9999 90 93 94 93 96 85 76 65 64 60 66 64 53 32 -10 -31 -49 -45 -43 -71 -80 -75 -75 -80 -94 -119 -111 -123 -124 -123 -110 -101 -104 -96 -100 -104 -104 -106 -102 -93 -100 -104 -101 -91 -90 -95 -101 -101 -99 -97 -92 -96 -99 -97 -93 -92 -90 -87 -86 -89 -87 -85 -83 -86 -84 -81 -82 -86 -86 -84 -82 -80 -80 -80 -81 -80 -80 -80 -80 -80 -79 -9999 -79 -9999 -9999 -9999
-9999 -9999 -9999 -9999 -9999 -9999 -9999 -9999 95 96 76 83 80 81 61 60 61 55 56 45 29 0 -23 -30 -37 -35 -82 -86 -82 -79 -78 -91 -104 -114 -115 -113 -111 -113 -112 -95 -97 -87 -100 -107 -104 -95 -91 -95 -89 -96 -93 -88 -94 -94 -96 -95 -89 -88 -88 -92 -94 -91 -90 -89 -88 -86 -84 -84 -84 -90 -86 -81 -80 -80 -80 -80 -82 -82 -80 -80 -80 -80 -80 -80 -80 -79 -79 -78 -78 -78 -78 -9999 -9999
-9999 -9999 -9999 -9999 -9999 -9999 -9999 -9999 96 95 79 91 90 82 76 73 58 42 44 26 25 -13 -38 -40 -38 -38 -85 -89 -89 -87 -85 -91 -100 -112 -114 -112 -101 -93 -90 -88 -85 -89 -96 -97 -95 -86 -86 -87 -85 -86 -89 -85 -90 -89 -92 -86 -84 -82 -87 -84 -86 -87 -89 -88 -91 -88 -86 -84 -81 -81 -82 -81 -81 -82 -79 -78 -79 -79 -79 -77 -78 -79 -79 -79 -80 -79 -78 -77 -76 -76 -76 -76 -9999
-9999 -9999 -9999 -9999 -9999 -9999 -9999 -9999 -9999 98 98 97 90 92 84 64 44 25 45 26 18 -16 -38 -39 -38 -42 -88 -90 -87 -87 -82 -85 -91 -99 -101 -95 -86 -83 -83 -75 -72 -90 -90 -86 -83 -79 -79 -80 -84 -87 -89 -83 -85 -84 -88 -86 -82 -78 -83 -83 -80 -81 -84 -85 -82 -85 -85 -84 -83 -80 -78 -78 -75 -77 -78 -76 -75 -76 -76 -76 -77 -78 -78 -78 -78 -77 -76 -74 -74 -73 -74 -74 -74
-9999 -9999 -9999 -9999 -9999 -9999 -9999 -9999 -9999 96 98 85 92 82 64 59 42 46 51 33 30 -13 -36 -35 -35 -46 -80 -82 -82 -82 -78 -78 -85 -96 -94 -86 -85 -79 -72 -87 -76 -74 -69 -69 -75 -74 -76 -79 -79 -82 -79 -78 -77 -77 -80 -82 -80 -76 -77 -80 -76 -80 -83 -80 -80 -79 -78 -78 -76 -79 -80 -78 -77 -74 -73 -73 -73 -73 -73 -74 -75 -76 -76 -76 -76 -75 -72 -71 -70 -71 -71 -72 -72
-9999 -9999 -9999 -9999 -9999 -9999 -9999 -9999 -9999 96 96 95 96 94 77 69 54 51 43 48 31 -7 -26 -21 -18 -48 -70 -67 -73 -77 -70 -69 -74 -78 -86 -88 -79 -74 -67 -73 -64 -64 -60 -61 -67 -71 -70 -72 -75 -76 -78 -75 -73 -72 -73 -78 -78 -75 -73 -73 -75 -77 -77 -76 -76 -76 -74 -73 -75 -70 -72 -71 -70 -70 -70 -71 -70 -70 -70 -71 -71 -71 -72 -72 -72 -71 -68 -67 -67 -68 -68 -69 -70
-9999 -9999 -9999 -9999 -9999 -9999 -9999 -9999 -9999 96 95 96 89 80 76 67 70 68 59 56 38 3 -22 -19 -34 -44 -54 -61 -60 -58 -58 -65 -63 -67 -66 -78 -75 -69 -70 -64 -58 -58 -59 -56 -59 -62 -64 -67 -69 -71 -71 -73 -75 -72 -67 -69 -68 -70 -70 -69 -69 -70 -71 -72 -71 -74 -73 -72 -68 -67 -64 -65 -65 -66 -66 -66 -66 -66 -66 -67 -67 -68 -68 -68 -68 -66 -64 -62 -64 -65 -65 -66 -68
-9999 -9999 -9999 -9999 -9999 -9999 -9999 -9999 -9999 95 95 94 80 77 76 84 80 71 58 37 33 19 -20 -14 -29 -48 -50 -44 -41 -40 -39 -39 -43 -47 -50 -55 -64 -69 -60 -55 -50 -47 -47 -48 -51 -56 -58 -62 -65 -65 -64 -68 -71 -72 -71 -68 -66 -67 -66 -66 -66 -66 -66 -68 -68 -68 -69 -69 -69 -63 -61 -61 -62 -62 -62 -63 -63 -64 -64 -64 -65 -65 -65 -64 -63 -62 -60 -59 -60 -61 -62 -63 -65
-9999 -9999 -9999 -9999 -9999 -9999 -9999 -9999 91 -9999 94 79 60 56 63 78 78 70 51 38 37 30 -9 -8 -11 -39 -50 -42 -56 -39 -42 -34 -34 -28 -32 -36 -45 -51 -50 -47 -44 -43 -43 -44 -45 -47 -52 -58 -61 -61 -62 -63 -64 -67 -66 -64 -65 -64 -63 -63 -63 -63 -63 -63 -66 -65 -66 -66 -61 -58 -58 -58 -59 -60 -61 -62 -63 -64 -64 -65 -65 -64 -63 -62 -61 -60 -59 -58 -59 -60 -61 -61 -63
-9999 -9999 -9999 -9999 -9999 -9999 -9999 -9999 -9999 -9999 95 52 51 48 52 71 73 64 53 44 50 38 4 -10 4 -16 -49 -40 -42 -38 -39 -35 -24 -18 -17 -14 -14 -19 -25 -37 -38 -36 -32 -37 -40 -43 -47 -51 -58 -60 -60 -61 -61 -64 -63 -60 -60 -61 -61 -61 -61 -61 -61 -61 -63 -63 -62 -60 -59 -58 -59 -60 -61 -61 -61 -61 -62 -62 -62 -62 -62 -62 -61 -61 -59 -58 -58 -57 -57 -57 -58 -59 -9999
-9999 -9999 -9999 -9999 -9999 -9999 -9999 -9999 -9999 -9999 -9999 -9999 49 48 52 68 71 56 47 52 55 49 37 -6 5 2 -35 -42 -36 -30 -23 -29 -22 -15 -13 -10 -9 -10 -19 -29 -9999 -9999 -9999 -9999 -38 -40 -43 -31 -36 -44 -56 -58 -59 -59 -57 -57 -58 -58 -59 -60 -60 -60 -60 -62 -62 -64 -63 -63 -61 -62 -62 -61 -61 -60 -60 -60 -60 -60 -60 -60 -60 -59 -59 -58 -57 -56 -56 -55 -55 -56 -9999 -9999 -9999
-9999 -9999 -9999 -9999 -9999 -9999 -9999 -9999 -9999 -9999 -9999 51 50 46 53 73 70 63 59 66 58 52 51 33 8 16 3 -19 -25 -22 -18 -18 -15 -9 -7 -6 -9999 -9999 -9999 -9999 -9999 -9999 -9999 -9999 -9999 -38 -41 -27 -20 -20 -29 -44 -53 -54 -54 -55 -56 -57 -58 -58 -59 -59 -60 -61 -63 -63 -64 -62 -59 -62 -61 -59 -59 -59 -59 -61 -61 -60 -60 -59 -58 -58 -57 -56 -55 -55 -54 -9999 -9999 -9999 -9999 -9999 -9999
-9999 -9999 -9999 -9999 -9999 -9999 -9999 -9999 -9999 -9999 -9999 -9999 50 43 49 63 75 73 72 77 72 67 60 72 59 48 20 21 12 2 -11 -9 -6 -5 -3 -9999 -9999 -9999 -9999 -9999 -9999 -9999 -9999 -9999 -9999 -9999 -39 -39 -29 -24 -22 -24 -33 -48 -52 -53 -54 -56 -56 -59 -59 -61 -59 -60 -62 -62 -60 -59 -59 -60 -59 -58 -59 -58 -57 -57 -56 -56 -57 -57 -57 -56 -9999 -9999 -9999 -9999 -9999 -9999 -9999 -9999 -9999 -9999 -9999
-9999 -9999 -9999 -9999 -9999 -9999 -9999 -9999 -9999 -9999 -9999 -9999 -9999 50 49 62 88 81 85 83 83 75 78 84 83 84 80 73 59 45 32 -3 -2 -9999 -9999 -9999 -9999 -9999 -9999 -9999 -9999 -9999 -9999 -9999 -9999 -9999 -37 -36 -26 -12 -12 -12 -11 -12 -22 -46 -54 -55 -56 -59 -61 -67 -61 -61 -63 -61 -59 -59 -59 -59 -58 -57 -56 -56 -57 -57 -57 -56 -56 -55 -55 -9999 -9999 -9999 -9999 -9999 -9999 -9999 -9999 -9999 -9999 -9999 -9999
