resultados/variables_proyeccion_tiempo/variables_paleo_130k/bio9.asc
ncols 330
nrows 228
xllcorner -12.000000
yllcorner 34.000000
cellsize 0.166667
NODATA_value -9999
[rows 82 to 122 of 228, columns 186 to 278 of 330]
-9999 -9999 -9999 -9999 -9999 -9999 -9999 -9999 -9999 -9999 -9999 -9999 -9999 -9999 -9999 -9999 -9999 -79 -80 -81 -82 -83 -84 -85 -9999 -9999 -9999 -9999 -9999 -93 -95 -96 -97 -98 -99 -99 -99 -100 -100 -101 -101 -99 -99 -100 -101 -102 -102 -102 -101 -101 -101 -101 -102 -103 -103 -106 -109 -110 -109 -108 -108 -107 -105 -105 -104 -105 -105 -105 -105 -105 -106 -106 -107 -107 -108 -107 -108 -109 -110 -109 -108 -109 -111 -114 -115 -115 -115 -115 -114 -112 -112 -112 -112
-9999 -9999 -9999 -9999 -9999 -9999 -9999 -9999 -9999 -9999 -9999 -9999 -9999 -9999 -9999 -9999 -9999 -9999 -79 -80 -81 -82 -9999 -9999 -9999 -9999 -9999 -9999 -9999 -93 -93 -9999 -96 -98 -99 -100 -100 -100 -100 -102 -102 -100 -100 -102 -104 -106 -105 -103 -102 -102 -102 -101 -102 -103 -103 -105 -108 -109 -109 -109 -108 -106 -105 -105 -105 -104 -104 -105 -105 -106 -107 -108 -107 -107 -107 -107 -107 -109 -110 -109 -108 -108 -110 -112 -114 -116 -116 -115 -114 -113 -113 -112 -112
-27 -29 -30 -9999 -9999 -9999 -9999 -9999 -9999 -9999 -9999 -9999 -9999 -9999 -9999 -9999 -9999 -77 -79 -79 -9999 -9999 -9999 -9999 -9999 -9999 -9999 -9999 -9999 -9999 -9999 -9999 -95 -97 -98 -99 -99 -99 -99 -100 -101 -100 -100 -100 -101 -104 -104 -103 -102 -103 -103 -103 -103 -103 -103 -105 -106 -106 -106 -106 -106 -105 -104 -104 -104 -104 -105 -106 -107 -107 -108 -108 -107 -106 -107 -107 -107 -107 -109 -108 -107 -108 -114 -115 -115 -117 -116 -115 -114 -113 -112 -112 -112
-26 -9999 -9999 -9999 -9999 -9999 -9999 -9999 -9999 -9999 -9999 -9999 -9999 -9999 -9999 -9999 -9999 -9999 -9999 -79 -80 -81 -9999 -9999 -9999 -86 -9999 -9999 -9999 -9999 -9999 -9999 -94 -96 -98 -98 -98 -98 -99 -99 -99 -99 -99 -100 -101 -102 -102 -105 -108 -107 -107 -106 -105 -104 -104 -105 -105 -105 -105 -105 -105 -104 -104 -104 -104 -105 -105 -106 -107 -107 -108 -108 -107 -107 -107 -106 -107 -106 -108 -107 -107 -109 -114 -116 -116 -116 -115 -115 -113 -113 -113 -112 -111
-9999 -9999 -9999 -9999 -9999 -9999 -9999 -9999 -9999 -9999 -9999 -9999 -9999 -9999 -9999 -9999 -74 -76 -77 -80 -82 -81 -81 -9999 -9999 -9999 -9999 -9999 -9999 -9999 -9999 -9999 -93 -95 -97 -98 -98 -97 -98 -98 -98 -99 -99 -100 -100 -101 -103 -106 -108 -108 -108 -106 -106 -104 -104 -104 -104 -105 -105 -105 -105 -106 -108 -108 -106 -105 -105 -106 -106 -107 -107 -107 -107 -107 -106 -107 -107 -107 -107 -107 -108 -112 -113 -115 -115 -115 -115 -115 -114 -113 -112 -112 -111
-9999 -9999 -9999 -9999 -9999 -9999 -9999 -9999 -9999 -9999 -9999 -9999 -9999 -9999 -72 -73 -74 -76 -77 -79 -81 -81 -82 -82 -82 -9999 -9999 -9999 -9999 -9999 -9999 -9999 -92 -94 -96 -96 -97 -97 -97 -98 -101 -102 -101 -100 -100 -101 -103 -106 -107 -106 -106 -105 -105 -104 -103 -104 -104 -104 -105 -105 -106 -110 -112 -109 -107 -104 -105 -106 -106 -106 -106 -106 -106 -106 -106 -107 -107 -107 -107 -108 -110 -114 -115 -115 -114 -114 -115 -115 -114 -114 -114 -114 -112
-9999 -9999 -9999 -9999 -9999 -9999 -9999 -9999 -9999 -9999 -9999 -9999 -9999 -9999 -71 -72 -74 -76 -77 -78 -79 -82 -83 -82 -81 -82 -9999 -9999 -9999 -9999 -9999 -89 -90 -92 -94 -96 -97 -99 -101 -104 -105 -104 -104 -102 -101 -101 -103 -103 -103 -104 -104 -104 -103 -103 -103 -103 -103 -104 -104 -105 -105 -107 -106 -105 -104 -104 -105 -105 -105 -105 -105 -105 -105 -105 -106 -106 -107 -108 -111 -114 -114 -113 -114 -113 -113 -114 -114 -114 -115 -117 -116 -114 -114
-9999 -9999 -9999 -9999 -9999 -9999 -9999 -9999 -9999 -9999 -9999 -9999 -9999 -9999 -71 -72 -74 -75 -76 -78 -80 -82 -82 -82 -83 -83 -82 -82 -9999 -85 -85 -87 -89 -91 -93 -96 -98 -102 -103 -104 -104 -105 -104 -102 -102 -101 -101 -101 -102 -102 -103 -103 -102 -102 -102 -103 -103 -103 -103 -104 -103 -103 -103 -103 -103 -104 -104 -104 -104 -104 -104 -104 -104 -104 -106 -108 -109 -112 -114 -114 -114 -113 -113 -113 -113 -113 -113 -114 -114 -115 -114 -115 -113
-9999 -9999 -9999 -9999 -9999 -9999 -9999 -9999 -9999 -9999 -9999 -9999 -69 -69 -71 -73 -76 -76 -76 -78 -80 -81 -83 -82 -83 -83 -82 -83 -83 -84 -85 -86 -88 -90 -92 -94 -96 -98 -100 -101 -103 -104 -104 -103 -99 -100 -100 -100 -100 -101 -102 -102 -102 -102 -102 -102 -103 -103 -102 -103 -104 -108 -109 -108 -106 -105 -103 -104 -103 -103 -103 -103 -103 -106 -110 -112 -113 -113 -113 -113 -113 -112 -112 -112 -112 -112 -112 -113 -114 -114 -114 -114 -112
-9999 -9999 -9999 -9999 -9999 -9999 -9999 -9999 -9999 -9999 -9999 -9999 -68 -69 -71 -73 -75 -75 -75 -78 -81 -82 -83 -83 -82 -82 -81 -82 -83 -84 -85 -86 -88 -89 -91 -92 -94 -95 -96 -97 -99 -99 -99 -99 -98 -99 -99 -99 -99 -100 -101 -102 -102 -102 -102 -102 -102 -102 -102 -103 -106 -108 -108 -110 -109 -107 -106 -103 -102 -102 -103 -103 -104 -105 -108 -110 -110 -112 -112 -111 -111 -111 -111 -113 -113 -113 -112 -112 -113 -113 -112 -113 -113
-9999 -9999 -9999 -9999 -9999 -9999 -9999 -9999 -9999 -9999 -9999 -9999 -67 -69 -71 -74 -76 -76 -76 -78 -80 -82 -83 -83 -83 -82 -81 -81 -82 -83 -84 -86 -87 -89 -90 -92 -93 -94 -94 -95 -96 -96 -97 -97 -97 -98 -98 -99 -100 -102 -102 -102 -102 -102 -101 -101 -101 -102 -103 -103 -105 -106 -107 -108 -108 -106 -104 -102 -101 -102 -102 -103 -103 -106 -108 -108 -108 -110 -111 -110 -111 -111 -111 -112 -112 -113 -112 -112 -111 -111 -112 -114 -112
-9999 -9999 -9999 -9999 -9999 -9999 -9999 -9999 -9999 -9999 -9999 -65 -66 -68 -69 -72 -76 -77 -76 -76 -78 -79 -81 -82 -82 -82 -82 -82 -83 -84 -84 -86 -87 -88 -90 -91 -92 -93 -94 -95 -95 -95 -95 -96 -96 -97 -98 -99 -100 -102 -102 -102 -103 -103 -101 -101 -102 -102 -102 -102 -104 -104 -105 -105 -106 -106 -104 -102 -101 -100 -101 -102 -105 -107 -107 -106 -106 -108 -108 -109 -110 -110 -110 -111 -112 -112 -112 -111 -111 -110 -111 -111 -111
-9999 -9999 -9999 -9999 -9999 -9999 -9999 -9999 -9999 -9999 -9999 -64 -65 -67 -69 -70 -73 -76 -76 -77 -77 -78 -80 -80 -82 -83 -83 -83 -83 -84 -85 -86 -86 -88 -89 -90 -91 -92 -93 -94 -95 -95 -95 -95 -95 -96 -98 -100 -100 -101 -102 -104 -103 -102 -102 -101 -102 -102 -103 -102 -102 -103 -104 -103 -105 -105 -104 -103 -102 -102 -102 -103 -105 -104 -105 -105 -105 -106 -106 -107 -107 -107 -108 -109 -110 -110 -110 -111 -111 -110 -109 -109 -109
-9999 -9999 -9999 -9999 -9999 -9999 -9999 -9999 -9999 -9999 -9999 -9999 -64 -66 -68 -71 -75 -77 -78 -79 -79 -79 -80 -82 -82 -83 -83 -84 -84 -84 -85 -86 -86 -87 -89 -90 -91 -92 -92 -94 -95 -95 -95 -95 -95 -95 -96 -98 -99 -100 -101 -101 -101 -101 -100 -100 -100 -101 -101 -102 -102 -103 -102 -102 -103 -102 -102 -102 -101 -101 -102 -102 -103 -103 -103 -104 -104 -104 -105 -105 -106 -106 -106 -107 -108 -110 -111 -110 -110 -110 -109 -109 -109
-9999 -9999 -9999 -9999 -9999 -9999 -9999 -9999 -9999 -9999 -9999 -9999 -63 -65 -68 -71 -74 -76 -79 -80 -80 -81 -82 -82 -83 -84 -84 -84 -85 -84 -85 -85 -86 -88 -88 -90 -91 -91 -92 -94 -94 -95 -95 -95 -94 -95 -97 -97 -98 -98 -99 -100 -99 -99 -99 -99 -100 -100 -100 -101 -101 -102 -101 -101 -102 -101 -102 -101 -101 -101 -101 -102 -102 -103 -103 -103 -103 -104 -104 -104 -104 -105 -106 -107 -107 -109 -110 -110 -110 -110 -109 -108 -108
-9999 -9999 -9999 -9999 -9999 -9999 -9999 -9999 -9999 -9999 -9999 -9999 -62 -64 -67 -71 -74 -76 -78 -81 -82 -83 -81 -83 -83 -84 -85 -85 -85 -84 -84 -85 -86 -88 -89 -90 -91 -91 -92 -93 -92 -94 -95 -95 -95 -96 -97 -97 -96 -97 -98 -97 -97 -97 -97 -98 -99 -99 -99 -100 -100 -100 -100 -100 -101 -102 -102 -101 -100 -100 -100 -100 -101 -102 -102 -102 -103 -103 -103 -104 -104 -105 -106 -107 -107 -109 -110 -109 -109 -109 -109 -108 -108
-9999 -9999 -9999 -9999 -9999 -9999 -9999 -9999 -9999 -9999 -9999 -9999 -62 -64 -66 -70 -73 -75 -78 -81 -82 -82 -83 -83 -83 -84 -85 -85 -85 -84 -84 -85 -86 -87 -88 -89 -90 -91 -92 -92 -94 -94 -95 -95 -94 -95 -95 -95 -95 -97 -97 -97 -97 -97 -97 -97 -98 -98 -98 -99 -99 -99 -99 -99 -101 -102 -102 -101 -100 -100 -100 -100 -100 -101 -101 -102 -103 -102 -103 -104 -104 -104 -105 -106 -107 -108 -109 -109 -108 -109 -109 -109 -108
-9999 -9999 -9999 -9999 -9999 -9999 -9999 -9999 -9999 -9999 -9999 -9999 -62 -64 -66 -69 -71 -74 -76 -77 -79 -79 -80 -81 -82 -83 -83 -84 -84 -83 -84 -85 -86 -87 -88 -89 -90 -91 -92 -93 -94 -93 -93 -95 -93 -93 -94 -94 -95 -95 -96 -96 -96 -96 -97 -97 -97 -98 -98 -98 -98 -98 -98 -98 -99 -100 -100 -99 -99 -99 -99 -99 -99 -100 -101 -100 -101 -102 -103 -104 -106 -105 -105 -105 -107 -108 -108 -107 -108 -110 -110 -110 -110
-9999 -9999 -9999 -9999 -9999 -9999 -9999 -9999 -9999 -9999 -60 -61 -62 -64 -66 -68 -70 -72 -73 -74 -75 -76 -77 -78 -79 -81 -82 -82 -82 -82 -83 -85 -87 -87 -87 -89 -90 -91 -91 -91 -92 -91 -92 -95 -94 -93 -93 -93 -94 -94 -95 -96 -97 -98 -98 -99 -98 -97 -97 -97 -97 -97 -97 -98 -98 -98 -98 -98 -99 -100 -100 -100 -99 -99 -99 -99 -100 -102 -104 -104 -104 -104 -104 -105 -107 -107 -107 -107 -109 -110 -111 -110 -110
-9999 -9999 -9999 -9999 -9999 -9999 -9999 -9999 -9999 -58 -59 -60 -9999 -65 -66 -68 -69 -71 -72 -73 -74 -74 -75 -76 -78 -79 -80 -81 -81 -82 -84 -85 -86 -87 -89 -89 -90 -90 -92 -90 -90 -90 -92 -95 -94 -94 -94 -94 -95 -95 -96 -97 -98 -98 -97 -98 -99 -98 -97 -97 -97 -97 -97 -97 -97 -97 -97 -98 -99 -101 -101 -100 -100 -100 -100 -99 -99 -100 -102 -103 -103 -103 -103 -104 -106 -107 -106 -107 -108 -109 -111 -111 -110
-9999 -9999 -9999 -9999 -9999 -55 -56 -57 -57 -58 -59 -61 -63 -65 -66 -68 -70 -72 -73 -73 -73 -74 -74 -75 -77 -78 -80 -80 -81 -82 -83 -85 -86 -87 -88 -89 -90 -91 -91 -89 -88 -89 -91 -91 -93 -94 -94 -94 -95 -96 -96 -97 -98 -97 -97 -98 -98 -98 -97 -98 -97 -97 -97 -97 -97 -98 -97 -97 -98 -98 -100 -100 -100 -99 -99 -98 -99 -100 -102 -102 -102 -102 -102 -103 -105 -106 -106 -107 -108 -109 -110 -110 -109
-9999 -9999 -9999 -9999 -9999 -55 -55 -57 -57 -58 -60 -62 -64 -66 -68 -69 -71 -73 -73 -74 -75 -74 -73 -74 -76 -77 -79 -80 -82 -82 -84 -86 -88 -88 -90 -89 -90 -90 -90 -90 -92 -90 -90 -90 -91 -93 -93 -94 -95 -95 -95 -96 -97 -97 -97 -97 -97 -97 -98 -100 -98 -97 -98 -100 -100 -99 -100 -99 -98 -98 -99 -99 -99 -98 -99 -100 -99 -100 -101 -100 -100 -101 -103 -104 -106 -107 -107 -107 -108 -108 -108 -109 -109
-9999 -9999 -9999 -9999 -54 -55 -57 -58 -58 -59 -62 -64 -65 -67 -69 -71 -72 -74 -75 -75 -75 -75 -77 -77 -77 -78 -79 -81 -82 -83 -84 -86 -89 -90 -90 -90 -90 -90 -93 -93 -92 -92 -91 -90 -91 -92 -93 -94 -95 -95 -95 -96 -96 -98 -98 -96 -96 -98 -98 -98 -98 -99 -99 -100 -101 -101 -101 -100 -99 -99 -99 -99 -99 -99 -99 -100 -100 -100 -100 -101 -101 -102 -104 -106 -106 -107 -106 -107 -108 -109 -109 -110 -111
-53 -54 -54 -55 -56 -58 -62 -64 -65 -64 -65 -66 -67 -69 -71 -73 -76 -78 -77 -78 -80 -81 -83 -84 -81 -80 -80 -81 -82 -83 -85 -88 -88 -89 -90 -89 -90 -90 -92 -93 -93 -93 -92 -94 -93 -92 -92 -93 -94 -95 -96 -97 -97 -99 -98 -97 -97 -98 -98 -98 -98 -99 -100 -101 -101 -101 -101 -100 -99 -100 -100 -100 -100 -101 -100 -100 -99 -99 -100 -101 -102 -102 -104 -105 -106 -107 -108 -108 -109 -110 -111 -111 -112
-54 -55 -59 -62 -59 -61 -63 -65 -67 -67 -68 -68 -69 -71 -74 -77 -80 -80 -81 -84 -84 -84 -85 -84 -84 -82 -82 -83 -83 -84 -85 -87 -88 -89 -90 -90 -90 -91 -91 -92 -93 -93 -94 -94 -95 -95 -95 -95 -96 -96 -98 -100 -99 -98 -97 -96 -97 -97 -98 -98 -98 -99 -100 -100 -100 -101 -101 -99 -100 -100 -100 -99 -99 -100 -100 -99 -99 -100 -100 -100 -101 -102 -104 -106 -106 -107 -108 -108 -109 -111 -111 -111 -112
-56 -56 -58 -60 -62 -64 -64 -66 -67 -69 -72 -73 -74 -76 -78 -81 -82 -82 -83 -83 -84 -83 -83 -83 -82 -81 -82 -82 -83 -84 -85 -86 -87 -89 -90 -90 -90 -91 -91 -91 -90 -91 -91 -92 -92 -95 -97 -97 -100 -99 -99 -99 -99 -97 -96 -96 -97 -97 -97 -97 -98 -99 -100 -100 -100 -101 -101 -101 -100 -100 -99 -100 -99 -101 -100 -100 -100 -100 -100 -101 -102 -102 -103 -105 -106 -107 -107 -108 -109 -110 -111 -111 -111
-60 -61 -62 -65 -66 -67 -68 -69 -70 -73 -74 -77 -79 -81 -83 -84 -84 -84 -84 -83 -82 -82 -83 -81 -81 -81 -81 -81 -82 -83 -85 -86 -87 -88 -89 -89 -89 -90 -90 -89 -90 -90 -91 -91 -92 -93 -96 -99 -100 -100 -99 -98 -98 -97 -98 -97 -97 -98 -98 -98 -98 -99 -100 -100 -100 -101 -101 -100 -100 -100 -100 -99 -99 -100 -100 -99 -99 -100 -101 -102 -103 -104 -105 -105 -106 -109 -109 -109 -109 -111 -112 -112 -112
-63 -64 -65 -66 -67 -68 -69 -71 -72 -74 -76 -78 -80 -82 -84 -85 -85 -85 -84 -84 -82 -82 -81 -80 -81 -81 -81 -82 -83 -83 -84 -85 -86 -88 -88 -88 -88 -89 -89 -90 -92 -92 -91 -91 -93 -95 -96 -99 -99 -99 -99 -98 -97 -96 -97 -97 -98 -98 -98 -98 -98 -99 -100 -100 -100 -100 -100 -99 -100 -100 -99 -99 -99 -100 -99 -99 -99 -100 -101 -102 -103 -103 -104 -107 -106 -108 -110 -110 -109 -111 -111 -112 -113
-63 -64 -66 -67 -69 -73 -73 -75 -75 -76 -77 -79 -81 -83 -85 -86 -86 -86 -86 -85 -83 -81 -80 -80 -80 -82 -82 -83 -84 -84 -83 -84 -85 -87 -88 -88 -88 -88 -89 -91 -96 -95 -93 -92 -92 -94 -95 -96 -96 -97 -97 -97 -97 -96 -97 -97 -97 -98 -98 -98 -98 -99 -100 -100 -100 -100 -100 -99 -99 -99 -99 -99 -99 -99 -99 -99 -100 -101 -102 -103 -103 -103 -104 -105 -107 -109 -110 -110 -110 -112 -113 -114 -113
-63 -64 -67 -69 -71 -74 -76 -77 -78 -78 -78 -79 -81 -82 -84 -85 -85 -86 -86 -86 -83 -81 -82 -82 -80 -82 -82 -83 -84 -82 -82 -84 -84 -85 -86 -87 -87 -90 -92 -92 -94 -95 -94 -93 -94 -95 -95 -96 -96 -97 -97 -97 -97 -97 -97 -97 -98 -98 -98 -98 -99 -99 -100 -100 -100 -100 -100 -99 -99 -99 -99 -99 -99 -100 -100 -101 -101 -101 -102 -102 -102 -103 -104 -105 -107 -108 -110 -111 -111 -112 -113 -114 -114
-64 -65 -67 -69 -72 -74 -75 -77 -78 -78 -79 -79 -80 -82 -83 -84 -85 -85 -85 -86 -83 -81 -81 -80 -81 -80 -81 -82 -82 -83 -85 -85 -86 -88 -86 -88 -87 -89 -92 -93 -94 -94 -94 -94 -95 -95 -96 -96 -97 -97 -97 -97 -98 -98 -98 -98 -98 -98 -99 -99 -99 -99 -100 -100 -100 -100 -100 -100 -100 -100 -100 -99 -100 -100 -100 -100 -100 -101 -101 -102 -103 -103 -104 -106 -107 -108 -110 -111 -111 -113 -114 -114 -113
-63 -66 -69 -71 -73 -74 -75 -76 -77 -77 -79 -78 -79 -81 -82 -84 -84 -85 -86 -84 -84 -83 -82 -80 -79 -80 -81 -81 -82 -83 -84 -86 -86 -88 -89 -88 -90 -90 -91 -93 -93 -94 -94 -95 -96 -96 -97 -97 -97 -97 -97 -97 -97 -98 -98 -98 -99 -99 -99 -99 -99 -99 -99 -99 -100 -99 -100 -100 -100 -100 -100 -99 -100 -100 -100 -100 -100 -101 -102 -103 -103 -104 -106 -107 -108 -108 -109 -110 -111 -113 -112 -113 -113
-64 -67 -69 -71 -72 -73 -74 -75 -76 -76 -76 -77 -78 -80 -81 -83 -84 -85 -86 -85 -85 -84 -83 -81 -80 -79 -80 -81 -81 -82 -84 -86 -87 -87 -88 -88 -90 -90 -91 -91 -93 -93 -94 -95 -96 -96 -96 -96 -96 -97 -97 -97 -98 -98 -98 -99 -99 -99 -99 -99 -100 -99 -99 -99 -100 -100 -100 -100 -100 -100 -100 -100 -100 -100 -100 -101 -101 -94 -97 -103 -104 -106 -106 -108 -108 -108 -108 -110 -111 -112 -112 -114 -115
-64 -67 -69 -71 -74 -74 -74 -73 -73 -74 -74 -75 -75 -77 -79 -81 -83 -84 -85 -85 -85 -84 -83 -81 -81 -80 -81 -82 -82 -83 -84 -85 -86 -87 -88 -89 -90 -90 -90 -91 -92 -93 -93 -94 -95 -96 -96 -96 -96 -97 -97 -97 -98 -98 -97 -98 -98 -99 -99 -100 -100 -100 -100 -100 -100 -100 -100 -100 -100 -100 -100 -100 -100 -100 -95 -58 -49 -45 -60 -80 -97 -101 -105 -108 -108 -108 -108 -110 -111 -112 -111 -113 -113
-64 -66 -68 -70 -73 -74 -74 -73 -73 -71 -72 -73 -73 -75 -77 -79 -82 -84 -86 -86 -85 -85 -84 -83 -82 -82 -82 -81 -82 -83 -84 -84 -85 -86 -87 -87 -89 -89 -90 -91 -92 -93 -94 -94 -95 -95 -96 -96 -97 -97 -97 -98 -98 -98 -98 -98 -98 -99 -99 -99 -100 -100 -100 -100 -100 -100 -100 -100 -100 -100 -100 -100 -100 -100 -62 -29 -28 -30 -31 -32 -34 -34 -53 -72 -88 -102 -109 -110 -110 -110 -112 -114 -114
-66 -68 -69 -71 -71 -70 -71 -71 -70 -69 -68 -68 -70 -72 -76 -79 -82 -85 -87 -89 -87 -85 -84 -83 -83 -82 -81 -81 -81 -82 -83 -84 -85 -86 -87 -88 -88 -89 -90 -91 -92 -93 -94 -94 -95 -96 -96 -96 -97 -97 -98 -98 -98 -98 -99 -100 -100 -100 -99 -99 -100 -100 -101 -101 -101 -101 -101 -100 -100 -100 -100 -100 -99 -63 -27 -27 -29 -30 -31 -31 -31 -32 -34 -34 -35 -38 -51 -79 -90 -91 -104 -112 -113
-67 -68 -69 -69 -70 -70 -70 -69 -68 -67 -66 -66 -67 -71 -75 -80 -84 -85 -87 -89 -88 -87 -84 -83 -81 -80 -81 -81 -81 -82 -82 -83 -84 -85 -87 -88 -89 -90 -91 -92 -93 -93 -93 -94 -95 -95 -96 -96 -97 -97 -97 -98 -99 -99 -99 -99 -99 -100 -99 -99 -99 -100 -100 -101 -101 -101 -101 -100 -100 -100 -100 -96 -81 -31 -27 -27 -28 -28 -29 -30 -30 -31 -32 -33 -35 -34 -34 -35 -37 -38 -39 -43 -55
-65 -66 -67 -68 -69 -69 -69 -69 -69 -68 -67 -66 -67 -70 -74 -78 -82 -84 -87 -89 -88 -86 -84 -82 -80 -81 -81 -82 -81 -82 -82 -84 -85 -86 -86 -88 -89 -90 -91 -92 -93 -93 -94 -94 -95 -95 -96 -97 -97 -97 -98 -98 -98 -98 -99 -99 -99 -99 -100 -100 -100 -100 -100 -101 -101 -101 -101 -101 -100 -100 -98 -62 -26 -26 -26 -27 -27 -27 -27 -28 -30 -30 -32 -33 -34 -33 -33 -35 -36 -38 -38 -39 -39
-65 -67 -69 -70 -71 -72 -71 -70 -72 -72 -70 -68 -69 -70 -73 -77 -81 -85 -86 -87 -87 -85 -83 -82 -80 -80 -82 -83 -83 -83 -83 -84 -85 -86 -87 -88 -89 -90 -91 -92 -93 -93 -94 -95 -96 -96 -97 -97 -97 -98 -98 -98 -99 -100 -100 -100 -100 -101 -101 -101 -101 -101 -101 -100 -100 -100 -100 -100 -100 -100 -93 -40 -24 -26 -26 -26 -26 -26 -26 -28 -29 -30 -31 -32 -32 -32 -32 -33 -35 -36 -37 -38 -38
-65 -67 -69 -72 -72 -73 -72 -71 -71 -72 -71 -70 -70 -71 -72 -76 -81 -83 -85 -85 -85 -84 -83 -82 -81 -82 -82 -83 -84 -84 -84 -85 -85 -86 -87 -88 -89 -90 -91 -92 -93 -94 -95 -96 -97 -97 -97 -98 -98 -98 -99 -99 -100 -100 -101 -100 -100 -101 -100 -101 -101 -101 -100 -99 -99 -99 -99 -99 -99 -99 -89 -43 -25 -24 -24 -25 -24 -25 -26 -27 -28 -29 -30 -31 -31 -30 -32 -34 -34 -35 -36 -35 -36
-64 -66 -69 -70 -70 -71 -72 -72 -71 -71 -72 -72 -72 -73 -74 -75 -77 -80 -82 -84 -84 -84 -83 -83 -82 -83 -83 -83 -84 -84 -84 -85 -86 -86 -87 -89 -90 -91 -92 -93 -94 -95 -96 -97 -98 -97 -98 -98 -99 -99 -99 -100 -100 -100 -101 -101 -101 -101 -101 -101 -101 -100 -100 -99 -99 -99 -99 -99 -98 -99 -60 -24 -24 -24 -23 -23 -24 -25 -26 -25 -26 -26 -27 -28 -28 -29 -31 -32 -33 -32 -33 -35 -35
