resultados/variables_proyeccion_tiempo/variables_paleo_130k/bio9.asc
ncols 330
nrows 228
xllcorner -12.000000
yllcorner 34.000000
cellsize 0.166667
NODATA_value -9999
[rows 123 to 163 of 228, columns 93 to 185 of 330]
45 44 45 45 44 43 43 42 41 39 38 38 38 39 40 41 41 42 42 42 39 36 33 31 29 24 22 19 15 12 9 10 15 20 18 10 -8 -23 -37 -41 -43 -44 -44 -45 -52 -52 -49 -51 -50 -44 -34 -32 -34 -35 -37 -37 -38 -38 -36 -36 -37 -38 -39 -41 -42 -43 -44 -46 -47 -50 -52 -54 -56 -58 -60 -61 -61 -58 -57 -56 -54 -53 -55 -55 -56 -56 -59 -57 -57 -59 -59 -60 -60
46 46 47 47 47 46 45 44 43 41 39 39 39 40 41 42 41 42 42 42 38 31 25 20 18 16 16 11 10 1 -3 8 14 15 14 -9 -21 -20 -35 -39 -46 -43 -42 -47 -55 -51 -51 -52 -51 -50 -38 -33 -34 -36 -37 -39 -40 -40 -39 -38 -39 -40 -43 -46 -45 -45 -45 -47 -48 -52 -56 -58 -61 -63 -63 -62 -60 -58 -56 -55 -54 -55 -55 -55 -56 -56 -57 -57 -57 -58 -58 -58 -59
48 48 48 49 49 48 48 46 45 43 41 39 39 41 42 43 41 41 41 41 41 34 27 23 18 13 14 11 4 2 6 14 12 12 -13 -30 -33 -37 -40 -42 -41 -43 -40 -46 -53 -51 -53 -52 -52 -48 -40 -37 -37 -37 -39 -42 -44 -44 -45 -45 -44 -41 -47 -51 -55 -54 -54 -52 -50 -54 -59 -64 -66 -70 -70 -68 -63 -60 -57 -54 -52 -51 -52 -53 -54 -55 -56 -56 -57 -58 -59 -59 -59
48 48 48 50 50 50 48 47 45 44 43 42 40 41 40 40 41 41 41 39 40 38 32 27 24 18 17 15 5 9 14 19 18 4 -30 -28 -36 -37 -41 -39 -41 -40 -44 -48 -58 -59 -59 -56 -52 -44 -42 -41 -42 -41 -43 -46 -48 -50 -54 -56 -57 -55 -51 -54 -55 -58 -60 -55 -54 -61 -73 -77 -74 -76 -78 -75 -67 -62 -58 -56 -52 -51 -51 -52 -52 -53 -54 -55 -57 -59 -59 -59 -59
48 48 49 49 50 47 47 45 45 43 42 40 39 39 36 35 32 33 36 37 37 38 34 29 27 24 16 10 15 13 18 21 11 -21 -35 -39 -38 -40 -42 -41 -43 -42 -35 -42 -54 -59 -57 -52 -47 -45 -46 -44 -46 -45 -47 -52 -54 -57 -61 -66 -72 -73 -68 -63 -57 -57 -57 -56 -61 -66 -76 -82 -91 -90 -82 -78 -78 -72 -62 -59 -55 -53 -52 -52 -52 -52 -53 -54 -56 -58 -59 -59 -60
48 49 48 48 47 46 45 43 41 40 40 37 38 34 30 20 15 20 23 26 27 31 33 27 25 21 14 13 18 23 23 17 -11 -23 -13 -40 -39 -41 -38 -30 -41 -42 -47 -43 -43 -50 -51 -49 -50 -51 -51 -50 -50 -53 -56 -59 -64 -65 -72 -70 -62 -57 -61 -58 -57 -54 -52 -52 -54 -56 -62 -69 -73 -76 -76 -77 -74 -71 -70 -60 -58 -56 -55 -53 -53 -54 -53 -54 -56 -57 -58 -60 -61
50 49 48 48 45 44 43 41 41 37 35 34 34 28 23 18 13 12 14 17 19 15 26 33 32 22 24 28 24 20 18 -14 -22 -29 -27 -40 -40 -38 -14 -33 -40 -42 -45 -47 -48 -36 -39 -29 -18 -18 -10 -45 -55 -65 -71 -73 -75 -69 -62 -55 -53 -55 -56 -51 -48 -46 -50 -50 -48 -51 -55 -58 -63 -66 -66 -65 -72 -76 -62 -64 -65 -56 -55 -55 -55 -54 -53 -54 -57 -57 -59 -61 -62
46 45 44 43 42 41 38 39 40 37 36 35 28 20 21 20 18 15 16 15 14 17 26 29 27 24 20 21 20 11 9 -17 -20 -23 -29 -34 -37 -39 -37 -38 -38 -40 -42 -43 -45 -45 -44 -40 -8 -3 -2 -10 -49 -59 -60 -59 -59 -68 -61 -54 -56 -59 -60 -52 -47 -43 -41 -43 -44 -46 -49 -53 -55 -57 -57 -59 -65 -79 -71 -73 -81 -76 -71 -69 -61 -57 -56 -55 -55 -57 -59 -60 -63
45 43 43 41 40 40 40 40 37 37 33 24 26 24 22 22 20 22 20 20 22 26 25 20 16 22 18 20 22 12 -16 -15 -16 -22 -29 -35 -34 -32 -33 -35 -36 -39 -40 -42 -41 -45 -44 -41 -29 -5 -6 -24 -54 -53 -57 -68 -67 -66 -62 -61 -60 -59 -58 -55 -50 -44 -44 -44 -44 -45 -47 -50 -52 -53 -55 -56 -59 -64 -69 -74 -72 -78 -90 -75 -67 -59 -57 -56 -55 -58 -60 -61 -62
45 44 43 42 39 35 35 34 33 30 28 25 24 24 26 28 29 29 28 28 32 25 17 20 16 21 31 29 24 -13 -16 -19 -18 -19 -26 -33 -29 -29 -31 -32 -31 -36 -40 -38 -38 -45 -43 -42 -38 -25 -18 -23 -54 -56 -61 -65 -66 -64 -61 -58 -56 -58 -55 -50 -49 -45 -47 -49 -50 -53 -51 -49 -55 -57 -55 -58 -58 -63 -62 -65 -59 -65 -73 -73 -69 -62 -59 -58 -56 -57 -59 -61 -62
47 47 45 43 42 41 41 41 38 35 44 44 29 29 33 34 32 32 32 29 22 13 17 22 24 26 25 27 20 -12 -13 -10 -20 -24 -24 -27 -25 -29 -29 -29 -30 -37 -38 -36 -35 -36 -42 -42 -39 -42 -43 -44 -52 -24 -53 -60 -59 -57 -54 -54 -57 -62 -62 -55 -49 -46 -47 -51 -51 -53 -57 -58 -60 -64 -67 -69 -66 -64 -64 -61 -57 -53 -57 -70 -70 -66 -62 -57 -57 -60 -61 -66 -75
48 48 48 47 47 47 44 41 41 42 40 37 35 34 34 35 36 34 31 23 22 21 20 22 23 22 21 27 -3 -10 -11 -9 -14 -24 -27 -27 -27 -27 -29 -30 -33 -34 -36 -36 -33 -33 -38 -41 -42 -42 -43 -46 -32 -20 -31 -47 -57 -55 -54 -56 -57 -64 -60 -55 -51 -53 -55 -54 -57 -57 -57 -59 -59 -62 -67 -70 -67 -66 -61 -63 -62 -53 -51 -58 -64 -60 -57 -62 -66 -72 -80 -74 -81
47 48 49 49 48 47 47 45 43 40 40 40 38 35 32 36 41 35 34 33 31 27 26 26 24 23 21 20 -9 -8 -8 -11 -18 -21 -22 -22 -24 -27 -31 -34 -36 -37 -38 -36 -34 -32 -36 -42 -45 -46 -44 -40 -37 -12 -11 -11 -15 -9 -13 -25 -39 -57 -56 -52 -52 -53 -53 -53 -60 -60 -60 -63 -61 -61 -62 -62 -61 -60 -57 -65 -64 -53 -50 -50 -54 -62 -62 -68 -77 -81 -78 -75 -80
47 46 47 48 47 47 45 47 44 41 40 38 41 40 39 38 40 37 34 35 33 30 29 27 24 22 21 3 -7 -6 -7 -11 -13 -14 -14 -17 -22 -28 -32 -34 -37 -38 -38 -38 -37 -35 -38 -41 -46 -47 -46 -46 -44 -27 -22 -4 -0 -7 -12 -8 -6 -29 -53 -51 -52 -50 -51 -51 -56 -58 -62 -61 -63 -60 -58 -57 -58 -54 -52 -57 -54 -53 -53 -52 -53 -58 -65 -69 -74 -73 -68 -67 -78
46 45 44 46 48 47 46 45 44 42 38 39 37 41 38 38 39 36 33 34 33 33 29 27 27 27 14 -7 -5 -4 -7 -10 -13 -12 -13 -21 -27 -27 -31 -34 -36 -37 -38 -39 -39 -41 -41 -42 -44 -47 -46 -44 -32 -5 2 -0 -1 -13 -16 -23 -22 -13 -35 -54 -50 -50 -52 -50 -53 -57 -61 -56 -57 -57 -55 -53 -49 -49 -46 -47 -50 -51 -55 -49 -52 -56 -62 -67 -61 -62 -70 -82 -73
45 43 44 49 49 49 46 45 45 43 39 38 38 40 36 39 39 36 36 35 35 33 30 22 6 -3 -5 -4 -3 -9 -12 -15 -14 -13 -13 -18 -25 -30 -31 -34 -37 -36 -35 -40 -41 -42 -41 -42 -43 -43 -43 -43 -43 -43 -33 7 2 -5 -6 -16 -21 -19 -15 -37 -59 -51 -53 -52 -53 -58 -57 -55 -53 -52 -50 -46 -43 -43 -43 -45 -45 -45 -46 -49 -57 -62 -60 -55 -64 -73 -75 -73 -75
46 47 49 47 47 47 49 48 46 43 38 37 38 39 40 36 37 37 37 37 34 33 28 -1 -5 -3 -1 -2 -6 -3 -2 -21 -19 -19 -17 -19 -22 -26 -36 -38 -39 -38 -35 -35 -36 -36 -35 -36 -37 -40 -43 -45 -46 -46 -42 -4 16 14 7 8 -0 -12 -16 -37 -63 -60 -60 -61 -56 -57 -57 -57 -53 -51 -45 -41 -39 -39 -43 -42 -42 -43 -48 -54 -57 -51 -53 -60 -53 -61 -59 -72 -83
50 52 52 50 49 48 49 49 47 43 38 37 36 36 37 35 36 37 37 35 32 25 16 -2 -2 -0 -0 -4 4 3 -15 -20 -19 -20 -19 -24 -32 -35 -37 -35 -32 -31 -31 -32 -33 -34 -35 -37 -40 -42 -44 -44 -45 -46 -45 -18 13 16 14 14 9 -3 -28 -52 -67 -62 -68 -73 -67 -62 -60 -56 -51 -46 -41 -40 -41 -42 -41 -41 -40 -42 -45 -50 -50 -45 -51 -49 -49 -55 -71 -62 -65
52 51 52 50 50 50 50 48 44 40 38 35 34 36 33 35 36 35 35 33 29 18 15 5 2 2 -1 -8 -3 -6 -20 -18 -18 -23 -29 -33 -37 -35 -33 -30 -30 -31 -32 -33 -32 -34 -37 -38 -40 -40 -40 -44 -46 -47 -47 -43 -17 12 17 18 6 -22 -48 -51 -61 -57 -58 -64 -69 -71 -67 -56 -45 -38 -37 -37 -36 -38 -38 -38 -38 -43 -54 -47 -43 -43 -45 -45 -51 -52 -60 -61 -67
52 50 49 53 51 49 46 44 39 39 38 36 35 35 35 35 34 34 32 28 26 18 17 3 4 3 -5 -9 -3 -0 -15 -21 -24 -29 -29 -30 -29 -28 -29 -30 -31 -32 -32 -32 -32 -34 -35 -36 -38 -40 -41 -44 -45 -43 -43 -42 -41 -35 -40 -26 -39 -45 -44 -41 -41 -42 -43 -47 -53 -56 -49 -47 -44 -39 -38 -40 -40 -33 -34 -36 -38 -47 -43 -41 -41 -41 -42 -42 -42 -44 -44 -48 -50
51 52 52 52 49 47 44 43 42 39 37 35 37 35 36 35 33 29 27 18 7 8 16 2 -3 -2 -2 -2 3 10 -6 -21 -24 -24 -24 -24 -27 -29 -32 -32 -33 -33 -34 -33 -33 -33 -35 -37 -39 -41 -42 -42 -41 -45 -43 -40 -40 -42 -48 -50 -50 -46 -44 -45 -45 -44 -46 -45 -46 -45 -47 -48 -49 -52 -52 -49 -40 -33 -35 -36 -39 -39 -40 -41 -40 -39 -38 -38 -39 -41 -39 -40 -42
58 56 53 50 47 47 47 44 41 38 38 37 40 40 42 40 38 31 23 18 9 9 21 6 2 -3 -5 -4 1 -1 -19 -22 -19 -19 -22 -25 -25 -29 -35 -34 -36 -39 -37 -36 -35 -32 -35 -37 -41 -43 -39 -36 -40 -42 -43 -41 -35 -43 -49 -52 -51 -51 -55 -57 -57 -59 -61 -59 -64 -65 -69 -70 -65 -67 -61 -51 -38 -36 -38 -35 -37 -39 -41 -41 -39 -38 -37 -36 -36 -38 -36 -38 -51
57 54 52 51 49 46 44 41 39 37 38 42 42 43 43 43 40 38 33 23 24 34 31 8 4 -4 -5 -6 -13 -19 -19 -12 -11 -10 -12 -19 -21 -29 -32 -39 -41 -42 -39 -38 -36 -33 -32 -36 -44 -49 -52 -44 -54 -52 -59 -60 -47 -43 -57 -52 -52 -54 -62 -68 -73 -77 -70 -72 -74 -83 -81 -82 -85 -81 -66 -47 -44 -39 -35 -33 -35 -37 -39 -39 -38 -37 -36 -35 -34 -37 -35 -36 -42
56 56 52 51 50 47 43 40 39 42 45 47 47 48 47 42 40 41 37 37 38 37 36 16 7 -0 -6 -10 -7 -10 -9 -9 -10 -12 -11 -12 -15 -24 -34 -46 -44 -52 -49 -46 -58 -50 -51 -54 -59 -65 -67 -53 -57 -57 -74 -71 -75 -77 -71 -64 -63 -65 -71 -82 -84 -80 -85 -80 -88 -90 -86 -82 -75 -83 -81 -61 -57 -45 -39 -35 -35 -36 -37 -37 -37 -37 -36 -35 -35 -38 -36 -35 -39
55 53 50 46 47 46 42 37 39 47 51 51 51 49 46 45 42 37 34 32 28 27 23 22 2 -6 -10 -6 -5 -9 -9 -12 -18 -17 -21 -27 -19 -29 -39 -59 -53 -71 -66 -66 -69 -72 -65 -91 -85 -63 -55 -62 -71 -75 -79 -74 -85 -89 -67 -75 -90 -90 -82 -87 -98 -97 -98 -93 -82 -73 -70 -73 -81 -71 -67 -54 -52 -47 -38 -35 -34 -34 -35 -35 -36 -38 -39 -38 -38 -38 -32 -31 -31
54 53 43 37 41 44 43 40 44 53 53 53 51 50 49 41 35 27 21 17 10 5 8 11 0 -4 -6 -10 -11 -6 -11 -8 -13 -27 -39 -40 -20 -42 -63 -75 -80 -83 -82 -63 -63 -78 -68 -58 -74 -94 -74 -98 -90 -87 -87 -84 -82 -80 -84 -99 -103 -104 -106 -101 -94 -88 -85 -77 -74 -84 -69 -68 -65 -56 -48 -43 -40 -39 -36 -34 -33 -33 -33 -34 -40 -47 -45 -39 -32 -30 -30 -28 -28
53 53 46 36 46 48 44 42 52 54 55 54 52 50 43 34 26 14 9 1 3 13 28 26 -3 -14 -18 -13 -8 -7 -20 -35 -43 -35 -52 -35 -52 -67 -54 -80 -92 -84 -73 -87 -93 -105 -99 -83 -105 -104 -106 -116 -126 -120 -114 -124 -111 -103 -112 -112 -95 -86 -89 -87 -82 -78 -93 -81 -87 -63 -55 -51 -50 -45 -42 -38 -37 -35 -33 -32 -33 -31 -31 -34 -40 -42 -37 -31 -30 -28 -28 -28 -28
55 55 47 45 50 43 47 52 56 56 55 54 52 45 31 20 16 11 15 13 31 29 25 21 14 -11 -28 -37 -26 -37 -31 -54 -70 -66 -76 -64 -37 -59 -79 -93 -100 -87 -91 -112 -109 -106 -103 -80 -98 -106 -85 -112 -115 -107 -92 -105 -90 -94 -89 -88 -81 -101 -96 -79 -71 -68 -83 -78 -78 -79 -50 -43 -43 -42 -40 -38 -36 -34 -33 -32 -30 -30 -32 -31 -34 -32 -29 -27 -28 -28 -27 -28 -27
56 56 52 52 49 51 50 54 57 56 55 54 47 35 28 67 83 66 30 25 23 17 5 -7 4 -12 -30 -43 -53 -73 -66 -78 -74 -62 -48 -38 -65 -77 -96 -91 -87 -94 -83 -115 -111 -89 -69 -89 -70 -71 -67 -83 -89 -90 -88 -79 -70 -77 -69 -65 -54 -69 -75 -60 -61 -57 -67 -61 -67 -78 -46 -42 -38 -36 -34 -33 -34 -31 -31 -31 -29 -28 -27 -26 -26 -28 -30 -30 -28 -27 -26 -28 -27
55 56 52 53 52 49 50 53 50 50 53 51 38 40 118 155 145 46 31 20 10 -0 -22 -20 -22 -35 -51 -65 -75 -85 -79 -85 -79 -92 -81 -74 -71 -93 -91 -93 -90 -90 -78 -75 -70 -53 -42 -63 -62 -92 -91 -92 -93 -79 -80 -78 -70 -61 -63 -59 -55 -53 -50 -48 -49 -54 -52 -56 -54 -56 -55 -52 -42 -33 -32 -29 -28 -27 -28 -29 -28 -27 -24 -25 -25 -28 -28 -28 -27 -27 -26 -26 -25
47 40 35 30 33 32 31 31 25 24 27 42 38 82 148 138 51 42 36 55 23 -7 -22 -39 -48 -58 -66 -64 -80 -90 -66 -67 -41 -76 -72 -74 -83 -92 -106 -92 -88 -81 -114 -94 -68 -42 -25 -54 -78 -87 -77 -79 -68 -62 -72 -56 -40 -32 -44 -66 -60 -70 -69 -54 -62 -70 -73 -69 -61 -46 -61 -58 -38 -29 -28 -29 -28 -27 -24 -25 -24 -25 -23 -24 -24 -24 -24 -24 -26 -28 -26 -24 -24
25 20 24 23 19 14 15 23 25 23 22 28 55 163 139 46 42 80 106 103 54 19 6 -9 -30 -52 -52 -71 -56 -62 -46 -34 -36 -32 -49 -16 -63 -70 -59 -52 -46 -70 -88 -68 -68 -17 -29 -63 -72 -73 -69 -51 -45 -52 -47 -23 -19 -2 -19 -32 -33 -53 -48 -52 -35 -33 -45 -51 -44 -35 -31 -31 -30 -32 -31 -32 -28 -26 -26 -22 -21 -21 -21 -20 -23 -25 -26 -25 -28 -31 -27 -23 -24
17 6 18 25 16 7 14 26 23 22 21 32 150 140 112 126 115 83 88 108 91 32 -1 -15 -56 -66 -76 -71 -24 -40 -30 -6 -12 -26 -11 -20 -30 -42 -49 -53 -50 -57 -86 -38 -36 -14 -28 -48 -48 -39 -29 -11 -19 -35 -8 11 15 15 15 10 -3 -19 -26 -30 -29 -21 -21 -30 -33 -37 -30 -35 -27 -21 -21 -25 -25 -26 -24 -23 -21 -17 -17 -17 -19 -19 -22 -25 -28 -26 -26 -23 -23
12 -0 8 20 14 9 21 26 23 23 24 55 169 119 120 120 143 157 126 98 76 69 33 3 -43 -73 -71 -49 -37 -14 -2 -3 -1 -10 -7 -18 -21 -27 -24 -25 -21 -57 -36 -32 -5 -15 -41 -46 -46 -23 -9 -3 12 17 21 22 22 24 24 23 20 1 -14 -27 -19 -23 -22 -23 -19 -19 -18 -15 -17 -15 -26 -26 -22 -20 -20 -18 -18 -17 -14 -13 -15 -16 -17 -19 -22 -22 -22 -21 -22
18 -7 5 23 21 10 14 25 28 27 24 28 85 71 123 184 143 125 147 109 94 58 -6 -20 -36 -52 -59 -35 -15 -7 -0 1 2 3 9 17 14 10 2 4 -17 -14 -16 -0 -20 -32 -19 1 2 15 18 17 20 22 23 25 26 28 28 29 26 16 8 -15 -19 -26 -33 -26 -21 -17 -22 -29 -25 -14 -13 -17 -18 -19 -18 -18 -14 -12 -13 -14 -14 -14 -15 -17 -18 -19 -20 -22 -21
-1 1 -15 18 23 9 13 26 28 23 24 99 139 199 182 178 111 120 125 105 97 82 51 22 -49 -29 -29 -9 -1 -0 0 2 5 8 15 26 27 27 23 18 9 9 20 13 2 -11 1 19 24 25 24 23 23 23 25 27 28 29 -9999 -9999 33 32 8 -3 -8 -42 -36 -25 -20 -26 -3 -8 -5 -7 -13 -17 -17 -17 -16 -18 -12 -9 -13 -30 -28 -21 -16 -16 -17 -18 -19 -21 -21
-5 5 -6 4 14 6 3 27 26 22 141 212 210 196 188 198 159 142 125 111 100 92 45 -15 -20 -5 2 2 5 5 5 6 9 10 16 28 28 27 25 23 21 20 21 22 25 26 25 24 24 27 27 26 24 24 25 -9999 -9999 -9999 -9999 37 35 27 23 3 31 97 5 -25 -23 -17 -4 -2 -3 -8 -11 -12 -17 -16 -12 -11 -10 -11 -22 -29 -20 -22 -23 -20 -18 -17 -18 -19 -20
5 -5 3 11 4 -9 7 27 67 157 211 215 200 196 192 137 150 132 104 101 102 87 25 -12 1 4 6 7 8 15 88 140 165 150 156 102 39 27 25 23 22 22 23 25 27 28 28 28 28 27 28 28 28 -9999 -9999 -9999 -9999 -9999 -9999 -9999 38 28 46 215 119 259 197 34 -37 1 21 -1 -4 -8 -7 -13 -20 -19 -12 -8 -7 -7 -9 -10 -15 -14 -18 -19 -16 -15 -15 -16 -17
7 0 10 -4 -6 -5 10 110 226 228 223 191 177 208 156 150 118 115 114 109 80 39 5 3 8 7 6 7 25 175 247 249 251 254 254 257 250 158 121 103 58 23 25 26 28 28 29 29 28 29 29 29 29 30 -9999 -9999 -9999 -9999 -9999 -9999 144 201 232 252 244 252 254 245 132 180 144 169 66 -8 -10 -14 -12 -9 -13 -13 -18 -10 -5 -5 -9 -12 -10 -12 -13 -11 -12 -12 -13
-3 -5 -0 -13 -11 5 59 183 235 219 187 171 176 191 164 130 103 107 133 126 114 73 3 14 15 13 11 113 232 245 246 247 245 237 222 223 249 256 258 258 257 235 173 75 33 30 30 29 28 29 29 30 30 31 31 -9999 -9999 -9999 -9999 -9999 -9999 243 241 255 254 252 253 248 207 173 211 182 177 152 10 -11 -9 -9 -11 -5 -12 -17 -8 -7 -10 -9 -12 -13 -16 -11 -9 -8 -8
-16 -4 -10 -12 17 68 205 234 232 221 208 190 172 174 168 163 136 117 119 132 123 94 24 101 113 133 153 243 241 240 242 239 230 195 117 160 180 187 236 249 251 254 257 260 248 166 71 31 30 30 31 31 31 32 -9999 -9999 -9999 -9999 -9999 -9999 -9999 -9999 243 -9999 260 255 258 253 126 120 209 202 189 144 155 -13 -27 -26 -14 -10 -14 -15 -12 -13 -13 -11 -10 -10 -17 -14 -17 -12 -9
