resultados/variables_proyeccion_tiempo/variables_presente/bio15.asc
ncols 330
nrows 228
xllcorner -12.000000
yllcorner 34.000000
cellsize 0.166667
NODATA_value -9999
[rows 0 to 47 of 228, columns 192 to 287 of 330]
-9999 -9999 -9999 -9999 -9999 -9999 -9999 -9999 -9999 -9999 -9999 -9999 -9999 -9999 -9999 -9999 -9999 -9999 -9999 -9999 -9999 -9999 -9999 -9999 -9999 -9999 -9999 -9999 -9999 -9999 -9999 -9999 -9999 -9999 -9999 -9999 -9999 -9999 -9999 -9999 -9999 -9999 -9999 -9999 -9999 -9999 -9999 -9999 -9999 -9999 -9999 -9999 -9999 -9999 -9999 -9999 -9999 -9999 -9999 -9999 -9999 -9999 -9999 -9999 -9999 -9999 -9999 -9999 -9999 -9999 -9999 -9999 -9999 -9999 -9999 -9999 -9999 -9999 -9999 -9999 -9999 -9999 -9999 -9999 -9999 -9999 -9999 -9999 -9999 -9999 -9999 -9999 -9999 -9999 -9999 -9999
-9999 -9999 -9999 -9999 -9999 -9999 -9999 -9999 -9999 -9999 -9999 -9999 -9999 -9999 -9999 -9999 -9999 -9999 -9999 -9999 -9999 -9999 -9999 -9999 -9999 -9999 -9999 -9999 -9999 -9999 -9999 -9999 -9999 -9999 -9999 -9999 -9999 -9999 -9999 -9999 -9999 -9999 -9999 -9999 -9999 -9999 -9999 -9999 -9999 -9999 -9999 -9999 -9999 -9999 -9999 -9999 -9999 -9999 -9999 -9999 -9999 -9999 -9999 -9999 -9999 -9999 -9999 -9999 -9999 -9999 -9999 -9999 -9999 -9999 -9999 -9999 -9999 -9999 -9999 -9999 -9999 -9999 -9999 -9999 -9999 -9999 -9999 -9999 -9999 -9999 -9999 -9999 -9999 -9999 -9999 -9999
-9999 -9999 -9999 -9999 -9999 -9999 -9999 -9999 -9999 -9999 -9999 -9999 -9999 -9999 -9999 -9999 -9999 -9999 -9999 -9999 -9999 -9999 -9999 -9999 -9999 -9999 -9999 -9999 -9999 -9999 -9999 -9999 -9999 -9999 -9999 -9999 -9999 -9999 -9999 -9999 -9999 -9999 -9999 -9999 -9999 -9999 -9999 -9999 -9999 -9999 -9999 -9999 -9999 -9999 -9999 -9999 -9999 -9999 -9999 -9999 -9999 -9999 -9999 -9999 -9999 -9999 -9999 -9999 -9999 -9999 -9999 -9999 -9999 -9999 -9999 -9999 -9999 -9999 -9999 -9999 -9999 -9999 -9999 -9999 -9999 -9999 -9999 -9999 -9999 -9999 -9999 -9999 -9999 -9999 -9999 -9999
-9999 -9999 -9999 -9999 -9999 -9999 -9999 -9999 -9999 -9999 -9999 -9999 -9999 -9999 -9999 -9999 -9999 -9999 -9999 -9999 -9999 -9999 -9999 -9999 -9999 -9999 -9999 -9999 -9999 -9999 -9999 -9999 -9999 -9999 -9999 -9999 -9999 -9999 -9999 -9999 -9999 -9999 -9999 -9999 -9999 -9999 -9999 -9999 -9999 -9999 -9999 -9999 -9999 -9999 -9999 -9999 -9999 -9999 -9999 -9999 -9999 -9999 -9999 -9999 -9999 -9999 -9999 -9999 -9999 -9999 -9999 -9999 -9999 -9999 -9999 -9999 -9999 -9999 -9999 -9999 -9999 -9999 -9999 -9999 -9999 -9999 -9999 -9999 -9999 -9999 -9999 -9999 -9999 -9999 -9999 -9999
-9999 -9999 -9999 -9999 -9999 -9999 -9999 -9999 -9999 -9999 -9999 -9999 -9999 -9999 -9999 -9999 -9999 -9999 -9999 -9999 -9999 -9999 -9999 -9999 -9999 -9999 -9999 -9999 -9999 -9999 -9999 -9999 -9999 -9999 -9999 -9999 -9999 -9999 -9999 -9999 -9999 -9999 -9999 -9999 -9999 -9999 -9999 -9999 -9999 -9999 -9999 -9999 -9999 -9999 -9999 -9999 -9999 -9999 -9999 -9999 -9999 -9999 -9999 -9999 -9999 -9999 -9999 -9999 -9999 -9999 -9999 -9999 -9999 -9999 -9999 -9999 -9999 -9999 -9999 -9999 -9999 -9999 -9999 -9999 -9999 -9999 -9999 -9999 -9999 -9999 -9999 -9999 -9999 -9999 -9999 -9999
-9999 -9999 -9999 -9999 -9999 -9999 -9999 -9999 -9999 -9999 -9999 -9999 -9999 -9999 -9999 -9999 -9999 -9999 -9999 -9999 -9999 -9999 -9999 -9999 -9999 -9999 -9999 -9999 17 -9999 -9999 -9999 -9999 19 20 -9999 -9999 -9999 -9999 -9999 -9999 -9999 -9999 -9999 -9999 26 -9999 -9999 -9999 -9999 -9999 -9999 -9999 -9999 -9999 -9999 -9999 -9999 -9999 -9999 -9999 -9999 -9999 -9999 -9999 -9999 -9999 -9999 -9999 -9999 -9999 -9999 -9999 -9999 -9999 -9999 -9999 -9999 -9999 -9999 -9999 -9999 -9999 -9999 -9999 -9999 -9999 -9999 -9999 -9999 -9999 -9999 -9999 -9999 -9999 -9999
-9999 -9999 -9999 -9999 -9999 -9999 -9999 -9999 -9999 -9999 -9999 -9999 -9999 -9999 -9999 -9999 -9999 -9999 -9999 -9999 -9999 -9999 -9999 -9999 -9999 -9999 -9999 -9999 16 -9999 17 -9999 19 -9999 -9999 -9999 -9999 -9999 -9999 27 -9999 -9999 -9999 -9999 28 27 27 27 26 -9999 -9999 -9999 -9999 -9999 -9999 -9999 -9999 -9999 -9999 -9999 -9999 -9999 -9999 -9999 -9999 -9999 -9999 -9999 -9999 -9999 -9999 -9999 -9999 -9999 -9999 -9999 -9999 -9999 -9999 -9999 -9999 -9999 -9999 -9999 -9999 -9999 -9999 -9999 -9999 -9999 -9999 -9999 -9999 -9999 -9999 -9999
-9999 -9999 -9999 -9999 -9999 -9999 -9999 -9999 -9999 -9999 -9999 -9999 -9999 -9999 -9999 -9999 -9999 -9999 -9999 19 -9999 -9999 -9999 -9999 -9999 -9999 -9999 17 16 16 18 19 21 22 -9999 -9999 -9999 27 27 -9999 -9999 -9999 -9999 -9999 29 29 29 28 -9999 -9999 -9999 26 25 24 24 24 -9999 -9999 -9999 -9999 -9999 -9999 -9999 -9999 -9999 -9999 -9999 -9999 -9999 -9999 -9999 -9999 -9999 -9999 -9999 -9999 -9999 -9999 -9999 -9999 -9999 -9999 -9999 -9999 -9999 -9999 -9999 -9999 -9999 -9999 -9999 -9999 -9999 -9999 -9999 -9999
-9999 -9999 -9999 -9999 -9999 -9999 -9999 -9999 -9999 -9999 -9999 -9999 -9999 -9999 18 18 18 18 -9999 -9999 -9999 -9999 17 17 -9999 16 15 17 17 18 19 -9999 -9999 -9999 -9999 -9999 29 29 30 -9999 -9999 -9999 32 32 31 30 30 30 -9999 -9999 -9999 27 26 26 25 24 23 23 22 21 20 -9999 -9999 -9999 -9999 -9999 -9999 -9999 -9999 -9999 -9999 -9999 -9999 -9999 -9999 -9999 -9999 -9999 -9999 -9999 -9999 -9999 -9999 -9999 -9999 -9999 -9999 -9999 -9999 -9999 -9999 -9999 -9999 -9999 -9999 -9999
-9999 -9999 -9999 -9999 -9999 -9999 -9999 -9999 -9999 -9999 -9999 -9999 -9999 -9999 -9999 -9999 -9999 -9999 16 -9999 16 -9999 16 16 15 16 16 17 18 20 -9999 -9999 -9999 -9999 30 31 31 32 33 -9999 -9999 34 34 33 33 32 32 32 32 -9999 30 29 28 27 27 26 25 24 23 22 21 20 19 19 18 -9999 -9999 -9999 -9999 -9999 -9999 -9999 -9999 -9999 -9999 -9999 -9999 -9999 -9999 -9999 -9999 -9999 -9999 -9999 -9999 -9999 -9999 -9999 -9999 -9999 -9999 -9999 -9999 -9999 -9999 -9999
-9999 -9999 -9999 -9999 -9999 -9999 -9999 -9999 -9999 -9999 -9999 18 -9999 -9999 -9999 -9999 -9999 -9999 -9999 -9999 -9999 16 16 16 16 17 17 19 20 22 -9999 -9999 -9999 31 32 33 34 35 35 36 36 36 36 36 35 35 34 34 33 32 32 31 30 29 29 28 27 26 25 24 23 22 21 -9999 -9999 -9999 -9999 -9999 -9999 -9999 -9999 -9999 -9999 -9999 -9999 -9999 -9999 -9999 -9999 -9999 -9999 -9999 -9999 -9999 -9999 -9999 -9999 -9999 -9999 -9999 -9999 -9999 -9999 -9999 -9999 -9999
-9999 -9999 21 21 21 -9999 -9999 -9999 -9999 -9999 19 -9999 19 19 18 -9999 -9999 18 -9999 17 17 17 16 17 17 18 19 21 23 -9999 -9999 30 31 33 35 35 36 35 36 37 38 38 38 38 37 37 36 36 35 34 34 33 -9999 -9999 -9999 -9999 -9999 -9999 27 27 -9999 -9999 -9999 -9999 -9999 -9999 -9999 -9999 -9999 -9999 -9999 -9999 -9999 -9999 -9999 -9999 -9999 -9999 -9999 -9999 -9999 -9999 -9999 -9999 -9999 -9999 -9999 -9999 -9999 -9999 -9999 -9999 -9999 -9999 -9999 -9999
-9999 21 -9999 -9999 -9999 -9999 -9999 -9999 22 -9999 -9999 -9999 20 19 19 19 18 18 18 19 18 18 18 18 19 20 21 23 25 28 32 33 35 37 37 38 39 40 41 40 41 41 40 40 39 38 38 37 37 35 34 34 33 -9999 32 32 31 -9999 -9999 -9999 -9999 -9999 -9999 -9999 -9999 -9999 -9999 -9999 -9999 -9999 -9999 -9999 24 -9999 -9999 -9999 -9999 -9999 -9999 -9999 -9999 -9999 -9999 -9999 -9999 -9999 -9999 -9999 -9999 -9999 -9999 -9999 -9999 -9999 -9999 -9999
21 21 -9999 22 23 23 24 23 23 22 22 22 -9999 21 21 20 20 19 19 19 19 19 20 20 21 22 24 26 28 31 35 38 41 42 43 43 43 43 43 43 43 43 43 41 41 40 39 38 37 37 36 35 35 35 34 34 34 33 -9999 -9999 -9999 30 -9999 27 26 25 24 -9999 -9999 -9999 24 24 25 26 27 28 29 30 -9999 -9999 -9999 -9999 -9999 -9999 -9999 -9999 -9999 -9999 -9999 -9999 -9999 -9999 -9999 -9999 -9999 -9999
-9999 -9999 -9999 24 24 24 25 25 24 24 24 23 23 23 22 22 22 21 21 21 21 21 22 22 23 25 26 28 31 34 37 41 44 46 47 46 45 44 44 44 44 44 44 43 42 41 41 40 39 38 38 37 37 36 36 36 35 35 35 36 36 34 31 29 27 26 26 -9999 25 25 25 26 -9999 -9999 -9999 -9999 -9999 -9999 -9999 -9999 -9999 -9999 -9999 -9999 -9999 -9999 -9999 -9999 -9999 -9999 -9999 -9999 -9999 -9999 -9999 -9999
22 -9999 24 25 25 26 27 27 26 26 26 25 25 25 24 24 24 23 23 23 23 23 24 24 25 27 29 31 33 36 40 43 47 49 49 48 47 46 46 46 46 45 45 44 44 43 -9999 -9999 40 40 39 38 -9999 37 37 37 37 37 38 38 38 35 32 30 29 28 28 27 26 26 26 27 27 -9999 29 30 31 32 -9999 -9999 -9999 -9999 -9999 -9999 -9999 -9999 -9999 -9999 -9999 -9999 -9999 -9999 -9999 -9999 -9999 -9999
24 25 26 28 28 28 28 28 28 28 28 28 27 27 27 26 26 26 25 25 25 25 26 27 27 29 30 32 35 38 41 43 46 49 49 48 47 47 46 46 46 46 46 45 45 44 43 42 -9999 41 40 39 39 38 38 38 38 38 37 38 37 36 34 32 31 30 29 28 27 27 27 28 29 29 30 31 32 33 34 -9999 -9999 -9999 34 33 32 32 32 -9999 -9999 -9999 -9999 -9999 -9999 -9999 -9999 -9999
25 27 28 30 32 31 31 31 31 30 30 30 30 29 29 29 28 28 27 27 27 27 28 28 29 31 32 34 36 38 41 43 46 48 48 48 47 46 46 46 46 46 47 46 46 45 -9999 -9999 -9999 41 41 40 39 39 39 39 38 38 38 38 37 36 35 33 32 30 29 29 29 29 29 29 29 30 31 31 32 34 36 -9999 -9999 35 34 33 33 32 32 32 32 31 31 31 30 30 -9999 30
27 29 30 32 33 34 33 33 33 32 32 32 32 32 31 31 31 30 30 29 29 29 29 30 31 32 33 35 37 39 41 43 45 46 47 47 47 47 46 46 47 46 -9999 46 -9999 46 -9999 44 -9999 42 41 40 40 40 39 39 38 38 38 38 37 36 35 34 33 32 31 30 30 29 29 30 30 30 31 32 33 34 35 35 35 35 34 34 33 33 33 33 32 32 32 31 31 31 30 30
30 31 32 33 34 35 35 35 34 34 34 34 34 34 34 33 33 32 31 31 30 30 30 31 32 32 34 35 36 38 40 42 43 45 44 45 45 46 45 45 45 45 46 46 46 45 44 43 42 41 41 40 40 40 39 39 39 39 38 38 37 37 36 35 34 33 32 31 31 30 30 31 31 31 31 32 33 33 34 34 34 35 34 34 34 34 33 33 33 33 32 32 32 31 31 30
32 33 34 35 36 36 36 36 36 35 35 35 36 36 36 36 35 34 33 32 32 31 31 32 32 33 34 35 36 38 40 41 42 43 43 43 43 44 44 44 44 44 45 45 46 45 44 43 42 41 41 41 40 40 39 39 39 39 38 38 37 36 36 35 34 33 -9999 -9999 -9999 31 31 31 31 31 31 32 32 33 34 34 34 34 34 34 34 34 34 34 34 34 33 33 -9999 32 31 31
35 36 36 37 37 37 37 37 37 37 36 37 37 38 38 38 36 35 34 33 33 32 32 32 33 33 34 36 36 37 38 40 40 41 41 42 42 42 42 42 42 43 43 43 43 43 43 42 42 41 40 40 39 39 39 38 38 38 38 36 36 36 35 35 34 -9999 -9999 32 32 32 31 31 31 31 31 31 32 33 33 34 34 34 34 34 34 34 35 35 35 35 34 34 33 32 32 31
37 37 38 38 38 38 38 38 38 37 37 37 38 38 38 37 36 35 35 34 33 33 33 33 33 34 34 35 36 37 37 38 39 40 40 40 40 40 41 41 41 41 42 42 42 41 41 41 40 39 39 39 39 38 38 38 38 38 37 37 37 36 35 35 34 32 32 32 31 31 31 31 31 31 31 31 32 32 33 34 34 34 34 34 34 35 35 36 36 36 35 35 34 33 32 32
39 39 39 39 39 39 39 38 38 38 38 38 38 38 38 37 36 36 35 34 33 33 33 33 33 33 34 34 35 36 36 37 38 38 38 38 39 39 39 -9999 -9999 39 40 40 -9999 41 41 40 40 39 39 38 38 38 38 37 37 37 37 37 36 36 35 35 34 34 33 32 31 31 31 31 31 31 30 31 32 32 32 33 33 34 34 34 34 35 35 36 36 37 36 -9999 34 34 33 32
41 41 41 40 40 39 39 39 38 38 38 37 37 37 37 36 36 35 34 34 33 33 33 33 -9999 33 33 34 34 35 36 36 36 37 37 37 37 37 37 37 37 37 38 38 -9999 -9999 -9999 39 39 38 38 38 38 38 37 37 37 36 36 36 36 35 35 34 34 33 32 32 32 31 31 30 30 31 29 30 31 32 33 -9999 33 33 33 33 34 35 35 35 35 35 36 36 35 34 34 -9999
42 42 42 41 41 40 39 38 38 38 37 37 37 36 36 36 35 34 34 33 33 33 32 32 32 32 33 33 34 34 35 35 35 35 35 35 35 35 35 35 35 36 37 37 37 37 38 38 37 38 37 37 37 37 36 36 36 35 35 35 35 35 35 34 33 33 33 32 32 31 31 31 31 31 29 30 31 31 32 31 30 31 31 32 33 -9999 35 34 35 36 -9999 36 36 35 34 33
43 43 42 41 41 40 39 38 38 37 37 36 36 36 35 35 34 34 33 32 32 32 32 32 32 32 32 32 33 33 33 34 34 34 34 34 34 33 33 33 33 34 35 36 36 37 36 37 37 37 37 37 36 36 36 35 35 35 35 34 34 34 34 33 33 33 33 32 32 -9999 31 -9999 31 31 30 30 31 -9999 31 32 32 32 32 32 33 35 -9999 -9999 36 36 37 36 35 35 35 34
43 43 42 41 40 40 39 38 37 37 36 36 35 35 34 34 33 32 32 32 32 31 31 31 31 31 31 32 32 32 32 33 33 33 33 33 32 32 32 31 32 32 33 34 35 35 36 36 36 36 36 36 35 35 35 35 35 34 34 34 34 33 33 33 33 33 32 31 31 31 31 31 31 30 30 -9999 30 30 30 31 31 32 32 33 34 34 35 35 36 36 37 36 36 35 35 35
43 42 42 41 40 39 38 37 36 36 35 35 34 34 33 33 32 32 31 31 31 30 30 30 30 30 30 31 31 31 32 32 32 32 32 32 31 31 31 30 31 32 32 33 34 35 35 35 35 35 35 35 35 35 34 34 34 34 34 34 33 33 33 33 33 32 32 31 31 31 31 31 30 30 30 29 29 29 29 30 31 31 32 33 34 34 35 35 36 37 37 37 37 36 36 35
43 42 41 40 39 38 37 36 36 35 34 34 33 33 32 32 31 31 30 30 30 30 29 29 29 29 30 30 30 31 31 31 31 31 31 31 31 30 30 30 31 31 32 33 33 34 34 34 34 34 34 34 34 34 34 34 34 33 33 33 33 33 33 33 33 32 32 31 31 31 31 31 31 -9999 -9999 -9999 -9999 -9999 28 29 -9999 31 32 33 34 34 35 35 36 37 37 37 38 37 37 36
42 41 40 39 38 37 36 36 35 34 33 33 32 32 31 31 30 30 30 29 29 29 29 29 29 29 29 29 29 30 30 31 31 31 31 30 31 31 30 30 31 31 32 32 33 33 33 34 34 34 34 34 34 33 33 33 33 33 33 33 33 33 33 33 33 33 32 32 32 32 31 31 30 -9999 -9999 -9999 -9999 -9999 28 28 30 31 32 33 33 34 35 36 37 37 38 38 38 38 38 38
41 40 39 38 37 37 35 35 34 33 32 32 31 31 30 30 30 29 29 28 28 28 28 28 28 28 28 29 29 29 30 30 30 31 31 30 31 31 30 31 31 31 32 32 33 33 33 33 33 33 33 32 32 32 32 32 32 32 32 32 33 33 33 33 33 33 33 32 32 -9999 -9999 31 -9999 29 28 27 -9999 -9999 -9999 -9999 -9999 -9999 -9999 33 34 34 35 36 38 38 39 39 39 39 39 38
40 39 38 37 36 35 34 34 33 32 32 31 30 30 30 29 29 28 28 28 27 27 27 27 27 27 28 28 28 29 29 30 30 30 31 31 31 31 31 31 31 31 31 32 -9999 33 33 33 33 32 32 32 32 32 32 32 31 31 32 32 32 32 33 33 33 33 33 33 32 32 31 31 30 29 28 28 27 -9999 -9999 -9999 -9999 -9999 -9999 -9999 -9999 -9999 36 38 -9999 -9999 40 41 40 40 39 39
39 38 37 36 35 34 33 33 32 31 31 30 29 29 29 29 28 28 28 27 27 27 26 26 26 26 27 27 28 29 29 30 30 31 31 31 31 31 31 31 31 32 32 32 32 32 32 32 33 32 32 31 31 31 31 31 31 31 31 32 32 32 33 33 -9999 33 33 33 32 32 31 31 30 30 29 28 28 28 28 29 31 -9999 -9999 -9999 -9999 -9999 -9999 -9999 -9999 -9999 -9999 -9999 42 41 41 40
38 37 36 35 34 33 33 32 31 31 30 29 29 29 28 28 28 28 27 27 26 26 26 26 26 26 26 27 28 29 29 30 30 31 31 31 31 31 31 31 32 32 32 32 32 32 32 32 -9999 32 31 31 31 31 30 30 30 31 31 31 32 32 33 33 33 33 -9999 33 33 33 -9999 -9999 31 30 30 29 29 29 30 30 32 33 -9999 -9999 -9999 -9999 -9999 -9999 -9999 -9999 -9999 -9999 -9999 -9999 -9999 -9999
36 35 35 34 33 32 31 31 30 30 30 29 29 29 28 28 28 27 27 26 26 26 25 -9999 25 26 26 27 28 29 29 30 31 31 31 31 31 32 32 32 32 32 32 32 32 32 32 32 32 32 31 31 30 30 29 29 30 30 31 31 31 32 32 33 -9999 34 -9999 34 33 33 32 32 31 31 30 30 30 30 31 32 33 34 35 36 37 -9999 -9999 -9999 -9999 -9999 -9999 -9999 -9999 -9999 -9999 -9999
35 34 33 32 32 31 31 30 30 29 29 29 29 29 28 28 28 27 27 26 26 26 25 25 25 26 26 27 28 29 30 30 31 32 32 32 32 32 32 33 33 32 33 33 33 33 32 32 32 32 31 31 30 30 29 -9999 30 30 31 31 32 32 32 33 34 34 34 -9999 34 34 33 33 32 32 31 31 31 32 32 33 34 35 36 37 38 40 42 -9999 -9999 -9999 -9999 -9999 -9999 -9999 -9999 -9999
34 33 32 32 31 30 30 30 29 29 -9999 29 29 29 -9999 -9999 -9999 -9999 27 -9999 -9999 -9999 -9999 -9999 -9999 -9999 -9999 27 28 29 30 31 32 32 32 33 33 33 33 33 33 33 33 33 33 32 32 32 32 31 31 31 31 30 30 30 30 30 31 31 32 32 33 33 34 34 35 35 35 -9999 -9999 -9999 33 33 33 32 33 33 33 34 35 36 37 38 39 41 43 44 -9999 -9999 -9999 -9999 -9999 -9999 -9999 -9999
32 32 31 30 30 30 29 29 29 29 29 29 29 -9999 -9999 -9999 -9999 -9999 -9999 -9999 -9999 -9999 -9999 -9999 -9999 -9999 -9999 -9999 -9999 -9999 -9999 32 33 33 33 33 34 33 33 33 33 33 34 33 34 33 33 32 32 32 31 31 31 30 30 30 30 31 31 31 32 32 33 33 34 35 35 35 35 35 34 34 34 34 34 34 34 -9999 34 35 36 37 38 39 40 41 43 -9999 -9999 -9999 -9999 -9999 -9999 -9999 -9999 -9999
31 30 30 29 29 29 29 29 29 -9999 28 28 -9999 -9999 -9999 -9999 -9999 -9999 -9999 -9999 -9999 -9999 -9999 -9999 -9999 -9999 -9999 -9999 -9999 -9999 -9999 -9999 34 34 34 34 34 34 34 34 34 34 34 33 33 33 33 33 32 32 31 31 31 30 30 30 31 31 31 32 32 32 33 34 35 35 36 36 36 35 35 35 35 34 34 34 35 35 35 36 37 37 38 39 41 42 43 -9999 -9999 -9999 -9999 -9999 -9999 -9999 -9999 -9999
30 29 29 28 28 28 28 28 28 -9999 -9999 -9999 -9999 -9999 -9999 -9999 -9999 -9999 -9999 -9999 -9999 -9999 -9999 -9999 -9999 -9999 -9999 -9999 -9999 -9999 -9999 -9999 35 35 35 35 35 35 34 35 34 34 34 34 34 34 33 33 33 32 32 32 31 31 31 31 31 31 31 32 32 33 33 34 35 36 36 37 36 36 35 35 35 35 35 35 36 36 36 37 37 38 39 40 41 42 -9999 -9999 -9999 -9999 -9999 -9999 -9999 -9999 -9999 -9999
29 28 28 28 27 27 27 27 28 -9999 -9999 -9999 -9999 -9999 -9999 -9999 -9999 -9999 -9999 -9999 -9999 -9999 -9999 -9999 -9999 -9999 -9999 -9999 -9999 -9999 -9999 -9999 36 36 36 35 35 35 35 35 35 35 34 34 34 34 34 33 33 33 32 32 31 31 -9999 31 31 31 31 31 32 33 33 34 -9999 36 36 37 37 -9999 36 36 36 36 36 36 36 37 37 38 38 39 39 40 41 42 42 -9999 -9999 -9999 -9999 -9999 -9999 -9999 43 -9999
28 27 27 27 27 27 27 -9999 -9999 -9999 -9999 -9999 -9999 -9999 -9999 -9999 -9999 -9999 -9999 -9999 -9999 -9999 -9999 -9999 -9999 -9999 -9999 -9999 -9999 -9999 34 -9999 37 37 36 36 35 35 35 35 35 34 35 35 34 34 34 33 33 32 32 32 32 31 31 31 31 31 31 32 32 33 33 34 34 35 36 36 36 36 36 36 36 37 37 37 37 38 38 38 39 39 40 41 41 42 42 43 -9999 -9999 -9999 -9999 -9999 -9999 -9999 -9999
27 27 27 27 27 27 27 -9999 -9999 -9999 -9999 -9999 -9999 -9999 -9999 -9999 -9999 -9999 -9999 -9999 -9999 -9999 -9999 -9999 -9999 -9999 -9999 31 32 33 34 36 36 37 36 36 36 35 35 35 35 35 35 35 34 34 34 34 33 33 32 32 32 31 31 31 31 31 31 31 32 32 33 33 34 34 35 35 35 36 36 36 36 37 37 38 38 38 39 39 39 40 40 41 41 42 42 42 43 43 -9999 -9999 -9999 -9999 -9999 -9999
26 26 26 26 26 26 27 27 -9999 -9999 -9999 -9999 -9999 -9999 -9999 -9999 -9999 -9999 -9999 -9999 -9999 -9999 -9999 -9999 -9999 -9999 31 31 32 33 34 35 36 36 36 36 35 35 35 35 35 35 35 35 35 35 35 34 34 33 33 32 32 32 31 31 31 31 31 31 32 32 32 32 33 34 34 35 35 35 36 36 37 37 38 38 38 39 39 39 40 40 40 41 41 41 42 42 42 -9999 -9999 -9999 -9999 -9999 -9999 -9999
26 26 26 26 26 26 27 27 27 -9999 -9999 -9999 -9999 -9999 -9999 -9999 -9999 -9999 -9999 -9999 -9999 -9999 -9999 -9999 -9999 30 31 32 32 33 34 35 35 35 35 35 35 35 35 35 35 -9999 35 35 35 35 35 35 34 33 33 32 32 32 31 31 31 31 31 31 31 31 32 32 32 33 34 34 35 35 -9999 36 37 37 38 38 39 39 40 40 40 41 41 41 -9999 41 41 41 41 41 -9999 -9999 -9999 -9999 -9999 -9999
25 25 25 26 26 26 27 -9999 -9999 -9999 -9999 -9999 -9999 -9999 -9999 -9999 -9999 -9999 -9999 -9999 -9999 -9999 -9999 30 30 31 31 32 33 33 34 34 34 35 35 35 35 35 35 35 34 35 35 -9999 -9999 35 35 34 34 33 33 32 32 32 31 31 31 31 31 31 31 31 31 31 32 32 32 33 34 35 35 36 37 37 38 38 39 40 40 40 41 41 41 41 41 41 41 41 41 40 40 40 40 39 39 -9999
25 25 25 26 26 26 -9999 -9999 -9999 -9999 -9999 -9999 -9999 -9999 -9999 -9999 -9999 -9999 -9999 -9999 -9999 -9999 30 30 31 31 31 32 32 33 33 34 34 34 35 34 35 35 34 34 34 34 34 34 34 34 34 33 33 33 32 32 32 31 31 31 31 31 31 31 31 31 31 31 31 32 32 33 33 34 35 36 36 37 38 39 -9999 40 40 41 41 41 41 41 41 41 41 40 40 39 39 39 39 38 38 38
