resultados/variables_proyeccion_tiempo/variables_presente/bio15.asc
ncols 330
nrows 228
xllcorner -12.000000
yllcorner 34.000000
cellsize 0.166667
NODATA_value -9999
[rows 96 to 143 of 228, columns 96 to 191 of 330]
-9999 -9999 -9999 -9999 -9999 -9999 -9999 -9999 -9999 -9999 -9999 -9999 -9999 -9999 -9999 -9999 -9999 -9999 -9999 -9999 -9999 -9999 -9999 -9999 -9999 -9999 30 28 27 25 24 23 22 21 22 22 21 -9999 -9999 -9999 -9999 -9999 -9999 -9999 -9999 22 -9999 -9999 23 23 22 -9999 -9999 22 22 22 22 21 21 21 21 21 -9999 -9999 -9999 -9999 -9999 -9999 -9999 -9999 -9999 -9999 -9999 -9999 -9999 -9999 -9999 -9999 -9999 -9999 -9999 -9999 -9999 -9999 -9999 -9999 -9999 -9999 -9999 -9999 -9999 -9999 -9999 -9999 -9999 -9999
-9999 -9999 -9999 -9999 -9999 -9999 -9999 -9999 -9999 -9999 -9999 -9999 -9999 -9999 -9999 -9999 -9999 -9999 -9999 -9999 -9999 -9999 -9999 -9999 -9999 30 29 28 27 25 24 23 22 22 21 21 -9999 -9999 -9999 -9999 -9999 -9999 -9999 -9999 21 21 -9999 21 -9999 22 21 -9999 -9999 -9999 22 22 21 21 20 20 20 -9999 -9999 -9999 -9999 -9999 -9999 -9999 -9999 -9999 -9999 -9999 -9999 -9999 -9999 -9999 -9999 -9999 -9999 -9999 -9999 -9999 -9999 -9999 -9999 -9999 -9999 -9999 -9999 -9999 -9999 -9999 -9999 -9999 -9999 -9999
-9999 -9999 -9999 -9999 -9999 -9999 -9999 -9999 -9999 -9999 -9999 -9999 -9999 -9999 -9999 -9999 -9999 -9999 -9999 -9999 -9999 -9999 -9999 -9999 30 -9999 30 28 27 25 24 23 23 22 -9999 -9999 -9999 -9999 -9999 -9999 -9999 -9999 -9999 20 20 20 20 20 21 21 -9999 20 -9999 21 21 21 21 21 20 20 20 20 -9999 -9999 -9999 -9999 -9999 -9999 -9999 -9999 -9999 -9999 -9999 -9999 -9999 -9999 -9999 -9999 -9999 -9999 -9999 -9999 -9999 -9999 -9999 -9999 -9999 -9999 -9999 -9999 -9999 -9999 -9999 -9999 -9999 -9999
-9999 -9999 -9999 -9999 -9999 -9999 -9999 -9999 -9999 -9999 -9999 -9999 -9999 -9999 -9999 -9999 -9999 -9999 -9999 -9999 -9999 -9999 -9999 -9999 -9999 -9999 29 -9999 27 25 24 23 23 -9999 -9999 21 20 20 20 20 -9999 -9999 -9999 20 20 20 20 20 20 -9999 -9999 -9999 -9999 -9999 20 20 21 20 -9999 -9999 20 -9999 -9999 -9999 -9999 -9999 -9999 -9999 -9999 -9999 -9999 -9999 -9999 -9999 -9999 -9999 -9999 -9999 -9999 -9999 -9999 -9999 -9999 -9999 -9999 -9999 -9999 -9999 -9999 -9999 -9999 -9999 -9999 -9999 -9999 -9999
-9999 -9999 -9999 -9999 -9999 -9999 -9999 -9999 -9999 -9999 -9999 -9999 -9999 -9999 -9999 -9999 -9999 -9999 -9999 -9999 -9999 -9999 -9999 -9999 -9999 -9999 -9999 -9999 27 25 24 23 23 22 -9999 20 20 20 19 19 -9999 -9999 -9999 -9999 20 20 20 20 20 20 -9999 -9999 -9999 -9999 -9999 -9999 -9999 -9999 -9999 -9999 -9999 -9999 -9999 -9999 21 -9999 -9999 -9999 -9999 -9999 -9999 -9999 -9999 -9999 -9999 -9999 -9999 -9999 -9999 -9999 -9999 -9999 -9999 -9999 -9999 -9999 -9999 -9999 -9999 -9999 -9999 -9999 -9999 -9999 -9999 -9999
-9999 -9999 -9999 -9999 -9999 -9999 -9999 -9999 -9999 -9999 -9999 -9999 -9999 -9999 -9999 -9999 -9999 -9999 -9999 -9999 -9999 -9999 -9999 -9999 -9999 -9999 -9999 -9999 26 25 24 23 22 -9999 -9999 -9999 -9999 -9999 20 20 -9999 -9999 -9999 -9999 -9999 -9999 -9999 19 19 -9999 -9999 -9999 -9999 -9999 -9999 -9999 -9999 -9999 -9999 -9999 -9999 -9999 -9999 -9999 22 21 21 -9999 -9999 -9999 -9999 -9999 -9999 -9999 -9999 -9999 -9999 -9999 -9999 -9999 -9999 -9999 -9999 -9999 -9999 -9999 -9999 -9999 -9999 -9999 -9999 -9999 -9999 -9999 -9999 -9999
-9999 -9999 -9999 -9999 -9999 -9999 -9999 -9999 -9999 -9999 -9999 -9999 -9999 -9999 -9999 -9999 -9999 -9999 -9999 -9999 -9999 -9999 -9999 -9999 -9999 -9999 -9999 -9999 26 25 24 24 22 -9999 21 20 -9999 -9999 -9999 -9999 20 -9999 19 18 -9999 -9999 -9999 19 -9999 -9999 -9999 -9999 -9999 -9999 -9999 -9999 -9999 -9999 -9999 -9999 -9999 -9999 -9999 -9999 -9999 -9999 -9999 -9999 -9999 -9999 -9999 -9999 -9999 -9999 -9999 -9999 -9999 -9999 -9999 -9999 -9999 -9999 -9999 -9999 -9999 -9999 -9999 -9999 -9999 -9999 -9999 -9999 -9999 -9999 -9999 -9999
-9999 -9999 -9999 -9999 -9999 -9999 -9999 -9999 -9999 -9999 -9999 -9999 -9999 -9999 -9999 -9999 -9999 -9999 -9999 -9999 -9999 -9999 -9999 -9999 -9999 -9999 26 -9999 26 26 25 24 22 21 20 20 -9999 -9999 -9999 -9999 -9999 -9999 18 18 18 18 18 19 -9999 -9999 -9999 -9999 -9999 -9999 -9999 -9999 -9999 -9999 -9999 -9999 -9999 -9999 -9999 -9999 -9999 -9999 -9999 -9999 -9999 -9999 -9999 -9999 -9999 -9999 -9999 -9999 -9999 -9999 -9999 -9999 27 27 27 27 28 29 -9999 -9999 -9999 -9999 -9999 -9999 -9999 -9999 -9999 -9999
-9999 -9999 -9999 -9999 -9999 -9999 -9999 -9999 -9999 -9999 -9999 -9999 -9999 -9999 -9999 -9999 -9999 -9999 -9999 -9999 -9999 -9999 -9999 -9999 -9999 -9999 -9999 -9999 -9999 26 26 25 22 21 -9999 20 -9999 -9999 -9999 -9999 -9999 -9999 -9999 -9999 -9999 -9999 -9999 -9999 -9999 -9999 -9999 -9999 -9999 -9999 -9999 21 -9999 20 -9999 -9999 -9999 -9999 -9999 -9999 -9999 -9999 -9999 -9999 -9999 -9999 -9999 -9999 -9999 -9999 -9999 -9999 -9999 27 26 26 27 27 27 27 28 29 30 -9999 -9999 -9999 -9999 -9999 -9999 -9999 -9999 -9999
-9999 -9999 -9999 -9999 -9999 -9999 -9999 -9999 -9999 -9999 -9999 -9999 -9999 -9999 -9999 -9999 -9999 -9999 -9999 -9999 -9999 -9999 -9999 -9999 -9999 -9999 -9999 -9999 -9999 25 26 24 22 20 20 20 19 19 -9999 -9999 -9999 -9999 -9999 17 -9999 -9999 -9999 -9999 -9999 -9999 -9999 21 -9999 -9999 -9999 21 21 -9999 -9999 -9999 -9999 -9999 -9999 -9999 -9999 -9999 -9999 -9999 -9999 -9999 -9999 -9999 -9999 -9999 28 27 27 27 27 26 26 26 27 28 29 30 32 33 -9999 -9999 -9999 -9999 -9999 -9999 28 28
-9999 -9999 -9999 -9999 -9999 -9999 -9999 -9999 -9999 -9999 -9999 -9999 -9999 -9999 -9999 -9999 -9999 -9999 -9999 -9999 -9999 -9999 -9999 -9999 -9999 -9999 -9999 -9999 -9999 24 24 23 22 20 20 19 19 19 18 18 17 17 -9999 -9999 -9999 -9999 -9999 -9999 -9999 21 21 22 22 22 21 -9999 -9999 -9999 -9999 -9999 -9999 -9999 -9999 -9999 -9999 -9999 -9999 -9999 -9999 -9999 -9999 -9999 29 29 28 27 27 27 26 26 27 27 27 28 30 31 33 34 36 36 34 31 29 28 28 28
-9999 -9999 -9999 -9999 -9999 -9999 -9999 -9999 -9999 -9999 -9999 -9999 -9999 -9999 -9999 -9999 -9999 -9999 -9999 -9999 -9999 -9999 -9999 -9999 -9999 -9999 -9999 -9999 -9999 -9999 22 21 21 20 19 19 19 18 18 17 -9999 -9999 -9999 -9999 -9999 -9999 18 19 20 21 22 23 23 23 22 21 20 20 20 -9999 -9999 -9999 -9999 -9999 -9999 -9999 23 23 24 25 26 27 28 28 28 27 27 27 26 27 27 27 28 29 31 32 33 35 36 36 34 32 29 29 29 28
-9999 -9999 -9999 -9999 -9999 -9999 -9999 -9999 -9999 -9999 -9999 -9999 -9999 -9999 -9999 -9999 -9999 -9999 -9999 -9999 -9999 -9999 -9999 -9999 -9999 -9999 -9999 -9999 -9999 -9999 21 20 20 19 19 18 18 18 17 17 17 -9999 17 17 -9999 18 18 20 21 22 24 25 25 24 23 22 21 21 20 -9999 21 -9999 21 21 22 22 23 24 24 25 26 27 28 28 27 27 27 27 27 27 28 28 29 30 31 33 34 35 36 35 34 32 30 29 29 29
-9999 -9999 -9999 -9999 -9999 -9999 -9999 -9999 -9999 -9999 -9999 -9999 -9999 -9999 -9999 -9999 -9999 -9999 -9999 -9999 -9999 -9999 -9999 -9999 -9999 -9999 -9999 21 20 20 20 19 -9999 19 18 18 18 18 17 17 -9999 17 17 17 17 18 19 20 21 23 24 26 26 24 23 22 22 21 21 21 -9999 21 -9999 22 22 22 23 24 24 25 26 26 27 27 27 27 27 27 28 28 28 29 30 31 32 33 34 35 35 35 34 32 31 30 30 30
-9999 -9999 -9999 -9999 -9999 -9999 -9999 -9999 -9999 -9999 -9999 -9999 -9999 -9999 -9999 -9999 -9999 -9999 -9999 19 19 19 19 19 19 20 -9999 21 20 19 19 19 18 -9999 18 18 18 18 18 17 17 17 17 17 18 19 20 20 21 23 24 25 25 24 23 23 22 22 21 21 22 22 22 -9999 23 23 23 24 24 25 25 26 27 27 27 27 27 28 28 29 29 30 31 32 33 34 35 35 36 35 34 33 32 32 31 31
-9999 -9999 -9999 -9999 -9999 -9999 -9999 -9999 24 -9999 -9999 -9999 -9999 -9999 -9999 20 19 -9999 19 18 18 18 18 18 18 -9999 19 19 19 18 18 18 18 18 18 17 18 19 19 19 18 18 18 18 18 19 19 20 21 22 23 24 -9999 24 24 23 22 22 22 22 22 22 23 23 23 24 24 24 25 25 26 26 27 27 27 27 28 28 29 29 30 31 32 33 34 35 36 36 36 36 35 34 33 33 32 32
-9999 -9999 -9999 -9999 -9999 26 -9999 -9999 -9999 22 21 20 20 19 19 19 19 18 18 18 17 17 17 17 17 18 18 18 17 18 18 18 18 18 17 17 18 19 20 19 19 18 18 18 19 19 20 20 21 22 23 23 23 24 23 23 22 22 22 22 23 23 24 24 24 25 25 25 25 26 26 27 27 27 28 28 29 29 30 30 31 32 33 34 35 36 37 37 37 36 36 35 34 34 33 33
-9999 -9999 -9999 -9999 26 -9999 -9999 -9999 22 21 20 20 19 19 18 18 18 17 17 17 17 17 17 17 17 17 17 17 18 18 18 18 18 18 17 17 18 18 19 19 18 18 19 19 19 20 20 21 21 22 22 22 23 23 23 23 22 22 22 22 23 24 24 24 25 25 25 25 26 26 26 27 27 28 28 29 29 30 30 31 32 33 34 35 36 37 38 38 38 37 36 35 35 34 34 34
-9999 -9999 -9999 -9999 26 -9999 -9999 -9999 21 20 19 19 18 18 17 17 17 17 16 16 16 16 16 16 16 16 16 16 17 18 18 18 17 17 17 18 18 18 18 19 19 19 19 19 20 20 20 21 21 22 22 22 22 22 22 22 22 22 22 23 23 24 25 25 25 25 26 26 26 26 27 27 28 28 29 29 30 30 31 31 32 33 34 35 36 37 38 39 38 37 37 36 35 35 35 35
-9999 -9999 -9999 -9999 25 24 23 21 -9999 -9999 18 18 17 17 16 16 16 16 16 16 16 16 16 16 16 16 16 16 17 17 17 18 18 18 18 18 18 18 18 18 19 19 19 19 20 20 20 21 21 22 22 22 22 22 22 22 22 22 22 22 24 24 25 26 26 26 26 26 27 27 28 28 28 29 29 30 30 31 32 32 33 34 35 35 36 37 38 38 38 38 37 36 36 35 35 35
-9999 -9999 -9999 -9999 23 22 -9999 -9999 -9999 18 17 17 17 16 16 16 15 15 15 15 15 15 15 15 15 15 15 16 16 17 17 17 17 18 18 18 19 19 19 19 19 19 20 19 20 20 21 21 21 22 22 22 22 21 21 21 22 22 22 22 23 25 26 27 27 27 27 27 27 27 28 28 29 29 30 30 31 32 32 33 33 34 35 35 36 37 38 38 38 38 37 36 36 35 35 35
-9999 -9999 -9999 22 22 21 -9999 18 18 17 16 16 16 16 15 15 15 15 15 15 15 15 14 14 14 14 15 15 16 16 17 17 18 18 18 18 19 19 19 19 20 20 20 20 20 20 21 22 22 22 22 22 22 21 21 21 22 23 23 23 23 24 26 28 27 27 26 26 27 27 28 28 29 29 30 31 31 32 33 33 34 34 35 36 36 37 37 38 38 37 37 37 36 36 36 36
-9999 -9999 -9999 21 20 19 18 17 16 16 15 15 15 15 15 15 15 15 14 14 14 14 14 14 14 14 14 15 15 16 16 15 16 17 18 19 19 19 19 20 19 20 20 20 21 21 22 22 22 22 22 22 21 21 21 22 22 23 23 23 23 24 26 27 27 27 26 26 27 27 28 29 30 30 32 32 32 33 34 34 35 35 35 36 36 37 37 37 37 37 37 37 37 36 36 36
-9999 19 20 19 18 17 16 15 15 15 14 14 15 15 15 15 15 14 14 14 14 14 14 13 13 14 14 14 15 14 14 16 17 16 18 17 18 18 19 21 21 22 22 22 22 22 23 23 23 22 21 21 22 22 22 22 22 23 23 23 23 24 25 26 26 27 27 27 27 28 29 30 31 32 32 33 33 34 34 35 35 36 36 36 37 37 37 37 37 37 37 37 37 37 37 37
19 -9999 -9999 17 16 16 15 14 14 14 14 14 15 15 15 15 14 14 14 14 14 14 13 13 13 14 15 14 14 14 14 15 16 16 17 18 18 15 15 18 21 23 24 24 24 25 25 25 25 24 23 22 22 22 22 22 22 23 23 23 24 24 25 25 26 26 26 26 27 28 29 30 32 33 33 34 35 35 35 35 36 36 36 36 37 37 37 37 37 37 37 37 37 37 37 37
17 -9999 16 16 15 14 14 14 13 13 13 13 14 14 14 14 14 14 14 14 14 13 13 13 13 13 14 14 14 12 14 15 16 15 17 20 19 16 12 12 13 17 22 24 25 26 28 27 26 25 24 23 24 24 24 24 23 23 24 24 24 24 25 25 25 25 25 26 27 28 30 32 33 34 35 35 36 36 36 36 36 36 36 36 36 36 37 37 37 37 37 37 37 37 37 38
16 15 15 14 14 13 13 13 13 12 12 12 13 13 13 14 14 14 14 13 13 13 13 13 12 12 12 12 12 12 13 15 16 17 18 21 19 20 17 17 18 18 19 22 24 27 29 29 27 25 25 24 24 25 25 25 25 24 24 24 24 24 24 24 24 24 25 26 27 29 31 32 34 35 36 37 37 37 37 37 37 36 37 36 36 37 37 37 37 37 38 37 37 37 38 38
14 14 13 13 13 13 12 13 13 12 12 12 12 13 13 13 14 13 13 13 13 13 13 12 12 13 13 13 12 12 13 14 16 17 18 21 19 17 17 18 21 25 27 30 28 28 30 30 28 25 24 24 25 25 25 26 26 26 25 25 25 25 25 25 24 24 25 26 28 30 32 34 36 37 38 38 39 39 38 38 37 37 37 36 36 37 37 37 37 37 38 38 38 38 38 38
13 12 12 12 12 12 11 11 11 11 11 12 12 12 13 13 14 13 13 13 13 13 13 13 13 13 16 16 13 12 13 14 17 17 16 19 19 16 18 21 23 26 30 31 29 29 28 29 27 25 25 25 25 25 26 26 27 26 26 25 25 26 26 26 24 24 25 27 29 31 34 36 38 39 40 40 40 40 39 39 38 37 37 37 36 36 37 37 37 38 38 38 38 38 39 39
12 12 12 12 11 11 11 11 11 11 11 12 12 12 12 13 14 15 14 13 13 13 13 13 13 15 15 14 11 11 13 16 18 18 18 19 18 19 18 22 25 30 32 32 31 28 27 26 25 25 25 25 25 25 26 26 27 27 27 26 26 26 26 26 26 25 26 28 30 33 35 37 39 41 42 42 42 41 41 40 39 38 38 37 36 37 37 37 37 38 38 38 39 39 39 39
11 11 11 12 11 10 10 10 10 11 11 11 12 12 13 13 14 16 16 15 14 13 13 12 12 14 13 12 11 12 13 17 17 17 20 18 19 18 17 19 23 27 28 28 27 26 24 23 24 23 24 25 25 25 26 25 26 26 27 28 28 29 29 28 29 29 29 29 30 34 36 37 39 41 43 44 43 43 42 41 40 39 38 37 37 37 37 37 37 38 38 38 39 39 39 40
10 10 10 10 9 9 9 10 10 10 10 10 11 12 12 13 15 15 16 15 14 13 13 12 13 12 12 11 12 12 14 17 18 20 19 18 16 17 16 14 15 20 23 24 25 25 22 21 22 23 24 25 24 24 25 25 24 23 25 28 30 32 32 32 33 32 32 31 31 29 31 36 39 39 42 45 45 44 44 42 41 40 38 37 37 37 37 37 38 38 38 39 39 39 40 40
10 9 9 9 9 9 9 9 9 9 9 10 13 14 13 14 14 15 15 15 14 14 13 12 12 12 12 12 12 13 14 13 17 19 18 16 15 15 15 16 15 15 17 18 21 19 19 19 20 22 22 23 23 22 23 22 24 29 32 33 35 35 36 37 37 37 37 36 36 36 36 38 39 42 43 44 47 46 44 43 42 40 39 37 37 37 38 38 38 38 38 39 39 39 40 40
9 9 9 9 9 9 9 9 9 9 10 12 14 15 15 15 15 15 15 15 16 15 13 13 14 13 12 12 13 15 15 14 16 17 16 14 15 17 16 17 18 17 17 17 17 16 17 17 20 21 20 19 19 19 23 27 31 33 35 36 39 40 41 40 40 40 40 39 39 39 39 41 43 42 42 48 47 45 45 44 42 41 40 38 38 38 38 39 39 39 39 39 39 39 40 41
9 10 10 9 9 9 9 9 9 10 11 12 13 14 15 15 16 16 16 16 16 15 14 14 14 13 12 13 15 16 16 16 17 17 16 16 17 17 17 18 19 20 20 21 19 17 17 18 19 21 24 25 27 28 25 28 32 33 34 36 41 43 44 44 43 43 42 42 41 42 42 43 44 44 41 44 44 41 42 42 41 41 40 40 39 40 40 40 40 39 39 40 40 40 40 41
10 10 11 10 10 10 10 10 11 10 11 12 13 14 15 16 16 16 16 16 16 15 15 14 15 17 17 17 16 17 17 16 16 17 18 18 18 18 18 19 19 21 20 20 20 19 17 18 21 24 28 27 25 26 27 29 30 32 34 37 40 45 46 45 44 44 43 43 42 42 43 44 45 45 45 44 43 43 41 38 41 41 41 41 41 41 41 40 40 40 40 40 41 41 41 42
10 11 12 11 11 11 12 13 13 12 12 12 12 13 14 15 15 15 16 16 16 15 15 17 17 19 20 18 17 18 18 17 16 17 18 18 18 19 19 19 20 21 19 19 20 20 19 20 21 25 26 27 29 28 28 29 30 32 33 37 40 43 45 44 43 42 42 42 43 42 42 43 44 45 44 45 44 46 44 41 41 41 42 42 43 43 42 41 41 40 40 41 41 41 42 43
10 10 10 10 10 11 12 14 15 13 12 11 11 11 12 12 12 14 15 15 16 16 16 15 16 18 19 19 16 17 17 18 18 18 18 18 19 20 19 20 21 21 21 20 20 20 21 23 24 25 24 27 30 30 30 30 31 30 30 32 36 40 42 42 41 41 41 40 40 40 39 39 40 42 43 44 44 45 45 44 41 41 41 42 44 44 42 41 40 39 39 40 40 42 43 44
10 10 10 10 11 11 12 13 13 12 11 10 10 10 10 11 12 13 14 14 15 16 15 14 16 18 19 19 17 17 17 18 18 18 19 19 19 20 20 21 21 22 22 21 21 22 23 24 25 26 25 26 28 28 28 28 28 28 27 30 34 37 37 38 39 38 39 39 39 39 39 39 39 40 41 43 43 43 44 44 42 41 42 42 42 41 39 38 38 38 38 38 39 40 43 45
12 11 11 10 11 11 12 12 11 11 11 10 9 9 9 10 11 12 13 14 15 16 15 14 15 18 19 20 18 19 19 20 20 20 20 20 20 20 21 21 22 22 23 23 23 23 24 25 26 26 26 26 24 26 25 26 25 26 28 30 32 34 36 37 38 37 37 37 37 38 38 39 39 40 41 42 41 41 43 43 42 41 40 40 39 37 36 37 37 37 37 37 39 41 44 45
13 12 12 11 12 12 12 12 12 11 11 10 10 9 9 10 11 12 13 14 15 15 15 14 16 18 18 20 20 21 22 23 23 22 22 22 22 22 22 23 23 23 24 24 24 24 25 26 27 27 27 26 26 24 22 21 22 24 26 28 31 32 34 36 37 37 37 36 37 37 37 38 39 39 40 42 41 41 41 41 40 40 39 38 37 36 36 36 36 35 35 36 38 39 36 37
13 14 13 13 13 13 13 13 13 13 12 11 10 10 10 10 11 12 14 14 15 16 16 16 18 18 18 19 21 22 24 25 24 24 24 24 24 24 24 24 25 25 25 25 26 26 26 27 28 27 26 25 24 23 21 20 20 20 22 25 28 31 33 34 36 36 36 36 37 37 37 37 37 38 39 40 40 40 39 39 39 38 37 36 35 35 35 34 33 33 33 34 36 38 39 41
14 14 15 14 14 14 15 15 16 16 15 14 12 11 11 11 12 13 14 15 17 19 19 20 19 19 18 19 21 23 26 28 28 26 26 26 26 26 26 27 26 26 27 27 28 28 29 29 29 29 28 27 26 23 21 21 20 20 21 23 25 28 32 33 35 36 35 36 36 36 36 36 36 36 36 37 37 38 38 37 37 36 35 35 34 33 32 31 31 30 31 32 32 33 36 37
13 14 15 15 16 16 16 17 18 18 17 17 14 12 11 12 13 14 15 17 20 22 23 22 21 18 16 16 19 23 26 29 29 29 28 27 27 27 27 28 28 29 29 30 30 31 31 30 30 29 28 27 26 25 23 22 21 21 22 23 25 27 30 32 33 34 35 35 35 35 35 35 34 33 33 34 35 35 36 35 35 34 34 33 32 31 30 29 29 29 28 28 31 33 35 36
14 14 15 16 -9999 17 17 18 18 17 17 16 14 12 12 12 13 14 14 15 22 26 26 24 21 14 15 17 20 23 26 29 28 27 27 28 29 29 30 30 30 30 31 31 31 32 32 32 31 30 29 28 26 25 24 22 21 21 23 24 26 27 30 30 30 32 34 35 35 35 35 34 32 31 30 31 32 33 34 34 33 33 32 31 30 29 28 28 26 26 24 25 28 31 33 35
13 14 15 16 17 18 18 18 17 16 16 14 13 12 12 12 13 14 13 15 22 28 27 24 19 16 16 18 21 23 24 25 25 26 28 29 30 30 30 30 31 31 32 32 32 33 34 34 32 31 30 29 28 26 25 23 23 23 24 26 28 29 31 32 32 32 33 34 35 36 35 33 30 28 27 28 30 31 33 32 31 31 30 29 29 28 27 26 25 25 24 26 27 29 31 33
13 14 15 16 17 18 19 18 17 16 14 13 12 11 11 11 12 13 14 17 28 29 27 21 19 17 16 17 19 20 21 24 26 28 30 30 30 30 30 30 31 32 32 33 33 34 35 34 34 33 32 31 30 28 27 25 24 24 26 28 31 33 34 35 35 36 36 37 37 36 35 33 30 27 25 27 28 30 30 30 29 29 28 28 27 26 25 25 24 23 23 25 26 28 30 32
13 14 15 15 17 18 19 17 16 15 13 12 12 11 11 11 11 11 13 21 31 29 26 22 15 14 15 17 18 20 23 26 28 29 29 29 29 29 30 30 31 32 33 34 34 35 35 35 35 34 33 32 32 31 29 27 26 26 27 29 31 33 34 35 36 37 38 37 37 36 34 33 31 29 27 27 28 29 28 28 27 27 27 27 26 25 25 24 23 23 23 24 25 27 29 31
