resultados/variables_proyeccion_tiempo/variables_presente/bio11.asc
ncols 330
nrows 228
xllcorner -12.000000
yllcorner 34.000000
cellsize 0.166667
NODATA_value -9999
[rows 84 to 125 of 228, columns 96 to 191 of 330]
-9999 -9999 -9999 -9999 -9999 -9999 -9999 -9999 -9999 -9999 -9999 -9999 -9999 -9999 -9999 -9999 -9999 -9999 -9999 -9999 -9999 -9999 -9999 -9999 -9999 -9999 -9999 -9999 -9999 -9999 -9999 -9999 -9999 -9999 -9999 -9999 -9999 -9999 -9999 -9999 -9999 -9999 -9999 -9999 -9999 -9999 -9999 -12 -12 -14 -9999 -18 -23 -24 -26 -27 -29 -32 -33 -34 -29 -9999 -31 -32 -29 -30 -28 -25 -25 -23 -21 -20 -19 -17 -13 -9999 -9999 -9999 -9999 -9999 -9999 -9999 -9999 -9999 -9999 -9999 -9999 -9999 -9999 -8 -9 -9999 -9999 -9999 -9999 -9999
-9999 -9999 -9999 -9999 -9999 -9999 -9999 -9999 -9999 -9999 -9999 -9999 -9999 -9999 -9999 -9999 -9999 -9999 -9999 -9999 -9999 -9999 -9999 -9999 -9999 -9999 -9999 -9999 -9999 -9999 -9999 -9999 -9999 -9999 -9999 -9999 -9999 -9999 -9999 -9999 -9999 -9999 -9999 -9999 -9999 -9999 -9999 -9 -11 -13 -16 -18 -22 -23 -26 -27 -28 -33 -33 -32 -30 -29 -31 -32 -31 -29 -28 -27 -25 -23 -20 -19 -17 -15 -12 -10 -9999 -9999 -9999 -9999 -9999 -9999 -9999 -9999 -9999 -9999 -5 -6 -6 -7 -9999 -9999 -9999 -9999 -9999 -9999
-9999 -9999 -9999 -9999 -9999 -9999 -9999 -9999 -9999 -9999 -9999 -9999 -9999 -9999 -9999 -9999 -9999 -9999 -9999 -9999 -9999 -9999 -9999 -9999 -9999 -9999 -9999 -9999 -9999 -9999 -9999 -9999 -9999 -9999 -9999 -9999 -9999 4 -9999 -9999 -9999 -9999 -9999 -9999 -9999 -9999 -9999 -9999 -9 -12 -13 -15 -16 -19 -21 -22 -24 -27 -28 -31 -30 -29 -32 -33 -30 -26 -25 -9999 -24 -22 -20 -17 -16 -13 -11 -9999 -9999 -9999 -9999 -9999 -9999 -9999 -9999 -9999 -9999 -4 -5 -4 -4 -9999 -9999 -9999 -9999 -9999 -9999 -9999
-9999 -9999 -9999 -9999 -9999 -9999 -9999 -9999 -9999 -9999 -9999 -9999 -9999 -9999 -9999 -9999 -9999 -9999 -9999 -9999 -9999 -9999 -9999 -9999 -9999 -9999 -9999 -9999 -9999 -9999 -9999 -9999 -9999 -9999 -9999 3 2 2 2 -9999 -9999 -9999 -9999 -9999 -9999 -9999 -9999 -7 -9999 -9 -11 -11 -15 -19 -19 -20 -23 -24 -26 -27 -26 -26 -28 -28 -27 -25 -24 -23 -21 -19 -17 -16 -15 -12 -10 -8 -9999 -9999 -9999 -9999 -9999 -9999 -9999 -9999 -9999 -4 -5 -5 -5 -9999 -9999 -9999 -9999 -9999 -9999 -9999
-9999 -9999 -9999 -9999 -9999 -9999 -9999 -9999 -9999 -9999 -9999 -9999 -9999 -9999 -9999 -9999 -9999 -9999 -9999 -9999 -9999 -9999 -9999 -9999 -9999 -9999 -9999 -9999 -9999 -9999 -9999 -9999 -9999 1 2 2 1 1 2 -9999 -9999 -1 -9999 -9999 -9999 -9999 -9999 -9999 -9999 -7 -9 -11 -14 -15 -15 -17 -19 -19 -21 -21 -22 -23 -24 -25 -25 -25 -25 -24 -21 -19 -17 -14 -13 -10 -8 -9999 -9999 -9999 -9999 -9999 -9999 -9999 -9999 -9999 -9999 -3 -4 -4 -9999 -9999 -9999 -9999 -9999 -9999 -9999 -9999
-9999 -9999 -9999 -9999 -9999 -9999 -9999 -9999 -9999 -9999 -9999 -9999 -9999 -9999 -9999 -9999 -9999 -9999 -9999 -9999 -9999 -9999 -9999 -9999 -9999 -9999 -9999 7 6 5 3 1 -0 0 -9999 1 2 2 -9999 -9999 -9999 -9999 -9999 -9999 -9999 -9999 -9999 -9999 -9999 -9999 -6 -9 -11 -13 -13 -15 -17 -18 -17 -19 -19 -21 -22 -23 -22 -21 -21 -23 -21 -19 -16 -14 -11 -9 -7 -9999 -9999 -4 -9999 -9999 -9999 -9999 -9999 -9999 -9999 -2 -9999 -9999 -9999 -9999 -9999 -9999 -9999 -9999 -9999 -9999
-9999 -9999 -9999 -9999 -9999 -9999 -9999 -9999 -9999 -9999 -9999 -9999 -9999 -9999 -9999 -9999 -9999 -9999 -9999 -9999 -9999 -9999 -9999 -9999 -9999 -9999 9 7 -9999 -9999 -9999 0 -2 -3 -4 -2 -0 -9999 -9999 -9999 -9999 -9999 -9999 -9999 -9999 -9999 -9999 -9999 -9999 -9999 -4 -5 -7 -10 -11 -13 -14 -15 -15 -16 -17 -19 -19 -18 -19 -19 -20 -20 -20 -17 -15 -12 -10 -7 -5 -9999 -5 -9999 -9999 -9999 -9999 -9999 -9999 -9999 -9999 -9999 -9999 -9999 -9999 -9999 -9999 -9999 -9999 -9999 -9999 -9999
-9999 -9999 -9999 -9999 -9999 -9999 -9999 -9999 -9999 -9999 -9999 -9999 -9999 -9999 -9999 -9999 -9999 -9999 -9999 -9999 -9999 -9999 -9999 -9999 -9999 -9999 9 8 6 5 2 -0 -4 -6 -6 -4 -2 1 -9999 -9999 -9999 -9999 -9999 -9999 -9999 -9999 -9999 -9999 -9999 -9999 -9999 -9999 -4 -4 -8 -12 -13 -13 -13 -13 -14 -15 -16 -15 -16 -16 -15 -15 -15 -15 -12 -10 -7 -5 -9999 -6 -9999 -9999 -9999 -9999 -9999 -9999 -9999 -9999 -9999 -9999 -9999 -9999 -9999 -9999 -9999 -9999 -9999 -9999 -9999 -9999
-9999 -9999 -9999 -9999 -9999 -9999 -9999 -9999 -9999 -9999 -9999 -9999 -9999 -9999 -9999 -9999 -9999 -9999 -9999 -9999 -9999 -9999 -9999 -9999 -9999 9 -9999 -9999 7 5 -9999 -9999 -4 -6 -5 -4 -3 -0 -9999 -9999 -9999 -9999 -9999 -9999 -9999 -9999 -9999 -9999 -9999 -9999 -9999 -9999 -9999 -9999 -3 -7 -9 -11 -11 -11 -12 -12 -13 -13 -13 -13 -12 -12 -11 -11 -10 -8 -5 -9999 -5 -5 -9999 -9999 -9999 -9999 -9999 -9999 -9999 -9999 -9999 -9999 -9999 -9999 -9999 -9999 -9999 -9999 -9999 -9999 -9999 -9999
-9999 -9999 -9999 -9999 -9999 -9999 -9999 -9999 -9999 -9999 -9999 -9999 -9999 -9999 -9999 -9999 -9999 -9999 -9999 -9999 -9999 -9999 -9999 -9999 -9999 7 6 6 6 5 3 0 -2 -4 -5 -4 -2 -0 1 1 0 -9999 -9999 -9999 -9999 -9999 -9999 -9999 -9999 -9999 -9999 -9999 -3 -5 -4 -4 -6 -7 -8 -7 -8 -9 -10 -10 -9 -9 -9 -8 -8 -8 -8 -5 -9999 -9999 -9999 -9999 -9999 -9999 -9999 -9999 -9999 -9999 -9999 -9999 -9999 -9999 -9999 -9999 -9999 -9999 -9999 -9999 -9999 -9999 -9999 -9999
-9999 -9999 -9999 -9999 -9999 -9999 -9999 -9999 -9999 -9999 -9999 -9999 -9999 -9999 -9999 -9999 -9999 -9999 -9999 -9999 -9999 -9999 -9999 -9999 -9999 3 4 4 5 5 4 0 -2 -4 -5 -5 -3 -1 -9999 3 3 -9999 -9999 -9999 -9999 -9999 -9999 -9999 -9999 -9999 -9999 -1 -9999 0 -2 -4 -5 -5 -3 -3 -2 -4 -5 -4 -3 -3 -2 -3 -3 -3 -4 -3 -9999 -9999 -3 -9999 -9999 -9999 -9999 -9999 -9999 -9999 -9999 -9999 -9999 -9999 -9999 -9999 -9999 -9999 -9999 -9999 -9999 -9999 -9999 -9999
-9999 -9999 -9999 -9999 -9999 -9999 -9999 -9999 -9999 -9999 -9999 -9999 -9999 -9999 -9999 -9999 -9999 -9999 -9999 -9999 -9999 -9999 -9999 -9999 -9999 1 3 4 5 5 3 0 -3 -4 -5 -5 -3 -9999 -9999 -9999 -9999 -9999 -9999 -9999 -9999 -9999 -9999 -9999 -9999 -3 -2 -9999 2 1 -1 -1 -2 -4 -2 -1 2 2 2 1 -9999 -9999 -9999 -9999 -9999 -9999 -9999 -9999 -9999 -9999 -9999 -9999 -9999 -9999 -9999 -9999 -9999 -9999 -9999 -9999 -9999 -9999 -9999 -9999 -9999 -9999 -9999 -9999 -9999 -9999 -9999 -9999
-9999 -9999 -9999 -9999 -9999 -9999 -9999 -9999 -9999 -9999 -9999 -9999 -9999 -9999 -9999 -9999 -9999 -9999 -9999 -9999 -9999 -9999 -9999 -9999 -9999 -9999 5 6 7 6 4 1 -2 -3 -3 -4 -1 -9999 -9999 -9999 -9999 -9999 -9999 -9999 -9999 2 -9999 -9999 2 2 2 -9999 -9999 3 1 -0 -0 -1 -3 -2 2 4 -9999 -9999 -9999 -9999 -9999 -9999 -9999 -9999 -9999 -9999 -9999 -9999 -9999 -9999 -9999 -9999 -9999 -9999 -9999 -9999 -9999 -9999 -9999 -9999 -9999 -9999 -9999 -9999 -9999 -9999 -9999 -9999 -9999 -9999
-9999 -9999 -9999 -9999 -9999 -9999 -9999 -9999 -9999 -9999 -9999 -9999 -9999 -9999 -9999 -9999 -9999 -9999 -9999 -9999 -9999 -9999 -9999 -9999 -9999 6 7 7 7 6 4 1 0 -1 -2 -1 -9999 -9999 -9999 -9999 -9999 -9999 -9999 -9999 5 5 -9999 5 -9999 7 8 -9999 -9999 -9999 5 3 2 0 -2 -2 0 -9999 -9999 -9999 -9999 -9999 -9999 -9999 -9999 -9999 -9999 -9999 -9999 -9999 -9999 -9999 -9999 -9999 -9999 -9999 -9999 -9999 -9999 -9999 -9999 -9999 -9999 -9999 -9999 -9999 -9999 -9999 -9999 -9999 -9999 -9999
-9999 -9999 -9999 -9999 -9999 -9999 -9999 -9999 -9999 -9999 -9999 -9999 -9999 -9999 -9999 -9999 -9999 -9999 -9999 -9999 -9999 -9999 -9999 -9999 8 -9999 10 10 9 7 5 3 2 2 -9999 -9999 -9999 -9999 -9999 -9999 -9999 -9999 -9999 7 6 5 5 5 7 9 -9999 9 -9999 6 5 4 3 2 3 2 2 4 -9999 -9999 -9999 -9999 -9999 -9999 -9999 -9999 -9999 -9999 -9999 -9999 -9999 -9999 -9999 -9999 -9999 -9999 -9999 -9999 -9999 -9999 -9999 -9999 -9999 -9999 -9999 -9999 -9999 -9999 -9999 -9999 -9999 -9999
-9999 -9999 -9999 -9999 -9999 -9999 -9999 -9999 -9999 -9999 -9999 -9999 -9999 -9999 -9999 -9999 -9999 -9999 -9999 -9999 -9999 -9999 -9999 -9999 -9999 -9999 13 -9999 12 9 7 5 4 -9999 -9999 6 5 7 9 11 -9999 -9999 -9999 8 6 6 6 7 8 -9999 -9999 -9999 -9999 -9999 6 5 5 5 -9999 -9999 5 -9999 -9999 -9999 -9999 -9999 -9999 -9999 -9999 -9999 -9999 -9999 -9999 -9999 -9999 -9999 -9999 -9999 -9999 -9999 -9999 -9999 -9999 -9999 -9999 -9999 -9999 -9999 -9999 -9999 -9999 -9999 -9999 -9999 -9999 -9999
-9999 -9999 -9999 -9999 -9999 -9999 -9999 -9999 -9999 -9999 -9999 -9999 -9999 -9999 -9999 -9999 -9999 -9999 -9999 -9999 -9999 -9999 -9999 -9999 -9999 -9999 -9999 -9999 13 10 8 6 6 7 -9999 8 7 8 8 8 -9999 -9999 -9999 -9999 8 7 7 6 8 10 -9999 -9999 -9999 -9999 -9999 -9999 -9999 -9999 -9999 -9999 -9999 -9999 -9999 -9999 5 -9999 -9999 -9999 -9999 -9999 -9999 -9999 -9999 -9999 -9999 -9999 -9999 -9999 -9999 -9999 -9999 -9999 -9999 -9999 -9999 -9999 -9999 -9999 -9999 -9999 -9999 -9999 -9999 -9999 -9999 -9999
-9999 -9999 -9999 -9999 -9999 -9999 -9999 -9999 -9999 -9999 -9999 -9999 -9999 -9999 -9999 -9999 -9999 -9999 -9999 -9999 -9999 -9999 -9999 -9999 -9999 -9999 -9999 -9999 13 10 8 7 7 -9999 -9999 -9999 -9999 -9999 9 8 -9999 -9999 -9999 -9999 -9999 -9999 -9999 7 9 -9999 -9999 -9999 -9999 -9999 -9999 -9999 -9999 -9999 -9999 -9999 -9999 -9999 -9999 -9999 5 3 4 -9999 -9999 -9999 -9999 -9999 -9999 -9999 -9999 -9999 -9999 -9999 -9999 -9999 -9999 -9999 -9999 -9999 -9999 -9999 -9999 -9999 -9999 -9999 -9999 -9999 -9999 -9999 -9999 -9999
-9999 -9999 -9999 -9999 -9999 -9999 -9999 -9999 -9999 -9999 -9999 -9999 -9999 -9999 -9999 -9999 -9999 -9999 -9999 -9999 -9999 -9999 -9999 -9999 -9999 -9999 -9999 -9999 13 10 8 8 7 -9999 10 11 -9999 -9999 -9999 -9999 10 -9999 9 8 -9999 -9999 -9999 6 -9999 -9999 -9999 -9999 -9999 -9999 -9999 -9999 -9999 -9999 -9999 -9999 -9999 -9999 -9999 -9999 -9999 -9999 -9999 -9999 -9999 -9999 -9999 -9999 -9999 -9999 -9999 -9999 -9999 -9999 -9999 -9999 -9999 -9999 -9999 -9999 -9999 -9999 -9999 -9999 -9999 -9999 -9999 -9999 -9999 -9999 -9999 -9999
-9999 -9999 -9999 -9999 -9999 -9999 -9999 -9999 -9999 -9999 -9999 -9999 -9999 -9999 -9999 -9999 -9999 -9999 -9999 -9999 -9999 -9999 -9999 -9999 -9999 -9999 15 -9999 12 9 8 8 8 8 10 11 -9999 -9999 -9999 -9999 -9999 -9999 9 8 6 5 3 3 -9999 -9999 -9999 -9999 -9999 -9999 -9999 -9999 -9999 -9999 -9999 -9999 -9999 -9999 -9999 -9999 -9999 -9999 -9999 -9999 -9999 -9999 -9999 -9999 -9999 -9999 -9999 -9999 -9999 -9999 -9999 -9999 -19 -21 -23 -22 -18 -15 -9999 -9999 -9999 -9999 -9999 -9999 -9999 -9999 -9999 -9999
-9999 -9999 -9999 -9999 -9999 -9999 -9999 -9999 -9999 -9999 -9999 -9999 -9999 -9999 -9999 -9999 -9999 -9999 -9999 -9999 -9999 -9999 -9999 -9999 -9999 -9999 -9999 -9999 -9999 10 9 8 9 9 -9999 10 -9999 -9999 -9999 -9999 -9999 -9999 -9999 -9999 -9999 -9999 -9999 -9999 -9999 -9999 -9999 -9999 -9999 -9999 -9999 6 -9999 1 -9999 -9999 -9999 -9999 -9999 -9999 -9999 -9999 -9999 -9999 -9999 -9999 -9999 -9999 -9999 -9999 -9999 -9999 -9999 -18 -20 -22 -24 -25 -28 -28 -24 -22 -15 -9999 -9999 -9999 -9999 -9999 -9999 -9999 -9999 -9999
-9999 -9999 -9999 -9999 -9999 -9999 -9999 -9999 -9999 -9999 -9999 -9999 -9999 -9999 -9999 -9999 -9999 -9999 -9999 -9999 -9999 -9999 -9999 -9999 -9999 -9999 -9999 -9999 -9999 10 9 9 10 10 9 9 8 8 -9999 -9999 -9999 -9999 -9999 8 -9999 -9999 -9999 -9999 -9999 -9999 -9999 6 -9999 -9999 -9999 5 4 -9999 -9999 -9999 -9999 -9999 -9999 -9999 -9999 -9999 -9999 -9999 -9999 -9999 -9999 -9999 -9999 -9999 -12 -15 -18 -21 -24 -27 -29 -32 -34 -34 -32 -30 -26 -20 -9999 -9999 -9999 -9999 -9999 -9999 -22 -24
-9999 -9999 -9999 -9999 -9999 -9999 -9999 -9999 -9999 -9999 -9999 -9999 -9999 -9999 -9999 -9999 -9999 -9999 -9999 -9999 -9999 -9999 -9999 -9999 -9999 -9999 -9999 -9999 -9999 9 9 8 9 9 8 7 6 6 5 4 3 6 -9999 -9999 -9999 -9999 -9999 -9999 -9999 7 6 6 5 5 4 -9999 -9999 -9999 -9999 -9999 -9999 -9999 -9999 -9999 -9999 -9999 -9999 -9999 -9999 -9999 -9999 -9999 -8 -10 -15 -20 -23 -26 -30 -32 -34 -36 -37 -37 -35 -34 -31 -24 -19 -17 -18 -20 -26 -29 -26 -28
-9999 -9999 -9999 -9999 -9999 -9999 -9999 -9999 -9999 -9999 -9999 -9999 -9999 -9999 -9999 -9999 -9999 -9999 -9999 -9999 -9999 -9999 -9999 -9999 -9999 -9999 -9999 -9999 -9999 -9999 8 7 7 7 6 7 5 4 4 3 -9999 -9999 -9999 -9999 -9999 -9999 5 5 7 6 4 4 4 4 3 3 2 1 0 -9999 -9999 -9999 -9999 -9999 -9999 -9999 -11 -12 -13 -13 -13 -12 -12 -15 -21 -26 -30 -32 -35 -37 -38 -38 -38 -36 -35 -33 -31 -27 -23 -21 -22 -23 -25 -28 -30 -32
-9999 -9999 -9999 -9999 -9999 -9999 -9999 -9999 -9999 -9999 -9999 -9999 -9999 -9999 -9999 -9999 -9999 -9999 -9999 -9999 -9999 -9999 -9999 -9999 -9999 -9999 -9999 -9999 -9999 -9999 8 8 7 7 7 6 5 4 4 4 5 -9999 5 5 -9999 5 4 5 6 5 3 3 2 3 2 2 1 -0 -1 -9999 -4 -9999 -7 -7 -8 -10 -13 -16 -19 -19 -19 -18 -18 -20 -26 -31 -35 -36 -37 -38 -38 -38 -37 -36 -34 -32 -30 -28 -25 -24 -26 -28 -30 -33 -34 -36
-9999 -9999 -9999 -9999 -9999 -9999 -9999 -9999 -9999 -9999 -9999 -9999 -9999 -9999 -9999 -9999 -9999 -9999 -9999 -9999 -9999 -9999 -9999 -9999 -9999 -9999 -9999 11 9 8 7 7 -9999 7 6 5 4 4 3 4 -9999 4 4 4 4 5 5 5 5 4 2 2 2 1 -1 -0 0 -1 -1 -3 -9999 -5 -9999 -7 -9 -12 -16 -19 -23 -24 -23 -24 -26 -27 -29 -34 -36 -37 -38 -38 -39 -38 -37 -35 -33 -31 -29 -28 -26 -25 -29 -31 -33 -34 -36 -37
-9999 -9999 -9999 -9999 -9999 -9999 -9999 -9999 -9999 -9999 -9999 -9999 -9999 -9999 -9999 -9999 -9999 -9999 -9999 16 17 17 17 17 16 16 -9999 13 11 9 7 6 6 -9999 6 5 5 3 2 3 4 4 4 4 4 4 4 3 3 2 1 0 -0 -1 -1 -1 -2 -3 -4 -4 -4 -5 -6 -9999 -8 -13 -17 -21 -24 -24 -25 -26 -27 -29 -32 -35 -37 -36 -37 -38 -38 -37 -35 -33 -32 -29 -28 -27 -24 -28 -30 -32 -33 -35 -37 -42
-9999 -9999 -9999 -9999 -9999 -9999 -9999 -9999 26 -9999 -9999 -9999 -9999 -9999 -9999 18 18 -9999 16 16 16 16 15 15 15 -9999 15 13 11 9 8 6 6 5 5 3 4 4 2 3 4 4 4 5 5 5 4 3 3 1 0 -0 -9999 -2 -2 -3 -5 -6 -5 -4 -6 -5 -6 -6 -8 -12 -16 -20 -23 -25 -25 -26 -28 -30 -31 -33 -34 -34 -35 -35 -35 -35 -34 -31 -29 -28 -25 -24 -25 -28 -29 -31 -34 -37 -39 -43
-9999 -9999 -9999 -9999 -9999 29 -9999 -9999 -9999 24 23 22 21 20 19 18 18 18 18 17 16 15 15 14 14 14 14 13 11 11 8 7 7 6 4 2 2 2 2 2 3 4 6 5 5 5 5 3 3 1 1 -0 -1 -1 -2 -3 -5 -5 -5 -5 -6 -6 -6 -8 -10 -12 -15 -18 -20 -23 -24 -25 -26 -28 -29 -31 -30 -31 -31 -31 -31 -31 -30 -29 -27 -24 -24 -24 -26 -28 -30 -32 -35 -37 -41 -43
-9999 -9999 -9999 -9999 29 -9999 -9999 -9999 25 24 23 22 21 20 19 18 18 17 17 17 16 15 14 13 13 13 12 12 12 11 10 9 7 6 4 2 2 1 2 3 2 2 5 6 6 5 5 4 3 2 2 1 -1 -1 -2 -2 -3 -4 -5 -5 -5 -6 -7 -10 -13 -14 -16 -18 -20 -22 -22 -23 -24 -26 -26 -26 -27 -27 -28 -28 -27 -27 -27 -25 -24 -23 -21 -21 -24 -27 -29 -33 -35 -38 -41 -43
-9999 -9999 -9999 -9999 29 -9999 -9999 -9999 25 24 23 22 21 20 19 18 17 18 17 17 15 13 12 11 10 9 10 11 11 12 11 10 8 7 5 4 4 3 3 4 4 4 6 6 6 6 6 6 4 4 3 2 2 1 -1 -1 -2 -3 -4 -5 -5 -8 -9 -12 -14 -15 -17 -19 -19 -20 -20 -20 -20 -21 -22 -24 -25 -25 -25 -25 -26 -26 -25 -25 -24 -23 -22 -21 -23 -26 -30 -33 -36 -38 -40 -41
-9999 -9999 -9999 -9999 30 29 28 27 -9999 -9999 23 23 22 21 20 19 19 18 18 17 15 14 12 11 10 10 10 11 11 11 11 11 10 9 8 7 7 5 4 4 4 5 6 6 6 7 6 6 5 5 4 4 3 2 1 -0 -2 -3 -4 -6 -5 -6 -10 -13 -14 -15 -16 -16 -16 -16 -17 -18 -19 -20 -20 -20 -20 -20 -21 -22 -24 -24 -24 -24 -23 -23 -23 -24 -25 -26 -30 -33 -36 -38 -40 -41
-9999 -9999 -9999 -9999 29 29 -9999 -9999 -9999 25 24 23 22 21 21 20 20 19 19 18 16 15 12 12 12 11 12 12 13 13 12 12 10 10 9 10 9 8 7 7 6 6 6 5 7 6 6 6 6 5 5 4 3 3 2 0 -1 -2 -3 -5 -6 -7 -9 -12 -14 -13 -14 -15 -15 -15 -16 -17 -18 -19 -19 -18 -17 -17 -19 -21 -22 -22 -23 -23 -23 -23 -23 -25 -26 -28 -29 -31 -34 -36 -39 -41
-9999 -9999 -9999 30 29 28 -9999 27 26 25 24 22 22 22 22 21 21 20 19 18 18 17 16 14 14 14 14 14 14 14 13 12 12 11 10 10 9 9 8 8 7 7 7 6 6 5 6 6 6 6 5 5 4 3 2 1 0 0 -1 -2 -4 -8 -12 -14 -16 -15 -16 -17 -15 -14 -15 -16 -18 -19 -18 -17 -15 -14 -16 -18 -20 -21 -21 -22 -22 -23 -24 -26 -28 -29 -31 -33 -34 -36 -36 -36
-9999 -9999 -9999 30 29 28 27 26 25 24 22 21 23 23 22 22 22 20 20 19 19 19 16 16 14 14 14 14 14 15 13 8 7 8 10 9 9 8 8 8 4 5 5 4 6 7 7 6 6 5 4 4 4 3 3 3 2 1 1 -0 -3 -5 -10 -13 -13 -13 -13 -13 -12 -12 -13 -14 -16 -18 -18 -17 -15 -14 -15 -17 -17 -18 -19 -20 -21 -22 -23 -26 -28 -30 -31 -32 -34 -34 -35 -35
-9999 32 31 30 29 28 27 25 25 24 22 21 23 23 23 23 22 21 20 19 19 20 20 19 18 16 15 16 15 11 8 10 10 6 8 5 6 5 6 8 7 7 7 5 6 7 8 7 6 4 2 2 3 3 4 3 2 2 1 1 -0 -3 -8 -11 -10 -10 -9 -9 -8 -9 -11 -13 -15 -18 -19 -18 -17 -16 -15 -15 -16 -17 -17 -19 -20 -22 -24 -25 -27 -28 -30 -31 -32 -33 -34 -34
33 -9999 -9999 30 29 28 27 26 25 24 24 24 24 24 24 23 23 22 21 19 20 20 21 20 20 20 19 16 14 11 11 7 7 5 3 3 3 -3 -4 -0 5 5 7 7 7 7 8 8 7 6 5 3 3 3 3 2 1 2 2 2 0 -2 -5 -7 -7 -8 -8 -8 -8 -8 -10 -13 -16 -19 -21 -21 -19 -17 -17 -17 -17 -18 -18 -18 -20 -21 -24 -24 -25 -27 -29 -31 -34 -35 -36 -37
33 -9999 31 30 29 28 27 26 25 25 25 24 24 24 24 24 24 23 23 22 22 21 21 20 19 19 20 19 16 7 9 8 7 -2 1 5 2 -4 -16 -21 -13 -6 1 4 5 6 9 8 7 7 6 4 4 5 4 4 2 1 2 1 1 -1 -3 -5 -6 -7 -8 -8 -9 -10 -12 -15 -18 -20 -21 -21 -19 -17 -16 -16 -16 -17 -17 -18 -18 -20 -21 -23 -24 -26 -28 -31 -34 -37 -38 -38
33 32 31 30 29 27 26 26 25 25 25 25 25 25 24 25 24 24 24 22 22 21 20 19 18 16 13 11 8 5 9 8 8 4 1 3 -0 2 -3 -5 -5 -8 -7 -3 0 4 6 7 7 7 6 4 3 4 4 4 3 3 2 0 -0 -2 -3 -5 -6 -7 -9 -9 -11 -13 -16 -19 -21 -20 -21 -20 -18 -16 -14 -14 -14 -14 -15 -17 -17 -18 -21 -21 -22 -25 -27 -30 -33 -35 -36 -37
33 32 30 29 28 27 26 25 25 25 25 26 26 26 25 25 24 23 22 20 18 17 12 11 8 4 1 -2 -1 3 8 6 6 3 0 1 -3 -5 -6 -5 -2 1 2 6 4 4 7 8 8 6 4 3 3 1 2 4 4 3 3 1 -1 -2 -2 -3 -5 -6 -8 -11 -14 -17 -20 -22 -24 -23 -20 -19 -17 -14 -13 -14 -14 -15 -15 -17 -16 -17 -18 -20 -21 -22 -24 -28 -31 -34 -35 -37
33 32 31 29 28 28 27 25 25 26 27 27 27 26 25 25 24 22 17 13 8 7 5 5 0 -1 -10 -13 -4 2 2 3 6 2 -5 -2 -3 -8 -5 -3 -2 -0 4 4 3 4 5 7 6 5 3 2 1 -1 -0 1 2 2 1 -2 -5 -4 -5 -4 -5 -7 -10 -14 -18 -22 -25 -25 -24 -22 -20 -17 -15 -13 -13 -13 -13 -14 -14 -15 -15 -16 -17 -18 -18 -20 -22 -24 -28 -31 -34 -36
32 32 31 30 29 28 27 26 25 25 28 29 29 27 25 25 25 24 20 14 11 6 1 3 -1 -7 -10 -7 1 -1 -1 7 5 1 -3 -2 -4 -3 -5 -2 -1 2 4 2 4 4 4 3 2 2 2 -0 -2 -4 -4 -5 -5 -3 -0 -6 -10 -13 -13 -12 -10 -9 -12 -18 -24 -28 -32 -32 -30 -24 -21 -17 -13 -10 -10 -10 -10 -11 -12 -13 -13 -15 -16 -17 -18 -18 -20 -22 -26 -30 -33 -35
