resultados/variables_proyeccion_tiempo/variables_presente/bio11.asc
ncols 330
nrows 228
xllcorner -12.000000
yllcorner 34.000000
cellsize 0.166667
NODATA_value -9999
[rows 126 to 167 of 228, columns 96 to 191 of 330]
31 30 29 29 28 27 27 27 27 26 28 27 27 27 26 25 23 24 23 19 15 11 6 5 2 -7 -4 -1 4 3 1 4 -4 -4 -0 -4 -2 -4 -9 -7 -5 -3 -4 -4 -2 1 -0 -2 -1 -3 -2 -4 -6 -8 -10 -14 -15 -15 -14 -11 -13 -14 -17 -18 -13 -12 -19 -31 -35 -35 -38 -40 -36 -28 -23 -17 -15 -10 -9 -9 -9 -9 -10 -10 -12 -14 -16 -16 -17 -18 -18 -21 -23 -27 -30 -33
29 28 25 26 25 26 26 25 25 25 25 23 23 18 18 21 22 22 25 21 16 13 11 3 -3 1 -2 2 5 4 1 0 -3 -1 -3 -4 -8 -6 -9 -17 -18 -12 -9 -7 -4 -0 -5 -7 -5 -7 -6 -8 -12 -15 -17 -20 -25 -31 -32 -27 -22 -17 -16 -16 -15 -19 -24 -34 -40 -47 -47 -42 -38 -36 -31 -21 -17 -12 -11 -9 -9 -8 -8 -9 -10 -13 -15 -16 -17 -18 -18 -21 -24 -26 -28 -31
27 25 24 24 23 22 22 23 21 23 19 16 5 0 5 9 11 13 17 19 13 11 7 1 -1 3 7 6 6 4 -0 -9 -4 -3 -4 -10 -13 -10 -9 -11 -18 -21 -18 -16 -8 -12 -12 -13 -12 -11 -14 -16 -19 -24 -25 -30 -29 -22 -17 -22 -18 -17 -14 -12 -12 -14 -16 -22 -29 -33 -36 -36 -36 -32 -29 -27 -18 -15 -13 -11 -9 -9 -9 -9 -10 -12 -14 -16 -17 -19 -21 -22 -26 -28 -28 -30
27 23 23 22 21 21 19 17 18 19 13 8 2 -3 -3 -1 2 5 1 12 18 17 7 9 12 8 4 3 9 11 4 -4 -5 -4 -8 -15 -11 -5 -7 -9 -11 -15 -18 -17 -17 -18 -16 -19 -15 -17 -25 -30 -31 -33 -28 -22 -15 -15 -16 -18 -13 -10 -7 -10 -10 -9 -12 -16 -19 -24 -26 -26 -25 -31 -33 -20 -21 -21 -13 -11 -12 -11 -9 -9 -10 -13 -14 -16 -18 -20 -22 -23 -26 -29 -30 -30
22 21 20 18 19 20 18 18 18 12 5 6 5 2 -1 0 -1 -0 2 11 14 11 8 4 5 3 -4 5 14 13 10 4 0 -2 -5 -7 -3 -4 -5 -7 -7 -9 -8 -6 -9 -15 -18 -18 -21 -21 -21 -21 -20 -19 -27 -22 -15 -17 -21 -21 -14 -9 -4 -2 -4 -5 -7 -10 -14 -16 -18 -18 -19 -24 -35 -28 -29 -36 -31 -26 -24 -16 -12 -12 -12 -11 -14 -17 -18 -21 -22 -22 -24 -29 -31 -29
20 19 19 19 19 17 18 15 7 10 9 7 8 5 5 3 3 6 10 9 4 1 6 2 3 8 10 13 15 15 10 4 -2 -0 2 1 -1 -2 -4 -5 -6 -5 -8 -7 -4 -5 -16 -22 -19 -18 -16 -22 -29 -27 -26 -23 -21 -21 -20 -19 -17 -12 -3 -2 -4 -5 -6 -8 -11 -13 -13 -15 -16 -19 -22 -26 -30 -28 -33 -44 -29 -22 -15 -13 -13 -12 -16 -18 -20 -21 -21 -21 -22 -23 -22 -23
21 18 15 15 14 13 11 9 7 7 8 10 12 13 12 10 10 15 9 1 4 -1 3 12 10 12 14 12 10 12 12 6 -1 4 4 2 1 2 -2 -5 -3 -2 -8 -6 -5 -3 -11 -16 -21 -18 -23 -26 -25 -25 -24 -22 -19 -18 -20 -16 -12 -10 -4 -7 -10 -10 -13 -12 -10 -16 -17 -15 -17 -17 -21 -20 -23 -16 -22 -29 -28 -25 -18 -15 -15 -13 -15 -18 -20 -21 -23 -23 -23 -23 -22 -25
22 21 19 20 20 17 15 13 11 10 11 15 16 14 15 15 12 5 -1 1 5 7 8 6 8 11 15 13 5 7 6 8 5 7 4 4 3 3 -3 -4 -2 -0 -1 -5 -6 -7 -9 -12 -16 -20 -27 -25 -21 -20 -18 -16 -16 -19 -23 -23 -17 -10 -8 -8 -11 -11 -13 -17 -18 -19 -23 -26 -27 -24 -23 -22 -20 -15 -11 -15 -26 -26 -23 -19 -14 -15 -18 -20 -25 -33 -33 -31 -35 -30 -33 -32
25 25 25 22 20 19 20 19 17 15 15 15 16 17 16 13 6 6 5 4 5 5 4 3 8 14 17 16 7 4 3 4 4 5 5 3 2 -1 -1 -3 -2 1 2 -2 -6 -8 -9 -13 -15 -19 -24 -25 -22 -19 -18 -16 -19 -20 -26 -21 -17 -13 -14 -16 -15 -17 -16 -17 -19 -19 -22 -25 -28 -26 -24 -20 -22 -21 -12 -10 -16 -21 -17 -15 -19 -24 -29 -37 -32 -38 -38 -42 -43 -45 -38 -36
27 26 25 24 22 21 18 19 18 17 15 13 16 21 16 16 15 13 10 8 8 6 5 3 5 16 18 18 10 10 9 9 9 7 4 0 -2 -4 -5 -6 -3 -0 2 -2 -8 -12 -11 -12 -14 -17 -20 -23 -26 -20 -21 -19 -21 -21 -20 -18 -14 -14 -14 -14 -14 -20 -20 -20 -22 -21 -21 -22 -22 -20 -19 -17 -24 -22 -12 -9 -9 -13 -20 -20 -26 -33 -37 -35 -33 -38 -42 -44 -42 -37 -38 -39
26 25 24 22 24 21 19 18 16 19 18 18 18 20 18 15 16 14 12 10 8 5 3 4 10 17 19 19 15 15 14 15 12 8 3 -1 -3 -6 -6 -7 -6 -5 -2 -5 -8 -13 -14 -13 -13 -15 -17 -18 -19 -22 -28 -31 -28 -22 -20 -16 -13 -13 -12 -13 -12 -17 -18 -22 -21 -23 -20 -18 -17 -18 -14 -13 -17 -15 -13 -13 -11 -12 -17 -23 -26 -31 -31 -26 -27 -36 -45 -41 -39 -46 -59 -58
24 26 24 22 22 21 18 15 16 15 19 17 18 19 17 14 15 14 14 9 8 7 8 9 16 19 20 17 15 13 15 15 8 3 2 -1 -4 -6 -7 -7 -8 -8 -10 -9 -10 -11 -15 -14 -12 -16 -20 -21 -23 -24 -33 -35 -40 -39 -31 -24 -18 -13 -12 -14 -12 -14 -18 -22 -17 -18 -17 -15 -14 -11 -10 -8 -8 -11 -11 -14 -9 -11 -16 -21 -25 -20 -22 -29 -39 -32 -37 -41 -38 -38 -43 -46
26 26 26 23 22 22 19 15 14 14 17 15 19 18 16 16 15 15 13 10 10 12 13 16 18 19 14 12 10 11 13 13 9 3 -1 -2 -5 -8 -7 -6 -10 -11 -12 -10 -10 -11 -11 -12 -12 -11 -12 -12 -14 -22 -27 -28 -35 -39 -37 -33 -31 -22 -14 -15 -14 -14 -19 -18 -16 -14 -13 -11 -7 -5 -4 -4 -6 -6 -6 -6 -9 -17 -21 -19 -15 -23 -32 -33 -32 -34 -49 -47 -52 -55 -50 -48
24 23 23 25 24 22 19 14 12 14 15 17 16 16 17 17 16 14 12 10 13 15 17 19 19 9 -0 -3 3 5 6 7 6 4 1 -8 -10 -10 -9 -7 -7 -7 -7 -6 -6 -7 -9 -12 -14 -15 -15 -13 -12 -11 -12 -19 -18 -24 -32 -34 -30 -25 -23 -21 -22 -18 -19 -18 -19 -15 -13 -7 -3 -1 -1 -5 -4 -3 -4 -8 -13 -16 -12 -14 -20 -13 -21 -20 -31 -40 -35 -31 -39 -37 -39 -43
27 26 25 25 -9999 22 18 14 12 12 13 14 14 16 16 16 14 11 5 0 12 16 18 19 13 -8 -5 -2 2 4 4 4 1 -6 -9 -11 -9 -6 -4 -4 -4 -5 -6 -6 -8 -10 -12 -14 -14 -14 -15 -15 -15 -13 -12 -13 -14 -17 -24 -23 -26 -30 -25 -30 -34 -28 -24 -22 -18 -13 -9 -4 -3 -3 -4 -3 -2 -1 -3 -6 -10 -11 -6 -12 -10 -10 -16 -30 -23 -26 -25 -26 -32 -38 -34 -28
26 25 26 26 24 20 17 14 11 11 13 11 14 14 13 14 12 8 -1 -2 9 19 19 17 7 -3 -4 -0 3 3 -0 -5 -8 -12 -10 -8 -5 -5 -5 -5 -6 -5 -6 -8 -9 -10 -11 -11 -14 -15 -16 -16 -15 -14 -13 -10 -10 -14 -17 -15 -15 -24 -20 -21 -27 -32 -33 -29 -19 -8 -2 -0 1 2 0 1 0 0 -4 -14 -7 -4 -5 -7 -7 -13 -14 -21 -22 -28 -24 -32 -29 -19 -15 -17
28 27 25 22 20 16 16 15 12 11 11 12 13 12 12 10 6 5 -1 2 17 20 21 11 7 -1 -4 -2 -1 -2 -6 -6 -7 -6 -5 -6 -6 -7 -6 -6 -6 -5 -6 -6 -8 -9 -11 -13 -15 -15 -13 -13 -12 -10 -9 -9 -12 -13 -11 -9 -6 -6 -6 -8 -12 -17 -19 -13 -11 -8 -3 -2 -3 -2 5 4 3 1 -8 -4 -2 -2 -3 -4 -5 -5 -7 -7 -10 -12 -17 -20 -13 -12 -13 -16
27 25 23 20 19 18 16 13 11 13 11 12 12 10 6 5 -3 -11 -10 9 20 19 21 14 -5 -12 -9 -6 -3 -3 -3 -2 -2 -5 -7 -9 -8 -8 -8 -8 -6 -6 -6 -7 -9 -11 -13 -14 -14 -13 -16 -14 -10 -10 -11 -16 -18 -18 -13 -11 -11 -10 -10 -12 -11 -12 -11 -12 -13 -14 -16 -16 -12 -3 3 3 1 -0 -1 -1 -2 -2 -2 -1 -2 -2 -5 -3 -3 -5 -7 -6 -7 -10 -12 -15
25 22 23 21 19 17 13 13 12 14 15 17 15 14 7 1 -3 -10 -9 15 20 19 15 -3 -12 -12 -9 -8 -3 -0 1 -2 -4 -4 -8 -12 -11 -13 -14 -11 -10 -8 -5 -8 -10 -14 -15 -12 -9 -12 -13 -14 -12 -6 -12 -17 -20 -19 -19 -23 -23 -23 -25 -26 -25 -29 -30 -34 -34 -29 -31 -24 -15 -2 -0 -1 2 1 -1 -2 -2 -1 -1 -0 -0 -1 -2 -0 -1 -13 -6 -6 -8 -10 -13 -20
26 24 21 19 16 13 12 12 16 16 17 18 18 16 13 9 -0 1 10 18 20 18 0 -7 -12 -8 -2 -2 5 7 8 7 0 -1 -9 -12 -17 -18 -18 -14 -12 -10 -7 -7 -11 -18 -22 -24 -17 -26 -23 -29 -29 -19 -13 -31 -29 -30 -42 -47 -46 -39 -42 -36 -38 -40 -47 -45 -46 -48 -44 -30 -13 -9 -4 -0 3 1 -0 -1 -2 -1 -1 0 1 1 -1 1 1 -5 0 -1 -4 -3 -5 -6
25 24 21 17 14 12 15 18 19 20 21 20 17 15 15 11 10 12 13 14 16 19 14 8 6 8 6 7 8 7 6 7 -9999 -9999 -6 -15 -24 -22 -28 -24 -21 -30 -22 -22 -26 -30 -37 -38 -26 -29 -29 -43 -39 -43 -44 -41 -42 -42 -46 -47 -52 -49 -46 -50 -46 -52 -54 -51 -46 -40 -47 -44 -26 -22 -11 -4 -0 1 0 -0 -0 -1 -2 -0 -0 0 -3 -1 1 -2 6 -0 -3 -1 -1 -1
22 21 20 16 11 12 18 21 22 23 21 19 18 16 12 9 7 4 4 2 7 4 3 5 8 9 6 7 4 -1 -0 -4 -9 -3 -11 -20 -36 -31 -45 -40 -39 -39 -39 -34 -52 -49 -34 -28 -34 -42 -45 -48 -43 -52 -55 -36 -42 -55 -56 -48 -53 -62 -61 -61 -57 -49 -40 -38 -40 -46 -37 -33 -21 -19 -14 -5 -1 -0 0 0 0 -1 -3 -4 -3 -3 -2 2 4 5 7 3 -0 -1 0 -0
14 16 18 16 13 15 22 23 24 22 22 22 15 10 3 -3 -6 -11 -14 -10 -5 1 8 7 5 4 9 5 7 3 -9 -20 -21 -5 -23 -40 -49 -53 -55 -54 -37 -36 -47 -36 -30 -42 -56 -44 -63 -58 -55 -55 -52 -49 -48 -51 -63 -66 -68 -68 -64 -59 -54 -52 -45 -43 -51 -38 -37 -33 -25 -17 -12 -9 -8 -4 -1 -0 0 1 -1 -6 -12 -10 -5 1 3 4 6 7 7 5 3 0 1 1
13 20 21 17 14 22 24 25 24 23 22 17 9 2 -8 -13 -18 -16 -8 5 5 6 -1 -5 1 5 7 -4 -17 -24 -17 -32 -17 -32 -44 -33 -54 -64 -57 -47 -58 -61 -83 -62 -46 -66 -66 -69 -77 -9999 -84 -77 -87 -75 -67 -74 -75 -60 -52 -55 -54 -50 -47 -59 -49 -54 -34 -27 -23 -21 -16 -11 -8 -6 -4 -2 -1 -1 1 1 -1 -7 -9 -4 2 3 5 6 6 6 7 6 3 2 1 1
20 23 17 19 23 26 25 25 24 23 17 6 -4 -7 -16 -20 -9 6 5 2 -0 -2 -8 -16 -22 -11 -20 -15 -34 -50 -44 -53 -43 -20 -38 -54 -66 -72 -60 -62 -87 -83 -74 -67 -44 -60 -68 -52 -74 -76 -71 -59 -70 -57 -60 -56 -55 -49 -65 -61 -48 -43 -41 -52 -47 -47 -48 -23 -16 -15 -12 -10 -8 -6 -4 -2 -1 1 1 -1 0 -2 -0 -9999 5 4 5 6 5 6 7 6 5 3 2 2
27 24 23 22 25 27 25 25 25 19 9 3 -10 -16 -16 3 0 -2 -6 -14 -23 -4 -16 -24 -31 -36 -65 -50 -58 -57 -41 -29 -20 -43 -53 -69 -65 -61 -66 -56 -86 -79 -57 -37 -52 -38 -40 -39 -52 -57 -59 -56 -49 -40 -46 -38 -35 -26 -39 -44 -34 -36 -33 -40 -34 -38 -47 -18 -14 -9 -6 -4 -4 -4 -1 -1 -1 1 2 3 -9999 5 2 1 1 3 4 6 5 6 7 6 5 4 3 3
28 27 22 24 25 26 26 26 22 12 8 -7 -18 -23 -1 5 -5 -13 -20 -35 -33 -34 -40 -54 -9999 -73 -80 -58 -63 -57 -69 -58 -51 -49 -68 -65 -67 -64 -63 -53 -48 -41 -25 -15 -29 -29 -55 -54 -58 -59 -50 -50 -48 -40 -32 -33 -30 -27 -25 -23 -23 -26 -30 -27 -30 -27 -28 -27 -24 -12 -4 -3 -0 1 1 0 -0 1 2 5 4 4 1 2 2 3 4 5 6 7 7 7 5 4 4 3
30 26 22 22 22 27 26 26 16 11 4 -10 -16 8 -9999 -9999 -9999 -9 -32 -41 -54 -62 -73 -86 -63 -66 -70 -45 -45 -18 -54 -49 -52 -60 -68 -82 -66 -63 -56 -85 -64 -39 -16 -3 -22 -43 -51 -45 -47 -41 -35 -43 -29 -14 -6 -16 -36 -31 -39 -39 -27 -34 -41 -43 -40 -33 -19 -32 -28 -9 -0 0 -1 0 1 3 3 4 3 5 5 4 4 4 4 4 2 5 7 8 8 6 5 5 4 4
27 24 15 15 25 27 26 25 17 9 -5 -11 14 14 -6 -22 -34 -18 -35 -34 -27 -38 -49 -43 -9999 -38 -41 -23 -10 -13 -8 -25 0 -42 -49 -39 -33 -28 -46 -61 -42 -39 -1 -7 -30 -39 -40 -39 -27 -21 -27 -22 1 6 23 7 -5 -6 -23 -19 -24 -9 -7 -18 -24 -17 -8 -3 -4 -2 -4 -3 -4 -0 1 2 5 5 6 6 7 5 3 2 3 0 -1 3 8 8 6 6 6 6 5 5
29 21 12 18 29 26 24 24 16 -2 -2 10 6 1 -7 -14 -34 -55 -25 -48 -70 -9999 -81 -9999 -61 -2 -18 -7 17 12 -2 12 -1 -14 -25 -31 -34 -31 -36 -60 -19 -17 1 -8 -22 -22 -15 -8 7 0 -12 14 34 38 38 39 35 23 8 2 -3 -1 6 5 -3 -6 -10 -2 -7 -0 6 6 2 1 0 2 3 6 9 10 9 7 7 5 2 1 3 4 7 8 8 7 7 7 7 7
25 20 14 25 29 26 25 26 14 -1 7 12 9 -11 -28 -28 -37 -72 -72 -9999 -79 -77 -86 -75 -31 -16 8 -9999 19 22 13 16 2 -4 -13 -10 -12 -8 -36 -19 -16 7 0 -17 -21 -21 -6 7 14 29 36 41 43 44 46 47 47 45 29 15 2 10 5 6 5 8 8 8 11 9 11 0 -1 3 5 5 7 7 8 11 12 11 10 9 7 6 6 7 9 9 9 8 8 8 8 7
28 26 16 19 29 31 29 26 24 15 20 13 -6 -13 -13 -33 -63 -60 -49 -27 -36 -27 -39 -43 -15 6 14 -9999 23 24 26 27 24 21 17 10 12 -6 -3 -4 -9999 -6 -14 -4 14 16 28 32 31 35 39 42 45 47 49 -9999 52 -9999 44 36 14 10 3 -5 2 6 10 5 -3 0 11 11 7 5 5 6 7 10 12 12 11 11 11 10 9 9 9 8 8 9 10 10 9 9 9 9
23 28 15 18 29 30 25 23 20 22 10 11 -5 1 -17 -39 -38 -63 -69 -69 -68 -49 -13 -11 12 19 21 22 24 27 30 30 29 31 30 27 23 14 15 -9999 21 12 1 12 30 36 37 37 37 37 39 43 46 -9999 -9999 -9999 -9999 -9999 59 36 26 21 -14 -7 3 7 1 23 17 19 17 11 7 6 5 7 5 12 14 11 -5 -3 4 8 9 9 9 9 9 9 9 10 10 10 10 10
11 19 12 9 30 28 23 19 15 12 1 -6 1 -18 -41 -35 -61 -71 -76 -53 -31 -5 14 22 22 25 26 25 27 30 32 30 30 30 29 28 26 24 23 26 28 33 35 35 34 35 39 40 39 -9999 -9999 -9999 -9999 -9999 -9999 -9999 -9999 60 53 50 27 24 27 -2 3 4 9 21 22 20 15 12 10 6 6 10 12 13 12 1 -5 4 2 1 5 7 9 9 9 9 10 10 10 10 11 11
17 10 -1 12 30 32 24 16 19 7 2 -2 -44 -34 -30 -57 -54 -58 -66 -37 2 21 24 25 27 28 29 30 31 33 33 32 30 29 28 27 25 25 25 27 29 33 36 37 37 37 37 40 40 -9999 -9999 -9999 -9999 -9999 -9999 -9999 -9999 -9999 53 50 57 -9999 -9999 -9999 6 -16 -1 15 20 18 14 15 8 1 3 10 14 15 16 14 12 8 8 5 4 8 10 10 10 10 10 10 10 10 10 11
4 2 2 13 28 35 32 27 0 -12 12 -29 -34 -57 -59 -60 -48 -40 -18 -1 21 27 26 25 26 28 31 34 36 37 36 33 32 30 28 27 26 25 26 28 30 32 35 36 36 36 38 39 40 41 -9999 -9999 -9999 -9999 -9999 -9999 -9999 -9999 60 52 57 -9999 -9999 59 -9999 6 3 -0 7 11 14 11 7 9 12 9 9 4 12 17 17 12 10 11 10 10 12 12 13 13 13 12 11 8 7 9
-3 -2 12 19 25 39 25 -1 -15 -11 -1 -22 -47 -67 -64 -39 -43 -57 -31 11 32 33 32 30 31 34 37 39 41 38 29 20 20 24 24 26 26 26 27 29 31 33 34 35 35 35 37 38 40 41 43 -9999 -9999 -9999 -9999 -9999 -9999 -9999 -9999 63 -9999 -9999 58 -9999 -9999 14 2 2 -11 -9 11 10 10 12 12 11 17 10 6 14 14 11 12 9 9 6 12 14 15 16 16 16 16 15 15 16
-2 7 16 26 40 37 27 17 2 -13 -13 -18 -22 -41 -55 -28 -42 -49 -37 14 38 39 37 35 36 36 38 43 42 33 17 5 12 12 12 19 25 25 28 31 33 34 35 35 35 36 37 38 40 -9999 -9999 -9999 -9999 -9999 -9999 -9999 -9999 -9999 -9999 -9999 -9999 -9999 61 -9999 -9999 3 -17 -1 -9 -16 -12 2 -13 -6 -5 8 11 7 6 9 7 8 9 10 10 4 7 6 10 14 17 19 19 18 18 18
10 31 40 33 44 38 23 9 3 -5 -8 -17 -3 -14 -21 -22 -46 -61 -34 -1 31 42 42 41 33 36 40 36 29 28 14 8 5 6 14 19 13 19 24 26 33 35 36 36 37 38 38 39 40 41 -9999 -9999 -9999 -9999 -9999 -9999 -9999 -9999 -9999 -9999 -9999 -9999 -9999 -9999 -9999 -9999 -3 -3 -2 -10 -11 -15 1 -8 -15 -12 9 -8 -8 -8 -3 -7 3 8 8 1 10 9 4 4 11 20 15 15 18 18
35 47 44 42 47 40 26 17 11 2 10 7 6 2 -17 -32 -33 -42 -27 1 33 44 46 45 38 43 43 36 -9999 -9999 39 37 26 20 14 19 0 9 17 21 20 26 28 32 34 38 40 40 41 41 -9999 -9999 -9999 -9999 -9999 -9999 -9999 -9999 -9999 -9999 -9999 -9999 -9999 -9999 -9999 -9999 52 10 -7 -1 -3 -11 0 -6 -14 -23 -11 -8 -10 -5 -18 -23 -17 -6 6 2 5 8 9 7 14 5 12 15 13 17
45 50 47 51 52 48 38 22 13 7 11 25 7 -6 -10 -31 -41 -30 -24 -17 9 14 7 19 36 45 63 -9999 -9999 -9999 -9999 -9999 -9999 48 47 52 40 9 -3 4 9 21 24 22 24 32 37 40 42 41 -9999 -9999 -9999 -9999 -9999 -9999 -9999 -9999 -9999 -9999 -9999 -9999 -9999 -9999 -9999 -9999 -9999 60 49 23 18 9 -0 -5 -13 -16 -21 -18 -6 -12 -17 -22 -10 -1 -11 -17 -8 -13 -6 0 9 9 6 -1 6 13
54 52 51 52 56 55 47 26 13 10 12 26 26 20 2 -7 -9 -3 5 -11 -26 6 7 39 63 -9999 -9999 -9999 -9999 -9999 -9999 -9999 -9999 -9999 -9999 73 53 23 33 17 9 14 20 22 22 21 28 35 39 41 44 -9999 -9999 -9999 -9999 -9999 -9999 -9999 -9999 -9999 -9999 -9999 -9999 -9999 -9999 -9999 -9999 -9999 59 51 36 43 34 22 -9 -15 -17 -21 -28 -24 -2 -15 -15 -1 3 -6 -16 -7 -14 -20 -11 -3 2 1 -8 -2
