resultados/variables_proyeccion_tiempo/variables_presente/bio18.asc
ncols 330
nrows 228
xllcorner -12.000000
yllcorner 34.000000
cellsize 0.166667
NODATA_value -9999
[rows 120 to 159 of 228, columns 182 to 272 of 330]
204 204 205 207 209 211 213 214 214 215 212 211 213 213 211 206 204 202 204 207 209 211 212 211 211 212 213 214 214 209 205 202 203 206 207 208 210 212 214 215 217 218 219 221 222 224 226 229 231 233 235 237 239 240 241 242 243 244 245 245 244 246 246 246 246 247 245 243 242 241 239 237 234 233 230 227 226 224 221 219 216 214 213 214 215 215 216 216 215 213 213
203 205 207 210 212 215 218 222 222 220 218 216 216 216 213 211 208 207 -9999 208 212 212 213 212 211 211 211 211 209 204 199 196 198 202 204 207 210 212 213 215 216 217 218 220 221 223 226 229 232 234 236 238 240 242 243 244 246 247 247 246 246 246 245 245 245 245 243 241 241 239 238 235 233 231 230 229 227 224 221 219 216 215 214 214 215 214 215 216 214 213 214
208 209 210 214 216 219 222 224 223 222 222 221 219 217 217 215 214 213 212 210 210 211 212 212 211 211 210 209 206 201 194 191 195 199 204 207 209 212 214 215 216 217 217 219 220 223 226 229 233 234 237 240 242 244 245 246 248 248 248 248 248 248 246 245 245 244 243 241 240 238 236 235 232 231 231 230 228 225 221 218 217 216 215 213 213 212 212 212 212 212 214
212 214 215 215 218 222 225 227 226 226 228 227 228 228 223 222 221 220 219 218 215 214 216 216 215 214 212 209 205 200 194 192 195 200 205 208 211 213 214 215 216 216 216 218 220 222 226 229 232 235 239 242 245 247 248 250 251 251 251 254 252 250 249 247 246 245 244 242 240 238 235 233 231 229 229 228 226 223 220 218 216 214 212 212 211 212 211 211 211 212 212
218 219 219 221 223 225 230 230 232 232 233 235 238 243 238 231 229 225 223 221 217 217 221 221 221 218 215 211 207 204 200 198 199 203 208 210 214 215 216 216 215 215 216 217 219 221 225 228 232 237 240 245 248 250 252 253 253 253 253 254 252 250 248 246 244 243 242 240 239 237 235 232 230 228 228 226 223 222 219 217 215 213 212 211 212 212 212 211 211 211 211
226 228 228 228 229 231 234 238 239 240 243 244 247 251 251 245 238 234 230 226 221 223 223 225 224 223 222 217 212 211 209 205 205 207 210 213 215 216 217 216 215 214 213 214 217 220 224 228 233 238 242 247 252 254 255 255 256 256 255 254 252 250 248 246 245 244 243 241 238 236 233 231 228 227 226 223 222 220 218 216 214 213 212 211 211 211 211 211 211 211 212
237 237 236 237 235 238 238 242 243 246 249 252 254 256 259 259 250 243 235 230 227 227 228 230 230 229 227 225 220 218 217 217 213 214 214 216 218 219 219 217 215 214 213 214 217 220 223 228 234 241 245 250 255 258 259 259 258 258 257 255 254 251 249 248 246 244 242 240 238 235 232 231 227 225 224 222 220 217 216 214 212 211 210 211 211 211 211 211 211 210 211
244 245 246 247 244 249 252 250 251 256 257 257 257 259 259 260 259 254 244 236 230 225 229 230 233 234 232 227 225 225 223 221 218 218 220 222 221 222 222 221 218 215 213 215 217 220 223 230 236 243 250 255 259 260 262 261 261 260 258 257 255 252 250 247 245 243 240 238 237 235 232 229 -9999 223 221 220 218 215 214 212 210 209 209 209 211 210 211 211 210 210 208
249 251 253 255 255 258 268 269 265 266 267 265 262 263 263 260 255 250 243 234 229 228 229 231 232 233 233 234 236 234 232 227 225 226 225 224 226 226 225 223 220 217 214 216 220 222 226 232 241 246 255 261 264 265 265 264 263 262 260 258 255 253 250 248 245 243 240 239 237 234 232 228 227 221 221 219 216 213 212 209 208 207 207 207 208 209 208 209 209 207 205
258 260 264 265 264 267 275 285 286 280 279 276 274 267 267 264 256 250 243 237 235 235 235 234 235 236 236 234 235 239 239 234 231 231 231 229 230 230 227 225 223 220 221 222 221 228 233 238 244 250 260 265 270 271 269 267 264 263 260 259 256 254 251 248 245 242 240 239 236 234 231 228 226 221 220 217 213 211 209 207 205 204 205 206 207 208 209 209 208 204 202
266 271 272 276 275 276 283 297 303 290 281 279 276 275 269 266 262 257 252 248 245 244 244 243 240 239 242 241 238 240 246 241 237 236 236 234 234 233 231 228 226 225 225 225 226 233 239 242 248 255 264 271 277 276 274 269 266 264 261 258 255 252 250 247 244 242 240 238 236 233 231 228 226 220 217 215 212 209 206 204 202 202 203 204 205 206 208 208 206 201 198
279 283 287 288 285 284 287 290 283 280 280 279 279 278 278 276 277 270 263 259 255 251 249 248 246 245 244 244 244 245 247 253 248 246 243 242 239 238 236 233 232 232 233 232 237 241 242 248 255 261 267 276 282 280 275 271 267 265 261 258 254 252 249 247 245 243 240 238 235 233 231 229 225 222 218 215 211 208 205 203 202 202 203 204 204 205 206 208 203 199 196
283 292 298 301 304 304 302 301 293 298 298 291 296 297 293 292 291 283 278 276 268 265 263 264 260 258 253 248 248 249 250 255 258 258 252 248 245 243 241 244 246 245 244 242 244 244 246 251 257 265 272 277 280 279 276 272 266 264 260 257 254 251 249 246 244 242 240 237 236 233 230 227 225 222 220 217 214 210 207 204 202 203 203 204 203 203 204 204 200 198 192
300 308 325 357 359 351 369 343 354 344 343 335 328 315 312 306 301 290 279 275 274 272 274 269 267 268 262 255 255 255 255 257 259 262 263 256 255 254 256 254 253 250 247 247 249 251 253 257 262 268 273 276 277 277 275 272 268 264 260 256 254 250 249 246 243 241 239 238 234 231 229 226 223 221 217 214 211 209 207 203 202 202 203 203 203 202 200 198 198 194 188
339 371 359 386 386 404 414 425 392 376 394 387 340 315 321 328 319 316 304 291 284 278 273 274 283 285 273 265 264 261 260 260 261 262 268 264 265 261 262 259 257 254 251 248 250 255 256 259 264 270 273 277 279 278 276 272 267 262 257 252 249 248 247 246 243 240 238 237 234 231 230 227 225 221 217 214 211 209 205 201 200 200 200 201 201 200 197 195 193 190 186
365 363 360 381 402 414 404 385 398 401 381 354 334 354 337 345 334 321 307 300 300 304 294 285 282 291 293 287 278 271 266 263 263 262 263 262 263 263 265 263 263 259 255 253 253 256 261 262 266 270 273 276 276 275 273 270 266 262 256 250 244 243 243 243 243 240 238 235 233 232 231 227 225 222 219 214 209 206 204 201 201 200 198 -9999 -9999 198 -9999 193 191 187 184
336 323 326 363 399 386 383 421 483 485 481 429 325 332 329 325 329 302 285 277 282 288 302 313 304 302 300 295 299 295 290 276 269 268 266 265 266 263 264 267 265 265 260 259 258 260 262 266 267 270 273 274 275 274 273 272 267 261 255 248 242 240 241 240 239 239 237 235 234 233 231 228 224 221 217 212 211 207 203 203 200 198 199 197 196 -9999 -9999 -9999 -9999 184 181
295 320 360 331 353 369 359 358 384 396 406 314 284 319 317 313 294 286 279 271 267 269 276 291 307 315 319 309 305 319 307 292 283 276 277 273 270 271 266 266 267 268 265 264 262 262 262 265 269 269 273 273 271 272 271 268 265 260 255 247 240 239 240 239 237 236 234 235 234 232 230 228 223 219 215 209 206 204 201 199 198 197 198 199 198 194 191 189 186 -9999 178
317 322 315 320 380 377 400 412 390 377 386 334 292 275 284 291 287 271 300 267 253 259 279 282 267 284 303 319 310 317 310 324 312 293 284 281 282 277 270 269 266 267 267 267 264 263 264 264 266 268 271 271 269 269 268 265 264 260 254 249 244 239 236 236 235 235 232 231 232 231 230 228 222 215 210 205 202 201 199 198 197 196 197 195 196 196 193 190 186 183 179
272 263 297 329 303 280 317 307 311 326 289 289 258 290 288 284 282 261 263 273 243 242 240 255 272 268 289 298 297 313 315 324 332 335 312 298 286 279 274 271 270 266 268 265 265 263 264 263 264 263 268 269 266 266 264 263 260 257 252 248 245 241 237 234 232 230 230 230 229 228 228 225 217 212 204 200 197 195 193 193 192 193 193 193 194 194 191 187 183 182 179
246 287 257 258 245 244 275 294 275 249 236 224 233 241 247 242 242 244 264 247 237 235 234 235 246 258 274 273 283 315 303 321 340 350 346 328 310 292 284 276 271 268 267 265 264 262 260 262 260 259 260 263 262 261 259 258 258 255 249 246 243 240 238 234 231 228 226 225 224 223 222 218 211 205 198 196 193 191 190 189 190 189 188 187 189 188 187 183 179 177 176
231 248 245 256 237 263 247 219 208 210 210 207 215 220 222 229 234 243 258 240 235 230 230 230 230 232 238 259 280 269 301 304 333 338 341 339 340 314 304 283 274 267 263 263 262 265 267 264 261 257 259 262 262 261 260 256 254 251 246 242 239 237 235 233 229 226 223 221 217 216 214 209 205 198 192 187 186 185 185 184 184 184 184 183 182 182 182 180 176 173 172
205 203 207 208 213 218 200 196 198 203 199 199 206 210 211 218 223 235 233 225 225 225 225 226 227 228 231 235 242 264 261 287 303 314 343 341 326 332 331 309 290 279 276 272 271 263 258 255 255 254 254 254 256 257 256 255 251 249 242 236 233 231 231 230 227 223 220 218 214 210 206 202 197 192 186 180 180 179 180 180 180 180 178 177 176 177 177 175 173 170 167
194 189 189 190 192 186 186 188 192 197 195 201 220 228 209 207 212 215 220 220 219 219 221 222 222 223 226 229 237 259 256 263 273 284 306 314 332 358 327 308 307 309 293 278 274 271 267 260 255 252 250 250 248 251 250 250 247 243 240 238 229 224 225 226 223 220 217 213 209 206 201 196 191 184 177 173 173 173 175 176 176 175 171 170 170 171 172 169 167 165 164
183 181 183 208 190 186 186 187 190 202 193 189 196 200 198 200 204 208 211 213 214 216 218 219 218 219 221 225 231 245 263 297 292 271 285 313 340 346 347 330 323 319 309 292 278 272 267 261 252 248 246 245 244 244 247 245 242 239 234 232 231 229 222 219 216 215 213 209 205 201 197 192 186 179 173 170 167 169 169 167 168 168 167 166 164 165 165 165 162 160 159
179 178 180 192 180 178 178 174 176 176 176 178 182 185 189 194 197 200 203 207 209 212 215 215 215 216 218 221 229 239 268 289 308 291 284 278 296 321 338 353 340 327 316 309 295 271 264 263 254 246 241 242 241 237 240 240 239 235 232 230 224 225 222 215 210 210 207 206 201 197 192 188 182 176 171 166 163 162 163 163 162 162 161 161 159 160 160 159 157 155 155
181 179 179 187 172 176 176 170 169 169 171 174 177 180 185 189 192 194 198 201 203 206 209 210 212 214 217 225 240 241 244 255 272 288 300 308 300 338 345 356 338 326 315 298 293 275 263 256 252 247 245 237 235 234 232 234 233 232 227 223 218 213 214 213 206 204 202 202 197 192 188 181 177 172 167 164 161 157 158 159 157 158 157 156 155 156 155 154 153 151 151
180 173 173 175 169 169 172 170 167 167 168 171 174 178 181 185 188 190 192 193 196 200 203 208 213 220 222 227 233 236 253 259 265 267 274 286 282 309 299 308 323 319 320 317 298 287 267 253 250 245 248 236 230 228 230 229 229 229 227 221 217 210 205 205 200 197 197 196 192 189 183 178 172 167 164 160 157 155 154 154 154 155 154 152 153 152 151 149 149 147 146
169 170 169 168 167 166 168 169 167 167 168 170 173 176 179 182 185 187 189 191 193 196 202 209 218 221 225 228 234 236 245 249 251 255 253 253 258 267 288 308 321 328 323 321 303 302 283 261 244 241 235 233 224 225 225 227 223 224 228 221 214 209 205 201 193 192 192 192 186 184 179 173 169 164 158 155 155 153 152 152 150 151 151 149 149 148 147 145 144 143 143
167 168 169 168 167 166 168 169 168 168 168 170 173 175 178 181 183 186 187 189 192 197 205 213 234 245 242 242 242 235 244 247 246 240 252 247 251 259 303 324 329 345 319 316 314 280 282 271 246 236 229 225 225 226 227 226 225 215 215 217 214 206 198 193 189 187 184 186 183 179 175 168 163 160 155 151 149 148 148 147 147 147 147 146 145 144 143 141 141 140 139
171 169 172 170 167 168 169 169 169 169 169 170 173 175 177 180 183 185 187 189 193 202 211 222 250 251 267 259 245 243 246 244 235 240 243 248 248 256 262 279 298 304 286 305 297 292 270 260 239 232 227 217 226 224 223 226 223 221 206 206 205 202 194 189 186 183 180 177 178 173 173 165 157 152 149 145 143 143 143 143 143 143 143 142 141 140 139 138 137 136 135
176 174 175 172 170 170 170 170 170 169 170 171 173 176 178 180 182 185 188 190 193 199 205 210 228 296 333 295 288 272 248 247 239 238 241 244 247 248 250 264 302 323 279 290 316 297 296 284 248 225 224 215 222 223 220 215 215 214 204 198 199 196 192 186 183 182 177 171 169 167 166 160 151 145 142 140 138 138 137 138 139 -9999 139 138 137 136 135 133 132 130 130
184 180 178 174 172 172 173 173 172 171 171 173 174 177 179 181 184 186 189 191 195 200 223 253 226 269 336 330 342 335 281 255 239 236 238 241 244 243 247 258 271 302 303 294 276 299 296 292 265 231 225 212 219 221 216 215 207 207 200 190 191 189 186 184 181 177 176 173 167 160 156 153 146 138 -9999 135 -9999 -9999 -9999 -9999 -9999 -9999 -9999 -9999 131 130 130 129 128 127 127
194 186 180 177 176 177 177 176 174 173 173 174 176 178 180 183 185 188 191 194 197 202 209 235 251 265 323 296 308 307 281 265 236 234 238 239 240 243 246 253 260 273 270 316 264 287 300 279 249 237 225 215 214 214 212 207 201 198 191 185 187 184 181 176 177 173 173 168 166 160 149 143 139 132 130 -9999 -9999 -9999 -9999 -9999 -9999 -9999 128 127 127 127 127 125 125 124 124
209 197 185 182 183 181 180 179 178 176 175 176 178 180 182 185 187 190 193 199 218 217 231 231 241 234 257 273 285 306 292 249 231 236 239 241 245 247 250 251 257 258 262 274 298 263 280 297 263 233 218 218 207 206 203 198 195 192 182 182 183 176 175 173 170 166 166 163 160 153 147 -9999 -9999 129 -9999 -9999 -9999 -9999 -9999 -9999 -9999 -9999 125 124 124 124 123 122 121 120 120
208 200 190 186 185 183 182 181 180 178 178 178 180 181 183 186 189 193 198 203 214 218 222 237 239 253 245 253 268 270 261 230 235 238 242 246 251 257 258 262 262 254 258 253 266 282 265 263 278 260 234 225 207 198 194 191 193 189 176 179 177 169 168 168 164 160 158 157 153 146 140 134 128 -9999 -9999 -9999 -9999 -9999 -9999 -9999 -9999 -9999 -9999 -9999 -9999 -9999 -9999 -9999 -9999 -9999 118
206 199 192 189 187 186 185 183 182 181 180 180 182 183 185 187 189 194 200 208 211 214 216 220 231 233 239 230 246 233 235 239 239 246 249 256 255 256 259 260 257 256 275 259 271 263 249 271 298 270 233 222 204 191 186 186 187 180 172 172 169 163 164 161 155 152 150 147 143 136 131 128 -9999 -9999 -9999 -9999 -9999 -9999 -9999 -9999 -9999 -9999 -9999 -9999 -9999 -9999 -9999 -9999 -9999 -9999 -9999
207 202 197 192 190 188 188 186 185 183 182 182 183 185 186 188 189 192 196 201 205 210 221 247 284 303 272 233 234 262 296 302 309 283 259 251 252 258 263 262 266 270 270 254 256 268 267 299 317 286 242 223 198 185 180 178 176 174 164 166 162 158 157 151 147 141 138 135 130 -9999 -9999 -9999 -9999 -9999 -9999 -9999 -9999 -9999 -9999 -9999 -9999 -9999 -9999 -9999 -9999 -9999 -9999 -9999 -9999 -9999 118
212 206 199 196 194 192 190 188 186 184 184 185 185 187 188 190 192 195 199 207 214 217 221 264 280 290 268 243 263 307 351 350 367 354 331 281 323 358 371 363 348 322 287 312 304 313 297 298 296 279 247 215 195 181 175 171 169 167 158 159 156 152 149 144 138 132 126 121 -9999 -9999 -9999 -9999 -9999 -9999 -9999 -9999 -9999 -9999 -9999 -9999 -9999 -9999 -9999 -9999 -9999 -9999 -9999 113 115 117 119
218 211 205 202 200 198 195 192 189 187 186 186 188 189 191 192 194 198 203 210 223 227 236 229 292 346 351 356 312 289 297 362 360 318 305 274 293 318 327 341 331 334 362 346 339 324 299 269 254 236 220 210 189 179 173 167 162 158 153 150 -9999 145 142 137 129 122 115 109 -9999 -9999 -9999 -9999 -9999 -9999 -9999 -9999 -9999 -9999 -9999 -9999 -9999 -9999 -9999 -9999 -9999 115 115 115 115 116 119
