resultados/variables_proyeccion_tiempo/variables_presente/bio13.asc
ncols 330
nrows 228
xllcorner -12.000000
yllcorner 34.000000
cellsize 0.166667
NODATA_value -9999
[rows 94 to 140 of 228, columns 192 to 287 of 330]
-9999 -9999 -9999 -9999 -9999 -9999 89 90 91 90 90 90 88 85 84 83 83 83 83 82 82 82 82 81 81 80 79 78 77 77 77 77 77 78 79 80 80 80 81 81 82 83 83 83 83 84 84 84 84 84 85 86 86 86 86 87 87 87 88 88 87 87 87 86 87 87 88 88 89 89 90 90 90 90 91 90 90 90 90 90 90 90 89 88 87 87 87 87 87 88 88 87 87 87 87 86
-9999 -9999 -9999 -9999 -9999 -9999 90 91 92 92 93 92 90 87 86 85 84 84 83 83 82 82 82 81 81 80 79 78 78 77 77 77 77 78 79 79 80 80 81 82 82 83 83 83 83 83 84 84 84 85 -9999 86 86 87 87 87 87 87 88 88 87 87 87 87 87 88 88 -9999 89 89 90 90 90 90 90 90 90 89 90 90 90 90 89 88 87 87 87 87 88 88 88 88 88 88 87 87
-9999 -9999 -9999 -9999 -9999 -9999 91 92 93 93 93 93 92 89 87 86 85 84 83 83 82 82 82 81 81 80 79 78 77 77 77 77 77 78 78 79 80 81 81 82 83 82 82 82 82 83 83 83 84 85 85 86 86 87 -9999 88 87 88 88 88 88 88 88 88 88 88 89 89 89 90 90 90 90 90 90 90 90 90 90 90 90 89 89 88 88 87 87 87 87 88 88 88 88 88 88 88
-9999 -9999 -9999 -9999 -9999 -9999 92 93 93 94 94 93 92 91 88 88 86 85 84 83 83 82 82 81 80 80 79 78 77 77 76 76 76 77 77 79 -9999 81 81 82 82 82 -9999 81 81 81 82 83 84 84 85 86 86 87 87 88 88 88 88 89 89 89 88 88 88 88 89 89 89 89 90 90 90 90 90 90 90 91 90 90 90 89 89 88 88 87 87 87 86 87 88 88 88 88 88 87
-9999 -9999 -9999 -9999 -9999 -9999 -9999 92 92 93 93 92 92 90 89 88 87 86 84 84 83 82 81 80 79 79 78 77 76 76 76 76 76 77 78 80 80 81 81 81 81 81 81 81 80 81 82 83 83 84 85 86 86 87 87 87 88 88 89 90 90 89 89 89 88 88 89 89 89 90 91 90 91 91 91 90 90 90 90 90 90 89 88 88 88 87 87 87 87 87 87 88 88 88 87 87
-9999 -9999 -9999 -9999 -9999 -9999 -9999 90 91 91 91 90 89 88 88 86 85 84 84 83 82 81 80 79 78 78 77 76 74 75 76 76 77 78 79 80 80 81 81 81 80 80 80 79 79 80 81 82 84 85 85 86 87 87 87 88 88 88 89 89 90 89 89 89 88 88 88 89 90 90 90 91 91 92 92 91 91 90 90 90 89 88 88 89 88 88 88 87 87 87 87 88 88 88 88 87
-9999 -9999 -9999 -9999 -9999 87 -9999 -9999 89 88 88 88 88 87 86 85 84 83 83 82 81 81 79 78 78 77 77 75 73 75 76 77 78 79 79 80 -9999 82 81 80 80 79 79 79 79 80 82 83 85 86 86 86 87 87 87 88 88 88 88 89 89 89 89 89 89 89 88 89 89 89 90 91 92 92 92 91 91 90 90 89 89 88 88 88 88 88 87 87 87 87 87 87 87 88 87 87
-9999 -9999 -9999 -9999 -9999 -9999 -9999 87 86 86 87 88 87 86 85 84 83 83 82 81 80 80 79 78 78 77 76 75 75 76 77 78 80 80 80 80 81 82 81 81 80 80 80 80 80 81 83 84 85 86 87 87 88 87 87 87 88 88 88 88 89 89 89 89 89 88 89 89 89 89 90 91 92 92 92 91 90 90 90 89 88 88 88 88 88 88 87 86 86 86 86 87 87 87 87 87
83 84 85 87 87 -9999 -9999 84 84 85 86 87 86 85 84 84 83 82 81 81 81 80 79 78 78 78 77 77 77 77 78 80 81 81 81 81 81 80 81 81 80 80 80 81 81 82 83 84 85 86 87 88 88 88 87 87 87 88 88 88 88 88 88 87 88 88 87 88 88 89 90 91 92 92 91 90 89 89 89 89 88 88 88 87 87 87 86 86 86 85 85 86 86 86 86 86
82 84 86 87 86 85 84 83 83 84 85 85 85 85 84 83 82 81 81 80 80 80 79 78 78 79 79 79 79 79 80 82 82 82 83 82 81 80 80 80 80 80 81 81 81 82 84 85 85 86 86 87 88 89 88 87 88 88 88 88 88 88 87 86 86 86 86 87 87 89 89 91 92 91 90 89 90 90 89 89 88 87 87 86 86 85 86 86 86 86 85 85 85 85 85 85
-9999 84 84 85 85 84 83 82 82 83 84 84 84 83 83 82 82 81 80 80 80 80 80 79 79 79 81 81 81 81 81 83 84 84 84 83 82 80 80 80 80 81 82 81 82 83 84 86 86 86 86 88 88 88 88 88 88 88 89 88 88 87 86 86 85 85 85 86 87 88 89 90 90 90 90 90 90 90 89 89 87 87 86 86 86 85 86 86 85 85 85 85 85 85 85 85
83 85 86 85 84 83 81 81 82 82 83 84 83 83 84 84 -9999 83 81 80 80 80 80 80 80 81 81 82 82 81 82 83 84 84 84 83 83 83 81 80 81 81 82 82 83 85 85 87 86 86 86 87 88 87 87 88 88 88 87 87 87 86 85 85 85 84 85 86 87 87 88 89 89 89 89 89 89 89 88 88 87 87 86 86 86 85 85 85 85 85 85 85 85 85 85 85
82 83 84 83 82 81 80 80 81 82 83 83 83 84 84 83 83 81 81 81 81 81 81 81 81 81 82 82 83 82 83 83 84 84 84 83 83 82 82 82 82 83 84 83 85 87 86 86 86 86 86 86 87 87 87 87 87 87 87 86 86 84 84 84 83 83 83 84 85 86 87 88 88 88 89 88 89 89 88 87 87 86 85 85 85 84 84 84 85 85 85 85 84 85 85 85
80 80 80 81 81 80 80 80 81 82 82 82 82 82 82 81 80 79 79 79 80 80 80 80 80 81 82 82 83 83 83 83 83 83 82 82 82 81 81 83 84 84 86 85 86 87 87 86 86 86 86 86 86 86 86 87 87 86 86 85 85 84 83 83 83 83 83 84 85 85 86 87 87 88 88 88 88 88 87 87 86 85 84 84 84 83 83 84 84 84 84 84 84 84 84 84
80 81 81 81 80 81 81 81 81 81 80 81 80 80 80 79 79 78 78 79 79 79 79 80 80 81 81 82 82 82 82 83 83 82 82 81 81 81 81 82 84 86 86 87 87 87 87 -9999 86 86 86 86 86 86 86 86 86 86 85 85 84 83 83 82 82 82 83 83 84 85 85 85 86 87 87 87 88 87 86 86 85 84 83 83 83 83 82 83 83 83 83 83 84 84 84 85
80 81 81 80 79 80 80 80 80 79 -9999 79 79 79 78 78 77 77 77 78 78 79 80 79 79 80 81 82 82 82 82 82 82 82 83 82 81 81 82 83 84 86 86 86 86 86 86 85 85 85 85 86 86 86 86 86 86 86 85 85 84 83 82 82 82 82 82 83 83 84 84 85 85 86 86 86 86 87 86 85 85 83 82 82 81 81 81 82 82 82 83 83 84 83 84 84
81 81 81 80 79 79 79 79 78 78 -9999 78 78 78 77 76 76 76 77 79 79 79 79 79 79 79 80 81 82 82 82 82 82 82 84 83 82 81 82 83 84 85 85 85 85 85 85 85 84 85 85 85 86 86 86 86 86 85 85 84 84 83 82 82 82 82 82 82 83 83 84 84 85 85 85 85 85 85 85 85 84 83 81 81 81 81 80 81 82 82 82 82 83 83 84 84
80 80 80 79 78 78 77 77 77 76 76 76 77 77 76 76 77 77 77 78 78 79 79 78 78 79 79 80 81 81 82 83 84 83 83 83 82 82 83 84 84 85 84 85 85 85 85 85 84 85 85 85 86 86 86 85 86 86 85 84 84 83 83 82 82 82 82 82 83 83 84 84 84 84 84 84 84 84 84 83 83 82 81 80 79 79 79 80 81 81 81 82 83 83 83 83
78 78 79 78 77 76 76 75 75 75 75 75 75 76 75 75 75 76 77 77 78 78 78 78 80 80 80 81 81 82 82 82 84 83 83 83 83 83 84 84 85 85 85 85 85 85 85 85 85 85 85 86 86 86 86 86 86 85 85 85 84 84 83 83 82 82 82 82 82 82 82 83 83 83 83 83 83 84 83 83 82 82 81 80 79 79 79 80 80 81 82 82 83 83 83 83
76 76 77 77 76 75 75 74 74 73 74 74 75 74 74 75 75 75 76 77 77 78 78 78 79 80 80 81 82 82 83 83 83 83 83 82 82 83 84 85 85 86 85 85 85 84 85 85 85 86 86 86 86 86 86 86 86 86 85 85 84 84 83 83 82 82 82 82 82 82 82 82 83 83 83 83 83 83 83 82 82 81 80 80 79 79 79 80 80 81 82 82 83 83 83 83
75 75 75 75 75 74 73 73 73 73 73 73 73 73 74 75 75 75 76 76 77 77 77 78 79 79 80 80 81 81 82 82 83 83 83 83 83 84 85 85 85 85 85 85 85 85 85 85 85 86 86 86 86 87 87 87 86 86 86 85 85 84 84 83 83 82 82 82 81 81 82 82 82 82 82 83 83 83 83 82 81 81 80 80 79 80 80 80 80 81 81 82 82 82 83 82
75 75 74 74 73 73 72 72 71 72 72 72 72 72 73 74 75 75 76 76 77 77 78 78 78 78 79 79 80 81 81 81 82 82 83 83 84 84 85 86 86 86 86 86 85 85 85 85 86 86 87 87 87 87 87 87 87 87 86 86 85 85 84 84 83 82 81 81 81 81 81 81 82 82 82 83 83 83 82 81 81 81 80 80 79 80 79 80 80 81 81 82 82 82 82 82
76 75 74 73 72 72 71 71 71 71 71 71 72 72 72 73 75 76 76 77 77 77 77 78 78 78 78 79 79 79 80 80 81 82 83 84 85 85 86 86 86 86 86 86 86 85 85 86 86 87 87 87 87 88 88 88 88 87 87 86 86 85 85 84 84 83 82 81 81 81 81 81 82 82 82 82 82 82 81 81 81 81 80 80 80 80 80 80 81 81 81 82 82 82 82 82
75 74 73 72 71 70 70 70 70 71 71 72 73 74 73 73 74 76 77 77 77 76 76 76 77 77 77 78 78 79 79 79 80 82 83 84 85 86 86 87 87 87 87 87 87 86 86 -9999 87 88 88 88 88 88 88 88 89 88 88 88 87 86 85 85 84 84 82 81 81 81 81 81 82 82 81 81 82 82 82 81 80 80 80 80 80 80 80 80 81 81 81 82 82 82 82 82
75 74 73 72 71 71 70 70 71 72 73 73 74 74 73 74 75 76 77 76 75 75 75 76 76 76 77 77 78 78 79 79 80 82 83 84 86 86 87 87 88 88 88 87 87 87 86 87 88 88 88 89 89 89 89 89 89 89 89 88 87 86 85 84 84 83 82 82 81 81 81 81 81 81 81 81 81 81 81 81 80 80 80 80 80 80 80 80 81 81 81 81 80 81 81 81
76 75 75 74 73 72 71 71 72 72 73 73 74 74 74 74 75 77 78 76 74 73 74 74 75 75 76 77 77 78 78 78 79 81 82 84 86 87 87 88 88 88 88 88 87 87 87 87 88 89 89 89 90 90 90 90 89 89 89 88 88 87 85 85 83 83 83 82 82 81 81 80 80 81 81 81 81 81 82 81 80 81 81 81 81 81 80 80 81 80 80 80 80 80 81 81
78 77 77 77 76 74 73 72 72 73 73 74 75 74 73 74 75 76 77 75 73 71 72 73 74 75 76 77 77 77 78 78 78 80 81 83 85 86 87 88 89 89 89 89 88 88 88 89 89 90 90 91 91 91 91 91 90 89 89 88 88 86 86 85 84 83 83 82 82 81 81 80 80 81 81 81 81 82 81 80 80 81 81 81 81 81 81 80 81 80 79 80 80 80 80 80
80 79 78 78 77 76 75 74 -9999 74 74 74 75 74 74 74 75 75 75 73 71 70 71 72 74 75 76 77 77 77 78 78 78 79 80 82 84 86 88 89 89 90 90 90 89 89 89 90 90 91 91 91 91 91 91 91 90 89 89 88 87 86 85 85 84 84 83 82 82 81 80 80 80 80 81 81 81 82 81 80 81 81 81 81 81 80 80 80 80 79 79 79 79 79 79 79
81 80 79 79 78 77 77 76 76 75 74 74 74 74 74 74 75 75 74 72 70 69 71 72 74 75 76 77 78 78 78 78 78 78 79 81 83 85 88 89 90 91 91 91 90 89 90 91 91 92 92 93 93 92 92 91 91 90 89 88 87 87 86 85 85 84 83 82 81 81 80 81 80 80 80 80 80 80 80 80 81 81 81 80 80 80 80 80 79 79 79 79 79 78 78 78
83 82 83 82 80 80 79 79 78 78 77 76 76 76 76 76 75 75 74 73 71 70 71 73 75 76 77 78 78 78 78 78 78 78 79 80 82 84 87 90 91 91 92 92 91 91 91 92 93 95 94 95 94 94 93 92 92 91 90 89 87 87 85 85 85 84 83 82 81 80 80 80 80 79 79 80 80 80 80 81 81 81 80 80 80 80 80 80 79 79 79 79 78 78 78 77
84 85 86 87 85 83 82 81 80 79 78 77 78 78 78 77 77 75 75 74 73 73 73 74 76 77 78 79 79 79 79 78 78 78 79 79 80 83 86 90 91 92 93 93 93 92 93 93 94 95 95 95 95 94 93 92 91 90 90 89 88 86 85 84 84 83 82 82 81 80 80 80 79 79 79 80 80 80 80 80 80 80 80 80 79 79 79 79 79 78 78 77 77 77 77 77
87 88 89 90 90 88 86 84 83 81 79 80 80 80 79 79 79 77 76 76 76 75 75 76 77 78 79 79 80 79 79 78 78 78 79 79 80 82 85 88 91 92 94 94 93 93 94 95 95 95 95 95 95 94 94 93 92 91 90 89 88 86 85 84 84 83 82 81 80 80 79 79 79 79 79 80 80 80 80 81 81 81 80 80 79 79 78 79 79 78 78 76 76 76 75 75
89 90 91 91 93 92 90 87 85 83 82 82 82 82 82 81 81 80 78 78 78 78 78 78 79 79 80 81 81 80 80 79 78 79 80 80 81 82 84 87 90 92 94 95 95 95 95 96 96 96 96 96 95 95 94 93 92 91 90 89 88 87 85 84 83 83 82 81 80 79 79 78 78 79 79 79 80 80 80 81 81 81 80 79 79 78 78 78 77 77 77 76 76 75 75 75
91 91 91 92 92 93 93 91 88 85 83 82 82 83 83 83 82 80 80 79 80 79 79 80 80 81 81 82 82 82 81 80 79 80 80 81 82 84 86 88 91 94 96 96 96 96 97 97 97 97 97 96 95 95 94 93 92 91 90 89 88 87 -9999 84 83 82 81 80 80 79 78 78 78 78 79 79 79 80 80 80 80 79 79 78 78 77 77 77 76 76 75 75 75 74 74 74
94 94 93 93 94 93 91 90 88 85 83 83 83 83 83 83 83 83 83 83 82 81 81 82 82 82 83 83 83 83 82 81 80 81 82 82 84 85 88 90 93 96 97 98 98 98 98 98 98 98 97 97 96 95 94 93 92 91 90 89 88 86 86 84 83 82 81 80 79 78 77 77 77 77 78 78 78 79 79 79 78 78 77 77 76 76 75 75 75 74 74 73 73 72 72 71
97 97 96 94 95 94 92 90 88 86 85 85 85 84 84 84 84 83 83 85 85 84 84 84 85 84 85 85 85 84 83 82 83 83 83 85 87 88 90 92 96 98 100 100 100 99 99 99 98 98 98 97 96 95 94 93 92 91 90 89 88 87 86 84 83 82 80 79 78 77 76 76 76 77 77 77 78 78 78 77 77 76 75 75 74 74 74 74 73 72 72 71 70 70 70 70
98 97 97 96 95 94 93 92 91 90 89 88 88 87 86 85 86 86 84 85 88 87 86 86 86 86 86 87 86 85 84 84 85 85 85 88 89 90 92 94 98 100 104 103 102 101 100 99 99 98 97 97 96 95 94 93 92 91 90 89 88 87 86 84 82 81 80 79 77 76 75 75 76 76 76 76 77 77 77 75 75 74 73 73 72 73 72 72 71 70 70 70 69 69 69 68
98 97 97 97 98 97 98 96 94 93 92 90 89 89 88 87 87 87 87 87 88 91 90 89 89 89 88 88 88 87 87 87 88 88 89 90 91 93 95 97 99 103 106 104 103 101 100 100 99 98 97 97 96 95 94 94 92 91 90 89 89 87 86 85 83 82 80 78 77 76 76 76 76 76 76 76 76 76 75 74 74 73 71 71 71 71 70 70 69 69 69 68 67 67 67 65
105 102 104 104 103 103 103 100 99 98 96 94 94 94 92 92 90 89 89 89 90 91 93 94 92 91 90 90 90 91 92 92 92 91 92 92 93 94 96 99 101 103 104 104 103 102 100 100 99 98 97 96 96 95 94 94 92 91 91 89 88 87 86 85 84 82 81 79 78 76 76 76 76 76 76 75 75 75 74 74 72 70 70 69 70 69 69 69 67 67 67 67 66 66 65 64
123 120 117 112 110 108 106 102 99 98 97 97 97 95 95 96 94 92 92 91 92 92 94 95 96 94 94 94 95 94 94 94 93 93 94 95 95 97 99 101 102 103 104 104 103 102 101 100 99 98 97 96 96 95 94 93 92 92 90 89 88 87 85 84 83 81 80 79 78 77 76 76 77 76 76 75 74 73 73 72 70 69 68 68 68 67 67 67 66 66 65 65 64 64 63 62
144 141 122 112 115 117 114 112 108 103 101 98 97 97 101 102 98 95 95 94 94 94 94 95 97 96 97 96 97 96 96 95 95 94 94 96 97 98 100 102 103 104 105 104 104 102 101 99 98 96 96 96 95 95 94 93 92 91 90 89 88 87 86 84 82 81 80 79 77 76 76 76 76 76 75 75 73 72 71 70 69 68 67 66 66 65 66 65 64 64 64 63 63 63 63 62
141 129 121 128 122 125 120 115 109 106 106 108 104 101 101 104 105 103 100 98 96 95 95 95 95 95 96 97 98 97 98 97 96 96 96 97 99 99 101 102 103 104 104 104 103 101 100 99 97 96 94 94 94 94 94 93 92 91 90 90 89 87 86 85 83 81 79 78 77 76 76 76 75 -9999 -9999 74 -9999 71 71 69 68 67 65 64 64 63 63 62 62 62 62 62 63 62 63 63
179 159 118 121 119 118 119 107 100 98 99 102 108 112 109 109 108 107 109 107 105 100 97 97 96 96 97 96 97 99 98 99 98 97 97 98 99 100 101 102 103 104 104 104 103 103 100 98 96 95 94 93 93 93 92 92 92 91 91 90 89 87 86 84 82 80 80 78 77 76 75 74 75 74 73 -9999 -9999 -9999 -9999 68 67 65 64 63 62 61 61 61 61 61 61 62 62 63 63 64
152 116 103 117 116 113 105 101 98 95 94 95 98 104 111 114 116 112 111 117 112 106 103 100 100 98 98 98 98 98 99 100 99 99 98 99 99 100 102 102 103 104 103 104 104 102 101 98 96 93 92 92 92 92 92 91 91 91 90 90 88 87 85 84 81 79 78 77 76 75 75 74 75 75 74 73 71 70 69 -9999 65 64 63 62 61 59 59 59 60 60 61 61 62 63 63 64
147 126 108 101 104 106 103 95 107 94 89 92 100 102 96 103 110 117 114 116 114 119 114 107 103 101 102 100 98 99 98 99 99 100 99 99 100 100 101 102 104 104 103 104 103 102 102 100 96 94 93 92 91 91 91 91 90 90 90 89 89 87 85 82 79 77 76 75 75 74 74 74 74 74 74 73 72 70 69 67 65 64 62 61 60 59 59 59 60 60 61 62 62 62 63 64
111 110 97 109 107 104 102 92 93 98 86 86 86 92 99 98 106 110 109 116 116 119 122 123 114 109 104 101 99 99 99 98 99 99 100 100 100 100 101 101 103 104 103 103 103 103 101 99 97 93 93 92 91 90 89 89 89 89 89 88 88 86 83 80 77 75 74 73 72 72 72 73 73 73 73 73 71 69 67 67 66 64 64 62 61 -9999 59 59 59 60 60 61 61 62 63 64
91 85 88 91 92 89 88 87 95 89 85 85 85 85 90 95 101 101 105 117 113 119 126 129 127 121 113 107 104 101 100 99 100 100 101 100 100 101 100 100 101 102 102 102 102 102 101 99 96 94 92 91 91 90 89 88 88 87 87 87 86 84 81 78 75 74 73 72 72 71 71 71 71 71 71 71 70 68 66 65 65 65 64 63 62 61 60 59 58 58 59 59 60 61 62 63
