resultados/variables_proyeccion_tiempo/variables_presente/bio11.asc
ncols 330
nrows 228
xllcorner -12.000000
yllcorner 34.000000
cellsize 0.166667
NODATA_value -9999
[rows 126 to 167 of 228, columns 192 to 287 of 330]
-35 -38 -40 -43 -45 -43 -39 -36 -32 -30 -30 -33 -37 -40 -42 -41 -40 -39 -36 -35 -36 -36 -35 -34 -34 -34 -35 -36 -36 -36 -37 -37 -38 -40 -41 -41 -41 -42 -42 -42 -42 -42 -44 -44 -45 -45 -45 -45 -45 -45 -45 -45 -45 -45 -45 -44 -45 -44 -44 -43 -42 -42 -41 -41 -42 -42 -43 -43 -44 -45 -45 -45 -46 -47 -48 -48 -49 -50 -51 -52 -53 -54 -55 -56 -57 -58 -59 -60 -60 -60 -63 -63 -64 -64 -66 -66
-34 -36 -38 -40 -41 -40 -39 -37 -33 -29 -28 -30 -35 -38 -40 -40 -38 -36 -34 -33 -33 -33 -32 -32 -33 -34 -34 -35 -36 -36 -37 -37 -38 -40 -40 -41 -41 -42 -42 -42 -43 -43 -43 -43 -44 -44 -45 -45 -44 -45 -45 -44 -44 -44 -44 -43 -43 -42 -42 -42 -42 -41 -9999 -40 -40 -41 -41 -42 -44 -44 -44 -45 -45 -46 -47 -47 -48 -49 -50 -51 -50 -51 -53 -55 -56 -57 -58 -59 -57 -59 -61 -62 -64 -64 -64 -65
-32 -34 -34 -36 -37 -35 -34 -32 -30 -28 -28 -31 -34 -36 -36 -36 -35 -35 -35 -34 -33 -31 -31 -32 -31 -31 -32 -33 -34 -35 -36 -37 -37 -39 -40 -41 -42 -42 -43 -42 -43 -44 -43 -43 -44 -44 -44 -44 -44 -45 -44 -44 -44 -44 -44 -43 -42 -42 -42 -42 -42 -40 -40 -38 -40 -40 -40 -41 -42 -43 -43 -43 -44 -44 -45 -45 -45 -47 -48 -48 -49 -51 -52 -53 -54 -55 -55 -56 -58 -59 -60 -60 -61 -61 -62 -62
-32 -32 -33 -32 -32 -31 -29 -29 -29 -29 -32 -34 -36 -36 -36 -34 -33 -31 -31 -33 -32 -30 -29 -29 -30 -29 -31 -33 -33 -34 -34 -35 -37 -38 -39 -42 -42 -42 -42 -41 -43 -42 -43 -43 -43 -43 -43 -44 -44 -44 -44 -44 -44 -44 -43 -42 -42 -42 -42 -42 -41 -40 -41 -37 -39 -39 -39 -40 -41 -42 -42 -43 -43 -43 -43 -44 -45 -46 -46 -46 -47 -50 -50 -51 -52 -53 -55 -56 -57 -57 -57 -57 -58 -59 -60 -62
-28 -29 -29 -29 -28 -27 -27 -28 -30 -33 -36 -40 -41 -40 -36 -33 -31 -30 -28 -29 -31 -29 -27 -27 -28 -28 -29 -31 -31 -32 -33 -34 -36 -37 -38 -41 -42 -41 -41 -41 -42 -42 -43 -43 -44 -43 -43 -44 -44 -43 -43 -43 -43 -43 -43 -42 -42 -42 -42 -41 -41 -41 -40 -37 -37 -38 -39 -39 -39 -41 -41 -42 -42 -42 -42 -42 -43 -44 -44 -44 -46 -48 -48 -49 -50 -53 -54 -56 -55 -55 -56 -57 -58 -59 -60 -59
-24 -25 -26 -26 -26 -25 -28 -29 -32 -35 -39 -42 -44 -41 -36 -31 -27 -26 -25 -26 -27 -30 -28 -27 -27 -27 -28 -29 -30 -31 -33 -34 -37 -37 -40 -41 -40 -41 -42 -42 -41 -42 -43 -43 -43 -43 -43 -44 -43 -43 -43 -43 -43 -43 -43 -43 -42 -42 -42 -41 -42 -42 -40 -40 -39 -39 -38 -38 -39 -40 -41 -41 -41 -41 -41 -41 -42 -42 -42 -43 -45 -47 -47 -48 -49 -51 -53 -55 -52 -54 -56 -55 -56 -57 -58 -56
-26 -26 -29 -30 -28 -28 -30 -31 -35 -39 -42 -45 -46 -46 -40 -33 -26 -22 -23 -24 -25 -27 -28 -28 -26 -27 -27 -28 -29 -33 -36 -38 -39 -39 -40 -39 -39 -40 -40 -41 -42 -42 -43 -43 -43 -42 -42 -43 -43 -43 -43 -43 -43 -43 -43 -43 -42 -42 -42 -41 -41 -41 -41 -41 -41 -41 -41 -40 -40 -40 -40 -40 -40 -41 -40 -40 -40 -40 -40 -43 -44 -44 -46 -46 -50 -52 -53 -53 -51 -52 -53 -55 -55 -56 -56 -56
-34 -34 -35 -34 -33 -32 -32 -32 -33 -37 -41 -45 -48 -47 -43 -37 -27 -23 -23 -23 -24 -25 -25 -26 -28 -27 -28 -30 -33 -34 -36 -37 -37 -39 -40 -40 -40 -40 -41 -41 -42 -42 -42 -42 -42 -42 -43 -43 -43 -43 -44 -43 -44 -44 -43 -42 -42 -43 -42 -41 -41 -41 -41 -40 -40 -40 -40 -40 -40 -39 -39 -39 -40 -40 -40 -40 -38 -39 -41 -41 -42 -44 -45 -47 -48 -50 -52 -51 -50 -52 -52 -52 -54 -54 -53 -53
-42 -44 -38 -33 -35 -36 -35 -38 -39 -40 -43 -45 -47 -49 -51 -45 -34 -28 -26 -24 -24 -24 -24 -24 -28 -28 -30 -30 -33 -33 -35 -36 -36 -37 -37 -39 -38 -39 -40 -41 -41 -42 -42 -42 -43 -42 -42 -42 -42 -42 -42 -43 -43 -44 -43 -42 -42 -42 -42 -41 -42 -42 -43 -41 -41 -41 -41 -41 -40 -38 -38 -38 -38 -39 -40 -39 -38 -38 -39 -40 -42 -43 -44 -45 -46 -48 -50 -50 -49 -50 -51 -51 -51 -52 -53 -53
-39 -39 -39 -44 -39 -41 -39 -39 -39 -41 -46 -51 -52 -52 -50 -48 -44 -38 -32 -28 -25 -24 -23 -23 -24 -25 -26 -28 -31 -32 -34 -35 -35 -35 -36 -37 -38 -38 -39 -40 -40 -40 -41 -41 -41 -41 -42 -42 -42 -41 -41 -41 -41 -43 -43 -43 -42 -42 -42 -42 -43 -42 -43 -43 -43 -42 -41 -40 -40 -39 -39 -39 -38 -9999 -9999 -39 -9999 -38 -39 -40 -41 -42 -42 -43 -45 -46 -47 -46 -47 -48 -49 -49 -49 -49 -50 -51
-60 -56 -41 -42 -40 -37 -39 -33 -31 -32 -37 -43 -51 -55 -52 -49 -45 -41 -41 -38 -35 -28 -24 -24 -24 -24 -25 -25 -27 -31 -32 -34 -34 -34 -35 -35 -36 -37 -37 -38 -39 -39 -40 -40 -41 -42 -42 -41 -41 -41 -41 -40 -41 -41 -41 -43 -42 -42 -42 -43 -43 -43 -43 -43 -43 -42 -43 -42 -41 -42 -40 -39 -40 -39 -38 -9999 -9999 -9999 -9999 -39 -40 -40 -40 -42 -43 -43 -44 -45 -45 -46 -46 -46 -46 -47 -48 -49
-52 -42 -38 -42 -40 -37 -31 -29 -29 -28 -29 -33 -37 -44 -49 -51 -51 -45 -42 -47 -41 -34 -30 -26 -27 -26 -25 -26 -25 -27 -30 -33 -33 -34 -33 -34 -34 -35 -37 -37 -38 -38 -38 -39 -39 -40 -40 -40 -40 -39 -39 -40 -41 -41 -40 -41 -41 -42 -42 -43 -42 -43 -42 -43 -43 -41 -42 -42 -42 -41 -41 -40 -42 -42 -42 -39 -38 -39 -39 -9999 -38 -38 -39 -41 -42 -41 -41 -42 -42 -43 -43 -43 -44 -45 -45 -46
-52 -46 -40 -34 -33 -33 -31 -25 -36 -26 -22 -25 -34 -36 -30 -36 -42 -47 -43 -45 -41 -47 -42 -33 -29 -28 -29 -27 -25 -27 -27 -30 -31 -32 -32 -32 -33 -33 -34 -35 -37 -37 -36 -37 -38 -38 -39 -39 -39 -40 -39 -38 -38 -38 -39 -41 -39 -40 -42 -43 -43 -43 -43 -42 -41 -40 -41 -42 -42 -43 -42 -41 -42 -41 -42 -42 -41 -41 -40 -40 -40 -39 -39 -39 -39 -39 -39 -39 -41 -41 -42 -43 -43 -42 -43 -44
-37 -38 -32 -39 -37 -33 -31 -22 -23 -28 -16 -16 -15 -21 -29 -27 -35 -38 -36 -42 -42 -46 -49 -51 -41 -35 -30 -27 -26 -26 -28 -27 -30 -29 -30 -30 -31 -31 -32 -32 -35 -35 -35 -35 -35 -36 -36 -37 -37 -37 -39 -39 -38 -37 -37 -38 -38 -40 -41 -42 -43 -42 -41 -41 -40 -39 -40 -40 -40 -41 -42 -42 -42 -42 -43 -42 -41 -40 -39 -41 -41 -41 -40 -39 -39 -9999 -37 -37 -38 -38 -39 -39 -38 -40 -41 -41
-25 -20 -24 -25 -24 -19 -17 -16 -24 -17 -13 -12 -10 -10 -15 -21 -28 -26 -30 -42 -37 -44 -52 -56 -55 -48 -40 -33 -31 -28 -27 -27 -28 -28 -28 -28 -28 -30 -30 -30 -31 -32 -33 -33 -32 -33 -34 -35 -34 -35 -37 -37 -38 -37 -37 -36 -37 -37 -38 -39 -41 -41 -40 -40 -38 -40 -40 -40 -41 -41 -42 -42 -41 -40 -42 -41 -40 -39 -38 -38 -40 -40 -39 -39 -39 -38 -37 -35 -34 -35 -35 -34 -35 -36 -36 -37
-17 -15 -17 -17 -15 -16 -16 -18 -23 -14 -12 -9 -8 -8 -8 -9 -12 -20 -28 -23 -35 -36 -48 -51 -52 -52 -53 -43 -39 -31 -28 -26 -26 -26 -26 -29 -31 -30 -30 -29 -30 -32 -33 -33 -33 -31 -31 -32 -32 -32 -34 -35 -36 -37 -36 -36 -36 -36 -35 -37 -38 -38 -39 -38 -38 -37 -38 -39 -39 -40 -41 -41 -41 -40 -39 -40 -39 -39 -38 -37 -38 -38 -38 -37 -37 -37 -36 -36 -35 -35 -33 -35 -36 -37 -36 -35
-14 -13 -15 -14 -12 -12 -12 -16 -13 -9 -8 -8 -7 -7 -7 -8 -9 -10 -12 -20 -18 -28 -35 -40 -53 -52 -47 -50 -50 -42 -35 -31 -31 -30 -30 -28 -27 -27 -27 -28 -28 -29 -30 -31 -31 -31 -30 -31 -30 -29 -30 -31 -34 -35 -35 -34 -34 -35 -35 -34 -35 -35 -35 -37 -37 -36 -37 -37 -39 -39 -40 -41 -40 -39 -37 -38 -39 -38 -37 -36 -35 -36 -35 -36 -35 -34 -35 -33 -31 -32 -32 -31 -33 -35 -35 -34
-14 -16 -23 -25 -12 -9 -9 -8 -9 -8 -8 -7 -7 -7 -6 -7 -7 -8 -10 -18 -15 -18 -22 -28 -38 -42 -49 -60 -49 -42 -42 -44 -38 -32 -32 -32 -31 -29 -28 -27 -27 -28 -27 -29 -29 -29 -29 -28 -29 -30 -27 -27 -30 -33 -33 -33 -33 -32 -32 -33 -32 -33 -34 -33 -33 -34 -35 -35 -37 -38 -39 -39 -37 -36 -35 -36 -37 -36 -34 -34 -34 -33 -33 -34 -33 -32 -33 -31 -30 -30 -9999 -29 -31 -33 -34 -33
-14 -11 -13 -12 -8 -7 -7 -7 -7 -8 -8 -7 -7 -7 -6 -6 -7 -8 -9 -12 -18 -32 -30 -22 -30 -41 -52 -55 -56 -50 -48 -47 -44 -39 -34 -32 -32 -31 -28 -26 -26 -26 -26 -26 -28 -27 -27 -27 -26 -27 -29 -31 -29 -29 -29 -31 -31 -31 -31 -31 -30 -31 -31 -31 -31 -32 -31 -33 -34 -33 -35 -35 -35 -34 -33 -33 -34 -34 -32 -31 -31 -31 -30 -31 -30 -29 -30 -30 -28 -26 -25 -26 -28 -30 -31 -31
-5 -6 -6 -6 -5 -6 -6 -6 -6 -8 -8 -7 -7 -6 -5 -5 -6 -7 -8 -10 -20 -29 -38 -32 -30 -29 -36 -46 -52 -58 -54 -50 -47 -45 -41 -32 -31 -33 -30 -27 -26 -26 -26 -23 -25 -25 -26 -25 -26 -27 -26 -30 -30 -28 -27 -28 -29 -30 -29 -28 -28 -29 -29 -29 -29 -29 -28 -28 -30 -30 -31 -31 -31 -31 -30 -31 -32 -31 -30 -29 -30 -30 -29 -28 -27 -27 -27 -26 -24 -25 -22 -23 -25 -26 -28 -30
-2 -3 -3 -4 -4 -5 -5 -5 -6 -7 -7 -6 -6 -5 -4 -5 -6 -8 -12 -11 -11 -14 -23 -32 -37 -40 -39 -52 -55 -59 -53 -49 -47 -42 -42 -36 -33 -31 -31 -30 -30 -26 -25 -23 -22 -22 -23 -24 -23 -23 -23 -23 -26 -27 -25 -25 -26 -28 -27 -26 -26 -25 -25 -26 -26 -26 -26 -24 -26 -28 -27 -29 -28 -29 -28 -29 -29 -28 -28 -27 -28 -28 -28 -26 -24 -9999 -23 -9999 -22 -22 -9999 -9999 -23 -25 -25 -26
-1 -2 -2 -3 -3 -3 -4 -4 -5 -5 -5 -4 -4 -4 -5 -7 -7 -8 -10 -10 -16 -19 -23 -25 -29 -34 -34 -43 -40 -43 -48 -47 -49 -49 -44 -42 -36 -32 -32 -32 -34 -28 -24 -22 -22 -21 -21 -23 -25 -24 -24 -22 -21 -24 -22 -22 -24 -25 -24 -24 -23 -23 -22 -22 -24 -23 -23 -23 -24 -24 -25 -27 -27 -25 -27 -27 -27 -26 -26 -26 -26 -27 -27 -25 -23 -23 -23 -22 -21 -9999 -21 -21 -23 -24 -25 -26
0 -0 -1 -2 -2 -2 -3 -3 -3 -3 -2 -2 -3 -4 -7 -7 -8 -9 -11 -11 -15 -17 -19 -22 -22 -24 -27 -31 -38 -44 -48 -51 -50 -51 -47 -48 -44 -37 -32 -32 -31 -30 -24 -22 -21 -19 -18 -21 -26 -25 -24 -24 -23 -23 -19 -19 -21 -23 -20 -21 -20 -20 -21 -20 -20 -20 -22 -22 -23 -23 -22 -24 -25 -23 -24 -24 -24 -23 -23 -24 -25 -25 -25 -9999 -24 -23 -23 -22 -22 -21 -21 -21 -22 -21 -22 -24
1 0 -0 -1 -1 -1 -1 -2 -1 -1 -1 -2 -3 -5 -12 -15 -13 -13 -14 -12 -16 -19 -19 -18 -23 -23 -26 -29 -42 -49 -51 -57 -50 -50 -52 -43 -45 -43 -35 -32 -31 -29 -28 -26 -24 -21 -21 -18 -20 -25 -26 -24 -21 -20 -17 -16 -16 -19 -19 -18 -17 -16 -16 -17 -17 -17 -18 -18 -19 -20 -21 -20 -21 -21 -21 -21 -21 -21 -22 -22 -23 -22 -9999 -23 -23 -22 -22 -21 -21 -20 -20 -20 -20 -18 -20 -21
2 1 0 0 -0 -0 -0 -0 0 0 0 -2 -4 -7 -16 -15 -20 -18 -14 -15 -18 -19 -17 -19 -21 -23 -25 -28 -30 -36 -42 -45 -41 -48 -47 -48 -42 -40 -34 -33 -33 -28 -31 -27 -25 -25 -24 -24 -17 -20 -22 -23 -20 -18 -17 -15 -14 -13 -15 -13 -15 -14 -13 -13 -14 -14 -13 -15 -16 -16 -17 -17 -18 -18 -18 -18 -18 -19 -19 -19 -20 -20 -20 -21 -21 -20 -20 -20 -19 -19 -18 -18 -16 -17 -17 -19
2 2 1 1 1 1 1 1 1 1 1 0 -1 -2 -7 -27 -36 -26 -25 -22 -18 -19 -18 -18 -20 -22 -23 -25 -26 -31 -43 -51 -40 -44 -54 -50 -52 -49 -38 -30 -31 -27 -30 -28 -26 -22 -22 -23 -18 -17 -20 -20 -20 -17 -15 -15 -13 -10 -9 -9 -11 -11 -9 -9 -9 -10 -10 -11 -12 -13 -14 -9999 -15 -15 -15 -15 -15 -15 -15 -15 -16 -18 -19 -19 -19 -18 -18 -17 -17 -17 -16 -15 -14 -14 -15 -14
3 2 2 2 2 1 2 2 2 2 2 2 -6 -15 -5 -18 -35 -33 -36 -34 -23 -20 -17 -16 -18 -20 -21 -22 -24 -29 -34 -45 -47 -46 -43 -51 -52 -52 -44 -33 -31 -25 -28 -29 -25 -25 -20 -21 -19 -14 -17 -17 -17 -17 -15 -13 -13 -12 -9 -6 -6 -8 -7 -5 -9999 -6 -9999 -9999 -9999 -9999 -9999 -9999 -9999 -9999 -10 -10 -10 -11 -11 -12 -13 -15 -16 -16 -16 -15 -15 -15 -15 -15 -13 -13 -12 -12 -9999 -9999
3 3 3 3 2 2 2 2 3 3 3 2 0 -8 -12 -15 -30 -23 -26 -26 -21 -20 -14 -14 -17 -18 -19 -21 -23 -26 -30 -36 -37 -52 -40 -47 -53 -48 -38 -34 -30 -26 -26 -26 -25 -22 -19 -19 -15 -13 -16 -16 -15 -13 -14 -11 -12 -9 -9 -8 -3 -2 -4 -2 -2 -9999 -9999 -9999 -9999 -9999 -9999 -9999 -6 -6 -7 -7 -7 -8 -7 -8 -9 -10 -12 -13 -12 -12 -12 -12 -13 -12 -11 -9999 -10 -9999 -9999 -9999
4 3 4 4 3 3 3 3 3 2 -4 -2 -6 -4 -7 -5 -12 -16 -19 -24 -22 -14 -11 -14 -16 -17 -20 -21 -23 -25 -28 -30 -34 -39 -48 -39 -46 -53 -43 -32 -26 -27 -22 -22 -21 -18 -18 -17 -12 -14 -16 -13 -13 -12 -11 -8 -8 -6 -6 -4 -3 -9999 -9999 1 -9999 -9999 -9999 -9999 -9999 -9999 -9999 -9999 -3 -3 -3 -4 -4 -4 -3 -4 -4 -5 -5 -6 -6 -7 -8 -9 -10 -10 -9999 -9999 -9999 -9999 -9999 -9999
6 5 6 5 5 5 4 3 2 2 -1 -1 -1 -5 -5 -9 -7 -10 -14 -15 -14 -8 -11 -13 -16 -18 -21 -24 -25 -27 -29 -28 -31 -31 -37 -43 -39 -40 -47 -42 -33 -30 -22 -18 -16 -16 -19 -18 -11 -14 -14 -10 -10 -11 -9 -6 -4 -2 -2 -0 0 2 4 -9999 -9999 -9999 -9999 -9999 -9999 -9999 -9999 -9999 -9999 -9999 -9999 -9999 -9999 -9999 -9999 -9999 0 -9999 1 -9999 -9999 -9999 -9999 -4 -9999 -9999 -9999 -9999 -9999 -9999 -9999 -9999
8 7 8 7 7 6 5 4 3 1 2 2 2 1 -2 -3 -5 -3 -8 -5 -7 -10 -11 -15 -17 -20 -21 -22 -24 -26 -26 -27 -34 -30 -36 -35 -32 -41 -53 -45 -31 -28 -20 -14 -13 -14 -17 -14 -10 -11 -11 -8 -10 -8 -5 -4 -2 1 2 3 4 4 -9999 -9999 -9999 -9999 -9999 -9999 -9999 -9999 -9999 -9999 -9999 -9999 -9999 -9999 -9999 -9999 -9999 -9999 -9999 -9999 9 9 8 5 -9999 1 -9999 -9999 -9999 -9999 -9999 -9999 -9999 -9999
9 9 9 9 9 8 7 6 6 6 6 4 1 -6 -16 -20 -13 -3 -4 -12 -21 -23 -27 -23 -19 -18 -20 -22 -25 -25 -27 -29 -31 -27 -29 -34 -36 -49 -60 -51 -35 -28 -17 -10 -9 -10 -11 -12 -7 -10 -8 -6 -7 -4 -3 0 2 3 5 -9999 -9999 -9999 -9999 -9999 -9999 -9999 -9999 -9999 -9999 -9999 -9999 -9999 -9999 -9999 -9999 -9999 -9999 -9999 -9999 -9999 11 12 15 16 16 12 7 6 -9999 -9999 -9999 -9999 -9999 -9999 -9999 -9999
11 11 11 11 11 10 10 9 7 6 4 3 2 -10 -14 -17 -12 -6 -12 -23 -35 -36 -45 -44 -39 -26 -41 -55 -62 -59 -53 -43 -34 -41 -41 -47 -44 -48 -51 -47 -36 -23 -14 -8 -7 -7 -8 -9 -5 -7 -6 -4 -3 -1 1 3 5 7 -9999 -9999 -9999 -9999 -9999 -9999 -9999 -9999 -9999 -9999 -9999 -9999 -9999 -9999 -9999 -9999 -9999 -9999 -9999 11 11 12 13 15 18 22 27 23 15 12 10 9 -9999 -9999 -9999 -9999 -9999 -9999
12 13 13 13 13 13 12 11 9 6 2 1 -2 -0 -17 -32 -35 -40 -25 -20 -23 -44 -45 -34 -32 -25 -32 -40 -44 -51 -47 -47 -62 -51 -52 -50 -44 -36 -33 -28 -23 -20 -11 -7 -5 -4 -4 -4 -2 -2 -9999 -0 0 2 4 7 8 10 -9999 -9999 -9999 -9999 -9999 -9999 -9999 -9999 -9999 -9999 -9999 -9999 -9999 -9999 -9999 -9999 -9999 11 10 12 14 15 16 18 21 26 31 30 22 17 15 14 -9999 -9999 -9999 -9999 -9999 -9999
13 14 15 15 15 15 14 13 11 6 -0 -6 -21 -12 -21 -46 -40 -35 -27 -26 -21 -29 -32 -36 -34 -24 -23 -25 -27 -28 -30 -41 -42 -38 -36 -31 -27 -24 -22 -18 -14 -11 -7 -5 -4 -3 -2 -1 0 -3 -2 2 4 5 7 9 11 12 -9999 -9999 -9999 -9999 -9999 -9999 -9999 -9999 -9999 -9999 -9999 -9999 -9999 -9999 -9999 -9999 -9999 -9999 -9999 -9999 -9999 19 21 23 23 24 26 26 21 18 16 17 16 17 16 14 12 10
13 15 18 18 16 14 15 14 9 8 -5 -16 -26 -11 -21 -28 -15 -11 -5 -3 -5 -8 -12 -14 -13 -13 -14 -19 -20 -20 -24 -24 -23 -23 -22 -19 -16 -16 -16 -13 -7 -6 -4 -3 -2 -1 1 2 3 0 -3 0 3 6 9 11 13 15 -9999 -9999 -9999 -9999 -9999 -9999 -9999 -9999 -9999 -9999 -9999 -9999 -9999 -9999 -9999 -9999 -9999 -9999 -9999 -9999 -9999 -9999 -9999 24 23 19 17 15 12 14 9 12 10 16 18 -9999 15 15
17 18 20 21 19 15 13 13 11 6 -5 -10 -7 -15 -11 -14 -7 -1 -0 -0 -4 -6 -9 -10 -10 -8 -14 -17 -16 -15 -18 -18 -16 -15 -14 -12 -10 -8 -7 -6 -5 -4 -2 -1 -0 1 3 4 5 1 -4 2 6 -9999 13 14 16 -9999 -9999 -9999 -9999 -9999 -9999 -9999 -9999 -9999 -9999 -9999 -9999 -9999 -9999 -9999 -9999 -9999 -9999 -9999 -9999 -9999 -9999 -9999 -9999 -9999 21 14 9 3 -9 -7 2 7 10 -9999 -9999 -9999 -9999 -9999
19 19 18 17 20 18 17 14 8 6 -5 -5 -13 -14 -1 -4 -2 -0 -1 -1 -2 -4 -7 -7 -9 -7 -11 -13 -13 -12 -12 -12 -12 -11 -10 -9 -7 -6 -5 -4 -3 -2 -0 1 2 4 5 7 6 3 -1 5 11 -9999 -9999 -9999 -9999 -9999 -9999 -9999 -9999 -9999 -9999 -9999 -9999 -9999 -9999 -9999 -9999 -9999 -9999 -9999 -9999 -9999 -9999 -9999 -9999 -9999 -9999 -9999 -9999 25 20 12 5 -9 -1 -9999 -9999 -9999 -9999 -9999 -9999 -9999 -9999 -9999
20 18 14 13 14 16 17 13 8 5 -2 -3 -6 -4 -2 7 5 -1 -1 -1 0 -2 -5 -6 -7 -5 -8 -9 -9 -10 -10 -9 -9 -8 -8 -7 -6 -5 -4 -2 -1 0 2 3 5 6 7 9 8 5 8 9 15 -9999 -9999 -9999 -9999 -9999 -9999 -9999 -9999 -9999 -9999 -9999 -9999 -9999 -9999 -9999 -9999 -9999 -9999 -9999 -9999 -9999 -9999 -9999 -9999 -9999 -9999 -9999 -9999 25 16 6 -5 -14 -9999 -9999 -9999 -9999 -9999 -9999 -9999 -9999 -9999 -9999
19 19 15 13 15 15 15 12 8 -1 -3 -7 -2 -2 4 8 7 3 -1 -2 -1 0 -1 -4 -4 -4 -5 -6 -6 -7 -7 -7 -7 -7 -6 -6 -6 -4 -2 -1 1 2 4 5 7 8 9 12 12 11 11 14 -9999 -9999 -9999 -9999 -9999 -9999 -9999 -9999 -9999 -9999 -9999 -9999 -9999 -9999 -9999 -9999 -9999 -9999 -9999 -9999 -9999 -9999 -9999 -9999 -9999 -9999 -9999 -9999 -9999 -9999 13 -5 -9999 -9999 -9999 -9999 -9999 -9999 -9999 -9999 -9999 -9999 -9999 -9999
15 16 9 8 13 13 15 12 5 -3 -6 -12 -6 -5 3 10 9 7 4 2 1 0 0 -2 -3 -2 -2 -4 -4 -4 -5 -5 -5 -5 -5 -4 -4 -2 -0 2 3 5 7 9 10 12 13 13 13 15 16 18 -9999 -9999 -9999 -9999 -9999 -9999 -9999 -9999 -9999 -9999 -9999 -9999 -9999 -9999 -9999 -9999 -9999 -9999 -9999 -9999 -9999 -9999 -9999 -9999 -9999 -9999 -9999 -9999 -9999 -9999 -9999 -9999 -9999 -9999 -9999 -9999 -9999 -9999 -9999 -9999 -9999 -9999 -9999 -9999
-3 1 6 -2 6 11 9 11 7 -7 -22 -15 -3 1 5 7 9 10 9 7 6 4 2 2 -1 -2 -1 -1 -2 -3 -2 -2 -3 -3 -3 -3 -1 0 3 4 5 5 7 9 11 11 11 12 14 15 18 21 -9999 -9999 -9999 -9999 -9999 -9999 -9999 -9999 -9999 -9999 -9999 -9999 -9999 -9999 -9999 -9999 -9999 -9999 -9999 -9999 -9999 -9999 -9999 -9999 -9999 -9999 -9999 -9999 -9999 -9999 -9999 -9999 -9999 -9999 -9999 -9999 -9999 -9999 -9999 -9999 -9999 -9999 -9999 -9999
