resultados/variables_proyeccion_tiempo/variables_presente/bio13.asc
ncols 330
nrows 228
xllcorner -12.000000
yllcorner 34.000000
cellsize 0.166667
NODATA_value -9999
[rows 94 to 140 of 228, columns 96 to 191 of 330]
-9999 -9999 -9999 -9999 -9999 -9999 -9999 -9999 -9999 -9999 -9999 -9999 -9999 -9999 -9999 -9999 -9999 -9999 -9999 -9999 -9999 -9999 -9999 -9999 -9999 103 102 99 96 92 89 85 83 79 76 72 68 64 -9999 61 61 -9999 -9999 -9999 -9999 -9999 -9999 -9999 -9999 -9999 -9999 74 -9999 79 81 81 80 79 77 75 73 73 72 70 68 67 65 65 64 64 64 63 -9999 -9999 61 -9999 -9999 -9999 -9999 -9999 -9999 -9999 -9999 -9999 -9999 -9999 -9999 -9999 -9999 -9999 -9999 -9999 -9999 -9999 -9999 -9999
-9999 -9999 -9999 -9999 -9999 -9999 -9999 -9999 -9999 -9999 -9999 -9999 -9999 -9999 -9999 -9999 -9999 -9999 -9999 -9999 -9999 -9999 -9999 -9999 -9999 101 100 99 96 94 91 88 85 82 77 72 68 -9999 -9999 -9999 -9999 -9999 -9999 -9999 -9999 -9999 -9999 -9999 -9999 69 70 -9999 73 75 77 76 76 77 75 73 70 69 68 67 -9999 -9999 -9999 -9999 -9999 -9999 -9999 -9999 -9999 -9999 -9999 -9999 -9999 -9999 -9999 -9999 -9999 -9999 -9999 -9999 -9999 -9999 -9999 -9999 -9999 -9999 -9999 -9999 -9999 -9999 -9999 -9999
-9999 -9999 -9999 -9999 -9999 -9999 -9999 -9999 -9999 -9999 -9999 -9999 -9999 -9999 -9999 -9999 -9999 -9999 -9999 -9999 -9999 -9999 -9999 -9999 -9999 -9999 98 97 96 96 94 91 89 85 78 73 69 -9999 -9999 -9999 -9999 -9999 -9999 -9999 -9999 64 -9999 -9999 67 68 69 -9999 -9999 71 72 73 73 73 74 73 69 67 -9999 -9999 -9999 -9999 -9999 -9999 -9999 -9999 -9999 -9999 -9999 -9999 -9999 -9999 -9999 -9999 -9999 -9999 -9999 -9999 -9999 -9999 -9999 -9999 -9999 -9999 -9999 -9999 -9999 -9999 -9999 -9999 -9999 -9999
-9999 -9999 -9999 -9999 -9999 -9999 -9999 -9999 -9999 -9999 -9999 -9999 -9999 -9999 -9999 -9999 -9999 -9999 -9999 -9999 -9999 -9999 -9999 -9999 -9999 98 98 97 97 99 97 94 90 85 79 74 -9999 -9999 -9999 -9999 -9999 -9999 -9999 -9999 63 64 -9999 65 -9999 67 68 -9999 -9999 -9999 68 69 70 71 71 71 69 -9999 -9999 -9999 -9999 -9999 -9999 -9999 -9999 -9999 -9999 -9999 -9999 -9999 -9999 -9999 -9999 -9999 -9999 -9999 -9999 -9999 -9999 -9999 -9999 -9999 -9999 -9999 -9999 -9999 -9999 -9999 -9999 -9999 -9999 -9999
-9999 -9999 -9999 -9999 -9999 -9999 -9999 -9999 -9999 -9999 -9999 -9999 -9999 -9999 -9999 -9999 -9999 -9999 -9999 -9999 -9999 -9999 -9999 -9999 98 -9999 96 97 98 101 99 94 89 84 -9999 -9999 -9999 -9999 -9999 -9999 -9999 -9999 -9999 61 63 64 65 65 66 65 -9999 66 -9999 64 65 67 68 68 67 67 66 64 -9999 -9999 -9999 -9999 -9999 -9999 -9999 -9999 -9999 -9999 -9999 -9999 -9999 -9999 -9999 -9999 -9999 -9999 -9999 -9999 -9999 -9999 -9999 -9999 -9999 -9999 -9999 -9999 -9999 -9999 -9999 -9999 -9999 -9999
-9999 -9999 -9999 -9999 -9999 -9999 -9999 -9999 -9999 -9999 -9999 -9999 -9999 -9999 -9999 -9999 -9999 -9999 -9999 -9999 -9999 -9999 -9999 -9999 -9999 -9999 95 -9999 97 99 99 94 89 -9999 -9999 74 72 69 67 64 -9999 -9999 -9999 61 63 63 64 64 64 -9999 -9999 -9999 -9999 -9999 64 65 65 65 -9999 -9999 63 -9999 -9999 -9999 -9999 -9999 -9999 -9999 -9999 -9999 -9999 -9999 -9999 -9999 -9999 -9999 -9999 -9999 -9999 -9999 -9999 -9999 -9999 -9999 -9999 -9999 -9999 -9999 -9999 -9999 -9999 -9999 -9999 -9999 -9999 -9999
-9999 -9999 -9999 -9999 -9999 -9999 -9999 -9999 -9999 -9999 -9999 -9999 -9999 -9999 -9999 -9999 -9999 -9999 -9999 -9999 -9999 -9999 -9999 -9999 -9999 -9999 -9999 -9999 96 98 99 95 89 83 -9999 74 73 70 69 67 -9999 -9999 -9999 -9999 62 62 62 64 63 63 -9999 -9999 -9999 -9999 -9999 -9999 -9999 -9999 -9999 -9999 -9999 -9999 -9999 -9999 61 -9999 -9999 -9999 -9999 -9999 -9999 -9999 -9999 -9999 -9999 -9999 -9999 -9999 -9999 -9999 -9999 -9999 -9999 -9999 -9999 -9999 -9999 -9999 -9999 -9999 -9999 -9999 -9999 -9999 -9999 -9999
-9999 -9999 -9999 -9999 -9999 -9999 -9999 -9999 -9999 -9999 -9999 -9999 -9999 -9999 -9999 -9999 -9999 -9999 -9999 -9999 -9999 -9999 -9999 -9999 -9999 -9999 -9999 -9999 95 97 98 95 91 -9999 -9999 -9999 -9999 -9999 69 67 -9999 -9999 -9999 -9999 -9999 -9999 -9999 63 63 -9999 -9999 -9999 -9999 -9999 -9999 -9999 -9999 -9999 -9999 -9999 -9999 -9999 -9999 -9999 61 62 62 -9999 -9999 -9999 -9999 -9999 -9999 -9999 -9999 -9999 -9999 -9999 -9999 -9999 -9999 -9999 -9999 -9999 -9999 -9999 -9999 -9999 -9999 -9999 -9999 -9999 -9999 -9999 -9999 -9999
-9999 -9999 -9999 -9999 -9999 -9999 -9999 -9999 -9999 -9999 -9999 -9999 -9999 -9999 -9999 -9999 -9999 -9999 -9999 -9999 -9999 -9999 -9999 -9999 -9999 -9999 -9999 -9999 94 95 96 95 92 -9999 82 77 -9999 -9999 -9999 -9999 64 -9999 64 64 -9999 -9999 -9999 63 -9999 -9999 -9999 -9999 -9999 -9999 -9999 -9999 -9999 -9999 -9999 -9999 -9999 -9999 -9999 -9999 -9999 -9999 -9999 -9999 -9999 -9999 -9999 -9999 -9999 -9999 -9999 -9999 -9999 -9999 -9999 -9999 -9999 -9999 -9999 -9999 -9999 -9999 -9999 -9999 -9999 -9999 -9999 -9999 -9999 -9999 -9999 -9999
-9999 -9999 -9999 -9999 -9999 -9999 -9999 -9999 -9999 -9999 -9999 -9999 -9999 -9999 -9999 -9999 -9999 -9999 -9999 -9999 -9999 -9999 -9999 -9999 -9999 -9999 90 -9999 92 93 93 94 93 90 85 80 -9999 -9999 -9999 -9999 -9999 -9999 65 65 65 65 64 63 -9999 -9999 -9999 -9999 -9999 -9999 -9999 -9999 -9999 -9999 -9999 -9999 -9999 -9999 -9999 -9999 -9999 -9999 -9999 -9999 -9999 -9999 -9999 -9999 -9999 -9999 -9999 -9999 -9999 -9999 -9999 -9999 77 77 77 76 74 73 -9999 -9999 -9999 -9999 -9999 -9999 -9999 -9999 -9999 -9999
-9999 -9999 -9999 -9999 -9999 -9999 -9999 -9999 -9999 -9999 -9999 -9999 -9999 -9999 -9999 -9999 -9999 -9999 -9999 -9999 -9999 -9999 -9999 -9999 -9999 -9999 -9999 -9999 -9999 94 96 94 92 92 -9999 81 -9999 -9999 -9999 -9999 -9999 -9999 -9999 -9999 -9999 -9999 -9999 -9999 -9999 -9999 -9999 -9999 -9999 -9999 -9999 61 -9999 63 -9999 -9999 -9999 -9999 -9999 -9999 -9999 -9999 -9999 -9999 -9999 -9999 -9999 -9999 -9999 -9999 -9999 -9999 -9999 79 78 78 79 79 80 79 77 75 73 -9999 -9999 -9999 -9999 -9999 -9999 -9999 -9999 -9999
-9999 -9999 -9999 -9999 -9999 -9999 -9999 -9999 -9999 -9999 -9999 -9999 -9999 -9999 -9999 -9999 -9999 -9999 -9999 -9999 -9999 -9999 -9999 -9999 -9999 -9999 -9999 -9999 -9999 94 97 95 91 89 85 83 81 78 -9999 -9999 -9999 -9999 -9999 67 -9999 -9999 -9999 -9999 -9999 -9999 -9999 62 -9999 -9999 -9999 61 61 -9999 -9999 -9999 -9999 -9999 -9999 -9999 -9999 -9999 -9999 -9999 -9999 -9999 -9999 -9999 -9999 -9999 81 81 81 81 81 82 82 83 83 82 80 78 74 70 -9999 -9999 -9999 -9999 -9999 -9999 79 81
-9999 -9999 -9999 -9999 -9999 -9999 -9999 -9999 -9999 -9999 -9999 -9999 -9999 -9999 -9999 -9999 -9999 -9999 -9999 -9999 -9999 -9999 -9999 -9999 -9999 -9999 -9999 -9999 -9999 92 94 93 90 88 86 85 84 80 77 75 74 70 -9999 -9999 -9999 -9999 -9999 -9999 -9999 63 63 63 63 62 61 -9999 -9999 -9999 -9999 -9999 -9999 -9999 -9999 -9999 -9999 -9999 -9999 -9999 -9999 -9999 -9999 -9999 83 84 84 83 82 82 83 83 84 85 85 83 80 78 74 69 70 74 74 75 79 81 79 80
-9999 -9999 -9999 -9999 -9999 -9999 -9999 -9999 -9999 -9999 -9999 -9999 -9999 -9999 -9999 -9999 -9999 -9999 -9999 -9999 -9999 -9999 -9999 -9999 -9999 -9999 -9999 -9999 -9999 -9999 90 90 89 88 87 85 83 80 77 76 -9999 -9999 -9999 -9999 -9999 -9999 66 66 64 64 65 64 63 62 61 61 62 62 61 -9999 -9999 -9999 -9999 -9999 -9999 -9999 66 68 70 73 77 80 83 85 85 85 85 84 85 85 85 85 84 81 79 76 73 70 72 74 75 76 77 78 79 80
-9999 -9999 -9999 -9999 -9999 -9999 -9999 -9999 -9999 -9999 -9999 -9999 -9999 -9999 -9999 -9999 -9999 -9999 -9999 -9999 -9999 -9999 -9999 -9999 -9999 -9999 -9999 -9999 -9999 -9999 87 87 87 86 85 84 82 79 77 75 72 -9999 69 68 -9999 66 66 65 64 65 65 66 64 63 61 61 62 62 62 -9999 62 -9999 63 63 64 65 67 69 72 75 78 80 82 83 85 85 84 85 84 84 84 83 82 80 78 75 72 71 73 74 76 78 78 79 80 80
-9999 -9999 -9999 -9999 -9999 -9999 -9999 -9999 -9999 -9999 -9999 -9999 -9999 -9999 -9999 -9999 -9999 -9999 -9999 -9999 -9999 -9999 -9999 -9999 -9999 -9999 -9999 82 81 82 84 84 -9999 84 83 82 80 78 76 74 -9999 71 69 68 67 66 65 64 65 65 67 66 65 64 63 63 62 62 62 62 -9999 62 -9999 63 65 66 68 70 73 76 78 81 83 83 83 83 82 83 83 83 83 82 81 79 78 75 73 72 73 74 77 78 79 79 80 80
-9999 -9999 -9999 -9999 -9999 -9999 -9999 -9999 -9999 -9999 -9999 -9999 -9999 -9999 -9999 -9999 -9999 -9999 -9999 81 81 80 79 79 78 81 -9999 85 81 80 81 82 82 -9999 81 80 78 77 76 73 71 70 68 67 66 65 64 65 66 67 67 67 66 65 64 63 64 64 63 63 63 63 64 -9999 65 67 69 71 74 75 78 80 81 82 82 82 82 81 82 82 82 81 80 79 78 76 74 72 72 75 76 77 78 79 79 82
-9999 -9999 -9999 -9999 -9999 -9999 -9999 -9999 88 -9999 -9999 -9999 -9999 -9999 -9999 83 83 -9999 81 81 81 81 80 79 78 -9999 82 82 79 79 80 81 81 80 80 79 76 74 74 72 70 68 67 65 65 64 65 65 66 67 67 67 -9999 65 64 65 65 65 64 63 64 64 65 65 66 67 69 71 74 76 77 78 80 80 80 80 80 80 80 80 80 80 79 78 77 76 74 73 72 74 75 76 77 78 79 80
-9999 -9999 -9999 -9999 -9999 88 -9999 -9999 -9999 85 84 83 83 82 82 83 83 82 82 82 82 82 81 81 80 79 79 79 79 79 79 79 79 78 78 78 77 74 72 71 69 67 65 64 63 64 64 65 66 67 67 67 66 65 65 65 65 65 64 64 64 65 65 67 68 68 69 71 72 74 76 77 77 79 79 79 78 78 78 78 79 78 78 77 77 76 75 76 75 74 74 75 76 76 78 78
-9999 -9999 -9999 -9999 88 -9999 -9999 -9999 84 84 83 82 81 81 82 82 83 82 82 82 83 83 83 83 82 81 81 81 81 81 80 79 78 77 77 77 76 75 73 70 69 68 64 63 63 63 64 64 65 66 66 66 67 66 66 65 65 65 65 64 64 65 66 68 69 70 71 71 72 73 74 75 76 77 77 76 76 76 76 77 77 77 76 76 76 76 76 77 76 75 75 75 75 76 76 76
-9999 -9999 -9999 -9999 86 -9999 -9999 -9999 83 82 81 80 79 80 81 82 82 82 82 82 84 85 85 85 84 84 83 83 83 82 79 78 77 76 75 75 74 73 72 69 68 66 64 64 63 63 63 63 64 65 65 65 66 66 66 67 66 66 65 64 64 66 67 69 70 70 71 72 72 73 73 73 73 74 75 75 76 76 76 76 76 76 76 76 76 76 77 77 76 76 76 76 76 75 75 75
-9999 -9999 -9999 -9999 87 85 83 82 -9999 -9999 79 78 78 79 80 81 81 81 82 82 83 85 87 86 85 84 84 84 84 83 80 77 75 73 72 72 72 72 72 70 69 67 65 64 63 63 63 63 63 63 64 65 65 66 67 68 68 67 66 65 64 65 67 69 70 70 71 70 71 71 72 72 73 73 74 74 74 74 75 75 76 76 76 76 76 76 76 77 77 76 76 76 76 75 76 76
-9999 -9999 -9999 -9999 87 86 -9999 -9999 -9999 78 77 77 78 78 79 79 80 80 81 81 82 84 86 85 85 85 84 84 83 82 79 77 75 72 71 71 71 71 71 70 69 68 66 66 63 63 62 62 62 63 64 64 65 66 68 69 69 68 66 65 65 66 67 69 69 69 70 70 70 71 71 72 73 73 74 73 73 74 74 75 75 75 76 75 76 76 76 76 76 76 75 75 75 75 75 76
-9999 -9999 -9999 89 89 87 -9999 79 77 76 76 77 78 78 78 79 79 80 80 80 81 81 82 83 84 84 85 85 84 82 79 77 74 72 72 73 73 73 72 71 70 68 66 65 64 63 62 61 62 62 63 64 65 66 68 69 69 67 66 64 64 67 69 70 71 71 72 72 71 71 71 72 72 73 73 73 73 73 74 74 75 75 75 75 75 75 75 76 76 76 77 77 76 76 76 75
-9999 -9999 -9999 88 89 86 82 78 76 76 77 78 77 78 78 78 78 79 79 79 79 79 81 83 85 87 88 87 85 82 81 82 80 77 75 75 75 75 74 73 74 71 69 67 64 61 61 61 62 63 64 64 65 66 67 68 68 67 65 64 65 67 69 70 70 71 71 71 70 70 70 71 72 73 73 73 73 73 73 74 74 74 73 73 74 74 74 75 76 76 77 77 77 77 76 76
-9999 84 85 86 86 83 80 77 76 75 76 78 77 77 78 78 78 79 79 81 79 78 78 81 85 89 91 89 87 87 87 82 78 81 78 82 80 80 78 75 73 71 68 67 64 61 60 61 62 63 65 66 66 66 67 67 68 67 66 64 65 67 70 71 69 70 69 69 69 69 70 70 71 72 73 73 74 74 74 74 74 73 73 73 73 73 74 75 75 76 76 77 77 77 77 76
82 -9999 -9999 84 83 81 78 75 74 74 75 76 76 77 77 77 78 79 80 81 80 79 79 81 85 88 90 90 89 88 84 84 81 83 85 84 84 93 93 84 76 73 69 67 64 62 60 60 61 61 63 64 65 66 67 68 69 67 66 65 67 68 69 70 69 69 69 69 69 69 70 71 72 73 74 75 75 75 75 75 75 75 74 72 72 73 75 75 75 76 77 78 79 79 79 79
81 -9999 82 82 81 79 77 74 72 72 74 75 77 77 77 78 79 81 81 80 80 80 80 82 85 87 87 86 86 91 85 83 82 90 86 81 84 94 111 115 93 83 75 70 67 64 61 61 60 61 62 64 64 65 67 67 69 69 68 69 68 69 69 69 70 70 70 70 70 70 71 72 73 74 75 75 76 76 77 76 76 76 75 73 72 73 74 75 76 77 78 79 80 82 82 81
79 80 80 80 79 78 76 74 73 72 73 74 75 76 78 80 82 83 82 82 81 80 81 82 84 87 89 90 91 90 83 81 80 83 85 82 85 81 86 85 83 83 81 77 73 68 65 62 61 60 61 63 65 66 67 68 70 70 71 72 71 71 71 71 71 71 71 71 71 72 73 74 75 75 76 77 77 77 77 77 77 76 75 74 73 74 76 77 77 79 79 80 82 82 82 81
78 78 79 78 78 76 75 74 74 73 73 74 75 77 80 82 84 86 86 86 85 85 90 92 95 101 105 107 101 90 81 82 80 82 84 82 85 86 86 82 77 73 72 70 71 70 66 63 61 61 62 63 65 68 70 70 72 73 74 74 73 72 71 71 70 71 71 72 73 74 75 76 77 77 77 78 79 79 79 80 78 78 77 77 76 76 77 78 78 79 80 81 82 83 83 83
76 76 77 77 76 74 74 76 75 74 74 74 76 79 81 83 85 87 90 92 98 99 101 100 107 107 127 130 103 87 84 82 79 82 88 83 82 86 80 76 74 72 70 72 74 73 70 66 64 62 62 64 66 70 72 73 75 77 79 79 77 74 72 71 71 72 72 74 75 77 79 78 78 77 78 80 81 82 82 81 80 80 79 79 78 78 79 80 80 80 81 82 84 84 84 84
74 75 75 75 74 74 75 77 77 76 74 75 77 80 82 83 84 84 87 89 91 97 103 100 105 116 120 109 88 86 85 77 77 80 83 81 81 77 77 72 70 67 69 74 77 76 74 71 68 65 64 66 69 73 75 78 80 81 80 81 80 79 77 76 74 73 74 77 79 81 83 84 83 81 82 82 83 83 82 81 80 80 80 80 80 81 81 82 82 83 83 84 85 86 86 86
73 74 74 75 74 75 76 77 77 77 76 79 80 81 81 82 83 82 82 84 84 85 91 92 94 110 101 90 78 77 79 77 84 84 78 80 76 76 78 73 70 68 73 78 81 80 77 74 71 69 67 69 73 75 79 83 85 86 84 80 79 78 78 78 75 74 78 86 90 88 89 92 90 87 85 84 84 83 82 82 81 81 81 81 82 83 84 84 85 85 85 86 86 87 87 88
75 74 76 75 76 76 78 79 80 80 82 87 89 92 89 82 81 81 79 79 80 79 80 89 97 88 90 79 73 74 77 79 82 78 79 79 81 75 75 83 82 76 76 78 79 78 78 76 72 71 70 73 77 80 83 86 89 93 92 86 81 77 76 76 75 78 81 89 95 104 104 98 95 96 93 87 86 84 84 83 82 82 82 82 83 85 86 87 87 88 88 89 90 89 89 91
77 79 79 77 78 79 80 81 83 84 92 101 124 129 109 96 88 85 80 77 79 78 80 87 88 79 72 72 71 73 78 88 81 79 79 86 88 79 72 74 82 86 84 84 79 81 79 77 75 74 77 79 83 87 89 94 91 84 78 78 76 75 74 73 74 75 77 81 87 91 95 96 96 94 93 93 87 86 85 84 83 83 84 84 85 86 87 89 90 91 91 92 95 95 93 93
78 83 83 82 82 82 85 86 87 89 104 117 127 132 122 108 95 89 91 78 71 69 75 70 66 68 72 73 69 69 75 83 83 80 83 93 84 73 72 73 75 80 84 84 84 83 80 80 77 78 87 93 95 98 92 85 79 77 76 75 72 70 70 73 73 73 76 79 82 87 90 91 90 94 97 88 90 90 85 84 85 85 85 85 86 89 90 91 92 93 94 94 96 99 99 97
85 90 92 93 88 86 87 87 88 98 113 111 111 109 109 98 94 90 84 74 71 70 70 71 68 70 80 73 70 71 73 76 79 80 81 82 75 73 73 74 74 75 76 76 79 82 82 80 82 82 81 83 82 83 90 84 78 78 79 77 72 70 70 70 72 73 75 77 80 83 85 86 87 90 99 95 96 103 100 96 96 89 87 88 89 89 91 93 94 96 96 96 98 103 105 101
88 97 99 96 92 95 93 97 111 101 101 99 94 96 89 86 82 78 74 73 75 76 69 70 69 66 66 68 71 71 74 79 83 80 76 74 74 74 74 75 76 76 79 78 76 76 84 85 81 79 77 84 91 90 89 85 83 82 80 78 75 73 72 73 75 75 76 77 80 82 82 84 85 86 89 92 97 97 103 115 102 96 92 91 92 92 97 99 100 101 99 99 100 101 99 98
86 98 107 104 104 106 112 119 120 113 103 93 86 80 75 74 72 69 75 79 75 77 71 61 63 64 65 69 74 75 75 79 84 78 75 75 74 72 75 78 77 77 81 79 78 76 81 82 83 80 85 88 88 89 88 86 83 81 82 79 76 76 75 78 80 80 82 81 81 84 85 84 85 85 88 87 91 86 92 100 102 101 97 97 99 98 100 104 106 107 108 108 107 107 104 105
79 86 92 92 92 99 108 120 123 112 101 87 81 78 73 71 74 81 88 81 75 71 68 68 67 67 67 71 80 80 82 80 81 78 78 76 74 74 79 79 78 77 77 80 80 79 79 78 79 81 89 87 85 85 84 83 82 85 88 88 83 80 80 81 83 83 84 87 87 88 91 92 93 90 89 89 88 85 84 89 101 105 104 104 102 104 109 112 118 131 131 128 135 124 128 124
69 73 76 83 89 93 95 102 105 101 94 88 81 76 73 75 83 81 82 80 77 74 74 74 71 68 70 74 83 86 88 86 85 83 80 79 78 79 79 80 79 77 77 79 80 80 79 79 79 82 87 89 87 86 86 85 88 88 93 90 87 85 87 89 88 90 89 88 89 88 90 92 94 92 90 87 89 90 84 85 93 100 100 101 108 116 125 137 133 144 143 150 154 157 144 138
67 70 72 74 79 84 91 92 91 90 88 88 79 70 74 72 74 76 79 79 76 76 76 77 76 71 74 77 84 85 86 85 84 84 83 84 84 84 83 83 81 80 78 79 83 84 81 80 80 82 86 89 94 89 92 90 93 93 92 91 89 89 90 91 90 94 94 93 94 91 91 90 89 87 86 83 91 91 85 85 88 93 104 106 116 128 136 136 135 143 151 156 152 144 148 149
67 70 72 75 75 77 82 83 84 78 78 76 75 71 72 73 73 77 80 79 78 79 79 79 77 76 78 80 83 84 84 83 83 85 86 87 86 87 87 86 86 84 82 84 85 87 85 82 80 82 85 88 91 95 101 106 103 98 97 95 93 93 92 93 92 95 95 97 95 95 91 89 86 86 82 79 84 84 86 89 90 92 100 109 115 123 125 121 122 137 151 146 145 159 181 181
69 69 72 74 75 76 77 79 78 78 74 75 74 72 72 75 75 77 78 80 79 78 78 79 77 80 82 85 86 88 86 85 89 91 88 88 88 89 89 90 90 89 91 91 90 90 90 86 83 87 92 95 99 101 111 114 120 120 113 106 101 97 96 98 95 96 98 99 93 93 91 87 84 81 79 76 77 82 86 92 89 92 98 105 112 107 110 120 136 125 135 141 137 136 146 150
67 69 71 74 75 75 76 78 77 77 75 76 73 73 74 74 74 75 77 79 77 76 77 78 80 83 89 90 92 91 89 87 89 92 92 90 91 94 92 91 96 96 97 96 95 94 92 90 88 87 89 92 96 105 111 113 121 126 124 121 119 110 102 102 100 99 101 98 95 92 89 86 81 78 77 76 79 82 84 87 90 98 103 101 98 107 119 122 120 122 146 145 153 158 150 144
68 71 72 72 73 75 77 79 79 77 77 75 76 75 75 74 74 76 77 79 76 76 77 79 82 92 102 103 99 97 95 92 91 91 92 98 98 99 98 97 98 99 99 97 96 96 96 96 96 96 98 100 100 102 104 110 109 116 126 129 124 119 115 112 111 106 104 101 99 94 91 84 79 77 76 79 80 82 86 91 95 97 92 93 100 92 101 99 113 126 117 108 123 119 120 126
67 69 72 72 -9999 75 78 80 80 81 80 79 79 77 77 76 77 79 85 91 80 77 80 83 90 110 107 103 100 98 97 95 98 103 103 102 99 98 98 99 102 103 104 104 105 105 105 104 103 104 106 109 111 112 112 113 113 117 127 125 128 129 122 125 126 118 111 107 102 95 89 84 81 80 80 80 82 84 88 91 92 90 84 89 86 85 91 109 98 99 95 95 107 115 108 97
