resultados/variables_proyeccion_tiempo/variables_presente/bio19.asc
ncols 330
nrows 228
xllcorner -12.000000
yllcorner 34.000000
cellsize 0.166667
NODATA_value -9999
[rows 164 to 204 of 228, columns 184 to 275 of 330]
191 187 185 182 177 174 172 171 170 171 171 163 155 149 144 141 142 141 145 144 145 141 138 128 127 130 128 124 121 120 119 117 116 113 113 113 112 111 111 111 112 112 114 114 115 113 110 107 104 102 99 97 96 95 95 94 96 99 98 98 94 -9999 -9999 -9999 -9999 -9999 -9999 -9999 -9999 -9999 -9999 -9999 -9999 -9999 -9999 -9999 -9999 -9999 -9999 -9999 -9999 -9999 -9999 -9999 -9999 -9999 -9999 -9999 -9999 143 165 195
201 197 195 189 186 183 180 178 176 173 169 163 156 150 145 143 143 147 147 148 143 141 133 129 128 130 130 129 126 122 120 120 118 116 116 115 114 114 114 114 115 116 118 119 121 118 114 111 107 104 102 99 97 97 97 96 96 98 98 96 -9999 -9999 -9999 -9999 -9999 -9999 -9999 -9999 -9999 -9999 -9999 -9999 -9999 -9999 -9999 -9999 -9999 -9999 -9999 -9999 -9999 -9999 -9999 -9999 -9999 -9999 -9999 -9999 -9999 -9999 185 257
204 203 204 200 195 188 186 184 180 175 170 164 156 151 146 144 145 149 149 153 147 145 136 129 129 129 130 130 129 126 123 122 122 119 118 118 117 115 116 116 117 119 120 122 123 121 117 114 111 107 104 101 98 98 99 99 100 99 98 97 -9999 -9999 -9999 -9999 -9999 -9999 -9999 -9999 -9999 -9999 -9999 -9999 -9999 -9999 -9999 -9999 -9999 -9999 -9999 -9999 -9999 -9999 -9999 -9999 -9999 -9999 -9999 -9999 -9999 -9999 -9999 -9999
213 212 210 205 202 197 189 186 182 178 171 167 158 151 148 144 144 152 165 156 145 141 136 134 131 130 130 130 130 128 127 125 124 123 121 119 119 118 118 118 119 121 122 124 124 122 119 116 114 112 108 106 104 105 106 106 106 105 104 102 -9999 -9999 -9999 -9999 -9999 -9999 -9999 -9999 -9999 -9999 -9999 -9999 -9999 -9999 -9999 -9999 -9999 -9999 -9999 -9999 -9999 -9999 -9999 -9999 -9999 -9999 -9999 -9999 -9999 -9999 -9999 -9999
228 224 220 218 209 204 196 196 189 182 173 165 156 156 151 146 143 150 159 147 140 137 138 136 133 130 131 133 132 130 128 126 125 124 122 120 120 120 120 120 120 122 124 123 124 124 123 122 120 118 116 115 112 112 113 113 112 111 110 109 -9999 -9999 -9999 -9999 -9999 -9999 -9999 -9999 -9999 -9999 -9999 -9999 -9999 -9999 -9999 -9999 -9999 -9999 -9999 -9999 -9999 -9999 -9999 -9999 -9999 -9999 -9999 -9999 -9999 -9999 -9999 -9999
246 245 241 237 224 207 201 202 199 190 180 165 157 159 152 149 144 147 149 150 147 140 143 137 135 134 133 136 135 134 130 128 125 -9999 123 121 120 121 120 121 121 122 123 126 129 130 130 130 128 126 124 121 120 119 120 121 120 118 117 -9999 -9999 -9999 -9999 -9999 -9999 -9999 -9999 -9999 -9999 -9999 -9999 -9999 -9999 -9999 -9999 -9999 -9999 -9999 -9999 -9999 -9999 -9999 -9999 -9999 -9999 -9999 -9999 -9999 -9999 -9999 -9999 -9999
278 270 256 250 247 230 214 210 207 201 198 184 177 164 154 149 147 144 145 152 148 139 147 144 138 136 136 137 136 135 132 131 129 126 125 123 123 123 122 123 124 125 129 131 133 135 135 136 137 135 132 129 127 126 127 128 128 127 126 -9999 -9999 -9999 -9999 -9999 -9999 -9999 -9999 -9999 -9999 -9999 -9999 -9999 -9999 -9999 -9999 -9999 -9999 -9999 -9999 -9999 -9999 -9999 -9999 -9999 -9999 -9999 -9999 -9999 -9999 -9999 -9999 -9999
300 289 278 270 256 253 238 228 223 219 211 191 193 184 162 157 161 150 143 144 143 144 142 158 158 141 137 136 138 138 135 132 128 126 125 125 126 123 123 124 125 127 131 135 139 137 139 140 141 139 135 136 133 133 136 135 133 133 133 -9999 -9999 -9999 -9999 -9999 -9999 -9999 -9999 -9999 -9999 -9999 -9999 -9999 -9999 -9999 -9999 -9999 -9999 -9999 -9999 -9999 -9999 -9999 -9999 -9999 -9999 -9999 -9999 -9999 -9999 -9999 -9999 -9999
305 302 294 288 281 269 265 249 240 233 223 203 203 195 176 161 153 149 142 140 141 142 139 140 157 152 144 137 140 140 137 134 128 127 127 128 126 126 127 126 127 128 132 135 140 143 146 142 139 138 135 136 134 134 136 139 -9999 -9999 -9999 -9999 -9999 -9999 -9999 -9999 -9999 -9999 -9999 -9999 -9999 -9999 -9999 -9999 -9999 -9999 -9999 -9999 -9999 -9999 -9999 -9999 -9999 -9999 -9999 -9999 -9999 -9999 -9999 -9999 -9999 -9999 -9999 -9999
326 324 309 303 298 294 295 271 258 247 233 220 203 202 191 166 162 153 140 136 138 145 137 134 136 140 152 151 141 140 134 132 131 128 128 130 128 131 129 133 133 133 133 136 146 153 155 151 149 147 143 139 137 135 138 139 -9999 -9999 -9999 -9999 -9999 -9999 -9999 -9999 -9999 -9999 -9999 -9999 -9999 -9999 -9999 -9999 -9999 -9999 -9999 -9999 -9999 -9999 -9999 -9999 -9999 -9999 -9999 -9999 -9999 -9999 -9999 -9999 -9999 -9999 -9999 -9999
351 356 334 323 317 317 307 302 277 264 252 236 212 199 189 170 167 151 139 134 131 142 142 141 133 130 130 133 135 140 131 133 133 136 139 135 131 133 132 136 140 142 146 149 155 161 166 166 163 160 157 154 152 151 144 -9999 -9999 -9999 -9999 -9999 -9999 -9999 -9999 -9999 -9999 -9999 -9999 -9999 -9999 -9999 -9999 -9999 -9999 -9999 -9999 -9999 -9999 -9999 -9999 -9999 -9999 -9999 -9999 -9999 -9999 -9999 -9999 -9999 -9999 -9999 -9999 -9999
386 -9999 371 340 382 330 323 312 294 284 267 240 219 201 183 175 166 154 147 146 132 150 152 137 134 128 125 119 120 129 134 140 143 148 152 143 154 159 159 150 156 157 158 165 166 170 170 166 163 165 165 158 156 149 154 -9999 -9999 -9999 -9999 -9999 -9999 -9999 -9999 -9999 -9999 -9999 -9999 -9999 -9999 -9999 -9999 -9999 -9999 -9999 -9999 -9999 -9999 -9999 -9999 -9999 -9999 -9999 -9999 -9999 -9999 -9999 -9999 -9999 -9999 -9999 -9999 -9999
414 408 463 421 408 341 334 326 310 299 280 250 226 206 184 176 166 148 147 136 134 160 153 134 127 123 126 153 127 127 129 132 134 142 145 137 127 134 141 139 141 147 150 149 151 152 155 158 162 167 165 153 148 145 -9999 -9999 -9999 -9999 -9999 -9999 -9999 -9999 -9999 -9999 -9999 -9999 -9999 -9999 -9999 -9999 -9999 -9999 -9999 -9999 -9999 -9999 -9999 -9999 -9999 -9999 -9999 -9999 -9999 -9999 -9999 -9999 -9999 -9999 -9999 -9999 -9999 -9999
446 425 499 550 476 388 351 339 341 318 290 258 230 215 189 171 154 145 132 128 142 156 144 127 125 123 120 135 137 132 129 130 127 126 124 122 122 127 135 141 144 145 144 146 152 156 159 163 169 168 161 155 151 155 -9999 -9999 -9999 -9999 -9999 -9999 -9999 -9999 -9999 -9999 -9999 -9999 -9999 -9999 -9999 -9999 -9999 -9999 -9999 -9999 -9999 -9999 -9999 -9999 -9999 -9999 -9999 -9999 -9999 -9999 -9999 -9999 -9999 -9999 -9999 -9999 -9999 -9999
-9999 463 515 -9999 606 452 421 394 370 333 296 264 236 240 222 174 173 149 127 126 135 135 137 146 118 117 119 167 174 176 164 134 124 121 120 119 119 122 127 134 140 143 147 151 156 162 164 166 172 174 173 171 170 168 165 -9999 -9999 -9999 -9999 -9999 -9999 -9999 -9999 -9999 -9999 -9999 -9999 -9999 -9999 -9999 -9999 -9999 -9999 -9999 -9999 -9999 -9999 -9999 -9999 -9999 -9999 -9999 -9999 -9999 -9999 -9999 -9999 -9999 -9999 -9999 -9999 -9999
-9999 -9999 -9999 520 -9999 614 464 416 361 336 301 284 280 262 202 170 153 139 120 117 118 136 154 141 127 124 118 158 209 198 176 160 144 137 128 129 128 126 131 137 142 147 152 157 167 174 171 173 180 185 190 193 185 181 181 182 -9999 -9999 -9999 -9999 -9999 -9999 -9999 -9999 -9999 -9999 -9999 -9999 -9999 -9999 -9999 -9999 -9999 -9999 -9999 -9999 -9999 -9999 -9999 -9999 -9999 -9999 -9999 -9999 -9999 -9999 -9999 -9999 -9999 -9999 -9999 -9999
-9999 -9999 -9999 538 583 577 503 418 374 338 317 309 303 228 208 178 150 127 120 113 111 108 112 114 125 128 120 146 159 143 169 169 178 179 161 180 167 160 151 154 152 155 161 164 170 182 183 181 190 193 194 207 207 201 199 190 -9999 -9999 -9999 -9999 -9999 -9999 -9999 -9999 -9999 -9999 -9999 -9999 -9999 -9999 -9999 -9999 -9999 -9999 -9999 -9999 -9999 -9999 -9999 -9999 -9999 -9999 -9999 -9999 -9999 -9999 239 233 226 227 231 235
-9999 -9999 -9999 -9999 -9999 -9999 478 448 373 341 319 317 295 236 230 199 219 148 118 110 105 107 128 139 130 144 139 144 215 170 161 181 185 183 172 192 191 191 175 167 166 168 172 177 178 178 182 182 188 191 192 195 201 216 218 203 -9999 -9999 -9999 -9999 -9999 -9999 -9999 -9999 -9999 -9999 -9999 -9999 -9999 -9999 -9999 -9999 -9999 -9999 -9999 -9999 -9999 -9999 -9999 -9999 -9999 -9999 -9999 269 262 242 229 217 201 196 189 188
-9999 -9999 -9999 -9999 -9999 461 442 404 385 344 314 308 305 249 227 183 181 141 122 112 107 108 109 113 129 145 135 127 159 173 148 157 171 187 195 204 190 186 182 177 174 180 186 193 193 189 191 193 199 199 199 198 199 203 208 209 214 -9999 -9999 -9999 -9999 -9999 -9999 -9999 -9999 -9999 -9999 -9999 -9999 -9999 -9999 -9999 -9999 -9999 -9999 -9999 -9999 -9999 -9999 -9999 334 320 290 253 251 241 222 210 194 175 161 162
-9999 -9999 -9999 -9999 -9999 420 436 393 361 345 321 304 290 246 220 191 151 148 132 117 111 109 111 113 118 132 133 130 134 165 156 159 161 176 174 188 201 192 186 185 187 192 201 204 201 201 205 210 216 212 208 206 203 201 201 208 224 215 198 -9999 -9999 -9999 -9999 -9999 -9999 -9999 -9999 -9999 -9999 -9999 -9999 -9999 -9999 -9999 -9999 -9999 -9999 -9999 291 283 312 282 253 272 245 235 216 207 180 156 127 132
-9999 -9999 -9999 -9999 -9999 390 411 390 357 337 326 299 260 249 222 183 152 148 135 129 131 138 111 111 -9999 124 134 133 138 162 171 164 180 173 176 181 191 189 189 200 202 206 217 226 216 213 217 224 230 230 223 217 212 206 204 210 221 213 207 217 236 263 289 -9999 -9999 -9999 -9999 -9999 -9999 -9999 -9999 -9999 -9999 -9999 -9999 -9999 329 311 258 247 257 243 251 271 211 208 192 179 164 151 141 148
-9999 -9999 -9999 -9999 -9999 372 381 374 361 337 313 284 -9999 248 217 191 156 148 143 161 143 135 117 113 116 122 133 132 134 144 160 162 163 173 188 192 186 182 184 188 190 196 211 237 229 221 225 235 245 248 239 235 229 218 210 213 208 -9999 211 218 231 253 276 272 258 249 244 242 242 245 250 253 270 -9999 274 293 282 252 228 221 242 260 320 232 217 212 199 200 198 196 193 192
-9999 -9999 -9999 -9999 -9999 365 368 362 353 336 316 283 258 239 -9999 233 161 147 191 139 118 127 118 115 118 123 135 143 143 145 151 164 185 181 -9999 -9999 185 -9999 -9999 -9999 -9999 211 222 222 226 228 236 247 258 260 260 258 245 -9999 -9999 -9999 -9999 -9999 -9999 -9999 -9999 -9999 -9999 255 251 252 248 248 258 268 273 275 268 270 264 252 231 238 243 221 234 295 309 251 265 248 223 197 186 161 161 153
-9999 -9999 -9999 -9999 360 369 369 363 361 349 325 285 245 236 214 219 177 151 138 134 121 120 118 118 121 126 131 140 148 158 -9999 -9999 176 -9999 -9999 202 -9999 -9999 -9999 -9999 -9999 -9999 -9999 -9999 235 246 250 259 270 278 279 288 -9999 -9999 -9999 -9999 -9999 -9999 -9999 -9999 -9999 -9999 -9999 -9999 -9999 -9999 -9999 -9999 258 263 264 262 253 244 250 229 216 211 210 251 258 277 286 284 262 237 221 202 181 160 160 153
-9999 -9999 -9999 -9999 -9999 386 395 398 399 363 332 300 256 239 224 200 197 154 140 190 139 123 121 121 123 -9999 138 144 147 158 170 -9999 -9999 -9999 -9999 -9999 -9999 -9999 -9999 -9999 -9999 -9999 -9999 -9999 -9999 -9999 -9999 -9999 -9999 280 -9999 -9999 -9999 -9999 -9999 -9999 -9999 -9999 -9999 -9999 -9999 289 292 264 257 251 264 271 263 240 235 238 229 233 220 225 222 233 264 271 262 264 263 248 249 243 210 199 176 143 139 140
-9999 -9999 -9999 -9999 -9999 415 432 460 439 414 355 315 303 269 234 210 192 184 146 150 157 132 123 123 -9999 130 136 148 160 168 169 -9999 -9999 -9999 -9999 -9999 -9999 -9999 -9999 -9999 -9999 271 -9999 -9999 -9999 -9999 284 282 -9999 -9999 291 281 -9999 -9999 -9999 -9999 -9999 -9999 -9999 -9999 -9999 -9999 -9999 279 247 -9999 214 213 204 205 204 203 207 210 201 198 200 194 205 229 247 225 210 218 216 220 205 168 160 140 131 131
-9999 -9999 -9999 -9999 -9999 427 457 438 499 463 429 346 318 291 262 230 203 191 158 143 162 164 127 -9999 -9999 -9999 -9999 -9999 -9999 -9999 -9999 -9999 -9999 199 -9999 -9999 -9999 -9999 -9999 -9999 -9999 -9999 -9999 -9999 -9999 -9999 286 293 306 312 294 283 270 258 277 283 288 291 283 265 249 234 236 249 222 179 179 182 173 179 184 181 176 177 184 179 170 171 179 190 178 182 182 188 177 184 174 167 148 134 134 136
-9999 -9999 -9999 -9999 -9999 -9999 -9999 495 549 524 419 424 370 322 292 256 228 199 180 170 167 185 208 -9999 -9999 -9999 -9999 -9999 154 -9999 -9999 185 -9999 -9999 -9999 -9999 -9999 -9999 -9999 -9999 -9999 -9999 -9999 -9999 -9999 291 296 311 324 313 309 313 324 292 289 287 290 291 286 273 278 301 393 430 248 177 222 203 155 160 158 167 163 156 158 159 150 149 151 153 151 150 163 145 163 154 160 175 143 144 147 148
-9999 -9999 -9999 -9999 -9999 -9999 -9999 -9999 594 543 501 460 373 337 316 287 254 227 208 192 166 163 169 153 -9999 -9999 -9999 -9999 -9999 -9999 -9999 -9999 -9999 -9999 -9999 -9999 -9999 -9999 198 -9999 -9999 -9999 -9999 -9999 -9999 281 311 317 324 325 334 326 311 309 296 302 296 303 306 274 299 281 327 366 382 288 276 223 186 181 173 167 163 152 160 165 159 151 144 143 138 139 136 131 130 136 154 145 131 142 144 139
-9999 -9999 -9999 -9999 -9999 -9999 496 -9999 555 530 504 482 426 379 339 314 285 260 234 219 183 161 141 156 175 -9999 -9999 -9999 -9999 -9999 -9999 -9999 -9999 -9999 -9999 -9999 -9999 -9999 -9999 -9999 -9999 -9999 -9999 -9999 -9999 293 301 326 348 377 354 335 331 311 302 291 282 286 316 313 291 321 306 304 281 258 300 260 204 173 144 134 134 131 130 131 132 132 131 127 128 128 122 135 126 144 139 139 134 146 156 138
-9999 -9999 -9999 -9999 -9999 -9999 -9999 -9999 -9999 504 492 473 434 408 364 336 317 290 267 234 204 172 150 149 165 180 -9999 -9999 -9999 -9999 -9999 -9999 -9999 -9999 -9999 -9999 -9999 -9999 -9999 -9999 -9999 -9999 -9999 -9999 -9999 310 326 338 356 -9999 333 347 329 318 297 270 271 284 297 294 272 274 275 306 286 283 269 248 207 176 155 149 131 128 127 131 133 128 121 119 117 120 121 133 122 123 127 136 136 151 149 145
-9999 -9999 -9999 -9999 -9999 -9999 -9999 -9999 460 478 481 454 438 411 387 357 335 313 289 258 226 199 184 185 175 184 217 -9999 -9999 -9999 -9999 -9999 -9999 -9999 -9999 -9999 -9999 -9999 -9999 -9999 -9999 -9999 -9999 -9999 -9999 -9999 -9999 -9999 -9999 339 366 375 344 326 323 297 281 297 324 375 355 349 364 309 321 281 284 250 202 205 188 149 134 124 122 122 124 126 121 115 115 117 128 137 130 130 128 132 143 158 161 159
-9999 -9999 -9999 -9999 -9999 -9999 -9999 -9999 -9999 -9999 -9999 449 439 419 403 378 356 341 315 287 257 231 225 210 197 -9999 -9999 198 -9999 -9999 -9999 -9999 -9999 -9999 -9999 -9999 -9999 -9999 -9999 -9999 -9999 -9999 -9999 254 289 313 338 -9999 341 365 377 355 337 321 335 323 304 302 343 352 400 379 378 324 331 275 255 229 207 183 171 147 145 128 122 120 119 118 120 115 115 118 128 136 139 140 137 144 149 156 161 158
-9999 -9999 -9999 -9999 -9999 -9999 -9999 -9999 -9999 -9999 -9999 -9999 427 413 405 393 374 355 338 320 295 274 260 267 246 215 -9999 -9999 -9999 -9999 -9999 -9999 -9999 -9999 -9999 -9999 -9999 -9999 -9999 -9999 -9999 -9999 -9999 -9999 -9999 321 357 -9999 -9999 355 357 348 345 362 315 311 349 372 364 370 379 385 368 345 299 277 260 225 187 169 153 156 163 138 126 124 122 120 117 115 115 120 129 142 153 157 153 156 159 158 154 148
-9999 -9999 -9999 -9999 -9999 -9999 -9999 -9999 -9999 -9999 -9999 -9999 -9999 421 -9999 402 389 372 357 339 315 297 278 -9999 253 -9999 224 230 218 -9999 -9999 -9999 -9999 -9999 -9999 -9999 -9999 -9999 -9999 -9999 -9999 -9999 -9999 -9999 -9999 -9999 -9999 -9999 -9999 -9999 357 378 383 343 311 322 340 336 346 340 353 366 345 294 270 270 275 220 191 171 145 136 146 142 142 150 134 127 121 116 114 118 131 149 176 193 190 180 -9999 160 151 144
-9999 -9999 -9999 -9999 -9999 -9999 -9999 -9999 -9999 -9999 -9999 -9999 -9999 428 421 406 397 385 371 360 351 343 302 284 267 253 -9999 -9999 223 229 -9999 -9999 -9999 -9999 -9999 -9999 -9999 -9999 -9999 -9999 -9999 -9999 -9999 -9999 -9999 -9999 -9999 -9999 -9999 352 372 375 363 340 318 306 318 333 310 323 321 317 301 265 261 242 211 215 210 172 159 133 131 141 137 152 145 137 127 117 112 114 129 156 190 237 228 -9999 -9999 162 146 136
-9999 -9999 -9999 -9999 -9999 -9999 -9999 -9999 -9999 -9999 -9999 -9999 -9999 -9999 415 397 391 -9999 376 367 354 357 325 328 275 264 247 232 -9999 -9999 229 258 229 -9999 -9999 -9999 -9999 -9999 -9999 -9999 -9999 -9999 -9999 297 -9999 -9999 378 -9999 -9999 347 359 390 397 350 337 299 277 306 336 344 314 303 282 260 228 211 219 209 199 183 197 168 163 156 165 159 161 150 137 123 110 109 124 151 192 241 -9999 201 177 158 143 128
-9999 -9999 -9999 -9999 -9999 -9999 -9999 -9999 -9999 -9999 -9999 442 -9999 -9999 -9999 378 382 371 369 353 352 338 -9999 312 295 273 248 -9999 226 206 217 231 214 -9999 -9999 -9999 -9999 -9999 -9999 -9999 -9999 -9999 -9999 -9999 343 -9999 -9999 377 -9999 -9999 -9999 386 399 380 379 387 380 361 335 331 330 310 279 247 224 206 219 207 190 186 223 192 186 190 196 197 189 169 143 125 111 104 114 138 172 198 199 183 165 149 136 125
-9999 -9999 -9999 -9999 -9999 -9999 -9999 -9999 -9999 -9999 442 452 -9999 -9999 -9999 -9999 -9999 -9999 346 370 333 -9999 -9999 -9999 -9999 287 262 246 236 224 227 225 -9999 -9999 -9999 -9999 -9999 -9999 -9999 -9999 -9999 -9999 -9999 282 312 -9999 363 389 379 405 403 391 393 393 376 357 377 384 395 -9999 314 308 270 242 228 214 191 197 215 206 218 221 209 206 208 209 201 181 154 131 116 108 110 126 147 157 164 158 145 135 125 115
-9999 -9999 -9999 -9999 -9999 -9999 -9999 -9999 -9999 -9999 -9999 -9999 445 -9999 -9999 -9999 341 347 360 386 376 366 341 303 -9999 -9999 -9999 240 222 201 206 212 -9999 -9999 209 -9999 -9999 -9999 -9999 -9999 -9999 -9999 -9999 -9999 -9999 -9999 -9999 -9999 -9999 -9999 415 406 391 379 382 385 388 390 387 376 341 297 276 256 233 209 202 187 185 205 232 238 236 -9999 229 223 211 198 173 160 154 146 132 117 127 131 135 134 125 118 109 102
-9999 -9999 -9999 -9999 -9999 -9999 -9999 -9999 -9999 -9999 -9999 -9999 -9999 -9999 -9999 375 360 364 395 398 378 386 375 329 279 254 -9999 -9999 185 -9999 185 182 -9999 -9999 -9999 -9999 200 -9999 -9999 -9999 -9999 -9999 -9999 -9999 -9999 -9999 -9999 -9999 -9999 -9999 -9999 -9999 412 390 385 406 374 351 348 352 335 304 281 263 234 221 212 186 196 206 216 233 242 244 247 244 -9999 210 192 176 178 154 128 115 119 121 118 117 111 105 101 96
