resultados/variables_proyeccion_tiempo/variables_presente/bio19.asc
ncols 330
nrows 228
xllcorner -12.000000
yllcorner 34.000000
cellsize 0.166667
NODATA_value -9999
[rows 41 to 81 of 228, columns 184 to 275 of 330]
110 110 110 109 110 110 111 113 115 116 116 118 117 116 115 115 114 -9999 -9999 -9999 -9999 -9999 -9999 -9999 -9999 -9999 -9999 -9999 -9999 -9999 -9999 -9999 -9999 -9999 -9999 -9999 -9999 -9999 -9999 -9999 81 82 84 86 88 89 91 91 93 94 95 95 97 98 99 102 101 103 104 106 107 107 -9999 107 107 107 106 104 101 99 96 94 -9999 90 87 86 86 -9999 87 87 86 85 85 84 83 82 80 79 77 75 73 70
110 111 112 114 -9999 115 115 115 116 118 119 118 119 119 118 -9999 -9999 -9999 -9999 -9999 -9999 -9999 -9999 -9999 -9999 -9999 -9999 -9999 -9999 -9999 -9999 -9999 -9999 -9999 -9999 -9999 -9999 -9999 85 -9999 79 80 83 85 87 88 91 92 93 94 95 96 97 98 100 103 103 104 106 106 106 107 107 107 107 107 105 104 102 100 97 95 93 93 90 89 89 88 87 86 85 85 84 83 82 81 80 78 76 74 72 70
113 113 114 114 117 118 119 120 121 122 121 121 122 122 123 -9999 -9999 -9999 -9999 -9999 -9999 -9999 -9999 -9999 -9999 -9999 -9999 -9999 -9999 -9999 -9999 -9999 -9999 -9999 -9999 96 93 90 86 83 81 81 83 85 87 89 91 92 94 95 96 97 98 99 100 103 105 105 104 104 106 107 107 107 107 107 106 105 105 103 100 98 97 94 93 91 90 88 88 86 85 84 83 82 82 80 79 77 75 74 73 71
115 116 117 117 119 121 122 123 124 126 126 125 126 126 127 128 -9999 -9999 -9999 -9999 -9999 -9999 -9999 -9999 -9999 -9999 -9999 -9999 -9999 -9999 -9999 -9999 -9999 -9999 99 97 95 92 89 86 85 85 86 88 89 91 93 94 95 96 96 96 98 99 101 101 103 104 104 106 107 107 107 108 108 107 107 107 106 104 103 101 99 97 95 94 92 91 89 88 86 85 84 83 82 80 78 77 75 74 73 72
120 120 119 120 121 123 125 126 128 129 128 130 130 130 131 131 129 -9999 -9999 -9999 -9999 -9999 -9999 -9999 -9999 -9999 -9999 -9999 -9999 -9999 -9999 -9999 -9999 101 100 98 96 94 92 90 89 88 89 90 92 93 94 95 96 -9999 97 97 98 98 99 101 103 105 105 107 108 109 108 108 108 108 107 106 106 105 104 103 100 99 96 95 93 92 -9999 89 88 85 85 83 81 79 78 77 75 74 73 72
123 123 124 124 124 126 127 130 131 131 131 131 131 130 131 -9999 -9999 -9999 -9999 -9999 -9999 -9999 -9999 -9999 -9999 -9999 -9999 -9999 -9999 -9999 -9999 103 103 101 100 98 96 95 94 94 93 92 92 93 94 95 96 97 99 99 99 -9999 -9999 99 100 102 104 107 107 108 109 109 108 109 109 108 108 108 108 108 107 106 104 103 101 98 96 94 92 90 88 87 85 83 81 80 78 77 75 74 73 72
128 127 126 126 128 128 129 129 130 131 131 132 131 130 -9999 -9999 -9999 -9999 -9999 -9999 -9999 -9999 -9999 -9999 -9999 -9999 -9999 -9999 -9999 -9999 104 104 103 102 101 99 98 97 96 96 95 94 95 96 97 98 99 101 102 103 103 102 102 103 105 107 107 108 108 108 109 110 110 110 110 109 109 109 109 109 109 108 106 104 103 101 100 96 94 92 89 87 85 83 -9999 79 78 77 75 74 74 73
129 129 130 128 129 129 129 130 130 130 131 131 130 -9999 -9999 -9999 -9999 -9999 -9999 -9999 -9999 -9999 -9999 -9999 -9999 -9999 -9999 -9999 105 105 105 104 104 103 102 102 100 99 98 98 98 98 98 99 99 101 101 103 104 104 106 106 105 106 107 108 110 112 111 111 112 112 113 113 113 113 112 111 111 111 110 109 108 106 104 103 102 98 96 93 91 88 86 84 82 79 77 76 75 74 73 73
131 130 131 132 130 130 131 129 130 129 -9999 -9999 -9999 -9999 -9999 -9999 -9999 -9999 -9999 -9999 -9999 -9999 -9999 -9999 -9999 -9999 105 105 105 105 105 106 106 105 104 103 103 102 101 100 101 102 102 102 104 103 103 105 106 106 107 108 108 109 110 111 112 114 115 112 113 113 113 112 114 114 112 111 112 112 111 111 110 107 -9999 104 104 101 98 95 93 91 88 85 82 80 78 77 -9999 75 76 75
134 135 132 132 129 129 129 -9999 -9999 -9999 -9999 -9999 -9999 -9999 -9999 -9999 -9999 -9999 -9999 -9999 -9999 -9999 -9999 105 105 105 105 105 105 105 105 106 107 106 106 106 105 104 104 103 104 106 106 -9999 107 108 108 107 108 109 109 110 111 112 113 113 115 115 116 116 114 113 112 113 114 112 113 111 110 112 111 -9999 111 110 107 105 104 102 101 100 95 92 89 87 84 81 80 78 77 76 76 76
135 134 132 -9999 -9999 -9999 -9999 -9999 -9999 -9999 -9999 -9999 -9999 -9999 -9999 -9999 -9999 -9999 -9999 -9999 -9999 105 104 105 104 104 105 106 106 106 106 106 107 107 108 108 107 107 107 107 -9999 107 108 110 110 109 110 110 112 113 114 113 115 117 116 116 117 117 117 118 117 117 114 -9999 -9999 113 112 113 111 111 112 111 111 110 108 106 105 103 102 102 97 94 91 88 85 83 -9999 78 -9999 -9999 76 77
-9999 -9999 -9999 -9999 -9999 -9999 -9999 -9999 -9999 -9999 -9999 -9999 -9999 -9999 -9999 -9999 -9999 -9999 -9999 -9999 -9999 -9999 103 104 104 104 105 106 106 106 106 107 108 109 109 109 110 110 109 110 110 110 110 111 113 112 113 113 114 116 117 116 117 120 121 121 -9999 119 118 118 119 119 119 115 114 113 -9999 -9999 113 114 114 114 113 112 112 110 107 106 103 101 97 95 93 90 88 85 82 79 -9999 -9999 -9999 -9999
-9999 -9999 -9999 -9999 -9999 -9999 -9999 -9999 -9999 -9999 -9999 -9999 -9999 -9999 -9999 -9999 -9999 -9999 98 98 100 101 103 104 104 104 105 105 106 106 107 107 109 111 111 111 112 112 111 111 112 112 -9999 113 115 116 116 115 117 118 119 119 120 121 -9999 122 122 121 120 121 120 120 121 118 117 115 116 -9999 114 116 116 115 113 112 112 110 108 107 105 101 99 96 95 93 92 88 84 82 81 80 80 81
-9999 -9999 -9999 -9999 -9999 -9999 -9999 -9999 -9999 -9999 -9999 -9999 -9999 -9999 -9999 -9999 -9999 103 99 99 101 102 103 103 105 105 106 106 107 108 109 109 110 112 112 113 113 114 114 114 115 116 117 116 116 118 119 119 119 120 121 123 123 124 -9999 125 124 123 123 122 122 121 120 118 116 -9999 115 116 116 115 117 116 -9999 114 113 112 109 108 106 104 -9999 99 96 94 93 89 87 85 84 83 83 83
-9999 -9999 -9999 -9999 -9999 -9999 -9999 -9999 -9999 -9999 -9999 -9999 -9999 -9999 -9999 112 109 105 103 104 105 105 105 105 106 106 107 108 108 108 110 111 111 113 114 115 115 116 116 118 118 119 119 119 120 120 121 121 122 122 124 125 127 127 -9999 126 126 125 125 123 123 122 120 -9999 117 116 -9999 116 116 117 117 117 117 115 114 113 111 109 107 107 104 101 100 97 95 93 90 88 86 85 85 84
-9999 -9999 -9999 -9999 -9999 -9999 -9999 -9999 -9999 -9999 -9999 -9999 -9999 -9999 -9999 114 111 109 108 108 109 108 107 108 107 108 108 108 108 108 110 111 112 113 115 116 118 120 120 120 121 122 122 124 123 123 124 -9999 125 126 126 127 127 128 -9999 129 128 -9999 127 126 124 123 122 120 118 116 115 117 119 119 119 120 119 118 116 114 112 111 110 108 106 103 101 99 97 94 93 90 88 87 -9999 84
-9999 -9999 -9999 -9999 -9999 -9999 -9999 -9999 -9999 -9999 -9999 -9999 -9999 -9999 -9999 -9999 113 112 111 112 111 111 112 111 110 110 110 110 110 109 110 111 113 113 115 116 117 121 122 124 126 126 126 126 126 -9999 126 126 127 127 128 128 129 -9999 -9999 129 129 129 129 128 -9999 126 125 122 -9999 118 -9999 118 119 120 121 121 121 119 118 117 115 114 112 110 108 106 104 102 99 97 95 93 91 89 86 86
-9999 -9999 -9999 -9999 -9999 -9999 -9999 -9999 -9999 -9999 -9999 -9999 -9999 -9999 -9999 -9999 115 114 114 115 115 115 115 114 113 113 112 111 111 110 109 111 111 114 115 116 117 121 122 124 127 131 131 129 129 128 129 129 130 129 128 -9999 130 130 130 129 130 129 129 128 128 128 126 124 -9999 121 121 120 121 121 121 122 122 121 120 119 118 116 114 112 110 107 106 104 102 100 99 97 95 92 89 88
-9999 -9999 -9999 -9999 -9999 -9999 -9999 -9999 -9999 -9999 -9999 -9999 -9999 -9999 -9999 -9999 118 118 118 118 118 117 117 116 115 114 113 113 113 112 110 110 111 112 114 116 119 121 123 127 130 131 -9999 132 132 132 130 130 129 129 129 130 130 131 131 131 131 131 130 -9999 130 129 128 126 125 124 -9999 122 122 123 123 122 122 120 120 120 118 117 115 114 113 111 109 108 106 103 101 100 98 96 93 90
-9999 -9999 -9999 -9999 -9999 -9999 -9999 -9999 -9999 -9999 -9999 -9999 -9999 -9999 -9999 -9999 -9999 121 120 120 120 119 119 118 117 116 114 113 113 111 110 110 -9999 114 116 118 120 123 125 127 129 -9999 132 133 133 131 130 -9999 129 129 130 130 131 132 132 132 133 133 133 133 -9999 131 130 129 127 126 125 124 124 123 123 121 121 119 119 118 117 117 116 115 115 114 112 110 109 107 -9999 -9999 101 99 96 92
-9999 -9999 -9999 -9999 -9999 -9999 -9999 -9999 -9999 -9999 -9999 -9999 -9999 -9999 -9999 -9999 -9999 123 123 123 123 122 121 120 119 118 115 113 112 110 -9999 110 113 115 116 118 121 124 126 127 -9999 -9999 132 132 132 -9999 130 129 -9999 129 130 130 131 131 132 133 134 134 134 134 -9999 -9999 132 130 129 128 127 126 -9999 124 122 120 119 118 118 117 117 117 117 117 116 115 114 114 112 111 -9999 106 103 101 99 98
-9999 -9999 -9999 -9999 -9999 -9999 -9999 -9999 -9999 -9999 -9999 -9999 -9999 -9999 -9999 -9999 -9999 -9999 127 128 127 126 -9999 123 122 119 117 114 113 109 -9999 110 112 -9999 116 -9999 122 125 127 128 128 130 131 131 130 131 130 129 129 129 129 129 129 131 131 133 134 -9999 135 135 136 136 -9999 134 131 129 128 127 126 123 121 -9999 -9999 -9999 -9999 -9999 -9999 117 118 118 117 117 117 117 116 116 115 112 110 107 106 106
-9999 -9999 -9999 -9999 -9999 -9999 -9999 -9999 -9999 -9999 -9999 -9999 -9999 -9999 -9999 -9999 -9999 131 132 131 131 131 -9999 127 125 122 118 116 112 107 108 110 -9999 114 117 121 122 125 127 128 128 130 130 131 131 130 129 128 128 128 128 128 129 130 131 132 -9999 135 137 138 139 139 137 136 133 131 129 127 125 -9999 -9999 -9999 -9999 -9999 -9999 -9999 -9999 -9999 117 118 119 120 120 120 120 121 118 117 115 112 110 110
-9999 -9999 -9999 -9999 -9999 -9999 -9999 -9999 -9999 -9999 -9999 -9999 -9999 -9999 -9999 -9999 -9999 135 136 137 137 136 134 131 128 -9999 121 118 114 110 108 110 112 115 118 121 124 126 129 131 130 -9999 130 -9999 129 128 128 127 126 127 126 127 128 -9999 131 132 -9999 -9999 -9999 139 140 140 139 137 134 131 129 126 -9999 -9999 -9999 -9999 -9999 -9999 -9999 -9999 -9999 -9999 -9999 -9999 -9999 121 122 122 123 124 123 121 120 116 113 111
-9999 -9999 -9999 -9999 -9999 -9999 -9999 -9999 -9999 -9999 -9999 -9999 -9999 -9999 -9999 -9999 -9999 138 141 142 143 142 140 137 132 128 123 118 114 111 111 113 115 117 120 123 126 129 131 132 131 130 131 130 129 127 126 125 125 125 125 126 127 128 130 132 134 136 138 140 140 140 139 138 135 132 129 127 124 -9999 -9999 -9999 -9999 -9999 -9999 -9999 -9999 -9999 -9999 -9999 -9999 -9999 -9999 125 127 128 127 125 123 121 118 115
-9999 -9999 -9999 -9999 -9999 -9999 -9999 -9999 -9999 -9999 -9999 -9999 -9999 -9999 -9999 -9999 139 142 144 148 149 149 146 143 137 131 125 120 115 113 114 116 118 120 122 124 127 130 130 131 131 130 129 128 127 125 -9999 123 122 122 122 123 124 126 127 130 132 135 138 141 142 142 140 137 134 132 129 127 126 124 -9999 -9999 -9999 -9999 -9999 -9999 -9999 -9999 -9999 -9999 -9999 -9999 -9999 -9999 130 132 130 128 127 124 121 119
-9999 -9999 -9999 -9999 -9999 -9999 -9999 -9999 -9999 -9999 -9999 -9999 -9999 -9999 -9999 -9999 -9999 144 147 151 155 157 153 147 140 133 127 121 116 114 115 118 120 122 125 127 129 132 131 131 131 129 128 126 124 123 121 119 119 118 119 120 121 123 125 127 130 134 137 140 143 142 140 137 135 132 129 128 125 124 122 -9999 -9999 -9999 -9999 -9999 -9999 -9999 -9999 -9999 -9999 -9999 -9999 -9999 -9999 134 134 131 129 126 125 124
-9999 -9999 -9999 -9999 -9999 -9999 -9999 -9999 -9999 -9999 -9999 -9999 -9999 -9999 -9999 139 -9999 -9999 -9999 154 159 163 158 150 142 135 129 124 119 117 118 120 122 124 127 129 132 134 133 132 131 128 126 124 122 120 118 116 -9999 115 115 116 117 119 -9999 124 128 131 -9999 -9999 141 141 140 137 134 131 130 129 126 124 122 120 -9999 -9999 -9999 -9999 -9999 -9999 -9999 -9999 -9999 -9999 -9999 -9999 -9999 -9999 -9999 134 131 130 130 128
-9999 -9999 -9999 -9999 -9999 -9999 -9999 -9999 -9999 -9999 -9999 -9999 -9999 -9999 -9999 -9999 -9999 -9999 -9999 154 -9999 162 157 149 142 136 130 125 122 121 120 120 122 124 127 130 133 135 134 132 130 128 126 123 -9999 118 -9999 -9999 -9999 -9999 -9999 -9999 -9999 -9999 -9999 -9999 -9999 -9999 -9999 136 138 138 138 137 134 131 131 130 129 125 122 120 119 -9999 -9999 -9999 -9999 -9999 -9999 -9999 -9999 -9999 -9999 -9999 135 138 136 135 133 132 131 131
-9999 -9999 -9999 -9999 -9999 113 -9999 113 116 118 -9999 -9999 -9999 -9999 -9999 -9999 -9999 145 -9999 -9999 -9999 -9999 -9999 147 -9999 -9999 130 126 123 122 121 122 123 126 128 131 133 135 134 -9999 -9999 -9999 125 -9999 -9999 -9999 -9999 -9999 -9999 -9999 -9999 -9999 -9999 -9999 -9999 -9999 -9999 -9999 -9999 -9999 -9999 -9999 135 134 132 130 128 127 126 123 121 120 118 117 -9999 -9999 -9999 -9999 -9999 -9999 -9999 -9999 -9999 -9999 134 137 137 136 135 135 134 134
115 -9999 -9999 -9999 -9999 -9999 -9999 -9999 115 117 -9999 -9999 -9999 -9999 -9999 -9999 -9999 -9999 -9999 -9999 -9999 -9999 147 144 139 -9999 130 126 124 122 122 122 124 125 128 129 -9999 -9999 -9999 -9999 -9999 -9999 -9999 -9999 -9999 -9999 -9999 -9999 -9999 -9999 -9999 -9999 -9999 -9999 -9999 -9999 -9999 -9999 -9999 -9999 -9999 -9999 -9999 -9999 -9999 -9999 -9999 -9999 120 119 118 117 117 116 -9999 -9999 -9999 117 118 120 121 122 125 129 133 135 136 136 135 136 136 135
114 -9999 -9999 -9999 -9999 -9999 -9999 -9999 -9999 -9999 -9999 -9999 -9999 130 -9999 -9999 -9999 -9999 -9999 -9999 -9999 -9999 -9999 -9999 -9999 -9999 -9999 -9999 -9999 -9999 -9999 -9999 -9999 -9999 -9999 -9999 -9999 -9999 -9999 -9999 -9999 -9999 -9999 -9999 -9999 -9999 -9999 -9999 -9999 -9999 -9999 -9999 -9999 -9999 -9999 -9999 -9999 -9999 -9999 -9999 -9999 -9999 128 128 127 126 -9999 -9999 -9999 116 115 115 115 114 -9999 114 -9999 116 117 119 121 123 125 128 131 134 135 135 136 136 136 135
114 -9999 -9999 -9999 -9999 -9999 -9999 -9999 -9999 -9999 -9999 -9999 -9999 -9999 -9999 -9999 -9999 -9999 -9999 -9999 -9999 -9999 -9999 -9999 -9999 -9999 -9999 -9999 -9999 -9999 -9999 -9999 -9999 -9999 -9999 -9999 -9999 -9999 -9999 -9999 -9999 -9999 -9999 -9999 -9999 -9999 -9999 -9999 -9999 -9999 -9999 -9999 -9999 -9999 -9999 -9999 113 -9999 -9999 125 125 127 129 129 128 127 125 122 120 117 115 113 113 113 113 114 115 116 117 118 120 122 125 128 130 132 134 134 134 135 136 136
-9999 -9999 -9999 -9999 -9999 -9999 -9999 -9999 -9999 -9999 -9999 -9999 -9999 -9999 -9999 -9999 -9999 -9999 -9999 -9999 -9999 -9999 -9999 -9999 -9999 -9999 -9999 -9999 -9999 -9999 -9999 -9999 -9999 -9999 -9999 -9999 -9999 -9999 -9999 -9999 -9999 128 125 122 119 -9999 -9999 -9999 -9999 -9999 -9999 -9999 -9999 -9999 -9999 -9999 -9999 114 118 122 125 127 130 129 128 127 125 122 119 117 115 113 112 111 111 112 112 113 115 116 118 121 124 127 129 131 133 134 134 135 134 136
-9999 -9999 -9999 -9999 -9999 -9999 -9999 -9999 -9999 -9999 -9999 -9999 -9999 -9999 -9999 -9999 -9999 -9999 -9999 -9999 -9999 -9999 -9999 -9999 -9999 -9999 -9999 -9999 -9999 -9999 -9999 -9999 -9999 -9999 131 133 137 138 137 135 132 130 127 124 120 116 113 110 107 105 -9999 104 105 -9999 -9999 -9999 108 112 117 121 124 126 127 127 126 125 123 121 118 115 113 112 110 109 109 109 109 111 113 114 117 120 123 126 128 130 132 133 134 134 134 137
-9999 -9999 -9999 -9999 -9999 -9999 -9999 -9999 -9999 -9999 -9999 -9999 -9999 -9999 -9999 -9999 -9999 -9999 -9999 -9999 -9999 -9999 -9999 -9999 -9999 -9999 -9999 -9999 -9999 -9999 120 123 -9999 130 134 137 141 141 140 137 134 130 127 124 121 117 114 110 108 106 104 104 105 105 105 106 108 112 116 119 121 122 123 123 123 122 121 119 117 114 112 110 108 107 106 106 107 108 110 112 115 119 122 126 128 130 132 133 133 136 137 136
-9999 -9999 -9999 -9999 -9999 -9999 -9999 -9999 -9999 -9999 -9999 -9999 -9999 -9999 -9999 -9999 -9999 -9999 -9999 -9999 -9999 -9999 -9999 -9999 -9999 -9999 -9999 -9999 -9999 116 119 123 128 133 138 143 146 145 142 138 134 130 127 124 120 117 114 110 107 105 104 104 104 104 105 107 109 113 115 118 120 120 121 121 121 121 119 117 115 -9999 110 108 106 105 104 103 104 105 107 111 115 118 122 126 128 130 132 133 134 136 137 136
-9999 -9999 -9999 -9999 -9999 -9999 -9999 -9999 -9999 -9999 -9999 -9999 -9999 -9999 -9999 -9999 -9999 -9999 -9999 -9999 -9999 125 121 119 116 112 -9999 -9999 -9999 112 117 122 128 133 139 145 148 146 142 138 133 129 126 122 119 115 112 109 105 103 -9999 -9999 -9999 -9999 104 107 109 113 115 117 118 119 119 119 119 118 117 115 113 111 108 106 104 102 101 100 101 103 105 109 112 117 121 125 127 129 131 132 134 135 135 133
-9999 -9999 -9999 -9999 -9999 -9999 -9999 -9999 -9999 -9999 -9999 -9999 -9999 -9999 -9999 -9999 -9999 -9999 -9999 -9999 -9999 -9999 -9999 117 -9999 -9999 -9999 -9999 -9999 -9999 -9999 121 126 132 138 143 145 144 140 135 131 128 124 121 118 115 110 107 104 102 102 -9999 -9999 -9999 -9999 107 110 112 114 116 117 118 118 118 118 118 117 114 112 109 107 104 101 99 97 96 97 100 103 106 110 115 119 124 128 130 130 129 129 131 132 131
-9999 -9999 -9999 -9999 -9999 -9999 -9999 -9999 -9999 -9999 -9999 -9999 -9999 -9999 -9999 -9999 -9999 -9999 -9999 -9999 -9999 -9999 -9999 116 -9999 108 -9999 103 -9999 110 115 120 126 132 138 141 142 140 137 133 129 126 122 120 117 113 108 104 101 101 101 -9999 -9999 -9999 -9999 107 110 111 113 115 116 117 117 116 117 117 117 113 111 108 106 102 100 97 95 92 93 97 100 104 108 112 117 122 128 130 130 129 127 127 127 127
-9999 -9999 -9999 -9999 -9999 -9999 -9999 -9999 -9999 -9999 -9999 -9999 -9999 -9999 -9999 -9999 -9999 -9999 -9999 -9999 124 121 118 115 112 108 -9999 -9999 -9999 -9999 115 120 125 130 136 139 139 137 134 131 128 125 122 119 117 113 107 101 99 99 101 101 -9999 -9999 105 107 109 111 114 115 117 118 118 116 115 115 114 112 109 106 104 101 98 95 92 -9999 92 95 98 102 106 110 114 119 123 127 127 127 126 125 123 122
