resultados/variables_proyeccion_tiempo/variables_presente/bio19.asc
ncols 330
nrows 228
xllcorner -12.000000
yllcorner 34.000000
cellsize 0.166667
NODATA_value -9999
[rows 164 to 204 of 228, columns 0 to 91 of 330]
-9999 -9999 -9999 -9999 -9999 -9999 -9999 -9999 -9999 -9999 -9999 -9999 -9999 -9999 -9999 -9999 -9999 -9999 -9999 -9999 -9999 -9999 -9999 -9999 -9999 -9999 -9999 -9999 -9999 -9999 -9999 -9999 -9999 -9999 -9999 -9999 -9999 -9999 -9999 -9999 -9999 -9999 -9999 -9999 -9999 -9999 -9999 -9999 -9999 -9999 -9999 -9999 -9999 -9999 -9999 -9999 -9999 -9999 -9999 -9999 -9999 -9999 -9999 -9999 -9999 325 310 298 285 272 262 252 243 236 230 226 222 223 223 220 218 216 208 200 193 186 181 175 172 184 197 170
-9999 -9999 -9999 -9999 -9999 -9999 -9999 -9999 -9999 -9999 -9999 -9999 -9999 -9999 -9999 -9999 -9999 -9999 -9999 -9999 -9999 -9999 -9999 -9999 -9999 -9999 -9999 -9999 -9999 -9999 -9999 -9999 -9999 -9999 -9999 -9999 -9999 -9999 -9999 -9999 -9999 -9999 -9999 -9999 -9999 -9999 -9999 -9999 -9999 -9999 -9999 -9999 -9999 -9999 -9999 -9999 -9999 -9999 -9999 -9999 -9999 -9999 -9999 -9999 350 338 322 306 292 277 267 256 242 229 223 217 213 213 216 216 214 210 207 203 201 199 190 184 179 171 170 167
-9999 -9999 -9999 -9999 -9999 -9999 -9999 -9999 -9999 -9999 -9999 -9999 -9999 -9999 -9999 -9999 -9999 -9999 -9999 -9999 -9999 -9999 -9999 -9999 -9999 -9999 -9999 -9999 -9999 -9999 -9999 -9999 -9999 -9999 -9999 -9999 -9999 -9999 -9999 -9999 -9999 -9999 -9999 -9999 -9999 -9999 -9999 -9999 -9999 -9999 -9999 -9999 -9999 -9999 -9999 -9999 -9999 -9999 -9999 -9999 -9999 -9999 -9999 -9999 363 349 333 315 299 283 269 256 242 228 217 209 208 207 206 205 205 204 207 205 205 205 201 195 195 192 179 178
-9999 -9999 -9999 -9999 -9999 -9999 -9999 -9999 -9999 -9999 -9999 -9999 -9999 -9999 -9999 -9999 -9999 -9999 -9999 -9999 -9999 -9999 -9999 -9999 -9999 -9999 -9999 -9999 -9999 -9999 -9999 -9999 -9999 -9999 -9999 -9999 -9999 -9999 -9999 -9999 -9999 -9999 -9999 -9999 -9999 -9999 -9999 -9999 -9999 -9999 -9999 -9999 -9999 -9999 -9999 -9999 -9999 -9999 -9999 -9999 -9999 -9999 -9999 -9999 375 360 342 321 301 283 267 254 239 224 213 204 198 195 193 192 193 195 204 200 202 201 200 200 196 188 183 185
-9999 -9999 -9999 -9999 -9999 -9999 -9999 -9999 -9999 -9999 -9999 -9999 -9999 -9999 -9999 -9999 -9999 -9999 -9999 -9999 -9999 -9999 -9999 -9999 -9999 -9999 -9999 -9999 -9999 -9999 -9999 -9999 -9999 -9999 -9999 -9999 -9999 -9999 -9999 -9999 -9999 -9999 -9999 -9999 -9999 -9999 -9999 -9999 -9999 -9999 -9999 -9999 -9999 -9999 -9999 -9999 -9999 -9999 -9999 -9999 -9999 -9999 -9999 -9999 385 370 346 320 299 279 262 248 235 220 210 201 195 193 189 184 185 191 196 198 199 202 204 201 192 190 193 193
-9999 -9999 -9999 -9999 -9999 -9999 -9999 -9999 -9999 -9999 -9999 -9999 -9999 -9999 -9999 -9999 -9999 -9999 -9999 -9999 -9999 -9999 -9999 -9999 353 -9999 -9999 -9999 -9999 -9999 -9999 -9999 -9999 -9999 -9999 -9999 -9999 -9999 -9999 -9999 -9999 -9999 -9999 -9999 -9999 -9999 -9999 -9999 -9999 -9999 -9999 -9999 -9999 -9999 -9999 -9999 -9999 -9999 -9999 -9999 -9999 -9999 -9999 399 390 370 343 318 295 275 257 241 229 217 206 198 192 186 185 177 178 185 192 201 205 209 214 215 213 206 197 192
-9999 -9999 -9999 -9999 -9999 -9999 -9999 -9999 -9999 -9999 -9999 -9999 -9999 -9999 -9999 -9999 -9999 -9999 -9999 -9999 -9999 -9999 -9999 354 363 371 351 317 -9999 -9999 -9999 -9999 -9999 -9999 -9999 -9999 220 -9999 -9999 -9999 -9999 -9999 -9999 -9999 -9999 -9999 -9999 -9999 -9999 -9999 -9999 -9999 -9999 -9999 -9999 -9999 -9999 -9999 -9999 -9999 -9999 -9999 -9999 397 384 367 340 313 290 270 252 235 221 213 202 195 188 182 178 173 171 182 195 205 208 210 217 221 219 208 192 188
-9999 -9999 -9999 -9999 -9999 -9999 -9999 -9999 -9999 -9999 -9999 -9999 -9999 -9999 -9999 -9999 -9999 -9999 -9999 -9999 -9999 -9999 -9999 388 396 391 391 349 310 294 305 280 274 262 245 224 219 213 216 212 213 213 222 233 -9999 -9999 -9999 -9999 294 313 335 -9999 -9999 -9999 422 417 -9999 -9999 -9999 -9999 -9999 -9999 398 389 374 351 327 301 278 260 247 232 215 206 197 192 185 179 178 171 173 181 193 206 220 225 221 214 204 191 181 180
-9999 -9999 -9999 -9999 -9999 -9999 -9999 -9999 -9999 -9999 -9999 -9999 -9999 -9999 -9999 -9999 -9999 -9999 364 380 407 403 382 409 416 384 358 342 327 332 299 309 280 261 257 242 234 210 215 216 227 226 265 260 235 238 248 260 275 293 310 326 345 369 389 387 381 382 385 394 401 404 396 384 361 336 310 287 266 247 232 226 211 203 199 193 185 180 173 171 174 179 190 201 206 210 203 191 183 176 174 174
-9999 -9999 -9999 -9999 -9999 -9999 -9999 -9999 -9999 -9999 -9999 -9999 -9999 -9999 -9999 -9999 -9999 363 407 445 462 454 447 444 430 393 359 349 347 331 302 319 293 318 311 302 262 236 247 263 251 245 268 265 235 259 249 246 254 268 279 288 302 318 326 326 327 332 341 355 366 371 368 359 341 328 300 281 271 260 246 228 225 213 210 197 186 179 177 177 174 178 184 194 200 201 203 192 181 172 -9999 -9999
-9999 -9999 -9999 -9999 -9999 -9999 -9999 -9999 -9999 -9999 -9999 -9999 -9999 -9999 -9999 -9999 -9999 396 434 456 466 478 464 442 433 406 364 337 346 317 326 346 329 322 315 305 271 257 238 237 220 223 228 256 239 231 228 223 229 235 244 252 261 268 272 270 271 280 292 307 323 338 340 327 314 303 297 312 285 301 309 272 310 289 255 237 235 235 211 192 214 189 201 192 195 192 199 192 179 169 -9999 -9999
-9999 -9999 -9999 -9999 -9999 -9999 -9999 -9999 -9999 -9999 -9999 -9999 -9999 -9999 -9999 -9999 -9999 384 437 474 476 488 482 468 451 405 379 351 373 360 355 308 269 292 284 255 217 200 180 179 180 183 188 194 192 191 193 200 204 209 218 219 227 229 225 225 231 236 247 258 273 294 306 293 278 266 256 262 285 310 320 326 325 302 305 280 266 301 294 263 269 239 230 237 223 214 192 172 159 150 -9999 -9999
-9999 -9999 -9999 -9999 -9999 -9999 -9999 -9999 -9999 -9999 -9999 -9999 -9999 -9999 -9999 -9999 -9999 -9999 -9999 480 529 556 538 498 475 401 362 333 363 375 315 253 234 244 244 208 184 166 151 150 154 157 164 165 165 165 169 174 180 185 187 190 194 194 186 186 183 178 174 191 213 239 253 248 235 227 214 207 208 215 232 241 245 260 285 301 301 318 273 250 308 295 305 308 268 232 201 186 156 145 -9999 -9999
-9999 -9999 -9999 -9999 -9999 -9999 -9999 -9999 -9999 -9999 -9999 -9999 -9999 -9999 -9999 -9999 -9999 -9999 -9999 531 556 585 534 449 404 392 377 367 338 330 303 298 308 308 235 191 165 150 139 137 140 139 144 143 143 145 147 151 157 158 165 175 177 178 168 151 147 123 123 145 169 187 199 201 201 198 195 176 174 170 185 190 163 180 205 229 220 249 226 239 203 250 247 212 276 289 245 193 173 158 148 -9999
-9999 -9999 -9999 -9999 -9999 -9999 -9999 -9999 -9999 -9999 -9999 -9999 -9999 -9999 -9999 -9999 -9999 -9999 -9999 -9999 584 566 532 426 407 404 426 457 424 353 388 393 330 296 236 183 157 141 131 130 127 127 129 129 127 129 133 138 139 142 151 172 196 201 198 175 176 177 161 136 139 149 159 161 159 155 151 136 134 143 154 154 143 140 153 174 176 169 193 190 171 233 222 201 190 192 176 175 161 136 128 -9999
-9999 -9999 -9999 -9999 -9999 -9999 -9999 -9999 -9999 -9999 -9999 -9999 -9999 -9999 -9999 -9999 -9999 -9999 -9999 580 530 515 525 549 493 443 425 428 409 385 404 357 285 249 204 173 150 134 124 121 119 120 120 118 115 120 123 127 129 133 143 149 161 187 193 203 199 191 175 150 131 127 129 133 128 123 118 107 100 92 92 98 103 113 136 142 153 138 149 140 149 155 159 125 135 149 176 177 164 144 129 -9999
-9999 -9999 -9999 -9999 -9999 -9999 -9999 -9999 -9999 -9999 -9999 -9999 -9999 -9999 -9999 -9999 -9999 -9999 -9999 547 585 549 569 530 547 519 438 371 381 361 341 310 264 235 204 172 143 125 116 112 112 115 117 118 115 114 119 124 126 130 136 145 146 155 170 174 170 166 170 147 132 120 115 108 104 106 102 89 88 81 80 84 85 90 104 112 121 118 110 111 124 121 111 107 124 138 168 178 167 159 137 -9999
-9999 -9999 -9999 -9999 -9999 -9999 -9999 -9999 -9999 -9999 -9999 -9999 -9999 -9999 -9999 -9999 -9999 -9999 -9999 549 529 519 545 564 551 522 437 389 371 330 341 290 252 226 192 164 135 116 107 106 108 114 118 120 116 115 117 120 120 122 125 128 134 140 145 150 149 144 144 142 155 144 110 97 90 84 80 78 81 80 75 76 76 79 80 85 85 92 100 110 120 125 111 109 131 147 173 168 160 157 -9999 -9999
-9999 -9999 -9999 -9999 -9999 -9999 -9999 -9999 -9999 -9999 -9999 -9999 -9999 -9999 -9999 -9999 -9999 -9999 -9999 518 506 487 489 536 525 481 451 422 331 314 322 283 240 217 186 155 127 107 101 101 103 107 113 115 115 114 115 116 120 122 124 126 124 126 129 130 135 132 130 128 127 117 97 87 81 79 73 70 69 72 76 77 77 76 76 75 83 93 106 124 129 121 123 118 122 128 149 -9999 -9999 -9999 -9999 -9999
-9999 -9999 -9999 -9999 -9999 -9999 -9999 -9999 -9999 -9999 -9999 -9999 -9999 -9999 -9999 -9999 -9999 -9999 -9999 494 491 483 487 512 474 543 492 409 347 327 312 266 244 211 181 154 126 105 99 98 98 101 105 107 110 111 114 117 122 132 128 128 132 133 130 128 126 126 117 111 105 94 89 84 76 75 75 68 66 67 72 75 75 79 79 89 105 117 123 122 133 130 122 126 122 -9999 -9999 -9999 -9999 -9999 -9999 -9999
-9999 -9999 -9999 -9999 -9999 -9999 -9999 -9999 -9999 -9999 -9999 -9999 -9999 -9999 -9999 -9999 -9999 -9999 -9999 -9999 476 489 477 472 542 469 448 407 398 310 293 280 245 212 -9999 156 135 117 106 100 99 98 99 101 103 106 111 117 122 127 133 156 151 148 134 127 130 124 107 101 95 88 84 87 82 78 73 68 66 66 69 72 77 83 89 91 115 132 130 117 123 121 125 -9999 -9999 -9999 -9999 -9999 -9999 -9999 -9999 -9999
-9999 -9999 -9999 -9999 -9999 -9999 -9999 -9999 -9999 -9999 -9999 -9999 -9999 -9999 -9999 -9999 -9999 -9999 -9999 -9999 447 449 467 512 533 483 461 433 370 313 294 269 254 222 192 159 133 114 107 103 99 97 96 96 99 103 111 121 134 144 147 150 139 134 124 119 126 125 127 119 110 99 92 81 83 86 74 74 71 73 75 81 88 96 107 102 118 120 109 -9999 -9999 -9999 -9999 -9999 -9999 -9999 -9999 -9999 -9999 -9999 -9999 -9999
-9999 -9999 -9999 -9999 -9999 -9999 -9999 -9999 -9999 -9999 -9999 -9999 -9999 -9999 -9999 -9999 -9999 -9999 -9999 -9999 437 477 526 539 557 557 503 482 396 339 315 286 258 226 194 168 142 125 116 107 103 99 95 92 93 99 109 126 157 144 131 127 121 114 115 119 122 122 119 121 110 101 91 80 75 91 83 76 78 83 82 93 100 111 111 117 120 -9999 -9999 -9999 -9999 -9999 -9999 -9999 -9999 -9999 -9999 -9999 -9999 -9999 -9999 -9999
-9999 -9999 -9999 -9999 -9999 -9999 -9999 -9999 -9999 -9999 -9999 -9999 -9999 -9999 -9999 -9999 -9999 -9999 -9999 -9999 412 460 501 488 491 490 475 454 398 363 336 296 266 233 202 178 161 145 126 116 110 109 103 94 89 100 118 138 147 133 126 123 115 111 119 117 113 116 122 119 114 109 101 78 86 91 95 95 98 94 92 106 119 129 108 100 98 -9999 -9999 -9999 -9999 -9999 -9999 -9999 -9999 -9999 -9999 -9999 -9999 -9999 -9999 -9999
-9999 -9999 -9999 -9999 -9999 -9999 -9999 -9999 -9999 -9999 -9999 -9999 -9999 -9999 -9999 -9999 -9999 -9999 -9999 398 401 412 504 475 445 443 439 460 437 396 352 304 260 241 234 203 169 152 137 133 133 139 116 105 98 105 117 118 126 131 130 127 116 117 119 115 116 119 121 127 129 131 116 92 78 82 97 104 116 116 105 115 118 112 102 -9999 -9999 -9999 -9999 -9999 -9999 -9999 -9999 -9999 -9999 -9999 -9999 -9999 -9999 -9999 -9999 -9999
-9999 -9999 -9999 -9999 -9999 -9999 -9999 -9999 -9999 -9999 -9999 -9999 -9999 -9999 -9999 -9999 -9999 -9999 -9999 388 395 406 426 413 424 465 621 485 422 397 365 317 284 261 221 177 163 178 161 153 177 164 140 112 104 97 104 113 126 134 134 130 127 120 117 110 113 111 117 126 135 138 121 98 76 75 104 119 146 133 114 114 109 111 104 -9999 -9999 -9999 -9999 -9999 -9999 -9999 -9999 -9999 -9999 -9999 -9999 -9999 -9999 -9999 -9999 -9999
-9999 -9999 -9999 -9999 -9999 -9999 -9999 -9999 -9999 -9999 -9999 -9999 -9999 -9999 -9999 -9999 -9999 -9999 -9999 377 379 394 403 412 472 504 519 394 373 379 350 322 267 221 184 -9999 182 216 215 192 186 133 120 100 99 100 103 113 123 130 129 129 125 119 115 118 120 121 126 128 132 132 123 109 84 81 90 93 115 116 108 103 106 107 -9999 -9999 -9999 -9999 -9999 -9999 -9999 -9999 -9999 -9999 -9999 -9999 -9999 -9999 -9999 -9999 -9999 -9999
-9999 -9999 -9999 -9999 -9999 -9999 -9999 -9999 -9999 -9999 -9999 -9999 -9999 -9999 -9999 -9999 -9999 -9999 -9999 359 368 396 452 476 476 449 432 376 332 316 278 244 212 196 171 162 167 156 131 114 105 103 102 103 98 100 105 110 117 122 122 125 121 118 122 124 127 130 129 129 128 119 109 104 81 115 110 90 92 96 97 100 104 -9999 -9999 -9999 -9999 -9999 -9999 -9999 -9999 -9999 -9999 -9999 -9999 -9999 -9999 -9999 -9999 -9999 -9999 -9999
-9999 -9999 -9999 -9999 -9999 -9999 -9999 -9999 -9999 -9999 -9999 -9999 -9999 -9999 -9999 -9999 -9999 -9999 337 355 374 394 419 425 461 415 356 338 300 284 257 232 206 186 176 162 140 129 122 115 112 108 105 104 102 104 105 108 111 116 123 126 124 123 123 123 123 126 126 127 118 108 107 97 88 90 108 103 94 99 99 97 -9999 -9999 -9999 -9999 -9999 -9999 -9999 -9999 -9999 -9999 -9999 -9999 -9999 -9999 -9999 -9999 -9999 -9999 -9999 -9999
-9999 -9999 -9999 -9999 -9999 -9999 -9999 -9999 -9999 -9999 -9999 -9999 -9999 -9999 -9999 -9999 -9999 -9999 329 347 365 361 373 382 399 352 331 306 284 270 244 226 204 187 173 158 150 144 137 129 123 118 118 116 114 112 114 117 119 120 120 121 121 120 121 122 119 121 116 119 114 105 96 96 91 85 87 91 96 101 102 -9999 -9999 -9999 -9999 -9999 -9999 -9999 -9999 -9999 -9999 -9999 -9999 -9999 -9999 -9999 -9999 -9999 186 184 191 -9999
-9999 -9999 -9999 -9999 -9999 -9999 -9999 -9999 -9999 -9999 -9999 -9999 -9999 -9999 -9999 -9999 -9999 -9999 330 372 349 327 342 352 343 320 312 302 288 264 239 226 208 184 170 160 155 153 152 159 149 135 137 137 136 132 129 129 126 123 122 121 118 117 119 116 117 115 111 108 105 101 92 93 90 95 93 91 96 104 -9999 -9999 -9999 -9999 -9999 -9999 -9999 -9999 -9999 -9999 -9999 -9999 -9999 -9999 -9999 -9999 140 143 140 171 187 202
-9999 -9999 -9999 -9999 -9999 -9999 -9999 -9999 -9999 -9999 -9999 -9999 -9999 -9999 -9999 -9999 -9999 296 326 322 306 310 312 310 317 317 317 331 305 276 242 217 200 186 176 167 164 169 167 166 146 138 132 131 135 136 129 137 134 128 125 120 117 117 113 111 109 107 106 100 97 92 88 84 85 91 97 96 102 108 -9999 -9999 -9999 -9999 -9999 -9999 -9999 -9999 -9999 -9999 -9999 -9999 -9999 -9999 -9999 -9999 -9999 -9999 -9999 163 182 198
-9999 -9999 -9999 -9999 -9999 -9999 -9999 -9999 -9999 -9999 -9999 -9999 -9999 -9999 -9999 -9999 286 304 300 297 293 303 307 300 297 289 294 309 297 248 228 209 199 189 183 180 166 157 152 150 148 142 145 141 138 137 129 135 128 130 127 120 118 116 113 111 109 104 100 95 90 87 86 87 89 90 99 101 105 112 -9999 -9999 -9999 -9999 -9999 -9999 -9999 -9999 -9999 -9999 -9999 -9999 -9999 -9999 -9999 -9999 -9999 -9999 -9999 -9999 -9999 -9999
-9999 -9999 -9999 -9999 -9999 -9999 -9999 -9999 -9999 -9999 -9999 -9999 -9999 -9999 -9999 296 302 315 292 285 289 291 288 281 278 272 271 265 247 226 205 194 188 180 179 169 161 158 158 156 155 155 155 155 149 147 139 134 126 123 123 122 121 119 120 119 115 111 100 92 86 85 88 96 103 96 106 100 104 117 131 -9999 -9999 -9999 -9999 -9999 -9999 -9999 -9999 -9999 136 133 -9999 -9999 -9999 -9999 -9999 -9999 -9999 -9999 -9999 -9999
-9999 -9999 -9999 -9999 -9999 -9999 -9999 -9999 -9999 -9999 -9999 -9999 -9999 -9999 -9999 328 338 319 286 283 281 276 273 268 266 266 267 255 246 208 191 183 180 177 175 171 170 170 169 169 167 169 166 164 162 153 148 140 133 131 131 128 128 128 128 125 124 120 105 93 86 89 97 102 99 100 108 104 107 121 138 -9999 -9999 -9999 -9999 -9999 -9999 -9999 -9999 136 132 -9999 -9999 -9999 -9999 -9999 -9999 -9999 -9999 -9999 -9999 -9999
-9999 -9999 -9999 -9999 -9999 -9999 -9999 -9999 -9999 -9999 -9999 -9999 -9999 -9999 -9999 336 334 -9999 285 281 278 274 274 274 266 259 261 247 217 203 197 190 188 189 184 189 190 189 186 188 187 178 176 172 172 170 162 156 153 142 140 136 135 131 131 130 124 122 118 110 97 95 96 98 97 102 99 110 122 127 145 156 176 -9999 -9999 -9999 -9999 -9999 -9999 -9999 -9999 -9999 -9999 -9999 -9999 -9999 -9999 -9999 -9999 -9999 -9999 -9999
-9999 -9999 -9999 -9999 -9999 -9999 -9999 -9999 -9999 -9999 -9999 -9999 -9999 -9999 -9999 -9999 -9999 296 287 273 270 270 273 271 255 243 238 225 211 213 216 213 206 203 200 203 208 206 210 202 197 194 192 188 189 187 179 169 161 156 152 147 143 137 134 124 127 141 126 111 96 90 87 92 96 94 97 112 122 130 135 -9999 -9999 -9999 -9999 -9999 -9999 -9999 -9999 -9999 -9999 -9999 -9999 -9999 -9999 -9999 -9999 -9999 -9999 -9999 -9999 -9999
-9999 -9999 -9999 -9999 -9999 -9999 -9999 -9999 -9999 -9999 -9999 -9999 -9999 -9999 -9999 -9999 -9999 -9999 -9999 -9999 259 255 255 250 246 236 227 215 209 212 222 232 225 221 222 215 220 221 220 220 218 215 212 208 202 199 195 186 172 173 167 154 142 137 126 123 130 137 110 100 91 84 83 86 89 97 95 90 89 -9999 -9999 -9999 -9999 -9999 -9999 -9999 -9999 -9999 -9999 -9999 -9999 -9999 -9999 -9999 -9999 -9999 -9999 -9999 -9999 -9999 -9999 -9999
-9999 -9999 -9999 -9999 -9999 -9999 -9999 -9999 -9999 -9999 -9999 -9999 -9999 -9999 -9999 -9999 -9999 -9999 -9999 263 260 249 240 240 239 238 224 211 207 208 214 222 224 226 234 236 236 232 230 235 233 233 229 223 218 211 201 192 179 167 158 145 143 134 131 136 152 139 126 126 103 83 81 80 86 85 83 73 74 -9999 -9999 -9999 -9999 -9999 -9999 -9999 -9999 -9999 -9999 -9999 -9999 -9999 -9999 -9999 -9999 -9999 -9999 -9999 -9999 -9999 -9999 -9999
-9999 -9999 -9999 -9999 -9999 -9999 -9999 -9999 -9999 -9999 -9999 -9999 -9999 -9999 -9999 -9999 -9999 -9999 -9999 260 266 245 237 236 234 223 214 214 209 216 223 231 248 252 252 235 239 248 241 235 242 247 239 229 220 204 195 186 176 166 157 155 144 135 155 161 173 163 149 131 110 95 88 84 77 75 71 67 -9999 -9999 -9999 -9999 -9999 -9999 -9999 -9999 -9999 -9999 -9999 -9999 -9999 -9999 -9999 -9999 -9999 -9999 -9999 -9999 -9999 -9999 -9999 -9999
-9999 -9999 -9999 -9999 -9999 -9999 -9999 -9999 -9999 -9999 -9999 -9999 -9999 -9999 -9999 -9999 -9999 -9999 -9999 256 251 240 237 237 232 222 216 216 211 220 233 244 243 234 239 245 239 251 259 248 243 246 244 234 220 210 201 195 185 173 166 154 140 141 170 186 160 143 136 123 110 112 104 86 84 82 80 73 -9999 -9999 -9999 -9999 -9999 -9999 -9999 -9999 -9999 -9999 -9999 -9999 -9999 -9999 -9999 -9999 -9999 -9999 -9999 -9999 -9999 -9999 -9999 -9999
