resultados/variables_proyeccion_tiempo/variables_presente/bio14.asc
ncols 330
nrows 228
xllcorner -12.000000
yllcorner 34.000000
cellsize 0.166667
NODATA_value -9999
[rows 0 to 47 of 228, columns 192 to 287 of 330]
-9999 -9999 -9999 -9999 -9999 -9999 -9999 -9999 -9999 -9999 -9999 -9999 -9999 -9999 -9999 -9999 -9999 -9999 -9999 -9999 -9999 -9999 -9999 -9999 -9999 -9999 -9999 -9999 -9999 -9999 -9999 -9999 -9999 -9999 -9999 -9999 -9999 -9999 -9999 -9999 -9999 -9999 -9999 -9999 -9999 -9999 -9999 -9999 -9999 -9999 -9999 -9999 -9999 -9999 -9999 -9999 -9999 -9999 -9999 -9999 -9999 -9999 -9999 -9999 -9999 -9999 -9999 -9999 -9999 -9999 -9999 -9999 -9999 -9999 -9999 -9999 -9999 -9999 -9999 -9999 -9999 -9999 -9999 -9999 -9999 -9999 -9999 -9999 -9999 -9999 -9999 -9999 -9999 -9999 -9999 -9999
-9999 -9999 -9999 -9999 -9999 -9999 -9999 -9999 -9999 -9999 -9999 -9999 -9999 -9999 -9999 -9999 -9999 -9999 -9999 -9999 -9999 -9999 -9999 -9999 -9999 -9999 -9999 -9999 -9999 -9999 -9999 -9999 -9999 -9999 -9999 -9999 -9999 -9999 -9999 -9999 -9999 -9999 -9999 -9999 -9999 -9999 -9999 -9999 -9999 -9999 -9999 -9999 -9999 -9999 -9999 -9999 -9999 -9999 -9999 -9999 -9999 -9999 -9999 -9999 -9999 -9999 -9999 -9999 -9999 -9999 -9999 -9999 -9999 -9999 -9999 -9999 -9999 -9999 -9999 -9999 -9999 -9999 -9999 -9999 -9999 -9999 -9999 -9999 -9999 -9999 -9999 -9999 -9999 -9999 -9999 -9999
-9999 -9999 -9999 -9999 -9999 -9999 -9999 -9999 -9999 -9999 -9999 -9999 -9999 -9999 -9999 -9999 -9999 -9999 -9999 -9999 -9999 -9999 -9999 -9999 -9999 -9999 -9999 -9999 -9999 -9999 -9999 -9999 -9999 -9999 -9999 -9999 -9999 -9999 -9999 -9999 -9999 -9999 -9999 -9999 -9999 -9999 -9999 -9999 -9999 -9999 -9999 -9999 -9999 -9999 -9999 -9999 -9999 -9999 -9999 -9999 -9999 -9999 -9999 -9999 -9999 -9999 -9999 -9999 -9999 -9999 -9999 -9999 -9999 -9999 -9999 -9999 -9999 -9999 -9999 -9999 -9999 -9999 -9999 -9999 -9999 -9999 -9999 -9999 -9999 -9999 -9999 -9999 -9999 -9999 -9999 -9999
-9999 -9999 -9999 -9999 -9999 -9999 -9999 -9999 -9999 -9999 -9999 -9999 -9999 -9999 -9999 -9999 -9999 -9999 -9999 -9999 -9999 -9999 -9999 -9999 -9999 -9999 -9999 -9999 -9999 -9999 -9999 -9999 -9999 -9999 -9999 -9999 -9999 -9999 -9999 -9999 -9999 -9999 -9999 -9999 -9999 -9999 -9999 -9999 -9999 -9999 -9999 -9999 -9999 -9999 -9999 -9999 -9999 -9999 -9999 -9999 -9999 -9999 -9999 -9999 -9999 -9999 -9999 -9999 -9999 -9999 -9999 -9999 -9999 -9999 -9999 -9999 -9999 -9999 -9999 -9999 -9999 -9999 -9999 -9999 -9999 -9999 -9999 -9999 -9999 -9999 -9999 -9999 -9999 -9999 -9999 -9999
-9999 -9999 -9999 -9999 -9999 -9999 -9999 -9999 -9999 -9999 -9999 -9999 -9999 -9999 -9999 -9999 -9999 -9999 -9999 -9999 -9999 -9999 -9999 -9999 -9999 -9999 -9999 -9999 -9999 -9999 -9999 -9999 -9999 -9999 -9999 -9999 -9999 -9999 -9999 -9999 -9999 -9999 -9999 -9999 -9999 -9999 -9999 -9999 -9999 -9999 -9999 -9999 -9999 -9999 -9999 -9999 -9999 -9999 -9999 -9999 -9999 -9999 -9999 -9999 -9999 -9999 -9999 -9999 -9999 -9999 -9999 -9999 -9999 -9999 -9999 -9999 -9999 -9999 -9999 -9999 -9999 -9999 -9999 -9999 -9999 -9999 -9999 -9999 -9999 -9999 -9999 -9999 -9999 -9999 -9999 -9999
-9999 -9999 -9999 -9999 -9999 -9999 -9999 -9999 -9999 -9999 -9999 -9999 -9999 -9999 -9999 -9999 -9999 -9999 -9999 -9999 -9999 -9999 -9999 -9999 -9999 -9999 -9999 -9999 37 -9999 -9999 -9999 -9999 33 32 -9999 -9999 -9999 -9999 -9999 -9999 -9999 -9999 -9999 -9999 29 -9999 -9999 -9999 -9999 -9999 -9999 -9999 -9999 -9999 -9999 -9999 -9999 -9999 -9999 -9999 -9999 -9999 -9999 -9999 -9999 -9999 -9999 -9999 -9999 -9999 -9999 -9999 -9999 -9999 -9999 -9999 -9999 -9999 -9999 -9999 -9999 -9999 -9999 -9999 -9999 -9999 -9999 -9999 -9999 -9999 -9999 -9999 -9999 -9999 -9999
-9999 -9999 -9999 -9999 -9999 -9999 -9999 -9999 -9999 -9999 -9999 -9999 -9999 -9999 -9999 -9999 -9999 -9999 -9999 -9999 -9999 -9999 -9999 -9999 -9999 -9999 -9999 -9999 38 -9999 35 -9999 33 -9999 -9999 -9999 -9999 -9999 -9999 29 -9999 -9999 -9999 -9999 27 28 29 29 29 -9999 -9999 -9999 -9999 -9999 -9999 -9999 -9999 -9999 -9999 -9999 -9999 -9999 -9999 -9999 -9999 -9999 -9999 -9999 -9999 -9999 -9999 -9999 -9999 -9999 -9999 -9999 -9999 -9999 -9999 -9999 -9999 -9999 -9999 -9999 -9999 -9999 -9999 -9999 -9999 -9999 -9999 -9999 -9999 -9999 -9999 -9999
-9999 -9999 -9999 -9999 -9999 -9999 -9999 -9999 -9999 -9999 -9999 -9999 -9999 -9999 -9999 -9999 -9999 -9999 -9999 39 -9999 -9999 -9999 -9999 -9999 -9999 -9999 37 38 38 37 35 32 31 -9999 -9999 -9999 30 30 -9999 -9999 -9999 -9999 -9999 28 28 28 28 -9999 -9999 -9999 29 29 31 31 29 -9999 -9999 -9999 -9999 -9999 -9999 -9999 -9999 -9999 -9999 -9999 -9999 -9999 -9999 -9999 -9999 -9999 -9999 -9999 -9999 -9999 -9999 -9999 -9999 -9999 -9999 -9999 -9999 -9999 -9999 -9999 -9999 -9999 -9999 -9999 -9999 -9999 -9999 -9999 -9999
-9999 -9999 -9999 -9999 -9999 -9999 -9999 -9999 -9999 -9999 -9999 -9999 -9999 -9999 36 36 37 38 -9999 -9999 -9999 -9999 41 42 -9999 41 42 38 36 36 35 -9999 -9999 -9999 -9999 -9999 27 27 28 -9999 -9999 -9999 25 26 26 27 27 28 -9999 -9999 -9999 30 31 31 29 31 32 32 32 34 33 -9999 -9999 -9999 -9999 -9999 -9999 -9999 -9999 -9999 -9999 -9999 -9999 -9999 -9999 -9999 -9999 -9999 -9999 -9999 -9999 -9999 -9999 -9999 -9999 -9999 -9999 -9999 -9999 -9999 -9999 -9999 -9999 -9999 -9999 -9999
-9999 -9999 -9999 -9999 -9999 -9999 -9999 -9999 -9999 -9999 -9999 -9999 -9999 -9999 -9999 -9999 -9999 -9999 42 -9999 41 -9999 40 41 42 40 39 38 36 34 -9999 -9999 -9999 -9999 26 25 26 27 25 -9999 -9999 24 25 25 26 26 25 25 24 -9999 26 27 29 29 29 29 31 33 32 32 33 33 33 33 32 -9999 -9999 -9999 -9999 -9999 -9999 -9999 -9999 -9999 -9999 -9999 -9999 -9999 -9999 -9999 -9999 -9999 -9999 -9999 -9999 -9999 -9999 -9999 -9999 -9999 -9999 -9999 -9999 -9999 -9999 -9999
-9999 -9999 -9999 -9999 -9999 -9999 -9999 -9999 -9999 -9999 -9999 37 -9999 -9999 -9999 -9999 -9999 -9999 -9999 -9999 -9999 40 42 41 39 39 38 36 34 31 -9999 -9999 -9999 26 27 26 25 24 25 24 23 23 23 24 24 24 24 24 24 25 25 26 27 27 27 27 29 30 31 31 30 29 30 -9999 -9999 -9999 -9999 -9999 -9999 -9999 -9999 -9999 -9999 -9999 -9999 -9999 -9999 -9999 -9999 -9999 -9999 -9999 -9999 -9999 -9999 -9999 -9999 -9999 -9999 -9999 -9999 -9999 -9999 -9999 -9999 -9999
-9999 -9999 35 34 34 -9999 -9999 -9999 -9999 -9999 37 -9999 37 36 37 -9999 -9999 36 -9999 36 38 39 41 41 39 37 37 35 32 -9999 -9999 27 29 27 26 27 25 27 26 24 23 22 22 22 22 22 22 23 23 24 24 24 -9999 -9999 -9999 -9999 -9999 -9999 27 26 -9999 -9999 -9999 -9999 -9999 -9999 -9999 -9999 -9999 -9999 -9999 -9999 -9999 -9999 -9999 -9999 -9999 -9999 -9999 -9999 -9999 -9999 -9999 -9999 -9999 -9999 -9999 -9999 -9999 -9999 -9999 -9999 -9999 -9999 -9999 -9999
-9999 36 -9999 -9999 -9999 -9999 -9999 -9999 32 -9999 -9999 -9999 35 37 38 39 39 38 35 34 35 37 38 38 37 35 36 36 34 27 24 26 26 24 25 26 24 23 21 21 20 20 20 21 21 22 22 22 22 24 25 25 25 -9999 26 25 24 -9999 -9999 -9999 -9999 -9999 -9999 -9999 -9999 -9999 -9999 -9999 -9999 -9999 -9999 -9999 27 -9999 -9999 -9999 -9999 -9999 -9999 -9999 -9999 -9999 -9999 -9999 -9999 -9999 -9999 -9999 -9999 -9999 -9999 -9999 -9999 -9999 -9999 -9999
38 36 -9999 33 31 32 28 30 35 35 33 33 -9999 34 36 37 37 37 36 36 36 36 36 36 35 33 33 32 29 26 23 22 21 20 20 19 20 20 20 20 19 19 19 20 20 21 22 22 23 23 24 24 23 23 23 22 22 22 -9999 -9999 -9999 23 -9999 26 27 27 28 -9999 -9999 -9999 28 28 27 27 26 25 24 23 -9999 -9999 -9999 -9999 -9999 -9999 -9999 -9999 -9999 -9999 -9999 -9999 -9999 -9999 -9999 -9999 -9999 -9999
-9999 -9999 -9999 30 32 33 32 28 32 36 34 37 36 36 34 35 36 36 36 35 34 35 34 34 32 31 30 29 28 25 23 21 19 18 17 18 19 19 20 19 19 18 18 19 20 20 21 21 22 22 22 22 22 22 22 21 22 22 21 20 20 21 23 25 27 26 26 -9999 28 28 28 27 -9999 -9999 -9999 -9999 -9999 -9999 -9999 -9999 -9999 -9999 -9999 -9999 -9999 -9999 -9999 -9999 -9999 -9999 -9999 -9999 -9999 -9999 -9999 -9999
34 -9999 33 31 34 30 31 30 30 30 30 32 33 34 33 32 33 35 34 33 33 32 32 32 31 29 28 27 25 23 21 19 18 17 16 17 18 18 18 18 18 18 18 18 19 19 -9999 -9999 21 21 21 21 -9999 22 22 22 21 20 19 18 18 21 24 25 25 25 25 27 27 27 27 27 26 -9999 24 24 23 22 -9999 -9999 -9999 -9999 -9999 -9999 -9999 -9999 -9999 -9999 -9999 -9999 -9999 -9999 -9999 -9999 -9999 -9999
34 33 30 28 30 32 31 31 31 30 30 29 29 30 31 30 30 32 32 32 31 30 30 30 30 29 27 26 24 23 21 20 18 17 16 17 18 18 18 18 17 17 17 18 18 18 19 19 -9999 20 20 21 21 21 21 20 20 20 21 20 20 21 23 23 24 25 25 26 27 27 27 26 25 26 25 24 22 21 21 -9999 -9999 -9999 20 21 21 21 20 -9999 -9999 -9999 -9999 -9999 -9999 -9999 -9999 -9999
32 30 29 28 23 26 28 28 27 27 27 28 28 28 29 29 29 29 29 29 30 30 29 29 29 27 26 25 24 23 21 19 18 17 16 17 18 18 18 18 18 17 17 17 17 17 -9999 -9999 -9999 20 20 21 21 20 20 20 20 21 21 20 21 21 22 23 24 25 26 26 26 26 26 26 26 25 24 24 24 22 20 -9999 -9999 20 21 21 22 22 21 21 20 20 19 20 20 20 -9999 21
31 29 27 25 24 22 24 25 26 26 26 26 26 26 27 28 28 28 28 29 29 30 29 29 28 27 26 25 24 23 21 20 18 18 17 17 17 17 17 17 17 17 -9999 17 -9999 17 -9999 19 -9999 20 21 21 21 21 21 21 21 21 21 20 21 21 22 23 24 25 25 25 26 26 27 26 26 26 25 24 23 22 21 21 22 22 22 22 22 22 22 21 21 21 21 21 21 21 22 23
30 29 27 25 25 25 24 23 23 25 26 26 26 25 25 26 26 27 27 27 28 28 28 28 28 27 27 26 24 23 21 20 19 19 19 19 18 18 18 18 18 18 17 17 17 17 18 19 20 21 22 22 22 21 21 21 21 21 21 21 21 21 21 22 22 23 24 24 25 26 25 25 25 25 25 24 23 23 22 23 23 23 23 23 23 23 23 23 22 22 22 21 21 22 23 24
28 27 26 24 24 23 23 24 24 24 24 24 24 23 23 24 24 25 26 26 26 27 28 27 27 26 26 25 24 23 22 21 21 20 20 20 20 20 20 19 19 19 18 18 17 18 19 20 20 21 22 21 21 21 21 21 21 21 21 21 22 22 22 22 23 23 -9999 -9999 -9999 24 24 25 25 26 26 26 26 25 24 23 24 24 23 24 24 24 23 24 23 22 22 22 -9999 23 23 24
25 25 25 25 24 23 23 23 23 23 24 24 23 22 21 22 23 24 24 25 25 26 26 26 25 25 25 24 24 23 23 22 21 21 21 20 20 20 20 20 20 20 20 19 20 20 20 20 21 21 22 22 22 23 23 22 22 22 22 24 23 24 23 23 24 -9999 -9999 25 24 24 25 26 26 27 28 27 26 26 26 24 24 25 25 25 24 24 23 23 23 22 22 22 22 23 23 24
23 24 24 23 23 23 23 23 22 23 23 23 23 22 22 22 22 23 23 24 25 25 27 26 25 25 25 24 24 23 23 23 22 22 22 21 21 21 21 21 21 21 21 20 21 21 21 22 23 24 25 25 24 24 24 23 23 23 23 22 22 23 23 22 24 27 27 26 27 26 27 28 28 28 29 27 28 27 26 25 25 25 25 25 25 23 23 22 22 22 21 21 22 22 23 23
23 23 22 23 22 23 23 23 23 22 23 23 23 22 22 23 23 23 23 24 24 24 25 26 26 25 25 24 24 23 23 23 23 23 23 22 22 22 22 -9999 -9999 22 22 21 -9999 22 22 22 23 23 24 24 24 24 24 24 23 23 23 23 23 23 23 23 24 24 25 27 29 30 29 29 28 29 31 28 27 27 27 26 25 25 25 25 24 23 23 22 21 21 21 -9999 21 22 22 23
23 23 22 22 22 22 22 22 22 23 23 23 22 22 23 23 23 24 24 24 24 24 25 25 -9999 26 25 24 24 24 23 23 23 23 24 24 24 24 24 24 23 23 23 23 -9999 -9999 -9999 23 23 24 24 25 24 24 25 25 25 24 24 24 23 23 24 25 25 25 27 27 27 28 29 30 30 29 33 31 28 27 26 -9999 26 26 26 26 24 23 23 25 24 23 21 21 21 21 22 -9999
22 23 23 23 22 22 22 22 22 22 22 22 22 22 23 23 23 24 24 24 24 25 25 26 26 26 25 25 25 24 24 24 24 24 25 25 25 25 25 25 25 24 24 24 24 23 24 24 25 24 25 25 24 25 25 25 26 26 26 25 24 24 24 25 26 26 26 26 27 28 28 28 27 28 32 29 28 27 26 28 32 30 30 28 25 -9999 23 26 24 22 -9999 21 21 21 21 22
23 23 23 23 23 22 23 23 23 23 23 23 22 22 23 23 23 24 25 25 25 25 26 26 26 27 26 26 25 25 25 25 25 25 25 25 26 26 26 26 26 26 25 25 24 24 25 25 25 25 25 25 25 25 25 26 26 27 27 27 27 27 26 26 26 26 26 26 27 -9999 27 -9999 27 28 28 27 27 -9999 27 26 27 28 28 27 25 22 -9999 -9999 21 21 20 21 21 21 21 21
23 23 24 24 23 23 23 23 23 23 23 23 23 23 23 23 24 24 25 25 25 25 26 26 26 26 26 26 26 25 26 26 26 26 26 26 27 27 28 28 28 27 27 26 25 25 25 25 25 25 26 26 27 27 27 27 27 28 27 27 27 28 28 27 27 27 28 30 29 28 28 28 27 27 27 -9999 28 28 27 27 27 26 25 24 23 22 22 22 21 21 20 20 20 21 21 21
22 23 23 23 24 24 24 24 23 23 24 24 24 24 24 24 24 24 25 25 26 26 26 27 27 27 27 27 26 26 26 26 26 26 26 27 27 28 28 28 28 28 27 26 26 25 26 25 25 25 26 26 27 27 27 27 27 27 27 27 27 28 29 29 29 29 30 30 30 29 28 28 28 27 27 29 29 29 29 28 27 26 25 24 23 22 21 22 21 20 20 20 20 20 20 20
23 23 23 24 23 24 23 23 24 24 24 24 25 24 24 24 25 26 26 27 27 27 27 27 27 27 27 27 27 26 26 26 27 26 27 27 28 28 28 28 29 29 28 27 26 26 26 26 26 27 27 27 27 27 27 27 27 28 28 28 28 28 28 28 28 29 28 30 30 29 28 27 26 -9999 -9999 -9999 -9999 -9999 29 28 -9999 25 25 23 23 22 21 21 20 20 19 19 19 19 19 19
22 23 24 23 24 24 24 24 24 24 24 24 25 25 25 25 25 26 27 28 28 27 27 27 27 28 27 27 27 26 26 26 26 26 27 28 27 28 28 29 29 28 28 28 27 27 27 26 27 27 27 27 27 28 28 28 28 28 29 29 28 27 26 27 27 27 28 27 28 27 27 27 27 -9999 -9999 -9999 -9999 -9999 30 29 27 25 24 23 22 22 21 20 20 19 19 18 18 18 18 18
22 23 24 24 24 24 25 25 25 25 25 25 25 25 26 26 26 27 27 28 29 28 28 27 28 28 27 27 27 27 27 27 26 26 27 27 27 27 28 28 28 29 29 28 27 27 27 27 27 27 28 28 29 29 29 30 30 30 29 29 28 27 26 26 27 27 27 28 27 -9999 -9999 26 -9999 27 28 29 -9999 -9999 -9999 -9999 -9999 -9999 -9999 23 22 21 20 20 19 18 18 18 18 18 18 17
23 23 23 24 25 25 25 26 26 26 26 26 26 26 26 27 27 28 28 28 28 29 28 28 29 28 27 27 27 27 27 27 26 26 26 26 26 27 27 27 28 28 28 28 -9999 28 27 27 27 28 28 29 29 29 29 29 30 30 30 29 29 28 28 27 27 27 27 27 27 27 27 27 27 27 28 29 29 -9999 -9999 -9999 -9999 -9999 -9999 -9999 -9999 -9999 20 19 -9999 -9999 17 17 17 17 17 17
24 24 24 23 24 25 25 26 26 26 26 27 28 27 27 27 27 27 28 29 29 28 29 29 29 28 28 28 28 27 27 26 26 26 27 26 26 26 27 27 28 28 28 28 28 29 29 28 28 29 29 29 30 30 30 30 30 30 29 30 30 29 28 27 -9999 26 27 27 27 27 27 27 27 28 28 28 29 29 28 27 25 -9999 -9999 -9999 -9999 -9999 -9999 -9999 -9999 -9999 -9999 -9999 16 16 16 16
25 25 25 25 25 25 25 26 26 26 26 27 28 28 28 28 28 28 29 29 29 29 29 29 29 29 29 28 27 27 26 26 26 26 26 26 27 27 27 28 28 28 28 28 28 29 29 29 -9999 29 30 30 30 30 30 31 30 30 30 30 30 29 28 28 27 27 -9999 27 27 27 -9999 -9999 27 28 28 28 28 28 27 26 25 24 -9999 -9999 -9999 -9999 -9999 -9999 -9999 -9999 -9999 -9999 -9999 -9999 -9999 -9999
25 26 26 26 25 25 26 26 27 27 27 27 28 28 28 28 28 28 29 29 29 29 29 -9999 30 29 28 28 27 26 26 25 25 26 26 26 26 26 27 27 28 28 28 28 28 29 29 29 29 29 29 30 30 31 31 32 31 30 30 30 30 29 29 27 -9999 26 -9999 27 27 27 27 27 27 27 27 27 27 27 26 25 24 23 22 21 20 -9999 -9999 -9999 -9999 -9999 -9999 -9999 -9999 -9999 -9999 -9999
25 26 26 27 27 27 27 26 27 27 27 28 28 28 28 28 28 28 28 29 29 29 30 30 30 29 28 27 27 26 26 25 25 25 25 26 26 26 26 27 27 28 27 28 28 28 29 29 29 29 29 30 31 31 31 -9999 31 31 30 30 30 29 29 28 28 27 26 -9999 26 26 26 27 27 27 27 27 26 26 25 25 24 23 21 20 19 18 16 -9999 -9999 -9999 -9999 -9999 -9999 -9999 -9999 -9999
27 27 27 26 27 27 27 27 28 28 -9999 28 28 28 -9999 -9999 -9999 -9999 28 -9999 -9999 -9999 -9999 -9999 -9999 -9999 -9999 27 26 26 25 25 25 25 25 25 25 26 26 26 27 27 27 27 27 29 29 29 29 30 29 30 30 31 31 31 31 31 31 30 29 29 28 28 27 27 26 26 26 -9999 -9999 -9999 26 26 26 26 25 25 24 24 23 22 21 19 18 17 16 15 -9999 -9999 -9999 -9999 -9999 -9999 -9999 -9999
29 29 29 28 28 28 28 28 28 28 29 29 28 -9999 -9999 -9999 -9999 -9999 -9999 -9999 -9999 -9999 -9999 -9999 -9999 -9999 -9999 -9999 -9999 -9999 -9999 24 24 24 24 24 25 25 25 26 26 27 27 27 27 28 28 28 29 29 29 30 30 30 31 31 31 30 30 30 29 29 28 27 27 27 26 26 26 26 26 26 26 26 26 25 25 -9999 24 23 22 21 20 19 18 17 15 -9999 -9999 -9999 -9999 -9999 -9999 -9999 -9999 -9999
29 29 30 30 30 29 29 28 28 -9999 29 29 -9999 -9999 -9999 -9999 -9999 -9999 -9999 -9999 -9999 -9999 -9999 -9999 -9999 -9999 -9999 -9999 -9999 -9999 -9999 -9999 23 23 23 24 24 25 25 26 26 26 27 27 27 27 28 28 29 29 30 30 30 30 31 31 30 30 30 30 29 28 28 27 27 26 26 26 26 26 26 26 26 25 25 25 24 24 23 22 21 20 19 18 17 16 15 -9999 -9999 -9999 -9999 -9999 -9999 -9999 -9999 -9999
30 30 31 31 31 31 30 29 29 -9999 -9999 -9999 -9999 -9999 -9999 -9999 -9999 -9999 -9999 -9999 -9999 -9999 -9999 -9999 -9999 -9999 -9999 -9999 -9999 -9999 -9999 -9999 22 22 23 23 24 25 25 25 26 26 26 26 27 27 28 28 28 29 29 30 30 30 30 30 30 30 30 29 29 28 27 27 26 26 25 25 25 25 25 25 25 25 25 24 24 23 23 22 21 20 19 18 17 16 -9999 -9999 -9999 -9999 -9999 -9999 -9999 -9999 -9999 -9999
31 31 31 32 31 31 31 31 30 -9999 -9999 -9999 -9999 -9999 -9999 -9999 -9999 -9999 -9999 -9999 -9999 -9999 -9999 -9999 -9999 -9999 -9999 -9999 -9999 -9999 -9999 -9999 21 22 22 23 24 24 25 25 26 26 26 26 27 27 27 28 28 28 29 30 30 30 -9999 30 30 30 30 30 29 28 27 27 -9999 26 25 25 25 -9999 25 25 25 24 24 24 23 23 22 22 21 20 19 18 17 16 15 -9999 -9999 -9999 -9999 -9999 -9999 -9999 15 -9999
31 32 32 31 32 31 31 -9999 -9999 -9999 -9999 -9999 -9999 -9999 -9999 -9999 -9999 -9999 -9999 -9999 -9999 -9999 -9999 -9999 -9999 -9999 -9999 -9999 -9999 -9999 22 -9999 21 21 22 23 24 24 25 25 26 26 26 26 27 27 28 29 28 29 29 29 30 30 30 30 30 30 30 29 29 28 27 27 26 27 26 26 25 25 25 25 24 24 24 23 23 22 22 21 21 20 19 18 17 16 15 14 -9999 -9999 -9999 -9999 -9999 -9999 -9999 -9999
32 33 32 32 32 32 32 -9999 -9999 -9999 -9999 -9999 -9999 -9999 -9999 -9999 -9999 -9999 -9999 -9999 -9999 -9999 -9999 -9999 -9999 -9999 -9999 25 25 24 23 22 22 22 22 23 24 24 25 25 26 26 26 27 27 27 28 28 29 29 29 29 29 30 30 30 30 30 30 30 30 29 28 28 28 27 26 26 26 25 25 25 24 24 24 23 23 22 22 21 20 20 19 18 18 17 16 15 15 14 -9999 -9999 -9999 -9999 -9999 -9999
33 34 33 33 33 33 33 33 -9999 -9999 -9999 -9999 -9999 -9999 -9999 -9999 -9999 -9999 -9999 -9999 -9999 -9999 -9999 -9999 -9999 -9999 26 26 26 25 24 23 23 23 23 24 24 25 25 26 26 26 26 26 27 27 27 28 28 29 29 29 30 30 30 30 30 30 30 30 30 29 29 28 28 27 27 27 26 26 25 25 24 24 24 23 23 22 22 21 20 20 19 18 18 17 16 16 15 -9999 -9999 -9999 -9999 -9999 -9999 -9999
34 34 33 34 34 33 33 33 33 -9999 -9999 -9999 -9999 -9999 -9999 -9999 -9999 -9999 -9999 -9999 -9999 -9999 -9999 -9999 -9999 27 27 26 26 25 25 24 24 24 24 24 25 25 25 26 26 -9999 26 26 27 27 27 27 28 29 29 29 30 30 30 30 30 30 30 30 30 29 29 29 28 28 27 27 26 26 -9999 25 25 24 24 24 23 22 22 21 20 20 19 19 -9999 18 17 17 16 16 -9999 -9999 -9999 -9999 -9999 -9999
35 34 34 34 33 33 33 -9999 -9999 -9999 -9999 -9999 -9999 -9999 -9999 -9999 -9999 -9999 -9999 -9999 -9999 -9999 -9999 27 27 27 27 26 26 25 25 25 25 25 25 25 25 26 26 26 27 27 27 -9999 -9999 27 27 28 28 29 29 30 30 30 30 30 30 30 30 30 30 30 30 30 29 29 28 28 27 27 26 26 25 25 24 23 23 22 22 21 20 20 19 19 18 18 17 17 17 17 17 18 18 18 18 -9999
34 34 33 33 33 32 -9999 -9999 -9999 -9999 -9999 -9999 -9999 -9999 -9999 -9999 -9999 -9999 -9999 -9999 -9999 -9999 27 27 27 27 27 26 26 26 26 26 25 25 25 26 26 26 27 27 28 28 28 28 28 28 29 29 29 29 29 30 30 30 30 30 30 30 30 30 30 30 30 30 30 29 29 28 28 27 26 26 25 25 24 24 -9999 22 22 21 20 20 19 19 18 18 18 19 19 19 19 19 19 19 20 20
