resultados/variables_proyeccion_tiempo/variables_presente/bio13.asc
ncols 330
nrows 228
xllcorner -12.000000
yllcorner 34.000000
cellsize 0.166667
NODATA_value -9999
[rows 47 to 93 of 228, columns 96 to 191 of 330]
-9999 -9999 -9999 -9999 -9999 -9999 -9999 -9999 -9999 -9999 -9999 -9999 -9999 -9999 -9999 -9999 -9999 -9999 -9999 -9999 -9999 -9999 -9999 -9999 -9999 -9999 -9999 -9999 -9999 -9999 -9999 -9999 -9999 -9999 -9999 -9999 135 135 134 134 133 134 134 134 134 133 133 132 132 131 129 126 123 119 115 112 109 104 98 92 88 90 93 93 92 88 86 84 84 85 85 83 84 84 85 86 87 87 86 84 84 84 84 82 81 79 77 77 75 74 73 73 74 73 73 73
-9999 -9999 -9999 -9999 -9999 -9999 -9999 -9999 -9999 -9999 -9999 -9999 -9999 -9999 -9999 -9999 -9999 -9999 -9999 -9999 -9999 -9999 -9999 -9999 -9999 -9999 -9999 -9999 -9999 -9999 -9999 -9999 -9999 -9999 -9999 -9999 -9999 127 126 126 126 -9999 -9999 125 125 125 125 124 123 122 121 118 115 112 109 107 104 103 99 93 89 -9999 86 88 87 86 86 84 83 84 84 84 84 83 83 84 85 86 84 83 84 83 83 81 79 77 75 75 74 74 74 73 73 72 72 72
-9999 -9999 -9999 -9999 -9999 -9999 -9999 -9999 -9999 -9999 -9999 -9999 -9999 -9999 -9999 -9999 -9999 -9999 -9999 -9999 -9999 -9999 -9999 -9999 -9999 -9999 -9999 -9999 149 -9999 -9999 -9999 -9999 -9999 -9999 -9999 -9999 120 119 118 119 119 -9999 -9999 116 117 116 116 115 114 112 111 109 105 102 99 96 93 92 93 91 88 85 83 83 83 83 84 84 83 83 84 83 83 83 83 82 82 81 82 82 81 79 78 78 76 74 74 74 73 74 74 73 72 72 71
-9999 -9999 -9999 -9999 -9999 -9999 -9999 -9999 -9999 -9999 -9999 -9999 -9999 -9999 -9999 -9999 -9999 -9999 -9999 -9999 -9999 -9999 -9999 -9999 -9999 -9999 -9999 -9999 149 143 -9999 -9999 -9999 124 -9999 -9999 116 115 114 -9999 111 -9999 111 110 110 109 109 108 108 107 105 103 102 99 96 95 93 90 88 87 87 85 84 84 83 86 86 84 -9999 84 86 85 84 83 82 82 81 81 80 79 79 77 76 73 74 73 75 73 74 74 73 73 71 71 71 -9999
-9999 -9999 -9999 -9999 -9999 -9999 -9999 -9999 -9999 -9999 -9999 -9999 -9999 -9999 -9999 -9999 -9999 -9999 -9999 -9999 -9999 -9999 -9999 159 158 -9999 -9999 -9999 148 -9999 -9999 131 125 121 117 113 -9999 107 105 104 104 104 103 103 102 102 101 101 102 101 100 97 96 98 98 92 91 90 88 86 85 83 82 83 83 84 87 86 85 85 86 87 88 86 83 81 80 78 79 79 78 77 75 73 73 73 73 74 73 73 72 -9999 -9999 -9999 -9999 -9999
-9999 -9999 -9999 -9999 -9999 -9999 -9999 -9999 -9999 -9999 -9999 -9999 -9999 -9999 -9999 -9999 -9999 -9999 -9999 -9999 -9999 -9999 -9999 -9999 -9999 -9999 -9999 149 145 141 134 125 121 117 112 109 105 102 100 98 97 -9999 96 95 96 98 98 99 98 100 98 -9999 98 99 95 92 92 89 87 85 83 -9999 82 83 84 84 84 85 85 85 85 85 86 85 85 82 79 77 75 73 74 73 74 76 76 74 73 72 -9999 -9999 -9999 -9999 -9999 -9999 -9999 -9999
-9999 -9999 -9999 -9999 -9999 -9999 -9999 -9999 -9999 -9999 -9999 -9999 -9999 -9999 -9999 -9999 -9999 -9999 -9999 -9999 -9999 -9999 -9999 -9999 -9999 149 147 144 139 134 128 121 116 112 108 104 100 97 95 92 91 90 91 91 91 92 94 98 100 104 102 108 104 99 101 103 99 97 99 92 86 84 -9999 85 85 86 86 86 87 88 87 85 84 82 81 82 80 77 76 75 73 73 72 75 76 75 74 -9999 -9999 -9999 -9999 -9999 -9999 -9999 -9999 -9999
-9999 -9999 -9999 -9999 -9999 -9999 -9999 -9999 -9999 -9999 -9999 -9999 -9999 -9999 -9999 -9999 -9999 -9999 172 168 -9999 156 -9999 146 -9999 143 -9999 136 130 123 115 112 109 106 103 99 96 92 90 89 88 90 88 90 96 99 95 96 102 103 104 102 102 104 101 97 97 97 100 95 91 87 83 84 86 86 87 87 87 87 88 86 84 83 83 79 80 80 78 78 77 76 74 -9999 75 74 74 -9999 -9999 -9999 -9999 -9999 -9999 -9999 -9999 -9999
-9999 -9999 -9999 -9999 -9999 -9999 -9999 -9999 -9999 -9999 -9999 -9999 -9999 -9999 -9999 -9999 -9999 -9999 173 163 -9999 148 142 -9999 134 129 -9999 123 117 111 107 108 104 103 100 94 92 95 94 93 96 94 93 91 90 94 94 95 99 102 100 100 99 98 96 95 95 93 91 90 90 88 86 87 87 87 88 87 88 89 87 86 85 82 82 80 77 78 79 79 77 78 77 76 -9999 -9999 -9999 -9999 -9999 -9999 -9999 -9999 -9999 -9999 -9999 -9999
-9999 -9999 -9999 -9999 -9999 -9999 -9999 -9999 -9999 -9999 -9999 -9999 -9999 -9999 218 204 199 186 -9999 167 -9999 142 -9999 130 126 122 114 113 109 104 103 102 103 99 101 99 96 93 94 96 95 92 89 89 89 91 91 94 100 98 95 95 99 98 96 96 96 95 95 95 93 90 87 89 89 89 89 89 88 86 84 85 83 82 80 80 -9999 78 78 78 78 78 77 77 -9999 -9999 -9999 -9999 -9999 -9999 -9999 -9999 -9999 -9999 -9999 -9999
-9999 -9999 -9999 -9999 -9999 -9999 -9999 -9999 -9999 -9999 -9999 257 -9999 231 -9999 209 204 -9999 182 173 158 145 140 126 119 114 107 98 107 109 110 110 109 104 105 102 100 97 91 90 89 86 87 93 91 90 90 90 94 96 96 94 94 95 93 94 92 91 91 92 96 92 89 88 88 86 87 86 86 86 88 85 84 81 79 79 80 79 79 79 -9999 -9999 -9999 -9999 -9999 -9999 -9999 -9999 -9999 -9999 -9999 -9999 -9999 -9999 -9999 -9999
-9999 -9999 -9999 -9999 -9999 -9999 -9999 -9999 -9999 279 271 -9999 255 251 -9999 226 217 194 178 166 -9999 148 142 126 106 98 99 94 98 104 106 109 103 99 99 102 98 96 91 88 86 87 93 95 92 94 90 -9999 96 96 95 97 96 97 98 97 95 96 92 91 89 93 94 93 89 87 86 87 87 86 86 86 85 85 83 83 82 81 80 79 78 -9999 -9999 -9999 -9999 -9999 -9999 -9999 -9999 -9999 -9999 -9999 -9999 -9999 -9999 -9999
-9999 -9999 -9999 -9999 -9999 -9999 -9999 -9999 -9999 -9999 285 -9999 -9999 -9999 246 234 218 199 190 176 160 149 132 128 126 108 99 96 97 92 90 95 104 103 100 94 94 95 93 88 88 87 89 94 92 90 88 90 95 95 96 93 95 96 97 99 95 95 93 91 89 89 90 90 90 87 86 86 86 87 84 83 83 82 83 83 82 82 81 80 78 -9999 -9999 -9999 -9999 -9999 -9999 -9999 -9999 -9999 -9999 -9999 -9999 -9999 -9999 -9999
-9999 -9999 -9999 -9999 -9999 -9999 -9999 297 -9999 -9999 -9999 -9999 269 -9999 244 226 215 200 -9999 174 167 151 121 100 96 87 91 91 92 90 90 90 93 104 107 106 98 96 96 97 93 84 84 91 93 92 89 90 91 90 90 90 92 95 94 99 98 96 95 94 92 93 92 90 91 90 89 87 85 84 82 80 82 82 81 80 81 82 80 79 -9999 -9999 -9999 -9999 -9999 -9999 -9999 -9999 -9999 -9999 -9999 -9999 -9999 -9999 -9999 -9999
-9999 -9999 -9999 -9999 -9999 -9999 -9999 307 311 309 305 -9999 282 269 249 241 224 -9999 200 -9999 160 -9999 131 -9999 116 97 91 102 103 91 87 88 89 88 95 97 99 97 95 90 86 87 86 86 89 89 91 94 95 94 93 93 92 90 90 92 95 96 96 96 94 93 94 93 91 89 88 87 87 85 82 82 81 82 83 82 81 81 80 79 -9999 -9999 -9999 -9999 -9999 -9999 -9999 -9999 -9999 -9999 -9999 -9999 -9999 -9999 -9999 -9999
-9999 -9999 -9999 -9999 -9999 -9999 -9999 301 -9999 310 304 300 292 279 258 245 236 213 -9999 159 157 127 117 116 110 113 113 113 107 94 95 89 94 90 87 89 89 94 99 96 92 87 84 83 91 91 93 95 92 97 96 99 98 92 91 91 92 95 97 98 98 96 96 94 92 89 87 85 84 -9999 84 85 85 83 83 85 84 81 -9999 -9999 -9999 -9999 -9999 -9999 -9999 -9999 -9999 -9999 -9999 -9999 -9999 -9999 -9999 -9999 -9999 -9999
-9999 -9999 -9999 -9999 -9999 -9999 -9999 307 311 312 310 304 295 287 272 254 222 211 -9999 151 -9999 130 120 108 106 105 102 105 99 99 94 91 94 97 93 95 94 88 94 97 96 90 84 84 88 88 88 89 90 91 94 93 95 94 90 91 93 94 95 95 94 96 95 94 92 88 85 86 84 83 83 83 82 83 82 84 83 81 80 -9999 -9999 -9999 -9999 -9999 -9999 -9999 -9999 -9999 -9999 -9999 -9999 -9999 -9999 -9999 -9999 -9999
-9999 -9999 -9999 -9999 -9999 -9999 293 306 315 327 322 319 309 295 277 -9999 230 202 172 151 137 123 113 113 103 94 97 99 90 87 92 94 96 96 94 93 89 86 88 95 94 95 92 84 81 86 87 88 92 89 89 90 90 94 94 92 92 92 92 92 90 91 92 90 88 87 84 86 85 85 85 86 86 84 83 83 82 -9999 80 -9999 -9999 -9999 -9999 -9999 -9999 -9999 -9999 -9999 -9999 -9999 -9999 -9999 -9999 -9999 -9999 -9999
-9999 -9999 -9999 -9999 -9999 281 -9999 -9999 316 -9999 331 328 317 299 -9999 251 236 -9999 178 169 145 132 122 112 107 107 103 91 88 85 84 92 93 95 97 94 93 90 83 86 88 88 89 86 81 83 87 88 88 89 88 87 89 92 94 94 94 92 92 92 91 89 85 -9999 87 87 86 86 87 87 86 88 88 87 87 85 83 82 81 -9999 -9999 -9999 -9999 -9999 -9999 -9999 -9999 -9999 -9999 -9999 -9999 -9999 -9999 -9999 -9999 -9999
-9999 -9999 -9999 -9999 -9999 -9999 287 308 328 342 346 338 328 311 287 265 238 214 187 170 159 148 137 125 114 104 97 100 94 92 92 90 93 92 93 93 90 91 90 84 82 82 85 86 82 82 83 86 87 87 86 87 90 90 92 93 93 94 92 90 90 89 87 84 -9999 84 85 86 87 87 87 89 89 87 86 84 82 82 81 -9999 -9999 -9999 -9999 -9999 -9999 -9999 -9999 -9999 -9999 -9999 -9999 -9999 -9999 -9999 -9999 -9999
-9999 -9999 -9999 -9999 -9999 -9999 272 -9999 326 338 344 349 337 314 286 262 239 216 195 180 164 147 135 118 110 107 100 95 90 90 93 99 97 94 93 94 93 90 91 88 83 -9999 79 81 83 84 83 84 84 84 86 88 86 89 91 92 91 92 92 90 89 89 90 88 85 85 86 88 87 86 85 85 87 87 85 84 82 82 81 80 -9999 -9999 -9999 -9999 -9999 -9999 -9999 -9999 -9999 -9999 -9999 -9999 -9999 -9999 -9999 -9999
-9999 -9999 -9999 -9999 -9999 -9999 266 282 -9999 326 345 352 340 314 285 261 234 209 195 177 -9999 151 136 124 107 98 96 95 96 95 90 98 99 100 95 93 94 91 92 92 91 91 88 85 88 89 88 84 83 84 88 88 88 87 86 89 92 92 91 90 89 87 86 88 87 87 86 87 86 85 85 86 85 84 83 81 81 81 81 80 78 77 -9999 74 -9999 -9999 -9999 -9999 -9999 -9999 -9999 -9999 -9999 -9999 -9999 -9999
-9999 -9999 -9999 -9999 -9999 -9999 -9999 -9999 295 -9999 335 350 330 -9999 -9999 256 232 217 189 174 159 147 132 120 111 106 102 100 99 101 103 97 97 97 99 99 94 94 -9999 94 96 94 90 88 89 87 89 87 84 86 86 86 86 84 84 85 88 89 89 89 88 87 87 86 87 88 90 89 86 85 84 84 83 84 83 82 81 80 80 79 77 76 75 73 72 -9999 -9999 -9999 -9999 -9999 -9999 -9999 -9999 -9999 -9999 -9999
-9999 -9999 -9999 -9999 -9999 -9999 245 -9999 274 -9999 313 319 -9999 294 284 -9999 243 221 198 181 165 148 135 123 115 113 110 107 104 99 99 101 101 96 94 93 93 92 94 96 96 95 91 90 89 88 88 88 85 87 86 87 83 83 82 84 83 84 86 87 87 89 88 89 88 88 88 88 87 86 85 83 82 82 81 81 79 79 78 77 76 75 74 73 71 70 -9999 -9999 -9999 -9999 -9999 -9999 -9999 66 -9999 68
-9999 -9999 -9999 -9999 -9999 -9999 -9999 -9999 -9999 -9999 -9999 -9999 -9999 291 -9999 252 241 223 202 182 165 150 136 126 120 115 113 109 103 106 97 98 95 92 92 93 90 90 97 97 96 94 91 90 89 90 90 90 87 86 85 86 85 83 81 83 83 82 83 85 86 85 88 89 89 90 88 86 85 83 83 83 81 80 79 78 78 77 77 76 75 73 72 71 70 69 68 -9999 66 -9999 -9999 -9999 -9999 -9999 -9999 -9999
-9999 -9999 -9999 -9999 -9999 -9999 -9999 -9999 252 257 -9999 283 291 287 271 251 237 -9999 204 182 165 150 144 129 118 115 114 110 103 100 101 102 95 95 93 90 97 93 93 92 92 93 92 91 91 90 90 88 86 84 84 84 85 -9999 81 81 83 82 84 85 85 85 85 86 86 86 87 87 85 84 81 80 79 78 78 77 76 76 75 74 73 71 71 69 68 67 66 65 64 -9999 -9999 -9999 -9999 -9999 -9999 -9999
-9999 -9999 -9999 -9999 -9999 -9999 -9999 -9999 -9999 -9999 -9999 -9999 -9999 277 267 252 230 217 200 180 161 143 132 124 110 113 115 110 107 103 96 101 99 95 93 90 93 -9999 90 -9999 90 91 92 91 90 90 89 89 87 84 83 82 84 83 81 80 80 82 83 83 83 84 84 83 83 84 82 82 81 80 79 79 78 77 75 75 74 73 73 72 71 70 70 70 68 66 65 64 62 -9999 -9999 -9999 -9999 -9999 -9999 -9999
-9999 -9999 -9999 -9999 -9999 -9999 -9999 -9999 210 228 239 250 268 266 260 248 228 214 198 181 164 157 134 114 112 110 109 107 109 102 96 93 99 97 93 94 91 88 -9999 -9999 88 89 90 90 90 90 89 87 86 86 84 80 80 80 80 80 79 79 79 80 81 81 83 83 -9999 80 79 77 77 77 76 76 75 74 73 -9999 72 71 71 70 70 70 70 69 68 66 64 62 -9999 -9999 -9999 -9999 -9999 -9999 -9999 -9999
-9999 -9999 -9999 -9999 -9999 -9999 -9999 -9999 199 207 -9999 -9999 241 254 260 249 234 217 201 184 166 158 135 120 112 108 107 105 104 103 95 94 100 99 98 91 88 86 87 -9999 88 90 91 91 92 91 89 86 85 85 84 83 80 79 79 78 78 78 77 77 79 79 -9999 80 80 79 77 75 75 74 74 73 73 72 71 71 70 70 69 69 -9999 68 68 68 67 -9999 -9999 -9999 -9999 -9999 -9999 -9999 -9999 -9999 -9999 -9999
-9999 -9999 -9999 -9999 -9999 -9999 -9999 178 -9999 -9999 -9999 -9999 -9999 249 253 246 233 217 202 186 169 156 141 127 117 121 111 111 106 104 97 94 -9999 91 92 89 88 88 -9999 -9999 89 90 91 93 93 92 90 87 85 83 82 81 79 78 77 -9999 -9999 -9999 -9999 -9999 76 78 78 78 78 75 74 74 73 -9999 72 -9999 -9999 71 71 71 70 70 69 68 67 66 66 66 65 63 -9999 -9999 -9999 -9999 -9999 -9999 -9999 -9999 -9999 -9999
-9999 -9999 -9999 -9999 -9999 -9999 -9999 -9999 -9999 -9999 -9999 207 227 241 246 241 230 215 203 190 175 158 149 136 125 121 117 115 111 103 99 96 94 92 90 90 88 -9999 -9999 -9999 -9999 -9999 -9999 93 94 93 91 88 86 83 82 80 77 76 76 -9999 -9999 -9999 -9999 -9999 75 76 76 76 75 74 73 73 73 72 71 71 70 70 70 69 69 69 68 66 65 64 -9999 62 62 -9999 58 -9999 -9999 -9999 -9999 -9999 -9999 -9999 -9999 -9999
-9999 -9999 -9999 -9999 -9999 -9999 -9999 -9999 -9999 -9999 -9999 201 -9999 232 241 238 227 215 204 192 179 164 151 144 135 128 121 115 114 108 103 99 96 -9999 -9999 -9999 -9999 -9999 -9999 -9999 -9999 -9999 -9999 92 94 93 91 89 86 83 81 77 -9999 -9999 -9999 74 -9999 -9999 -9999 -9999 74 -9999 76 76 77 75 74 73 72 72 71 70 69 69 68 67 67 68 67 65 63 61 -9999 58 -9999 -9999 -9999 -9999 -9999 -9999 -9999 -9999 -9999 -9999 -9999 -9999
-9999 -9999 -9999 -9999 -9999 -9999 -9999 -9999 -9999 166 182 203 218 226 231 230 221 214 205 195 182 171 158 152 142 135 128 123 118 112 -9999 -9999 -9999 -9999 -9999 -9999 -9999 -9999 -9999 -9999 -9999 -9999 -9999 91 92 91 90 88 86 84 80 -9999 -9999 -9999 -9999 -9999 -9999 -9999 -9999 72 73 74 74 75 74 -9999 74 72 71 70 69 69 69 69 68 67 66 66 -9999 64 -9999 -9999 -9999 -9999 -9999 -9999 -9999 -9999 -9999 -9999 -9999 -9999 -9999 -9999 -9999 -9999
-9999 -9999 -9999 -9999 -9999 -9999 -9999 -9999 -9999 -9999 182 195 202 216 222 223 218 212 204 196 184 174 164 159 152 144 138 130 121 114 -9999 -9999 -9999 -9999 -9999 -9999 -9999 -9999 -9999 -9999 -9999 -9999 -9999 -9999 89 89 89 88 86 83 81 -9999 -9999 -9999 72 -9999 71 71 71 71 71 72 72 -9999 -9999 71 71 70 70 69 68 67 67 66 65 65 -9999 -9999 -9999 -9999 -9999 -9999 -9999 -9999 -9999 -9999 -9999 -9999 -9999 -9999 -9999 -9999 -9999 -9999 -9999 -9999
-9999 -9999 -9999 -9999 -9999 -9999 -9999 -9999 -9999 -9999 -9999 -9999 194 204 214 215 215 209 203 194 183 177 170 164 160 157 149 134 -9999 -9999 -9999 -9999 -9999 -9999 -9999 -9999 -9999 -9999 -9999 -9999 -9999 -9999 -9999 86 -9999 -9999 87 87 86 84 -9999 81 78 76 73 71 71 72 74 70 70 71 -9999 -9999 70 70 70 69 68 67 67 66 66 66 65 64 -9999 -9999 -9999 -9999 -9999 -9999 -9999 -9999 -9999 -9999 -9999 -9999 -9999 -9999 -9999 -9999 -9999 -9999 -9999 -9999
-9999 -9999 -9999 -9999 -9999 -9999 -9999 -9999 -9999 -9999 -9999 -9999 -9999 -9999 -9999 -9999 207 204 198 191 183 176 172 166 163 158 -9999 -9999 -9999 -9999 -9999 -9999 -9999 -9999 -9999 -9999 -9999 -9999 -9999 -9999 -9999 -9999 -9999 -9999 -9999 -9999 -9999 87 88 86 86 85 82 79 76 74 73 73 73 71 70 69 -9999 -9999 70 70 69 69 68 68 67 67 66 66 -9999 64 -9999 -9999 -9999 -9999 -9999 -9999 -9999 -9999 -9999 -9999 -9999 -9999 -9999 -9999 -9999 -9999 -9999 -9999 -9999 -9999
-9999 -9999 -9999 -9999 -9999 -9999 -9999 -9999 -9999 -9999 -9999 -9999 -9999 -9999 -9999 -9999 197 194 188 184 179 172 168 163 -9999 -9999 -9999 -9999 -9999 -9999 -9999 -9999 -9999 -9999 -9999 -9999 -9999 -9999 -9999 -9999 -9999 -9999 -9999 -9999 -9999 -9999 -9999 88 89 90 91 90 87 84 82 79 77 75 75 74 73 -9999 -9999 72 71 71 70 69 69 68 66 67 67 65 64 63 -9999 -9999 -9999 -9999 -9999 -9999 -9999 -9999 -9999 -9999 -9999 -9999 -9999 -9999 -9999 -9999 -9999 -9999 -9999 -9999
-9999 -9999 -9999 -9999 -9999 -9999 -9999 -9999 -9999 -9999 -9999 -9999 -9999 -9999 -9999 -9999 -9999 -9999 -9999 -9999 -9999 -9999 -9999 -9999 -9999 -9999 -9999 -9999 -9999 -9999 -9999 -9999 -9999 -9999 -9999 -9999 -9999 -9999 -9999 -9999 -9999 -9999 -9999 -9999 -9999 -9999 -9999 87 91 94 -9999 95 94 91 88 84 81 79 77 76 72 -9999 73 74 72 72 71 70 69 68 67 66 66 64 63 -9999 -9999 -9999 -9999 -9999 -9999 -9999 -9999 -9999 -9999 -9999 -9999 -9999 -9999 61 63 -9999 -9999 -9999 -9999 -9999
-9999 -9999 -9999 -9999 -9999 -9999 -9999 -9999 -9999 -9999 -9999 -9999 -9999 -9999 -9999 -9999 -9999 -9999 -9999 -9999 -9999 -9999 -9999 -9999 -9999 -9999 -9999 -9999 -9999 -9999 -9999 -9999 -9999 -9999 -9999 -9999 -9999 -9999 -9999 -9999 -9999 -9999 -9999 -9999 -9999 -9999 -9999 86 92 97 99 99 98 96 92 88 85 83 80 77 74 73 74 75 74 73 72 72 70 68 67 66 65 63 62 61 -9999 -9999 -9999 -9999 -9999 -9999 -9999 -9999 -9999 -9999 57 58 59 61 -9999 -9999 -9999 -9999 -9999 -9999
-9999 -9999 -9999 -9999 -9999 -9999 -9999 -9999 -9999 -9999 -9999 -9999 -9999 -9999 -9999 -9999 -9999 -9999 -9999 -9999 -9999 -9999 -9999 -9999 -9999 -9999 -9999 -9999 -9999 -9999 -9999 -9999 -9999 -9999 -9999 -9999 -9999 75 -9999 -9999 -9999 -9999 -9999 -9999 -9999 -9999 -9999 -9999 90 97 98 98 97 96 93 90 87 84 81 80 77 75 77 77 75 72 71 -9999 70 69 67 65 64 62 61 -9999 -9999 -9999 -9999 -9999 -9999 -9999 -9999 -9999 -9999 56 57 58 59 -9999 -9999 -9999 -9999 -9999 -9999 -9999
-9999 -9999 -9999 -9999 -9999 -9999 -9999 -9999 -9999 -9999 -9999 -9999 -9999 -9999 -9999 -9999 -9999 -9999 -9999 -9999 -9999 -9999 -9999 -9999 -9999 -9999 -9999 -9999 -9999 -9999 -9999 -9999 -9999 -9999 -9999 77 75 74 73 -9999 -9999 -9999 -9999 -9999 -9999 -9999 -9999 83 -9999 91 95 95 96 96 94 92 89 85 83 80 78 76 76 76 74 73 72 70 69 67 66 65 63 61 60 58 -9999 -9999 -9999 -9999 -9999 -9999 -9999 -9999 -9999 56 57 58 60 -9999 -9999 -9999 -9999 -9999 -9999 -9999
-9999 -9999 -9999 -9999 -9999 -9999 -9999 -9999 -9999 -9999 -9999 -9999 -9999 -9999 -9999 -9999 -9999 -9999 -9999 -9999 -9999 -9999 -9999 -9999 -9999 -9999 -9999 -9999 -9999 -9999 -9999 -9999 -9999 80 77 74 72 72 70 -9999 -9999 69 -9999 -9999 -9999 -9999 -9999 -9999 -9999 87 90 93 95 96 95 93 90 86 83 80 78 77 76 75 74 74 73 72 70 68 66 64 63 61 59 -9999 -9999 -9999 -9999 -9999 -9999 -9999 -9999 -9999 -9999 56 57 58 -9999 -9999 -9999 -9999 -9999 -9999 -9999 -9999
-9999 -9999 -9999 -9999 -9999 -9999 -9999 -9999 -9999 -9999 -9999 -9999 -9999 -9999 -9999 -9999 -9999 -9999 -9999 -9999 -9999 -9999 -9999 -9999 -9999 -9999 -9999 106 101 96 92 87 83 79 -9999 72 70 69 -9999 -9999 -9999 -9999 -9999 -9999 -9999 -9999 -9999 -9999 -9999 -9999 87 91 93 96 96 94 91 87 83 81 79 78 77 76 74 73 72 73 71 69 67 64 62 61 59 -9999 -9999 53 -9999 -9999 -9999 -9999 -9999 -9999 -9999 56 -9999 -9999 -9999 -9999 -9999 -9999 -9999 -9999 -9999 -9999
-9999 -9999 -9999 -9999 -9999 -9999 -9999 -9999 -9999 -9999 -9999 -9999 -9999 -9999 -9999 -9999 -9999 -9999 -9999 -9999 -9999 -9999 -9999 -9999 -9999 -9999 106 102 -9999 -9999 -9999 85 82 78 76 73 70 -9999 -9999 -9999 -9999 -9999 -9999 -9999 -9999 -9999 -9999 -9999 -9999 -9999 84 87 91 96 97 98 92 87 84 82 79 78 77 75 74 73 72 72 71 69 67 64 63 61 59 -9999 56 -9999 -9999 -9999 -9999 -9999 -9999 -9999 -9999 -9999 -9999 -9999 -9999 -9999 -9999 -9999 -9999 -9999 -9999 -9999
-9999 -9999 -9999 -9999 -9999 -9999 -9999 -9999 -9999 -9999 -9999 -9999 -9999 -9999 -9999 -9999 -9999 -9999 -9999 -9999 -9999 -9999 -9999 -9999 -9999 -9999 103 99 95 90 86 83 80 78 77 74 70 67 -9999 -9999 -9999 -9999 -9999 -9999 -9999 -9999 -9999 -9999 -9999 -9999 -9999 -9999 89 93 98 98 92 87 84 81 79 77 76 74 73 72 71 70 69 68 66 64 62 60 -9999 58 -9999 -9999 -9999 -9999 -9999 -9999 -9999 -9999 -9999 -9999 -9999 -9999 -9999 -9999 -9999 -9999 -9999 -9999 -9999 -9999
-9999 -9999 -9999 -9999 -9999 -9999 -9999 -9999 -9999 -9999 -9999 -9999 -9999 -9999 -9999 -9999 -9999 -9999 -9999 -9999 -9999 -9999 -9999 -9999 -9999 106 -9999 -9999 93 88 -9999 -9999 80 78 75 72 69 66 -9999 -9999 -9999 -9999 -9999 -9999 -9999 -9999 -9999 -9999 -9999 -9999 -9999 -9999 -9999 -9999 90 91 88 86 83 80 78 77 76 74 72 71 70 69 68 66 65 64 62 -9999 60 59 -9999 -9999 -9999 -9999 -9999 -9999 -9999 -9999 -9999 -9999 -9999 -9999 -9999 -9999 -9999 -9999 -9999 -9999 -9999 -9999
-9999 -9999 -9999 -9999 -9999 -9999 -9999 -9999 -9999 -9999 -9999 -9999 -9999 -9999 -9999 -9999 -9999 -9999 -9999 -9999 -9999 -9999 -9999 -9999 -9999 105 103 99 94 89 86 83 80 78 75 71 68 65 63 62 61 -9999 -9999 -9999 -9999 -9999 -9999 -9999 -9999 -9999 -9999 -9999 83 86 86 85 84 82 80 78 77 75 74 73 71 69 68 67 66 66 65 63 -9999 -9999 -9999 -9999 -9999 -9999 -9999 -9999 -9999 -9999 -9999 -9999 -9999 -9999 -9999 -9999 -9999 -9999 -9999 -9999 -9999 -9999 -9999 -9999
