resultados/variables_proyeccion_tiempo/variables_presente/bio19.asc
ncols 330
nrows 228
xllcorner -12.000000
yllcorner 34.000000
cellsize 0.166667
NODATA_value -9999
[rows 123 to 163 of 228, columns 184 to 275 of 330]
91 91 92 93 94 94 93 92 92 90 90 89 86 86 85 84 84 83 82 81 83 83 83 83 82 81 80 78 76 76 80 84 89 94 97 100 102 103 103 102 102 103 103 103 104 106 107 109 110 110 111 111 111 112 112 113 113 116 116 117 118 118 118 118 119 119 119 119 119 120 121 121 123 123 124 123 123 123 123 123 123 125 126 127 128 129 129 130 130 129 129 128
93 93 93 93 95 94 94 93 93 93 93 96 93 89 88 86 85 84 82 82 84 85 85 83 82 80 79 77 76 77 80 85 90 94 98 101 102 103 103 102 103 102 102 103 104 105 108 110 111 112 113 113 113 113 113 113 113 115 115 117 118 118 117 117 118 119 119 120 122 122 122 123 124 125 124 123 123 123 123 124 124 126 127 129 130 131 132 133 133 132 130 130
97 96 96 95 96 97 96 96 96 96 97 98 98 95 91 89 87 85 83 84 84 85 84 84 83 81 79 79 79 79 82 86 90 94 98 100 102 102 101 101 101 101 101 102 103 105 107 110 111 113 114 114 114 113 113 113 113 113 113 114 115 116 116 117 119 119 120 122 123 124 124 125 126 124 124 123 123 123 122 123 124 126 128 130 132 134 135 136 136 136 134 132
100 100 98 98 97 98 97 97 98 98 99 99 101 101 96 93 89 87 85 85 86 86 86 85 84 83 81 80 82 84 86 89 92 95 98 101 102 101 101 101 100 100 101 101 102 103 107 109 111 113 115 116 115 115 113 113 112 112 112 112 113 114 115 116 118 120 121 123 124 126 126 127 127 127 125 123 122 122 121 122 123 126 129 132 134 136 138 139 140 139 136 134
104 104 101 103 103 100 99 100 100 99 98 98 99 100 100 98 93 89 86 84 85 86 87 87 85 83 82 82 84 86 88 91 95 98 99 101 103 102 101 100 99 99 99 99 100 103 106 110 113 114 116 116 116 115 113 112 111 110 109 109 110 111 113 115 117 119 122 124 126 128 -9999 129 129 128 125 123 121 120 119 120 122 125 130 133 136 139 141 142 142 140 137 135
105 106 107 106 110 108 104 103 102 100 98 99 99 98 97 95 92 88 85 85 85 85 86 86 85 86 87 87 89 90 92 96 98 99 101 102 103 102 101 100 99 99 99 99 100 102 107 110 114 116 117 118 117 115 113 112 110 109 107 106 107 109 112 114 116 120 122 125 128 129 132 132 132 129 125 122 120 118 117 118 121 125 129 134 137 140 142 142 142 140 137 135
107 108 108 108 111 114 112 108 106 103 102 99 99 99 96 94 91 89 89 88 88 87 86 86 86 86 87 91 94 95 97 100 102 102 103 104 103 101 100 99 99 99 98 100 102 104 107 110 115 118 119 119 118 116 113 112 109 107 105 103 104 107 110 113 117 120 123 126 128 130 134 135 133 129 125 121 118 115 113 115 119 124 129 134 139 143 144 142 141 139 136 134
107 110 109 108 111 117 118 110 104 102 100 100 98 98 98 98 96 95 94 94 93 91 89 88 89 89 90 93 99 100 102 104 105 105 105 105 103 101 100 99 99 98 98 101 103 105 108 111 116 119 122 121 119 116 114 112 109 106 104 101 103 106 110 114 117 120 123 126 129 132 134 133 131 129 125 121 117 113 110 113 119 125 130 135 141 144 145 143 139 137 134 132
110 111 110 109 109 109 106 102 100 98 98 99 101 103 105 104 103 102 100 98 97 95 93 91 90 91 94 97 102 109 110 112 111 110 108 106 104 102 100 100 100 99 101 103 103 106 110 113 117 121 124 122 119 117 114 112 110 108 105 104 105 108 112 115 118 121 124 127 129 132 133 133 132 129 124 121 117 114 113 115 121 126 131 136 142 147 146 142 139 135 132 131
111 114 116 115 113 111 106 106 104 100 103 105 106 110 114 113 113 113 109 108 106 105 101 98 95 94 97 101 106 112 118 122 118 114 110 107 105 105 105 103 102 101 102 102 103 106 109 114 118 120 122 121 119 117 114 113 111 109 108 108 109 111 114 116 119 122 125 127 129 131 132 132 132 129 126 123 120 118 117 120 124 128 132 135 140 144 144 142 137 132 131 130
125 145 145 137 144 127 128 120 119 116 115 112 115 118 121 119 115 115 115 115 115 111 108 106 100 99 102 106 110 115 120 125 124 117 114 111 110 107 105 103 101 101 101 103 105 107 111 114 117 119 120 120 118 116 115 114 112 112 112 111 113 114 116 118 121 123 125 127 129 130 130 131 130 128 125 123 122 120 120 123 127 129 132 135 137 139 141 138 135 133 130 130
149 165 162 172 170 170 141 128 138 137 118 109 121 135 136 138 133 127 125 122 119 119 121 120 110 107 110 112 115 118 121 123 125 120 117 112 110 107 105 103 101 99 100 103 105 107 110 113 116 119 120 119 118 116 114 113 112 112 113 115 116 117 118 120 122 124 125 127 129 130 132 130 129 128 126 125 122 120 121 124 127 129 131 133 134 135 136 135 133 132 130 129
156 168 179 180 165 144 140 134 124 117 114 134 134 150 151 145 138 136 138 141 136 130 127 129 129 125 122 121 121 122 123 122 121 117 114 111 108 106 105 103 100 99 100 102 105 107 110 113 115 117 118 117 116 115 114 113 112 113 114 116 117 119 120 122 123 124 126 129 131 131 131 131 130 128 126 124 123 122 123 124 125 -9999 -9999 130 -9999 132 133 132 132 131 128 128
143 167 188 172 160 175 222 216 220 183 111 125 131 139 148 134 127 126 132 138 147 152 146 143 141 137 140 138 137 131 127 125 122 117 113 108 105 105 104 103 101 101 101 102 104 107 109 111 114 115 116 115 115 115 113 112 111 113 116 118 118 120 120 123 124 126 128 130 131 132 132 131 130 128 127 125 123 123 122 121 124 124 125 -9999 -9999 -9999 -9999 129 128 127 127 128
181 160 169 173 158 147 154 153 170 109 94 122 127 131 125 124 125 125 129 135 141 149 156 158 158 152 149 155 149 141 135 130 127 120 114 109 103 102 103 103 102 102 102 102 103 105 108 109 111 112 112 113 113 112 111 110 109 111 114 117 119 120 121 122 124 127 128 130 131 133 132 131 130 127 126 125 123 121 121 120 121 123 124 125 125 127 127 -9999 125 125 125 127
163 165 200 191 200 204 175 161 168 132 108 102 111 120 121 115 139 127 127 137 150 154 148 152 157 162 156 158 154 158 150 139 131 124 119 111 104 103 102 102 102 102 102 102 103 103 105 106 108 109 109 110 110 110 110 110 109 111 114 115 117 119 121 123 124 126 129 131 132 134 132 130 128 126 124 124 122 121 119 118 118 118 121 124 125 126 126 125 125 124 123 124
162 182 167 150 159 144 137 141 115 116 97 118 118 119 121 110 118 134 127 135 143 154 158 153 158 159 156 161 159 160 161 158 145 134 123 114 108 105 103 101 102 101 102 102 102 102 102 102 105 106 106 107 107 109 109 109 109 111 114 116 117 118 120 121 123 126 128 130 132 133 131 129 126 125 123 122 120 118 117 115 114 114 117 121 123 123 122 123 123 123 123 122
148 152 148 143 148 148 129 108 97 88 91 94 100 98 101 106 124 124 129 137 146 154 155 155 157 153 155 166 159 162 165 166 161 148 135 123 115 109 104 102 101 100 100 100 99 100 99 99 100 102 102 104 105 106 108 109 109 111 113 115 118 119 120 121 122 124 126 128 130 130 129 127 125 124 123 121 120 118 116 113 109 107 112 116 119 119 119 119 120 120 119 120
147 156 146 154 139 116 103 97 92 86 88 89 90 96 103 113 128 126 132 138 145 149 149 146 145 151 158 153 161 159 165 163 159 154 150 134 125 113 106 101 98 98 98 100 101 98 96 95 96 99 101 102 104 105 107 108 108 110 112 114 117 119 119 121 122 123 123 125 127 127 127 125 124 122 121 120 119 116 115 112 108 105 108 112 115 117 117 116 117 117 117 116
129 131 134 133 117 108 102 100 92 89 89 89 90 95 103 116 122 125 130 136 141 144 144 142 141 142 145 154 154 159 158 156 160 155 145 143 138 124 113 105 101 98 97 96 94 91 91 91 92 93 96 99 101 104 105 107 107 107 109 112 115 118 120 120 121 122 123 123 123 124 123 124 123 121 120 119 118 117 115 114 110 109 108 111 113 114 114 114 113 114 114 116
120 122 122 115 111 107 104 102 96 95 104 106 93 96 104 112 122 126 130 134 138 140 139 138 136 137 143 156 158 161 158 152 148 146 148 155 137 124 120 117 106 96 92 91 90 88 87 86 87 89 91 95 98 100 103 104 106 109 108 109 113 117 118 120 120 121 121 121 121 121 121 120 120 119 119 118 118 117 116 115 112 110 109 110 112 111 111 111 111 111 113 114
120 135 122 117 113 109 107 111 100 94 95 95 94 98 104 112 119 124 128 132 135 136 135 133 131 132 140 153 165 164 160 154 146 146 151 149 146 134 126 120 112 99 88 83 83 83 81 82 83 85 87 90 95 98 100 103 104 107 110 113 113 114 116 118 119 120 120 120 120 119 119 119 118 118 117 117 116 114 115 114 113 111 109 109 109 109 109 108 109 110 110 112
121 127 117 113 109 103 101 98 95 94 93 94 96 100 105 111 116 122 126 130 133 133 131 129 127 128 138 151 166 165 156 151 145 138 136 139 142 145 134 124 114 107 95 78 77 79 79 78 79 81 84 86 91 95 99 101 104 107 108 112 114 114 114 117 118 119 119 118 118 118 119 118 118 117 116 115 115 114 113 112 111 110 108 108 107 107 107 106 108 108 108 110
122 125 114 111 108 102 99 96 95 95 95 96 99 102 106 110 115 119 123 128 130 131 130 128 126 131 141 149 159 169 159 148 144 143 137 147 145 146 133 123 114 100 94 82 76 75 75 76 78 77 80 84 87 92 96 100 102 104 106 107 111 114 114 115 116 118 118 117 117 116 117 117 117 117 116 113 114 114 112 112 110 109 107 107 106 105 106 105 105 107 108 108
119 119 110 105 105 103 100 99 97 97 98 99 101 104 107 111 114 117 123 128 129 130 130 130 129 131 135 140 148 150 147 142 138 136 132 135 127 124 126 120 118 112 98 90 79 74 74 73 77 75 77 81 86 90 95 99 103 105 107 107 108 112 112 113 115 116 116 116 115 116 116 116 117 116 116 115 113 112 112 111 109 107 107 105 104 103 103 103 103 105 106 106
116 113 109 104 104 104 102 101 100 100 100 102 104 106 109 113 116 120 125 130 131 131 132 129 128 128 129 130 133 133 132 130 128 127 126 123 123 124 125 125 120 116 103 101 89 78 71 71 70 72 74 79 84 90 93 98 104 106 107 108 111 112 111 112 114 116 114 115 114 115 116 117 116 116 116 116 115 113 111 111 109 106 105 104 103 101 101 101 103 103 103 -9999
115 113 109 107 106 106 105 104 103 103 103 104 106 108 111 114 118 123 128 133 134 133 136 136 131 128 125 120 120 118 117 117 120 120 121 120 126 130 130 135 118 114 112 91 91 85 72 68 67 68 73 79 85 90 94 95 100 105 109 109 109 111 111 111 111 113 113 113 113 113 115 117 117 116 116 115 114 113 111 109 107 106 104 103 102 100 100 100 100 101 -9999 103
116 114 111 109 109 109 108 107 106 105 105 106 108 110 113 116 120 123 128 133 134 134 140 136 138 130 120 114 109 105 103 106 109 112 113 112 109 111 114 113 102 109 104 100 87 81 71 68 66 65 74 79 84 91 95 99 97 101 105 108 108 109 111 110 110 110 111 110 113 114 115 116 118 117 115 115 113 112 110 107 106 105 103 102 100 99 99 98 99 99 100 101
118 115 113 111 111 111 111 110 109 107 106 108 109 112 114 117 120 123 126 129 129 128 130 151 163 141 133 120 103 99 96 98 101 104 105 104 101 102 114 123 99 103 116 105 104 97 78 67 68 67 75 81 85 88 93 98 97 99 104 107 109 109 109 111 109 107 108 109 112 114 115 117 118 118 116 114 113 111 110 -9999 105 104 102 101 98 97 96 96 96 97 98 100
119 116 115 114 113 113 113 113 111 108 107 109 111 113 116 119 121 123 125 127 133 141 127 138 162 155 157 149 117 100 93 93 95 97 98 97 96 97 99 112 112 106 96 108 107 105 90 73 73 70 77 83 85 90 91 96 98 97 102 105 107 109 109 109 110 110 109 108 110 115 117 119 -9999 118 -9999 -9999 -9999 -9999 -9999 -9999 -9999 -9999 101 99 97 96 95 94 95 97 97 98
119 118 117 117 116 114 113 111 107 105 107 109 112 115 118 120 123 124 125 126 126 133 134 135 154 137 138 133 116 104 91 90 91 92 92 92 91 92 93 97 95 119 91 103 111 100 84 80 77 76 79 83 87 89 91 95 95 97 102 104 106 106 108 108 110 109 110 111 110 112 118 121 121 -9999 -9999 -9999 -9999 -9999 -9999 -9999 105 103 102 100 98 96 94 93 94 96 97 98
122 121 121 120 118 116 112 107 101 103 106 110 113 117 119 122 124 127 133 131 133 130 129 122 126 126 126 131 120 98 89 89 89 89 90 90 90 89 90 89 90 96 110 92 102 113 95 81 77 81 79 83 86 88 91 94 94 98 102 102 104 106 106 105 107 107 108 109 110 -9999 -9999 118 -9999 -9999 -9999 -9999 -9999 -9999 -9999 -9999 106 103 103 100 98 96 93 92 93 95 97 99
126 125 124 122 120 117 113 108 105 105 108 112 115 119 122 125 127 128 131 131 129 131 128 128 121 119 119 116 107 92 91 89 88 89 90 92 92 92 91 86 87 85 93 103 96 97 107 99 89 87 83 83 85 88 93 96 94 99 102 101 103 105 105 103 103 104 105 105 107 109 111 -9999 -9999 -9999 -9999 -9999 -9999 -9999 -9999 -9999 -9999 -9999 -9999 -9999 -9999 -9999 -9999 -9999 94 -9999 100 -9999
131 130 128 126 123 120 116 113 110 111 112 115 118 121 124 127 129 131 130 129 127 125 125 122 119 112 112 103 100 97 93 91 89 91 91 91 92 91 89 87 96 87 96 94 89 104 123 109 92 90 85 83 85 89 94 95 95 99 101 101 104 104 102 101 100 99 100 101 102 105 -9999 -9999 -9999 -9999 -9999 -9999 -9999 -9999 -9999 -9999 -9999 -9999 -9999 -9999 -9999 -9999 -9999 -9999 -9999 -9999 105 107
138 136 134 130 127 124 120 118 116 116 118 119 122 124 126 128 129 129 128 128 129 135 145 148 132 114 110 117 126 126 127 110 95 90 91 93 95 94 94 94 92 85 89 99 102 124 140 123 101 94 86 84 85 88 92 95 94 99 101 101 104 102 100 97 95 94 94 -9999 -9999 -9999 -9999 -9999 -9999 -9999 -9999 -9999 -9999 -9999 -9999 -9999 -9999 -9999 -9999 -9999 -9999 -9999 -9999 -9999 105 109 114 118
146 144 140 136 132 128 125 123 122 122 123 124 126 127 128 130 130 132 132 131 129 142 144 144 133 120 123 138 158 156 165 155 139 109 134 155 166 159 146 128 106 123 121 130 123 127 130 124 108 95 89 85 86 88 91 95 94 99 100 101 103 102 98 94 90 88 -9999 -9999 -9999 -9999 -9999 -9999 -9999 -9999 -9999 -9999 -9999 -9999 -9999 -9999 -9999 -9999 -9999 -9999 -9999 107 107 108 112 118 127 135
154 152 147 142 137 133 130 129 129 129 129 130 130 131 131 132 133 133 136 135 136 131 151 170 171 174 147 133 134 168 164 138 129 111 119 132 137 148 139 141 164 152 149 143 130 115 111 104 99 97 90 88 88 89 90 93 94 96 -9999 100 103 101 96 90 85 82 -9999 -9999 -9999 -9999 -9999 -9999 -9999 -9999 -9999 -9999 -9999 -9999 -9999 -9999 -9999 -9999 -9999 114 114 111 110 111 116 122 132 146
160 157 153 148 144 140 138 137 137 137 137 136 136 135 134 134 134 137 140 145 163 147 156 192 180 168 151 147 133 143 141 143 134 113 109 110 111 112 114 133 137 129 126 116 109 105 103 99 95 93 90 90 90 90 91 92 94 99 100 99 100 98 93 88 81 76 -9999 -9999 -9999 -9999 -9999 -9999 -9999 -9999 -9999 -9999 -9999 -9999 -9999 -9999 -9999 -9999 -9999 -9999 -9999 -9999 -9999 112 114 120 131 144
166 163 159 154 150 148 148 147 147 147 145 142 142 140 137 136 138 136 147 157 171 147 158 165 142 134 123 116 114 113 112 112 107 104 104 107 107 106 110 110 109 109 109 105 103 103 103 100 94 93 93 92 92 92 91 92 93 97 102 101 100 97 92 86 81 76 -9999 -9999 -9999 -9999 -9999 -9999 -9999 -9999 -9999 -9999 -9999 -9999 -9999 -9999 -9999 -9999 -9999 -9999 -9999 -9999 -9999 -9999 -9999 121 129 137
174 171 167 162 157 153 153 153 155 156 153 148 145 144 142 139 137 139 147 151 146 152 146 145 134 125 121 117 116 115 114 112 109 105 109 110 108 107 109 108 107 106 107 105 104 102 101 99 98 96 95 94 93 93 93 92 93 98 104 100 97 -9999 90 87 84 -9999 -9999 -9999 -9999 -9999 -9999 -9999 -9999 -9999 -9999 -9999 -9999 -9999 -9999 -9999 -9999 -9999 -9999 -9999 -9999 -9999 -9999 -9999 -9999 -9999 131 139
183 180 176 171 167 164 162 162 163 165 165 158 149 145 142 140 140 139 147 146 153 152 135 136 131 126 124 121 118 117 117 114 113 109 111 111 110 109 108 108 109 109 109 109 109 107 105 103 101 99 97 95 95 94 93 93 94 98 103 99 95 -9999 -9999 -9999 -9999 -9999 -9999 -9999 -9999 -9999 -9999 -9999 -9999 -9999 -9999 -9999 -9999 -9999 -9999 -9999 -9999 -9999 -9999 -9999 -9999 -9999 -9999 -9999 -9999 131 141 157
