resultados/variables_proyeccion_tiempo/variables_presente/bio18.asc
ncols 330
nrows 228
xllcorner -12.000000
yllcorner 34.000000
cellsize 0.166667
NODATA_value -9999
[rows 120 to 159 of 228, columns 91 to 181 of 330]
-9999 -9999 -9999 -9999 -9999 200 -9999 -9999 206 208 211 213 214 214 215 218 221 223 224 223 223 225 228 230 233 230 228 228 232 238 243 246 247 247 248 240 243 236 240 243 238 236 259 255 230 202 193 184 179 175 170 168 169 172 175 179 184 186 188 190 192 193 191 189 189 189 190 191 192 191 193 193 195 196 197 197 198 199 201 203 203 202 202 202 203 203 202 200 197 198 200
-9999 -9999 -9999 -9999 -9999 199 -9999 203 205 207 208 209 209 210 212 216 221 225 225 224 224 227 230 232 231 230 230 231 234 240 241 239 237 239 255 242 239 237 260 245 229 236 260 300 304 256 225 202 189 182 177 171 172 172 174 177 183 185 188 191 193 197 198 196 196 193 193 193 194 195 196 198 198 200 201 201 202 204 205 205 205 206 206 207 205 206 206 204 200 198 200
-9999 -9999 204 203 -9999 199 200 202 204 205 207 208 206 205 209 215 219 222 224 225 225 228 232 234 236 234 232 233 234 237 241 246 247 251 253 238 234 230 236 241 230 237 225 238 234 227 227 221 208 198 187 181 178 175 174 177 183 189 192 195 197 200 201 203 203 200 199 199 200 200 202 204 203 204 207 210 212 213 209 210 211 210 209 209 209 209 206 205 204 201 202
-9999 -9999 -9999 -9999 -9999 199 200 202 203 205 208 209 207 205 210 215 220 222 225 226 226 227 238 245 246 244 243 249 249 253 259 263 267 262 249 232 234 229 233 237 230 237 238 236 225 208 196 194 186 193 191 184 179 176 176 180 185 190 197 200 200 203 206 207 206 205 202 201 201 202 204 206 208 211 214 216 217 219 217 214 216 216 214 213 217 215 214 212 214 208 208
200 201 199 198 199 199 199 199 201 204 207 211 215 214 214 216 220 224 229 229 228 229 244 259 263 267 264 262 258 264 261 281 286 260 242 239 233 223 229 247 231 228 239 220 208 200 194 187 192 199 197 192 184 181 180 182 188 194 202 204 206 209 214 217 217 216 208 205 204 207 209 212 216 219 224 227 225 222 220 219 220 221 223 223 222 221 221 219 218 216 216
199 198 198 199 200 200 199 198 198 202 208 214 221 223 222 219 221 226 232 235 234 236 241 252 259 259 261 264 255 258 268 270 259 236 239 237 215 217 224 230 222 222 211 211 195 189 181 184 198 203 204 201 197 192 188 188 193 200 208 212 218 222 222 219 223 222 222 217 216 214 213 217 224 232 237 242 244 239 230 229 228 227 226 224 223 222 223 223 224 224 225
193 195 198 202 204 203 204 200 199 204 212 216 221 224 227 225 232 237 237 237 237 242 242 242 246 246 244 247 243 241 259 246 231 217 218 222 214 235 231 215 219 205 205 214 201 192 187 197 210 215 212 210 207 200 200 197 201 208 214 221 231 235 237 232 221 220 218 221 222 215 215 227 250 261 256 260 268 262 248 241 236 236 231 229 227 227 227 228 229 231 233
190 194 200 204 204 207 208 213 208 214 217 222 228 233 236 241 255 258 263 256 244 240 240 234 235 235 232 229 238 245 229 230 214 204 209 215 218 225 215 215 214 218 203 205 231 229 210 208 212 213 210 216 214 206 208 204 209 220 227 233 240 249 259 256 239 226 217 216 215 215 222 233 256 276 304 307 286 277 280 271 252 247 240 237 234 233 233 233 235 238 240
187 192 198 203 208 212 216 219 219 223 228 232 236 243 245 263 277 303 308 283 265 254 248 237 227 231 228 227 234 233 217 203 199 195 203 218 243 224 214 214 233 237 211 196 204 228 241 233 233 219 227 224 222 216 213 221 227 235 247 250 264 255 234 217 219 213 213 210 209 211 215 220 234 250 264 276 278 281 277 274 275 255 249 246 243 238 240 242 241 244 246
183 187 193 200 207 212 223 225 226 230 233 242 249 251 253 274 288 299 304 292 276 260 250 254 228 210 206 218 206 194 199 208 209 194 194 207 228 226 218 226 253 226 195 194 198 205 221 235 236 239 238 229 229 219 224 247 265 270 278 260 239 219 213 212 210 203 201 201 208 211 211 217 227 236 249 258 261 260 278 288 262 266 267 247 246 248 249 246 246 249 256
181 186 195 205 213 222 230 236 242 239 238 246 247 247 262 279 274 272 270 270 256 252 247 239 218 208 207 206 208 203 206 227 210 197 197 201 210 217 217 220 220 200 195 197 200 201 206 209 211 223 236 234 227 232 231 230 233 231 230 252 236 218 218 221 218 207 202 202 203 207 210 215 221 230 236 243 245 249 264 295 281 285 303 294 284 283 265 258 258 259 258
181 188 194 203 213 225 237 242 242 240 247 247 254 271 258 257 251 244 247 238 233 228 223 214 212 218 221 203 207 203 191 193 196 202 199 206 217 226 217 205 199 199 198 201 203 208 208 219 219 216 219 239 242 229 224 216 235 254 249 247 237 233 230 225 221 217 211 209 213 215 216 218 222 227 233 235 240 244 251 262 273 285 284 299 329 298 283 270 268 268 269
177 181 187 197 208 220 237 251 251 253 257 263 269 270 263 251 237 226 219 214 211 208 202 213 224 214 220 205 180 184 185 187 199 210 208 207 218 231 213 204 202 198 194 205 212 211 213 228 226 226 221 232 235 236 226 237 243 242 246 243 239 231 228 231 224 219 220 219 226 231 231 236 233 231 242 245 241 246 247 257 256 265 252 269 292 295 293 281 278 280 279
171 172 176 185 196 210 221 231 233 234 243 251 259 261 253 241 224 216 215 209 206 212 224 239 226 211 201 194 195 194 193 193 204 227 224 226 220 222 212 213 204 200 201 215 217 215 215 218 229 231 231 229 225 227 230 251 243 235 235 233 229 229 237 247 249 238 230 230 234 240 240 242 249 251 254 263 268 271 262 258 257 253 246 241 256 291 299 295 292 284 287
166 171 170 177 185 194 202 209 220 229 233 233 238 240 237 230 222 214 209 208 213 228 226 227 224 214 206 206 209 203 197 200 208 232 241 243 237 233 226 218 215 212 216 217 220 222 217 219 227 234 235 229 230 227 234 245 249 242 238 237 236 244 247 262 255 247 243 250 255 253 258 256 255 258 256 261 268 273 265 260 248 255 257 241 242 265 284 282 281 299 317
169 169 172 176 177 183 193 201 207 215 223 231 230 228 226 226 225 212 200 209 208 209 213 218 217 210 210 212 218 220 202 208 215 234 235 237 234 229 229 228 231 232 231 231 233 229 226 222 229 240 247 239 233 232 235 244 251 264 249 254 250 258 258 258 257 253 253 257 259 258 271 270 268 271 264 262 260 257 250 245 235 258 258 240 240 248 263 289 294 316 346
171 171 174 177 178 181 189 196 206 207 215 223 225 227 217 216 211 208 202 206 210 208 213 218 216 216 220 224 227 220 211 215 220 228 230 229 225 226 232 236 240 239 242 242 242 242 240 235 241 246 254 250 240 236 239 245 250 255 266 282 293 285 272 270 264 261 264 262 264 262 271 273 279 274 274 263 254 246 245 229 221 234 236 242 251 253 260 279 300 315 333
172 174 176 179 183 184 184 192 201 205 210 217 224 221 222 210 211 208 204 208 214 213 214 214 222 222 222 222 223 214 217 222 229 233 237 231 230 242 249 241 243 246 250 250 251 254 253 260 259 259 259 261 252 242 253 266 272 279 282 310 317 336 337 315 297 283 272 272 277 271 273 280 284 269 267 260 250 240 228 221 212 215 230 243 259 252 260 274 290 305 290
171 175 178 182 184 178 182 187 196 202 205 211 220 220 220 213 216 207 206 210 211 212 212 216 222 219 216 215 215 218 222 240 245 249 245 238 234 239 251 254 251 254 263 259 256 270 271 275 272 271 269 265 261 257 256 260 265 274 296 310 312 337 352 349 340 335 310 288 289 285 282 290 282 273 263 255 245 230 220 215 215 222 231 240 247 256 275 286 280 268 290
172 174 178 177 176 182 187 190 190 194 201 209 219 222 218 216 211 214 212 211 211 212 216 219 225 214 213 213 216 223 253 284 290 273 264 258 246 247 249 253 274 276 278 277 272 274 277 278 274 272 272 274 278 281 283 287 287 286 287 291 305 300 321 352 362 349 334 324 318 317 301 298 290 286 271 260 240 225 218 216 225 229 235 246 260 270 274 258 260 274 252
171 173 172 170 173 178 183 188 190 -9999 200 209 219 223 225 223 220 221 217 215 216 219 225 243 259 223 212 216 225 246 314 304 291 278 270 266 260 270 289 289 287 279 274 274 278 284 288 292 291 296 297 300 301 300 304 308 313 317 317 314 313 308 320 351 347 357 364 344 355 360 338 318 307 292 273 255 239 230 226 227 227 234 242 257 264 265 258 239 249 239 234
167 169 172 174 175 180 184 186 190 195 205 214 221 228 231 227 234 227 226 227 225 229 238 268 274 239 216 226 244 274 304 304 290 280 277 291 308 315 321 304 287 280 285 292 299 304 306 312 318 319 318 315 313 323 328 334 340 344 348 349 340 334 347 357 350 346 365 347 341 351 356 352 333 300 268 246 235 227 220 221 224 233 244 267 279 256 237 228 226 222 233
170 174 176 179 183 179 184 190 198 204 214 217 222 230 234 236 237 236 238 238 240 250 252 276 267 218 225 242 279 290 304 305 298 304 321 337 330 325 314 302 298 300 306 312 318 324 327 334 335 336 337 337 339 346 349 350 357 367 373 377 377 383 386 374 360 341 331 324 318 320 327 325 302 288 275 256 244 239 232 214 218 227 237 260 246 232 221 213 210 206 204
172 177 179 180 181 184 190 196 204 207 210 218 228 235 235 243 242 245 249 259 262 285 314 313 247 214 236 264 294 342 360 328 312 333 344 338 329 326 332 330 332 327 329 333 339 343 351 353 359 361 362 363 363 362 365 379 386 394 407 421 438 445 441 415 392 375 357 345 340 328 322 311 306 301 295 291 282 265 238 219 221 225 230 228 222 215 206 199 193 190 189
176 171 171 175 182 191 199 199 202 208 214 224 230 236 236 239 239 245 249 266 284 296 317 318 233 220 242 289 357 382 374 335 329 336 335 335 346 354 352 357 362 354 354 361 361 369 374 366 374 376 383 382 372 368 379 392 408 421 430 457 473 484 479 464 454 430 409 398 388 373 373 367 367 359 338 334 309 278 241 230 229 220 219 216 210 202 193 186 182 179 179
181 179 175 183 188 193 199 204 208 214 221 228 231 231 236 242 245 248 254 259 270 295 291 259 234 234 260 338 371 394 374 343 342 329 329 330 337 362 370 384 380 378 372 373 371 380 386 379 377 382 394 399 401 389 410 417 438 454 461 472 502 512 522 528 520 496 465 455 422 412 406 415 400 394 392 372 329 278 261 242 226 215 211 208 201 192 183 176 174 172 172
187 186 183 185 193 199 203 207 212 218 222 219 220 225 232 240 248 261 265 264 271 272 266 262 260 263 266 302 335 351 347 353 352 350 354 360 360 -9999 -9999 401 395 393 378 388 384 384 408 398 398 404 407 415 417 404 413 423 449 459 476 491 503 520 527 529 521 509 486 463 459 435 440 434 418 400 375 383 369 315 295 259 234 219 211 204 197 189 182 177 173 172 173
191 190 190 195 203 209 209 208 215 225 223 209 211 220 231 245 261 267 270 278 283 286 295 294 307 301 323 343 355 361 369 382 381 387 403 399 408 416 408 411 403 408 385 408 394 393 398 401 397 421 417 401 396 406 420 431 444 451 469 484 487 504 517 520 507 504 507 493 480 462 431 403 389 387 395 365 347 310 293 269 236 221 213 206 198 190 185 183 181 178 178
199 199 197 201 219 230 222 215 216 221 215 200 208 219 235 249 263 281 289 302 312 320 335 349 345 340 337 333 356 387 407 402 412 403 412 439 456 449 411 419 424 426 419 412 400 369 372 391 381 379 399 417 403 430 427 430 437 444 453 462 477 493 501 504 507 501 488 471 453 427 415 428 392 384 372 347 320 297 277 260 237 224 217 210 202 196 199 208 199 184 170
202 208 204 206 220 235 218 212 218 222 204 203 209 221 235 250 271 290 303 322 332 348 345 329 297 305 318 359 392 402 419 422 448 475 488 466 486 442 447 446 400 420 427 396 366 383 390 425 398 377 413 418 425 440 -9999 451 445 457 452 455 465 471 477 478 481 475 462 445 462 432 440 389 371 362 356 339 321 300 282 262 244 233 227 217 209 204 208 204 187 170 169
203 207 206 207 221 225 216 225 218 208 203 206 212 222 234 256 286 306 314 332 343 318 285 287 296 311 331 369 416 450 445 475 472 511 537 518 525 485 416 417 426 438 434 384 379 433 419 397 390 358 393 408 389 427 433 426 416 429 424 432 436 444 452 461 465 452 431 411 437 423 420 419 367 354 352 343 330 311 292 273 258 246 235 227 222 211 205 192 -9999 168 170
208 209 209 212 217 218 221 218 218 209 206 211 216 223 242 269 285 311 324 326 283 288 290 299 330 368 325 381 424 461 487 539 524 539 537 502 468 434 444 436 455 418 388 391 349 419 398 361 330 360 348 357 357 378 390 398 401 400 399 410 414 421 424 435 438 410 394 372 397 387 396 416 363 356 347 338 325 311 298 279 268 257 245 236 226 -9999 201 196 190 183 178
212 215 216 216 222 219 220 224 217 213 212 213 217 230 255 268 298 321 332 286 270 286 305 328 387 390 407 430 476 -9999 529 545 524 531 520 527 501 470 441 459 428 413 387 371 341 328 317 292 290 314 326 376 381 388 392 380 385 390 392 393 403 410 418 414 401 383 364 367 366 376 375 379 378 373 354 336 324 309 294 283 274 266 255 245 231 223 212 208 199 192 187
218 219 222 224 221 221 224 229 225 223 212 215 219 241 254 270 297 311 265 -9999 -9999 -9999 287 357 390 435 464 491 520 490 506 518 494 496 466 493 475 460 453 444 455 403 376 347 408 351 300 275 276 294 337 369 359 368 358 361 373 373 376 383 391 401 407 411 410 394 398 406 406 401 388 364 385 378 348 327 319 311 301 290 277 268 259 252 241 232 222 213 205 198 195
218 223 227 234 227 228 232 244 241 219 214 217 221 239 255 282 294 250 248 280 314 346 302 356 350 338 381 423 425 -9999 449 467 456 447 451 441 439 392 414 404 368 335 306 324 343 300 292 266 273 299 327 344 345 336 343 351 358 366 372 377 382 386 386 390 389 390 363 357 371 375 363 349 341 339 332 330 322 316 303 294 285 272 264 255 248 238 232 226 219 211 211
219 224 235 249 236 227 237 248 236 213 218 221 224 239 272 272 251 257 263 275 286 338 398 313 387 447 -9999 481 -9999 463 366 418 418 397 421 428 396 383 370 357 344 328 306 308 336 266 276 266 273 293 304 303 313 316 328 339 355 363 362 366 364 354 357 364 364 364 359 349 346 350 349 351 337 340 325 308 303 302 297 294 286 280 271 259 252 244 237 228 222 221 218
208 214 235 252 244 231 237 244 225 214 219 219 219 242 266 252 241 244 278 313 314 339 423 429 -9999 454 457 477 466 397 382 349 -9999 374 392 395 376 368 352 336 313 295 277 294 269 261 254 261 269 281 287 290 294 300 306 316 328 334 335 335 330 318 315 330 342 354 345 347 344 340 330 325 318 308 305 295 306 301 288 283 280 275 274 270 259 249 240 231 223 217 213
203 212 222 255 241 221 224 238 233 215 209 213 220 223 236 224 233 264 276 275 319 395 391 370 321 348 338 375 395 349 313 307 -9999 325 345 344 328 314 303 291 283 266 270 260 255 -9999 254 260 263 264 268 267 268 273 276 283 294 302 304 305 -9999 290 -9999 303 312 334 336 341 346 337 327 316 317 322 312 289 280 277 277 278 278 279 274 272 269 261 249 238 228 220 213
204 217 238 238 261 220 215 235 231 213 211 222 226 230 222 237 232 257 245 278 329 328 386 404 406 411 380 309 313 266 255 258 263 272 286 286 273 260 251 245 241 240 245 243 -9999 237 244 249 251 250 250 246 245 245 243 251 263 273 -9999 -9999 -9999 -9999 -9999 265 298 310 315 344 338 327 319 320 286 287 276 273 275 275 272 273 275 283 276 275 278 289 276 254 236 226 218
200 212 237 224 241 230 221 234 240 209 213 224 233 236 233 246 255 239 275 324 312 370 394 406 365 324 278 245 227 227 222 224 227 234 242 244 232 221 216 214 214 218 224 226 225 226 225 224 227 231 231 226 223 221 -9999 -9999 -9999 -9999 -9999 -9999 -9999 -9999 248 260 265 294 300 298 322 316 311 300 281 272 268 270 268 267 271 271 270 272 275 280 290 290 270 262 252 237 227
