resultados/variables_proyeccion_tiempo/variables_presente/bio14.asc
ncols 330
nrows 228
xllcorner -12.000000
yllcorner 34.000000
cellsize 0.166667
NODATA_value -9999
[rows 144 to 191 of 228, columns 96 to 191 of 330]
48 50 49 48 48 48 50 52 55 55 58 60 64 67 71 74 76 81 78 43 32 37 51 78 87 84 72 69 68 62 56 56 57 55 55 56 55 55 56 55 56 55 53 53 52 52 51 49 48 50 52 55 57 59 67 75 82 82 79 76 70 63 58 54 49 48 47 47 46 42 43 40 37 33 33 34 33 33 34 34 33 31 30 29 28 29 31 32 33 38 35 34 33 33 33 35
50 51 52 52 52 53 55 55 55 57 60 63 66 69 70 70 75 72 57 44 40 45 70 80 87 79 69 68 59 52 47 46 55 57 59 58 58 57 57 56 56 55 53 51 51 51 52 52 50 54 55 60 64 64 68 79 84 88 89 87 81 73 69 60 57 55 58 54 53 55 51 42 35 34 32 31 30 31 31 32 31 30 28 28 28 29 31 32 33 36 33 32 31 30 30 29
52 53 53 54 55 56 54 53 54 57 59 63 70 72 70 70 67 63 58 53 51 48 54 63 66 64 66 64 59 55 52 50 -9999 -9999 61 60 60 58 58 58 56 59 55 54 53 53 54 54 51 54 55 63 66 72 77 80 84 87 87 84 82 76 69 68 61 63 62 57 53 47 51 50 39 37 33 30 29 29 29 29 29 29 29 29 30 30 33 33 33 35 31 31 31 29 28 28
54 54 53 55 58 58 52 52 54 57 61 67 70 72 73 72 70 70 66 66 61 64 66 66 64 64 68 66 65 66 62 63 65 63 63 61 63 58 65 60 59 59 58 53 62 58 51 49 50 54 58 61 64 72 76 75 80 85 85 81 79 81 77 74 68 58 49 45 46 51 43 42 36 35 33 29 28 28 28 27 26 27 30 32 32 33 33 32 32 33 30 29 29 29 28 28
59 57 55 55 57 56 51 53 55 59 63 66 73 77 78 79 79 82 85 79 73 68 61 63 67 69 67 69 65 66 72 75 74 63 64 67 70 70 70 66 54 55 61 51 48 55 59 52 62 60 60 62 66 66 70 74 80 82 84 84 81 76 70 65 56 52 57 44 43 40 36 34 32 31 30 27 28 28 28 27 26 29 34 35 34 33 32 32 32 31 30 29 29 29 28 28
60 55 53 56 58 53 53 54 57 61 64 71 78 81 86 87 90 86 76 61 60 61 69 75 71 69 69 78 85 88 80 88 71 73 74 62 71 78 67 57 63 66 86 63 47 64 64 67 73 -9999 79 74 84 76 74 79 80 77 76 76 74 69 63 70 58 62 43 37 34 33 33 34 33 32 30 29 29 29 29 29 29 32 34 33 33 33 33 32 32 31 30 29 29 29 29 28
55 53 57 55 53 52 54 56 59 62 69 79 85 86 92 93 79 61 60 61 64 66 75 88 96 85 93 87 100 111 101 104 87 63 64 71 81 83 65 64 92 84 73 64 43 55 63 48 67 69 65 58 70 63 67 68 71 71 72 73 69 60 53 62 57 56 55 38 34 34 36 37 36 35 33 32 32 32 32 32 32 33 33 -9999 33 34 34 33 33 32 31 30 29 29 29 29
51 53 53 54 53 53 56 58 61 67 76 80 89 93 91 70 69 67 68 78 90 67 83 95 104 107 131 115 119 113 92 76 65 73 73 86 74 64 67 54 85 77 58 39 44 39 38 36 43 47 51 53 54 55 60 62 64 67 68 67 59 52 44 52 49 53 57 41 40 39 39 39 38 37 35 35 35 34 35 35 -9999 33 34 34 34 34 34 34 33 32 31 31 30 30 29 29
49 50 53 52 53 54 56 59 64 72 76 86 94 98 76 67 71 76 83 105 102 104 109 121 -9999 137 140 116 118 107 115 97 83 73 87 76 72 62 60 53 47 41 32 32 33 33 46 45 49 51 46 48 51 53 56 60 64 68 67 62 56 48 49 49 52 51 52 51 49 46 43 42 40 38 38 37 37 37 37 36 36 35 36 36 35 34 34 34 34 33 32 31 31 31 30 29
46 48 51 53 54 53 57 60 67 72 77 86 91 71 -9999 -9999 -9999 74 99 109 123 131 139 147 126 127 127 100 96 77 95 86 81 83 82 93 69 60 52 79 53 34 30 31 30 36 42 40 42 40 42 46 48 54 60 62 62 66 65 65 64 63 64 64 63 60 55 59 57 50 46 44 43 42 41 40 39 39 39 39 38 37 37 36 35 35 35 35 34 34 33 33 32 31 31 30
45 47 54 56 52 53 57 61 67 72 81 86 70 66 78 90 102 83 101 96 89 101 114 107 -9999 99 96 81 74 73 68 66 57 66 68 56 47 40 44 50 36 31 34 32 30 34 37 39 38 42 43 47 56 60 68 67 69 70 66 69 68 66 66 67 66 64 61 58 55 52 50 48 46 44 43 43 41 41 41 41 40 39 39 38 37 35 36 37 35 35 35 34 33 32 31 30
41 46 54 53 49 53 57 61 67 78 78 72 74 75 78 82 99 120 87 113 134 -9999 140 -9999 118 69 77 70 65 65 63 60 56 53 50 49 45 39 42 49 32 36 37 34 34 36 37 43 49 48 47 60 69 72 74 74 75 75 74 74 74 75 75 74 73 71 69 64 62 56 51 48 46 45 45 45 44 44 43 42 41 40 39 38 37 36 37 37 36 36 36 35 34 33 32 31
41 46 51 48 49 53 57 60 68 76 72 68 69 81 92 92 100 130 132 -9999 139 137 143 129 88 75 62 -9999 64 65 61 58 54 49 46 43 41 40 37 34 33 39 38 33 34 35 41 49 53 61 64 68 71 74 74 74 76 74 74 75 79 81 81 81 80 76 73 68 62 58 53 53 49 47 46 46 46 46 45 44 42 41 40 39 38 37 38 38 38 37 37 36 36 35 34 33
39 42 49 51 49 51 56 60 62 66 62 65 75 79 79 93 120 119 111 90 98 87 98 100 72 57 57 -9999 63 64 62 61 57 53 50 46 46 40 40 38 -9999 37 35 40 51 54 61 62 62 62 63 65 68 72 73 -9999 74 -9999 76 79 83 85 87 86 86 83 78 75 72 66 57 51 49 48 48 48 49 48 47 46 45 43 42 40 39 39 39 40 40 39 38 37 37 36 35 35
39 41 49 52 51 53 60 63 64 61 66 64 72 69 80 96 96 118 125 125 127 109 70 67 49 49 53 57 61 61 59 59 58 55 52 51 50 47 47 -9999 45 42 41 47 60 67 64 63 61 58 58 61 65 -9999 -9999 -9999 -9999 -9999 72 80 85 88 84 89 90 88 85 76 72 66 60 57 54 51 51 51 52 50 49 48 51 48 45 43 41 41 41 42 42 41 40 39 38 37 37 36
42 43 51 58 52 57 61 64 65 64 69 71 66 78 94 90 112 122 128 109 88 61 43 41 43 47 50 54 58 59 57 58 57 54 51 51 51 52 51 49 47 44 45 51 58 60 61 60 57 -9999 -9999 -9999 -9999 -9999 -9999 -9999 -9999 68 73 75 83 87 87 89 94 92 89 81 76 71 67 63 59 57 55 54 53 53 52 53 53 49 48 46 44 43 43 43 44 43 41 40 39 39 38 37
39 46 57 57 53 53 59 63 60 64 65 66 93 86 84 106 103 108 116 92 54 38 38 38 41 45 50 53 54 55 56 56 55 52 49 49 50 52 52 50 48 46 46 49 52 54 54 54 53 -9999 -9999 -9999 -9999 -9999 -9999 -9999 -9999 -9999 69 72 72 -9999 -9999 -9999 91 94 92 85 80 76 73 68 66 65 62 58 57 56 55 54 52 51 48 47 46 45 45 45 45 44 42 41 39 39 40 40
45 51 56 57 52 49 51 53 65 70 57 80 83 101 103 104 96 91 73 59 40 38 36 36 38 42 46 47 48 49 50 51 51 49 47 48 51 52 52 52 50 48 47 47 48 48 48 49 49 48 -9999 -9999 -9999 -9999 -9999 -9999 -9999 -9999 62 67 67 -9999 -9999 71 -9999 88 87 86 82 79 77 74 71 67 64 63 62 62 59 57 55 53 51 49 48 47 47 46 46 45 43 41 40 39 41 42
52 56 54 54 52 44 51 63 69 67 60 72 90 106 104 85 89 100 81 51 39 38 37 35 36 38 40 41 43 46 51 56 54 47 42 46 48 48 49 49 50 50 48 46 44 43 43 44 45 45 47 -9999 -9999 -9999 -9999 -9999 -9999 -9999 -9999 57 -9999 -9999 66 -9999 -9999 80 83 80 84 83 75 76 74 70 68 66 64 64 64 62 59 56 53 52 51 50 49 48 47 46 45 43 41 40 41 42
54 54 53 48 42 43 47 52 58 65 64 67 69 83 94 75 85 91 83 51 40 39 37 34 33 34 36 38 41 46 54 59 55 54 53 49 46 45 45 46 46 47 48 46 44 41 41 42 42 -9999 -9999 -9999 -9999 -9999 -9999 -9999 -9999 -9999 -9999 -9999 -9999 -9999 60 -9999 -9999 79 86 77 79 82 81 76 82 78 75 70 68 67 66 64 61 58 56 54 53 53 52 51 50 49 47 45 44 43 43 44
52 45 40 43 38 40 47 53 55 58 59 64 56 63 68 69 86 97 78 58 41 36 34 32 35 34 34 39 44 46 52 55 55 54 50 47 49 47 45 45 45 45 46 47 45 44 43 42 42 41 -9999 -9999 -9999 -9999 -9999 -9999 -9999 -9999 -9999 -9999 -9999 -9999 -9999 -9999 -9999 -9999 77 74 71 76 77 79 74 78 79 76 71 70 67 64 61 59 57 57 56 55 54 54 53 52 50 49 48 47 47 47
42 36 37 37 34 37 43 46 48 52 48 49 49 51 63 73 74 80 71 55 39 33 31 31 33 31 33 38 -9999 -9999 41 41 45 46 47 45 51 48 46 46 47 46 47 47 48 47 46 44 43 41 -9999 -9999 -9999 -9999 -9999 -9999 -9999 -9999 -9999 -9999 -9999 -9999 -9999 -9999 -9999 -9999 54 68 73 70 71 75 72 74 77 79 75 72 69 64 63 63 61 59 58 58 57 57 56 55 54 53 51 50 50 49
36 33 34 32 30 31 35 42 46 48 46 40 48 54 57 70 77 70 67 63 49 46 50 43 34 31 26 -9999 -9999 -9999 -9999 -9999 -9999 35 35 34 37 46 49 48 47 46 46 47 48 48 48 48 46 45 -9999 -9999 -9999 -9999 -9999 -9999 -9999 -9999 -9999 -9999 -9999 -9999 -9999 -9999 -9999 -9999 -9999 48 51 60 62 66 70 72 75 76 77 76 70 68 65 66 62 61 61 62 61 60 59 58 57 56 55 54 53 52
31 31 31 30 27 27 29 38 43 45 44 38 38 40 49 54 55 52 49 57 66 49 48 34 25 -9999 -9999 -9999 -9999 -9999 -9999 -9999 -9999 -9999 -9999 28 33 40 39 43 45 45 45 45 46 48 49 50 49 47 47 -9999 -9999 -9999 -9999 -9999 -9999 -9999 -9999 -9999 -9999 -9999 -9999 -9999 -9999 -9999 -9999 -9999 46 49 54 53 56 60 71 74 75 76 78 75 63 67 68 65 65 65 65 63 63 63 62 60 58 57 55 55
28 28 27 26 25 24 25 29 32 33 32 30 33 40 41 42 37 33 31 31 35 29 28 23 20 -9999 -9999 -9999 -9999 -9999 -9999 -9999 -9999 -9999 -9999 -9999 -9999 28 33 34 36 36 38 41 42 45 49 49 51 51 50 51 53 -9999 -9999 -9999 -9999 -9999 -9999 -9999 -9999 -9999 -9999 -9999 -9999 -9999 -9999 -9999 -9999 44 46 48 50 54 58 70 67 71 77 75 75 72 77 72 70 69 69 69 68 67 65 64 61 59 58 57
25 25 24 22 22 22 23 24 25 26 24 26 28 33 34 35 36 34 27 21 24 -9999 -9999 -9999 -9999 -9999 -9999 -9999 -9999 -9999 -9999 -9999 -9999 -9999 -9999 -9999 -9999 -9999 26 29 30 32 34 36 38 44 45 49 51 53 52 53 54 52 51 -9999 -9999 -9999 -9999 -9999 -9999 -9999 -9999 -9999 -9999 -9999 -9999 -9999 -9999 -9999 -9999 43 46 48 56 53 59 64 67 69 76 71 68 72 75 76 73 75 72 71 70 68 65 61 59 59
23 22 21 20 19 19 18 19 20 22 23 22 22 23 23 21 19 18 17 -9999 -9999 -9999 -9999 -9999 -9999 -9999 -9999 -9999 -9999 -9999 -9999 -9999 -9999 -9999 -9999 -9999 -9999 -9999 24 26 28 31 32 35 37 38 42 44 46 50 52 54 55 53 51 50 49 -9999 -9999 -9999 -9999 -9999 -9999 -9999 -9999 -9999 -9999 -9999 -9999 -9999 -9999 -9999 42 42 43 47 47 55 58 63 71 74 65 75 72 78 79 76 73 74 74 73 70 67 63 62
-9999 -9999 -9999 -9999 -9999 -9999 -9999 16 17 18 20 19 17 16 14 14 -9999 -9999 -9999 -9999 -9999 -9999 -9999 -9999 -9999 -9999 -9999 -9999 -9999 -9999 -9999 -9999 -9999 -9999 -9999 -9999 -9999 -9999 23 26 27 31 30 33 34 36 37 41 45 46 51 54 56 54 54 51 48 47 -9999 -9999 -9999 -9999 -9999 -9999 -9999 -9999 -9999 -9999 -9999 -9999 -9999 -9999 -9999 -9999 -9999 -9999 42 46 52 50 56 59 60 65 71 74 78 79 74 76 77 76 75 72 70 67
-9999 -9999 -9999 -9999 -9999 -9999 -9999 -9999 14 15 17 19 14 14 14 12 -9999 -9999 -9999 -9999 -9999 -9999 -9999 -9999 -9999 -9999 -9999 -9999 -9999 -9999 -9999 -9999 -9999 -9999 -9999 -9999 -9999 -9999 -9999 21 25 28 29 29 29 32 34 37 41 44 47 51 53 54 54 51 48 47 -9999 -9999 -9999 -9999 -9999 -9999 -9999 -9999 -9999 -9999 -9999 -9999 -9999 -9999 -9999 -9999 -9999 -9999 -9999 -9999 52 49 44 47 49 56 67 69 74 76 81 78 81 78 77 77 74 73
-9999 -9999 -9999 -9999 -9999 -9999 -9999 -9999 -9999 -9999 -9999 -9999 -9999 -9999 -9999 -9999 -9999 -9999 -9999 -9999 -9999 -9999 -9999 -9999 -9999 -9999 -9999 -9999 -9999 -9999 -9999 -9999 -9999 -9999 -9999 -9999 -9999 -9999 -9999 19 20 24 25 25 26 28 32 34 37 40 43 47 52 55 54 53 50 48 46 -9999 -9999 -9999 -9999 -9999 -9999 -9999 -9999 -9999 -9999 -9999 -9999 -9999 -9999 -9999 -9999 -9999 -9999 -9999 -9999 -9999 41 40 42 47 56 61 68 70 76 76 81 80 78 76 73 75
-9999 -9999 -9999 -9999 -9999 -9999 -9999 -9999 -9999 -9999 -9999 -9999 -9999 -9999 -9999 -9999 -9999 -9999 -9999 -9999 -9999 -9999 -9999 -9999 -9999 -9999 -9999 -9999 -9999 -9999 -9999 -9999 15 -9999 -9999 -9999 -9999 -9999 -9999 -9999 -9999 18 19 20 22 28 29 32 35 38 40 44 48 53 53 50 53 49 45 -9999 -9999 -9999 -9999 -9999 -9999 -9999 -9999 -9999 -9999 -9999 -9999 -9999 -9999 -9999 -9999 -9999 31 34 36 -9999 38 -9999 41 45 50 58 55 67 70 69 75 79 79 76 75 71
-9999 -9999 -9999 -9999 -9999 -9999 -9999 -9999 -9999 -9999 -9999 -9999 -9999 -9999 -9999 -9999 -9999 -9999 -9999 -9999 -9999 -9999 -9999 -9999 -9999 -9999 -9999 -9999 -9999 -9999 -9999 -9999 15 -9999 -9999 -9999 -9999 -9999 -9999 -9999 -9999 -9999 16 16 18 22 25 28 31 35 38 43 46 51 52 51 52 52 45 42 -9999 -9999 -9999 -9999 -9999 -9999 -9999 -9999 -9999 -9999 -9999 -9999 -9999 -9999 -9999 -9999 -9999 -9999 -9999 -9999 -9999 -9999 -9999 41 41 44 48 56 61 -9999 67 76 66 75 74 72
-9999 -9999 -9999 -9999 -9999 -9999 -9999 -9999 -9999 -9999 -9999 -9999 -9999 -9999 -9999 -9999 -9999 -9999 -9999 -9999 -9999 -9999 -9999 -9999 -9999 -9999 -9999 -9999 -9999 13 14 16 13 -9999 -9999 -9999 -9999 -9999 -9999 -9999 -9999 -9999 -9999 13 14 16 21 -9999 29 30 35 38 44 49 50 52 50 51 46 42 -9999 -9999 -9999 -9999 -9999 -9999 -9999 -9999 -9999 -9999 -9999 -9999 -9999 -9999 -9999 -9999 -9999 -9999 -9999 -9999 -9999 -9999 -9999 -9999 -9999 37 47 59 54 58 51 60 62 74 73 71
-9999 -9999 -9999 -9999 -9999 -9999 -9999 -9999 -9999 -9999 -9999 -9999 -9999 -9999 -9999 -9999 -9999 -9999 -9999 -9999 -9999 -9999 -9999 -9999 -9999 -9999 -9999 -9999 13 25 19 15 14 -9999 -9999 -9999 -9999 -9999 -9999 -9999 -9999 -9999 -9999 -9999 11 13 16 19 25 29 29 35 42 45 48 51 50 50 50 43 39 38 -9999 -9999 -9999 -9999 -9999 -9999 -9999 -9999 -9999 -9999 -9999 -9999 -9999 -9999 -9999 -9999 -9999 -9999 -9999 -9999 -9999 -9999 -9999 -9999 -9999 -9999 44 53 45 43 54 65 71 71
-9999 -9999 -9999 -9999 -9999 -9999 -9999 -9999 -9999 -9999 -9999 -9999 -9999 -9999 -9999 -9999 -9999 -9999 -9999 -9999 -9999 -9999 -9999 -9999 -9999 -9999 -9999 -9999 14 22 23 13 12 -9999 -9999 -9999 -9999 -9999 -9999 -9999 -9999 -9999 -9999 -9999 -9999 -9999 12 16 22 25 26 28 36 43 47 48 48 47 45 42 41 39 37 -9999 -9999 -9999 -9999 -9999 -9999 -9999 -9999 -9999 -9999 -9999 -9999 -9999 -9999 -9999 -9999 -9999 -9999 -9999 -9999 -9999 -9999 -9999 -9999 -9999 -9999 44 41 -9999 43 56 57 58
-9999 -9999 -9999 -9999 -9999 -9999 -9999 -9999 -9999 -9999 -9999 -9999 -9999 -9999 -9999 -9999 -9999 -9999 -9999 -9999 -9999 -9999 -9999 -9999 -9999 -9999 -9999 -9999 10 13 21 15 9 -9999 -9999 -9999 -9999 -9999 -9999 -9999 -9999 -9999 -9999 -9999 -9999 -9999 -9999 14 17 20 23 24 31 39 42 44 45 46 44 43 51 40 37 36 -9999 -9999 -9999 -9999 -9999 -9999 -9999 -9999 -9999 -9999 -9999 -9999 -9999 -9999 -9999 -9999 -9999 -9999 -9999 -9999 -9999 -9999 -9999 -9999 -9999 -9999 -9999 43 -9999 43 51 53
-9999 -9999 -9999 -9999 -9999 -9999 -9999 -9999 -9999 -9999 -9999 -9999 -9999 -9999 -9999 -9999 -9999 -9999 -9999 -9999 -9999 -9999 -9999 -9999 -9999 -9999 -9999 -9999 -9999 11 16 16 -9999 -9999 -9999 -9999 -9999 -9999 -9999 -9999 -9999 -9999 -9999 -9999 -9999 -9999 -9999 -9999 -9999 15 17 20 25 33 37 42 42 42 45 46 45 42 40 37 35 34 32 -9999 -9999 -9999 -9999 -9999 -9999 -9999 -9999 -9999 -9999 -9999 -9999 -9999 -9999 -9999 -9999 -9999 -9999 -9999 -9999 -9999 -9999 -9999 -9999 35 36 38 44 50
-9999 -9999 -9999 -9999 -9999 -9999 -9999 -9999 -9999 -9999 -9999 -9999 -9999 -9999 -9999 -9999 -9999 -9999 -9999 -9999 -9999 -9999 -9999 -9999 -9999 -9999 -9999 -9999 8 10 13 13 -9999 -9999 -9999 -9999 -9999 -9999 -9999 -9999 -9999 -9999 -9999 -9999 -9999 -9999 -9999 -9999 -9999 -9999 14 18 25 27 29 34 37 37 40 45 40 39 37 36 35 34 31 29 27 31 33 33 30 -9999 -9999 -9999 -9999 -9999 -9999 -9999 -9999 -9999 -9999 -9999 -9999 -9999 -9999 -9999 -9999 -9999 -9999 -9999 -9999 -9999 41 42
-9999 -9999 -9999 -9999 -9999 -9999 -9999 -9999 -9999 -9999 -9999 -9999 -9999 -9999 -9999 -9999 -9999 -9999 -9999 -9999 -9999 -9999 -9999 -9999 -9999 -9999 -9999 -9999 -9999 8 10 8 -9999 -9999 -9999 -9999 -9999 -9999 -9999 -9999 -9999 -9999 -9999 -9999 -9999 -9999 -9999 -9999 -9999 -9999 -9999 14 17 21 29 28 29 30 33 36 34 35 36 34 34 32 31 29 26 24 23 -9999 -9999 -9999 -9999 -9999 -9999 -9999 -9999 -9999 -9999 -9999 -9999 -9999 -9999 -9999 -9999 -9999 -9999 -9999 -9999 -9999 -9999 33 40 45
-9999 -9999 -9999 -9999 -9999 -9999 -9999 -9999 -9999 -9999 -9999 -9999 -9999 -9999 -9999 -9999 -9999 -9999 -9999 -9999 -9999 -9999 -9999 -9999 -9999 -9999 -9999 -9999 -9999 -9999 -9999 -9999 -9999 -9999 -9999 -9999 -9999 -9999 -9999 -9999 -9999 -9999 -9999 -9999 -9999 -9999 -9999 -9999 -9999 -9999 -9999 -9999 -9999 15 17 23 26 27 26 27 29 33 35 33 32 31 31 28 27 25 22 21 -9999 -9999 -9999 -9999 -9999 -9999 -9999 -9999 -9999 -9999 -9999 -9999 -9999 -9999 -9999 -9999 -9999 -9999 -9999 -9999 -9999 31 34 43
-9999 -9999 -9999 -9999 -9999 -9999 -9999 -9999 -9999 -9999 -9999 -9999 -9999 -9999 -9999 -9999 -9999 -9999 -9999 -9999 -9999 -9999 -9999 -9999 -9999 -9999 -9999 -9999 -9999 -9999 -9999 -9999 -9999 -9999 -9999 -9999 -9999 -9999 -9999 -9999 -9999 -9999 -9999 -9999 -9999 -9999 -9999 -9999 -9999 -9999 -9999 -9999 -9999 -9999 14 -9999 -9999 -9999 23 24 25 27 27 29 29 29 29 28 26 24 23 22 21 22 22 -9999 -9999 -9999 -9999 -9999 -9999 -9999 -9999 -9999 -9999 -9999 -9999 -9999 -9999 -9999 -9999 -9999 -9999 29 34 38
-9999 -9999 -9999 -9999 -9999 -9999 -9999 -9999 -9999 -9999 -9999 -9999 -9999 -9999 -9999 -9999 -9999 -9999 -9999 -9999 -9999 -9999 -9999 -9999 -9999 -9999 -9999 -9999 -9999 -9999 8 7 6 -9999 -9999 -9999 -9999 -9999 -9999 -9999 -9999 -9999 -9999 -9999 -9999 -9999 -9999 -9999 -9999 -9999 -9999 -9999 -9999 -9999 -9999 -9999 -9999 -9999 -9999 21 21 23 25 28 27 27 27 27 25 24 23 22 24 26 25 24 23 23 -9999 -9999 -9999 -9999 -9999 -9999 -9999 -9999 -9999 -9999 -9999 -9999 -9999 -9999 -9999 26 31 34
-9999 -9999 -9999 -9999 -9999 -9999 -9999 -9999 -9999 -9999 -9999 -9999 -9999 -9999 -9999 -9999 -9999 -9999 -9999 -9999 -9999 -9999 -9999 -9999 -9999 -9999 -9999 -9999 -9999 6 10 10 7 -9999 -9999 -9999 -9999 -9999 -9999 -9999 -9999 -9999 -9999 -9999 -9999 -9999 -9999 -9999 -9999 -9999 -9999 -9999 -9999 -9999 -9999 -9999 -9999 -9999 -9999 -9999 20 22 23 25 27 27 26 25 24 24 24 24 24 25 26 26 26 26 25 24 -9999 -9999 -9999 -9999 -9999 -9999 -9999 -9999 -9999 -9999 -9999 -9999 -9999 24 27 30
-9999 -9999 -9999 -9999 -9999 -9999 -9999 -9999 -9999 -9999 -9999 -9999 -9999 -9999 -9999 -9999 -9999 -9999 -9999 -9999 -9999 -9999 -9999 -9999 -9999 3 3 4 7 7 7 9 9 7 -9999 -9999 -9999 -9999 -9999 -9999 -9999 -9999 -9999 -9999 -9999 -9999 -9999 -9999 -9999 -9999 -9999 -9999 -9999 -9999 -9999 -9999 -9999 -9999 -9999 -9999 -9999 -9999 -9999 23 25 25 27 24 25 24 25 24 22 22 23 24 26 26 26 25 23 20 -9999 -9999 -9999 -9999 -9999 -9999 -9999 -9999 -9999 -9999 19 21 25 29
-9999 -9999 -9999 -9999 -9999 -9999 -9999 -9999 -9999 -9999 -9999 -9999 -9999 -9999 -9999 -9999 -9999 -9999 -9999 -9999 -9999 -9999 -9999 -9999 -9999 -9999 3 5 6 6 9 10 10 7 5 -9999 -9999 -9999 -9999 -9999 -9999 -9999 -9999 -9999 -9999 -9999 -9999 -9999 -9999 -9999 -9999 -9999 -9999 -9999 -9999 -9999 -9999 -9999 -9999 -9999 -9999 -9999 -9999 -9999 -9999 23 22 22 22 22 25 24 23 21 20 20 22 21 21 22 22 20 17 15 -9999 -9999 -9999 -9999 -9999 -9999 -9999 -9999 -9999 20 25 31
-9999 -9999 -9999 -9999 -9999 -9999 -9999 -9999 -9999 -9999 -9999 -9999 -9999 -9999 -9999 -9999 -9999 -9999 -9999 -9999 -9999 -9999 -9999 -9999 -9999 -9999 5 5 7 9 8 9 8 6 5 -9999 -9999 -9999 -9999 -9999 -9999 -9999 -9999 -9999 -9999 -9999 -9999 -9999 -9999 -9999 -9999 -9999 -9999 -9999 -9999 -9999 -9999 -9999 -9999 -9999 -9999 -9999 -9999 -9999 -9999 -9999 20 20 23 22 24 24 23 20 18 18 17 -9999 -9999 17 18 18 16 15 15 14 -9999 -9999 -9999 -9999 -9999 -9999 -9999 21 25 26
-9999 -9999 -9999 -9999 -9999 -9999 -9999 -9999 -9999 -9999 -9999 -9999 -9999 -9999 -9999 -9999 -9999 -9999 -9999 -9999 -9999 -9999 -9999 -9999 -9999 -9999 -9999 6 7 6 6 9 8 7 -9999 -9999 -9999 -9999 -9999 -9999 -9999 -9999 -9999 -9999 -9999 -9999 -9999 -9999 -9999 -9999 -9999 -9999 -9999 -9999 -9999 -9999 -9999 -9999 -9999 -9999 -9999 -9999 -9999 -9999 -9999 -9999 19 19 23 20 22 21 20 18 17 16 -9999 -9999 -9999 -9999 -9999 -9999 -9999 -9999 15 15 14 -9999 -9999 -9999 -9999 -9999 -9999 28 27 33
-9999 -9999 -9999 -9999 -9999 -9999 -9999 -9999 -9999 -9999 -9999 -9999 -9999 -9999 -9999 -9999 -9999 -9999 -9999 -9999 -9999 -9999 -9999 -9999 -9999 -9999 -9999 5 5 6 8 12 12 8 -9999 -9999 -9999 -9999 -9999 -9999 -9999 -9999 -9999 -9999 -9999 -9999 -9999 -9999 -9999 -9999 -9999 -9999 -9999 -9999 -9999 -9999 -9999 -9999 -9999 -9999 -9999 -9999 -9999 -9999 -9999 -9999 -9999 -9999 17 -9999 20 22 20 19 17 15 -9999 -9999 -9999 -9999 -9999 -9999 -9999 -9999 16 16 14 -9999 -9999 -9999 -9999 -9999 -9999 -9999 -9999 27
