resultados/variables_proyeccion_tiempo/variables_presente/bio13.asc
ncols 330
nrows 228
xllcorner -12.000000
yllcorner 34.000000
cellsize 0.166667
NODATA_value -9999
[rows 141 to 187 of 228, columns 96 to 191 of 330]
67 70 71 73 75 78 80 81 83 84 82 84 81 81 81 80 81 84 94 96 86 79 84 91 100 107 107 103 100 100 104 109 111 112 107 102 100 101 104 106 108 109 111 113 113 112 110 109 111 112 115 118 120 123 124 122 121 126 130 127 125 130 123 121 123 124 122 116 105 94 86 82 80 77 77 78 81 84 92 96 88 82 79 80 80 85 85 93 93 99 92 103 97 86 81 82
67 69 72 75 78 81 82 83 85 85 85 85 84 85 84 85 88 88 97 94 78 82 90 103 105 107 106 104 106 111 116 114 113 110 106 105 106 108 109 112 114 115 118 118 119 119 118 118 119 119 120 123 127 131 133 135 138 140 136 131 124 119 116 114 114 116 114 106 101 97 90 85 84 81 75 76 78 82 89 84 79 75 73 73 73 74 75 76 79 80 83 86 79 77 78 80
68 71 74 77 79 80 83 85 87 86 88 87 88 89 93 93 101 112 112 87 76 86 99 109 120 123 112 106 113 117 116 113 112 114 114 114 113 114 115 117 119 122 122 124 126 126 126 125 124 125 130 133 136 142 147 155 159 158 150 143 137 130 124 122 117 115 110 108 106 103 101 98 92 83 76 76 77 79 78 76 72 70 69 67 67 68 71 70 72 73 75 73 73 75 77 79
70 74 75 76 79 81 85 86 87 87 87 86 88 90 96 103 106 114 113 82 78 87 105 125 131 128 115 112 113 114 115 118 121 120 122 123 120 120 123 122 125 127 125 128 129 132 132 128 126 130 135 140 145 148 159 166 171 171 166 162 154 147 142 138 132 131 129 128 125 118 116 107 96 83 79 78 75 75 74 72 69 68 67 65 63 64 67 68 70 81 74 73 74 75 77 85
72 77 78 78 80 83 85 86 85 87 88 88 89 93 94 96 106 103 92 84 85 93 118 128 135 129 118 117 112 113 114 116 125 127 131 128 128 126 127 126 130 133 130 131 133 138 141 141 135 143 145 152 157 159 163 173 178 183 186 183 174 164 159 149 145 142 144 139 136 136 129 114 96 90 83 77 73 71 70 68 68 68 67 65 62 62 66 67 69 75 70 70 71 69 71 71
76 80 80 80 81 82 81 81 83 85 88 90 95 97 95 96 96 94 94 95 97 98 109 118 123 121 123 121 119 121 122 123 -9999 -9999 136 134 134 129 134 133 133 144 140 141 144 146 149 149 142 145 148 157 159 164 168 172 179 183 185 182 178 170 162 160 152 153 151 145 139 130 133 128 108 101 88 80 74 71 70 69 69 69 68 65 63 63 68 68 69 73 68 69 70 68 68 68
79 80 79 80 84 83 78 78 81 85 90 96 99 99 101 102 102 106 107 111 110 117 123 126 127 129 133 132 132 136 134 137 141 138 140 138 142 134 144 139 140 142 144 143 152 151 144 141 145 149 152 155 156 161 166 166 172 177 180 176 175 176 171 167 160 150 141 136 135 137 126 120 107 100 92 80 75 72 71 71 71 70 69 68 65 67 68 67 67 69 66 66 68 68 67 68
86 83 80 80 82 80 77 78 80 86 92 98 105 106 109 113 115 120 125 124 123 123 121 128 137 142 140 142 138 140 150 156 156 142 146 150 151 150 149 145 132 133 142 138 138 144 150 145 154 152 152 153 154 156 158 162 167 171 172 174 173 169 163 158 150 145 149 137 134 130 121 112 104 96 89 80 76 74 73 71 72 73 76 73 69 64 65 66 66 66 65 65 66 68 67 68
89 82 79 81 82 77 77 78 81 87 93 102 108 112 122 125 131 127 122 112 115 118 130 140 142 146 147 155 164 169 162 173 155 159 161 144 153 156 145 133 140 144 161 146 137 150 151 153 156 -9999 158 156 158 156 156 159 161 162 163 165 163 160 155 160 151 152 136 130 127 125 119 114 106 98 90 83 79 78 75 74 73 76 75 70 64 65 65 66 66 66 66 66 67 68 68 68
85 81 84 81 77 75 77 78 82 87 96 107 117 121 134 138 122 110 111 113 117 122 133 147 158 156 166 165 180 193 187 192 176 149 152 156 160 159 141 139 162 157 148 144 130 142 148 140 152 153 150 145 149 146 148 149 151 153 157 158 155 150 144 151 147 145 145 128 123 123 121 117 110 102 94 88 84 81 79 79 76 75 72 -9999 65 66 67 67 68 68 67 67 68 68 68 69
82 83 82 81 77 76 78 79 82 90 101 108 128 137 134 106 108 110 113 121 133 120 136 150 162 170 193 187 195 195 181 167 155 163 161 168 154 142 143 129 156 148 133 119 130 125 128 128 136 139 141 140 138 137 141 141 143 143 147 149 141 138 131 138 134 137 143 125 122 119 117 114 109 104 97 92 88 85 83 81 -9999 75 74 73 72 70 70 70 70 69 68 68 69 69 69 69
83 83 84 81 79 78 78 79 84 95 102 122 145 154 109 100 105 113 123 141 139 145 154 172 -9999 192 198 187 193 189 195 184 173 162 170 158 152 141 135 125 120 115 106 105 112 116 135 136 138 138 133 134 135 134 134 137 140 141 140 135 130 126 127 126 129 129 131 130 129 122 115 112 107 102 98 94 91 89 87 83 82 80 80 78 76 75 74 73 72 71 70 70 70 70 70 70
84 85 87 85 83 78 79 80 88 95 105 127 143 103 -9999 -9999 -9999 110 135 145 162 172 184 197 179 182 187 175 177 166 180 173 169 167 163 167 148 137 127 148 127 109 101 100 105 120 131 127 129 125 125 129 129 132 137 137 137 139 139 139 134 135 139 140 138 134 127 134 132 121 113 109 107 104 101 95 92 91 90 88 86 84 83 81 79 79 79 76 74 72 72 72 72 72 71 70
87 89 93 91 82 79 80 81 87 96 114 131 100 96 111 132 146 120 138 135 125 140 156 154 -9999 159 165 161 160 163 160 157 140 152 148 135 124 114 119 124 109 105 97 98 106 115 120 120 116 120 121 125 135 139 148 142 139 137 135 134 133 126 125 130 131 128 123 120 119 116 115 111 108 104 101 98 95 94 93 92 90 89 88 87 85 86 86 81 76 75 75 74 74 73 72 71
88 91 95 89 79 81 83 83 88 105 111 102 104 104 113 116 141 168 120 148 176 -9999 185 -9999 168 131 149 151 148 157 155 144 138 134 130 127 121 113 113 121 98 100 97 97 103 106 104 111 115 118 120 144 153 151 152 147 137 135 135 133 132 129 130 132 129 127 126 121 121 115 109 106 105 103 102 100 99 98 96 94 93 92 90 89 90 89 85 83 79 77 76 76 75 74 73 72
89 92 94 85 81 83 84 84 91 102 101 97 99 118 137 133 141 185 181 -9999 183 178 185 177 142 138 129 -9999 141 150 146 138 132 126 122 114 109 103 108 99 96 94 95 96 99 100 101 107 112 121 131 143 143 141 141 134 126 125 129 132 136 135 137 140 139 135 129 122 114 110 106 109 107 102 100 100 100 101 101 99 96 94 92 90 88 87 85 83 80 79 78 77 76 75 74 74
86 86 92 89 82 82 84 86 86 90 89 95 108 116 114 133 173 164 146 119 130 124 138 145 129 122 122 -9999 128 133 132 124 117 111 107 104 100 99 96 94 -9999 92 93 93 96 99 102 105 108 110 117 126 129 128 126 -9999 120 -9999 127 133 139 141 142 142 145 142 136 130 124 116 106 101 100 100 101 102 103 103 103 104 102 99 96 93 90 88 86 84 83 80 79 78 78 76 75 75
85 83 91 89 84 85 90 91 91 86 94 95 106 102 116 139 132 163 168 165 162 145 119 123 112 111 114 118 123 126 123 117 111 106 102 100 98 96 93 -9999 88 88 89 91 96 98 97 97 97 97 104 113 118 -9999 -9999 -9999 -9999 -9999 120 135 142 145 142 145 149 149 143 133 125 116 108 103 101 100 101 103 106 105 106 108 114 110 103 97 93 91 88 86 84 82 81 80 79 77 76 75
89 86 91 94 85 88 92 95 95 92 99 106 100 116 139 128 159 170 172 146 127 113 107 104 106 105 108 114 120 122 121 114 109 105 101 99 97 96 93 89 86 85 85 88 91 93 93 93 91 -9999 -9999 -9999 -9999 -9999 -9999 -9999 -9999 117 125 132 142 148 153 149 152 152 149 140 131 123 117 110 104 102 102 102 104 106 109 114 115 109 107 104 99 95 91 88 86 85 83 82 81 79 77 76
84 89 97 92 86 86 92 95 92 95 98 103 142 128 123 154 147 150 159 129 106 107 107 104 101 101 106 114 120 123 121 116 111 106 101 99 97 95 92 88 85 82 82 84 86 87 88 87 87 -9999 -9999 -9999 -9999 -9999 -9999 -9999 -9999 -9999 124 132 139 -9999 -9999 -9999 155 150 152 147 139 131 125 117 112 109 106 104 104 105 107 108 108 107 104 103 101 97 93 91 89 88 87 85 84 82 80 79
89 93 95 91 88 88 89 90 98 104 91 123 128 154 155 153 137 130 112 105 101 106 106 103 98 98 107 116 123 126 125 121 114 107 102 99 97 95 92 89 86 83 83 82 82 81 81 82 83 84 -9999 -9999 -9999 -9999 -9999 -9999 -9999 -9999 119 129 136 -9999 -9999 159 -9999 157 157 154 148 140 132 126 120 114 108 106 107 111 109 107 106 105 104 100 99 98 95 93 92 90 88 87 86 86 86 83
94 95 89 89 91 91 93 98 104 104 99 114 140 162 157 125 129 143 121 97 94 97 97 94 90 97 108 120 128 133 133 129 121 111 103 100 98 96 94 92 89 87 85 83 80 79 77 78 79 80 83 -9999 -9999 -9999 -9999 -9999 -9999 -9999 -9999 120 -9999 -9999 148 -9999 -9999 158 158 158 155 150 139 133 126 120 114 110 105 108 112 109 107 105 102 102 101 101 98 95 94 92 90 89 87 85 83 82
93 91 89 91 96 95 94 94 98 103 105 109 113 129 144 114 127 134 125 95 87 89 89 88 88 97 111 125 136 142 137 129 125 119 113 107 102 100 99 97 94 91 88 85 81 78 76 77 77 -9999 -9999 -9999 -9999 -9999 -9999 -9999 -9999 -9999 -9999 -9999 -9999 -9999 141 -9999 -9999 153 155 162 159 154 148 139 137 130 125 117 112 109 108 108 106 104 102 100 99 102 102 103 100 97 93 90 88 86 84 83
88 87 93 96 100 98 96 96 96 98 100 108 99 105 110 108 130 145 120 100 88 87 87 89 94 102 115 128 137 146 136 129 125 120 116 112 108 105 104 103 100 97 93 89 86 82 79 77 76 75 -9999 -9999 -9999 -9999 -9999 -9999 -9999 -9999 -9999 -9999 -9999 -9999 -9999 -9999 -9999 -9999 154 162 163 156 150 145 138 135 132 127 118 117 112 108 104 104 100 98 99 103 100 103 105 103 98 92 92 90 87 85
87 94 97 100 101 98 96 95 94 95 92 94 94 94 105 119 118 126 115 101 91 90 92 94 100 107 117 127 -9999 -9999 144 137 128 122 117 114 109 107 108 108 108 107 105 100 95 89 83 80 77 75 -9999 -9999 -9999 -9999 -9999 -9999 -9999 -9999 -9999 -9999 -9999 -9999 -9999 -9999 -9999 -9999 142 152 155 154 150 146 140 138 135 133 128 123 118 111 109 108 105 100 97 100 100 101 102 101 97 100 95 92 91 87
93 99 101 102 101 97 95 94 94 94 92 85 93 100 103 118 126 118 115 113 103 103 107 106 105 110 119 -9999 -9999 -9999 -9999 -9999 -9999 125 120 118 114 108 104 107 110 114 114 115 111 100 91 84 80 77 -9999 -9999 -9999 -9999 -9999 -9999 -9999 -9999 -9999 -9999 -9999 -9999 -9999 -9999 -9999 -9999 -9999 135 139 143 144 143 141 139 138 136 134 129 124 118 114 111 105 101 100 104 102 105 104 102 98 97 98 100 95 90
99 103 105 104 100 95 92 94 95 95 93 87 86 90 99 105 108 106 105 113 120 109 111 105 106 -9999 -9999 -9999 -9999 -9999 -9999 -9999 -9999 -9999 -9999 124 118 110 113 109 110 115 119 121 121 115 104 93 86 82 81 -9999 -9999 -9999 -9999 -9999 -9999 -9999 -9999 -9999 -9999 -9999 -9999 -9999 -9999 -9999 -9999 -9999 132 134 138 134 135 135 139 138 137 135 131 126 116 114 111 106 102 99 102 100 104 108 105 101 99 99 102 98
104 108 109 105 99 93 89 89 89 88 86 85 87 95 98 100 99 101 103 104 105 107 106 106 107 -9999 -9999 -9999 -9999 -9999 -9999 -9999 -9999 -9999 -9999 -9999 -9999 119 116 115 115 114 114 115 111 113 112 102 96 91 89 86 85 -9999 -9999 -9999 -9999 -9999 -9999 -9999 -9999 -9999 -9999 -9999 -9999 -9999 -9999 -9999 -9999 127 129 130 130 132 135 139 142 142 135 132 127 122 119 113 109 104 100 103 102 103 104 102 103 98 99 94
106 108 108 103 97 91 87 86 86 86 85 86 88 94 98 101 104 106 111 115 111 -9999 -9999 -9999 -9999 -9999 -9999 -9999 -9999 -9999 -9999 -9999 -9999 -9999 -9999 -9999 -9999 -9999 118 115 114 113 113 112 109 112 105 106 105 102 97 94 94 89 86 -9999 -9999 -9999 -9999 -9999 -9999 -9999 -9999 -9999 -9999 -9999 -9999 -9999 -9999 -9999 -9999 123 125 128 134 135 141 150 145 139 132 130 132 127 117 113 107 106 102 102 103 101 100 102 101 98
107 106 104 100 94 88 83 83 85 87 87 88 90 95 101 107 115 124 125 -9999 -9999 -9999 -9999 -9999 -9999 -9999 -9999 -9999 -9999 -9999 -9999 -9999 -9999 -9999 -9999 -9999 -9999 -9999 114 113 112 111 112 110 107 103 101 99 97 103 106 106 107 97 89 85 82 -9999 -9999 -9999 -9999 -9999 -9999 -9999 -9999 -9999 -9999 -9999 -9999 -9999 -9999 -9999 119 120 123 131 136 149 150 145 138 136 145 131 130 121 117 115 115 112 108 106 105 103 104 104
-9999 -9999 -9999 -9999 -9999 -9999 -9999 83 85 87 89 89 92 97 104 111 -9999 -9999 -9999 -9999 -9999 -9999 -9999 -9999 -9999 -9999 -9999 -9999 -9999 -9999 -9999 -9999 -9999 -9999 -9999 -9999 -9999 -9999 108 106 107 106 107 106 104 100 95 95 99 100 109 115 114 105 97 87 82 82 -9999 -9999 -9999 -9999 -9999 -9999 -9999 -9999 -9999 -9999 -9999 -9999 -9999 -9999 -9999 -9999 -9999 -9999 130 139 148 152 153 156 158 153 136 130 126 122 125 121 117 114 109 108 106 106
-9999 -9999 -9999 -9999 -9999 -9999 -9999 -9999 85 87 90 93 94 100 106 111 -9999 -9999 -9999 -9999 -9999 -9999 -9999 -9999 -9999 -9999 -9999 -9999 -9999 -9999 -9999 -9999 -9999 -9999 -9999 -9999 -9999 -9999 -9999 101 100 99 100 101 101 97 94 94 98 102 107 112 111 107 100 89 83 83 -9999 -9999 -9999 -9999 -9999 -9999 -9999 -9999 -9999 -9999 -9999 -9999 -9999 -9999 -9999 -9999 -9999 -9999 -9999 -9999 144 152 166 177 187 169 144 141 134 132 127 127 122 121 119 114 113 107
-9999 -9999 -9999 -9999 -9999 -9999 -9999 -9999 -9999 -9999 -9999 -9999 -9999 -9999 -9999 -9999 -9999 -9999 -9999 -9999 -9999 -9999 -9999 -9999 -9999 -9999 -9999 -9999 -9999 -9999 -9999 -9999 -9999 -9999 -9999 -9999 -9999 -9999 -9999 94 95 92 91 94 95 94 92 95 98 102 106 108 108 106 101 95 87 85 85 -9999 -9999 -9999 -9999 -9999 -9999 -9999 -9999 -9999 -9999 -9999 -9999 -9999 -9999 -9999 -9999 -9999 -9999 -9999 -9999 -9999 164 176 185 184 163 155 146 143 136 135 128 126 125 123 124 114
-9999 -9999 -9999 -9999 -9999 -9999 -9999 -9999 -9999 -9999 -9999 -9999 -9999 -9999 -9999 -9999 -9999 -9999 -9999 -9999 -9999 -9999 -9999 -9999 -9999 -9999 -9999 -9999 -9999 -9999 -9999 -9999 105 -9999 -9999 -9999 -9999 -9999 -9999 -9999 -9999 91 94 92 90 84 88 92 97 102 106 107 106 104 102 103 93 89 87 -9999 -9999 -9999 -9999 -9999 -9999 -9999 -9999 -9999 -9999 -9999 -9999 -9999 -9999 -9999 -9999 -9999 113 125 137 -9999 159 -9999 176 177 171 159 167 150 147 149 140 133 131 132 127 126
-9999 -9999 -9999 -9999 -9999 -9999 -9999 -9999 -9999 -9999 -9999 -9999 -9999 -9999 -9999 -9999 -9999 -9999 -9999 -9999 -9999 -9999 -9999 -9999 -9999 -9999 -9999 -9999 -9999 -9999 -9999 -9999 101 -9999 -9999 -9999 -9999 -9999 -9999 -9999 -9999 -9999 91 86 81 80 85 90 98 101 105 105 104 102 101 102 98 96 90 88 -9999 -9999 -9999 -9999 -9999 -9999 -9999 -9999 -9999 -9999 -9999 -9999 -9999 -9999 -9999 -9999 -9999 -9999 -9999 -9999 -9999 -9999 -9999 175 180 180 178 167 162 -9999 155 140 158 136 133 129
-9999 -9999 -9999 -9999 -9999 -9999 -9999 -9999 -9999 -9999 -9999 -9999 -9999 -9999 -9999 -9999 -9999 -9999 -9999 -9999 -9999 -9999 -9999 -9999 -9999 -9999 -9999 -9999 -9999 104 102 101 98 -9999 -9999 -9999 -9999 -9999 -9999 -9999 -9999 -9999 -9999 84 84 84 85 -9999 96 104 105 107 104 101 102 101 103 98 94 90 -9999 -9999 -9999 -9999 -9999 -9999 -9999 -9999 -9999 -9999 -9999 -9999 -9999 -9999 -9999 -9999 -9999 -9999 -9999 -9999 -9999 -9999 -9999 -9999 -9999 186 175 160 174 170 192 173 167 139 136 133
-9999 -9999 -9999 -9999 -9999 -9999 -9999 -9999 -9999 -9999 -9999 -9999 -9999 -9999 -9999 -9999 -9999 -9999 -9999 -9999 -9999 -9999 -9999 -9999 -9999 -9999 -9999 -9999 105 113 104 98 93 -9999 -9999 -9999 -9999 -9999 -9999 -9999 -9999 -9999 -9999 -9999 84 87 91 96 98 102 110 108 104 104 102 103 103 103 101 95 89 86 -9999 -9999 -9999 -9999 -9999 -9999 -9999 -9999 -9999 -9999 -9999 -9999 -9999 -9999 -9999 -9999 -9999 -9999 -9999 -9999 -9999 -9999 -9999 -9999 -9999 -9999 187 177 206 224 190 157 142 137
-9999 -9999 -9999 -9999 -9999 -9999 -9999 -9999 -9999 -9999 -9999 -9999 -9999 -9999 -9999 -9999 -9999 -9999 -9999 -9999 -9999 -9999 -9999 -9999 -9999 -9999 -9999 -9999 106 111 109 94 89 -9999 -9999 -9999 -9999 -9999 -9999 -9999 -9999 -9999 -9999 -9999 -9999 -9999 94 97 99 106 112 113 109 106 104 104 104 104 104 100 96 91 88 -9999 -9999 -9999 -9999 -9999 -9999 -9999 -9999 -9999 -9999 -9999 -9999 -9999 -9999 -9999 -9999 -9999 -9999 -9999 -9999 -9999 -9999 -9999 -9999 -9999 -9999 192 210 -9999 233 179 167 157
-9999 -9999 -9999 -9999 -9999 -9999 -9999 -9999 -9999 -9999 -9999 -9999 -9999 -9999 -9999 -9999 -9999 -9999 -9999 -9999 -9999 -9999 -9999 -9999 -9999 -9999 -9999 -9999 99 101 107 97 83 -9999 -9999 -9999 -9999 -9999 -9999 -9999 -9999 -9999 -9999 -9999 -9999 -9999 -9999 95 102 109 111 114 114 109 109 107 109 108 107 106 102 96 91 88 -9999 -9999 -9999 -9999 -9999 -9999 -9999 -9999 -9999 -9999 -9999 -9999 -9999 -9999 -9999 -9999 -9999 -9999 -9999 -9999 -9999 -9999 -9999 -9999 -9999 -9999 -9999 204 -9999 236 181 165
-9999 -9999 -9999 -9999 -9999 -9999 -9999 -9999 -9999 -9999 -9999 -9999 -9999 -9999 -9999 -9999 -9999 -9999 -9999 -9999 -9999 -9999 -9999 -9999 -9999 -9999 -9999 -9999 -9999 98 103 98 -9999 -9999 -9999 -9999 -9999 -9999 -9999 -9999 -9999 -9999 -9999 -9999 -9999 -9999 -9999 -9999 -9999 106 111 116 120 118 117 108 113 112 105 102 100 97 92 89 85 83 79 -9999 -9999 -9999 -9999 -9999 -9999 -9999 -9999 -9999 -9999 -9999 -9999 -9999 -9999 -9999 -9999 -9999 -9999 -9999 -9999 -9999 -9999 -9999 -9999 207 218 218 191 165
-9999 -9999 -9999 -9999 -9999 -9999 -9999 -9999 -9999 -9999 -9999 -9999 -9999 -9999 -9999 -9999 -9999 -9999 -9999 -9999 -9999 -9999 -9999 -9999 -9999 -9999 -9999 -9999 95 94 99 94 -9999 -9999 -9999 -9999 -9999 -9999 -9999 -9999 -9999 -9999 -9999 -9999 -9999 -9999 -9999 -9999 -9999 -9999 115 117 118 130 142 136 125 126 113 103 102 98 95 89 85 79 76 71 67 64 65 66 67 -9999 -9999 -9999 -9999 -9999 -9999 -9999 -9999 -9999 -9999 -9999 -9999 -9999 -9999 -9999 -9999 -9999 -9999 -9999 -9999 -9999 182 171
-9999 -9999 -9999 -9999 -9999 -9999 -9999 -9999 -9999 -9999 -9999 -9999 -9999 -9999 -9999 -9999 -9999 -9999 -9999 -9999 -9999 -9999 -9999 -9999 -9999 -9999 -9999 -9999 -9999 90 92 82 -9999 -9999 -9999 -9999 -9999 -9999 -9999 -9999 -9999 -9999 -9999 -9999 -9999 -9999 -9999 -9999 -9999 -9999 -9999 124 132 138 127 152 159 145 126 115 114 105 96 91 84 81 73 68 64 60 59 -9999 -9999 -9999 -9999 -9999 -9999 -9999 -9999 -9999 -9999 -9999 -9999 -9999 -9999 -9999 -9999 -9999 -9999 -9999 -9999 -9999 -9999 179 173 161
-9999 -9999 -9999 -9999 -9999 -9999 -9999 -9999 -9999 -9999 -9999 -9999 -9999 -9999 -9999 -9999 -9999 -9999 -9999 -9999 -9999 -9999 -9999 -9999 -9999 -9999 -9999 -9999 -9999 -9999 -9999 -9999 -9999 -9999 -9999 -9999 -9999 -9999 -9999 -9999 -9999 -9999 -9999 -9999 -9999 -9999 -9999 -9999 -9999 -9999 -9999 -9999 -9999 141 146 146 143 138 138 132 124 109 98 92 87 80 73 67 61 58 57 58 -9999 -9999 -9999 -9999 -9999 -9999 -9999 -9999 -9999 -9999 -9999 -9999 -9999 -9999 -9999 -9999 -9999 -9999 -9999 -9999 -9999 169 169 158
-9999 -9999 -9999 -9999 -9999 -9999 -9999 -9999 -9999 -9999 -9999 -9999 -9999 -9999 -9999 -9999 -9999 -9999 -9999 -9999 -9999 -9999 -9999 -9999 -9999 -9999 -9999 -9999 -9999 -9999 -9999 -9999 -9999 -9999 -9999 -9999 -9999 -9999 -9999 -9999 -9999 -9999 -9999 -9999 -9999 -9999 -9999 -9999 -9999 -9999 -9999 -9999 -9999 -9999 138 -9999 -9999 -9999 138 133 132 124 121 106 99 87 76 68 62 58 57 57 59 61 63 -9999 -9999 -9999 -9999 -9999 -9999 -9999 -9999 -9999 -9999 -9999 -9999 -9999 -9999 -9999 -9999 -9999 -9999 162 163 157
-9999 -9999 -9999 -9999 -9999 -9999 -9999 -9999 -9999 -9999 -9999 -9999 -9999 -9999 -9999 -9999 -9999 -9999 -9999 -9999 -9999 -9999 -9999 -9999 -9999 -9999 -9999 -9999 -9999 -9999 91 82 77 -9999 -9999 -9999 -9999 -9999 -9999 -9999 -9999 -9999 -9999 -9999 -9999 -9999 -9999 -9999 -9999 -9999 -9999 -9999 -9999 -9999 -9999 -9999 -9999 -9999 -9999 136 137 137 129 109 108 98 83 72 65 62 61 61 63 66 66 67 68 70 -9999 -9999 -9999 -9999 -9999 -9999 -9999 -9999 -9999 -9999 -9999 -9999 -9999 -9999 -9999 156 156 152
-9999 -9999 -9999 -9999 -9999 -9999 -9999 -9999 -9999 -9999 -9999 -9999 -9999 -9999 -9999 -9999 -9999 -9999 -9999 -9999 -9999 -9999 -9999 -9999 -9999 -9999 -9999 -9999 -9999 98 106 100 84 -9999 -9999 -9999 -9999 -9999 -9999 -9999 -9999 -9999 -9999 -9999 -9999 -9999 -9999 -9999 -9999 -9999 -9999 -9999 -9999 -9999 -9999 -9999 -9999 -9999 -9999 -9999 136 140 136 121 103 96 87 79 73 69 68 67 68 69 71 71 71 71 73 74 -9999 -9999 -9999 -9999 -9999 -9999 -9999 -9999 -9999 -9999 -9999 -9999 -9999 154 153 150
-9999 -9999 -9999 -9999 -9999 -9999 -9999 -9999 -9999 -9999 -9999 -9999 -9999 -9999 -9999 -9999 -9999 -9999 -9999 -9999 -9999 -9999 -9999 -9999 -9999 108 105 108 114 105 101 104 100 88 -9999 -9999 -9999 -9999 -9999 -9999 -9999 -9999 -9999 -9999 -9999 -9999 -9999 -9999 -9999 -9999 -9999 -9999 -9999 -9999 -9999 -9999 -9999 -9999 -9999 -9999 -9999 -9999 -9999 126 119 104 91 90 83 79 79 77 73 72 71 72 73 72 74 77 76 76 -9999 -9999 -9999 -9999 -9999 -9999 -9999 -9999 -9999 -9999 153 155 155 152
