resultados/variables_proyeccion_tiempo/variables_presente/bio15.asc
ncols 330
nrows 228
xllcorner -12.000000
yllcorner 34.000000
cellsize 0.166667
NODATA_value -9999
[rows 96 to 143 of 228, columns 192 to 287 of 330]
-9999 -9999 -9999 -9999 -9999 -9999 34 33 32 32 31 30 29 29 28 28 28 29 30 31 31 31 30 30 30 30 30 30 30 29 29 28 28 27 27 28 28 29 30 30 31 31 31 31 31 31 32 32 32 31 31 31 31 31 -9999 31 32 32 32 32 33 33 33 33 34 34 34 34 34 34 34 34 33 34 33 34 34 34 34 34 34 34 34 34 35 35 35 35 35 35 35 35 35 35 35 34
-9999 -9999 -9999 -9999 -9999 -9999 34 33 33 32 30 29 29 28 28 28 28 28 29 30 30 30 30 30 30 30 29 29 29 29 28 28 27 27 27 27 -9999 28 29 30 30 30 -9999 31 31 31 31 31 31 31 31 31 31 31 31 31 32 32 32 32 32 32 33 33 33 33 33 33 33 33 33 33 33 33 33 33 34 34 34 34 35 34 34 34 35 35 35 35 35 35 35 35 35 35 34 34
-9999 -9999 -9999 -9999 -9999 -9999 -9999 34 33 32 30 29 28 27 27 27 28 28 29 29 29 30 30 30 29 29 29 29 29 29 28 28 27 26 27 27 28 28 29 30 30 30 30 30 31 31 31 31 31 31 31 31 31 31 31 31 31 31 32 32 32 32 32 32 33 33 33 33 33 33 33 33 33 33 33 33 33 34 34 34 34 34 34 34 35 35 35 35 35 35 35 35 35 34 34 34
-9999 -9999 -9999 -9999 -9999 -9999 -9999 34 33 32 30 29 28 27 27 28 28 28 28 29 29 29 29 29 29 29 29 29 30 29 28 27 27 26 26 27 28 28 29 29 30 30 30 30 31 30 30 31 31 30 30 30 30 30 31 31 31 31 31 31 32 32 32 32 32 32 32 32 32 32 32 32 32 32 32 33 33 33 34 34 34 35 35 35 35 35 35 35 35 35 35 35 34 34 34 34
-9999 -9999 -9999 -9999 -9999 34 -9999 -9999 33 32 30 29 28 28 28 28 28 29 29 29 29 29 29 29 29 29 29 30 30 29 28 27 27 27 27 27 -9999 28 29 29 29 30 30 30 30 30 30 30 30 30 30 30 30 30 30 30 31 31 31 31 31 31 32 32 32 32 32 32 32 31 31 31 31 32 32 33 33 33 34 34 34 35 35 35 35 35 35 35 35 34 34 34 34 34 34 33
-9999 -9999 -9999 -9999 -9999 -9999 -9999 32 32 31 30 29 28 28 28 29 29 29 30 30 30 29 29 29 29 29 29 29 29 28 27 27 26 27 27 27 28 28 28 29 29 29 29 30 30 30 30 30 30 30 29 29 29 30 30 30 30 31 31 31 31 31 32 32 32 32 32 32 31 31 31 31 31 31 32 33 33 33 34 34 34 35 35 35 35 35 35 35 35 35 34 34 34 34 34 33
28 28 29 29 30 -9999 -9999 31 31 30 29 29 28 29 29 30 30 30 31 31 30 30 29 29 28 29 28 28 28 27 26 26 26 27 27 27 28 28 29 29 29 29 29 29 30 30 30 30 30 29 29 29 29 30 30 30 31 31 31 31 32 31 32 32 32 32 32 32 31 31 31 30 30 31 32 32 33 34 34 34 35 35 35 35 35 35 35 35 35 34 34 34 34 34 33 33
28 28 28 28 29 29 30 30 30 30 29 29 29 29 30 31 31 32 32 32 31 31 30 29 29 28 28 28 27 26 26 26 26 26 27 28 28 28 29 29 29 29 29 30 29 30 30 29 29 30 30 29 29 30 30 31 31 31 31 32 32 32 32 32 32 32 32 32 31 31 30 30 29 31 32 33 33 34 34 35 35 35 35 35 35 35 35 34 34 34 34 34 34 34 33 33
-9999 27 28 28 28 29 29 29 29 29 29 29 29 30 31 31 32 33 33 33 33 32 31 30 29 28 28 27 27 26 25 25 26 26 27 28 28 28 29 29 29 29 29 29 29 29 29 30 30 30 30 30 30 30 31 31 31 32 31 32 32 32 32 32 32 32 32 32 31 31 30 30 30 31 32 33 34 34 35 35 35 35 35 35 35 35 34 34 34 34 34 34 33 33 33 33
27 27 27 27 28 28 29 29 29 29 29 29 30 30 31 31 -9999 33 33 34 34 33 32 31 30 29 28 27 27 26 26 26 26 27 27 27 28 28 29 29 29 29 29 29 29 29 29 30 30 30 31 31 31 31 31 31 32 32 32 32 32 32 32 32 32 33 32 32 31 31 31 30 31 31 32 33 34 35 35 35 35 35 35 35 35 35 34 34 34 34 34 33 33 33 33 33
28 28 28 28 28 28 29 29 29 29 29 30 30 30 31 32 32 33 34 34 35 34 33 31 30 29 28 27 27 26 26 26 26 27 27 28 28 29 29 29 29 29 29 29 29 29 29 30 30 31 31 31 32 32 32 32 32 32 32 32 32 32 32 33 32 33 32 32 31 31 31 31 32 32 33 34 35 35 36 36 35 35 35 35 35 34 34 34 34 34 34 34 33 33 33 33
29 29 29 29 29 29 29 29 29 29 30 30 30 31 31 32 33 33 34 34 34 34 32 31 30 29 28 28 27 27 26 26 27 27 28 28 29 29 29 29 29 30 29 29 29 29 30 30 31 32 32 32 32 32 33 33 33 32 33 33 32 32 33 32 33 32 33 32 32 31 31 32 32 33 34 35 36 36 36 36 36 35 35 35 35 35 34 34 34 34 33 33 33 33 33 32
30 30 30 30 30 30 29 30 30 30 30 31 31 31 32 32 33 33 33 34 33 33 32 30 29 29 28 28 27 27 27 27 27 27 28 29 29 29 30 30 30 30 30 30 29 29 30 -9999 32 33 33 33 33 33 33 33 33 33 33 33 33 33 33 33 33 33 33 32 32 32 32 32 33 33 34 35 36 37 36 36 35 35 35 35 34 34 34 34 34 33 33 33 33 32 32 32
31 31 32 31 31 30 30 30 30 31 -9999 31 32 32 32 32 33 33 33 33 32 32 31 30 29 28 28 27 27 27 27 27 27 28 28 29 30 30 30 30 30 30 30 30 30 31 31 32 34 34 34 34 34 34 34 34 34 34 33 33 33 33 33 33 33 32 33 32 32 32 32 32 33 33 34 34 36 36 36 35 35 35 34 34 34 34 34 34 34 33 33 33 32 32 32 32
31 32 32 32 32 31 31 31 31 31 -9999 32 32 32 32 33 32 32 33 32 31 31 30 29 29 28 28 28 27 27 27 27 28 28 29 30 30 31 31 31 31 31 31 31 32 32 33 34 35 35 35 35 35 35 35 35 34 34 34 34 34 33 33 33 33 33 32 32 32 32 32 32 32 33 33 34 35 35 35 35 35 34 34 34 34 34 34 33 33 33 32 32 32 32 32 32
32 32 32 33 33 32 32 32 32 32 32 32 32 32 32 32 32 32 32 31 31 30 30 29 29 28 28 28 28 27 28 28 28 29 29 30 31 31 32 32 32 32 32 32 32 33 34 35 36 36 36 36 35 35 35 35 35 35 34 34 34 34 33 34 33 33 33 32 32 32 32 32 32 33 33 33 34 34 34 34 34 34 34 34 34 34 33 33 33 32 32 32 32 32 31 31
33 33 33 33 33 33 33 33 33 33 33 33 33 33 33 33 33 32 31 31 30 30 30 29 29 29 28 28 28 28 28 28 28 29 30 31 32 32 32 32 33 33 33 33 33 34 34 35 36 36 36 36 36 36 36 36 36 35 35 35 34 34 34 34 33 33 33 32 32 32 32 32 32 32 32 33 33 33 33 33 33 33 33 34 33 33 33 33 32 32 32 31 31 31 31 31
34 34 34 34 34 34 34 34 34 34 34 34 34 34 33 33 32 32 31 31 30 30 30 30 29 29 29 28 28 28 28 28 29 30 31 32 33 33 33 33 33 33 33 33 34 34 35 35 36 36 36 36 36 36 36 36 36 36 35 35 35 34 34 34 33 33 33 32 32 32 31 31 31 31 32 32 32 32 33 32 32 32 32 32 33 33 32 32 32 31 31 31 31 31 30 31
35 35 35 35 35 35 35 35 35 35 35 34 34 34 34 33 33 32 32 31 31 31 30 30 30 29 29 29 29 29 29 29 29 30 31 33 33 33 34 34 34 34 34 34 34 35 35 35 36 36 36 36 36 36 36 36 36 36 35 35 35 35 34 34 34 34 33 32 31 31 31 31 31 31 31 31 32 32 32 32 32 32 32 32 32 32 32 31 31 31 30 30 30 30 30 30
35 35 36 36 36 36 36 36 36 36 36 35 35 35 35 34 34 33 33 32 32 32 31 31 30 30 30 29 29 29 29 30 30 31 32 33 33 34 34 34 34 35 35 35 35 35 35 35 36 36 36 36 36 36 36 36 36 36 35 35 35 35 34 34 34 34 33 32 31 31 30 30 30 31 31 31 30 31 31 31 31 31 31 31 31 31 31 31 31 30 30 30 30 30 30 29
35 36 36 37 37 38 38 37 37 37 37 36 36 35 35 35 34 34 34 33 33 32 32 31 31 30 30 30 30 30 30 30 31 32 33 33 34 35 34 35 35 35 35 35 35 35 35 36 36 36 36 36 36 36 36 36 36 36 35 35 35 35 35 34 34 34 33 32 31 30 29 29 30 30 30 30 30 30 30 30 30 30 30 30 30 30 30 30 30 30 29 29 29 29 29 29
36 36 37 37 38 39 39 38 37 37 37 37 36 36 36 36 35 35 34 34 34 33 33 32 31 31 31 31 31 31 31 31 32 33 33 34 35 35 35 35 35 35 35 35 35 36 36 -9999 36 36 36 36 36 36 35 35 35 35 35 35 35 34 34 34 34 34 33 32 31 30 29 29 29 29 29 29 30 30 30 30 30 30 30 30 29 29 29 29 29 29 29 29 29 29 28 28
37 37 37 38 38 38 38 38 38 38 37 37 37 37 36 36 36 36 35 35 35 34 33 33 32 32 31 31 31 31 31 32 32 33 34 35 35 36 36 36 36 35 35 35 36 36 36 36 36 36 36 36 36 36 35 35 35 35 35 35 35 34 34 34 34 34 33 32 30 30 29 29 29 29 29 29 29 29 29 29 29 29 29 29 29 29 29 29 29 28 28 28 28 28 28 28
37 37 38 38 38 38 38 38 38 38 38 38 38 38 37 37 37 37 37 36 36 36 34 33 33 32 32 32 31 31 32 32 33 33 34 35 36 36 36 36 36 35 36 36 36 36 36 36 36 36 36 36 35 35 35 35 35 35 35 34 34 34 34 34 33 33 32 31 31 30 29 29 28 29 29 28 28 28 28 28 28 28 28 28 28 28 28 28 28 28 28 28 27 27 27 27
37 38 38 38 38 38 39 39 39 39 39 39 39 38 38 38 38 37 37 37 37 36 35 34 33 33 32 32 32 32 32 33 33 34 34 35 36 36 36 36 36 36 36 36 36 36 36 36 36 35 35 35 35 35 35 35 34 34 34 34 33 33 33 33 33 32 32 31 30 30 29 28 28 28 28 28 27 28 28 27 28 27 27 28 28 28 28 28 27 27 27 27 27 26 26 26
38 38 39 39 39 39 39 39 -9999 39 39 39 39 39 38 38 38 38 37 37 36 35 35 34 34 33 33 33 32 32 33 33 34 34 34 35 35 36 36 36 36 36 36 36 36 36 36 36 36 36 35 35 35 35 35 34 34 34 34 33 33 33 33 32 32 32 31 31 30 30 29 29 28 28 28 27 27 27 27 27 27 27 27 27 27 27 27 27 27 27 27 27 26 26 26 26
38 39 39 39 39 39 40 40 40 40 40 40 40 39 39 39 38 38 38 37 36 35 35 34 34 33 33 33 33 33 33 33 34 34 34 35 35 35 36 35 36 36 36 36 36 36 36 36 36 36 35 35 35 34 34 34 34 34 33 33 33 32 32 31 31 31 31 31 30 30 29 29 28 28 27 27 27 27 27 26 26 26 26 26 26 26 27 26 27 26 26 26 26 26 25 25
39 39 39 39 40 40 40 40 40 40 40 40 40 40 39 39 39 39 38 37 36 36 35 35 34 34 33 33 33 33 33 33 34 34 34 35 35 35 36 36 36 36 36 36 36 36 36 36 36 36 35 35 34 34 34 34 34 34 33 32 32 32 31 31 31 31 30 31 30 29 29 28 28 27 27 27 27 26 26 26 26 26 26 26 26 26 26 26 26 26 26 26 26 25 25 25
39 39 40 39 40 40 40 40 41 41 41 41 40 40 40 40 39 39 39 38 37 36 36 35 34 34 34 34 34 34 33 33 34 34 34 35 35 35 36 36 36 36 36 37 37 37 37 37 37 37 36 35 35 34 35 34 34 33 32 32 31 31 30 30 30 30 30 30 30 29 29 28 28 27 27 27 26 25 25 25 25 25 25 25 25 25 26 26 26 26 26 25 25 25 25 25
39 40 40 40 40 40 41 41 41 41 41 41 41 41 41 40 40 40 39 39 38 37 36 35 35 34 34 34 34 34 34 34 34 34 35 35 35 35 36 36 36 36 37 37 37 37 37 37 37 37 37 36 36 35 35 34 34 33 32 32 31 31 30 29 29 29 30 30 29 29 29 28 28 27 27 26 26 25 25 25 24 24 24 25 25 25 25 25 25 26 25 25 25 24 24 24
40 40 40 40 40 40 41 41 41 41 41 41 41 41 41 41 40 40 40 40 39 37 37 36 35 35 34 34 34 34 34 34 34 35 35 35 35 36 36 36 37 37 37 37 37 38 38 38 37 38 37 37 36 36 35 35 34 33 32 31 31 30 29 29 29 29 29 29 29 29 29 28 28 27 27 26 25 25 24 24 24 24 24 24 24 24 25 25 25 25 25 24 24 24 24 24
40 41 41 41 41 41 41 41 41 42 42 42 42 41 41 41 41 41 41 41 39 38 37 36 35 35 35 35 35 35 35 35 35 35 35 36 36 36 37 37 37 37 38 38 38 38 38 38 38 39 38 38 37 37 36 35 34 33 32 31 30 29 -9999 28 28 28 28 29 29 29 29 28 28 27 26 26 25 24 24 23 23 23 23 23 23 24 24 24 25 24 24 24 24 24 24 23
41 41 42 42 42 42 42 41 41 42 42 42 42 42 41 42 42 41 41 40 39 38 37 36 35 35 35 35 35 35 35 35 35 36 36 37 37 37 37 37 38 38 38 38 39 39 39 39 39 39 39 39 38 37 36 35 34 33 32 31 30 29 28 27 27 28 29 29 29 29 29 29 28 27 26 25 24 24 23 23 23 23 23 22 23 23 23 23 24 24 24 23 23 23 23 23
41 42 42 42 42 42 42 42 42 42 41 41 42 41 42 42 41 41 41 40 39 38 37 36 35 35 35 35 35 36 36 36 36 37 37 37 38 38 38 38 38 38 39 39 39 39 39 39 40 40 40 40 39 38 37 35 34 33 32 31 30 29 27 27 27 28 28 29 29 30 30 29 28 27 26 25 24 23 23 22 22 22 22 22 22 22 22 22 23 23 23 23 23 23 23 23
42 43 43 43 43 42 42 41 41 41 41 41 41 41 41 41 41 41 40 40 38 37 36 35 35 35 35 36 36 36 37 37 37 38 38 38 38 38 39 39 39 39 39 40 40 40 40 40 40 40 40 40 40 38 37 35 34 33 32 31 30 29 28 27 27 28 28 29 29 30 30 30 28 27 26 25 23 23 22 22 22 22 21 21 21 21 21 22 22 22 22 22 22 22 22 22
43 44 44 44 43 43 42 41 41 40 40 40 40 41 41 41 41 41 40 39 38 36 35 35 35 35 36 36 37 37 38 38 38 39 39 39 39 39 39 40 40 40 40 40 40 40 40 40 40 40 40 40 39 38 37 35 34 33 32 31 30 29 28 28 28 28 28 29 29 30 30 29 28 27 26 24 23 22 21 21 21 21 21 21 21 20 21 21 21 21 21 21 21 21 21 22
44 44 44 44 43 42 41 40 40 39 39 39 39 40 40 41 41 41 40 39 37 36 35 34 34 35 36 37 37 38 39 39 39 40 40 40 40 40 40 40 40 41 41 41 41 41 40 40 40 40 39 39 38 37 36 35 34 33 32 31 30 29 29 29 28 28 29 29 29 29 29 29 28 27 26 25 23 22 21 21 21 21 21 20 20 20 20 20 20 20 20 20 21 21 21 21
44 45 45 44 43 42 41 40 39 39 38 38 38 39 39 40 41 40 39 38 37 35 34 34 34 35 36 37 38 39 40 40 41 41 41 41 41 41 41 41 41 42 42 41 41 41 41 40 40 39 38 38 37 37 36 35 34 33 32 31 31 30 29 29 29 29 29 29 29 29 29 28 28 27 26 25 24 23 22 21 21 21 20 20 19 19 19 19 19 20 20 20 20 20 20 20
44 44 45 45 43 40 39 38 38 37 37 37 37 37 38 38 39 39 38 37 36 35 35 34 35 36 37 38 39 40 41 41 42 42 42 42 42 42 42 42 42 42 42 42 42 42 41 41 40 39 38 37 36 36 35 35 34 33 32 32 31 31 30 30 29 29 29 29 29 29 29 28 28 27 26 25 24 23 22 22 21 21 20 19 19 18 18 19 19 19 19 19 19 20 20 20
46 46 45 42 41 38 37 37 37 36 36 35 35 35 36 36 37 37 36 36 35 35 35 35 36 37 38 39 40 41 42 42 42 43 43 43 43 43 43 43 43 43 43 43 43 42 42 41 40 38 37 36 36 36 35 35 34 33 33 32 32 31 31 30 30 29 29 29 29 29 29 29 28 -9999 -9999 26 -9999 24 23 22 21 20 20 19 18 18 18 18 18 18 19 19 19 19 19 19
37 39 44 42 40 38 37 37 37 36 35 34 34 34 34 34 35 35 35 35 35 35 35 35 36 37 39 40 41 42 42 43 43 43 43 43 43 43 44 44 44 44 44 43 43 43 42 41 40 38 36 35 35 35 35 34 34 33 33 32 32 32 31 30 30 30 30 30 29 29 29 29 28 28 27 -9999 -9999 -9999 -9999 23 22 21 20 19 18 17 17 18 18 18 18 18 19 19 19 19
39 43 44 40 39 38 38 38 37 35 34 33 32 32 32 33 33 33 34 34 34 34 35 35 36 38 39 41 42 43 43 43 44 44 44 44 44 44 44 44 44 44 44 44 44 43 43 42 41 39 37 36 35 35 35 34 34 33 33 33 32 32 31 31 30 30 30 29 29 29 29 29 29 28 28 27 26 25 24 -9999 22 21 20 19 18 18 18 18 18 18 18 18 19 19 19 19
37 39 41 41 40 39 38 38 35 35 33 31 30 30 29 30 32 33 33 33 34 34 35 35 36 38 40 41 43 43 43 44 44 44 44 44 44 45 45 45 45 45 45 45 44 44 43 43 42 40 38 37 36 35 35 34 34 34 33 33 33 32 32 31 30 30 30 29 29 29 29 30 30 29 29 28 26 26 25 24 23 22 21 20 19 18 18 18 18 18 18 18 19 19 19 19
38 39 40 38 38 38 37 38 37 34 31 29 27 26 28 28 30 31 31 33 33 34 35 36 37 38 39 41 42 43 43 44 44 44 44 44 45 45 45 45 46 45 45 45 45 45 44 43 42 40 38 37 36 35 35 34 34 33 33 33 33 32 31 31 30 29 29 29 29 29 30 30 30 30 29 28 27 26 25 24 24 23 22 21 20 -9999 19 18 18 18 18 18 18 19 19 20
37 38 39 39 38 38 38 37 35 33 30 28 25 24 25 27 29 29 30 32 32 34 35 36 37 38 39 40 42 43 43 44 44 45 45 45 45 45 46 46 46 46 46 46 45 45 44 43 42 40 39 38 37 36 35 34 34 33 33 32 32 32 31 30 30 29 29 29 29 29 29 30 31 31 30 29 27 26 25 25 24 23 23 22 21 20 19 19 19 18 18 18 19 19 19 20
35 36 37 38 38 37 36 35 33 31 29 27 25 24 25 26 26 28 30 30 32 33 35 36 37 38 39 40 41 42 43 44 44 45 45 45 45 46 47 47 47 47 46 46 46 45 45 43 42 40 39 38 37 35 35 34 33 33 33 32 32 31 30 29 29 28 28 28 28 29 29 30 30 31 30 29 28 27 26 25 24 24 24 23 22 21 20 19 19 19 18 18 19 19 20 20
33 35 36 36 37 36 35 33 32 30 29 27 26 25 25 26 27 27 28 29 29 31 33 35 37 38 39 40 41 42 43 44 45 46 46 46 46 47 47 48 48 47 47 46 46 45 44 43 42 40 39 38 37 36 35 34 33 33 32 31 31 30 29 28 28 28 27 28 28 28 28 29 29 29 29 28 27 26 26 25 25 24 24 23 22 21 20 20 19 19 18 19 19 20 20 20
32 34 35 35 35 35 33 32 30 29 28 27 26 26 26 27 27 28 28 28 28 28 30 33 36 37 39 40 41 42 44 45 46 47 48 49 49 49 49 48 48 48 47 47 46 45 44 43 41 40 39 37 36 35 34 34 33 32 31 31 30 29 28 28 27 27 27 27 27 27 27 28 27 28 27 27 27 26 25 25 24 24 23 23 22 21 21 20 19 19 -9999 19 20 20 21 21
