resultados/variables_proyeccion_tiempo/variables_presente/bio10.asc
ncols 330
nrows 228
xllcorner -12.000000
yllcorner 34.000000
cellsize 0.166667
NODATA_value -9999
[rows 0 to 39 of 228, columns 182 to 272 of 330]
-9999 -9999 -9999 -9999 -9999 -9999 -9999 -9999 -9999 -9999 -9999 -9999 -9999 -9999 -9999 -9999 -9999 -9999 -9999 -9999 -9999 -9999 -9999 -9999 -9999 -9999 -9999 -9999 -9999 -9999 -9999 -9999 -9999 -9999 -9999 -9999 -9999 -9999 -9999 -9999 -9999 -9999 -9999 -9999 -9999 -9999 -9999 -9999 -9999 -9999 -9999 -9999 -9999 -9999 -9999 -9999 -9999 -9999 -9999 -9999 -9999 -9999 -9999 -9999 -9999 -9999 -9999 -9999 -9999 -9999 -9999 -9999 -9999 -9999 -9999 -9999 -9999 -9999 -9999 -9999 -9999 -9999 -9999 -9999 -9999 -9999 -9999 -9999 -9999 -9999 -9999
-9999 -9999 -9999 -9999 -9999 -9999 -9999 -9999 -9999 -9999 -9999 -9999 -9999 -9999 -9999 -9999 -9999 -9999 -9999 -9999 -9999 -9999 -9999 -9999 -9999 -9999 -9999 -9999 -9999 -9999 -9999 -9999 -9999 -9999 -9999 -9999 -9999 -9999 -9999 -9999 -9999 -9999 -9999 -9999 -9999 -9999 -9999 -9999 -9999 -9999 -9999 -9999 -9999 -9999 -9999 -9999 -9999 -9999 -9999 -9999 -9999 -9999 -9999 -9999 -9999 -9999 -9999 -9999 -9999 -9999 -9999 -9999 -9999 -9999 -9999 -9999 -9999 -9999 -9999 -9999 -9999 -9999 -9999 -9999 -9999 -9999 -9999 -9999 -9999 -9999 -9999
-9999 -9999 -9999 -9999 -9999 -9999 -9999 -9999 -9999 -9999 -9999 -9999 -9999 -9999 -9999 -9999 -9999 -9999 -9999 -9999 -9999 -9999 -9999 -9999 -9999 -9999 -9999 -9999 -9999 -9999 -9999 -9999 -9999 -9999 -9999 -9999 -9999 -9999 -9999 -9999 -9999 -9999 -9999 -9999 -9999 -9999 -9999 -9999 -9999 -9999 -9999 -9999 -9999 -9999 -9999 -9999 -9999 -9999 -9999 -9999 -9999 -9999 -9999 -9999 -9999 -9999 -9999 -9999 -9999 -9999 -9999 -9999 -9999 -9999 -9999 -9999 -9999 -9999 -9999 -9999 -9999 -9999 -9999 -9999 -9999 -9999 -9999 -9999 -9999 -9999 -9999
-9999 -9999 -9999 -9999 -9999 -9999 -9999 -9999 -9999 -9999 -9999 -9999 -9999 -9999 -9999 -9999 -9999 -9999 -9999 -9999 -9999 -9999 -9999 -9999 -9999 -9999 -9999 -9999 -9999 -9999 -9999 -9999 -9999 -9999 -9999 -9999 -9999 -9999 -9999 -9999 -9999 -9999 -9999 -9999 -9999 -9999 -9999 -9999 -9999 -9999 -9999 -9999 -9999 -9999 -9999 -9999 -9999 -9999 -9999 -9999 -9999 -9999 -9999 -9999 -9999 -9999 -9999 -9999 -9999 -9999 -9999 -9999 -9999 -9999 -9999 -9999 -9999 -9999 -9999 -9999 -9999 -9999 -9999 -9999 -9999 -9999 -9999 -9999 -9999 -9999 -9999
-9999 -9999 -9999 -9999 -9999 -9999 -9999 -9999 -9999 -9999 -9999 -9999 -9999 -9999 -9999 -9999 -9999 -9999 -9999 -9999 -9999 -9999 -9999 -9999 -9999 -9999 -9999 -9999 -9999 -9999 -9999 -9999 -9999 -9999 -9999 -9999 -9999 -9999 -9999 -9999 -9999 -9999 -9999 -9999 -9999 -9999 -9999 -9999 -9999 -9999 -9999 -9999 -9999 -9999 -9999 -9999 -9999 -9999 -9999 -9999 -9999 -9999 -9999 -9999 -9999 -9999 -9999 -9999 -9999 -9999 -9999 -9999 -9999 -9999 -9999 -9999 -9999 -9999 -9999 -9999 -9999 -9999 -9999 -9999 -9999 -9999 -9999 -9999 -9999 -9999 -9999
-9999 -9999 -9999 -9999 -9999 -9999 -9999 -9999 -9999 -9999 -9999 -9999 -9999 -9999 -9999 -9999 -9999 -9999 -9999 -9999 -9999 -9999 -9999 -9999 -9999 -9999 -9999 -9999 -9999 -9999 -9999 -9999 -9999 -9999 -9999 -9999 -9999 -9999 92 -9999 -9999 -9999 -9999 85 87 -9999 -9999 -9999 -9999 -9999 -9999 -9999 -9999 -9999 -9999 77 -9999 -9999 -9999 -9999 -9999 -9999 -9999 -9999 -9999 -9999 -9999 -9999 -9999 -9999 -9999 -9999 -9999 -9999 -9999 -9999 -9999 -9999 -9999 -9999 -9999 -9999 -9999 -9999 -9999 -9999 -9999 -9999 -9999 -9999 -9999
-9999 -9999 -9999 -9999 -9999 -9999 -9999 -9999 -9999 -9999 -9999 -9999 -9999 -9999 -9999 -9999 -9999 -9999 -9999 -9999 -9999 -9999 -9999 -9999 -9999 -9999 -9999 -9999 -9999 -9999 -9999 -9999 -9999 -9999 -9999 -9999 -9999 -9999 88 -9999 91 -9999 91 -9999 -9999 -9999 -9999 -9999 -9999 83 -9999 -9999 -9999 -9999 82 78 77 77 76 -9999 -9999 -9999 -9999 -9999 -9999 -9999 -9999 -9999 -9999 -9999 -9999 -9999 -9999 -9999 -9999 -9999 -9999 -9999 -9999 -9999 -9999 -9999 -9999 -9999 -9999 -9999 -9999 -9999 -9999 -9999 -9999
-9999 -9999 -9999 -9999 -9999 -9999 -9999 -9999 -9999 -9999 -9999 -9999 -9999 -9999 -9999 -9999 -9999 -9999 -9999 -9999 -9999 -9999 -9999 -9999 -9999 -9999 -9999 -9999 -9999 92 -9999 -9999 -9999 -9999 -9999 -9999 -9999 95 88 84 84 88 92 93 -9999 -9999 -9999 81 81 -9999 -9999 -9999 -9999 -9999 79 76 77 78 -9999 -9999 -9999 78 78 74 76 83 -9999 -9999 -9999 -9999 -9999 -9999 -9999 -9999 -9999 -9999 -9999 -9999 -9999 -9999 -9999 -9999 -9999 -9999 -9999 -9999 -9999 -9999 -9999 -9999 -9999
-9999 -9999 -9999 -9999 -9999 -9999 -9999 -9999 -9999 -9999 -9999 -9999 -9999 -9999 -9999 -9999 -9999 -9999 -9999 -9999 -9999 -9999 -9999 -9999 89 92 92 90 -9999 -9999 -9999 -9999 90 88 -9999 89 82 93 93 91 90 -9999 -9999 -9999 -9999 -9999 89 86 83 -9999 -9999 -9999 86 84 81 77 77 76 -9999 -9999 -9999 73 72 73 80 77 73 77 80 75 78 -9999 -9999 -9999 -9999 -9999 -9999 -9999 -9999 -9999 -9999 -9999 -9999 -9999 -9999 -9999 -9999 -9999 -9999 -9999 -9999
-9999 -9999 -9999 -9999 -9999 -9999 -9999 -9999 -9999 -9999 -9999 -9999 -9999 -9999 -9999 -9999 -9999 -9999 -9999 -9999 -9999 -9999 -9999 -9999 -9999 -9999 -9999 -9999 80 -9999 85 -9999 91 88 85 90 91 92 92 93 -9999 -9999 -9999 -9999 97 94 88 85 91 -9999 -9999 90 85 81 80 79 84 87 90 -9999 84 82 78 76 77 79 75 71 74 76 78 76 77 79 81 -9999 -9999 -9999 -9999 -9999 -9999 -9999 -9999 -9999 -9999 -9999 -9999 -9999 -9999 -9999 -9999
-9999 -9999 -9999 -9999 -9999 -9999 -9999 88 -9999 -9999 -9999 -9999 -9999 -9999 -9999 -9999 -9999 -9999 -9999 -9999 -9999 81 -9999 -9999 -9999 -9999 -9999 -9999 -9999 -9999 -9999 90 85 87 92 91 89 90 93 99 -9999 -9999 -9999 93 85 89 89 90 86 87 89 88 86 85 84 86 88 89 91 89 88 85 82 82 85 84 79 76 73 75 82 85 85 -9999 -9999 -9999 -9999 -9999 -9999 -9999 -9999 -9999 -9999 -9999 -9999 -9999 -9999 -9999 -9999 -9999 -9999
-9999 -9999 -9999 -9999 -9999 -9999 -9999 -9999 89 90 -9999 -9999 85 88 86 -9999 -9999 -9999 -9999 -9999 79 -9999 82 88 88 -9999 -9999 95 -9999 98 94 92 86 83 90 93 88 86 93 -9999 -9999 93 81 82 85 79 81 74 77 83 86 86 87 89 93 93 93 93 93 90 92 92 -9999 -9999 -9999 -9999 -9999 -9999 87 90 -9999 -9999 -9999 -9999 -9999 -9999 -9999 -9999 -9999 -9999 -9999 -9999 -9999 -9999 -9999 -9999 -9999 -9999 -9999 -9999 -9999
-9999 -9999 -9999 91 89 88 91 89 90 -9999 -9999 82 -9999 -9999 -9999 -9999 -9999 -9999 88 -9999 -9999 -9999 89 83 79 77 81 87 100 106 104 95 91 88 89 91 82 77 80 101 103 93 87 89 83 78 82 86 93 91 93 95 94 93 92 89 90 95 95 88 86 86 86 -9999 85 88 90 -9999 -9999 -9999 -9999 -9999 -9999 -9999 -9999 -9999 -9999 -9999 -9999 -9999 -9999 -9999 93 -9999 -9999 -9999 -9999 -9999 -9999 -9999 -9999
88 91 -9999 98 -9999 92 85 84 -9999 -9999 75 81 -9999 80 87 81 98 91 72 73 85 89 -9999 89 82 80 84 86 90 94 93 92 93 91 91 94 91 87 91 99 102 101 99 97 96 98 96 96 92 93 95 99 96 93 93 91 88 91 91 91 90 88 92 94 93 95 95 94 -9999 -9999 -9999 90 -9999 87 85 88 84 -9999 -9999 -9999 90 88 92 92 95 96 96 98 -9999 -9999 -9999
87 90 99 -9999 85 88 80 88 -9999 78 -9999 -9999 -9999 87 74 69 75 91 79 67 74 67 70 76 84 83 83 82 84 89 93 93 94 92 95 96 96 94 94 96 100 102 101 101 103 102 97 94 92 95 97 98 100 98 96 94 94 94 95 96 97 98 98 97 97 97 94 92 93 96 96 96 91 87 84 89 91 -9999 88 87 89 93 -9999 -9999 -9999 -9999 -9999 -9999 -9999 -9999 -9999
-9999 90 92 96 89 87 80 -9999 75 70 83 -9999 71 75 62 74 71 75 81 84 85 81 79 78 85 90 88 83 91 93 95 98 96 96 98 100 99 100 100 102 105 105 104 104 106 103 100 99 98 100 100 99 100 100 99 100 -9999 -9999 99 100 100 100 -9999 97 95 95 96 98 99 99 99 92 86 86 89 93 95 91 90 92 93 93 95 -9999 100 100 101 103 -9999 -9999 -9999
97 101 92 -9999 98 -9999 -9999 86 82 -9999 75 69 79 78 71 66 68 69 72 78 82 89 90 89 91 95 97 92 94 95 97 101 101 99 97 98 100 101 105 104 103 102 103 106 106 102 99 100 101 101 103 105 105 105 104 104 104 104 -9999 104 103 101 99 100 100 102 99 99 94 95 95 92 91 91 91 91 94 92 90 92 93 96 99 98 99 102 105 105 106 -9999 -9999
96 104 97 93 92 99 90 83 77 70 76 77 78 76 87 79 75 76 84 88 89 90 93 95 95 96 100 102 103 102 100 99 101 99 101 102 103 103 104 101 104 105 107 108 109 105 102 101 102 103 104 106 108 108 109 109 -9999 -9999 -9999 106 105 103 101 103 104 103 100 96 95 96 96 96 96 94 92 91 90 92 95 96 97 97 99 101 103 101 101 106 109 -9999 -9999
95 78 78 86 80 77 83 95 87 77 73 78 81 84 87 92 87 85 85 87 90 95 98 100 99 99 102 104 105 102 100 98 98 100 102 102 102 103 103 105 105 107 109 110 111 110 109 110 111 111 111 110 -9999 112 -9999 111 -9999 110 -9999 108 106 105 104 104 103 102 100 99 99 99 97 98 98 96 96 95 96 96 97 96 96 100 99 99 101 105 106 108 111 107 105
78 93 78 75 69 67 74 77 88 78 77 76 82 83 83 83 87 93 95 92 91 94 96 102 101 100 100 103 104 105 104 103 102 102 100 101 100 102 103 105 107 108 109 109 104 107 108 111 111 107 108 108 110 110 111 113 111 110 107 105 103 103 102 103 103 103 102 102 102 100 101 101 102 102 103 102 102 103 101 100 102 105 104 105 105 107 109 108 111 106 104
71 76 69 73 78 79 79 77 86 86 82 84 85 89 90 91 92 92 92 96 101 103 103 107 107 105 105 106 105 107 107 106 102 105 105 104 105 105 105 105 108 110 108 109 108 106 107 107 107 107 106 108 109 112 112 111 108 109 108 106 104 108 107 107 106 106 106 106 104 104 103 101 103 104 104 105 -9999 -9999 -9999 107 107 107 108 104 102 103 104 105 108 109 105
77 83 -9999 -9999 88 82 75 84 93 90 91 90 89 89 91 95 97 97 99 100 101 104 109 110 110 110 111 111 111 112 111 111 110 111 111 111 111 110 109 109 109 110 111 111 112 112 112 111 111 111 110 110 109 109 107 107 109 110 109 110 108 106 106 104 103 104 105 105 103 98 100 99 103 103 101 -9999 -9999 104 107 108 106 103 106 105 100 103 105 107 104 109 108
74 77 68 71 76 82 90 98 -9999 -9999 103 98 94 95 96 95 97 100 104 105 104 106 107 107 107 109 112 113 115 114 113 112 106 109 113 112 111 112 112 113 110 111 112 112 112 113 113 112 112 112 112 111 111 110 109 106 108 105 101 101 98 100 104 101 103 106 106 106 104 106 107 105 107 109 105 95 98 101 99 104 103 101 100 103 100 105 103 104 108 109 107
60 60 61 66 77 80 81 87 97 100 102 105 105 103 103 102 102 101 105 109 110 109 108 109 109 107 110 113 115 115 116 117 115 112 109 116 116 117 117 117 116 117 115 114 114 115 115 115 114 -9999 -9999 113 113 112 -9999 111 111 110 109 108 106 106 106 106 105 105 106 108 109 108 107 110 110 109 109 108 106 99 96 94 99 98 101 101 93 104 108 108 107 109 107
58 60 75 86 84 89 89 91 97 100 102 105 109 107 110 109 110 111 109 109 110 111 113 113 112 110 111 113 115 117 119 119 117 116 -9999 114 116 118 120 120 120 120 119 118 114 113 113 113 113 115 116 115 113 113 -9999 -9999 -9999 111 110 110 108 107 108 109 107 106 105 107 107 108 110 111 107 106 107 106 101 104 103 102 99 97 97 103 86 95 103 110 110 -9999 106
75 82 79 81 85 91 94 94 97 103 104 105 105 107 109 113 113 115 116 116 115 115 115 116 115 116 117 116 118 119 120 119 119 116 116 116 118 120 121 121 121 121 119 119 117 116 115 116 117 118 118 117 117 116 115 115 113 111 109 111 111 111 112 110 109 108 106 103 104 106 110 112 112 110 106 109 109 108 107 103 105 107 109 108 92 103 107 111 112 100 82
82 84 94 96 94 93 98 101 101 104 105 106 108 106 109 112 112 111 114 115 116 117 119 120 118 119 119 118 117 119 122 122 119 121 119 117 121 120 121 123 123 122 121 121 120 120 120 119 120 120 120 119 119 118 118 117 114 114 113 113 114 114 113 112 111 109 106 104 104 105 105 105 107 108 109 110 110 110 110 -9999 112 -9999 111 110 110 111 112 -9999 112 112 105
93 98 104 103 103 102 103 102 104 105 105 105 105 106 110 110 113 114 115 116 115 117 119 122 122 123 122 122 122 124 124 124 124 123 122 123 122 122 124 124 122 122 121 122 121 120 121 119 120 122 121 121 118 118 119 119 118 116 117 118 115 114 111 111 110 109 108 105 105 108 107 105 104 109 111 108 106 102 104 108 108 111 112 112 112 -9999 110 110 112 111 110
91 85 85 99 107 105 108 107 110 111 110 111 111 111 111 111 112 114 118 118 114 116 120 122 123 124 125 125 125 124 125 126 126 125 125 123 122 123 125 125 123 124 123 123 123 123 121 119 121 121 122 121 120 122 123 122 120 120 120 120 118 116 115 113 112 114 111 111 111 111 109 108 105 103 106 104 103 102 105 107 110 110 111 114 114 110 110 108 106 110 113
101 103 99 96 103 109 112 114 116 114 112 113 113 112 116 117 119 120 120 121 122 122 120 123 124 126 125 124 122 123 125 126 126 127 126 125 125 125 125 127 127 125 123 124 125 123 122 122 123 122 121 119 120 123 123 123 122 121 119 116 117 119 119 118 117 115 114 111 113 112 111 111 111 110 110 109 111 106 105 107 114 116 119 -9999 -9999 -9999 -9999 -9999 112 113 -9999
109 113 112 112 114 115 114 115 119 114 117 116 115 117 116 116 117 120 123 125 125 126 124 124 125 126 128 127 126 123 125 128 130 131 127 126 127 126 125 128 127 127 128 127 126 123 125 125 124 122 122 122 122 123 125 124 123 122 121 121 120 121 120 119 116 116 115 115 111 110 112 117 119 116 117 118 115 118 116 117 118 119 120 -9999 -9999 -9999 -9999 -9999 108 113 117
103 106 112 116 119 122 122 121 122 123 124 122 119 117 118 120 120 117 119 122 125 127 129 129 125 127 129 128 128 126 124 127 130 133 127 128 129 129 129 127 126 128 130 129 128 126 127 128 125 125 124 123 122 124 125 125 124 123 124 122 119 118 117 117 116 113 113 112 113 114 116 119 121 122 120 121 119 116 121 -9999 -9999 123 -9999 121 120 120 -9999 -9999 -9999 -9999 -9999
98 103 107 113 117 120 122 124 125 125 124 124 128 123 121 123 122 120 119 120 122 126 128 131 130 128 130 129 128 128 128 128 131 132 129 129 131 131 131 129 128 129 130 130 130 130 130 129 127 127 127 126 126 126 -9999 124 125 125 124 121 120 120 118 119 120 119 116 115 116 116 115 118 120 122 123 123 123 122 119 120 122 123 123 123 122 121 122 -9999 -9999 -9999 -9999
108 110 108 110 113 114 115 120 121 121 123 126 129 131 129 127 126 125 125 124 127 123 123 129 132 132 132 133 131 129 129 132 132 131 131 131 132 130 130 130 131 131 133 131 130 131 131 131 130 129 128 127 126 127 125 121 121 123 123 122 122 119 120 121 122 121 120 119 119 117 115 116 121 123 -9999 125 121 122 120 120 121 122 122 123 123 123 122 122 123 123 122
112 116 115 113 112 111 113 116 119 120 121 126 128 129 132 132 130 129 130 130 133 130 127 127 130 130 133 133 131 131 131 133 132 133 132 131 131 132 133 133 133 135 133 132 131 131 129 128 128 127 127 129 127 127 125 122 122 123 -9999 123 121 120 123 123 122 120 121 122 121 119 118 118 121 123 125 125 -9999 123 121 122 -9999 -9999 122 121 122 122 123 123 123 123 123
111 114 119 119 120 120 121 122 124 127 125 125 126 127 132 135 132 131 131 133 135 134 132 131 132 133 135 134 132 133 134 134 134 -9999 134 134 135 135 136 136 136 136 134 133 131 131 130 131 130 129 128 128 128 128 125 124 123 122 124 123 124 124 123 122 121 120 121 122 120 121 120 119 120 125 -9999 127 -9999 125 123 123 123 122 122 122 122 123 123 122 122 122 122
114 116 120 121 121 122 125 124 127 129 132 132 131 129 129 131 131 136 136 136 136 135 136 135 136 136 136 136 136 136 137 136 136 136 137 137 137 137 137 136 135 135 134 134 133 132 132 132 131 131 130 129 130 129 129 127 124 124 125 126 125 123 123 122 122 -9999 123 123 123 122 122 121 122 121 123 126 128 -9999 126 125 125 124 123 123 123 123 124 123 122 122 122
118 116 119 122 119 120 123 125 124 127 126 129 130 136 133 136 135 135 134 136 -9999 138 137 137 -9999 -9999 -9999 -9999 138 -9999 -9999 -9999 -9999 -9999 -9999 -9999 -9999 138 138 138 137 137 136 135 134 133 133 133 132 132 131 130 132 132 130 126 126 124 124 125 127 126 125 125 125 125 124 124 123 123 124 123 125 126 125 126 127 127 127 -9999 -9999 -9999 126 125 124 124 125 124 124 124 123
117 117 119 119 120 124 124 124 125 -9999 122 124 128 130 132 135 136 137 136 137 139 138 138 -9999 -9999 -9999 -9999 -9999 -9999 -9999 -9999 -9999 -9999 -9999 -9999 -9999 -9999 -9999 -9999 -9999 -9999 139 138 136 135 135 135 134 134 134 133 133 133 133 131 130 128 128 128 128 128 127 127 127 127 126 126 126 125 126 126 126 128 128 127 127 126 126 126 126 126 127 127 126 126 125 125 -9999 125 125 124
121 121 121 120 121 122 124 126 126 125 125 126 126 127 129 133 137 140 139 -9999 139 139 -9999 -9999 -9999 -9999 -9999 -9999 -9999 -9999 -9999 -9999 -9999 -9999 -9999 -9999 -9999 -9999 -9999 -9999 -9999 -9999 140 138 138 137 136 135 135 135 135 134 133 133 133 132 131 131 129 129 128 128 128 128 128 128 129 129 128 128 128 129 130 130 130 128 127 127 126 126 126 126 126 126 126 126 125 125 126 125 124
