resultados/variables_proyeccion_tiempo/variables_presente/bio10.asc
ncols 330
nrows 228
xllcorner -12.000000
yllcorner 34.000000
cellsize 0.166667
NODATA_value -9999
[rows 80 to 119 of 228, columns 182 to 272 of 330]
-9999 -9999 -9999 -9999 -9999 -9999 -9999 -9999 -9999 -9999 -9999 -9999 -9999 -9999 -9999 -9999 -9999 -9999 -9999 -9999 -9999 -9999 -9999 -9999 -9999 159 -9999 159 -9999 160 -9999 161 160 161 160 161 161 161 160 160 160 160 159 159 159 160 160 160 160 159 160 159 160 -9999 -9999 -9999 -9999 161 160 160 160 160 160 159 160 161 161 159 159 161 161 160 159 160 160 159 159 160 160 159 159 158 158 158 157 155 152 151 152 155 157
-9999 -9999 -9999 -9999 -9999 -9999 -9999 -9999 -9999 -9999 -9999 -9999 -9999 -9999 -9999 -9999 -9999 -9999 -9999 -9999 -9999 -9999 157 158 158 159 159 160 -9999 -9999 -9999 -9999 161 160 161 161 162 162 161 161 161 160 159 158 159 160 160 161 160 161 160 160 161 161 -9999 -9999 161 161 161 161 159 158 158 157 158 160 161 160 160 160 160 161 161 160 160 161 160 -9999 160 160 159 159 158 158 158 157 154 152 154 154 156
-9999 -9999 -9999 -9999 -9999 -9999 -9999 -9999 -9999 -9999 -9999 -9999 -9999 -9999 -9999 -9999 -9999 -9999 -9999 -9999 -9999 -9999 157 158 159 159 -9999 -9999 -9999 -9999 -9999 -9999 -9999 -9999 -9999 -9999 -9999 162 161 160 160 159 159 158 159 160 -9999 160 160 159 159 160 161 161 162 162 161 162 161 158 156 155 156 157 157 158 160 160 160 160 161 161 161 161 161 161 -9999 -9999 -9999 -9999 160 158 157 158 159 158 156 154 154 154 155
-9999 -9999 -9999 -9999 -9999 -9999 -9999 -9999 -9999 -9999 -9999 -9999 -9999 -9999 -9999 -9999 -9999 -9999 -9999 -9999 -9999 -9999 -9999 -9999 -9999 -9999 -9999 -9999 -9999 -9999 -9999 -9999 -9999 -9999 -9999 -9999 -9999 162 160 160 159 159 159 158 157 160 160 158 157 155 157 158 160 161 161 162 -9999 -9999 162 160 158 157 156 157 157 159 160 160 161 161 161 161 161 160 160 160 160 161 162 161 161 159 158 158 160 160 159 157 155 154 154
-9999 -9999 -9999 158 158 -9999 -9999 -9999 -9999 -9999 -9999 -9999 -9999 -9999 -9999 -9999 -9999 -9999 -9999 -9999 -9999 -9999 -9999 -9999 -9999 -9999 -9999 -9999 -9999 -9999 -9999 -9999 -9999 -9999 -9999 -9999 162 161 160 160 160 160 160 159 158 159 160 160 159 157 158 159 160 160 160 161 162 -9999 -9999 161 160 160 160 160 159 160 161 161 161 161 160 160 159 159 159 159 160 161 161 161 161 160 159 159 161 160 155 155 155 154 155
157 157 158 158 -9999 -9999 -9999 -9999 -9999 -9999 -9999 -9999 -9999 -9999 -9999 -9999 -9999 -9999 -9999 -9999 -9999 -9999 -9999 -9999 -9999 160 -9999 -9999 -9999 -9999 -9999 -9999 -9999 -9999 -9999 -9999 162 161 160 159 160 -9999 160 160 160 160 160 160 159 159 159 157 154 156 157 158 159 160 161 161 161 161 161 161 161 161 161 161 160 160 160 159 159 159 159 159 160 160 161 161 161 161 160 161 161 159 155 154 155 155 155
157 158 158 -9999 -9999 -9999 -9999 -9999 -9999 -9999 -9999 -9999 -9999 -9999 -9999 -9999 -9999 -9999 -9999 -9999 -9999 159 160 158 157 160 -9999 -9999 -9999 -9999 -9999 -9999 -9999 -9999 -9999 -9999 162 161 159 159 160 160 160 161 161 161 160 160 160 160 158 155 154 155 156 157 158 160 161 161 161 160 160 161 160 159 157 157 159 160 160 159 159 159 159 160 160 160 161 161 160 160 160 161 160 157 155 154 154 155 155
157 157 158 -9999 -9999 -9999 -9999 -9999 -9999 -9999 -9999 -9999 -9999 -9999 -9999 -9999 -9999 -9999 -9999 159 158 158 159 159 158 160 161 161 -9999 -9999 -9999 -9999 -9999 -9999 -9999 -9999 162 161 160 160 160 160 160 160 158 157 158 159 159 159 158 156 155 157 157 158 159 161 161 161 161 161 161 160 158 155 153 155 158 160 159 159 160 160 160 159 159 160 160 160 160 160 160 160 158 154 153 154 156 156 156
158 159 -9999 -9999 -9999 -9999 -9999 -9999 -9999 -9999 -9999 -9999 -9999 -9999 -9999 -9999 -9999 -9999 -9999 159 159 158 159 159 159 158 159 161 -9999 -9999 -9999 -9999 -9999 -9999 -9999 -9999 163 161 160 160 159 157 156 154 153 155 155 157 158 159 158 158 159 158 158 159 160 161 162 162 162 161 161 160 159 157 158 159 160 160 160 160 160 160 160 160 160 161 160 160 160 159 156 154 154 155 155 156 157 156 156
-9999 -9999 -9999 -9999 -9999 -9999 -9999 -9999 -9999 -9999 -9999 -9999 -9999 -9999 -9999 -9999 -9999 -9999 158 158 158 159 159 159 159 158 159 160 161 162 -9999 -9999 -9999 -9999 -9999 163 163 162 161 159 157 154 153 153 154 153 154 157 158 159 159 160 160 160 159 159 161 161 162 162 161 162 162 161 161 161 161 161 161 160 160 160 160 160 160 161 161 161 160 159 158 155 153 154 154 155 155 156 157 157 157
-9999 -9999 -9999 -9999 -9999 -9999 -9999 -9999 -9999 -9999 -9999 -9999 -9999 -9999 -9999 -9999 -9999 158 158 158 156 157 160 159 158 159 159 160 161 162 163 164 164 163 163 163 163 162 161 160 159 158 156 155 154 153 154 155 160 160 160 161 161 160 160 160 161 161 161 161 161 162 162 161 160 156 155 156 158 159 160 160 160 161 161 161 161 159 155 154 153 154 154 155 155 156 157 157 157 158 158
-9999 -9999 -9999 -9999 -9999 -9999 -9999 -9999 -9999 -9999 -9999 -9999 -9999 -9999 -9999 -9999 157 157 157 157 157 158 160 159 158 158 158 160 161 162 164 165 164 164 164 163 162 162 162 161 160 160 159 159 157 157 159 159 160 161 161 161 161 160 160 161 161 161 161 161 162 162 161 160 157 156 155 154 154 156 157 160 161 161 160 161 161 160 157 155 156 154 155 156 156 156 156 156 156 157 158
-9999 -9999 -9999 -9999 -9999 -9999 -9999 -9999 -9999 -9999 -9999 -9999 -9999 -9999 -9999 -9999 158 157 157 156 155 158 160 159 159 158 159 160 161 163 164 165 165 165 164 163 163 162 162 161 161 161 160 160 160 161 160 160 161 160 161 160 160 159 159 160 160 161 161 162 162 162 161 160 158 158 156 155 155 157 158 161 161 161 160 160 160 158 156 157 157 155 155 156 156 156 157 156 157 157 158
-9999 -9999 -9999 -9999 -9999 -9999 -9999 -9999 -9999 -9999 -9999 -9999 -9999 -9999 -9999 -9999 159 158 158 158 156 156 159 161 161 161 161 161 162 163 164 164 164 164 164 164 163 163 162 161 161 161 160 160 161 161 161 161 161 161 160 160 160 159 159 159 159 159 161 162 162 161 161 161 159 159 158 157 157 157 159 160 160 161 161 161 158 157 157 158 158 158 158 158 157 158 158 158 157 157 158
-9999 -9999 -9999 -9999 -9999 -9999 -9999 -9999 -9999 -9999 -9999 -9999 -9999 -9999 -9999 -9999 159 159 159 159 158 158 159 161 162 162 162 162 162 162 163 164 164 164 164 164 164 163 162 162 161 161 161 160 160 160 161 161 162 162 160 160 160 159 159 158 158 159 161 161 161 161 161 160 160 160 159 159 158 158 158 158 159 160 160 159 158 159 159 159 159 159 159 159 159 160 160 160 159 159 159
-9999 -9999 -9999 -9999 -9999 -9999 -9999 -9999 -9999 -9999 -9999 -9999 -9999 -9999 -9999 -9999 160 159 158 159 156 156 158 159 160 161 161 161 162 162 163 163 163 164 163 164 164 163 162 162 161 161 161 160 160 160 160 161 162 162 162 161 160 160 160 160 160 161 162 162 -9999 162 162 161 160 160 161 160 159 160 160 160 160 160 160 160 160 -9999 160 160 160 160 160 161 161 161 162 162 161 159 159
-9999 -9999 -9999 -9999 -9999 -9999 -9999 -9999 -9999 -9999 -9999 -9999 -9999 -9999 -9999 -9999 160 159 158 158 157 157 157 158 159 160 160 161 161 162 162 162 163 163 164 164 163 162 162 162 161 161 161 160 160 160 160 160 162 162 161 162 161 162 161 161 162 163 163 163 163 163 163 162 -9999 161 162 161 161 161 160 160 161 161 161 161 161 160 161 161 161 161 162 162 162 162 162 162 161 160 160
-9999 -9999 -9999 -9999 -9999 -9999 -9999 -9999 -9999 -9999 -9999 -9999 -9999 -9999 -9999 -9999 160 160 159 157 157 158 158 157 158 158 160 160 160 161 161 161 162 163 164 164 163 162 162 161 160 160 160 159 161 160 -9999 160 161 161 161 162 -9999 163 163 163 164 164 164 164 164 164 164 163 163 162 162 162 161 160 160 160 161 162 162 162 161 161 162 162 162 162 162 162 163 162 162 161 161 161 160
-9999 -9999 -9999 -9999 -9999 -9999 -9999 -9999 -9999 -9999 -9999 -9999 -9999 -9999 -9999 -9999 -9999 162 161 160 158 158 158 157 157 158 158 159 161 160 161 161 162 163 164 164 163 163 162 161 161 160 161 161 159 159 159 160 160 162 162 163 163 163 163 164 164 164 165 165 165 165 165 165 164 164 164 163 162 160 160 161 162 162 163 163 162 162 162 162 161 162 162 162 162 163 162 162 162 161 161
-9999 -9999 -9999 -9999 -9999 -9999 -9999 -9999 -9999 -9999 -9999 -9999 -9999 -9999 -9999 -9999 -9999 163 162 161 160 160 160 160 160 160 161 161 161 161 162 162 163 164 165 164 163 162 162 162 161 160 159 160 159 159 161 160 162 163 164 164 164 165 165 165 165 165 165 165 165 165 166 166 166 165 165 165 163 163 163 163 164 163 164 163 163 163 162 163 163 163 163 162 161 162 163 164 162 162 162
-9999 -9999 -9999 -9999 -9999 -9999 -9999 -9999 -9999 -9999 -9999 -9999 -9999 -9999 -9999 166 -9999 -9999 164 163 163 163 163 164 164 164 164 163 163 162 163 163 164 165 165 164 163 163 163 162 161 161 161 161 160 161 -9999 160 162 164 165 165 165 166 166 165 164 164 164 164 165 166 166 166 166 166 166 165 165 165 164 164 163 163 163 163 164 164 164 165 164 163 161 161 162 163 164 164 163 163 164
-9999 -9999 -9999 -9999 -9999 -9999 -9999 -9999 -9999 -9999 -9999 -9999 -9999 -9999 -9999 -9999 -9999 166 165 165 165 165 164 165 164 164 164 164 163 163 164 164 165 165 164 164 164 163 162 162 162 162 161 162 162 162 161 160 161 162 164 165 164 165 165 165 164 164 165 164 164 166 166 167 167 167 166 166 166 165 166 165 163 162 162 163 163 163 164 165 165 164 163 163 163 164 165 165 164 164 165
-9999 -9999 -9999 -9999 -9999 -9999 -9999 -9999 -9999 -9999 165 165 166 166 167 -9999 -9999 167 166 166 165 165 165 165 165 165 165 165 164 164 164 165 165 165 165 164 163 163 163 164 164 163 162 163 163 163 163 163 162 162 163 165 164 165 165 165 165 165 166 166 166 166 167 166 167 167 167 167 166 166 166 166 166 165 164 164 164 165 165 166 165 165 164 164 165 166 166 166 165 165 166
-9999 -9999 -9999 -9999 -9999 -9999 -9999 -9999 -9999 -9999 168 167 167 166 167 167 167 167 167 166 166 165 165 165 164 165 165 165 165 165 165 165 165 165 164 163 161 162 162 164 164 164 164 164 161 163 164 165 164 164 165 165 165 166 166 167 166 166 166 167 167 167 167 165 166 168 167 165 165 165 164 165 166 166 165 165 166 166 166 165 166 165 165 167 167 168 166 166 165 164 165
157 -9999 -9999 -9999 -9999 -9999 -9999 -9999 -9999 -9999 -9999 169 169 168 168 168 168 168 167 167 167 167 166 166 165 164 162 163 164 164 164 164 163 164 164 163 160 160 161 163 165 165 162 162 162 162 164 165 165 166 166 166 166 167 167 167 167 165 166 168 169 167 167 167 167 167 166 165 164 164 164 164 166 166 165 165 166 166 166 166 166 166 166 166 167 167 166 165 165 165 167
148 151 -9999 -9999 -9999 -9999 -9999 -9999 173 171 168 167 166 168 168 169 169 168 168 167 167 165 166 164 162 160 -9999 157 160 162 163 163 164 164 162 160 160 161 162 164 165 165 163 162 162 162 163 163 165 167 167 167 167 167 167 167 167 165 167 169 169 168 167 168 168 167 166 165 165 165 165 166 166 166 165 165 165 165 165 166 167 167 167 167 167 167 167 166 167 166 166
147 151 158 162 166 169 169 167 172 172 171 170 169 170 170 171 170 169 168 167 166 166 165 161 160 159 157 158 158 161 161 161 163 163 162 162 161 161 162 163 164 165 164 163 163 163 163 164 163 165 166 166 166 167 166 165 167 168 169 170 169 170 169 169 168 167 167 166 166 166 166 167 166 167 167 167 167 167 167 168 168 168 169 169 169 168 168 167 168 167 167
151 154 159 163 167 170 173 172 172 172 174 174 174 173 171 170 170 168 167 168 169 168 166 165 162 162 161 160 161 162 162 163 163 163 164 163 162 162 162 163 165 165 165 166 167 166 167 167 167 165 165 165 164 165 166 167 168 170 170 170 171 170 170 170 169 168 168 168 168 167 167 167 168 167 168 168 169 167 168 168 169 169 169 169 169 169 169 169 168 168 169
156 158 161 164 166 168 170 170 170 171 173 175 176 174 172 170 169 169 169 172 172 170 169 168 166 164 163 163 163 163 163 164 165 165 164 164 163 164 164 165 166 166 167 168 168 168 169 169 169 168 167 164 164 165 168 170 169 -9999 170 171 171 171 171 171 170 169 169 168 169 168 168 168 169 169 169 169 170 169 169 170 170 170 170 170 170 169 169 169 169 167 168
160 161 163 166 165 167 168 170 172 173 174 176 178 176 174 172 171 172 174 176 -9999 173 171 168 168 167 166 165 164 164 164 163 164 165 166 166 165 164 165 166 167 167 168 168 167 167 170 170 169 168 168 166 166 168 169 170 172 172 172 172 171 171 171 172 171 171 170 170 170 169 169 170 170 170 170 170 171 170 171 171 172 171 171 170 170 170 170 169 170 170 169
163 164 168 166 167 169 170 171 172 169 172 172 174 174 174 174 173 174 175 176 -9999 174 171 170 169 169 167 166 165 162 163 163 164 165 167 168 167 166 165 166 168 168 169 168 163 165 168 170 171 170 170 170 170 171 171 172 172 173 173 173 173 172 172 173 172 172 171 171 171 171 171 171 171 171 171 172 172 172 172 172 172 172 171 171 171 172 172 172 171 170 170
168 168 169 168 169 171 171 171 171 169 169 170 171 172 174 175 175 176 177 178 177 175 172 170 171 170 167 165 165 163 164 164 164 167 168 168 169 169 169 169 169 168 166 167 166 166 168 170 170 170 171 170 172 172 172 172 173 174 174 174 173 173 173 173 173 173 172 171 171 172 172 173 172 172 172 173 173 173 173 172 172 173 173 173 173 173 173 173 173 172 172
169 168 169 170 171 172 172 173 171 171 170 169 169 171 172 175 177 177 178 178 177 176 173 171 171 171 169 167 165 165 165 165 166 168 166 167 167 167 169 169 170 170 167 168 168 168 169 170 170 171 171 171 171 171 172 173 173 173 174 174 174 174 174 173 174 173 173 173 173 173 173 173 173 173 173 174 173 173 173 174 174 175 174 174 174 175 174 173 173 173 172
173 171 172 173 173 173 173 173 173 172 171 170 169 171 172 175 177 178 178 179 178 176 174 174 171 170 169 169 167 166 166 167 167 168 168 168 168 167 167 169 168 169 170 168 169 169 170 171 170 171 171 171 172 173 174 175 174 174 175 175 174 174 174 174 174 174 174 174 174 175 175 174 174 174 174 175 174 175 175 176 175 175 175 175 175 175 174 174 173 174 174
173 174 175 176 175 175 175 175 175 174 173 172 171 173 174 176 177 178 179 178 177 176 174 173 171 170 170 169 168 168 169 169 169 169 169 168 168 169 169 170 170 170 170 171 171 172 171 171 172 172 173 173 174 174 174 175 175 175 175 175 175 175 176 175 175 175 175 175 175 175 175 176 175 175 175 176 175 176 177 177 176 177 177 176 176 175 175 174 174 176 176
176 176 177 179 178 178 177 178 176 175 174 174 174 175 175 176 178 178 178 177 176 176 175 174 173 172 171 171 169 169 169 169 169 170 170 170 170 171 170 170 170 171 172 172 173 173 173 173 173 173 174 175 175 176 176 176 176 176 177 177 176 176 177 176 176 176 176 176 176 176 177 176 176 176 176 177 177 177 177 177 178 178 177 177 176 176 175 175 176 177 177
178 179 180 181 181 181 181 180 179 176 175 175 175 176 176 177 178 178 178 178 177 176 174 174 174 173 171 171 171 170 170 171 171 171 171 171 172 172 172 172 172 173 173 173 173 174 174 174 174 174 175 176 176 176 176 177 177 177 177 177 177 177 177 177 177 176 177 177 177 177 177 177 177 177 178 178 178 178 178 179 178 178 177 177 177 177 177 177 178 179 177
180 181 182 182 181 181 181 181 181 180 178 177 176 177 178 179 179 178 177 176 175 175 173 172 173 174 173 173 172 172 172 173 173 173 173 173 173 173 173 173 174 174 174 174 174 175 175 175 175 175 176 176 177 177 177 177 178 -9999 177 177 178 178 178 178 178 178 177 177 178 177 177 178 179 178 179 179 179 179 179 179 178 178 177 178 178 178 178 178 178 179 180
182 183 184 183 182 182 182 182 181 179 179 178 177 177 177 176 177 176 175 174 172 173 173 173 173 173 174 174 175 175 175 175 175 175 175 175 175 175 174 175 174 174 174 174 174 175 176 176 177 177 177 177 177 178 178 178 178 178 178 178 179 179 179 179 179 179 179 178 178 179 179 179 179 180 180 180 180 179 179 180 180 180 180 179 180 180 180 180 179 180 182
181 184 185 185 183 183 183 182 181 180 179 177 176 175 174 174 175 176 175 174 173 173 173 173 173 174 175 176 177 176 176 176 177 176 176 176 176 175 175 175 175 175 175 175 175 176 177 177 177 178 178 178 178 179 179 179 179 179 179 179 180 180 179 179 179 179 180 179 180 180 180 180 180 181 181 181 181 181 180 180 181 182 182 182 181 181 181 180 180 182 182
