resultados/variables_proyeccion_tiempo/variables_presente/bio18.asc
ncols 330
nrows 228
xllcorner -12.000000
yllcorner 34.000000
cellsize 0.166667
NODATA_value -9999
[rows 160 to 199 of 228, columns 182 to 272 of 330]
223 219 214 211 209 206 203 199 196 192 189 190 190 191 194 194 197 199 204 216 231 251 308 270 303 385 361 345 313 308 283 308 310 317 304 267 261 265 270 273 279 311 316 302 293 270 251 239 230 215 203 195 183 177 170 164 159 153 149 151 146 139 134 129 122 115 107 99 -9999 -9999 -9999 -9999 -9999 -9999 -9999 -9999 -9999 -9999 -9999 -9999 -9999 -9999 -9999 -9999 -9999 -9999 -9999 -9999 -9999 116 117
229 226 223 219 215 212 209 209 208 203 195 193 191 194 198 200 199 201 210 210 246 282 325 265 302 321 271 253 230 221 222 226 234 239 233 229 232 244 248 247 257 257 253 250 246 233 224 220 218 208 192 186 180 174 168 162 156 150 145 145 146 139 132 125 117 109 102 95 -9999 -9999 -9999 -9999 -9999 -9999 -9999 -9999 -9999 -9999 -9999 -9999 -9999 -9999 -9999 -9999 -9999 -9999 -9999 -9999 -9999 -9999 -9999
240 236 232 228 222 217 212 207 202 198 195 193 193 196 198 203 206 204 205 215 243 259 249 273 259 263 239 218 211 208 214 215 220 222 220 214 229 237 233 231 237 236 231 226 224 217 210 205 199 194 189 184 178 172 166 160 153 147 142 143 146 134 126 -9999 112 106 100 -9999 -9999 -9999 -9999 -9999 -9999 -9999 -9999 -9999 -9999 -9999 -9999 -9999 -9999 -9999 -9999 -9999 -9999 -9999 -9999 -9999 -9999 -9999 -9999
257 262 255 243 233 223 217 212 207 202 197 195 198 203 199 199 200 202 210 212 240 239 263 264 222 227 217 209 207 204 202 205 211 208 211 206 217 220 222 221 219 219 218 216 213 209 205 200 195 190 186 181 176 170 164 157 150 144 140 140 141 130 120 -9999 -9999 -9999 -9999 -9999 -9999 -9999 -9999 -9999 -9999 -9999 -9999 -9999 -9999 -9999 -9999 -9999 -9999 -9999 -9999 -9999 -9999 -9999 -9999 -9999 -9999 -9999 -9999
257 267 274 267 251 230 232 225 215 209 203 201 207 210 209 205 201 203 209 212 227 228 235 226 220 194 196 208 203 199 193 195 198 199 201 197 205 208 209 211 211 210 209 208 206 204 201 197 193 188 184 179 173 168 161 155 149 141 138 136 129 124 115 -9999 -9999 -9999 -9999 -9999 -9999 -9999 -9999 -9999 -9999 -9999 -9999 -9999 -9999 -9999 -9999 -9999 -9999 -9999 -9999 -9999 -9999 -9999 -9999 -9999 -9999 -9999 -9999
262 264 266 264 250 256 241 232 229 218 210 207 211 213 210 208 203 205 208 225 225 232 219 216 198 187 187 193 198 197 191 185 185 190 190 190 195 199 200 202 203 203 203 202 200 198 196 192 189 185 181 176 171 166 160 154 148 139 133 130 125 117 -9999 -9999 -9999 -9999 -9999 -9999 -9999 -9999 -9999 -9999 -9999 -9999 -9999 -9999 -9999 -9999 -9999 -9999 -9999 -9999 -9999 -9999 -9999 -9999 -9999 -9999 -9999 -9999 -9999
270 278 275 268 255 252 252 258 244 229 222 217 225 225 215 212 204 204 211 224 227 238 222 219 196 179 180 180 184 186 184 182 179 181 184 184 185 191 193 194 196 196 197 196 195 193 190 187 184 181 178 172 168 163 157 151 144 138 133 126 120 113 -9999 -9999 -9999 -9999 -9999 -9999 -9999 -9999 -9999 -9999 -9999 -9999 -9999 -9999 -9999 -9999 -9999 -9999 -9999 -9999 -9999 -9999 -9999 -9999 -9999 -9999 -9999 -9999 -9999
273 267 277 285 276 266 257 257 267 254 253 244 233 242 227 214 212 203 205 227 254 237 211 201 189 182 176 171 171 172 173 173 176 175 180 181 181 183 188 189 189 190 190 191 190 189 187 183 180 178 175 173 168 164 157 152 147 141 134 127 120 113 -9999 -9999 -9999 -9999 -9999 -9999 -9999 -9999 -9999 -9999 -9999 -9999 -9999 -9999 -9999 -9999 -9999 -9999 -9999 -9999 -9999 -9999 -9999 -9999 -9999 -9999 -9999 -9999 -9999
256 273 272 273 276 269 271 257 259 245 243 235 227 232 225 228 217 202 194 213 233 207 190 183 187 182 174 165 164 164 166 168 171 172 176 178 177 177 182 184 184 185 184 186 185 182 181 180 180 180 178 175 171 167 160 154 148 142 134 126 120 114 -9999 -9999 -9999 -9999 -9999 -9999 -9999 -9999 -9999 -9999 -9999 -9999 -9999 -9999 -9999 -9999 -9999 -9999 -9999 -9999 -9999 -9999 -9999 -9999 -9999 -9999 -9999 -9999 -9999
250 271 261 257 259 256 259 267 263 252 238 238 237 222 222 227 213 202 188 197 203 204 199 184 193 180 176 169 165 170 171 174 171 173 172 -9999 173 173 175 179 178 179 180 178 177 181 184 185 185 186 182 178 174 166 160 153 147 142 135 127 120 -9999 -9999 -9999 -9999 -9999 -9999 -9999 -9999 -9999 -9999 -9999 -9999 -9999 -9999 -9999 -9999 -9999 -9999 -9999 -9999 -9999 -9999 -9999 -9999 -9999 -9999 -9999 -9999 -9999 -9999
264 253 244 248 261 258 250 257 267 265 255 247 257 240 237 220 200 190 185 179 183 199 194 176 197 194 181 176 173 173 174 176 175 178 179 176 177 176 178 180 178 178 177 176 183 184 184 186 185 185 185 182 175 167 158 151 146 141 135 127 121 -9999 -9999 -9999 -9999 -9999 -9999 -9999 -9999 -9999 -9999 -9999 -9999 -9999 -9999 -9999 -9999 -9999 -9999 -9999 -9999 -9999 -9999 -9999 -9999 -9999 -9999 -9999 -9999 -9999 -9999
256 262 242 249 256 255 262 253 261 264 261 260 255 229 240 231 201 194 203 185 167 174 177 183 183 211 213 192 180 177 181 185 184 181 177 175 175 177 183 175 173 176 175 174 178 183 186 180 181 181 182 178 168 164 156 149 146 139 131 127 121 -9999 -9999 -9999 -9999 -9999 -9999 -9999 -9999 -9999 -9999 -9999 -9999 -9999 -9999 -9999 -9999 -9999 -9999 -9999 -9999 -9999 -9999 -9999 -9999 -9999 -9999 -9999 -9999 -9999 -9999
241 248 268 256 268 258 253 257 251 261 253 252 242 219 230 228 207 188 176 172 158 159 167 172 173 179 206 204 196 188 196 198 195 190 179 180 180 185 180 179 180 174 172 169 172 173 178 178 179 170 165 165 157 152 145 139 136 133 -9999 -9999 -9999 -9999 -9999 -9999 -9999 -9999 -9999 -9999 -9999 -9999 -9999 -9999 -9999 -9999 -9999 -9999 -9999 -9999 -9999 -9999 -9999 -9999 -9999 -9999 -9999 -9999 -9999 -9999 -9999 -9999 -9999
226 230 247 250 267 262 257 250 237 248 249 241 225 222 210 217 210 183 180 171 153 149 158 170 165 166 176 188 205 211 206 206 193 189 189 183 185 191 185 190 181 184 178 171 166 165 177 182 180 169 163 158 150 142 135 129 128 125 -9999 -9999 -9999 -9999 -9999 -9999 -9999 -9999 -9999 -9999 -9999 -9999 -9999 -9999 -9999 -9999 -9999 -9999 -9999 -9999 -9999 -9999 -9999 -9999 -9999 -9999 -9999 -9999 -9999 -9999 -9999 -9999 -9999
194 224 231 230 244 257 258 245 244 230 243 232 230 221 200 194 192 176 176 160 148 143 145 158 162 167 168 173 181 190 197 205 191 196 196 203 207 200 190 189 182 184 185 180 181 177 180 180 181 174 163 154 148 142 140 136 125 -9999 -9999 -9999 -9999 -9999 -9999 -9999 -9999 -9999 -9999 -9999 -9999 -9999 -9999 -9999 -9999 -9999 -9999 -9999 -9999 -9999 -9999 -9999 -9999 -9999 -9999 -9999 -9999 -9999 -9999 -9999 -9999 -9999 -9999
177 198 210 -9999 226 247 222 242 238 234 243 235 202 189 186 179 170 170 166 157 152 151 142 154 159 155 161 166 172 175 180 189 195 203 207 215 222 208 225 232 225 203 204 197 189 192 183 180 171 157 145 138 137 133 132 126 126 -9999 -9999 -9999 -9999 -9999 -9999 -9999 -9999 -9999 -9999 -9999 -9999 -9999 -9999 -9999 -9999 -9999 -9999 -9999 -9999 -9999 -9999 -9999 -9999 -9999 -9999 -9999 -9999 -9999 -9999 -9999 -9999 -9999 -9999
175 207 194 204 194 213 216 240 237 230 248 212 180 174 174 171 160 161 158 146 145 139 136 151 149 145 150 156 165 184 177 179 183 186 188 199 203 190 173 180 184 173 168 169 163 153 147 140 136 132 129 128 125 119 119 117 -9999 -9999 -9999 -9999 -9999 -9999 -9999 -9999 -9999 -9999 -9999 -9999 -9999 -9999 -9999 -9999 -9999 -9999 -9999 -9999 -9999 -9999 -9999 -9999 -9999 -9999 -9999 -9999 -9999 -9999 -9999 -9999 -9999 -9999 -9999
-9999 -9999 172 195 184 187 200 217 232 230 208 188 169 165 163 167 155 149 142 139 131 130 134 141 138 137 143 148 153 167 173 174 173 174 168 167 164 159 157 161 166 166 160 152 141 135 135 133 128 126 127 121 115 112 112 113 -9999 -9999 -9999 -9999 -9999 -9999 -9999 -9999 -9999 -9999 -9999 -9999 -9999 -9999 -9999 -9999 -9999 -9999 -9999 -9999 -9999 -9999 -9999 -9999 -9999 -9999 -9999 -9999 -9999 -9999 -9999 -9999 -9999 -9999 -9999
-9999 -9999 -9999 175 173 -9999 181 199 197 194 183 173 172 162 155 177 172 145 149 137 126 126 129 129 132 142 133 138 143 170 179 184 182 166 152 146 147 146 146 145 143 143 142 135 131 127 127 127 123 119 120 118 116 115 115 112 106 -9999 -9999 -9999 -9999 -9999 -9999 -9999 -9999 -9999 -9999 -9999 -9999 -9999 -9999 -9999 -9999 -9999 -9999 -9999 -9999 -9999 -9999 -9999 -9999 -9999 -9999 -9999 -9999 -9999 -9999 -9999 -9999 -9999 -9999
-9999 -9999 -9999 -9999 -9999 172 -9999 171 182 181 184 171 164 175 190 185 149 136 130 127 119 120 122 129 140 137 134 136 133 160 182 182 180 175 165 155 145 147 145 137 135 132 129 125 123 121 126 127 118 115 117 118 120 120 114 110 107 103 -9999 -9999 -9999 -9999 -9999 -9999 -9999 -9999 -9999 -9999 -9999 -9999 -9999 -9999 -9999 -9999 -9999 -9999 -9999 -9999 -9999 -9999 -9999 -9999 -9999 -9999 -9999 -9999 -9999 -9999 -9999 -9999 -9999
-9999 -9999 -9999 -9999 -9999 150 151 155 164 172 175 178 175 192 202 148 145 136 126 116 117 117 118 117 119 122 129 132 128 146 155 150 168 170 177 181 167 184 170 158 143 138 127 121 119 115 115 121 117 111 114 113 112 119 117 111 108 100 -9999 -9999 -9999 -9999 -9999 -9999 -9999 -9999 -9999 -9999 -9999 -9999 -9999 -9999 -9999 -9999 -9999 -9999 -9999 -9999 -9999 -9999 -9999 -9999 -9999 -9999 -9999 -9999 -9999 -9999 161 161 163
-9999 -9999 -9999 -9999 -9999 -9999 -9999 -9999 153 153 171 175 162 187 174 145 152 143 160 127 112 111 112 115 125 130 128 135 132 135 169 153 152 165 170 171 162 178 176 172 150 135 125 118 114 113 107 102 102 99 101 101 99 100 103 110 109 99 -9999 -9999 -9999 -9999 -9999 -9999 -9999 -9999 -9999 -9999 -9999 -9999 -9999 -9999 -9999 -9999 -9999 -9999 -9999 -9999 -9999 -9999 -9999 -9999 -9999 -9999 -9999 166 163 159 157 158 157
-9999 -9999 -9999 -9999 -9999 -9999 -9999 130 147 159 152 171 150 164 172 147 146 131 137 120 114 107 108 113 113 113 122 131 125 112 135 147 130 137 148 160 165 171 156 148 138 126 115 113 112 112 105 96 93 92 95 94 94 93 92 94 95 93 93 -9999 -9999 -9999 -9999 -9999 -9999 -9999 -9999 -9999 -9999 -9999 -9999 -9999 -9999 -9999 -9999 -9999 -9999 -9999 -9999 -9999 -9999 -9999 187 180 168 152 151 151 150 151 150
-9999 -9999 -9999 -9999 -9999 -9999 -9999 121 133 151 163 167 154 155 157 142 138 132 119 124 119 110 108 106 108 108 107 115 114 105 106 133 126 125 123 135 130 140 149 136 123 114 109 107 108 104 96 90 88 88 90 89 90 89 86 85 84 86 91 92 90 -9999 -9999 -9999 -9999 -9999 -9999 -9999 -9999 -9999 -9999 -9999 -9999 -9999 -9999 -9999 -9999 -9999 -9999 -9999 177 160 173 158 142 146 140 142 141 143 140
-9999 -9999 -9999 -9999 -9999 -9999 -9999 115 130 139 149 143 158 152 137 142 137 125 115 121 118 117 119 122 101 97 -9999 104 103 99 102 123 125 114 124 115 112 112 119 112 106 111 106 102 105 107 91 84 82 82 84 86 86 84 82 79 78 80 83 87 89 90 95 101 106 -9999 -9999 -9999 -9999 -9999 -9999 -9999 -9999 -9999 -9999 -9999 -9999 -9999 187 174 142 135 138 128 129 135 122 125 124 125 126
-9999 -9999 -9999 -9999 -9999 -9999 -9999 103 119 127 127 145 143 137 -9999 140 133 126 112 118 119 128 117 116 103 91 91 96 103 92 87 92 103 97 88 91 108 106 94 85 83 80 77 76 83 97 85 75 74 76 81 83 80 80 80 76 73 74 77 -9999 85 85 88 92 97 99 101 107 115 125 136 147 156 163 167 -9999 172 172 160 137 118 117 113 119 138 116 115 117 118 123 126
-9999 -9999 -9999 -9999 -9999 -9999 -9999 95 104 113 124 131 146 136 131 134 -9999 144 111 113 136 114 93 105 97 86 86 88 98 100 90 83 81 88 102 86 -9999 -9999 77 -9999 -9999 -9999 -9999 74 76 70 68 66 68 71 75 75 75 77 75 -9999 -9999 -9999 -9999 -9999 -9999 -9999 -9999 -9999 -9999 89 94 104 112 120 129 140 151 155 149 155 153 147 130 122 118 107 107 125 129 113 121 121 117 113 113
-9999 -9999 -9999 -9999 -9999 -9999 80 87 97 107 126 126 141 135 124 129 125 134 119 112 109 110 91 83 82 82 82 84 83 88 89 91 -9999 -9999 83 -9999 -9999 82 -9999 -9999 -9999 -9999 -9999 -9999 -9999 -9999 59 62 62 65 68 71 70 78 -9999 -9999 -9999 -9999 -9999 -9999 -9999 -9999 -9999 -9999 -9999 -9999 -9999 -9999 -9999 -9999 116 127 139 143 141 134 138 129 116 112 106 112 110 115 120 124 117 110 109 106 102
-9999 -9999 -9999 -9999 -9999 -9999 -9999 81 98 113 115 130 141 136 125 125 123 117 123 108 107 129 103 81 80 78 78 -9999 86 85 80 82 85 -9999 -9999 -9999 -9999 -9999 -9999 -9999 -9999 -9999 -9999 -9999 -9999 -9999 -9999 -9999 -9999 -9999 -9999 61 -9999 -9999 -9999 -9999 -9999 -9999 -9999 -9999 -9999 -9999 -9999 90 91 85 86 89 100 108 112 111 115 120 119 119 115 114 111 112 121 122 113 112 111 104 109 111 98 97 92
-9999 -9999 -9999 -9999 -9999 -9999 -9999 84 95 99 113 114 123 125 138 131 118 109 113 118 107 111 111 96 85 78 -9999 78 78 82 85 84 77 -9999 -9999 -9999 -9999 -9999 -9999 -9999 -9999 -9999 -9999 74 -9999 -9999 -9999 -9999 53 54 -9999 -9999 55 56 -9999 -9999 -9999 -9999 -9999 -9999 -9999 -9999 -9999 -9999 -9999 87 80 -9999 83 89 90 96 100 102 104 106 104 102 100 96 96 103 109 96 88 92 91 96 91 77 79
64 -9999 -9999 -9999 -9999 -9999 -9999 102 100 116 105 110 110 119 129 125 122 110 104 112 105 93 105 106 78 -9999 -9999 -9999 -9999 -9999 -9999 -9999 -9999 -9999 -9999 69 -9999 -9999 -9999 -9999 -9999 -9999 -9999 -9999 -9999 -9999 -9999 -9999 48 51 57 60 53 53 57 57 59 59 60 64 67 70 75 80 81 82 79 72 75 80 79 85 88 89 91 92 95 93 88 84 84 85 76 78 78 80 74 75 71 73 68
85 -9999 -9999 -9999 -9999 -9999 -9999 -9999 -9999 100 99 104 118 105 110 127 126 112 101 100 100 100 102 109 115 -9999 -9999 -9999 -9999 -9999 64 -9999 -9999 65 -9999 -9999 -9999 -9999 -9999 -9999 -9999 -9999 -9999 -9999 -9999 -9999 -9999 44 47 53 59 53 53 58 65 57 57 55 56 57 61 69 78 84 104 127 81 71 82 81 73 75 77 81 82 83 84 84 79 74 69 66 65 65 71 65 69 64 65 74 63
-9999 -9999 -9999 -9999 -9999 -9999 -9999 -9999 -9999 -9999 71 91 95 97 120 121 125 116 104 96 99 100 84 88 92 81 -9999 -9999 -9999 -9999 -9999 -9999 -9999 -9999 -9999 -9999 -9999 -9999 -9999 -9999 46 -9999 -9999 -9999 -9999 -9999 -9999 39 48 50 51 51 57 56 54 57 55 58 57 62 67 66 76 77 84 93 106 89 91 81 75 76 76 77 79 78 82 85 82 76 70 67 63 63 62 60 58 58 63 59 56
-9999 -9999 -9999 -9999 -9999 -9999 -9999 -9999 54 -9999 57 81 85 84 99 104 114 119 103 88 91 97 77 73 65 75 82 -9999 -9999 -9999 -9999 -9999 -9999 -9999 -9999 -9999 -9999 -9999 -9999 -9999 -9999 -9999 -9999 -9999 -9999 -9999 -9999 39 39 47 54 68 57 52 55 52 53 52 50 55 69 71 70 76 75 77 77 77 92 86 75 70 63 63 67 69 71 72 72 70 67 62 62 61 56 58 54 58 56 55 52
-9999 -9999 -9999 -9999 -9999 -9999 -9999 -9999 -9999 -9999 -9999 56 69 81 94 93 107 116 115 90 74 74 72 67 63 61 68 72 -9999 -9999 -9999 -9999 -9999 -9999 -9999 -9999 -9999 -9999 -9999 -9999 -9999 -9999 -9999 -9999 -9999 -9999 -9999 37 38 42 50 -9999 38 49 47 48 47 43 43 52 60 63 61 64 66 73 74 78 79 79 73 69 67 69 66 68 70 73 74 70 65 61 60 58 54 54 48 48 49 50 47
-9999 -9999 -9999 -9999 -9999 -9999 -9999 -9999 -9999 -9999 42 52 61 78 85 91 93 103 105 93 78 69 67 66 67 70 62 65 78 -9999 -9999 -9999 -9999 -9999 -9999 -9999 -9999 -9999 -9999 -9999 -9999 -9999 -9999 -9999 -9999 -9999 -9999 -9999 -9999 -9999 -9999 31 45 53 46 45 48 45 43 50 60 74 68 70 79 69 78 75 83 79 69 78 79 70 69 67 68 69 70 71 66 60 58 54 52 51 45 45 44 42 44
-9999 -9999 -9999 -9999 -9999 -9999 -9999 -9999 -9999 -9999 -9999 -9999 -9999 56 65 67 70 87 91 107 95 77 70 67 74 69 61 -9999 -9999 55 -9999 -9999 -9999 -9999 -9999 -9999 -9999 -9999 -9999 -9999 -9999 -9999 -9999 -9999 -9999 26 28 25 23 -9999 22 33 42 38 37 38 46 46 44 46 58 61 77 68 76 67 80 71 72 71 72 72 75 71 74 70 69 68 68 66 65 60 55 51 47 45 41 41 39 40 39
-9999 -9999 -9999 -9999 -9999 -9999 -9999 -9999 -9999 -9999 -9999 -9999 -9999 -9999 48 49 59 81 82 91 93 93 82 78 78 85 74 57 -9999 -9999 -9999 -9999 -9999 -9999 -9999 -9999 -9999 -9999 -9999 -9999 -9999 -9999 -9999 -9999 -9999 -9999 -9999 22 23 -9999 -9999 22 28 30 34 44 36 38 51 58 57 60 65 67 67 75 69 72 76 72 67 69 70 75 80 74 70 68 67 65 62 58 54 48 42 38 34 33 34 34 34
-9999 -9999 -9999 -9999 -9999 -9999 -9999 -9999 -9999 -9999 -9999 -9999 -9999 -9999 -9999 49 -9999 63 69 74 90 87 75 73 70 -9999 67 -9999 50 53 46 -9999 -9999 -9999 -9999 -9999 -9999 -9999 -9999 -9999 -9999 -9999 -9999 -9999 -9999 -9999 -9999 -9999 -9999 -9999 -9999 -9999 23 34 40 34 30 37 44 44 48 48 52 59 61 57 62 73 84 73 70 71 69 70 74 74 75 77 71 68 64 57 52 47 41 36 26 23 23 26 -9999
-9999 -9999 -9999 -9999 -9999 -9999 -9999 -9999 -9999 -9999 -9999 -9999 -9999 -9999 -9999 59 58 55 58 82 87 89 91 93 72 66 60 53 -9999 -9999 42 42 -9999 -9999 -9999 -9999 -9999 -9999 -9999 -9999 -9999 -9999 -9999 -9999 -9999 -9999 -9999 -9999 -9999 -9999 -9999 15 23 28 29 29 29 32 36 39 35 40 44 48 52 52 63 66 63 72 76 71 72 68 67 71 70 74 72 69 64 57 52 46 39 30 23 15 15 -9999 -9999
