resultados/variables_proyeccion_tiempo/variables_presente/bio10.asc
ncols 330
nrows 228
xllcorner -12.000000
yllcorner 34.000000
cellsize 0.166667
NODATA_value -9999
[rows 40 to 79 of 228, columns 182 to 272 of 330]
124 125 126 125 126 127 125 126 127 128 128 129 129 129 130 132 134 138 140 -9999 -9999 -9999 -9999 -9999 -9999 -9999 -9999 -9999 -9999 -9999 -9999 -9999 -9999 -9999 -9999 -9999 -9999 -9999 -9999 -9999 -9999 -9999 140 139 138 138 136 135 135 136 136 135 135 135 134 133 132 133 132 130 129 128 128 129 129 130 131 131 130 129 131 133 133 133 132 132 132 130 130 130 129 128 128 128 127 127 127 127 126 125 125
126 125 125 127 127 130 131 131 131 130 129 130 131 130 133 136 138 139 140 -9999 -9999 -9999 -9999 -9999 -9999 -9999 -9999 -9999 -9999 -9999 -9999 -9999 -9999 -9999 -9999 -9999 -9999 -9999 -9999 -9999 -9999 -9999 141 140 139 139 138 137 137 137 136 135 135 135 133 132 132 130 134 133 131 130 130 130 -9999 131 131 130 130 130 132 134 135 135 -9999 134 134 134 133 -9999 131 130 130 130 129 129 128 128 128 126 126
129 130 130 130 130 128 -9999 130 131 133 133 132 133 136 136 139 141 -9999 -9999 -9999 -9999 -9999 -9999 -9999 -9999 -9999 -9999 -9999 -9999 -9999 -9999 -9999 -9999 -9999 -9999 -9999 -9999 -9999 -9999 -9999 144 -9999 144 142 141 140 139 139 138 137 137 136 136 135 134 134 132 129 131 133 131 132 133 133 133 133 132 132 133 133 134 135 136 136 136 133 134 133 132 132 133 132 131 131 131 130 129 129 127 126 127
130 130 131 132 132 132 130 129 131 132 132 133 135 138 139 140 142 -9999 -9999 -9999 -9999 -9999 -9999 -9999 -9999 -9999 -9999 -9999 -9999 -9999 -9999 -9999 -9999 -9999 -9999 -9999 -9999 143 142 142 142 142 143 143 142 141 140 139 138 138 137 136 135 134 134 133 133 131 130 133 134 135 135 134 135 135 134 135 134 133 132 133 134 134 133 134 134 133 133 133 133 133 133 132 132 131 129 129 128 128 128
128 131 132 132 132 133 132 131 131 132 132 132 134 138 139 141 141 142 -9999 -9999 -9999 -9999 -9999 -9999 -9999 -9999 -9999 -9999 -9999 -9999 -9999 -9999 -9999 -9999 -9999 -9999 142 141 139 140 141 142 142 142 141 140 139 138 138 137 137 137 136 136 135 134 134 134 134 134 136 135 135 135 136 135 134 135 135 134 134 134 133 134 135 134 134 133 134 133 133 133 133 133 132 130 129 129 129 128 128
126 129 129 131 134 134 134 133 132 132 132 132 136 136 137 140 141 142 143 -9999 -9999 -9999 -9999 -9999 -9999 -9999 -9999 -9999 -9999 -9999 -9999 -9999 -9999 -9999 -9999 142 141 140 138 139 140 140 141 141 141 140 139 138 139 138 138 -9999 138 137 137 136 137 137 136 135 137 136 135 135 137 136 136 137 137 137 136 136 135 135 137 136 137 136 136 135 -9999 134 133 132 131 130 130 130 130 129 129
124 127 130 133 132 133 135 134 134 132 132 133 135 137 139 142 143 -9999 -9999 -9999 -9999 -9999 -9999 -9999 -9999 -9999 -9999 -9999 -9999 -9999 -9999 -9999 -9999 141 141 141 141 141 140 140 140 138 139 139 140 140 140 139 139 138 137 138 139 -9999 -9999 138 137 138 138 136 137 138 137 138 139 137 138 139 139 138 137 136 135 135 135 135 135 135 135 134 134 133 133 131 131 131 131 130 130 130 129
130 128 129 132 134 135 134 136 136 137 137 137 140 140 142 144 -9999 -9999 -9999 -9999 -9999 -9999 -9999 -9999 -9999 -9999 -9999 -9999 -9999 -9999 -9999 -9999 141 140 140 140 140 140 140 140 139 139 140 140 140 140 139 139 138 137 137 137 137 138 137 137 136 135 138 138 140 140 140 139 139 140 140 139 139 140 138 137 137 136 138 138 137 135 133 134 134 133 134 133 132 132 -9999 131 131 131 131
133 130 132 134 134 137 137 138 139 139 140 142 143 143 144 -9999 -9999 -9999 -9999 -9999 -9999 -9999 -9999 -9999 -9999 -9999 -9999 -9999 -9999 -9999 141 140 139 139 138 139 139 139 140 140 141 140 139 139 140 140 140 140 139 138 138 138 137 138 139 139 139 139 137 136 139 140 139 139 139 138 138 138 138 139 138 138 138 138 140 140 138 135 133 135 134 134 134 134 133 132 132 132 133 133 133
134 133 135 137 137 137 139 141 140 143 144 145 -9999 -9999 -9999 -9999 -9999 -9999 -9999 -9999 -9999 -9999 -9999 -9999 -9999 -9999 -9999 -9999 141 141 140 140 139 138 137 138 138 138 138 138 139 140 140 139 139 139 139 140 141 141 140 141 141 140 141 140 141 141 140 138 138 142 142 142 141 142 140 139 140 142 140 139 139 140 139 141 -9999 137 134 134 135 134 133 133 133 134 134 133 133 133 -9999
134 138 136 136 139 140 144 144 145 -9999 -9999 -9999 -9999 -9999 -9999 -9999 -9999 -9999 -9999 -9999 -9999 -9999 -9999 -9999 -9999 141 141 141 140 140 140 140 139 137 136 136 137 136 137 138 138 139 139 138 139 -9999 138 139 140 142 142 142 142 143 143 143 142 143 142 142 141 141 143 145 145 144 142 143 142 143 144 141 141 -9999 140 138 140 138 137 135 133 130 133 133 133 133 134 135 133 133 132
140 138 140 142 144 -9999 -9999 -9999 -9999 -9999 -9999 -9999 -9999 -9999 -9999 -9999 -9999 -9999 -9999 -9999 -9999 -9999 -9999 142 142 141 141 140 140 139 139 139 138 137 137 136 135 135 136 137 137 138 -9999 141 140 139 140 142 142 143 142 141 141 144 143 143 144 145 145 144 144 143 143 143 146 -9999 -9999 145 145 144 145 143 143 143 142 141 141 140 138 136 134 130 133 134 133 134 135 135 -9999 135 -9999
143 145 -9999 -9999 -9999 -9999 -9999 -9999 -9999 -9999 -9999 -9999 -9999 -9999 -9999 -9999 -9999 -9999 -9999 -9999 -9999 -9999 -9999 -9999 140 140 140 140 139 139 138 138 139 137 136 135 135 135 136 137 139 139 140 141 141 141 141 143 143 144 144 142 143 145 145 145 145 145 -9999 147 147 146 144 143 143 146 147 147 -9999 -9999 145 143 141 141 141 139 137 137 136 135 135 135 136 135 134 134 133 133 134 135 -9999
143 -9999 -9999 -9999 -9999 -9999 -9999 -9999 -9999 -9999 -9999 -9999 -9999 -9999 -9999 -9999 -9999 -9999 -9999 -9999 144 143 142 142 140 140 140 141 140 139 138 139 138 137 135 134 135 136 135 137 140 140 142 143 -9999 144 143 142 144 146 145 145 145 146 148 149 -9999 150 149 150 149 147 147 145 143 144 145 146 144 -9999 145 142 141 141 142 141 140 138 138 137 136 137 137 137 135 134 132 133 135 135 134
146 -9999 -9999 -9999 -9999 -9999 -9999 -9999 -9999 -9999 -9999 -9999 -9999 -9999 -9999 -9999 -9999 -9999 -9999 145 144 143 142 141 140 140 140 140 139 139 139 137 136 136 135 134 134 135 137 137 139 140 141 142 142 145 145 145 145 146 146 147 147 147 149 151 -9999 151 151 151 149 149 148 147 146 147 148 -9999 147 144 145 145 142 142 -9999 141 140 139 138 137 136 137 -9999 136 137 136 134 136 135 135 135
-9999 -9999 -9999 -9999 -9999 -9999 -9999 -9999 -9999 -9999 -9999 -9999 -9999 -9999 -9999 -9999 -9999 145 145 144 142 141 139 138 140 141 140 140 138 138 138 138 136 134 135 134 134 135 137 139 140 140 142 142 144 146 145 147 147 147 148 148 148 148 149 151 -9999 153 152 152 150 151 150 149 150 -9999 149 149 -9999 146 146 145 144 142 141 142 142 140 140 139 138 136 136 136 136 136 135 134 135 136 136
-9999 -9999 -9999 -9999 -9999 -9999 -9999 -9999 -9999 -9999 -9999 -9999 -9999 -9999 -9999 -9999 -9999 145 145 143 141 140 137 138 140 139 139 139 139 138 138 138 137 136 135 135 135 136 136 137 139 141 143 144 146 145 147 148 147 -9999 148 148 149 150 151 152 -9999 152 152 -9999 151 151 151 150 149 151 150 150 149 148 145 144 144 142 141 140 140 140 140 139 138 137 138 139 137 137 137 137 137 137 139
-9999 -9999 -9999 -9999 -9999 -9999 -9999 -9999 -9999 -9999 -9999 -9999 -9999 -9999 -9999 -9999 -9999 -9999 145 143 141 139 139 139 137 138 139 139 139 138 138 139 138 137 136 137 137 138 140 139 140 141 142 144 145 148 149 -9999 149 149 148 149 150 151 152 -9999 -9999 153 153 152 150 151 -9999 150 149 150 -9999 150 -9999 148 146 145 144 143 142 141 141 140 139 138 138 138 139 139 139 138 139 139 139 139 140
-9999 -9999 -9999 -9999 -9999 -9999 -9999 -9999 -9999 -9999 -9999 -9999 -9999 -9999 -9999 -9999 -9999 -9999 146 145 142 140 139 138 137 138 138 138 139 139 138 140 141 140 140 139 140 141 143 141 143 145 145 146 149 150 150 150 149 148 148 149 151 -9999 152 153 154 155 154 154 153 153 152 150 151 151 -9999 150 149 149 147 145 145 144 142 141 140 139 138 139 139 140 140 140 141 141 140 139 139 139 139
-9999 -9999 -9999 -9999 -9999 -9999 -9999 -9999 -9999 -9999 -9999 -9999 -9999 -9999 -9999 -9999 -9999 -9999 146 144 143 141 141 140 140 139 139 139 140 139 139 139 141 141 143 142 143 144 144 144 146 145 146 149 -9999 150 149 148 150 150 150 151 152 152 153 152 153 154 154 153 154 -9999 153 152 151 152 152 150 -9999 149 147 146 145 144 143 143 141 139 139 140 140 140 140 140 141 141 141 141 141 141 140
-9999 -9999 -9999 -9999 -9999 -9999 -9999 -9999 -9999 -9999 -9999 -9999 -9999 -9999 -9999 -9999 -9999 -9999 -9999 146 145 144 143 142 141 140 140 141 142 141 141 142 143 143 -9999 143 143 144 145 145 146 148 149 -9999 151 150 150 151 152 -9999 152 153 153 152 153 153 153 154 154 153 153 154 -9999 153 152 152 152 152 150 150 148 147 146 145 144 145 145 144 143 143 142 142 142 141 142 143 142 142 -9999 -9999 142
-9999 -9999 -9999 -9999 -9999 -9999 -9999 -9999 -9999 -9999 -9999 -9999 -9999 -9999 -9999 -9999 -9999 -9999 -9999 147 146 146 144 144 143 142 142 142 144 145 144 145 -9999 145 143 143 145 145 146 145 147 149 -9999 -9999 150 151 151 -9999 152 153 -9999 153 153 153 154 154 154 154 154 155 155 155 -9999 -9999 153 153 152 151 151 150 -9999 147 147 147 146 147 147 146 146 146 145 145 144 144 144 144 144 144 -9999 145 145
-9999 -9999 -9999 -9999 -9999 -9999 -9999 -9999 -9999 -9999 -9999 -9999 -9999 -9999 -9999 -9999 -9999 -9999 -9999 -9999 147 146 146 145 -9999 144 144 144 145 147 146 147 -9999 147 146 -9999 148 -9999 147 146 147 149 151 152 151 152 153 151 152 153 153 153 154 156 156 155 156 156 155 -9999 155 155 154 154 -9999 153 153 153 152 151 150 150 150 -9999 -9999 -9999 -9999 -9999 -9999 148 147 147 147 146 145 146 145 143 143 143 143
-9999 -9999 -9999 -9999 -9999 -9999 -9999 -9999 -9999 -9999 -9999 -9999 -9999 -9999 -9999 -9999 -9999 -9999 -9999 148 148 149 148 147 -9999 145 144 145 146 147 149 150 149 148 -9999 148 148 147 149 148 149 150 152 152 152 152 152 152 153 153 154 154 155 156 156 156 156 157 -9999 156 155 155 154 154 154 153 154 154 153 152 152 -9999 -9999 -9999 -9999 -9999 -9999 -9999 -9999 -9999 150 149 148 148 148 147 146 144 145 144 143
-9999 -9999 -9999 -9999 -9999 -9999 -9999 -9999 -9999 -9999 -9999 -9999 -9999 -9999 -9999 -9999 -9999 -9999 -9999 149 149 149 149 148 147 146 146 -9999 146 147 148 150 150 150 150 149 149 149 150 150 148 148 151 -9999 152 -9999 153 153 154 154 155 154 156 156 156 -9999 157 157 -9999 -9999 -9999 156 156 156 155 155 156 156 156 156 -9999 -9999 -9999 -9999 -9999 -9999 -9999 -9999 -9999 -9999 -9999 -9999 -9999 150 150 150 149 148 147 146 144
-9999 -9999 -9999 -9999 -9999 -9999 -9999 -9999 -9999 -9999 -9999 -9999 -9999 -9999 -9999 -9999 -9999 -9999 -9999 150 149 150 149 149 148 147 147 146 147 148 148 149 149 149 149 150 150 150 149 149 149 149 151 152 151 152 153 154 155 155 155 155 155 155 156 156 157 157 157 158 158 158 159 159 158 157 157 157 157 157 157 -9999 -9999 -9999 -9999 -9999 -9999 -9999 -9999 -9999 -9999 -9999 -9999 -9999 -9999 151 151 151 150 149 147
-9999 -9999 -9999 -9999 -9999 -9999 -9999 -9999 -9999 -9999 -9999 -9999 -9999 -9999 -9999 -9999 -9999 -9999 150 151 151 151 151 151 150 149 148 148 148 148 148 148 148 148 148 149 150 151 151 150 151 151 152 153 153 153 154 155 -9999 156 156 157 157 157 157 157 158 158 159 159 159 159 160 160 160 159 159 159 159 159 158 156 -9999 -9999 -9999 -9999 -9999 -9999 -9999 -9999 -9999 -9999 -9999 -9999 -9999 -9999 152 151 151 151 149
-9999 -9999 -9999 -9999 -9999 -9999 -9999 -9999 -9999 -9999 -9999 -9999 -9999 -9999 -9999 -9999 -9999 -9999 -9999 152 153 153 153 152 152 151 150 150 149 149 149 149 149 149 149 150 150 151 152 151 153 153 153 154 155 155 156 157 157 158 158 158 158 158 158 159 159 160 160 160 160 161 162 161 160 160 160 160 160 159 159 159 158 -9999 -9999 -9999 -9999 -9999 -9999 -9999 -9999 -9999 -9999 -9999 -9999 -9999 -9999 153 153 152 152
-9999 -9999 -9999 -9999 -9999 -9999 -9999 -9999 -9999 -9999 -9999 -9999 -9999 -9999 -9999 -9999 -9999 151 -9999 -9999 -9999 155 155 156 155 153 153 152 151 150 151 150 150 150 150 151 151 152 152 153 154 154 155 156 157 157 157 159 159 160 -9999 160 160 160 160 160 -9999 161 161 162 -9999 -9999 162 161 160 161 161 161 159 158 158 158 159 159 -9999 -9999 -9999 -9999 -9999 -9999 -9999 -9999 -9999 -9999 -9999 -9999 -9999 -9999 -9999 153 153
-9999 -9999 -9999 -9999 -9999 -9999 -9999 -9999 -9999 -9999 -9999 -9999 -9999 -9999 -9999 -9999 -9999 -9999 -9999 -9999 -9999 155 -9999 157 157 156 154 154 154 153 152 151 152 153 153 154 154 154 155 155 155 155 156 157 157 158 -9999 159 -9999 -9999 -9999 -9999 -9999 -9999 -9999 -9999 -9999 -9999 -9999 -9999 -9999 162 161 161 160 159 160 160 159 157 156 157 159 158 160 -9999 -9999 -9999 -9999 -9999 -9999 -9999 -9999 -9999 -9999 -9999 154 154 154 154 153
-9999 -9999 -9999 -9999 -9999 -9999 -9999 145 -9999 143 143 144 -9999 -9999 -9999 -9999 -9999 -9999 -9999 153 -9999 -9999 -9999 -9999 -9999 156 -9999 -9999 154 154 154 153 154 154 155 154 155 155 157 157 156 -9999 -9999 -9999 158 -9999 -9999 -9999 -9999 -9999 -9999 -9999 -9999 -9999 -9999 -9999 -9999 -9999 -9999 -9999 -9999 -9999 -9999 -9999 160 160 161 161 161 160 159 160 160 159 160 160 -9999 -9999 -9999 -9999 -9999 -9999 -9999 -9999 -9999 -9999 154 153 153 154 154
157 -9999 154 -9999 -9999 -9999 -9999 -9999 -9999 -9999 143 145 -9999 -9999 -9999 -9999 -9999 -9999 -9999 -9999 -9999 -9999 -9999 -9999 157 156 156 -9999 156 156 155 155 156 156 156 157 157 158 -9999 -9999 -9999 -9999 -9999 -9999 -9999 -9999 -9999 -9999 -9999 -9999 -9999 -9999 -9999 -9999 -9999 -9999 -9999 -9999 -9999 -9999 -9999 -9999 -9999 -9999 -9999 -9999 -9999 -9999 -9999 -9999 164 164 163 162 161 160 -9999 -9999 -9999 158 156 156 156 156 155 155 154 153 153 153 154
158 157 156 -9999 -9999 -9999 -9999 -9999 -9999 -9999 -9999 -9999 -9999 -9999 -9999 150 -9999 -9999 -9999 -9999 -9999 -9999 -9999 -9999 -9999 -9999 -9999 -9999 -9999 -9999 -9999 -9999 -9999 -9999 -9999 -9999 -9999 -9999 -9999 -9999 -9999 -9999 -9999 -9999 -9999 -9999 -9999 -9999 -9999 -9999 -9999 -9999 -9999 -9999 -9999 -9999 -9999 -9999 -9999 -9999 -9999 -9999 -9999 -9999 163 163 162 162 -9999 -9999 -9999 166 165 163 161 161 -9999 160 -9999 157 156 155 155 155 155 154 154 154 154 154 154
160 159 158 -9999 -9999 -9999 -9999 -9999 -9999 -9999 -9999 -9999 -9999 -9999 -9999 -9999 -9999 -9999 -9999 -9999 -9999 -9999 -9999 -9999 -9999 -9999 -9999 -9999 -9999 -9999 -9999 -9999 -9999 -9999 -9999 -9999 -9999 -9999 -9999 -9999 -9999 -9999 -9999 -9999 -9999 -9999 -9999 -9999 -9999 -9999 -9999 -9999 -9999 -9999 -9999 -9999 -9999 -9999 162 -9999 -9999 161 162 162 160 159 159 159 160 162 163 163 164 164 162 161 160 158 157 156 156 156 156 156 155 155 154 154 155 155 155
161 160 -9999 -9999 -9999 -9999 -9999 -9999 -9999 -9999 -9999 -9999 -9999 -9999 -9999 -9999 -9999 -9999 -9999 -9999 -9999 -9999 -9999 -9999 -9999 -9999 -9999 -9999 -9999 -9999 -9999 -9999 -9999 -9999 -9999 -9999 -9999 -9999 -9999 -9999 -9999 -9999 -9999 158 158 158 158 -9999 -9999 -9999 -9999 -9999 -9999 -9999 -9999 -9999 -9999 -9999 -9999 163 162 162 161 159 157 157 157 158 159 160 161 162 162 162 161 161 159 158 157 157 157 157 157 156 156 155 155 155 155 155 155
-9999 -9999 -9999 -9999 -9999 -9999 -9999 -9999 -9999 -9999 -9999 -9999 -9999 -9999 -9999 -9999 -9999 -9999 -9999 -9999 -9999 -9999 -9999 -9999 -9999 -9999 -9999 -9999 -9999 -9999 -9999 -9999 -9999 -9999 -9999 -9999 158 158 157 157 157 158 157 157 156 156 157 157 158 159 158 159 -9999 159 159 -9999 -9999 -9999 162 162 162 162 161 159 158 158 158 158 159 160 160 161 162 161 160 160 159 159 158 158 157 158 157 156 156 156 155 155 155 155 155
-9999 -9999 -9999 -9999 -9999 -9999 -9999 -9999 -9999 -9999 -9999 -9999 -9999 -9999 -9999 -9999 -9999 -9999 -9999 -9999 -9999 -9999 -9999 -9999 -9999 -9999 -9999 -9999 -9999 -9999 -9999 -9999 159 159 -9999 158 158 157 157 157 157 157 157 156 156 156 156 155 156 157 157 159 159 159 159 161 161 161 161 162 162 162 162 162 161 160 160 160 160 160 160 161 161 161 160 160 159 159 159 158 158 158 157 157 156 155 155 155 155 155 155
165 -9999 -9999 -9999 -9999 -9999 -9999 -9999 -9999 -9999 -9999 -9999 -9999 -9999 -9999 -9999 -9999 -9999 -9999 -9999 -9999 -9999 -9999 -9999 -9999 -9999 -9999 -9999 -9999 -9999 -9999 159 159 159 158 158 158 157 157 157 157 156 156 157 156 156 156 156 156 156 158 159 159 160 161 161 161 161 161 160 160 160 161 161 161 161 160 160 160 160 161 -9999 161 161 160 159 159 159 159 158 158 158 156 156 155 154 154 154 153 153 152
-9999 -9999 -9999 -9999 -9999 -9999 -9999 -9999 -9999 -9999 -9999 -9999 -9999 -9999 -9999 -9999 -9999 -9999 -9999 -9999 -9999 -9999 -9999 157 158 158 159 159 -9999 -9999 -9999 160 160 159 159 159 158 158 158 157 157 157 157 158 157 157 157 157 157 157 159 160 -9999 -9999 -9999 -9999 161 161 160 160 159 159 160 161 161 161 160 160 161 161 161 161 160 160 160 159 159 159 158 158 158 157 157 156 155 154 154 155 154 153 152
-9999 -9999 -9999 -9999 -9999 -9999 -9999 -9999 -9999 -9999 -9999 -9999 -9999 -9999 -9999 -9999 -9999 -9999 -9999 -9999 -9999 -9999 -9999 -9999 -9999 158 -9999 -9999 -9999 -9999 -9999 -9999 -9999 161 161 160 160 159 159 158 159 158 158 158 158 158 158 158 158 158 159 160 161 -9999 -9999 -9999 -9999 161 160 160 160 160 159 160 161 161 160 160 160 161 161 161 160 160 160 159 159 159 159 158 158 158 157 157 156 155 154 153 154 156 156
