resultados/variables_proyeccion_tiempo/variables_presente/bio14.asc
ncols 330
nrows 228
xllcorner -12.000000
yllcorner 34.000000
cellsize 0.166667
NODATA_value -9999
[rows 96 to 143 of 228, columns 192 to 287 of 330]
-9999 -9999 -9999 -9999 -9999 -9999 31 32 33 33 34 35 35 35 33 32 30 29 27 26 25 26 26 25 25 25 25 25 25 26 26 27 28 29 30 30 30 30 29 29 29 29 29 29 28 28 28 28 28 29 29 30 30 30 -9999 30 30 30 30 29 29 29 28 28 28 28 28 28 28 28 28 28 28 28 28 27 27 27 27 27 27 27 27 27 26 26 26 26 26 27 27 27 27 27 28 28
-9999 -9999 -9999 -9999 -9999 -9999 32 32 33 34 35 36 36 36 35 33 31 30 28 27 26 26 26 26 25 25 25 25 25 26 27 28 29 30 30 30 -9999 30 30 29 29 29 -9999 28 28 28 28 28 28 29 30 30 30 30 31 30 30 30 30 30 30 29 29 28 28 28 28 28 28 28 28 28 28 28 28 28 28 28 28 28 27 27 27 27 26 26 26 26 26 26 27 27 27 28 28 28
-9999 -9999 -9999 -9999 -9999 -9999 -9999 32 33 34 35 36 37 37 35 33 32 30 29 28 27 27 27 26 26 25 25 25 25 26 27 28 30 31 31 31 31 30 30 29 29 29 28 28 28 28 28 28 29 29 30 30 31 31 31 31 30 30 30 30 30 29 29 29 28 28 28 28 29 29 29 29 29 29 29 28 28 28 28 28 27 27 27 27 26 26 26 26 26 26 27 27 28 28 28 28
-9999 -9999 -9999 -9999 -9999 -9999 -9999 32 33 34 35 36 36 35 34 32 31 30 29 28 28 27 27 26 26 26 25 25 25 26 27 29 30 31 32 31 31 31 30 30 29 29 29 28 28 28 29 29 29 30 31 31 31 31 31 31 30 30 30 30 30 29 29 29 28 28 28 29 29 29 29 30 30 30 30 29 28 28 28 27 27 27 27 27 27 27 27 26 27 27 27 27 28 28 28 28
-9999 -9999 -9999 -9999 -9999 31 -9999 -9999 33 34 34 35 34 33 32 31 30 29 29 28 28 27 27 27 27 26 26 25 25 27 28 30 31 31 32 31 -9999 31 31 30 29 29 29 29 29 29 29 30 31 31 32 32 32 32 31 31 31 30 30 30 29 29 29 29 29 29 28 29 29 29 30 30 31 30 30 29 29 28 28 27 27 26 27 27 27 27 26 26 26 27 27 27 28 28 28 29
-9999 -9999 -9999 -9999 -9999 -9999 -9999 33 33 33 34 34 33 32 31 30 29 28 27 27 27 27 28 28 27 27 27 26 27 28 30 31 32 32 32 32 32 32 31 31 30 30 30 29 30 30 30 31 31 32 33 33 33 32 32 31 31 30 30 30 29 29 29 29 29 29 29 29 29 29 30 31 31 31 30 29 28 28 28 27 27 26 26 26 26 26 26 26 26 26 27 27 28 28 28 29
35 35 36 36 36 -9999 -9999 33 33 33 33 33 32 31 30 28 27 27 26 26 27 27 28 28 28 28 28 28 29 30 31 32 32 32 32 32 32 31 31 31 30 30 30 30 30 31 31 31 31 32 33 34 34 33 32 31 31 30 30 29 29 29 28 28 28 28 28 28 29 30 30 31 32 31 30 29 28 27 27 27 26 26 26 26 26 26 26 26 26 26 26 27 27 28 28 28
35 35 36 37 37 35 34 33 33 33 32 32 31 30 29 27 26 25 25 25 25 26 27 28 28 28 29 29 31 32 34 33 33 33 33 32 32 31 31 31 30 30 30 30 31 31 31 32 32 32 32 33 33 33 32 31 31 30 30 29 29 29 28 28 27 28 28 28 29 30 30 31 32 31 29 28 28 27 27 27 26 26 26 26 26 26 26 26 26 26 26 27 27 27 28 28
-9999 36 36 37 36 35 34 33 32 32 31 31 30 29 28 26 25 25 24 24 24 25 26 27 27 28 29 30 31 33 35 34 34 34 33 33 32 31 31 30 30 30 31 31 31 31 32 32 32 32 32 32 32 32 31 31 31 30 30 29 29 28 28 27 27 27 27 28 28 29 30 31 31 30 29 28 28 27 27 26 26 26 26 26 26 26 26 26 26 26 26 27 27 27 28 28
36 37 37 36 35 34 33 32 32 31 31 31 29 29 28 27 -9999 26 24 23 23 23 24 25 27 28 29 30 31 32 34 34 34 33 33 33 32 32 31 30 30 30 31 31 32 32 32 32 32 31 31 32 32 31 31 31 30 30 29 29 29 28 27 27 27 26 27 27 28 29 29 30 30 29 28 28 27 26 26 26 26 26 26 26 26 26 26 26 26 26 26 27 27 28 28 28
35 35 35 34 34 32 32 31 31 31 30 30 29 29 28 27 27 25 24 23 22 22 24 25 26 27 28 29 31 32 33 33 33 33 33 32 32 31 31 31 31 31 31 32 33 33 32 32 31 30 30 30 30 30 30 30 30 29 29 29 28 27 27 26 26 26 26 27 27 28 28 29 29 28 28 27 26 26 26 25 25 25 25 26 25 25 26 26 26 26 27 27 27 28 28 29
33 32 32 32 32 32 31 31 31 30 30 29 29 28 27 26 26 25 24 23 23 23 24 25 26 27 28 29 30 31 32 32 32 32 31 31 31 30 30 31 31 31 32 32 33 33 33 31 30 30 29 29 29 29 29 29 29 29 28 28 28 27 26 26 26 26 26 27 27 28 28 28 28 28 27 26 25 25 25 25 25 25 25 25 25 25 25 26 26 26 27 27 27 28 28 28
32 31 30 30 30 31 31 30 30 29 29 28 28 27 27 26 26 25 24 24 23 24 24 26 27 28 28 29 30 31 31 31 31 31 30 30 30 30 30 30 31 32 32 33 33 33 32 -9999 29 29 28 28 28 29 28 29 29 28 28 28 27 26 26 26 26 26 26 26 27 27 27 27 27 27 27 26 25 25 25 25 25 25 25 25 25 25 25 26 26 26 26 27 27 28 28 29
30 29 28 28 29 29 29 29 29 28 -9999 28 27 27 26 26 25 25 25 25 25 25 26 26 27 28 29 29 30 30 31 31 30 30 30 30 29 29 29 30 30 31 31 31 32 31 30 29 28 27 27 28 28 28 28 28 28 28 28 27 27 26 26 26 26 26 26 26 27 27 27 27 27 27 26 26 25 25 25 25 25 25 25 25 25 25 25 25 25 26 27 27 28 28 29 29
29 28 28 27 28 28 28 28 28 28 -9999 27 27 27 26 26 26 25 26 26 26 26 27 28 28 28 29 29 30 30 30 30 30 30 31 30 29 28 29 29 29 30 30 30 30 30 29 27 26 26 26 27 27 27 27 27 28 28 27 27 27 26 26 26 26 26 26 26 27 27 27 27 27 27 27 26 26 25 26 26 26 25 25 25 25 26 25 26 26 26 27 27 28 28 29 29
29 28 27 27 27 27 27 27 27 27 26 26 27 27 26 26 26 27 27 27 27 27 28 28 28 28 29 29 29 30 30 30 30 30 29 29 28 28 28 29 29 29 29 29 29 29 28 27 26 26 26 26 27 27 27 27 27 27 27 27 27 26 26 26 26 26 26 27 27 27 27 27 27 27 27 26 26 26 26 26 26 26 26 26 26 26 26 26 26 27 27 28 28 29 29 29
27 27 27 26 26 26 26 26 26 26 26 26 26 26 26 26 26 27 28 28 28 28 28 28 29 29 29 30 29 30 30 30 30 30 29 28 27 28 28 28 28 29 29 29 29 28 27 27 26 26 26 26 27 27 27 27 27 27 27 27 27 27 27 26 26 26 27 27 27 27 28 27 27 27 27 27 27 27 27 26 26 26 26 26 26 26 26 26 27 27 28 28 28 29 29 30
26 26 26 26 26 25 25 25 25 25 25 25 26 26 26 26 27 27 28 29 29 29 29 29 29 29 30 30 30 30 30 30 30 29 28 27 27 27 28 28 28 28 28 28 28 28 27 27 26 26 26 27 27 27 27 27 27 27 27 27 27 27 27 27 27 27 27 27 28 28 28 28 28 28 28 27 27 27 27 27 27 27 27 27 26 26 27 27 27 28 28 29 29 29 30 30
25 25 25 25 25 25 25 25 25 25 25 25 25 25 26 27 27 28 28 29 29 29 29 29 29 29 30 30 30 30 30 30 29 28 28 27 27 27 27 27 28 28 28 28 28 27 27 27 27 27 27 27 27 27 27 27 27 27 28 27 27 27 27 27 27 27 27 28 28 28 29 28 28 28 28 28 28 28 28 27 27 27 27 27 27 27 28 28 28 28 29 29 29 30 30 30
25 25 24 24 24 24 24 24 24 24 24 24 25 25 26 26 27 28 29 29 29 29 29 29 29 29 29 29 30 30 29 29 28 28 27 27 27 27 27 27 27 27 28 28 28 28 27 27 27 27 27 27 27 28 28 28 28 28 28 28 28 28 28 28 28 27 28 28 29 29 29 29 29 29 29 29 29 29 28 28 28 28 28 28 28 28 28 28 28 29 29 30 30 30 30 30
25 24 24 24 24 23 22 23 24 24 24 24 24 25 25 26 28 29 29 29 29 29 29 29 29 29 29 29 29 29 29 29 28 28 27 27 27 27 27 27 27 27 28 28 28 28 28 28 28 28 28 28 28 28 28 28 29 29 29 28 28 28 28 28 28 28 28 29 29 29 29 29 30 30 30 30 29 29 29 29 29 29 28 28 28 29 29 29 29 29 30 30 30 31 31 31
24 24 24 23 23 22 22 23 23 23 24 24 24 25 25 26 28 28 29 28 28 29 29 29 29 29 29 29 29 29 29 28 28 28 27 27 27 27 27 27 27 28 28 28 28 28 28 -9999 28 28 29 29 29 29 29 29 29 29 29 29 29 29 29 29 29 28 29 29 30 29 29 30 30 31 30 30 30 30 30 29 29 29 29 29 29 29 29 29 30 30 30 31 31 31 31 32
24 24 23 23 23 22 22 23 23 24 24 24 24 24 25 27 27 28 28 27 27 27 28 28 28 28 28 29 29 29 29 28 28 28 27 27 26 27 27 27 28 28 28 28 28 28 28 29 29 29 29 29 29 29 30 30 30 30 30 30 30 30 30 30 29 29 30 30 31 30 30 30 31 31 31 31 31 31 31 30 30 30 30 30 30 30 30 30 30 30 31 31 31 31 31 32
24 24 24 23 23 23 23 23 23 24 24 24 24 24 25 26 26 27 27 27 26 25 27 27 28 28 28 29 29 29 29 28 28 28 27 27 27 27 27 28 28 28 28 28 28 29 29 29 29 29 30 30 30 30 30 30 31 31 31 31 31 31 31 31 31 31 31 31 32 31 31 31 31 31 32 32 32 32 32 31 31 31 31 31 31 31 31 30 31 31 31 31 31 31 32 32
25 24 25 25 24 23 23 23 23 24 24 24 24 25 25 25 25 25 25 25 25 25 26 27 27 28 28 29 29 29 29 29 28 28 28 27 27 27 28 28 29 29 29 29 29 29 29 29 30 30 30 31 31 31 32 32 32 31 31 32 32 32 32 32 32 32 32 33 32 32 32 32 32 32 32 32 32 32 32 32 32 32 32 31 31 31 31 31 31 31 31 31 32 32 32 33
25 25 25 25 24 24 23 23 -9999 24 24 24 25 25 25 25 24 24 24 23 23 23 25 26 27 28 29 29 29 29 29 29 28 28 28 28 28 28 28 29 29 29 29 29 29 29 30 30 30 31 31 31 32 32 32 32 32 32 32 32 32 32 33 33 33 33 34 33 33 33 32 32 33 33 33 33 33 33 33 33 33 33 33 32 32 32 32 32 31 31 31 31 32 32 32 32
26 25 25 25 25 24 24 24 24 23 24 24 24 24 24 24 24 23 23 22 21 22 23 25 27 28 29 29 29 29 29 29 28 28 28 27 28 28 28 29 29 29 30 30 30 30 30 30 31 31 32 32 33 33 33 33 33 33 33 33 33 33 33 34 34 34 34 34 33 33 33 33 33 33 33 33 33 33 33 33 33 34 33 33 32 32 32 32 31 31 32 32 32 32 32 32
26 26 26 26 25 25 25 25 25 25 25 24 25 24 24 24 23 23 22 21 20 21 22 25 27 28 29 30 30 29 29 28 28 28 28 27 27 28 28 29 29 30 30 30 30 30 30 31 31 32 32 33 34 33 33 33 33 33 33 33 33 34 34 34 34 35 35 34 34 34 33 33 33 33 34 34 34 34 34 34 34 34 34 34 33 33 32 32 32 32 32 32 32 32 33 33
27 27 27 28 27 26 26 25 25 25 25 25 25 25 25 24 23 22 22 21 20 21 22 25 27 28 30 30 30 29 29 28 28 28 27 27 27 28 28 29 29 30 31 31 31 31 31 31 31 32 32 33 33 33 33 33 33 33 33 33 34 34 34 34 35 35 34 34 34 34 34 34 34 34 34 35 35 35 35 35 35 35 35 34 34 33 33 32 32 32 32 32 32 33 33 33
28 28 28 28 29 28 27 26 26 25 25 25 25 25 25 25 24 23 22 22 22 22 23 25 27 29 30 30 30 29 29 28 27 27 27 27 27 27 28 29 29 30 31 31 31 31 31 31 31 31 32 32 32 33 33 33 33 33 33 34 34 34 34 34 35 34 34 34 34 34 34 34 34 34 35 35 36 36 36 37 37 36 36 35 35 34 33 33 33 32 32 32 32 32 33 33
28 28 28 29 29 29 28 27 26 26 26 26 26 26 26 25 25 24 24 23 24 24 25 26 27 29 30 31 30 30 29 28 27 27 27 27 27 27 28 29 30 30 31 31 31 31 30 31 31 31 31 31 32 32 32 33 33 33 34 34 34 35 35 35 35 35 34 34 34 34 33 33 34 34 35 36 37 37 37 38 38 37 37 36 35 35 34 33 32 32 33 33 33 33 33 33
29 28 28 28 29 29 29 29 28 27 26 25 26 26 26 26 26 25 24 24 25 25 26 27 28 30 30 31 31 30 29 28 27 27 27 26 26 27 28 29 30 31 31 31 31 31 30 30 30 30 30 30 31 31 32 32 32 33 33 34 34 35 -9999 35 35 35 34 34 34 33 33 33 33 34 36 36 38 38 39 39 39 38 38 37 36 35 35 34 33 33 33 33 33 33 33 33
30 29 28 29 29 28 28 28 27 26 25 25 25 26 26 26 26 26 26 26 27 27 27 29 29 30 31 31 31 30 29 28 27 27 27 26 27 27 29 29 31 31 31 31 31 30 30 30 30 30 29 29 30 31 31 32 32 33 33 34 35 35 36 35 36 35 34 33 33 33 32 32 33 34 36 37 38 39 39 39 39 39 38 38 37 36 35 34 34 33 33 33 33 33 32 32
31 30 29 28 28 28 28 27 27 26 26 26 26 26 26 26 26 26 26 27 28 29 29 30 31 31 31 31 31 31 29 28 28 27 27 27 28 28 29 30 31 31 31 31 31 31 30 30 30 29 29 29 29 30 31 32 32 33 34 34 35 35 36 36 36 35 34 33 32 32 31 31 33 34 36 37 39 39 39 39 39 39 39 38 37 36 35 35 34 34 33 33 33 32 32 31
30 29 29 29 28 28 28 28 28 28 27 27 27 27 27 26 27 27 27 28 30 30 31 31 32 32 32 32 31 31 30 29 28 28 27 28 28 29 29 30 31 31 31 31 31 31 31 30 30 29 29 28 29 30 31 32 32 33 34 34 35 35 36 35 35 34 34 33 32 31 30 31 32 34 35 37 39 40 40 39 39 39 38 37 37 37 36 35 34 34 34 33 33 32 32 31
29 28 28 28 29 29 30 30 29 29 29 29 28 28 27 27 27 27 28 29 30 33 33 33 33 33 32 32 31 31 30 29 29 28 28 29 28 29 30 31 32 32 32 32 32 32 31 31 30 30 29 29 30 31 31 32 32 33 33 34 35 35 35 35 35 34 33 32 31 31 31 31 32 34 35 37 39 40 40 39 39 37 36 36 36 36 36 36 34 34 34 33 32 32 31 30
30 29 30 30 30 31 32 32 32 32 31 31 31 31 30 29 28 28 29 30 31 33 35 36 35 34 33 32 31 32 31 31 30 29 29 29 29 29 30 31 32 33 33 33 33 32 32 32 31 31 31 31 31 31 32 32 33 33 34 34 34 35 35 35 35 34 34 33 32 31 31 31 32 34 35 36 38 39 39 39 38 36 36 35 36 36 36 35 34 34 34 33 33 32 31 30
35 33 33 32 32 33 33 33 32 32 33 33 33 32 31 31 30 29 30 31 33 34 36 37 37 35 34 33 33 32 32 31 30 29 29 29 30 30 31 31 32 33 33 33 33 32 32 32 31 31 32 32 32 32 32 33 33 33 34 34 34 34 34 34 34 34 33 32 32 31 31 31 32 33 34 36 36 37 38 37 36 36 35 35 35 35 35 35 34 34 34 33 33 32 31 30
41 40 34 31 33 37 37 38 37 36 35 35 34 34 35 35 32 32 32 33 34 35 36 36 37 36 35 34 33 32 31 31 30 29 29 30 30 30 31 31 32 32 33 33 32 32 32 32 31 31 32 32 33 33 33 33 33 33 34 34 34 34 34 34 34 33 33 32 31 31 31 31 32 33 34 35 35 36 36 36 35 35 35 34 34 34 35 34 34 34 34 33 33 32 32 31
37 34 33 38 37 41 41 40 39 38 39 40 39 37 37 38 38 37 36 35 35 36 36 36 36 35 34 33 33 32 32 31 30 30 30 30 31 31 31 32 32 32 32 32 32 32 31 31 31 31 32 32 33 33 33 33 33 33 34 34 34 34 34 34 34 33 32 32 31 31 31 31 31 -9999 -9999 34 -9999 34 35 35 34 34 34 33 34 34 34 34 34 34 34 33 33 32 32 32
65 54 33 36 37 39 41 37 36 36 38 39 42 44 42 41 41 40 41 41 40 38 37 37 36 35 34 32 32 32 31 31 30 30 31 31 31 31 31 31 32 31 32 32 32 32 31 31 31 31 32 33 33 33 33 34 34 34 34 34 34 34 34 34 33 33 33 32 31 31 31 31 31 31 32 -9999 -9999 -9999 -9999 33 33 33 33 33 33 33 33 33 34 34 33 33 33 33 33 33
51 34 29 37 37 38 36 36 36 36 37 39 40 43 45 46 46 44 43 45 44 41 40 38 37 36 34 33 31 31 31 31 31 31 31 31 31 31 32 31 32 31 31 31 31 31 31 31 30 31 31 32 33 33 33 33 33 34 34 34 34 34 33 33 33 32 32 32 31 31 31 30 31 31 32 32 32 32 32 -9999 32 32 32 32 32 32 32 33 33 33 33 33 33 33 33 34
52 41 34 31 33 36 36 34 41 36 36 39 43 44 42 43 45 47 45 46 45 46 44 41 39 37 36 33 31 31 31 31 31 31 31 31 32 32 31 31 31 31 31 31 31 31 31 31 30 31 31 32 32 33 33 33 33 33 34 34 34 34 33 33 32 32 31 31 31 31 30 30 30 30 31 32 32 32 32 32 31 31 31 31 31 31 32 32 33 33 33 34 34 33 33 33
36 36 30 37 36 36 36 32 34 38 35 37 39 43 44 43 45 45 45 47 46 47 48 47 43 40 37 34 33 32 31 31 31 31 31 31 31 32 31 31 31 31 30 30 30 30 30 30 30 31 32 32 32 33 33 33 33 33 33 33 33 33 32 32 31 31 31 30 30 30 30 29 29 29 30 31 31 31 31 31 31 31 30 30 30 -9999 31 32 33 33 33 34 33 33 33 32
30 27 28 29 30 29 29 30 35 34 35 37 39 42 43 43 44 43 44 48 46 47 49 50 48 44 41 37 34 33 31 31 31 31 31 31 31 31 31 30 30 30 30 30 29 30 30 30 30 31 32 32 32 32 32 32 32 32 32 32 32 32 32 31 31 30 30 30 30 30 29 29 28 28 29 30 30 30 30 30 30 30 29 29 30 31 31 32 32 33 33 33 33 32 31 31
28 26 26 26 27 28 29 31 35 33 35 36 39 40 40 40 39 42 44 42 46 46 48 48 47 46 45 40 38 34 32 30 30 30 30 31 31 30 30 30 29 30 30 30 30 29 30 30 30 31 31 32 32 32 32 32 31 31 31 31 31 31 31 30 30 30 29 29 29 29 29 28 28 27 28 29 29 29 29 29 29 29 28 28 29 30 31 32 33 33 33 33 32 31 31 30
28 27 27 26 26 27 29 31 32 32 34 35 37 39 39 38 38 38 39 43 42 45 46 45 48 46 43 43 42 38 34 32 31 30 30 29 28 28 28 29 29 29 29 29 29 30 30 30 30 30 31 31 31 31 31 31 31 31 31 31 30 30 30 30 29 29 29 28 28 28 28 28 28 28 27 28 29 29 29 28 28 28 28 28 29 30 31 31 31 32 32 31 31 30 30 29
29 29 32 32 27 27 28 29 30 32 33 35 36 37 38 37 37 37 38 43 43 44 44 43 43 43 44 47 41 37 36 36 33 30 29 28 28 27 27 27 28 28 28 29 29 29 30 30 30 30 30 30 30 31 30 31 30 30 30 30 30 29 29 29 29 28 28 28 28 28 27 27 27 27 27 28 28 28 28 28 28 27 28 28 29 29 30 30 30 30 -9999 30 29 29 29 28
