resultados/variables_proyeccion_tiempo/variables_presente/bio18.asc
ncols 330
nrows 228
xllcorner -12.000000
yllcorner 34.000000
cellsize 0.166667
NODATA_value -9999
[rows 40 to 79 of 228, columns 91 to 181 of 330]
-9999 -9999 -9999 -9999 -9999 -9999 -9999 -9999 -9999 -9999 -9999 -9999 -9999 -9999 -9999 -9999 -9999 -9999 -9999 -9999 -9999 -9999 -9999 -9999 -9999 -9999 -9999 -9999 -9999 -9999 -9999 -9999 -9999 -9999 -9999 -9999 -9999 -9999 -9999 -9999 -9999 -9999 -9999 -9999 -9999 -9999 -9999 -9999 -9999 -9999 -9999 -9999 -9999 -9999 -9999 -9999 -9999 384 387 381 356 343 341 338 314 303 288 271 256 250 241 232 239 236 236 225 217 219 220 217 214 -9999 220 227 228 223 221 221 218 218 218
-9999 -9999 -9999 -9999 -9999 -9999 -9999 -9999 -9999 -9999 -9999 -9999 -9999 -9999 -9999 -9999 -9999 -9999 -9999 -9999 -9999 -9999 -9999 -9999 -9999 -9999 -9999 -9999 -9999 -9999 -9999 -9999 -9999 -9999 -9999 -9999 -9999 -9999 -9999 -9999 -9999 -9999 -9999 -9999 -9999 -9999 -9999 -9999 -9999 -9999 -9999 -9999 -9999 380 380 -9999 370 375 372 362 335 328 320 300 296 294 282 266 258 249 239 230 237 243 225 220 218 219 217 217 220 221 217 214 217 218 220 220 221 219 215
-9999 -9999 -9999 -9999 -9999 -9999 -9999 -9999 -9999 -9999 -9999 -9999 -9999 -9999 -9999 -9999 -9999 -9999 -9999 -9999 -9999 -9999 -9999 -9999 -9999 -9999 -9999 -9999 -9999 -9999 -9999 -9999 -9999 -9999 -9999 -9999 -9999 -9999 -9999 -9999 -9999 -9999 -9999 -9999 -9999 -9999 315 321 -9999 336 -9999 356 367 369 368 364 371 367 350 331 327 317 296 291 275 257 242 239 245 243 243 242 229 226 225 217 211 216 220 218 219 220 221 219 223 226 224 218 217 215 213
-9999 -9999 -9999 -9999 -9999 -9999 -9999 -9999 -9999 -9999 -9999 -9999 -9999 -9999 -9999 -9999 -9999 -9999 -9999 -9999 -9999 -9999 -9999 -9999 -9999 -9999 -9999 -9999 -9999 -9999 -9999 -9999 -9999 -9999 -9999 -9999 -9999 -9999 -9999 -9999 -9999 -9999 -9999 -9999 -9999 -9999 -9999 -9999 -9999 -9999 -9999 338 350 359 350 347 347 331 323 321 314 -9999 281 277 262 241 240 251 244 235 236 221 216 218 218 218 217 210 209 209 214 215 216 221 225 229 227 224 219 214 212
-9999 -9999 -9999 -9999 -9999 -9999 -9999 -9999 -9999 -9999 -9999 -9999 -9999 -9999 -9999 -9999 -9999 -9999 -9999 -9999 -9999 -9999 -9999 -9999 -9999 -9999 -9999 -9999 -9999 -9999 -9999 -9999 -9999 -9999 -9999 -9999 -9999 -9999 -9999 -9999 -9999 -9999 -9999 -9999 -9999 -9999 -9999 -9999 306 -9999 -9999 326 331 324 321 322 317 321 323 320 307 294 278 259 244 232 241 240 234 224 220 219 216 209 209 209 211 220 220 211 210 211 214 217 221 227 230 228 224 220 213
-9999 -9999 -9999 -9999 -9999 -9999 -9999 -9999 -9999 -9999 -9999 -9999 -9999 -9999 -9999 -9999 -9999 -9999 -9999 -9999 -9999 -9999 -9999 -9999 -9999 -9999 -9999 -9999 -9999 -9999 -9999 -9999 -9999 -9999 -9999 -9999 -9999 -9999 -9999 -9999 -9999 -9999 -9999 -9999 -9999 -9999 296 302 297 295 303 301 299 310 313 309 305 307 306 307 298 279 268 259 258 248 229 221 217 215 218 212 213 211 205 207 208 208 216 216 214 211 214 215 216 219 222 224 225 222 218
-9999 -9999 -9999 -9999 -9999 -9999 -9999 -9999 -9999 -9999 -9999 -9999 -9999 -9999 -9999 -9999 -9999 -9999 -9999 -9999 -9999 -9999 -9999 -9999 -9999 -9999 -9999 -9999 -9999 -9999 -9999 -9999 -9999 -9999 -9999 -9999 -9999 -9999 -9999 -9999 -9999 -9999 -9999 -9999 281 289 289 291 284 289 294 297 294 296 -9999 289 291 296 289 293 290 278 264 254 258 262 251 237 229 219 211 208 205 205 206 205 212 207 205 209 210 212 212 216 214 215 215 216 216 212 212
-9999 -9999 -9999 -9999 -9999 -9999 -9999 -9999 -9999 -9999 -9999 -9999 -9999 -9999 -9999 -9999 -9999 -9999 -9999 -9999 -9999 -9999 -9999 -9999 -9999 -9999 -9999 -9999 -9999 -9999 -9999 -9999 -9999 -9999 -9999 -9999 -9999 -9999 -9999 -9999 -9999 260 268 270 276 283 285 284 274 275 271 271 278 289 294 295 299 297 285 282 287 288 275 258 239 229 233 238 236 231 219 213 208 206 209 209 204 206 206 206 211 213 215 212 210 211 213 216 214 212 208
-9999 -9999 -9999 -9999 -9999 -9999 -9999 -9999 -9999 -9999 -9999 -9999 -9999 -9999 -9999 -9999 -9999 -9999 -9999 -9999 -9999 -9999 -9999 -9999 -9999 -9999 -9999 -9999 -9999 -9999 -9999 -9999 -9999 -9999 -9999 -9999 -9999 -9999 -9999 -9999 -9999 -9999 256 260 270 270 -9999 -9999 258 260 264 273 273 277 288 292 289 285 271 284 282 279 275 263 244 231 -9999 219 223 219 215 212 208 204 208 206 206 206 205 204 207 211 214 210 210 214 214 215 214 210 205
-9999 -9999 -9999 -9999 -9999 -9999 -9999 -9999 -9999 -9999 -9999 -9999 -9999 -9999 -9999 -9999 -9999 -9999 -9999 -9999 -9999 -9999 -9999 -9999 -9999 -9999 -9999 -9999 -9999 -9999 -9999 -9999 -9999 274 -9999 -9999 -9999 -9999 -9999 -9999 -9999 -9999 251 253 251 255 255 -9999 -9999 253 257 261 268 274 273 271 278 280 263 259 262 255 249 242 244 237 227 216 209 209 207 207 207 207 206 206 207 206 207 205 205 204 204 205 210 212 210 208 209 209 205
-9999 -9999 -9999 -9999 -9999 -9999 -9999 -9999 -9999 -9999 -9999 -9999 -9999 -9999 -9999 -9999 -9999 -9999 -9999 -9999 -9999 -9999 -9999 -9999 -9999 -9999 -9999 -9999 -9999 -9999 -9999 -9999 -9999 277 275 -9999 -9999 -9999 257 -9999 -9999 240 242 248 -9999 235 -9999 247 250 258 266 270 269 279 272 271 267 268 259 254 255 249 239 231 226 225 219 214 212 207 213 214 209 -9999 209 213 211 209 208 206 206 204 205 204 206 206 203 203 199 201 198
-9999 -9999 -9999 -9999 -9999 -9999 -9999 -9999 -9999 -9999 -9999 -9999 -9999 -9999 -9999 -9999 -9999 -9999 -9999 -9999 -9999 -9999 -9999 -9999 -9999 -9999 -9999 -9999 254 257 -9999 -9999 -9999 280 -9999 -9999 271 269 261 253 240 -9999 232 221 224 231 237 241 245 252 262 251 261 272 271 269 259 255 264 263 246 243 238 230 225 219 213 209 208 207 209 215 213 211 213 215 218 221 216 211 206 205 202 206 209 207 207 203 198 196 194
-9999 -9999 -9999 -9999 -9999 -9999 -9999 -9999 -9999 -9999 -9999 -9999 -9999 -9999 -9999 -9999 -9999 -9999 -9999 -9999 -9999 -9999 -9999 -9999 -9999 -9999 -9999 -9999 -9999 -9999 -9999 -9999 278 287 288 284 283 278 261 247 244 233 224 228 234 236 -9999 235 245 258 264 262 266 264 270 264 -9999 264 265 254 246 243 235 228 222 215 -9999 208 207 209 208 208 211 212 214 214 214 217 216 217 212 205 202 198 197 200 199 200 201 199 193
-9999 -9999 -9999 -9999 -9999 -9999 -9999 -9999 -9999 -9999 -9999 -9999 -9999 -9999 -9999 -9999 -9999 -9999 -9999 -9999 -9999 -9999 -9999 -9999 -9999 -9999 -9999 -9999 -9999 -9999 255 266 275 283 287 286 280 273 263 253 248 241 228 233 240 244 238 243 243 244 248 255 263 269 281 275 291 279 264 268 273 261 257 259 238 222 214 -9999 213 211 213 216 216 220 222 220 218 216 212 210 213 211 206 204 204 196 192 188 196 197 191
-9999 -9999 -9999 -9999 -9999 -9999 -9999 -9999 -9999 -9999 -9999 -9999 -9999 -9999 -9999 -9999 -9999 -9999 -9999 -9999 -9999 -9999 -9999 254 250 -9999 238 -9999 231 -9999 244 -9999 266 276 283 285 284 280 271 254 261 248 238 237 237 233 240 235 239 256 265 254 256 275 276 280 275 274 279 268 258 255 255 261 247 235 223 212 213 215 217 218 219 221 223 224 222 218 217 219 210 214 215 213 210 206 200 191 -9999 188 185
-9999 -9999 -9999 -9999 -9999 -9999 -9999 -9999 -9999 -9999 -9999 -9999 -9999 -9999 -9999 -9999 -9999 -9999 -9999 -9999 -9999 -9999 -9999 256 242 -9999 224 220 -9999 227 246 -9999 267 274 280 283 291 285 282 275 252 249 258 255 252 257 249 247 242 240 251 252 253 266 273 268 268 264 260 254 251 252 245 239 235 233 227 221 220 220 221 222 222 225 229 224 225 222 215 217 215 208 213 212 210 202 200 194 187 -9999 -9999
-9999 -9999 -9999 -9999 -9999 -9999 -9999 -9999 -9999 -9999 -9999 -9999 -9999 -9999 -9999 -9999 -9999 -9999 -9999 390 325 291 273 -9999 254 -9999 221 -9999 233 240 263 264 276 281 277 278 278 280 269 276 270 262 253 254 259 255 245 236 235 236 241 243 252 266 264 256 254 264 260 254 253 254 251 249 249 242 234 225 229 227 227 228 230 227 223 219 223 219 218 214 218 -9999 210 206 202 196 195 191 187 -9999 -9999
-9999 -9999 -9999 -9999 -9999 -9999 -9999 -9999 -9999 -9999 -9999 -9999 -9999 -9999 -9999 -9999 451 -9999 387 -9999 304 296 -9999 274 275 262 254 266 252 255 264 266 258 294 301 304 303 301 287 290 280 274 262 245 242 239 228 230 246 243 241 241 239 250 256 257 252 251 252 248 250 244 240 239 242 251 239 231 228 228 222 225 223 224 226 231 226 223 218 213 212 213 210 205 202 -9999 -9999 -9999 -9999 -9999 -9999
-9999 -9999 -9999 -9999 -9999 -9999 -9999 -9999 -9999 -9999 -9999 -9999 -9999 -9999 498 475 -9999 375 363 -9999 331 323 288 272 268 -9999 280 293 274 242 243 260 257 269 286 293 301 282 273 273 280 269 260 245 236 231 232 247 253 246 251 240 -9999 257 257 256 259 258 259 261 257 253 253 242 240 234 243 245 242 232 226 224 227 229 227 230 231 228 230 226 223 217 211 204 201 193 -9999 -9999 -9999 -9999 -9999
-9999 -9999 -9999 -9999 -9999 -9999 -9999 -9999 -9999 -9999 -9999 -9999 -9999 -9999 -9999 435 -9999 -9999 -9999 355 343 323 301 308 305 295 296 280 294 310 282 272 263 265 253 248 263 286 284 274 257 257 258 252 237 235 233 239 251 246 241 235 243 257 256 259 251 254 257 258 264 252 253 246 240 235 234 235 235 236 230 227 229 230 233 225 224 225 222 222 219 215 211 207 202 194 -9999 -9999 -9999 -9999 -9999
-9999 -9999 -9999 -9999 -9999 -9999 -9999 -9999 -9999 -9999 -9999 -9999 542 -9999 -9999 -9999 -9999 385 -9999 346 313 315 312 -9999 309 328 313 264 236 244 233 248 249 254 248 248 247 257 288 294 290 269 263 261 264 250 227 227 246 252 247 241 243 246 245 244 242 249 255 253 265 261 256 251 248 242 245 243 238 240 239 237 233 229 225 222 218 221 220 214 209 208 211 203 197 -9999 -9999 -9999 -9999 -9999 -9999
-9999 -9999 -9999 -9999 -9999 -9999 -9999 -9999 -9999 -9999 -9999 -9999 546 489 469 462 -9999 416 394 356 362 354 -9999 361 -9999 316 -9999 298 -9999 301 266 250 282 286 251 239 242 245 244 261 267 271 267 260 244 234 235 234 233 241 243 247 256 260 256 254 253 249 243 243 246 253 257 256 257 250 248 250 247 243 239 237 235 235 230 223 222 217 216 218 212 208 204 200 196 -9999 -9999 -9999 -9999 -9999 -9999
-9999 -9999 -9999 -9999 -9999 -9999 -9999 -9999 -9999 -9999 -9999 -9999 517 -9999 452 442 443 437 419 382 376 396 365 -9999 283 316 269 266 290 292 315 315 316 297 260 264 247 261 250 242 247 245 259 271 262 252 237 229 227 249 250 254 261 253 266 263 269 267 251 245 246 248 255 260 263 262 257 256 252 248 239 235 231 229 -9999 229 229 227 219 217 219 214 204 -9999 -9999 -9999 -9999 -9999 -9999 -9999 -9999
-9999 -9999 -9999 -9999 -9999 -9999 -9999 -9999 -9999 -9999 -9999 -9999 491 458 460 453 449 438 433 424 408 350 360 -9999 267 -9999 282 281 267 285 290 282 294 276 277 262 254 260 270 258 263 260 243 259 268 265 249 232 231 243 244 243 247 249 250 257 255 260 255 244 246 251 252 255 256 253 260 255 254 251 240 233 235 230 227 225 220 217 217 212 215 210 203 197 -9999 -9999 -9999 -9999 -9999 -9999 -9999
-9999 -9999 -9999 -9999 -9999 -9999 -9999 -9999 -9999 -9999 -9999 550 469 472 494 485 484 470 455 434 -9999 375 336 291 269 273 260 258 285 274 258 268 275 250 241 256 263 268 267 263 258 249 239 244 265 260 262 256 233 226 239 242 245 255 246 246 248 249 257 256 251 249 249 248 248 244 248 249 244 241 238 232 236 232 230 228 228 225 218 211 209 206 -9999 197 -9999 -9999 -9999 -9999 -9999 -9999 -9999
-9999 -9999 -9999 -9999 -9999 -9999 -9999 -9999 -9999 -9999 560 -9999 -9999 479 -9999 507 507 491 461 -9999 394 398 -9999 317 329 295 287 285 279 285 294 283 248 242 234 232 255 261 265 273 264 262 252 232 240 246 246 248 241 229 235 244 249 248 250 244 242 247 255 259 256 254 251 248 250 247 243 234 -9999 239 240 238 235 236 233 230 234 232 227 224 217 207 202 197 -9999 -9999 -9999 -9999 -9999 -9999 -9999
-9999 -9999 -9999 -9999 -9999 -9999 -9999 -9999 -9999 -9999 -9999 488 479 511 536 545 528 515 492 461 441 406 379 340 335 342 344 334 321 308 282 263 273 256 252 253 248 258 256 259 258 250 253 250 234 227 230 238 243 233 232 236 245 245 245 242 245 251 250 254 255 254 257 251 244 246 245 241 233 -9999 233 234 234 236 233 229 236 233 225 220 213 205 201 197 -9999 -9999 -9999 -9999 -9999 -9999 -9999
-9999 -9999 -9999 -9999 -9999 -9999 -9999 -9999 -9999 -9999 -9999 448 -9999 519 534 537 545 524 502 456 426 407 391 374 371 361 339 326 298 291 288 270 257 242 243 254 272 267 258 254 260 255 244 250 242 230 -9999 220 226 236 241 236 239 241 239 243 248 242 248 253 254 250 250 250 247 245 247 250 244 238 235 236 238 233 228 223 222 225 224 218 211 206 202 198 194 -9999 -9999 -9999 -9999 -9999 -9999
-9999 -9999 -9999 -9999 -9999 -9999 -9999 -9999 -9999 -9999 -9999 430 456 -9999 523 546 551 530 499 458 428 398 366 375 363 -9999 352 331 316 282 262 256 253 257 255 242 266 270 272 257 250 254 246 249 252 250 251 246 236 247 253 250 237 236 242 250 251 248 247 240 247 254 253 249 247 245 242 241 246 243 239 235 236 230 223 221 225 222 218 212 206 203 201 198 195 192 189 -9999 184 -9999 -9999
-9999 -9999 -9999 -9999 -9999 -9999 -9999 -9999 -9999 -9999 -9999 -9999 -9999 489 -9999 539 554 526 -9999 -9999 424 400 400 356 351 339 334 315 303 293 279 269 266 264 269 279 260 260 261 268 269 250 253 -9999 256 264 259 248 244 249 244 251 246 239 245 244 247 245 238 237 239 246 249 246 247 245 244 243 241 242 242 248 240 230 225 221 219 216 217 213 208 204 201 199 196 193 190 188 185 181 -9999
-9999 -9999 -9999 -9999 -9999 -9999 -9999 -9999 -9999 -9999 -9999 411 -9999 462 -9999 516 519 -9999 482 478 -9999 441 419 392 379 361 339 325 313 303 298 292 283 276 262 263 268 271 255 247 246 246 244 250 259 259 257 247 246 247 245 244 247 239 245 242 245 236 233 230 238 234 237 240 244 245 250 247 247 245 241 239 238 233 229 227 220 216 215 210 208 203 201 199 196 193 192 189 186 182 177
-9999 -9999 -9999 -9999 -9999 -9999 -9999 -9999 -9999 -9999 -9999 -9999 -9999 -9999 -9999 -9999 -9999 -9999 489 -9999 431 441 430 408 382 362 344 328 321 313 301 297 286 269 280 252 256 248 239 238 241 235 233 257 258 255 251 245 245 244 248 251 251 241 241 238 242 238 232 225 232 232 229 231 236 239 237 243 245 246 247 241 234 230 223 223 221 216 210 208 205 202 200 198 195 193 190 188 186 181 177
-9999 -9999 -9999 -9999 -9999 -9999 -9999 -9999 -9999 -9999 -9999 -9999 -9999 435 438 -9999 478 485 484 459 427 429 -9999 414 381 360 344 352 327 304 299 295 285 264 256 262 265 243 245 239 233 254 242 242 239 240 246 244 246 248 247 248 243 238 233 231 233 235 -9999 223 224 228 223 230 234 232 234 233 234 236 235 239 238 231 226 219 215 213 209 206 202 200 198 197 195 192 189 187 184 180 176
-9999 -9999 -9999 -9999 -9999 -9999 -9999 -9999 -9999 -9999 -9999 -9999 -9999 -9999 -9999 -9999 -9999 -9999 464 449 437 405 412 401 370 341 319 314 313 279 288 295 282 274 263 242 258 255 243 238 229 240 -9999 232 -9999 232 240 244 242 243 246 245 244 238 231 227 225 230 229 221 218 217 220 224 224 224 226 227 226 226 230 223 225 220 217 214 212 210 207 202 199 197 194 192 191 188 187 185 183 179 175
-9999 -9999 -9999 -9999 -9999 -9999 -9999 -9999 -9999 -9999 -9999 -9999 -9999 362 395 414 430 452 440 426 417 395 399 390 370 346 358 313 277 281 275 272 267 276 257 240 233 250 246 237 239 231 224 -9999 -9999 225 230 235 237 241 242 242 238 237 237 229 219 218 215 215 212 210 209 211 214 216 216 221 222 -9999 218 216 210 210 209 207 205 203 200 197 -9999 193 190 188 187 185 184 183 182 178 173
-9999 -9999 -9999 -9999 -9999 -9999 -9999 -9999 -9999 -9999 -9999 -9999 -9999 346 361 -9999 -9999 407 419 423 419 426 414 406 375 347 357 312 286 270 262 259 255 255 254 235 233 253 252 249 231 223 215 211 -9999 215 221 230 232 238 240 237 232 232 233 230 225 217 212 209 207 204 204 203 204 208 209 -9999 213 213 214 207 203 202 201 200 199 198 196 194 192 189 187 185 183 -9999 179 179 179 176 -9999
-9999 -9999 -9999 -9999 -9999 -9999 -9999 -9999 -9999 -9999 -9999 -9999 312 -9999 -9999 -9999 -9999 -9999 416 420 428 427 413 400 376 348 339 320 299 280 296 268 270 257 254 237 229 -9999 223 228 219 214 207 -9999 -9999 209 213 219 228 236 239 234 231 227 225 224 218 212 209 205 -9999 -9999 -9999 -9999 -9999 199 204 204 205 206 200 196 196 196 -9999 195 -9999 -9999 194 193 191 189 187 184 181 178 175 173 173 170 165
-9999 -9999 -9999 -9999 -9999 -9999 -9999 -9999 -9999 -9999 -9999 -9999 -9999 -9999 -9999 -9999 364 397 414 422 425 422 400 401 385 360 328 331 313 293 290 280 276 267 248 236 232 225 218 215 211 205 -9999 -9999 -9999 -9999 -9999 -9999 223 230 236 235 229 227 222 221 215 207 203 201 -9999 -9999 -9999 -9999 -9999 194 197 198 197 195 194 193 195 195 194 193 193 191 192 190 188 186 183 181 176 174 169 -9999 165 162 -9999
-9999 -9999 -9999 -9999 -9999 -9999 -9999 -9999 -9999 -9999 -9999 -9999 -9999 -9999 -9999 -9999 360 -9999 408 428 430 414 398 392 382 365 337 317 320 309 294 282 266 269 254 238 231 222 -9999 -9999 -9999 -9999 -9999 -9999 -9999 -9999 -9999 -9999 217 228 231 231 227 224 220 215 208 -9999 -9999 -9999 194 -9999 -9999 -9999 -9999 193 -9999 197 196 196 193 195 195 193 192 190 189 188 187 185 183 182 180 177 172 167 162 -9999 154 -9999 -9999
-9999 -9999 -9999 -9999 -9999 -9999 -9999 -9999 -9999 -9999 -9999 -9999 -9999 -9999 306 333 369 393 405 416 415 397 396 391 381 357 341 319 322 306 294 283 271 263 250 -9999 -9999 -9999 -9999 -9999 -9999 -9999 -9999 -9999 -9999 -9999 -9999 -9999 211 221 223 225 222 220 220 209 -9999 -9999 -9999 -9999 -9999 -9999 -9999 -9999 189 191 193 193 195 192 -9999 193 190 187 186 185 185 187 186 184 181 179 176 -9999 168 -9999 -9999 -9999 -9999 -9999 -9999
