resultados/variables_proyeccion_tiempo/variables_presente/bio14.asc
ncols 330
nrows 228
xllcorner -12.000000
yllcorner 34.000000
cellsize 0.166667
NODATA_value -9999
[rows 144 to 191 of 228, columns 192 to 287 of 330]
31 28 29 28 27 27 28 29 30 31 33 34 35 36 36 36 35 35 37 41 44 46 45 42 41 43 45 45 44 41 39 37 35 31 28 26 26 26 26 26 26 27 27 28 29 29 29 30 29 30 30 30 30 30 30 30 30 30 29 29 29 29 28 28 28 28 27 27 27 27 27 26 27 27 27 27 27 27 27 27 27 27 27 28 28 28 28 28 28 28 28 28 28 28 28 27
28 27 27 27 27 27 28 29 29 31 32 33 35 35 35 35 34 34 37 40 44 45 45 42 40 38 39 41 43 44 41 38 36 34 30 25 25 26 25 25 25 26 27 27 28 29 29 29 29 29 29 30 30 29 29 29 29 29 29 29 28 28 28 28 27 27 27 26 26 26 26 26 26 26 27 27 27 27 27 26 27 27 27 27 27 26 26 26 27 27 27 26 27 27 27 27
27 27 27 27 27 28 28 29 29 30 31 33 34 34 35 35 34 35 38 40 41 43 42 41 41 41 39 44 44 45 41 38 35 31 30 26 25 24 24 24 25 25 26 26 27 28 28 29 28 28 28 28 29 29 29 29 28 29 28 28 28 28 27 27 27 27 26 26 26 25 25 25 25 26 26 27 27 27 26 26 26 26 27 27 26 -9999 25 -9999 25 26 -9999 -9999 26 26 26 26
27 27 27 27 28 28 28 29 29 30 31 32 33 34 35 35 35 36 36 37 39 39 38 37 37 38 36 39 37 37 38 37 36 35 31 29 25 24 24 24 25 24 25 26 27 28 28 28 28 28 28 28 28 28 28 28 28 28 28 28 27 27 27 27 27 26 26 26 25 25 25 25 25 25 26 27 27 26 26 26 26 26 26 26 26 25 24 25 25 -9999 25 25 25 25 25 26
28 28 28 28 28 28 29 29 30 30 31 33 34 34 35 35 35 35 35 35 35 35 34 34 33 33 33 34 35 37 38 39 37 36 33 32 29 25 23 23 23 23 24 25 27 27 27 28 28 28 28 28 28 28 27 27 27 28 27 27 27 27 27 27 26 26 26 25 25 25 24 24 25 25 26 27 26 26 26 25 25 26 26 -9999 26 25 25 25 25 25 25 25 25 25 25 25
28 28 28 28 28 29 29 30 30 31 32 34 35 35 37 38 36 35 34 32 32 32 31 30 31 31 32 32 37 39 40 42 36 36 35 29 29 27 23 22 21 22 24 26 27 27 27 27 27 28 28 28 28 27 27 27 27 27 27 27 27 26 26 26 26 26 26 25 25 25 24 24 24 25 26 27 26 26 25 25 25 25 -9999 26 26 25 25 25 25 25 25 25 25 24 24 25
28 28 28 28 29 29 30 30 31 32 33 35 36 36 39 38 39 36 33 32 30 29 27 28 29 30 30 31 31 32 34 34 31 34 32 32 28 26 22 21 21 21 24 26 27 28 28 28 27 27 27 28 27 27 27 27 26 26 26 26 26 26 26 26 26 26 25 25 25 25 24 24 25 26 27 27 26 25 25 25 25 24 25 25 26 25 25 25 25 25 25 24 24 24 24 24
29 28 28 29 29 30 30 31 31 32 33 34 34 34 35 44 48 41 39 35 29 28 26 27 28 28 29 29 29 30 35 38 30 32 36 33 33 31 25 21 22 22 24 26 28 27 27 28 27 27 27 27 27 27 26 26 26 26 26 26 26 26 26 26 26 26 26 25 25 25 25 -9999 26 26 27 26 26 25 24 24 24 24 24 24 25 25 25 25 25 25 24 24 24 24 24 24
29 29 29 29 30 30 31 31 32 32 33 34 36 39 35 39 48 46 47 45 34 29 27 26 27 28 28 28 28 28 30 34 34 33 30 34 34 34 29 24 24 23 25 27 28 28 27 27 27 26 27 27 26 26 26 26 26 26 25 25 26 26 26 26 -9999 26 -9999 -9999 -9999 -9999 -9999 -9999 -9999 -9999 26 26 25 24 24 24 24 24 24 24 25 25 25 25 25 25 25 24 24 24 -9999 -9999
29 29 29 30 30 31 31 32 33 33 33 34 34 37 38 39 46 40 41 40 35 31 27 26 27 27 27 27 27 27 28 29 29 37 28 32 35 32 27 26 25 25 26 27 28 28 27 27 27 26 26 26 26 26 26 26 26 25 26 26 25 25 26 26 26 -9999 -9999 -9999 -9999 -9999 -9999 -9999 27 27 26 26 25 24 24 23 23 24 24 24 25 26 25 25 25 25 25 -9999 24 -9999 -9999 -9999
28 29 30 30 31 32 32 33 33 34 36 36 37 36 37 35 36 37 38 40 37 30 27 27 27 27 27 27 27 26 27 27 27 30 34 29 32 36 31 26 25 26 26 27 28 28 27 27 26 26 26 26 26 26 25 25 25 25 25 25 25 -9999 -9999 26 -9999 -9999 -9999 -9999 -9999 -9999 -9999 -9999 27 26 26 25 25 24 23 23 23 24 24 25 26 26 25 25 26 26 -9999 -9999 -9999 -9999 -9999 -9999
30 30 31 31 32 33 33 34 34 35 36 36 36 37 36 37 35 35 36 35 33 28 27 27 27 27 27 28 28 28 27 26 27 26 29 32 30 31 34 32 29 29 27 27 27 28 28 27 26 26 26 26 25 25 25 25 24 25 25 25 25 25 25 -9999 -9999 -9999 -9999 -9999 -9999 -9999 -9999 -9999 -9999 -9999 -9999 -9999 -9999 -9999 -9999 -9999 23 -9999 25 -9999 -9999 -9999 -9999 25 -9999 -9999 -9999 -9999 -9999 -9999 -9999 -9999
32 32 32 32 33 33 34 35 35 36 36 36 35 35 36 35 35 33 34 31 30 30 28 28 27 28 28 28 28 28 27 26 29 27 30 29 28 33 39 35 30 29 28 27 27 28 28 27 26 26 26 25 25 25 24 24 24 24 24 24 24 25 -9999 -9999 -9999 -9999 -9999 -9999 -9999 -9999 -9999 -9999 -9999 -9999 -9999 -9999 -9999 -9999 -9999 -9999 -9999 -9999 27 27 27 26 -9999 25 -9999 -9999 -9999 -9999 -9999 -9999 -9999 -9999
34 33 33 33 34 34 35 36 35 36 36 36 36 39 42 44 40 34 33 36 39 39 40 34 30 28 28 29 29 29 29 29 28 26 27 31 32 40 43 39 33 31 28 27 27 27 28 28 26 27 26 25 25 25 24 23 23 23 23 -9999 -9999 -9999 -9999 -9999 -9999 -9999 -9999 -9999 -9999 -9999 -9999 -9999 -9999 -9999 -9999 -9999 -9999 -9999 -9999 -9999 26 27 28 29 28 26 24 25 -9999 -9999 -9999 -9999 -9999 -9999 -9999 -9999
35 35 34 34 35 36 36 37 37 37 37 37 37 41 43 43 40 36 38 43 50 49 51 49 44 34 42 48 50 49 46 40 33 38 37 41 39 40 41 39 35 31 29 27 27 27 27 27 27 27 26 25 25 24 24 23 22 22 -9999 -9999 -9999 -9999 -9999 -9999 -9999 -9999 -9999 -9999 -9999 -9999 -9999 -9999 -9999 -9999 -9999 -9999 -9999 26 27 27 28 29 31 31 30 28 26 26 26 26 -9999 -9999 -9999 -9999 -9999 -9999
37 36 35 36 36 37 37 38 38 38 39 39 39 38 45 51 52 52 46 42 42 51 51 44 41 35 38 42 43 46 44 44 49 47 46 44 41 37 35 33 32 31 29 27 27 27 27 26 27 26 -9999 26 25 24 23 23 22 20 -9999 -9999 -9999 -9999 -9999 -9999 -9999 -9999 -9999 -9999 -9999 -9999 -9999 -9999 -9999 -9999 -9999 27 28 27 27 28 29 31 31 32 32 31 29 28 27 27 -9999 -9999 -9999 -9999 -9999 -9999
39 38 38 38 38 38 38 38 39 39 41 42 48 44 47 57 54 51 47 46 42 45 44 45 42 36 35 35 35 35 36 41 43 40 39 36 34 33 33 32 30 30 28 28 28 27 27 27 27 27 27 26 25 25 24 23 21 18 -9999 -9999 -9999 -9999 -9999 -9999 -9999 -9999 -9999 -9999 -9999 -9999 -9999 -9999 -9999 -9999 -9999 -9999 -9999 -9999 -9999 29 29 30 31 32 32 32 31 30 29 28 28 27 27 27 27 27
41 40 38 38 38 39 39 40 40 40 43 47 51 44 48 50 44 41 38 36 35 35 35 35 34 33 33 34 34 33 35 35 34 34 34 33 32 32 33 32 30 29 29 28 28 28 27 27 27 28 28 27 26 25 24 23 20 18 -9999 -9999 -9999 -9999 -9999 -9999 -9999 -9999 -9999 -9999 -9999 -9999 -9999 -9999 -9999 -9999 -9999 -9999 -9999 -9999 -9999 -9999 -9999 30 31 33 34 34 34 33 32 31 31 29 28 -9999 28 29
42 39 38 38 39 40 40 41 40 41 44 45 44 46 44 45 41 38 37 36 36 36 36 35 35 33 34 35 34 34 34 34 33 33 33 33 32 32 32 31 31 30 30 29 29 28 28 28 28 29 29 28 27 -9999 25 23 21 -9999 -9999 -9999 -9999 -9999 -9999 -9999 -9999 -9999 -9999 -9999 -9999 -9999 -9999 -9999 -9999 -9999 -9999 -9999 -9999 -9999 -9999 -9999 -9999 -9999 32 34 36 37 40 39 36 35 33 -9999 -9999 -9999 -9999 -9999
42 40 38 39 40 41 41 41 41 41 44 44 46 46 41 41 40 38 38 37 36 36 36 36 36 34 35 35 35 34 34 34 34 34 34 34 34 33 33 32 31 31 30 30 29 29 28 28 28 29 30 29 27 -9999 -9999 -9999 -9999 -9999 -9999 -9999 -9999 -9999 -9999 -9999 -9999 -9999 -9999 -9999 -9999 -9999 -9999 -9999 -9999 -9999 -9999 -9999 -9999 -9999 -9999 -9999 -9999 31 33 36 39 43 41 -9999 -9999 -9999 -9999 -9999 -9999 -9999 -9999 -9999
45 42 41 41 42 42 42 41 42 42 44 44 44 43 42 38 38 39 38 37 36 36 36 36 36 35 36 36 35 35 35 35 35 35 35 35 35 35 34 33 32 32 31 30 30 29 29 28 29 29 29 29 27 -9999 -9999 -9999 -9999 -9999 -9999 -9999 -9999 -9999 -9999 -9999 -9999 -9999 -9999 -9999 -9999 -9999 -9999 -9999 -9999 -9999 -9999 -9999 -9999 -9999 -9999 -9999 -9999 32 35 39 44 46 -9999 -9999 -9999 -9999 -9999 -9999 -9999 -9999 -9999 -9999
49 47 45 45 44 44 42 42 42 44 44 45 43 42 40 38 38 38 38 37 36 36 35 36 36 35 35 36 36 36 35 35 35 35 36 36 36 35 35 34 33 32 32 31 30 30 30 29 29 29 29 28 -9999 -9999 -9999 -9999 -9999 -9999 -9999 -9999 -9999 -9999 -9999 -9999 -9999 -9999 -9999 -9999 -9999 -9999 -9999 -9999 -9999 -9999 -9999 -9999 -9999 -9999 -9999 -9999 -9999 -9999 38 45 -9999 -9999 -9999 -9999 -9999 -9999 -9999 -9999 -9999 -9999 -9999 -9999
52 50 49 47 45 44 43 42 43 44 45 46 44 44 40 38 37 37 36 36 36 36 36 36 35 35 35 36 36 36 36 35 36 36 36 36 36 36 35 34 33 33 32 31 30 30 30 30 30 29 29 28 -9999 -9999 -9999 -9999 -9999 -9999 -9999 -9999 -9999 -9999 -9999 -9999 -9999 -9999 -9999 -9999 -9999 -9999 -9999 -9999 -9999 -9999 -9999 -9999 -9999 -9999 -9999 -9999 -9999 -9999 -9999 -9999 -9999 -9999 -9999 -9999 -9999 -9999 -9999 -9999 -9999 -9999 -9999 -9999
53 52 50 49 46 44 44 43 43 46 49 47 44 42 40 39 37 36 35 35 35 35 36 35 35 35 35 35 36 36 36 36 36 36 36 36 36 35 35 34 34 34 33 32 31 31 31 31 31 31 30 29 -9999 -9999 -9999 -9999 -9999 -9999 -9999 -9999 -9999 -9999 -9999 -9999 -9999 -9999 -9999 -9999 -9999 -9999 -9999 -9999 -9999 -9999 -9999 -9999 -9999 -9999 -9999 -9999 -9999 -9999 -9999 -9999 -9999 -9999 -9999 -9999 -9999 -9999 -9999 -9999 -9999 -9999 -9999 -9999
55 53 50 48 46 46 44 43 42 45 47 44 42 41 41 40 38 36 35 34 35 35 36 36 36 36 36 36 36 37 36 36 36 36 36 35 36 36 36 36 35 35 35 34 34 33 33 33 32 31 31 30 -9999 -9999 -9999 -9999 -9999 -9999 -9999 -9999 -9999 -9999 -9999 -9999 -9999 -9999 -9999 -9999 -9999 -9999 -9999 -9999 -9999 -9999 -9999 -9999 -9999 -9999 -9999 -9999 -9999 -9999 -9999 -9999 -9999 -9999 -9999 -9999 -9999 -9999 -9999 -9999 -9999 -9999 -9999 -9999
58 55 53 48 46 47 45 44 43 44 45 45 44 42 43 40 39 37 36 36 37 37 37 37 36 -9999 36 36 37 37 36 36 36 36 35 36 37 37 37 37 37 37 36 35 35 34 34 34 33 33 32 -9999 -9999 -9999 -9999 -9999 -9999 -9999 -9999 -9999 -9999 -9999 -9999 -9999 -9999 -9999 -9999 -9999 -9999 -9999 -9999 -9999 -9999 -9999 -9999 -9999 -9999 -9999 -9999 -9999 -9999 -9999 -9999 -9999 -9999 -9999 -9999 -9999 -9999 -9999 -9999 -9999 -9999 -9999 -9999 -9999
61 59 58 54 52 48 45 44 44 43 44 45 44 42 44 43 41 39 39 39 39 38 38 38 38 37 37 37 38 37 37 37 36 36 37 37 37 38 38 38 39 38 38 37 36 35 35 35 35 34 33 -9999 -9999 -9999 -9999 -9999 -9999 -9999 -9999 -9999 -9999 -9999 -9999 -9999 -9999 -9999 -9999 -9999 -9999 -9999 -9999 -9999 -9999 -9999 -9999 -9999 -9999 -9999 -9999 -9999 -9999 -9999 -9999 -9999 -9999 -9999 -9999 -9999 -9999 -9999 -9999 -9999 -9999 -9999 -9999 -9999
65 64 62 56 56 54 48 46 47 45 43 43 43 43 42 46 45 42 41 41 41 41 40 39 38 38 37 38 39 37 37 37 37 37 37 38 39 38 38 38 39 39 37 37 37 36 37 36 35 35 35 -9999 -9999 -9999 -9999 -9999 -9999 -9999 -9999 -9999 -9999 -9999 -9999 -9999 -9999 -9999 -9999 -9999 -9999 -9999 -9999 -9999 -9999 -9999 -9999 -9999 -9999 -9999 -9999 -9999 -9999 -9999 -9999 -9999 -9999 -9999 -9999 -9999 -9999 -9999 -9999 -9999 -9999 -9999 -9999 -9999
70 68 65 59 59 56 51 47 45 44 43 42 42 42 41 41 45 44 42 42 42 43 42 41 39 39 38 39 38 38 38 37 37 37 37 38 38 39 39 37 37 37 36 36 35 35 36 36 -9999 -9999 -9999 -9999 -9999 -9999 -9999 -9999 -9999 -9999 -9999 -9999 -9999 -9999 -9999 -9999 -9999 -9999 -9999 -9999 -9999 -9999 -9999 -9999 -9999 -9999 -9999 -9999 -9999 -9999 -9999 -9999 -9999 -9999 -9999 -9999 -9999 -9999 -9999 -9999 -9999 -9999 -9999 -9999 -9999 -9999 -9999 -9999
74 71 67 64 59 58 55 48 47 44 42 40 40 42 40 39 40 41 43 42 42 42 41 40 40 39 39 40 39 40 39 40 39 38 38 37 40 41 40 38 37 37 36 35 34 33 34 34 -9999 -9999 -9999 -9999 -9999 -9999 -9999 -9999 -9999 -9999 -9999 -9999 -9999 -9999 -9999 -9999 -9999 -9999 -9999 -9999 -9999 -9999 -9999 -9999 -9999 -9999 -9999 -9999 -9999 -9999 -9999 -9999 -9999 -9999 -9999 -9999 -9999 -9999 -9999 -9999 -9999 -9999 -9999 -9999 -9999 -9999 -9999 -9999
74 70 69 66 59 56 54 49 48 43 41 39 38 40 40 40 39 38 39 39 39 40 39 40 40 41 41 40 40 40 39 40 41 41 41 41 41 42 42 41 39 37 36 36 36 35 33 -9999 -9999 -9999 -9999 -9999 -9999 -9999 -9999 -9999 -9999 -9999 -9999 -9999 -9999 -9999 -9999 -9999 -9999 -9999 -9999 -9999 -9999 -9999 -9999 -9999 -9999 -9999 -9999 -9999 -9999 -9999 -9999 -9999 -9999 -9999 -9999 -9999 -9999 -9999 -9999 -9999 -9999 -9999 -9999 -9999 -9999 -9999 -9999 -9999
74 71 62 58 56 53 49 49 47 44 41 40 37 40 40 38 38 37 37 34 34 37 39 40 40 41 41 41 42 43 43 43 43 43 43 43 43 43 42 39 36 34 34 33 33 32 33 -9999 -9999 -9999 -9999 -9999 -9999 -9999 -9999 -9999 -9999 -9999 -9999 -9999 -9999 -9999 -9999 -9999 -9999 -9999 -9999 -9999 -9999 -9999 -9999 -9999 -9999 -9999 -9999 -9999 -9999 -9999 -9999 -9999 -9999 -9999 -9999 -9999 -9999 -9999 -9999 -9999 -9999 -9999 -9999 -9999 -9999 -9999 -9999 -9999
76 66 57 54 53 51 47 47 45 41 40 38 37 40 39 37 36 36 37 38 35 36 37 39 39 40 41 39 37 39 41 40 40 39 39 37 35 34 33 32 32 31 31 29 29 30 -9999 -9999 -9999 -9999 -9999 -9999 -9999 -9999 -9999 -9999 -9999 -9999 -9999 -9999 -9999 -9999 -9999 -9999 -9999 -9999 -9999 -9999 -9999 -9999 -9999 -9999 -9999 -9999 -9999 -9999 -9999 -9999 -9999 -9999 -9999 -9999 -9999 -9999 -9999 -9999 -9999 -9999 -9999 -9999 -9999 -9999 -9999 -9999 -9999 -9999
64 59 54 51 50 50 46 43 40 39 36 36 37 38 37 35 35 35 35 36 37 37 37 37 36 36 35 33 33 35 38 38 38 36 33 32 32 32 31 31 31 30 28 27 28 29 -9999 -9999 -9999 -9999 -9999 -9999 -9999 -9999 -9999 -9999 -9999 -9999 -9999 -9999 -9999 -9999 -9999 -9999 -9999 -9999 -9999 -9999 -9999 -9999 -9999 -9999 -9999 -9999 -9999 -9999 -9999 -9999 -9999 -9999 -9999 -9999 -9999 -9999 -9999 -9999 -9999 -9999 -9999 -9999 -9999 -9999 -9999 -9999 -9999 -9999
55 54 55 51 48 54 51 42 43 39 34 34 36 35 35 35 33 34 34 34 35 35 36 35 34 33 32 31 31 31 31 32 32 31 30 30 30 31 30 29 30 29 29 29 29 29 28 -9999 -9999 -9999 -9999 -9999 -9999 -9999 -9999 -9999 -9999 -9999 -9999 -9999 -9999 -9999 -9999 -9999 -9999 -9999 -9999 -9999 -9999 -9999 -9999 -9999 -9999 -9999 -9999 -9999 -9999 -9999 -9999 -9999 -9999 -9999 -9999 -9999 -9999 -9999 -9999 -9999 -9999 -9999 -9999 -9999 -9999 -9999 -9999 -9999
56 53 52 55 58 56 44 39 37 35 32 32 33 35 36 34 33 33 32 33 33 34 35 35 35 34 32 32 31 29 29 29 28 28 28 28 30 31 29 28 29 30 30 31 29 28 28 28 -9999 -9999 -9999 -9999 -9999 -9999 -9999 -9999 -9999 -9999 -9999 -9999 -9999 -9999 -9999 -9999 -9999 -9999 -9999 -9999 -9999 -9999 -9999 -9999 -9999 -9999 -9999 -9999 -9999 -9999 -9999 -9999 -9999 -9999 -9999 -9999 -9999 -9999 -9999 -9999 -9999 -9999 -9999 -9999 -9999 -9999 -9999 -9999
53 55 55 60 62 45 44 40 35 31 32 31 32 31 32 32 32 31 30 32 32 32 34 34 35 36 36 38 38 36 32 31 28 27 27 26 27 30 29 28 29 28 28 30 30 29 28 27 -9999 -9999 -9999 -9999 -9999 -9999 -9999 -9999 -9999 -9999 -9999 -9999 -9999 -9999 -9999 -9999 -9999 -9999 -9999 -9999 -9999 -9999 -9999 -9999 -9999 -9999 -9999 -9999 -9999 -9999 48 47 46 45 45 44 44 42 40 38 36 35 33 -9999 -9999 -9999 -9999 -9999
51 54 50 58 54 45 47 43 47 36 30 30 30 31 33 33 31 31 30 30 32 31 32 33 34 35 35 37 38 39 35 30 28 26 26 26 25 24 25 25 25 24 24 25 25 28 29 26 -9999 -9999 -9999 -9999 -9999 -9999 -9999 -9999 -9999 -9999 -9999 -9999 -9999 -9999 -9999 -9999 -9999 -9999 -9999 -9999 -9999 -9999 -9999 -9999 -9999 -9999 -9999 49 47 46 44 43 42 40 39 39 38 37 37 36 34 33 32 -9999 -9999 -9999 -9999 -9999
44 52 46 51 54 46 45 39 41 34 32 29 29 31 31 30 30 31 29 27 29 31 29 30 32 34 35 36 36 34 31 28 25 25 25 26 24 23 23 23 23 22 21 21 21 22 23 24 25 -9999 -9999 -9999 -9999 -9999 -9999 -9999 -9999 -9999 -9999 -9999 -9999 -9999 -9999 -9999 -9999 -9999 -9999 -9999 -9999 -9999 -9999 -9999 53 53 51 46 43 42 41 39 37 36 36 36 35 35 34 33 32 31 30 29 28 28 29 30
49 51 48 48 49 44 43 40 35 37 34 31 30 29 30 29 28 29 28 26 26 29 29 29 28 30 28 32 34 31 27 24 23 23 24 24 22 21 21 21 21 20 18 18 18 19 19 21 25 26 25 -9999 -9999 -9999 -9999 -9999 -9999 -9999 -9999 -9999 -9999 -9999 -9999 -9999 -9999 -9999 -9999 -9999 -9999 -9999 53 50 53 49 43 41 40 38 37 35 34 33 32 32 32 30 29 29 29 28 27 26 25 26 27 28
44 43 49 48 44 45 43 38 34 36 34 33 34 33 28 27 -9999 27 27 25 26 28 28 26 27 25 23 23 25 23 21 24 23 22 24 25 20 19 18 19 19 19 17 17 17 17 17 19 22 24 24 24 26 27 29 -9999 -9999 -9999 -9999 -9999 -9999 -9999 -9999 -9999 -9999 -9999 -9999 -9999 55 54 45 43 43 39 38 37 35 34 33 32 30 29 28 27 27 26 26 25 25 25 23 24 23 22 21 22
36 44 44 43 -9999 45 42 39 33 35 35 37 32 32 28 25 25 26 27 24 22 22 24 21 17 16 22 21 17 15 15 15 15 15 17 22 19 16 16 17 18 18 17 17 17 17 16 18 20 -9999 23 23 24 25 27 28 29 31 34 37 40 45 48 49 52 -9999 53 54 50 41 35 36 32 33 36 32 31 30 29 29 28 27 26 26 23 23 23 22 22 20 19 19 18 18 17 18
35 39 46 44 42 43 -9999 45 33 33 39 32 26 29 27 23 24 24 26 26 23 20 18 18 22 15 -9999 -9999 13 -9999 -9999 -9999 -9999 15 15 14 14 13 14 15 16 16 17 17 17 -9999 -9999 -9999 -9999 -9999 -9999 -9999 -9999 -9999 -9999 26 27 30 32 35 38 42 46 49 46 49 48 46 38 32 31 29 28 31 32 29 30 29 27 25 24 22 22 21 20 20 19 18 18 18 17 16 15 14 14 15
36 37 44 43 41 42 40 42 35 32 31 31 25 22 22 22 22 23 22 23 22 22 -9999 -9999 16 -9999 -9999 15 -9999 -9999 -9999 -9999 -9999 -9999 -9999 -9999 12 12 13 14 15 16 16 19 -9999 -9999 -9999 -9999 -9999 -9999 -9999 -9999 -9999 -9999 -9999 -9999 -9999 -9999 -9999 -9999 34 37 42 44 42 38 40 37 29 27 26 27 27 28 28 28 27 25 24 23 21 19 19 18 18 17 16 16 15 15 14 13 12 11 11 13
33 40 44 44 41 41 39 36 37 31 30 37 28 21 21 20 20 -9999 22 22 19 19 19 -9999 -9999 -9999 -9999 -9999 -9999 -9999 -9999 -9999 -9999 -9999 -9999 -9999 -9999 -9999 -9999 -9999 -9999 14 -9999 -9999 -9999 -9999 -9999 -9999 -9999 -9999 -9999 -9999 -9999 24 25 24 26 27 29 30 31 31 31 33 31 30 28 27 26 25 27 27 25 25 25 24 24 23 21 20 18 16 15 15 14 14 14 14 13 13 12 11 10 9 9 10
32 34 38 40 44 42 37 32 33 34 30 30 30 25 22 20 -9999 20 19 20 21 20 17 -9999 -9999 -9999 -9999 -9999 -9999 -9999 -9999 -9999 -9999 16 -9999 -9999 -9999 -9999 11 12 -9999 -9999 13 13 -9999 -9999 -9999 -9999 -9999 -9999 -9999 -9999 -9999 -9999 -9999 25 24 -9999 24 24 25 25 25 25 24 24 23 23 22 21 20 22 23 21 19 20 20 20 18 16 15 14 14 13 13 12 12 12 11 11 10 10 9 8 9 9
29 32 33 37 41 39 37 32 29 31 28 24 28 28 20 -9999 -9999 -9999 -9999 -9999 -9999 -9999 -9999 -9999 -9999 14 -9999 -9999 -9999 -9999 -9999 -9999 -9999 -9999 -9999 -9999 -9999 -9999 10 11 13 15 12 12 13 13 14 14 14 15 16 17 19 21 22 22 21 19 19 19 20 19 19 19 20 20 20 19 18 17 17 17 15 16 16 17 16 15 14 14 12 12 12 11 11 11 10 10 10 9 9 9 8 8 8 7
27 29 36 31 33 39 38 32 27 26 26 26 26 28 30 -9999 -9999 -9999 -9999 -9999 15 -9999 -9999 15 -9999 -9999 -9999 -9999 -9999 -9999 -9999 -9999 -9999 -9999 -9999 -9999 -9999 9 10 12 14 13 12 13 15 13 13 13 13 13 13 17 20 22 27 33 20 17 18 17 15 16 16 17 17 17 17 16 16 15 13 12 12 13 14 13 13 12 12 13 11 10 10 10 9 9 9 9 9 8 9 9 8 8 8 8
