resultados/variables_proyeccion_tiempo/variables_presente/bio15.asc
ncols 330
nrows 228
xllcorner -12.000000
yllcorner 34.000000
cellsize 0.166667
NODATA_value -9999
[rows 144 to 191 of 228, columns 96 to 191 of 330]
13 13 14 15 16 17 17 16 15 14 13 12 11 11 10 11 11 11 12 24 31 29 24 17 14 14 16 17 19 22 25 27 28 29 29 29 29 29 30 30 31 33 33 34 35 36 36 36 36 35 34 34 33 33 31 28 27 27 27 28 29 31 32 33 35 35 35 35 35 35 34 34 32 31 29 29 29 28 28 27 26 26 26 26 26 25 24 23 23 24 23 24 26 27 29 31
13 14 14 14 15 15 15 14 14 13 12 12 11 10 10 10 11 12 16 23 26 26 18 16 15 17 19 20 23 25 27 29 29 29 28 28 28 29 30 30 32 33 34 35 36 37 37 37 36 35 35 33 32 32 32 28 27 26 26 26 27 29 30 32 33 33 32 33 33 32 33 34 34 33 32 31 30 29 28 27 26 27 27 26 25 24 24 23 23 23 23 24 26 27 28 29
13 14 14 14 14 14 13 13 13 13 12 12 11 11 11 11 12 13 16 19 21 25 25 23 23 24 23 23 25 26 28 29 -9999 -9999 28 28 29 29 30 31 32 33 35 36 37 37 37 37 37 36 35 32 31 29 27 27 26 26 26 26 27 28 30 30 32 31 31 32 34 35 33 32 35 34 34 33 32 31 29 28 28 28 27 26 25 24 23 23 22 23 23 25 26 26 28 28
13 13 14 14 13 13 13 13 13 13 12 12 12 11 11 12 12 13 15 16 19 20 21 23 25 26 25 25 26 26 27 28 29 28 28 28 29 30 29 31 32 32 33 36 32 34 37 38 38 37 34 33 31 28 26 28 26 25 25 26 26 26 26 27 29 32 35 37 36 34 36 35 36 35 35 35 34 32 31 30 30 29 27 26 25 24 23 22 22 23 24 25 26 26 27 28
12 13 14 14 13 13 13 13 13 12 12 13 12 12 11 12 12 12 12 14 16 19 24 25 26 27 29 27 27 27 27 27 27 29 28 29 28 28 27 28 32 32 30 35 37 35 33 37 32 33 33 31 29 29 28 26 24 24 23 23 24 26 28 30 33 34 32 37 37 38 39 38 38 37 37 37 35 33 31 30 29 28 27 26 24 23 22 22 22 23 24 25 25 26 27 27
13 13 14 13 13 13 13 13 12 12 12 12 11 11 11 11 11 12 15 19 20 22 21 22 26 29 30 26 24 23 25 24 27 27 27 29 28 25 28 31 29 28 21 30 37 30 31 30 27 -9999 23 25 21 24 25 22 22 24 25 25 26 27 29 27 31 30 37 40 42 41 40 38 37 36 36 36 34 32 31 29 28 27 26 25 23 22 22 22 22 23 24 24 25 26 26 27
14 14 13 14 14 14 13 13 12 12 11 10 10 11 11 12 13 18 19 18 18 19 19 18 18 23 22 24 21 19 22 21 25 29 30 28 25 23 29 28 19 21 25 29 38 33 31 39 29 27 29 31 25 28 26 25 24 25 24 24 26 28 31 28 30 30 31 38 41 40 38 36 35 35 34 34 33 31 30 28 27 26 25 -9999 22 22 22 22 23 23 24 24 25 25 26 26
16 15 15 14 14 14 13 12 12 11 9 10 11 12 12 12 13 15 15 13 12 18 16 16 16 17 13 17 17 19 23 27 29 28 27 23 26 29 27 32 21 24 29 38 37 40 41 44 41 38 35 33 31 30 27 26 25 24 24 24 27 30 33 30 31 30 29 35 36 35 34 34 33 33 32 32 31 30 28 27 -9999 25 24 24 23 23 23 23 23 23 23 24 25 25 25 26
18 17 16 15 15 14 13 12 11 9 9 10 13 14 11 12 11 11 12 9 10 11 12 12 -9999 11 11 16 16 19 18 21 24 27 23 26 26 28 29 31 33 35 38 38 40 41 37 38 36 35 36 34 31 29 28 26 24 23 23 24 26 29 30 29 29 29 29 30 30 31 31 31 31 30 30 30 29 29 28 27 26 25 25 24 23 23 23 23 23 23 23 24 24 25 25 26
20 19 17 16 15 15 13 12 10 9 9 11 13 11 -9999 -9999 -9999 12 9 9 9 9 9 9 12 12 12 19 20 25 21 23 24 23 23 20 26 28 31 22 30 38 37 35 40 40 38 39 39 38 35 34 31 27 25 24 24 22 22 22 23 23 23 23 24 25 26 25 26 27 28 28 28 28 28 28 28 27 27 26 26 25 25 24 24 24 24 23 23 23 23 24 24 25 25 26
22 20 17 16 16 15 14 12 10 9 9 12 10 11 10 11 11 11 10 11 11 11 11 12 -9999 17 18 23 25 26 27 28 29 27 26 29 31 34 33 31 36 39 32 34 40 40 39 37 36 33 33 30 26 24 22 22 21 21 21 21 21 21 21 21 22 22 23 23 24 25 25 26 26 26 26 26 26 26 26 26 25 25 25 26 26 26 26 24 23 23 23 23 24 25 25 27
24 21 18 17 18 16 14 12 10 8 9 10 9 9 10 10 10 10 10 9 8 -9999 8 -9999 12 21 22 25 26 28 29 28 29 30 30 30 31 34 32 30 35 32 30 33 36 35 34 30 25 27 29 24 22 21 21 20 19 19 19 19 19 19 18 18 19 19 20 21 21 22 23 24 24 25 25 25 25 25 25 25 25 25 25 25 26 27 25 24 23 22 22 23 23 24 25 26
25 22 19 19 18 16 14 12 9 8 9 9 9 10 11 10 10 10 9 -9999 8 8 8 10 16 21 23 -9999 25 26 28 27 29 30 31 31 31 30 34 34 34 28 29 34 35 34 29 24 23 20 20 20 20 19 19 19 18 18 18 18 17 17 17 17 18 18 18 19 19 20 21 21 22 23 23 23 24 24 24 24 24 24 24 25 25 25 24 23 22 21 21 22 23 23 24 25
26 24 20 18 19 18 15 12 11 9 10 10 9 10 10 10 11 9 8 10 10 12 12 12 19 23 23 -9999 22 23 24 23 23 24 25 26 25 30 29 29 -9999 30 31 28 21 20 17 17 18 17 18 18 18 18 18 -9999 17 -9999 17 17 16 16 17 16 17 18 18 18 18 18 19 20 21 21 22 22 22 23 23 23 24 24 24 24 24 23 22 21 21 20 21 21 22 23 23 24
26 24 20 18 19 17 14 11 10 10 9 10 10 10 10 10 9 9 9 8 8 9 17 19 24 23 22 22 21 22 22 21 20 20 20 21 21 23 22 -9999 22 24 26 22 15 13 14 15 15 16 17 17 17 -9999 -9999 -9999 -9999 -9999 17 17 17 17 16 16 17 18 17 19 18 18 18 18 18 19 20 21 21 21 22 23 24 24 24 23 23 22 21 20 19 19 20 21 21 22 22 22
24 23 19 16 18 16 13 11 10 10 9 10 10 10 10 9 10 9 9 9 12 19 25 25 25 24 23 23 22 22 22 21 19 19 20 19 19 18 19 19 20 21 21 17 15 13 13 14 14 -9999 -9999 -9999 -9999 -9999 -9999 -9999 -9999 16 17 18 17 18 20 17 18 18 19 20 19 18 17 17 17 18 18 19 19 20 21 22 23 23 23 23 23 22 21 20 19 19 20 20 21 21 21 21
25 22 17 17 17 16 13 11 11 11 11 11 11 10 10 10 10 9 9 10 20 27 28 27 26 25 24 24 23 23 23 22 21 21 21 20 19 18 18 18 18 19 19 17 15 14 14 13 14 -9999 -9999 -9999 -9999 -9999 -9999 -9999 -9999 -9999 17 18 20 -9999 -9999 -9999 19 17 19 21 20 19 18 17 16 16 17 17 18 18 19 20 20 21 21 22 22 21 20 19 19 19 20 21 22 22 21 21
22 19 17 16 17 17 15 14 11 10 12 11 11 11 11 10 10 10 13 17 25 28 29 29 28 26 25 25 25 25 25 24 24 24 24 22 20 19 18 17 17 18 18 17 16 16 15 14 14 14 -9999 -9999 -9999 -9999 -9999 -9999 -9999 -9999 19 19 21 -9999 -9999 27 -9999 21 21 21 21 20 19 18 17 16 16 16 17 17 17 18 18 19 20 20 20 20 19 19 19 19 20 21 22 23 22 22
18 17 17 17 17 18 15 11 11 11 12 11 11 11 11 10 10 9 11 20 25 27 28 29 28 27 27 27 27 27 27 26 25 26 26 24 22 20 19 18 18 18 18 18 18 19 17 15 15 14 15 -9999 -9999 -9999 -9999 -9999 -9999 -9999 -9999 21 -9999 -9999 26 -9999 -9999 23 22 23 21 20 21 19 18 17 16 16 15 16 17 17 17 18 18 19 19 20 19 19 19 19 19 20 21 22 21 21
16 17 17 18 20 19 16 14 13 12 12 12 12 11 11 11 10 10 11 19 24 26 27 28 28 28 28 28 29 29 27 24 25 25 25 24 23 22 21 20 19 19 19 19 19 19 18 16 15 -9999 -9999 -9999 -9999 -9999 -9999 -9999 -9999 -9999 -9999 -9999 -9999 -9999 26 -9999 -9999 22 20 25 23 21 20 20 18 18 17 16 16 16 16 16 17 17 17 17 18 19 19 20 20 19 19 19 20 20 20 20
17 19 21 20 22 20 17 14 13 13 13 13 14 13 13 13 11 10 11 16 22 25 26 27 27 28 28 29 29 31 27 25 24 24 25 25 23 23 22 21 21 20 20 20 19 19 17 16 16 16 -9999 -9999 -9999 -9999 -9999 -9999 -9999 -9999 -9999 -9999 -9999 -9999 -9999 -9999 -9999 -9999 23 26 27 23 22 20 21 19 18 17 17 17 17 17 17 18 17 16 17 18 17 19 21 21 19 18 19 19 19 19
19 22 22 22 24 22 18 16 15 14 15 15 15 15 13 12 12 11 13 16 22 25 26 26 26 28 29 28 -9999 -9999 32 31 28 27 26 26 22 23 23 22 21 21 21 21 20 19 18 16 16 16 -9999 -9999 -9999 -9999 -9999 -9999 -9999 -9999 -9999 -9999 -9999 -9999 -9999 -9999 -9999 -9999 30 26 25 26 24 22 22 21 19 18 19 18 18 17 17 17 17 16 15 16 16 17 18 18 17 19 18 18 19 18
22 24 24 26 26 25 22 18 16 15 16 17 16 15 15 13 12 13 14 15 18 19 19 21 25 28 32 -9999 -9999 -9999 -9999 -9999 -9999 32 31 31 28 23 22 22 22 23 22 23 22 20 18 17 16 16 -9999 -9999 -9999 -9999 -9999 -9999 -9999 -9999 -9999 -9999 -9999 -9999 -9999 -9999 -9999 -9999 -9999 32 31 28 27 25 23 22 21 21 20 19 20 18 18 17 16 15 15 16 16 17 17 17 16 16 17 19 19 18
25 26 27 27 28 27 25 20 17 16 17 18 18 18 17 16 16 17 18 16 15 19 19 26 31 -9999 -9999 -9999 -9999 -9999 -9999 -9999 -9999 -9999 -9999 35 31 26 26 24 23 23 24 24 24 23 20 18 17 16 16 -9999 -9999 -9999 -9999 -9999 -9999 -9999 -9999 -9999 -9999 -9999 -9999 -9999 -9999 -9999 -9999 -9999 33 32 30 30 28 26 23 22 22 21 19 19 19 17 16 15 14 13 14 14 15 17 16 16 16 17 20 19
28 30 31 31 30 29 27 24 22 21 21 21 20 19 19 19 22 24 27 27 25 29 29 33 34 -9999 -9999 -9999 -9999 -9999 -9999 -9999 -9999 -9999 -9999 -9999 -9999 33 30 29 27 26 25 24 23 23 21 20 18 18 18 17 15 -9999 -9999 -9999 -9999 -9999 -9999 -9999 -9999 -9999 -9999 -9999 -9999 -9999 -9999 -9999 -9999 33 33 32 30 29 27 24 26 24 20 20 18 18 15 15 14 12 12 13 13 14 15 15 16 16 17 16
31 32 33 33 32 30 29 27 26 25 25 24 24 23 23 23 24 25 31 37 34 -9999 -9999 -9999 -9999 -9999 -9999 -9999 -9999 -9999 -9999 -9999 -9999 -9999 -9999 -9999 -9999 -9999 34 31 30 28 26 25 24 23 22 20 20 19 18 17 16 15 15 -9999 -9999 -9999 -9999 -9999 -9999 -9999 -9999 -9999 -9999 -9999 -9999 -9999 -9999 -9999 -9999 34 32 30 28 29 28 28 26 24 19 20 21 18 14 13 12 12 11 11 12 12 13 16 16 15
33 34 34 34 34 33 32 31 29 28 27 28 29 29 30 33 36 40 42 -9999 -9999 -9999 -9999 -9999 -9999 -9999 -9999 -9999 -9999 -9999 -9999 -9999 -9999 -9999 -9999 -9999 -9999 -9999 35 33 31 28 27 26 25 24 22 21 20 19 19 18 17 16 15 15 15 -9999 -9999 -9999 -9999 -9999 -9999 -9999 -9999 -9999 -9999 -9999 -9999 -9999 -9999 -9999 32 32 31 31 31 31 30 27 22 19 24 17 18 14 12 12 13 12 11 12 12 13 15 15
-9999 -9999 -9999 -9999 -9999 -9999 -9999 34 32 31 30 32 34 36 38 39 -9999 -9999 -9999 -9999 -9999 -9999 -9999 -9999 -9999 -9999 -9999 -9999 -9999 -9999 -9999 -9999 -9999 -9999 -9999 -9999 -9999 -9999 35 32 31 28 28 27 27 25 24 22 20 20 19 19 18 17 16 15 16 17 -9999 -9999 -9999 -9999 -9999 -9999 -9999 -9999 -9999 -9999 -9999 -9999 -9999 -9999 -9999 -9999 -9999 -9999 33 33 31 33 30 29 28 25 19 17 14 13 15 13 12 12 12 12 13 13
-9999 -9999 -9999 -9999 -9999 -9999 -9999 -9999 36 35 34 33 37 38 38 41 -9999 -9999 -9999 -9999 -9999 -9999 -9999 -9999 -9999 -9999 -9999 -9999 -9999 -9999 -9999 -9999 -9999 -9999 -9999 -9999 -9999 -9999 -9999 35 31 29 28 29 29 27 25 23 22 21 21 20 19 18 17 16 16 17 -9999 -9999 -9999 -9999 -9999 -9999 -9999 -9999 -9999 -9999 -9999 -9999 -9999 -9999 -9999 -9999 -9999 -9999 -9999 -9999 30 33 37 37 37 31 22 21 17 16 13 14 12 13 13 12 13 12
-9999 -9999 -9999 -9999 -9999 -9999 -9999 -9999 -9999 -9999 -9999 -9999 -9999 -9999 -9999 -9999 -9999 -9999 -9999 -9999 -9999 -9999 -9999 -9999 -9999 -9999 -9999 -9999 -9999 -9999 -9999 -9999 -9999 -9999 -9999 -9999 -9999 -9999 -9999 36 35 30 29 30 30 28 25 25 24 23 23 22 19 19 18 18 17 17 18 -9999 -9999 -9999 -9999 -9999 -9999 -9999 -9999 -9999 -9999 -9999 -9999 -9999 -9999 -9999 -9999 -9999 -9999 -9999 -9999 -9999 38 40 40 38 30 26 22 20 17 16 13 13 13 13 15 13
-9999 -9999 -9999 -9999 -9999 -9999 -9999 -9999 -9999 -9999 -9999 -9999 -9999 -9999 -9999 -9999 -9999 -9999 -9999 -9999 -9999 -9999 -9999 -9999 -9999 -9999 -9999 -9999 -9999 -9999 -9999 -9999 41 -9999 -9999 -9999 -9999 -9999 -9999 -9999 -9999 36 36 34 31 26 26 25 24 24 24 23 21 20 21 23 18 18 19 -9999 -9999 -9999 -9999 -9999 -9999 -9999 -9999 -9999 -9999 -9999 -9999 -9999 -9999 -9999 -9999 -9999 36 37 37 -9999 39 -9999 39 37 34 28 30 22 21 21 17 15 14 15 15 16
-9999 -9999 -9999 -9999 -9999 -9999 -9999 -9999 -9999 -9999 -9999 -9999 -9999 -9999 -9999 -9999 -9999 -9999 -9999 -9999 -9999 -9999 -9999 -9999 -9999 -9999 -9999 -9999 -9999 -9999 -9999 -9999 40 -9999 -9999 -9999 -9999 -9999 -9999 -9999 -9999 -9999 39 36 32 28 27 26 27 25 25 23 22 22 22 23 20 19 20 22 -9999 -9999 -9999 -9999 -9999 -9999 -9999 -9999 -9999 -9999 -9999 -9999 -9999 -9999 -9999 -9999 -9999 -9999 -9999 -9999 -9999 -9999 -9999 39 39 37 35 30 27 -9999 23 17 24 17 17 16
-9999 -9999 -9999 -9999 -9999 -9999 -9999 -9999 -9999 -9999 -9999 -9999 -9999 -9999 -9999 -9999 -9999 -9999 -9999 -9999 -9999 -9999 -9999 -9999 -9999 -9999 -9999 -9999 -9999 43 42 40 42 -9999 -9999 -9999 -9999 -9999 -9999 -9999 -9999 -9999 -9999 40 38 35 30 -9999 27 29 25 26 23 24 24 22 23 20 21 22 -9999 -9999 -9999 -9999 -9999 -9999 -9999 -9999 -9999 -9999 -9999 -9999 -9999 -9999 -9999 -9999 -9999 -9999 -9999 -9999 -9999 -9999 -9999 -9999 -9999 42 35 27 31 29 34 28 26 18 18 18
-9999 -9999 -9999 -9999 -9999 -9999 -9999 -9999 -9999 -9999 -9999 -9999 -9999 -9999 -9999 -9999 -9999 -9999 -9999 -9999 -9999 -9999 -9999 -9999 -9999 -9999 -9999 -9999 44 35 38 40 41 -9999 -9999 -9999 -9999 -9999 -9999 -9999 -9999 -9999 -9999 -9999 41 40 37 34 30 28 31 27 24 24 24 23 23 22 21 23 25 25 -9999 -9999 -9999 -9999 -9999 -9999 -9999 -9999 -9999 -9999 -9999 -9999 -9999 -9999 -9999 -9999 -9999 -9999 -9999 -9999 -9999 -9999 -9999 -9999 -9999 -9999 37 31 38 40 33 25 20 19
-9999 -9999 -9999 -9999 -9999 -9999 -9999 -9999 -9999 -9999 -9999 -9999 -9999 -9999 -9999 -9999 -9999 -9999 -9999 -9999 -9999 -9999 -9999 -9999 -9999 -9999 -9999 -9999 42 37 36 42 43 -9999 -9999 -9999 -9999 -9999 -9999 -9999 -9999 -9999 -9999 -9999 -9999 -9999 44 39 33 32 33 32 27 24 24 24 24 23 23 25 24 25 26 -9999 -9999 -9999 -9999 -9999 -9999 -9999 -9999 -9999 -9999 -9999 -9999 -9999 -9999 -9999 -9999 -9999 -9999 -9999 -9999 -9999 -9999 -9999 -9999 -9999 -9999 37 40 -9999 42 31 29 28
-9999 -9999 -9999 -9999 -9999 -9999 -9999 -9999 -9999 -9999 -9999 -9999 -9999 -9999 -9999 -9999 -9999 -9999 -9999 -9999 -9999 -9999 -9999 -9999 -9999 -9999 -9999 -9999 47 43 38 41 46 -9999 -9999 -9999 -9999 -9999 -9999 -9999 -9999 -9999 -9999 -9999 -9999 -9999 -9999 42 40 39 36 36 31 26 25 25 25 25 25 25 20 25 27 27 -9999 -9999 -9999 -9999 -9999 -9999 -9999 -9999 -9999 -9999 -9999 -9999 -9999 -9999 -9999 -9999 -9999 -9999 -9999 -9999 -9999 -9999 -9999 -9999 -9999 -9999 -9999 39 -9999 43 34 32
-9999 -9999 -9999 -9999 -9999 -9999 -9999 -9999 -9999 -9999 -9999 -9999 -9999 -9999 -9999 -9999 -9999 -9999 -9999 -9999 -9999 -9999 -9999 -9999 -9999 -9999 -9999 -9999 -9999 45 41 41 -9999 -9999 -9999 -9999 -9999 -9999 -9999 -9999 -9999 -9999 -9999 -9999 -9999 -9999 -9999 -9999 -9999 44 42 40 36 31 29 26 27 27 24 22 22 23 24 26 27 29 29 -9999 -9999 -9999 -9999 -9999 -9999 -9999 -9999 -9999 -9999 -9999 -9999 -9999 -9999 -9999 -9999 -9999 -9999 -9999 -9999 -9999 -9999 -9999 -9999 44 45 44 39 33
-9999 -9999 -9999 -9999 -9999 -9999 -9999 -9999 -9999 -9999 -9999 -9999 -9999 -9999 -9999 -9999 -9999 -9999 -9999 -9999 -9999 -9999 -9999 -9999 -9999 -9999 -9999 -9999 49 47 44 43 -9999 -9999 -9999 -9999 -9999 -9999 -9999 -9999 -9999 -9999 -9999 -9999 -9999 -9999 -9999 -9999 -9999 -9999 47 42 36 37 38 35 31 32 28 23 25 25 26 26 26 25 27 27 27 22 22 23 26 -9999 -9999 -9999 -9999 -9999 -9999 -9999 -9999 -9999 -9999 -9999 -9999 -9999 -9999 -9999 -9999 -9999 -9999 -9999 -9999 -9999 40 38
-9999 -9999 -9999 -9999 -9999 -9999 -9999 -9999 -9999 -9999 -9999 -9999 -9999 -9999 -9999 -9999 -9999 -9999 -9999 -9999 -9999 -9999 -9999 -9999 -9999 -9999 -9999 -9999 -9999 50 47 48 -9999 -9999 -9999 -9999 -9999 -9999 -9999 -9999 -9999 -9999 -9999 -9999 -9999 -9999 -9999 -9999 -9999 -9999 -9999 48 46 43 37 42 43 41 35 31 33 30 27 28 26 27 25 26 26 25 26 -9999 -9999 -9999 -9999 -9999 -9999 -9999 -9999 -9999 -9999 -9999 -9999 -9999 -9999 -9999 -9999 -9999 -9999 -9999 -9999 -9999 -9999 44 39 35
-9999 -9999 -9999 -9999 -9999 -9999 -9999 -9999 -9999 -9999 -9999 -9999 -9999 -9999 -9999 -9999 -9999 -9999 -9999 -9999 -9999 -9999 -9999 -9999 -9999 -9999 -9999 -9999 -9999 -9999 -9999 -9999 -9999 -9999 -9999 -9999 -9999 -9999 -9999 -9999 -9999 -9999 -9999 -9999 -9999 -9999 -9999 -9999 -9999 -9999 -9999 -9999 -9999 48 49 45 43 41 42 40 38 32 28 29 28 27 25 25 24 24 26 29 -9999 -9999 -9999 -9999 -9999 -9999 -9999 -9999 -9999 -9999 -9999 -9999 -9999 -9999 -9999 -9999 -9999 -9999 -9999 -9999 -9999 43 42 36
-9999 -9999 -9999 -9999 -9999 -9999 -9999 -9999 -9999 -9999 -9999 -9999 -9999 -9999 -9999 -9999 -9999 -9999 -9999 -9999 -9999 -9999 -9999 -9999 -9999 -9999 -9999 -9999 -9999 -9999 -9999 -9999 -9999 -9999 -9999 -9999 -9999 -9999 -9999 -9999 -9999 -9999 -9999 -9999 -9999 -9999 -9999 -9999 -9999 -9999 -9999 -9999 -9999 -9999 51 -9999 -9999 -9999 45 43 42 40 40 35 34 31 28 25 25 25 25 27 29 30 30 -9999 -9999 -9999 -9999 -9999 -9999 -9999 -9999 -9999 -9999 -9999 -9999 -9999 -9999 -9999 -9999 -9999 -9999 44 41 38
-9999 -9999 -9999 -9999 -9999 -9999 -9999 -9999 -9999 -9999 -9999 -9999 -9999 -9999 -9999 -9999 -9999 -9999 -9999 -9999 -9999 -9999 -9999 -9999 -9999 -9999 -9999 -9999 -9999 -9999 52 51 51 -9999 -9999 -9999 -9999 -9999 -9999 -9999 -9999 -9999 -9999 -9999 -9999 -9999 -9999 -9999 -9999 -9999 -9999 -9999 -9999 -9999 -9999 -9999 -9999 -9999 -9999 46 46 45 42 37 38 36 32 28 26 26 27 27 26 26 27 29 30 31 -9999 -9999 -9999 -9999 -9999 -9999 -9999 -9999 -9999 -9999 -9999 -9999 -9999 -9999 -9999 45 42 40
-9999 -9999 -9999 -9999 -9999 -9999 -9999 -9999 -9999 -9999 -9999 -9999 -9999 -9999 -9999 -9999 -9999 -9999 -9999 -9999 -9999 -9999 -9999 -9999 -9999 -9999 -9999 -9999 -9999 54 51 50 51 -9999 -9999 -9999 -9999 -9999 -9999 -9999 -9999 -9999 -9999 -9999 -9999 -9999 -9999 -9999 -9999 -9999 -9999 -9999 -9999 -9999 -9999 -9999 -9999 -9999 -9999 -9999 47 46 45 42 37 36 34 32 30 28 27 27 28 27 27 27 28 29 30 33 -9999 -9999 -9999 -9999 -9999 -9999 -9999 -9999 -9999 -9999 -9999 -9999 -9999 47 45 42
-9999 -9999 -9999 -9999 -9999 -9999 -9999 -9999 -9999 -9999 -9999 -9999 -9999 -9999 -9999 -9999 -9999 -9999 -9999 -9999 -9999 -9999 -9999 -9999 -9999 62 61 59 56 55 54 51 50 51 -9999 -9999 -9999 -9999 -9999 -9999 -9999 -9999 -9999 -9999 -9999 -9999 -9999 -9999 -9999 -9999 -9999 -9999 -9999 -9999 -9999 -9999 -9999 -9999 -9999 -9999 -9999 -9999 -9999 45 43 39 34 36 32 31 29 29 31 31 30 29 28 29 30 31 35 38 -9999 -9999 -9999 -9999 -9999 -9999 -9999 -9999 -9999 -9999 51 50 47 43
-9999 -9999 -9999 -9999 -9999 -9999 -9999 -9999 -9999 -9999 -9999 -9999 -9999 -9999 -9999 -9999 -9999 -9999 -9999 -9999 -9999 -9999 -9999 -9999 -9999 -9999 62 59 57 56 53 51 50 51 53 -9999 -9999 -9999 -9999 -9999 -9999 -9999 -9999 -9999 -9999 -9999 -9999 -9999 -9999 -9999 -9999 -9999 -9999 -9999 -9999 -9999 -9999 -9999 -9999 -9999 -9999 -9999 -9999 -9999 -9999 48 45 40 38 34 32 32 32 33 34 34 32 34 35 35 37 39 41 43 -9999 -9999 -9999 -9999 -9999 -9999 -9999 -9999 -9999 53 49 45
-9999 -9999 -9999 -9999 -9999 -9999 -9999 -9999 -9999 -9999 -9999 -9999 -9999 -9999 -9999 -9999 -9999 -9999 -9999 -9999 -9999 -9999 -9999 -9999 -9999 -9999 59 60 57 55 54 52 52 52 53 -9999 -9999 -9999 -9999 -9999 -9999 -9999 -9999 -9999 -9999 -9999 -9999 -9999 -9999 -9999 -9999 -9999 -9999 -9999 -9999 -9999 -9999 -9999 -9999 -9999 -9999 -9999 -9999 -9999 -9999 -9999 46 43 37 37 35 34 35 36 38 38 38 -9999 -9999 42 41 41 43 44 45 47 -9999 -9999 -9999 -9999 -9999 -9999 -9999 54 51 52
-9999 -9999 -9999 -9999 -9999 -9999 -9999 -9999 -9999 -9999 -9999 -9999 -9999 -9999 -9999 -9999 -9999 -9999 -9999 -9999 -9999 -9999 -9999 -9999 -9999 -9999 -9999 59 58 57 55 52 52 52 -9999 -9999 -9999 -9999 -9999 -9999 -9999 -9999 -9999 -9999 -9999 -9999 -9999 -9999 -9999 -9999 -9999 -9999 -9999 -9999 -9999 -9999 -9999 -9999 -9999 -9999 -9999 -9999 -9999 -9999 -9999 -9999 47 44 38 40 38 38 39 40 41 42 -9999 -9999 -9999 -9999 -9999 -9999 -9999 -9999 46 48 50 -9999 -9999 -9999 -9999 -9999 -9999 50 52 47
-9999 -9999 -9999 -9999 -9999 -9999 -9999 -9999 -9999 -9999 -9999 -9999 -9999 -9999 -9999 -9999 -9999 -9999 -9999 -9999 -9999 -9999 -9999 -9999 -9999 -9999 -9999 59 58 57 54 50 49 51 -9999 -9999 -9999 -9999 -9999 -9999 -9999 -9999 -9999 -9999 -9999 -9999 -9999 -9999 -9999 -9999 -9999 -9999 -9999 -9999 -9999 -9999 -9999 -9999 -9999 -9999 -9999 -9999 -9999 -9999 -9999 -9999 -9999 -9999 46 -9999 41 40 41 42 43 45 -9999 -9999 -9999 -9999 -9999 -9999 -9999 -9999 49 50 52 -9999 -9999 -9999 -9999 -9999 -9999 -9999 -9999 53
