resultados/variables_proyeccion_tiempo/variables_presente/bio11.asc
ncols 330
nrows 228
xllcorner -12.000000
yllcorner 34.000000
cellsize 0.166667
NODATA_value -9999
[rows 42 to 83 of 228, columns 96 to 191 of 330]
-9999 -9999 -9999 -9999 -9999 -9999 -9999 -9999 -9999 -9999 -9999 -9999 -9999 -9999 -9999 -9999 -9999 -9999 -9999 -9999 -9999 -9999 -9999 -9999 -9999 -9999 -9999 -9999 -9999 -9999 -9999 -9999 -9999 -9999 -9999 -9999 -9999 -9999 -9999 -9999 -9999 -8 -9 -9999 -15 -9999 -19 -24 -27 -33 -36 -52 -56 -50 -44 -54 -60 -57 -68 -71 -71 -70 -75 -84 -89 -93 -97 -92 -94 -97 -93 -91 -98 -103 -105 -108 -111 -115 -116 -121 -125 -123 -120 -120 -120 -120 -120 -119 -119 -121 -120 -122 -9999 -120 -118 -116
-9999 -9999 -9999 -9999 -9999 -9999 -9999 -9999 -9999 -9999 -9999 -9999 -9999 -9999 -9999 -9999 -9999 -9999 -9999 -9999 -9999 -9999 -9999 -9999 -9999 -9999 -9999 -9999 -9999 -9999 -9999 -9999 -9999 -9999 -9999 -9999 -9999 -9999 -9999 -9999 -9999 -9999 -9999 -9999 -9999 -9999 -22 -29 -40 -36 -40 -47 -40 -42 -51 -58 -9999 -56 -67 -68 -65 -73 -87 -87 -86 -91 -84 -84 -89 -92 -95 -96 -94 -95 -98 -105 -108 -112 -118 -123 -127 -126 -124 -122 -119 -119 -118 -117 -118 -117 -116 -117 -119 -119 -118 -116
-9999 -9999 -9999 -9999 -9999 -9999 -9999 -9999 -9999 -9999 -9999 -9999 -9999 -9999 -9999 -9999 -9999 -9999 -9999 -9999 -9999 -9999 -9999 -9999 -9999 -9999 -9999 -9999 -9999 -9999 -9999 -9999 -9999 -9999 -9999 -9999 -9999 -9999 -9999 -9999 -9999 -9999 -9999 -19 -9999 -9999 -31 -37 -32 -32 -37 -37 -48 -59 -66 -65 -65 -63 -60 -60 -60 -76 -83 -83 -80 -81 -85 -86 -83 -86 -88 -93 -102 -105 -100 -102 -105 -109 -114 -118 -124 -127 -127 -125 -123 -119 -119 -116 -115 -115 -115 -113 -114 -116 -115 -113
-9999 -9999 -9999 -9999 -9999 -9999 -9999 -9999 -9999 -9999 -9999 -9999 -9999 -9999 -9999 -9999 -9999 -9999 -9999 -9999 -9999 -9999 -9999 -9999 -9999 -9999 -9999 -9999 -9999 -9999 -9999 -9999 -9999 -9999 -9999 -9999 -9999 -9999 -9999 -9999 -9999 -25 -29 -25 -23 -30 -30 -31 -41 -43 -43 -44 -52 -58 -67 -68 -62 -64 -67 -75 -76 -69 -70 -72 -74 -81 -80 -84 -85 -83 -87 -90 -93 -101 -104 -105 -104 -109 -111 -114 -117 -120 -122 -125 -123 -122 -119 -116 -117 -113 -111 -111 -111 -111 -112 -111
-9999 -9999 -9999 -9999 -9999 -9999 -9999 -9999 -9999 -9999 -9999 -9999 -9999 -9999 -9999 -9999 -9999 -9999 -9999 -9999 -9999 -9999 -9999 -9999 -9999 -9999 -9999 -9999 -9999 -9999 -9999 -9999 -9999 -9999 -9999 -9999 -9999 -9999 -9999 -25 -32 -32 -33 -27 -31 -37 -41 -40 -44 -9999 -42 -47 -56 -56 -66 -72 -70 -67 -69 -80 -89 -89 -84 -83 -80 -77 -77 -77 -81 -84 -85 -93 -92 -92 -98 -101 -104 -106 -111 -111 -112 -114 -116 -117 -115 -116 -119 -117 -113 -111 -111 -110 -108 -108 -108 -109
-9999 -9999 -9999 -9999 -9999 -9999 -9999 -9999 -9999 -9999 -9999 -9999 -9999 -9999 -9999 -9999 -9999 -9999 -9999 -9999 -9999 -9999 -9999 -9999 -9999 -9999 -9999 -9999 -9999 -9999 -9999 -9999 -9999 -9999 -9999 -9999 -16 -24 -26 -32 -38 -40 -39 -29 -31 -31 -33 -41 -51 -57 -61 -67 -69 -64 -68 -78 -86 -83 -77 -69 -68 -77 -87 -89 -90 -85 -83 -81 -82 -86 -88 -86 -90 -92 -95 -100 -104 -107 -107 -106 -108 -111 -114 -114 -113 -112 -111 -114 -112 -109 -107 -106 -106 -104 -103 -101
-9999 -9999 -9999 -9999 -9999 -9999 -9999 -9999 -9999 -9999 -9999 -9999 -9999 -9999 -9999 -9999 -9999 -9999 -9999 -9999 -9999 -9999 -9999 -9999 -9999 -9999 -9999 -9999 -9999 -9999 -9999 -9999 -9999 -9999 -9999 -9999 -9999 -24 -29 -39 -38 -9999 -9999 -29 -32 -37 -48 -50 -54 -64 -70 -70 -70 -63 -78 -81 -85 -88 -85 -76 -72 -9999 -73 -81 -82 -82 -83 -80 -80 -85 -85 -87 -89 -90 -91 -96 -101 -105 -103 -104 -109 -110 -112 -112 -110 -107 -106 -108 -107 -105 -105 -101 -101 -99 -97 -97
-9999 -9999 -9999 -9999 -9999 -9999 -9999 -9999 -9999 -9999 -9999 -9999 -9999 -9999 -9999 -9999 -9999 -9999 -9999 -9999 -9999 -9999 -9999 -9999 -9999 -9999 -9999 -9999 -2 -9999 -9999 -9999 -9999 -9999 -9999 -9999 -9999 -29 -34 -33 -36 -35 -9999 -9999 -38 -44 -49 -57 -64 -64 -64 -71 -76 -65 -66 -73 -72 -73 -72 -80 -79 -77 -72 -71 -74 -76 -78 -80 -82 -82 -84 -87 -88 -91 -91 -93 -94 -95 -98 -103 -106 -105 -105 -106 -107 -105 -102 -103 -101 -99 -99 -99 -96 -94 -94 -90
-9999 -9999 -9999 -9999 -9999 -9999 -9999 -9999 -9999 -9999 -9999 -9999 -9999 -9999 -9999 -9999 -9999 -9999 -9999 -9999 -9999 -9999 -9999 -9999 -9999 -9999 -9999 -9999 -8 -8 -9999 -9999 -9999 -23 -9999 -9999 -24 -30 -38 -9999 -28 -9999 -40 -46 -56 -65 -70 -70 -78 -73 -74 -72 -75 -70 -69 -74 -73 -69 -67 -67 -72 -72 -72 -74 -73 -81 -84 -81 -9999 -84 -89 -89 -89 -90 -90 -92 -92 -95 -95 -98 -100 -99 -99 -96 -99 -98 -100 -96 -98 -98 -94 -93 -88 -88 -87 -9999
-9999 -9999 -9999 -9999 -9999 -9999 -9999 -9999 -9999 -9999 -9999 -9999 -9999 -9999 -9999 -9999 -9999 -9999 -9999 -9999 -9999 -9999 -9999 5 2 -9999 -9999 -9999 -13 -9999 -9999 -20 -28 -30 -31 -26 -9999 -33 -28 -33 -38 -41 -48 -55 -64 -74 -64 -73 -83 -82 -81 -74 -72 -81 -82 -72 -72 -72 -70 -69 -69 -68 -69 -73 -75 -79 -84 -83 -83 -86 -88 -93 -96 -95 -93 -91 -92 -90 -95 -99 -99 -99 -97 -93 -93 -92 -90 -94 -91 -89 -87 -9999 -9999 -9999 -9999 -9999
-9999 -9999 -9999 -9999 -9999 -9999 -9999 -9999 -9999 -9999 -9999 -9999 -9999 -9999 -9999 -9999 -9999 -9999 -9999 -9999 -9999 -9999 -9999 -9999 -9999 -9999 -9999 -19 -29 -28 -27 -38 -42 -35 -30 -37 -34 -32 -42 -51 -55 -9999 -56 -69 -82 -87 -85 -88 -86 -89 -85 -9999 -86 -87 -81 -77 -76 -73 -70 -68 -67 -9999 -69 -73 -77 -77 -78 -80 -82 -84 -86 -88 -92 -92 -95 -93 -89 -89 -88 -88 -91 -91 -92 -93 -93 -89 -85 -85 -9999 -9999 -9999 -9999 -9999 -9999 -9999 -9999
-9999 -9999 -9999 -9999 -9999 -9999 -9999 -9999 -9999 -9999 -9999 -9999 -9999 -9999 -9999 -9999 -9999 -9999 -9999 -9999 -9999 -9999 -9999 -9999 -9999 -13 -22 -26 -34 -37 -40 -39 -43 -44 -43 -47 -49 -44 -55 -66 -74 -72 -78 -80 -81 -84 -89 -95 -98 -105 -100 -110 -102 -91 -95 -100 -93 -91 -95 -83 -73 -70 -9999 -77 -78 -80 -82 -82 -85 -88 -88 -88 -88 -88 -87 -92 -93 -91 -91 -91 -87 -84 -80 -87 -88 -85 -84 -9999 -9999 -9999 -9999 -9999 -9999 -9999 -9999 -9999
-9999 -9999 -9999 -9999 -9999 -9999 -9999 -9999 -9999 -9999 -9999 -9999 -9999 -9999 -9999 -9999 -9999 -9999 13 3 -9999 -9 -9999 -15 -9999 -18 -9999 -30 -41 -51 -59 -63 -65 -62 -53 -67 -63 -62 -67 -72 -74 -83 -82 -88 -102 -106 -98 -98 -108 -107 -108 -104 -103 -105 -98 -92 -91 -92 -97 -90 -84 -76 -71 -74 -79 -80 -81 -82 -83 -86 -88 -89 -88 -89 -93 -88 -92 -95 -95 -95 -93 -87 -79 -9999 -78 -78 -78 -9999 -9999 -9999 -9999 -9999 -9999 -9999 -9999 -9999
-9999 -9999 -9999 -9999 -9999 -9999 -9999 -9999 -9999 -9999 -9999 -9999 -9999 -9999 -9999 -9999 -9999 -9999 6 1 -9999 -10 -15 -9999 -26 -42 -9999 -52 -58 -68 -73 -80 -80 -81 -81 -67 -71 -85 -88 -91 -100 -100 -102 -100 -99 -105 -104 -102 -108 -110 -105 -103 -99 -96 -91 -89 -90 -86 -82 -81 -81 -79 -76 -78 -79 -81 -82 -82 -83 -88 -86 -88 -88 -85 -89 -89 -86 -92 -93 -92 -88 -86 -80 -72 -9999 -9999 -9999 -9999 -9999 -9999 -9999 -9999 -9999 -9999 -9999 -9999
-9999 -9999 -9999 -9999 -9999 -9999 -9999 -9999 -9999 -9999 -9999 -9999 -9999 -9999 14 14 4 -1 -9999 -18 -9999 -21 -9999 -44 -47 -65 -68 -72 -76 -76 -77 -79 -82 -78 -87 -88 -88 -87 -93 -102 -105 -104 -102 -103 -104 -105 -103 -106 -111 -108 -100 -96 -102 -98 -93 -91 -92 -90 -89 -91 -87 -82 -77 -82 -82 -82 -83 -85 -83 -82 -80 -85 -84 -85 -84 -89 -9999 -86 -86 -85 -83 -81 -75 -70 -9999 -9999 -9999 -9999 -9999 -9999 -9999 -9999 -9999 -9999 -9999 -9999
-9999 -9999 -9999 -9999 -9999 -9999 -9999 -9999 -9999 -9999 -9999 12 -9999 16 -9999 8 -5 -9999 -22 -36 -40 -46 -59 -61 -66 -73 -79 -76 -94 -98 -101 -102 -103 -97 -102 -100 -100 -98 -91 -95 -99 -96 -102 -111 -110 -108 -105 -101 -105 -105 -103 -97 -94 -93 -89 -89 -85 -82 -81 -85 -93 -84 -80 -79 -80 -76 -79 -78 -79 -82 -87 -85 -85 -83 -81 -82 -85 -84 -82 -81 -9999 -9999 -9999 -9999 -9999 -9999 -9999 -9999 -9999 -9999 -9999 -9999 -9999 -9999 -9999 -9999
-9999 -9999 -9999 -9999 -9999 -9999 -9999 -9999 -9999 17 18 -9999 4 -7 -9999 -16 -25 -19 -26 -35 -9999 -62 -75 -75 -69 -73 -82 -83 -89 -97 -101 -105 -98 -94 -97 -104 -101 -100 -95 -93 -94 -99 -112 -115 -112 -113 -105 -9999 -109 -107 -103 -102 -99 -99 -98 -94 -91 -91 -83 -82 -78 -86 -88 -87 -81 -76 -76 -79 -81 -81 -85 -87 -86 -89 -89 -88 -85 -82 -78 -77 -74 -9999 -9999 -9999 -9999 -9999 -9999 -9999 -9999 -9999 -9999 -9999 -9999 -9999 -9999 -9999
-9999 -9999 -9999 -9999 -9999 -9999 -9999 -9999 -9999 -9999 -1 -9999 -9999 -9999 -16 -23 -27 -28 -45 -55 -62 -72 -74 -85 -95 -91 -91 -90 -92 -88 -86 -92 -104 -105 -101 -95 -97 -101 -101 -94 -97 -99 -104 -113 -110 -106 -100 -103 -108 -105 -105 -96 -96 -97 -96 -99 -90 -90 -85 -80 -77 -77 -78 -79 -81 -77 -76 -78 -80 -83 -79 -80 -82 -82 -83 -82 -81 -80 -78 -76 -71 -9999 -9999 -9999 -9999 -9999 -9999 -9999 -9999 -9999 -9999 -9999 -9999 -9999 -9999 -9999
-9999 -9999 -9999 -9999 -9999 -9999 -9999 13 -9999 -9999 -9999 -9999 -2 -9999 -10 -8 -23 -34 -9999 -58 -76 -80 -71 -69 -78 -79 -87 -90 -92 -91 -92 -90 -94 -110 -114 -115 -106 -105 -107 -112 -107 -92 -93 -108 -111 -107 -100 -100 -99 -96 -92 -89 -91 -94 -91 -98 -94 -90 -87 -84 -80 -82 -82 -78 -81 -82 -81 -79 -77 -76 -75 -74 -77 -78 -75 -73 -73 -77 -72 -69 -9999 -9999 -9999 -9999 -9999 -9999 -9999 -9999 -9999 -9999 -9999 -9999 -9999 -9999 -9999 -9999
-9999 -9999 -9999 -9999 -9999 -9999 -9999 3 -10 -14 -20 -9999 -14 -17 -12 -31 -40 -9999 -68 -9999 -73 -9999 -84 -9999 -97 -92 -90 -103 -107 -97 -93 -93 -92 -90 -101 -104 -109 -108 -106 -99 -93 -96 -96 -95 -101 -101 -101 -105 -106 -101 -98 -95 -89 -84 -82 -83 -87 -89 -88 -88 -84 -82 -84 -83 -81 -79 -78 -79 -80 -78 -74 -74 -72 -73 -76 -73 -71 -69 -67 -66 -9999 -9999 -9999 -9999 -9999 -9999 -9999 -9999 -9999 -9999 -9999 -9999 -9999 -9999 -9999 -9999
-9999 -9999 -9999 -9999 -9999 -9999 -9999 14 -9999 2 1 -10 -20 -25 -21 -34 -59 -57 -9999 -47 -74 -65 -73 -90 -96 -107 -111 -115 -112 -102 -105 -98 -103 -96 -90 -93 -92 -103 -112 -108 -104 -94 -88 -87 -103 -102 -103 -105 -98 -105 -101 -104 -100 -87 -81 -81 -81 -86 -89 -90 -89 -86 -86 -84 -81 -77 -75 -73 -73 -9999 -76 -78 -77 -73 -73 -75 -73 -67 -9999 -9999 -9999 -9999 -9999 -9999 -9999 -9999 -9999 -9999 -9999 -9999 -9999 -9999 -9999 -9999 -9999 -9999
-9999 -9999 -9999 -9999 -9999 -9999 -9999 9 7 3 3 -5 -12 -26 -39 -47 -33 -55 -9999 -37 -9999 -70 -80 -82 -95 -101 -103 -109 -107 -109 -105 -102 -104 -107 -101 -103 -101 -90 -103 -109 -109 -99 -88 -86 -94 -94 -92 -92 -92 -91 -94 -91 -93 -88 -78 -78 -81 -81 -82 -83 -81 -86 -82 -83 -81 -75 -71 -73 -71 -71 -71 -68 -68 -69 -67 -70 -68 -64 -61 -9999 -9999 -9999 -9999 -9999 -9999 -9999 -9999 -9999 -9999 -9999 -9999 -9999 -9999 -9999 -9999 -9999
-9999 -9999 -9999 -9999 -9999 -9999 17 11 6 -5 -6 -15 -23 -32 -39 -9999 -43 -39 -31 -35 -54 -59 -68 -89 -92 -92 -99 -104 -99 -97 -103 -106 -107 -106 -103 -99 -92 -85 -90 -105 -102 -105 -101 -84 -77 -86 -87 -87 -93 -84 -83 -83 -82 -87 -84 -79 -77 -76 -75 -74 -71 -74 -76 -73 -72 -70 -68 -72 -71 -70 -71 -72 -71 -68 -64 -64 -63 -9999 -58 -9999 -9999 -9999 -9999 -9999 -9999 -9999 -9999 -9999 -9999 -9999 -9999 -9999 -9999 -9999 -9999 -9999
-9999 -9999 -9999 -9999 -9999 19 -9999 -9999 8 -9999 -6 -22 -28 -27 -9999 -28 -52 -9999 -44 -65 -62 -69 -80 -87 -95 -103 -102 -94 -95 -93 -92 -102 -103 -103 -106 -100 -98 -91 -77 -84 -89 -91 -91 -86 -75 -78 -83 -86 -84 -84 -78 -75 -78 -82 -84 -80 -78 -74 -72 -73 -70 -68 -62 -9999 -68 -69 -69 -69 -71 -71 -70 -74 -74 -72 -71 -67 -61 -59 -57 -9999 -9999 -9999 -9999 -9999 -9999 -9999 -9999 -9999 -9999 -9999 -9999 -9999 -9999 -9999 -9999 -9999
-9999 -9999 -9999 -9999 -9999 -9999 17 9 -1 -11 -23 -25 -35 -42 -44 -54 -53 -57 -52 -66 -83 -93 -97 -100 -101 -98 -96 -102 -99 -99 -100 -96 -99 -96 -95 -92 -85 -87 -85 -75 -72 -75 -80 -83 -73 -71 -73 -78 -77 -76 -73 -74 -77 -76 -78 -77 -75 -76 -71 -66 -67 -67 -65 -59 -9999 -62 -63 -66 -68 -68 -67 -73 -72 -68 -65 -62 -58 -56 -54 -9999 -9999 -9999 -9999 -9999 -9999 -9999 -9999 -9999 -9999 -9999 -9999 -9999 -9999 -9999 -9999 -9999
-9999 -9999 -9999 -9999 -9999 -9999 22 -9999 -1 -4 -6 -23 -28 -43 -33 -36 -51 -63 -71 -83 -90 -92 -95 -93 -96 -98 -96 -95 -92 -93 -98 -104 -101 -94 -88 -89 -84 -75 -80 -76 -68 -9999 -62 -64 -70 -72 -67 -68 -69 -68 -70 -73 -68 -72 -74 -74 -70 -69 -68 -65 -64 -66 -68 -65 -61 -60 -63 -65 -64 -63 -61 -61 -64 -65 -62 -58 -56 -54 -52 -51 -9999 -9999 -9999 -9999 -9999 -9999 -9999 -9999 -9999 -9999 -9999 -9999 -9999 -9999 -9999 -9999
-9999 -9999 -9999 -9999 -9999 -9999 21 17 -9999 3 -8 -20 -25 -31 -30 -35 -42 -44 -70 -80 -9999 -96 -96 -97 -90 -88 -89 -91 -95 -95 -90 -99 -99 -98 -86 -76 -78 -71 -74 -77 -76 -78 -73 -65 -71 -75 -72 -62 -61 -66 -72 -72 -70 -68 -63 -67 -71 -69 -66 -64 -62 -61 -60 -63 -61 -59 -58 -61 -59 -57 -57 -61 -60 -58 -55 -52 -51 -51 -51 -49 -48 -47 -9999 -45 -9999 -9999 -9999 -9999 -9999 -9999 -9999 -9999 -9999 -9999 -9999 -9999
-9999 -9999 -9999 -9999 -9999 -9999 -9999 -9999 7 -9999 -5 -24 -27 -9999 -9999 -32 -44 -65 -59 -75 -84 -91 -91 -92 -93 -92 -91 -92 -93 -96 -100 -92 -90 -87 -89 -87 -70 -71 -9999 -73 -79 -76 -67 -63 -66 -61 -67 -64 -59 -65 -65 -66 -66 -60 -59 -60 -64 -65 -63 -63 -62 -60 -59 -58 -58 -58 -63 -60 -56 -55 -54 -54 -53 -55 -54 -52 -50 -49 -49 -48 -47 -46 -45 -44 -42 -9999 -9999 -9999 -9999 -9999 -9999 -9999 -9999 -9999 -9999 -9999
-9999 -9999 -9999 -9999 -9999 -9999 20 -9999 11 -9999 -5 -12 -9999 -27 -51 -9999 -71 -76 -79 -86 -90 -91 -92 -93 -94 -95 -95 -94 -93 -89 -89 -91 -90 -79 -71 -66 -63 -59 -63 -69 -69 -67 -58 -57 -58 -57 -57 -60 -56 -61 -60 -63 -57 -55 -53 -59 -55 -57 -59 -61 -61 -63 -60 -59 -57 -55 -55 -56 -55 -55 -55 -51 -51 -51 -49 -49 -47 -47 -47 -46 -45 -45 -43 -42 -41 -39 -9999 -9999 -9999 -9999 -9999 -9999 -9999 -40 -9999 -41
-9999 -9999 -9999 -9999 -9999 -9999 -9999 -9999 -9999 -9999 -9999 -9999 -9999 -41 -9999 -45 -71 -81 -84 -85 -88 -89 -90 -92 -93 -92 -93 -90 -85 -90 -79 -79 -73 -64 -60 -59 -51 -47 -63 -62 -58 -55 -51 -51 -51 -55 -58 -60 -54 -56 -55 -59 -57 -53 -49 -54 -54 -51 -52 -55 -56 -54 -57 -57 -56 -55 -53 -51 -50 -48 -49 -50 -48 -46 -46 -45 -44 -44 -44 -43 -43 -42 -41 -39 -37 -36 -35 -9999 -35 -9999 -9999 -9999 -9999 -9999 -9999 -9999
-9999 -9999 -9999 -9999 -9999 -9999 -9999 -9999 5 8 -9999 -16 -28 -46 -46 -46 -65 -9999 -84 -82 -83 -85 -93 -90 -86 -87 -87 -85 -76 -73 -77 -77 -64 -62 -55 -48 -60 -49 -47 -42 -42 -47 -46 -48 -50 -50 -53 -50 -49 -47 -48 -50 -53 -9999 -47 -48 -51 -47 -51 -54 -52 -52 -50 -50 -50 -48 -51 -52 -50 -48 -45 -43 -43 -42 -42 -41 -41 -41 -42 -41 -40 -38 -37 -34 -33 -32 -32 -32 -32 -9999 -9999 -9999 -9999 -9999 -9999 -9999
-9999 -9999 -9999 -9999 -9999 -9999 -9999 -9999 -9999 -9999 -9999 -9999 -9999 -36 -43 -53 -52 -69 -76 -73 -71 -70 -75 -80 -72 -78 -82 -78 -75 -70 -58 -66 -65 -55 -50 -42 -47 -9999 -36 -9999 -33 -39 -42 -41 -43 -46 -47 -48 -46 -44 -43 -44 -49 -49 -45 -44 -43 -46 -48 -47 -47 -47 -47 -45 -44 -46 -42 -43 -42 -41 -40 -40 -40 -39 -38 -37 -37 -36 -36 -36 -35 -34 -32 -30 -28 -28 -29 -29 -29 -9999 -9999 -9999 -9999 -9999 -9999 -9999
-9999 -9999 -9999 -9999 -9999 -9999 -9999 -9999 17 6 -0 -7 -22 -23 -28 -38 -41 -59 -68 -68 -67 -80 -68 -59 -65 -66 -65 -63 -69 -59 -49 -44 -55 -52 -44 -44 -37 -30 -9999 -9999 -26 -30 -33 -35 -38 -40 -42 -42 -43 -46 -43 -38 -39 -39 -41 -40 -39 -39 -40 -42 -42 -41 -44 -43 -9999 -39 -38 -35 -35 -35 -35 -35 -34 -34 -33 -9999 -33 -32 -32 -31 -31 -30 -28 -25 -24 -24 -26 -26 -9999 -9999 -9999 -9999 -9999 -9999 -9999 -9999
-9999 -9999 -9999 -9999 -9999 -9999 -9999 -9999 15 12 -9999 -9999 -3 -13 -24 -38 -58 -64 -71 -65 -61 -74 -61 -53 -49 -48 -48 -47 -48 -49 -38 -37 -51 -50 -47 -34 -28 -21 -17 -9999 -18 -22 -27 -28 -32 -35 -35 -35 -38 -41 -42 -41 -38 -37 -37 -37 -36 -36 -36 -36 -38 -38 -9999 -39 -38 -38 -33 -30 -31 -31 -31 -30 -30 -30 -30 -30 -29 -29 -28 -27 -9999 -25 -23 -22 -20 -9999 -9999 -9999 -9999 -9999 -9999 -9999 -9999 -9999 -9999 -9999
-9999 -9999 -9999 -9999 -9999 -9999 -9999 19 -9999 -9999 -9999 -9999 -9999 -14 -24 -43 -56 -60 -63 -60 -54 -58 -56 -52 -45 -58 -44 -47 -41 -41 -32 -28 -9999 -26 -29 -23 -19 -14 -9999 -9999 -13 -15 -18 -23 -28 -32 -31 -32 -33 -35 -37 -36 -34 -35 -34 -9999 -9999 -9999 -9999 -9999 -33 -36 -35 -35 -35 -31 -27 -27 -27 -9999 -28 -9999 -9999 -29 -29 -29 -28 -28 -27 -25 -24 -23 -20 -20 -18 -19 -9999 -9999 -9999 -9999 -9999 -9999 -9999 -9999 -9999 -9999
-9999 -9999 -9999 -9999 -9999 -9999 -9999 -9999 -9999 -9999 -9999 6 -6 -17 -28 -40 -49 -46 -59 -59 -54 -43 -53 -49 -42 -44 -41 -42 -39 -29 -24 -24 -20 -17 -16 -14 -11 -9999 -9999 -9999 -9999 -9999 -9999 -17 -21 -28 -30 -30 -32 -32 -34 -33 -31 -30 -31 -9999 -9999 -9999 -9999 -9999 -31 -32 -32 -31 -29 -28 -27 -27 -27 -28 -27 -27 -27 -27 -27 -26 -25 -25 -24 -22 -22 -20 -9999 -18 -17 -9999 -17 -9999 -9999 -9999 -9999 -9999 -9999 -9999 -9999 -9999
-9999 -9999 -9999 -9999 -9999 -9999 -9999 -9999 -9999 -9999 -9999 4 -9999 -16 -34 -43 -41 -40 -48 -52 -50 -40 -35 -44 -42 -36 -31 -25 -31 -25 -18 -17 -14 -9999 -9999 -9999 -9999 -9999 -9999 -9999 -9999 -9999 -9999 -13 -19 -24 -27 -28 -29 -30 -29 -27 -9999 -9999 -9999 -29 -9999 -9999 -9999 -9999 -31 -9999 -33 -32 -32 -29 -29 -29 -28 -27 -26 -25 -25 -25 -24 -23 -22 -22 -21 -20 -19 -17 -9999 -15 -9999 -9999 -9999 -9999 -9999 -9999 -9999 -9999 -9999 -9999 -9999 -9999
-9999 -9999 -9999 -9999 -9999 -9999 -9999 -9999 -9999 14 8 -1 -10 -17 -27 -32 -27 -36 -42 -45 -38 -35 -28 -35 -29 -25 -22 -19 -19 -16 -9999 -9999 -9999 -9999 -9999 -9999 -9999 -9999 -9999 -9999 -9999 -9999 -9999 -11 -17 -20 -23 -24 -26 -29 -25 -9999 -9999 -9999 -9999 -9999 -9999 -9999 -9999 -29 -30 -31 -31 -32 -29 -9999 -30 -27 -25 -25 -24 -24 -25 -25 -23 -22 -20 -19 -9999 -18 -9999 -9999 -9999 -9999 -9999 -9999 -9999 -9999 -9999 -9999 -9999 -9999 -9999 -9999 -9999 -9999
-9999 -9999 -9999 -9999 -9999 -9999 -9999 -9999 -9999 -9999 6 1 1 -11 -17 -19 -16 -21 -28 -35 -25 -23 -17 -25 -21 -14 -15 -13 -9 -6 -9999 -9999 -9999 -9999 -9999 -9999 -9999 -9999 -9999 -9999 -9999 -9999 -9999 -9999 -13 -17 -20 -21 -23 -22 -22 -9999 -9999 -9999 -25 -9999 -28 -28 -29 -28 -28 -29 -29 -9999 -9999 -26 -26 -25 -24 -23 -23 -20 -21 -19 -18 -18 -9999 -9999 -9999 -9999 -9999 -9999 -9999 -9999 -9999 -9999 -9999 -9999 -9999 -9999 -9999 -9999 -9999 -9999 -9999 -9999
-9999 -9999 -9999 -9999 -9999 -9999 -9999 -9999 -9999 -9999 -9999 -9999 5 0 -8 -6 -9 -10 -18 -16 -12 -14 -14 -12 -12 -12 -10 -4 -9999 -9999 -9999 -9999 -9999 -9999 -9999 -9999 -9999 -9999 -9999 -9999 -9999 -9999 -9999 -7 -9999 -9999 -16 -19 -19 -19 -9999 -20 -22 -23 -24 -25 -27 -29 -35 -29 -29 -30 -9999 -9999 -25 -25 -25 -23 -22 -21 -20 -20 -20 -19 -18 -17 -9999 -9999 -9999 -9999 -9999 -9999 -9999 -9999 -9999 -9999 -9999 -9999 -9999 -9999 -9999 -9999 -9999 -9999 -9999 -9999
-9999 -9999 -9999 -9999 -9999 -9999 -9999 -9999 -9999 -9999 -9999 -9999 -9999 -9999 -9999 -9999 -0 -7 -10 -9 -8 -6 -7 -3 -2 -0 -9999 -9999 -9999 -9999 -9999 -9999 -9999 -9999 -9999 -9999 -9999 -9999 -9999 -9999 -9999 -9999 -9999 -9999 -9999 -9999 -9999 -16 -18 -17 -19 -20 -21 -22 -23 -25 -28 -30 -32 -29 -30 -28 -9999 -9999 -27 -27 -25 -24 -24 -23 -22 -21 -20 -19 -9999 -16 -9999 -9999 -9999 -9999 -9999 -9999 -9999 -9999 -9999 -9999 -9999 -9999 -9999 -9999 -9999 -9999 -9999 -9999 -9999 -9999
-9999 -9999 -9999 -9999 -9999 -9999 -9999 -9999 -9999 -9999 -9999 -9999 -9999 -9999 -9999 -9999 4 2 3 -0 -0 3 2 5 -9999 -9999 -9999 -9999 -9999 -9999 -9999 -9999 -9999 -9999 -9999 -9999 -9999 -9999 -9999 -9999 -9999 -9999 -9999 -9999 -9999 -9999 -9999 -15 -16 -15 -19 -20 -20 -22 -24 -27 -29 -31 -33 -33 -34 -9999 -9999 -30 -29 -28 -26 -26 -25 -24 -20 -22 -20 -18 -15 -13 -9999 -9999 -9999 -9999 -9999 -9999 -9999 -9999 -9999 -9999 -9999 -9999 -9999 -9999 -9999 -9999 -9999 -9999 -9999 -9999
