resultados/variables_proyeccion_tiempo/variables_presente/bio10.asc
ncols 330
nrows 228
xllcorner -12.000000
yllcorner 34.000000
cellsize 0.166667
NODATA_value -9999
[rows 120 to 159 of 228, columns 182 to 272 of 330]
180 183 184 183 183 182 180 179 178 176 176 175 173 171 171 173 174 175 175 174 174 173 173 174 175 176 177 177 178 178 177 177 176 176 176 176 176 175 176 176 176 176 176 176 176 177 177 178 178 178 178 179 179 179 179 179 179 179 179 180 180 179 179 179 179 179 180 181 181 181 181 182 182 182 182 183 182 182 182 182 183 184 184 183 182 182 181 181 182 183 183
180 181 182 182 181 180 179 175 174 174 174 174 173 171 172 173 174 175 -9999 175 174 174 174 175 176 177 177 177 177 177 177 177 177 176 176 176 176 176 176 176 176 176 177 176 177 177 177 178 178 178 179 179 179 179 179 179 179 179 179 180 180 180 180 180 181 181 182 182 182 182 183 183 184 184 183 182 182 184 184 184 185 185 185 184 183 183 182 181 183 184 183
178 179 181 180 179 179 177 175 175 174 173 173 173 173 172 173 173 174 175 176 177 176 176 177 178 178 178 178 177 177 177 178 177 177 176 176 176 176 176 176 176 176 177 177 177 177 177 178 178 179 179 179 179 179 179 179 179 179 180 180 180 180 180 181 181 182 182 183 183 184 184 184 185 185 183 183 184 185 186 186 186 185 185 185 185 185 185 185 185 185 184
177 178 179 180 179 177 176 174 174 173 171 171 170 169 171 171 172 173 173 174 176 177 176 177 177 177 177 177 177 176 176 177 176 176 175 175 175 176 176 176 176 177 176 176 177 177 177 178 178 179 179 179 179 179 179 178 178 179 179 177 178 179 180 180 181 181 181 182 183 184 185 186 186 187 185 185 185 187 187 187 187 187 187 187 187 187 187 187 186 186 185
176 177 178 178 177 177 174 174 172 172 171 169 167 164 166 169 170 172 174 175 177 177 176 176 176 176 176 176 175 174 174 175 175 175 175 175 174 175 176 176 176 177 176 176 177 177 178 179 179 179 179 179 178 179 178 178 178 178 179 178 179 180 181 182 183 183 183 184 185 185 185 187 187 188 186 187 188 188 188 188 188 187 188 188 188 188 187 187 188 187 187
174 175 175 176 175 175 174 172 171 171 169 167 165 163 162 165 168 170 172 174 177 176 175 175 175 174 172 173 173 171 171 173 174 174 175 174 175 175 175 176 176 177 177 177 177 178 178 178 179 179 179 179 178 178 178 178 178 178 179 180 180 181 182 182 183 183 183 184 184 185 187 187 188 189 188 189 188 189 189 189 189 189 189 189 189 188 188 188 188 188 187
172 173 174 173 174 173 174 172 172 170 169 167 165 163 161 162 166 169 172 174 176 175 174 173 172 172 171 169 170 169 169 169 172 173 174 174 174 174 175 176 176 176 177 176 177 177 178 178 179 179 179 179 178 178 178 178 179 179 179 180 180 181 182 182 182 183 183 184 185 187 187 187 190 190 190 190 190 190 190 190 190 190 190 189 189 189 189 189 189 188 188
173 173 173 172 172 171 170 171 171 169 169 168 168 166 166 166 166 167 171 174 176 178 175 174 171 169 169 170 169 167 168 170 172 173 173 173 174 173 174 174 175 176 176 176 177 177 178 178 178 179 178 179 179 179 179 179 178 179 179 179 180 181 182 182 183 184 185 186 186 186 187 189 -9999 191 191 190 191 191 190 190 190 191 191 190 189 190 189 190 189 189 190
174 175 175 173 172 171 167 167 168 168 168 169 171 170 170 172 173 174 175 178 178 178 177 176 174 172 171 168 165 164 166 169 171 171 173 174 174 174 174 174 175 176 177 176 176 177 177 178 177 179 178 178 179 179 179 179 179 179 179 179 180 181 181 182 183 184 185 185 186 187 187 189 189 192 192 192 192 192 191 191 192 192 191 192 192 191 192 191 191 191 191
175 176 176 176 175 173 169 164 163 165 166 169 171 174 175 176 179 179 180 179 177 176 176 176 175 174 172 171 168 165 165 169 171 172 173 174 174 174 175 176 176 177 176 176 178 175 176 177 178 179 178 179 179 179 179 179 180 179 180 179 180 180 181 183 183 184 184 185 185 186 187 189 189 192 192 192 193 193 193 192 192 192 192 193 194 193 192 192 192 193 193
176 177 179 179 180 177 172 164 161 165 169 172 175 177 181 182 182 181 180 177 175 174 174 173 174 174 172 171 171 169 165 168 172 173 174 175 175 175 176 176 177 177 177 177 178 175 175 177 178 179 178 179 178 178 178 179 180 179 179 180 181 181 182 183 183 183 184 185 185 187 187 188 189 192 194 193 193 194 194 194 194 193 194 194 195 195 194 194 194 195 194
175 177 178 180 182 180 175 171 170 171 174 177 179 181 183 184 181 180 178 176 174 174 174 173 173 174 175 173 172 171 169 166 169 172 173 174 175 176 176 177 177 176 175 175 174 174 176 177 176 177 178 177 176 177 178 179 180 179 180 180 181 181 181 182 182 182 183 184 185 186 186 187 188 190 191 192 194 194 195 195 194 194 195 195 196 196 195 195 196 196 195
177 177 179 180 179 177 175 172 172 170 171 176 176 178 181 180 178 176 174 170 170 169 168 165 168 170 173 175 174 172 171 169 168 169 172 174 175 176 176 173 171 171 171 172 172 175 177 177 178 177 176 177 177 177 178 179 180 179 179 179 180 180 180 181 182 182 183 184 184 185 186 187 187 189 189 190 191 193 193 195 195 195 196 196 197 197 198 197 198 195 196
172 174 172 162 163 165 157 163 159 160 160 162 165 172 174 175 174 174 175 173 169 167 163 164 164 165 171 174 173 172 172 171 171 170 169 173 173 172 170 171 170 170 172 171 172 173 175 176 176 176 176 177 177 177 178 178 178 178 179 179 179 180 179 180 181 182 182 183 184 186 186 187 188 189 190 191 192 193 193 196 197 197 197 197 197 198 199 200 198 198 198
157 149 159 152 154 146 143 140 151 154 146 144 158 172 168 162 163 160 163 165 165 165 164 161 155 155 164 168 169 171 172 172 173 172 169 171 170 172 170 171 171 171 172 173 174 173 175 177 176 176 176 176 176 176 177 178 179 179 180 180 180 179 179 180 180 182 182 182 183 185 185 185 186 188 189 190 191 193 195 197 198 199 199 198 198 198 201 201 200 200 199
145 151 157 152 145 141 146 153 150 149 150 151 154 144 152 147 151 156 160 161 157 151 153 155 156 153 152 157 163 167 171 173 173 174 175 175 174 174 172 172 171 172 174 174 176 176 175 177 177 177 177 177 177 177 178 179 179 179 179 180 181 181 181 180 180 181 182 183 183 183 182 184 185 186 187 189 192 193 195 197 197 198 200 -9999 -9999 200 -9999 202 201 201 200
155 164 166 153 140 146 149 136 112 113 108 118 147 145 149 152 149 164 171 173 168 161 151 143 147 148 150 153 151 154 158 167 172 173 175 176 176 177 177 174 173 172 174 175 176 177 177 176 177 178 177 178 177 178 178 177 178 179 180 180 180 181 182 182 182 181 182 182 182 182 181 183 184 185 187 189 189 192 194 194 197 199 198 200 201 -9999 -9999 -9999 -9999 202 202
168 160 145 159 151 145 150 150 141 135 123 142 151 142 146 152 165 170 172 176 176 173 167 157 147 143 141 147 149 142 149 159 165 170 170 173 176 176 179 178 175 174 175 175 177 178 179 179 177 179 178 178 180 178 179 179 179 179 180 181 182 182 182 181 182 183 182 181 181 181 182 182 184 185 187 190 191 192 194 196 196 198 197 197 198 200 202 202 202 -9999 204
154 153 157 155 132 134 125 120 128 130 123 133 146 158 158 158 164 176 158 177 184 180 166 163 172 161 151 142 148 144 149 141 148 161 167 170 170 174 179 178 179 177 177 176 179 180 180 181 180 180 179 179 181 181 181 181 180 180 181 181 182 183 184 184 183 182 183 183 181 181 181 181 183 187 189 191 192 193 194 195 196 197 197 199 199 198 200 201 201 201 202
169 173 157 144 153 161 148 151 148 139 150 148 160 147 152 158 163 179 178 172 190 190 190 181 170 172 160 155 156 147 147 142 137 136 150 160 168 174 177 178 178 180 178 180 180 182 182 183 182 184 181 181 182 183 184 183 183 183 183 183 182 183 184 185 185 185 184 183 182 182 180 182 185 187 191 193 194 195 196 197 197 198 198 198 198 199 201 202 202 201 201
176 157 169 166 169 169 157 149 155 166 170 179 174 172 174 182 185 187 175 186 193 194 194 194 186 178 169 170 164 147 154 144 133 127 130 141 153 165 170 175 178 180 181 182 183 184 185 184 185 186 186 184 185 185 186 186 186 186 186 185 184 184 184 185 185 186 186 185 185 184 183 184 187 189 193 193 195 195 196 197 197 198 200 201 200 201 202 203 204 204 203
179 170 169 163 169 157 163 178 184 183 184 188 184 185 189 188 187 184 176 189 192 195 196 195 195 193 190 178 166 174 156 155 137 134 133 134 134 151 157 170 176 181 183 184 185 183 181 183 185 187 186 184 184 184 185 188 188 188 189 188 187 186 186 184 186 187 187 187 188 187 187 189 189 192 195 197 197 197 198 199 198 199 200 201 203 202 203 203 204 205 205
189 189 185 184 179 175 185 188 187 183 187 190 188 190 195 194 193 187 190 196 196 196 196 196 196 194 193 191 188 177 181 166 156 149 131 133 142 138 139 154 166 173 175 178 179 184 186 187 188 188 188 188 187 187 187 187 189 188 191 192 192 190 188 186 187 188 188 188 189 190 191 192 194 195 197 199 199 200 199 199 200 199 201 202 204 204 203 203 205 206 207
191 194 194 193 191 193 192 190 187 183 186 185 174 173 194 198 197 198 197 197 197 197 196 196 196 196 195 194 191 180 184 182 176 168 153 149 138 122 141 153 154 153 163 173 176 178 179 183 186 188 189 189 191 189 190 190 191 191 191 190 194 195 192 188 189 188 189 190 191 192 193 195 196 199 201 202 202 202 201 200 201 201 204 205 206 205 204 206 207 207 208
194 197 196 181 191 192 190 189 185 175 185 192 190 192 198 200 200 199 198 197 197 196 195 196 197 197 196 194 193 189 181 158 162 177 166 148 132 128 127 138 143 145 151 163 172 176 178 181 186 189 190 191 192 193 191 192 193 193 194 194 191 190 192 192 193 191 190 192 193 194 195 197 198 200 203 203 205 204 204 206 204 204 205 207 208 208 207 207 209 210 210
195 198 198 190 199 197 195 198 196 196 198 199 199 200 201 201 200 200 199 197 196 196 196 197 198 197 196 195 194 192 176 163 149 161 165 169 158 142 132 123 131 139 146 150 159 175 178 178 183 187 191 191 192 195 194 194 194 195 195 193 195 191 191 193 195 193 193 192 194 196 197 198 199 201 203 205 207 208 207 207 208 208 209 209 210 209 209 209 210 211 210
193 196 199 194 205 198 196 200 201 201 201 201 202 202 202 201 201 200 199 197 197 197 198 198 198 198 197 193 187 189 191 187 174 161 153 148 153 131 127 120 131 138 144 155 157 169 176 180 181 184 185 192 193 196 198 197 197 196 197 197 198 198 195 193 196 196 196 194 196 197 198 201 202 202 204 205 207 210 210 209 211 210 211 211 212 210 211 211 211 212 211
194 200 203 203 206 203 199 200 202 202 202 202 202 202 202 202 202 201 200 200 200 200 200 199 197 194 193 191 190 190 181 179 174 172 167 160 162 146 152 147 138 141 139 141 152 158 170 178 179 182 180 188 194 197 198 200 199 197 195 196 196 199 199 197 199 199 198 196 198 198 201 201 203 205 204 207 208 210 211 212 212 211 212 214 212 212 212 212 211 212 212
202 203 205 207 207 205 203 200 202 203 203 203 203 202 202 202 202 202 202 202 203 203 201 199 194 193 191 191 188 188 183 181 180 177 178 178 175 170 157 145 138 133 136 136 146 146 157 170 180 181 185 187 195 197 199 201 203 199 193 195 196 197 197 197 202 202 200 198 201 200 202 203 203 205 207 208 208 209 210 211 214 214 213 214 213 213 213 214 213 213 212
205 205 206 206 207 205 203 201 202 203 203 203 203 203 203 203 203 203 203 204 204 203 200 196 185 180 182 182 182 186 180 178 179 183 177 180 178 173 147 135 131 122 136 137 137 156 154 160 175 181 184 187 190 192 195 198 199 203 200 195 193 196 199 200 203 204 204 201 201 202 203 205 205 205 206 209 209 210 211 213 214 216 216 215 214 214 214 214 213 213 212
205 206 205 206 207 206 204 203 202 203 203 203 203 203 203 203 204 204 204 205 205 201 197 191 177 177 168 172 179 180 176 177 182 180 180 178 178 174 170 160 148 144 153 141 145 146 159 164 177 181 182 189 186 190 194 193 195 195 203 200 198 196 200 202 203 204 206 206 204 205 203 205 207 207 207 209 211 211 212 214 215 216 216 215 215 215 214 214 213 213 213
205 206 204 206 206 206 204 203 203 203 203 203 203 203 204 203 204 204 205 205 205 204 202 199 190 155 136 155 157 164 175 174 178 180 181 179 179 178 177 168 145 132 155 148 132 142 142 148 169 184 184 190 187 188 192 197 197 196 202 204 200 199 199 202 204 203 205 209 208 208 205 205 207 208 209 210 211 213 214 214 215 -9999 215 215 215 215 215 215 215 215 214
204 206 205 207 206 205 204 203 203 203 203 203 203 203 203 203 204 204 205 206 206 204 192 177 192 170 136 139 132 135 159 171 179 183 182 182 181 181 179 172 163 143 141 145 153 140 141 143 158 179 183 193 188 187 192 193 199 198 201 207 203 201 202 201 203 205 204 204 207 210 209 206 207 208 -9999 211 -9999 -9999 -9999 -9999 -9999 -9999 -9999 -9999 216 216 216 215 215 215 214
203 205 207 207 206 204 203 202 203 203 203 203 203 203 203 203 203 204 204 204 205 203 201 188 180 173 144 156 150 149 161 168 184 185 184 184 183 182 180 175 169 160 159 133 159 146 139 150 168 175 183 190 191 191 192 196 200 201 205 207 203 203 203 205 203 205 204 206 204 206 210 210 208 209 209 -9999 -9999 -9999 -9999 -9999 -9999 -9999 216 216 216 215 215 215 215 215 214
198 202 207 206 203 203 202 202 202 203 203 203 203 203 203 203 203 203 203 202 194 196 190 191 186 190 178 170 163 151 157 179 189 186 184 184 182 180 178 177 172 170 165 157 143 161 151 140 160 179 188 188 196 196 197 200 202 202 208 206 203 206 205 204 205 207 206 207 207 208 208 -9999 -9999 210 -9999 -9999 -9999 -9999 -9999 -9999 -9999 -9999 216 216 215 215 215 215 215 215 215
201 202 206 206 205 204 203 203 203 204 204 204 204 204 204 203 203 203 202 201 197 196 196 189 189 182 185 181 173 170 175 191 188 186 184 182 179 175 175 172 171 174 170 172 163 154 162 162 152 162 177 183 195 200 203 203 200 201 210 205 204 208 207 205 206 208 209 209 209 210 209 210 211 -9999 -9999 -9999 -9999 -9999 -9999 -9999 -9999 -9999 -9999 -9999 -9999 -9999 -9999 -9999 -9999 -9999 215
203 204 206 206 205 204 204 204 204 204 205 204 204 204 204 204 204 203 201 199 199 199 200 198 194 193 189 193 185 191 189 187 187 183 181 177 178 177 176 175 176 176 165 172 164 168 174 159 140 156 178 184 196 204 207 204 202 205 210 207 207 210 206 207 209 209 210 211 211 211 212 211 -9999 -9999 -9999 -9999 -9999 -9999 -9999 -9999 -9999 -9999 -9999 -9999 -9999 -9999 -9999 -9999 -9999 -9999 -9999
204 204 204 206 206 206 204 205 205 206 206 206 205 205 206 205 205 205 204 203 204 202 198 187 170 161 174 193 192 177 159 154 149 163 176 181 181 177 174 175 173 171 170 177 176 168 167 144 128 146 173 184 200 208 210 209 208 207 212 208 209 210 209 210 211 212 212 212 213 -9999 -9999 -9999 -9999 -9999 -9999 -9999 -9999 -9999 -9999 -9999 -9999 -9999 -9999 -9999 -9999 -9999 -9999 -9999 -9999 -9999 215
203 204 205 207 206 206 206 206 207 208 208 208 207 207 207 206 205 205 203 201 199 199 199 180 173 168 177 188 177 154 129 127 114 120 133 164 136 112 101 109 124 144 165 152 155 146 151 147 143 151 170 189 202 210 212 212 211 210 214 210 211 212 211 212 213 213 214 214 -9999 -9999 -9999 -9999 -9999 -9999 -9999 -9999 -9999 -9999 -9999 -9999 -9999 -9999 -9999 -9999 -9999 -9999 -9999 213 213 213 213
202 204 207 208 207 206 206 207 208 209 209 209 209 209 208 207 206 204 202 200 195 195 192 195 168 142 136 128 152 163 157 116 116 141 149 167 156 141 135 125 136 137 111 133 134 139 151 166 172 181 189 193 205 210 212 214 214 214 216 215 -9999 214 213 214 215 215 215 215 -9999 -9999 -9999 -9999 -9999 -9999 -9999 -9999 -9999 -9999 -9999 -9999 -9999 -9999 -9999 -9999 -9999 210 209 211 213 213 212
