resultados/variables_proyeccion_tiempo/variables_presente/bio5.asc
ncols 330
nrows 228
xllcorner -12.000000
yllcorner 34.000000
cellsize 0.166667
NODATA_value -9999
[rows 80 to 119 of 228, columns 182 to 272 of 330]
-9999 -9999 -9999 -9999 -9999 -9999 -9999 -9999 -9999 -9999 -9999 -9999 -9999 -9999 -9999 -9999 -9999 -9999 -9999 -9999 -9999 -9999 -9999 -9999 -9999 207 -9999 208 -9999 209 -9999 210 209 210 210 210 211 211 210 211 212 211 211 211 212 213 213 214 214 215 215 216 216 -9999 -9999 -9999 -9999 219 219 219 219 219 219 218 219 220 220 219 219 221 221 221 221 222 222 221 222 223 224 223 223 224 224 224 224 223 220 218 219 222 224
-9999 -9999 -9999 -9999 -9999 -9999 -9999 -9999 -9999 -9999 -9999 -9999 -9999 -9999 -9999 -9999 -9999 -9999 -9999 -9999 -9999 -9999 205 205 206 207 207 208 -9999 -9999 -9999 -9999 209 209 209 210 211 211 211 211 212 212 211 210 212 213 214 215 215 216 216 217 217 218 -9999 -9999 220 220 220 219 218 217 217 217 217 220 220 220 221 220 221 222 222 222 222 223 224 -9999 224 224 224 224 224 224 225 223 221 219 220 221 223
-9999 -9999 -9999 -9999 -9999 -9999 -9999 -9999 -9999 -9999 -9999 -9999 -9999 -9999 -9999 -9999 -9999 -9999 -9999 -9999 -9999 -9999 205 206 207 207 -9999 -9999 -9999 -9999 -9999 -9999 -9999 -9999 -9999 -9999 -9999 211 211 210 211 211 211 211 211 213 -9999 214 215 214 216 216 217 219 219 220 220 220 220 218 216 215 216 217 217 218 220 220 221 221 222 222 223 223 224 224 -9999 -9999 -9999 -9999 225 224 223 224 225 224 222 220 220 221 221
-9999 -9999 -9999 -9999 -9999 -9999 -9999 -9999 -9999 -9999 -9999 -9999 -9999 -9999 -9999 -9999 -9999 -9999 -9999 -9999 -9999 -9999 -9999 -9999 -9999 -9999 -9999 -9999 -9999 -9999 -9999 -9999 -9999 -9999 -9999 -9999 -9999 210 210 210 210 210 210 210 210 213 214 212 212 211 212 215 217 218 219 220 -9999 -9999 221 220 218 217 216 216 217 219 220 221 222 222 222 223 223 223 223 223 224 225 226 226 226 224 223 224 225 226 225 223 221 220 220
-9999 -9999 -9999 203 203 -9999 -9999 -9999 -9999 -9999 -9999 -9999 -9999 -9999 -9999 -9999 -9999 -9999 -9999 -9999 -9999 -9999 -9999 -9999 -9999 -9999 -9999 -9999 -9999 -9999 -9999 -9999 -9999 -9999 -9999 -9999 210 209 209 209 210 211 212 211 212 213 214 215 214 213 214 216 217 217 218 219 220 -9999 -9999 221 220 219 219 220 220 221 221 222 222 222 222 222 222 222 222 222 224 225 225 225 226 225 224 225 226 225 221 221 221 220 221
202 202 203 203 -9999 -9999 -9999 -9999 -9999 -9999 -9999 -9999 -9999 -9999 -9999 -9999 -9999 -9999 -9999 -9999 -9999 -9999 -9999 -9999 -9999 206 -9999 -9999 -9999 -9999 -9999 -9999 -9999 -9999 -9999 -9999 209 209 209 209 210 -9999 212 213 214 214 215 215 215 215 216 214 211 214 215 216 218 220 220 221 221 221 221 221 221 222 221 222 222 222 222 222 222 222 222 223 224 224 225 225 226 226 225 226 226 225 220 219 220 220 220
201 202 203 -9999 -9999 -9999 -9999 -9999 -9999 -9999 -9999 -9999 -9999 -9999 -9999 -9999 -9999 -9999 -9999 -9999 -9999 204 205 204 203 206 -9999 -9999 -9999 -9999 -9999 -9999 -9999 -9999 -9999 -9999 209 209 208 209 210 212 212 214 214 215 215 216 216 216 215 212 212 213 214 216 217 219 221 221 222 221 221 221 220 220 218 218 220 222 222 222 222 222 223 223 224 224 225 225 225 225 225 225 225 222 221 220 220 220 220
201 201 202 -9999 -9999 -9999 -9999 -9999 -9999 -9999 -9999 -9999 -9999 -9999 -9999 -9999 -9999 -9999 -9999 202 203 203 204 204 204 206 207 208 -9999 -9999 -9999 -9999 -9999 -9999 -9999 -9999 209 209 209 210 211 212 213 213 211 212 213 214 215 215 215 213 213 214 215 217 218 220 221 221 221 221 221 221 219 216 215 217 219 222 222 222 222 223 223 223 223 224 225 224 225 225 225 225 223 219 218 219 220 220 220
202 202 -9999 -9999 -9999 -9999 -9999 -9999 -9999 -9999 -9999 -9999 -9999 -9999 -9999 -9999 -9999 -9999 -9999 202 203 203 204 205 205 205 205 208 -9999 -9999 -9999 -9999 -9999 -9999 -9999 -9999 210 210 210 210 210 210 209 207 208 209 211 213 214 215 215 215 216 216 217 217 219 220 221 222 221 221 221 220 220 219 219 221 222 222 222 222 223 223 223 224 224 225 224 224 224 223 220 218 218 220 220 220 221 221 220
-9999 -9999 -9999 -9999 -9999 -9999 -9999 -9999 -9999 -9999 -9999 -9999 -9999 -9999 -9999 -9999 -9999 -9999 201 202 202 203 205 205 205 205 205 207 207 208 -9999 -9999 -9999 -9999 -9999 209 210 210 210 210 209 207 207 208 208 208 210 213 214 215 216 217 217 218 217 218 220 221 221 221 221 221 222 221 222 222 222 223 223 222 222 223 223 224 224 225 225 225 224 223 222 219 217 218 219 220 220 220 221 221 221
-9999 -9999 -9999 -9999 -9999 -9999 -9999 -9999 -9999 -9999 -9999 -9999 -9999 -9999 -9999 -9999 -9999 200 200 201 201 202 205 205 205 206 206 207 208 209 210 210 209 208 208 210 211 212 212 212 212 211 211 210 210 209 210 212 216 217 218 218 219 218 218 219 220 221 221 221 221 221 222 222 221 217 217 218 220 221 223 223 223 224 224 225 225 223 219 218 217 217 218 219 219 220 221 221 221 221 222
-9999 -9999 -9999 -9999 -9999 -9999 -9999 -9999 -9999 -9999 -9999 -9999 -9999 -9999 -9999 -9999 198 199 200 201 201 204 206 206 205 205 206 207 209 210 212 212 211 210 210 211 211 213 214 214 214 214 214 214 213 214 215 216 217 218 219 219 219 219 218 219 220 220 220 221 221 222 222 221 218 217 217 215 216 218 220 223 224 224 224 224 224 223 221 219 219 218 218 219 220 220 220 219 219 220 222
-9999 -9999 -9999 -9999 -9999 -9999 -9999 -9999 -9999 -9999 -9999 -9999 -9999 -9999 -9999 -9999 199 199 200 200 200 204 206 206 207 207 207 209 210 212 213 213 213 213 213 213 214 215 215 215 216 216 216 216 217 217 217 217 218 218 219 218 218 217 217 218 219 220 221 221 221 222 221 220 218 219 218 217 217 219 221 224 224 224 224 224 224 221 220 221 220 218 218 219 219 220 220 220 220 220 221
-9999 -9999 -9999 -9999 -9999 -9999 -9999 -9999 -9999 -9999 -9999 -9999 -9999 -9999 -9999 -9999 200 200 201 202 201 203 207 209 210 210 210 211 212 213 214 214 214 214 215 215 216 216 217 217 217 217 217 217 218 218 218 219 219 219 218 218 218 217 218 218 218 218 220 221 221 221 221 221 220 220 219 219 218 219 221 223 224 225 225 224 222 220 220 221 221 221 221 221 220 220 221 221 220 220 221
-9999 -9999 -9999 -9999 -9999 -9999 -9999 -9999 -9999 -9999 -9999 -9999 -9999 -9999 -9999 -9999 200 201 202 204 204 205 207 210 211 212 213 213 213 214 215 215 215 216 216 217 218 218 219 219 218 219 218 218 218 218 219 219 220 219 218 217 218 218 217 217 217 218 220 221 221 221 221 221 220 220 220 220 219 220 221 221 223 223 223 223 221 222 222 222 222 222 222 222 222 222 222 222 221 222 222
-9999 -9999 -9999 -9999 -9999 -9999 -9999 -9999 -9999 -9999 -9999 -9999 -9999 -9999 -9999 -9999 201 201 202 204 203 204 207 209 211 212 213 214 214 215 216 216 216 217 217 218 219 219 220 220 219 219 219 219 218 218 218 219 220 220 220 218 218 218 218 219 219 220 221 221 -9999 221 221 221 220 220 221 221 221 221 222 222 223 223 223 223 222 -9999 222 222 222 223 223 223 223 223 224 224 223 221 222
-9999 -9999 -9999 -9999 -9999 -9999 -9999 -9999 -9999 -9999 -9999 -9999 -9999 -9999 -9999 -9999 201 201 203 204 205 206 208 210 211 212 213 214 215 215 216 217 217 218 219 220 220 220 220 220 220 220 220 219 219 218 218 218 220 220 219 219 219 219 220 220 221 221 222 222 222 222 222 222 -9999 221 222 222 221 222 221 222 223 223 223 223 223 222 222 222 222 222 223 224 224 224 224 224 223 222 223
-9999 -9999 -9999 -9999 -9999 -9999 -9999 -9999 -9999 -9999 -9999 -9999 -9999 -9999 -9999 -9999 202 203 204 205 206 209 210 210 211 211 214 214 215 216 216 216 217 219 220 221 221 221 221 220 220 220 220 219 220 219 -9999 218 219 219 219 219 -9999 220 221 222 222 222 223 223 223 223 223 223 222 222 222 222 222 221 221 221 222 223 223 223 223 222 223 223 223 223 223 223 224 224 223 222 223 222 222
-9999 -9999 -9999 -9999 -9999 -9999 -9999 -9999 -9999 -9999 -9999 -9999 -9999 -9999 -9999 -9999 -9999 206 208 209 209 210 212 211 211 213 213 214 216 215 216 217 218 220 221 221 221 221 221 221 221 220 220 221 218 218 218 218 218 219 220 220 221 221 221 222 222 223 223 224 224 224 224 224 224 224 224 223 222 220 220 221 222 223 223 223 223 223 223 222 222 223 223 223 223 224 223 223 223 222 223
-9999 -9999 -9999 -9999 -9999 -9999 -9999 -9999 -9999 -9999 -9999 -9999 -9999 -9999 -9999 -9999 -9999 210 212 213 213 213 214 215 215 216 216 217 217 217 218 219 220 221 222 222 222 221 222 222 221 220 219 219 218 218 218 218 219 220 221 221 222 223 223 223 223 223 224 224 224 224 225 225 225 224 224 224 223 222 222 223 223 223 224 224 224 223 222 223 223 223 223 222 221 222 223 224 223 223 224
-9999 -9999 -9999 -9999 -9999 -9999 -9999 -9999 -9999 -9999 -9999 -9999 -9999 -9999 -9999 209 -9999 -9999 214 215 216 217 217 219 219 219 219 219 219 219 220 220 222 223 223 222 222 223 223 222 221 220 220 219 218 219 -9999 217 219 221 222 222 223 223 223 223 223 223 222 222 224 225 225 225 225 225 225 224 224 224 223 223 222 222 222 222 224 224 224 224 224 222 221 221 222 223 224 224 224 224 225
-9999 -9999 -9999 -9999 -9999 -9999 -9999 -9999 -9999 -9999 -9999 -9999 -9999 -9999 -9999 -9999 -9999 215 216 218 219 219 220 220 220 220 221 220 220 221 222 222 223 223 223 223 223 223 222 222 222 221 219 219 219 219 217 216 218 219 220 222 221 222 222 223 222 223 223 223 223 225 225 226 226 226 226 225 225 224 224 224 222 221 222 222 222 223 223 224 224 223 222 222 222 224 225 225 225 225 226
-9999 -9999 -9999 -9999 -9999 -9999 -9999 -9999 -9999 -9999 214 214 215 215 215 -9999 -9999 217 218 219 220 220 220 221 221 221 221 221 221 222 222 223 224 223 224 224 223 223 224 224 223 221 220 220 219 218 219 219 219 219 220 221 221 222 223 222 223 223 224 224 225 225 226 226 226 226 226 226 225 224 225 225 224 224 223 222 223 224 224 224 224 223 222 223 224 225 226 226 225 226 227
-9999 -9999 -9999 -9999 -9999 -9999 -9999 -9999 -9999 -9999 218 218 218 218 218 218 219 219 220 220 221 221 221 221 221 221 221 222 222 223 223 223 224 224 224 223 222 223 223 225 223 222 221 220 216 218 220 221 221 221 221 221 222 223 224 224 224 224 224 226 226 226 226 224 225 227 226 224 224 224 223 224 224 224 224 224 224 225 225 224 224 223 223 225 226 227 226 226 225 225 226
206 -9999 -9999 -9999 -9999 -9999 -9999 -9999 -9999 -9999 -9999 222 223 221 221 221 221 222 222 222 223 223 222 222 222 220 219 220 221 222 223 223 223 224 224 224 222 222 223 224 225 223 219 218 218 217 220 221 221 222 222 222 222 224 225 225 225 223 224 227 227 226 226 226 226 226 225 224 223 223 223 223 224 224 224 224 225 225 224 224 224 224 224 225 225 226 226 225 226 226 227
198 200 -9999 -9999 -9999 -9999 -9999 -9999 226 225 222 221 221 223 223 223 224 224 223 223 223 221 223 221 218 216 -9999 214 217 221 222 223 224 225 224 222 223 223 224 225 225 223 221 219 218 218 219 218 221 223 223 224 224 224 224 224 225 223 226 227 228 227 226 227 226 226 225 224 225 224 224 225 225 224 224 224 224 224 224 225 225 225 226 226 226 227 226 226 227 226 227
198 202 209 214 218 222 222 220 226 227 226 226 225 226 226 227 226 225 224 224 223 224 222 219 217 216 213 215 216 219 220 221 223 224 224 224 224 224 224 225 224 224 223 221 220 220 219 220 220 221 222 222 222 224 223 222 224 226 228 229 228 228 228 228 227 227 226 226 226 225 225 226 225 226 226 226 226 226 226 227 227 227 227 228 228 228 228 227 227 228 228
204 206 211 217 220 225 228 227 228 228 230 231 231 230 228 227 227 226 225 226 227 226 224 223 220 219 218 217 219 221 222 223 224 225 226 226 226 225 225 225 226 224 224 224 224 223 224 224 224 222 221 221 220 222 223 224 226 228 229 229 229 229 229 229 229 228 227 227 227 227 226 226 227 226 227 227 227 225 226 227 227 228 228 228 228 229 229 229 228 228 230
211 212 216 219 221 223 226 226 227 228 231 233 235 232 231 228 227 227 228 231 231 229 227 226 224 223 221 221 221 222 223 225 227 227 227 227 227 227 226 227 227 226 226 227 226 226 226 226 226 225 223 221 220 221 224 226 227 -9999 228 229 230 230 230 230 230 229 228 228 229 228 227 228 228 228 228 228 228 228 227 228 229 229 229 229 229 229 228 229 230 228 229
216 217 219 223 222 224 225 227 229 231 233 235 237 235 233 231 231 232 234 236 -9999 233 231 228 227 226 225 224 224 224 225 225 226 228 229 229 229 227 227 228 228 228 228 227 225 225 227 227 226 225 224 222 222 224 225 227 229 230 230 230 231 231 230 231 231 230 230 230 229 229 229 230 229 229 230 230 229 229 229 230 230 230 230 230 230 230 230 229 231 231 230
221 222 226 224 225 227 228 229 230 227 230 232 234 234 234 233 233 234 236 237 -9999 235 231 230 229 228 227 226 225 223 224 225 226 228 231 231 230 229 228 229 230 229 229 227 222 223 226 228 228 227 226 226 226 227 227 229 230 231 231 232 232 232 231 232 232 232 232 231 231 231 231 231 231 231 230 231 231 231 231 231 231 231 230 230 231 231 232 232 231 231 231
227 228 228 227 229 230 230 230 230 228 228 228 230 231 234 235 236 237 238 239 238 236 233 231 231 230 227 226 225 224 225 226 227 231 232 232 232 232 231 231 231 229 227 227 225 225 226 228 228 227 228 227 228 229 229 229 231 232 232 233 233 233 233 233 233 233 233 232 232 233 232 232 232 232 232 232 232 232 232 231 231 232 232 232 232 233 233 233 233 233 233
230 229 229 230 231 232 233 233 230 230 229 227 227 231 232 236 237 238 239 240 239 238 235 232 232 232 230 228 226 226 226 227 228 231 229 230 231 230 232 231 231 231 228 227 227 227 228 228 228 228 228 228 228 229 230 231 231 232 233 233 233 234 234 234 234 234 234 234 234 234 233 234 233 233 233 233 232 233 233 233 233 234 233 234 234 234 234 234 234 234 234
235 234 234 235 235 234 234 234 233 232 230 228 227 230 232 235 237 239 241 241 240 238 235 235 233 232 230 230 228 227 227 229 229 231 231 231 231 229 230 231 229 230 230 229 229 229 229 229 228 229 229 229 230 231 232 232 233 233 234 234 234 235 235 235 235 236 235 236 236 236 236 235 234 234 234 235 233 234 235 235 235 234 234 235 235 235 235 235 235 235 236
237 238 239 238 238 237 237 237 236 235 233 231 230 232 234 237 238 239 240 240 239 238 236 235 233 232 231 231 230 230 230 231 231 232 231 231 231 231 232 232 231 231 231 231 230 231 230 230 230 230 231 232 232 232 232 233 234 234 235 234 235 235 236 236 236 237 237 237 237 237 237 237 236 235 235 236 235 235 236 236 235 236 236 236 236 235 235 235 235 237 238
240 240 240 242 241 241 240 240 238 237 235 234 234 235 236 237 239 240 241 240 239 239 238 237 235 234 233 233 231 232 231 232 232 232 233 233 233 233 232 232 232 232 233 233 233 233 232 232 232 232 233 233 233 234 234 235 235 236 236 237 237 237 238 237 238 238 238 238 238 239 239 238 237 237 236 237 236 236 237 237 237 237 237 236 236 236 236 236 237 238 238
242 243 244 245 245 245 245 244 242 238 236 236 235 237 237 238 240 240 240 240 240 239 237 237 236 235 234 233 233 232 232 234 234 233 234 234 234 234 234 234 234 234 234 234 233 234 233 233 233 234 234 234 235 235 235 236 236 236 237 237 238 238 238 239 239 239 240 240 240 240 240 239 238 238 238 237 237 237 237 238 238 237 237 237 237 237 237 238 239 240 239
245 246 246 246 244 244 245 244 244 243 240 239 238 238 239 240 240 240 239 239 238 237 236 235 236 237 236 236 234 235 235 236 236 236 235 235 236 235 235 235 235 235 236 235 235 235 235 235 234 235 235 235 236 236 236 236 237 -9999 237 237 238 239 239 240 240 240 241 241 242 241 240 240 240 239 238 238 238 238 239 239 238 238 237 238 239 239 238 239 239 241 241
247 248 249 247 246 246 245 245 244 242 241 240 239 238 237 236 238 238 237 236 234 236 236 236 236 236 237 237 237 238 238 238 238 238 238 237 237 237 236 236 236 236 235 235 235 236 236 236 236 236 236 237 237 237 238 238 238 238 238 239 240 240 241 241 241 242 242 242 242 243 242 242 241 241 240 240 239 239 239 239 239 240 240 239 241 240 240 240 240 241 243
245 248 250 249 247 247 247 246 244 243 241 239 238 236 235 234 235 237 236 236 236 236 236 236 237 238 238 239 240 240 239 239 240 239 239 238 238 238 238 237 237 237 237 236 236 236 237 237 237 238 238 237 238 239 239 239 239 239 240 240 241 241 241 241 241 242 243 243 243 243 243 242 242 241 242 241 240 240 240 240 241 242 242 242 241 242 241 241 241 243 243
