resultados/variables_proyeccion_tiempo/variables_presente/bio5.asc
ncols 330
nrows 228
xllcorner -12.000000
yllcorner 34.000000
cellsize 0.166667
NODATA_value -9999
[rows 40 to 79 of 228, columns 91 to 181 of 330]
-9999 -9999 -9999 -9999 -9999 -9999 -9999 -9999 -9999 -9999 -9999 -9999 -9999 -9999 -9999 -9999 -9999 -9999 -9999 -9999 -9999 -9999 -9999 -9999 -9999 -9999 -9999 -9999 -9999 -9999 -9999 -9999 -9999 -9999 -9999 -9999 -9999 -9999 -9999 -9999 -9999 -9999 -9999 -9999 -9999 -9999 -9999 -9999 -9999 -9999 -9999 -9999 -9999 -9999 -9999 -9999 -9999 161 147 142 154 151 138 129 135 133 136 140 145 145 148 152 148 149 151 159 165 166 167 172 176 -9999 175 172 174 181 187 189 192 192 191
-9999 -9999 -9999 -9999 -9999 -9999 -9999 -9999 -9999 -9999 -9999 -9999 -9999 -9999 -9999 -9999 -9999 -9999 -9999 -9999 -9999 -9999 -9999 -9999 -9999 -9999 -9999 -9999 -9999 -9999 -9999 -9999 -9999 -9999 -9999 -9999 -9999 -9999 -9999 -9999 -9999 -9999 -9999 -9999 -9999 -9999 -9999 -9999 -9999 -9999 -9999 -9999 -9999 166 165 -9999 165 152 147 145 158 151 145 148 140 134 136 141 142 145 150 154 150 146 158 163 166 167 170 172 172 173 178 182 182 186 190 193 192 192 194
-9999 -9999 -9999 -9999 -9999 -9999 -9999 -9999 -9999 -9999 -9999 -9999 -9999 -9999 -9999 -9999 -9999 -9999 -9999 -9999 -9999 -9999 -9999 -9999 -9999 -9999 -9999 -9999 -9999 -9999 -9999 -9999 -9999 -9999 -9999 -9999 -9999 -9999 -9999 -9999 -9999 -9999 -9999 -9999 -9999 -9999 168 170 -9999 169 -9999 170 167 166 163 162 148 145 152 160 153 150 155 148 148 151 155 154 149 148 148 147 156 158 159 167 172 170 169 172 174 175 176 179 179 181 187 195 195 195 195
-9999 -9999 -9999 -9999 -9999 -9999 -9999 -9999 -9999 -9999 -9999 -9999 -9999 -9999 -9999 -9999 -9999 -9999 -9999 -9999 -9999 -9999 -9999 -9999 -9999 -9999 -9999 -9999 -9999 -9999 -9999 -9999 -9999 -9999 -9999 -9999 -9999 -9999 -9999 -9999 -9999 -9999 -9999 -9999 -9999 -9999 -9999 -9999 -9999 -9999 -9999 170 166 157 162 161 156 164 164 157 154 -9999 160 153 155 161 156 147 150 154 153 162 166 165 166 167 170 176 179 180 178 180 180 179 178 179 184 188 193 195 195
-9999 -9999 -9999 -9999 -9999 -9999 -9999 -9999 -9999 -9999 -9999 -9999 -9999 -9999 -9999 -9999 -9999 -9999 -9999 -9999 -9999 -9999 -9999 -9999 -9999 -9999 -9999 -9999 -9999 -9999 -9999 -9999 -9999 -9999 -9999 -9999 -9999 -9999 -9999 -9999 -9999 -9999 -9999 -9999 -9999 -9999 -9999 -9999 169 -9999 -9999 164 161 168 170 167 168 160 152 148 151 153 157 163 166 168 156 154 156 162 165 165 167 174 174 176 175 170 171 180 182 183 183 183 182 180 181 184 187 190 193
-9999 -9999 -9999 -9999 -9999 -9999 -9999 -9999 -9999 -9999 -9999 -9999 -9999 -9999 -9999 -9999 -9999 -9999 -9999 -9999 -9999 -9999 -9999 -9999 -9999 -9999 -9999 -9999 -9999 -9999 -9999 -9999 -9999 -9999 -9999 -9999 -9999 -9999 -9999 -9999 -9999 -9999 -9999 -9999 -9999 -9999 161 160 166 171 166 169 170 163 162 164 165 160 157 150 152 159 160 160 155 157 166 169 170 171 167 172 171 174 179 179 179 180 176 177 180 184 183 185 186 186 185 185 185 187 189
-9999 -9999 -9999 -9999 -9999 -9999 -9999 -9999 -9999 -9999 -9999 -9999 -9999 -9999 -9999 -9999 -9999 -9999 -9999 -9999 -9999 -9999 -9999 -9999 -9999 -9999 -9999 -9999 -9999 -9999 -9999 -9999 -9999 -9999 -9999 -9999 -9999 -9999 -9999 -9999 -9999 -9999 -9999 -9999 157 154 157 159 168 166 164 162 165 163 -9999 169 167 160 162 155 152 156 161 162 154 148 151 158 162 168 174 177 180 180 180 182 178 182 185 184 184 184 186 184 187 188 190 189 189 192 192
-9999 -9999 -9999 -9999 -9999 -9999 -9999 -9999 -9999 -9999 -9999 -9999 -9999 -9999 -9999 -9999 -9999 -9999 -9999 -9999 -9999 -9999 -9999 -9999 -9999 -9999 -9999 -9999 -9999 -9999 -9999 -9999 -9999 -9999 -9999 -9999 -9999 -9999 -9999 -9999 -9999 159 155 156 154 151 153 157 169 170 173 173 168 161 158 157 153 153 159 158 150 145 150 158 167 171 165 159 159 161 169 175 179 181 180 181 186 185 187 187 185 184 184 187 190 190 189 188 190 191 193
-9999 -9999 -9999 -9999 -9999 -9999 -9999 -9999 -9999 -9999 -9999 -9999 -9999 -9999 -9999 -9999 -9999 -9999 -9999 -9999 -9999 -9999 -9999 -9999 -9999 -9999 -9999 -9999 -9999 -9999 -9999 -9999 -9999 -9999 -9999 -9999 -9999 -9999 -9999 -9999 -9999 -9999 159 157 152 155 -9999 -9999 174 174 172 165 165 163 156 153 154 156 164 152 151 149 148 153 164 170 -9999 174 170 172 175 177 181 185 183 186 186 187 189 190 188 187 185 189 190 188 188 187 189 191 194
-9999 -9999 -9999 -9999 -9999 -9999 -9999 -9999 -9999 -9999 -9999 -9999 -9999 -9999 -9999 -9999 -9999 -9999 -9999 -9999 -9999 -9999 -9999 -9999 -9999 -9999 -9999 -9999 -9999 -9999 -9999 -9999 -9999 162 -9999 -9999 -9999 -9999 -9999 -9999 -9999 -9999 158 157 162 162 167 -9999 -9999 174 171 169 164 160 161 163 157 155 166 167 162 165 166 168 163 166 171 178 182 181 183 184 184 185 187 188 188 189 189 191 191 193 193 193 189 189 190 192 191 191 193
-9999 -9999 -9999 -9999 -9999 -9999 -9999 -9999 -9999 -9999 -9999 -9999 -9999 -9999 -9999 -9999 -9999 -9999 -9999 -9999 -9999 -9999 -9999 -9999 -9999 -9999 -9999 -9999 -9999 -9999 -9999 -9999 -9999 161 163 -9999 -9999 -9999 158 -9999 -9999 164 162 158 -9999 175 -9999 171 169 163 158 156 158 151 157 158 162 160 166 168 165 168 173 176 178 175 178 180 181 185 180 180 185 -9999 187 185 187 188 190 191 191 193 193 194 192 192 194 194 197 195 198
-9999 -9999 -9999 -9999 -9999 -9999 -9999 -9999 -9999 -9999 -9999 -9999 -9999 -9999 -9999 -9999 -9999 -9999 -9999 -9999 -9999 -9999 -9999 -9999 -9999 -9999 -9999 -9999 161 162 -9999 -9999 -9999 162 -9999 -9999 162 157 158 159 167 -9999 167 174 173 172 173 170 168 162 156 166 159 152 153 155 164 166 160 159 171 171 173 177 179 181 183 185 185 186 185 182 185 187 186 186 184 182 186 189 193 193 196 193 190 191 191 193 197 199 200
-9999 -9999 -9999 -9999 -9999 -9999 -9999 -9999 -9999 -9999 -9999 -9999 -9999 -9999 -9999 -9999 -9999 -9999 -9999 -9999 -9999 -9999 -9999 -9999 -9999 -9999 -9999 -9999 -9999 -9999 -9999 -9999 159 152 157 161 153 151 161 167 164 169 174 168 163 163 -9999 170 161 151 149 152 150 154 151 157 -9999 158 157 164 169 171 175 179 182 186 -9999 187 187 186 188 190 190 189 189 189 189 187 188 187 190 195 196 198 198 195 196 195 194 196 199
-9999 -9999 -9999 -9999 -9999 -9999 -9999 -9999 -9999 -9999 -9999 -9999 -9999 -9999 -9999 -9999 -9999 -9999 -9999 -9999 -9999 -9999 -9999 -9999 -9999 -9999 -9999 -9999 -9999 -9999 162 159 159 155 156 156 159 158 160 163 162 163 170 164 157 154 159 156 157 158 158 154 149 147 141 146 137 145 156 154 150 158 160 158 171 182 186 -9999 185 187 187 187 188 187 186 188 190 190 192 194 191 191 194 194 194 197 200 202 197 197 201
-9999 -9999 -9999 -9999 -9999 -9999 -9999 -9999 -9999 -9999 -9999 -9999 -9999 -9999 -9999 -9999 -9999 -9999 -9999 -9999 -9999 -9999 -9999 153 149 -9999 149 -9999 156 -9999 165 -9999 163 155 149 144 143 144 150 162 151 157 162 160 158 160 154 159 156 145 141 151 151 141 142 141 146 148 145 154 161 162 162 158 166 174 182 190 189 188 188 189 190 190 189 188 189 191 191 189 194 191 189 189 189 190 194 200 -9999 203 205
-9999 -9999 -9999 -9999 -9999 -9999 -9999 -9999 -9999 -9999 -9999 -9999 -9999 -9999 -9999 -9999 -9999 -9999 -9999 -9999 -9999 -9999 -9999 149 151 -9999 153 155 -9999 157 147 -9999 146 145 138 137 131 136 137 141 158 157 145 145 145 139 143 145 150 154 148 150 152 146 143 148 150 155 159 164 166 166 171 175 177 179 183 187 188 188 188 189 191 191 188 190 190 191 195 192 193 196 191 190 190 193 193 197 202 -9999 -9999
-9999 -9999 -9999 -9999 -9999 -9999 -9999 -9999 -9999 -9999 -9999 -9999 -9999 -9999 -9999 -9999 -9999 -9999 -9999 144 147 142 143 -9999 138 -9999 149 -9999 138 141 127 130 129 130 136 139 140 139 148 139 141 145 149 146 140 140 145 151 153 156 154 155 152 145 149 157 160 155 159 165 166 166 168 170 170 175 181 187 185 187 188 189 188 191 194 196 193 194 194 196 192 -9999 195 196 196 197 197 199 202 -9999 -9999
-9999 -9999 -9999 -9999 -9999 -9999 -9999 -9999 -9999 -9999 -9999 -9999 -9999 -9999 -9999 -9999 142 -9999 147 -9999 146 139 -9999 132 125 128 128 120 126 125 124 124 133 114 114 114 116 119 130 127 134 137 143 154 153 152 159 156 147 151 154 156 161 156 155 157 163 166 166 170 170 175 178 180 178 171 180 186 189 190 195 194 196 195 194 190 193 194 196 199 198 196 197 199 199 -9999 -9999 -9999 -9999 -9999 -9999
-9999 -9999 -9999 -9999 -9999 -9999 -9999 -9999 -9999 -9999 -9999 -9999 -9999 -9999 146 148 -9999 139 130 -9999 128 124 135 135 131 -9999 115 107 114 129 131 126 131 129 122 119 117 132 141 141 134 142 147 156 161 162 159 147 144 151 149 159 -9999 153 155 158 159 162 163 163 167 171 171 180 182 187 180 180 182 190 195 197 195 194 195 193 191 192 190 191 192 195 198 201 202 204 -9999 -9999 -9999 -9999 -9999
-9999 -9999 -9999 -9999 -9999 -9999 -9999 -9999 -9999 -9999 -9999 -9999 -9999 -9999 -9999 134 -9999 -9999 -9999 128 125 127 131 119 115 113 109 114 106 99 112 119 128 132 144 153 145 128 132 141 154 153 150 153 164 163 163 158 149 154 159 166 162 155 158 158 167 166 166 166 163 173 174 180 185 189 190 190 191 191 195 197 196 196 193 198 198 196 197 196 196 198 199 200 202 205 -9999 -9999 -9999 -9999 -9999
-9999 -9999 -9999 -9999 -9999 -9999 -9999 -9999 -9999 -9999 -9999 -9999 145 -9999 -9999 -9999 -9999 140 -9999 139 146 136 130 -9999 116 101 104 122 133 129 136 132 136 138 147 152 158 153 130 127 130 146 150 150 146 154 173 173 157 154 159 166 166 166 170 173 176 173 170 173 166 170 175 179 182 187 186 188 192 190 191 193 196 198 201 202 204 200 200 203 204 204 200 204 206 -9999 -9999 -9999 -9999 -9999 -9999
-9999 -9999 -9999 -9999 -9999 -9999 -9999 -9999 -9999 -9999 -9999 -9999 138 127 124 121 -9999 132 132 143 127 122 -9999 101 -9999 110 -9999 110 -9999 106 122 132 118 119 144 159 162 165 169 155 151 146 150 154 165 173 171 171 173 166 167 166 161 160 164 168 170 175 181 182 182 178 176 178 179 184 186 185 188 191 194 196 197 196 199 203 203 205 204 201 204 205 206 207 208 -9999 -9999 -9999 -9999 -9999 -9999
-9999 -9999 -9999 -9999 -9999 -9999 -9999 -9999 -9999 -9999 -9999 -9999 152 -9999 144 145 138 130 128 138 128 105 113 -9999 139 114 133 130 114 112 101 101 102 114 140 141 160 152 166 176 172 174 160 149 155 162 175 181 182 165 166 164 161 168 160 164 161 164 178 184 184 184 180 178 177 178 183 184 187 190 197 199 202 203 -9999 201 200 200 203 204 200 201 207 -9999 -9999 -9999 -9999 -9999 -9999 -9999 -9999
-9999 -9999 -9999 -9999 -9999 -9999 -9999 -9999 -9999 -9999 -9999 -9999 150 150 148 151 146 142 132 122 118 141 122 -9999 157 -9999 131 126 131 119 116 120 116 129 131 145 157 156 151 164 161 165 179 163 155 156 169 182 184 175 174 177 176 175 175 171 174 172 177 187 187 185 185 184 184 187 183 187 188 191 198 203 202 204 205 206 208 209 206 208 204 205 208 210 -9999 -9999 -9999 -9999 -9999 -9999 -9999
-9999 -9999 -9999 -9999 -9999 -9999 -9999 -9999 -9999 -9999 -9999 160 156 152 144 145 139 134 129 126 -9999 133 145 161 164 150 151 147 125 128 137 132 130 150 161 155 154 153 158 164 170 180 188 182 162 165 163 167 186 193 183 181 180 174 182 182 182 183 178 181 186 188 190 191 192 196 194 194 198 200 202 206 203 205 206 206 204 205 207 210 209 209 -9999 211 -9999 -9999 -9999 -9999 -9999 -9999 -9999
-9999 -9999 -9999 -9999 -9999 -9999 -9999 -9999 -9999 -9999 162 -9999 -9999 156 -9999 148 135 133 139 -9999 150 127 -9999 152 132 144 141 135 133 127 120 128 153 161 173 182 165 165 165 160 171 173 182 197 188 181 179 178 183 194 190 184 181 182 181 186 189 186 182 180 184 187 191 193 194 196 200 207 -9999 204 204 204 206 204 205 206 201 201 202 202 205 209 210 211 -9999 -9999 -9999 -9999 -9999 -9999 -9999
-9999 -9999 -9999 -9999 -9999 -9999 -9999 -9999 -9999 -9999 -9999 165 158 150 142 132 134 127 125 129 123 130 131 144 134 119 110 110 113 117 131 144 139 154 162 166 178 174 180 179 183 191 186 187 198 201 196 189 186 195 197 194 188 188 188 191 190 186 187 185 187 189 188 194 199 198 200 204 210 -9999 210 210 209 207 208 209 202 202 205 206 208 210 210 211 -9999 -9999 -9999 -9999 -9999 -9999 -9999
-9999 -9999 -9999 -9999 -9999 -9999 -9999 -9999 -9999 -9999 -9999 171 -9999 152 152 154 139 139 126 144 146 136 128 125 115 111 117 118 130 131 131 143 155 171 176 170 159 169 183 190 185 190 199 191 196 203 -9999 207 204 198 194 198 196 194 195 192 189 193 190 187 189 193 194 196 199 200 200 199 204 209 210 210 208 210 213 214 212 208 206 207 210 211 211 211 211 -9999 -9999 -9999 -9999 -9999 -9999
-9999 -9999 -9999 -9999 -9999 -9999 -9999 -9999 -9999 -9999 -9999 171 170 -9999 162 153 144 144 142 149 150 148 152 128 123 -9999 112 118 123 140 153 157 161 161 168 188 168 168 170 190 200 195 202 197 192 192 189 193 202 193 189 191 200 200 195 188 188 190 192 197 193 190 192 197 199 201 204 205 204 206 210 212 211 214 217 217 211 211 211 212 214 213 211 211 210 210 210 -9999 209 -9999 -9999
-9999 -9999 -9999 -9999 -9999 -9999 -9999 -9999 -9999 -9999 -9999 -9999 -9999 164 -9999 159 141 143 -9999 -9999 153 147 128 144 134 130 125 130 132 135 142 150 154 159 157 153 177 181 183 179 180 200 197 -9999 192 184 188 198 201 196 201 194 196 200 194 194 192 193 198 199 199 195 194 197 198 200 203 204 208 208 209 205 210 215 217 217 216 215 212 211 212 212 211 210 210 209 209 209 209 209 -9999
-9999 -9999 -9999 -9999 -9999 -9999 -9999 -9999 -9999 -9999 -9999 171 -9999 170 -9999 159 155 -9999 149 127 -9999 115 115 120 117 119 124 126 128 130 132 135 142 151 167 170 168 170 188 199 202 202 205 199 192 192 194 204 204 201 202 201 196 200 195 196 193 199 200 203 198 202 201 200 199 200 198 202 204 207 211 212 211 213 214 213 216 215 213 213 212 213 212 210 209 209 207 208 208 209 210
-9999 -9999 -9999 -9999 -9999 -9999 -9999 -9999 -9999 -9999 -9999 -9999 -9999 -9999 -9999 -9999 -9999 -9999 132 -9999 140 115 108 111 117 120 123 125 124 126 131 133 142 158 151 180 180 190 201 204 202 209 211 192 193 197 201 206 205 204 199 196 193 199 197 198 194 197 200 205 201 201 205 204 202 202 205 203 204 206 208 211 213 214 217 215 214 215 216 215 214 213 212 210 209 208 208 208 209 211 211
-9999 -9999 -9999 -9999 -9999 -9999 -9999 -9999 -9999 -9999 -9999 -9999 -9999 159 166 -9999 150 142 126 131 138 122 -9999 108 118 122 124 114 123 133 134 136 144 164 174 171 171 192 193 200 205 189 200 202 208 208 202 204 202 199 199 197 199 200 202 202 200 198 -9999 204 204 202 206 203 201 204 205 207 209 210 212 210 210 212 214 217 217 217 217 216 215 214 212 210 209 209 208 210 212 213 213
-9999 -9999 -9999 -9999 -9999 -9999 -9999 -9999 -9999 -9999 -9999 -9999 -9999 -9999 -9999 -9999 -9999 -9999 137 135 128 135 120 117 126 135 141 137 132 149 143 138 148 157 168 188 176 180 191 196 203 195 -9999 204 -9999 207 202 200 202 201 198 198 197 199 202 204 204 199 199 204 206 207 205 204 205 207 207 208 211 213 211 216 215 217 218 218 218 217 217 217 216 215 214 213 212 212 211 213 215 216 215
-9999 -9999 -9999 -9999 -9999 -9999 -9999 -9999 -9999 -9999 -9999 -9999 -9999 168 162 159 158 145 150 150 143 144 129 125 128 134 120 140 156 151 154 157 163 157 174 189 196 182 185 192 190 196 202 -9999 -9999 205 203 201 201 199 199 198 199 198 197 201 206 205 207 206 207 208 209 209 209 209 211 209 211 -9999 216 217 221 221 221 220 220 220 220 219 -9999 217 216 215 215 214 214 216 218 219 217
-9999 -9999 -9999 -9999 -9999 -9999 -9999 -9999 -9999 -9999 -9999 -9999 -9999 165 166 -9999 -9999 164 158 151 141 123 121 117 128 136 123 144 156 165 169 172 176 176 177 193 194 177 178 180 191 196 200 201 -9999 203 202 199 200 199 197 199 201 199 198 198 200 204 206 207 208 209 210 212 212 212 212 -9999 213 214 214 220 222 223 223 222 222 221 220 220 219 218 217 217 216 -9999 218 219 220 222 -9999
-9999 -9999 -9999 -9999 -9999 -9999 -9999 -9999 -9999 -9999 -9999 -9999 164 -9999 -9999 -9999 -9999 -9999 155 149 133 123 123 123 130 140 138 143 152 163 149 169 167 177 179 191 195 -9999 196 191 195 196 198 -9999 -9999 200 200 201 199 197 196 199 200 200 201 200 202 205 205 208 -9999 -9999 -9999 -9999 -9999 215 212 214 215 215 219 223 224 224 -9999 223 -9999 -9999 219 218 217 216 216 215 216 217 217 219 220 221 218
-9999 -9999 -9999 -9999 -9999 -9999 -9999 -9999 -9999 -9999 -9999 -9999 -9999 -9999 -9999 -9999 166 157 150 143 134 127 135 124 127 136 150 142 149 159 159 165 167 172 185 191 192 195 197 196 195 197 -9999 -9999 -9999 -9999 -9999 -9999 199 198 195 195 198 198 201 200 203 206 208 208 -9999 -9999 -9999 -9999 -9999 215 214 215 216 219 220 221 221 221 220 221 220 220 218 218 217 217 216 216 217 216 217 -9999 218 219 -9999
-9999 -9999 -9999 -9999 -9999 -9999 -9999 -9999 -9999 -9999 -9999 -9999 -9999 -9999 -9999 -9999 163 -9999 149 134 128 133 138 133 132 136 149 156 150 154 162 170 179 174 182 190 192 195 -9999 -9999 -9999 -9999 -9999 -9999 -9999 -9999 -9999 -9999 198 196 195 194 197 198 200 202 205 -9999 -9999 -9999 209 -9999 -9999 -9999 -9999 213 -9999 212 214 215 217 217 217 218 219 219 220 219 218 218 218 218 217 216 216 217 218 -9999 218 -9999 -9999
-9999 -9999 -9999 -9999 -9999 -9999 -9999 -9999 -9999 -9999 -9999 -9999 -9999 -9999 166 163 157 150 146 139 137 145 139 135 135 145 150 159 154 162 169 174 180 181 186 -9999 -9999 -9999 -9999 -9999 -9999 -9999 -9999 -9999 -9999 -9999 -9999 -9999 197 195 195 195 197 198 198 204 -9999 -9999 -9999 -9999 -9999 -9999 -9999 -9999 213 213 212 213 212 215 -9999 215 217 219 219 219 219 217 216 216 217 217 217 -9999 217 -9999 -9999 -9999 -9999 -9999 -9999
