resultados/variables_proyeccion_tiempo/variables_presente/bio5.asc
ncols 330
nrows 228
xllcorner -12.000000
yllcorner 34.000000
cellsize 0.166667
NODATA_value -9999
[rows 40 to 79 of 228, columns 182 to 272 of 330]
190 191 192 191 192 192 190 191 191 192 193 193 193 193 193 195 197 201 202 -9999 -9999 -9999 -9999 -9999 -9999 -9999 -9999 -9999 -9999 -9999 -9999 -9999 -9999 -9999 -9999 -9999 -9999 -9999 -9999 -9999 -9999 -9999 201 201 200 200 199 199 199 200 200 200 200 200 200 199 198 199 198 196 195 194 194 194 195 195 195 195 195 194 195 196 196 196 195 195 195 193 193 193 192 190 190 190 189 189 188 187 186 185 184
192 191 191 192 193 195 196 196 195 194 193 194 195 194 196 199 201 202 203 -9999 -9999 -9999 -9999 -9999 -9999 -9999 -9999 -9999 -9999 -9999 -9999 -9999 -9999 -9999 -9999 -9999 -9999 -9999 -9999 -9999 -9999 -9999 202 201 201 201 201 201 201 201 201 201 201 201 200 199 199 196 200 199 197 196 196 196 -9999 196 196 194 195 194 196 197 198 198 -9999 197 197 196 195 -9999 193 192 192 192 191 190 189 188 188 186 185
195 196 196 195 195 193 -9999 195 196 197 197 196 197 199 199 202 203 -9999 -9999 -9999 -9999 -9999 -9999 -9999 -9999 -9999 -9999 -9999 -9999 -9999 -9999 -9999 -9999 -9999 -9999 -9999 -9999 -9999 -9999 -9999 205 -9999 206 204 203 202 202 202 202 202 201 201 202 201 201 200 199 196 198 199 197 198 198 199 198 198 196 197 197 197 197 198 198 199 199 195 196 195 194 195 195 194 193 193 192 191 190 189 187 185 185
196 196 196 197 197 197 195 194 195 195 195 197 199 201 201 202 204 -9999 -9999 -9999 -9999 -9999 -9999 -9999 -9999 -9999 -9999 -9999 -9999 -9999 -9999 -9999 -9999 -9999 -9999 -9999 -9999 205 205 204 205 205 205 205 204 204 203 202 202 203 201 201 201 201 200 200 200 198 196 199 200 201 200 199 199 199 199 199 198 197 195 196 197 197 196 196 196 195 195 195 195 195 194 193 193 191 189 188 188 187 186
194 197 197 197 197 198 197 195 195 196 196 195 198 201 202 203 203 204 -9999 -9999 -9999 -9999 -9999 -9999 -9999 -9999 -9999 -9999 -9999 -9999 -9999 -9999 -9999 -9999 -9999 -9999 205 204 203 203 204 205 205 205 204 203 203 202 202 202 202 202 202 202 201 201 201 201 200 200 202 201 200 200 201 200 199 199 198 197 197 196 195 197 197 196 195 195 195 195 194 194 194 194 192 190 189 188 188 187 186
191 195 194 196 198 198 198 197 196 196 196 195 199 199 200 202 203 204 205 -9999 -9999 -9999 -9999 -9999 -9999 -9999 -9999 -9999 -9999 -9999 -9999 -9999 -9999 -9999 -9999 206 205 204 202 203 203 204 204 204 204 204 203 203 203 203 202 -9999 204 203 203 203 204 204 203 201 202 201 200 200 201 201 200 201 201 200 199 199 198 197 198 198 198 198 197 196 -9999 195 194 193 191 190 190 190 189 188 187
189 192 195 197 197 197 198 198 197 195 195 196 198 200 201 204 205 -9999 -9999 -9999 -9999 -9999 -9999 -9999 -9999 -9999 -9999 -9999 -9999 -9999 -9999 -9999 -9999 206 205 205 205 205 205 204 204 202 202 203 204 204 203 203 203 203 202 203 204 -9999 -9999 205 204 204 204 202 202 202 202 202 203 202 202 203 202 201 200 198 198 197 197 197 196 196 196 196 195 194 194 192 192 191 191 190 190 189 188
194 192 193 196 198 198 198 199 199 200 199 200 202 202 204 206 -9999 -9999 -9999 -9999 -9999 -9999 -9999 -9999 -9999 -9999 -9999 -9999 -9999 -9999 -9999 -9999 206 206 205 205 205 205 205 204 204 203 204 204 204 203 203 203 203 202 201 201 202 203 203 203 201 201 203 203 205 204 204 204 203 203 203 203 202 202 200 199 198 198 199 199 198 196 194 195 195 194 195 194 193 192 -9999 191 190 190 189
196 194 196 197 197 200 200 201 202 201 202 204 205 205 206 -9999 -9999 -9999 -9999 -9999 -9999 -9999 -9999 -9999 -9999 -9999 -9999 -9999 -9999 -9999 207 206 206 205 205 205 204 205 205 205 206 204 204 204 204 204 204 204 203 202 202 203 201 202 204 204 204 203 202 201 203 204 203 203 202 202 202 201 201 202 201 200 200 200 201 200 199 197 195 196 195 195 195 195 193 192 192 192 193 192 191
197 196 198 200 199 199 201 203 202 205 206 207 -9999 -9999 -9999 -9999 -9999 -9999 -9999 -9999 -9999 -9999 -9999 -9999 -9999 -9999 -9999 -9999 208 208 207 207 206 204 204 204 204 204 204 203 205 205 204 203 203 203 203 204 205 204 204 205 205 204 205 204 205 205 204 202 202 205 205 205 205 205 203 202 203 204 202 201 201 201 200 201 -9999 198 195 195 195 195 193 193 194 194 193 192 192 192 -9999
196 200 198 198 201 202 206 206 206 -9999 -9999 -9999 -9999 -9999 -9999 -9999 -9999 -9999 -9999 -9999 -9999 -9999 -9999 -9999 -9999 208 208 208 208 207 207 207 206 205 204 204 204 203 204 204 204 204 204 203 203 -9999 202 203 204 205 205 205 206 206 206 206 205 206 205 205 204 204 206 208 208 207 205 206 205 206 206 203 203 -9999 201 200 201 199 197 196 194 191 194 194 193 193 194 194 193 192 191
202 199 201 203 205 -9999 -9999 -9999 -9999 -9999 -9999 -9999 -9999 -9999 -9999 -9999 -9999 -9999 -9999 -9999 -9999 -9999 -9999 207 208 208 208 208 208 207 207 207 206 205 205 204 203 203 203 204 203 203 -9999 205 205 203 204 205 205 206 205 204 203 206 205 204 206 207 207 207 207 206 206 205 209 -9999 -9999 208 208 206 207 206 205 204 203 202 202 201 199 197 195 192 194 194 194 195 195 194 -9999 194 -9999
204 205 -9999 -9999 -9999 -9999 -9999 -9999 -9999 -9999 -9999 -9999 -9999 -9999 -9999 -9999 -9999 -9999 -9999 -9999 -9999 -9999 -9999 -9999 208 208 208 208 208 207 207 207 207 206 204 203 203 203 203 203 205 204 205 206 205 205 204 206 206 207 206 205 205 207 206 206 206 206 -9999 209 209 208 206 206 206 209 210 210 -9999 -9999 207 205 203 203 202 201 199 198 198 197 197 196 197 196 195 194 193 193 194 195 -9999
203 -9999 -9999 -9999 -9999 -9999 -9999 -9999 -9999 -9999 -9999 -9999 -9999 -9999 -9999 -9999 -9999 -9999 -9999 -9999 205 206 207 208 208 208 209 210 209 208 207 208 207 206 204 203 203 204 203 204 206 206 206 207 -9999 207 206 205 207 208 207 206 206 207 208 209 -9999 209 209 210 210 208 209 207 206 207 208 209 207 -9999 207 204 203 203 204 203 201 200 199 198 197 198 198 198 196 194 192 194 195 194 194
206 -9999 -9999 -9999 -9999 -9999 -9999 -9999 -9999 -9999 -9999 -9999 -9999 -9999 -9999 -9999 -9999 -9999 -9999 206 205 206 206 207 209 209 209 209 208 208 208 206 206 205 204 203 203 204 205 204 205 206 206 206 206 209 208 207 207 208 208 208 207 207 208 210 -9999 210 211 210 209 210 210 209 209 210 211 -9999 210 207 207 207 204 205 -9999 203 202 201 200 199 197 198 -9999 197 198 197 194 196 196 195 195
-9999 -9999 -9999 -9999 -9999 -9999 -9999 -9999 -9999 -9999 -9999 -9999 -9999 -9999 -9999 -9999 -9999 206 206 205 205 204 204 205 208 209 209 208 207 207 207 207 205 204 204 203 203 203 205 205 206 206 207 206 207 209 208 209 209 209 209 209 208 208 208 209 -9999 211 211 211 210 211 211 210 212 -9999 212 211 -9999 209 209 208 206 205 204 204 203 202 201 201 200 197 197 198 197 197 195 195 196 197 197
-9999 -9999 -9999 -9999 -9999 -9999 -9999 -9999 -9999 -9999 -9999 -9999 -9999 -9999 -9999 -9999 -9999 206 206 205 204 204 202 204 207 207 207 208 207 207 207 207 206 205 205 205 204 204 204 204 205 207 207 208 209 208 209 210 209 -9999 209 208 209 209 210 210 -9999 211 211 -9999 211 211 212 211 211 213 212 212 212 210 208 207 207 205 204 203 203 203 202 201 200 199 199 200 199 198 198 198 198 198 199
-9999 -9999 -9999 -9999 -9999 -9999 -9999 -9999 -9999 -9999 -9999 -9999 -9999 -9999 -9999 -9999 -9999 -9999 206 205 204 203 204 205 204 205 207 207 207 207 206 207 207 206 206 206 206 206 207 206 206 206 206 207 208 210 211 -9999 210 210 209 209 210 210 211 -9999 -9999 212 212 212 210 212 -9999 211 211 213 -9999 213 -9999 211 209 208 207 206 204 204 203 202 201 200 200 200 201 200 200 200 200 200 200 200 200
-9999 -9999 -9999 -9999 -9999 -9999 -9999 -9999 -9999 -9999 -9999 -9999 -9999 -9999 -9999 -9999 -9999 -9999 207 207 205 204 203 203 204 205 205 206 206 207 206 207 209 208 208 207 208 209 209 208 209 209 209 209 211 212 211 211 210 209 208 209 211 -9999 211 212 213 214 213 214 213 214 213 211 212 213 -9999 213 212 211 209 208 208 207 205 204 203 202 201 201 201 201 202 202 202 202 201 200 200 200 200
-9999 -9999 -9999 -9999 -9999 -9999 -9999 -9999 -9999 -9999 -9999 -9999 -9999 -9999 -9999 -9999 -9999 -9999 207 206 206 205 205 205 205 205 206 206 207 206 205 206 208 209 211 210 211 211 210 210 211 209 209 212 -9999 211 211 209 210 211 210 211 212 212 212 211 212 213 214 213 215 -9999 213 213 213 214 214 212 -9999 211 209 209 207 207 206 206 204 202 202 202 203 202 202 202 202 202 202 203 202 202 201
-9999 -9999 -9999 -9999 -9999 -9999 -9999 -9999 -9999 -9999 -9999 -9999 -9999 -9999 -9999 -9999 -9999 -9999 -9999 208 208 208 207 207 206 206 206 207 208 207 207 208 209 210 -9999 210 210 210 211 210 211 211 212 -9999 212 211 211 212 212 -9999 212 212 212 212 212 212 212 214 213 213 213 214 -9999 214 213 214 214 214 212 212 210 210 209 209 207 208 207 207 206 206 205 204 204 203 204 205 204 204 -9999 -9999 203
-9999 -9999 -9999 -9999 -9999 -9999 -9999 -9999 -9999 -9999 -9999 -9999 -9999 -9999 -9999 -9999 -9999 -9999 -9999 209 209 209 208 208 208 208 207 208 209 210 209 210 -9999 211 209 210 212 211 211 210 210 212 -9999 -9999 212 212 212 -9999 212 213 -9999 212 212 212 213 213 214 214 214 215 215 215 -9999 -9999 214 214 214 213 213 212 -9999 210 210 211 209 210 209 209 208 208 207 207 206 206 206 206 206 206 -9999 207 206
-9999 -9999 -9999 -9999 -9999 -9999 -9999 -9999 -9999 -9999 -9999 -9999 -9999 -9999 -9999 -9999 -9999 -9999 -9999 -9999 209 209 210 209 -9999 209 209 209 209 210 209 210 -9999 212 212 -9999 214 -9999 211 210 210 212 213 214 212 213 213 212 212 213 213 212 214 215 215 214 216 216 215 -9999 216 216 215 214 -9999 214 214 214 213 212 212 212 212 -9999 -9999 -9999 -9999 -9999 -9999 210 209 209 209 208 207 208 207 205 205 205 205
-9999 -9999 -9999 -9999 -9999 -9999 -9999 -9999 -9999 -9999 -9999 -9999 -9999 -9999 -9999 -9999 -9999 -9999 -9999 209 210 211 211 210 -9999 210 209 209 210 210 211 212 213 212 -9999 214 213 212 212 211 211 212 213 213 213 213 212 212 213 213 213 213 214 215 215 216 216 216 -9999 216 216 216 215 214 214 214 215 215 214 214 214 -9999 -9999 -9999 -9999 -9999 -9999 -9999 -9999 -9999 212 211 210 210 210 209 209 207 207 206 206
-9999 -9999 -9999 -9999 -9999 -9999 -9999 -9999 -9999 -9999 -9999 -9999 -9999 -9999 -9999 -9999 -9999 -9999 -9999 210 210 210 211 211 211 211 210 -9999 210 210 210 212 214 214 215 215 214 213 213 212 210 209 212 -9999 212 -9999 213 214 213 214 214 213 215 215 216 -9999 216 217 -9999 -9999 -9999 217 216 216 215 215 216 216 216 217 -9999 -9999 -9999 -9999 -9999 -9999 -9999 -9999 -9999 -9999 -9999 -9999 -9999 212 212 212 212 211 210 209 207
-9999 -9999 -9999 -9999 -9999 -9999 -9999 -9999 -9999 -9999 -9999 -9999 -9999 -9999 -9999 -9999 -9999 -9999 -9999 209 210 211 211 212 211 210 211 210 210 211 211 212 212 213 214 216 214 213 211 210 209 209 210 211 211 211 213 213 214 214 214 214 214 215 215 216 216 217 217 218 218 218 219 218 218 217 217 217 217 218 217 -9999 -9999 -9999 -9999 -9999 -9999 -9999 -9999 -9999 -9999 -9999 -9999 -9999 -9999 214 214 214 213 212 210
-9999 -9999 -9999 -9999 -9999 -9999 -9999 -9999 -9999 -9999 -9999 -9999 -9999 -9999 -9999 -9999 -9999 -9999 209 210 211 211 213 213 213 212 211 211 211 211 211 211 211 211 212 213 213 213 211 210 210 210 210 211 212 212 213 213 -9999 215 215 216 216 216 216 217 218 218 219 219 219 219 220 220 219 219 219 219 218 218 217 216 -9999 -9999 -9999 -9999 -9999 -9999 -9999 -9999 -9999 -9999 -9999 -9999 -9999 -9999 215 214 214 214 213
-9999 -9999 -9999 -9999 -9999 -9999 -9999 -9999 -9999 -9999 -9999 -9999 -9999 -9999 -9999 -9999 -9999 -9999 -9999 211 212 213 214 214 213 213 212 212 212 212 211 211 212 211 211 212 211 210 210 209 210 210 210 211 212 213 214 215 215 216 216 216 216 217 217 218 219 219 220 220 220 221 221 220 220 219 219 219 219 217 218 218 217 -9999 -9999 -9999 -9999 -9999 -9999 -9999 -9999 -9999 -9999 -9999 -9999 -9999 -9999 216 216 216 216
-9999 -9999 -9999 -9999 -9999 -9999 -9999 -9999 -9999 -9999 -9999 -9999 -9999 -9999 -9999 -9999 -9999 208 -9999 -9999 -9999 214 215 216 216 214 214 213 212 212 212 212 211 211 211 211 210 209 209 208 209 209 210 211 213 214 214 216 216 217 -9999 217 218 219 219 219 -9999 220 220 221 -9999 -9999 221 220 219 220 220 219 218 216 216 217 218 218 -9999 -9999 -9999 -9999 -9999 -9999 -9999 -9999 -9999 -9999 -9999 -9999 -9999 -9999 -9999 217 217
-9999 -9999 -9999 -9999 -9999 -9999 -9999 -9999 -9999 -9999 -9999 -9999 -9999 -9999 -9999 -9999 -9999 -9999 -9999 -9999 -9999 214 -9999 217 217 216 215 214 214 213 212 212 211 212 212 212 211 210 209 209 208 209 210 211 212 213 -9999 216 -9999 -9999 -9999 -9999 -9999 -9999 -9999 -9999 -9999 -9999 -9999 -9999 -9999 221 220 220 219 218 219 218 217 215 214 215 217 217 218 -9999 -9999 -9999 -9999 -9999 -9999 -9999 -9999 -9999 -9999 -9999 218 218 218 218 218
-9999 -9999 -9999 -9999 -9999 -9999 -9999 198 -9999 195 195 197 -9999 -9999 -9999 -9999 -9999 -9999 -9999 210 -9999 -9999 -9999 -9999 -9999 215 -9999 -9999 214 213 213 212 212 212 212 211 210 210 209 208 207 -9999 -9999 -9999 212 -9999 -9999 -9999 -9999 -9999 -9999 -9999 -9999 -9999 -9999 -9999 -9999 -9999 -9999 -9999 -9999 -9999 -9999 -9999 219 218 219 219 218 217 216 217 217 217 219 219 -9999 -9999 -9999 -9999 -9999 -9999 -9999 -9999 -9999 -9999 218 217 218 218 218
210 -9999 207 -9999 -9999 -9999 -9999 -9999 -9999 -9999 195 197 -9999 -9999 -9999 -9999 -9999 -9999 -9999 -9999 -9999 -9999 -9999 -9999 214 214 214 -9999 214 214 213 213 213 213 212 212 212 211 -9999 -9999 -9999 -9999 -9999 -9999 -9999 -9999 -9999 -9999 -9999 -9999 -9999 -9999 -9999 -9999 -9999 -9999 -9999 -9999 -9999 -9999 -9999 -9999 -9999 -9999 -9999 -9999 -9999 -9999 -9999 -9999 221 220 220 219 219 219 -9999 -9999 -9999 220 219 219 219 219 219 219 219 218 218 219 219
212 210 208 -9999 -9999 -9999 -9999 -9999 -9999 -9999 -9999 -9999 -9999 -9999 -9999 203 -9999 -9999 -9999 -9999 -9999 -9999 -9999 -9999 -9999 -9999 -9999 -9999 -9999 -9999 -9999 -9999 -9999 -9999 -9999 -9999 -9999 -9999 -9999 -9999 -9999 -9999 -9999 -9999 -9999 -9999 -9999 -9999 -9999 -9999 -9999 -9999 -9999 -9999 -9999 -9999 -9999 -9999 -9999 -9999 -9999 -9999 -9999 -9999 221 221 220 220 -9999 -9999 -9999 222 222 221 220 220 -9999 220 -9999 219 219 218 218 219 219 219 219 219 219 219 219
213 212 210 -9999 -9999 -9999 -9999 -9999 -9999 -9999 -9999 -9999 -9999 -9999 -9999 -9999 -9999 -9999 -9999 -9999 -9999 -9999 -9999 -9999 -9999 -9999 -9999 -9999 -9999 -9999 -9999 -9999 -9999 -9999 -9999 -9999 -9999 -9999 -9999 -9999 -9999 -9999 -9999 -9999 -9999 -9999 -9999 -9999 -9999 -9999 -9999 -9999 -9999 -9999 -9999 -9999 -9999 -9999 220 -9999 -9999 219 220 220 218 217 217 217 218 219 220 220 221 222 221 220 220 219 218 218 219 219 220 220 220 220 220 220 220 220 221
214 212 -9999 -9999 -9999 -9999 -9999 -9999 -9999 -9999 -9999 -9999 -9999 -9999 -9999 -9999 -9999 -9999 -9999 -9999 -9999 -9999 -9999 -9999 -9999 -9999 -9999 -9999 -9999 -9999 -9999 -9999 -9999 -9999 -9999 -9999 -9999 -9999 -9999 -9999 -9999 -9999 -9999 211 211 212 212 -9999 -9999 -9999 -9999 -9999 -9999 -9999 -9999 -9999 -9999 -9999 -9999 221 221 220 219 218 215 215 215 216 216 217 219 219 220 220 220 220 220 219 219 219 219 220 221 221 221 220 221 221 221 221 221
-9999 -9999 -9999 -9999 -9999 -9999 -9999 -9999 -9999 -9999 -9999 -9999 -9999 -9999 -9999 -9999 -9999 -9999 -9999 -9999 -9999 -9999 -9999 -9999 -9999 -9999 -9999 -9999 -9999 -9999 -9999 -9999 -9999 -9999 -9999 -9999 210 210 210 210 210 210 210 209 209 210 210 212 213 214 214 216 -9999 216 217 -9999 -9999 -9999 220 221 221 221 219 218 216 216 216 216 217 218 219 219 220 220 220 220 220 221 220 220 221 221 221 221 221 221 221 221 221 221 221
-9999 -9999 -9999 -9999 -9999 -9999 -9999 -9999 -9999 -9999 -9999 -9999 -9999 -9999 -9999 -9999 -9999 -9999 -9999 -9999 -9999 -9999 -9999 -9999 -9999 -9999 -9999 -9999 -9999 -9999 -9999 -9999 211 211 -9999 210 210 209 209 209 209 209 209 209 209 209 209 210 211 212 213 215 216 216 216 218 219 219 220 220 220 220 220 220 219 219 218 218 218 218 219 219 220 220 220 220 220 221 221 221 221 222 222 222 221 221 222 221 221 221 221
216 -9999 -9999 -9999 -9999 -9999 -9999 -9999 -9999 -9999 -9999 -9999 -9999 -9999 -9999 -9999 -9999 -9999 -9999 -9999 -9999 -9999 -9999 -9999 -9999 -9999 -9999 -9999 -9999 -9999 -9999 211 211 210 210 210 209 209 209 208 209 208 208 209 209 209 210 210 211 212 213 215 216 217 218 218 219 219 219 219 219 219 219 220 220 220 219 219 219 219 220 -9999 221 220 220 220 220 221 221 222 222 222 222 222 221 221 221 221 220 219 219
-9999 -9999 -9999 -9999 -9999 -9999 -9999 -9999 -9999 -9999 -9999 -9999 -9999 -9999 -9999 -9999 -9999 -9999 -9999 -9999 -9999 -9999 -9999 207 208 208 209 210 -9999 -9999 -9999 210 210 210 210 210 209 209 209 209 209 209 210 210 210 210 211 211 212 212 215 216 -9999 -9999 -9999 -9999 219 219 219 218 218 218 219 219 220 220 219 220 220 220 221 221 220 221 221 221 221 221 222 222 223 222 222 222 221 222 222 222 222 220 219
-9999 -9999 -9999 -9999 -9999 -9999 -9999 -9999 -9999 -9999 -9999 -9999 -9999 -9999 -9999 -9999 -9999 -9999 -9999 -9999 -9999 -9999 -9999 -9999 -9999 208 -9999 -9999 -9999 -9999 -9999 -9999 -9999 210 211 211 211 210 209 210 210 210 210 211 211 212 212 212 213 213 215 216 217 -9999 -9999 -9999 -9999 219 218 218 219 219 219 219 220 221 220 219 220 221 221 221 221 221 221 221 221 222 222 222 223 223 223 223 223 223 222 221 221 223 223
