resultados/variables_proyeccion_tiempo/variables_presente/bio5.asc
ncols 330
nrows 228
xllcorner -12.000000
yllcorner 34.000000
cellsize 0.166667
NODATA_value -9999
[rows 120 to 159 of 228, columns 91 to 181 of 330]
-9999 -9999 -9999 -9999 -9999 207 -9999 -9999 211 212 213 214 215 214 215 215 216 217 219 221 221 221 219 219 217 218 219 220 221 221 220 219 216 213 211 214 213 215 213 212 214 215 208 207 213 221 223 226 228 229 231 233 234 234 234 233 233 234 236 237 236 236 238 240 240 240 240 240 241 242 241 241 239 238 238 241 241 241 240 238 237 237 237 236 236 236 236 238 241 242 243
-9999 -9999 -9999 -9999 -9999 209 -9999 212 213 214 214 215 215 215 215 216 217 218 221 224 225 224 223 222 222 222 221 221 221 219 220 221 220 217 207 213 215 216 206 212 218 215 207 192 185 199 208 218 223 227 229 233 234 234 235 235 234 236 237 238 238 236 236 237 237 239 239 240 240 239 238 237 237 236 237 239 241 241 240 240 239 238 237 235 236 235 235 236 239 241 242
-9999 -9999 206 208 -9999 211 213 214 215 215 215 215 214 214 216 217 219 222 224 225 228 228 227 226 224 224 223 221 221 220 217 214 212 209 207 215 217 219 216 213 216 213 217 211 210 210 207 208 214 219 226 229 232 234 234 235 234 234 236 237 237 236 236 235 235 236 236 236 235 235 234 232 235 235 236 236 237 238 241 240 238 238 237 237 236 235 237 237 237 240 241
-9999 -9999 -9999 -9999 -9999 214 216 216 217 217 216 216 215 214 216 218 220 223 225 228 231 232 228 225 222 221 219 213 212 209 204 201 198 201 209 218 218 220 218 214 216 212 211 210 212 217 221 223 228 225 226 230 233 234 234 233 233 233 232 233 236 237 236 236 235 234 235 235 234 234 233 232 232 233 234 235 238 238 240 242 238 236 236 236 233 234 233 235 233 237 239
206 208 211 213 215 217 219 220 220 220 219 218 216 216 218 220 223 224 226 229 233 236 230 221 215 208 206 204 205 200 200 188 186 201 211 213 217 222 219 210 214 214 208 214 217 218 221 226 227 225 226 228 232 233 233 232 231 231 229 230 233 234 233 232 228 226 229 231 232 230 229 228 227 229 230 232 237 241 243 242 239 236 233 231 232 233 232 233 234 236 237
209 211 214 216 218 220 223 224 224 223 222 220 219 217 217 221 224 226 226 228 232 235 235 227 218 213 207 201 204 200 193 192 198 211 211 213 224 223 219 215 216 215 217 215 221 222 226 229 226 226 225 225 225 228 230 231 229 227 225 225 223 224 227 230 223 219 215 217 218 222 226 225 223 222 224 225 227 232 238 237 236 234 234 234 234 234 234 234 234 235 235
214 215 216 217 220 223 225 227 226 225 223 223 222 220 219 221 221 223 226 228 230 231 234 233 224 219 215 209 209 208 196 203 211 220 221 220 224 214 215 219 216 219 217 213 217 219 222 220 219 219 221 221 220 224 224 227 225 222 221 218 212 210 209 213 219 216 216 212 210 219 223 215 199 197 211 216 211 216 227 231 232 230 233 234 234 234 234 235 235 235 234
218 219 218 219 223 225 227 225 226 223 223 222 221 219 219 219 216 216 213 216 223 226 227 230 226 221 219 218 209 203 211 210 219 226 225 223 221 217 219 217 217 215 218 216 207 206 213 216 217 220 222 217 217 221 220 223 221 215 212 209 204 197 187 187 197 205 214 215 216 219 213 207 193 184 170 175 196 207 203 210 223 225 229 230 232 233 234 235 235 235 235
222 221 221 222 223 224 225 224 224 222 220 219 219 217 217 212 208 194 189 198 205 210 213 219 223 218 217 214 208 207 217 225 228 232 230 223 212 218 218 218 217 215 217 221 218 209 203 206 207 216 210 211 211 215 217 213 211 206 199 197 188 192 206 215 209 215 217 221 225 225 224 225 218 211 207 204 206 204 207 208 207 221 224 226 228 233 233 233 235 236 236
224 224 224 224 225 226 223 224 223 221 220 216 214 214 213 205 199 192 186 187 192 198 202 199 214 226 228 216 222 229 226 222 224 236 239 231 221 220 221 220 220 223 228 226 224 221 214 208 207 205 204 208 206 213 212 199 189 187 182 193 206 218 221 220 219 227 232 235 229 230 233 232 228 227 222 220 220 221 206 197 218 214 213 227 229 229 230 233 236 236 235
224 223 222 221 221 222 222 221 218 219 220 217 216 215 206 197 198 197 195 192 195 195 197 201 215 221 221 220 217 221 221 212 228 242 242 239 232 228 227 227 229 235 234 231 228 227 225 224 223 217 208 207 209 206 208 210 210 212 213 199 210 222 220 215 216 227 235 240 242 240 240 239 237 234 233 231 231 228 216 192 202 200 188 196 205 209 222 230 233 236 240
222 221 221 220 221 221 220 220 221 222 218 218 214 203 207 205 203 205 202 203 201 202 207 213 213 208 207 219 216 220 230 235 243 246 246 241 233 228 231 235 238 238 237 233 231 228 229 223 223 225 222 208 204 211 215 222 211 200 203 205 211 214 215 218 220 225 233 242 241 239 240 241 240 237 236 236 233 230 225 216 207 200 202 194 177 202 214 226 231 236 240
223 222 222 222 222 223 220 217 217 216 214 212 209 206 205 207 210 214 216 216 215 217 224 215 205 211 208 217 233 233 237 244 245 243 244 244 236 229 235 238 237 238 240 234 231 232 232 223 224 223 225 216 212 210 216 211 208 210 209 211 214 220 222 220 226 232 234 240 235 231 231 228 232 237 229 228 231 227 226 218 219 214 224 215 203 205 211 224 230 233 239
225 225 225 226 226 226 225 224 225 225 222 218 216 213 213 214 220 223 223 224 227 225 215 207 212 217 222 225 225 230 237 245 245 234 237 236 238 236 239 236 236 238 238 231 231 233 234 233 226 224 222 222 221 218 216 205 211 218 220 223 227 228 223 216 215 225 234 236 235 229 230 228 223 222 221 214 210 207 214 216 217 221 228 235 229 211 211 218 225 234 238
229 225 227 229 232 232 233 233 229 226 225 227 225 223 221 221 223 227 231 231 228 220 220 220 220 221 223 220 220 229 241 246 246 235 231 230 233 233 235 237 235 235 233 233 231 233 237 237 232 226 224 225 222 222 217 213 212 219 223 226 228 223 223 213 219 226 232 228 224 226 221 223 223 221 222 217 211 206 211 214 222 219 221 236 239 229 222 228 233 229 225
229 229 229 231 236 238 236 235 234 232 229 225 226 226 225 224 223 230 238 233 234 233 231 227 226 227 225 223 221 226 244 247 247 237 237 236 237 237 236 234 230 228 227 227 227 231 236 239 235 227 222 225 226 226 224 220 217 212 223 221 225 221 222 224 227 231 232 230 229 229 219 218 219 215 219 218 218 218 222 224 230 217 220 238 242 242 237 226 227 221 211
231 231 231 232 236 238 237 236 233 234 231 227 226 224 229 229 231 233 238 236 235 236 232 229 228 228 225 223 225 234 247 250 249 244 243 242 244 241 236 231 227 226 224 224 225 228 232 236 233 229 223 224 228 230 229 226 226 225 220 211 206 212 222 225 231 234 233 235 233 233 226 222 216 217 215 221 224 227 226 234 238 232 236 238 238 241 241 233 225 221 216
233 232 232 233 233 236 239 237 234 233 232 228 224 225 224 231 231 234 237 236 233 234 233 232 228 228 229 231 234 246 251 253 248 244 240 242 242 234 229 230 227 225 223 224 225 226 230 227 227 227 226 224 228 234 228 222 221 219 219 203 201 191 193 207 219 229 237 237 232 235 232 224 218 226 224 226 230 234 240 242 247 247 243 242 236 245 243 237 230 225 236
236 233 233 232 233 240 240 239 236 234 233 230 224 223 224 229 229 235 236 235 236 236 236 233 230 233 236 240 245 249 252 245 242 238 237 238 238 235 228 225 226 224 221 225 228 224 225 225 226 226 227 229 231 234 236 236 235 233 221 214 214 202 195 199 205 208 222 235 233 234 233 224 226 228 231 233 237 244 248 251 252 250 250 250 250 246 235 229 234 242 232
238 236 235 237 239 238 237 237 239 238 235 230 224 221 225 228 232 231 234 236 237 238 235 234 231 239 242 246 250 251 239 225 222 229 231 231 232 232 232 229 217 217 218 221 226 228 229 230 233 233 233 232 230 229 230 230 233 237 239 238 230 232 223 209 205 211 219 223 224 222 228 226 227 226 231 234 243 250 254 255 250 253 255 254 248 240 237 246 244 235 248
240 240 240 242 243 242 240 239 240 -9999 236 231 225 223 223 226 230 231 234 237 237 236 233 224 218 237 245 249 251 244 211 218 225 230 231 230 231 227 219 216 216 221 227 229 231 230 231 230 231 229 227 225 227 229 229 229 229 231 235 239 239 240 236 223 225 219 213 221 211 204 213 220 223 227 234 241 248 250 250 249 253 254 257 255 252 246 247 255 247 251 254
246 244 243 242 243 241 241 242 241 239 234 230 226 223 223 227 226 231 234 234 236 234 229 215 214 232 248 250 248 234 220 222 228 232 232 227 221 217 212 218 224 229 229 227 227 227 229 228 226 226 225 227 231 228 227 226 227 230 233 235 242 245 239 235 238 237 224 230 229 218 210 207 213 228 243 252 254 255 256 255 257 257 260 254 240 252 258 258 256 256 249
246 243 242 241 239 244 243 241 237 235 230 230 229 225 225 227 229 232 233 234 234 228 227 215 220 245 250 251 238 233 223 222 226 228 226 220 220 220 224 228 229 228 226 225 224 224 226 225 227 228 228 229 229 227 227 229 231 233 237 240 242 240 239 243 247 252 253 252 251 244 235 231 239 242 244 251 253 251 250 261 262 261 261 249 256 261 262 262 261 261 261
246 243 242 243 243 243 241 239 235 234 234 231 227 225 229 228 232 233 233 229 228 215 201 202 232 248 248 250 240 209 200 212 220 225 225 225 227 228 226 225 223 224 222 221 220 221 221 224 224 225 227 228 228 230 231 227 230 235 237 236 231 230 232 241 245 244 246 248 246 247 245 246 244 240 238 234 233 238 251 261 261 261 260 262 263 264 265 265 266 266 265
245 250 251 248 245 240 237 238 238 235 233 229 228 228 232 235 239 239 240 232 222 216 204 204 241 248 247 240 207 192 198 210 216 224 229 230 227 225 227 224 218 218 215 210 213 213 215 223 223 224 223 225 232 237 234 232 231 234 242 234 229 227 231 233 227 228 230 228 226 228 222 219 212 210 217 213 222 236 254 257 256 262 263 264 265 266 266 267 267 268 267
243 246 248 244 243 242 240 237 235 232 230 228 230 234 236 238 241 243 243 242 237 223 224 237 246 247 243 214 202 192 204 219 222 233 237 239 238 232 231 222 219 210 208 205 209 209 212 220 225 224 218 215 215 228 216 220 211 211 224 233 210 215 214 196 189 192 205 201 212 210 206 193 196 193 187 194 216 241 245 252 259 265 265 266 266 267 267 268 268 268 269
241 242 246 246 241 240 239 237 233 230 230 235 239 242 243 245 245 242 242 244 241 241 243 241 240 240 244 237 228 226 232 230 233 235 235 235 237 -9999 -9999 226 215 200 204 192 195 199 181 198 202 201 199 193 194 217 213 215 193 197 191 188 193 195 194 189 190 182 189 197 189 197 186 181 187 194 205 191 194 223 228 243 254 261 264 266 267 267 266 265 267 267 266
241 243 244 242 237 233 235 235 231 227 230 243 247 248 247 246 242 243 243 239 237 235 230 228 222 227 222 220 223 230 233 228 230 227 220 224 220 216 228 217 205 177 189 159 170 171 170 172 186 155 167 199 213 206 196 191 186 194 177 172 205 196 173 173 189 181 163 167 166 176 195 210 214 209 195 211 215 231 234 240 253 259 262 264 266 267 266 262 261 262 261
239 240 242 241 227 219 226 231 232 231 237 251 251 251 248 247 246 239 234 226 220 215 207 199 203 210 218 229 228 223 222 230 224 229 225 206 190 191 223 194 164 146 140 138 142 177 179 160 184 200 178 156 185 150 165 172 173 176 183 185 179 156 151 148 147 157 170 182 189 204 208 191 216 217 221 232 241 247 249 249 254 258 261 263 266 265 258 247 250 258 268
241 238 241 241 230 218 232 237 234 233 248 253 254 253 250 249 241 232 224 211 206 196 199 210 229 228 228 215 208 218 224 227 208 188 177 189 165 196 171 150 177 135 117 134 158 137 131 90 133 171 131 135 133 118 -9999 110 125 106 131 146 132 131 162 178 174 179 191 199 171 196 184 226 238 243 242 247 249 252 252 254 257 259 260 264 265 263 255 253 260 269 269
245 243 245 245 234 230 238 231 237 247 253 255 255 254 252 244 229 218 214 202 196 213 234 232 227 222 218 206 190 180 197 181 189 158 130 141 124 145 194 162 131 111 101 129 127 78 87 105 121 174 141 128 170 122 119 134 162 139 166 159 166 168 181 149 158 191 209 217 189 200 199 197 243 253 250 249 250 251 252 254 256 258 261 263 261 264 262 265 -9999 272 271
246 248 248 247 242 242 239 241 242 251 255 255 256 256 248 235 228 211 204 203 233 228 225 219 203 187 216 195 180 166 157 111 133 119 120 147 171 189 148 130 100 112 124 113 139 79 95 138 182 151 188 191 201 177 166 163 168 181 196 182 196 202 220 198 191 222 226 236 217 226 215 196 247 251 254 254 255 255 254 257 258 258 262 263 266 -9999 270 268 266 268 270
249 249 250 250 245 246 245 241 247 252 255 257 258 253 240 235 216 201 194 228 238 224 211 198 170 172 168 158 134 -9999 101 90 123 113 122 100 118 130 136 102 109 107 115 119 144 154 167 204 226 203 206 147 153 151 152 179 179 180 192 204 201 206 213 219 228 237 241 235 238 231 234 230 230 233 246 254 255 258 260 261 260 259 261 264 268 268 270 267 268 269 271
249 252 251 249 251 251 247 242 246 248 258 258 259 247 241 232 214 206 242 -9999 -9999 -9999 219 180 163 139 124 105 85 119 113 106 146 145 186 127 134 130 116 103 81 108 117 134 79 118 170 226 248 217 168 147 172 170 193 202 186 209 230 238 222 191 200 186 190 217 208 196 193 202 217 241 217 221 246 255 257 257 258 260 263 263 264 264 267 268 269 270 272 273 272
253 255 251 244 251 249 245 234 237 255 259 260 259 250 241 223 215 251 254 227 202 182 206 176 176 186 165 145 153 -9999 159 153 179 198 193 200 174 221 149 138 159 174 187 150 121 161 166 253 242 192 171 170 179 211 220 211 217 246 250 268 247 231 230 204 216 213 243 249 233 227 239 251 255 254 255 252 253 252 258 260 261 265 266 267 268 269 268 267 268 270 267
251 254 242 227 244 254 244 233 244 262 259 259 259 250 227 228 246 243 239 228 218 184 147 195 154 114 -9999 93 -9999 123 219 190 206 241 230 209 235 218 200 183 174 171 178 169 122 211 213 252 239 204 207 226 235 261 250 228 259 278 278 277 280 273 259 242 237 236 243 258 262 252 248 243 253 247 256 265 265 261 260 259 261 262 265 270 271 271 270 272 271 268 265
255 255 236 221 232 250 243 237 254 263 260 261 263 249 231 242 251 250 223 197 196 180 119 117 -9999 99 100 84 101 172 195 236 -9999 250 250 237 246 226 220 207 217 217 224 167 206 216 258 248 216 205 209 239 259 265 280 284 285 282 279 279 281 280 275 255 241 233 247 246 252 254 260 260 262 267 266 271 259 258 262 265 266 267 266 267 271 273 273 274 274 273 269
252 250 245 213 231 255 254 241 247 263 267 266 264 264 253 261 255 231 221 222 190 135 140 156 190 172 185 161 152 198 237 254 -9999 269 266 267 270 269 267 264 257 262 232 239 238 -9999 232 216 239 267 268 284 288 284 283 281 281 280 278 278 -9999 279 -9999 264 258 239 239 235 230 243 251 258 254 247 254 270 272 266 266 266 267 266 269 270 269 269 271 273 273 273 273
248 239 221 224 204 250 258 241 247 264 267 262 262 259 263 249 252 232 242 216 178 180 134 120 119 116 145 205 207 250 267 272 277 282 282 285 285 284 287 288 287 282 271 273 -9999 276 263 246 263 285 291 293 291 286 280 276 276 277 -9999 -9999 -9999 -9999 -9999 271 252 246 244 208 221 236 246 242 271 268 274 274 269 265 267 268 268 264 270 271 266 248 252 263 270 272 272
250 239 217 231 217 232 246 237 234 266 266 261 258 254 252 237 228 241 213 174 185 138 118 107 144 178 219 254 271 271 277 280 282 286 289 292 289 289 292 293 293 290 287 286 287 287 287 286 287 288 289 293 292 285 -9999 -9999 -9999 -9999 -9999 -9999 -9999 -9999 270 263 262 242 242 249 222 233 238 249 266 271 272 269 268 268 266 268 271 272 272 269 256 249 261 260 260 266 270
