resultados/variables_proyeccion_tiempo/variables_presente/bio7.asc
ncols 330
nrows 228
xllcorner -12.000000
yllcorner 34.000000
cellsize 0.166667
NODATA_value -9999
[rows 0 to 39 of 228, columns 182 to 272 of 330]
-9999 -9999 -9999 -9999 -9999 -9999 -9999 -9999 -9999 -9999 -9999 -9999 -9999 -9999 -9999 -9999 -9999 -9999 -9999 -9999 -9999 -9999 -9999 -9999 -9999 -9999 -9999 -9999 -9999 -9999 -9999 -9999 -9999 -9999 -9999 -9999 -9999 -9999 -9999 -9999 -9999 -9999 -9999 -9999 -9999 -9999 -9999 -9999 -9999 -9999 -9999 -9999 -9999 -9999 -9999 -9999 -9999 -9999 -9999 -9999 -9999 -9999 -9999 -9999 -9999 -9999 -9999 -9999 -9999 -9999 -9999 -9999 -9999 -9999 -9999 -9999 -9999 -9999 -9999 -9999 -9999 -9999 -9999 -9999 -9999 -9999 -9999 -9999 -9999 -9999 -9999
-9999 -9999 -9999 -9999 -9999 -9999 -9999 -9999 -9999 -9999 -9999 -9999 -9999 -9999 -9999 -9999 -9999 -9999 -9999 -9999 -9999 -9999 -9999 -9999 -9999 -9999 -9999 -9999 -9999 -9999 -9999 -9999 -9999 -9999 -9999 -9999 -9999 -9999 -9999 -9999 -9999 -9999 -9999 -9999 -9999 -9999 -9999 -9999 -9999 -9999 -9999 -9999 -9999 -9999 -9999 -9999 -9999 -9999 -9999 -9999 -9999 -9999 -9999 -9999 -9999 -9999 -9999 -9999 -9999 -9999 -9999 -9999 -9999 -9999 -9999 -9999 -9999 -9999 -9999 -9999 -9999 -9999 -9999 -9999 -9999 -9999 -9999 -9999 -9999 -9999 -9999
-9999 -9999 -9999 -9999 -9999 -9999 -9999 -9999 -9999 -9999 -9999 -9999 -9999 -9999 -9999 -9999 -9999 -9999 -9999 -9999 -9999 -9999 -9999 -9999 -9999 -9999 -9999 -9999 -9999 -9999 -9999 -9999 -9999 -9999 -9999 -9999 -9999 -9999 -9999 -9999 -9999 -9999 -9999 -9999 -9999 -9999 -9999 -9999 -9999 -9999 -9999 -9999 -9999 -9999 -9999 -9999 -9999 -9999 -9999 -9999 -9999 -9999 -9999 -9999 -9999 -9999 -9999 -9999 -9999 -9999 -9999 -9999 -9999 -9999 -9999 -9999 -9999 -9999 -9999 -9999 -9999 -9999 -9999 -9999 -9999 -9999 -9999 -9999 -9999 -9999 -9999
-9999 -9999 -9999 -9999 -9999 -9999 -9999 -9999 -9999 -9999 -9999 -9999 -9999 -9999 -9999 -9999 -9999 -9999 -9999 -9999 -9999 -9999 -9999 -9999 -9999 -9999 -9999 -9999 -9999 -9999 -9999 -9999 -9999 -9999 -9999 -9999 -9999 -9999 -9999 -9999 -9999 -9999 -9999 -9999 -9999 -9999 -9999 -9999 -9999 -9999 -9999 -9999 -9999 -9999 -9999 -9999 -9999 -9999 -9999 -9999 -9999 -9999 -9999 -9999 -9999 -9999 -9999 -9999 -9999 -9999 -9999 -9999 -9999 -9999 -9999 -9999 -9999 -9999 -9999 -9999 -9999 -9999 -9999 -9999 -9999 -9999 -9999 -9999 -9999 -9999 -9999
-9999 -9999 -9999 -9999 -9999 -9999 -9999 -9999 -9999 -9999 -9999 -9999 -9999 -9999 -9999 -9999 -9999 -9999 -9999 -9999 -9999 -9999 -9999 -9999 -9999 -9999 -9999 -9999 -9999 -9999 -9999 -9999 -9999 -9999 -9999 -9999 -9999 -9999 -9999 -9999 -9999 -9999 -9999 -9999 -9999 -9999 -9999 -9999 -9999 -9999 -9999 -9999 -9999 -9999 -9999 -9999 -9999 -9999 -9999 -9999 -9999 -9999 -9999 -9999 -9999 -9999 -9999 -9999 -9999 -9999 -9999 -9999 -9999 -9999 -9999 -9999 -9999 -9999 -9999 -9999 -9999 -9999 -9999 -9999 -9999 -9999 -9999 -9999 -9999 -9999 -9999
-9999 -9999 -9999 -9999 -9999 -9999 -9999 -9999 -9999 -9999 -9999 -9999 -9999 -9999 -9999 -9999 -9999 -9999 -9999 -9999 -9999 -9999 -9999 -9999 -9999 -9999 -9999 -9999 -9999 -9999 -9999 -9999 -9999 -9999 -9999 -9999 -9999 -9999 320 -9999 -9999 -9999 -9999 311 307 -9999 -9999 -9999 -9999 -9999 -9999 -9999 -9999 -9999 -9999 239 -9999 -9999 -9999 -9999 -9999 -9999 -9999 -9999 -9999 -9999 -9999 -9999 -9999 -9999 -9999 -9999 -9999 -9999 -9999 -9999 -9999 -9999 -9999 -9999 -9999 -9999 -9999 -9999 -9999 -9999 -9999 -9999 -9999 -9999 -9999
-9999 -9999 -9999 -9999 -9999 -9999 -9999 -9999 -9999 -9999 -9999 -9999 -9999 -9999 -9999 -9999 -9999 -9999 -9999 -9999 -9999 -9999 -9999 -9999 -9999 -9999 -9999 -9999 -9999 -9999 -9999 -9999 -9999 -9999 -9999 -9999 -9999 -9999 328 -9999 327 -9999 321 -9999 -9999 -9999 -9999 -9999 -9999 288 -9999 -9999 -9999 -9999 250 245 239 234 231 -9999 -9999 -9999 -9999 -9999 -9999 -9999 -9999 -9999 -9999 -9999 -9999 -9999 -9999 -9999 -9999 -9999 -9999 -9999 -9999 -9999 -9999 -9999 -9999 -9999 -9999 -9999 -9999 -9999 -9999 -9999 -9999
-9999 -9999 -9999 -9999 -9999 -9999 -9999 -9999 -9999 -9999 -9999 -9999 -9999 -9999 -9999 -9999 -9999 -9999 -9999 -9999 -9999 -9999 -9999 -9999 -9999 -9999 -9999 -9999 -9999 322 -9999 -9999 -9999 -9999 -9999 -9999 -9999 334 335 335 334 332 329 325 -9999 -9999 -9999 309 302 -9999 -9999 -9999 -9999 -9999 261 254 248 243 -9999 -9999 -9999 233 230 228 225 221 -9999 -9999 -9999 -9999 -9999 -9999 -9999 -9999 -9999 -9999 -9999 -9999 -9999 -9999 -9999 -9999 -9999 -9999 -9999 -9999 -9999 -9999 -9999 -9999 -9999
-9999 -9999 -9999 -9999 -9999 -9999 -9999 -9999 -9999 -9999 -9999 -9999 -9999 -9999 -9999 -9999 -9999 -9999 -9999 -9999 -9999 -9999 -9999 -9999 314 316 320 322 -9999 -9999 -9999 -9999 335 338 -9999 341 342 342 342 342 341 -9999 -9999 -9999 -9999 -9999 321 316 310 -9999 -9999 -9999 282 275 269 263 258 253 -9999 -9999 -9999 240 238 235 230 228 226 222 219 216 212 -9999 -9999 -9999 -9999 -9999 -9999 -9999 -9999 -9999 -9999 -9999 -9999 -9999 -9999 -9999 -9999 -9999 -9999 -9999 -9999
-9999 -9999 -9999 -9999 -9999 -9999 -9999 -9999 -9999 -9999 -9999 -9999 -9999 -9999 -9999 -9999 -9999 -9999 -9999 -9999 -9999 -9999 -9999 -9999 -9999 -9999 -9999 -9999 333 -9999 338 -9999 343 344 346 347 348 349 350 350 -9999 -9999 -9999 -9999 339 335 330 325 317 -9999 -9999 298 291 285 279 272 265 260 254 -9999 249 246 243 241 238 234 232 230 226 222 218 215 210 206 202 -9999 -9999 -9999 -9999 -9999 -9999 -9999 -9999 -9999 -9999 -9999 -9999 -9999 -9999 -9999 -9999
-9999 -9999 -9999 -9999 -9999 -9999 -9999 237 -9999 -9999 -9999 -9999 -9999 -9999 -9999 -9999 -9999 -9999 -9999 -9999 -9999 314 -9999 -9999 -9999 -9999 -9999 -9999 -9999 -9999 -9999 346 349 350 352 354 355 357 357 357 -9999 -9999 -9999 353 349 345 339 333 327 320 313 306 300 293 287 280 274 268 263 260 256 253 250 247 243 239 238 235 232 228 223 218 213 -9999 -9999 -9999 -9999 -9999 -9999 -9999 -9999 -9999 -9999 -9999 -9999 -9999 -9999 -9999 -9999 -9999 -9999
-9999 -9999 -9999 -9999 -9999 -9999 -9999 -9999 245 251 -9999 -9999 271 276 282 -9999 -9999 -9999 -9999 -9999 314 -9999 323 327 331 -9999 -9999 340 -9999 346 348 351 354 357 358 360 362 363 364 -9999 -9999 366 364 362 358 353 348 343 336 329 322 315 309 302 295 289 283 277 272 268 264 260 -9999 -9999 -9999 -9999 -9999 -9999 234 230 -9999 -9999 -9999 -9999 -9999 -9999 -9999 -9999 -9999 -9999 -9999 -9999 -9999 -9999 -9999 -9999 -9999 -9999 -9999 -9999 -9999
-9999 -9999 -9999 221 226 231 236 243 248 -9999 -9999 271 -9999 -9999 -9999 -9999 -9999 -9999 310 -9999 -9999 -9999 329 333 338 341 344 347 348 350 353 357 360 362 364 366 368 369 371 372 373 373 373 371 366 361 357 350 344 337 330 323 317 310 305 299 293 287 282 278 274 269 265 -9999 258 253 249 -9999 -9999 -9999 -9999 -9999 -9999 -9999 -9999 -9999 -9999 -9999 -9999 -9999 -9999 -9999 246 -9999 -9999 -9999 -9999 -9999 -9999 -9999 -9999
216 218 -9999 221 -9999 233 243 249 -9999 -9999 271 275 -9999 289 293 300 303 309 317 322 326 329 -9999 338 343 347 350 352 355 357 360 362 365 367 369 371 374 375 377 379 381 382 382 380 376 371 365 358 352 345 338 331 325 320 314 308 303 297 291 286 282 278 272 268 264 260 256 252 -9999 -9999 -9999 240 -9999 236 235 234 236 -9999 -9999 -9999 245 250 253 257 261 266 270 273 -9999 -9999 -9999
220 222 221 -9999 234 239 249 253 -9999 269 -9999 -9999 -9999 292 300 307 312 315 322 328 332 337 341 345 348 352 355 358 361 363 365 367 370 372 374 376 378 381 383 385 387 390 390 389 384 378 372 365 359 353 346 340 333 328 322 317 311 306 300 294 289 284 280 275 271 267 264 261 257 253 250 247 246 245 244 242 242 -9999 247 250 254 257 -9999 -9999 -9999 -9999 -9999 -9999 -9999 -9999 -9999
-9999 227 229 230 238 245 255 -9999 270 277 280 -9999 295 300 308 312 318 322 327 332 336 342 346 350 353 357 360 363 365 367 370 371 374 376 378 380 382 385 387 390 392 394 396 394 390 384 378 372 366 359 353 347 341 336 331 325 -9999 -9999 308 302 297 292 -9999 283 279 275 271 268 264 261 258 257 256 254 253 251 252 254 256 259 262 266 269 -9999 277 281 284 287 -9999 -9999 -9999
229 231 236 -9999 242 -9999 -9999 266 274 -9999 288 295 299 305 312 318 323 328 333 338 342 346 351 355 359 362 364 367 370 372 373 375 377 380 382 384 386 388 390 393 395 397 397 397 393 388 382 377 371 366 360 354 349 344 339 333 327 321 -9999 310 305 300 295 291 286 282 279 275 273 270 267 265 264 262 262 262 262 263 266 268 271 274 277 281 285 288 291 295 296 -9999 -9999
236 237 242 247 253 256 266 274 282 290 294 300 306 312 315 322 328 333 338 342 347 351 356 360 364 367 369 372 373 375 377 379 381 383 385 387 388 391 393 395 396 398 399 398 394 391 386 381 376 371 366 361 356 351 346 341 -9999 -9999 -9999 317 312 307 303 298 293 289 286 283 281 278 275 273 272 271 271 271 272 273 274 276 279 282 286 289 292 296 299 302 304 -9999 -9999
244 253 257 259 266 272 276 278 286 295 302 306 311 317 322 326 332 337 342 347 352 356 361 365 368 372 374 376 377 379 381 382 384 386 387 389 390 393 394 396 398 398 398 397 395 392 388 384 380 375 370 366 -9999 358 -9999 348 -9999 336 -9999 325 319 314 309 305 301 297 294 291 288 285 283 281 280 279 279 280 280 281 283 285 288 291 294 297 300 303 306 309 310 310 309
257 257 265 271 277 283 286 291 294 302 308 313 317 323 328 333 337 342 346 352 356 361 365 369 374 376 378 380 381 382 383 384 386 388 389 391 392 394 395 397 398 398 398 397 395 393 390 386 383 379 375 372 368 365 361 356 349 343 337 332 326 321 317 312 308 304 301 298 295 293 290 289 288 287 287 287 288 289 291 293 295 298 301 304 307 309 312 314 315 315 315
267 270 276 279 283 288 293 299 302 308 314 319 324 328 333 337 342 347 351 356 360 365 369 374 378 381 382 383 384 384 385 386 388 389 390 391 393 394 395 397 397 397 397 397 395 394 391 388 385 382 379 376 372 370 367 361 355 349 343 337 332 327 322 318 314 310 307 304 302 299 298 297 295 295 295 295 -9999 -9999 -9999 301 303 305 308 311 314 316 318 319 320 319 319
273 276 -9999 -9999 289 296 302 305 309 314 320 325 329 334 338 343 347 351 355 359 364 368 372 377 381 384 384 385 385 385 386 387 388 389 390 391 393 394 395 396 397 397 397 396 395 394 392 390 387 385 382 379 376 373 369 365 359 353 348 342 337 333 328 324 321 317 314 311 309 308 306 304 303 303 303 -9999 -9999 305 306 308 311 314 316 318 321 322 323 324 324 324 323
282 286 292 296 300 304 307 311 -9999 -9999 325 330 335 339 343 348 351 355 359 363 367 371 375 379 383 384 385 386 386 386 387 388 389 389 390 392 392 393 394 395 395 395 395 395 395 394 392 390 388 386 384 381 378 375 371 367 362 357 352 347 343 338 334 330 326 323 320 317 315 313 311 311 310 309 310 312 312 313 315 316 319 321 323 325 327 328 329 329 329 328 327
291 296 300 305 308 313 317 321 324 328 332 336 340 344 348 352 356 359 363 366 369 373 377 380 383 385 385 386 386 386 387 388 389 389 390 391 392 392 392 393 394 394 394 394 394 393 392 390 389 -9999 -9999 382 380 376 -9999 368 364 359 355 351 346 342 338 335 331 328 325 323 321 319 318 317 316 316 316 317 318 321 322 324 326 328 330 332 333 334 334 334 333 332 331
299 303 307 310 316 320 324 328 332 336 340 343 346 350 353 356 359 362 365 368 372 374 377 380 382 384 385 386 386 386 386 387 388 388 -9999 390 390 391 391 391 392 392 392 392 392 392 391 391 389 388 386 384 381 378 -9999 -9999 -9999 362 358 353 350 346 342 339 336 333 331 328 326 325 323 323 323 323 323 324 326 327 328 330 333 335 336 338 338 339 339 339 338 -9999 335
305 309 314 319 323 328 332 336 340 343 347 350 352 355 358 360 362 365 367 370 373 376 378 380 382 383 384 385 385 386 386 386 387 387 388 388 389 389 389 389 390 390 390 391 391 390 390 390 389 388 386 384 382 379 375 372 368 364 360 356 352 349 346 343 340 337 336 334 332 330 329 328 328 328 329 330 331 332 334 336 338 340 342 344 344 345 345 343 342 340 339
312 317 321 326 331 336 340 344 347 351 353 356 358 361 363 364 366 368 371 372 374 376 378 379 381 382 383 384 384 384 384 385 386 386 386 386 386 387 387 387 387 388 388 388 388 388 389 389 389 388 387 385 382 379 375 372 369 365 362 358 355 351 349 346 344 342 340 338 337 336 335 334 334 334 335 335 336 338 340 -9999 344 -9999 348 350 351 351 350 -9999 345 344 341
318 323 328 334 339 343 348 352 355 358 360 362 364 365 366 368 369 371 372 374 375 377 378 379 380 380 381 382 383 382 383 383 383 383 384 384 384 384 384 384 385 385 385 385 386 386 387 387 388 388 387 384 382 379 376 373 370 367 363 360 357 354 352 350 347 346 343 342 341 340 339 339 339 339 339 341 342 344 345 347 349 351 353 355 356 -9999 354 352 349 346 344
326 331 336 341 346 351 356 359 362 365 366 368 369 370 371 372 372 373 374 375 377 378 378 379 379 379 380 380 380 381 381 381 381 381 381 382 382 382 382 382 382 382 382 382 383 383 384 385 386 386 385 383 381 378 376 373 370 367 364 362 359 357 354 352 350 348 347 346 345 344 343 343 344 344 344 345 347 348 350 351 353 356 358 360 362 360 358 355 352 349 346
333 338 343 349 354 359 363 367 370 371 372 373 373 373 373 374 374 374 375 376 376 377 378 378 378 378 378 379 379 379 379 379 378 378 379 379 379 379 379 379 379 379 379 379 379 380 381 382 383 383 383 382 380 378 375 373 370 368 366 364 361 358 356 354 353 351 350 349 348 348 347 347 347 348 348 349 350 352 354 355 357 359 361 -9999 -9999 -9999 -9999 -9999 354 351 -9999
339 344 350 355 361 366 371 374 377 377 378 377 377 376 376 376 376 376 376 376 376 376 377 377 377 377 376 377 377 377 377 376 376 376 376 376 376 376 376 376 376 375 375 376 376 377 378 379 380 381 380 380 379 377 374 373 371 368 367 364 362 360 358 357 355 354 353 352 352 351 350 350 350 351 351 352 353 354 356 358 359 361 363 -9999 -9999 -9999 -9999 -9999 356 352 349
346 351 356 361 367 372 378 382 384 383 381 381 380 379 378 377 377 377 377 376 376 375 375 375 376 375 375 375 375 375 375 374 374 373 373 373 373 373 373 373 373 373 372 372 372 373 374 375 377 378 378 378 377 376 374 372 371 369 367 365 364 362 360 359 357 357 356 355 355 354 353 353 353 353 354 354 356 358 358 -9999 -9999 362 -9999 365 365 364 -9999 -9999 -9999 -9999 -9999
351 356 361 366 372 377 382 387 388 386 385 383 381 381 379 378 378 378 377 376 375 374 374 374 373 374 373 373 372 372 372 371 371 370 370 370 370 369 370 370 370 370 369 369 369 369 371 373 374 375 376 376 375 374 -9999 372 371 369 367 366 364 363 361 360 359 358 358 357 357 357 356 356 356 356 356 357 358 359 361 361 362 364 364 365 365 364 362 -9999 -9999 -9999 -9999
356 361 366 370 375 380 384 387 389 388 386 384 382 380 379 378 378 377 376 375 374 374 374 372 372 371 370 370 370 370 369 368 368 367 367 367 366 367 367 367 367 366 366 367 367 368 368 370 371 373 373 374 374 373 372 372 371 369 368 366 365 363 363 361 360 360 360 359 359 359 358 359 358 359 -9999 359 360 361 362 363 364 364 365 365 364 363 361 359 356 353 350
361 365 369 374 378 381 384 387 388 388 387 385 383 381 379 377 377 376 374 373 372 372 371 371 370 369 369 368 367 367 366 365 365 364 364 364 364 364 364 364 364 364 364 365 365 366 367 369 370 371 372 372 372 372 372 371 370 369 -9999 367 365 364 363 362 361 362 361 361 361 361 360 360 361 361 361 361 -9999 362 363 364 -9999 -9999 365 365 364 362 361 359 356 353 350
365 369 373 376 379 383 385 387 387 387 385 384 383 381 379 377 376 374 373 372 370 369 369 368 368 367 366 365 365 364 364 362 362 -9999 360 360 360 360 361 361 361 362 362 363 364 365 366 367 368 369 370 371 371 371 371 370 370 369 368 367 366 365 363 362 362 363 363 363 363 362 362 362 362 362 -9999 362 -9999 364 364 364 365 365 365 364 363 362 360 359 356 353 350
369 372 375 378 380 383 384 385 386 385 384 383 381 380 378 376 375 372 371 370 368 367 366 365 364 364 364 363 362 361 361 360 359 358 357 356 357 357 358 358 359 360 360 361 362 363 364 365 366 367 368 369 369 370 370 370 370 369 367 367 366 365 364 363 362 -9999 364 364 364 364 364 364 363 364 364 364 364 -9999 365 365 365 365 365 364 363 362 360 358 355 353 350
372 374 377 379 381 383 384 384 385 384 383 381 380 378 376 374 373 371 369 368 -9999 365 364 363 -9999 -9999 -9999 -9999 360 -9999 -9999 -9999 -9999 -9999 -9999 -9999 -9999 355 355 356 357 357 358 359 360 361 363 364 365 366 367 368 368 369 369 369 369 369 368 367 366 365 365 364 363 364 365 364 365 365 365 364 364 365 365 365 365 365 365 -9999 -9999 -9999 364 364 363 361 360 357 355 353 350
374 376 378 380 381 382 383 383 383 -9999 381 380 379 376 374 373 371 369 368 366 364 363 362 -9999 -9999 -9999 -9999 -9999 -9999 -9999 -9999 -9999 -9999 -9999 -9999 -9999 -9999 -9999 -9999 -9999 -9999 355 356 357 359 360 361 362 363 365 365 366 367 367 368 368 368 368 368 367 366 366 365 364 364 365 365 365 365 366 365 365 365 366 366 366 366 366 366 365 365 365 364 363 362 361 359 -9999 355 353 350
376 378 379 380 380 381 381 381 381 380 379 378 377 375 373 371 369 367 365 -9999 362 361 -9999 -9999 -9999 -9999 -9999 -9999 -9999 -9999 -9999 -9999 -9999 -9999 -9999 -9999 -9999 -9999 -9999 -9999 -9999 -9999 354 355 357 358 359 361 362 363 364 365 366 367 368 368 368 368 367 367 366 366 366 365 365 365 365 366 366 366 366 366 366 366 366 366 366 366 366 366 366 365 364 363 362 360 359 357 355 353 350
