resultados/variables_proyeccion_tiempo/variables_presente/bio7.asc
ncols 330
nrows 228
xllcorner -12.000000
yllcorner 34.000000
cellsize 0.166667
NODATA_value -9999
[rows 120 to 159 of 228, columns 91 to 181 of 330]
-9999 -9999 -9999 -9999 -9999 201 -9999 -9999 211 213 216 219 220 220 221 221 223 224 225 227 227 228 227 228 227 227 228 229 229 229 229 230 232 233 234 237 238 240 241 242 243 244 242 242 245 248 249 250 251 252 253 255 256 257 258 260 261 263 265 267 267 268 269 271 272 274 276 279 282 284 284 283 281 280 281 287 292 296 299 301 301 298 295 293 292 293 294 296 298 301 303
-9999 -9999 -9999 -9999 -9999 203 -9999 210 213 215 217 219 220 220 221 222 223 225 227 229 229 230 230 230 230 230 230 230 230 230 231 232 234 235 234 237 239 241 239 243 246 246 244 238 236 241 245 249 251 252 253 255 256 257 259 260 261 263 265 266 267 267 267 268 269 272 274 276 278 279 279 279 280 280 283 289 294 298 301 303 303 299 296 293 292 292 292 293 296 299 301
-9999 -9999 193 198 -9999 206 210 213 215 217 218 219 219 219 221 223 224 226 229 231 233 234 232 232 232 232 231 231 231 231 232 232 233 234 235 239 241 243 244 244 248 248 249 247 247 247 246 247 249 251 253 253 255 257 258 261 262 262 264 265 266 266 266 266 267 269 270 272 273 274 274 275 279 281 285 290 296 300 303 304 301 298 295 293 291 291 292 292 293 296 299
-9999 -9999 -9999 -9999 -9999 210 214 216 218 220 220 220 220 219 221 223 225 227 230 233 236 238 235 233 233 232 232 230 230 230 229 230 231 233 237 242 243 245 246 246 249 249 249 248 249 251 253 254 256 254 254 254 255 257 258 260 261 262 263 263 265 265 265 265 266 267 269 270 271 271 272 274 278 283 288 294 299 303 304 304 300 296 293 291 288 288 289 290 290 293 295
197 199 202 205 210 214 218 221 222 223 223 222 221 221 222 223 225 227 230 234 238 243 239 234 232 230 229 229 230 229 230 227 228 235 240 243 245 247 248 247 250 251 250 251 252 253 255 258 258 256 254 254 255 257 259 261 261 262 261 262 263 263 263 262 262 263 266 268 269 269 269 271 276 284 290 297 303 307 308 304 299 293 289 287 286 286 286 287 288 290 292
203 205 208 211 215 220 223 226 227 227 226 225 224 223 223 224 225 227 229 233 238 242 243 240 235 233 231 230 231 231 229 230 235 241 243 245 249 250 251 251 252 253 254 254 256 256 258 260 261 259 254 253 253 256 259 261 261 261 260 261 260 260 261 263 261 261 261 262 263 266 269 271 277 283 291 298 302 303 305 301 295 290 286 286 286 285 285 286 286 288 289
209 211 213 216 220 225 229 232 231 230 229 227 226 225 224 224 224 225 228 232 236 239 242 242 239 236 235 234 235 235 232 237 242 248 250 250 252 251 253 254 255 256 256 256 257 258 258 259 260 257 253 252 253 255 257 260 260 260 260 259 257 256 256 258 261 262 262 261 261 266 270 269 265 269 286 296 293 294 297 295 292 287 286 285 284 284 284 284 285 286 287
215 217 218 220 225 229 233 235 234 232 231 229 227 226 225 224 222 222 223 227 232 235 237 238 238 237 237 238 236 235 240 242 248 253 254 254 255 254 255 257 258 258 259 260 258 257 258 259 259 257 254 252 254 257 258 260 260 258 258 257 255 252 248 249 255 259 264 265 266 268 267 267 263 261 252 259 278 285 280 281 284 283 283 282 283 283 283 283 284 285 287
221 221 222 225 228 231 235 236 235 234 232 230 228 226 225 223 221 218 218 222 226 229 231 233 236 236 238 238 237 239 244 249 253 257 258 257 255 257 257 259 264 264 263 265 264 261 257 257 255 256 254 254 255 257 260 259 258 256 253 253 249 252 259 265 264 267 268 269 272 272 274 277 278 278 279 280 282 280 280 277 274 279 279 280 280 282 282 282 284 286 288
224 224 226 228 231 233 235 236 236 234 233 231 228 227 226 222 220 219 219 220 223 225 227 227 234 240 243 240 244 248 249 250 253 259 262 261 259 260 262 265 272 271 270 269 269 267 264 260 257 255 254 256 257 260 260 255 250 248 246 252 260 267 269 270 271 275 277 277 275 276 279 281 282 285 286 287 287 287 277 269 277 274 274 280 280 280 281 283 285 287 289
225 226 228 230 232 234 236 236 235 235 234 232 230 229 225 222 222 221 222 223 225 226 227 229 235 239 242 243 244 247 249 247 256 262 264 264 263 264 265 268 272 275 275 273 272 271 270 268 265 260 256 256 259 260 262 263 263 264 265 258 264 271 271 270 272 278 281 281 281 281 282 284 286 287 289 290 290 288 280 265 269 267 262 265 270 272 279 283 285 288 292
226 228 230 232 234 235 236 237 237 236 235 234 231 227 227 226 225 225 226 228 229 230 232 234 235 236 238 245 246 249 253 258 264 265 266 266 265 265 267 270 273 276 275 274 272 271 271 267 265 263 260 257 258 263 267 271 266 260 263 264 267 269 271 273 276 279 283 282 281 281 283 285 287 288 289 290 289 287 283 277 272 268 268 265 257 269 276 282 286 289 294
229 230 232 233 235 237 238 237 237 236 235 233 231 230 229 228 229 230 232 234 236 237 240 238 235 239 240 247 255 256 258 263 268 268 267 267 266 265 267 268 270 272 273 272 271 271 270 266 265 262 262 260 262 264 269 268 267 269 268 269 271 274 276 276 279 282 282 282 279 278 279 279 283 286 284 284 286 284 283 278 278 275 280 276 271 272 276 282 286 289 295
231 232 233 236 238 240 240 240 240 240 238 236 235 233 232 232 234 235 238 239 242 244 242 241 243 246 249 252 252 255 259 264 266 264 265 265 266 266 266 266 266 268 270 269 269 270 270 269 266 264 263 265 267 269 270 267 270 275 275 277 279 280 278 276 275 280 283 283 281 279 280 280 278 279 279 276 274 273 276 277 278 280 283 287 284 276 277 281 285 291 295
234 234 235 238 241 243 244 244 243 241 240 240 239 237 236 236 237 239 243 245 248 247 248 249 250 251 253 252 251 255 260 262 263 262 262 262 263 264 265 265 265 266 267 268 268 269 271 271 269 267 267 268 270 272 273 272 272 276 278 280 281 280 280 276 279 282 283 280 278 279 277 278 279 278 279 277 274 272 275 277 282 280 281 288 290 285 283 287 290 290 291
236 237 239 241 245 246 246 246 245 244 242 241 240 240 239 239 240 243 247 250 253 254 252 250 251 254 256 256 253 255 262 262 263 262 263 263 264 264 264 264 263 264 264 265 266 269 271 273 272 270 268 270 273 275 276 276 276 274 280 280 282 281 282 283 284 285 285 283 282 282 277 276 277 276 278 278 278 279 281 283 286 280 282 290 293 293 291 287 289 288 286
239 240 241 244 247 249 248 247 246 246 244 243 242 241 242 242 244 246 250 253 256 256 253 249 251 254 256 256 256 260 264 265 264 263 264 264 265 264 263 263 262 263 263 263 265 268 272 275 273 272 270 272 276 279 280 280 281 281 280 277 275 279 284 285 287 288 287 287 285 285 281 280 277 277 277 279 281 284 283 288 291 289 290 292 292 294 294 292 290 290 290
241 242 243 245 247 248 249 248 247 247 246 244 243 243 243 245 246 248 251 253 255 255 253 251 251 254 257 259 261 265 267 267 265 264 263 263 263 262 261 262 262 262 263 264 266 269 274 273 272 273 273 273 277 282 280 279 280 280 281 275 275 271 272 279 284 288 290 289 287 287 286 282 279 282 281 282 285 287 290 292 296 296 295 294 292 297 297 295 294 293 301
243 244 245 246 247 250 250 250 249 248 247 246 244 243 244 246 246 249 251 253 255 255 255 253 253 256 259 262 265 266 268 266 265 263 262 261 261 262 261 261 262 262 262 265 268 268 271 272 272 273 274 276 279 282 284 285 287 287 284 282 284 278 275 276 279 280 285 290 289 288 287 283 283 284 285 286 288 291 294 295 297 297 298 298 299 298 294 293 297 302 300
245 245 246 248 249 250 250 250 250 250 249 247 245 244 245 247 248 249 251 253 255 256 255 255 255 258 261 264 266 267 265 261 261 263 262 261 261 262 263 263 258 260 261 264 267 269 271 273 275 275 276 278 279 281 282 284 286 289 292 294 292 295 291 284 281 283 286 287 286 285 287 286 285 284 286 287 291 294 296 297 295 298 299 300 298 296 296 301 302 300 308
246 247 248 250 251 251 251 251 251 -9999 250 248 246 246 246 247 249 250 252 254 255 256 255 252 250 258 262 265 266 266 256 261 265 265 264 263 263 262 260 259 260 263 266 267 269 269 271 272 273 273 274 275 279 281 283 284 285 288 291 295 297 300 299 292 292 288 285 288 282 278 282 285 285 286 288 291 293 294 294 294 296 298 300 301 300 299 301 306 304 308 311
248 249 249 250 251 251 251 252 252 251 250 249 248 246 247 249 250 252 254 256 257 256 254 249 248 255 262 264 265 263 261 264 267 268 266 264 262 261 259 262 266 268 268 267 267 267 269 269 270 272 273 277 282 282 283 283 285 288 291 294 298 302 300 298 298 297 291 293 292 287 282 280 282 288 293 296 296 296 296 296 297 299 301 300 296 302 306 308 308 310 308
248 249 250 250 250 252 252 252 251 251 250 250 249 248 248 250 252 255 256 257 258 255 254 248 249 258 261 263 261 262 262 265 268 269 266 263 263 263 265 267 269 269 268 267 266 266 267 268 270 273 277 281 284 284 285 285 287 289 292 295 298 299 300 301 302 303 304 303 303 300 296 293 295 295 295 296 297 295 294 298 300 301 303 299 303 307 308 310 311 312 313
249 249 249 250 251 251 251 251 251 251 252 251 248 247 250 251 254 257 259 258 257 252 244 243 252 257 259 261 260 250 249 261 268 268 266 265 265 265 266 268 268 269 268 266 265 264 264 267 269 273 279 283 286 287 288 287 288 291 292 294 294 296 298 301 302 302 302 303 303 303 302 302 300 297 294 292 291 292 296 299 301 302 303 305 307 309 310 311 313 313 314
249 251 252 252 251 250 249 251 252 251 251 249 248 248 251 254 258 261 263 261 257 253 246 243 254 255 256 256 243 239 246 259 264 266 266 265 264 265 267 268 268 269 268 264 264 261 261 267 270 275 278 284 289 293 292 292 291 292 294 293 294 295 298 299 297 298 299 298 298 298 295 293 288 287 288 286 288 293 299 300 300 304 305 308 310 311 311 312 313 314 313
248 250 251 250 250 250 250 250 250 250 250 249 249 251 254 256 260 263 266 267 264 257 255 255 254 255 253 245 241 238 248 259 261 264 264 264 264 266 269 270 271 270 269 266 266 262 261 268 274 278 279 282 285 292 290 291 289 288 291 295 289 292 292 284 280 282 290 288 294 292 289 282 283 280 276 278 287 297 298 300 303 306 307 309 311 312 312 313 313 313 313
247 248 250 250 248 248 249 249 250 250 251 253 255 256 257 259 261 262 265 267 266 266 264 258 253 251 254 254 252 254 258 259 260 261 261 262 264 -9999 -9999 272 273 269 273 264 263 262 251 261 267 270 273 275 279 292 292 294 285 286 281 278 281 285 283 281 283 278 282 287 282 287 280 276 279 282 287 279 278 291 292 298 301 305 307 309 310 311 311 311 311 311 310
247 248 248 247 245 244 246 248 249 248 252 259 261 260 260 260 260 262 264 265 264 263 259 255 250 250 248 249 251 254 256 255 256 256 255 259 260 262 270 269 270 256 267 245 252 251 251 253 263 248 259 280 291 291 289 286 284 287 277 274 291 287 273 273 283 279 267 269 269 275 286 296 296 292 283 291 291 297 296 297 302 304 306 307 309 310 310 309 308 308 307
246 247 247 246 240 237 242 246 249 251 256 264 264 263 262 261 261 260 261 260 258 256 251 246 246 247 249 253 253 252 251 255 253 256 256 251 248 250 268 259 245 235 232 232 235 258 259 248 265 277 265 255 278 258 271 276 277 277 282 282 278 264 260 258 257 263 272 280 285 294 297 284 300 299 299 302 304 304 303 302 303 304 306 307 309 309 306 302 303 306 309
248 246 247 246 240 236 244 248 250 252 261 265 266 265 264 263 261 259 259 255 254 250 250 253 258 256 256 250 246 250 253 254 246 239 235 242 232 252 241 232 252 227 218 230 247 234 231 207 233 261 236 243 244 236 -9999 235 245 233 249 258 249 247 266 276 274 277 286 293 271 290 280 308 313 314 312 311 309 307 305 304 304 305 305 307 308 308 305 304 307 310 309
251 250 250 250 244 242 247 246 251 258 263 265 266 266 265 263 259 256 257 254 252 258 266 264 261 257 255 249 241 235 242 235 239 226 214 219 212 225 254 239 222 212 207 226 225 198 204 214 225 263 241 237 270 237 236 249 270 252 271 265 268 268 277 255 260 284 299 306 284 291 290 288 315 319 315 312 309 307 305 305 305 305 306 307 306 308 307 308 -9999 311 310
253 253 254 252 250 249 249 251 254 260 264 266 267 267 265 261 260 256 255 256 267 266 265 262 254 246 257 246 239 232 227 209 217 210 211 223 236 248 227 219 203 212 220 214 233 197 207 233 263 243 273 280 294 279 273 270 273 280 287 276 284 286 296 284 281 305 310 319 303 308 298 286 315 315 314 312 310 308 306 306 305 305 306 307 308 -9999 310 309 309 309 310
256 256 257 256 253 254 254 253 258 262 265 267 268 267 264 263 259 256 255 267 271 268 263 256 243 242 239 233 223 -9999 208 202 214 209 212 202 209 216 221 203 207 207 212 217 235 240 248 274 290 279 285 241 250 252 256 280 279 277 282 287 284 285 289 292 299 309 316 313 313 307 308 304 303 304 308 309 308 307 307 307 306 305 305 306 308 308 309 309 310 311 311
259 261 260 258 259 258 257 256 259 262 268 269 270 267 266 264 261 259 271 -9999 -9999 -9999 268 251 242 230 222 213 205 217 213 210 225 223 239 213 217 215 209 203 194 207 213 225 194 214 248 289 301 286 251 236 261 262 284 290 279 290 296 294 288 273 277 270 272 288 285 279 278 283 293 306 292 293 303 305 306 306 306 306 307 306 306 306 307 308 308 310 311 313 312
263 265 263 259 261 260 258 255 257 266 270 271 272 270 268 264 263 273 277 273 265 256 266 251 250 253 241 231 233 -9999 233 228 237 244 241 244 234 261 226 222 236 246 255 232 214 239 241 301 296 264 249 249 262 287 293 289 290 298 294 292 287 283 281 270 279 280 295 300 293 293 299 304 305 304 304 302 303 303 305 305 305 306 306 306 306 307 307 308 310 312 310
264 266 260 253 260 264 260 257 262 270 271 272 273 272 267 269 275 277 279 277 275 260 240 263 241 220 -9999 208 -9999 218 261 244 249 264 256 247 263 258 253 245 243 242 248 242 213 271 271 297 292 267 270 288 291 306 302 290 296 295 288 284 283 281 278 277 277 280 285 293 298 297 297 295 299 298 301 304 305 304 305 305 305 305 305 306 306 306 307 309 310 310 308
266 267 258 251 257 264 262 260 268 272 272 274 277 275 271 276 281 283 277 267 268 260 229 225 -9999 213 212 204 210 239 248 270 -9999 274 269 263 269 263 264 259 269 270 275 238 265 272 296 291 274 266 270 290 299 300 303 298 293 287 280 276 275 275 270 265 265 270 276 280 286 289 293 295 297 300 301 304 301 302 305 307 307 307 305 303 304 305 306 308 309 309 308
264 264 263 249 257 268 268 264 267 273 275 277 279 281 280 284 285 281 278 281 266 237 238 245 260 249 252 238 231 251 274 286 -9999 295 286 283 286 289 292 294 293 297 281 285 284 -9999 278 269 283 295 294 300 302 301 296 289 284 279 274 270 -9999 266 -9999 254 257 262 265 269 272 278 284 288 290 290 294 301 304 304 307 309 308 306 305 303 301 302 304 306 308 308 308
263 260 253 255 247 267 270 265 268 275 277 279 281 283 285 284 286 283 288 278 260 261 235 226 224 220 231 259 258 283 295 301 307 311 303 298 297 299 303 306 309 308 302 303 -9999 301 294 284 292 294 294 294 294 292 285 279 276 273 -9999 -9999 -9999 -9999 -9999 241 249 254 258 256 263 270 276 279 290 293 297 300 302 304 308 311 310 306 305 302 299 295 297 302 306 307 308
264 261 251 259 253 261 267 264 264 277 279 281 283 284 285 281 279 287 276 257 263 236 225 218 234 248 267 287 297 296 300 303 306 308 305 302 300 303 307 310 312 311 309 308 307 305 299 294 293 291 290 290 288 284 -9999 -9999 -9999 -9999 -9999 -9999 -9999 -9999 239 240 243 248 252 256 257 264 270 277 285 290 294 296 300 303 307 310 309 308 306 303 298 296 301 301 302 305 307
