resultados/variables_proyeccion_tiempo/variables_presente/bio7.asc
ncols 330
nrows 228
xllcorner -12.000000
yllcorner 34.000000
cellsize 0.166667
NODATA_value -9999
[rows 40 to 79 of 228, columns 91 to 181 of 330]
-9999 -9999 -9999 -9999 -9999 -9999 -9999 -9999 -9999 -9999 -9999 -9999 -9999 -9999 -9999 -9999 -9999 -9999 -9999 -9999 -9999 -9999 -9999 -9999 -9999 -9999 -9999 -9999 -9999 -9999 -9999 -9999 -9999 -9999 -9999 -9999 -9999 -9999 -9999 -9999 -9999 -9999 -9999 -9999 -9999 -9999 -9999 -9999 -9999 -9999 -9999 -9999 -9999 -9999 -9999 -9999 -9999 227 230 232 233 236 242 247 250 254 258 261 266 270 275 279 285 290 295 299 305 310 316 321 327 -9999 339 346 353 360 367 372 375 376 377
-9999 -9999 -9999 -9999 -9999 -9999 -9999 -9999 -9999 -9999 -9999 -9999 -9999 -9999 -9999 -9999 -9999 -9999 -9999 -9999 -9999 -9999 -9999 -9999 -9999 -9999 -9999 -9999 -9999 -9999 -9999 -9999 -9999 -9999 -9999 -9999 -9999 -9999 -9999 -9999 -9999 -9999 -9999 -9999 -9999 -9999 -9999 -9999 -9999 -9999 -9999 -9999 -9999 223 225 -9999 230 232 234 236 237 241 246 249 254 259 262 266 270 275 279 283 288 294 298 303 308 314 319 324 330 336 342 348 356 364 371 377 378 378 378
-9999 -9999 -9999 -9999 -9999 -9999 -9999 -9999 -9999 -9999 -9999 -9999 -9999 -9999 -9999 -9999 -9999 -9999 -9999 -9999 -9999 -9999 -9999 -9999 -9999 -9999 -9999 -9999 -9999 -9999 -9999 -9999 -9999 -9999 -9999 -9999 -9999 -9999 -9999 -9999 -9999 -9999 -9999 -9999 -9999 -9999 207 210 -9999 216 -9999 221 224 227 229 231 234 237 238 239 243 247 249 254 258 261 265 269 274 278 283 288 292 297 302 306 311 317 322 327 333 338 344 351 358 365 373 378 378 378 378
-9999 -9999 -9999 -9999 -9999 -9999 -9999 -9999 -9999 -9999 -9999 -9999 -9999 -9999 -9999 -9999 -9999 -9999 -9999 -9999 -9999 -9999 -9999 -9999 -9999 -9999 -9999 -9999 -9999 -9999 -9999 -9999 -9999 -9999 -9999 -9999 -9999 -9999 -9999 -9999 -9999 -9999 -9999 -9999 -9999 -9999 -9999 -9999 -9999 -9999 -9999 226 229 231 233 236 238 240 241 244 248 -9999 254 258 262 265 269 274 278 282 287 291 295 300 304 309 314 319 324 329 334 340 346 352 358 364 370 375 377 377 376
-9999 -9999 -9999 -9999 -9999 -9999 -9999 -9999 -9999 -9999 -9999 -9999 -9999 -9999 -9999 -9999 -9999 -9999 -9999 -9999 -9999 -9999 -9999 -9999 -9999 -9999 -9999 -9999 -9999 -9999 -9999 -9999 -9999 -9999 -9999 -9999 -9999 -9999 -9999 -9999 -9999 -9999 -9999 -9999 -9999 -9999 -9999 -9999 220 -9999 -9999 230 233 235 237 239 241 244 247 251 253 256 259 262 265 269 274 278 282 286 290 294 298 303 307 312 317 322 326 331 336 341 347 352 358 363 367 371 373 374 374
-9999 -9999 -9999 -9999 -9999 -9999 -9999 -9999 -9999 -9999 -9999 -9999 -9999 -9999 -9999 -9999 -9999 -9999 -9999 -9999 -9999 -9999 -9999 -9999 -9999 -9999 -9999 -9999 -9999 -9999 -9999 -9999 -9999 -9999 -9999 -9999 -9999 -9999 -9999 -9999 -9999 -9999 -9999 -9999 -9999 -9999 218 222 225 228 231 234 236 239 242 244 246 249 252 255 258 261 263 267 270 274 277 280 285 289 293 297 302 306 310 314 319 323 328 333 337 342 347 352 357 361 365 368 370 371 371
-9999 -9999 -9999 -9999 -9999 -9999 -9999 -9999 -9999 -9999 -9999 -9999 -9999 -9999 -9999 -9999 -9999 -9999 -9999 -9999 -9999 -9999 -9999 -9999 -9999 -9999 -9999 -9999 -9999 -9999 -9999 -9999 -9999 -9999 -9999 -9999 -9999 -9999 -9999 -9999 -9999 -9999 -9999 -9999 215 219 222 226 229 232 236 239 241 244 -9999 248 251 254 256 260 263 265 268 271 275 279 282 285 289 292 296 300 304 308 313 317 321 325 329 334 338 342 347 351 355 358 362 364 366 367 367
-9999 -9999 -9999 -9999 -9999 -9999 -9999 -9999 -9999 -9999 -9999 -9999 -9999 -9999 -9999 -9999 -9999 -9999 -9999 -9999 -9999 -9999 -9999 -9999 -9999 -9999 -9999 -9999 -9999 -9999 -9999 -9999 -9999 -9999 -9999 -9999 -9999 -9999 -9999 -9999 -9999 209 212 215 219 223 227 231 233 237 240 243 246 250 253 255 258 260 262 265 268 270 273 275 278 281 285 289 293 296 300 304 307 311 315 319 322 326 330 334 338 342 346 349 353 356 358 361 362 363 363
-9999 -9999 -9999 -9999 -9999 -9999 -9999 -9999 -9999 -9999 -9999 -9999 -9999 -9999 -9999 -9999 -9999 -9999 -9999 -9999 -9999 -9999 -9999 -9999 -9999 -9999 -9999 -9999 -9999 -9999 -9999 -9999 -9999 -9999 -9999 -9999 -9999 -9999 -9999 -9999 -9999 -9999 216 220 225 228 -9999 -9999 239 242 246 250 253 255 259 261 263 265 267 270 272 275 277 279 282 285 -9999 291 295 299 303 307 310 314 317 321 324 328 331 334 338 342 345 348 350 353 355 357 358 359 359
-9999 -9999 -9999 -9999 -9999 -9999 -9999 -9999 -9999 -9999 -9999 -9999 -9999 -9999 -9999 -9999 -9999 -9999 -9999 -9999 -9999 -9999 -9999 -9999 -9999 -9999 -9999 -9999 -9999 -9999 -9999 -9999 -9999 193 -9999 -9999 -9999 -9999 -9999 -9999 -9999 -9999 221 225 229 233 237 -9999 -9999 250 253 256 259 262 264 266 268 270 271 273 276 278 280 282 285 288 291 294 298 302 306 309 313 316 319 322 326 328 332 335 338 341 343 346 348 350 351 353 354 354 355
-9999 -9999 -9999 -9999 -9999 -9999 -9999 -9999 -9999 -9999 -9999 -9999 -9999 -9999 -9999 -9999 -9999 -9999 -9999 -9999 -9999 -9999 -9999 -9999 -9999 -9999 -9999 -9999 -9999 -9999 -9999 -9999 -9999 198 201 -9999 -9999 -9999 214 -9999 -9999 222 226 230 -9999 239 -9999 248 253 258 261 265 267 269 270 272 273 275 276 278 280 282 283 286 288 291 294 297 301 305 309 312 315 -9999 321 324 327 329 332 335 337 340 342 344 345 347 348 349 349 350 350
-9999 -9999 -9999 -9999 -9999 -9999 -9999 -9999 -9999 -9999 -9999 -9999 -9999 -9999 -9999 -9999 -9999 -9999 -9999 -9999 -9999 -9999 -9999 -9999 -9999 -9999 -9999 -9999 182 186 -9999 -9999 -9999 205 -9999 -9999 214 218 221 224 226 -9999 234 237 242 247 251 256 261 265 269 270 272 274 276 277 278 279 281 282 284 285 287 289 290 293 295 299 304 308 312 314 317 320 322 325 328 330 333 335 337 339 340 342 343 344 344 344 345 345 346
-9999 -9999 -9999 -9999 -9999 -9999 -9999 -9999 -9999 -9999 -9999 -9999 -9999 -9999 -9999 -9999 -9999 -9999 -9999 -9999 -9999 -9999 -9999 -9999 -9999 -9999 -9999 -9999 -9999 -9999 -9999 -9999 207 213 216 220 224 227 229 231 235 238 241 246 251 256 -9999 264 270 274 276 278 279 280 281 282 -9999 284 285 286 287 289 290 292 293 296 -9999 300 306 312 314 316 319 321 324 326 328 330 332 335 336 338 339 340 340 340 340 340 341 341 341
-9999 -9999 -9999 -9999 -9999 -9999 -9999 -9999 -9999 -9999 -9999 -9999 -9999 -9999 -9999 -9999 -9999 -9999 -9999 -9999 -9999 -9999 -9999 -9999 -9999 -9999 -9999 -9999 -9999 -9999 204 210 216 221 225 229 232 235 238 241 245 248 251 256 261 266 270 274 278 280 283 284 285 286 286 287 287 288 289 290 291 292 294 295 297 298 300 -9999 308 314 316 318 320 322 325 326 329 330 332 334 336 337 338 339 339 337 336 335 336 336 337
-9999 -9999 -9999 -9999 -9999 -9999 -9999 -9999 -9999 -9999 -9999 -9999 -9999 -9999 -9999 -9999 -9999 -9999 -9999 -9999 -9999 -9999 -9999 162 169 -9999 184 -9999 198 -9999 211 -9999 224 228 233 237 241 244 248 251 254 257 261 265 268 273 277 282 285 288 288 290 291 290 290 291 291 291 292 293 294 295 297 298 300 301 303 306 310 314 317 319 321 323 325 327 329 330 332 334 335 336 337 337 337 336 334 330 -9999 331 333
-9999 -9999 -9999 -9999 -9999 -9999 -9999 -9999 -9999 -9999 -9999 -9999 -9999 -9999 -9999 -9999 -9999 -9999 -9999 -9999 -9999 -9999 -9999 166 173 -9999 189 197 -9999 212 219 -9999 231 236 240 244 247 251 254 258 262 266 268 272 276 279 284 288 292 296 295 296 296 295 294 295 295 295 296 296 297 298 299 300 302 304 306 308 311 315 317 320 322 323 325 327 329 330 331 333 334 334 335 336 336 334 331 326 323 -9999 -9999
-9999 -9999 -9999 -9999 -9999 -9999 -9999 -9999 -9999 -9999 -9999 -9999 -9999 -9999 -9999 -9999 -9999 -9999 -9999 150 154 160 166 -9999 181 -9999 196 -9999 211 218 224 230 235 240 247 251 255 258 263 264 267 272 275 279 281 285 289 294 299 302 302 301 300 298 298 298 298 298 298 299 299 300 301 302 304 306 307 310 313 315 318 320 322 323 325 327 328 330 331 332 333 -9999 334 334 334 333 329 323 320 -9999 -9999
-9999 -9999 -9999 -9999 -9999 -9999 -9999 -9999 -9999 -9999 -9999 -9999 -9999 -9999 -9999 -9999 149 -9999 153 -9999 160 166 -9999 180 187 195 202 209 216 223 229 235 243 243 247 250 255 259 265 267 272 276 280 286 289 292 296 299 300 303 304 304 304 302 301 301 301 301 301 301 301 302 303 304 306 307 309 311 313 316 318 320 322 323 325 327 328 329 330 331 331 332 332 332 332 -9999 -9999 -9999 -9999 -9999 -9999
-9999 -9999 -9999 -9999 -9999 -9999 -9999 -9999 -9999 -9999 -9999 -9999 -9999 -9999 149 151 -9999 156 159 -9999 167 173 178 186 193 -9999 207 212 220 229 237 242 249 253 255 257 260 268 273 276 277 282 286 291 294 297 300 300 301 304 304 306 -9999 304 303 303 302 302 303 303 303 304 305 306 307 308 310 312 314 316 318 320 322 323 325 326 327 328 329 330 330 330 330 330 330 328 -9999 -9999 -9999 -9999 -9999
-9999 -9999 -9999 -9999 -9999 -9999 -9999 -9999 -9999 -9999 -9999 -9999 -9999 -9999 -9999 156 -9999 -9999 -9999 168 173 179 185 192 198 205 211 218 223 227 236 244 253 259 270 278 275 271 275 281 288 290 291 294 298 301 303 304 304 306 307 308 307 305 305 304 304 304 304 304 304 305 306 307 308 309 311 313 314 317 318 320 322 323 324 325 326 327 327 328 328 328 328 327 327 325 -9999 -9999 -9999 -9999 -9999
-9999 -9999 -9999 -9999 -9999 -9999 -9999 -9999 -9999 -9999 -9999 -9999 153 -9999 -9999 -9999 -9999 165 -9999 173 178 184 190 -9999 203 207 214 225 234 240 249 254 261 268 277 283 288 287 279 280 283 292 295 296 297 301 306 307 306 306 307 308 307 307 306 306 305 305 305 305 305 306 307 307 308 310 311 313 315 316 318 320 321 323 324 324 325 326 326 326 326 326 326 325 324 -9999 -9999 -9999 -9999 -9999 -9999
-9999 -9999 -9999 -9999 -9999 -9999 -9999 -9999 -9999 -9999 -9999 -9999 157 159 161 164 -9999 170 174 179 184 189 -9999 198 -9999 213 -9999 226 -9999 236 248 258 257 262 280 292 296 298 301 296 295 295 297 300 304 307 307 308 308 308 308 308 306 306 306 306 305 305 305 306 306 306 307 307 309 310 311 313 315 316 318 319 321 322 323 324 324 325 325 324 324 324 323 322 321 -9999 -9999 -9999 -9999 -9999 -9999
-9999 -9999 -9999 -9999 -9999 -9999 -9999 -9999 -9999 -9999 -9999 -9999 161 -9999 165 168 171 174 179 184 189 192 198 -9999 216 218 230 235 237 242 243 248 253 263 281 285 299 296 303 307 306 307 303 300 303 306 308 309 309 308 307 307 306 306 305 305 304 304 305 305 305 306 307 308 308 309 311 312 314 316 318 319 320 321 -9999 323 323 323 323 323 322 321 320 -9999 -9999 -9999 -9999 -9999 -9999 -9999 -9999
-9999 -9999 -9999 -9999 -9999 -9999 -9999 -9999 -9999 -9999 -9999 -9999 165 167 169 172 175 179 184 188 193 201 205 -9999 224 -9999 233 239 247 248 252 259 262 273 278 290 299 300 299 306 305 306 310 306 304 304 307 309 309 308 308 308 307 306 305 305 304 304 304 305 305 305 306 307 308 309 311 312 314 315 317 318 320 321 322 322 322 322 321 321 320 319 318 316 -9999 -9999 -9999 -9999 -9999 -9999 -9999
-9999 -9999 -9999 -9999 -9999 -9999 -9999 -9999 -9999 -9999 -9999 166 168 170 173 176 179 183 188 193 -9999 205 214 222 230 235 243 248 248 256 265 267 271 287 298 297 299 300 304 308 310 313 313 311 306 306 306 307 308 308 307 307 306 305 305 304 304 304 304 304 305 305 306 307 308 309 310 312 314 315 317 319 320 321 322 322 322 321 320 319 318 317 -9999 314 -9999 -9999 -9999 -9999 -9999 -9999 -9999
-9999 -9999 -9999 -9999 -9999 -9999 -9999 -9999 -9999 -9999 166 -9999 -9999 173 -9999 179 183 187 193 -9999 206 208 -9999 226 229 238 243 249 254 257 259 267 285 295 307 316 308 308 309 306 311 310 312 313 311 309 308 307 307 307 306 305 304 304 303 303 303 303 303 303 304 304 305 306 308 309 310 312 -9999 315 317 318 320 321 322 322 321 320 319 318 317 315 313 312 -9999 -9999 -9999 -9999 -9999 -9999 -9999
-9999 -9999 -9999 -9999 -9999 -9999 -9999 -9999 -9999 -9999 -9999 171 173 176 178 181 185 190 195 201 206 213 219 228 233 235 238 242 248 255 266 277 279 292 301 307 316 314 317 315 315 316 313 311 311 310 308 307 306 305 304 304 303 302 302 302 301 301 302 302 303 304 305 306 307 308 310 311 313 -9999 316 318 319 321 322 322 321 319 318 316 315 313 311 309 -9999 -9999 -9999 -9999 -9999 -9999 -9999
-9999 -9999 -9999 -9999 -9999 -9999 -9999 -9999 -9999 -9999 -9999 174 -9999 178 181 185 189 194 198 205 212 217 223 228 232 236 243 248 258 263 266 277 288 302 310 309 302 310 317 319 314 313 313 309 308 308 -9999 305 304 304 302 302 301 300 300 300 300 300 301 301 302 303 304 305 306 307 309 310 312 314 315 317 319 321 322 322 320 318 316 314 313 310 308 307 305 -9999 -9999 -9999 -9999 -9999 -9999
-9999 -9999 -9999 -9999 -9999 -9999 -9999 -9999 -9999 -9999 -9999 175 178 -9999 184 187 191 196 201 208 215 221 228 232 237 -9999 243 250 256 268 277 283 290 294 302 320 306 307 307 315 315 311 309 307 305 304 303 302 303 301 300 299 299 298 298 298 298 299 299 299 300 301 302 303 305 306 308 309 311 312 314 316 318 319 321 320 318 316 314 312 310 308 306 304 302 300 298 -9999 294 -9999 -9999
-9999 -9999 -9999 -9999 -9999 -9999 -9999 -9999 -9999 -9999 -9999 -9999 -9999 182 -9999 189 192 197 -9999 -9999 216 222 226 236 243 250 252 258 261 265 271 278 284 290 292 291 308 310 309 305 304 307 304 -9999 300 299 300 301 300 299 298 297 296 296 296 296 296 297 297 298 298 300 301 302 303 305 306 307 309 311 312 314 315 317 317 317 315 313 311 309 307 305 303 301 299 297 295 294 292 290 -9999
-9999 -9999 -9999 -9999 -9999 -9999 -9999 -9999 -9999 -9999 -9999 174 -9999 182 -9999 190 194 -9999 204 207 -9999 218 224 233 238 244 251 255 258 261 263 268 274 281 293 297 297 298 305 307 304 301 299 297 296 296 296 298 297 295 294 293 293 293 293 293 294 294 295 296 296 298 299 300 301 303 304 306 307 308 310 311 312 313 314 313 312 310 308 306 304 302 300 298 296 294 292 290 289 287 286
-9999 -9999 -9999 -9999 -9999 -9999 -9999 -9999 -9999 -9999 -9999 -9999 -9999 -9999 -9999 -9999 -9999 -9999 202 -9999 215 217 222 228 236 243 248 252 253 256 260 263 270 280 279 296 297 301 303 300 296 294 292 290 289 290 291 292 291 290 290 289 289 289 290 290 291 292 292 293 295 295 297 298 300 301 302 303 305 306 308 309 309 310 310 310 309 307 305 303 301 299 297 295 293 291 289 287 285 284 282
-9999 -9999 -9999 -9999 -9999 -9999 -9999 -9999 -9999 -9999 -9999 -9999 -9999 179 183 -9999 193 198 201 207 214 218 -9999 225 234 241 245 243 249 255 257 260 266 277 283 284 285 292 291 290 288 284 283 283 284 284 284 284 284 284 284 284 285 285 286 287 288 289 -9999 291 292 293 295 296 297 299 300 301 303 304 305 306 306 307 307 306 305 303 302 300 298 296 294 292 290 287 285 284 282 280 279
-9999 -9999 -9999 -9999 -9999 -9999 -9999 -9999 -9999 -9999 -9999 -9999 -9999 -9999 -9999 -9999 -9999 -9999 202 207 211 218 221 226 233 240 246 247 248 257 257 256 263 268 274 282 278 280 281 280 278 276 -9999 274 -9999 274 275 276 277 278 278 279 280 281 282 283 284 286 287 288 289 291 292 294 295 296 298 299 300 301 302 303 303 303 303 302 301 300 298 296 295 293 290 288 286 284 282 281 279 277 276
-9999 -9999 -9999 -9999 -9999 -9999 -9999 -9999 -9999 -9999 -9999 -9999 -9999 175 180 185 190 195 200 206 211 216 220 225 230 235 235 243 250 251 255 258 262 262 269 273 275 272 271 270 268 266 264 -9999 -9999 264 265 267 269 270 272 274 275 277 278 280 281 282 284 285 287 288 289 291 292 294 296 296 298 -9999 299 299 299 300 299 299 298 296 295 293 -9999 289 287 285 283 281 279 277 276 274 273
-9999 -9999 -9999 -9999 -9999 -9999 -9999 -9999 -9999 -9999 -9999 -9999 -9999 174 179 -9999 -9999 194 199 204 209 212 216 220 226 231 231 239 244 248 252 255 258 260 261 265 265 263 262 260 259 256 253 250 -9999 252 255 258 261 263 266 268 270 272 274 276 278 279 281 283 284 286 287 289 290 292 293 -9999 295 296 296 296 296 296 296 295 294 293 291 289 288 286 284 282 280 -9999 276 274 273 272 -9999
-9999 -9999 -9999 -9999 -9999 -9999 -9999 -9999 -9999 -9999 -9999 -9999 168 -9999 -9999 -9999 -9999 -9999 197 201 206 209 213 217 222 227 230 234 238 242 242 248 250 253 255 257 257 -9999 254 252 249 246 242 -9999 -9999 244 246 250 253 257 260 263 266 268 270 272 274 276 278 280 -9999 -9999 -9999 -9999 -9999 290 291 292 293 293 293 294 293 293 -9999 292 -9999 -9999 288 286 284 283 281 278 277 275 273 271 270 269 267
-9999 -9999 -9999 -9999 -9999 -9999 -9999 -9999 -9999 -9999 -9999 -9999 -9999 -9999 -9999 -9999 187 190 195 199 203 207 211 214 217 222 226 228 232 235 238 241 243 245 248 249 249 248 246 244 241 238 -9999 -9999 -9999 -9999 -9999 -9999 247 251 255 258 261 264 267 269 271 273 275 277 -9999 -9999 -9999 -9999 -9999 287 288 289 290 291 291 291 291 290 289 289 287 286 284 283 281 279 277 275 273 271 270 -9999 267 265 -9999
-9999 -9999 -9999 -9999 -9999 -9999 -9999 -9999 -9999 -9999 -9999 -9999 -9999 -9999 -9999 -9999 185 -9999 193 197 200 204 208 211 214 217 221 224 226 229 232 235 238 239 241 242 242 242 -9999 -9999 -9999 -9999 -9999 -9999 -9999 -9999 -9999 -9999 242 246 250 254 257 260 263 266 268 -9999 -9999 -9999 277 -9999 -9999 -9999 -9999 285 -9999 287 288 288 288 288 288 287 286 285 284 283 281 280 278 276 274 272 270 268 267 -9999 263 -9999 -9999
-9999 -9999 -9999 -9999 -9999 -9999 -9999 -9999 -9999 -9999 -9999 -9999 -9999 -9999 177 180 184 188 191 195 198 202 205 208 210 214 216 219 221 224 226 229 232 234 235 -9999 -9999 -9999 -9999 -9999 -9999 -9999 -9999 -9999 -9999 -9999 -9999 -9999 238 242 246 250 253 257 260 263 -9999 -9999 -9999 -9999 -9999 -9999 -9999 -9999 282 283 284 285 286 286 -9999 286 285 284 284 282 281 280 278 276 275 273 271 -9999 267 -9999 -9999 -9999 -9999 -9999 -9999
