resultados/variables_proyeccion_tiempo/variables_presente/bio7.asc
ncols 330
nrows 228
xllcorner -12.000000
yllcorner 34.000000
cellsize 0.166667
NODATA_value -9999
[rows 160 to 199 of 228, columns 0 to 90 of 330]
-9999 -9999 -9999 -9999 -9999 -9999 -9999 -9999 -9999 -9999 -9999 -9999 -9999 -9999 -9999 -9999 -9999 -9999 -9999 -9999 -9999 -9999 -9999 -9999 -9999 -9999 -9999 -9999 -9999 -9999 -9999 -9999 -9999 -9999 -9999 -9999 -9999 -9999 -9999 -9999 -9999 -9999 -9999 -9999 -9999 -9999 -9999 -9999 -9999 -9999 -9999 -9999 -9999 -9999 -9999 -9999 -9999 -9999 -9999 -9999 -9999 -9999 -9999 -9999 -9999 221 226 -9999 235 239 242 245 247 249 250 251 253 254 254 255 257 256 256 255 255 256 254 248 246 244 252
-9999 -9999 -9999 -9999 -9999 -9999 -9999 -9999 -9999 -9999 -9999 -9999 -9999 -9999 -9999 -9999 -9999 -9999 -9999 -9999 -9999 -9999 -9999 -9999 -9999 -9999 -9999 -9999 -9999 -9999 -9999 -9999 -9999 -9999 -9999 -9999 -9999 -9999 -9999 -9999 -9999 -9999 -9999 -9999 -9999 -9999 -9999 -9999 -9999 -9999 -9999 -9999 -9999 -9999 -9999 -9999 -9999 -9999 -9999 -9999 -9999 -9999 -9999 -9999 -9999 223 229 233 238 241 244 246 248 250 251 252 253 254 255 257 257 258 258 258 257 257 254 247 242 249 253
-9999 -9999 -9999 -9999 -9999 -9999 -9999 -9999 -9999 -9999 -9999 -9999 -9999 -9999 -9999 -9999 -9999 -9999 -9999 -9999 -9999 -9999 -9999 -9999 -9999 -9999 -9999 -9999 -9999 -9999 -9999 -9999 -9999 -9999 -9999 -9999 -9999 -9999 -9999 -9999 -9999 -9999 -9999 -9999 -9999 -9999 -9999 -9999 -9999 -9999 -9999 -9999 -9999 -9999 -9999 -9999 -9999 -9999 -9999 -9999 -9999 -9999 -9999 -9999 -9999 226 231 236 240 244 246 248 250 251 252 253 254 255 256 257 258 260 261 260 256 258 258 256 253 254 256
-9999 -9999 -9999 -9999 -9999 -9999 -9999 -9999 -9999 -9999 -9999 -9999 -9999 -9999 -9999 -9999 -9999 -9999 -9999 -9999 -9999 -9999 -9999 -9999 -9999 -9999 -9999 -9999 -9999 -9999 -9999 -9999 -9999 -9999 -9999 -9999 -9999 -9999 -9999 -9999 -9999 -9999 -9999 -9999 -9999 -9999 -9999 -9999 -9999 -9999 -9999 -9999 -9999 -9999 -9999 -9999 -9999 -9999 -9999 -9999 -9999 -9999 -9999 -9999 223 228 234 239 243 246 248 250 251 252 253 254 255 256 256 258 258 259 260 259 259 262 260 262 258 250 250
-9999 -9999 -9999 -9999 -9999 -9999 -9999 -9999 -9999 -9999 -9999 -9999 -9999 -9999 -9999 -9999 -9999 -9999 -9999 -9999 -9999 -9999 -9999 -9999 -9999 -9999 -9999 -9999 -9999 -9999 -9999 -9999 -9999 -9999 -9999 -9999 -9999 -9999 -9999 -9999 -9999 -9999 -9999 -9999 -9999 -9999 -9999 -9999 -9999 -9999 -9999 -9999 -9999 -9999 -9999 -9999 -9999 -9999 -9999 -9999 -9999 -9999 -9999 -9999 -9999 230 236 241 245 248 250 252 253 253 254 255 255 256 257 258 258 259 261 263 264 265 265 266 264 257 249
-9999 -9999 -9999 -9999 -9999 -9999 -9999 -9999 -9999 -9999 -9999 -9999 -9999 -9999 -9999 -9999 -9999 -9999 -9999 -9999 -9999 -9999 -9999 -9999 -9999 -9999 -9999 -9999 -9999 -9999 -9999 -9999 -9999 -9999 -9999 -9999 -9999 -9999 -9999 -9999 -9999 -9999 -9999 -9999 -9999 -9999 -9999 -9999 -9999 -9999 -9999 -9999 -9999 -9999 -9999 -9999 -9999 -9999 -9999 -9999 -9999 -9999 -9999 -9999 224 231 237 243 247 250 252 253 254 254 255 255 256 257 257 258 259 260 261 262 262 262 265 266 266 268 265
-9999 -9999 -9999 -9999 -9999 -9999 -9999 -9999 -9999 -9999 -9999 -9999 -9999 -9999 -9999 -9999 -9999 -9999 -9999 -9999 -9999 -9999 -9999 -9999 -9999 -9999 -9999 -9999 -9999 -9999 -9999 -9999 -9999 -9999 -9999 -9999 -9999 -9999 -9999 -9999 -9999 -9999 -9999 -9999 -9999 -9999 -9999 -9999 -9999 -9999 -9999 -9999 -9999 -9999 -9999 -9999 -9999 -9999 -9999 -9999 -9999 -9999 -9999 -9999 222 230 237 244 249 253 254 254 255 255 255 256 256 257 258 259 260 261 261 262 262 262 263 264 262 262 267
-9999 -9999 -9999 -9999 -9999 -9999 -9999 -9999 -9999 -9999 -9999 -9999 -9999 -9999 -9999 -9999 -9999 -9999 -9999 -9999 -9999 -9999 -9999 -9999 -9999 -9999 -9999 -9999 -9999 -9999 -9999 -9999 -9999 -9999 -9999 -9999 -9999 -9999 -9999 -9999 -9999 -9999 -9999 -9999 -9999 -9999 -9999 -9999 -9999 -9999 -9999 -9999 -9999 -9999 -9999 -9999 -9999 -9999 -9999 -9999 -9999 -9999 -9999 -9999 219 228 237 245 252 255 256 255 255 255 255 256 256 257 258 259 261 261 261 263 264 265 265 265 265 269 269
-9999 -9999 -9999 -9999 -9999 -9999 -9999 -9999 -9999 -9999 -9999 -9999 -9999 -9999 -9999 -9999 -9999 -9999 -9999 -9999 -9999 -9999 -9999 -9999 -9999 -9999 -9999 -9999 -9999 -9999 -9999 -9999 -9999 -9999 -9999 -9999 -9999 -9999 -9999 -9999 -9999 -9999 -9999 -9999 -9999 -9999 -9999 -9999 -9999 -9999 -9999 -9999 -9999 -9999 -9999 -9999 -9999 -9999 -9999 -9999 -9999 -9999 -9999 -9999 218 227 236 245 253 257 256 255 255 255 255 256 256 257 258 260 260 261 262 263 264 265 264 265 269 269 266
-9999 -9999 -9999 -9999 -9999 -9999 -9999 -9999 -9999 -9999 -9999 -9999 -9999 -9999 -9999 -9999 -9999 -9999 -9999 -9999 -9999 -9999 -9999 -9999 171 -9999 -9999 -9999 -9999 -9999 -9999 -9999 -9999 -9999 -9999 -9999 -9999 -9999 -9999 -9999 -9999 -9999 -9999 -9999 -9999 -9999 -9999 -9999 -9999 -9999 -9999 -9999 -9999 -9999 -9999 -9999 -9999 -9999 -9999 -9999 -9999 -9999 -9999 209 217 226 235 243 250 253 253 254 254 254 255 256 256 257 258 259 260 260 261 261 262 263 261 259 258 261 264
-9999 -9999 -9999 -9999 -9999 -9999 -9999 -9999 -9999 -9999 -9999 -9999 -9999 -9999 -9999 -9999 -9999 -9999 -9999 -9999 -9999 -9999 -9999 168 176 184 187 188 -9999 -9999 -9999 -9999 -9999 -9999 -9999 -9999 183 -9999 -9999 -9999 -9999 -9999 -9999 -9999 -9999 -9999 -9999 -9999 -9999 -9999 -9999 -9999 -9999 -9999 -9999 -9999 -9999 -9999 -9999 -9999 -9999 -9999 -9999 207 217 227 235 241 246 248 250 251 252 253 254 255 256 257 258 259 260 259 260 260 261 262 259 254 254 258 265
-9999 -9999 -9999 -9999 -9999 -9999 -9999 -9999 -9999 -9999 -9999 -9999 -9999 -9999 -9999 -9999 -9999 -9999 -9999 -9999 -9999 -9999 -9999 178 186 193 199 200 201 203 211 211 214 214 211 203 200 194 197 193 193 190 193 196 -9999 -9999 -9999 -9999 164 163 165 -9999 -9999 -9999 168 173 -9999 -9999 -9999 -9999 -9999 -9999 203 211 221 229 235 240 243 244 246 248 250 252 254 255 256 257 257 259 259 258 259 259 257 253 254 256 259 262 264
-9999 -9999 -9999 -9999 -9999 -9999 -9999 -9999 -9999 -9999 -9999 -9999 -9999 -9999 -9999 -9999 -9999 -9999 158 162 169 172 174 186 194 198 202 207 212 219 220 226 227 227 230 229 225 218 223 224 225 222 227 223 209 201 195 188 184 191 194 183 184 179 177 180 188 191 193 194 201 211 218 226 229 234 238 242 243 245 246 245 248 251 252 254 256 257 258 258 258 258 257 257 257 257 258 259 260 261 262
-9999 -9999 -9999 -9999 -9999 -9999 -9999 -9999 -9999 -9999 -9999 -9999 -9999 -9999 -9999 -9999 -9999 157 165 174 184 189 192 196 200 204 209 216 222 227 230 236 238 243 245 247 247 245 247 250 248 246 246 241 230 234 226 216 213 215 215 209 201 197 198 207 206 208 210 214 226 232 235 239 240 241 243 243 243 242 243 245 246 248 250 253 256 257 257 256 256 256 255 254 254 254 253 255 257 258 -9999
-9999 -9999 -9999 -9999 -9999 -9999 -9999 -9999 -9999 -9999 -9999 -9999 -9999 -9999 -9999 -9999 -9999 160 167 175 185 198 199 199 205 212 217 223 230 234 239 243 248 251 253 255 259 261 262 261 259 257 255 253 249 244 239 232 228 224 219 217 220 221 221 221 223 230 233 237 242 246 250 249 247 246 243 236 239 234 232 237 229 233 241 245 245 244 248 251 244 249 246 248 248 250 248 249 252 253 -9999
-9999 -9999 -9999 -9999 -9999 -9999 -9999 -9999 -9999 -9999 -9999 -9999 -9999 -9999 -9999 -9999 -9999 155 162 171 180 194 201 204 212 219 225 231 237 241 246 251 256 258 261 266 271 274 275 272 269 265 263 260 256 251 247 244 240 237 235 229 230 229 229 234 240 244 247 250 253 258 262 260 257 254 251 245 238 232 229 226 226 229 229 235 237 228 229 235 232 236 236 233 235 237 243 249 251 251 -9999
-9999 -9999 -9999 -9999 -9999 -9999 -9999 -9999 -9999 -9999 -9999 -9999 -9999 -9999 -9999 -9999 -9999 -9999 -9999 162 179 199 207 212 219 227 233 239 243 246 253 258 264 266 270 276 280 285 285 280 277 274 272 269 265 261 257 254 252 249 245 241 241 242 240 246 251 255 257 259 261 266 267 265 264 260 257 254 251 247 243 241 240 237 233 229 229 225 232 235 225 226 224 223 225 230 237 240 246 246 -9999
-9999 -9999 -9999 -9999 -9999 -9999 -9999 -9999 -9999 -9999 -9999 -9999 -9999 -9999 -9999 -9999 -9999 -9999 -9999 163 174 200 211 221 230 235 239 244 249 254 259 262 264 266 276 281 285 289 288 286 284 281 279 277 274 271 266 263 261 258 256 255 255 255 256 257 262 265 267 267 268 270 271 271 268 264 259 258 255 253 250 250 257 255 251 244 246 238 240 235 239 231 229 231 224 221 225 234 237 237 236
-9999 -9999 -9999 -9999 -9999 -9999 -9999 -9999 -9999 -9999 -9999 -9999 -9999 -9999 -9999 -9999 -9999 -9999 -9999 -9999 180 201 216 229 237 241 241 240 247 257 256 258 266 270 279 285 288 290 290 290 288 287 286 285 284 281 276 273 269 267 265 266 267 268 269 271 274 276 277 277 275 274 275 274 273 270 266 265 261 256 254 256 261 266 265 260 259 257 246 242 243 231 230 231 231 230 233 235 235 234 232
-9999 -9999 -9999 -9999 -9999 -9999 -9999 -9999 -9999 -9999 -9999 -9999 -9999 -9999 -9999 -9999 -9999 -9999 -9999 172 184 205 219 221 231 241 245 247 252 258 257 264 273 278 283 287 289 291 291 292 291 291 291 291 292 289 284 279 276 274 273 272 273 275 276 277 279 282 283 283 282 279 277 278 277 275 273 271 268 266 264 268 273 275 270 269 263 265 255 252 245 240 236 238 234 233 230 232 232 230 225
-9999 -9999 -9999 -9999 -9999 -9999 -9999 -9999 -9999 -9999 -9999 -9999 -9999 -9999 -9999 -9999 -9999 -9999 -9999 175 193 209 218 227 226 231 247 258 260 264 268 273 278 280 284 288 290 292 292 292 292 293 293 295 295 292 288 284 281 279 278 278 279 281 283 285 289 291 288 288 286 283 281 280 279 278 276 277 272 272 273 276 281 285 283 282 275 271 265 257 248 243 239 236 232 231 228 228 230 225 220
-9999 -9999 -9999 -9999 -9999 -9999 -9999 -9999 -9999 -9999 -9999 -9999 -9999 -9999 -9999 -9999 -9999 -9999 -9999 179 194 210 221 225 229 235 252 260 264 270 270 277 280 282 285 288 290 292 293 294 294 294 294 294 294 292 289 286 283 281 280 281 282 285 288 292 296 297 294 291 285 282 283 282 281 282 283 281 275 273 277 281 286 291 297 298 293 279 265 254 245 239 234 231 229 226 224 226 225 222 -9999
-9999 -9999 -9999 -9999 -9999 -9999 -9999 -9999 -9999 -9999 -9999 -9999 -9999 -9999 -9999 -9999 -9999 -9999 -9999 180 195 210 226 232 238 249 255 260 269 272 273 277 281 282 286 289 291 292 293 294 294 294 294 293 292 291 288 286 284 283 282 283 284 287 290 293 297 298 296 292 289 285 283 282 281 281 283 283 280 277 277 280 285 291 297 302 292 274 259 248 240 233 229 226 224 221 221 -9999 -9999 -9999 -9999
-9999 -9999 -9999 -9999 -9999 -9999 -9999 -9999 -9999 -9999 -9999 -9999 -9999 -9999 -9999 -9999 -9999 -9999 -9999 182 195 211 226 238 248 244 254 266 270 272 274 278 280 283 286 289 291 293 293 294 294 294 293 293 291 290 287 286 284 283 284 285 287 289 292 294 296 297 295 292 289 285 282 279 279 278 276 279 279 278 278 280 283 286 289 287 275 262 250 240 234 227 221 220 217 -9999 -9999 -9999 -9999 -9999 -9999
-9999 -9999 -9999 -9999 -9999 -9999 -9999 -9999 -9999 -9999 -9999 -9999 -9999 -9999 -9999 -9999 -9999 -9999 -9999 -9999 197 213 226 237 243 260 263 266 266 272 274 276 279 283 -9999 289 291 293 293 293 293 294 293 292 291 289 286 284 284 283 284 285 288 290 292 294 296 296 295 292 288 284 280 275 272 271 271 274 275 275 275 277 278 279 278 275 264 252 241 225 220 216 215 -9999 -9999 -9999 -9999 -9999 -9999 -9999 -9999
-9999 -9999 -9999 -9999 -9999 -9999 -9999 -9999 -9999 -9999 -9999 -9999 -9999 -9999 -9999 -9999 -9999 -9999 -9999 -9999 197 211 225 235 241 254 258 262 267 272 273 276 278 282 285 289 292 294 294 293 293 293 293 292 290 288 285 283 282 283 284 286 288 290 292 294 296 297 296 293 289 284 278 273 268 267 266 267 269 270 270 271 271 271 268 263 255 243 227 -9999 -9999 -9999 -9999 -9999 -9999 -9999 -9999 -9999 -9999 -9999 -9999
-9999 -9999 -9999 -9999 -9999 -9999 -9999 -9999 -9999 -9999 -9999 -9999 -9999 -9999 -9999 -9999 -9999 -9999 -9999 -9999 190 211 223 232 238 242 251 252 263 268 270 273 277 281 285 289 292 295 294 292 293 293 293 292 290 288 285 283 282 284 286 287 288 289 292 295 297 298 297 294 290 285 278 271 266 266 263 263 263 263 264 263 263 262 259 255 247 -9999 -9999 -9999 -9999 -9999 -9999 -9999 -9999 -9999 -9999 -9999 -9999 -9999 -9999
-9999 -9999 -9999 -9999 -9999 -9999 -9999 -9999 -9999 -9999 -9999 -9999 -9999 -9999 -9999 -9999 -9999 -9999 -9999 -9999 183 208 224 235 244 248 252 253 260 263 266 271 275 280 285 289 291 293 295 294 294 294 293 293 291 288 286 284 284 287 290 290 288 289 294 297 298 300 299 296 292 287 281 272 269 266 264 262 260 259 259 257 255 253 252 246 238 -9999 -9999 -9999 -9999 -9999 -9999 -9999 -9999 -9999 -9999 -9999 -9999 -9999 -9999
-9999 -9999 -9999 -9999 -9999 -9999 -9999 -9999 -9999 -9999 -9999 -9999 -9999 -9999 -9999 -9999 -9999 -9999 -9999 167 185 209 225 237 246 251 254 249 251 256 262 269 276 280 282 286 291 293 295 295 295 294 295 294 293 291 290 290 290 292 296 295 292 294 297 299 301 303 302 299 295 290 284 277 270 267 265 262 260 258 255 253 251 249 245 -9999 -9999 -9999 -9999 -9999 -9999 -9999 -9999 -9999 -9999 -9999 -9999 -9999 -9999 -9999 -9999
-9999 -9999 -9999 -9999 -9999 -9999 -9999 -9999 -9999 -9999 -9999 -9999 -9999 -9999 -9999 -9999 -9999 -9999 -9999 177 197 218 233 243 248 248 229 244 252 255 260 267 273 278 284 290 294 293 295 296 294 294 296 297 297 299 298 297 295 295 301 302 299 299 301 302 304 305 306 304 298 292 287 280 272 268 267 264 262 258 254 250 246 242 239 -9999 -9999 -9999 -9999 -9999 -9999 -9999 -9999 -9999 -9999 -9999 -9999 -9999 -9999 -9999 -9999
-9999 -9999 -9999 -9999 -9999 -9999 -9999 -9999 -9999 -9999 -9999 -9999 -9999 -9999 -9999 -9999 -9999 -9999 -9999 186 207 229 240 245 243 242 242 259 261 258 263 267 276 283 289 -9999 293 292 293 296 297 301 302 304 304 304 304 303 302 302 305 305 305 305 305 307 309 311 312 309 302 296 290 284 276 271 267 262 260 256 250 243 239 236 -9999 -9999 -9999 -9999 -9999 -9999 -9999 -9999 -9999 -9999 -9999 -9999 -9999 -9999 -9999 -9999 -9999
-9999 -9999 -9999 -9999 -9999 -9999 -9999 -9999 -9999 -9999 -9999 -9999 -9999 -9999 -9999 -9999 -9999 -9999 -9999 190 211 232 234 238 242 248 253 261 267 268 273 279 284 287 292 295 297 299 302 304 306 307 308 308 309 309 310 309 309 308 309 309 309 309 310 312 314 315 317 314 306 300 293 286 276 275 270 262 256 249 240 234 233 -9999 -9999 -9999 -9999 -9999 -9999 -9999 -9999 -9999 -9999 -9999 -9999 -9999 -9999 -9999 -9999 -9999 -9999
-9999 -9999 -9999 -9999 -9999 -9999 -9999 -9999 -9999 -9999 -9999 -9999 -9999 -9999 -9999 -9999 -9999 -9999 176 193 211 227 234 241 242 251 262 266 270 272 277 281 286 290 293 297 300 303 305 307 309 310 312 313 313 314 315 316 315 314 314 314 314 314 314 315 316 317 317 315 309 301 295 287 278 273 270 264 252 245 234 226 -9999 -9999 -9999 -9999 -9999 -9999 -9999 -9999 -9999 -9999 -9999 -9999 -9999 -9999 -9999 -9999 -9999 -9999 -9999
-9999 -9999 -9999 -9999 -9999 -9999 -9999 -9999 -9999 -9999 -9999 -9999 -9999 -9999 -9999 -9999 -9999 -9999 174 193 209 223 234 241 245 255 262 267 271 274 279 283 287 291 295 299 302 305 308 310 312 314 316 317 318 319 320 320 320 319 318 318 317 317 317 317 317 317 315 314 309 302 294 287 280 270 262 254 247 238 227 -9999 -9999 -9999 -9999 -9999 -9999 -9999 -9999 -9999 -9999 -9999 -9999 -9999 -9999 -9999 -9999 -9999 222 221 219
-9999 -9999 -9999 -9999 -9999 -9999 -9999 -9999 -9999 -9999 -9999 -9999 -9999 -9999 -9999 -9999 -9999 -9999 176 195 208 220 231 239 246 253 259 264 269 274 280 285 289 294 297 301 305 308 311 313 315 318 319 320 321 322 323 323 324 323 322 321 320 319 319 318 318 316 314 311 307 301 294 287 280 274 264 247 235 227 -9999 -9999 -9999 -9999 -9999 -9999 -9999 -9999 -9999 -9999 -9999 -9999 -9999 -9999 -9999 -9999 223 224 223 222 219
-9999 -9999 -9999 -9999 -9999 -9999 -9999 -9999 -9999 -9999 -9999 -9999 -9999 -9999 -9999 -9999 -9999 159 179 193 206 218 228 237 244 250 255 256 264 273 282 288 292 296 300 304 307 311 314 316 319 321 322 324 325 326 327 327 327 327 325 324 322 321 319 318 317 316 314 310 306 300 293 284 277 272 266 251 238 227 -9999 -9999 -9999 -9999 -9999 -9999 -9999 -9999 -9999 -9999 -9999 -9999 -9999 -9999 -9999 -9999 -9999 -9999 -9999 221 219
-9999 -9999 -9999 -9999 -9999 -9999 -9999 -9999 -9999 -9999 -9999 -9999 -9999 -9999 -9999 -9999 147 166 181 195 207 218 228 236 243 250 255 257 265 279 286 291 295 299 303 306 310 313 316 319 321 323 325 327 328 329 330 331 331 329 328 325 324 322 320 319 317 315 312 309 304 299 293 287 280 272 267 257 243 235 -9999 -9999 -9999 -9999 -9999 -9999 -9999 -9999 -9999 -9999 -9999 -9999 -9999 -9999 -9999 -9999 -9999 -9999 -9999 -9999 -9999
-9999 -9999 -9999 -9999 -9999 -9999 -9999 -9999 -9999 -9999 -9999 -9999 -9999 -9999 -9999 149 160 176 187 199 210 220 228 235 242 249 256 264 275 285 291 295 298 302 305 309 312 315 318 321 323 325 328 329 330 332 332 333 333 331 328 326 324 323 322 320 319 316 312 308 304 299 295 291 286 277 273 259 248 244 243 -9999 -9999 -9999 -9999 -9999 -9999 -9999 -9999 -9999 222 221 -9999 -9999 -9999 -9999 -9999 -9999 -9999 -9999 -9999
-9999 -9999 -9999 -9999 -9999 -9999 -9999 -9999 -9999 -9999 -9999 -9999 -9999 -9999 -9999 162 174 186 195 205 213 221 229 236 242 249 257 266 275 288 294 296 299 303 307 310 314 317 320 323 325 327 329 331 332 333 333 334 334 332 330 327 325 324 323 321 319 317 313 308 304 301 298 293 287 280 276 265 256 253 251 -9999 -9999 -9999 -9999 -9999 -9999 -9999 -9999 223 222 -9999 -9999 -9999 -9999 -9999 -9999 -9999 -9999 -9999 -9999
-9999 -9999 -9999 -9999 -9999 -9999 -9999 -9999 -9999 -9999 -9999 -9999 -9999 -9999 -9999 169 183 -9999 203 210 217 224 231 236 242 249 257 267 277 286 293 296 300 304 308 312 316 320 322 325 328 329 330 331 332 334 334 334 333 331 329 326 325 323 322 320 318 316 314 310 305 302 298 293 288 283 275 271 267 261 259 254 252 -9999 -9999 -9999 -9999 -9999 -9999 -9999 -9999 -9999 -9999 -9999 -9999 -9999 -9999 -9999 -9999 -9999 -9999
