resultados/variables_proyeccion_tiempo/variables_presente/bio8.asc
ncols 330
nrows 228
xllcorner -12.000000
yllcorner 34.000000
cellsize 0.166667
NODATA_value -9999
[rows 0 to 40 of 228, columns 186 to 278 of 330]
-9999 -9999 -9999 -9999 -9999 -9999 -9999 -9999 -9999 -9999 -9999 -9999 -9999 -9999 -9999 -9999 -9999 -9999 -9999 -9999 -9999 -9999 -9999 -9999 -9999 -9999 -9999 -9999 -9999 -9999 -9999 -9999 -9999 -9999 -9999 -9999 -9999 -9999 -9999 -9999 -9999 -9999 -9999 -9999 -9999 -9999 -9999 -9999 -9999 -9999 -9999 -9999 -9999 -9999 -9999 -9999 -9999 -9999 -9999 -9999 -9999 -9999 -9999 -9999 -9999 -9999 -9999 -9999 -9999 -9999 -9999 -9999 -9999 -9999 -9999 -9999 -9999 -9999 -9999 -9999 -9999 -9999 -9999 -9999 -9999 -9999 -9999 -9999 -9999 -9999 -9999 -9999 -9999
-9999 -9999 -9999 -9999 -9999 -9999 -9999 -9999 -9999 -9999 -9999 -9999 -9999 -9999 -9999 -9999 -9999 -9999 -9999 -9999 -9999 -9999 -9999 -9999 -9999 -9999 -9999 -9999 -9999 -9999 -9999 -9999 -9999 -9999 -9999 -9999 -9999 -9999 -9999 -9999 -9999 -9999 -9999 -9999 -9999 -9999 -9999 -9999 -9999 -9999 -9999 -9999 -9999 -9999 -9999 -9999 -9999 -9999 -9999 -9999 -9999 -9999 -9999 -9999 -9999 -9999 -9999 -9999 -9999 -9999 -9999 -9999 -9999 -9999 -9999 -9999 -9999 -9999 -9999 -9999 -9999 -9999 -9999 -9999 -9999 -9999 -9999 -9999 -9999 -9999 -9999 -9999 -9999
-9999 -9999 -9999 -9999 -9999 -9999 -9999 -9999 -9999 -9999 -9999 -9999 -9999 -9999 -9999 -9999 -9999 -9999 -9999 -9999 -9999 -9999 -9999 -9999 -9999 -9999 -9999 -9999 -9999 -9999 -9999 -9999 -9999 -9999 -9999 -9999 -9999 -9999 -9999 -9999 -9999 -9999 -9999 -9999 -9999 -9999 -9999 -9999 -9999 -9999 -9999 -9999 -9999 -9999 -9999 -9999 -9999 -9999 -9999 -9999 -9999 -9999 -9999 -9999 -9999 -9999 -9999 -9999 -9999 -9999 -9999 -9999 -9999 -9999 -9999 -9999 -9999 -9999 -9999 -9999 -9999 -9999 -9999 -9999 -9999 -9999 -9999 -9999 -9999 -9999 -9999 -9999 -9999
-9999 -9999 -9999 -9999 -9999 -9999 -9999 -9999 -9999 -9999 -9999 -9999 -9999 -9999 -9999 -9999 -9999 -9999 -9999 -9999 -9999 -9999 -9999 -9999 -9999 -9999 -9999 -9999 -9999 -9999 -9999 -9999 -9999 -9999 -9999 -9999 -9999 -9999 -9999 -9999 -9999 -9999 -9999 -9999 -9999 -9999 -9999 -9999 -9999 -9999 -9999 -9999 -9999 -9999 -9999 -9999 -9999 -9999 -9999 -9999 -9999 -9999 -9999 -9999 -9999 -9999 -9999 -9999 -9999 -9999 -9999 -9999 -9999 -9999 -9999 -9999 -9999 -9999 -9999 -9999 -9999 -9999 -9999 -9999 -9999 -9999 -9999 -9999 -9999 -9999 -9999 -9999 -9999
-9999 -9999 -9999 -9999 -9999 -9999 -9999 -9999 -9999 -9999 -9999 -9999 -9999 -9999 -9999 -9999 -9999 -9999 -9999 -9999 -9999 -9999 -9999 -9999 -9999 -9999 -9999 -9999 -9999 -9999 -9999 -9999 -9999 -9999 -9999 -9999 -9999 -9999 -9999 -9999 -9999 -9999 -9999 -9999 -9999 -9999 -9999 -9999 -9999 -9999 -9999 -9999 -9999 -9999 -9999 -9999 -9999 -9999 -9999 -9999 -9999 -9999 -9999 -9999 -9999 -9999 -9999 -9999 -9999 -9999 -9999 -9999 -9999 -9999 -9999 -9999 -9999 -9999 -9999 -9999 -9999 -9999 -9999 -9999 -9999 -9999 -9999 -9999 -9999 -9999 -9999 -9999 -9999
-9999 -9999 -9999 -9999 -9999 -9999 -9999 -9999 -9999 -9999 -9999 -9999 -9999 -9999 -9999 -9999 -9999 -9999 -9999 -9999 -9999 -9999 -9999 -9999 -9999 -9999 -9999 -9999 -9999 -9999 -9999 -9999 -9999 -9999 -63 -9999 -9999 -9999 -9999 78 79 -9999 -9999 -9999 -9999 -9999 -9999 -9999 -9999 -9999 -9999 76 -9999 -9999 -9999 -9999 -9999 -9999 -9999 -9999 -9999 -9999 -9999 -9999 -9999 -9999 -9999 -9999 -9999 -9999 -9999 -9999 -9999 -9999 -9999 -9999 -9999 -9999 -9999 -9999 -9999 -9999 -9999 -9999 -9999 -9999 -9999 -9999 -9999 -9999 -9999 -9999 -9999
-9999 -9999 -9999 -9999 -9999 -9999 -9999 -9999 -9999 -9999 -9999 -9999 -9999 -9999 -9999 -9999 -9999 -9999 -9999 -9999 -9999 -9999 -9999 -9999 -9999 -9999 -9999 -9999 -9999 -9999 -9999 -9999 -9999 -9999 -72 -9999 28 -9999 83 -9999 -9999 -9999 -9999 -9999 -9999 78 -9999 -9999 -9999 -9999 81 77 76 76 76 -9999 -9999 -9999 -9999 -9999 -9999 -9999 -9999 -9999 -9999 -9999 -9999 -9999 -9999 -9999 -9999 -9999 -9999 -9999 -9999 -9999 -9999 -9999 -9999 -9999 -9999 -9999 -9999 -9999 -9999 -9999 -9999 -9999 -9999 -9999 -9999 -9999 -9999
-9999 -9999 -9999 -9999 -9999 -9999 -9999 -9999 -9999 -9999 -9999 -9999 -9999 -9999 -9999 -9999 -9999 -9999 -9999 -9999 -9999 -9999 -9999 -9999 -9999 -67 -9999 -9999 -9999 -9999 -9999 -9999 -9999 -68 -61 39 75 79 82 84 -9999 -9999 -9999 73 74 -9999 -9999 -9999 -9999 -9999 76 74 75 77 -9999 -9999 -9999 77 77 73 75 82 -9999 -9999 -9999 -9999 -9999 -9999 -9999 -9999 -9999 -9999 -9999 -9999 -9999 -9999 -9999 -9999 -9999 -9999 -9999 -9999 -9999 -9999 -9999 -9999 -9999 -9999 -9999 -9999 -9999 -9999 -9999
-9999 -9999 -9999 -9999 -9999 -9999 -9999 -9999 -9999 -9999 -9999 -9999 -9999 -9999 -9999 -9999 -9999 -9999 -9999 -9999 -68 -65 -67 -70 -9999 -9999 -9999 -9999 -75 -78 -9999 -78 -79 -60 21 81 79 -9999 -9999 -9999 -9999 -9999 81 80 77 -9999 -9999 -9999 81 80 77 74 74 73 -9999 -9999 -9999 71 70 71 79 75 72 76 79 75 78 -9999 -9999 -9999 -9999 -9999 -9999 -9999 -9999 -9999 -9999 -9999 -9999 -9999 -9999 -9999 -9999 -9999 -9999 -9999 -9999 -9999 -9999 -9999 -9999 -9999 -9999
-9999 -9999 -9999 -9999 -9999 -9999 -9999 -9999 -9999 -9999 -9999 -9999 -9999 -9999 -9999 -9999 -9999 -9999 -9999 -9999 -9999 -9999 -9999 -9999 -82 -9999 -82 -9999 -79 -82 -85 -73 -32 57 81 82 -9999 -9999 -9999 -9999 87 85 81 80 83 -9999 -9999 84 80 76 75 75 80 84 87 -9999 81 79 75 74 75 77 73 69 73 75 76 75 76 78 78 -9999 -9999 -9999 -9999 -9999 -9999 -9999 -9999 -9999 -9999 -9999 -9999 -9999 -9999 -9999 -9999 -9999 -9999 -9999 -9999 -9999 -9999
-9999 -9999 -9999 -34 -9999 -9999 -9999 -9999 -9999 -9999 -9999 -9999 -9999 -9999 -9999 -9999 -9999 -3 -9999 -9999 -9999 -9999 -9999 -9999 -9999 -9999 -9999 -74 -67 -79 -53 39 77 78 80 87 -9999 -9999 -9999 87 82 84 85 85 84 85 85 85 82 79 78 81 83 85 87 85 85 82 78 79 82 82 76 73 71 73 80 83 84 -9999 -9999 -9999 -9999 -9999 -9999 -9999 -9999 -9999 -9999 -9999 -9999 -9999 -9999 -9999 -9999 -9999 -9999 -9999 -9999 -9999 -9999 -9999 -9999
-9999 -9999 -9999 -9999 -37 -38 -9999 -9999 -53 -51 -45 -9999 -9999 -9999 -9999 -9999 38 -9999 31 19 21 -9999 -9999 -11 -9999 -54 -42 2 58 71 77 80 78 78 83 -9999 -9999 86 81 82 85 79 81 74 77 83 86 86 87 86 86 87 87 88 88 86 87 88 -9999 -9999 -9999 -9999 -9999 -9999 84 87 -9999 -9999 -9999 -9999 -9999 -9999 -9999 -9999 -9999 -9999 -9999 -9999 -9999 -9999 -9999 -9999 -9999 -9999 -9999 -9999 -9999 -9999 -9999 -9999 -9999 -9999 -9999
-28 -32 -31 -36 -38 -9999 -9999 -27 -9999 -9999 -9999 -9999 -9999 -9999 54 -9999 -9999 -9999 78 79 77 75 75 74 50 33 52 77 77 77 78 79 80 77 78 90 90 89 87 89 83 78 82 86 93 91 93 95 93 91 87 83 83 89 89 83 81 81 81 -9999 80 83 86 -9999 -9999 -9999 -9999 -9999 -9999 -9999 -9999 -9999 -9999 -9999 -9999 -9999 -9999 -9999 89 -9999 -9999 -9999 -9999 -9999 -9999 -9999 -9999 -9999 -9999 -9999 -9999 -9999 -9999
-9999 -29 -35 -39 -9999 -9999 -7 -2 -9999 37 45 56 59 84 71 72 84 83 -9999 86 82 80 84 83 85 86 84 84 83 82 82 82 86 87 90 92 95 98 99 97 96 98 96 96 92 93 95 99 96 93 92 87 82 84 84 85 84 82 87 89 87 90 90 90 -9999 -9999 -9999 87 -9999 83 82 85 81 -9999 -9999 -9999 86 84 88 87 90 91 91 94 -9999 -9999 -9999 -9999 -9999 -9999 -9999 -9999 -9999
-30 -28 -15 -15 -9999 10 -9999 -9999 -9999 62 72 69 74 85 77 67 74 67 70 76 84 83 83 82 84 89 90 91 88 90 88 93 94 94 94 96 100 102 101 101 103 102 97 94 92 95 97 98 99 98 95 91 87 86 87 89 90 91 91 91 91 91 89 87 88 91 91 91 87 83 80 85 87 -9999 84 83 85 88 -9999 -9999 -9999 -9999 -9999 -9999 -9999 -9999 -9999 -9999 -9999 -9999 -9999 -9999 -9999
-0 2 21 -9999 38 54 52 -9999 68 73 62 73 71 75 80 84 85 81 79 78 85 90 88 83 91 93 95 93 94 94 94 91 96 97 99 101 103 104 104 104 106 103 100 99 98 100 100 99 100 100 98 92 -9999 -9999 90 91 92 92 -9999 90 88 88 90 92 94 94 94 87 81 81 84 88 90 86 85 87 87 88 89 -9999 94 96 99 102 -9999 -9999 -9999 -9999 -9999 -9999 -9999 -9999 -9999
42 -9999 -9999 52 59 -9999 67 68 77 78 71 66 68 69 72 78 82 89 90 89 91 95 97 92 94 95 97 99 97 97 97 98 100 100 102 103 103 102 103 106 106 102 99 100 101 101 103 105 105 103 102 95 94 94 -9999 95 94 93 91 92 93 95 92 92 88 89 89 86 85 85 85 85 88 86 84 86 87 89 93 92 95 99 104 105 106 -9999 -9999 -9999 104 100 97 98 99
52 54 56 60 64 64 72 76 78 76 87 79 75 76 84 88 89 90 93 95 95 96 100 102 103 102 100 99 101 99 101 102 102 103 104 101 104 105 107 108 109 105 102 101 102 103 104 106 108 103 97 97 -9999 -9999 -9999 96 95 94 92 95 95 95 92 89 89 90 91 90 90 88 86 85 84 85 88 89 90 90 92 94 98 100 101 106 109 -9999 -9999 108 104 101 98 96 97
59 59 62 76 76 72 73 78 81 84 87 92 87 85 85 87 90 95 98 100 99 99 102 104 105 102 100 98 98 100 102 102 102 103 103 105 105 107 109 110 111 110 109 110 111 111 111 110 -9999 104 -9999 99 -9999 98 -9999 97 95 95 94 95 94 94 93 93 94 94 95 93 92 90 89 88 89 89 90 89 89 92 91 95 99 103 106 108 111 107 105 104 104 101 99 98 99
59 56 64 69 79 77 77 76 82 83 83 83 87 93 95 92 91 94 96 102 101 100 100 103 104 105 104 103 102 102 100 101 100 102 103 105 107 108 109 109 104 107 108 111 111 107 108 108 110 110 106 102 104 101 102 101 99 99 98 98 98 97 99 99 99 99 98 97 95 94 95 94 93 95 93 92 94 96 96 97 98 102 108 108 111 106 104 104 102 100 99 99 98
67 69 69 71 80 86 82 84 85 89 90 91 92 92 92 96 101 103 103 107 107 105 105 106 105 107 107 106 102 104 105 103 105 104 105 105 108 110 108 109 108 106 107 107 107 107 106 108 109 112 108 108 107 107 107 105 103 102 105 103 105 103 101 101 101 101 100 99 98 96 96 96 -9999 -9999 -9999 97 98 97 98 94 94 96 99 102 104 102 102 102 105 102 100 98 99
77 72 70 77 89 90 91 90 89 89 91 95 97 97 99 100 101 104 109 110 110 110 111 111 111 111 107 104 101 95 97 98 101 100 104 107 109 110 111 111 112 112 112 111 111 111 110 110 109 109 107 107 109 110 109 110 107 105 105 104 103 104 105 105 103 98 99 99 100 99 96 -9999 -9999 94 97 99 96 93 95 94 91 93 94 97 95 99 98 96 97 96 97 99 99
66 76 83 90 -9999 -9999 103 98 94 95 96 95 97 100 104 105 104 106 107 107 107 109 112 113 115 107 103 101 101 98 96 95 97 97 100 99 105 109 112 112 112 113 113 112 112 112 112 111 111 110 109 106 108 105 101 101 98 100 104 101 103 106 106 106 104 106 106 105 103 101 99 93 94 95 93 94 92 91 90 92 91 94 92 94 97 98 97 95 93 95 97 101 101
70 75 79 87 97 100 102 105 105 103 103 102 102 101 105 109 110 109 108 109 109 107 110 113 109 99 100 100 99 96 97 99 99 100 100 100 100 100 103 112 114 115 115 115 114 -9999 -9999 113 113 112 -9999 111 111 110 109 108 106 106 106 106 105 105 106 108 109 108 107 107 104 103 100 97 97 93 91 89 89 88 90 90 85 92 97 96 96 98 97 94 94 93 98 102 102
78 84 87 91 97 100 102 105 109 107 110 109 110 111 109 109 110 111 113 113 112 110 111 107 101 100 101 102 100 99 -9999 97 99 101 103 103 103 103 102 105 113 113 113 113 113 115 116 115 113 113 -9999 -9999 -9999 111 110 110 108 107 108 109 107 106 105 107 107 108 110 111 107 105 104 101 98 96 93 91 88 87 86 91 79 85 92 98 99 -9999 95 93 90 91 94 102 100
84 90 94 94 97 103 104 105 105 107 109 113 113 115 116 116 115 115 115 115 111 107 103 99 101 101 103 102 102 99 99 99 101 103 104 104 104 104 102 102 107 114 115 116 117 118 118 117 117 116 115 115 113 111 109 111 111 111 112 110 109 108 106 103 104 106 110 111 111 108 106 101 99 96 95 93 93 94 96 95 81 90 95 99 100 89 76 78 77 85 92 -9999 97
92 93 98 101 101 104 105 106 108 106 109 112 112 111 114 115 116 115 109 104 102 102 102 100 100 102 104 105 102 104 102 100 103 103 104 106 106 105 104 104 104 110 117 119 120 120 120 119 119 118 118 117 114 114 113 113 114 114 113 112 111 109 106 104 104 105 105 105 107 108 107 104 99 98 97 -9999 99 -9999 98 97 97 98 99 -9999 100 100 94 90 86 86 94 100 -9999
101 102 103 102 104 105 105 105 105 106 110 110 113 114 115 115 111 105 103 106 106 106 106 105 105 107 107 107 107 106 105 106 104 105 106 106 105 105 104 105 104 104 113 119 120 122 121 121 118 118 119 119 118 116 117 118 115 114 111 111 110 109 108 105 105 108 107 105 104 109 110 106 103 100 97 95 94 97 98 98 99 -9999 97 97 100 100 99 100 100 101 102 101 99
106 105 108 107 110 111 110 111 111 111 111 111 112 114 111 107 103 100 104 106 107 108 108 108 108 108 108 109 109 108 108 106 105 106 107 108 106 106 106 106 106 105 107 119 121 121 122 121 120 122 123 122 120 120 120 120 118 116 115 113 112 114 111 111 111 111 109 108 105 103 106 104 103 101 98 96 96 96 97 100 100 96 96 95 93 98 101 102 103 103 104 103 103
103 109 112 114 116 114 112 113 113 112 116 117 116 108 106 105 106 106 104 107 108 110 109 108 106 107 108 109 110 110 109 108 108 108 108 109 110 108 106 107 107 106 104 112 122 122 121 119 120 123 123 123 122 121 119 116 117 119 119 118 117 115 114 111 113 112 111 111 111 110 109 109 106 102 100 96 99 102 105 -9999 -9999 -9999 -9999 -9999 99 101 -9999 106 105 106 107 106 103
114 115 114 115 119 114 117 116 115 117 116 113 107 105 107 110 110 111 109 108 109 111 112 111 110 107 109 111 114 115 110 109 110 109 108 111 110 110 111 110 108 106 107 107 113 122 122 122 122 123 125 124 123 122 121 121 120 121 120 119 116 116 115 115 111 110 112 117 119 116 112 109 107 104 101 103 104 104 105 -9999 -9999 -9999 -9999 -9999 96 100 105 107 106 107 107 108 106
119 122 122 121 122 123 123 120 118 117 114 105 104 102 103 106 109 112 113 113 110 111 113 112 112 110 108 111 114 116 111 111 113 112 112 110 109 111 113 112 110 109 109 110 108 115 124 123 122 124 125 125 124 123 124 122 119 118 117 117 116 113 113 112 113 114 116 119 120 119 114 109 107 105 106 -9999 -9999 108 -9999 107 106 106 -9999 -9999 -9999 -9999 -9999 -9999 -9999 108 109 110 109
117 120 122 124 125 125 124 121 115 113 106 106 106 104 103 105 107 110 113 115 115 113 115 113 112 113 112 112 115 115 112 113 115 114 114 112 111 112 113 113 113 112 113 112 110 111 124 126 126 126 -9999 124 125 125 124 121 120 120 118 119 120 119 116 115 116 116 115 118 119 119 114 110 108 107 104 105 107 108 108 108 108 107 108 -9999 -9999 -9999 -9999 -9999 -9999 -9999 -9999 -9999 111
113 114 115 120 121 121 123 117 112 115 113 111 110 110 110 109 112 109 108 114 117 118 117 117 115 113 113 116 115 114 115 115 115 114 113 113 114 114 116 114 112 114 114 113 112 111 117 125 126 127 125 121 121 123 123 122 122 119 120 121 122 121 120 119 119 117 115 116 121 121 -9999 111 110 107 106 105 106 107 107 108 109 108 108 109 110 110 110 -9999 -9999 -9999 -9999 -9999 -9999
112 111 113 116 119 120 121 112 112 113 116 117 115 114 116 116 118 115 113 113 115 116 118 118 115 115 115 117 116 117 116 115 115 116 116 117 117 118 116 115 114 114 112 111 110 109 113 121 127 127 125 122 122 123 -9999 123 121 120 123 123 122 120 121 122 121 119 118 118 121 121 117 113 -9999 108 108 107 -9999 -9999 107 106 107 108 109 110 110 110 111 111 -9999 -9999 -9999 -9999 -9999
120 120 121 122 124 119 114 109 109 112 116 120 117 116 117 119 121 119 118 117 117 119 120 119 117 118 118 118 119 -9999 118 118 119 119 119 119 119 119 117 115 114 114 113 113 112 111 110 118 128 128 125 124 123 122 124 123 124 124 123 122 121 120 121 122 120 121 120 119 120 124 -9999 113 -9999 109 108 107 108 107 106 107 108 109 109 109 109 109 110 110 110 110 111 -9999 -9999
121 122 125 124 121 115 116 116 115 113 113 116 116 121 121 122 123 121 122 122 123 122 122 121 121 121 121 120 118 106 84 89 121 121 121 120 118 118 118 117 116 115 114 114 113 113 113 123 129 129 129 127 124 124 125 126 125 123 123 122 122 -9999 123 123 123 122 122 121 122 121 123 118 113 -9999 110 110 109 109 108 108 108 109 110 110 109 109 110 110 110 110 111 111 112
119 120 123 125 119 111 110 113 114 120 117 121 120 120 120 122 -9999 125 124 124 -9999 -9999 -9999 -9999 123 -9999 -9999 -9999 -9999 -9999 -9999 -9999 -9999 122 122 121 121 120 119 118 117 116 116 115 114 114 115 124 132 132 130 126 126 124 124 125 127 126 125 125 125 125 124 124 123 123 124 123 125 126 125 121 113 112 111 -9999 -9999 -9999 111 110 110 110 111 111 111 111 111 111 111 111 112 113 113
120 124 124 123 111 -9999 106 108 112 115 117 119 121 123 122 124 125 125 125 -9999 -9999 -9999 -9999 -9999 -9999 -9999 -9999 -9999 -9999 -9999 -9999 -9999 -9999 -9999 -9999 -9999 -9999 122 121 120 118 118 118 117 116 116 115 121 132 133 131 130 128 128 128 128 128 127 127 127 127 126 126 126 125 126 126 126 128 128 125 117 112 111 110 110 111 112 112 112 111 111 111 -9999 112 112 112 112 112 112 113 113 114
121 122 124 118 110 109 109 111 110 111 114 118 122 125 125 -9999 126 126 -9999 -9999 -9999 -9999 -9999 -9999 -9999 -9999 -9999 -9999 -9999 -9999 -9999 -9999 -9999 -9999 -9999 -9999 -9999 -9999 123 121 120 120 119 118 118 117 117 120 132 133 133 132 131 131 129 129 128 128 128 128 128 128 129 129 128 128 128 129 130 127 121 118 116 111 111 110 110 110 111 111 111 112 111 112 112 113 112 113 113 114 114 115 115
126 127 125 113 110 111 113 113 113 114 115 117 120 124 126 -9999 -9999 -9999 -9999 -9999 -9999 -9999 -9999 -9999 -9999 -9999 -9999 -9999 -9999 -9999 -9999 -9999 -9999 -9999 -9999 -9999 -9999 -9999 124 122 121 121 119 118 118 118 118 118 134 135 134 133 132 133 132 130 129 128 128 129 129 130 131 131 130 129 131 127 124 118 117 116 115 114 113 114 113 112 112 113 112 112 113 113 113 112 113 113 113 114 114 114 -9999
