resultados/variables_proyeccion_tiempo/variables_presente/bio8.asc
ncols 330
nrows 228
xllcorner -12.000000
yllcorner 34.000000
cellsize 0.166667
NODATA_value -9999
[rows 41 to 81 of 228, columns 186 to 278 of 330]
127 129 116 115 115 114 113 114 116 115 118 121 124 125 126 -9999 -9999 -9999 -9999 -9999 -9999 -9999 -9999 -9999 -9999 -9999 -9999 -9999 -9999 -9999 -9999 -9999 -9999 -9999 -9999 -9999 -9999 -9999 124 123 122 121 121 120 119 119 118 124 135 135 133 132 132 130 134 133 131 130 130 130 -9999 131 131 130 130 130 131 127 119 117 -9999 117 117 117 117 -9999 115 115 115 115 114 114 114 114 114 113 113 114 113 114 115 115 116
130 123 -9999 114 115 118 117 117 118 121 122 125 126 -9999 -9999 -9999 -9999 -9999 -9999 -9999 -9999 -9999 -9999 -9999 -9999 -9999 -9999 -9999 -9999 -9999 -9999 -9999 -9999 -9999 -9999 -9999 127 -9999 127 125 124 123 122 121 120 120 119 127 134 135 134 134 132 129 131 133 131 132 133 133 133 133 132 132 133 133 130 123 119 119 119 116 117 116 115 116 117 117 116 117 116 116 116 115 114 113 114 114 115 116 116 116 116
126 116 113 113 115 116 116 118 120 123 124 125 127 -9999 -9999 -9999 -9999 -9999 -9999 -9999 -9999 -9999 -9999 -9999 -9999 -9999 -9999 -9999 -9999 -9999 -9999 -9999 -9999 127 126 126 126 126 126 126 125 124 123 121 121 121 121 127 135 134 134 133 133 131 130 133 134 135 135 134 135 135 134 135 134 133 131 125 119 117 116 117 117 116 117 117 117 118 118 117 117 116 115 115 114 115 115 115 115 114 114 115 116
119 117 117 115 115 116 117 116 119 123 125 126 127 105 -9999 -9999 -9999 -9999 -9999 -9999 -9999 -9999 -9999 -9999 -9999 -9999 -9999 -9999 -9999 -9999 -9999 -9999 126 124 123 124 125 125 125 125 124 123 122 121 120 120 122 127 136 136 135 134 134 134 134 134 136 135 135 135 136 135 134 135 134 133 125 121 118 117 117 117 117 117 117 117 117 117 118 118 117 116 115 115 115 115 115 115 114 115 115 116 116
118 118 118 117 117 116 117 117 121 121 123 125 118 88 88 -9999 -9999 -9999 -9999 -9999 -9999 -9999 -9999 -9999 -9999 -9999 -9999 -9999 -9999 -9999 -9999 126 125 124 122 122 123 124 124 124 124 123 122 121 121 121 120 -9999 132 136 137 136 137 137 136 135 137 136 135 135 137 136 136 134 129 124 120 118 118 118 119 119 120 119 119 119 -9999 118 117 118 116 116 116 116 116 116 116 116 115 115 -9999 116 117
117 117 119 119 118 117 117 118 120 123 125 128 105 -9999 -9999 -9999 -9999 -9999 -9999 -9999 -9999 -9999 -9999 -9999 -9999 -9999 -9999 -9999 -9999 126 125 125 125 124 124 124 123 122 122 122 123 123 122 121 122 121 121 122 125 -9999 -9999 138 137 138 138 136 137 138 137 138 139 136 136 129 125 121 119 118 118 117 118 118 118 118 118 118 118 118 117 116 116 117 117 116 117 117 116 117 117 117 118 119 119
119 120 119 120 121 123 122 123 125 126 128 130 -9999 -9999 -9999 -9999 -9999 -9999 -9999 -9999 -9999 -9999 -9999 -9999 -9999 -9999 -9999 -9999 126 125 124 124 124 124 124 123 123 122 123 123 122 122 121 122 121 120 120 124 129 132 137 137 136 135 138 138 140 140 140 139 136 133 133 127 121 122 119 119 119 118 120 121 120 118 116 118 118 118 118 118 118 117 -9999 117 117 117 117 117 117 118 118 120 118
119 122 122 123 124 124 126 128 129 129 130 -9999 -9999 -9999 -9999 -9999 -9999 -9999 -9999 -9999 -9999 -9999 -9999 -9999 -9999 -9999 126 125 124 124 123 123 123 123 124 123 124 123 122 122 122 122 123 122 122 121 121 121 122 125 129 130 135 136 137 136 138 138 138 138 136 135 133 129 120 121 120 120 120 121 122 122 121 119 117 118 118 118 118 119 118 117 118 118 119 119 119 119 119 119 119 120 120
122 122 124 126 125 129 130 131 -9999 -9999 -9999 -9999 -9999 -9999 -9999 -9999 -9999 -9999 -9999 -9999 -9999 -9999 -9999 -9999 126 126 125 124 123 122 121 122 122 121 122 121 123 123 123 121 121 122 121 123 124 123 123 123 123 122 123 124 124 126 129 133 134 126 130 130 128 126 126 123 122 123 122 121 122 122 122 124 -9999 120 118 118 119 118 117 117 118 119 119 118 118 119 -9999 118 118 119 119 120 -9999
125 126 130 130 131 -9999 -9999 -9999 -9999 -9999 -9999 -9999 -9999 -9999 -9999 -9999 -9999 -9999 -9999 -9999 -9999 127 127 126 125 125 125 124 123 122 121 120 121 120 121 122 121 122 122 121 121 -9999 121 121 123 124 124 124 125 125 125 125 125 125 124 124 126 125 125 126 127 125 124 125 124 125 126 123 124 -9999 122 121 123 122 120 119 117 115 117 118 118 118 119 120 119 118 118 118 118 119 120 120 115
130 -9999 -9999 -9999 -9999 -9999 -9999 -9999 -9999 -9999 -9999 -9999 -9999 -9999 -9999 -9999 -9999 -9999 -9999 128 127 126 126 125 124 124 124 124 123 122 121 120 119 119 120 121 120 121 -9999 123 123 121 123 124 124 125 124 124 123 127 126 125 127 128 127 127 126 125 125 124 127 -9999 -9999 126 127 126 127 126 125 125 124 124 124 123 121 119 118 115 118 118 119 119 120 120 -9999 121 -9999 -9999 120 120 120 119 114
-9999 -9999 -9999 -9999 -9999 -9999 -9999 -9999 -9999 -9999 -9999 -9999 -9999 -9999 -9999 -9999 -9999 -9999 -9999 -9999 126 125 125 125 124 124 123 123 123 121 120 119 119 119 119 120 122 122 122 123 124 123 123 125 125 127 126 125 125 128 128 127 128 127 -9999 129 129 128 126 125 124 127 128 128 -9999 -9999 127 126 124 124 124 123 121 121 120 119 120 119 120 120 119 119 118 118 120 121 -9999 -9999 -9999 -9999 120 120 116
-9999 -9999 -9999 -9999 -9999 -9999 -9999 -9999 -9999 -9999 -9999 -9999 -9999 -9999 -9999 -9999 130 129 128 127 125 125 125 126 125 124 123 123 123 121 119 118 118 119 118 120 122 123 124 125 -9999 126 125 124 126 128 127 127 128 129 130 132 -9999 132 131 132 131 129 129 126 124 126 127 128 126 -9999 127 124 123 124 126 125 123 122 122 121 120 121 122 122 120 119 117 119 121 120 120 120 121 120 120 119 115
-9999 -9999 -9999 -9999 -9999 -9999 -9999 -9999 -9999 -9999 -9999 -9999 -9999 -9999 -9999 131 130 129 127 126 126 125 125 125 124 124 123 121 121 120 119 118 118 119 120 120 122 123 123 124 124 127 127 127 127 128 129 130 129 129 131 134 -9999 134 133 133 131 131 130 129 128 129 130 -9999 129 127 127 128 125 126 -9999 125 124 123 123 122 120 121 -9999 121 122 121 119 121 121 121 121 120 120 120 121 122 106
-9999 -9999 -9999 -9999 -9999 -9999 -9999 -9999 -9999 -9999 -9999 -9999 -9999 132 131 130 128 127 124 124 125 126 125 124 123 123 123 122 120 119 119 118 118 118 120 121 122 122 124 124 125 128 127 129 130 130 130 131 130 130 131 134 -9999 135 134 134 132 133 132 130 132 -9999 131 130 -9999 128 128 128 127 126 125 126 125 124 124 124 122 120 121 121 120 121 120 120 121 122 122 121 122 122 124 125 99
-9999 -9999 -9999 -9999 -9999 -9999 -9999 -9999 -9999 -9999 -9999 -9999 -9999 132 131 129 127 126 123 123 125 124 124 124 123 123 122 122 121 120 119 119 119 119 119 119 122 123 125 125 127 127 129 130 129 -9999 130 130 132 132 134 134 -9999 134 134 -9999 133 133 133 132 131 133 131 132 131 130 127 127 127 125 125 125 125 125 125 124 123 122 123 124 122 122 121 122 123 123 124 124 -9999 126 127 127 103
-9999 -9999 -9999 -9999 -9999 -9999 -9999 -9999 -9999 -9999 -9999 -9999 -9999 -9999 131 130 128 125 125 124 123 123 124 124 123 123 122 123 122 121 120 121 121 121 123 122 122 123 124 125 127 130 131 -9999 130 131 130 131 132 133 134 -9999 -9999 135 135 134 132 133 -9999 132 132 133 -9999 132 -9999 130 129 128 128 127 126 125 125 125 123 122 123 123 124 124 124 123 124 124 124 125 125 126 128 127 -9999 125 111
-9999 -9999 -9999 -9999 -9999 -9999 -9999 -9999 -9999 -9999 -9999 -9999 -9999 -9999 133 131 129 126 124 123 122 123 123 123 123 123 123 124 125 124 124 123 123 124 126 124 126 127 127 128 131 132 131 131 131 130 130 132 133 -9999 134 136 136 137 136 136 135 136 135 132 133 134 -9999 133 132 132 130 129 129 128 127 126 125 124 123 124 123 124 125 126 126 126 125 124 124 124 124 124 127 127 129 128 125
-9999 -9999 -9999 -9999 -9999 -9999 -9999 -9999 -9999 -9999 -9999 -9999 -9999 -9999 133 131 129 128 126 126 125 124 124 124 124 123 123 123 125 125 126 126 127 127 127 127 129 128 128 131 -9999 132 131 130 132 132 132 134 135 134 135 135 136 137 136 136 137 -9999 135 134 134 135 134 133 -9999 132 130 130 129 129 126 124 126 125 124 125 125 125 125 125 126 126 126 126 126 126 125 124 125 128 129 129 -9999
-9999 -9999 -9999 -9999 -9999 -9999 -9999 -9999 -9999 -9999 -9999 -9999 -9999 -9999 -9999 132 131 130 129 128 126 126 125 126 126 125 125 126 126 127 -9999 127 127 127 128 128 129 130 131 -9999 133 132 132 133 134 -9999 135 135 135 135 135 135 135 136 136 136 136 136 -9999 135 135 135 135 135 134 133 132 132 131 125 121 124 130 129 129 128 128 127 127 127 127 128 127 127 -9999 -9999 127 126 126 128 130 130 129
-9999 -9999 -9999 -9999 -9999 -9999 -9999 -9999 -9999 -9999 -9999 -9999 -9999 -9999 -9999 134 133 132 130 129 128 127 127 127 128 129 128 129 -9999 129 127 127 129 129 129 129 130 132 -9999 -9999 133 133 134 -9999 134 135 -9999 135 135 136 136 136 137 137 137 137 137 137 -9999 -9999 136 136 135 134 134 134 -9999 132 132 112 103 110 124 132 131 131 130 130 129 129 129 129 129 129 -9999 130 130 129 127 126 126 127 129
-9999 -9999 -9999 -9999 -9999 -9999 -9999 -9999 -9999 -9999 -9999 -9999 -9999 -9999 -9999 -9999 134 133 132 131 -9999 130 129 129 129 130 129 130 -9999 131 130 -9999 131 -9999 130 130 130 132 134 135 134 135 135 134 135 135 136 135 137 138 138 138 139 139 138 -9999 138 138 137 137 -9999 136 136 136 136 135 134 135 134 -9999 -9999 -9999 -9999 -9999 -9999 133 132 132 132 131 130 131 130 128 128 128 128 128 124 122 123 125 125
-9999 -9999 -9999 -9999 -9999 -9999 -9999 -9999 -9999 -9999 -9999 -9999 -9999 -9999 -9999 135 135 135 134 132 -9999 130 129 129 130 131 133 134 133 132 -9999 133 132 131 132 132 132 134 135 135 135 135 134 135 136 136 136 136 138 139 139 139 139 140 -9999 139 138 138 137 137 137 137 138 137 137 137 137 -9999 -9999 -9999 -9999 -9999 -9999 -9999 -9999 -9999 135 135 133 133 133 132 131 129 130 128 128 128 126 124 124 126 128
-9999 -9999 -9999 -9999 -9999 -9999 -9999 -9999 -9999 -9999 -9999 -9999 -9999 -9999 -9999 136 135 135 135 134 133 132 131 -9999 130 131 131 133 134 134 134 134 133 133 133 133 132 132 135 -9999 135 -9999 136 136 136 137 137 136 138 139 139 -9999 139 140 -9999 -9999 -9999 135 134 139 138 138 139 139 140 140 -9999 -9999 -9999 -9999 -9999 -9999 -9999 -9999 -9999 -9999 -9999 -9999 -9999 135 135 135 134 133 132 131 129 130 130 130 128 129 129
-9999 -9999 -9999 -9999 -9999 -9999 -9999 -9999 -9999 -9999 -9999 -9999 -9999 -9999 -9999 137 137 136 136 135 134 132 132 131 131 132 132 133 133 133 133 135 134 134 133 133 133 133 134 135 135 135 136 137 138 138 138 138 138 137 131 124 126 121 114 112 103 104 101 106 120 139 141 141 141 142 141 -9999 -9999 -9999 -9999 -9999 -9999 -9999 -9999 -9999 -9999 -9999 -9999 -9999 -9999 137 136 135 135 134 132 131 132 132 132 132 131
-9999 -9999 -9999 -9999 -9999 -9999 -9999 -9999 -9999 -9999 -9999 -9999 -9999 -9999 136 138 138 138 138 137 136 134 133 133 133 132 132 132 132 132 133 134 135 136 135 134 135 135 135 136 137 137 137 138 -9999 135 125 116 111 108 99 98 100 99 100 100 100 100 101 101 102 120 143 143 143 143 142 141 -9999 -9999 -9999 -9999 -9999 -9999 -9999 -9999 -9999 -9999 -9999 -9999 -9999 -9999 137 134 136 135 134 133 134 135 135 133 133
-9999 -9999 -9999 -9999 -9999 -9999 -9999 -9999 -9999 -9999 -9999 -9999 -9999 -9999 -9999 126 137 140 140 139 138 137 136 135 135 134 134 133 134 134 134 135 135 136 136 136 137 137 137 138 138 139 139 135 120 103 101 101 100 100 100 101 101 101 101 101 102 103 103 103 103 128 144 144 144 143 143 143 142 -9999 -9999 -9999 -9999 -9999 -9999 -9999 -9999 -9999 -9999 -9999 -9999 -9999 -9999 137 137 137 137 137 135 134 133 132 131
-9999 -9999 -9999 -9999 -9999 -9999 -9999 -9999 -9999 -9999 -9999 -9999 -9999 102 -9999 -9999 -9999 124 131 140 141 139 138 137 136 136 136 135 135 135 135 136 136 137 137 137 138 138 139 140 140 131 117 104 103 103 -9999 103 103 103 102 103 -9999 103 103 103 -9999 -9999 104 103 111 140 145 145 143 142 143 143 144 144 -9999 -9999 -9999 -9999 -9999 -9999 -9999 -9999 -9999 -9999 -9999 -9999 -9999 -9999 -9999 138 138 136 133 133 134 132 132
-9999 -9999 -9999 -9999 -9999 -9999 -9999 -9999 -9999 -9999 -9999 -9999 -9999 -9999 -9999 -9999 -9999 106 -9999 119 141 142 141 140 140 139 137 137 137 139 139 140 140 140 140 140 139 138 135 128 115 104 -9999 104 -9999 -9999 -9999 -9999 -9999 -9999 -9999 -9999 -9999 -9999 -9999 -9999 -9999 104 103 105 134 143 144 144 143 141 140 142 143 143 144 -9999 -9999 -9999 -9999 -9999 -9999 -9999 -9999 -9999 -9999 -9999 139 139 139 139 138 137 136 135 135 135 133
-9999 -9999 -9999 129 -9999 95 95 96 -9999 -9999 -9999 -9999 -9999 -9999 -9999 105 -9999 -9999 -9999 -9999 -9999 137 -9999 -9999 141 140 140 139 140 141 141 141 141 142 143 142 126 -9999 -9999 -9999 104 -9999 -9999 -9999 -9999 -9999 -9999 -9999 -9999 -9999 -9999 -9999 -9999 -9999 -9999 -9999 -9999 -9999 -9999 -9999 144 144 145 145 145 144 143 144 144 143 145 144 -9999 -9999 -9999 -9999 -9999 -9999 -9999 -9999 -9999 -9999 139 138 138 138 138 137 135 134 134 133 131
-9999 -9999 -9999 -9999 -9999 -9999 97 98 -9999 -9999 -9999 -9999 -9999 -9999 -9999 -9999 -9999 -9999 -9999 -9999 108 113 135 -9999 143 142 142 142 142 142 143 144 144 145 -9999 -9999 -9999 -9999 -9999 -9999 -9999 -9999 -9999 -9999 -9999 -9999 -9999 -9999 -9999 -9999 -9999 -9999 -9999 -9999 -9999 -9999 -9999 -9999 -9999 -9999 -9999 -9999 -9999 -9999 -9999 -9999 148 148 148 146 145 145 -9999 -9999 -9999 142 141 141 141 140 140 140 139 138 138 138 138 137 135 135 133 133 133
-9999 -9999 -9999 -9999 -9999 -9999 -9999 -9999 -9999 -9999 -9999 92 -9999 -9999 -9999 -9999 -9999 -9999 -9999 -9999 -9999 -9999 -9999 -9999 -9999 -9999 -9999 -9999 -9999 -9999 -9999 -9999 -9999 -9999 -9999 -9999 -9999 -9999 -9999 -9999 -9999 -9999 -9999 -9999 -9999 -9999 -9999 -9999 -9999 -9999 -9999 -9999 -9999 -9999 -9999 -9999 -9999 -9999 -9999 -9999 147 146 146 146 -9999 -9999 -9999 150 150 147 146 145 -9999 144 -9999 142 141 140 139 140 140 139 139 139 139 139 138 138 137 137 136 136 134
-9999 -9999 -9999 -9999 -9999 -9999 -9999 -9999 -9999 -9999 -9999 -9999 -9999 -9999 -9999 -9999 -9999 -9999 -9999 -9999 -9999 -9999 -9999 -9999 -9999 -9999 -9999 -9999 -9999 -9999 -9999 -9999 -9999 -9999 -9999 -9999 -9999 -9999 -9999 -9999 -9999 -9999 -9999 -9999 -9999 -9999 -9999 -9999 -9999 -9999 -9999 -9999 -9999 -9999 105 -9999 -9999 145 146 146 144 143 143 143 144 146 147 147 148 148 146 145 144 142 141 141 140 140 140 140 140 140 139 139 139 139 139 139 138 137 136 134 133
-9999 -9999 -9999 -9999 -9999 -9999 -9999 -9999 -9999 -9999 -9999 -9999 -9999 -9999 -9999 -9999 -9999 -9999 -9999 -9999 -9999 -9999 -9999 -9999 -9999 -9999 -9999 -9999 -9999 -9999 -9999 -9999 -9999 -9999 -9999 -9999 -9999 -9999 -9999 108 108 107 106 -9999 -9999 -9999 -9999 -9999 -9999 -9999 -9999 -9999 -9999 -9999 -9999 125 146 145 144 143 140 140 141 141 142 144 145 146 146 145 145 145 143 142 141 141 141 141 141 141 140 140 140 140 140 140 140 139 139 137 136 134 133
-9999 -9999 -9999 -9999 -9999 -9999 -9999 -9999 -9999 -9999 -9999 -9999 -9999 -9999 -9999 -9999 -9999 -9999 -9999 -9999 -9999 -9999 -9999 -9999 -9999 -9999 -9999 -9999 -9999 -9999 -9999 -9999 147 147 147 146 134 109 108 107 106 105 105 105 105 107 108 107 -9999 116 115 -9999 -9999 -9999 130 146 146 146 145 143 142 141 141 142 143 143 144 145 145 144 144 144 143 143 142 142 142 142 142 141 141 140 140 140 140 139 139 139 139 135 134 134 134
-9999 -9999 -9999 -9999 -9999 -9999 -9999 -9999 -9999 -9999 -9999 -9999 -9999 -9999 -9999 -9999 -9999 -9999 -9999 -9999 -9999 -9999 -9999 -9999 -9999 -9999 -9999 -9999 71 119 -9999 147 147 146 146 145 134 109 108 107 106 105 109 112 129 139 142 141 143 144 144 145 145 145 145 145 146 146 146 145 144 144 144 143 143 143 144 144 144 144 144 143 142 142 142 142 142 142 142 141 140 140 140 140 140 139 139 136 135 135 135 135 136
-9999 -9999 -9999 -9999 -9999 -9999 -9999 -9999 -9999 -9999 -9999 -9999 -9999 -9999 -9999 -9999 -9999 -9999 -9999 -9999 -9999 -9999 -9999 -9999 -9999 -9999 -9999 65 65 68 107 145 146 146 146 145 130 109 108 108 107 106 114 138 141 142 143 144 144 144 145 145 145 145 145 144 144 144 144 145 145 144 144 144 144 144 144 -9999 144 144 143 142 142 142 142 142 142 141 141 141 140 141 140 139 138 137 137 134 132 133 133 136 144
-9999 -9999 -9999 -9999 -9999 -9999 -9999 -9999 -9999 -9999 -9999 -9999 -9999 -9999 -9999 -9999 -9999 -9999 -9999 65 66 66 66 67 -9999 -9999 -9999 66 66 65 65 92 110 124 132 112 103 107 109 109 108 107 132 143 143 143 144 145 -9999 -9999 -9999 -9999 146 145 144 144 143 143 144 144 145 145 144 144 145 145 144 144 144 143 143 142 141 142 141 142 142 141 143 148 152 154 154 154 149 141 137 137 134 135 139 150 154
-9999 -9999 -9999 -9999 -9999 -9999 -9999 -9999 -9999 -9999 -9999 -9999 -9999 -9999 -9999 -9999 -9999 -9999 -9999 -9999 -9999 67 -9999 -9999 -9999 -9999 -9999 -9999 -9999 67 67 66 66 65 63 62 62 66 90 109 109 109 133 144 144 143 144 145 146 -9999 -9999 -9999 -9999 145 144 144 144 144 143 144 144 145 144 143 144 145 144 144 143 142 142 142 141 141 141 142 145 151 155 157 156 155 154 153 154 152 147 145 143 142 147 153 155
-9999 -9999 -9999 -9999 -9999 -9999 -9999 -9999 -9999 -9999 -9999 -9999 -9999 -9999 -9999 -9999 -9999 -9999 -9999 -9999 -9999 68 -9999 68 -9999 68 -9999 68 68 67 67 67 66 66 65 64 64 63 61 85 111 110 144 146 146 145 145 145 145 -9999 -9999 -9999 -9999 145 144 144 144 144 144 143 144 144 144 143 143 144 144 143 142 143 142 141 146 145 150 155 158 158 158 158 157 155 152 151 152 155 157 148 145 149 152 155 155
-9999 -9999 -9999 -9999 -9999 -9999 -9999 -9999 -9999 -9999 -9999 -9999 -9999 -9999 -9999 -9999 -9999 -9999 69 68 68 69 69 69 -9999 -9999 -9999 -9999 68 68 67 67 67 67 66 65 65 63 61 63 110 117 147 147 147 146 146 146 146 146 -9999 -9999 146 146 146 145 143 142 141 142 145 144 144 143 144 143 143 144 143 147 150 152 156 -9999 160 160 159 159 158 158 158 157 154 152 154 154 156 152 146 143 152 156 157
