resultados/variables_proyeccion_tiempo/variables_presente/bio8.asc
ncols 330
nrows 228
xllcorner -12.000000
yllcorner 34.000000
cellsize 0.166667
NODATA_value -9999
[rows 123 to 163 of 228, columns 186 to 278 of 330]
179 177 176 174 174 173 171 171 170 169 171 171 172 173 173 174 176 177 176 177 177 177 177 177 177 176 176 177 176 176 175 175 175 176 176 176 176 177 176 176 177 177 177 178 178 179 179 179 179 179 179 178 178 179 179 177 178 179 180 180 181 181 181 182 183 184 185 186 186 187 185 185 185 187 187 187 187 187 187 187 187 187 187 187 186 186 185 185 185 184 184 184 184
177 177 174 174 172 172 171 169 167 164 166 169 170 172 174 175 177 177 176 176 176 176 176 176 175 174 174 175 175 175 175 175 174 175 176 176 176 177 176 176 177 177 178 179 179 179 179 179 178 179 178 178 178 178 179 178 179 180 181 182 183 183 183 184 185 185 185 187 187 188 186 187 188 188 188 188 188 187 188 188 188 188 187 187 188 187 187 187 187 186 186 187 185
175 175 174 172 171 171 169 167 165 163 162 165 168 170 172 174 177 176 175 175 175 174 172 173 173 171 171 173 174 174 175 174 175 175 175 176 176 177 177 177 177 178 178 178 179 179 179 179 178 178 178 178 178 178 179 180 180 181 182 182 183 183 183 184 184 185 187 187 188 189 188 189 188 189 189 189 189 189 189 189 189 188 188 188 188 188 187 187 186 187 186 186 186
174 173 174 172 172 170 169 167 165 163 161 162 166 169 172 174 176 175 174 173 172 172 171 169 170 169 169 169 172 173 174 174 174 174 175 176 176 176 177 176 177 177 178 178 179 179 179 179 178 178 178 178 179 179 179 180 180 181 182 182 182 183 183 184 185 187 187 187 190 190 190 190 190 190 190 190 190 190 190 189 189 189 189 189 189 188 188 187 187 187 187 187 186
172 171 170 171 171 169 169 168 168 166 166 166 166 167 171 174 176 178 175 174 171 169 169 170 169 167 168 170 172 173 173 172 170 168 168 171 175 176 176 176 177 177 178 178 178 179 178 179 179 179 179 179 178 179 179 179 180 181 182 182 183 184 185 186 186 186 187 189 -9999 191 191 190 191 191 190 190 190 191 191 190 189 190 189 190 189 189 190 190 189 189 188 188 187
172 171 167 167 168 168 168 169 171 170 170 172 173 174 175 178 178 178 177 176 174 172 171 168 165 164 166 169 171 170 167 164 161 161 161 163 168 175 177 176 176 177 177 178 177 179 178 178 179 179 179 179 179 179 179 179 180 181 181 182 183 184 185 185 186 187 187 189 189 192 192 192 192 192 191 191 192 192 191 192 192 191 192 191 191 191 191 190 190 189 190 189 191
175 173 169 164 163 165 166 169 171 174 175 176 179 179 180 179 177 176 176 176 175 174 172 171 168 165 165 169 168 161 160 162 161 161 162 163 163 169 175 176 178 175 176 177 178 179 178 179 179 179 179 179 180 179 180 179 180 180 181 183 183 184 184 185 185 186 187 189 189 192 192 192 193 193 193 192 192 192 192 193 194 193 192 192 192 193 193 191 192 191 191 191 191
180 177 172 164 161 165 169 172 175 177 181 182 182 181 180 177 175 174 174 173 174 174 172 171 171 169 165 163 160 160 161 162 162 162 163 164 164 164 168 176 178 175 175 177 178 179 178 179 178 178 178 179 180 179 179 180 181 181 182 183 183 183 184 185 185 187 187 188 189 192 194 193 193 194 194 194 194 193 194 194 195 195 194 194 194 195 194 193 193 193 193 191 192
182 180 175 171 170 171 174 177 179 181 183 184 181 180 178 176 174 174 174 173 173 174 175 173 172 171 165 153 157 159 161 161 162 162 163 164 164 163 162 165 171 174 176 177 176 177 178 177 176 177 178 179 180 179 180 180 181 181 181 182 182 182 183 184 185 186 186 187 188 190 191 192 194 194 195 195 194 194 195 195 196 196 195 195 196 196 195 194 195 195 194 193 192
179 177 175 172 172 170 171 176 176 178 181 180 178 176 174 170 170 169 168 165 168 170 173 175 174 172 161 156 155 156 159 161 162 163 163 160 158 158 158 159 160 166 175 177 178 177 176 177 177 177 178 179 180 179 179 179 180 180 180 181 182 182 183 184 184 185 186 187 187 189 189 190 191 193 193 195 195 195 196 196 197 197 198 197 198 195 196 197 196 196 193 193 192
163 165 157 163 159 160 160 162 165 172 174 175 174 174 175 173 169 167 163 164 164 165 171 174 173 169 159 158 158 157 156 160 160 159 157 158 157 157 159 158 159 160 162 165 173 176 176 177 177 177 178 178 178 178 179 179 179 180 179 180 181 182 182 183 184 186 186 187 188 189 190 191 192 193 193 196 197 197 197 197 197 198 199 200 198 198 198 197 198 196 195 195 194
154 146 143 140 151 154 146 144 158 172 168 162 163 160 163 165 165 165 164 161 155 155 164 168 169 164 159 159 160 160 156 158 157 159 157 158 158 158 159 160 161 160 162 163 164 167 174 176 176 176 177 178 179 179 180 180 180 179 179 180 180 182 182 182 183 185 185 185 186 188 189 190 191 193 195 197 198 199 199 198 198 198 201 201 200 200 199 199 199 198 198 197 190
145 141 146 153 150 149 150 151 154 144 152 147 151 156 160 161 157 151 153 155 156 153 152 157 162 158 158 160 160 162 162 162 162 161 159 159 158 159 161 162 163 163 162 164 164 164 165 172 172 170 170 172 174 177 179 180 181 181 181 180 180 181 182 183 183 183 182 184 185 186 187 189 192 193 195 197 197 198 200 -9999 -9999 200 -9999 202 201 201 200 200 201 201 199 198 185
140 146 149 136 112 113 108 118 147 145 149 152 149 164 171 173 168 161 151 143 147 148 150 153 150 142 144 153 159 160 162 163 163 165 164 161 160 159 161 162 163 164 164 163 165 165 164 165 164 165 165 164 165 166 171 177 180 181 182 182 182 181 182 182 182 181 179 180 183 185 187 189 189 192 194 194 197 199 198 200 201 -9999 -9999 -9999 -9999 202 202 203 203 202 200 191 186
151 145 150 150 141 135 123 141 151 142 146 152 165 170 172 176 176 173 167 157 147 143 141 147 144 127 135 146 151 157 157 160 163 163 166 165 163 161 162 162 164 165 166 166 165 166 165 166 167 166 166 166 166 166 167 169 174 180 181 181 182 182 180 176 172 170 170 170 172 173 179 188 191 192 194 196 196 198 197 197 198 200 202 202 202 -9999 204 204 204 203 191 188 188
132 134 125 120 127 126 119 123 137 156 158 158 164 176 158 177 184 180 166 163 172 161 151 139 136 130 135 127 135 148 154 157 157 161 166 165 166 164 164 164 166 167 167 168 168 167 166 167 168 168 168 168 167 167 168 168 168 170 172 173 173 171 171 170 168 168 168 169 170 173 175 178 184 191 194 195 196 197 197 199 199 198 200 201 201 201 202 203 204 199 190 190 190
153 161 142 140 134 125 136 133 147 135 147 158 163 179 178 172 190 190 190 181 170 171 156 144 142 132 132 128 123 122 137 147 155 160 164 165 165 167 165 167 168 169 169 170 170 171 168 168 170 170 171 170 170 170 170 170 169 169 170 171 172 172 171 170 169 169 168 169 172 173 176 178 179 181 191 196 197 198 198 198 198 199 201 202 202 201 201 201 193 189 189 -9999 192
168 160 143 134 141 152 156 165 160 164 170 182 185 187 175 186 193 194 194 192 182 171 157 156 150 132 140 130 119 113 115 127 140 152 157 162 165 167 168 169 170 172 173 172 173 174 173 172 172 173 174 173 173 172 173 172 171 171 170 171 172 172 173 172 172 171 170 171 173 175 178 178 179 180 180 183 192 198 200 201 200 201 202 203 204 204 197 188 188 188 188 189 191
155 142 149 164 170 169 170 174 170 174 188 188 187 184 176 189 192 195 196 192 182 180 176 164 152 160 142 141 123 120 118 120 119 137 143 157 163 168 171 171 173 171 168 170 172 174 173 172 171 171 172 175 176 175 176 175 174 173 172 171 172 173 173 174 175 174 173 174 175 177 179 181 181 181 181 182 182 189 198 201 203 202 201 199 196 193 188 188 189 190 189 189 191
164 161 171 174 173 169 174 176 174 177 191 194 193 187 190 196 196 196 195 187 182 181 179 178 175 163 167 152 142 135 117 118 128 124 125 140 152 160 162 165 166 172 174 175 175 175 176 175 174 174 175 174 176 175 178 179 178 177 174 172 173 174 175 174 175 176 177 177 178 178 180 182 182 182 182 182 182 182 184 189 193 191 186 186 187 188 190 189 190 190 190 192 191
176 179 178 176 173 169 172 171 159 158 182 198 197 198 197 197 197 195 187 182 183 182 181 180 178 166 171 169 163 155 139 135 123 107 126 139 140 139 150 161 164 165 167 171 174 176 177 177 178 176 177 177 178 178 178 177 181 181 178 175 175 174 175 176 177 177 178 179 180 182 184 184 184 184 183 182 183 183 186 187 188 188 186 188 190 190 190 192 191 191 192 193 192
177 178 176 175 171 161 170 178 176 178 184 187 193 198 197 194 190 183 181 182 183 183 182 181 180 175 167 144 149 164 153 134 117 114 112 124 129 131 137 149 159 164 165 168 174 176 178 178 179 180 178 178 180 180 181 180 178 176 179 179 179 177 176 177 178 178 179 180 182 183 185 185 186 185 186 187 186 186 187 189 190 190 189 189 191 192 192 192 193 193 194 195 195
184 183 181 183 182 182 184 185 185 186 187 187 186 186 185 183 182 182 181 182 184 183 183 182 181 178 163 149 135 147 152 155 144 128 117 108 116 124 131 136 145 162 165 165 170 175 178 178 179 182 181 181 181 182 181 180 182 177 177 180 181 179 179 177 179 180 181 181 182 183 184 186 188 189 189 189 189 190 191 191 192 191 191 191 191 193 192 192 194 194 196 196 196
190 184 182 185 187 187 187 187 188 188 188 187 187 186 185 183 183 183 183 184 184 184 183 179 173 175 177 174 160 147 139 134 139 116 112 105 116 123 130 141 143 155 163 167 168 171 172 179 180 183 185 184 183 183 184 184 185 185 181 179 182 182 181 179 180 181 182 184 184 185 186 187 188 192 191 190 192 191 192 192 193 192 192 193 192 193 193 192 193 195 198 -9999 199
191 188 185 185 187 188 188 188 188 188 188 188 188 187 186 186 185 185 186 184 182 179 179 178 176 176 168 165 161 159 154 146 149 132 138 133 123 126 124 126 138 144 157 165 166 168 166 175 181 184 185 186 186 184 182 183 183 185 186 183 185 184 183 181 182 182 184 184 185 187 186 188 189 190 192 193 193 192 193 195 193 193 193 193 193 193 193 193 193 195 197 198 198
192 190 188 186 188 188 188 188 189 188 188 188 188 188 187 187 188 188 186 184 179 179 177 177 174 174 170 168 167 164 165 165 162 156 143 131 123 118 120 121 131 131 142 156 166 168 171 173 181 183 186 187 189 186 179 181 182 183 183 183 187 187 184 182 185 183 185 185 185 186 188 189 188 189 191 192 195 194 194 195 194 194 194 194 194 194 193 193 194 -9999 194 196 196
192 191 189 187 187 188 189 189 189 189 189 189 189 189 189 189 189 188 184 181 170 165 167 167 168 172 167 165 166 171 164 167 165 160 133 120 116 106 121 122 122 141 139 146 161 167 171 174 176 179 181 184 185 189 186 181 179 182 185 186 189 189 189 185 185 185 185 187 187 186 187 189 190 191 192 193 195 196 196 195 195 194 194 195 193 193 193 193 -9999 193 194 195 195
192 191 189 188 188 188 189 189 189 189 189 189 189 189 189 190 189 186 181 176 161 162 153 158 165 166 163 163 169 167 167 165 165 161 157 146 133 129 139 126 130 131 144 150 163 167 168 175 172 176 180 179 181 181 189 186 184 182 185 188 188 189 190 190 187 188 185 186 188 188 188 190 192 191 193 194 195 197 196 195 195 195 195 194 194 194 193 194 193 193 194 195 196
192 191 190 188 188 189 189 189 188 189 189 189 189 190 190 190 190 188 186 184 175 139 121 139 142 150 161 161 166 167 168 167 166 165 164 154 130 117 141 133 117 127 127 133 155 170 170 176 173 174 178 183 183 181 188 189 185 184 185 187 188 187 189 192 191 190 187 187 188 189 189 190 191 192 194 194 195 -9999 195 195 195 195 195 195 195 195 194 193 193 193 194 195 196
191 190 189 188 188 188 189 188 188 188 189 189 189 189 190 190 190 188 176 161 176 154 120 123 116 119 145 157 166 170 169 168 168 168 165 158 149 128 126 130 138 125 126 128 143 165 169 178 174 173 178 179 185 183 186 192 188 187 187 186 187 188 187 187 189 191 190 187 187 189 -9999 190 -9999 -9999 -9999 -9999 -9999 -9999 -9999 -9999 196 196 196 195 195 194 194 193 193 193 194 195 196
191 189 188 187 188 188 188 188 188 188 188 188 188 189 189 189 190 188 185 172 164 158 128 141 135 134 146 154 170 172 171 170 170 169 167 161 155 145 145 118 144 131 124 135 154 161 169 176 176 176 178 181 185 186 190 192 188 188 187 189 187 189 187 188 187 187 191 191 188 189 189 -9999 -9999 -9999 -9999 -9999 -9999 -9999 196 196 196 195 195 194 195 194 194 193 193 193 194 195 196
188 187 187 187 187 188 188 188 188 188 188 188 188 188 188 187 179 180 174 176 171 175 163 154 147 136 143 165 175 172 171 171 168 167 165 163 158 156 151 142 128 146 136 125 145 164 174 173 181 181 183 186 187 187 193 190 187 190 189 188 188 190 189 190 189 189 189 -9999 -9999 190 -9999 -9999 -9999 -9999 -9999 -9999 -9999 -9999 198 202 201 200 200 199 198 196 195 194 194 194 195 196 197
189 188 187 187 187 188 189 189 189 189 188 188 188 187 187 186 182 181 180 174 173 166 170 166 158 156 160 177 174 173 171 169 166 162 161 158 157 160 156 157 149 139 147 147 137 147 163 168 180 186 188 188 185 186 194 189 188 192 191 188 189 191 191 191 191 191 190 190 191 -9999 -9999 -9999 -9999 -9999 -9999 -9999 -9999 -9999 -9999 -9999 -9999 -9999 -9999 -9999 -9999 -9999 195 -9999 195 -9999 -9999 -9999 -9999
190 188 188 188 188 188 189 189 188 189 189 189 189 188 186 184 184 184 184 183 178 178 175 179 170 177 175 173 173 169 168 164 164 164 162 161 162 161 150 158 150 153 159 144 125 141 163 169 181 189 191 189 186 190 194 191 191 193 190 190 192 192 192 193 192 192 192 191 -9999 -9999 -9999 -9999 -9999 -9999 -9999 -9999 -9999 -9999 -9999 -9999 -9999 -9999 -9999 -9999 -9999 -9999 -9999 -9999 195 195 196 196 -9999
190 190 188 189 189 189 190 190 189 190 190 190 190 190 189 188 188 187 183 171 154 145 159 178 177 162 143 139 134 149 163 168 167 164 160 161 159 156 155 162 161 154 152 129 112 130 157 169 184 193 194 193 192 191 196 192 193 194 192 193 193 194 193 193 193 -9999 -9999 -9999 -9999 -9999 -9999 -9999 -9999 -9999 -9999 -9999 -9999 -9999 -9999 -9999 -9999 -9999 -9999 -9999 -9999 -9999 196 194 186 166 187 196 197
190 190 190 190 190 191 191 191 191 191 191 191 190 190 188 186 184 184 183 164 157 152 161 173 162 138 112 111 97 104 118 150 121 97 86 93 109 129 150 137 140 130 136 131 128 135 154 174 186 194 196 196 195 194 198 194 194 195 194 195 195 195 195 195 -9999 -9999 -9999 -9999 -9999 -9999 -9999 -9999 -9999 -9999 -9999 -9999 -9999 -9999 -9999 -9999 -9999 -9999 -9999 204 204 208 202 107 46 40 55 96 127
191 190 190 190 191 192 192 193 192 193 192 191 190 189 187 185 180 179 176 180 152 126 120 112 136 147 141 100 100 126 133 153 141 126 120 109 121 122 95 117 119 124 136 151 156 165 173 177 189 194 196 197 198 198 199 198 -9999 197 196 196 196 196 196 195 -9999 -9999 -9999 -9999 -9999 -9999 -9999 -9999 -9999 -9999 -9999 -9999 -9999 -9999 -9999 -9999 -9999 202 201 203 204 206 142 38 39 44 49 48 42
189 188 187 188 189 191 193 193 194 194 193 192 191 189 187 182 176 168 147 162 147 103 112 119 134 135 148 132 129 124 132 156 160 158 157 156 154 134 132 143 147 157 165 169 172 179 185 188 193 194 196 197 198 198 198 193 193 197 197 197 196 196 195 196 -9999 -9999 -9999 -9999 -9999 -9999 -9999 -9999 -9999 -9999 -9999 -9999 -9999 -9999 -9999 -9999 -9999 -9999 -9999 -9999 -9999 160 106 41 42 42 45 45 41
190 188 186 183 183 185 190 193 196 196 193 191 190 188 184 185 169 154 139 162 146 135 157 165 177 182 181 178 174 171 175 178 177 170 169 170 165 166 168 170 172 178 182 182 181 184 192 193 194 195 196 197 198 198 198 193 188 190 192 193 195 195 195 203 -9999 -9999 -9999 -9999 -9999 -9999 -9999 -9999 -9999 -9999 -9999 -9999 -9999 -9999 -9999 -9999 -9999 -9999 -9999 -9999 -9999 -9999 -9999 43 42 37 36 34 32
190 189 189 189 190 191 192 194 198 199 196 191 187 188 187 182 169 163 168 157 163 160 171 182 186 188 184 183 180 179 181 186 177 173 176 178 175 177 180 183 184 188 191 192 193 194 193 194 194 195 195 196 197 197 197 191 183 189 192 -9999 195 195 194 -9999 -9999 -9999 -9999 -9999 -9999 -9999 -9999 -9999 -9999 -9999 -9999 -9999 -9999 -9999 -9999 -9999 -9999 -9999 -9999 -9999 -9999 -9999 -9999 -9999 40 33 28 22 0
187 189 189 189 190 191 192 194 197 195 196 194 191 189 184 183 169 170 159 158 179 176 181 185 186 188 189 187 184 186 185 189 183 182 182 183 185 186 187 188 190 192 194 195 195 195 195 195 195 195 195 196 196 196 195 189 183 188 193 -9999 -9999 -9999 -9999 -9999 -9999 -9999 -9999 -9999 -9999 -9999 -9999 -9999 -9999 -9999 -9999 -9999 -9999 -9999 -9999 -9999 -9999 -9999 -9999 -9999 -9999 -9999 -9999 44 39 31 24 2 10
