resultados/variables_proyeccion_tiempo/variables_presente/bio8.asc
ncols 330
nrows 228
xllcorner -12.000000
yllcorner 34.000000
cellsize 0.166667
NODATA_value -9999
[rows 123 to 163 of 228, columns 93 to 185 of 330]
-9999 -9999 -9999 74 72 71 69 68 66 65 40 45 161 167 168 170 172 173 162 161 169 171 168 165 156 104 68 43 19 10 8 20 110 154 160 164 161 158 159 156 155 154 156 160 164 165 169 166 167 171 173 175 175 174 174 175 174 175 178 178 178 178 177 176 177 176 176 174 174 173 173 173 174 175 177 177 178 179 176 174 174 173 171 172 172 173 172 175 177 177 178 179 180
77 76 75 74 73 71 70 68 67 69 101 151 166 168 170 171 172 174 165 164 172 166 161 79 44 28 25 10 9 0 -2 10 119 143 148 165 162 153 157 157 152 157 159 160 163 167 167 165 166 168 171 173 174 173 173 173 171 173 175 176 176 175 172 170 172 173 173 171 170 169 168 170 170 171 175 178 180 178 176 173 171 170 170 171 170 171 172 174 175 176 177 178 178
75 75 74 73 72 71 70 69 77 138 166 165 165 169 171 172 172 173 175 177 177 170 163 149 65 16 13 9 3 1 8 87 124 133 154 166 162 158 158 156 159 157 162 163 167 168 166 165 164 165 165 168 170 172 170 169 167 168 167 168 171 174 168 164 161 162 162 165 168 166 164 163 165 165 167 170 175 174 173 172 171 172 172 172 172 172 172 173 174 174 175 175 176
73 72 71 72 70 70 69 90 137 161 168 167 166 168 169 170 172 173 174 174 176 174 168 164 159 71 31 20 3 8 64 145 149 147 153 157 157 161 157 160 158 153 157 159 162 161 159 159 161 160 161 164 164 167 167 165 164 162 158 157 156 160 165 162 161 157 155 162 164 158 145 144 154 157 153 157 165 169 169 168 170 171 171 172 172 173 173 173 173 172 173 174 173
70 70 71 70 69 66 75 124 154 161 167 166 166 166 163 165 150 161 169 171 171 173 169 165 164 155 59 12 49 45 123 153 152 149 152 159 161 159 158 154 156 154 145 147 153 156 157 159 161 157 157 161 161 163 162 158 156 154 151 145 138 138 146 153 159 159 160 161 156 151 140 134 123 126 142 149 147 152 162 164 167 168 170 171 172 173 173 173 173 173 173 173 172
69 69 68 67 64 59 63 82 139 164 165 158 142 104 85 41 11 64 126 157 160 165 168 163 163 146 64 54 96 146 153 156 154 149 140 159 161 159 153 149 154 151 154 148 144 147 148 156 151 152 152 156 158 155 153 150 145 145 137 141 153 160 156 160 161 163 166 165 164 165 159 153 151 148 149 147 150 150 149 160 163 164 166 170 170 171 173 173 174 174 175 175 173
70 68 67 58 39 34 39 52 95 84 104 91 78 31 16 11 5 8 23 125 148 139 161 171 171 159 165 170 164 151 150 160 162 155 150 160 162 159 150 155 164 162 161 159 154 148 148 147 146 149 149 154 153 142 135 134 132 140 151 162 164 164 163 168 171 173 168 169 172 170 167 166 162 160 160 160 149 141 157 154 153 165 166 166 168 171 173 174 173 175 176 176 176
65 61 38 32 30 28 26 27 37 41 96 89 20 12 14 12 11 8 64 99 139 151 162 167 166 163 161 163 163 124 160 172 172 173 170 167 165 164 163 168 168 166 164 164 163 162 162 156 149 148 151 148 149 151 150 153 155 144 153 163 162 158 158 167 172 176 178 176 176 175 174 171 170 169 169 166 156 137 145 143 133 139 146 150 161 168 170 172 176 176 177 179 179
64 43 31 29 28 27 27 28 25 40 37 15 17 16 15 15 13 53 90 137 155 160 161 156 154 162 159 162 170 174 180 181 182 178 171 166 168 172 173 172 170 168 167 165 166 161 161 163 161 149 146 152 155 159 151 142 146 148 153 156 157 159 161 163 168 176 176 175 176 176 176 174 173 172 170 168 163 156 149 142 144 137 123 143 154 164 169 172 175 175 177 178 180
86 36 31 30 27 24 23 22 21 19 17 15 14 15 17 23 63 138 160 162 167 157 149 156 153 160 172 172 176 181 181 179 180 181 174 167 173 175 173 174 175 170 166 168 168 160 161 161 163 156 153 151 156 151 148 150 149 152 155 160 162 160 164 168 169 174 171 167 168 166 169 173 166 166 168 165 164 157 158 153 162 155 145 146 151 161 166 169 174 177 177 179 180
163 128 50 31 30 28 29 29 26 24 21 20 18 19 22 40 48 149 166 147 125 96 145 158 162 165 165 169 175 182 181 172 175 174 176 174 177 174 174 175 175 168 167 169 170 169 163 161 161 161 161 159 157 147 152 157 158 161 164 165 161 155 154 162 169 171 170 166 167 165 161 161 160 154 151 149 154 155 156 159 165 170 165 150 150 156 162 170 173 172 174 172 162
164 165 159 104 58 35 31 29 28 29 27 26 23 23 23 47 57 110 112 68 113 142 156 158 160 160 161 169 179 183 183 173 170 169 171 172 173 175 173 173 170 170 169 169 173 173 168 164 162 164 162 163 159 154 153 157 161 163 165 161 160 152 157 163 167 163 161 162 159 161 161 159 160 156 151 148 151 154 160 157 159 171 174 165 159 164 169 165 161 157 149 159 152
165 166 170 171 160 102 39 32 30 27 27 27 26 23 21 40 97 77 156 167 168 164 163 164 161 161 161 166 181 184 185 176 176 175 176 176 175 173 169 167 166 166 165 169 172 174 170 164 160 163 165 165 164 159 157 152 161 159 163 159 160 161 163 166 167 165 164 165 156 156 157 154 157 157 157 157 160 162 166 155 158 172 176 176 172 162 163 157 149 145 151 157 152
165 166 168 171 173 173 141 134 59 34 30 39 77 78 80 79 112 132 162 172 170 168 167 165 162 161 163 172 183 186 186 182 181 181 182 180 175 171 167 165 164 163 164 166 168 171 169 166 161 162 166 168 167 165 164 163 158 151 146 151 159 161 165 168 167 169 167 168 161 159 154 155 154 158 161 164 162 170 172 167 171 173 173 175 175 167 161 157 153 155 164 166 153
165 166 167 171 174 173 172 172 168 157 144 157 165 172 161 140 151 162 160 171 171 171 167 166 166 168 171 181 184 183 184 181 178 180 180 174 168 169 167 164 163 164 164 165 166 164 164 164 163 162 166 170 166 160 159 157 157 144 141 133 134 145 155 163 170 170 166 169 166 160 155 162 161 162 166 169 174 176 177 178 177 175 171 178 176 171 164 160 169 168 160 145 159
168 167 169 174 175 175 172 171 172 170 166 166 166 170 168 163 159 169 172 172 173 171 169 170 173 176 180 180 172 168 175 175 175 176 177 174 168 165 165 163 160 164 167 162 163 162 164 164 164 166 167 170 172 172 172 169 159 152 152 141 135 138 143 145 157 168 166 167 167 160 161 164 166 168 171 177 181 183 184 182 182 182 182 179 169 164 168 174 165 154 153 157 155
169 171 173 172 172 173 175 175 173 170 166 165 167 168 171 169 169 171 173 174 172 171 169 175 176 175 174 170 163 158 160 166 168 169 171 171 170 167 157 157 158 161 165 166 167 167 170 170 169 168 167 166 167 167 170 172 173 172 165 166 158 146 142 148 154 157 158 157 162 161 161 161 165 168 176 182 185 186 182 185 186 185 180 173 170 178 176 168 179 169 173 157 144
174 175 176 175 175 174 175 -9999 173 170 166 165 165 166 168 168 170 172 172 172 170 163 156 173 166 167 169 165 152 157 162 166 167 167 169 166 158 156 155 160 165 168 169 169 169 168 169 166 164 163 164 166 166 166 166 168 170 172 172 172 168 157 159 154 148 155 147 141 149 155 158 162 168 174 180 182 182 182 184 186 188 186 183 179 179 186 178 182 183 176 157 169 166
168 175 176 175 175 176 176 174 171 168 166 164 164 167 164 168 169 169 171 170 166 153 147 170 176 169 168 161 158 159 164 168 168 164 159 156 152 156 162 166 166 166 166 167 168 167 165 164 162 164 168 165 165 164 164 167 168 169 174 176 171 167 169 169 157 162 161 153 146 144 149 162 175 183 185 186 187 186 188 188 190 186 174 183 188 188 186 186 179 179 170 169 154
161 165 165 178 177 175 173 170 167 167 167 165 165 166 166 167 136 153 162 164 164 144 157 180 184 182 169 167 161 159 161 163 161 156 157 158 161 165 166 165 164 164 164 164 166 165 166 165 165 166 166 164 165 167 168 169 171 173 174 172 171 174 176 181 182 181 180 175 167 163 171 173 176 182 184 182 182 191 192 192 192 181 187 191 192 192 191 190 190 189 189 177 169
161 161 148 129 91 100 105 142 170 168 166 166 168 157 161 83 22 21 76 71 55 91 169 183 183 186 178 151 142 150 156 159 159 161 164 166 163 163 161 162 161 160 160 162 162 164 163 164 165 165 165 166 167 164 166 170 170 169 164 162 164 171 174 174 176 177 175 177 175 177 174 172 170 167 167 171 182 191 191 191 191 193 193 194 195 195 195 194 194 191 188 180 179
168 166 87 36 33 32 37 74 132 148 165 169 172 160 125 28 23 17 19 43 57 98 176 182 182 177 148 136 141 149 152 159 164 166 165 163 166 162 156 157 154 150 154 155 158 164 163 163 160 162 168 172 168 167 165 168 174 167 162 159 163 164 158 159 161 159 158 160 155 152 147 146 152 149 157 169 184 187 187 193 193 195 196 196 196 196 196 196 196 192 183 182 166
167 163 53 37 35 32 30 31 31 56 114 168 164 92 44 27 25 23 20 64 129 169 180 181 178 156 146 138 147 158 159 169 173 176 176 170 170 161 157 149 147 145 150 152 154 161 164 162 156 152 151 162 151 154 146 145 157 165 144 148 147 132 126 128 139 136 146 144 141 130 133 131 126 132 151 173 177 183 190 195 195 196 197 197 197 197 198 198 198 186 183 183 175
166 158 43 37 35 32 28 25 24 70 161 180 176 145 35 27 25 25 33 161 177 176 175 175 179 174 167 165 171 169 171 172 173 173 176 -9999 -9999 166 154 141 143 133 137 141 127 142 144 142 138 131 132 151 147 148 129 132 127 125 129 131 130 126 126 120 125 132 126 133 123 120 125 131 141 130 132 157 162 176 185 191 194 196 197 198 197 196 197 197 196 180 181 184 179
165 155 41 33 33 32 27 22 26 124 166 183 180 106 32 29 26 29 88 159 166 166 161 165 162 160 163 169 171 168 169 167 161 164 161 157 168 157 146 121 130 106 115 117 116 117 128 101 110 135 147 140 130 126 121 128 114 110 139 131 111 112 125 119 104 107 107 114 131 144 148 144 132 146 150 165 167 173 180 187 193 195 196 198 197 194 192 194 189 179 185 188 188
164 161 61 25 28 29 27 26 61 155 154 160 144 89 69 28 20 15 22 62 97 124 143 151 158 167 167 163 163 170 165 169 165 150 136 136 164 137 111 96 91 89 92 121 122 106 126 138 119 99 122 92 104 109 110 113 118 121 116 97 93 91 90 98 109 120 125 138 142 127 150 150 154 164 173 178 180 181 172 180 192 194 197 196 190 181 184 191 192 187 188 190 192
163 164 149 90 92 84 49 58 142 155 156 153 135 84 39 19 14 3 0 -3 56 116 165 166 166 156 151 159 165 168 152 135 125 136 115 140 119 101 122 87 73 86 105 87 83 49 83 112 80 83 80 68 -9999 60 72 56 76 89 77 76 102 116 112 116 126 134 110 132 122 158 168 173 173 177 180 183 184 186 184 187 191 195 196 195 188 186 193 201 190 190 190 191 192
165 167 162 168 178 173 157 150 156 157 157 144 113 65 17 8 4 -7 -4 84 169 167 164 160 157 149 136 128 143 130 136 110 87 95 82 99 137 110 85 68 60 81 79 40 47 61 73 115 88 77 108 71 68 79 101 83 105 99 105 108 119 91 99 127 142 149 125 135 135 133 173 182 180 180 181 183 184 186 188 190 193 194 193 196 194 197 -9999 198 189 190 191 190 191
167 171 179 182 179 182 171 156 157 157 157 129 87 21 14 -1 -8 -6 153 162 160 154 128 118 155 139 127 116 109 70 89 77 78 101 120 134 99 84 60 69 77 69 88 41 53 88 122 97 125 126 132 112 103 101 105 116 129 119 131 137 152 133 128 154 157 166 149 158 148 132 176 180 183 185 186 186 186 189 189 190 193 195 197 -9999 202 200 198 189 189 190 191 189 191
170 183 182 184 184 179 172 156 157 158 158 114 43 21 3 -16 -21 50 165 116 111 81 28 91 104 101 74 -9999 60 51 80 72 80 61 76 86 90 62 67 65 71 73 92 100 111 140 158 138 140 92 96 94 94 115 114 116 127 138 136 141 147 153 160 168 171 165 168 162 165 162 162 165 177 185 187 190 192 192 191 191 193 195 199 199 201 199 196 188 189 190 191 190 192
179 183 186 187 184 175 169 157 158 158 158 105 59 28 -1 -12 60 -9999 -9999 -9999 91 6 21 16 26 19 8 65 71 65 99 98 133 83 89 85 73 63 44 66 72 85 41 72 113 157 177 150 110 94 112 110 127 135 121 141 161 165 156 129 137 126 129 152 143 133 130 138 151 172 151 155 178 188 189 189 191 192 195 194 196 196 198 199 200 200 192 191 190 188 191 192 192
181 175 184 184 181 157 157 159 158 158 157 107 67 9 9 85 94 10 -16 -31 49 11 52 105 88 76 101 -9999 109 104 127 140 135 143 122 161 100 90 105 115 124 98 75 106 110 170 171 131 114 113 119 144 152 144 149 158 150 133 128 120 123 119 137 143 149 139 135 152 170 181 185 185 187 185 186 186 191 192 193 196 197 198 198 200 197 187 186 189 186 183 187 191 191
156 145 171 187 172 152 158 160 157 157 156 105 23 35 78 54 36 22 8 -29 -51 64 10 -24 -9999 -11 -9999 73 148 132 143 148 148 145 162 159 140 123 116 113 119 109 76 141 135 157 171 143 144 159 168 191 179 156 113 116 132 132 133 129 117 102 99 97 96 105 106 101 110 131 149 167 188 196 197 193 193 191 193 194 196 200 201 197 188 188 188 186 184 186 187 190 190
150 137 150 175 162 154 159 160 158 158 160 106 33 65 89 85 17 -22 -14 -24 -69 -62 -9999 -48 -24 -32 1 98 110 125 -9999 135 138 138 155 158 151 138 141 142 145 111 135 143 151 153 153 145 147 172 177 167 165 163 105 133 138 138 138 137 135 120 107 94 104 100 103 102 107 106 108 112 138 191 191 191 195 197 197 198 196 196 195 188 188 189 190 190 187 188 189 190 190
156 129 145 168 166 155 154 159 163 162 160 121 93 110 96 35 21 24 -22 -61 -46 1 76 57 76 55 47 88 121 135 -9999 147 147 150 149 147 146 146 150 145 142 147 145 -9999 146 147 173 174 171 171 167 164 165 151 139 140 141 141 -9999 141 -9999 133 126 104 101 95 89 96 96 100 98 96 101 121 188 199 198 197 197 196 197 192 183 182 185 187 188 189 189 189 188 188 190
135 138 121 161 167 154 152 159 162 158 151 113 114 89 91 40 64 24 -19 -4 -41 -41 -22 -13 37 93 96 134 146 149 142 138 137 134 131 131 133 133 132 134 139 142 -9999 157 148 147 172 169 172 172 171 169 156 139 141 142 -9999 -9999 -9999 -9999 -9999 147 124 115 110 75 78 65 56 51 77 81 102 114 122 176 193 196 192 181 184 184 179 163 167 177 184 186 187 187 188 189 191
130 143 131 144 156 147 129 160 160 156 130 109 103 69 44 71 26 -23 -4 -45 -55 -56 17 65 106 138 153 152 153 129 118 126 130 133 133 134 135 135 134 133 131 130 132 158 167 168 169 170 170 174 173 169 -9999 -9999 -9999 -9999 -9999 -9999 -9999 -9999 149 141 137 114 97 86 59 51 53 59 70 72 71 66 68 79 150 182 184 184 184 180 169 163 173 173 174 179 183 187 188 191 191
141 131 142 152 145 124 131 160 163 133 107 109 78 67 63 -25 -6 9 -35 -19 -20 -26 53 114 149 158 159 156 127 122 128 130 133 135 135 135 136 136 135 134 133 133 134 136 151 156 153 150 149 150 155 147 -9999 -9999 -9999 -9999 -9999 -9999 -9999 -9999 -9999 141 137 132 -9999 -9999 -9999 54 33 49 65 69 68 65 66 60 56 120 174 184 185 184 182 181 177 179 177 178 183 187 188 190 190
143 137 149 134 127 108 134 150 131 121 117 71 38 94 7 3 -40 -43 -42 -12 24 79 109 146 163 161 157 138 118 128 132 134 135 136 135 136 137 137 136 134 134 134 136 138 140 142 144 145 144 144 144 144 144 -9999 -9999 -9999 -9999 -9999 -9999 -9999 -9999 148 139 124 -9999 -9999 105 -9999 55 53 50 57 61 63 61 58 60 64 83 159 171 180 185 186 182 181 183 183 184 187 189 190 190
131 130 136 107 99 131 137 116 127 113 75 41 49 69 22 -22 -50 -42 -3 -7 -27 46 124 160 166 166 144 122 129 133 135 136 133 125 116 120 129 133 131 120 131 133 136 138 141 143 145 146 146 146 145 145 145 145 -9999 -9999 -9999 -9999 -9999 -9999 -9999 -9999 150 -9999 -9999 103 -9999 -9999 63 52 54 41 43 60 59 59 62 63 62 71 133 170 181 183 181 183 180 181 179 185 188 190 190
92 110 95 92 115 124 113 126 125 115 104 78 44 44 31 21 -10 -31 23 -4 -13 21 122 161 163 141 123 128 130 131 135 133 124 107 95 105 107 109 112 89 79 84 88 92 93 93 103 129 149 147 146 146 -9999 -9999 -9999 -9999 -9999 -9999 -9999 -9999 -9999 -9999 -9999 -9999 -9999 107 -9999 -9999 52 34 52 44 36 39 52 37 44 45 58 61 63 131 168 176 178 180 181 182 175 179 176 182 185
