resultados/variables/bio17.asc
ncols 330
nrows 228
xllcorner -12.000000
yllcorner 34.000000
cellsize 0.166667
NODATA_value -9999
[rows 129 to 171 of 228, columns 96 to 191 of 330]
182 194 194 191 192 191 198 203 205 209 233 247 249 247 231 208 187 176 181 155 139 138 156 146 135 143 157 162 145 137 144 159 152 141 151 183 159 128 130 131 133 146 159 159 161 163 155 154 136 133 151 167 168 176 151 124 101 93 90 86 78 74 72 76 77 77 80 85 88 93 96 93 88 97 102 78 82 86 78 81 85 89 91 94 96 98 98 98 100 101 102 102 104 108 107 103
195 206 212 215 206 200 203 201 204 224 243 233 224 214 207 186 179 174 165 145 137 140 142 146 141 144 171 153 137 134 133 139 143 142 147 149 130 126 128 128 125 125 127 129 143 159 160 150 147 136 127 125 118 114 138 118 98 96 96 90 76 68 66 67 70 73 75 78 81 83 84 82 82 87 108 94 96 110 105 100 101 94 93 95 95 95 97 100 101 103 103 103 105 111 112 105
200 217 223 218 211 216 211 219 242 226 221 207 193 191 173 162 154 150 142 140 148 155 138 144 138 120 121 127 133 129 134 145 154 144 131 127 128 127 128 127 128 123 135 136 132 137 158 158 137 122 106 121 138 131 129 119 113 107 99 92 82 70 66 68 71 73 74 76 79 80 80 80 79 80 84 90 98 97 108 128 107 100 95 94 94 94 99 102 105 106 105 104 104 105 101 98
192 215 232 229 228 232 239 247 249 239 220 197 180 167 153 145 141 135 144 154 144 153 139 115 115 110 111 124 136 134 130 144 158 139 130 131 126 119 128 133 127 124 143 141 140 134 144 143 138 120 124 124 120 124 123 120 112 106 105 94 84 79 73 77 81 82 86 83 81 87 87 82 83 80 84 82 86 79 89 103 105 104 97 95 95 93 96 103 107 109 111 111 109 107 102 102
177 193 204 206 205 216 227 240 243 232 213 190 178 172 158 154 157 164 175 160 144 134 128 130 125 120 116 126 151 147 149 142 145 135 139 132 126 123 136 135 128 126 130 140 141 139 134 127 124 121 136 123 113 113 113 111 110 116 122 120 103 90 85 85 89 88 90 94 95 95 100 102 102 93 89 86 83 79 76 84 103 107 104 100 94 95 102 109 120 136 137 131 136 122 122 115
153 163 172 187 196 203 204 212 217 212 201 190 181 174 167 169 178 171 167 161 148 138 140 143 134 123 122 127 152 160 162 155 152 146 140 138 133 134 132 133 133 128 130 135 139 137 129 127 120 122 128 130 121 118 118 118 125 126 138 127 114 104 106 106 102 104 101 100 101 98 101 104 106 99 93 84 88 87 78 79 91 101 98 96 104 114 127 147 139 153 152 160 159 159 134 123
136 148 158 165 175 186 196 197 195 193 191 191 179 166 172 167 163 162 162 156 143 141 144 152 151 129 129 130 150 148 148 144 140 141 143 145 145 142 140 140 135 132 128 132 139 142 132 125 121 121 126 131 143 129 135 132 139 138 135 130 121 116 114 111 107 116 113 110 112 106 104 102 99 93 88 81 93 92 81 81 85 92 105 107 119 137 148 147 144 156 165 167 155 137 134 128
130 139 148 158 160 169 178 180 182 171 171 171 173 168 169 169 162 163 163 155 149 150 155 157 149 136 135 135 139 136 133 127 128 135 140 144 143 144 143 141 140 137 132 136 137 142 137 126 121 122 126 129 134 146 163 176 167 152 147 138 130 127 120 117 112 116 116 120 115 115 107 101 96 95 84 78 84 83 86 90 91 94 104 115 124 135 138 132 134 154 172 160 150 164 209 205
134 132 139 148 152 157 162 168 163 163 154 161 167 168 169 172 165 161 156 158 153 149 148 150 138 139 142 143 140 138 127 123 134 141 135 137 139 141 141 140 142 139 145 143 141 139 139 131 122 130 140 146 154 159 191 199 216 212 187 167 150 135 128 127 118 118 121 124 113 111 108 102 97 90 85 79 78 85 90 98 94 99 106 116 125 119 123 139 162 147 156 160 148 139 146 147
127 128 131 140 145 145 148 153 149 148 144 152 154 161 167 164 161 155 153 153 145 138 134 132 135 140 158 156 152 140 125 118 122 134 137 134 137 144 139 135 146 145 147 144 141 139 135 132 129 128 131 136 146 169 186 190 214 223 214 201 191 166 141 136 129 124 128 122 116 111 107 103 96 91 88 86 88 90 93 96 101 112 119 117 112 127 144 150 147 151 181 175 185 191 167 155
132 134 135 133 135 139 143 147 144 139 140 138 151 161 163 161 156 155 151 151 131 123 121 125 133 168 199 200 173 152 137 121 121 124 128 147 148 148 145 140 140 140 139 135 132 131 132 136 140 142 146 148 151 156 165 183 184 197 214 215 200 183 168 157 152 136 132 127 124 116 112 104 98 96 95 98 97 97 100 107 113 116 110 113 123 114 128 126 147 164 152 138 149 136 131 136
130 133 135 134 -9999 137 142 147 147 148 148 149 158 163 164 162 160 160 173 184 133 112 115 125 151 232 218 197 174 153 140 127 136 153 152 149 142 137 136 136 138 139 141 139 140 140 141 143 144 150 156 162 168 174 178 187 191 198 211 202 203 202 179 183 182 161 145 136 127 118 111 106 106 107 109 107 106 106 110 113 115 113 105 113 110 111 121 146 134 137 134 131 138 140 124 104
136 138 135 136 138 143 148 151 157 159 157 168 168 171 175 170 169 170 197 196 146 110 118 139 178 216 215 194 171 157 161 170 170 173 156 142 136 139 143 145 146 144 147 149 148 145 141 141 150 157 165 173 180 189 197 198 200 209 211 199 189 196 174 164 168 170 166 152 130 114 106 105 108 111 114 112 111 111 118 126 115 108 105 107 107 116 118 131 133 141 133 142 130 108 96 91
138 141 144 148 150 155 154 156 163 168 172 178 181 187 187 186 190 183 202 182 113 112 127 173 190 212 214 201 195 199 201 183 170 156 146 144 146 149 152 153 154 153 154 153 152 150 148 150 156 161 164 173 184 195 205 214 223 224 214 196 173 159 149 141 140 142 141 125 119 115 109 110 115 119 114 112 111 112 122 115 109 105 103 103 104 105 108 110 116 118 122 122 108 100 95 94
147 152 155 159 157 155 159 167 175 175 186 188 196 204 214 213 231 256 246 153 101 118 143 181 248 270 237 215 220 214 191 171 160 162 161 162 160 161 162 163 162 163 161 162 161 160 158 157 158 161 172 179 187 200 218 241 252 249 230 207 187 169 157 149 139 133 125 122 121 122 125 126 124 118 112 111 110 110 109 107 105 102 100 99 99 101 106 106 107 109 110 104 101 98 97 96
159 167 164 161 163 164 171 176 181 181 186 189 200 210 226 239 244 260 250 135 106 121 168 254 287 275 237 225 212 192 176 174 173 169 174 179 175 175 177 173 174 172 165 165 163 165 162 156 154 161 170 181 190 196 223 248 266 266 255 243 220 199 187 177 163 161 157 159 155 143 145 136 125 112 110 109 105 104 104 103 101 99 98 97 96 99 103 104 106 121 110 105 103 100 99 105
165 172 175 172 173 176 181 182 180 186 193 198 206 218 222 225 244 228 179 139 128 142 226 262 287 259 222 214 185 171 160 156 170 176 189 189 188 184 182 177 177 175 167 162 161 165 166 167 161 175 180 197 211 212 222 261 273 284 288 284 266 236 225 196 187 182 190 179 176 179 168 142 118 114 108 102 97 98 98 98 97 95 95 95 96 98 104 105 107 113 104 101 98 93 91 89
170 178 178 177 179 180 175 173 177 184 191 201 218 225 221 223 216 198 181 168 162 149 169 199 209 199 205 199 188 181 174 166 -9999 -9999 201 197 194 186 186 182 179 189 176 171 170 170 175 175 163 171 176 205 214 236 253 264 274 284 286 277 271 251 227 224 202 207 204 189 174 157 170 165 132 125 109 100 95 94 94 94 93 94 96 97 99 101 107 108 108 112 100 98 96 91 88 86
175 176 173 176 186 184 167 166 174 184 198 214 220 224 231 229 223 222 211 213 197 206 212 209 200 199 210 206 204 208 196 196 200 200 206 198 198 184 206 191 188 189 187 168 202 186 163 155 159 171 184 197 205 233 251 239 257 281 282 265 263 271 257 247 226 193 164 153 155 169 147 141 123 119 110 95 91 91 92 92 91 93 99 102 104 106 108 105 105 105 97 91 93 91 88 88
188 181 172 172 180 175 160 166 176 191 203 214 234 243 252 257 257 267 274 256 238 219 194 199 211 216 204 213 203 206 222 232 229 199 203 210 222 223 227 215 173 176 199 162 153 175 189 166 200 192 192 199 211 210 222 237 264 274 280 280 270 252 231 214 186 173 189 150 145 138 125 116 111 106 101 91 89 91 93 93 94 101 112 112 109 104 104 104 102 99 95 91 91 92 89 88
187 170 165 172 180 163 163 168 180 193 206 228 249 261 282 286 300 282 246 195 195 196 224 240 221 210 209 238 263 273 250 272 220 227 234 193 224 251 217 182 203 213 283 203 150 204 204 214 235 -9999 261 243 277 249 239 259 265 248 244 247 240 223 205 229 194 203 146 126 115 115 115 115 112 108 101 95 94 96 96 97 99 107 111 109 105 105 103 103 102 99 96 93 92 92 91 90
170 162 173 169 162 160 165 173 183 195 219 256 280 285 306 311 259 193 189 194 204 214 240 277 298 262 290 271 313 351 320 328 273 196 200 224 261 269 209 206 301 274 234 204 134 173 200 148 213 222 207 185 226 200 214 219 228 226 241 242 222 198 177 206 190 187 185 130 116 119 123 124 120 114 108 104 102 101 102 104 104 107 107 -9999 107 107 106 103 103 100 97 95 94 94 93 92
155 160 161 165 160 161 169 177 186 208 243 264 297 307 302 226 219 211 215 249 285 218 265 298 323 335 413 363 377 361 291 238 203 228 229 275 239 205 217 172 277 248 186 122 137 120 118 113 132 147 160 166 170 174 194 198 207 216 222 222 192 173 150 175 165 176 192 140 134 131 130 128 125 121 115 112 110 108 108 108 -9999 106 109 111 111 109 107 105 105 102 99 97 96 96 95 93
149 153 161 160 161 165 171 179 196 230 248 288 308 316 248 216 230 250 270 333 320 324 340 380 -9999 430 442 369 374 341 364 307 264 233 279 243 232 200 193 170 151 132 103 100 103 104 142 140 151 156 143 151 164 172 181 195 209 223 220 205 184 161 163 162 170 168 170 166 161 149 139 135 130 125 121 119 118 116 114 112 112 111 113 113 112 111 109 107 106 103 101 100 99 97 96 95
144 151 161 164 168 164 173 182 212 234 258 287 296 233 -9999 -9999 -9999 240 318 344 386 409 436 462 395 401 405 319 305 242 302 274 260 266 264 299 224 194 168 258 172 109 97 102 93 113 132 125 128 126 135 147 159 178 196 203 209 221 222 222 211 210 215 214 208 196 176 190 184 160 147 142 138 134 130 125 123 121 120 118 117 116 115 113 111 111 112 109 106 105 104 103 101 99 97 94
143 151 172 177 161 163 173 185 213 239 274 283 228 215 258 294 325 266 321 307 280 319 356 335 -9999 311 305 254 230 229 214 210 181 214 220 181 152 127 141 162 115 101 113 104 94 106 114 122 123 137 142 157 188 201 222 219 223 227 223 226 224 208 206 212 210 200 188 179 173 165 161 154 150 142 138 134 129 127 125 123 121 120 119 117 114 115 117 113 109 108 108 106 104 101 98 93
132 149 173 167 152 166 178 189 216 264 263 240 247 249 255 266 317 375 277 356 423 -9999 443 -9999 374 215 239 216 199 200 196 188 177 169 161 158 145 126 137 160 102 117 121 110 106 112 116 137 164 163 158 210 240 241 239 235 231 232 233 232 232 230 232 231 224 217 211 198 193 178 163 155 151 147 144 140 138 134 130 128 126 124 120 118 117 117 115 115 114 112 111 109 107 103 100 95
132 147 165 153 151 165 176 185 223 258 241 231 235 268 300 296 319 409 415 -9999 442 435 454 413 276 231 193 -9999 197 201 188 183 170 156 149 139 130 127 119 110 105 127 122 103 105 107 132 157 174 203 220 236 241 242 241 237 232 228 229 234 243 247 250 252 246 234 223 210 195 184 170 170 160 150 146 144 141 141 139 135 131 128 124 120 116 115 117 118 118 117 115 113 110 107 103 100
125 134 159 163 152 155 171 189 200 223 210 223 257 265 261 303 378 374 347 281 307 275 309 315 222 181 181 -9999 200 202 198 192 183 170 158 147 145 127 126 122 -9999 118 111 127 159 168 187 191 192 199 208 218 226 231 233 -9999 230 -9999 231 240 253 260 264 263 263 255 241 231 223 207 183 167 158 154 151 150 150 147 146 144 140 135 130 126 123 121 122 124 125 124 121 117 114 111 108 105
125 129 158 165 156 163 187 203 216 209 230 222 248 232 263 311 309 373 394 394 399 344 222 211 160 162 173 186 196 197 194 190 186 176 167 160 156 149 147 -9999 142 136 131 150 189 207 200 193 186 181 187 200 211 -9999 -9999 -9999 -9999 -9999 222 246 261 271 264 272 276 272 261 235 225 206 192 181 172 163 158 157 159 155 154 154 157 150 141 134 130 129 130 132 133 131 127 122 118 115 113 111
137 137 162 183 162 176 198 219 230 230 241 246 231 263 309 296 359 386 402 346 279 195 146 139 144 154 167 179 189 193 190 187 183 174 165 161 161 162 159 154 149 140 144 163 182 190 191 185 177 -9999 -9999 -9999 -9999 -9999 -9999 -9999 -9999 219 231 243 263 274 279 278 285 282 273 251 234 221 210 196 184 177 169 166 165 165 164 166 164 154 149 144 139 137 137 139 140 138 132 127 122 119 118 117
125 148 185 178 169 178 201 223 220 229 233 236 308 288 281 341 335 349 369 296 175 135 133 133 139 150 164 178 189 194 194 189 181 169 160 159 161 164 163 159 154 147 148 157 167 173 172 170 165 -9999 -9999 -9999 -9999 -9999 -9999 -9999 -9999 -9999 228 243 245 -9999 -9999 -9999 284 287 286 267 250 237 226 210 203 198 189 180 176 174 172 169 165 160 153 149 146 144 144 144 144 141 136 131 126 123 123 123
146 165 182 181 178 181 193 203 237 249 213 275 284 331 337 340 315 297 242 194 139 132 126 124 130 143 163 180 188 191 190 186 176 164 155 157 163 168 168 165 160 154 151 152 153 153 154 155 154 154 -9999 -9999 -9999 -9999 -9999 -9999 -9999 -9999 207 224 227 -9999 -9999 238 -9999 282 281 280 268 255 241 229 220 207 197 194 191 190 184 179 173 167 161 155 152 151 150 150 148 145 140 135 130 128 129 130
170 181 172 179 188 181 201 234 249 243 225 255 304 345 341 289 300 332 272 167 135 132 127 121 127 145 161 169 175 181 189 194 182 161 149 154 163 171 175 173 167 161 155 150 144 138 140 144 146 148 152 -9999 -9999 -9999 -9999 -9999 -9999 -9999 -9999 190 -9999 -9999 221 -9999 -9999 260 269 264 275 269 248 242 231 219 210 205 199 199 196 191 183 175 169 164 161 159 158 156 154 151 146 141 135 131 132 133
177 177 176 181 175 178 190 203 221 239 237 243 249 287 317 259 293 311 282 172 140 135 130 126 131 141 151 159 168 180 195 200 187 180 174 162 159 164 168 171 172 168 161 152 143 135 136 139 141 -9999 -9999 -9999 -9999 -9999 -9999 -9999 -9999 -9999 -9999 -9999 -9999 -9999 203 -9999 -9999 256 276 253 259 266 260 246 255 241 231 217 210 206 202 197 188 181 176 172 169 167 165 163 161 158 154 149 144 141 140 140
173 164 167 176 165 171 188 207 212 222 223 237 213 231 241 241 297 328 276 208 153 143 140 136 144 143 146 161 175 178 193 196 194 187 174 166 171 169 168 170 167 166 164 158 150 144 141 140 139 138 -9999 -9999 -9999 -9999 -9999 -9999 -9999 -9999 -9999 -9999 -9999 -9999 -9999 -9999 -9999 -9999 253 244 237 250 251 254 238 244 243 234 218 215 207 197 189 181 179 178 177 173 174 172 168 166 162 158 155 151 149 148
161 153 157 160 152 160 177 187 194 206 193 197 196 200 233 263 266 285 258 210 162 147 140 136 144 137 144 162 -9999 -9999 164 163 169 169 171 165 179 174 170 170 173 170 169 165 162 155 150 146 143 139 -9999 -9999 -9999 -9999 -9999 -9999 -9999 -9999 -9999 -9999 -9999 -9999 -9999 -9999 -9999 -9999 184 225 240 230 234 242 233 236 242 245 232 221 212 198 196 195 189 182 184 181 181 180 178 174 172 168 164 161 158 156
151 144 146 140 137 140 151 173 185 193 187 169 191 211 218 257 276 257 249 239 197 189 200 179 150 140 123 -9999 -9999 -9999 -9999 -9999 -9999 140 141 138 148 169 176 176 174 171 169 170 169 162 156 153 149 146 -9999 -9999 -9999 -9999 -9999 -9999 -9999 -9999 -9999 -9999 -9999 -9999 -9999 -9999 -9999 -9999 -9999 166 174 201 206 217 226 230 235 237 238 233 217 209 201 202 192 191 189 190 187 186 184 183 182 178 174 169 166 163
135 136 135 132 125 123 131 161 178 183 181 164 163 169 195 210 216 207 197 223 248 197 195 148 117 -9999 -9999 -9999 -9999 -9999 -9999 -9999 -9999 -9999 -9999 126 138 157 153 164 169 169 168 168 168 169 165 160 158 154 151 -9999 -9999 -9999 -9999 -9999 -9999 -9999 -9999 -9999 -9999 -9999 -9999 -9999 -9999 -9999 -9999 -9999 159 165 180 175 187 200 227 232 232 234 239 229 195 206 208 204 206 201 199 194 195 194 191 186 182 178 172 169
126 123 121 117 114 112 117 129 141 146 143 139 149 170 173 176 161 148 141 140 155 133 131 113 102 -9999 -9999 -9999 -9999 -9999 -9999 -9999 -9999 -9999 -9999 -9999 -9999 129 139 142 147 147 152 156 155 163 172 166 167 165 163 162 162 -9999 -9999 -9999 -9999 -9999 -9999 -9999 -9999 -9999 -9999 -9999 -9999 -9999 -9999 -9999 -9999 149 153 157 167 181 195 222 213 222 238 231 231 222 234 222 220 218 212 212 208 205 201 199 192 186 180 178
117 113 110 105 104 106 108 114 118 123 119 127 133 148 153 156 158 151 128 105 115 -9999 -9999 -9999 -9999 -9999 -9999 -9999 -9999 -9999 -9999 -9999 -9999 -9999 -9999 -9999 -9999 -9999 123 130 131 138 143 146 147 161 158 169 176 178 173 172 174 167 165 -9999 -9999 -9999 -9999 -9999 -9999 -9999 -9999 -9999 -9999 -9999 -9999 -9999 -9999 -9999 -9999 140 153 165 188 182 195 206 212 217 235 224 218 227 234 236 229 229 224 222 219 215 204 191 185 185
110 105 101 97 95 93 91 94 101 110 113 113 115 118 122 116 108 102 96 -9999 -9999 -9999 -9999 -9999 -9999 -9999 -9999 -9999 -9999 -9999 -9999 -9999 -9999 -9999 -9999 -9999 -9999 -9999 115 120 126 133 136 140 141 141 148 154 157 174 181 184 187 179 172 167 163 -9999 -9999 -9999 -9999 -9999 -9999 -9999 -9999 -9999 -9999 -9999 -9999 -9999 -9999 -9999 142 146 154 166 170 189 196 206 224 236 217 237 230 245 247 240 235 237 233 228 223 211 199 196
-9999 -9999 -9999 -9999 -9999 -9999 -9999 82 90 96 105 102 99 96 94 96 -9999 -9999 -9999 -9999 -9999 -9999 -9999 -9999 -9999 -9999 -9999 -9999 -9999 -9999 -9999 -9999 -9999 -9999 -9999 -9999 -9999 -9999 109 116 119 128 127 129 132 132 133 143 156 161 179 193 197 189 186 174 164 157 -9999 -9999 -9999 -9999 -9999 -9999 -9999 -9999 -9999 -9999 -9999 -9999 -9999 -9999 -9999 -9999 -9999 -9999 153 165 183 180 194 203 207 217 229 237 247 252 238 244 247 242 235 229 220 212
