resultados/variables/bio17.asc
ncols 330
nrows 228
xllcorner -12.000000
yllcorner 34.000000
cellsize 0.166667
NODATA_value -9999
[rows 86 to 128 of 228, columns 192 to 287 of 330]
-9999 -9999 -9999 -9999 -9999 -9999 -9999 -9999 -9999 -9999 -9999 96 96 97 98 96 -9999 -9999 -9999 -9999 -9999 -9999 -9999 -9999 -9999 -9999 96 98 100 101 101 100 100 101 101 101 100 99 98 97 97 99 99 99 98 96 96 95 95 96 96 97 97 97 98 98 99 99 96 93 92 91 89 88 86 84 82 81 79 78 78 79 79 81 85 90 95 99 101 103 104 104 102 100 97 94 -9999 87 86 86 86 86 83 82 80 80
-9999 -9999 -9999 -9999 -9999 -9999 -9999 -9999 -9999 97 98 98 98 99 100 98 96 95 -9999 -9999 -9999 -9999 -9999 -9999 -9999 -9999 97 98 100 101 102 102 103 104 107 107 105 103 101 99 98 100 99 98 97 97 96 95 95 96 96 97 97 97 99 101 102 99 96 93 93 91 89 88 85 84 82 81 80 79 78 76 77 80 85 91 95 97 98 100 101 101 100 99 97 94 90 88 87 86 86 86 84 83 81 80
-9999 -9999 -9999 -9999 -9999 -9999 -9999 -9999 -9999 99 100 100 100 100 100 101 99 97 -9999 -9999 -9999 -9999 -9999 -9999 -9999 -9999 96 98 99 101 103 105 108 112 113 113 110 107 103 101 100 98 98 97 97 97 95 95 96 96 96 97 97 98 98 99 98 96 94 93 92 91 89 88 86 84 83 81 80 79 78 78 81 85 88 90 93 95 96 98 99 100 99 100 97 94 92 89 86 86 86 85 84 83 82 80
-9999 -9999 -9999 -9999 -9999 -9999 -9999 -9999 100 101 102 102 102 103 103 102 101 99 98 96 -9999 -9999 -9999 -9999 -9999 96 96 97 99 102 104 109 111 112 114 115 113 108 105 102 100 98 97 97 97 97 96 96 96 96 96 97 97 97 97 96 96 95 94 94 92 91 89 88 86 84 83 82 81 81 81 83 85 86 88 90 92 95 95 96 97 98 98 97 96 94 92 89 88 86 85 85 84 83 82 81
-9999 -9999 -9999 -9999 -9999 -9999 -9999 101 102 103 106 106 104 105 106 105 104 101 99 97 96 95 95 96 95 95 96 97 98 99 102 105 107 110 112 114 112 109 103 101 99 98 97 97 97 96 96 96 96 96 97 97 97 97 98 101 101 99 97 95 93 91 89 88 86 85 84 84 86 87 86 86 86 87 89 90 91 93 95 95 95 97 97 96 96 93 92 90 88 87 85 85 84 83 83 82
-9999 -9999 -9999 -9999 -9999 -9999 101 102 104 105 107 107 106 107 108 108 107 103 100 98 95 95 95 95 96 95 96 96 96 98 100 102 104 106 108 108 107 105 103 101 99 98 97 97 97 96 96 96 97 97 97 97 97 98 101 102 102 102 100 98 96 91 90 88 88 87 86 85 87 87 86 88 88 88 89 90 92 94 95 96 95 96 95 95 94 93 93 91 89 88 86 85 85 84 84 84
-9999 -9999 -9999 -9999 -9999 -9999 101 104 105 108 111 110 109 110 110 110 108 105 102 98 95 94 95 94 94 94 94 94 95 96 98 100 102 103 104 105 105 103 102 100 99 98 98 98 98 97 97 96 97 97 97 98 99 99 101 101 102 102 101 98 96 92 91 89 88 88 87 89 89 88 88 89 90 90 90 91 92 94 95 96 95 95 95 94 94 94 93 91 90 88 88 87 86 86 86 87
-9999 -9999 -9999 -9999 -9999 -9999 103 105 107 109 113 114 112 111 110 110 108 105 102 98 96 94 94 94 94 94 93 93 94 95 97 99 101 103 103 103 103 101 101 99 99 99 98 98 98 97 97 97 97 97 98 99 100 100 101 101 101 101 101 100 97 94 92 90 90 89 90 91 91 90 89 90 90 91 91 92 93 94 95 96 95 95 94 93 94 93 93 92 90 90 88 88 88 87 87 87
-9999 -9999 -9999 -9999 -9999 -9999 104 106 108 110 113 116 116 114 113 111 109 106 102 98 95 94 94 94 93 92 92 92 92 94 96 99 100 102 103 104 102 101 100 99 99 99 98 98 98 99 98 98 98 98 99 100 101 101 102 102 102 101 102 101 99 97 95 94 93 93 93 92 91 91 91 91 91 91 92 92 93 93 94 94 95 95 95 93 93 92 92 91 90 90 90 89 88 88 88 88
-9999 -9999 -9999 -9999 -9999 -9999 106 108 111 113 117 120 120 119 117 114 111 107 103 98 95 94 93 93 92 92 91 92 92 94 96 98 100 102 104 104 103 101 100 99 98 98 98 98 98 97 97 97 97 98 -9999 101 102 103 103 103 103 103 102 101 100 98 97 96 95 94 95 -9999 93 93 93 92 92 92 92 93 93 93 94 95 95 95 95 94 92 92 92 92 92 91 91 91 91 91 91 91
-9999 -9999 -9999 -9999 -9999 -9999 106 109 112 115 118 122 124 123 121 117 113 108 104 98 95 95 94 93 93 92 92 92 92 94 96 99 101 104 104 104 104 102 100 98 98 98 98 97 97 96 96 96 97 99 100 102 103 104 -9999 104 104 104 103 102 101 100 98 98 97 96 96 96 95 95 94 94 94 94 94 93 94 94 94 95 95 95 95 94 92 92 92 92 92 93 93 93 93 93 93 93
-9999 -9999 -9999 -9999 -9999 -9999 107 109 112 117 120 123 125 127 124 120 113 110 106 102 98 97 96 94 93 93 92 92 93 95 97 99 102 105 104 105 -9999 103 101 100 99 99 -9999 96 96 95 96 96 97 99 101 103 104 104 105 104 104 104 104 105 104 102 101 99 98 97 97 97 96 96 97 96 96 96 95 95 96 96 96 96 95 95 95 94 93 92 92 92 92 92 93 93 93 94 94 94
-9999 -9999 -9999 -9999 -9999 -9999 -9999 107 110 115 120 122 125 127 124 119 115 111 107 105 102 99 97 95 94 93 92 92 92 94 97 101 104 106 108 107 106 104 102 100 99 98 97 97 96 96 97 97 99 101 103 105 105 106 106 105 105 105 105 106 106 103 102 101 99 98 98 97 98 99 99 99 98 98 98 97 97 96 96 96 95 94 94 94 93 93 92 92 92 92 93 94 95 95 95 95
-9999 -9999 -9999 -9999 -9999 -9999 -9999 106 109 113 117 121 122 121 119 115 112 109 107 105 103 100 98 96 94 94 93 92 91 93 98 102 106 108 109 108 106 105 103 101 100 99 98 97 96 96 98 99 101 103 105 106 107 106 106 106 105 105 105 106 106 104 103 102 99 98 98 99 100 100 100 101 101 101 101 99 98 97 97 96 95 94 94 95 94 94 93 93 93 93 93 95 96 96 95 96
-9999 -9999 -9999 -9999 -9999 102 -9999 -9999 109 112 115 118 118 115 113 109 107 105 104 104 102 100 98 97 96 95 94 92 91 95 100 104 107 108 109 107 -9999 107 104 102 100 99 98 98 98 99 101 103 105 107 108 108 108 108 107 107 106 105 105 105 105 105 104 103 101 101 99 100 100 100 101 103 104 103 101 100 98 97 97 95 94 93 94 94 94 94 94 93 93 94 93 95 96 96 96 97
-9999 -9999 -9999 -9999 -9999 -9999 -9999 107 108 111 113 115 114 111 109 106 103 102 101 101 100 99 99 99 98 97 95 95 96 99 103 106 109 109 109 108 109 108 106 104 103 101 101 100 101 102 104 105 107 109 111 111 110 109 108 107 107 106 105 105 105 105 104 103 102 101 101 101 101 102 103 105 105 104 103 100 98 97 96 95 94 93 93 93 94 94 93 92 92 93 93 95 96 96 97 97
110 112 113 113 111 -9999 -9999 108 108 109 111 112 111 108 105 102 99 98 98 98 98 98 99 100 99 99 98 99 100 103 107 110 110 110 109 109 108 106 106 105 104 103 103 103 103 105 106 107 108 110 111 112 112 110 109 107 107 106 105 105 104 103 101 101 100 100 99 100 101 102 104 107 108 106 103 100 97 97 96 94 93 93 93 93 93 93 92 92 92 92 92 94 95 96 96 97
109 112 115 117 114 110 108 108 108 108 109 109 107 105 102 98 95 94 94 93 94 96 98 99 99 100 102 103 106 108 112 113 112 112 113 110 108 106 105 105 104 104 104 104 105 106 107 108 109 110 110 111 111 112 110 107 107 108 107 105 105 103 101 99 98 98 97 98 100 103 105 108 109 105 102 99 98 96 96 95 93 92 92 92 91 91 92 93 93 93 92 93 94 95 95 96
-9999 111 113 115 113 110 108 107 106 106 106 105 104 102 99 96 95 93 91 91 91 93 95 97 99 101 104 107 109 112 115 115 116 115 113 112 109 107 106 105 104 104 106 106 106 107 108 110 110 109 110 111 111 110 109 108 108 107 107 105 104 102 99 98 97 96 96 97 100 102 104 107 107 105 102 99 98 96 95 94 92 91 91 92 91 92 93 93 93 93 93 94 95 95 96 96
111 113 115 113 112 109 107 105 105 105 105 105 103 101 100 99 -9999 96 92 89 88 90 92 95 99 103 105 107 110 112 114 115 116 115 114 112 110 110 107 105 104 104 106 107 109 110 110 111 109 108 108 109 109 108 108 107 107 107 105 104 102 100 98 97 95 94 95 97 99 101 102 103 104 102 100 98 96 95 93 93 92 92 91 92 92 92 92 93 93 94 94 95 95 96 97 97
109 110 111 110 108 106 104 104 103 104 104 103 102 103 101 98 97 93 91 88 87 88 91 95 98 102 104 107 110 112 114 115 115 115 114 112 111 109 109 108 107 107 108 109 112 114 112 110 107 106 106 106 106 106 106 106 105 104 103 102 101 98 97 95 94 92 92 95 97 98 100 101 101 99 98 96 94 93 92 91 91 91 90 91 90 91 92 92 93 94 94 95 95 97 97 98
105 105 105 106 106 106 104 103 103 103 102 101 101 99 98 95 93 90 88 87 87 88 91 95 98 101 104 107 110 112 113 114 114 113 110 109 108 106 106 108 108 109 112 112 113 114 112 108 105 103 103 103 103 103 103 103 103 103 101 100 100 98 95 94 93 93 92 95 96 98 98 99 99 98 96 94 92 91 91 91 89 89 89 89 90 90 90 92 93 94 94 95 96 97 96 97
104 103 102 103 103 104 104 102 102 100 99 99 98 95 94 92 91 89 88 88 88 90 92 95 99 102 104 107 110 111 112 113 112 110 109 108 106 105 105 106 107 110 112 113 113 113 110 -9999 103 100 100 100 100 101 101 101 101 100 100 99 98 96 94 94 93 93 93 94 95 96 97 97 97 96 95 94 92 90 90 91 90 89 88 89 89 89 89 92 92 93 93 95 96 96 97 99
100 100 98 99 100 101 100 99 99 97 -9999 95 94 93 91 90 89 88 88 89 90 93 95 96 98 101 104 107 110 111 112 112 110 110 110 108 104 104 104 105 106 108 109 110 110 109 105 100 97 96 97 98 98 98 99 99 99 99 98 97 96 95 94 93 93 93 93 94 94 95 95 95 96 95 94 93 91 91 90 89 90 89 88 88 87 88 89 91 92 93 95 95 97 97 99 99
100 99 97 97 96 96 96 95 95 94 -9999 92 93 91 90 89 88 88 89 92 93 95 97 98 99 100 104 107 110 111 111 111 111 110 112 109 105 102 102 102 103 104 105 105 105 104 100 96 92 92 93 95 96 96 97 97 98 98 97 96 96 94 94 93 93 92 93 93 94 95 95 96 96 96 94 93 92 91 91 91 90 89 88 88 87 88 88 90 92 93 95 95 97 97 99 99
97 97 96 94 92 91 91 90 89 89 88 89 89 90 88 88 90 91 91 93 94 96 98 97 98 101 103 105 107 109 111 113 113 110 109 106 103 101 101 102 101 102 102 102 102 100 98 94 91 91 92 93 95 95 96 96 96 97 96 96 96 94 94 93 93 93 93 94 95 95 96 96 96 95 94 93 92 92 91 91 90 90 89 88 87 87 88 91 92 93 94 96 97 98 99 99
93 92 92 89 88 86 86 85 85 85 85 85 86 87 87 86 88 90 92 94 95 96 97 98 101 102 104 107 107 110 111 113 113 110 106 103 100 99 100 99 100 100 101 101 100 98 96 94 92 92 92 92 94 94 95 95 96 96 96 95 95 95 94 94 94 93 94 95 95 95 96 95 95 95 95 94 93 93 93 92 91 90 89 88 88 87 88 91 92 94 96 97 98 99 100 100
89 88 87 86 85 83 81 81 81 81 82 83 84 84 85 87 88 89 92 94 95 95 96 98 100 102 104 107 108 109 112 113 112 109 104 100 97 97 98 99 99 99 99 98 98 96 95 94 92 92 92 93 94 94 95 95 95 96 95 95 95 95 95 95 95 94 95 95 95 96 96 97 97 97 96 95 95 95 94 93 93 91 91 91 89 89 90 92 94 95 97 98 99 100 101 101
85 84 83 81 80 78 78 78 77 78 79 80 82 83 84 86 87 89 90 92 93 94 95 97 98 101 103 104 106 107 109 110 109 105 102 98 97 96 96 96 97 97 97 97 97 95 94 94 93 94 94 93 94 95 95 95 95 95 96 96 95 95 94 95 95 94 95 96 96 97 98 97 97 98 97 98 97 97 96 94 93 93 93 92 91 92 93 94 95 96 98 99 100 101 101 101
84 81 79 78 76 75 73 73 74 76 77 78 79 80 82 84 86 88 90 91 92 93 94 96 97 98 100 102 104 105 106 106 104 102 99 96 95 94 94 95 94 95 96 95 95 95 94 94 94 94 94 94 94 96 96 96 96 96 97 97 96 96 96 96 96 95 95 96 97 98 98 99 99 99 99 99 99 99 97 96 95 96 95 95 94 95 95 96 97 99 99 101 102 102 102 102
83 80 78 75 73 71 70 71 72 73 75 76 77 79 80 83 86 88 88 90 91 91 92 94 95 97 98 99 101 102 102 102 101 99 97 95 94 93 93 93 93 94 95 95 95 95 95 95 95 95 95 95 95 96 97 97 97 97 97 97 97 97 96 96 96 96 96 97 99 99 100 101 101 101 101 101 100 99 99 97 98 98 96 96 96 97 98 98 99 100 101 103 103 103 104 104
80 78 76 73 70 67 67 69 71 72 74 75 77 79 79 81 84 86 88 88 88 89 90 91 93 95 96 97 98 99 99 99 98 96 95 93 92 92 92 92 93 94 94 95 95 95 95 -9999 96 96 96 96 97 97 98 98 99 99 98 98 99 99 98 98 97 96 97 99 100 101 102 103 103 103 102 101 102 102 101 100 99 99 99 98 99 99 99 100 101 102 103 104 105 105 105 106
79 77 75 73 71 70 68 70 71 74 76 75 76 76 79 81 83 86 86 85 84 85 87 89 90 91 93 95 96 97 97 97 96 95 93 91 90 90 91 91 93 93 94 95 95 95 95 96 97 97 97 97 97 98 99 99 99 100 100 100 100 100 100 99 99 99 100 101 102 103 103 103 104 104 103 104 103 104 104 103 101 101 102 102 102 101 102 102 103 104 104 104 105 105 106 107
79 78 76 75 74 73 71 71 72 73 75 75 76 76 78 80 83 85 86 84 80 78 83 86 88 90 91 93 94 95 95 94 94 93 91 90 89 90 90 92 92 94 94 94 95 96 96 96 96 97 98 99 99 100 100 100 101 101 101 101 102 102 102 102 101 102 103 104 104 105 105 104 105 105 105 105 106 106 106 105 104 104 105 105 105 105 104 103 105 105 104 105 106 106 107 108
81 79 80 80 78 75 73 72 72 74 75 75 76 77 78 79 81 83 84 82 79 77 80 84 86 89 90 92 93 93 94 93 92 92 91 90 89 90 91 92 94 95 95 95 96 96 97 98 98 99 99 101 102 102 103 103 103 102 102 103 104 103 104 104 104 104 105 106 106 107 107 106 106 106 107 107 108 108 108 107 106 107 107 107 107 106 106 106 106 106 105 107 108 108 109 110
83 81 81 80 78 76 74 74 -9999 74 75 75 76 76 77 78 79 81 81 80 79 78 80 83 85 88 90 91 92 93 92 92 92 90 90 90 90 91 92 94 94 95 96 96 97 97 98 99 99 100 101 102 103 103 103 103 103 103 104 104 104 105 105 105 106 108 108 108 108 107 106 107 108 108 108 109 110 111 110 109 109 110 110 109 109 108 108 108 107 106 106 107 108 108 109 109
84 83 81 80 79 78 76 76 75 74 74 74 75 76 76 77 78 79 79 79 78 78 80 82 85 87 89 91 92 92 93 92 91 91 91 90 91 92 94 95 96 96 97 97 98 98 98 99 100 101 102 103 104 105 105 105 105 105 105 105 106 106 107 108 109 110 110 110 109 108 108 108 108 108 109 109 110 111 111 111 112 112 112 110 109 110 109 108 107 107 108 108 107 108 109 109
86 85 85 84 81 80 79 78 77 77 76 75 76 76 77 77 77 77 78 77 76 76 79 82 85 88 90 91 92 92 92 91 90 91 90 90 91 93 94 96 97 97 98 99 99 99 100 101 101 104 104 106 107 106 106 106 107 107 107 107 107 108 109 109 110 111 112 110 110 109 108 108 108 109 110 111 112 112 113 114 114 113 112 112 112 110 109 109 108 107 108 108 108 109 109 109
87 87 88 90 87 83 82 80 79 78 76 76 77 78 79 78 77 77 77 77 76 77 80 84 86 88 91 92 92 92 92 91 91 90 90 90 91 92 94 97 97 99 100 100 100 100 101 101 101 103 104 105 106 106 105 106 106 107 107 108 110 110 110 111 112 112 111 111 110 109 109 109 109 110 111 113 114 115 115 116 116 115 113 113 111 110 110 109 108 108 107 107 108 108 109 109
90 90 91 93 93 89 86 83 81 79 77 78 78 79 79 79 79 78 77 78 79 79 81 84 87 89 91 92 93 92 91 90 89 89 89 89 90 92 94 96 97 99 100 100 100 100 101 101 101 101 102 102 103 104 105 106 107 108 109 110 111 111 112 112 114 112 112 110 110 109 108 109 109 110 112 114 116 118 118 119 119 118 116 114 114 112 110 110 109 109 108 107 107 107 106 106
92 92 93 94 95 95 90 87 83 80 79 79 80 81 81 80 80 79 78 78 80 83 84 86 88 90 92 93 93 92 91 90 89 89 89 89 89 90 93 96 98 99 100 102 102 102 100 101 101 101 101 101 102 103 104 105 107 108 110 111 112 114 114 114 115 114 112 110 109 108 107 107 108 110 113 116 118 120 121 121 121 120 118 116 114 113 112 110 108 107 108 108 108 107 107 106
94 93 93 93 93 94 94 92 87 83 80 78 79 80 81 82 81 79 78 78 81 83 85 87 90 92 93 94 94 93 91 89 88 88 88 87 88 90 93 96 98 100 101 102 102 101 100 100 99 99 98 98 99 101 102 104 106 107 110 112 114 115 -9999 116 116 115 112 110 108 106 105 105 107 110 114 117 120 122 123 124 122 120 119 117 115 114 112 111 107 108 108 108 108 106 106 106
97 95 93 94 94 93 91 89 86 82 79 79 79 80 80 81 80 81 82 83 85 86 88 92 93 93 95 95 94 93 91 90 88 88 88 87 87 89 94 95 99 101 102 103 102 101 100 100 99 98 96 96 97 99 101 104 105 108 110 112 115 116 119 118 119 116 112 109 106 104 102 103 105 109 113 117 120 124 125 124 122 122 119 117 115 114 111 110 110 108 108 107 106 105 105 104
