resultados/variables/bio12.asc
ncols 330
nrows 228
xllcorner -12.000000
yllcorner 34.000000
cellsize 0.166667
NODATA_value -9999
[rows 160 to 199 of 228, columns 0 to 89 of 330]
-9999 -9999 -9999 -9999 -9999 -9999 -9999 -9999 -9999 -9999 -9999 -9999 -9999 -9999 -9999 -9999 -9999 -9999 -9999 -9999 -9999 -9999 -9999 -9999 -9999 -9999 -9999 -9999 -9999 -9999 -9999 -9999 -9999 -9999 -9999 -9999 -9999 -9999 -9999 -9999 -9999 -9999 -9999 -9999 -9999 -9999 -9999 -9999 -9999 -9999 -9999 -9999 -9999 -9999 -9999 -9999 -9999 -9999 -9999 -9999 -9999 -9999 -9999 -9999 -9999 954 932 -9999 898 900 899 892 881 881 897 904 911 914 929 931 898 907 897 892 862 826 825 880 878 890
-9999 -9999 -9999 -9999 -9999 -9999 -9999 -9999 -9999 -9999 -9999 -9999 -9999 -9999 -9999 -9999 -9999 -9999 -9999 -9999 -9999 -9999 -9999 -9999 -9999 -9999 -9999 -9999 -9999 -9999 -9999 -9999 -9999 -9999 -9999 -9999 -9999 -9999 -9999 -9999 -9999 -9999 -9999 -9999 -9999 -9999 -9999 -9999 -9999 -9999 -9999 -9999 -9999 -9999 -9999 -9999 -9999 -9999 -9999 -9999 -9999 -9999 -9999 -9999 -9999 986 961 933 914 903 895 877 878 876 880 891 904 909 893 881 874 861 863 841 846 832 842 913 958 846
-9999 -9999 -9999 -9999 -9999 -9999 -9999 -9999 -9999 -9999 -9999 -9999 -9999 -9999 -9999 -9999 -9999 -9999 -9999 -9999 -9999 -9999 -9999 -9999 -9999 -9999 -9999 -9999 -9999 -9999 -9999 -9999 -9999 -9999 -9999 -9999 -9999 -9999 -9999 -9999 -9999 -9999 -9999 -9999 -9999 -9999 -9999 -9999 -9999 -9999 -9999 -9999 -9999 -9999 -9999 -9999 -9999 -9999 -9999 -9999 -9999 -9999 -9999 -9999 -9999 1018 990 955 922 909 889 883 871 865 861 863 868 860 857 855 840 825 811 815 860 825 812 816 838 806
-9999 -9999 -9999 -9999 -9999 -9999 -9999 -9999 -9999 -9999 -9999 -9999 -9999 -9999 -9999 -9999 -9999 -9999 -9999 -9999 -9999 -9999 -9999 -9999 -9999 -9999 -9999 -9999 -9999 -9999 -9999 -9999 -9999 -9999 -9999 -9999 -9999 -9999 -9999 -9999 -9999 -9999 -9999 -9999 -9999 -9999 -9999 -9999 -9999 -9999 -9999 -9999 -9999 -9999 -9999 -9999 -9999 -9999 -9999 -9999 -9999 -9999 -9999 -9999 1074 1041 1018 982 944 928 911 889 874 862 851 842 842 851 848 827 825 829 827 829 830 791 806 767 794 862
-9999 -9999 -9999 -9999 -9999 -9999 -9999 -9999 -9999 -9999 -9999 -9999 -9999 -9999 -9999 -9999 -9999 -9999 -9999 -9999 -9999 -9999 -9999 -9999 -9999 -9999 -9999 -9999 -9999 -9999 -9999 -9999 -9999 -9999 -9999 -9999 -9999 -9999 -9999 -9999 -9999 -9999 -9999 -9999 -9999 -9999 -9999 -9999 -9999 -9999 -9999 -9999 -9999 -9999 -9999 -9999 -9999 -9999 -9999 -9999 -9999 -9999 -9999 -9999 -9999 1084 1042 1013 976 937 912 885 862 845 830 823 815 828 832 829 832 832 809 787 767 755 752 747 753 817
-9999 -9999 -9999 -9999 -9999 -9999 -9999 -9999 -9999 -9999 -9999 -9999 -9999 -9999 -9999 -9999 -9999 -9999 -9999 -9999 -9999 -9999 -9999 -9999 -9999 -9999 -9999 -9999 -9999 -9999 -9999 -9999 -9999 -9999 -9999 -9999 -9999 -9999 -9999 -9999 -9999 -9999 -9999 -9999 -9999 -9999 -9999 -9999 -9999 -9999 -9999 -9999 -9999 -9999 -9999 -9999 -9999 -9999 -9999 -9999 -9999 -9999 -9999 -9999 1156 1121 1079 1033 997 956 930 904 864 824 810 796 791 793 811 814 811 802 796 792 793 796 774 761 757 737
-9999 -9999 -9999 -9999 -9999 -9999 -9999 -9999 -9999 -9999 -9999 -9999 -9999 -9999 -9999 -9999 -9999 -9999 -9999 -9999 -9999 -9999 -9999 -9999 -9999 -9999 -9999 -9999 -9999 -9999 -9999 -9999 -9999 -9999 -9999 -9999 -9999 -9999 -9999 -9999 -9999 -9999 -9999 -9999 -9999 -9999 -9999 -9999 -9999 -9999 -9999 -9999 -9999 -9999 -9999 -9999 -9999 -9999 -9999 -9999 -9999 -9999 -9999 -9999 1193 1155 1112 1060 1019 978 940 906 868 828 796 779 780 782 781 781 782 779 795 791 798 809 804 792 808 807
-9999 -9999 -9999 -9999 -9999 -9999 -9999 -9999 -9999 -9999 -9999 -9999 -9999 -9999 -9999 -9999 -9999 -9999 -9999 -9999 -9999 -9999 -9999 -9999 -9999 -9999 -9999 -9999 -9999 -9999 -9999 -9999 -9999 -9999 -9999 -9999 -9999 -9999 -9999 -9999 -9999 -9999 -9999 -9999 -9999 -9999 -9999 -9999 -9999 -9999 -9999 -9999 -9999 -9999 -9999 -9999 -9999 -9999 -9999 -9999 -9999 -9999 -9999 -9999 1230 1188 1135 1080 1027 979 936 906 866 822 791 769 752 746 740 737 741 746 782 764 771 774 777 788 786 756
-9999 -9999 -9999 -9999 -9999 -9999 -9999 -9999 -9999 -9999 -9999 -9999 -9999 -9999 -9999 -9999 -9999 -9999 -9999 -9999 -9999 -9999 -9999 -9999 -9999 -9999 -9999 -9999 -9999 -9999 -9999 -9999 -9999 -9999 -9999 -9999 -9999 -9999 -9999 -9999 -9999 -9999 -9999 -9999 -9999 -9999 -9999 -9999 -9999 -9999 -9999 -9999 -9999 -9999 -9999 -9999 -9999 -9999 -9999 -9999 -9999 -9999 -9999 -9999 1259 1213 1144 1074 1017 967 924 890 858 818 792 769 755 755 741 719 722 739 749 745 746 755 777 773 736 743
-9999 -9999 -9999 -9999 -9999 -9999 -9999 -9999 -9999 -9999 -9999 -9999 -9999 -9999 -9999 -9999 -9999 -9999 -9999 -9999 -9999 -9999 -9999 -9999 1060 -9999 -9999 -9999 -9999 -9999 -9999 -9999 -9999 -9999 -9999 -9999 -9999 -9999 -9999 -9999 -9999 -9999 -9999 -9999 -9999 -9999 -9999 -9999 -9999 -9999 -9999 -9999 -9999 -9999 -9999 -9999 -9999 -9999 -9999 -9999 -9999 -9999 -9999 1307 1271 1207 1131 1067 1007 959 914 873 848 818 792 771 756 740 744 712 710 723 732 752 759 772 809 832 833 805
-9999 -9999 -9999 -9999 -9999 -9999 -9999 -9999 -9999 -9999 -9999 -9999 -9999 -9999 -9999 -9999 -9999 -9999 -9999 -9999 -9999 -9999 -9999 1049 1080 1112 1066 981 -9999 -9999 -9999 -9999 -9999 -9999 -9999 -9999 852 -9999 -9999 -9999 -9999 -9999 -9999 -9999 -9999 -9999 -9999 -9999 -9999 -9999 -9999 -9999 -9999 -9999 -9999 -9999 -9999 -9999 -9999 -9999 -9999 -9999 -9999 1312 1255 1194 1120 1052 996 951 909 867 832 818 791 775 760 741 731 714 700 723 749 766 758 757 812 860 855 802
-9999 -9999 -9999 -9999 -9999 -9999 -9999 -9999 -9999 -9999 -9999 -9999 -9999 -9999 -9999 -9999 -9999 -9999 -9999 -9999 -9999 -9999 -9999 1131 1160 1154 1161 1056 961 928 974 921 925 912 890 852 864 849 857 834 829 821 843 871 -9999 -9999 -9999 -9999 1016 1059 1100 -9999 -9999 -9999 1243 1261 -9999 -9999 -9999 -9999 -9999 -9999 1329 1292 1231 1154 1088 1025 966 928 906 874 824 810 790 782 765 747 748 717 716 732 750 768 822 867 845 811 762 709
-9999 -9999 -9999 -9999 -9999 -9999 -9999 -9999 -9999 -9999 -9999 -9999 -9999 -9999 -9999 -9999 -9999 -9999 1067 1101 1166 1153 1099 1176 1199 1121 1056 1024 991 1015 941 984 922 891 900 881 877 828 835 834 862 859 974 958 876 878 900 927 963 1010 1051 1063 1099 1130 1165 1179 1205 1231 1264 1307 1328 1336 1307 1269 1196 1119 1049 991 940 897 868 871 830 817 819 809 786 775 747 737 738 741 758 771 749 745 721 685 662 645
-9999 -9999 -9999 -9999 -9999 -9999 -9999 -9999 -9999 -9999 -9999 -9999 -9999 -9999 -9999 -9999 -9999 1069 1174 1261 1302 1279 1262 1256 1222 1129 1044 1025 1027 994 926 989 934 1021 1020 1011 916 860 894 946 916 903 975 969 875 950 912 892 911 949 975 981 997 1019 1038 1067 1075 1103 1145 1191 1222 1230 1219 1202 1159 1141 1044 1006 999 986 957 906 913 882 890 850 816 792 791 790 771 770 772 784 777 753 778 722 677 643
-9999 -9999 -9999 -9999 -9999 -9999 -9999 -9999 -9999 -9999 -9999 -9999 -9999 -9999 -9999 -9999 -9999 1143 1229 1275 1297 1328 1294 1239 1217 1149 1043 975 1004 935 970 1043 1012 1012 1010 999 919 892 848 855 811 828 846 936 884 859 847 824 835 846 857 871 901 915 926 921 932 973 1013 1056 1094 1108 1116 1104 1097 1087 1097 1192 1098 1183 1232 1106 1265 1203 1088 1031 1040 1050 965 892 981 872 906 850 842 789 826 775 700 651
-9999 -9999 -9999 -9999 -9999 -9999 -9999 -9999 -9999 -9999 -9999 -9999 -9999 -9999 -9999 -9999 -9999 1099 1217 1301 1302 1332 1321 1288 1247 1132 1066 994 1055 1029 1029 909 815 904 904 839 744 711 664 669 680 694 715 735 731 726 730 749 756 766 790 778 797 799 784 795 827 849 886 910 938 967 995 977 954 952 951 1009 1127 1243 1291 1326 1332 1263 1281 1204 1167 1294 1272 1169 1191 1086 1052 1072 1007 956 841 716 640 588
-9999 -9999 -9999 -9999 -9999 -9999 -9999 -9999 -9999 -9999 -9999 -9999 -9999 -9999 -9999 -9999 -9999 -9999 -9999 1297 1405 1474 1438 1344 1290 1106 1007 933 1009 1051 893 732 690 744 769 684 631 594 562 568 587 603 629 636 638 639 649 666 684 696 689 691 699 700 673 683 686 678 668 708 752 809 863 852 820 828 807 811 841 894 979 1026 1053 1120 1222 1285 1294 1354 1213 1140 1321 1278 1303 1307 1171 1047 910 831 669 604
-9999 -9999 -9999 -9999 -9999 -9999 -9999 -9999 -9999 -9999 -9999 -9999 -9999 -9999 -9999 -9999 -9999 -9999 -9999 1392 1441 1520 1413 1217 1107 1071 1030 1000 925 906 840 841 893 919 724 616 561 532 512 515 531 536 555 558 562 567 575 587 608 607 622 651 657 661 627 579 577 512 517 569 626 666 697 710 735 750 771 715 732 735 816 850 753 833 947 1048 1032 1135 1065 1111 996 1142 1129 1015 1202 1233 1085 899 790 703
-9999 -9999 -9999 -9999 -9999 -9999 -9999 -9999 -9999 -9999 -9999 -9999 -9999 -9999 -9999 -9999 -9999 -9999 -9999 -9999 1470 1454 1396 1156 1103 1086 1133 1216 1137 947 1066 1111 943 870 715 580 524 493 477 484 481 486 496 503 503 510 523 543 545 553 579 653 738 752 741 664 671 675 627 543 541 559 587 594 600 605 614 576 594 650 709 720 689 688 750 853 875 860 958 953 895 1089 1053 987 950 946 884 846 761 636
-9999 -9999 -9999 -9999 -9999 -9999 -9999 -9999 -9999 -9999 -9999 -9999 -9999 -9999 -9999 -9999 -9999 -9999 -9999 1458 1351 1333 1374 1429 1288 1164 1114 1123 1072 1017 1097 979 786 709 606 539 493 462 445 444 444 454 457 456 457 478 488 501 508 521 552 574 616 709 732 769 756 728 675 593 525 500 500 520 506 501 503 478 470 457 474 503 531 583 690 727 786 733 799 771 817 848 863 756 795 829 896 873 778 673
-9999 -9999 -9999 -9999 -9999 -9999 -9999 -9999 -9999 -9999 -9999 -9999 -9999 -9999 -9999 -9999 -9999 -9999 -9999 1377 1466 1400 1460 1369 1405 1334 1129 963 980 931 888 817 709 658 597 531 467 431 416 412 417 428 438 447 444 447 469 490 496 508 528 561 564 595 651 663 651 637 661 587 539 492 470 440 431 456 461 421 434 416 424 450 457 487 558 600 649 647 622 642 717 718 682 670 740 779 866 862 764 732
-9999 -9999 -9999 -9999 -9999 -9999 -9999 -9999 -9999 -9999 -9999 -9999 -9999 -9999 -9999 -9999 -9999 -9999 -9999 1369 1332 1321 1388 1438 1400 1324 1113 993 944 843 875 744 666 625 560 506 445 404 388 391 400 420 434 435 432 443 457 470 467 477 485 499 520 542 562 577 575 561 573 576 637 605 477 419 390 377 380 385 416 425 407 413 418 437 447 475 483 516 561 619 676 706 642 637 732 775 840 784 725 717
-9999 -9999 -9999 -9999 -9999 -9999 -9999 -9999 -9999 -9999 -9999 -9999 -9999 -9999 -9999 -9999 -9999 -9999 -9999 1291 1274 1240 1250 1354 1323 1212 1136 1060 844 801 820 729 636 601 542 482 422 378 369 376 382 396 410 413 423 436 445 452 465 473 484 491 486 493 506 510 529 526 530 535 541 515 441 399 375 382 365 358 367 389 417 423 423 419 423 427 464 514 575 659 688 649 653 635 646 648 713 -9999 -9999 -9999
-9999 -9999 -9999 -9999 -9999 -9999 -9999 -9999 -9999 -9999 -9999 -9999 -9999 -9999 -9999 -9999 -9999 -9999 -9999 1239 1240 1232 1239 1288 1193 1350 1221 1020 875 829 797 693 652 587 530 478 419 375 366 366 368 377 391 398 413 426 441 454 474 513 497 498 513 520 513 508 506 511 490 478 469 434 423 411 380 385 399 367 355 366 396 411 413 430 429 474 543 599 627 626 675 658 617 631 613 -9999 -9999 -9999 -9999 -9999
-9999 -9999 -9999 -9999 -9999 -9999 -9999 -9999 -9999 -9999 -9999 -9999 -9999 -9999 -9999 -9999 -9999 -9999 -9999 -9999 1219 1251 1214 1193 1345 1162 1108 1011 992 788 752 729 658 593 -9999 486 449 412 391 374 373 373 378 388 400 413 433 454 471 491 515 607 590 581 528 510 525 512 459 448 437 422 419 450 437 427 406 381 367 367 380 392 415 441 464 471 567 644 639 568 593 592 610 -9999 -9999 -9999 -9999 -9999 -9999 -9999
-9999 -9999 -9999 -9999 -9999 -9999 -9999 -9999 -9999 -9999 -9999 -9999 -9999 -9999 -9999 -9999 -9999 -9999 -9999 -9999 1165 1163 1189 1279 1319 1192 1137 1070 925 795 755 705 683 620 562 494 443 404 393 387 376 377 378 386 400 415 438 472 523 560 569 583 543 527 492 483 514 524 544 529 509 481 474 442 463 484 431 430 406 409 412 433 461 486 526 507 565 587 554 -9999 -9999 -9999 -9999 -9999 -9999 -9999 -9999 -9999 -9999 -9999
-9999 -9999 -9999 -9999 -9999 -9999 -9999 -9999 -9999 -9999 -9999 -9999 -9999 -9999 -9999 -9999 -9999 -9999 -9999 -9999 1129 1217 1317 1337 1371 1364 1232 1184 985 856 807 748 694 631 568 518 464 431 412 394 393 393 388 385 397 419 442 499 619 559 491 482 465 449 459 483 503 514 515 538 516 500 477 454 448 515 483 450 451 464 449 490 512 547 550 567 579 -9999 -9999 -9999 -9999 -9999 -9999 -9999 -9999 -9999 -9999 -9999 -9999 -9999
-9999 -9999 -9999 -9999 -9999 -9999 -9999 -9999 -9999 -9999 -9999 -9999 -9999 -9999 -9999 -9999 -9999 -9999 -9999 -9999 1058 1167 1252 1216 1213 1205 1167 1118 990 914 859 774 716 648 587 541 513 485 439 421 418 433 426 409 407 448 495 554 567 491 450 450 439 437 473 473 465 490 528 532 533 533 524 449 493 520 537 539 544 517 497 546 594 625 557 547 546 -9999 -9999 -9999 -9999 -9999 -9999 -9999 -9999 -9999 -9999 -9999 -9999 -9999
-9999 -9999 -9999 -9999 -9999 -9999 -9999 -9999 -9999 -9999 -9999 -9999 -9999 -9999 -9999 -9999 -9999 -9999 -9999 1011 1020 1044 1252 1178 1104 1094 1082 1133 1083 994 900 796 700 670 674 610 531 498 469 478 496 531 473 453 440 462 488 451 456 448 440 439 428 450 467 460 475 496 520 563 593 619 581 506 465 490 548 576 617 611 553 584 582 542 540 -9999 -9999 -9999 -9999 -9999 -9999 -9999 -9999 -9999 -9999 -9999 -9999 -9999 -9999 -9999
-9999 -9999 -9999 -9999 -9999 -9999 -9999 -9999 -9999 -9999 -9999 -9999 -9999 -9999 -9999 -9999 -9999 -9999 -9999 979 997 1020 1064 1029 1051 1144 1515 1190 1047 997 932 828 762 722 634 530 508 573 540 534 627 604 545 459 435 388 402 407 430 445 443 437 456 448 450 434 456 455 495 552 612 642 595 526 453 462 572 629 728 673 588 570 529 528 515 -9999 -9999 -9999 -9999 -9999 -9999 -9999 -9999 -9999 -9999 -9999 -9999 -9999 -9999 -9999
-9999 -9999 -9999 -9999 -9999 -9999 -9999 -9999 -9999 -9999 -9999 -9999 -9999 -9999 -9999 -9999 -9999 -9999 -9999 944 950 983 1003 1020 1157 1232 1272 977 932 955 897 844 719 617 531 -9999 558 680 696 646 645 484 450 381 390 381 376 402 420 434 428 439 444 436 437 456 474 489 521 548 593 617 601 563 477 475 512 521 602 597 545 504 504 497 -9999 -9999 -9999 -9999 -9999 -9999 -9999 -9999 -9999 -9999 -9999 -9999 -9999 -9999 -9999 -9999
-9999 -9999 -9999 -9999 -9999 -9999 -9999 -9999 -9999 -9999 -9999 -9999 -9999 -9999 -9999 -9999 -9999 -9999 -9999 893 913 980 1112 1164 1162 1100 1060 933 836 805 722 649 579 550 494 481 510 492 426 380 361 362 368 382 361 365 384 393 406 417 414 430 427 428 456 478 498 519 522 541 568 557 538 535 453 596 580 496 489 492 473 468 479 -9999 -9999 -9999 -9999 -9999 -9999 -9999 -9999 -9999 -9999 -9999 -9999 -9999 -9999 -9999 -9999 -9999
-9999 -9999 -9999 -9999 -9999 -9999 -9999 -9999 -9999 -9999 -9999 -9999 -9999 -9999 -9999 -9999 -9999 -9999 832 874 921 966 1025 1038 1124 1016 881 843 759 729 671 621 565 525 507 479 426 402 391 377 375 370 367 370 367 376 378 386 391 401 427 440 443 448 458 469 480 502 510 532 521 501 521 494 468 483 561 537 474 484 457 434 -9999 -9999 -9999 -9999 -9999 -9999 -9999 -9999 -9999 -9999 -9999 -9999 -9999 -9999 -9999 -9999 -9999 -9999
-9999 -9999 -9999 -9999 -9999 -9999 -9999 -9999 -9999 -9999 -9999 -9999 -9999 -9999 -9999 -9999 -9999 -9999 808 848 891 883 910 934 974 864 819 765 720 694 641 608 562 527 501 470 454 445 432 419 407 397 405 407 405 398 410 419 425 422 420 427 433 436 449 466 465 483 473 504 503 483 462 478 468 438 445 451 462 464 444 -9999 -9999 -9999 -9999 -9999 -9999 -9999 -9999 -9999 -9999 -9999 -9999 -9999 -9999 -9999 -9999 -9999 654 636
-9999 -9999 -9999 -9999 -9999 -9999 -9999 -9999 -9999 -9999 -9999 -9999 -9999 -9999 -9999 -9999 -9999 -9999 804 904 847 795 832 858 838 788 773 754 729 680 631 608 574 523 494 473 468 471 475 508 486 446 464 470 473 467 455 457 445 433 428 427 422 426 442 442 454 459 457 459 462 465 440 454 450 476 456 422 428 444 -9999 -9999 -9999 -9999 -9999 -9999 -9999 -9999 -9999 -9999 -9999 -9999 -9999 -9999 -9999 -9999 513 517 499 580
-9999 -9999 -9999 -9999 -9999 -9999 -9999 -9999 -9999 -9999 -9999 -9999 -9999 -9999 -9999 -9999 -9999 717 787 777 737 749 756 754 775 777 782 819 767 709 639 587 554 530 510 490 490 510 512 518 465 446 431 437 455 467 447 478 470 447 440 422 418 423 420 422 425 428 438 429 430 426 414 406 412 442 462 436 438 443 -9999 -9999 -9999 -9999 -9999 -9999 -9999 -9999 -9999 -9999 -9999 -9999 -9999 -9999 -9999 -9999 -9999 -9999 -9999 544
-9999 -9999 -9999 -9999 -9999 -9999 -9999 -9999 -9999 -9999 -9999 -9999 -9999 -9999 -9999 -9999 693 731 716 709 700 727 740 728 726 712 727 770 749 646 605 568 551 536 525 522 489 470 460 460 458 444 463 456 453 454 434 459 441 448 440 418 415 415 416 419 421 419 414 409 405 403 406 414 422 424 459 451 439 445 -9999 -9999 -9999 -9999 -9999 -9999 -9999 -9999 -9999 -9999 -9999 -9999 -9999 -9999 -9999 -9999 -9999 -9999 -9999 -9999
-9999 -9999 -9999 -9999 -9999 -9999 -9999 -9999 -9999 -9999 -9999 -9999 -9999 -9999 -9999 714 724 748 690 675 687 696 693 683 680 670 675 669 635 594 552 534 525 509 512 488 471 465 467 467 470 475 481 489 473 476 454 446 423 418 420 421 423 426 437 446 445 443 414 396 389 391 412 450 480 446 483 437 426 459 490 -9999 -9999 -9999 -9999 -9999 -9999 -9999 -9999 -9999 486 475 -9999 -9999 -9999 -9999 -9999 -9999 -9999 -9999
-9999 -9999 -9999 -9999 -9999 -9999 -9999 -9999 -9999 -9999 -9999 -9999 -9999 -9999 -9999 786 803 751 671 665 665 658 654 650 652 658 668 646 635 552 521 506 501 498 497 487 489 493 491 495 495 505 502 502 502 480 472 451 436 434 439 435 441 454 463 465 474 475 430 397 386 408 444 466 457 457 486 452 444 475 515 -9999 -9999 -9999 -9999 -9999 -9999 -9999 -9999 479 466 -9999 -9999 -9999 -9999 -9999 -9999 -9999 -9999 -9999
-9999 -9999 -9999 -9999 -9999 -9999 -9999 -9999 -9999 -9999 -9999 -9999 -9999 -9999 -9999 805 785 -9999 663 657 653 651 656 665 651 643 653 627 564 540 533 522 518 526 516 532 537 538 530 540 542 519 517 510 516 519 501 489 489 457 456 452 456 456 469 476 469 478 478 459 421 421 431 442 440 458 440 477 512 514 567 561 570 -9999 -9999 -9999 -9999 -9999 -9999 -9999 -9999 -9999 -9999 -9999 -9999 -9999 -9999 -9999 -9999 -9999
