resultados/variables/bio1.asc
ncols 330
nrows 228
xllcorner -12.000000
yllcorner 34.000000
cellsize 0.166667
NODATA_value -9999
[rows 48 to 95 of 228, columns 96 to 191 of 330]
-9999 -9999 -9999 -9999 -9999 -9999 -9999 -9999 -9999 -9999 -9999 -9999 -9999 -9999 -9999 -9999 -9999 -9999 -9999 -9999 -9999 -9999 -9999 -9999 -9999 -9999 -9999 -9999 -9999 -9999 -9999 -9999 -9999 -9999 -9999 -9999 -9999 42 39 31 33 -9999 -9999 47 46 42 33 32 28 19 15 15 16 23 9 7 4 2 6 15 21 -9999 22 16 17 18 18 22 24 20 21 20 19 19 19 16 12 9 12 11 7 7 5 6 8 11 12 10 12 13 13 16 16 18 19 19
-9999 -9999 -9999 -9999 -9999 -9999 -9999 -9999 -9999 -9999 -9999 -9999 -9999 -9999 -9999 -9999 -9999 -9999 -9999 -9999 -9999 -9999 -9999 -9999 -9999 -9999 -9999 -9999 57 -9999 -9999 -9999 -9999 -9999 -9999 -9999 -9999 39 36 38 37 40 -9999 -9999 42 38 34 27 21 22 23 16 12 23 23 17 18 19 20 13 15 19 24 27 25 25 24 23 22 23 22 21 21 19 20 19 19 18 17 11 10 10 12 10 10 12 15 13 15 18 17 17 20 22 21 24
-9999 -9999 -9999 -9999 -9999 -9999 -9999 -9999 -9999 -9999 -9999 -9999 -9999 -9999 -9999 -9999 -9999 -9999 -9999 -9999 -9999 -9999 -9999 -9999 -9999 -9999 -9999 -9999 53 54 -9999 -9999 -9999 43 -9999 -9999 44 40 34 -9999 48 -9999 40 35 27 20 16 17 9 15 15 18 15 20 22 18 19 24 26 27 23 25 25 25 27 20 19 23 -9999 22 18 19 20 20 20 19 20 18 18 16 15 16 16 18 16 18 16 20 17 17 21 22 26 26 27 -9999
-9999 -9999 -9999 -9999 -9999 -9999 -9999 -9999 -9999 -9999 -9999 -9999 -9999 -9999 -9999 -9999 -9999 -9999 -9999 -9999 -9999 -9999 -9999 62 60 -9999 -9999 -9999 50 -9999 -9999 46 39 38 38 45 -9999 40 46 43 40 39 35 30 23 14 25 16 7 8 10 17 19 12 10 22 21 22 25 27 28 29 30 28 27 24 20 21 23 21 19 16 13 15 18 21 20 22 18 14 15 14 16 21 21 22 24 21 23 25 27 -9999 -9999 -9999 -9999 -9999
-9999 -9999 -9999 -9999 -9999 -9999 -9999 -9999 -9999 -9999 -9999 -9999 -9999 -9999 -9999 -9999 -9999 -9999 -9999 -9999 -9999 -9999 -9999 -9999 -9999 -9999 -9999 46 36 39 41 31 28 37 42 36 40 44 36 28 27 -9999 30 19 7 3 6 4 6 3 8 -9999 8 6 14 18 19 23 26 28 31 -9999 30 29 26 27 27 25 24 23 22 21 17 18 15 18 22 23 25 24 21 21 20 19 20 23 27 28 -9999 -9999 -9999 -9999 -9999 -9999 -9999 -9999
-9999 -9999 -9999 -9999 -9999 -9999 -9999 -9999 -9999 -9999 -9999 -9999 -9999 -9999 -9999 -9999 -9999 -9999 -9999 -9999 -9999 -9999 -9999 -9999 -9999 51 44 41 34 32 31 33 30 31 32 29 29 36 26 17 12 16 11 11 11 9 5 -1 -3 -11 -6 -15 -7 4 0 -4 3 5 2 15 25 29 -9999 25 26 24 23 23 21 19 20 21 21 22 23 19 19 21 21 20 25 27 30 24 23 26 28 -9999 -9999 -9999 -9999 -9999 -9999 -9999 -9999 -9999
-9999 -9999 -9999 -9999 -9999 -9999 -9999 -9999 -9999 -9999 -9999 -9999 -9999 -9999 -9999 -9999 -9999 -9999 64 56 -9999 48 -9999 48 -9999 49 -9999 40 30 21 14 11 11 15 26 13 18 21 18 14 15 7 10 6 -7 -11 -1 -1 -12 -11 -12 -8 -6 -9 -1 6 7 6 1 9 16 24 30 28 25 25 25 25 24 22 20 20 21 20 18 23 19 16 16 16 18 22 29 -9999 32 32 32 -9999 -9999 -9999 -9999 -9999 -9999 -9999 -9999 -9999
-9999 -9999 -9999 -9999 -9999 -9999 -9999 -9999 -9999 -9999 -9999 -9999 -9999 -9999 -9999 -9999 -9999 -9999 58 55 -9999 50 47 -9999 40 26 -9999 19 15 6 2 -5 -2 -2 -0 16 13 0 -1 -3 -10 -7 -7 -3 -0 -7 -5 -3 -10 -12 -7 -5 -1 2 8 10 9 13 17 19 19 22 26 25 25 24 24 25 23 20 22 20 21 24 21 21 24 19 18 18 22 23 28 34 -9999 -9999 -9999 -9999 -9999 -9999 -9999 -9999 -9999 -9999 -9999 -9999
-9999 -9999 -9999 -9999 -9999 -9999 -9999 -9999 -9999 -9999 -9999 -9999 -9999 -9999 61 62 53 51 -9999 38 -9999 41 -9999 21 21 3 2 -1 -3 -0 0 -1 -3 4 -5 -4 -2 1 -4 -11 -12 -9 -4 -3 -2 -3 -2 -5 -12 -8 0 3 -2 2 7 8 8 9 11 10 14 19 25 22 23 23 22 21 23 26 27 24 24 24 25 21 -9999 24 25 25 27 27 31 36 -9999 -9999 -9999 -9999 -9999 -9999 -9999 -9999 -9999 -9999 -9999 -9999
-9999 -9999 -9999 -9999 -9999 -9999 -9999 -9999 -9999 -9999 -9999 58 -9999 63 -9999 58 47 -9999 33 21 19 16 4 5 2 -3 -7 -2 -21 -23 -25 -25 -24 -15 -19 -15 -13 -9 1 -1 -3 2 -2 -11 -8 -5 -3 2 -3 -4 -2 4 7 7 12 11 15 18 19 17 9 18 23 25 25 29 27 28 27 25 21 23 24 26 28 27 25 26 28 29 -9999 -9999 -9999 -9999 -9999 -9999 -9999 -9999 -9999 -9999 -9999 -9999 -9999 -9999 -9999 -9999
-9999 -9999 -9999 -9999 -9999 -9999 -9999 -9999 -9999 63 64 -9999 52 41 -9999 35 27 36 32 24 -9999 -0 -12 -9 2 -1 -8 -7 -11 -20 -23 -27 -16 -9 -10 -17 -11 -8 -0 4 5 0 -12 -15 -10 -11 -2 -9999 -7 -5 -1 -1 2 3 3 6 10 10 19 20 24 17 16 17 24 29 30 27 25 26 23 21 22 19 20 21 24 27 31 32 35 -9999 -9999 -9999 -9999 -9999 -9999 -9999 -9999 -9999 -9999 -9999 -9999 -9999 -9999 -9999
-9999 -9999 -9999 -9999 -9999 -9999 -9999 -9999 -9999 -9999 47 -9999 -9999 -9999 35 29 28 28 12 4 -1 -9 -8 -18 -28 -20 -17 -12 -12 -4 1 -6 -21 -19 -13 -3 -4 -7 -5 4 3 2 -3 -12 -8 -2 4 1 -6 -3 -3 6 6 5 5 2 12 12 17 22 26 26 25 25 24 28 30 28 27 24 28 28 25 26 25 26 28 29 31 33 37 -9999 -9999 -9999 -9999 -9999 -9999 -9999 -9999 -9999 -9999 -9999 -9999 -9999 -9999 -9999
-9999 -9999 -9999 -9999 -9999 -9999 -9999 60 -9999 -9999 -9999 -9999 48 -9999 43 47 34 24 -9999 3 -15 -16 -3 3 -4 -2 -8 -9 -9 -4 -2 1 -3 -23 -27 -25 -12 -10 -10 -15 -7 11 10 -6 -8 -3 4 4 4 7 11 14 11 8 11 3 7 11 16 18 23 21 22 26 23 23 25 27 29 31 32 34 30 30 33 35 34 30 36 38 -9999 -9999 -9999 -9999 -9999 -9999 -9999 -9999 -9999 -9999 -9999 -9999 -9999 -9999 -9999 -9999
-9999 -9999 -9999 -9999 -9999 -9999 -9999 50 38 34 29 -9999 37 36 44 25 16 -9999 -10 -9999 -9 -9999 -16 -9999 -26 -16 -11 -24 -27 -9 0 2 4 7 -6 -10 -14 -12 -8 2 9 7 7 9 3 3 2 -2 -3 2 5 8 13 19 20 20 15 13 14 14 19 21 19 21 23 26 27 27 26 29 33 33 35 34 32 34 36 37 39 40 -9999 -9999 -9999 -9999 -9999 -9999 -9999 -9999 -9999 -9999 -9999 -9999 -9999 -9999 -9999 -9999
-9999 -9999 -9999 -9999 -9999 -9999 -9999 63 -9999 52 52 43 33 29 36 23 -2 2 -9999 19 -8 5 -1 -18 -23 -34 -37 -39 -32 -14 -15 -2 -9 2 10 7 8 -4 -14 -8 -2 10 16 18 1 2 0 -2 5 -3 1 -2 2 15 21 21 21 16 13 12 13 16 17 20 22 28 30 33 33 -9999 30 29 29 34 34 31 33 39 -9999 -9999 -9999 -9999 -9999 -9999 -9999 -9999 -9999 -9999 -9999 -9999 -9999 -9999 -9999 -9999 -9999 -9999
-9999 -9999 -9999 -9999 -9999 -9999 -9999 59 58 55 55 49 43 30 18 10 29 7 -9999 32 -9999 1 -7 -6 -19 -24 -24 -29 -22 -22 -13 -6 -7 -12 -2 -4 -1 13 -2 -9 -8 4 17 18 10 10 12 12 11 12 8 11 9 14 24 24 21 21 20 19 21 17 20 20 23 29 34 32 34 35 35 38 38 36 39 36 38 41 44 -9999 -9999 -9999 -9999 -9999 -9999 -9999 -9999 -9999 -9999 -9999 -9999 -9999 -9999 -9999 -9999 -9999
-9999 -9999 -9999 -9999 -9999 -9999 68 62 58 48 48 40 32 25 19 -9999 19 26 38 36 18 16 9 -13 -13 -10 -16 -20 -8 -1 -8 -9 -11 -8 -3 3 11 20 14 -3 -0 -3 2 20 28 18 17 16 10 19 20 19 20 15 18 23 25 26 27 27 31 28 27 30 32 33 37 32 34 35 35 33 34 38 41 41 42 -9999 45 -9999 -9999 -9999 -9999 -9999 -9999 -9999 -9999 -9999 -9999 -9999 -9999 -9999 -9999 -9999 -9999 -9999
-9999 -9999 -9999 -9999 -9999 70 -9999 -9999 61 -9999 49 34 29 32 -9999 36 11 -9999 26 5 12 5 -4 -8 -16 -24 -20 -4 -0 7 11 -2 -3 -3 -7 2 5 13 29 21 15 13 12 18 29 26 20 18 19 19 24 27 24 20 18 21 23 27 29 29 31 34 40 -9999 35 34 34 35 33 34 35 30 30 33 33 37 42 44 46 -9999 -9999 -9999 -9999 -9999 -9999 -9999 -9999 -9999 -9999 -9999 -9999 -9999 -9999 -9999 -9999 -9999
-9999 -9999 -9999 -9999 -9999 -9999 70 62 53 43 31 31 22 17 17 8 12 10 18 5 -12 -22 -25 -25 -24 -16 -9 -14 -6 -2 -0 7 4 9 9 12 20 17 19 31 33 30 24 21 31 33 31 25 25 26 29 28 24 25 23 24 26 25 30 35 33 34 37 42 -9999 41 40 38 35 36 37 31 31 36 38 41 45 46 48 -9999 -9999 -9999 -9999 -9999 -9999 -9999 -9999 -9999 -9999 -9999 -9999 -9999 -9999 -9999 -9999 -9999
-9999 -9999 -9999 -9999 -9999 -9999 75 -9999 53 52 52 34 32 17 31 29 16 5 -1 -13 -19 -18 -19 -13 -14 -16 -9 -3 6 8 2 -6 1 11 18 15 21 30 24 28 37 -9999 42 40 34 31 36 34 33 34 31 28 32 29 26 26 30 31 32 35 36 34 32 36 40 41 40 38 39 41 43 42 39 37 40 43 46 47 48 50 -9999 -9999 -9999 -9999 -9999 -9999 -9999 -9999 -9999 -9999 -9999 -9999 -9999 -9999 -9999 -9999
-9999 -9999 -9999 -9999 -9999 -9999 75 72 -9999 60 50 39 36 31 34 31 26 27 1 -8 -9999 -22 -20 -18 -7 0 1 2 0 3 15 1 1 3 19 29 26 34 30 26 26 25 29 39 31 27 29 40 40 35 28 28 30 31 37 32 28 30 34 35 37 39 39 37 39 41 43 41 43 46 46 41 42 43 46 49 49 49 49 50 51 51 -9999 52 -9999 -9999 -9999 -9999 -9999 -9999 -9999 -9999 -9999 -9999 -9999 -9999
-9999 -9999 -9999 -9999 -9999 -9999 -9999 -9999 64 -9999 54 35 34 -9999 -9999 35 25 4 14 1 -6 -13 -11 -11 -10 -7 -3 -2 -0 -3 -7 9 12 15 12 14 33 31 -9999 28 21 25 35 39 35 41 34 36 41 35 35 33 33 39 40 39 35 33 35 35 37 38 39 41 41 41 36 40 45 46 47 47 47 45 46 48 49 50 50 50 51 51 52 53 53 -9999 -9999 -9999 -9999 -9999 -9999 -9999 -9999 -9999 -9999 -9999
-9999 -9999 -9999 -9999 -9999 -9999 75 -9999 69 -9999 55 49 -9999 37 13 -9999 -4 -8 -7 -13 -15 -13 -13 -13 -13 -13 -12 -8 -4 6 7 6 8 23 32 36 38 42 37 31 31 33 43 44 42 43 43 39 43 37 38 35 41 43 45 39 42 40 39 37 37 34 37 38 40 44 44 43 44 44 44 48 48 48 49 49 51 51 51 51 52 52 53 53 54 55 -9999 -9999 -9999 -9999 -9999 -9999 -9999 47 -9999 44
-9999 -9999 -9999 -9999 -9999 -9999 -9999 -9999 -9999 -9999 -9999 -9999 -9999 22 -9999 22 -4 -13 -14 -12 -13 -13 -12 -14 -15 -11 -11 -6 4 -2 19 18 27 37 41 41 49 52 34 35 39 43 48 48 47 43 40 38 43 42 42 38 40 44 48 43 43 46 44 41 40 42 39 39 40 41 44 46 47 50 48 48 50 52 51 52 52 52 52 53 53 54 54 55 57 57 57 -9999 55 -9999 -9999 -9999 -9999 -9999 -9999 -9999
-9999 -9999 -9999 -9999 -9999 -9999 -9999 -9999 62 66 -9999 45 35 16 18 22 3 -9999 -15 -9 -8 -9 -19 -13 -7 -7 -6 -1 13 19 16 16 33 35 42 49 34 46 48 53 54 49 50 49 46 46 44 46 47 49 48 46 43 -9999 49 48 45 48 44 41 43 43 44 45 45 47 44 43 46 47 51 52 53 54 54 54 54 54 53 54 55 56 57 59 60 60 59 58 57 -9999 -9999 -9999 -9999 -9999 -9999 -9999
-9999 -9999 -9999 -9999 -9999 -9999 -9999 -9999 -9999 -9999 -9999 -9999 -9999 28 22 14 17 -0 -6 -1 4 7 2 -3 9 2 -3 4 10 18 35 24 27 38 44 52 45 -9999 56 -9999 60 55 51 53 51 49 48 46 48 51 52 52 46 46 50 51 51 48 46 46 47 46 46 48 49 47 51 50 52 53 54 54 54 55 56 57 57 58 58 58 59 59 60 62 63 63 61 60 59 -9999 -9999 -9999 -9999 -9999 -9999 -9999
-9999 -9999 -9999 -9999 -9999 -9999 -9999 -9999 73 65 60 55 40 41 38 29 27 10 3 4 7 -8 8 21 14 15 16 21 15 28 41 47 34 38 46 45 52 59 -9999 -9999 63 61 58 57 54 53 51 51 50 48 51 56 54 55 53 54 54 54 53 51 51 51 48 48 -9999 52 53 57 57 57 57 58 59 59 60 -9999 60 61 61 61 61 62 64 66 67 65 63 62 -9999 -9999 -9999 -9999 -9999 -9999 -9999 -9999
-9999 -9999 -9999 -9999 -9999 -9999 -9999 -9999 72 71 -9999 -9999 60 51 41 28 9 4 -2 6 11 -2 14 24 30 33 34 36 35 36 50 50 35 36 39 52 58 64 68 -9999 68 66 61 61 58 55 55 56 53 51 50 51 55 56 56 56 57 57 57 56 54 53 -9999 52 52 51 56 60 60 60 60 61 61 61 62 62 62 62 63 63 -9999 66 67 68 69 -9999 -9999 -9999 -9999 -9999 -9999 -9999 -9999 -9999 -9999 -9999
-9999 -9999 -9999 -9999 -9999 -9999 -9999 74 -9999 -9999 -9999 -9999 -9999 50 42 23 10 8 6 10 18 15 17 23 32 18 35 32 40 41 52 57 -9999 59 55 61 64 68 -9999 -9999 70 69 68 64 60 57 58 58 57 56 54 55 57 57 58 -9999 -9999 -9999 -9999 -9999 58 54 55 54 53 57 61 61 62 -9999 62 -9999 -9999 61 61 61 62 62 63 64 65 66 68 69 70 68 -9999 -9999 -9999 -9999 -9999 -9999 -9999 -9999 -9999 -9999
-9999 -9999 -9999 -9999 -9999 -9999 -9999 -9999 -9999 -9999 -9999 68 56 47 37 25 17 22 9 10 16 29 19 24 32 31 35 35 39 51 57 58 61 64 65 66 70 -9999 -9999 -9999 -9999 -9999 -9999 67 64 59 57 58 57 57 55 57 60 60 59 -9999 -9999 -9999 -9999 -9999 59 58 57 57 59 60 60 60 60 61 61 62 62 61 62 63 63 64 65 66 66 67 -9999 68 69 -9999 69 -9999 -9999 -9999 -9999 -9999 -9999 -9999 -9999 -9999
-9999 -9999 -9999 -9999 -9999 -9999 -9999 -9999 -9999 -9999 -9999 66 -9999 47 30 22 25 27 20 17 20 30 36 28 31 37 43 51 45 52 60 62 65 -9999 -9999 -9999 -9999 -9999 -9999 -9999 -9999 -9999 -9999 70 65 61 59 59 59 58 59 61 -9999 -9999 -9999 61 -9999 -9999 -9999 -9999 58 -9999 55 56 56 58 57 58 59 60 62 63 63 63 64 65 65 65 66 67 68 69 -9999 70 -9999 -9999 -9999 -9999 -9999 -9999 -9999 -9999 -9999 -9999 -9999 -9999
-9999 -9999 -9999 -9999 -9999 -9999 -9999 -9999 -9999 73 68 60 52 45 37 33 39 30 25 23 31 34 42 36 42 47 51 55 56 60 -9999 -9999 -9999 -9999 -9999 -9999 -9999 -9999 -9999 -9999 -9999 -9999 -9999 71 66 64 61 61 60 58 63 -9999 -9999 -9999 -9999 -9999 -9999 -9999 -9999 60 59 57 57 55 58 -9999 57 59 61 62 63 63 62 62 64 65 66 67 -9999 68 -9999 -9999 -9999 -9999 -9999 -9999 -9999 -9999 -9999 -9999 -9999 -9999 -9999 -9999 -9999 -9999
-9999 -9999 -9999 -9999 -9999 -9999 -9999 -9999 -9999 -9999 66 62 63 52 47 45 50 45 39 32 43 46 52 45 50 58 58 60 65 69 -9999 -9999 -9999 -9999 -9999 -9999 -9999 -9999 -9999 -9999 -9999 -9999 -9999 -9999 69 66 64 63 62 64 65 -9999 -9999 -9999 63 -9999 60 60 59 61 59 58 58 -9999 -9999 61 60 62 62 63 64 66 66 67 68 67 -9999 -9999 -9999 -9999 -9999 -9999 -9999 -9999 -9999 -9999 -9999 -9999 -9999 -9999 -9999 -9999 -9999 -9999 -9999 -9999
-9999 -9999 -9999 -9999 -9999 -9999 -9999 -9999 -9999 -9999 -9999 -9999 67 63 55 59 56 56 48 51 56 54 55 57 58 59 61 69 -9999 -9999 -9999 -9999 -9999 -9999 -9999 -9999 -9999 -9999 -9999 -9999 -9999 -9999 -9999 73 -9999 -9999 67 65 66 66 -9999 66 65 64 64 62 60 58 52 59 58 57 -9999 -9999 61 61 61 63 64 65 65 65 65 66 67 68 -9999 -9999 -9999 -9999 -9999 -9999 -9999 -9999 -9999 -9999 -9999 -9999 -9999 -9999 -9999 -9999 -9999 -9999 -9999 -9999
-9999 -9999 -9999 -9999 -9999 -9999 -9999 -9999 -9999 -9999 -9999 -9999 -9999 -9999 -9999 -9999 65 58 56 57 59 61 61 64 67 69 -9999 -9999 -9999 -9999 -9999 -9999 -9999 -9999 -9999 -9999 -9999 -9999 -9999 -9999 -9999 -9999 -9999 -9999 -9999 -9999 -9999 67 66 67 67 66 65 64 63 61 59 56 54 58 57 59 -9999 -9999 59 59 60 61 61 62 63 64 65 66 -9999 68 -9999 -9999 -9999 -9999 -9999 -9999 -9999 -9999 -9999 -9999 -9999 -9999 -9999 -9999 -9999 -9999 -9999 -9999 -9999 -9999
-9999 -9999 -9999 -9999 -9999 -9999 -9999 -9999 -9999 -9999 -9999 -9999 -9999 -9999 -9999 -9999 69 68 69 66 66 70 69 72 -9999 -9999 -9999 -9999 -9999 -9999 -9999 -9999 -9999 -9999 -9999 -9999 -9999 -9999 -9999 -9999 -9999 -9999 -9999 -9999 -9999 -9999 -9999 68 68 68 66 65 65 63 61 59 57 55 53 53 53 -9999 -9999 56 56 58 59 59 59 61 64 63 63 66 69 70 -9999 -9999 -9999 -9999 -9999 -9999 -9999 -9999 -9999 -9999 -9999 -9999 -9999 -9999 -9999 -9999 -9999 -9999 -9999 -9999
-9999 -9999 -9999 -9999 -9999 -9999 -9999 -9999 -9999 -9999 -9999 -9999 -9999 -9999 -9999 -9999 -9999 -9999 -9999 -9999 -9999 -9999 -9999 -9999 -9999 -9999 -9999 -9999 -9999 -9999 -9999 -9999 -9999 -9999 -9999 -9999 -9999 -9999 -9999 -9999 -9999 -9999 -9999 -9999 -9999 -9999 -9999 70 70 68 -9999 65 61 61 58 57 56 53 52 52 57 -9999 55 54 56 55 57 59 60 61 63 64 64 67 70 -9999 -9999 -9999 -9999 -9999 -9999 -9999 -9999 -9999 -9999 -9999 -9999 -9999 -9999 70 70 -9999 -9999 -9999 -9999 -9999
-9999 -9999 -9999 -9999 -9999 -9999 -9999 -9999 -9999 -9999 -9999 -9999 -9999 -9999 -9999 -9999 -9999 -9999 -9999 -9999 -9999 -9999 -9999 -9999 -9999 -9999 -9999 -9999 -9999 -9999 -9999 -9999 -9999 -9999 -9999 -9999 -9999 -9999 -9999 -9999 -9999 -9999 -9999 -9999 -9999 -9999 -9999 73 71 70 67 64 61 60 58 56 56 51 52 53 55 57 54 53 54 56 56 57 59 61 64 64 66 67 70 72 -9999 -9999 -9999 -9999 -9999 -9999 -9999 -9999 -9999 -9999 71 71 71 71 -9999 -9999 -9999 -9999 -9999 -9999
-9999 -9999 -9999 -9999 -9999 -9999 -9999 -9999 -9999 -9999 -9999 -9999 -9999 -9999 -9999 -9999 -9999 -9999 -9999 -9999 -9999 -9999 -9999 -9999 -9999 -9999 -9999 -9999 -9999 -9999 -9999 -9999 -9999 -9999 -9999 -9999 -9999 76 -9999 -9999 -9999 -9999 -9999 -9999 -9999 -9999 -9999 -9999 73 70 70 67 66 64 61 61 59 57 56 53 55 56 53 52 55 58 59 -9999 60 61 63 65 67 69 71 -9999 -9999 -9999 -9999 -9999 -9999 -9999 -9999 -9999 -9999 72 72 72 72 -9999 -9999 -9999 -9999 -9999 -9999 -9999
-9999 -9999 -9999 -9999 -9999 -9999 -9999 -9999 -9999 -9999 -9999 -9999 -9999 -9999 -9999 -9999 -9999 -9999 -9999 -9999 -9999 -9999 -9999 -9999 -9999 -9999 -9999 -9999 -9999 -9999 -9999 -9999 -9999 -9999 -9999 75 75 75 75 -9999 -9999 -9999 -9999 -9999 -9999 -9999 -9999 76 -9999 73 71 71 67 63 63 62 59 59 57 57 58 58 57 57 58 59 60 61 62 64 65 67 67 70 72 73 -9999 -9999 -9999 -9999 -9999 -9999 -9999 -9999 -9999 73 72 72 73 -9999 -9999 -9999 -9999 -9999 -9999 -9999
-9999 -9999 -9999 -9999 -9999 -9999 -9999 -9999 -9999 -9999 -9999 -9999 -9999 -9999 -9999 -9999 -9999 -9999 -9999 -9999 -9999 -9999 -9999 -9999 -9999 -9999 -9999 -9999 -9999 -9999 -9999 -9999 -9999 76 76 76 75 74 76 -9999 -9999 77 -9999 -9999 -9999 -9999 -9999 -9999 -9999 75 73 70 67 66 66 64 63 63 61 62 62 60 60 59 60 59 59 59 61 63 66 68 69 71 73 -9999 -9999 -9999 -9999 -9999 -9999 -9999 -9999 -9999 -9999 74 73 74 -9999 -9999 -9999 -9999 -9999 -9999 -9999 -9999
-9999 -9999 -9999 -9999 -9999 -9999 -9999 -9999 -9999 -9999 -9999 -9999 -9999 -9999 -9999 -9999 -9999 -9999 -9999 -9999 -9999 -9999 -9999 -9999 -9999 -9999 -9999 77 77 77 77 76 75 76 -9999 76 76 76 -9999 -9999 -9999 -9999 -9999 -9999 -9999 -9999 -9999 -9999 -9999 -9999 75 72 70 67 67 66 64 63 64 63 64 62 61 61 62 62 62 59 61 63 65 68 71 72 74 -9999 -9999 76 -9999 -9999 -9999 -9999 -9999 -9999 -9999 75 -9999 -9999 -9999 -9999 -9999 -9999 -9999 -9999 -9999 -9999
-9999 -9999 -9999 -9999 -9999 -9999 -9999 -9999 -9999 -9999 -9999 -9999 -9999 -9999 -9999 -9999 -9999 -9999 -9999 -9999 -9999 -9999 -9999 -9999 -9999 -9999 78 77 -9999 -9999 -9999 76 75 75 73 74 75 -9999 -9999 -9999 -9999 -9999 -9999 -9999 -9999 -9999 -9999 -9999 -9999 -9999 76 75 72 69 69 67 65 65 65 65 65 63 64 65 65 64 63 62 62 64 66 69 71 73 75 -9999 76 -9999 -9999 -9999 -9999 -9999 -9999 -9999 -9999 -9999 -9999 -9999 -9999 -9999 -9999 -9999 -9999 -9999 -9999 -9999
-9999 -9999 -9999 -9999 -9999 -9999 -9999 -9999 -9999 -9999 -9999 -9999 -9999 -9999 -9999 -9999 -9999 -9999 -9999 -9999 -9999 -9999 -9999 -9999 -9999 -9999 78 78 77 77 76 76 75 74 73 73 75 76 -9999 -9999 -9999 -9999 -9999 -9999 -9999 -9999 -9999 -9999 -9999 -9999 -9999 -9999 75 74 70 67 66 66 67 66 66 66 65 66 66 67 67 66 66 66 68 71 73 75 -9999 75 -9999 -9999 -9999 -9999 -9999 -9999 -9999 -9999 -9999 -9999 -9999 -9999 -9999 -9999 -9999 -9999 -9999 -9999 -9999 -9999
-9999 -9999 -9999 -9999 -9999 -9999 -9999 -9999 -9999 -9999 -9999 -9999 -9999 -9999 -9999 -9999 -9999 -9999 -9999 -9999 -9999 -9999 -9999 -9999 -9999 80 -9999 -9999 78 77 -9999 -9999 75 74 74 74 74 76 -9999 -9999 -9999 -9999 -9999 -9999 -9999 -9999 -9999 -9999 -9999 -9999 -9999 -9999 -9999 -9999 74 70 69 67 68 68 67 67 67 67 68 68 68 68 68 70 70 72 75 -9999 76 76 -9999 -9999 -9999 -9999 -9999 -9999 -9999 -9999 -9999 -9999 -9999 -9999 -9999 -9999 -9999 -9999 -9999 -9999 -9999 -9999
-9999 -9999 -9999 -9999 -9999 -9999 -9999 -9999 -9999 -9999 -9999 -9999 -9999 -9999 -9999 -9999 -9999 -9999 -9999 -9999 -9999 -9999 -9999 -9999 -9999 79 78 77 77 76 76 74 75 74 74 74 75 75 76 76 77 -9999 -9999 -9999 -9999 -9999 -9999 -9999 -9999 -9999 -9999 -9999 74 72 73 72 71 70 70 71 70 69 69 68 69 70 70 71 71 71 72 75 -9999 -9999 -9999 -9999 -9999 -9999 -9999 -9999 -9999 -9999 -9999 -9999 -9999 -9999 -9999 -9999 -9999 -9999 -9999 -9999 -9999 -9999 -9999 -9999
-9999 -9999 -9999 -9999 -9999 -9999 -9999 -9999 -9999 -9999 -9999 -9999 -9999 -9999 -9999 -9999 -9999 -9999 -9999 -9999 -9999 -9999 -9999 -9999 -9999 77 76 75 75 76 75 74 73 74 73 73 74 75 -9999 76 77 -9999 -9999 -9999 -9999 -9999 -9999 -9999 -9999 -9999 -9999 78 -9999 77 74 72 71 71 73 74 74 72 72 73 74 74 75 75 75 75 75 76 -9999 -9999 78 -9999 -9999 -9999 -9999 -9999 -9999 -9999 -9999 -9999 -9999 -9999 -9999 -9999 -9999 -9999 -9999 -9999 -9999 -9999 -9999 -9999
-9999 -9999 -9999 -9999 -9999 -9999 -9999 -9999 -9999 -9999 -9999 -9999 -9999 -9999 -9999 -9999 -9999 -9999 -9999 -9999 -9999 -9999 -9999 -9999 -9999 76 75 75 76 75 75 73 72 73 74 74 75 -9999 -9999 -9999 -9999 -9999 -9999 -9999 -9999 -9999 -9999 -9999 -9999 78 78 -9999 78 77 74 75 73 72 73 74 77 77 77 76 -9999 -9999 -9999 -9999 -9999 -9999 -9999 -9999 -9999 -9999 -9999 -9999 -9999 -9999 -9999 -9999 -9999 -9999 -9999 -9999 -9999 -9999 -9999 -9999 -9999 -9999 -9999 -9999 -9999 -9999 -9999 -9999
