resultados/variables/bio1.asc
ncols 330
nrows 228
xllcorner -12.000000
yllcorner 34.000000
cellsize 0.166667
NODATA_value -9999
[rows 96 to 143 of 228, columns 192 to 287 of 330]
-9999 -9999 -9999 -9999 -9999 -9999 70 68 66 65 63 61 60 60 61 61 61 62 61 61 61 62 62 63 63 63 62 61 60 59 59 58 58 56 56 56 55 55 56 56 55 54 53 53 53 52 53 53 53 53 52 52 51 50 -9999 49 50 49 48 49 48 48 48 49 48 48 47 46 46 46 46 45 46 46 45 45 44 43 43 41 41 41 41 41 42 42 43 43 42 41 41 41 41 41 42 43
-9999 -9999 -9999 -9999 -9999 -9999 70 69 67 64 62 62 61 59 59 59 61 61 61 61 61 61 61 62 63 63 62 61 60 59 59 58 58 57 58 56 -9999 55 56 55 54 54 -9999 54 54 55 54 55 55 54 53 53 53 52 51 51 51 50 49 48 48 48 49 49 49 49 48 47 48 47 47 47 46 46 46 46 44 43 43 42 41 41 42 42 42 43 44 43 44 43 41 41 42 42 43 44
-9999 -9999 -9999 -9999 -9999 -9999 -9999 70 69 66 64 62 61 60 59 60 60 60 61 60 61 61 62 62 64 63 62 61 61 60 60 58 58 58 56 55 55 56 56 56 56 56 56 55 55 55 55 55 55 55 54 54 54 53 53 53 52 52 50 48 48 49 50 50 50 50 49 49 48 48 46 47 47 46 46 46 45 44 43 43 43 43 43 42 43 43 43 43 44 44 44 41 41 42 44 45
-9999 -9999 -9999 -9999 -9999 -9999 -9999 71 69 67 66 64 63 63 62 62 63 62 62 62 62 62 63 63 64 63 62 61 61 61 59 58 57 57 56 56 57 56 57 57 57 57 57 57 57 56 56 56 55 55 55 55 54 55 54 53 53 53 52 51 51 51 51 50 51 51 50 50 49 49 48 48 47 46 45 45 45 46 44 43 43 44 44 42 42 42 42 43 43 43 43 42 41 42 44 45
-9999 -9999 -9999 -9999 -9999 73 -9999 -9999 70 69 68 67 66 66 66 66 65 65 64 63 63 63 64 65 64 63 62 62 62 60 59 59 58 58 58 58 -9999 55 57 58 59 59 58 58 58 57 56 55 54 54 55 55 55 55 55 55 54 54 54 53 53 52 51 50 50 50 51 50 51 51 50 48 46 46 46 46 46 46 45 45 45 45 43 42 42 43 43 43 44 43 44 43 43 43 45 45
-9999 -9999 -9999 -9999 -9999 -9999 -9999 71 71 70 69 68 68 68 67 67 67 66 65 65 65 64 65 64 64 63 63 62 60 60 60 59 58 59 59 59 57 56 57 57 58 58 57 57 57 56 55 55 55 54 54 55 55 56 56 55 55 55 55 54 54 53 51 50 50 50 50 50 50 51 51 50 49 48 47 48 48 47 46 46 46 45 44 44 43 42 43 45 45 45 45 44 44 45 45 46
74 74 74 74 74 -9999 -9999 72 71 71 69 68 68 68 68 67 67 67 66 66 65 65 64 64 64 63 62 62 62 61 61 60 60 60 61 60 59 60 58 57 58 58 57 57 57 56 56 56 56 56 56 55 56 55 56 56 56 55 55 54 55 54 54 53 51 51 51 52 52 52 51 51 49 48 49 49 50 49 47 47 47 46 45 45 44 44 45 46 46 47 47 46 46 46 47 47
76 75 74 74 74 73 73 72 71 70 69 68 68 68 67 68 68 68 67 67 66 65 64 64 64 62 60 61 60 62 61 61 61 61 58 60 61 61 60 59 59 58 58 58 58 58 57 56 56 57 57 57 56 54 55 56 56 54 53 53 53 53 53 53 53 52 53 53 53 51 52 51 51 52 51 51 49 48 47 46 47 47 46 46 46 46 46 45 46 45 47 48 47 48 49 49
-9999 76 76 74 74 73 73 72 71 70 70 69 68 68 67 67 65 66 66 66 65 64 63 64 64 62 59 59 59 60 61 61 59 58 59 59 60 61 61 60 60 59 58 59 59 58 58 56 56 58 58 56 56 56 56 56 55 54 52 52 53 53 54 54 53 53 53 53 52 52 52 52 51 51 51 51 49 48 48 47 48 48 47 46 46 46 45 44 45 46 47 48 48 48 49 49
73 72 71 72 72 73 72 72 70 70 68 66 67 66 64 62 -9999 59 62 64 64 64 64 64 62 60 60 60 60 62 62 62 60 59 59 59 59 58 60 61 61 61 60 60 58 57 57 55 57 58 58 57 56 57 56 56 55 54 54 53 53 54 54 53 53 53 53 52 52 53 53 53 53 52 52 51 50 49 49 47 47 47 47 46 45 45 45 45 45 45 47 47 47 47 47 48
74 73 72 73 72 73 72 71 70 68 66 67 65 62 61 60 59 60 61 62 63 63 63 63 62 61 61 60 60 61 61 61 61 60 60 60 58 59 58 59 60 60 59 60 57 55 57 58 59 60 59 59 58 58 57 56 56 55 55 54 54 55 54 55 54 55 54 54 53 54 54 54 54 54 53 52 51 50 49 49 48 48 47 47 46 47 46 46 46 46 46 46 48 47 48 48
76 75 75 73 71 70 71 69 68 67 67 66 64 65 62 63 62 62 63 64 64 64 64 63 64 63 62 61 61 61 63 62 62 62 63 62 62 62 62 60 58 58 56 57 57 57 58 60 60 60 60 59 59 59 58 57 57 56 56 56 55 55 56 55 55 55 56 54 54 54 54 54 54 54 53 53 52 51 50 49 50 49 49 48 47 47 48 47 46 46 47 47 48 48 50 50
74 74 75 72 71 69 68 68 67 68 68 67 66 66 65 65 64 64 64 64 65 65 66 65 64 63 63 63 62 63 63 63 64 64 64 64 64 64 63 62 60 58 56 57 59 60 59 -9999 59 60 60 60 60 60 59 58 57 57 57 56 56 56 57 56 56 56 57 56 55 56 56 56 55 54 54 53 52 52 51 49 49 50 50 48 48 47 48 47 48 49 49 49 49 50 50 48
74 74 75 73 72 69 69 68 69 70 -9999 68 67 66 67 67 66 66 66 66 66 64 64 65 65 65 64 63 63 64 64 65 65 65 63 63 65 65 64 62 61 59 59 59 60 61 61 62 61 61 61 60 60 61 60 59 59 58 58 58 58 58 58 58 58 58 58 57 57 57 57 57 56 55 54 54 53 52 52 51 50 50 51 50 49 49 49 49 49 49 48 50 48 50 48 49
71 71 72 72 71 70 69 69 69 69 -9999 68 67 67 67 68 68 67 66 64 65 64 65 65 67 67 66 65 64 64 66 65 65 64 59 60 63 65 65 64 63 62 62 62 62 62 63 63 63 62 62 61 61 62 61 60 60 59 59 59 59 60 59 59 59 59 59 58 59 58 58 57 56 55 55 55 55 54 53 51 51 51 52 50 49 49 49 49 49 49 49 50 49 50 49 50
69 69 69 70 71 71 71 70 71 70 70 69 67 67 68 68 67 66 66 65 65 65 65 67 68 67 67 67 67 67 66 65 63 64 62 61 63 64 64 63 64 63 64 63 63 63 63 63 63 63 63 62 62 62 62 62 61 60 60 60 60 60 60 60 60 60 60 60 59 58 58 58 58 57 57 57 56 55 54 53 52 51 51 51 51 50 50 50 50 51 51 50 50 50 51 52
70 69 68 70 70 71 72 71 71 71 70 70 68 67 69 69 68 68 67 67 67 66 67 67 66 66 66 65 67 66 67 67 64 63 63 63 64 64 64 64 64 64 63 63 64 64 64 64 64 64 63 63 63 63 63 62 61 61 61 61 61 61 61 61 61 61 60 60 60 60 60 60 59 59 58 58 57 56 55 54 53 53 52 51 51 51 52 51 51 51 51 50 51 51 51 51
71 70 69 70 70 72 72 72 72 71 71 70 69 70 69 68 69 69 68 68 67 68 67 68 67 67 66 65 65 66 65 66 66 64 65 65 65 65 64 64 64 64 64 65 65 65 65 64 65 64 64 64 64 63 63 63 63 63 63 63 63 62 62 62 62 62 61 61 62 61 61 60 59 59 59 58 57 57 55 55 55 55 53 52 54 53 53 52 52 52 51 51 51 51 52 52
73 72 71 72 72 73 73 72 72 72 71 70 69 69 68 68 69 69 69 69 69 69 69 69 68 67 67 67 67 67 67 67 67 67 66 66 66 66 65 65 66 66 66 66 65 66 66 66 66 65 65 65 65 64 64 64 64 64 63 63 64 63 63 63 63 63 63 62 63 63 62 62 61 60 60 58 58 57 56 57 57 56 55 54 55 53 53 53 53 52 52 52 52 52 53 54
74 74 74 74 73 74 74 74 74 72 71 71 71 70 70 70 70 70 69 70 70 69 69 69 69 69 69 69 67 68 67 68 68 68 68 68 67 67 67 67 67 67 67 67 67 67 67 67 67 67 66 66 66 65 65 65 65 65 64 64 65 64 64 64 64 65 64 64 64 63 63 63 62 61 60 59 58 57 58 58 58 57 56 56 56 55 55 54 54 52 53 52 52 53 54 54
74 75 75 76 75 75 76 75 74 74 73 71 70 70 71 70 69 69 70 70 70 71 71 70 70 70 70 70 70 70 69 69 69 69 68 68 68 68 67 68 68 68 68 68 68 68 68 68 67 67 67 67 67 66 66 66 66 66 65 65 66 66 65 65 65 65 65 65 65 65 64 63 62 61 61 61 60 60 60 60 59 58 58 58 57 56 55 55 55 54 54 53 53 54 54 55
78 77 77 77 78 78 78 77 75 74 72 71 70 69 70 71 71 71 70 71 71 72 72 72 72 71 71 71 71 70 70 70 70 70 69 69 69 69 68 68 68 68 69 69 68 68 69 -9999 68 67 67 67 67 68 67 67 66 66 66 66 65 66 67 66 66 67 67 66 66 65 64 64 62 63 63 62 61 61 61 61 61 60 60 59 58 58 57 56 55 55 54 54 54 54 54 54
79 79 79 78 78 78 78 77 75 72 70 71 70 70 70 70 71 71 72 73 73 74 74 74 74 73 73 72 72 71 71 70 70 70 69 70 70 70 70 70 69 69 69 69 69 69 69 69 69 69 69 68 69 69 68 68 68 67 67 67 67 68 67 68 68 68 67 66 66 66 66 66 65 64 65 64 63 62 61 62 63 62 60 59 59 59 58 57 57 56 55 56 57 56 56 56
80 79 78 77 77 78 78 78 75 74 72 72 71 70 71 71 72 73 74 74 74 75 75 75 74 74 73 73 72 72 72 71 71 71 70 70 71 71 70 70 70 70 70 70 70 70 70 70 70 70 70 70 69 69 69 69 69 68 68 68 68 68 68 69 69 69 68 67 67 67 67 68 67 67 65 65 64 63 63 64 63 62 61 60 59 58 59 59 58 58 58 58 57 57 57 56
77 77 75 74 75 77 77 78 77 75 73 72 71 72 72 73 73 74 74 75 75 75 75 74 74 74 73 73 73 72 72 72 72 71 71 71 71 71 71 71 70 71 71 71 71 71 70 70 70 70 70 69 69 69 69 68 69 70 70 69 70 70 70 70 70 70 70 68 68 69 69 69 69 67 67 66 65 64 65 65 65 63 62 62 60 59 59 59 58 59 60 58 57 57 56 56
76 76 76 75 76 77 78 78 -9999 76 74 73 73 73 74 74 75 74 75 75 75 75 75 75 74 74 74 73 73 73 73 72 72 72 71 71 71 71 71 71 71 71 71 71 71 70 70 70 70 71 71 70 70 70 70 70 71 71 72 71 71 72 72 72 71 70 70 71 70 70 71 70 69 69 68 67 66 65 66 66 65 63 62 62 61 62 61 60 61 61 62 60 59 59 58 59
76 76 77 77 76 77 77 77 77 78 77 76 76 76 76 76 75 75 75 74 75 75 75 75 74 74 74 74 73 73 72 72 72 71 71 71 71 71 70 71 71 71 71 71 71 71 71 71 71 71 70 70 71 71 71 72 72 72 73 73 73 73 73 73 71 71 71 71 72 72 72 71 70 70 70 70 69 69 68 68 66 65 64 64 64 62 62 61 63 62 61 60 61 61 59 59
75 75 74 74 76 76 76 76 76 76 77 78 76 76 76 75 75 75 75 75 75 75 75 75 74 74 74 74 74 73 72 73 72 71 71 71 71 71 71 71 71 71 71 71 70 70 70 70 70 68 69 69 70 71 71 71 71 72 73 73 74 74 75 75 73 73 73 74 74 73 73 73 73 72 72 71 71 70 69 68 68 67 66 65 64 64 64 63 63 63 61 61 60 60 60 59
76 74 72 69 71 74 75 76 77 77 79 78 76 75 74 75 75 75 75 74 74 75 75 74 74 74 73 74 74 73 73 73 71 71 71 71 71 71 71 72 72 71 70 70 70 70 70 70 70 69 70 71 72 72 73 73 73 74 74 74 74 75 76 76 75 75 75 75 74 74 74 74 73 73 73 72 72 71 71 70 69 69 68 68 67 67 65 65 64 64 63 64 62 61 60 60
74 73 71 68 67 70 73 75 76 78 79 78 77 75 75 74 73 74 74 73 73 74 75 75 75 74 74 74 74 73 73 73 73 72 72 72 71 71 71 72 72 71 70 70 70 70 70 70 70 71 71 72 73 73 73 73 73 74 74 75 76 76 77 77 76 77 76 76 76 75 75 75 74 74 73 73 72 72 71 71 70 69 69 68 67 67 67 65 64 63 64 65 64 64 64 63
75 73 71 69 67 67 71 74 77 78 79 78 76 74 73 73 72 72 73 73 72 72 74 74 75 74 74 73 73 74 73 73 73 71 71 71 71 71 71 71 72 72 71 70 70 70 71 71 71 71 71 72 72 73 73 73 73 74 75 76 76 77 78 78 78 77 77 77 76 76 76 76 75 74 74 73 73 73 72 72 71 70 69 69 68 67 67 66 67 67 65 64 64 64 63 63
75 75 74 72 71 71 71 72 75 78 80 81 78 76 74 72 72 74 73 73 73 73 75 75 75 74 74 73 73 72 73 73 72 71 71 71 71 71 71 71 71 71 71 71 71 71 71 71 71 71 71 72 73 73 74 74 75 76 76 76 77 78 -9999 79 79 78 78 78 77 76 76 76 76 76 74 75 74 74 73 72 73 72 71 70 69 68 67 67 69 67 66 65 64 65 64 64
75 76 77 76 75 76 77 78 79 81 82 80 79 78 77 75 75 73 71 70 71 74 75 74 75 75 74 74 73 73 73 73 73 72 71 71 70 71 70 72 71 70 71 71 71 71 71 71 71 71 72 72 73 73 74 74 76 75 76 76 77 79 78 81 79 79 79 79 78 77 77 77 77 77 77 76 77 76 75 75 75 72 72 71 71 70 71 70 68 68 67 67 67 67 66 67
75 76 77 80 80 80 82 82 83 81 79 78 78 78 77 77 76 76 74 71 71 74 76 76 76 76 75 74 74 74 74 74 73 72 73 70 69 70 71 72 71 72 72 71 72 72 72 72 72 72 72 72 72 74 74 75 75 75 76 76 77 78 78 81 80 80 80 80 79 78 78 78 78 78 79 78 77 76 76 77 76 74 74 73 73 72 71 70 69 70 70 70 70 69 68 67
77 79 81 82 85 85 85 83 82 79 77 75 74 75 77 78 77 76 77 75 72 74 76 77 77 77 77 76 76 76 76 75 74 73 73 70 69 71 72 72 72 72 71 71 71 72 73 72 72 73 73 73 73 74 74 75 75 75 76 77 77 77 78 81 81 81 80 80 80 79 79 79 79 79 80 80 79 78 78 79 78 76 75 75 74 72 72 71 71 72 71 70 69 69 68 69
82 83 84 85 86 87 84 82 80 78 75 74 74 74 76 78 80 79 78 77 76 72 75 76 77 77 77 77 76 76 75 74 72 72 70 69 71 71 70 71 72 71 70 71 72 72 72 72 73 73 73 73 73 73 73 73 74 75 76 76 76 76 78 78 79 80 81 81 81 81 80 79 80 80 81 81 80 80 81 80 78 77 77 76 75 74 72 71 74 72 71 71 71 70 70 71
79 82 81 82 84 83 80 79 76 72 72 70 69 68 72 75 80 82 81 79 78 75 74 74 76 77 77 77 77 74 71 70 69 70 69 71 72 72 72 71 71 71 71 71 72 72 73 72 73 72 73 73 73 73 73 73 74 75 75 76 76 76 77 77 77 77 78 79 79 80 80 80 80 80 81 82 82 82 82 80 79 79 78 78 74 73 72 72 75 74 73 71 72 71 71 72
69 70 72 77 78 78 77 77 77 75 71 69 66 67 69 71 78 81 80 79 78 77 76 75 74 76 76 75 72 71 70 70 71 70 70 70 71 71 71 71 71 72 72 72 72 72 72 72 72 72 72 72 72 72 73 74 74 74 75 76 76 77 77 77 78 78 79 79 79 81 81 81 81 81 81 82 83 83 82 81 81 79 79 77 76 75 74 74 76 74 74 74 73 73 73 74
57 55 66 76 73 67 68 65 66 69 68 68 67 65 61 62 71 76 77 78 78 78 78 78 74 75 74 75 72 72 71 71 71 72 72 71 72 73 72 72 72 71 71 71 71 72 73 73 74 74 73 72 72 72 72 73 74 74 74 75 75 75 74 76 77 77 78 78 80 82 82 82 83 82 82 82 84 84 83 82 81 80 80 79 78 77 75 76 77 76 75 76 75 75 74 74
60 61 63 54 60 55 58 62 65 65 61 56 58 60 62 60 60 65 70 75 77 79 79 80 79 79 78 77 75 74 72 72 73 73 74 73 72 73 73 73 73 73 72 73 73 73 73 73 73 74 75 74 74 73 72 73 73 74 74 74 73 74 74 74 74 76 78 78 79 81 80 81 82 -9999 -9999 82 -9999 84 83 83 82 81 82 81 79 79 78 79 78 77 77 77 77 78 77 76
26 34 57 55 58 59 57 68 74 76 71 65 57 51 54 56 58 61 60 63 66 74 78 79 80 80 79 80 79 75 75 73 74 74 75 75 75 74 74 74 73 74 73 73 73 72 73 73 74 74 75 75 75 74 74 73 73 74 73 72 72 73 73 73 74 75 75 76 78 78 80 82 80 82 83 -9999 -9999 -9999 -9999 83 83 83 83 82 81 81 81 80 80 80 80 79 80 79 78 78
39 54 61 53 56 60 70 74 76 79 79 76 71 63 55 52 50 56 58 51 58 67 72 76 76 78 80 79 81 80 77 75 75 75 76 76 77 76 75 76 74 75 76 74 74 74 74 74 75 76 76 76 75 74 75 75 74 73 72 72 72 72 73 73 74 76 76 76 77 78 79 80 79 78 79 82 83 83 83 -9999 85 85 84 83 82 83 83 83 83 82 82 82 81 81 80 80
38 47 57 66 66 65 69 79 64 80 86 83 71 69 77 68 59 52 57 54 58 51 57 68 73 75 75 78 81 80 80 78 77 76 78 78 78 79 78 77 76 76 77 77 76 76 76 75 76 75 76 77 77 77 76 74 75 75 73 72 71 71 72 74 76 77 77 77 77 77 78 79 78 79 79 79 80 81 81 82 82 83 84 84 84 85 85 85 83 83 83 82 82 83 82 82
61 59 69 58 61 66 69 81 81 76 92 92 93 85 76 78 68 63 64 56 56 52 47 46 58 67 73 78 80 80 80 81 79 80 80 81 80 81 80 81 78 78 79 79 79 78 78 78 78 78 76 76 77 78 78 77 76 75 74 73 71 72 74 74 77 78 78 78 79 78 78 78 78 79 78 79 81 82 83 81 81 82 82 84 84 -9999 87 87 86 85 85 85 86 84 84 84
78 85 80 78 79 85 87 89 79 89 95 96 97 97 91 84 75 77 72 56 63 54 44 38 40 50 60 70 74 78 80 81 81 82 82 83 84 83 83 83 83 81 81 82 82 82 81 81 81 80 78 78 77 78 78 78 78 77 76 75 73 74 75 76 78 78 78 78 78 78 78 78 80 80 79 80 81 82 83 83 82 82 83 83 84 85 86 88 89 89 89 89 88 88 88 88
89 93 89 89 92 91 90 87 80 92 95 98 98 99 99 97 95 84 74 81 65 64 48 45 43 44 43 58 63 74 79 83 84 84 85 83 80 82 83 84 84 81 81 81 82 84 84 83 84 83 82 80 79 78 79 79 79 79 79 78 77 77 77 78 79 80 80 79 79 79 79 79 79 81 82 81 82 82 83 84 84 84 84 85 85 85 86 86 87 88 89 88 87 86 87 89
93 94 92 94 97 96 95 90 93 98 99 99 99 99 99 99 97 96 94 84 87 74 65 59 43 44 51 48 48 60 70 76 78 79 80 84 85 86 86 86 86 85 84 84 84 84 85 84 86 87 86 84 81 79 79 80 80 79 79 80 80 80 80 80 80 82 81 81 80 79 80 79 81 81 83 83 82 83 84 85 86 85 86 86 87 88 87 89 91 89 90 91 89 88 88 89
92 90 80 79 96 100 99 100 99 99 100 100 100 99 100 100 99 98 96 86 90 88 82 75 62 58 48 34 50 60 60 59 67 76 78 79 80 83 85 86 87 87 88 86 86 86 87 87 87 85 88 88 85 82 82 81 81 82 82 82 82 82 82 83 84 84 83 83 81 81 80 80 83 84 85 84 83 85 87 87 87 88 88 87 88 89 88 90 91 91 -9999 93 91 89 89 90
