resultados/variables/bio16.asc
ncols 330
nrows 228
xllcorner -12.000000
yllcorner 34.000000
cellsize 0.166667
NODATA_value -9999
[rows 40 to 79 of 228, columns 91 to 181 of 330]
-9999 -9999 -9999 -9999 -9999 -9999 -9999 -9999 -9999 -9999 -9999 -9999 -9999 -9999 -9999 -9999 -9999 -9999 -9999 -9999 -9999 -9999 -9999 -9999 -9999 -9999 -9999 -9999 -9999 -9999 -9999 -9999 -9999 -9999 -9999 -9999 -9999 -9999 -9999 -9999 -9999 -9999 -9999 -9999 -9999 -9999 -9999 -9999 -9999 -9999 -9999 -9999 -9999 -9999 -9999 -9999 -9999 562 538 518 502 475 442 412 385 359 334 309 287 277 265 253 256 251 248 237 229 228 227 222 218 -9999 220 227 228 223 221 221 218 218 218
-9999 -9999 -9999 -9999 -9999 -9999 -9999 -9999 -9999 -9999 -9999 -9999 -9999 -9999 -9999 -9999 -9999 -9999 -9999 -9999 -9999 -9999 -9999 -9999 -9999 -9999 -9999 -9999 -9999 -9999 -9999 -9999 -9999 -9999 -9999 -9999 -9999 -9999 -9999 -9999 -9999 -9999 -9999 -9999 -9999 -9999 -9999 -9999 -9999 -9999 -9999 -9999 -9999 571 566 -9999 541 523 505 485 467 442 414 387 361 340 319 298 286 273 261 250 253 256 238 231 228 227 223 221 222 221 217 214 217 218 220 220 221 219 215
-9999 -9999 -9999 -9999 -9999 -9999 -9999 -9999 -9999 -9999 -9999 -9999 -9999 -9999 -9999 -9999 -9999 -9999 -9999 -9999 -9999 -9999 -9999 -9999 -9999 -9999 -9999 -9999 -9999 -9999 -9999 -9999 -9999 -9999 -9999 -9999 -9999 -9999 -9999 -9999 -9999 -9999 -9999 -9999 -9999 -9999 479 488 -9999 507 -9999 540 550 549 535 522 503 487 473 455 433 410 387 362 338 314 291 274 271 266 262 259 244 240 237 228 221 224 225 222 221 220 221 219 223 226 224 218 217 215 213
-9999 -9999 -9999 -9999 -9999 -9999 -9999 -9999 -9999 -9999 -9999 -9999 -9999 -9999 -9999 -9999 -9999 -9999 -9999 -9999 -9999 -9999 -9999 -9999 -9999 -9999 -9999 -9999 -9999 -9999 -9999 -9999 -9999 -9999 -9999 -9999 -9999 -9999 -9999 -9999 -9999 -9999 -9999 -9999 -9999 -9999 -9999 -9999 -9999 -9999 -9999 505 515 505 499 486 471 458 441 423 403 -9999 360 339 316 293 279 277 267 256 254 239 232 231 230 228 225 218 215 214 216 215 216 221 225 229 227 224 219 214 212
-9999 -9999 -9999 -9999 -9999 -9999 -9999 -9999 -9999 -9999 -9999 -9999 -9999 -9999 -9999 -9999 -9999 -9999 -9999 -9999 -9999 -9999 -9999 -9999 -9999 -9999 -9999 -9999 -9999 -9999 -9999 -9999 -9999 -9999 -9999 -9999 -9999 -9999 -9999 -9999 -9999 -9999 -9999 -9999 -9999 -9999 -9999 -9999 449 -9999 -9999 468 468 467 462 451 439 424 409 392 375 356 336 315 295 276 269 264 256 244 238 235 231 223 221 219 219 225 224 215 212 212 214 217 221 227 230 228 224 220 213
-9999 -9999 -9999 -9999 -9999 -9999 -9999 -9999 -9999 -9999 -9999 -9999 -9999 -9999 -9999 -9999 -9999 -9999 -9999 -9999 -9999 -9999 -9999 -9999 -9999 -9999 -9999 -9999 -9999 -9999 -9999 -9999 -9999 -9999 -9999 -9999 -9999 -9999 -9999 -9999 -9999 -9999 -9999 -9999 -9999 -9999 415 419 420 423 428 430 428 426 422 415 405 393 379 365 350 332 314 298 289 276 255 245 239 234 234 227 226 223 216 217 216 215 220 219 216 212 214 215 216 219 222 224 225 222 218
-9999 -9999 -9999 -9999 -9999 -9999 -9999 -9999 -9999 -9999 -9999 -9999 -9999 -9999 -9999 -9999 -9999 -9999 -9999 -9999 -9999 -9999 -9999 -9999 -9999 -9999 -9999 -9999 -9999 -9999 -9999 -9999 -9999 -9999 -9999 -9999 -9999 -9999 -9999 -9999 -9999 -9999 -9999 -9999 388 390 391 392 393 395 397 397 395 391 -9999 380 372 363 351 341 329 314 297 283 280 281 269 254 245 235 226 222 218 216 216 214 219 214 211 213 213 212 212 216 214 215 215 216 216 212 212
-9999 -9999 -9999 -9999 -9999 -9999 -9999 -9999 -9999 -9999 -9999 -9999 -9999 -9999 -9999 -9999 -9999 -9999 -9999 -9999 -9999 -9999 -9999 -9999 -9999 -9999 -9999 -9999 -9999 -9999 -9999 -9999 -9999 -9999 -9999 -9999 -9999 -9999 -9999 -9999 -9999 369 370 368 367 367 366 366 368 368 365 364 362 361 357 353 348 340 328 319 313 310 296 279 261 250 250 251 248 242 231 224 219 216 218 216 211 212 211 211 214 214 215 213 210 211 213 216 214 212 209
-9999 -9999 -9999 -9999 -9999 -9999 -9999 -9999 -9999 -9999 -9999 -9999 -9999 -9999 -9999 -9999 -9999 -9999 -9999 -9999 -9999 -9999 -9999 -9999 -9999 -9999 -9999 -9999 -9999 -9999 -9999 -9999 -9999 -9999 -9999 -9999 -9999 -9999 -9999 -9999 -9999 -9999 350 347 345 344 -9999 -9999 337 337 337 337 335 333 333 331 325 318 306 307 302 297 291 278 260 246 -9999 232 234 229 225 222 217 213 216 213 213 212 211 209 211 213 215 211 211 215 214 216 214 212 208
-9999 -9999 -9999 -9999 -9999 -9999 -9999 -9999 -9999 -9999 -9999 -9999 -9999 -9999 -9999 -9999 -9999 -9999 -9999 -9999 -9999 -9999 -9999 -9999 -9999 -9999 -9999 -9999 -9999 -9999 -9999 -9999 -9999 422 -9999 -9999 -9999 -9999 -9999 -9999 -9999 -9999 331 326 322 323 322 -9999 -9999 313 314 313 313 313 309 305 305 303 288 281 281 273 265 256 256 247 237 226 219 218 216 215 215 215 213 213 213 212 213 210 210 209 208 209 213 214 213 212 213 213 210
-9999 -9999 -9999 -9999 -9999 -9999 -9999 -9999 -9999 -9999 -9999 -9999 -9999 -9999 -9999 -9999 -9999 -9999 -9999 -9999 -9999 -9999 -9999 -9999 -9999 -9999 -9999 -9999 -9999 -9999 -9999 -9999 -9999 418 407 -9999 -9999 -9999 348 -9999 -9999 319 315 312 -9999 299 -9999 299 297 297 298 298 296 302 295 293 288 287 279 272 271 264 253 244 237 234 226 220 218 213 219 219 215 -9999 216 219 217 216 214 212 212 210 211 210 212 213 211 210 207 210 207
-9999 -9999 -9999 -9999 -9999 -9999 -9999 -9999 -9999 -9999 -9999 -9999 -9999 -9999 -9999 -9999 -9999 -9999 -9999 -9999 -9999 -9999 -9999 -9999 -9999 -9999 -9999 -9999 437 432 -9999 -9999 -9999 413 -9999 -9999 370 354 339 325 314 -9999 291 282 278 279 281 280 279 281 285 277 282 290 288 286 277 273 277 275 259 255 248 240 232 225 218 213 212 212 214 219 218 217 219 220 223 226 222 218 214 213 210 214 217 216 216 214 209 208 206
-9999 -9999 -9999 -9999 -9999 -9999 -9999 -9999 -9999 -9999 -9999 -9999 -9999 -9999 -9999 -9999 -9999 -9999 -9999 -9999 -9999 -9999 -9999 -9999 -9999 -9999 -9999 -9999 -9999 -9999 -9999 -9999 410 400 393 379 356 340 327 312 299 288 277 271 268 267 -9999 262 267 276 280 277 280 278 282 277 -9999 275 274 264 256 251 243 234 227 219 -9999 209 208 212 212 213 215 218 219 220 221 224 222 224 221 215 213 211 210 213 213 214 215 213 209
-9999 -9999 -9999 -9999 -9999 -9999 -9999 -9999 -9999 -9999 -9999 -9999 -9999 -9999 -9999 -9999 -9999 -9999 -9999 -9999 -9999 -9999 -9999 -9999 -9999 -9999 -9999 -9999 -9999 -9999 402 397 393 383 373 359 344 327 313 299 288 277 266 260 261 262 256 259 259 259 261 266 272 277 287 281 294 283 270 272 275 263 258 259 240 223 214 -9999 213 213 216 218 220 224 226 225 224 223 221 219 223 222 219 218 218 213 210 207 213 214 209
-9999 -9999 -9999 -9999 -9999 -9999 -9999 -9999 -9999 -9999 -9999 -9999 -9999 -9999 -9999 -9999 -9999 -9999 -9999 -9999 -9999 -9999 -9999 482 463 -9999 420 -9999 389 -9999 382 -9999 371 358 344 328 319 311 300 287 283 270 260 256 254 249 252 247 250 262 269 260 262 278 278 281 277 276 280 269 260 256 256 261 247 235 223 212 213 216 218 220 222 224 227 229 228 226 226 228 222 226 228 227 226 224 219 212 -9999 209 207
-9999 -9999 -9999 -9999 -9999 -9999 -9999 -9999 -9999 -9999 -9999 -9999 -9999 -9999 -9999 -9999 -9999 -9999 -9999 -9999 -9999 -9999 -9999 482 450 -9999 398 379 -9999 356 347 -9999 337 328 315 310 313 305 300 292 272 266 271 265 260 262 254 251 246 244 254 254 255 267 274 269 269 264 261 255 252 252 245 239 235 233 227 221 220 220 222 224 225 228 232 230 231 229 225 228 227 223 229 229 228 224 222 218 213 -9999 -9999
-9999 -9999 -9999 -9999 -9999 -9999 -9999 -9999 -9999 -9999 -9999 -9999 -9999 -9999 -9999 -9999 -9999 -9999 -9999 621 584 559 519 -9999 454 -9999 380 -9999 348 339 333 316 317 314 304 301 298 298 286 290 282 273 263 261 263 257 246 237 236 237 241 244 252 267 264 256 255 264 260 254 253 254 251 249 249 242 234 225 229 227 227 228 231 231 228 226 230 228 229 227 231 -9999 228 226 225 221 221 218 216 -9999 -9999
-9999 -9999 -9999 -9999 -9999 -9999 -9999 -9999 -9999 -9999 -9999 -9999 -9999 -9999 -9999 -9999 724 -9999 656 -9999 594 568 -9999 495 467 426 392 378 343 327 317 301 284 313 318 319 315 312 297 297 286 279 268 250 246 240 230 231 247 243 241 241 239 250 256 257 252 251 252 248 250 244 240 239 242 251 239 231 228 228 224 226 226 228 231 236 233 232 229 227 228 230 229 227 226 -9999 -9999 -9999 -9999 -9999 -9999
-9999 -9999 -9999 -9999 -9999 -9999 -9999 -9999 -9999 -9999 -9999 -9999 -9999 -9999 766 749 -9999 721 705 -9999 627 595 534 486 452 -9999 403 389 348 298 279 285 278 287 301 306 311 292 281 280 284 272 263 249 239 233 233 247 253 246 251 240 -9999 257 257 256 259 258 259 261 257 253 253 242 240 234 243 245 242 232 227 226 230 233 233 236 238 237 240 238 237 234 231 227 226 221 -9999 -9999 -9999 -9999 -9999
-9999 -9999 -9999 -9999 -9999 -9999 -9999 -9999 -9999 -9999 -9999 -9999 -9999 -9999 -9999 802 -9999 -9999 -9999 684 645 598 545 515 478 438 409 366 358 354 310 293 282 282 267 261 273 293 289 278 262 260 260 253 239 236 234 239 251 246 241 235 243 257 256 259 251 254 257 258 264 252 253 246 240 235 234 235 235 236 231 230 232 234 237 232 233 235 234 235 234 232 231 229 227 221 -9999 -9999 -9999 -9999 -9999
-9999 -9999 -9999 -9999 -9999 -9999 -9999 -9999 -9999 -9999 -9999 -9999 812 -9999 -9999 -9999 -9999 762 -9999 684 630 593 551 -9999 477 461 418 341 287 277 256 268 266 268 260 259 257 264 291 295 291 270 263 261 264 251 228 228 246 252 247 241 243 246 245 244 242 249 255 253 265 261 256 251 248 242 245 243 238 240 239 238 236 234 232 230 229 232 233 229 227 227 231 225 222 -9999 -9999 -9999 -9999 -9999 -9999
-9999 -9999 -9999 -9999 -9999 -9999 -9999 -9999 -9999 -9999 -9999 -9999 848 873 869 860 -9999 797 756 699 667 618 -9999 550 -9999 445 -9999 371 -9999 334 288 268 297 298 261 248 250 251 249 264 267 271 267 260 245 235 236 235 234 241 243 247 256 260 256 254 253 249 243 243 246 253 257 256 257 250 248 250 247 243 240 239 239 239 236 232 232 229 230 233 229 227 225 222 220 -9999 -9999 -9999 -9999 -9999 -9999
-9999 -9999 -9999 -9999 -9999 -9999 -9999 -9999 -9999 -9999 -9999 -9999 824 -9999 864 853 851 826 782 725 681 649 589 -9999 447 441 363 334 335 322 336 332 329 308 268 270 252 264 253 246 250 247 259 271 262 253 237 229 228 249 250 254 261 253 266 263 269 267 251 245 246 248 255 260 263 262 257 256 252 248 241 238 235 235 -9999 237 238 238 233 232 235 232 225 -9999 -9999 -9999 -9999 -9999 -9999 -9999 -9999
-9999 -9999 -9999 -9999 -9999 -9999 -9999 -9999 -9999 -9999 -9999 -9999 848 862 871 871 863 838 806 759 704 623 588 -9999 431 -9999 374 345 311 315 311 299 307 286 284 267 258 262 271 258 263 260 245 259 268 265 249 233 231 243 244 243 247 249 250 257 255 260 255 244 246 251 252 255 256 253 260 255 254 251 242 237 239 236 235 234 231 229 231 228 231 228 223 220 -9999 -9999 -9999 -9999 -9999 -9999 -9999
-9999 -9999 -9999 -9999 -9999 -9999 -9999 -9999 -9999 -9999 -9999 813 849 881 922 915 908 872 829 773 -9999 645 572 491 432 394 353 325 328 305 279 285 288 260 248 260 265 269 267 263 259 250 242 246 265 260 262 256 234 227 239 242 245 255 246 246 248 249 257 256 251 249 249 248 249 245 248 250 246 243 241 237 241 238 237 236 237 236 232 227 226 225 -9999 219 -9999 -9999 -9999 -9999 -9999 -9999 -9999
-9999 -9999 -9999 -9999 -9999 -9999 -9999 -9999 -9999 -9999 785 -9999 -9999 887 -9999 943 930 894 841 -9999 709 661 -9999 511 481 415 379 348 324 316 315 299 261 252 242 238 257 262 265 273 264 262 253 237 242 247 247 248 242 231 236 244 249 248 250 244 242 247 255 259 256 254 251 249 250 247 244 237 -9999 242 243 242 240 242 240 238 243 242 239 237 233 225 222 219 -9999 -9999 -9999 -9999 -9999 -9999 -9999
-9999 -9999 -9999 -9999 -9999 -9999 -9999 -9999 -9999 -9999 -9999 808 867 926 976 987 959 921 867 804 741 671 605 531 487 458 429 394 365 339 304 280 286 266 259 258 251 259 257 260 259 252 255 252 239 233 234 240 245 235 235 238 245 245 245 242 245 251 250 254 255 254 257 251 246 248 247 244 237 -9999 238 239 240 242 240 237 244 242 237 234 229 223 221 218 -9999 -9999 -9999 -9999 -9999 -9999 -9999
-9999 -9999 -9999 -9999 -9999 -9999 -9999 -9999 -9999 -9999 -9999 773 -9999 927 964 982 987 947 877 805 743 676 616 558 517 475 423 387 345 325 311 287 271 254 252 259 274 268 259 257 261 258 250 254 247 237 -9999 227 232 240 243 240 242 243 241 244 249 244 249 254 254 251 252 252 249 248 249 252 248 242 241 242 243 240 236 232 232 236 236 232 227 223 221 218 215 -9999 -9999 -9999 -9999 -9999 -9999
-9999 -9999 -9999 -9999 -9999 -9999 -9999 -9999 -9999 -9999 -9999 759 803 -9999 930 982 992 952 881 804 741 665 594 558 510 -9999 435 393 362 318 288 275 268 269 264 250 270 272 274 261 256 260 253 255 257 255 256 251 242 251 255 253 242 240 245 251 252 250 248 243 249 255 255 252 250 249 246 246 250 247 244 242 242 237 232 230 235 233 230 226 221 219 219 217 215 211 209 -9999 204 -9999 -9999
-9999 -9999 -9999 -9999 -9999 -9999 -9999 -9999 -9999 -9999 -9999 -9999 -9999 841 -9999 955 981 926 -9999 -9999 726 660 618 542 499 453 418 378 352 329 306 288 281 276 278 285 266 265 266 272 272 259 261 -9999 263 269 264 255 252 255 250 255 250 244 249 248 249 248 242 241 243 249 252 250 251 250 249 248 246 248 248 253 246 238 234 231 230 228 229 226 222 220 218 216 213 211 208 205 203 200 -9999
-9999 -9999 -9999 -9999 -9999 -9999 -9999 -9999 -9999 -9999 -9999 701 -9999 783 -9999 894 903 -9999 831 797 -9999 687 631 571 523 472 424 389 362 341 325 311 299 289 273 272 275 277 263 256 256 257 255 260 267 268 266 258 256 256 253 251 253 246 250 247 249 241 239 236 243 240 243 246 249 250 255 252 252 251 247 246 245 241 238 236 230 227 226 223 221 217 215 214 211 209 207 204 202 199 195
-9999 -9999 -9999 -9999 -9999 -9999 -9999 -9999 -9999 -9999 -9999 -9999 -9999 -9999 -9999 -9999 -9999 -9999 821 -9999 715 684 637 583 526 474 429 393 372 352 329 317 302 284 292 265 266 260 252 251 254 249 248 268 269 267 265 262 261 258 258 258 257 248 247 245 248 244 239 233 238 239 236 239 243 246 245 250 252 252 253 249 243 239 233 233 231 226 222 220 217 215 213 211 208 206 204 202 200 196 193
-9999 -9999 -9999 -9999 -9999 -9999 -9999 -9999 -9999 -9999 -9999 -9999 -9999 721 733 -9999 809 826 808 766 716 677 -9999 589 526 473 431 417 379 344 330 318 304 284 273 275 277 258 258 253 249 265 257 258 256 260 266 265 265 264 261 259 252 247 242 240 241 242 -9999 232 232 236 232 238 242 241 243 243 244 246 244 248 246 241 236 230 226 223 219 217 213 212 210 209 206 203 200 199 196 194 191
-9999 -9999 -9999 -9999 -9999 -9999 -9999 -9999 -9999 -9999 -9999 -9999 -9999 -9999 -9999 -9999 -9999 -9999 785 758 719 661 627 580 518 460 410 383 367 319 321 322 304 294 282 265 275 270 261 257 251 258 -9999 254 -9999 258 265 268 265 264 263 260 256 249 242 237 235 239 237 231 228 227 230 234 234 234 237 239 238 238 242 236 237 232 229 225 223 221 217 212 209 207 204 202 201 198 197 196 194 192 189
-9999 -9999 -9999 -9999 -9999 -9999 -9999 -9999 -9999 -9999 -9999 -9999 -9999 598 651 686 722 768 759 739 709 656 620 575 522 468 450 387 335 326 313 306 298 302 284 270 262 272 268 261 262 256 252 -9999 -9999 256 261 264 265 266 263 261 256 252 249 241 232 229 226 226 224 222 221 223 227 228 229 235 236 -9999 233 231 225 224 222 220 217 214 210 207 -9999 202 200 198 196 194 193 192 191 189 186
-9999 -9999 -9999 -9999 -9999 -9999 -9999 -9999 -9999 -9999 -9999 -9999 -9999 568 593 -9999 -9999 696 729 738 711 674 632 590 532 476 456 391 352 326 312 304 297 293 289 272 268 280 277 273 260 255 250 248 -9999 252 257 263 263 265 265 260 254 251 248 244 238 230 224 222 219 217 217 217 218 222 224 -9999 229 230 231 224 220 218 216 213 211 209 206 203 201 198 196 194 192 -9999 188 187 187 185 -9999
-9999 -9999 -9999 -9999 -9999 -9999 -9999 -9999 -9999 -9999 -9999 -9999 507 -9999 -9999 -9999 -9999 -9999 717 725 707 674 634 592 540 486 450 408 372 343 348 320 316 302 296 281 272 -9999 262 263 256 252 247 -9999 -9999 250 254 257 263 267 266 260 255 250 245 242 235 228 224 219 -9999 -9999 -9999 -9999 -9999 215 221 221 223 225 220 216 215 213 -9999 209 -9999 -9999 204 202 200 198 195 193 189 186 184 182 182 180 177
-9999 -9999 -9999 -9999 -9999 -9999 -9999 -9999 -9999 -9999 -9999 -9999 -9999 -9999 -9999 -9999 599 662 700 712 699 672 632 599 555 505 454 430 395 365 353 339 330 318 300 287 279 270 263 258 254 248 -9999 -9999 -9999 -9999 -9999 -9999 261 265 267 263 256 251 245 242 235 226 221 217 -9999 -9999 -9999 -9999 -9999 211 214 216 216 215 214 213 213 211 209 207 205 202 201 198 196 194 191 189 185 183 179 -9999 175 174 -9999
-9999 -9999 -9999 -9999 -9999 -9999 -9999 -9999 -9999 -9999 -9999 -9999 -9999 -9999 -9999 -9999 583 -9999 680 704 694 668 634 599 562 519 474 436 417 393 370 352 334 329 312 294 284 272 -9999 -9999 -9999 -9999 -9999 -9999 -9999 -9999 -9999 -9999 258 266 266 263 257 252 246 239 231 -9999 -9999 -9999 210 -9999 -9999 -9999 -9999 210 -9999 216 215 216 213 214 212 209 207 203 201 199 197 194 191 190 188 185 181 177 172 -9999 166 -9999 -9999
-9999 -9999 -9999 -9999 -9999 -9999 -9999 -9999 -9999 -9999 -9999 -9999 -9999 -9999 485 530 591 637 666 684 680 655 634 605 571 527 491 456 438 412 390 372 353 338 320 -9999 -9999 -9999 -9999 -9999 -9999 -9999 -9999 -9999 -9999 -9999 -9999 -9999 254 260 260 260 256 252 249 238 -9999 -9999 -9999 -9999 -9999 -9999 -9999 -9999 206 208 211 212 214 211 -9999 211 207 203 200 198 197 197 196 192 189 186 184 -9999 177 -9999 -9999 -9999 -9999 -9999 -9999
