resultados/variables/bio16.asc
ncols 330
nrows 228
xllcorner -12.000000
yllcorner 34.000000
cellsize 0.166667
NODATA_value -9999
[rows 80 to 119 of 228, columns 182 to 272 of 330]
-9999 -9999 -9999 -9999 -9999 -9999 -9999 -9999 -9999 -9999 -9999 -9999 -9999 -9999 -9999 -9999 -9999 -9999 -9999 -9999 -9999 -9999 -9999 -9999 -9999 206 -9999 203 -9999 200 -9999 205 209 212 216 219 222 223 224 222 220 217 214 210 209 210 212 215 217 218 218 218 219 -9999 -9999 -9999 -9999 226 229 230 233 234 235 237 236 235 235 236 235 231 229 227 225 222 219 217 214 211 212 214 217 219 222 224 227 232 238 240 239 234 231
-9999 -9999 -9999 -9999 -9999 -9999 -9999 -9999 -9999 -9999 -9999 -9999 -9999 -9999 -9999 -9999 -9999 -9999 -9999 -9999 -9999 -9999 212 211 210 207 206 204 -9999 -9999 -9999 -9999 210 213 216 219 221 222 222 220 218 215 213 210 207 209 212 216 218 218 218 218 218 218 -9999 -9999 222 225 226 229 233 234 236 237 237 234 234 234 232 231 228 226 223 221 218 215 213 -9999 212 214 217 220 223 225 227 231 236 240 238 236 232
-9999 -9999 -9999 -9999 -9999 -9999 -9999 -9999 -9999 -9999 -9999 -9999 -9999 -9999 -9999 -9999 -9999 -9999 -9999 -9999 -9999 -9999 213 212 210 208 -9999 -9999 -9999 -9999 -9999 -9999 -9999 -9999 -9999 -9999 -9999 220 220 220 217 215 212 209 209 209 -9999 218 220 221 219 219 218 218 219 220 222 224 225 230 235 236 236 236 237 235 232 231 231 229 227 224 222 219 217 215 -9999 -9999 -9999 -9999 217 222 225 226 227 231 235 239 239 238 236
-9999 -9999 -9999 -9999 -9999 -9999 -9999 -9999 -9999 -9999 -9999 -9999 -9999 -9999 -9999 -9999 -9999 -9999 -9999 -9999 -9999 -9999 -9999 -9999 -9999 -9999 -9999 -9999 -9999 -9999 -9999 -9999 -9999 -9999 -9999 -9999 -9999 220 220 218 217 214 212 211 212 212 215 221 224 226 224 221 219 219 219 220 -9999 -9999 224 227 231 233 235 236 235 233 232 230 229 227 226 224 222 221 220 219 216 215 215 216 218 222 226 227 228 229 232 235 238 241 238
-9999 -9999 -9999 170 173 -9999 -9999 -9999 -9999 -9999 -9999 -9999 -9999 -9999 -9999 -9999 -9999 -9999 -9999 -9999 -9999 -9999 -9999 -9999 -9999 -9999 -9999 -9999 -9999 -9999 -9999 -9999 -9999 -9999 -9999 -9999 220 221 220 218 217 214 213 213 215 216 218 220 222 224 223 221 220 220 221 221 221 -9999 -9999 225 227 228 230 231 232 231 230 228 228 227 227 226 225 224 222 221 219 217 218 218 220 222 226 227 227 230 238 239 240 242 238
163 165 168 171 -9999 -9999 -9999 -9999 -9999 -9999 -9999 -9999 -9999 -9999 -9999 -9999 -9999 -9999 -9999 -9999 -9999 -9999 -9999 -9999 -9999 214 -9999 -9999 -9999 -9999 -9999 -9999 -9999 -9999 -9999 -9999 220 221 221 220 219 -9999 217 217 218 220 221 222 223 223 222 224 227 226 226 225 225 224 224 225 226 227 228 229 229 229 229 229 229 228 228 227 226 226 224 223 221 221 220 220 221 223 226 226 228 231 239 242 241 240 238
164 166 169 -9999 -9999 -9999 -9999 -9999 -9999 -9999 -9999 -9999 -9999 -9999 -9999 -9999 -9999 -9999 -9999 -9999 -9999 224 221 220 218 214 -9999 -9999 -9999 -9999 -9999 -9999 -9999 -9999 -9999 -9999 221 223 223 223 222 220 221 221 222 223 224 224 224 224 225 228 229 228 228 226 226 225 224 225 226 228 228 229 230 231 235 235 231 228 228 228 227 226 225 224 223 223 222 223 224 226 227 228 229 235 238 241 241 240 239
164 168 170 -9999 -9999 -9999 -9999 -9999 -9999 -9999 -9999 -9999 -9999 -9999 -9999 -9999 -9999 -9999 -9999 231 229 227 224 221 219 217 215 215 -9999 -9999 -9999 -9999 -9999 -9999 -9999 -9999 223 224 225 224 224 224 224 226 230 232 231 229 227 227 226 229 229 227 227 227 226 225 225 226 227 228 229 230 233 237 240 237 233 229 229 229 228 227 226 225 225 224 225 226 227 227 229 230 234 240 242 241 239 239 239
164 167 -9999 -9999 -9999 -9999 -9999 -9999 -9999 -9999 -9999 -9999 -9999 -9999 -9999 -9999 -9999 -9999 -9999 233 232 230 226 223 222 223 222 219 -9999 -9999 -9999 -9999 -9999 -9999 -9999 -9999 224 224 225 226 226 229 232 237 239 240 238 234 231 228 228 227 226 226 227 227 226 225 225 226 227 228 229 231 232 234 234 231 230 230 229 229 228 227 226 226 226 226 226 227 228 231 236 240 241 240 240 240 239 239 240
-9999 -9999 -9999 -9999 -9999 -9999 -9999 -9999 -9999 -9999 -9999 -9999 -9999 -9999 -9999 -9999 -9999 -9999 236 236 235 232 229 226 227 227 226 224 223 222 -9999 -9999 -9999 -9999 -9999 225 224 225 226 228 230 235 237 239 241 244 241 236 233 230 228 226 225 226 227 227 226 226 226 227 228 228 229 230 230 230 229 229 229 230 230 229 228 227 228 226 226 226 228 231 233 238 241 241 241 240 241 241 240 239 240
-9999 -9999 -9999 -9999 -9999 -9999 -9999 -9999 -9999 -9999 -9999 -9999 -9999 -9999 -9999 -9999 -9999 238 239 239 239 236 231 229 231 230 230 227 226 225 224 224 226 227 227 226 225 225 225 226 228 230 233 237 240 242 241 238 231 229 227 225 225 227 227 227 226 227 227 228 228 229 229 230 232 238 239 237 234 232 230 230 229 228 228 227 227 230 236 239 241 241 240 241 241 240 240 240 240 240 239
-9999 -9999 -9999 -9999 -9999 -9999 -9999 -9999 -9999 -9999 -9999 -9999 -9999 -9999 -9999 -9999 240 241 242 243 242 238 234 234 235 235 234 231 228 226 224 224 226 226 226 225 225 224 223 225 226 227 229 232 235 235 234 232 230 228 226 225 226 227 227 227 227 228 229 229 229 229 229 232 236 239 240 241 240 238 235 230 229 229 229 229 229 231 235 237 238 241 241 240 240 240 240 242 243 242 240
-9999 -9999 -9999 -9999 -9999 -9999 -9999 -9999 -9999 -9999 -9999 -9999 -9999 -9999 -9999 -9999 243 245 246 247 247 242 238 238 238 237 235 232 229 227 224 224 225 224 224 223 222 222 222 223 223 225 227 228 229 230 231 230 229 228 227 227 228 230 230 230 230 229 229 229 229 230 231 233 236 237 239 240 240 237 234 230 229 229 230 230 230 235 237 236 237 240 241 240 241 241 241 242 243 243 242
-9999 -9999 -9999 -9999 -9999 -9999 -9999 -9999 -9999 -9999 -9999 -9999 -9999 -9999 -9999 -9999 245 248 249 249 251 248 242 240 239 237 234 232 229 226 224 223 223 222 221 221 220 219 219 220 222 223 225 227 227 228 228 227 227 227 229 229 230 231 231 231 231 231 229 230 231 232 233 233 235 235 237 238 239 238 235 232 231 229 230 230 234 237 237 235 236 237 238 239 240 241 241 242 243 244 243
-9999 -9999 -9999 -9999 -9999 -9999 -9999 -9999 -9999 -9999 -9999 -9999 -9999 -9999 -9999 -9999 249 252 253 252 252 250 247 244 241 238 234 231 228 225 223 221 221 220 219 218 217 217 217 218 220 221 223 225 226 227 227 226 227 228 230 231 231 231 232 234 233 232 231 231 232 233 234 234 235 236 236 236 238 238 237 236 234 233 233 233 236 235 235 235 236 236 236 237 238 238 239 240 241 241 242
-9999 -9999 -9999 -9999 -9999 -9999 -9999 -9999 -9999 -9999 -9999 -9999 -9999 -9999 -9999 -9999 254 256 258 257 257 256 253 251 246 241 236 232 227 224 221 220 219 218 217 216 215 215 215 216 218 219 221 223 225 226 226 226 227 228 229 231 231 231 232 231 231 231 230 231 -9999 233 234 235 236 236 236 236 237 237 236 235 234 234 234 234 235 -9999 234 235 235 236 236 236 237 237 237 238 240 242 243
-9999 -9999 -9999 -9999 -9999 -9999 -9999 -9999 -9999 -9999 -9999 -9999 -9999 -9999 -9999 -9999 258 261 262 261 259 257 257 255 249 243 237 231 227 223 222 220 219 217 216 214 213 213 214 215 217 218 220 222 223 226 228 229 228 229 231 230 230 229 229 230 229 229 229 231 232 233 233 235 -9999 236 235 236 237 236 237 237 235 234 234 234 235 235 234 235 235 235 235 235 235 236 237 239 240 242 242
-9999 -9999 -9999 -9999 -9999 -9999 -9999 -9999 -9999 -9999 -9999 -9999 -9999 -9999 -9999 -9999 262 264 264 264 262 258 256 255 250 245 237 233 229 226 224 223 221 218 216 214 214 214 213 215 216 217 219 222 222 226 -9999 230 230 231 232 231 -9999 228 228 227 227 227 228 229 231 232 233 234 235 236 236 236 237 238 239 238 236 235 234 233 234 235 234 234 235 235 236 235 235 237 238 241 241 242 243
-9999 -9999 -9999 -9999 -9999 -9999 -9999 -9999 -9999 -9999 -9999 -9999 -9999 -9999 -9999 -9999 -9999 263 263 262 260 258 255 253 249 243 238 235 230 229 226 224 222 219 216 215 214 214 213 214 215 218 220 221 226 228 230 230 231 230 230 229 227 228 226 227 227 228 228 229 231 232 233 234 234 235 235 235 238 240 240 238 236 235 234 234 234 233 234 235 236 235 236 236 237 237 238 239 241 242 242
-9999 -9999 -9999 -9999 -9999 -9999 -9999 -9999 -9999 -9999 -9999 -9999 -9999 -9999 -9999 -9999 -9999 260 261 261 259 256 252 248 243 238 235 233 231 228 226 224 221 218 216 215 215 214 213 214 217 220 223 224 228 229 229 231 230 229 229 228 227 225 225 225 226 228 229 230 232 232 233 234 234 235 235 235 237 238 238 237 236 235 233 233 232 233 234 233 234 235 236 238 240 239 239 238 241 242 242
-9999 -9999 -9999 -9999 -9999 -9999 -9999 -9999 -9999 -9999 -9999 -9999 -9999 -9999 -9999 254 -9999 -9999 259 259 255 252 247 241 236 233 231 230 228 228 225 223 220 218 217 216 216 214 213 216 219 222 224 225 227 228 -9999 233 231 229 228 227 227 226 225 226 229 231 233 234 234 233 234 234 234 234 235 235 235 235 236 236 236 237 235 234 232 232 231 231 232 235 237 238 238 238 238 239 241 241 240
-9999 -9999 -9999 -9999 -9999 -9999 -9999 -9999 -9999 -9999 -9999 -9999 -9999 -9999 -9999 -9999 -9999 253 254 253 251 248 243 237 234 232 230 228 227 226 224 223 220 219 219 218 216 216 218 218 221 224 227 227 228 229 232 234 233 233 231 229 230 229 229 230 231 232 233 235 236 236 236 235 234 234 235 234 234 235 235 235 237 237 235 234 233 233 232 231 231 233 235 236 238 237 237 238 240 240 239
-9999 -9999 -9999 -9999 -9999 -9999 -9999 -9999 -9999 -9999 238 243 248 252 252 -9999 -9999 249 250 248 246 244 239 235 233 230 229 227 226 225 225 223 222 220 219 219 219 219 219 220 223 226 228 228 228 230 231 231 233 233 233 231 232 231 231 232 233 233 234 235 236 237 236 237 235 234 234 234 234 234 234 233 233 232 233 232 231 231 230 230 231 232 235 236 236 236 236 237 239 239 239
-9999 -9999 -9999 -9999 -9999 -9999 -9999 -9999 -9999 -9999 235 241 247 252 250 247 246 246 245 244 242 239 236 234 232 230 227 225 224 223 223 223 223 221 220 222 223 222 224 223 226 228 229 230 234 232 231 230 231 232 232 232 233 232 232 233 234 235 235 235 235 236 237 240 237 235 235 237 237 235 235 233 231 230 230 230 229 228 229 231 230 232 233 233 234 234 237 239 240 241 240
204 -9999 -9999 -9999 -9999 -9999 -9999 -9999 -9999 -9999 -9999 238 241 245 245 244 242 241 240 238 236 234 234 232 230 229 230 227 225 224 224 224 224 222 221 222 226 226 227 227 228 229 234 235 235 235 233 231 231 232 232 233 234 233 233 234 234 238 237 235 235 238 238 238 237 237 237 238 238 236 234 233 230 229 229 228 228 228 229 230 231 232 233 234 235 236 239 240 240 241 238
208 202 -9999 -9999 -9999 -9999 -9999 -9999 224 228 236 240 244 242 242 240 238 236 235 234 235 236 233 233 234 234 -9999 234 228 225 225 224 222 222 223 226 225 227 227 227 228 230 233 235 236 236 235 237 234 232 232 232 233 234 236 237 237 240 237 236 236 238 238 237 237 237 237 238 236 235 233 230 228 228 228 228 228 229 230 230 229 230 232 233 235 237 239 240 239 240 239
212 203 199 200 205 212 224 230 226 229 235 237 241 239 237 235 233 232 233 234 235 234 234 237 235 234 234 229 228 226 226 226 223 222 222 223 224 226 228 228 230 231 232 234 236 236 237 236 237 237 236 236 237 236 240 242 240 238 236 235 236 236 237 237 237 237 237 236 235 233 231 227 227 226 225 225 225 226 227 227 228 230 231 232 235 237 239 241 240 239 238
212 206 203 203 208 214 220 226 229 233 233 235 237 238 239 238 234 233 234 234 232 232 233 230 231 228 226 223 221 221 222 221 220 219 219 220 223 225 227 229 229 231 232 232 232 233 232 232 233 237 238 239 242 241 241 242 241 237 236 235 236 236 236 237 237 238 237 236 233 232 230 227 224 225 224 224 224 227 227 227 228 229 230 233 235 236 239 240 239 238 235
211 208 206 207 213 219 223 229 233 235 235 237 237 239 238 238 237 235 234 230 229 229 228 225 224 223 222 219 218 218 218 216 214 214 216 218 220 223 225 227 228 230 230 229 230 231 231 231 232 234 237 241 243 243 240 239 240 -9999 237 236 236 237 237 237 237 238 237 236 233 231 228 224 222 223 223 223 223 224 226 225 226 227 229 232 234 236 239 239 237 237 234
212 211 209 209 217 221 225 228 230 232 233 235 236 236 234 235 233 231 229 227 -9999 224 224 223 220 218 217 215 215 215 214 215 213 211 212 214 218 222 225 226 227 229 229 230 233 233 230 230 233 235 237 240 241 240 239 238 237 235 235 235 236 238 238 238 238 238 238 236 234 231 228 224 223 223 222 222 223 223 223 224 224 226 228 230 232 234 235 237 234 233 232
212 211 207 213 217 220 222 225 228 235 234 235 235 233 230 229 228 227 225 224 -9999 221 222 221 218 215 214 213 213 216 214 214 212 211 209 211 216 220 224 226 226 228 229 232 239 238 233 231 231 233 235 237 237 237 237 236 235 234 233 234 236 238 239 239 239 239 239 237 235 232 229 225 224 223 223 222 222 222 222 222 224 225 227 229 230 230 231 231 231 231 229
209 209 210 214 216 218 221 223 226 231 232 233 232 229 226 224 222 221 219 218 217 217 219 219 215 213 215 214 213 214 213 213 212 208 209 211 214 217 220 223 226 231 234 234 235 236 233 232 233 235 234 236 235 236 237 236 236 235 234 235 236 238 239 240 241 240 240 239 236 233 231 228 226 224 223 222 221 221 222 222 223 223 224 225 226 227 227 228 228 227 226
210 212 213 214 215 216 218 220 224 225 226 226 226 223 222 218 216 215 214 214 213 214 215 216 213 211 211 211 212 211 211 212 211 210 214 215 217 221 221 225 227 230 235 235 234 234 233 233 234 234 235 236 237 237 237 237 237 236 236 236 238 239 241 242 242 243 242 240 237 235 232 230 228 226 224 223 222 222 221 220 220 220 221 222 224 224 225 226 226 224 223
207 210 211 212 213 215 217 219 220 220 220 219 219 217 216 213 211 210 209 209 210 211 213 211 212 212 211 209 210 211 212 211 212 212 214 216 218 223 224 226 230 232 232 234 233 232 231 232 235 235 236 237 237 237 237 236 237 238 237 239 240 241 242 243 244 244 243 241 238 236 234 231 230 228 226 223 223 221 219 218 218 219 220 221 222 222 223 223 224 222 221
208 209 208 210 212 214 215 215 215 214 214 213 213 211 210 207 205 205 205 206 208 209 210 210 212 212 212 211 210 210 210 211 211 212 215 217 219 221 222 225 228 230 231 230 231 230 231 232 234 234 234 234 235 236 237 237 238 238 238 240 241 241 242 243 245 245 243 242 240 237 235 233 231 229 227 224 223 221 218 217 217 216 217 219 220 222 222 223 222 220 218
206 208 209 207 209 211 211 212 213 212 211 209 207 205 203 202 199 200 201 203 205 206 206 208 209 210 211 211 212 211 212 213 214 214 214 216 217 219 222 224 226 227 228 228 229 229 230 231 232 234 234 235 236 236 237 238 238 238 239 239 241 242 243 244 245 245 244 243 241 239 236 235 232 230 228 224 222 220 217 216 214 214 216 218 218 220 221 221 220 218 217
204 206 207 207 206 206 207 207 209 211 210 207 205 201 199 197 195 196 198 200 202 205 207 208 208 210 213 214 214 214 215 214 213 215 214 215 216 218 219 221 223 225 226 227 228 229 229 231 232 233 234 234 236 237 237 238 239 240 240 241 242 242 243 244 245 245 245 244 242 240 238 235 233 231 228 226 222 220 217 213 213 214 216 217 217 218 218 218 217 215 217
203 205 206 207 209 209 207 206 205 204 205 204 202 199 195 191 191 194 197 201 204 205 208 210 210 210 212 214 216 215 214 213 213 213 213 214 214 216 218 219 221 222 223 225 226 228 229 230 231 233 234 235 236 237 238 240 240 -9999 242 243 243 243 244 244 245 245 245 245 244 243 240 237 233 232 229 226 223 220 217 214 213 214 216 216 216 216 218 217 217 215 214
201 203 205 207 208 208 207 206 205 205 204 202 201 199 197 195 193 196 199 204 208 207 208 209 211 213 214 216 215 213 212 211 212 211 211 211 213 214 216 218 220 222 223 225 226 227 228 229 231 232 234 236 237 238 239 240 241 242 242 243 243 244 244 244 244 245 245 245 245 243 240 237 235 231 229 226 225 222 218 216 214 214 214 215 214 215 216 216 217 215 213
202 203 203 205 207 207 207 207 206 206 205 205 204 204 203 200 198 198 202 205 207 207 210 210 211 212 214 216 216 213 209 207 208 208 208 210 211 213 214 216 218 219 221 222 224 226 227 229 231 232 234 236 237 238 239 240 241 242 242 244 243 244 245 245 245 245 244 245 244 243 240 238 235 232 229 227 226 223 220 218 216 214 213 214 215 215 215 216 216 214 213
