resultados/variables/bio16.asc
ncols 330
nrows 228
xllcorner -12.000000
yllcorner 34.000000
cellsize 0.166667
NODATA_value -9999
[rows 160 to 199 of 228, columns 0 to 90 of 330]
-9999 -9999 -9999 -9999 -9999 -9999 -9999 -9999 -9999 -9999 -9999 -9999 -9999 -9999 -9999 -9999 -9999 -9999 -9999 -9999 -9999 -9999 -9999 -9999 -9999 -9999 -9999 -9999 -9999 -9999 -9999 -9999 -9999 -9999 -9999 -9999 -9999 -9999 -9999 -9999 -9999 -9999 -9999 -9999 -9999 -9999 -9999 -9999 -9999 -9999 -9999 -9999 -9999 -9999 -9999 -9999 -9999 -9999 -9999 -9999 -9999 -9999 -9999 -9999 -9999 314 305 -9999 289 286 283 278 272 268 270 269 268 266 267 265 251 249 241 242 238 233 237 256 260 267 242
-9999 -9999 -9999 -9999 -9999 -9999 -9999 -9999 -9999 -9999 -9999 -9999 -9999 -9999 -9999 -9999 -9999 -9999 -9999 -9999 -9999 -9999 -9999 -9999 -9999 -9999 -9999 -9999 -9999 -9999 -9999 -9999 -9999 -9999 -9999 -9999 -9999 -9999 -9999 -9999 -9999 -9999 -9999 -9999 -9999 -9999 -9999 -9999 -9999 -9999 -9999 -9999 -9999 -9999 -9999 -9999 -9999 -9999 -9999 -9999 -9999 -9999 -9999 -9999 -9999 324 312 301 292 286 280 272 269 265 263 263 264 262 255 248 243 235 232 228 234 234 241 263 278 252 238
-9999 -9999 -9999 -9999 -9999 -9999 -9999 -9999 -9999 -9999 -9999 -9999 -9999 -9999 -9999 -9999 -9999 -9999 -9999 -9999 -9999 -9999 -9999 -9999 -9999 -9999 -9999 -9999 -9999 -9999 -9999 -9999 -9999 -9999 -9999 -9999 -9999 -9999 -9999 -9999 -9999 -9999 -9999 -9999 -9999 -9999 -9999 -9999 -9999 -9999 -9999 -9999 -9999 -9999 -9999 -9999 -9999 -9999 -9999 -9999 -9999 -9999 -9999 -9999 -9999 333 320 306 293 286 277 272 265 260 255 253 251 246 243 239 232 224 217 221 238 231 231 234 243 236 229
-9999 -9999 -9999 -9999 -9999 -9999 -9999 -9999 -9999 -9999 -9999 -9999 -9999 -9999 -9999 -9999 -9999 -9999 -9999 -9999 -9999 -9999 -9999 -9999 -9999 -9999 -9999 -9999 -9999 -9999 -9999 -9999 -9999 -9999 -9999 -9999 -9999 -9999 -9999 -9999 -9999 -9999 -9999 -9999 -9999 -9999 -9999 -9999 -9999 -9999 -9999 -9999 -9999 -9999 -9999 -9999 -9999 -9999 -9999 -9999 -9999 -9999 -9999 -9999 352 339 328 313 298 290 281 271 264 256 250 244 241 241 238 229 226 224 223 226 229 219 227 217 227 248 245
-9999 -9999 -9999 -9999 -9999 -9999 -9999 -9999 -9999 -9999 -9999 -9999 -9999 -9999 -9999 -9999 -9999 -9999 -9999 -9999 -9999 -9999 -9999 -9999 -9999 -9999 -9999 -9999 -9999 -9999 -9999 -9999 -9999 -9999 -9999 -9999 -9999 -9999 -9999 -9999 -9999 -9999 -9999 -9999 -9999 -9999 -9999 -9999 -9999 -9999 -9999 -9999 -9999 -9999 -9999 -9999 -9999 -9999 -9999 -9999 -9999 -9999 -9999 -9999 -9999 352 335 322 307 292 280 268 258 249 241 236 231 232 231 228 227 224 219 214 209 207 208 207 211 231 250
-9999 -9999 -9999 -9999 -9999 -9999 -9999 -9999 -9999 -9999 -9999 -9999 -9999 -9999 -9999 -9999 -9999 -9999 -9999 -9999 -9999 -9999 -9999 -9999 -9999 -9999 -9999 -9999 -9999 -9999 -9999 -9999 -9999 -9999 -9999 -9999 -9999 -9999 -9999 -9999 -9999 -9999 -9999 -9999 -9999 -9999 -9999 -9999 -9999 -9999 -9999 -9999 -9999 -9999 -9999 -9999 -9999 -9999 -9999 -9999 -9999 -9999 -9999 -9999 378 364 347 329 313 296 284 272 256 241 233 226 221 219 222 222 220 218 217 216 217 218 212 208 208 206 212
-9999 -9999 -9999 -9999 -9999 -9999 -9999 -9999 -9999 -9999 -9999 -9999 -9999 -9999 -9999 -9999 -9999 -9999 -9999 -9999 -9999 -9999 -9999 -9999 -9999 -9999 -9999 -9999 -9999 -9999 -9999 -9999 -9999 -9999 -9999 -9999 -9999 -9999 -9999 -9999 -9999 -9999 -9999 -9999 -9999 -9999 -9999 -9999 -9999 -9999 -9999 -9999 -9999 -9999 -9999 -9999 -9999 -9999 -9999 -9999 -9999 -9999 -9999 -9999 390 375 357 337 319 302 286 271 255 239 226 217 215 213 213 214 214 214 219 217 219 221 219 215 219 220 212
-9999 -9999 -9999 -9999 -9999 -9999 -9999 -9999 -9999 -9999 -9999 -9999 -9999 -9999 -9999 -9999 -9999 -9999 -9999 -9999 -9999 -9999 -9999 -9999 -9999 -9999 -9999 -9999 -9999 -9999 -9999 -9999 -9999 -9999 -9999 -9999 -9999 -9999 -9999 -9999 -9999 -9999 -9999 -9999 -9999 -9999 -9999 -9999 -9999 -9999 -9999 -9999 -9999 -9999 -9999 -9999 -9999 -9999 -9999 -9999 -9999 -9999 -9999 -9999 402 385 365 342 321 301 283 269 252 235 222 212 206 205 205 205 206 207 217 210 210 209 210 214 215 209 209
-9999 -9999 -9999 -9999 -9999 -9999 -9999 -9999 -9999 -9999 -9999 -9999 -9999 -9999 -9999 -9999 -9999 -9999 -9999 -9999 -9999 -9999 -9999 -9999 -9999 -9999 -9999 -9999 -9999 -9999 -9999 -9999 -9999 -9999 -9999 -9999 -9999 -9999 -9999 -9999 -9999 -9999 -9999 -9999 -9999 -9999 -9999 -9999 -9999 -9999 -9999 -9999 -9999 -9999 -9999 -9999 -9999 -9999 -9999 -9999 -9999 -9999 -9999 -9999 412 394 368 341 317 296 277 262 247 231 219 210 209 211 209 204 205 209 209 205 203 206 213 214 208 211 217
-9999 -9999 -9999 -9999 -9999 -9999 -9999 -9999 -9999 -9999 -9999 -9999 -9999 -9999 -9999 -9999 -9999 -9999 -9999 -9999 -9999 -9999 -9999 -9999 389 -9999 -9999 -9999 -9999 -9999 -9999 -9999 -9999 -9999 -9999 -9999 -9999 -9999 -9999 -9999 -9999 -9999 -9999 -9999 -9999 -9999 -9999 -9999 -9999 -9999 -9999 -9999 -9999 -9999 -9999 -9999 -9999 -9999 -9999 -9999 -9999 -9999 -9999 430 416 393 364 338 313 292 272 255 242 228 217 212 211 210 214 206 206 207 206 208 207 213 223 230 232 228 222
-9999 -9999 -9999 -9999 -9999 -9999 -9999 -9999 -9999 -9999 -9999 -9999 -9999 -9999 -9999 -9999 -9999 -9999 -9999 -9999 -9999 -9999 -9999 389 397 405 386 353 -9999 -9999 -9999 -9999 -9999 -9999 -9999 -9999 288 -9999 -9999 -9999 -9999 -9999 -9999 -9999 -9999 -9999 -9999 -9999 -9999 -9999 -9999 -9999 -9999 -9999 -9999 -9999 -9999 -9999 -9999 -9999 -9999 -9999 -9999 434 411 388 359 331 307 287 268 250 235 225 216 215 215 213 213 210 206 210 213 213 209 213 226 238 240 232 219
-9999 -9999 -9999 -9999 -9999 -9999 -9999 -9999 -9999 -9999 -9999 -9999 -9999 -9999 -9999 -9999 -9999 -9999 -9999 -9999 -9999 -9999 -9999 420 428 423 422 381 344 330 343 321 320 313 303 288 289 285 288 283 284 283 290 299 -9999 -9999 -9999 -9999 361 374 384 -9999 -9999 -9999 424 423 -9999 -9999 -9999 -9999 -9999 -9999 442 427 401 372 346 320 295 277 264 249 231 222 217 219 218 216 219 212 212 214 215 215 228 240 235 231 225 217 211
-9999 -9999 -9999 -9999 -9999 -9999 -9999 -9999 -9999 -9999 -9999 -9999 -9999 -9999 -9999 -9999 -9999 -9999 414 424 445 437 413 438 444 412 386 372 358 364 334 346 321 308 309 301 297 279 283 284 292 290 321 316 296 300 308 320 332 340 348 357 365 379 392 392 394 400 409 423 431 435 427 412 386 357 330 305 284 265 251 245 229 224 228 229 226 226 220 219 219 217 219 217 210 215 214 209 208 207 208
-9999 -9999 -9999 -9999 -9999 -9999 -9999 -9999 -9999 -9999 -9999 -9999 -9999 -9999 -9999 -9999 -9999 419 457 487 498 485 475 470 454 417 384 375 374 360 333 351 328 354 351 345 314 294 303 316 306 300 317 314 288 305 296 293 298 305 310 315 323 332 336 339 342 350 364 380 391 396 392 381 363 349 319 301 290 281 268 251 251 245 250 243 236 233 235 236 231 229 226 225 219 214 222 217 212 209 -9999
-9999 -9999 -9999 -9999 -9999 -9999 -9999 -9999 -9999 -9999 -9999 -9999 -9999 -9999 -9999 -9999 -9999 451 482 496 500 506 489 465 455 427 386 359 369 342 352 374 358 354 349 343 316 306 290 289 274 276 278 300 284 275 271 265 267 270 274 277 282 286 288 286 287 298 312 327 343 359 360 346 334 322 317 333 308 328 342 308 354 338 308 294 299 304 284 267 291 262 269 251 244 222 232 224 216 211 -9999
-9999 -9999 -9999 -9999 -9999 -9999 -9999 -9999 -9999 -9999 -9999 -9999 -9999 -9999 -9999 -9999 -9999 438 483 512 508 513 503 487 469 423 397 370 392 381 377 332 295 320 317 295 264 253 236 234 234 235 238 241 238 235 235 238 239 240 244 243 246 246 240 240 247 253 264 275 291 312 323 310 294 283 274 283 315 349 363 373 375 357 362 343 334 367 361 337 341 315 306 308 290 273 239 212 205 200 -9999
-9999 -9999 -9999 -9999 -9999 -9999 -9999 -9999 -9999 -9999 -9999 -9999 -9999 -9999 -9999 -9999 -9999 -9999 -9999 515 554 573 553 512 489 415 376 348 379 392 333 273 256 269 274 247 229 217 204 203 204 206 210 209 207 206 207 210 213 214 211 211 212 210 202 201 199 196 194 209 230 254 268 263 250 243 233 230 237 254 280 294 302 321 349 365 368 382 348 331 370 358 360 359 324 296 260 236 208 201 -9999
-9999 -9999 -9999 -9999 -9999 -9999 -9999 -9999 -9999 -9999 -9999 -9999 -9999 -9999 -9999 -9999 -9999 -9999 -9999 558 574 596 546 463 417 403 388 378 350 343 317 314 327 329 260 224 205 195 186 183 185 183 185 183 182 181 182 184 187 184 186 192 193 193 183 168 168 154 157 167 185 202 213 215 216 215 220 204 211 213 238 248 221 244 277 306 302 329 313 323 297 327 323 295 336 346 306 255 231 220 213
-9999 -9999 -9999 -9999 -9999 -9999 -9999 -9999 -9999 -9999 -9999 -9999 -9999 -9999 -9999 -9999 -9999 -9999 -9999 -9999 593 575 542 441 418 412 432 464 433 362 400 409 346 314 257 211 191 179 171 171 167 165 165 164 161 161 164 167 166 165 170 190 213 217 214 193 196 198 187 164 160 166 174 176 175 175 180 169 175 193 211 215 207 207 226 255 262 261 287 286 273 313 303 288 278 276 260 245 228 209 203
-9999 -9999 -9999 -9999 -9999 -9999 -9999 -9999 -9999 -9999 -9999 -9999 -9999 -9999 -9999 -9999 -9999 -9999 -9999 589 542 527 536 554 497 447 428 432 413 391 414 367 295 261 220 195 178 166 158 155 152 152 150 147 145 149 151 153 153 155 163 169 181 208 214 225 222 215 202 181 161 151 149 156 151 151 153 145 143 139 146 155 164 180 212 223 241 227 247 241 253 261 262 239 248 253 263 255 237 222 209
-9999 -9999 -9999 -9999 -9999 -9999 -9999 -9999 -9999 -9999 -9999 -9999 -9999 -9999 -9999 -9999 -9999 -9999 -9999 552 586 554 572 534 547 519 438 372 381 362 344 314 269 245 217 190 167 153 146 142 141 141 142 142 139 139 144 149 150 152 158 168 168 177 194 197 194 191 200 182 170 155 148 137 135 144 146 132 137 130 133 142 144 155 177 190 204 204 196 202 225 226 214 211 229 239 256 256 244 239 220
-9999 -9999 -9999 -9999 -9999 -9999 -9999 -9999 -9999 -9999 -9999 -9999 -9999 -9999 -9999 -9999 -9999 -9999 -9999 549 530 523 547 565 551 522 437 389 371 330 342 290 255 233 204 181 158 142 134 133 133 136 138 138 135 137 140 143 142 144 145 150 156 163 169 174 173 170 177 181 201 193 156 138 127 123 124 124 135 137 130 132 134 141 146 156 157 164 175 191 207 215 201 203 227 238 256 249 244 241 -9999
-9999 -9999 -9999 -9999 -9999 -9999 -9999 -9999 -9999 -9999 -9999 -9999 -9999 -9999 -9999 -9999 -9999 -9999 -9999 518 507 491 494 536 525 481 451 422 331 314 322 283 243 225 197 171 149 131 126 126 125 127 129 130 132 134 137 138 142 143 146 147 146 148 153 155 161 163 167 171 176 171 149 135 128 131 123 118 119 127 135 136 136 135 137 140 149 160 175 198 206 201 205 205 210 217 234 -9999 -9999 -9999 -9999
-9999 -9999 -9999 -9999 -9999 -9999 -9999 -9999 -9999 -9999 -9999 -9999 -9999 -9999 -9999 -9999 -9999 -9999 -9999 494 493 491 493 512 474 543 492 409 347 327 312 269 249 220 193 170 148 130 124 121 119 120 123 124 128 132 136 139 145 156 150 149 154 157 155 155 156 160 156 156 157 149 147 144 134 136 139 125 117 119 129 132 132 137 136 149 167 182 192 197 210 210 207 214 217 -9999 -9999 -9999 -9999 -9999 -9999
-9999 -9999 -9999 -9999 -9999 -9999 -9999 -9999 -9999 -9999 -9999 -9999 -9999 -9999 -9999 -9999 -9999 -9999 -9999 -9999 488 502 486 476 542 470 448 407 398 311 294 283 252 222 -9999 174 159 144 132 122 119 117 118 121 124 128 134 140 145 150 156 184 179 176 160 156 163 161 148 149 148 147 149 162 158 154 145 132 123 120 124 130 137 145 152 158 180 200 205 196 203 206 214 -9999 -9999 -9999 -9999 -9999 -9999 -9999 -9999
-9999 -9999 -9999 -9999 -9999 -9999 -9999 -9999 -9999 -9999 -9999 -9999 -9999 -9999 -9999 -9999 -9999 -9999 -9999 -9999 472 471 478 514 533 483 461 433 370 313 295 273 262 233 206 177 159 144 133 124 119 118 117 121 126 130 136 146 161 171 174 177 164 158 148 147 160 166 175 174 173 168 170 162 171 175 156 151 138 135 133 141 152 161 173 179 193 203 202 -9999 -9999 -9999 -9999 -9999 -9999 -9999 -9999 -9999 -9999 -9999 -9999
-9999 -9999 -9999 -9999 -9999 -9999 -9999 -9999 -9999 -9999 -9999 -9999 -9999 -9999 -9999 -9999 -9999 -9999 -9999 -9999 457 492 531 540 557 557 503 482 396 339 317 291 266 237 209 186 165 151 136 124 123 122 123 123 129 135 139 155 191 172 155 153 146 139 139 147 156 163 166 177 175 175 172 169 168 186 174 158 154 154 145 156 166 178 189 200 209 -9999 -9999 -9999 -9999 -9999 -9999 -9999 -9999 -9999 -9999 -9999 -9999 -9999 -9999
-9999 -9999 -9999 -9999 -9999 -9999 -9999 -9999 -9999 -9999 -9999 -9999 -9999 -9999 -9999 -9999 -9999 -9999 -9999 -9999 427 470 504 490 491 490 475 454 398 363 338 301 275 244 217 195 180 165 145 134 131 135 136 134 136 148 159 174 178 158 153 151 145 139 144 145 144 154 170 175 180 184 185 166 180 187 189 186 184 170 158 171 185 197 200 207 213 -9999 -9999 -9999 -9999 -9999 -9999 -9999 -9999 -9999 -9999 -9999 -9999 -9999 -9999
-9999 -9999 -9999 -9999 -9999 -9999 -9999 -9999 -9999 -9999 -9999 -9999 -9999 -9999 -9999 -9999 -9999 -9999 -9999 407 410 419 505 475 445 443 439 460 437 396 355 310 268 253 249 220 186 169 155 154 156 166 150 148 146 151 156 145 150 154 157 156 147 145 144 142 149 157 166 183 196 207 199 180 169 176 190 195 203 197 174 181 188 192 202 -9999 -9999 -9999 -9999 -9999 -9999 -9999 -9999 -9999 -9999 -9999 -9999 -9999 -9999 -9999 -9999
-9999 -9999 -9999 -9999 -9999 -9999 -9999 -9999 -9999 -9999 -9999 -9999 -9999 -9999 -9999 -9999 -9999 -9999 -9999 395 400 408 426 413 424 465 621 485 422 397 368 323 293 272 235 191 179 196 179 173 199 189 173 148 141 125 130 135 146 155 159 158 154 146 141 135 143 145 159 179 201 213 202 184 163 165 195 208 233 213 184 183 185 194 199 -9999 -9999 -9999 -9999 -9999 -9999 -9999 -9999 -9999 -9999 -9999 -9999 -9999 -9999 -9999 -9999
-9999 -9999 -9999 -9999 -9999 -9999 -9999 -9999 -9999 -9999 -9999 -9999 -9999 -9999 -9999 -9999 -9999 -9999 -9999 382 381 394 403 412 472 504 519 394 373 380 354 329 276 232 196 -9999 197 234 233 212 207 155 145 124 126 123 124 134 142 150 151 154 151 144 139 143 151 158 170 179 194 204 201 192 167 165 174 172 192 188 178 179 186 191 -9999 -9999 -9999 -9999 -9999 -9999 -9999 -9999 -9999 -9999 -9999 -9999 -9999 -9999 -9999 -9999 -9999
-9999 -9999 -9999 -9999 -9999 -9999 -9999 -9999 -9999 -9999 -9999 -9999 -9999 -9999 -9999 -9999 -9999 -9999 -9999 364 369 396 452 476 476 449 432 376 333 319 284 252 221 207 183 174 181 171 145 129 122 120 121 125 118 120 125 130 136 142 143 147 144 141 144 152 161 170 172 179 186 183 180 181 154 197 190 159 159 166 172 178 185 -9999 -9999 -9999 -9999 -9999 -9999 -9999 -9999 -9999 -9999 -9999 -9999 -9999 -9999 -9999 -9999 -9999 -9999
-9999 -9999 -9999 -9999 -9999 -9999 -9999 -9999 -9999 -9999 -9999 -9999 -9999 -9999 -9999 -9999 -9999 -9999 345 359 375 394 419 425 461 415 356 338 302 288 263 240 216 197 187 174 152 141 135 129 127 124 122 122 121 123 123 126 129 134 142 146 145 143 145 151 156 165 169 176 171 164 172 164 155 158 180 170 162 171 175 176 -9999 -9999 -9999 -9999 -9999 -9999 -9999 -9999 -9999 -9999 -9999 -9999 -9999 -9999 -9999 -9999 -9999 -9999 -9999
-9999 -9999 -9999 -9999 -9999 -9999 -9999 -9999 -9999 -9999 -9999 -9999 -9999 -9999 -9999 -9999 -9999 -9999 339 352 366 362 373 382 399 352 331 307 287 275 251 235 214 198 185 171 162 156 149 142 137 133 135 136 135 133 136 138 138 137 138 139 140 140 145 152 152 160 157 167 166 158 151 156 152 141 148 157 167 176 181 -9999 -9999 -9999 -9999 -9999 -9999 -9999 -9999 -9999 -9999 -9999 -9999 -9999 -9999 -9999 -9999 -9999 252 252 260
-9999 -9999 -9999 -9999 -9999 -9999 -9999 -9999 -9999 -9999 -9999 -9999 -9999 -9999 -9999 -9999 -9999 -9999 341 377 352 328 342 352 343 320 312 303 291 269 247 235 219 196 182 172 168 166 164 172 162 149 155 158 160 157 153 153 148 142 140 139 137 139 145 145 150 153 152 152 152 151 142 146 143 151 153 159 172 184 -9999 -9999 -9999 -9999 -9999 -9999 -9999 -9999 -9999 -9999 -9999 -9999 -9999 -9999 -9999 -9999 204 205 201 234 253
-9999 -9999 -9999 -9999 -9999 -9999 -9999 -9999 -9999 -9999 -9999 -9999 -9999 -9999 -9999 -9999 -9999 312 337 330 311 312 312 310 317 317 317 331 307 281 250 227 211 198 188 179 176 181 179 178 158 150 145 148 155 159 152 163 160 151 147 140 139 140 139 140 142 143 146 142 141 139 134 130 134 146 156 164 177 188 -9999 -9999 -9999 -9999 -9999 -9999 -9999 -9999 -9999 -9999 -9999 -9999 -9999 -9999 -9999 -9999 -9999 -9999 -9999 224 246
-9999 -9999 -9999 -9999 -9999 -9999 -9999 -9999 -9999 -9999 -9999 -9999 -9999 -9999 -9999 -9999 308 321 312 305 298 305 307 300 297 289 294 310 299 255 236 219 210 201 195 192 177 169 163 161 158 152 157 155 155 156 150 158 152 154 150 142 140 140 140 141 142 141 138 136 134 133 132 132 137 145 158 166 177 187 -9999 -9999 -9999 -9999 -9999 -9999 -9999 -9999 -9999 -9999 -9999 -9999 -9999 -9999 -9999 -9999 -9999 -9999 -9999 -9999 -9999
-9999 -9999 -9999 -9999 -9999 -9999 -9999 -9999 -9999 -9999 -9999 -9999 -9999 -9999 -9999 321 324 330 303 293 294 294 288 282 278 272 272 268 252 233 214 206 200 192 191 181 173 169 168 166 164 163 164 167 163 165 158 156 148 145 145 145 145 146 149 152 152 151 140 132 131 131 135 144 151 148 162 165 173 188 202 -9999 -9999 -9999 -9999 -9999 -9999 -9999 -9999 -9999 201 198 -9999 -9999 -9999 -9999 -9999 -9999 -9999 -9999 -9999
-9999 -9999 -9999 -9999 -9999 -9999 -9999 -9999 -9999 -9999 -9999 -9999 -9999 -9999 -9999 354 359 333 296 290 286 279 273 268 266 266 268 258 251 216 202 196 192 190 188 182 181 181 178 177 175 176 172 172 174 167 165 159 154 153 154 152 153 157 160 160 163 163 146 134 131 137 146 149 145 150 162 165 174 188 207 -9999 -9999 -9999 -9999 -9999 -9999 -9999 -9999 201 196 -9999 -9999 -9999 -9999 -9999 -9999 -9999 -9999 -9999 -9999
-9999 -9999 -9999 -9999 -9999 -9999 -9999 -9999 -9999 -9999 -9999 -9999 -9999 -9999 -9999 361 353 -9999 294 288 282 277 274 274 266 259 261 250 224 212 208 202 200 201 197 201 201 199 195 195 193 184 181 178 180 181 176 173 173 162 161 159 160 159 164 165 162 164 163 156 141 140 140 141 141 150 154 168 181 191 209 226 250 -9999 -9999 -9999 -9999 -9999 -9999 -9999 -9999 -9999 -9999 -9999 -9999 -9999 -9999 -9999 -9999 -9999 -9999
