resultados/variables/bio12.asc
ncols 330
nrows 228
xllcorner -12.000000
yllcorner 34.000000
cellsize 0.166667
NODATA_value -9999
[rows 160 to 199 of 228, columns 180 to 269 of 330]
790 767 751 742 730 715 698 678 660 646 642 634 620 615 608 609 613 614 618 622 632 656 688 728 854 762 834 1033 971 924 840 825 759 817 818 833 795 698 679 687 694 699 712 796 812 776 754 699 656 632 613 582 556 538 514 501 490 480 471 464 458 469 463 449 440 428 406 381 356 333 -9999 -9999 -9999 -9999 -9999 -9999 -9999 -9999 -9999 -9999 -9999 -9999 -9999 -9999 -9999 -9999 -9999 -9999 -9999 -9999
803 793 779 768 755 739 718 698 679 671 672 663 645 636 627 627 633 635 630 632 650 646 726 805 899 757 837 881 758 713 655 628 627 632 644 652 634 621 623 648 653 650 671 672 663 657 649 622 604 598 595 573 537 525 513 501 491 479 469 460 453 460 469 455 439 422 397 373 349 327 -9999 -9999 -9999 -9999 -9999 -9999 -9999 -9999 -9999 -9999 -9999 -9999 -9999 -9999 -9999 -9999 -9999 -9999 -9999 -9999
841 835 815 800 786 767 745 721 697 677 669 664 657 651 646 642 643 649 653 644 645 663 724 757 731 782 747 753 693 641 622 610 619 619 625 626 617 598 629 643 633 625 639 636 625 616 612 598 585 574 561 549 539 528 514 502 491 479 468 457 449 460 475 448 427 -9999 389 372 355 -9999 -9999 -9999 -9999 -9999 -9999 -9999 -9999 -9999 -9999 -9999 -9999 -9999 -9999 -9999 -9999 -9999 -9999 -9999 -9999 -9999
868 871 859 857 837 810 782 753 730 711 698 688 679 672 675 674 655 650 647 647 661 663 723 720 770 769 669 679 652 632 624 612 605 607 617 607 609 592 613 617 618 613 609 609 608 605 601 595 587 576 564 552 541 529 516 503 491 478 466 456 451 458 469 442 417 -9999 -9999 -9999 -9999 -9999 -9999 -9999 -9999 -9999 -9999 -9999 -9999 -9999 -9999 -9999 -9999 -9999 -9999 -9999 -9999 -9999 -9999 -9999 -9999 -9999
896 898 885 886 884 865 832 791 782 760 737 722 706 700 706 701 689 672 656 657 667 670 703 702 714 692 674 611 614 638 626 612 597 598 601 599 598 585 597 601 600 603 603 602 600 600 599 598 595 584 572 558 544 531 516 503 490 479 470 455 454 457 443 435 411 -9999 -9999 -9999 -9999 -9999 -9999 -9999 -9999 -9999 -9999 -9999 -9999 -9999 -9999 -9999 -9999 -9999 -9999 -9999 -9999 -9999 -9999 -9999 -9999 -9999
917 916 911 908 900 888 860 857 823 800 785 759 738 724 721 716 699 686 669 669 671 707 706 720 687 677 633 604 602 614 624 619 603 587 584 592 585 579 585 591 589 594 595 596 597 598 599 598 598 587 574 561 547 533 519 505 492 481 473 457 449 448 441 423 -9999 -9999 -9999 -9999 -9999 -9999 -9999 -9999 -9999 -9999 -9999 -9999 -9999 -9999 -9999 -9999 -9999 -9999 -9999 -9999 -9999 -9999 -9999 -9999 -9999 -9999
951 964 942 947 934 920 898 883 871 866 834 802 778 758 760 749 716 702 680 674 687 714 720 743 703 693 638 596 595 593 603 606 600 592 582 583 583 576 573 583 584 585 588 590 594 596 597 597 593 585 573 561 549 533 519 504 491 481 472 464 459 447 435 422 -9999 -9999 -9999 -9999 -9999 -9999 -9999 -9999 -9999 -9999 -9999 -9999 -9999 -9999 -9999 -9999 -9999 -9999 -9999 -9999 -9999 -9999 -9999 -9999 -9999 -9999
966 967 981 955 971 981 958 930 907 895 893 864 850 822 790 796 751 714 704 681 683 731 798 752 686 660 631 613 597 582 582 582 584 581 585 577 583 579 572 572 580 582 583 585 589 593 595 597 592 583 571 563 554 545 531 519 503 499 494 484 475 464 448 434 -9999 -9999 -9999 -9999 -9999 -9999 -9999 -9999 -9999 -9999 -9999 -9999 -9999 -9999 -9999 -9999 -9999 -9999 -9999 -9999 -9999 -9999 -9999 -9999 -9999 -9999
1004 988 991 1016 1002 996 992 975 960 924 908 880 861 830 796 786 756 758 725 690 668 710 756 690 647 626 634 621 599 577 575 575 578 578 581 578 582 579 572 568 576 579 580 583 583 590 591 586 585 584 583 579 573 564 553 544 529 519 512 504 489 475 463 451 -9999 -9999 -9999 -9999 -9999 -9999 -9999 -9999 -9999 -9999 -9999 -9999 -9999 -9999 -9999 -9999 -9999 -9999 -9999 -9999 -9999 -9999 -9999 -9999 -9999 -9999
1073 1079 1037 1061 1032 1025 1021 1006 983 962 939 917 886 863 838 783 762 770 730 702 665 683 695 694 678 637 657 623 611 595 585 597 598 601 589 588 577 -9999 569 565 567 575 572 577 580 581 581 594 605 607 606 608 598 587 577 560 548 536 529 522 509 493 479 -9999 -9999 -9999 -9999 -9999 -9999 -9999 -9999 -9999 -9999 -9999 -9999 -9999 -9999 -9999 -9999 -9999 -9999 -9999 -9999 -9999 -9999 -9999 -9999 -9999 -9999 -9999
1133 1119 1112 1089 1084 1074 1066 1048 1029 1004 985 970 941 912 916 857 834 776 719 688 672 652 657 693 674 626 674 664 630 618 610 612 614 613 606 607 601 587 585 576 581 583 580 582 584 585 606 611 614 622 621 622 624 614 598 582 563 549 544 538 528 512 499 -9999 -9999 -9999 -9999 -9999 -9999 -9999 -9999 -9999 -9999 -9999 -9999 -9999 -9999 -9999 -9999 -9999 -9999 -9999 -9999 -9999 -9999 -9999 -9999 -9999 -9999 -9999
1154 1152 1151 1145 1137 1125 1113 1097 1076 1054 1033 1011 991 975 946 864 877 839 742 715 734 678 631 640 642 651 645 717 719 658 632 626 637 644 635 618 601 590 583 585 597 579 576 585 586 588 604 620 635 621 628 627 632 621 598 595 578 567 566 551 535 526 516 -9999 -9999 -9999 -9999 -9999 -9999 -9999 -9999 -9999 -9999 -9999 -9999 -9999 -9999 -9999 -9999 -9999 -9999 -9999 -9999 -9999 -9999 -9999 -9999 -9999 -9999 -9999
1194 1188 1178 1177 1188 1169 1168 1144 1123 1100 1082 1055 1021 1000 958 879 886 859 785 718 677 657 617 613 623 631 624 635 705 694 672 652 672 680 662 643 609 604 599 610 596 595 598 587 589 586 600 609 628 634 643 619 605 604 588 583 569 558 555 554 -9999 -9999 -9999 -9999 -9999 -9999 -9999 -9999 -9999 -9999 -9999 -9999 -9999 -9999 -9999 -9999 -9999 -9999 -9999 -9999 -9999 -9999 -9999 -9999 -9999 -9999 -9999 -9999 -9999 -9999
1263 1240 1221 1218 1209 1212 1200 1182 1167 1148 1131 1090 1057 1017 960 922 862 863 823 725 704 668 608 589 604 634 608 603 624 648 695 704 684 684 654 639 633 614 616 627 614 628 610 621 612 603 597 602 642 666 668 642 631 619 603 582 564 549 552 544 -9999 -9999 -9999 -9999 -9999 -9999 -9999 -9999 -9999 -9999 -9999 -9999 -9999 -9999 -9999 -9999 -9999 -9999 -9999 -9999 -9999 -9999 -9999 -9999 -9999 -9999 -9999 -9999 -9999 -9999
1284 1253 1291 1243 1244 1257 1229 1219 1206 1191 1165 1134 1091 1042 1008 954 869 825 793 724 709 647 600 577 571 609 612 618 603 606 620 639 654 675 642 649 647 663 673 654 631 632 618 631 641 638 650 651 669 682 694 685 667 652 636 619 609 598 563 -9999 -9999 -9999 -9999 -9999 -9999 -9999 -9999 -9999 -9999 -9999 -9999 -9999 -9999 -9999 -9999 -9999 -9999 -9999 -9999 -9999 -9999 -9999 -9999 -9999 -9999 -9999 -9999 -9999 -9999 -9999
1293 1308 1319 1300 1295 -9999 1288 1242 1308 1213 1192 1160 1123 1087 1003 921 866 808 748 727 694 649 622 613 568 617 625 590 594 589 593 588 598 628 647 670 682 701 720 683 729 751 740 691 705 696 688 707 696 702 690 666 646 644 644 620 610 584 588 -9999 -9999 -9999 -9999 -9999 -9999 -9999 -9999 -9999 -9999 -9999 -9999 -9999 -9999 -9999 -9999 -9999 -9999 -9999 -9999 -9999 -9999 -9999 -9999 -9999 -9999 -9999 -9999 -9999 -9999 -9999
-9999 1305 1298 1278 1335 1338 1447 1379 1353 1230 1209 1181 1161 1090 1000 921 862 808 737 714 682 619 611 575 562 631 611 569 563 563 581 658 601 605 618 629 634 667 679 644 601 625 643 624 620 635 631 617 612 607 608 613 622 635 626 592 578 566 -9999 -9999 -9999 -9999 -9999 -9999 -9999 -9999 -9999 -9999 -9999 -9999 -9999 -9999 -9999 -9999 -9999 -9999 -9999 -9999 -9999 -9999 -9999 -9999 -9999 -9999 -9999 -9999 -9999 -9999 -9999 -9999
-9999 -9999 -9999 -9999 1372 1359 1512 1626 1474 1303 1236 1204 1176 1100 1007 923 855 822 741 686 632 604 559 547 575 607 578 543 547 549 552 598 611 606 598 604 590 590 581 569 567 582 605 618 614 604 586 583 597 603 604 612 629 620 600 581 571 578 -9999 -9999 -9999 -9999 -9999 -9999 -9999 -9999 -9999 -9999 -9999 -9999 -9999 -9999 -9999 -9999 -9999 -9999 -9999 -9999 -9999 -9999 -9999 -9999 -9999 -9999 -9999 -9999 -9999 -9999 -9999 -9999
-9999 -9999 -9999 -9999 -9999 1411 1519 -9999 1705 1410 1339 1272 1204 1107 1023 932 855 887 837 687 686 611 540 536 556 552 556 586 519 522 533 658 685 697 673 598 558 546 546 545 546 548 553 568 579 574 577 579 590 604 606 604 621 623 619 613 609 597 579 -9999 -9999 -9999 -9999 -9999 -9999 -9999 -9999 -9999 -9999 -9999 -9999 -9999 -9999 -9999 -9999 -9999 -9999 -9999 -9999 -9999 -9999 -9999 -9999 -9999 -9999 -9999 -9999 -9999 -9999 -9999
-9999 -9999 -9999 -9999 -9999 -9999 -9999 1511 -9999 1680 1399 1298 1186 1110 1020 992 995 943 759 663 610 574 516 510 514 555 603 570 536 533 514 628 749 730 689 655 613 586 556 564 559 544 550 553 560 565 573 580 611 628 609 609 628 638 651 656 630 614 606 598 -9999 -9999 -9999 -9999 -9999 -9999 -9999 -9999 -9999 -9999 -9999 -9999 -9999 -9999 -9999 -9999 -9999 -9999 -9999 -9999 -9999 -9999 -9999 -9999 -9999 -9999 -9999 -9999 -9999 -9999
-9999 -9999 -9999 -9999 -9999 -9999 -9999 1502 1584 1570 1440 1281 1193 1119 1066 1066 1056 819 767 685 600 529 517 500 495 487 492 499 527 534 510 584 620 583 659 663 690 699 647 709 667 638 598 598 576 573 581 582 596 630 628 615 639 641 641 674 671 648 637 603 -9999 -9999 -9999 -9999 -9999 -9999 -9999 -9999 -9999 -9999 -9999 -9999 -9999 -9999 -9999 -9999 -9999 -9999 -9999 -9999 -9999 -9999 -9999 -9999 -9999 -9999 -9999 -9999 -9999 -9999
-9999 -9999 -9999 -9999 -9999 -9999 -9999 -9999 -9999 -9999 1362 1296 1182 1120 1049 1074 1007 835 828 742 802 600 505 487 477 483 535 560 535 570 551 562 742 637 620 676 692 691 659 722 718 713 653 616 599 591 593 602 595 589 598 596 610 612 610 614 631 670 671 622 -9999 -9999 -9999 -9999 -9999 -9999 -9999 -9999 -9999 -9999 -9999 -9999 -9999 -9999 -9999 -9999 -9999 -9999 -9999 -9999 -9999 -9999 -9999 -9999 -9999 -9999 -9999 845 826 786
-9999 -9999 -9999 -9999 -9999 -9999 -9999 -9999 -9999 1280 1274 1221 1166 1120 1019 1026 1024 866 814 693 693 577 524 486 474 485 482 484 526 567 533 494 588 633 561 589 631 680 704 730 682 665 644 616 595 603 614 629 618 597 598 602 616 614 609 604 603 613 621 619 625 -9999 -9999 -9999 -9999 -9999 -9999 -9999 -9999 -9999 -9999 -9999 -9999 -9999 -9999 -9999 -9999 -9999 -9999 -9999 -9999 -9999 -9999 -9999 997 953 881 793 787 769
-9999 -9999 -9999 -9999 -9999 -9999 -9999 -9999 -9999 1182 1219 1183 1144 1116 1044 1004 974 856 790 715 604 606 559 506 486 476 478 477 480 516 511 489 495 595 569 572 573 618 608 652 689 654 623 608 605 612 632 632 615 608 613 622 636 625 617 609 598 590 586 599 638 659 658 -9999 -9999 -9999 -9999 -9999 -9999 -9999 -9999 -9999 -9999 -9999 -9999 -9999 -9999 -9999 -9999 -9999 -9999 -9999 960 873 934 849 771 810 754 741
-9999 -9999 -9999 -9999 -9999 -9999 -9999 -9999 -9999 1107 1162 1144 1110 1054 1059 992 885 867 796 687 601 603 566 548 551 562 467 455 -9999 484 496 484 497 573 593 561 606 579 579 590 621 607 598 628 625 626 653 674 630 617 622 637 650 651 634 620 604 586 576 589 618 653 674 696 746 813 881 -9999 -9999 -9999 -9999 -9999 -9999 -9999 -9999 -9999 -9999 -9999 -9999 -9999 1006 939 781 748 770 726 741 787 662 661
-9999 -9999 -9999 -9999 -9999 -9999 -9999 -9999 -9999 1045 1088 1087 1062 1060 1009 939 -9999 864 784 707 600 599 588 631 569 548 483 448 451 468 496 471 464 489 535 527 512 535 591 596 565 544 546 549 550 560 601 673 641 611 618 642 669 675 651 644 630 600 577 583 602 -9999 673 686 720 776 838 844 830 830 829 835 844 861 877 891 897 -9999 909 907 858 758 678 665 689 732 871 682 655 650
-9999 -9999 -9999 -9999 -9999 -9999 -9999 -9999 -9999 1010 1031 1036 1046 1033 1024 942 876 840 -9999 826 612 589 709 566 478 515 478 444 447 457 491 507 485 476 481 514 575 539 -9999 -9999 532 -9999 -9999 -9999 -9999 580 605 596 603 603 624 651 677 681 679 679 651 -9999 -9999 -9999 -9999 -9999 -9999 -9999 -9999 -9999 -9999 787 791 810 808 805 807 820 836 843 810 828 813 779 705 699 700 639 660 801 833 702 743 715
-9999 -9999 -9999 -9999 -9999 -9999 -9999 -9999 970 997 1021 1032 1069 1047 1031 948 850 831 772 788 669 600 563 552 483 458 448 443 444 455 459 481 492 512 -9999 -9999 525 -9999 -9999 567 -9999 -9999 -9999 -9999 -9999 -9999 -9999 -9999 596 622 632 657 683 703 704 732 -9999 -9999 -9999 -9999 -9999 -9999 -9999 -9999 -9999 -9999 -9999 -9999 -9999 -9999 -9999 -9999 744 758 778 782 766 741 757 701 650 630 616 700 705 745 773 782 729 674
-9999 -9999 -9999 -9999 -9999 -9999 -9999 -9999 -9999 1015 1071 1114 1116 1084 1043 975 875 832 789 721 720 601 567 694 543 463 450 441 439 -9999 474 482 474 496 519 -9999 -9999 -9999 -9999 -9999 -9999 -9999 -9999 -9999 -9999 -9999 -9999 -9999 -9999 -9999 -9999 -9999 -9999 685 -9999 -9999 -9999 -9999 -9999 -9999 -9999 -9999 -9999 -9999 -9999 795 800 746 724 702 732 754 743 689 687 702 683 691 657 664 651 671 745 758 720 720 719 675 692 694
604 635 -9999 -9999 -9999 -9999 -9999 -9999 -9999 1077 1132 1189 1183 1143 1054 984 973 895 799 726 692 680 584 591 596 514 467 447 -9999 442 453 483 508 515 503 -9999 -9999 -9999 -9999 -9999 -9999 -9999 -9999 -9999 -9999 669 -9999 -9999 -9999 -9999 667 670 -9999 -9999 690 685 -9999 -9999 -9999 -9999 -9999 -9999 -9999 -9999 -9999 -9999 -9999 743 674 -9999 614 614 587 597 604 604 617 625 604 592 589 567 584 646 692 618 574 599 595 621
594 634 673 -9999 -9999 -9999 -9999 -9999 -9999 1142 1190 1190 1269 1215 1154 1025 984 921 857 765 694 681 602 544 593 592 463 -9999 -9999 -9999 -9999 -9999 -9999 -9999 -9999 -9999 -9999 534 -9999 -9999 -9999 -9999 -9999 -9999 -9999 -9999 -9999 -9999 -9999 -9999 656 677 713 731 687 678 680 666 681 688 696 703 696 675 662 650 658 684 633 543 537 539 513 533 546 544 535 539 556 540 512 501 513 536 492 507 507 525 493 512
600 641 687 -9999 -9999 -9999 -9999 -9999 -9999 -9999 -9999 1257 1342 1305 1149 1126 1034 976 913 814 732 672 633 608 599 637 679 -9999 -9999 -9999 -9999 -9999 457 -9999 -9999 505 -9999 -9999 -9999 -9999 -9999 -9999 -9999 -9999 -9999 -9999 -9999 -9999 -9999 643 663 703 739 713 707 726 760 694 688 679 683 687 685 686 718 774 976 1090 678 532 619 579 470 478 477 501 495 482 487 488 456 443 433 425 421 425 466 422 466 443
-9999 651 -9999 -9999 -9999 -9999 -9999 -9999 -9999 -9999 -9999 -9999 1370 1317 1246 1171 1057 989 951 876 783 710 678 645 561 559 571 515 -9999 -9999 -9999 -9999 -9999 -9999 -9999 -9999 -9999 -9999 -9999 -9999 -9999 -9999 527 -9999 -9999 -9999 -9999 -9999 -9999 608 679 700 717 723 752 738 712 716 690 708 695 717 734 680 747 720 815 901 955 753 732 612 531 521 507 498 494 471 493 506 488 458 427 419 403 406 402 394 393 409
-9999 -9999 -9999 -9999 -9999 -9999 -9999 -9999 -9999 -9999 1181 -9999 1286 1278 1234 1183 1103 1023 968 925 832 744 703 686 577 527 472 510 550 -9999 -9999 -9999 -9999 -9999 -9999 -9999 -9999 -9999 -9999 -9999 -9999 -9999 -9999 -9999 -9999 -9999 -9999 -9999 -9999 619 635 700 758 837 780 741 741 703 690 672 653 670 754 754 713 777 751 751 711 668 772 687 561 495 428 410 420 418 416 418 421 413 405 385 390 389 372 404 385 429
-9999 -9999 -9999 -9999 -9999 -9999 -9999 -9999 -9999 -9999 -9999 -9999 -9999 1196 1186 1162 1107 1049 994 957 914 795 704 654 597 534 485 474 505 535 -9999 -9999 -9999 -9999 -9999 -9999 -9999 -9999 -9999 -9999 -9999 -9999 -9999 -9999 -9999 -9999 -9999 -9999 -9999 640 668 704 757 -9999 701 749 717 701 664 612 617 655 694 697 654 663 668 737 703 706 684 648 561 498 457 452 415 413 415 427 432 414 389 377 372 376 372 397 371 378
-9999 -9999 -9999 -9999 -9999 -9999 -9999 -9999 -9999 -9999 -9999 -9999 1099 1141 1153 1124 1098 1051 1002 964 923 843 750 675 618 573 545 546 511 527 604 -9999 -9999 -9999 -9999 -9999 -9999 -9999 -9999 -9999 -9999 -9999 -9999 -9999 -9999 -9999 -9999 -9999 -9999 -9999 -9999 -9999 -9999 687 765 798 733 702 706 655 624 666 731 848 799 791 842 722 767 692 719 651 541 574 549 458 430 409 405 407 413 419 401 376 372 372 386 401 384 386
-9999 -9999 -9999 -9999 -9999 -9999 -9999 -9999 -9999 -9999 -9999 -9999 -9999 -9999 -9999 1074 1060 1016 980 965 925 928 849 743 671 620 621 583 541 -9999 -9999 523 -9999 -9999 -9999 -9999 -9999 -9999 -9999 -9999 -9999 -9999 -9999 -9999 -9999 -9999 -9999 594 633 634 648 -9999 661 727 770 728 697 673 714 694 657 657 751 771 887 826 849 733 788 670 641 596 561 523 511 460 464 425 412 408 404 400 404 384 375 373 385 396 397 399
-9999 -9999 -9999 -9999 -9999 -9999 -9999 -9999 -9999 -9999 -9999 -9999 -9999 -9999 -9999 -9999 1005 970 964 979 937 917 883 847 766 714 685 713 652 561 -9999 -9999 -9999 -9999 -9999 -9999 -9999 -9999 -9999 -9999 -9999 -9999 -9999 -9999 -9999 -9999 -9999 -9999 -9999 643 677 -9999 -9999 682 702 693 698 747 651 650 738 790 774 788 815 827 802 791 703 678 661 595 520 494 472 489 511 455 426 419 415 407 397 387 382 380 385 400 411 418
-9999 -9999 -9999 -9999 -9999 -9999 -9999 -9999 -9999 -9999 -9999 -9999 -9999 -9999 -9999 -9999 -9999 985 -9999 961 939 910 910 863 782 735 690 -9999 648 -9999 565 579 541 -9999 -9999 -9999 -9999 -9999 -9999 -9999 -9999 -9999 -9999 -9999 -9999 -9999 -9999 -9999 -9999 -9999 -9999 -9999 -9999 -9999 689 746 768 688 627 657 701 692 714 704 733 774 747 659 636 668 705 588 535 505 459 445 471 463 465 486 448 430 415 394 383 383 395 418 443 463
-9999 -9999 -9999 -9999 -9999 -9999 -9999 -9999 -9999 -9999 -9999 -9999 -9999 -9999 -9999 -9999 -9999 1015 995 957 937 952 929 906 889 873 746 699 660 624 -9999 -9999 544 550 -9999 -9999 -9999 -9999 -9999 -9999 -9999 -9999 -9999 -9999 -9999 -9999 -9999 -9999 -9999 -9999 -9999 -9999 -9999 657 711 725 705 668 632 618 640 669 616 650 656 664 652 602 631 608 549 576 579 505 488 434 431 453 447 482 472 454 429 400 383 378 394 424 468 530
