resultados/variables/bio17.asc
ncols 330
nrows 228
xllcorner -12.000000
yllcorner 34.000000
cellsize 0.166667
NODATA_value -9999
[rows 172 to 214 of 228, columns 0 to 95 of 330]
-9999 -9999 -9999 -9999 -9999 -9999 -9999 -9999 -9999 -9999 -9999 -9999 -9999 -9999 -9999 -9999 -9999 -9999 123 126 132 131 124 136 142 134 129 128 127 136 129 142 137 138 146 149 153 148 151 153 158 157 179 175 157 155 156 158 163 173 182 177 183 183 186 192 205 213 222 231 240 247 246 242 229 215 203 196 190 186 186 192 186 186 186 182 176 172 166 165 166 165 164 160 142 133 124 115 108 103 100 100 -9999 -9999 -9999 -9999
-9999 -9999 -9999 -9999 -9999 -9999 -9999 -9999 -9999 -9999 -9999 -9999 -9999 -9999 -9999 -9999 -9999 123 132 140 143 140 139 141 140 130 122 123 128 128 123 139 136 156 162 166 156 151 160 171 168 167 180 178 160 176 167 160 163 171 176 174 172 173 177 190 191 198 207 216 226 227 227 228 223 225 207 204 207 209 207 200 205 200 201 189 180 173 171 171 168 170 171 171 160 143 152 130 114 102 -9999 -9999 -9999 -9999 -9999 -9999
-9999 -9999 -9999 -9999 -9999 -9999 -9999 -9999 -9999 -9999 -9999 -9999 -9999 -9999 -9999 -9999 -9999 127 133 135 136 139 137 133 134 128 118 112 120 115 125 143 144 151 157 161 154 154 151 154 149 153 156 171 162 158 156 151 152 152 152 155 163 166 170 170 174 185 191 198 202 198 201 206 211 215 222 248 231 253 266 243 278 269 246 231 230 230 207 187 207 183 193 184 184 168 179 157 126 107 -9999 -9999 -9999 -9999 -9999 -9999
-9999 -9999 -9999 -9999 -9999 -9999 -9999 -9999 -9999 -9999 -9999 -9999 -9999 -9999 -9999 -9999 -9999 116 124 131 129 133 134 134 132 121 116 110 123 124 130 117 109 130 137 133 123 123 119 122 125 128 131 133 132 131 132 136 138 140 145 140 145 147 145 151 160 164 169 171 171 168 173 175 177 184 190 208 238 266 278 288 291 280 285 269 260 290 283 254 260 233 224 230 216 207 181 141 110 90 -9999 -9999 -9999 -9999 -9999 -9999
-9999 -9999 -9999 -9999 -9999 -9999 -9999 -9999 -9999 -9999 -9999 -9999 -9999 -9999 -9999 -9999 -9999 -9999 -9999 122 133 143 143 135 132 113 104 97 111 122 105 86 85 101 112 105 102 101 99 102 107 109 112 112 111 111 113 118 122 126 126 126 129 131 127 133 135 134 131 134 136 141 152 152 150 158 159 165 177 192 214 227 233 249 271 286 288 302 265 245 293 282 289 290 259 225 195 178 127 101 -9999 -9999 -9999 -9999 -9999 -9999
-9999 -9999 -9999 -9999 -9999 -9999 -9999 -9999 -9999 -9999 -9999 -9999 -9999 -9999 -9999 -9999 -9999 -9999 -9999 124 128 142 134 116 106 104 102 101 95 97 93 99 113 125 101 91 87 87 88 90 94 93 95 94 93 94 96 100 106 108 113 120 123 125 120 114 115 105 104 109 115 118 123 126 136 145 154 146 154 159 179 188 162 179 205 228 220 245 224 237 202 242 238 209 262 269 235 191 167 139 119 -9999 -9999 -9999 -9999 -9999
-9999 -9999 -9999 -9999 -9999 -9999 -9999 -9999 -9999 -9999 -9999 -9999 -9999 -9999 -9999 -9999 -9999 -9999 -9999 -9999 123 128 128 106 101 100 108 123 118 97 121 135 117 113 97 82 78 78 79 82 82 81 81 80 78 80 84 89 92 96 103 118 136 140 140 127 130 131 122 105 101 101 105 107 110 115 121 117 125 139 152 153 143 140 153 174 176 169 193 190 171 230 219 199 189 190 176 174 159 122 104 -9999 -9999 -9999 -9999 -9999
-9999 -9999 -9999 -9999 -9999 -9999 -9999 -9999 -9999 -9999 -9999 -9999 -9999 -9999 -9999 -9999 -9999 -9999 -9999 115 106 110 121 129 114 103 100 105 103 102 120 110 89 85 76 72 71 70 71 72 72 72 71 68 66 71 75 79 83 88 96 102 112 131 137 145 145 140 131 115 99 92 91 95 93 94 98 96 97 92 92 98 103 113 136 142 153 138 149 140 149 155 159 125 135 149 176 177 160 129 107 -9999 -9999 -9999 -9999 -9999
-9999 -9999 -9999 -9999 -9999 -9999 -9999 -9999 -9999 -9999 -9999 -9999 -9999 -9999 -9999 -9999 -9999 -9999 -9999 101 114 112 123 115 122 116 95 81 86 85 85 82 74 74 72 69 65 63 64 64 65 66 66 65 63 64 70 76 79 83 89 97 100 108 120 124 124 123 128 114 104 93 87 80 78 86 91 85 87 81 80 84 85 90 104 112 121 118 110 111 124 121 111 107 124 138 168 177 148 139 112 -9999 -9999 -9999 -9999 -9999
-9999 -9999 -9999 -9999 -9999 -9999 -9999 -9999 -9999 -9999 -9999 -9999 -9999 -9999 -9999 -9999 -9999 -9999 -9999 95 95 98 109 118 114 108 88 79 77 70 79 68 65 66 65 63 60 57 57 59 60 63 64 62 61 63 67 71 72 76 79 84 90 96 102 107 108 107 111 113 127 121 92 78 71 69 73 77 81 80 75 76 76 79 80 85 85 92 100 110 120 125 111 109 131 147 171 157 134 131 -9999 -9999 -9999 -9999 -9999 -9999
-9999 -9999 -9999 -9999 -9999 -9999 -9999 -9999 -9999 -9999 -9999 -9999 -9999 -9999 -9999 -9999 -9999 -9999 -9999 85 87 87 90 102 100 90 85 81 63 62 69 64 59 61 60 58 55 52 53 55 56 58 60 59 60 62 64 66 70 73 77 80 81 85 90 93 98 100 102 105 108 103 87 77 71 74 71 70 69 72 76 77 77 75 75 75 83 93 106 124 129 121 123 118 122 128 144 -9999 -9999 -9999 -9999 -9999 -9999 -9999 -9999 -9999
-9999 -9999 -9999 -9999 -9999 -9999 -9999 -9999 -9999 -9999 -9999 -9999 -9999 -9999 -9999 -9999 -9999 -9999 -9999 83 84 85 86 91 82 100 89 72 63 62 64 58 59 57 56 56 53 50 52 53 54 55 57 57 59 61 64 66 70 79 78 80 85 88 89 91 93 96 94 93 93 87 84 80 73 74 75 68 66 67 72 75 75 78 77 87 104 117 123 122 133 130 121 123 120 -9999 -9999 -9999 -9999 -9999 -9999 -9999 -9999 -9999 -9999 -9999
-9999 -9999 -9999 -9999 -9999 -9999 -9999 -9999 -9999 -9999 -9999 -9999 -9999 -9999 -9999 -9999 -9999 -9999 -9999 -9999 84 86 82 80 93 76 74 69 71 56 57 60 57 56 -9999 55 56 55 55 54 55 55 56 56 58 60 62 65 68 73 79 99 98 98 90 89 95 95 87 87 87 84 80 83 79 76 73 68 66 66 69 70 75 80 85 85 109 128 126 106 112 112 116 -9999 -9999 -9999 -9999 -9999 -9999 -9999 -9999 -9999 -9999 -9999 -9999 -9999
-9999 -9999 -9999 -9999 -9999 -9999 -9999 -9999 -9999 -9999 -9999 -9999 -9999 -9999 -9999 -9999 -9999 -9999 -9999 -9999 80 78 80 86 89 78 75 72 63 56 56 55 58 57 56 54 53 53 55 56 55 56 56 57 60 61 63 68 77 85 88 93 87 86 82 82 91 96 103 103 103 96 90 78 80 85 74 74 71 73 75 79 85 90 97 88 99 106 98 -9999 -9999 -9999 -9999 -9999 -9999 -9999 -9999 -9999 -9999 -9999 -9999 -9999 -9999 -9999 -9999 -9999
-9999 -9999 -9999 -9999 -9999 -9999 -9999 -9999 -9999 -9999 -9999 -9999 -9999 -9999 -9999 -9999 -9999 -9999 -9999 -9999 76 83 90 90 92 90 81 79 67 59 59 58 58 57 55 55 53 54 55 56 57 58 58 59 61 64 64 73 96 84 70 70 69 69 73 80 87 92 96 104 104 101 89 78 73 91 83 76 78 83 82 92 97 103 97 95 95 -9999 -9999 -9999 -9999 -9999 -9999 -9999 -9999 -9999 -9999 -9999 -9999 -9999 -9999 -9999 -9999 -9999 -9999 -9999
-9999 -9999 -9999 -9999 -9999 -9999 -9999 -9999 -9999 -9999 -9999 -9999 -9999 -9999 -9999 -9999 -9999 -9999 -9999 -9999 71 79 84 80 79 78 75 73 66 63 62 59 58 56 55 55 57 58 56 57 59 63 65 64 66 71 76 84 84 67 58 60 62 64 74 76 78 85 96 101 106 108 101 77 85 91 95 95 98 94 92 105 118 122 94 88 87 -9999 -9999 -9999 -9999 -9999 -9999 -9999 -9999 -9999 -9999 -9999 -9999 -9999 -9999 -9999 -9999 -9999 -9999 -9999
-9999 -9999 -9999 -9999 -9999 -9999 -9999 -9999 -9999 -9999 -9999 -9999 -9999 -9999 -9999 -9999 -9999 -9999 -9999 67 68 70 84 78 71 70 69 72 70 66 63 59 55 56 61 60 56 57 57 62 67 75 70 69 70 72 74 62 60 54 50 52 55 64 70 71 77 84 92 105 116 125 116 92 78 82 97 104 116 116 105 115 112 93 87 -9999 -9999 -9999 -9999 -9999 -9999 -9999 -9999 -9999 -9999 -9999 -9999 -9999 -9999 -9999 -9999 -9999 -9999 -9999 -9999 -9999
-9999 -9999 -9999 -9999 -9999 -9999 -9999 -9999 -9999 -9999 -9999 -9999 -9999 -9999 -9999 -9999 -9999 -9999 -9999 64 67 69 71 68 68 72 92 74 67 65 64 60 58 59 55 48 50 62 62 65 80 81 76 66 64 53 54 51 52 50 48 48 58 61 64 64 70 73 84 100 117 127 119 98 76 75 104 119 146 133 114 111 93 86 80 -9999 -9999 -9999 -9999 -9999 -9999 -9999 -9999 -9999 -9999 -9999 -9999 -9999 -9999 -9999 -9999 -9999 -9999 -9999 -9999 -9999
-9999 -9999 -9999 -9999 -9999 -9999 -9999 -9999 -9999 -9999 -9999 -9999 -9999 -9999 -9999 -9999 -9999 -9999 -9999 61 63 67 67 67 73 76 78 62 60 62 60 60 53 48 43 -9999 53 71 78 75 79 60 57 47 51 48 45 48 48 48 45 49 53 56 59 66 71 76 85 95 110 119 120 109 84 81 90 93 115 116 104 88 82 76 -9999 -9999 -9999 -9999 -9999 -9999 -9999 -9999 -9999 -9999 -9999 -9999 -9999 -9999 -9999 -9999 -9999 -9999 -9999 -9999 -9999 -9999
-9999 -9999 -9999 -9999 -9999 -9999 -9999 -9999 -9999 -9999 -9999 -9999 -9999 -9999 -9999 -9999 -9999 -9999 -9999 55 58 65 72 74 72 68 66 59 54 52 48 44 41 41 38 39 45 46 40 36 35 37 40 44 40 41 45 45 46 45 44 48 49 52 61 67 73 79 82 90 101 104 106 104 81 115 110 90 92 91 80 73 72 -9999 -9999 -9999 -9999 -9999 -9999 -9999 -9999 -9999 -9999 -9999 -9999 -9999 -9999 -9999 -9999 -9999 -9999 -9999 -9999 -9999 -9999 -9999
-9999 -9999 -9999 -9999 -9999 -9999 -9999 -9999 -9999 -9999 -9999 -9999 -9999 -9999 -9999 -9999 -9999 -9999 48 52 57 61 65 65 69 63 55 53 48 47 44 42 39 37 38 37 33 33 33 32 34 35 36 38 38 40 41 43 42 43 47 50 52 56 60 64 68 74 78 86 89 90 99 96 88 90 108 103 87 84 69 59 -9999 -9999 -9999 -9999 -9999 -9999 -9999 -9999 -9999 -9999 -9999 -9999 -9999 -9999 -9999 -9999 -9999 -9999 -9999 -9999 -9999 -9999 -9999 -9999
-9999 -9999 -9999 -9999 -9999 -9999 -9999 -9999 -9999 -9999 -9999 -9999 -9999 -9999 -9999 -9999 -9999 -9999 44 48 53 53 56 58 60 53 50 47 45 44 42 40 38 37 36 34 35 35 36 35 35 36 39 41 41 41 44 46 47 45 45 47 50 52 57 62 64 69 70 79 83 84 84 91 91 82 81 79 76 70 59 -9999 -9999 -9999 -9999 -9999 -9999 -9999 -9999 -9999 -9999 -9999 -9999 -9999 -9999 -9999 -9999 -9999 68 60 52 -9999 53 -9999 -9999 -9999
-9999 -9999 -9999 -9999 -9999 -9999 -9999 -9999 -9999 -9999 -9999 -9999 -9999 -9999 -9999 -9999 -9999 -9999 42 51 48 45 49 51 50 47 47 46 46 43 41 40 39 36 34 34 34 36 38 44 43 39 44 47 49 49 48 49 48 46 46 46 47 49 55 56 60 64 66 69 73 78 76 83 84 89 80 62 56 55 -9999 -9999 -9999 -9999 -9999 -9999 -9999 -9999 -9999 -9999 -9999 -9999 -9999 -9999 -9999 -9999 53 52 47 52 50 50 -9999 -9999 -9999 -9999
-9999 -9999 -9999 -9999 -9999 -9999 -9999 -9999 -9999 -9999 -9999 -9999 -9999 -9999 -9999 -9999 -9999 33 39 39 38 40 42 43 45 46 47 50 48 46 42 39 37 36 35 34 34 38 39 42 36 35 34 37 41 45 43 49 49 46 46 44 45 47 49 52 54 57 61 63 66 68 69 68 69 75 77 62 54 50 -9999 -9999 -9999 -9999 -9999 -9999 -9999 -9999 -9999 -9999 -9999 -9999 -9999 -9999 -9999 -9999 -9999 -9999 -9999 45 45 46 -9999 -9999 -9999 -9999
-9999 -9999 -9999 -9999 -9999 -9999 -9999 -9999 -9999 -9999 -9999 -9999 -9999 -9999 -9999 -9999 30 32 32 33 34 38 40 41 42 41 44 47 47 42 40 37 36 35 35 35 32 31 30 31 32 31 35 35 36 38 37 43 41 44 43 41 42 45 47 50 52 54 56 57 59 62 65 68 69 66 72 64 52 48 -9999 -9999 -9999 -9999 -9999 -9999 -9999 -9999 -9999 -9999 -9999 -9999 -9999 -9999 -9999 -9999 -9999 -9999 -9999 -9999 -9999 -9999 -9999 -9999 -9999 -9999
-9999 -9999 -9999 -9999 -9999 -9999 -9999 -9999 -9999 -9999 -9999 -9999 -9999 -9999 -9999 30 30 32 30 30 32 35 36 37 39 39 40 41 40 39 36 35 34 32 32 30 28 28 28 28 30 31 33 35 35 37 36 37 35 36 37 39 41 45 49 53 55 57 54 54 55 58 64 74 80 69 76 57 48 50 51 -9999 -9999 -9999 -9999 -9999 -9999 -9999 -9999 -9999 46 44 -9999 -9999 -9999 -9999 -9999 -9999 -9999 -9999 -9999 -9999 -9999 -9999 -9999 -9999
-9999 -9999 -9999 -9999 -9999 -9999 -9999 -9999 -9999 -9999 -9999 -9999 -9999 -9999 -9999 34 34 32 27 29 31 32 33 35 37 39 40 40 40 36 35 32 31 30 29 28 28 28 28 28 29 31 31 32 34 33 34 34 34 35 38 38 42 47 52 55 59 61 56 52 53 59 68 74 72 70 74 60 52 53 56 -9999 -9999 -9999 -9999 -9999 -9999 -9999 -9999 43 42 -9999 -9999 -9999 -9999 -9999 -9999 -9999 -9999 -9999 -9999 -9999 -9999 -9999 -9999 -9999
-9999 -9999 -9999 -9999 -9999 -9999 -9999 -9999 -9999 -9999 -9999 -9999 -9999 -9999 -9999 36 33 -9999 27 28 30 31 34 36 37 37 39 38 35 34 34 32 31 31 29 30 30 30 29 30 30 28 28 29 31 34 34 34 37 34 36 38 42 45 50 55 56 60 63 62 58 60 64 67 65 67 60 65 70 64 72 60 51 -9999 -9999 -9999 -9999 -9999 -9999 -9999 -9999 -9999 -9999 -9999 -9999 -9999 -9999 -9999 -9999 -9999 -9999 -9999 -9999 -9999 -9999 -9999
-9999 -9999 -9999 -9999 -9999 -9999 -9999 -9999 -9999 -9999 -9999 -9999 -9999 -9999 -9999 -9999 -9999 28 28 27 28 30 33 35 35 34 35 33 32 34 35 34 32 32 31 30 31 30 32 29 28 28 28 29 31 34 34 33 33 34 36 38 42 43 48 48 56 70 65 60 54 52 51 56 59 55 55 65 69 68 60 -9999 -9999 -9999 -9999 -9999 -9999 -9999 -9999 -9999 -9999 -9999 -9999 -9999 -9999 -9999 -9999 -9999 -9999 -9999 -9999 -9999 -9999 -9999 -9999 -9999
-9999 -9999 -9999 -9999 -9999 -9999 -9999 -9999 -9999 -9999 -9999 -9999 -9999 -9999 -9999 -9999 -9999 -9999 -9999 -9999 26 27 29 30 31 31 31 30 29 31 33 35 34 32 32 30 31 30 30 30 30 29 29 29 29 32 34 33 31 36 38 36 36 39 39 42 54 64 51 48 45 41 41 45 47 54 51 45 41 -9999 -9999 -9999 -9999 -9999 -9999 -9999 -9999 -9999 -9999 -9999 -9999 -9999 -9999 -9999 -9999 -9999 -9999 -9999 -9999 -9999 -9999 -9999 -9999 -9999 -9999 -9999
-9999 -9999 -9999 -9999 -9999 -9999 -9999 -9999 -9999 -9999 -9999 -9999 -9999 -9999 -9999 -9999 -9999 -9999 -9999 26 26 25 26 27 29 30 29 27 27 28 29 31 31 31 32 32 31 29 28 29 29 29 29 28 29 30 29 28 27 26 27 27 31 33 37 47 66 63 59 64 50 35 34 33 40 39 37 30 30 -9999 -9999 -9999 -9999 -9999 -9999 -9999 -9999 -9999 -9999 -9999 -9999 -9999 -9999 -9999 -9999 -9999 -9999 -9999 -9999 -9999 -9999 -9999 -9999 -9999 -9999 -9999
-9999 -9999 -9999 -9999 -9999 -9999 -9999 -9999 -9999 -9999 -9999 -9999 -9999 -9999 -9999 -9999 -9999 -9999 -9999 25 26 24 23 25 26 25 24 26 26 27 29 30 33 33 33 28 28 29 27 25 26 28 26 24 23 21 21 22 22 21 23 27 28 30 49 61 76 76 72 63 51 41 36 33 25 25 25 24 -9999 -9999 -9999 -9999 -9999 -9999 -9999 -9999 -9999 -9999 -9999 -9999 -9999 -9999 -9999 -9999 -9999 -9999 -9999 -9999 -9999 -9999 -9999 -9999 -9999 -9999 -9999 -9999
-9999 -9999 -9999 -9999 -9999 -9999 -9999 -9999 -9999 -9999 -9999 -9999 -9999 -9999 -9999 -9999 -9999 -9999 -9999 24 23 22 22 23 24 23 23 24 24 26 28 30 29 27 27 28 26 27 28 24 22 22 21 19 18 19 20 20 21 21 22 24 24 30 55 74 63 57 57 53 47 51 46 30 27 27 27 25 -9999 -9999 -9999 -9999 -9999 -9999 -9999 -9999 -9999 -9999 -9999 -9999 -9999 -9999 -9999 -9999 -9999 -9999 -9999 -9999 -9999 -9999 -9999 -9999 -9999 -9999 -9999 -9999
-9999 -9999 -9999 -9999 -9999 -9999 -9999 -9999 -9999 -9999 -9999 -9999 -9999 -9999 -9999 -9999 -9999 -9999 -9999 22 22 22 22 23 22 22 21 21 21 22 22 22 24 25 23 24 22 21 21 19 18 18 18 18 19 20 20 22 27 25 34 42 31 32 46 40 41 47 55 52 39 33 32 24 26 24 23 -9999 -9999 -9999 -9999 -9999 -9999 -9999 -9999 -9999 -9999 -9999 -9999 -9999 -9999 -9999 -9999 -9999 -9999 -9999 -9999 -9999 -9999 -9999 -9999 -9999 -9999 -9999 -9999 -9999
-9999 -9999 -9999 -9999 -9999 -9999 -9999 -9999 -9999 -9999 -9999 -9999 -9999 -9999 -9999 -9999 -9999 -9999 -9999 20 20 22 21 22 21 20 19 19 19 19 18 20 21 22 21 20 19 18 18 18 17 18 18 19 20 23 24 24 31 42 36 37 36 30 31 32 40 55 55 48 40 28 31 23 -9999 -9999 23 -9999 -9999 -9999 -9999 -9999 -9999 -9999 -9999 -9999 -9999 -9999 -9999 -9999 -9999 -9999 -9999 -9999 -9999 -9999 -9999 -9999 -9999 -9999 -9999 -9999 -9999 -9999 -9999 -9999
-9999 -9999 -9999 -9999 -9999 -9999 -9999 -9999 -9999 -9999 -9999 -9999 -9999 -9999 -9999 -9999 -9999 -9999 -9999 20 21 19 21 23 22 20 19 17 17 16 15 16 17 18 18 19 18 18 18 17 17 18 18 19 20 25 27 28 31 32 31 38 34 36 53 45 41 42 33 28 25 22 21 -9999 -9999 -9999 -9999 -9999 -9999 -9999 -9999 -9999 -9999 -9999 -9999 -9999 -9999 -9999 -9999 -9999 -9999 -9999 -9999 -9999 -9999 -9999 -9999 -9999 -9999 -9999 -9999 -9999 -9999 -9999 -9999 -9999
-9999 -9999 -9999 -9999 -9999 -9999 -9999 -9999 -9999 -9999 -9999 -9999 -9999 -9999 -9999 -9999 -9999 -9999 -9999 19 20 17 18 20 22 20 17 14 14 13 13 14 15 16 17 18 18 17 16 17 17 18 21 20 21 23 24 26 26 23 30 46 45 38 51 64 67 57 36 28 18 -9999 -9999 -9999 -9999 -9999 -9999 -9999 -9999 -9999 -9999 -9999 -9999 -9999 -9999 -9999 -9999 -9999 -9999 -9999 -9999 -9999 -9999 -9999 -9999 -9999 -9999 -9999 -9999 -9999 -9999 -9999 -9999 -9999 -9999 -9999
-9999 -9999 -9999 -9999 -9999 -9999 -9999 -9999 -9999 -9999 -9999 -9999 -9999 -9999 -9999 -9999 -9999 -9999 16 -9999 -9999 -9999 -9999 -9999 16 15 -9999 -9999 -9999 -9999 -9999 -9999 14 15 16 17 17 17 17 18 20 21 21 20 21 24 30 30 26 26 30 82 102 73 64 42 28 26 27 22 20 -9999 -9999 -9999 -9999 -9999 -9999 -9999 -9999 -9999 -9999 -9999 -9999 -9999 -9999 -9999 -9999 -9999 -9999 -9999 -9999 -9999 -9999 -9999 -9999 -9999 -9999 -9999 -9999 -9999 -9999 -9999 -9999 -9999 -9999 -9999
-9999 -9999 -9999 -9999 -9999 -9999 -9999 -9999 -9999 -9999 -9999 -9999 -9999 -9999 -9999 -9999 -9999 -9999 -9999 -9999 -9999 -9999 -9999 -9999 -9999 -9999 -9999 -9999 -9999 -9999 -9999 -9999 -9999 14 15 17 17 17 17 19 21 23 21 20 23 24 23 28 31 34 25 41 40 26 37 45 24 18 20 16 -9999 -9999 -9999 -9999 -9999 -9999 -9999 -9999 -9999 -9999 -9999 -9999 -9999 -9999 -9999 -9999 -9999 -9999 -9999 -9999 -9999 -9999 -9999 -9999 -9999 -9999 -9999 -9999 -9999 -9999 -9999 -9999 -9999 -9999 -9999 -9999
-9999 -9999 -9999 -9999 -9999 -9999 -9999 -9999 -9999 -9999 -9999 -9999 -9999 -9999 -9999 -9999 -9999 -9999 -9999 -9999 -9999 -9999 -9999 -9999 -9999 -9999 -9999 -9999 -9999 -9999 -9999 -9999 -9999 13 14 16 17 17 17 23 23 27 23 17 18 19 18 -9999 -9999 -9999 -9999 20 -9999 -9999 -9999 12 -9999 -9999 -9999 -9999 -9999 -9999 -9999 -9999 -9999 -9999 -9999 -9999 -9999 -9999 -9999 -9999 -9999 -9999 -9999 -9999 -9999 -9999 -9999 -9999 -9999 -9999 -9999 -9999 -9999 -9999 -9999 -9999 -9999 23 24 22 23 24 27 31
-9999 -9999 -9999 -9999 -9999 -9999 -9999 -9999 -9999 -9999 -9999 -9999 -9999 -9999 -9999 -9999 -9999 -9999 -9999 -9999 -9999 -9999 -9999 -9999 -9999 -9999 -9999 -9999 -9999 -9999 -9999 -9999 -9999 -9999 -9999 15 16 17 18 20 20 21 19 17 18 -9999 -9999 -9999 -9999 -9999 -9999 -9999 -9999 -9999 -9999 -9999 -9999 -9999 -9999 -9999 -9999 -9999 -9999 -9999 -9999 -9999 -9999 -9999 -9999 -9999 -9999 -9999 -9999 -9999 -9999 -9999 -9999 -9999 -9999 -9999 -9999 -9999 -9999 -9999 -9999 19 20 21 22 23 24 26 28 27 30 31
-9999 -9999 -9999 -9999 -9999 -9999 -9999 -9999 -9999 -9999 -9999 -9999 -9999 -9999 -9999 -9999 -9999 -9999 -9999 -9999 -9999 -9999 -9999 -9999 -9999 -9999 -9999 -9999 -9999 -9999 -9999 -9999 -9999 -9999 -9999 14 15 16 16 15 16 -9999 -9999 -9999 -9999 -9999 -9999 -9999 -9999 -9999 -9999 -9999 -9999 -9999 -9999 -9999 -9999 -9999 -9999 -9999 -9999 -9999 -9999 -9999 -9999 -9999 -9999 -9999 -9999 -9999 -9999 -9999 -9999 -9999 -9999 -9999 -9999 -9999 18 15 20 19 22 25 26 29 24 26 31 34 33 32 32 32 32 35
-9999 -9999 -9999 -9999 -9999 -9999 -9999 -9999 -9999 -9999 -9999 -9999 -9999 -9999 -9999 -9999 -9999 -9999 -9999 -9999 -9999 -9999 -9999 -9999 -9999 -9999 -9999 -9999 -9999 -9999 -9999 -9999 -9999 -9999 -9999 -9999 15 15 15 14 -9999 -9999 -9999 -9999 -9999 -9999 -9999 -9999 -9999 -9999 -9999 -9999 -9999 -9999 -9999 -9999 -9999 -9999 -9999 -9999 -9999 -9999 -9999 -9999 -9999 -9999 -9999 -9999 -9999 -9999 -9999 -9999 -9999 -9999 -9999 13 16 19 16 14 15 14 14 18 19 23 25 29 31 31 32 33 32 34 35 34
