resultados/variables/bio16.asc
ncols 330
nrows 228
xllcorner -12.000000
yllcorner 34.000000
cellsize 0.166667
NODATA_value -9999
[rows 120 to 159 of 228, columns 182 to 272 of 330]
204 204 205 207 209 211 213 214 214 215 212 211 213 213 211 206 204 202 204 207 209 211 212 211 211 212 213 214 214 209 205 202 203 206 207 208 210 212 214 215 217 218 219 221 222 224 226 229 231 233 235 237 239 240 241 242 243 244 245 245 244 246 246 246 246 247 245 243 242 241 239 237 234 233 230 227 226 224 221 219 216 214 213 214 215 215 216 216 215 213 213
203 205 207 210 212 215 218 222 222 220 218 216 216 216 213 211 208 207 -9999 208 212 212 213 212 211 211 211 211 209 204 199 196 198 202 204 207 210 212 213 215 216 217 218 220 221 223 226 229 232 234 236 238 240 242 243 244 246 247 247 246 246 246 245 245 245 245 243 241 241 239 238 235 233 231 230 229 227 224 221 219 216 215 214 214 215 214 215 216 214 213 214
208 209 210 214 216 219 222 224 223 222 222 221 219 217 217 215 214 213 212 210 210 211 212 212 211 211 210 209 206 201 194 191 195 199 204 207 209 212 214 215 216 217 217 219 220 223 226 229 233 234 237 240 242 244 245 246 248 248 248 248 248 248 246 245 245 244 243 241 240 238 236 235 232 231 231 230 228 225 221 218 217 216 215 213 213 212 212 212 212 212 214
212 214 215 215 218 222 225 227 226 226 228 227 228 228 223 222 221 220 219 218 215 214 216 216 215 214 212 209 205 200 194 192 195 200 205 208 211 213 214 215 216 216 216 218 220 222 226 229 232 235 239 242 245 247 248 250 251 251 251 254 252 250 249 247 246 245 244 242 240 238 235 233 231 229 229 228 226 223 220 218 216 214 212 212 211 212 211 211 211 212 212
218 219 219 221 223 225 230 230 232 232 233 235 238 243 238 231 229 225 223 221 217 217 221 221 221 218 215 211 207 204 200 198 199 203 208 210 214 215 216 216 215 215 216 217 219 221 225 228 232 237 240 245 248 250 252 253 253 253 253 254 252 250 248 246 244 243 242 240 239 237 235 232 230 228 228 226 223 222 219 217 215 213 212 211 212 212 212 211 211 211 211
226 228 228 228 229 231 234 238 239 240 243 244 247 251 251 245 238 234 230 226 221 223 223 225 224 223 222 217 212 211 209 205 205 207 210 213 215 216 217 216 215 214 213 214 217 220 224 228 233 238 242 247 252 254 255 255 256 256 255 254 252 250 248 246 245 244 243 241 238 236 233 231 228 227 226 223 222 220 218 216 214 213 212 211 211 211 211 211 211 211 212
237 237 236 237 235 238 238 242 243 246 249 252 254 256 259 259 250 243 235 230 227 227 228 230 230 229 227 225 220 218 217 217 213 214 214 216 218 219 219 217 215 214 213 214 217 220 223 228 234 241 245 250 255 258 259 259 258 258 257 255 254 251 249 248 246 244 242 240 238 235 232 231 227 225 224 222 220 217 216 214 212 211 210 211 211 211 211 211 211 210 211
244 245 246 247 244 249 252 250 251 256 257 257 257 259 259 260 259 254 244 236 230 225 229 230 233 234 232 227 225 225 223 221 218 218 220 222 221 222 222 221 218 215 213 215 217 220 223 230 236 243 250 255 259 260 262 261 261 260 258 257 255 252 250 247 245 243 240 238 237 235 232 229 -9999 223 221 220 218 215 214 212 210 209 209 209 211 210 211 211 210 210 208
249 251 253 255 255 258 268 269 265 266 267 265 262 263 263 260 255 250 243 234 229 228 229 231 232 233 233 234 236 234 232 227 225 226 225 224 226 226 225 223 220 217 214 216 220 222 226 232 241 246 255 261 264 265 265 264 263 262 260 258 255 253 250 248 245 243 240 239 237 234 232 228 227 221 221 219 216 213 212 209 208 207 207 207 208 209 208 209 209 207 205
258 260 264 265 264 267 275 285 286 280 279 276 274 267 267 264 256 250 243 237 235 235 235 234 235 236 236 234 235 239 239 234 231 231 232 230 231 231 229 226 223 220 221 222 221 228 233 238 244 250 260 265 270 271 269 267 264 263 260 259 256 254 251 248 245 242 240 239 236 234 231 228 226 221 220 217 213 211 209 207 205 204 205 206 207 208 209 209 208 204 202
266 271 272 276 275 276 283 297 303 290 281 279 276 275 269 266 262 257 252 248 245 244 244 243 240 239 242 241 238 240 246 241 238 237 237 236 236 236 233 230 227 225 225 225 226 233 239 242 248 255 264 271 277 276 274 269 266 264 261 258 255 252 250 247 244 242 240 238 236 233 231 228 226 220 217 215 212 209 206 204 202 202 203 204 205 206 208 208 206 201 198
279 283 287 288 285 284 287 290 283 280 280 279 279 278 278 276 277 270 263 259 255 251 249 248 246 245 244 244 244 245 247 254 250 248 246 245 242 241 239 236 234 234 234 233 237 241 242 248 255 261 267 276 282 280 275 271 267 265 261 258 254 252 249 247 245 243 240 238 235 233 231 229 225 222 218 215 211 208 205 203 202 202 203 204 204 205 206 208 203 199 196
283 292 298 301 304 304 302 301 293 298 298 291 296 297 293 292 291 283 278 276 268 265 263 264 260 258 253 248 248 249 251 256 261 262 256 252 250 247 245 248 249 248 247 244 245 244 246 251 257 265 272 277 280 279 276 272 266 264 260 257 254 251 249 246 244 242 240 237 236 233 230 227 225 222 220 217 214 210 207 204 202 203 203 204 203 203 204 204 200 198 192
300 308 325 357 359 351 369 343 354 344 343 335 328 315 312 306 301 290 279 275 274 272 274 269 267 268 262 255 255 255 256 259 263 267 268 261 260 259 261 259 258 255 251 252 252 252 254 257 262 268 273 276 277 277 275 272 268 264 260 256 254 250 249 246 243 241 239 238 234 231 229 226 223 221 217 214 211 209 207 203 202 202 203 203 203 202 200 198 198 194 188
339 371 359 386 386 404 414 425 392 376 394 387 340 315 321 328 319 316 304 291 284 278 273 274 283 285 273 265 264 261 261 262 264 266 273 270 271 266 268 265 263 261 257 255 255 259 259 261 265 270 273 277 279 278 276 272 267 262 257 252 249 248 247 246 243 240 238 237 234 231 230 227 225 221 217 214 211 209 205 201 200 200 200 201 201 200 197 195 193 190 186
365 363 360 381 402 414 404 385 398 401 381 354 334 354 337 345 334 321 307 300 300 304 294 285 282 291 293 287 278 271 267 266 267 267 268 268 268 269 271 269 269 266 262 260 260 262 265 266 269 272 274 276 276 275 273 270 266 262 256 250 244 243 243 243 243 240 238 235 233 232 231 227 225 222 219 214 209 206 204 201 201 200 198 -9999 -9999 198 -9999 193 191 187 184
336 323 326 363 399 386 383 421 483 485 481 429 325 332 329 325 329 302 285 277 282 288 302 313 304 302 300 295 299 295 291 279 272 272 271 271 272 269 270 274 273 272 268 267 266 267 268 271 271 273 276 275 276 276 274 273 268 262 255 248 242 240 241 240 239 239 237 235 234 233 231 228 224 221 217 212 211 207 203 203 200 198 199 197 196 -9999 -9999 -9999 -9999 184 181
295 320 360 331 353 369 359 358 384 396 406 314 284 319 317 313 294 286 279 271 267 269 276 291 307 315 319 309 305 320 308 294 286 280 282 278 276 277 273 273 275 277 274 273 270 270 270 271 275 274 277 276 274 276 274 271 268 263 256 247 241 239 240 239 237 236 234 235 234 232 230 229 223 219 215 209 206 204 201 199 198 197 198 199 198 194 191 189 186 -9999 178
317 322 315 320 380 377 400 412 390 377 386 334 292 275 284 291 287 271 300 267 253 259 279 282 267 284 303 319 310 318 311 326 315 297 288 286 288 283 277 277 274 276 276 277 273 272 273 272 273 275 277 277 274 274 273 271 269 265 258 252 245 239 237 236 235 236 232 232 233 233 232 230 224 217 211 205 202 201 199 198 197 196 197 195 196 196 193 190 186 183 179
272 263 297 329 303 280 317 308 313 330 293 293 260 292 288 284 282 261 263 273 243 242 240 255 272 268 289 298 297 314 316 326 335 338 316 303 292 285 281 279 278 275 278 276 276 274 274 273 273 271 276 276 273 273 271 271 268 264 258 252 248 243 239 235 233 231 231 231 231 231 232 229 221 215 207 202 198 195 193 193 192 193 193 193 194 194 191 187 183 182 179
246 287 257 258 245 245 277 299 282 255 242 227 236 242 247 242 242 244 264 247 237 235 234 235 246 258 274 273 284 316 305 323 342 353 350 333 315 299 291 284 280 278 277 276 276 274 271 272 270 269 269 271 270 270 268 268 267 263 257 252 248 243 241 236 233 230 228 227 226 226 226 222 215 209 202 199 196 193 191 190 190 189 188 187 189 188 187 183 179 177 176
231 248 245 256 239 268 254 225 214 217 216 211 218 220 222 229 234 243 258 240 235 230 230 230 230 232 238 259 281 271 302 306 335 342 345 344 346 320 311 292 283 276 274 275 274 278 280 275 272 268 268 271 272 271 270 267 265 261 254 249 245 242 239 237 232 229 226 223 220 219 218 213 209 203 197 192 190 189 187 185 185 184 184 183 182 182 182 180 176 173 172
205 203 208 209 217 223 206 203 206 213 207 206 211 212 211 218 223 235 233 225 225 225 225 226 227 229 232 236 243 266 263 289 305 317 347 345 331 338 338 317 299 289 287 284 284 276 271 267 266 265 264 264 266 267 266 266 262 259 251 244 240 237 236 235 231 226 223 221 218 213 209 205 201 197 192 186 185 184 183 183 182 181 178 177 176 177 177 176 173 171 168
194 189 190 193 196 192 193 197 204 210 207 211 233 238 210 207 212 215 220 220 219 219 222 223 223 225 227 231 238 261 258 266 275 287 309 318 337 364 335 316 316 319 304 289 286 284 280 272 266 262 260 260 258 261 260 260 257 253 248 246 236 230 230 231 227 224 220 216 212 208 203 199 195 189 183 181 180 179 180 180 179 178 173 171 171 172 173 171 168 167 166
183 182 185 213 196 194 196 199 204 222 208 200 206 206 201 201 204 208 211 213 214 216 220 221 220 221 223 226 233 247 265 300 294 274 288 317 345 352 354 338 331 328 320 303 290 284 280 273 263 258 256 254 254 253 256 254 251 248 243 239 238 235 228 224 220 220 217 213 208 204 199 193 189 184 179 177 174 175 174 171 172 171 170 168 167 167 167 167 164 162 161
179 179 183 198 186 187 189 185 188 188 188 189 191 192 194 197 200 202 205 209 211 215 218 218 218 219 220 223 231 242 271 292 311 294 287 283 301 327 345 361 348 336 326 319 306 282 276 275 265 257 251 251 250 245 248 248 247 242 240 237 231 232 228 221 215 215 212 210 205 199 194 190 185 181 177 172 169 167 168 167 167 166 164 164 163 163 163 162 161 159 159
181 182 183 193 179 186 187 182 180 180 182 184 186 189 191 194 196 198 201 205 207 211 214 215 216 218 221 228 243 245 248 258 275 292 304 312 306 344 352 363 346 334 324 308 304 286 274 266 262 257 255 245 244 242 240 241 241 239 234 230 224 219 220 219 212 209 207 206 201 196 191 184 180 176 172 170 167 162 162 164 162 163 161 160 159 160 159 157 157 155 155
181 176 177 181 176 178 183 181 179 179 180 182 184 187 189 192 194 196 198 200 203 207 210 214 220 226 227 232 238 241 257 263 270 272 279 291 288 315 306 315 331 327 329 326 307 297 277 263 260 255 258 245 238 235 236 235 235 235 234 228 224 216 211 211 206 203 202 201 196 192 186 182 176 171 169 165 162 160 159 158 159 159 158 156 157 156 155 153 153 152 151
170 173 173 174 174 175 178 180 179 178 179 181 183 185 188 190 193 195 197 199 201 205 211 217 226 228 232 234 240 241 250 254 256 261 259 259 265 274 295 316 329 336 332 330 312 312 293 271 254 250 243 241 232 232 231 232 229 230 234 228 221 216 212 207 199 198 197 197 191 189 183 177 173 168 163 160 160 158 157 156 154 156 156 153 154 153 152 149 149 148 148
169 171 173 174 174 175 177 180 179 178 179 181 183 185 187 190 192 195 197 199 202 208 216 223 243 253 250 250 249 242 250 253 252 247 258 254 258 266 310 331 337 353 327 324 323 289 292 280 255 245 238 234 233 233 234 232 231 221 222 224 222 213 205 200 195 192 190 191 188 184 180 173 168 164 159 155 153 152 152 152 152 151 151 150 150 149 148 146 146 145 144
173 173 177 176 175 176 177 179 179 179 179 180 182 184 187 189 192 195 197 200 204 214 223 234 261 261 276 267 253 251 253 251 242 247 250 255 255 263 270 287 305 311 293 313 305 301 279 270 248 241 236 226 235 232 231 233 230 228 213 213 212 209 201 195 192 189 185 183 183 178 178 170 161 156 154 150 147 147 147 146 147 147 147 147 146 145 144 143 142 141 140
179 178 180 178 177 177 178 179 179 178 179 180 182 185 187 190 193 196 198 202 205 211 217 222 239 307 343 305 298 281 257 255 247 246 248 252 254 255 257 271 309 330 286 297 324 306 305 293 258 234 233 224 232 232 228 222 222 222 211 205 206 203 199 193 189 188 183 177 174 172 171 164 155 149 146 143 142 141 141 141 142 -9999 142 142 141 141 140 138 136 135 135
187 184 183 180 179 180 181 181 180 179 179 180 182 185 188 191 194 197 200 203 207 212 236 266 238 280 347 341 353 345 291 264 248 244 247 249 251 251 255 265 277 309 310 301 283 307 305 301 275 241 235 223 229 231 225 223 215 214 208 197 198 197 193 192 188 183 182 179 172 165 160 157 150 142 -9999 138 -9999 -9999 -9999 -9999 -9999 -9999 -9999 -9999 134 134 133 133 132 131 132
198 190 186 184 183 185 185 183 182 180 179 180 183 186 190 193 196 200 203 206 209 215 221 248 264 277 335 308 319 317 291 275 245 243 247 248 248 251 253 260 267 280 277 323 270 295 309 288 258 247 235 226 224 224 222 216 209 206 198 192 195 191 189 184 184 179 179 174 171 165 153 147 143 135 133 -9999 -9999 -9999 -9999 -9999 -9999 -9999 129 129 129 130 129 128 127 127 128
213 202 191 188 190 189 188 186 184 181 179 181 184 188 191 195 198 202 206 212 232 231 245 244 254 246 270 284 296 317 302 259 240 246 249 250 254 255 258 258 264 264 268 280 305 270 289 306 273 242 228 229 217 216 212 206 203 200 190 190 191 184 182 181 178 173 172 168 165 158 151 -9999 -9999 132 -9999 -9999 -9999 -9999 -9999 -9999 -9999 -9999 126 125 125 125 125 124 123 123 123
213 206 197 193 192 191 190 188 186 183 182 183 186 189 193 197 201 206 211 217 228 232 235 250 252 266 257 266 280 282 272 240 246 248 252 256 260 266 266 270 268 260 264 259 273 290 274 272 288 270 244 235 217 207 203 199 201 197 184 187 186 177 176 175 171 166 164 162 158 150 143 137 130 -9999 -9999 -9999 -9999 -9999 -9999 -9999 -9999 -9999 -9999 -9999 -9999 -9999 -9999 -9999 -9999 -9999 120
213 206 200 197 195 195 193 191 189 188 186 187 189 192 195 198 202 208 214 223 226 229 230 234 244 246 252 243 258 245 247 251 251 257 260 267 265 265 268 267 264 262 282 265 279 271 257 281 308 280 244 233 213 201 195 195 196 188 180 180 177 171 172 168 162 158 155 151 147 139 133 130 -9999 -9999 -9999 -9999 -9999 -9999 -9999 -9999 -9999 -9999 -9999 -9999 -9999 -9999 -9999 -9999 -9999 -9999 -9999
215 210 207 202 200 198 197 195 193 191 190 191 193 195 198 201 203 206 211 216 219 225 235 262 299 318 286 246 247 275 308 314 321 294 271 262 262 268 272 271 274 277 277 260 263 276 276 310 328 297 253 233 208 194 188 186 185 182 172 175 171 166 165 159 154 147 143 139 133 -9999 -9999 -9999 -9999 -9999 -9999 -9999 -9999 -9999 -9999 -9999 -9999 -9999 -9999 -9999 -9999 -9999 -9999 -9999 -9999 -9999 118
221 216 211 208 205 203 200 198 196 194 194 195 197 199 201 204 207 210 215 223 230 232 236 280 295 305 283 257 277 321 364 363 379 366 342 292 334 368 381 372 357 331 295 321 314 324 308 309 308 291 258 225 205 190 184 179 177 174 166 168 164 160 158 151 145 137 130 124 -9999 -9999 -9999 -9999 -9999 -9999 -9999 -9999 -9999 -9999 -9999 -9999 -9999 -9999 -9999 -9999 -9999 -9999 -9999 119 119 118 119
229 223 217 214 211 209 206 203 200 198 198 199 201 203 205 208 210 214 220 226 240 244 252 245 308 361 366 371 326 303 311 375 372 331 317 286 305 329 338 352 342 345 372 358 351 336 311 280 266 247 231 221 199 188 182 175 170 166 160 158 -9999 153 151 145 136 127 118 111 -9999 -9999 -9999 -9999 -9999 -9999 -9999 -9999 -9999 -9999 -9999 -9999 -9999 -9999 -9999 -9999 -9999 122 122 120 118 117 120
