resultados/variables/bio1.asc
ncols 330
nrows 228
xllcorner -12.000000
yllcorner 34.000000
cellsize 0.166667
NODATA_value -9999
[rows 144 to 191 of 228, columns 96 to 191 of 330]
103 100 101 100 98 96 93 93 93 95 96 97 96 94 87 81 77 69 69 96 101 101 97 74 64 65 72 74 79 83 84 82 80 82 79 73 74 72 69 72 74 77 81 79 79 76 76 81 84 82 80 79 81 87 80 75 72 75 75 70 70 71 69 68 69 65 62 58 57 63 60 68 78 93 95 95 99 99 99 99 100 101 101 102 103 102 101 103 102 88 97 98 96 95 92 82
104 103 100 98 96 93 92 94 97 98 98 99 99 96 94 91 81 83 92 99 100 98 79 70 64 70 79 80 88 91 93 92 86 86 78 74 68 66 65 69 71 74 79 81 78 72 68 67 76 66 68 62 61 71 79 59 62 61 47 41 43 52 49 57 55 52 43 45 44 40 45 62 82 86 92 97 101 101 101 101 101 102 102 103 104 104 102 104 104 97 104 103 101 103 101 101
104 103 100 97 94 93 97 100 102 102 103 102 98 96 97 94 94 96 95 95 96 99 95 88 86 91 89 90 91 91 90 92 -9999 -9999 82 72 60 63 55 58 62 50 62 63 61 57 50 50 66 62 63 46 49 44 42 46 47 46 42 41 35 40 45 39 45 37 34 38 44 52 43 45 68 72 85 93 98 100 101 102 102 102 101 103 103 103 100 102 104 100 110 104 102 105 106 106
100 100 100 96 91 93 102 105 105 105 104 101 100 98 94 91 90 86 86 82 86 83 82 85 89 91 88 89 87 81 83 80 76 85 76 65 44 52 32 39 41 40 41 50 26 33 54 62 56 47 43 40 46 33 30 54 47 30 29 40 34 22 24 23 29 43 54 57 54 44 56 60 74 77 82 93 97 100 101 102 103 102 99 98 100 100 100 106 108 108 111 108 104 105 106 106
91 95 98 97 95 98 106 107 107 105 105 104 97 91 84 79 76 69 65 68 74 80 88 88 85 84 90 86 89 85 71 59 59 82 59 37 24 19 17 20 44 45 31 47 57 41 23 42 16 25 30 30 33 37 39 34 18 14 12 11 17 26 34 38 48 52 40 58 59 63 72 81 86 89 90 94 98 100 101 103 102 96 88 91 97 105 107 108 110 112 111 110 108 106 107 107
91 100 102 98 96 106 108 109 108 106 105 99 90 83 72 68 61 63 72 86 86 87 78 73 81 86 88 74 59 51 60 42 63 45 29 46 17 4 15 30 15 11 -18 11 35 8 9 6 -4 -9999 -12 -2 -15 1 12 2 1 22 33 30 33 40 45 27 43 35 65 74 78 79 84 87 91 92 94 97 98 99 102 103 101 95 93 99 107 107 110 110 111 111 111 110 108 106 107 107
99 103 98 101 106 110 110 109 109 107 100 88 77 74 64 59 72 88 87 84 80 78 71 60 53 66 54 61 37 18 25 14 28 60 37 16 1 -7 11 9 -25 -19 -7 3 37 14 5 30 -1 -4 5 22 7 25 21 26 28 36 13 20 41 52 57 38 46 45 44 78 86 86 87 89 91 92 95 96 98 100 102 100 102 100 103 -9999 110 109 110 111 110 111 112 111 109 108 107 107
106 104 104 104 108 111 109 110 109 103 92 85 71 64 64 86 83 81 76 65 54 76 62 52 42 36 2 19 8 10 29 46 57 28 15 -5 1 8 1 16 -24 -14 15 44 23 45 45 50 32 25 23 26 36 47 38 48 53 66 49 43 63 64 70 57 65 58 44 82 86 90 92 94 94 94 97 97 98 101 102 104 -9999 108 106 105 106 109 110 111 109 111 112 111 109 108 108 108
108 107 103 106 108 110 110 110 106 95 90 74 62 56 82 89 78 68 60 40 42 40 33 16 -9999 -7 -16 9 3 10 -5 8 16 20 -4 -0 -2 2 4 20 26 35 59 74 56 58 19 21 19 18 34 34 36 45 55 53 57 62 66 71 76 76 71 74 69 71 69 70 73 85 94 95 98 100 100 99 99 101 103 106 106 107 105 106 108 109 109 111 110 112 111 111 109 108 108 108
109 106 102 104 105 111 110 110 100 94 86 71 64 91 -9999 -9999 -9999 74 45 34 17 7 -7 -22 5 1 -4 26 25 57 13 19 15 5 -4 -20 -2 3 14 -24 3 37 73 90 66 34 21 34 32 45 52 41 58 76 84 72 48 54 44 46 64 56 47 44 50 61 79 62 65 87 97 98 98 99 100 103 102 103 103 106 106 107 108 109 111 110 108 111 112 112 111 109 108 108 108 108
106 103 94 95 108 111 110 109 101 93 77 70 98 99 78 59 44 63 42 43 51 37 22 29 -9999 35 30 50 65 62 68 47 81 28 20 33 43 51 25 6 32 35 93 85 51 37 36 41 60 67 61 66 91 95 112 95 82 81 60 67 64 85 88 75 70 79 89 93 93 95 93 94 94 98 100 101 104 105 106 106 108 107 106 107 109 107 104 108 112 112 109 109 108 108 108 109
108 100 91 99 112 109 109 108 101 80 81 94 90 85 77 70 45 18 55 26 -3 -9999 -17 -9999 7 78 57 70 99 91 74 94 79 64 51 44 41 45 38 6 65 67 94 83 61 62 74 82 101 93 76 104 123 126 125 127 121 109 94 89 85 89 99 100 91 88 84 93 88 96 104 104 101 100 99 101 102 104 108 109 109 109 110 109 107 106 108 108 111 112 110 109 109 109 109 109
104 98 93 106 112 110 110 111 98 83 91 97 95 73 53 53 41 -3 -3 -9999 -14 -12 -23 -10 43 61 91 -9999 103 106 95 100 84 78 67 73 72 78 38 63 70 101 92 69 62 64 85 101 107 122 128 131 131 131 131 132 131 128 111 97 86 96 93 96 96 101 101 103 106 105 109 98 98 102 104 105 106 105 106 109 111 111 112 112 111 109 110 111 112 112 111 110 109 110 110 109
106 105 94 99 111 115 114 111 110 100 107 100 79 71 71 47 8 12 25 52 40 50 34 28 62 90 102 -9999 112 113 115 118 115 113 109 102 105 82 87 86 -9999 82 71 87 109 110 124 127 126 129 130 132 133 133 134 -9999 134 -9999 125 117 96 93 88 82 90 96 101 97 90 95 108 110 106 105 105 105 105 108 108 107 108 109 111 111 111 112 111 111 110 112 112 111 110 110 110 111
101 107 93 98 111 114 109 108 106 108 96 98 80 87 67 39 40 8 -1 -1 -2 21 66 69 100 110 113 114 117 121 125 127 126 128 128 125 121 112 113 -9999 117 106 93 107 128 133 133 132 131 130 131 132 133 -9999 -9999 -9999 -9999 -9999 138 116 106 102 67 76 88 94 90 114 110 114 113 108 105 106 106 106 103 108 109 105 90 93 102 108 110 110 111 111 111 112 112 112 112 111 112 112
87 97 90 87 112 111 108 104 101 98 85 78 87 65 36 44 10 -4 -10 18 45 77 103 116 115 119 120 120 122 126 129 129 129 130 130 129 127 125 124 125 126 129 131 131 132 132 135 135 133 -9999 -9999 -9999 -9999 -9999 -9999 -9999 -9999 139 132 128 106 103 107 80 87 90 97 110 114 113 109 108 107 104 106 108 109 109 107 95 90 99 99 99 104 107 110 111 112 112 112 112 112 112 113 113
94 86 74 91 112 115 108 101 104 90 86 82 31 43 49 14 18 11 1 37 85 113 119 120 121 122 123 124 125 128 130 130 130 131 131 129 128 127 127 127 129 131 133 135 135 135 134 135 135 -9999 -9999 -9999 -9999 -9999 -9999 -9999 -9999 -9999 132 128 134 -9999 -9999 -9999 89 68 85 104 110 110 107 109 103 97 100 106 110 111 111 109 108 104 105 103 103 107 110 111 112 112 112 111 110 111 111 113
78 76 77 91 110 119 116 111 82 68 97 48 43 13 10 9 24 34 61 81 111 123 122 119 120 120 123 126 128 129 131 129 130 131 131 130 128 127 127 129 130 132 134 135 136 136 136 136 135 135 -9999 -9999 -9999 -9999 -9999 -9999 -9999 -9999 138 129 134 -9999 -9999 137 -9999 90 89 88 96 102 105 103 100 103 107 104 104 98 107 112 112 108 106 109 108 109 112 113 113 113 114 113 111 108 107 109
68 71 88 98 105 122 107 78 63 68 81 56 24 -0 4 34 29 11 43 94 124 128 127 124 125 125 126 128 129 126 118 109 113 123 126 128 128 127 127 129 131 133 135 136 137 137 137 136 135 135 135 -9999 -9999 -9999 -9999 -9999 -9999 -9999 -9999 140 -9999 -9999 135 -9999 -9999 97 87 91 78 81 101 101 101 104 105 104 111 104 100 109 109 107 109 106 106 104 110 113 114 115 115 115 114 115 115 116
69 80 92 105 121 119 109 98 82 65 65 60 55 31 13 47 28 19 34 96 127 129 128 125 125 123 124 128 125 116 99 85 96 98 101 113 122 124 126 129 131 133 136 137 138 138 137 136 135 -9999 -9999 -9999 -9999 -9999 -9999 -9999 -9999 -9999 -9999 -9999 -9999 -9999 138 -9999 -9999 85 67 88 81 73 77 91 76 85 86 100 104 100 100 103 103 104 106 107 108 101 105 103 108 112 114 116 116 116 116 117
83 107 119 111 125 119 103 87 82 72 70 59 77 63 54 53 22 3 35 74 113 126 127 126 114 117 120 115 107 107 91 85 82 85 97 105 100 109 116 120 128 133 136 138 140 139 138 136 135 134 -9999 -9999 -9999 -9999 -9999 -9999 -9999 -9999 -9999 -9999 -9999 -9999 -9999 -9999 -9999 -9999 81 85 89 79 77 73 89 80 74 78 100 83 84 86 92 87 99 105 105 97 108 105 100 99 107 116 110 111 114 115
111 125 123 121 128 120 105 96 90 79 89 86 86 81 57 38 37 24 42 73 111 123 125 122 114 119 118 110 -9999 -9999 114 113 101 97 92 99 78 91 102 108 108 117 122 129 133 136 137 136 134 133 -9999 -9999 -9999 -9999 -9999 -9999 -9999 -9999 -9999 -9999 -9999 -9999 -9999 -9999 -9999 -9999 132 95 79 87 85 76 87 82 72 63 77 83 82 88 74 67 75 89 103 97 101 103 104 102 109 99 106 109 107 112
121 128 125 130 132 128 118 100 89 83 88 104 84 68 63 37 25 38 43 51 79 84 76 88 107 115 135 -9999 -9999 -9999 -9999 -9999 -9999 122 121 128 118 86 72 82 89 106 112 110 113 124 130 133 133 131 -9999 -9999 -9999 -9999 -9999 -9999 -9999 -9999 -9999 -9999 -9999 -9999 -9999 -9999 -9999 -9999 -9999 137 129 106 103 94 85 81 73 70 65 69 84 78 74 68 83 94 83 75 84 79 86 94 103 103 99 92 100 107
130 128 128 130 135 134 126 102 88 84 87 102 103 96 74 63 60 66 74 55 38 72 72 107 130 -9999 -9999 -9999 -9999 -9999 -9999 -9999 -9999 -9999 -9999 144 126 98 112 94 86 93 102 104 104 104 113 122 127 129 132 -9999 -9999 -9999 -9999 -9999 -9999 -9999 -9999 -9999 -9999 -9999 -9999 -9999 -9999 -9999 -9999 -9999 136 131 118 126 118 107 75 69 67 64 56 62 91 75 74 93 98 86 73 85 76 69 80 89 94 93 84 91
134 134 135 136 136 136 129 119 110 107 111 116 107 89 86 83 94 105 111 111 99 118 118 134 143 -9999 -9999 -9999 -9999 -9999 -9999 -9999 -9999 -9999 -9999 -9999 -9999 139 127 129 127 135 131 125 124 108 94 109 114 121 124 131 135 -9999 -9999 -9999 -9999 -9999 -9999 -9999 -9999 -9999 -9999 -9999 -9999 -9999 -9999 -9999 -9999 141 138 136 129 119 107 74 83 72 56 64 65 76 52 75 96 99 83 70 75 77 74 83 80 92 90 99
137 138 139 140 138 133 129 123 120 118 123 118 114 101 96 93 92 97 116 138 130 -9999 -9999 -9999 -9999 -9999 -9999 -9999 -9999 -9999 -9999 -9999 -9999 -9999 -9999 -9999 -9999 -9999 144 141 145 142 142 141 132 100 109 99 99 107 122 130 131 135 137 -9999 -9999 -9999 -9999 -9999 -9999 -9999 -9999 -9999 -9999 -9999 -9999 -9999 -9999 -9999 -9999 147 136 128 107 116 101 85 79 77 60 80 97 85 74 66 83 66 80 87 87 91 88 81 84 92
140 141 142 141 140 138 136 132 127 121 121 123 122 121 118 124 132 136 142 -9999 -9999 -9999 -9999 -9999 -9999 -9999 -9999 -9999 -9999 -9999 -9999 -9999 -9999 -9999 -9999 -9999 -9999 -9999 146 146 145 142 141 134 126 125 113 113 118 112 117 122 128 133 137 138 140 -9999 -9999 -9999 -9999 -9999 -9999 -9999 -9999 -9999 -9999 -9999 -9999 -9999 -9999 -9999 141 140 137 127 127 104 98 89 71 63 99 70 85 63 62 78 92 90 78 83 92 86 76 75
-9999 -9999 -9999 -9999 -9999 -9999 -9999 137 130 127 122 127 131 136 141 139 -9999 -9999 -9999 -9999 -9999 -9999 -9999 -9999 -9999 -9999 -9999 -9999 -9999 -9999 -9999 -9999 -9999 -9999 -9999 -9999 -9999 -9999 147 142 144 139 141 134 128 127 126 121 117 125 120 118 115 129 130 137 143 146 -9999 -9999 -9999 -9999 -9999 -9999 -9999 -9999 -9999 -9999 -9999 -9999 -9999 -9999 -9999 -9999 -9999 -9999 139 130 113 125 111 106 110 99 83 75 64 61 87 82 76 79 72 84 75 70
-9999 -9999 -9999 -9999 -9999 -9999 -9999 -9999 137 134 128 122 137 137 135 144 -9999 -9999 -9999 -9999 -9999 -9999 -9999 -9999 -9999 -9999 -9999 -9999 -9999 -9999 -9999 -9999 -9999 -9999 -9999 -9999 -9999 -9999 -9999 150 142 136 136 137 139 133 129 129 122 125 126 125 120 121 124 137 143 146 -9999 -9999 -9999 -9999 -9999 -9999 -9999 -9999 -9999 -9999 -9999 -9999 -9999 -9999 -9999 -9999 -9999 -9999 -9999 -9999 108 120 143 140 141 119 87 84 72 69 50 66 55 68 75 72 78 65
-9999 -9999 -9999 -9999 -9999 -9999 -9999 -9999 -9999 -9999 -9999 -9999 -9999 -9999 -9999 -9999 -9999 -9999 -9999 -9999 -9999 -9999 -9999 -9999 -9999 -9999 -9999 -9999 -9999 -9999 -9999 -9999 -9999 -9999 -9999 -9999 -9999 -9999 -9999 150 148 135 133 137 138 134 127 132 132 133 133 131 119 106 121 121 137 142 144 -9999 -9999 -9999 -9999 -9999 -9999 -9999 -9999 -9999 -9999 -9999 -9999 -9999 -9999 -9999 -9999 -9999 -9999 -9999 -9999 -9999 148 153 152 139 109 97 82 81 66 65 48 55 62 72 89 71
-9999 -9999 -9999 -9999 -9999 -9999 -9999 -9999 -9999 -9999 -9999 -9999 -9999 -9999 -9999 -9999 -9999 -9999 -9999 -9999 -9999 -9999 -9999 -9999 -9999 -9999 -9999 -9999 -9999 -9999 -9999 -9999 141 -9999 -9999 -9999 -9999 -9999 -9999 -9999 -9999 147 148 144 138 116 126 128 130 132 135 134 123 107 99 79 125 136 143 -9999 -9999 -9999 -9999 -9999 -9999 -9999 -9999 -9999 -9999 -9999 -9999 -9999 -9999 -9999 -9999 -9999 158 152 149 -9999 149 -9999 142 131 118 98 110 80 76 81 66 53 52 69 69 85
-9999 -9999 -9999 -9999 -9999 -9999 -9999 -9999 -9999 -9999 -9999 -9999 -9999 -9999 -9999 -9999 -9999 -9999 -9999 -9999 -9999 -9999 -9999 -9999 -9999 -9999 -9999 -9999 -9999 -9999 -9999 -9999 134 -9999 -9999 -9999 -9999 -9999 -9999 -9999 -9999 -9999 150 144 134 126 131 131 138 133 136 128 127 106 102 85 103 111 139 145 -9999 -9999 -9999 -9999 -9999 -9999 -9999 -9999 -9999 -9999 -9999 -9999 -9999 -9999 -9999 -9999 -9999 -9999 -9999 -9999 -9999 -9999 -9999 137 134 129 120 102 93 -9999 81 56 94 62 67 68
-9999 -9999 -9999 -9999 -9999 -9999 -9999 -9999 -9999 -9999 -9999 -9999 -9999 -9999 -9999 -9999 -9999 -9999 -9999 -9999 -9999 -9999 -9999 -9999 -9999 -9999 -9999 -9999 -9999 136 134 125 140 -9999 -9999 -9999 -9999 -9999 -9999 -9999 -9999 -9999 -9999 150 148 144 137 -9999 136 144 136 137 127 95 93 98 75 114 134 140 -9999 -9999 -9999 -9999 -9999 -9999 -9999 -9999 -9999 -9999 -9999 -9999 -9999 -9999 -9999 -9999 -9999 -9999 -9999 -9999 -9999 -9999 -9999 -9999 -9999 142 114 84 104 97 125 99 95 55 57 63
-9999 -9999 -9999 -9999 -9999 -9999 -9999 -9999 -9999 -9999 -9999 -9999 -9999 -9999 -9999 -9999 -9999 -9999 -9999 -9999 -9999 -9999 -9999 -9999 -9999 -9999 -9999 -9999 132 82 106 122 127 -9999 -9999 -9999 -9999 -9999 -9999 -9999 -9999 -9999 -9999 -9999 153 153 150 150 143 139 148 137 122 116 94 101 92 72 88 132 143 145 -9999 -9999 -9999 -9999 -9999 -9999 -9999 -9999 -9999 -9999 -9999 -9999 -9999 -9999 -9999 -9999 -9999 -9999 -9999 -9999 -9999 -9999 -9999 -9999 -9999 -9999 123 101 134 151 115 79 54 53
-9999 -9999 -9999 -9999 -9999 -9999 -9999 -9999 -9999 -9999 -9999 -9999 -9999 -9999 -9999 -9999 -9999 -9999 -9999 -9999 -9999 -9999 -9999 -9999 -9999 -9999 -9999 -9999 121 91 85 127 134 -9999 -9999 -9999 -9999 -9999 -9999 -9999 -9999 -9999 -9999 -9999 -9999 -9999 157 152 143 143 148 148 134 122 108 94 76 104 114 128 127 136 144 -9999 -9999 -9999 -9999 -9999 -9999 -9999 -9999 -9999 -9999 -9999 -9999 -9999 -9999 -9999 -9999 -9999 -9999 -9999 -9999 -9999 -9999 -9999 -9999 -9999 -9999 123 140 -9999 148 100 98 97
-9999 -9999 -9999 -9999 -9999 -9999 -9999 -9999 -9999 -9999 -9999 -9999 -9999 -9999 -9999 -9999 -9999 -9999 -9999 -9999 -9999 -9999 -9999 -9999 -9999 -9999 -9999 -9999 141 123 91 113 152 -9999 -9999 -9999 -9999 -9999 -9999 -9999 -9999 -9999 -9999 -9999 -9999 -9999 -9999 152 151 151 149 151 141 120 112 102 98 95 109 114 68 124 138 144 -9999 -9999 -9999 -9999 -9999 -9999 -9999 -9999 -9999 -9999 -9999 -9999 -9999 -9999 -9999 -9999 -9999 -9999 -9999 -9999 -9999 -9999 -9999 -9999 -9999 -9999 -9999 131 -9999 143 112 107
-9999 -9999 -9999 -9999 -9999 -9999 -9999 -9999 -9999 -9999 -9999 -9999 -9999 -9999 -9999 -9999 -9999 -9999 -9999 -9999 -9999 -9999 -9999 -9999 -9999 -9999 -9999 -9999 -9999 130 107 107 -9999 -9999 -9999 -9999 -9999 -9999 -9999 -9999 -9999 -9999 -9999 -9999 -9999 -9999 -9999 -9999 -9999 157 155 154 149 129 115 91 101 104 82 77 82 102 114 132 142 152 155 -9999 -9999 -9999 -9999 -9999 -9999 -9999 -9999 -9999 -9999 -9999 -9999 -9999 -9999 -9999 -9999 -9999 -9999 -9999 -9999 -9999 -9999 -9999 -9999 151 154 149 132 109
-9999 -9999 -9999 -9999 -9999 -9999 -9999 -9999 -9999 -9999 -9999 -9999 -9999 -9999 -9999 -9999 -9999 -9999 -9999 -9999 -9999 -9999 -9999 -9999 -9999 -9999 -9999 -9999 145 139 120 121 -9999 -9999 -9999 -9999 -9999 -9999 -9999 -9999 -9999 -9999 -9999 -9999 -9999 -9999 -9999 -9999 -9999 -9999 155 153 137 139 138 126 108 114 98 71 98 105 121 126 134 136 150 155 157 135 125 126 133 -9999 -9999 -9999 -9999 -9999 -9999 -9999 -9999 -9999 -9999 -9999 -9999 -9999 -9999 -9999 -9999 -9999 -9999 -9999 -9999 -9999 136 134
-9999 -9999 -9999 -9999 -9999 -9999 -9999 -9999 -9999 -9999 -9999 -9999 -9999 -9999 -9999 -9999 -9999 -9999 -9999 -9999 -9999 -9999 -9999 -9999 -9999 -9999 -9999 -9999 -9999 149 136 149 -9999 -9999 -9999 -9999 -9999 -9999 -9999 -9999 -9999 -9999 -9999 -9999 -9999 -9999 -9999 -9999 -9999 -9999 -9999 154 153 145 123 135 141 138 124 111 125 120 115 127 127 138 138 152 157 158 156 -9999 -9999 -9999 -9999 -9999 -9999 -9999 -9999 -9999 -9999 -9999 -9999 -9999 -9999 -9999 -9999 -9999 -9999 -9999 -9999 -9999 -9999 154 133 112
-9999 -9999 -9999 -9999 -9999 -9999 -9999 -9999 -9999 -9999 -9999 -9999 -9999 -9999 -9999 -9999 -9999 -9999 -9999 -9999 -9999 -9999 -9999 -9999 -9999 -9999 -9999 -9999 -9999 -9999 -9999 -9999 -9999 -9999 -9999 -9999 -9999 -9999 -9999 -9999 -9999 -9999 -9999 -9999 -9999 -9999 -9999 -9999 -9999 -9999 -9999 -9999 -9999 155 153 141 136 134 142 141 138 119 104 117 124 124 125 143 152 157 159 161 -9999 -9999 -9999 -9999 -9999 -9999 -9999 -9999 -9999 -9999 -9999 -9999 -9999 -9999 -9999 -9999 -9999 -9999 -9999 -9999 -9999 154 148 116
-9999 -9999 -9999 -9999 -9999 -9999 -9999 -9999 -9999 -9999 -9999 -9999 -9999 -9999 -9999 -9999 -9999 -9999 -9999 -9999 -9999 -9999 -9999 -9999 -9999 -9999 -9999 -9999 -9999 -9999 -9999 -9999 -9999 -9999 -9999 -9999 -9999 -9999 -9999 -9999 -9999 -9999 -9999 -9999 -9999 -9999 -9999 -9999 -9999 -9999 -9999 -9999 -9999 -9999 155 -9999 -9999 -9999 147 144 146 143 146 135 140 132 127 126 142 151 153 156 156 155 156 -9999 -9999 -9999 -9999 -9999 -9999 -9999 -9999 -9999 -9999 -9999 -9999 -9999 -9999 -9999 -9999 -9999 -9999 153 145 131
-9999 -9999 -9999 -9999 -9999 -9999 -9999 -9999 -9999 -9999 -9999 -9999 -9999 -9999 -9999 -9999 -9999 -9999 -9999 -9999 -9999 -9999 -9999 -9999 -9999 -9999 -9999 -9999 -9999 -9999 150 154 157 -9999 -9999 -9999 -9999 -9999 -9999 -9999 -9999 -9999 -9999 -9999 -9999 -9999 -9999 -9999 -9999 -9999 -9999 -9999 -9999 -9999 -9999 -9999 -9999 -9999 -9999 153 154 153 150 133 145 144 136 123 132 144 149 149 141 135 142 149 155 157 -9999 -9999 -9999 -9999 -9999 -9999 -9999 -9999 -9999 -9999 -9999 -9999 -9999 -9999 -9999 158 148 142
-9999 -9999 -9999 -9999 -9999 -9999 -9999 -9999 -9999 -9999 -9999 -9999 -9999 -9999 -9999 -9999 -9999 -9999 -9999 -9999 -9999 -9999 -9999 -9999 -9999 -9999 -9999 -9999 -9999 153 138 139 153 -9999 -9999 -9999 -9999 -9999 -9999 -9999 -9999 -9999 -9999 -9999 -9999 -9999 -9999 -9999 -9999 -9999 -9999 -9999 -9999 -9999 -9999 -9999 -9999 -9999 -9999 -9999 156 155 155 145 130 126 127 124 127 132 131 135 137 135 132 135 140 144 146 150 -9999 -9999 -9999 -9999 -9999 -9999 -9999 -9999 -9999 -9999 -9999 -9999 -9999 160 157 152
-9999 -9999 -9999 -9999 -9999 -9999 -9999 -9999 -9999 -9999 -9999 -9999 -9999 -9999 -9999 -9999 -9999 -9999 -9999 -9999 -9999 -9999 -9999 -9999 -9999 159 163 158 147 151 149 140 140 149 -9999 -9999 -9999 -9999 -9999 -9999 -9999 -9999 -9999 -9999 -9999 -9999 -9999 -9999 -9999 -9999 -9999 -9999 -9999 -9999 -9999 -9999 -9999 -9999 -9999 -9999 -9999 -9999 -9999 152 146 129 105 128 108 122 113 124 141 144 142 139 135 139 137 137 148 157 -9999 -9999 -9999 -9999 -9999 -9999 -9999 -9999 -9999 -9999 163 160 156 150
-9999 -9999 -9999 -9999 -9999 -9999 -9999 -9999 -9999 -9999 -9999 -9999 -9999 -9999 -9999 -9999 -9999 -9999 -9999 -9999 -9999 -9999 -9999 -9999 -9999 -9999 158 150 149 152 135 129 135 148 161 -9999 -9999 -9999 -9999 -9999 -9999 -9999 -9999 -9999 -9999 -9999 -9999 -9999 -9999 -9999 -9999 -9999 -9999 -9999 -9999 -9999 -9999 -9999 -9999 -9999 -9999 -9999 -9999 -9999 -9999 159 155 137 135 123 106 114 123 140 146 151 147 154 156 153 152 156 162 164 -9999 -9999 -9999 -9999 -9999 -9999 -9999 -9999 -9999 158 146 129
-9999 -9999 -9999 -9999 -9999 -9999 -9999 -9999 -9999 -9999 -9999 -9999 -9999 -9999 -9999 -9999 -9999 -9999 -9999 -9999 -9999 -9999 -9999 -9999 -9999 -9999 145 153 142 131 143 134 144 154 161 -9999 -9999 -9999 -9999 -9999 -9999 -9999 -9999 -9999 -9999 -9999 -9999 -9999 -9999 -9999 -9999 -9999 -9999 -9999 -9999 -9999 -9999 -9999 -9999 -9999 -9999 -9999 -9999 -9999 -9999 -9999 153 143 116 123 104 104 113 136 154 156 161 -9999 -9999 169 165 163 164 165 165 166 -9999 -9999 -9999 -9999 -9999 -9999 -9999 147 137 137
-9999 -9999 -9999 -9999 -9999 -9999 -9999 -9999 -9999 -9999 -9999 -9999 -9999 -9999 -9999 -9999 -9999 -9999 -9999 -9999 -9999 -9999 -9999 -9999 -9999 -9999 -9999 147 138 149 151 134 139 149 -9999 -9999 -9999 -9999 -9999 -9999 -9999 -9999 -9999 -9999 -9999 -9999 -9999 -9999 -9999 -9999 -9999 -9999 -9999 -9999 -9999 -9999 -9999 -9999 -9999 -9999 -9999 -9999 -9999 -9999 -9999 -9999 155 141 110 125 113 116 123 143 149 161 -9999 -9999 -9999 -9999 -9999 -9999 -9999 -9999 166 164 166 -9999 -9999 -9999 -9999 -9999 -9999 117 122 102
-9999 -9999 -9999 -9999 -9999 -9999 -9999 -9999 -9999 -9999 -9999 -9999 -9999 -9999 -9999 -9999 -9999 -9999 -9999 -9999 -9999 -9999 -9999 -9999 -9999 -9999 -9999 153 154 151 135 112 112 143 -9999 -9999 -9999 -9999 -9999 -9999 -9999 -9999 -9999 -9999 -9999 -9999 -9999 -9999 -9999 -9999 -9999 -9999 -9999 -9999 -9999 -9999 -9999 -9999 -9999 -9999 -9999 -9999 -9999 -9999 -9999 -9999 -9999 -9999 153 -9999 123 108 119 132 141 155 -9999 -9999 -9999 -9999 -9999 -9999 -9999 -9999 167 164 164 -9999 -9999 -9999 -9999 -9999 -9999 -9999 -9999 116
