resultados/variables/bio12.asc
ncols 330
nrows 228
xllcorner -12.000000
yllcorner 34.000000
cellsize 0.166667
NODATA_value -9999
[rows 0 to 39 of 228, columns 180 to 269 of 330]
-9999 -9999 -9999 -9999 -9999 -9999 -9999 -9999 -9999 -9999 -9999 -9999 -9999 -9999 -9999 -9999 -9999 -9999 -9999 -9999 -9999 -9999 -9999 -9999 -9999 -9999 -9999 -9999 -9999 -9999 -9999 -9999 -9999 -9999 -9999 -9999 -9999 -9999 -9999 -9999 -9999 -9999 -9999 -9999 -9999 -9999 -9999 -9999 -9999 -9999 -9999 -9999 -9999 -9999 -9999 -9999 -9999 -9999 -9999 -9999 -9999 -9999 -9999 -9999 -9999 -9999 -9999 -9999 -9999 -9999 -9999 -9999 -9999 -9999 -9999 -9999 -9999 -9999 -9999 -9999 -9999 -9999 -9999 -9999 -9999 -9999 -9999 -9999 -9999 -9999
-9999 -9999 -9999 -9999 -9999 -9999 -9999 -9999 -9999 -9999 -9999 -9999 -9999 -9999 -9999 -9999 -9999 -9999 -9999 -9999 -9999 -9999 -9999 -9999 -9999 -9999 -9999 -9999 -9999 -9999 -9999 -9999 -9999 -9999 -9999 -9999 -9999 -9999 -9999 -9999 -9999 -9999 -9999 -9999 -9999 -9999 -9999 -9999 -9999 -9999 -9999 -9999 -9999 -9999 -9999 -9999 -9999 -9999 -9999 -9999 -9999 -9999 -9999 -9999 -9999 -9999 -9999 -9999 -9999 -9999 -9999 -9999 -9999 -9999 -9999 -9999 -9999 -9999 -9999 -9999 -9999 -9999 -9999 -9999 -9999 -9999 -9999 -9999 -9999 -9999
-9999 -9999 -9999 -9999 -9999 -9999 -9999 -9999 -9999 -9999 -9999 -9999 -9999 -9999 -9999 -9999 -9999 -9999 -9999 -9999 -9999 -9999 -9999 -9999 -9999 -9999 -9999 -9999 -9999 -9999 -9999 -9999 -9999 -9999 -9999 -9999 -9999 -9999 -9999 -9999 -9999 -9999 -9999 -9999 -9999 -9999 -9999 -9999 -9999 -9999 -9999 -9999 -9999 -9999 -9999 -9999 -9999 -9999 -9999 -9999 -9999 -9999 -9999 -9999 -9999 -9999 -9999 -9999 -9999 -9999 -9999 -9999 -9999 -9999 -9999 -9999 -9999 -9999 -9999 -9999 -9999 -9999 -9999 -9999 -9999 -9999 -9999 -9999 -9999 -9999
-9999 -9999 -9999 -9999 -9999 -9999 -9999 -9999 -9999 -9999 -9999 -9999 -9999 -9999 -9999 -9999 -9999 -9999 -9999 -9999 -9999 -9999 -9999 -9999 -9999 -9999 -9999 -9999 -9999 -9999 -9999 -9999 -9999 -9999 -9999 -9999 -9999 -9999 -9999 -9999 -9999 -9999 -9999 -9999 -9999 -9999 -9999 -9999 -9999 -9999 -9999 -9999 -9999 -9999 -9999 -9999 -9999 -9999 -9999 -9999 -9999 -9999 -9999 -9999 -9999 -9999 -9999 -9999 -9999 -9999 -9999 -9999 -9999 -9999 -9999 -9999 -9999 -9999 -9999 -9999 -9999 -9999 -9999 -9999 -9999 -9999 -9999 -9999 -9999 -9999
-9999 -9999 -9999 -9999 -9999 -9999 -9999 -9999 -9999 -9999 -9999 -9999 -9999 -9999 -9999 -9999 -9999 -9999 -9999 -9999 -9999 -9999 -9999 -9999 -9999 -9999 -9999 -9999 -9999 -9999 -9999 -9999 -9999 -9999 -9999 -9999 -9999 -9999 -9999 -9999 -9999 -9999 -9999 -9999 -9999 -9999 -9999 -9999 -9999 -9999 -9999 -9999 -9999 -9999 -9999 -9999 -9999 -9999 -9999 -9999 -9999 -9999 -9999 -9999 -9999 -9999 -9999 -9999 -9999 -9999 -9999 -9999 -9999 -9999 -9999 -9999 -9999 -9999 -9999 -9999 -9999 -9999 -9999 -9999 -9999 -9999 -9999 -9999 -9999 -9999
-9999 -9999 -9999 -9999 -9999 -9999 -9999 -9999 -9999 -9999 -9999 -9999 -9999 -9999 -9999 -9999 -9999 -9999 -9999 -9999 -9999 -9999 -9999 -9999 -9999 -9999 -9999 -9999 -9999 -9999 -9999 -9999 -9999 -9999 -9999 -9999 -9999 -9999 -9999 -9999 624 -9999 -9999 -9999 -9999 545 528 -9999 -9999 -9999 -9999 -9999 -9999 -9999 -9999 -9999 -9999 491 -9999 -9999 -9999 -9999 -9999 -9999 -9999 -9999 -9999 -9999 -9999 -9999 -9999 -9999 -9999 -9999 -9999 -9999 -9999 -9999 -9999 -9999 -9999 -9999 -9999 -9999 -9999 -9999 -9999 -9999 -9999 -9999
-9999 -9999 -9999 -9999 -9999 -9999 -9999 -9999 -9999 -9999 -9999 -9999 -9999 -9999 -9999 -9999 -9999 -9999 -9999 -9999 -9999 -9999 -9999 -9999 -9999 -9999 -9999 -9999 -9999 -9999 -9999 -9999 -9999 -9999 -9999 -9999 -9999 -9999 -9999 -9999 629 -9999 574 -9999 536 -9999 -9999 -9999 -9999 -9999 -9999 489 -9999 -9999 -9999 -9999 472 485 491 492 499 -9999 -9999 -9999 -9999 -9999 -9999 -9999 -9999 -9999 -9999 -9999 -9999 -9999 -9999 -9999 -9999 -9999 -9999 -9999 -9999 -9999 -9999 -9999 -9999 -9999 -9999 -9999 -9999 -9999
-9999 -9999 -9999 -9999 -9999 -9999 -9999 -9999 -9999 -9999 -9999 -9999 -9999 -9999 -9999 -9999 -9999 -9999 -9999 -9999 -9999 -9999 -9999 -9999 -9999 -9999 -9999 -9999 -9999 -9999 -9999 661 -9999 -9999 -9999 -9999 -9999 -9999 -9999 617 616 607 585 555 528 512 -9999 -9999 -9999 507 501 -9999 -9999 -9999 -9999 -9999 485 493 492 489 -9999 -9999 -9999 508 514 532 534 517 -9999 -9999 -9999 -9999 -9999 -9999 -9999 -9999 -9999 -9999 -9999 -9999 -9999 -9999 -9999 -9999 -9999 -9999 -9999 -9999 -9999 -9999
-9999 -9999 -9999 -9999 -9999 -9999 -9999 -9999 -9999 -9999 -9999 -9999 -9999 -9999 -9999 -9999 -9999 -9999 -9999 -9999 -9999 -9999 -9999 -9999 -9999 -9999 618 614 624 638 -9999 -9999 -9999 -9999 676 678 -9999 654 659 606 585 571 558 -9999 -9999 -9999 -9999 -9999 481 484 489 -9999 -9999 -9999 462 466 476 491 491 499 -9999 -9999 -9999 526 534 539 519 540 558 554 554 576 574 -9999 -9999 -9999 -9999 -9999 -9999 -9999 -9999 -9999 -9999 -9999 -9999 -9999 -9999 -9999 -9999 -9999
-9999 -9999 -9999 -9999 -9999 -9999 -9999 -9999 -9999 -9999 -9999 -9999 -9999 -9999 -9999 -9999 -9999 -9999 -9999 -9999 -9999 -9999 -9999 -9999 -9999 -9999 -9999 -9999 -9999 -9999 665 -9999 663 -9999 647 655 658 630 612 594 574 551 -9999 -9999 -9999 -9999 466 466 480 482 458 -9999 -9999 451 464 475 482 484 469 462 455 -9999 484 496 515 528 530 530 550 573 569 569 570 579 576 569 561 -9999 -9999 -9999 -9999 -9999 -9999 -9999 -9999 -9999 -9999 -9999 -9999 -9999
-9999 -9999 -9999 -9999 -9999 -9999 -9999 -9999 -9999 799 -9999 -9999 -9999 -9999 -9999 -9999 -9999 -9999 -9999 -9999 -9999 -9999 -9999 611 -9999 -9999 -9999 -9999 -9999 -9999 -9999 -9999 -9999 634 648 636 615 609 601 583 557 521 -9999 -9999 -9999 482 498 478 470 462 472 464 455 454 459 464 466 460 457 455 452 465 471 487 503 506 503 510 537 553 568 566 549 542 543 -9999 -9999 -9999 -9999 -9999 -9999 -9999 -9999 -9999 -9999 -9999 -9999 -9999 -9999 -9999
-9999 -9999 -9999 -9999 -9999 -9999 -9999 -9999 -9999 -9999 761 726 -9999 -9999 652 626 614 -9999 -9999 -9999 -9999 -9999 604 -9999 599 584 592 -9999 -9999 584 -9999 589 603 610 628 633 604 585 588 579 543 -9999 -9999 495 524 509 491 508 493 516 501 477 464 459 455 448 439 440 441 445 448 460 461 464 -9999 -9999 -9999 -9999 -9999 -9999 517 512 -9999 -9999 -9999 -9999 -9999 -9999 -9999 -9999 -9999 -9999 -9999 -9999 -9999 -9999 -9999 -9999 -9999 -9999
-9999 -9999 -9999 -9999 -9999 931 906 874 831 789 752 -9999 -9999 666 -9999 -9999 -9999 -9999 -9999 -9999 565 -9999 -9999 -9999 566 590 609 620 611 598 563 549 558 584 597 600 590 577 594 598 575 490 466 486 497 478 493 506 487 468 442 448 438 432 434 437 443 452 454 440 446 469 481 484 490 -9999 504 498 494 -9999 -9999 -9999 -9999 -9999 -9999 -9999 -9999 -9999 -9999 -9999 -9999 -9999 -9999 -9999 524 -9999 -9999 -9999 -9999 -9999
-9999 -9999 910 912 -9999 926 -9999 855 812 775 -9999 -9999 696 657 -9999 613 577 584 530 544 599 598 561 553 -9999 560 586 600 590 590 582 572 577 582 576 579 572 556 554 553 527 487 461 447 442 440 441 432 435 435 446 442 434 419 426 440 439 448 462 455 459 462 470 480 471 469 477 473 476 480 -9999 -9999 -9999 503 -9999 527 537 533 548 -9999 -9999 -9999 537 543 529 529 517 512 510 500
884 883 887 882 877 -9999 849 819 787 745 -9999 698 -9999 -9999 -9999 577 599 602 579 531 567 607 585 612 606 591 571 578 584 592 591 576 564 566 562 564 548 539 528 522 512 488 460 442 431 424 413 416 433 441 449 435 428 425 418 424 435 444 446 449 450 450 451 453 456 460 464 467 478 486 484 473 474 480 504 525 540 530 526 -9999 544 549 543 532 -9999 -9999 -9999 -9999 -9999 -9999
-9999 833 -9999 837 825 809 799 775 748 -9999 704 691 635 -9999 621 592 623 572 578 561 547 538 540 558 567 575 557 547 560 578 558 554 552 540 544 544 532 518 511 498 486 466 443 430 422 413 406 416 426 430 433 425 424 425 422 423 426 428 -9999 -9999 442 442 444 449 -9999 465 473 476 474 467 462 460 462 492 526 531 525 517 515 535 539 536 537 537 530 -9999 514 514 506 497
813 789 773 753 759 -9999 731 -9999 -9999 676 657 -9999 631 625 578 560 573 588 577 577 566 550 541 524 525 534 532 525 523 544 542 539 534 523 524 526 527 518 503 493 470 460 451 444 430 413 411 425 436 431 427 426 419 413 411 413 416 420 422 426 -9999 434 440 448 458 460 461 455 467 467 485 482 486 499 511 515 522 528 523 534 547 543 541 533 523 528 525 515 502 497
785 750 718 690 685 679 671 653 650 644 639 639 609 583 563 553 495 526 543 544 519 511 512 513 509 508 510 514 508 506 507 511 521 524 518 521 513 502 493 484 473 472 455 440 426 416 410 422 433 434 433 427 424 415 408 407 407 408 -9999 -9999 -9999 433 439 448 457 454 454 458 469 482 488 484 487 493 497 511 523 532 542 540 533 532 534 536 532 527 522 530 525 506
729 708 666 683 666 638 643 641 621 580 584 598 596 568 541 519 497 477 495 507 511 510 504 495 488 488 494 498 496 493 495 506 515 522 523 516 508 501 496 487 478 466 457 442 431 422 415 418 421 416 414 411 409 413 -9999 404 -9999 408 -9999 421 -9999 436 444 451 455 457 463 468 477 482 481 484 494 495 497 510 516 527 525 530 531 540 542 533 540 540 535 525 523 516
706 696 672 591 609 607 624 630 603 592 555 574 569 564 533 520 513 510 498 482 478 493 501 495 490 478 483 490 495 493 496 495 502 507 512 510 511 508 505 495 484 472 458 449 440 435 450 440 434 425 423 433 432 428 420 416 413 410 420 428 440 451 460 463 469 468 470 472 476 480 482 488 488 491 491 498 499 507 513 512 523 532 527 521 530 528 532 528 523 526
719 662 659 604 616 582 555 550 558 566 538 534 544 532 522 505 497 489 487 489 492 482 470 468 471 460 462 472 479 481 489 489 490 496 509 501 498 500 493 489 485 478 464 455 455 450 450 455 451 449 449 449 448 439 434 420 418 424 438 439 447 458 466 457 462 464 469 472 472 476 484 483 492 500 497 497 503 503 -9999 -9999 -9999 514 516 521 522 540 549 549 547 543
670 640 608 544 -9999 -9999 484 520 556 526 501 513 513 512 511 510 498 485 479 480 474 472 475 467 455 453 453 456 460 468 473 475 482 483 486 484 484 482 482 480 480 476 471 465 457 455 453 450 450 452 449 448 449 446 448 444 451 453 447 448 454 454 465 475 475 483 488 487 486 487 497 518 513 517 507 509 522 -9999 -9999 521 514 514 526 541 536 542 563 555 552 544
717 658 602 554 582 557 529 511 490 472 -9999 -9999 477 491 501 497 492 492 485 478 466 466 468 463 463 464 467 465 462 465 464 471 478 485 504 494 482 486 486 481 479 473 478 472 468 466 463 461 460 461 461 460 459 458 456 456 461 469 466 476 493 495 508 504 494 505 500 490 494 493 503 497 497 504 500 499 516 554 547 538 549 535 545 554 559 554 567 554 564 559
729 706 674 651 624 586 524 514 516 503 481 481 483 480 479 482 480 479 478 480 469 460 457 461 465 465 468 476 471 468 467 469 472 473 480 488 500 480 478 472 470 470 471 467 470 472 473 470 469 469 470 -9999 -9999 468 468 466 -9999 466 467 473 478 484 491 495 497 499 505 504 502 499 497 502 507 499 499 506 510 515 524 554 568 579 565 569 562 566 599 564 552 556
706 646 685 652 557 495 503 483 490 490 483 483 486 487 478 478 469 468 465 460 464 465 465 461 457 459 466 474 475 474 472 470 469 472 480 485 -9999 492 486 477 472 469 469 469 470 474 487 491 489 491 490 483 479 481 484 479 -9999 -9999 -9999 485 490 491 499 503 500 500 508 512 516 511 512 512 504 505 518 524 524 530 550 542 547 556 570 578 583 565 630 600 574 556
657 623 606 549 546 528 504 484 479 487 490 481 486 491 494 487 477 465 464 456 453 453 456 459 459 458 461 464 466 471 471 472 471 478 481 491 491 494 488 482 479 478 478 478 482 486 491 494 498 499 496 491 489 490 488 488 488 487 490 497 505 498 500 503 500 509 514 516 526 536 535 528 514 511 510 519 534 529 530 535 540 557 552 549 543 551 614 579 567 557
623 645 589 557 498 481 486 490 478 476 484 482 490 491 490 494 486 475 473 474 468 463 463 460 456 456 461 463 466 475 481 479 475 477 487 485 491 499 490 491 488 482 482 487 489 488 496 497 499 503 504 505 503 500 496 495 492 492 501 501 505 506 503 503 507 513 518 525 536 546 544 543 543 543 540 537 534 532 533 534 538 -9999 534 -9999 539 546 551 552 554 -9999
650 612 552 513 482 477 472 475 475 486 483 490 495 500 504 500 489 486 479 475 472 470 472 468 463 457 458 460 465 471 474 471 474 477 481 486 491 491 495 493 490 490 495 498 499 498 504 508 509 517 518 517 516 511 513 510 502 499 502 507 503 502 511 517 529 530 534 538 541 554 552 543 547 555 559 542 537 547 556 572 567 550 553 544 540 544 545 -9999 566 573
690 626 570 575 561 505 476 483 476 481 477 480 487 489 493 492 494 493 489 483 471 471 483 478 469 464 464 463 466 470 474 478 482 481 484 490 493 500 504 500 497 497 502 503 505 506 509 513 521 530 529 529 526 520 521 509 502 501 509 507 506 508 514 520 526 533 540 533 542 543 545 544 549 552 565 571 561 568 573 579 569 560 552 551 549 538 543 567 574 586
622 572 545 525 528 529 504 486 477 475 473 482 491 490 491 498 485 482 476 473 473 471 469 472 480 471 470 466 472 480 488 492 490 491 492 493 500 503 505 505 504 502 500 507 516 513 515 521 529 528 528 533 536 536 529 517 512 510 511 515 521 533 529 524 524 528 533 539 541 553 548 549 553 553 552 556 556 557 551 571 577 569 545 535 525 -9999 -9999 -9999 -9999 -9999
588 557 534 510 502 494 484 480 485 486 477 492 486 490 495 491 493 495 492 481 474 467 469 466 474 477 477 474 473 480 487 499 498 494 491 491 506 511 508 512 514 506 510 510 509 514 521 532 528 528 532 538 538 533 533 526 516 518 519 521 524 527 530 529 532 537 549 550 552 553 565 567 557 539 533 540 536 534 544 534 542 539 535 535 530 -9999 -9999 -9999 -9999 -9999
589 566 559 539 514 496 486 476 477 481 481 478 477 482 494 500 495 491 492 499 494 486 479 473 470 472 484 484 479 487 492 501 512 508 503 498 515 514 510 513 512 517 522 516 510 515 523 529 527 524 533 534 533 538 537 529 522 522 527 528 525 535 545 550 556 558 560 571 570 575 569 564 553 541 532 528 533 528 536 549 530 -9999 -9999 526 -9999 537 549 558 -9999 -9999
625 595 584 560 539 515 504 495 489 485 484 483 485 487 477 492 497 493 494 500 504 500 494 487 481 475 477 487 484 493 501 504 510 514 510 511 522 520 514 515 515 519 520 519 517 517 521 523 519 523 528 527 529 532 532 528 -9999 533 532 531 535 546 553 556 563 563 561 564 573 576 570 569 568 557 547 535 529 529 530 532 543 540 534 534 535 539 550 562 565 -9999
583 577 561 548 547 538 526 521 518 507 504 505 498 492 484 477 483 490 492 494 495 499 491 501 503 487 482 483 487 490 501 511 517 512 518 525 525 525 522 525 525 523 518 514 511 517 525 520 517 519 523 525 529 533 536 531 538 553 553 549 550 553 558 569 571 567 567 568 571 575 569 572 577 572 551 540 -9999 529 542 538 543 546 542 541 544 547 549 556 563 563
579 576 556 537 536 539 539 541 534 527 520 518 514 501 494 493 484 483 489 494 489 489 481 491 500 501 496 498 495 496 509 516 520 520 526 527 534 535 533 527 520 515 513 507 511 516 519 519 526 529 529 534 535 529 534 537 543 557 558 555 -9999 560 571 575 571 573 579 585 579 571 571 576 576 570 559 547 539 538 -9999 541 548 542 -9999 -9999 550 557 556 557 556 552
572 571 566 552 534 532 528 526 524 521 514 507 512 513 513 508 496 486 494 498 496 490 483 488 492 497 498 497 496 504 512 517 520 524 529 -9999 538 537 528 522 515 510 505 505 507 513 516 519 521 522 525 528 533 534 538 539 547 553 561 564 561 568 569 571 580 588 593 596 593 584 584 579 575 575 570 548 -9999 534 -9999 540 544 545 546 549 553 554 554 554 552 551
573 573 562 553 537 535 531 529 520 524 516 511 502 504 508 515 516 508 508 495 493 492 489 492 489 491 490 494 500 504 509 514 518 527 533 540 541 537 529 520 514 509 509 506 504 504 508 512 515 516 521 523 527 535 533 536 541 549 562 566 565 566 571 582 589 596 599 -9999 593 587 584 581 578 577 569 568 556 543 536 -9999 537 541 544 546 551 553 554 551 546 542
-9999 563 560 562 550 542 549 546 537 532 534 528 531 524 520 505 514 506 508 509 508 501 -9999 491 491 492 -9999 -9999 -9999 -9999 508 -9999 -9999 -9999 -9999 -9999 -9999 -9999 -9999 517 510 505 500 497 498 498 502 506 509 514 520 521 525 531 528 532 539 558 561 569 574 575 573 579 586 591 596 594 594 592 592 586 579 574 564 558 554 548 540 538 539 -9999 -9999 -9999 543 546 548 546 540 537
567 565 569 567 560 557 557 544 544 544 542 -9999 553 548 541 533 527 522 517 512 515 508 502 499 496 -9999 -9999 -9999 -9999 -9999 -9999 -9999 -9999 -9999 -9999 -9999 -9999 -9999 -9999 -9999 -9999 -9999 -9999 486 488 490 494 497 501 506 511 516 522 525 526 531 540 548 559 561 567 568 575 580 586 589 592 595 594 588 588 582 577 570 559 555 554 550 548 545 543 544 544 541 542 543 544 545 540 -9999
567 570 565 563 561 563 561 558 553 550 550 552 555 553 557 556 550 540 527 518 517 -9999 510 505 -9999 -9999 -9999 -9999 -9999 -9999 -9999 -9999 -9999 -9999 -9999 -9999 -9999 -9999 -9999 -9999 -9999 -9999 -9999 -9999 474 479 484 489 497 504 508 514 519 523 528 533 539 546 552 556 567 573 579 583 587 591 593 593 589 585 584 582 576 569 559 552 550 550 546 546 547 547 548 548 547 545 544 541 538 532
