resultados/variables/bio17.asc
ncols 330
nrows 228
xllcorner -12.000000
yllcorner 34.000000
cellsize 0.166667
NODATA_value -9999
[rows 129 to 171 of 228, columns 192 to 287 of 330]
101 98 97 94 94 93 91 88 86 84 83 82 82 81 81 81 81 81 83 87 89 90 92 94 96 96 96 96 94 93 91 89 89 88 87 89 90 91 94 96 100 102 104 104 103 102 100 100 98 97 95 94 95 97 100 103 106 109 111 114 116 117 121 121 120 116 111 108 104 101 99 100 104 109 113 118 123 126 127 125 122 121 118 117 115 113 112 111 110 108 107 105 105 104 104 103
99 97 95 95 93 93 93 92 90 89 88 87 87 85 84 83 84 84 85 88 94 95 96 98 99 99 98 97 95 93 91 90 89 88 87 90 91 92 94 97 101 104 106 105 104 102 101 100 98 96 94 92 94 97 100 104 106 109 112 114 116 118 121 120 118 115 111 107 103 99 96 98 103 108 113 118 124 128 128 125 122 120 117 116 114 114 112 112 110 108 107 106 105 104 104 102
96 94 94 94 95 97 100 98 96 95 94 92 90 89 87 85 85 86 88 91 96 103 104 105 105 103 100 98 96 94 92 91 91 89 91 92 92 94 97 100 102 106 108 107 105 103 101 101 99 97 95 95 96 99 102 105 107 110 112 115 117 119 120 120 118 115 110 107 103 100 98 100 105 109 114 119 125 129 127 124 122 119 115 114 114 113 113 112 109 108 108 106 105 104 103 100
100 96 98 100 100 104 107 106 105 105 101 100 98 98 94 92 89 88 90 94 99 105 111 114 111 106 103 100 97 97 97 95 94 91 92 92 93 95 97 101 104 106 107 107 105 104 102 101 100 99 98 98 100 101 104 106 108 111 113 115 116 118 119 119 118 116 112 109 105 103 102 104 107 111 115 118 123 127 125 124 121 116 115 113 115 115 114 112 109 109 108 107 106 104 103 101
114 110 109 106 108 110 113 110 107 106 107 106 106 102 100 98 93 92 95 99 103 107 112 117 117 110 106 104 102 99 98 95 93 92 92 94 95 97 99 102 104 106 106 106 105 103 103 102 101 101 102 102 103 105 106 108 110 112 113 115 116 117 117 117 116 114 111 109 107 105 105 107 110 112 115 118 120 122 123 121 118 116 114 114 114 113 113 111 109 110 108 107 106 105 103 101
133 131 112 103 113 126 126 128 123 117 115 112 109 109 112 111 102 99 101 104 107 110 113 114 117 112 109 105 103 99 97 95 93 91 91 94 95 97 100 102 105 107 108 107 106 104 103 102 101 102 103 105 107 108 109 109 111 113 114 115 117 118 119 117 116 114 112 110 107 105 106 107 109 111 114 116 117 118 119 118 117 115 114 113 113 113 113 112 110 109 109 107 107 106 105 104
120 113 109 128 126 140 140 134 127 125 127 130 125 119 116 119 119 116 112 111 111 112 114 113 112 109 106 103 101 99 98 96 93 92 92 94 97 98 100 103 105 106 107 106 104 103 102 102 102 103 104 106 107 109 111 111 113 113 115 117 118 118 119 118 117 115 112 110 108 107 107 107 108 -9999 -9999 113 -9999 115 116 115 115 114 112 112 113 112 112 110 110 110 109 108 107 106 106 106
210 175 108 119 124 129 137 122 115 114 120 125 134 140 134 131 129 126 129 128 126 120 116 115 112 109 105 101 98 98 97 97 95 94 94 95 96 99 100 101 104 104 105 104 104 103 102 101 100 103 106 108 109 110 110 113 113 115 116 118 119 119 119 118 117 115 114 111 109 108 106 105 107 107 108 -9999 -9999 -9999 -9999 112 111 110 110 111 111 111 110 110 109 109 108 107 107 107 107 107
163 106 92 117 121 123 114 113 113 112 115 121 127 135 142 145 146 139 136 143 137 129 124 119 117 111 105 101 97 96 97 97 96 96 95 96 96 97 100 100 102 102 102 103 102 101 100 99 99 101 104 107 109 110 111 112 114 116 117 118 119 120 119 119 117 114 113 112 109 107 106 104 105 106 107 107 108 109 110 -9999 108 107 107 109 110 109 108 108 108 108 107 107 107 108 108 109
162 128 105 97 105 112 111 104 127 113 112 121 134 138 132 137 143 149 143 146 141 146 139 128 120 115 111 104 97 97 95 96 96 97 96 96 97 97 98 99 100 100 100 100 100 100 100 99 98 101 104 106 107 109 111 113 113 115 118 119 120 121 120 117 116 114 112 111 109 107 105 103 103 102 104 107 108 108 108 108 107 106 106 106 106 106 107 107 108 108 108 109 109 108 109 109
112 112 93 114 112 111 111 99 105 119 111 118 124 134 140 136 142 144 141 147 146 148 149 148 134 123 114 106 101 98 97 96 97 96 97 97 97 96 96 95 98 98 97 98 97 98 98 98 99 101 104 106 108 109 110 111 113 116 117 119 120 120 118 116 114 112 111 109 107 105 103 101 99 98 101 104 105 105 105 106 106 105 105 103 104 -9999 104 105 107 107 107 108 107 108 109 109
93 83 86 89 93 89 90 93 110 108 111 118 125 131 134 136 140 137 139 151 143 148 153 155 150 138 126 114 107 102 98 97 96 96 97 96 95 95 93 92 93 94 95 95 95 96 98 98 99 101 104 106 109 110 111 111 113 114 116 117 118 118 116 114 111 110 109 108 107 105 103 99 95 93 96 100 102 103 102 102 103 103 101 101 102 104 105 104 104 105 105 105 106 107 107 108
87 81 82 82 82 86 91 99 112 108 113 118 124 127 127 126 126 133 140 135 145 143 151 150 148 144 141 125 118 106 100 96 94 95 95 97 97 94 92 90 91 93 94 95 95 95 96 98 98 100 103 106 108 110 111 112 113 113 114 115 116 115 114 111 109 107 106 106 105 104 103 99 95 92 93 97 99 100 100 100 100 100 99 98 100 103 104 106 106 107 106 107 107 109 108 107
87 83 83 82 80 84 90 100 104 105 111 116 121 124 124 123 123 123 126 135 134 141 142 141 149 145 135 134 131 117 107 100 97 96 95 93 90 88 87 86 87 88 90 92 93 95 96 98 98 99 101 104 107 110 111 112 112 113 114 113 113 113 111 109 107 104 104 104 104 104 103 101 98 95 94 96 98 99 99 98 97 97 97 98 99 100 103 104 104 106 106 105 106 107 107 108
90 89 99 100 84 84 89 94 102 106 109 114 118 120 120 119 118 119 124 136 136 139 137 134 134 133 137 147 129 117 114 113 103 94 91 90 88 86 84 83 83 85 86 89 91 93 95 97 99 101 101 102 105 109 110 111 112 112 112 112 111 111 109 107 104 102 102 103 103 103 103 103 100 97 96 96 97 96 96 96 96 95 96 97 98 99 103 103 104 104 -9999 103 104 105 106 107
94 87 88 86 83 85 89 94 100 104 108 112 115 117 116 115 114 115 121 131 142 145 141 133 129 133 140 140 138 127 121 116 109 98 88 83 83 82 80 79 80 81 83 86 90 92 94 96 98 100 104 106 106 107 108 110 111 111 111 111 110 110 108 106 103 102 101 101 102 101 102 102 100 98 96 95 95 95 94 94 94 94 94 95 96 98 100 102 102 101 99 99 101 102 104 105
86 84 84 83 84 86 90 94 98 103 107 111 114 114 113 112 111 111 119 129 142 144 140 134 127 122 123 129 134 138 129 120 112 105 94 78 77 79 78 76 76 78 81 82 87 91 94 96 98 101 102 106 107 106 106 108 109 110 110 110 109 108 108 106 103 102 101 100 100 101 100 100 99 98 95 95 94 93 93 92 93 93 93 93 94 96 98 99 99 99 97 96 97 99 101 104
85 84 84 84 86 88 91 94 97 101 105 109 111 112 111 110 109 113 122 128 134 142 137 130 129 129 123 137 137 140 128 119 111 99 94 82 76 75 75 75 76 75 78 81 84 89 93 96 97 99 100 101 104 106 106 106 107 109 108 108 108 106 106 105 103 102 101 99 100 100 99 99 97 96 94 94 93 92 92 91 91 92 92 92 91 -9999 95 -9999 96 96 -9999 -9999 97 98 100 102
86 85 86 86 88 90 92 95 97 100 104 108 109 111 112 112 112 113 116 120 127 128 126 123 120 120 117 123 116 116 120 115 114 110 98 90 79 74 73 73 76 74 75 78 84 88 92 96 99 100 101 101 101 104 104 104 106 107 107 107 106 105 104 103 104 102 101 100 99 98 98 98 97 94 94 93 92 90 90 90 89 90 90 90 90 92 94 95 95 -9999 94 95 96 98 100 102
88 87 88 89 89 91 94 96 99 101 105 109 111 112 113 112 111 111 112 112 115 115 113 112 110 109 109 108 111 116 119 121 116 114 102 101 89 78 71 70 69 71 72 77 83 89 91 95 100 100 100 101 102 103 102 103 104 106 105 106 104 104 104 103 102 101 102 101 100 99 97 97 96 94 93 92 91 89 89 88 88 88 88 -9999 90 91 93 94 94 94 94 95 96 97 98 101
89 89 89 90 91 93 95 97 100 103 107 112 113 114 119 120 115 113 110 105 105 103 102 101 104 103 104 104 116 122 123 130 114 111 110 90 91 85 72 68 66 67 72 78 85 90 93 93 96 99 101 101 100 101 101 102 102 104 104 103 103 102 102 103 103 101 101 100 99 98 97 95 94 93 93 92 90 88 88 87 87 86 -9999 87 88 89 91 92 92 93 93 94 95 95 97 100
90 90 90 90 93 94 96 99 101 104 108 113 115 116 124 120 123 116 106 101 97 93 90 93 95 98 98 99 98 102 107 108 98 106 102 99 87 81 71 67 66 64 74 79 84 91 94 96 94 96 98 100 99 100 101 101 101 101 102 100 102 101 100 101 102 101 99 99 98 97 96 94 93 92 91 90 88 87 87 86 85 84 84 85 86 87 89 90 92 92 92 93 93 95 97 99
92 90 90 92 93 96 98 100 102 105 107 109 110 110 113 137 150 129 121 109 93 89 86 87 90 92 93 93 91 94 108 118 95 100 113 103 103 96 78 67 68 67 75 81 85 87 92 95 94 94 97 99 99 99 100 101 100 99 98 98 100 100 100 100 101 100 99 98 96 95 94 -9999 92 91 90 89 87 86 84 83 83 83 83 83 84 85 87 88 89 90 90 91 92 94 96 97
93 91 91 93 95 97 99 101 103 105 107 109 116 125 112 124 150 143 146 139 108 92 84 84 86 88 88 88 88 90 94 107 108 103 94 106 105 103 90 73 73 70 77 83 85 90 90 94 94 93 96 97 98 99 100 99 101 101 99 96 97 99 101 100 -9999 99 -9999 -9999 -9999 -9999 -9999 -9999 -9999 -9999 88 88 85 84 83 82 82 82 81 81 82 84 85 86 88 89 89 90 91 93 -9999 -9999
91 90 91 93 96 99 101 103 105 106 107 109 109 117 120 121 142 126 128 124 108 97 83 82 84 85 85 85 85 86 88 93 91 115 89 101 109 99 84 80 77 76 79 83 87 89 90 93 93 93 96 96 97 97 99 99 100 99 100 98 95 96 99 99 99 -9999 -9999 -9999 -9999 -9999 -9999 -9999 90 89 87 87 85 84 82 81 80 81 81 81 81 83 84 86 87 88 89 -9999 91 -9999 -9999 -9999
87 89 92 95 98 101 103 105 107 109 116 114 117 114 115 109 114 116 117 123 113 91 83 83 84 84 85 85 85 85 86 86 87 93 107 90 100 111 94 81 77 81 79 83 85 87 89 92 91 94 96 95 96 97 97 97 97 96 96 95 95 -9999 -9999 98 -9999 -9999 -9999 -9999 -9999 -9999 -9999 -9999 89 88 87 86 85 83 81 80 80 80 81 82 82 82 83 85 86 87 -9999 -9999 -9999 -9999 -9999 -9999
92 92 94 97 100 103 106 108 110 111 114 114 113 116 114 116 109 109 110 108 101 86 85 84 84 85 86 88 88 89 88 84 85 83 91 100 94 95 105 98 88 87 83 82 84 86 91 93 90 95 96 95 95 96 96 95 94 93 93 91 91 92 92 -9999 -9999 -9999 -9999 -9999 -9999 -9999 -9999 -9999 -9999 -9999 -9999 -9999 -9999 -9999 -9999 -9999 80 -9999 82 -9999 -9999 -9999 -9999 85 -9999 -9999 -9999 -9999 -9999 -9999 -9999 -9999
98 97 98 100 103 105 108 111 113 114 114 113 112 111 112 109 108 102 104 96 93 92 89 88 87 89 88 88 89 88 86 85 93 85 94 92 88 102 120 107 91 90 84 82 83 86 91 90 90 94 95 95 96 96 94 93 91 89 88 87 86 88 -9999 -9999 -9999 -9999 -9999 -9999 -9999 -9999 -9999 -9999 -9999 -9999 -9999 -9999 -9999 -9999 -9999 -9999 -9999 -9999 85 86 86 85 -9999 86 -9999 -9999 -9999 -9999 -9999 -9999 -9999 -9999
103 102 103 104 106 108 110 112 113 113 112 113 114 121 132 137 122 105 102 110 120 121 122 107 94 89 89 91 93 91 92 92 90 84 87 96 99 120 135 120 99 93 84 82 82 85 87 90 88 94 95 95 96 94 92 89 86 84 82 -9999 -9999 -9999 -9999 -9999 -9999 -9999 -9999 -9999 -9999 -9999 -9999 -9999 -9999 -9999 -9999 -9999 -9999 -9999 -9999 -9999 86 88 90 93 92 89 87 88 -9999 -9999 -9999 -9999 -9999 -9999 -9999 -9999
109 108 107 108 110 111 113 114 115 116 117 116 115 129 132 133 123 111 115 131 152 150 159 150 135 107 130 150 158 152 140 123 102 118 116 124 118 123 126 120 105 93 86 82 83 84 86 88 88 92 94 95 96 94 91 86 81 78 -9999 -9999 -9999 -9999 -9999 -9999 -9999 -9999 -9999 -9999 -9999 -9999 -9999 -9999 -9999 -9999 -9999 -9999 -9999 84 86 88 90 93 97 100 99 96 93 93 94 93 -9999 -9999 -9999 -9999 -9999 -9999
115 113 113 113 114 115 116 116 118 118 121 121 122 118 139 159 161 165 140 127 128 161 159 134 125 109 117 128 133 142 133 134 155 143 141 135 124 111 107 100 96 94 87 84 84 84 85 86 87 89 -9999 94 96 94 89 82 76 72 -9999 -9999 -9999 -9999 -9999 -9999 -9999 -9999 -9999 -9999 -9999 -9999 -9999 -9999 -9999 -9999 -9999 86 86 86 86 88 92 95 99 103 104 102 99 98 98 97 -9999 -9999 -9999 -9999 -9999 -9999
121 120 119 119 119 119 118 118 119 122 126 131 149 134 145 181 170 160 143 140 127 138 137 139 130 111 107 107 108 108 110 127 130 123 120 111 105 102 100 95 92 90 87 86 85 85 85 86 87 92 93 93 94 92 86 79 72 66 -9999 -9999 -9999 -9999 -9999 -9999 -9999 -9999 -9999 -9999 -9999 -9999 -9999 -9999 -9999 -9999 -9999 -9999 -9999 -9999 -9999 88 90 92 98 104 106 106 105 105 105 102 99 97 95 95 95 94
129 128 126 125 125 124 122 121 123 121 133 144 158 135 147 154 133 125 115 109 108 108 108 108 104 101 101 104 104 103 106 106 105 104 104 101 99 99 99 96 91 90 89 87 87 86 85 86 86 91 95 94 93 90 84 77 71 65 -9999 -9999 -9999 -9999 -9999 -9999 -9999 -9999 -9999 -9999 -9999 -9999 -9999 -9999 -9999 -9999 -9999 -9999 -9999 -9999 -9999 -9999 -9999 92 97 103 109 112 113 112 114 113 111 104 99 -9999 97 97
134 133 130 130 128 128 127 124 123 125 134 138 133 141 135 135 125 116 113 110 110 109 109 108 106 102 106 107 105 103 105 104 103 102 102 101 99 98 96 94 93 92 90 89 88 87 87 86 87 91 96 92 89 -9999 82 77 73 -9999 -9999 -9999 -9999 -9999 -9999 -9999 -9999 -9999 -9999 -9999 -9999 -9999 -9999 -9999 -9999 -9999 -9999 -9999 -9999 -9999 -9999 -9999 -9999 -9999 98 105 115 122 131 130 124 121 117 -9999 -9999 -9999 -9999 -9999
140 135 133 136 132 129 127 126 127 126 135 134 141 140 124 126 121 117 116 113 112 111 112 109 109 105 107 107 106 105 104 104 104 104 104 104 103 102 100 98 96 94 92 90 89 88 87 87 88 91 95 91 87 -9999 -9999 -9999 -9999 -9999 -9999 -9999 -9999 -9999 -9999 -9999 -9999 -9999 -9999 -9999 -9999 -9999 -9999 -9999 -9999 -9999 -9999 -9999 -9999 -9999 -9999 -9999 -9999 94 102 114 123 136 131 -9999 -9999 -9999 -9999 -9999 -9999 -9999 -9999 -9999
146 142 141 142 139 134 129 128 128 128 133 132 134 130 127 117 117 121 119 117 114 113 113 112 111 108 109 108 107 106 106 106 106 107 108 108 109 107 104 101 99 96 94 92 90 89 89 87 89 91 90 90 86 -9999 -9999 -9999 -9999 -9999 -9999 -9999 -9999 -9999 -9999 -9999 -9999 -9999 -9999 -9999 -9999 -9999 -9999 -9999 -9999 -9999 -9999 -9999 -9999 -9999 -9999 -9999 -9999 97 112 125 139 146 -9999 -9999 -9999 -9999 -9999 -9999 -9999 -9999 -9999 -9999
153 150 148 145 140 136 132 130 130 135 135 136 131 130 123 118 118 120 122 121 118 115 114 115 113 111 110 110 109 109 108 108 108 109 111 112 113 111 107 104 101 98 96 93 91 90 90 88 88 90 90 87 -9999 -9999 -9999 -9999 -9999 -9999 -9999 -9999 -9999 -9999 -9999 -9999 -9999 -9999 -9999 -9999 -9999 -9999 -9999 -9999 -9999 -9999 -9999 -9999 -9999 -9999 -9999 -9999 -9999 -9999 120 141 -9999 -9999 -9999 -9999 -9999 -9999 -9999 -9999 -9999 -9999 -9999 -9999
160 156 153 149 142 138 134 132 133 137 138 142 135 134 125 119 119 119 121 122 121 119 117 116 116 113 112 112 110 109 109 109 110 112 112 114 114 112 109 105 103 99 97 94 92 91 91 91 91 90 89 87 -9999 -9999 -9999 -9999 -9999 -9999 -9999 -9999 -9999 -9999 -9999 -9999 -9999 -9999 -9999 -9999 -9999 -9999 -9999 -9999 -9999 -9999 -9999 -9999 -9999 -9999 -9999 -9999 -9999 -9999 -9999 -9999 -9999 -9999 -9999 -9999 -9999 -9999 -9999 -9999 -9999 -9999 -9999 -9999
166 162 156 155 146 140 137 133 133 142 154 146 134 130 126 123 121 118 116 116 116 116 118 116 118 117 114 112 112 111 111 111 111 112 114 114 114 112 109 107 105 103 100 98 96 96 97 96 96 95 93 91 -9999 -9999 -9999 -9999 -9999 -9999 -9999 -9999 -9999 -9999 -9999 -9999 -9999 -9999 -9999 -9999 -9999 -9999 -9999 -9999 -9999 -9999 -9999 -9999 -9999 -9999 -9999 -9999 -9999 -9999 -9999 -9999 -9999 -9999 -9999 -9999 -9999 -9999 -9999 -9999 -9999 -9999 -9999 -9999
173 167 160 154 147 147 141 135 132 139 148 136 129 126 128 126 122 115 113 111 113 114 115 115 116 116 115 113 113 112 112 112 112 113 114 113 113 113 112 111 109 108 106 104 102 101 102 101 100 98 97 96 -9999 -9999 -9999 -9999 -9999 -9999 -9999 -9999 -9999 -9999 -9999 -9999 -9999 -9999 -9999 -9999 -9999 -9999 -9999 -9999 -9999 -9999 -9999 -9999 -9999 -9999 -9999 -9999 -9999 -9999 -9999 -9999 -9999 -9999 -9999 -9999 -9999 -9999 -9999 -9999 -9999 -9999 -9999 -9999
183 175 167 155 148 150 143 139 133 136 139 139 136 129 133 127 125 119 115 116 116 117 116 116 115 -9999 114 113 113 113 111 112 112 112 112 115 117 118 117 117 115 113 111 109 107 106 106 106 106 104 102 -9999 -9999 -9999 -9999 -9999 -9999 -9999 -9999 -9999 -9999 -9999 -9999 -9999 -9999 -9999 -9999 -9999 -9999 -9999 -9999 -9999 -9999 -9999 -9999 -9999 -9999 -9999 -9999 -9999 -9999 -9999 -9999 -9999 -9999 -9999 -9999 -9999 -9999 -9999 -9999 -9999 -9999 -9999 -9999 -9999
193 187 185 173 167 155 144 139 136 133 134 141 137 128 137 135 129 125 121 120 120 120 119 120 119 117 117 115 115 115 114 114 114 114 118 119 120 121 121 121 121 120 117 114 112 110 111 111 111 110 108 -9999 -9999 -9999 -9999 -9999 -9999 -9999 -9999 -9999 -9999 -9999 -9999 -9999 -9999 -9999 -9999 -9999 -9999 -9999 -9999 -9999 -9999 -9999 -9999 -9999 -9999 -9999 -9999 -9999 -9999 -9999 -9999 -9999 -9999 -9999 -9999 -9999 -9999 -9999 -9999 -9999 -9999 -9999 -9999 -9999
208 205 198 179 182 173 151 146 151 139 131 132 132 134 132 148 147 134 127 125 126 128 126 122 119 117 116 117 118 114 114 115 115 115 119 122 124 122 123 123 124 122 118 118 116 115 117 116 114 114 112 -9999 -9999 -9999 -9999 -9999 -9999 -9999 -9999 -9999 -9999 -9999 -9999 -9999 -9999 -9999 -9999 -9999 -9999 -9999 -9999 -9999 -9999 -9999 -9999 -9999 -9999 -9999 -9999 -9999 -9999 -9999 -9999 -9999 -9999 -9999 -9999 -9999 -9999 -9999 -9999 -9999 -9999 -9999 -9999 -9999
