resultados/variables/bio12.asc
ncols 330
nrows 228
xllcorner -12.000000
yllcorner 34.000000
cellsize 0.166667
NODATA_value -9999
[rows 80 to 119 of 228, columns 180 to 269 of 330]
-9999 -9999 -9999 -9999 -9999 -9999 -9999 -9999 -9999 -9999 -9999 -9999 -9999 -9999 -9999 -9999 -9999 -9999 -9999 -9999 -9999 -9999 -9999 -9999 -9999 -9999 -9999 577 -9999 564 -9999 551 -9999 581 600 620 640 657 673 683 684 675 660 646 633 623 617 620 621 622 616 610 605 605 607 -9999 -9999 -9999 -9999 630 640 644 652 656 661 665 661 658 658 660 657 644 636 629 622 612 603 596 588 581 585 599 612 625 639 653 670 690 713 721
-9999 -9999 -9999 -9999 -9999 -9999 -9999 -9999 -9999 -9999 -9999 -9999 -9999 -9999 -9999 -9999 -9999 -9999 -9999 -9999 -9999 -9999 -9999 -9999 589 589 587 581 576 569 -9999 -9999 -9999 -9999 605 623 640 654 670 677 674 666 653 638 627 617 614 617 621 624 613 603 599 600 602 603 -9999 -9999 619 627 632 640 651 658 662 666 665 655 653 653 648 643 633 624 615 607 599 590 581 -9999 582 592 606 622 637 649 661 680 699 714
-9999 -9999 -9999 -9999 -9999 -9999 -9999 -9999 -9999 -9999 -9999 -9999 -9999 -9999 -9999 -9999 -9999 -9999 -9999 -9999 -9999 -9999 -9999 -9999 595 592 587 583 -9999 -9999 -9999 -9999 -9999 -9999 -9999 -9999 -9999 -9999 -9999 667 666 662 652 640 628 619 620 619 -9999 626 615 610 602 605 603 605 609 613 617 624 629 644 659 664 663 663 664 657 648 646 642 636 628 619 611 602 594 587 -9999 -9999 -9999 -9999 604 622 636 646 655 671 688 703
-9999 -9999 -9999 -9999 -9999 -9999 -9999 -9999 -9999 -9999 -9999 -9999 -9999 -9999 -9999 -9999 -9999 -9999 -9999 -9999 -9999 -9999 -9999 -9999 -9999 -9999 -9999 -9999 -9999 -9999 -9999 -9999 -9999 -9999 -9999 -9999 -9999 -9999 -9999 660 663 660 654 644 635 633 633 627 625 634 630 630 621 612 609 610 610 612 -9999 -9999 626 636 647 653 657 659 656 649 645 640 636 629 622 615 609 604 600 594 587 584 586 591 601 617 632 642 649 658 672 686
-9999 -9999 -9999 -9999 -9999 536 539 -9999 -9999 -9999 -9999 -9999 -9999 -9999 -9999 -9999 -9999 -9999 -9999 -9999 -9999 -9999 -9999 -9999 -9999 -9999 -9999 -9999 -9999 -9999 -9999 -9999 -9999 -9999 -9999 -9999 -9999 -9999 647 656 658 657 652 645 640 639 639 636 633 629 627 629 624 616 614 616 617 618 619 -9999 -9999 631 636 637 641 642 644 640 637 632 629 624 622 618 614 607 603 598 591 587 589 594 601 612 627 635 640 652 680 689
-9999 -9999 528 531 533 538 -9999 -9999 -9999 -9999 -9999 -9999 -9999 -9999 -9999 -9999 -9999 -9999 -9999 -9999 -9999 -9999 -9999 -9999 -9999 -9999 -9999 618 -9999 -9999 -9999 -9999 -9999 -9999 -9999 -9999 -9999 -9999 645 653 657 658 654 -9999 647 644 642 642 639 636 634 629 626 632 642 636 635 632 632 627 627 628 630 631 634 635 635 633 632 629 628 625 621 617 613 609 605 601 595 595 593 594 600 608 620 626 635 650 676 688
-9999 522 529 531 533 -9999 -9999 -9999 -9999 -9999 -9999 -9999 -9999 -9999 -9999 -9999 -9999 -9999 -9999 -9999 -9999 -9999 -9999 640 636 638 640 629 -9999 -9999 -9999 -9999 -9999 -9999 -9999 -9999 -9999 -9999 647 654 659 661 657 652 652 651 651 651 649 644 640 635 636 646 649 646 644 637 635 629 626 628 627 631 632 633 635 638 645 644 632 622 619 617 612 609 605 601 598 597 596 599 603 611 617 623 633 653 667 677
-9999 516 528 534 537 -9999 -9999 -9999 -9999 -9999 -9999 -9999 -9999 -9999 -9999 -9999 -9999 -9999 -9999 -9999 -9999 651 652 652 650 649 651 643 637 634 -9999 -9999 -9999 -9999 -9999 -9999 -9999 -9999 649 653 658 657 658 658 659 664 675 676 669 659 650 646 644 650 650 643 640 637 633 628 626 627 628 630 632 633 640 652 657 647 634 621 620 617 612 608 605 603 600 599 600 604 606 609 615 623 638 660 669 671
-9999 512 523 529 -9999 -9999 -9999 -9999 -9999 -9999 -9999 -9999 -9999 -9999 -9999 -9999 -9999 -9999 -9999 -9999 -9999 661 663 666 663 660 658 660 656 643 -9999 -9999 -9999 -9999 -9999 -9999 -9999 -9999 648 651 654 659 662 672 682 697 702 700 691 677 663 653 651 646 642 639 639 637 631 628 627 627 628 630 632 635 636 642 638 630 624 622 619 615 610 608 605 604 602 600 603 606 608 616 632 648 654 655 661 663
-9999 509 -9999 -9999 -9999 -9999 -9999 -9999 -9999 -9999 -9999 -9999 -9999 -9999 -9999 -9999 -9999 -9999 -9999 -9999 671 674 678 677 674 674 673 671 666 656 652 645 -9999 -9999 -9999 -9999 -9999 648 647 649 653 663 670 687 695 701 706 713 702 682 670 660 652 645 641 640 640 637 630 630 629 629 629 629 629 632 629 628 625 623 621 621 618 614 610 607 605 602 601 601 607 614 620 634 645 648 652 654 658 660
-9999 -9999 -9999 -9999 -9999 -9999 -9999 -9999 -9999 -9999 -9999 -9999 -9999 -9999 -9999 -9999 -9999 -9999 -9999 678 683 689 699 697 686 687 689 682 676 665 659 651 644 643 645 649 650 646 644 646 650 654 660 671 681 692 701 707 703 689 665 658 650 644 641 640 639 635 631 631 631 630 631 630 630 631 634 650 651 643 633 626 618 614 610 606 604 602 603 610 628 636 641 643 643 647 649 650 651 655
-9999 -9999 -9999 -9999 -9999 -9999 -9999 -9999 -9999 -9999 -9999 -9999 -9999 -9999 -9999 -9999 -9999 -9999 681 688 696 704 709 706 699 700 701 696 689 675 662 654 643 641 644 644 645 643 643 641 642 646 653 658 665 673 683 685 678 671 663 656 650 644 641 640 639 636 633 633 632 632 632 630 630 635 646 651 652 655 649 641 631 614 609 606 607 607 608 612 625 632 635 645 646 644 647 649 650 657
-9999 -9999 -9999 -9999 -9999 -9999 -9999 -9999 -9999 -9999 -9999 -9999 -9999 -9999 -9999 -9999 -9999 -9999 690 702 710 722 731 724 716 715 710 705 693 680 666 653 641 638 639 637 636 636 635 633 636 639 644 651 658 663 665 667 669 666 661 656 651 648 646 648 647 642 639 634 633 633 632 633 636 639 647 646 650 651 648 638 628 614 609 607 608 609 611 624 632 630 632 643 646 645 648 649 650 655
-9999 -9999 -9999 -9999 -9999 -9999 -9999 -9999 -9999 -9999 -9999 -9999 -9999 -9999 -9999 -9999 -9999 -9999 700 713 720 729 746 747 733 723 714 705 691 677 662 649 641 635 634 633 631 629 626 626 627 632 638 646 653 660 661 664 662 659 658 654 654 652 650 649 646 644 642 641 634 634 635 637 639 639 643 642 645 645 647 642 631 619 615 607 610 612 623 631 632 630 632 636 639 642 645 648 650 651
-9999 -9999 -9999 -9999 -9999 -9999 -9999 -9999 -9999 -9999 -9999 -9999 -9999 -9999 -9999 -9999 -9999 -9999 713 724 733 738 749 756 750 739 725 709 693 676 661 647 636 631 630 629 627 623 619 619 618 625 633 640 647 656 660 664 660 657 655 653 655 655 652 649 648 650 647 643 638 637 638 641 643 642 643 644 645 643 646 643 637 633 625 621 620 623 630 627 630 631 633 636 636 639 642 641 643 645
-9999 -9999 -9999 -9999 -9999 -9999 -9999 -9999 -9999 -9999 -9999 -9999 -9999 -9999 -9999 -9999 -9999 -9999 725 737 748 756 773 780 774 764 747 724 703 682 661 643 631 628 626 624 622 620 616 615 617 622 630 638 645 653 659 662 661 656 653 651 650 651 650 648 646 642 641 637 636 637 -9999 641 644 646 647 647 645 644 645 641 636 633 629 628 628 627 631 -9999 631 632 635 635 636 637 638 639 638 640
-9999 -9999 -9999 -9999 -9999 -9999 -9999 -9999 -9999 -9999 -9999 -9999 -9999 -9999 -9999 -9999 -9999 -9999 736 748 761 771 781 789 791 783 762 737 712 686 663 641 631 628 626 622 619 616 615 615 616 622 630 637 644 655 657 661 664 661 653 651 652 648 646 642 639 637 633 631 632 636 639 642 644 647 -9999 649 644 645 646 642 643 640 634 631 631 631 633 636 634 635 635 637 637 637 637 637 639 640
-9999 -9999 -9999 -9999 -9999 -9999 -9999 -9999 -9999 -9999 -9999 -9999 -9999 -9999 -9999 -9999 -9999 -9999 746 755 769 784 794 794 795 796 775 749 715 694 671 650 638 633 628 622 617 614 615 615 617 624 631 638 645 655 653 660 -9999 661 655 655 653 648 -9999 636 633 629 628 628 629 632 639 642 643 646 648 648 647 646 648 651 651 647 640 636 634 633 635 637 635 636 640 639 641 640 639 640 642 646
-9999 -9999 -9999 -9999 -9999 -9999 -9999 -9999 -9999 -9999 -9999 -9999 -9999 -9999 -9999 -9999 -9999 -9999 -9999 755 766 781 792 795 796 795 775 747 723 699 674 660 647 636 629 621 614 614 613 613 615 621 628 640 648 653 662 664 663 660 656 651 648 643 636 635 630 629 628 630 631 635 639 643 645 647 647 647 647 648 652 657 657 650 645 641 637 636 636 636 639 642 645 642 643 645 644 641 642 643
-9999 -9999 -9999 -9999 -9999 -9999 -9999 -9999 -9999 -9999 -9999 -9999 -9999 -9999 -9999 -9999 -9999 -9999 -9999 755 766 777 783 787 781 770 753 729 706 689 674 659 646 636 627 619 613 613 613 612 611 618 631 643 654 658 665 663 659 660 652 647 643 640 635 628 624 624 627 632 635 639 643 646 648 648 647 649 648 648 651 654 654 650 646 645 638 636 636 639 642 640 643 646 647 652 653 649 645 640
-9999 -9999 -9999 -9999 -9999 -9999 -9999 -9999 -9999 -9999 -9999 -9999 -9999 -9999 -9999 -9999 -9999 736 -9999 -9999 762 769 770 769 759 742 723 704 686 672 661 652 640 631 622 616 615 615 616 611 609 622 637 647 653 657 659 656 -9999 663 653 644 640 635 633 629 627 629 635 639 646 651 651 650 651 650 649 649 649 648 648 649 652 651 650 649 645 643 638 638 638 638 642 650 655 656 650 647 643 641
-9999 -9999 -9999 -9999 -9999 -9999 -9999 -9999 -9999 -9999 -9999 -9999 -9999 -9999 -9999 -9999 -9999 -9999 -9999 751 754 756 756 753 741 722 707 687 670 657 648 638 630 626 620 619 619 617 617 617 625 631 642 651 659 656 655 653 659 663 656 653 646 640 641 636 637 638 642 645 648 654 658 657 658 653 650 649 648 647 646 648 649 649 652 651 647 644 643 642 643 642 642 650 653 653 652 644 638 638
-9999 -9999 -9999 -9999 -9999 -9999 -9999 -9999 -9999 -9999 -9999 -9999 730 747 760 769 766 -9999 -9999 747 746 743 742 737 725 706 688 670 654 641 634 628 625 621 620 619 618 621 624 628 632 640 651 659 660 656 651 652 652 649 654 652 649 644 645 643 642 646 647 647 649 653 656 662 661 658 651 647 645 645 644 646 643 641 639 639 640 640 637 637 640 640 646 652 659 655 648 641 635 633
615 599 -9999 -9999 -9999 -9999 -9999 -9999 -9999 -9999 -9999 -9999 723 745 766 781 773 758 747 741 736 731 727 719 706 690 674 654 635 624 617 613 612 614 617 617 620 628 638 639 649 652 664 666 664 661 667 656 651 645 647 647 645 645 646 644 644 646 648 651 652 651 653 656 659 665 654 646 646 651 650 645 646 642 636 633 632 633 631 631 636 643 645 654 657 646 641 634 636 634
623 605 579 -9999 -9999 -9999 -9999 -9999 -9999 -9999 -9999 -9999 -9999 735 751 767 763 751 737 728 722 715 707 699 688 673 656 641 632 618 610 605 604 609 613 615 619 628 645 652 659 665 670 671 678 675 669 665 654 647 646 645 642 645 648 646 646 648 650 657 655 649 648 656 656 654 649 648 648 648 650 645 642 639 631 628 629 628 626 629 635 641 645 650 650 647 641 636 636 635
637 614 581 557 -9999 -9999 -9999 -9999 -9999 -9999 676 693 722 740 755 752 747 734 722 713 708 701 698 693 676 667 659 648 -9999 633 613 601 598 600 603 610 622 638 644 653 659 661 666 670 674 674 671 667 660 662 651 643 641 642 646 648 654 658 656 662 653 646 645 649 650 647 645 644 644 646 641 639 636 628 626 625 624 624 625 630 635 636 637 640 641 639 636 632 631 630
634 612 583 550 537 544 573 607 658 685 676 688 706 718 730 727 722 711 701 695 692 689 687 675 669 668 656 643 636 618 609 599 597 599 602 609 618 630 640 652 661 663 668 668 669 671 668 665 665 658 659 655 650 651 655 654 665 672 663 655 645 639 640 639 640 639 638 639 637 637 634 632 628 620 620 617 615 614 615 620 625 627 630 632 632 629 629 627 626 625
616 596 577 555 544 548 574 607 640 660 671 681 682 689 694 699 704 701 689 684 681 677 668 661 656 643 639 624 612 600 590 587 588 590 595 603 611 622 635 647 656 660 661 666 665 661 655 654 649 645 645 654 658 659 670 666 669 671 664 648 639 634 632 632 631 631 632 633 632 631 626 623 621 616 611 613 611 613 610 620 621 623 624 625 626 626 624 620 618 617
602 585 569 557 550 558 583 613 635 657 667 671 670 673 671 681 682 683 681 674 669 657 649 644 636 624 616 606 600 588 584 583 583 583 586 595 606 617 629 639 649 654 655 661 657 651 649 645 642 640 641 644 650 663 669 670 666 663 659 -9999 636 629 627 626 626 626 626 628 628 625 620 619 614 608 605 606 606 608 608 612 616 616 617 617 620 620 620 618 618 613
590 576 566 559 554 559 586 608 627 638 643 648 649 651 649 653 656 659 657 651 645 635 -9999 623 617 613 601 593 587 580 579 578 579 586 589 591 598 609 622 636 645 650 652 654 650 650 653 648 636 634 638 644 648 658 659 658 657 651 641 628 621 617 619 621 622 621 621 622 622 621 617 614 609 604 603 603 602 603 605 608 608 609 610 611 613 615 614 613 610 612
579 567 560 554 545 565 580 595 607 618 627 647 641 643 639 637 633 633 632 628 623 618 -9999 608 609 601 592 583 578 576 576 586 583 588 591 592 591 601 615 629 642 647 647 650 650 653 667 657 641 631 631 634 638 643 642 643 643 638 629 618 607 607 610 615 617 615 617 618 619 618 615 612 607 602 601 601 601 599 601 602 604 605 607 609 611 612 609 606 604 601
565 557 545 543 545 562 569 579 593 603 613 626 628 630 626 620 611 608 605 602 599 596 591 591 593 592 581 575 580 580 577 583 584 588 591 585 590 599 609 619 628 638 645 655 662 654 652 649 637 630 630 634 632 635 634 635 634 630 623 613 605 604 607 611 614 615 615 615 617 618 614 610 608 603 601 599 598 598 597 600 602 605 606 606 606 604 603 601 598 597
554 543 541 545 549 555 562 569 579 587 600 602 605 605 605 596 594 584 580 578 577 575 574 575 578 580 571 567 569 570 577 578 580 585 586 588 600 606 614 627 626 639 644 652 661 654 645 636 629 628 629 629 631 631 633 632 628 625 619 614 609 607 607 609 613 614 613 616 617 615 612 610 609 605 603 601 599 597 598 599 599 600 599 598 599 599 600 597 596 598
539 533 529 533 538 544 552 562 570 578 582 584 583 580 581 576 574 564 560 559 557 557 559 563 567 562 565 566 566 565 571 576 580 580 585 589 597 606 614 627 634 639 651 655 653 649 637 626 620 622 627 628 628 630 628 626 624 619 616 615 610 610 611 612 613 615 616 616 616 614 613 610 607 605 605 602 600 595 598 597 595 595 596 598 599 598 598 596 598 595
535 531 529 527 526 535 545 555 561 564 565 565 564 560 559 554 550 542 540 541 540 543 549 552 556 556 562 563 564 564 566 569 572 576 580 586 595 604 613 618 625 631 640 645 643 635 630 619 617 618 621 621 621 621 622 622 621 618 615 613 612 614 613 613 613 615 618 617 616 615 616 613 609 607 603 602 599 594 596 595 593 594 596 594 594 596 597 600 599 598
531 525 525 526 529 528 537 545 549 552 557 556 551 545 539 534 529 524 518 520 524 532 537 541 542 546 551 553 558 560 565 566 572 576 581 585 590 596 603 609 620 625 630 632 628 625 619 614 613 613 614 617 616 617 618 618 618 618 615 614 612 612 613 614 614 618 619 620 619 619 618 616 612 610 606 602 599 592 592 592 592 592 593 592 596 597 597 599 600 599
526 524 521 524 525 527 528 531 535 538 544 549 546 538 531 521 514 507 501 507 513 519 525 533 538 542 543 550 558 561 562 566 571 572 576 583 587 590 596 602 608 612 617 619 618 617 614 611 609 610 613 613 613 614 617 618 617 617 616 617 616 616 616 615 616 618 621 623 623 622 621 619 615 611 607 602 598 594 590 591 592 591 593 595 598 599 598 598 596 594
522 519 519 522 524 531 535 537 535 536 532 529 530 527 521 511 499 488 487 497 507 517 525 530 538 545 544 543 550 554 562 561 562 565 570 573 579 584 588 594 599 604 607 608 608 607 607 606 606 607 608 611 612 613 615 617 618 619 617 -9999 619 621 620 620 620 619 623 624 627 627 626 625 622 615 607 604 599 593 590 591 591 592 595 596 600 598 595 595 598 595
514 515 514 520 523 529 533 534 534 532 531 531 526 520 515 510 503 499 493 501 510 524 534 531 534 537 542 547 548 553 553 549 549 554 562 566 569 574 580 586 591 597 601 603 604 604 603 602 601 602 604 606 611 613 615 617 618 619 620 620 621 622 621 621 621 621 624 626 627 630 631 628 622 616 611 604 599 595 595 595 595 594 594 593 595 597 593 596 596 597
512 515 520 519 519 524 529 530 530 531 531 528 526 525 522 520 517 512 506 504 514 521 528 529 535 536 539 541 545 548 549 543 536 534 549 555 560 567 572 580 584 589 592 594 595 596 596 597 596 600 602 606 609 613 615 616 619 620 620 620 620 623 622 623 626 628 628 628 628 630 630 629 625 620 614 609 602 598 599 597 597 597 596 592 592 593 596 596 598 600
