resultados/variables/bio1.asc
ncols 330
nrows 228
xllcorner -12.000000
yllcorner 34.000000
cellsize 0.166667
NODATA_value -9999
[rows 144 to 191 of 228, columns 192 to 287 of 330]
91 96 94 96 101 102 102 102 101 100 100 100 99 99 101 100 100 99 98 94 87 67 71 83 74 58 43 40 39 48 51 53 58 67 75 78 79 81 85 87 88 88 89 89 87 88 89 89 89 88 86 84 86 86 85 83 82 83 83 83 84 84 84 85 86 85 86 85 85 86 84 84 85 86 87 87 86 86 88 89 89 89 90 90 91 91 91 91 93 94 96 94 92 92 91 92
102 102 103 103 104 103 103 103 102 100 100 100 99 100 101 101 101 100 99 97 84 72 60 69 73 76 66 52 43 35 42 48 53 56 64 77 79 78 82 86 89 88 89 92 90 90 90 91 90 89 89 85 85 87 88 86 85 84 85 85 86 86 86 86 87 88 89 89 88 88 88 88 88 88 89 89 89 89 89 91 90 90 91 92 93 94 93 94 96 95 98 97 96 95 93 92
105 105 105 105 105 104 104 103 102 101 101 101 101 102 102 102 101 98 92 95 96 93 81 70 63 59 62 43 39 33 42 48 52 61 62 72 77 80 81 83 83 89 90 92 94 93 93 92 93 92 93 93 89 87 89 89 88 85 86 87 87 89 89 89 89 89 90 93 91 90 91 90 91 91 91 90 90 91 91 92 91 91 91 93 95 -9999 96 -9999 97 97 -9999 -9999 97 95 95 95
106 106 106 106 105 105 105 104 104 103 103 103 104 103 101 98 98 97 95 96 88 86 82 80 75 69 71 57 61 57 49 50 49 49 58 62 72 78 79 81 78 86 91 94 94 96 95 93 91 92 91 93 94 90 92 92 90 88 89 89 90 90 91 92 90 92 92 93 93 93 93 92 92 94 92 92 92 93 92 93 93 92 92 94 96 96 96 97 98 -9999 98 98 97 96 94 94
107 107 107 106 106 106 106 106 105 105 106 106 104 102 98 98 96 96 94 94 90 88 87 84 85 85 81 76 66 55 49 44 46 46 53 52 61 71 79 80 83 84 91 93 96 97 99 95 89 90 91 91 91 91 95 94 92 90 92 91 92 93 92 93 94 94 93 93 93 94 95 94 94 95 94 94 94 95 94 94 93 93 93 -9999 94 95 95 96 96 97 97 97 97 98 97 96
107 107 107 107 107 107 107 106 107 107 107 106 103 100 91 87 89 89 89 93 88 86 86 90 84 86 84 79 58 47 44 35 47 47 46 61 59 63 75 80 82 84 86 89 91 94 95 99 95 90 88 91 93 94 96 97 97 93 93 94 94 95 95 94 95 96 96 96 95 96 96 97 97 96 96 96 96 96 95 94 94 95 -9999 94 94 95 96 96 97 97 98 98 98 100 99 98
108 108 107 107 107 107 108 108 108 108 107 104 101 96 84 85 78 82 87 88 85 85 89 88 87 85 84 81 77 68 58 54 61 50 53 53 63 67 77 79 80 86 83 87 90 90 92 91 99 96 93 91 94 96 97 97 98 99 96 97 95 96 98 98 97 98 99 98 98 98 98 99 98 98 98 97 97 97 97 96 96 96 96 95 95 96 97 97 97 98 99 99 100 100 100 98
108 108 108 108 108 108 108 108 109 109 108 107 105 104 96 67 52 68 70 76 84 83 87 88 88 86 85 85 83 75 56 45 63 56 43 50 49 54 71 83 82 87 84 85 89 94 93 92 97 99 95 94 94 96 97 97 99 102 102 101 98 98 100 100 100 100 100 100 100 100 100 -9999 99 99 99 99 99 99 99 99 98 97 96 97 97 97 98 98 99 100 101 101 102 102 102 102
108 108 108 108 108 108 108 109 109 109 109 108 98 85 98 80 53 55 50 53 72 81 88 90 89 88 87 87 84 78 71 54 51 54 60 48 48 49 61 78 81 89 86 85 89 90 95 94 96 101 98 96 97 96 97 99 98 98 101 103 103 100 100 102 -9999 102 -9999 -9999 -9999 -9999 -9999 -9999 -9999 -9999 102 102 102 101 101 101 99 99 98 98 98 99 99 100 100 101 102 103 103 103 -9999 -9999
108 108 108 108 108 108 108 109 109 109 109 108 106 94 88 83 60 70 65 65 74 79 91 93 91 90 90 88 86 81 76 68 66 44 65 54 47 56 70 76 82 88 88 88 89 92 96 96 100 102 98 98 98 100 98 100 98 100 99 100 105 105 103 103 103 -9999 -9999 -9999 -9999 -9999 -9999 -9999 104 104 103 103 103 102 103 102 101 101 100 99 100 100 101 101 101 102 103 -9999 104 -9999 -9999 -9999
108 108 109 109 109 108 109 109 109 108 100 102 97 98 94 97 87 81 75 67 71 88 96 93 91 91 88 87 85 83 78 76 72 64 52 66 57 48 63 79 87 86 93 92 94 96 97 97 103 101 98 101 100 99 100 102 101 103 102 103 103 -9999 -9999 105 -9999 -9999 -9999 -9999 -9999 -9999 -9999 -9999 105 105 105 104 104 104 105 104 104 104 103 103 103 103 103 102 103 103 -9999 -9999 -9999 -9999 -9999 -9999
109 109 109 110 110 109 109 108 108 107 103 103 102 97 96 91 94 90 84 82 85 98 95 94 91 89 87 83 82 79 78 80 76 76 69 60 67 66 57 65 77 82 92 97 99 99 96 97 105 100 99 103 102 100 101 104 105 105 105 106 106 106 108 -9999 -9999 -9999 -9999 -9999 -9999 -9999 -9999 -9999 -9999 -9999 -9999 -9999 -9999 -9999 -9999 -9999 106 -9999 107 -9999 -9999 -9999 -9999 105 -9999 -9999 -9999 -9999 -9999 -9999 -9999 -9999
110 110 110 111 111 111 110 109 108 106 106 106 106 105 101 100 97 100 94 98 97 94 94 91 89 86 86 85 82 81 81 81 71 77 70 72 77 64 48 60 79 83 94 100 102 100 97 101 105 102 102 105 101 102 105 105 106 107 108 108 109 108 -9999 -9999 -9999 -9999 -9999 -9999 -9999 -9999 -9999 -9999 -9999 -9999 -9999 -9999 -9999 -9999 -9999 -9999 -9999 -9999 110 110 110 108 -9999 107 -9999 -9999 -9999 -9999 -9999 -9999 -9999 -9999
111 112 112 112 112 112 112 112 111 110 110 109 105 95 81 74 85 100 99 87 73 69 65 75 85 89 88 84 81 81 79 77 75 81 79 73 71 52 38 52 74 83 97 104 106 105 103 102 107 103 104 105 104 106 106 108 108 109 110 -9999 -9999 -9999 -9999 -9999 -9999 -9999 -9999 -9999 -9999 -9999 -9999 -9999 -9999 -9999 -9999 -9999 -9999 -9999 -9999 -9999 110 111 113 113 113 111 109 109 -9999 -9999 -9999 -9999 -9999 -9999 -9999 -9999
113 113 113 114 114 114 113 112 111 109 107 107 106 89 83 79 86 96 87 69 49 47 36 41 51 75 52 32 22 28 40 55 71 60 62 54 58 54 50 56 72 88 99 106 108 108 107 105 109 106 106 107 107 108 109 110 111 112 -9999 -9999 -9999 -9999 -9999 -9999 -9999 -9999 -9999 -9999 -9999 -9999 -9999 -9999 -9999 -9999 -9999 -9999 -9999 110 110 110 111 112 113 115 118 117 113 112 112 112 -9999 -9999 -9999 -9999 -9999 -9999
114 115 115 115 115 115 114 113 111 109 104 102 100 102 79 57 53 46 67 75 70 38 37 57 63 77 67 55 50 40 49 50 28 45 45 49 58 70 74 82 88 91 102 107 108 110 110 110 111 111 -9999 110 109 110 111 112 113 113 -9999 -9999 -9999 -9999 -9999 -9999 -9999 -9999 -9999 -9999 -9999 -9999 -9999 -9999 -9999 -9999 -9999 109 108 110 112 112 112 113 115 117 120 120 117 115 114 115 -9999 -9999 -9999 -9999 -9999 -9999
115 116 117 117 117 116 115 114 112 107 101 94 74 87 74 38 46 52 65 65 75 62 60 55 61 79 82 80 78 77 75 59 57 65 68 76 82 86 88 94 99 101 106 108 109 110 111 112 112 107 108 111 112 112 113 113 114 114 -9999 -9999 -9999 -9999 -9999 -9999 -9999 -9999 -9999 -9999 -9999 -9999 -9999 -9999 -9999 -9999 -9999 -9999 -9999 -9999 -9999 114 116 117 117 116 117 117 115 114 114 115 116 117 117 116 114 112
114 117 119 120 117 115 116 114 110 110 95 81 68 88 74 64 83 89 98 102 100 98 94 91 94 96 95 89 88 88 84 84 86 87 88 93 96 96 95 99 105 106 108 109 110 111 112 113 113 109 104 107 109 111 113 114 115 116 -9999 -9999 -9999 -9999 -9999 -9999 -9999 -9999 -9999 -9999 -9999 -9999 -9999 -9999 -9999 -9999 -9999 -9999 -9999 -9999 -9999 -9999 -9999 118 116 113 111 109 106 108 105 109 109 115 118 -9999 115 115
117 118 122 122 120 116 113 113 112 107 95 89 92 83 88 85 94 102 105 106 103 102 99 98 99 103 95 91 93 95 92 93 95 97 98 101 104 105 106 107 107 108 109 110 110 111 112 113 113 108 101 107 111 -9999 115 115 116 -9999 -9999 -9999 -9999 -9999 -9999 -9999 -9999 -9999 -9999 -9999 -9999 -9999 -9999 -9999 -9999 -9999 -9999 -9999 -9999 -9999 -9999 -9999 -9999 -9999 115 109 104 98 86 88 98 102 107 -9999 -9999 -9999 -9999 -9999
118 119 120 119 121 119 117 114 109 108 95 94 85 84 101 97 101 104 105 106 106 105 102 103 101 105 100 98 98 99 100 100 101 102 103 105 106 108 108 109 109 109 110 110 111 112 114 114 113 108 103 108 113 -9999 -9999 -9999 -9999 -9999 -9999 -9999 -9999 -9999 -9999 -9999 -9999 -9999 -9999 -9999 -9999 -9999 -9999 -9999 -9999 -9999 -9999 -9999 -9999 -9999 -9999 -9999 -9999 116 112 105 99 85 92 -9999 -9999 -9999 -9999 -9999 -9999 -9999 -9999 -9999
118 118 115 114 114 115 116 113 108 106 98 97 94 97 99 111 109 102 104 106 109 108 106 106 105 108 104 103 103 103 103 104 104 105 105 106 108 108 109 109 110 110 111 112 112 113 113 115 112 109 110 110 115 -9999 -9999 -9999 -9999 -9999 -9999 -9999 -9999 -9999 -9999 -9999 -9999 -9999 -9999 -9999 -9999 -9999 -9999 -9999 -9999 -9999 -9999 -9999 -9999 -9999 -9999 -9999 -9999 115 107 98 87 78 -9999 -9999 -9999 -9999 -9999 -9999 -9999 -9999 -9999 -9999
116 117 115 112 113 112 113 111 107 97 96 92 98 98 107 112 112 108 104 105 108 111 111 108 109 110 108 106 107 106 106 106 106 107 107 107 108 109 109 110 111 111 112 112 113 113 113 115 115 112 111 114 -9999 -9999 -9999 -9999 -9999 -9999 -9999 -9999 -9999 -9999 -9999 -9999 -9999 -9999 -9999 -9999 -9999 -9999 -9999 -9999 -9999 -9999 -9999 -9999 -9999 -9999 -9999 -9999 -9999 -9999 103 86 -9999 -9999 -9999 -9999 -9999 -9999 -9999 -9999 -9999 -9999 -9999 -9999
111 113 107 105 110 110 112 110 104 95 92 85 93 94 105 113 113 112 109 108 110 111 113 112 111 112 112 109 109 109 108 108 108 108 108 108 109 110 111 111 111 113 113 114 115 115 115 115 114 114 115 116 -9999 -9999 -9999 -9999 -9999 -9999 -9999 -9999 -9999 -9999 -9999 -9999 -9999 -9999 -9999 -9999 -9999 -9999 -9999 -9999 -9999 -9999 -9999 -9999 -9999 -9999 -9999 -9999 -9999 -9999 -9999 -9999 -9999 -9999 -9999 -9999 -9999 -9999 -9999 -9999 -9999 -9999 -9999 -9999
90 96 102 94 103 108 106 109 104 90 72 81 95 100 106 109 112 115 115 115 115 115 114 115 112 112 113 113 110 110 110 110 110 109 109 109 109 111 112 112 112 111 112 112 114 112 112 112 112 113 115 117 -9999 -9999 -9999 -9999 -9999 -9999 -9999 -9999 -9999 -9999 -9999 -9999 -9999 -9999 -9999 -9999 -9999 -9999 -9999 -9999 -9999 -9999 -9999 -9999 -9999 -9999 -9999 -9999 -9999 -9999 -9999 -9999 -9999 -9999 -9999 -9999 -9999 -9999 -9999 -9999 -9999 -9999 -9999 -9999
98 102 107 102 104 97 102 107 109 94 79 95 104 108 104 106 112 117 117 117 118 118 117 117 114 114 114 115 112 111 112 111 112 110 110 112 112 111 110 109 108 108 108 108 110 110 110 110 112 114 116 118 -9999 -9999 -9999 -9999 -9999 -9999 -9999 -9999 -9999 -9999 -9999 -9999 -9999 -9999 -9999 -9999 -9999 -9999 -9999 -9999 -9999 -9999 -9999 -9999 -9999 -9999 -9999 -9999 -9999 -9999 -9999 -9999 -9999 -9999 -9999 -9999 -9999 -9999 -9999 -9999 -9999 -9999 -9999 -9999
101 99 99 110 107 96 102 105 111 101 94 91 93 103 95 105 108 113 116 114 115 115 118 117 118 -9999 117 117 116 113 114 113 113 113 114 110 107 106 105 103 104 104 104 106 108 109 109 109 111 114 118 -9999 -9999 -9999 -9999 -9999 -9999 -9999 -9999 -9999 -9999 -9999 -9999 -9999 -9999 -9999 -9999 -9999 -9999 -9999 -9999 -9999 -9999 -9999 -9999 -9999 -9999 -9999 -9999 -9999 -9999 -9999 -9999 -9999 -9999 -9999 -9999 -9999 -9999 -9999 -9999 -9999 -9999 -9999 -9999 -9999
83 87 74 88 86 97 109 111 110 111 104 88 90 104 86 89 101 107 111 113 115 116 117 115 114 115 113 114 112 111 112 112 113 113 107 106 105 103 102 101 99 99 102 104 107 109 109 109 111 115 118 -9999 -9999 -9999 -9999 -9999 -9999 -9999 -9999 -9999 -9999 -9999 -9999 -9999 -9999 -9999 -9999 -9999 -9999 -9999 -9999 -9999 -9999 -9999 -9999 -9999 -9999 -9999 -9999 -9999 -9999 -9999 -9999 -9999 -9999 -9999 -9999 -9999 -9999 -9999 -9999 -9999 -9999 -9999 -9999 -9999
70 67 69 93 75 77 102 102 87 99 112 103 97 91 91 65 65 91 106 113 114 113 113 114 115 115 114 112 107 113 114 112 112 112 108 104 100 104 102 101 99 100 105 104 107 108 108 111 114 115 119 -9999 -9999 -9999 -9999 -9999 -9999 -9999 -9999 -9999 -9999 -9999 -9999 -9999 -9999 -9999 -9999 -9999 -9999 -9999 -9999 -9999 -9999 -9999 -9999 -9999 -9999 -9999 -9999 -9999 -9999 -9999 -9999 -9999 -9999 -9999 -9999 -9999 -9999 -9999 -9999 -9999 -9999 -9999 -9999 -9999
71 67 74 95 76 71 86 101 106 105 115 110 99 92 93 88 62 69 85 105 102 105 107 107 113 111 110 105 108 108 107 111 111 113 110 108 103 102 99 106 109 108 110 111 113 115 115 115 -9999 -9999 -9999 -9999 -9999 -9999 -9999 -9999 -9999 -9999 -9999 -9999 -9999 -9999 -9999 -9999 -9999 -9999 -9999 -9999 -9999 -9999 -9999 -9999 -9999 -9999 -9999 -9999 -9999 -9999 -9999 -9999 -9999 -9999 -9999 -9999 -9999 -9999 -9999 -9999 -9999 -9999 -9999 -9999 -9999 -9999 -9999 -9999
65 71 85 81 89 72 73 97 92 96 114 115 100 84 91 94 87 80 62 62 81 88 105 106 104 107 104 98 102 97 104 101 105 108 111 111 100 94 94 102 105 107 111 115 119 122 121 122 -9999 -9999 -9999 -9999 -9999 -9999 -9999 -9999 -9999 -9999 -9999 -9999 -9999 -9999 -9999 -9999 -9999 -9999 -9999 -9999 -9999 -9999 -9999 -9999 -9999 -9999 -9999 -9999 -9999 -9999 -9999 -9999 -9999 -9999 -9999 -9999 -9999 -9999 -9999 -9999 -9999 -9999 -9999 -9999 -9999 -9999 -9999 -9999
62 72 67 72 91 89 84 94 86 100 111 113 108 84 79 77 86 90 89 85 83 76 100 94 94 86 81 88 95 95 100 97 96 98 96 97 93 91 89 92 98 103 107 110 111 113 122 -9999 -9999 -9999 -9999 -9999 -9999 -9999 -9999 -9999 -9999 -9999 -9999 -9999 -9999 -9999 -9999 -9999 -9999 -9999 -9999 -9999 -9999 -9999 -9999 -9999 -9999 -9999 -9999 -9999 -9999 -9999 -9999 -9999 -9999 -9999 -9999 -9999 -9999 -9999 -9999 -9999 -9999 -9999 -9999 -9999 -9999 -9999 -9999 -9999
51 58 93 103 97 98 102 91 88 92 92 86 100 70 65 79 80 87 91 101 101 89 84 75 72 66 60 75 61 55 61 78 76 81 85 82 87 87 92 101 108 111 110 114 115 121 119 -9999 -9999 -9999 -9999 -9999 -9999 -9999 -9999 -9999 -9999 -9999 -9999 -9999 -9999 -9999 -9999 -9999 -9999 -9999 -9999 -9999 -9999 -9999 -9999 -9999 -9999 -9999 -9999 -9999 -9999 -9999 -9999 -9999 -9999 -9999 -9999 -9999 -9999 -9999 -9999 -9999 -9999 -9999 -9999 -9999 -9999 -9999 -9999 -9999
34 77 112 112 103 99 105 93 89 100 90 97 94 59 63 80 88 92 87 59 86 91 89 87 88 75 72 86 103 95 91 99 102 100 103 109 113 116 118 118 118 116 118 125 127 128 -9999 -9999 -9999 -9999 -9999 -9999 -9999 -9999 -9999 -9999 -9999 -9999 -9999 -9999 -9999 -9999 -9999 -9999 -9999 -9999 -9999 -9999 -9999 -9999 -9999 -9999 -9999 -9999 -9999 -9999 -9999 -9999 -9999 -9999 -9999 -9999 -9999 -9999 -9999 -9999 -9999 -9999 -9999 -9999 -9999 -9999 -9999 -9999 -9999 -9999
79 99 116 114 108 93 101 101 104 100 107 103 81 63 72 88 91 93 96 77 76 83 92 93 102 104 107 112 113 109 103 101 104 110 118 121 119 119 121 121 117 121 126 130 131 129 -9999 -9999 -9999 -9999 -9999 -9999 -9999 -9999 -9999 -9999 -9999 -9999 -9999 -9999 -9999 -9999 -9999 -9999 -9999 -9999 -9999 -9999 -9999 -9999 -9999 -9999 -9999 -9999 -9999 -9999 -9999 -9999 -9999 -9999 -9999 -9999 -9999 -9999 -9999 -9999 -9999 -9999 -9999 -9999 -9999 -9999 -9999 -9999 -9999 -9999
105 110 102 108 111 72 69 99 84 94 110 103 87 84 79 71 102 104 103 56 45 45 59 92 113 119 119 119 120 120 120 117 116 120 122 123 122 120 122 125 121 121 123 123 123 126 131 -9999 -9999 -9999 -9999 -9999 -9999 -9999 -9999 -9999 -9999 -9999 -9999 -9999 -9999 -9999 -9999 -9999 -9999 -9999 -9999 -9999 -9999 -9999 -9999 -9999 -9999 -9999 -9999 -9999 -9999 -9999 -9999 -9999 -9999 -9999 -9999 -9999 -9999 -9999 -9999 -9999 -9999 -9999 -9999 -9999 -9999 -9999 -9999 -9999
93 102 102 81 55 54 95 105 106 104 115 112 105 83 65 76 90 95 111 62 22 32 48 65 87 101 114 112 114 121 121 123 123 124 124 125 118 115 123 125 121 119 116 114 120 124 126 130 -9999 -9999 -9999 -9999 -9999 -9999 -9999 -9999 -9999 -9999 -9999 -9999 -9999 -9999 -9999 -9999 -9999 -9999 -9999 -9999 -9999 -9999 -9999 -9999 -9999 -9999 -9999 -9999 -9999 -9999 -9999 -9999 -9999 -9999 -9999 -9999 -9999 -9999 -9999 -9999 -9999 -9999 -9999 -9999 -9999 -9999 -9999 -9999
97 84 80 50 33 97 93 98 107 118 113 115 113 115 112 107 94 93 111 80 68 86 58 61 55 56 78 59 77 90 107 109 119 123 123 126 124 117 120 126 121 121 121 112 112 117 120 129 -9999 -9999 -9999 -9999 -9999 -9999 -9999 -9999 -9999 -9999 -9999 -9999 -9999 -9999 -9999 -9999 -9999 -9999 -9999 -9999 -9999 -9999 -9999 -9999 -9999 -9999 -9999 -9999 -9999 -9999 117 112 102 105 107 102 113 118 122 125 124 131 137 -9999 -9999 -9999 -9999 -9999
94 79 93 49 59 93 76 83 54 97 120 122 124 116 90 80 90 78 91 92 28 66 76 56 54 59 75 56 61 67 90 105 114 119 122 122 127 131 131 134 132 132 132 129 123 113 114 125 -9999 -9999 -9999 -9999 -9999 -9999 -9999 -9999 -9999 -9999 -9999 -9999 -9999 -9999 -9999 -9999 -9999 -9999 -9999 -9999 -9999 -9999 -9999 -9999 -9999 -9999 -9999 119 104 105 103 95 90 80 80 78 75 80 88 90 92 99 112 -9999 -9999 -9999 -9999 -9999
120 77 106 74 55 86 81 97 83 105 114 126 126 115 115 116 97 80 99 128 86 68 104 95 80 64 60 55 75 85 96 108 118 118 118 116 123 132 135 136 135 136 136 134 129 125 123 126 128 -9999 -9999 -9999 -9999 -9999 -9999 -9999 -9999 -9999 -9999 -9999 -9999 -9999 -9999 -9999 -9999 -9999 -9999 -9999 -9999 -9999 -9999 -9999 133 130 130 120 104 96 94 86 83 84 86 86 93 104 99 103 107 100 92 107 111 124 134 136
88 75 90 82 71 89 88 91 107 95 102 117 120 122 119 120 124 108 114 132 133 86 101 104 108 92 100 86 75 92 106 114 117 118 115 118 126 132 134 136 135 138 139 136 130 128 129 128 126 128 135 -9999 -9999 -9999 -9999 -9999 -9999 -9999 -9999 -9999 -9999 -9999 -9999 -9999 -9999 -9999 -9999 -9999 -9999 -9999 126 122 134 130 120 102 104 95 92 83 86 89 99 103 100 96 88 98 118 122 118 98 95 105 121 123
105 113 77 81 100 84 85 98 109 96 100 100 93 87 128 137 -9999 126 127 136 132 96 93 113 97 112 116 115 105 112 118 110 114 117 112 109 125 132 135 135 135 134 137 135 131 130 129 129 129 129 133 136 135 135 135 -9999 -9999 -9999 -9999 -9999 -9999 -9999 -9999 -9999 -9999 -9999 -9999 -9999 132 128 118 122 124 120 113 100 114 107 105 99 93 90 89 85 78 72 68 79 96 114 108 122 124 117 104 108
140 99 97 102 -9999 81 87 93 111 99 94 77 96 96 122 144 144 136 123 143 152 142 123 132 146 140 114 115 131 141 141 142 143 141 131 113 125 136 138 136 132 131 135 132 128 129 131 133 134 -9999 133 137 137 138 138 136 135 132 134 135 137 137 137 136 130 -9999 124 127 123 110 105 119 104 105 85 110 109 102 98 84 73 65 62 58 89 97 105 113 112 91 93 96 108 117 110 104
136 116 82 94 99 86 -9999 63 111 105 66 101 136 113 128 150 149 145 128 123 141 150 152 141 117 141 -9999 -9999 148 -9999 -9999 -9999 -9999 138 133 138 139 142 139 136 132 133 132 129 130 -9999 -9999 -9999 -9999 -9999 -9999 -9999 -9999 -9999 -9999 139 136 130 130 131 134 137 139 135 116 121 119 119 109 93 92 105 103 84 81 99 85 80 81 84 80 88 84 91 89 73 87 103 110 116 89 95 94 111 107 95
121 117 84 88 102 89 91 74 96 105 109 105 137 151 152 153 153 148 149 139 137 132 -9999 -9999 142 -9999 -9999 134 -9999 -9999 -9999 -9999 -9999 -9999 -9999 -9999 146 141 141 138 134 131 131 122 -9999 -9999 -9999 -9999 -9999 -9999 -9999 -9999 -9999 -9999 -9999 -9999 -9999 -9999 -9999 -9999 140 138 142 140 127 110 111 112 98 98 100 87 90 86 78 69 75 80 78 79 82 90 86 89 82 84 98 94 103 103 91 103 115 121 118 94
127 97 76 80 94 91 92 100 87 111 111 70 114 151 154 156 158 -9999 141 140 148 141 134 -9999 -9999 -9999 -9999 -9999 -9999 -9999 -9999 -9999 -9999 -9999 -9999 -9999 -9999 -9999 -9999 -9999 -9999 139 -9999 -9999 -9999 -9999 -9999 -9999 -9999 -9999 -9999 -9999 -9999 126 126 132 132 130 118 109 104 121 116 112 105 93 95 87 87 82 68 65 76 76 75 83 72 64 80 77 85 105 105 104 112 115 120 118 93 104 92 103 106 123 125 108
118 116 99 92 70 79 98 111 103 93 109 100 97 122 141 153 -9999 157 153 140 132 133 142 -9999 -9999 -9999 -9999 -9999 -9999 -9999 -9999 -9999 -9999 122 -9999 -9999 -9999 -9999 141 141 -9999 -9999 141 141 -9999 -9999 -9999 -9999 -9999 -9999 -9999 -9999 -9999 -9999 -9999 128 133 -9999 130 125 134 125 114 109 99 92 95 95 93 99 94 80 70 87 96 88 85 73 77 97 96 108 118 122 124 117 103 96 102 105 102 102 111 121 105 100
120 113 113 98 80 85 88 109 117 102 112 129 107 102 149 -9999 -9999 -9999 -9999 -9999 -9999 -9999 -9999 -9999 -9999 141 -9999 -9999 -9999 -9999 -9999 -9999 -9999 -9999 -9999 -9999 -9999 -9999 145 141 133 130 142 142 137 138 136 139 139 138 139 141 141 141 139 129 127 132 129 122 134 117 108 106 109 105 97 100 108 109 106 98 110 104 101 95 100 91 93 93 104 115 115 113 122 116 99 96 95 99 95 107 108 104 101 114
120 113 94 116 109 78 79 103 120 120 117 115 110 95 83 -9999 -9999 -9999 -9999 -9999 160 -9999 -9999 147 -9999 -9999 -9999 -9999 -9999 -9999 -9999 -9999 -9999 -9999 -9999 -9999 -9999 147 143 135 128 137 138 131 122 133 134 139 140 141 142 135 127 120 99 76 117 126 109 108 123 122 120 111 114 119 111 110 125 129 127 125 123 118 102 111 98 102 95 81 106 104 101 100 120 115 98 100 93 100 92 90 96 102 95 88
