resultados/variables/bio2.asc
ncols 330
nrows 228
xllcorner -12.000000
yllcorner 34.000000
cellsize 0.166667
NODATA_value -9999
[rows 96 to 143 of 228, columns 96 to 191 of 330]
-9999 -9999 -9999 -9999 -9999 -9999 -9999 -9999 -9999 -9999 -9999 -9999 -9999 -9999 -9999 -9999 -9999 -9999 -9999 -9999 -9999 -9999 -9999 -9999 -9999 -9999 61 62 64 66 67 68 68 67 67 66 66 -9999 -9999 -9999 -9999 -9999 -9999 -9999 -9999 54 -9999 -9999 61 62 63 -9999 -9999 62 62 62 61 61 60 60 60 59 -9999 -9999 -9999 -9999 -9999 -9999 -9999 -9999 -9999 -9999 -9999 -9999 -9999 -9999 -9999 -9999 -9999 -9999 -9999 -9999 -9999 -9999 -9999 -9999 -9999 -9999 -9999 -9999 -9999 -9999 -9999 -9999 -9999 -9999
-9999 -9999 -9999 -9999 -9999 -9999 -9999 -9999 -9999 -9999 -9999 -9999 -9999 -9999 -9999 -9999 -9999 -9999 -9999 -9999 -9999 -9999 -9999 -9999 -9999 58 59 61 63 65 66 67 67 67 66 66 -9999 -9999 -9999 -9999 -9999 -9999 -9999 -9999 50 52 -9999 58 -9999 63 64 -9999 -9999 -9999 61 61 60 60 59 58 57 -9999 -9999 -9999 -9999 -9999 -9999 -9999 -9999 -9999 -9999 -9999 -9999 -9999 -9999 -9999 -9999 -9999 -9999 -9999 -9999 -9999 -9999 -9999 -9999 -9999 -9999 -9999 -9999 -9999 -9999 -9999 -9999 -9999 -9999 -9999
-9999 -9999 -9999 -9999 -9999 -9999 -9999 -9999 -9999 -9999 -9999 -9999 -9999 -9999 -9999 -9999 -9999 -9999 -9999 -9999 -9999 -9999 -9999 -9999 55 -9999 57 59 61 63 65 66 67 66 -9999 -9999 -9999 -9999 -9999 -9999 -9999 -9999 -9999 46 48 51 54 57 60 62 -9999 62 -9999 61 61 60 60 59 58 57 56 55 -9999 -9999 -9999 -9999 -9999 -9999 -9999 -9999 -9999 -9999 -9999 -9999 -9999 -9999 -9999 -9999 -9999 -9999 -9999 -9999 -9999 -9999 -9999 -9999 -9999 -9999 -9999 -9999 -9999 -9999 -9999 -9999 -9999 -9999
-9999 -9999 -9999 -9999 -9999 -9999 -9999 -9999 -9999 -9999 -9999 -9999 -9999 -9999 -9999 -9999 -9999 -9999 -9999 -9999 -9999 -9999 -9999 -9999 -9999 -9999 56 -9999 59 62 64 66 66 -9999 -9999 63 63 64 62 55 -9999 -9999 -9999 45 47 50 53 56 59 -9999 -9999 -9999 -9999 -9999 60 60 59 59 -9999 -9999 56 -9999 -9999 -9999 -9999 -9999 -9999 -9999 -9999 -9999 -9999 -9999 -9999 -9999 -9999 -9999 -9999 -9999 -9999 -9999 -9999 -9999 -9999 -9999 -9999 -9999 -9999 -9999 -9999 -9999 -9999 -9999 -9999 -9999 -9999 -9999
-9999 -9999 -9999 -9999 -9999 -9999 -9999 -9999 -9999 -9999 -9999 -9999 -9999 -9999 -9999 -9999 -9999 -9999 -9999 -9999 -9999 -9999 -9999 -9999 -9999 -9999 -9999 -9999 57 60 64 66 65 64 -9999 61 60 60 58 54 -9999 -9999 -9999 -9999 47 50 53 55 57 59 -9999 -9999 -9999 -9999 -9999 -9999 -9999 -9999 -9999 -9999 -9999 -9999 -9999 -9999 48 -9999 -9999 -9999 -9999 -9999 -9999 -9999 -9999 -9999 -9999 -9999 -9999 -9999 -9999 -9999 -9999 -9999 -9999 -9999 -9999 -9999 -9999 -9999 -9999 -9999 -9999 -9999 -9999 -9999 -9999 -9999
-9999 -9999 -9999 -9999 -9999 -9999 -9999 -9999 -9999 -9999 -9999 -9999 -9999 -9999 -9999 -9999 -9999 -9999 -9999 -9999 -9999 -9999 -9999 -9999 -9999 -9999 -9999 -9999 55 59 62 64 63 -9999 -9999 -9999 -9999 -9999 56 53 -9999 -9999 -9999 -9999 -9999 -9999 -9999 55 57 -9999 -9999 -9999 -9999 -9999 -9999 -9999 -9999 -9999 -9999 -9999 -9999 -9999 -9999 -9999 50 51 52 -9999 -9999 -9999 -9999 -9999 -9999 -9999 -9999 -9999 -9999 -9999 -9999 -9999 -9999 -9999 -9999 -9999 -9999 -9999 -9999 -9999 -9999 -9999 -9999 -9999 -9999 -9999 -9999 -9999
-9999 -9999 -9999 -9999 -9999 -9999 -9999 -9999 -9999 -9999 -9999 -9999 -9999 -9999 -9999 -9999 -9999 -9999 -9999 -9999 -9999 -9999 -9999 -9999 -9999 -9999 -9999 -9999 55 59 61 62 61 -9999 58 54 -9999 -9999 -9999 -9999 52 -9999 50 50 -9999 -9999 -9999 55 -9999 -9999 -9999 -9999 -9999 -9999 -9999 -9999 -9999 -9999 -9999 -9999 -9999 -9999 -9999 -9999 -9999 -9999 -9999 -9999 -9999 -9999 -9999 -9999 -9999 -9999 -9999 -9999 -9999 -9999 -9999 -9999 -9999 -9999 -9999 -9999 -9999 -9999 -9999 -9999 -9999 -9999 -9999 -9999 -9999 -9999 -9999 -9999
-9999 -9999 -9999 -9999 -9999 -9999 -9999 -9999 -9999 -9999 -9999 -9999 -9999 -9999 -9999 -9999 -9999 -9999 -9999 -9999 -9999 -9999 -9999 -9999 -9999 -9999 52 -9999 57 59 61 61 61 60 58 56 -9999 -9999 -9999 -9999 -9999 -9999 52 52 53 54 55 56 -9999 -9999 -9999 -9999 -9999 -9999 -9999 -9999 -9999 -9999 -9999 -9999 -9999 -9999 -9999 -9999 -9999 -9999 -9999 -9999 -9999 -9999 -9999 -9999 -9999 -9999 -9999 -9999 -9999 -9999 -9999 -9999 65 64 63 63 62 62 -9999 -9999 -9999 -9999 -9999 -9999 -9999 -9999 -9999 -9999
-9999 -9999 -9999 -9999 -9999 -9999 -9999 -9999 -9999 -9999 -9999 -9999 -9999 -9999 -9999 -9999 -9999 -9999 -9999 -9999 -9999 -9999 -9999 -9999 -9999 -9999 -9999 -9999 -9999 61 63 64 64 63 -9999 59 -9999 -9999 -9999 -9999 -9999 -9999 -9999 -9999 -9999 -9999 -9999 -9999 -9999 -9999 -9999 -9999 -9999 -9999 -9999 62 -9999 61 -9999 -9999 -9999 -9999 -9999 -9999 -9999 -9999 -9999 -9999 -9999 -9999 -9999 -9999 -9999 -9999 -9999 -9999 -9999 66 66 66 65 65 65 64 63 63 62 -9999 -9999 -9999 -9999 -9999 -9999 -9999 -9999 -9999
-9999 -9999 -9999 -9999 -9999 -9999 -9999 -9999 -9999 -9999 -9999 -9999 -9999 -9999 -9999 -9999 -9999 -9999 -9999 -9999 -9999 -9999 -9999 -9999 -9999 -9999 -9999 -9999 -9999 65 66 66 67 66 65 64 63 63 -9999 -9999 -9999 -9999 -9999 58 -9999 -9999 -9999 -9999 -9999 -9999 -9999 61 -9999 -9999 -9999 63 63 -9999 -9999 -9999 -9999 -9999 -9999 -9999 -9999 -9999 -9999 -9999 -9999 -9999 -9999 -9999 -9999 -9999 68 68 67 67 67 67 67 66 66 65 64 64 64 64 -9999 -9999 -9999 -9999 -9999 -9999 69 70
-9999 -9999 -9999 -9999 -9999 -9999 -9999 -9999 -9999 -9999 -9999 -9999 -9999 -9999 -9999 -9999 -9999 -9999 -9999 -9999 -9999 -9999 -9999 -9999 -9999 -9999 -9999 -9999 -9999 68 69 69 69 69 68 67 67 66 66 65 65 64 -9999 -9999 -9999 -9999 -9999 -9999 -9999 60 61 62 63 63 64 -9999 -9999 -9999 -9999 -9999 -9999 -9999 -9999 -9999 -9999 -9999 -9999 -9999 -9999 -9999 -9999 -9999 69 69 69 69 69 69 68 68 68 68 67 67 66 66 66 66 66 66 67 68 68 69 70 71
-9999 -9999 -9999 -9999 -9999 -9999 -9999 -9999 -9999 -9999 -9999 -9999 -9999 -9999 -9999 -9999 -9999 -9999 -9999 -9999 -9999 -9999 -9999 -9999 -9999 -9999 -9999 -9999 -9999 -9999 72 72 72 72 71 71 70 70 70 70 -9999 -9999 -9999 -9999 -9999 -9999 62 61 61 61 62 63 64 65 65 66 66 66 66 -9999 -9999 -9999 -9999 -9999 -9999 -9999 68 68 68 68 69 69 70 70 70 70 70 70 69 69 69 69 69 69 69 68 68 68 69 69 69 70 70 71 71 72
-9999 -9999 -9999 -9999 -9999 -9999 -9999 -9999 -9999 -9999 -9999 -9999 -9999 -9999 -9999 -9999 -9999 -9999 -9999 -9999 -9999 -9999 -9999 -9999 -9999 -9999 -9999 -9999 -9999 -9999 75 75 75 75 74 74 74 74 74 74 73 -9999 69 68 -9999 65 64 64 63 64 64 65 66 66 67 67 68 68 68 -9999 69 -9999 70 70 70 70 70 70 70 70 70 71 71 71 71 71 71 71 71 71 71 71 71 71 71 71 71 71 71 71 71 72 72 72 73 73
-9999 -9999 -9999 -9999 -9999 -9999 -9999 -9999 -9999 -9999 -9999 -9999 -9999 -9999 -9999 -9999 -9999 -9999 -9999 -9999 -9999 -9999 -9999 -9999 -9999 -9999 -9999 74 77 77 77 77 -9999 77 77 77 77 77 77 77 -9999 74 72 70 69 68 67 66 66 66 66 67 68 68 68 69 69 70 70 71 -9999 72 -9999 73 72 72 72 71 71 71 71 71 72 72 72 72 72 72 72 73 73 73 73 73 73 73 73 73 73 74 73 73 74 74 74 75
-9999 -9999 -9999 -9999 -9999 -9999 -9999 -9999 -9999 -9999 -9999 -9999 -9999 -9999 -9999 -9999 -9999 -9999 -9999 56 57 58 60 62 65 70 -9999 76 78 78 79 79 79 -9999 80 80 80 80 80 80 78 76 75 73 71 70 69 68 68 68 68 69 69 70 70 71 71 71 72 72 73 74 74 -9999 75 74 73 73 73 73 73 73 73 73 73 74 74 74 74 74 74 75 75 75 75 76 76 76 76 76 75 75 75 75 76 75
-9999 -9999 -9999 -9999 -9999 -9999 -9999 -9999 56 -9999 -9999 -9999 -9999 -9999 -9999 67 66 -9999 64 63 63 64 65 67 69 -9999 74 77 78 79 80 80 81 81 82 82 83 84 83 82 80 79 77 75 74 72 71 71 70 70 70 71 -9999 71 72 72 72 73 73 74 74 75 76 77 77 76 75 74 74 74 74 74 74 74 75 75 75 75 76 76 76 76 77 77 78 78 78 79 78 78 78 77 77 77 77 77
-9999 -9999 -9999 -9999 -9999 51 -9999 -9999 -9999 61 63 65 67 69 71 72 71 70 70 69 68 69 70 71 73 75 76 78 78 80 80 81 82 83 83 84 85 85 86 84 82 80 78 77 75 74 73 73 72 72 72 73 73 73 74 74 74 74 75 75 76 77 77 78 77 77 76 76 75 75 75 75 75 75 76 76 77 77 77 78 78 78 78 79 79 80 81 81 80 80 79 79 79 78 78 78
-9999 -9999 -9999 -9999 50 -9999 -9999 -9999 60 63 65 67 69 72 74 76 75 74 73 72 72 73 74 75 76 77 78 79 79 80 81 82 83 84 85 85 85 85 85 84 82 80 80 78 77 76 75 75 74 74 74 75 75 75 76 76 76 76 76 77 77 78 78 78 77 77 77 76 76 76 76 76 76 77 77 78 78 78 79 79 80 80 80 81 81 82 83 83 82 82 81 80 80 79 79 79
-9999 -9999 -9999 -9999 51 -9999 -9999 -9999 63 65 67 69 72 74 76 77 77 76 75 75 75 76 76 77 78 79 79 79 79 80 81 82 83 84 85 85 85 85 85 84 82 81 80 79 78 77 77 76 76 76 76 77 77 77 78 78 78 78 78 78 78 78 78 78 78 78 77 77 77 77 77 77 78 78 79 79 79 80 80 80 81 81 82 82 83 83 84 84 84 83 82 81 81 80 80 80
-9999 -9999 -9999 -9999 54 56 60 63 -9999 -9999 69 71 73 75 76 77 77 77 77 77 77 78 79 79 79 80 80 80 80 80 81 82 83 83 84 85 85 84 84 83 82 81 81 80 79 78 78 78 77 78 78 78 79 79 79 80 79 79 78 78 79 79 79 78 78 78 77 78 78 78 78 78 78 79 80 80 81 81 81 82 82 82 82 83 83 84 84 84 84 84 83 82 82 81 81 81
-9999 -9999 -9999 -9999 58 61 -9999 -9999 -9999 71 72 73 74 76 77 78 78 78 78 78 78 78 78 78 79 79 80 80 80 80 80 81 82 82 83 84 84 84 83 83 82 81 80 80 79 79 79 79 79 79 79 80 80 81 81 81 80 80 79 79 79 79 79 79 79 79 78 78 78 78 78 79 79 80 80 81 82 82 83 83 83 83 83 84 84 84 85 85 84 84 84 83 83 82 82 81
-9999 -9999 -9999 60 62 64 -9999 71 71 72 73 74 75 76 77 78 78 78 78 78 77 77 77 77 77 78 78 79 79 79 80 80 81 82 82 83 83 83 83 82 81 81 81 80 80 79 79 79 80 80 80 81 81 82 83 82 81 81 80 80 79 79 79 79 78 78 77 77 77 78 78 79 79 80 81 82 83 83 84 84 84 84 84 84 85 85 85 85 85 84 84 83 83 83 82 82
-9999 -9999 -9999 62 65 68 71 73 74 74 74 75 76 76 77 77 78 78 78 77 77 76 75 75 74 75 76 77 78 78 79 78 79 81 82 83 83 83 82 82 80 80 80 79 80 80 80 80 80 80 80 81 82 82 83 82 82 81 80 80 79 79 79 79 79 78 78 77 77 78 78 79 80 81 82 83 84 84 85 85 85 85 85 85 85 85 85 85 85 84 84 83 83 83 83 83
-9999 60 62 65 68 71 74 76 76 76 76 76 76 77 77 77 77 77 77 76 76 76 75 75 74 75 75 76 76 76 76 78 80 80 81 81 82 82 81 81 80 80 80 80 80 80 81 80 80 80 80 80 81 82 82 82 81 81 80 80 80 79 79 78 79 79 78 78 78 78 79 80 81 82 83 84 85 85 85 86 86 86 86 86 86 85 85 85 85 84 84 84 84 83 83 83
59 -9999 -9999 67 70 72 75 76 76 76 76 77 77 77 76 76 76 76 76 76 76 76 75 75 75 75 75 75 74 75 76 77 79 80 80 82 82 79 78 78 79 80 80 80 80 81 81 81 81 81 81 81 81 81 81 81 80 80 80 80 80 79 79 79 79 79 78 78 78 78 79 80 82 83 83 84 85 86 86 86 86 86 86 86 86 85 85 85 85 84 84 84 83 83 83 82
61 -9999 66 69 71 73 75 75 76 76 76 77 77 77 77 76 76 76 76 77 77 76 76 75 74 75 75 75 74 73 75 77 78 78 81 83 83 80 75 72 74 76 79 80 80 81 81 81 81 81 81 81 81 81 81 81 80 79 79 79 79 79 79 79 79 79 78 78 78 79 80 81 82 83 84 85 86 87 87 87 87 86 86 86 86 86 85 85 85 84 84 83 83 82 82 82
63 66 69 71 72 74 74 75 75 75 76 77 77 78 77 78 77 77 77 77 77 77 76 75 74 74 73 72 72 72 75 77 78 80 82 84 84 83 80 79 78 77 77 78 79 80 81 81 81 81 81 81 81 81 81 80 79 79 79 78 78 78 79 78 79 79 78 79 79 79 80 81 82 84 85 86 87 88 88 88 88 87 87 86 86 86 85 85 85 84 83 83 83 83 83 83
66 69 71 73 74 74 75 74 74 75 76 77 77 78 78 79 80 77 77 77 76 76 74 73 72 70 69 69 70 73 75 76 78 80 82 84 84 83 81 81 81 82 81 82 81 81 82 82 82 81 81 81 80 80 79 80 79 79 78 78 78 78 79 79 79 79 79 79 80 80 81 82 83 84 86 87 88 89 89 88 88 87 87 86 86 86 85 85 84 84 84 83 83 83 83 83
69 72 74 75 76 76 76 75 75 75 76 77 77 78 79 80 82 79 77 76 74 73 72 71 70 69 66 66 70 73 75 76 78 80 81 84 85 83 84 83 83 83 83 83 82 82 82 82 82 82 81 81 80 79 79 79 78 78 77 76 76 77 78 79 79 79 80 79 80 80 81 82 84 85 87 88 89 90 89 89 88 88 87 87 86 86 85 85 84 84 84 83 83 83 83 83
73 75 77 78 78 78 77 77 76 76 77 77 77 77 78 80 82 82 81 78 76 74 72 72 70 68 67 69 73 74 76 79 80 81 83 85 86 86 86 86 85 85 85 83 83 82 82 81 81 81 81 80 79 78 77 76 76 76 77 75 74 74 76 76 78 79 80 79 79 80 80 81 83 85 87 88 90 91 91 90 89 89 88 87 87 86 85 85 84 84 83 83 83 83 83 84
76 79 80 80 80 79 79 78 77 77 77 76 76 76 78 79 81 83 84 82 79 77 74 74 73 70 71 74 77 78 78 80 80 82 85 86 88 88 87 87 86 86 84 83 82 82 81 81 81 80 80 80 78 77 76 74 73 72 73 74 74 75 75 75 78 79 78 74 74 77 79 78 80 84 86 88 89 90 90 90 90 89 88 88 87 86 85 85 84 83 83 83 84 84 84 84
79 82 83 82 81 80 79 78 77 77 76 74 73 73 74 77 79 81 83 82 80 78 77 74 72 74 74 77 80 80 81 81 82 84 86 88 89 89 89 86 85 85 84 84 83 83 81 80 81 80 80 79 77 76 74 73 70 68 68 70 72 76 77 78 79 78 77 73 71 67 69 75 79 79 82 86 88 89 90 90 89 89 89 88 88 87 86 85 84 83 83 83 83 84 85 85
81 82 83 82 81 80 79 78 77 76 74 72 69 67 70 72 74 76 79 80 78 77 76 74 74 76 79 80 82 82 82 81 83 85 86 89 91 91 90 89 86 84 83 82 83 81 80 79 80 80 79 77 76 73 72 69 70 73 75 74 76 78 79 81 81 81 82 80 79 78 77 79 79 80 82 82 87 88 88 89 89 89 89 89 88 87 87 86 85 85 84 84 84 84 85 85
82 83 83 83 82 81 79 78 77 76 73 70 68 67 67 69 71 72 72 76 80 80 77 79 80 79 79 80 84 85 84 84 85 86 88 91 92 92 91 90 89 87 84 83 81 79 79 78 80 79 76 72 71 69 72 75 78 78 78 78 81 83 84 84 84 85 84 84 83 82 82 83 83 81 79 85 85 85 88 89 88 88 89 89 89 88 87 87 86 86 86 86 85 85 85 86
82 83 83 82 82 81 80 79 77 74 71 70 69 69 68 69 70 71 72 76 78 79 79 78 79 79 78 82 86 87 87 86 86 87 89 91 92 92 92 91 90 90 88 87 84 80 79 79 79 79 80 79 79 79 75 77 80 80 79 80 84 86 88 88 87 87 87 86 86 86 86 86 86 83 78 81 81 78 81 83 84 87 88 88 89 89 89 88 88 88 88 88 87 86 86 87
83 83 83 83 83 81 81 79 75 75 73 72 71 71 71 71 72 74 76 75 75 76 80 79 80 81 83 87 88 88 88 87 87 87 89 90 91 91 91 91 90 90 88 87 86 84 80 78 80 82 84 80 77 77 77 79 80 80 81 83 85 88 90 89 88 89 88 88 87 87 87 87 87 86 84 82 81 82 80 76 82 85 88 88 89 90 89 89 89 89 90 90 90 89 90 90
84 84 83 83 82 81 80 78 76 75 74 74 74 75 75 75 76 79 79 75 78 78 81 85 84 84 86 89 89 89 89 87 87 87 88 88 89 90 90 90 90 90 87 87 85 84 82 81 80 82 81 80 80 80 80 81 83 84 84 86 88 89 91 89 88 87 86 87 88 86 86 87 86 86 85 85 84 87 85 82 83 85 87 88 89 90 91 91 91 91 91 91 91 91 92 92
86 86 85 85 85 83 82 80 79 77 77 77 77 77 78 80 81 82 83 84 83 84 85 84 84 85 87 88 87 88 87 88 87 87 86 86 87 88 88 89 90 90 89 87 85 84 83 83 82 82 80 81 83 83 84 85 86 85 84 85 88 90 91 90 88 88 87 86 85 85 83 82 82 83 84 85 86 88 89 88 84 85 86 88 90 91 91 91 91 89 89 91 89 91 91 91
88 88 88 87 86 85 84 83 81 80 79 79 79 80 82 83 83 85 88 89 87 87 85 83 84 86 87 87 86 86 86 87 87 87 86 86 86 86 87 88 89 90 90 88 86 85 84 83 83 82 82 82 84 85 86 87 87 87 85 87 89 91 90 89 89 87 87 87 86 86 85 83 82 83 84 86 85 86 89 90 89 87 89 90 90 89 88 87 90 88 89 87 87 86 91 92
90 90 89 89 87 86 84 84 83 82 80 80 81 83 84 86 87 86 86 87 88 88 87 84 84 87 87 86 86 87 87 88 88 87 86 85 85 85 86 86 88 89 90 88 86 84 84 84 84 84 83 83 83 86 86 88 88 88 89 90 92 92 91 91 90 88 87 87 86 86 86 85 85 86 86 87 85 86 90 91 91 91 89 90 89 87 87 89 91 90 88 88 90 93 92 93
92 91 90 89 89 87 85 84 83 83 83 82 83 85 86 88 88 86 83 84 86 87 86 86 86 87 87 87 87 87 88 89 89 87 86 85 85 85 85 85 87 88 89 88 87 84 84 84 84 85 85 86 87 86 85 85 87 90 91 92 93 93 93 93 92 90 89 87 87 86 87 87 87 87 88 89 88 89 90 90 91 92 91 90 89 89 90 94 95 92 89 91 93 88 78 78
92 92 91 90 89 88 86 85 84 83 84 83 84 85 86 87 87 85 83 83 85 86 87 87 88 88 88 87 87 88 89 89 88 86 86 85 85 84 85 85 86 88 87 87 86 85 84 84 85 85 85 86 86 87 85 85 84 85 88 91 93 95 95 93 94 92 90 88 90 89 89 89 89 90 90 91 91 91 91 90 93 93 92 91 91 94 95 94 90 96 94 93 95 95 92 90
93 93 92 91 90 89 87 85 84 84 84 84 85 86 86 87 87 86 84 84 85 86 87 88 88 89 88 88 88 88 88 88 88 86 85 85 84 84 85 86 85 87 86 86 86 86 86 86 86 87 88 89 90 89 89 90 88 87 88 89 90 93 95 94 94 94 91 91 91 91 91 91 92 92 93 92 92 92 93 93 93 91 91 92 95 94 92 93 95 96 88 89 86 84 87 88
93 93 92 92 91 90 88 86 84 85 85 85 85 86 87 87 87 86 85 84 85 86 87 88 89 87 86 87 88 88 87 87 87 86 86 84 83 83 84 85 85 86 87 87 88 88 87 87 86 87 88 90 92 94 95 95 97 95 92 91 92 93 94 94 93 93 92 92 91 92 92 93 94 94 94 93 93 94 94 93 92 92 95 95 94 98 96 99 96 92 97 101 95 97 96 92
94 93 93 92 -9999 90 88 86 85 84 85 86 86 87 88 88 87 86 83 81 85 86 87 88 87 84 87 89 89 89 87 87 86 84 84 83 84 85 85 85 85 85 86 87 87 87 87 87 88 88 89 90 92 94 97 98 100 100 96 97 95 93 95 92 90 91 92 92 92 93 94 95 94 94 93 94 94 95 95 94 94 94 97 96 97 98 98 94 99 100 103 103 98 95 97 100
94 93 93 92 91 90 88 86 85 84 85 85 87 88 88 88 87 85 81 80 83 86 87 87 86 86 89 90 90 90 88 86 85 84 84 84 85 85 85 85 84 84 85 85 86 88 88 89 89 89 89 90 93 95 97 100 102 101 100 100 100 96 97 96 94 91 90 91 93 96 97 96 96 95 95 95 95 96 95 92 95 97 97 97 98 97 98 96 98 97 100 96 99 102 104 103
94 93 92 91 90 88 88 86 84 84 85 87 89 89 90 89 86 85 81 81 86 86 86 85 86 87 90 92 92 91 89 87 85 85 85 85 86 86 85 85 84 84 84 86 87 89 90 90 90 91 91 92 95 97 99 101 101 102 102 103 103 103 102 101 100 97 96 97 97 97 97 97 96 95 96 96 96 96 94 96 97 97 98 98 99 99 99 100 99 100 99 99 101 102 102 102
92 91 90 89 89 89 87 84 83 84 85 88 90 91 89 88 83 78 77 83 86 86 85 84 80 81 88 92 93 91 88 86 85 85 85 86 87 87 86 85 85 84 85 86 87 89 91 92 92 93 93 94 96 98 99 99 100 101 103 103 103 103 102 101 101 100 100 99 97 96 94 93 94 95 97 97 96 96 97 97 97 98 98 99 99 99 98 99 98 98 98 99 100 100 100 100
