resultados/variables/bio2.asc
ncols 330
nrows 228
xllcorner -12.000000
yllcorner 34.000000
cellsize 0.166667
NODATA_value -9999
[rows 0 to 47 of 228, columns 192 to 287 of 330]
-9999 -9999 -9999 -9999 -9999 -9999 -9999 -9999 -9999 -9999 -9999 -9999 -9999 -9999 -9999 -9999 -9999 -9999 -9999 -9999 -9999 -9999 -9999 -9999 -9999 -9999 -9999 -9999 -9999 -9999 -9999 -9999 -9999 -9999 -9999 -9999 -9999 -9999 -9999 -9999 -9999 -9999 -9999 -9999 -9999 -9999 -9999 -9999 -9999 -9999 -9999 -9999 -9999 -9999 -9999 -9999 -9999 -9999 -9999 -9999 -9999 -9999 -9999 -9999 -9999 -9999 -9999 -9999 -9999 -9999 -9999 -9999 -9999 -9999 -9999 -9999 -9999 -9999 -9999 -9999 -9999 -9999 -9999 -9999 -9999 -9999 -9999 -9999 -9999 -9999 -9999 -9999 -9999 -9999 -9999 -9999
-9999 -9999 -9999 -9999 -9999 -9999 -9999 -9999 -9999 -9999 -9999 -9999 -9999 -9999 -9999 -9999 -9999 -9999 -9999 -9999 -9999 -9999 -9999 -9999 -9999 -9999 -9999 -9999 -9999 -9999 -9999 -9999 -9999 -9999 -9999 -9999 -9999 -9999 -9999 -9999 -9999 -9999 -9999 -9999 -9999 -9999 -9999 -9999 -9999 -9999 -9999 -9999 -9999 -9999 -9999 -9999 -9999 -9999 -9999 -9999 -9999 -9999 -9999 -9999 -9999 -9999 -9999 -9999 -9999 -9999 -9999 -9999 -9999 -9999 -9999 -9999 -9999 -9999 -9999 -9999 -9999 -9999 -9999 -9999 -9999 -9999 -9999 -9999 -9999 -9999 -9999 -9999 -9999 -9999 -9999 -9999
-9999 -9999 -9999 -9999 -9999 -9999 -9999 -9999 -9999 -9999 -9999 -9999 -9999 -9999 -9999 -9999 -9999 -9999 -9999 -9999 -9999 -9999 -9999 -9999 -9999 -9999 -9999 -9999 -9999 -9999 -9999 -9999 -9999 -9999 -9999 -9999 -9999 -9999 -9999 -9999 -9999 -9999 -9999 -9999 -9999 -9999 -9999 -9999 -9999 -9999 -9999 -9999 -9999 -9999 -9999 -9999 -9999 -9999 -9999 -9999 -9999 -9999 -9999 -9999 -9999 -9999 -9999 -9999 -9999 -9999 -9999 -9999 -9999 -9999 -9999 -9999 -9999 -9999 -9999 -9999 -9999 -9999 -9999 -9999 -9999 -9999 -9999 -9999 -9999 -9999 -9999 -9999 -9999 -9999 -9999 -9999
-9999 -9999 -9999 -9999 -9999 -9999 -9999 -9999 -9999 -9999 -9999 -9999 -9999 -9999 -9999 -9999 -9999 -9999 -9999 -9999 -9999 -9999 -9999 -9999 -9999 -9999 -9999 -9999 -9999 -9999 -9999 -9999 -9999 -9999 -9999 -9999 -9999 -9999 -9999 -9999 -9999 -9999 -9999 -9999 -9999 -9999 -9999 -9999 -9999 -9999 -9999 -9999 -9999 -9999 -9999 -9999 -9999 -9999 -9999 -9999 -9999 -9999 -9999 -9999 -9999 -9999 -9999 -9999 -9999 -9999 -9999 -9999 -9999 -9999 -9999 -9999 -9999 -9999 -9999 -9999 -9999 -9999 -9999 -9999 -9999 -9999 -9999 -9999 -9999 -9999 -9999 -9999 -9999 -9999 -9999 -9999
-9999 -9999 -9999 -9999 -9999 -9999 -9999 -9999 -9999 -9999 -9999 -9999 -9999 -9999 -9999 -9999 -9999 -9999 -9999 -9999 -9999 -9999 -9999 -9999 -9999 -9999 -9999 -9999 -9999 -9999 -9999 -9999 -9999 -9999 -9999 -9999 -9999 -9999 -9999 -9999 -9999 -9999 -9999 -9999 -9999 -9999 -9999 -9999 -9999 -9999 -9999 -9999 -9999 -9999 -9999 -9999 -9999 -9999 -9999 -9999 -9999 -9999 -9999 -9999 -9999 -9999 -9999 -9999 -9999 -9999 -9999 -9999 -9999 -9999 -9999 -9999 -9999 -9999 -9999 -9999 -9999 -9999 -9999 -9999 -9999 -9999 -9999 -9999 -9999 -9999 -9999 -9999 -9999 -9999 -9999 -9999
-9999 -9999 -9999 -9999 -9999 -9999 -9999 -9999 -9999 -9999 -9999 -9999 -9999 -9999 -9999 -9999 -9999 -9999 -9999 -9999 -9999 -9999 -9999 -9999 -9999 -9999 -9999 -9999 80 -9999 -9999 -9999 -9999 81 80 -9999 -9999 -9999 -9999 -9999 -9999 -9999 -9999 -9999 -9999 71 -9999 -9999 -9999 -9999 -9999 -9999 -9999 -9999 -9999 -9999 -9999 -9999 -9999 -9999 -9999 -9999 -9999 -9999 -9999 -9999 -9999 -9999 -9999 -9999 -9999 -9999 -9999 -9999 -9999 -9999 -9999 -9999 -9999 -9999 -9999 -9999 -9999 -9999 -9999 -9999 -9999 -9999 -9999 -9999 -9999 -9999 -9999 -9999 -9999 -9999
-9999 -9999 -9999 -9999 -9999 -9999 -9999 -9999 -9999 -9999 -9999 -9999 -9999 -9999 -9999 -9999 -9999 -9999 -9999 -9999 -9999 -9999 -9999 -9999 -9999 -9999 -9999 -9999 82 -9999 82 -9999 82 -9999 -9999 -9999 -9999 -9999 -9999 79 -9999 -9999 -9999 -9999 73 72 71 70 69 -9999 -9999 -9999 -9999 -9999 -9999 -9999 -9999 -9999 -9999 -9999 -9999 -9999 -9999 -9999 -9999 -9999 -9999 -9999 -9999 -9999 -9999 -9999 -9999 -9999 -9999 -9999 -9999 -9999 -9999 -9999 -9999 -9999 -9999 -9999 -9999 -9999 -9999 -9999 -9999 -9999 -9999 -9999 -9999 -9999 -9999 -9999
-9999 -9999 -9999 -9999 -9999 -9999 -9999 -9999 -9999 -9999 -9999 -9999 -9999 -9999 -9999 -9999 -9999 -9999 -9999 78 -9999 -9999 -9999 -9999 -9999 -9999 -9999 82 83 83 84 84 83 83 -9999 -9999 -9999 81 81 -9999 -9999 -9999 -9999 -9999 74 73 72 71 -9999 -9999 -9999 66 64 63 61 60 -9999 -9999 -9999 -9999 -9999 -9999 -9999 -9999 -9999 -9999 -9999 -9999 -9999 -9999 -9999 -9999 -9999 -9999 -9999 -9999 -9999 -9999 -9999 -9999 -9999 -9999 -9999 -9999 -9999 -9999 -9999 -9999 -9999 -9999 -9999 -9999 -9999 -9999 -9999 -9999
-9999 -9999 -9999 -9999 -9999 -9999 -9999 -9999 -9999 -9999 -9999 -9999 -9999 -9999 75 76 76 77 -9999 -9999 -9999 -9999 81 82 -9999 83 84 84 84 85 85 -9999 -9999 -9999 -9999 -9999 83 83 82 -9999 -9999 -9999 78 77 76 74 73 72 -9999 -9999 -9999 67 65 64 62 61 60 58 56 55 53 -9999 -9999 -9999 -9999 -9999 -9999 -9999 -9999 -9999 -9999 -9999 -9999 -9999 -9999 -9999 -9999 -9999 -9999 -9999 -9999 -9999 -9999 -9999 -9999 -9999 -9999 -9999 -9999 -9999 -9999 -9999 -9999 -9999 -9999 -9999
-9999 -9999 -9999 -9999 -9999 -9999 -9999 -9999 -9999 -9999 -9999 -9999 -9999 -9999 -9999 -9999 -9999 -9999 79 -9999 81 -9999 82 83 84 84 85 85 86 86 -9999 -9999 -9999 -9999 86 85 85 84 83 -9999 -9999 80 79 78 77 75 74 73 71 -9999 69 67 66 65 63 62 60 59 57 56 54 52 51 49 47 -9999 -9999 -9999 -9999 -9999 -9999 -9999 -9999 -9999 -9999 -9999 -9999 -9999 -9999 -9999 -9999 -9999 -9999 -9999 -9999 -9999 -9999 -9999 -9999 -9999 -9999 -9999 -9999 -9999 -9999 -9999
-9999 -9999 -9999 -9999 -9999 -9999 -9999 -9999 -9999 -9999 -9999 74 -9999 -9999 -9999 -9999 -9999 -9999 -9999 -9999 -9999 83 83 84 85 85 86 87 87 87 -9999 -9999 -9999 88 87 87 86 85 84 83 82 81 80 79 78 76 75 74 72 71 69 68 67 65 64 62 61 60 58 57 55 53 51 -9999 -9999 -9999 -9999 -9999 -9999 -9999 -9999 -9999 -9999 -9999 -9999 -9999 -9999 -9999 -9999 -9999 -9999 -9999 -9999 -9999 -9999 -9999 -9999 -9999 -9999 -9999 -9999 -9999 -9999 -9999 -9999 -9999
-9999 -9999 64 66 67 -9999 -9999 -9999 -9999 -9999 74 -9999 76 77 78 -9999 -9999 80 -9999 82 83 84 84 85 86 86 87 88 88 -9999 -9999 89 89 89 89 88 87 86 85 84 83 82 81 80 78 77 76 75 73 72 70 69 -9999 -9999 -9999 -9999 -9999 -9999 59 57 -9999 -9999 -9999 -9999 -9999 -9999 -9999 -9999 -9999 -9999 -9999 -9999 -9999 -9999 -9999 -9999 -9999 -9999 -9999 -9999 -9999 -9999 -9999 -9999 -9999 -9999 -9999 -9999 -9999 -9999 -9999 -9999 -9999 -9999 -9999 -9999
-9999 64 -9999 -9999 -9999 -9999 -9999 -9999 73 -9999 -9999 -9999 77 78 79 80 81 81 82 83 84 84 85 86 87 87 88 88 89 90 90 90 91 91 90 89 88 88 87 86 84 83 82 81 80 78 77 76 74 73 72 70 69 -9999 66 64 63 -9999 -9999 -9999 -9999 -9999 -9999 -9999 -9999 -9999 -9999 -9999 -9999 -9999 -9999 -9999 51 -9999 -9999 -9999 -9999 -9999 -9999 -9999 -9999 -9999 -9999 -9999 -9999 -9999 -9999 -9999 -9999 -9999 -9999 -9999 -9999 -9999 -9999 -9999
64 65 -9999 68 69 70 71 73 74 75 76 77 -9999 79 80 81 82 82 83 84 85 85 86 87 87 88 89 90 90 91 92 92 92 92 92 91 90 89 88 87 85 84 83 82 80 79 78 77 75 74 73 71 70 68 67 65 64 63 -9999 -9999 -9999 57 -9999 55 54 53 53 -9999 -9999 -9999 52 53 53 53 53 54 54 55 -9999 -9999 -9999 -9999 -9999 -9999 -9999 -9999 -9999 -9999 -9999 -9999 -9999 -9999 -9999 -9999 -9999 -9999
-9999 -9999 -9999 69 70 72 73 74 75 76 77 78 79 80 81 82 83 83 84 85 85 86 87 88 88 89 90 90 91 92 93 93 94 94 93 92 91 90 89 87 86 85 84 83 81 80 79 78 76 75 73 72 71 69 68 67 65 64 63 61 60 58 57 56 56 55 54 -9999 54 54 54 54 -9999 -9999 -9999 -9999 -9999 -9999 -9999 -9999 -9999 -9999 -9999 -9999 -9999 -9999 -9999 -9999 -9999 -9999 -9999 -9999 -9999 -9999 -9999 -9999
66 -9999 69 70 72 73 74 75 76 77 78 79 80 81 82 83 83 84 85 86 86 87 88 88 89 90 90 91 92 92 93 94 94 94 94 93 92 90 89 88 87 86 85 83 82 81 -9999 -9999 77 76 74 73 -9999 70 69 68 66 65 64 62 61 60 59 58 57 57 56 56 56 56 56 56 56 -9999 56 57 57 57 -9999 -9999 -9999 -9999 -9999 -9999 -9999 -9999 -9999 -9999 -9999 -9999 -9999 -9999 -9999 -9999 -9999 -9999
68 69 70 72 73 74 75 76 77 78 79 80 81 82 83 84 84 85 86 86 87 87 88 89 89 90 91 91 92 93 93 94 94 94 94 93 92 91 90 89 88 87 85 84 83 82 81 79 -9999 77 75 74 73 72 70 69 68 66 65 64 63 62 61 60 59 59 58 58 58 57 57 58 58 58 58 58 58 58 58 -9999 -9999 -9999 59 60 60 60 60 -9999 -9999 -9999 -9999 -9999 -9999 -9999 -9999 -9999
69 71 72 73 74 75 76 77 78 79 80 81 82 83 84 84 85 86 86 87 87 88 89 89 90 90 91 92 92 93 94 94 94 94 94 93 92 91 91 89 88 87 86 85 84 83 -9999 -9999 -9999 78 76 75 74 73 71 70 69 68 67 66 64 64 63 62 61 61 60 60 60 59 59 59 59 59 59 60 59 59 59 -9999 -9999 60 60 61 61 61 61 61 61 62 62 62 62 62 -9999 63
71 72 73 74 75 76 77 78 79 80 81 82 83 84 85 85 86 86 87 87 88 88 89 90 90 91 91 92 92 93 94 94 94 94 94 93 93 92 91 90 89 88 -9999 86 -9999 83 -9999 81 -9999 78 77 76 75 74 73 71 70 69 68 67 66 65 64 64 63 63 62 62 61 61 61 61 61 61 61 61 61 61 61 61 61 61 62 62 62 62 62 62 62 62 63 63 63 63 63 63
72 73 74 75 76 77 78 79 80 81 82 83 84 85 85 86 87 87 87 88 88 89 89 90 90 91 91 92 92 93 93 94 94 94 94 93 93 92 91 90 89 88 87 86 85 84 83 82 81 79 78 77 76 75 74 73 71 70 69 68 68 67 66 65 65 64 64 64 63 63 63 63 63 63 63 63 63 63 62 63 63 63 63 63 63 63 63 63 63 63 63 63 63 63 64 64
74 75 76 77 77 78 79 80 81 82 83 84 84 85 86 87 87 87 88 88 89 89 89 90 90 91 91 92 92 93 93 93 94 94 93 93 93 92 91 91 90 89 88 87 86 85 84 83 81 80 79 78 77 76 75 74 73 72 71 70 69 68 68 67 66 66 -9999 -9999 -9999 65 65 65 65 65 65 65 65 64 64 64 64 64 64 64 64 64 64 64 64 64 64 64 -9999 64 64 64
75 76 77 78 79 79 80 81 82 83 83 84 85 86 87 87 88 88 88 88 89 89 89 90 90 91 91 92 92 92 93 93 93 93 93 93 93 92 92 91 90 89 88 87 86 85 84 83 82 81 80 79 78 77 76 75 74 73 72 71 71 70 69 69 68 -9999 -9999 67 67 67 67 67 67 67 67 67 67 66 66 66 66 65 65 65 65 65 65 65 65 65 65 65 65 65 65 65
77 77 78 79 80 81 81 82 83 83 84 85 86 86 87 87 88 88 88 88 89 89 89 90 90 91 91 91 92 92 92 93 93 93 93 93 93 92 92 91 90 90 89 88 87 86 85 84 83 82 81 80 79 78 77 76 75 74 73 73 72 71 71 70 70 70 69 69 69 69 69 69 69 69 69 69 68 68 68 67 67 67 67 67 66 66 66 66 66 65 65 65 65 65 65 66
78 79 80 80 81 81 82 83 83 84 85 85 86 87 87 87 88 88 88 88 89 89 89 90 90 90 91 91 91 92 92 92 93 93 93 93 92 92 92 -9999 -9999 90 89 88 -9999 87 85 84 84 83 82 81 80 79 78 77 76 75 74 74 73 73 72 72 71 71 71 71 71 71 71 71 71 71 71 71 70 70 69 69 69 68 68 68 67 67 67 67 66 66 66 -9999 66 66 66 66
80 80 81 81 82 82 83 84 84 85 85 86 86 87 87 87 88 88 88 88 88 89 89 89 -9999 90 90 90 91 91 92 92 92 92 92 92 92 92 92 92 91 90 90 89 -9999 -9999 -9999 85 84 83 82 81 80 80 79 78 77 76 76 75 74 74 73 73 73 73 73 73 73 73 73 73 73 73 73 72 72 72 71 -9999 70 70 69 69 68 68 68 68 67 67 67 67 66 66 66 -9999
81 82 82 83 83 83 84 84 85 85 86 86 86 87 87 87 88 88 88 88 88 88 89 89 89 89 90 90 90 91 91 91 92 92 92 92 92 92 92 92 91 91 90 89 88 87 86 86 85 84 83 82 81 80 80 79 78 77 77 76 76 75 75 74 74 74 74 74 74 74 74 75 75 75 74 74 74 73 73 72 71 71 71 70 69 -9999 68 68 68 68 -9999 67 67 67 67 67
83 83 83 84 84 84 85 85 85 86 86 86 87 87 87 87 87 88 88 88 88 88 88 88 89 89 89 89 90 90 90 91 91 91 92 92 92 92 92 92 92 91 90 89 88 88 87 86 85 84 83 83 82 81 80 80 79 78 78 77 77 76 76 76 75 75 75 75 76 -9999 76 -9999 77 77 77 76 76 -9999 74 73 73 72 71 71 70 69 -9999 -9999 68 68 68 68 67 67 67 67
84 84 85 85 85 85 86 86 86 86 86 87 87 87 87 87 87 87 87 87 87 88 88 88 88 88 89 89 89 90 90 90 91 91 91 91 92 92 92 92 92 91 90 89 89 88 87 86 85 85 84 83 82 82 81 80 80 79 79 78 78 77 77 77 76 76 77 77 77 77 77 78 78 79 79 -9999 77 76 75 74 74 73 72 71 71 70 70 69 69 69 68 68 68 68 68 68
86 86 86 86 86 86 86 86 86 87 87 87 87 87 87 87 87 87 87 87 87 87 87 87 87 88 88 88 89 89 89 90 90 90 91 91 91 91 92 92 91 91 90 89 89 88 87 87 86 85 84 84 83 82 82 81 80 80 79 79 78 78 78 78 78 77 78 78 78 78 79 79 80 80 80 79 78 77 76 75 74 74 73 72 71 71 70 70 69 69 69 69 68 68 68 68
87 87 87 87 87 87 87 87 87 87 87 87 87 87 87 87 87 87 87 87 87 87 87 87 87 87 87 87 88 88 88 89 89 90 90 90 91 91 91 91 91 90 90 89 89 88 87 87 86 85 85 84 83 83 82 82 81 81 80 80 79 79 79 78 78 78 78 78 79 79 79 80 81 -9999 -9999 -9999 -9999 -9999 77 76 -9999 74 73 73 72 71 71 70 70 70 69 69 69 69 68 68
88 88 88 88 88 88 87 87 87 87 87 87 87 87 87 87 87 86 86 86 86 86 86 86 86 86 86 87 87 87 88 88 89 89 89 90 90 90 90 90 90 90 90 89 89 88 88 87 86 86 85 84 84 83 83 82 82 81 81 80 80 79 79 79 79 79 79 79 79 80 80 81 81 -9999 -9999 -9999 -9999 -9999 78 77 76 75 74 73 72 72 71 71 70 70 70 69 69 69 69 69
89 89 89 89 88 88 88 88 88 87 87 87 87 87 87 86 86 86 86 86 86 85 85 85 85 85 85 86 86 87 87 87 88 88 89 89 89 90 90 90 90 90 89 89 88 88 88 87 86 86 85 85 84 84 83 83 82 82 81 81 80 80 80 80 79 79 79 80 80 -9999 -9999 81 -9999 81 81 81 -9999 -9999 -9999 -9999 -9999 -9999 -9999 73 73 72 71 71 71 70 70 70 69 69 69 69
90 90 89 89 89 88 88 88 88 88 87 87 87 87 87 86 86 86 85 85 85 85 84 84 84 84 85 85 85 86 86 87 87 88 88 88 89 89 89 89 89 89 89 89 -9999 88 87 87 86 86 85 85 85 84 84 83 83 82 82 81 81 80 80 80 80 80 80 80 80 80 80 81 81 81 81 80 80 -9999 -9999 -9999 -9999 -9999 -9999 -9999 -9999 -9999 72 71 -9999 -9999 70 70 70 69 69 69
91 90 90 90 89 89 89 88 88 88 87 87 87 87 86 86 86 85 85 85 84 84 84 83 83 83 84 84 84 85 85 86 86 87 87 88 88 88 88 89 89 89 89 88 88 88 87 87 87 86 86 85 85 84 84 83 83 82 82 81 81 81 80 80 -9999 80 80 80 80 80 80 81 81 81 80 80 79 79 78 77 76 -9999 -9999 -9999 -9999 -9999 -9999 -9999 -9999 -9999 -9999 -9999 70 70 69 69
91 91 90 90 89 89 89 88 88 88 87 87 87 87 86 86 86 85 85 84 84 83 83 83 82 82 83 83 84 84 85 85 86 86 87 87 87 88 88 88 88 88 88 88 88 88 87 87 -9999 86 86 85 85 84 84 84 83 83 82 82 81 81 81 80 80 80 -9999 80 80 80 -9999 -9999 80 80 80 80 79 78 78 77 76 75 -9999 -9999 -9999 -9999 -9999 -9999 -9999 -9999 -9999 -9999 -9999 -9999 -9999 -9999
91 91 90 90 90 89 89 88 88 88 87 87 87 86 86 86 85 85 84 84 83 83 82 -9999 81 81 82 82 83 83 84 84 85 85 86 86 87 87 87 88 88 88 88 88 87 87 87 87 86 86 86 85 85 85 84 84 83 83 82 82 81 81 81 80 -9999 80 -9999 80 80 80 80 80 80 80 79 79 79 78 77 77 76 75 75 74 73 -9999 -9999 -9999 -9999 -9999 -9999 -9999 -9999 -9999 -9999 -9999
91 91 90 90 90 89 89 88 88 88 87 87 87 86 86 85 85 85 84 84 83 82 82 81 80 80 81 82 82 83 83 84 84 85 85 86 86 86 87 87 87 87 87 87 87 87 87 87 86 86 86 85 85 85 84 -9999 83 83 82 82 81 81 81 80 80 80 80 -9999 80 80 80 80 79 79 79 79 78 78 77 77 76 75 75 74 73 73 72 -9999 -9999 -9999 -9999 -9999 -9999 -9999 -9999 -9999
91 91 90 90 90 89 89 88 88 88 -9999 87 87 86 -9999 -9999 -9999 -9999 84 -9999 -9999 -9999 -9999 -9999 -9999 -9999 -9999 81 82 82 83 83 84 84 84 85 85 86 86 86 87 87 87 87 87 87 87 86 86 86 86 85 85 85 84 84 83 83 82 82 81 81 81 80 80 80 80 80 79 -9999 -9999 -9999 79 79 79 78 78 77 77 76 76 75 74 74 73 73 72 72 -9999 -9999 -9999 -9999 -9999 -9999 -9999 -9999
91 91 90 90 90 89 89 88 88 88 87 87 86 -9999 -9999 -9999 -9999 -9999 -9999 -9999 -9999 -9999 -9999 -9999 -9999 -9999 -9999 -9999 -9999 -9999 -9999 83 83 83 84 84 85 85 86 86 86 86 86 87 87 87 86 86 86 86 85 85 85 84 84 83 83 82 82 82 81 81 80 80 80 80 79 79 79 79 79 79 79 78 78 78 77 -9999 77 76 75 75 74 74 73 73 72 -9999 -9999 -9999 -9999 -9999 -9999 -9999 -9999 -9999
91 91 90 90 89 89 88 88 88 -9999 87 87 -9999 -9999 -9999 -9999 -9999 -9999 -9999 -9999 -9999 -9999 -9999 -9999 -9999 -9999 -9999 -9999 -9999 -9999 -9999 -9999 83 83 83 84 84 85 85 86 86 86 86 86 86 86 86 86 86 86 85 85 84 84 84 83 83 82 82 81 81 80 80 80 79 79 79 79 79 79 78 78 78 78 78 77 77 77 76 76 75 75 74 74 73 72 72 -9999 -9999 -9999 -9999 -9999 -9999 -9999 -9999 -9999
91 90 90 90 89 89 88 88 87 -9999 -9999 -9999 -9999 -9999 -9999 -9999 -9999 -9999 -9999 -9999 -9999 -9999 -9999 -9999 -9999 -9999 -9999 -9999 -9999 -9999 -9999 -9999 82 82 83 83 84 84 85 85 85 86 86 86 86 86 86 86 86 85 85 85 84 84 83 83 82 82 81 81 80 80 80 79 79 79 79 78 78 78 78 78 78 77 77 77 77 76 76 75 75 74 74 73 73 72 -9999 -9999 -9999 -9999 -9999 -9999 -9999 -9999 -9999 -9999
90 90 90 89 89 88 88 88 87 -9999 -9999 -9999 -9999 -9999 -9999 -9999 -9999 -9999 -9999 -9999 -9999 -9999 -9999 -9999 -9999 -9999 -9999 -9999 -9999 -9999 -9999 -9999 82 82 83 83 83 84 84 85 85 85 85 86 86 86 86 86 85 85 85 84 84 83 -9999 82 82 81 81 80 80 80 79 79 -9999 78 78 78 78 -9999 78 77 77 77 77 77 76 76 76 75 75 74 74 73 73 72 72 -9999 -9999 -9999 -9999 -9999 -9999 -9999 71 -9999
90 90 89 89 88 88 88 -9999 -9999 -9999 -9999 -9999 -9999 -9999 -9999 -9999 -9999 -9999 -9999 -9999 -9999 -9999 -9999 -9999 -9999 -9999 -9999 -9999 -9999 -9999 82 -9999 82 82 82 83 83 84 84 84 85 85 85 85 86 86 86 85 85 85 84 84 83 83 82 82 82 81 81 80 80 79 79 78 78 78 78 77 77 77 77 77 77 77 76 76 76 76 75 75 75 74 74 73 73 72 72 71 -9999 -9999 -9999 -9999 -9999 -9999 -9999 -9999
90 89 89 88 88 88 87 -9999 -9999 -9999 -9999 -9999 -9999 -9999 -9999 -9999 -9999 -9999 -9999 -9999 -9999 -9999 -9999 -9999 -9999 -9999 -9999 82 82 82 82 82 82 82 82 82 83 83 83 84 84 85 85 85 85 85 85 85 85 84 84 83 83 82 82 82 81 81 80 80 79 79 78 78 77 77 77 77 77 77 77 76 76 76 76 76 76 75 75 75 74 74 74 73 73 72 72 72 71 71 -9999 -9999 -9999 -9999 -9999 -9999
89 89 88 88 87 87 87 87 -9999 -9999 -9999 -9999 -9999 -9999 -9999 -9999 -9999 -9999 -9999 -9999 -9999 -9999 -9999 -9999 -9999 -9999 83 82 82 82 82 82 82 82 82 82 83 83 83 84 84 84 84 85 85 85 85 85 84 84 83 83 82 82 82 81 81 80 80 79 79 78 78 77 77 77 76 76 76 76 76 76 76 76 76 76 75 75 75 75 74 74 74 73 73 72 72 72 72 -9999 -9999 -9999 -9999 -9999 -9999 -9999
88 88 88 87 87 87 86 86 86 -9999 -9999 -9999 -9999 -9999 -9999 -9999 -9999 -9999 -9999 -9999 -9999 -9999 -9999 -9999 -9999 83 83 83 83 82 82 82 82 82 82 82 82 83 83 83 83 -9999 84 84 85 85 85 84 84 83 83 82 82 81 81 81 80 80 79 79 78 78 77 77 76 76 76 76 76 76 -9999 76 76 76 75 75 75 75 75 74 74 74 74 73 -9999 73 72 72 72 72 -9999 -9999 -9999 -9999 -9999 -9999
88 87 87 87 86 86 86 -9999 -9999 -9999 -9999 -9999 -9999 -9999 -9999 -9999 -9999 -9999 -9999 -9999 -9999 -9999 -9999 84 84 84 83 83 83 83 82 82 82 82 82 82 82 82 82 83 83 83 83 -9999 -9999 84 84 84 83 82 82 82 81 81 81 80 80 79 79 78 78 77 77 76 76 75 75 75 75 75 75 75 75 75 75 75 75 75 75 74 74 74 74 73 73 73 73 72 72 72 72 72 72 72 72 -9999
87 87 86 86 86 85 -9999 -9999 -9999 -9999 -9999 -9999 -9999 -9999 -9999 -9999 -9999 -9999 -9999 -9999 -9999 -9999 85 85 85 84 84 84 83 83 83 82 82 82 82 82 82 82 82 82 82 82 83 83 83 83 83 82 82 82 81 81 81 80 80 80 79 79 78 78 77 77 76 76 75 75 75 75 75 75 75 75 75 75 75 75 -9999 75 74 74 74 74 74 73 73 73 73 73 73 73 73 73 73 73 73 73
