resultados/variables/bio2.asc
ncols 330
nrows 228
xllcorner -12.000000
yllcorner 34.000000
cellsize 0.166667
NODATA_value -9999
[rows 48 to 95 of 228, columns 96 to 191 of 330]
-9999 -9999 -9999 -9999 -9999 -9999 -9999 -9999 -9999 -9999 -9999 -9999 -9999 -9999 -9999 -9999 -9999 -9999 -9999 -9999 -9999 -9999 -9999 -9999 -9999 -9999 -9999 -9999 -9999 -9999 -9999 -9999 -9999 -9999 -9999 -9999 -9999 65 66 66 67 -9999 -9999 68 68 68 68 68 68 69 69 69 69 69 69 70 70 70 70 71 71 -9999 72 73 74 75 76 77 78 79 80 81 82 83 84 85 86 87 88 89 89 89 90 90 90 90 89 89 89 89 88 88 88 87 87 87
-9999 -9999 -9999 -9999 -9999 -9999 -9999 -9999 -9999 -9999 -9999 -9999 -9999 -9999 -9999 -9999 -9999 -9999 -9999 -9999 -9999 -9999 -9999 -9999 -9999 -9999 -9999 -9999 59 -9999 -9999 -9999 -9999 -9999 -9999 -9999 -9999 67 67 68 68 68 -9999 -9999 69 69 69 69 69 69 70 70 70 70 70 70 70 71 71 71 72 72 73 73 74 75 76 77 78 80 81 82 83 84 85 85 86 87 88 88 88 89 89 89 89 89 88 88 88 88 87 87 87 86 86 86
-9999 -9999 -9999 -9999 -9999 -9999 -9999 -9999 -9999 -9999 -9999 -9999 -9999 -9999 -9999 -9999 -9999 -9999 -9999 -9999 -9999 -9999 -9999 -9999 -9999 -9999 -9999 -9999 60 62 -9999 -9999 -9999 66 -9999 -9999 67 68 68 -9999 69 -9999 69 70 70 70 70 70 70 70 70 70 71 71 71 71 71 71 72 72 72 73 73 74 75 76 77 78 -9999 80 81 82 83 84 85 86 86 87 87 88 88 88 88 88 88 88 87 87 87 87 86 86 86 86 85 -9999
-9999 -9999 -9999 -9999 -9999 -9999 -9999 -9999 -9999 -9999 -9999 -9999 -9999 -9999 -9999 -9999 -9999 -9999 -9999 -9999 -9999 -9999 -9999 53 55 -9999 -9999 -9999 62 -9999 -9999 65 66 67 68 68 -9999 70 70 70 70 70 71 71 71 71 71 71 71 71 71 71 71 71 71 72 72 72 72 72 73 73 73 74 75 76 77 78 79 80 81 82 83 84 85 86 86 87 87 87 87 87 87 87 87 86 86 86 86 86 85 -9999 -9999 -9999 -9999 -9999
-9999 -9999 -9999 -9999 -9999 -9999 -9999 -9999 -9999 -9999 -9999 -9999 -9999 -9999 -9999 -9999 -9999 -9999 -9999 -9999 -9999 -9999 -9999 -9999 -9999 -9999 -9999 62 63 65 66 67 68 69 69 70 70 71 71 71 71 -9999 72 72 71 71 71 71 72 72 72 -9999 72 72 72 72 72 73 73 73 73 -9999 74 74 75 76 78 79 80 81 82 83 83 84 85 86 86 87 87 87 87 87 86 86 86 85 85 85 -9999 -9999 -9999 -9999 -9999 -9999 -9999 -9999
-9999 -9999 -9999 -9999 -9999 -9999 -9999 -9999 -9999 -9999 -9999 -9999 -9999 -9999 -9999 -9999 -9999 -9999 -9999 -9999 -9999 -9999 -9999 -9999 -9999 60 62 64 65 66 68 69 70 70 71 71 72 72 72 72 72 72 72 72 72 73 72 72 72 72 72 72 72 73 73 73 73 73 73 74 74 74 -9999 75 76 77 78 79 80 81 82 83 84 85 85 86 86 87 87 87 87 86 86 85 84 84 84 -9999 -9999 -9999 -9999 -9999 -9999 -9999 -9999 -9999
-9999 -9999 -9999 -9999 -9999 -9999 -9999 -9999 -9999 -9999 -9999 -9999 -9999 -9999 -9999 -9999 -9999 -9999 45 48 -9999 53 -9999 58 -9999 62 -9999 65 67 68 69 70 71 72 72 72 73 73 73 73 73 73 73 73 73 73 73 73 73 73 73 73 73 73 73 74 74 74 74 74 74 75 75 76 77 78 79 80 81 82 82 83 84 85 85 86 86 87 87 87 87 86 85 -9999 83 83 83 -9999 -9999 -9999 -9999 -9999 -9999 -9999 -9999 -9999
-9999 -9999 -9999 -9999 -9999 -9999 -9999 -9999 -9999 -9999 -9999 -9999 -9999 -9999 -9999 -9999 -9999 -9999 47 49 -9999 55 57 -9999 62 64 -9999 67 68 69 70 71 72 72 73 74 74 74 74 74 74 74 74 74 74 73 74 74 73 73 73 73 74 74 74 74 74 75 75 75 75 76 76 77 78 78 79 80 81 82 83 84 84 85 86 86 87 87 87 87 87 86 84 82 -9999 -9999 -9999 -9999 -9999 -9999 -9999 -9999 -9999 -9999 -9999 -9999
-9999 -9999 -9999 -9999 -9999 -9999 -9999 -9999 -9999 -9999 -9999 -9999 -9999 -9999 40 42 44 47 -9999 52 -9999 57 -9999 61 63 64 66 67 69 70 72 72 73 74 74 74 75 75 75 75 74 75 75 75 75 74 74 74 74 74 74 74 74 74 75 75 75 75 75 76 76 77 77 78 78 79 80 81 82 83 83 84 85 85 86 86 -9999 87 87 87 87 85 83 81 -9999 -9999 -9999 -9999 -9999 -9999 -9999 -9999 -9999 -9999 -9999 -9999
-9999 -9999 -9999 -9999 -9999 -9999 -9999 -9999 -9999 -9999 -9999 40 -9999 42 -9999 44 47 -9999 51 54 56 58 60 62 64 66 67 69 69 70 71 72 73 74 74 75 75 76 76 76 76 76 76 75 75 75 75 75 75 75 75 75 75 75 75 76 76 76 76 77 77 77 78 79 79 80 81 82 82 83 84 84 85 85 86 86 86 87 87 87 -9999 -9999 -9999 -9999 -9999 -9999 -9999 -9999 -9999 -9999 -9999 -9999 -9999 -9999 -9999 -9999
-9999 -9999 -9999 -9999 -9999 -9999 -9999 -9999 -9999 40 41 -9999 43 44 -9999 47 49 51 54 56 -9999 60 61 63 66 68 69 71 72 72 73 73 75 76 76 76 77 77 77 77 77 77 76 76 76 75 76 -9999 75 75 75 75 75 75 76 76 76 77 77 77 78 78 79 79 80 81 82 82 83 83 84 84 85 85 86 86 86 86 86 86 86 -9999 -9999 -9999 -9999 -9999 -9999 -9999 -9999 -9999 -9999 -9999 -9999 -9999 -9999 -9999
-9999 -9999 -9999 -9999 -9999 -9999 -9999 -9999 -9999 -9999 43 -9999 -9999 -9999 48 49 51 53 55 57 59 61 63 64 65 68 70 72 73 75 77 77 76 76 77 79 78 78 78 78 78 77 77 76 76 76 76 76 76 76 76 76 76 76 76 76 77 77 78 78 79 79 80 80 81 82 82 83 83 84 84 85 85 85 86 86 86 86 86 85 85 -9999 -9999 -9999 -9999 -9999 -9999 -9999 -9999 -9999 -9999 -9999 -9999 -9999 -9999 -9999
-9999 -9999 -9999 -9999 -9999 -9999 -9999 42 -9999 -9999 -9999 -9999 46 -9999 49 51 53 55 -9999 59 60 62 65 67 69 71 72 74 75 77 78 79 79 77 77 77 78 79 78 78 78 78 78 77 76 77 77 76 76 76 76 77 76 77 77 77 77 78 78 79 79 80 80 81 81 82 83 83 84 85 85 85 85 86 86 86 86 85 85 85 -9999 -9999 -9999 -9999 -9999 -9999 -9999 -9999 -9999 -9999 -9999 -9999 -9999 -9999 -9999 -9999
-9999 -9999 -9999 -9999 -9999 -9999 -9999 43 44 45 46 -9999 48 50 51 53 54 -9999 57 -9999 61 -9999 65 -9999 68 71 73 73 74 78 80 81 82 82 80 80 79 79 79 79 79 79 78 78 77 77 77 76 76 76 76 77 77 77 77 78 78 78 79 79 80 80 81 81 82 83 83 84 84 85 85 86 86 86 85 85 85 85 84 84 -9999 -9999 -9999 -9999 -9999 -9999 -9999 -9999 -9999 -9999 -9999 -9999 -9999 -9999 -9999 -9999
-9999 -9999 -9999 -9999 -9999 -9999 -9999 45 -9999 46 47 48 50 51 53 54 55 57 -9999 62 63 66 68 68 69 69 70 71 74 78 79 82 81 83 83 82 82 80 79 79 79 79 79 78 77 77 77 76 76 76 76 76 77 77 78 78 78 79 79 79 80 81 81 82 83 83 84 85 85 -9999 86 86 86 86 85 85 85 84 -9999 -9999 -9999 -9999 -9999 -9999 -9999 -9999 -9999 -9999 -9999 -9999 -9999 -9999 -9999 -9999 -9999 -9999
-9999 -9999 -9999 -9999 -9999 -9999 -9999 46 47 48 49 50 51 52 54 55 58 59 -9999 65 -9999 67 68 70 70 72 73 74 77 78 80 82 82 82 83 82 82 82 80 79 79 79 79 78 78 77 77 77 77 77 77 77 77 77 78 78 79 79 80 80 81 81 82 82 83 84 85 85 86 86 86 86 86 86 85 85 84 84 83 -9999 -9999 -9999 -9999 -9999 -9999 -9999 -9999 -9999 -9999 -9999 -9999 -9999 -9999 -9999 -9999 -9999
-9999 -9999 -9999 -9999 -9999 -9999 46 47 48 49 50 51 52 53 55 -9999 58 61 64 66 67 69 71 70 72 75 75 76 80 83 83 83 82 83 83 83 83 83 81 79 79 78 78 78 78 77 77 77 77 77 77 77 77 78 78 78 79 79 80 81 81 82 82 83 84 85 85 86 86 86 86 86 86 85 85 84 84 -9999 82 -9999 -9999 -9999 -9999 -9999 -9999 -9999 -9999 -9999 -9999 -9999 -9999 -9999 -9999 -9999 -9999 -9999
-9999 -9999 -9999 -9999 -9999 46 -9999 -9999 49 -9999 51 52 53 54 -9999 58 59 -9999 64 64 67 69 70 72 72 73 75 80 82 85 87 85 85 84 83 83 83 82 82 81 80 79 78 78 78 77 77 77 77 77 77 77 77 78 78 79 79 80 80 81 81 82 83 -9999 84 85 86 86 87 87 87 86 86 85 84 84 83 82 81 -9999 -9999 -9999 -9999 -9999 -9999 -9999 -9999 -9999 -9999 -9999 -9999 -9999 -9999 -9999 -9999 -9999
-9999 -9999 -9999 -9999 -9999 -9999 48 49 50 50 51 52 53 54 56 57 59 61 64 65 65 66 67 69 71 75 78 78 82 84 85 87 86 86 85 84 84 82 81 81 80 79 78 77 77 77 77 76 76 76 77 77 77 78 78 79 79 80 80 81 82 82 83 84 -9999 85 86 87 87 87 87 86 86 85 84 83 83 82 81 -9999 -9999 -9999 -9999 -9999 -9999 -9999 -9999 -9999 -9999 -9999 -9999 -9999 -9999 -9999 -9999 -9999
-9999 -9999 -9999 -9999 -9999 -9999 49 -9999 50 51 53 53 54 55 57 59 60 61 62 63 64 66 68 71 73 74 77 81 84 86 86 83 85 86 86 84 83 82 81 80 79 -9999 77 77 76 76 76 76 76 76 76 77 77 77 78 78 79 80 80 81 82 83 83 84 85 86 86 87 87 88 88 87 86 85 84 83 82 81 80 79 -9999 -9999 -9999 -9999 -9999 -9999 -9999 -9999 -9999 -9999 -9999 -9999 -9999 -9999 -9999 -9999
-9999 -9999 -9999 -9999 -9999 -9999 50 51 -9999 52 53 53 54 55 57 59 60 62 62 64 -9999 66 68 70 74 77 79 81 82 84 89 84 84 83 85 84 82 81 80 78 77 77 76 76 75 75 75 75 75 75 76 76 77 77 78 78 79 80 80 81 82 83 83 84 85 86 86 87 88 88 88 86 85 84 83 82 81 80 79 78 77 76 -9999 74 -9999 -9999 -9999 -9999 -9999 -9999 -9999 -9999 -9999 -9999 -9999 -9999
-9999 -9999 -9999 -9999 -9999 -9999 -9999 -9999 52 -9999 53 53 54 -9999 -9999 59 60 60 63 64 65 66 69 70 72 75 77 79 81 81 81 85 84 83 82 81 80 79 -9999 77 76 75 75 74 74 74 74 74 75 75 75 76 76 77 78 78 79 80 80 81 82 83 83 84 85 85 86 86 87 87 87 86 85 84 82 81 80 79 78 77 76 75 74 73 72 -9999 -9999 -9999 -9999 -9999 -9999 -9999 -9999 -9999 -9999 -9999
-9999 -9999 -9999 -9999 -9999 -9999 49 -9999 52 -9999 52 53 -9999 55 55 -9999 57 59 61 62 64 66 67 69 71 72 74 76 78 81 82 81 81 82 81 80 78 77 76 75 74 74 73 73 73 73 73 73 74 74 75 75 76 77 78 78 79 80 80 81 82 82 83 84 84 85 85 86 86 86 86 85 84 83 82 80 79 78 77 76 75 73 72 71 71 70 -9999 -9999 -9999 -9999 -9999 -9999 -9999 68 -9999 69
-9999 -9999 -9999 -9999 -9999 -9999 -9999 -9999 -9999 -9999 -9999 -9999 -9999 53 -9999 57 56 57 59 61 63 64 66 67 69 71 72 74 77 77 81 80 81 80 78 77 75 74 73 72 72 72 71 71 71 71 71 72 73 73 74 75 75 76 77 78 79 80 80 81 82 82 83 83 84 84 85 85 85 85 85 84 83 82 81 80 78 77 76 75 73 72 71 70 69 69 68 -9999 68 -9999 -9999 -9999 -9999 -9999 -9999 -9999
-9999 -9999 -9999 -9999 -9999 -9999 -9999 -9999 48 49 -9999 51 52 52 54 56 56 -9999 58 60 62 63 64 66 68 69 71 73 75 77 77 76 77 76 75 73 72 71 70 70 70 69 69 69 69 69 70 71 72 72 73 74 75 -9999 77 78 78 79 80 81 81 82 83 83 84 84 84 84 84 84 84 83 82 81 80 79 77 76 75 73 72 71 70 69 68 67 67 67 67 -9999 -9999 -9999 -9999 -9999 -9999 -9999
-9999 -9999 -9999 -9999 -9999 -9999 -9999 -9999 -9999 -9999 -9999 -9999 -9999 52 53 54 56 56 57 59 61 63 64 65 68 68 69 71 72 73 75 73 73 72 71 69 68 -9999 66 -9999 65 65 66 66 67 68 68 69 70 71 73 74 74 75 76 77 78 79 80 81 81 82 82 83 83 84 84 84 84 83 83 82 81 80 79 78 76 75 74 72 71 70 69 67 67 66 66 66 66 -9999 -9999 -9999 -9999 -9999 -9999 -9999
-9999 -9999 -9999 -9999 -9999 -9999 -9999 -9999 45 46 47 49 50 51 52 53 55 55 57 58 60 60 63 65 66 67 68 69 69 71 71 71 70 69 67 65 64 62 -9999 -9999 61 61 62 63 64 66 67 68 69 70 72 73 74 75 76 77 78 79 80 81 81 82 82 83 -9999 83 83 83 83 82 82 81 80 79 78 -9999 75 74 73 71 70 69 67 66 65 65 65 65 -9999 -9999 -9999 -9999 -9999 -9999 -9999 -9999
-9999 -9999 -9999 -9999 -9999 -9999 -9999 -9999 43 45 -9999 -9999 49 50 51 52 53 54 55 56 58 59 61 63 64 65 66 67 67 68 68 67 66 65 64 61 59 57 55 -9999 56 58 59 61 62 64 65 67 68 70 71 72 73 75 76 77 78 79 80 80 81 82 -9999 82 83 83 83 82 82 82 81 80 79 78 77 76 74 73 72 70 -9999 68 66 65 64 -9999 -9999 -9999 -9999 -9999 -9999 -9999 -9999 -9999 -9999 -9999
-9999 -9999 -9999 -9999 -9999 -9999 -9999 40 -9999 -9999 -9999 -9999 -9999 49 50 51 51 53 54 55 56 58 59 60 61 62 63 64 65 65 65 64 -9999 61 60 58 55 53 -9999 -9999 52 54 56 58 60 62 64 66 67 69 70 72 73 74 75 -9999 -9999 -9999 -9999 -9999 81 81 82 82 82 82 82 82 81 -9999 80 -9999 -9999 77 76 75 73 72 71 69 68 67 66 64 64 63 -9999 -9999 -9999 -9999 -9999 -9999 -9999 -9999 -9999 -9999
-9999 -9999 -9999 -9999 -9999 -9999 -9999 -9999 -9999 -9999 -9999 45 46 47 48 49 50 51 52 53 55 56 57 58 59 60 61 61 62 62 62 61 60 59 57 55 52 -9999 -9999 -9999 -9999 -9999 -9999 56 59 61 63 65 66 68 70 71 73 74 75 -9999 -9999 -9999 -9999 -9999 81 81 82 82 82 82 81 81 81 80 79 78 77 76 75 74 72 71 70 68 67 66 -9999 64 63 -9999 62 -9999 -9999 -9999 -9999 -9999 -9999 -9999 -9999 -9999
-9999 -9999 -9999 -9999 -9999 -9999 -9999 -9999 -9999 -9999 -9999 44 -9999 46 47 48 49 50 51 52 53 54 55 56 57 58 58 59 59 59 59 59 58 -9999 -9999 -9999 -9999 -9999 -9999 -9999 -9999 -9999 -9999 55 57 60 62 64 66 68 69 71 -9999 -9999 -9999 76 -9999 -9999 -9999 -9999 81 -9999 81 82 82 81 81 80 80 79 78 77 76 75 74 73 72 70 69 67 66 65 -9999 63 -9999 -9999 -9999 -9999 -9999 -9999 -9999 -9999 -9999 -9999 -9999 -9999
-9999 -9999 -9999 -9999 -9999 -9999 -9999 -9999 -9999 41 42 43 44 45 46 47 48 49 50 50 51 52 53 54 54 55 56 57 57 57 -9999 -9999 -9999 -9999 -9999 -9999 -9999 -9999 -9999 -9999 -9999 -9999 -9999 54 57 59 61 64 65 67 69 -9999 -9999 -9999 -9999 -9999 -9999 -9999 -9999 80 81 81 81 81 81 -9999 81 80 79 78 78 77 75 74 73 72 71 69 -9999 67 -9999 -9999 -9999 -9999 -9999 -9999 -9999 -9999 -9999 -9999 -9999 -9999 -9999 -9999 -9999 -9999
-9999 -9999 -9999 -9999 -9999 -9999 -9999 -9999 -9999 -9999 42 42 43 44 45 46 47 47 48 49 50 50 51 52 52 53 54 55 55 56 -9999 -9999 -9999 -9999 -9999 -9999 -9999 -9999 -9999 -9999 -9999 -9999 -9999 -9999 56 59 61 63 65 67 69 -9999 -9999 -9999 75 -9999 77 78 79 80 81 81 81 -9999 -9999 81 80 79 79 78 77 76 75 74 72 71 -9999 -9999 -9999 -9999 -9999 -9999 -9999 -9999 -9999 -9999 -9999 -9999 -9999 -9999 -9999 -9999 -9999 -9999 -9999 -9999
-9999 -9999 -9999 -9999 -9999 -9999 -9999 -9999 -9999 -9999 -9999 -9999 43 44 44 45 46 46 47 48 48 48 49 49 50 51 52 53 -9999 -9999 -9999 -9999 -9999 -9999 -9999 -9999 -9999 -9999 -9999 -9999 -9999 -9999 -9999 55 -9999 -9999 61 63 65 67 -9999 70 72 73 74 76 77 78 79 80 81 81 -9999 -9999 81 80 80 79 78 77 76 75 74 73 71 70 -9999 -9999 -9999 -9999 -9999 -9999 -9999 -9999 -9999 -9999 -9999 -9999 -9999 -9999 -9999 -9999 -9999 -9999 -9999 -9999
-9999 -9999 -9999 -9999 -9999 -9999 -9999 -9999 -9999 -9999 -9999 -9999 -9999 -9999 -9999 -9999 45 45 46 46 47 47 47 47 48 49 -9999 -9999 -9999 -9999 -9999 -9999 -9999 -9999 -9999 -9999 -9999 -9999 -9999 -9999 -9999 -9999 -9999 -9999 -9999 -9999 -9999 64 65 67 68 70 71 73 74 76 77 78 79 80 81 81 -9999 -9999 81 80 79 78 77 76 75 74 73 72 -9999 69 -9999 -9999 -9999 -9999 -9999 -9999 -9999 -9999 -9999 -9999 -9999 -9999 -9999 -9999 -9999 -9999 -9999 -9999 -9999 -9999
-9999 -9999 -9999 -9999 -9999 -9999 -9999 -9999 -9999 -9999 -9999 -9999 -9999 -9999 -9999 -9999 44 45 45 45 46 46 46 46 -9999 -9999 -9999 -9999 -9999 -9999 -9999 -9999 -9999 -9999 -9999 -9999 -9999 -9999 -9999 -9999 -9999 -9999 -9999 -9999 -9999 -9999 -9999 64 65 67 68 70 71 72 74 75 77 78 79 80 81 -9999 -9999 81 80 80 79 78 77 76 75 73 72 71 70 69 -9999 -9999 -9999 -9999 -9999 -9999 -9999 -9999 -9999 -9999 -9999 -9999 -9999 -9999 -9999 -9999 -9999 -9999 -9999 -9999
-9999 -9999 -9999 -9999 -9999 -9999 -9999 -9999 -9999 -9999 -9999 -9999 -9999 -9999 -9999 -9999 -9999 -9999 -9999 -9999 -9999 -9999 -9999 -9999 -9999 -9999 -9999 -9999 -9999 -9999 -9999 -9999 -9999 -9999 -9999 -9999 -9999 -9999 -9999 -9999 -9999 -9999 -9999 -9999 -9999 -9999 -9999 64 66 67 -9999 69 71 72 73 75 76 77 79 80 81 -9999 81 80 80 79 78 77 76 75 74 73 71 70 69 -9999 -9999 -9999 -9999 -9999 -9999 -9999 -9999 -9999 -9999 -9999 -9999 -9999 -9999 56 56 -9999 -9999 -9999 -9999 -9999
-9999 -9999 -9999 -9999 -9999 -9999 -9999 -9999 -9999 -9999 -9999 -9999 -9999 -9999 -9999 -9999 -9999 -9999 -9999 -9999 -9999 -9999 -9999 -9999 -9999 -9999 -9999 -9999 -9999 -9999 -9999 -9999 -9999 -9999 -9999 -9999 -9999 -9999 -9999 -9999 -9999 -9999 -9999 -9999 -9999 -9999 -9999 65 66 67 68 69 70 71 73 74 75 77 78 80 81 81 81 80 79 79 78 77 76 74 73 72 71 69 68 67 -9999 -9999 -9999 -9999 -9999 -9999 -9999 -9999 -9999 -9999 55 55 55 56 -9999 -9999 -9999 -9999 -9999 -9999
-9999 -9999 -9999 -9999 -9999 -9999 -9999 -9999 -9999 -9999 -9999 -9999 -9999 -9999 -9999 -9999 -9999 -9999 -9999 -9999 -9999 -9999 -9999 -9999 -9999 -9999 -9999 -9999 -9999 -9999 -9999 -9999 -9999 -9999 -9999 -9999 -9999 56 -9999 -9999 -9999 -9999 -9999 -9999 -9999 -9999 -9999 -9999 65 66 67 68 70 71 72 73 75 76 77 79 80 80 80 79 79 78 77 -9999 75 74 72 71 70 69 67 -9999 -9999 -9999 -9999 -9999 -9999 -9999 -9999 -9999 -9999 54 54 55 55 -9999 -9999 -9999 -9999 -9999 -9999 -9999
-9999 -9999 -9999 -9999 -9999 -9999 -9999 -9999 -9999 -9999 -9999 -9999 -9999 -9999 -9999 -9999 -9999 -9999 -9999 -9999 -9999 -9999 -9999 -9999 -9999 -9999 -9999 -9999 -9999 -9999 -9999 -9999 -9999 -9999 -9999 60 59 58 57 -9999 -9999 -9999 -9999 -9999 -9999 -9999 -9999 64 -9999 66 67 68 69 70 71 72 74 75 76 77 78 79 79 79 78 77 76 75 74 73 72 70 69 68 67 66 -9999 -9999 -9999 -9999 -9999 -9999 -9999 -9999 -9999 54 54 54 55 -9999 -9999 -9999 -9999 -9999 -9999 -9999
-9999 -9999 -9999 -9999 -9999 -9999 -9999 -9999 -9999 -9999 -9999 -9999 -9999 -9999 -9999 -9999 -9999 -9999 -9999 -9999 -9999 -9999 -9999 -9999 -9999 -9999 -9999 -9999 -9999 -9999 -9999 -9999 -9999 63 63 63 62 61 60 -9999 -9999 59 -9999 -9999 -9999 -9999 -9999 -9999 -9999 65 66 67 68 69 70 71 73 74 75 76 77 77 78 78 77 77 75 74 73 72 70 69 68 67 66 -9999 -9999 -9999 -9999 -9999 -9999 -9999 -9999 -9999 -9999 55 54 54 -9999 -9999 -9999 -9999 -9999 -9999 -9999 -9999
-9999 -9999 -9999 -9999 -9999 -9999 -9999 -9999 -9999 -9999 -9999 -9999 -9999 -9999 -9999 -9999 -9999 -9999 -9999 -9999 -9999 -9999 -9999 -9999 -9999 -9999 -9999 56 58 60 61 63 64 65 -9999 66 65 63 -9999 -9999 -9999 -9999 -9999 -9999 -9999 -9999 -9999 -9999 -9999 -9999 66 66 67 68 69 70 71 72 73 74 75 76 76 76 77 76 75 73 72 70 69 68 67 66 65 -9999 -9999 62 -9999 -9999 -9999 -9999 -9999 -9999 -9999 55 -9999 -9999 -9999 -9999 -9999 -9999 -9999 -9999 -9999 -9999
-9999 -9999 -9999 -9999 -9999 -9999 -9999 -9999 -9999 -9999 -9999 -9999 -9999 -9999 -9999 -9999 -9999 -9999 -9999 -9999 -9999 -9999 -9999 -9999 -9999 -9999 55 57 -9999 -9999 -9999 64 65 66 67 67 66 -9999 -9999 -9999 -9999 -9999 -9999 -9999 -9999 -9999 -9999 -9999 -9999 -9999 65 66 66 67 68 69 70 71 72 72 73 74 74 75 76 75 73 72 70 69 68 67 66 65 64 -9999 62 -9999 -9999 -9999 -9999 -9999 -9999 -9999 -9999 -9999 -9999 -9999 -9999 -9999 -9999 -9999 -9999 -9999 -9999 -9999
-9999 -9999 -9999 -9999 -9999 -9999 -9999 -9999 -9999 -9999 -9999 -9999 -9999 -9999 -9999 -9999 -9999 -9999 -9999 -9999 -9999 -9999 -9999 -9999 -9999 -9999 56 59 61 63 65 66 66 67 67 67 67 67 -9999 -9999 -9999 -9999 -9999 -9999 -9999 -9999 -9999 -9999 -9999 -9999 -9999 -9999 65 66 67 68 68 69 70 70 71 71 72 73 73 73 71 70 69 68 67 66 65 64 -9999 62 -9999 -9999 -9999 -9999 -9999 -9999 -9999 -9999 -9999 -9999 -9999 -9999 -9999 -9999 -9999 -9999 -9999 -9999 -9999 -9999
-9999 -9999 -9999 -9999 -9999 -9999 -9999 -9999 -9999 -9999 -9999 -9999 -9999 -9999 -9999 -9999 -9999 -9999 -9999 -9999 -9999 -9999 -9999 -9999 -9999 52 -9999 -9999 62 65 -9999 -9999 68 68 68 68 68 68 -9999 -9999 -9999 -9999 -9999 -9999 -9999 -9999 -9999 -9999 -9999 -9999 -9999 -9999 -9999 -9999 66 66 67 67 68 68 69 69 69 70 70 69 69 68 67 66 65 65 64 -9999 62 62 -9999 -9999 -9999 -9999 -9999 -9999 -9999 -9999 -9999 -9999 -9999 -9999 -9999 -9999 -9999 -9999 -9999 -9999 -9999 -9999
-9999 -9999 -9999 -9999 -9999 -9999 -9999 -9999 -9999 -9999 -9999 -9999 -9999 -9999 -9999 -9999 -9999 -9999 -9999 -9999 -9999 -9999 -9999 -9999 -9999 56 58 61 64 66 68 69 69 68 68 68 68 68 69 68 65 -9999 -9999 -9999 -9999 -9999 -9999 -9999 -9999 -9999 -9999 -9999 63 64 65 65 65 66 66 66 66 66 66 67 67 66 66 65 65 64 64 63 -9999 -9999 -9999 -9999 -9999 -9999 -9999 -9999 -9999 -9999 -9999 -9999 -9999 -9999 -9999 -9999 -9999 -9999 -9999 -9999 -9999 -9999 -9999 -9999
-9999 -9999 -9999 -9999 -9999 -9999 -9999 -9999 -9999 -9999 -9999 -9999 -9999 -9999 -9999 -9999 -9999 -9999 -9999 -9999 -9999 -9999 -9999 -9999 -9999 59 60 62 65 67 69 70 69 69 68 68 68 68 -9999 68 64 -9999 -9999 -9999 -9999 -9999 -9999 -9999 -9999 -9999 -9999 62 -9999 63 63 64 64 64 64 64 64 64 64 63 63 63 63 63 63 62 62 62 -9999 -9999 61 -9999 -9999 -9999 -9999 -9999 -9999 -9999 -9999 -9999 -9999 -9999 -9999 -9999 -9999 -9999 -9999 -9999 -9999 -9999 -9999 -9999
-9999 -9999 -9999 -9999 -9999 -9999 -9999 -9999 -9999 -9999 -9999 -9999 -9999 -9999 -9999 -9999 -9999 -9999 -9999 -9999 -9999 -9999 -9999 -9999 -9999 61 61 63 65 67 68 69 69 68 68 67 67 -9999 -9999 -9999 -9999 -9999 -9999 -9999 -9999 -9999 -9999 -9999 -9999 61 61 -9999 62 63 63 63 63 62 62 62 62 61 61 61 -9999 -9999 -9999 -9999 -9999 -9999 -9999 -9999 -9999 -9999 -9999 -9999 -9999 -9999 -9999 -9999 -9999 -9999 -9999 -9999 -9999 -9999 -9999 -9999 -9999 -9999 -9999 -9999 -9999 -9999 -9999 -9999
