resultados/variables/bio2.asc
ncols 330
nrows 228
xllcorner -12.000000
yllcorner 34.000000
cellsize 0.166667
NODATA_value -9999
[rows 48 to 95 of 228, columns 192 to 287 of 330]
86 86 86 85 85 -9999 -9999 -9999 -9999 -9999 -9999 -9999 -9999 -9999 -9999 -9999 -9999 -9999 -9999 -9999 86 86 86 85 85 85 84 84 83 83 83 82 82 82 82 81 81 81 81 81 82 82 82 82 82 82 82 81 81 81 80 80 80 80 79 79 79 79 78 78 77 76 76 75 74 74 74 74 75 75 75 75 75 75 75 75 75 75 74 74 74 74 74 73 73 73 73 73 73 73 73 73 73 73 73 73
85 85 -9999 -9999 -9999 -9999 -9999 -9999 -9999 -9999 -9999 -9999 -9999 -9999 -9999 -9999 -9999 -9999 87 87 87 86 86 86 86 85 85 84 84 83 83 82 82 82 81 81 81 81 81 81 81 81 81 81 81 80 80 80 80 79 79 79 79 79 79 79 79 78 78 77 77 76 76 75 74 74 -9999 74 74 75 75 75 75 75 75 75 75 74 74 74 -9999 74 74 74 73 73 -9999 -9999 73 73 73 73 73 74 74 74
-9999 -9999 -9999 -9999 -9999 -9999 -9999 -9999 -9999 -9999 -9999 -9999 -9999 -9999 -9999 86 87 87 87 87 87 87 87 86 86 86 85 85 84 83 83 82 82 81 81 -9999 80 80 80 80 80 80 80 80 79 79 79 78 78 78 78 78 78 78 78 78 78 78 78 77 77 76 76 -9999 74 74 74 74 74 75 75 75 75 75 75 75 75 74 74 74 74 74 74 74 74 74 73 -9999 -9999 -9999 74 74 74 74 74 74
-9999 -9999 -9999 -9999 -9999 -9999 -9999 -9999 -9999 -9999 -9999 -9999 -9999 85 86 87 87 87 87 88 87 87 87 87 87 86 85 85 84 84 83 82 -9999 81 81 80 80 80 79 79 79 79 79 79 78 78 77 77 77 77 77 78 78 78 78 -9999 -9999 78 78 77 77 76 76 75 75 75 74 74 74 75 75 75 75 75 75 75 74 74 -9999 74 -9999 -9999 74 74 74 74 74 74 -9999 74 74 74 74 75 75 75
-9999 -9999 -9999 -9999 -9999 -9999 -9999 -9999 -9999 -9999 -9999 -9999 -9999 -9999 86 87 88 88 88 88 88 88 88 87 87 86 86 85 84 84 83 82 81 81 80 80 79 79 79 78 78 78 78 78 77 76 75 75 -9999 76 76 77 77 77 78 78 78 78 -9999 -9999 77 77 76 76 75 75 75 75 75 75 75 75 75 75 75 75 75 74 74 74 -9999 -9999 -9999 -9999 74 74 74 74 74 74 74 75 75 75 75 75
-9999 -9999 -9999 -9999 -9999 -9999 -9999 -9999 -9999 -9999 80 82 84 85 87 88 88 88 88 88 88 88 88 88 87 87 86 85 84 84 83 82 81 80 -9999 79 79 78 78 78 77 77 77 76 75 74 -9999 73 74 75 75 76 76 77 77 78 78 78 78 -9999 77 77 76 76 76 75 75 75 75 75 75 75 75 75 75 75 75 75 74 74 74 74 74 74 74 74 74 74 74 75 75 75 75 76 76 76
-9999 -9999 -9999 -9999 -9999 -9999 -9999 -9999 -9999 80 80 82 84 85 87 88 88 88 88 88 88 88 88 88 88 87 87 86 85 83 82 81 80 80 79 78 78 77 77 77 76 76 76 75 74 72 -9999 72 73 74 75 75 76 76 77 78 78 -9999 78 78 77 77 76 76 -9999 75 75 75 75 75 75 75 -9999 75 75 75 75 75 75 74 74 74 74 74 74 74 74 75 75 75 75 76 76 76 76 77
-9999 -9999 -9999 -9999 -9999 -9999 -9999 80 80 80 81 82 83 85 87 87 88 88 88 88 88 88 88 88 88 88 87 86 85 83 82 81 80 79 78 77 77 77 76 76 76 75 75 74 73 71 -9999 72 72 73 74 75 75 76 77 -9999 78 78 -9999 78 77 77 77 76 76 76 76 75 75 75 75 75 75 75 75 75 75 75 75 75 75 74 74 74 74 75 75 -9999 -9999 -9999 -9999 76 76 77 77 77
-9999 -9999 -9999 -9999 -9999 -9999 -9999 80 80 80 81 82 83 85 86 87 87 87 88 88 88 88 88 88 88 88 87 86 84 83 82 80 79 78 77 77 76 76 76 -9999 75 75 74 73 72 71 -9999 72 72 -9999 74 74 75 76 76 77 78 78 78 78 77 77 77 76 76 76 76 76 75 75 75 75 75 75 75 75 75 75 75 75 75 75 -9999 75 75 75 75 75 75 76 -9999 -9999 -9999 77 78 78
-9999 -9999 -9999 -9999 -9999 -9999 -9999 -9999 80 80 81 82 83 84 85 86 86 87 87 87 87 87 88 88 88 88 87 85 84 83 81 80 79 77 76 76 76 -9999 75 75 74 74 73 73 72 -9999 -9999 72 72 73 73 74 -9999 75 76 77 -9999 77 -9999 77 77 77 77 76 76 76 76 76 76 76 76 75 75 75 75 75 75 75 75 75 75 75 75 75 -9999 75 75 75 76 76 77 77 77 -9999 -9999 79
-9999 -9999 -9999 -9999 -9999 -9999 -9999 -9999 80 80 81 82 83 84 85 85 86 86 86 87 87 87 87 87 87 87 86 85 84 82 81 79 78 77 75 75 75 75 75 74 74 74 73 -9999 72 72 72 72 72 73 73 74 74 75 76 76 -9999 77 77 77 77 77 77 77 76 76 76 76 76 76 76 76 76 76 75 76 76 75 75 75 75 75 75 75 75 75 75 76 -9999 77 77 78 78 78 -9999 79
-9999 -9999 -9999 -9999 -9999 -9999 -9999 -9999 80 80 81 81 82 83 84 84 85 85 86 86 86 86 86 86 86 86 85 84 83 82 80 79 78 76 -9999 75 75 75 74 74 74 73 73 73 72 72 72 72 72 73 73 -9999 74 75 75 76 76 76 -9999 76 77 77 76 76 76 76 76 76 76 76 76 76 76 76 76 76 76 76 76 76 75 75 75 75 75 75 -9999 76 -9999 -9999 78 -9999 -9999 -9999 80 80
-9999 -9999 -9999 -9999 -9999 -9999 -9999 -9999 -9999 80 80 81 82 83 83 84 84 85 85 85 85 85 85 85 -9999 85 84 83 82 81 80 79 77 -9999 76 75 75 75 74 -9999 74 73 73 73 72 72 72 72 72 73 73 73 -9999 74 75 75 75 76 76 76 76 76 76 76 76 76 76 76 76 76 76 76 76 76 76 76 76 76 -9999 -9999 76 76 76 75 75 75 76 76 -9999 -9999 -9999 79 -9999 -9999 -9999 81
-9999 -9999 -9999 -9999 -9999 -9999 -9999 -9999 -9999 79 80 81 81 82 83 83 84 84 84 84 84 84 -9999 84 84 84 84 83 82 80 79 78 -9999 -9999 76 75 75 -9999 74 74 -9999 73 73 73 73 72 72 72 73 73 73 73 -9999 -9999 74 75 75 75 75 75 -9999 76 76 76 76 76 76 76 76 76 76 76 76 76 76 76 76 76 -9999 76 76 76 76 76 76 76 76 -9999 -9999 -9999 -9999 -9999 -9999 -9999 -9999 -9999
-9999 -9999 -9999 -9999 -9999 -9999 -9999 -9999 -9999 -9999 79 80 81 81 -9999 83 83 83 83 83 83 83 -9999 83 84 -9999 83 -9999 81 80 79 78 77 76 76 75 75 75 74 74 74 73 73 73 73 72 72 73 73 -9999 73 73 73 74 -9999 74 74 74 75 75 75 75 75 -9999 -9999 -9999 -9999 -9999 -9999 76 76 76 76 76 77 77 77 77 77 77 77 77 77 77 77 77 77 78 -9999 -9999 -9999 -9999 -9999 -9999 -9999 -9999
-9999 -9999 -9999 -9999 -9999 -9999 -9999 -9999 -9999 78 79 79 80 81 -9999 82 82 83 83 83 82 82 82 83 -9999 83 83 82 80 79 78 77 76 76 76 76 75 75 74 74 74 73 73 73 73 73 72 73 -9999 73 73 73 73 73 73 74 74 74 74 74 74 -9999 -9999 -9999 -9999 -9999 -9999 -9999 -9999 -9999 76 76 76 77 77 77 77 77 77 77 77 77 77 77 77 78 78 78 79 79 80 81 -9999 -9999 -9999 -9999
-9999 -9999 -9999 -9999 -9999 -9999 -9999 -9999 -9999 78 78 79 79 80 81 81 82 -9999 82 82 82 82 82 83 83 83 82 81 79 78 77 76 76 -9999 75 -9999 75 75 74 74 73 73 73 73 73 -9999 73 73 -9999 -9999 -9999 73 73 73 73 73 73 73 73 74 -9999 -9999 -9999 -9999 -9999 -9999 -9999 -9999 -9999 -9999 -9999 -9999 -9999 77 77 77 77 78 78 78 78 78 78 78 78 78 79 79 80 80 81 81 82 82 -9999 -9999
-9999 -9999 -9999 -9999 -9999 -9999 -9999 -9999 -9999 77 77 78 78 79 80 80 81 81 81 81 81 81 81 82 83 83 82 80 78 77 76 75 74 74 74 75 75 74 74 73 73 73 73 72 72 72 72 73 73 73 73 73 73 73 73 73 73 73 73 73 73 -9999 -9999 -9999 -9999 -9999 -9999 -9999 -9999 -9999 -9999 -9999 -9999 -9999 -9999 78 78 78 78 78 78 79 79 79 79 79 79 80 80 81 -9999 82 82 83 -9999 -9999
-9999 -9999 -9999 -9999 -9999 -9999 -9999 -9999 75 76 77 77 78 78 79 79 80 80 80 80 80 80 80 81 81 81 80 78 76 75 74 73 73 73 73 73 73 73 -9999 73 73 72 72 72 72 72 72 73 73 73 73 72 72 72 72 72 72 72 72 72 72 73 -9999 -9999 -9999 -9999 -9999 -9999 -9999 -9999 -9999 -9999 -9999 -9999 -9999 -9999 78 79 79 79 79 79 79 79 80 80 80 81 81 81 82 82 83 -9999 -9999 -9999
-9999 -9999 -9999 -9999 -9999 -9999 -9999 -9999 -9999 75 76 76 77 77 78 78 78 79 79 79 79 79 79 79 79 78 77 76 74 73 72 72 72 72 72 72 72 72 72 72 72 72 72 72 72 72 72 72 72 72 72 72 72 72 72 72 72 72 72 72 72 72 72 -9999 -9999 -9999 -9999 -9999 -9999 -9999 -9999 -9999 -9999 -9999 -9999 -9999 -9999 79 79 80 80 80 80 80 80 81 81 81 82 82 83 83 84 84 85 85
-9999 -9999 -9999 -9999 -9999 -9999 -9999 73 -9999 -9999 -9999 75 76 76 76 77 77 77 77 77 77 77 77 77 77 76 75 73 72 70 70 70 70 70 71 71 71 71 72 72 -9999 72 72 72 72 72 -9999 72 72 72 -9999 -9999 72 72 72 72 71 71 71 71 71 71 72 72 -9999 -9999 -9999 -9999 -9999 -9999 -9999 -9999 -9999 -9999 -9999 -9999 -9999 -9999 -9999 80 80 81 81 81 81 81 82 82 82 83 83 84 84 84 85 85
-9999 -9999 -9999 -9999 -9999 -9999 -9999 -9999 -9999 -9999 -9999 74 -9999 75 75 76 76 76 76 76 76 76 75 75 74 74 72 71 69 68 67 68 68 69 69 70 -9999 71 -9999 -9999 -9999 -9999 -9999 -9999 -9999 -9999 -9999 -9999 -9999 -9999 -9999 72 72 72 71 71 71 71 71 71 71 71 71 72 72 -9999 -9999 -9999 -9999 -9999 -9999 -9999 -9999 -9999 -9999 -9999 80 80 81 81 81 81 81 82 82 82 82 83 83 83 84 84 84 85 85 86
69 69 -9999 -9999 -9999 -9999 -9999 -9999 -9999 72 -9999 -9999 -9999 -9999 -9999 74 -9999 -9999 75 75 75 74 74 73 73 72 70 69 67 65 65 -9999 -9999 -9999 69 -9999 -9999 -9999 -9999 -9999 -9999 -9999 -9999 -9999 -9999 -9999 -9999 -9999 -9999 -9999 -9999 -9999 -9999 -9999 71 71 71 71 70 70 70 70 70 71 72 73 -9999 -9999 -9999 -9999 -9999 -9999 -9999 -9999 -9999 -9999 81 81 81 82 82 82 82 82 82 83 83 83 83 84 84 84 85 85 85 86
68 68 -9999 -9999 -9999 -9999 -9999 -9999 -9999 -9999 -9999 -9999 -9999 -9999 73 73 73 -9999 73 73 73 73 72 72 71 70 69 68 -9999 -9999 -9999 -9999 -9999 -9999 -9999 -9999 -9999 -9999 -9999 -9999 -9999 -9999 -9999 -9999 -9999 -9999 -9999 -9999 -9999 -9999 -9999 -9999 -9999 -9999 -9999 -9999 -9999 -9999 -9999 -9999 69 69 70 71 72 73 -9999 -9999 -9999 77 78 79 79 80 81 81 81 82 82 82 82 83 83 83 83 83 83 84 84 84 84 85 85 85 86 86
-9999 -9999 -9999 -9999 -9999 69 -9999 -9999 -9999 -9999 -9999 -9999 -9999 -9999 -9999 -9999 -9999 -9999 -9999 -9999 -9999 -9999 -9999 -9999 -9999 -9999 -9999 -9999 -9999 -9999 -9999 -9999 -9999 -9999 -9999 -9999 -9999 -9999 -9999 -9999 -9999 -9999 -9999 -9999 -9999 -9999 -9999 -9999 -9999 -9999 -9999 -9999 -9999 -9999 71 71 71 71 -9999 -9999 -9999 69 70 71 72 73 -9999 76 -9999 78 78 79 80 81 81 82 82 83 83 83 83 83 83 83 84 84 84 84 84 84 85 85 85 85 86 86
-9999 -9999 -9999 -9999 -9999 -9999 -9999 -9999 -9999 -9999 -9999 -9999 -9999 -9999 -9999 -9999 -9999 -9999 -9999 -9999 -9999 -9999 -9999 -9999 -9999 -9999 -9999 -9999 -9999 -9999 -9999 -9999 -9999 -9999 -9999 -9999 -9999 -9999 -9999 -9999 -9999 -9999 -9999 -9999 -9999 -9999 -9999 -9999 72 -9999 -9999 72 72 71 71 71 71 71 70 70 70 70 71 72 73 74 75 76 77 78 79 80 81 82 82 83 83 83 84 84 84 84 84 84 84 84 84 84 85 85 85 85 85 85 86 86
-9999 -9999 -9999 -9999 -9999 -9999 -9999 -9999 -9999 -9999 -9999 -9999 -9999 -9999 -9999 -9999 -9999 -9999 -9999 -9999 -9999 -9999 -9999 -9999 -9999 -9999 -9999 -9999 -9999 -9999 -9999 -9999 -9999 66 67 67 68 -9999 -9999 -9999 -9999 -9999 -9999 -9999 -9999 -9999 -9999 -9999 -9999 72 72 72 72 72 72 72 71 71 71 71 71 71 72 73 74 75 76 77 78 79 80 81 82 82 83 83 84 84 84 85 85 85 85 85 85 85 85 85 85 85 85 85 85 86 86 86
-9999 -9999 -9999 -9999 -9999 -9999 -9999 -9999 -9999 -9999 -9999 -9999 -9999 -9999 -9999 -9999 -9999 -9999 -9999 -9999 -9999 -9999 -9999 -9999 -9999 -9999 67 66 66 66 66 66 66 66 67 67 68 68 69 69 70 70 -9999 71 71 -9999 -9999 -9999 72 72 72 72 72 72 72 72 72 72 72 72 72 72 73 73 74 75 76 78 79 80 81 81 82 83 84 84 85 85 85 85 85 85 85 85 85 85 85 85 85 85 85 85 85 86 86 86
-9999 -9999 -9999 -9999 -9999 -9999 -9999 -9999 -9999 -9999 -9999 -9999 -9999 -9999 -9999 -9999 -9999 -9999 -9999 -9999 -9999 -9999 67 67 -9999 66 66 66 66 66 66 66 66 66 67 67 68 68 69 69 70 70 70 71 71 71 72 72 72 72 72 72 72 72 72 72 72 72 72 73 73 73 74 74 75 76 77 78 79 80 81 82 83 84 85 85 86 86 86 86 86 86 86 86 86 86 85 85 85 85 85 85 85 85 86 86
-9999 -9999 -9999 -9999 -9999 -9999 -9999 -9999 -9999 -9999 -9999 -9999 -9999 -9999 -9999 -9999 -9999 -9999 -9999 -9999 -9999 67 66 66 66 66 66 66 66 66 66 66 66 67 67 67 68 68 69 69 70 70 71 71 71 72 72 72 72 72 72 72 73 73 73 73 73 73 73 73 74 -9999 75 75 76 77 78 79 80 81 82 83 84 85 86 86 87 87 87 87 87 87 86 86 86 86 86 86 86 85 85 85 85 85 85 86
-9999 -9999 -9999 -9999 -9999 -9999 -9999 -9999 -9999 -9999 -9999 -9999 -9999 66 66 66 66 66 -9999 -9999 -9999 66 66 66 65 65 65 65 66 66 66 66 66 67 67 68 68 69 69 69 70 70 -9999 -9999 -9999 -9999 72 72 72 73 73 73 73 73 73 73 73 74 74 74 75 75 76 76 77 78 79 80 81 82 83 84 85 86 87 87 88 88 88 87 87 87 87 87 86 86 86 86 86 86 86 85 85 85 85 85
-9999 -9999 -9999 -9999 -9999 -9999 -9999 -9999 -9999 -9999 -9999 -9999 -9999 -9999 -9999 65 -9999 -9999 -9999 -9999 -9999 -9999 -9999 65 65 65 65 65 65 66 66 66 66 67 67 68 68 69 69 70 70 71 71 -9999 -9999 -9999 -9999 73 73 73 73 73 73 73 74 74 74 74 75 75 75 76 77 77 78 79 80 81 81 82 83 84 85 86 87 88 89 88 88 88 87 87 87 87 86 86 86 86 86 86 86 85 85 85 85 85
-9999 -9999 -9999 -9999 -9999 -9999 -9999 -9999 -9999 -9999 -9999 -9999 -9999 -9999 -9999 65 -9999 65 -9999 65 -9999 65 64 64 64 64 65 65 65 65 66 66 67 67 68 68 69 69 70 70 70 71 71 -9999 -9999 -9999 -9999 73 73 73 73 74 74 74 74 74 75 75 75 76 76 77 78 78 79 80 80 81 82 83 84 85 86 87 88 89 89 89 88 88 88 87 87 87 87 86 86 86 86 86 86 85 85 85 85 85
-9999 -9999 -9999 -9999 -9999 -9999 -9999 -9999 -9999 -9999 -9999 -9999 64 64 64 64 64 64 -9999 -9999 -9999 -9999 64 64 64 64 64 64 65 65 66 66 67 67 68 68 69 69 70 70 71 71 72 72 -9999 -9999 73 73 74 74 74 74 74 74 75 75 75 76 76 77 77 78 78 79 80 80 81 -9999 83 84 84 85 86 87 88 88 89 89 88 88 88 87 87 87 87 86 86 86 86 86 85 85 85 85 85 85
-9999 -9999 -9999 -9999 -9999 -9999 -9999 -9999 -9999 -9999 -9999 -9999 64 64 64 64 -9999 -9999 -9999 -9999 -9999 -9999 -9999 -9999 -9999 -9999 -9999 64 65 65 66 66 67 68 68 69 -9999 70 70 71 71 72 72 72 73 73 73 74 74 74 74 74 75 75 75 76 76 76 77 77 78 79 79 80 80 81 -9999 -9999 -9999 -9999 85 86 86 87 88 88 88 88 88 88 88 87 87 87 87 86 86 86 86 85 85 85 85 85 85 84
-9999 -9999 -9999 -9999 -9999 -9999 -9999 -9999 -9999 -9999 -9999 -9999 -9999 -9999 -9999 -9999 -9999 -9999 -9999 -9999 -9999 -9999 -9999 -9999 -9999 -9999 -9999 64 65 65 66 67 67 68 68 69 70 70 70 71 71 72 72 73 73 74 -9999 -9999 75 75 75 75 75 75 76 76 77 77 78 78 79 79 80 81 81 82 83 83 84 84 85 86 86 87 87 88 88 88 88 88 88 87 87 87 86 86 86 86 85 85 85 85 85 84 84 84
-9999 -9999 -9999 -9999 -9999 -9999 -9999 -9999 -9999 -9999 -9999 -9999 -9999 -9999 -9999 -9999 -9999 -9999 -9999 -9999 -9999 -9999 -9999 -9999 -9999 -9999 63 64 65 65 66 67 68 68 69 69 70 71 71 71 72 72 73 73 74 74 74 -9999 -9999 75 75 75 76 76 76 77 77 78 78 79 80 80 81 81 82 83 83 84 84 85 85 86 86 87 87 88 88 88 88 88 87 87 87 87 86 86 86 86 85 85 85 85 84 84 84 84
-9999 -9999 -9999 -9999 -9999 -9999 -9999 -9999 -9999 -9999 -9999 -9999 -9999 -9999 -9999 63 -9999 -9999 -9999 -9999 -9999 -9999 -9999 -9999 -9999 -9999 63 64 65 66 66 -9999 68 69 69 70 71 71 71 72 72 73 73 73 74 74 75 75 76 76 76 76 76 76 77 78 78 79 79 80 80 81 82 82 83 83 84 84 85 85 86 86 86 87 87 87 87 87 87 87 87 87 87 86 86 86 86 85 85 85 85 84 84 84 84 84
-9999 -9999 -9999 -9999 -9999 -9999 -9999 -9999 -9999 -9999 -9999 63 63 63 63 63 -9999 -9999 -9999 -9999 -9999 -9999 -9999 -9999 -9999 -9999 63 64 65 66 67 68 69 69 70 71 71 72 72 72 73 73 73 74 74 75 75 75 76 76 76 76 77 77 78 78 79 79 80 80 81 82 82 83 83 84 84 85 85 85 86 86 86 87 87 87 87 87 87 87 87 87 86 86 86 86 -9999 85 85 85 84 84 84 84 83 83
-9999 -9999 -9999 -9999 -9999 -9999 -9999 -9999 -9999 62 62 63 63 63 63 64 63 63 -9999 -9999 -9999 -9999 -9999 -9999 -9999 -9999 64 64 65 67 68 68 69 70 71 71 72 72 73 73 73 74 74 74 75 75 75 76 76 76 76 77 77 78 78 78 79 80 80 81 82 82 83 83 84 84 85 85 85 86 86 86 86 86 87 87 87 87 87 87 86 86 86 86 86 85 85 85 85 84 84 84 84 83 83 83
-9999 -9999 -9999 -9999 -9999 -9999 -9999 -9999 -9999 62 62 63 63 64 64 64 64 64 -9999 -9999 -9999 -9999 -9999 -9999 -9999 -9999 64 65 66 67 68 69 70 71 71 72 72 73 73 74 74 74 75 75 75 76 76 76 76 77 77 77 78 78 79 79 80 80 81 82 82 83 84 84 84 85 85 85 86 86 86 86 86 86 86 86 86 86 86 86 86 86 86 86 85 85 85 85 84 84 84 84 83 83 83 83
-9999 -9999 -9999 -9999 -9999 -9999 -9999 -9999 62 62 63 63 64 64 64 64 64 64 64 64 -9999 -9999 -9999 -9999 -9999 63 64 66 67 68 69 70 71 72 72 72 73 73 74 74 74 75 75 75 76 76 76 77 77 77 77 78 78 79 79 80 80 81 82 82 83 84 84 85 85 85 86 86 86 86 86 86 86 86 86 86 86 86 86 86 86 86 85 85 85 85 85 84 84 84 83 83 83 83 82 82
-9999 -9999 -9999 -9999 -9999 -9999 -9999 61 62 62 63 64 64 65 65 65 65 65 65 65 64 64 63 62 62 64 65 67 68 70 71 72 72 73 73 73 74 74 74 75 75 75 75 76 76 76 77 77 77 77 78 78 79 79 80 80 81 81 82 83 84 84 85 86 86 86 86 86 86 86 86 86 86 86 86 86 86 86 86 86 85 85 85 85 85 84 84 84 84 84 83 83 83 82 82 82
-9999 -9999 -9999 -9999 -9999 -9999 60 61 62 63 63 64 65 65 66 66 66 66 66 66 66 65 65 64 65 66 67 69 70 71 72 73 73 74 74 74 75 75 75 75 76 76 76 76 76 77 77 77 77 78 78 78 79 79 80 80 81 82 82 83 84 85 86 86 86 86 86 86 86 86 86 86 86 86 86 85 85 85 85 85 85 85 85 85 84 84 84 84 84 83 83 83 82 82 82 82
-9999 -9999 -9999 -9999 -9999 -9999 60 61 62 63 64 65 66 66 67 67 67 68 68 68 67 67 67 67 67 68 69 71 72 73 74 74 75 75 75 76 76 76 76 76 76 76 76 76 77 77 77 77 78 78 78 79 79 80 80 81 81 82 83 83 84 85 86 87 87 87 87 86 86 86 85 85 85 85 85 85 85 85 85 85 85 84 84 84 84 84 84 83 83 83 83 82 82 82 82 81
-9999 -9999 -9999 -9999 -9999 -9999 60 61 62 64 65 66 67 67 68 68 69 69 69 69 69 69 69 69 70 71 72 73 74 75 76 76 76 76 76 76 76 77 77 77 77 77 77 77 77 77 77 78 78 78 79 79 79 80 80 81 81 82 83 84 84 86 87 87 87 87 87 86 86 85 85 85 85 85 85 85 84 84 84 84 84 84 84 84 84 84 83 83 83 83 83 82 82 82 81 81
-9999 -9999 -9999 -9999 -9999 -9999 60 61 63 64 66 67 68 68 69 70 70 71 71 71 71 71 71 71 72 73 74 75 77 77 77 77 77 77 77 77 77 77 77 77 77 77 77 77 77 77 78 78 78 78 79 79 80 80 80 81 82 82 83 84 84 85 86 87 87 87 86 86 85 85 85 85 84 84 84 84 84 84 84 84 84 84 84 83 83 83 83 83 83 83 82 82 82 82 81 81
-9999 -9999 -9999 -9999 -9999 -9999 60 62 63 65 66 68 69 70 70 71 71 72 73 73 73 73 73 73 74 75 76 77 78 78 78 79 79 78 78 78 78 78 78 78 77 77 77 77 78 78 78 78 78 79 -9999 79 80 80 81 81 82 82 83 83 84 85 86 86 86 86 86 -9999 85 85 84 84 84 84 84 84 84 83 83 83 83 83 83 83 83 83 83 83 82 82 82 82 82 81 81 81
