resultados/variables/bio4.asc
ncols 330
nrows 228
xllcorner -12.000000
yllcorner 34.000000
cellsize 0.166667
NODATA_value -9999
[rows 37 to 73 of 228, columns 82 to 163 of 330]
-9999 -9999 -9999 -9999 -9999 -9999 -9999 -9999 -9999 -9999 -9999 -9999 -9999 -9999 -9999 -9999 -9999 -9999 -9999 -9999 -9999 -9999 -9999 -9999 -9999 -9999 -9999 -9999 -9999 -9999 -9999 -9999 -9999 -9999 -9999 -9999 -9999 -9999 -9999 -9999 -9999 -9999 -9999 -9999 -9999 -9999 -9999 -9999 -9999 -9999 -9999 -9999 -9999 -9999 -9999 -9999 -9999 -9999 -9999 -9999 -9999 -9999 -9999 -9999 -9999 5372 5474 5531 5616 5633 5777 5886 5987 6035 6125 6303 6398 6514 6630 6753 6858 7023
-9999 -9999 -9999 -9999 -9999 -9999 -9999 -9999 -9999 -9999 -9999 -9999 -9999 -9999 -9999 -9999 -9999 -9999 -9999 -9999 -9999 -9999 -9999 -9999 -9999 -9999 -9999 -9999 -9999 -9999 -9999 -9999 -9999 -9999 -9999 -9999 -9999 -9999 -9999 -9999 -9999 -9999 -9999 -9999 -9999 -9999 -9999 -9999 -9999 -9999 -9999 -9999 -9999 -9999 -9999 -9999 -9999 -9999 -9999 -9999 -9999 -9999 -9999 -9999 -9999 -9999 5550 5661 5732 5810 5865 5966 6056 6151 6259 6395 6549 6658 6780 6895 7000 7108
-9999 -9999 -9999 -9999 -9999 -9999 -9999 -9999 -9999 -9999 -9999 -9999 -9999 -9999 -9999 -9999 -9999 -9999 -9999 -9999 -9999 -9999 -9999 -9999 -9999 -9999 -9999 -9999 -9999 -9999 -9999 -9999 -9999 -9999 -9999 -9999 -9999 -9999 -9999 -9999 -9999 -9999 -9999 -9999 -9999 -9999 -9999 -9999 -9999 -9999 -9999 -9999 -9999 -9999 -9999 -9999 -9999 -9999 -9999 -9999 -9999 -9999 -9999 5420 5481 -9999 5682 5781 5900 5948 6009 6113 6253 6345 6409 6537 6659 6772 6888 6986 7106 7236
-9999 -9999 -9999 -9999 -9999 -9999 -9999 -9999 -9999 -9999 -9999 -9999 -9999 -9999 -9999 -9999 -9999 -9999 -9999 -9999 -9999 -9999 -9999 -9999 -9999 -9999 -9999 -9999 -9999 -9999 -9999 -9999 -9999 -9999 -9999 -9999 -9999 -9999 -9999 -9999 -9999 -9999 -9999 -9999 -9999 -9999 -9999 -9999 -9999 -9999 -9999 -9999 -9999 -9999 -9999 -9999 -9999 -9999 -9999 -9999 -9999 -9999 -9999 -9999 -9999 -9999 5775 5906 6001 6038 6127 6272 6413 6471 6581 6679 6771 6876 6987 7099 7215 7348
-9999 -9999 -9999 -9999 -9999 -9999 -9999 -9999 -9999 -9999 -9999 -9999 -9999 -9999 -9999 -9999 -9999 -9999 -9999 -9999 -9999 -9999 -9999 -9999 -9999 -9999 -9999 -9999 -9999 -9999 -9999 -9999 -9999 -9999 -9999 -9999 -9999 -9999 -9999 -9999 -9999 -9999 -9999 -9999 -9999 -9999 -9999 -9999 -9999 -9999 -9999 -9999 -9999 -9999 -9999 -9999 -9999 -9999 -9999 -9999 -9999 -9999 5602 5668 -9999 5818 5927 6031 6108 6138 6261 6383 6452 6577 6698 6801 6889 6999 7098 7208 7316 7451
-9999 -9999 -9999 -9999 -9999 -9999 -9999 -9999 -9999 -9999 -9999 -9999 -9999 -9999 -9999 -9999 -9999 -9999 -9999 -9999 -9999 -9999 -9999 -9999 -9999 -9999 -9999 -9999 -9999 -9999 -9999 -9999 -9999 -9999 -9999 -9999 -9999 -9999 -9999 -9999 -9999 -9999 -9999 -9999 -9999 -9999 -9999 -9999 -9999 -9999 -9999 -9999 -9999 -9999 -9999 5135 5226 -9999 5422 -9999 5551 5636 5717 5798 5876 5998 6088 6134 6190 6302 6398 6464 6579 6672 6768 6856 6968 7092 7196 7321 7427 7538
-9999 -9999 -9999 -9999 -9999 -9999 -9999 -9999 -9999 -9999 -9999 -9999 -9999 -9999 -9999 -9999 -9999 -9999 -9999 -9999 -9999 -9999 -9999 -9999 -9999 -9999 -9999 -9999 -9999 -9999 -9999 -9999 -9999 -9999 -9999 -9999 -9999 -9999 -9999 -9999 -9999 -9999 -9999 -9999 -9999 -9999 -9999 -9999 -9999 -9999 -9999 -9999 -9999 -9999 -9999 -9999 -9999 -9999 -9999 -9999 5685 5771 5875 5929 6013 6114 6167 6234 6332 6431 -9999 6576 6686 6778 6863 6977 7095 7193 7293 7410 7499 7606
-9999 -9999 -9999 -9999 -9999 -9999 -9999 -9999 -9999 -9999 -9999 -9999 -9999 -9999 -9999 -9999 -9999 -9999 -9999 -9999 -9999 -9999 -9999 -9999 -9999 -9999 -9999 -9999 -9999 -9999 -9999 -9999 -9999 -9999 -9999 -9999 -9999 -9999 -9999 -9999 -9999 -9999 -9999 -9999 -9999 -9999 -9999 -9999 -9999 -9999 -9999 -9999 -9999 -9999 -9999 -9999 -9999 5543 -9999 -9999 5828 5918 5980 6054 6128 6197 6298 6399 6488 6558 6632 6708 6782 6868 6962 7079 7195 7276 7384 7478 7590 7693
-9999 -9999 -9999 -9999 -9999 -9999 -9999 -9999 -9999 -9999 -9999 -9999 -9999 -9999 -9999 -9999 -9999 -9999 -9999 -9999 -9999 -9999 -9999 -9999 -9999 -9999 -9999 -9999 -9999 -9999 -9999 -9999 -9999 -9999 -9999 -9999 -9999 -9999 -9999 -9999 -9999 -9999 -9999 -9999 -9999 -9999 -9999 -9999 -9999 -9999 -9999 -9999 -9999 -9999 -9999 5492 5602 5685 5774 5863 5950 6035 6129 6203 6275 6344 6441 6525 6618 6682 6745 6822 6907 7011 7092 7175 7261 7360 7461 7575 7663 7777
-9999 -9999 -9999 -9999 -9999 -9999 -9999 -9999 -9999 -9999 -9999 -9999 -9999 -9999 -9999 -9999 -9999 -9999 -9999 -9999 -9999 -9999 -9999 -9999 -9999 -9999 -9999 -9999 -9999 -9999 -9999 -9999 -9999 -9999 -9999 -9999 -9999 -9999 -9999 -9999 -9999 -9999 -9999 -9999 -9999 -9999 -9999 -9999 -9999 -9999 -9999 -9999 -9999 5398 5524 5625 5732 5814 5918 6024 6118 6190 6263 -9999 6408 6500 6588 6644 6732 6820 6887 6950 7029 7119 7218 7307 7382 7461 7561 7652 7739 7839
-9999 -9999 -9999 -9999 -9999 -9999 -9999 -9999 -9999 -9999 -9999 -9999 -9999 -9999 -9999 -9999 -9999 -9999 -9999 -9999 -9999 -9999 -9999 -9999 -9999 -9999 -9999 -9999 -9999 -9999 -9999 -9999 -9999 -9999 -9999 -9999 -9999 -9999 -9999 -9999 -9999 -9999 -9999 -9999 -9999 -9999 -9999 -9999 -9999 -9999 5186 5291 5404 5533 5660 5776 5878 5935 6047 6147 6232 6333 6434 6523 6602 6673 6731 6783 6860 6936 7019 7084 7152 7198 7285 7377 7477 7566 7659 7734 7836 7909
-9999 -9999 -9999 -9999 -9999 -9999 -9999 -9999 -9999 -9999 -9999 -9999 -9999 -9999 -9999 -9999 -9999 -9999 -9999 -9999 -9999 -9999 -9999 -9999 -9999 -9999 -9999 -9999 -9999 -9999 -9999 -9999 -9999 -9999 -9999 -9999 -9999 -9999 -9999 -9999 -9999 -9999 -9999 -9999 -9999 -9999 -9999 -9999 -9999 -9999 -9999 5408 5531 5674 5778 -9999 -9999 6115 6216 6313 6428 6514 6596 6685 6751 6801 6862 6904 6998 7051 7117 7194 7249 7307 7374 -9999 7538 7640 7726 7818 7901 7977
-9999 -9999 -9999 -9999 -9999 -9999 -9999 -9999 -9999 -9999 -9999 -9999 -9999 -9999 -9999 -9999 -9999 -9999 -9999 -9999 -9999 -9999 -9999 -9999 -9999 -9999 -9999 -9999 -9999 -9999 -9999 -9999 -9999 -9999 -9999 -9999 -9999 -9999 -9999 -9999 -9999 -9999 4872 -9999 -9999 -9999 -9999 -9999 -9999 -9999 -9999 5549 5676 5790 5906 6027 -9999 -9999 6392 6483 6583 6680 6763 6823 6874 6941 6999 7030 7081 7144 7205 7255 7315 7402 7461 7548 7629 7711 7798 7891 7960 8048
-9999 -9999 -9999 -9999 -9999 -9999 -9999 -9999 -9999 -9999 -9999 -9999 -9999 -9999 -9999 -9999 -9999 -9999 -9999 -9999 -9999 -9999 -9999 -9999 -9999 -9999 -9999 -9999 -9999 -9999 -9999 -9999 -9999 -9999 -9999 -9999 -9999 -9999 -9999 -9999 -9999 -9999 5035 5092 -9999 -9999 -9999 5328 -9999 -9999 5573 5670 5791 -9999 6060 -9999 6331 6471 6611 6725 6813 6876 6941 6983 7030 7071 7120 7156 7211 7274 7318 7362 7416 7464 7536 7629 7703 7787 7876 7971 8037 8105
-9999 -9999 -9999 -9999 -9999 -9999 -9999 -9999 -9999 -9999 -9999 -9999 -9999 -9999 -9999 -9999 -9999 -9999 -9999 -9999 -9999 -9999 -9999 -9999 -9999 -9999 -9999 -9999 -9999 -9999 -9999 -9999 -9999 -9999 -9999 -9999 -9999 4717 4826 -9999 -9999 -9999 5227 -9999 -9999 5395 5470 5526 5607 5673 -9999 5895 5982 6115 6273 6397 6543 6684 6813 6918 6954 7039 7099 7137 7175 7207 7242 7281 7327 7356 7398 7452 7502 7552 7620 7685 7756 7863 7961 8039 8099 8154
-9999 -9999 -9999 -9999 -9999 -9999 -9999 -9999 -9999 -9999 -9999 -9999 -9999 -9999 -9999 -9999 -9999 -9999 -9999 -9999 -9999 -9999 -9999 -9999 -9999 -9999 -9999 -9999 -9999 -9999 -9999 -9999 -9999 -9999 -9999 -9999 -9999 -9999 -9999 -9999 -9999 5316 5416 5495 5572 5655 5729 5772 5828 5924 5998 6084 6212 6372 6512 -9999 6766 6919 7039 7114 7162 7205 7247 7282 7323 -9999 7375 7409 7444 7474 7505 7536 7577 7624 7681 -9999 7810 7936 8046 8110 8143 8201
-9999 -9999 -9999 -9999 -9999 -9999 -9999 -9999 -9999 -9999 -9999 -9999 -9999 -9999 -9999 -9999 -9999 -9999 -9999 -9999 -9999 -9999 -9999 -9999 -9999 -9999 -9999 -9999 -9999 -9999 -9999 -9999 -9999 -9999 -9999 -9999 -9999 -9999 -9999 5278 5405 5525 5624 5727 5803 5882 5955 6013 6095 6182 6274 6349 6490 6642 6785 6906 7037 7146 7235 7309 7358 7388 7409 7416 7453 7456 7484 7507 7544 7577 7605 7636 7673 7711 7762 7811 -9999 7990 8098 8144 8193 8227
-9999 -9999 -9999 -9999 -9999 -9999 -9999 -9999 -9999 -9999 -9999 -9999 -9999 -9999 -9999 -9999 -9999 -9999 -9999 -9999 -9999 -9999 -9999 -9999 -9999 -9999 -9999 -9999 -9999 -9999 -9999 -9999 4337 4494 -9999 4828 -9999 5164 -9999 5454 -9999 5730 5833 5923 6013 6102 6176 6275 6352 6441 6533 6625 6737 6855 6982 7118 7257 7375 7444 7467 7539 7550 7527 7545 7551 7564 7577 7597 7630 7648 7677 7713 7747 7783 7830 7873 7939 8018 8109 8165 8205 8253
-9999 -9999 -9999 -9999 -9999 -9999 -9999 -9999 -9999 -9999 -9999 -9999 -9999 -9999 -9999 -9999 -9999 -9999 -9999 -9999 -9999 -9999 -9999 -9999 -9999 -9999 -9999 -9999 -9999 -9999 -9999 -9999 4427 4603 -9999 4959 5133 -9999 5471 5620 -9999 5882 6003 6096 6190 6238 6352 6435 6533 6657 6744 6830 6936 7053 7168 7306 7435 7568 7671 7667 7678 7686 7658 7650 7667 7673 7690 7705 7704 7712 7744 7773 7793 7841 7883 7930 7993 8054 8130 8170 8222 8255
-9999 -9999 -9999 -9999 -9999 -9999 -9999 -9999 -9999 -9999 -9999 -9999 -9999 -9999 -9999 -9999 -9999 -9999 -9999 -9999 -9999 -9999 -9999 -9999 -9999 -9999 -9999 -9999 4043 4145 4277 4434 -9999 4759 -9999 5104 -9999 5423 5584 5690 5860 5963 6090 6255 6373 6461 6529 6676 6696 6796 6913 7023 7120 7200 7313 7462 7617 7759 7855 7847 7837 7801 7750 7757 7766 7763 7761 7772 7779 7791 7809 7832 7858 7898 7937 7970 8025 8076 8137 8181 8221 8271
-9999 -9999 -9999 -9999 -9999 -9999 -9999 -9999 -9999 -9999 -9999 -9999 -9999 -9999 -9999 -9999 -9999 -9999 -9999 -9999 -9999 -9999 -9999 -9999 -9999 3963 -9999 4077 -9999 4269 4413 -9999 4705 4852 5021 5183 5315 5509 5662 5805 5967 6186 6128 6221 6308 6412 6519 6702 6770 6912 7021 7152 7307 7408 7515 7646 7763 7790 7893 7934 7922 7917 7884 7866 7851 7842 7832 7833 7834 7838 7858 7883 7902 7938 7977 8007 8055 8097 8146 8179 8233 8253
-9999 -9999 -9999 -9999 -9999 -9999 -9999 -9999 -9999 -9999 -9999 -9999 -9999 -9999 -9999 -9999 -9999 -9999 -9999 -9999 -9999 -9999 -9999 3930 3980 -9999 4119 4194 -9999 4400 4524 4673 4845 4980 -9999 5250 5359 5565 5826 6007 6116 6314 6408 6437 6477 6539 6752 6926 7022 7046 7192 7312 7452 7561 7657 7752 7772 7814 7923 7934 7998 -9999 7926 7913 7905 7893 7893 7898 7894 7891 7905 7922 7948 7977 7992 8025 8072 8112 8150 8180 8216 8264
-9999 -9999 -9999 -9999 -9999 -9999 -9999 -9999 -9999 -9999 -9999 -9999 -9999 -9999 -9999 -9999 -9999 -9999 -9999 -9999 -9999 -9999 -9999 -9999 4070 -9999 -9999 -9999 4407 4519 4648 4787 4904 5030 5183 5318 5510 5607 5685 5954 6167 6392 6569 6854 7078 6962 6842 6965 7141 7343 7402 7453 7550 7682 7759 7835 7881 7903 7974 8011 8036 8013 7973 7965 7940 7934 7926 7922 7920 7914 7941 7957 7969 7985 8019 8046 8084 8113 8151 8187 8214 8245
-9999 -9999 -9999 -9999 -9999 -9999 -9999 -9999 -9999 -9999 -9999 -9999 -9999 -9999 -9999 -9999 -9999 -9999 -9999 -9999 -9999 3970 -9999 -9999 -9999 -9999 4327 -9999 4539 4666 4779 4890 -9999 5130 5195 5364 5678 5923 6053 6295 6407 6602 6775 7031 7185 7334 7294 7060 7102 7211 7452 7547 7619 7656 7792 7942 7986 7959 7983 8024 8052 8034 8019 8018 8008 7993 7973 7962 7959 7951 7957 7974 7989 8004 8024 8043 8098 8116 8141 8181 8207 8238
-9999 -9999 -9999 -9999 -9999 -9999 -9999 -9999 -9999 -9999 -9999 -9999 -9999 -9999 -9999 -9999 -9999 -9999 -9999 -9999 -9999 4052 4103 4166 4240 -9999 4430 4529 4666 4737 4822 -9999 4967 -9999 5348 -9999 5661 -9999 5926 6253 6518 6475 6598 7096 7423 7529 7589 7664 7532 7534 7537 7627 7717 7857 7948 7975 8008 8041 8038 8045 8052 8024 8005 8007 8008 8007 8002 7987 7981 7973 7967 7987 7994 7999 8035 8057 8080 8111 8132 8173 8194 8215
-9999 -9999 -9999 -9999 -9999 -9999 -9999 -9999 -9999 -9999 -9999 -9999 -9999 -9999 -9999 -9999 -9999 -9999 -9999 -9999 -9999 4145 -9999 4288 4370 4453 4532 4628 4766 4852 4847 5008 -9999 5480 5481 5793 5924 5951 6072 6082 6207 6335 6599 7098 7203 7582 7501 7719 7851 7830 7863 7793 7733 7825 7917 8016 8059 8079 8045 8044 8041 8024 8030 7988 7984 7975 7972 7968 7971 7966 7969 7985 7991 8001 8021 8035 8076 8101 8111 8154 8183 8191
-9999 -9999 -9999 -9999 -9999 -9999 -9999 -9999 -9999 -9999 -9999 -9999 -9999 -9999 -9999 -9999 -9999 -9999 -9999 -9999 -9999 4228 4301 4383 4477 4570 4662 4744 4820 4920 5139 5193 -9999 5694 -9999 5875 6005 6206 6225 6328 6512 6576 6871 7009 7329 7581 7626 7590 7814 7796 7844 7982 7902 7849 7887 7999 8078 8089 8078 8072 8069 8065 8043 8014 7985 7983 7973 7958 7962 7969 7964 7977 7989 7989 7998 8040 8049 8071 8102 8128 8158 8173
-9999 -9999 -9999 -9999 -9999 -9999 -9999 -9999 -9999 -9999 -9999 -9999 -9999 -9999 -9999 -9999 -9999 -9999 -9999 -9999 4240 4305 4387 4465 4562 4647 4739 4838 4939 -9999 5229 5448 5657 5841 5955 6128 6247 6232 6424 6672 6726 6810 7244 7543 7527 7579 7620 7734 7850 7941 8033 8089 8050 7918 7969 7974 8013 8089 8108 8082 8062 8059 8033 8014 7987 7972 7968 7954 7951 7957 7963 7970 7965 7967 7992 8012 8025 8055 8072 8098 8131 8151
-9999 -9999 -9999 -9999 -9999 -9999 -9999 -9999 -9999 -9999 -9999 -9999 -9999 -9999 -9999 -9999 -9999 -9999 -9999 4208 -9999 -9999 4467 -9999 4662 4743 4830 4969 -9999 5279 5295 -9999 5759 5805 6029 6141 6275 6402 6461 6483 6693 7191 7442 7755 7993 7793 7828 7863 7801 7961 7987 8061 8146 8097 8068 8060 8049 8069 8099 8074 8049 8034 8021 7993 7973 7960 7943 7939 7935 7930 7928 7935 7927 7955 7957 7970 7999 -9999 8048 8071 8093 8116
-9999 -9999 -9999 -9999 -9999 -9999 -9999 -9999 -9999 -9999 -9999 -9999 -9999 -9999 -9999 -9999 -9999 -9999 -9999 -9999 4378 4456 4537 4621 4685 4805 4892 5013 5151 5257 5432 5578 5804 5903 5941 5976 6073 6222 6384 6682 6971 7006 7363 7590 7749 8010 7975 8085 8068 8086 8150 8094 8088 8129 8122 8100 8074 8058 8067 8045 8031 8005 7990 7971 7945 7924 7906 7907 7909 7902 7886 7897 7899 7918 7911 7937 7958 7962 -9999 8017 8058 8076
-9999 -9999 -9999 -9999 -9999 -9999 -9999 -9999 -9999 -9999 -9999 -9999 -9999 -9999 -9999 -9999 -9999 -9999 -9999 -9999 4443 -9999 4614 4714 4831 4896 5013 5093 5287 5457 5570 5700 5815 5881 5963 6157 6267 6517 6618 6703 6980 7261 7631 7828 7812 7649 7878 8103 8174 8089 8108 8139 8075 8084 8098 -9999 8082 8062 8039 8012 7990 7963 7945 7935 7919 7889 7875 7866 7863 7865 7847 7855 7865 7868 7865 7901 7896 7936 7934 7969 8013 8036
-9999 -9999 -9999 -9999 -9999 -9999 -9999 -9999 -9999 -9999 -9999 -9999 -9999 -9999 -9999 -9999 -9999 -9999 -9999 -9999 4504 4610 -9999 4816 4893 4978 5097 5215 5376 5545 5684 5853 5938 6075 -9999 6173 6340 6459 6771 7021 7172 7336 7437 7648 8109 7777 7807 7852 8104 8158 8072 8084 8041 8005 7996 7980 7987 8014 7974 7934 7924 7914 7893 7862 7851 7850 7825 7814 7807 7811 7804 7797 7816 7820 7809 7846 7840 7877 7876 7918 7934 7978
-9999 -9999 -9999 -9999 -9999 -9999 -9999 -9999 -9999 -9999 -9999 -9999 -9999 -9999 -9999 -9999 -9999 -9999 -9999 -9999 -9999 -9999 4765 -9999 4964 5021 5141 -9999 -9999 5594 5746 5824 6095 6264 6430 6457 6578 6631 6709 6858 7034 7175 7330 7381 7360 7847 7916 7923 7860 7875 8014 7975 -9999 7908 7871 7908 7962 7955 7920 7895 7863 7843 7823 7802 7785 7777 7782 7757 7759 7752 7756 7746 7754 7761 7762 7773 7782 7806 7813 7848 7863 7893
-9999 -9999 -9999 -9999 -9999 -9999 -9999 -9999 -9999 -9999 -9999 -9999 -9999 -9999 -9999 -9999 -9999 -9999 -9999 -9999 4563 -9999 4816 -9999 4996 5092 -9999 5338 5389 -9999 5628 5789 6008 6126 6288 6452 6518 6562 6610 6651 6741 6897 7103 7450 7557 7586 7619 7867 7975 7944 7905 7880 7834 7798 7808 7841 7905 7882 7843 7816 7786 7760 7757 7732 7719 7707 7706 7698 7694 7694 7691 7685 7690 7695 7704 7717 7706 7732 7738 7777 7779 7801
-9999 -9999 -9999 -9999 -9999 -9999 -9999 -9999 -9999 -9999 -9999 -9999 -9999 -9999 -9999 -9999 -9999 -9999 -9999 -9999 -9999 -9999 -9999 -9999 -9999 -9999 -9999 5296 -9999 5610 5647 5742 5909 6109 6270 6383 6460 6453 6484 6579 6630 6807 7107 7066 7585 7627 7762 7863 7841 7787 7770 7739 7658 7664 7696 7739 7778 7761 7733 7703 7686 7669 7657 7657 7647 7633 7634 7636 7622 7626 7628 7613 7624 7633 7629 7641 7636 7653 7649 7683 7696 7707
-9999 -9999 -9999 -9999 -9999 -9999 -9999 -9999 -9999 -9999 -9999 -9999 -9999 -9999 -9999 -9999 -9999 -9999 -9999 -9999 -9999 -9999 4777 4902 -9999 5116 5222 5290 5442 5620 5685 -9999 5843 6085 6229 6315 6217 6355 6493 6535 6590 6744 7062 7256 7294 7322 7599 7606 7619 7610 7502 7529 7524 7560 7572 7583 7602 7602 7593 7586 7575 7574 7570 7563 7567 7557 7558 -9999 7558 7556 7565 7554 7544 7563 7558 7563 7559 7575 7565 7586 7608 7619
-9999 -9999 -9999 -9999 -9999 -9999 -9999 -9999 -9999 -9999 -9999 -9999 -9999 -9999 -9999 -9999 -9999 -9999 -9999 -9999 -9999 -9999 -9999 -9999 -9999 -9999 -9999 5337 5459 5565 5731 5786 5890 6090 6251 6380 6388 6363 6596 6560 6521 6700 6851 7039 7304 7200 7287 7382 7394 7398 7342 -9999 7354 -9999 7367 7395 7417 7437 7447 7453 7458 7461 7469 7467 7474 7483 7475 7485 7481 7485 7486 7489 7481 7477 7481 7487 7479 7491 7479 7491 7503 7513
