resultados/variables/bio4.asc
ncols 330
nrows 228
xllcorner -12.000000
yllcorner 34.000000
cellsize 0.166667
NODATA_value -9999
[rows 148 to 184 of 228, columns 82 to 163 of 330]
5622 5643 5680 5713 5714 5708 5704 5688 5677 5679 5728 5788 5835 5827 5853 5945 6035 6100 6156 6244 6352 6355 6340 6310 6284 6266 6244 6250 6245 6235 6221 6156 6084 6093 6114 6158 6238 6241 6212 6214 6302 6264 6341 6341 6225 6112 6166 6574 6270 5966 5789 5752 5755 5817 6202 6231 6062 6368 6590 6370 6149 6532 6155 6357 6450 6456 6475 6558 6570 6523 6279 6225 6218 6208 6356 6567 6762 6885 7110 7173 6928 7258
5587 5613 5670 5714 5756 5747 5709 5661 5625 5657 5704 5774 5833 5843 5859 5992 6084 6135 6188 6304 6364 6386 6365 6338 6316 6282 6252 6236 6187 6160 6097 6107 6169 6287 6271 6260 6156 6099 6176 6234 6263 6118 5963 5887 6027 5815 6178 5940 5752 6087 5660 5507 5722 5992 5792 5744 5350 5786 6246 5821 5912 5926 5778 -9999 5748 5915 5719 5979 6140 5994 5978 6331 6553 6529 6628 6849 7030 6597 7011 6828 7421 7544
5557 5599 5639 5689 5709 5718 5690 5647 5627 5666 5725 5796 5859 5876 5933 6040 6085 6170 6260 6331 6374 6393 6380 6362 6328 6267 6219 6211 6150 6114 6214 6344 6329 6297 6253 6213 6120 5980 5892 6028 5909 5972 5714 5485 5578 5419 5641 6160 5876 5578 5407 5328 5651 5643 5198 5293 5470 5635 6272 5896 5806 6336 5788 5760 5966 6303 6033 6339 6249 6325 6357 6531 6132 6263 6795 7151 7351 6870 7045 7051 7013 7575
5535 5568 5611 5649 5678 5682 5673 5660 5667 5701 5760 5826 5885 5934 6003 6065 6146 6207 6288 6352 6381 6392 6399 6366 6312 6280 6207 6174 6178 6349 6332 6314 6275 6159 6030 6233 6063 5937 5825 5754 5417 5569 5438 5435 5645 5865 6055 5685 5525 5265 5417 5560 5461 5773 5183 5354 5788 6287 5929 6444 6519 6715 6441 6334 6291 6343 6473 6614 6445 6612 6685 6925 6723 6691 7265 7438 7690 7314 7424 7213 6963 7543
5512 5540 5576 5605 5633 5665 5652 5669 5695 5743 5795 5855 5919 5963 6040 6107 6157 6233 6297 6348 6381 6405 6399 6347 6327 6246 6172 6142 6343 6412 6343 6256 6163 5952 5949 5907 5818 5641 -9999 5380 5293 5521 5428 5466 5270 5391 5507 5576 5278 5351 5344 5428 5512 5813 5905 6038 6490 6783 6567 6652 5893 6010 6036 6079 6452 6437 6429 6529 6641 6617 6666 6792 6916 7099 7375 7603 7548 7553 7408 7427 7334 7317
5475 5495 5525 5543 5585 5647 5660 5677 5685 5770 5837 5886 5937 6009 6071 6120 6164 6229 6286 6368 6404 6421 6385 6367 6332 6250 6211 6424 -9999 -9999 -9999 6335 6062 5928 5734 5602 5446 5292 5538 5482 5430 5713 5680 5946 5495 5541 5504 5396 5294 5144 5358 5453 5663 5151 5483 6053 6784 7042 6717 6087 5830 6225 6216 6559 6664 6464 6673 6806 6816 6717 6447 6560 6445 6536 6923 6871 6764 6760 6903 7123 7369 7108
5441 5476 5495 5529 5558 5600 5606 5636 5717 5812 5876 5911 5927 6020 6071 6115 6120 6184 6309 6368 6411 6431 6407 6376 6297 6261 6450 6526 6398 6248 6114 6283 6061 6056 6115 5935 5753 5809 -9999 5837 5783 5940 6048 5993 6040 5867 6291 5700 5628 5839 6012 6171 5804 5501 5932 5961 7077 6986 6355 6085 6082 6275 6697 6784 6694 6711 6862 6818 6827 6748 6694 6673 6468 6692 6756 7124 7227 7101 7122 7252 7322 7335
5414 5432 5473 5507 5517 5547 5538 5611 5711 5813 5883 5867 5830 5983 6097 6105 6103 6209 6343 6377 6417 6442 6423 6316 6336 6449 6461 6477 6430 6383 6152 5883 6230 5896 5540 -9999 5312 -9999 5559 6327 6050 6141 6381 6259 6119 6384 6278 6166 6033 5987 5980 6086 5989 5498 6525 6557 7074 6970 6490 6537 6833 6888 7141 7023 6782 6865 6844 6724 6683 6737 6691 6665 6657 6701 6794 6927 7100 7210 7196 7195 7180 7245
5401 5400 5430 5461 5458 5490 5536 5529 5720 5849 5895 5826 5785 5918 6074 6095 6115 6253 6346 6389 6436 6472 6421 6345 6421 6503 6534 6392 6235 6246 6138 5678 5639 -9999 5404 5386 5226 5372 5949 6130 6487 -9999 6531 6476 6409 6534 6409 6409 6323 6484 6515 6601 5959 6452 6607 7082 7008 6663 6518 6582 6965 7124 7102 7122 7021 6909 6770 6620 6540 6556 6534 6494 6462 6482 6633 6761 6854 6977 7041 7099 7142 7190
5398 5381 5372 5402 5432 5462 5443 5461 5686 5829 5863 5878 5721 5899 6100 6140 6126 6206 6339 6428 6468 6476 6498 6466 6531 6527 6424 6385 6418 6201 5823 5852 5950 6201 6035 6124 5898 5785 6177 6583 6760 -9999 6869 6806 6847 6944 6968 6983 7004 6987 7066 6786 6883 6881 -9999 6800 6625 6942 7215 7202 7312 7283 7206 7096 6977 6854 6731 6603 6521 -9999 6432 -9999 6400 6429 6510 6589 6665 6724 6840 6932 7012 7063
5411 5375 5375 5441 5456 5457 5332 5382 5653 5795 5787 5712 5794 5708 6063 6158 6115 6199 6339 6416 6436 6464 6479 6510 6470 6513 6429 6514 6365 6119 6141 5791 5649 5598 5533 5751 6293 6321 6807 6994 7048 7107 7160 7162 7253 7300 7287 7312 7348 7389 7388 7303 7329 -9999 7266 7167 7014 7204 7338 7359 7332 7275 7191 7071 6956 6829 6726 -9999 -9999 -9999 -9999 -9999 6349 6369 6419 6472 6426 6566 6685 6802 6862 6998
5449 5426 5457 5488 5535 5521 5416 5362 5533 5804 5780 5672 5831 5789 5945 6087 6073 6098 6333 6386 6409 6429 6440 6450 6383 6346 6464 6307 6051 6142 5799 5642 5526 5780 6034 6419 6869 7124 7108 7147 7156 7188 7232 7295 7414 7434 7425 7479 7521 7551 7560 7550 7519 7471 7412 7255 7183 7290 7352 7372 7347 7278 7193 -9999 -9999 -9999 -9999 -9999 -9999 -9999 -9999 6319 6304 6300 6337 6375 6410 6456 6596 6684 6794 6893
5490 5489 5511 5541 5524 5434 5421 5398 5561 5706 5838 5756 5727 5872 6004 5989 5923 6118 6322 6389 6387 6381 6419 6329 6327 6344 5924 6076 6150 5808 5842 5752 5612 5945 6462 7040 7256 7256 7214 7161 7134 7129 7156 7225 7315 7385 7461 7572 7642 7664 7650 7623 7581 7537 7479 7385 7319 7375 7432 7443 7393 7321 7216 -9999 -9999 -9999 -9999 -9999 -9999 -9999 -9999 -9999 6275 6259 6247 -9999 -9999 -9999 6501 6551 6704 6812
5524 5548 5542 5551 5523 5419 5351 5478 5571 5561 5715 5769 5769 5931 5841 5866 5923 6102 6291 6382 6397 6394 6208 6131 6380 6021 6013 5740 5719 5714 5857 5934 6203 6402 6894 7364 7342 7219 7159 7075 7015 6987 6990 7039 7129 7237 7406 7592 7719 7714 7677 7639 7600 7551 7509 7465 7457 7486 7527 7537 7477 7369 7242 7119 -9999 -9999 -9999 -9999 -9999 -9999 -9999 -9999 6250 6233 6214 -9999 -9999 6256 -9999 6566 6676 6758
5582 5588 5542 5580 5587 5573 5529 5564 5614 5613 5515 5650 5679 5789 5707 5782 5999 6137 6233 6376 6306 6101 6001 6081 6248 6054 5783 5585 5632 5908 5836 5653 5932 6477 7035 7264 7302 7181 7094 6961 6840 6762 6730 6753 6783 6814 7024 7388 7650 7639 7601 7598 7558 7527 7494 7496 7524 7577 7622 7648 7552 7408 7259 7122 6999 -9999 -9999 -9999 -9999 -9999 -9999 -9999 -9999 6206 -9999 -9999 6212 -9999 -9999 6526 6622 6741
5587 5594 5597 5651 5631 5680 5628 5504 5512 5562 5563 5476 5655 5646 5675 5838 6007 6164 6320 6330 6283 6225 6108 5993 6042 6032 6026 5806 5650 5985 5775 5668 5786 6393 6836 6938 6954 6902 6853 6707 6570 6475 6403 6371 6331 6275 6529 6696 6865 7163 7332 7403 7414 7405 7410 7459 7535 7617 7670 7666 7560 7401 7249 -9999 -9999 -9999 -9999 -9999 -9999 -9999 -9999 -9999 -9999 -9999 -9999 -9999 6195 -9999 -9999 6426 6545 6743
5616 5656 5692 5717 5732 5746 5736 5618 5478 5626 5614 5521 5510 5670 5773 6055 6195 6176 6308 6291 6194 6078 6053 6001 6013 5952 6159 6058 5991 5978 5656 5492 5722 6017 6383 6559 6581 6555 6355 6325 6250 6120 6036 6025 6037 6085 6151 6286 6532 6716 6744 6919 7055 7136 7247 7355 7475 7598 7640 7571 7460 7327 7195 7091 -9999 -9999 -9999 -9999 -9999 -9999 -9999 -9999 -9999 -9999 -9999 -9999 -9999 -9999 -9999 -9999 6525 6728
5655 5671 5681 5693 5733 5764 5768 5805 5772 5747 5700 5625 5489 5739 5996 6150 6180 6213 6286 6256 6149 6087 6055 5988 6094 6090 6131 6133 5915 5740 5715 5599 5707 5901 6133 6212 6209 6164 6042 6030 5940 5847 -9999 -9999 5895 5961 6022 6142 6238 6328 6275 6468 6654 6790 6848 7023 7146 7331 7395 7385 7308 7200 7100 7008 -9999 -9999 -9999 -9999 -9999 -9999 -9999 -9999 -9999 -9999 -9999 -9999 -9999 -9999 -9999 -9999 6319 6526
5685 5701 5706 5702 5718 5745 5721 5714 5804 5745 5642 5652 5732 5902 6033 6124 6153 6224 6261 6259 6189 6047 5977 5937 5990 6101 5997 5891 5859 5645 5556 5623 5636 5656 5776 5763 5699 5720 5762 5740 5749 -9999 -9999 -9999 -9999 -9999 -9999 5912 5958 6050 6190 6183 6119 6298 6428 6691 6817 6823 6883 7034 7062 7027 6963 6890 -9999 -9999 -9999 -9999 -9999 -9999 -9999 -9999 -9999 -9999 -9999 -9999 -9999 -9999 -9999 -9999 -9999 6206
5710 5734 5747 5761 5771 5762 5772 5832 5846 5775 5620 5582 5831 5947 6034 6071 6114 6162 6219 6217 6174 5990 5886 5858 5878 5963 5968 5939 5819 5733 5688 5695 5682 5573 5479 5578 5552 5580 5561 -9999 -9999 -9999 -9999 -9999 -9999 -9999 -9999 -9999 -9999 5714 5915 6090 6266 6210 6243 6379 6516 6556 6569 6571 6684 6752 6772 6760 6752 -9999 -9999 -9999 -9999 -9999 -9999 -9999 -9999 -9999 -9999 -9999 -9999 -9999 -9999 -9999 -9999 -9999
5740 5756 5769 5780 5775 5788 5840 5842 5801 5748 5738 5808 5874 5924 5978 6034 6083 6116 6138 6137 6104 6038 5959 5919 5910 5894 5846 5770 5745 5712 5709 5664 5599 5560 5524 5438 5428 5353 5364 -9999 -9999 -9999 -9999 -9999 -9999 -9999 -9999 -9999 -9999 -9999 -9999 5871 6062 6219 6357 6489 6540 6611 6627 6453 6336 6474 6520 6585 6614 6638 6577 -9999 -9999 -9999 -9999 -9999 -9999 -9999 -9999 -9999 -9999 -9999 -9999 -9999 -9999 -9999
5760 5763 5764 5765 5737 5705 5691 5721 5768 5776 5774 5799 5827 5861 5906 5960 6007 6036 6039 6038 6020 5988 5945 5888 5849 5776 5719 5666 5631 5603 5555 5510 5404 5277 5320 -9999 -9999 -9999 -9999 -9999 -9999 -9999 -9999 -9999 -9999 -9999 -9999 -9999 -9999 -9999 -9999 -9999 5826 6040 6174 6312 6406 6538 6502 6270 6301 6283 6312 6395 6503 6545 6520 6451 6359 -9999 -9999 -9999 -9999 -9999 -9999 -9999 -9999 -9999 -9999 -9999 -9999 -9999
5763 5762 5768 5771 5729 5657 5639 5678 5764 5773 5777 5769 5768 5778 5824 5861 5907 5934 5953 5975 5974 5980 5909 5804 5725 5655 5583 5521 5471 5397 5297 5193 5130 -9999 -9999 -9999 -9999 -9999 -9999 -9999 -9999 -9999 -9999 -9999 -9999 -9999 -9999 -9999 -9999 -9999 -9999 -9999 5706 5887 6055 6206 6278 6324 6285 6216 6155 6184 6260 6336 6417 6447 6471 6447 6369 6273 6250 -9999 -9999 -9999 -9999 -9999 -9999 -9999 -9999 -9999 -9999 -9999
5766 5762 5726 5671 5673 5691 5721 5741 5744 5734 5717 -9999 -9999 -9999 -9999 -9999 -9999 -9999 -9999 -9999 -9999 5956 5847 5719 5607 5520 5431 5353 5277 5217 -9999 -9999 -9999 -9999 -9999 -9999 -9999 -9999 -9999 -9999 -9999 -9999 -9999 -9999 -9999 -9999 -9999 -9999 -9999 -9999 -9999 -9999 5677 5875 5991 6162 6154 6148 6113 6081 6015 6082 6219 6290 6377 6414 6417 6464 6458 6416 6350 6274 -9999 -9999 -9999 -9999 -9999 -9999 -9999 -9999 -9999 -9999
5760 5753 5749 5736 5732 5733 5733 5717 5699 5687 -9999 -9999 -9999 -9999 -9999 -9999 -9999 -9999 -9999 -9999 -9999 -9999 5791 5631 5477 5397 5281 5224 5184 5100 -9999 -9999 -9999 -9999 -9999 -9999 -9999 -9999 -9999 -9999 -9999 -9999 -9999 -9999 -9999 -9999 -9999 -9999 -9999 -9999 -9999 -9999 -9999 5712 5930 6073 6075 6019 5983 5998 6009 6059 6201 6288 6358 6419 6437 6462 6493 6492 6428 6339 -9999 -9999 -9999 -9999 -9999 -9999 -9999 -9999 -9999 -9999
5759 5748 5734 5721 5693 5701 5693 5674 -9999 -9999 -9999 -9999 -9999 -9999 -9999 -9999 -9999 -9999 -9999 -9999 -9999 -9999 -9999 -9999 -9999 -9999 -9999 -9999 -9999 -9999 -9999 -9999 -9999 -9999 -9999 -9999 -9999 -9999 -9999 -9999 -9999 -9999 -9999 -9999 -9999 -9999 -9999 -9999 -9999 -9999 -9999 -9999 -9999 5634 5747 5953 6002 5950 5943 5992 6080 6116 6207 6287 6348 6400 6451 6423 6506 6497 6503 6404 6294 -9999 -9999 -9999 -9999 -9999 -9999 -9999 -9999 -9999
5646 5681 5675 5690 5642 5648 5654 5633 -9999 -9999 -9999 -9999 -9999 -9999 -9999 -9999 -9999 -9999 -9999 -9999 -9999 -9999 -9999 -9999 -9999 -9999 -9999 -9999 -9999 -9999 -9999 -9999 -9999 -9999 -9999 -9999 -9999 -9999 -9999 -9999 -9999 -9999 -9999 -9999 -9999 -9999 5120 -9999 -9999 -9999 -9999 -9999 -9999 -9999 -9999 5701 5728 5809 5908 6066 6143 6217 6296 6351 6376 6421 6418 6436 6393 6232 6536 6432 6286 -9999 -9999 -9999 -9999 -9999 -9999 -9999 -9999 -9999
5516 5476 5510 5531 5607 5658 5646 5602 -9999 -9999 -9999 -9999 -9999 -9999 -9999 -9999 -9999 -9999 -9999 -9999 -9999 -9999 -9999 -9999 -9999 -9999 -9999 -9999 -9999 -9999 -9999 -9999 -9999 -9999 -9999 -9999 -9999 -9999 -9999 -9999 -9999 -9999 -9999 -9999 -9999 -9999 5153 -9999 -9999 -9999 -9999 -9999 -9999 -9999 -9999 -9999 5587 5731 5911 6052 6153 6273 6325 6392 6405 6438 6446 6404 6418 6285 6417 6454 6311 6158 -9999 -9999 -9999 -9999 -9999 -9999 -9999 -9999
5365 5347 5380 5447 5546 5561 5597 5535 -9999 -9999 -9999 -9999 -9999 -9999 -9999 -9999 -9999 -9999 -9999 -9999 -9999 -9999 -9999 -9999 -9999 -9999 -9999 -9999 -9999 -9999 -9999 -9999 -9999 -9999 -9999 -9999 -9999 -9999 -9999 -9999 -9999 -9999 -9999 5071 5103 5164 5138 -9999 -9999 -9999 -9999 -9999 -9999 -9999 -9999 -9999 -9999 5588 5696 5880 6115 -9999 6414 6336 6412 6361 6437 6305 6324 6420 6211 6464 6340 6175 -9999 -9999 -9999 -9999 -9999 -9999 -9999 -9999
5469 5497 5378 5343 5384 5498 5514 5454 5357 -9999 -9999 -9999 -9999 -9999 -9999 -9999 -9999 -9999 -9999 -9999 -9999 -9999 -9999 -9999 -9999 -9999 -9999 -9999 -9999 -9999 -9999 -9999 -9999 -9999 -9999 -9999 -9999 -9999 -9999 -9999 -9999 -9999 5061 5270 5210 5171 5161 -9999 -9999 -9999 -9999 -9999 -9999 -9999 -9999 -9999 -9999 -9999 5552 5637 5844 6083 6358 6336 6237 6329 6379 6368 6288 6430 6361 6202 6280 6230 6004 5926 -9999 -9999 -9999 -9999 -9999 -9999
5494 5511 5501 5489 5538 5547 5521 5413 5278 -9999 -9999 -9999 -9999 -9999 -9999 -9999 -9999 -9999 -9999 -9999 -9999 -9999 -9999 -9999 -9999 -9999 -9999 -9999 -9999 -9999 -9999 -9999 -9999 -9999 -9999 -9999 -9999 -9999 -9999 -9999 -9999 -9999 5118 5263 5303 5142 5107 -9999 -9999 -9999 -9999 -9999 -9999 -9999 -9999 -9999 -9999 -9999 -9999 -9999 5533 5803 6108 6165 6128 6131 6270 6370 6367 6309 6185 6409 6377 6234 6133 6036 5923 -9999 -9999 -9999 -9999 -9999
5604 5630 5582 5559 5498 5536 5526 5379 5161 -9999 -9999 -9999 -9999 -9999 -9999 -9999 -9999 -9999 -9999 -9999 -9999 -9999 -9999 -9999 -9999 -9999 -9999 -9999 -9999 -9999 -9999 -9999 -9999 -9999 -9999 -9999 -9999 -9999 -9999 -9999 -9999 -9999 5056 5144 5306 5214 4983 -9999 -9999 -9999 -9999 -9999 -9999 -9999 -9999 -9999 -9999 -9999 -9999 -9999 -9999 5579 5719 5827 5975 5984 6100 6271 6310 6319 6298 6278 6319 6232 6162 6116 5987 5918 -9999 -9999 -9999 -9999
5661 5608 5561 5536 5490 5503 5560 5359 5104 -9999 -9999 -9999 -9999 -9999 -9999 -9999 -9999 -9999 -9999 -9999 -9999 -9999 -9999 -9999 -9999 -9999 -9999 -9999 -9999 -9999 -9999 -9999 -9999 -9999 -9999 -9999 -9999 -9999 -9999 -9999 -9999 -9999 -9999 5120 5258 5253 -9999 -9999 -9999 -9999 -9999 -9999 -9999 -9999 -9999 -9999 -9999 -9999 -9999 -9999 -9999 -9999 -9999 5552 5783 5895 5931 6135 6176 6157 6233 6268 6193 6176 6205 6219 6168 6054 5961 5868 5900 -9999
5577 5529 5509 5468 5421 5449 5416 5299 -9999 -9999 -9999 -9999 -9999 -9999 -9999 -9999 -9999 -9999 -9999 -9999 -9999 -9999 -9999 -9999 -9999 -9999 -9999 -9999 -9999 -9999 -9999 -9999 -9999 -9999 -9999 -9999 -9999 -9999 -9999 -9999 -9999 -9999 5020 5054 5196 5183 -9999 -9999 -9999 -9999 -9999 -9999 -9999 -9999 -9999 -9999 -9999 -9999 -9999 -9999 -9999 -9999 -9999 -9999 5457 5745 5906 5935 5979 6120 6127 6124 6139 6125 6184 6193 6138 6119 6066 6091 6025 6066
5492 5426 5386 5303 5326 -9999 -9999 -9999 -9999 -9999 -9999 -9999 -9999 -9999 -9999 -9999 -9999 -9999 -9999 -9999 -9999 -9999 -9999 -9999 -9999 -9999 -9999 -9999 -9999 -9999 -9999 -9999 -9999 -9999 -9999 -9999 -9999 -9999 -9999 -9999 -9999 -9999 -9999 4958 5059 4909 -9999 -9999 -9999 -9999 -9999 -9999 -9999 -9999 -9999 -9999 -9999 -9999 -9999 -9999 -9999 -9999 -9999 -9999 -9999 5324 5451 5588 5928 5909 5901 5923 6033 6074 6035 6087 6137 6109 6146 6105 6170 6184
5332 5304 5212 -9999 -9999 -9999 -9999 -9999 -9999 -9999 -9999 -9999 -9999 -9999 -9999 -9999 -9999 -9999 -9999 -9999 -9999 -9999 -9999 -9999 -9999 -9999 -9999 -9999 -9999 -9999 -9999 -9999 -9999 -9999 -9999 -9999 -9999 -9999 -9999 -9999 -9999 -9999 -9999 -9999 -9999 -9999 -9999 -9999 -9999 -9999 -9999 -9999 -9999 -9999 -9999 -9999 -9999 -9999 -9999 -9999 -9999 -9999 -9999 -9999 -9999 -9999 -9999 5271 5345 5654 5783 5836 5758 5787 5843 5995 6101 6114 6141 6190 6241 6272
5188 -9999 -9999 -9999 -9999 -9999 -9999 -9999 -9999 -9999 -9999 -9999 -9999 -9999 -9999 -9999 -9999 -9999 -9999 -9999 -9999 -9999 -9999 -9999 -9999 -9999 -9999 -9999 -9999 -9999 -9999 -9999 -9999 -9999 -9999 -9999 -9999 -9999 -9999 -9999 -9999 -9999 -9999 -9999 -9999 -9999 -9999 -9999 -9999 -9999 -9999 -9999 -9999 -9999 -9999 -9999 -9999 -9999 -9999 -9999 -9999 -9999 -9999 -9999 -9999 -9999 -9999 -9999 5180 -9999 -9999 -9999 5613 5676 5682 5748 5729 5908 5955 6095 6214 6300
