resultados/variables/bio4.asc
ncols 330
nrows 228
xllcorner -12.000000
yllcorner 34.000000
cellsize 0.166667
NODATA_value -9999
[rows 185 to 221 of 228, columns 0 to 81 of 330]
-9999 -9999 -9999 -9999 -9999 -9999 -9999 -9999 -9999 -9999 -9999 -9999 -9999 -9999 -9999 -9999 -9999 -9999 -9999 -9999 3821 4130 4475 4812 5057 5282 5446 5584 5691 5770 5860 5940 6012 6081 6129 6174 6201 6197 6124 6058 6086 6128 6159 6199 6228 6278 6337 6369 6283 6225 6239 6238 6309 6336 6371 6373 6343 6324 6287 6265 6237 6203 6153 6110 6064 6048 6054 6036 6018 5979 5939 5913 5901 5885 5855 5733 5670 5516 5243 -9999 -9999 -9999
-9999 -9999 -9999 -9999 -9999 -9999 -9999 -9999 -9999 -9999 -9999 -9999 -9999 -9999 -9999 -9999 -9999 -9999 -9999 -9999 3712 4163 4544 4827 5069 5257 5441 5563 5706 5810 5895 5976 6043 6108 6161 6202 6225 6225 6132 6051 6093 6126 6166 6203 6228 6277 6372 6346 6109 6257 6418 6432 6459 6468 6451 6421 6390 6368 6343 6302 6273 6233 6179 6114 6070 6066 6049 6031 5993 5947 5886 5854 5812 5776 5660 5570 5457 -9999 -9999 -9999 -9999 -9999
-9999 -9999 -9999 -9999 -9999 -9999 -9999 -9999 -9999 -9999 -9999 -9999 -9999 -9999 -9999 -9999 -9999 -9999 -9999 -9999 3582 4107 4528 4801 5068 5281 5453 5587 5727 5829 5919 6004 6076 6137 6189 6225 6232 6213 6180 6137 6140 6144 6156 6171 6175 6191 6223 6187 6251 6451 6540 6540 6540 6534 6487 6475 6458 6424 6384 6344 6309 6267 6224 6166 6140 6121 6082 6044 5992 5930 5858 5818 5784 5726 5490 5339 5231 -9999 -9999 -9999 -9999 -9999
-9999 -9999 -9999 -9999 -9999 -9999 -9999 -9999 -9999 -9999 -9999 -9999 -9999 -9999 -9999 -9999 -9999 -9999 -9999 3278 3597 4047 4567 4823 5062 5290 5473 5585 5708 5829 5937 6030 6109 6165 6188 6224 6258 6254 6230 6203 6186 6166 6176 6177 6186 6215 6261 6462 6522 6573 6629 6600 6597 6569 6537 6521 6495 6461 6424 6380 6337 6296 6271 6244 6221 6187 6130 6072 6014 5951 5861 5802 5703 5507 5351 -9999 -9999 -9999 -9999 -9999 -9999 -9999
-9999 -9999 -9999 -9999 -9999 -9999 -9999 -9999 -9999 -9999 -9999 -9999 -9999 -9999 -9999 -9999 -9999 -9999 -9999 3414 3763 4169 4552 4820 5093 5315 5369 5599 5756 5860 5952 6053 6128 6179 6235 6285 6314 6276 6275 6264 6213 6210 6226 6286 6329 6481 6538 6603 6615 6632 6707 6667 6618 6611 6589 6571 6535 6506 6468 6425 6377 6336 6314 6298 6296 6259 6160 6098 6040 5973 5846 5731 5529 5388 5249 -9999 -9999 -9999 -9999 -9999 -9999 -9999
-9999 -9999 -9999 -9999 -9999 -9999 -9999 -9999 -9999 -9999 -9999 -9999 -9999 -9999 -9999 -9999 -9999 -9999 -9999 3551 3910 4315 4630 4895 5148 5344 5487 5722 5841 5907 5990 6074 6162 6239 6293 -9999 6334 6289 6274 6295 6291 6368 6397 6494 6518 6592 6666 6690 6702 6708 6742 6709 6675 6648 6625 6594 6562 6531 6500 6463 6418 6382 6350 6327 6313 6276 6183 6090 6022 5928 5744 5515 5379 5269 -9999 -9999 -9999 -9999 -9999 -9999 -9999 -9999
-9999 -9999 -9999 -9999 -9999 -9999 -9999 -9999 -9999 -9999 -9999 -9999 -9999 -9999 -9999 -9999 -9999 -9999 -9999 3647 4007 4418 4714 4974 5196 5409 5601 5784 5903 5989 6065 6134 6197 6272 6317 6367 6397 6412 6436 6462 6497 6529 6554 6582 6646 6703 6751 6789 6797 6783 6775 6741 6716 6682 6648 6614 6584 6555 6521 6489 6453 6417 6382 6347 6285 6248 6176 6048 5881 5707 5465 5304 5260 -9999 -9999 -9999 -9999 -9999 -9999 -9999 -9999 -9999
-9999 -9999 -9999 -9999 -9999 -9999 -9999 -9999 -9999 -9999 -9999 -9999 -9999 -9999 -9999 -9999 -9999 -9999 3434 3739 4098 4443 4736 4986 5215 5445 5677 5854 5913 6003 6080 6156 6229 6292 6363 6414 6430 6452 6490 6529 6554 6595 6631 6674 6714 6767 6829 6878 6872 6838 6796 6765 6736 6706 6673 6636 6602 6569 6534 6500 6457 6413 6383 6330 6250 6188 6150 6029 5740 5586 5288 5087 -9999 -9999 -9999 -9999 -9999 -9999 -9999 -9999 -9999 -9999
-9999 -9999 -9999 -9999 -9999 -9999 -9999 -9999 -9999 -9999 -9999 -9999 -9999 -9999 -9999 -9999 -9999 -9999 3459 3800 4141 4417 4706 4970 5210 5418 5637 5788 5892 5991 6074 6168 6251 6330 6397 6446 6488 6524 6559 6596 6619 6653 6688 6729 6768 6814 6852 6877 6871 6852 6824 6789 6755 6722 6688 6650 6614 6577 6526 6496 6453 6393 6330 6289 6206 6040 5903 5735 5572 5368 5112 -9999 -9999 -9999 -9999 -9999 -9999 -9999 -9999 -9999 -9999 -9999
-9999 -9999 -9999 -9999 -9999 -9999 -9999 -9999 -9999 -9999 -9999 -9999 -9999 -9999 -9999 -9999 -9999 -9999 3553 3946 4167 4386 4676 4934 5152 5347 5546 5720 5846 5961 6065 6174 6277 6360 6428 6478 6534 6581 6616 6646 6675 6711 6738 6756 6778 6808 6842 6851 6862 6855 6833 6801 6765 6725 6691 6656 6615 6566 6521 6473 6420 6367 6281 6235 6135 6074 5866 5504 5251 5100 -9999 -9999 -9999 -9999 -9999 -9999 -9999 -9999 -9999 -9999 -9999 -9999
-9999 -9999 -9999 -9999 -9999 -9999 -9999 -9999 -9999 -9999 -9999 -9999 -9999 -9999 -9999 -9999 -9999 3267 3649 3914 4134 4397 4644 4870 5099 5304 5473 5612 5771 5921 6049 6162 6272 6375 6457 6512 6568 6619 6661 6689 6726 6761 6787 6817 6850 6855 6875 6854 6852 6857 6833 6803 6763 6727 6680 6651 6606 6547 6510 6446 6385 6315 6219 6102 6004 5954 5851 5523 5245 5035 -9999 -9999 -9999 -9999 -9999 -9999 -9999 -9999 -9999 -9999 -9999 -9999
-9999 -9999 -9999 -9999 -9999 -9999 -9999 -9999 -9999 -9999 -9999 -9999 -9999 -9999 -9999 -9999 3081 3437 3708 3959 4187 4447 4665 4869 5061 5239 5408 5555 5715 5891 6029 6145 6261 6364 6457 6528 6575 6620 6668 6714 6752 6787 6828 6858 6868 6890 6887 6879 6866 6850 6826 6794 6766 6727 6677 6637 6601 6542 6486 6422 6352 6271 6193 6109 6003 5865 5808 5588 5284 5107 -9999 -9999 -9999 -9999 -9999 -9999 -9999 -9999 -9999 -9999 -9999 -9999
-9999 -9999 -9999 -9999 -9999 -9999 -9999 -9999 -9999 -9999 -9999 -9999 -9999 -9999 -9999 3129 3334 3660 3842 4053 4275 4490 4671 4849 5031 5205 5374 5545 5715 5883 6005 6112 6224 6328 6432 6497 6557 6612 6673 6728 6780 6819 6858 6882 6896 6907 6889 6879 6844 6825 6820 6797 6763 6724 6699 6660 6616 6563 6486 6400 6322 6249 6201 6168 6114 5923 5875 5549 5295 5226 5196 -9999 -9999 -9999 -9999 -9999 -9999 -9999 -9999 -9999 5143 5114
-9999 -9999 -9999 -9999 -9999 -9999 -9999 -9999 -9999 -9999 -9999 -9999 -9999 -9999 -9999 3384 3630 3864 3997 4173 4346 4515 4679 4845 5014 5186 5363 5535 5712 5882 6001 6057 6179 6294 6400 6484 6555 6638 6698 6753 6793 6843 6881 6900 6923 6919 6901 6879 6850 6840 6834 6801 6775 6756 6725 6672 6631 6578 6491 6385 6297 6270 6240 6181 6071 5951 5886 5636 5428 5352 5325 -9999 -9999 -9999 -9999 -9999 -9999 -9999 -9999 5135 5125 -9999
-9999 -9999 -9999 -9999 -9999 -9999 -9999 -9999 -9999 -9999 -9999 -9999 -9999 -9999 -9999 3476 3768 -9999 4140 4264 4415 4563 4720 4870 5012 5175 5356 5524 5678 5848 5976 6061 6173 6296 6393 6502 6587 6667 6717 6776 6829 6854 6888 6904 6928 6940 6923 6911 6901 6856 6841 6804 6788 6751 6723 6664 6617 6575 6516 6441 6336 6278 6207 6131 6032 5954 5785 5735 5677 5535 5549 5383 5271 -9999 -9999 -9999 -9999 -9999 -9999 -9999 -9999 -9999
-9999 -9999 -9999 -9999 -9999 -9999 -9999 -9999 -9999 -9999 -9999 -9999 -9999 -9999 -9999 -9999 -9999 4015 4172 4284 4435 4594 4755 4892 5003 5157 5333 5491 5642 5809 5958 6073 6180 6295 6393 6497 6602 6663 6739 6791 6834 6863 6894 6916 6940 6953 6948 6930 6906 6887 6867 6835 6801 6745 6697 6619 6594 6601 6512 6411 6287 6190 6098 6060 5999 5873 5759 5756 5692 5603 5438 -9999 -9999 -9999 -9999 -9999 -9999 -9999 -9999 -9999 -9999 -9999
-9999 -9999 -9999 -9999 -9999 -9999 -9999 -9999 -9999 -9999 -9999 -9999 -9999 -9999 -9999 -9999 -9999 -9999 -9999 -9999 4414 4572 4738 4886 5033 5177 5322 5457 5599 5763 5922 6060 6174 6295 6393 6487 6583 6660 6732 6787 6827 6865 6904 6930 6941 6948 6955 6947 6904 6920 6890 6827 6748 6705 6613 6565 6569 6554 6394 6291 6177 6073 6010 5973 5919 5880 5749 5570 5406 -9999 -9999 -9999 -9999 -9999 -9999 -9999 -9999 -9999 -9999 -9999 -9999 -9999
-9999 -9999 -9999 -9999 -9999 -9999 -9999 -9999 -9999 -9999 -9999 -9999 -9999 -9999 -9999 -9999 -9999 -9999 -9999 4269 4414 4556 4709 4892 5067 5210 5318 5422 5564 5697 5852 5997 6126 6248 6370 6472 6565 6638 6695 6760 6810 6849 6879 6910 6923 6930 6927 6922 6879 6825 6783 6698 6698 6620 6579 6584 6613 6524 6428 6391 6206 5992 5921 5861 5857 5766 5628 5408 5273 -9999 -9999 -9999 -9999 -9999 -9999 -9999 -9999 -9999 -9999 -9999 -9999 -9999
-9999 -9999 -9999 -9999 -9999 -9999 -9999 -9999 -9999 -9999 -9999 -9999 -9999 -9999 -9999 -9999 -9999 -9999 -9999 4193 4403 4527 4691 4890 5083 5181 5265 5393 5499 5651 5802 5950 6094 6222 6334 6424 6513 6603 6646 6690 6750 6801 6825 6822 6820 6759 6755 6745 6731 6703 6678 6701 6629 6555 6645 6620 6633 6572 6482 6356 6190 6022 5924 5842 5728 5640 5480 5327 -9999 -9999 -9999 -9999 -9999 -9999 -9999 -9999 -9999 -9999 -9999 -9999 -9999 -9999
-9999 -9999 -9999 -9999 -9999 -9999 -9999 -9999 -9999 -9999 -9999 -9999 -9999 -9999 -9999 -9999 -9999 -9999 -9999 4136 4316 4476 4660 4852 5023 5113 5203 5317 5424 5577 5741 5889 6019 6130 6258 6371 6449 6531 6590 6610 6629 6682 6705 6683 6636 6636 6651 6685 6685 6652 6663 6601 6501 6515 6648 6655 6545 6431 6365 6249 6113 6081 5964 5756 5694 5607 5474 5309 -9999 -9999 -9999 -9999 -9999 -9999 -9999 -9999 -9999 -9999 -9999 -9999 -9999 -9999
-9999 -9999 -9999 -9999 -9999 -9999 -9999 -9999 -9999 -9999 -9999 -9999 -9999 -9999 -9999 -9999 -9999 -9999 -9999 4058 4251 4432 4619 4786 4897 4999 5095 5190 5300 5439 5568 5711 5893 6042 6158 6280 6344 6398 6443 6430 6429 6468 6524 6539 6517 6539 6553 6651 6797 6756 6806 6761 6606 6495 6556 6419 6333 6312 6302 6180 5948 5811 5736 5583 5568 5442 5293 -9999 -9999 -9999 -9999 -9999 -9999 -9999 -9999 -9999 -9999 -9999 -9999 -9999 -9999 -9999
-9999 -9999 -9999 -9999 -9999 -9999 -9999 -9999 -9999 -9999 -9999 -9999 -9999 -9999 -9999 -9999 -9999 -9999 -9999 3957 4160 4385 4543 4694 4793 4869 4935 5036 5167 5263 5376 5565 5732 5907 6039 6161 6227 6235 6235 6252 6276 6285 6314 6342 6385 6477 6510 6581 6722 6773 6754 6722 6633 6426 6343 6238 6261 6327 6245 6089 5913 5631 5640 5447 -9999 -9999 5211 -9999 -9999 -9999 -9999 -9999 -9999 -9999 -9999 -9999 -9999 -9999 -9999 -9999 -9999 -9999
-9999 -9999 -9999 -9999 -9999 -9999 -9999 -9999 -9999 -9999 -9999 -9999 -9999 -9999 -9999 -9999 -9999 -9999 -9999 3874 4127 4288 4465 4603 4690 4762 4812 4869 4982 5068 5172 5335 5513 5703 5868 6051 6115 6119 6071 6062 6067 6062 6070 6102 6166 6329 6436 6515 6618 6646 6641 6630 6537 6459 6491 6338 6219 6094 5841 5647 5522 5383 5326 -9999 -9999 -9999 -9999 -9999 -9999 -9999 -9999 -9999 -9999 -9999 -9999 -9999 -9999 -9999 -9999 -9999 -9999 -9999
-9999 -9999 -9999 -9999 -9999 -9999 -9999 -9999 -9999 -9999 -9999 -9999 -9999 -9999 -9999 -9999 -9999 -9999 -9999 3762 4054 4181 4288 4436 4587 4628 4636 4667 4776 4882 4964 5135 5310 5485 5659 5825 5909 5892 5860 5852 5836 5865 5936 5928 5941 6058 6143 6254 6297 6315 6495 6554 6504 6402 6405 6425 6383 6211 5850 5570 5190 -9999 -9999 -9999 -9999 -9999 -9999 -9999 -9999 -9999 -9999 -9999 -9999 -9999 -9999 -9999 -9999 -9999 -9999 -9999 -9999 -9999
-9999 -9999 -9999 -9999 -9999 -9999 -9999 -9999 -9999 -9999 -9999 -9999 -9999 -9999 -9999 -9999 -9999 -9999 3151 -9999 -9999 -9999 -9999 -9999 4284 4357 -9999 -9999 -9999 -9999 -9999 -9999 5097 5225 5398 5546 5610 5630 5630 5664 5702 5727 5723 5683 5733 5925 6131 6192 6197 6273 6364 6588 6639 6502 6416 6110 5742 5577 5566 5292 5152 -9999 -9999 -9999 -9999 -9999 -9999 -9999 -9999 -9999 -9999 -9999 -9999 -9999 -9999 -9999 -9999 -9999 -9999 -9999 -9999 -9999
-9999 -9999 -9999 -9999 -9999 -9999 -9999 -9999 -9999 -9999 -9999 -9999 -9999 -9999 -9999 -9999 -9999 -9999 -9999 -9999 -9999 -9999 -9999 -9999 -9999 -9999 -9999 -9999 -9999 -9999 -9999 -9999 -9999 5014 5135 5295 5378 5386 5387 5452 5534 5640 5498 5412 5559 5701 5640 5876 6128 6221 6040 6147 6215 5913 5986 6077 5536 5119 5117 4944 -9999 -9999 -9999 -9999 -9999 -9999 -9999 -9999 -9999 -9999 -9999 -9999 -9999 -9999 -9999 -9999 -9999 -9999 -9999 -9999 -9999 -9999
-9999 -9999 -9999 -9999 -9999 -9999 -9999 -9999 -9999 -9999 -9999 -9999 -9999 -9999 -9999 -9999 -9999 -9999 -9999 -9999 -9999 -9999 -9999 -9999 -9999 -9999 -9999 -9999 -9999 -9999 -9999 -9999 -9999 4700 4868 5069 5115 5103 5137 5456 5454 5611 5394 4912 4900 5046 5169 -9999 -9999 -9999 -9999 5565 -9999 -9999 -9999 4966 -9999 -9999 -9999 -9999 -9999 -9999 -9999 -9999 -9999 -9999 -9999 -9999 -9999 -9999 -9999 -9999 -9999 -9999 -9999 -9999 -9999 -9999 -9999 -9999 -9999 -9999
-9999 -9999 -9999 -9999 -9999 -9999 -9999 -9999 -9999 -9999 -9999 -9999 -9999 -9999 -9999 -9999 -9999 -9999 -9999 -9999 -9999 -9999 -9999 -9999 -9999 -9999 -9999 -9999 -9999 -9999 -9999 -9999 -9999 -9999 -9999 4774 4806 4852 4962 5108 5108 5157 4930 4735 4780 -9999 -9999 -9999 -9999 -9999 -9999 -9999 -9999 -9999 -9999 -9999 -9999 -9999 -9999 -9999 -9999 -9999 -9999 -9999 -9999 -9999 -9999 -9999 -9999 -9999 -9999 -9999 -9999 -9999 -9999 -9999 -9999 -9999 -9999 -9999 -9999 -9999
-9999 -9999 -9999 -9999 -9999 -9999 -9999 -9999 -9999 -9999 -9999 -9999 -9999 -9999 -9999 -9999 -9999 -9999 -9999 -9999 -9999 -9999 -9999 -9999 -9999 -9999 -9999 -9999 -9999 -9999 -9999 -9999 -9999 -9999 -9999 4513 4523 4457 4644 4401 4481 -9999 -9999 -9999 -9999 -9999 -9999 -9999 -9999 -9999 -9999 -9999 -9999 -9999 -9999 -9999 -9999 -9999 -9999 -9999 -9999 -9999 -9999 -9999 -9999 -9999 -9999 -9999 -9999 -9999 -9999 -9999 -9999 -9999 -9999 -9999 -9999 -9999 5621 5678 6033 6304
-9999 -9999 -9999 -9999 -9999 -9999 -9999 -9999 -9999 -9999 -9999 -9999 -9999 -9999 -9999 -9999 -9999 -9999 -9999 -9999 -9999 -9999 -9999 -9999 -9999 -9999 -9999 -9999 -9999 -9999 -9999 -9999 -9999 -9999 -9999 -9999 4242 4211 4342 4089 -9999 -9999 -9999 -9999 -9999 -9999 -9999 -9999 -9999 -9999 -9999 -9999 -9999 -9999 -9999 -9999 -9999 -9999 -9999 -9999 -9999 -9999 -9999 -9999 -9999 -9999 -9999 -9999 -9999 -9999 -9999 -9999 -9999 -9999 -9999 5006 5466 5839 6078 6409 6601 6759
-9999 -9999 -9999 -9999 -9999 -9999 -9999 -9999 -9999 -9999 -9999 -9999 -9999 -9999 -9999 -9999 -9999 -9999 -9999 -9999 -9999 -9999 -9999 -9999 -9999 -9999 -9999 -9999 -9999 -9999 -9999 -9999 -9999 -9999 -9999 -9999 -9999 -9999 4308 -9999 -9999 -9999 -9999 -9999 -9999 -9999 -9999 -9999 -9999 -9999 -9999 -9999 -9999 -9999 -9999 -9999 -9999 -9999 -9999 -9999 -9999 -9999 -9999 -9999 -9999 -9999 -9999 -9999 -9999 -9999 -9999 -9999 -9999 4805 5063 5525 5850 6141 6511 6843 6900 7038
-9999 -9999 -9999 -9999 -9999 -9999 -9999 -9999 -9999 -9999 -9999 -9999 -9999 -9999 -9999 -9999 -9999 -9999 -9999 -9999 -9999 -9999 -9999 -9999 -9999 -9999 -9999 -9999 -9999 -9999 -9999 -9999 -9999 -9999 -9999 -9999 -9999 -9999 -9999 4187 -9999 -9999 -9999 -9999 -9999 -9999 -9999 -9999 -9999 -9999 -9999 -9999 -9999 -9999 -9999 -9999 -9999 -9999 -9999 -9999 -9999 -9999 -9999 -9999 -9999 -9999 -9999 -9999 -9999 -9999 -9999 -9999 4923 5222 5576 5722 6074 6419 6694 6891 6984 6999
-9999 -9999 -9999 -9999 -9999 -9999 -9999 -9999 -9999 -9999 -9999 -9999 -9999 -9999 -9999 -9999 -9999 -9999 -9999 -9999 -9999 -9999 -9999 -9999 -9999 -9999 -9999 -9999 -9999 -9999 -9999 -9999 -9999 -9999 -9999 -9999 4126 4328 4607 4468 -9999 -9999 -9999 -9999 -9999 -9999 -9999 -9999 -9999 -9999 -9999 -9999 -9999 -9999 -9999 -9999 -9999 -9999 -9999 -9999 -9999 -9999 -9999 -9999 -9999 -9999 -9999 4715 4648 4903 5009 4965 5027 5468 5929 6242 6492 6683 6848 6949 7004 7079
-9999 -9999 -9999 -9999 -9999 -9999 -9999 -9999 -9999 -9999 -9999 -9999 -9999 -9999 -9999 -9999 -9999 -9999 -9999 -9999 -9999 -9999 -9999 -9999 -9999 -9999 -9999 -9999 -9999 -9999 -9999 -9999 -9999 -9999 -9999 -9999 4124 4407 4743 4667 -9999 -9999 -9999 -9999 -9999 -9999 -9999 -9999 -9999 -9999 -9999 -9999 -9999 -9999 -9999 -9999 -9999 -9999 -9999 -9999 -9999 -9999 -9999 -9999 -9999 4864 4904 4818 4859 5126 5193 5273 5527 6147 6412 6496 6702 6825 6916 7009 7058 7059
-9999 -9999 -9999 -9999 -9999 -9999 -9999 -9999 -9999 -9999 -9999 -9999 -9999 -9999 -9999 -9999 -9999 -9999 -9999 -9999 -9999 -9999 -9999 -9999 -9999 -9999 -9999 -9999 -9999 -9999 -9999 -9999 -9999 -9999 -9999 -9999 4338 4855 5229 5107 4899 4315 -9999 -9999 -9999 -9999 -9999 -9999 -9999 -9999 -9999 -9999 -9999 -9999 -9999 -9999 -9999 -9999 -9999 -9999 -9999 -9999 -9999 -9999 4639 4852 4951 5094 5481 5622 5647 5809 6154 6450 6561 6655 6761 6872 6947 7025 7051 7031
-9999 -9999 -9999 -9999 -9999 -9999 -9999 -9999 -9999 -9999 -9999 -9999 -9999 -9999 -9999 -9999 -9999 -9999 -9999 -9999 -9999 -9999 -9999 -9999 -9999 -9999 -9999 -9999 -9999 -9999 -9999 -9999 -9999 -9999 -9999 4435 4694 5230 5511 5529 5324 5332 4729 -9999 -9999 -9999 -9999 -9999 -9999 4752 -9999 -9999 -9999 4697 -9999 -9999 -9999 -9999 -9999 -9999 -9999 -9999 -9999 4673 5148 5356 5450 5625 5612 5859 6051 5935 6197 6506 6784 6758 6868 6939 6987 7026 7043 7016
-9999 -9999 -9999 -9999 -9999 -9999 -9999 -9999 -9999 -9999 -9999 -9999 -9999 -9999 -9999 -9999 -9999 -9999 -9999 -9999 -9999 -9999 -9999 -9999 -9999 -9999 -9999 -9999 -9999 -9999 -9999 -9999 -9999 -9999 -9999 4437 4691 5160 5470 5582 5624 5741 5582 5330 5061 4850 4840 4963 4943 5138 5241 5156 4764 4718 4715 4947 5044 4699 4718 4814 4797 5082 5149 5121 5446 5587 5814 5828 6133 6280 6157 6147 6322 6604 6795 6837 6902 6960 7031 7038 7031 7027
