resultados/variables/bio4.asc
ncols 330
nrows 228
xllcorner -12.000000
yllcorner 34.000000
cellsize 0.166667
NODATA_value -9999
[rows 0 to 36 of 228, columns 164 to 245 of 330]
-9999 -9999 -9999 -9999 -9999 -9999 -9999 -9999 -9999 -9999 -9999 -9999 -9999 -9999 -9999 -9999 -9999 -9999 -9999 -9999 -9999 -9999 -9999 -9999 -9999 -9999 -9999 -9999 -9999 -9999 -9999 -9999 -9999 -9999 -9999 -9999 -9999 -9999 -9999 -9999 -9999 -9999 -9999 -9999 -9999 -9999 -9999 -9999 -9999 -9999 -9999 -9999 -9999 -9999 -9999 -9999 -9999 -9999 -9999 -9999 -9999 -9999 -9999 -9999 -9999 -9999 -9999 -9999 -9999 -9999 -9999 -9999 -9999 -9999 -9999 -9999 -9999 -9999 -9999 -9999 -9999 -9999
-9999 -9999 -9999 -9999 -9999 -9999 -9999 -9999 -9999 -9999 -9999 -9999 -9999 -9999 -9999 -9999 -9999 -9999 -9999 -9999 -9999 -9999 -9999 -9999 -9999 -9999 -9999 -9999 -9999 -9999 -9999 -9999 -9999 -9999 -9999 -9999 -9999 -9999 -9999 -9999 -9999 -9999 -9999 -9999 -9999 -9999 -9999 -9999 -9999 -9999 -9999 -9999 -9999 -9999 -9999 -9999 -9999 -9999 -9999 -9999 -9999 -9999 -9999 -9999 -9999 -9999 -9999 -9999 -9999 -9999 -9999 -9999 -9999 -9999 -9999 -9999 -9999 -9999 -9999 -9999 -9999 -9999
-9999 -9999 -9999 -9999 -9999 -9999 -9999 -9999 -9999 -9999 -9999 -9999 -9999 -9999 -9999 -9999 -9999 -9999 -9999 -9999 -9999 -9999 -9999 -9999 -9999 -9999 -9999 -9999 -9999 -9999 -9999 -9999 -9999 -9999 -9999 -9999 -9999 -9999 -9999 -9999 -9999 -9999 -9999 -9999 -9999 -9999 -9999 -9999 -9999 -9999 -9999 -9999 -9999 -9999 -9999 -9999 -9999 -9999 -9999 -9999 -9999 -9999 -9999 -9999 -9999 -9999 -9999 -9999 -9999 -9999 -9999 -9999 -9999 -9999 -9999 -9999 -9999 -9999 -9999 -9999 -9999 -9999
-9999 -9999 -9999 -9999 -9999 -9999 -9999 -9999 -9999 -9999 -9999 -9999 -9999 -9999 -9999 -9999 -9999 -9999 -9999 -9999 -9999 -9999 -9999 -9999 -9999 -9999 -9999 -9999 -9999 -9999 -9999 -9999 -9999 -9999 -9999 -9999 -9999 -9999 -9999 -9999 -9999 -9999 -9999 -9999 -9999 -9999 -9999 -9999 -9999 -9999 -9999 -9999 -9999 -9999 -9999 -9999 -9999 -9999 -9999 -9999 -9999 -9999 -9999 -9999 -9999 -9999 -9999 -9999 -9999 -9999 -9999 -9999 -9999 -9999 -9999 -9999 -9999 -9999 -9999 -9999 -9999 -9999
-9999 -9999 -9999 -9999 -9999 -9999 -9999 -9999 -9999 -9999 -9999 -9999 -9999 -9999 -9999 -9999 -9999 -9999 -9999 -9999 -9999 -9999 -9999 -9999 -9999 -9999 -9999 -9999 -9999 -9999 -9999 -9999 -9999 -9999 -9999 -9999 -9999 -9999 -9999 -9999 -9999 -9999 -9999 -9999 -9999 -9999 -9999 -9999 -9999 -9999 -9999 -9999 -9999 -9999 -9999 -9999 -9999 -9999 -9999 -9999 -9999 -9999 -9999 -9999 -9999 -9999 -9999 -9999 -9999 -9999 -9999 -9999 -9999 -9999 -9999 -9999 -9999 -9999 -9999 -9999 -9999 -9999
-9999 -9999 -9999 -9999 -9999 -9999 -9999 -9999 -9999 -9999 -9999 -9999 -9999 -9999 -9999 -9999 -9999 -9999 -9999 -9999 -9999 -9999 -9999 -9999 -9999 -9999 -9999 -9999 -9999 -9999 -9999 -9999 -9999 -9999 -9999 -9999 -9999 -9999 -9999 -9999 -9999 -9999 -9999 -9999 -9999 -9999 -9999 -9999 -9999 -9999 -9999 -9999 -9999 -9999 -9999 -9999 8139 -9999 -9999 -9999 -9999 7831 7718 -9999 -9999 -9999 -9999 -9999 -9999 -9999 -9999 -9999 -9999 5688 -9999 -9999 -9999 -9999 -9999 -9999 -9999 -9999
-9999 -9999 -9999 -9999 -9999 -9999 -9999 -9999 -9999 -9999 -9999 -9999 -9999 -9999 -9999 -9999 -9999 -9999 -9999 -9999 -9999 -9999 -9999 -9999 -9999 -9999 -9999 -9999 -9999 -9999 -9999 -9999 -9999 -9999 -9999 -9999 -9999 -9999 -9999 -9999 -9999 -9999 -9999 -9999 -9999 -9999 -9999 -9999 -9999 -9999 -9999 -9999 -9999 -9999 -9999 -9999 8368 -9999 8292 -9999 8112 -9999 -9999 -9999 -9999 -9999 -9999 7161 -9999 -9999 -9999 -9999 6006 5863 5693 5567 5540 -9999 -9999 -9999 -9999 -9999
-9999 -9999 -9999 -9999 -9999 -9999 -9999 -9999 -9999 -9999 -9999 -9999 -9999 -9999 -9999 -9999 -9999 -9999 -9999 -9999 -9999 -9999 -9999 -9999 -9999 -9999 -9999 -9999 -9999 -9999 -9999 -9999 -9999 -9999 -9999 -9999 -9999 -9999 -9999 -9999 -9999 -9999 -9999 -9999 -9999 -9999 -9999 8326 -9999 -9999 -9999 -9999 -9999 -9999 -9999 8523 8545 8539 8500 8438 8338 8213 -9999 -9999 -9999 7743 7551 -9999 -9999 -9999 -9999 -9999 6330 6153 5974 5831 -9999 -9999 -9999 5691 5640 5634
-9999 -9999 -9999 -9999 -9999 -9999 -9999 -9999 -9999 -9999 -9999 -9999 -9999 -9999 -9999 -9999 -9999 -9999 -9999 -9999 -9999 -9999 -9999 -9999 -9999 -9999 -9999 -9999 -9999 -9999 -9999 -9999 -9999 -9999 -9999 -9999 -9999 -9999 -9999 -9999 -9999 -9999 8149 8212 8301 8345 -9999 -9999 -9999 -9999 8633 8686 -9999 8741 8773 8767 8739 8725 8692 -9999 -9999 -9999 -9999 -9999 8098 7945 7786 -9999 -9999 -9999 6970 6750 6566 6419 6261 6157 -9999 -9999 -9999 5909 5874 5825
-9999 -9999 -9999 -9999 -9999 -9999 -9999 -9999 -9999 -9999 -9999 -9999 -9999 -9999 -9999 -9999 -9999 -9999 -9999 -9999 -9999 -9999 -9999 -9999 -9999 -9999 -9999 -9999 -9999 -9999 -9999 -9999 -9999 -9999 -9999 -9999 -9999 -9999 -9999 -9999 -9999 -9999 -9999 -9999 -9999 -9999 8631 -9999 8732 -9999 8846 8863 8910 8932 8935 8948 8959 8943 -9999 -9999 -9999 -9999 8604 8484 8349 8205 7993 -9999 -9999 7426 7230 7046 6875 6691 6484 6342 6209 -9999 6117 6064 6037 5999
-9999 -9999 -9999 -9999 -9999 -9999 -9999 -9999 -9999 -9999 -9999 -9999 -9999 -9999 -9999 -9999 -9999 -9999 -9999 -9999 -9999 -9999 -9999 -9999 -9999 6245 -9999 -9999 -9999 -9999 -9999 -9999 -9999 -9999 -9999 -9999 -9999 -9999 -9999 8197 -9999 -9999 -9999 -9999 -9999 -9999 -9999 -9999 -9999 8952 9007 9039 9064 9102 9140 9155 9155 9129 -9999 -9999 -9999 8975 8885 8753 8605 8424 8267 8079 7876 7686 7494 7311 7125 6934 6761 6613 6488 6411 6334 6277 6236 6175
-9999 -9999 -9999 -9999 -9999 -9999 -9999 -9999 -9999 -9999 -9999 -9999 -9999 -9999 -9999 -9999 -9999 -9999 -9999 -9999 -9999 -9999 -9999 -9999 -9999 -9999 6451 6594 -9999 -9999 7106 7229 7398 -9999 -9999 -9999 -9999 -9999 8209 -9999 8442 8525 8625 -9999 -9999 8853 -9999 8963 9029 9098 9166 9218 9244 9276 9320 9338 9355 -9999 -9999 9368 9304 9234 9136 9005 8859 8709 8542 8350 8157 7962 7769 7569 7366 7196 7033 6895 6769 6673 6574 6496 -9999 -9999
-9999 -9999 -9999 -9999 -9999 -9999 -9999 -9999 -9999 -9999 -9999 -9999 -9999 -9999 -9999 -9999 -9999 -9999 -9999 -9999 -9999 5840 5968 6110 6219 6397 6538 -9999 -9999 7122 -9999 -9999 -9999 -9999 -9999 -9999 8098 -9999 -9999 -9999 8582 8701 8809 8899 8964 9025 9061 9108 9172 9246 9317 9363 9401 9452 9486 9521 9537 9559 9583 9575 9544 9483 9365 9221 9098 8930 8750 8579 8386 8193 8019 7840 7670 7520 7356 7182 7054 6967 6876 6774 6689 -9999
-9999 -9999 -9999 -9999 -9999 -9999 -9999 -9999 -9999 -9999 -9999 -9999 -9999 -9999 -9999 -9999 -9999 -9999 5692 5745 -9999 5857 -9999 6160 6398 6571 -9999 -9999 7123 7225 -9999 7574 7687 7860 7931 8096 8299 8429 8519 8621 -9999 8841 8949 9055 9122 9184 9240 9294 9352 9408 9455 9508 9559 9587 9651 9680 9727 9760 9798 9820 9810 9746 9633 9492 9322 9158 8989 8818 8636 8450 8282 8127 7958 7801 7664 7496 7356 7231 7114 7019 6898 6799
-9999 -9999 -9999 -9999 -9999 -9999 -9999 -9999 -9999 -9999 -9999 -9999 -9999 -9999 -9999 -9999 5581 5673 5786 5845 5842 -9999 6192 6308 6556 6649 -9999 7080 -9999 -9999 -9999 7670 7882 8051 8172 8247 8431 8597 8701 8822 8935 9025 9109 9190 9267 9352 9407 9446 9489 9551 9595 9642 9682 9744 9776 9838 9879 9918 9976 10023 10035 9982 9868 9697 9539 9371 9207 9041 8876 8707 8536 8377 8237 8076 7922 7769 7621 7475 7345 7226 7119 7022
-9999 -9999 -9999 -9999 -9999 -9999 -9999 -9999 -9999 -9999 -9999 -9999 -9999 5515 5553 5596 -9999 5780 -9999 5959 6030 6063 6267 6453 6704 -9999 7090 7282 7352 -9999 7746 7877 8079 8174 8333 8457 8572 8695 8818 8955 9070 9168 9250 9328 9421 9473 9524 9575 9645 9670 9714 9774 9815 9848 9907 9961 9993 10066 10121 10158 10190 10156 10028 9873 9714 9558 9405 9251 9093 8948 8793 8652 8493 8337 -9999 -9999 7873 7726 7586 7469 -9999 7257
-9999 -9999 -9999 4697 4664 -9999 -9999 -9999 -9999 -9999 -9999 5425 5489 5552 5640 -9999 5849 5913 5994 6050 6205 -9999 6348 -9999 -9999 6989 7187 -9999 7562 7754 7855 8015 8190 8357 8486 8614 8740 8862 8979 9085 9193 9303 9409 9483 9537 9612 9668 9718 9742 9772 9829 9872 9920 9969 10011 10052 10107 10160 10204 10241 10257 10232 10132 9989 9852 9717 9576 9438 9294 9160 9027 8891 8746 8591 8435 8270 -9999 7961 7822 7700 7586 7479
-9999 4756 4745 -9999 -9999 -9999 -9999 -9999 -9999 5284 -9999 -9999 -9999 -9999 5822 5955 6056 6107 6168 6200 6350 6486 6633 6715 6972 7196 7403 7606 7724 7877 8023 8179 8278 8463 8604 8743 8859 8982 9108 9225 9341 9452 9540 9610 9677 9732 9783 9812 9851 9901 9927 9968 10017 10049 10085 10147 10186 10218 10272 10301 10300 10266 10197 10085 9957 9847 9728 9598 9491 9361 9249 9128 8991 8838 -9999 -9999 -9999 8189 8053 7920 7806 7687
-9999 -9999 4888 -9999 -9999 -9999 5149 5195 -9999 -9999 -9999 5698 -9999 -9999 -9999 6089 6175 6311 6367 6612 6729 6776 6964 7127 7231 7298 7513 7740 7911 8036 8171 8310 8442 8563 8716 8864 8994 9116 9239 9360 9477 9581 9675 9768 9819 9852 9878 9920 9959 9986 10020 10062 10089 10117 10160 10212 10237 10269 10301 10325 10320 10287 10227 10155 10043 9930 9846 9730 9627 9546 -9999 9355 -9999 9081 -9999 8736 -9999 8417 8266 8132 8010 7892
-9999 4953 5005 5060 -9999 -9999 5267 -9999 -9999 5580 -9999 -9999 5935 6075 6165 6324 6396 6564 6692 6699 6930 7087 7254 7412 7498 7622 7708 7914 8068 8218 8329 8469 8612 8741 8861 8981 9098 9241 9372 9489 9603 9714 9828 9887 9931 9962 9998 10013 10035 10056 10093 10116 10139 10188 10214 10242 10275 10304 10326 10331 10319 10288 10239 10175 10117 10019 9932 9862 9775 9707 9639 9567 9476 9318 9124 8942 8779 8619 8478 8336 8221 8096
5065 5115 -9999 5235 5291 5351 5401 5490 5601 5801 5902 5948 6110 6205 6350 6520 6675 6759 6943 7026 7204 7302 7394 7526 7672 7819 7924 8065 8223 8352 8488 8610 8733 8859 8987 9120 9240 9355 9471 9582 9718 9839 9946 10014 10040 10062 10081 10082 10092 10114 10146 10160 10177 10225 10256 10261 10287 10324 10334 10326 10310 10285 10255 10217 10146 10084 10021 9957 9884 9825 9773 9718 9651 9488 9299 9114 8950 8797 8652 8501 8389 8267
-9999 5207 -9999 5281 -9999 -9999 -9999 -9999 -9999 -9999 -9999 -9999 -9999 6414 -9999 6677 6825 6962 7098 7186 -9999 -9999 7552 7719 7892 7991 8084 8234 8376 8514 8638 8763 8883 8994 9107 9221 9338 9449 9573 9695 9808 9928 10036 10100 10112 10127 10131 10122 10128 10147 10176 10191 10193 10221 10274 10281 10287 10320 10329 10320 10305 10297 10276 10229 10175 10126 10063 10019 9964 9899 9866 9793 9706 9578 9417 9247 9092 8934 8801 8679 8551 8451
-9999 -9999 -9999 -9999 -9999 -9999 5709 -9999 5924 6136 6297 6391 6528 6659 -9999 -9999 7107 7208 7315 7424 7596 7718 7830 7930 8035 8134 -9999 -9999 8515 8653 8787 8906 9018 9126 9232 9340 9436 9548 9657 9763 9868 9970 10078 10127 10148 10161 10160 10148 10155 10178 10198 10208 10216 10242 10260 10271 10288 10308 10302 10292 10291 10287 10263 10233 10196 10146 10102 10045 10015 9954 9904 9840 9744 9634 9501 9355 9226 9081 8961 8837 8713 8621
5347 5412 -9999 5567 -9999 -9999 -9999 -9999 6216 6392 6493 6614 6714 6857 7038 -9999 7312 7445 7567 7701 7823 7940 8034 8157 8283 8395 8486 8595 8707 8814 8924 9030 9132 9235 9337 9438 9527 9618 9715 9809 9916 10003 10091 10135 10146 10156 10164 10158 10164 10178 10196 10199 10222 10236 10262 10252 10249 10280 10288 10274 10272 10265 10248 10222 10188 10167 10124 -9999 -9999 9980 9935 9864 -9999 9680 9552 9427 9305 9171 9062 8948 8840 8750
-9999 5604 5710 5750 5886 -9999 6082 6265 6393 6515 6641 6784 6910 -9999 7177 7320 7476 7587 7764 7884 7974 8078 8218 8336 8466 8586 8694 8795 8894 8988 9068 9168 9253 9345 9431 9512 9602 9691 9775 9853 9938 10006 10072 10122 10137 10143 10149 10156 10160 10177 10195 10194 -9999 10220 10233 10231 10229 10238 10245 10237 10227 10225 10225 10209 10183 10151 10112 10079 10044 9998 9941 9878 -9999 -9999 -9999 9493 9379 9260 9164 9050 8959 8865
-9999 -9999 -9999 5925 6050 6217 6310 6447 6575 6682 6798 6875 7037 7173 7372 7525 7626 7761 7900 8018 8168 8300 8424 8546 8667 8783 8887 8981 9071 9157 9240 9316 9376 9443 9514 9574 9652 9723 9802 9873 9949 10008 10048 10089 10115 10130 10133 10140 10145 10162 10167 10169 10179 10203 10206 10199 10193 10195 10204 10202 10194 10190 10192 10167 10146 10133 10113 10075 10031 9998 9937 9882 9805 9726 9630 9538 9445 9330 9247 9134 9060 8974
-9999 5849 -9999 6053 6225 6353 6495 6595 6706 6841 6977 7104 7255 7378 7492 7646 7783 7950 8074 8211 8335 8476 8620 8749 8869 8982 9084 9174 9254 9323 9386 9447 9506 9559 9616 9676 9730 9786 9848 9895 9948 9999 10034 10059 10083 10107 10124 10123 10119 10128 10145 10139 10138 10148 10145 10157 10155 10145 10150 10161 10142 10134 10144 10120 10112 10105 10078 10046 10023 9991 9929 9875 9809 9732 9660 9567 9488 9390 9311 9211 9147 9068
5871 -9999 6097 6261 -9999 6518 6597 -9999 6875 7024 7161 7317 7480 7610 7742 7870 7983 8111 8241 8379 8520 8669 8811 8946 9077 9184 9279 9355 9425 9477 9528 9580 9617 9653 9690 9732 9775 9819 9871 9905 9940 9969 10003 10027 10048 10066 10074 10072 10074 10077 10081 10090 10097 10097 10100 10103 10106 10099 10095 10107 10089 10084 10092 10074 10071 10063 10052 10039 10011 9960 9930 9869 9806 9738 9670 9592 9516 9433 9359 9289 9238 9162
-9999 6107 6267 6430 -9999 6716 6841 6940 7078 7216 7341 7493 7640 7776 7894 8028 8163 8302 8436 8587 8723 8864 9008 9140 9273 9383 9469 9536 9588 9626 9656 9677 9703 9733 9767 9793 9811 9843 9900 9923 9935 9947 9960 9978 9998 10009 10015 10025 10031 10029 10036 10044 10050 10058 10047 10035 10042 10044 10028 10042 10037 10019 10027 10017 10023 10024 10020 10007 9973 9939 9908 9840 9793 9735 9676 9610 9538 9476 9407 9346 9292 9245
6123 6308 6440 6536 6654 6846 6971 7085 7237 7377 7492 7637 7766 7894 8035 8178 8316 8450 8601 8751 8904 9051 9202 9343 9473 9584 9664 9705 9730 9745 9757 9772 9778 9788 9798 9812 9828 9854 9874 9903 9938 9935 9942 9945 9957 9971 9985 9985 9981 9978 9975 9972 9979 9992 9992 9972 9974 9982 9966 9963 9970 9949 9953 9954 9960 9955 9953 9950 9936 9915 9880 9829 9784 9729 9675 9619 9578 9524 9450 9403 9336 9296
6286 6482 6591 6714 6839 6961 7070 7204 7358 7500 7652 7792 7920 8031 8168 8311 8464 8610 8757 8899 9058 9219 9373 9527 9667 9779 9850 9876 9880 9871 9867 9858 9853 9853 9853 9845 9840 9836 9852 9862 9892 9910 9916 9911 9906 9915 9919 9929 9926 9924 9918 9912 9915 9928 9929 9928 9912 9904 9909 9887 9885 9888 9882 9891 9895 9896 9901 9905 9891 9865 9856 9818 9748 9732 9698 9622 9585 9541 9483 9438 9394 9350
6421 6559 6718 6861 6965 7118 7268 7382 7529 7659 7790 7918 8055 8208 8344 8484 8624 8768 8918 9064 9213 9363 9522 9681 9849 9978 10023 10002 9970 9952 9938 9918 9899 9886 9877 9873 9862 9854 9847 9840 9842 9851 9872 9869 9854 9861 9867 9876 9886 9877 9866 9853 9860 9850 9844 9859 9846 9837 9847 9828 9806 9804 9798 9802 9819 9823 9838 9845 9845 9845 9833 9786 9737 9714 9684 9644 9586 9551 9532 9485 9430 9416
6590 6753 6863 6998 7114 7210 7368 7523 7653 7787 7931 8074 8215 8344 8478 8641 8779 8918 9053 9198 9339 9492 9643 9801 9955 10101 10125 10085 10047 9997 9956 9934 9909 9897 9888 9879 9869 9851 9841 9837 9829 9813 9807 9817 9809 9816 9812 9803 9807 9811 9800 9790 9796 9785 9776 9770 9773 9774 9768 9760 9747 9727 9729 9729 9742 9772 9786 9797 9800 9796 9784 9763 -9999 9694 9674 9657 9601 9566 9548 9515 9477 9448
6724 6867 6995 7124 7244 7361 7493 7637 7778 7919 -9999 8205 8347 8500 8634 8769 8904 9039 9179 9323 9455 9586 9727 9859 9985 10093 10135 10120 10094 10035 9979 9937 9894 9878 9873 9861 9837 9828 9801 9805 9795 9768 9754 9745 9737 9733 9746 9756 9750 9728 9720 9719 9709 9707 9703 9704 9703 9713 9697 9684 9685 9678 9684 9687 9690 9715 9726 9734 9751 9766 9764 9735 9714 9712 9684 9650 9618 9591 9561 9535 9512 9479
6814 6948 7101 7243 7372 7509 7634 7773 7918 8060 8201 8340 8487 8628 8769 8900 9036 9157 9281 9397 9529 9652 9779 9889 9988 10062 10094 10101 10094 10042 9987 9955 9887 9852 9846 9820 9787 9770 9739 9733 9727 9720 9716 9712 9690 9671 9678 9682 9680 9659 9646 9637 9636 9632 9631 9630 9631 9622 9628 9626 9623 9628 9620 9637 9650 9680 9687 9698 9716 9715 9721 9718 9709 9699 9671 9642 -9999 9600 9577 9561 9525 9488
6931 7069 7228 7366 7474 7629 7775 7917 8058 8199 8347 8482 8624 8760 8891 -9999 9138 9265 9382 9495 9595 9717 9812 9919 9991 10043 10061 10050 10040 10011 9984 9939 9871 9840 9822 9781 9743 9723 9688 9670 9664 9656 9637 9625 9623 9616 9601 9611 9604 9572 9567 -9999 9557 9553 9549 9542 9554 9549 9556 9567 9550 9579 9580 9604 9618 9635 9652 9655 9669 9684 9689 9688 9681 9669 9664 9654 9628 9615 9591 9567 9539 9519
7039 7176 7313 7463 7602 7725 7874 8027 8179 8331 8470 8620 8756 8887 -9999 -9999 9246 9350 9451 9544 9640 9729 9805 9891 9945 9994 10019 10013 9977 9946 9924 9893 9863 9822 9771 9719 9698 9663 9625 9614 9594 9570 9553 9558 9561 9545 9536 9520 9528 9509 9490 9492 9458 9459 9480 9467 9482 9490 9486 9510 9508 9524 9540 9550 9566 9579 9613 9622 9629 9651 9660 9662 9663 9658 9650 9636 9619 9617 9594 9571 9560 9557
