resultados/variables/bio6.asc
ncols 330
nrows 228
xllcorner -12.000000
yllcorner 34.000000
cellsize 0.166667
NODATA_value -9999
[rows 164 to 204 of 228, columns 0 to 90 of 330]
-9999 -9999 -9999 -9999 -9999 -9999 -9999 -9999 -9999 -9999 -9999 -9999 -9999 -9999 -9999 -9999 -9999 -9999 -9999 -9999 -9999 -9999 -9999 -9999 -9999 -9999 -9999 -9999 -9999 -9999 -9999 -9999 -9999 -9999 -9999 -9999 -9999 -9999 -9999 -9999 -9999 -9999 -9999 -9999 -9999 -9999 -9999 -9999 -9999 -9999 -9999 -9999 -9999 -9999 -9999 -9999 -9999 -9999 -9999 -9999 -9999 -9999 -9999 -9999 -9999 24 21 16 15 14 13 12 12 11 10 10 9 7 6 6 4 2 3 4 3 2 -1 -4 -9 -22 -35
-9999 -9999 -9999 -9999 -9999 -9999 -9999 -9999 -9999 -9999 -9999 -9999 -9999 -9999 -9999 -9999 -9999 -9999 -9999 -9999 -9999 -9999 -9999 -9999 -9999 -9999 -9999 -9999 -9999 -9999 -9999 -9999 -9999 -9999 -9999 -9999 -9999 -9999 -9999 -9999 -9999 -9999 -9999 -9999 -9999 -9999 -9999 -9999 -9999 -9999 -9999 -9999 -9999 -9999 -9999 -9999 -9999 -9999 -9999 -9999 -9999 -9999 -9999 -9999 27 23 19 16 13 12 10 8 10 12 10 10 10 9 6 6 6 6 4 3 0 -3 -3 -4 -7 -7 -12
-9999 -9999 -9999 -9999 -9999 -9999 -9999 -9999 -9999 -9999 -9999 -9999 -9999 -9999 -9999 -9999 -9999 -9999 -9999 -9999 -9999 -9999 -9999 -9999 -9999 -9999 -9999 -9999 -9999 -9999 -9999 -9999 -9999 -9999 -9999 -9999 -9999 -9999 -9999 -9999 -9999 -9999 -9999 -9999 -9999 -9999 -9999 -9999 -9999 -9999 -9999 -9999 -9999 -9999 -9999 -9999 -9999 -9999 -9999 -9999 -9999 -9999 -9999 -9999 29 24 19 15 11 9 8 7 8 9 10 9 8 8 8 8 7 7 3 3 0 -4 -5 -7 -12 -15 -9
-9999 -9999 -9999 -9999 -9999 -9999 -9999 -9999 -9999 -9999 -9999 -9999 -9999 -9999 -9999 -9999 -9999 -9999 -9999 -9999 -9999 -9999 -9999 -9999 -9999 -9999 -9999 -9999 -9999 -9999 -9999 -9999 -9999 -9999 -9999 -9999 -9999 -9999 -9999 -9999 -9999 -9999 -9999 -9999 -9999 -9999 -9999 -9999 -9999 -9999 -9999 -9999 -9999 -9999 -9999 -9999 -9999 -9999 -9999 -9999 -9999 -9999 -9999 -9999 30 24 18 14 10 8 7 6 6 8 9 9 10 10 11 11 10 10 5 7 5 3 0 -3 -6 -3 -4
-9999 -9999 -9999 -9999 -9999 -9999 -9999 -9999 -9999 -9999 -9999 -9999 -9999 -9999 -9999 -9999 -9999 -9999 -9999 -9999 -9999 -9999 -9999 -9999 -9999 -9999 -9999 -9999 -9999 -9999 -9999 -9999 -9999 -9999 -9999 -9999 -9999 -9999 -9999 -9999 -9999 -9999 -9999 -9999 -9999 -9999 -9999 -9999 -9999 -9999 -9999 -9999 -9999 -9999 -9999 -9999 -9999 -9999 -9999 -9999 -9999 -9999 -9999 -9999 30 23 19 16 11 8 8 6 6 7 7 8 8 7 8 10 10 9 9 10 10 8 3 1 5 2 -3
-9999 -9999 -9999 -9999 -9999 -9999 -9999 -9999 -9999 -9999 -9999 -9999 -9999 -9999 -9999 -9999 -9999 -9999 -9999 -9999 -9999 -9999 -9999 -9999 55 -9999 -9999 -9999 -9999 -9999 -9999 -9999 -9999 -9999 -9999 -9999 -9999 -9999 -9999 -9999 -9999 -9999 -9999 -9999 -9999 -9999 -9999 -9999 -9999 -9999 -9999 -9999 -9999 -9999 -9999 -9999 -9999 -9999 -9999 -9999 -9999 -9999 -9999 37 31 26 22 16 12 9 7 7 5 6 6 6 6 7 5 9 9 10 11 10 10 7 0 -5 -7 -5 0
-9999 -9999 -9999 -9999 -9999 -9999 -9999 -9999 -9999 -9999 -9999 -9999 -9999 -9999 -9999 -9999 -9999 -9999 -9999 -9999 -9999 -9999 -9999 60 51 41 41 47 -9999 -9999 -9999 -9999 -9999 -9999 -9999 -9999 52 -9999 -9999 -9999 -9999 -9999 -9999 -9999 -9999 -9999 -9999 -9999 -9999 -9999 -9999 -9999 -9999 -9999 -9999 -9999 -9999 -9999 -9999 -9999 -9999 -9999 -9999 38 32 26 21 16 12 8 6 6 6 4 5 5 5 6 6 7 9 10 10 10 12 12 2 -7 -8 -1 10
-9999 -9999 -9999 -9999 -9999 -9999 -9999 -9999 -9999 -9999 -9999 -9999 -9999 -9999 -9999 -9999 -9999 -9999 -9999 -9999 -9999 -9999 -9999 50 40 33 25 32 38 37 24 28 23 23 28 39 40 43 37 41 41 45 39 34 -9999 -9999 -9999 -9999 63 63 59 -9999 -9999 -9999 60 57 -9999 -9999 -9999 -9999 -9999 -9999 42 35 29 25 19 15 11 7 2 1 4 3 3 3 4 5 4 8 9 10 10 12 5 -3 -1 3 8 15 22
-9999 -9999 -9999 -9999 -9999 -9999 -9999 -9999 -9999 -9999 -9999 -9999 -9999 -9999 -9999 -9999 -9999 -9999 69 66 60 59 61 46 35 36 35 31 28 16 20 7 11 13 8 10 13 24 15 12 5 9 -13 -6 19 29 34 41 43 31 25 41 40 49 54 55 48 49 50 53 46 32 25 16 19 17 14 11 7 5 2 -2 -0 -0 -2 -1 1 2 5 6 7 9 10 12 16 16 19 23 25 27 27
-9999 -9999 -9999 -9999 -9999 -9999 -9999 -9999 -9999 -9999 -9999 -9999 -9999 -9999 -9999 -9999 -9999 67 60 54 50 49 45 38 32 33 33 26 16 12 14 -2 -1 -19 -23 -26 -16 -9 -18 -29 -26 -23 -33 -28 -5 -20 -6 9 11 6 4 14 27 35 36 25 33 35 36 32 15 10 6 -4 -5 -15 -3 -6 -13 -17 -16 -12 -14 -11 -11 -6 -2 0 1 1 4 6 8 9 12 16 11 18 23 28 -9999
-9999 -9999 -9999 -9999 -9999 -9999 -9999 -9999 -9999 -9999 -9999 -9999 -9999 -9999 -9999 -9999 -9999 63 59 58 55 48 45 41 32 28 29 27 14 13 1 -15 -19 -26 -31 -35 -31 -31 -28 -29 -23 -25 -26 -38 -28 -20 -13 -3 1 5 13 16 10 12 14 20 20 11 11 4 0 8 -0 -10 -19 -25 -33 -51 -39 -53 -60 -43 -63 -53 -36 -27 -27 -27 -18 -9 -20 -6 -9 -0 2 11 6 13 22 27 -9999
-9999 -9999 -9999 -9999 -9999 -9999 -9999 -9999 -9999 -9999 -9999 -9999 -9999 -9999 -9999 -9999 -9999 72 67 62 61 51 43 36 27 26 22 20 4 -3 -11 -7 -4 -20 -26 -25 -19 -19 -14 -14 -15 -15 -17 -18 -15 -10 -6 -6 -3 -1 -2 10 10 13 19 15 7 3 -1 -0 2 7 -0 -3 -7 -15 -22 -35 -53 -67 -73 -77 -76 -65 -65 -53 -45 -63 -59 -45 -47 -33 -28 -29 -19 -11 6 23 31 38 -9999
-9999 -9999 -9999 -9999 -9999 -9999 -9999 -9999 -9999 -9999 -9999 -9999 -9999 -9999 -9999 -9999 -9999 -9999 -9999 72 58 39 29 27 19 24 23 22 5 -8 -1 10 6 -8 -18 -14 -12 -12 -8 -7 -9 -10 -14 -13 -10 -7 -5 -6 -7 -7 -1 6 6 9 17 11 6 6 9 10 13 9 -4 -3 -1 -10 -12 -17 -24 -32 -41 -45 -46 -51 -61 -67 -67 -74 -52 -42 -66 -59 -61 -61 -41 -22 -1 11 32 39 -9999
-9999 -9999 -9999 -9999 -9999 -9999 -9999 -9999 -9999 -9999 -9999 -9999 -9999 -9999 -9999 -9999 -9999 -9999 -9999 69 62 34 30 33 29 22 18 13 11 4 2 -7 -21 -31 -18 -10 -7 -8 -6 -6 -8 -7 -10 -10 -8 -6 -4 -4 -7 -5 -6 -7 -5 -3 4 10 6 11 12 14 13 12 8 4 -6 -14 -21 -15 -19 -21 -29 -30 -17 -22 -29 -38 -31 -45 -35 -39 -25 -42 -38 -21 -45 -48 -24 6 22 31 36
-9999 -9999 -9999 -9999 -9999 -9999 -9999 -9999 -9999 -9999 -9999 -9999 -9999 -9999 -9999 -9999 -9999 -9999 -9999 -9999 60 43 29 35 27 20 9 -6 -9 -2 -22 -35 -28 -29 -20 -9 -6 -5 -4 -8 -6 -6 -8 -9 -8 -7 -6 -7 -5 -6 -10 -19 -30 -30 -28 -16 -18 -18 -12 3 11 15 11 9 5 -0 -6 -3 -9 -18 -23 -22 -15 -11 -13 -18 -16 -13 -23 -21 -13 -35 -28 -17 -9 -5 12 22 32 44 48
-9999 -9999 -9999 -9999 -9999 -9999 -9999 -9999 -9999 -9999 -9999 -9999 -9999 -9999 -9999 -9999 -9999 -9999 -9999 61 63 50 30 14 16 16 11 2 -3 -8 -25 -23 -14 -14 -9 -6 -5 -3 -3 -4 -4 -6 -5 -6 -9 -11 -8 -7 -6 -7 -12 -13 -19 -32 -34 -39 -37 -33 -26 -14 -0 10 14 8 10 8 3 6 3 3 -1 -1 -1 -4 -11 -10 -12 -4 -7 -1 -4 -4 -3 13 12 16 13 27 37 46 52
-9999 -9999 -9999 -9999 -9999 -9999 -9999 -9999 -9999 -9999 -9999 -9999 -9999 -9999 -9999 -9999 -9999 -9999 -9999 62 46 40 22 20 9 6 12 16 6 0 -5 -8 -5 -9 -9 -8 -4 -2 -2 -1 -2 -4 -5 -8 -9 -8 -10 -11 -9 -10 -12 -17 -16 -21 -29 -30 -29 -27 -31 -21 -13 -2 6 15 16 5 2 11 4 8 7 4 7 5 -1 -2 -2 3 11 15 10 15 23 29 22 26 21 30 44 44 52
-9999 -9999 -9999 -9999 -9999 -9999 -9999 -9999 -9999 -9999 -9999 -9999 -9999 -9999 -9999 -9999 -9999 -9999 -9999 57 53 44 28 15 11 9 15 16 11 11 -3 1 1 -4 -5 -6 -3 -1 -0 -1 -2 -5 -6 -4 -4 -7 -9 -9 -5 -6 -6 -8 -12 -16 -20 -22 -22 -21 -24 -25 -34 -29 -7 7 16 18 16 14 4 3 10 11 13 10 10 7 13 18 20 19 17 18 33 38 26 28 26 44 50 48 -9999
-9999 -9999 -9999 -9999 -9999 -9999 -9999 -9999 -9999 -9999 -9999 -9999 -9999 -9999 -9999 -9999 -9999 -9999 -9999 59 54 48 39 23 18 19 16 13 24 18 5 5 6 0 -2 -2 -1 1 1 -1 -1 -1 -1 2 -2 -5 -6 -5 -6 -6 -8 -9 -8 -10 -13 -14 -19 -19 -21 -23 -25 -21 -7 4 11 8 15 19 18 12 7 9 12 15 14 15 17 20 20 15 18 31 36 45 47 54 50 -9999 -9999 -9999 -9999
-9999 -9999 -9999 -9999 -9999 -9999 -9999 -9999 -9999 -9999 -9999 -9999 -9999 -9999 -9999 -9999 -9999 -9999 -9999 59 53 46 39 29 29 10 12 20 24 18 11 13 6 4 1 -1 -1 0 -0 0 1 1 0 1 -1 -4 -5 -6 -8 -15 -11 -11 -15 -17 -16 -16 -17 -20 -17 -17 -17 -10 -8 -5 3 2 0 12 21 21 14 14 18 17 20 15 13 13 17 25 24 35 50 53 61 -9999 -9999 -9999 -9999 -9999 -9999
-9999 -9999 -9999 -9999 -9999 -9999 -9999 -9999 -9999 -9999 -9999 -9999 -9999 -9999 -9999 -9999 -9999 -9999 -9999 -9999 50 42 39 36 19 27 24 23 16 26 20 11 8 5 -9999 -1 -4 -5 -4 -1 -1 0 1 0 -0 -1 -3 -4 -6 -10 -14 -31 -29 -28 -20 -18 -23 -22 -14 -14 -13 -11 -12 -20 -16 -12 -4 7 17 23 25 26 25 22 22 27 19 14 24 48 49 56 58 -9999 -9999 -9999 -9999 -9999 -9999 -9999 -9999
-9999 -9999 -9999 -9999 -9999 -9999 -9999 -9999 -9999 -9999 -9999 -9999 -9999 -9999 -9999 -9999 -9999 -9999 -9999 -9999 50 46 40 30 23 26 24 21 25 28 22 17 8 4 1 1 -0 -1 -2 -3 -1 -1 -1 -2 -3 -4 -4 -7 -16 -22 -23 -27 -20 -19 -14 -14 -22 -25 -31 -30 -29 -26 -27 -22 -25 -25 -11 -5 7 13 19 20 20 22 21 35 32 36 53 -9999 -9999 -9999 -9999 -9999 -9999 -9999 -9999 -9999 -9999 -9999 -9999
-9999 -9999 -9999 -9999 -9999 -9999 -9999 -9999 -9999 -9999 -9999 -9999 -9999 -9999 -9999 -9999 -9999 -9999 -9999 -9999 53 41 31 26 20 16 19 15 22 24 19 15 10 7 4 1 0 -1 -1 -1 -3 -5 -5 -4 -7 -8 -6 -13 -32 -21 -7 -6 -4 -3 -7 -14 -20 -24 -26 -32 -31 -30 -28 -26 -24 -30 -21 -8 -2 2 13 11 15 15 28 35 41 -9999 -9999 -9999 -9999 -9999 -9999 -9999 -9999 -9999 -9999 -9999 -9999 -9999 -9999
-9999 -9999 -9999 -9999 -9999 -9999 -9999 -9999 -9999 -9999 -9999 -9999 -9999 -9999 -9999 -9999 -9999 -9999 -9999 -9999 58 45 35 35 31 27 25 22 24 22 17 15 11 8 6 2 -2 -5 -2 -3 -7 -13 -14 -13 -14 -18 -20 -24 -21 -5 6 3 3 0 -9 -11 -12 -19 -28 -31 -33 -34 -34 -24 -29 -30 -28 -23 -18 -6 6 3 1 3 37 50 56 -9999 -9999 -9999 -9999 -9999 -9999 -9999 -9999 -9999 -9999 -9999 -9999 -9999 -9999
-9999 -9999 -9999 -9999 -9999 -9999 -9999 -9999 -9999 -9999 -9999 -9999 -9999 -9999 -9999 -9999 -9999 -9999 -9999 64 60 54 35 37 39 36 32 23 19 18 16 16 16 9 -1 -3 0 -2 -4 -10 -18 -26 -21 -20 -19 -20 -19 -3 3 10 12 9 7 -1 -7 -8 -12 -18 -25 -34 -41 -45 -40 -29 -21 -22 -27 -27 -28 -20 -3 -2 8 32 46 -9999 -9999 -9999 -9999 -9999 -9999 -9999 -9999 -9999 -9999 -9999 -9999 -9999 -9999 -9999 -9999
-9999 -9999 -9999 -9999 -9999 -9999 -9999 -9999 -9999 -9999 -9999 -9999 -9999 -9999 -9999 -9999 -9999 -9999 -9999 65 60 54 48 48 43 34 7 21 24 19 16 15 12 7 8 14 8 -8 -10 -15 -32 -33 -28 -16 -11 4 6 12 13 14 13 12 2 1 -2 -0 -6 -8 -18 -30 -42 -47 -40 -29 -15 -13 -28 -32 -41 -28 -6 6 28 40 53 -9999 -9999 -9999 -9999 -9999 -9999 -9999 -9999 -9999 -9999 -9999 -9999 -9999 -9999 -9999 -9999
-9999 -9999 -9999 -9999 -9999 -9999 -9999 -9999 -9999 -9999 -9999 -9999 -9999 -9999 -9999 -9999 -9999 -9999 -9999 65 62 56 52 48 36 29 22 36 33 24 21 16 20 23 27 -9999 6 -18 -27 -25 -29 -8 -4 9 4 10 16 14 14 14 15 10 5 4 2 -4 -9 -13 -20 -27 -37 -41 -38 -32 -15 -11 -14 -9 -19 -11 9 30 41 51 -9999 -9999 -9999 -9999 -9999 -9999 -9999 -9999 -9999 -9999 -9999 -9999 -9999 -9999 -9999 -9999 -9999
-9999 -9999 -9999 -9999 -9999 -9999 -9999 -9999 -9999 -9999 -9999 -9999 -9999 -9999 -9999 -9999 -9999 -9999 -9999 68 63 55 43 38 36 37 36 40 42 38 39 39 39 35 36 30 17 14 21 27 27 23 18 12 19 18 14 15 15 15 16 10 9 7 -1 -7 -13 -17 -18 -23 -30 -29 -25 -24 -5 -28 -22 -0 10 19 36 47 51 -9999 -9999 -9999 -9999 -9999 -9999 -9999 -9999 -9999 -9999 -9999 -9999 -9999 -9999 -9999 -9999 -9999 -9999
-9999 -9999 -9999 -9999 -9999 -9999 -9999 -9999 -9999 -9999 -9999 -9999 -9999 -9999 -9999 -9999 -9999 -9999 73 67 61 55 49 46 38 43 49 48 49 46 44 43 42 40 35 32 37 36 33 31 27 25 23 20 20 17 17 16 17 16 10 6 4 2 -1 -5 -8 -12 -14 -19 -18 -15 -19 -13 -4 -4 -15 -4 21 28 48 63 -9999 -9999 -9999 -9999 -9999 -9999 -9999 -9999 -9999 -9999 -9999 -9999 -9999 -9999 -9999 -9999 -9999 -9999 -9999
-9999 -9999 -9999 -9999 -9999 -9999 -9999 -9999 -9999 -9999 -9999 -9999 -9999 -9999 -9999 -9999 -9999 -9999 73 68 62 61 57 54 49 55 54 54 53 49 48 44 43 41 38 36 33 29 26 24 23 22 16 12 12 13 9 7 7 9 10 8 6 4 0 -4 -4 -8 -6 -13 -14 -10 -4 -6 -1 13 18 26 33 44 61 -9999 -9999 -9999 -9999 -9999 -9999 -9999 -9999 -9999 -9999 -9999 -9999 -9999 -9999 -9999 -9999 -9999 47 56 66
-9999 -9999 -9999 -9999 -9999 -9999 -9999 -9999 -9999 -9999 -9999 -9999 -9999 -9999 -9999 -9999 -9999 -9999 71 60 65 68 63 59 59 61 59 56 53 50 48 43 41 41 40 37 32 26 20 9 9 13 6 1 -1 -1 -0 -1 2 5 6 7 8 6 2 1 -2 -3 -3 -4 -4 -5 2 1 6 5 19 44 57 62 -9999 -9999 -9999 -9999 -9999 -9999 -9999 -9999 -9999 -9999 -9999 -9999 -9999 -9999 -9999 -9999 59 58 63 60 63
-9999 -9999 -9999 -9999 -9999 -9999 -9999 -9999 -9999 -9999 -9999 -9999 -9999 -9999 -9999 -9999 -9999 79 71 71 74 72 69 67 63 61 58 53 50 47 45 44 42 40 37 35 30 22 16 11 18 19 19 14 6 2 4 -4 -3 1 3 8 9 7 7 6 4 3 0 2 2 4 9 16 19 17 19 41 56 67 -9999 -9999 -9999 -9999 -9999 -9999 -9999 -9999 -9999 -9999 -9999 -9999 -9999 -9999 -9999 -9999 -9999 -9999 -9999 64 66
-9999 -9999 -9999 -9999 -9999 -9999 -9999 -9999 -9999 -9999 -9999 -9999 -9999 -9999 -9999 -9999 81 77 78 78 77 72 69 68 66 64 61 54 49 49 45 43 40 38 35 31 33 33 31 28 25 25 17 15 12 8 10 2 4 2 4 10 10 10 9 7 5 5 6 6 7 9 11 14 17 24 22 35 55 65 -9999 -9999 -9999 -9999 -9999 -9999 -9999 -9999 -9999 -9999 -9999 -9999 -9999 -9999 -9999 -9999 -9999 -9999 -9999 -9999 -9999
-9999 -9999 -9999 -9999 -9999 -9999 -9999 -9999 -9999 -9999 -9999 -9999 -9999 -9999 -9999 81 79 75 81 81 77 74 72 70 68 65 62 57 53 49 46 44 42 41 37 38 39 37 34 31 27 23 18 12 13 8 9 7 9 11 11 11 10 9 5 2 1 0 5 9 10 12 10 5 3 17 15 39 57 58 60 -9999 -9999 -9999 -9999 -9999 -9999 -9999 -9999 -9999 61 64 -9999 -9999 -9999 -9999 -9999 -9999 -9999 -9999 -9999
-9999 -9999 -9999 -9999 -9999 -9999 -9999 -9999 -9999 -9999 -9999 -9999 -9999 -9999 -9999 74 71 76 83 81 78 76 74 71 67 63 58 55 49 49 46 44 44 42 40 40 38 35 33 30 27 22 19 16 12 13 11 11 10 11 10 11 9 4 1 -1 -4 -5 2 9 11 7 2 2 8 14 14 32 46 49 49 -9999 -9999 -9999 -9999 -9999 -9999 -9999 -9999 63 65 -9999 -9999 -9999 -9999 -9999 -9999 -9999 -9999 -9999 -9999
-9999 -9999 -9999 -9999 -9999 -9999 -9999 -9999 -9999 -9999 -9999 -9999 -9999 -9999 -9999 74 75 -9999 84 81 77 74 70 66 64 61 56 53 53 49 44 42 41 38 38 34 31 29 29 25 22 25 23 22 16 11 11 10 7 13 12 11 8 7 2 -1 -1 -4 -6 -3 5 5 6 7 12 13 24 22 22 32 27 43 58 -9999 -9999 -9999 -9999 -9999 -9999 -9999 -9999 -9999 -9999 -9999 -9999 -9999 -9999 -9999 -9999 -9999 -9999
-9999 -9999 -9999 -9999 -9999 -9999 -9999 -9999 -9999 -9999 -9999 -9999 -9999 -9999 -9999 -9999 -9999 83 82 82 78 73 67 63 63 62 58 56 54 46 40 37 36 35 34 31 27 26 22 24 25 24 23 21 15 10 11 14 14 14 12 11 8 8 5 7 -1 -15 -8 0 10 14 18 16 15 22 26 20 20 25 38 -9999 -9999 -9999 -9999 -9999 -9999 -9999 -9999 -9999 -9999 -9999 -9999 -9999 -9999 -9999 -9999 -9999 -9999 -9999 -9999
-9999 -9999 -9999 -9999 -9999 -9999 -9999 -9999 -9999 -9999 -9999 -9999 -9999 -9999 -9999 -9999 -9999 -9999 -9999 -9999 79 75 70 66 62 61 58 57 54 48 40 33 32 31 29 30 26 24 23 22 21 20 19 18 18 15 12 14 21 12 10 15 18 14 17 14 1 -9 9 14 20 26 26 24 23 20 27 38 47 -9999 -9999 -9999 -9999 -9999 -9999 -9999 -9999 -9999 -9999 -9999 -9999 -9999 -9999 -9999 -9999 -9999 -9999 -9999 -9999 -9999 -9999
-9999 -9999 -9999 -9999 -9999 -9999 -9999 -9999 -9999 -9999 -9999 -9999 -9999 -9999 -9999 -9999 -9999 -9999 -9999 79 76 75 72 67 61 57 58 58 55 50 44 38 35 32 27 25 24 25 25 21 21 19 20 20 19 19 23 25 30 33 32 34 25 24 19 7 -12 -7 -0 -4 13 31 33 35 29 32 38 52 58 -9999 -9999 -9999 -9999 -9999 -9999 -9999 -9999 -9999 -9999 -9999 -9999 -9999 -9999 -9999 -9999 -9999 -9999 -9999 -9999 -9999 -9999
-9999 -9999 -9999 -9999 -9999 -9999 -9999 -9999 -9999 -9999 -9999 -9999 -9999 -9999 -9999 -9999 -9999 -9999 -9999 77 71 74 72 66 61 61 61 57 55 49 43 37 29 25 24 30 28 23 27 30 26 21 25 29 32 40 41 43 45 46 43 33 31 29 2 -8 -23 -21 -14 -4 10 23 28 33 43 45 51 57 -9999 -9999 -9999 -9999 -9999 -9999 -9999 -9999 -9999 -9999 -9999 -9999 -9999 -9999 -9999 -9999 -9999 -9999 -9999 -9999 -9999 -9999 -9999
-9999 -9999 -9999 -9999 -9999 -9999 -9999 -9999 -9999 -9999 -9999 -9999 -9999 -9999 -9999 -9999 -9999 -9999 -9999 77 74 74 70 65 61 61 61 57 56 49 41 35 34 36 33 30 33 28 24 32 36 34 36 41 46 46 46 46 48 49 44 40 40 28 -6 -24 -11 -3 -1 6 14 11 19 37 40 43 47 56 -9999 -9999 -9999 -9999 -9999 -9999 -9999 -9999 -9999 -9999 -9999 -9999 -9999 -9999 -9999 -9999 -9999 -9999 -9999 -9999 -9999 -9999 -9999
