resultados/variables/bio6.asc
ncols 330
nrows 228
xllcorner -12.000000
yllcorner 34.000000
cellsize 0.166667
NODATA_value -9999
[rows 164 to 204 of 228, columns 182 to 272 of 330]
-35 -36 -40 -39 -32 -24 -30 -31 -29 -29 -27 -27 -30 -29 -28 -27 -26 -28 -31 -32 -39 -40 -42 -41 -41 -34 -37 -44 -46 -48 -49 -52 -56 -58 -60 -59 -62 -63 -63 -64 -63 -62 -62 -60 -60 -58 -56 -55 -53 -51 -50 -48 -46 -44 -42 -40 -39 -37 -37 -39 -37 -35 -29 -9999 -9999 -9999 -9999 -9999 -9999 -9999 -9999 -9999 -9999 -9999 -9999 -9999 -9999 -9999 -9999 -9999 -9999 -9999 -9999 -9999 -9999 -9999 -9999 -9999 -9999 -9999 -9999
-40 -37 -36 -38 -31 -39 -34 -33 -35 -32 -30 -28 -30 -32 -30 -31 -30 -32 -33 -40 -40 -43 -39 -40 -35 -32 -35 -40 -45 -48 -49 -50 -52 -56 -57 -57 -59 -60 -60 -61 -60 -60 -59 -58 -57 -56 -55 -53 -51 -49 -47 -45 -43 -42 -40 -38 -37 -34 -33 -34 -33 -29 -9999 -9999 -9999 -9999 -9999 -9999 -9999 -9999 -9999 -9999 -9999 -9999 -9999 -9999 -9999 -9999 -9999 -9999 -9999 -9999 -9999 -9999 -9999 -9999 -9999 -9999 -9999 -9999 -9999
-51 -55 -50 -45 -37 -38 -41 -47 -42 -37 -35 -33 -38 -39 -34 -35 -33 -34 -38 -43 -44 -48 -43 -43 -36 -30 -33 -36 -41 -45 -47 -49 -51 -54 -55 -55 -55 -57 -57 -57 -57 -57 -57 -56 -55 -54 -53 -51 -49 -47 -45 -42 -40 -38 -36 -34 -33 -32 -31 -29 -27 -25 -9999 -9999 -9999 -9999 -9999 -9999 -9999 -9999 -9999 -9999 -9999 -9999 -9999 -9999 -9999 -9999 -9999 -9999 -9999 -9999 -9999 -9999 -9999 -9999 -9999 -9999 -9999 -9999 -9999
-56 -50 -56 -61 -54 -49 -45 -47 -54 -49 -50 -47 -42 -48 -41 -37 -38 -36 -39 -47 -57 -51 -42 -39 -35 -34 -34 -34 -37 -40 -43 -45 -49 -50 -53 -54 -53 -53 -55 -55 -54 -54 -54 -53 -53 -52 -51 -48 -46 -45 -43 -42 -40 -38 -35 -35 -34 -32 -30 -28 -25 -22 -9999 -9999 -9999 -9999 -9999 -9999 -9999 -9999 -9999 -9999 -9999 -9999 -9999 -9999 -9999 -9999 -9999 -9999 -9999 -9999 -9999 -9999 -9999 -9999 -9999 -9999 -9999 -9999 -9999
-49 -58 -56 -56 -59 -54 -56 -48 -50 -44 -45 -42 -38 -42 -40 -45 -42 -38 -37 -45 -53 -43 -36 -34 -37 -37 -35 -33 -36 -37 -40 -42 -45 -47 -50 -51 -51 -51 -53 -53 -52 -52 -51 -51 -51 -48 -47 -47 -46 -46 -44 -43 -41 -40 -37 -35 -34 -32 -28 -25 -22 -18 -9999 -9999 -9999 -9999 -9999 -9999 -9999 -9999 -9999 -9999 -9999 -9999 -9999 -9999 -9999 -9999 -9999 -9999 -9999 -9999 -9999 -9999 -9999 -9999 -9999 -9999 -9999 -9999 -9999
-48 -58 -53 -50 -51 -49 -53 -57 -54 -49 -43 -44 -44 -36 -39 -46 -42 -40 -35 -41 -45 -46 -45 -38 -44 -39 -38 -36 -36 -40 -41 -43 -43 -45 -46 -9999 -48 -48 -49 -50 -49 -49 -49 -48 -47 -48 -50 -49 -49 -49 -46 -44 -43 -39 -37 -34 -32 -30 -27 -23 -18 -9999 -9999 -9999 -9999 -9999 -9999 -9999 -9999 -9999 -9999 -9999 -9999 -9999 -9999 -9999 -9999 -9999 -9999 -9999 -9999 -9999 -9999 -9999 -9999 -9999 -9999 -9999 -9999 -9999 -9999
-56 -50 -44 -47 -57 -56 -51 -54 -60 -60 -55 -52 -61 -52 -53 -45 -37 -35 -36 -34 -37 -49 -47 -37 -51 -51 -44 -41 -40 -40 -40 -41 -42 -45 -47 -47 -49 -49 -51 -51 -49 -49 -48 -47 -51 -50 -50 -51 -50 -49 -49 -47 -44 -40 -36 -32 -31 -28 -25 -21 -16 -9999 -9999 -9999 -9999 -9999 -9999 -9999 -9999 -9999 -9999 -9999 -9999 -9999 -9999 -9999 -9999 -9999 -9999 -9999 -9999 -9999 -9999 -9999 -9999 -9999 -9999 -9999 -9999 -9999 -9999
-53 -57 -44 -51 -57 -58 -63 -55 -61 -63 -63 -65 -64 -48 -60 -59 -41 -41 -51 -42 -32 -38 -43 -48 -49 -67 -69 -53 -44 -40 -40 -42 -44 -44 -45 -46 -47 -50 -53 -48 -47 -48 -47 -46 -48 -51 -52 -48 -49 -47 -48 -45 -40 -39 -34 -31 -30 -25 -21 -18 -14 -9999 -9999 -9999 -9999 -9999 -9999 -9999 -9999 -9999 -9999 -9999 -9999 -9999 -9999 -9999 -9999 -9999 -9999 -9999 -9999 -9999 -9999 -9999 -9999 -9999 -9999 -9999 -9999 -9999 -9999
-45 -50 -64 -57 -66 -62 -61 -62 -58 -66 -63 -65 -61 -46 -59 -62 -52 -42 -38 -38 -30 -33 -41 -47 -48 -53 -71 -68 -58 -45 -48 -47 -47 -48 -45 -47 -49 -53 -51 -51 -51 -47 -46 -44 -46 -46 -49 -49 -50 -43 -39 -38 -34 -32 -28 -24 -22 -20 -9999 -9999 -9999 -9999 -9999 -9999 -9999 -9999 -9999 -9999 -9999 -9999 -9999 -9999 -9999 -9999 -9999 -9999 -9999 -9999 -9999 -9999 -9999 -9999 -9999 -9999 -9999 -9999 -9999 -9999 -9999 -9999 -9999
-36 -40 -53 -56 -68 -67 -65 -60 -50 -62 -65 -62 -53 -55 -50 -62 -61 -45 -48 -44 -31 -30 -41 -54 -50 -49 -55 -61 -73 -74 -62 -58 -48 -48 -50 -49 -51 -56 -54 -57 -52 -53 -50 -46 -44 -43 -50 -54 -53 -45 -42 -38 -33 -27 -22 -17 -16 -13 -9999 -9999 -9999 -9999 -9999 -9999 -9999 -9999 -9999 -9999 -9999 -9999 -9999 -9999 -9999 -9999 -9999 -9999 -9999 -9999 -9999 -9999 -9999 -9999 -9999 -9999 -9999 -9999 -9999 -9999 -9999 -9999 -9999
-11 -38 -44 -43 -56 -66 -68 -60 -61 -51 -67 -61 -64 -61 -48 -50 -54 -47 -52 -42 -34 -32 -36 -54 -58 -60 -55 -54 -55 -59 -61 -66 -50 -55 -56 -62 -65 -62 -57 -56 -53 -54 -55 -53 -53 -52 -54 -55 -55 -52 -46 -41 -37 -32 -28 -24 -14 -9999 -9999 -9999 -9999 -9999 -9999 -9999 -9999 -9999 -9999 -9999 -9999 -9999 -9999 -9999 -9999 -9999 -9999 -9999 -9999 -9999 -9999 -9999 -9999 -9999 -9999 -9999 -9999 -9999 -9999 -9999 -9999 -9999 -9999
1 -18 -29 -9999 -43 -62 -39 -62 -60 -61 -73 -69 -44 -38 -43 -44 -41 -49 -51 -48 -48 -52 -42 -63 -67 -58 -59 -55 -53 -48 -48 -56 -61 -67 -69 -73 -77 -68 -77 -80 -77 -66 -67 -64 -60 -62 -57 -57 -52 -45 -38 -36 -34 -28 -25 -17 -16 -9999 -9999 -9999 -9999 -9999 -9999 -9999 -9999 -9999 -9999 -9999 -9999 -9999 -9999 -9999 -9999 -9999 -9999 -9999 -9999 -9999 -9999 -9999 -9999 -9999 -9999 -9999 -9999 -9999 -9999 -9999 -9999 -9999 -9999
-1 -30 -17 -25 -8 -29 -34 -65 -65 -63 -83 -54 -30 -31 -39 -43 -39 -47 -51 -43 -50 -45 -47 -71 -69 -57 -53 -51 -55 -75 -57 -54 -56 -57 -57 -66 -68 -59 -49 -53 -56 -50 -47 -48 -46 -40 -36 -33 -31 -30 -29 -30 -27 -18 -14 -10 -9999 -9999 -9999 -9999 -9999 -9999 -9999 -9999 -9999 -9999 -9999 -9999 -9999 -9999 -9999 -9999 -9999 -9999 -9999 -9999 -9999 -9999 -9999 -9999 -9999 -9999 -9999 -9999 -9999 -9999 -9999 -9999 -9999 -9999 -9999
-9999 -9999 1 -19 2 12 -17 -46 -65 -68 -50 -38 -26 -29 -34 -46 -41 -42 -41 -43 -38 -41 -56 -68 -62 -50 -49 -49 -48 -61 -63 -58 -52 -52 -46 -45 -43 -40 -39 -42 -46 -47 -44 -39 -32 -29 -30 -29 -27 -26 -28 -24 -18 -12 -9 -8 -9999 -9999 -9999 -9999 -9999 -9999 -9999 -9999 -9999 -9999 -9999 -9999 -9999 -9999 -9999 -9999 -9999 -9999 -9999 -9999 -9999 -9999 -9999 -9999 -9999 -9999 -9999 -9999 -9999 -9999 -9999 -9999 -9999 -9999 -9999
-9999 -9999 -9999 1 12 -9999 13 -27 -31 -34 -30 -29 -37 -33 -32 -61 -64 -44 -54 -48 -37 -41 -51 -53 -56 -63 -40 -40 -41 -75 -82 -83 -73 -50 -35 -31 -32 -32 -33 -32 -31 -33 -33 -29 -27 -25 -26 -27 -25 -22 -23 -22 -19 -16 -14 -9 -3 -9999 -9999 -9999 -9999 -9999 -9999 -9999 -9999 -9999 -9999 -9999 -9999 -9999 -9999 -9999 -9999 -9999 -9999 -9999 -9999 -9999 -9999 -9999 -9999 -9999 -9999 -9999 -9999 -9999 -9999 -9999 -9999 -9999 -9999
-9999 -9999 -9999 -9999 -9999 7 -9999 11 -17 -24 -38 -34 -36 -52 -72 -73 -46 -39 -40 -42 -34 -36 -39 -54 -67 -58 -49 -45 -34 -69 -97 -90 -79 -68 -53 -42 -33 -35 -34 -28 -27 -25 -24 -23 -23 -22 -27 -29 -22 -20 -22 -22 -23 -22 -15 -10 -6 -1 -9999 -9999 -9999 -9999 -9999 -9999 -9999 -9999 -9999 -9999 -9999 -9999 -9999 -9999 -9999 -9999 -9999 -9999 -9999 -9999 -9999 -9999 -9999 -9999 -9999 -9999 -9999 -9999 -9999 -9999 -9999 -9999 -9999
-9999 -9999 -9999 -9999 -9999 31 30 22 3 -19 -32 -45 -50 -74 -87 -43 -47 -44 -39 -33 -36 -34 -35 -32 -33 -36 -45 -46 -32 -55 -64 -51 -71 -69 -73 -72 -56 -70 -57 -48 -36 -34 -25 -22 -21 -19 -20 -26 -23 -18 -21 -19 -17 -23 -21 -15 -10 0 -9999 -9999 -9999 -9999 -9999 -9999 -9999 -9999 -9999 -9999 -9999 -9999 -9999 -9999 -9999 -9999 -9999 -9999 -9999 -9999 -9999 -9999 -9999 -9999 -9999 -9999 -9999 -9999 -9999 -9999 -7 -11 -21
-9999 -9999 -9999 -9999 -9999 -9999 -9999 -9999 10 5 -32 -47 -38 -74 -68 -44 -58 -55 -76 -48 -31 -30 -28 -32 -49 -56 -48 -57 -46 -45 -92 -64 -57 -71 -72 -69 -57 -70 -66 -62 -45 -34 -27 -22 -20 -20 -16 -12 -12 -9 -10 -8 -6 -7 -11 -17 -15 -2 -9999 -9999 -9999 -9999 -9999 -9999 -9999 -9999 -9999 -9999 -9999 -9999 -9999 -9999 -9999 -9999 -9999 -9999 -9999 -9999 -9999 -9999 -9999 -9999 -9999 -9999 -9999 -7 -22 -22 -24 -34 -39
-9999 -9999 -9999 -9999 -9999 -9999 -9999 35 12 -11 -7 -47 -26 -53 -70 -49 -54 -45 -56 -42 -36 -26 -25 -33 -31 -29 -43 -55 -39 -15 -47 -61 -33 -40 -51 -63 -66 -69 -54 -47 -38 -29 -20 -20 -21 -22 -17 -9 -7 -5 -6 -4 -2 -3 -5 -7 -6 -1 4 -9999 -9999 -9999 -9999 -9999 -9999 -9999 -9999 -9999 -9999 -9999 -9999 -9999 -9999 -9999 -9999 -9999 -9999 -9999 -9999 -9999 -9999 -9999 14 7 2 -10 -25 -35 -37 -46 -49
-9999 -9999 -9999 -9999 -9999 -9999 -9999 38 30 -5 -33 -47 -37 -45 -57 -45 -48 -48 -39 -49 -45 -33 -30 -27 -27 -25 -21 -32 -26 -10 -9 -46 -34 -30 -26 -39 -32 -43 -52 -39 -27 -21 -18 -17 -20 -18 -11 -7 -5 -4 -4 -1 0 -1 -3 -2 0 2 2 7 17 -9999 -9999 -9999 -9999 -9999 -9999 -9999 -9999 -9999 -9999 -9999 -9999 -9999 -9999 -9999 -9999 -9999 -9999 -9999 12 5 13 4 -10 -28 -29 -38 -42 -52 -49
-9999 -9999 -9999 -9999 -9999 -9999 -9999 40 29 12 -16 -12 -46 -45 -30 -47 -50 -43 -38 -48 -46 -45 -49 -53 -20 -11 -9999 -17 -15 -5 -8 -36 -38 -21 -33 -20 -16 -17 -25 -18 -14 -20 -17 -15 -20 -23 -10 -4 -2 -2 -1 -2 1 1 -0 0 1 3 6 10 16 21 23 23 24 -9999 -9999 -9999 -9999 -9999 -9999 -9999 -9999 -9999 -9999 -9999 -9999 -9999 11 8 -3 -1 -1 -9 -18 -33 -23 -30 -33 -39 -45
-9999 -9999 -9999 -9999 -9999 -9999 -9999 46 32 23 17 -23 -28 -26 -9999 -49 -47 -46 -38 -47 -50 -61 -46 -46 -24 -4 -3 -8 -17 1 10 4 -11 -2 11 7 -15 -13 1 9 10 10 11 9 -1 -17 -7 1 2 1 -2 -2 3 2 1 3 5 8 12 -9999 18 23 25 27 26 22 19 16 18 20 22 23 23 21 14 -9999 6 4 -1 -15 -21 -8 -24 -26 -45 -27 -30 -37 -43 -56 -66
-9999 -9999 -9999 -9999 -9999 -9999 -9999 49 42 33 15 -7 -40 -32 -30 -44 -9999 -67 -37 -41 -68 -43 -15 -32 -19 1 3 1 -13 -15 2 12 16 7 -12 11 -9999 -9999 19 -9999 -9999 -9999 -9999 9 4 8 8 8 5 3 1 2 3 2 6 -9999 -9999 -9999 -9999 -9999 -9999 -9999 -9999 -9999 -9999 23 19 12 12 14 17 20 23 18 -5 -1 -6 -8 -20 -36 -38 -26 -29 -46 -51 -38 -52 -58 -60 -58 -63
-9999 -9999 -9999 -9999 -9999 -9999 55 50 41 32 1 -6 -38 -37 -29 -43 -43 -58 -45 -40 -37 -40 -13 -0 2 5 7 5 7 -1 -0 -3 -9999 -9999 12 -9999 -9999 9 -9999 -9999 -9999 -9999 -9999 -9999 -9999 -9999 18 12 10 7 4 2 5 -3 -9999 -9999 -9999 -9999 -9999 -9999 -9999 -9999 -9999 -9999 -9999 -9999 -9999 -9999 -9999 -9999 20 18 22 19 3 -17 -17 -19 -33 -35 -34 -45 -43 -48 -56 -66 -63 -61 -64 -65 -63
-9999 -9999 -9999 -9999 -9999 -9999 -9999 48 33 12 7 -23 -44 -44 -35 -41 -42 -39 -50 -34 -35 -64 -31 -0 4 8 13 -9999 -0 1 9 7 3 -9999 -9999 -9999 -9999 -9999 -9999 -9999 -9999 -9999 -9999 -9999 -9999 -9999 -9999 -9999 -9999 -9999 -9999 12 -9999 -9999 -9999 -9999 -9999 -9999 -9999 -9999 -9999 -9999 -9999 8 7 11 9 6 -4 -13 -19 -4 -10 -15 -23 -36 -36 -44 -46 -50 -64 -66 -58 -59 -61 -56 -68 -76 -65 -68 -63
-9999 -9999 -9999 -9999 -9999 -9999 -9999 38 24 20 -2 -7 -24 -33 -53 -50 -37 -30 -38 -47 -36 -42 -44 -24 -7 5 -9999 13 10 2 -2 1 11 -9999 -9999 -9999 -9999 -9999 -9999 -9999 -9999 -9999 -9999 5 -9999 -9999 -9999 -9999 17 15 -9999 -9999 17 19 -9999 -9999 -9999 -9999 -9999 -9999 -9999 -9999 -9999 -9999 -9999 4 7 -9999 3 -2 6 -4 -16 -23 -33 -40 -39 -40 -42 -39 -43 -56 -65 -52 -46 -54 -59 -71 -70 -55 -55
67 -9999 -9999 -9999 -9999 -9999 -9999 9 10 -12 -0 -9 -12 -28 -45 -43 -44 -30 -26 -39 -32 -20 -36 -38 0 -9999 -9999 -9999 -9999 -9999 -9999 -9999 -9999 -9999 -9999 19 -9999 -9999 -9999 -9999 -9999 -9999 -9999 -9999 -9999 -9999 -9999 -9999 23 16 7 4 17 19 15 17 16 18 19 17 19 20 18 16 11 3 -2 -1 -1 -6 3 -15 -25 -29 -27 -31 -39 -37 -31 -31 -35 -42 -34 -40 -45 -52 -50 -59 -59 -59 -49
68 -9999 -9999 -9999 -9999 -9999 -9999 -9999 -9999 1 0 -8 -27 -11 -20 -48 -50 -33 -22 -24 -28 -30 -33 -43 -51 -9999 -9999 -9999 -9999 -9999 25 -9999 -9999 22 -9999 -9999 -9999 -9999 -9999 -9999 -9999 -9999 -9999 -9999 -9999 -9999 -9999 30 21 10 2 10 12 6 -3 10 11 15 17 19 20 12 2 -4 -19 -41 -10 -6 -19 -22 -10 -13 -16 -26 -24 -20 -28 -29 -17 -14 -17 -19 -23 -30 -46 -43 -53 -52 -58 -69 -46
-9999 -9999 -9999 -9999 -9999 -9999 -9999 -9999 -9999 -9999 26 2 -2 -4 -37 -41 -50 -41 -26 -19 -26 -29 -13 -19 -24 -9 -9999 -9999 -9999 -9999 -9999 -9999 -9999 -9999 -9999 -9999 -9999 -9999 -9999 -9999 44 -9999 -9999 -9999 -9999 -9999 -9999 37 16 10 8 9 2 4 7 3 5 1 5 2 -1 5 -8 -6 -14 -24 -35 -28 -34 -33 -34 -38 -41 -41 -41 -37 -41 -43 -40 -31 -26 -28 -27 -33 -39 -44 -45 -46 -58 -50 -36
-9999 -9999 -9999 -9999 -9999 -9999 -9999 -9999 49 -9999 39 10 5 8 -8 -16 -36 -45 -26 -9 -17 -26 -5 -2 6 -3 -10 -9999 -9999 -9999 -9999 -9999 -9999 -9999 -9999 -9999 -9999 -9999 -9999 -9999 -9999 -9999 -9999 -9999 -9999 -9999 -9999 34 25 11 1 -15 -3 4 0 3 1 2 4 1 -13 -14 -10 -16 -17 -21 -23 -27 -41 -42 -39 -39 -38 -37 -35 -31 -27 -26 -26 -24 -24 -19 -28 -33 -33 -48 -46 -56 -51 -48 -37
-9999 -9999 -9999 -9999 -9999 -9999 -9999 -9999 -9999 -9999 -9999 34 20 8 -5 -4 -28 -44 -44 -12 5 2 3 5 9 15 10 4 -9999 -9999 -9999 -9999 -9999 -9999 -9999 -9999 -9999 -9999 -9999 -9999 -9999 -9999 -9999 -9999 -9999 -9999 -9999 33 25 16 5 -9999 23 4 5 3 3 8 6 -2 -10 -12 -7 -9 -13 -23 -26 -32 -37 -40 -39 -40 -40 -42 -37 -34 -32 -33 -32 -28 -22 -20 -25 -33 -37 -48 -44 -45 -44 -44 -34
-9999 -9999 -9999 -9999 -9999 -9999 -9999 -9999 -9999 -9999 55 37 26 8 1 -7 -11 -27 -32 -16 3 13 14 12 11 9 20 16 -5 -9999 -9999 -9999 -9999 -9999 -9999 -9999 -9999 -9999 -9999 -9999 -9999 -9999 -9999 -9999 -9999 -9999 -9999 -9999 -9999 -9999 -9999 29 5 -6 3 3 -3 1 5 -4 -14 -26 -21 -21 -30 -23 -33 -33 -42 -42 -36 -46 -48 -41 -39 -34 -30 -29 -29 -32 -29 -22 -26 -32 -42 -50 -46 -46 -41 -33 -35
-9999 -9999 -9999 -9999 -9999 -9999 -9999 -9999 -9999 -9999 -9999 -9999 -9999 32 23 21 18 -6 -13 -39 -21 6 17 21 10 16 27 -9999 -9999 29 -9999 -9999 -9999 -9999 -9999 -9999 -9999 -9999 -9999 -9999 -9999 -9999 -9999 -9999 -9999 55 46 49 49 -9999 42 20 5 13 14 11 -2 -3 1 -1 -14 -17 -31 -23 -31 -23 -37 -31 -34 -36 -38 -39 -43 -40 -43 -37 -32 -29 -26 -26 -32 -27 -27 -31 -41 -47 -47 -49 -43 -44 -37
-9999 -9999 -9999 -9999 -9999 -9999 -9999 -9999 -9999 -9999 -9999 -9999 -9999 -9999 44 43 31 -1 -2 -16 -20 -21 -0 8 7 -11 4 32 -9999 -9999 -9999 -9999 -9999 -9999 -9999 -9999 -9999 -9999 -9999 -9999 -9999 -9999 -9999 -9999 -9999 -9999 -9999 52 45 -9999 -9999 34 26 25 16 -1 10 6 -10 -18 -16 -18 -22 -25 -25 -33 -28 -33 -38 -36 -32 -34 -37 -43 -49 -42 -35 -30 -29 -27 -26 -27 -31 -33 -36 -42 -44 -47 -46 -43 -41
-9999 -9999 -9999 -9999 -9999 -9999 -9999 -9999 -9999 -9999 -9999 -9999 -9999 -9999 -9999 42 -9999 24 16 8 -18 -13 13 20 27 -9999 19 -9999 36 28 39 -9999 -9999 -9999 -9999 -9999 -9999 -9999 -9999 -9999 -9999 -9999 -9999 -9999 -9999 -9999 -9999 -9999 -9999 -9999 -9999 -9999 31 12 2 13 18 7 -3 -2 -6 -5 -9 -18 -20 -14 -21 -34 -47 -35 -33 -35 -32 -34 -41 -42 -43 -48 -38 -33 -33 -30 -32 -36 -42 -49 -41 -41 -42 -41 -9999
-9999 -9999 -9999 -9999 -9999 -9999 -9999 -9999 -9999 -9999 -9999 -9999 -9999 -9999 -9999 24 27 33 30 -10 -17 -22 -25 -30 13 21 27 33 -9999 -9999 42 38 -9999 -9999 -9999 -9999 -9999 -9999 -9999 -9999 -9999 -9999 -9999 -9999 -9999 -9999 -9999 -9999 -9999 -9999 -9999 43 27 21 22 23 20 16 9 4 14 6 3 -3 -7 -7 -22 -26 -22 -34 -40 -32 -34 -28 -30 -37 -38 -42 -40 -36 -34 -30 -33 -38 -44 -45 -46 -40 -38 -9999 -9999
-9999 -9999 -9999 -9999 -9999 -9999 -9999 -9999 -9999 -9999 -9999 -9999 -9999 -9999 -9999 -9999 40 49 45 -9999 11 -7 -6 -25 -1 -13 32 32 39 45 -9999 -9999 44 28 52 -9999 -9999 -9999 -9999 -9999 -9999 -9999 -9999 -9999 -9999 55 -9999 -9999 45 -9999 -9999 49 38 19 11 25 17 21 24 23 10 0 8 1 -4 -11 -10 -14 -27 -31 -33 -31 -43 -33 -34 -33 -42 -29 -28 -29 -41 -41 -38 -40 -44 -47 -46 -41 -9999 -41 -43
-9999 -9999 -9999 -9999 -9999 -9999 -9999 -9999 -9999 -9999 -9999 -9999 -9999 51 -9999 -9999 -9999 59 38 39 26 29 8 11 -9999 12 18 31 46 -9999 45 56 52 48 63 -9999 -9999 -9999 -9999 -9999 -9999 -9999 -9999 -9999 -9999 -9999 49 -9999 -9999 46 -9999 -9999 -9999 30 16 16 7 -2 -6 7 29 21 -0 -6 -6 -3 -7 -11 -28 -29 -25 -25 -49 -32 -31 -38 -44 -52 -25 -26 -35 -43 -44 -45 -47 -48 -45 -44 -44 -45 -46
-9999 -9999 -9999 -9999 -9999 -9999 -9999 -9999 -9999 -9999 -9999 -9999 61 43 -9999 -9999 -9999 -9999 -9999 -9999 38 11 37 -9999 -9999 -9999 -9999 20 32 36 37 43 45 53 -9999 -9999 -9999 -9999 -9999 -9999 -9999 -9999 -9999 -9999 -9999 67 64 -9999 56 44 46 34 36 39 28 16 13 14 5 4 -14 -9999 19 -6 -1 2 -11 -17 -11 -20 -35 -28 -30 -34 -26 -27 -25 -38 -56 -36 -39 -41 -45 -50 -52 -48 -46 -50 -47 -48 -50
-9999 -9999 -9999 -9999 -9999 -9999 -9999 -9999 -9999 -9999 -9999 -9999 -9999 -9999 48 -9999 -9999 -9999 63 50 32 1 -1 -3 10 31 -9999 -9999 -9999 38 42 49 49 55 -9999 -9999 56 -9999 -9999 -9999 -9999 -9999 -9999 -9999 -9999 -9999 -9999 -9999 -9999 -9999 -9999 -9999 39 40 39 31 18 10 7 5 -1 -9 -4 12 -1 -12 -14 -12 -20 -17 -18 -25 -34 -38 -38 -9999 -45 -39 -41 -57 -50 -57 -65 -68 -66 -48 -47 -55 -52 -52 -54
-9999 -9999 -9999 -9999 -9999 -9999 -9999 -9999 -9999 -9999 -9999 -9999 -9999 -9999 -9999 -9999 -9999 69 61 46 10 -4 3 -14 -14 12 41 48 -9999 -9999 60 -9999 57 65 -9999 -9999 -9999 -9999 72 -9999 -9999 -9999 -9999 -9999 -9999 -9999 -9999 -9999 -9999 -9999 -9999 -9999 -9999 -9999 33 29 21 8 16 23 25 20 17 28 25 -7 -11 -22 -27 -13 -25 -27 -22 -21 -25 -22 -60 -60 -9999 -40 -50 -54 -68 -64 -56 -43 -44 -49 -59 -54 -56
