resultados/variables/bio6.asc
ncols 330
nrows 228
xllcorner -12.000000
yllcorner 34.000000
cellsize 0.166667
NODATA_value -9999
[rows 82 to 122 of 228, columns 182 to 272 of 330]
-9999 -9999 -9999 -9999 -9999 -9999 -9999 -9999 -9999 -9999 -9999 -9999 -9999 -9999 -9999 -9999 -9999 -9999 -9999 -9999 -9999 -9999 -71 -71 -72 -73 -9999 -9999 -9999 -9999 -9999 -9999 -9999 -9999 -9999 -9999 -9999 -90 -90 -91 -92 -92 -93 -94 -95 -94 -9999 -96 -97 -99 -99 -100 -100 -101 -102 -102 -104 -105 -106 -110 -113 -114 -113 -113 -113 -113 -112 -112 -112 -113 -114 -114 -116 -117 -118 -119 -9999 -9999 -9999 -9999 -126 -128 -130 -129 -130 -132 -134 -137 -137 -137 -137
-9999 -9999 -9999 -9999 -9999 -9999 -9999 -9999 -9999 -9999 -9999 -9999 -9999 -9999 -9999 -9999 -9999 -9999 -9999 -9999 -9999 -9999 -9999 -9999 -9999 -9999 -9999 -9999 -9999 -9999 -9999 -9999 -9999 -9999 -9999 -9999 -9999 -89 -91 -91 -92 -93 -93 -95 -96 -95 -95 -98 -100 -102 -102 -101 -101 -101 -102 -103 -9999 -9999 -107 -109 -112 -113 -113 -114 -113 -112 -112 -112 -113 -113 -114 -115 -116 -118 -120 -121 -121 -121 -123 -123 -125 -127 -129 -129 -129 -129 -131 -134 -136 -138 -138
-9999 -9999 -9999 -37 -39 -9999 -9999 -9999 -9999 -9999 -9999 -9999 -9999 -9999 -9999 -9999 -9999 -9999 -9999 -9999 -9999 -9999 -9999 -9999 -9999 -9999 -9999 -9999 -9999 -9999 -9999 -9999 -9999 -9999 -9999 -9999 -86 -89 -90 -91 -91 -91 -92 -94 -95 -95 -95 -95 -97 -100 -101 -101 -102 -102 -103 -104 -105 -9999 -9999 -109 -110 -110 -111 -111 -112 -112 -112 -112 -113 -113 -115 -116 -118 -119 -120 -122 -121 -122 -123 -123 -124 -126 -128 -128 -127 -129 -135 -136 -136 -138 -137
-32 -34 -35 -36 -9999 -9999 -9999 -9999 -9999 -9999 -9999 -9999 -9999 -9999 -9999 -9999 -9999 -9999 -9999 -9999 -9999 -9999 -9999 -9999 -9999 -71 -9999 -9999 -9999 -9999 -9999 -9999 -9999 -9999 -9999 -9999 -85 -87 -89 -90 -90 -9999 -92 -92 -93 -94 -94 -95 -97 -98 -99 -103 -107 -106 -107 -107 -108 -108 -108 -109 -109 -109 -110 -110 -111 -111 -112 -113 -114 -115 -116 -117 -119 -120 -121 -121 -122 -122 -122 -123 -124 -125 -127 -127 -127 -129 -135 -137 -136 -136 -136
-32 -32 -33 -9999 -9999 -9999 -9999 -9999 -9999 -9999 -9999 -9999 -9999 -9999 -9999 -9999 -9999 -9999 -9999 -9999 -9999 -66 -67 -70 -72 -71 -9999 -9999 -9999 -9999 -9999 -9999 -9999 -9999 -9999 -9999 -84 -86 -88 -90 -90 -90 -91 -91 -92 -93 -94 -95 -96 -98 -100 -105 -107 -108 -108 -108 -108 -107 -107 -108 -109 -110 -110 -111 -112 -113 -116 -117 -116 -115 -116 -118 -118 -120 -120 -121 -122 -122 -122 -123 -124 -125 -126 -126 -127 -131 -133 -135 -135 -135 -135
-32 -33 -33 -9999 -9999 -9999 -9999 -9999 -9999 -9999 -9999 -9999 -9999 -9999 -9999 -9999 -9999 -9999 -9999 -63 -65 -66 -67 -69 -71 -71 -71 -72 -9999 -9999 -9999 -9999 -9999 -9999 -9999 -9999 -83 -85 -87 -88 -89 -89 -90 -92 -95 -96 -96 -96 -97 -99 -101 -104 -106 -106 -107 -107 -107 -107 -107 -108 -109 -110 -111 -111 -114 -117 -120 -119 -117 -115 -117 -118 -119 -120 -120 -121 -122 -122 -122 -124 -125 -125 -125 -126 -129 -133 -135 -134 -134 -134 -134
-31 -31 -9999 -9999 -9999 -9999 -9999 -9999 -9999 -9999 -9999 -9999 -9999 -9999 -9999 -9999 -9999 -9999 -9999 -63 -65 -67 -67 -68 -69 -72 -73 -71 -9999 -9999 -9999 -9999 -9999 -9999 -9999 -9999 -80 -83 -85 -87 -89 -91 -94 -98 -98 -98 -98 -98 -98 -99 -101 -102 -103 -104 -105 -106 -106 -106 -107 -108 -109 -110 -111 -112 -113 -115 -115 -115 -115 -116 -117 -118 -119 -119 -120 -121 -121 -121 -122 -124 -124 -126 -129 -132 -133 -132 -133 -133 -132 -133 -134
-9999 -9999 -9999 -9999 -9999 -9999 -9999 -9999 -9999 -9999 -9999 -9999 -9999 -9999 -9999 -9999 -9999 -9999 -63 -64 -65 -66 -67 -68 -70 -72 -72 -72 -73 -72 -9999 -9999 -9999 -9999 -9999 -77 -79 -82 -84 -88 -90 -94 -96 -97 -98 -99 -100 -98 -99 -99 -100 -100 -101 -103 -105 -105 -105 -106 -106 -108 -109 -109 -110 -111 -111 -112 -112 -113 -114 -116 -117 -118 -118 -119 -120 -120 -120 -121 -123 -125 -126 -129 -132 -132 -132 -131 -132 -132 -132 -132 -132
-9999 -9999 -9999 -9999 -9999 -9999 -9999 -9999 -9999 -9999 -9999 -9999 -9999 -9999 -9999 -9999 -9999 -61 -63 -64 -67 -68 -66 -68 -71 -71 -73 -72 -73 -72 -72 -72 -73 -74 -74 -76 -78 -81 -84 -86 -88 -91 -93 -95 -97 -99 -100 -100 -97 -98 -98 -99 -100 -102 -104 -104 -105 -106 -107 -108 -109 -109 -109 -111 -113 -117 -119 -118 -117 -117 -117 -118 -118 -119 -119 -119 -120 -122 -127 -129 -131 -131 -130 -131 -131 -130 -130 -130 -130 -130 -130
-9999 -9999 -9999 -9999 -9999 -9999 -9999 -9999 -9999 -9999 -9999 -9999 -9999 -9999 -9999 -9999 -61 -62 -63 -65 -66 -66 -66 -68 -71 -72 -73 -73 -72 -72 -71 -72 -73 -73 -75 -77 -79 -81 -83 -85 -87 -88 -90 -92 -95 -96 -95 -96 -96 -97 -98 -99 -100 -102 -103 -104 -105 -106 -107 -108 -108 -108 -110 -112 -115 -117 -119 -121 -121 -120 -120 -117 -118 -118 -119 -119 -120 -122 -125 -127 -128 -130 -130 -129 -129 -129 -129 -131 -131 -131 -130
-9999 -9999 -9999 -9999 -9999 -9999 -9999 -9999 -9999 -9999 -9999 -9999 -9999 -9999 -9999 -9999 -60 -62 -63 -66 -68 -67 -67 -69 -70 -72 -73 -73 -73 -73 -72 -72 -73 -73 -75 -77 -79 -80 -83 -85 -86 -88 -90 -91 -92 -93 -94 -95 -96 -97 -98 -99 -101 -103 -104 -105 -106 -106 -106 -107 -108 -109 -110 -112 -115 -116 -118 -119 -120 -119 -118 -117 -117 -118 -119 -119 -120 -124 -126 -125 -126 -128 -129 -128 -129 -129 -129 -130 -130 -131 -130
-9999 -9999 -9999 -9999 -9999 -9999 -9999 -9999 -9999 -9999 -9999 -9999 -9999 -9999 -9999 -9999 -59 -61 -62 -64 -67 -69 -67 -68 -69 -71 -72 -73 -73 -73 -73 -73 -74 -75 -76 -77 -79 -81 -83 -85 -87 -89 -90 -91 -91 -93 -93 -94 -95 -97 -99 -100 -101 -103 -104 -105 -106 -107 -106 -107 -108 -109 -111 -111 -113 -114 -116 -117 -119 -119 -118 -117 -118 -117 -119 -119 -122 -124 -124 -123 -124 -125 -125 -126 -127 -127 -128 -128 -129 -130 -129
-9999 -9999 -9999 -9999 -9999 -9999 -9999 -9999 -9999 -9999 -9999 -9999 -9999 -9999 -9999 -9999 -57 -59 -61 -62 -65 -68 -69 -69 -70 -71 -72 -73 -74 -75 -75 -75 -75 -76 -77 -78 -80 -82 -84 -86 -87 -88 -90 -91 -92 -93 -94 -94 -95 -96 -99 -101 -102 -103 -105 -107 -107 -107 -107 -107 -108 -110 -111 -111 -112 -114 -115 -116 -118 -118 -118 -119 -119 -119 -119 -120 -122 -121 -122 -122 -122 -123 -123 -124 -124 -125 -125 -125 -127 -127 -127
-9999 -9999 -9999 -9999 -9999 -9999 -9999 -9999 -9999 -9999 -9999 -9999 -9999 -9999 -9999 -9999 -56 -58 -61 -63 -68 -71 -71 -72 -72 -73 -74 -75 -76 -77 -77 -77 -77 -78 -78 -80 -81 -83 -85 -87 -88 -89 -90 -92 -93 -94 -94 -94 -95 -96 -97 -100 -101 -103 -104 -105 -105 -105 -106 -106 -9999 -109 -110 -111 -112 -113 -114 -115 -116 -116 -117 -117 -118 -118 -119 -119 -120 -9999 -120 -121 -121 -121 -122 -122 -122 -123 -123 -123 -125 -127 -127
-9999 -9999 -9999 -9999 -9999 -9999 -9999 -9999 -9999 -9999 -9999 -9999 -9999 -9999 -9999 -9999 -54 -57 -61 -64 -68 -71 -73 -74 -75 -75 -76 -76 -78 -79 -79 -79 -79 -79 -80 -80 -82 -84 -85 -87 -89 -90 -90 -92 -93 -94 -95 -95 -95 -96 -98 -99 -100 -101 -102 -103 -103 -104 -104 -106 -107 -108 -109 -110 -9999 -113 -113 -114 -115 -115 -117 -117 -117 -117 -118 -118 -119 -120 -120 -120 -120 -121 -120 -120 -121 -121 -122 -123 -124 -126 -126
-9999 -9999 -9999 -9999 -9999 -9999 -9999 -9999 -9999 -9999 -9999 -9999 -9999 -9999 -9999 -9999 -54 -57 -62 -67 -70 -71 -73 -77 -77 -78 -77 -78 -79 -79 -80 -80 -80 -80 -80 -81 -83 -85 -86 -88 -89 -90 -91 -92 -92 -93 -9999 -95 -95 -97 -98 -99 -9999 -100 -101 -101 -102 -102 -103 -104 -106 -107 -108 -109 -110 -111 -112 -113 -114 -116 -117 -117 -116 -116 -117 -117 -118 -119 -118 -118 -119 -119 -120 -119 -120 -120 -122 -123 -124 -125 -126
-9999 -9999 -9999 -9999 -9999 -9999 -9999 -9999 -9999 -9999 -9999 -9999 -9999 -9999 -9999 -9999 -9999 -59 -62 -67 -70 -73 -75 -77 -78 -78 -79 -79 -79 -80 -80 -81 -80 -80 -80 -82 -83 -85 -87 -88 -89 -90 -91 -92 -94 -94 -95 -95 -95 -96 -97 -97 -98 -100 -100 -101 -101 -102 -103 -104 -105 -106 -107 -108 -109 -110 -111 -112 -114 -116 -117 -116 -116 -116 -116 -116 -117 -117 -117 -118 -119 -118 -118 -119 -119 -119 -120 -121 -123 -124 -124
-9999 -9999 -9999 -9999 -9999 -9999 -9999 -9999 -9999 -9999 -9999 -9999 -9999 -9999 -9999 -9999 -9999 -62 -65 -68 -70 -73 -74 -75 -76 -77 -77 -78 -79 -79 -79 -79 -80 -79 -80 -82 -84 -86 -87 -88 -89 -91 -92 -93 -94 -94 -94 -95 -94 -95 -95 -96 -97 -98 -99 -99 -100 -101 -102 -103 -105 -105 -106 -107 -108 -109 -110 -111 -112 -114 -114 -114 -114 -115 -115 -115 -115 -116 -117 -116 -117 -117 -118 -120 -121 -120 -120 -120 -122 -123 -123
-9999 -9999 -9999 -9999 -9999 -9999 -9999 -9999 -9999 -9999 -9999 -9999 -9999 -9999 -9999 -57 -9999 -9999 -66 -69 -70 -72 -73 -73 -73 -74 -74 -75 -76 -78 -78 -78 -78 -78 -80 -82 -85 -86 -87 -89 -90 -91 -91 -92 -92 -92 -9999 -96 -95 -94 -94 -95 -96 -97 -98 -99 -101 -102 -104 -105 -105 -105 -106 -106 -107 -108 -109 -110 -111 -111 -112 -113 -115 -116 -115 -116 -115 -115 -115 -114 -115 -117 -118 -119 -118 -119 -119 -120 -121 -121 -121
-9999 -9999 -9999 -9999 -9999 -9999 -9999 -9999 -9999 -9999 -9999 -9999 -9999 -9999 -9999 -9999 -9999 -65 -67 -69 -71 -72 -73 -73 -73 -73 -73 -74 -75 -76 -76 -77 -77 -79 -81 -83 -84 -86 -88 -88 -89 -90 -92 -91 -91 -91 -93 -95 -95 -96 -95 -96 -97 -98 -99 -100 -101 -102 -103 -104 -105 -105 -106 -106 -106 -107 -108 -110 -110 -111 -111 -112 -115 -116 -116 -116 -115 -115 -115 -114 -113 -115 -116 -116 -117 -117 -117 -118 -120 -121 -120
-9999 -9999 -9999 -9999 -9999 -9999 -9999 -9999 -9999 -9999 -51 -53 -53 -55 -58 -9999 -9999 -67 -69 -71 -73 -74 -74 -74 -74 -74 -73 -74 -74 -75 -76 -77 -77 -79 -81 -83 -85 -86 -87 -87 -88 -90 -90 -90 -89 -90 -91 -92 -94 -95 -96 -96 -98 -98 -99 -100 -101 -101 -102 -103 -104 -105 -105 -106 -106 -107 -108 -109 -110 -111 -111 -111 -112 -113 -115 -115 -114 -114 -114 -113 -113 -114 -115 -116 -115 -115 -115 -117 -118 -119 -119
-9999 -9999 -9999 -9999 -9999 -9999 -9999 -9999 -9999 -9999 -52 -54 -56 -57 -61 -64 -67 -70 -72 -74 -75 -76 -76 -76 -75 -74 -73 -73 -74 -75 -76 -77 -78 -79 -82 -85 -87 -87 -88 -87 -88 -89 -90 -90 -92 -91 -91 -91 -93 -94 -95 -96 -97 -97 -98 -99 -100 -101 -102 -102 -103 -104 -105 -108 -107 -107 -108 -111 -112 -112 -113 -113 -112 -112 -113 -114 -113 -113 -113 -114 -113 -113 -113 -113 -113 -113 -115 -117 -118 -120 -120
-44 -9999 -9999 -9999 -9999 -9999 -9999 -9999 -9999 -9999 -9999 -58 -58 -61 -64 -68 -70 -73 -75 -76 -77 -78 -78 -77 -76 -76 -76 -75 -75 -76 -77 -78 -80 -81 -82 -85 -89 -89 -89 -88 -87 -89 -92 -93 -92 -93 -92 -91 -92 -93 -94 -95 -97 -97 -97 -98 -99 -102 -102 -101 -102 -104 -105 -106 -107 -108 -109 -111 -113 -113 -113 -113 -112 -112 -113 -113 -113 -113 -113 -113 -113 -113 -112 -113 -114 -114 -116 -117 -118 -119 -119
-53 -48 -9999 -9999 -9999 -9999 -9999 -9999 -55 -58 -62 -65 -67 -68 -70 -72 -74 -76 -79 -80 -81 -82 -81 -81 -81 -81 -9999 -82 -79 -78 -78 -79 -80 -81 -84 -88 -89 -90 -89 -88 -88 -89 -91 -92 -93 -93 -93 -95 -94 -93 -94 -94 -96 -97 -98 -99 -100 -102 -101 -101 -102 -104 -105 -105 -106 -107 -109 -111 -111 -112 -113 -112 -112 -113 -113 -113 -113 -114 -114 -113 -112 -112 -112 -113 -113 -114 -115 -116 -117 -118 -119
-60 -53 -47 -46 -48 -51 -58 -62 -60 -62 -66 -68 -71 -72 -74 -76 -78 -80 -83 -84 -85 -84 -84 -86 -85 -84 -84 -83 -82 -80 -80 -81 -82 -83 -85 -87 -89 -90 -90 -89 -89 -90 -90 -92 -93 -93 -94 -94 -95 -95 -95 -96 -97 -97 -100 -101 -100 -100 -99 -100 -101 -102 -104 -104 -106 -107 -108 -110 -111 -112 -113 -111 -112 -112 -112 -112 -112 -112 -112 -112 -111 -112 -112 -112 -113 -113 -115 -116 -116 -117 -118
-62 -57 -53 -52 -53 -55 -58 -62 -65 -67 -68 -71 -73 -76 -79 -82 -83 -86 -88 -88 -87 -87 -87 -85 -85 -84 -83 -82 -80 -80 -80 -81 -81 -83 -84 -86 -88 -90 -90 -89 -89 -90 -90 -90 -90 -91 -91 -92 -93 -95 -97 -98 -100 -100 -100 -100 -99 -98 -98 -99 -100 -102 -103 -103 -105 -106 -108 -109 -110 -111 -112 -112 -111 -112 -111 -112 -111 -113 -112 -112 -111 -111 -111 -112 -113 -113 -114 -115 -116 -117 -116
-62 -59 -57 -56 -59 -61 -64 -68 -70 -72 -73 -75 -77 -80 -83 -86 -88 -90 -91 -89 -88 -88 -87 -85 -84 -83 -82 -80 -80 -80 -80 -80 -81 -82 -84 -86 -87 -88 -89 -88 -88 -89 -89 -88 -89 -90 -90 -91 -92 -93 -96 -99 -100 -101 -100 -98 -98 -9999 -99 -99 -100 -102 -102 -103 -104 -106 -107 -108 -109 -110 -111 -111 -110 -111 -111 -111 -111 -111 -111 -111 -110 -110 -111 -112 -113 -113 -114 -114 -115 -117 -117
-63 -61 -59 -59 -63 -65 -68 -70 -72 -74 -76 -79 -80 -82 -84 -87 -89 -90 -91 -90 -9999 -88 -87 -86 -84 -82 -81 -80 -80 -79 -80 -81 -82 -82 -83 -84 -86 -87 -88 -88 -87 -88 -87 -88 -91 -91 -90 -90 -92 -94 -95 -98 -98 -99 -99 -98 -97 -97 -98 -98 -100 -101 -102 -102 -103 -105 -106 -107 -108 -109 -109 -109 -110 -110 -110 -110 -110 -110 -110 -110 -110 -110 -111 -111 -112 -112 -113 -115 -114 -115 -117
-62 -61 -59 -62 -64 -67 -69 -72 -75 -80 -81 -83 -84 -85 -86 -88 -89 -90 -91 -91 -9999 -89 -89 -87 -84 -82 -80 -79 -79 -81 -80 -81 -82 -82 -82 -83 -84 -86 -87 -87 -86 -87 -87 -89 -94 -94 -91 -90 -91 -92 -94 -95 -95 -96 -97 -97 -96 -96 -97 -98 -99 -100 -101 -102 -103 -104 -105 -107 -107 -108 -108 -108 -108 -109 -109 -109 -109 -109 -109 -109 -110 -110 -111 -111 -111 -111 -112 -112 -114 -115 -116
-60 -59 -60 -63 -65 -68 -71 -74 -77 -82 -84 -86 -87 -87 -86 -87 -88 -89 -90 -91 -90 -90 -89 -88 -84 -82 -82 -81 -80 -80 -80 -81 -82 -80 -81 -82 -83 -84 -84 -85 -86 -87 -90 -90 -91 -93 -92 -91 -92 -93 -93 -94 -94 -95 -96 -96 -96 -96 -97 -98 -99 -100 -100 -101 -102 -103 -105 -106 -106 -106 -107 -107 -108 -108 -108 -109 -108 -109 -109 -110 -110 -110 -110 -110 -110 -110 -111 -112 -113 -114 -115
-60 -60 -62 -64 -67 -69 -72 -75 -79 -82 -85 -87 -88 -87 -87 -86 -87 -88 -90 -91 -90 -90 -89 -88 -84 -82 -81 -79 -79 -78 -78 -79 -80 -80 -82 -83 -84 -85 -84 -85 -85 -86 -89 -90 -91 -91 -91 -91 -92 -93 -94 -94 -95 -95 -95 -96 -96 -97 -97 -97 -98 -99 -100 -101 -101 -103 -104 -104 -105 -105 -106 -107 -107 -108 -108 -108 -108 -109 -109 -108 -108 -108 -108 -109 -109 -110 -110 -111 -112 -113 -114
-58 -58 -61 -64 -67 -70 -73 -77 -79 -82 -84 -86 -87 -86 -85 -84 -84 -86 -88 -90 -90 -90 -89 -86 -85 -83 -81 -78 -77 -77 -78 -78 -79 -80 -81 -83 -84 -85 -86 -85 -87 -87 -87 -89 -89 -90 -90 -91 -92 -93 -93 -94 -94 -94 -94 -94 -95 -96 -96 -97 -98 -98 -99 -100 -101 -102 -102 -103 -104 -104 -105 -106 -107 -107 -107 -107 -108 -108 -107 -107 -107 -108 -108 -108 -109 -109 -110 -111 -112 -112 -112
-59 -59 -60 -64 -68 -72 -75 -77 -79 -81 -82 -83 -84 -82 -81 -80 -80 -83 -85 -88 -89 -89 -89 -87 -85 -83 -80 -78 -76 -75 -76 -77 -77 -79 -80 -82 -83 -84 -84 -84 -86 -86 -87 -87 -88 -88 -89 -90 -91 -91 -92 -92 -93 -93 -94 -94 -95 -95 -95 -97 -97 -98 -98 -99 -100 -101 -101 -102 -103 -104 -104 -105 -106 -106 -106 -106 -107 -107 -106 -107 -107 -107 -107 -108 -108 -110 -110 -111 -111 -111 -111
-61 -62 -63 -65 -68 -72 -75 -77 -80 -81 -81 -80 -79 -77 -76 -75 -75 -78 -81 -84 -87 -88 -87 -86 -84 -82 -79 -77 -75 -74 -75 -76 -77 -78 -79 -81 -81 -83 -84 -84 -85 -85 -85 -86 -87 -87 -88 -89 -90 -90 -91 -91 -92 -92 -93 -93 -93 -94 -94 -95 -96 -97 -97 -99 -99 -100 -100 -101 -102 -103 -103 -104 -105 -105 -106 -105 -106 -106 -106 -106 -106 -106 -107 -107 -108 -109 -110 -110 -110 -109 -110
-62 -64 -65 -67 -68 -70 -73 -76 -79 -80 -79 -78 -76 -73 -71 -69 -69 -73 -77 -81 -84 -86 -88 -87 -84 -82 -79 -77 -74 -74 -75 -75 -76 -78 -79 -80 -81 -82 -82 -83 -84 -84 -84 -85 -86 -87 -87 -88 -89 -89 -90 -90 -91 -91 -92 -92 -93 -93 -94 -94 -95 -96 -97 -97 -98 -99 -100 -100 -101 -102 -102 -103 -104 -104 -104 -105 -105 -105 -105 -105 -105 -106 -107 -107 -107 -107 -108 -108 -108 -108 -110
-63 -65 -67 -69 -71 -72 -74 -76 -76 -76 -76 -74 -72 -69 -65 -62 -64 -69 -75 -80 -84 -86 -89 -89 -86 -81 -78 -76 -75 -74 -73 -74 -75 -77 -78 -79 -80 -81 -82 -82 -83 -83 -84 -84 -85 -86 -87 -87 -88 -89 -89 -89 -90 -90 -91 -92 -92 -9999 -93 -94 -95 -95 -96 -96 -97 -98 -99 -100 -100 -101 -102 -102 -102 -103 -104 -104 -103 -104 -103 -104 -104 -105 -106 -106 -105 -106 -107 -107 -108 -107 -107
-63 -66 -68 -69 -71 -72 -73 -75 -75 -75 -74 -72 -70 -67 -64 -62 -63 -68 -74 -80 -85 -87 -89 -91 -87 -82 -78 -77 -74 -73 -72 -74 -75 -77 -78 -78 -79 -80 -81 -82 -82 -83 -84 -84 -85 -85 -86 -86 -87 -87 -88 -88 -89 -89 -90 -90 -91 -92 -93 -93 -93 -94 -95 -95 -96 -97 -98 -99 -99 -100 -100 -100 -101 -101 -102 -102 -103 -103 -103 -103 -103 -103 -103 -104 -103 -104 -105 -106 -107 -107 -106
-64 -65 -66 -68 -70 -71 -72 -73 -74 -74 -73 -72 -70 -69 -66 -64 -65 -68 -74 -78 -83 -86 -89 -90 -87 -81 -79 -76 -74 -73 -73 -76 -76 -77 -78 -78 -79 -80 -80 -81 -81 -82 -83 -83 -84 -84 -85 -85 -86 -86 -87 -88 -88 -89 -89 -89 -90 -91 -92 -92 -93 -93 -94 -95 -95 -96 -96 -97 -98 -99 -99 -99 -99 -100 -100 -100 -101 -101 -102 -102 -102 -101 -101 -102 -103 -103 -104 -105 -106 -105 -106
-63 -64 -65 -67 -69 -71 -73 -75 -76 -77 -75 -74 -74 -73 -71 -68 -68 -70 -73 -78 -82 -85 -88 -87 -84 -80 -77 -75 -73 -72 -73 -77 -78 -79 -79 -79 -79 -79 -80 -80 -81 -81 -82 -83 -83 -84 -84 -85 -86 -86 -87 -87 -88 -88 -89 -89 -90 -91 -91 -92 -92 -94 -94 -95 -95 -96 -95 -95 -96 -97 -97 -97 -97 -98 -98 -98 -99 -100 -100 -100 -100 -99 -100 -101 -102 -102 -104 -104 -104 -104 -104
-61 -62 -63 -66 -68 -71 -73 -76 -77 -78 -77 -76 -75 -74 -72 -71 -70 -71 -9999 -77 -81 -84 -86 -85 -83 -80 -77 -75 -73 -72 -75 -78 -79 -79 -79 -79 -79 -79 -79 -80 -80 -81 -81 -82 -83 -84 -84 -85 -85 -86 -86 -87 -87 -88 -88 -89 -90 -91 -91 -91 -92 -92 -92 -93 -93 -94 -93 -93 -94 -94 -95 -95 -95 -95 -96 -97 -97 -97 -97 -97 -97 -98 -98 -99 -100 -101 -102 -103 -103 -102 -104
-60 -61 -61 -64 -66 -69 -72 -75 -76 -77 -77 -77 -75 -74 -74 -73 -73 -74 -75 -76 -78 -81 -83 -84 -83 -81 -78 -75 -74 -75 -78 -80 -80 -79 -79 -79 -79 -79 -79 -80 -80 -80 -81 -82 -83 -83 -84 -85 -86 -85 -86 -86 -87 -88 -88 -89 -90 -90 -91 -91 -92 -92 -92 -92 -92 -93 -93 -93 -92 -92 -93 -93 -93 -93 -95 -96 -96 -95 -95 -95 -96 -97 -97 -97 -98 -98 -99 -100 -100 -101 -103
