resultados/variables/bio6.asc
ncols 330
nrows 228
xllcorner -12.000000
yllcorner 34.000000
cellsize 0.166667
NODATA_value -9999
[rows 123 to 163 of 228, columns 91 to 181 of 330]
-9999 -9999 -9999 -9999 -9999 4 2 -0 -1 -3 -4 -4 -5 -5 -5 -4 -4 -4 -4 -5 -5 -6 -7 -8 -10 -12 -13 -17 -19 -21 -26 -29 -32 -32 -29 -24 -25 -25 -28 -32 -33 -37 -38 -39 -38 -35 -32 -31 -28 -29 -28 -24 -22 -23 -25 -27 -29 -29 -30 -30 -29 -28 -29 -29 -31 -33 -34 -35 -36 -38 -39 -42 -45 -50 -54 -59 -62 -65 -65 -62 -62 -60 -57 -55 -56 -55 -55 -55 -57 -55 -56
9 9 9 7 5 3 1 -1 -2 -3 -4 -4 -5 -5 -4 -4 -3 -3 -4 -5 -6 -7 -9 -13 -17 -22 -23 -25 -25 -29 -30 -39 -42 -35 -30 -29 -28 -25 -29 -38 -35 -37 -41 -38 -36 -35 -34 -31 -31 -32 -29 -26 -23 -24 -26 -28 -30 -31 -32 -32 -31 -30 -30 -31 -34 -37 -36 -37 -37 -39 -40 -43 -49 -55 -60 -65 -66 -66 -65 -62 -60 -58 -56 -55 -54 -54 -54 -54 -55 -54 -55
6 6 6 5 3 1 -1 -2 -3 -4 -4 -4 -5 -6 -5 -3 -2 -1 -3 -5 -6 -7 -8 -12 -17 -20 -24 -28 -27 -30 -36 -39 -37 -30 -32 -32 -25 -27 -31 -36 -36 -38 -37 -39 -35 -34 -32 -32 -35 -33 -30 -28 -28 -28 -29 -30 -32 -33 -36 -36 -37 -36 -34 -32 -38 -42 -45 -45 -45 -44 -42 -46 -54 -61 -67 -73 -74 -72 -67 -64 -60 -56 -53 -52 -51 -51 -52 -52 -53 -53 -54
5 4 3 1 -0 -1 -4 -5 -5 -5 -6 -5 -5 -5 -5 -3 -3 -2 -2 -4 -6 -8 -8 -10 -14 -17 -20 -24 -26 -27 -36 -34 -31 -28 -29 -31 -29 -37 -38 -35 -39 -37 -39 -43 -40 -38 -36 -39 -41 -38 -32 -31 -32 -32 -34 -33 -35 -38 -39 -41 -45 -46 -47 -45 -42 -45 -46 -49 -51 -47 -47 -54 -66 -72 -75 -80 -82 -78 -70 -65 -60 -57 -53 -51 -50 -50 -50 -50 -50 -51 -53
3 2 0 -1 -2 -4 -6 -10 -8 -9 -8 -7 -7 -7 -6 -5 -6 -6 -10 -11 -9 -9 -10 -8 -11 -16 -18 -20 -27 -32 -29 -31 -28 -27 -29 -31 -33 -38 -37 -39 -41 -44 -42 -44 -51 -51 -45 -43 -41 -37 -32 -36 -37 -36 -38 -37 -40 -43 -46 -48 -51 -55 -61 -62 -58 -54 -50 -50 -50 -49 -54 -60 -70 -76 -83 -85 -82 -79 -77 -71 -62 -58 -54 -52 -50 -50 -49 -48 -49 -50 -52
1 0 -1 -2 -5 -7 -10 -11 -11 -12 -11 -11 -9 -10 -8 -11 -13 -24 -29 -24 -21 -19 -18 -15 -13 -18 -20 -24 -29 -31 -27 -24 -25 -26 -28 -34 -43 -39 -39 -41 -47 -50 -46 -44 -46 -52 -55 -51 -49 -41 -43 -43 -44 -43 -42 -45 -47 -50 -54 -55 -61 -60 -54 -50 -54 -51 -51 -49 -47 -47 -50 -52 -59 -67 -72 -75 -76 -76 -72 -69 -67 -58 -55 -54 -52 -49 -49 -49 -49 -50 -52
1 -0 -1 -4 -6 -8 -12 -12 -13 -13 -13 -14 -15 -13 -12 -17 -21 -27 -33 -33 -31 -28 -25 -29 -19 -13 -15 -24 -22 -20 -23 -27 -28 -23 -23 -30 -38 -40 -41 -45 -52 -48 -41 -43 -45 -47 -50 -52 -50 -49 -49 -48 -50 -47 -49 -56 -61 -61 -63 -59 -54 -48 -48 -50 -51 -48 -45 -43 -46 -46 -46 -49 -54 -58 -64 -67 -67 -66 -70 -72 -60 -60 -60 -53 -52 -52 -51 -50 -49 -51 -54
-1 -3 -6 -9 -11 -12 -14 -15 -17 -16 -14 -15 -14 -13 -19 -25 -23 -25 -27 -31 -30 -31 -30 -28 -20 -18 -21 -24 -27 -26 -28 -35 -28 -20 -22 -25 -31 -36 -38 -42 -44 -40 -40 -42 -43 -44 -46 -44 -41 -43 -48 -50 -50 -53 -53 -53 -53 -52 -52 -59 -54 -49 -51 -55 -56 -50 -46 -41 -39 -41 -43 -46 -49 -53 -56 -59 -59 -60 -64 -73 -67 -67 -73 -69 -65 -63 -56 -53 -52 -52 -53
-4 -7 -9 -11 -13 -15 -16 -16 -16 -15 -17 -15 -17 -24 -20 -21 -21 -21 -25 -25 -28 -28 -25 -21 -22 -27 -31 -26 -30 -28 -23 -23 -21 -19 -20 -25 -32 -37 -36 -34 -35 -37 -38 -40 -41 -43 -42 -44 -42 -38 -38 -49 -54 -52 -52 -50 -55 -61 -59 -59 -56 -55 -56 -55 -55 -54 -50 -41 -40 -42 -43 -45 -47 -50 -53 -54 -56 -57 -59 -61 -65 -68 -67 -71 -81 -68 -61 -56 -54 -54 -54
-6 -8 -10 -12 -13 -14 -17 -20 -20 -20 -21 -22 -23 -24 -23 -21 -18 -16 -16 -17 -21 -21 -16 -23 -30 -28 -33 -29 -22 -23 -21 -20 -23 -25 -23 -23 -30 -36 -32 -31 -33 -33 -33 -37 -40 -39 -39 -43 -41 -39 -37 -44 -50 -54 -53 -57 -59 -60 -59 -58 -57 -55 -54 -56 -53 -50 -48 -42 -44 -47 -48 -51 -50 -50 -55 -56 -55 -57 -57 -60 -59 -61 -56 -61 -67 -67 -64 -58 -56 -56 -56
-5 -7 -8 -10 -12 -14 -15 -16 -15 -14 -17 -18 -19 -20 -20 -18 -14 -12 -14 -15 -15 -19 -26 -33 -31 -29 -28 -27 -27 -25 -22 -19 -22 -30 -28 -29 -28 -30 -28 -31 -30 -30 -32 -38 -38 -37 -36 -36 -40 -40 -41 -43 -46 -51 -55 -61 -59 -56 -55 -54 -52 -52 -56 -60 -60 -55 -49 -46 -46 -49 -50 -52 -55 -57 -58 -62 -64 -66 -63 -62 -61 -59 -55 -52 -55 -65 -66 -63 -60 -56 -57
-5 -9 -9 -9 -10 -11 -11 -11 -13 -15 -15 -13 -14 -15 -15 -15 -14 -12 -12 -15 -19 -28 -27 -29 -30 -30 -30 -31 -31 -27 -20 -17 -17 -28 -31 -32 -31 -31 -30 -29 -30 -31 -34 -35 -37 -37 -34 -34 -37 -41 -42 -43 -48 -50 -55 -59 -60 -57 -55 -54 -54 -57 -57 -63 -59 -55 -51 -53 -54 -53 -55 -55 -55 -57 -57 -60 -64 -66 -64 -63 -59 -61 -60 -52 -51 -56 -61 -59 -57 -61 -66
-7 -8 -10 -10 -9 -9 -10 -11 -11 -12 -14 -16 -14 -14 -14 -16 -17 -13 -10 -17 -19 -20 -21 -23 -26 -27 -31 -32 -32 -29 -17 -15 -16 -25 -25 -27 -27 -27 -28 -30 -33 -36 -37 -38 -39 -37 -36 -34 -37 -43 -46 -46 -47 -50 -52 -56 -59 -62 -57 -59 -57 -60 -60 -59 -57 -54 -53 -53 -53 -52 -58 -58 -58 -61 -59 -60 -60 -61 -59 -59 -56 -63 -61 -53 -50 -51 -54 -62 -62 -68 -75
-8 -9 -10 -11 -11 -10 -11 -11 -13 -12 -14 -16 -16 -17 -13 -14 -13 -13 -12 -16 -21 -20 -20 -20 -22 -26 -31 -33 -32 -25 -17 -15 -15 -19 -21 -22 -21 -23 -27 -31 -35 -37 -39 -39 -40 -41 -40 -39 -41 -43 -47 -48 -48 -48 -51 -54 -55 -57 -60 -66 -69 -67 -62 -60 -57 -54 -54 -52 -53 -52 -56 -57 -61 -60 -61 -59 -57 -56 -58 -54 -53 -57 -55 -53 -54 -53 -54 -59 -65 -69 -74
-8 -10 -12 -13 -13 -12 -10 -11 -13 -13 -14 -16 -19 -18 -18 -13 -15 -14 -14 -17 -22 -21 -20 -19 -23 -26 -28 -28 -26 -19 -16 -14 -17 -20 -22 -21 -21 -27 -32 -32 -35 -37 -39 -40 -41 -43 -44 -46 -45 -46 -47 -50 -49 -47 -52 -57 -59 -62 -63 -72 -74 -79 -79 -72 -65 -59 -53 -53 -54 -52 -54 -58 -61 -56 -57 -57 -55 -53 -50 -50 -48 -49 -51 -52 -56 -51 -54 -58 -64 -68 -65
-7 -10 -12 -14 -14 -10 -10 -11 -13 -14 -14 -16 -20 -20 -20 -16 -18 -14 -15 -18 -19 -19 -19 -20 -23 -23 -23 -22 -19 -17 -15 -21 -23 -26 -25 -23 -23 -27 -32 -35 -36 -38 -41 -40 -39 -44 -46 -47 -46 -46 -47 -47 -48 -48 -48 -49 -51 -54 -62 -68 -69 -76 -80 -78 -74 -72 -63 -55 -56 -55 -55 -59 -58 -56 -54 -53 -51 -48 -46 -45 -45 -47 -48 -48 -49 -52 -59 -63 -62 -60 -68
-7 -9 -11 -11 -10 -12 -13 -13 -11 -12 -14 -17 -21 -23 -20 -19 -16 -17 -17 -17 -18 -18 -20 -21 -23 -20 -19 -18 -16 -16 -26 -36 -39 -34 -32 -30 -29 -30 -31 -34 -41 -43 -43 -42 -41 -41 -42 -43 -42 -42 -44 -46 -49 -51 -52 -54 -53 -53 -53 -56 -63 -63 -68 -74 -76 -72 -67 -64 -62 -63 -59 -60 -58 -59 -55 -53 -48 -44 -42 -42 -45 -45 -44 -46 -51 -56 -59 -55 -58 -64 -60
-6 -7 -8 -8 -8 -9 -10 -12 -11 -9999 -14 -17 -21 -22 -23 -21 -19 -20 -18 -18 -18 -20 -22 -28 -32 -21 -17 -16 -16 -22 -45 -43 -39 -35 -33 -33 -32 -35 -41 -43 -44 -42 -39 -38 -38 -39 -40 -41 -42 -45 -47 -50 -52 -52 -54 -55 -56 -57 -56 -56 -59 -60 -63 -69 -66 -69 -72 -66 -71 -75 -69 -64 -62 -59 -54 -50 -45 -44 -44 -44 -44 -44 -43 -46 -48 -53 -54 -50 -57 -56 -57
-2 -4 -7 -8 -8 -10 -10 -10 -11 -13 -16 -19 -21 -24 -24 -22 -24 -21 -20 -21 -20 -22 -25 -34 -34 -23 -14 -14 -18 -29 -40 -43 -39 -35 -34 -37 -41 -44 -47 -44 -42 -39 -39 -40 -40 -40 -40 -41 -44 -46 -48 -50 -51 -55 -56 -57 -58 -58 -58 -58 -57 -57 -61 -63 -60 -59 -67 -63 -63 -69 -73 -74 -70 -60 -50 -44 -42 -41 -40 -41 -41 -42 -42 -46 -55 -50 -49 -49 -52 -53 -59
-2 -6 -7 -9 -11 -8 -9 -11 -14 -16 -20 -20 -20 -22 -23 -23 -23 -22 -23 -23 -24 -27 -27 -33 -29 -13 -11 -12 -23 -29 -38 -43 -42 -40 -40 -43 -42 -42 -41 -40 -40 -41 -42 -42 -42 -41 -41 -42 -44 -46 -49 -52 -54 -57 -57 -56 -56 -56 -56 -55 -56 -59 -61 -58 -55 -51 -51 -51 -52 -55 -60 -62 -56 -54 -51 -46 -44 -44 -44 -37 -38 -40 -42 -50 -47 -46 -46 -47 -49 -51 -52
-3 -6 -7 -7 -8 -8 -10 -13 -16 -17 -17 -19 -21 -22 -21 -23 -23 -24 -26 -29 -30 -36 -43 -41 -21 -9 -10 -11 -20 -41 -49 -49 -47 -43 -41 -40 -38 -37 -40 -42 -45 -45 -46 -46 -45 -43 -43 -43 -45 -48 -52 -56 -57 -57 -57 -60 -59 -56 -56 -57 -63 -66 -65 -60 -58 -58 -56 -55 -57 -56 -57 -56 -56 -57 -57 -58 -57 -53 -45 -39 -40 -41 -43 -44 -44 -45 -46 -46 -47 -48 -49
-3 -1 -1 -4 -6 -10 -12 -12 -14 -16 -18 -20 -20 -20 -19 -19 -19 -21 -24 -29 -35 -37 -42 -40 -13 -7 -8 -16 -36 -46 -48 -49 -48 -42 -37 -35 -37 -40 -40 -45 -51 -51 -52 -54 -51 -48 -46 -44 -47 -50 -56 -59 -57 -55 -58 -60 -61 -58 -53 -59 -65 -68 -67 -66 -70 -70 -69 -71 -72 -70 -73 -74 -76 -76 -71 -72 -66 -57 -45 -43 -44 -42 -42 -43 -45 -45 -45 -45 -45 -46 -47
-5 -4 -3 -5 -7 -8 -10 -13 -16 -18 -20 -21 -19 -17 -17 -18 -18 -20 -23 -25 -28 -35 -32 -19 -9 -8 -10 -31 -39 -46 -44 -39 -39 -31 -27 -25 -26 -34 -38 -48 -53 -60 -61 -61 -57 -53 -50 -48 -49 -54 -61 -67 -70 -64 -73 -72 -77 -78 -67 -61 -79 -77 -78 -88 -92 -90 -85 -87 -81 -82 -83 -89 -87 -87 -88 -84 -72 -56 -52 -48 -44 -41 -42 -43 -44 -45 -45 -45 -45 -44 -44
-6 -5 -3 -4 -7 -9 -10 -13 -17 -20 -21 -18 -16 -14 -14 -15 -16 -21 -23 -23 -25 -25 -21 -17 -13 -12 -9 -16 -24 -28 -25 -28 -27 -26 -27 -27 -27 -9999 -9999 -46 -58 -69 -69 -73 -68 -64 -70 -63 -65 -69 -74 -82 -85 -75 -79 -79 -92 -88 -91 -91 -88 -90 -89 -92 -93 -96 -94 -91 -93 -90 -94 -95 -92 -88 -82 -87 -85 -68 -64 -54 -48 -44 -43 -43 -44 -44 -45 -45 -44 -44 -44
-6 -4 -4 -6 -8 -11 -12 -13 -17 -22 -22 -16 -13 -13 -13 -14 -17 -19 -21 -26 -28 -28 -30 -27 -28 -22 -26 -28 -27 -25 -24 -27 -26 -29 -35 -35 -40 -46 -42 -52 -64 -79 -78 -86 -82 -80 -81 -81 -77 -93 -92 -82 -78 -85 -93 -95 -98 -93 -100 -102 -85 -91 -101 -100 -94 -97 -104 -103 -102 -99 -92 -85 -82 -83 -88 -80 -76 -65 -63 -58 -49 -46 -44 -43 -43 -44 -44 -47 -47 -46 -46
-7 -7 -5 -6 -13 -18 -16 -15 -17 -20 -19 -14 -13 -12 -13 -14 -15 -21 -27 -34 -38 -41 -45 -47 -43 -37 -31 -24 -25 -29 -29 -24 -28 -26 -31 -45 -57 -59 -46 -65 -81 -89 -92 -94 -93 -81 -80 -88 -81 -77 -87 -100 -93 -109 -106 -104 -104 -101 -99 -97 -99 -108 -109 -110 -110 -106 -102 -98 -96 -91 -88 -93 -83 -82 -79 -71 -63 -58 -54 -53 -49 -46 -45 -44 -43 -44 -49 -54 -53 -48 -41
-7 -8 -6 -6 -11 -18 -12 -12 -16 -19 -13 -12 -11 -12 -13 -14 -19 -27 -34 -44 -48 -54 -51 -42 -29 -28 -27 -35 -38 -33 -28 -26 -38 -51 -59 -53 -68 -56 -70 -82 -75 -92 -100 -96 -88 -96 -99 -117 -101 -90 -105 -107 -111 -117 -9999 -125 -120 -127 -118 -112 -117 -116 -104 -98 -99 -98 -95 -93 -100 -93 -96 -81 -75 -72 -70 -64 -60 -55 -53 -50 -48 -46 -46 -44 -43 -44 -50 -51 -47 -41 -40
-6 -6 -5 -5 -10 -12 -10 -15 -14 -11 -10 -10 -11 -12 -13 -18 -29 -39 -43 -52 -56 -45 -31 -32 -34 -36 -37 -42 -50 -56 -45 -54 -49 -68 -84 -79 -87 -79 -60 -77 -91 -101 -106 -97 -99 -120 -116 -109 -104 -89 -100 -108 -100 -115 -117 -115 -108 -114 -105 -106 -102 -100 -95 -106 -103 -94 -90 -89 -95 -91 -91 -91 -72 -66 -65 -62 -59 -56 -53 -51 -48 -47 -45 -44 -45 -44 -45 -44 -9999 -39 -39
-7 -6 -5 -5 -7 -8 -10 -10 -12 -10 -9 -11 -11 -11 -17 -26 -32 -45 -52 -53 -34 -38 -40 -44 -52 -59 -41 -51 -59 -66 -70 -98 -84 -91 -90 -76 -65 -59 -80 -89 -103 -100 -97 -101 -94 -117 -112 -95 -81 -92 -85 -89 -92 -103 -107 -108 -106 -99 -91 -94 -88 -84 -76 -86 -90 -82 -84 -83 -86 -81 -83 -89 -68 -64 -60 -57 -54 -53 -52 -49 -48 -47 -44 -43 -42 -9999 -40 -41 -43 -42 -40
-8 -8 -7 -6 -9 -7 -8 -11 -10 -10 -10 -10 -10 -14 -24 -28 -42 -55 -60 -39 -33 -44 -52 -59 -73 -70 -71 -75 -89 -9999 -106 -113 -92 -96 -90 -101 -91 -85 -84 -101 -99 -100 -97 -98 -91 -87 -81 -70 -64 -76 -78 -95 -97 -101 -104 -100 -100 -97 -90 -83 -82 -79 -76 -73 -71 -72 -75 -78 -75 -76 -74 -74 -73 -71 -62 -55 -52 -49 -47 -46 -46 -46 -44 -43 -40 -40 -40 -42 -42 -41 -40
-10 -9 -9 -9 -7 -7 -10 -13 -13 -14 -10 -11 -11 -20 -25 -32 -46 -53 -29 -9999 -9999 -9999 -49 -71 -79 -90 -98 -108 -120 -98 -100 -103 -79 -78 -53 -86 -82 -85 -93 -100 -113 -99 -96 -91 -115 -96 -77 -64 -53 -69 -83 -89 -89 -92 -92 -88 -93 -81 -66 -56 -66 -82 -77 -83 -82 -72 -77 -83 -84 -81 -76 -65 -75 -72 -58 -50 -49 -49 -47 -46 -44 -43 -42 -42 -40 -40 -40 -40 -40 -40 -40
-10 -10 -11 -14 -10 -11 -13 -20 -21 -12 -10 -11 -13 -20 -28 -42 -48 -22 -24 -46 -63 -74 -60 -75 -74 -67 -76 -86 -79 -9999 -73 -76 -58 -46 -48 -44 -60 -40 -77 -84 -77 -72 -68 -82 -93 -78 -75 -49 -55 -72 -78 -80 -82 -77 -73 -78 -73 -51 -45 -25 -40 -52 -51 -66 -63 -67 -53 -51 -60 -66 -60 -53 -50 -51 -49 -51 -50 -50 -47 -45 -45 -41 -40 -39 -38 -38 -39 -41 -42 -41 -43
-13 -12 -18 -26 -16 -10 -16 -24 -18 -9 -12 -14 -15 -22 -40 -40 -29 -34 -40 -49 -57 -75 -93 -67 -87 -106 -9999 -115 -9999 -95 -42 -54 -43 -23 -26 -38 -28 -40 -52 -63 -69 -71 -69 -73 -91 -60 -58 -45 -53 -63 -64 -62 -56 -45 -51 -62 -37 -17 -10 -6 -4 -8 -19 -35 -40 -44 -43 -35 -37 -45 -48 -52 -47 -51 -45 -39 -40 -43 -45 -46 -44 -43 -40 -36 -35 -35 -37 -37 -39 -42 -43
-11 -11 -22 -31 -24 -14 -19 -23 -13 -9 -12 -13 -14 -26 -40 -34 -29 -33 -53 -71 -71 -79 -110 -108 -9999 -115 -112 -120 -110 -67 -54 -34 -9999 -23 -19 -25 -24 -37 -44 -52 -52 -53 -51 -71 -59 -56 -38 -43 -57 -61 -62 -51 -40 -35 -22 -14 -8 -4 -1 3 5 5 5 -10 -25 -38 -29 -34 -34 -36 -33 -35 -35 -33 -35 -33 -42 -44 -43 -42 -42 -39 -38 -37 -33 -32 -33 -34 -35 -37 -38
-12 -15 -18 -36 -27 -13 -14 -23 -20 -10 -8 -11 -15 -18 -27 -23 -30 -50 -57 -59 -76 -101 -99 -89 -70 -76 -67 -77 -79 -53 -37 -32 -9999 -26 -21 -17 -16 -20 -25 -30 -36 -35 -49 -46 -47 -9999 -46 -53 -44 -28 -26 -16 -14 -17 -13 -8 -3 0 4 8 -9999 12 -9999 10 1 -23 -27 -34 -41 -36 -33 -30 -36 -43 -40 -31 -31 -38 -41 -42 -41 -40 -35 -33 -32 -33 -33 -34 -34 -35 -35
-15 -21 -32 -31 -42 -17 -13 -24 -21 -11 -10 -16 -20 -24 -23 -34 -34 -51 -46 -63 -81 -81 -101 -106 -105 -104 -86 -54 -51 -33 -28 -28 -30 -28 -21 -13 -11 -14 -16 -18 -22 -25 -32 -31 -9999 -25 -31 -39 -29 -9 -2 -2 -3 -6 -5 -2 1 4 -9999 -9999 -9999 -9999 -9999 30 3 -8 -14 -48 -42 -33 -30 -37 -19 -24 -23 -27 -33 -39 -42 -43 -41 -41 -35 -31 -33 -47 -45 -39 -36 -35 -35
-14 -22 -35 -28 -36 -29 -21 -27 -30 -11 -13 -19 -25 -30 -33 -44 -51 -45 -63 -82 -78 -99 -107 -111 -90 -70 -48 -33 -26 -25 -23 -23 -24 -22 -16 -11 -11 -13 -15 -17 -19 -21 -22 -22 -20 -18 -12 -8 -6 -3 -1 4 4 2 -9999 -9999 -9999 -9999 -9999 -9999 -9999 -9999 30 23 19 -6 -10 -7 -35 -32 -31 -28 -19 -19 -22 -28 -32 -36 -41 -42 -38 -36 -34 -34 -42 -47 -40 -41 -42 -39 -37
-22 -17 -28 -35 -30 -24 -30 -39 -27 -12 -10 -19 -28 -27 -38 -44 -48 -83 -77 -74 -95 -93 -96 -102 -76 -42 -29 -25 -21 -19 -18 -18 -18 -16 -13 -10 -11 -13 -15 -17 -19 -20 -21 -20 -18 -16 -11 -6 -3 -0 2 4 6 5 -9999 -9999 -9999 -9999 -9999 -9999 -9999 -9999 -9999 23 19 24 -9999 -9999 -9999 -28 -49 -36 -23 -20 -23 -28 -29 -36 -43 -43 -38 -34 -32 -31 -32 -33 -37 -36 -39 -39 -36
-33 -26 -27 -32 -25 -35 -37 -37 -27 -13 -7 -12 -18 -43 -55 -36 -70 -75 -94 -95 -96 -87 -80 -61 -45 -25 -20 -18 -17 -15 -15 -13 -11 -10 -8 -8 -10 -12 -14 -17 -18 -19 -20 -19 -17 -14 -11 -7 -3 -0 2 5 6 6 7 -9999 -9999 -9999 -9999 -9999 -9999 -9999 -9999 29 21 25 -9999 -9999 22 -9999 -28 -31 -35 -30 -28 -27 -31 -35 -36 -34 -38 -37 -41 -35 -31 -30 -33 -35 -34 -35 -35
-29 -40 -34 -35 -32 -41 -40 -28 -21 -16 -3 -18 -43 -55 -54 -48 -65 -85 -101 -100 -79 -82 -92 -70 -34 -14 -10 -9 -9 -8 -7 -6 -4 -4 -7 -16 -23 -22 -18 -19 -18 -17 -18 -17 -15 -12 -10 -7 -4 -1 1 3 5 6 7 8 -9999 -9999 -9999 -9999 -9999 -9999 -9999 -9999 30 -9999 -9999 22 -9999 -9999 -21 -32 -32 -44 -43 -28 -30 -32 -32 -33 -35 -31 -37 -40 -34 -33 -35 -34 -36 -36 -38
-32 -34 -44 -34 -38 -40 -32 -24 -14 -1 -4 -15 -27 -40 -54 -56 -61 -65 -80 -91 -70 -80 -85 -74 -29 -6 -3 -2 -3 -2 -2 -2 0 -2 -12 -26 -32 -26 -26 -26 -20 -16 -16 -15 -12 -10 -8 -7 -6 -3 0 2 3 5 -9999 -9999 -9999 -9999 -9999 -9999 -9999 -9999 -9999 -9999 -9999 -9999 -9999 24 -9999 -9999 -30 -48 -34 -42 -49 -46 -36 -49 -44 -44 -36 -34 -38 -40 -38 -39 -38 -36 -35 -35 -40
