resultados/variables/bio9.asc
ncols 330
nrows 228
xllcorner -12.000000
yllcorner 34.000000
cellsize 0.166667
NODATA_value -9999
[rows 168 to 209 of 228, columns 0 to 94 of 330]
-9999 -9999 -9999 -9999 -9999 -9999 -9999 -9999 -9999 -9999 -9999 -9999 -9999 -9999 -9999 -9999 -9999 -9999 -9999 -9999 -9999 -9999 -9999 -9999 -9999 -9999 -9999 -9999 -9999 -9999 -9999 -9999 -9999 -9999 -9999 -9999 -9999 -9999 -9999 -9999 -9999 -9999 -9999 -9999 -9999 -9999 -9999 -9999 -9999 -9999 -9999 -9999 -9999 -9999 -9999 -9999 -9999 -9999 -9999 -9999 -9999 -9999 -9999 -9999 174 174 189 195 195 195 194 193 192 193 193 194 194 194 196 199 200 198 198 201 203 200 195 193 200 196 159 173 176 192 202
-9999 -9999 -9999 -9999 -9999 -9999 -9999 -9999 -9999 -9999 -9999 -9999 -9999 -9999 -9999 -9999 -9999 -9999 -9999 -9999 -9999 -9999 -9999 -9999 174 -9999 -9999 -9999 -9999 -9999 -9999 -9999 -9999 -9999 -9999 -9999 -9999 -9999 -9999 -9999 -9999 -9999 -9999 -9999 -9999 -9999 -9999 -9999 -9999 -9999 -9999 -9999 -9999 -9999 -9999 -9999 -9999 -9999 -9999 -9999 -9999 -9999 -9999 176 175 176 187 195 195 194 193 193 192 192 192 191 193 195 194 198 199 200 201 201 202 199 190 178 171 183 192 195 198 202 206
-9999 -9999 -9999 -9999 -9999 -9999 -9999 -9999 -9999 -9999 -9999 -9999 -9999 -9999 -9999 -9999 -9999 -9999 -9999 -9999 -9999 -9999 -9999 178 174 169 172 180 -9999 -9999 -9999 -9999 -9999 -9999 -9999 -9999 183 -9999 -9999 -9999 -9999 -9999 -9999 -9999 -9999 -9999 -9999 -9999 -9999 -9999 -9999 -9999 -9999 -9999 -9999 -9999 -9999 -9999 -9999 -9999 -9999 -9999 -9999 176 177 179 193 194 193 191 190 191 192 190 188 135 100 142 183 197 200 200 199 200 204 204 191 176 173 185 203 208 214 211 212
-9999 -9999 -9999 -9999 -9999 -9999 -9999 -9999 -9999 -9999 -9999 -9999 -9999 -9999 -9999 -9999 -9999 -9999 -9999 -9999 -9999 -9999 -9999 174 170 167 163 172 180 181 172 176 172 172 174 180 178 180 176 180 181 183 180 176 -9999 -9999 -9999 -9999 175 176 181 -9999 -9999 -9999 185 183 -9999 -9999 -9999 -9999 -9999 -9999 186 184 188 194 194 192 192 189 185 185 190 189 119 64 62 63 66 139 192 200 200 202 193 182 182 190 198 208 217 218 218 -9999 -9999
-9999 -9999 -9999 -9999 -9999 -9999 -9999 -9999 -9999 -9999 -9999 -9999 -9999 -9999 -9999 -9999 -9999 -9999 180 180 177 178 182 175 170 174 177 177 177 169 175 164 169 171 167 168 168 175 170 169 163 165 147 151 169 174 176 178 178 170 165 176 175 181 185 186 182 183 185 188 187 182 183 181 187 189 190 189 188 187 185 180 185 157 60 57 59 59 62 63 84 178 199 201 206 206 209 214 217 220 221 221 -9999 -9999 -9999
-9999 -9999 -9999 -9999 -9999 -9999 -9999 -9999 -9999 -9999 -9999 -9999 -9999 -9999 -9999 -9999 -9999 178 175 174 176 179 178 174 171 176 180 178 172 171 175 162 165 149 145 143 154 160 153 143 146 147 137 140 158 144 154 163 163 158 157 163 172 178 179 172 179 181 182 181 174 175 174 168 169 160 174 172 165 162 163 169 168 97 47 51 55 57 57 56 59 74 147 191 200 204 199 207 214 219 -9999 -9999 -9999 -9999 -9999
-9999 -9999 -9999 -9999 -9999 -9999 -9999 -9999 -9999 -9999 -9999 -9999 -9999 -9999 -9999 -9999 -9999 175 176 180 184 185 183 180 175 177 183 185 175 179 168 154 152 147 143 141 148 148 152 150 155 152 150 137 146 151 155 162 163 165 169 171 167 169 171 177 179 174 175 173 172 183 178 168 159 152 143 122 136 121 113 132 109 112 51 32 26 26 34 42 28 44 39 69 99 175 166 197 210 217 -9999 -9999 -9999 -9999 -9999
-9999 -9999 -9999 -9999 -9999 -9999 -9999 -9999 -9999 -9999 -9999 -9999 -9999 -9999 -9999 -9999 -9999 183 182 183 189 188 184 179 175 181 182 184 170 166 160 169 176 159 154 158 167 169 174 173 170 168 164 162 164 167 168 166 166 166 164 173 173 177 183 181 177 176 175 177 183 191 187 183 178 168 160 144 122 105 98 94 95 95 69 44 28 45 34 31 23 23 17 17 27 40 103 204 220 227 -9999 -9999 -9999 -9999 -9999
-9999 -9999 -9999 -9999 -9999 -9999 -9999 -9999 -9999 -9999 -9999 -9999 -9999 -9999 -9999 -9999 -9999 -9999 -9999 190 187 178 173 176 173 186 190 193 176 164 177 193 192 179 169 177 181 183 187 185 181 178 173 173 174 175 175 173 169 168 172 177 178 181 189 187 186 188 193 196 201 199 186 187 190 177 174 167 158 148 138 129 83 68 57 56 53 61 27 19 43 44 54 67 24 37 68 108 213 225 -9999 -9999 -9999 -9999 -9999
-9999 -9999 -9999 -9999 -9999 -9999 -9999 -9999 -9999 -9999 -9999 -9999 -9999 -9999 -9999 -9999 -9999 -9999 -9999 187 189 175 179 192 195 192 190 186 188 183 185 177 164 154 173 184 189 190 192 190 186 185 182 182 182 183 183 181 176 176 174 172 175 177 186 194 193 186 199 206 206 206 204 199 187 176 166 172 165 163 142 65 32 33 20 9 13 27 17 8 21 35 39 20 50 71 51 56 132 211 215 -9999 -9999 -9999 -9999
-9999 -9999 -9999 -9999 -9999 -9999 -9999 -9999 -9999 -9999 -9999 -9999 -9999 -9999 -9999 -9999 -9999 -9999 -9999 -9999 190 185 182 199 197 193 180 162 164 179 156 144 157 159 173 187 192 194 195 192 191 190 189 188 189 188 187 183 183 181 176 166 156 156 160 174 174 175 183 200 209 212 209 207 201 194 185 187 179 120 70 32 30 35 32 25 26 28 17 18 28 21 23 32 30 37 51 61 142 223 226 -9999 -9999 -9999 -9999
-9999 -9999 -9999 -9999 -9999 -9999 -9999 -9999 -9999 -9999 -9999 -9999 -9999 -9999 -9999 -9999 -9999 -9999 -9999 185 195 195 183 170 180 187 185 176 173 171 153 160 176 179 187 192 195 197 197 195 195 193 194 195 194 190 190 188 187 185 179 177 172 159 157 153 157 162 171 185 201 211 214 208 210 206 200 201 171 64 46 46 47 44 34 34 31 40 34 39 36 34 34 51 49 53 51 65 157 224 225 -9999 -9999 -9999 -9999
-9999 -9999 -9999 -9999 -9999 -9999 -9999 -9999 -9999 -9999 -9999 -9999 -9999 -9999 -9999 -9999 -9999 -9999 -9999 187 183 187 174 180 169 170 187 198 188 184 181 181 187 186 188 191 197 199 199 198 197 196 195 194 195 195 191 187 187 186 183 177 179 175 168 168 171 174 170 182 190 202 208 217 218 206 200 203 66 56 56 53 57 54 46 45 43 47 55 57 50 54 62 67 59 63 58 95 221 219 221 -9999 -9999 -9999 -9999
-9999 -9999 -9999 -9999 -9999 -9999 -9999 -9999 -9999 -9999 -9999 -9999 -9999 -9999 -9999 -9999 -9999 -9999 -9999 184 190 192 183 173 173 175 193 199 196 199 185 193 195 191 193 194 198 200 200 199 198 195 194 197 199 196 193 192 194 193 192 189 186 183 181 180 182 185 182 180 168 173 197 211 219 222 219 151 52 50 59 61 64 61 61 57 62 64 64 61 57 57 71 76 63 64 85 184 225 219 -9999 -9999 -9999 -9999 -9999
-9999 -9999 -9999 -9999 -9999 -9999 -9999 -9999 -9999 -9999 -9999 -9999 -9999 -9999 -9999 -9999 -9999 -9999 -9999 187 191 196 196 185 185 192 195 195 212 208 195 198 202 197 196 197 200 201 201 199 200 199 199 203 200 198 196 197 195 194 192 191 193 192 190 191 188 188 186 183 181 184 195 208 215 183 164 86 66 61 56 59 63 72 74 76 73 69 64 56 57 70 74 82 85 106 179 -9999 -9999 -9999 -9999 -9999 -9999 -9999 -9999
-9999 -9999 -9999 -9999 -9999 -9999 -9999 -9999 -9999 -9999 -9999 -9999 -9999 -9999 -9999 -9999 -9999 -9999 -9999 189 191 195 196 193 201 181 189 204 212 208 202 207 202 201 200 199 200 201 200 201 202 202 202 203 201 199 198 197 194 185 190 190 187 186 188 190 190 189 191 192 191 154 86 97 92 65 54 60 70 72 65 67 79 80 84 79 72 65 63 69 67 106 142 156 147 -9999 -9999 -9999 -9999 -9999 -9999 -9999 -9999 -9999 -9999
-9999 -9999 -9999 -9999 -9999 -9999 -9999 -9999 -9999 -9999 -9999 -9999 -9999 -9999 -9999 -9999 -9999 -9999 -9999 -9999 190 191 197 201 188 205 206 208 201 217 212 204 204 203 -9999 200 197 196 196 198 199 201 203 203 203 203 201 199 197 193 187 169 172 175 185 189 185 187 196 196 186 64 49 40 43 47 52 56 67 78 85 88 87 84 94 103 140 127 114 129 215 224 226 -9999 -9999 -9999 -9999 -9999 -9999 -9999 -9999 -9999 -9999 -9999 -9999
-9999 -9999 -9999 -9999 -9999 -9999 -9999 -9999 -9999 -9999 -9999 -9999 -9999 -9999 -9999 -9999 -9999 -9999 -9999 -9999 191 195 198 194 191 202 203 204 212 218 214 211 203 202 200 202 202 202 198 196 198 200 201 200 200 201 201 197 186 178 177 174 183 186 193 194 187 184 179 179 172 40 34 39 34 32 45 43 56 64 77 80 80 127 211 222 220 195 103 -9999 -9999 -9999 -9999 -9999 -9999 -9999 -9999 -9999 -9999 -9999 -9999 -9999 -9999 -9999 -9999
-9999 -9999 -9999 -9999 -9999 -9999 -9999 -9999 -9999 -9999 -9999 -9999 -9999 -9999 -9999 -9999 -9999 -9999 -9999 -9999 189 190 187 188 187 186 195 193 207 213 210 208 205 204 204 202 203 202 199 197 196 196 197 199 197 197 199 190 164 179 197 199 202 204 201 195 190 187 185 178 176 44 32 34 35 22 28 39 45 50 69 67 85 200 222 227 228 -9999 -9999 -9999 -9999 -9999 -9999 -9999 -9999 -9999 -9999 -9999 -9999 -9999 -9999 -9999 -9999 -9999 -9999
-9999 -9999 -9999 -9999 -9999 -9999 -9999 -9999 -9999 -9999 -9999 -9999 -9999 -9999 -9999 -9999 -9999 -9999 -9999 -9999 191 191 191 198 200 201 202 201 207 208 205 207 205 205 205 203 199 197 199 197 194 189 188 191 190 185 182 175 179 200 214 212 211 209 200 199 200 194 184 181 178 65 17 33 23 17 18 22 27 40 56 55 65 174 228 237 238 -9999 -9999 -9999 -9999 -9999 -9999 -9999 -9999 -9999 -9999 -9999 -9999 -9999 -9999 -9999 -9999 -9999 -9999
-9999 -9999 -9999 -9999 -9999 -9999 -9999 -9999 -9999 -9999 -9999 -9999 -9999 -9999 -9999 -9999 -9999 -9999 -9999 187 193 200 191 201 209 211 210 201 198 200 202 207 211 205 195 196 202 200 198 191 184 175 182 183 185 184 185 204 211 220 224 220 218 209 204 205 201 196 189 178 170 156 27 19 26 23 18 18 16 24 44 49 159 221 233 -9999 -9999 -9999 -9999 -9999 -9999 -9999 -9999 -9999 -9999 -9999 -9999 -9999 -9999 -9999 -9999 -9999 -9999 -9999 -9999
-9999 -9999 -9999 -9999 -9999 -9999 -9999 -9999 -9999 -9999 -9999 -9999 -9999 -9999 -9999 -9999 -9999 -9999 -9999 191 197 204 207 213 214 207 174 197 204 202 201 205 205 202 207 217 213 194 192 188 169 169 176 191 197 216 218 225 225 227 229 226 214 214 212 214 209 208 199 184 170 162 82 19 30 31 16 12 2 15 42 125 215 225 236 -9999 -9999 -9999 -9999 -9999 -9999 -9999 -9999 -9999 -9999 -9999 -9999 -9999 -9999 -9999 -9999 -9999 -9999 -9999 -9999
-9999 -9999 -9999 -9999 -9999 -9999 -9999 -9999 -9999 -9999 -9999 -9999 -9999 -9999 -9999 -9999 -9999 -9999 -9999 195 203 209 213 215 206 200 195 219 218 209 208 206 215 222 229 -9999 209 183 174 178 174 201 207 223 219 226 234 231 231 230 233 227 221 220 219 212 208 205 198 190 177 170 121 28 30 32 30 34 25 34 123 214 223 232 -9999 -9999 -9999 -9999 -9999 -9999 -9999 -9999 -9999 -9999 -9999 -9999 -9999 -9999 -9999 -9999 -9999 -9999 -9999 -9999 -9999
-9999 -9999 -9999 -9999 -9999 -9999 -9999 -9999 -9999 -9999 -9999 -9999 -9999 -9999 -9999 -9999 -9999 -9999 -9999 200 206 209 203 203 205 211 214 224 230 228 232 235 238 236 240 236 223 222 232 240 242 239 235 229 238 239 235 237 236 235 236 230 228 226 216 210 206 202 202 196 185 184 166 43 41 31 23 44 74 159 218 226 230 -9999 -9999 -9999 -9999 -9999 -9999 -9999 -9999 -9999 -9999 -9999 -9999 -9999 -9999 -9999 -9999 -9999 -9999 -9999 -9999 -9999 -9999
-9999 -9999 -9999 -9999 -9999 -9999 -9999 -9999 -9999 -9999 -9999 -9999 -9999 -9999 -9999 -9999 -9999 -9999 196 200 204 207 208 211 207 218 231 234 238 237 239 240 242 243 240 240 246 247 246 246 244 243 242 240 242 240 242 242 242 240 232 227 225 222 218 214 212 208 206 200 198 199 192 105 43 42 30 49 183 213 225 235 -9999 -9999 -9999 -9999 -9999 -9999 -9999 -9999 -9999 -9999 -9999 -9999 -9999 -9999 -9999 -9999 -9999 -9999 -9999 -9999 -9999 -9999 -9999
-9999 -9999 -9999 -9999 -9999 -9999 -9999 -9999 -9999 -9999 -9999 -9999 -9999 -9999 -9999 -9999 -9999 -9999 196 200 204 212 215 217 218 229 235 240 242 241 242 242 244 244 244 245 244 242 241 241 241 241 237 235 235 238 235 233 232 234 234 231 228 226 222 216 216 212 213 205 203 204 207 198 123 154 161 200 218 223 233 -9999 -9999 -9999 -9999 -9999 -9999 -9999 -9999 -9999 -9999 -9999 -9999 -9999 -9999 -9999 -9999 -9999 213 222 230 -9999 227 -9999 -9999
-9999 -9999 -9999 -9999 -9999 -9999 -9999 -9999 -9999 -9999 -9999 -9999 -9999 -9999 -9999 -9999 -9999 -9999 195 194 206 217 219 221 226 233 236 238 239 241 243 241 242 246 247 247 244 240 236 225 227 234 227 224 222 223 225 225 228 231 232 232 232 230 224 223 219 217 216 214 211 209 213 210 211 207 215 229 234 234 -9999 -9999 -9999 -9999 -9999 -9999 -9999 -9999 -9999 -9999 -9999 -9999 -9999 -9999 -9999 -9999 226 226 230 226 228 227 -9999 -9999 -9999
-9999 -9999 -9999 -9999 -9999 -9999 -9999 -9999 -9999 -9999 -9999 -9999 -9999 -9999 -9999 -9999 -9999 193 196 205 215 219 223 227 228 231 232 228 232 235 240 243 245 245 245 246 243 237 233 229 239 241 243 239 232 228 231 222 223 228 230 234 234 232 231 228 226 224 220 220 218 218 220 222 222 217 215 228 235 238 -9999 -9999 -9999 -9999 -9999 -9999 -9999 -9999 -9999 -9999 -9999 -9999 -9999 -9999 -9999 -9999 -9999 -9999 -9999 230 230 228 -9999 -9999 -9999
-9999 -9999 -9999 -9999 -9999 -9999 -9999 -9999 -9999 -9999 -9999 -9999 -9999 -9999 -9999 -9999 189 195 204 212 218 220 222 227 230 233 233 229 230 240 242 244 244 244 244 243 247 249 250 248 247 249 242 241 239 236 239 230 232 230 232 236 236 235 233 230 227 226 225 224 223 223 222 221 221 224 219 226 236 242 -9999 -9999 -9999 -9999 -9999 -9999 -9999 -9999 -9999 -9999 -9999 -9999 -9999 -9999 -9999 -9999 -9999 -9999 -9999 -9999 -9999 -9999 -9999 -9999 -9999
-9999 -9999 -9999 -9999 -9999 -9999 -9999 -9999 -9999 -9999 -9999 -9999 -9999 -9999 -9999 190 193 199 211 217 220 222 225 228 231 233 234 236 239 243 245 246 246 248 247 251 254 255 253 253 251 248 244 240 241 237 239 236 238 239 239 238 236 234 229 225 223 221 225 226 226 225 221 214 210 219 214 230 240 240 240 -9999 -9999 -9999 -9999 -9999 -9999 -9999 -9999 -9999 231 233 -9999 -9999 -9999 -9999 -9999 -9999 -9999 -9999 -9999 -9999 -9999 -9999 -9999
-9999 -9999 -9999 -9999 -9999 -9999 -9999 -9999 -9999 -9999 -9999 -9999 -9999 -9999 -9999 190 194 205 217 220 222 225 227 228 229 230 231 234 235 245 246 246 249 250 251 254 254 253 253 252 251 248 246 244 241 243 240 241 240 239 238 237 234 230 225 222 217 215 222 226 226 222 215 212 215 217 214 226 235 235 234 -9999 -9999 -9999 -9999 -9999 -9999 -9999 -9999 234 234 -9999 -9999 -9999 -9999 -9999 -9999 -9999 -9999 -9999 -9999 -9999 -9999 -9999 -9999
-9999 -9999 -9999 -9999 -9999 -9999 -9999 -9999 -9999 -9999 -9999 -9999 -9999 -9999 -9999 192 202 -9999 221 222 223 224 224 224 227 229 229 233 241 244 243 244 246 247 250 248 248 248 250 248 248 252 251 250 245 241 241 239 236 241 239 238 234 232 226 221 220 216 213 215 221 220 218 217 219 218 224 220 217 223 216 229 243 -9999 -9999 -9999 -9999 -9999 -9999 -9999 -9999 -9999 -9999 -9999 -9999 -9999 -9999 -9999 -9999 -9999 -9999 -9999 -9999 -9999 -9999
-9999 -9999 -9999 -9999 -9999 -9999 -9999 -9999 -9999 -9999 -9999 -9999 -9999 -9999 -9999 -9999 -9999 217 220 224 224 223 222 223 227 230 232 236 241 239 237 238 241 243 245 246 244 246 243 248 250 251 250 250 244 239 240 242 242 241 239 237 234 232 228 229 220 205 211 217 225 228 229 225 222 226 227 219 216 217 226 -9999 -9999 -9999 -9999 -9999 -9999 -9999 -9999 -9999 -9999 -9999 -9999 -9999 -9999 -9999 -9999 -9999 -9999 -9999 -9999 -9999 -9999 -9999 -9999
-9999 -9999 -9999 -9999 -9999 -9999 -9999 -9999 -9999 -9999 -9999 -9999 -9999 -9999 -9999 -9999 -9999 -9999 -9999 -9999 225 226 225 227 228 231 233 237 240 238 235 232 235 238 239 244 243 244 245 245 246 247 247 247 247 243 241 242 247 239 236 240 241 237 238 233 221 211 225 229 233 237 237 233 231 225 228 235 239 -9999 -9999 -9999 -9999 -9999 -9999 -9999 -9999 -9999 -9999 -9999 -9999 -9999 -9999 -9999 -9999 -9999 -9999 -9999 -9999 -9999 -9999 -9999 -9999 -9999 -9999
-9999 -9999 -9999 -9999 -9999 -9999 -9999 -9999 -9999 -9999 -9999 -9999 -9999 -9999 -9999 -9999 -9999 -9999 -9999 221 223 226 229 229 229 229 233 238 239 239 238 236 237 238 237 238 240 244 247 244 246 245 246 247 246 246 249 251 254 256 254 254 246 244 238 226 208 212 216 212 225 240 242 243 237 237 240 247 248 -9999 -9999 -9999 -9999 -9999 -9999 -9999 -9999 -9999 -9999 -9999 -9999 -9999 -9999 -9999 -9999 -9999 -9999 -9999 -9999 -9999 -9999 -9999 -9999 -9999 -9999
-9999 -9999 -9999 -9999 -9999 -9999 -9999 -9999 -9999 -9999 -9999 -9999 -9999 -9999 -9999 -9999 -9999 -9999 -9999 218 218 225 228 229 230 233 236 235 237 235 234 233 229 230 232 243 244 241 247 252 249 245 250 255 257 263 263 264 264 264 261 253 250 246 223 211 197 198 202 210 222 232 236 241 250 251 251 250 -9999 -9999 -9999 -9999 -9999 -9999 -9999 -9999 -9999 -9999 -9999 -9999 -9999 -9999 -9999 -9999 -9999 -9999 -9999 -9999 -9999 -9999 -9999 -9999 -9999 -9999 -9999
-9999 -9999 -9999 -9999 -9999 -9999 -9999 -9999 -9999 -9999 -9999 -9999 -9999 -9999 -9999 -9999 -9999 -9999 -9999 216 220 225 226 227 229 232 234 233 235 233 230 229 232 239 241 242 248 245 242 251 257 256 259 263 266 265 264 264 265 265 261 256 254 244 214 196 207 212 212 217 223 220 225 242 245 246 246 249 -9999 -9999 -9999 -9999 -9999 -9999 -9999 -9999 -9999 -9999 -9999 -9999 -9999 -9999 -9999 -9999 -9999 -9999 -9999 -9999 -9999 -9999 -9999 -9999 -9999 -9999 -9999
-9999 -9999 -9999 -9999 -9999 -9999 -9999 -9999 -9999 -9999 -9999 -9999 -9999 -9999 -9999 -9999 -9999 -9999 -9999 215 218 221 223 224 228 230 232 234 234 234 237 239 238 240 247 249 256 257 256 260 264 263 263 262 262 261 261 260 251 255 239 227 241 239 220 226 225 219 212 216 228 234 236 245 243 247 249 -9999 -9999 -9999 -9999 -9999 -9999 -9999 -9999 -9999 -9999 -9999 -9999 -9999 -9999 -9999 -9999 -9999 -9999 -9999 -9999 -9999 -9999 -9999 -9999 -9999 -9999 -9999 -9999
-9999 -9999 -9999 -9999 -9999 -9999 -9999 -9999 -9999 -9999 -9999 -9999 -9999 -9999 -9999 -9999 -9999 -9999 -9999 215 218 217 220 220 224 228 232 233 233 236 239 239 242 244 252 258 262 264 262 260 260 260 259 258 255 250 250 250 239 221 230 228 229 238 235 232 223 210 210 217 223 236 234 243 -9999 -9999 246 -9999 -9999 -9999 -9999 -9999 -9999 -9999 -9999 -9999 -9999 -9999 -9999 -9999 -9999 -9999 -9999 -9999 -9999 -9999 -9999 -9999 -9999 -9999 -9999 -9999 -9999 -9999 -9999
-9999 -9999 -9999 -9999 -9999 -9999 -9999 -9999 -9999 -9999 -9999 -9999 -9999 -9999 -9999 -9999 -9999 -9999 -9999 211 211 218 216 214 218 223 228 232 233 236 239 242 245 249 256 261 264 259 259 257 256 256 255 254 251 243 238 237 233 232 233 224 228 226 209 216 219 219 227 233 236 240 243 -9999 -9999 -9999 -9999 -9999 -9999 -9999 -9999 -9999 -9999 -9999 -9999 -9999 -9999 -9999 -9999 -9999 -9999 -9999 -9999 -9999 -9999 -9999 -9999 -9999 -9999 -9999 -9999 -9999 -9999 -9999 -9999
-9999 -9999 -9999 -9999 -9999 -9999 -9999 -9999 -9999 -9999 -9999 -9999 -9999 -9999 -9999 -9999 -9999 -9999 -9999 209 212 219 220 215 212 219 226 232 234 236 239 240 244 248 253 258 258 256 254 251 250 248 243 245 245 242 240 237 236 241 231 210 212 219 207 196 195 204 221 229 242 -9999 -9999 -9999 -9999 -9999 -9999 -9999 -9999 -9999 -9999 -9999 -9999 -9999 -9999 -9999 -9999 -9999 -9999 -9999 -9999 -9999 -9999 -9999 -9999 -9999 -9999 -9999 -9999 -9999 -9999 -9999 -9999 -9999 -9999
-9999 -9999 -9999 -9999 -9999 -9999 -9999 -9999 -9999 -9999 -9999 -9999 -9999 -9999 -9999 -9999 -9999 -9999 200 -9999 -9999 -9999 -9999 -9999 221 225 -9999 -9999 -9999 -9999 -9999 -9999 242 246 249 251 252 250 246 241 238 236 236 239 239 233 223 223 230 231 226 175 160 184 193 213 226 228 226 233 236 -9999 -9999 -9999 -9999 -9999 -9999 -9999 -9999 -9999 -9999 -9999 -9999 -9999 -9999 -9999 -9999 -9999 -9999 -9999 -9999 -9999 -9999 -9999 -9999 -9999 -9999 -9999 -9999 -9999 -9999 -9999 -9999 -9999 -9999
