resultados/variables/bio9.asc
ncols 330
nrows 228
xllcorner -12.000000
yllcorner 34.000000
cellsize 0.166667
NODATA_value -9999
[rows 126 to 167 of 228, columns 95 to 189 of 330]
62 64 64 64 63 61 59 59 58 57 55 56 56 57 58 58 59 58 59 58 52 48 44 40 39 37 28 32 37 43 43 41 27 25 19 11 9 8 7 10 5 4 3 -1 -0 2 8 8 7 8 6 7 5 3 1 -1 -5 -6 -7 -5 -1 -3 -4 -7 -9 -3 -2 -9 -21 -24 -21 -23 -25 -21 -14 -9 -4 -2 2 3 3 2 2 1 -0 -1 -3 -5 -5 -5 -5 -4 -6 -8 -11
63 63 64 62 61 59 59 58 57 55 55 55 52 52 49 50 54 55 55 58 54 49 47 45 38 32 38 36 41 45 44 42 22 9 9 7 7 10 10 15 16 7 -1 -1 1 4 8 9 4 4 2 4 1 -3 -6 -8 -11 -16 -23 -23 -18 -12 -7 -6 -5 -4 -9 -14 -24 -30 -38 -37 -29 -24 -24 -18 -8 -4 -1 1 2 2 3 2 1 -0 -2 -4 -5 -5 -6 -5 -8 -10 -11
62 62 61 60 59 57 56 55 55 53 53 50 49 55 60 45 41 44 46 50 52 47 45 42 36 35 41 46 46 47 42 39 30 14 7 6 16 18 22 23 21 15 14 11 13 12 19 24 21 15 1 -2 -5 -9 -15 -17 -23 -21 -12 -7 -11 -7 -6 -3 -1 -1 -2 -4 -10 -16 -20 -23 -22 -23 -20 -17 -16 -6 -3 -2 -0 2 2 1 2 1 -1 -2 -4 -5 -6 -8 -9 -13 -13
62 62 59 59 58 56 55 52 50 50 50 48 59 59 61 53 34 35 38 34 46 54 53 43 46 50 47 42 42 44 23 25 28 22 12 16 25 16 11 20 16 10 13 13 17 20 19 22 20 24 21 11 3 -2 -10 -17 -13 -5 -4 -5 -6 -1 1 3 -0 2 3 1 -3 -6 -10 -13 -12 -12 -18 -22 -9 -10 -10 -1 0 -1 -0 1 2 1 -2 -2 -4 -6 -7 -8 -9 -12 -15
58 58 59 57 53 54 54 52 51 50 44 45 41 42 39 40 35 33 33 36 46 50 48 45 42 43 42 34 41 29 24 22 20 20 15 16 19 10 9 12 7 5 3 4 12 27 22 21 22 19 19 16 6 -6 -10 -11 -12 -5 -6 -10 -10 -8 -9 -4 -1 -0 5 5 3 -0 -2 -4 -4 -5 -11 -25 -17 -18 -26 -21 -16 -14 -6 -1 -1 -0 1 -2 -4 -5 -7 -8 -8 -10 -15
57 72 85 78 64 59 57 58 58 59 42 40 39 39 38 39 38 39 41 45 45 40 37 43 40 42 49 47 28 27 27 23 22 27 21 14 13 12 12 9 11 8 7 18 25 33 34 22 18 23 24 15 6 5 4 -7 -13 -11 -11 -9 -8 -13 -12 -3 -2 -4 -4 1 3 3 1 1 -1 -3 -5 -10 -14 -19 -18 -23 -33 -19 -11 -4 -2 -1 0 -3 -4 -6 -7 -6 -6 -7 -9
58 76 85 83 80 73 77 77 76 73 57 41 42 45 46 47 46 47 51 44 37 40 36 41 52 51 54 39 25 24 25 24 23 31 19 16 14 14 15 14 11 8 9 24 34 34 36 28 24 21 25 18 13 13 13 13 3 -8 -7 -8 -4 -6 -10 -4 -7 -10 -10 -10 -3 1 -2 -3 -1 -4 -4 -8 -7 -11 -4 -10 -18 -17 -14 -6 -3 -2 -0 -1 -4 -5 -6 -8 -8 -8 -9
59 62 76 79 74 68 74 82 85 86 68 45 49 50 49 49 50 48 40 32 36 41 45 46 46 49 52 31 29 37 30 28 25 19 19 16 16 16 16 13 9 10 11 18 32 33 33 32 32 28 25 14 16 20 21 23 18 5 4 0 -5 -5 -5 -7 -8 -11 -11 -9 -6 -6 -7 -11 -14 -15 -12 -10 -9 -7 -2 2 -2 -15 -15 -11 -7 -1 -1 -4 -6 -10 -19 -19 -17 -22 -16
62 61 61 62 60 64 72 77 86 81 60 50 50 52 53 52 48 41 41 39 39 41 43 42 42 48 49 29 29 38 40 35 30 17 16 17 16 15 12 11 10 10 13 19 36 35 33 34 32 32 26 20 18 21 25 27 28 25 24 17 6 -5 -1 -5 -7 -8 -8 -6 -5 -7 -6 -9 -13 -16 -13 -12 -7 -9 -8 2 4 -3 -9 -5 -2 -6 -11 -16 -25 -18 -25 -24 -30 -32 -34
64 64 62 62 62 60 60 63 63 59 54 51 49 53 58 52 52 51 49 46 45 46 44 43 42 44 34 30 31 35 29 29 22 20 18 16 12 10 9 8 7 9 12 15 29 35 31 33 33 33 30 25 22 17 25 23 26 23 24 25 24 2 -1 -2 -2 -1 -8 -8 -8 -11 -8 -9 -9 -9 -7 -6 -3 -11 -9 2 5 5 1 -7 -7 -13 -21 -25 -23 -19 -24 -30 -33 -29 -24
61 63 62 62 60 61 59 56 56 54 57 56 55 55 57 54 52 53 51 49 48 46 43 42 43 38 29 31 31 28 27 26 27 24 19 15 11 9 7 6 6 6 8 10 13 27 31 31 34 35 33 31 29 27 23 16 11 16 23 25 30 11 -1 0 -0 0 -5 -7 -10 -10 -11 -7 -5 -4 -5 -0 2 -3 -0 2 1 3 2 -4 -10 -14 -18 -18 -12 -11 -22 -33 -28 -27 -36
59 60 63 62 60 60 59 57 54 55 53 57 55 55 56 54 51 52 52 52 48 46 46 47 41 29 31 32 30 27 25 27 26 19 14 14 11 9 6 6 6 5 6 3 4 9 20 31 34 37 32 27 25 23 22 10 8 0 1 11 20 24 2 1 -2 1 -2 -6 -10 -5 -6 -4 -2 0 4 5 7 7 4 3 -1 5 3 -2 -7 -12 -5 -7 -15 -27 -17 -24 -28 -25 -25
58 63 64 64 61 60 60 59 54 54 53 56 52 56 55 53 53 53 53 52 49 44 34 29 29 31 32 27 25 22 23 25 25 21 14 11 10 8 4 6 8 3 3 2 3 3 3 10 18 33 39 39 38 35 25 18 18 8 3 5 9 11 10 -1 -3 -2 -2 -7 -6 -3 -1 -0 2 7 9 10 10 8 8 8 8 5 -3 -8 -5 -0 -9 -18 -20 -17 -19 -37 -36 -42 -45
63 62 61 62 64 63 61 58 54 52 54 54 56 53 53 54 54 54 52 51 47 29 27 29 31 32 28 28 32 17 17 18 20 19 17 13 3 2 2 4 7 7 7 7 8 8 7 5 2 10 32 35 37 39 40 38 30 31 24 13 9 13 8 -8 -10 -11 -6 -7 -6 -6 -2 0 7 11 13 13 9 10 12 10 5 0 -3 3 1 -6 2 -6 -4 -17 -27 -21 -15 -25 -23
66 65 64 63 64 -9999 62 58 54 52 51 52 53 52 53 54 54 53 50 43 35 27 29 31 32 28 28 30 23 14 16 16 17 13 5 3 1 4 8 10 10 9 9 8 8 6 4 2 1 1 5 28 34 35 37 39 38 38 33 23 24 17 5 -13 -19 -23 -17 -11 -9 -5 -0 5 10 11 11 10 11 11 13 11 8 4 3 9 2 5 6 -0 -16 -7 -10 -8 -9 -17 -24
66 65 64 65 65 63 59 56 53 50 50 52 49 52 52 52 52 50 46 35 33 30 32 33 30 24 26 30 20 16 17 12 7 3 -1 2 5 8 9 8 8 8 9 8 6 4 3 3 4 0 -1 2 17 33 36 37 41 42 51 65 34 5 -8 -8 -8 -15 -20 -21 -17 -6 5 13 14 15 15 14 14 14 14 10 -1 6 10 10 8 8 3 2 -6 -6 -12 -7 -17 -13 -2
63 67 66 64 61 59 55 55 54 51 51 51 51 52 50 51 49 45 44 35 35 31 33 34 25 22 25 31 22 13 10 5 5 5 6 8 8 7 6 7 7 7 8 7 7 6 4 3 2 -0 -0 1 2 7 17 25 41 60 85 73 9 7 7 7 6 2 -4 -8 -5 -2 4 9 13 11 11 18 17 16 14 5 9 11 12 12 11 12 11 10 10 7 5 1 -2 5 7
67 67 64 62 59 58 58 55 52 51 53 51 52 51 50 45 44 35 25 29 37 30 27 29 27 22 22 29 28 16 9 9 10 10 8 6 4 5 4 4 5 6 6 7 5 4 2 1 0 1 2 -1 1 5 6 4 17 56 80 39 3 2 3 4 2 3 -3 -9 -11 -12 -9 -5 -2 2 10 17 16 15 13 12 12 11 12 13 14 15 15 12 15 14 13 11 12 11 9
68 65 62 62 62 59 56 53 53 53 55 56 58 56 54 47 39 35 26 29 43 33 27 24 20 19 21 27 21 10 12 13 10 8 9 5 0 1 -0 -3 0 2 4 8 5 4 -0 -1 3 6 3 2 1 4 10 3 -1 3 35 1 -7 -7 -9 -11 -13 -13 -18 -23 -26 -26 -23 -20 -13 -1 12 14 12 15 14 12 10 11 12 14 15 17 17 15 17 16 3 11 12 10 8
67 66 69 63 59 56 54 52 54 57 58 58 59 59 56 54 50 40 41 51 52 35 31 20 17 16 15 13 10 17 20 21 19 13 12 4 1 -5 -6 -7 -2 -1 2 6 6 3 -4 -8 -10 -2 -11 -9 -15 -14 -1 3 -9 -5 -7 -14 -20 -24 -22 -28 -24 -27 -31 -37 -35 -35 -39 -36 -22 -4 5 10 14 17 15 13 12 12 13 14 16 17 19 16 18 18 11 18 16 14 15
67 66 72 64 58 55 54 57 61 62 63 64 63 58 56 57 53 53 55 54 54 40 32 26 21 18 21 18 19 20 19 18 19 -9999 -9999 8 -1 -12 -10 -17 -14 -10 -24 -14 -15 -19 -22 -27 -26 -11 -15 -15 -31 -25 -29 -24 -21 -17 -19 -21 -24 -30 -31 -33 -38 -36 -42 -45 -43 -39 -34 -37 -35 -14 -8 3 10 14 15 14 13 14 13 13 15 17 17 14 16 18 14 23 17 15 17
65 62 62 62 57 52 54 63 66 66 66 65 62 61 58 55 58 52 45 44 40 40 26 19 16 20 22 18 19 16 10 12 8 3 12 2 -8 -27 -20 -38 -31 -31 -32 -34 -31 -48 -47 -26 -16 -22 -30 -33 -37 -31 -42 -43 -21 -28 -40 -38 -34 -41 -53 -51 -51 -48 -41 -36 -35 -36 -38 -32 -28 -15 -5 1 11 14 15 15 15 15 14 12 12 13 14 14 19 21 22 24 21 17 18
58 52 56 59 58 55 59 68 68 69 66 65 65 60 66 73 70 58 29 21 25 30 22 21 19 16 15 20 16 19 15 1 -11 -11 9 -12 -32 -43 -47 -45 -45 -29 -27 -33 -31 -23 -36 -55 -37 -60 -50 -46 -45 -41 -39 -37 -41 -55 -58 -60 -61 -56 -49 -42 -41 -39 -37 -43 -35 -35 -31 -24 -16 -10 6 8 12 14 15 15 16 15 9 3 5 11 18 20 21 23 25 25 23 21 18
61 51 61 63 59 57 67 70 70 69 67 66 59 70 77 66 61 53 35 33 44 44 25 12 7 12 13 14 5 -9 -17 -8 -25 -7 -24 -36 -24 -49 -54 -47 -39 -48 -50 -49 -57 -46 -62 -63 -65 -74 -9999 -73 -72 -73 -69 -60 -69 -69 -51 -42 -45 -43 -37 -34 -49 -38 -43 -32 -27 -23 -21 -16 -11 -1 10 12 14 15 15 16 17 15 9 7 12 19 20 22 23 23 24 24 23 21 19
63 60 65 59 62 67 71 71 71 70 67 60 61 71 68 73 65 52 47 45 42 38 35 14 -2 -12 -4 -11 -6 -28 -40 -32 -43 -35 -10 -31 -50 -58 -64 -53 -57 -55 -58 -62 -60 -44 -60 -64 -49 -73 -76 -68 -53 -65 -49 -52 -47 -46 -38 -58 -53 -36 -28 -26 -39 -35 -35 -37 -22 -16 -13 -7 -1 7 10 12 13 15 16 17 15 16 14 16 -9999 22 21 22 23 22 23 24 23 22 20
68 67 65 66 65 70 72 70 71 70 63 50 59 99 100 95 59 44 38 33 24 18 33 11 -4 -11 -24 -28 -32 -38 -37 -36 -22 -12 -38 -50 -68 -62 -57 -64 -52 -70 -63 -51 -37 -52 -38 -40 -36 -48 -53 -54 -50 -40 -29 -37 -27 -23 -12 -27 -33 -18 -19 -17 -24 -18 -23 -35 -6 -1 6 8 11 11 11 14 14 15 17 18 19 -9999 21 19 17 18 20 22 23 22 23 24 24 23 22
67 69 68 64 67 69 70 71 71 66 54 58 122 131 121 86 73 62 50 28 21 16 12 3 -15 -9999 -28 -37 -46 -56 -50 -64 -56 -48 -46 -66 -63 -65 -62 -61 -48 -45 -39 -24 -15 -29 -29 -55 -54 -57 -57 -43 -43 -40 -31 -21 -22 -19 -15 -12 -8 -6 -8 -13 -10 -14 -12 -13 -13 -10 1 10 12 15 16 17 16 16 17 19 22 21 21 18 19 20 20 21 23 23 25 24 24 22 22
69 66 62 62 60 57 49 54 61 59 53 82 125 120 93 -9999 -9999 -9999 61 32 17 10 1 -10 -22 -27 -39 -52 -43 -43 -17 -52 -48 -51 -59 -66 -74 -64 -61 -53 -80 -63 -38 -15 -3 -22 -43 -51 -45 -47 -35 -27 -36 -19 -2 7 -5 -26 -20 -30 -29 -14 -21 -30 -32 -28 -20 -4 -19 -16 4 14 14 14 15 17 19 19 20 20 22 22 21 21 22 22 21 19 22 24 25 24 22 22 22
45 41 39 43 44 43 43 42 41 56 65 125 113 89 93 98 103 99 82 53 34 26 11 -9 -19 -9999 -31 -40 -23 -10 -12 -8 -25 1 -42 -47 -34 -27 -22 -44 -60 -41 -39 7 -6 -30 -39 -40 -39 -23 -13 -18 -12 13 18 36 19 6 5 -14 -9 -13 5 7 -5 -11 -3 6 10 10 12 10 11 10 15 16 17 21 22 23 23 24 22 21 20 20 18 16 19 24 24 22 22 22 22
36 43 35 31 35 44 41 40 38 46 113 102 56 74 95 90 87 91 76 54 28 -3 -9999 -24 -9999 -40 -2 -18 -7 17 12 -2 12 -0 -11 -22 -27 -30 -28 -32 -59 -15 -10 10 -6 -22 -22 -15 -8 19 13 -2 26 46 50 51 51 47 34 19 12 8 10 18 17 9 6 2 10 6 13 20 20 16 16 16 18 19 22 26 26 26 25 25 23 20 18 19 20 23 24 23 23 22 23
26 38 32 26 32 33 30 30 28 43 116 73 45 42 93 118 98 81 56 59 -9999 4 -19 -24 -40 -30 -16 8 -9999 19 22 13 16 2 -3 -11 -4 -4 1 -35 -15 -11 18 8 -17 -21 -21 -6 7 17 43 50 54 55 57 59 60 59 56 38 23 10 19 14 16 15 19 19 20 24 22 25 14 14 18 20 21 24 24 25 28 29 28 28 27 25 22 22 23 24 24 24 23 23 23
23 35 29 25 23 29 31 29 26 26 51 28 44 106 100 88 109 79 74 59 20 11 -15 -30 -38 -15 6 14 -9999 23 24 26 27 28 34 30 24 27 4 8 6 -9999 0 -11 -3 14 16 28 32 31 39 53 55 57 59 61 -9999 64 -9999 51 43 21 17 11 4 11 16 21 16 9 13 24 26 22 21 21 22 23 27 29 28 28 28 28 27 26 25 25 24 23 24 24 24 23 22
3 28 28 19 22 29 30 25 23 20 24 63 58 109 70 86 91 81 69 61 42 35 -15 -13 -11 12 19 21 22 24 27 30 30 36 49 49 45 41 32 33 -9999 37 25 9 19 30 36 37 39 38 38 53 56 58 -9999 -9999 -9999 -9999 -9999 66 42 32 27 -7 -0 15 20 16 55 30 32 30 25 21 21 21 23 21 28 31 27 10 13 21 25 26 25 24 24 23 23 24 24 24 23
12 19 21 16 15 30 28 23 19 29 78 110 108 82 94 103 88 79 69 61 39 -1 -4 14 22 22 25 26 25 27 30 32 30 34 49 49 47 45 43 43 45 46 50 51 50 38 35 47 54 53 -9999 -9999 -9999 -9999 -9999 -9999 -9999 -9999 67 59 62 40 54 100 29 14 23 38 61 63 42 28 26 25 21 22 26 28 29 27 17 11 20 18 18 21 23 25 24 23 23 24 24 24 23
20 20 15 8 15 30 32 24 20 57 96 117 105 105 107 88 73 68 72 59 23 2 21 24 25 27 28 29 30 31 33 33 32 41 49 48 46 45 44 44 46 48 50 52 53 52 50 52 54 54 -9999 -9999 -9999 -9999 -9999 -9999 -9999 -9999 -9999 87 127 186 -9999 -9999 -9999 54 -5 42 61 62 60 34 29 22 16 18 25 29 31 31 29 28 24 25 22 21 24 26 25 25 25 25 24 24 23
23 13 10 9 15 28 35 49 108 150 144 176 123 118 87 84 83 72 54 29 11 21 27 26 25 26 28 31 98 165 193 211 216 194 106 47 46 45 44 45 46 48 50 51 52 53 52 53 54 54 55 -9999 -9999 -9999 -9999 -9999 -9999 -9999 -9999 198 190 196 -9999 -9999 218 -9999 125 157 154 146 100 51 25 21 23 26 23 23 18 27 32 32 29 26 28 27 26 28 28 28 28 28 27 26 23
17 5 5 15 19 44 172 187 155 138 143 158 131 98 72 70 81 84 81 44 12 32 33 32 30 31 52 156 212 214 212 202 162 144 188 139 181 185 165 125 65 49 50 51 52 52 52 52 53 54 55 56 -9999 -9999 -9999 -9999 -9999 -9999 -9999 -9999 200 -9999 -9999 216 -9999 -9999 174 148 176 160 162 160 85 25 25 26 24 30 24 19 28 29 27 28 26 25 22 28 30 30 31 31 31 31 30
8 5 12 18 60 188 201 190 178 159 140 141 135 131 97 84 69 84 84 60 22 38 39 37 42 76 170 207 210 207 197 158 69 110 99 96 180 214 217 220 221 168 92 53 52 52 52 53 53 54 -9999 -9999 -9999 -9999 -9999 -9999 -9999 -9999 -9999 -9999 -9999 -9999 -9999 219 -9999 -9999 113 106 173 164 154 143 163 51 15 7 20 24 20 20 23 22 23 25 27 27 20 23 21 26 30 32 34 34 33
14 17 60 164 151 206 200 183 165 159 148 146 134 153 98 67 68 92 75 73 24 32 46 90 156 107 193 200 193 184 183 153 123 95 102 157 182 156 192 206 210 220 226 190 98 54 54 54 54 52 43 -9999 -9999 -9999 -9999 -9999 -9999 -9999 -9999 -9999 -9999 -9999 -9999 -9999 -9999 -9999 -9999 157 170 175 161 158 146 168 127 39 -1 21 4 4 6 11 7 19 24 24 16 27 24 19 19 26 35 30 30
31 110 202 203 202 209 201 184 174 167 156 167 163 164 133 103 94 96 93 88 66 116 191 204 201 191 196 194 185 -9999 -9999 189 189 162 171 162 158 107 155 187 195 196 207 212 220 182 143 96 55 52 41 -9999 -9999 -9999 -9999 -9999 -9999 -9999 -9999 -9999 -9999 -9999 -9999 -9999 -9999 -9999 -9999 213 177 162 171 168 157 168 148 94 7 19 16 3 8 -5 -11 -4 9 23 17 21 23 24 22 29 20 27 30
141 200 208 205 212 214 209 198 178 166 159 165 182 161 144 139 110 98 111 117 124 154 158 150 162 181 189 209 -9999 -9999 -9999 -9999 -9999 -9999 198 198 206 197 142 110 161 163 192 199 197 201 213 219 176 79 46 -9999 -9999 -9999 -9999 -9999 -9999 -9999 -9999 -9999 -9999 -9999 -9999 -9999 -9999 -9999 -9999 -9999 218 210 188 187 177 166 161 150 130 71 28 13 -0 -5 -10 4 14 4 -4 6 0 7 15 24 24 21 14
200 209 208 208 211 216 215 206 179 164 160 163 179 179 172 149 137 134 140 147 128 110 145 144 179 202 -9999 -9999 -9999 -9999 -9999 -9999 -9999 -9999 -9999 -9999 217 203 176 193 167 158 174 186 189 189 189 199 208 173 68 56 -9999 -9999 -9999 -9999 -9999 -9999 -9999 -9999 -9999 -9999 -9999 -9999 -9999 -9999 -9999 -9999 -9999 216 213 202 210 203 190 155 139 144 108 34 1 12 -3 -3 14 23 9 -4 6 -2 -8 3 11 17 16
