resultados/variables/bio9.asc
ncols 330
nrows 228
xllcorner -12.000000
yllcorner 34.000000
cellsize 0.166667
NODATA_value -9999
[rows 42 to 83 of 228, columns 190 to 284 of 330]
-65 -63 -64 -65 -64 -61 -61 -57 -56 -9999 -9999 -9999 -9999 -9999 -9999 -9999 -9999 -9999 -9999 -9999 -9999 -9999 -9999 -9999 -9999 -9999 -9999 -9999 -9999 -9999 -9999 -9999 -50 -9999 -50 -52 -53 -55 -56 -57 -59 -60 -61 -62 -63 -64 -65 -65 -67 -71 -69 -69 -70 -70 -69 -69 -70 -71 -72 -72 -72 -71 -71 -70 -70 -70 -70 -81 -90 -110 -114 -112 -112 -111 -112 -111 -111 -110 -110 -110 -110 -110 -108 -107 -105 -104 -102 -102 -101 -100 -9999 -9999 -9999 -9999 -9999
-65 -64 -64 -63 -61 -58 -57 -55 -53 -9999 -9999 -9999 -9999 -9999 -9999 -9999 -9999 -9999 -9999 -9999 -9999 -9999 -9999 -9999 -9999 -9999 -9999 -9999 -9999 -50 -51 -51 -51 -51 -50 -50 -52 -53 -55 -56 -57 -58 -60 -61 -62 -63 -65 -66 -67 -69 -71 -68 -66 -66 -67 -68 -68 -68 -69 -69 -71 -72 -74 -73 -72 -73 -78 -89 -110 -114 -113 -112 -111 -111 -111 -111 -110 -110 -111 -110 -110 -109 -107 -106 -106 -106 -105 -103 -102 -100 -99 -99 -9999 -9999 -9999
-64 -63 -63 -64 -61 -56 -55 -53 -53 -51 -9999 -9999 -9999 -9999 -9999 -9999 -9999 -9999 -9999 -9999 -9999 -9999 -9999 -9999 -9999 -9999 -9999 -9999 -50 -51 -53 -52 -51 -51 -51 -51 -52 -54 -55 -56 -58 -59 -59 -60 -61 -62 -63 -64 -65 -65 -66 -66 -64 -66 -67 -66 -67 -68 -69 -69 -70 -72 -72 -73 -74 -73 -83 -99 -113 -114 -113 -113 -113 -112 -111 -110 -110 -111 -111 -110 -109 -108 -108 -107 -107 -106 -105 -103 -102 -100 -99 -9999 -9999 -9999 -9999
-61 -62 -62 -62 -57 -57 -56 -53 -51 -49 -49 -9999 -9999 -9999 -9999 -9999 -9999 -9999 -9999 -9999 -9999 -9999 -9999 -9999 -9999 -9999 -9999 -49 -49 -51 -52 -52 -52 -51 -51 -52 -52 -53 -54 -55 -56 -57 -58 -9999 -59 -60 -61 -62 -62 -62 -63 -65 -63 -65 -66 -67 -66 -66 -67 -67 -67 -68 -70 -70 -72 -73 -88 -103 -111 -112 -111 -112 -9999 -112 -112 -111 -111 -111 -110 -109 -108 -108 -107 -106 -106 -106 -9999 -104 -102 -101 -100 -99 -9999 -9999 -9999
-58 -61 -61 -59 -57 -54 -52 -49 -48 -9999 -9999 -9999 -9999 -9999 -9999 -9999 -9999 -9999 -9999 -9999 -9999 -9999 -9999 -9999 -9999 -47 -48 -49 -49 -49 -50 -50 -51 -52 -53 -53 -52 -52 -53 -54 -55 -56 -58 -57 -58 -9999 -9999 -59 -60 -61 -61 -63 -63 -63 -64 -64 -63 -65 -65 -65 -65 -67 -69 -71 -72 -77 -95 -109 -114 -114 -113 -112 -112 -112 -111 -112 -111 -110 -109 -109 -108 -107 -107 -105 -105 -104 -103 -102 -101 -101 -101 -101 -99 -99 -98
-55 -53 -54 -53 -50 -50 -47 -45 -9999 -9999 -9999 -9999 -9999 -9999 -9999 -9999 -9999 -9999 -9999 -9999 -9999 -9999 -9999 -9999 -47 -47 -48 -48 -48 -49 -49 -50 -50 -51 -51 -51 -52 -53 -54 -54 -55 -57 -58 -59 -59 -58 -59 -60 -62 -63 -60 -60 -59 -60 -61 -62 -62 -63 -63 -64 -65 -66 -68 -70 -71 -78 -86 -101 -113 -114 -115 -113 -112 -112 -110 -109 -110 -109 -9999 -109 -108 -107 -106 -106 -105 -104 -103 -101 -102 -104 -105 -104 -101 -100 -100
-50 -50 -49 -47 -46 -44 -38 -9999 -9999 -9999 -9999 -9999 -9999 -9999 -9999 -9999 -9999 -9999 -9999 -9999 -9999 -9999 -45 -46 -47 -47 -48 -49 -49 -49 -48 -49 -48 -50 -51 -51 -51 -52 -52 -53 -54 -56 -56 -56 -58 -58 -57 -58 -58 -58 -60 -62 -60 -60 -61 -61 -62 -64 -65 -66 -67 -65 -67 -69 -69 -72 -82 -105 -111 -113 -114 -112 -112 -111 -110 -109 -110 -109 -108 -107 -105 -105 -105 -104 -103 -103 -102 -101 -101 -102 -104 -104 -102 -101 -101
-48 -45 -44 -42 -9999 -9999 -9999 -9999 -9999 -9999 -9999 -9999 -9999 -9999 -9999 -9999 -9999 -9999 -9999 -9999 -43 -43 -44 -45 -46 -48 -49 -49 -49 -49 -49 -50 -49 -48 -49 -51 -52 -52 -53 -52 -51 -52 -53 -53 -54 -56 -54 -55 -56 -56 -57 -60 -60 -57 -57 -59 -59 -60 -62 -64 -64 -63 -65 -67 -67 -71 -87 -104 -9999 -111 -114 -113 -111 -111 -112 -112 -109 -107 -107 -106 -106 -104 -9999 -104 -104 -103 -102 -101 -9999 -9999 -100 -103 -104 -102 -102
-42 -9999 -9999 -9999 -9999 -9999 -9999 -9999 -9999 -9999 -9999 -9999 -9999 -9999 -9999 -9999 -9999 -40 -40 -41 -42 -43 -43 -44 -45 -47 -48 -49 -49 -50 -49 -49 -49 -49 -49 -51 -51 -9999 -53 -53 -52 -50 -51 -52 -51 -52 -52 -53 -53 -53 -54 -55 -57 -58 -55 -55 -55 -57 -60 -59 -61 -60 -61 -64 -65 -9999 -98 -110 -109 -110 -111 -112 -113 -114 -111 -110 -109 -109 -107 -105 -105 -105 -105 -104 -104 -103 -102 -101 -100 -9999 -9999 -9999 -101 -101 -103
-9999 -9999 -9999 -9999 -9999 -9999 -9999 -9999 -9999 -9999 -9999 -9999 -9999 -9999 -9999 -38 -38 -39 -40 -40 -41 -42 -43 -43 -44 -46 -47 -48 -49 -50 -49 -49 -49 -49 -9999 -48 -48 -51 -50 -49 -49 -49 -51 -52 -53 -50 -51 -52 -50 -50 -51 -52 -52 -54 -55 -56 -54 -9999 -9999 -56 -57 -59 -59 -61 -63 -83 -104 -107 -107 -107 -109 -110 -111 -114 -110 -109 -108 -107 -106 -105 -9999 -103 -9999 -9999 -102 -102 -102 -102 -101 -100 -9999 -99 -99 -99 -100
-9999 -9999 -9999 -9999 -9999 -9999 -9999 -9999 -9999 -9999 -9999 -9999 -9999 -9999 -9999 -9999 -37 -39 -39 -40 -41 -42 -43 -43 -43 -45 -47 -48 -49 -49 -49 -49 -47 -48 -48 -47 -47 -48 -49 -47 -48 -47 -48 -50 -50 -48 -48 -49 -49 -49 -9999 -48 -49 -50 -53 -55 -56 -53 -53 -53 -9999 -9999 -58 -61 -70 -95 -104 -107 -109 -109 -109 -110 -109 -109 -107 -106 -107 -107 -107 -106 -105 -103 -9999 -9999 -9999 -9999 -102 -102 -102 -101 -100 -99 -100 -101 -101
-9999 -9999 -9999 -9999 -9999 -9999 -9999 -9999 -9999 -9999 -9999 -9999 -33 -33 -34 -35 -36 -37 -38 -38 -39 -40 -42 -42 -43 -44 -46 -48 -48 -48 -49 -48 -46 -46 -45 -45 -9999 -45 -46 -48 -46 -45 -46 -47 -48 -46 -45 -43 -9999 -44 -45 -45 -47 -49 -49 -53 -55 -54 -54 -54 -57 -9999 -57 -63 -78 -100 -102 -104 -106 -107 -107 -108 -108 -106 -105 -105 -106 -107 -108 -106 -103 -103 -103 -103 -102 -101 -101 -103 -102 -101 -100 -98 -100 -101 -102
-9999 -9999 -9999 -9999 -9999 -9999 -9999 -9999 -9999 -9999 -9999 -32 -32 -33 -34 -34 -35 -35 -36 -37 -39 -40 -41 -43 -44 -45 -46 -48 -47 -47 -46 -47 -46 -45 -45 -45 -45 -43 -43 -44 -45 -44 -44 -44 -45 -45 -43 -40 -9999 -41 -42 -43 -46 -46 -48 -49 -51 -50 -50 -9999 -53 -56 -56 -57 -82 -99 -9999 -103 -104 -105 -105 -106 -107 -106 -9999 -105 -104 -104 -106 -103 -103 -102 -102 -102 -101 -101 -100 -99 -98 -97 -97 -98 -100 -101 -101
-9999 -9999 -9999 -9999 -9999 -9999 -9999 -9999 -9999 -32 -32 -32 -33 -34 -36 -37 -35 -35 -36 -37 -39 -41 -41 -42 -44 -46 -46 -47 -47 -47 -45 -45 -44 -45 -43 -44 -43 -41 -42 -42 -42 -42 -42 -42 -43 -43 -42 -40 -9999 -39 -40 -42 -44 -44 -45 -47 -46 -9999 -48 -49 -9999 -54 -55 -57 -74 -98 -101 -101 -102 -103 -103 -103 -104 -106 -106 -105 -105 -103 -104 -104 -102 -101 -100 -100 -100 -99 -97 -96 -96 -9999 -9999 -9999 -9999 -96 -97
-9999 -9999 -9999 -9999 -9999 -9999 -9999 -9999 -9999 -30 -30 -32 -33 -35 -38 -37 -35 -36 -37 -38 -39 -40 -41 -41 -43 -44 -44 -45 -45 -46 -46 -46 -45 -43 -42 -42 -41 -42 -41 -40 -41 -9999 -41 -42 -41 -40 -39 -38 -9999 -39 -40 -9999 -42 -43 -43 -45 -46 -45 -47 -48 -49 -51 -54 -60 -87 -99 -101 -101 -101 -102 -102 -102 -103 -104 -103 -102 -102 -102 -102 -101 -100 -100 -98 -97 -9999 -94 -93 -94 -93 -92 -93 -92 -9999 -9999 -9999
-9999 -9999 -9999 -9999 -9999 -9999 -9999 -9999 -9999 -9999 -30 -31 -33 -35 -35 -36 -38 -38 -37 -38 -40 -40 -41 -41 -41 -42 -43 -43 -43 -43 -42 -43 -44 -43 -43 -42 -41 -38 -38 -9999 -39 -39 -41 -40 -39 -39 -38 -9999 -9999 -37 -39 -40 -42 -42 -9999 -44 -45 -45 -9999 -46 -9999 -50 -52 -54 -84 -97 -99 -100 -101 -101 -102 -103 -102 -102 -101 -101 -100 -100 -99 -99 -98 -98 -97 -96 -93 -93 -9999 -96 -93 -91 -92 -93 -94 -93 -94
-9999 -9999 -9999 -9999 -9999 -9999 -9999 -9999 -9999 -9999 -28 -29 -31 -34 -36 -37 -38 -38 -39 -39 -40 -40 -41 -40 -39 -40 -40 -41 -41 -40 -39 -41 -40 -39 -39 -39 -37 -36 -37 -37 -38 -39 -40 -39 -37 -9999 -37 -36 -36 -35 -37 -37 -38 -39 -40 -43 -43 -43 -9999 -45 -47 -48 -51 -52 -77 -95 -97 -98 -100 -101 -101 -101 -101 -100 -99 -98 -97 -97 -98 -98 -98 -98 -97 -97 -93 -93 -91 -92 -94 -91 -9999 -92 -91 -92 -94
-9999 -9999 -9999 -9999 -9999 -9999 -9999 -9999 -9999 -9999 -27 -29 -31 -32 -33 -34 -36 -36 -38 -38 -39 -40 -41 -41 -39 -39 -37 -38 -37 -37 -37 -38 -36 -38 -38 -35 -9999 -35 -37 -38 -37 -37 -37 -37 -36 -36 -36 -37 -36 -35 -36 -36 -36 -9999 -39 -40 -41 -41 -42 -45 -9999 -47 -49 -51 -54 -71 -81 -83 -86 -96 -98 -99 -99 -99 -98 -98 -97 -97 -96 -95 -95 -95 -96 -96 -94 -92 -90 -90 -9999 -90 -9999 -9999 -91 -9999 -9999
-9999 -9999 -9999 -9999 -9999 -9999 -9999 -9999 -9999 -9999 -9999 -27 -28 -29 -31 -32 -34 -35 -36 -36 -37 -39 -40 -39 -38 -37 -9999 -38 -37 -37 -36 -37 -36 -35 -34 -9999 -34 -35 -35 -35 -34 -9999 -34 -35 -35 -35 -35 -35 -35 -34 -35 -36 -37 -37 -9999 -38 -40 -40 -40 -42 -44 -45 -48 -49 -51 -52 -53 -52 -55 -57 -59 -62 -71 -91 -94 -96 -94 -92 -95 -94 -9999 -9999 -94 -94 -94 -91 -88 -88 -91 -89 -9999 -9999 -9999 -90 -9999
-9999 -9999 -9999 -9999 -9999 -9999 -9999 -9999 -9999 -9999 -9999 -25 -26 -27 -28 -30 -31 -33 -34 -35 -34 -35 -37 -37 -9999 -36 -38 -37 -35 -35 -35 -36 -36 -33 -9999 -9999 -33 -34 -34 -9999 -33 -33 -9999 -34 -34 -34 -34 -33 -33 -34 -34 -34 -35 -35 -9999 -9999 -38 -38 -40 -42 -43 -44 -9999 -48 -48 -48 -50 -50 -49 -50 -50 -50 -52 -55 -56 -66 -74 -76 -75 -81 -9999 -90 -90 -90 -92 -93 -94 -92 -90 -9999 -9999 -9999 -9999 -9999 -9999
-9999 -9999 -9999 -9999 -9999 -9999 -9999 -9999 -9999 -9999 -9999 -9999 -24 -26 -26 -28 -9999 -30 -32 -33 -34 -34 -37 -36 -9999 -34 -34 -9999 -33 -9999 -34 -34 -34 -33 -31 -30 -32 -32 -32 -33 -33 -32 -32 -33 -32 -31 -31 -32 -32 -32 -33 -9999 -33 -34 -35 -36 -9999 -38 -38 -39 -41 -42 -44 -44 -44 -9999 -9999 -9999 -9999 -9999 -9999 -47 -48 -49 -48 -48 -49 -48 -49 -57 -63 -81 -91 -92 -96 -98 -96 -95 -95 -90 -9999 -9999 -9999 -9999 -9999
-9999 -9999 -9999 -9999 -9999 -9999 -9999 -9999 -9999 -9999 -9999 -22 -23 -23 -24 -26 -9999 -29 -30 -31 -32 -33 -34 -34 -33 -33 -9999 -32 -32 -33 -32 -32 -32 -31 -29 -30 -30 -31 -32 -32 -32 -31 -31 -32 -31 -30 -30 -30 -31 -30 -9999 -31 -32 -32 -34 -35 -36 -37 -36 -37 -38 -40 -40 -9999 -9999 -9999 -9999 -9999 -9999 -9999 -9999 -9999 -44 -45 -46 -46 -46 -47 -47 -49 -48 -53 -57 -72 -92 -96 -95 -93 -92 -90 -89 -89 -91 -91 -9999
-9999 -9999 -9999 -9999 -9999 -9999 -9999 -9999 -9999 -9999 -9999 -16 -19 -21 -23 -24 -25 -26 -28 -9999 -31 -32 -33 -32 -30 -30 -30 -30 -30 -30 -30 -30 -32 -32 -30 -9999 -30 -9999 -30 -30 -30 -30 -30 -31 -29 -29 -29 -9999 -30 -30 -9999 -9999 -9999 -31 -31 -33 -34 -34 -34 -34 -35 -35 -9999 -9999 -9999 -9999 -9999 -9999 -9999 -9999 -9999 -9999 -9999 -9999 -9999 -43 -42 -43 -43 -44 -45 -46 -48 -48 -61 -75 -92 -91 -91 -89 -87 -87 -88 -89 -90
-9999 -9999 -9999 -9999 -9999 -9999 -9999 -9999 -9999 -9999 -9999 27 23 23 7 -13 -24 -26 -26 -28 -28 -29 -30 -29 -30 -30 -30 -28 -29 -29 -30 -31 -31 -31 -30 -29 -30 -30 -29 -29 -28 -28 -28 -29 -29 -29 -29 -29 -29 -29 -29 -28 -28 -28 -28 -29 -30 -31 -32 -32 -32 -32 -33 -9999 -9999 -9999 -9999 -9999 -9999 -9999 -9999 -9999 -9999 -9999 -9999 -9999 -9999 -40 -40 -41 -41 -42 -45 -45 -44 -47 -67 -82 -88 -88 -86 -81 -9999 -67 -83
-9999 -9999 -9999 -9999 -9999 -9999 -9999 -9999 -9999 -9999 32 33 32 32 32 32 11 -23 -25 -25 -26 -26 -27 -27 -28 -29 -29 -29 -28 -27 -28 -28 -28 -28 -28 -28 -27 -28 -27 -27 -9999 -27 -26 -27 -27 -28 -28 -27 -27 -27 -26 -26 -26 -26 -26 -27 -27 -28 -29 -29 -30 -30 -32 -34 -9999 -9999 -9999 -9999 -9999 -9999 -9999 -9999 -9999 -9999 -9999 -9999 -9999 -9999 -39 -40 -40 -40 -42 -42 -41 -41 -40 -48 -63 -70 -80 -73 -79 -88 -77
-9999 -9999 -9999 -9999 -9999 -9999 -9999 -9999 -9999 -9999 -9999 34 34 34 34 33 32 5 -22 -23 -23 -23 -23 -24 -25 -26 -27 -26 -27 -27 -26 -27 -26 -26 -26 -25 -25 -25 -25 -24 -24 -24 -24 -24 -25 -25 -25 -25 -25 -25 -24 -24 -24 -24 -24 -25 -26 -27 -27 -28 -28 -30 -30 -31 -32 -9999 -9999 -9999 -9999 -9999 -9999 -9999 -9999 -9999 -9999 -9999 -9999 -9999 -9999 -38 -38 -39 -39 -39 -40 -42 -43 -44 -55 -70 -71 -75 -83 -91 -90
-9999 -9999 -9999 -9999 -9999 -9999 -9999 -9999 -9999 33 -9999 -9999 -9999 36 36 36 35 31 -11 -20 -21 -21 -21 -22 -23 -24 -25 -24 -25 -25 -25 -24 -24 -24 -23 -23 -23 -22 -22 -22 -22 -23 -9999 -29 -24 -23 -23 -23 -9999 -23 -23 -22 -9999 -9999 -23 -24 -25 -25 -25 -26 -28 -30 -30 -30 -29 -30 -9999 -9999 -9999 -9999 -9999 -9999 -9999 -9999 -9999 -9999 -9999 -9999 -9999 -9999 -9999 -37 -37 -39 -42 -42 -42 -44 -44 -46 -57 -61 -89 -95 -96
-9999 -9999 -9999 -9999 -9999 -9999 -9999 -9999 -9999 -9999 -9999 -9999 -9999 37 -9999 38 37 37 5 -18 -18 -18 -20 -21 -21 -21 -21 -20 -21 -22 -21 -21 -22 -22 -22 -21 -21 -21 -9999 -21 -9999 -9999 -9999 -9999 -9999 -9999 -9999 -9999 -9999 -9999 -9999 -9999 -9999 -23 -24 -24 -25 -27 -26 -26 -28 -30 -31 -31 -29 -30 -29 -9999 -9999 -9999 -9999 -9999 -9999 -9999 -9999 -9999 -9999 -9999 -36 -36 -36 -36 -37 -38 -39 -40 -40 -41 -43 -46 -56 -75 -91 -95 -96
-9999 -14 -15 -14 -9999 -9999 -9999 -9999 -9999 -9999 -9999 36 -9999 -9999 -9999 -9999 -9999 38 -9999 -9999 -17 -17 -18 -19 -19 -18 -19 -19 -19 -19 -18 -18 -20 -9999 -9999 -9999 -20 -9999 -9999 -9999 -9999 -9999 -9999 -9999 -9999 -9999 -9999 -9999 -9999 -9999 -9999 -9999 -9999 -9999 -9999 -9999 -25 -25 -24 -25 -25 -26 -28 -27 -27 -29 -28 -28 -9999 -9999 -9999 -9999 -9999 -9999 -9999 -9999 -9999 -9999 -36 -36 -36 -36 -36 -38 -40 -41 -41 -42 -45 -51 -62 -78 -95 -95 -95
-9999 -9999 -12 -12 -9999 -9999 -9999 -9999 -9999 -9999 -9999 -9999 -9999 -9999 -9999 -9999 38 37 -1 -9999 -15 -16 -16 -16 -16 -17 -17 -17 -16 -16 -9999 -9999 -9999 -9999 -9999 -9999 -9999 -9999 -9999 -9999 -9999 -9999 -9999 -9999 -9999 -9999 -9999 -9999 -9999 -9999 -9999 -9999 -9999 -9999 -9999 -9999 -9999 -9999 -9999 -9999 -9999 -9999 -21 -22 -23 -25 -27 -28 -9999 -9999 -9999 -32 -33 -38 -34 -33 -34 -34 -35 -36 -36 -36 -36 -38 -39 -40 -42 -43 -42 -47 -73 -87 -93 -93 -93
-9999 -9999 -9999 -9999 -9999 -9999 -9999 35 -9999 -9999 -9999 -9999 -9999 -9999 -9999 -9999 -9999 -9999 -9999 -9999 -9999 -9999 -9999 -9999 -9999 -9999 -9999 -9999 -9999 -9999 -9999 -9999 -9999 -9999 -9999 -9999 -9999 -9999 -9999 -9999 -9999 -9999 -9999 -9999 -9999 -9999 -9999 -9999 -9999 -9999 -9999 -9999 -9999 -9999 -9999 -9999 -21 -21 -22 -22 -9999 -9999 -9999 -19 -20 -23 -26 -27 -9999 -29 -9999 -46 -61 -53 -42 -40 -34 -34 -34 -35 -35 -35 -36 -36 -37 -38 -39 -40 -41 -45 -72 -82 -91 -92 -92
-9999 -9999 -9999 -9999 -9999 -9999 -9999 -9999 -9999 -9999 -9999 -9999 -9999 -9999 -9999 -9999 -9999 -9999 -9999 -9999 -9999 -9999 -9999 -9999 -9999 -9999 -9999 -9999 -9999 -9999 -9999 -9999 -9999 -9999 -9999 -9999 -9999 -9999 -9999 -9999 -9999 -9999 -9999 -9999 -9999 -9999 -9999 -9999 -9999 -9999 -58 -9999 -9999 -26 -22 -22 -24 -25 -25 -25 -25 -23 -23 -22 -22 -23 -25 -29 -36 -54 -73 -74 -75 -75 -69 -71 -48 -39 -33 -34 -34 -34 -35 -35 -36 -38 -39 -41 -42 -44 -64 -73 -89 -89 -90
-9999 -9999 -9999 -9999 -9999 -9999 -9999 -9999 -9999 -9999 -9999 -9999 -9999 -9999 -9999 -9999 -9999 -9999 -9999 -9999 -9999 -9999 -9999 -9999 -9999 -9999 -9999 -9999 -9999 -9999 -9999 -9999 -9999 -9999 -9999 -17 -18 -19 -19 -9999 -9999 -9999 -9999 -9999 -9999 -9999 -9999 -9999 -9999 -9999 -9999 -58 -58 -31 -24 -24 -27 -27 -27 -27 -27 -26 -24 -26 -25 -47 -53 -56 -68 -72 -73 -74 -74 -75 -74 -75 -73 -65 -38 -36 -33 -34 -34 -35 -35 -37 -39 -41 -42 -43 -65 -84 -88 -88 -89
-9999 -9999 -9999 -9999 -9999 -9999 -9999 -9999 -9999 -9999 -9999 -9999 -9999 -9999 -9999 -9999 -9999 -9999 -9999 -9999 -9999 -9999 -9999 -9999 -9999 -9999 -9999 -9999 -15 -15 -15 -16 -16 -17 -18 -19 -20 -21 -21 -21 -33 -56 -57 -57 -9999 -58 -58 -9999 -9999 -9999 -58 -58 -59 -38 -28 -26 -26 -26 -27 -27 -26 -32 -31 -43 -42 -64 -67 -68 -70 -71 -72 -73 -73 -73 -74 -75 -75 -76 -76 -57 -51 -34 -34 -35 -35 -39 -41 -42 -53 -66 -71 -86 -87 -87 -87
-9999 -9999 -9999 -9999 -9999 -9999 -9999 -9999 -9999 -9999 -9999 -9999 -9999 -9999 -9999 -9999 -9999 -9999 -9999 -9999 -9999 -9999 -9999 -9999 -13 -14 -9999 -15 -15 -16 -17 -17 -17 -18 -19 -19 -20 -21 -22 -23 -34 -57 -58 -58 -57 -58 -59 -58 -58 -59 -59 -60 -60 -55 -57 -41 -35 -28 -25 -26 -26 -49 -54 -65 -66 -67 -68 -69 -70 -71 -72 -73 -73 -73 -74 -75 -75 -76 -76 -77 -77 -50 -41 -46 -42 -44 -55 -62 -54 -65 -83 -86 -85 -86 -86
-9999 -9999 -9999 -9999 -9999 -9999 -9999 -9999 -9999 -9999 -9999 -9999 -9999 -9999 -9999 -9999 -9999 -9999 -9999 -9999 -9999 -9999 -9999 -40 -25 -14 -15 -16 -16 -17 -18 -18 -18 -19 -19 -19 -20 -21 -21 -22 -32 -57 -57 -57 -57 -57 -58 -58 -58 -59 -60 -61 -62 -62 -62 -54 -47 -58 -42 -33 -47 -64 -65 -9999 -66 -67 -69 -71 -71 -72 -73 -73 -73 -74 -75 -75 -76 -76 -77 -77 -79 -80 -68 -66 -66 -60 -68 -75 -74 -85 -85 -85 -85 -85 -85
-9999 -9999 -9999 -9999 -9999 -9999 -9999 -9999 -9999 -9999 -9999 -9999 -9999 -9999 -9999 -8 -8 -9 -17 -37 -9999 -9999 -9999 -41 -42 -19 -15 -16 -16 -17 -17 -18 -18 -18 -19 -18 -19 -20 -20 -20 -22 -49 -56 -56 -9999 -9999 -9999 -9999 -58 -60 -61 -62 -63 -63 -63 -63 -61 -63 -63 -64 -64 -64 -65 -66 -67 -68 -69 -71 -72 -73 -73 -73 -73 -74 -74 -75 -76 -76 -76 -77 -78 -80 -82 -82 -75 -82 -74 -79 -84 -84 -84 -84 -84 -84 -84
-9999 -9999 -9999 -9999 -9999 -9999 -9999 -9999 -9999 -9999 -9999 -9999 -9999 -9999 -9999 -9999 -9999 -8 -9999 -9999 -9999 -9999 -9999 -9999 -9999 -36 -14 -15 -16 -17 -18 -18 -17 -18 -18 -18 -18 -19 -19 -19 -20 -51 -56 -55 -56 -9999 -9999 -9999 -9999 -60 -62 -62 -62 -63 -64 -64 -63 -63 -64 -65 -65 -65 -65 -66 -68 -69 -70 -71 -73 -73 -73 -74 -74 -74 -74 -74 -75 -75 -76 -78 -78 -77 -78 -76 -77 -77 -83 -83 -83 -83 -83 -83 -84 -85 -84
-9999 -9999 -9999 -9999 -9999 -9999 -9999 -9999 -9999 -9999 -9999 -9999 -9999 -9999 -9999 -9999 -9999 -14 -9999 -37 -9999 -38 -9999 -40 -42 -42 -20 -15 -16 -17 -17 -17 -16 -16 -17 -17 -17 -17 -17 -17 -26 -53 -55 -56 -57 -9999 -9999 -9999 -9999 -60 -62 -62 -63 -63 -64 -64 -64 -64 -64 -66 -66 -65 -66 -67 -69 -69 -70 -72 -73 -73 -73 -74 -73 -73 -73 -73 -74 -75 -79 -82 -82 -79 -77 -70 -62 -82 -83 -83 -82 -83 -83 -83 -84 -84 -85
-9999 -9999 -9999 -9999 -9999 -9999 -9999 -9999 -9999 -9999 -9999 -9999 -9999 -9999 -5 -6 -7 -14 -36 -36 -9999 -9999 -9999 -9999 -42 -44 -31 -15 -16 -17 -16 -16 -16 -16 -18 -18 -17 -16 -16 -16 -20 -52 -55 -55 -56 -56 -9999 -9999 -59 -60 -60 -62 -64 -65 -66 -67 -67 -64 -64 -65 -65 -66 -66 -67 -68 -69 -70 -71 -71 -9999 -72 -72 -73 -73 -74 -73 -73 -75 -78 -81 -81 -80 -72 -52 -45 -64 -81 -81 -81 -81 -82 -83 -83 -83 -83
-9999 -9999 -9999 -9999 -9999 -9999 -9999 -9999 -9999 -9999 -9999 -9999 -9999 -9999 -5 -5 -5 -16 -9999 -9999 -9999 -9999 -9999 -9999 -9999 -9999 -9999 -9999 -9999 -15 -16 -16 -16 -16 -17 -17 -17 -16 -9999 -17 -27 -55 -55 -56 -56 -56 -57 -58 -58 -59 -60 -64 -67 -68 -68 -68 -68 -66 -65 -65 -65 -66 -66 -66 -67 -67 -69 -69 -9999 -9999 -9999 -9999 -72 -74 -75 -74 -73 -75 -77 -80 -81 -78 -71 -67 -53 -78 -80 -80 -80 -80 -80 -82 -83 -83 -82
-9999 -9999 -9999 -9999 -9999 -9999 -9999 -9999 -9999 -9999 -9999 -9999 -9999 -9999 -9999 -9999 -9999 -9999 -9999 -9999 -9999 -9999 -9999 -9999 -9999 -9999 -9999 -9999 -9999 -15 -16 -16 -17 -17 -17 -18 -18 -16 -16 -18 -28 -58 -58 -57 -57 -57 -57 -57 -9999 -9999 -60 -63 -66 -67 -68 -68 -67 -66 -65 -65 -65 -65 -65 -66 -67 -68 -70 -70 -71 -70 -71 -71 -71 -73 -74 -74 -73 -73 -75 -78 -74 -52 -48 -62 -59 -80 -80 -80 -80 -80 -81 -81 -82 -81 -81
