resultados/variables/bio9.asc
ncols 330
nrows 228
xllcorner -12.000000
yllcorner 34.000000
cellsize 0.166667
NODATA_value -9999
[rows 0 to 41 of 228, columns 190 to 284 of 330]
-9999 -9999 -9999 -9999 -9999 -9999 -9999 -9999 -9999 -9999 -9999 -9999 -9999 -9999 -9999 -9999 -9999 -9999 -9999 -9999 -9999 -9999 -9999 -9999 -9999 -9999 -9999 -9999 -9999 -9999 -9999 -9999 -9999 -9999 -9999 -9999 -9999 -9999 -9999 -9999 -9999 -9999 -9999 -9999 -9999 -9999 -9999 -9999 -9999 -9999 -9999 -9999 -9999 -9999 -9999 -9999 -9999 -9999 -9999 -9999 -9999 -9999 -9999 -9999 -9999 -9999 -9999 -9999 -9999 -9999 -9999 -9999 -9999 -9999 -9999 -9999 -9999 -9999 -9999 -9999 -9999 -9999 -9999 -9999 -9999 -9999 -9999 -9999 -9999 -9999 -9999 -9999 -9999 -9999 -9999
-9999 -9999 -9999 -9999 -9999 -9999 -9999 -9999 -9999 -9999 -9999 -9999 -9999 -9999 -9999 -9999 -9999 -9999 -9999 -9999 -9999 -9999 -9999 -9999 -9999 -9999 -9999 -9999 -9999 -9999 -9999 -9999 -9999 -9999 -9999 -9999 -9999 -9999 -9999 -9999 -9999 -9999 -9999 -9999 -9999 -9999 -9999 -9999 -9999 -9999 -9999 -9999 -9999 -9999 -9999 -9999 -9999 -9999 -9999 -9999 -9999 -9999 -9999 -9999 -9999 -9999 -9999 -9999 -9999 -9999 -9999 -9999 -9999 -9999 -9999 -9999 -9999 -9999 -9999 -9999 -9999 -9999 -9999 -9999 -9999 -9999 -9999 -9999 -9999 -9999 -9999 -9999 -9999 -9999 -9999
-9999 -9999 -9999 -9999 -9999 -9999 -9999 -9999 -9999 -9999 -9999 -9999 -9999 -9999 -9999 -9999 -9999 -9999 -9999 -9999 -9999 -9999 -9999 -9999 -9999 -9999 -9999 -9999 -9999 -9999 -9999 -9999 -9999 -9999 -9999 -9999 -9999 -9999 -9999 -9999 -9999 -9999 -9999 -9999 -9999 -9999 -9999 -9999 -9999 -9999 -9999 -9999 -9999 -9999 -9999 -9999 -9999 -9999 -9999 -9999 -9999 -9999 -9999 -9999 -9999 -9999 -9999 -9999 -9999 -9999 -9999 -9999 -9999 -9999 -9999 -9999 -9999 -9999 -9999 -9999 -9999 -9999 -9999 -9999 -9999 -9999 -9999 -9999 -9999 -9999 -9999 -9999 -9999 -9999 -9999
-9999 -9999 -9999 -9999 -9999 -9999 -9999 -9999 -9999 -9999 -9999 -9999 -9999 -9999 -9999 -9999 -9999 -9999 -9999 -9999 -9999 -9999 -9999 -9999 -9999 -9999 -9999 -9999 -9999 -9999 -9999 -9999 -9999 -9999 -9999 -9999 -9999 -9999 -9999 -9999 -9999 -9999 -9999 -9999 -9999 -9999 -9999 -9999 -9999 -9999 -9999 -9999 -9999 -9999 -9999 -9999 -9999 -9999 -9999 -9999 -9999 -9999 -9999 -9999 -9999 -9999 -9999 -9999 -9999 -9999 -9999 -9999 -9999 -9999 -9999 -9999 -9999 -9999 -9999 -9999 -9999 -9999 -9999 -9999 -9999 -9999 -9999 -9999 -9999 -9999 -9999 -9999 -9999 -9999 -9999
-9999 -9999 -9999 -9999 -9999 -9999 -9999 -9999 -9999 -9999 -9999 -9999 -9999 -9999 -9999 -9999 -9999 -9999 -9999 -9999 -9999 -9999 -9999 -9999 -9999 -9999 -9999 -9999 -9999 -9999 -9999 -9999 -9999 -9999 -9999 -9999 -9999 -9999 -9999 -9999 -9999 -9999 -9999 -9999 -9999 -9999 -9999 -9999 -9999 -9999 -9999 -9999 -9999 -9999 -9999 -9999 -9999 -9999 -9999 -9999 -9999 -9999 -9999 -9999 -9999 -9999 -9999 -9999 -9999 -9999 -9999 -9999 -9999 -9999 -9999 -9999 -9999 -9999 -9999 -9999 -9999 -9999 -9999 -9999 -9999 -9999 -9999 -9999 -9999 -9999 -9999 -9999 -9999 -9999 -9999
-9999 -9999 -9999 -9999 -9999 -9999 -9999 -9999 -9999 -9999 -9999 -9999 -9999 -9999 -9999 -9999 -9999 -9999 -9999 -9999 -9999 -9999 -9999 -9999 -9999 -9999 -9999 -9999 -9999 -9999 20 -9999 -9999 -9999 -9999 -38 -35 -9999 -9999 -9999 -9999 -9999 -9999 -9999 -9999 -9999 -9999 -34 -9999 -9999 -9999 -9999 -9999 -9999 -9999 -9999 -9999 -9999 -9999 -9999 -9999 -9999 -9999 -9999 -9999 -9999 -9999 -9999 -9999 -9999 -9999 -9999 -9999 -9999 -9999 -9999 -9999 -9999 -9999 -9999 -9999 -9999 -9999 -9999 -9999 -9999 -9999 -9999 -9999 -9999 -9999 -9999 -9999 -9999 -9999
-9999 -9999 -9999 -9999 -9999 -9999 -9999 -9999 -9999 -9999 -9999 -9999 -9999 -9999 -9999 -9999 -9999 -9999 -9999 -9999 -9999 -9999 -9999 -9999 -9999 -9999 -9999 -9999 -9999 -9999 -21 -9999 -37 -9999 -34 -9999 -9999 -9999 -9999 -9999 -9999 -66 -9999 -9999 -9999 -9999 -46 -53 -52 -47 -42 -9999 -9999 -9999 -9999 -9999 -9999 -9999 -9999 -9999 -9999 -9999 -9999 -9999 -9999 -9999 -9999 -9999 -9999 -9999 -9999 -9999 -9999 -9999 -9999 -9999 -9999 -9999 -9999 -9999 -9999 -9999 -9999 -9999 -9999 -9999 -9999 -9999 -9999 -9999 -9999 -9999 -9999 -9999 -9999
-9999 -9999 -9999 -9999 -9999 -9999 -9999 -9999 -9999 -9999 -9999 -9999 -9999 -9999 -9999 -9999 -9999 -9999 -9999 -9999 -9999 20 -9999 -9999 -9999 -9999 -9999 -9999 -9999 -9 -42 -46 -45 -40 -36 -34 -9999 -9999 -9999 -84 -82 -9999 -9999 -9999 -9999 -9999 -64 -63 -59 -54 -9999 -9999 -9999 -46 -36 -38 -26 -15 -9999 -9999 -9999 -9999 -9999 -9999 -9999 -9999 -9999 -9999 -9999 -9999 -9999 -9999 -9999 -9999 -9999 -9999 -9999 -9999 -9999 -9999 -9999 -9999 -9999 -9999 -9999 -9999 -9999 -9999 -9999 -9999 -9999 -9999 -9999 -9999 -9999
-9999 -9999 -9999 -9999 -9999 -9999 -9999 -9999 -9999 -9999 -9999 -9999 -9999 -9999 -9999 -9999 -21 -0 10 15 -9999 -9999 -9999 -9999 16 14 -9999 -17 -48 -39 -38 -40 -42 -9999 -9999 -9999 -9999 -9999 -83 -83 -84 -9999 -9999 -9999 -67 -65 -65 -67 -64 -64 -9999 -9999 -9999 -61 -59 -57 -29 -33 -29 -22 -17 -18 3 -9999 -9999 -9999 -9999 -9999 -9999 -9999 -9999 -9999 -9999 -9999 -9999 -9999 -9999 -9999 -9999 -9999 -9999 -9999 -9999 -9999 -9999 -9999 -9999 -9999 -9999 -9999 -9999 -9999 -9999 -9999 -9999
-9999 -9999 -9999 -9999 -9999 -9999 -9999 -9999 -9999 -9999 -9999 -9999 -9999 -9999 -9999 -9999 -9999 -9999 -9999 -9999 -46 -9999 -32 -9999 -26 -29 -45 -43 -42 -42 -42 -40 -9999 -9999 -9999 -9999 -83 -84 -89 -89 -80 -9999 -9999 -72 -73 -74 -73 -70 -61 -56 -50 -9999 -54 -55 -59 -60 -56 -46 -40 -41 -26 -22 -20 -21 -19 -15 -12 -9999 -9999 -9999 -9999 -9999 -9999 -9999 -9999 -9999 -9999 -9999 -9999 -9999 -9999 -9999 -9999 -9999 -9999 -9999 -9999 -9999 -9999 -9999 -9999 -9999 -9999 -9999 -9999
-9999 -9999 -9999 -9999 -9999 -9999 -9999 -9999 -9999 -9999 -9999 -9999 -9999 -46 -9999 -9999 -9999 -9999 -9999 -9999 -9999 -9999 -9999 -45 -50 -48 -43 -45 -47 -46 -43 -36 -9999 -9999 -9999 -94 -100 -94 -92 -88 -90 -86 -81 -78 -77 -75 -73 -67 -62 -58 -54 -55 -54 -56 -58 -56 -52 -49 -54 -48 -36 -26 -17 -13 -11 -9999 -9999 -9999 -9999 -9999 -9999 -9999 -9999 -9999 -9999 -9999 -9999 -9999 -9999 -9999 -9999 -9999 -9999 -9999 -9999 -9999 -9999 -9999 -9999 -9999 -9999 -9999 -9999 -9999 -9999
25 25 -9999 -9999 -28 -28 -32 -9999 -9999 -9999 -9999 -9999 -48 -9999 -47 -42 -43 -9999 -9999 -38 -9999 -37 -41 -44 -51 -54 -47 -44 -55 -70 -77 -9999 -9999 -100 -111 -109 -105 -110 -105 -110 -104 -95 -89 -85 -81 -75 -68 -65 -62 -60 -57 -58 -55 -53 -9999 -9999 -9999 -9999 -9999 -9999 -16 -11 -9999 -9999 -9999 -9999 -9999 -9999 -9999 -9999 -9999 -9999 -9999 -9999 -9999 -9999 -9999 -9999 -9999 -9999 -9999 -9999 -9999 -9999 -9999 -9999 -9999 -9999 -9999 -9999 -9999 -9999 -9999 -9999 -9999
26 -9999 -9999 -32 -9999 -9999 -9999 -9999 -9999 -9999 -37 -9999 -9999 -9999 -41 -50 -55 -58 -54 -48 -35 -30 -33 -42 -48 -51 -49 -55 -106 -119 -117 -95 -93 -104 -110 -107 -111 -114 -108 -101 -91 -91 -85 -81 -79 -77 -75 -75 -71 -63 -61 -66 -66 -64 -62 -9999 -61 -56 -51 -9999 -9999 -9999 -9999 -9999 -9999 -9999 -9999 -9999 -9999 -9999 -9999 -9999 -9999 -9999 -16 -9999 -9999 -9999 -9999 -9999 -9999 -9999 -9999 -9999 -9999 -9999 -9999 -9999 -9999 -9999 -9999 -9999 -9999 -9999 -9999
-9999 -9999 -40 -35 -9999 -40 -34 -42 -25 -34 -56 -57 -46 -42 -9999 -44 -53 -57 -53 -54 -48 -44 -46 -49 -48 -59 -82 -93 -108 -112 -109 -101 -98 -99 -101 -102 -102 -98 -97 -95 -97 -93 -88 -81 -81 -82 -79 -78 -79 -73 -70 -67 -66 -66 -60 -56 -56 -52 -50 -49 -9999 -9999 -9999 -14 -9999 -17 -18 -15 -19 -9999 -9999 -9999 -17 -24 -22 -46 -56 -58 -60 -60 -9999 -9999 -9999 -9999 -9999 -9999 -9999 -9999 -9999 -9999 -9999 -9999 -9999 -9999 -9999
-9999 -34 -9999 -9999 -9999 -34 -50 -57 -52 -36 -52 -77 -74 -106 -108 -97 -79 -87 -95 -104 -100 -84 -69 -79 -85 -107 -104 -105 -105 -107 -109 -107 -103 -103 -103 -103 -99 -97 -100 -101 -101 -94 -90 -87 -82 -81 -81 -81 -78 -75 -71 -67 -64 -61 -58 -57 -55 -54 -55 -56 -54 -45 -25 -11 -15 -19 -22 -17 -14 -9999 -20 -21 -22 -27 -9999 -9999 -9999 -9999 -9999 -9999 -9999 -9999 -9999 -9999 -9999 -9999 -9999 -9999 -9999 -9999 -9999 -9999 -9999 -9999 -9999
-39 -48 -35 -9999 -52 -49 -65 -54 -63 -63 -73 -70 -78 -103 -110 -113 -107 -103 -108 -113 -106 -105 -104 -101 -104 -106 -104 -102 -104 -104 -105 -103 -101 -102 -103 -103 -99 -100 -100 -100 -99 -94 -92 -90 -87 -84 -82 -79 -9999 -9999 -72 -68 -65 -63 -9999 -62 -62 -60 -57 -53 -50 -49 -45 -46 -54 -45 -29 -15 -13 -22 -22 -28 -45 -56 -60 -9999 -59 -62 -62 -62 -9999 -9999 -9999 -9999 -9999 -9999 -9999 -9999 -9999 -9999 -9999 -9999 -9999 -9999 -9999
-33 -9999 -45 -53 -46 -49 -67 -105 -107 -113 -112 -108 -106 -99 -101 -105 -104 -102 -101 -107 -106 -105 -103 -100 -102 -104 -107 -106 -105 -105 -102 -103 -105 -106 -106 -102 -101 -103 -104 -101 -98 -96 -92 -88 -85 -84 -82 -80 -77 -74 -9999 -68 -66 -66 -66 -63 -60 -56 -58 -56 -61 -58 -58 -59 -61 -59 -56 -50 -42 -50 -62 -63 -63 -62 -60 -63 -64 -63 -62 -63 -64 -9999 -9999 -9999 -66 -70 -72 -71 -70 -9999 -9999 -9999 -9999 -9999 -9999
-42 -51 -50 -48 -52 -69 -46 -97 -106 -108 -102 -100 -101 -102 -101 -101 -102 -103 -101 -99 -99 -100 -103 -105 -103 -106 -105 -104 -104 -104 -104 -107 -106 -105 -103 -101 -99 -102 -103 -102 -100 -97 -95 -90 -86 -85 -82 -79 -9999 -9999 -9999 -70 -69 -68 -68 -63 -60 -59 -61 -64 -64 -61 -60 -60 -59 -61 -63 -64 -66 -65 -63 -62 -63 -65 -65 -64 -64 -69 -69 -67 -64 -9999 -9999 -65 -68 -71 -74 -76 -74 -74 -74 -73 -72 -72 -73
-31 -50 -68 -61 -72 -80 -89 -86 -95 -100 -103 -103 -102 -100 -98 -98 -101 -103 -101 -99 -99 -102 -105 -107 -108 -107 -106 -105 -106 -106 -106 -105 -105 -104 -102 -100 -98 -98 -98 -95 -93 -91 -89 -90 -9999 -86 -9999 -81 -9999 -77 -9999 -73 -72 -70 -69 -66 -65 -65 -66 -65 -63 -62 -64 -62 -61 -63 -63 -65 -64 -64 -64 -67 -68 -66 -69 -70 -69 -67 -68 -67 -65 -69 -71 -71 -71 -73 -75 -75 -75 -75 -75 -77 -76 -75 -73
-35 -64 -85 -96 -93 -95 -97 -100 -98 -94 -94 -100 -104 -103 -102 -99 -102 -104 -105 -103 -103 -101 -103 -104 -106 -107 -108 -108 -109 -109 -107 -106 -104 -103 -102 -101 -106 -102 -100 -96 -95 -97 -96 -95 -92 -91 -89 -84 -83 -80 -80 -79 -79 -76 -74 -71 -69 -67 -66 -66 -64 -65 -63 -62 -60 -61 -60 -61 -62 -61 -64 -67 -65 -64 -67 -67 -69 -68 -67 -69 -68 -72 -74 -73 -75 -77 -77 -76 -77 -79 -79 -78 -76 -74 -74
-68 -78 -91 -92 -93 -92 -93 -94 -96 -98 -100 -98 -95 -96 -98 -96 -99 -104 -102 -101 -102 -101 -101 -102 -107 -104 -104 -106 -105 -106 -106 -106 -103 -102 -103 -102 -102 -104 -102 -101 -101 -100 -100 -97 -96 -92 -91 -89 -89 -84 -83 -82 -81 -74 -73 -70 -70 -68 -66 -65 -66 -64 -65 -66 -64 -62 -63 -62 -9999 -9999 -9999 -63 -64 -66 -66 -72 -75 -76 -75 -75 -72 -71 -75 -77 -74 -76 -78 -79 -78 -81 -82 -78 -76 -76 -9999
-76 -82 -85 -88 -91 -94 -94 -92 -92 -95 -95 -95 -98 -97 -94 -95 -120 -116 -110 -98 -98 -97 -98 -98 -99 -98 -99 -99 -101 -101 -102 -103 -103 -102 -100 -100 -100 -98 -98 -98 -97 -97 -97 -96 -97 -96 -97 -95 -90 -86 -84 -80 -80 -80 -77 -77 -76 -73 -71 -69 -71 -76 -72 -72 -68 -67 -70 -9999 -9999 -68 -66 -65 -69 -73 -72 -74 -81 -78 -77 -75 -78 -73 -74 -77 -81 -84 -82 -80 -83 -97 -103 -105 -99 -92 -94
-9999 -9999 -74 -82 -89 -90 -92 -94 -95 -94 -92 -93 -95 -95 -97 -101 -126 -135 -134 -98 -95 -96 -97 -98 -104 -101 -97 -99 -100 -100 -100 -99 -101 -100 -100 -100 -99 -98 -97 -97 -97 -96 -96 -96 -96 -96 -96 -96 -93 -92 -94 -92 -93 -88 -82 -83 -79 -74 -73 -71 -73 -69 -68 -69 -67 -65 -70 -80 -78 -75 -78 -74 -76 -79 -81 -79 -83 -79 -81 -80 -76 -75 -77 -78 -82 -84 -84 -85 -96 -106 -107 -106 -105 -103 -105
-80 -79 -79 -78 -79 -84 -86 -89 -91 -94 -92 -90 -91 -94 -97 -102 -123 -136 -121 -99 -95 -94 -94 -93 -95 -98 -102 -95 -95 -94 -94 -95 -95 -95 -96 -97 -97 -96 -95 -95 -95 -9999 -9999 -94 -94 -94 -9999 -92 -90 -89 -87 -86 -86 -85 -82 -81 -80 -78 -75 -73 -71 -71 -71 -68 -67 -68 -69 -70 -72 -81 -85 -88 -84 -85 -83 -84 -93 -82 -78 -79 -79 -77 -78 -80 -81 -81 -88 -100 -109 -109 -108 -106 -104 -9999 -105
-83 -82 -81 -81 -78 -82 -81 -84 -85 -85 -89 -91 -93 -93 -92 -95 -119 -126 -114 -101 -95 -93 -91 -91 -93 -95 -9999 -97 -96 -93 -91 -91 -91 -91 -92 -93 -97 -98 -97 -97 -96 -94 -92 -93 -94 -93 -9999 -9999 -9999 -89 -88 -86 -86 -85 -82 -80 -80 -80 -79 -76 -75 -74 -71 -70 -73 -74 -74 -75 -81 -79 -80 -83 -87 -89 -90 -85 -103 -94 -86 -79 -78 -9999 -81 -83 -91 -97 -98 -104 -113 -121 -119 -116 -105 -103 -105
-86 -82 -82 -83 -86 -85 -84 -82 -84 -82 -83 -85 -87 -90 -91 -91 -105 -110 -93 -94 -92 -91 -90 -91 -92 -94 -94 -95 -93 -91 -90 -90 -90 -90 -91 -92 -94 -94 -94 -94 -92 -90 -89 -90 -90 -90 -90 -89 -89 -89 -90 -86 -84 -83 -80 -81 -81 -80 -82 -83 -82 -78 -73 -72 -71 -73 -78 -76 -76 -78 -79 -84 -83 -82 -81 -83 -100 -89 -84 -79 -78 -90 -112 -113 -129 -119 -113 -9999 -114 -128 -122 -114 -9999 -105 -105
-85 -83 -85 -85 -88 -90 -87 -85 -86 -88 -87 -87 -88 -88 -87 -87 -90 -89 -90 -92 -93 -91 -88 -88 -91 -90 -91 -93 -90 -91 -90 -87 -87 -89 -89 -89 -90 -90 -90 -90 -88 -88 -87 -88 -87 -88 -87 -87 -88 -87 -87 -85 -83 -80 -80 -80 -81 -81 -83 -85 -84 -83 -82 -81 -80 -79 -78 -77 -77 -78 -79 -9999 -79 -9999 -81 -83 -84 -82 -81 -9999 -79 -79 -86 -94 -108 -116 -109 -104 -9999 -9999 -107 -107 -106 -107 -108
-84 -86 -87 -89 -100 -97 -89 -88 -87 -87 -87 -88 -89 -88 -87 -84 -85 -85 -86 -87 -87 -85 -85 -85 -85 -87 -88 -87 -88 -87 -86 -86 -87 -88 -88 -87 -89 -89 -88 -89 -88 -85 -86 -86 -88 -87 -85 -84 -84 -85 -83 -81 -82 -82 -85 -84 -83 -83 -83 -86 -85 -82 -82 -85 -86 -80 -79 -82 -85 -90 -89 -84 -86 -84 -83 -84 -84 -9999 -85 -85 -81 -81 -81 -79 -78 -77 -83 -105 -109 -110 -109 -109 -106 -105 -107
-81 -82 -84 -85 -88 -90 -93 -91 -89 -88 -85 -86 -91 -89 -86 -84 -83 -83 -83 -84 -84 -84 -84 -83 -83 -84 -85 -87 -88 -86 -85 -84 -86 -86 -86 -85 -86 -86 -87 -89 -87 -86 -85 -84 -86 -83 -82 -81 -83 -82 -81 -80 -80 -81 -81 -82 -83 -80 -82 -81 -82 -81 -82 -83 -87 -89 -86 -88 -90 -92 -90 -88 -86 -86 -86 -84 -85 -89 -88 -89 -89 -84 -79 -78 -76 -76 -78 -95 -104 -108 -108 -106 -106 -105 -105
-79 -82 -85 -85 -85 -89 -84 -84 -82 -82 -83 -83 -83 -84 -87 -83 -83 -81 -82 -84 -86 -85 -84 -82 -82 -81 -83 -84 -84 -83 -83 -82 -81 -83 -85 -83 -83 -84 -86 -85 -83 -84 -86 -87 -85 -82 -81 -80 -80 -81 -82 -85 -82 -79 -78 -78 -79 -80 -80 -83 -81 -81 -82 -82 -82 -84 -84 -85 -83 -90 -92 -90 -84 -81 -80 -9999 -9999 -9999 -9999 -9999 -84 -82 -9999 -74 -75 -73 -72 -83 -93 -106 -106 -107 -104 -103 -102
-79 -84 -82 -84 -86 -84 -85 -86 -86 -83 -80 -78 -79 -79 -82 -83 -82 -80 -79 -80 -81 -84 -82 -80 -77 -76 -81 -82 -81 -82 -82 -80 -81 -80 -79 -80 -82 -84 -82 -82 -82 -84 -84 -83 -84 -82 -79 -80 -80 -80 -80 -80 -79 -78 -78 -78 -81 -81 -81 -81 -84 -85 -83 -77 -76 -78 -77 -77 -81 -79 -81 -81 -80 -81 -80 -9999 -9999 -9999 -9999 -9999 -88 -83 -77 -74 -74 -73 -71 -74 -84 -97 -103 -103 -102 -102 -102
-78 -77 -77 -79 -83 -85 -84 -83 -84 -86 -85 -82 -80 -78 -77 -78 -81 -80 -77 -79 -79 -81 -83 -80 -77 -74 -80 -79 -77 -78 -78 -79 -81 -79 -76 -77 -78 -80 -79 -78 -80 -81 -81 -83 -83 -80 -78 -78 -79 -79 -77 -79 -81 -82 -82 -82 -82 -85 -84 -86 -84 -83 -80 -77 -75 -74 -76 -75 -78 -82 -77 -9999 -9999 -77 -9999 -79 -81 -80 -9999 -9999 -9999 -9999 -9999 -9999 -9999 -71 -69 -69 -72 -81 -93 -99 -101 -101 -102
-77 -77 -78 -78 -74 -80 -81 -81 -82 -84 -86 -85 -83 -80 -78 -75 -75 -77 -75 -77 -79 -78 -78 -78 -75 -74 -77 -76 -74 -75 -75 -77 -77 -76 -75 -75 -75 -75 -74 -76 -77 -77 -78 -79 -78 -77 -9999 -79 -78 -77 -77 -80 -81 -81 -81 -81 -80 -80 -83 -84 -82 -82 -83 -81 -78 -75 -75 -75 -76 -77 -81 -80 -79 -78 -78 -78 -79 -80 -77 -9999 -9999 -9999 -9999 -9999 -9999 -9999 -9999 -9999 -69 -74 -9999 -9999 -94 -98 -100
-81 -82 -80 -77 -74 -71 -73 -76 -78 -79 -79 -81 -78 -82 -82 -76 -73 -73 -73 -72 -75 -77 -76 -73 -73 -74 -73 -73 -73 -74 -75 -75 -74 -73 -71 -73 -75 -73 -72 -73 -74 -75 -76 -78 -78 -76 -78 -82 -82 -80 -79 -79 -80 -82 -81 -79 -78 -79 -79 -81 -80 -82 -84 -84 -79 -76 -9999 -74 -79 -79 -80 -81 -80 -79 -79 -79 -78 -78 -77 -77 -74 -74 -72 -9999 -9999 -9999 -9999 -9999 -9999 -9999 -9999 -9999 -9999 -9999 -95
-83 -83 -82 -77 -74 -74 -70 -70 -73 -74 -73 -74 -71 -74 -77 -78 -75 -75 -72 -71 -74 -74 -73 -71 -71 -70 -71 -72 -72 -71 -70 -69 -70 -68 -70 -71 -72 -72 -74 -75 -75 -77 -76 -74 -76 -76 -78 -81 -81 -79 -9999 -79 -81 -81 -78 -77 -79 -81 -79 -78 -79 -82 -83 -82 -80 -78 -76 -76 -9999 -79 -81 -80 -9999 -9999 -81 -81 -80 -79 -77 -75 -75 -73 -72 -72 -9999 -9999 -9999 -9999 -9999 -9999 -9999 -9999 -9999 -9999 -9999
-77 -75 -77 -77 -77 -76 -71 -67 -71 -72 -72 -70 -68 -70 -71 -73 -72 -70 -69 -70 -71 -70 -69 -69 -68 -9999 -44 -63 -67 -66 -66 -66 -66 -67 -68 -70 -71 -71 -72 -72 -72 -73 -75 -74 -75 -75 -77 -78 -80 -80 -78 -79 -78 -77 -78 -79 -80 -81 -81 -79 -81 -81 -81 -82 -82 -77 -9999 -75 -9999 -78 -79 -80 -80 -80 -81 -80 -79 -79 -77 -77 -76 -75 -79 -85 -90 -95 -90 -9999 -9999 -9999 -9999 -9999 -9999 -9999 -9999
-74 -73 -69 -70 -72 -74 -74 -72 -71 -66 -67 -67 -66 -68 -67 -67 -66 -66 -67 -66 -66 -66 -65 -66 -54 -48 -8 -13 -64 -63 -64 -64 -66 -66 -66 -67 -68 -69 -70 -69 -71 -71 -72 -74 -72 -73 -74 -75 -78 -78 -77 -76 -77 -78 -79 -79 -79 -9999 -79 -79 -79 -80 -80 -82 -81 -81 -80 -77 -75 -9999 -76 -78 -78 -79 -80 -80 -79 -78 -77 -77 -83 -96 -105 -107 -107 -106 -103 -101 -92 -9999 -9999 -9999 -9999 -9999 -9999
-76 -75 -76 -73 -72 -65 -69 -66 -66 -67 -67 -65 -9999 -64 -64 -65 -9999 -9999 -9999 -9999 -63 -9999 -9999 -9999 -9999 -9999 -9999 -9999 -9999 -61 -61 -61 -62 -62 -64 -64 -66 -67 -67 -68 -69 -69 -70 -71 -69 -70 -71 -76 -76 -78 -78 -77 -75 -75 -76 -77 -77 -77 -78 -79 -80 -80 -79 -80 -78 -78 -78 -78 -76 -76 -77 -9999 -9999 -9999 -77 -77 -86 -91 -87 -101 -111 -110 -109 -107 -106 -105 -102 -101 -98 -94 -9999 -9999 -9999 -9999 -9999
-75 -9999 -79 -77 -74 -71 -69 -66 -65 -63 -65 -63 -62 -62 -63 -9999 -9999 -9999 -9999 -9999 -9999 -9999 -9999 -9999 -9999 -9999 -9999 -9999 -9999 -9999 -9999 -9999 -9999 -59 -61 -62 -63 -64 -64 -65 -66 -67 -68 -68 -67 -68 -70 -71 -74 -73 -74 -73 -74 -75 -75 -75 -75 -77 -77 -76 -77 -77 -78 -77 -76 -76 -77 -78 -78 -78 -78 -78 -80 -87 -96 -96 -106 -115 -113 -9999 -111 -110 -108 -107 -106 -104 -102 -101 -99 -9999 -9999 -9999 -9999 -9999 -9999
-74 -74 -75 -74 -75 -74 -72 -68 -63 -60 -61 -9999 -60 -61 -9999 -9999 -9999 -9999 -9999 -9999 -9999 -9999 -9999 -9999 -9999 -9999 -9999 -9999 -9999 -9999 -9999 -9999 -9999 -9999 -57 -59 -60 -61 -62 -63 -64 -64 -65 -66 -67 -67 -68 -70 -70 -70 -73 -73 -74 -74 -74 -75 -75 -75 -74 -74 -75 -76 -76 -75 -74 -74 -75 -77 -77 -78 -80 -88 -111 -115 -116 -115 -115 -114 -113 -112 -111 -109 -108 -107 -105 -104 -102 -100 -99 -9999 -9999 -9999 -9999 -9999 -9999
-72 -71 -71 -70 -71 -70 -70 -68 -65 -60 -58 -9999 -9999 -9999 -9999 -9999 -9999 -9999 -9999 -9999 -9999 -9999 -9999 -9999 -9999 -9999 -9999 -9999 -9999 -9999 -9999 -9999 -9999 -9999 -55 -56 -57 -59 -61 -62 -63 -63 -63 -64 -64 -65 -67 -68 -69 -68 -69 -72 -72 -73 -74 -74 -73 -73 -72 -73 -74 -75 -73 -72 -72 -72 -73 -73 -73 -81 -96 -99 -115 -116 -115 -114 -114 -113 -112 -111 -111 -110 -108 -107 -106 -104 -103 -102 -9999 -9999 -9999 -9999 -9999 -9999 -9999
-66 -68 -69 -69 -67 -68 -65 -62 -59 -58 -57 -9999 -9999 -9999 -9999 -9999 -9999 -9999 -9999 -9999 -9999 -9999 -9999 -9999 -9999 -9999 -9999 -9999 -9999 -9999 -9999 -9999 -9999 -9999 -53 -55 -56 -57 -58 -60 -60 -61 -62 -63 -64 -64 -66 -67 -67 -71 -67 -68 -70 -72 -72 -72 -9999 -72 -73 -74 -74 -74 -73 -71 -70 -70 -9999 -72 -76 -85 -96 -9999 -113 -113 -112 -112 -112 -111 -111 -110 -109 -109 -108 -107 -106 -105 -103 -101 -101 -9999 -9999 -9999 -9999 -9999 -9999
