resultados/variables/diversidad_topo.asc
ncols 330
nrows 228
xllcorner -12.000000
yllcorner 34.000000
cellsize 0.166667
NODATA_value -9999
[rows 104 to 155 of 228, columns 192 to 287 of 330]
-9999 23 12 8 13 13 11 8 10 12 9 13 12 12 15 22 46 28 20 11 15 11 11 23 20 15 38 20 17 11 11 24 28 38 29 40 22 11 9 6 8 14 17 15 10 14 10 20 24 18 7 21 17 13 8 10 11 17 21 13 12 14 15 14 17 18 10 12 15 16 13 14 10 16 22 17 15 12 12 11 16 12 11 11 16 13 9 15 15 19 16 11 16 21 13 28
19 21 39 38 23 16 11 13 11 13 30 19 17 31 32 23 -9999 40 33 16 13 22 13 19 26 18 10 10 12 12 9 13 17 16 23 26 30 42 41 13 7 8 14 15 15 18 21 24 26 19 19 13 10 10 7 7 10 14 11 12 14 17 18 11 11 9 10 8 11 12 14 11 9 13 14 8 16 8 8 9 12 14 17 15 12 11 14 11 13 15 18 19 15 14 15 15
19 18 21 19 18 15 8 9 13 21 13 23 25 38 25 18 21 29 18 15 21 18 20 22 22 11 11 12 20 11 13 13 12 24 31 21 34 33 46 35 25 30 42 19 21 39 37 27 20 13 15 16 12 10 11 9 7 9 12 15 11 18 12 9 7 9 13 9 8 17 11 7 9 10 5 7 14 13 13 13 13 13 15 11 11 12 12 11 13 18 16 14 13 20 21 28
26 16 16 21 20 28 26 28 20 9 13 12 23 19 21 14 16 16 16 9 8 11 9 13 15 15 10 8 16 11 11 14 15 14 10 11 14 16 29 41 21 22 23 24 19 26 22 24 15 8 9 9 11 11 8 10 8 13 14 11 10 11 18 10 14 8 15 15 9 13 17 19 14 16 16 14 14 14 19 16 17 15 13 12 9 11 12 15 15 18 25 21 18 19 25 33
18 24 22 19 14 18 21 18 20 16 12 13 19 11 13 12 12 13 9 8 10 8 14 16 7 7 6 7 10 11 9 14 15 10 12 10 6 6 7 13 20 38 33 23 19 13 17 -9999 14 14 8 11 9 11 9 9 7 11 12 10 10 14 19 9 11 14 14 12 13 13 19 15 13 17 21 18 13 22 10 16 16 15 18 13 11 11 14 12 18 17 24 26 28 29 33 30
19 19 18 18 16 11 12 13 15 11 -9999 9 10 16 8 7 10 8 10 10 10 23 27 18 9 9 9 10 9 15 10 8 7 15 30 39 9 8 17 13 18 38 32 34 17 13 12 6 12 10 10 8 11 11 8 8 7 7 12 9 11 14 11 8 8 13 15 9 8 8 14 12 15 11 8 9 12 17 13 17 21 19 15 14 10 10 18 11 11 16 15 22 15 26 21 22
27 13 17 11 11 13 14 11 10 10 -9999 16 22 17 10 6 5 9 15 18 18 16 31 27 11 4 12 15 19 19 7 15 11 17 32 33 25 14 10 15 11 12 12 10 9 7 9 5 6 7 6 7 7 11 5 6 8 7 11 9 8 11 11 10 11 11 13 12 13 16 19 9 10 9 9 8 8 15 14 12 22 20 12 13 8 11 21 17 13 9 15 18 19 24 15 21
17 14 16 19 8 7 8 7 8 8 9 13 15 19 15 7 20 20 12 15 14 17 23 20 11 12 7 6 7 7 7 18 28 25 21 19 28 18 16 10 14 17 12 9 9 9 11 4 6 8 9 9 11 11 10 8 8 9 10 11 7 11 11 7 9 11 13 13 11 8 9 9 11 9 9 6 5 12 11 8 9 15 24 18 16 17 20 10 8 11 13 21 12 17 16 19
15 13 15 15 23 7 5 8 7 8 9 13 23 16 19 5 13 15 24 17 18 16 19 23 20 22 26 25 15 24 14 15 20 16 14 13 10 12 11 11 11 12 23 21 11 9 8 10 8 7 6 7 8 8 10 13 10 8 8 10 8 12 12 7 8 15 13 7 5 8 9 9 9 9 10 13 12 16 11 8 9 13 12 10 17 24 17 11 11 9 11 12 15 12 17 13
20 18 13 11 14 15 12 10 8 6 6 9 21 13 23 12 13 9 10 9 13 14 16 15 12 15 21 14 25 27 12 21 25 10 12 9 10 8 9 14 14 19 17 13 9 4 6 12 10 7 9 9 9 10 10 10 7 4 6 6 12 10 10 8 6 14 7 9 10 8 8 9 8 10 14 20 14 11 4 11 8 13 13 11 21 10 8 9 13 18 18 18 19 16 17 17
10 8 16 12 16 6 9 10 10 9 8 8 14 5 7 6 10 16 9 9 10 13 11 10 9 18 12 10 14 19 7 8 19 20 18 9 10 11 13 16 13 8 6 4 7 7 9 9 10 14 13 9 8 8 10 7 8 6 8 8 11 6 4 8 9 12 10 11 10 10 10 10 12 19 19 9 7 10 13 13 16 13 12 19 13 17 16 18 21 26 23 17 20 23 19 20
9 6 7 11 13 9 10 11 13 13 10 15 7 8 9 10 11 9 10 9 10 10 10 8 8 9 11 10 12 10 9 10 7 5 3 4 3 3 6 11 8 6 7 7 7 8 7 7 6 6 7 6 7 7 7 7 7 7 8 7 6 9 5 9 9 9 13 11 10 9 9 11 14 13 12 15 13 10 16 20 12 9 16 13 17 21 18 20 17 20 19 17 21 21 21 27
10 10 13 10 15 11 12 11 13 9 8 14 17 12 11 10 11 15 13 13 10 9 10 15 11 7 7 6 5 4 10 6 4 7 6 4 3 4 7 5 4 5 4 3 5 6 5 7 11 12 5 5 7 7 7 6 7 7 7 8 10 12 8 5 7 5 9 11 11 10 11 14 11 12 15 15 12 14 15 11 16 23 22 15 15 12 17 23 20 23 26 21 19 27 26 21
22 25 23 14 11 7 8 5 7 13 22 16 15 13 15 14 17 20 15 10 10 8 11 13 12 11 6 7 5 4 4 2 1 1 6 8 8 9 6 5 4 4 2 5 6 11 3 -9999 8 9 8 9 10 7 7 9 10 9 3 9 13 11 9 10 8 9 10 12 11 11 13 11 8 7 14 13 8 8 13 19 17 11 7 10 12 15 16 14 13 16 21 17 22 12 16 16
7 8 8 7 6 10 8 7 10 12 13 16 14 12 10 12 13 13 18 14 15 11 11 11 6 3 2 3 4 4 5 6 8 7 12 10 6 5 7 5 7 5 5 5 8 5 8 7 11 8 6 8 7 4 8 8 7 6 6 6 7 4 5 7 9 8 11 7 4 8 12 11 11 11 11 9 12 11 10 18 9 7 10 9 13 15 18 20 15 15 18 26 28 22 18 12
11 11 16 23 22 9 12 9 13 13 14 15 12 11 6 6 8 7 6 10 9 7 4 6 5 5 2 2 1 1 3 3 5 6 9 8 6 2 2 2 2 3 3 2 1 1 3 5 5 9 8 9 15 22 18 27 8 9 6 7 6 7 4 6 8 10 10 9 7 8 10 12 10 13 13 13 11 11 12 22 8 10 13 14 15 14 14 13 11 16 21 15 15 19 20 19
21 17 16 15 14 11 8 13 19 11 15 12 6 9 5 6 5 6 6 6 7 7 9 9 7 4 3 3 3 3 3 3 3 3 3 2 3 3 8 8 7 7 3 3 4 4 10 14 11 10 7 11 9 8 8 11 23 15 6 8 7 6 7 7 12 10 13 12 9 9 11 8 8 10 10 12 12 11 29 22 13 15 16 15 12 10 11 14 16 24 11 16 19 20 21 21
16 15 9 12 13 11 12 16 -9999 17 14 11 8 9 7 8 9 7 5 6 6 7 5 5 5 6 7 4 4 5 4 5 4 4 5 4 5 6 6 6 3 5 2 4 4 4 4 8 8 7 10 8 4 8 9 8 9 3 6 7 7 6 3 10 21 11 8 10 11 10 8 12 7 9 9 15 17 11 28 9 12 14 11 14 15 18 13 16 22 26 11 24 30 34 34 32
14 14 16 12 23 18 9 13 18 18 18 21 20 18 10 11 11 9 11 17 13 8 6 4 6 6 8 7 6 11 15 7 7 5 6 5 6 9 11 7 4 4 2 5 5 7 8 7 7 9 7 6 7 7 10 11 10 9 7 4 4 7 6 11 11 7 8 10 12 11 13 8 7 7 10 14 16 18 15 15 19 16 15 19 16 18 14 22 21 15 23 23 28 27 29 26
16 10 31 50 9 16 20 14 9 9 19 22 22 17 19 20 12 6 4 7 8 10 6 6 15 12 10 8 4 8 10 8 11 15 10 9 13 8 9 7 6 5 7 6 9 9 8 8 21 43 30 26 16 13 9 8 8 7 11 13 11 5 4 5 16 8 13 10 4 3 5 6 4 5 5 8 9 6 13 23 28 31 26 21 21 32 35 39 37 21 22 20 25 21 30 26
15 17 23 32 61 27 11 12 13 12 14 29 19 11 12 15 15 10 6 14 14 15 6 9 7 7 8 8 4 7 6 6 12 13 12 11 13 5 8 7 5 10 8 7 8 8 7 7 10 22 14 21 16 8 8 11 10 7 9 11 12 9 5 6 10 17 11 7 5 4 5 7 8 7 6 5 5 9 11 12 9 9 12 23 18 13 19 18 19 19 18 22 24 23 18 24
14 22 22 30 36 39 29 18 13 15 20 27 23 14 19 22 25 24 21 19 22 19 7 7 7 8 7 10 9 6 5 7 5 5 12 7 9 12 8 7 6 9 7 8 7 7 9 10 10 7 9 10 9 11 11 9 9 15 10 9 10 11 7 8 8 8 10 3 5 8 5 3 5 5 5 4 5 5 9 10 8 5 6 9 6 13 15 15 20 20 27 31 28 26 25 24
17 21 29 37 48 60 62 37 29 14 24 30 23 24 23 22 21 22 28 30 28 23 16 15 10 11 11 9 10 8 8 8 9 9 8 9 11 11 8 8 9 9 8 8 8 6 5 5 6 7 7 10 10 6 6 8 9 10 18 15 12 13 8 5 11 8 4 4 9 6 5 2 3 10 12 12 16 16 19 19 13 13 17 18 20 13 14 20 24 27 26 25 18 22 17 20
11 22 25 20 17 41 52 37 22 22 26 12 25 23 29 25 36 32 21 24 18 21 12 11 17 17 15 13 14 16 15 15 16 16 15 19 21 15 11 12 12 11 12 11 10 10 8 8 6 12 10 8 9 9 9 11 12 15 10 8 16 20 -9999 7 9 10 4 7 5 3 2 2 3 17 10 16 9 16 12 12 24 21 18 18 16 16 25 32 19 27 24 21 18 18 22 18
19 20 23 27 27 34 25 29 32 20 6 12 11 13 16 12 22 28 33 31 30 23 13 18 17 12 17 15 15 15 15 15 15 20 17 24 19 19 20 15 18 9 8 9 6 7 10 7 7 5 8 8 7 8 9 10 15 13 8 19 13 20 28 7 22 9 4 9 6 5 2 2 2 5 14 25 24 20 16 25 22 10 17 12 21 15 22 25 27 26 21 26 28 25 29 23
33 35 36 34 33 36 17 15 9 13 21 11 11 10 16 15 17 12 27 27 22 23 10 20 20 13 15 15 19 21 21 20 31 34 22 42 29 38 23 19 12 7 10 7 7 7 9 10 8 7 6 9 8 8 11 14 10 10 12 11 17 21 19 28 14 8 3 5 8 8 6 4 4 5 9 23 16 13 18 28 22 15 23 19 27 27 25 26 29 34 32 23 16 21 23 19
31 31 26 22 11 7 13 15 14 18 14 20 15 22 25 15 19 14 13 31 28 32 9 6 7 9 8 11 11 11 10 10 19 19 17 43 31 36 28 24 18 13 10 10 11 8 11 9 10 10 10 12 13 13 14 13 8 12 11 18 24 18 22 28 18 9 9 6 5 12 8 3 4 5 6 19 25 23 20 19 22 19 23 25 17 19 26 23 35 14 19 22 18 18 21 29
33 22 17 13 12 15 14 16 50 47 30 21 38 27 20 21 10 14 14 15 27 31 47 44 16 13 9 8 15 10 15 31 40 29 45 29 23 23 19 18 16 17 12 10 12 11 9 13 13 14 10 9 9 9 9 12 9 12 14 16 10 10 26 30 39 43 10 11 7 7 13 10 4 4 5 5 18 24 27 20 8 22 19 20 21 22 21 19 15 16 27 28 25 22 21 28
45 36 53 50 41 65 55 55 61 54 51 68 55 41 65 56 32 8 14 15 17 31 32 30 26 13 12 8 9 54 59 31 27 35 26 24 16 17 15 9 17 20 24 20 13 13 12 13 13 13 15 14 14 11 9 10 13 13 10 15 5 9 10 11 10 19 37 41 44 23 11 14 4 3 6 7 8 26 18 7 24 12 11 18 17 9 14 36 12 19 18 15 16 21 21 25
126 152 102 114 75 59 41 35 45 38 62 54 49 73 71 78 66 31 26 33 22 17 16 23 27 41 62 68 65 51 29 21 23 20 15 24 20 13 18 14 17 15 16 19 17 16 11 10 11 10 10 16 16 12 11 14 15 9 15 12 18 17 11 10 8 16 19 29 46 30 11 13 10 3 2 5 9 7 18 22 13 11 20 19 21 21 16 33 13 12 24 22 16 21 26 29
212 150 127 83 114 119 95 117 138 95 89 86 47 78 72 75 97 55 21 15 13 13 13 21 37 38 38 47 33 44 24 14 15 21 20 20 19 14 15 11 15 24 29 26 20 18 19 19 17 14 14 13 10 15 17 15 16 13 12 13 11 17 26 31 21 25 20 25 35 8 11 7 12 16 6 7 5 4 4 11 18 21 23 22 21 23 17 32 13 18 13 19 21 20 20 24
109 127 133 144 156 131 103 115 99 104 80 85 83 85 71 65 86 95 113 74 27 19 20 9 37 24 24 53 54 55 32 15 10 18 20 16 24 20 14 18 19 23 27 29 23 23 25 17 20 27 18 16 13 10 19 22 21 23 25 23 20 20 20 22 23 28 25 28 36 33 33 17 12 -9999 -9999 18 -9999 6 4 8 9 15 20 11 14 18 27 15 12 11 21 18 21 24 24 18
411 381 117 164 170 134 173 154 92 81 86 107 92 111 142 131 79 91 86 100 152 105 20 27 20 33 38 28 33 41 46 14 16 18 31 14 30 32 20 24 15 26 21 23 28 22 23 21 18 17 22 22 13 10 18 19 21 21 17 15 12 18 16 18 28 32 21 23 32 30 34 25 45 23 15 -9999 -9999 -9999 -9999 6 6 14 8 18 17 19 6 9 13 19 26 26 21 13 14 15
380 228 58 170 155 171 135 122 104 84 74 77 92 151 193 195 166 79 88 127 187 136 98 48 44 31 31 43 39 47 54 25 22 8 40 22 18 34 24 33 17 16 31 23 21 23 24 24 22 25 20 23 16 16 24 25 24 17 21 21 18 19 22 21 22 26 26 18 21 21 26 24 25 32 44 33 26 37 31 -9999 9 9 15 13 12 8 5 13 11 13 18 18 23 19 15 18
248 196 184 158 169 147 123 81 168 158 57 106 208 173 119 166 166 146 80 87 127 154 173 124 77 62 61 50 22 36 51 59 56 13 38 26 17 22 31 31 18 19 42 29 23 23 33 26 27 20 20 21 21 24 27 21 28 17 16 16 17 14 19 24 20 30 23 23 21 21 21 23 23 31 23 32 28 29 31 27 28 35 36 24 20 3 11 14 3 6 9 13 22 23 28 24
235 278 179 224 177 214 172 107 81 198 27 41 42 159 208 176 280 195 164 141 110 117 166 229 149 110 72 46 29 28 25 34 33 52 40 33 34 32 23 34 30 30 43 36 36 28 30 27 28 25 20 21 23 26 27 25 25 16 9 16 16 21 20 13 23 28 23 26 22 24 22 20 24 27 17 28 24 25 23 20 18 28 26 33 42 -9999 3 12 16 13 14 27 32 35 26 28
136 115 150 118 240 145 41 33 152 80 20 3 3 22 135 192 184 195 223 281 154 215 134 180 223 192 177 119 65 43 31 28 28 23 32 36 58 45 46 36 54 58 51 55 60 43 30 21 30 28 25 24 23 27 25 25 27 23 20 17 14 20 19 20 25 19 15 15 18 20 15 19 20 21 18 26 25 21 24 25 16 18 23 28 26 31 41 24 4 16 19 7 19 21 21 21
85 53 61 59 61 35 44 146 125 85 69 9 3 3 4 9 54 193 224 166 180 206 248 242 176 205 173 168 183 120 62 34 23 41 38 71 73 59 37 34 31 26 19 22 32 56 57 45 37 27 33 30 30 25 29 29 29 26 26 20 15 21 17 24 24 25 23 18 19 17 18 14 21 23 26 21 18 18 23 23 18 20 19 20 18 17 22 23 33 40 37 26 22 17 23 19
49 54 76 70 38 41 38 124 116 19 2 2 6 4 6 7 28 32 43 183 92 207 210 249 220 259 222 169 182 176 146 125 56 60 76 56 42 38 44 46 43 39 31 24 25 23 27 38 54 51 45 38 38 28 32 35 37 28 26 30 29 24 26 23 23 27 27 27 27 26 22 18 23 16 25 26 12 17 20 23 21 20 24 24 24 18 15 21 23 22 28 28 23 21 20 24
71 57 183 153 86 17 29 5 39 4 4 6 10 10 2 3 2 3 55 140 91 63 97 159 193 219 250 261 210 147 171 181 139 51 42 50 59 70 39 32 33 40 38 30 30 25 28 28 43 53 58 58 54 30 39 36 36 40 39 40 42 33 21 23 26 29 19 22 21 30 24 22 21 25 27 19 16 24 22 22 22 29 14 16 22 22 17 19 18 12 -9999 24 27 17 18 25
165 62 94 109 37 3 3 2 4 5 6 10 7 9 3 2 2 3 17 88 162 237 302 109 200 319 281 207 173 188 170 129 143 145 70 28 46 46 59 33 38 45 45 46 28 23 29 29 30 55 61 60 68 55 51 45 36 36 34 35 33 36 32 30 29 13 26 18 15 25 18 24 21 17 18 16 14 17 18 23 21 8 13 13 22 16 20 15 25 18 26 16 26 20 18 16
45 23 24 11 4 2 1 1 6 13 10 9 5 7 7 2 3 7 14 51 186 207 173 240 206 119 175 208 210 164 137 125 127 109 171 46 49 62 53 58 35 41 42 43 41 30 27 31 50 39 56 61 44 63 43 40 44 32 39 42 40 34 27 29 22 29 27 35 24 17 22 19 18 12 19 8 7 10 11 27 9 6 15 18 21 22 16 24 24 9 30 31 30 32 30 16
3 7 4 2 2 1 1 1 12 15 9 10 9 9 13 5 8 38 89 49 33 52 182 228 201 250 189 386 337 221 156 136 149 140 141 108 62 39 54 42 116 63 41 41 37 43 28 33 35 52 63 54 56 51 37 38 41 32 36 39 34 42 39 31 33 22 28 39 34 19 26 9 20 22 25 4 6 17 9 26 13 4 5 28 14 -9999 19 -9999 35 43 -9999 -9999 23 19 27 24
2 1 2 1 2 1 1 1 5 5 9 7 15 25 38 53 48 43 44 50 104 95 113 116 100 201 152 271 272 215 186 177 197 212 159 128 122 48 50 71 89 91 37 35 43 55 35 62 76 63 76 71 62 54 62 40 40 35 43 34 39 39 39 40 22 32 28 32 34 36 29 14 19 30 15 4 12 21 4 18 22 3 4 30 24 23 26 27 27 -9999 37 31 17 15 17 25
2 1 2 1 1 2 1 1 1 1 2 9 28 57 107 78 58 43 63 67 98 88 97 112 111 99 103 93 207 152 181 216 193 205 200 155 131 112 48 52 55 85 32 33 39 46 41 54 83 73 72 65 59 43 49 32 39 34 46 36 37 41 32 37 37 33 10 9 9 24 34 22 9 25 6 4 12 21 21 19 3 2 16 -9999 15 15 6 12 9 5 5 7 5 29 18 19
2 2 1 1 1 1 1 2 1 2 8 30 35 53 152 143 154 133 96 53 66 57 79 71 78 59 66 79 241 219 261 267 162 190 245 185 161 155 58 60 52 32 61 75 97 100 115 56 70 85 75 73 56 46 59 51 37 42 45 44 42 42 37 18 20 34 23 17 14 15 15 25 22 17 4 4 13 22 7 3 4 14 -9999 19 3 3 5 4 2 3 3 4 27 15 13 14
5 2 1 1 1 1 1 1 1 2 12 35 42 104 105 174 166 107 89 91 55 77 57 61 59 47 52 57 111 212 173 231 141 146 196 224 197 183 103 43 52 27 60 72 69 65 62 86 62 64 68 57 48 46 50 51 48 23 41 43 27 33 39 34 17 26 30 13 15 17 8 20 17 4 4 6 18 9 7 7 10 24 18 5 6 6 4 7 8 9 12 16 22 9 9 23
3 2 1 2 2 1 2 2 2 2 6 27 39 45 132 273 247 184 171 178 119 139 104 49 42 41 43 42 59 140 184 180 138 213 156 167 205 170 147 56 69 37 58 72 72 59 62 62 83 59 53 50 49 54 45 37 44 38 17 28 34 30 35 34 23 19 21 17 16 15 5 -9999 4 2 9 11 19 21 17 14 13 10 5 5 6 7 7 5 6 10 7 10 11 8 7 11
2 2 1 2 1 2 3 3 2 3 3 27 141 198 124 303 154 152 149 226 217 90 93 46 48 44 52 48 45 144 178 181 223 201 132 151 212 180 183 79 74 46 65 78 80 89 75 71 74 50 50 42 41 39 51 50 58 51 71 36 21 25 18 28 -9999 22 -9999 -9999 -9999 -9999 -9999 -9999 -9999 -9999 13 14 5 4 4 7 8 3 4 4 3 2 2 3 2 3 8 9 6 6 -9999 -9999
4 2 2 2 2 2 2 3 4 4 6 31 59 183 165 254 207 155 310 343 222 179 82 59 63 60 54 52 62 79 110 153 105 225 129 154 138 215 195 148 100 117 82 76 83 72 70 55 50 54 53 37 39 39 40 39 36 37 25 41 39 31 16 17 23 -9999 -9999 -9999 -9999 -9999 -9999 -9999 2 4 8 6 7 9 5 4 5 4 3 3 3 3 6 7 3 3 7 -9999 2 -9999 -9999 -9999
3 2 2 2 3 3 3 2 3 65 150 104 135 178 163 120 216 185 133 128 162 182 68 59 64 62 60 59 71 77 109 81 118 112 188 122 145 167 224 130 74 112 87 69 58 60 69 76 45 61 64 39 34 42 51 39 35 38 21 24 28 -9999 -9999 17 -9999 -9999 -9999 -9999 -9999 -9999 -9999 -9999 2 3 5 5 6 9 5 6 4 7 9 10 8 9 6 7 6 8 -9999 -9999 -9999 -9999 -9999 -9999
3 2 1 2 2 5 8 14 23 50 96 103 90 133 133 133 102 145 160 188 206 83 63 54 68 75 65 63 59 62 66 61 91 89 130 155 144 187 194 217 95 114 102 72 57 53 50 53 53 74 51 43 39 39 33 36 30 28 21 19 13 9 12 -9999 -9999 -9999 -9999 -9999 -9999 -9999 -9999 -9999 -9999 -9999 -9999 -9999 -9999 -9999 -9999 -9999 5 -9999 6 -9999 -9999 -9999 -9999 5 -9999 -9999 -9999 -9999 -9999 -9999 -9999 -9999
