resultados/variables/diversidad_topo.asc
ncols 330
nrows 228
xllcorner -12.000000
yllcorner 34.000000
cellsize 0.166667
NODATA_value -9999
[rows 156 to 207 of 228, columns 192 to 287 of 330]
5 2 1 2 3 3 10 23 29 35 41 40 40 52 75 122 159 104 195 135 129 121 62 67 47 61 48 42 53 67 60 86 123 109 138 140 30 248 187 218 106 144 83 55 42 42 42 46 63 63 48 53 36 32 31 23 26 26 17 14 11 14 -9999 -9999 -9999 -9999 -9999 -9999 -9999 -9999 -9999 -9999 -9999 -9999 -9999 -9999 -9999 -9999 -9999 -9999 -9999 -9999 3 4 6 5 -9999 4 -9999 -9999 -9999 -9999 -9999 -9999 -9999 -9999
3 2 1 1 2 2 3 4 9 20 14 33 75 213 239 140 140 68 85 308 259 230 249 271 164 49 64 113 153 132 165 119 113 21 45 149 137 134 137 217 139 117 125 15 13 22 39 45 47 47 36 45 25 26 24 22 12 17 10 -9999 -9999 -9999 -9999 -9999 -9999 -9999 -9999 -9999 -9999 -9999 -9999 -9999 -9999 -9999 -9999 -9999 -9999 -9999 -9999 -9999 27 22 12 12 8 5 6 5 -9999 -9999 -9999 -9999 -9999 -9999 -9999 -9999
3 2 1 1 1 1 2 4 12 35 38 42 71 239 254 163 145 81 198 203 227 177 211 239 350 285 468 378 347 340 284 284 118 280 248 238 194 170 225 201 166 95 98 12 3 12 33 33 44 34 36 40 19 22 16 13 10 5 -9999 -9999 -9999 -9999 -9999 -9999 -9999 -9999 -9999 -9999 -9999 -9999 -9999 -9999 -9999 -9999 -9999 -9999 -9999 32 15 16 20 14 26 17 9 6 7 6 5 3 -9999 -9999 -9999 -9999 -9999 -9999
3 3 2 1 2 1 2 9 14 25 81 59 118 75 334 334 399 545 373 201 266 320 206 320 353 315 303 226 303 398 295 244 371 210 213 241 186 209 184 145 92 86 60 9 8 2 13 28 19 24 -9999 28 16 16 7 3 1 1 -9999 -9999 -9999 -9999 -9999 -9999 -9999 -9999 -9999 -9999 -9999 -9999 -9999 -9999 -9999 -9999 -9999 42 51 41 33 23 18 15 11 12 12 9 9 11 8 6 -9999 -9999 -9999 -9999 -9999 -9999
8 22 3 5 14 5 2 9 29 58 105 168 231 226 251 274 406 304 230 297 303 399 398 400 370 229 235 143 148 154 105 334 316 225 208 238 124 117 126 101 88 62 13 9 7 4 3 5 19 101 95 49 8 4 2 1 1 1 -9999 -9999 -9999 -9999 -9999 -9999 -9999 -9999 -9999 -9999 -9999 -9999 -9999 -9999 -9999 -9999 -9999 -9999 -9999 -9999 -9999 19 20 18 17 12 13 26 36 43 44 24 20 13 14 19 28 29
24 26 7 6 17 28 20 23 81 45 214 139 196 174 234 323 211 291 189 99 64 75 64 74 71 111 90 70 88 86 78 94 89 93 90 88 65 85 116 153 20 10 8 4 4 3 2 4 4 80 73 61 45 45 27 5 1 0 -9999 -9999 -9999 -9999 -9999 -9999 -9999 -9999 -9999 -9999 -9999 -9999 -9999 -9999 -9999 -9999 -9999 -9999 -9999 -9999 -9999 -9999 -9999 11 24 28 42 65 54 52 112 106 135 58 47 -9999 31 27
5 6 6 6 14 24 19 34 39 87 197 244 182 234 264 194 101 61 58 49 45 70 53 53 49 53 70 51 54 62 62 58 50 45 40 31 34 42 17 8 3 5 4 6 8 11 8 2 18 60 58 74 67 -9999 4 3 0 -9999 -9999 -9999 -9999 -9999 -9999 -9999 -9999 -9999 -9999 -9999 -9999 -9999 -9999 -9999 -9999 -9999 -9999 -9999 -9999 -9999 -9999 -9999 -9999 -9999 38 44 72 94 196 248 186 183 183 -9999 -9999 -9999 -9999 -9999
3 13 51 66 22 7 10 34 93 140 150 173 181 218 184 156 99 46 54 51 67 64 47 49 46 55 44 35 39 24 27 40 34 19 18 14 9 7 6 7 7 6 5 4 4 8 7 9 35 47 56 71 43 -9999 -9999 -9999 -9999 -9999 -9999 -9999 -9999 -9999 -9999 -9999 -9999 -9999 -9999 -9999 -9999 -9999 -9999 -9999 -9999 -9999 -9999 -9999 -9999 -9999 -9999 -9999 -9999 44 62 96 91 219 396 -9999 -9999 -9999 -9999 -9999 -9999 -9999 -9999 -9999
18 40 57 48 58 43 7 37 42 93 140 172 202 164 108 60 101 46 54 58 57 58 48 36 40 46 32 23 23 19 17 13 10 9 9 8 6 5 6 7 11 13 11 11 11 11 25 8 39 30 34 45 25 -9999 -9999 -9999 -9999 -9999 -9999 -9999 -9999 -9999 -9999 -9999 -9999 -9999 -9999 -9999 -9999 -9999 -9999 -9999 -9999 -9999 -9999 -9999 -9999 -9999 -9999 -9999 -9999 77 132 185 293 480 -9999 -9999 -9999 -9999 -9999 -9999 -9999 -9999 -9999 -9999
51 59 53 62 44 36 38 52 52 142 168 99 147 109 100 25 28 62 38 28 36 41 52 24 32 32 31 17 18 14 15 12 9 13 8 7 7 9 8 6 8 4 5 4 4 4 13 17 32 30 28 37 -9999 -9999 -9999 -9999 -9999 -9999 -9999 -9999 -9999 -9999 -9999 -9999 -9999 -9999 -9999 -9999 -9999 -9999 -9999 -9999 -9999 -9999 -9999 -9999 -9999 -9999 -9999 -9999 -9999 -9999 204 419 -9999 -9999 -9999 -9999 -9999 -9999 -9999 -9999 -9999 -9999 -9999 -9999
103 76 87 90 53 52 42 50 119 141 149 105 178 152 55 33 27 23 47 38 26 25 41 37 19 19 23 17 9 12 12 14 7 7 10 11 11 10 14 11 8 14 12 12 10 18 32 43 38 32 25 27 -9999 -9999 -9999 -9999 -9999 -9999 -9999 -9999 -9999 -9999 -9999 -9999 -9999 -9999 -9999 -9999 -9999 -9999 -9999 -9999 -9999 -9999 -9999 -9999 -9999 -9999 -9999 -9999 -9999 -9999 -9999 -9999 -9999 -9999 -9999 -9999 -9999 -9999 -9999 -9999 -9999 -9999 -9999 -9999
138 116 71 158 74 47 118 57 86 192 151 192 114 99 72 82 48 24 21 23 31 30 28 33 11 7 15 28 10 9 13 14 13 5 7 11 32 34 25 37 44 46 45 53 49 47 46 43 22 17 18 26 -9999 -9999 -9999 -9999 -9999 -9999 -9999 -9999 -9999 -9999 -9999 -9999 -9999 -9999 -9999 -9999 -9999 -9999 -9999 -9999 -9999 -9999 -9999 -9999 -9999 -9999 -9999 -9999 -9999 -9999 -9999 -9999 -9999 -9999 -9999 -9999 -9999 -9999 -9999 -9999 -9999 -9999 -9999 -9999
139 118 101 143 94 151 100 115 67 173 128 210 75 82 61 39 69 11 8 11 15 9 20 23 11 10 18 7 29 13 20 10 19 5 22 29 39 40 41 41 34 34 41 35 38 39 32 27 26 22 14 21 -9999 -9999 -9999 -9999 -9999 -9999 -9999 -9999 -9999 -9999 -9999 -9999 -9999 -9999 -9999 -9999 -9999 -9999 -9999 -9999 -9999 -9999 -9999 -9999 -9999 -9999 -9999 -9999 -9999 -9999 -9999 -9999 -9999 -9999 -9999 -9999 -9999 -9999 -9999 -9999 -9999 -9999 -9999 -9999
136 109 163 61 116 176 97 119 57 151 129 214 188 171 169 74 57 68 50 42 35 49 35 60 38 -9999 33 10 30 52 31 32 21 20 31 54 28 36 38 34 35 30 30 29 28 33 19 16 23 24 21 -9999 -9999 -9999 -9999 -9999 -9999 -9999 -9999 -9999 -9999 -9999 -9999 -9999 -9999 -9999 -9999 -9999 -9999 -9999 -9999 -9999 -9999 -9999 -9999 -9999 -9999 -9999 -9999 -9999 -9999 -9999 -9999 -9999 -9999 -9999 -9999 -9999 -9999 -9999 -9999 -9999 -9999 -9999 -9999 -9999
225 170 201 260 297 276 129 59 72 66 165 235 147 104 194 181 130 111 35 23 27 30 36 35 22 36 52 49 55 71 68 78 58 54 62 49 62 67 53 45 54 51 47 44 26 36 28 15 21 25 23 -9999 -9999 -9999 -9999 -9999 -9999 -9999 -9999 -9999 -9999 -9999 -9999 -9999 -9999 -9999 -9999 -9999 -9999 -9999 -9999 -9999 -9999 -9999 -9999 -9999 -9999 -9999 -9999 -9999 -9999 -9999 -9999 -9999 -9999 -9999 -9999 -9999 -9999 -9999 -9999 -9999 -9999 -9999 -9999 -9999
161 233 178 175 291 263 128 164 276 206 118 150 150 176 141 310 397 175 111 66 49 41 43 36 32 51 28 66 42 39 37 40 33 46 94 68 66 73 68 67 58 68 94 85 37 44 32 61 103 82 50 -9999 -9999 -9999 -9999 -9999 -9999 -9999 -9999 -9999 -9999 -9999 -9999 -9999 -9999 -9999 -9999 -9999 -9999 -9999 -9999 -9999 -9999 -9999 -9999 -9999 -9999 -9999 -9999 -9999 -9999 -9999 -9999 -9999 -9999 -9999 -9999 -9999 -9999 -9999 -9999 -9999 -9999 -9999 -9999 -9999
98 200 302 130 397 208 159 109 87 140 48 161 219 310 181 201 315 375 440 128 269 156 99 80 77 45 61 53 72 119 143 64 49 57 104 86 84 78 91 111 72 120 79 82 66 92 132 129 -9999 -9999 -9999 -9999 -9999 -9999 -9999 -9999 -9999 -9999 -9999 -9999 -9999 -9999 -9999 -9999 -9999 -9999 -9999 -9999 -9999 -9999 -9999 -9999 -9999 -9999 -9999 -9999 -9999 -9999 -9999 -9999 -9999 -9999 -9999 -9999 -9999 -9999 -9999 -9999 -9999 -9999 -9999 -9999 -9999 -9999 -9999 -9999
90 100 177 206 196 253 216 145 183 199 56 81 173 359 159 230 221 209 250 247 250 307 129 165 149 112 61 125 131 84 99 90 89 82 82 100 99 119 102 100 125 136 115 74 66 54 69 64 -9999 -9999 -9999 -9999 -9999 -9999 -9999 -9999 -9999 -9999 -9999 -9999 -9999 -9999 -9999 -9999 -9999 -9999 -9999 -9999 -9999 -9999 -9999 -9999 -9999 -9999 -9999 -9999 -9999 -9999 -9999 -9999 -9999 -9999 -9999 -9999 -9999 -9999 -9999 -9999 -9999 -9999 -9999 -9999 -9999 -9999 -9999 -9999
154 175 299 306 164 228 236 102 152 169 117 146 170 320 223 220 135 97 121 146 189 242 231 218 187 190 260 192 141 177 181 140 117 123 157 122 117 140 148 190 145 127 135 127 113 106 63 -9999 -9999 -9999 -9999 -9999 -9999 -9999 -9999 -9999 -9999 -9999 -9999 -9999 -9999 -9999 -9999 -9999 -9999 -9999 -9999 -9999 -9999 -9999 -9999 -9999 -9999 -9999 -9999 -9999 -9999 -9999 -9999 -9999 -9999 -9999 -9999 -9999 -9999 -9999 -9999 -9999 -9999 -9999 -9999 -9999 -9999 -9999 -9999 -9999
244 468 490 178 79 106 59 118 119 151 173 211 189 236 236 163 119 78 107 58 89 218 214 256 303 362 325 338 346 470 395 272 263 175 189 299 250 185 197 143 82 100 115 108 92 128 134 -9999 -9999 -9999 -9999 -9999 -9999 -9999 -9999 -9999 -9999 -9999 -9999 -9999 -9999 -9999 -9999 -9999 -9999 -9999 -9999 -9999 -9999 -9999 -9999 -9999 -9999 -9999 -9999 -9999 -9999 -9999 -9999 -9999 -9999 -9999 -9999 -9999 -9999 -9999 -9999 -9999 -9999 -9999 -9999 -9999 -9999 -9999 -9999 -9999
244 522 36 70 78 98 28 121 108 145 202 251 270 204 183 129 128 100 112 424 242 177 129 155 209 266 246 267 139 272 170 126 104 226 149 101 95 61 26 43 45 42 67 59 81 46 -9999 -9999 -9999 -9999 -9999 -9999 -9999 -9999 -9999 -9999 -9999 -9999 -9999 -9999 -9999 -9999 -9999 -9999 -9999 -9999 -9999 -9999 -9999 -9999 -9999 -9999 -9999 -9999 -9999 -9999 -9999 -9999 -9999 -9999 -9999 -9999 -9999 -9999 -9999 -9999 -9999 -9999 -9999 -9999 -9999 -9999 -9999 -9999 -9999 -9999
587 364 46 151 120 199 141 119 99 112 119 139 204 174 222 144 209 175 98 162 112 75 122 158 142 109 78 52 59 161 202 190 117 145 84 19 53 35 21 51 45 47 42 30 35 62 -9999 -9999 -9999 -9999 -9999 -9999 -9999 -9999 -9999 -9999 -9999 -9999 -9999 -9999 -9999 -9999 -9999 -9999 -9999 -9999 -9999 -9999 -9999 -9999 -9999 -9999 -9999 -9999 -9999 -9999 -9999 -9999 -9999 -9999 -9999 -9999 -9999 -9999 -9999 -9999 -9999 -9999 -9999 -9999 -9999 -9999 -9999 -9999 -9999 -9999
303 189 261 347 282 381 422 178 279 185 89 208 235 252 195 375 204 118 219 665 402 499 609 298 147 40 37 17 14 17 31 87 81 21 13 17 39 44 51 26 51 50 72 94 91 96 49 -9999 -9999 -9999 -9999 -9999 -9999 -9999 -9999 -9999 -9999 -9999 -9999 -9999 -9999 -9999 -9999 -9999 -9999 -9999 -9999 -9999 -9999 -9999 -9999 -9999 -9999 -9999 -9999 -9999 -9999 -9999 -9999 -9999 -9999 -9999 -9999 -9999 -9999 -9999 -9999 -9999 -9999 -9999 -9999 -9999 -9999 -9999 -9999 -9999
228 321 435 386 442 498 515 206 340 319 74 119 141 238 288 363 166 186 181 402 319 476 362 286 241 372 198 286 268 46 34 37 35 29 28 44 102 127 88 68 72 57 102 106 85 71 72 81 -9999 -9999 -9999 -9999 -9999 -9999 -9999 -9999 -9999 -9999 -9999 -9999 -9999 -9999 -9999 -9999 -9999 -9999 -9999 -9999 -9999 -9999 -9999 -9999 -9999 -9999 -9999 -9999 -9999 -9999 -9999 -9999 -9999 -9999 -9999 -9999 -9999 -9999 -9999 -9999 -9999 -9999 -9999 -9999 -9999 -9999 -9999 -9999
373 322 449 241 301 456 355 273 243 189 133 103 120 178 241 139 201 181 186 422 416 165 123 226 327 275 269 203 247 343 274 140 49 28 40 55 96 131 116 87 86 68 84 98 81 77 115 78 -9999 -9999 -9999 -9999 -9999 -9999 -9999 -9999 -9999 -9999 -9999 -9999 -9999 -9999 -9999 -9999 -9999 -9999 -9999 -9999 -9999 -9999 -9999 -9999 -9999 -9999 -9999 -9999 -9999 -9999 303 293 283 336 370 469 340 317 285 227 250 165 82 -9999 -9999 -9999 -9999 -9999
415 434 434 376 293 283 318 406 401 343 93 78 72 167 238 227 125 242 405 501 420 478 308 156 157 153 233 204 237 248 185 132 81 76 78 115 123 48 54 37 30 40 58 75 99 145 146 105 -9999 -9999 -9999 -9999 -9999 -9999 -9999 -9999 -9999 -9999 -9999 -9999 -9999 -9999 -9999 -9999 -9999 -9999 -9999 -9999 -9999 -9999 -9999 -9999 -9999 -9999 -9999 252 333 275 292 256 148 124 129 145 235 324 262 266 248 256 305 -9999 -9999 -9999 -9999 -9999
314 358 275 438 233 301 321 229 394 320 192 137 126 166 122 246 290 161 234 230 578 389 271 278 212 133 190 256 219 193 150 147 131 128 155 167 108 51 26 21 19 25 26 26 31 61 98 61 108 -9999 -9999 -9999 -9999 -9999 -9999 -9999 -9999 -9999 -9999 -9999 -9999 -9999 -9999 -9999 -9999 -9999 -9999 -9999 -9999 -9999 -9999 -9999 93 81 158 250 279 154 172 151 182 119 95 153 235 214 301 276 394 320 179 261 318 265 110 37
374 298 240 413 338 250 274 295 63 197 269 275 212 232 232 181 337 438 375 305 208 394 190 182 211 332 309 293 223 174 151 140 121 107 119 153 110 66 44 31 24 26 26 33 30 26 22 30 56 94 59 -9999 -9999 -9999 -9999 -9999 -9999 -9999 -9999 -9999 -9999 -9999 -9999 -9999 -9999 -9999 -9999 -9999 -9999 -9999 202 164 109 180 261 440 257 78 85 127 143 171 124 119 232 223 133 155 150 148 262 238 273 275 263 266
271 297 415 434 229 242 298 198 41 213 243 286 273 325 234 118 -9999 296 538 426 246 286 381 379 487 205 245 322 392 201 147 254 199 172 134 190 96 85 51 32 38 52 35 25 27 21 20 25 34 40 68 48 47 58 61 -9999 -9999 -9999 -9999 -9999 -9999 -9999 -9999 -9999 -9999 -9999 -9999 -9999 93 135 185 195 275 249 308 408 209 204 207 230 171 131 147 193 172 172 168 213 357 321 223 275 200 272 169 151
185 434 410 284 -9999 253 263 334 40 175 250 279 583 404 315 65 82 88 148 180 60 251 417 297 28 135 218 241 289 156 146 129 40 67 171 170 137 85 26 34 68 53 28 42 38 51 48 50 57 -9999 80 59 57 44 61 62 43 71 80 100 69 40 40 37 97 -9999 164 134 212 327 258 221 164 266 322 315 292 253 297 315 202 287 227 310 388 418 431 250 241 316 250 400 367 156 127 137
171 324 328 255 382 377 -9999 379 87 151 415 413 132 443 319 42 52 71 119 154 243 132 44 232 473 190 -9999 -9999 7 -9999 -9999 -9999 -9999 110 142 115 82 27 29 40 53 44 52 59 102 -9999 -9999 -9999 -9999 -9999 -9999 -9999 -9999 -9999 -9999 90 55 72 90 75 76 55 49 91 197 178 262 171 224 263 307 239 212 315 205 187 134 189 209 239 257 229 286 337 363 190 305 256 303 202 254 291 365 190 145 273
427 363 458 205 141 293 213 278 295 126 220 234 178 9 43 36 61 110 115 191 207 233 -9999 -9999 132 -9999 -9999 246 -9999 -9999 -9999 -9999 -9999 -9999 -9999 -9999 28 89 45 71 88 125 96 224 -9999 -9999 -9999 -9999 -9999 -9999 -9999 -9999 -9999 -9999 -9999 -9999 -9999 -9999 -9999 -9999 150 119 33 20 278 381 526 344 213 261 281 218 105 136 161 184 195 182 143 171 188 226 270 143 220 263 206 225 305 293 256 171 150 154 197 423
379 411 326 187 209 215 252 211 326 132 151 244 488 68 34 12 1 -9999 234 213 117 192 261 -9999 -9999 -9999 -9999 -9999 -9999 -9999 -9999 -9999 -9999 -9999 -9999 -9999 -9999 -9999 -9999 -9999 -9999 76 -9999 -9999 -9999 -9999 -9999 -9999 -9999 -9999 -9999 -9999 -9999 279 276 227 196 158 216 280 321 320 337 458 381 386 294 285 209 184 186 241 152 120 139 144 202 132 91 155 194 132 116 154 156 169 87 114 213 102 105 118 172 153 160 221
356 210 244 240 380 253 188 97 219 294 150 283 387 290 116 65 -9999 51 96 173 174 216 208 -9999 -9999 -9999 -9999 -9999 -9999 -9999 -9999 -9999 -9999 396 -9999 -9999 -9999 -9999 92 74 -9999 -9999 50 47 -9999 -9999 -9999 -9999 -9999 -9999 -9999 -9999 -9999 -9999 -9999 283 269 -9999 237 261 172 230 220 213 217 160 193 164 159 263 244 273 130 192 154 245 200 158 177 131 283 154 81 65 44 106 246 172 127 215 228 260 249 175 238 240
440 442 344 177 347 319 190 83 67 272 221 180 483 479 105 -9999 -9999 -9999 -9999 -9999 -9999 -9999 -9999 -9999 -9999 256 -9999 -9999 -9999 -9999 -9999 -9999 -9999 -9999 -9999 -9999 -9999 -9999 66 126 119 134 63 92 140 104 59 46 38 120 133 57 60 65 122 238 148 76 142 132 141 178 126 112 153 188 168 209 205 201 296 282 255 267 162 174 120 130 116 191 165 119 147 174 69 101 192 107 80 118 163 202 195 164 150 123
431 510 488 296 343 432 244 157 84 107 212 256 311 477 699 -9999 -9999 -9999 -9999 -9999 50 -9999 -9999 199 -9999 -9999 -9999 -9999 -9999 -9999 -9999 -9999 -9999 -9999 -9999 -9999 -9999 61 120 136 113 109 90 131 156 148 135 87 45 33 52 189 177 200 383 558 322 123 155 180 163 248 241 335 346 259 258 279 105 93 167 181 166 143 136 75 140 91 134 201 225 142 103 152 91 141 230 130 130 76 106 255 170 153 186 197
314 307 274 166 459 311 234 329 144 113 249 183 132 228 366 389 -9999 -9999 -9999 -9999 -9999 -9999 -9999 -9999 -9999 -9999 -9999 -9999 -9999 -9999 93 -9999 -9999 -9999 -9999 -9999 -9999 48 93 142 118 178 207 152 122 132 117 84 177 282 324 214 168 177 231 241 279 387 346 172 98 98 166 218 218 193 209 226 216 314 219 146 120 158 164 108 119 118 166 178 126 137 99 127 122 179 156 138 92 85 71 91 136 120 121 121
161 355 332 213 246 272 376 275 322 177 222 263 120 191 74 363 497 -9999 -9999 -9999 -9999 -9999 -9999 -9999 -9999 -9999 -9999 -9999 -9999 -9999 -9999 -9999 -9999 -9999 -9999 -9999 -9999 108 53 217 376 352 215 180 123 115 71 91 91 200 158 147 195 127 139 150 152 135 165 123 105 86 59 88 98 106 56 72 116 125 149 78 175 157 95 109 72 163 205 184 156 170 155 109 165 94 92 83 105 92 88 49 60 100 91 154
-9999 215 289 251 248 162 451 325 316 468 73 155 138 94 30 22 271 284 -9999 -9999 -9999 -9999 -9999 -9999 -9999 -9999 -9999 -9999 -9999 -9999 -9999 -9999 -9999 -9999 -9999 -9999 -9999 127 120 233 391 -9999 151 165 130 129 84 54 83 160 155 189 166 146 139 152 97 125 68 72 80 115 123 75 27 47 52 125 117 108 64 55 86 75 83 69 46 90 111 148 118 92 74 99 122 153 152 93 119 87 43 62 71 93 120 154
16 155 163 383 299 347 516 388 303 404 251 9 6 57 49 124 117 252 444 -9999 -9999 -9999 -9999 -9999 -9999 -9999 -9999 -9999 -9999 -9999 -9999 -9999 -9999 -9999 -9999 -9999 -9999 -9999 -9999 -9999 -9999 134 261 224 125 142 125 150 115 214 258 257 159 227 313 187 152 140 188 237 63 164 148 97 93 57 20 52 123 122 170 57 93 65 96 77 60 60 113 66 134 92 82 87 82 56 78 59 60 48 59 112 54 109 136 137
-9999 -9999 -9999 238 275 308 130 317 350 282 326 271 120 46 188 88 104 -9999 -9999 150 -9999 -9999 -9999 -9999 -9999 -9999 -9999 -9999 -9999 -9999 -9999 -9999 -9999 -9999 -9999 134 192 159 112 -9999 45 162 159 235 168 113 180 139 237 204 313 289 305 223 152 154 139 63 75 89 105 106 90 101 102 115 48 29 23 62 181 113 66 63 89 70 81 108 62 112 51 112 137 163 149 112 5 27 59 53 96 65 80 136 176 155
-9999 -9999 -9999 -9999 95 17 168 329 338 353 322 226 164 147 159 274 419 166 -9999 -9999 -9999 -9999 -9999 -9999 -9999 -9999 -9999 -9999 -9999 -9999 -9999 -9999 -9999 -9999 -9999 -9999 -9999 163 219 -9999 -9999 156 218 94 176 210 109 152 233 141 185 258 289 275 153 259 212 141 119 121 51 85 63 129 111 112 96 28 38 22 41 41 37 75 73 38 52 84 45 41 73 147 133 104 110 162 85 49 24 50 41 64 113 149 172 76
-9999 -9999 -9999 -9999 -9999 150 -9999 193 216 272 349 322 288 388 303 -9999 353 -9999 195 211 177 -9999 -9999 -9999 -9999 -9999 -9999 -9999 -9999 -9999 -9999 -9999 -9999 -9999 -9999 -9999 -9999 -9999 -9999 -9999 -9999 -9999 118 120 178 126 55 235 166 125 158 212 133 133 97 128 233 254 276 133 63 106 74 118 147 122 171 284 160 144 130 53 21 47 56 68 59 26 51 28 -9999 97 104 135 66 44 81 85 110 115 55 107 142 183 151 161
-9999 -9999 -9999 -9999 -9999 417 265 205 147 334 276 290 401 319 347 359 269 200 -9999 -9999 231 283 -9999 -9999 -9999 -9999 -9999 -9999 -9999 -9999 -9999 -9999 -9999 -9999 -9999 -9999 -9999 -9999 -9999 -9999 -9999 68 247 117 160 64 77 155 128 118 128 116 117 144 127 129 160 165 105 152 190 142 202 90 42 153 204 346 86 133 143 38 15 55 32 43 58 39 12 -9999 -9999 81 98 76 131 87 53 115 104 127 101 136 116 128 175 113
-9999 -9999 -9999 -9999 -9999 -9999 195 86 137 -9999 288 294 409 507 401 614 276 185 173 125 -9999 -9999 261 293 265 -9999 -9999 -9999 -9999 -9999 -9999 -9999 -9999 -9999 -9999 212 -9999 -9999 229 -9999 -9999 14 199 277 435 136 223 100 77 216 187 109 99 128 120 125 28 54 263 156 203 173 194 143 148 276 393 120 120 113 166 212 97 28 20 47 44 40 -9999 8 4 4 84 99 161 114 84 95 119 161 155 216 570 319 59 143
-9999 -9999 -9999 196 -9999 -9999 -9999 21 269 205 307 279 422 409 -9999 382 316 327 137 -9999 179 106 165 256 99 -9999 -9999 -9999 -9999 -9999 -9999 -9999 -9999 -9999 -9999 -9999 271 -9999 -9999 147 -9999 -9999 -9999 232 322 326 312 294 526 533 215 293 235 96 115 97 78 47 256 217 175 180 195 145 173 254 298 350 219 22 77 154 112 22 11 27 31 30 12 9 14 2 6 53 85 49 69 149 76 61 200 98 402 188 108 98
-9999 -9999 173 293 -9999 -9999 -9999 -9999 -9999 -9999 251 489 222 -9999 -9999 -9999 -9999 432 286 228 176 206 319 183 -9999 -9999 -9999 -9999 -9999 -9999 -9999 -9999 -9999 -9999 -9999 86 126 -9999 61 145 70 213 185 98 191 312 254 318 480 433 290 -9999 239 142 79 101 124 118 52 381 313 160 217 216 231 217 71 269 254 217 55 79 70 85 66 41 59 85 26 16 23 21 27 49 139 110 145 220 49 50 137 32 196 190 143 253
-9999 -9999 -9999 -9999 307 -9999 -9999 -9999 65 168 293 208 242 438 493 274 -9999 -9999 -9999 257 221 257 252 195 -9999 -9999 291 -9999 -9999 -9999 -9999 -9999 -9999 -9999 -9999 -9999 -9999 -9999 -9999 -9999 -9999 -9999 194 129 125 208 363 424 489 399 199 286 219 224 256 201 213 98 142 100 164 185 218 415 470 -9999 341 251 164 162 142 126 156 179 190 84 83 165 86 13 19 31 34 20 331 398 339 351 71 133 150 432 224 137 259 346
-9999 -9999 -9999 -9999 -9999 -9999 -9999 15 47 122 429 307 229 394 404 250 169 143 -9999 -9999 54 -9999 199 78 -9999 -9999 -9999 -9999 153 -9999 -9999 -9999 -9999 -9999 -9999 -9999 -9999 -9999 -9999 -9999 -9999 -9999 -9999 -9999 169 176 272 450 361 293 264 322 267 168 224 342 180 195 208 39 220 200 173 171 224 179 238 361 -9999 127 139 116 210 164 204 15 1 120 159 54 18 36 67 81 45 56 223 207 286 215 381 363 351 262 285 236
-9999 -9999 -9999 -9999 207 -9999 -9999 -9999 90 149 149 266 264 266 297 274 196 215 252 -9999 -9999 -9999 -9999 -9999 -9999 -9999 -9999 -9999 -9999 198 -9999 -9999 -9999 -9999 -9999 -9999 -9999 -9999 -9999 256 282 185 -9999 247 235 184 269 175 224 369 444 351 303 455 432 527 337 173 208 288 284 140 240 261 346 217 192 285 198 -9999 37 198 161 167 131 6 2 2 26 22 29 33 265 165 36 14 45 149 180 220 605 670 302 282 259 224
-9999 -9999 -9999 -9999 -9999 -9999 -9999 -9999 -9999 120 179 266 285 245 165 302 -9999 237 204 -9999 -9999 -9999 -9999 -9999 -9999 -9999 -9999 -9999 -9999 -9999 -9999 -9999 -9999 -9999 -9999 -9999 305 -9999 -9999 -9999 -9999 -9999 -9999 161 52 259 185 202 344 358 339 215 142 102 220 313 256 155 120 180 137 195 205 153 299 233 245 523 221 130 138 153 145 151 76 64 6 6 22 39 37 24 18 6 32 123 170 146 250 246 427 287 309 298 278 204
-9999 -9999 -9999 -9999 -9999 -9999 -9999 -9999 -9999 -9999 279 214 140 159 167 257 217 -9999 -9999 222 -9999 -9999 -9999 -9999 -9999 -9999 72 -9999 -9999 -9999 -9999 -9999 -9999 -9999 -9999 -9999 -9999 -9999 -9999 -9999 -9999 -9999 -9999 54 -9999 278 318 214 202 218 228 248 167 201 117 251 90 339 220 176 107 224 297 205 317 428 278 375 221 178 311 168 289 197 100 42 22 38 264 140 76 51 131 277 480 451 518 568 524 335 415 327 311 125 72 148
