resultados/variables/diversidad_topo.asc
ncols 330
nrows 228
xllcorner -12.000000
yllcorner 34.000000
cellsize 0.166667
NODATA_value -9999
[rows 0 to 51 of 228, columns 192 to 287 of 330]
-9999 -9999 -9999 -9999 -9999 -9999 -9999 -9999 -9999 -9999 -9999 -9999 -9999 -9999 -9999 -9999 -9999 -9999 -9999 -9999 -9999 -9999 -9999 -9999 -9999 -9999 -9999 -9999 -9999 -9999 -9999 -9999 -9999 -9999 -9999 -9999 -9999 -9999 -9999 -9999 -9999 -9999 -9999 -9999 -9999 -9999 -9999 -9999 -9999 -9999 -9999 -9999 -9999 -9999 -9999 -9999 -9999 -9999 -9999 -9999 -9999 -9999 -9999 -9999 -9999 -9999 -9999 -9999 -9999 -9999 -9999 -9999 -9999 -9999 -9999 -9999 -9999 -9999 -9999 -9999 -9999 -9999 -9999 -9999 -9999 -9999 -9999 -9999 -9999 -9999 -9999 -9999 -9999 -9999 -9999 -9999
-9999 -9999 -9999 -9999 -9999 -9999 -9999 -9999 -9999 -9999 -9999 -9999 -9999 -9999 -9999 -9999 -9999 -9999 -9999 -9999 -9999 -9999 -9999 -9999 -9999 -9999 -9999 -9999 -9999 -9999 -9999 -9999 -9999 -9999 -9999 -9999 -9999 -9999 -9999 -9999 -9999 -9999 -9999 -9999 -9999 -9999 -9999 -9999 -9999 -9999 -9999 -9999 -9999 -9999 -9999 -9999 -9999 -9999 -9999 -9999 -9999 -9999 -9999 -9999 -9999 -9999 -9999 -9999 -9999 -9999 -9999 -9999 -9999 -9999 -9999 -9999 -9999 -9999 -9999 -9999 -9999 -9999 -9999 -9999 -9999 -9999 -9999 -9999 -9999 -9999 -9999 -9999 -9999 -9999 -9999 -9999
-9999 -9999 -9999 -9999 -9999 -9999 -9999 -9999 -9999 -9999 -9999 -9999 -9999 -9999 -9999 -9999 -9999 -9999 -9999 -9999 -9999 -9999 -9999 -9999 -9999 -9999 -9999 -9999 -9999 -9999 -9999 -9999 -9999 -9999 -9999 -9999 -9999 -9999 -9999 -9999 -9999 -9999 -9999 -9999 -9999 -9999 -9999 -9999 -9999 -9999 -9999 -9999 -9999 -9999 -9999 -9999 -9999 -9999 -9999 -9999 -9999 -9999 -9999 -9999 -9999 -9999 -9999 -9999 -9999 -9999 -9999 -9999 -9999 -9999 -9999 -9999 -9999 -9999 -9999 -9999 -9999 -9999 -9999 -9999 -9999 -9999 -9999 -9999 -9999 -9999 -9999 -9999 -9999 -9999 -9999 -9999
-9999 -9999 -9999 -9999 -9999 -9999 -9999 -9999 -9999 -9999 -9999 -9999 -9999 -9999 -9999 -9999 -9999 -9999 -9999 -9999 -9999 -9999 -9999 -9999 -9999 -9999 -9999 -9999 -9999 -9999 -9999 -9999 -9999 -9999 -9999 -9999 -9999 -9999 -9999 -9999 -9999 -9999 -9999 -9999 -9999 -9999 -9999 -9999 -9999 -9999 -9999 -9999 -9999 -9999 -9999 -9999 -9999 -9999 -9999 -9999 -9999 -9999 -9999 -9999 -9999 -9999 -9999 -9999 -9999 -9999 -9999 -9999 -9999 -9999 -9999 -9999 -9999 -9999 -9999 -9999 -9999 -9999 -9999 -9999 -9999 -9999 -9999 -9999 -9999 -9999 -9999 -9999 -9999 -9999 -9999 -9999
-9999 -9999 -9999 -9999 -9999 -9999 -9999 -9999 -9999 -9999 -9999 -9999 -9999 -9999 -9999 -9999 -9999 -9999 -9999 -9999 -9999 -9999 -9999 -9999 -9999 -9999 -9999 -9999 -9999 -9999 -9999 -9999 -9999 -9999 -9999 -9999 -9999 -9999 -9999 -9999 -9999 -9999 -9999 -9999 -9999 -9999 -9999 -9999 -9999 -9999 -9999 -9999 -9999 -9999 -9999 -9999 -9999 -9999 -9999 -9999 -9999 -9999 -9999 -9999 -9999 -9999 -9999 -9999 -9999 -9999 -9999 -9999 -9999 -9999 -9999 -9999 -9999 -9999 -9999 -9999 -9999 -9999 -9999 -9999 -9999 -9999 -9999 -9999 -9999 -9999 -9999 -9999 -9999 -9999 -9999 -9999
-9999 -9999 -9999 -9999 -9999 -9999 -9999 -9999 -9999 -9999 -9999 -9999 -9999 -9999 -9999 -9999 -9999 -9999 -9999 -9999 -9999 -9999 -9999 -9999 -9999 -9999 -9999 -9999 69 -9999 -9999 -9999 -9999 114 104 -9999 -9999 -9999 -9999 -9999 -9999 -9999 -9999 -9999 -9999 126 -9999 -9999 -9999 -9999 -9999 -9999 -9999 -9999 -9999 -9999 -9999 -9999 -9999 -9999 -9999 -9999 -9999 -9999 -9999 -9999 -9999 -9999 -9999 -9999 -9999 -9999 -9999 -9999 -9999 -9999 -9999 -9999 -9999 -9999 -9999 -9999 -9999 -9999 -9999 -9999 -9999 -9999 -9999 -9999 -9999 -9999 -9999 -9999 -9999 -9999
-9999 -9999 -9999 -9999 -9999 -9999 -9999 -9999 -9999 -9999 -9999 -9999 -9999 -9999 -9999 -9999 -9999 -9999 -9999 -9999 -9999 -9999 -9999 -9999 -9999 -9999 -9999 -9999 142 -9999 115 -9999 111 -9999 -9999 -9999 -9999 -9999 -9999 136 -9999 -9999 -9999 -9999 104 90 36 39 108 -9999 -9999 -9999 -9999 -9999 -9999 -9999 -9999 -9999 -9999 -9999 -9999 -9999 -9999 -9999 -9999 -9999 -9999 -9999 -9999 -9999 -9999 -9999 -9999 -9999 -9999 -9999 -9999 -9999 -9999 -9999 -9999 -9999 -9999 -9999 -9999 -9999 -9999 -9999 -9999 -9999 -9999 -9999 -9999 -9999 -9999 -9999
-9999 -9999 -9999 -9999 -9999 -9999 -9999 -9999 -9999 -9999 -9999 -9999 -9999 -9999 -9999 -9999 -9999 -9999 -9999 118 -9999 -9999 -9999 -9999 -9999 -9999 -9999 102 88 75 55 117 82 104 -9999 -9999 -9999 171 151 -9999 -9999 -9999 -9999 -9999 90 103 148 151 -9999 -9999 -9999 144 89 91 92 88 -9999 -9999 -9999 -9999 -9999 -9999 -9999 -9999 -9999 -9999 -9999 -9999 -9999 -9999 -9999 -9999 -9999 -9999 -9999 -9999 -9999 -9999 -9999 -9999 -9999 -9999 -9999 -9999 -9999 -9999 -9999 -9999 -9999 -9999 -9999 -9999 -9999 -9999 -9999 -9999
-9999 -9999 -9999 -9999 -9999 -9999 -9999 -9999 -9999 -9999 -9999 -9999 -9999 -9999 157 144 147 150 -9999 -9999 -9999 -9999 158 149 -9999 189 128 124 92 112 133 -9999 -9999 -9999 -9999 -9999 129 151 139 -9999 -9999 -9999 124 106 113 136 161 212 -9999 -9999 -9999 133 112 67 60 118 62 90 128 117 132 -9999 -9999 -9999 -9999 -9999 -9999 -9999 -9999 -9999 -9999 -9999 -9999 -9999 -9999 -9999 -9999 -9999 -9999 -9999 -9999 -9999 -9999 -9999 -9999 -9999 -9999 -9999 -9999 -9999 -9999 -9999 -9999 -9999 -9999 -9999
-9999 -9999 -9999 -9999 -9999 -9999 -9999 -9999 -9999 -9999 -9999 -9999 -9999 -9999 -9999 -9999 -9999 -9999 263 -9999 223 -9999 174 162 149 166 132 70 51 68 -9999 -9999 -9999 -9999 67 56 102 79 110 -9999 -9999 117 124 60 64 39 81 97 59 -9999 131 110 92 69 44 57 64 79 80 69 83 69 68 49 72 -9999 -9999 -9999 -9999 -9999 -9999 -9999 -9999 -9999 -9999 -9999 -9999 -9999 -9999 -9999 -9999 -9999 -9999 -9999 -9999 -9999 -9999 -9999 -9999 -9999 -9999 -9999 -9999 -9999 -9999 -9999
-9999 -9999 -9999 -9999 -9999 -9999 -9999 -9999 -9999 -9999 -9999 320 -9999 -9999 -9999 -9999 -9999 -9999 -9999 -9999 -9999 137 84 95 58 62 35 45 88 123 -9999 -9999 -9999 179 156 140 135 148 164 127 110 40 35 26 39 35 28 53 84 104 84 114 119 119 59 51 61 50 54 90 94 81 76 -9999 -9999 -9999 -9999 -9999 -9999 -9999 -9999 -9999 -9999 -9999 -9999 -9999 -9999 -9999 -9999 -9999 -9999 -9999 -9999 -9999 -9999 -9999 -9999 -9999 -9999 -9999 -9999 -9999 -9999 -9999 -9999 -9999
-9999 -9999 229 222 261 -9999 -9999 -9999 -9999 -9999 339 -9999 336 284 280 -9999 -9999 212 -9999 138 176 136 54 80 60 55 154 151 179 -9999 -9999 217 79 48 79 83 66 88 78 100 90 41 29 40 52 61 61 64 85 77 63 92 -9999 -9999 -9999 -9999 -9999 -9999 111 69 -9999 -9999 -9999 -9999 -9999 -9999 -9999 -9999 -9999 -9999 -9999 -9999 -9999 -9999 -9999 -9999 -9999 -9999 -9999 -9999 -9999 -9999 -9999 -9999 -9999 -9999 -9999 -9999 -9999 -9999 -9999 -9999 -9999 -9999 -9999 -9999
-9999 326 -9999 -9999 -9999 -9999 -9999 -9999 284 -9999 -9999 -9999 228 117 127 133 200 241 155 124 119 95 63 58 56 63 96 132 184 175 73 196 138 93 93 143 136 141 96 77 83 69 94 88 60 31 51 51 66 34 44 53 39 -9999 48 77 107 -9999 -9999 -9999 -9999 -9999 -9999 -9999 -9999 -9999 -9999 -9999 -9999 -9999 -9999 -9999 61 -9999 -9999 -9999 -9999 -9999 -9999 -9999 -9999 -9999 -9999 -9999 -9999 -9999 -9999 -9999 -9999 -9999 -9999 -9999 -9999 -9999 -9999 -9999
322 349 -9999 354 267 339 207 283 277 274 148 323 -9999 171 101 66 91 126 117 118 109 116 100 48 59 27 43 73 53 74 73 55 41 38 68 83 87 98 46 28 38 61 76 31 17 16 31 49 41 30 33 35 50 53 58 53 52 61 -9999 -9999 -9999 81 -9999 98 125 102 138 -9999 -9999 -9999 79 115 88 65 48 68 70 54 -9999 -9999 -9999 -9999 -9999 -9999 -9999 -9999 -9999 -9999 -9999 -9999 -9999 -9999 -9999 -9999 -9999 -9999
-9999 -9999 -9999 343 343 180 237 317 262 100 130 77 85 103 92 54 37 61 72 62 51 50 89 33 18 25 24 22 26 40 28 29 35 40 50 85 59 50 50 53 58 58 44 46 21 23 30 24 25 16 22 34 39 24 20 40 76 54 46 49 43 46 51 46 47 58 64 -9999 87 64 72 88 -9999 -9999 -9999 -9999 -9999 -9999 -9999 -9999 -9999 -9999 -9999 -9999 -9999 -9999 -9999 -9999 -9999 -9999 -9999 -9999 -9999 -9999 -9999 -9999
399 -9999 309 328 219 312 106 105 228 189 186 188 62 59 73 69 73 69 52 49 44 53 57 59 38 31 42 62 44 53 74 69 80 76 66 79 60 45 69 50 45 35 24 20 24 18 -9999 -9999 25 36 23 20 -9999 26 33 29 52 30 30 40 39 98 98 65 59 59 61 63 36 44 44 47 64 -9999 55 67 68 55 -9999 -9999 -9999 -9999 -9999 -9999 -9999 -9999 -9999 -9999 -9999 -9999 -9999 -9999 -9999 -9999 -9999 -9999
374 248 327 258 213 98 102 176 116 60 74 114 128 116 89 68 72 86 35 31 55 45 48 37 24 22 28 33 50 58 52 43 60 33 72 40 41 44 48 68 50 24 23 21 18 20 21 26 -9999 10 20 24 23 22 54 38 58 54 76 51 39 34 56 80 74 78 41 38 34 25 37 53 42 48 53 46 58 46 36 -9999 -9999 -9999 47 77 87 74 75 -9999 -9999 -9999 -9999 -9999 -9999 -9999 -9999 -9999
333 202 179 162 98 142 137 100 73 54 48 58 41 30 26 48 49 28 36 56 48 38 19 24 35 23 25 32 41 40 57 48 40 23 38 35 40 49 54 53 65 65 27 14 13 10 -9999 -9999 -9999 9 12 17 22 22 24 30 23 31 34 17 17 25 22 27 32 44 76 42 39 31 46 45 40 41 44 66 50 58 50 -9999 -9999 30 37 52 39 34 36 37 41 45 46 46 35 48 -9999 54
215 190 102 97 102 78 135 146 114 77 67 45 28 15 48 58 63 30 20 49 43 40 33 36 25 25 20 24 20 26 56 41 30 29 19 34 56 39 46 35 32 48 -9999 32 -9999 12 -9999 11 -9999 26 27 26 35 41 32 31 25 25 25 26 36 48 27 29 46 50 37 43 56 61 41 45 47 56 47 51 57 63 52 49 70 43 32 36 29 27 22 27 32 44 50 41 45 39 41 43
102 103 65 43 44 54 105 108 75 119 77 59 43 22 28 41 42 36 36 23 39 43 41 33 28 40 27 27 21 30 29 48 30 54 74 69 69 50 29 61 64 53 48 57 51 21 31 36 45 64 61 50 43 35 42 27 27 37 38 38 41 48 41 45 27 43 49 43 54 78 67 57 88 69 76 61 49 34 40 65 76 39 37 41 27 24 40 41 26 31 23 25 26 21 34 29
116 112 102 72 74 54 62 88 81 91 58 63 64 46 23 33 41 27 45 36 21 33 45 42 28 39 45 43 26 28 24 20 23 22 49 68 38 42 39 54 49 61 74 50 54 57 54 45 40 34 62 54 63 47 44 42 31 47 64 40 73 81 48 29 61 36 -9999 -9999 -9999 29 35 41 33 51 66 43 81 69 41 38 43 78 29 44 33 29 31 35 34 33 34 33 -9999 39 23 25
99 54 77 44 42 32 53 83 49 39 37 42 26 26 42 33 25 30 36 16 28 29 41 22 25 20 16 18 24 30 31 27 13 15 18 14 21 37 36 30 28 27 27 46 50 65 65 50 58 39 76 96 98 99 90 86 105 55 69 123 85 94 72 52 103 -9999 -9999 42 30 19 42 55 52 58 79 65 65 57 92 48 40 53 69 75 59 27 29 43 23 27 42 32 41 31 27 21
62 111 72 50 39 42 34 49 25 50 56 40 55 24 24 33 21 22 16 21 34 31 90 72 40 26 34 35 45 18 51 42 19 25 16 17 21 20 19 13 19 25 25 19 32 65 59 72 96 109 86 95 100 136 106 77 89 75 94 71 38 50 44 45 81 144 148 108 156 99 89 77 45 63 161 54 80 58 27 17 33 48 69 77 78 52 29 22 39 32 34 27 30 21 28 25
98 88 55 83 62 56 41 49 39 37 21 52 50 31 32 29 30 22 21 28 42 27 53 49 120 22 29 25 17 26 35 15 22 22 19 12 5 5 13 -9999 -9999 15 28 23 -9999 19 11 23 31 37 49 58 47 35 48 62 63 44 51 71 72 47 40 51 38 28 50 199 174 193 95 65 62 73 187 111 56 56 32 28 38 46 33 47 38 50 37 31 29 19 16 -9999 30 21 23 21
55 71 48 69 52 67 62 46 45 41 33 20 18 26 28 47 34 32 31 17 21 23 39 42 -9999 46 38 23 17 12 17 12 12 21 30 20 21 25 32 19 16 18 24 20 -9999 -9999 -9999 31 35 23 40 38 35 15 21 37 40 63 48 36 45 45 61 55 41 54 83 75 47 56 66 84 101 79 217 220 136 62 37 -9999 121 126 212 217 111 40 182 267 246 203 90 11 19 19 22 -9999
34 42 40 40 60 16 60 25 23 33 34 28 12 7 9 20 24 26 26 30 31 23 19 37 38 53 53 50 37 42 23 17 37 50 30 31 19 34 15 13 7 10 21 37 15 16 25 32 40 36 32 32 33 30 40 30 43 51 70 67 62 51 28 32 57 43 47 44 71 93 78 70 38 65 161 96 76 36 18 216 228 236 192 209 169 -9999 216 297 250 176 -9999 30 16 26 30 27
39 28 16 46 39 33 40 72 49 51 51 33 25 29 26 22 17 22 39 35 24 29 47 27 41 96 32 36 28 16 16 32 22 11 42 27 21 36 23 26 8 23 15 18 12 21 27 27 40 41 30 16 23 25 29 30 37 39 33 42 40 67 57 47 54 46 50 55 47 -9999 23 -9999 37 48 52 59 38 -9999 24 38 203 232 228 243 182 25 -9999 -9999 23 30 18 80 74 62 25 41
32 40 61 66 48 63 31 25 32 13 30 32 33 16 13 13 14 23 35 13 13 16 25 38 55 26 30 19 12 17 21 19 15 10 27 23 17 36 27 13 13 20 43 35 38 29 27 35 22 24 41 61 52 52 47 37 35 52 36 33 46 41 50 46 36 57 65 80 83 65 68 53 45 39 31 -9999 52 47 20 18 21 20 14 17 17 33 49 32 20 36 24 14 43 50 29 50
24 36 59 69 86 57 45 38 27 52 50 37 20 21 21 20 15 16 25 22 22 15 14 18 19 34 33 25 18 15 18 17 17 19 23 15 22 20 22 19 31 33 43 20 8 8 48 42 18 18 38 39 43 46 43 28 23 33 45 28 50 32 69 60 74 75 59 77 81 99 80 76 67 44 65 107 107 75 147 116 58 26 40 34 18 24 20 28 24 9 14 27 36 42 44 29
33 26 45 102 54 68 33 44 53 34 47 51 25 24 33 17 19 26 24 26 22 23 27 21 25 28 31 20 24 19 18 28 30 19 22 21 22 15 12 12 20 37 56 38 22 18 17 28 28 37 31 14 6 29 29 28 27 73 29 31 41 86 79 57 94 66 62 101 77 92 100 105 48 -9999 -9999 -9999 -9999 -9999 110 109 -9999 19 25 31 15 16 39 29 42 29 25 10 14 13 25 29
21 30 30 32 32 40 34 44 24 24 31 28 55 35 30 25 37 24 22 27 34 31 23 18 40 38 36 37 41 36 44 29 32 24 35 31 30 34 28 26 26 13 27 49 11 22 19 27 45 30 26 18 34 56 74 98 69 59 44 28 56 33 31 58 72 66 86 56 64 96 84 73 21 -9999 -9999 -9999 -9999 -9999 171 85 34 24 16 9 12 10 32 42 30 22 12 18 20 16 12 11
57 92 64 28 31 26 22 28 46 54 47 60 38 47 50 55 35 20 21 23 45 35 43 19 49 52 30 41 39 37 39 44 27 24 24 25 20 30 33 19 25 24 22 31 15 13 24 28 20 29 58 39 56 48 19 45 70 49 46 38 50 46 45 33 49 51 62 71 51 -9999 -9999 16 -9999 30 48 51 -9999 -9999 -9999 -9999 -9999 -9999 -9999 29 28 19 20 11 19 26 14 11 7 9 9 11
48 46 73 99 35 21 29 30 38 34 40 39 38 32 48 65 40 31 34 29 39 62 48 45 36 48 25 32 23 23 25 30 28 29 40 34 22 21 19 15 19 15 21 14 -9999 58 37 34 44 23 21 21 31 38 16 18 35 45 26 46 35 61 72 41 41 44 41 46 53 40 32 32 25 12 13 25 21 -9999 -9999 -9999 -9999 -9999 -9999 -9999 -9999 -9999 18 34 -9999 -9999 36 29 21 13 8 13
52 46 30 49 63 31 39 39 48 48 60 54 35 53 25 26 41 34 29 38 51 44 49 38 27 18 23 24 21 23 33 34 27 39 50 31 20 20 30 27 30 33 32 36 34 34 32 30 17 16 15 33 32 11 16 25 32 31 34 54 43 58 62 65 -9999 29 45 35 44 45 35 55 45 41 13 14 18 25 16 18 21 -9999 -9999 -9999 -9999 -9999 -9999 -9999 -9999 -9999 -9999 -9999 26 39 40 38
43 39 40 48 54 61 34 42 47 75 41 44 35 37 27 40 40 39 38 41 32 34 42 21 14 11 20 25 29 23 50 21 43 35 38 15 24 23 13 24 33 25 33 29 39 26 20 12 -9999 25 42 43 16 12 24 42 20 33 54 62 80 53 49 62 45 39 -9999 37 50 26 -9999 -9999 17 19 27 24 24 22 27 23 19 25 -9999 -9999 -9999 -9999 -9999 -9999 -9999 -9999 -9999 -9999 -9999 -9999 -9999 -9999
80 34 35 39 59 44 100 49 38 49 33 41 59 36 30 31 27 33 35 17 25 18 19 -9999 29 20 10 11 15 13 17 19 16 20 21 16 20 12 10 17 17 10 17 17 19 22 26 26 15 34 24 18 36 22 24 26 29 12 32 19 13 43 41 51 -9999 15 -9999 28 27 20 11 15 23 18 9 11 13 9 7 15 14 12 14 14 24 -9999 -9999 -9999 -9999 -9999 -9999 -9999 -9999 -9999 -9999 -9999
42 89 87 62 47 48 34 43 46 53 38 49 25 34 28 22 28 20 23 19 13 23 13 13 11 12 10 11 11 26 21 16 11 9 12 13 13 8 13 9 8 17 13 11 20 21 31 28 16 20 19 27 22 19 22 -9999 15 10 9 10 9 19 19 35 49 46 18 -9999 17 23 19 22 20 19 24 15 8 8 9 8 8 9 9 5 8 12 14 -9999 -9999 -9999 -9999 -9999 -9999 -9999 -9999 -9999
55 56 83 38 66 49 42 50 42 40 -9999 18 22 23 -9999 -9999 -9999 -9999 13 -9999 -9999 -9999 -9999 -9999 -9999 -9999 -9999 13 9 20 19 10 11 8 11 10 6 8 12 12 18 16 10 9 44 47 39 30 29 32 19 18 18 14 20 17 18 16 28 24 14 19 22 17 22 34 27 26 25 -9999 -9999 -9999 14 14 12 13 8 10 10 9 4 5 5 5 8 9 9 6 -9999 -9999 -9999 -9999 -9999 -9999 -9999 -9999
50 72 52 39 39 37 52 46 41 35 24 22 12 -9999 -9999 -9999 -9999 -9999 -9999 -9999 -9999 -9999 -9999 -9999 -9999 -9999 -9999 -9999 -9999 -9999 -9999 18 12 16 10 8 10 11 14 11 12 11 6 13 29 26 46 38 25 17 18 19 13 14 14 16 26 18 17 12 11 15 16 16 17 14 14 13 15 28 23 15 9 9 9 9 15 -9999 7 6 6 6 7 7 5 7 7 -9999 -9999 -9999 -9999 -9999 -9999 -9999 -9999 -9999
50 32 26 44 51 47 49 33 33 -9999 16 12 -9999 -9999 -9999 -9999 -9999 -9999 -9999 -9999 -9999 -9999 -9999 -9999 -9999 -9999 -9999 -9999 -9999 -9999 -9999 -9999 7 12 15 13 9 9 9 7 7 12 8 10 17 23 24 23 22 8 15 14 17 15 13 14 13 13 12 10 14 23 20 21 21 27 23 14 18 15 16 21 16 21 21 13 11 9 15 6 5 6 7 5 10 11 10 -9999 -9999 -9999 -9999 -9999 -9999 -9999 -9999 -9999
23 37 43 42 48 40 32 37 24 -9999 -9999 -9999 -9999 -9999 -9999 -9999 -9999 -9999 -9999 -9999 -9999 -9999 -9999 -9999 -9999 -9999 -9999 -9999 -9999 -9999 -9999 -9999 10 7 9 8 12 9 11 6 4 5 7 6 17 29 27 21 28 25 26 15 12 15 21 17 12 8 13 15 26 40 28 24 35 29 21 31 29 14 22 24 18 12 11 16 12 11 11 12 8 7 11 5 13 11 -9999 -9999 -9999 -9999 -9999 -9999 -9999 -9999 -9999 -9999
36 30 34 42 37 27 20 21 25 -9999 -9999 -9999 -9999 -9999 -9999 -9999 -9999 -9999 -9999 -9999 -9999 -9999 -9999 -9999 -9999 -9999 -9999 -9999 -9999 -9999 -9999 -9999 11 8 7 7 5 13 15 7 6 7 8 9 15 34 38 53 26 20 23 22 21 13 -9999 15 13 15 14 14 29 27 23 22 -9999 31 28 15 18 -9999 25 15 16 12 12 12 13 18 19 27 22 16 14 11 12 8 8 -9999 -9999 -9999 -9999 -9999 -9999 -9999 14 -9999
28 30 41 30 46 40 24 -9999 -9999 -9999 -9999 -9999 -9999 -9999 -9999 -9999 -9999 -9999 -9999 -9999 -9999 -9999 -9999 -9999 -9999 -9999 -9999 -9999 -9999 -9999 6 -9999 5 10 10 18 7 6 5 8 6 8 10 13 20 20 23 33 31 19 20 17 20 18 17 20 17 15 18 22 36 46 33 28 28 29 20 27 21 24 19 11 13 7 9 11 18 18 16 15 13 11 11 17 10 9 7 7 -9999 -9999 -9999 -9999 -9999 -9999 -9999 -9999
18 29 25 26 36 33 28 -9999 -9999 -9999 -9999 -9999 -9999 -9999 -9999 -9999 -9999 -9999 -9999 -9999 -9999 -9999 -9999 -9999 -9999 -9999 -9999 9 16 11 13 17 17 13 13 13 17 10 8 8 13 11 7 9 17 24 32 32 37 43 17 18 23 14 14 15 16 14 14 16 11 27 43 30 27 22 23 17 21 18 18 14 12 11 10 21 19 11 12 10 10 12 17 14 15 14 8 9 6 4 -9999 -9999 -9999 -9999 -9999 -9999
16 32 37 31 31 15 26 26 -9999 -9999 -9999 -9999 -9999 -9999 -9999 -9999 -9999 -9999 -9999 -9999 -9999 -9999 -9999 -9999 -9999 -9999 16 22 20 19 11 6 7 11 12 9 10 9 17 20 9 14 12 11 15 19 25 37 56 60 23 24 27 16 9 16 15 12 16 19 22 24 18 28 18 25 19 21 20 25 23 18 16 12 13 17 14 13 11 11 14 13 15 17 17 17 16 10 6 -9999 -9999 -9999 -9999 -9999 -9999 -9999
17 30 42 31 39 26 16 18 10 -9999 -9999 -9999 -9999 -9999 -9999 -9999 -9999 -9999 -9999 -9999 -9999 -9999 -9999 -9999 -9999 11 11 15 11 8 7 12 14 14 8 8 7 7 5 9 9 -9999 12 14 15 35 32 24 24 35 26 24 20 12 19 17 18 20 15 21 19 20 19 26 27 20 15 20 18 24 -9999 23 21 17 33 20 13 14 12 9 13 15 12 27 -9999 17 14 12 16 11 -9999 -9999 -9999 -9999 -9999 -9999
29 45 42 25 33 19 23 -9999 -9999 -9999 -9999 -9999 -9999 -9999 -9999 -9999 -9999 -9999 -9999 -9999 -9999 -9999 -9999 11 9 6 8 8 8 9 14 12 13 17 11 15 14 15 13 8 11 12 11 -9999 -9999 22 19 27 19 26 27 13 15 19 11 21 20 16 14 21 18 23 17 18 19 18 26 26 26 12 20 22 18 30 32 18 12 17 12 10 10 10 8 8 15 15 9 11 18 18 12 14 17 18 18 -9999
52 29 23 20 20 14 -9999 -9999 -9999 -9999 -9999 -9999 -9999 -9999 -9999 -9999 -9999 -9999 -9999 -9999 -9999 -9999 9 8 12 11 13 11 7 9 10 13 16 9 7 8 12 9 14 24 15 22 29 22 17 12 29 39 33 42 21 21 16 19 23 18 17 22 23 21 15 17 16 16 17 16 18 20 18 26 37 23 22 21 19 16 -9999 14 11 12 14 14 16 14 13 21 20 30 24 22 16 20 16 8 9 7
48 32 20 20 20 -9999 -9999 -9999 -9999 -9999 -9999 -9999 -9999 -9999 -9999 -9999 -9999 -9999 -9999 -9999 13 9 11 12 12 13 14 13 17 19 12 11 11 16 17 14 17 13 15 22 18 23 16 20 18 16 16 27 27 46 30 17 21 17 16 15 20 18 19 16 27 25 26 23 22 16 23 21 21 23 28 29 23 24 23 16 15 28 13 9 16 13 12 13 14 18 12 16 17 27 27 16 16 18 22 14
33 15 -9999 -9999 -9999 -9999 -9999 -9999 -9999 -9999 -9999 -9999 -9999 -9999 -9999 -9999 -9999 -9999 9 8 11 7 10 10 12 17 14 11 13 9 22 21 16 14 10 10 16 24 18 16 13 17 24 27 23 21 13 15 20 26 34 24 30 33 33 24 19 20 23 29 37 32 23 23 27 18 -9999 31 23 26 19 23 28 25 38 25 15 19 31 14 -9999 11 8 16 10 10 -9999 -9999 19 26 13 11 15 16 23 27
-9999 -9999 -9999 -9999 -9999 -9999 -9999 -9999 -9999 -9999 -9999 -9999 -9999 -9999 -9999 7 5 7 10 11 8 12 13 15 9 8 12 8 7 12 18 17 16 16 14 -9999 30 24 26 19 21 26 27 25 21 18 18 21 20 19 31 26 33 26 26 30 23 28 24 23 23 25 27 -9999 28 21 19 29 26 23 24 54 18 18 42 43 33 17 36 33 21 11 10 12 10 19 15 -9999 -9999 -9999 15 17 21 9 12 31
-9999 -9999 -9999 -9999 -9999 -9999 -9999 -9999 -9999 -9999 -9999 -9999 -9999 6 10 6 5 9 8 5 6 7 9 11 11 13 13 9 8 10 16 17 -9999 12 16 17 17 14 20 16 14 18 29 26 24 19 16 21 17 25 15 27 18 28 26 -9999 -9999 35 25 31 20 20 23 20 17 26 23 24 23 27 24 52 28 20 20 16 19 27 -9999 11 -9999 -9999 12 16 14 8 13 18 -9999 13 7 12 16 24 15 11
