resultados/variables/diversidad_topo.asc
ncols 330
nrows 228
xllcorner -12.000000
yllcorner 34.000000
cellsize 0.166667
NODATA_value -9999
[rows 52 to 103 of 228, columns 192 to 287 of 330]
-9999 -9999 -9999 -9999 -9999 -9999 -9999 -9999 -9999 -9999 -9999 -9999 -9999 -9999 14 11 11 12 11 9 14 11 13 14 9 9 7 9 14 14 19 19 20 26 26 28 22 27 18 12 22 20 37 18 26 18 17 40 -9999 23 23 21 18 21 36 31 25 15 -9999 -9999 28 28 31 17 20 24 23 20 22 24 24 39 14 18 20 32 35 36 46 23 -9999 -9999 -9999 -9999 20 11 14 14 13 12 22 31 31 20 25 14
-9999 -9999 -9999 -9999 -9999 -9999 -9999 -9999 -9999 -9999 5 7 11 10 14 9 10 15 13 11 13 16 26 14 12 11 10 17 16 18 20 22 23 26 -9999 29 23 21 23 7 10 17 26 24 10 16 -9999 33 32 18 21 22 16 31 32 25 33 26 46 -9999 24 39 21 23 19 19 24 18 25 22 36 24 22 20 24 58 33 29 24 27 14 18 18 15 15 16 12 18 18 14 21 17 24 12 17 14
-9999 -9999 -9999 -9999 -9999 -9999 -9999 -9999 -9999 9 9 9 12 14 12 9 6 15 18 13 9 17 21 21 24 12 10 17 21 18 16 21 28 24 20 20 23 22 28 16 15 9 18 17 35 22 -9999 24 18 20 22 30 33 20 32 21 11 -9999 26 30 33 23 33 20 -9999 16 14 17 13 20 21 21 -9999 23 16 15 35 31 22 13 11 10 12 14 25 13 42 56 47 24 17 23 26 20 25 24
-9999 -9999 -9999 -9999 -9999 -9999 -9999 8 8 9 26 16 28 29 14 14 19 17 12 9 15 17 17 13 16 12 11 11 23 24 30 29 21 18 30 23 25 25 21 14 10 14 20 10 22 25 -9999 20 17 25 24 30 23 17 11 -9999 18 23 -9999 30 29 26 24 15 15 7 17 22 22 17 19 14 16 19 16 13 20 18 19 12 15 12 26 27 35 20 34 -9999 -9999 -9999 -9999 47 38 22 18 21
-9999 -9999 -9999 -9999 -9999 -9999 -9999 11 12 21 10 13 21 29 22 15 9 7 6 8 8 13 15 12 18 15 14 15 20 23 35 26 30 28 29 24 21 20 33 -9999 26 25 16 15 15 19 -9999 20 27 -9999 26 24 23 19 20 18 15 20 12 14 26 22 15 23 22 17 14 14 19 19 23 17 20 17 19 17 28 22 20 18 19 16 -9999 19 11 22 25 20 20 13 -9999 -9999 -9999 12 25 40
-9999 -9999 -9999 -9999 -9999 -9999 -9999 -9999 16 15 21 18 16 25 21 11 18 13 6 5 9 13 20 18 18 18 15 23 26 19 34 22 21 27 29 25 25 -9999 22 19 23 18 15 19 15 -9999 -9999 22 22 20 20 28 -9999 24 17 29 -9999 16 -9999 16 19 15 27 21 19 16 15 16 14 13 15 15 18 12 18 23 14 8 12 13 14 18 18 24 -9999 53 48 16 29 27 43 20 22 -9999 -9999 16
-9999 -9999 -9999 -9999 -9999 -9999 -9999 -9999 12 23 18 18 18 14 8 11 9 11 11 11 13 16 21 26 24 21 25 24 23 23 26 28 33 30 33 22 25 22 23 17 17 15 17 -9999 14 17 18 15 27 24 27 24 25 30 18 22 -9999 14 15 8 21 13 13 29 18 20 16 14 14 17 18 24 9 11 14 9 12 11 15 13 17 25 26 33 14 29 35 24 -9999 23 16 18 14 17 -9999 26
-9999 -9999 -9999 -9999 -9999 -9999 -9999 -9999 8 16 10 12 25 22 15 7 8 11 15 14 15 30 36 30 20 24 19 18 21 24 22 26 34 32 -9999 36 36 25 19 19 18 10 8 10 12 18 26 17 25 19 14 -9999 25 25 26 14 15 16 -9999 18 14 22 16 21 25 44 41 22 15 17 15 7 11 18 12 10 13 9 22 22 19 15 30 23 18 17 -9999 36 -9999 -9999 36 -9999 -9999 -9999 21 25
-9999 -9999 -9999 -9999 -9999 -9999 -9999 -9999 -9999 10 6 9 10 8 13 12 12 24 22 12 16 18 32 33 -9999 24 20 23 23 25 27 27 35 -9999 34 23 17 16 12 -9999 10 9 12 11 12 7 13 12 18 15 19 24 -9999 16 14 15 9 9 14 9 21 15 16 23 20 20 21 20 19 19 19 16 15 15 9 8 31 18 -9999 -9999 14 13 19 18 15 18 42 36 -9999 -9999 -9999 13 -9999 -9999 -9999 21
-9999 -9999 -9999 -9999 -9999 -9999 -9999 -9999 -9999 10 9 12 11 11 11 14 13 14 20 22 17 20 -9999 19 18 23 23 26 30 17 30 28 -9999 -9999 32 22 17 -9999 16 12 -9999 16 15 15 11 12 20 18 19 17 15 17 -9999 -9999 17 14 19 17 11 14 -9999 13 19 24 38 33 25 20 21 14 10 12 17 15 5 11 16 34 -9999 11 9 17 32 35 70 47 61 -9999 -9999 -9999 -9999 -9999 -9999 -9999 -9999 -9999
-9999 -9999 -9999 -9999 -9999 -9999 -9999 -9999 -9999 -9999 14 9 10 8 -9999 19 17 14 15 26 29 22 -9999 18 27 -9999 23 -9999 20 15 19 32 30 16 24 13 14 18 18 14 16 16 14 11 14 20 14 19 24 -9999 17 15 13 17 -9999 18 21 17 16 14 16 26 21 -9999 -9999 -9999 -9999 -9999 -9999 17 10 8 12 8 8 13 25 24 28 35 43 29 55 36 27 17 34 47 -9999 -9999 -9999 -9999 -9999 -9999 -9999 -9999
-9999 -9999 -9999 -9999 -9999 -9999 -9999 -9999 -9999 15 17 12 9 15 -9999 17 16 21 23 28 25 20 23 17 -9999 22 25 27 19 16 13 29 18 21 18 15 15 16 17 19 18 18 14 10 14 15 13 10 -9999 15 15 14 14 10 17 15 16 13 12 14 18 -9999 -9999 -9999 -9999 -9999 -9999 -9999 -9999 -9999 17 17 19 17 16 17 29 25 22 16 16 22 49 32 23 17 31 33 20 20 38 50 -9999 -9999 -9999 -9999
-9999 -9999 -9999 -9999 -9999 -9999 -9999 -9999 -9999 13 10 11 7 9 10 17 16 -9999 14 9 11 22 13 18 16 22 18 19 19 25 15 19 26 -9999 18 -9999 16 13 15 17 15 12 16 14 12 -9999 11 12 -9999 -9999 -9999 13 15 17 17 20 17 17 18 16 -9999 -9999 -9999 -9999 -9999 -9999 -9999 -9999 -9999 -9999 -9999 -9999 -9999 24 13 16 12 14 16 18 15 11 14 30 32 16 15 18 10 13 20 24 23 28 -9999 -9999
-9999 -9999 -9999 -9999 -9999 -9999 -9999 -9999 -9999 8 7 11 10 16 20 15 11 11 10 13 10 17 20 20 30 21 17 20 21 22 18 16 30 23 16 18 22 15 17 14 14 13 10 11 12 10 13 10 13 11 17 18 16 22 21 17 16 10 11 8 6 -9999 -9999 -9999 -9999 -9999 -9999 -9999 -9999 -9999 -9999 -9999 -9999 -9999 -9999 7 6 12 13 18 21 18 20 14 25 18 19 14 23 10 -9999 7 14 18 -9999 -9999
-9999 -9999 -9999 -9999 -9999 -9999 -9999 -9999 9 8 13 9 11 11 19 14 12 9 12 15 15 16 12 16 10 13 18 14 19 21 21 16 17 21 13 14 14 17 -9999 13 15 19 15 12 11 11 8 8 12 15 11 12 14 13 11 13 10 10 9 12 17 20 -9999 -9999 -9999 -9999 -9999 -9999 -9999 -9999 -9999 -9999 -9999 -9999 -9999 -9999 11 8 7 8 16 33 34 16 24 25 29 31 32 30 38 57 54 -9999 -9999 -9999
-9999 -9999 -9999 -9999 -9999 -9999 -9999 -9999 -9999 6 9 9 10 11 11 10 10 7 9 9 13 18 17 17 15 14 14 16 11 17 11 9 7 16 9 14 14 19 14 13 12 12 15 16 12 12 13 13 10 8 10 16 8 12 12 13 13 14 13 20 19 21 13 -9999 -9999 -9999 -9999 -9999 -9999 -9999 -9999 -9999 -9999 -9999 -9999 -9999 -9999 11 7 9 25 17 30 29 15 20 13 11 9 17 30 43 69 58 26 22
-9999 -9999 -9999 -9999 -9999 -9999 -9999 8 -9999 -9999 -9999 11 14 14 14 12 10 9 11 9 12 16 17 16 18 22 14 13 14 17 8 8 11 10 14 14 13 8 10 9 -9999 17 16 12 12 12 -9999 13 16 12 -9999 -9999 10 13 13 14 12 15 32 34 36 33 21 18 -9999 -9999 -9999 -9999 -9999 -9999 -9999 -9999 -9999 -9999 -9999 -9999 -9999 -9999 -9999 8 11 21 19 14 16 21 15 19 21 22 24 11 19 21 33 28
-9999 -9999 -9999 -9999 -9999 -9999 -9999 -9999 -9999 -9999 -9999 11 -9999 14 16 19 19 21 30 19 20 21 21 23 20 18 19 19 16 13 9 13 13 13 12 14 -9999 9 -9999 -9999 -9999 -9999 -9999 -9999 -9999 -9999 -9999 -9999 -9999 -9999 -9999 18 21 17 18 20 17 23 18 24 25 41 15 23 15 -9999 -9999 -9999 -9999 -9999 -9999 -9999 -9999 -9999 -9999 -9999 8 13 8 8 10 15 19 20 21 29 27 28 34 37 24 18 12 14 16 23
22 16 -9999 -9999 -9999 -9999 -9999 -9999 -9999 9 -9999 -9999 -9999 -9999 -9999 17 -9999 -9999 22 22 17 19 19 19 21 21 21 27 19 17 19 -9999 -9999 -9999 14 -9999 -9999 -9999 -9999 -9999 -9999 -9999 -9999 -9999 -9999 -9999 -9999 -9999 -9999 -9999 -9999 -9999 -9999 -9999 23 21 18 25 28 34 34 23 13 16 14 10 -9999 -9999 -9999 -9999 -9999 -9999 -9999 -9999 -9999 -9999 7 8 9 11 7 16 18 20 15 19 32 22 21 11 7 8 9 7 11 10
14 11 -9999 -9999 -9999 -9999 -9999 -9999 -9999 -9999 -9999 -9999 -9999 -9999 18 18 17 -9999 21 20 21 22 16 21 21 20 19 14 -9999 -9999 -9999 -9999 -9999 -9999 -9999 -9999 -9999 -9999 -9999 -9999 -9999 -9999 -9999 -9999 -9999 -9999 -9999 -9999 -9999 -9999 -9999 -9999 -9999 -9999 -9999 -9999 -9999 -9999 -9999 -9999 10 21 13 20 10 12 -9999 -9999 -9999 6 6 6 9 10 13 9 8 8 6 7 12 12 11 24 16 15 27 45 20 12 7 8 10 13 11 15
-9999 -9999 -9999 -9999 -9999 4 -9999 -9999 -9999 -9999 -9999 -9999 -9999 -9999 -9999 -9999 -9999 -9999 -9999 -9999 -9999 -9999 -9999 -9999 -9999 -9999 -9999 -9999 -9999 -9999 -9999 -9999 -9999 -9999 -9999 -9999 -9999 -9999 -9999 -9999 -9999 -9999 -9999 -9999 -9999 -9999 -9999 -9999 -9999 -9999 -9999 -9999 -9999 -9999 14 14 18 27 -9999 -9999 -9999 6 5 12 11 8 -9999 9 -9999 20 14 13 9 10 7 9 7 7 4 6 6 8 9 9 13 15 30 22 19 13 10 8 11 9 9 10
-9999 -9999 -9999 -9999 -9999 -9999 -9999 -9999 -9999 -9999 -9999 -9999 -9999 -9999 -9999 -9999 -9999 -9999 -9999 -9999 -9999 -9999 -9999 -9999 -9999 -9999 -9999 -9999 -9999 -9999 -9999 -9999 -9999 -9999 -9999 -9999 -9999 -9999 -9999 -9999 -9999 -9999 -9999 -9999 -9999 -9999 -9999 -9999 18 -9999 -9999 23 26 27 48 45 43 34 34 31 35 32 21 9 11 13 11 11 6 6 6 7 8 7 8 5 3 6 7 7 7 7 7 10 18 29 13 10 10 10 9 8 14 10 9 8
-9999 -9999 -9999 -9999 -9999 -9999 -9999 -9999 -9999 -9999 -9999 -9999 -9999 -9999 -9999 -9999 -9999 -9999 -9999 -9999 -9999 -9999 -9999 -9999 -9999 -9999 -9999 -9999 -9999 -9999 -9999 -9999 -9999 17 22 27 29 -9999 -9999 -9999 -9999 -9999 -9999 -9999 -9999 -9999 -9999 -9999 -9999 11 11 18 22 24 14 6 7 8 10 11 8 7 11 11 16 8 12 12 6 7 7 7 8 5 7 4 3 4 7 10 11 9 7 27 25 25 21 13 9 7 6 5 5 9 15 9
-9999 -9999 -9999 -9999 -9999 -9999 -9999 -9999 -9999 -9999 -9999 -9999 -9999 -9999 -9999 -9999 -9999 -9999 -9999 -9999 -9999 -9999 -9999 -9999 -9999 -9999 15 19 22 12 11 10 19 13 9 12 9 8 9 9 18 27 -9999 30 30 -9999 -9999 -9999 13 10 8 9 14 17 13 13 13 11 10 12 13 9 8 7 10 7 7 6 7 6 8 9 9 10 8 6 5 7 11 7 8 8 17 27 11 8 10 10 10 11 8 7 4 4 5 7
-9999 -9999 -9999 -9999 -9999 -9999 -9999 -9999 -9999 -9999 -9999 -9999 -9999 -9999 -9999 -9999 -9999 -9999 -9999 -9999 -9999 -9999 10 9 -9999 6 7 9 9 10 8 10 9 6 6 9 15 13 20 12 6 8 7 9 7 8 4 7 7 11 12 10 7 18 16 13 13 9 7 8 10 7 8 8 8 9 8 7 7 6 7 6 11 8 11 10 9 10 9 11 16 50 42 33 15 9 7 8 7 6 6 4 5 6 6 5
-9999 -9999 -9999 -9999 -9999 -9999 -9999 -9999 -9999 -9999 -9999 -9999 -9999 -9999 -9999 -9999 -9999 -9999 -9999 -9999 -9999 8 5 7 11 6 7 5 5 4 5 5 5 3 9 9 11 11 13 12 9 9 6 6 8 7 6 6 9 11 15 11 14 12 11 10 11 12 9 9 8 -9999 8 9 7 7 7 6 5 7 8 14 6 9 5 8 8 7 25 24 25 24 15 9 13 12 6 7 5 5 4 6 5 4 4 4
-9999 -9999 -9999 -9999 -9999 -9999 -9999 -9999 -9999 -9999 -9999 -9999 -9999 14 11 7 6 7 -9999 -9999 -9999 6 5 10 8 9 8 9 6 5 6 6 6 6 7 8 7 9 14 9 11 10 -9999 -9999 -9999 -9999 6 8 13 11 10 8 8 11 7 9 6 9 11 11 6 8 11 10 7 4 6 5 6 8 10 6 6 8 4 4 6 7 29 17 36 21 13 12 9 6 5 5 7 6 6 7 9 8 4 3
-9999 -9999 -9999 -9999 -9999 -9999 -9999 -9999 -9999 -9999 -9999 -9999 -9999 -9999 -9999 8 -9999 -9999 -9999 -9999 -9999 -9999 -9999 5 4 5 7 6 6 8 7 7 5 4 6 5 6 8 12 9 16 12 15 -9999 -9999 -9999 -9999 9 15 17 9 10 13 15 12 8 12 10 12 12 11 10 5 6 5 5 7 5 8 9 6 5 6 9 11 11 24 35 30 19 29 32 11 12 10 9 7 6 6 7 12 16 13 11 4 5
-9999 -9999 -9999 -9999 -9999 -9999 -9999 -9999 -9999 -9999 -9999 -9999 -9999 -9999 -9999 11 -9999 8 -9999 9 -9999 6 7 5 5 3 4 7 7 8 5 7 10 16 5 6 7 9 7 11 11 12 15 -9999 -9999 -9999 -9999 10 8 10 10 12 19 18 15 8 8 17 21 12 10 8 5 9 5 7 9 10 5 7 9 7 6 7 13 18 31 8 12 27 22 38 45 13 9 8 10 12 10 7 10 13 14 15 7 12
-9999 -9999 -9999 -9999 -9999 -9999 -9999 -9999 -9999 -9999 -9999 -9999 14 13 8 4 5 6 -9999 -9999 -9999 -9999 11 11 7 9 7 6 6 5 4 9 18 18 9 6 5 5 8 9 12 8 12 1 -9999 -9999 6 7 9 14 25 19 21 15 18 13 10 16 9 6 7 7 9 6 6 9 6 -9999 2 4 8 9 10 10 10 9 31 13 15 18 31 32 31 26 25 10 11 10 16 12 8 12 9 14 8 6
-9999 -9999 -9999 -9999 -9999 -9999 -9999 -9999 -9999 -9999 -9999 -9999 17 13 5 7 -9999 -9999 -9999 -9999 -9999 -9999 -9999 -9999 -9999 -9999 -9999 8 7 7 11 11 11 19 18 12 -9999 16 16 24 23 15 12 6 7 3 5 5 8 20 18 14 19 17 11 15 6 8 6 5 7 6 7 10 7 8 -9999 -9999 -9999 -9999 11 9 8 10 9 15 33 31 15 13 16 18 14 21 20 9 8 6 7 16 16 13 14 7 8 9
-9999 -9999 -9999 -9999 -9999 -9999 -9999 -9999 -9999 -9999 -9999 -9999 -9999 -9999 -9999 -9999 -9999 -9999 -9999 -9999 -9999 -9999 -9999 -9999 -9999 -9999 -9999 15 11 9 5 8 11 14 12 17 14 34 27 23 17 21 12 7 7 4 -9999 -9999 7 16 28 28 29 18 17 13 7 8 12 10 11 9 15 16 12 9 11 5 3 5 8 14 4 9 7 10 26 26 21 17 9 10 13 8 7 8 9 10 13 21 12 11 15 10 9 10
-9999 -9999 -9999 -9999 -9999 -9999 -9999 -9999 -9999 -9999 -9999 -9999 -9999 -9999 -9999 -9999 -9999 -9999 -9999 -9999 -9999 -9999 -9999 -9999 -9999 -9999 13 8 5 6 7 9 11 18 9 10 16 23 36 23 20 15 7 12 15 18 15 -9999 -9999 11 9 7 8 9 10 9 10 7 8 7 10 6 8 8 6 7 11 8 7 7 7 15 6 8 8 29 36 17 24 22 16 13 10 9 8 8 5 11 11 12 10 10 11 9 13 14
-9999 -9999 -9999 -9999 -9999 -9999 -9999 -9999 -9999 -9999 -9999 -9999 -9999 -9999 -9999 7 -9999 -9999 -9999 -9999 -9999 -9999 -9999 -9999 -9999 -9999 14 6 10 6 11 -9999 12 9 15 9 10 13 14 10 19 39 58 38 37 28 26 15 4 6 6 7 6 8 12 5 9 11 12 8 6 6 4 8 6 5 10 9 6 8 8 13 6 8 7 24 28 20 13 13 17 11 9 7 7 8 8 9 7 7 12 11 8 8 8 12
-9999 -9999 -9999 -9999 -9999 -9999 -9999 -9999 -9999 -9999 -9999 10 8 22 22 17 -9999 -9999 -9999 -9999 -9999 -9999 -9999 -9999 -9999 -9999 15 10 15 7 11 7 11 8 8 7 7 9 13 11 20 25 20 9 15 11 10 13 6 7 6 10 6 8 12 27 52 38 44 11 7 7 6 4 3 5 5 7 11 11 9 6 7 11 30 58 33 18 12 9 23 16 12 12 6 6 -9999 8 5 11 15 16 17 10 12 11
-9999 -9999 -9999 -9999 -9999 -9999 -9999 -9999 -9999 7 10 10 9 10 11 9 12 13 -9999 -9999 -9999 -9999 -9999 -9999 -9999 -9999 17 8 11 10 9 11 15 21 53 42 27 15 9 10 15 16 16 15 9 8 15 6 7 7 6 5 4 10 28 23 18 20 44 8 9 7 6 5 3 4 5 5 9 6 5 6 9 29 32 21 14 11 10 8 11 13 12 25 23 38 28 16 15 9 13 15 12 9 12 10
-9999 -9999 -9999 -9999 -9999 -9999 -9999 -9999 -9999 6 9 12 12 8 9 30 35 11 -9999 -9999 -9999 -9999 -9999 -9999 -9999 -9999 11 10 10 25 24 36 38 33 15 10 16 20 16 11 11 12 9 9 11 7 11 5 6 9 7 7 9 11 28 48 43 25 12 8 8 4 5 3 2 3 6 6 7 5 9 35 52 30 21 17 14 12 11 13 12 12 19 18 17 18 24 23 13 11 10 20 15 19 9 6
-9999 -9999 -9999 -9999 -9999 -9999 -9999 -9999 10 16 20 12 7 11 11 17 23 16 23 23 -9999 -9999 -9999 -9999 -9999 8 7 12 17 12 24 24 13 13 12 27 21 22 15 11 11 7 8 7 8 13 7 5 4 7 5 5 9 21 12 13 12 15 9 8 6 5 5 4 6 6 5 8 24 34 36 34 13 8 8 17 21 16 18 11 14 10 10 9 12 20 18 16 16 18 8 10 10 9 8 7
-9999 -9999 -9999 -9999 -9999 -9999 -9999 10 8 15 16 30 8 12 9 10 20 18 15 15 7 7 8 7 6 7 8 11 8 9 10 27 28 21 12 21 19 47 8 8 7 5 6 9 8 9 6 7 7 8 12 8 11 12 25 53 53 36 35 32 8 6 7 7 6 7 11 25 36 21 18 14 10 12 7 9 14 14 16 15 9 23 15 14 10 12 18 12 13 14 9 9 9 11 10 7
-9999 -9999 -9999 -9999 -9999 -9999 9 8 11 13 21 27 11 11 15 10 11 11 9 13 7 6 7 6 6 9 10 13 10 11 9 5 10 23 32 47 31 18 8 6 4 5 5 20 20 10 7 5 5 6 6 7 11 23 23 15 18 17 18 26 33 10 5 7 6 7 7 20 25 16 15 19 14 6 7 6 8 24 21 18 12 16 22 13 10 10 15 14 14 10 7 8 10 9 17 23
-9999 -9999 -9999 -9999 -9999 -9999 10 9 13 18 15 27 16 8 11 9 8 10 15 12 8 7 6 5 7 8 7 7 9 12 12 12 14 10 19 10 17 12 5 5 7 9 16 13 12 9 13 14 5 6 6 11 13 23 16 10 18 24 18 22 26 9 5 7 6 5 15 27 20 10 16 24 20 11 11 9 6 23 19 20 19 17 15 14 22 13 19 19 10 13 16 13 10 11 20 35
-9999 -9999 -9999 -9999 -9999 -9999 7 7 13 21 30 15 16 9 9 11 13 10 9 9 10 7 7 7 6 3 5 7 6 7 5 7 6 9 9 10 10 7 6 4 11 11 10 12 11 14 16 13 12 9 16 14 18 14 11 13 13 12 11 21 34 23 28 8 6 19 31 18 13 9 9 10 13 16 15 16 14 15 14 30 27 19 24 19 21 18 23 11 11 16 11 10 8 9 9 10
-9999 -9999 -9999 -9999 -9999 -9999 7 9 9 13 18 12 16 15 10 7 5 7 5 9 11 9 3 4 7 5 5 7 4 6 5 5 7 12 9 7 7 7 5 7 16 7 10 9 14 22 14 16 13 13 16 12 9 11 9 9 11 8 14 19 19 15 16 16 17 21 17 13 9 10 10 12 11 12 8 8 10 7 18 12 12 18 16 14 19 11 9 14 15 15 10 11 10 6 9 11
-9999 -9999 -9999 -9999 -9999 -9999 7 9 8 13 28 19 20 12 17 13 10 5 6 8 10 6 8 5 6 5 5 5 4 6 5 7 7 12 13 10 24 22 10 8 18 14 12 10 11 10 10 13 13 11 -9999 6 7 8 10 9 8 9 9 16 10 11 8 9 11 10 8 -9999 6 8 11 9 7 8 10 15 10 9 17 17 14 13 9 9 9 10 12 13 13 11 9 13 27 34 27 25
-9999 -9999 -9999 -9999 -9999 -9999 7 11 13 12 19 15 15 19 22 19 11 12 12 11 11 9 10 7 6 5 9 7 5 8 6 5 8 12 17 15 15 26 23 14 20 17 24 20 21 10 12 12 11 10 10 8 7 9 -9999 12 7 9 8 9 12 11 10 8 7 9 11 12 13 8 10 13 7 4 4 6 13 9 12 26 20 14 12 10 8 8 7 14 26 13 14 14 14 16 14 14
-9999 -9999 -9999 -9999 -9999 -9999 9 8 19 11 7 8 19 14 11 18 18 18 20 5 5 6 10 6 7 4 7 7 10 10 6 9 17 12 12 24 -9999 14 15 12 11 8 -9999 14 21 12 9 11 8 8 10 7 7 7 5 6 6 6 16 20 22 18 12 8 6 6 6 11 10 8 14 12 10 8 9 9 11 25 20 13 11 8 9 10 10 8 5 6 6 18 18 11 11 16 10 12
-9999 -9999 -9999 -9999 -9999 -9999 -9999 6 10 20 21 10 14 19 18 12 10 12 13 9 13 6 10 8 8 6 6 6 6 7 14 18 27 21 22 17 18 13 11 7 10 10 10 11 9 7 4 4 8 9 12 9 8 8 8 6 5 7 21 15 18 10 9 10 8 6 8 9 14 18 13 11 7 8 13 8 14 18 14 9 12 15 12 11 18 13 14 21 8 10 18 18 18 19 21 15
-9999 -9999 -9999 -9999 -9999 -9999 -9999 2 5 10 12 13 14 22 35 31 29 24 20 15 11 9 10 9 7 5 6 5 7 13 25 12 15 20 18 19 14 24 9 8 7 7 6 4 8 8 7 9 13 11 9 9 9 9 7 5 7 7 12 9 9 10 10 24 8 6 7 11 15 16 13 12 14 20 14 15 19 16 7 10 14 15 17 21 17 16 17 17 19 14 13 16 13 18 16 14
-9999 -9999 -9999 -9999 -9999 4 -9999 -9999 2 7 12 17 12 13 11 9 7 5 5 14 14 9 9 8 6 9 7 7 22 22 17 14 11 10 10 9 -9999 26 17 8 7 5 7 8 10 10 14 11 12 12 17 9 9 9 9 8 6 10 9 11 11 16 22 25 36 35 17 10 10 8 9 19 23 16 16 18 17 23 12 11 14 14 13 15 18 15 16 16 20 16 11 15 14 12 15 13
-9999 -9999 -9999 -9999 -9999 -9999 -9999 2 1 2 8 10 15 11 12 10 10 10 13 12 15 16 13 10 11 13 13 14 15 10 11 20 12 9 10 10 15 17 15 22 29 11 12 14 16 12 9 9 7 9 26 13 12 11 5 6 6 7 7 10 8 20 21 24 27 17 13 10 8 12 10 18 15 20 13 20 18 13 16 14 19 12 11 13 20 20 10 19 19 17 16 17 10 17 14 13
24 23 16 8 4 -9999 -9999 3 5 3 8 8 12 6 6 7 6 5 5 8 9 15 18 17 15 11 9 20 20 16 14 16 22 17 11 14 14 17 23 9 18 10 11 13 9 10 14 15 12 10 12 15 10 17 11 8 5 9 7 10 6 8 10 8 16 9 14 11 11 11 8 21 18 16 17 16 10 19 23 23 23 18 14 11 9 15 16 14 13 16 14 18 18 20 18 18
14 21 15 9 7 6 7 9 6 8 8 14 13 7 10 6 5 5 6 5 10 8 9 14 17 28 38 26 33 28 25 27 22 12 38 31 15 8 13 13 12 10 13 7 9 6 13 15 17 13 8 10 14 22 21 12 13 18 26 20 24 16 9 7 12 11 11 7 15 18 18 23 23 20 15 7 15 19 13 12 20 17 15 11 16 12 14 9 9 15 18 14 21 19 18 17
