resultados/variables/human_footprint.asc
ncols 330
nrows 228
xllcorner -12.000000
yllcorner 34.000000
cellsize 0.166667
NODATA_value -9999
[rows 34 to 67 of 228, columns 234 to 311 of 330]
22.66 18.05 14.61 11.03 8.75 12.75 -9999 7 6.49 8.51 10.15 12.68 22.39 17.2 10.04 11.22 12.07 7.12 4.09 1 1 1 3.71 7.71 -9999 9.28 8.19 7.29 -9999 -9999 1.1 1 1.24 5.95 13.4 33.39 24.59 20.5 19.78 19.85 -9999 -9999 -9999 -9999 -9999 -9999 -9999 -9999 -9999 -9999 -9999 -9999 -9999 -9999 -9999 -9999 -9999 -9999 -9999 -9999 -9999 7.53 7 6.55 5.02 4.13 3.7 3.37 2.53 3.1 3.43 4.15 4.75 5.68 6.7 7 7 7
7.63 7.63 7.16 8.3 9.17 10.15 17.21 19.29 10.76 10.18 14.44 12.29 25.28 24.48 12.29 15.91 9.82 6.47 1.61 1 1.05 1 -9999 2.35 -9999 5.94 7.82 8.62 10.94 7 6.54 8.41 11.4 12.25 12.64 26.47 28.54 12.2 9.53 12.2 14.35 16.14 17.92 -9999 -9999 -9999 -9999 -9999 -9999 -9999 -9999 -9999 -9999 -9999 -9999 -9999 -9999 -9999 -9999 -9999 -9999 -9999 -9999 -9999 -9999 -9999 7 7 7 7 7 -9999 -9999 -9999 -9999 -9999 -9999 -9999
9.15 9.65 9.92 12.65 7.97 7.05 10.23 9.66 11.93 12.07 13.91 13.99 25.1 -9999 14.18 11.77 11.4 11.11 7.06 5.19 4.18 2.79 3.95 4.68 4.88 -9999 8.02 9.45 16.01 16.23 14.27 14.41 15.02 11 7.39 7.09 10.41 9.97 9.58 7.43 13.71 7.65 7.44 11.13 16.44 -9999 -9999 -9999 -9999 -9999 -9999 -9999 -9999 -9999 -9999 -9999 -9999 -9999 -9999 -9999 -9999 -9999 -9999 -9999 -9999 -9999 -9999 -9999 -9999 -9999 -9999 -9999 -9999 -9999 -9999 -9999 -9999 -9999
8.4 9.57 12.16 9.85 9.4 12.63 12.99 11.19 10.78 15.73 19.75 18.86 19.81 21.16 21.24 12.84 9.9 10.93 11.02 9.2 9.7 9.37 9.54 9.02 15.31 11.47 14.83 -9999 -9999 -9999 5.4 6.82 8.61 9.41 7 7 10.45 7 2.58 1 6.08 18.68 14.58 9.55 12.04 15.12 -9999 -9999 -9999 -9999 -9999 -9999 -9999 -9999 -9999 -9999 -9999 -9999 -9999 -9999 -9999 -9999 -9999 -9999 -9999 -9999 -9999 -9999 -9999 -9999 -9999 -9999 -9999 -9999 -9999 -9999 -9999 -9999
11.43 10.94 9.06 15.68 17.17 19.41 22.75 36.08 23.52 19.36 16.05 17.61 18.94 17.7 17.64 12.99 9.24 2.31 2.85 4.62 6.13 7.14 7.16 6.06 7.18 9.94 7.16 3.9 0.98 0.95 2.81 7 10.69 9.96 9.79 -9999 9.61 9.62 6.62 5.2 3.37 4.66 5.65 10.74 7.94 -9999 -9999 -9999 -9999 -9999 -9999 -9999 -9999 -9999 -9999 -9999 -9999 -9999 -9999 -9999 -9999 -9999 -9999 -9999 -9999 -9999 -9999 -9999 -9999 -9999 -9999 -9999 -9999 -9999 -9999 -9999 -9999 7
24.27 17.38 17.12 16.55 16.8 17.84 14.93 22.04 22.99 15.89 16.86 17.77 14.87 10.93 11.26 12.38 8.61 5.16 4.87 6.31 8.32 8.4 8.64 8.61 8.77 9.73 7.12 4.33 3 2.53 2.05 5.17 6.48 7.15 8.7 7.85 7.18 7.95 11.08 11.08 9.85 8.57 12.15 26.87 14.3 -9999 -9999 -9999 -9999 -9999 -9999 -9999 -9999 -9999 -9999 -9999 -9999 -9999 -9999 -9999 -9999 -9999 -9999 -9999 -9999 -9999 -9999 -9999 -9999 -9999 -9999 -9999 -9999 -9999 -9999 -9999 7 6.94
16.11 13.66 16.16 17.13 14.93 10.86 8.86 9.34 15.61 17.88 12.2 10.14 12.07 10.8 14.34 13.16 9.57 8.96 10.03 11.17 10.15 9.22 8.86 9.41 14.32 14.17 8.05 8.71 9.7 9.19 7.99 6.87 6.03 7.44 9.1 13.02 15.31 12.46 11.37 12.5 12.53 7.64 9.84 14.06 -9999 -9999 -9999 -9999 -9999 -9999 -9999 -9999 -9999 -9999 -9999 -9999 -9999 -9999 -9999 -9999 -9999 -9999 -9999 -9999 -9999 -9999 -9999 -9999 -9999 -9999 -9999 -9999 -9999 -9999 -9999 -9999 -9999 7
8.32 7.15 8.63 10.2 11.05 8.48 9.09 11.11 9.8 16.24 11.11 12.81 -9999 10.47 11.51 11.21 7.47 3.76 5.65 7.96 10.12 7.23 -9999 6.61 8.01 9.74 9.48 -9999 9.64 11.43 8.4 8.79 12.36 15.65 16.04 20.5 19.19 15.81 15.68 20.45 22.06 16.41 13.31 10.4 13.43 -9999 -9999 -9999 -9999 -9999 -9999 -9999 31.12 -9999 -9999 -9999 -9999 -9999 -9999 7 7 6.97 6.9 -9999 -9999 -9999 -9999 -9999 -9999 -9999 -9999 -9999 -9999 -9999 -9999 -9999 -9999 -9999
10.48 10.74 9.72 16.85 16.59 10.26 10.54 8.96 9.64 16.31 19.37 26.92 18.82 12.65 11.46 8.02 7.24 7.86 7.71 9.26 8.75 8.47 6.68 10.82 14.84 14.1 7.22 7 9.75 13.58 13.62 11.15 12.2 13.95 15.98 15.5 12.37 8.26 10.84 12.41 15.54 15.66 17.14 18.34 20.57 45.34 -9999 -9999 -9999 -9999 -9999 -9999 -9999 -9999 -9999 -9999 -9999 -9999 6.92 6.97 3.6 3.54 4.63 6.97 7 -9999 -9999 -9999 -9999 -9999 -9999 -9999 -9999 -9999 -9999 -9999 -9999 -9999
11.23 10.96 9.71 7.14 10.24 12.03 9.88 18.52 20.31 17.55 11.07 11.46 11.56 10.7 11.67 11.79 10.88 9.08 10.23 7.35 6.67 15.33 19.53 19.19 15.32 12.07 9.7 9.36 12.01 14.72 17.79 21.49 15.97 15.34 12.14 9.39 9.35 8.85 9.75 9 10.95 11.89 12.58 13.42 12.05 22.05 22.28 15.44 -9999 -9999 -9999 -9999 -9999 -9999 -9999 -9999 -9999 7 7 6.28 1.89 1 1 1.99 5.28 7.72 -9999 -9999 -9999 16.88 -9999 -9999 -9999 -9999 -9999 -9999 -9999 -9999
17.1 14.91 8.35 7 10.61 12.54 12.01 16.66 18.94 11.81 10.74 10.89 12.13 11.61 13.53 13.97 18.2 23.35 16.49 9.52 9.02 29.41 25.21 12.6 8.51 7.17 7.79 7.49 8.17 15.08 18.18 29.59 15.28 11.19 9.1 9.77 12.16 13.15 13.36 10.53 11.38 12.07 12.44 9.48 8.81 15.65 34.8 -9999 -9999 -9999 -9999 -9999 -9999 -9999 -9999 -9999 -9999 -9999 -9999 7 6.7 3.52 3.85 6.87 10.46 13.55 16.65 15.53 12.33 9.05 8.7 11.55 15.75 23.85 21.29 -9999 -9999 22.39
11.79 14.07 20.05 19.61 23.33 24.57 30.92 24.98 15.61 14.97 14.24 13.73 15.76 14.8 16.26 14.18 13.61 12.17 7.34 7.46 9.28 8.91 8.47 9.13 10.68 12.21 9.49 9.06 -9999 15.62 21.27 17.98 17.52 11.61 8.95 10.8 13.54 12.61 12.53 12.03 10.78 13.62 -9999 10.94 17.36 19.89 26.21 21.5 -9999 -9999 -9999 -9999 -9999 -9999 -9999 -9999 -9999 -9999 -9999 -9999 -9999 12.03 14.92 16.14 -9999 17.91 15.09 10.86 2 1 1 1.04 2.79 5.36 9.51 12.3 20.24 15.21
13.03 -9999 -9999 33.95 52.29 42.18 34.53 26.66 18.86 13.05 10.4 9.48 11.89 13.51 16.6 13.87 24.36 12.62 8.22 8.66 7.74 5.55 6.16 7.75 10.12 7.77 8.73 11.74 11.23 15.28 29.66 16.43 15.68 13.87 8.82 9.36 12.7 11.8 9.49 9.07 10.32 10.88 13.48 16.62 22.37 7.38 5.82 13.07 15.48 18.53 34.15 24.43 16.97 -9999 -9999 -9999 -9999 -9999 -9999 -9999 -9999 -9999 -9999 -9999 -9999 -9999 16.89 10.98 1.43 1.13 1 1 1 1 3.74 4.42 7.55 2.01
26.58 24.09 26.54 28.37 23.85 19.72 28.4 37.31 34.61 15.71 14.56 13.83 12.81 17.62 26.98 30.26 12.42 10.76 10.5 11.1 11.04 9.84 9.26 10.03 7 6.65 7.17 8.36 10.5 12.75 15.16 17.05 19.05 14.83 -9999 12.19 11.28 11.56 10.88 13.16 11.72 12.44 15.88 25.26 11.7 8.19 7.87 9.91 10.44 13.21 11.05 13.66 19.11 22.84 20.94 -9999 -9999 -9999 -9999 -9999 -9999 -9999 -9999 -9999 -9999 -9999 20.19 14.2 6.71 6.16 1.78 1 1.01 1.73 7.17 11.06 12.18 8.65
12.03 13.96 28.52 17.98 18.66 18.68 17.07 13.88 19.49 14.59 13.53 13.21 12.95 13.01 12.06 13.52 11.78 13.29 11.4 9.9 12.73 12.95 15.48 13.14 9.48 9.45 14.79 15.98 14.2 19.86 21.77 14.65 11.63 8.43 8.16 11.88 12.32 12.2 11.12 12.94 10.58 11.7 18.92 37.73 18.95 10.95 10.99 11.21 10.85 12.52 10.73 12.66 16.68 18.5 18.7 24.11 23.31 18.59 -9999 -9999 -9999 -9999 -9999 -9999 -9999 -9999 47.87 27.54 18.39 15.18 6.55 2.12 1.79 4.77 7.85 9.8 7.41 4.12
22.12 20.81 19.86 15.53 12.24 12.35 13.93 13.33 12.11 18.94 23.01 18.37 14.63 15.55 18.27 16.93 12.68 11.89 10.26 9.1 14.92 17.3 22.02 13.63 -9999 8.84 11.88 13.39 11.71 21.23 15.03 11.04 9.01 8.06 8.79 8.55 10.94 9.48 -9999 3 3.08 3.88 12.66 35.44 -9999 -9999 11.28 12.82 10.21 11.93 9.44 12.05 15.98 18.05 19.93 17.95 15.31 19.34 16.4 21.02 18.34 21.46 39.1 30.72 18.23 18.07 21.59 17.3 -9999 18.25 16.86 14.1 15.76 18.25 12.03 13.85 13.62 9.12
41.04 55.66 27.69 22.29 14.42 13.1 12.39 15.34 12.93 12.55 18.34 24 33.02 29.62 16.14 13.69 12.74 14.47 13.63 10.58 9.49 -9999 9.65 13.87 13.1 10.22 9.55 10.69 12.12 13.42 21.68 9.46 9.47 14.55 14.73 15.85 18.99 16.28 10.71 4.77 3.87 5.13 7.09 14.16 11.89 -9999 -9999 -9999 10.62 12.97 11.03 11.78 12.61 12.77 14.81 13.3 10.7 11.04 5.72 7.3 10.12 15.21 16.47 17.37 7.16 2.47 2.27 7.78 14.35 15.49 15.81 16.62 15.89 13.08 9.01 9.17 11.33 16.23
24.29 31.66 39.11 22.15 21.98 18.45 17.59 14.27 13.1 11.01 16.47 14.63 16.48 -9999 -9999 20.83 18.38 20.05 20.98 13.91 13.86 12.07 10.66 9.76 13.69 21.54 12.62 7.24 7 6.63 9.36 5.5 3.76 6.42 10.73 13.38 -9999 20.66 -9999 -9999 4.68 8.67 10.56 16.39 12.78 10.03 -9999 4.54 8.25 9.66 11.95 19.43 14.54 9.72 11.99 11.29 9.35 8.78 9.08 9.77 9.89 7.6 10.77 16.54 9.48 1.89 5.49 8.94 8.6 5.1 7.17 14.21 18.46 17.45 11.14 9.06 14.22 16.75
19.59 22.57 30.21 29.99 20.28 23.7 -9999 24.61 21.96 12.14 13.34 13.56 13.61 24.24 16.61 12.32 -9999 -9999 35.69 17.91 13.66 15.03 14.16 15.18 12.81 10.6 11.25 13.06 14.64 9.6 7.11 11.47 4.52 1.09 2.6 5 13.23 15.86 -9999 -9999 -9999 -9999 10.86 14.42 14.85 9.05 9.2 11.04 11.14 12.89 14.64 14.57 11.6 14.63 17.05 10.64 9.88 9.53 10.29 8.02 5.41 8.54 9.97 7.53 7.31 7.33 9.66 8.19 4.95 1.27 1.1 17.13 20.71 18.34 13.07 4.79 12.23 14.68
17.27 22.75 24.89 47.4 -9999 30.06 27.55 33.58 31.05 19.06 15.28 14.01 14.28 13.37 18.55 15.71 17.79 -9999 21.51 16.1 14.29 13.8 10.83 10.26 12.1 11.04 11.18 10.31 11.41 11.27 7.04 10.54 13.64 7.05 6.15 6.71 13.12 14.06 12.55 13.25 13.23 14.62 13.48 14.64 20.38 18.83 21.81 24.58 13.2 10.51 13.83 15.75 14.35 15.62 22.01 16.4 9.3 6.57 8.9 10.17 9.56 9.71 7.14 5.62 7.28 9.89 7.75 5.35 1.34 3.54 6.01 13.14 21.62 18.17 15.16 14.43 9.69 6.13
17.66 17.93 24.94 48.47 -9999 33.95 26.07 26.95 23.66 22.73 21.42 17.31 15.3 19.41 25.8 -9999 23.19 20.5 22.1 40.63 16.68 11.21 -9999 11.76 9.66 12.86 9.96 8.7 11.62 8.59 -9999 9.96 12.7 14.44 9.85 10.53 13.27 11.54 11.58 12.79 15.4 14.43 15.71 14.08 34.37 38.95 22.09 22.32 14.13 9.84 8.91 12.06 14.48 14.86 16.39 15.57 6.98 2.25 3.71 7.76 11.73 7.9 5.36 7.12 10.53 7.07 3.53 2.42 5.25 9.1 11.96 9.86 14.11 17.25 17.98 19.05 18.62 18.61
23.14 18.47 29.16 44.04 -9999 13.76 16.98 16.3 20.45 19.94 21.8 33.15 39.05 -9999 19.67 23.24 -9999 39.66 30.49 23.86 17.95 12.58 14.71 20.93 11.3 10.47 12.12 13.08 13.32 12.22 10.72 10.68 10.81 15.43 24.18 11.5 11.52 11.24 11.39 12.84 10.19 9.12 9.46 15.75 19.27 -9999 -9999 -9999 -9999 14.16 13.41 12 11.54 11.61 12.16 13.96 12.77 8.36 1.98 5.76 10.2 9.99 10.84 11.06 11.82 12.18 11.57 11.53 13.24 13.22 13.41 13.78 8.13 6.67 8.53 13.03 17.33 19.76
39.52 28.86 21.69 25.41 -9999 18.25 14.71 -9999 18.11 17.34 16.5 21.03 29.18 34.11 39.71 43.55 52.78 48.3 27.66 24.96 24.2 25.66 22.19 25.34 13.99 10.79 10.54 12.13 11.46 12.4 11.01 9.53 8.87 9.91 17.19 10.81 11.95 10.85 9.05 9.63 -9999 11.67 10.08 16.73 14.18 13.26 12.96 19.28 -9999 -9999 -9999 24.17 13.82 10.4 9.62 10.79 13.17 11.41 8.91 9.06 11.37 9.2 9.98 10.71 12.36 12.38 13.22 11.03 10.1 8.53 11.37 13.43 11.89 9.35 7.55 13.32 26.83 33.2
22.51 27.04 19.12 -9999 -9999 29.53 22.8 22.52 19.58 22.9 -9999 17.3 23.71 21.64 -9999 22.79 -9999 37.08 29.92 24.61 17.93 21.66 21.02 16.99 11.52 9.24 9.05 10.08 11.88 11.5 11.27 10.76 9.06 16.54 15.11 11.18 10.17 11.03 10.84 12.24 18.84 18.24 -9999 11.35 20.38 12.96 13.81 14.01 12.21 15.59 14.25 -9999 -9999 16.48 10.11 9.54 8.41 10.52 12.29 -9999 9.73 6.33 8.09 13.17 10.28 8.15 9.36 12.96 10.29 7.37 7.2 9.09 11.76 11.45 11.52 18.46 19.84 21.24
37.7 -9999 17.64 21.13 44.53 49.25 27.06 19.25 15.97 14.57 12.4 11.76 11.66 15.18 -9999 22.36 20.64 19.34 26.37 30.32 35.3 33.59 25.82 12.25 11.81 11.79 11.96 9.99 11.76 10.55 13.37 17.41 16.51 20.79 22.05 10.38 9.11 10.34 10.92 11.16 17.76 15.76 22.47 37.68 26.54 12.22 -9999 15.92 16.35 13.87 13.28 14.92 -9999 11.39 8.99 7.44 7.59 9.25 12.95 -9999 -9999 4.14 8.74 11.12 12.58 9.55 9.19 12.52 12.81 11.12 9.74 8.75 10 10.1 12.39 12.86 12.12 10.86
15.99 25.98 15.36 17.14 23.29 27.18 22.64 29.88 20.87 -9999 21.45 19.39 14.44 20.82 19.1 20.76 -9999 39.3 40.21 26.25 21.53 37.71 34.77 18.27 15.05 11.99 10.83 12.26 12.56 12.63 20.73 25.46 33.87 14.5 13.23 10.72 11.13 11.45 10.81 12.99 11.72 15.09 18.14 27.81 -9999 13.09 -9999 -9999 13.52 -9999 -9999 -9999 10.63 12.33 13.11 10.82 11.32 10.29 11.79 9 7.35 9.13 10.99 10.8 11.47 10.1 12.54 -9999 12.6 11.93 12.18 12.61 12.24 16 14.88 11.64 11.79 12.02
17.98 26 21.33 17.29 29.4 28.64 17.5 18.66 23.3 26.7 -9999 42.37 35.81 35.12 23.61 18.3 23.44 26.09 19.68 15.23 21.5 34.2 32.17 25.77 21.06 14.61 14.54 19.33 20.37 13.09 9.81 12.2 9.06 11.37 19.2 15.46 -9999 -9999 17.06 18.07 19.94 24.97 29.43 39.27 21.05 13.66 -9999 -9999 -9999 18.37 -9999 -9999 -9999 9.81 10.31 11.02 13.99 11.67 10.43 9.89 10.9 12.04 9 9.57 10.74 11.88 12.68 11.86 12.84 13.85 14.05 12.1 17.93 11.41 9.02 8.85 8.86 12.66
28.7 45.58 31.64 20.02 16.65 15.66 16.7 17.84 20.11 18.57 -9999 -9999 21.18 28.11 35.3 23.43 29.7 18.38 -9999 21.34 21.34 35.34 38.86 42.3 36.17 22.14 17.14 11.98 10.98 11.7 11.06 14.38 12.46 11.14 11.56 14.13 -9999 16.64 12.38 16.95 14.35 14.55 18.31 41.16 52.86 -9999 -9999 -9999 -9999 -9999 -9999 -9999 -9999 -9999 16.79 12.49 15.48 17.05 11.53 13.24 10.96 12.47 10.62 10.92 12.22 11.52 -9999 10.4 10.4 10.22 14.2 10.36 11.77 12.95 9.34 4.03 12.04 17.67
35.5 36.06 23.07 20 17 12.47 14.46 -9999 12.23 10.57 11.14 12.89 -9999 18.6 32.87 39.59 21.57 20.32 25.5 35.61 27.34 -9999 -9999 -9999 -9999 -9999 -9999 19.8 13.69 14.89 14.12 14.74 15.16 13.85 13.93 14.61 13.53 13.88 14.6 16.36 12.23 10.03 7.4 9.15 23.16 21.36 -9999 -9999 -9999 -9999 -9999 -9999 -9999 -9999 -9999 10.65 11.62 9.3 7.14 8.99 11.85 9.36 10.26 10.61 11.14 9.21 11.22 12.83 12.46 13.1 13.51 20.84 14.32 12.6 10.75 9.36 11.49 15.22
15.15 25.21 18.2 17.03 13.74 8.9 -9999 12.55 15.3 15.82 16.5 14.13 20.36 30.18 36.54 27.17 31.76 25.82 25.85 -9999 -9999 -9999 -9999 -9999 -9999 -9999 -9999 -9999 25.63 26.8 17.97 15.72 16.78 13.29 13.83 16.08 17.38 17.66 13.63 13.6 15.04 14.29 13.62 13.57 23.41 25.59 23.76 23.23 23.53 17.42 -9999 -9999 -9999 -9999 -9999 -9999 -9999 12.56 11.54 12.16 10.21 10.49 13.38 11.03 8.1 6.98 9.71 10 10 13.08 -9999 18.07 14.09 10.75 11.8 14.77 11.47 11.71
16.59 14.07 15.74 -9999 22.59 16.61 -9999 -9999 -9999 23.84 49.47 46.62 28.42 22 22.92 22.94 28.36 23.82 -9999 -9999 -9999 -9999 -9999 -9999 -9999 -9999 -9999 -9999 -9999 -9999 -9999 25.72 28.03 17.94 19.05 20.95 20 21.56 13.98 10.29 11.78 12.75 15.66 19.37 24.77 14.16 12.13 13.8 16.45 15.82 14.75 16.94 -9999 -9999 -9999 -9999 12.16 18.3 11.75 12.1 11.98 12.68 12.71 12.18 12.31 12 11.86 11.99 12.39 14.96 -9999 12.74 12.45 14.9 15.84 14.29 18.16 16.5
27.61 18.04 18.84 22.08 24.18 27.62 48.43 52.02 49.15 50.03 45.36 41.15 30.91 24.67 29.21 24.35 25.21 36.21 44.32 -9999 -9999 -9999 -9999 -9999 -9999 -9999 -9999 -9999 -9999 -9999 -9999 -9999 -9999 32.41 26.96 24.25 21.05 18.57 19.43 14.91 19.43 17.79 11.93 12.76 20.22 15.27 15.8 15.46 -9999 6.51 11.93 13.72 -9999 -9999 -9999 18.42 24.47 18.25 13.89 13.96 10.18 8 10.06 -9999 11.28 10.01 7.75 7.66 10.74 14.08 14.09 15.2 14.76 20.25 17.61 13.54 16.36 16.84
31.62 22.37 21.4 32.73 29.61 26.99 33.12 36.31 30.18 31.55 34.6 34.91 42.84 36.23 30.25 28.16 30.77 28.79 29.26 23.4 -9999 -9999 -9999 -9999 -9999 -9999 -9999 -9999 -9999 -9999 -9999 -9999 -9999 -9999 25.45 29.16 29.93 24.41 17.66 16 17.26 19.33 44.62 31.96 19.61 17.77 18.87 16.7 16.15 10.77 12.54 -9999 -9999 -9999 14.86 16.51 23.71 23.09 22.91 29.99 22.59 17.96 10.07 10.46 13.24 11.75 9.72 11.47 12.97 14.82 13.23 13.38 18.52 21.25 20.11 16.39 17.77 19.05
25.31 17.89 16.78 19.27 18.33 13.51 17.09 23.94 33.8 44.51 52.85 50.26 32.2 33.26 32.41 32.3 31.75 30.73 32.26 24.7 27.97 -9999 -9999 -9999 -9999 -9999 -9999 -9999 -9999 -9999 -9999 -9999 -9999 -9999 -9999 21.23 18.82 22.09 29.2 34.7 28.01 17.92 12.61 14.09 17.48 18.5 11.75 12 9.16 7.26 9.74 13.27 10.9 13.02 12.45 12.05 14.13 14.1 15.78 17.7 25.65 19.65 13.06 12.09 12.69 14.77 12.02 10.81 12.71 16.02 18.22 -9999 10.44 17.6 22.92 18.84 19.61 19.85
