resultados/variables/human_footprint.asc
ncols 330
nrows 228
xllcorner -12.000000
yllcorner 34.000000
cellsize 0.166667
NODATA_value -9999
[rows 136 to 169 of 228, columns 78 to 155 of 330]
61.76 62.95 47.79 45.1 47.79 39.47 45.2 49.77 67.44 59.58 50.73 49.25 39.59 37.97 39.06 41 46.88 58.37 77.59 43.62 37.09 35.35 38.45 30.82 32.63 42.86 41.83 37.04 42.88 52.01 69.94 60.99 36.1 40.5 60.51 66.44 61.95 48.31 43.52 41.97 27.87 26.57 40.38 47.05 57.58 53.5 51.33 49.08 49.68 55.76 44.27 40.3 40.77 38.72 41.07 45.17 47.4 56.63 44.8 40.82 52.26 35.19 47.44 38.45 30.3 31.09 48.31 33.46 31.24 35.4 39.05 33.31 28.14 31.66 27.05 35.2 37.88 49.65
47.92 50.12 56.16 52.41 47.08 54.51 66.96 75.11 70.72 62.13 54.68 42.59 45.75 35.84 44.52 43.24 43.38 52.68 52.52 50.79 51.01 44.72 43.8 39.99 39.08 46.3 51.19 34.55 36.84 49.49 67.06 66.13 37.95 46.72 52.67 43.79 54.19 32.47 31.76 25.32 26.47 29.05 42.51 51.2 60.75 54.65 41.65 38.97 51.5 57.11 32.78 24.89 43.06 34.81 42.27 34.99 40.08 39.92 51.22 49.74 38.52 40.74 43.37 36.17 39.95 40.3 60.78 43.37 33.55 28.18 30.77 31.02 27.95 35.61 23.63 23.86 37.77 34.59
43.97 42.78 47.08 46.08 57.65 72.09 84.1 90.08 90.25 85 71.56 66.61 50.55 42.48 36.12 41.7 36.23 40.92 48.74 52.68 61.06 40.86 36.38 34.97 34.12 40.49 39.37 44.28 35.3 42.81 59.34 44.92 36.17 39.62 35.81 28.64 35.04 28.2 27.48 34.27 36.81 42.41 44.16 52.92 54.36 44.27 47.8 39.3 64.09 66.84 53.23 31.26 29.09 30.51 45.24 34.53 42.77 45.3 36.93 45.42 39.47 40.94 35.9 40.02 33.14 46.47 55.83 53.04 43.87 55.39 46.47 37.66 36.44 29.13 34.29 28.97 35.34 37.24
39.7 44.59 49.95 42.74 36.14 66.76 77.32 86.42 88.8 80.88 61.3 47.51 45.58 42.95 40.43 43.45 43.98 41.33 39.86 42.31 43.83 60.77 42.81 42.7 49.11 47.84 45.5 50.03 43.24 55.47 66.48 60.69 36.09 35.97 29.94 27.6 39.52 34.01 40.58 40.83 60.4 52.79 51.19 43.71 29.21 27.1 36.25 48.08 72.58 79.57 58.64 51.37 51.6 37.06 40.6 34.06 34.14 38.7 53 42.94 42.77 47.44 70.16 58.26 51.06 42.14 40.73 47.77 40.07 42.23 51.2 54.61 47.09 30.47 32.12 36.91 28.42 30.02
37.41 39.91 37.7 46.73 43.09 45.29 52.09 72.26 78.25 78.24 64.03 49.11 43.02 48.02 45.32 45.85 52.47 37.36 39.31 29 33.14 42.76 -9999 54.97 52.56 35.59 41.14 42.28 41.84 51.48 55.18 61.44 50.09 40.12 29.55 26.07 24.75 23.23 41.87 57.8 81.71 49.16 41.17 21.6 30.65 28.32 42.38 50.61 50.68 57.55 50.99 32.78 40.08 42.44 38 49.56 51.14 44.25 45.22 46.45 35.31 41.22 40.1 49.54 43.57 40.44 55.74 57.19 49.17 46.71 46.32 35.34 43.93 42.92 57.23 39.16 29.27 32.97
40.83 41.43 55.17 53.81 45.15 41.66 46.55 44.68 44.96 44.5 61.83 60.07 52.79 48.29 43.21 37.46 34.45 39.57 45.15 34.41 35.01 41.4 35.33 38.19 45.89 41.35 32.59 37.15 49.06 32.09 34.33 43.74 35.92 34.54 34.52 31.49 24.54 27.07 38.47 52.02 47.15 49.9 28.31 25.48 37.74 42.79 52.03 45.55 43.26 42.16 32.02 34.72 39.34 61.48 61.65 51.45 44 32.26 44.25 72.88 47.03 35.05 41.6 42.61 58.15 48.38 40.81 45.12 44.6 42.33 44.87 39.7 37.08 54.19 56 37.05 32.52 34.34
39.34 43.92 41.62 40.95 40.2 42.14 40.05 43.88 46.54 40.98 53.2 39.89 43.99 61.71 45.53 35.54 31.24 37.29 71.91 41.29 27.3 33.39 40.03 31.18 43.07 38.65 37.26 46.82 41.08 49.37 43.47 35.42 54.57 35.54 32.82 41.39 30.72 26.57 51.23 41.15 43.19 27.64 27.93 33.27 36.95 46.23 39.12 44.41 39.91 38.49 34.45 39.19 45.12 50.91 53.38 27.69 31.7 30.25 42.7 65 42.41 51.69 68.39 77.38 58.02 49.82 38.18 38.35 50.56 53.8 48.33 43.01 47.73 45.01 51.06 39.56 40.87 51.65
34.98 40.03 47.72 39.74 39.55 47.03 40.3 39.54 41.45 38.94 48.44 35.99 44.43 53.46 42.62 38.08 36.52 30.98 29.61 31.89 45.67 27.25 26.41 36.81 51.12 45.83 37.57 38.58 34.81 34.25 30.61 30.81 40.24 51.13 32.18 34.26 29.23 41.65 54.22 47.74 47.02 42.5 30.43 33.63 43.27 57.92 41.86 35.37 40.77 46.73 46.16 37.29 42.8 31.59 31.82 31.81 30.18 36.8 46.12 52.03 40.28 51.58 69.1 81.93 65.99 36.81 35.2 38.1 32.38 45.09 40.33 31.75 32.06 27.83 26.26 36.31 46.33 46.96
37.05 42.64 34.94 40.43 59.39 79.25 63.3 47.3 41.08 41.51 51.8 39.58 40.94 39.06 53.2 62.45 43.42 37.96 35.55 33.31 38.55 46.98 33.47 31.31 30.41 43.35 42.34 32.39 37.3 35.2 32.35 35.17 34.58 36.38 38.82 27.74 28.51 47.59 45.82 48.92 45.52 32.46 32.76 33.93 44.4 43.92 45.79 38.62 39.62 36.69 38.02 35.56 33.52 26.46 33.98 36.41 24.75 37.4 35.59 36.74 36.01 39.27 45.3 34.57 38.74 33.3 49.71 37.63 29.64 39.22 35.92 45.81 45.68 34.7 30.85 35.87 45.13 35.64
50.95 41.19 42.81 61.27 41.9 45.53 34.59 39.39 51.6 47.62 44.28 36.25 32.74 33.42 35.9 62.43 46.43 38.12 38.41 38.95 35.17 34.24 30.55 28.63 31.23 40.22 42.61 31.05 31.91 34.41 38.05 30.08 37.16 31.61 27.74 28.01 38.88 57.72 62.51 53.16 28.38 31.9 26.5 28.8 39.65 45.65 49.34 48.55 41.78 39.98 37.44 43.1 29.68 31.86 31.2 38.88 35.98 37.46 34.06 40.59 33.78 31.5 39.1 40.77 42.98 37 43.34 34.37 29.94 30.29 28.41 50.23 60.53 27.92 23.64 30.16 29.44 22.17
40.66 60.42 60.89 32.66 32.24 22.15 32.99 24.83 35.96 39.18 51.72 46.27 31.48 32.68 38.93 43.06 43.14 41.9 34.63 34.48 41.95 38.96 36.13 29.9 32.09 36.01 36.56 41.47 39.54 36.53 44.85 37.03 31.83 27.76 48.23 60.14 35.89 42.83 43.69 73.31 56.48 47.23 41.14 55.78 44.04 45.1 50.13 45.99 44.37 45.66 -9999 -9999 43.77 34.74 31.31 40.27 30 41.05 41.23 27.06 36.9 34.19 31.16 31.89 29.3 26.62 40.67 42.3 33.84 24.37 23.98 27.24 38.49 33.91 27.66 28.32 31.16 32.68
50.05 48.52 40.51 32.11 36.95 26.54 25.43 14.13 28.81 25.97 32.78 56.07 37.51 34.39 45.92 44.38 33.5 31.23 29.52 32.06 33.85 34.84 35.86 32.67 51.61 39.67 45.52 49.34 34.52 32.06 33.8 37.23 38.33 36.47 48.56 43.13 41.73 35.19 36.82 41.74 40.9 47.43 55.11 65.58 67.78 74.67 56.93 37.52 41.93 42.19 53.91 63.05 56.68 30 23.05 39.18 28.82 31.38 38.62 36.95 38.37 39.9 29.08 30.45 47.16 44.72 41.14 37.91 39.42 35.02 36.03 31.29 28.65 42.76 43.99 37.18 39.3 35.46
40.59 34.12 42.88 43.3 41.38 32.94 38.4 16.16 26.59 30.19 38.63 43.17 43.6 26.91 33.54 33.77 35.55 28.91 22.8 28.52 23.02 38.1 32.72 46.86 69.47 55.31 48.72 35.29 39.42 59.75 61.99 32.86 30.64 27.37 32.99 34.77 39.4 38.29 48.76 47.7 53.66 49.03 39.2 36.64 39.93 56.42 60.21 46.04 32.71 27.73 37.68 59.84 35.97 29.12 33.98 31.18 29.8 31.74 41.92 41.89 40.03 46.74 58.5 43.1 31.36 40.49 29.34 28.44 33.24 31.95 41.07 34.45 37.72 35.15 31.98 33.4 30.03 26.25
39.13 32.14 35.16 34.34 36.55 34.63 35.69 45.98 59.63 40.26 33.97 38.29 57.27 41.8 25.43 26.68 34.38 34.92 27.98 28.02 28.74 30.85 33.6 59.88 38.85 52.93 60.72 48.03 38.33 33.63 29.8 32.86 35.55 35.37 43.95 47.93 42.85 54.04 43.94 51.66 34.41 30.19 33.25 45.22 45.01 36.3 26.54 23.8 36.04 29.77 44.89 39.2 27.09 40.1 31.52 37.8 34.18 42.22 31.95 28.5 22.21 27.28 40.45 28.46 20.2 23.05 21.86 -9999 20.35 23.08 24.07 23.07 30.4 28.94 27.34 33.6 37.61 34.25
34.7 37.16 41.23 36.61 41.12 41.59 38.89 35.65 32.12 31.54 30.75 32.63 45.81 49.35 38.08 30 26.73 27.61 31.99 37.85 29.87 33.74 56.91 49.46 48.54 43.54 41.81 37.75 38.29 31.59 27.32 36.36 42.84 31.8 37.47 39.97 43.94 43.76 56.53 49.83 31.9 28.03 27.52 33.23 30.3 32.89 25.71 25.07 33.58 29.76 34.13 47.93 29.83 28.91 29.72 30.88 31.17 32.13 29.18 24.62 26.97 25.38 41.53 31.82 22.27 25.04 21.18 24.16 24.83 29.12 29.54 28.48 24.77 30.94 30.13 28.39 23.83 25.12
34.45 24.84 26.34 37.65 46.84 31.55 22.43 24.61 34.55 25.54 19.1 22.25 32.48 32.51 34.74 33.1 30.07 27.55 26.15 22.95 50.31 28.75 50.49 60.62 37.37 34.75 33.52 39.92 30.75 38.99 30.36 34.78 37.51 43.12 35.38 39.26 37.39 31.27 29.58 49.5 35.72 38.48 33.6 33.41 24.71 31.02 32.3 34.09 33.16 37.71 39.17 38.97 34.64 32.62 26.44 33.6 28.42 31.2 26.84 24.76 31.41 29.55 29.65 41.19 35.9 36.98 34.62 40.38 39.52 33.55 37.05 35.81 34.44 33.27 35.76 39.11 35.47 28.2
47.45 29.98 38.95 44.52 28.47 35.22 32.36 20.7 21.02 25.21 12.45 11.54 19.25 36.24 32.55 21.59 40.62 30.07 31.76 31.4 28.04 25.83 29.14 47.27 35.92 36.97 30.43 35.63 29.32 35.26 31.81 30.64 34.41 59.7 44.07 34.16 36.35 27.34 29.94 30.71 33.27 35.78 -9999 25.61 24.21 38.52 30.9 24.39 23.8 24.61 27.33 29.21 28.04 39.73 30.71 30.05 31.33 33.92 32.06 33.95 37.05 39.26 39.58 39.11 35.47 32.55 26.43 28.23 32.63 32.99 30.89 28.83 31.63 31.76 31.45 39.98 48.55 50.6
28 21.82 25.33 30.66 28.39 29.02 24.16 19.67 17.17 36.57 15.9 17.97 17.95 22.12 26.67 12.15 15.5 29.2 43.99 32.46 23 26.59 39.41 46.09 24.93 26.3 28.92 30.57 34.4 35.6 40.09 48.86 -9999 -9999 -9999 49.3 35.53 28.71 28.34 30.36 28.86 21.29 34.69 31.39 17.84 22.6 26.5 37.84 25.42 27.99 26.85 15.8 32.17 36.56 31.34 30.56 37.7 27.38 24.27 29.14 37.84 43.92 41.59 32.76 39.74 33.19 26.71 30.23 37.12 28.45 29.89 34.62 38.43 36.73 25.77 33.35 39.06 34.01
29.02 23.27 29.3 27.02 25.87 36.54 23.34 26.14 19.72 29.34 31.16 26.03 17.11 36.23 43.95 23.98 18.17 25.91 36.8 34.38 25.3 26.37 54.61 44.24 26.17 44.71 27.03 43.26 33.52 31.25 69.32 64.74 31.48 23.27 33.86 49.86 39.29 40.1 52.66 46.01 38.23 45.95 -9999 28.11 18.62 21.34 35.21 37.82 38.64 28.95 38.96 27.29 30.19 37.13 39.55 38.47 35.08 34.3 35.32 30.66 43.66 37.03 35.09 35.99 31.91 26.5 29.79 41.14 29.34 20.05 28.45 30.12 50.69 40.7 25.82 28.1 27.12 31.68
34.91 27.4 36.16 26.81 31.11 34.3 35.11 22.09 21.51 25.79 31.96 27.69 26.38 47.46 50.6 17.49 11.52 34.81 54.96 37.55 28.78 34.19 57.48 33 24.29 30.83 24 23.55 29.65 38.8 44.8 41.66 41.12 41.7 30.55 31.27 46.52 33.95 26.63 -9999 31.33 -9999 13.78 38.67 29.64 25.79 40.22 52.37 31.66 34.6 41.21 38.83 32.72 36.2 35.31 34.48 32.48 26.88 35.12 31.48 53.95 45.04 33.77 33.62 29.8 41.03 43.38 42.35 28.74 38.24 38.87 49.73 49.47 68.45 42.45 27.7 26.5 27.64
36.1 57.66 49.04 29.01 31.91 26.65 30.03 35.35 29.16 22.96 30.97 35.96 58.32 54.25 41.67 39.2 22.9 31.38 38.47 31.92 35.01 45.79 74.26 53.59 39.21 39.28 36.23 19.57 29.3 33.56 53.12 31.23 29.96 37.38 43.44 40.88 23.46 -9999 20.9 23.15 23.24 16.77 21.25 22.73 36.12 -9999 38.79 50.9 31.5 37.76 39.36 25.93 23.86 32.44 36.22 43.2 30.6 24.97 31.46 40.26 43.01 32.95 32.2 34.8 37.21 41.51 40.37 47.33 48.81 53.79 58.7 52.88 50.45 55.59 61.57 55.02 31.97 26.96
38.1 57.8 40.03 35.78 35.61 24.16 22.36 30.2 31.32 24.97 29.12 28.5 70.08 70.86 38.84 33.31 23.44 28.22 37.74 42.65 27.97 38.88 80.59 86.99 70.2 50.66 44.31 22.83 35.72 46.71 23.8 34.42 40.67 29.34 29.18 33.71 35.45 44.52 41.54 36.66 32.23 18.92 22.05 31.56 36.8 -9999 60.55 58.92 65.78 70.3 62.44 52.24 57.05 43.48 36.71 28.56 26.94 23.52 -9999 37.97 35.95 28.75 46.56 44.08 60.39 45.28 50.36 62.71 49.91 51.55 49.24 58.71 55.16 -9999 55.29 -9999 46.26 37.85
29.71 32.58 25.63 25.34 24.33 23.64 24.37 35.24 31.7 35.64 42.8 37.23 39.27 58.39 27.94 24.3 29.35 25.07 49.55 61.19 36.91 42.08 68.02 65.15 48.81 50.09 47.15 42.21 35.13 58.24 37.12 40.15 41.67 35.48 45.1 29.47 19.77 22.54 22.94 23.18 37.06 31.09 43.98 35.08 40.02 55.41 57.85 71.63 75.97 80.64 71.85 70.06 63.21 64.25 62.56 56.4 40.71 -9999 47.01 40.06 30.49 25.36 41.43 64.89 54.47 57.84 53.31 71.35 55.25 55.68 49.71 -9999 -9999 -9999 -9999 -9999 72.74 46.37
21.01 22.56 22.57 24.34 21.35 18.09 28.84 28.47 34.8 30.42 26.07 26.25 28.91 50.43 33.56 25.27 28.22 28.81 38.77 57.91 58.85 35.66 63.59 42.77 32.97 36.23 42.75 42.64 27.26 35.02 40.75 33.63 28.29 45.6 29.98 34.63 25.77 14.09 18.62 24.82 37.92 54.27 39.27 43.35 43.67 55.35 55.53 60.59 64.98 74.62 57.03 39.3 49.58 43.22 44.55 52.02 54.4 52.72 56.45 78.88 60.45 45.74 44.08 39.78 57.64 76.72 74.66 -9999 -9999 -9999 -9999 -9999 -9999 -9999 -9999 41.49 37.64 37.8
26.48 20.7 31.52 27.22 37.69 31.46 28.2 25.2 33.73 21.82 21.21 19.37 24.96 36.37 43.79 27.85 36.73 35.81 37.32 44.39 21.2 30.59 58.17 48.58 34.58 31.74 43.51 50.8 52.44 46.8 23.69 28.43 37.27 35.77 30.83 30.15 21.89 16.25 29.5 42.49 55.65 58 50.91 47.63 53.63 46.14 51.85 49.45 49.95 51.3 55.41 48.98 52.02 49.84 49.21 44.5 50.83 43.81 52.45 52.02 56.05 52.62 50.33 47.43 48.17 49.17 57.74 -9999 -9999 -9999 -9999 -9999 -9999 -9999 -9999 -9999 41.29 37.82
25.05 34.42 35.62 37.46 27.64 30.22 24.02 22.2 20.26 15.87 23.34 31.05 35.48 27.14 33.51 42.52 42.31 53.77 32.77 30.78 19.29 15.62 36.88 51.13 54.37 45.75 32.61 36.34 59.76 30.73 35.15 18.75 20.51 20.12 39.78 38.63 37.94 38.81 54.82 77.53 73.59 41.24 39.08 40.84 50.55 48.15 47.5 53.71 56.77 49.16 53.66 53.12 58.23 51.47 50.52 42.67 49.29 44.68 53.4 48.73 47.36 43.53 48.75 53.83 56.34 45.7 51.91 51.74 -9999 -9999 -9999 -9999 -9999 -9999 -9999 -9999 45.41 43.85
35.28 38.22 40.69 41.75 36.47 40.28 20.95 25 35.47 32.75 22 24.1 25.56 32.37 27.81 33.2 35.69 38.38 29.12 20.34 23.46 21.57 27.6 73.07 39.43 21.34 18.06 26.51 30.87 20.58 14.43 7.26 11.98 34.01 31.98 29.82 27.02 30.25 50.14 60.23 66.33 42.93 39.76 51.67 44.39 61.11 53.13 52.23 38.61 33.58 35.52 39.78 38.35 46.94 52.32 44.67 53.46 48.85 54.76 52.34 53.41 46.56 52.75 54.93 46.45 43.81 45.43 45.35 38.59 -9999 -9999 -9999 -9999 -9999 -9999 -9999 -9999 53.7
34.2 36.88 42.24 36.3 34.7 29.81 24.79 29.84 22.79 24.3 20.31 22.02 26.87 43.07 33.7 29.81 35.36 34.12 17.91 20.73 17.35 29.56 52.21 43.74 40.76 34.34 30.5 22.36 21.84 22.96 13.64 10.84 16.5 26.06 15.89 14.67 25.38 35 42.2 47.19 55.09 46.52 55.68 46.56 47.19 49.64 49.91 40.7 28.68 30.49 31.9 29.07 26.98 33.43 47.96 62.99 51.73 54.65 54.24 61.6 50.25 51.66 49.3 50.35 52.88 47.58 48.05 -9999 -9999 -9999 -9999 -9999 -9999 -9999 -9999 -9999 -9999 -9999
33.36 32.76 35.62 33.28 34.12 39.19 47.28 40.26 20.13 23.14 25.54 19.8 24.2 40.26 36.84 37.48 31.82 30.16 15.46 24.05 43.99 29.46 64.32 36.35 28.58 28.72 32.33 27.57 26.21 23.26 39.41 22.69 24.34 27.71 17.91 10.99 20.06 27.72 43.31 48.66 53.05 44.37 33.32 33.88 38.26 37.13 31.84 39.12 29.52 29.16 28.09 27.12 28.74 33.81 33.17 34.44 31 39.35 61.17 74.76 56.34 63.49 68.91 46.57 48.53 49.31 44.3 43.36 -9999 -9999 -9999 -9999 -9999 -9999 -9999 -9999 -9999 -9999
41.85 40.83 54.95 38.17 36.09 31.42 33.16 21.36 21.41 35.04 26.32 27.63 32.31 35.2 37.12 31.98 28.23 34.74 25.04 33.7 26.68 26.93 54.92 34.59 29.69 29.92 26.56 19.77 31.25 25.9 26.84 21.22 15.87 21.06 14.03 8.99 11.04 20.39 39.97 55.47 43.15 40.6 36.06 46.2 34.96 38.42 -9999 -9999 55.36 45.64 35.52 31.95 32.12 34.49 25.9 28.81 34.75 33.4 34.2 36.9 39.97 52.36 60.49 47.63 50.71 59.53 57.94 69.47 -9999 -9999 -9999 -9999 -9999 -9999 -9999 -9999 -9999 -9999
39.63 40.01 36.79 39.71 27.8 27.89 19.92 16.96 21.09 26.24 14.26 17.47 31.43 27.05 30.17 35.14 30.64 30.19 43.16 38.26 28.24 43.38 56.98 39.23 39.92 27.32 29.16 21.12 25.01 40.15 20.16 16.67 13.49 19.52 13.73 12.35 14.12 20.44 25.95 35.12 26.43 29.15 37.88 39.31 58.17 -9999 -9999 -9999 -9999 -9999 -9999 40.29 28.79 37.88 34.9 32.55 29.56 29.25 25.29 32.27 37.53 35.18 30.91 27.86 39.13 51.11 62.4 57.58 -9999 -9999 -9999 -9999 -9999 -9999 -9999 -9999 -9999 -9999
57.29 47.98 51.06 36.48 24.88 36.96 38.48 40.66 24.47 21.54 18.47 23.52 40.54 21.24 18.9 20.2 21.61 25.48 53.3 31.18 33.52 41.12 59.38 64.64 48.25 29.26 31.12 20.91 17.84 37.42 35.56 29.63 14.21 19.12 15.68 12.23 11.2 12.82 10.06 21.49 22.71 32.16 41.75 -9999 -9999 -9999 -9999 -9999 -9999 -9999 -9999 -9999 -9999 70.56 57.31 35.31 38.06 32.38 30.65 35.17 29.93 28.8 26.98 28.81 26.97 33.86 43.44 54.07 63.56 -9999 -9999 -9999 -9999 -9999 -9999 -9999 -9999 -9999
46.02 53.38 52.63 43.22 38.95 53.04 59.3 49.61 29.44 24.82 23.8 26.09 23.7 19.71 24.88 30.2 34.96 34.01 36.88 39.04 46.6 47.69 62.29 73.09 55.16 36.63 39.47 28.82 35.18 37.82 25.58 21.77 23.62 22.39 18.03 18.98 17.73 23.09 21.7 30.05 38.14 48.68 59.2 -9999 -9999 -9999 -9999 -9999 -9999 -9999 -9999 -9999 -9999 -9999 -9999 69.84 45.3 54.98 52.08 60.37 61.2 45.99 39.38 32.05 29.95 32.41 30.5 32.73 45.45 51.77 64.09 -9999 -9999 -9999 -9999 -9999 -9999 -9999
37.6 52.67 68.71 57.36 54.64 45.22 42.88 32.52 26.46 26.46 24.28 17.72 20.72 28.76 32.71 23.91 32.45 48.59 58.86 66.72 56.32 52.06 42.37 29.42 46.74 39.84 42.81 43.44 47.96 26.98 30.61 30.03 30.97 29.47 19.6 29.77 44.32 71.13 63.27 -9999 -9999 -9999 -9999 -9999 -9999 -9999 -9999 -9999 -9999 -9999 -9999 -9999 -9999 -9999 -9999 -9999 75.95 61.06 64.36 64.48 63.28 72.64 57.62 31.7 40.64 33.08 30.5 32.08 38.42 48.21 44.78 58.3 59.07 -9999 -9999 -9999 -9999 -9999
