resultados/variables/human_footprint.asc
ncols 330
nrows 228
xllcorner -12.000000
yllcorner 34.000000
cellsize 0.166667
NODATA_value -9999
[rows 136 to 169 of 228, columns 156 to 233 of 330]
45.43 43.75 49.36 38.39 48.68 31.85 40.41 33.51 39.72 33.31 38.03 46.01 41 47.24 47.6 69.65 49.24 41.02 42.58 41.08 51.84 57.41 36.72 28.44 33.17 28.42 29.14 36.03 55.16 32.45 27.48 37.54 35.4 31.83 28.27 38.95 31.29 27.62 38.36 34.47 36.57 37.03 23.95 39.55 30.05 34.61 27.56 34.83 25.11 25.24 27.59 25.98 30.95 37.09 31.44 25.87 38.33 43.72 44.79 51.38 42.7 43.31 41.55 45.47 43.55 33.77 38.25 36.01 36.74 35.45 42.05 40.34 33.91 32.14 35.35 39.55 40.21 40.8
37.01 45.95 51.27 46.11 36.4 32.19 39.21 29.38 41.85 35.62 44.8 38.84 35.45 38.83 51.61 62.41 51.88 40.65 44.08 36.09 54.22 51.51 37.66 31.82 34.89 42.09 46.07 33.31 29.39 54.54 35.86 40.68 38.05 45.54 43.34 36.18 47.95 62.05 56.72 29.3 26.68 34.81 42.34 47.62 36.56 30.45 25.27 27.79 23.7 24.03 20.28 24.18 26.52 38.73 30.6 26.98 26.77 30.55 31.14 47.59 40.25 50.03 50.28 37.08 50.74 43.27 40.73 40.06 43.48 39.13 37.89 45.42 37.83 41.69 38.77 36.36 37.48 41.2
22.65 31.87 59.85 49.77 31.14 28.08 33.59 39.16 36.15 35.05 34.77 46.3 49.51 42.2 47.92 43.51 47.4 44.89 54.37 54.09 54.61 36.35 31.46 37.05 58.46 38.64 32.42 26.36 27.62 38.91 26.79 34.23 29.27 32.8 31.35 32.68 32.77 34.06 37 54.88 37.95 45.34 36.13 50.33 31.83 37.91 44.5 42.84 35.32 29.53 27.23 27.16 29.15 30.88 25.88 23.29 29.32 22.5 24.68 45.03 39.37 40.34 34.22 37.76 64.68 45.05 46.28 40.8 39.74 39.83 43.96 41.14 36.36 34.41 35.95 38.11 36.69 38.97
30.84 36.27 44.26 28.63 24.87 43.38 44.42 50.18 45.97 41.1 45.77 45.97 50.48 49.16 54.09 48.65 42.34 54.62 51.27 44.05 35.48 39.58 47.35 43.4 34.55 40.69 27.45 53.12 36.53 38.9 46.61 46.86 38.51 47.12 37.61 32.41 38.62 33.24 39.59 34.91 32.12 32.38 30.46 58.59 41.44 28.09 42.82 48.71 36.52 30.95 28.9 26.1 21.06 23.86 28.33 29.55 26.78 22.34 26.67 21.62 28.07 36.41 35.09 41.88 40.89 42.66 40.49 44.16 45.53 41.01 46.6 39.81 44.89 40.23 36.32 55.04 39.55 36.56
31.34 32.7 39.65 26.24 24.51 36.05 36.91 36.54 30.54 33.49 42.47 40.88 42.48 36.32 42.43 47.94 46.78 46.4 43.65 33.02 39.95 33.89 52.16 41.07 39.29 45.79 36.15 30.4 39.4 43.45 51.86 45.52 39.09 35.52 30.77 35.41 23.97 38.2 42.64 38.71 35.66 34.91 46.38 64.04 38.29 37.02 46.25 39.15 44.65 53.92 39.49 28.4 22.59 32.39 32.16 21.95 23.95 23.56 20.05 19.15 20.48 22.52 36.44 52.38 40.66 43.6 57.32 48.82 41.16 46.54 51.55 47.75 41.69 45.3 45.44 52.41 43.75 39.3
38.39 33.48 36.33 29.6 21.65 25.25 24.11 30.47 36.8 51.93 50.52 45.19 49.89 54.22 52.72 45.02 51.91 46.88 42.17 29.14 33.82 55.15 56.92 48.51 46.15 30.55 45.2 37.95 37.86 38.93 40.64 26.98 23.91 43.62 45.76 45.98 39.55 42.52 38.76 32.98 37.19 32.84 40.2 48.18 28.97 40.51 41.34 44.04 54.79 59.11 49.78 44.51 46.44 26.45 26.45 30.15 22.42 25.87 24.06 25.91 24.36 22.21 29.22 38.24 32.23 30.81 33.81 40.76 47.56 50.15 53.26 46.09 36.58 40.2 43.69 42.83 48.08 50.27
60.38 77.76 62.18 50.98 32.55 34.87 40.05 43.77 44.82 52.62 51.65 47.73 46.98 60.52 87.27 60.73 51.38 48.28 52.68 59 53.38 47.89 54.91 46.16 58.62 41.43 45.47 55.93 40.68 37.7 39.08 37.85 45.12 43.35 45.55 40.62 36.82 52.14 47.23 44.79 57.99 44.21 50.44 44.73 37.77 53.15 47.77 48.82 58.94 49.16 42.89 45.2 41.29 39.83 42.98 39.1 36.79 25.69 21.75 30.63 28.35 31.83 36.72 34.77 28.97 23.38 27.74 34.56 38.37 37.03 36.02 60.83 53.15 49.73 45.8 45.88 48.87 45.35
51.01 48.43 54.6 44.48 47 43.63 45.35 35.97 35.93 40.31 27.41 28.85 27.02 64.35 72.81 60.17 50.77 49.02 65.26 61.5 47.36 46.18 45.38 56.22 51.95 46.99 41.54 48.46 44.13 48.66 43.55 50.16 43.74 46.23 42.7 33.72 28.63 32.91 35.87 31.17 64.83 59.97 50.86 51.74 49.69 48.82 52.98 45.44 46.95 53.33 42.3 43.76 44.29 45.45 50.42 33.81 42.92 38.6 36.96 31.76 29.28 36.85 26.36 27.13 27.09 22.91 25.4 31.32 28.69 33.29 41.74 44.01 38.95 35.58 37.36 40.01 41.98 47.09
37.43 35.78 34.99 32.51 38.41 24.63 29.57 27.32 24.92 29.89 22.87 23.32 32.62 68.83 46.56 35.91 38.52 46.91 48.41 54.21 40.38 50.38 48.7 43.35 46.92 54.63 42 47.35 42.67 30.35 47.02 38.38 40.64 32.81 37.42 26.53 31.74 32.64 45.29 31.55 48.1 55.24 56.27 43.94 52.91 43.85 61.49 45.94 46.82 48.53 52.82 52.26 45.58 45.29 44.66 34.62 38.77 30.95 36.98 50.12 37.02 33.76 24.32 21.42 23.53 21.83 23.77 32.61 32.51 29.58 36.13 50.08 47.98 39.37 47.75 38.76 40.32 45.01
24.23 29.9 30.57 34.44 33.33 26.61 22.36 29.39 25.12 24.05 24.07 33.12 48.32 48.12 40.2 48.17 28.94 38.84 39.34 44.69 45.88 52.95 48.39 50.04 61.46 54.65 44.76 49.23 59.85 40 57.91 49.6 42.12 40.92 47.1 48.74 47.27 42.99 45.11 48.65 40.28 43.16 47.89 38.45 41.19 43.77 45.17 47.2 47.83 34.87 45.42 43.56 52.34 58.89 47.09 50.36 35.95 29.86 26.75 28.54 26.85 33.2 35.8 26 23.94 24.39 22.76 25.93 23.57 23.75 25.27 40.25 43.12 48.12 49.66 48.68 43.77 36.67
35.92 42.83 40.73 32.99 32.95 30.58 24.29 27.68 27.52 34.66 31.04 26.29 28.92 23.93 32.49 41.81 42.09 43.95 42.88 52 46.13 49.6 47.95 40.27 45.89 43.69 49.99 36.99 43.22 55.48 84.72 74.72 46.41 45.06 43.22 43.66 41.06 44.3 45.2 41.72 47.28 44.41 37.09 41.42 48.74 58.35 51.66 42.72 41.48 40.12 39.97 41.4 39.84 38.44 33.26 37.66 53.14 43.26 26.67 25.89 24.3 24.32 32.6 28.76 36.51 30.96 26.75 30.59 29.06 34.58 29.39 37.27 43.48 51.44 50.23 46.21 32.95 38.1
32.16 26.41 28.47 29.33 28.88 33.41 48.37 51.55 39.91 28.95 27.59 23.6 33.62 27.7 25.1 41.54 42.96 45.03 49.84 42.02 47.59 44.87 38.58 36.52 38.21 36.98 29.12 44.18 41.35 74.56 85.12 78.2 51.91 42.59 41.87 46.05 41.31 46.86 41.43 49.12 44.82 35.62 35.94 46.16 50.76 49.89 37.74 39.02 43.85 41.02 38.1 35.55 38.75 32.41 37.32 49.52 37.81 32.53 30.97 30.56 26.89 28.13 33.06 29.61 42.03 36.65 32.37 36.62 38.27 30.21 27.36 20.85 33.12 41.93 48.1 45.65 36 43.06
24.7 28.2 32.34 39.13 42.62 38.91 33.8 35.5 36.59 36.66 32.55 34.87 33.16 38.42 36.05 50.28 50.08 52.76 48.15 42.76 40.52 34.89 25.41 34.26 35.67 44.24 52.06 45.95 49.33 64.84 55.65 44.73 43.63 44.81 44.13 43.87 52.3 49.84 47.85 48.54 47.1 45.63 43.51 43.94 42.21 47.16 44.08 42.21 41.25 40.14 40.89 39.06 43.2 39.2 47.37 40.81 39.95 39.02 39.13 36.61 41.9 47.19 41.96 39.65 41.5 26.76 29.49 26.95 32.23 29.27 31.84 25.88 26.05 27.05 42.15 40.81 57.26 47.59
33.34 35.22 36.68 27.75 37.92 26.95 36.25 37.7 67.31 43.23 43.34 32.99 42.05 33.73 35.57 49.2 46.31 40.55 42.76 42.92 36.67 42.75 36.62 54.18 56.52 44.1 52.39 44.76 49.02 50.79 50.82 36.38 45.55 37.66 49.69 44.32 51.01 59.49 49.12 47.09 42.68 44.8 40.94 55.17 42.22 44.54 54.25 68.9 46.43 44.42 42.9 38.23 37.58 36.15 32.3 34.29 29.11 35.73 36.2 58.05 38.42 41.79 43.73 41.52 25.43 25.7 24.29 25.79 25.39 24.43 28.03 32.55 29.82 28.41 36.47 37.43 45.4 46.61
25.91 28.29 35.58 24.41 27.85 29.66 26.19 30.58 56.43 36.81 29.5 39.3 36.08 42.36 38.05 48.64 46.49 52.02 49.12 38.76 43.81 33.02 35.73 -9999 48.24 51.59 46.79 44.91 49.17 62.4 47.38 39.05 39.41 46.55 56.16 44.9 51.53 50.37 41.3 56.38 50.1 47.3 47.77 48.38 50.13 46.09 44.99 39.63 41.98 35.35 33.56 41.19 37.34 42.7 38.1 33.27 31.65 36.29 45.48 36.91 37.15 38.52 41.81 38.46 45.21 35.76 29.98 31.68 41.77 32.89 26.11 28.76 36.8 35.28 57.05 44.2 40.08 56.95
32.15 28.3 39.17 27.43 32.06 35.64 25.68 34.43 31.88 49.2 36.28 39.23 42.92 40.46 35.08 34.38 43.13 50.19 47.62 52.48 -9999 47.4 39.9 40.6 43.95 48.73 44.47 51 42.8 52.28 49.71 43.14 43.44 43.77 41.7 52.22 49.12 51.94 43.6 42.34 46.99 41.55 62.63 47.34 48.08 46.38 43.34 40.44 42.88 39.6 32.78 27.39 27.18 33.2 41.38 34.67 43.45 59.71 50.87 40.41 39.65 42.41 43.43 42.37 51.15 35.8 26.95 27.78 44.87 51.09 29.93 27.02 22.88 22.1 32.34 47.39 47.32 47.95
42.37 53.9 43.19 39.34 33.77 38.07 38.56 34.55 35.01 50.36 45.41 33.67 44.16 48.04 45.7 40.1 42.66 38.48 40.61 43.52 42.78 38.3 37.51 40 33.52 44.59 46.2 45.12 45.94 59.1 47.15 48.87 42.75 40.02 46.23 44.03 45.81 52.66 40.51 47.4 52.77 46.87 51.6 56.63 42.59 47.61 40.77 39.99 27.67 23.46 40.06 30.12 27.68 26.06 29.47 25.33 33.15 36.56 48 49.82 44.12 41.72 48.99 59.01 41.62 37.97 33.28 25.81 29.57 36.95 44.99 36.69 29.06 22.48 23.34 35.75 34.03 63.72
46.91 36.78 27.2 26.33 20.03 22.93 40.66 25.99 30.21 42.59 47.46 50.13 46.87 41.79 50.78 42.74 43.42 46.49 40.96 32.27 37.48 39.28 55.63 46.51 44.94 43.37 41.48 41.75 54.99 47.56 43.49 36.34 44.31 47.48 42.87 44.77 49.42 54.23 48.22 40.18 48.45 48.12 39.62 44.63 47.04 47.35 46.77 46.58 44.81 31.04 29.21 28.34 28.27 31.02 30.02 26.89 32.32 38.41 43.79 49.3 48.02 47.52 49.84 46.83 41.96 31.88 30.92 34.09 31.82 28.89 51.14 37.97 23.3 28.3 46.37 34.31 33.86 45.95
29.92 39.88 49.65 31.31 23.78 27.14 39.18 45.69 32.35 41.02 33.66 30.41 35.45 43.02 51.12 42.09 42.76 46.62 46.7 36.32 43.73 32.99 33.1 32.47 37.59 39.15 39.73 40.31 52.16 43.78 41.35 37.77 42.67 43.33 38.09 45.48 67.71 63.36 52.26 48.34 48.83 45.3 51.7 54.91 54.76 46.8 38.79 33.55 32.72 41.83 35.73 41.16 27.95 30.23 33.98 25.48 26.34 37.52 54.95 45.6 37.41 42.23 36.46 33.38 37.92 36.73 39.45 41.16 35.15 26.64 30.37 45.84 33.25 24.45 23.19 36.39 48.04 40.37
25.27 27.89 60.01 71.06 35.42 33.4 39.17 41.53 33.39 36.45 33.15 44.18 35.98 39.35 31.15 36.73 34.19 43.72 47.84 41.95 43.94 37.26 44.91 42.83 42.27 57.33 41.23 44.96 48.01 50.82 48.82 43.36 42.62 52.77 53.9 46.89 59.69 45.58 44.99 52.38 49.97 51.81 48.2 54.91 48.7 48.23 39.83 36.53 36.11 30.47 33.43 32.59 39.4 32.55 28.97 35.94 34.77 57.76 43.1 38.63 32.39 35.49 31.33 25.71 33.87 31.23 33.26 46.21 39.76 42.52 35.68 35.87 33.62 31.91 26.46 24.48 27.09 27.14
23.29 33.05 29.81 36.29 34.85 32.01 36.61 35.25 39.73 47.38 57.99 45.83 42.17 37.79 39.77 36.91 37.47 38.09 31.36 45.53 56.81 42.09 41.99 41.85 40.68 48.06 43.75 47.76 43.03 47.17 43.59 39.13 44.38 41.69 40.47 44.74 59.91 42.91 55.3 42.23 47.13 46.2 43.27 42.11 41.76 31.2 27.47 31.49 35.48 39.1 39.75 39.04 38.29 51.27 38.26 45.27 45.06 46.94 40.56 35.24 41.66 28.43 37.52 35.92 33.19 39.86 37.98 39.03 31.18 41.98 40.26 42.09 42.42 34.21 23.12 23.55 27.59 28.94
25.5 34.18 24.84 25.02 28.98 19.49 31.21 35.95 27.81 29.05 54.28 72.27 74.45 52.49 46.19 32.59 29.42 31.57 32.62 22.62 39.78 41.91 44.95 42.52 43.04 46.49 47.73 48.27 41.31 36.02 60.73 44.27 45.01 41.98 41.12 40.1 54.31 49.28 46.36 42.95 46.04 40.12 47.37 71.5 49.88 48.67 50.57 54.14 37.56 28.05 22.84 20.78 28.93 54.77 43.13 30.8 25.73 25.02 24.89 31.61 49.94 55.38 43.97 39.98 45.96 45.03 41.99 35.51 42.67 59.67 52.85 41.69 43.08 30.22 26.09 23.25 25.41 23.29
26.11 32.91 14.73 26.41 23.47 28.68 23.64 39.99 36.56 48.28 33.19 31.34 35.05 40.76 44.9 44.88 27.61 36.41 35.56 39.34 27.07 23.52 36.29 44.37 42.72 41.48 47.71 54.85 55.55 34.56 48.59 44.35 43.27 51.31 48.02 45.82 56.04 50.51 39.2 43.23 36.56 39.98 45.26 48.26 44.59 42.29 39.7 44.48 42.89 30.65 30.82 23.3 27.3 41.02 30.46 23.14 25.39 28.33 22.27 18.14 26.43 38.33 28.02 24 21.08 16.77 19.07 25.61 48.61 55.44 41.26 30.49 34.38 32.97 24.7 24.53 24.62 26.89
31.48 34.73 44.06 34.67 34.58 36.59 34.05 33.12 40.67 41.66 32.17 36.49 30.87 43.06 55.91 38.8 41.28 48.17 31.16 30.73 23.03 34.09 37.13 32.7 31.98 33.85 39.18 42.1 43.96 51.02 39.56 45.54 44.8 42.87 43.98 49.94 49.12 45.46 58.23 48.91 47.13 46.06 45.66 42.75 42.93 39.55 36.24 39.18 37.17 53.73 24.53 19.5 22.64 25.54 31.07 45.38 46.18 28.4 17.85 13.47 20.94 36.47 30.89 25.98 18.88 14.06 21.36 28.57 28.08 45.45 25.38 29.62 26.91 36.49 33.59 33 35.65 30.18
43.13 -9999 -9999 -9999 35.75 27.73 21.27 37.77 27.89 28.48 28.73 30.91 25.66 27.9 33.03 41.16 38.73 41.14 37.11 38 44.6 36.71 44.39 41.46 38.19 37.46 50.65 36.05 56.88 48.74 50.49 38.77 49.34 46.55 66.49 69.11 44.89 44.5 48.86 47.01 45.7 43.89 40.34 41.7 41.25 34.14 27.82 41.87 29.79 39.8 28.35 15.35 20.66 24.81 29.3 31.25 34.84 27.11 23.28 18.99 22.15 32.88 35.85 36.76 36.05 27.03 36.65 28.95 33.67 41.75 29.18 28.75 34.41 33.48 39.98 40.8 49.74 46.42
50.06 -9999 -9999 40.76 -9999 33.17 23.08 27.03 29.67 26.5 30.43 37.47 31.02 26.22 46.8 38.6 35.68 31.61 35.01 43.43 37.96 36.2 39.85 45.56 44.66 38.16 48.69 42.4 52.26 38.12 39.26 52.85 46.05 43.65 42.04 42.08 52.68 41.99 43.87 51.71 42.38 43.91 41.65 52.63 37.66 39.29 32.59 28.33 26.86 39.07 29.59 19.39 24.37 30.67 40.34 54.57 46.3 36.8 36.42 31.16 29.89 46.2 46.73 35.52 38.22 32.21 31.85 35.12 41.86 32.66 46.65 38.01 39.33 32.99 38.28 40.16 51.23 54.6
-9999 -9999 37.07 -9999 -9999 22.81 23.66 22.99 29.19 22.26 39.82 45.55 46.86 44.01 34.26 32.22 44.39 36.55 36.64 45.34 38.55 36.32 37.91 44.62 43.41 40.27 46.23 40.6 44.16 43.01 35.08 41.85 43.01 51.61 49.22 48.84 43.97 62.55 57.44 58.09 56.81 43.11 33.97 41.27 48.87 39.2 27.5 26.07 30.65 28.7 30.85 31.81 27.22 31.36 43.9 46.47 33.68 32.24 31.44 31.65 32.83 46.03 34.56 30.41 38.92 60.02 34.82 34.49 52.3 49.95 46.45 55.7 68.25 45.73 43.35 36.86 37.02 43.98
-9999 -9999 31.46 -9999 -9999 21.61 19.75 22.47 32.22 20.32 28.28 42.72 32.14 31.64 27.18 32.01 33.24 34.99 43.51 52.97 37.43 34.2 34.18 38.75 51.19 40.57 38.48 35.95 37.47 40.88 45.08 50.8 50.08 47.22 52.68 38.24 42.32 59.08 82 64.97 46.81 51.57 45.93 50.74 41.03 41.55 34.02 28.78 25.78 26.9 42.15 40.44 37.45 35.43 38.14 39.27 38.88 39.28 28.51 32.12 35.91 48.34 39.15 36.67 39.32 58.09 48.75 45.97 46.86 48.05 41.95 46.01 45.93 45 51.66 51.06 49.29 40.98
-9999 -9999 -9999 -9999 -9999 -9999 29.72 24.15 37.47 18.88 19.03 23.8 39.99 36.12 29.45 29.73 31.32 35.07 36.35 37.91 31.41 25.25 29.32 39.07 43.37 31.73 39.3 48.05 37.33 33.24 42.29 59.24 36.77 37.31 40.16 42.25 43.55 54.4 45.8 47.28 45.27 56.66 52.77 58.44 42.36 42.77 32.14 30.12 29.63 31.47 33.73 54.56 52.89 41.31 38.31 38.9 44.15 46.45 34.73 36.4 31.95 47.22 43.16 38.87 40.19 41.69 40.01 43.05 43.67 48.84 48.29 53.26 59.23 48.91 41.05 41.6 44 49.91
-9999 -9999 -9999 -9999 -9999 -9999 44.27 32.79 26.45 32.11 26.09 27.23 33.86 37.52 36.82 27.8 26.41 32.03 38.13 37.89 31.75 24.55 28.91 34.76 41.98 37.21 30.26 38.27 33.42 35.28 50.82 37.06 39.53 41.5 38.98 36.4 40.38 55.12 38.51 35.94 45.85 48.66 52.45 43.18 43.37 29.19 30.15 33.91 30.26 32.97 38.29 41.98 42.02 39.55 37.87 36.48 42.56 46.18 57.91 40.25 40.75 47.77 54.47 39.49 43.88 39.05 36.83 36.79 39.04 42.37 51.62 58.3 81.65 62.12 41.67 42.12 40.04 45.71
-9999 -9999 -9999 -9999 -9999 -9999 -9999 39.38 40.15 40.67 37.84 33.2 35.67 37.99 30.39 28.8 29.55 33.56 41.66 38.59 37.91 35.81 46.44 49.91 32.46 23.99 26.55 23.18 29.78 34.05 37.51 37.6 44.14 39.05 39.77 52.37 39.55 42.72 39.58 44.47 38.83 39.97 52.77 51.44 36.45 25.05 29.63 29.38 26.76 31.64 40.33 57.1 43.38 40.51 38.38 38.49 35.85 38.27 55.42 55.41 39.64 43.9 42.88 42.12 40.72 38.67 39.01 40.1 40.05 41.37 40.77 42.7 52.44 49.61 50.3 47.79 39.16 41.44
-9999 -9999 -9999 -9999 -9999 -9999 -9999 -9999 45.01 45.23 35.98 40.41 46.57 45.41 35.61 29.21 29.35 28.66 26.16 30.2 45.26 35.07 34.35 50.08 52.99 42.31 27.15 29.18 28.66 28.34 32.26 34.66 33.69 40.1 37.55 38.2 32.1 39.56 45.12 34.15 37.57 51.86 49.21 50.23 43.39 25.93 21 24.71 50.43 41.48 39.48 41.51 45.55 52.02 47.46 42.77 43.91 41.13 46.52 43.48 42.79 41.69 51.48 48.46 45.17 45.16 51.34 41.76 38.26 41.73 39.12 38.55 46.37 40.81 41.24 51.16 43.66 39.69
-9999 -9999 -9999 -9999 -9999 -9999 -9999 -9999 -9999 37.01 41.2 46.58 45.31 37.99 35.33 32.31 33.64 33.87 27.34 32.73 29.8 41.29 32.71 33.48 44.8 47.2 48.21 26.07 33.37 33.1 36.01 29.89 30.66 43.69 43.98 50.02 50.57 49.28 61.23 41.24 40.63 40.85 35.31 50.23 62.04 34.04 23.9 30.25 38.73 51.55 39.02 37.88 47.62 54.02 46.82 43.12 42.2 41.02 42.73 43.85 39.93 37.95 43.41 41.59 42.18 43.58 38.71 41.23 47.49 36.66 43.15 62.85 54.45 42.24 40.93 39.13 37.44 34.64
-9999 -9999 -9999 -9999 -9999 -9999 -9999 -9999 -9999 -9999 -9999 53.41 47.48 38.88 34.98 37.17 36.11 34.77 38.02 38.41 32.89 36.6 39.82 37.47 38.32 40.51 38.15 35.91 35.76 42.77 43.53 43.04 37.96 32.56 42.55 41.66 48.16 42.81 38.48 53.49 57.14 39.16 40.09 40.39 53.99 36.59 29.12 34.06 31.12 35.92 28.58 36.41 43.97 41.36 44.93 51.97 44.99 42.22 51.7 50.21 43.44 -9999 43.25 44.23 45.73 55.59 43.18 42.15 48.53 42.38 42.84 51.28 47.8 42.08 37.82 36.73 36.51 42.55
