resultados/variables/human_footprint.asc
ncols 330
nrows 228
xllcorner -12.000000
yllcorner 34.000000
cellsize 0.166667
NODATA_value -9999
[rows 136 to 169 of 228, columns 234 to 311 of 330]
38.99 39.88 46.39 36.42 33.05 34.8 32.96 39.09 57.32 59.86 42.52 37.83 38.93 38.92 36.85 35.74 39.35 37.88 39.68 34.63 36.66 35.77 36.88 35.05 33.53 35.07 46.27 29.57 30.48 42.09 29.32 36.77 35.08 -9999 -9999 -9999 -9999 47.11 51.6 40.28 35.83 39.44 39.26 39.81 37.45 35.06 38.9 37.65 34.16 37.09 36.02 38.21 46.22 38.43 36.98 39.13 37.13 36.17 39.74 42.59 33.33 53.44 45.16 41.38 40.72 37.45 36.38 42.38 36.6 36.56 38.8 51.16 36.61 38.18 35.04 38.52 35.7 35.32
34.67 35.56 35.87 40.36 47.12 41.13 52.4 46.58 50.43 38.88 44.8 39.02 35.29 35.13 40.47 39.3 39.47 34.67 33.63 33.73 34.16 31.5 30.65 38.58 41.88 39.37 43.52 40.21 37.96 38.12 42.84 31.6 36.74 40.56 36.67 25.22 26.25 -9999 69.66 59.87 49.32 36.73 36.02 36.12 35.73 35.18 38.3 36.3 34.93 41.61 38.51 33.34 35.97 44.18 39.52 40.72 40.85 37.52 39.04 43.06 42.01 43.14 38.23 44.12 47.29 38.17 36.98 46.17 48.4 36.36 36.77 41.02 35.45 36.31 32.11 36.05 36.93 33.51
31.64 36.81 36.88 37.4 38.81 33.38 39 43.5 42.93 41.05 40.71 45.81 43.88 40.39 33.37 36.66 36.16 37.22 35.95 38.55 39.92 35.82 45 39.48 38.78 39.04 38.58 35.38 40.03 36.83 31.12 44.61 46.03 35.88 44.46 42.8 42.45 48.87 49.22 44.46 42.06 36.26 37.99 39.16 39.51 39.92 37.99 40.3 36.69 42.49 41.7 38.1 38.84 37.85 42.98 58.36 47.53 39.36 38.49 42.53 46.61 38.33 41.75 52.9 50.61 44.92 45.59 46.63 77.41 46.07 35.37 38.12 44.33 36.78 39.41 36.73 35.81 38.19
36.52 39.48 38.28 36.02 42.51 33.92 41.11 43.14 38.2 42.23 35.32 40.26 36.58 43.42 46.34 36.16 38.03 40.09 40.05 47.36 36.19 36.21 38.69 37.47 38.31 35.53 35.82 39.64 40.8 38.43 34.08 37.84 48.05 44.61 52.59 48.74 60.64 45.05 38.47 39.68 40.72 44.65 34.8 -9999 40.43 42.83 37.03 36.89 38.48 56.31 38.78 41.67 42.27 40.09 43.23 43.17 39.94 46.98 46.39 46.99 43.11 38.93 43.44 64.7 40.99 39.58 47.33 44.65 52.6 54.08 41.22 41.47 42.57 48.66 43.95 42.47 38.47 41.21
40.54 40.38 41.94 44.2 43.95 36.83 39.34 43.49 37.47 37.76 41.64 36.75 40.4 44.09 41.97 46.19 39.22 36.49 34.91 35.79 36.59 37.84 39.28 36.52 36.3 36.62 37.53 43.88 37.15 38.23 43.06 58.36 45.49 42.96 44.11 49.29 55.04 50.52 45.54 38.24 37.78 38.46 42.48 48.29 57.77 62.91 49.4 56.82 69.79 54.69 46.99 42.43 53.12 67.97 53.32 41.58 46.63 45.69 42.31 44.34 52.41 44.59 40.13 48.99 51.73 47.02 45.02 41.12 46.15 61.63 56.01 51.36 48.44 62.59 60.07 45.29 42.27 40.74
45.71 41.96 53.34 55.01 53.29 43.33 41.69 44.57 41.75 36.83 39.14 38.45 33.84 36.44 36.82 47.88 49.6 43.74 40.31 36.08 37.43 35.91 35.2 38.68 38.8 37.23 40.08 47.63 39.89 38.6 40.59 49.73 43.38 39.31 42.41 44.58 45.05 46.59 43.65 50.45 49.24 47.16 50.86 49.11 45.08 52.01 59.33 75.15 83.73 57.56 45.22 42.12 42.66 47.91 52.62 56.05 55.38 46.41 41.15 39.51 46.79 40.77 36.35 36.56 43.99 50.66 49.55 35.91 41.2 44.98 54.42 41.24 38.83 45.88 36.93 44.3 48.16 40.67
41.91 38.12 37.44 43.6 37.08 42.59 43.09 50.87 51.77 42.26 36.16 40.54 34.31 37.3 41.76 35.21 41.27 47.2 46.93 45.34 42.08 43.53 44.12 40.22 39.37 39.38 49.6 42.16 39.94 37.44 35.71 40.37 38.04 39.39 43.2 38.06 42.04 46.8 49.77 49.87 35.77 40.86 40.08 38.89 38.36 39.4 45.2 45.45 46.6 41.56 44.44 45.2 43.35 41.04 49.49 41.64 41.57 40.67 42.15 43.8 47.92 54.17 45.94 38.26 45.23 47.4 55.56 57.43 48.33 43.41 41.4 50.6 39.34 38.17 33.89 43.4 47.37 45.1
43.97 41.85 38.21 36.23 42.76 40.63 39.95 46.89 46.45 46.29 46.29 43.36 44.66 33.91 34.34 32.17 34.42 39.15 41.4 43.56 47.55 49.65 53.38 64.55 47.9 41.15 41.56 42.9 40.48 41.75 43.71 44.12 41.4 39.74 50.9 39.64 42.11 52.96 69.64 60.88 40.47 43.35 37.34 39.56 43.11 39.94 39.87 45.58 -9999 43.76 44.89 42.19 35.49 36.96 37.27 45.99 45.79 38.85 40.39 36.58 37.39 45.68 47.72 40.95 69.22 70.89 63.12 52.36 48.56 52.3 51.37 51.82 48.98 44.96 48.8 52.9 47.13 49.62
47.97 41.59 40.8 39.1 38.55 39.84 38.48 42.26 49.19 44.24 43.65 43.67 45.34 45.14 41.62 46.16 41.62 39.57 39.95 44.93 44.62 49.96 52.65 48.61 46.92 52.69 40.14 40.32 37.74 39.23 38.14 40.32 40.16 39.58 43.52 43.09 46.5 62.62 82.12 57 39.34 40.53 42.24 41.09 37.27 40.21 42.48 50.47 64.99 70.09 51.51 39.77 37.49 38.96 39.37 45.09 36.08 36.03 38.42 39.66 38.91 43.3 44.37 52.53 60.81 59.46 49.65 51.47 36.17 37.37 39.82 38.56 34.83 37.36 37.42 36.46 42.05 38.26
46.98 42.93 41.63 39.69 39.8 57.79 44.11 37.95 39.18 35.76 44.8 53.47 58.88 43.71 38.28 51.92 36.86 42.87 39.07 43.32 40.12 39.83 39.88 42.6 47.71 62.83 44.26 38.08 38.5 41.76 38.95 37.92 42.2 48.13 40.91 39.73 48.43 65.13 50.01 44.03 45.99 43.51 54.05 56.65 43.91 47.11 58.01 51.04 55.09 69.06 44.93 43.98 37.07 38.71 42.73 37.59 38.64 36.7 38.43 39.17 38.42 39.49 45.48 56.69 49.36 38.25 40.38 47.32 44.47 43.69 39.42 37.48 37.53 37.67 37.99 35.18 37.09 59.44
39.96 45.89 42.34 40.5 47.13 36.66 38.89 36.58 37.82 38.22 37.64 42.1 46.76 41.31 41.95 43.82 43.68 42.63 40.02 40.43 39.67 39.52 39.94 40.59 48.16 58.85 54.48 41.02 38.17 38.5 38.52 36.56 40.72 47.68 43.52 42.42 45.49 53.31 44.23 42.83 56.02 50.8 55.66 -9999 67.05 -9999 52.49 42.73 -9999 -9999 45.57 38.67 48.52 45.49 40.51 47.81 38.18 38.27 35.33 37.87 41.35 37.03 42.21 45.24 37.53 34.88 43.88 37.2 36.27 37.53 41.28 43.49 33.22 37.98 37.6 34.95 37.64 35.48
38.25 41.93 42.03 43.88 44.1 37.4 38.1 35.17 35.26 37.08 42.33 44.69 45.3 47.69 39.6 40.87 42.95 40.23 40.09 41.91 37.3 40.28 40.03 41.38 42.39 54.92 49.72 47.04 43.52 40.52 40.38 40.5 47.05 40.29 39.24 41.23 44.64 49.51 50.09 43.7 42.86 42.34 23.2 29.09 43.11 49.52 49.85 -9999 34.12 46.72 44.87 37.92 38.92 38.52 40.84 52.84 48.72 44 40.59 40.58 44.34 41.02 40.53 41.22 42.28 34.66 39.62 37.92 38.28 37.88 33.58 50.74 41.64 42.79 37.33 38.66 36.51 40.52
48.59 46.32 45.19 54.15 54.64 47.97 34.79 38.22 38.47 34.83 35.57 39.84 49.03 51.96 43.27 39.11 39.59 42.77 39.26 41.56 39.39 42.53 41.77 50.02 45.44 43.6 44.48 47.88 54.49 43.84 38.91 40.13 45.24 39.89 40.06 48.84 47.82 49.91 41.22 42.44 44.61 -9999 42.85 41.27 40.51 37.52 38.55 46.21 43.21 47.11 42.75 43.56 48.89 37.68 39.2 44.99 41.38 46.59 39.12 37.26 37.56 39.6 37.83 56.77 44.35 40.04 42.65 41.09 42.34 41.9 -9999 75.36 -9999 57.3 49.7 73.16 80.42 59.37
41.86 30.87 36.8 54.55 46.02 44.47 42.46 36.24 32.15 34.96 51.65 62.01 46.28 49.71 52.45 41.16 38.59 42.66 43.49 44.84 45.46 38.45 44.3 40.72 38.02 39.8 40.74 38.98 43.74 55.99 50.31 49.67 47.07 42.53 54.56 53.93 45.01 43.44 43.31 46.13 -9999 38.92 39.08 34.57 35.98 35.94 38.42 47.55 44.56 45.24 45.37 41.63 36.04 33.45 36.91 40.65 37.65 38.25 38.26 33.7 37.92 42.62 51.71 -9999 -9999 -9999 -9999 -9999 -9999 -9999 -9999 -9999 -9999 -9999 60.56 50.1 63.59 45.88
41.36 37.85 38.88 36.91 35.58 39.24 45.2 40.77 35.73 36.02 43.89 57.26 46.64 48.97 53.74 63.41 49.7 40.09 50.2 40.59 43.79 40.38 44.93 41.2 34.1 40.87 45.24 44.96 43.31 50.97 75.91 48.17 40.74 40.36 49.3 46.76 47.13 48.45 50.93 40.88 41.26 43.05 38.27 42.41 41.63 38.29 38.42 38.48 37.81 44.66 58.72 36.71 36.48 35.98 37.34 38.09 42.92 44.96 42.05 42.17 45.86 -9999 -9999 -9999 -9999 -9999 -9999 -9999 -9999 -9999 -9999 43.16 42.68 45.51 45.16 41.55 44.22 36.2
40.45 33.71 35.73 41.57 39.07 35.7 50.06 41.71 37.09 36.58 35.22 42.37 41.64 37.66 53.23 60.6 57.12 50.64 46.15 41.73 41.69 37.39 46.51 46.84 38.42 44.43 48.96 48.29 45.72 -9999 47.13 44.76 48.66 59.06 61.73 46.33 40.48 48.17 61.4 53.29 43.68 37.92 36.11 36.92 38.53 39.94 36.12 36.08 40.13 47.34 46.82 41.28 41.62 42.12 42.81 44.99 49.98 -9999 -9999 -9999 -9999 -9999 -9999 -9999 -9999 -9999 -9999 -9999 -9999 45.41 42.25 38.03 34.21 38.2 36.44 42.56 36.31 36.1
39.95 35.78 35.41 32.48 48.17 37.92 43.17 43.93 39.15 35.52 39.17 39.25 39.31 39.55 43.14 43.74 48.24 55.03 42.01 41.58 45.8 56.3 -9999 66.7 -9999 -9999 -9999 -9999 -9999 -9999 -9999 -9999 58.37 61.08 47.02 42.64 29.36 41.56 35.33 36.49 33.04 33.66 35.65 33.26 34.33 34.63 31.75 35.41 47.07 37.65 36.75 42.66 -9999 -9999 -9999 -9999 -9999 -9999 -9999 -9999 -9999 -9999 -9999 -9999 -9999 42.84 43.36 45.06 42.64 46.76 44.27 38.8 48.79 42.98 40.01 48.25 39.24 36.08
38.22 36 34.98 35.47 38.49 37.78 41.53 44.39 44.75 42.62 43.87 47.58 39.99 37.72 39.92 41.81 42.02 46.56 38.82 45.25 46.26 70.23 93.04 -9999 -9999 -9999 -9999 -9999 -9999 -9999 37.66 46.23 52.72 43.78 29.92 36.59 40.1 35.78 36.34 39.76 34.7 33.37 34.56 34.98 39.78 38.1 39.06 43.05 39.05 -9999 36.67 -9999 -9999 -9999 -9999 -9999 -9999 -9999 -9999 -9999 -9999 -9999 -9999 -9999 -9999 46.97 44 46.58 39.03 37.12 38.84 39.59 42.13 40.37 36.73 39.03 37.28 35.51
46.46 43.94 37.33 41 49.52 41.67 52.55 50.72 37.7 41.01 40.89 44.81 45.64 42.98 39.03 38.64 39.01 41.71 41.55 -9999 -9999 60.84 -9999 -9999 -9999 -9999 -9999 -9999 -9999 -9999 38.88 41.97 40.69 35.6 36.94 38.63 40.6 45.64 47.8 45.93 42.19 37.32 38.63 30.76 34.31 40.86 51.04 42.44 -9999 -9999 -9999 -9999 -9999 -9999 -9999 -9999 -9999 -9999 -9999 -9999 -9999 -9999 -9999 -9999 -9999 -9999 -9999 -9999 37.53 32.84 36.49 48.24 38.47 37.23 44.44 41.73 47.19 43.16
43.4 49.18 44.33 41.51 39.97 44.72 45.43 43.66 37.23 39.28 42.23 45.78 40.19 42.42 40.63 41.23 48.21 44.21 42 46.51 48.44 -9999 -9999 -9999 -9999 -9999 -9999 -9999 -9999 -9999 -9999 -9999 -9999 -9999 -9999 -9999 -9999 -9999 41.23 -9999 47.17 -9999 -9999 -9999 -9999 41.83 -9999 -9999 -9999 -9999 -9999 -9999 -9999 -9999 -9999 -9999 -9999 -9999 -9999 -9999 -9999 -9999 -9999 -9999 -9999 -9999 -9999 54.16 -9999 34.64 37.53 50.07 41.59 38.84 39.18 40.06 48.67 44.58
46.55 51.49 52.67 39.45 37.09 44.88 42.35 50.83 37.44 42.66 42.81 39.8 40.17 46.89 47.93 49.29 46.31 41.15 43.41 45.38 -9999 -9999 -9999 -9999 -9999 -9999 -9999 -9999 -9999 -9999 -9999 -9999 -9999 -9999 -9999 -9999 -9999 -9999 -9999 -9999 49.16 42.81 36.14 34.87 -9999 37.58 -9999 -9999 -9999 -9999 -9999 -9999 -9999 -9999 -9999 -9999 -9999 -9999 -9999 -9999 -9999 -9999 -9999 -9999 -9999 33.72 33.49 35.58 39.05 41.1 30.99 36.22 39.73 35.22 39.18 36.28 38.37 38.26
47.07 52.53 52.54 41.58 37.52 42.14 45.31 42.03 41.2 53.99 40.57 39.86 42.05 44.86 43.99 47.39 48.32 -9999 -9999 -9999 -9999 -9999 -9999 -9999 -9999 -9999 -9999 -9999 -9999 -9999 -9999 -9999 -9999 -9999 -9999 -9999 -9999 -9999 42 40.86 38.98 37.03 36.83 43.21 51.36 33.25 -9999 -9999 -9999 -9999 -9999 -9999 -9999 -9999 -9999 -9999 -9999 -9999 -9999 -9999 -9999 -9999 -9999 -9999 -9999 35.3 29.88 25.39 32.94 35.21 44.06 44.43 38.87 34.25 35.76 37.97 38.15 38.8
40.4 42.23 48.22 50.94 45.64 40.7 46.52 44.51 47.17 38.9 39.32 46.83 45.01 40.69 45.76 47.05 -9999 -9999 -9999 -9999 -9999 -9999 -9999 -9999 -9999 -9999 -9999 -9999 -9999 -9999 -9999 -9999 -9999 -9999 -9999 34.03 39.94 37.93 35.16 33.8 28.93 33.8 33.65 37.8 39.02 43.23 33.43 39.22 -9999 -9999 -9999 -9999 -9999 -9999 -9999 -9999 -9999 -9999 -9999 -9999 -9999 -9999 -9999 -9999 33.85 28.93 34.21 32.63 35.64 37.69 37.11 51.54 38.77 37.41 38.46 41.97 41.48 39.08
47.53 39.53 43.43 43.07 46.4 58.22 62.25 54.09 -9999 35.35 50.11 52.45 41.26 48.37 39.79 45.04 -9999 -9999 -9999 -9999 -9999 -9999 -9999 -9999 -9999 -9999 -9999 -9999 -9999 -9999 -9999 -9999 -9999 35.13 44.03 38.4 38.96 35.22 37.28 36.26 35.45 34.46 32.73 44.82 36.6 34.76 45.84 40.99 -9999 -9999 -9999 -9999 -9999 -9999 44.64 53.72 69.47 74.09 -9999 -9999 -9999 -9999 -9999 -9999 32.67 36.13 35.69 41.67 35.55 38.62 41.58 36.26 41.45 34.05 47.56 38.84 36.6 40.99
41.59 46.17 44.1 46.4 49.7 67.3 50.05 46.38 41.42 37.57 42.09 45.45 31.34 28.02 23.91 39.41 -9999 -9999 -9999 -9999 -9999 -9999 -9999 -9999 -9999 -9999 -9999 -9999 -9999 -9999 -9999 -9999 -9999 -9999 -9999 -9999 -9999 42.28 51.34 35.99 31.42 36.83 48.16 36.8 34.6 33.06 33.38 39.55 39.41 46.74 43.85 45.82 47.64 40.84 39.79 42.87 72.52 -9999 -9999 49.39 -9999 54.99 50.74 43.75 38.58 39.49 51.71 46.29 34.9 40.01 36.07 34.09 39.76 44.83 37.82 50.58 54.88 48.29
46.91 52.4 49.17 44.24 46.38 44.45 42.09 46.27 38.97 40.09 51.2 47.35 36.41 22.36 22.54 36.27 -9999 -9999 -9999 -9999 -9999 -9999 -9999 -9999 -9999 -9999 -9999 -9999 -9999 -9999 -9999 -9999 -9999 -9999 -9999 -9999 -9999 -9999 -9999 54.3 40.77 39.8 53.16 35.52 31.98 35.31 31.1 31.61 37 44.54 63.63 -9999 34.73 38.64 39.98 44.23 42.38 -9999 -9999 -9999 -9999 44.82 51.18 46.53 45.81 45.63 47.4 40.74 40.35 40.95 47.02 64.36 70.95 49.05 41.22 41.46 42.08 38.37
44.89 41.09 43.05 41.38 46.74 37.99 44.34 46.68 35.61 36.67 43.82 -9999 26.22 24.91 21.56 -9999 -9999 -9999 -9999 -9999 -9999 -9999 -9999 -9999 -9999 -9999 -9999 -9999 -9999 -9999 -9999 -9999 -9999 -9999 -9999 -9999 -9999 -9999 -9999 -9999 38.59 34.05 60.2 36.28 27.59 30.11 30.19 34.84 33.79 -9999 -9999 -9999 -9999 -9999 -9999 -9999 -9999 -9999 -9999 -9999 -9999 -9999 51.8 34.75 31.94 45.84 50.88 41.86 46.42 47.28 47.88 57.37 44.02 38.08 36.95 37.88 34.82 34.51
41.94 40.66 41.88 46.2 49.13 43.45 47.04 43.81 38.65 37.97 42.74 -9999 -9999 -9999 -9999 -9999 -9999 -9999 -9999 -9999 -9999 -9999 -9999 -9999 -9999 -9999 -9999 -9999 -9999 -9999 -9999 -9999 -9999 -9999 -9999 -9999 -9999 -9999 -9999 39.87 42.43 39.32 26.48 27.66 36.53 -9999 -9999 -9999 -9999 -9999 -9999 -9999 -9999 -9999 -9999 -9999 -9999 -9999 -9999 -9999 -9999 -9999 30.85 38.51 59.33 37.95 26.46 30.35 28.98 31.02 29.7 29.46 29.77 36.03 30.57 28.3 39.46 47.41
50.4 51.06 57.4 51.6 51.09 44.15 45.91 42.65 39.33 44.59 44.29 -9999 -9999 -9999 -9999 -9999 -9999 -9999 -9999 -9999 -9999 -9999 -9999 -9999 -9999 -9999 -9999 -9999 -9999 -9999 -9999 -9999 -9999 -9999 -9999 -9999 -9999 -9999 -9999 71.48 38.2 27.61 31.23 39.14 -9999 -9999 -9999 -9999 -9999 -9999 -9999 -9999 -9999 -9999 -9999 -9999 -9999 -9999 -9999 -9999 -9999 -9999 -9999 -9999 -9999 -9999 43.48 28.96 25.24 25.04 24.61 24.05 29.48 27.57 24.06 29.56 29.82 25.54
46.15 46.95 50.22 48.7 52.45 50.76 47.94 44.51 47.98 48.73 -9999 -9999 -9999 -9999 -9999 -9999 -9999 -9999 -9999 -9999 -9999 -9999 -9999 -9999 -9999 -9999 -9999 -9999 -9999 -9999 -9999 -9999 -9999 -9999 -9999 -9999 -9999 -9999 -9999 -9999 33.54 31.63 -9999 -9999 -9999 -9999 -9999 -9999 -9999 -9999 -9999 -9999 -9999 -9999 -9999 -9999 -9999 -9999 -9999 -9999 -9999 -9999 -9999 -9999 -9999 -9999 -9999 30.83 31.12 32.64 28.07 24.73 23.5 26.07 31.82 36.5 44.5 24.49
41.19 49.45 54.39 43.39 43.73 44.26 51.97 56.95 53.12 71.66 -9999 -9999 -9999 -9999 -9999 -9999 -9999 -9999 -9999 -9999 -9999 -9999 -9999 -9999 -9999 -9999 -9999 -9999 -9999 -9999 -9999 -9999 -9999 -9999 -9999 -9999 -9999 -9999 -9999 -9999 -9999 -9999 -9999 -9999 -9999 -9999 -9999 -9999 -9999 -9999 -9999 -9999 -9999 -9999 -9999 -9999 -9999 -9999 -9999 -9999 -9999 -9999 -9999 -9999 -9999 -9999 -9999 -9999 -9999 -9999 -9999 36.41 27.21 28.1 25.58 23.66 26.82 25.73
41.29 55.05 40.59 41.02 43.91 41.87 40.45 46.73 43.34 63.26 -9999 -9999 -9999 -9999 -9999 -9999 -9999 -9999 -9999 -9999 -9999 -9999 -9999 -9999 -9999 -9999 -9999 -9999 -9999 -9999 -9999 -9999 -9999 -9999 -9999 -9999 -9999 -9999 -9999 -9999 -9999 -9999 -9999 -9999 -9999 -9999 -9999 -9999 -9999 -9999 -9999 -9999 -9999 -9999 -9999 -9999 -9999 -9999 -9999 -9999 -9999 -9999 -9999 -9999 -9999 -9999 -9999 -9999 -9999 -9999 -9999 -9999 -9999 34.84 24.89 22.97 22.32 23.03
37.28 39.26 33.95 34.88 36.13 38.78 37.41 44.09 40.87 56.71 -9999 -9999 -9999 -9999 -9999 -9999 -9999 -9999 -9999 -9999 -9999 -9999 -9999 -9999 -9999 -9999 -9999 -9999 -9999 -9999 -9999 -9999 -9999 -9999 -9999 -9999 -9999 -9999 -9999 -9999 -9999 -9999 -9999 -9999 -9999 -9999 -9999 -9999 -9999 -9999 -9999 -9999 -9999 -9999 -9999 -9999 -9999 -9999 -9999 -9999 -9999 -9999 -9999 -9999 -9999 -9999 -9999 -9999 -9999 -9999 -9999 -9999 -9999 -9999 37.18 25.53 22.07 24.71
43.38 35.29 39.13 34.78 37.45 36.59 45.43 40.14 42.78 -9999 -9999 -9999 -9999 -9999 -9999 -9999 -9999 -9999 -9999 -9999 -9999 -9999 -9999 -9999 -9999 -9999 -9999 -9999 -9999 -9999 -9999 -9999 -9999 -9999 -9999 -9999 -9999 -9999 -9999 -9999 -9999 -9999 -9999 -9999 -9999 -9999 -9999 -9999 -9999 -9999 -9999 -9999 -9999 -9999 -9999 -9999 -9999 -9999 -9999 -9999 -9999 -9999 -9999 -9999 -9999 -9999 -9999 -9999 -9999 -9999 -9999 -9999 -9999 -9999 -9999 41.85 31.37 22.77
