resultados/variables/landcover_veg_bare.asc
ncols 330
nrows 228
xllcorner -12.000000
yllcorner 34.000000
cellsize 0.166667
NODATA_value -9999
[rows 148 to 184 of 228, columns 170 to 254 of 330]
1.5 4.03 2.84 3.06 2.26 2.4 1.82 0.87 0.2 1.36 1.9 2.61 3.57 2.38 2.5 2.55 4.42 3.06 1.85 3.09 2.86 2.15 2.68 2.7 2.4 1.81 2.35 2.71 1.69 1.27 1.23 1.5 0.69 1.24 1.07 0.48 0.14 0.16 0.15 0.21 0.32 0.13 0.05 0.02 0.01 0.02 0.17 0.2 0.12 0.04 0.01 0.03 0 0 0 0 0.01 0 0.01 0.18 1.52 2.58 4.4 4.53 5.4 4.88 3.68 4.72 6.21 5.14 1.68 2.6 2.95 3.16 4.01 5.42 7.46 5.89 3.11 2.38 3.71 4.84 3.55 3.35 3.38
1.27 2.1 2.06 1.4 1.6 1.82 1.5 1.38 1.22 5.02 2.5 2.4 1.62 1.58 1.69 1.77 2 1.18 3.6 3.15 4.78 3.07 2.09 2.21 2.19 2.4 1.86 2.03 1.68 1.57 1.06 0.64 1.21 4.09 0.28 0.41 0.27 0 0.02 0.08 0.17 0.06 0 0 0.01 0.33 0.04 0.07 0.48 0.12 0.08 0.17 0.05 0.7 0.02 0 0.01 0.38 0.85 0.03 0.2 2.2 4.9 3.81 1.63 1.75 2.54 3.79 2.29 4.69 7.22 3.17 2.92 3.51 7.49 7.1 4.07 6.15 6.28 5.37 5.17 4.64 3.97 5.42 4.71
0.35 1.1 1.08 1.18 1.23 0.83 1.49 0.82 1.15 -9999 1.74 0.86 1.27 1.09 1.37 2.19 1.56 2.75 4.01 7.67 5.58 4.58 4.82 2 1.56 1.48 1.4 1.82 1.63 1.28 0.97 0.81 1.57 0.74 0.04 0.04 0 0 0.01 0.01 0.14 0.17 0.01 0.01 0.04 0.17 0.23 0.21 0.29 0.08 0.03 0.01 0.07 0.01 0.07 0.04 0.02 0.01 0.19 0.16 2.72 1.96 2.35 3.41 0.9 2.84 3.84 3.24 3.8 2.42 6.7 9.47 6.54 3.24 7.78 9.52 7.79 7.26 6.84 8.58 7.14 4.82 3.86 4.54 6.33
0.63 0.5 0.53 0.72 1.08 1.75 -9999 1.27 1.16 1.02 1.25 1.23 0.96 1.08 1.01 1.84 2.5 4.59 6.58 5.7 4.59 4.06 2.65 1.07 1.42 1.66 2.68 2.58 3 0.56 1.28 1.28 1.1 0.22 0.17 0.05 0.1 0.04 0.1 0.01 0.01 0.03 0.05 2.17 0.13 0.14 0.11 0.14 0.11 0.1 0.25 0.01 0.04 0.02 0.32 0.65 0.04 0.05 0 0 0.07 0.8 1.52 1.37 1.54 0.61 2.1 3.24 6.76 3.05 8.8 9.97 5.79 4.16 5.51 5.93 8.04 5.73 6.84 3.85 5.5 5.5 5.03 6.23 7.62
0.51 0.53 0.28 0.57 0.61 0.62 0.72 0.48 0.75 1.3 1.48 0.84 0.48 0.82 1.66 2.44 1.45 8.96 9.37 4.15 2.95 2.64 2 1.8 1.83 2.54 3.69 2.35 1.75 2.35 0.8 1.07 0.67 0.84 0 0 0.29 0.01 0.04 0.06 0.06 0.03 0.07 0.13 1.16 0.77 0.19 0.06 0.08 1.22 0.04 0 0.03 0.06 0.01 0.07 0.27 0.05 0.09 0 0.02 0.03 0.1 3.6 0.69 0.64 1.5 1.66 2.69 3.27 5.25 8.05 7.86 5.18 5.68 5.28 5.02 8.53 6.61 6.33 5.69 5.15 7.09 7.22 6.01
0.94 0.86 0.4 0.72 0.41 0.22 0.34 0.8 1.89 1.01 1.42 0.79 0.48 0.74 1.91 2.07 1.85 3.63 4.69 2.94 5.53 6.19 3.4 1.29 2.27 1.96 2.92 2.8 1.77 1.43 0.96 0.6 0.86 0.37 0.23 0 0.01 0 0.04 0.01 0.02 0.07 0.03 0.11 0.11 0.24 0.07 0.12 0.07 0.03 0.08 0.03 0.01 0.19 0.07 0.1 0.95 0.06 0.05 0.05 0.42 0.13 0.66 2.36 3.4 1.32 1.56 4.59 6.71 8.4 5.74 5.47 4.4 6.22 5.64 8.74 5.99 7.2 6.51 9.65 10.86 10.43 5.39 4.42 8.63
1.83 1.02 0.74 0.28 0.22 0.34 0.45 0.37 0.04 0.07 0.32 0.15 0.46 0.42 1.48 1.88 2.23 2.51 2.98 2.55 5.8 9.34 5.34 1.78 3.37 4 4.24 2.51 1.18 2.59 1.77 1.02 0.5 0.42 0.01 0.01 0.02 0 0.01 0 0.14 0.27 0 0.05 0.47 0.38 0.17 0.31 0.1 0.02 0.1 0.06 0.06 0.4 0.01 0.01 0.01 0.7 0.01 0.07 0.03 0.43 2.51 1.11 5.51 5.47 5.07 11.03 9.06 8.49 4.75 6.1 4.78 8.96 8.9 7.54 5.16 5.69 9.69 8.62 9.13 10.51 8.1 -9999 -9999
0.01 0.07 0.17 0.12 0.03 0.4 0.25 0.27 0.9 0.81 0.66 2.19 1.07 2.01 1.46 1.82 2.5 2.5 3.4 5.26 5.26 6.79 2.87 2.26 2.9 1.87 1.94 1.48 1.18 1.49 1.27 1.85 0.17 0.01 0 0 0 0 0.02 0.04 0 0.26 0 0.71 0.12 0.19 0.05 0.17 0.17 0 0.01 0 0.01 0.07 0.03 0.05 0.01 0 0.94 0.33 0 0 0.08 0.23 7.12 7.19 8.04 9.66 7.29 7.4 6.9 5.07 7.76 9.67 10.47 9.15 9.26 7.53 9.39 6.12 6.41 9.6 9.1 8.79 7.63
0.03 0.01 0.03 0.27 0.01 0.63 0.98 0.56 0.47 0.55 0.43 1.14 1.23 1.64 0.69 1.08 1.69 2.28 2.88 2.48 3.4 5.35 2.71 2.12 2.67 1.63 1.7 1.62 0.9 1.44 0.69 0.44 0.29 0.1 0.02 0.1 0.01 0.01 0.04 0.55 0.14 0.54 0.34 0.48 0.12 0.01 0.08 0.01 0.01 0.04 0 0.2 0.02 0.23 0 0.27 0.95 0.49 2.19 0.16 0.01 0.03 0.2 0.58 10.49 12.54 13.28 14 11.89 10.67 7.46 9.15 10.41 10.48 8.53 13.5 10.37 9.14 9.02 9.89 11.74 9.83 9.21 8.95 -9999
0.04 0.01 0.01 0.03 0.04 0.01 0.33 0.52 0.68 0.34 0.29 0.4 0.92 0.67 0.54 0.72 2 1.71 2.62 3.18 2.31 2.54 3.1 1.2 2.11 2.09 1.8 1.53 1.12 5.13 3.1 4.12 2.96 1.95 0.32 0.06 0 0 0.01 0.46 0.02 0.1 0.03 0.01 0.04 0.1 1.5 0.47 0.15 0.06 0.13 0.4 0.19 0.07 0.61 1.7 1.07 0.26 0.07 0.08 0.02 0.01 0.09 0.03 8.14 11.07 10.09 12.15 14.67 11.29 11.46 10.51 10.37 10.08 12.84 11.39 11.29 12.8 14.76 10.59 10.62 -9999 -9999 -9999 -9999
0.04 0.07 0 0.28 0.16 0.05 0.01 0 0.04 0.34 0.52 0.58 0.46 0.64 1.42 0.46 1.11 1.65 1.77 2.31 1.57 1.73 1.75 1.55 2.05 2.1 2.52 1.21 1.76 2.2 2.4 2.55 2.16 0.95 0.06 0.01 0.07 0 0 0.11 0.01 0.03 0.31 0.16 0.41 0.11 0.07 0.03 1.11 2.44 3.17 1.05 0.36 0.09 0.65 2.08 0.7 0.01 0 0.01 0 0.01 0.04 0.35 7.39 8.84 12.69 10.97 12.86 10.95 6.02 11.36 9.95 7.59 8.23 7.36 11.49 14.06 12.47 8.1 -9999 -9999 -9999 -9999 -9999
0.23 0.01 0.09 0.16 0.04 0.07 0 0.21 1.2 0.72 0.19 0.85 1.21 0.61 0.7 1.01 1.16 2.17 2.38 2.29 1.97 1.7 1.38 1.27 3.92 2.71 2.65 1.13 0.85 1.17 2.96 2.03 0.12 0.01 0 0.21 0.01 0.18 0.44 3.47 0.06 0.07 0.18 3 0.43 0.02 0.03 0.1 0.02 0.04 0.36 1.31 0.39 0.04 2.17 0.37 0.12 0.12 0.01 0.07 0.15 0.61 1.49 3.57 11.6 11.35 9.58 10.72 9.28 12.47 7.71 7.42 -9999 5.04 9.29 6.89 7.57 9.08 1.29 3.1 -9999 -9999 -9999 -9999 -9999
0 0.03 0.1 0.21 0.09 0.17 0.64 0.43 0.34 0.21 0.36 0.35 1.25 1.03 1.57 0.79 1.36 1.02 1.65 1.84 3.17 2.4 1.91 1.69 1.58 2.97 2.23 1.31 0.8 0.82 2.21 0.14 0 0.27 0.04 0 0 1.9 1.4 0.34 0.05 0.08 0.01 0.51 0.48 0.35 0.17 0 0.08 0.01 0.01 0.07 0.17 0.15 0.14 0.07 0.02 0.07 0.18 0.07 0.55 1.45 11.54 16.08 12.88 14.02 9.76 9.24 9.43 10.21 7.07 10.91 5.21 6.96 5.29 2.43 1.49 1.71 0.32 5.04 -9999 -9999 -9999 -9999 -9999
0.09 0 0 0 0.03 0.9 0.36 0.14 0.27 0.23 0.43 0.21 0.43 0.34 1.02 0.48 0.38 0.79 0.81 1.27 1.92 2.18 2.52 2.61 1.05 2.42 3.16 2.44 2.41 2.65 1.39 0.3 0.03 0.01 0.01 0.03 0.05 0.28 0.01 0.01 0.3 1.09 0.66 0.89 0.17 0.32 0.01 0.56 0.46 0.03 0.08 0 0.01 0 0.12 0.01 2.29 2.1 2.19 1.36 3.76 8.7 14.3 16.02 17.95 16.52 13.37 12.2 13.74 8.44 3.42 17.82 7.93 11.62 17.26 15.6 8.96 1.76 2.14 1.35 -9999 -9999 -9999 -9999 -9999
0.01 0 0.49 0.06 0 0.47 0.2 0.06 0.03 0.03 0.01 0.23 0.12 0.06 0.36 0.65 0.37 0.32 0.58 1.51 1.72 2.15 1.94 3.04 2.56 1.74 1.65 1.62 0.89 2.11 1.19 0.2 0.03 0.05 0.07 0.01 0.02 0.1 0.03 0.67 2.92 2.52 0.73 0.82 0.33 0.28 0.16 1.17 0.15 0.01 0.37 1.68 0.01 0.1 2.63 2.32 3.76 6.48 8.33 6.39 10.31 14.44 17.02 17.07 19.36 17.79 16.39 16.33 16.37 7.34 8.33 22.48 6.07 8.07 15.74 -9999 0.55 1.31 0.02 -9999 -9999 -9999 -9999 -9999 -9999
0 0.07 0.04 0 0.06 1.14 0.01 0.04 0.16 0 0.28 0.04 0.07 0.03 0.02 0.18 0.08 1.27 0.9 0.35 1.92 0.78 1.27 1.77 5.97 2.24 1.75 1.61 0.84 3.16 2.42 4.93 0.2 0.01 0 0.25 1.56 0.87 0.84 1.15 0.57 1.74 1.46 1.14 0.37 1.07 0.41 3.01 1.57 1.39 2.09 5.46 3.56 2.02 4.42 5.17 5.76 6.43 4.9 4.28 9.61 12.2 16.73 16.93 18.27 17.57 14.98 13.81 21.14 8.17 19.23 24.84 17.99 20.3 15.26 -9999 -9999 -9999 -9999 -9999 -9999 -9999 -9999 -9999 -9999
0.06 0.01 0.03 0.02 0.03 0 0.01 0 0 0.08 0.01 0.01 0.17 0.27 0.19 0.06 0 0.33 0 0.02 0.02 0.18 0.58 0.29 0.02 0.05 0.52 1.32 0.55 1.33 1.23 1.53 0.55 0.65 0.62 0.33 0.09 5.21 5.43 1.43 0.93 0.69 1.42 2.76 1.3 1.9 1.98 3.91 3.38 2.92 3.76 4.07 5.78 5.37 5.35 3.6 5.59 4.57 5.58 6.12 6.06 8.87 10.67 13.51 13.53 11.85 11.31 13.05 16.12 7.81 19.02 20.84 23.47 19.67 13.58 -9999 -9999 -9999 -9999 -9999 -9999 -9999 -9999 -9999 -9999
0.26 0.01 0.02 0.03 0.05 0.04 0.03 0 0 0.01 0.1 0 0.23 0.56 0.22 0 0.12 0 0.02 0.01 0.01 0.04 0.07 1.67 0.56 0.41 0.79 1.26 0.72 0.36 0.18 0.02 0.04 0.84 2.58 0.28 1.73 6.03 4.49 6.08 5.62 2.71 2.06 1.78 4.42 2.78 2.53 2.05 3.71 2.77 3.48 2.27 3.35 4.46 6.58 5.11 4.71 5.93 16.46 8.25 6.06 7.5 8.69 8.84 8.37 9.15 8.57 12.05 14.27 12.54 13.52 14.09 17.88 20.29 -9999 -9999 -9999 -9999 -9999 -9999 -9999 -9999 -9999 -9999 -9999
0.88 0.76 0.76 0.33 0.17 0.01 0 0.34 0.17 0.59 0.03 0.01 0.02 0 0 0.01 0.01 0 0.01 0 0 0.55 0 0.03 0 0.55 0.42 0.48 0.72 0.52 0.14 0 0.04 0.01 0.05 0.34 1.32 4.48 6.27 5.6 6.27 5.94 4.63 1.5 4.26 6.95 4.46 3.92 4.73 3.55 3.84 2.45 3.42 4.39 5.5 5.96 3.81 4.83 6.45 8.04 6.42 6.36 4 8.02 8.53 9.24 9.43 11.63 11.29 13.53 18.83 18.28 15.45 14.28 -9999 -9999 -9999 -9999 -9999 -9999 -9999 -9999 -9999 -9999 -9999
7.75 2.56 1 3.02 2.11 0.13 0.18 0.03 0.08 0.01 0.07 0.11 0.08 0 0 0.01 0 0.2 0 0 0 0.05 0.96 0.02 0.09 0.01 0.18 1.21 0.32 0.27 0.24 0.03 0.02 0.06 2.62 0.91 0.88 2.04 6.31 8.64 8.71 8.81 5.36 4.4 4.04 9.95 8.38 6.06 5.41 3.71 3.28 3.5 3.48 5.53 3.75 3 2.41 3.13 2.71 4.11 4.86 6.17 5.22 3.1 4.17 8.14 8.87 11.63 15.88 17.4 20.3 18.62 19.93 15.95 -9999 -9999 -9999 -9999 -9999 -9999 -9999 -9999 -9999 -9999 -9999
6.08 9.45 3.12 1.73 3.58 0.55 0.47 0.17 0.15 0.04 0.01 0.76 1.79 0.01 0.18 0.01 0.01 0.01 0.1 0.1 0.09 0.2 0.06 0.12 0.54 0 0.07 0.26 0.09 0.94 1.98 0.13 0 0.69 0.56 1.38 0.6 0.76 2.48 7.27 7.77 8.69 7.83 9.87 10.26 8.29 12.35 7.52 5.51 5.31 5.65 3.21 3.73 3.55 5.45 2.72 4.46 5.58 4.29 4.78 5 3.78 2.83 3.9 4.21 4.15 5.22 6.61 17.5 16.25 21.18 20.36 18.11 11.65 -9999 -9999 -9999 -9999 -9999 -9999 -9999 -9999 -9999 -9999 -9999
8.02 5.69 6.47 3.52 6.22 5.45 7.58 0.96 0.03 0.03 1.09 2.28 0.35 0.13 0.04 0.05 0.03 0.06 0.05 0.34 0.57 0 0.03 0.01 0.01 0.03 0.21 0 0.21 0.34 0.56 0.1 0.03 0.18 0.05 0.69 0.42 1.22 1.34 2.98 5.9 10.75 8.98 8.71 7.85 10.51 8.76 -9999 5.2 5.29 5.65 4.19 3.96 4.33 4.11 3.1 3.63 4.58 2.76 3.69 3.04 3.71 2.99 5.8 7.76 6.29 9.07 8.58 14.93 17.3 18.3 12.75 13.04 -9999 -9999 -9999 -9999 -9999 -9999 -9999 -9999 -9999 -9999 -9999 -9999
7.91 7.41 2.74 3 3.33 5.95 6.5 6.3 1.55 6.02 1.18 3.19 2.31 0.17 0.04 0.03 0 0 0.11 0.93 0.58 0.04 0 0.04 0.01 0.1 0.03 0.09 0.32 0.94 0.36 0.67 1.01 0.4 0.38 0.84 0.03 0.31 0.83 1.89 3.71 5.02 6.76 8.21 6.13 4.1 4.69 6.31 7.89 9.14 6.16 6.29 4.12 4.91 4.66 4.08 2.48 3.24 2.15 2.84 4.02 4.97 5.23 5.15 5.99 6.73 11.25 10.28 13.33 12.77 8.96 8.98 7.64 -9999 -9999 -9999 -9999 -9999 -9999 -9999 -9999 -9999 -9999 -9999 -9999
-9999 -9999 3.39 3.41 2.81 3.31 1.81 2.67 4.64 3.06 2.11 3.58 6 1.47 0 0 0 0.17 0.65 0.15 0.01 0.21 0.14 0 0 0.14 0.07 0.17 0.45 0.03 0 0.15 2.64 1.42 0.39 0.04 0 0.02 0.09 0.44 1.65 4.38 3.62 3.75 2.82 2.73 5.72 4.34 6.02 6.56 4.09 5.37 4.26 2.82 2.3 2.39 1.33 1.23 1.37 2.07 1.98 3.35 4.46 7.45 11.09 8.08 7.73 8.05 7.83 6 7.47 5.54 5.93 -9999 -9999 -9999 -9999 -9999 -9999 -9999 -9999 -9999 -9999 -9999 -9999
-9999 -9999 -9999 -9999 3.63 4.01 2.19 3.43 5.13 6.4 2.3 2.35 2.5 1.58 4.56 0.47 0.73 0.36 0.19 0 0.04 0.38 0.58 0.3 0.03 0.65 0.48 0.06 0 0.38 1.46 3.12 6.46 3.58 0.27 0.28 0.29 0.65 0.2 0.04 0.15 0.66 0.87 1.76 1.56 0.93 1.47 1.65 1.98 1.64 3.81 2.03 1.5 2.06 1.02 1.66 1.06 1.06 0.28 1.4 1.3 3.55 3.36 5.32 4.66 7.44 10.1 10.48 9.41 8.88 -9999 -9999 -9999 -9999 -9999 -9999 -9999 -9999 -9999 -9999 -9999 -9999 -9999 -9999 -9999
-9999 -9999 -9999 -9999 -9999 -9999 3.05 2.35 3.06 5.63 2.83 1.51 2.31 2.29 1.39 4.63 5.68 1.88 0.14 0.02 0.11 0.6 2.28 0.46 0.18 0.57 0.43 0.67 0.1 0.1 0 0.07 1.91 3.09 0.69 0.15 0.82 2.03 0.85 1.09 0.33 0.33 0.22 0.84 0.85 0.14 0.38 0.64 0.31 0.15 0.63 0.54 1.04 0.26 0.23 1.56 1.58 0.5 0.01 0.38 1.26 5.86 4.27 3.12 3.93 3.79 5.38 4.63 3.33 2.41 -9999 -9999 -9999 -9999 -9999 -9999 -9999 -9999 -9999 -9999 -9999 -9999 -9999 -9999 -9999
-9999 -9999 0.68 0.55 0.82 -9999 0.6 -9999 6.85 5.57 2.02 0.48 1.69 2.29 0.88 0.59 1.93 5.86 5.03 0.11 0.27 0.16 0.48 0.14 0.11 0.15 0.61 1.83 0.44 0.87 0 0.07 0.49 1.87 1 0 0 0 0.34 2.42 5.06 1.14 0.12 0.12 1.06 0.3 0.34 0.08 0.2 0.01 0.27 0.47 0.25 0.37 0.12 0.14 0.11 0.1 0.06 0.03 0.38 1.35 2.03 2.06 2.28 2.22 1.1 1.13 1.53 -9999 -9999 -9999 -9999 -9999 -9999 -9999 -9999 -9999 -9999 -9999 -9999 -9999 -9999 -9999 -9999
-9999 -9999 -9999 -9999 -9999 -9999 -9999 -9999 -9999 5.01 4.31 2.22 3.3 1.78 0.51 -9999 1.46 5.07 0 0.91 0.03 0.1 0.14 1.08 0.82 1.08 1.59 1.89 3.01 0.58 0.01 0 0 0 0.12 0.06 0.29 0.27 1.14 1.98 2.42 8.96 7.75 4.16 1.45 0.89 1.83 2.08 0.82 1.2 0.21 1.81 0.75 1.15 0.51 0 0.17 1.55 0.69 1.01 1.87 1.79 6.49 4.91 4.04 6.21 6.27 7.73 1.97 -9999 -9999 -9999 -9999 -9999 -9999 -9999 -9999 -9999 -9999 -9999 -9999 -9999 -9999 -9999 -9999
-9999 -9999 -9999 -9999 -9999 -9999 -9999 -9999 -9999 -9999 -9999 2.88 1.83 1.36 0.99 0.21 0.54 0.66 0.81 6.12 2.29 0.17 3.2 1.48 0.41 1.86 1.82 1.8 4.04 2.29 1.54 2.96 1.35 2.31 0.14 0.04 0.33 0.44 0.54 3.62 5.88 1.23 3.21 3.52 2.51 0.58 2.13 1.66 0.33 1.22 4.9 2.25 1.56 2.33 5.5 3.41 3.23 5.6 4.35 5.42 7.38 5.82 4.56 2.63 2.37 4.39 8.78 5.54 -9999 -9999 -9999 -9999 -9999 -9999 -9999 -9999 -9999 -9999 -9999 -9999 -9999 -9999 -9999 -9999 -9999
-9999 -9999 -9999 -9999 -9999 -9999 -9999 -9999 -9999 -9999 -9999 -9999 -9999 -9999 1.99 0.63 0.65 5.58 2.45 2.69 12.87 11.15 4.5 1.77 0.74 3.95 2.98 0.6 1.15 2.33 3.33 1.01 6.14 3.39 0.72 0.23 0.33 1.92 2.45 2.88 7.38 1.82 2 1.63 3.47 1.29 3.25 4.84 4.85 5.55 7 3.75 3.42 2.23 1.65 3.81 3.14 3.2 2.16 1.74 2.83 4.13 2.86 2.56 2.45 2.42 5.97 1.09 -9999 -9999 -9999 -9999 -9999 -9999 -9999 -9999 -9999 -9999 -9999 -9999 -9999 -9999 -9999 -9999 -9999
-9999 -9999 -9999 -9999 -9999 -9999 -9999 -9999 -9999 -9999 -9999 -9999 -9999 -9999 -9999 0.48 0.41 -9999 3.35 3.25 1.26 1.91 2.44 2.48 2.89 2.41 2.66 0.43 1.14 0.47 0.21 2.88 11.38 11.06 4.68 3.52 0.68 0.9 6.22 7.51 7.22 6.37 2.15 2.57 2.34 1.38 6.77 8.62 6.13 5.46 8.19 5.66 4.89 5.32 3.79 3.61 2.12 3.15 5.71 1.38 2.33 2.52 2.71 1.83 1.19 0.47 0.25 0.07 0.22 -9999 -9999 -9999 -9999 -9999 -9999 -9999 -9999 -9999 -9999 -9999 -9999 -9999 -9999 -9999 -9999
-9999 -9999 -9999 -9999 -9999 -9999 -9999 -9999 -9999 -9999 -9999 -9999 -9999 -9999 -9999 -9999 -9999 1.19 -9999 4.71 3.65 2.98 1.84 1.72 6.31 4.02 2.27 3.09 2.42 10.49 11.76 8.99 15.75 14.97 10.4 1.61 0.8 5.07 2.65 4.73 12.12 1.23 5 4.7 2.84 1.02 2.98 4.18 6.11 4.33 8.51 7.02 3.85 2.97 2.54 3.1 1.94 2.57 3.88 1.8 1.93 2.37 2.75 2.98 3.12 0.71 0.06 0.02 0.04 0.25 -9999 -9999 -9999 -9999 -9999 -9999 -9999 -9999 -9999 -9999 -9999 -9999 -9999 -9999 -9999
-9999 -9999 -9999 -9999 -9999 -9999 -9999 -9999 -9999 -9999 -9999 -9999 -9999 -9999 -9999 -9999 -9999 0.7 1.11 2.95 8.54 3.89 4.09 3.52 8.49 4.44 5.39 2.91 5.92 5.08 10.74 5.92 7.31 17.23 11.66 9.16 9.67 12.88 6.97 4.55 7.73 1.88 3.72 4.29 1.43 0.14 0.37 0.4 0.29 0.29 0.35 0.84 1.73 0.35 1.19 3.46 1.91 1.58 3.75 2.82 2.73 6.75 5.87 4.75 11.94 5.69 2.2 0.27 0.01 0.07 -9999 -9999 -9999 -9999 -9999 -9999 -9999 -9999 -9999 -9999 -9999 -9999 -9999 -9999 -9999
-9999 -9999 -9999 -9999 -9999 -9999 -9999 -9999 -9999 -9999 -9999 -9999 -9999 -9999 -9999 -9999 -9999 -9999 -9999 -9999 1.83 0.99 2.92 4.87 7.07 4.22 1.41 1.96 3.72 4.16 4.78 1.41 14.05 14.94 20.95 14.01 5.19 0.04 3.56 2.38 1.85 4.29 8.04 3.14 2.42 0.14 0.57 0.18 0.4 0.2 0.22 0.41 2.02 2.78 1.73 2.02 1.17 0.98 1.94 3.19 4.21 5.33 4.36 8.22 16.46 16.95 11.97 4.37 0.56 0.11 -9999 -9999 -9999 -9999 -9999 -9999 -9999 -9999 -9999 -9999 -9999 -9999 -9999 -9999 -9999
-9999 -9999 -9999 -9999 -9999 -9999 -9999 -9999 -9999 -9999 -9999 -9999 -9999 -9999 -9999 -9999 -9999 -9999 -9999 0.95 1.89 1.93 1.76 3.21 5.41 2.1 6 1.5 0.64 3.65 2.29 3.52 10.13 17.85 17.22 5.41 8.69 6.21 2.96 0.46 2.12 13.02 3.29 1.09 7.03 8.42 5.06 1.45 0.47 0.08 0.36 0.42 1 1.19 5.02 2.77 1.34 0.58 1.1 3.28 5.93 7.12 3.96 6.13 6.37 11.91 14.28 12.16 4.48 0.93 0.1 -9999 -9999 -9999 -9999 -9999 -9999 -9999 -9999 -9999 -9999 -9999 -9999 -9999 -9999
-9999 -9999 -9999 -9999 -9999 -9999 -9999 -9999 -9999 -9999 -9999 -9999 -9999 -9999 -9999 -9999 -9999 -9999 -9999 0.91 2.56 2.94 4.3 4.42 8.24 3.55 1.53 0.23 3.84 4 5.12 7.91 7.62 12.13 13.09 5.21 2.03 4.97 8.46 4.19 5.07 7.68 8.95 6.25 5.54 4.31 3.14 0.1 0.2 0.09 0.03 0.31 1.55 2.91 4.49 4.36 2.96 0.72 2.01 4 3.59 5.18 8.11 6.72 5.67 5.9 7.45 5.79 3.31 3.62 0.64 0.29 0.09 -9999 -9999 -9999 -9999 -9999 -9999 -9999 -9999 -9999 -9999 -9999 -9999
10.25 -9999 -9999 -9999 -9999 -9999 -9999 -9999 -9999 -9999 -9999 -9999 -9999 -9999 -9999 -9999 -9999 -9999 -9999 1.5 3.31 1.47 5.44 5.39 3.66 2.08 1.5 0.28 0.34 3.52 5.86 9.69 11.3 2.87 0.96 0.24 2.02 6.08 -9999 1.5 1.88 4.92 9.88 5.82 3.69 4.9 6.51 1.18 2.72 1.38 1.07 3.38 3.43 5.21 2.83 3.31 8.43 5.58 3.23 4.69 8.7 7.82 6.89 6.8 5.26 3.92 3.38 4.18 4.83 7.09 2.92 0.38 0.15 0.25 2.81 1.72 0.75 -9999 -9999 -9999 -9999 -9999 -9999 -9999 -9999
