resultados/variables/landcover_veg_tree.asc
ncols 330
nrows 228
xllcorner -12.000000
yllcorner 34.000000
cellsize 0.166667
NODATA_value -9999
[rows 70 to 104 of 228, columns 237 to 315 of 330]
-9999 -9999 -9999 -9999 -9999 -9999 -9999 -9999 -9999 60.8 58.02 62.25 54.99 61.51 67.36 66.3 62.86 52.57 58.65 55.42 33.1 -9999 -9999 -9999 -9999 -9999 -9999 -9999 -9999 -9999 -9999 48.63 47.73 43.89 63.46 62.09 62.12 63.19 65.12 59.59 62.88 65.31 56.82 55.42 47.75 41.97 44.31 34.83 43.23 57.41 54.9 55.14 45.8 46.27 55.24 64.31 61.97 56.09 26.64 -9999 -9999 -9999 -9999 53.31 55.1 53.72 51.92 45.27 21.8 43.19 60.39 63.77 57.65 57.67 60.72 55.72 59.76 63.24 65.89
-9999 -9999 -9999 -9999 -9999 -9999 -9999 -9999 -9999 -9999 -9999 -9999 -9999 -9999 -9999 59.92 40.56 35.34 55.26 50.74 61.33 -9999 -9999 -9999 41.16 51.72 47.27 52.63 40.94 45.95 51.69 56.55 55.06 38.94 50.37 57.85 60.16 53.08 64.62 62.52 62.48 55.05 54.08 57.24 52.84 42.76 32.45 39.22 45.19 54.75 56.51 55.27 58.32 44.96 48.03 60.88 53.1 61.58 52.16 -9999 -9999 -9999 -9999 38.4 58.38 63.02 59.4 58.66 49.65 51.71 58.36 64.2 59.63 58.58 60.27 46.42 56.28 48.05 50.74
-9999 -9999 -9999 -9999 -9999 -9999 -9999 -9999 -9999 34.42 60.16 54.32 41.55 -9999 -9999 -9999 13.7 14.76 44.77 51 59.42 -9999 35.16 -9999 43.21 50.32 55.16 52.64 49.99 59.7 62.95 61.41 55.27 24.59 36.35 52.55 52.66 59.67 58.13 63.24 54.69 51.23 52.68 53.18 52.23 45.65 43.94 39.9 35.41 45.02 47.93 36.35 64.16 29.43 48.21 29.79 43.87 51.05 59.55 60.65 60.38 52.06 52.54 41.53 48.23 43.15 48.11 40.98 50.49 56.63 38.27 53.45 53.66 58.21 56.73 57.91 46.17 47.85 51.96
-9999 -9999 -9999 38.92 -9999 -9999 61.87 41.92 54.13 55.06 62.54 59.99 55.46 42.95 33.72 28.39 25.33 25.55 26.39 51.3 66.03 54.68 56.72 63.59 46.4 55.31 68.61 59.46 57.1 52.82 47.4 34.59 53.99 44.44 50.44 54.18 61.56 57.7 58 63.96 58.09 53.01 49.1 48.63 48.87 35.2 42.47 49.27 52.66 57.88 52.43 63.42 57.34 56.06 41.7 47.65 55.87 63.86 62.41 66.03 61.39 54.97 45.66 48.27 58.38 43.16 -9999 48.95 47.26 36.07 22.52 34.56 45.83 38.12 44.63 54.32 59.41 55.57 62.56
-9999 -9999 -9999 -9999 63.3 61.9 65.79 55.02 41.14 51.36 35.01 39.54 41.9 41.25 39.81 27.92 29.01 41.48 54.07 62.45 58.44 59.99 65 55.36 61.09 52.86 55.35 54.47 61.69 58.74 57.84 33.03 50.41 56.85 62.08 53.76 46.95 45 56.91 54.08 49.8 56.87 56.65 45.52 34.87 37.84 39.54 50.25 50.48 53.89 56.24 59.34 46.07 59.31 42.99 30.93 60.22 63.25 62.63 60.49 61.39 55.63 43.08 58.59 62.09 46.65 48.79 50.74 59.03 53.28 38.49 20.04 -9999 31.41 39.23 45.45 53.01 51.96 57.98
-9999 -9999 -9999 47.09 48.72 49.37 51.65 52.62 39.4 28.46 37.4 36.09 37.91 42.7 41.87 33.11 58.01 62.55 66.64 68.14 55.56 61.8 46.44 54.14 66.58 56.91 56.32 47.46 56.06 66.11 63.56 57.87 49.08 62.15 55.49 48.88 50.31 49.29 51.09 55.44 47.56 54.08 51.24 51.11 42.99 45.96 44.87 39.65 28.13 46.58 59.37 53.3 56.91 42.7 56.59 52.33 44.88 44.27 51.6 59.97 57.7 59.68 41.47 54.65 63.18 45.68 40.38 50.8 67.08 56.73 41.77 36.98 22.94 17.39 36.1 38.24 42.93 36.28 46.33
48.99 47.09 56.72 50.57 52.42 58.62 57.87 59.42 64.03 49.31 64.94 64.03 64.57 62.85 53.77 53.11 68.26 63.44 59.8 65.36 61.23 63.82 53.65 56.48 51.98 56.53 51.93 60.61 64.89 56.96 52.4 62.82 63.75 61.9 61.81 60.79 62.22 64.33 54.3 55.45 54.93 56.18 55.42 56.68 61.56 56.09 52.07 52.05 45.83 47.98 45.19 46.88 41.96 30.46 36.3 41.92 42.41 39.72 46.73 52 40.46 23.84 33.54 40.14 38.72 32.27 17.91 49.37 64.06 59.68 52.66 46.87 33.24 18.5 16.59 37.79 40.47 45.58 42.1
56.17 55.74 59.81 58.11 57.71 60.49 58.09 61.78 67.07 58.32 67.22 62.42 62.25 62.76 58.9 58.09 -9999 60.09 55.1 61.08 62.69 70.59 68.84 65.08 58 62.52 55 62.58 69.61 49.8 52.87 57.13 63.75 70.01 67.06 67.87 68.89 61.93 57.11 55.41 55.31 42.05 46.23 52.29 50.96 51.46 52.73 49.85 47.74 46.77 42.72 36.07 51.89 47.7 29.18 29.45 25.62 28.3 30.73 38.16 45.21 -9999 28.17 31.75 38.23 40.08 48.11 43.38 46 51.26 55.3 52.71 49.26 38.39 31.86 27.75 30.52 44.85 58.04
-9999 28.3 63.31 65.84 59.3 60.63 61.43 44.35 56.38 61.52 65.58 61.75 58.91 66.28 60.84 61.11 54.08 57.07 40.82 50.73 45.66 59.48 73.66 68.14 59.42 57.12 63.75 63.82 58.9 50.29 30.48 46.47 57.38 66.56 67.95 67.46 67.69 63.8 57.44 62.68 54.69 53.25 41.51 50.7 46.8 54.87 53.89 57.53 56.87 42.61 35.38 46.25 43.09 45.48 50.9 49.04 51.67 53.94 48.55 44.48 43.66 36.1 -9999 -9999 27.12 50.77 44.28 59.26 62.5 61 60.75 62.59 62.52 52.62 39.7 42.58 39.32 52.51 46.41
-9999 -9999 62.01 64.02 62.91 67.22 66.35 66.57 65.17 59.44 53.03 67.3 59.39 62.11 51.17 54.01 59.38 60.52 63.52 59.83 57 69.11 62.38 51.65 58.6 56.33 49.75 54.02 60.44 56.8 61.75 58.95 65.8 63.03 58.9 49.01 60.65 64.16 63.41 53.12 60.02 44.45 42.03 40.51 53.52 53.99 60.3 53.41 56.77 52.04 57.65 44.26 42.6 20.68 48.72 50.48 48.22 49.9 -9999 46.76 33.48 28.12 41.27 15.93 -9999 21.04 55.1 61.17 63.74 62.2 37.91 36.23 34.24 52.7 49.48 60.67 48.26 55.2 68.06
-9999 -9999 59 65.69 63.01 65.43 66.44 64.42 65.29 60.42 59.89 65.74 55.7 51.1 34.77 39.87 56.07 66.8 60.41 60.16 61.38 52.17 34.69 28.69 67.29 64.18 60.31 58.81 62.79 65.47 68.23 64.1 62.28 63.86 64.44 66.92 63.05 49.11 52.89 52.65 62.2 52.97 43.4 59.84 55.52 54.95 48.74 51.96 50.56 54.15 54.69 53.78 48.45 42.91 55.88 46.39 40.92 43.67 46.01 48.12 40.6 32.44 27.84 25.61 -9999 -9999 -9999 46.93 59.41 54.73 49.79 55.73 43.13 37.02 57.19 49.66 48.64 54.6 59.91
-9999 36.91 62.7 62.71 62.58 65.01 67.75 65.47 64.69 60.86 63.07 58.47 49.88 50.96 62.91 60.92 53.64 57.59 59.79 60.74 60.17 21.91 -9999 16.33 30.74 62.35 70.82 68.11 64.46 63.9 68.41 66.3 65.2 63.1 56.49 59.72 62.15 51.44 23.01 40.61 61.02 45.43 53.56 56.45 53.89 41.49 51.02 43.35 34.32 51.02 55.07 50.43 27.41 29.1 44.68 41.75 44.67 31.98 34.04 37.42 36.06 10.77 -9999 -9999 -9999 -9999 -9999 -9999 -9999 44.35 42.43 44.23 53.99 52.58 48.23 53.71 47.43 45.15 50.49
28.91 58.24 60.57 66.39 64.72 70.27 66.84 68.89 65.31 61.87 67.36 66.16 66.25 63.43 66.19 65.9 61.06 65.06 38.65 36.98 22.33 -9999 -9999 -9999 -9999 55.38 70.95 66.46 71.64 65.28 63.95 62.65 58.83 64.1 58.67 58.05 57.95 57.41 44.22 46.55 60.42 61.23 54.8 59.98 61.98 51.35 59.28 48.04 47.24 65.62 64.32 62.76 52.87 45.62 39.89 31.34 36.71 41.04 59.85 58.32 56.44 41.74 27.05 26.81 14.76 -9999 7.21 -9999 46.8 52.72 52.11 53.69 37.88 38.62 42.11 41.4 43.93 50.44 54.14
21.59 -9999 -9999 43.59 53.21 61.83 65.23 61.75 61.76 66.14 63.81 64.11 61.97 60.25 57.19 48.78 33.86 35.12 45.88 43.35 42.17 30.82 18.93 42.63 52.49 54.84 70.71 58.62 71.57 66.67 59.38 46.94 57.95 61.46 57.73 56.02 57.39 60.73 50.11 59.06 48.84 56.37 60.92 64.41 50.27 50.91 63.35 52.99 59.87 58.78 62.09 56.65 51.78 37.84 25.67 25.72 15.14 8.56 12.54 26.74 54.33 46.31 42.77 36.08 18.16 27.96 31.18 24.66 32.7 52.42 44.37 46.18 47.02 39.81 41.49 38.94 39.95 35.11 38.59
55.7 53.95 -9999 -9999 27.68 49.95 58.7 65.64 65.68 64.3 60.22 53.36 52.01 57.74 42.03 50.55 55.71 63.71 47.92 38.87 57.84 37.55 36.98 55.05 62.63 64.72 53.55 53.01 64.57 59.98 45.3 57.42 67.56 63.97 55.73 66.69 59.55 59.96 54.64 46.67 47.6 55.43 54.09 60.4 46.04 46.03 51.36 55.47 47.28 54.94 59.02 65.05 61.09 34.82 28.63 20.98 21.21 23.46 13.71 31.16 39.33 38.19 42.09 30.91 29.96 36.56 42.33 37.16 40.89 50.38 38.6 34.14 19.41 36.15 35.58 36.53 27.67 30.64 33.36
33.22 50.7 32.27 35.67 32.74 38.57 54.27 39.06 42.7 48.4 56.47 57.84 35.29 49.16 50.32 46.34 51.6 55.22 54.13 51.73 56.62 50.02 58.67 62.09 62.2 64.5 62.7 68.94 66.44 62.77 55.85 60.71 65.68 54.67 65.12 58.13 57.31 59.46 54.34 57.39 52.04 49.03 55.52 58.43 57.77 52.86 46.62 44.95 42.4 43.52 49.15 45.12 58.03 24.89 10.95 7.57 20.6 33.86 32.79 22.04 25.27 26.69 16.37 29.59 27.52 36.84 41.47 45.69 33.43 37.39 38.99 43.45 28.96 21.91 19.8 10.74 19.22 29.94 34.66
51.5 67.16 27.95 32.65 39.43 25.98 39.96 51.59 42.37 44.03 52.56 59.08 54.8 33.19 24.6 43.55 66.76 61.94 52.05 49.39 51.19 58.33 64.42 64.98 69.57 68.84 64.9 63.98 66.32 59.69 45.61 53.3 57.19 60.99 62.8 60.72 65.63 61.33 63.78 59.91 60.66 -9999 43.23 53.79 54.38 60.22 60 39.7 50.09 53.95 56.23 61.2 61.42 52.46 54.6 44.8 30.85 36.84 25.73 22.86 29.39 26.32 24.52 34.9 31.23 44.55 52.25 51.04 49.47 58.9 52.18 33.2 25.57 19.02 20.8 30.45 31.76 20.65 28.7
63.16 60.6 33.61 29.48 28.83 36.25 45.29 50.8 57.63 60.17 59.33 63.09 65.91 52.23 51 68.5 66.2 62.84 64.41 50.67 50.63 56.76 62.28 63.39 70.44 65.18 55.42 64.18 61.08 63.7 65.36 67.12 63.38 50.4 59.6 48.14 60.76 59.1 60.22 65.34 66.73 58.41 46.53 49.46 50.3 49.18 57.25 47.22 41.66 55.57 52.99 41.41 40.95 48.49 44.22 54.52 50.52 22.75 18.54 16.41 18.84 14.49 28.62 26.11 39.65 47.26 55.71 58.64 55.6 45.89 42.83 29.9 38.29 21.75 33.37 31.73 31.4 25.49 16.73
63.74 51.27 35.63 23.2 28.19 38.06 38.9 55.34 58.04 57.71 52.62 57.76 58.06 50.36 47.03 61.1 54.81 51.97 53.27 46.02 53.28 66.74 65.88 67.04 62.76 68.88 65.28 65.27 66.68 68.72 63.36 60.08 50.96 31.63 59.51 50.48 57.9 63.6 65.68 63.98 52.25 60.07 44.4 46.32 53.65 51.53 57.26 41.44 37.33 54.86 40.65 35.73 55.7 34.15 47.64 34.79 52.7 43.97 45.67 32.52 16.52 22.62 26.69 39.3 36.95 47.26 37.88 40.07 34.99 32.2 14.03 21.5 9.59 37.1 46.97 40.65 26.13 28.75 31.44
44.03 40.22 28.4 32.41 52.85 44.5 38.19 49.19 44.12 52.69 43.12 47.35 42.39 30.39 45.98 62.6 58.21 58.45 55.86 61.01 70.46 67.34 64.23 68 63.98 57.99 67.59 67.69 65.53 64.33 61.05 52.69 55.03 41.78 52.13 56.03 60.71 60.51 64.03 61.06 53.28 48.24 31.11 44.95 36.01 29.2 55.78 32.05 36.56 48.94 51.71 43.78 49 33.31 28.23 36.66 47.09 40.82 51.55 48.19 47.77 49.96 24.95 29.75 33.41 52.09 54.86 48.46 39.26 38.68 18.05 28.07 26.34 28.43 41.61 44.18 44.13 34.12 37.21
38.71 34.88 45.53 58.1 56.19 34.58 46.09 33.55 44.42 54.07 59.33 55.69 58.98 43.57 34.05 41.38 61.95 56.85 60.8 65.95 66.79 69.06 67.45 68.2 68.03 66.95 62.03 56.89 61.78 61.89 65.09 54.25 61.83 54.48 50.41 50.76 55.89 63.99 63.94 61.07 63.51 45.48 43.98 38.41 41.88 35.43 44.46 45.98 51.54 42.85 25.51 44.72 42.44 41.59 44.99 54.08 50.55 42.54 32.52 35.17 51.15 47.04 40.44 40.91 27.77 52.34 61.35 55.44 59.26 40.76 38.69 24.56 21.62 13.38 14.52 23.33 46.14 49.17 42.62
37.16 34.89 60.58 61.83 48.8 50.42 52.81 53.1 60.8 62.26 64.62 58.41 64.42 56.78 51.75 38.45 52.8 69.16 66.61 71.32 68.54 68.58 63.61 65.44 64.53 63.65 60.89 66.45 66.49 54.75 59.54 63.92 65.73 67.04 53.88 54.82 55.71 56.94 60.55 60.45 54.14 45.42 47.45 43.78 30.06 39.29 41.08 48.59 48.8 40.56 34.63 32.6 33.87 54.5 59.63 -9999 38.45 -9999 41.44 50.4 40.91 29.99 41.19 49.73 55.66 57.54 60.57 32.34 20.97 26.33 25.02 37.95 45.12 53.55 45.9 47.09 44.06 41.6 49.09
38.77 35.25 47.49 59.85 62.95 58.15 62.22 50.82 63.9 59.1 62.08 59.94 55.19 54.52 46.31 37.15 35.06 71.01 65.33 59.15 63.88 65.58 67.78 64.16 59.45 53.48 62.81 68.53 57.16 57.01 59.63 58.96 65.45 65.58 59.84 60.59 64.75 59.11 51.4 49.82 60.96 48.12 47.27 38.38 31.52 39.74 42.23 49.53 48.6 43.46 33.2 44.38 37.75 37.86 35.06 49.68 46.73 49.16 63.69 60.92 48.54 28.84 28.88 28.21 41.8 46.59 45.59 47.53 34.24 24.25 16.98 25.31 7.59 13.13 6.7 12.1 21.62 23.39 35.84
45.85 49.7 47.16 44.06 59.07 63.11 63.89 63.46 65.19 62.16 57.41 60.13 56.37 50.1 53.85 38.41 19.68 31.36 32.41 48.77 63.84 66.95 65.17 56.48 52.22 55.37 59.37 65.61 63.4 65.56 69.32 63.55 63.27 63.35 55.15 53.99 58.45 58.59 47.55 40.35 42.59 46.99 51.28 52.62 35.07 31.5 24.22 36.44 50.99 51.98 59.14 50.18 59.17 57.09 46 36.07 24.4 35.94 23.9 19.02 33.83 48.86 48.38 48.38 40.13 46.31 44.44 27.37 23.69 24.02 42.01 32.76 21.18 17.16 14.87 8.73 7.46 6.62 32.54
52.12 56.75 58.37 59.21 59.1 56.52 60.23 60.53 59.63 59.55 60.85 56.83 57.42 55.75 57.4 46.86 59.95 44.82 41.05 43.53 44.67 55.65 35.71 65.3 56.44 56.22 55.87 55.13 60.39 58.02 67.47 55.83 60.3 52.81 35.62 33.4 34.97 42.4 26.43 43.15 20.98 24.54 40.38 43.2 46.46 29.28 24.88 15.69 15.05 25.3 39.34 54.12 49.86 47.31 50.98 40.66 45.67 43.04 43.24 44.36 38.42 52.42 50.78 41.32 53.15 46.61 54.38 44.06 43.4 41.32 53.31 38.88 36.05 16.79 20.25 15.98 11.11 7.19 20.43
43.73 57.53 47.77 47.33 49.83 -9999 62.65 63.91 64.53 64.46 60.89 64.71 57.17 56.7 47.27 44.21 56.71 58.35 48.06 59.13 59.4 58.76 -9999 61.67 61.7 56.03 56.43 60.43 59.66 63.04 65.61 52.91 51.85 61.5 57.79 57.4 44.82 55.39 58.97 39.26 31.14 40.5 23.39 45.72 36.73 42.5 33.87 39.49 30.32 19.35 18.04 36.83 41.16 55.98 50.3 33.32 44.54 47.19 49.07 39.32 41.51 44.11 44.74 47.2 53.12 51.88 42.6 48.42 44.66 48.82 55.91 54.59 40.41 49.41 23.28 16.24 24.06 31.18 57.91
40.7 44.23 43.46 34.25 53.78 63.92 60.65 53.32 63.92 -9999 55.3 60.43 63.42 60.51 39.47 45.69 49.92 56.37 59.88 58.73 59.76 58.17 55.02 61.06 55.88 61.02 67.16 64.41 48.77 48.08 55.92 63.63 57.45 51.15 55.34 43.94 59.57 62.58 59.9 37.85 20.66 12.83 33.85 45.62 48.57 52.16 51.45 40.04 30.76 37.12 37.52 41.59 47.8 45.52 46.45 45.31 44.09 47.13 44.99 25.97 27.34 40.31 38.25 45.46 43.94 46.51 43.8 42.63 49.85 45.66 44.68 43.05 48.05 47.94 39.93 58.45 54.9 53.99 46.55
31.11 31.82 26.61 23.48 30.64 55.68 55.95 54.54 65.62 64.22 60.06 63.01 65.27 58.58 56.2 48.81 55.97 49.97 48.43 50.44 59.39 70.02 52.98 58.06 59.26 63.25 67.55 58.6 59.56 61.79 62.53 59.13 46.37 42.44 59.98 65.17 64.73 57.64 39.03 24.36 16.59 14.88 30.35 30.58 28.27 49.3 57.49 48.18 32.83 34.53 39.45 36.64 47.24 48.41 53.88 53.29 46.8 35.23 44.02 26.91 10.26 23.85 32.11 41.5 31.87 40.52 44.06 37.19 29.11 39.36 42.21 52.73 51.92 62.46 56.53 57.48 55.12 52.04 54.42
30.24 42.27 48.73 24.33 26.88 49.16 53.04 56.09 53.77 53.67 50.18 62.9 54.96 39.9 42.42 47.38 60.29 63.69 62.28 56.5 56.09 52.48 46.39 37.56 50.08 59.16 60.56 65.53 55.31 43.85 48.29 49.2 42.48 58.33 58.09 40.03 46.41 29.14 36.18 32.45 32.14 23.04 26.84 14.15 18.76 31.53 50.31 41.88 40.31 31.99 28.35 33.38 43.42 47.48 43.34 56.7 49.89 42.91 37.13 29.19 25.96 21.07 29.72 23.91 37.13 50.88 49.24 44.35 41.32 43.62 57.95 41.52 42.95 44.62 51.88 53.25 58.47 44.35 50.41
19.03 30.09 37.78 32.08 32.74 42.71 50.77 50.37 43.23 42.32 55.18 47.56 39.59 42.83 45.68 32.91 47.63 47.61 44.26 33.01 57.98 55.12 39.12 39.61 48.01 62.28 65.5 67.54 45.98 50.31 48.48 55.94 45.85 64 57.08 56.7 28.75 39.19 52.91 52.31 42.02 31.95 26.25 29.21 18.97 26.43 46.3 48.01 46.79 42.58 42.4 42.08 44.59 44.89 50.79 52.54 57.77 55.11 38.8 32.92 22.62 26.18 28.32 31.88 21.89 14.85 28.49 36.45 36.01 40.33 47.94 60.39 62.61 54.03 43.91 59.01 41.96 52.46 63.68
23.25 18.14 26.45 36.06 35.49 43.08 42 45.31 40.73 46.38 46.76 39.45 26.95 45.48 38.37 32.2 24.23 33.76 33.45 34.08 34.03 27.37 35.92 33.31 51.69 59.31 60.16 59.07 51.44 29.2 51.48 47.95 41.16 48.71 46.87 40.48 29.73 54.36 58.67 46.19 22.62 32 45.43 34.45 36.86 32.07 44.04 42.51 49.34 36.16 41.4 37.59 38.75 44.83 37.2 44.48 46.97 46.68 41.73 40.91 40.03 34.65 24.85 32.14 17.77 20.91 13.44 28.15 57.81 54.98 30.25 30.97 62.87 52.85 49.7 26 45.47 56.26 63.62
13.74 23.32 32.71 56.7 63.84 42.2 49.7 32.26 35.32 28.98 33.06 36.1 38.85 38.74 39.33 32 35.85 37.42 38.45 23.88 32.42 36.77 42.19 49.19 51.2 59.99 50.77 43.99 43.21 40.62 37.08 39.97 35.33 32.66 33 31.07 47.22 53.47 45.09 54.25 45.09 42.06 47.02 47.78 38.94 34.13 47.26 54.5 45.53 46.94 47.28 39.81 33.41 46.75 35.19 48.3 52.57 49.13 44.16 35.41 40.53 40.65 30.38 23.84 23.32 28.5 19.75 17.65 41.05 15.2 15.43 49.77 36.42 51.8 52.03 39.94 43.22 35.03 37.7
26.06 19.66 31.48 48.66 63.78 59.35 40.47 24.19 36.67 25.8 27.98 38.25 30.37 31.71 48.05 43.73 40.88 56.1 55.29 44.25 32.09 12.84 21.33 24.69 31.55 31.33 46.9 29.65 45.46 29.49 24.49 57.47 57.46 37.34 27.14 43.46 56.67 60.19 60.07 60.58 55.72 35.55 45.23 61.31 57.73 51.98 41.08 52.19 44.35 31.75 37.5 44.45 39.62 40.38 59.3 38.6 50.31 49.87 41.56 24.45 55.57 55.2 48.92 36.48 33.26 36.23 32.3 25.95 19.96 9.27 8.64 34.66 31.28 42.51 56.23 57.15 59.62 64.9 62.75
29.79 35.39 53.45 53.34 65.94 60.38 58.48 51.48 43.61 24.44 30.02 31.37 34.12 25.34 41.23 28.27 41.23 51.65 51.77 55.09 39.27 25.14 48.76 50.86 33.91 31.38 23.38 19.04 26.03 20.81 41.55 56.22 51.1 40.44 44.65 42.77 55.78 69.69 66.65 58.47 59.63 65.95 66.36 63.85 64.89 60.86 49.7 57.81 49.31 45.65 37.17 25.91 44.59 47.26 37.15 38.55 37.11 38.09 32.85 24 14.31 13.73 13.98 9.53 7.08 12.63 17.14 12.57 7.54 12.54 9.91 7.01 6.54 13.13 40.04 55.77 58.4 54.63 64.11
34.18 38.66 58.76 58.91 55.77 66.91 65.72 35.6 24.78 36.37 36.62 30.56 31.97 27.98 22.07 18.64 16.55 17.07 12.57 22.65 22.25 16.91 27.02 35.88 32.4 41.45 26.97 18.69 20.62 35.6 52.89 48.18 38.15 22.79 28.2 26.17 37.7 53.76 58.65 61.66 66.09 68.83 58.22 43.44 31.44 20.36 21.06 32.56 27.82 25.49 23.4 44.37 30.52 39.85 49.86 41.38 36.73 30.68 24.83 19.95 13.66 11.72 7.36 21.83 12.51 19.81 11.04 14.19 15.86 9.46 5.69 5.61 5.79 11.66 8.64 24.34 30.02 38.82 41.6
