resultados/variables/landcover_veg_herb.asc
ncols 330
nrows 228
xllcorner -12.000000
yllcorner 34.000000
cellsize 0.166667
NODATA_value -9999
[rows 34 to 67 of 228, columns 156 to 233 of 330]
65.63 73.19 68.47 80.14 75.06 68.89 64.69 82.22 85.93 84.46 81.39 75.83 77.58 73.39 81.11 79.56 74.55 70.5 69.23 62.39 45.06 48.93 60.21 66.51 61.12 65.3 68.25 57.41 71.17 69.06 70.67 71.82 66.07 62.46 63.09 67.39 67.56 65.25 64.62 57.16 54.08 53.2 55.1 56.3 55.85 55.58 54.98 61.54 65.58 69.76 66.14 61.72 54.09 50.91 58.79 60.25 58.67 61.07 61.44 63.31 66.34 67.78 65.42 65.8 62.88 61.42 59.29 63.58 60.69 69.06 67.97 64.27 69.54 65.06 64.55 68.78 66.5 57.03
73.2 63.64 59.88 66.29 69.46 67.91 75.81 77.13 76.51 79.15 64.34 77.33 84.43 83.03 85.91 87.16 83.37 79.5 67.41 59.83 53.42 52.22 26.73 -9999 58.49 60.92 65.67 70.66 67.31 63.74 65.33 65.12 66.85 64.09 63.09 61.82 61.8 66.88 64.95 58.45 54.23 53.34 55.1 53.16 49.97 50.69 50.79 47.05 57.88 57.51 62.36 61.47 50.23 54.98 56.64 56.33 54.2 64.85 63.7 -9999 63.55 61.39 64.23 61.26 60.05 64.16 65.38 63.22 63.27 69.55 71.72 71.61 74.56 70.29 67.44 68.86 70.28 65.24
58.07 40.87 -9999 81.67 78.63 75.47 76.3 56.11 76.42 84.02 85.84 86.65 82.1 73.22 71.48 73.07 75.03 72.33 62.29 66.48 64.48 65.79 -9999 -9999 67.43 68.03 67.41 65.53 59.4 59.76 61.16 57.34 57.03 62.81 60.6 59.78 59.98 58.34 59.74 57.57 53.02 52.49 50.12 51.21 50.2 50.92 54.49 49.78 53.71 55.53 48.58 57.24 49.11 54.94 56.89 56.58 58.38 59.99 62.69 63.82 61.8 68.16 62.62 64.84 64.33 64.36 62.73 66.78 67.14 65.38 66.49 67.68 70.05 77.14 74.45 72.14 66.08 69.94
32.57 72.49 75.43 80.1 79.12 78.08 77.12 64.17 74.06 77.29 82.55 84.36 76.7 68.78 77.48 71.98 64.11 55.16 50.91 61.78 62.74 60.6 65.36 70.13 -9999 35.61 52.59 67.66 60.83 58.08 56.25 61.4 57.82 61.7 59.74 58.98 62.22 59.12 54.6 48.52 48.78 53.46 52.55 52.38 49.48 52.26 -9999 52.94 50.41 53.19 -9999 -9999 -9999 -9999 35.02 -9999 -9999 -9999 -9999 -9999 -9999 -9999 -9999 45.84 67.5 64 66.07 65.86 68.3 69.45 65.75 69.11 70.72 76.34 72.89 73.1 67.04 70.34
68.72 79.28 80.01 83.33 70.69 78.82 77.73 57.92 58.77 63.25 77.3 65.38 -9999 72.77 68.87 65.89 60.14 60.76 65.29 66.57 52.42 67.85 68.75 71.5 65.62 61.01 56.22 64.44 65.15 64.14 63.97 62.85 61.75 61.71 56.58 -9999 62.95 62.51 56.87 55.01 51.49 50.59 48.27 52.27 53.2 55.48 60.34 47.06 46.88 -9999 -9999 -9999 -9999 -9999 -9999 -9999 -9999 -9999 -9999 -9999 -9999 -9999 -9999 -9999 -9999 -9999 -9999 52.37 63.12 61.01 65.09 58.83 67.17 73.65 71.55 68.11 71.08 71.99
79.42 81.81 79.75 80.12 83.07 82 69.62 75.56 71.69 69.66 70.4 65.31 57.1 57.42 51.87 55.09 63.99 61.62 54.93 65.35 60.33 66.58 63.65 62.93 64.38 64.95 64.55 66.79 65.16 65.3 67.93 66.84 64.23 64.81 58.19 56.97 60.3 68.14 68.11 67.19 62.53 56.12 53.48 55.73 54.85 -9999 42.43 29.07 -9999 -9999 -9999 -9999 -9999 -9999 -9999 -9999 -9999 -9999 -9999 -9999 -9999 -9999 -9999 -9999 -9999 -9999 -9999 -9999 57.01 59.85 63.45 63.6 64.77 66.86 66.58 70.81 69.35 64.72
71.83 77.2 80.6 83 82.2 77.46 66.09 80.8 74.89 75.56 65.64 58.11 59.82 61.24 59.34 51.29 -9999 51.61 63.5 68.38 70.1 63.99 63.45 65.13 65.26 66.65 59.61 60.92 58.59 57.58 63.45 61.55 57.3 62.15 59.36 64.09 65.36 60.68 63.06 59.65 60.13 63.81 61.6 58.22 52.25 -9999 -9999 -9999 -9999 -9999 -9999 -9999 -9999 -9999 -9999 -9999 -9999 -9999 -9999 -9999 -9999 -9999 -9999 -9999 -9999 -9999 -9999 -9999 58.35 60.89 61.86 62.33 64.85 68.64 65.42 66.1 66.03 63.06
71.98 74.88 83.01 83.68 83.19 78.92 68.58 68.19 74.07 77.63 67.47 60.65 57.65 55 53.9 56.2 59.74 61.4 51.12 54.64 52.42 54.24 61.36 65.11 63.94 61.67 61.6 61.86 63.98 59.29 56.95 57.12 52.92 57.6 56.97 56.66 58.65 57.35 53.53 51.38 53.89 55.67 54.49 56.57 50.24 -9999 -9999 -9999 -9999 -9999 -9999 -9999 -9999 -9999 -9999 -9999 -9999 -9999 -9999 -9999 -9999 -9999 -9999 -9999 -9999 -9999 -9999 -9999 46.67 59.38 58.43 59.98 61.28 60.87 65.06 63.12 67.05 66.03
78.26 72.17 78.5 80.59 80.89 74.27 80.3 79.69 72.96 71.72 63.49 54.4 64.21 65.25 60.3 58.41 66.96 72.06 68.29 68.84 62.77 55.88 61.61 54.3 51.5 55.75 57.43 58.66 56.48 55.77 53.31 52.55 -9999 53.44 52.23 52.78 52.59 50.06 51.4 51.31 51.51 57.87 54.93 -9999 -9999 -9999 -9999 -9999 -9999 -9999 -9999 -9999 -9999 -9999 -9999 -9999 -9999 -9999 -9999 -9999 -9999 -9999 -9999 -9999 -9999 -9999 31.82 -9999 55.52 67.66 61.55 62.52 64.04 65.58 62.47 59.16 62.61 62.8
55 66.31 79.59 79.05 76.67 82.28 70.64 66.4 65.24 67.94 73.11 73.91 62.58 52.92 61.11 60.4 63.8 67.92 66.53 72.04 68.21 64.21 65.32 64.54 51.99 59.27 54.2 50.93 58.39 60.03 55.97 55.52 50.85 47.2 48.01 45.2 55.6 52.93 50.93 51.12 52.76 52.28 47.3 -9999 -9999 -9999 -9999 -9999 -9999 -9999 -9999 -9999 -9999 -9999 -9999 -9999 -9999 -9999 -9999 -9999 -9999 -9999 -9999 43.67 57.99 57.25 62.92 62.27 68.66 73.53 67.24 71.83 63.31 62.17 63.14 63.03 67.33 64.63
47.44 77.92 84 80.98 70.11 63.65 64.31 64.53 61.67 65.86 67.67 63.52 73.04 71.1 62.77 55.08 56.15 62.52 63.15 65.06 71.66 66.64 75.13 71.39 63.92 56.65 55.6 54.05 53.73 53.14 51.77 51.45 51.2 53.2 53.13 56.52 54.21 53.16 50.09 49.73 41.49 55.65 47.11 37.76 -9999 -9999 -9999 -9999 -9999 -9999 -9999 -9999 -9999 -9999 -9999 -9999 -9999 -9999 -9999 -9999 -9999 -9999 40.26 55.05 57.58 57 61.27 65.81 62.32 64.37 61.91 64.64 64.64 63.28 62.55 59.64 60.44 49.5
75.55 59.28 63.43 58.41 59.59 62.84 56.69 57.73 60.65 58.02 68.03 60.48 52.86 66.89 72.42 74.25 61.71 62.88 62.65 64.03 68.23 65.41 67.3 71.46 73.48 62.89 52.34 53.81 52.73 52.23 49.9 47.66 46.52 51.33 51.48 54.32 50.68 51.73 40.58 45.48 43.91 45.77 46.19 50.18 39.58 -9999 -9999 -9999 -9999 -9999 -9999 -9999 -9999 -9999 -9999 -9999 -9999 -9999 -9999 -9999 -9999 50.49 52.65 52.77 56.72 60.27 60.07 60.24 60.84 61.45 60.31 58.3 59.82 63.65 63.58 69.51 46.4 -9999
85.08 85.83 75.35 66.6 62.46 56.44 43.83 56.3 61.29 54.9 50.53 56.66 58.68 51.73 59.76 60.97 63.63 64.76 62.3 61.42 64.92 64.55 58.18 58.86 61.01 60.52 60.46 56.17 52.05 51.72 49.44 49.3 49.05 47.91 46.48 48 50.55 49.09 51.24 51.19 46.09 45.61 40.97 -9999 -9999 -9999 -9999 -9999 -9999 -9999 -9999 -9999 -9999 -9999 -9999 -9999 -9999 -9999 -9999 49.21 60.46 56.78 56.09 54.89 57.27 60.05 56.16 54.19 53.42 59.17 59.55 55.62 54.71 59.24 59.05 63.92 65.53 47.57
54.82 69.55 77.47 82.59 76.11 62.3 61.64 53 49.12 56.03 46.17 42.76 49.31 54.78 59.35 58.32 54.7 60.27 62.38 61.33 60.4 57.98 57.57 60.89 61.31 59.18 55.55 60.09 57.12 50.08 49.26 47.18 50.55 49.7 47.53 51.06 51.75 49.19 53.97 52.7 47.2 31.23 -9999 -9999 -9999 -9999 -9999 -9999 -9999 -9999 -9999 -9999 -9999 -9999 -9999 -9999 -9999 -9999 51.1 52.38 52.52 52.99 59.48 55.63 56.83 53.58 56.87 55.52 58.97 60.8 57.13 58.04 62.54 52.46 62.72 59.16 62.29 59.64
62.86 -9999 49.22 60.98 61.01 67.66 65.28 55.37 37.67 49.58 54.28 52.76 48.98 48.49 48.82 55.16 57.28 57.37 53.03 47.28 58.28 57.31 57.1 54.41 57.34 51.2 52.48 54.85 50.26 53.32 50.28 47.24 52.65 51.3 48.74 53.93 49.1 52.27 48.7 53.59 34.39 -9999 -9999 -9999 -9999 -9999 -9999 -9999 -9999 -9999 -9999 -9999 -9999 -9999 -9999 -9999 48.84 54.06 52.2 54.28 56.19 59.31 57.17 61.46 62.78 65.21 72.23 60.95 61.24 55.45 61.19 58.49 61.28 57.01 60.37 60.08 57.68 53.38
62.5 62.41 56.39 52.42 52.9 56.13 54.99 59.9 56.55 42.42 36.98 44.63 45.12 41.82 50.93 51.87 47.13 43.59 53.16 59.91 56.7 58.53 53.86 54.54 52.15 49.7 45.51 48.73 42.76 45.96 51.5 54.24 53.07 48.48 44.87 48.98 48.02 52.83 -9999 -9999 -9999 -9999 -9999 -9999 -9999 -9999 -9999 -9999 -9999 -9999 -9999 -9999 -9999 -9999 52.37 57.79 52.48 52.34 53.19 56.11 61.7 63.98 57.9 61.14 55.89 58.47 62.45 62.95 58.94 57.91 55.72 57.23 58.12 58 56.91 58.73 57.46 65.64
51.38 52.18 55.53 54.09 44.61 57.76 50.63 52.88 -9999 49.77 47.91 49.87 41.91 43.95 42.11 44.65 45.77 47.09 42.3 50.14 50.71 49.37 41.31 44.76 44.91 46.28 44.92 44.92 46.79 43.85 46.59 53.77 43.51 42.48 37.87 -9999 -9999 -9999 -9999 -9999 -9999 -9999 -9999 -9999 -9999 -9999 -9999 -9999 -9999 -9999 -9999 46.89 50.4 51.77 54.67 52.68 49.78 55.17 57.05 61.18 54.68 63.39 65 60.71 39.9 52.25 63.28 56.92 56.14 56.8 55.87 -9999 42.49 56.4 59.09 63.08 59.78 52.21
47.57 37.74 46.85 47.95 48.51 51.62 54.52 53.34 45.71 46.1 46.98 53.45 57.94 49.76 44.39 43.45 47.16 47.18 46.38 49.05 46.08 43.54 43.53 40.59 40.78 41.59 43.66 42.6 43.94 46.06 45.83 -9999 -9999 -9999 -9999 -9999 -9999 -9999 -9999 -9999 -9999 -9999 -9999 -9999 -9999 -9999 -9999 -9999 -9999 15.84 48.9 57.2 52.55 52.64 52.49 54.27 48.74 50.53 57.38 61.94 57.36 61.03 59.23 60.22 54.67 55.75 55.56 54.27 -9999 44.13 50.81 55.06 54.32 46.41 49.04 56.02 53.83 50.84
31.04 -9999 30.47 46.22 44.9 43.77 43.2 43.61 43.07 44.48 45.94 45.15 48.14 48.33 48.97 43.93 42.39 42.6 44.63 45.01 40.38 42.19 43.16 40.14 39.66 40.91 44.65 43.92 -9999 -9999 -9999 -9999 -9999 -9999 -9999 -9999 -9999 -9999 -9999 -9999 -9999 -9999 -9999 -9999 -9999 -9999 -9999 -9999 -9999 -9999 51.89 58.12 63.54 60.01 61.89 57.87 54.05 48.38 47.46 52.57 57.74 63.02 62.16 57.72 55.84 52.85 36.05 46.15 51.02 44.78 35.94 44.91 51.54 52.41 51.27 28.07 45.93 51.76
59.85 47.95 -9999 49.73 49.89 50.28 44.02 40.33 47.25 46.47 46.09 37.57 39.58 41.54 45.64 49.58 45.16 44.52 39.07 40.67 38.67 38.36 45.64 37.95 38 42.01 35.12 -9999 -9999 -9999 -9999 -9999 -9999 -9999 -9999 -9999 -9999 -9999 -9999 -9999 -9999 -9999 -9999 -9999 -9999 -9999 53.05 57.91 61.76 66.71 60.62 61.14 65.23 73.94 65.61 63.72 56.84 42.09 42.5 55.4 56.35 61.34 56.58 48.05 47.23 47.39 33.13 39.85 46.16 32.98 -9999 34.4 54.82 52.28 45 16.43 52.02 50.2
75.51 57.41 31.14 34.45 49.84 41.14 39.73 37.86 40.62 41.48 45.05 44.41 41.98 43.42 44.84 42.96 43.84 47.15 45.13 42.11 43.1 38.06 36.23 -9999 37.64 29.8 26.89 -9999 -9999 -9999 -9999 -9999 -9999 -9999 -9999 -9999 -9999 -9999 -9999 -9999 -9999 -9999 -9999 -9999 -9999 55.12 50.83 53.7 61.81 55.91 63.38 66.97 62.8 60.72 59.98 61.77 57.48 51.23 54.52 53.25 53.95 56.03 56.26 47.5 44.24 51.3 46.13 37 47.27 47.88 48.37 31.44 27.75 49.69 52.21 39.89 36.36 29.89
68.24 62.5 48.08 35.58 41.41 39.82 42.23 41.42 36.27 44.45 45.77 44.88 42.02 39.83 41.59 38.12 41.3 42.45 41.36 37.84 37.77 41.48 42.71 30.43 -9999 -9999 -9999 -9999 -9999 -9999 -9999 -9999 -9999 -9999 -9999 -9999 -9999 -9999 -9999 -9999 -9999 -9999 -9999 41.7 45.42 51.01 49.1 51.29 53.97 53.29 62.34 67.71 57.01 58.2 54.4 49.83 49.01 60.07 53.07 55.27 46.03 53.88 53.93 49.12 48.63 47.6 47.38 45.27 36.12 45.08 48.35 23.81 41.13 35.48 34.05 38.37 39.63 28.43
61.44 56.34 50.85 52.48 50.37 46.31 44.08 47.91 43.19 42.15 44.08 43.13 40.16 39.96 34.84 38.73 -9999 41.99 39.67 38.65 40.4 41.62 39.2 29.44 -9999 -9999 -9999 -9999 -9999 -9999 -9999 -9999 -9999 -9999 -9999 -9999 -9999 -9999 -9999 -9999 -9999 -9999 -9999 42.51 58.49 46.44 54.64 53.75 59.2 61.88 62.32 65.31 63.67 64.9 61.98 58.55 57.32 59.75 59.97 52.35 43.24 45.65 51.2 52.12 55.13 53.62 49.76 52.24 38.85 50.25 41.66 49.13 48.49 44.93 37.6 -9999 44.84 49.3
72.53 62.68 55.38 50 45.81 44.23 45 39.9 36.62 41.32 45.2 43.24 41.94 40.73 37.59 36.69 34.96 41.16 39.57 45.38 -9999 -9999 -9999 -9999 -9999 -9999 -9999 -9999 -9999 -9999 -9999 -9999 -9999 -9999 -9999 -9999 -9999 -9999 -9999 -9999 -9999 -9999 -9999 -9999 46.19 47.43 50.02 55.98 68.03 63.84 57.48 59.55 62.72 62.63 59.57 59.89 51.15 55.41 51.38 48.44 46.74 42.05 47.51 48.08 50.67 51.28 54.84 52.91 53.16 49.87 52.06 49.99 38.67 -9999 47.28 44.57 46.87 46.22
59.13 64.82 71.51 67.27 55.02 48.62 39.66 48.11 41.69 48.42 48.92 48.52 41.83 44.7 40.55 36.51 37.22 36.24 34.67 35.59 37.21 -9999 -9999 -9999 -9999 -9999 -9999 -9999 -9999 -9999 -9999 -9999 -9999 -9999 -9999 -9999 -9999 -9999 -9999 -9999 -9999 -9999 -9999 -9999 38.7 49.6 55.76 52.82 54.48 57.65 60.96 55.84 58.56 55.66 48.56 49.3 45.08 42.17 34.83 40.78 40.73 42.43 47.33 43.4 40.99 46.61 50.3 46.35 47.24 47.42 44.62 35.14 40.66 49.59 48.9 48.58 46.73 47.37
62.35 55.82 54.66 57.19 54.9 51.05 44.97 42.79 45.01 43.62 38.83 35.91 44.23 40.63 38.07 37.31 34.04 39.88 39.06 40.38 28.54 -9999 -9999 -9999 -9999 -9999 -9999 -9999 -9999 -9999 -9999 -9999 -9999 -9999 -9999 -9999 -9999 -9999 -9999 -9999 -9999 -9999 -9999 -9999 39.83 42.24 45.96 47.56 51 55.16 58.45 57.96 55.23 47.22 44.02 40.86 33.01 41.37 34.1 31.48 27.46 33.94 37.14 35.91 33.05 41.53 39.89 39.99 46.73 38.15 -9999 41.88 47.73 47.27 44.11 46.63 43.65 42.16
59.59 55.73 55.23 47.96 53.32 48.89 54.7 51.33 44.96 39.43 40.39 34.43 34.85 35.19 34.51 30.38 25.21 36.19 38.13 38.33 -9999 -9999 -9999 -9999 -9999 -9999 -9999 -9999 -9999 -9999 -9999 -9999 -9999 -9999 -9999 -9999 -9999 -9999 -9999 -9999 -9999 -9999 -9999 -9999 -9999 40.97 42.77 51.19 48.65 56.03 55.85 54.28 46.35 46.66 42.44 39.19 38.05 38.78 35 30.95 -9999 40.77 43.36 41.36 38.26 39.98 45.13 47.53 41.51 -9999 39.92 46.58 44.66 47.02 39.68 -9999 34.38 37.09
63.88 62.72 59.85 53.1 47.7 50.15 49.95 48.5 47.98 40.37 44.68 44.29 46.91 39.1 35.41 39.13 26.18 39.34 44.18 35.2 -9999 -9999 -9999 -9999 -9999 -9999 -9999 -9999 -9999 -9999 -9999 -9999 -9999 -9999 -9999 -9999 -9999 -9999 -9999 -9999 -9999 -9999 -9999 -9999 -9999 35.78 29.66 33.26 38.67 42.85 45.48 50.04 46.22 44.47 37.81 32.15 40.68 36.08 -9999 40.63 39.45 39.98 54.34 44.98 40.81 38.66 43.19 37.5 -9999 -9999 34.4 40.01 41.84 -9999 32.33 22.15 -9999 35.65
71.52 64.44 63.27 56.58 50.23 46.69 43 45.22 41.8 -9999 38.15 41.02 39.55 33.73 34.19 34.06 30.47 33.23 -9999 -9999 -9999 -9999 -9999 -9999 -9999 -9999 -9999 -9999 -9999 -9999 -9999 -9999 -9999 -9999 -9999 -9999 -9999 -9999 -9999 -9999 -9999 -9999 -9999 -9999 -9999 -9999 46 37.98 39.38 36.76 -9999 37.09 38.46 47.13 46.14 42.6 42.58 42.63 -9999 35.84 37.62 -9999 26.26 -9999 33.02 37.01 39.53 29.96 15.67 17.79 40.03 37.21 25.95 34.7 34.34 36.13 35.05 40.72
56.06 60.7 58.86 60.37 57 49.84 46.54 41.91 36.86 42.24 40.93 37.94 37.65 31.73 38.32 35.88 32.86 36.77 31.06 -9999 -9999 -9999 -9999 -9999 -9999 -9999 -9999 -9999 -9999 -9999 -9999 -9999 -9999 -9999 -9999 -9999 -9999 -9999 -9999 -9999 -9999 -9999 -9999 -9999 -9999 31.88 50.5 56.73 43.43 36.18 -9999 42.63 40.87 38.91 39.33 36.13 35.06 36.99 40.31 45.39 -9999 36.31 41.62 35.23 35.82 25.65 29.36 25.68 8.9 26.36 38.49 35.07 33.95 35.48 36.23 32.94 33.38 40.92
44.09 45.59 50.05 44.64 49.66 47.05 41.97 45.83 38.51 36.51 33.89 36.76 35.96 34.77 32.36 34.77 32.88 -9999 35.69 -9999 -9999 -9999 -9999 -9999 -9999 -9999 -9999 -9999 -9999 -9999 -9999 -9999 -9999 -9999 -9999 -9999 -9999 -9999 -9999 -9999 -9999 -9999 -9999 -9999 -9999 33.57 39.98 47.33 51.9 50.91 44.98 52.12 51.95 -9999 41.94 41.19 40.63 41.25 46.39 41.91 31.8 33.78 38.42 30.67 30.27 28.63 37.74 36.99 35.99 -9999 33.77 -9999 31.95 33.69 32.82 32.12 28.56 35.21
46.25 36.81 37.43 -9999 41.4 46.29 43.04 38.54 42.05 35.07 31.25 45.91 39.11 38.6 35.22 32.2 30.17 30.57 29.67 -9999 -9999 -9999 -9999 -9999 -9999 -9999 -9999 -9999 -9999 -9999 -9999 -9999 -9999 -9999 -9999 -9999 -9999 -9999 -9999 -9999 -9999 -9999 -9999 -9999 -9999 40.68 41.76 37.99 37.02 25.66 38.69 44.71 51.15 50.07 50.45 50.99 41.6 51.15 43.66 44.41 37.2 32.34 48.86 47.05 44.09 44.75 42.3 50.74 40.24 37.52 46.92 47.24 43.51 40.42 31.66 30.91 35.13 33.84
40.99 44.47 39.95 28.63 -9999 29.36 35.76 38.63 33.95 33.04 33.07 36.45 35.5 35.3 34.84 33.48 36.23 30.23 37.05 -9999 -9999 -9999 -9999 -9999 -9999 -9999 -9999 -9999 -9999 -9999 -9999 -9999 -9999 -9999 -9999 -9999 -9999 -9999 -9999 -9999 -9999 -9999 -9999 -9999 31.61 40.42 44.53 39.72 35.52 27.78 28.84 46.3 53.96 61.41 56.07 50.33 52.91 52.5 38.34 38.29 34.7 43.51 44.55 53.57 53.69 48.48 56.02 61.84 55.5 58.46 59.51 48.05 54.09 44.72 -9999 50.3 45.82 40.6
45 39.18 41.36 38.61 30.57 32.89 40.39 36.34 36.92 31.43 31.7 30.01 32.31 33.63 29.42 34.01 28.53 27.24 35.48 32.53 -9999 -9999 -9999 -9999 -9999 -9999 -9999 -9999 -9999 -9999 -9999 -9999 -9999 -9999 -9999 -9999 -9999 -9999 -9999 -9999 -9999 -9999 -9999 -9999 -9999 41.13 41.24 42.34 38.4 35.95 37.39 49.62 51.46 57.01 52.73 58.42 54.85 48.69 38.42 36.12 37.1 35.77 35.3 45.12 57.66 51.63 53.76 49.48 49.53 53.63 55.26 47.17 50.25 49.71 52.69 55.75 57.53 50.85
