resultados/variables/landcover_veg_bare.asc
ncols 330
nrows 228
xllcorner -12.000000
yllcorner 34.000000
cellsize 0.166667
NODATA_value -9999
[rows 37 to 73 of 228, columns 85 to 169 of 330]
-9999 -9999 -9999 -9999 -9999 -9999 -9999 -9999 -9999 -9999 -9999 -9999 -9999 -9999 -9999 -9999 -9999 -9999 -9999 -9999 -9999 -9999 -9999 -9999 -9999 -9999 -9999 -9999 -9999 -9999 -9999 -9999 -9999 -9999 -9999 -9999 -9999 -9999 -9999 -9999 -9999 -9999 -9999 -9999 -9999 -9999 -9999 -9999 -9999 -9999 -9999 -9999 -9999 -9999 -9999 -9999 -9999 -9999 -9999 -9999 -9999 -9999 6.17 21.68 17.05 17.33 0.99 7.35 13.78 20.21 5.17 2.77 15.37 9.56 4.26 5.68 4.06 2.06 10.25 3.38 2.67 2.58 2.42 2.79 3.01
-9999 -9999 -9999 -9999 -9999 -9999 -9999 -9999 -9999 -9999 -9999 -9999 -9999 -9999 -9999 -9999 -9999 -9999 -9999 -9999 -9999 -9999 -9999 -9999 -9999 -9999 -9999 -9999 -9999 -9999 -9999 -9999 -9999 -9999 -9999 -9999 -9999 -9999 -9999 -9999 -9999 -9999 -9999 -9999 -9999 -9999 -9999 -9999 -9999 -9999 -9999 -9999 -9999 -9999 -9999 -9999 -9999 -9999 -9999 -9999 -9999 -9999 -9999 14.71 32.17 17.82 13.79 1.8 2.71 3.23 4.22 1.87 5.22 13.96 11.11 11.27 8.98 4.6 2.22 2.69 3.33 4.14 1.24 -9999 1.21
-9999 -9999 -9999 -9999 -9999 -9999 -9999 -9999 -9999 -9999 -9999 -9999 -9999 -9999 -9999 -9999 -9999 -9999 -9999 -9999 -9999 -9999 -9999 -9999 -9999 -9999 -9999 -9999 -9999 -9999 -9999 -9999 -9999 -9999 -9999 -9999 -9999 -9999 -9999 -9999 -9999 -9999 -9999 -9999 -9999 -9999 -9999 -9999 -9999 -9999 -9999 -9999 -9999 -9999 -9999 -9999 -9999 -9999 -9999 -9999 0.69 1.33 -9999 13.5 25.27 39.28 21.42 5.62 7.93 30.68 20.74 3.73 8.8 11.46 11.9 8 3.13 3.61 1.91 2.5 5.41 5.91 1.2 1.05 1.33
-9999 -9999 -9999 -9999 -9999 -9999 -9999 -9999 -9999 -9999 -9999 -9999 -9999 -9999 -9999 -9999 -9999 -9999 -9999 -9999 -9999 -9999 -9999 -9999 -9999 -9999 -9999 -9999 -9999 -9999 -9999 -9999 -9999 -9999 -9999 -9999 -9999 -9999 -9999 -9999 -9999 -9999 -9999 -9999 -9999 -9999 -9999 -9999 -9999 -9999 -9999 -9999 -9999 -9999 -9999 -9999 -9999 -9999 -9999 -9999 -9999 -9999 -9999 3.4 21.41 25.42 8.94 5.5 20.21 46.53 23.29 22.89 17.41 11.83 5.44 5.29 3.85 3.42 5.52 5.53 6.44 1.89 1.06 1.47 1.18
-9999 -9999 -9999 -9999 -9999 -9999 -9999 -9999 -9999 -9999 -9999 -9999 -9999 -9999 -9999 -9999 -9999 -9999 -9999 -9999 -9999 -9999 -9999 -9999 -9999 -9999 -9999 -9999 -9999 -9999 -9999 -9999 -9999 -9999 -9999 -9999 -9999 -9999 -9999 -9999 -9999 -9999 -9999 -9999 -9999 -9999 -9999 -9999 -9999 -9999 -9999 -9999 -9999 -9999 -9999 -9999 -9999 -9999 -9999 2.71 2.84 -9999 3.74 17.01 20.42 20.89 4.48 8.46 14.94 10.56 14.8 25.85 21.93 12.73 9.37 6.7 5.82 2.05 5.21 12.98 1.93 1.59 1.48 1.1 1.07
-9999 -9999 -9999 -9999 -9999 -9999 -9999 -9999 -9999 -9999 -9999 -9999 -9999 -9999 -9999 -9999 -9999 -9999 -9999 -9999 -9999 -9999 -9999 -9999 -9999 -9999 -9999 -9999 -9999 -9999 -9999 -9999 -9999 -9999 -9999 -9999 -9999 -9999 -9999 -9999 -9999 -9999 -9999 -9999 -9999 -9999 -9999 -9999 -9999 -9999 -9999 -9999 0.6 0.59 -9999 0.41 -9999 0.8 2.19 2.35 5.29 5.62 19.44 22.95 12.02 3.15 7.39 12.43 5.24 8.22 6.7 6.43 2.69 2.83 4.78 7.03 8.45 9.78 2.25 2.48 1.83 1.06 1.58 1.01 1.39
-9999 -9999 -9999 -9999 -9999 -9999 -9999 -9999 -9999 -9999 -9999 -9999 -9999 -9999 -9999 -9999 -9999 -9999 -9999 -9999 -9999 -9999 -9999 -9999 -9999 -9999 -9999 -9999 -9999 -9999 -9999 -9999 -9999 -9999 -9999 -9999 -9999 -9999 -9999 -9999 -9999 -9999 -9999 -9999 -9999 -9999 -9999 -9999 -9999 -9999 -9999 -9999 -9999 -9999 -9999 -9999 -9999 1.03 3.84 7.63 3.95 5.26 10.8 3.35 1.93 5.3 10.88 -9999 3.02 6.08 6.41 1.84 3.89 9.79 9.11 3.56 3.21 1.3 1.69 0.6 1.51 0.86 0.6 0.84 0.77
-9999 -9999 -9999 -9999 -9999 -9999 -9999 -9999 -9999 -9999 -9999 -9999 -9999 -9999 -9999 -9999 -9999 -9999 -9999 -9999 -9999 -9999 -9999 -9999 -9999 -9999 -9999 -9999 -9999 -9999 -9999 -9999 -9999 -9999 -9999 -9999 -9999 -9999 -9999 -9999 -9999 -9999 -9999 -9999 -9999 -9999 -9999 -9999 -9999 -9999 -9999 -9999 -9999 -9999 0.1 -9999 -9999 1.02 5.08 1.63 0.26 0.93 0.24 2.01 7.84 13.28 9.61 7.18 2.29 1.28 0.83 1.77 1.45 4.36 3.14 1.11 1.19 1.45 0.67 0.79 0.49 0.91 0.67 0.43 0.49
-9999 -9999 -9999 -9999 -9999 -9999 -9999 -9999 -9999 -9999 -9999 -9999 -9999 -9999 -9999 -9999 -9999 -9999 -9999 -9999 -9999 -9999 -9999 -9999 -9999 -9999 -9999 -9999 -9999 -9999 -9999 -9999 -9999 -9999 -9999 -9999 -9999 -9999 -9999 -9999 -9999 -9999 -9999 -9999 -9999 -9999 -9999 -9999 -9999 -9999 -9999 -9999 0.85 0.66 0.62 0.09 0.59 0.22 0.19 1.73 2.44 0.2 0.38 1.93 4.45 14.07 10.21 3.53 0.92 0.84 4.27 3.75 1.02 0.48 0.96 0.42 0.25 0.4 0.29 0.23 0.19 0.7 0.4 0.37 0.57
-9999 -9999 -9999 -9999 -9999 -9999 -9999 -9999 -9999 -9999 -9999 -9999 -9999 -9999 -9999 -9999 -9999 -9999 -9999 -9999 -9999 -9999 -9999 -9999 -9999 -9999 -9999 -9999 -9999 -9999 -9999 -9999 -9999 -9999 -9999 -9999 -9999 -9999 -9999 -9999 -9999 -9999 -9999 -9999 -9999 -9999 -9999 -9999 -9999 -9999 1.27 1.1 0.52 0.42 0.04 0.13 0.05 0.1 0.66 2.21 -9999 0.12 0.24 2.03 1.98 9.62 10.64 4.17 1.69 0.52 4.45 9.39 5.99 1.37 1.36 0.57 0.42 0.52 0.29 0.41 0.3 0.17 0.41 0.38 0.43
-9999 -9999 -9999 -9999 -9999 -9999 -9999 -9999 -9999 -9999 -9999 -9999 -9999 -9999 -9999 -9999 -9999 -9999 -9999 -9999 -9999 -9999 -9999 -9999 -9999 -9999 -9999 -9999 -9999 -9999 -9999 -9999 -9999 -9999 -9999 -9999 -9999 -9999 -9999 -9999 -9999 -9999 -9999 -9999 -9999 -9999 -9999 0.56 0.6 0.59 1.39 1.99 1.45 0.34 0.02 0.19 0.03 0.03 0.39 1.15 0.98 2.75 5.95 4.16 2.04 3.47 10.46 18.84 8.83 2.48 0.76 0.66 1.04 2.97 2.33 1.16 0.49 0.26 0.27 0.15 0.17 0.47 0.24 0.29 0.34
-9999 -9999 -9999 -9999 -9999 -9999 -9999 -9999 -9999 -9999 -9999 -9999 -9999 -9999 -9999 -9999 -9999 -9999 -9999 -9999 -9999 -9999 -9999 -9999 -9999 -9999 -9999 -9999 -9999 -9999 -9999 -9999 -9999 -9999 -9999 -9999 -9999 -9999 -9999 -9999 -9999 -9999 -9999 -9999 -9999 -9999 -9999 -9999 0.67 0.79 2.36 0.73 -9999 -9999 0.06 0.21 0.08 0.1 0.29 0.7 3.48 6.71 3.46 3.38 1.25 9.88 9.81 12.3 15.71 6.64 0.74 0.31 -9999 0.18 0.6 0.54 0.47 0.51 0.54 1.11 0.33 0.3 0.74 0.33 0.27
-9999 -9999 -9999 -9999 -9999 -9999 -9999 -9999 -9999 -9999 -9999 -9999 -9999 -9999 -9999 -9999 -9999 -9999 -9999 -9999 -9999 -9999 -9999 -9999 -9999 -9999 -9999 -9999 -9999 -9999 -9999 -9999 -9999 -9999 -9999 -9999 -9999 -9999 -9999 1.22 -9999 -9999 -9999 -9999 -9999 -9999 -9999 -9999 0.39 0.61 0.07 0.03 0 -9999 -9999 1.08 0.18 0.05 0.56 0.83 0.78 0.76 3.44 5.37 0.66 1.17 2.18 1.09 1.54 0.42 0.76 0.95 0.53 0.31 0.17 0.13 0.16 0.43 0.25 0.18 0.33 0.29 0.46 0.26 0.26
-9999 -9999 -9999 -9999 -9999 -9999 -9999 -9999 -9999 -9999 -9999 -9999 -9999 -9999 -9999 -9999 -9999 -9999 -9999 -9999 -9999 -9999 -9999 -9999 -9999 -9999 -9999 -9999 -9999 -9999 -9999 -9999 -9999 -9999 -9999 -9999 -9999 -9999 -9999 0.49 0.36 -9999 -9999 -9999 0.46 -9999 -9999 0.01 0.02 0.22 -9999 0.3 -9999 0.03 0 0.2 1 2.85 1.42 6.2 1.99 1.66 1.18 1.19 0.72 1.49 0.61 0.5 0.44 0.23 0.54 0.22 0.1 0.1 0.12 0.09 0.1 0.04 0.19 -9999 0.36 0.31 0.41 0.25 0.46
-9999 -9999 -9999 -9999 -9999 -9999 -9999 -9999 -9999 -9999 -9999 -9999 -9999 -9999 -9999 -9999 -9999 -9999 -9999 -9999 -9999 -9999 -9999 -9999 -9999 -9999 -9999 -9999 -9999 -9999 -9999 -9999 -9999 -9999 0.8 0.37 -9999 -9999 -9999 0.3 -9999 -9999 0.31 0.46 0.33 0.08 0.13 -9999 0.47 1.73 0.13 0.24 0.65 0.03 0.07 1.33 4.6 0.74 1.09 3.49 2.67 1.44 0.42 0.47 0.78 2.28 1.03 0.17 0.1 0.04 0.16 0.14 0.25 0.06 0.04 0.06 0.07 0.08 0.11 0.3 0.31 0.16 0.3 0.32 0.14
-9999 -9999 -9999 -9999 -9999 -9999 -9999 -9999 -9999 -9999 -9999 -9999 -9999 -9999 -9999 -9999 -9999 -9999 -9999 -9999 -9999 -9999 -9999 -9999 -9999 -9999 -9999 -9999 -9999 -9999 -9999 -9999 -9999 -9999 -9999 -9999 -9999 -9999 0.16 1.23 0.37 0.66 1.01 1.63 0.35 0.07 0.13 0.09 0.62 0.12 0.1 0.72 -9999 0.04 0.17 3.23 4.62 2.25 2.14 1.09 4.48 2.04 -9999 2.97 1.46 0.55 0.63 1.19 1.44 0.24 0.09 0.75 -9999 0.12 0.96 0.23 0.27 0.07 0.14 0.15 0.04 0.06 0.09 0.08 0.18
-9999 -9999 -9999 -9999 -9999 -9999 -9999 -9999 -9999 -9999 -9999 -9999 -9999 -9999 -9999 -9999 -9999 -9999 -9999 -9999 -9999 -9999 -9999 -9999 -9999 -9999 -9999 -9999 -9999 -9999 -9999 -9999 -9999 -9999 -9999 -9999 0.2 0.04 0.18 1.07 0.71 0.66 0.62 0.23 1.03 0.21 0.09 0.07 0.06 0.09 0.81 2.53 0.71 0.92 1.75 1.42 2.6 1.77 4.25 4.46 12.41 5.66 17.1 7.83 2.07 6.03 8.71 1.24 1.86 4.95 1 0.05 0.27 -9999 0.42 0.28 0.1 0.08 0.05 0.2 0.15 0.26 0.3 0.23 0.25
-9999 -9999 -9999 -9999 -9999 -9999 -9999 -9999 -9999 -9999 -9999 -9999 -9999 -9999 -9999 -9999 -9999 -9999 -9999 -9999 -9999 -9999 -9999 -9999 -9999 -9999 -9999 -9999 -9999 0.32 0.54 -9999 0.26 -9999 0.11 -9999 0.08 -9999 0.09 1.94 6 6.42 5.57 5.74 1.5 0.12 2.72 0.68 0.01 0.07 0.89 0.38 2.15 0.99 1.66 6.52 9.86 1.73 3.08 14.6 10.38 11.17 4.65 6.04 13.05 6.16 2.22 1.71 1.23 5.21 0.66 0.08 0.01 0.12 0.09 0.04 0.18 0.08 0.2 0.1 0.23 0.18 0.14 0.2 0.17
-9999 -9999 -9999 -9999 -9999 -9999 -9999 -9999 -9999 -9999 -9999 -9999 -9999 -9999 -9999 -9999 -9999 -9999 -9999 -9999 -9999 -9999 -9999 -9999 -9999 -9999 -9999 -9999 -9999 0.08 0.46 -9999 0.55 0.5 -9999 0.41 6.43 -9999 9.82 11.09 14.27 11.62 19.16 10.47 5.09 5.92 0.47 0.36 3.53 3.65 3.58 6.12 3.44 3.84 3.3 1.28 4.08 2.83 2.36 7.31 6.68 2.5 2.34 2.02 1 0.4 0.36 0.63 1.76 0.64 0.35 0.08 0.16 0.05 0.07 0.06 0.02 0.12 0.13 0.27 0.11 0.23 0.19 0.08 0.04
-9999 -9999 -9999 -9999 -9999 -9999 -9999 -9999 -9999 -9999 -9999 -9999 -9999 -9999 -9999 -9999 -9999 -9999 -9999 -9999 -9999 -9999 -9999 -9999 -9999 0.15 0.41 0.81 0.5 -9999 2.56 -9999 1.68 -9999 14.74 21.63 30.49 24.89 34.18 30.86 16.47 13.24 8.54 10.91 4.62 8.4 4.86 5.12 4.09 3.22 5.2 4.55 2.28 1.72 1.32 1.16 1.62 2.38 3.46 9.06 2.25 0.69 0.66 2.44 2.07 1.04 0.26 0.89 0.23 0.12 0.62 0.92 0.17 0.28 0.08 0.06 0.08 0.17 0.1 0.08 0.15 0.12 0.12 0.01 0.03
-9999 -9999 -9999 -9999 -9999 -9999 -9999 -9999 -9999 -9999 -9999 -9999 -9999 -9999 -9999 -9999 -9999 -9999 -9999 -9999 -9999 -9999 0.34 -9999 0.44 -9999 0.27 1.36 -9999 4.36 12.63 15.83 21.79 34.43 25.06 29.08 34.16 26.65 15.29 43.15 47.3 53.12 38.95 29.77 14.46 11.44 6.12 7.77 6.73 2.33 1.26 0.94 0.37 1.1 5 4.38 4.26 5.37 3.72 5.79 6.8 2.31 0.61 0.59 0.45 0.48 0.47 0.65 0.63 0.5 1.5 2.54 0.13 0.41 0.17 0.28 0.11 0.23 0.3 0.21 0.23 0.13 0.11 0.08 0.08
-9999 -9999 -9999 -9999 -9999 -9999 -9999 -9999 -9999 -9999 -9999 -9999 -9999 -9999 -9999 -9999 -9999 -9999 -9999 -9999 0.5 0.43 -9999 2.12 4.73 -9999 12.74 13.35 5.67 4.49 9.1 -9999 38.59 53.13 33.8 16.73 16.85 23.56 14.72 22.27 36.27 36.6 44.21 14.24 5.44 5.13 10.03 6.25 4.55 1.59 0.8 1.6 1.19 7.81 10.77 6.29 4.96 2.96 -9999 12.61 14.15 8.15 4.54 1.69 0.97 2.42 1.55 1.83 3.06 0.91 0.81 0.37 0.17 0.15 0.12 0.3 0.3 0.32 0.14 0.14 0.25 0.24 0.28 0.06 0.14
-9999 -9999 -9999 -9999 -9999 -9999 -9999 -9999 -9999 -9999 -9999 -9999 -9999 -9999 -9999 -9999 -9999 -9999 -9999 -9999 -9999 2.18 -9999 -9999 -9999 8.69 16.98 15.04 10.82 19.2 36.55 34.28 54.25 40.39 60.84 77.64 34.74 28.45 20.35 28.91 8.05 2.54 4.03 16.11 15.23 11.72 4.89 6.42 8.23 4.96 2.13 2.44 3.99 3.49 9.23 7.45 4.92 1.57 1.77 4.33 2.99 4.54 2.99 1.74 1.18 0.3 2.38 0.27 1.97 0.82 0.97 1.28 0.74 0.73 0.52 0.37 0.47 0.11 0.18 0.17 0.06 0.12 0.1 0.22 0.12
-9999 -9999 -9999 -9999 -9999 -9999 -9999 -9999 -9999 -9999 -9999 -9999 -9999 -9999 -9999 -9999 -9999 -9999 1.48 -9999 -9999 -9999 -9999 0.85 -9999 2.08 1.1 5.33 18.44 -9999 44.31 75.86 62.2 24.86 15.5 20.88 13.37 22.78 18.34 19.97 10.08 3.29 5.42 6.29 24.48 40.84 38.97 13.54 9.77 7.66 12.76 9.81 0.82 0.85 7.11 12.44 10.38 4.13 2.25 0.7 0.99 0.62 1.28 1.8 1.96 0.81 1.41 1.23 0.41 0.25 0.47 0.78 0.51 0.39 0.29 0.36 0.22 0.23 0.05 0.09 0.15 0.18 0.28 0.08 0.04
-9999 -9999 -9999 -9999 -9999 -9999 -9999 -9999 -9999 -9999 -9999 -9999 -9999 -9999 -9999 -9999 -9999 -9999 10.52 32.98 39.52 43.47 -9999 8.18 6.33 2.65 13.03 42.47 -9999 72.02 -9999 70.53 -9999 59.08 -9999 64.32 27.16 13.8 32 33.94 7.36 0.73 1.23 1.3 0.87 3.96 8.29 9.35 8.87 8.87 0.95 0.97 0.29 0.32 2.16 1.43 4.11 1.65 4.16 3.06 0.36 0.34 0.51 0.58 1.09 0.75 0.46 0.46 0.54 0.52 0.24 0.47 0.5 0.85 0.14 0.21 0.25 0.14 0.22 0.12 0.12 0.21 0.1 0.34 0.04
-9999 -9999 -9999 -9999 -9999 -9999 -9999 -9999 -9999 -9999 -9999 -9999 -9999 -9999 -9999 -9999 -9999 -9999 2.73 -9999 3.29 4.11 2.92 8.99 17.72 5.97 17.05 68.49 71.37 -9999 22.64 50.24 21.57 29.53 46.62 47.62 63.1 69.17 66.86 46.25 10.81 8.77 1.98 4.71 0.71 0.23 0.3 0.42 1.98 8.53 7.3 6.55 0.54 0.32 0.15 1.36 1.43 2.64 5.89 0.31 4.32 3.06 5.19 7.45 0.86 0.27 0.38 0.56 1.1 1.86 0.22 0.33 0.43 0.35 0.3 0.28 0.3 0.36 0.37 0.32 -9999 0.16 0.05 0.04 0.12
-9999 -9999 -9999 -9999 -9999 -9999 -9999 -9999 -9999 -9999 -9999 -9999 -9999 -9999 -9999 -9999 -9999 -9999 1.67 3.19 6.27 0.31 1.22 1.82 7.69 27.05 49.83 17.04 42.11 -9999 3.44 -9999 22.42 22.2 33.65 47.28 53.12 34.79 44.61 24.01 14.65 4.83 1.62 1.57 3.12 0.37 0.57 0.42 0.1 0.09 1.47 2.52 0.99 0.09 0.02 0.07 0.25 0.14 0.22 0.08 0.09 0.45 0.95 3.84 1.14 0.41 0.14 0.44 0.96 0.79 0.15 0.48 0.45 0.14 0.06 0.11 0.16 0.35 0.28 0.17 0.14 0.2 0.05 0.04 0.04
-9999 -9999 -9999 -9999 -9999 -9999 -9999 -9999 -9999 -9999 -9999 -9999 -9999 -9999 -9999 -9999 -9999 0.65 0.85 0.7 1.2 1.35 3.92 7.13 10.81 23.09 -9999 13.28 6.87 0.84 0.5 4.59 8.73 12.9 26.35 19.41 8.64 16 30.03 5.73 0.88 1.52 2.14 2.6 1.68 1.26 0.38 0.21 0.04 0.05 0.05 0.21 1.61 0.46 0.13 0.93 0.01 0.06 0.12 0.41 0.39 0.06 0.13 0.42 1.17 0.23 0.1 0.16 0.36 0.23 0.08 0.14 0.23 0.29 0.05 0.07 0.12 0.34 0.17 0.27 0.46 0.14 0.03 0.04 0.06
-9999 -9999 -9999 -9999 -9999 -9999 -9999 -9999 -9999 -9999 -9999 -9999 -9999 -9999 -9999 -9999 6.18 -9999 -9999 0.14 -9999 1.65 8.23 12.6 6.4 -9999 0.74 28.42 -9999 4.08 22.21 9.07 11.43 14.33 12.3 14.62 29.07 33.6 7.77 2.56 0.14 0.03 0.69 0.68 0.8 2.04 0.48 0.18 0.11 0.64 0.03 0.12 0.08 0.07 0.01 0.23 0.04 0.01 0.03 0.04 0.03 0.01 0.08 0.19 0.31 0.45 0.27 0.17 0.15 0.23 0.21 0.12 0.08 0.31 -9999 0.05 0.01 0.04 0.06 0.18 0.28 0.11 0.51 0.13 0.08
-9999 -9999 -9999 -9999 -9999 -9999 -9999 -9999 -9999 -9999 -9999 -9999 -9999 -9999 -9999 -9999 -9999 0.92 0.7 2.43 6.25 18.04 22.79 16.88 12.99 9.61 12.43 15.99 19.39 10.11 18.01 38.26 41.15 45.22 35.5 34.38 14.03 6.17 19.77 5.62 0.61 0.3 0.3 0.2 0.04 0.17 0.1 0.03 0.02 0.02 0.29 0.6 0.32 0.22 0.35 0.18 0.47 0.05 0.01 0.03 0.02 0.04 0.12 0.09 0.11 0.26 0.1 0.03 0.07 0.06 0.2 0.14 0.15 0.04 0.22 -9999 0.01 0.2 0.09 0.1 0.02 0.07 0.13 0.09 0.1
-9999 -9999 -9999 -9999 -9999 -9999 -9999 -9999 -9999 -9999 -9999 -9999 -9999 -9999 -9999 -9999 -9999 0.34 -9999 4.4 5.15 4.89 12.77 8.9 13.98 9.31 1.85 18.23 16.75 24.76 39.78 50.89 24.48 35.8 12.53 12.21 22.63 4.57 2.45 0.07 0.14 0.27 0.43 0.28 0.1 0.06 0.07 0.09 0.17 0.03 0.24 1.62 -9999 2.62 3.32 0.11 0.25 0.7 0.71 0.31 0.05 0.02 0.1 0.06 0.12 0.12 0.17 0.13 0.06 0.17 0.1 0.05 0.07 0.23 0.09 0.09 0.2 0.34 0.07 0.06 0.18 0.01 0.06 0.11 0.05
-9999 -9999 -9999 -9999 -9999 -9999 -9999 -9999 -9999 -9999 -9999 -9999 -9999 -9999 -9999 -9999 -9999 0.34 0.05 -9999 1.07 3.09 6.18 4.79 9.72 14.64 0.88 7.54 11.47 37.03 32.88 -9999 44.67 30.7 23.66 8.06 0.65 0.73 0.57 0.47 0.26 0.14 0.28 0.54 0.86 0.11 0.02 0.03 0.1 0.13 0.52 1.11 0.18 0.13 0.14 0 0 0.13 0.94 2.02 0.07 0.01 0.03 0.05 0.02 0.04 0.12 0.07 0.04 0.09 0.18 0.04 0.23 0.16 0.28 0.13 0.06 0.25 0.05 0.09 1.06 0.46 0.07 0.02 0.29
-9999 -9999 -9999 -9999 -9999 -9999 -9999 -9999 -9999 -9999 -9999 -9999 -9999 -9999 -9999 -9999 -9999 -9999 -9999 0.43 -9999 0.76 8.19 9.12 -9999 -9999 5.27 6.89 16.77 6.13 5.57 11.82 14.62 8.43 5.66 4.36 3.43 1.45 2.35 1.54 0.81 1.72 0.23 0.46 1.22 0.8 0.43 0.09 0.07 -9999 0.39 0.04 0.01 0.08 0.51 0.07 0.24 0.01 0.12 1.43 0.02 0.02 0.06 0.03 0.04 0.06 0.01 0.07 0.03 0.12 0.1 0.12 0.07 0.12 0.12 0.07 0.13 0.12 0.01 1.09 0.59 0.48 0.48 0.38 0.07
-9999 -9999 -9999 -9999 -9999 -9999 -9999 -9999 -9999 -9999 -9999 -9999 -9999 -9999 -9999 -9999 -9999 1.95 -9999 0.09 -9999 1.84 6.05 -9999 6.71 33.3 -9999 38.77 23.36 11.06 13.97 11.41 10.72 9.14 7.14 7.4 7.97 5.45 5.91 3.55 0.38 0.23 0.11 1.51 0.13 0.01 0.12 0.05 0.44 0.34 0.28 0.05 0.13 1.95 0.57 0.73 0.69 0.48 0.18 0.63 0 0.02 0.04 0.04 0.01 0.04 0.09 0.04 0.1 0.15 0.15 0.12 0.22 0.27 0.18 0.12 0.14 0.09 0.06 0.02 0.04 0.04 1.04 0.5 0.42
-9999 -9999 -9999 -9999 -9999 -9999 -9999 -9999 -9999 -9999 -9999 -9999 -9999 -9999 -9999 -9999 -9999 -9999 -9999 -9999 -9999 -9999 -9999 -9999 28.97 -9999 12.24 50.85 58.76 32.91 18.27 13.02 10.55 8.76 11.4 10.4 6.95 4.22 3.56 1.18 1.37 0.05 0.06 0.17 0.21 0.28 0.04 0.22 1.35 0.01 0.01 0.01 0.14 2.37 1.74 1.5 0.26 0.01 0.01 0.11 0.01 0.07 0.03 0.01 0.06 0.08 0.02 0.14 0.09 0.28 0.27 0.23 0.2 0.12 0.03 0.21 0.22 0.07 0.33 0.1 0.55 0.13 0.14 0.19 0.73
-9999 -9999 -9999 -9999 -9999 -9999 -9999 -9999 -9999 -9999 -9999 -9999 -9999 -9999 -9999 -9999 -9999 -9999 -9999 0.46 0.48 -9999 8.79 6.96 51.39 36.13 8.63 30.39 -9999 60.62 21.74 14.11 10.49 24.32 15.94 8.17 5.12 2.05 2.61 1.84 0.26 0.12 0.41 0.12 0.03 0.17 0.34 0.08 0.4 0.23 0.76 3.49 1.6 1.92 0.64 0.73 0.32 0.04 0.01 0.27 0.2 0 0.04 0.01 -9999 0.07 0.07 0.03 0.14 0.1 0.24 0.14 0.12 0.16 0.18 0.08 0.13 0.1 0.14 0.1 0.03 0.26 0.12 0.22 1.01
-9999 -9999 -9999 -9999 -9999 -9999 -9999 -9999 -9999 -9999 -9999 -9999 -9999 -9999 -9999 -9999 -9999 -9999 -9999 -9999 -9999 -9999 -9999 -9999 8.15 14.44 24.6 14.96 28.73 35.02 11.17 4.36 1.75 4.15 14.04 0.45 0.77 1.73 0.8 1.42 0.26 0.56 0.78 0.39 0.23 0.07 0.86 0.74 -9999 2.71 -9999 0.72 1.05 0.21 0.81 1.37 0.12 0.06 0.01 0.03 0.03 0.28 0.04 0.01 0.05 0.14 0.12 0.16 0.07 0.04 0.17 0.3 0.22 0.21 0.1 0.04 0.02 0.07 0.05 0.1 0.14 0.25 0.02 0.15 0.32
