resultados/variables/landcover_veg_herb.asc
ncols 330
nrows 228
xllcorner -12.000000
yllcorner 34.000000
cellsize 0.166667
NODATA_value -9999
[rows 136 to 169 of 228, columns 156 to 233 of 330]
76.42 61.85 68.96 72.24 76.11 71.5 71.25 71.68 70.03 63.02 72.09 77.48 77.34 62.64 61.38 64.58 54.68 72.98 81.48 80.55 73.84 76.58 58.8 46.07 48.38 34.68 40.65 49.12 62.19 48.77 40.28 47.62 49.24 44.03 38.98 47.32 42.77 39.14 60.02 50.43 57.94 55.67 41.45 62.96 59.84 63.12 47.62 42.98 36.11 28.06 30.19 31.43 55.37 59.16 45.54 47.34 48.35 62.99 78.89 75.58 77.18 82.8 74.12 82.54 84.03 76.83 76.92 89.94 89.92 86.37 85.14 91.07 79.48 71.65 88.9 84.37 83.61 81.91
67.87 83.63 65.37 65.55 56.67 62.38 60.32 51.24 80.68 80.87 76.69 78.87 73.89 77.59 72.47 87.75 88.2 76.02 70.87 61.4 79.22 77.13 68.14 54.03 42.54 63.35 51.96 51.86 40.55 64.52 40.18 40.91 58.2 70.26 62.19 42.75 50.44 61.01 78.98 44.87 52.2 58.38 71.92 72.99 70.22 52.15 44.6 46.98 44.91 30.04 28.37 34.26 37.05 58.77 58.82 30.68 37.88 46.88 51.29 70.85 46.55 71.32 81.47 71.16 85.19 86.82 71.49 85.5 85.45 89.5 74.53 82.84 90.12 83.91 81.98 80.11 85.57 83.73
43.49 53.3 74.39 72.51 57.54 46.26 54.92 74.08 73.69 84.1 67.37 69.79 80.95 90.35 90.42 85.28 85.42 86.21 76.88 71.26 79.79 67.45 54.79 58.88 67.15 40.38 31.36 41.53 50.81 61.11 36.14 36.48 36.53 41.08 30.15 39.21 39.76 34.67 43.83 62.63 55.26 50.92 45.07 63.42 41.26 65.94 69.53 56.37 39.85 34.11 41.64 35.09 41.6 50.83 60.11 44.04 38.07 31.48 34.93 60.58 67.8 80.7 52 61.53 80.6 76.53 80.3 77.5 73.59 89.15 88.81 81.27 80.19 87.95 89.06 83.79 82.03 84.89
39.53 53.88 56.92 59.9 50.35 62.02 65.71 81.69 69.85 73.77 78.47 77.49 88.5 91.29 91.58 85.88 78.58 76.61 72.23 84.11 72.09 70.86 76.94 59.34 49.17 72.54 42.9 68.06 40.82 41.05 44.22 55.72 43.38 44.2 39.08 32.26 36.59 37.54 40.22 32.45 35.4 36.84 39.78 66.52 72.31 47.65 88.17 84.35 81.16 60.88 35.07 39.94 39.12 30.46 48.12 48.34 46.51 39.66 26.63 26.37 37.52 57.48 71.04 86.15 78.44 87.14 83.02 89.04 88.11 78.43 87.3 85.76 77.41 89.39 80.89 84.39 79.66 84.57
55.54 45.23 69.69 49.8 34.37 60.84 65.21 58.7 67.04 62.05 78.53 89.29 83.33 73.45 82.37 85.11 91.32 81.58 66.96 63.49 60.49 60.32 89.26 60.97 81.58 78.32 50.94 38.92 55.81 42.44 55.63 64.97 61.97 45.84 41.61 44.35 39.62 55.09 53.45 48.85 57.1 67.13 81.89 86.69 52.48 76.97 91.72 85.34 90.36 92.56 65.63 56.51 42.91 41.52 38.34 39.22 52.75 37.59 30.46 27.62 26.81 30.58 46.84 56.23 60.58 74.44 83.75 91.78 93.91 92.93 91.25 90.84 83.86 80.39 82.59 86.9 84.25 76.56
83.26 67.12 76.88 68.84 51.66 44.51 38.76 53.65 52.53 65.5 82.62 81.15 78.69 74.85 84.03 83.3 84.75 78.64 60.87 40.26 74.11 89.7 89.09 88.99 81.98 57.37 61.43 43.9 38.01 51.21 59.06 56.34 49.83 59.3 72.62 71.56 71.03 76.75 55.94 52.01 59.65 73.12 73.07 71.03 31.05 58.8 77.92 87.61 83.49 85.38 82.55 89.3 74.77 60.5 46.11 51.95 27.64 39.01 41.1 33.07 28.02 28.4 28.19 34.22 50.42 57.55 66.67 82.58 91.34 89.06 89.97 76.82 63.31 77.43 88.78 91.64 93.33 89.93
88.17 82.47 80.58 84.63 77.19 58.81 54.88 62.69 65.68 78.31 84.09 79.33 58.41 46.92 78.36 88.11 90.41 83.65 50.72 75.66 88.01 89.95 90.81 88.56 87.83 92.54 81.01 80.22 72.05 63.59 59.44 63.74 62.66 57.01 64.04 56.2 68.24 73.44 57.86 59.06 83.25 84.98 86.94 62.65 64.03 84.74 85.56 88.51 82.74 82.08 85.45 80.48 74.71 76.77 73.88 56.64 69.84 50.95 36.77 37.01 40.1 42.37 44.77 29.68 35.4 45.75 45.95 61.88 60.7 69.84 60.08 83.78 91.25 91.88 83.76 87.7 89.67 86.5
91.46 92.95 85.94 87.08 85.48 81.53 82.73 82.36 75.49 63.75 52.92 43.07 39.81 59.38 93.83 85.86 77.59 82.63 81.94 83.83 91.36 89.92 90.31 89.46 88 84.73 83.69 85.91 80.03 75.19 68.44 81.17 72.36 70 57.71 52.3 47.47 53.53 39.63 28.33 67.16 89.88 86.58 82.5 81.88 85.67 87.06 82.88 80.89 83.67 85.31 81.22 86.42 91.27 79.42 50.33 73.51 76.16 67.72 51.2 29.8 42.06 32.41 37.66 37.41 50.16 40.36 30.03 34.79 64.06 68.17 67.35 74.91 67.67 81.19 93.53 91.83 91.21
63.17 50.95 44.53 47.1 46.89 44.16 38.3 36.3 33.62 31.71 29.96 31.97 39.7 81.45 86.36 68.28 46.85 88.64 91.44 87.22 71.96 81.87 90.16 89.48 88.14 86.71 81.8 86.2 69.78 32.91 58.72 62.01 65.04 59.19 54.66 33.03 48.87 52.53 62.83 67.86 84.83 87.21 81.94 82.58 86.06 84.71 83.32 79.31 80.47 82.57 89.35 85.61 83.95 85.8 89.38 68.78 66.92 37.91 57 69.52 49.64 33.97 42.73 34.5 33.42 31.96 36.32 35.87 29.01 37.94 57.4 84.18 84.78 79.8 84.09 93.19 92.6 92.48
42.49 40.88 34.33 32.19 33.47 34.8 36.7 33.24 30.36 35.19 37.52 39.41 63.08 60.05 75.01 80.1 43.3 92.18 76.59 72.71 89.87 81.07 79.34 86.86 82.96 83.83 69.56 72.69 65.36 39.9 57.15 70.42 67.88 87.65 82.74 83.03 85.53 83.77 86.78 86.92 77.35 76.56 78.49 83.57 86.16 83.22 83.69 79.44 79.77 74.01 86.87 87.96 88.52 89.4 90.64 83.68 44.96 28.47 40.32 62.02 58.55 65.84 55.71 36.28 34.57 30.15 32.4 37.65 27.28 30.64 32.7 86.48 81.87 69.11 87.3 82.71 90.05 82.17
54.34 47.83 43.57 40.44 36.52 43.93 46.41 43.47 32.57 34.02 32.91 32.84 45.18 62.09 61.35 75.73 76.83 76.41 84.27 89.44 90.11 83.31 85.5 88.15 88.86 87.76 64.26 71.51 80.69 55.71 72.14 78.92 58.06 83.88 85.22 86.97 86.48 85.22 84.48 65.99 66.73 80.14 73.27 80.09 90.33 74.83 74 70.43 79.26 82.9 88.99 84.81 86.15 76.37 52.77 66.9 84.2 79.45 71.89 54.5 39.09 41.03 47.3 48.97 49.51 39.61 32.56 44.83 42.07 48.65 39.05 52.34 81.26 89.91 86.14 83.59 54.77 81.17
42 50.02 44.49 45.07 38.49 42.79 36.59 34.34 33.29 33.77 46.77 51.75 58.5 55.12 41.61 75.56 87.49 80.28 88.48 82.84 89.85 87.59 72.44 71.79 74.13 63.08 55.41 82.22 81.99 76.47 77.13 83.21 81.87 80.83 81.7 82.95 88.83 86.41 79.64 80.3 88.69 82.8 76.95 88.58 86.84 86.9 73.84 78.06 83.58 83.07 74.26 66.37 71.78 64.91 73.6 78.19 59.72 62.12 61.78 63.44 66.44 59.85 56.47 48.94 55.74 47.75 31.27 43.48 35.85 32.15 38.08 31.38 56.83 79.38 82.14 71.56 56.85 82.98
59.39 54.22 37.55 42.02 54.97 39.75 29.72 31.38 37.95 45.2 54.32 69.23 62.36 69.23 74.45 79.49 83.57 84.28 82.4 86.94 84.17 65.18 39.64 60.4 63.73 80.5 85.89 70.43 86.43 80.43 86.31 79.67 77.58 83.1 87.32 85.5 85.71 82.06 85.73 89.08 87.6 88.41 88.84 88.34 86.4 86.34 86.31 87.41 83.56 79.71 71.58 73.96 72.06 74.99 73.16 62.8 60.9 58.87 60.08 63.58 75.44 79.11 70.97 67.25 58.84 44.24 31.24 38.48 44.16 26.69 37.88 27.64 32.68 49.79 86.43 79.55 88.47 87.46
40.62 32.82 42.33 38.68 39.59 31.21 38.37 46.66 56.07 55.76 65.05 63.52 67.21 67.49 62.91 78.75 79.5 73.72 73.86 85.41 72.55 61.58 59.64 71.92 71.08 83.88 84.14 86.06 83.87 79.39 85.91 85.49 80.38 70.72 80.92 86.88 87.3 87.28 90.67 92.15 90.37 89.7 90.17 86.51 83.63 88.29 90.56 87.95 76.78 78 54.87 59.55 70.67 71.33 65.15 67.46 65.75 70.02 72.76 77.69 68.17 74.95 71.06 76.92 44.4 28.45 27.73 35.6 37.37 27.77 29.89 42.12 35.35 41.88 73.83 84.88 84.47 87.64
33.29 33.31 43.08 37.17 40.98 34.21 28.62 52.28 67.06 62.45 65.48 66.63 60.86 56.06 55.08 70.52 79.38 80.31 79.77 62.97 67.48 62.88 49.8 -9999 46.77 84.81 85.12 83.63 84.25 79.51 87.17 85.1 81.99 83.14 85.32 82.27 86.28 89.81 90.76 84.15 89.35 91.21 89.25 88.36 90.39 81.3 86.4 64.97 68.21 60.24 48.72 61.81 49.55 62.93 64.22 63.13 66.88 78.23 87.02 74.83 75.68 76 77.58 76.14 80.61 48.6 28.73 32.61 65.57 37.94 39.23 39.09 31.52 36.26 74.97 88.69 87.65 90.1
42.21 50.99 59.35 43.4 49.47 51.24 28.28 52.48 57.28 66.87 63.4 74.56 79.2 70.62 62.8 50.54 66.25 72.48 80.12 56.05 -9999 49.92 60.47 76.66 79.91 83.06 81.59 80.74 73.72 78.12 86.1 84.14 81.73 80.05 85.85 87.43 86.24 88.07 90.17 92.75 93.95 95.57 90.83 82.68 83.78 87.36 90.7 79.75 77.83 81.28 68.47 30.72 34.15 55.4 69.37 53.55 64.62 69.85 86.09 86.3 87.92 84.67 81.4 78.29 67.78 63.68 30.29 27.34 78.36 69.27 30.08 45.33 25.7 21.95 39.81 86.19 82.27 90.64
43.98 52.14 50.69 50.69 45.86 39.2 36.65 30.14 31.13 56.7 79.52 75.57 79.69 81.79 75.59 60.16 57.78 67.49 63.94 74.19 73.15 75.04 74.83 79.65 81.06 71.34 76.39 85.09 81.78 78.39 87.79 80.08 77.65 78.38 86.95 86.25 84.77 87.36 89.95 91.26 92.78 94.39 89.51 86.74 85.03 85.22 88.29 81.93 46.5 36.13 70.4 47.46 35.03 37.13 35.89 34.3 60.88 71.31 90.28 92.17 92.18 90.77 82.11 76.15 79.11 69.94 52.09 40.34 41.29 46.45 74.88 55.93 50.06 30.57 31.83 70.06 54.09 91.67
41.84 41.34 29.93 39.38 30.04 31.61 43.57 35.33 42.32 59.3 75.22 79.77 74.95 78.6 83.38 80.19 61.81 66.07 67.73 61.35 68.75 76.89 83.22 85.56 85.27 80.47 72.25 80.12 82.11 77.61 84.59 72.45 76.68 81.08 85.55 86.88 84.33 82.25 92.64 91.83 92.91 93.66 94.3 93.03 93.29 89.09 89.3 76.36 70.86 43.77 47.36 40.18 41.03 56.97 49.62 43.84 55.22 55.32 74.66 87.41 85.45 87.87 86.3 78.72 74.6 56.03 68.2 72.04 58.09 41.27 79.64 60.58 40.7 34.92 62.31 61.6 69.56 79.71
26.88 39.2 61.46 50.45 33.83 38.36 53.12 58.52 60.81 66.14 50.85 43.98 53.52 68.85 70.69 64.9 78.47 73.82 70.29 55.47 72.55 71.97 58.45 50.85 69.86 56.36 57.83 59.96 90.32 56.58 75.11 84.77 85.52 78.78 81.14 85.36 85.06 84.75 89.83 90.58 90.65 94.91 92.14 92.7 93.53 86.89 53.86 52.58 44.8 55.41 38.91 58.77 43.47 48.14 52.19 49.51 51.48 63.65 87.05 84.36 79.16 76.86 74.12 58.44 56.89 69.9 62.03 80.44 74 44.63 38.47 78.48 57.77 32.02 28.29 61.87 85.17 62.18
33.09 35.74 54.39 65.29 41.9 37.22 39.57 47.77 54.55 58.31 71.58 78.75 70.04 64.55 63.37 61.09 58.24 67.37 66.43 63.72 70.37 65.7 82.73 71.61 62.14 63.49 86.34 83.78 80.88 80.09 88.53 90.34 87.21 86.09 81.99 86.14 87.72 91.92 92.93 92.29 91.42 90.55 79.58 89.21 88.73 75.06 48.2 39.9 43.74 33.72 36.47 35.72 47.3 44.2 50.19 56.18 52.93 86.48 84.46 83.58 63.41 56.79 61.49 52.32 59.32 67.46 66.45 78.94 59.13 73.37 58.52 40.78 59.29 62.91 27.91 25.14 40.84 39.43
27.89 37.29 40.8 49.01 46.31 52.7 53.8 57.84 61.34 64.12 77.57 51.88 56.55 70.14 74.36 66.61 69.58 70.06 54.84 72.27 83.45 74.08 70.97 72.92 78 82.94 84.74 86.17 65.69 78.64 89.74 94.67 92.38 93.39 91.86 88.83 88.02 88.95 91.7 95.12 94.03 96.11 91.69 89.34 80.8 62.91 56.27 61.63 56.12 52.76 42.54 51.34 47.09 65.33 55.31 72.34 68.45 71.97 81.54 75.09 86.38 58.35 71.71 77.67 63.58 69.2 69.12 70.16 36.55 71.72 55.49 65.91 93.44 52.17 27.63 36.45 67.5 52.15
36.81 39.58 38.85 34.55 38.29 34.21 37.48 47.58 38.65 41.98 67.39 73.96 78.19 72.62 66.67 60.93 56.73 70.16 70.02 46.56 51.1 68.14 77.5 74.69 69.27 75.5 71.31 81.11 76.7 48.24 89.42 91.77 93.5 92.23 94.48 92.33 90.41 90.72 94.21 95.86 95.63 93.74 90.29 86.02 86.23 81.69 87.8 82.06 64.43 43.08 28.2 35.85 47.62 70.41 72.27 47.59 35.09 48.09 49.66 53.88 70.45 71.48 71.5 65.43 69.35 77.33 71.56 48.7 59.89 90.94 85.99 60.04 71.1 30.35 27.92 29.12 57.91 41.17
34.6 45.74 27.37 28.29 27.57 32 31 52.26 49.68 64.81 52.89 48.6 42.77 52.94 60.76 71.2 42.81 67.37 79.68 56.44 25.02 24.93 39.54 78.75 73.5 65.29 76.97 75.48 71.73 50.1 80.11 91.83 93.29 94.05 94.71 95.63 87.24 91.23 93.44 94.4 92.39 89.56 88.23 81.94 86.28 79.07 73.17 80.19 71.06 32.31 38.25 43.77 50.45 75.89 51.5 36.94 38.25 29.91 36.56 29.77 34.43 37.85 38.2 46.12 49.66 39.97 28.76 42.77 66.81 40.99 49.3 38.95 40.49 27.43 26.59 34.91 48.4 67.7
44.56 34.85 50.12 36.59 27.13 29.22 29.49 38.41 53.12 55.59 48.52 45.49 47.28 55.9 58.32 54.88 48.2 65.53 47.08 36.25 32.86 59.36 66.56 53.88 45.53 73.32 83.61 84.76 86.45 83.99 71.58 81.62 92.77 93.97 95.11 95.73 90.38 83.02 90.16 94.58 90.46 86.81 85.28 86.92 88.74 81.55 48.95 59.28 52.67 72.63 34.48 31.1 36.23 46.31 45.03 44.85 45.63 42.34 38.34 33.46 31.3 39.02 44.48 30.05 35.34 37.4 35.56 44.83 47.17 38.19 38.59 36.99 40.66 50.69 54.39 72.42 83.21 75.5
65.22 -9999 -9999 -9999 41.34 28.05 26.96 42.61 39.7 47.05 47.62 53.53 42.85 42.52 36.99 48.82 41.88 51.87 42.08 50.02 66.13 55.34 52.97 48.21 48.35 59.16 79.23 65.95 74.41 74.24 76.7 72.27 76.52 73.74 73.13 73.86 79.51 80.09 82.47 87.5 91.27 91.84 91.91 91.06 87.35 66.97 45.72 49.4 37.02 53.75 34.85 61.33 47.82 42.52 35.04 39.78 37.69 48.38 45.63 40.98 35.35 38.62 51.52 62.78 58.19 54.04 69.29 45.16 42.51 52.91 51.69 58.49 68.77 61.59 61.13 62.11 80.21 78.6
61.95 -9999 -9999 47.08 -9999 40.5 34.15 35.83 38.26 42.91 59.76 73.47 58.17 33.42 52.41 55.18 54.72 36.12 51.59 81.84 71.59 50.95 49.81 59.35 56.78 56.22 71.24 63.44 62.86 43.74 64.42 83.48 83.58 77.63 71.71 82.28 90.43 83.69 76.17 94.63 94.17 91.06 90.98 90.2 73.11 84.12 50.09 31.52 30.14 62.17 52.39 42.86 42.57 50.37 66.11 78.98 71.52 74.91 76.44 68.97 61.24 65.21 58.45 56.16 52.12 57.61 52.92 57.73 62.67 49.71 67.47 66.35 76.81 75.36 76.01 72.53 79.3 78.91
-9999 -9999 36.12 -9999 -9999 34.45 37.41 52.26 37.1 35.12 63.53 71.61 63.99 58.75 48.59 43.03 68.46 67.11 52.33 63.63 59.33 58.45 70.58 59 51.91 47.95 67.67 67.66 64.82 70.77 52.01 57.77 76.57 83.69 81.14 90.25 91.86 85.33 78.55 74.42 92.7 90.25 66.99 79.72 88.92 73.38 47.39 43.08 57.49 42.08 44.52 60.25 59.48 57.06 68.67 66.65 60.66 64.72 65.02 60.5 59.14 73.11 60.23 55.39 56.84 71.42 56.74 55.49 77.3 76.72 71.23 87.62 84.99 88 85.52 78.97 76.31 76.94
-9999 -9999 40.17 -9999 -9999 42.5 34.42 45.62 51.56 44.73 45.56 45.74 33.64 37.43 45.28 48.64 51.04 56.35 65.67 56.58 48.08 54.73 52.24 57.15 59.29 60.49 63.13 51.34 58.53 67.85 77.03 83.4 86.13 89.87 73.38 58.11 71.72 79.02 72.64 72.23 83.86 87.61 80.3 75.33 62.56 61.2 45.69 43.05 27.23 25.52 50.38 60.58 71.84 70.68 72.89 72.73 70.92 67.38 61.78 71.98 72.31 80.53 75.42 82.13 85.39 88.88 87.98 80.44 79.09 89.78 82.86 85.79 73.52 82.45 84.06 80.61 75.85 76.36
-9999 -9999 -9999 -9999 -9999 -9999 45.28 46.05 70.52 56.3 63.33 42.59 46.27 49.99 46.86 37.7 45.38 57.01 50.08 52.89 48.48 37.68 47 54.03 53.42 35.99 54.75 58.53 45.05 44.51 54.85 77.22 52.66 65.56 73.08 72.42 82.66 76.98 66.1 69.05 74.66 85.58 84.95 81.55 82.48 68.08 51.16 33.37 37.08 38.51 48.04 72.36 71.88 73.78 76.56 68.33 74.51 79.02 73.23 77.4 69.47 79.69 87.12 88.25 87.27 90.42 88.06 84.34 86.44 91.7 89.74 83.47 83.86 82 84.47 83.04 79.11 79.31
-9999 -9999 -9999 -9999 -9999 -9999 35.71 46.12 52.72 54.68 59.51 63.9 50.47 48.84 48.64 28.69 38.2 53.81 53.54 47.38 48.7 39.24 43.95 40.6 46.88 36.83 45.14 48.92 57.13 51.4 53.8 39.23 56.89 60.57 60.44 67.87 76.58 75.31 73.19 79.02 84.31 86.97 82.3 77.98 77.13 51.47 48.02 34.55 44.62 48.21 64.94 80.19 82.81 84.34 84.78 79.37 83.77 89.98 87.92 86.52 79.36 83.76 89.81 90.96 90.42 92.94 87.42 88.81 83.22 80.05 87.25 88.54 78.57 78.88 83.69 84.53 84.31 83.42
-9999 -9999 -9999 -9999 -9999 -9999 -9999 56.94 58.61 61.77 68.51 70.87 66.31 48.45 53.47 53.91 52.6 52.62 55.03 40.84 38.08 53.79 67.37 53.59 36.79 29.21 32.11 31.21 37.21 42.35 43.2 44.04 54.02 50.08 62.11 70.43 68.94 66.81 59.73 66.53 77.83 76.73 81.47 79.14 70.6 50.97 57.43 48.76 58.5 55.45 76.97 83.92 78.67 80.89 86.08 82.07 85.12 77.76 81.06 87.15 87.64 89.89 86.85 91.18 90.48 90.68 92.14 89.48 85.52 84.2 83.76 87.25 87.27 83.6 84.63 84.61 86.58 72.25
-9999 -9999 -9999 -9999 -9999 -9999 -9999 -9999 82.95 80.61 77.46 77.28 75.91 68.95 70.11 57.09 58.94 78.49 62.16 43.39 54.41 46.4 38.32 49.11 59.52 49.69 38.73 39.92 35.59 35.28 33.34 39.72 39.03 51.44 48.5 51.37 61.38 59.62 62.26 52.82 70.56 80.72 66.28 75.38 76.12 48.28 35.05 45.26 70.17 72.72 76.68 77.98 84.82 75.89 78.83 83.56 89.52 86.18 89.16 82.23 84.36 89.02 89.3 89.15 92.38 91.86 88.58 86.83 89.34 87.98 87.63 87.41 80.22 76.87 82.91 80.98 78.97 79.84
-9999 -9999 -9999 -9999 -9999 -9999 -9999 -9999 -9999 60.2 80.05 77.26 78.08 78.94 73.14 69.27 68.39 68.68 60.87 67.73 42.74 49.02 47.1 37.63 45.04 57.51 54.16 39.42 49.33 52.55 45.52 39.52 37.87 50.79 56.12 62.93 60.3 61.59 72.64 65.61 67.03 50.25 60.92 70.22 82.16 47.23 33.03 60.14 75.19 79.34 76.84 83.5 80.47 73.32 80.52 78.71 81.33 75.17 84.7 85.29 81.88 85.24 88.48 85.68 89.24 92.16 90.26 91.29 88.78 91.97 90.17 85.89 77.69 81.62 83.64 87.62 79.23 78.15
-9999 -9999 -9999 -9999 -9999 -9999 -9999 -9999 -9999 -9999 -9999 64.69 78.39 79.51 76.79 74.91 79.58 70.45 75.84 83.51 72.92 51.33 51.59 48 45.6 49.53 45.3 41.59 42.15 51.48 47.88 44.8 48.15 55.42 65.98 54.55 57.74 58.05 53.79 72.23 65.63 50.25 69.42 65.3 86.34 58.73 49.78 61.33 57.56 72.19 52.4 78.27 80.96 80.63 76.82 82.63 84.89 80.58 76.43 78.22 74.9 -9999 78.65 83.56 82.57 80.69 79.22 80.21 88.75 86 83.1 84.64 88.66 84.61 80.22 76.56 74.4 83.68
