resultados/variables/landcover_veg_tree.asc
ncols 330
nrows 228
xllcorner -12.000000
yllcorner 34.000000
cellsize 0.166667
NODATA_value -9999
[rows 140 to 174 of 228, columns 237 to 315 of 330]
14.65 12.01 6.59 7.08 8.11 11.94 8.91 19.68 12.27 12.87 14.76 10.51 7.16 5.95 11.13 9.69 14.21 11.5 18.27 10.45 14.59 9.69 9.9 11.59 11.14 15.49 13.11 9.18 9.82 9.88 10.24 8.98 8.09 7.25 8.94 9.88 10.46 10.14 12.51 8.87 8.2 9.22 12.74 13.54 8.03 6.26 15.34 5.48 9.57 8.83 6.12 4.11 4.07 5.61 4.62 3.56 3.84 4.33 4.22 4.07 3.77 4.17 9.2 5.75 5.34 7.65 6.96 6.93 5.74 7.45 7.65 12.52 20.91 14.42 10.56 4.83 5.14 4.22 5.75
11.54 11.83 12.95 9.27 8.88 9.3 7.86 11.33 16.16 11.87 18.85 16.05 15.49 7.77 8.28 17.7 10.68 24.99 14.41 11.73 8.91 6.71 7.46 8.05 9.45 10.57 10.61 6.62 7.84 7.7 6.4 8.94 7.38 7.33 7.42 6.37 7.36 6.96 6.32 5.39 6.21 6.84 6.38 10.92 9.69 5.81 5.43 5.39 3.4 2.45 6.54 5.65 4 6.79 5.94 3.3 4.44 4.67 4.82 3.61 4.07 5.13 6.1 6.62 6.94 8.7 8.66 7.19 8.31 7.99 7.05 8.32 5.58 7.59 14.23 12.76 8.52 6.38 6.11
8.38 8.62 7.49 11.24 11.13 9.91 6.98 15.35 18.61 19.85 17.97 8.59 11.82 20.18 10.13 8.19 8.03 8.05 11.33 11.76 8.6 7.55 7.68 5.94 5.92 6.96 7.88 8.14 8.01 8.57 8.88 8.28 7.24 6.87 6.88 5.8 5.18 6.13 5.19 5.04 5.62 4.57 5.57 5.62 3.94 4.34 5.93 4.22 2.67 3.33 4.08 3.15 3.18 4.44 4.25 3.94 3.38 4.31 3.81 4.56 5.22 6.47 4.96 8.33 7.96 6.27 10.82 10.73 13.27 13 8.59 7.44 6.3 6.57 6.01 6.67 6.85 7.23 7.4
5.45 4.33 4.21 4.73 8.77 7 7.3 8.11 12.2 12.65 28.8 15.65 20.61 14.06 12.64 19.06 14.34 9.67 9.04 7.29 7.41 7.08 8.01 5.35 6.93 5.76 7.3 8.7 8.48 7.03 7.7 6.02 6.94 7.37 5.36 9.3 6.26 7.03 4.34 4.89 3.96 5.71 5.88 5.42 4.03 -9999 6.38 4.85 5.21 3.95 3.85 3.64 3.12 4.7 6.1 3.65 4.22 3.71 3.19 4.39 4.27 7.55 6.72 6.15 6.93 6.86 10.74 13.87 10 9.97 10.77 8.81 8.65 5.81 6.29 5.2 5.56 4.59 4.21
8.13 5.13 4.3 5.95 6.63 6.12 10.79 10.33 14.03 9.1 10.71 20.48 12.84 12.13 13.18 7.48 6.61 8.34 8.26 8.99 8.24 8.45 7.54 7.01 9.46 7.46 9.5 8.54 8.64 7.45 6.6 5.57 4.53 7.07 9.52 9.77 6.81 5.63 5.29 4.95 6.61 4.59 4.55 4.96 4.82 7.13 5.07 5.11 5.16 3.26 3.58 4.63 4.09 4.73 6.93 3.36 3.71 3.83 5.37 4.28 6.39 6.97 7.28 4.94 5.63 8.93 8.27 8.79 8.01 8.31 7.64 6.54 7.79 7.3 7 6.52 9.13 4.93 5.63
6.46 5.86 8.28 11.2 7.22 5.37 12.55 9.88 10.95 8.62 8.89 11.21 12.99 16.72 12.12 9.7 8.36 8.28 7.41 8.19 8.29 7.98 9.53 8.7 9.21 8.79 8.55 8.89 8.45 9.25 5.76 6.91 5.98 5.98 6.56 5.86 6.13 4.71 4.71 6.75 6.5 6.62 7.26 5.16 4.21 9.96 9.16 5.03 5.45 5.33 4.66 4.01 3.6 4.32 4.53 3.62 3.75 4.67 3.81 7.38 4.96 4.67 5.21 4.83 4.49 5.8 7.4 8.01 7.2 6.36 5.79 5.13 5.87 5.12 6.44 4.97 7.71 4.15 4.18
7.84 6.37 8.97 8.55 9 7.1 7.13 7.74 10.59 5.4 11.63 8.61 9.53 10.88 12.13 9.79 9.74 9.94 8.34 8.79 7.58 8.24 9.44 8.05 10.16 8.88 7.55 8.45 8.81 8.09 7.77 7.27 7.03 9.57 6.94 6.71 4.5 5.5 5.33 4.11 -9999 3.95 -9999 2.8 3.38 -9999 -9999 6.51 5.07 5.37 5.13 4.13 3.85 4.38 3.42 2.85 3.67 3.62 4.46 9.85 4.9 3.92 5.31 4.09 4.28 4.25 3.85 6.19 4.7 5.02 5.6 6.07 5.25 5.4 5 6.11 4.82 6.24 5.96
11.16 6.67 9.68 14.81 15.32 18.14 16.14 8.44 10.09 9.59 10.43 10.44 11.69 10.53 8.78 8.42 8.38 8.91 8.16 7.94 9.73 7 7.43 8.09 10.42 8.77 9.96 6.67 7.54 9.13 8.36 7.35 8.04 5.91 6.7 5.68 5.43 5.67 4.51 2.48 3.91 6.13 5.17 5.02 -9999 3.45 4.37 5.25 3.71 3.76 2.92 3.52 4.03 5.14 6.45 5.17 4.42 5.33 4.72 6.99 5.75 5 4.4 4.5 5.28 4.81 4.63 4.61 4.33 4.23 5.7 6.78 6.43 8.35 6.28 6.69 5.36 10.49 8.68
8.49 6.17 8.12 29.07 19.85 18.1 19.76 26.55 17.08 9.07 9.96 11.59 15.7 11.83 10.81 9.87 9.49 7.96 9.43 8.32 9.82 10.13 8.67 9.6 11.16 15.67 8.62 8.74 10.43 8.42 7.12 7.91 6.47 9.19 7.14 6.12 5.57 5.03 -9999 5.29 5.54 5.46 5.12 5.45 4.38 4.27 4.55 3.97 4.81 4.39 5.08 4.72 5.51 5.25 5.28 6.16 6.7 8.55 10.52 8.58 5.95 5.25 4.39 4.21 4.5 4.54 4.61 -9999 3.31 -9999 11.93 16.67 9.4 13.61 10.46 9.57 11.54 8.34 5.95
23.64 21.85 7.86 12.06 22.44 33.67 32.06 10.17 8.48 13.31 9.41 7.81 10.43 12.32 9.95 9.27 9.12 10.08 7.61 6.72 8.05 6.92 7.45 9.42 8.04 8.6 6.8 7.99 9.61 9.02 8.23 7.92 8.01 7.5 7 5.22 6.31 -9999 6.09 5.08 5.95 4.38 3.68 3.87 4.95 4.24 4.14 4.56 5.25 5.99 4.88 4.36 3.65 3.5 5.05 5.48 6.93 8.47 7.25 6.48 -9999 -9999 -9999 -9999 -9999 -9999 -9999 -9999 -9999 -9999 -9999 12.33 12.99 9.64 5.64 5.82 6.05 4.83 5.53
20.32 12.33 23.33 7.9 11.56 17.64 25.16 11.49 9.26 11.9 9.48 11.44 6.51 9.05 11.05 10.89 9.38 8.08 7.92 7.65 8.28 6.35 8.72 8.87 8.72 9.73 6.55 6.17 7.28 7.12 7.02 7.39 7.11 6.26 6.76 6.4 4.17 4.24 4.79 4.58 4.94 4.8 5.18 4.68 4.94 3.66 5.2 7.12 5.42 5.17 4.28 4.15 4.01 3.9 4.95 5.89 5.07 4.07 -9999 -9999 -9999 -9999 -9999 -9999 -9999 -9999 -9999 -9999 4.05 3.08 4.12 4.77 7.75 6.55 4.72 6.57 5.76 7.11 5.88
8.9 9.63 13.99 7.62 6.4 15.55 19.2 16.98 18.76 8.15 9.86 8.83 15.37 7.87 9.6 9.67 8.71 6.81 7.13 9.22 9.6 8.43 7.27 8.54 6.26 6.11 -9999 6.22 7.2 7.02 5.98 7.33 13.3 15.97 11.41 4.92 5.25 5.38 5.05 4.99 5.05 5.21 5.07 5.47 5.52 5.44 6.65 5.96 5.75 5.83 5.12 4.58 4.76 4.05 -9999 -9999 -9999 -9999 -9999 -9999 -9999 -9999 -9999 -9999 -9999 -9999 6.36 8.87 5.54 13.13 5 4.75 5.11 5.82 4.53 4.57 6.22 6.11 6.29
26.34 12.94 21.54 14.44 4.66 7.25 8.81 7.16 9.66 9.22 7.52 7.89 8.74 10.38 15.95 10.65 7.24 9.32 7.32 -9999 3.83 -9999 -9999 -9999 -9999 -9999 -9999 -9999 -9999 21.83 21.32 21.55 12.06 6.39 6.98 4.28 5.05 5 4.99 5.35 5.62 5.04 4.88 4.76 5.99 5.69 5.07 3.56 5.13 -9999 -9999 -9999 -9999 -9999 -9999 -9999 -9999 -9999 -9999 -9999 -9999 -9999 3.37 4.2 5.83 3.74 6.34 13.23 12.26 11.65 5.17 6.7 5.21 6.64 4.65 5.79 5.79 5.06 6.05
12.93 8.48 8.73 5.78 4.74 11.82 9.65 6.94 7.75 8.46 8.76 8.55 6.89 7.54 8.15 32.94 23.41 8.1 8.4 3.73 -9999 -9999 -9999 -9999 -9999 -9999 -9999 8.37 7.89 12.16 11.6 9.03 10.76 6.2 5.51 5.48 4.58 5.12 5.47 5.5 5.24 4.78 5.81 4.96 4.58 4.63 -9999 1.27 -9999 -9999 -9999 -9999 -9999 -9999 -9999 -9999 -9999 -9999 -9999 -9999 -9999 -9999 2.36 3.65 5.03 6.82 6.2 6.09 5.69 5.25 6.46 6.49 4.09 3.57 4.82 6.04 6.51 4.65 4.31
8.13 9.79 11.92 5.01 6.48 12.55 8.9 6.45 7.3 6.21 7.78 7.46 6.26 5.15 6.24 6.4 -9999 -9999 5.37 -9999 -9999 -9999 -9999 -9999 -9999 -9999 -9999 4.34 4.23 4.83 5.81 5.86 6.29 5.41 5.49 5.28 5.37 3.16 3.1 4.28 3.37 4.71 4.96 4.71 2.54 -9999 -9999 -9999 -9999 -9999 -9999 -9999 -9999 -9999 -9999 -9999 -9999 -9999 -9999 -9999 -9999 -9999 -9999 -9999 -9999 6.96 19.66 9.77 8.33 6.27 6.04 7.5 6.45 6.4 5.69 5.82 4.86 3.08 3.44
7.72 11.28 8.9 5.39 11.3 8.41 6.78 6.84 6.57 6.57 6.33 7.8 6.04 5.98 6.49 7.06 7.7 3.25 -9999 -9999 -9999 -9999 -9999 -9999 -9999 -9999 -9999 -9999 -9999 -9999 -9999 -9999 -9999 -9999 -9999 3.79 -9999 3.53 -9999 -9999 -9999 -9999 3.35 -9999 -9999 -9999 -9999 -9999 -9999 -9999 -9999 -9999 -9999 -9999 -9999 -9999 -9999 -9999 -9999 -9999 -9999 -9999 -9999 -9999 6.8 -9999 11.72 12.25 13.35 8.18 6.82 6.21 6.01 7.27 5.58 5.16 5.17 5.6 4.66
7.52 8.43 8.04 7.56 6.85 6.69 6.08 7.66 6.22 5.98 6.34 8.13 7.01 5.23 4.9 4.43 3.71 -9999 -9999 -9999 -9999 -9999 -9999 -9999 -9999 -9999 -9999 -9999 -9999 -9999 -9999 -9999 -9999 -9999 -9999 -9999 -9999 5.02 4.12 3.72 5.21 -9999 1.83 -9999 -9999 -9999 -9999 -9999 -9999 -9999 -9999 -9999 -9999 -9999 -9999 -9999 -9999 -9999 -9999 -9999 -9999 -9999 20.36 36.28 18.18 5.69 4.66 21.36 9.47 5.25 5.44 8.43 5.25 4.89 5.74 5.13 4.55 4.01 6.99
7.83 6.12 8.85 4.75 8.06 6.26 5.7 6.49 6.07 5.55 5.58 5.83 5.14 4.82 -9999 -9999 -9999 -9999 -9999 -9999 -9999 -9999 -9999 -9999 -9999 -9999 -9999 -9999 -9999 -9999 -9999 -9999 -9999 -9999 -9999 5.99 6.61 5.26 5.12 5.15 5.78 6.41 4.89 -9999 -9999 -9999 -9999 -9999 -9999 -9999 -9999 -9999 -9999 -9999 -9999 -9999 -9999 -9999 -9999 -9999 -9999 -9999 53.33 30.26 24.43 19.34 6.84 6.14 3.78 6.71 4.83 5.73 6.45 5.16 5.65 4.16 4.92 4.01 3.12
4.83 4.8 6.08 5.53 5.52 5.28 4 4.68 4.78 5 4.2 8.62 8.29 -9999 -9999 -9999 -9999 -9999 -9999 -9999 -9999 -9999 -9999 -9999 -9999 -9999 -9999 -9999 -9999 -9999 -9999 -9999 5.88 6.66 7.26 8.01 5.91 4.61 4.58 5.22 6.36 6.32 6.02 4.91 5.84 -9999 -9999 -9999 -9999 -9999 -9999 -9999 -9999 -9999 -9999 -9999 -9999 -9999 -9999 -9999 -9999 29.04 6.49 4.77 5.85 5.68 3.38 3.61 6.5 5.58 6.15 5.87 6.93 7.19 6.01 4.49 4.23 4.64 4.55
2.77 2.95 3.94 2.1 3.51 -9999 2.65 5.97 7.13 4.02 4.83 33.55 36.05 -9999 -9999 -9999 -9999 -9999 -9999 -9999 -9999 -9999 -9999 -9999 -9999 -9999 -9999 -9999 -9999 -9999 5.62 5.62 5.16 6.3 6.58 6.33 5.24 4.83 4.63 4.99 6.62 5.09 4.12 4.26 5.21 -9999 -9999 -9999 -9999 -9999 -9999 3.62 5.89 5.29 2.69 -9999 -9999 -9999 -9999 -9999 -9999 12.04 2.83 2.91 2.6 5.07 6.64 5.29 7.9 7.67 6.6 7.34 6.26 5.01 5.17 6.12 6.67 10.34 13.61
3.99 5.69 6.82 5.29 18.98 27.4 21.41 18.91 26.37 32.97 38.08 55.54 41.59 -9999 -9999 -9999 -9999 -9999 -9999 -9999 -9999 -9999 -9999 -9999 -9999 -9999 -9999 -9999 -9999 -9999 -9999 -9999 -9999 -9999 5.17 3.23 3.39 4.41 3.7 4.42 3.19 5.24 6.64 7.52 5.93 5 4.98 4.17 4.16 5.48 5.41 5.07 5.91 3.42 -9999 -9999 3.51 -9999 7.28 12.23 16.79 11.21 3.23 3.86 4.14 11.49 5.71 6.88 6.64 6.39 9.12 8.99 6.71 7.24 7.58 6.17 4.51 5.03 5.3
6.67 6.12 4.64 2.29 7.3 21.92 15.37 6.13 6.21 17.3 43.83 47.06 52.58 -9999 -9999 -9999 -9999 -9999 -9999 -9999 -9999 -9999 -9999 -9999 -9999 -9999 -9999 -9999 -9999 -9999 -9999 -9999 -9999 -9999 -9999 -9999 3.79 5.09 4.33 6.01 6.63 7.28 9.51 18.56 14.47 16.8 6.03 3.98 -9999 4.25 5.64 3.74 4.62 1.95 -9999 -9999 -9999 -9999 4.35 8.23 21.03 11.07 4.7 5.46 5.17 13.06 10.26 5.46 6.12 7.01 6.09 5.29 11.41 6.96 10.26 10.65 10.83 9.11 4.02
6.42 5.03 12.47 2.38 3.31 29.99 26.54 14.39 -9999 33.53 45.85 59.1 -9999 -9999 -9999 -9999 -9999 -9999 -9999 -9999 -9999 -9999 -9999 -9999 -9999 -9999 -9999 -9999 -9999 -9999 -9999 -9999 -9999 -9999 -9999 -9999 -9999 4.91 5.78 9.7 20.05 43.74 32.64 42.57 39.22 32.75 -9999 -9999 -9999 -9999 -9999 -9999 -9999 -9999 -9999 -9999 -9999 -9999 -9999 13.32 36.78 52.24 16.94 19.4 11.58 6.83 6.52 10.8 10.86 10.12 5.9 12.64 12.14 9.27 6.25 5.92 6.97 9.81 6.74
5.77 3.62 11.46 3.23 2.71 7.8 10.16 6.33 -9999 -9999 -9999 -9999 -9999 -9999 -9999 -9999 -9999 -9999 -9999 -9999 -9999 -9999 -9999 -9999 -9999 -9999 -9999 -9999 -9999 -9999 -9999 -9999 -9999 -9999 -9999 -9999 5.27 14.42 23.75 54.06 56.79 31.17 -9999 -9999 -9999 -9999 -9999 -9999 -9999 -9999 -9999 -9999 -9999 -9999 -9999 -9999 -9999 -9999 -9999 26.52 36.68 32.55 57.71 70.34 59.29 60.09 51.3 47.08 47.48 55.63 32.15 36.07 42.71 26.43 14.06 8.79 10.56 6.91 12.84
5.55 5.21 5.99 6.08 4.2 3.64 4.58 3.93 -9999 -9999 -9999 -9999 -9999 -9999 -9999 -9999 -9999 -9999 -9999 -9999 -9999 -9999 -9999 -9999 -9999 -9999 -9999 -9999 -9999 -9999 -9999 -9999 -9999 -9999 -9999 -9999 13.01 39.77 47.47 55.6 40.74 -9999 -9999 -9999 -9999 -9999 -9999 -9999 -9999 -9999 -9999 -9999 -9999 -9999 -9999 -9999 -9999 -9999 -9999 -9999 -9999 -9999 -9999 34.49 69.1 73.23 77.1 75.16 76.63 66.21 65.02 66.11 51.72 53.4 64.62 23.77 57.73 38.24 13.77
7.04 5.04 3.62 5.25 3.95 4.78 2.79 -9999 -9999 -9999 -9999 -9999 -9999 -9999 -9999 -9999 -9999 -9999 -9999 -9999 -9999 -9999 -9999 -9999 -9999 -9999 -9999 -9999 -9999 -9999 -9999 -9999 -9999 -9999 -9999 -9999 -9999 23.07 24.69 -9999 -9999 -9999 -9999 -9999 -9999 -9999 -9999 -9999 -9999 -9999 -9999 -9999 -9999 -9999 -9999 -9999 -9999 -9999 -9999 -9999 -9999 -9999 -9999 -9999 36.15 52.79 61.83 72.17 77 77.27 78.1 71.24 63.58 49.74 69.39 58.78 57.82 66.28 37.54
7.1 5.5 6.37 3.86 4.24 5.03 3.83 -9999 -9999 -9999 -9999 -9999 -9999 -9999 -9999 -9999 -9999 -9999 -9999 -9999 -9999 -9999 -9999 -9999 -9999 -9999 -9999 -9999 -9999 -9999 -9999 -9999 -9999 -9999 -9999 -9999 -9999 -9999 -9999 -9999 -9999 -9999 -9999 -9999 -9999 -9999 -9999 -9999 -9999 -9999 -9999 -9999 -9999 -9999 -9999 -9999 -9999 -9999 -9999 -9999 -9999 -9999 -9999 -9999 -9999 -9999 -9999 -9999 63.33 76.46 72.78 75.03 76.72 71.52 74.82 71.85 63.63 67.96 46.2
8.81 7.04 6.54 3.91 4 4.02 3.81 -9999 -9999 -9999 -9999 -9999 -9999 -9999 -9999 -9999 -9999 -9999 -9999 -9999 -9999 -9999 -9999 -9999 -9999 -9999 -9999 -9999 -9999 -9999 -9999 -9999 -9999 -9999 -9999 -9999 -9999 -9999 -9999 -9999 -9999 -9999 -9999 -9999 -9999 -9999 -9999 -9999 -9999 -9999 -9999 -9999 -9999 -9999 -9999 -9999 -9999 -9999 -9999 -9999 -9999 -9999 -9999 -9999 -9999 -9999 -9999 -9999 -9999 -9999 73.92 74.28 74.92 74.69 41.41 67.88 73.24 68.96 71.93
11.94 7.9 8.84 4.28 4.12 4.19 4.96 -9999 -9999 -9999 -9999 -9999 -9999 -9999 -9999 -9999 -9999 -9999 -9999 -9999 -9999 -9999 -9999 -9999 -9999 -9999 -9999 -9999 -9999 -9999 -9999 -9999 -9999 -9999 -9999 -9999 -9999 -9999 -9999 -9999 -9999 -9999 -9999 -9999 -9999 -9999 -9999 -9999 -9999 -9999 -9999 -9999 -9999 -9999 -9999 -9999 -9999 -9999 -9999 -9999 -9999 -9999 -9999 -9999 -9999 -9999 -9999 -9999 -9999 -9999 -9999 64.4 75.97 76.06 53.41 68.68 60.15 52.92 57.9
14.62 8.43 8.57 7.12 9.06 6.2 -9999 -9999 -9999 -9999 -9999 -9999 -9999 -9999 -9999 -9999 -9999 -9999 -9999 -9999 -9999 -9999 -9999 -9999 -9999 -9999 -9999 -9999 -9999 -9999 -9999 -9999 -9999 -9999 -9999 -9999 -9999 -9999 -9999 -9999 -9999 -9999 -9999 -9999 -9999 -9999 -9999 -9999 -9999 -9999 -9999 -9999 -9999 -9999 -9999 -9999 -9999 -9999 -9999 -9999 -9999 -9999 -9999 -9999 -9999 -9999 -9999 -9999 -9999 -9999 -9999 -9999 51.99 72.04 72.19 65.3 44.18 29.58 43.44
9.44 9.9 9.07 12.01 9.23 8.24 -9999 -9999 -9999 -9999 -9999 -9999 -9999 -9999 -9999 -9999 -9999 -9999 -9999 -9999 -9999 -9999 -9999 -9999 -9999 -9999 -9999 -9999 -9999 -9999 -9999 -9999 -9999 -9999 -9999 -9999 -9999 -9999 -9999 -9999 -9999 -9999 -9999 -9999 -9999 -9999 -9999 -9999 -9999 -9999 -9999 -9999 -9999 -9999 -9999 -9999 -9999 -9999 -9999 -9999 -9999 -9999 -9999 -9999 -9999 -9999 -9999 -9999 -9999 -9999 -9999 -9999 -9999 26.36 67.58 72.61 63.31 46.68 25.62
7.82 10.93 22.19 9.09 4.03 5.12 -9999 -9999 -9999 -9999 -9999 -9999 -9999 -9999 -9999 -9999 -9999 -9999 -9999 -9999 -9999 -9999 -9999 -9999 -9999 -9999 -9999 -9999 -9999 -9999 -9999 -9999 -9999 -9999 -9999 -9999 -9999 -9999 -9999 -9999 -9999 -9999 -9999 -9999 -9999 -9999 -9999 -9999 -9999 -9999 -9999 -9999 -9999 -9999 -9999 -9999 -9999 -9999 -9999 -9999 -9999 -9999 -9999 -9999 -9999 -9999 -9999 -9999 -9999 -9999 -9999 -9999 -9999 -9999 -9999 41.37 57.2 52.77 61.52
10.02 11.7 11.95 -9999 -9999 -9999 -9999 -9999 -9999 -9999 -9999 -9999 -9999 -9999 -9999 -9999 -9999 -9999 -9999 -9999 -9999 -9999 -9999 -9999 -9999 -9999 -9999 -9999 -9999 -9999 -9999 -9999 -9999 -9999 -9999 -9999 -9999 -9999 -9999 -9999 -9999 -9999 -9999 -9999 -9999 -9999 -9999 -9999 -9999 -9999 -9999 -9999 -9999 -9999 -9999 -9999 -9999 -9999 -9999 -9999 -9999 -9999 -9999 -9999 -9999 -9999 -9999 -9999 -9999 -9999 -9999 -9999 -9999 -9999 -9999 -9999 -9999 54.84 31.49
10.55 26.26 15.82 -9999 -9999 -9999 -9999 -9999 -9999 -9999 -9999 -9999 -9999 -9999 -9999 -9999 -9999 -9999 -9999 -9999 -9999 -9999 -9999 -9999 -9999 -9999 -9999 -9999 -9999 -9999 -9999 -9999 -9999 -9999 -9999 -9999 -9999 -9999 -9999 -9999 -9999 -9999 -9999 -9999 -9999 -9999 -9999 -9999 -9999 -9999 -9999 -9999 -9999 -9999 -9999 -9999 -9999 -9999 -9999 -9999 -9999 -9999 -9999 -9999 -9999 -9999 -9999 -9999 -9999 -9999 -9999 -9999 -9999 -9999 -9999 -9999 -9999 -9999 -9999
44.69 42.37 -9999 -9999 -9999 -9999 -9999 -9999 -9999 -9999 -9999 -9999 -9999 -9999 -9999 -9999 -9999 -9999 -9999 -9999 -9999 -9999 -9999 -9999 -9999 -9999 -9999 -9999 -9999 -9999 -9999 -9999 -9999 -9999 -9999 -9999 -9999 -9999 -9999 -9999 -9999 -9999 -9999 -9999 -9999 -9999 -9999 -9999 -9999 -9999 -9999 -9999 -9999 -9999 -9999 -9999 -9999 -9999 -9999 -9999 -9999 -9999 -9999 -9999 -9999 -9999 -9999 -9999 -9999 -9999 -9999 -9999 -9999 -9999 -9999 -9999 -9999 -9999 -9999
