resultados/variables/landcover_veg_tree.asc
ncols 330
nrows 228
xllcorner -12.000000
yllcorner 34.000000
cellsize 0.166667
NODATA_value -9999
[rows 175 to 209 of 228, columns 237 to 315 of 330]
13.33 33.22 -9999 -9999 -9999 -9999 -9999 -9999 -9999 -9999 -9999 -9999 -9999 -9999 -9999 -9999 -9999 -9999 -9999 -9999 -9999 -9999 -9999 -9999 -9999 -9999 -9999 -9999 -9999 -9999 -9999 -9999 -9999 -9999 -9999 -9999 -9999 -9999 -9999 -9999 -9999 -9999 -9999 -9999 -9999 -9999 -9999 -9999 -9999 -9999 -9999 -9999 -9999 -9999 -9999 -9999 -9999 -9999 -9999 -9999 -9999 -9999 -9999 -9999 -9999 -9999 -9999 -9999 -9999 -9999 -9999 -9999 -9999 -9999 -9999 -9999 -9999 -9999 -9999
3.56 -9999 -9999 -9999 -9999 -9999 -9999 -9999 -9999 -9999 -9999 -9999 -9999 -9999 -9999 -9999 -9999 -9999 -9999 -9999 -9999 -9999 -9999 -9999 -9999 -9999 -9999 -9999 -9999 -9999 -9999 -9999 -9999 -9999 -9999 -9999 -9999 -9999 -9999 -9999 -9999 -9999 -9999 -9999 -9999 -9999 -9999 -9999 -9999 -9999 -9999 -9999 -9999 -9999 -9999 -9999 -9999 -9999 -9999 -9999 -9999 -9999 -9999 -9999 -9999 -9999 -9999 -9999 -9999 -9999 -9999 -9999 -9999 -9999 -9999 -9999 -9999 -9999 -9999
17.56 -9999 -9999 -9999 -9999 -9999 -9999 -9999 -9999 -9999 -9999 -9999 -9999 -9999 -9999 -9999 -9999 -9999 -9999 -9999 -9999 -9999 -9999 -9999 -9999 -9999 -9999 -9999 -9999 -9999 -9999 -9999 -9999 -9999 -9999 -9999 -9999 -9999 -9999 -9999 -9999 -9999 -9999 -9999 -9999 -9999 -9999 -9999 -9999 -9999 -9999 -9999 -9999 -9999 -9999 -9999 -9999 -9999 -9999 -9999 -9999 -9999 -9999 -9999 -9999 -9999 -9999 -9999 -9999 -9999 -9999 -9999 -9999 -9999 -9999 -9999 -9999 -9999 -9999
52.56 31.21 -9999 -9999 -9999 -9999 -9999 -9999 -9999 -9999 -9999 -9999 -9999 -9999 -9999 -9999 -9999 -9999 -9999 -9999 -9999 -9999 -9999 -9999 -9999 -9999 -9999 -9999 -9999 -9999 -9999 -9999 -9999 -9999 -9999 -9999 -9999 -9999 -9999 -9999 -9999 -9999 -9999 -9999 -9999 -9999 -9999 -9999 -9999 -9999 -9999 -9999 -9999 -9999 -9999 -9999 -9999 -9999 -9999 -9999 -9999 -9999 -9999 -9999 -9999 -9999 -9999 -9999 -9999 -9999 -9999 -9999 -9999 -9999 -9999 -9999 -9999 -9999 -9999
58.78 67.1 39.79 -9999 -9999 -9999 -9999 -9999 -9999 -9999 -9999 -9999 -9999 -9999 -9999 -9999 -9999 -9999 -9999 -9999 -9999 -9999 -9999 -9999 -9999 -9999 -9999 -9999 -9999 -9999 -9999 -9999 -9999 -9999 -9999 -9999 -9999 -9999 -9999 -9999 -9999 -9999 -9999 -9999 -9999 -9999 -9999 -9999 -9999 -9999 -9999 -9999 -9999 -9999 -9999 -9999 -9999 -9999 -9999 -9999 -9999 -9999 -9999 -9999 -9999 -9999 -9999 -9999 -9999 -9999 -9999 -9999 -9999 -9999 -9999 -9999 -9999 -9999 -9999
53.42 68.88 65.82 -9999 -9999 -9999 -9999 -9999 -9999 -9999 -9999 -9999 -9999 -9999 -9999 -9999 -9999 -9999 -9999 -9999 -9999 -9999 -9999 -9999 -9999 -9999 -9999 -9999 -9999 -9999 -9999 -9999 -9999 38.81 46.89 54.13 52.78 47.99 54.89 47.27 34.64 34.95 35.1 36.13 43.42 13.87 -9999 -9999 -9999 -9999 -9999 -9999 -9999 -9999 -9999 -9999 -9999 -9999 -9999 -9999 -9999 -9999 -9999 -9999 -9999 -9999 -9999 -9999 -9999 -9999 -9999 -9999 -9999 -9999 -9999 -9999 -9999 -9999 -9999
35.03 56.7 64.15 -9999 -9999 -9999 -9999 -9999 -9999 -9999 -9999 -9999 -9999 -9999 -9999 -9999 -9999 -9999 -9999 -9999 -9999 -9999 -9999 -9999 -9999 -9999 -9999 -9999 -9999 -9999 50.77 59.93 55.75 57.96 57.01 46.63 41.44 39.99 28.39 33.45 47.28 56.84 60.12 53.18 33.39 25.87 -9999 -9999 -9999 -9999 -9999 -9999 -9999 -9999 -9999 -9999 -9999 -9999 -9999 -9999 -9999 -9999 -9999 -9999 -9999 -9999 -9999 -9999 -9999 -9999 -9999 -9999 -9999 -9999 -9999 -9999 -9999 -9999 -9999
6.19 21.52 46.17 53.56 -9999 -9999 -9999 -9999 -9999 -9999 -9999 -9999 -9999 -9999 -9999 -9999 -9999 -9999 -9999 -9999 -9999 -9999 -9999 -9999 -9999 -9999 -9999 21.8 30.03 31.62 42.98 54.37 50.87 39.98 44.19 46.95 38.71 11.75 10.41 13.05 14.2 36.62 27.93 13.98 10.75 24.11 25.23 23.61 19.7 15.84 8.21 16.18 -9999 -9999 -9999 -9999 -9999 -9999 -9999 -9999 -9999 -9999 -9999 -9999 -9999 -9999 -9999 -9999 -9999 -9999 -9999 -9999 -9999 -9999 -9999 -9999 -9999 -9999 -9999
6.03 5.64 9.36 47.81 55.68 29.13 -9999 -9999 -9999 -9999 -9999 -9999 -9999 -9999 -9999 -9999 -9999 -9999 -9999 -9999 -9999 -9999 -9999 -9999 -9999 36.07 51.95 23.48 29.56 50.77 56.39 49.47 26.09 28.27 45.26 46.92 30.02 9.97 12.06 23.54 31.01 43.66 37.91 11.72 16.49 20.75 17.64 8.03 24.5 28.42 28.55 25.41 -9999 -9999 -9999 -9999 -9999 -9999 -9999 -9999 -9999 -9999 -9999 -9999 -9999 -9999 -9999 -9999 -9999 -9999 -9999 -9999 -9999 -9999 -9999 -9999 -9999 -9999 -9999
8.3 4.38 4.49 16.91 33.21 33.37 21.2 23.22 29.07 17.64 -9999 -9999 -9999 -9999 -9999 -9999 -9999 -9999 -9999 -9999 -9999 -9999 -9999 23.65 40.72 40.52 30.63 45.48 51.18 56.29 55.69 18.54 25.84 22.4 39.64 38.45 20.88 23.86 36.9 41.37 40.52 44.84 37.89 33.78 27.77 39.81 12.8 11.23 13.76 16.85 20.51 23.77 13.24 -9999 16.25 24.86 26.51 -9999 -9999 -9999 -9999 -9999 -9999 -9999 -9999 -9999 -9999 -9999 -9999 -9999 -9999 -9999 -9999 -9999 -9999 -9999 -9999 -9999 -9999
5.43 4.06 4.69 6.93 -9999 5.42 4.12 11.08 13.96 18.7 45.74 45.86 56.59 49.25 32.8 25.85 21.97 28.03 19.96 25.24 -9999 23.46 39.59 56.54 58.35 58.22 47.44 66.56 64.62 67.56 30.37 37.62 28.59 31.87 37.88 33.05 38.01 52.73 39.78 18.33 13.41 19.88 7.49 5.62 14.18 15.57 25.8 18.23 7.27 12.38 16.86 16.91 14.7 24.3 32.26 38.58 42.62 43.45 39.48 -9999 -9999 28.63 -9999 -9999 -9999 -9999 -9999 -9999 -9999 -9999 -9999 24.23 -9999 -9999 -9999 -9999 -9999 -9999 -9999
-9999 -9999 -9999 -9999 -9999 -9999 -9999 -9999 -9999 -9999 8.72 20.14 42.23 33.3 24.55 18.75 9.62 17.2 32.72 62.83 39.85 33.83 40.27 52.48 61.12 62.6 57.33 53.98 58.75 40.33 9.3 13.1 13.72 15.19 7.38 13.12 10.64 31.52 24.66 26.5 26.96 14.2 15.14 11.34 3.49 14.18 5.25 15.9 6.93 7.08 15.62 23.66 23.16 29.46 30.34 42.06 48.71 40.07 43.72 41.56 46.61 45.73 41.12 41.65 32.96 25.12 35.02 44.75 52.43 50.68 43.06 41.42 44.44 46.28 40.29 31.65 39.14 55.85 62.72
-9999 -9999 -9999 -9999 -9999 -9999 -9999 -9999 -9999 -9999 -9999 -9999 -9999 -9999 -9999 27.11 27.47 9.16 17.58 37.01 51.15 43.85 50.63 62.23 30.36 29.64 40.44 13.5 11.71 17.21 34.79 22.21 7.92 3.25 2.88 3.2 5.03 8.64 5.41 10.21 18 8.63 8.11 9.43 11.18 9.96 5.25 3.85 2.43 3.5 11.86 15.47 6.83 6.83 16.66 24.86 28.66 34.45 29.86 34.03 40.28 54.81 49.49 50.62 57.58 51.34 56.23 58.06 57.08 51.81 45.3 30.32 48.5 40.51 45.61 39.79 50.49 41.28 58.24
-9999 -9999 -9999 -9999 -9999 -9999 -9999 -9999 36.03 55.72 37.05 27.52 28.97 44.97 57.78 49.72 42.88 53.48 51.34 55.62 44.7 50.18 37.98 40.73 52.73 52.27 41.51 43.85 32.02 29.28 17.18 22.48 14.74 2.56 1.88 4.63 1.62 1.15 1.12 1.88 2.73 2.65 2.36 5.65 2.56 4.24 2.64 2.65 1.69 4.95 6.08 12.05 20.99 36.49 36.73 16.56 14.13 18.33 11.56 28.75 27.84 36.36 21.09 19.38 14.43 41.99 43.47 16.66 10.66 21.14 19.15 15.56 6.76 4.94 16.18 10.29 32.46 12.03 13.12
-9999 -9999 -9999 -9999 -9999 -9999 -9999 -9999 -9999 -9999 29.17 25.86 -9999 18.84 18.07 14.41 18.26 18.71 17.84 23.57 16.8 18.66 15.55 16.94 6.46 12.74 18.3 47.41 15.94 4.26 19.07 6.52 12.61 5.12 2.3 4.29 1.41 1.12 2.03 2.27 1.83 4.94 12.83 4.13 4.47 3.45 8.86 6.88 8.62 6.21 5.95 5.87 15.15 22.85 21.56 19.25 14.3 21.21 16.65 17.11 13.1 21.64 24.96 19.95 4.64 4.99 7.08 5.46 11.08 4.21 13.1 9.89 6.68 4.9 1.36 1.74 2.48 2.99 3.46
12.96 9.21 5.34 8.38 20.3 17.21 8.37 9.77 9.65 12.44 18.84 21.29 6.54 12.88 14.77 15 13.84 7.83 5.86 10.12 14.01 15.98 12.66 6.39 10.15 6.95 4.79 5.83 7.19 3.53 3.45 2.97 2.85 2.1 1.67 1.42 1.03 1.68 1.8 1.26 2.18 2.27 4.58 3.65 2.79 4.71 4.11 5.96 7.09 2.29 4.11 7.38 8.93 5.52 7.72 13.85 21.4 23.64 21.98 12.63 11.29 10.72 7.5 4.65 3.87 5.04 6.34 6.17 6.07 3.44 11.08 6.04 5.78 2.25 1.33 1.12 1.35 2.4 2.2
24.14 16.98 10.09 8.62 6.03 6.52 21.52 29.53 32.43 42.54 34.35 25.8 9.86 30.12 20.62 9.78 9.41 7.22 13.97 11.86 11.94 15.49 13.9 2.22 0.77 1.06 1.32 1.24 1.9 1.89 1.85 1.71 2.18 2.23 2.04 1.45 1.37 2.15 2.46 1.4 2.35 4.66 4.3 3.06 2.88 2.27 7.54 8.22 3.65 4.26 7.04 4.96 3.42 2.86 5.75 4.11 3.58 2.62 5.62 5.74 7.51 11.67 3.05 7.11 8.52 5.49 3.76 5.58 5.16 4.09 6.27 2.19 2.3 2.81 1.69 2.17 1.45 1.92 1.95
27.41 24.41 26.08 19.69 37.17 48.95 27.33 24.53 20.19 19.09 23.45 44.8 50.54 54.46 29.04 11.27 9.23 7.96 15.49 12.96 7.56 14.89 14.55 11.75 11.04 3.85 0.85 1.09 1.21 1.51 1.91 2.29 1.35 1.58 1.24 0.81 1.08 1.12 0.95 1.4 2.15 2.18 3.28 2.04 2.05 1.84 1.9 5.13 2.92 3.43 3.68 3.19 4.16 3.4 2.67 3.07 2.49 1.56 3.72 2.79 3.04 4.39 3.29 3.96 7.12 8.18 12.74 12.48 9.9 2.89 1.12 2.47 4.53 2.93 1.49 1.06 1.17 2 2.18
22.96 11.83 7.81 11.42 22.48 28.34 32.42 21.14 12.46 16.07 11.42 11.26 14.69 18.66 13.54 8.66 3.77 2.88 2.41 1.92 2.06 1.61 1.62 1.31 1.23 1.23 1.03 1.36 1.55 1.5 1.45 1.09 1.97 0.97 1.78 0.97 0.69 1.14 1.17 1.82 1.45 1.18 1.75 1.83 1.38 1.42 1.79 2.03 2.33 2.71 5.47 12.86 8.81 2.81 1.3 2.29 1.72 1.78 1.98 1.87 1.98 3.02 2.33 3.04 1.8 1.92 2.22 3.4 3.63 2.61 2.23 2.88 2 1.13 1.18 1.42 2.35 2.38 3.33
15.87 13.23 8.27 10.78 20.42 18.43 15.05 18.16 18.32 17.48 20.51 8.47 13.69 8.96 6.96 8.75 12.88 14.57 3.61 2.27 1.7 1.63 1.28 3.47 0.93 0.5 0.79 0.82 0.9 0.65 0.88 1 1.27 0.76 0.81 0.85 1.08 1.44 1.25 2.31 2.53 1.01 1.35 1.33 1.74 1.63 1.36 1.2 2.18 17.8 27.39 13.18 2.9 1.3 1.38 1.52 1.38 1.39 1.49 1.73 1.96 2.26 1.79 2.85 1.97 1.55 1.3 1.42 1.64 1.22 1.53 1.39 2.38 3.39 5.62 4.05 4.71 2.85 3.13
16 21.21 19.09 9.64 15.27 19.95 32.74 20.02 17.87 26.03 13.22 15.6 12.27 17.21 12.64 2.94 19.52 26.21 3.87 1.92 1.16 1.35 1.6 0.98 0.56 1.17 0.76 0.45 0.36 0.55 0.77 1.03 0.79 0.55 0.5 0.85 1.65 1.6 1.2 1 1.09 1.39 1.52 1.39 1.69 1.34 0.95 1.07 2.59 14.6 9.16 1.21 1.84 1.82 1.63 1.01 1.13 1.6 1.65 0.81 1.29 1.22 1.57 1.09 0.94 1.01 1 0.58 0.32 0.26 1.76 3.1 2.32 3.87 6.45 2.35 3.75 4.84 4.75
12.37 16.52 17.8 17.52 13.23 20.3 17.59 29.67 14.88 18.75 6.68 12.54 3.66 4.33 3.47 5.91 5.09 11.85 9.3 9.84 1.51 1.19 1.07 0.7 0.41 0.47 0.28 0.46 0.17 0.23 0.85 1.42 1.2 0.63 0.32 0.61 1.07 0.9 1.26 1.3 1.32 0.74 0.85 0.91 0.91 0.73 0.95 0.89 1.57 2.69 1.28 1.47 1.89 1.75 0.97 1.16 1.09 1.03 0.74 1.11 0.66 1.16 1.1 1.25 0.96 1.07 2.42 1.04 1.12 8.8 11.14 7.72 4.08 5.46 3.19 5.58 4.58 4.68 2.61
15.88 7.46 14.02 18.57 14.21 15.37 11.91 17.73 16.5 9.42 14.04 6.03 10.77 17.31 9.05 1.64 1.8 2.79 13 14.87 2.55 1.12 1.69 1.26 0.73 0.69 0.87 0.69 0.29 0.16 0.74 0.6 0.56 0.35 0.28 0.52 1.73 1.71 1.02 1.09 0.92 1.31 1.36 0.6 0.09 0.39 0.66 0.78 1.09 0.78 0.83 0.94 0.77 0.97 0.91 0.82 0.88 0.82 0.81 0.89 0.72 1.24 1.18 1.25 1.89 1.59 2.26 1.83 2.16 3.8 1.93 5.19 5.65 3.96 5.63 5.86 3.4 2.82 2.92
10.83 5.43 10.9 13.54 7.62 6.23 6.03 6.91 4.96 4.81 6.04 9.38 17.57 23.96 14.55 3.23 2.4 1.31 1.32 3.15 3.52 2.69 3.91 1.24 0.91 0.95 1.81 1.1 0.43 0.49 0.54 0.57 0.4 0.22 0.12 -9999 0.76 1.28 1.14 1.06 0.71 0.6 1.3 0.89 0.52 0.71 0.72 0.84 1.41 1.31 1.05 0.78 0.54 0.69 0.69 0.88 0.53 0.24 0.29 0.7 0.87 0.9 1.29 1.55 2.31 1.48 1.45 -9999 -9999 2.74 2 1.79 3.37 2.66 4.08 2.84 2.83 3.87 3.57
5.14 7.58 8.03 11.48 5.35 2.88 4.62 4.28 3.38 2.66 5.54 11.34 9.83 7.71 7.33 7.26 6.24 4.11 1.73 1.16 1.43 0.96 0.68 0.85 0.63 0.47 0.74 1.19 0.56 0.69 0.24 0.42 0.62 0.07 -9999 -9999 0.05 1.19 1.22 1 0.56 0.53 0.25 0.41 0.41 0.42 1.19 1.19 1.41 1.15 0.72 1.01 0.93 1.06 0.69 0.21 0.58 0.23 0.18 0.49 0.39 0.38 0.58 0.81 2.55 1.02 0.79 0.8 0.89 2.07 1.6 2.21 2.77 1.89 2.74 2.61 4.98 3.54 4.06
4.32 10.26 4.04 3 2.74 3.64 5.45 3.85 3 5.25 4.44 2.2 3.99 8.48 4.08 3.35 4.82 4.26 1.58 1.05 1.74 6.08 3.13 0.17 0.5 0.68 0.86 0.67 0.35 0.33 0.28 0.23 0.2 -9999 0.78 0.79 0 0.38 0.85 1.03 0.88 0.72 1.17 0.88 0.72 0.73 1.21 1.84 1.43 1.45 0.93 1 1.24 0.95 0.28 0.19 0.32 0.24 0.18 0.25 0.27 0.2 0.28 0.65 1.2 0.86 0.42 0.51 0.99 1.36 3.48 2.61 1.8 3.36 2.67 1.29 1.67 1.86 2.35
18.86 25.89 24.7 15.41 7.88 5.39 1.92 3.62 2.34 2.96 2.87 1.42 1.03 4.68 11.08 7.24 2.81 1.65 1.33 1.56 1.45 1.13 6.21 4.27 1.5 0.82 0.44 0.42 0.59 0.37 0.21 0.24 0.34 0.45 0.64 2.28 0.01 0.72 1.31 0.92 0.65 0.92 0.82 1.32 0.58 0.57 0.61 1.03 1.03 1.3 1.07 1.35 0.9 1.09 0.92 0.69 1.63 0.81 0.58 0.33 0.84 0.92 0.74 1.2 1.96 2.25 1.79 3.12 2.87 2.39 2.15 1.49 2.46 2.58 2.96 3.39 3.13 2.83 3.67
17.32 18.4 11.5 8.26 6.67 10.52 -9999 5.51 2.56 3.17 2.94 1.74 0.93 1.9 6.41 6.16 2.29 1.68 0.79 1.37 2.22 1.91 1.69 4.92 3.89 1.36 1.95 1.56 1.27 1.06 0.66 0.86 0.39 0.41 0.6 0.21 0.18 0.27 0.15 1.01 1.87 1.39 0.85 1.08 0.75 0.59 2.24 1.35 1.33 1.05 2.6 1.81 2.38 1.43 1.08 1.17 1.86 2.61 1.27 0.49 0.83 0.65 2.14 1.22 1.28 0.95 2.52 3.09 4.85 5.81 2.56 1.13 2.71 2.81 1.82 1.77 2.6 2.37 2.85
11.14 12.15 15.95 13.35 12.91 9.88 19.24 9.02 5.25 5.66 5.67 2.38 1.24 1.23 1.51 2.35 3.5 1.98 1.54 5.66 -9999 1.75 1.66 2.22 7.83 8.3 4.2 3.53 2.07 0.82 0.13 0.35 0.05 0.07 0.11 0.08 0.04 0.04 0.09 0.98 1.41 1.16 0.8 0.58 0.81 0.99 1 1.35 1.25 4.48 6.16 9.13 6.14 5.25 4.41 7.91 2.4 2.84 1.05 0.3 0.5 1.45 2.67 0.46 0.74 0.76 1.86 2.19 1.31 3.15 5.04 5.77 6.32 6.15 4.63 6.97 5.76 3.07 2.98
8.11 11.01 14.93 11.71 7.98 8.98 8.63 11.07 2.58 2.85 6.07 2.81 6.45 5.59 0.9 8.85 7.08 4.82 3.44 5.03 4.16 1.89 2.95 -9999 2.13 3.94 2.59 2.02 0.95 0.33 0.45 0.71 0.36 0.08 0.09 0.04 0.13 0.25 0.17 0.04 0.17 0.71 0.77 0.48 0.58 0.89 0.1 2.82 5.36 11.3 12.6 10.92 12.4 10.31 2.04 6.76 2.39 2.15 1.26 1.7 1.48 2.1 1.09 1.22 1.64 2.6 2.29 1.63 3.94 6.54 6.48 5.59 6.08 5.72 4.88 6.9 6.26 3.12 4.08
7.65 9.21 7.93 10.89 12.48 9.49 14.98 9.66 12.55 9.71 10.28 14.55 4.21 3.31 5.5 5.05 1.7 2.98 4.46 6.43 15.66 10.03 4.71 8.55 -9999 2.26 2.6 2.02 0.5 0.88 0.81 0.76 1.09 0.29 0.37 0.48 0.38 1.23 0.33 0.09 0.28 0.19 0.71 0.76 0.97 1 5.33 13.82 12.41 13.18 17.98 10.41 11.61 12.07 8.19 10.62 3.41 2.02 0.82 1.45 2.22 2.33 1.66 2.71 3.71 4.31 4.04 4.46 6.07 7.72 5.99 5.16 4.44 3.53 2.63 5.5 6.93 6.33 4.92
15.25 15.3 7.54 8.88 14.47 12.01 7.64 9.32 7.42 6.11 2.38 7.08 11.18 4.18 2.57 2.02 3 4.43 9.47 18.03 14.96 11.86 7.49 9.54 7.09 3.34 3.1 3.05 1.42 0.57 0.82 1.56 1.06 0.34 0.78 0.45 0.26 0.23 0.61 1.04 0.57 0.53 0.89 2.24 4.41 10.51 17.99 17.26 10.57 11.73 19.55 16.83 15.14 15.57 12.09 6.45 3.34 3.93 3.64 2.45 2.41 1.58 3.41 4.83 3.87 3.85 3.04 3.15 8.15 10.07 9.29 7.09 4.38 2.78 1.5 4.84 4.26 1.8 1.5
18.27 14.11 12.88 10.31 16.78 18.91 14.7 13.96 13.15 4.24 11.61 2.8 6.22 5.22 0.83 3.44 14.21 7.29 11.78 17.64 18.37 8.36 11.29 7.99 7.82 5.05 3.77 2.62 1.38 0.81 0.38 0.23 0.5 1.18 0.52 0.21 0.16 0.04 0.24 0.73 1.02 2.62 1.47 5.29 14.13 10.04 14.64 13.16 3.87 2.39 8.21 6.21 7.17 21.48 15.5 6.85 6.2 6.39 5.97 4.47 4.97 3.4 1.73 2.7 4.86 3.71 2.5 3.07 2.18 4.58 4.88 5.54 6.46 3.91 3.29 3.04 1.79 1.43 0.91
-9999 9.1 16.64 15.54 14.79 12.52 19.58 20.05 14.46 11.59 12.98 8.35 7.62 2.92 0.78 2.36 4.53 4.34 15.59 14.34 20.91 14.12 16.84 8.56 7.76 16.64 7.1 4.5 1.17 1.12 0.98 1.51 0.77 1.08 0.82 0.41 0.01 0.06 0.07 0.08 0.51 5.33 8.13 10.72 9.53 5.92 4.29 5.21 1.43 2.39 2.7 3.87 12.74 9.42 15.66 6.44 6.29 5.62 4.21 3.33 3.6 2.14 1.19 1.22 1.88 0.83 0.68 1.38 1.87 1.38 1.62 1.91 8.88 10.56 5.43 4.33 4.48 2.67 2.22
16.66 19.96 16.93 13.98 14.72 15.76 20.65 19.61 16.57 20.48 10.89 9.62 7.55 2.88 0.84 3.41 1.56 8.77 8.46 13.96 8.43 13.51 16.04 15.23 11.82 14.76 5.6 1.79 1.4 2.37 2.07 1.31 1.05 0.93 0.67 0.43 0.28 0.36 0.37 0.03 0.7 8.38 13.98 7.33 1.94 2.33 2.73 2.21 1.35 2.39 5.5 8.05 12.34 25.25 15.22 5.25 7.2 2.17 1.22 0.7 0.18 0.35 1.25 0.94 2.91 2.31 1.57 0.75 5.97 3.37 0.65 0.28 1.19 3.25 1.95 2.12 3.35 3.39 2.8
