resultados/variables/landcover_veg_bare.asc
ncols 330
nrows 228
xllcorner -12.000000
yllcorner 34.000000
cellsize 0.166667
NODATA_value -9999
[rows 74 to 110 of 228, columns 170 to 254 of 330]
2.21 -9999 1.42 1.17 1.72 1.66 1.85 1.09 0.68 2.55 0.44 0.23 0.05 0.04 -9999 -9999 -9999 -9999 -9999 -9999 -9999 -9999 -9999 -9999 -9999 -9999 -9999 -9999 -9999 -9999 -9999 -9999 -9999 -9999 -9999 -9999 -9999 -9999 -9999 -9999 -9999 -9999 -9999 -9999 -9999 -9999 -9999 -9999 -9999 -9999 -9999 -9999 -9999 -9999 -9999 0.09 0.41 0.65 0.64 -9999 -9999 -9999 -9999 -9999 -9999 -9999 -9999 -9999 -9999 -9999 -9999 0.02 0.06 0.03 0.06 0.14 0.04 0.21 0.55 0.21 0.2 0.2 0.81 0.18 0.15
1.18 2.38 1.74 1.44 1.62 3.35 -9999 3.02 1.27 2.68 3.11 -9999 -9999 -9999 -9999 -9999 -9999 -9999 -9999 -9999 -9999 -9999 -9999 -9999 -9999 -9999 -9999 -9999 -9999 -9999 -9999 -9999 -9999 -9999 -9999 -9999 -9999 -9999 -9999 -9999 -9999 -9999 -9999 -9999 -9999 -9999 -9999 -9999 0.66 1.22 4.97 2.07 0.27 0.31 0.26 0.38 0.05 0.09 0.9 1.49 1.22 0.28 0.09 0.59 -9999 0.9 0.34 -9999 -9999 -9999 1.2 0.67 1.21 0.59 0.12 0.14 0.33 0.25 0.32 0.53 0.1 0.23 0.35 0.07 0.15
0.23 0.73 0.23 0.06 0.27 1.44 1.84 2.63 1.24 1.2 4.07 1.02 -9999 -9999 -9999 -9999 -9999 -9999 -9999 -9999 -9999 -9999 -9999 -9999 -9999 -9999 -9999 -9999 -9999 -9999 -9999 -9999 -9999 -9999 -9999 -9999 -9999 -9999 -9999 -9999 -9999 -9999 -9999 -9999 1.08 0.94 -9999 0.48 0.2 0.21 0.24 0.18 0.38 0.18 0.05 0.01 0.33 0.76 0.53 1.73 1.06 0.53 0.02 0 1.46 0.06 0.61 2.58 4.17 2.35 1.29 0.42 0.2 0.26 0.1 0.01 0.01 0 0.01 0.01 0 0.04 0.08 0.01 0.03
0.18 0.08 0.33 0.08 0.21 0.65 0.13 0.76 -9999 0.35 0.81 -9999 0.37 -9999 -9999 -9999 -9999 -9999 -9999 -9999 -9999 -9999 -9999 -9999 -9999 -9999 -9999 -9999 -9999 -9999 -9999 -9999 -9999 -9999 -9999 -9999 -9999 -9999 -9999 -9999 -9999 -9999 -9999 0.6 0.44 0.1 0.09 0.33 0.05 0.05 0.24 0.28 0.29 0.12 0.22 0.14 0.54 0.47 0.36 0.43 1.56 0.72 0.04 0 0.05 0.05 0 0.05 0.04 0.28 0.63 0.35 0.14 0.06 0.01 0.01 0.19 0 0.01 0 0 0.02 0.03 -9999 0.06
0.21 0.82 0.54 0.3 0.64 0.32 0.42 0.56 -9999 0.64 -9999 -9999 -9999 -9999 -9999 -9999 -9999 -9999 -9999 -9999 -9999 -9999 -9999 -9999 -9999 -9999 -9999 -9999 -9999 -9999 -9999 -9999 -9999 -9999 -9999 0.86 0.69 0.09 0.1 0.47 -9999 -9999 -9999 1.16 0.2 0.27 0.38 0.09 0.12 0.28 0.31 0.6 0.09 0.07 0.1 0.34 0.69 0.98 0.23 0.29 0.25 0.31 0.07 0.06 -9999 -9999 -9999 -9999 0.09 0.01 0 0 0.01 0.01 2.67 0.02 0.01 0 0 0 0 0.06 0.01 0.02 0.03
0.04 0.27 0.9 0.99 -9999 0.25 -9999 -9999 -9999 -9999 -9999 -9999 -9999 -9999 -9999 -9999 -9999 -9999 -9999 -9999 -9999 -9999 -9999 -9999 -9999 -9999 -9999 -9999 -9999 -9999 -9999 -9999 -9999 -9999 -9999 -9999 -9999 0.78 -9999 -9999 -9999 -9999 -9999 -9999 -9999 0.37 0.18 0.34 0.09 0.1 0.07 0.16 0.04 0.02 0.38 0.43 0.49 0.23 0.21 0.24 1.04 1.25 0.56 0.77 1.22 -9999 -9999 -9999 -9999 0.01 0.01 0.01 0.01 0 0 0.01 0.1 0.15 0.07 0.03 0.35 0.45 0.04 0 0.02
1.15 0.71 -9999 -9999 -9999 -9999 -9999 -9999 -9999 -9999 -9999 -9999 -9999 -9999 -9999 -9999 -9999 -9999 -9999 -9999 -9999 -9999 -9999 -9999 -9999 -9999 -9999 -9999 -9999 -9999 -9999 -9999 -9999 -9999 -9999 -9999 -9999 0.17 -9999 0.29 -9999 0.41 -9999 0.39 0.2 0.35 0.33 0.82 1.9 0.15 1.63 0.1 0.25 0.27 0.1 0.46 0.08 0.23 0.6 0.12 0.03 0.21 0.37 0.09 0.13 -9999 -9999 -9999 -9999 0.23 0.01 0.03 0.01 0 0.02 0 0 0.01 0.01 0.01 0.06 0.3 0.06 0.17 0
0.56 0.37 -9999 -9999 -9999 -9999 -9999 -9999 -9999 -9999 -9999 -9999 -9999 -9999 -9999 -9999 -9999 -9999 -9999 -9999 -9999 -9999 -9999 -9999 -9999 -9999 -9999 -9999 -9999 -9999 -9999 -9999 -9999 -9999 0.32 0.08 0.08 0.1 0.01 0.25 -9999 -9999 -9999 -9999 0.96 0.21 0.79 0.48 1.34 0.73 0.18 0.41 0.36 0.2 0.08 0.33 0.18 0.16 0.11 0.14 0.34 0.34 1.09 0.19 0.17 0.17 -9999 -9999 0.5 0.07 0.13 0.17 0.06 0 0 0.02 0.04 0 0.04 0.01 0.35 0.24 0.03 0.03 0.04
-9999 0.13 -9999 -9999 -9999 -9999 -9999 -9999 -9999 -9999 -9999 -9999 -9999 -9999 -9999 -9999 -9999 -9999 -9999 -9999 -9999 -9999 -9999 -9999 -9999 -9999 -9999 -9999 -9999 -9999 -9999 -9999 -9999 -9999 0.07 0.21 0.59 0.38 -9999 -9999 -9999 -9999 -9999 -9999 -9999 -9999 -9999 -9999 -9999 0.89 0.03 0.04 0.01 0.04 0.13 0.06 0.03 0.48 -9999 0.83 0.27 0.53 0.41 0.58 0.14 0.04 0.07 0.71 0.07 0.1 0.04 0.03 0 0.01 0.01 0.01 0.36 0.34 0.07 0.02 0.03 0 0 0.02 0.01
0.41 0.32 -9999 -9999 -9999 -9999 -9999 -9999 -9999 -9999 -9999 -9999 -9999 -9999 -9999 -9999 -9999 -9999 -9999 -9999 -9999 -9999 -9999 -9999 -9999 -9999 -9999 -9999 -9999 -9999 -9999 -9999 -9999 -9999 -9999 -9999 -9999 -9999 -9999 -9999 -9999 -9999 -9999 -9999 -9999 -9999 -9999 -9999 -9999 0.12 0.07 0.03 0.02 0.07 0.19 0.05 0.21 0.18 0.06 0.17 0.08 0.05 0.07 0.26 0.48 0.23 0.28 0.62 -9999 -9999 0.47 0.06 0.14 0.05 0.01 0.02 0.04 0.3 0.03 0.02 0.05 0.01 0.01 0.1 0.1
0.3 -9999 -9999 -9999 -9999 -9999 -9999 -9999 -9999 -9999 -9999 -9999 -9999 -9999 -9999 1.66 1.73 -9999 -9999 -9999 -9999 -9999 -9999 -9999 -9999 -9999 -9999 -9999 -9999 -9999 -9999 -9999 -9999 -9999 -9999 -9999 -9999 -9999 -9999 -9999 -9999 -9999 -9999 -9999 -9999 -9999 -9999 -9999 1.16 0.04 0.25 0.25 0.02 0.07 0.14 0 0.1 0.14 0.09 0.39 0.1 0.16 0.28 0.47 0.32 0.18 0.33 0.07 0.18 -9999 -9999 0.68 0.22 0.17 0.07 0.06 0.01 0.04 0.04 0.01 0 0.07 0.03 0.02 0
0.07 1 -9999 -9999 -9999 -9999 -9999 -9999 -9999 -9999 -9999 -9999 0.35 1.27 1.36 1.18 -9999 -9999 -9999 -9999 -9999 -9999 -9999 -9999 -9999 -9999 -9999 -9999 -9999 -9999 -9999 -9999 -9999 -9999 -9999 -9999 -9999 0.22 -9999 -9999 -9999 -9999 -9999 -9999 -9999 -9999 -9999 -9999 0.59 0.09 0.06 0.04 0.04 -9999 0.03 0.07 0.46 0.1 0.18 0.06 0.04 0.12 0.11 0.14 0.08 0.1 0.21 0.47 0.12 0.32 0.17 1.81 1.1 0.02 0.14 0.02 0.06 0.09 0.01 0.14 0.1 0.06 0.03 0 0.01
0.01 -9999 -9999 -9999 -9999 -9999 -9999 -9999 -9999 -9999 -9999 0.91 1.32 0.49 0.16 -9999 -9999 -9999 -9999 -9999 -9999 -9999 -9999 -9999 -9999 -9999 -9999 -9999 -9999 -9999 -9999 -9999 -9999 0.99 0.1 0.5 0.03 0.07 -9999 -9999 -9999 -9999 -9999 -9999 -9999 -9999 -9999 -9999 0.43 0.02 0.12 0.07 0.03 0.14 0.34 0.03 0.18 0.18 0 0.01 0.04 0.09 0.09 0.01 0.03 0.03 0.05 0.15 0.01 0.17 0.19 0.12 0.1 0.1 0.04 0.02 0.04 0 0 0.06 0.13 0.08 0.04 0 0.01
0.03 0.12 -9999 -9999 -9999 -9999 -9999 -9999 -9999 -9999 -9999 0.51 0.31 0.19 0.33 -9999 -9999 -9999 -9999 -9999 -9999 -9999 -9999 -9999 -9999 -9999 -9999 -9999 -9999 -9999 -9999 3.31 0.01 0 0.01 0.09 0.07 0.03 0.06 0.11 -9999 -9999 -9999 -9999 -9999 -9999 -9999 -9999 0.34 0.05 0.18 0.01 0 0.09 0.03 0.12 0.05 0.21 0.02 0.02 0.08 0.07 0 0 0.15 0.03 0.02 0.03 0.01 0.2 0.12 0.1 0.13 0.04 0.29 0 0 0.01 0.15 0.06 0.01 0.02 0 0.01 0.01
0.65 -9999 -9999 -9999 -9999 -9999 -9999 -9999 -9999 -9999 -9999 0.31 0.37 0.4 -9999 -9999 -9999 -9999 -9999 -9999 -9999 -9999 -9999 -9999 -9999 -9999 -9999 -9999 -9999 -9999 -9999 0.27 0.01 0.03 0.09 0.09 0.12 0.17 0.17 0 -9999 -9999 -9999 -9999 -9999 -9999 -9999 -9999 0.81 0.05 0.05 0.12 0.04 0.2 0.06 0.03 0 0 0.03 0.03 0.02 0.01 0.07 0.03 0.02 0.01 0.04 0.01 0.03 0.04 0.04 0.16 0.14 0.19 0.07 0.01 0.04 0.02 0 0 0 0.09 0.01 0.13 0.1
0.1 -9999 -9999 0.58 -9999 -9999 -9999 -9999 -9999 -9999 -9999 1.12 -9999 -9999 -9999 -9999 -9999 -9999 -9999 -9999 -9999 -9999 -9999 -9999 -9999 -9999 -9999 -9999 -9999 -9999 0.68 0.01 0.03 0.04 0.08 0.18 0.03 0.13 0.07 0.09 0.05 0.11 -9999 -9999 -9999 -9999 -9999 1.09 2.17 0.24 0.09 0.06 0.01 0 0 0.01 0.72 0 0 0.01 0.04 0.11 0.09 0.01 0.01 0.13 0.01 0.01 0.01 0.23 0.06 0.12 0.08 0.15 0.01 0.03 0.08 0.08 0.29 0.03 0.02 0.06 0.13 0.38 0.16
0.1 -9999 0.57 -9999 -9999 -9999 -9999 -9999 -9999 -9999 -9999 -9999 -9999 -9999 -9999 -9999 -9999 -9999 -9999 -9999 -9999 -9999 -9999 -9999 -9999 -9999 -9999 -9999 -9999 0.67 0.38 0.22 0.21 0.1 0.04 0.06 0.09 0.02 0.04 0.08 0.23 0.28 0.24 0.25 0.67 0.66 3.88 2.09 0.38 0.07 0.06 0.01 0.02 0.01 0 0.01 0.13 0.02 0.01 0.13 0.07 0.23 0.05 0.03 0.1 0 0.04 0.01 0.13 0.08 0.06 0.17 0.18 0.14 0.05 0.01 0.01 0 0.01 0.01 0.09 0.29 0.48 0.24 0.15
-9999 0.31 -9999 -9999 -9999 -9999 -9999 -9999 -9999 -9999 -9999 -9999 -9999 -9999 -9999 -9999 -9999 -9999 -9999 -9999 -9999 -9999 -9999 -9999 -9999 -9999 -9999 -9999 1.07 0.08 0.08 0.1 0.07 0.1 0.03 0.13 0.4 0.09 0.05 0.23 0.08 0.55 0.81 0.26 0.13 0.32 0.03 0.03 0.11 0.24 0.06 0.09 0.03 0.11 0.01 0.01 0.06 0.05 0.04 0.01 0.03 0.3 0.41 0.51 0.06 0.12 0.01 0.01 0.03 0.07 0.05 0.08 0.06 0.06 0.21 0.08 0 0 0.06 0 0.06 0.14 0.06 0.09 0.04
2.86 2.63 -9999 -9999 -9999 -9999 -9999 -9999 -9999 -9999 -9999 -9999 -9999 -9999 -9999 -9999 -9999 -9999 -9999 -9999 -9999 -9999 -9999 -9999 -9999 -9999 -9999 -9999 2.33 0.27 0.23 0.03 0 0.06 0.09 0.28 0.2 0.03 0.01 0.24 0.1 0.43 1.45 1.1 1.14 0.47 0.28 0.12 0.02 0.02 0.02 0.03 0.04 0.65 0.1 0.02 0.28 0.34 0.03 0.04 0.16 0.17 0.07 0.12 0 0.04 0.17 0.1 0.13 0.01 0.15 0.07 0.09 0 0.03 0.01 0.1 0.1 0.04 0.13 0.02 0.06 0.04 0.34 0
-9999 -9999 -9999 -9999 -9999 -9999 -9999 -9999 -9999 -9999 -9999 -9999 -9999 -9999 -9999 -9999 -9999 -9999 -9999 -9999 -9999 -9999 -9999 -9999 -9999 -9999 -9999 -9999 0.69 0.03 0.03 0.08 0.05 0.09 0.16 0.5 0.68 0.14 0.32 0.43 0.72 1.04 1.21 1.09 1.12 0.89 1.19 0.87 0.38 0.06 0.05 0.01 0 0.04 0.03 0.04 0.2 0.26 0.02 0.38 0.11 0.14 0.01 0.04 0.02 0.07 0.04 0.01 0 0.02 0.07 0.07 0.04 0.08 0.03 0.1 0.21 0.3 0.06 0.08 0.06 0.02 0.1 0.25 0.32
1.69 -9999 -9999 -9999 -9999 -9999 -9999 -9999 -9999 -9999 -9999 -9999 -9999 -9999 -9999 -9999 -9999 -9999 -9999 -9999 -9999 -9999 -9999 -9999 -9999 -9999 -9999 -9999 0.05 0.05 0.19 0.17 0.06 0.21 0.06 0.33 0.33 0.15 0.51 0.84 0.59 0.66 1.93 1.63 1.04 2.06 1 1.5 1.41 0.9 0.73 0.11 0.01 0.02 0.03 0.01 0.21 0.01 0.01 0.04 0.1 0.02 0.03 0.05 0.1 0.01 0.29 0.04 0.01 0.04 0.02 0.03 0.65 0.1 0.14 0.01 0.08 0.01 0.04 0.06 0 0 0.01 0.01 0.01
-9999 -9999 -9999 -9999 -9999 -9999 -9999 -9999 -9999 -9999 -9999 -9999 -9999 -9999 -9999 -9999 -9999 -9999 -9999 -9999 -9999 -9999 -9999 -9999 -9999 -9999 -9999 -9999 0.97 0.04 0.04 0.03 0.04 0 0.02 0.04 0.02 0.06 0.23 0.42 0.53 0.62 0.97 1.44 1.15 1.74 0.99 1.33 1.3 0.84 0.68 0.32 0.32 0.19 0.17 0.04 0.14 0.06 0 0.02 0.12 0.02 0.1 0.01 0.06 0.04 0.05 0.09 0 0.11 0.35 0.1 -9999 0.04 0.08 0.06 0.14 0.1 0.11 0.05 0.03 0.25 0.6 0.01 0.02
-9999 -9999 -9999 -9999 -9999 -9999 -9999 -9999 -9999 -9999 -9999 -9999 -9999 -9999 -9999 -9999 -9999 -9999 -9999 -9999 -9999 -9999 -9999 -9999 -9999 -9999 -9999 -9999 0.48 0.17 0.07 0.04 0.1 0.19 0.04 0.41 0.09 0.05 0.07 0.19 0.42 2.54 1.32 1.56 0.48 0.95 0.6 0.9 0.53 0.23 0.45 0.39 0.78 0.22 0.12 0.26 0.15 0 0.02 0.03 0.22 1.52 0.07 0.01 0.04 0.14 0.05 0.03 0.18 0.08 0.05 0.01 0.01 0.03 0.08 0.07 -9999 0.04 0.11 0.02 0.1 0.45 0.06 0 0.01
-9999 -9999 -9999 -9999 -9999 -9999 -9999 -9999 -9999 -9999 -9999 -9999 -9999 -9999 -9999 -9999 -9999 -9999 -9999 -9999 -9999 -9999 -9999 -9999 -9999 -9999 -9999 -9999 3.65 0.58 0.24 0.01 0.02 0.07 0.02 0.01 0.04 0.03 0.47 0.32 0.04 0.08 0.49 0.59 0.36 1 0.89 0.95 1.35 0.08 0.08 0.54 0.68 0.07 0.13 0.04 0.01 0.02 -9999 0.11 0.01 0.04 0.09 0.04 -9999 0.14 0.17 0.11 0.25 0.36 0.12 0.15 0.01 0.03 0.11 0.01 0.01 0.24 0.06 0.01 0.03 0.02 0.02 0 0.11
-9999 -9999 -9999 -9999 -9999 -9999 -9999 -9999 -9999 -9999 -9999 -9999 -9999 -9999 -9999 -9999 -9999 -9999 -9999 -9999 -9999 -9999 -9999 -9999 -9999 -9999 -9999 -9999 -9999 0.72 0.19 0 0 0.02 0 0.04 0 0.01 0.02 0.14 0.07 0.11 0.17 0.35 0.26 0.66 0.64 0.4 0.66 0.17 0.06 0.15 0.16 0 0.08 0.13 0.03 0 0.06 0.06 0.27 0.42 0.11 0.2 0.43 0.33 0.12 0.28 0.21 0.12 0.08 0.15 0.06 0.79 0.23 0.03 0.04 0.94 0.06 0.01 0.02 0.1 0.01 0.02 0.03
-9999 -9999 -9999 -9999 -9999 -9999 -9999 -9999 -9999 -9999 -9999 -9999 -9999 -9999 -9999 -9999 -9999 -9999 -9999 -9999 -9999 -9999 -9999 -9999 -9999 -9999 -9999 -9999 -9999 0.59 0.58 0.04 0 0 0.01 0.02 0.02 0.01 0.37 0.3 0.41 0.24 0.31 0.28 0.46 0.65 0.63 0.32 0.34 0.07 0.39 0.28 0.02 0.06 0 0.22 0.03 0.01 0.11 0.59 0.31 0.17 0.18 0.24 0.03 0.54 0.37 0.35 0.34 0.24 0.28 0.06 0.01 0.08 0.39 0.09 0.08 0.05 0.05 0.01 0.08 0.12 0.28 0.01 0.04
-9999 -9999 -9999 -9999 -9999 -9999 -9999 -9999 -9999 -9999 -9999 -9999 -9999 -9999 -9999 -9999 -9999 -9999 -9999 -9999 -9999 -9999 -9999 -9999 -9999 -9999 -9999 2.53 -9999 -9999 0.05 0.08 0.06 0 0.04 0.35 0 0.06 0.5 0.45 0.66 0.16 0.18 0.41 0.47 0.62 0.45 0.42 0.26 0.1 0.35 0.16 0.02 0.02 0.31 0.21 0.02 0.04 -9999 0.13 0.04 0.05 0.29 0.6 0.12 0.11 0.17 0.11 0.28 0.25 0.15 0.13 0.01 0.05 0.1 0.1 0.07 0.15 0.08 0.24 0.03 0.04 0.3 2.22 0.28
-9999 -9999 -9999 -9999 -9999 -9999 -9999 -9999 -9999 -9999 -9999 -9999 -9999 -9999 -9999 -9999 -9999 -9999 -9999 -9999 -9999 -9999 -9999 -9999 -9999 -9999 -9999 -9999 -9999 0.68 0.01 0 0.01 0.09 0.04 0.03 0.07 0.28 0.28 0.66 0.51 0.45 0.12 0.24 0.37 0.52 0.58 0.52 0.73 0.16 0.01 0.03 0.04 0.01 0.01 0.14 0.34 0.19 0.27 0.09 0.04 0.25 0.26 0.41 0.32 0.07 0.07 0.26 0.41 0.09 0.04 0.05 0.07 0.03 0.17 0.07 0.04 0.05 0.17 0.07 0.06 0.04 0.2 0.42 0.11
-9999 -9999 -9999 -9999 -9999 -9999 -9999 -9999 -9999 -9999 -9999 -9999 -9999 -9999 -9999 -9999 -9999 -9999 -9999 -9999 -9999 -9999 0.09 0.1 0.2 0.06 0.02 -9999 -9999 0.42 0.12 0.01 0.03 0.12 0.08 0.13 0.14 0.07 0.12 1.06 1.27 0.61 0.01 0.26 0.36 2.23 0.89 0.13 0.09 0.05 0.03 0.02 0.1 0.04 0.01 0.07 0.14 0.06 0.14 0.04 0.3 0.2 0.38 0.26 0.04 0.09 0.16 0.12 0.25 0.23 0.06 0.04 0.07 0.19 0.56 0.33 0.12 0.1 0.06 0.08 0.07 0.01 0.04 0.09 0.02
-9999 -9999 -9999 -9999 -9999 -9999 4.79 0.95 1.88 1.6 0.77 0.76 -9999 -9999 -9999 -9999 -9999 -9999 -9999 -9999 -9999 -9999 0.56 0.41 1.26 0.69 0.12 0.09 0.03 0 0.02 0.02 0.07 0.08 0.2 0.18 0.09 0.1 0.11 1.01 1.61 0.61 0.11 0.04 0.1 0.27 0.47 0.37 0.03 0.25 0.26 0.04 0.28 3.63 0.22 0.05 0.05 0.47 0.73 0.33 0.21 0.38 0.25 0.12 0.05 0.2 0.11 0.14 0.12 0.04 0.08 0 0.04 0.08 0.08 0.07 0.16 0.09 0.01 0.04 0.2 0.03 0.08 0.14 0.1
-9999 -9999 -9999 0.66 0.26 0.4 0.39 0.37 1.06 0.33 0.44 0.77 1.81 -9999 -9999 -9999 -9999 -9999 -9999 -9999 -9999 -9999 -9999 0.49 0.42 0.03 0 0.21 0.21 0.04 0.04 0.03 0.21 0.03 0.05 0.23 0.1 0.05 0.26 1 1.25 0.34 0.95 0.46 0.36 0.19 0.04 0.02 0.01 0.06 0.59 0.47 1.88 0.79 0.06 0.09 0.18 0.46 0.95 0.22 0.75 0.46 0.09 0.68 0.14 0.12 0.37 0.28 0.16 0.04 0.13 0.09 0 0.01 0.06 0.19 0.19 0.02 0.03 0.06 0.16 0.39 0.36 0.35 1.22
0.6 0.22 0.66 0.9 1.04 0.9 0.49 0.54 0.4 0.6 0.28 0.76 1.73 3.23 -9999 -9999 -9999 -9999 -9999 -9999 0.57 0.29 0.13 0.04 0.09 0.01 0.09 0.04 0.04 0.03 0.04 0.01 0.04 0 0.03 0.1 0.08 0 -9999 0.02 0.11 0.45 0.3 0.19 0.42 0.15 0.48 0.03 0.08 0.21 0.25 0.09 0.35 0.05 0.08 0.18 0.14 1.12 0.62 0.56 1.55 0.32 0.25 0.53 0.23 0.06 0.02 0.06 0.17 0.11 0.08 0.17 0.18 0.1 0.07 0.18 0.14 0.23 0.12 0.27 0.3 0.28 0.54 0.88 0.6
0.25 0.8 0.28 0.11 0.31 0.44 0.53 0.68 0.42 1.46 0.39 0.28 0.38 1.99 0.97 0.78 0.66 0.43 0.62 0.09 0.07 0.22 0.17 0.07 0.03 0.11 0.38 0.47 0.42 0.47 0.3 0.25 0.31 0.3 0.12 0.28 0.2 0.37 0.18 0.14 0.09 0.13 0.05 0.07 0.1 0.06 0.03 0.32 0.34 0.21 0.08 0.1 0.21 0.23 0.21 0.03 0.21 0.33 0.15 0.26 0.7 0.92 0.88 1.21 0.52 0.12 0.1 0.02 0.09 0.19 0.12 1.27 2.8 1.5 0.45 0.62 0.23 0.05 0.09 0.32 1.05 0.4 0.96 1.02 1.5
0.11 0.34 0.11 0.23 0.25 0.66 1.57 0.56 0.97 0.72 0.92 0.65 0.77 1.19 1.41 0.69 1.08 0.37 0.49 0.15 0.23 0.13 0.29 0.09 0.07 0.17 0.11 0.34 0.77 0.42 0.34 0.4 0.51 0.23 0.06 0.12 0.52 0.5 0.59 2.38 0.2 0.37 0.93 0.24 0.42 0.28 0.68 0.21 0.02 0.04 0.06 0.2 0.14 0.37 0.38 0.53 0.38 0.48 0.03 0.26 0.26 0.58 0.81 0.46 0.28 0.66 0.32 0.75 0.54 0.49 0.93 1.09 0.54 0.17 0.15 0.2 0.11 0.05 0.04 0.23 0.68 0.74 1.37 1.13 0.43
0.17 0.19 0.51 0.91 1.11 0.94 1.16 0.55 1.65 1.07 0.15 0.86 1.9 1.13 0.75 0.37 0.84 0.76 0.43 0.21 0.21 0.19 0.19 0.06 0.23 0.06 0.1 0.09 0.09 0.38 0.27 0.44 0.42 0.52 0.21 0.16 0.14 0.28 0.21 0.36 0.13 0.2 0.06 0.06 0.08 3.01 0.31 0.71 0.23 0.02 0.18 0.17 0.28 1.25 0.21 0.43 0.63 0.31 0.07 0.04 0.04 0.05 0.59 0.13 0.19 0.64 4.8 8.45 2.77 -9999 0.48 0.45 0.4 0.17 0.2 0.2 0.27 0.12 0.14 0.2 0.61 0.76 0.54 2.44 2.94
0.46 0.48 1.2 0.42 0.3 0.66 1.1 1.61 0.74 0.45 0.56 0.21 0.32 0.64 0.96 1.7 0.68 0.8 0.42 0.26 0.14 0.46 0.15 0.1 0.6 0.63 0.25 0.21 0.23 0.02 0.04 0.36 -9999 0.35 0.18 0.09 0.7 0.29 0.17 0.01 0.28 0.25 0.92 0.82 1.36 1.39 0.22 0.2 0.09 0.2 0.22 0.17 0.21 0.57 0.83 0.3 0.32 0.56 0.35 0.01 0.17 0.29 0.45 0.14 0.6 1 1.4 1.33 2.5 0.61 0.99 0.77 0.46 0.2 0.39 0.68 0.45 0.23 0.07 0.04 0.14 0.67 0.34 0.61 0.84
0.33 1.01 0.61 0.8 0.74 1.39 2.64 2.5 2.15 1.46 0.51 1.2 0.52 0.5 1.42 1.29 0.38 0.68 0.76 0.89 0.71 0.5 0.77 0.75 0.16 0.01 0.23 0.28 0.15 0.05 0.01 0.09 -9999 0.27 0.41 0.45 1.23 0.09 0.01 0.74 0.6 0.43 0.94 1.07 1.19 1.77 0.8 0.87 0.21 0.56 0.78 0.77 0.59 0.77 0.5 0.5 0.33 0.56 1.25 0.94 0.24 0.31 1.05 0.17 0.44 0.42 0.75 1.13 0.59 0.93 1.07 0.35 0.19 0.07 0.17 0.59 0.99 0.58 0.08 0.08 0.22 0.26 0.49 1.03 0.46
