resultados/variables/landcover_veg_herb.asc
ncols 330
nrows 228
xllcorner -12.000000
yllcorner 34.000000
cellsize 0.166667
NODATA_value -9999
[rows 68 to 101 of 228, columns 156 to 233 of 330]
39.97 37.68 37.66 39.01 37.08 35.82 42.19 33.55 34.57 35.44 31.59 28.82 27.98 29.03 31.83 34.86 32.24 32.73 34.69 30.8 29.04 26.13 -9999 20.68 -9999 -9999 -9999 -9999 -9999 -9999 -9999 -9999 -9999 -9999 -9999 -9999 -9999 -9999 -9999 -9999 -9999 -9999 -9999 26.26 -9999 -9999 -9999 50.66 51.9 46.6 52.66 50.41 53.8 49.8 51.06 56.43 56.02 50.78 35.63 32.73 32.87 44.37 41.15 41.27 48.45 53.46 46.12 50.86 44.67 52.16 46.02 43.73 44.27 49.81 41.42 41.13 -9999 46.2
42.24 38.08 37.65 36.22 35.84 36.7 39.62 34.07 48.43 43.07 45.16 41.43 38.2 27.45 33 29.52 38.8 34.81 26.67 25.41 36.04 39.7 39.38 33.73 26.36 -9999 -9999 -9999 -9999 -9999 -9999 -9999 -9999 -9999 -9999 -9999 -9999 -9999 -9999 -9999 -9999 -9999 -9999 -9999 -9999 -9999 -9999 35.39 -9999 48.62 52.74 48.21 49.62 46.74 55.29 51.3 41.35 41.61 36.38 45.52 44.97 45.02 42.6 47.02 53.43 54.92 50.91 50.89 48.19 47.58 40.41 39.52 -9999 29 -9999 -9999 -9999 -9999
45.92 43.69 35.61 35.11 33.94 32.34 26.31 30.79 30.09 29.75 31.42 45.65 38.83 37.27 38.52 30.29 27.73 29.88 32.27 37.53 50.88 38.15 36.61 34.53 34.69 40.46 -9999 -9999 -9999 -9999 -9999 -9999 -9999 26.96 -9999 40.2 41.11 21.47 -9999 -9999 -9999 -9999 -9999 -9999 -9999 14.56 -9999 -9999 -9999 -9999 -9999 41.15 -9999 -9999 41.54 48.45 37.41 33.55 32.7 32.24 46.62 44.45 37.91 37.03 47.57 53.94 49.67 -9999 -9999 -9999 18.61 -9999 -9999 -9999 -9999 -9999 -9999 -9999
35.62 31.13 35.22 36.82 37.76 32.51 30.95 31.82 30.4 32.07 31.21 33.4 36.62 45.38 34.96 40.09 33.8 37.68 38.77 43.14 36.24 56.67 39.42 36.12 47.69 35.64 29.82 -9999 27.69 -9999 -9999 -9999 -9999 -9999 -9999 -9999 21.05 21.4 -9999 -9999 -9999 -9999 -9999 -9999 -9999 -9999 -9999 -9999 -9999 -9999 20.67 37.62 35.65 -9999 39.07 37.23 35.13 36.89 41.98 44.41 42.49 35.09 40.39 29.36 -9999 -9999 -9999 -9999 -9999 -9999 -9999 -9999 -9999 -9999 -9999 -9999 -9999 -9999
36.96 31.85 36.43 33.88 35.04 32.56 35.42 30.45 29.72 30.79 33.35 30.48 30.75 44.74 42.84 48.58 44.67 41.58 36.09 39.34 48.04 74.24 54.61 43.9 39.66 35.89 31.84 31.14 38.61 -9999 -9999 -9999 -9999 -9999 -9999 -9999 -9999 -9999 -9999 -9999 -9999 11.73 -9999 -9999 -9999 -9999 -9999 -9999 -9999 -9999 -9999 -9999 -9999 -9999 -9999 -9999 -9999 -9999 -9999 -9999 -9999 -9999 -9999 -9999 -9999 -9999 -9999 -9999 -9999 -9999 -9999 -9999 -9999 -9999 -9999 -9999 -9999 -9999
34.42 29.52 29.53 25.3 31.39 31.68 34.73 32.66 32.26 34.34 35.22 31.74 33.66 38.09 47.68 53.59 47.82 54.16 58.42 54.57 61.46 36.29 55.33 43.98 49.7 39.32 39.8 44.36 40.03 -9999 -9999 -9999 -9999 -9999 -9999 -9999 -9999 -9999 -9999 -9999 -9999 -9999 -9999 -9999 -9999 -9999 -9999 -9999 -9999 -9999 -9999 -9999 -9999 -9999 -9999 -9999 -9999 -9999 -9999 -9999 -9999 -9999 -9999 -9999 -9999 -9999 -9999 -9999 -9999 -9999 -9999 -9999 -9999 -9999 -9999 -9999 -9999 -9999
32.68 31.24 30.45 26.98 -9999 32.99 30.86 39.42 34.66 35.41 34.63 48.91 57.3 56.7 61.41 -9999 44.56 44.41 46.15 61.82 47.35 48.8 37.69 57.78 52.94 48.93 35.51 34.77 -9999 -9999 -9999 -9999 -9999 -9999 -9999 -9999 -9999 -9999 -9999 -9999 -9999 -9999 -9999 -9999 -9999 -9999 -9999 -9999 -9999 -9999 -9999 -9999 -9999 -9999 -9999 -9999 -9999 -9999 -9999 -9999 -9999 -9999 -9999 -9999 -9999 -9999 -9999 -9999 -9999 15.78 23.14 19.59 22.14 -9999 -9999 -9999 -9999 -9999
36.05 27.32 -9999 36.69 32.88 30.16 42.41 44.62 38.47 48.04 49 55.73 49.23 38.98 46.51 41.57 42.28 40.32 36.33 31.13 -9999 24.31 38.92 62.47 51.69 -9999 -9999 -9999 -9999 -9999 -9999 -9999 -9999 -9999 -9999 -9999 -9999 -9999 -9999 -9999 -9999 -9999 -9999 -9999 -9999 -9999 -9999 -9999 -9999 -9999 -9999 -9999 -9999 -9999 -9999 -9999 -9999 -9999 -9999 -9999 -9999 -9999 46.38 44.86 42.51 66.05 61.14 48.55 43.92 39.64 33.58 34.96 62.18 67.92 70.14 56.12 47.38 38.12
27.7 31.54 36.39 29.37 30.95 48.09 61.45 58.72 50.44 -9999 12.2 -9999 -9999 36.07 37.84 47.63 43.31 36.11 38.59 38.43 30.94 33.45 41.22 45.45 46.8 39.87 -9999 -9999 -9999 -9999 -9999 -9999 -9999 -9999 -9999 -9999 -9999 -9999 -9999 -9999 -9999 -9999 -9999 -9999 -9999 -9999 -9999 -9999 -9999 -9999 -9999 -9999 -9999 -9999 -9999 -9999 -9999 -9999 20.76 29.62 -9999 45.31 54.87 54.27 50.21 52.49 51.77 48.33 37.77 32.67 48.46 54.51 60.84 66.62 62.91 51.69 40.46 38.13
25.67 33.67 30.43 28.83 38.8 60.32 55.7 48.02 45.72 36.8 32.95 40.88 39.45 39.16 42.46 36.61 39.95 28.36 36.33 41.37 33.79 53.07 -9999 40.59 42.41 -9999 23.04 -9999 -9999 -9999 -9999 -9999 -9999 -9999 -9999 -9999 -9999 -9999 -9999 -9999 -9999 -9999 -9999 -9999 -9999 -9999 -9999 -9999 -9999 -9999 -9999 -9999 -9999 -9999 -9999 -9999 -9999 44.65 43.14 38.31 35.54 44.85 41.59 40.89 54.46 51.51 54.79 41.24 34.69 44.58 58.63 60.66 55.06 59.71 57.43 53.17 36.51 34.76
30.87 -9999 28.26 31.06 29.43 37.14 32.73 30.91 37.83 29.59 30.54 23.83 31.43 34.22 45.84 37.56 36.7 36.28 46.13 42.12 41.56 36.51 -9999 37.77 -9999 -9999 -9999 -9999 -9999 -9999 -9999 -9999 -9999 -9999 -9999 -9999 -9999 -9999 -9999 -9999 -9999 -9999 -9999 -9999 -9999 -9999 -9999 -9999 -9999 10.56 18.61 33.32 40.41 34.12 -9999 -9999 -9999 43.72 54.17 48.98 51.34 47.87 48.35 49.69 50.97 54.25 44.38 39.02 50.22 51.5 64.44 61.35 51.11 48.64 45.27 43.54 43.98 33.97
57.41 42.37 18.85 27.44 24.11 -9999 34.13 35.43 41.35 37.71 32.64 31.43 28.84 28.97 36.47 40.44 49.65 53.91 -9999 25.39 -9999 -9999 -9999 -9999 -9999 -9999 -9999 -9999 -9999 -9999 -9999 -9999 -9999 -9999 -9999 -9999 -9999 -9999 -9999 -9999 -9999 -9999 -9999 -9999 -9999 -9999 -9999 -9999 -9999 -9999 -9999 37.1 -9999 -9999 -9999 -9999 -9999 -9999 -9999 59.35 49.74 57.84 59.7 48.91 36.57 41.02 38.57 39.12 50.87 57.57 53.51 58.87 49.13 51.92 60.08 66.66 59.55 42.81
58.59 35.08 31.44 -9999 -9999 16.49 44.26 45.28 46.94 32.95 33.91 31.39 48.27 55.62 55.44 52.91 -9999 -9999 -9999 -9999 -9999 -9999 -9999 -9999 -9999 -9999 -9999 -9999 -9999 -9999 -9999 -9999 -9999 -9999 -9999 -9999 -9999 -9999 -9999 -9999 -9999 -9999 -9999 -9999 -9999 -9999 -9999 -9999 -9999 -9999 -9999 21.32 -9999 29.63 -9999 38.74 -9999 36.79 48.76 46.13 45.09 46.2 53.38 55.81 42.87 55.56 56.23 37.69 47.34 60.8 49.4 55.52 55.4 46.51 43.55 58.06 54.66 41.12
57.67 39.32 -9999 -9999 32.35 63.4 75.81 75.29 76.01 61.65 69.72 63.43 45.09 47.66 50.54 41.36 -9999 -9999 -9999 -9999 -9999 -9999 -9999 -9999 -9999 -9999 -9999 -9999 -9999 -9999 -9999 -9999 -9999 -9999 -9999 -9999 -9999 -9999 -9999 -9999 -9999 -9999 -9999 -9999 -9999 -9999 -9999 -9999 30.49 36.73 44.06 43.39 46.62 45.2 -9999 -9999 -9999 -9999 31.12 35.72 43.55 49.47 43 50.12 47.9 39.42 35.09 35.04 60.12 65.83 54.06 38.8 26.21 41.27 48.03 58.81 74.89 69.37
56.15 38.08 -9999 -9999 49.91 45.12 50.55 46.99 46.95 42.22 35.55 41.85 33.23 28.2 -9999 44.27 -9999 -9999 -9999 -9999 -9999 -9999 -9999 -9999 -9999 -9999 -9999 -9999 -9999 -9999 -9999 -9999 -9999 -9999 -9999 -9999 -9999 -9999 -9999 -9999 -9999 -9999 -9999 -9999 -9999 -9999 -9999 -9999 35.23 41.32 28.84 31.53 -9999 -9999 -9999 -9999 -9999 -9999 -9999 -9999 -9999 -9999 -9999 36.62 37.03 31.62 33.6 42.12 47.76 53.25 52.07 45.62 -9999 67.74 58.02 59.29 63.63 65.77
34.68 -9999 -9999 26.77 30.55 36.52 27.55 27.73 31 31.24 37.04 28.84 30.38 33.21 35.03 47.95 -9999 -9999 -9999 -9999 -9999 -9999 -9999 -9999 -9999 -9999 -9999 -9999 -9999 -9999 -9999 -9999 -9999 -9999 -9999 -9999 -9999 -9999 -9999 -9999 -9999 -9999 -9999 -9999 -9999 -9999 -9999 -9999 -9999 -9999 -9999 -9999 -9999 -9999 -9999 -9999 -9999 -9999 -9999 -9999 -9999 -9999 -9999 36.1 38.72 39.57 39.64 51.48 60.29 52.29 45.73 57.4 36.23 61.55 45.62 49.1 50.6 55.63
43.31 -9999 37.04 30.89 39.43 35.97 32.6 28.64 26.63 29.52 30.1 31.86 29.26 36.11 44.99 -9999 -9999 -9999 -9999 -9999 -9999 -9999 -9999 -9999 -9999 -9999 -9999 -9999 -9999 23.23 31.14 -9999 -9999 -9999 -9999 -9999 -9999 -9999 -9999 -9999 -9999 -9999 -9999 -9999 -9999 -9999 -9999 -9999 -9999 -9999 -9999 -9999 -9999 -9999 -9999 -9999 -9999 -9999 -9999 -9999 -9999 -9999 32.2 38.04 39.69 36.77 51.65 55.74 64.81 40.33 39.26 49.43 46.35 61.94 58.03 54.8 58.05 66.32
45.97 37.7 40.86 33.64 35.12 35.89 30.07 29.93 29.16 28.72 33.71 31.84 30.88 34.62 33.87 35.02 -9999 -9999 -9999 -9999 -9999 -9999 -9999 -9999 -9999 -9999 36.9 58.01 52.4 29.51 -9999 -9999 -9999 -9999 -9999 -9999 -9999 -9999 -9999 -9999 -9999 -9999 -9999 -9999 -9999 -9999 -9999 -9999 -9999 -9999 -9999 8.44 -9999 -9999 -9999 -9999 -9999 -9999 -9999 -9999 -9999 -9999 38.06 40.52 44.38 48.87 54.12 -9999 47.44 50.59 49.69 44.31 49.73 50.34 39.95 44.95 46.85 44.21
36.1 35.7 33.21 32.51 33.23 37.03 32.35 -9999 30.41 30.85 31.5 34.97 32.34 32.63 33.42 -9999 -9999 -9999 -9999 -9999 -9999 -9999 -9999 -9999 -9999 45.42 65.41 66.36 29.68 -9999 -9999 -9999 -9999 -9999 -9999 -9999 -9999 -9999 -9999 -9999 -9999 -9999 -9999 -9999 -9999 -9999 -9999 20.1 24.65 30.31 39.13 24.98 -9999 -9999 -9999 -9999 -9999 -9999 -9999 -9999 -9999 -9999 27.74 46.15 55.56 46.72 44.99 56.77 58.54 49.16 51.31 49.16 36.62 48.12 44.6 52.16 46.78 44.68
38.42 32.54 31.96 35.27 33.58 34.23 34.24 34.77 32.22 30.52 35.16 31.69 29.63 30.01 31.22 30.2 -9999 -9999 -9999 -9999 -9999 -9999 -9999 -9999 -9999 56.12 58.86 52.33 37.85 -9999 -9999 -9999 -9999 -9999 -9999 -9999 -9999 -9999 -9999 -9999 -9999 -9999 -9999 -9999 -9999 37.69 34.76 33.7 36.1 33.01 44.13 53.83 40.1 18.48 -9999 -9999 -9999 -9999 -9999 -9999 -9999 -9999 33.14 52.04 43.72 45.38 46.3 47.97 48.63 61.3 58.7 58.12 48.03 49.3 43.23 53.51 39.43 45.57
41.14 33.35 27.6 29.34 30.87 32.31 31.67 29.77 32.19 31.84 29.36 37.59 33.98 28.88 32.8 -9999 -9999 -9999 -9999 -9999 -9999 -9999 -9999 -9999 -9999 65.62 73.14 55.1 -9999 -9999 -9999 -9999 -9999 -9999 -9999 -9999 -9999 -9999 -9999 -9999 -9999 -9999 -9999 -9999 -9999 69.27 38.51 34.09 35.59 29.18 43.85 65.18 64.19 43.39 -9999 -9999 -9999 -9999 -9999 -9999 -9999 -9999 26.05 48.37 51.23 43.3 41.19 48.76 50.85 51.84 42.27 41.12 45.16 39 45.26 45.71 55.14 54.3
24.83 30.93 29.43 32.68 29.64 30.73 28.1 32.49 29.52 27.14 28.29 29.83 33.58 33.6 37.2 -9999 -9999 48.4 -9999 -9999 -9999 -9999 -9999 -9999 -9999 46.13 -9999 -9999 -9999 -9999 -9999 -9999 -9999 -9999 -9999 -9999 -9999 -9999 -9999 -9999 -9999 -9999 -9999 -9999 23.62 40.77 38.18 35.42 33.05 32.79 37.66 60.39 60.43 62.33 41.83 21.9 -9999 -9999 -9999 -9999 -9999 32.95 40.15 36.76 39.4 57.56 40.02 39.27 39.87 45.34 44.63 50.3 39.82 45.95 56.69 62.9 53.84 35.65
34.25 31.84 32.42 36.31 32.46 28.5 31.38 30.35 28.59 30.25 29.37 29.57 27.58 29.6 32.26 -9999 53.71 -9999 -9999 -9999 -9999 -9999 -9999 -9999 -9999 -9999 -9999 -9999 -9999 -9999 -9999 -9999 -9999 -9999 -9999 -9999 -9999 -9999 -9999 -9999 -9999 -9999 -9999 24.57 32.9 56.91 49.47 50.18 43.16 45.51 62.52 57.22 58.12 66.8 71.22 67.83 38.66 35.01 27.89 49.75 60.37 48.95 45.28 48.09 36.28 51.88 47.74 49.45 44.39 44.88 43.47 42.28 50.35 56.35 48.74 39.6 44.33 32.19
29.77 28.79 35.19 33.88 31.75 38.83 25.43 29.9 28.01 29.68 30.09 35.28 36.51 58.5 -9999 49.68 -9999 -9999 -9999 -9999 -9999 -9999 -9999 -9999 -9999 -9999 -9999 -9999 -9999 -9999 -9999 -9999 -9999 -9999 -9999 -9999 -9999 -9999 -9999 -9999 -9999 -9999 27.32 47.19 52.51 57.75 64.39 49.06 37.46 50.71 70.19 53.09 45.86 63.99 61.66 77.38 63.53 46.66 41.02 48.23 37.66 47.03 39.35 37.51 53.17 60.07 61.35 42.22 49.54 49.1 50.09 47.74 52.09 51.34 54.33 60.47 57.69 26.39
30.19 28.49 28.95 23.36 18.58 26.55 30.27 29.15 28.8 30.21 28.49 30.26 53.52 -9999 41.53 66.69 -9999 -9999 -9999 -9999 -9999 -9999 -9999 -9999 -9999 -9999 -9999 -9999 -9999 -9999 -9999 -9999 -9999 -9999 -9999 -9999 -9999 -9999 -9999 -9999 -9999 -9999 53.72 70.58 69.47 50.81 41.51 44.79 42.16 48.6 58.95 42.39 49.62 50.4 50.44 72.53 84.93 73.06 67.32 74.27 66.41 62.8 53.07 53.74 45.06 34.19 44.16 51.45 47.2 47.01 52.92 62.09 44.09 51.91 53.9 58.68 67.58 69.09
31.35 31.97 28.94 28.56 27.51 23.97 27.64 27.04 28.58 30.2 27.64 31.29 -9999 -9999 -9999 -9999 -9999 -9999 -9999 -9999 -9999 -9999 -9999 -9999 -9999 -9999 -9999 -9999 -9999 -9999 -9999 -9999 -9999 -9999 -9999 -9999 -9999 -9999 -9999 -9999 -9999 -9999 53.74 42.43 59.78 66.95 48.66 53.48 62.28 65.81 72.16 57.73 60.96 68.41 64.24 83.34 76.36 74.69 85.56 82.75 79.76 77.12 64.86 55.25 62.61 43.05 31.87 32.25 38.2 43.35 51.09 49.19 54.02 56.41 62.76 62.38 69.6 73.17
46.5 29.89 28.94 41.49 41.29 33.73 37.93 39.52 43.01 43.51 40.34 36.91 -9999 -9999 32.71 -9999 -9999 -9999 -9999 -9999 -9999 -9999 -9999 -9999 -9999 -9999 -9999 -9999 -9999 -9999 -9999 -9999 -9999 -9999 -9999 -9999 -9999 -9999 -9999 -9999 -9999 -9999 40.11 56.09 55.47 82.42 78.42 80.58 72.19 73.23 69.99 63.6 70.03 68.5 68.4 57.05 80.97 83.82 85.75 85.03 76.86 86.81 83.02 84.03 83.95 54.51 40.09 54.13 51.95 45.59 54.15 56.01 55.34 56.61 70.48 72.52 65.88 43.03
67.78 64.89 41.59 46.56 -9999 -9999 -9999 -9999 -9999 -9999 -9999 -9999 -9999 -9999 -9999 -9999 -9999 -9999 -9999 -9999 -9999 -9999 -9999 -9999 -9999 -9999 -9999 -9999 -9999 -9999 -9999 -9999 -9999 -9999 -9999 -9999 -9999 -9999 -9999 -9999 -9999 -9999 31.32 63.14 55.75 79.44 71.55 51.2 67 62.97 61.17 65.78 58.05 66.16 63.26 68.28 75.18 80.7 70.27 86.42 81.27 86.77 88.67 82.66 84.41 67.7 74.41 65.98 60.22 57.25 60.95 58.77 59.85 57.92 64.77 58.09 75.34 47.66
77.44 51.24 -9999 -9999 -9999 -9999 -9999 -9999 -9999 -9999 -9999 -9999 -9999 -9999 -9999 -9999 -9999 -9999 -9999 -9999 -9999 -9999 -9999 -9999 -9999 -9999 -9999 -9999 -9999 -9999 -9999 -9999 -9999 -9999 -9999 -9999 -9999 -9999 -9999 -9999 -9999 -9999 44.58 73.95 63.59 69.33 71.13 64.22 56.6 69.2 73.04 78.56 60.17 70.56 73.11 69.32 81.98 86.88 75.27 77.84 70.23 81.4 65.5 52.67 79.28 82.06 76.26 69.06 69.58 68.56 73.97 62.68 59.52 56.43 59.29 55.36 73.11 55.72
61.33 -9999 -9999 -9999 -9999 -9999 -9999 -9999 -9999 -9999 -9999 -9999 -9999 -9999 -9999 -9999 -9999 -9999 -9999 -9999 -9999 -9999 -9999 -9999 -9999 -9999 -9999 -9999 -9999 -9999 -9999 -9999 -9999 -9999 -9999 -9999 -9999 -9999 -9999 -9999 -9999 -9999 34.71 86.66 75.47 57.99 53.71 60.36 57.88 57.79 75.49 81.82 76.42 63.89 59.96 65.21 75.9 68.84 82.43 87 79.06 81.16 71.95 56.11 69.3 69.44 66.06 56.19 74.82 66.82 53.61 54.55 -9999 54.93 59.48 63.31 48.95 47.22
81.71 72.99 -9999 -9999 -9999 -9999 -9999 -9999 -9999 -9999 -9999 -9999 -9999 -9999 -9999 -9999 -9999 -9999 -9999 -9999 -9999 -9999 -9999 -9999 -9999 -9999 -9999 -9999 -9999 -9999 -9999 -9999 -9999 -9999 -9999 -9999 -9999 -9999 -9999 -9999 -9999 -9999 -9999 64.87 79.41 65.56 55.22 54.38 71.77 85.56 83 79.03 76.92 84.97 70.77 62.9 70 76.67 76.84 79.07 73.64 65.19 78.62 63.04 63.44 62.78 54.35 59.65 71.98 73.19 60.43 51.03 45.55 46.75 46.23 40.88 58.02 56.2
63.34 -9999 -9999 -9999 -9999 -9999 -9999 -9999 -9999 -9999 -9999 -9999 -9999 -9999 -9999 -9999 -9999 -9999 -9999 -9999 -9999 -9999 -9999 -9999 -9999 -9999 -9999 -9999 -9999 -9999 -9999 -9999 -9999 -9999 -9999 -9999 -9999 -9999 -9999 -9999 -9999 -9999 -9999 34.13 72.89 68.86 68.84 67.44 66.53 60.38 75.59 86.16 82.46 81.7 83.3 83.59 75.4 73.73 76.4 82.49 72.91 68.55 66.41 48.15 64.29 68.63 69.34 70.81 71.33 67.05 53.61 44.88 32.2 58.15 58.4 65.89 52.53 38.46
-9999 -9999 -9999 -9999 37.27 -9999 -9999 -9999 -9999 -9999 -9999 -9999 -9999 -9999 -9999 -9999 -9999 -9999 -9999 -9999 -9999 -9999 -9999 -9999 -9999 -9999 -9999 -9999 -9999 -9999 -9999 -9999 -9999 -9999 -9999 -9999 -9999 -9999 -9999 -9999 -9999 10 -9999 -9999 65.6 82.22 92.37 89.51 83.64 74.39 57.02 62.26 79.11 70.19 84.76 80.77 77.85 78.07 66 82.28 77.52 71.63 69.02 67.59 73.36 69.83 69.58 62.3 63.61 42.53 30.54 34.97 -9999 54.67 75.14 60.88 54.94 78.56
-9999 -9999 -9999 -9999 43.06 64.89 60.69 -9999 -9999 -9999 -9999 -9999 -9999 -9999 -9999 -9999 -9999 -9999 -9999 -9999 -9999 -9999 -9999 -9999 -9999 -9999 -9999 -9999 -9999 -9999 -9999 -9999 -9999 -9999 -9999 -9999 -9999 -9999 -9999 -9999 -9999 -9999 -9999 31.23 86.34 90.95 80.5 85.35 82.29 54.37 39.2 46.37 77.44 84.23 70.21 71.54 71.97 77.9 70.9 69.43 68.23 68.02 45.94 57.66 73.13 60.92 56.85 62.06 59.97 51.7 39.4 34.65 59.17 54.73 61.22 71.97 64.92 62.41
