resultados/variables/landcover_veg_herb.asc
ncols 330
nrows 228
xllcorner -12.000000
yllcorner 34.000000
cellsize 0.166667
NODATA_value -9999
[rows 0 to 33 of 228, columns 234 to 311 of 330]
-9999 -9999 -9999 -9999 -9999 -9999 -9999 -9999 -9999 -9999 -9999 -9999 -9999 -9999 -9999 -9999 -9999 -9999 -9999 -9999 -9999 -9999 -9999 -9999 -9999 -9999 -9999 -9999 -9999 -9999 -9999 -9999 -9999 -9999 -9999 -9999 -9999 -9999 -9999 -9999 -9999 -9999 -9999 -9999 -9999 -9999 -9999 -9999 -9999 -9999 -9999 -9999 -9999 -9999 -9999 -9999 -9999 -9999 -9999 -9999 -9999 -9999 -9999 -9999 -9999 -9999 -9999 -9999 -9999 -9999 -9999 -9999 -9999 -9999 -9999 -9999 -9999 -9999
-9999 -9999 -9999 -9999 -9999 -9999 -9999 -9999 -9999 -9999 -9999 -9999 -9999 -9999 -9999 -9999 -9999 -9999 -9999 -9999 -9999 -9999 -9999 -9999 -9999 -9999 -9999 -9999 -9999 -9999 -9999 -9999 -9999 -9999 -9999 -9999 -9999 -9999 -9999 -9999 -9999 -9999 -9999 -9999 -9999 -9999 -9999 -9999 -9999 -9999 -9999 -9999 -9999 -9999 -9999 -9999 -9999 -9999 -9999 -9999 -9999 -9999 -9999 -9999 -9999 -9999 -9999 -9999 -9999 -9999 -9999 -9999 -9999 -9999 -9999 -9999 -9999 -9999
-9999 -9999 -9999 -9999 -9999 -9999 -9999 -9999 -9999 -9999 -9999 -9999 -9999 -9999 -9999 -9999 -9999 -9999 -9999 -9999 -9999 -9999 -9999 -9999 -9999 -9999 -9999 -9999 -9999 -9999 -9999 -9999 -9999 -9999 -9999 -9999 -9999 -9999 -9999 -9999 -9999 -9999 -9999 -9999 -9999 -9999 -9999 -9999 -9999 -9999 -9999 -9999 -9999 -9999 -9999 -9999 -9999 -9999 -9999 -9999 -9999 -9999 -9999 -9999 -9999 -9999 -9999 -9999 -9999 -9999 -9999 -9999 -9999 -9999 -9999 -9999 -9999 -9999
-9999 -9999 -9999 -9999 -9999 -9999 -9999 -9999 -9999 -9999 -9999 -9999 -9999 -9999 -9999 -9999 -9999 -9999 -9999 -9999 -9999 -9999 -9999 -9999 -9999 -9999 -9999 -9999 -9999 -9999 -9999 -9999 -9999 -9999 -9999 -9999 -9999 -9999 -9999 -9999 -9999 -9999 -9999 -9999 -9999 -9999 -9999 -9999 -9999 -9999 -9999 -9999 -9999 -9999 -9999 -9999 -9999 -9999 -9999 -9999 -9999 -9999 -9999 -9999 -9999 -9999 -9999 -9999 -9999 -9999 -9999 -9999 -9999 -9999 -9999 -9999 -9999 -9999
-9999 -9999 -9999 -9999 -9999 -9999 -9999 -9999 -9999 -9999 -9999 -9999 -9999 -9999 -9999 -9999 -9999 -9999 -9999 -9999 -9999 -9999 -9999 -9999 -9999 -9999 -9999 -9999 -9999 -9999 -9999 -9999 -9999 -9999 -9999 -9999 -9999 -9999 -9999 -9999 -9999 -9999 -9999 -9999 -9999 -9999 -9999 -9999 -9999 -9999 -9999 -9999 -9999 -9999 -9999 -9999 -9999 -9999 -9999 -9999 -9999 -9999 -9999 -9999 -9999 -9999 -9999 -9999 -9999 -9999 -9999 -9999 -9999 -9999 -9999 -9999 -9999 -9999
-9999 -9999 -9999 22.58 -9999 -9999 -9999 -9999 -9999 -9999 -9999 -9999 -9999 -9999 -9999 -9999 -9999 -9999 -9999 -9999 -9999 -9999 -9999 -9999 -9999 -9999 -9999 -9999 -9999 -9999 -9999 -9999 -9999 -9999 -9999 -9999 -9999 -9999 -9999 -9999 -9999 -9999 -9999 -9999 -9999 -9999 -9999 -9999 -9999 -9999 -9999 -9999 -9999 -9999 -9999 -9999 -9999 -9999 -9999 -9999 -9999 -9999 -9999 -9999 -9999 -9999 -9999 -9999 -9999 -9999 -9999 -9999 -9999 -9999 -9999 -9999 -9999 -9999
-9999 -9999 49.2 69.3 73.72 73.49 65.55 -9999 -9999 -9999 -9999 -9999 -9999 -9999 -9999 -9999 -9999 -9999 -9999 -9999 -9999 -9999 -9999 -9999 -9999 -9999 -9999 -9999 -9999 -9999 -9999 -9999 -9999 -9999 -9999 -9999 -9999 -9999 -9999 -9999 -9999 -9999 -9999 -9999 -9999 -9999 -9999 -9999 -9999 -9999 -9999 -9999 -9999 -9999 -9999 -9999 -9999 -9999 -9999 -9999 -9999 -9999 -9999 -9999 -9999 -9999 -9999 -9999 -9999 -9999 -9999 -9999 -9999 -9999 -9999 -9999 -9999 -9999
-9999 -9999 60.78 60.12 50.57 49.8 -9999 -9999 -9999 18.94 63.56 50.76 47.55 55.76 -9999 -9999 -9999 -9999 -9999 -9999 -9999 -9999 -9999 -9999 -9999 -9999 -9999 -9999 -9999 -9999 -9999 -9999 -9999 -9999 -9999 -9999 -9999 -9999 -9999 -9999 -9999 -9999 -9999 -9999 -9999 -9999 -9999 -9999 -9999 -9999 -9999 -9999 -9999 -9999 -9999 -9999 -9999 -9999 -9999 -9999 -9999 -9999 -9999 -9999 -9999 -9999 -9999 -9999 -9999 -9999 -9999 -9999 -9999 -9999 -9999 -9999 -9999 -9999
59.53 75.5 76.69 58.87 53.55 40.44 -9999 -9999 -9999 30.5 32.7 26.63 69.12 64.29 43.18 58.26 61.92 32.84 32.72 -9999 -9999 -9999 -9999 -9999 -9999 -9999 -9999 -9999 -9999 -9999 -9999 -9999 -9999 -9999 -9999 -9999 -9999 -9999 -9999 -9999 -9999 -9999 -9999 -9999 -9999 -9999 -9999 -9999 -9999 -9999 -9999 -9999 -9999 -9999 -9999 -9999 -9999 -9999 -9999 -9999 -9999 -9999 -9999 -9999 -9999 -9999 -9999 -9999 -9999 -9999 -9999 -9999 -9999 -9999 -9999 -9999 -9999 -9999
72.62 78.87 76.44 80 78.08 71.59 61.18 -9999 70.14 80.82 78 75.65 84.01 82.23 68.84 36.2 55.76 65.91 79.33 62.55 63.7 77.77 55.58 -9999 -9999 -9999 -9999 -9999 -9999 -9999 -9999 -9999 -9999 -9999 -9999 -9999 -9999 -9999 -9999 -9999 -9999 -9999 -9999 -9999 -9999 -9999 -9999 -9999 -9999 -9999 -9999 -9999 -9999 -9999 -9999 -9999 -9999 -9999 -9999 -9999 -9999 -9999 -9999 -9999 -9999 -9999 -9999 -9999 -9999 -9999 -9999 -9999 -9999 -9999 -9999 -9999 -9999 -9999
89 89.97 88.02 86.13 86.54 87.28 79.83 78.61 80.87 75.34 80.13 78.7 85.17 85.13 86.97 79.31 62.8 54.79 79.46 88.2 68.18 -9999 -9999 -9999 -9999 -9999 -9999 -9999 -9999 -9999 -9999 -9999 -9999 -9999 -9999 -9999 -9999 -9999 -9999 -9999 -9999 -9999 -9999 -9999 -9999 -9999 -9999 -9999 -9999 -9999 -9999 -9999 -9999 -9999 -9999 -9999 -9999 -9999 -9999 -9999 -9999 -9999 -9999 -9999 -9999 -9999 -9999 -9999 -9999 -9999 -9999 -9999 -9999 -9999 -9999 -9999 -9999 -9999
86.17 90.89 88.43 87.16 86.7 88.82 80.74 82.08 77.2 64.94 -9999 -9999 -9999 -9999 -9999 -9999 46.8 50.28 -9999 -9999 -9999 -9999 -9999 -9999 -9999 -9999 -9999 -9999 -9999 -9999 -9999 -9999 -9999 -9999 -9999 -9999 -9999 -9999 -9999 -9999 -9999 -9999 -9999 -9999 -9999 -9999 -9999 -9999 -9999 -9999 -9999 -9999 -9999 -9999 -9999 -9999 -9999 -9999 -9999 -9999 -9999 -9999 -9999 -9999 -9999 -9999 -9999 -9999 -9999 -9999 -9999 -9999 -9999 -9999 -9999 -9999 -9999 -9999
81.47 80.95 80.72 81.59 82.91 81.39 83 82.32 80.31 76.19 69.49 -9999 64.46 70.59 64.74 -9999 -9999 -9999 -9999 -9999 -9999 -9999 -9999 -9999 -9999 -9999 -9999 -9999 -9999 -9999 50.03 -9999 -9999 -9999 -9999 -9999 -9999 -9999 -9999 -9999 -9999 -9999 -9999 -9999 -9999 -9999 -9999 -9999 -9999 -9999 -9999 -9999 -9999 -9999 -9999 -9999 -9999 -9999 -9999 -9999 -9999 -9999 -9999 -9999 -9999 -9999 -9999 -9999 -9999 -9999 -9999 -9999 -9999 -9999 -9999 -9999 -9999 -9999
78.83 77.9 76.01 79.27 83.65 83.39 81.69 76.77 76.32 76.42 77.44 77.72 79.39 80.17 74.09 61.87 -9999 -9999 -9999 73.52 -9999 58.26 49.84 51.25 39.92 -9999 -9999 -9999 55.6 65.67 62.01 84.51 82.08 62.29 58.24 50.54 -9999 -9999 -9999 -9999 -9999 -9999 -9999 -9999 -9999 -9999 -9999 -9999 -9999 -9999 -9999 -9999 -9999 -9999 -9999 -9999 -9999 -9999 -9999 -9999 -9999 -9999 -9999 -9999 -9999 -9999 -9999 -9999 -9999 -9999 -9999 -9999 -9999 -9999 -9999 -9999 -9999 -9999
82.5 82.36 76.11 78.98 79.28 75.33 75.88 75.59 76.26 70.24 63.24 56.54 68.59 77.47 80.31 77.12 76 71.4 64.46 72.83 82.61 83.27 78.23 78.75 74.5 -9999 69.95 73.58 75.19 79.64 -9999 -9999 -9999 -9999 -9999 -9999 -9999 -9999 -9999 -9999 -9999 -9999 -9999 -9999 -9999 -9999 -9999 -9999 -9999 -9999 -9999 -9999 -9999 -9999 -9999 -9999 -9999 -9999 -9999 -9999 -9999 -9999 -9999 -9999 -9999 -9999 -9999 -9999 -9999 -9999 -9999 -9999 -9999 -9999 -9999 -9999 -9999 -9999
80.07 74.31 75.31 75.77 -9999 -9999 75.04 71.45 63.74 63.73 -9999 67.58 59.95 73.51 76.38 68.29 74.2 77.33 63.24 61.55 75.12 75.28 64.98 69.18 80.97 83.01 78.43 78.5 85.74 80.28 83.17 -9999 71.78 62.53 61.05 44.65 -9999 -9999 -9999 -9999 -9999 -9999 -9999 -9999 -9999 -9999 -9999 -9999 -9999 -9999 -9999 -9999 -9999 -9999 -9999 -9999 -9999 -9999 -9999 -9999 -9999 -9999 -9999 -9999 -9999 -9999 -9999 -9999 -9999 -9999 -9999 -9999 -9999 -9999 -9999 -9999 -9999 -9999
76.38 71.44 75 71.97 71.59 73.09 -9999 41.46 30.89 54.2 64.75 70.17 74.26 51.59 66.77 71.2 79.18 77.92 80.51 83.56 83.33 82.11 82.07 82.57 82.2 82.2 85.94 84.39 82.37 82.39 80.58 84.49 77.96 80.34 82.75 70.41 80.99 -9999 -9999 -9999 60.08 68.05 69.08 70.69 53.16 -9999 -9999 -9999 -9999 -9999 -9999 -9999 -9999 -9999 -9999 -9999 -9999 -9999 -9999 -9999 -9999 -9999 -9999 -9999 -9999 -9999 -9999 -9999 -9999 -9999 -9999 -9999 -9999 -9999 -9999 -9999 -9999 -9999
58.71 72.83 65.91 46.64 -9999 -9999 -9999 26.34 51.91 66.69 61.2 62.65 75.58 73.62 76.35 82.76 87.36 75.44 75.65 77.17 80.86 81.11 81.77 84.47 86.45 84.55 80.64 78.62 80.64 77.4 78.98 74.05 75.64 84.53 87.91 83.19 63.3 -9999 -9999 72.22 80.03 82.41 80.61 79.82 77.9 75.69 78.61 78.8 85.01 87.44 86.14 85.12 -9999 75.72 59.27 -9999 -9999 -9999 -9999 -9999 -9999 -9999 -9999 -9999 -9999 -9999 -9999 -9999 -9999 -9999 -9999 -9999 -9999 -9999 -9999 -9999 -9999 -9999
-9999 46.45 -9999 10.29 -9999 41.35 -9999 52.49 69.69 69.73 72.13 76.78 73.87 77.62 74.54 71.78 58.4 73.36 62.8 74.62 59.55 68.14 79.82 82.7 80.52 75.5 76.01 72.65 73.21 66.62 78.06 86.25 76.83 85.64 82.88 74.4 60.72 76.81 79.83 73.86 81.91 83.87 78.86 79.11 84.08 84.25 79.73 81.48 85.99 83.88 88.8 84.54 81.99 88.36 84.29 81.86 76.56 78.11 60.49 -9999 -9999 -9999 -9999 -9999 -9999 -9999 -9999 -9999 -9999 -9999 -9999 -9999 -9999 -9999 -9999 -9999 -9999 -9999
68.86 59.13 63.8 58.45 65.51 61.16 68.46 69.44 73.81 69.36 74 75.52 72.38 72.07 69.06 72.62 70.39 73.14 71.67 68.36 63.89 64.72 65.09 67.64 71.11 69.26 66.33 69.23 75.69 77.36 71.14 59.62 64.84 66.59 68.03 69.38 73.2 73.48 80.56 78.33 80.36 85.38 84.23 76.44 84.92 84.87 80.74 87.79 87.33 86.69 60.9 47.4 83.75 84.98 73.4 80.26 81.81 83.66 85.03 82.02 81.37 69.11 -9999 -9999 -9999 -9999 -9999 -9999 -9999 -9999 -9999 -9999 -9999 -9999 -9999 -9999 -9999 -9999
72.92 67.77 71.49 75.28 75.08 72.84 71.28 74.25 74.24 66.7 75.22 75.26 75.15 77.12 71.94 69.72 72.2 66.09 67.73 73.03 68.03 66.7 47.37 37.89 -9999 -9999 -9999 54.7 61.88 63.52 70.7 71.26 71.25 75.56 72.53 73.25 70.42 74.44 77.6 75.64 77.78 79.86 83.12 84.44 77.63 87.06 85.74 83.78 85.09 79.02 -9999 88.59 87.25 86.93 74.22 76.88 82.03 72.82 81.93 86.78 88.21 83.62 86.51 84.06 70.83 -9999 -9999 -9999 -9999 -9999 -9999 -9999 -9999 -9999 -9999 -9999 -9999 -9999
77.64 74.92 77.05 75.41 73.61 72.57 73.17 72.22 71.55 75.79 74.17 78.78 76.29 72.3 69.28 60.27 65.15 73.22 68.39 70.8 70.12 74.16 66.27 -9999 -9999 66.38 65.84 73.12 70.2 74.61 67.75 73.49 76.19 66.03 70.07 68.37 75.82 68.09 71.73 74.61 77.3 79.08 78.85 82.32 75.21 86.57 86.82 83.21 85.03 72.15 79.17 84.41 84.69 85.96 82.17 83.09 77.54 85.53 87.05 81.23 72.46 82.09 83.98 82.11 76.03 80.41 72.8 47.13 -9999 -9999 -9999 -9999 -9999 -9999 -9999 -9999 -9999 -9999
77.64 76.98 74.25 73.59 75.31 76.88 75.19 75.14 75.12 76.6 74.93 74.41 74.39 73.08 74.02 71.84 72.59 72.13 66.69 70.66 59.23 36.62 66.64 74.67 71.19 72.58 70.64 73.2 74.69 73.18 74.63 64.35 64.28 68.11 71.44 74.95 55.16 46.19 64.79 72.05 75.07 75.2 77.87 69.75 61.72 60.41 77.34 81.33 81.32 63.38 83.79 86.27 86.82 84.41 83.75 63.66 76.87 77.78 77.36 75.62 76.86 79.83 80.8 81.48 65.95 76.94 86.38 81.33 81.86 80.18 -9999 49.87 -9999 -9999 -9999 -9999 -9999 -9999
66.6 66.87 -9999 71.47 62.12 76.01 62.3 75.14 73.07 73.05 73.47 73.61 73.92 71.1 71.05 71.48 73.94 75.06 76.03 64.03 48.69 60.9 66.47 70.17 71.01 71.1 75.08 70.12 75.68 75.81 74.14 74.77 70.22 61.8 48.58 63.78 62.23 52.46 56.56 66.18 65.4 70.99 75.53 72.98 72.22 72.32 76.65 77.71 70.49 -9999 81.59 85.6 84.11 82 77.98 72.67 73.75 82.33 72.36 86.81 85.03 87.71 89 79.12 69.3 -9999 -9999 75.6 64.31 67.92 85.58 85.58 79.8 73.04 -9999 -9999 -9999 -9999
76.89 68.3 -9999 -9999 -9999 66.62 63.29 70.72 72.61 71.43 71.42 75.91 73.34 72.44 74.15 70.86 77.89 75.54 75.14 76.36 77.98 75.94 70.19 72.09 70.95 73.11 69.31 73.21 76.03 75.29 72.6 68.72 50.5 59.37 56.75 54.24 44.62 -9999 59.75 63.68 53.82 61.83 70.08 53.88 64.84 55.55 66.3 71.55 46.85 38.66 77.11 74.77 77.66 -9999 78.22 82.06 77.76 78.79 74.34 81.05 79.35 88.21 91.45 81.83 90.26 89.17 85.89 79.94 80.05 79.13 86.51 85.71 89.87 89.16 82.99 81.53 82.8 87.16
71.24 72.17 74.33 72.48 73.31 74.17 72.12 72.66 74.88 73.98 71.59 74.49 73.45 72.4 73.29 73.72 73.03 72.52 67.99 62.01 61 71.36 73.92 66.5 61.6 67.45 67.26 72.19 65.5 59.6 58.52 58.46 74.01 69.64 67.58 46.97 17.55 59.11 45.46 51.77 53.95 68.44 72.55 -9999 38.46 45.26 60.46 65.54 -9999 70.62 75.64 77.19 77.17 79.45 78.34 80.32 79.14 79.78 82.78 86.27 83.78 86.87 86.77 87.51 89.14 85.06 88.21 87.14 85.58 85.25 89.06 91.5 91.16 91.59 88.33 88.05 87.54 88.95
74.97 74.61 71.22 74.72 73.05 75.88 76.69 73.82 73.68 74.8 73.33 76.85 77.16 75.86 73.48 75.02 78.33 80.2 78.93 73.86 62.17 63.48 68.06 55.79 59.49 52.92 63.95 -9999 40.67 -9999 32.7 56.55 59.21 55.52 39.68 -9999 17.24 44.1 69.16 68.7 69.92 64.34 69.03 46.74 -9999 -9999 70.39 72.69 72.3 76.09 75.16 72.96 68.87 77.52 77.78 76.73 80.54 72.49 76.51 74.1 78.74 80.03 79.93 85.67 84.76 83.67 84.92 85.47 86.32 87.77 84.67 89.09 91.28 92.93 91.42 92.38 93.86 93.49
69.69 73.48 72.41 74.54 69.56 75.24 73.77 72.19 71.93 68.37 68.73 72.02 72.2 69.87 71.99 75.15 77.1 76.25 78.42 83.69 80.7 71.73 68.46 67.48 68.73 72.52 70.14 64.99 69.22 67.72 34.31 41.24 47.52 -9999 63.8 67.45 57.27 65.05 66.39 67.45 69.38 72 60.47 66.59 70.39 72.76 77 72.96 74.67 74.37 76.19 81.56 81.94 77.56 73.9 71.46 73.42 72.39 69.05 72.49 70.37 72.76 63.02 74.79 74.08 75.34 76.23 79.64 84.14 84.52 85.39 83.7 86.37 85.56 86.63 89.56 92.12 94.12
72 73.62 73.5 76.26 70.5 72.41 70.88 73.11 74.69 71.32 72.41 71.22 71.17 73.35 72.61 72.91 71.44 78.01 78.6 81.32 80.93 77.37 73.28 74.82 77.54 75.02 70.99 73.08 66.01 62.23 71.05 62.84 63.73 62.27 67.96 71.24 73.41 65.33 62.17 63.47 63.52 68.93 67.18 56.72 58.68 65.88 71.25 72.89 70.88 68.08 70.21 78.84 78.18 79.87 80.86 79.72 77.56 72.98 70.73 71.46 68.04 61.54 69.2 68.11 67.23 71.17 72.89 77.8 80.16 78.53 82.07 82.55 81.47 82.15 84.53 82.67 87.86 88.52
69.96 65.19 71.1 69.29 73.34 71.69 73.36 73 75.49 71.22 74.27 72.45 72.06 72.76 73.43 72.72 76.28 74.32 73.25 73.58 72.31 73.75 68.59 72.31 64.05 71.05 76.43 75.23 66.53 60.96 55.1 -9999 -9999 -9999 -9999 -9999 69.01 64.88 -9999 49.41 64.88 69.61 46.68 70.34 67.34 68.52 57.02 70.78 71.41 67.66 72.14 72.86 70.96 72.2 74.5 79.05 79.84 78.87 80.83 73.94 72.91 70.63 70.33 71.43 71.7 70.22 70.25 72.94 74.3 74.25 78.41 80.23 79.2 74.48 76.12 77.34 80.08 83.76
75.99 72.34 67.57 67.14 70.78 71 72.3 73.03 74.14 74.17 70.25 70.05 68.11 69.69 73.51 64.39 70.1 77.17 75.08 66.75 64.27 65.97 64.06 49.6 52.76 42.48 61.39 56.13 56.14 55.46 53.7 -9999 -9999 -9999 -9999 -9999 56.22 67.56 68.05 67.95 74.11 69.31 56.03 59.3 61.67 71.17 67.08 58.63 46.23 62.89 76.2 74.73 71.22 61.1 64.64 68.44 76.13 75.31 74.97 77.29 77.78 78.94 75.26 72.54 74.44 77.08 75.97 75 79.31 81.58 80.3 80.33 80.58 85.23 83.89 83.47 84.43 84.97
71.63 72.57 54.7 61.79 67.12 64.41 67.88 67.91 71.03 71.04 68.14 67.09 67.19 75.39 71.94 69.05 73.94 73.8 62.38 61.67 61.38 66.7 64.61 45.53 52.43 64.16 60.15 -9999 -9999 20.06 -9999 29.5 49.91 54.4 -9999 -9999 -9999 -9999 -9999 -9999 -9999 55.15 49.96 56.06 63.36 68 68.33 68.37 62.29 47.98 73.12 76.58 76.03 68.77 67.01 72.74 76.55 61.79 -9999 67.12 77.36 79.27 77.38 77.17 77.65 73.91 72.57 74.89 77.21 76.71 80.97 79.44 77.57 78.21 81.93 85.23 82.15 84.44
63.17 55.26 -9999 48.54 54.9 59.23 64.66 65.61 69.41 72.46 72.58 69.48 70.28 73.06 69.69 65.81 64.47 57.1 60.77 61.39 58.52 58.05 58.53 43.08 46.75 52.18 62.2 57.4 51.7 56.5 30.91 25.18 57.83 66.15 58.73 -9999 -9999 -9999 -9999 -9999 -9999 -9999 -9999 -9999 27.34 42.78 -9999 -9999 58.8 64.81 66.28 71.29 75.28 77.44 70.47 73.06 74.05 76.95 77.95 77.22 74.96 72.81 73.21 75.88 79.71 82.28 82.36 80.07 76.69 76.1 75.59 75.52 76.48 79.47 81.34 79.69 78.16 74.11
63.4 61.84 61.45 65.94 62.53 56.8 61.92 68.14 64.4 73.81 73.97 70.74 67.53 63.42 68.31 67.53 56.43 54.63 58.52 62.39 56.49 55.78 -9999 47.84 56.55 40.7 48.94 51.48 49.6 43.69 52.31 45.37 56.76 62.95 64.14 56.31 47.8 54.12 49.7 -9999 -9999 -9999 -9999 -9999 -9999 -9999 -9999 -9999 -9999 -9999 35.84 50.3 55.34 62.4 68.75 74.81 72.47 65.66 69.7 65.31 63.74 70.25 59.94 67.8 74.54 68.67 59.76 42.02 72.43 72.88 74.28 76.89 78.43 79.92 79.5 78.63 78.84 82.53
