resultados/variables/landcover_veg_bare.asc
ncols 330
nrows 228
xllcorner -12.000000
yllcorner 34.000000
cellsize 0.166667
NODATA_value -9999
[rows 111 to 147 of 228, columns 85 to 169 of 330]
-9999 -9999 -9999 -9999 -9999 -9999 -9999 -9999 -9999 -9999 -9999 -9999 -9999 -9999 -9999 -9999 -9999 -9999 -9999 2.09 -9999 -9999 -9999 -9999 -9999 -9999 0.52 1.34 -9999 0.35 0.62 0.07 0 0.01 0.12 0.1 -9999 0.26 0.12 0 0 0.07 0.01 0.03 0.17 0.4 1.91 0.47 0.38 0.04 0.2 0.23 0.14 0.19 0.39 0.61 0.09 0.45 0.56 0.91 0.43 0.67 0.39 -9999 0.3 0.46 0.16 0.16 0.39 0.13 0.06 0.16 0.08 0.78 2.39 0.37 0.52 1.38 0.36 0.2 0.64 0.71 0.26 0.57 0.35
-9999 -9999 -9999 -9999 -9999 -9999 -9999 -9999 -9999 -9999 -9999 -9999 -9999 -9999 -9999 -9999 5.58 -9999 -9999 -9999 1.07 1.05 0.11 0.03 0.19 0.13 0.96 0.09 1.18 0.29 0.34 0.34 0.01 0 0.01 0.03 0.05 0.1 0.28 0.06 0 0.03 0.16 0.12 0.1 0.15 0.05 0.28 0.25 1.17 0.17 0.43 0.06 0.49 0.46 0.22 0.28 0.07 0.12 0.44 0.57 0.5 0.59 0.46 0.41 0.2 0.12 0.2 0.3 0.43 0.6 0.34 0.47 0.43 0.17 0.51 1.11 1.1 1.16 0.43 0.33 0.21 0.3 0.5 0.48
-9999 -9999 -9999 -9999 -9999 -9999 -9999 -9999 -9999 -9999 -9999 -9999 -9999 -9999 -9999 3.64 -9999 -9999 -9999 1.07 0.1 0.08 0.02 0.32 0.01 0.08 0.17 0.13 0.39 0.29 0.17 0.31 0.41 0.06 0.22 0.04 0.65 0.01 0.41 3.63 0.94 0.14 0.06 0.14 0.05 0.26 0.49 0.31 0.4 0.58 0.46 0.39 0.21 0.25 0.08 0.06 0.2 0.24 0.35 0.34 0.49 1.07 0.98 0.98 0.32 0.26 0.38 0.71 0.35 0.24 0.47 0.6 1.74 0.27 0.2 0.34 0.89 1.65 0.93 1.32 0.66 0.4 0.12 0.28 0.12
-9999 -9999 -9999 -9999 -9999 -9999 -9999 -9999 -9999 -9999 -9999 -9999 -9999 -9999 -9999 5.64 -9999 -9999 -9999 0.55 0.27 0.26 0.22 0.04 0.07 0.15 0.21 0.04 0.17 0.18 0.17 0.36 0.23 0.26 0.13 0.56 0.08 0.09 0.01 0.25 0.02 0.04 0.19 0.06 0.14 0.1 0.17 0.39 0.11 0.61 0.86 0.79 0.29 0.49 0.38 0.18 0.17 0.44 0.14 0.17 0.25 0.7 0.49 0.69 0.25 0.32 0.42 0.21 0.06 0.42 0.32 0.59 0.23 0.4 0.66 0.33 0.72 1.02 0.28 0.88 1.28 0.64 0.04 0.23 0.18
-9999 -9999 -9999 -9999 -9999 -9999 -9999 -9999 -9999 -9999 -9999 -9999 -9999 -9999 -9999 1.72 0.38 0.79 1.72 -9999 -9999 0.33 0.06 0.06 0.16 0.24 0.07 0.03 0.55 0.47 0.32 0.24 0.14 0.14 0.18 0.11 0.4 0.43 0.14 0.09 0.04 0.04 0.12 0.07 0.08 0.45 0.35 0.1 0.25 0.09 0.49 0.47 0.22 0.15 0.45 0.1 0.16 0.23 0.22 0.38 0.39 0.23 0.24 0.04 0.2 0.3 1.41 0.23 0.68 0.56 0.3 0.47 0.28 0.34 0.84 0.77 0.14 0.67 1.33 0.33 0.05 0.05 0.07 0.09 0.1
-9999 -9999 -9999 -9999 -9999 -9999 -9999 -9999 -9999 -9999 -9999 -9999 -9999 -9999 -9999 0.83 0.17 -9999 -9999 -9999 2 1.54 0.38 0.46 0.01 0.03 0.05 0.29 0.12 0.48 0.44 0.08 0.12 0.05 0.16 0.11 0.49 0.22 0.07 0.17 0.08 0.16 0.28 0.26 0.1 0.24 0.15 0.64 0.65 0.58 0.44 0.13 0.53 0.67 0.53 0.53 0.38 0.34 1.17 0.57 0.84 0.59 0.14 0.21 1.04 0.66 3.77 8.11 3.83 0.88 0.76 0.46 0.41 0.81 0.74 0.79 0.18 0.14 0.12 0.19 0.31 0.51 0.6 0.59 0.73
-9999 -9999 -9999 -9999 -9999 -9999 -9999 -9999 -9999 -9999 -9999 -9999 -9999 -9999 5.06 3.71 7.46 -9999 4.37 2.23 1.16 0.71 0.11 0.23 0.13 0.04 0.33 0.07 0.02 0.45 0.15 0.2 0.12 0.04 0.16 0.1 0.09 0.14 0.1 0.14 0.06 0.04 0.06 0.63 0.55 3.98 1.27 0.78 1.14 0.43 0.44 1.02 0.46 0.19 0.87 0.63 2.76 0.52 0.38 0.53 0.48 0.93 1.74 0.83 0.76 1.22 1.95 4.89 2.9 0.74 0.34 1.16 0.27 0.79 1.33 1.23 0.61 0.5 0.38 0.65 0.9 0.52 0.21 0.61 0.74
-9999 -9999 -9999 -9999 -9999 -9999 -9999 -9999 -9999 -9999 -9999 -9999 -9999 -9999 3.32 2.62 1.04 0.36 2.04 0.52 0.16 0.42 0.92 0.34 0.33 0.05 0.29 0.53 0.94 0.26 0.21 0.61 0.42 0.29 0.27 1.42 0.07 0.12 0.41 0.53 0.63 0.32 0.27 0.26 0.83 1.9 1.5 1.05 1.68 1.31 2 0.31 0.6 0.92 0.19 0.74 1.36 0.67 0.76 0.42 0.73 0.45 0.17 0.76 0.28 0.35 0.9 0.32 0.62 0.35 0.48 0.44 0.59 1.06 1.3 0.28 0.32 0.17 0.3 0.64 0.89 1.1 1.1 0.52 0.18
-9999 -9999 -9999 -9999 -9999 -9999 -9999 -9999 -9999 -9999 -9999 -9999 6.76 2.86 1.48 0.45 0.2 2.75 0.58 0.84 0.79 0.8 0.17 0.09 0.2 0.14 0.05 0.17 0.04 0.23 0.33 0.24 0.32 0.07 0.13 0.38 0.07 0.2 1.23 0.44 0.18 0.07 0.12 0.92 0.17 0.67 1.12 0.67 0.72 1.34 0.92 0.7 0.64 0.45 0.53 1 3.85 0.84 0.18 0.47 0.91 0.23 0.19 0.41 0.34 1.47 1.57 0.33 0.15 0.17 0.1 0.41 0.52 0.52 1.28 0.5 0.42 0.58 0.19 0.22 0.54 0.79 0.55 0.75 0.49
-9999 -9999 -9999 -9999 -9999 -9999 -9999 -9999 -9999 -9999 -9999 6.09 -9999 -9999 3.29 0.1 0.24 0.13 0.2 0.18 0.26 0.34 1.53 0.41 0.23 0.08 0.25 0.25 0.29 0.15 0.31 0.14 1.31 0.15 0.29 0.19 0.46 0.67 0.32 0.54 0.32 0.26 0.04 0.07 0.11 0.2 0.1 0.29 0.21 0.9 0.82 0.96 0.41 0.95 0.58 0.78 1.14 0.74 0.27 0.63 0.48 0.42 0.98 0.59 0.63 0.7 0.21 0.28 0.21 0.54 0.77 0.42 0.68 1.83 0.3 0.79 0.17 0.19 0.18 0.73 0.44 0.41 0.28 0.26 0.48
-9999 -9999 -9999 -9999 -9999 -9999 -9999 -9999 -9999 -9999 -9999 2.07 -9999 1.23 3.54 1.45 0.83 0.67 1.18 0.19 0.67 0.54 0.39 0.48 0.3 0.16 0.39 0.1 0.23 0.38 0.28 0.17 0.09 0.66 0.37 0.67 0.17 0.16 0.24 1.21 0.02 0.04 0.07 0.2 0 0.04 0.52 0.14 0.3 0.06 0.09 0.46 0.46 0.98 0.6 1.86 0.65 2.05 1.02 0.53 1.1 1.66 0.13 0.16 0.52 0.3 0.39 0.1 0.1 2.09 1.57 1.18 1.35 3.88 5.48 0.14 0.19 0.28 0.17 0.23 0.38 0.68 0.66 0.67 1.02
-9999 -9999 -9999 -9999 -9999 -9999 -9999 -9999 1.47 1.04 -9999 0.82 0.69 1.28 0.98 1.81 1.05 1.96 0.21 0.38 0.35 0.06 0.37 0.23 0.35 0.12 0.8 0.72 0.97 1.54 0.99 1.93 0.95 0.35 0.21 0.25 0.17 0.51 0.24 0.08 0.04 0.17 0.06 0.03 0.06 0.1 1.07 0.1 0.27 0.15 0.2 0.44 0.06 0.16 0.1 0.63 1.15 0.39 0.93 0.41 2.66 2.9 0.22 0.12 0.5 0.35 0.19 0.13 0.27 5.05 3.12 6.91 6.28 1.31 0.43 0.17 0.16 0.43 0.95 0.91 0.36 0.3 0.57 1.38 2.75
-9999 -9999 -9999 -9999 -9999 -9999 -9999 -9999 -9999 -9999 -9999 1.34 1.84 0.11 0.06 0.11 0.06 0.04 0.07 2.87 0.73 0.58 0.02 1.3 0.8 0.52 1.16 2.82 2.29 1.18 0.92 1.03 0.41 0.36 0.24 0.07 0.06 0.14 0.1 0.17 0.05 0.21 0.07 0.36 0.11 0.03 0.14 0.27 0.37 0.57 0.47 0.85 0.62 0.5 0.95 0.39 0.76 1.39 3.18 1.09 3.21 3.09 0.21 0.57 0.12 0.03 0.7 0.5 0.27 0.41 0.4 0.92 3.33 4.81 10.24 1.66 1.71 0.05 0.01 1.74 2.77 0.15 0.14 0.67 0.53
-9999 -9999 -9999 -9999 -9999 2.04 2.35 0.56 0.72 1.27 1.49 0.56 7.08 12.71 0.24 0.22 0.51 0.17 0.78 0.41 0.58 0.46 0.7 0.71 0.55 1.78 1.62 4.72 0.84 1.1 0.98 0.14 0.21 0.05 0.07 0.05 0.01 0.01 0.04 0.01 0.28 0.03 0.15 0.94 0.9 0.07 0.07 0.23 0.32 1.2 0.99 0.88 0.66 0.5 0.79 0.29 0.47 1.68 4.03 1.7 3.85 5.18 0.29 0.2 0.15 0.3 0.93 0.17 0.57 0.46 0.24 0.22 0.13 0.76 0.08 0.2 0.49 0.34 0.3 0.45 0.32 0.51 0.45 0.37 0.49
-9999 -9999 3.55 1.34 0.17 0.25 0.09 0.08 0.07 5.16 0.23 0.65 0.6 1.94 0.26 0.27 0.22 0.29 0.72 0.38 0.28 0.69 0.9 0.41 0.91 2.95 4.31 2.62 2.56 0.42 0.07 0.02 0.12 0.01 0.17 0.03 0 0.02 0.05 0.19 0.07 0.05 0.51 0.23 0.09 0.01 0.04 0.04 0.21 0.25 0.95 0.78 1.25 1.53 0.34 0.92 0.8 0.87 0.21 1.09 2.84 2.6 0.29 0.17 0.26 0.3 0.22 0.23 1.32 5.32 0.28 0.15 0.3 0.14 0.24 0.22 2.62 0.29 0.23 0.18 0.18 0.14 0.15 0.33 0.78
3.55 4.07 2.03 0.15 0.23 0.91 1.23 0.42 0.35 0.12 0.13 0.68 1.77 7.42 0.75 1.07 0.17 0.09 0.25 0.86 0.6 2.04 0.9 1.31 3.12 4.3 5.86 2.27 5.18 2.28 0.02 0.01 0.03 0.01 0.11 0.42 0.01 0.09 0.03 0.06 0.04 0.09 0.12 0.03 0.01 0.26 0.04 0.07 0.35 0.12 0.33 1.51 0.96 2.24 0.81 0.49 0.74 0.13 0.44 1.35 0.7 0.47 0.17 0.37 1.17 0.49 0.34 0.81 0.2 0.24 0.56 0.03 0.01 0 0.4 0.71 5.75 0.03 0.08 0.03 0.04 0.14 0.03 0.12 0.54
2.51 2.24 2.27 0.98 1.08 2.83 3.48 0.23 0.31 0.01 0.16 0.05 1.75 1.85 0.21 0.38 0.76 0.84 0.75 0.38 0.69 0.17 0.02 1.09 0.28 0.84 1.37 2.37 2.13 3.14 0.67 0.01 0.03 0.02 0.07 0.05 0.23 0.06 0.07 0.15 0.15 0.17 0.13 0.01 0.05 0.07 0.05 0.05 0.23 0.1 0.07 0.17 0.58 0.33 0.43 0.1 0.26 0.17 0.16 0.47 0.15 1.28 0.54 0.41 1.41 0.07 0.03 0.04 0.01 0.03 0.12 0.09 0.22 0.03 0.33 0.1 0.04 0.55 0.11 0.04 0.21 0.19 0.01 0.04 0.23
1.92 1.79 1.65 2.93 3.16 6.91 0.51 0.71 0.08 0.14 0.11 0.33 0.26 0.46 0.46 0.68 0.83 0.74 0.33 1.11 2.74 0.01 0.22 0.04 0.02 0 0.39 0.51 0.83 0.82 0.31 0.04 0.07 0.04 0.02 0.04 0.06 0.39 0.79 0.74 0.1 0.01 0 0.09 0.18 0.66 0.01 0.16 0.17 0.29 0.14 0.36 0.03 0.21 0.01 0.41 0.06 0.05 0.04 0.4 0.56 0.24 0.12 0.28 0.06 0.09 0.07 0.46 3.92 5.21 1.04 0.89 0.67 0.14 0.27 0.14 0.2 0.27 0.06 0.08 0.13 0.08 0.25 0.03 0.19
1.57 1.79 2.44 3.99 4.99 2.73 1.04 0.41 1.2 0.19 0.79 0.9 0.57 2.6 1.16 0.33 0.4 0.11 0.03 0.08 0 0 0 0.01 0.01 0 0.05 0.02 0.01 0.02 0.35 1.9 2.02 0.43 0.36 0.7 0.17 0.1 0.39 1.34 0.45 0.07 0.01 0 0.04 0.03 0.01 0.28 0.78 0.68 0.29 0.17 0.15 0.09 0.1 0.03 0.1 0.06 0.11 0.47 0.2 0.04 0.01 0.02 0.03 0.03 2.31 5.11 3.9 1.61 0.78 1.31 2.42 1.54 0.44 0.64 0.98 0.3 0.35 0.49 0.2 0.24 0.37 0.33 0.04
1.91 1.98 2.91 4.04 4.43 3.73 3.71 2.96 1.06 0.11 0.47 0.19 0.32 0.36 0.33 0.13 0.17 0.05 0.1 0.01 0 0 0.01 0.01 0 0.01 0.03 0.03 0.07 0.28 0.22 0.38 0.24 0.22 0.23 0.11 0.36 0.03 1.14 2.37 1.41 0.57 0.18 0.06 0.01 0.02 0.09 0.17 0.69 0.62 0.26 0.13 0.34 0.33 0.16 0.16 0.08 0.23 0.52 0.22 0.07 0.27 4.05 4.06 0.44 0 0.33 1.51 1.31 1.23 1.29 1.68 1.75 1.8 2.33 1.74 1.93 1.22 0.58 0.34 0.21 0.97 0.94 0.2 0.21
2.19 3.52 3.81 5.12 6.43 6.02 4.33 2.28 0.6 0.01 0.07 0.02 0.01 0.02 0 0.1 0 0.01 0.05 0 0 0 0 0.02 0 0.01 0.17 0.02 0.09 0.34 0.14 0.47 0.24 0.34 0.05 0.33 3.08 2.58 4.78 4.12 1.95 0.54 0.12 0.02 0.05 0.13 0.46 0.67 1.6 0.42 0.51 0.13 0.18 0.33 0.13 0.33 0.2 0.04 0.1 0.39 0.15 0.98 0.47 0.09 0.12 0.33 0.54 0.45 0.74 0.76 0.28 1.11 2.83 6.96 3.62 1.91 1.35 1.95 1.15 0.54 0.53 0.99 0.45 0.18 0.4
3.12 2.65 4.18 4.63 4.5 5.18 5.35 3.21 2.34 0.67 0.12 0.08 0.08 0.02 0.03 0.01 0 0 0.01 0 0 0.02 0 0.04 0.01 0.17 0.72 0.26 0.26 0.08 0.34 0.4 0.27 1.1 3.11 4.05 5.51 3.67 3.7 0.6 1.02 1.23 0.2 0.01 0.33 0.93 0.81 1.89 1.06 0.54 0.28 0.28 2.02 0.22 0.32 0.09 0.92 0.13 0.07 0.11 0.18 0.02 0.04 0.28 0.15 0.21 0.38 0.25 0.35 0.13 0.52 0.47 0.31 0.72 0.68 0.1 0.28 1.07 0.83 0.8 0.43 0.36 0.61 0.53 0.54
3.65 4.28 4.14 6.11 4.45 4.27 4.04 2.69 4.44 4.62 2.46 0.9 0.12 0.04 0.04 0.5 0.18 0.01 0.01 0 0 0.08 0.04 0.1 0.06 0.16 0.71 0.38 0.07 0.04 0.06 0.1 0.62 1.25 2.62 7.11 6.53 4.8 2.51 0.11 0.24 0.22 0.42 0.22 0.26 0.26 2.13 1.4 0.47 0.18 0.04 0.27 0.4 0.69 0.06 0.05 0.1 0.31 0.57 0.34 0.17 0.01 0.1 0.23 0.58 0.6 0.84 1.83 0.49 0.15 0.32 0.25 0.23 0.17 0.19 0.47 0.27 0.14 0.16 0.48 0.36 0.2 0.23 0.08 0.74
5.13 5.37 6.83 3.94 1.58 1.17 1.12 0.35 3.06 2.26 2.76 4.68 2.23 0.49 0.09 0.1 0.12 0.1 0.13 0.01 0.04 0.4 0.88 1.31 0.21 0.35 0.11 0.14 0.05 0.07 0.13 0.07 0.14 0.3 0.73 5.47 8.35 8.1 2.77 0.23 0.07 0.03 0.06 0.25 0.24 0.23 1.11 0.76 0.55 0.14 0.12 0.1 0.68 1.16 0.18 0.12 0.1 0.35 0.45 0.25 0.07 0.06 0.04 0.12 0.37 0.58 0.48 0.08 0.06 0.02 0.21 0.15 0.12 0.17 0.16 0.27 0.05 0.24 0.17 0.24 0.54 0.34 0.61 0.4 0.46
2.68 2.69 5.26 4.12 0.54 1.54 1.38 1.05 0.9 0.87 3.03 2.75 2.95 2.57 1.46 0.17 0.15 0.17 0.23 0.34 0.32 0.47 0.67 0.83 0.63 0.41 0.46 0.74 0.19 0.3 0.46 0.32 0.78 1.27 0.27 0.29 5.77 7.47 4.26 0.89 0.12 0.14 0.07 0.08 0.1 0.23 0.07 0.11 0.41 0.03 0.08 0.35 1.35 6.32 0.44 0.15 0.13 0.2 0.82 0.32 0.12 0.09 0.01 0.04 0.38 0.1 0.35 0.04 0.11 0.09 0.2 0.11 0.09 0.14 0.35 0.49 0.14 0.29 0.48 0.06 1.01 0.3 0.33 0.72 0.65
2.13 2.32 1.08 3.83 3 1.01 2.32 2.52 1.5 1.59 2.54 5.82 2.08 3 1.29 0.28 0.06 0.25 0.41 0.22 0.31 0.27 0.74 2.73 0.8 0.09 0.34 0.87 1.81 1.02 0.38 1.23 0.69 0.05 0.03 1.37 4.83 3.87 2.23 0.59 0.57 0.84 1.27 0.34 0.32 0.15 0.15 0.04 0.09 0.04 0.42 0.18 0.27 0.67 0.19 0.74 0.35 0.54 0.4 0.97 0.19 0.07 0.1 0.05 0.02 0.01 0.01 0.01 0.1 0.21 0.37 0.41 0.07 0.39 0.18 0.18 0.17 0.2 0.28 0.42 0.34 0.63 1.39 0.77 0.82
2 3.12 4.5 4.79 6.3 2.43 2.2 1.31 0.74 0.97 1.83 1.46 2.44 1.45 1.91 1.34 0.36 0.42 1.04 0.89 0.02 0.23 0.34 1.25 1.32 0.27 0.45 0.98 0.21 0.34 0.23 0.07 0.01 0.03 0.24 1.65 3.58 2.46 1.23 0.77 0.58 1.32 2.21 0.15 0.02 0.23 0.04 0.3 0.11 0.12 0.21 0.28 0.27 0.17 0.18 0.34 0.12 0.29 0.23 2.64 0.39 0.05 0.01 0.01 0.03 0 0.05 0 0 0.04 0.08 0.14 0.4 0.28 0.21 0.23 0.15 0.39 0.05 0.57 0.74 0.97 0.91 1.12 1.52
18.65 24.16 8.2 4.89 3.36 3.92 3.08 1.86 1.18 0.51 1.47 2.47 1.64 3.4 2.9 1.59 0.34 0.28 1.25 0.59 0.43 0.07 0.12 0.43 0.1 0.11 0.09 0.04 0.03 0.06 0.07 0.05 0.22 0.09 0.93 1.03 1.46 0.81 0.29 0.52 0.74 2.14 2.42 0.71 0.13 0.09 0.02 0.24 0.12 0.45 0.49 0.2 0.29 0.34 0.65 0.41 0.31 0.36 0.7 0.89 1.71 1.01 2.29 0.51 0.12 0.06 0.01 0.4 0.25 0 0.01 0.01 0.08 1.44 0.52 0.12 0.07 0.07 0.15 0.31 0.67 0.53 0.63 2.65 2.06
8.41 15.1 3.98 1.18 1.59 3.91 4.23 3.89 1.98 1.93 2.55 3.2 2.94 2.61 2.87 2.17 0.4 0.33 0.24 0.49 0.35 0.17 0.43 1.02 2.26 0.1 0.21 0.09 0.05 0.21 0.07 1.05 1.57 2.45 1.15 1 0.41 0.02 0 0.12 1.33 2.75 4.91 1.21 0.8 0.86 0.18 0.49 0.2 0.08 0.23 0.81 1.04 0.58 1.25 3.15 1.83 0.75 0.53 0.28 0.73 0.76 1.84 2.43 1.45 0.4 0.06 0.01 0.04 0.01 0 0.03 0.13 0.07 0.04 0.06 0.36 0.27 0.37 0.18 0.28 0.65 2.25 4.24 2.16
3.19 3.15 4.28 4.1 3.52 5.75 4.68 3.38 1 1.79 2.55 4.02 2.83 3.6 1.35 -9999 1.45 0.35 0.26 0.1 0.28 0.18 0.17 0.28 0.66 0.35 0.28 0.03 0.02 0.07 0.04 1.15 4.26 8.37 0.57 0.37 0.04 0.01 0.14 0.37 0.69 0.72 1.04 0.73 0.27 0.29 0.19 0.41 0.84 1.58 0.7 0.59 0.66 0.43 0.78 0.62 0.81 0.69 0.43 1.04 0.52 0.62 0.46 0.27 0.21 0.34 0.38 0.7 0.08 0 0 0 0.02 0.01 0 0 0.04 0.17 0.14 0.25 0.17 0.88 3.71 2.67 3.01
2.47 2.14 0.87 0.7 1.88 1.2 2.02 1.57 1.26 2.05 1.99 2.52 2.95 2.2 0.89 0.14 0.28 0.23 0.24 0.33 0.03 0.18 0.03 0.04 0.12 0.02 0.06 0.12 0.12 0.02 0.02 0.79 1.54 1.17 1.01 0.11 0.02 0.23 0.19 0.23 0.44 0.48 0.69 0.15 0.21 0.41 1.93 1.42 0.79 0.43 0.11 0.28 4.09 0.43 0.31 0.57 0.65 1.79 0.75 0.25 0.37 0.24 0.1 0.15 0.08 0.07 0.79 0.28 0.01 0.01 0.06 0.15 0.01 0.07 0.01 0 0 0.01 0.01 0.1 1.82 2.42 2.65 2.88 2.65
5.54 3.09 3.88 0.97 1.43 1.66 2.37 0.76 0.61 0.99 0.89 4.42 0.68 0.33 0.44 0.9 0.11 0.06 0.02 0 0.03 0.04 0.15 0.08 0.03 0.81 0.01 0.01 0.35 0.01 0.11 1.27 0.55 0.95 0.02 0.03 0.01 0.13 0.22 0.07 0.29 0.32 0.33 0.12 0.15 0.85 0.9 0.67 0.07 0.24 0.05 0.91 1.91 0.51 1.09 1.85 3.85 1.67 0.88 0.08 0.05 0.38 0.56 0.51 0.25 0.22 0.1 0.12 0.02 0.2 0.24 1.22 4 0.75 0.7 0.02 0.01 0.14 0.38 0.68 2.48 1.96 1.83 0.95 2.49
1.43 2.67 3.69 1.45 1.25 1.16 0.65 0.12 0.26 0.14 0.32 0.1 0.23 1.56 0.76 0.27 0.23 0.43 0.02 0.01 0 0 0.01 0.02 0 0.1 0.23 0.03 0.1 0.01 1.6 2.46 0.87 0.86 0.77 0.01 0.09 0.55 0.69 0.33 0.09 0.29 0.36 0.43 0.21 0.33 0.12 0.09 0.09 0.1 0.07 0.38 0.45 0.14 0.41 1.59 7.45 2.54 0.12 0 0.06 0.01 0.31 0.07 0 0.02 0 0 0.08 0.36 0.78 1.11 0.34 0.38 0.18 0.24 0.31 0.33 0.12 0.23 0.47 0.03 0 0.02 3.79
0.41 0.27 0.7 2.03 0.84 0.42 0.21 1.56 1.43 1.05 0.31 0.1 0.18 0.25 0.18 0.07 0.05 0.03 0.02 0.04 0 0.01 0.06 0.01 0.03 0.01 0 0.04 0.01 0.01 1.61 1.05 1.21 0.66 0.27 0 0.03 0.28 0.2 0.17 0.16 0.2 0.23 0.06 0.09 0.06 0.01 0.1 0.39 0.01 0.28 0.01 0.01 0.28 0.04 0.12 0.01 0.09 0.04 0.46 0.03 0.16 0.25 0.01 0.17 0.03 0.01 0.01 0.09 0.17 0.04 0.09 0.01 0.01 0 0.01 0 0 0.09 0.01 0.01 0 0.02 0.26 6.5
1.25 0.77 0.35 0.14 0.28 0.03 0.09 0.26 2.31 3.12 0.94 0.1 0.1 0.12 0.2 0.1 0.1 0.02 0.04 0.02 0.02 0.04 0.04 0.05 0.01 0.13 0.09 0.01 0.01 0.35 2.12 1.82 0.62 0 0.01 0 0.02 0.27 0.36 0.52 0.74 0.5 0.17 0.07 0.45 0.04 0 0.1 0.36 0.01 0.08 0 0.07 0.04 0.07 0.06 0.05 0.07 0.05 0.03 0 0.01 0.05 0.15 0.56 0.87 0.03 0.09 0.88 2.13 3.78 7.33 0.52 0.2 0.01 0.11 0.13 0.54 0.11 0.02 0.42 0.84 0.09 1.06 2.05
0.04 0.09 0.01 0.21 0.28 0.03 0.28 0.27 0.15 0.21 0.1 0.02 0.05 0.07 0.05 0.17 0.18 0.19 0.04 0.12 0.18 0.11 0.1 0.39 0.02 0 0 0.74 0.84 0.08 0.2 0.33 4.06 0.66 0.23 0.12 0.24 0.24 0.24 0.24 0.22 0.18 0.2 -9999 -9999 0.12 0.01 0.01 0.16 0.02 0.28 0.18 1.43 0.14 0.21 0.39 0.16 0.27 0.23 0.01 1.9 0.51 2.09 1.62 6.66 4.21 6.4 0.73 2.71 2.19 1.12 5.27 2.71 1.5 3.24 0.83 1.69 4.5 2.24 0.19 0 0.05 0.04 0.02 0.04
0.01 0.07 0.03 0.79 0.63 0.38 0.08 0.01 0.04 0.01 0.06 0.01 0.01 0.06 0.09 0.21 0.14 1.69 0.21 0.17 0.37 0.3 0.05 0.04 0.03 0.05 0 0.29 0.18 0.03 0.02 0.2 0.17 0.1 0.15 0.32 0.59 1.2 2.89 0.41 0.04 0.1 0.03 0.43 0.46 0.28 0.01 0.65 0.13 5.91 2.46 2.12 6.87 6.58 2.29 14.37 8.31 1.12 0.03 0.06 0 0.06 0.08 1.9 8.29 10.28 0.71 0.01 10.68 3.36 0.51 0.02 0.14 1.04 1.78 1.55 0.43 0.23 0.22 0.04 0 0 0.06 0.23 0.08
