resultados/variables/landcover_veg_tree.asc
ncols 330
nrows 228
xllcorner -12.000000
yllcorner 34.000000
cellsize 0.166667
NODATA_value -9999
[rows 175 to 209 of 228, columns 0 to 78 of 330]
-9999 -9999 -9999 -9999 -9999 -9999 -9999 -9999 -9999 -9999 -9999 -9999 -9999 -9999 -9999 -9999 -9999 14.42 46.09 51.49 41.16 39.15 42.6 40.58 35.27 30.34 32.35 31.48 44.66 44.86 49.48 40.44 33.53 36.56 34.63 36.17 30.06 24.5 30.51 42.42 36.83 29.75 38.71 21.3 14.41 10.01 13.21 23.39 21.09 22.77 26.39 35.75 20.91 28.57 14.71 21.34 37.37 34.75 48.35 37.13 17.66 14.36 16.63 17.61 32.53 43.12 48.29 43.47 31.16 8.76 13.84 12.82 13.24 31.98 26.2 40.91 50.03 24.25 28.51
-9999 -9999 -9999 -9999 -9999 -9999 -9999 -9999 -9999 -9999 -9999 -9999 -9999 -9999 -9999 -9999 -9999 -9999 -9999 32.97 49.8 48.04 41.01 39.55 35.12 33.2 31.93 38.44 53.57 54.26 37.85 25.38 22.59 34.26 37.78 25.11 13.88 15.43 9.04 6.84 10.36 11.4 21.54 10.35 15.82 6.49 5.32 5.51 9.01 11.7 8.49 7.49 2.7 7.36 10.47 19.18 21.48 15.84 12.74 8.02 3.1 2.88 19.36 23.89 14.82 29.38 24.55 24.04 35.27 31.28 42.33 47.49 30.45 35.52 29.02 20.64 19.93 15.27 32.58
-9999 -9999 -9999 -9999 -9999 -9999 -9999 -9999 -9999 -9999 -9999 -9999 -9999 -9999 -9999 -9999 -9999 -9999 -9999 32.4 42.97 39.93 50.73 44.78 39.18 44.31 44.79 45.15 45.01 38.49 30.92 34.27 37.16 37.09 24.43 14.85 7.77 5.07 4.78 1.78 1.02 2.06 7.18 3.18 2.17 2.14 2.27 1.74 2.92 3.44 7.06 22.37 19.45 26.68 14.54 6.64 15.51 5.63 4.51 3.28 2.65 3.76 3.22 7.9 11.91 23.61 46.03 39.51 37.71 27.13 37.8 40.45 30.42 24.16 37.11 42.49 44.28 27.14 34.75
-9999 -9999 -9999 -9999 -9999 -9999 -9999 -9999 -9999 -9999 -9999 -9999 -9999 -9999 -9999 -9999 -9999 -9999 -9999 -9999 40.67 43.3 43.28 47.01 38.25 34.92 39.25 38.12 33.9 31.36 38.25 28.27 25.8 29.84 37.19 20.5 9.43 7.71 4.37 1.19 1.18 0.78 0.44 1.04 2.35 1.34 1.75 1.68 3.13 2.33 8.47 33.73 49.81 52.5 48.76 40.12 39.41 26.18 21.96 5.74 3.9 4.25 3.15 2.02 3.56 6.56 25.58 19.55 9.84 20.46 25.46 25.93 26.3 27.17 24.05 18.43 17.8 24.97 35.34
-9999 -9999 -9999 -9999 -9999 -9999 -9999 -9999 -9999 -9999 -9999 -9999 -9999 -9999 -9999 -9999 -9999 -9999 -9999 46.57 37.76 38.24 42.52 44.7 40.06 22.73 34.04 41.38 39.79 30.71 29.45 31.79 37.44 35.25 27.99 17.08 15.85 6.45 3.23 2.04 0.83 0.66 0.74 1.24 2.4 3.98 4.27 2.68 2.63 3.23 13.54 17.18 27.3 47.41 34.81 41.52 50.62 34.48 25.97 14.02 7.01 2.43 2.74 1.99 4.33 2.58 4.37 3 2.81 2.54 2.97 6.13 10.07 15.44 24.15 23.28 22.42 18.98 28.07
-9999 -9999 -9999 -9999 -9999 -9999 -9999 -9999 -9999 -9999 -9999 -9999 -9999 -9999 -9999 -9999 -9999 -9999 -9999 40.07 42.02 38.74 28.31 33.53 32.45 28.48 24.12 26.14 31.48 23.3 23.72 24.73 29.49 30.66 28.04 27.73 15.13 8.71 2 1.28 0.98 1.36 1.65 4.47 5.71 2.93 2.25 4.7 1.6 4.77 9.08 15.31 24.43 45.91 60.49 47.1 31.89 7.83 11.83 12.52 4.85 5.04 3.06 3.21 2.56 4.38 10.37 3.06 4.14 4.45 4.08 3.31 4.5 4.89 9.65 16.63 19.46 17.32 11
-9999 -9999 -9999 -9999 -9999 -9999 -9999 -9999 -9999 -9999 -9999 -9999 -9999 -9999 -9999 -9999 -9999 -9999 -9999 36.62 37.09 35.41 34.77 24.55 28.09 27.57 20.96 19.16 18.25 22.14 27.62 15.83 19.53 20.17 17.63 18.84 12.7 3.21 2.05 4.08 1.78 6.14 2.91 4.1 3.51 2.25 2.61 2.08 2.53 3.9 6.82 3.7 5.75 16.8 25.55 17.84 7.63 7.64 5.84 10.19 13.38 25.4 10.02 1.73 2.39 4.03 3.43 2.81 4.49 7.3 5 3.47 3.76 3.04 4.26 5.04 3.85 4.66 2.94
-9999 -9999 -9999 -9999 -9999 -9999 -9999 -9999 -9999 -9999 -9999 -9999 -9999 -9999 -9999 -9999 -9999 -9999 -9999 24.99 31.05 23.79 33.25 33.3 30.27 30.36 25.94 18.48 11.93 19.33 17.44 17.83 17.04 16.43 17.2 16.56 6.09 2.98 3.75 4.24 1.1 1.43 2.58 8.32 7.28 9.65 4.4 2.59 3.96 2.92 6.79 4.14 1.91 7.85 15.09 8.36 26.82 9.1 3.37 4.13 8.21 16.27 5.55 3.33 1.98 1.54 3.43 3.23 2.52 2.05 3.92 3 2.04 3.54 4.71 5.11 5.88 5.19 4.64
-9999 -9999 -9999 -9999 -9999 -9999 -9999 -9999 -9999 -9999 -9999 -9999 -9999 -9999 -9999 -9999 -9999 -9999 -9999 18.18 28.48 18.73 23.31 31.87 29.64 23.83 21.35 19.5 15.81 17.64 18.23 14.27 14.07 11.88 11.15 10.2 10.72 3.31 3.9 2.13 4.1 3.33 1.72 7.97 6.13 11.53 9.54 4.06 4.64 10.71 6.74 3.89 6 3.58 4.33 4.37 2.62 1.2 3.42 3.63 8.15 3.24 7.64 11.3 2.31 1.72 4.67 0.9 1.3 1.54 2.54 3.52 7.89 6.71 5.72 4.12 7.97 11.75 22.7
-9999 -9999 -9999 -9999 -9999 -9999 -9999 -9999 -9999 -9999 -9999 -9999 -9999 -9999 -9999 -9999 -9999 -9999 -9999 -9999 20.45 21.01 19.34 26.08 31.57 21.62 19.28 17.41 18.67 12.01 16.86 14.84 13.85 13.07 -9999 8.41 10.02 8.81 2.62 1.21 1.22 1 2.19 7.28 10.87 15.62 14.37 13.68 8.2 4.64 18.99 31.95 22.25 18.69 6.21 6.92 5.9 4.67 4.28 2.51 3.59 6.78 4.63 10.45 14.06 9.95 1.44 0.85 0.74 1.88 1.67 1.73 2.33 6.7 10.74 8.86 16.41 27.68 34.48
-9999 -9999 -9999 -9999 -9999 -9999 -9999 -9999 -9999 -9999 -9999 -9999 -9999 -9999 -9999 -9999 -9999 -9999 -9999 -9999 13.54 35.08 27.1 29.89 24.66 21.5 21.19 14.22 12.14 11.66 18.81 15.46 9.56 7.17 7.9 7.5 9.52 6.37 3.78 1.72 0.97 1.13 1.15 3.9 3.79 6.39 3.48 3.96 19.45 27.36 22.47 29.79 26.21 24.63 14.87 14.49 11.19 5.55 8.65 11.62 6.91 7.51 7.47 6.35 4.81 9.91 0.92 3.25 3.9 2.17 1.71 2.11 2.27 4.47 6.32 11.02 15.89 21.58 3.9
-9999 -9999 -9999 -9999 -9999 -9999 -9999 -9999 -9999 -9999 -9999 -9999 -9999 -9999 -9999 -9999 -9999 -9999 -9999 -9999 29.03 35.02 40.34 31.43 25.88 24.59 22.9 19.28 11.38 13.16 12.18 12.95 13.23 11.95 9.48 14.91 7.43 8.32 5.66 2.17 1.34 1.43 1.34 5.08 4.68 6.25 2.94 15.64 30.89 21.2 15.66 18.25 14.07 8.17 4.36 9.36 8.61 13.76 19.8 19.59 9.14 5.93 1.85 4.05 4.36 8.7 7.74 4.3 5.26 3.53 3.27 7.8 9.34 12.72 18.96 15.76 14.02 -9999 -9999
-9999 -9999 -9999 -9999 -9999 -9999 -9999 -9999 -9999 -9999 -9999 -9999 -9999 -9999 -9999 -9999 -9999 -9999 -9999 -9999 32.58 43.72 38.47 33.62 25.59 24.55 24.1 15.34 13.2 13.76 11.32 14.86 16.13 14.55 12.31 14.19 16.86 14.06 9.21 5.61 6.5 8.01 7.04 9.22 10.67 10.23 19.82 35.76 19.95 12.01 9.43 5.78 4.14 3.07 9.06 12.12 16 23.21 21.63 27.6 13.75 7.88 5.98 1.01 3.36 1.61 1.53 4.88 12.39 4 8.72 21.4 26.54 40.26 8.52 6.84 9.05 -9999 -9999
-9999 -9999 -9999 -9999 -9999 -9999 -9999 -9999 -9999 -9999 -9999 -9999 -9999 -9999 -9999 -9999 -9999 -9999 -9999 13.73 19.77 34.16 43.38 28.84 21.64 24.9 19.99 21.07 17.11 17.32 13.31 15.99 15.97 15.43 19.39 23.35 22.03 11.57 10.35 10.07 15.53 12.43 8.85 9.96 12.49 15.38 16.56 17.59 17.04 12.31 6.21 2.65 3.88 5.68 5.47 9.86 14.4 19.24 24.8 22.62 22.32 23.64 9.87 4.46 1.73 0.84 2.54 1.9 13.24 9.75 10.94 16.13 22.67 9.98 6.65 -9999 -9999 -9999 -9999
-9999 -9999 -9999 -9999 -9999 -9999 -9999 -9999 -9999 -9999 -9999 -9999 -9999 -9999 -9999 -9999 -9999 -9999 -9999 23.47 23.09 34.06 40.13 29.48 24.18 23.96 29.89 26.16 16.78 18.54 18.74 20.68 21.59 23.32 24.19 26.33 24.84 22.89 18.05 18.5 18.27 15.29 14.64 15.08 19.67 14.39 17.67 9.79 8.8 5.03 1.92 3.56 3.53 8.75 8.95 8.03 4.51 4.06 12.37 27.14 33.65 23.98 18.7 8.55 2.52 2.37 10.55 15.53 21.9 22.29 13.78 9.76 10.88 10.34 3.71 -9999 -9999 -9999 -9999
-9999 -9999 -9999 -9999 -9999 -9999 -9999 -9999 -9999 -9999 -9999 -9999 -9999 -9999 -9999 -9999 -9999 -9999 -9999 21.63 20.49 30.81 36.7 33.7 32.13 25.97 15.51 13.45 19.29 26.71 25.9 27.34 28.93 23.43 12.02 -9999 19.73 20.8 17.26 13.91 11.84 25.43 15.77 22.86 22.45 15.84 11.51 3.4 2.99 1.52 4.28 3.1 4.29 1.77 7.33 6.62 1.57 2.69 9.12 17.36 24 21.61 15.02 14.44 11.36 4.79 6.64 11.29 16.31 15.97 16.84 9.3 8.61 6.71 -9999 -9999 -9999 -9999 -9999
-9999 -9999 -9999 -9999 -9999 -9999 -9999 -9999 -9999 -9999 -9999 -9999 -9999 -9999 -9999 -9999 -9999 -9999 -9999 33.93 32.76 32.47 40.52 31.38 26.82 22.67 19.9 11.38 13.92 18.16 19.84 12.66 8.28 7.42 9.62 11.26 16.21 17.25 13.26 14.41 12.69 17.33 16.73 15.85 9.02 4.74 2.72 1.46 2.62 1.78 3.36 1.73 2.42 1.66 3.83 1.52 4.23 9.01 8.33 12.69 20.81 18.61 13.81 10.39 5.19 10.66 11.89 10.1 21.2 22.05 10.16 10.25 8.27 -9999 -9999 -9999 -9999 -9999 -9999
-9999 -9999 -9999 -9999 -9999 -9999 -9999 -9999 -9999 -9999 -9999 -9999 -9999 -9999 -9999 -9999 -9999 -9999 24.58 27.68 27.3 31.4 37.5 29.27 24.27 18.7 17.65 9.89 10.33 12.4 14.36 11.81 7.18 8.57 9.67 11.97 14.12 10.2 8.82 8.83 7.93 9.6 6.61 7.79 4.79 1.99 1.9 3.06 3.16 2.26 1.51 0.87 1.46 0.76 1.35 2.21 2.02 3.15 13.71 11.86 12.78 12.61 16.59 8.18 14.44 9.44 9.89 14.58 12.39 25.56 17.8 4.94 -9999 -9999 -9999 -9999 -9999 -9999 -9999
-9999 -9999 -9999 -9999 -9999 -9999 -9999 -9999 -9999 -9999 -9999 -9999 -9999 -9999 -9999 -9999 -9999 -9999 32.16 21.1 27.69 29.57 26.2 22.57 23.14 20.16 19.91 16.12 13.5 11.09 9.62 4.25 6.61 6.74 9.81 9.49 16.8 19.82 18.56 16.3 10.26 8.66 9.87 9.35 9.46 4.83 4.01 1.91 1.2 1.5 0.9 0.75 0.84 0.59 1.62 2.29 2.18 1.42 1.72 9.96 16.15 15.76 13.05 12.71 15.92 15.94 10.14 6.12 9.71 14.04 8.97 -9999 -9999 -9999 -9999 -9999 -9999 -9999 -9999
-9999 -9999 -9999 -9999 -9999 -9999 -9999 -9999 -9999 -9999 -9999 -9999 -9999 -9999 -9999 -9999 -9999 -9999 22.71 21.4 20.02 17.54 25.75 25.85 23.21 20.6 17.85 13.83 15.13 10.99 2.62 4.54 4.61 4.69 3.91 9.25 7 6.83 19.37 26.77 20.66 13.31 23.57 25.3 24.01 17.83 12.88 11.55 4.74 2.83 0.52 0.62 0.85 0.05 0.51 0.94 3.31 2.38 2.02 5.39 7.05 10.08 8.81 4.08 2.52 16.5 11.93 5.28 4.42 5.37 -9999 -9999 -9999 -9999 -9999 -9999 -9999 -9999 -9999
-9999 -9999 -9999 -9999 -9999 -9999 -9999 -9999 -9999 -9999 -9999 -9999 -9999 -9999 -9999 -9999 -9999 20.75 25.65 19.43 8.72 21.63 24.23 22.93 27.99 20.23 13.98 20.7 13.58 13.27 12.74 15.28 13.48 4.66 5.38 5.39 3.48 11.53 22.55 20.56 17.84 21.48 18.19 19.67 26.17 20.3 16.36 22.44 21.13 8.44 5.59 0.72 0.64 0.17 0.2 0.43 2.07 2.08 1.92 2.44 0.7 0.2 2.48 7.59 5.11 10.63 16.08 5.38 4.15 3.2 -9999 -9999 -9999 -9999 -9999 -9999 -9999 -9999 -9999
-9999 -9999 -9999 -9999 -9999 -9999 -9999 -9999 -9999 -9999 -9999 -9999 -9999 -9999 -9999 -9999 9.91 21.09 23.04 8.14 8.95 29.01 24.46 19.87 20.62 12.85 15.61 16.8 19.11 12.5 12.96 20.89 19.64 18.42 10.71 10.03 6.67 3.52 4.65 8.68 14.52 6.81 17.79 20.39 17.23 14.78 5.97 12.45 11.98 12.77 10.54 1.85 1 0.51 0.23 0.69 0.62 1.88 0.99 1.35 1.04 0.52 0.26 2.12 10.73 12.69 12.96 7.54 6.59 5.43 -9999 -9999 -9999 -9999 -9999 -9999 -9999 -9999 -9999
-9999 -9999 -9999 -9999 -9999 -9999 -9999 -9999 -9999 -9999 -9999 -9999 -9999 -9999 -9999 2.37 9.48 6.71 9.44 8.54 19.73 24.42 19.96 20.15 15.45 10.96 8.38 9.3 8.31 8.99 9.47 10.61 12.03 10.35 15.79 8.69 4.95 5.8 5.55 5.89 6.24 10.46 11.53 17.09 16.92 20.93 17.23 14.71 6.51 1.93 1.18 1.04 1.03 0.94 2.12 2.94 0.79 1.22 0.86 0.77 2.51 1.45 1.32 4.4 10.96 8.57 18.89 11.94 7.45 13.07 10 -9999 -9999 -9999 -9999 -9999 -9999 -9999 -9999
-9999 -9999 -9999 -9999 -9999 -9999 -9999 -9999 -9999 -9999 -9999 -9999 -9999 -9999 -9999 6.54 13.26 4.78 5.49 13.28 17.64 21.95 21.96 19.24 15.26 14.8 10.84 7.51 8.26 6.24 7.56 6.89 7.89 6.01 5.76 5.64 5.53 3.46 3.07 2.08 3.09 7.67 14.53 14.59 15.3 10.21 13.46 8.52 3.19 3.56 5.01 3.08 1.86 2.41 8.86 4.34 1.5 3.83 1.35 1.02 0.92 0.77 1.25 0.71 0.51 4.29 14.96 9.62 6.35 7.87 14.99 -9999 -9999 -9999 -9999 -9999 -9999 -9999 -9999
-9999 -9999 -9999 -9999 -9999 -9999 -9999 -9999 -9999 -9999 -9999 -9999 -9999 -9999 -9999 15.16 6.1 -9999 10.28 20.02 17.02 21.27 20.82 22.06 10.62 19.27 23 13.92 9.26 7.41 6.84 3.9 1.48 2.21 5.93 12.8 15.3 8.52 3.13 5.77 5.01 12.81 10.63 10.47 15.07 19.05 9.97 9.37 15.99 3.96 5.39 1.42 2.33 0.74 2.92 3.74 3.46 11.35 8.08 3.42 1 0.77 0.64 0.33 0.69 2.59 1.75 7.91 9.7 5.89 11.78 12.58 7.38 -9999 -9999 -9999 -9999 -9999 -9999
-9999 -9999 -9999 -9999 -9999 -9999 -9999 -9999 -9999 -9999 -9999 -9999 -9999 -9999 -9999 -9999 -9999 9.95 8.55 11.9 24.12 20.95 20.02 24 8.36 9.2 10.7 7.96 11.68 10.86 14.64 13.51 6.07 2.51 3.87 11.41 11.17 11.33 11.76 7.1 3.56 4.7 9.96 10.75 15.21 14.26 14.18 10.47 11.81 11.97 6.83 6.71 7.57 5.11 5.25 13.22 13.85 22 16.96 11.03 2.63 0.82 0.18 0.12 0.57 1.2 1.77 5.35 6.04 7.25 5.34 -9999 -9999 -9999 -9999 -9999 -9999 -9999 -9999
-9999 -9999 -9999 -9999 -9999 -9999 -9999 -9999 -9999 -9999 -9999 -9999 -9999 -9999 -9999 -9999 -9999 -9999 -9999 -9999 17.15 20.68 14.36 10.94 10.7 10.02 10.05 4.05 7.88 15.63 23.64 23.31 13.5 6.54 4.67 4.07 7.19 5.64 5.71 7 6.95 5.5 4.15 6.43 11.94 18.78 25.38 23.51 20.57 25.57 21.78 19.9 21.12 19.8 18.07 12.9 16.97 15.56 7.33 4.54 3.42 4.01 1.4 1.08 1.01 1.86 1.07 0.81 0.52 -9999 -9999 -9999 -9999 -9999 -9999 -9999 -9999 -9999 -9999
-9999 -9999 -9999 -9999 -9999 -9999 -9999 -9999 -9999 -9999 -9999 -9999 -9999 -9999 -9999 -9999 -9999 -9999 -9999 14.62 17.2 18.36 11.94 8.86 8.06 15.94 17.48 4.63 5.4 16.3 16.93 18.02 10.42 6.58 5.35 8.96 6.36 5.41 6.27 9.26 11.52 16.35 15.72 15.39 20.48 21.12 21.01 19.35 17.56 13.71 8.46 10.56 11.46 9.77 13.57 15.83 20.56 15.35 9.16 9.52 5.93 1.45 1.6 2.19 3.27 0.7 0.99 1.4 1.36 -9999 -9999 -9999 -9999 -9999 -9999 -9999 -9999 -9999 -9999
-9999 -9999 -9999 -9999 -9999 -9999 -9999 -9999 -9999 -9999 -9999 -9999 -9999 -9999 -9999 -9999 -9999 -9999 -9999 19.55 30.88 13.88 8.55 6.33 5.73 5.57 6.92 7.74 8.44 19.93 20.48 18.34 19.48 24.56 15.57 12.78 12.5 13.67 20.09 20.17 22.17 22.09 21.93 18.71 19.77 13.8 13.44 16.12 11.31 4.84 5.11 6.54 4.71 4.8 17.7 12.86 12.29 10.16 6.05 4.38 5.14 5.85 0.72 2.42 0.88 1.94 2.11 1.86 -9999 -9999 -9999 -9999 -9999 -9999 -9999 -9999 -9999 -9999 -9999
-9999 -9999 -9999 -9999 -9999 -9999 -9999 -9999 -9999 -9999 -9999 -9999 -9999 -9999 -9999 -9999 -9999 -9999 -9999 16.35 21.92 12.89 4.97 6.33 4.39 8.15 11.31 7.11 18.21 25.21 24.64 27.17 24.34 22.91 27.07 23 20.72 20.9 26.02 26.45 23.42 24.99 20.39 10.7 5.29 4.17 4.69 4.31 4.61 3.17 3.71 3.69 2.35 4.43 18.52 5.93 7.47 2.95 1.24 1.62 1.5 5.46 7.46 2.27 3.9 2.59 0.96 1.25 -9999 -9999 -9999 -9999 -9999 -9999 -9999 -9999 -9999 -9999 -9999
-9999 -9999 -9999 -9999 -9999 -9999 -9999 -9999 -9999 -9999 -9999 -9999 -9999 -9999 -9999 -9999 -9999 -9999 -9999 16.2 23.54 16.91 5.68 2.73 3.35 8.19 10.83 14.53 14.31 15.13 14.71 21.89 18.28 21.77 20.8 17.53 17.67 19.58 14.36 11.29 8.19 3.5 2.46 1.67 2.31 3.38 3.46 4.15 5.11 5.86 8.62 8.44 6.45 6.57 6.15 1.57 1.36 0.95 2.9 3.7 4.17 1.57 3.15 1.09 0.94 1.07 1.54 -9999 -9999 -9999 -9999 -9999 -9999 -9999 -9999 -9999 -9999 -9999 -9999
-9999 -9999 -9999 -9999 -9999 -9999 -9999 -9999 -9999 -9999 -9999 -9999 -9999 -9999 -9999 -9999 -9999 -9999 -9999 12.04 28.49 27.77 14.03 5.58 4.68 7.27 9.63 14.46 11.29 10.29 17.75 19.19 27.9 26.7 17.41 10.05 7.46 5.67 4.2 2.82 3.73 3.7 2.76 2.07 3.09 4.36 4.34 6.44 11.38 11.56 6.17 2.19 1.89 1.98 2.34 1.59 1.64 4.41 1.55 1.67 2.31 1.89 5.17 2.39 -9999 -9999 2.63 -9999 -9999 -9999 -9999 -9999 -9999 -9999 -9999 -9999 -9999 -9999 -9999
-9999 -9999 -9999 -9999 -9999 -9999 -9999 -9999 -9999 -9999 -9999 -9999 -9999 -9999 -9999 -9999 -9999 -9999 -9999 23.02 37.25 26.72 28.19 22.84 15.39 13.66 12.8 11.77 10.26 9.7 7.28 9.07 11.64 7.1 3.36 2.92 3.28 3.25 3.21 2.97 2.98 2.35 3.52 3.26 5.14 5.86 7.6 6.54 5.63 7.13 5.45 5.12 1.98 1.61 5.7 6.23 2.67 4.53 2.25 0.97 1.35 1.4 1.15 -9999 -9999 -9999 -9999 -9999 -9999 -9999 -9999 -9999 -9999 -9999 -9999 -9999 -9999 -9999 -9999
-9999 -9999 -9999 -9999 -9999 -9999 -9999 -9999 -9999 -9999 -9999 -9999 -9999 -9999 -9999 -9999 -9999 -9999 -9999 32.31 29.23 23.49 15.61 25.1 29.01 24.18 12.54 8.79 5.7 8.35 5.74 8.3 7.5 12.46 7.42 3.7 2.71 3.32 5.2 3.83 2.97 1.62 3.35 3.64 4.6 4.99 6.71 5.92 4.34 4.93 7.4 12.71 11.32 2.56 3.21 10.86 11.3 9.41 5.56 3.92 1.55 -9999 -9999 -9999 -9999 -9999 -9999 -9999 -9999 -9999 -9999 -9999 -9999 -9999 -9999 -9999 -9999 -9999 -9999
-9999 -9999 -9999 -9999 -9999 -9999 -9999 -9999 -9999 -9999 -9999 -9999 -9999 -9999 -9999 -9999 -9999 -9999 10.32 -9999 -9999 -9999 -9999 -9999 8.49 4.34 -9999 -9999 -9999 -9999 -9999 -9999 7.43 7.13 1.67 2.91 7.4 2 2.98 4.26 7.19 4.12 3.49 3.27 6.14 9.47 9.34 3.99 2.44 3.98 7.86 10.41 7.33 15.61 14.14 6.34 2.59 4.26 2.32 1.7 5.86 -9999 -9999 -9999 -9999 -9999 -9999 -9999 -9999 -9999 -9999 -9999 -9999 -9999 -9999 -9999 -9999 -9999 -9999
