resultados/variables/sun_rad_average.asc
ncols 330
nrows 228
xllcorner -12.000000
yllcorner 34.000000
cellsize 0.166667
NODATA_value -9999
[rows 90 to 119 of 228, columns 204 to 271 of 330]
3500.76 3502.17 3506.33 3503.13 3499.46 3499.77 3508.35 3502.65 3495.58 3492.86 3492.46 3494.23 3493.25 3494.8 3496.8 3499.28 3505.46 3508.23 3510.81 3526.57 3531.9 3529.86 3525.24 3523.77 3529.56 3529.57 3512.68 3512.64 3512.09 3511.1 3509.96 3514.9 3515.8 3513.03 3506.99 3505.17 3504.82 3507.21 3505.31 3506.82 3507.06 3508.32 3501.31 3501.87 3504.42 3502.81 3495.93 3501.35 3507.63 3512.29 3510.97 3508.42 3506.76 3503.95 3503.36 3507.32 3515.93 3529 3535.05 3533.95 3535.19 3535.93 3533.07 3529.95 3531.2 3529.75 3530.35 3528.29
3513.52 3516.5 3524.05 3524.72 3527.19 3521.29 3517.81 3513.74 3511.21 3509.85 3511.47 3509.46 3510.56 3508.99 3510.11 3512.95 3515.31 3520.64 3524.28 3523.6 3528.57 3538.22 3546.35 3555.37 3545.27 3530.98 3524.36 3524.46 3523.07 3521.58 3522.65 3516.46 3519.22 3520.94 3520.83 3523.99 3522.86 3522.42 3523.24 3520.91 3518.39 3519.99 3526.23 3545.85 3547.17 3539.65 3540.67 3532.57 3526.49 3522.25 3522.78 3522.05 3522.48 3521.11 3523.84 3525.74 3542.55 3545.29 3550.55 3550.24 3543.57 3545.15 3544.87 3544.88 3543.07 3541.39 3541.83 3549.13
3527.57 3535.35 3537.58 3542.61 3541.48 3535.82 3533.19 3531.96 3521.97 3521.14 3521.2 3522.84 3523.8 3525.49 3529.41 3530.25 3531.69 3530.34 3533.63 3537.23 3536.15 3535.69 3540.3 3537.39 3538.23 3543.23 3539.51 3536.94 3534.7 3535.47 3534.74 3546.11 3546.67 3541.54 3539.15 3534.16 3539.52 3537.05 3536.76 3535.26 3540.16 3543.69 3554.33 3552.31 3556.41 3568.12 3561.33 3556.69 3541.8 3539.28 3540.27 3538.1 3537.81 3540.49 3537.23 3540.52 3548.83 3557.38 3557.92 3568.87 3568.08 3558.98 3555.74 3556.69 3558.48 3566.24 3567.43 3552.02
3546.9 3549.51 3552.11 3555.29 3558.5 3557.07 3548.86 3541.63 3538.88 3537.52 3536.55 3535.76 3537.25 3540.22 3540.6 3542.92 3544.09 3546.62 3548.65 3548.71 3550.95 3550.52 3547.33 3548.5 3552.48 3550.48 3552.66 3553.07 3552.45 3550.98 3555.67 3558.63 3559.45 3555.11 3552.73 3555.66 3550.45 3552.28 3546.56 3550.72 3550.94 3555.38 3563.49 3565.1 3569.92 3567.73 3568.08 3569.64 3571.6 3547.08 3545.15 3549.89 3554 3550.78 3547.18 3569.72 3573.23 3566.68 3566.22 3572.37 3575.7 3575.76 3581.17 3581.44 3578.39 3581.58 3578.83 3589
3558.92 3554.93 3558.8 3562.21 3561.52 3559.99 3561.58 3560.18 3555.11 3553.35 3555.29 3555.09 3553.21 3553.37 3553.56 3555.19 3557.34 3559.69 3561.74 3562.46 3563.02 3567.41 3567.32 3568.25 3566.38 3565.35 3564.58 3568.64 3573.17 3575.92 3576.81 3575.62 3574.89 3582.7 3583.49 3579.12 3571.86 3570.39 3577.76 3575.2 3575.11 3572.47 3574.31 3575.11 3578.81 3581.16 3586.33 3575.53 3571.81 3574.36 3571.41 3564.35 3564.48 3568.88 3586.44 3581.68 3582.53 3581.26 3582.89 3586.34 3584.76 3586.57 3587.13 3584.1 3588.19 3588.28 3593.86 3587.12
3577.79 3579.35 3578.05 3572.94 3573.37 3578.5 3578.99 3577.78 3575.48 3573.04 3571.31 3572.42 3572.56 3571.32 3569.72 3570.74 3572.91 3574.16 3575.32 3576.54 3578.91 3578.82 3578.67 3582.33 3572.55 3573.23 3582.32 3579.23 3581.75 3586.57 3583.86 3591.52 3594.82 3595.08 3595.45 3591.69 3584.9 3584.48 -9999 3588.56 3587.89 3587.93 3587.43 3591.28 3592.62 3592.97 3597.86 3603.57 3592.95 3592.65 3591.72 3590.34 3589.14 3591.4 3594.77 -9999 3592.05 3592.44 3591.33 3592.23 3596.26 3597.02 3599.13 3600.87 3596.11 3596.83 3597.6 3598.28
3607.82 3599.05 3593.11 3595.42 3599.71 3593.23 3591.82 3593.65 3592.04 3589.11 3587.6 3585.82 3585.93 3585.19 3583.24 3585.17 3587.51 3589.27 3590.34 3592.64 3593.35 3598.58 3604.7 3600.57 3603.77 3598.65 3589.45 3594.54 3595.83 3603.28 3611.97 3607.61 3611.02 3608.35 3607.06 3606.79 3606.75 3605.73 3601.04 3602.91 3604.85 3607.49 -9999 3607.54 3603.82 3603.8 3603.79 3602.09 3605.8 3603.56 3602.42 3601.95 3604.86 3603.98 3606.8 3607.27 3608.19 3609.97 3611.78 3607.29 3604.09 3607.14 3607.56 3606.3 3604.8 3611.19 3615.12 3620.89
3615.23 3619.39 3617.23 3616 3605.15 3609.6 3616.15 3613.73 3613.99 3611.46 3607.27 3603.37 3602.34 3599.52 3601.66 3604.39 3602.23 3606.53 3609.54 3608.86 3608.83 3615.07 3606.63 3611.57 -9999 3614.7 3611.19 3612.29 3621.13 3619.06 -9999 3613.79 3611.72 3613.49 3611.52 3610.36 3613.55 3611.7 3615.8 3616.33 3616.37 3616.4 3618.43 3619.74 3618.2 3619.78 3619.41 3615.53 3616.84 3618.97 3617.78 3616.97 3617.77 3619.47 3619.31 3623.54 3621.29 3620.13 3616.54 3624.99 3625.68 3621.35 3619.42 3621.03 3625.51 3621.69 3623.47 3634.94
3629.44 3639.45 3638.37 3633.95 3632.36 3630.35 3625.73 3627.41 3627.94 3626.52 3623.87 3620.39 3616.19 3614.5 3614.83 3616.19 3620.2 3623.53 3619.77 3620.09 3617.14 3625.8 3621 3628.25 3632.76 3636.31 3633.53 3631.44 3633.13 3629.84 3625.97 3634.37 3631.72 3630.37 3629.81 3628.96 3625.22 3628.4 3629.81 3627.98 3629.22 3632.81 3632.62 3630.35 3631.49 3632.93 3635.91 3644.75 3645.23 3640.38 3633.48 3631.82 3632.47 3633.78 3636.46 3633.85 3632.71 3635.31 3645.46 3637.77 3637.06 3633.7 3632.84 3635.24 3641.46 3651.55 3648.93 3645.87
3642.17 3647.41 3655.29 3655.02 3652.61 3649.65 3643.52 3643.03 3642.56 3640.84 3638.72 3634.7 3629.29 3629.32 3631.44 3634.56 3635.94 3634.34 3635.03 3641.94 3650.68 3639.56 3656.77 3652.97 3652.42 3637.62 3642.43 3647.2 3647.03 3646.75 3647.12 3645.03 3647.36 3645.82 3642.2 3638.68 3636.64 3635.97 3640.1 3641.91 3642.71 3641.76 3642.58 3645.77 3646.15 3645.38 3653.09 3652.31 3653.52 3649.56 3647.86 3642.14 3645.88 3647.54 3647.74 3652.93 3655.92 3655.99 3653.41 3650.66 3654.19 3656.55 3660.17 3653.51 3652.89 3653.01 3656.9 3662.07
3648.29 3644.04 3642.05 3643.53 3646.02 3647.23 3648.12 3654.4 3652.27 3651.19 3648.95 3643.4 3642.21 3644.96 3648.24 3648.6 3641.83 3647.82 3655.88 3654.42 3656.43 3662.87 3661.02 3661.84 -9999 3669.53 3658.18 3654.82 3655.48 3656.29 3655.06 3654.58 3652.42 3654.65 3653.55 3658.06 3662.03 3662.33 3654.08 3656.46 3654.74 3658.38 3657.01 3657.83 3656.5 3656.98 3660.27 3666.03 3666.71 3659.47 3654.6 3662.99 3647.46 3652.35 3657.5 3660.25 3660.72 3660.25 3667.37 3666.76 3667.05 3673.53 3674.47 3676.25 3676.55 3672.19 3676.62 3672.14
3653.39 3655.03 3657.81 3655.76 3654.86 3657.33 3659.74 3660.87 3658.82 3662.46 3655.77 3653.91 3657.84 3660.18 3662.25 3662.55 3669.83 3671.78 3675.06 3678.17 3674.91 3674.09 3675.86 3674.45 3682.64 3687.6 3679.3 3672.32 3663.81 3669.51 3670.72 3669.91 3670.72 3672.22 3679.03 3680.85 3678.87 3678.9 3681.91 3672.87 3672.77 3668.87 3671.81 3670.74 3672.31 3675.08 3674.31 3670.66 3672.4 3682.16 3690.49 3694.4 3699.81 3691.2 3680.54 3679.02 3680.52 3679.23 3675.79 3688.24 3688.53 3689.58 3689.61 3686.14 3684.61 3685.6 3688.47 3688.3
3666.15 3664.58 3667.39 3667.97 3669.8 3671.66 3674 3675.62 3677.63 3672.04 3671.73 3674.89 3672.09 3676.94 3675.46 3672.05 3677.46 3682.51 3681.12 3686.36 3696.8 3688.05 3689.24 3689.59 3694.3 3697.15 3700.21 3696.28 3700.34 3690.12 3693.34 3693.03 3693.36 3694.76 3693.55 3691.12 3689.74 3695.42 3691.74 3693.46 3690.31 3681.71 3682.94 3687.05 3685.95 3680.97 3684.94 3690.3 3687.21 3686.08 3690.03 3693.61 3693.07 3695.69 3699.03 3699.03 3696 3691.46 3691.81 3695.33 3701.51 3703.5 3702.43 3701.77 3693.51 3690.54 3694.61 3695.15
3682.28 3681.44 3682.53 3684.55 3683.54 3682.86 3683.9 3684.55 3688.81 3688.75 3689.39 3684.14 3691.28 3687.35 3683.62 3691.33 3691.96 3690.44 3707.54 3707.33 3694.68 3702.5 3701.69 3697.82 3699.68 3700.56 3703.72 3707.92 3706.01 3705.64 3706.85 3707.43 3709.28 3709.83 3711.32 3707.14 3710.12 3707.87 3707.22 3703.17 3702.59 3712.87 3704.59 3695.63 3697.99 3706.83 3695.25 3700.08 3700.16 3699.49 3707.21 3706.79 3708.62 3713.45 3711.9 3706.7 3709.63 3710.02 3703.52 3706.84 3716.52 3715.82 3714.06 3707.82 3706.06 3712.43 3714.97 3716.92
3696.75 3698.12 3696.07 3690.48 3682.25 3689.48 3694.62 3697 3699.52 3707.36 3709 3711.08 3700.29 3705.76 3722.57 3719.69 3721.9 3718.51 3714.24 3714.52 3723.81 3711.55 3717.3 3713.36 3714.56 3713.37 3717.51 3718.05 3719.67 3725.68 3728.26 3721.76 3717.97 3715.42 3722.12 3723.28 3723.35 3715.27 3718.35 3719.33 3719.7 3722.92 3718.71 3720.39 3719.19 3719.2 3733.03 3723.38 3728.75 3730.44 3719.92 3716.5 3719.62 3717.31 3715.97 3716.63 3716.52 3719.89 3729.13 3732.63 3727.48 3722.06 3717.13 3719.1 3725.75 3727.43 3733.17 3732.4
3713.04 3709.77 3713.25 3723.26 -9999 3730.94 3719.75 3718.7 3718.99 3712.68 3717.41 3715.12 3722.37 3728.32 3732.71 3732.25 3732.75 3731.33 3728.94 3730.4 3739.52 3745.8 3740.95 3746.94 3726.63 3722.26 3714.74 3727.04 3732.22 3731.98 3733.67 3735.22 3735.75 3744.54 3735.12 3745.2 3741.64 3739.86 3729.86 3740.43 3739.63 3738.72 3735.53 3735.75 3740.75 3745.15 3743.07 3743.45 3740.79 3739.05 3733.71 3741.54 3743.2 3744.34 3740.94 3744.45 3747.18 3746.15 3743.11 3740.44 3741.14 3743.91 3744.23 3743.07 3742.66 3743.93 3741.14 3745.4
3732.65 3746.1 3748.59 3751.9 3764.5 3751.18 3752.45 3743.35 3739.54 3744.77 3736.56 3738.81 3742.37 3747.44 3743.12 3741.55 3740 3742.65 3744.38 3746.46 3753.12 3761.77 3770.97 3764.5 3772.58 3772.39 3768.54 3754.66 3742.14 3740.73 3737.12 3744.55 3753.9 3747.86 3749.65 3765.25 3756.77 3747.25 3752.47 3752.75 3753.23 3750.67 3751.08 3751.92 3752.59 3756.34 3753.46 3759.04 3755.81 3748.46 3756.15 3751.42 3754.54 3753.13 3758.42 3754.71 3755.04 3755.34 3749.42 3752.39 3756.27 3753.04 3753.67 3753.92 3757.26 3760.92 3756.79 3761.48
3769.81 3769.68 3776.62 3771.81 3773.41 3773.41 3762.85 3758.45 3757.53 3759.24 3759.06 3757.17 3752.62 3750.67 3754.78 3760.38 3768.3 3760.71 3763.47 3763.86 3768.42 3769.52 3762.59 3767.05 3768.42 3767.69 3773.9 3774.83 3776.09 3776.33 3779.35 3770.45 3782.97 3789.84 3784.24 3766.27 3761.4 3766.3 3763.07 3760.76 3761.85 3762.8 3764.29 3765.98 3767.43 3768.38 3769.53 3765.6 3769.01 3767.85 3766.84 3769.06 3767.39 3766.88 3761.98 3769.8 3768.92 3766.2 3768.53 3770.46 3764.08 3761.38 3761.41 3762.07 3770.18 3773.44 3773.26 3764.2
3774.88 3774.1 3778.96 3779.08 3780.05 3778.44 3776.14 3773.59 3773.36 3768.59 3765.83 3768.25 3769.53 3772.35 3771.75 3771.68 3769.31 3774.75 3772.78 3780.8 3776.96 3775.42 3777.03 3779.23 3775.67 3774.82 3774.24 3774.83 3778.88 3776.09 3788.22 3785.48 3783 3789.13 3792.64 -9999 3780.59 3776.72 3778.16 3776.93 3776.11 3777.13 3777.17 3779.79 3780.17 3779.87 3777.11 3781.09 3781.03 3782.99 3779.22 3781.88 3781.52 3782.28 3779.25 3783.89 3785.74 3783.96 3781.71 3775.22 3781.73 3785.38 3786.56 3784.57 3782.9 3776.04 3785.31 3789.51
3783.71 3784.6 3785.24 3786.9 3788.21 3785.42 3787.22 3783.19 3784.9 3786.42 3785.91 3778.75 3786.2 3787.56 3785.03 3785.01 3785.46 3786.93 3788.9 3788.23 3786.24 3782.2 3774.24 3778.85 3784.02 3786.63 3792.87 3796.35 3804.31 3822.98 3825.31 3819.12 3807.52 3801.16 3801.06 3795.87 3800.76 3797.38 3797.29 3796.71 3795.41 3791.68 3791.63 3794.14 3795.29 3794.56 3792.39 3794.28 3794.09 3792.74 3793.86 3791.57 3791.62 3794.73 3792.54 3794.63 3795.12 3793.75 3794.14 3793.62 3791.59 3792.84 3796.72 3795.94 3800.07 3805.89 3797.35 3803.24
3800.88 3802.32 3798.65 3797.44 3799.42 3795.14 3796.09 3803.81 3794.09 3801.1 3794.08 3803.27 3799.1 3797.69 3802.19 3808 3813.86 3808.08 3800.6 3796.68 3796.1 3803.23 3821.06 3813.16 3805.57 3800.45 3801.93 3807.76 3811.2 3810.64 3811.87 3811.5 3811.27 3808.55 3808.1 3807.32 3807.17 3804.59 3804.96 3806.43 3806.36 3803.37 3804.95 3805.92 3807.13 3807.63 3806.65 3806.43 3805.19 3802.83 3807.3 3808.13 3805.97 3802.03 3808.26 3810.85 3803.09 3802.27 3799.73 3805.97 3809.18 3811.67 3811.5 3812.24 3810.2 3811.27 3809.54 3813.88
3817.08 3814.77 3812.86 3812.42 3812.88 3818.69 3815.2 3819.97 3824.03 3817.27 3829.38 3818.14 3807.15 3809.84 3809.57 3810.95 3814.52 3813.52 3813.13 3818.28 3815.17 3820.36 3832.41 3832.81 3817.92 3814.63 3816.5 3818.86 3818.11 3823.31 3823.65 3823.44 3826.2 3824.07 3821.77 3820.25 3820.25 3819.8 3821.42 3821.25 3822.05 3817.17 3820.32 3818.22 3818.89 3820.7 3820.62 3819.27 3818.64 3815.82 3815.31 3816.86 3819.2 3819.38 3814.99 3814.32 3821.27 3823.18 3825.89 3823.55 3826.16 3825.98 3823.23 3820.73 3820.02 3821.54 3824.1 3826.44
3835.81 3838.57 3831.52 3823.1 3824.14 3828.15 3833.63 3833.69 3833.17 3841.59 3832.26 3825.36 3826.76 3824.7 3825.47 3823.69 3820.81 3819.9 3822.15 3832.4 3843.47 3838.64 3843.69 3844.57 3840 3837.27 3833.44 3834.55 3833.96 3831.66 3826.46 3830.6 3833.9 3837.08 3835.7 3831.76 3834.48 3834.27 3833.98 3834.5 3833.65 3835.85 3828.95 3832.28 3836.28 3836.21 3834.23 3832.51 3833.48 3833.18 3828.92 3830.83 3830.34 3832.96 3832.38 3834.13 3835.3 3835.95 3836.2 3835.05 3832.54 3831.46 3831.68 3836.38 3836.93 3835.5 3837.79 3837.65
3839.43 3841.21 3833.96 3837.08 3844.27 3840.49 3843.73 3847.88 3848.32 3846.96 3847.84 3845.8 3851.5 3846.92 3848.37 3855.54 3849.49 3854.36 3849.46 3843.59 3853.38 3855.17 3854.98 3854.83 3853.44 3850.38 3853.3 3856.1 3857.67 3862.88 3862.61 3857.58 3851.91 3849.17 3850.98 3855.01 3849.64 3849.33 3847.19 3846.52 3847.85 3846.96 3848.16 3847.58 3847.33 3846.81 3845.4 3845.18 3845.83 3844.84 3850.27 3849.25 3847.64 3846.36 3848.01 3848.61 3848.56 3847.17 3843.8 3845.31 3850.14 3851.03 3851.68 3840.82 3845.23 3851.42 3854.6 3855.55
3861.87 3857.04 3860.82 3860.17 3856.58 3852.31 3857.22 3860.46 3860.79 3857.9 3861.8 3862.83 3866.29 3869.61 3864.49 3866.31 3861.67 3861.73 3865.35 3866.82 3862.2 3867.42 3871.97 3866.86 3867.68 3869.92 3871.01 3866.12 3867.39 3863.66 3863.65 3863 3863.15 3859.64 3858.82 3861.11 3861.65 3865.35 3865.6 3864.22 3861.99 3861.23 3859.73 3859.46 3860.52 3857.9 3858.4 3857.31 3860.75 3858.55 3859.81 3859.67 3860.71 3858.49 3862.86 3862.14 3858.56 3858.64 3863.77 3863.47 3862.17 3861.76 3861.46 3869.24 3868 3865.95 3866.52 3862.78
3871.64 3873.58 3875.17 3872.15 3872.97 3875.81 3872.14 3870.48 3874.86 3879.07 3875.78 3876.12 3878.33 3878.32 3880.46 3882.6 3883.71 3878.4 3880.46 3878.82 3876.75 3875.89 3875.23 3876.22 3876.86 3877.41 3877.83 3880.52 3876.45 3875.62 3875.85 3877.81 3877.67 3877.46 3877.54 3875.95 3874.91 3875.83 3875.37 3874.68 3874.48 3874.99 3876.31 3874.68 3871.98 3873.75 3876.01 3874.61 3870.91 3874.59 3873.13 3876.48 3874.66 3870.04 3876.82 3876.9 3872.12 3871.4 3873.01 3872.05 3871.5 3873.12 3875.31 3876.63 3883.76 3886.04 3884.62 3882.6
3876 3877.91 3881.81 3888.93 3887.76 3885.04 3887.08 3887.67 3890.99 3892.97 3892.85 3895.1 3891.39 3893.72 3894.59 3889.12 3890.92 3890.85 3890.98 3891.14 3889.31 3890.71 3890.61 3890.02 3890.39 3890.97 3891.94 3890.36 3890.16 3891.05 3889.64 3888.41 3887.51 3887.05 3889.6 3886.63 3884.36 3883.28 3886.32 3887.05 3886.07 3888.13 3889.98 3887.67 3888.16 3886.2 3885.4 3885.3 3883.25 3885.2 3889.16 3887.01 3887.67 3887.79 3885.97 3884.5 3889.78 3890.7 3888.8 3885.98 3891.58 3897.03 3900.9 3900.4 3896.53 3896.88 3893.26 3889.92
3901.46 3900.95 3898.56 3894.55 3905.35 3908.06 3909.51 3909.58 3908.1 3906.61 3906.98 3903.24 3906.89 3908.22 3905.65 3906.95 3905.1 3903.69 3902.87 3902.18 3902.69 3902.2 3904 3902.98 3902.82 3905.74 3905.87 3904.05 3902.07 3901.74 3901.95 3902.98 3904.39 3903.8 3901.62 -9999 3905.87 3906.17 3902.53 3900.72 3902.97 3903.29 3901.42 3903.37 3901.3 3901.56 3900.43 3902.63 3905.25 3902.83 3900.12 3902.77 3900.07 3901.61 3894.42 3898.32 3896.3 3900.3 3900.31 3908.12 3910.58 3907.91 3904.41 3907.84 3908.9 3906.79 3904.87 3900.34
3919.92 3921.62 3918.67 3919.16 3913.83 3917.84 3920.74 3918.92 3923.74 3919.17 3920.09 3924.04 3920.88 3918.17 3917.82 3917.51 3918.07 3918.49 3918.39 3918.1 3917.13 3915.6 3916.05 3918.36 3917.58 3916.64 3916.98 3918.53 3918.82 3917.61 3917.07 3916.07 3915.96 3917.4 3917.56 3915.91 3916.75 3917 3915.61 3915.44 3914.51 3913.95 3916.58 3915.65 3916.71 3918.03 3916.2 3915.24 3915.04 3913.68 3913.31 3912.54 3917.08 3913.35 3916.79 3916.76 3918.65 3914.49 3918.76 3921.57 3924.08 3922.69 3917.84 3922.08 3924.34 3919.66 3921.76 3919.41
3928.98 3929.04 3934.2 3936.1 3938.12 3936.43 3932.92 3933.73 3928.66 3929.94 3930.34 3929.51 3929.07 3929.91 3930.38 3931.39 3931.94 3931.88 3931.97 3932.25 3933.23 3933.81 3934.87 3932.49 3932.41 3929.38 3928.88 3928.61 3928.84 3928.1 3928.37 3928.32 3928.47 3928.22 3927.83 3929.39 3929.48 3932.12 3930.71 3927.58 3924.67 3922.33 3923.2 3920.82 3930.57 3930.55 3931.29 3931.11 3929.74 3930.08 3929.73 3927.35 3926.41 3928.89 3930.65 3930.04 3932.03 3934.36 3933.65 3930.26 3930.97 3931.29 3932.16 3929.93 3929.27 3938.2 3937.37 3930.76
