resultados/variables/sun_rad_maximum.asc
ncols 330
nrows 228
xllcorner -12.000000
yllcorner 34.000000
cellsize 0.166667
NODATA_value -9999
[rows 180 to 209 of 228, columns 204 to 271 of 330]
7741.92 7729.27 7712.29 7742.89 7796.33 7800.21 7707.09 7793.87 7899.57 7844.46 7965.05 7928.59 7927.18 7923.74 7783.61 7885.24 7786.48 7698.64 7678.04 7689.44 7662.89 7649.04 7646.73 7635.21 7657.42 7701.68 7673.17 7657.22 7692.65 7699.11 7699.33 7739.19 7730.04 7687.56 7665.87 7619.82 -9999 -9999 -9999 -9999 -9999 -9999 -9999 -9999 -9999 -9999 -9999 -9999 -9999 -9999 -9999 -9999 -9999 -9999 -9999 -9999 -9999 -9999 -9999 -9999 -9999 -9999 -9999 -9999 -9999 -9999 7565.73 7621.96
7671.66 7711.1 7815.47 7841.5 7843.97 7881.09 7769.26 7802.45 7978.39 7859.86 7902.33 7973.47 7999.56 7982.14 7815.82 7951.71 7895.98 7863.44 7789.24 7727.27 7698.22 7673.83 7661.45 7657.2 7634.3 7627.25 7633.64 7621.03 7640.85 7650.74 7659.31 7674.93 7695.42 7724.24 7709.6 7643.84 -9999 -9999 -9999 -9999 -9999 -9999 -9999 -9999 -9999 -9999 -9999 -9999 -9999 -9999 -9999 -9999 -9999 -9999 -9999 -9999 -9999 -9999 -9999 -9999 -9999 -9999 -9999 7609.08 7679.6 7680.82 7679.67 7751.31
7674.26 7708.14 7729.24 7732.53 7823.69 7880.72 7786.1 7685.28 7870.97 7887.5 7764.71 7853.16 7893.53 7953.5 7956.47 7974.56 7897.79 7844.64 7770.46 7741.31 7684.05 7673.22 7676.37 7682.49 7661.54 7626.47 7616.56 7612.12 7627.17 7628.14 7633.78 7641.48 7650.16 7673.31 7679.61 7656.05 7620.79 -9999 -9999 -9999 -9999 -9999 -9999 -9999 -9999 -9999 -9999 -9999 -9999 -9999 -9999 -9999 -9999 -9999 -9999 -9999 -9999 -9999 -9999 -9999 7599.04 7611.99 7602.93 7655.44 7741.84 7800.87 7813.06 7853.98
7681.03 7658.02 7691.04 7701.81 7643.15 7668.86 7659.5 7620.25 7652.34 7796.84 7789.37 7764.15 7754.03 7857.49 7755.6 7823.97 7866.89 7806.33 7769 7725.3 7702.17 7697.69 7719.94 7688.85 7665.48 7632.35 7620.46 7613.93 7625.71 7617.88 7620.48 7625.38 7627.95 7638.29 7641.3 7647.84 7670.65 7643.03 7604.59 -9999 -9999 -9999 -9999 -9999 -9999 -9999 -9999 -9999 -9999 -9999 -9999 -9999 -9999 -9999 -9999 -9999 -9999 -9999 7625.46 7670.08 7619.74 7628.25 7659.3 7730.51 7764.44 7858.27 7870.59 7908.22
7790.55 7781.12 7666.41 7646.16 -9999 7683.08 7658.94 7656.18 7679.58 7799.08 7757.9 7705.85 7737.7 7732.25 7708.16 7686.28 7745.65 7725.72 7701.43 7714.15 7722.1 7714.32 7736.16 7741.85 7672.5 7643.56 7624.66 7615.04 7617.47 7629.36 7623.21 7621.72 7625.42 7630.78 7639.05 7649.95 7653.61 7654.37 7633.92 7617.5 7619.35 7614.19 7605.91 -9999 -9999 -9999 -9999 -9999 -9999 -9999 -9999 -9999 -9999 -9999 -9999 -9999 7609.1 7657.45 7689.33 7681.44 7637.19 7664.19 7692.67 7808.98 7769.95 7803.33 7806.71 7828.26
7786.31 7793.38 7694.83 7631.66 7648 7696.92 7717.25 7628.69 7620.63 7656.42 7744.71 7658.78 7627.91 7643.62 7740.97 7719.08 7646.47 7629.62 7633.65 7624.52 7622.26 7629.34 7663.54 7751.17 7691.91 7627.01 7613.98 7618.52 7641.93 7655.49 7630.26 7639.19 7649.68 7639.27 7629.83 7634.44 7622.81 -9999 7629.25 7621.15 7626.45 7626.48 7627.8 7636.33 7635.67 7633.35 7623.58 7621.8 7617.76 7618.68 7613.28 7608.96 7610.08 -9999 7592.32 7613.35 7638.74 7689.99 7754.16 7696.78 7804.33 7760.6 7776.83 7736.69 7737.13 7777.16 7760.97 7841.43
7648.41 7752.85 7703.47 7621.62 7636.52 7662.25 7749.51 7742.08 7644.66 7612.98 7613.16 7641.02 7625.25 7614.46 -9999 -9999 7610.47 -9999 -9999 -9999 -9999 7630.39 7665.6 7649.84 7642.59 7614.41 7618.62 7632.39 7649.7 7649.31 7645.97 7658.05 7635.82 -9999 -9999 -9999 -9999 -9999 -9999 -9999 -9999 -9999 -9999 7635.64 7648.04 7677.51 7678.96 7675.44 7657.03 7637.07 7619.73 7626.98 7707.38 7659.57 7694.33 7696.94 7722.67 7807.66 7808.32 7743.84 7802.98 7892.44 7923.54 7839.89 7919.47 7908.43 7906.04 7893.88
7656.22 7614.46 7620.79 7617.4 7628.45 7647.99 7655.5 7716.23 7713.99 7707.9 -9999 -9999 7639 -9999 -9999 7606.43 -9999 -9999 -9999 -9999 -9999 -9999 -9999 -9999 7610.89 7619.26 7617.7 7629.53 7649.18 7662.6 7649.99 7679.24 -9999 -9999 -9999 -9999 -9999 -9999 -9999 -9999 -9999 -9999 -9999 -9999 -9999 -9999 -9999 -9999 7600.62 7618.65 7616.3 7617.72 7626.76 7652.06 7663 7675.28 7829.39 7850.35 7813.21 7914.43 7931.17 7957.95 7972.71 8007.6 7966.09 7955.93 7973.69 7957.17
7703.04 7614.89 7612.89 7611.4 7611.19 -9999 7677.73 7664.99 7647.09 7665.38 7632.09 -9999 -9999 -9999 -9999 -9999 -9999 -9999 -9999 -9999 -9999 -9999 -9999 -9999 -9999 -9999 -9999 -9999 -9999 7623.89 -9999 -9999 -9999 -9999 -9999 -9999 -9999 -9999 -9999 -9999 -9999 7641.73 7666.95 7644.82 7657.56 7689.05 7742.94 7761.27 7773.3 7690.03 7659.85 7695.11 7726.94 7790.86 7816.05 7913.2 7900.3 7924.09 8032.18 8025.66 7989.84 8005.81 8007.59 7954.81 8000.45 8051.13 7972.08 8000.5
7821.76 7682.95 7665.93 7625.72 -9999 7623.01 7645.76 7704.87 7735.34 7737.09 7672.93 -9999 -9999 -9999 -9999 -9999 -9999 -9999 -9999 -9999 -9999 7574.81 -9999 -9999 -9999 -9999 7619.61 7627.58 -9999 -9999 7619.99 7620.3 -9999 -9999 -9999 -9999 -9999 -9999 -9999 -9999 -9999 -9999 -9999 7656.23 7638.57 -9999 7683.98 7711.64 7658.5 7673.97 7740.64 7801.52 7851.65 7897.05 7871.86 7881.84 7913.2 7894.88 7941.18 7977.28 8047.04 7953.07 7908.13 7924.14 7963.71 8010.57 7994.89 7901.23
7723.51 7763.06 7644.92 -9999 -9999 -9999 -9999 -9999 -9999 -9999 -9999 -9999 -9999 7590.11 -9999 -9999 -9999 -9999 -9999 -9999 -9999 -9999 -9999 -9999 -9999 -9999 7629.43 7626.67 7670.32 7697.76 7633.47 7621.98 7637.01 7624.89 7636.86 7633.86 7630.66 7646.64 7640.47 7633.01 7641.79 7642.2 7635.05 7689.71 7713.93 7695.06 7703.91 7742.46 7652.78 7721.82 7819.35 7836.72 7808.97 7828.19 7886.49 7842.93 7838.41 7839.65 7826.71 7936.46 7873.4 7868.52 7890.17 7924.12 7894.94 7933.75 7926.19 7904.18
7830.28 7798.87 7704.76 -9999 -9999 -9999 -9999 -9999 7620.03 -9999 -9999 7644.68 -9999 -9999 -9999 -9999 -9999 -9999 -9999 -9999 -9999 -9999 -9999 -9999 -9999 7625.12 7634.03 7673.2 7721.08 7677.24 7665.58 7679.84 7717.81 7647.44 7642.4 7623.3 7623.23 7621.49 7619.51 7648.47 7699.25 7732.05 7797.26 7842.07 7721.21 7711.17 7811.3 7817.46 7722.65 7702.05 7694.39 7774.25 7724.36 7704.63 7754.84 7758.81 7758.91 7763.48 7787.76 7798.48 7812.96 7843.02 7900.89 7863.89 7922.05 7900.12 7927.17 7974.51
7727.52 7751.56 7786.83 7653.34 -9999 -9999 -9999 -9999 -9999 -9999 -9999 -9999 -9999 -9999 -9999 -9999 -9999 -9999 7627.52 -9999 -9999 -9999 -9999 -9999 -9999 7627.86 7695.92 7702.43 7699.85 7677.68 7706.21 7707.93 7684.96 7699.93 7677.18 7703.24 7676.42 7682.04 7702.65 7668.46 7766.47 7755.52 7798.05 7885.8 7918.2 7828.43 7858.12 7852.31 7852.71 7874.74 7876.68 7860.31 7900.27 7899.72 7923.47 7934.77 7904.67 7857.28 7825.42 7877.86 7858.54 7847.71 7862.02 7863.75 7866.81 7887.3 7944.63 7909.8
7680.79 7665.06 7641.12 7687.17 7716.54 -9999 -9999 -9999 -9999 -9999 -9999 -9999 -9999 -9999 -9999 -9999 -9999 -9999 -9999 -9999 -9999 -9999 -9999 -9999 -9999 7652.89 7647.27 7687.09 7707.24 7776.41 7741.86 7707.61 7732.48 7699.35 7706.8 7706.02 7673.52 7678.82 7799.47 7794.68 7762.29 7838.44 7835.59 7842 7841.87 7858.5 7964.51 7945.08 7886.43 7878.89 7854.13 7850 7860.99 7844.72 7841.93 7851.36 7861.29 7860.29 7863.14 7821.69 7851.78 7867.6 7846.48 7923.13 7912.45 7955.48 7940.17 7900.54
7663.29 7649.73 7646.75 7638 7662.33 7658.62 -9999 -9999 -9999 -9999 -9999 -9999 -9999 -9999 -9999 -9999 -9999 -9999 -9999 -9999 -9999 -9999 -9999 -9999 -9999 7684.11 7687.55 7693.43 7701.23 -9999 7656.18 7728.48 7717.76 7708.89 7695.47 7656.95 7660.87 7702.59 7782.04 7800.64 7744.54 7768.03 7786.7 7861.79 7872.67 7902.29 7931.42 7940.38 7902.37 7885.03 7879.81 7910.53 7882.05 7876.26 7875.31 7895.23 7907.73 7889.62 7842.47 7827.32 7852.74 7883.62 7879.28 7942.19 7911.33 7922.37 7916.3 7921.81
7648.4 7658.19 7674.96 7690.63 7647.09 7674.28 7683.64 -9999 -9999 -9999 -9999 -9999 -9999 -9999 -9999 -9999 -9999 -9999 -9999 -9999 -9999 -9999 -9999 -9999 -9999 -9999 -9999 -9999 -9999 7640.91 7715.97 7780.09 7727.39 7727.54 7736.94 7692.74 7687.67 7733.95 7771.83 7865.17 7858.1 7839.9 7867.23 7827.93 7915.51 7900.38 7955.85 7924.86 7893.22 7964.23 7975.34 7922.59 7903.39 7878.92 7867.49 7876.49 7900.84 7920.1 7883.45 7834.95 7851.38 7881.25 7918.11 7960.4 7932.79 7933.75 7910.4 7864.33
7646.77 7655.33 7698.43 7689.07 7657.74 -9999 -9999 7652.34 -9999 -9999 -9999 -9999 -9999 -9999 -9999 -9999 -9999 -9999 -9999 -9999 -9999 -9999 -9999 7637.36 7649.12 7656.08 7639.24 -9999 7632.18 7706.8 7762.99 7713.05 7685.02 7676 7759.54 7753 7700.36 7726.9 7803.85 7841.05 7928.04 7877.81 7929.77 7864.2 7957.19 7915.4 7929.64 7928.87 7923.05 7940.64 7960.73 7934.74 7949.44 7904.84 7879.91 7865.16 7860.67 7870.38 7896.73 7861.45 7847.38 7864.78 7919.03 7944.84 7936.14 7934.22 7903.39 7898.71
7756.15 7724.98 7743.57 7810.76 7719.68 7619.88 -9999 -9999 -9999 -9999 -9999 -9999 -9999 -9999 -9999 -9999 -9999 -9999 -9999 -9999 -9999 -9999 -9999 -9999 -9999 7650.86 7666.44 -9999 -9999 7645.83 7660.98 7644.25 7657.52 7701.41 7683.16 7704.19 7791.01 7860.89 7855.13 7831.19 7854.82 7861.06 7911.34 7914.13 7920.88 7934.33 7958.85 7936.31 7909.09 7925.7 7942.46 7970.23 8006.34 7954.45 7904.57 7881.22 7876.31 7873.59 7860.38 7864.31 7876.16 7876.34 7887.54 7919.35 7920.58 7929.5 7908.78 7892.26
7691.5 7615.83 7683.55 -9999 7702.26 -9999 7626.12 7688.46 7646.98 -9999 -9999 -9999 -9999 -9999 -9999 -9999 -9999 -9999 -9999 -9999 -9999 -9999 -9999 -9999 -9999 -9999 -9999 -9999 -9999 -9999 7651.92 7728.93 7768.07 7689.71 7659.74 7714.38 7781.86 7794.31 7807.41 7794 7834.92 7870.56 7886.04 7849.47 7864.14 7931.6 8000.01 7949.82 7944.9 7945.25 7931.44 7941.47 7974.43 7959.02 7950.29 7958.2 7928.39 7907.26 7905.11 7883.31 7887.81 7909.45 7931.55 7953.79 7900.13 7895.37 7893.59 7883.09
7819.94 7892.05 7686.97 7671.33 7650.71 7632.01 -9999 -9999 7620.08 7633.69 -9999 -9999 -9999 -9999 -9999 -9999 -9999 -9999 -9999 -9999 -9999 -9999 -9999 -9999 -9999 -9999 -9999 -9999 -9999 7632.58 7658.69 7703.39 7670.33 7649.74 7646.08 7672.11 7726.15 7766.02 7725.22 7760.21 7773.62 7799.21 7839.51 7827.3 7918.83 7933.58 7906.05 7960.24 7982.79 7944.75 7937.9 7912.18 7913.45 7944.89 7935.39 7956.37 7963.99 7934.23 7906.27 7887.38 7898.58 7915.35 7935.23 7929.46 7928.01 7896.37 7881.86 -9999
7773.93 7769.18 7715.71 7761.18 7668.69 7688.51 7662.72 7643.61 -9999 -9999 7691.1 7701.05 7656.37 -9999 -9999 -9999 -9999 -9999 -9999 -9999 -9999 -9999 -9999 7635.09 -9999 -9999 7646.31 -9999 -9999 7629.51 7642.87 7690.95 7663.34 7637.22 7670.1 7658.97 7658.09 7693.44 7761.46 7807.97 7766.05 7795.35 7816.46 7860.7 7873.01 7882.48 7925.32 7957.5 7972.56 7958.99 8007.53 7956.03 7945.02 7902.64 7880.58 7893.01 7912.85 7904.97 7940.58 7920.67 7906.51 7910.34 7918.88 7926.82 7922.01 7897.79 -9999 7881.27
7689.69 7701.5 -9999 7693.97 7674.17 7661.29 7651.19 -9999 7647.49 7640.34 7653.25 7659.01 7646.87 -9999 -9999 -9999 -9999 -9999 -9999 -9999 -9999 -9999 -9999 -9999 7690.24 -9999 -9999 7653.29 -9999 -9999 -9999 7671.98 7691.36 7661.15 7726.97 7783.46 7748.5 7712.47 7680.85 7735.02 7810.61 7849.52 7846.54 7833.23 7847.99 7865.72 7923.6 7918.06 7923.6 7925.08 8028.05 7960.2 7926.01 7948.06 8001.86 7973.58 7886.38 7902.9 7931.01 7946.25 7925.69 7906.62 7911.77 7920.76 7906.65 7899.32 7895.67 7891.02
7614.88 -9999 -9999 -9999 -9999 7688.06 7668.23 7681.11 7713.87 7707.76 7681.98 7670.19 -9999 -9999 -9999 -9999 -9999 -9999 -9999 -9999 -9999 -9999 -9999 7640.68 7651 -9999 7640.66 7663.94 7644.1 7706.66 7693.91 7674.68 7690.57 7722.89 7712.85 7711.66 7755.09 7779.23 7839.01 -9999 7707.74 7846.33 7815.89 7784.01 7860.51 7893.27 7860.32 7858.9 7934.14 7962.7 7945.37 7964.95 7912.78 7891.74 7928.09 7974.28 8012.63 7937.32 7946.76 7924.44 7924.34 7927.19 7926.87 7913.76 7902.8 7914.72 7903.87 7899.07
7765.76 7738.86 7686.21 7629.55 -9999 -9999 -9999 7673.23 7701.24 7684.74 7711.21 7681.02 -9999 -9999 7650.31 -9999 -9999 -9999 -9999 -9999 -9999 -9999 -9999 -9999 -9999 -9999 -9999 -9999 -9999 -9999 7652.41 7653.66 7633.67 7631.16 7675.37 7694.7 7699.12 7722.06 7787.35 7816.76 7818.98 7759.85 7785.93 7847.92 7859.47 7860.66 7896.19 7890.44 7883.39 7905.52 7945.26 7907.84 7900.68 -9999 7979.93 7964.53 7971.75 8023.79 7987.21 8005.96 8028.1 8032.88 7999.67 7924.54 7913.09 7938.89 7921.06 7912.94
7799.27 7813.18 7813.68 7770.89 7667.79 7637.2 -9999 -9999 7631.45 -9999 7649.48 7655.69 -9999 -9999 -9999 -9999 7637.5 -9999 -9999 -9999 -9999 -9999 -9999 -9999 -9999 -9999 -9999 -9999 -9999 -9999 -9999 -9999 7659.77 7687.33 7712.03 7750.05 7699.1 7704.76 7659.11 7699.1 7704.18 7692.88 7704.87 7845.42 7858.15 7897.32 7924.28 7870.76 7911.22 7927.54 7915.82 7905.55 7898.19 7897.3 8076.7 8046.12 -9999 7965.95 7996.9 7999.18 8050.07 8020.73 7970.86 7911.35 7908.31 7918.99 7946.14 7924.04
7797.17 7785.46 7742.58 7678.68 7687.88 7752.7 7681.14 -9999 -9999 -9999 -9999 -9999 -9999 -9999 -9999 -9999 -9999 7625.82 -9999 -9999 -9999 -9999 -9999 -9999 -9999 -9999 -9999 7605.45 7645.78 7635.81 -9999 7621.89 7648.57 7644.99 7667.74 7655.52 7683.87 7704.63 7748.31 7754.58 7825.6 7836.3 7746.51 7743.63 7861.17 7861.02 7852.68 7894.69 7911.94 7881.72 7947.5 7909.51 7924.93 7901.83 7968.28 8033.96 7949.48 -9999 7954.08 8010.59 8047.77 8016.16 7946.73 7911.07 7909.31 7909.27 7914.64 7917.11
7880.74 7889 7795.41 7701.41 -9999 7682.05 7691.92 -9999 -9999 -9999 -9999 -9999 -9999 -9999 -9999 -9999 -9999 -9999 -9999 -9999 -9999 -9999 -9999 -9999 7616.5 -9999 -9999 -9999 -9999 -9999 -9999 7635.62 7635.64 7709.78 7751.52 7667.83 7700.74 7857.45 7746.44 7786.31 7854.74 7886.49 7909.06 7908.36 7942.67 7978.4 7950.3 7928.78 7892.64 7965.22 7926.13 7902.78 7776.42 7882.35 7928.29 7899.97 7954.57 7950.99 7959.15 7966.98 8086.99 7993.11 7944.94 7918.9 7912.75 7910.95 7910.76 7912.58
7746.61 7821.28 7836.69 7749.34 7628.27 -9999 -9999 7666.28 -9999 -9999 -9999 -9999 -9999 -9999 7634.01 -9999 -9999 -9999 -9999 -9999 -9999 -9999 -9999 -9999 -9999 -9999 -9999 -9999 -9999 -9999 -9999 7643.72 -9999 7649.52 7712.39 7768.42 7718.14 7808.16 7877.38 7761.33 7798.97 7923.07 7917.65 7943 7865.79 7943.57 8004.51 7952 7930.66 7968.95 7858.32 7861.21 7750.79 7767.11 7946.66 7819.16 7982.53 7982.5 7952.66 7941.49 8005.71 8012.72 7941.14 7925.41 7925.25 7921.58 7927.74 7917.37
7740.74 7762.98 7823.19 7875.73 7751.86 -9999 -9999 -9999 -9999 -9999 -9999 -9999 -9999 -9999 -9999 -9999 -9999 -9999 -9999 -9999 -9999 -9999 -9999 -9999 -9999 -9999 -9999 -9999 -9999 -9999 -9999 -9999 -9999 -9999 7644.27 7757.78 7773.26 7789.03 7900.09 7839.02 7820.88 7887.18 7951.79 7908.68 7913.8 7923.05 7964.68 7974.39 8033.7 7892.77 7844.93 7840.01 7723.04 7714.33 7816.34 7760.98 7947.35 7998.05 7961.52 8000.45 7961.95 7983.13 8005.42 7981.57 7956.52 7920.23 7916.13 7914.49
7672.52 7781.77 7700.34 7800.93 7790.61 7680.38 -9999 -9999 -9999 -9999 -9999 -9999 -9999 -9999 -9999 -9999 -9999 -9999 -9999 7643.48 7651.22 -9999 -9999 -9999 -9999 -9999 -9999 -9999 -9999 -9999 -9999 7637.43 7639.84 7656.88 7695.18 7698.17 7745.18 7722.87 7726.69 7747.88 7869.97 7910.49 7820.46 7911.26 7962.8 7930.96 7977.76 8043.24 7981.85 7903.12 7819.01 7719.58 7692.27 7654.44 7681.08 7684.87 7792.07 7870.74 7867.79 8062.4 8103.88 8047.79 8012.99 7929.9 7905.05 7937 7969.49 7966.91
