resultados/variables/sun_rad_maximum.asc
ncols 330
nrows 228
xllcorner -12.000000
yllcorner 34.000000
cellsize 0.166667
NODATA_value -9999
[rows 90 to 119 of 228, columns 204 to 271 of 330]
7163.27 7167.9 7176.79 7174.06 7173.1 7168.95 7173.2 7165.05 7155.66 7152.11 7151.96 7153.69 7152.98 7154.2 7156.71 7161.61 7170.2 7174.57 7180 7195.38 7203.68 7207.35 7208.17 7211.71 7214.19 7208.01 7183.68 7183.31 7181.84 7180.5 7180.2 7186.08 7187.24 7183.92 7177.13 7175.87 7175.68 7176.92 7176.24 7176.01 7174.84 7177.72 7177.41 7193.6 7197.64 7191.79 7181.22 7180.82 7180.59 7182.76 7181.36 7177.84 7176.56 7173.44 7174.62 7183.52 7204.55 7219.63 7226.87 7225.81 7223.66 7224.17 7221.44 7217.63 7216.73 7216.92 7217.15 7215.73
7170.08 7177.25 7187.64 7190.48 7193.09 7184.92 7177 7171.43 7162.73 7160.49 7162.6 7161.17 7162.84 7162.77 7166.85 7169.3 7171.63 7178.2 7184.46 7185.12 7189.65 7199 7208.99 7214.44 7204.03 7193.83 7187.72 7187.42 7185.49 7184.48 7186 7184.36 7187.66 7187.66 7186.36 7188.5 7187.72 7186.59 7186.31 7183.82 7182.47 7187.55 7202.51 7220.01 7223.48 7223.42 7220.91 7211.71 7201.73 7186.94 7186.48 7185.61 7186.77 7186.18 7188.88 7193.69 7214.43 7222.44 7226.93 7233.79 7228.73 7225.75 7224.9 7225.64 7223.29 7227.33 7228.37 7231.34
7180.94 7189.63 7193.65 7200.72 7199.54 7193.7 7188.1 7181.8 7169 7167.01 7166.6 7167.08 7168.66 7172.21 7175.67 7177.47 7181.46 7182.09 7185.44 7189.48 7190.76 7191.45 7193.46 7192.47 7195.15 7198.23 7195.95 7194.67 7192.93 7194.65 7196.12 7208.48 7209.55 7204.4 7201.83 7195.19 7197.03 7195.16 7193.89 7194.1 7199.24 7203.99 7218.31 7217.64 7225.22 7234.88 7231.39 7222.19 7206.42 7195.66 7195.74 7194.67 7195.85 7198.23 7196.92 7211.17 7222.33 7224.57 7225.82 7240.26 7241.17 7232.64 7232.24 7232.04 7232.18 7241.23 7242.59 7233.65
7193.93 7193.52 7196.52 7200.37 7203 7201.76 7195.15 7187.25 7182.45 7179.04 7178.3 7177.06 7177.52 7180.19 7180.77 7184.15 7186.44 7190.39 7193.99 7195.8 7198.7 7200.23 7197.18 7198.71 7200.32 7199.18 7201.25 7202.81 7206.3 7207.38 7211.88 7216.75 7217.24 7214.78 7212.92 7214.49 7204.73 7205.21 7202.37 7206.08 7207.28 7209.73 7218.46 7219.9 7227.07 7227.51 7230.99 7230.69 7224.25 7202.74 7200.26 7199.1 7204.29 7204.08 7210.85 7231.93 7233.5 7227.01 7227.07 7233.81 7236.99 7238.39 7243.87 7245.02 7244.03 7246.61 7247.81 7254.48
7203.09 7197.97 7198.98 7201.03 7200.85 7200.11 7202.1 7201.17 7195 7191.06 7191.13 7190.95 7189 7187.91 7187.07 7190.32 7193.35 7197.44 7200.47 7201.95 7203.7 7209.67 7210.79 7212.97 7208.69 7207.15 7206.91 7210.95 7219.35 7224.86 7226.22 7226.09 7228.05 7236.49 7235.06 7229.15 7220.76 7217.32 7222.7 7222.93 7223.7 7221.42 7223.34 7225.5 7229.62 7231.08 7238.4 7231.93 7226.44 7227.27 7220.88 7214.79 7214.75 7220.1 7237.1 7231.67 7233.57 7233.34 7235.14 7238.56 7237.29 7239.91 7241.87 7239.27 7241.61 7243.74 7250.83 7245.98
7219.85 7219.58 7216.98 7211 7211.31 7214.19 7214.84 7214.04 7210.37 7206.06 7202.72 7201.43 7200.97 7198.88 7196.38 7199.27 7202.59 7205.61 7207.99 7209.85 7212.44 7215.71 7218.26 7221.35 7214.91 7211.61 7216.14 7215.64 7219.8 7227.74 7228.96 7234.43 7238.14 7237.23 7237.06 7232.15 7225.14 7224.93 -9999 7228.93 7229.28 7231.17 7232.09 7234.41 7234.27 7235.18 7240.26 7242.38 7233.98 7233.39 7231.96 7231.25 7231.12 7233.36 7238.3 -9999 7236.2 7237.28 7237.72 7238.06 7240.95 7241.38 7243.07 7244.55 7240.6 7242.66 7247.22 7254.18
7238.96 7234.31 7228.56 7228.05 7229.11 7222.82 7223.06 7225.07 7223.07 7218.2 7214.21 7209.65 7208.01 7205.56 7205.18 7208.71 7210.82 7214.79 7217.28 7219.68 7221.48 7229.38 7232.09 7231.64 7236.41 7231.52 7220.71 7224.29 7229.92 7235.05 7242.46 7239.63 7242.3 7241.43 7238.02 7235.62 7235.16 7235.62 7233.56 7234.98 7236.97 7240.54 -9999 7242.59 7237.99 7239.33 7241.23 7238.07 7242.86 7240.99 7237.46 7235.93 7238.84 7239.49 7243.21 7246.08 7245.4 7246.99 7247.66 7246.26 7243.39 7244.4 7244.5 7243.87 7245.95 7251.25 7255.92 7263.97
7237.16 7246.68 7245.41 7243.98 7230.68 7234.57 7237.52 7236.22 7236.13 7233.77 7227.34 7220.65 7216.53 7212.97 7215.94 7219.88 7220.46 7226.51 7230.27 7229.6 7230.65 7238.42 7229.54 7237.77 -9999 7242.26 7236.92 7239.94 7247.31 7245.51 -9999 7240.37 7239.02 7238 7236.38 7234.46 7235.15 7234.36 7239.3 7239.89 7240.05 7241.9 7244.56 7245.72 7244.77 7246.32 7248.18 7249.76 7252.24 7251.49 7246.29 7244.64 7244.32 7246.74 7248.24 7252.83 7250.23 7250.08 7250.56 7254.72 7256.84 7253.44 7251.46 7253.45 7259.2 7262.03 7262.28 7271.58
7241.93 7253.64 7255.77 7250.82 7249.95 7246.65 7238.8 7243.65 7243.27 7239.91 7235.42 7229 7222.01 7221.65 7223.43 7226.36 7230.4 7234.56 7233.07 7237.49 7236.96 7241.3 7245.77 7252.04 7254.61 7255.21 7252.07 7249.26 7251.05 7248.12 7244.53 7251.95 7249.63 7248.96 7246.96 7245.71 7241.66 7243.27 7245.25 7245.03 7246.08 7248.76 7249 7247.85 7248.78 7250.8 7257.51 7268.11 7269.16 7261.76 7255.11 7253.24 7252.72 7253.97 7256.53 7255.73 7257.39 7260.34 7269.57 7261.38 7262.52 7261.51 7261.42 7261.47 7267.2 7274.8 7276.12 7276.49
7241.28 7245.6 7252.77 7252.17 7249.36 7248.22 7245.28 7245.55 7246.17 7243.87 7239.87 7233.05 7227.5 7229.71 7234.04 7237.39 7237.95 7238.74 7243.56 7251.19 7260.41 7253.74 7268.87 7265.02 7262.78 7256.52 7254.66 7256.04 7255.17 7255.58 7255.31 7252.85 7254.18 7253.43 7251.4 7250.2 7249.12 7248.85 7251.2 7251.95 7252.51 7251.3 7251.77 7255.24 7254.93 7254.73 7264.22 7266.06 7266.61 7262.29 7260.32 7259.02 7257.91 7259.83 7260.32 7265.55 7270.32 7268.45 7269.4 7269.3 7272.76 7279.07 7284.13 7276.83 7274.43 7271.71 7279.73 7283.37
7235.1 7231.33 7230.94 7232.61 7235.49 7238.04 7240.28 7247.49 7245.66 7244.5 7239.77 7233.17 7234.08 7238.61 7244.05 7243.33 7239.71 7248.71 7257.72 7259.61 7261.71 7265.96 7266.08 7265.29 -9999 7278.09 7265.64 7257.94 7257.53 7257.51 7257.78 7256.91 7256.64 7259.27 7261.91 7265.81 7269.95 7271.12 7262 7259.32 7257.86 7259.43 7258.58 7259.23 7259.39 7261.11 7263.32 7267.05 7269.01 7265.41 7265.61 7273.85 7264.36 7267.51 7266.76 7268.83 7267.82 7266.88 7272.69 7279.6 7284.71 7289.3 7286.35 7287.01 7285.32 7282.83 7288.74 7285.03
7232.63 7233.4 7237.88 7236.79 7236.45 7239.58 7243.24 7244.94 7243.37 7246.93 7240.33 7240.63 7244.06 7246.33 7248.1 7250.2 7260.9 7262.25 7267.15 7271.99 7274.38 7270.35 7271.21 7269.84 7280.87 7288.95 7280.06 7275.26 7266.89 7267.73 7271.68 7269.48 7271.71 7273.38 7279.44 7279.93 7277.67 7279.91 7281 7271.53 7270.13 7264.42 7265.04 7264.93 7266.32 7268.71 7268.23 7268.45 7269.66 7276.46 7288.12 7293.46 7295.86 7290 7283.96 7281.96 7282.82 7278.8 7275.54 7287.97 7291.65 7293.24 7294.98 7288.58 7284.39 7287.24 7291.9 7292.14
7240.53 7239.01 7241.73 7242.66 7244.31 7245.87 7249.01 7251.5 7255.22 7250.94 7250.54 7251.21 7249.84 7255.28 7256.79 7256.93 7260.91 7265.93 7269.5 7276.57 7282.81 7276.09 7275.06 7277.88 7281.5 7281.93 7289.17 7287.9 7289.15 7281.01 7285.79 7284.82 7285 7288.14 7287.96 7284.57 7282.4 7285.85 7282.82 7284.57 7278.93 7274.84 7271.82 7273.57 7273.43 7271.52 7273.81 7279.39 7276.26 7275.64 7280.02 7284.05 7287.87 7291 7290.52 7289.54 7287.65 7283.41 7285.41 7290.71 7299.42 7300.53 7296.23 7292.84 7285.63 7286.35 7291.68 7291.91
7250.54 7251.27 7253.62 7252.83 7250.58 7250.61 7252.26 7252.71 7257.33 7260.07 7261.59 7257.33 7261.52 7264.22 7268.27 7270.31 7274.76 7270.67 7285.32 7285.21 7278.73 7284.54 7292.78 7283.52 7282.01 7279.99 7284.47 7288.77 7288.06 7289.57 7291.65 7290.82 7292.27 7293.06 7295.5 7294.57 7294.54 7289.67 7288.15 7286.13 7286.61 7300.13 7288.39 7278.92 7282.16 7293.57 7287.48 7287.71 7290.34 7288.5 7290.5 7289.56 7292.51 7296.67 7294.07 7290.24 7293.44 7296.96 7291.31 7296.81 7302.72 7296.8 7295.69 7290.53 7294.97 7300.31 7304.75 7308.71
7259.4 7260.94 7260.46 7259.99 7260.87 7261.79 7262.48 7263.51 7265.03 7273.08 7275.18 7273.41 7266.77 7273.65 7291.7 7291.5 7293.19 7291.02 7287.76 7288.48 7303.34 7298.86 7300.61 7298.35 7291.8 7287.2 7290.51 7292.01 7292.24 7299.07 7302.92 7296.67 7295.15 7295.21 7299.79 7306.9 7304.17 7292.48 7292.26 7298.2 7298.04 7299.3 7294.73 7296.9 7298.42 7300.69 7312.55 7305.17 7307 7307.34 7297.2 7295.64 7299.28 7298.48 7296.01 7296.61 7299.16 7302.51 7306.96 7309.87 7306.71 7303.35 7299.7 7300.4 7307.8 7310.94 7313.97 7314.61
7274.14 7276.09 7284.85 7294.76 -9999 7306.85 7288.93 7281.22 7279.86 7276.11 7276.91 7275.91 7283.61 7294.62 7294.25 7295.15 7295.38 7292.86 7292.81 7297.15 7308.23 7315.42 7314.33 7316.67 7302.75 7304.56 7293.47 7294.65 7297.14 7297.88 7301.61 7303.39 7308.09 7315.91 7310.05 7321.54 7312.23 7305.94 7299.21 7308.21 7308.41 7305.46 7303.82 7304.45 7309.87 7316.23 7312.59 7313.97 7312.44 7307.13 7304.63 7311.26 7313.29 7314.8 7312.7 7316.47 7318.76 7316.11 7311.3 7309.61 7310.44 7312.14 7312.82 7312.45 7314.59 7317.38 7313.98 7319.7
7292.99 7310.09 7313.09 7315.9 7328.1 7314.67 7313.18 7301.48 7297.97 7299.87 7292.1 7292.39 7294.53 7299.09 7296.32 7296.8 7299.51 7300.69 7303.52 7305.57 7311.56 7320.33 7327.06 7323.39 7330.94 7327.81 7328.57 7318.46 7308.98 7308.38 7308.69 7309.81 7323.92 7326.89 7321.43 7325.83 7315.15 7307.1 7310.91 7309.74 7311.49 7309.12 7309.98 7312.72 7314.16 7317.29 7314.94 7319.09 7318.14 7308.92 7316.33 7313.22 7314.73 7313.46 7316.14 7315.74 7317.44 7314.92 7311.8 7314.15 7315.51 7312.24 7314.68 7315.04 7319.69 7324.59 7321.54 7323.49
7315.51 7314.26 7324.26 7320.18 7321.36 7320.22 7309.43 7305.37 7304.61 7304.16 7302.96 7302.08 7297.87 7297.33 7301.64 7306.68 7313.52 7310.06 7309.87 7314.26 7316.88 7317.37 7311.83 7316.19 7315.64 7314.22 7318.93 7327.51 7332.6 7333.11 7342.74 7332.16 7339.56 7344.64 7339.28 7320.89 7315.54 7316.66 7314.23 7312.69 7312.31 7312.26 7314.76 7318.2 7319.73 7320.42 7319.25 7318.1 7321.49 7321.17 7317.57 7321.91 7319.09 7320.25 7314.3 7326.1 7323.62 7320.54 7320.63 7320.97 7317.84 7317.77 7318.38 7316.9 7322.34 7326.07 7328.4 7323.96
7313.63 7311.81 7315.68 7316.36 7319.92 7314.68 7314.09 7311.97 7310.68 7306.15 7302.14 7304.62 7308.07 7309.93 7310.04 7310.46 7311.23 7313.88 7312.37 7319.56 7315.75 7312.41 7314.62 7316.36 7314.15 7313.7 7315.55 7320.01 7327.92 7336.14 7346.31 7343.15 7335.05 7335.26 7340.11 -9999 7329.4 7323.35 7322.87 7321.58 7319.96 7319.3 7318.87 7323.15 7324.81 7324.1 7319.67 7324.36 7324.11 7324.4 7320.99 7323.66 7323.68 7324.34 7321.71 7326.6 7329.21 7325.82 7323.63 7319.21 7325.72 7328.64 7330.27 7329.68 7331.92 7325.94 7329.79 7339.06
7314.92 7317.87 7314.46 7315.02 7316.25 7313.59 7315.9 7314 7314.63 7319.43 7318.51 7311.13 7314.66 7315.54 7315.38 7319.3 7320.04 7319.11 7318.85 7318.77 7315.72 7316.04 7319.06 7320.36 7316.27 7317.71 7325.52 7332.63 7340.34 7357.6 7357.87 7352.17 7343.91 7337.26 7335.01 7329.95 7333.38 7330.45 7330.98 7331.15 7329.84 7324.46 7325.15 7326.94 7329.47 7328.9 7326.49 7328.02 7327.09 7324.17 7326.89 7326.03 7325.01 7327.09 7326.48 7329.62 7328.47 7327.32 7325.57 7327.13 7327.58 7330.64 7333.14 7332.83 7335.39 7343.43 7334.49 7338.47
7327.29 7325.95 7321.2 7317.3 7317.76 7316.32 7319 7332.04 7323.49 7329.44 7324.91 7327.92 7318.94 7317.14 7321.94 7328.55 7335.38 7329.96 7321.23 7320.78 7321.17 7330.88 7357.02 7348.84 7333.98 7324.95 7325.92 7331.7 7337.18 7339.56 7338.97 7338.44 7339.23 7336.04 7334.55 7332.96 7332.61 7331.06 7331.12 7333.01 7332.93 7328.54 7329.5 7330.47 7332.19 7333.26 7331.81 7331.52 7329.28 7326.14 7329.31 7331.33 7330.76 7327.19 7331.2 7333.38 7328.67 7328.65 7328.8 7333.29 7337.16 7340.29 7338.8 7337.76 7336.72 7337.25 7340.46 7345.08
7332.16 7332.87 7324.97 7322.63 7329.23 7333.86 7330.46 7338.18 7339.81 7338.22 7344.46 7329.18 7321.97 7323.94 7322.63 7323.94 7325.85 7325.97 7326.56 7335.65 7340.97 7341.26 7352.97 7356.38 7341.2 7335.51 7336.07 7340.31 7336.92 7342.04 7340.38 7341.13 7343.58 7342.08 7339.92 7337.88 7337.8 7337.16 7338.09 7338.23 7338.37 7334.53 7335.47 7333.67 7336.59 7339.29 7337.57 7334.54 7335.46 7331.93 7332.04 7333.18 7335.06 7335.08 7330.73 7332.72 7338.3 7340.75 7343.08 7340.59 7342.55 7342.33 7339.95 7338.07 7338.66 7340.16 7343.45 7346.91
7337.99 7342.77 7333.11 7325.82 7329.31 7331.9 7340.56 7339.98 7341.08 7347.65 7341.44 7335.27 7341.36 7337.97 7337.2 7340.22 7329.64 7333.11 7331.13 7338.46 7353.64 7352.04 7356.09 7356.49 7351.94 7349.1 7347.19 7346.87 7347.82 7345.97 7344 7345.78 7345.78 7346.61 7345.71 7344 7343.54 7343.05 7342.72 7342.45 7342.22 7342.61 7337.6 7340.82 7343.95 7342.79 7340.67 7339.1 7340.83 7339.79 7338.12 7339.75 7339.24 7338.96 7341.37 7342.98 7343.75 7343.17 7342.92 7341.22 7340.97 7341.23 7342.92 7344.06 7344.99 7347.76 7350.73 7350.06
7339.15 7335.85 7334.97 7337 7339.99 7336.59 7341.51 7347.09 7348.93 7347.07 7348.55 7346.93 7352.15 7351.01 7350.73 7359.03 7353.61 7352.34 7353.43 7347.81 7351.48 7358.73 7357.76 7356.93 7355.19 7353.85 7358.01 7358.55 7359.08 7361.5 7359.72 7355.55 7351.42 7348.02 7349.47 7353.63 7349.01 7349.65 7348.84 7347.48 7347.61 7347.99 7347.46 7345.53 7346.05 7344.46 7343.83 7342.95 7343.01 7343.1 7348.46 7348.06 7346.09 7343.14 7348.28 7347.92 7345.69 7344.37 7343.24 7345.92 7350.49 7350.5 7351.57 7345.35 7351.42 7354.6 7358.64 7357.01
7348.82 7345.63 7350.35 7350.26 7348.12 7344.29 7346.98 7348.75 7350.05 7349.93 7352.07 7353.93 7358.71 7362.76 7361.02 7360.11 7355.73 7354.12 7357.72 7358.78 7355.54 7356.58 7363.03 7357.15 7359.49 7361.25 7362.99 7359.34 7358.1 7354.78 7354.85 7354.8 7355.01 7351.2 7351.42 7352.02 7352.07 7356.65 7355.96 7353.76 7351.45 7351.39 7351.39 7349.83 7349.32 7347.92 7348.74 7347.54 7348.53 7348.36 7349.32 7350.25 7350.85 7347.34 7352.51 7352.18 7348.1 7349.2 7353.59 7351.91 7351.74 7353.96 7355.11 7363.6 7363.82 7364.13 7364 7356.99
7347.75 7350.11 7353.33 7351.98 7354.14 7355.9 7356.24 7354.29 7359.01 7363.21 7361.67 7361.69 7362.41 7362.28 7363.2 7364.04 7367.65 7363.34 7363.86 7361.64 7358.19 7358.13 7357.74 7358.89 7359.59 7360.47 7360.84 7362.98 7358.97 7358.22 7357.87 7358.3 7358.73 7358.02 7358.08 7356.13 7354.85 7355.49 7355.91 7355.52 7354.83 7356.26 7357.36 7356.18 7353.46 7354.26 7355.6 7354.36 7351.21 7354.74 7354.58 7356.87 7355.49 7350.65 7355.26 7356.42 7353.8 7354.15 7354.63 7354.3 7357.48 7359.95 7362.18 7365.21 7371.74 7373.24 7368.61 7363.6
7352.72 7352.73 7353.31 7360.57 7364.62 7364.16 7363.58 7365.95 7369.48 7368.19 7367.98 7371.65 7368.35 7368.11 7368.4 7365.05 7365.6 7364.31 7365.22 7363.87 7362.62 7364.03 7365.1 7364.51 7364.36 7364.54 7366.23 7364.04 7363.29 7363.38 7362.35 7361.64 7360.96 7360.55 7361.67 7360.46 7359.61 7358.61 7358.52 7358.94 7358.77 7360.45 7361.85 7360.68 7360.34 7358.96 7358 7357.75 7356.48 7356.97 7361.16 7359.1 7359.05 7359.7 7357.5 7357.63 7361.56 7361.39 7361.22 7363.36 7369.43 7373.38 7374.52 7374.49 7372.54 7371.06 7367.53 7362.2
7367.83 7370.86 7366.58 7360.48 7368.93 7371.42 7377.63 7375.89 7374.37 7372.74 7372.16 7370.17 7372.66 7373.63 7370.45 7371.67 7370.23 7368.98 7367.93 7366.94 7367 7366.51 7368.89 7368.26 7368.62 7369.98 7369.54 7369.14 7367.07 7366.33 7365.66 7366.12 7367.63 7368.07 7365.53 -9999 7368.78 7370.89 7367.42 7365.49 7365.6 7364.51 7365 7365.79 7366.23 7366.73 7364.11 7366.9 7369.7 7366.38 7361.98 7365.04 7364.51 7363.9 7359.91 7363.11 7361.94 7365.52 7368.69 7374.45 7379.21 7375.69 7371.28 7374.14 7377.75 7376.09 7374.09 7367.66
7375.92 7377.4 7377.17 7379.08 7373.73 7377.88 7377 7373.88 7377.22 7375.09 7375.23 7378.16 7375.15 7373.79 7373.52 7373.54 7374.57 7375.01 7375.38 7375.8 7375.49 7374.02 7374.97 7374.52 7372.64 7371.62 7371.79 7371.96 7372.95 7371.73 7371.23 7370.49 7370.01 7371.24 7372.49 7371.22 7372.51 7372.83 7370.23 7369.97 7368.16 7367.31 7369.52 7369.57 7370.91 7372.96 7371.58 7370.71 7370.02 7368.24 7368.63 7366.29 7369.27 7367.13 7372.3 7373.8 7374.99 7372.82 7375.03 7375.48 7378.89 7380.26 7374.03 7378.97 7381.06 7380.02 7382.64 7377.92
7382.18 7381.46 7384.19 7384.44 7385.54 7383.77 7380.88 7381.28 7377.59 7376.55 7377.59 7377.6 7377.56 7378.15 7378.57 7379.37 7379.48 7379.62 7379.79 7379.9 7380.35 7380.26 7380.73 7379.51 7378.37 7376.03 7375.55 7375.26 7375.31 7374.93 7374.75 7374.34 7374.01 7373.71 7373.57 7374.46 7374.57 7376.63 7375.22 7373.63 7373.38 7372.92 7372.55 7371.62 7375.25 7377.09 7376.76 7377.15 7376.68 7376.85 7375.63 7374.49 7371.95 7373.4 7378.59 7379.03 7381.25 7383.02 7381.63 7375.6 7376.46 7377.81 7381.47 7380.68 7382.57 7389.06 7389.37 7379.78
