resultados/variables/sun_rad_range.asc
ncols 330
nrows 228
xllcorner -12.000000
yllcorner 34.000000
cellsize 0.166667
NODATA_value -9999
[rows 30 to 59 of 228, columns 136 to 203 of 330]
-9999 -9999 -9999 -9999 -9999 -9999 -9999 -9999 -9999 -9999 -9999 -9999 -9999 -9999 -9999 -9999 -9999 6723.73 6726.92 -9999 6729.97 6849.2 6817.67 6845.43 6749.22 6873.07 6885.74 6780.2 6831.57 6934.53 6909.63 6924.25 6905.47 6941.13 6907.31 6920.58 6990.6 6976.15 7037.78 6983.2 6951.5 6901.19 6870.93 6915.92 6945.7 6916.33 6875.53 6844.58 6890.93 6888.33 6877.32 6876.78 6885.26 6875.77 6846.88 6876.91 6864.67 6866.34 6866.37 6859.91 6864.32 6867.79 6851.36 6821.86 6811.17 6801.97 6805.56 6791.91
-9999 -9999 -9999 -9999 -9999 -9999 -9999 -9999 -9999 -9999 -9999 -9999 -9999 -9999 -9999 -9999 -9999 6692.82 6651.5 6769.97 6881.4 6857.15 6942.88 6803.23 6946.03 6907.97 6977.13 6944.56 6840.65 6849.41 6943.66 7004.7 6971.84 7012.17 7031.41 6984.56 6995.55 6980.32 6931.06 6948.43 6982.5 6954.09 6935.74 6903.08 6888.17 6878.96 6904.3 6897.76 6868.95 6847.07 6837.12 6830.65 6839.73 6856.89 6857.09 6835.6 6831.49 6846.1 6869.28 6864.54 6853.15 6847.72 6849.3 6859.84 6835.93 6815.42 6804.78 6791.56
-9999 -9999 -9999 -9999 -9999 -9999 -9999 -9999 -9999 -9999 -9999 -9999 -9999 -9999 -9999 6734.31 6693.59 6718.21 6942.26 6960.66 -9999 -9999 6892.04 6913.88 6961.02 6975.24 6913.69 7027.91 6989.41 7052.53 6980.13 6965.47 6950.19 6903.4 7000.29 7019.43 6976.37 6949.45 6955.69 6993.43 6923.85 6896.83 6909.29 6945.92 6973.95 6955.14 6957.65 6924.71 6881.91 6871.82 6867.37 6855.7 6844.23 6835.8 6827.84 6829.57 6838.54 6837.68 6810.38 6857.63 6858.76 6845.77 6843.16 6854.63 6864.4 6853.91 6830.78 6810.21
-9999 -9999 -9999 -9999 -9999 -9999 -9999 -9999 -9999 -9999 -9999 -9999 -9999 -9999 -9999 6710.11 6791.73 6865.12 6838.85 6823.62 6835.41 6792.44 6857.46 6916.44 6858.67 6826.45 6909.88 6934.9 7016.45 7024.97 7039.45 7033.32 6992.92 6959.17 6934.39 6923.25 6918.93 6911.11 -9999 6903.95 6925.38 6919.95 6893.26 6911.45 6923.54 6926.55 6904.5 6924.29 6936.72 6923.7 6901.86 6881.99 6883.87 6865.26 6861.87 6858.74 6844.35 6828.72 6815.19 6796.83 6818.33 6827.83 6830.81 6836.66 6837.31 6831.79 6824.72 6840
-9999 -9999 -9999 -9999 -9999 -9999 -9999 -9999 -9999 -9999 -9999 -9999 -9999 -9999 -9999 6714.41 6726.75 -9999 -9999 -9999 6763.03 6797.34 6871.07 6886.78 6860.35 6915.92 6965.14 6948.65 6983.98 6999.94 7043.76 7044.77 7019.95 6950.16 6935.59 6926.24 6931.68 6939.81 6907.21 6893.11 6886.75 6917.47 6931.96 6905.8 6904.99 6901.26 6899.88 6878.31 6900.06 6912.33 6922.53 6930.48 6909.66 6906.97 6885.15 6883.77 6864.82 6843.28 6822.82 6811.01 6794.02 6803.2 6806.39 6814.15 6803.08 6814.2 6789.43 6807.56
-9999 -9999 -9999 -9999 -9999 -9999 -9999 -9999 -9999 -9999 -9999 -9999 6705.21 6746.96 6707.1 6866.86 6827.76 6746.61 6772.73 6786.98 6809.64 6858.49 6864.18 6922.18 6947.59 6918.47 6970.59 6995.52 6951.52 6968.11 7002.61 6994.65 6955.91 7032.06 7008.98 6983.75 6957.87 6925.73 6910.54 6892.68 6897.01 6903.14 6889.96 -9999 6904.48 6921.79 6922.91 6900.96 6887.73 6897.69 6890.38 6895.71 6899.63 6872.72 6871.2 6860.5 6875.8 6860.1 6846.11 6839.14 6805.61 6782.76 6797.03 6817.37 6811.84 6788.3 6780.04 6791.27
-9999 -9999 -9999 -9999 -9999 -9999 -9999 -9999 -9999 -9999 -9999 -9999 6765.06 6753.45 -9999 6779.42 -9999 6859.5 6861.12 6867.49 6965.25 6983.41 -9999 6977.62 7017.53 7024.97 6945.24 7000.74 6967.84 6981.32 6987.8 6992.06 6976.76 6917.26 6938.84 6981.01 6980.59 6952.33 6923.3 6919.46 6901.76 6893.75 -9999 -9999 6899.94 6913.34 6911.17 6893.55 6877.64 6869.87 6871.1 6871.1 6858.14 6868.02 6850.99 6835.79 6817.4 6823.82 6846.38 6846.4 6833.52 6815.73 6809.75 6783.46 6785.91 6788.37 6787.69 6791.9
-9999 -9999 -9999 -9999 -9999 -9999 -9999 -9999 -9999 -9999 -9999 6734.52 6816.4 6843.32 6872.44 6753.29 6868.26 6872.67 6884.42 6890.13 6899.56 6919.37 6948.23 6942.75 6917.92 6911.5 6927.56 6990.51 6941.11 6962.4 6991.39 6978.91 6965.54 6966.42 6979.99 6934.39 6928.68 6926.18 6915.12 6918.67 6943.75 6896.3 6905.8 6907.85 -9999 6904.14 6909.56 6914.27 6883.16 6894.48 6909.87 6901.87 6883.12 6872.86 6868.1 6855.25 6855.51 6840.22 6819.38 6800.53 6820.13 6806.03 6812.59 6796.82 6796.39 6781.63 -9999 6780.44
-9999 -9999 -9999 -9999 -9999 -9999 -9999 -9999 -9999 -9999 -9999 -9999 6778.81 6893.79 6809.38 6792.91 6843.97 6902.61 6903.49 6822.25 6875 6968.55 6965.8 6990.98 7012.13 7006.68 6933.61 6913.85 6919.71 6910.06 6959.69 6948.4 -9999 6968.96 6945.74 6934.24 6923.07 6921.2 6904.1 6899.27 6880.74 6900.05 6899.07 6903.91 6904.09 6901.6 6909.66 6914.31 6904.19 6896.49 6890.85 6884.32 6891.3 6889.3 6883.45 -9999 6884.73 6863.27 6847.57 6837.52 6819.69 6805.4 6797.55 6803.72 6805.63 6796.8 6782.96 6780.84
-9999 -9999 -9999 -9999 -9999 -9999 -9999 -9999 -9999 6756.86 6766.59 -9999 6786.46 6873.94 6930.46 6890.43 6816.87 6868.1 6860.34 6943.27 6859.88 6891.4 6998 6965.69 6988.43 6984.4 6988.87 6956.49 6919.88 6912.74 6898.1 6916.91 6914.44 6904.03 6930.91 6939.41 6941.85 6918.39 6898.94 6905.04 6887.56 6888.37 6888.65 6895.04 6901.27 6908.93 6905.93 6907.3 6915.44 6917.18 6923.36 6906.2 6888.48 6881.28 6882.04 6892.11 6888.99 6887.61 6882.95 6868.68 6849.81 6828.95 6805.88 6792.38 6793.12 -9999 6788.14 6784.87
-9999 -9999 -9999 -9999 -9999 -9999 -9999 -9999 -9999 -9999 -9999 -9999 6755.28 6801.1 6916.26 6868.65 6859.47 6880.4 7003.65 7006.89 7035.83 6988.72 6987.99 6996.06 6951.26 6955.11 6947.07 6956.13 6949.02 6969.65 6978.6 6932.88 6937.83 6942.26 6916.06 6892.07 -9999 6940.9 6957.87 6946.01 6903.79 6886.42 6885.23 6877.9 6882.96 6895.65 6892.28 6893.8 6887.25 6894.51 6890.48 6891.16 6897.32 6893.97 6886.52 6878.39 6871.74 6865.66 6872.92 6868.42 6865.28 6853.31 6827.58 6797.25 6792.09 -9999 -9999 -9999
-9999 -9999 -9999 -9999 -9999 -9999 -9999 -9999 6748.06 6758.51 -9999 6752.83 6860.39 6897.96 6928.19 6866.98 6866.07 6993.68 6996.97 7008.92 7057.53 7060.98 7048.18 7006.76 6998.69 6976.87 6955.47 7017.04 7031.42 6996.61 6955.07 6945.58 6937.56 6917.79 6920.02 6928.29 6933.8 6904.9 6900.46 6902.75 6885.87 6886.17 6889.21 6893.25 6893.33 6878.47 6896.59 6898.08 6899.47 6891.49 6884.27 6867.67 6875.54 6878.01 6879.31 6882.9 6880.97 6873.31 6861.05 6868.39 6848.04 6830.22 6821.37 6813.71 6802.98 -9999 -9999 -9999
-9999 6799.47 6799.85 -9999 6790.15 -9999 6791.67 6810.14 6810.65 6807.71 6844.67 6908.88 6930.1 6909.76 6884.15 6885.65 6964.5 6929.64 6923.6 6967.65 6975.72 6966.64 6979.49 7005.68 7014.09 7010.36 7016.33 6972.96 6956.22 6944.01 6935.04 6924.15 6953.21 6961.84 6944.19 6928.05 6935.7 6935.77 6912.93 6915.37 6920.2 6891.82 6874.53 6884.15 6885.06 6884.46 6880.36 6875.11 6876.79 6879.38 6881.87 6890.9 -9999 6872.79 6866.44 6858.2 6863.25 6868.27 6858.31 6844.26 6843.7 6826.37 6812.58 -9999 -9999 -9999 -9999 -9999
-9999 -9999 -9999 -9999 -9999 -9999 6792.67 6815.41 6862.94 6882.3 6847.39 6911.21 6899.08 6855.74 6867.96 6940.99 -9999 6906.49 6982.47 6966.43 6941.75 6945.66 6978.9 6980.5 6989.18 6985.54 6936.62 6953.31 6966.61 6983.93 6971.43 6934.51 6908.94 6916.3 6915.42 6937.61 6927.56 6932.66 6941.05 6950.6 6952.83 6939.8 6919.48 6898.11 6884.71 6882.61 6878.58 6879.16 6874.33 6874.75 6872.6 6875.6 6890.35 6890.34 6880.28 6873.88 6873.42 6864.69 6856.92 6837.62 6828.02 6819.06 6806.38 -9999 -9999 -9999 -9999 -9999
-9999 -9999 -9999 6810.99 -9999 -9999 6839.96 6894.77 6861.06 6833 6859.27 6854.31 6852.59 6901.96 6965.88 6968.28 6961.6 6936.44 6935.55 6930.68 6900.44 6968.85 6984.19 6970.61 6951.45 6966.52 6970.27 6948.9 6926.51 6924.05 6920.86 6942.08 6970.18 6941.03 6907.32 6908.3 6913.11 6915.04 6928.68 6937.79 6962.9 6964.99 6942.26 6926.68 6911.13 6895.71 6898.26 6871.99 6876.83 6883.12 6882.31 6875.84 6880.79 6886.11 6884.35 6880.99 6881.53 6878.33 6859.96 6838.67 6835.49 6823.36 6817.42 6809.75 -9999 -9999 -9999 -9999
-9999 6812.55 6820.76 6788.21 6807.2 6827.1 6819.74 6816.75 6851.26 6841.62 6834.92 6862.14 6886.58 6946.05 6947.11 6951.64 6943.36 6958.38 6921.33 6914.85 6925.84 6926.09 6937.08 6942.69 6950.22 6966.59 6944.23 6946.04 6932.32 6900.07 6923.01 6902.87 6922.7 6968.25 6952.4 6933.28 6912.28 6920.52 6914.35 6922.62 6930.76 6947.86 6949.74 6956.25 6948.19 6930.29 6908.12 6902.23 6900.89 6881.8 6874.32 6870.81 6875.01 6885.93 6886.52 6885.93 6884.05 6884.32 6853.83 6855.26 6845.42 6833.51 6828.52 6817.94 6812.84 -9999 -9999 -9999
6877.99 6876.56 6872.04 6819.18 6837.75 6856.55 6900.12 6901.83 6886.71 -9999 6864.89 6890.5 6908.01 6902.99 6966.4 6989.04 6943.85 6925.48 6971.24 7028.84 7068.5 7022.66 6967.71 6952.21 6920.14 6903.45 6890.99 6906.26 6907.8 6922.84 6907.23 6943.27 6905.09 6895.82 6909.15 6919.25 6918.39 6917.18 6927.49 6922.07 6926.25 6912.07 6922.26 6922.33 6919.28 6920.59 6934.44 6906.22 6891.19 6893.84 6886 6886.33 6874.18 6872.48 6886.84 6892.57 6893.95 6886.51 6877.59 6860.71 6849.75 6832.43 6823.5 -9999 -9999 -9999 -9999 -9999
6915.47 6896.99 6894.76 6843.47 6861.67 6850.6 6841.06 6851.9 6892.03 6914.13 6903.42 6939.81 6980.66 6957.92 6939.36 6976.65 7011.65 6982.51 6945.6 6945.15 6940.78 7003.26 7036.88 7022.42 7002.3 6970.63 6940.23 6918.44 6916.7 6914.55 6908.15 6901.72 6902.76 6902.4 6911.45 6917.42 6919.15 6925.22 6910.15 6905.43 6907.1 6927.09 6929.4 6916.82 6911.99 6913.14 6907.26 6922.02 6913.76 6887.6 6885.76 6882.13 6883.4 6880.38 6873.49 6861.38 6873.94 6868.46 6855.45 6852.57 6837.28 6823.1 -9999 -9999 -9999 -9999 -9999 -9999
6902.75 -9999 -9999 6827.7 6831.53 6843.24 6889.22 6899.66 6900.39 6949.48 6983.33 6945.97 6947.41 6955.81 7026.59 6998.72 7030.06 7042.01 7020.15 6959.73 6944.29 -9999 6948.64 6988.43 6971.45 6967.46 6953.34 6919.42 6907.24 6926.89 6910.62 6905.54 6904.14 6892.42 6893.03 6907.59 6921.43 6930.74 6917.25 6906.56 6928.17 6922.41 6928.19 6929.77 6912.64 6897.12 6898.65 6914.49 6903.17 6897.56 6881.3 6874.34 6876.28 6866.97 6857.05 6862.06 6858.98 6850.89 6842.97 6839.33 6830.96 -9999 -9999 -9999 -9999 -9999 -9999 -9999
6883.71 6850.76 -9999 -9999 6824.05 6833.51 6855.81 6871.66 6932.09 6942.68 6954.93 6986.36 6975.72 6949.13 6952.74 6995.54 6970.36 6994.87 6996.7 7020.95 6979.78 6962.45 6936.81 6926.67 6935.84 6923.7 6924.22 6928.04 6918.52 6908.54 6901.41 6906.35 6896.7 6895.39 6892.34 6899.76 6896.84 6900.57 6897.54 6925.16 6933.97 6925.7 6916.13 6928.63 6922.05 6909.16 6890.05 6898.15 6883.05 6873.33 6884.02 6883.78 6871.11 6862.07 6866.91 6852.56 6845.37 6832.76 -9999 -9999 -9999 -9999 -9999 -9999 -9999 -9999 -9999 -9999
6830.26 -9999 6863.92 6886.2 6927.63 6932.82 6946.71 6947.81 6960.27 6979.01 6984.21 6979.71 6970.5 6934.63 6950.1 6964.63 6968.82 6948.01 6935.24 6937.46 6960.25 6950.41 6945.87 6934.81 6920.98 6946.79 6940.64 6921 -9999 6921.59 6927.03 6914.57 6907.91 6905.39 6894.83 6892.22 6885.34 6897.68 6891.74 6899.62 6906.23 6898.36 6906.14 6892.51 6901.99 6889.25 6900.16 6875.94 6887.42 6892.38 6875.94 6870.62 6849.41 6849.52 6844.38 -9999 -9999 -9999 -9999 -9999 -9999 -9999 -9999 -9999 -9999 -9999 -9999 -9999
6836.89 6853.69 6857.14 6876.2 6878.44 6934.29 6928.01 6973.26 7020.34 7032.61 7023.05 6984.22 6963.48 6994.04 6944.84 6965.85 6980.59 6969.28 6954.95 6937.88 6945.5 6931.03 6924.99 6936.29 6928.2 6946.25 6963.08 6943.17 6924.98 6926.16 6939.51 6946.71 6953.78 6930.83 6907.26 6900.36 6897.77 6884.03 6912.53 6929.47 6922.39 6914.62 6890.48 6878.31 6879.7 6875.32 6862.68 6889.95 6881.11 6867.34 6857.93 -9999 -9999 -9999 -9999 -9999 -9999 -9999 -9999 -9999 -9999 -9999 -9999 -9999 -9999 -9999 -9999 -9999
6895.75 -9999 6900.23 6965.69 7025.03 6994.09 7004.36 7013.59 7008.61 7005.5 6985.76 -9999 6980.23 6987.4 6985.37 6953.7 6947.56 6951.49 6933.01 6929.47 6921.31 -9999 6926.36 6926.2 6931.27 6918.89 6923.18 6925.46 6922.38 6932.09 6927.23 6927.81 6936.88 6941.44 6942.08 6909.73 6884.53 6882.97 6859.8 6878.23 6900.35 6900.12 6914.43 6904.4 6888.11 6869.75 6858.29 6849.2 -9999 -9999 -9999 -9999 -9999 -9999 -9999 -9999 -9999 -9999 -9999 -9999 -9999 -9999 -9999 -9999 -9999 -9999 -9999 -9999
7011.39 6980.26 6983.3 6943.55 6926.27 6981.69 7028.76 7065.48 7060.54 7065.82 7077.2 7104.75 7076.47 7002.41 7005.1 7048.74 7048.1 7034.24 6985.56 6962.75 6946.36 6931.97 -9999 6946.32 6941.6 6946.99 6939.34 6931.15 6938.67 6936.16 6921.91 6910.53 6921.76 6906.01 6895.5 6935.72 6915.62 6888.42 6895.79 6885.41 6865.71 6857.82 6849.67 6884.97 6903.69 6885.47 6858.46 -9999 -9999 -9999 -9999 -9999 -9999 -9999 -9999 -9999 -9999 -9999 -9999 -9999 -9999 -9999 -9999 -9999 -9999 -9999 6843.74 6842.92
6940.28 6983.05 6962.83 7011.05 7082.96 7079.32 7041.05 7038.69 7068.93 7118.62 7085.97 7121.51 7099.31 7113.78 7091.72 7076.17 7074.03 7069.96 7092.49 7051.67 7002.35 6953.73 6926.86 6939.41 6948.93 6943.78 6937.47 6936.1 6933.54 6934.99 6948.62 6948.99 6929.46 6923.45 6936.23 6891.1 6921.02 6936.79 6921.89 6919.69 6902.44 6883.18 6850.78 -9999 6859 6845.01 6848.86 -9999 -9999 -9999 -9999 -9999 -9999 -9999 -9999 -9999 -9999 -9999 -9999 -9999 -9999 -9999 -9999 -9999 -9999 6847.27 6847.31 6849.06
7083.92 7076.85 7060.89 7026.37 7036.44 7081.93 7086.05 7073.73 7124.34 7117.81 7100.39 7101 7073.77 7053.26 7035.55 7022.36 7015.88 7008.41 6996.27 6998.52 6997.48 6972.4 6946.28 6945.71 6947.6 6947.83 6943.74 6936.13 6934.36 6947.33 6933.25 6934.26 6929.58 6913.52 6935.35 6913.71 6891.12 6925.5 6928.65 6932.92 6900.67 6905.66 6881.39 6854.6 -9999 -9999 -9999 -9999 -9999 -9999 -9999 -9999 -9999 -9999 -9999 -9999 -9999 -9999 -9999 -9999 -9999 -9999 -9999 6850.31 6853 6853.88 6857.94 6863.88
7130.06 7097.12 7081.6 7068.51 7030.82 7060.48 7055.74 7067.7 7089.73 7095.32 7059.4 7053.36 7071.32 7048.32 7039.23 7046.58 7058.61 7049.82 7038.79 7018.96 6975.12 6980.28 6958.63 6979.87 6960.5 6963.92 6953.65 6967.55 6949.84 6938.08 6920.73 6933.5 6936.13 6929.05 6902.45 6920.24 -9999 6892.98 6897.63 6889.06 6883.59 6890.69 6882.39 6853.83 -9999 -9999 -9999 -9999 -9999 -9999 -9999 -9999 -9999 -9999 -9999 -9999 -9999 -9999 -9999 -9999 -9999 -9999 -9999 6854.55 6855.2 6862.22 6869.38 6875.76
7083.9 7050.54 7031.83 7055.41 7075.92 7060.77 7048.89 7043.29 7096.83 7099.78 7070.77 7045.46 7032.96 7045.57 7018.05 7007.06 6993.64 6992.53 6981.51 6999.43 7046.62 6992.31 6956.41 6951.83 6946.93 6933.05 6946.35 6925 6923.28 6924.13 6951.95 6933.31 6910.44 6897.27 6891.23 6899.42 6895.21 6901.32 6879.98 6872.4 -9999 -9999 -9999 -9999 -9999 -9999 -9999 -9999 -9999 -9999 -9999 -9999 -9999 -9999 -9999 -9999 -9999 -9999 -9999 -9999 -9999 -9999 -9999 -9999 6859.31 6867.7 6874.78 6884.66
6977.2 6999.06 7099.88 7108.71 7054.78 7083.26 7065.61 -9999 7065.35 7064.46 7071.42 7079.48 7074.61 7071.54 7066.57 7047.9 7031.5 6993.35 6969.95 6987.13 6977.46 7015.21 7020.1 6997.87 6957.8 6944.59 6930.46 6944.59 6950.98 6944.94 6956.96 6963.76 6959.64 6968.86 6955.5 6932.24 6922.04 6890.9 6875.14 6870.74 6856.86 -9999 -9999 -9999 -9999 -9999 -9999 -9999 -9999 -9999 -9999 -9999 -9999 -9999 -9999 -9999 -9999 -9999 -9999 -9999 -9999 -9999 -9999 -9999 6857.42 6863.87 6873.5 6887.5
6986.3 7014.85 7029.91 7115.1 7088.17 7066.23 7045.66 7052.22 7097.2 7084.62 7086.16 7046.83 7057.75 7061.39 7066.66 7053.68 7025.91 7025.83 7013.36 6975.65 6964.01 6967.41 6967.44 6975.27 6963.87 6938.72 6927.66 6942.99 6945.01 6954.75 6928.48 6940.87 6938.66 6935.53 6935.93 6926.39 6911.77 6913.61 6897.44 6886.91 6864.83 -9999 -9999 -9999 -9999 -9999 -9999 -9999 -9999 -9999 -9999 -9999 -9999 -9999 -9999 -9999 -9999 -9999 -9999 -9999 -9999 -9999 -9999 -9999 6860.72 6870.45 6878.51 6885.79
