resultados/variables/sun_rad_range.asc
ncols 330
nrows 228
xllcorner -12.000000
yllcorner 34.000000
cellsize 0.166667
NODATA_value -9999
[rows 180 to 209 of 228, columns 0 to 67 of 330]
-9999 -9999 -9999 -9999 -9999 -9999 -9999 -9999 -9999 -9999 -9999 -9999 -9999 -9999 -9999 -9999 -9999 -9999 -9999 5965.05 5983.33 5900.74 5889.7 6007.98 6132.01 6093.37 6034.95 5961.39 6018.54 5989.51 5961.24 5950.88 6013 6047.54 6061.82 6080.3 6045.79 6041.01 6034.11 6028.95 6038.78 6044.88 6069.91 6077.29 6044.88 6059.42 6071.22 6079.27 6080.32 6084.84 6082.62 6064.2 6125.12 6087.22 6006.19 5985.54 5976.65 6036.99 6113.43 6074.01 6126.27 6068.9 6027.95 5967.35 5942.28 5964.93 5957.45 5956.69
-9999 -9999 -9999 -9999 -9999 -9999 -9999 -9999 -9999 -9999 -9999 -9999 -9999 -9999 -9999 -9999 -9999 -9999 -9999 5841.01 5863.9 5897.75 5884.24 5916.81 5985.1 6027.05 5941.06 6023.26 5935.43 5921.47 6059.59 6031.34 5980.94 6029.94 6039.22 6011.15 6025.93 6013.67 6015.41 6027.99 6041.98 6048.17 6041.84 6014.52 6028.91 6038.49 6047.4 6039.89 6020.75 6023.2 6030.16 6045.13 6032.98 6058.98 6059.05 6092.98 6085.91 6078.55 6025.33 6065.16 6104.95 6089.09 6067.78 5997.2 5962.25 5919.21 5903.88 5938.65
-9999 -9999 -9999 -9999 -9999 -9999 -9999 -9999 -9999 -9999 -9999 -9999 -9999 -9999 -9999 -9999 -9999 -9999 -9999 5859.96 5868.09 5893.79 5904.22 5926.54 5875.13 5945.2 6024.54 5951.07 5910.35 5945.03 5936.35 5944.92 5951.47 5993.71 5989.52 6006.1 6001.44 5987.87 5988.53 5988.28 5984.44 5987.11 5983.23 5993.87 6013.72 6025.33 6031.32 6026.46 6058.54 6082.84 6083.3 6065.04 6046.22 6029.2 6025.69 6015.82 6037.24 6067.31 6070.66 6053.39 6021.05 6010.81 5959.14 5939.99 5962.99 5987.1 5994.53 5935.34
-9999 -9999 -9999 -9999 -9999 -9999 -9999 -9999 -9999 -9999 -9999 -9999 -9999 -9999 -9999 -9999 -9999 -9999 -9999 5862.15 5860.82 5898.19 5900.42 5871.89 5942.57 5961.23 5949.66 5931.84 5932.91 5911.29 5913.31 5946.34 6010.72 5962.91 5996.22 6009.87 6008.11 6017.43 6018.02 6008.38 5999.26 5999.25 6003.27 5997.25 5992.3 5986.22 5998.02 6017.01 6028.23 6059.26 6034.08 6054.57 6093.65 6113.95 6107 6077.26 6070.83 6044.21 5997.75 5966.34 5973.02 5912.75 5944.54 6055.29 6002.47 5999.3 5996.76 5932.02
-9999 -9999 -9999 -9999 -9999 -9999 -9999 -9999 -9999 -9999 -9999 -9999 -9999 -9999 -9999 -9999 -9999 -9999 -9999 -9999 5866.46 5852.38 5865.2 5903.01 5885.3 5811.14 5809.46 5882.82 5955.73 5893.12 5933.16 5934.89 5937.25 5979.96 -9999 5977.61 6000.59 6006.13 6008.6 6003.31 5983.93 5980.86 5979.04 5989.39 5995.12 5994.64 5998.95 6008.65 6023.22 6036.6 6116.55 6179.12 6132.92 6134.44 6034.71 6013.19 6055.66 6039.16 6031.23 6052.46 6019.06 6033.86 6017.49 5983.8 6040.42 6037.24 5976 5988.82
-9999 -9999 -9999 -9999 -9999 -9999 -9999 -9999 -9999 -9999 -9999 -9999 -9999 -9999 -9999 -9999 -9999 -9999 -9999 -9999 5837.78 5848.84 5851.23 5934.19 5994.66 5996.95 5959.11 5974.46 5871.96 5835.91 5833.25 5882.63 5946.61 5963.35 5976.16 5978.2 5965.06 5960.01 5968.99 5971.72 5980.64 5983.73 5987.87 5986.57 5993.23 5998.77 5994.71 6031.15 6145.47 6107.79 5932.38 5960.19 5913.78 5901.63 5953.82 5987.77 6011.83 6028.43 6082.06 6058.11 6075.54 6052.31 6031.75 6014.74 6023.04 6079.1 6019.12 5963.94
-9999 -9999 -9999 -9999 -9999 -9999 -9999 -9999 -9999 -9999 -9999 -9999 -9999 -9999 -9999 -9999 -9999 -9999 -9999 -9999 5811.91 5866.05 5960.9 5832.61 5828.77 5931.74 5956.4 5922.73 5912.28 5913.73 5951.3 5930.14 5951.65 5940.8 5935.54 5948.27 5962.98 5980.62 5972.58 5960.02 5977.7 5994.41 5983.87 5976.37 5991.73 6005 6002.78 6074.84 6041.43 5947.65 5931.69 5840.78 5930.38 5911.79 5972.51 5986.31 5984.79 6003.42 5968.78 6008.85 5989.24 6028.03 6032.11 5982.06 5984.28 5996.14 6001.66 6011.01
-9999 -9999 -9999 -9999 -9999 -9999 -9999 -9999 -9999 -9999 -9999 -9999 -9999 -9999 -9999 -9999 -9999 -9999 -9999 -9999 5790.06 5797.01 5775.58 5843.67 5848.92 5823.62 5847.82 5841.45 5895.42 5940.28 5923.38 5928.48 5915.79 5932.62 5947.85 5959.03 5970.88 5969.66 5946.35 5974.34 5997.08 6045.41 6080.91 6034.82 6020.49 6057.92 6106.14 5903.65 5814.23 5845.23 5881.2 5908.71 5905.8 5945.92 5950.52 5954.37 5905.01 5945.23 6028.54 6025.95 6049.99 6051.75 6047.56 5992.87 6017.64 6004.21 6052.3 6045.35
-9999 -9999 -9999 -9999 -9999 -9999 -9999 -9999 -9999 -9999 -9999 -9999 -9999 -9999 -9999 -9999 -9999 -9999 -9999 5776.97 5781.95 5771.75 5831.73 5758.74 5801.76 5833.86 5881.36 5975.65 5942.12 5921.91 5919.59 5897.01 5899.27 5917.47 5984.12 5942.68 5869.61 5927.71 5954.66 5969.73 5990.74 6094.73 6028.32 6054.3 5965.05 5900.23 5829.67 5876.52 5845.8 5861.04 5883.39 5866.72 5905.01 5905.61 5921.74 5884.31 5932.76 5900.75 5903.94 5989.01 6057.5 6073.97 6072.24 6013.81 5936.32 5967.05 6011.53 6041.33
-9999 -9999 -9999 -9999 -9999 -9999 -9999 -9999 -9999 -9999 -9999 -9999 -9999 -9999 -9999 -9999 -9999 -9999 -9999 5765.86 5775.32 5780.9 5733.56 5783.96 5835.32 5905.75 6077.07 5781.3 5811.17 5901.29 5935.2 5926.79 5923.74 5901.99 5728.63 5768.44 5920.23 6067.86 6000.72 5968.49 6044.45 5943.56 5951.88 5860.43 5873.43 5834.1 5808.73 5824.65 5864.59 5866.16 5854.32 5878.51 5894.44 5887.83 5847.6 5864.71 5902.84 5904.87 5887.37 5936.12 5977.37 6014.37 5971.47 5994.2 5953.22 5904.12 5969.03 5995.16
-9999 -9999 -9999 -9999 -9999 -9999 -9999 -9999 -9999 -9999 -9999 -9999 -9999 -9999 -9999 -9999 -9999 -9999 -9999 5744.61 5737.18 5754.28 5758.59 5829.99 5844.8 5786.68 5601.85 5779.61 5790.47 5778.52 5747.82 5785.13 5731.69 5718.24 5779.51 -9999 5819.48 5762.26 5914.4 5779.83 5698.73 5623.72 5570.24 5689.58 5734.6 5776.87 5817.59 5847.66 5842.35 5845.42 5833.51 5851.01 5855.96 5828.12 5887.92 5896.45 5890.99 5917.27 5928.49 5918.04 5951.06 5956.18 5966.78 5946.92 5892.94 5983.18 5920.32 5814.36
-9999 -9999 -9999 -9999 -9999 -9999 -9999 -9999 -9999 -9999 -9999 -9999 -9999 -9999 -9999 -9999 -9999 -9999 -9999 5735.47 5757.28 5782.73 5850.55 5794.17 5753.83 5786.61 5794.97 5773 5771.25 5770.23 5768.45 5728.9 5755.95 5745.7 5754.78 5794.77 5660.7 5581.52 5559.62 5677.35 5726.82 5777.19 5820.26 5730.31 5762.26 5816.73 5817.94 5795.92 5803.01 5803.89 5826.99 5837.53 5819.06 5874.82 5866.66 5883.03 5887.34 5896.67 5868.37 5865.1 5881.74 5851.14 5877.06 5911.35 5891.91 5893.09 5992.76 5933.02
-9999 -9999 -9999 -9999 -9999 -9999 -9999 -9999 -9999 -9999 -9999 -9999 -9999 -9999 -9999 -9999 -9999 -9999 5711.99 5736.45 5741.6 5742.86 5708.47 5742.46 5847.48 5718.57 5736.77 5747.76 5718.26 5743.77 5741.05 5760.3 5762.92 5788.83 5822.24 5751.79 5726.46 5741.22 5771.3 5765.01 5782.31 5770.74 5761.69 5807.47 5785.5 5770.05 5773.81 5812.55 5808.29 5804.08 5817.53 5829.54 5844.96 5826.47 5835.53 5844.1 5837.23 5839.07 5860.28 5893.37 5860.2 5855.34 5869.06 5846.33 5838.69 5786.14 5792.74 5860.36
-9999 -9999 -9999 -9999 -9999 -9999 -9999 -9999 -9999 -9999 -9999 -9999 -9999 -9999 -9999 -9999 -9999 -9999 5718.64 5735.34 5719.65 5691.51 5710.55 5740.15 5660.25 5705.21 5693.85 5715.03 5729.8 5714.69 5731.2 5749.36 5749.01 5714.87 5712.88 5753.22 5775.79 5815.85 5810.72 5813.1 5813.79 5807.99 5849.91 5831.43 5853.26 5847.79 5855.93 5836.75 5842.44 5842.79 5816.2 5802.98 5797.36 5806.13 5819.37 5822.73 5821.43 5843.55 5805.91 5833.07 5848.85 5839.54 5787.71 5824.4 5814.11 5814.09 5676.59 5614.84
-9999 -9999 -9999 -9999 -9999 -9999 -9999 -9999 -9999 -9999 -9999 -9999 -9999 -9999 -9999 -9999 -9999 -9999 5715.63 5739.23 5678.77 5672.4 5673.74 5660.9 5692.87 5709.13 5745.37 5729.5 5746.27 5752.55 5721.08 5719.97 5732.3 5739.47 5727.78 5719.19 5743.44 5748.23 5768.62 5836.25 5797.1 5787.03 5741.26 5777.58 5796.1 5827.35 5833.51 5829.7 5808.88 5785.22 5791.44 5783.43 5777.61 5780.41 5783.12 5779.72 5794.56 5783.62 5815.46 5789.43 5780.49 5784.99 5771.78 5786.15 5759.82 5767.31 5846.18 5729.54
-9999 -9999 -9999 -9999 -9999 -9999 -9999 -9999 -9999 -9999 -9999 -9999 -9999 -9999 -9999 -9999 -9999 5677.56 5642.8 5614.36 5642.36 5665.14 5675.83 5680.72 5691.29 5691.99 5707.45 5782.23 5780.94 5735.2 5722.9 5715.07 5715.96 5714.68 5729.91 5737.23 5747.05 5731.16 5708.48 5662.02 5672.07 5685.07 5705.94 5723.83 5743.6 5747.74 5742.47 5801.11 5809.97 5826.45 5821.41 5769.52 5756.45 5758.29 5755.43 5757.83 5757.87 5762.14 5761.6 5760.24 5769.25 5765.03 5767.09 5702.91 5683.14 5743.19 5693.23 5700.9
-9999 -9999 -9999 -9999 -9999 -9999 -9999 -9999 -9999 -9999 -9999 -9999 -9999 -9999 -9999 -9999 5643.21 5668.5 5643.14 5627.36 5645.01 5652.45 5657.08 5653.07 5660.38 5650.37 5679.24 5647.22 5648.73 5663.13 5679.13 5682.9 5694.33 5696.28 5713.58 5680.91 5659.9 5651.15 5664.97 5665.85 5700.22 5709.11 5738.56 5752.3 5715.67 5772.5 5705.18 5701.58 5701.23 5691.43 5690.58 5730.31 5747.24 5748.35 5750.87 5763.94 5772.13 5770.7 5752.28 5747.19 5738.52 5735.29 5731.66 5774.64 5831.85 5702.72 5756.49 5688.83
-9999 -9999 -9999 -9999 -9999 -9999 -9999 -9999 -9999 -9999 -9999 -9999 -9999 -9999 -9999 5626.67 5642.89 5618.22 5602.51 5613.91 5627.31 5614.89 5615.68 5631.2 5640.95 5651.32 5640.45 5652.21 5643.04 5645.03 5629.52 5626.57 5625.95 5641.08 5642.69 5646.89 5642 5652.78 5668.16 5673.5 5674.77 5681.06 5687.67 5703.62 5717.99 5670.46 5721.4 5728.43 5720.49 5718.56 5724.98 5727.32 5742.72 5760 5780.22 5803.74 5803.87 5808.39 5761.83 5731.91 5731.91 5744.44 5796.05 5832.43 5776.88 5754.56 5754.81 5685.38
-9999 -9999 -9999 -9999 -9999 -9999 -9999 -9999 -9999 -9999 -9999 -9999 -9999 -9999 -9999 5618.27 5636.84 5583.94 5595.93 5603.05 5608.43 5624.32 5622.26 5627.77 5630.89 5641.79 5679.15 5661.44 5661.57 5615.69 5631.66 5632.09 5634.54 5643.92 5622.43 5652.67 5664.59 5675.74 5667.9 5679.01 5672.89 5658.96 5667.54 5673.26 5724.15 5716.31 5723.11 5718.01 5716.87 5724.53 5738.53 5730.34 5744.71 5737.21 5762.63 5754.85 5769.33 5770.19 5761.7 5742.07 5732.19 5746.15 5742.08 5720.35 5714.17 5718.43 5664.09 5709.67
-9999 -9999 -9999 -9999 -9999 -9999 -9999 -9999 -9999 -9999 -9999 -9999 -9999 -9999 -9999 5563.19 5562.45 -9999 5582.46 5586.67 5592.83 5601.9 5624.05 5642.31 5641.89 5628.35 5604.93 5612.63 5588.83 5630.24 5640.15 5635.44 5634.21 5644.35 5647.27 5664.16 5676.19 5665.9 5668.72 5684.16 5660.56 5657.07 5652 5642.77 5634.71 5700.85 5691.18 5683.83 5734.25 5690.81 5691.2 5695.49 5705.12 5725.76 5737.16 5745.12 5704.57 5787.44 5837.52 5818.53 5747.24 5717.37 5696.44 5699.54 5690.93 5689.78 5659.27 5705.68
-9999 -9999 -9999 -9999 -9999 -9999 -9999 -9999 -9999 -9999 -9999 -9999 -9999 -9999 -9999 -9999 -9999 5583.35 5573.83 5558.02 5564.21 5575.2 5591.92 5590.52 5588.71 5589.3 5598.14 5587.5 5590.74 5615.2 5646.52 5695.42 5678.35 5649.66 5654.81 5622.53 5653.98 5663.62 5676.71 5635.75 5652.23 5661.28 5659.46 5656.97 5664.23 5698.7 5688.87 5664.16 5628.87 5691.84 5696.37 5710.3 5703.13 5697.45 5683.71 5641.64 5785.19 5740.38 5667.29 5656.58 5632.33 5607.53 5605.67 5640.58 5651.55 5665.48 5671.35 5640.72
-9999 -9999 -9999 -9999 -9999 -9999 -9999 -9999 -9999 -9999 -9999 -9999 -9999 -9999 -9999 -9999 -9999 -9999 -9999 -9999 5546.67 5546.82 5550.92 5568.67 5578.41 5594.51 5571.99 5559.31 5565.89 5578.14 5601.5 5580.63 5587.61 5633.22 5650.76 5655.04 5634.15 5640.9 5632.38 5654.07 5655.11 5665.76 5660.9 5676.52 5676.5 5625.74 5601.23 5631.27 5593.21 5625.53 5649.7 5606.96 5599.19 5628.36 5595.56 5652.67 5664.94 5694.94 5594.12 5654.15 5628.4 5596.72 5598.52 5560.38 5571.41 5592.32 5616 5508.17
-9999 -9999 -9999 -9999 -9999 -9999 -9999 -9999 -9999 -9999 -9999 -9999 -9999 -9999 -9999 -9999 -9999 -9999 -9999 5536.99 5557.35 5531.15 5523.27 5527.99 5544.16 5531.37 5528.22 5538.71 5554.73 5548.38 5567.13 5629.91 5639.8 5614.78 5617.19 5602.4 5633.36 5602.02 5573.95 5610.12 5633.23 5614.57 5607 5586.91 5599.21 5588.65 5631.08 5571.77 5577.6 5526.28 5528.44 5582.25 5605.5 5600.32 5671.92 5686.72 5723.53 5691.28 5780.48 5791.75 5693.63 5593.5 5559.5 5550.79 5534.93 5489.48 5435.24 5479.88
-9999 -9999 -9999 -9999 -9999 -9999 -9999 -9999 -9999 -9999 -9999 -9999 -9999 -9999 -9999 -9999 -9999 -9999 -9999 5526.64 5530.24 5516.73 5522.62 5539.29 5543.98 5529.51 5531.72 5560.84 5565.73 5597.75 5600.08 5537.59 5587.83 5604.76 5601.74 5600.85 5557.04 5611.31 5626.74 5530.09 5502.95 5572.23 5555.79 5522.92 5483.25 5473.36 5451.16 5500.53 5503.77 5540.03 5573.28 5623.48 5588.2 5579.68 5632.15 5793.56 5800.6 5730.86 5693.15 5599.91 5623.48 5686.66 5602.59 5539.6 5499.33 5491.37 5524.9 5512.51
-9999 -9999 -9999 -9999 -9999 -9999 -9999 -9999 -9999 -9999 -9999 -9999 -9999 -9999 -9999 -9999 -9999 -9999 -9999 5494.7 5495.22 5499.2 5523.4 5515.34 5497.71 5504.37 5512.52 5522.03 5510.36 5551.95 5541.33 5563.17 5552.87 5547.49 5523.17 5525.74 5493.03 5512.54 5525.81 5531.98 5497.72 5456.9 5440.2 5475.09 5522.24 5547.95 5552.43 5569.04 5577.24 5572.15 5597.19 5562.79 5541.74 5625.57 5741.8 5601.56 5528.04 5580.1 5656.33 5649.96 5581.9 5573.77 5648.14 5515.13 5606.27 5545.14 5504.86 5485.86
-9999 -9999 -9999 -9999 -9999 -9999 -9999 -9999 -9999 -9999 -9999 -9999 -9999 -9999 -9999 -9999 -9999 -9999 -9999 5470.3 5494.55 5517.65 5496.72 5506.19 5505.79 5491.58 5494.03 5471.24 5483.79 5443.33 5446.76 5467.29 5491.53 5494.66 5498.15 5474.17 5499.35 5442.84 5441.89 5417.92 5452.45 5489.04 5523.95 5520.3 5503.21 5513.94 5534.7 5574.26 5653.25 5674.09 5635.07 5650.41 5704.46 5573.13 5464.04 5485.34 5564.93 5650.65 5722.02 5611.42 5576.14 5519.78 5411.33 5502.93 5425.79 5470.63 5457.21 -9999
-9999 -9999 -9999 -9999 -9999 -9999 -9999 -9999 -9999 -9999 -9999 -9999 -9999 -9999 -9999 -9999 -9999 -9999 -9999 5467.64 5456.07 5465.81 5496.54 5508.74 5503.62 5489.78 5461.23 5463.45 5486.63 5460.21 5461.2 5477.81 5455.32 5451.84 5424.22 5421.99 5400.84 5452.61 5459.07 5493.74 5485.96 5466.9 5464.53 5479.4 5526.24 5615.29 5627.89 5557.98 5608.84 5617.41 5615.23 5624.72 5627.85 5558.71 5585.49 5577.33 5628.3 5638.9 5512.81 5552.93 5535.54 5471.25 5538.92 5427.19 -9999 -9999 5445.28 -9999
-9999 -9999 -9999 -9999 -9999 -9999 -9999 -9999 -9999 -9999 -9999 -9999 -9999 -9999 -9999 -9999 -9999 -9999 -9999 5458.92 5538.17 5461.37 5470.03 5511.36 5507.49 5481.69 5446.12 5437.91 5419.24 5431.36 5411.85 5402.02 5430.65 5433.28 5437.67 5445.05 5437.55 5439.42 5429.9 5434.24 5446.5 5463.32 5489.09 5477.46 5488.73 5478.86 5501.79 5580.9 5576.5 5480.99 5555.16 5677.26 5559.48 5655.47 5795.99 5736.42 5588.13 5459.42 5401.79 5381.95 5390.24 5395.74 5341.16 -9999 -9999 -9999 -9999 -9999
-9999 -9999 -9999 -9999 -9999 -9999 -9999 -9999 -9999 -9999 -9999 -9999 -9999 -9999 -9999 -9999 -9999 -9999 -9999 5413.36 5332.08 5392.99 5391.47 5406.97 5440.47 5423.12 5415.39 5394.55 5394.89 5397.62 5408.78 5423.72 5399.3 5394.12 5397.46 5399.53 5407.61 5418.9 5429.8 5457.28 5472.96 5511.35 5519.19 5513.47 5509.16 5523.79 5458.73 5442.18 5411.37 5451.08 5479.8 5574.77 5800.53 5635.38 5482.67 5490.79 5638.9 5592.64 5554.99 5527.89 5401.18 -9999 -9999 -9999 -9999 -9999 -9999 -9999
-9999 -9999 -9999 -9999 -9999 -9999 -9999 -9999 -9999 -9999 -9999 -9999 -9999 -9999 -9999 -9999 -9999 -9999 5388.62 -9999 -9999 -9999 -9999 -9999 5339.01 5361.15 -9999 -9999 -9999 -9999 -9999 -9999 5389.72 5389.12 5389.87 5390.09 5393.2 5403.17 5439.85 5458.71 5508.11 5480.76 5459.86 5464.62 5494.1 5496.83 5603.42 5634.9 5609.39 5655.59 5581.9 5793.18 5641.74 5543.76 5518.14 5441.01 5286.83 5390.22 5538.49 5399.87 5391.56 -9999 -9999 -9999 -9999 -9999 -9999 -9999
