resultados/variables/sun_rad_average.asc
ncols 330
nrows 228
xllcorner -12.000000
yllcorner 34.000000
cellsize 0.166667
NODATA_value -9999
[rows 0 to 29 of 228, columns 204 to 271 of 330]
-9999 -9999 -9999 -9999 -9999 -9999 -9999 -9999 -9999 -9999 -9999 -9999 -9999 -9999 -9999 -9999 -9999 -9999 -9999 -9999 -9999 -9999 -9999 -9999 -9999 -9999 -9999 -9999 -9999 -9999 -9999 -9999 -9999 -9999 -9999 -9999 -9999 -9999 -9999 -9999 -9999 -9999 -9999 -9999 -9999 -9999 -9999 -9999 -9999 -9999 -9999 -9999 -9999 -9999 -9999 -9999 -9999 -9999 -9999 -9999 -9999 -9999 -9999 -9999 -9999 -9999 -9999 -9999
-9999 -9999 -9999 -9999 -9999 -9999 -9999 -9999 -9999 -9999 -9999 -9999 -9999 -9999 -9999 -9999 -9999 -9999 -9999 -9999 -9999 -9999 -9999 -9999 -9999 -9999 -9999 -9999 -9999 -9999 -9999 -9999 -9999 -9999 -9999 -9999 -9999 -9999 -9999 -9999 -9999 -9999 -9999 -9999 -9999 -9999 -9999 -9999 -9999 -9999 -9999 -9999 -9999 -9999 -9999 -9999 -9999 -9999 -9999 -9999 -9999 -9999 -9999 -9999 -9999 -9999 -9999 -9999
-9999 -9999 -9999 -9999 -9999 -9999 -9999 -9999 -9999 -9999 -9999 -9999 -9999 -9999 -9999 -9999 -9999 -9999 -9999 -9999 -9999 -9999 -9999 -9999 -9999 -9999 -9999 -9999 -9999 -9999 -9999 -9999 -9999 -9999 -9999 -9999 -9999 -9999 -9999 -9999 -9999 -9999 -9999 -9999 -9999 -9999 -9999 -9999 -9999 -9999 -9999 -9999 -9999 -9999 -9999 -9999 -9999 -9999 -9999 -9999 -9999 -9999 -9999 -9999 -9999 -9999 -9999 -9999
-9999 -9999 -9999 -9999 -9999 -9999 -9999 -9999 -9999 -9999 -9999 -9999 -9999 -9999 -9999 -9999 -9999 -9999 -9999 -9999 -9999 -9999 -9999 -9999 -9999 -9999 -9999 -9999 -9999 -9999 -9999 -9999 -9999 -9999 -9999 -9999 -9999 -9999 -9999 -9999 -9999 -9999 -9999 -9999 -9999 -9999 -9999 -9999 -9999 -9999 -9999 -9999 -9999 -9999 -9999 -9999 -9999 -9999 -9999 -9999 -9999 -9999 -9999 -9999 -9999 -9999 -9999 -9999
-9999 -9999 -9999 -9999 -9999 -9999 -9999 -9999 -9999 -9999 -9999 -9999 -9999 -9999 -9999 -9999 -9999 -9999 -9999 -9999 -9999 -9999 -9999 -9999 -9999 -9999 -9999 -9999 -9999 -9999 -9999 -9999 -9999 -9999 -9999 -9999 -9999 -9999 -9999 -9999 -9999 -9999 -9999 -9999 -9999 -9999 -9999 -9999 -9999 -9999 -9999 -9999 -9999 -9999 -9999 -9999 -9999 -9999 -9999 -9999 -9999 -9999 -9999 -9999 -9999 -9999 -9999 -9999
-9999 -9999 -9999 -9999 -9999 -9999 -9999 -9999 -9999 -9999 -9999 -9999 -9999 -9999 -9999 -9999 2470.29 -9999 -9999 -9999 -9999 2456.59 2464.19 -9999 -9999 -9999 -9999 -9999 -9999 -9999 -9999 -9999 -9999 2466.48 -9999 -9999 -9999 -9999 -9999 -9999 -9999 -9999 -9999 -9999 -9999 -9999 -9999 -9999 -9999 -9999 -9999 -9999 -9999 -9999 -9999 -9999 -9999 -9999 -9999 -9999 -9999 -9999 -9999 -9999 -9999 -9999 -9999 -9999
-9999 -9999 -9999 -9999 -9999 -9999 -9999 -9999 -9999 -9999 -9999 -9999 -9999 -9999 -9999 -9999 2461.49 -9999 2449.43 -9999 2491.92 -9999 -9999 -9999 -9999 -9999 -9999 2481.32 -9999 -9999 -9999 -9999 2505.65 2486.73 2503.65 2498.95 2491.24 -9999 -9999 -9999 -9999 -9999 -9999 -9999 -9999 -9999 -9999 -9999 -9999 -9999 -9999 -9999 -9999 -9999 -9999 -9999 -9999 -9999 -9999 -9999 -9999 -9999 -9999 -9999 -9999 -9999 -9999 -9999
-9999 -9999 -9999 -9999 -9999 -9999 -9999 2497.36 -9999 -9999 -9999 -9999 -9999 -9999 -9999 2504.31 2518.53 2515.61 2518.7 2478.78 2511.79 2523.02 -9999 -9999 -9999 2486.91 2558.37 -9999 -9999 -9999 -9999 -9999 2482.25 2510.25 2520.94 2534.74 -9999 -9999 -9999 2476.93 2508.41 2509.29 2515.73 2502.2 -9999 -9999 -9999 -9999 -9999 -9999 -9999 -9999 -9999 -9999 -9999 -9999 -9999 -9999 -9999 -9999 -9999 -9999 -9999 -9999 -9999 -9999 -9999 -9999
-9999 -9999 2521.36 2511.68 2514.8 2524.87 -9999 -9999 -9999 -9999 2541.29 2550.77 -9999 2514.76 2509.73 2479.96 2521.29 2549.13 2565.17 -9999 -9999 -9999 -9999 -9999 2503.3 2510.62 2494.54 -9999 -9999 -9999 2493.67 2499.94 2528.57 2530.82 2522.98 2524.08 -9999 -9999 -9999 2526.12 2511.4 2531.83 2510.99 2495.66 2533.19 2536.63 2514.74 2530.85 2521.06 -9999 -9999 -9999 -9999 -9999 -9999 -9999 -9999 -9999 -9999 -9999 -9999 -9999 -9999 -9999 -9999 -9999 -9999 -9999
-9999 -9999 -9999 -9999 -9999 -9999 2545.9 -9999 2560.19 -9999 2465.51 2488.48 2503.39 2512.92 2542.12 2533.89 2534.35 2515.24 -9999 -9999 -9999 -9999 2512.1 2519.61 2573.38 2570.73 2562.6 -9999 -9999 2489.93 2513.45 2541.59 2545.13 2558.3 2534.63 2500.26 2508.13 -9999 2489.44 2516.19 2547.98 2543.71 2543.23 2552.79 2556.63 2534.65 2515.83 2537.3 2528.22 2553.39 2529.87 2508.75 2496.22 -9999 -9999 -9999 -9999 -9999 -9999 -9999 -9999 -9999 -9999 -9999 -9999 -9999 -9999 -9999
-9999 -9999 -9999 -9999 -9999 -9999 -9999 -9999 -9999 2537.24 2581.82 2578.01 2570.2 2540.55 2563.18 2559.53 2575.77 2566.8 -9999 -9999 -9999 2490.53 2513.81 2521.23 2510.19 2517.85 2497.9 2509.18 2515.57 2543.93 2558.58 2567.32 2573.15 2563.23 2551.76 2532.05 2517.88 2550 2552.9 2588.25 2601.08 2589.66 2566 2551.93 2568.07 2589.74 2584.86 2561.58 2558.29 2559.33 2550.66 -9999 -9999 -9999 -9999 -9999 -9999 -9999 -9999 -9999 -9999 -9999 -9999 -9999 -9999 -9999 -9999 -9999
2652.38 2519.58 2531.2 -9999 -9999 2526.2 -9999 2542.28 2610.32 2593.1 2576.21 2571.48 2559.66 2567.8 2542.85 2528.88 2522.12 -9999 -9999 2525.36 2591.02 2585.92 2591.78 2565.26 2570.92 2580.61 2611.34 2599.06 2594.9 2572.49 2567.32 2567.98 2551.1 2538.14 2533.56 2553.22 2532.26 2525.33 2529.4 2510.28 -9999 -9999 -9999 -9999 -9999 -9999 2579.35 2561.31 -9999 -9999 -9999 -9999 -9999 -9999 -9999 -9999 -9999 -9999 -9999 -9999 -9999 -9999 -9999 -9999 -9999 -9999 -9999 -9999
2570.92 2575.12 2598.2 2611.83 2585.64 2585.2 2537.56 2511.05 2528.85 2564.84 2599.32 2603.31 2580.07 2581.21 2619.65 2648.32 2593.44 2540.27 2563.76 2581.55 2620.61 2614.88 2607.4 2657.31 2625.76 2646.78 2578.7 2570.04 2556.91 2568.98 2567.42 2554.85 2555.81 2563 2555.06 2539.36 2556.35 2564.54 2562.14 2558.65 2567.03 -9999 2563.3 2550.18 2543.75 -9999 -9999 -9999 -9999 -9999 -9999 -9999 -9999 -9999 -9999 -9999 -9999 -9999 -9999 -9999 2521.4 -9999 -9999 -9999 -9999 -9999 -9999 -9999
-9999 2602.98 2652.06 2648.85 2596.19 2558.84 2549.02 2558.96 2553.48 2571.64 2583.54 2603.37 2616.26 2602.3 2614.32 2618.24 2611.86 2566.78 2549.23 2569.65 2590.1 2593.56 2618.03 2598.71 2590.8 2559.4 2590.69 2592.62 2591.42 2573.52 2579.19 2576.8 2577.36 2584.52 2588.25 2567.11 2565.78 2582.2 2588.29 2591.73 2586.58 2577.58 2582.19 2568.18 2558.98 2557.98 -9999 -9999 -9999 2569.82 -9999 2536.39 2524.4 2532.2 2530.89 -9999 -9999 -9999 2549.09 2535.94 2562.21 2570.42 2552.12 2532.27 2532.48 2533.06 -9999 -9999
2653.63 2618.2 2617.07 2626.46 2645.21 2641.67 2648.31 2604.04 2599.25 2625.1 2606.93 2613.88 2605.12 2603.43 2612.88 2612.17 2619.77 2608.31 2589.78 2594.08 2592.22 2593.21 2572.81 2585.56 2599.16 2610.96 2606.66 2602.44 2581.22 2569.43 2576.67 2590.34 2591.13 2597.77 2602.71 2598.58 2592.95 2579.72 2581.73 2586.73 2565.37 2566.57 2563.39 2562.52 2555.77 2572.92 2586.61 2562.28 2565.71 2560.41 2560.49 2575.51 2588.13 2558.52 2582.97 -9999 2554.65 2557.37 2558.29 2583.34 -9999 -9999 -9999 -9999 -9999 -9999 -9999 -9999
2660.61 2658.16 2634.37 2652.96 2641.04 2645.62 2630.51 2633.28 2626.02 2613.58 2620.13 2638.22 2615.97 2610.33 2616.44 2623.7 2617.03 2611.97 2610.84 2584.41 2594.01 2597.77 2597.18 2587.41 2610.4 2615.71 2616.89 2612.64 2618.49 2615.83 2595.16 2598.65 2602.56 2596.55 -9999 -9999 2595.77 2594.32 2584.66 2578.93 -9999 2584.47 2582.23 2592.19 2603.4 2586.28 2576.06 2563.88 2557.86 2558.92 2580.52 2592.65 2584.72 2596.52 2569.12 2569.86 2595.38 2591.46 2578.93 2567.99 2589.06 -9999 2565.07 2555.46 2562.44 2562.49 -9999 -9999
2667.3 2682.8 2665.74 2637.29 2654.9 2668.66 2646.82 2644.41 2641.69 2620.6 2624.5 2615.01 2624.67 2624.53 2620.79 2623.6 2617.57 2600.25 2591.68 2625.82 2621.58 2612.45 2607.58 2616.18 2612.55 2609.41 2613.12 2587.99 2589.89 2596.5 2606.18 2605.82 2604.91 2606.24 2603.21 2602.79 -9999 2590.77 2591.79 2589.52 2587.73 2597.06 2600.54 2590.26 2573.93 2565.96 2571.31 2585.23 2588.46 2606.53 2618.37 2616.13 2611.32 2584.75 2581.52 2593.85 2597.09 2598.81 2607.35 2608.19 2589.22 2592.2 2593.49 2589.24 2564.23 2566.87 2577.99 -9999
2657.92 2650.7 2644.31 2636.05 2627.66 2641.4 2641.85 2635.88 2623.01 2627.82 2628.1 2639.59 2643.05 2638.39 2628.13 2619.79 2617.25 2634.9 2632.67 2620.52 2617.54 2616.11 2613.72 2630.73 2640.38 2640.67 2630.66 2642.13 2637.84 2619.07 2607.03 2604.21 2605.42 2603.92 -9999 -9999 -9999 2596.57 2594.84 2604.41 2613.01 2603.53 2599.14 2589.09 2603.79 2610.85 2625.07 2613.1 2611.91 2614.42 2607.29 2599.67 2603.67 2606.91 2613.7 2624.67 2622.64 2613 2595.51 2592.75 2595.29 2602.21 2591.66 2592.73 2613.08 2610.21 2598.96 -9999
2651.02 2654.7 2658.38 2665.45 2654.7 2641.93 2638.34 2645.9 2657.38 2650.25 2643.17 2638.61 2634.9 2638.89 2640.41 2641.02 2640.1 2638.69 2646.9 2640.48 2632.87 2628.37 2622.06 2621.01 2627.25 2627.61 2640.27 2623.56 2615.95 2606.68 -9999 2606.35 -9999 2606.62 -9999 2606.29 -9999 2608.33 2614.34 2610.98 2609 2601.76 2605.96 2606.98 2617.57 2626.39 2621.96 2611.76 2613.34 2608 2617.63 2622.27 2636.79 2641.86 2624.82 2618.35 2604.33 2605.1 2626.1 2622.8 2612.29 2615.5 2616.81 2625.86 2620.97 2603.81 2595.47 2605.37
2671.84 2661.52 2670.27 2661.17 2654.6 2647.14 2640.9 2647.09 2655.84 2669.97 2673.23 2673.24 2670.78 2659.05 2660.36 2653.93 2652.76 2654.51 2641.72 2640.51 2637.06 2632.15 2629.51 2639.68 2630.45 2630.84 2618.33 2616.26 2617.43 2636.18 2633.32 2617.81 2619.24 2621.58 2619.4 2621 2625.29 2618.88 2608.32 2613.09 2621.59 2626.01 2627.71 2633.04 2631.37 2632.28 2630.72 2636.32 2636.62 2637.87 2628.88 2637.81 2625.69 2629.92 2630.39 2628.02 2637.04 2652.59 2636.59 2627.37 2642.45 2617.67 2619.96 2602.63 2601.86 2612.98 2610.44 2619.94
2689.7 2676.01 2672.33 2682.55 2683.11 2678.82 2682.11 2673.24 2667.48 2669.94 2678.3 2677.51 2671.29 2680.99 2683.84 2684.04 2677.7 2663.08 2654.61 2655.11 2660.82 2657.29 2668.93 2661.27 2665.73 2644.42 2648.61 2668.11 2668.4 2652.05 2633.53 2641.08 2628.14 2623.9 2632.25 2635.05 2638.71 2648.8 2664.04 2658.07 2653.9 2635.17 2635.19 2627.76 2628.27 2625.15 2623.27 2628.82 2622.49 2627.08 2622.64 2616.86 2602.91 2617 -9999 -9999 -9999 2627.07 2616.73 2607.21 2616.87 2628.95 2623.78 2636.6 2630.78 2629.71 2625.55 2630.75
2678.02 2659.66 2659.33 2668.55 2675.01 2676.8 2680.25 2671.81 2678.3 2670.83 2659.04 2672.06 2675.38 2672.25 2667.16 2667.75 2669.74 2681.47 2666.85 2663.21 2662.2 2663.36 2663.55 2663.87 2661.45 2668.22 2667.05 2657.22 2651.43 2652.78 2671.29 2656.91 2656.08 2636.25 2633.71 2642.31 2632.15 2645.02 2627.83 2624.39 2610.06 2607.3 2616.08 2628.13 2620.48 2644.84 2643.41 2657.91 2651.06 2654.4 2650.53 2647.23 2665.18 -9999 -9999 2632.16 2633.23 2628.16 2637.63 2643.93 2623.52 2642.79 2668.68 2645.97 2641 2637.79 2644.11 2637.18
2672.17 2686.81 2691.31 2683.35 2674.64 2670.39 2671.39 2673.97 2678.43 2681.55 2701.64 2672.36 2668.25 2682.56 2682.54 2688.09 2689.95 2677.25 2690.24 2687.92 2674.93 2674.32 2674.42 2674.15 2676.26 2674.82 2672.63 2674.28 2675.38 2675.47 2667.79 2666.2 2672 2697.89 2687.69 2671.56 2681.05 2658.89 2669.94 2670.43 2693.46 2700.82 2676.4 2682.97 2690.99 2654.41 2669.97 2665.15 2669.52 2666.87 2650.84 2658.09 2659.62 2698.33 2692.81 2638.04 2606.64 2623.01 2639.42 2639.8 2669.38 2655.9 2628.59 2661.17 2673.06 2654.18 2655.02 2652.9
2713.94 2704.52 2702.84 2695.1 2692.53 2689.12 2682.1 2681.43 2681.06 2684.87 2695.34 2697.07 2684.87 2678.22 2685.01 2679.26 2682.72 2688.55 2689.05 2681.95 2689.98 2688.7 2678.12 2674.84 2676.46 2675.85 2674.86 -9999 -9999 2675.37 2678.25 2682.42 -9999 2681.25 2680.73 2682.53 2689.92 2695.27 2713.9 2702.04 2681.4 2688.43 2694.04 2659.5 2658.26 2671.89 2672.68 2650.4 2663.11 2658.41 2652.73 2637.56 2648.62 2662.87 2675.66 2706.15 2725.22 2698.4 2684.18 2685.37 2666.7 2660 2685.53 2662.96 2670.3 2686.22 2669.2 2667.53
2704.26 2712.8 2716.67 2726.83 2711.68 2703.88 2698.95 2690.44 2688.87 2683.83 2694.33 2690.1 -9999 2692.25 2692.94 2691.61 2686.23 2685.17 2687.45 2687.47 2688.16 2691.65 2698.64 2694.78 2691.54 2686.21 2697.3 2694.03 2691.99 2696.33 2701.51 2692.65 -9999 -9999 -9999 2682.06 2679.12 2689.78 2690.92 2691.31 2694.15 2688.64 2692.67 2697.39 2690.41 2661.8 2663.25 2676.26 2676.24 2672.74 2681.75 2695.59 2677.05 2672.94 2677.91 2670.52 2687.94 2685.25 2688.01 2718.13 2713.89 2710.41 2711.56 2715.23 2681.73 2672.65 2678.63 -9999
2714.46 2708.87 2711.89 2712.56 2716.94 2707.4 2694.02 2697.43 2692.88 2699.77 2696.98 2711.03 2702.5 2701.82 2697.1 2685.49 2689.93 2692.07 2692.5 2690.45 2694.98 2698.67 2701.4 2714.21 2709.57 2718.26 2704.26 2698.56 2695.24 2697.45 2701.75 2706.79 2704.74 2699.6 2699.33 2708.77 2711.93 2707 2711.99 2712.04 2700.74 2695.02 2691.8 2698.5 2694.1 2704.34 2700.61 2688.98 2677.51 2676.01 2678.4 2679.68 2702.11 2697.18 2703.6 2700.68 2710.42 2732.22 2727.99 2709.86 2704.92 2696.62 2780.02 2684.24 2683.88 2683.67 2684.16 2693.88
2715.47 2722.77 2724.29 2720.4 2715.68 2722.01 2725.62 2722.68 2711.75 2709.16 2715.22 2711.54 2713.09 2730.27 2716.08 2716.91 2702.5 2699.12 2698.19 2697.57 2701.15 2703.88 2715.13 2708.4 2715.13 2709.73 2710.12 2707.55 2704.61 2708.77 2704.8 2705.21 2706.42 2713.37 2715.98 2722.4 2728.58 2718.65 2711.99 2709.94 2708.77 2717.06 2724.54 2717.01 2725.47 2735.7 2723.54 2728.05 2707.58 2695.56 2686.23 2699.53 2701.12 2696.62 2682.42 2694 2686.02 -9999 2693.07 -9999 2696.76 2705.18 2708.26 2725.9 2708.11 -9999 2692.13 2709.63
2725.78 2716.6 2718.17 2720.71 2718.84 2726.55 2728.85 2717.2 2711.96 2715.29 2717.26 2719.37 2727.55 2713.86 2708.73 2710.39 2713.27 2710.81 2710.42 2720.6 2718.37 2716.17 2716.54 2719.64 2712.44 2708.36 2706.3 2710.16 2713.34 2710.09 2714.23 2721.04 2724.37 2719.79 2716.04 2712.72 2720.99 2714.96 2712.79 2704.54 2715.67 2723.97 2720.34 2728.84 2734.09 2740.08 2736.76 2729.17 2715.19 2730.31 2725.15 2709.9 2710.8 2704.55 2709.05 2715.33 2706.29 2703.12 2715.24 2701.84 2696.79 2702.53 2702.24 -9999 2697.11 2694.63 2699.89 2706.31
2732.4 2726.74 2723.18 2725.47 2725.42 2720.29 2716.02 2717.65 2720.52 2718.11 2713.84 2722.65 2722.43 2730.53 2737.51 2732.33 2727.87 2727.09 2731.63 2729.84 2723.35 2725.02 2732.23 2726.98 2726.56 2740.64 2736.37 2723.53 2719.13 2719.45 2735.02 2728.64 2719.46 2720.54 2735.16 2735.14 2724.09 2718.6 2731.09 2745.53 2744.59 2731.56 2740.08 2736.45 2741.28 2748.67 2751.34 2738.92 2752.1 2740.2 2756.76 2751.08 2715.35 2734.73 2752.22 2726.85 2730.78 2720.56 2725.29 2735.23 2735.19 2731.98 2727.82 2701.08 2703.15 2734.56 2701.25 2702.91
2750.29 2738.55 2743.12 2732.02 2738.33 2739.94 2741.48 2735.07 2731.13 2733.59 2742.01 2737.5 2736.16 2732.06 2734.88 2733.76 2734.99 2733.52 2732.54 2735.66 2744.82 2735.64 2731.72 2737.05 2744.12 2744.63 2741.53 2742.01 2739.41 2745.89 2733.39 2731.76 2732.57 2728.91 2730.62 2740.05 2740.85 2748.22 2736.65 2731 2736.08 2746.07 2751.37 2747.04 2748.27 2741.42 2738.86 2739.23 2752.58 2770.74 2768.03 2758.29 2770.83 2771.08 2760.15 2799.57 2785.78 2745.09 2717.49 2714.85 2715.35 -9999 -9999 -9999 -9999 -9999 2735.43 2727.95
