resultados/variables/sun_rad_range.asc
ncols 330
nrows 228
xllcorner -12.000000
yllcorner 34.000000
cellsize 0.166667
NODATA_value -9999
[rows 0 to 29 of 228, columns 204 to 271 of 330]
-9999 -9999 -9999 -9999 -9999 -9999 -9999 -9999 -9999 -9999 -9999 -9999 -9999 -9999 -9999 -9999 -9999 -9999 -9999 -9999 -9999 -9999 -9999 -9999 -9999 -9999 -9999 -9999 -9999 -9999 -9999 -9999 -9999 -9999 -9999 -9999 -9999 -9999 -9999 -9999 -9999 -9999 -9999 -9999 -9999 -9999 -9999 -9999 -9999 -9999 -9999 -9999 -9999 -9999 -9999 -9999 -9999 -9999 -9999 -9999 -9999 -9999 -9999 -9999 -9999 -9999 -9999 -9999
-9999 -9999 -9999 -9999 -9999 -9999 -9999 -9999 -9999 -9999 -9999 -9999 -9999 -9999 -9999 -9999 -9999 -9999 -9999 -9999 -9999 -9999 -9999 -9999 -9999 -9999 -9999 -9999 -9999 -9999 -9999 -9999 -9999 -9999 -9999 -9999 -9999 -9999 -9999 -9999 -9999 -9999 -9999 -9999 -9999 -9999 -9999 -9999 -9999 -9999 -9999 -9999 -9999 -9999 -9999 -9999 -9999 -9999 -9999 -9999 -9999 -9999 -9999 -9999 -9999 -9999 -9999 -9999
-9999 -9999 -9999 -9999 -9999 -9999 -9999 -9999 -9999 -9999 -9999 -9999 -9999 -9999 -9999 -9999 -9999 -9999 -9999 -9999 -9999 -9999 -9999 -9999 -9999 -9999 -9999 -9999 -9999 -9999 -9999 -9999 -9999 -9999 -9999 -9999 -9999 -9999 -9999 -9999 -9999 -9999 -9999 -9999 -9999 -9999 -9999 -9999 -9999 -9999 -9999 -9999 -9999 -9999 -9999 -9999 -9999 -9999 -9999 -9999 -9999 -9999 -9999 -9999 -9999 -9999 -9999 -9999
-9999 -9999 -9999 -9999 -9999 -9999 -9999 -9999 -9999 -9999 -9999 -9999 -9999 -9999 -9999 -9999 -9999 -9999 -9999 -9999 -9999 -9999 -9999 -9999 -9999 -9999 -9999 -9999 -9999 -9999 -9999 -9999 -9999 -9999 -9999 -9999 -9999 -9999 -9999 -9999 -9999 -9999 -9999 -9999 -9999 -9999 -9999 -9999 -9999 -9999 -9999 -9999 -9999 -9999 -9999 -9999 -9999 -9999 -9999 -9999 -9999 -9999 -9999 -9999 -9999 -9999 -9999 -9999
-9999 -9999 -9999 -9999 -9999 -9999 -9999 -9999 -9999 -9999 -9999 -9999 -9999 -9999 -9999 -9999 -9999 -9999 -9999 -9999 -9999 -9999 -9999 -9999 -9999 -9999 -9999 -9999 -9999 -9999 -9999 -9999 -9999 -9999 -9999 -9999 -9999 -9999 -9999 -9999 -9999 -9999 -9999 -9999 -9999 -9999 -9999 -9999 -9999 -9999 -9999 -9999 -9999 -9999 -9999 -9999 -9999 -9999 -9999 -9999 -9999 -9999 -9999 -9999 -9999 -9999 -9999 -9999
-9999 -9999 -9999 -9999 -9999 -9999 -9999 -9999 -9999 -9999 -9999 -9999 -9999 -9999 -9999 -9999 6656.51 -9999 -9999 -9999 -9999 6677.5 6681.61 -9999 -9999 -9999 -9999 -9999 -9999 -9999 -9999 -9999 -9999 6671.88 -9999 -9999 -9999 -9999 -9999 -9999 -9999 -9999 -9999 -9999 -9999 -9999 -9999 -9999 -9999 -9999 -9999 -9999 -9999 -9999 -9999 -9999 -9999 -9999 -9999 -9999 -9999 -9999 -9999 -9999 -9999 -9999 -9999 -9999
-9999 -9999 -9999 -9999 -9999 -9999 -9999 -9999 -9999 -9999 -9999 -9999 -9999 -9999 -9999 -9999 6675.32 -9999 6657.56 -9999 6675.78 -9999 -9999 -9999 -9999 -9999 -9999 6696.55 -9999 -9999 -9999 -9999 6684.9 6709.01 6739.45 6731.92 6716.26 -9999 -9999 -9999 -9999 -9999 -9999 -9999 -9999 -9999 -9999 -9999 -9999 -9999 -9999 -9999 -9999 -9999 -9999 -9999 -9999 -9999 -9999 -9999 -9999 -9999 -9999 -9999 -9999 -9999 -9999 -9999
-9999 -9999 -9999 -9999 -9999 -9999 -9999 6665.91 -9999 -9999 -9999 -9999 -9999 -9999 -9999 6683.77 6741.63 6759.14 6759.49 6710.6 6706.42 6702.61 -9999 -9999 -9999 6715.84 6761.76 -9999 -9999 -9999 -9999 -9999 6721.38 6745.22 6723.3 6714.35 -9999 -9999 -9999 6667.52 6725.25 6749.5 6741.65 6687.85 -9999 -9999 -9999 -9999 -9999 -9999 -9999 -9999 -9999 -9999 -9999 -9999 -9999 -9999 -9999 -9999 -9999 -9999 -9999 -9999 -9999 -9999 -9999 -9999
-9999 -9999 6675.76 6679.63 6677.65 6687.78 -9999 -9999 -9999 -9999 6721.39 6748.78 -9999 6688.82 6757.86 6688.52 6717.13 6744.18 6753.18 -9999 -9999 -9999 -9999 -9999 6713.33 6731.98 6728.53 -9999 -9999 -9999 6685 6711.63 6732.7 6755.51 6725.88 6719.78 -9999 -9999 -9999 6750.05 6760.62 6773.89 6725.08 6730.76 6769.73 6745.66 6712.51 6740.55 6710.53 -9999 -9999 -9999 -9999 -9999 -9999 -9999 -9999 -9999 -9999 -9999 -9999 -9999 -9999 -9999 -9999 -9999 -9999 -9999
-9999 -9999 -9999 -9999 -9999 -9999 6686.86 -9999 6696.77 -9999 6682.79 6725.26 6752.16 6723.53 6739.36 6747.98 6748.13 6731.47 -9999 -9999 -9999 -9999 6702.62 6716.68 6772.69 6786.27 6739.08 -9999 -9999 6689.57 6726.29 6767.75 6771.36 6777.47 6728.43 6681.06 6681.29 -9999 6677.57 6711.48 6762.7 6774.51 6767.24 6756.54 6777.91 6784.47 6755.25 6754.12 6729 6759.97 6735.19 6713.94 6680.3 -9999 -9999 -9999 -9999 -9999 -9999 -9999 -9999 -9999 -9999 -9999 -9999 -9999 -9999 -9999
-9999 -9999 -9999 -9999 -9999 -9999 -9999 -9999 -9999 6750.42 6807.37 6795.43 6771.94 6762.54 6788.86 6783.15 6774.07 6722.24 -9999 -9999 -9999 6715.31 6767.17 6738.6 6727.99 6730.77 6743.12 6745.39 6733.49 6753.58 6768.31 6777.15 6778.78 6758.11 6742.28 6716.05 6688.48 6710.73 6717.38 6754.21 6778.57 6771.82 6748.82 6740.49 6775.45 6799.63 6807.49 6776.52 6738.74 6725.35 6710.44 -9999 -9999 -9999 -9999 -9999 -9999 -9999 -9999 -9999 -9999 -9999 -9999 -9999 -9999 -9999 -9999 -9999
6785.08 6647.7 6669.61 -9999 -9999 6670.27 -9999 6691.63 6761.2 6776.1 6814.47 6824.77 6788.4 6775.32 6778.15 6778.83 6730.74 -9999 -9999 6694.9 6835.72 6832.36 6810.55 6831.54 6814.28 6851.74 6854.44 6818.63 6798.8 6784.49 6775.87 6760.91 6729.01 6717.91 6714.46 6717.76 6699.75 6715.27 6709.76 6694.79 -9999 -9999 -9999 -9999 -9999 -9999 6722.33 6707.01 -9999 -9999 -9999 -9999 -9999 -9999 -9999 -9999 -9999 -9999 -9999 -9999 -9999 -9999 -9999 -9999 -9999 -9999 -9999 -9999
6732.81 6801.62 6843.59 6851.94 6803.73 6762.43 6678.7 6661.3 6691.43 6750.6 6807.69 6823.31 6805.47 6799.75 6855.84 6876.67 6801.61 6683.09 6724.47 6736.89 6814.32 6809.83 6836.02 6880.19 6830.36 6826.33 6752.21 6772.23 6745.89 6744.93 6739.92 6739.09 6743.78 6759.54 6750.27 6714.69 6716.96 6754.17 6761.91 6757.02 6760.74 -9999 6755.7 6722.08 6705.48 -9999 -9999 -9999 -9999 -9999 -9999 -9999 -9999 -9999 -9999 -9999 -9999 -9999 -9999 -9999 6682.7 -9999 -9999 -9999 -9999 -9999 -9999 -9999
-9999 6799.79 6869.6 6886.82 6838.83 6811.05 6779.04 6752.7 6757.35 6786.24 6773.72 6819.6 6824.67 6807.52 6824.69 6839.2 6822.15 6761.48 6735.97 6752.28 6773.99 6785.17 6797.67 6770.64 6771.82 6745.6 6793.46 6790.7 6775.32 6734.29 6745.14 6768.63 6764 6772.91 6785.66 6755.66 6753.36 6758.89 6764.54 6772.39 6747.72 6732.15 6736.76 6714.35 6710.07 6700.52 -9999 -9999 -9999 6713.4 -9999 6698.21 6685.67 6671.71 6692 -9999 -9999 -9999 6696.35 6703.46 6701.86 6726.09 6707.14 6692.43 6694.97 6687.91 -9999 -9999
6928 6875.64 6842.81 6868.24 6880.79 6874.68 6876.78 6828.33 6804.23 6824.79 6789.63 6827.12 6808.41 6806.5 6810.2 6817.78 6824.68 6804.72 6778.39 6775.92 6775.47 6775.58 6746.83 6744.32 6784.25 6803.14 6807.87 6785.84 6763.36 6751.03 6743.31 6753.85 6767.54 6776.62 6775.2 6768.58 6759.2 6743.64 6736.84 6732.64 6718.69 6719.83 6716.62 6713.74 6719.38 6734.03 6736.59 6698.46 6702.99 6698.59 6717.63 6743.74 6759.63 6717.3 6718.4 -9999 6711.63 6727.81 6722.09 6723.65 -9999 -9999 -9999 -9999 -9999 -9999 -9999 -9999
6902.36 6907.41 6864.23 6852.02 6856.28 6876.55 6841.12 6835.57 6824.99 6798.33 6808.49 6828.05 6806.57 6794.29 6801.18 6798.96 6797.26 6784.03 6765.47 6755.91 6764.27 6765.85 6752.62 6758.79 6785.68 6792.67 6793.7 6781.18 6781.89 6779.51 6762.2 6762.16 6763.97 6755.6 -9999 -9999 6750.88 6741.43 6730.79 6727.05 -9999 6737.14 6741.49 6745.71 6742.27 6722.79 6708.06 6699.26 6693.22 6716.53 6760.76 6767.42 6742.77 6729.47 6703.66 6729.63 6746.85 6739.17 6733.07 6728.18 6729.16 -9999 6698.8 6694.43 6694.87 6687.93 -9999 -9999
6847.93 6877.71 6861.84 6831.96 6831.27 6855.98 6846.47 6835.87 6821.91 6793.23 6802 6805.15 6819.51 6815.72 6804.41 6803.73 6780.06 6775.58 6776.24 6799.42 6791.2 6773.43 6756.66 6788.16 6797.55 6786.53 6779.56 6762.04 6754.18 6751.57 6751.38 6751.32 6750.65 6750.16 6743.78 6739.07 -9999 6728.34 6728.55 6731.83 6738.36 6738.84 6733.58 6713.2 6715.33 6709.02 6732.46 6736.8 6739.54 6756.34 6766.33 6759.99 6752.67 6737.1 6729.04 6745.17 6760.48 6754.55 6754.21 6743.21 6721.99 6730.66 6732.11 6719.01 6696.73 6700.72 6707.84 -9999
6853.35 6847.75 6841.72 6835.7 6815.16 6812.95 6808.42 6800.74 6809.65 6817.04 6811.72 6824.04 6819.32 6809.59 6801.57 6794.92 6789.09 6811.97 6799.73 6786.08 6777.73 6769.23 6759.58 6786.68 6802.69 6801 6793.61 6790.85 6782.88 6759.72 6743.73 6740.8 6736.69 6732.9 -9999 -9999 -9999 6728.33 6728.67 6738.77 6747.94 6731.41 6722.97 6717.88 6738.24 6755.24 6767.52 6753.16 6751.25 6751.45 6744 6749.32 6758.61 6762.61 6769.97 6768.92 6756.81 6746.62 6738.59 6737.46 6733.72 6731.08 6722.15 6735.62 6745.85 6730.42 6707.76 -9999
6836.19 6832.71 6837.14 6841.62 6821.77 6805.49 6802.5 6813.1 6830.38 6837.4 6834.61 6823.9 6815.51 6814.11 6815.53 6812.79 6810.95 6803.53 6803.19 6792.14 6781.42 6771.84 6762.07 6765.36 6770.27 6763.42 6766.14 6751.72 6743.89 6742.67 -9999 6733.26 -9999 6730.37 -9999 6731.27 -9999 6734.49 6741.96 6741.23 6739.61 6731.56 6736.97 6740.57 6753.93 6760.6 6753.5 6746.15 6754.48 6745.59 6745.76 6756.42 6763.71 6772.95 6756.01 6750.85 6741.29 6749.62 6761.77 6745.37 6748.71 6748.95 6744.26 6738.3 6733.71 6719.79 6704.32 6724.96
6856.94 6831.88 6840.5 6840.04 6835.6 6822.89 6817.02 6811.23 6820.56 6830.54 6839.39 6839.91 6842.16 6835.43 6838.99 6829.65 6821.68 6813.76 6795.63 6786.47 6783.66 6776.24 6795.05 6784.85 6774.29 6763.72 6756.86 6767.44 6765.84 6769.99 6759.72 6745.8 6741.98 6737.23 6740.75 6741.84 6750.83 6752.56 6753.33 6752.09 6759.22 6754.4 6752.4 6753.97 6753.33 6751.97 6750.57 6755.9 6750.17 6749.35 6738.21 6745.95 6733.52 6739.8 6742.08 6732.89 6746.38 6760.72 6744.66 6729.33 6746.04 6729.56 6734.12 6720.85 6715.73 6728.01 6714.23 6736.97
6843.82 6819.97 6822.32 6834.71 6836.16 6828.08 6832.56 6822.25 6815.77 6819.04 6838.59 6828.59 6824.22 6835.44 6831.26 6833.26 6829.94 6818.91 6802.56 6797.32 6804.1 6799.44 6801.82 6805.01 6806.12 6791.58 6794.78 6804.45 6805.03 6781.08 6766 6757.42 6749.68 6748.16 6761.78 6754.37 6760.83 6773.5 6782.1 6761.2 6759.56 6743.52 6747.57 6740.91 6739.52 6737.95 6740.49 6739.67 6738.64 6747.13 6736.87 6728.73 6719.47 6723.55 -9999 -9999 -9999 6725.48 6718.81 6716.42 6719.22 6745.04 6753.07 6758.89 6746.3 6744.19 6734.99 6734.7
6818.65 6806.87 6805.65 6809.86 6809.16 6809.69 6811.3 6803.28 6810.09 6804.1 6798.71 6803 6806.19 6804.95 6804.23 6807.38 6811.75 6817.41 6807.83 6801.83 6795.35 6795.48 6794.16 6790.75 6788.95 6794.75 6790.46 6785.23 6784.64 6783.06 6798.41 6783.9 6792.25 6779.56 6763.43 6761.16 6754.83 6755.93 6751.01 6756.13 6741.26 6742.49 6743.46 6750.89 6743.32 6752.88 6758.18 6781.23 6764.2 6767.67 6756.28 6748.57 6765.64 -9999 -9999 6738.69 6730.45 6723.96 6738.85 6754.76 6735.51 6749.1 6782.02 6764.18 6752.98 6745.18 6755.18 6736.42
6825.01 6834.86 6840.12 6826.76 6810.14 6800.97 6793.02 6795.68 6801.24 6809.75 6836.93 6809.94 6791.16 6809.36 6810.47 6811.4 6810.69 6801.33 6816.87 6811.51 6802.82 6801.68 6798.58 6796.35 6795.56 6794.66 6794.95 6794.09 6795.38 6795.84 6791.05 6792.82 6799.02 6817 6801.93 6796.99 6811.93 6784.97 6813.54 6798.95 6795.57 6805.46 6777.32 6778.15 6783.13 6757.27 6771.74 6761.37 6760.29 6763.39 6745.15 6740.53 6753.56 6808.08 6790.13 6753.95 6735.01 6736.11 6754.28 6764.6 6786.86 6760.02 6744.04 6763.29 6780.97 6767.24 6755.4 6751.84
6844.45 6839.79 6840.86 6843.12 6827.84 6812.81 6800.61 6794.92 6789.98 6791.14 6801.4 6811.64 6799.27 6791.3 6794.2 6785.57 6786.97 6792.99 6794.33 6788.11 6798.74 6800.41 6797.35 6790.93 6789.27 6788.91 6789.49 -9999 -9999 6789.76 6793.1 6794.82 -9999 6793.63 6791.87 6794.78 6799.1 6804.55 6818.17 6809.75 6795.89 6799.06 6804.83 6779.09 6769.09 6769.9 6763.58 6753.82 6761.64 6745.21 6740.03 6736.77 6742.97 6753.17 6765.41 6800.68 6832.91 6820.97 6797.28 6802.17 6782.81 6770.98 6788.97 6763.04 6758.67 6775.25 6769.02 6760.13
6820.85 6826.57 6836.58 6847.39 6835.23 6822.77 6809.86 6795.79 6786.67 6783.29 6796.01 6796.85 -9999 6805.05 6800.44 6789.84 6779.07 6776.85 6779.16 6780.69 6783.32 6790.6 6808.98 6811.93 6806.03 6803.81 6806.62 6796.46 6789.99 6797.43 6807.13 6798.79 -9999 -9999 -9999 6795.77 6796.51 6799.17 6805.13 6804.64 6798.91 6792.95 6799.92 6802.8 6799.86 6772.88 6771.64 6774.56 6760.06 6754.55 6770.61 6782.37 6769.18 6770.05 6787.71 6774 6789.35 6794.59 6804.1 6817.83 6822.95 6802.86 6831.26 6800.42 6774.48 6754.75 6758.81 -9999
6821.41 6815.43 6817.92 6816.7 6816 6812.72 6797.52 6794.39 6784.01 6793.11 6793.55 6809.43 6801.81 6801.98 6793.34 6778.45 6778.29 6777.83 6780.21 6779.52 6785.66 6790.14 6797.65 6808.75 6809.64 6812.97 6798.07 6787.83 6784.97 6789.27 6793.25 6797.58 6799.02 6795.88 6799.53 6811.15 6818.59 6803.74 6806.17 6804.92 6792.08 6794.38 6795.85 6799 6805.45 6817.42 6810.87 6791.76 6762.51 6756.98 6756.61 6764.12 6786.09 6778 6779.33 6781.24 6789.16 6816.54 6804.98 6789.81 6778.28 6773.33 6861.68 6785.93 6771.7 6759.58 6757.18 6783.39
6807.24 6807.86 6813.31 6807.57 6805.17 6815.62 6818.64 6808.99 6791.17 6788.88 6801.23 6794.19 6798.91 6808.02 6796.88 6798.91 6786.53 6777.07 6776.47 6781.2 6784.96 6784.78 6799.07 6793.12 6796.29 6793.76 6790.91 6788.14 6785.04 6788.69 6786.28 6790.01 6789.49 6795.22 6806.04 6809.24 6815.54 6807.74 6797.91 6792.6 6793.73 6802.51 6810.3 6811.18 6825.2 6839.75 6828.08 6826.87 6811.72 6801.84 6788.51 6789.49 6784.65 6775.64 6765.99 6771.24 6769.8 -9999 6764.9 -9999 6766.63 6776.52 6779.93 6785.39 6772.07 -9999 6760.69 6774.05
6811.99 6793.71 6794.42 6793.77 6794.1 6801.67 6800.8 6785.34 6780.86 6782.32 6783.76 6789.13 6798.01 6788.12 6789.67 6787.81 6784.55 6782.64 6787.06 6795.64 6795.35 6791.22 6795.91 6799.38 6792.19 6794.45 6788.92 6783.87 6786.17 6786.18 6796.03 6800.15 6795.6 6791.81 6792.34 6796.04 6795.05 6789.21 6795.5 6793.75 6810.8 6814.82 6814.79 6822.22 6825.84 6841.88 6835.7 6818.4 6811.47 6829.4 6827.55 6796.69 6788.35 6791.35 6802.17 6821.65 6804.83 6780.77 6794.03 6772.86 6763.56 6769.54 6766.93 -9999 6774.6 6776.13 6767.03 6774.03
6813.83 6799.58 6792.33 6789.48 6788.33 6785.98 6782.6 6784.04 6784.78 6778.31 6776.75 6785.53 6785.66 6797.75 6806.62 6797.39 6790.01 6788.8 6796.47 6795.63 6793.04 6792.17 6797.53 6796.76 6803.19 6817.2 6807.38 6795.9 6789.07 6788.3 6804.21 6791.29 6781.46 6781.71 6797.72 6796.73 6789.11 6786.31 6797.58 6810.37 6814.5 6810.81 6822.46 6809.85 6821.83 6825.59 6827.07 6817.26 6829.31 6823.9 6846.37 6845.85 6810.53 6829.26 6842.98 6832.86 6822.55 6799.93 6792.52 6796.34 6793.61 6778.76 6772.37 6770.93 6776.63 6801.01 6790.54 6765.31
6827.19 6804.79 6800.91 6785.93 6792.87 6799.87 6806.18 6800.93 6790.51 6787.52 6789.78 6785.16 6790.67 6791.71 6793.91 6791.93 6790.78 6786.63 6782.62 6791.17 6806.24 6795.57 6791.76 6800.12 6811.19 6807.05 6801.25 6805.08 6808.38 6813.69 6801.93 6790.43 6788.89 6785.77 6787.96 6797.95 6805.68 6821.38 6807.69 6796.2 6796.21 6803.64 6811.39 6812.92 6815.3 6820.77 6814.01 6814.03 6825.76 6835.4 6830.77 6829.03 6833.85 6835.45 6817.96 6863.33 6860.13 6820.32 6769.83 6758.25 6748.48 -9999 -9999 -9999 -9999 -9999 6786.81 6774.06
