resultados/variables/sun_rad_average.asc
ncols 330
nrows 228
xllcorner -12.000000
yllcorner 34.000000
cellsize 0.166667
NODATA_value -9999
[rows 30 to 59 of 228, columns 136 to 203 of 330]
-9999 -9999 -9999 -9999 -9999 -9999 -9999 -9999 -9999 -9999 -9999 -9999 -9999 -9999 -9999 -9999 -9999 2714.49 2710.85 -9999 2662.55 2767.79 2735.01 2749.24 2701.55 2773.82 2756.37 2725.35 2759.82 2821.95 2796.34 2761.59 2777.21 2821.36 2764.27 2785.79 2871.32 2855.97 2911.69 2795.03 2818.32 2789.35 2772.59 2834.25 2870.76 2835.21 2784.65 2756.79 2818.06 2811.55 2803.58 2802.36 2804.45 2788.79 2768.27 2792.12 2783.14 2780.27 2774.82 2779.49 2784.27 2786.84 2769.57 2743.59 2745.38 2748.08 2756.22 2743
-9999 -9999 -9999 -9999 -9999 -9999 -9999 -9999 -9999 -9999 -9999 -9999 -9999 -9999 -9999 -9999 -9999 2684.61 2647.92 2718.78 2778.42 2747.42 2844.93 2753.27 2786.82 2770.22 2847.13 2781.34 2757.85 2763.31 2830.89 2860.21 2858.64 2883.48 2857 2849.43 2843.43 2841.54 2783.53 2845.92 2912.84 2841.68 2810.41 2781.88 2765.53 2761.59 2796.15 2804.1 2775.45 2761.86 2759.65 2764.59 2776.77 2795.63 2797.84 2776.39 2773.81 2792.84 2805.62 2782.19 2776.38 2781.42 2781.21 2785.77 2760.43 2745.57 2751.85 2751.6
-9999 -9999 -9999 -9999 -9999 -9999 -9999 -9999 -9999 -9999 -9999 -9999 -9999 -9999 -9999 2747.63 2670.94 2737.98 2905.84 2917.84 -9999 -9999 2853.51 2833.85 2879.47 2936.57 2831.19 2919.16 2852.17 2902.11 2830.88 2828.51 2802.58 2809.74 2905.98 2896.97 2884.65 2836.36 2874.36 2892.94 2808.02 2807.39 2833.42 2837.23 2846.3 2850.42 2847.42 2814.06 2775.57 2781.84 2788.79 2785.43 2780.1 2773.6 2766.64 2773.3 2787.49 2784.57 2780.21 2816.42 2805.68 2792.12 2789.04 2794.85 2804.6 2797.88 2775.9 2762.65
-9999 -9999 -9999 -9999 -9999 -9999 -9999 -9999 -9999 -9999 -9999 -9999 -9999 -9999 -9999 2728.9 2861.15 2839.25 2810.51 2829.77 2826.63 2819.01 2869.13 2913.89 2852.71 2760.98 2850.1 2850.59 2872.63 2865.47 2904.61 2915.61 2883.77 2856.95 2834.74 2821.36 2817.73 2823.75 -9999 2830.05 2849.39 2829.33 2801.19 2840.77 2857.77 2849.53 2820.09 2854.77 2856.33 2837.27 2814.55 2795.29 2801.19 2792.45 2795.97 2795.15 2786.06 2780.08 2779.25 2771.94 2797.73 2794.32 2798.85 2801.88 2804.58 2791.63 2800.66 2804.63
-9999 -9999 -9999 -9999 -9999 -9999 -9999 -9999 -9999 -9999 -9999 -9999 -9999 -9999 -9999 2773.16 2728.35 -9999 -9999 -9999 2748.04 2731.89 2789.19 2798.8 2763.37 2840.11 2862.71 2844.61 2883.75 2914.21 2941.5 2936.97 2903.84 2836.59 2820.65 2841.37 2850.88 2876.04 2838.54 2827.42 2819.08 2854.22 2867.33 2836.57 2832.78 2819.37 2833.35 2814.61 2839.09 2838.82 2844.64 2849.19 2831.36 2840.05 2821.15 2826.8 2806.47 2801.32 2788.57 2779.96 2777.49 2797.68 2790.73 2797.59 2790.21 2814.39 2785.73 2793.7
-9999 -9999 -9999 -9999 -9999 -9999 -9999 -9999 -9999 -9999 -9999 -9999 2730.11 2766.12 2699.79 2861.91 2841.11 2746.45 2752.12 2794.08 2763.08 2768.91 2800.2 2830.21 2877.34 2840.75 2896.96 2874.23 2879.39 2870.75 2875.87 2876.48 2895.74 2944.9 2898.14 2869.22 2854.84 2832.92 2842.43 2829.56 2841.93 2850.61 2836.01 -9999 2847.37 2864.6 2860.14 2843.43 2841.23 2852.31 2842.09 2853.15 2862.92 2832.64 2840.77 2837.54 2856.45 2827.44 2809.48 2813.57 2791.88 2779.87 2800.21 2815.21 2807.36 2789.55 2784.66 2794.78
-9999 -9999 -9999 -9999 -9999 -9999 -9999 -9999 -9999 -9999 -9999 -9999 2804.01 2764.56 -9999 2815.47 -9999 2848.54 2823.87 2842.2 2947.87 2982.36 -9999 2910.29 2960.95 2979.65 2874.31 2891.59 2886.4 2897.4 2898.08 2905 2884.38 2840.3 2879.51 2936.7 2914.46 2878.3 2860.02 2858.91 2843.9 2846.75 -9999 -9999 2847.69 2855.6 2854.85 2838.22 2833.29 2822.6 2830.28 2831.74 2823.82 2838.36 2825.11 2816.04 2806.1 2823.4 2847.61 2836.93 2819.21 2809.82 2801.33 2790.43 2798.99 2805.09 2806.13 2806.94
-9999 -9999 -9999 -9999 -9999 -9999 -9999 -9999 -9999 -9999 -9999 2792.78 2833.76 2841.22 2877.11 2779.71 2833.38 2875.33 2866.97 2878.68 2881.89 2876.92 2892.11 2885.8 2828.58 2829.09 2883.99 2962.18 2901.62 2916.02 2932.11 2914.75 2896.83 2915.58 2919.38 2864.87 2872.34 2891.45 2891.73 2888.54 2896.5 2847.87 2862.31 2862.79 -9999 2869.77 2872.8 2875.41 2843.3 2866.63 2876.46 2863.42 2846.43 2842.35 2839.9 2829.14 2829.13 2827.17 2814.92 2809.14 2835.74 2826.79 2832.75 2808.18 2807.15 2795.72 -9999 2804.61
-9999 -9999 -9999 -9999 -9999 -9999 -9999 -9999 -9999 -9999 -9999 -9999 2834.31 2876.44 2820.69 2830.97 2873.23 2886.71 2890.22 2792.98 2848.18 2943.1 2875.2 2905.54 2941.07 2927.69 2866.51 2881.6 2903.36 2891.76 2917.75 2914.47 -9999 2911.65 2880.13 2878.03 2881 2882.49 2866.72 2863.94 2865.97 2887.27 2873.98 2875.79 2874.91 2868.13 2874 2876.41 2868.09 2856.99 2845.18 2856.61 2870.41 2869.25 2863.94 -9999 2853.9 2837.85 2829.34 2834.18 2822.14 2815.17 2816.54 2836.06 2833.13 2829.69 2814.55 2812.04
-9999 -9999 -9999 -9999 -9999 -9999 -9999 -9999 -9999 2810.52 2824.91 -9999 2858.43 2923.84 2913.92 2918.48 2850.87 2858.55 2821.83 2927.29 2814.82 2852.65 2978.29 2919.38 2930.68 2940.75 2952.19 2904.46 2852.2 2843.79 2838.03 2885.72 2893.37 2878.87 2914.62 2923.28 2911.99 2875.9 2857.89 2872.18 2871.78 2878.24 2879 2891.02 2883.4 2886.21 2884.67 2885.5 2900.83 2897.93 2909.8 2885.29 2865.2 2863.21 2870.04 2887.29 2883.19 2884.86 2872.54 2856.93 2844.48 2840.77 2834.67 2831.67 2833.15 -9999 2828.8 2825.25
-9999 -9999 -9999 -9999 -9999 -9999 -9999 -9999 -9999 -9999 -9999 -9999 2844.52 2846.33 2915.69 2878.68 2893.9 2879.45 2988.87 2927.13 2954.64 2898.58 2915.84 2946.94 2887.57 2884.76 2893.37 2907.52 2907.24 2940.34 2967.91 2908.86 2911.7 2915.66 2892.91 2871.13 -9999 2936.12 2940.05 2924.58 2887.58 2875.33 2880.56 2873.45 2883.54 2894.75 2887.02 2894.07 2884.95 2890.7 2890.05 2896.09 2895.14 2891.42 2881.88 2875.27 2870.97 2869.24 2881.16 2879.86 2880.75 2873.23 2851.52 2830.21 2833.84 -9999 -9999 -9999
-9999 -9999 -9999 -9999 -9999 -9999 -9999 -9999 2814.81 2835.31 -9999 2811.99 2903.31 2910.11 2920.94 2894.1 2861.54 3003.32 2991.09 2980.61 3025.16 3033.4 2991.73 2939.35 2961.46 2937.01 2940.5 2996.28 3013.47 2988.53 2923.61 2921.08 2908.77 2889.4 2900.71 2910.73 2916.76 2889.53 2900.02 2901.68 2890.09 2893.11 2900.67 2894.2 2896.04 2888.34 2905.7 2901.69 2904.89 2898.21 2889.54 2875.5 2894.91 2899.58 2903.37 2902.26 2896.95 2887.33 2882.93 2889.29 2874.51 2863.96 2868.13 2862.94 2855.96 -9999 -9999 -9999
-9999 2860.33 2860.88 -9999 2850.53 -9999 2865.31 2877.44 2884.46 2849.23 2919.4 2930.66 2913.21 2957.37 2956.13 2876.65 2971.52 2922.06 2895.9 2958.3 2977.42 2957.16 2959.07 2970.09 2983.85 2993.57 2991.93 2928.73 2905.57 2898.94 2923.73 2941.55 2951.57 2954.45 2940.25 2915.48 2930.02 2923.85 2899.31 2898 2910.86 2886.82 2884.01 2905.72 2904.69 2903.47 2899.14 2899.09 2902.45 2898.9 2903.64 2907.78 -9999 2884.11 2885.76 2885.63 2892.9 2901.1 2891.56 2886.95 2892.27 2884.63 2871.93 -9999 -9999 -9999 -9999 -9999
-9999 -9999 -9999 -9999 -9999 -9999 2869.52 2869.32 2904.96 2950 2899.46 2954.67 2968.02 2908.2 2890.84 2971.21 -9999 2916.57 2993.01 2971.1 2954.4 2941.25 2943.8 2976.91 2993.37 2971.3 2918.26 2965.18 2986.63 3008.07 2978.74 2913.14 2905.69 2935.47 2932.67 2959.89 2939.98 2942.92 2942.92 2943.95 2938.92 2935.44 2921.51 2908.12 2902.94 2904.23 2903 2910.08 2899.23 2905.12 2903.16 2909.9 2917.95 2917.28 2906.74 2901.53 2900.19 2896.74 2903.52 2889.48 2884.45 2876.4 2871.37 -9999 -9999 -9999 -9999 -9999
-9999 -9999 -9999 2897.93 -9999 -9999 2916.74 2964.33 2943.16 2899.46 2943.9 2922.88 2910.08 2899.21 2968.07 2973.3 2963.4 2942.92 2969.92 2967.88 2923.05 2962.63 2984.08 2965.9 2951.21 2983.23 2981.45 2956.37 2956.23 2949.88 2937.05 2971.53 2971.34 2918.7 2912.75 2927.2 2939.09 2932.93 2952.4 2952.93 2969.67 2962.78 2936.3 2925.09 2916.38 2916.64 2928.9 2898.95 2916.37 2924.98 2927.39 2923.31 2924.32 2921 2921.58 2918.39 2920.43 2914.77 2905.46 2898.08 2900.03 2891.52 2881.66 2881.47 -9999 -9999 -9999 -9999
-9999 2879.86 2884.46 2885.45 2895.05 2904.85 2880.3 2867.48 2902.81 2910.43 2896.36 2919.61 2934.09 3010.55 2965.19 2931.53 2956.09 2986.57 2914.34 2882.28 2900.62 2949.74 2987.2 3001.4 3003.56 3001 2991.99 2978.48 2962.32 2929.38 2957 2923.9 2966.82 3015.16 2984.62 2958.03 2943.5 2953.19 2941.08 2953.09 2955.95 2979.71 2977.84 2975.14 2972.36 2952 2931.55 2951.45 2942.52 2924.49 2924.96 2916.51 2928.85 2938.6 2932.84 2930.51 2928.02 2930.06 2911.18 2913.35 2907.67 2906.43 2908.86 2900.46 2897.52 -9999 -9999 -9999
2939.06 2950.09 2950.11 2915.75 2910.17 2921.47 2977.25 2995.29 2975.96 -9999 2949.23 2953.32 2945.79 2925.47 2987.59 3003.22 2959.67 2963.42 3020.14 3071.05 3078.88 2992.44 2949.31 2959.03 2928.98 2922.97 2927.74 2957.85 2950.69 2973.07 2963.14 2995.65 2950.54 2944.48 2950 2964.83 2958.13 2956.83 2975.2 2975.51 2974.34 2947.03 2964.19 2961 2972.41 2967.09 2974.73 2935.28 2939.96 2956.22 2937.83 2948.95 2936.86 2933.27 2954.33 2953.38 2948.57 2953.59 2949.96 2935.88 2930.59 2921.69 2918.52 -9999 -9999 -9999 -9999 -9999
2977.21 2952.36 2966.86 2956.14 2980.49 2963.87 2931.46 2919.12 2945.36 2960.49 2932.28 2954.64 3005.17 2994.72 2956.28 2995.5 3008.05 2971.44 2954.14 2994.03 2997.94 3061.57 3066.96 3023.62 3013.17 2998.3 2985.94 2969.39 2979.48 2959.52 2960.7 2961.58 2962.33 2970.33 2979.89 2966.81 2963.95 2971.47 2960.95 2960.45 2958.29 2986.28 2979.01 2970.89 2962.94 2974.04 2969.14 2980.65 2972.82 2942.4 2961.28 2951.44 2953.69 2958.85 2946.81 2944.09 2961.99 2951.56 2945.58 2943.46 2934.37 2925.69 -9999 -9999 -9999 -9999 -9999 -9999
2999.1 -9999 -9999 2936.65 2932.79 2942.18 2952.55 2974.59 2971.2 3014.08 3032.94 2977.3 2989.6 3012.53 3080.75 3035.51 3064.75 3056.58 3033.85 2974.37 2976.25 -9999 3015.68 3047.9 3029.11 3025.43 3008.26 2976.82 2973.03 2998.03 2979.51 2973.31 2981.68 2972.25 2969.12 2983.73 2995.67 2993.54 2993.66 2967.03 2984.28 2973.17 2980.43 2987.38 2979.23 2969.62 2976.07 2989.78 2981.28 2984.32 2955.64 2963.04 2961.2 2956.9 2950.46 2961.86 2959.14 2957.92 2947.96 2948.18 2941.86 -9999 -9999 -9999 -9999 -9999 -9999 -9999
2998.6 2971.52 -9999 -9999 2906.41 2906.18 2933.04 2950.29 2994.58 2989.18 3007.74 3062.46 3051.58 3016.31 3015.94 3067.42 3039.85 3078.12 3075.03 3077.19 3018.03 3011.25 2992.21 3001.86 3013.25 2988.36 2996.85 3003.43 2987.99 2980.71 2973.5 2983.45 2973.08 2970.95 2979.87 2989.27 2991.25 2997.58 2984.46 3005.62 3012.34 3009.84 2997.96 3010.38 2995.05 2989.25 2977.12 2989.54 2973.26 2964.24 2987.19 2978.15 2977.26 2972.13 2976.86 2972.16 2964.21 2952.53 -9999 -9999 -9999 -9999 -9999 -9999 -9999 -9999 -9999 -9999
2955.99 -9999 2972.64 2987.61 3022.29 2991.01 3016.69 2997.13 2990.76 3008.12 3019.07 3025.1 3028.13 2972.47 3017.88 3020.44 3023.1 3010.43 2998.26 3011.85 3040.82 3029.61 3025.59 2999.79 3001.34 3006.27 2993.01 2990.12 -9999 2999.88 2996.51 2984.14 2989.46 2994.32 2986 2978.42 2985.4 2991.59 2982.1 2985.04 2989.7 2990.6 3012.68 3002.93 3011.92 2997.82 3002.41 2978.16 2990.43 3002.26 2988.79 2986.76 2979.05 2977.83 2973.53 -9999 -9999 -9999 -9999 -9999 -9999 -9999 -9999 -9999 -9999 -9999 -9999 -9999
2938.9 2947.65 2952.1 2965.44 2942.13 3052.73 3038.71 3048.57 3083.19 3081.38 3063.53 3046.93 3021.7 3058.16 3028.67 3047.07 3071.67 3043.77 3040.81 3028.94 3047.98 3024.2 3016.55 3033.83 3020.17 3048.68 3049.31 3029.43 3009.82 3011.28 3035.12 3032.42 3021.31 3007.2 2993.16 3013.32 3004.75 3000.43 3032.24 3036.33 3024.29 3009.52 2981.86 2987.38 2999.5 3001.7 2991.25 3016.61 3012.67 2994.93 2990.49 -9999 -9999 -9999 -9999 -9999 -9999 -9999 -9999 -9999 -9999 -9999 -9999 -9999 -9999 -9999 -9999 -9999
2970.15 -9999 3015.34 3060.77 3124.36 3040.91 3026.75 3038.32 3045.35 3035.18 3023.29 -9999 3002.05 3069.6 3063.07 3006.47 2996.24 3019.72 3007.7 3016.9 3018.58 -9999 3028.67 3023.53 3021.32 3006.61 3030.5 3032.06 3025.62 3048.81 3041.1 3046.15 3046.42 3057.01 3043.75 2995.2 2998.3 3009.81 2992.57 3021.6 3039.8 3052.71 3053.96 3018.35 2993.39 2984.89 3001.67 3001.03 -9999 -9999 -9999 -9999 -9999 -9999 -9999 -9999 -9999 -9999 -9999 -9999 -9999 -9999 -9999 -9999 -9999 -9999 -9999 -9999
3096.1 3044.96 3038.48 2986.67 2993.13 3091.46 3106.17 3124.53 3089.56 3064.49 3116.3 3134.72 3124.99 3033.23 3020.42 3073.87 3068.17 3050.55 3021.65 3015.02 3027.24 3032.57 -9999 3041.47 3046.82 3052.66 3036.94 3033.13 3041.09 3021.41 3012.67 3006.54 3041.13 3022.91 3024.67 3069.87 3028.08 2997.28 3013.89 2991.15 2993.91 2999.79 3013.55 3030.22 3046.97 3050.9 3012.9 -9999 -9999 -9999 -9999 -9999 -9999 -9999 -9999 -9999 -9999 -9999 -9999 -9999 -9999 -9999 -9999 -9999 -9999 -9999 2997.3 2994.94
3035.08 3055.12 3051.32 3150.4 3148.84 3114.13 3082.57 3085.24 3092.18 3172.13 3132.51 3175.36 3180.33 3215.83 3206.67 3179.18 3177.95 3161.3 3191.31 3133.4 3077.43 3048.42 3045.58 3058.43 3062.91 3057.91 3057.23 3062.33 3061.19 3058.04 3072.4 3081.88 3049.41 3047.81 3048.83 3026.13 3049.06 3056.31 3025.34 3036.42 3020.97 3000.79 2995.32 -9999 3029.41 3010 3016.94 -9999 -9999 -9999 -9999 -9999 -9999 -9999 -9999 -9999 -9999 -9999 -9999 -9999 -9999 -9999 -9999 -9999 -9999 3008.42 3008.11 3006.96
3115.6 3112.4 3118.75 3073.18 3125.48 3158.99 3166.19 3146.26 3214.71 3183.81 3167.96 3164.38 3133.95 3116.63 3105.64 3081.68 3064.01 3083.71 3091.96 3108.65 3110.34 3084.41 3063.03 3053.01 3065.44 3062.3 3067.27 3053.16 3057.17 3065.56 3049.77 3044.5 3057.27 3060.92 3086.28 3064.17 3059.59 3070.5 3077.76 3089.14 3065.51 3069.46 3040.1 3028.17 -9999 -9999 -9999 -9999 -9999 -9999 -9999 -9999 -9999 -9999 -9999 -9999 -9999 -9999 -9999 -9999 -9999 -9999 -9999 3021.16 3021.57 3020.43 3020.79 3022.58
3193.13 3174.67 3195.15 3172.78 3098.18 3142.32 3138.96 3171.66 3143.5 3154.66 3157.38 3159.55 3166.86 3125.68 3127.11 3154.7 3176.38 3157.17 3137.8 3099.63 3065.15 3098.94 3092.85 3111.72 3093.61 3104.53 3083.15 3113.14 3099.9 3115.3 3092.6 3103.42 3116.73 3093.27 3058.84 3056.24 -9999 3066.98 3083.46 3064.76 3077.8 3065.47 3069.49 3038.19 -9999 -9999 -9999 -9999 -9999 -9999 -9999 -9999 -9999 -9999 -9999 -9999 -9999 -9999 -9999 -9999 -9999 -9999 -9999 3035.74 3037.34 3036.88 3042.25 3044.75
3208.28 3197.28 3101.33 3152.29 3168.6 3154.84 3131.49 3136.6 3213.17 3212.5 3166.83 3136.82 3125.57 3155.77 3124.74 3111.62 3105.46 3117.92 3114.74 3153.06 3180.48 3099.39 3072.74 3094.2 3093.47 3087.74 3114.3 3079.22 3066.82 3057.67 3083.76 3070.01 3038.75 3030.49 3054.39 3082.89 3066.65 3086.42 3061.22 3058.79 -9999 -9999 -9999 -9999 -9999 -9999 -9999 -9999 -9999 -9999 -9999 -9999 -9999 -9999 -9999 -9999 -9999 -9999 -9999 -9999 -9999 -9999 -9999 -9999 3050.52 3058.41 3057.85 3061.54
3096.24 3132.56 3205.42 3171.65 3160.8 3184.01 3190.87 -9999 3135.02 3148.91 3164.27 3170.37 3177.19 3171.29 3165.9 3157.33 3161.01 3125.24 3110.61 3143.46 3143.43 3162.5 3159.74 3115.84 3117.55 3116.57 3095.73 3105.32 3119.7 3116.52 3124.37 3122.55 3127.23 3130.28 3114.83 3091.4 3099.85 3059.52 3069.05 3066.12 3055.07 -9999 -9999 -9999 -9999 -9999 -9999 -9999 -9999 -9999 -9999 -9999 -9999 -9999 -9999 -9999 -9999 -9999 -9999 -9999 -9999 -9999 -9999 -9999 3063.84 3065.28 3068.1 3077.95
3193.31 3201.94 3217.41 3222.28 3206.17 3197.38 3178.22 3177.6 3242.8 3230.32 3217.65 3190.5 3184.83 3178.84 3190.48 3165.36 3146.8 3173.33 3179.41 3121.57 3120.39 3142.32 3141.67 3155.63 3118.9 3098.5 3100.38 3127.63 3127.67 3120.3 3120.3 3141.49 3112.72 3130.24 3126.29 3117.88 3114.42 3125.94 3104 3099.34 3082.31 -9999 -9999 -9999 -9999 -9999 -9999 -9999 -9999 -9999 -9999 -9999 -9999 -9999 -9999 -9999 -9999 -9999 -9999 -9999 -9999 -9999 -9999 -9999 3073.34 3078.81 3086.62 3090.5
