resultados/variables/sun_rad_minimum.asc
ncols 330
nrows 228
xllcorner -12.000000
yllcorner 34.000000
cellsize 0.166667
NODATA_value -9999
[rows 192 to 223 of 228, columns 219 to 291 of 330]
-9999 -9999 -9999 1920.91 -9999 -9999 -9999 -9999 -9999 -9999 1906.96 1972.71 2013.17 1960.77 1876.68 1882.61 1994.22 1956.44 1947.1 1959.81 1919.32 1944.05 1844.84 1789.76 1908.38 1953.57 1935.06 2012.48 2152.11 2032.23 1844.35 1848.13 1910.14 1983.5 2011.87 2003.54 1957.66 2084.31 2122.48 2119.55 2129.22 1945.58 1857.27 1926.03 2079.31 2064.1 1994.53 2057.54 1956.66 1958.83 1962.13 1957.96 2107.55 2037.4 2076.41 1969.11 2071.41 2010.94 2046.92 2155.64 2097.54 2053.14 2015.11 2036.94 2080.25 2028.95 1984.17 2045.11 1981.27 1985.11 2013.58 2040.86 2055.76
-9999 -9999 -9999 -9999 -9999 -9999 -9999 -9999 -9999 -9999 1894.4 1937.86 1872.67 1827.2 1908.77 2004.49 1882.27 1937.59 1994.48 1952.7 2015.36 1961.48 1994.26 1985.26 1915.7 2030.78 2043.15 2061.79 1990.14 2030.1 2084 2156.25 2064.47 1993.12 2000.43 2001.58 1974.25 1990.84 1974.52 2031.86 2050.51 2073.65 2092.54 2097.27 2022.77 1992.53 2014.46 2004.86 2010.36 2065.52 2063.33 2183.61 1982.78 2012.83 1991.77 2098.34 2019.38 1891.64 1967.62 2068.02 2041.48 2073 2092.34 2077.91 2061.27 2050.12 1998.95 1994.41 2009.14 1973.94 1976.5 2077.24 2151.44
-9999 -9999 -9999 -9999 -9999 -9999 -9999 -9999 -9999 -9999 2001.63 2012.5 2099.94 2228.39 -9999 2006.58 2002.33 2023.37 1918.75 1980.62 1952.52 1934.06 1968.41 2063.2 2064.98 1928.93 2007.84 2021.64 2101.28 2080.52 2065.95 2110.24 2101.81 2061.59 1997.9 1970.67 2033.87 2046.13 2048.91 2036.3 2003.19 1986.89 2023.22 1992.48 2007.04 2065.19 2047.67 2018.97 2066.77 2048.08 2093.95 2021.69 2147.2 2043.74 2065.72 2080.52 2000.82 2098.04 2040.92 1987.73 2023.5 2141.42 2122.65 2062.56 2065.1 2085.65 2089.8 2073.45 2028.17 2033.05 2117.38 2134.95 2044.1
-9999 -9999 -9999 -9999 -9999 -9999 -9999 -9999 -9999 -9999 -9999 -9999 -9999 -9999 1897.38 1895.57 2004.51 2011.64 2078.48 1961.28 1931.28 1984.67 1963.15 1924.8 1959.07 1966.99 1980.91 1926.84 1988.82 1995.9 2040.54 2065.19 2051.92 2070.64 2090.64 2112 2083.76 2033.6 2071.25 2064.92 2109.18 2174.21 2110.47 2012.3 2036.66 2066.24 2082.32 2045.51 2124.94 2075.42 2098.19 2130.82 2084.63 2050.63 2065.72 2008.88 2042.64 2095.33 2106.67 2073.8 2080.64 2079.39 2056.67 2067.05 2084.87 2066.78 2069.56 2094.23 2239.52 2336.93 2217.4 2138.57 2095.44
-9999 -9999 -9999 -9999 -9999 -9999 -9999 -9999 1970.19 1926.33 2096.01 1952.28 -9999 2007.91 2031.12 2128.58 2175.1 2095.4 2014.8 2125.03 2052.17 1920.56 2004.16 2148.24 2223.95 2251.31 2157 2104.68 2048.42 2092.86 2111.13 2124.92 2155.98 2113.46 2141.31 2122.76 2095.44 2053.77 2047.59 2059.54 2073.77 2082.3 2119.18 2182.03 2083.62 2042.32 2090.61 2150.74 2126.15 2125.72 2078.12 2076.41 2069.91 2080.88 2151.22 2160.67 2151.32 2112.04 2084.34 2111.21 2103.95 2066 2086.76 2135.4 2140.78 2122.07 2117.39 2192.98 2194.51 2123.27 2087.41 2030.72 2126.8
-9999 -9999 -9999 -9999 -9999 -9999 -9999 -9999 -9999 -9999 2010.64 2017.4 -9999 -9999 2059.36 2105.71 1979.34 1918.21 2023.32 2040.76 2063.71 2070.3 2116.6 2139.33 2085.11 2035.64 2052.53 2194.12 2158.8 2264.29 2130.72 2091.92 2085.13 2088.46 2149.32 2174.65 2137.56 2172.07 2140.77 2111.38 2092.38 2085.71 2090.31 2082.06 2085.04 2098.08 2066.88 2094.66 2127.63 2151.55 2188.54 2133.85 2118.8 2106.73 2044.38 2092.63 2173.42 2194.21 2230.49 2159.39 2113.04 2111.94 2100.61 2107.49 2082.65 2123.22 2187.27 2185.64 2160.35 2139.13 2113.23 2205.14 2221.51
-9999 -9999 -9999 -9999 -9999 -9999 -9999 -9999 -9999 -9999 -9999 -9999 -9999 -9999 -9999 2031.07 2066.69 2109.33 2110.79 2077.42 2077.34 2187.92 2154.32 2125.55 2120.78 2186.94 2180.56 2145.63 2181.07 2053.36 2130.53 2235.53 2186.06 2132.15 2126.9 2150.91 2199.4 2241.27 2144.62 2083.87 1971.26 2072.12 2063.71 2064.33 2124.83 2126.81 2142.29 2149.27 2145.12 2130.99 2151.29 2161.89 2144.39 -9999 2161.01 2140.67 2049.48 2098.67 2115.8 2167.69 2163.87 2184.31 2207.01 2153.32 2213.36 2154.6 2244.86 2182.48 2091.98 2121.35 2256.82 2167.36 2174.78
-9999 -9999 -9999 -9999 -9999 -9999 -9999 -9999 -9999 -9999 -9999 -9999 -9999 -9999 2043.32 2054.27 2114.33 2164.2 2093.81 2008.6 2090.64 2119.42 2070.79 2138.09 2129.36 2151.53 2166.53 2239.25 2127.33 2222.61 2234.3 2214.47 2171.31 2118.27 2111.86 2076.63 2147.98 2183.31 2246.23 2277.71 2385.14 2188.67 2166.23 2171.47 2156.48 2151.12 2157.07 2174.68 2191.9 2169.79 2151.61 2145.51 -9999 -9999 2186.65 2210.9 2190.83 2087.39 2125.41 2118.34 2190.02 2165.3 2143.09 2144.62 2161.03 2201.36 2097.42 2173.08 2221.38 2265.04 2270.53 2219.09 2167.55
-9999 -9999 -9999 -9999 -9999 -9999 -9999 -9999 2038.29 -9999 -9999 2065.58 -9999 -9999 2078.28 2100.15 2050.63 1984.2 2046.94 2139.16 2111.01 2136.56 2238.31 2126.47 2055.42 2074.97 2114.07 2064.51 2129.74 2174.79 2191.13 2093.92 2197.23 2349.45 2276.72 2194.9 2191.4 2157.21 2090.72 1935.75 2120.39 2259.39 2250.36 2196.79 2044.93 2146.48 2197.69 2198.03 2188.4 2194.14 2179.75 -9999 2163.15 2165.67 2166.73 2200.99 2266.18 2245 2169.26 2147.88 2130.58 2118.21 2114.75 2173.3 2159.66 1987.46 2102.29 2250.55 2211.48 2212.93 2143.58 2258.36 2331.63
-9999 -9999 -9999 -9999 -9999 -9999 -9999 -9999 -9999 2179.75 -9999 -9999 2127.36 -9999 -9999 -9999 2126.37 2136.32 1962.44 1946.5 1951.06 1830.02 1844.06 2007.5 2277.59 2218.76 2176.87 2228.81 2231.88 2176.29 2171.66 2305.21 2179.09 2125.36 2163.53 2274.01 2186.77 2182.78 2272.22 2456.69 2156.47 2087.37 2183.9 2226.46 2320.46 2228.33 2188.32 2198.15 2212.5 2210.2 2182.94 2185.86 2185.17 2183.09 2186.86 2188.39 2216.52 2255.01 2234.49 2184.92 2264.88 2274.68 2266.96 2292.26 2261.79 2553.8 2393.54 2220.55 2275.24 2139.88 2335.78 2333.56 2112.77
-9999 -9999 -9999 -9999 -9999 -9999 -9999 -9999 2110.69 2159.43 -9999 2121.52 2123.94 2125.07 2215.65 2188.7 2189.6 2252.02 2341.32 2333.69 2361.65 2477.71 2399.12 2198.61 -9999 2082.81 2208.09 2141.97 2165.25 2207.59 2209.51 2222.54 2313.05 2290.2 2273.54 2257.64 2252.95 2322.96 2257.66 2241.38 2322.59 2228.81 2124.26 2214.46 2180.98 2168.44 2167.41 2164.41 2208.36 2190.74 2152.45 2197.99 2204.41 2199.36 2195.62 2194.35 2182.36 2163.47 2124.81 2220.16 2175.68 2258.86 2296.72 2207.03 2207.08 2211.71 2250.37 2275.83 2217 2402.97 2319.55 2248.59 2507
-9999 -9999 -9999 -9999 -9999 -9999 -9999 -9999 -9999 -9999 -9999 -9999 -9999 -9999 -9999 2172.41 2126.07 2115.35 2021.11 1995.71 1893.48 1964.61 2056.86 2256.93 2087.16 2197.66 2251.67 2268.31 2066.73 2159.53 2218.25 2164.4 2231.72 2254.75 2234.35 2291.62 2223.41 2148.91 -9999 2084.25 2201.7 2324.38 2283.07 2185.31 2243.12 2179.45 2224.91 2237.19 2261.46 2262.53 2292.26 2237.32 2233.93 2226.92 2221.32 2220.82 2246.64 2303.02 2406.82 2354.45 2324.05 2273.35 2162.25 2184.48 1962.11 2157.37 2284.61 2249.24 2416.83 2291.51 2234.31 2353.53 2326.57
-9999 2132.99 -9999 -9999 -9999 -9999 -9999 -9999 -9999 -9999 -9999 -9999 -9999 -9999 -9999 -9999 -9999 2093.65 2285.61 2355.39 2492.85 2419.94 2385.18 2181.58 2314.04 2143.08 2163.08 2235.02 2451.25 2372.62 2284.64 2326.64 2249.46 2197.45 2316.58 2348.45 2373.18 2259.84 2200.95 2385.93 2213.72 -9999 2378.31 2380.88 2313.07 2365.13 2239.08 2364.19 2267.44 2259.42 2298.33 2283.09 2257.05 2269.02 2268.92 2249.36 2226.32 2301.49 2319.65 2394.04 2447.1 2238.62 2299.05 2274.83 2281.12 2406.95 2328.38 2444.18 2327.38 2314.06 2313.32 2261.85 2403.18
-9999 -9999 2248.2 -9999 -9999 -9999 -9999 -9999 -9999 -9999 -9999 -9999 2163.4 2151.94 2159.9 -9999 2061.59 2267.78 2089.97 2024.48 2111.47 2074.33 1983.76 2299.91 2130.66 2310.08 2111.79 1991.38 1986.31 2059.72 2148.85 2222.01 2205.09 2369.75 2248.3 2203.79 2231.37 2387.59 2277.21 2419.54 2350.71 2283.46 -9999 2308.77 2343.68 2298.38 2442.43 2273.12 2277.32 2277.75 2278.59 2297.69 2299.92 2295.1 2278.6 2321.33 2356.84 2307.26 2291.02 2256.22 2210.18 2390.75 2479.95 2389.59 2738.39 2308.47 2437.16 2338.04 2288.88 2312.96 2395.09 2434.81 2356.29
-9999 -9999 -9999 -9999 -9999 -9999 -9999 -9999 -9999 2187.39 -9999 -9999 -9999 -9999 -9999 -9999 2301.86 2184.31 2178.08 2225.91 2143.17 2270.28 2385.12 2089.13 2348.42 2261.21 2357.65 2356.49 2324.41 2436.1 2358.57 2271.47 2281.21 2267.13 2267.93 2400.93 2389.05 2360 2382.91 2250.23 2519.36 2308.28 2234.46 2281.35 2335.69 2352.21 2334.44 2354.27 2292.47 2295.86 2296.91 2292.32 2279.66 2300.92 2309.07 2319.11 2305.28 2288.83 2236.95 2231.26 2369.96 2395.84 2362.63 2499.73 2432.36 2335.57 2321.15 2402.7 2345.63 2535.22 2505.37 2456.14 2298.32
-9999 -9999 -9999 -9999 -9999 -9999 -9999 -9999 -9999 -9999 -9999 -9999 -9999 -9999 -9999 -9999 2217.69 -9999 2286.67 2400.51 2205.63 2188.81 2250.38 2191.78 2174.61 2292.95 2214.02 2291.68 2311.76 2317.48 2315.76 2356.01 2419.59 2259.74 2449.77 2357.1 2291.49 2236.74 2281.92 2350.88 2409.85 2305.81 2318.05 2278.72 2325.02 2541.22 2352.12 2295.2 2302.23 2312.75 2311.02 2332.69 2342.81 2320.06 2308.19 2261.58 2151.13 2052.6 1998.21 2073.08 2195.96 2290.12 2350.42 2501.87 2456.77 2443.53 2324.35 2275.9 2300.09 2265.98 2301.12 2322.91 2230.05
-9999 -9999 -9999 -9999 -9999 -9999 -9999 -9999 -9999 -9999 -9999 -9999 -9999 -9999 -9999 -9999 -9999 -9999 -9999 2199.86 2334.36 2173.82 2288.47 2497.16 2327.76 2234.85 2345.55 2387.02 2428.64 2191.36 2436.83 2333.74 2203.36 2352.09 2329.17 2300.79 2413.04 2406.79 2432.2 2485.12 2300.77 2433.16 2446.83 2499.55 2298.34 2246.22 2380.23 2299.81 2317.52 2299.97 2225.22 2333.82 2323.84 2297.71 2278.62 2302.47 2388.53 2428.78 2662.49 2713.66 2634.59 2575.07 2549.8 2346.67 2312.09 2263.35 2242.01 2237.54 2231.12 2249.64 2251.48 2300.97 2401.2
-9999 -9999 -9999 -9999 2240.31 2225.38 -9999 -9999 -9999 -9999 -9999 -9999 -9999 -9999 -9999 -9999 2230.87 2242.79 2234.84 2321.95 2427.38 2548.14 2446.44 2430.64 2486.71 2425.15 2475.71 2383.42 2357.19 2465.05 2223.88 2362.42 2484.06 2427.16 2360.71 2368.41 2347.17 2279.97 2292.13 2494.71 2408.37 2512.2 2446.24 2404.55 2406.22 2305.96 2308.52 2362.87 2335.49 2374.57 2454.48 2296.91 2286.74 2315.24 2349.35 2341.94 2396.15 2576.03 2612.69 2543.62 2421.62 2426.85 2370.39 2284.58 2275.63 2295.64 2286.04 2251.08 2231.61 2231.18 2141.54 2059.24 2341.78
-9999 -9999 -9999 -9999 -9999 -9999 -9999 -9999 -9999 -9999 -9999 -9999 -9999 -9999 -9999 -9999 -9999 -9999 -9999 -9999 -9999 2246.08 2280.85 2283.89 2260.07 2437.14 2431.29 2382.4 2418.85 2344.2 2538.73 2445.75 2428.04 2446.51 2253.12 2176.33 2346.5 2307.98 2273.48 2287.49 2317.32 2442.25 2533.99 2428.25 2652.19 2639.72 2424.73 2462.06 2369.42 2308.9 2219.32 2477.19 2576.71 2434.96 2470.59 2535.23 2588.04 2626.09 2501.69 2544.63 2524.78 2345.05 2287.32 2275.17 2269.54 2277.18 2268.75 2244.85 2290.52 -9999 2404.01 2433.78 2435.27
-9999 -9999 -9999 -9999 -9999 -9999 -9999 -9999 -9999 -9999 -9999 -9999 -9999 -9999 -9999 -9999 -9999 -9999 2291.27 -9999 -9999 -9999 2307.71 -9999 -9999 2301.89 2412.26 2538.48 2551.34 2611.05 2302.72 2427.17 2535.01 2382.7 2386.67 2518.53 -9999 -9999 -9999 -9999 -9999 -9999 2342.86 2447.71 2475.85 2517.54 2475 2525.04 2532.22 2615.34 2568.23 2294.87 2441.5 2692.96 2628.71 2594.01 2545.94 2580.36 2640.19 2459.7 -9999 -9999 2283.82 2283.95 2285.39 2285.47 2315 -9999 -9999 -9999 2270.62 2554.65 2348.08
-9999 -9999 -9999 -9999 -9999 -9999 -9999 -9999 -9999 -9999 -9999 -9999 -9999 -9999 -9999 -9999 -9999 -9999 -9999 -9999 -9999 -9999 -9999 -9999 -9999 -9999 -9999 2275.67 2279.09 2312.13 2476.7 2409.05 2263.78 2633.47 2746.71 2423.7 -9999 -9999 -9999 -9999 -9999 -9999 -9999 -9999 2423.28 2554.48 2756.39 2472.83 2420.27 2255.05 2543.35 2434.75 2245.78 2322.08 2529.47 2519.49 2576.88 2550.26 2439.4 -9999 -9999 -9999 -9999 -9999 -9999 -9999 -9999 -9999 -9999 -9999 2329.55 2475.63 2347.19
-9999 -9999 -9999 -9999 -9999 -9999 -9999 -9999 -9999 -9999 -9999 -9999 -9999 -9999 -9999 -9999 -9999 -9999 -9999 -9999 -9999 -9999 -9999 -9999 -9999 -9999 -9999 -9999 2493.75 2395.09 2635.59 2784.6 2668.63 2464.34 2488.13 2524.35 -9999 -9999 -9999 -9999 -9999 -9999 -9999 -9999 -9999 -9999 2424.79 2683.94 2546.63 2543.13 2377.17 2517.28 2413.72 2255.38 2182.72 2457.78 2585.45 -9999 -9999 -9999 -9999 -9999 -9999 -9999 -9999 -9999 -9999 -9999 2158.96 2165.75 2495.81 2340.42 2405.43
-9999 -9999 -9999 -9999 -9999 -9999 -9999 -9999 -9999 -9999 -9999 -9999 -9999 -9999 -9999 -9999 -9999 -9999 -9999 -9999 2298.58 2411 -9999 -9999 -9999 -9999 -9999 -9999 -9999 2527.27 2722.89 2430.28 2600.97 -9999 -9999 2412.76 -9999 -9999 -9999 -9999 -9999 -9999 -9999 -9999 -9999 -9999 -9999 2437.05 2711.09 2717.3 2756.39 2625.02 2611.17 2608.27 2654.82 2552.06 -9999 -9999 -9999 -9999 -9999 -9999 -9999 -9999 -9999 -9999 -9999 -9999 2477.37 2682.8 2311.34 2318.9 2264.58
-9999 -9999 -9999 -9999 -9999 -9999 -9999 -9999 -9999 -9999 -9999 -9999 -9999 -9999 -9999 -9999 -9999 -9999 -9999 -9999 2450.57 -9999 -9999 -9999 -9999 -9999 -9999 -9999 -9999 -9999 -9999 -9999 -9999 -9999 -9999 -9999 -9999 -9999 -9999 -9999 -9999 -9999 -9999 -9999 -9999 -9999 -9999 -9999 -9999 2565.24 -9999 -9999 -9999 -9999 -9999 -9999 -9999 -9999 -9999 -9999 -9999 -9999 -9999 -9999 -9999 -9999 -9999 -9999 -9999 2242.86 2356.64 2373.87 2463.53
-9999 -9999 -9999 -9999 -9999 -9999 -9999 -9999 -9999 -9999 -9999 -9999 -9999 -9999 -9999 -9999 -9999 -9999 -9999 -9999 -9999 -9999 -9999 -9999 -9999 -9999 -9999 -9999 -9999 -9999 -9999 -9999 -9999 -9999 -9999 -9999 -9999 -9999 -9999 -9999 -9999 -9999 -9999 -9999 -9999 -9999 -9999 -9999 -9999 -9999 -9999 -9999 -9999 -9999 -9999 -9999 -9999 -9999 -9999 -9999 -9999 -9999 -9999 -9999 -9999 -9999 -9999 -9999 2346.16 2532.33 2461.66 2414.06 2387.9
-9999 -9999 -9999 -9999 -9999 -9999 -9999 -9999 -9999 -9999 -9999 -9999 -9999 -9999 -9999 -9999 -9999 -9999 -9999 -9999 -9999 -9999 -9999 -9999 -9999 -9999 -9999 -9999 -9999 -9999 -9999 -9999 -9999 -9999 -9999 -9999 -9999 -9999 -9999 -9999 -9999 -9999 -9999 -9999 -9999 -9999 -9999 -9999 -9999 -9999 -9999 -9999 -9999 -9999 -9999 -9999 -9999 -9999 -9999 -9999 -9999 -9999 -9999 -9999 -9999 -9999 -9999 -9999 2468.98 2447.3 2391.5 2392.39 2452.64
-9999 -9999 -9999 -9999 -9999 -9999 -9999 -9999 -9999 -9999 -9999 -9999 -9999 -9999 -9999 2418.56 -9999 -9999 -9999 -9999 -9999 -9999 -9999 -9999 -9999 -9999 -9999 -9999 -9999 -9999 -9999 -9999 -9999 -9999 -9999 -9999 -9999 -9999 -9999 -9999 -9999 -9999 -9999 -9999 -9999 -9999 -9999 -9999 -9999 -9999 -9999 -9999 -9999 -9999 -9999 -9999 -9999 -9999 -9999 2425.36 -9999 -9999 -9999 -9999 -9999 -9999 -9999 -9999 2451.34 2451.06 2514.83 2508.61 2543.23
-9999 2363.42 -9999 -9999 -9999 -9999 -9999 -9999 -9999 -9999 -9999 -9999 -9999 -9999 -9999 -9999 -9999 -9999 -9999 -9999 -9999 -9999 -9999 -9999 -9999 -9999 -9999 -9999 -9999 -9999 -9999 -9999 -9999 -9999 -9999 -9999 -9999 -9999 -9999 -9999 -9999 -9999 -9999 -9999 -9999 -9999 -9999 -9999 -9999 -9999 -9999 -9999 -9999 -9999 -9999 -9999 2431.06 2452.15 -9999 -9999 -9999 -9999 -9999 -9999 -9999 -9999 -9999 -9999 -9999 2539.19 2435.31 2513.93 2526.61
2412.49 2435.16 2366.57 2408.77 2383.49 2271.12 2300.69 -9999 -9999 -9999 2397.15 -9999 -9999 -9999 -9999 -9999 -9999 -9999 -9999 -9999 -9999 -9999 -9999 -9999 -9999 -9999 -9999 -9999 -9999 -9999 -9999 -9999 -9999 -9999 -9999 -9999 -9999 -9999 -9999 -9999 -9999 -9999 -9999 -9999 -9999 -9999 -9999 -9999 -9999 -9999 -9999 2509.64 2460.53 2451.72 2506.02 2535.16 -9999 -9999 -9999 -9999 -9999 -9999 -9999 -9999 -9999 -9999 -9999 -9999 -9999 2463.23 2514.77 2471.98 2487.92
-9999 2667.45 2738.84 2586.12 2578.89 2765.17 2766.73 2507.96 2564.66 2599.99 2568.34 -9999 -9999 -9999 -9999 -9999 -9999 -9999 -9999 -9999 -9999 -9999 -9999 -9999 -9999 -9999 -9999 -9999 -9999 -9999 -9999 -9999 -9999 -9999 -9999 -9999 -9999 -9999 -9999 -9999 -9999 -9999 -9999 -9999 -9999 -9999 -9999 -9999 2390.04 2301.52 2306.73 2391.08 2451.65 2469.96 2479.67 2481.14 2475.35 -9999 -9999 -9999 -9999 -9999 -9999 -9999 -9999 -9999 -9999 -9999 2475.41 2571.18 2643.01 2488.29 2493.89
-9999 -9999 -9999 -9999 -9999 -9999 -9999 -9999 -9999 -9999 -9999 -9999 -9999 -9999 -9999 -9999 -9999 -9999 -9999 -9999 -9999 -9999 -9999 -9999 -9999 -9999 -9999 -9999 -9999 -9999 -9999 -9999 -9999 -9999 -9999 -9999 -9999 -9999 -9999 -9999 -9999 -9999 -9999 -9999 -9999 -9999 -9999 2540.49 2643.14 2661.42 2665.54 2609.21 2586.99 2563.8 2541.53 -9999 -9999 -9999 -9999 -9999 -9999 -9999 -9999 -9999 -9999 -9999 -9999 -9999 2536.72 2624.33 2645.49 2487.13 2546.06
-9999 -9999 -9999 -9999 -9999 -9999 -9999 -9999 -9999 -9999 -9999 -9999 -9999 -9999 -9999 -9999 -9999 -9999 -9999 -9999 -9999 -9999 -9999 -9999 -9999 -9999 -9999 -9999 -9999 -9999 -9999 -9999 -9999 -9999 -9999 -9999 -9999 -9999 -9999 -9999 -9999 -9999 -9999 -9999 -9999 -9999 -9999 -9999 2628.66 2721.49 2726.21 2705.1 2641.62 -9999 -9999 -9999 -9999 -9999 -9999 -9999 -9999 -9999 -9999 -9999 -9999 -9999 -9999 -9999 -9999 2586.72 2638.59 2660.23 2563.91
