resultados/variables/sun_rad_minimum.asc
ncols 330
nrows 228
xllcorner -12.000000
yllcorner 34.000000
cellsize 0.166667
NODATA_value -9999
[rows 128 to 159 of 228, columns 146 to 218 of 330]
789.38 779.89 805.21 807.06 796.6 801.19 870.94 924.75 841 774.76 822.88 879.49 851.36 803.92 823.79 848.25 846.46 857.35 848.51 884.95 920.75 867.21 860.29 857.4 874.48 862.9 823.04 822.08 814.27 811.4 806.47 809.67 809.8 808.75 807.05 805.04 809.8 812.53 818.72 819.82 817.11 817.1 825.67 803.04 808.43 813.77 815.9 818.29 821.18 824.17 827.62 829.62 824.92 833.02 827.97 818.26 811.15 807.32 810.7 819.03 823.28 822.49 824.44 821.86 811.26 802.24 807.88 808.1 812.98 809.33 808.17 815.99 814.35
840.33 839.45 839.08 894.42 900.46 901.64 862.87 847.31 851.64 860.91 812.83 817.22 849.96 858.13 849.93 839.55 838.91 850.62 875.42 876.14 876.94 881.4 867.29 842.39 782.56 809.43 816.54 780.22 804.42 812.98 814.33 819.47 822.16 825.59 834.71 841.2 836.14 838.25 836.73 838.47 842.13 840.36 843.77 846.31 827.3 827.35 828.13 828.61 830 830.69 839.19 836.08 834.1 833.04 827.48 823.89 818.71 823.68 823.26 824.23 830.55 827.05 826.15 831.39 846.08 843.09 833.45 836.16 830.22 837.14 833.32 831.53 830.76
909.11 925.27 907.1 863.29 847.14 853.55 839.73 817.03 819.86 832.19 833.1 835.46 829.22 844.14 855.79 852.02 859.44 849.55 854.1 855.1 856.36 845.52 852.55 895.64 931.11 854.44 822.03 837.33 778.93 767 795.63 817.22 833.28 837.41 832.75 841.43 842.14 843.62 840.99 845.35 850.78 853.17 850.62 848.12 854.77 858.77 855.53 856.99 847.82 852.48 844.03 839.41 836.38 835.53 836.9 840.71 841.36 836.77 841.72 836.01 834.69 849.68 851.08 845.49 845.81 856.79 851.48 836.01 844.79 844.08 845.72 841.77 846.56
856.99 848.38 855.62 864.08 894.45 889.95 849.33 869.57 874.62 880.31 876.26 859.88 861.08 848.97 824.4 834.77 841.71 860.81 859.84 858.28 862.32 870.51 869.98 870.57 899.72 901.95 902.6 951.71 957.2 909.61 898.79 865.37 865.09 857.5 864.52 861.37 862.99 861.14 870.73 871.8 866.62 868.55 881.13 899.44 899.13 877.97 872.97 864.82 861.96 854.32 852.81 858.75 856.05 857.9 840.12 845.02 853.3 865.73 848.98 849.53 861.35 850.2 861.84 868.8 862.89 864.68 871.79 864.09 842.07 841.8 855.69 858.15 856.76
886 909.18 945.34 933.12 930.16 900.94 910.45 882.46 874.78 890.06 865.37 873.03 866.02 885.31 884.64 869.13 847.05 841.28 855.8 857.99 827.77 844.76 846.98 869.24 877.69 897.6 925.16 907.96 944.14 972.8 891.9 889.69 862.95 853.43 867.06 874.45 876.99 882.22 876.31 870.61 856.21 852.16 846.71 853.67 850.83 856.66 858.45 865.08 859.13 847.65 869.27 865.27 860.35 859.19 885.06 878.45 874.98 861.61 861.01 887.91 866.8 855.94 862.36 873.48 876.1 878.62 879.2 890.54 894.74 886.34 868.31 876.52 876.12
919.22 920.07 909 917.38 910.45 919.05 897.33 905.36 878.64 860.77 892.69 912.26 895.51 875.81 886.87 897.66 916.74 909.98 890.53 882.92 900.83 868.33 869.49 874.85 893.46 898.28 913.42 874.27 902.91 947.22 948.16 910.01 895.11 927.25 906.78 880.03 882.05 875.54 862.7 834.74 866.95 903.71 863 857.43 872.16 862.3 878.05 836.14 860.95 901.41 874.5 884.58 887.23 904.99 897.49 897.56 903.5 902.6 913.06 886.23 878.02 894.31 891.04 880.74 879.52 882.02 889.5 894.26 899.35 902.64 893.39 877.08 871.9
942.27 913.04 921.49 931.86 918.98 903.76 900.22 920.76 956.78 954.94 935.92 901.61 892.38 905.5 922.46 898.98 912.55 911.38 900.03 918.13 937.71 952.02 964.05 943.45 926.76 944.61 890.96 924.74 913.86 911.48 959.82 976.62 956.85 915.67 867.15 828.71 843.73 839.67 901.04 952.73 930.84 851.46 925.87 934.43 907.43 921.58 902.17 915.85 902.7 887.84 871.1 872.47 893.1 878.58 874.79 889.66 878.59 877.73 902.38 909.56 918.71 894.6 887.09 879.64 905.39 908.24 910.73 915.3 915.29 916.58 912.14 921.94 928.63
960.99 979.51 930.78 932.91 927.38 929.91 928.54 936.25 956.12 945.66 942.37 941.83 963.93 960.6 955.81 951.09 920.83 918.41 951.52 934.38 941.38 951.24 949.75 952.34 979.41 937.34 962.41 946.03 922.32 926.82 934.55 926.11 902.02 897.09 942.98 983.63 940.13 993.73 952.62 952.49 933.85 948.52 948.09 956.18 924.99 909.66 927.54 957.61 940.73 918.15 952.25 947.2 960.15 967 957.49 968.01 937.15 935.13 907.89 898.32 918.79 946.65 912.17 918.98 882.44 897.9 920.11 921.48 919.09 924.61 946.17 937.81 934.16
954.9 960.75 992.56 924.28 902.01 866.35 923.25 916.33 915.49 943.14 940.73 959.97 950.46 956.5 958.36 979.49 987.22 972.39 967.16 964.02 955.4 960.13 968.81 969.22 948.47 971.95 1000.2 981.66 943.73 906.59 912.14 944.53 956.64 969.37 956.32 988.29 1054.79 989.98 977.14 926.17 966.75 1027.15 949.69 945.16 880.68 889.11 779.33 918.75 981.5 942.99 923.49 1002.95 927.02 934.31 981 954.95 985 992.41 981.47 942.77 913.3 891.22 955.42 940.06 949.34 924.79 912.8 902.97 938.17 932.97 933.33 924.09 936.57
989.86 973.37 948.18 959.4 1035.2 1067.86 953.25 927.79 920.58 933.94 942.59 957.65 981.84 965.74 964.34 975.3 960.07 979.1 979.25 1002.55 997.38 996.51 983.93 983.18 981.84 965.71 955.32 966.83 970.48 993.36 986.12 961.96 989.03 951.78 1001.73 1001.42 932.64 929.17 921.07 1045.73 972.48 932.57 969.9 936.57 1108.23 1121.35 1229.38 1103.77 1008.2 1067.62 1069.1 942.07 1028.95 1008.25 910.98 960.19 976.93 984.79 999.48 1046.7 1041.81 1031.6 1013.43 954.8 983.83 962.63 955.82 931.51 926.18 947.9 951.88 967.01 959.67
982.78 1001.51 1034.43 1066.61 1028.15 993.7 1099.5 1082.55 1034.52 993.79 957.58 971.92 958.56 985.42 981.23 984.82 1000.71 1008.27 986.53 988.73 987.58 983.08 999.12 991.39 981.42 961.1 979.08 979.33 981.04 970.19 923.34 928.05 971.44 1042.05 982.52 977.79 993.95 1039.76 1041.12 952.64 1038.58 1046.74 1097.73 1122.64 1080.21 1039.57 1053.4 952.91 962.24 954.52 935.93 1014.8 949.02 972.3 1016.66 947.19 987.16 972.56 993.3 967.89 1006.89 1045.08 944.97 994.85 992.07 1000.52 1004.88 989.57 924.98 934.93 943.83 951.7 957.26
995.65 996.67 979.73 986.91 1022.25 1055.58 1043.86 1054.4 1057.12 1065.22 1051.99 987.17 985.82 968.11 947.12 973.12 996.24 997.59 1010.59 1022.36 1018.45 1014.48 980.6 988.02 979.09 989.92 989.53 988.64 983.67 1000.65 1032.76 1040.66 1030.26 969.49 1002.42 1021.73 1060.59 997.85 1004.68 1042.69 1061.37 1078.98 962.97 965.58 975.79 1059.71 1064.79 1126.19 1077.61 1067.46 1006.48 1023.08 1069.19 1014.56 1019.92 1026.65 987.44 1009.63 1014.89 1052.11 989.13 949.8 1111.02 1106.33 1027.82 1018.3 1019.97 1027.73 1027.06 947.59 972.3 963.95 986.38
1004.96 993.85 1007.98 1004.54 996.52 1016.23 1018.9 1023.51 1062.31 1052.9 1060.29 1040.43 1030.49 1046.9 1037.79 996.87 1011.48 1001.66 1010.93 999.79 1020.69 1006.52 1013.33 998.07 995.44 1003.06 1000.37 1000.92 1000.9 990.18 1000.09 1033.79 1012.5 1031.91 1041.76 963.07 973.14 1032.57 1060.62 1022.76 1029.62 991.09 1098.88 1109.14 1124.11 1071.41 1063.2 1053.89 1041.21 1048.76 1131.87 1059.21 1010.97 1007.22 1010.25 1009.31 987.53 997.45 996.74 1006.28 1063.78 1111.02 1033.65 999.39 1084.44 1145.54 1024.47 1058.31 1003.07 1070.36 1004.16 983.22 950.96
1033.81 1036.39 1031.8 1024.85 1021.13 1041.34 1030.99 1060.29 1077.06 1073.03 1113.74 1125.24 1110.43 1100.85 1103.48 1092.58 1048.05 1066.83 1048.06 1031.35 1038.15 1042.06 1036.98 1023.16 1040.36 1035.28 1028.72 1018.79 997.54 1011.93 1046.37 1028.45 1017.85 1027.08 1016.28 1069.22 1075.41 1061.41 1042.62 1078.4 1062.84 1069.72 1080.11 1090.88 1063.71 1048 1052.13 1033.99 1035.38 1050.41 1022.73 1030.88 1040.52 1007.38 1027.2 1037.5 1026.96 1013.57 1012.45 1012.17 1013.14 1017.58 1043.02 1094.75 1076.43 1051.64 1110.2 1063.75 1128.48 1106.7 1071.48 1060.29 1078.48
1055.45 1051.68 1055.23 1060.71 1057.23 1019.86 1026.33 1020.4 1043.45 1045.7 1031.64 1048.65 1052.43 1069.88 1122.61 1126.57 1162.52 1121.82 1102.52 1076.61 1020.66 1002.47 995.63 1027.27 1032.88 1034.32 1034.56 1031.71 1059 1079.64 1042.25 1035.88 1038.19 1048.39 1045.86 1043.09 1041.02 1076.28 1075.94 1087.45 1046.42 1107.21 1081.27 1043.31 1016 1022.4 1021.5 1014.31 1033.22 1025.94 1043.73 1043.21 1034.75 1070.35 1077.55 1034.56 1028.83 1028.68 1028.2 1028.41 1028.31 1029.26 1029.78 1045.63 1036.73 1060.09 1084.73 1141.62 1162.14 1125.26 1128.01 1122.52 973.45
1049 1055.82 1063.71 1068 1053.47 1059.68 1066.68 1089.81 1068.05 1053.16 1036.51 1044.64 1022.02 1010.07 1007.44 1010.47 1013.57 984.16 1003.24 999.79 989.34 1006.07 1041.15 1067.86 1051.19 1045.43 1041.89 1045.08 1063.08 1047.71 1047.16 1046.55 1046.83 1047.16 1049.9 1051.51 1048.58 1049.64 1056.01 1018.91 1072.04 1058.14 1038.81 1035.89 1066.63 1091.19 1072.41 1059.03 1049.24 1035.49 1045.87 1053.25 1059.05 1049.62 1046.02 1044.76 1042.96 1042 1040.75 1042.01 1045.69 1045.96 1046.84 1046.78 1054.67 1051.88 1018.18 1072.71 1118.19 1147.76 1165.17 1113.83 1199.42
1101.04 1080.51 1051.38 1079.79 1082.16 1087.15 1086.73 1024.93 1029.75 1011.09 1002.73 1018.79 1056.33 1024.7 1040.28 1078.07 1002.38 1062.06 1018.11 1067.01 1090.36 1080.19 1075.95 1072.43 1062.76 1075.1 1078.67 1073.79 1065.64 1064.86 1063.62 1062.79 1062.37 1062.34 1062.74 1061.08 1075.97 1062.49 1056.3 1111.18 1072.81 1052.79 1078.06 1099.72 1070.12 1064.01 1067.88 1094.53 1116.77 1134.22 1079.82 1062.81 1061.3 1061.53 1061.29 1059.53 1058.63 1058.4 1060.88 1062.94 1061.22 1061.81 1061.63 1062.37 1066.19 1086.2 1105.96 960.94 942.79 1049.98 1128.09 1171.26 1215.51
1082.48 1027.98 1073.19 1017.73 1091.47 1044.16 995.12 1126.36 1071.36 1024.12 1077.76 989.66 1039.61 1114.16 1152.14 1100.94 1148.57 1109.07 1122.5 1123.7 1116.89 1153.81 1111.02 1039.45 1036.26 1055.52 1078.63 1080.36 1080.2 1079.46 1079.56 1079.05 1073.12 1071.69 1072.84 1079.8 1050.23 1065.56 1081.77 1070.77 1109.37 1102.95 1094.73 1088.49 1114.82 1127.57 1112.82 1092.01 1094.66 1085.35 1079.5 1078.4 1077.58 1077.39 1077.33 1072.75 1075.74 1077.23 1081.03 1079.99 1074.54 1077.62 1078.71 1076.82 1071.61 1074.05 1126.94 1242.17 1191.96 993.88 1022.43 1120.65 1109.86
1131.48 1183.05 1111.57 1038.38 992.67 1073.21 1197.56 991.33 1083.4 1234.28 1325.72 1248.71 1208.46 1122.87 1014.66 1057.93 1193.23 1177.25 1237.07 1094.47 1152.81 1029.12 1073.82 1132.94 1143.5 1111.88 1080.79 1088.74 1093.21 1094.13 1093.66 1089.37 1084.05 1089.6 1086.01 1085.63 1098.91 1109.48 1107.61 1103.24 1097.06 1107.29 1096.5 1096.07 1098.04 1096.54 1095.88 1098.15 1096.22 1094.66 1094.04 1093.77 1094.04 1093.65 1092.49 1104.63 1101.82 1102.32 1102.32 1101.47 1100.68 1092.65 1089.72 1081.12 1084.78 1106.01 1088.83 1098.76 1180.4 1270.21 1196.01 1018.46 1122.05
1017.02 1045.9 1173.53 1263.46 1355.67 1322.33 1126.03 1278.73 1240.47 1108.12 1033.7 1092.28 1145.39 1111.35 1136.59 1261.9 1230.75 1150.26 1128.11 1198.73 1226.69 1274.79 1227.69 1163.79 1088.74 1118.01 1115.87 1115.05 1107.43 1111.04 1110.41 1108.94 1095.86 1087.18 1112.41 1123.92 1156.04 1119.11 1120.8 1153.76 1117.53 1121.24 1130.89 1107.87 1109.8 1110.86 1110.95 1110.54 1110.33 1110.16 1110.37 1110.26 1110.01 1110.35 1114.33 1114.15 1115.74 1114.29 1112.47 1107.65 1101.03 1091.8 1104.36 1117.72 1127.64 1107.84 1111.94 1141.91 1131.84 1113.44 1140.61 1274.04 1183.34
1128.12 1193.18 1077.93 1171.55 1115.49 1075.29 1156.77 1189.04 1310.76 1282.83 1320.69 1339.08 1262.24 1355.14 1400.8 1137.47 1183.17 1259.19 1221.32 1289.58 1219.26 1212.48 1163.11 1167.11 1202.65 1148.46 1139.95 1126.53 1133.67 1128.37 1121.65 1111 1125.43 1155.1 1154.4 1147.87 1139.17 1145.29 1131.23 1131.69 1128.59 1130.74 1131.29 1139.67 1130.23 1127.39 1126.34 1126.27 1126.37 1126.98 1126.91 1127.12 1126.79 1126.97 1126.91 1127.42 1127.89 1128.24 1120.16 1112.56 1068.42 1116.93 1125.92 1129.82 1112.58 1125.59 1123.98 1114.44 1151.84 1201.98 1210.33 1193.67 1179.58
1477.62 1413.04 1282.28 1264.86 1205.25 1154.66 1271.88 1270.48 1103.54 1204.97 1154.8 1236.94 1204.08 1163.44 1135.19 1218.54 1194.95 1229.5 1245.75 1188.97 1174.51 1171.34 1162.19 1163.2 1159.93 1158.31 1143.48 1149.8 1147.69 1139.63 1145.8 1167.64 1189.51 1166.05 1159.22 1144.39 1142.08 1146.32 1144.62 1137.97 1144.01 1144.55 1147.51 1147.68 1143.43 1142.42 1143.35 1143.63 1143.38 1143.13 1143.29 1143.28 1143.19 1143.23 1143.85 1143.86 1141.55 1139.52 1144.62 1142.19 1190.69 1172.69 1083.73 1094.96 1151.88 1145.65 1161.1 1160.16 1161.28 1136.49 1139.42 1142.47 1171.38
1171.43 1158.07 1606.93 1371.85 1275.11 1363.34 1551.97 1346.67 1383.71 1315.49 1354 1264.96 1313.75 1293.12 1265.21 1279.52 1147.53 1187.11 1184.4 1198.81 1184.25 1175.15 1169.91 1169.39 1170.63 1162.25 1171.53 1165.57 1155.56 1150.02 1177.25 1193.92 1209.12 -9999 1153.51 1160.6 1161.22 1162.51 1164.13 1168.66 1160.89 1160.73 1163.63 1165.71 1164.46 1162.13 1160.58 1159.83 1160.03 1160.03 1159.43 1159.19 1159.97 1160.27 1160.33 1160.56 1162.94 1165.26 1165.76 1196.4 1172.3 1115.4 1164.06 1175.39 1143.85 1139.3 1165.84 1170.92 1180.65 1172.89 1192.28 1179.76 1175.78
1373.3 1331.75 1162.37 1370 1543.32 1424.43 1103.74 1298.47 1413.27 1413.23 1264.53 1311.67 1246.29 1362.44 1301.54 1331.25 1291.98 1175.43 1181.03 1177.38 1190.47 1207.34 1215.07 1210.87 1199.25 1194.35 1188.59 1185.81 1190.35 1210.7 -9999 1185.75 1159.32 1178.83 1178.32 1179.1 1178.18 1174.92 1178.15 1178.47 1177.96 1177.69 1176.95 1179.64 1179.03 1178.61 1177.01 1176.92 1176.51 1175.88 1175.83 1176.12 1176.05 1176.45 1176.8 1177.18 1179.4 1185.46 1176.73 1179.71 1238.31 1191.01 1140.8 1146.9 1129.51 1144.06 1164.89 1171.25 1166.4 1196.98 1192.42 1203.44 1201.35
1373.1 1402.92 1372.94 1306.25 1239.93 1295.46 1407.47 1298 1175.93 1091.41 1182.53 1117.23 1080.74 1112.43 1061.93 1162.24 1318.8 1078.05 1077.74 1142.96 1217.13 1202.7 1188.11 1192.39 1199.28 1207.19 1196.42 1196.54 1197.67 1195.25 1191.96 1192.08 1209.31 1206 1203.63 1195.82 1199.71 1196.92 1204.31 1197.36 1194.71 1192.57 1192.65 1194.1 1195.33 1193.21 1193.61 1193.32 1193.48 1193.49 1193.27 1193.05 1192.37 1192.12 1192.63 1193.49 1194.21 1200.98 1210.85 1110.86 1177.1 1282.07 1331.83 1290.03 1193.38 1148.95 1199.23 1259.6 1244.16 1222.92 1217.33 1216.52 1223.24
1311.82 1340.26 1347.57 1280.15 1348.01 1249.26 1238.6 1334.4 1217.86 1338.99 1318.64 1385.01 1338.37 1263.21 1380.22 1359.41 1280.36 1447.12 1392.59 1326.33 1221.9 1222.56 1220.46 1229.8 1224.19 1218.7 1234.79 1222.57 1215.35 1207.28 1216.22 1210.36 1215.07 1212.81 1215.04 1218.01 1209.96 1209.76 1213.85 1210.79 1205.06 1204.9 1210.94 1211.61 1210.32 1211.08 1210.02 1210.51 1210.58 1210.36 1210.66 1210.31 1210.65 1209.83 1208.93 1209.14 1207.33 1206.03 1231.6 1346.54 1264.32 1291.89 1310.62 1272.59 1416.2 1386.81 1239 1218.59 1239.91 1223.28 1223.33 1223.02 1228.36
1408.84 1430.17 1447.91 1435.7 1331.95 1451.25 1423.74 1317.09 1531.83 1405.78 1226.32 1232.52 1388.98 1465.81 1381.69 1243.74 1213.77 1234.94 1261.49 1234.22 1248.93 1234.49 1190.89 1206 1211.68 1207.23 1216.66 1240.93 1243.99 1238.86 1234.62 1235.34 1236.32 1230.02 1220.04 1206.86 1218.01 1220.63 1225.83 1226.85 1229.59 1236.2 1233.41 1230.78 1229.59 1228.39 1228.22 1227.18 1227.16 1227.67 1228.65 1227.34 1227.72 1227.77 1228.42 1213.78 1177.98 1180.33 1194.38 1168.57 1197.62 1271.15 1406.86 1374.26 1304 1298.34 1332.23 1335.61 1263.74 1260.45 1237.24 1238.63 1251.53
1451.52 1431.56 1295.11 1271.47 1270.41 1272.05 1340.98 1331.59 1210.44 1259.3 1383.69 1320.14 1280.31 1252.86 1248 1284.7 1303.95 1296.64 1316.95 1264.5 1272.84 1284.1 1317.52 1271.45 1279.82 1280.37 1263.41 1233.14 1242.79 1253.14 1252.46 1258.5 1261.33 1271.33 1269.62 1278.03 1278.47 1271.07 1251.54 1247.3 1253.72 1248.59 1250.57 1251.36 1248.03 1244.19 1243.35 1244.14 1244.7 1245.31 1244.93 1248.21 1246.09 1242.79 1237.91 1243.48 1291.51 1300.73 1314.11 1352.73 1342.56 1265.42 1263.19 1286.64 1323.76 1366.23 1365.72 1254.74 1231.72 1242.22 1265.34 1261.31 1242.45
1333.73 1269.45 1266.82 1268.27 1269.97 1271.91 1275.43 1280.08 1382.94 1433.73 1273.31 1259.98 1210.21 1234.53 1296.22 1319.18 1315.39 1300.57 1257.52 1254.29 1277.1 1268.35 1297 1295.38 1276.33 1274.23 1275.65 1288.74 1266.02 1249.91 1264.01 1269.23 1265.56 1265.34 1276.01 1288.73 1280.87 1270.4 1259.16 1261.8 1263.66 1267.97 1265.78 1264.92 1263.94 1262.67 1261.49 1261.47 1260.77 1262.27 1263.77 1264.15 1266.81 1272.72 1274.93 1279.68 1294.52 1288.61 1274.88 1265.37 1240.02 1226.1 1224.93 1317.06 1359.74 1339.64 1245.85 1210.62 1250.82 1263 1288.59 1286.43 1297.56
1277.5 1274.55 1274.82 1274.89 1273.8 -9999 1274.55 -9999 1337.82 1268.11 1390.04 1322.48 1271.4 1274.46 1270.41 1256.95 1220.2 1287.27 1324.08 1361.16 1289.58 1298.67 1287.54 1285.91 1283.6 1277.19 1259.69 1276.37 1289.86 1295.29 1263.83 1262.41 1269.17 1279.77 1278.59 1280.17 1281.52 1282.66 1283.62 1280.1 1279.65 1282.03 1285.48 1281.03 1282.6 1282.86 1279.93 1278.24 1279.04 1279.16 1279.87 1280.23 1280.26 1281.55 1288.02 1294.28 1283.74 1287.51 1263.02 1192.4 1171.37 1263.04 1330.73 1271.17 1254.99 1172.57 1163.41 1207.95 1175.82 1184.39 1194.32 1317.09 1292
1291.5 1290.44 1290.3 -9999 -9999 -9999 -9999 -9999 1269.72 1319.6 1289.38 1351.34 1392.62 1329.18 1385.42 1340.04 1385.39 1315.97 1318.48 1309.24 1304.14 1303.8 1295.82 1297.83 1297.93 1308.61 1327.67 1305.78 1299.63 1289.36 1240.62 1243.38 1211.94 1256.49 1292.89 1295.86 1296.53 1297.22 1296.22 1294.62 1296.84 1297.08 1298.11 1301.98 1299.52 1296.97 1295.95 1296.16 1296.06 1295.74 1295.79 1296.62 1297.25 1296.94 1292.18 1297.34 1295.37 1281.58 1312.01 1441.42 1497.88 1423.39 1327.89 1295.39 1318.56 1351.94 1454.84 1385.26 1318.71 1312.9 1240.91 1256.2 1265.24
-9999 -9999 -9999 -9999 -9999 -9999 -9999 1319.16 1337.41 1400.94 1428 1356.15 1526.11 1491.89 1308.14 1258.78 1306 1309.16 1321.8 1300.82 1300.57 1318.24 1320.72 1295.19 1289.64 1312.64 1323.69 1321.37 1296.44 1303.94 1399.05 1411.06 1430.7 1364.88 1312.38 1307.42 1312.51 1311.07 1313.9 1313.77 1312.47 1313.93 1313.93 1313.74 1313.53 1313.72 1313.11 1314.37 1313.96 1313.4 1314.08 1313.82 1314.15 1313.87 1321.93 1311.45 1285.85 1314.9 1257.2 1290.25 1271.33 1183.77 1196.73 1147.92 1285.6 1372.52 1385.25 1302.82 1423.03 1415.84 1534.67 1410.09 1415.97
