resultados/variables/sun_rad_maximum.asc
ncols 330
nrows 228
xllcorner -12.000000
yllcorner 34.000000
cellsize 0.166667
NODATA_value -9999
[rows 120 to 149 of 228, columns 136 to 203 of 330]
7378.3 7385.29 7374.85 7373.4 7368.72 7367.67 7360.48 7359.49 7364.78 7369.62 7377.47 7384.58 7379.27 7373.59 7370.02 7376.11 7380.44 7362.57 7361.03 7359.04 7360.87 7363.23 7366.95 7366.53 7358.95 7363.94 7364.16 7370.01 7372.95 7370.11 7362.22 7361.17 7361.1 7363.96 7372 7372.29 7367.34 7369.03 7371.1 7374.46 7376.14 7378.3 7374.13 7372.27 7376.26 7378.7 7385.24 7377.27 7375.04 7377.86 7378.15 7381.61 7381.35 7379.86 7382.21 7384.95 7380.29 7378.92 7389.02 7394.06 7391.3 7379.93 7377.49 7371.46 7379.45 7385.13 7385.15 7393.69
7470.04 7429.58 7394.92 7383.39 7385.21 7376.66 7367.72 7369.77 7368.91 7369.23 7370.14 7373.04 7368.07 7371.19 7372.45 7373.32 7379.21 7385.35 7371.87 7370.7 7366.32 7366.76 7368.5 7370.18 7369.71 7371.01 7373.96 7375.63 7378.28 7373.63 7368.17 7369.91 7374.17 7377.8 7376.18 7375.2 7378.96 7380.61 7384.98 7385.88 7387.31 7393.87 7392.88 7386.89 7384.8 7386.2 7388.38 7387.31 7385.84 7387.42 7390.28 7396.86 7406.3 7414.7 7408.78 7405.06 7397.79 7393.96 7397.95 7402.38 7399 7392.29 7385.28 7379.7 -9999 7390.14 7399.56 7399.08
7484.96 7495.11 7481.33 7456.26 7427.29 7407.14 7389.41 7385.57 7381.21 7379.78 7380.83 7391.28 7391.9 7380.71 7380.03 7380.63 7387.85 7384.27 7390.04 7392.48 7384.09 7387.36 7386.73 7390.14 7391.39 7397.95 7403.72 7391.77 7394.52 7395.58 7394.41 7394.47 7386.9 7376.72 7382.91 7385.51 7383.87 7383.35 7385.97 7386.86 7394 7392.14 7393.74 7394.35 7391.41 7393.49 7400.93 7398.32 7394.14 7405.87 7405.46 7409.85 7413.96 7415.67 7412.94 7411.16 7407.6 7403.25 7396.94 7397.45 7397.93 7394.1 7394.56 7395.22 7390.91 7385.36 7393.6 7399.36
7423.44 7410.18 7424.2 7415.42 7421.98 7409.55 7397.39 7390.55 7389.85 7392.72 7393.93 7394.34 7394.22 7395.83 7395.13 7386.8 7387.72 7391.66 7388.7 7393.28 7396.45 7394.32 7395.68 7399.07 7399.83 7402.32 7403.66 7401.54 7402.6 7403.42 7406.01 7405.02 7407.24 7402.56 7390.08 7395.24 7389.69 7383.45 7387.7 7400.09 7396.81 7401 7402.81 7414.87 7404.02 7402.67 7409.59 7410.26 7408.65 7404.23 7412.62 7416.63 7420.52 7423.7 7416.42 7412.7 7416.62 7413.59 7413.37 7407.27 7407.52 7407.18 7403.97 7405.34 7408.32 7408.13 7401.69 7397.78
7456.34 7448.54 7417.85 7414.85 7422.41 7418.29 7414.61 7399.01 7396.46 7401.76 7403.18 7406.51 7408.02 7418.32 7408.09 7399.14 7398.84 7406.27 7412.61 7414.09 7415.33 7408.56 7409.37 7405.72 7413.82 7415.79 7419.62 7422.43 7422.07 7421.51 7421.03 7411.38 7408.5 7402.26 7396.3 7398.64 7405.31 7413.05 7415.15 7418.53 7419.75 7423.93 7420.19 7421.02 7416.74 7415.28 7416.16 7415.69 7414.8 7414.95 7414.59 7416.87 7427 7425.36 7424.95 7423.56 7422.76 7425.4 7432.57 7446.6 7424.69 7419.43 7423.04 7416.66 7413.6 7413.27 7408.12 7409.63
7434.27 7415.95 7417.18 7422.73 7435.99 7431.79 7420.36 7424.25 7419.62 7411.33 7413.27 7420.79 7426.43 7435.66 7432.76 7433.94 7427.41 7416.93 7417.17 7450.74 7456.01 7452.82 7445.78 7447.5 7445.72 7435.18 7434.83 7440.67 7445.78 7438.69 7441.31 7438.55 7422.82 7415.56 7414.06 7412.77 7411.44 7406.73 7406.52 7409.57 7412.47 7420.15 7420.65 7426.91 7424.69 7427.52 7430.42 7433.83 7431.19 7431.14 7434.82 7434.36 7436.32 7439.87 7437.74 7432.33 7438.89 7438.79 7445.52 7453.6 7457.89 7439.2 7435 7432.76 7428.29 7423.69 7413.93 7421.2
7459.04 7451.7 7450.68 7458.24 7452.35 7448.23 7456.47 7457.69 7447.61 7449.62 7437.16 7442.66 7447.96 7461.68 7466.15 7477.11 7479.98 7468.82 7443.12 7420.99 7446.51 7466.91 7484.63 7483.41 7455.31 7453.5 7457.19 7467.18 7481.16 7476.12 7482.29 7472.9 7472.22 7444.06 7435.97 7428.29 7414.19 7418.52 7416.44 7415.59 7417.67 7420.36 7423.78 7426 7429.16 7435.57 7442.16 7445.77 7443.21 7444.7 7440.62 7444.68 7440.04 7445.13 7442.12 7443.73 7446.08 7450.22 7456.58 7463.03 7473.67 7471.67 7442.84 7439.06 7434.82 7428.39 7426.52 7432.11
7508.84 7483.55 7492.47 7485.36 7481.27 7447.18 7465.42 7481.35 7461.82 7475.11 7461.1 7472.59 7487.31 7483.32 7493 7516.86 7534.06 7549.18 7564.81 7539.67 7508.39 7447.8 7473.63 7513.41 7496.89 7487.23 7526.27 7600.1 7600.52 7574.36 7522.16 7530.94 7516.96 7508.33 7473.3 7437.27 7454.54 7433.72 7429.92 7428.29 7428.9 7424.93 7425.52 7430.36 7436.17 7445.8 7457.09 7456.36 7459.53 7464.96 7459.3 7461.81 7453.51 7451.94 7449.54 7454.7 7454.74 7454.23 7455.12 7459.16 7460.53 7469.02 7483.34 7472.42 7455.74 7443.78 7437.93 7427.22
7577.46 7561.53 7512.29 7504.27 7460.98 7503.65 7519.69 7510.67 7507.14 7492.69 7499.69 7500.79 7519.25 7544.21 7537.03 7571.78 7570.77 7544.25 7468.69 7447.34 7448.34 7500.42 7491.49 7466.83 7479.46 7494.14 7488.16 7503.74 7526.04 7551.67 7563.57 7541.5 7547.94 7535.78 7539.2 7527.08 7479.1 7469.91 7460.95 7452.62 7437.03 7441.07 7441.72 7436.21 7438.87 7442.96 7450.38 7456.94 7465.29 7473.6 7476.23 7476.75 7490.32 7474.2 7466.37 7466.66 7466.09 7461.68 7454.45 7459.07 7463.66 7462.82 7458.57 7461.05 7453.28 7437.95 7430.96 7430.81
7515.58 7554.84 7582.45 7576.65 7564.81 7560.79 7536.39 7550.23 7510.28 7526.54 7577.12 7603.82 7604.88 7632.29 7593.38 7553.81 7495.92 7474.46 7473.03 7478.28 7445.23 7445.72 7461.68 7488.89 7486.29 7465.96 7470.64 7484.84 7498.67 7509.57 7513.87 7516.84 7508.18 7529.29 7521.99 7479.45 7491.62 7474.18 7452.73 7453.46 7456.24 7456.18 7448.34 7445.81 7450.68 7464.75 7462.82 7467 7474.13 7479.89 7483.76 7483.88 7493.96 7506.11 7494.87 7483.36 7478.07 7470.06 7464.75 7454.11 7459.98 7457.06 7448.6 7445.05 7439.81 7439.1 7441.24 7444.22
7488.62 7498.31 7505.27 7497.95 7527.73 7567.84 7566.56 7545.06 7567.94 7562.81 7579.84 7582.61 7558.79 7531.15 7558.56 7529.22 7482.66 7473.36 7484.64 7494.56 7471.82 7461.11 7450.52 7453.81 7464.17 7461.71 7465.92 7463.68 7472.63 7474.5 7478 7471.27 7482.59 7534.68 7610.03 7538.18 7529.22 7564.37 7511.43 7492.03 7497.31 7477.84 7467.35 7463.99 7456.75 7452.75 7461.53 7468.12 7467.77 7477.79 7479.01 7479.91 7489.27 7508.3 7519.25 7500.07 7481.27 7475.49 7463.92 7462.85 7450.68 7447.2 7446.17 7446.62 7447.8 7455.7 7459.04 7457.65
7498.22 7488.11 7499.83 7507.04 7507.28 7528 7564.13 7575.83 7562.67 7555.89 7529.1 7545.81 7587.83 7575.42 7580.38 7551.01 7521.74 7525.36 7518.91 7517.84 7517.17 7501.25 7476.05 7474.22 7463.92 7459.28 7457.55 7464.99 7468.06 7469.84 7470.18 7479.21 7486.84 7499.6 7538.84 7561.92 7572.16 7584.64 7589.29 7633.81 7575.51 7525.52 7497.11 7479.92 7473.3 7464.04 7476.62 7477.91 7485.47 7485.35 7477.6 7477.42 7488.03 7501.36 7494.11 7480.17 7474.75 7466.54 7462.17 7456.81 7456.69 7459.77 7467.12 7466.51 7456.18 7461.88 7467.9 7471.59
7496.04 7490.44 7528.42 7539.66 7535.69 7519.63 7569.25 7582.08 7579.97 7559.17 7572.01 7591.73 7598.95 7595.57 7581.83 7554.21 7539.13 7518.02 7521.71 7517.67 7492.45 7500.55 7486.56 7513.82 7520.76 7508.48 7506.14 7484.45 7473.73 7493.29 7482.73 7478.93 7490.8 7502.4 7524.55 7530.91 7554.7 7512.93 7549.97 7613.87 7576.6 7557.81 7507.12 7483.89 7483.65 7473.19 7474.38 7483.87 7484.47 7481.74 7478.75 7477.6 7475.63 7479.93 7471.26 7481.1 7481.84 7473.42 7477.43 7472.63 7475.92 7474.85 7479.47 7478.31 7489.86 7495.42 7486.58 7479.97
7501.01 7493.76 7513.45 7530.94 7543.91 7555.13 7552.23 7550.39 7558.73 7559.52 7601.64 7583.65 7558.41 7553.45 7539.09 7529.05 7515.36 7535.23 7548.65 7544.21 7537.97 7527.14 7514.85 7513.79 7530.81 7529.23 7539.47 7547.77 7540.76 7537.39 7563.76 7561.07 7566.18 7550.88 7550.45 7541.34 7534.24 7496.63 7490.94 7522.32 7588.99 7574.77 7538.3 7534.58 7497.92 7480.84 7492.59 7492.31 7493 7501.72 7509.16 7522.01 7533.63 7507.57 7528.51 7508.17 7510.72 7500.27 7511.29 7506.35 7497.65 7501.14 7503.53 7503.66 7490.09 7493.82 7501.78 7504.33
7514.86 7509.5 7512.32 7542.58 7558.33 7553.25 7547.04 7545.24 7532.3 7563.16 7585.4 7575.39 7559.73 7551.63 7537.23 7524.4 7536.85 7549.83 7603 7586.39 7561.73 7531.56 7542.98 7557.93 7561.51 7558.98 7558.72 7549.89 7552.43 7556.28 7577.31 7601.43 7617.7 7588.26 7571.27 7552.22 7540.49 7550.52 7496.07 7485.51 7534.76 7565.34 7536.78 7505.45 7495.71 7479.71 7493.82 7530.08 7541.13 7598.55 7568.42 7552.46 7606.29 7605.49 7585.29 7579.01 7586.99 7594.76 7543.32 7511.03 7512.68 7525.6 7522.32 7526.4 7514.33 7508.69 7505.43 7500.9
7526.94 7520.67 7518.13 7529.18 7544.16 7569.12 7554.07 7550.83 7555.16 7549.34 7572.72 7589.41 7572.87 7554.19 7555.66 7543.07 7562.66 7566.71 7574.05 7565.93 7553.35 7553.14 7571.29 7573.09 7566.66 7596.17 7583.13 7575.76 7597.88 7577.35 7580.55 7583.19 7581.63 7567.66 7561.11 7527.85 7586.53 7567.77 7500.2 7486.99 7490.47 7501.85 7521.97 7515.76 7557.5 7597.92 7606.46 7613 7572.38 7587.32 7605.87 7642.44 7619.16 7607.67 7610.08 7605.95 7607.81 7606.74 7570.53 7595.42 7572.14 7601.5 7586.78 7568.45 7559.54 7558.61 7558.22 7573.91
7552.76 7540.75 7531.31 7547.91 7559.19 7579.42 7570.88 7553.42 7542.08 7543.56 7553.08 7555.09 7564.12 7544.37 7562.99 7568.66 7590.9 7559.49 7557.87 7554.61 7544.71 7557.45 7550.79 7560.72 7558.21 7588.3 7600.64 7612.23 7601.3 7606.31 7580.9 7572.59 7565.5 7570.92 7528.57 7522.27 7557.73 7535.99 7512.11 7494.57 7487.76 7500.54 7531.5 7562.04 7568.23 7590.19 7606.81 7555.7 7551.01 7556.32 7586.38 7625.07 7601.41 7619.66 7637.83 7644.19 7612.73 7634.67 7634.1 7616.49 7580.1 7605.23 7574.58 7534.3 7527.23 7507.67 7537.77 7558.79
7555.44 7556.48 7559.72 7560.4 7561.8 7571.14 7577.59 7557.98 7542.16 7568.96 7584.39 7577.98 7564.97 7566.09 7636.31 7672.15 7667.02 7657.5 7616.76 7585.93 7563.74 7551.37 7559.64 7568.51 7557.6 7571.52 7586.17 7609.87 7583.83 7596.56 7588.72 7574.68 7556.48 7535 7522.75 7501.9 7497.71 7511.56 7515.48 7540.66 7510.53 7507.21 7535.33 7546.55 7567.77 7542.65 7512.43 7542.66 7572 7577.63 7563.33 7560.89 7597.39 7585.99 7670.71 7711.42 7785.31 7685.9 7635.17 7681.58 7652.11 7571.78 7575.97 7551.73 7496.57 7500.53 7509.05 7518.61
7590.77 7574.95 7590.74 7580.93 7574.66 7578.86 7574.58 7564.92 7548.09 7536.13 7537.85 7545.23 7563.76 7593.84 7619.6 7617.29 7697.17 7720.1 7688.22 7655.26 7632.26 7586.86 7557.71 7576.58 7572.11 7574.52 7606.08 7600.27 7580.42 7572.04 7565.1 7549.8 7533.41 7515.45 7504.24 7489.6 7501.76 7501.55 7500.41 7495.72 7486.43 7519.03 7540.92 7560.98 7520.34 7535.24 7578.75 7605.75 7607.06 7574.35 7665.11 7649.19 7679.62 7700.64 7676.88 7669.88 7711.06 7649.99 7612.05 7575.5 7562.6 7570.99 7532.99 7519.24 7580.78 7495.2 7494.13 7494.56
7579.86 7581.35 7571.69 7563.33 7557.22 7552.95 7552.4 7561.38 7563.73 7560.29 7560.55 7551.05 7535.43 7535.69 7553.34 7591.89 7588.56 7622.39 7668.72 7675.53 7671.56 7619.92 7606.42 7599.14 7591.75 7584.83 7601.38 7597.08 7603.02 7587.64 7577.38 7543.26 7508.55 7502.15 7495.84 7512.62 7503.18 7494.1 7494.48 7518.67 7550.78 7566.64 7531.6 7509.85 7546.1 7530.58 7558.43 7533.71 7585.02 7653.01 7611.32 7609.52 7597.87 7602.36 7611.66 7654.5 7616.53 7643.66 7589.17 7622.5 7588.21 7578.92 7596.42 7528.16 7535.32 7539.23 7482.1 7489.48
7569.41 7571.48 7573.26 7562.1 7566.02 7569.62 7580.74 7586.34 7578.39 7570.39 7566.88 7561.4 7565.14 7556.49 7546.22 7558.52 7559.18 7573.89 7627.5 7622.39 7647.62 7659.05 7635.76 7668.9 7688.04 7646.74 7626.37 7612.66 7598.63 7566.73 7552.35 7528.34 7526.36 7522.21 7522.59 7515.51 7507.68 7495.63 7501.35 7505.63 7519.35 7536.93 7503.99 7531.71 7530.48 7492.55 7518.14 7588.59 7565.26 7560.62 7564.43 7555.19 7626 7671.81 7637.3 7562.65 7569.89 7546.68 7529.73 7562.44 7567.74 7540.17 7518 7508.11 7531.52 7505.2 7477.4 7479.54
7593.31 7587.66 7589.17 7594.67 7592.98 7591.44 7588.3 7577.36 7586.67 7590.09 7588.66 7587.41 7580.7 7575.92 7569.82 7562.74 7552.87 7584.41 7601.14 7585.78 7615.9 7654.46 7635.37 7631.86 7666.25 7691.45 7682.27 7664.4 7582.82 7543.74 7523.26 7523.37 7521.5 7514.31 7526.77 7518.97 7511.22 7498.52 7503.74 7541.28 7526.96 7506.31 7498.37 7512.74 7502.42 7547.14 7551.79 7566.52 7562.32 7612.98 7587.46 7633.64 7609.25 7558.01 7539.63 7540.2 7539.06 7517.96 7535.85 7535.86 7509.17 7520.19 7523.15 7508.89 7544.18 7503.18 7495.36 7483.45
7609.54 7603.78 7607.55 7602.42 7598.67 7594.5 7592.35 7594.43 7598.42 7597.33 7585.3 7580.76 7581.97 7580.79 7574.19 7557.96 7570.06 7573.48 7571.72 7559.26 7540.98 7543.86 7542.52 7554.17 7589.51 7608.64 7621.17 7588.71 7569.14 7564.58 7522.55 7511.41 7518.67 7533.21 7507.14 7504.53 7503.23 7499.79 7541.46 7526.96 7503.92 7497.84 7498.47 7508.3 7508.11 7510.12 7516.79 7527.85 7542.54 7549.51 7557.49 7589.41 7545.39 7521.86 7515.26 7525.65 7519.2 7508.64 7520.18 7511.14 7506.06 7507.21 7504.11 7528.03 7517.76 7489.56 7486.72 7486.82
7627.47 7629.71 7627.04 7622.58 7618.94 7614.46 7615.74 7618.57 7619.73 7603.18 7605.97 7599.99 7589.56 7593.17 7592.88 7616.74 7624.32 7622.32 7588.58 7570.19 7564.11 7560.89 7542.34 7545.49 7537.04 7539.14 7531.89 7526.15 7540.16 7543.57 7551.85 7569.49 7571.02 7545.07 7515.95 7511.28 7509.04 7509.02 7509.24 7501.09 7499.09 7497.31 7496.53 7496.44 7498.94 7503.2 7515.28 7507.03 7510.49 7500.68 7528.09 7516.41 7511.26 7518.05 7538.52 7561.79 7545.06 7547.9 7569.62 7577.81 7511.02 7499.02 7501.21 7492.53 7490.8 7493.1 7491.3 7491.95
7658.78 7658.91 7635.91 7650.73 7645.53 7653.15 7642.59 7616.87 7604.49 7607.76 7624.4 7623.01 7602.81 7588.5 7613.47 7624.27 7630.27 7582.83 7569.44 7579.16 7557.84 7543.85 7557.25 7559.52 7562.12 7595.85 7559.73 7614.91 7606.05 7591.48 7638.5 7615.55 7576.85 7542.59 7528.93 7531.43 7514.71 7513.28 7506.81 7504.27 7502.86 7501.42 7500.29 7499.59 7499.89 7504.19 7518.97 7509.57 7506.7 7574.94 7535.22 7524.57 7537.92 7547.09 7537.53 7571.05 7538 7536.59 7548.33 7551.32 7512.06 7496.84 7494.89 7494.66 7495.95 7499.06 7499.69 7502.32
7692.31 7679.73 7652.25 7653.15 7631.33 7645.66 7645.67 7604.92 7566.46 7606.54 7585.82 7589.03 7595.1 7508.29 7573.75 7609.74 7529.3 7533.54 7511.49 7585.8 7558.15 7503.67 7599.84 7600.82 7561.57 7567.27 7659.53 7666.28 7694.56 7662.64 7573.67 7631.78 7585.06 7551.97 7529.54 7514.75 7505.51 7507.09 7506.81 7506.01 7505.85 7505.28 7503.68 7502.99 7503.65 7506.49 7507.01 7509.68 7514.37 7525.83 7522.52 7530.67 7531.36 7519.22 7531.16 7533.89 7522.04 7513.43 7512.35 7504.94 7500 7499.26 7498.71 7498.46 7500.35 7506.09 7509.45 7513.5
7670.11 7655.95 7598.58 7610.86 7619.69 7651.91 7677.95 7706.49 7612.06 7571.09 7595.96 7649.51 7542.53 7515.69 7510.22 7554.65 7668.31 7519.98 7547.61 7671.23 7700.32 7684.91 7579.67 7558.65 7547.12 7609.96 7600.59 7657.31 7725.76 7658.69 7713.71 7655.85 7622.17 7642.33 7595.95 7551.47 7518.24 7512.59 7510.94 7510.58 7509.75 7512.2 7515.4 7515.61 7516.14 7519.91 7533.26 7539.08 7535.58 7544.39 7510.85 7534.09 7532.63 7516.48 7510.36 7506.18 7505.1 7506.44 7504.14 7502.95 7502.67 7502.62 7502.47 7502.46 7506.46 7517.77 7516.91 7519.38
7650.84 7615.44 7611.04 7623.89 7662.43 7678.08 7570.84 7551.84 7561.99 7603.93 7640.56 7656.86 7584.43 7725.69 7667.8 7663.28 7654.59 7731.63 7715.7 7591.06 7607.64 7713.19 7703.82 7694.78 7702.73 7679.31 7683.21 7627.43 7637.6 7733.12 7717.58 7711.21 7661.08 7630.8 7579.45 7553.06 7535.44 7525.73 7519.27 7518 7517.06 7523.63 7531.68 7535.61 7543.93 7547.72 7561.57 7532.1 7529.05 7539.47 7515.13 7521.64 7535.81 7521.96 7512.74 7509.29 7506.97 7506.12 7506.29 7506.45 7506.73 7506.53 7506.2 7506.84 7509.81 7511.41 7514.62 7516.98
7568.7 7530.08 7590.44 7591.65 7648.98 7590.68 7735.08 7591.48 7742.75 7618.88 7550.69 7607.75 7542.01 7615.81 7585.88 7622.24 7699.98 7751.44 7723.4 7791.43 7780.32 7794.33 7753.47 7774.61 7767.9 7675.93 7710.81 7684.6 7663.04 7694.93 7633.94 7616.35 7592.04 7584.35 7591.24 7558.59 7543.63 7530.98 7530.15 7523.53 7527.84 7551.49 7587.15 7595.27 7566.78 7537.18 7530.2 7532.87 7522.84 7517.92 7514.33 7516.33 7522.27 7530.71 7518.43 7512.72 7510.53 7509.93 7509.71 7510.29 7510.16 7510.2 7510.28 7510.94 7511.64 7512.88 7514.12 7516.74
7633.58 7643.62 7889.57 7679.18 7629.31 7825.33 7614.48 7610.91 7818.88 -9999 7885.96 7813.39 7831.99 7750.74 7706.55 7725.02 7767.17 7709.1 7728.89 7739.27 7710.1 7718.81 7709.29 7784.18 7708.65 7775.28 7655.84 7641.72 7628.44 7623.57 7600.09 7587.56 7572.31 7568.88 7560.84 7552.23 7542.02 7544.37 7534.19 7528.96 7541.36 7578.85 7598.18 7568.5 7535.22 7532.02 7523.07 7524.59 7524.67 7519.26 7517.6 7517.88 7524.93 7529.69 7523.32 7517.24 7514.7 7514.37 7514.21 7513.87 7513.92 7513.99 7514.28 7514.92 7515.78 7516.51 7518.54 7526.34
