resultados/variables/sun_rad_maximum.asc
ncols 330
nrows 228
xllcorner -12.000000
yllcorner 34.000000
cellsize 0.166667
NODATA_value -9999
[rows 60 to 89 of 228, columns 136 to 203 of 330]
7182.97 7051.87 7056.11 7193.36 7179.72 7123.92 7132.16 7134.44 7138.36 7127.37 7112.99 7101.1 7128.87 7154.11 7141.76 7200.21 7154.54 7126.52 7097.62 7092.27 7069.22 7058.51 7059.32 7047.94 7067.02 7057.34 7046.55 7014.06 7010.6 7012.26 7008.62 6985.88 7025.19 6996.94 6987.92 6995.76 6985.13 6979.23 6956.32 6951.47 -9999 -9999 -9999 -9999 -9999 -9999 -9999 -9999 -9999 -9999 -9999 -9999 -9999 -9999 -9999 -9999 -9999 -9999 -9999 -9999 -9999 -9999 -9999 -9999 -9999 6948.43 6952.42 6957.05
7081.76 7120.61 7096.38 7130.68 7147.56 7158.22 7138.52 7119.35 7177.09 7137.9 7131.87 7119.47 7105.37 7078.51 7087.5 7106.37 7133.94 7121.06 7106.59 7099 7082.08 7084.19 7085.17 7068.62 7057.64 7058.61 7059.04 7056.08 7047.04 7021.95 6987.09 6984.83 6982.59 6998.17 6987.37 6951.68 6950.59 6967.37 6961.63 6948.98 -9999 -9999 -9999 -9999 -9999 -9999 -9999 -9999 -9999 -9999 -9999 -9999 -9999 -9999 -9999 -9999 -9999 -9999 -9999 -9999 -9999 -9999 -9999 -9999 -9999 6948 6954.45 6956.47
7157.44 7069.27 7089.27 7035.46 7168.15 7163.81 7161.4 7155.36 7135.48 7212.77 7167.2 7178.16 7140.62 7104.87 7098.96 7090.08 7104.06 7141.56 7141.69 7148.63 7135.93 7107.79 7121.15 7109.3 7099.32 7066.56 7043.84 7035.05 7036.13 -9999 7047.31 7057.02 7023.57 6988.1 7008.99 7020.66 7003.73 6973.49 -9999 -9999 -9999 -9999 -9999 -9999 -9999 -9999 -9999 -9999 -9999 -9999 -9999 -9999 -9999 -9999 -9999 -9999 -9999 -9999 -9999 -9999 -9999 -9999 -9999 -9999 -9999 -9999 6960.17 6966.21
7217.91 7125.23 7042.89 7071.9 7142.63 7120.12 7141.12 7154.61 7106.31 7148.82 7167.69 7138.81 7167.82 7127.29 7088.11 7094.28 7108.88 7105.62 7121.64 7111.94 7109.81 7135.91 7111.94 7106.71 7088.63 7052.11 7042.29 7034.53 7020.46 7036.33 7018.64 7010.57 7016.16 7031.02 7006.32 7021.72 7002.08 6976.54 6962.67 -9999 -9999 -9999 -9999 -9999 -9999 -9999 -9999 -9999 -9999 -9999 -9999 -9999 -9999 -9999 -9999 -9999 -9999 -9999 -9999 -9999 -9999 -9999 -9999 -9999 -9999 6961.92 6961.53 6964.4
7210.94 7233.99 7187.77 7058.17 7074.14 7127.22 7097.25 7108.68 7172.95 7107.54 7131.73 7140.77 7121.85 7113.04 7078.95 7094.92 7095.87 7092.04 7081.66 7086.37 7080.02 7100.83 7111.5 7095.57 7082.55 7061.09 7038.31 7064.02 7047.95 7039.67 7040.06 7022.16 7006.74 6990.26 6976.82 6983.11 6986.56 -9999 6968.84 -9999 -9999 -9999 -9999 -9999 -9999 -9999 -9999 -9999 -9999 -9999 -9999 -9999 -9999 -9999 -9999 -9999 -9999 -9999 -9999 -9999 -9999 -9999 -9999 -9999 -9999 6966.5 6975.73 6973.52
7196.35 7173.68 7178.29 7104.05 7046.93 7084.3 7136.9 7129.2 7127.22 7116.86 7091.79 7091.37 7087.73 7135.92 7166.39 7113.72 7108.6 7090.87 7096.27 7102.22 7066.3 7056.6 7035.57 -9999 7065.66 7066.49 7047.42 7050.96 7068.68 7044.51 7049.02 7071.13 7074.69 7062.41 7050.87 7032.73 6999.22 6990.88 6977.6 -9999 -9999 -9999 -9999 -9999 -9999 -9999 -9999 -9999 -9999 -9999 -9999 -9999 -9999 -9999 -9999 -9999 -9999 -9999 -9999 -9999 -9999 -9999 -9999 -9999 -9999 6981.16 6983.25 6985.35
7067.92 7106.29 7153.53 7169.17 7072.53 7079.98 7083.36 7106.98 7113.41 7111.54 7073.41 7067.86 7133.37 7116.8 7119.6 7106.46 7122.09 7113.39 7086.98 7074.18 7092.84 7081.72 7034.67 7023.38 -9999 7051.38 7053.76 7046.14 7047.69 7065.24 7054.19 7092.01 7072.96 7052.13 7042.02 7023.15 7003.68 6995.01 6984.71 -9999 -9999 -9999 -9999 -9999 -9999 -9999 -9999 -9999 -9999 -9999 -9999 -9999 -9999 -9999 -9999 -9999 -9999 -9999 -9999 -9999 -9999 -9999 -9999 -9999 6983.88 6986.19 6990.46 6995.24
7048.27 -9999 7035.59 7046.68 7060.31 7052.51 7048.95 7097.03 7097.33 7081.85 7097.6 7113.46 7070.79 7104.53 7130.54 7127.25 7094.17 7106.08 7099.16 7070.17 7068.29 7073.98 7106.57 7065.24 7037.54 7034.36 7052.27 7067.01 7073.56 7054.84 7037.41 7039.45 7074.56 7069.16 7054.97 7034.2 7015.98 7006.75 7000.14 6988.94 -9999 -9999 -9999 -9999 -9999 -9999 -9999 -9999 -9999 -9999 -9999 -9999 -9999 -9999 -9999 -9999 -9999 -9999 -9999 -9999 -9999 -9999 -9999 -9999 -9999 6990.53 6992.9 6996.95
7089.2 7069.12 7048.56 7044.52 7096.9 7139.14 7092.79 7042.15 7053.7 7065.77 7105.77 7119 7107.06 7094.21 7080.81 7119.16 7128.92 7111.51 7092.66 7107.03 7090.6 7092.11 7079.94 7088.67 7080.44 7067.22 7041.79 7055.16 7054.29 7037.2 7035.69 7057.97 7053.44 7051.51 7031.25 7016.76 7010.3 7009.77 7003.27 6999.74 6995.96 6995.33 -9999 6995.02 -9999 -9999 -9999 -9999 -9999 -9999 -9999 -9999 -9999 -9999 -9999 -9999 -9999 -9999 -9999 -9999 -9999 -9999 -9999 6995.11 -9999 -9999 -9999 6998.74
7170.05 7124.66 7092.69 7064.89 7081.77 7057.52 7112.83 7069.52 7050.84 7093.92 7099.15 7099.81 7115.76 7090.11 7076.76 7066.8 7116.17 7124.41 7101.75 7082.26 7085.87 7069.09 7067.76 7071.96 7065.42 7068.37 7098.89 7079.28 7043.45 7030.31 7037.34 7050.97 7039.45 7043.35 7039.12 7024.69 7024.14 7022.04 7018.71 7011.99 7009.63 7005.47 7005.19 7003.85 7002.01 -9999 -9999 -9999 -9999 -9999 -9999 -9999 -9999 -9999 -9999 -9999 -9999 -9999 -9999 -9999 -9999 -9999 -9999 -9999 -9999 -9999 -9999 7004.88
7134.05 7129.47 7071.92 7064.1 7095.79 7076.21 7065.74 7088.25 7069.77 7094.99 7098.49 7102.71 7063.78 7068.93 7066.06 7101.99 7075.24 7089.81 7106.14 7119.18 7108.23 7127.81 7104.59 7092.85 7092.05 7076.45 7083.8 7089.74 7073.44 7077.04 7068.77 7046.32 7047.37 7064.89 7050.39 7046.4 7030.41 7028.87 7030.75 7028.17 7022.09 7024.85 7021.32 7020.99 7017.94 7013.14 -9999 -9999 -9999 -9999 -9999 -9999 -9999 7009.92 -9999 7012.61 7019.23 7011.6 -9999 -9999 -9999 -9999 -9999 -9999 -9999 7007.24 -9999 -9999
7117.62 7094.97 7061.89 7068.49 7053.81 7066.88 7098.96 7109.16 7076.26 7095.12 7084.79 7119.44 7095.09 7063.69 7050.05 7086.15 7078.51 7081.93 7077.22 7091.92 7103.95 7099.57 7118.1 7120.13 7098.99 7088.34 7074.81 7059.22 7061.18 7051.57 7073.54 7069.38 7058.12 7043.61 7041.38 7038.06 7037.73 7036.42 7032.43 7029.33 7031.47 7027.84 7029.29 7031.38 7026.02 7023.41 7022.6 -9999 7018.45 -9999 -9999 -9999 -9999 -9999 -9999 -9999 7018.23 7016.75 -9999 -9999 -9999 -9999 -9999 -9999 -9999 -9999 -9999 -9999
7075.63 7078.87 7059.35 7068.26 7084.22 7092.25 7099.95 7092.31 7073.93 7074.73 7074.36 7092.5 7093.96 -9999 7061.81 7064.18 7082.85 7063.29 7090.03 7114.08 7105.14 7096.86 7093.26 7101.05 7106.17 7096.1 7112.01 7108.14 7088.45 7081.94 7061.79 7060.76 7053.6 7048.15 7052.37 7045.94 7044.27 7045.23 7050.54 7044.34 7037.22 7031.68 7037.61 7032.16 7030.21 7031.34 7033.35 7032.95 7032.87 -9999 -9999 -9999 -9999 -9999 -9999 -9999 -9999 -9999 -9999 -9999 -9999 7023.44 -9999 -9999 -9999 -9999 -9999 -9999
7043.51 7087.8 7095.4 7078.51 7086.02 7085.14 7093.83 7103.18 7078.16 7060.15 7063.66 7077.74 7102.61 7112.93 7069.82 7073.74 7074.76 7079.61 7090.54 7097.96 7085.5 7102.44 7097.78 7088.4 7084.59 7094.69 7077.66 7099.1 7088.17 7079.04 7068.61 7064.06 7061.46 7057.99 7050.54 7048.16 7049.35 7046.02 7043.56 7043.52 7040.34 7039.68 7038.38 7040.25 7040.79 7040.51 7038.64 7035.84 7036.99 -9999 -9999 -9999 -9999 -9999 -9999 -9999 -9999 -9999 -9999 -9999 -9999 -9999 -9999 -9999 -9999 -9999 -9999 -9999
7064.13 7072.44 7077.11 7082.95 7080.52 7090.03 7099.13 7091.4 7100.38 7100.71 7081.86 7050.8 7067.17 7061 7072.62 7066.99 7062.08 7067.12 7079.45 7090.8 7091.97 7090.17 7105.9 7095.72 -9999 7086.06 7079.99 7066.58 7069.71 7066.64 7063.1 7061.19 7058.44 7054.64 7050.02 -9999 7048.05 7045.7 7045.93 7046.03 7044.01 7045.32 7043.72 7046.59 7046.29 7048.5 7056.15 7050.31 -9999 -9999 -9999 -9999 -9999 -9999 -9999 -9999 -9999 -9999 -9999 -9999 -9999 -9999 -9999 -9999 -9999 -9999 -9999 -9999
7058.93 7067.62 7087.89 7069.62 7095.68 7098.97 7090.29 7086.02 7091.82 7117.24 7102.45 7093.43 7074.65 7069.32 7075.18 7072.54 7067.83 7068.1 7067.08 7075.1 7088.32 7080.85 -9999 7105.5 7099.6 7094.39 7080.42 7063.76 7062.4 7059.54 7057.5 7051.58 7048.89 7049.05 7048.17 7044.9 7045.5 7046.18 7047.65 7047.73 -9999 7048.42 7051.66 7053.01 7051.83 -9999 -9999 -9999 -9999 -9999 -9999 -9999 -9999 -9999 -9999 -9999 -9999 -9999 -9999 -9999 -9999 -9999 -9999 -9999 -9999 -9999 -9999 -9999
7056.78 7063.2 7064.28 7081.01 7091.48 7102.55 7091.97 7085.01 7090.4 7090.57 7098.43 7096.07 7076.34 7083.42 7069.08 -9999 -9999 -9999 -9999 -9999 7071.76 7094.15 7091.53 7092.78 7111.26 7097.91 7068.04 7064.57 7062.33 -9999 7062.34 -9999 -9999 7061.22 7063.36 7068.75 7068.6 7066.31 7062.59 7057.78 7054.63 7056.21 7056.73 7057.63 7057.78 7058.48 -9999 -9999 -9999 -9999 -9999 -9999 -9999 -9999 -9999 -9999 -9999 -9999 -9999 -9999 -9999 -9999 -9999 -9999 -9999 -9999 -9999 -9999
-9999 -9999 -9999 7073.34 7082.72 7103.03 7104.52 7101.48 7101.47 7097.35 7104.67 7096.68 7087.7 7077.94 7080.86 -9999 -9999 -9999 -9999 -9999 7076.4 7090.45 7091.29 7093.34 7079.38 7071.93 7073.71 7070.33 7070.47 7070.55 7072.13 7070.47 7073.86 7081.12 7080.92 7076.68 7072.5 7075.65 7073.92 7070.16 7076.58 7070.64 -9999 7079.54 7074.4 -9999 7063.2 -9999 -9999 -9999 -9999 -9999 -9999 -9999 -9999 -9999 -9999 -9999 -9999 -9999 -9999 -9999 -9999 -9999 -9999 -9999 -9999 -9999
-9999 -9999 -9999 7076.03 7088.71 7111.52 7121.15 7111.33 7108.04 7097.79 7103.98 7091.95 -9999 -9999 -9999 7082.26 -9999 -9999 -9999 -9999 7087.28 -9999 7105.26 7103.49 7108.24 7105.55 7101.04 7108.25 7100.66 7098.33 7088.29 7085.54 7079.92 7080.74 7079.02 7078.15 7078.31 7077.92 7076.08 7079.64 7076.22 7072.06 -9999 7074.04 -9999 -9999 -9999 -9999 -9999 -9999 -9999 -9999 -9999 -9999 -9999 -9999 -9999 -9999 -9999 -9999 -9999 -9999 -9999 -9999 -9999 -9999 -9999 -9999
-9999 -9999 -9999 7081.66 7106.89 7104.71 7118.4 7114.58 7119.54 7127.75 7099.04 -9999 -9999 -9999 -9999 -9999 -9999 -9999 -9999 7089.82 7100.19 7114.4 7112.94 7121.07 7119.34 -9999 7121.19 7112.93 7103.25 7096.86 7093.44 7094.38 7098.57 7105.84 7093.78 7082.44 7081.08 7084.42 -9999 7081.78 -9999 -9999 -9999 -9999 -9999 -9999 -9999 -9999 -9999 -9999 -9999 -9999 -9999 -9999 -9999 -9999 -9999 -9999 -9999 -9999 -9999 -9999 -9999 -9999 -9999 -9999 -9999 -9999
-9999 -9999 -9999 -9999 7100.61 7112.73 7116.23 7118.76 7123.11 7116.69 7099.64 -9999 -9999 -9999 7095.36 -9999 7100.38 7098.86 7099.72 7101.97 7107.92 7112.29 7119.38 -9999 -9999 7111.27 7116.62 7109.16 7104.1 7109.92 7104.15 7093.56 7099.12 7085.81 7088.04 7094.98 -9999 -9999 -9999 -9999 -9999 -9999 -9999 -9999 -9999 -9999 -9999 -9999 -9999 -9999 -9999 -9999 -9999 -9999 -9999 -9999 -9999 -9999 -9999 -9999 -9999 -9999 -9999 -9999 -9999 -9999 -9999 -9999
-9999 -9999 -9999 7090.04 -9999 -9999 7121.48 7122.23 7111.96 7108.24 -9999 7100.02 7102.48 7106.11 7106.59 7106.33 7114.76 7120.2 7138.01 7114.72 7119.59 7128.97 -9999 -9999 7113.15 7115.86 7117.07 7112.29 7108.82 7098.93 7100.15 7102.53 7103.48 7101.87 7096.89 7094.93 -9999 -9999 -9999 -9999 -9999 -9999 -9999 -9999 -9999 -9999 -9999 -9999 -9999 -9999 -9999 -9999 -9999 -9999 -9999 -9999 -9999 -9999 -9999 -9999 -9999 -9999 -9999 -9999 -9999 -9999 -9999 -9999
-9999 -9999 -9999 -9999 -9999 -9999 -9999 7107.68 7122.27 7114.98 7116.57 7113.93 7116.65 7118.05 7116.4 7122.21 7129.48 7138.88 7150.12 7133.59 7132.2 7134.7 -9999 -9999 7127.27 7129.69 7130.71 7127.81 7123.72 7124.63 7121.38 7120.15 7118.65 7116.38 -9999 7109.8 -9999 -9999 -9999 -9999 -9999 -9999 -9999 -9999 -9999 -9999 -9999 -9999 -9999 -9999 -9999 -9999 -9999 -9999 -9999 -9999 -9999 -9999 -9999 -9999 -9999 -9999 -9999 -9999 -9999 -9999 -9999 -9999
-9999 -9999 -9999 -9999 -9999 -9999 -9999 7119.27 7125.7 7122.19 7129.51 7128.64 7129.4 7130.58 7135.9 7145.83 7158.03 7163.79 7169.38 7150.3 7166.71 -9999 -9999 7148.48 7158.94 7156.61 7145.96 7152.48 7158.03 7147.42 7132.85 7141.04 7136.69 7127.68 7117.87 7113.76 -9999 -9999 -9999 -9999 -9999 -9999 -9999 -9999 -9999 -9999 -9999 -9999 -9999 -9999 -9999 -9999 -9999 -9999 -9999 -9999 -9999 -9999 -9999 -9999 -9999 -9999 -9999 -9999 -9999 -9999 -9999 -9999
-9999 -9999 -9999 -9999 -9999 -9999 -9999 7129.86 7124.19 7134.63 -9999 7140.27 7148.38 7156.24 7164.49 7171.43 7169.82 7176.08 7180.4 7190.71 7159.2 -9999 7155.2 7175.24 7167.28 7171.63 7170.85 7157.7 7158.25 7153.31 7145.91 7143.01 7146.41 7133.85 7120.04 -9999 -9999 -9999 -9999 -9999 -9999 -9999 -9999 -9999 -9999 -9999 -9999 -9999 -9999 7109.02 7110.61 -9999 -9999 -9999 -9999 -9999 -9999 -9999 -9999 -9999 -9999 -9999 -9999 -9999 -9999 -9999 -9999 -9999
-9999 -9999 -9999 -9999 -9999 -9999 -9999 7123.22 7139.45 7135.91 7149.02 7165.62 7180.22 7174.05 7184.14 7188.92 7184.12 7204.17 7200.48 7185.75 7168.02 7159.77 7188.37 7194.66 7190.75 7190.55 7188.34 7182.26 7176.33 7169.07 7154.75 7161.74 7152.65 7144.03 7131.03 7120.44 -9999 -9999 -9999 -9999 -9999 -9999 -9999 -9999 -9999 -9999 7117.21 7125.59 7123.36 7123.33 -9999 -9999 -9999 -9999 -9999 -9999 -9999 -9999 -9999 -9999 -9999 -9999 -9999 -9999 -9999 -9999 -9999 -9999
-9999 -9999 -9999 -9999 -9999 -9999 -9999 -9999 7142.82 7160.71 7154.61 7158.88 7167.22 7165.25 7180.74 7174.91 7182.59 7199.95 7197.59 7198.38 7195.4 7190.08 7206.7 7215.98 7207.87 7185.9 7187.29 -9999 7183.92 7179.16 7167.97 7162.31 7157.64 7148.14 7137.33 -9999 -9999 -9999 -9999 -9999 -9999 -9999 -9999 -9999 -9999 7129.74 7138.96 7134.51 7127.02 -9999 -9999 -9999 -9999 -9999 -9999 -9999 -9999 -9999 -9999 -9999 -9999 -9999 -9999 -9999 -9999 -9999 -9999 7124.24
-9999 -9999 -9999 -9999 -9999 -9999 -9999 7132.55 -9999 7146.97 7153.76 7148.07 7162.7 7181.98 7180.87 7185.55 7191.06 7191.94 7199.88 7208.51 7194.8 7194.5 7208.42 7214.74 7203.41 7195.24 7192.77 7194 7188.12 7178.77 7176.71 7168.33 7162.52 7152.52 7144.51 7137.07 -9999 -9999 -9999 -9999 -9999 -9999 -9999 -9999 -9999 7137.63 7141.6 7141.17 7135.8 -9999 -9999 -9999 -9999 -9999 -9999 -9999 -9999 -9999 -9999 -9999 -9999 -9999 -9999 -9999 -9999 7131.49 7138.02 7138.79
-9999 7137.93 -9999 -9999 -9999 -9999 -9999 -9999 -9999 7148.28 7154.65 7161.47 7185.1 7187.34 7180.93 7187.15 7194.43 7186.68 7193.84 7188.94 7188.4 7190.85 7198.24 7202.46 7205.76 7205.92 7207.63 7203.52 7193.46 7186.06 7176.56 7169.13 7170.29 7158.28 7148.78 -9999 -9999 -9999 -9999 -9999 -9999 -9999 -9999 -9999 -9999 7147.3 7150.39 7144.67 -9999 -9999 -9999 -9999 -9999 -9999 -9999 -9999 -9999 -9999 -9999 -9999 -9999 -9999 -9999 -9999 -9999 7139 7142.56 7147.37
-9999 -9999 -9999 -9999 -9999 -9999 -9999 -9999 -9999 -9999 7157.69 7174.28 7178.38 7186.29 7188 7187.15 7192.03 7193.64 7189.55 7194.21 7190.81 7200.08 7205.68 7210.47 7206.86 7209.22 7209.78 7224.24 7214.35 7203.36 7193.15 7180.63 7167.95 7160.66 7150.27 -9999 -9999 7145.54 -9999 -9999 -9999 -9999 -9999 -9999 -9999 7146.31 -9999 -9999 -9999 -9999 -9999 -9999 -9999 -9999 -9999 -9999 -9999 -9999 -9999 -9999 -9999 -9999 -9999 -9999 7145.36 7147.41 7151.5 7156.91
