resultados/variables/sun_rad_minimum.asc
ncols 330
nrows 228
xllcorner -12.000000
yllcorner 34.000000
cellsize 0.166667
NODATA_value -9999
[rows 160 to 191 of 228, columns 0 to 72 of 330]
-9999 -9999 -9999 -9999 -9999 -9999 -9999 -9999 -9999 -9999 -9999 -9999 -9999 -9999 -9999 -9999 -9999 -9999 -9999 -9999 -9999 -9999 -9999 -9999 -9999 -9999 -9999 -9999 -9999 -9999 -9999 -9999 -9999 -9999 -9999 -9999 -9999 -9999 -9999 -9999 -9999 -9999 -9999 -9999 -9999 -9999 -9999 -9999 -9999 -9999 -9999 -9999 -9999 -9999 -9999 -9999 -9999 -9999 -9999 -9999 -9999 -9999 -9999 -9999 -9999 1324.36 1322.36 -9999 1332.84 1333.58 1337.67 1346.12 1336.94
-9999 -9999 -9999 -9999 -9999 -9999 -9999 -9999 -9999 -9999 -9999 -9999 -9999 -9999 -9999 -9999 -9999 -9999 -9999 -9999 -9999 -9999 -9999 -9999 -9999 -9999 -9999 -9999 -9999 -9999 -9999 -9999 -9999 -9999 -9999 -9999 -9999 -9999 -9999 -9999 -9999 -9999 -9999 -9999 -9999 -9999 -9999 -9999 -9999 -9999 -9999 -9999 -9999 -9999 -9999 -9999 -9999 -9999 -9999 -9999 -9999 -9999 -9999 -9999 -9999 1343.75 1343.16 1339.97 1349.58 1351.68 1356.77 1352.99 1356.08
-9999 -9999 -9999 -9999 -9999 -9999 -9999 -9999 -9999 -9999 -9999 -9999 -9999 -9999 -9999 -9999 -9999 -9999 -9999 -9999 -9999 -9999 -9999 -9999 -9999 -9999 -9999 -9999 -9999 -9999 -9999 -9999 -9999 -9999 -9999 -9999 -9999 -9999 -9999 -9999 -9999 -9999 -9999 -9999 -9999 -9999 -9999 -9999 -9999 -9999 -9999 -9999 -9999 -9999 -9999 -9999 -9999 -9999 -9999 -9999 -9999 -9999 -9999 -9999 -9999 1361.59 1361.89 1360.68 1356.9 1354.07 1359.96 1370.15 1371.36
-9999 -9999 -9999 -9999 -9999 -9999 -9999 -9999 -9999 -9999 -9999 -9999 -9999 -9999 -9999 -9999 -9999 -9999 -9999 -9999 -9999 -9999 -9999 -9999 -9999 -9999 -9999 -9999 -9999 -9999 -9999 -9999 -9999 -9999 -9999 -9999 -9999 -9999 -9999 -9999 -9999 -9999 -9999 -9999 -9999 -9999 -9999 -9999 -9999 -9999 -9999 -9999 -9999 -9999 -9999 -9999 -9999 -9999 -9999 -9999 -9999 -9999 -9999 -9999 1379.62 1384.95 1384.25 1378.6 1375.13 1392.43 1377.75 1369.69 1375.7
-9999 -9999 -9999 -9999 -9999 -9999 -9999 -9999 -9999 -9999 -9999 -9999 -9999 -9999 -9999 -9999 -9999 -9999 -9999 -9999 -9999 -9999 -9999 -9999 -9999 -9999 -9999 -9999 -9999 -9999 -9999 -9999 -9999 -9999 -9999 -9999 -9999 -9999 -9999 -9999 -9999 -9999 -9999 -9999 -9999 -9999 -9999 -9999 -9999 -9999 -9999 -9999 -9999 -9999 -9999 -9999 -9999 -9999 -9999 -9999 -9999 -9999 -9999 -9999 -9999 1391.05 1397.75 1403.42 1397.48 1394.08 1395.94 1399.4 1404.55
-9999 -9999 -9999 -9999 -9999 -9999 -9999 -9999 -9999 -9999 -9999 -9999 -9999 -9999 -9999 -9999 -9999 -9999 -9999 -9999 -9999 -9999 -9999 -9999 -9999 -9999 -9999 -9999 -9999 -9999 -9999 -9999 -9999 -9999 -9999 -9999 -9999 -9999 -9999 -9999 -9999 -9999 -9999 -9999 -9999 -9999 -9999 -9999 -9999 -9999 -9999 -9999 -9999 -9999 -9999 -9999 -9999 -9999 -9999 -9999 -9999 -9999 -9999 -9999 1414.82 1416.94 1413.21 1417.61 1418.78 1408.82 1420.44 1408.85 1403.48
-9999 -9999 -9999 -9999 -9999 -9999 -9999 -9999 -9999 -9999 -9999 -9999 -9999 -9999 -9999 -9999 -9999 -9999 -9999 -9999 -9999 -9999 -9999 -9999 -9999 -9999 -9999 -9999 -9999 -9999 -9999 -9999 -9999 -9999 -9999 -9999 -9999 -9999 -9999 -9999 -9999 -9999 -9999 -9999 -9999 -9999 -9999 -9999 -9999 -9999 -9999 -9999 -9999 -9999 -9999 -9999 -9999 -9999 -9999 -9999 -9999 -9999 -9999 -9999 1429.51 1429.74 1432.66 1432.18 1431.66 1435.34 1431.93 1441.16 1434.56
-9999 -9999 -9999 -9999 -9999 -9999 -9999 -9999 -9999 -9999 -9999 -9999 -9999 -9999 -9999 -9999 -9999 -9999 -9999 -9999 -9999 -9999 -9999 -9999 -9999 -9999 -9999 -9999 -9999 -9999 -9999 -9999 -9999 -9999 -9999 -9999 -9999 -9999 -9999 -9999 -9999 -9999 -9999 -9999 -9999 -9999 -9999 -9999 -9999 -9999 -9999 -9999 -9999 -9999 -9999 -9999 -9999 -9999 -9999 -9999 -9999 -9999 -9999 -9999 1450.11 1450.05 1457.34 1457.96 1465.19 1466.66 1463.91 1460.16 1463.33
-9999 -9999 -9999 -9999 -9999 -9999 -9999 -9999 -9999 -9999 -9999 -9999 -9999 -9999 -9999 -9999 -9999 -9999 -9999 -9999 -9999 -9999 -9999 -9999 -9999 -9999 -9999 -9999 -9999 -9999 -9999 -9999 -9999 -9999 -9999 -9999 -9999 -9999 -9999 -9999 -9999 -9999 -9999 -9999 -9999 -9999 -9999 -9999 -9999 -9999 -9999 -9999 -9999 -9999 -9999 -9999 -9999 -9999 -9999 -9999 -9999 -9999 -9999 -9999 1469.48 1473.43 1480.19 1476.87 1471.77 1473.4 1478.68 1487.06 1476.19
-9999 -9999 -9999 -9999 -9999 -9999 -9999 -9999 -9999 -9999 -9999 -9999 -9999 -9999 -9999 -9999 -9999 -9999 -9999 -9999 -9999 -9999 -9999 -9999 1447.33 -9999 -9999 -9999 -9999 -9999 -9999 -9999 -9999 -9999 -9999 -9999 -9999 -9999 -9999 -9999 -9999 -9999 -9999 -9999 -9999 -9999 -9999 -9999 -9999 -9999 -9999 -9999 -9999 -9999 -9999 -9999 -9999 -9999 -9999 -9999 -9999 -9999 -9999 1486.56 1494.49 1503.56 1492.72 1486.37 1485.73 1486.61 1488.27 1497.32 1497.24
-9999 -9999 -9999 -9999 -9999 -9999 -9999 -9999 -9999 -9999 -9999 -9999 -9999 -9999 -9999 -9999 -9999 -9999 -9999 -9999 -9999 -9999 -9999 1488.54 1477.52 1457.72 1428.47 1478.62 -9999 -9999 -9999 -9999 -9999 -9999 -9999 -9999 1460.21 -9999 -9999 -9999 -9999 -9999 -9999 -9999 -9999 -9999 -9999 -9999 -9999 -9999 -9999 -9999 -9999 -9999 -9999 -9999 -9999 -9999 -9999 -9999 -9999 -9999 -9999 1505.14 1506.08 1502.6 1495.1 1503.25 1511.75 1504.94 1500.74 1494.5 1514.09
-9999 -9999 -9999 -9999 -9999 -9999 -9999 -9999 -9999 -9999 -9999 -9999 -9999 -9999 -9999 -9999 -9999 -9999 -9999 -9999 -9999 -9999 -9999 1513.27 1538.65 1599.37 1630.31 1494.26 1509.9 1427.69 1459.62 1418.76 1482.42 1484.61 1554.15 1505.62 1543.08 1484.68 1487.72 1479.88 1466.66 1476.76 1450.29 1446.24 -9999 -9999 -9999 -9999 1489.42 1479.64 1479.96 -9999 -9999 -9999 1501.25 1500.09 -9999 -9999 -9999 -9999 -9999 -9999 1498.16 1495.77 1488.7 1506.72 1524.91 1519.52 1522.62 1537.13 1525.53 1513.97 1520.47
-9999 -9999 -9999 -9999 -9999 -9999 -9999 -9999 -9999 -9999 -9999 -9999 -9999 -9999 -9999 -9999 -9999 -9999 1497.68 1503.79 1469.43 1484.61 1495.83 1533.24 1598.63 1590.56 1591.87 1611.24 1538.68 1580.03 1594.61 1614.92 1584.71 1527.03 1509.03 1464.61 1450.75 1530.3 1481.18 1465.52 1432.54 1399.21 1359.22 1418.75 1443.39 1398.43 1458.68 1477.09 1475.1 1464.83 1436.76 1469.11 1531.6 1521.07 1510.59 1498.95 1557.5 1467.63 1493.24 1448.14 1473.62 1448.73 1496.4 1497.89 1557.73 1487.67 1508.66 1525.24 1536.6 1519.15 1559.54 1555.18 1536.07
-9999 -9999 -9999 -9999 -9999 -9999 -9999 -9999 -9999 -9999 -9999 -9999 -9999 -9999 -9999 -9999 -9999 1541.06 1565.28 1550.35 1611.12 1611.42 1580.64 1590.81 1566.32 1571.14 1586.23 1596.86 1574.63 1620.02 1578.1 1566.01 1494.52 1526.53 1511.79 1489.92 1494.01 1454.16 1478.03 1519.76 1610.56 1589.8 1730.46 1560.77 1472.72 1546.64 1552.24 1551.7 1558.3 1598.11 1689.38 1607.91 1531.03 1474.07 1534.32 1500.59 1515.94 1529.86 1544.15 1482.69 1571.56 1613.58 1522.76 1500.75 1448.87 1469.45 1458.25 1442.19 1498.02 1426.28 1422.25 1492.87 1413.57
-9999 -9999 -9999 -9999 -9999 -9999 -9999 -9999 -9999 -9999 -9999 -9999 -9999 -9999 -9999 -9999 -9999 1636.56 1632.6 1610.93 1627.83 1616.93 1632.6 1654.57 1660.2 1617.55 1631.62 1627.98 1624.59 1629.23 1531.46 1628.19 1749.65 1772.37 1684.51 1791.42 1765.16 1681.09 1816.12 1810.99 1758.32 1766.07 1731.34 1793.3 1753.39 1785.67 1708.62 1636.11 1661.1 1659.36 1619.84 1640.6 1638.89 1675.24 1592.45 1697.08 1636.84 1660.98 1520.83 1642.62 1557.53 1653.47 1703.88 1712.18 1683.56 1713.26 1616.73 1558.87 1475.02 1537.08 1444.45 1438.19 1498.5
-9999 -9999 -9999 -9999 -9999 -9999 -9999 -9999 -9999 -9999 -9999 -9999 -9999 -9999 -9999 -9999 -9999 1620.31 1590.64 1672.22 1583.1 1564.42 1564.77 1586.28 1604.52 1668.76 1603.58 1618.32 1614.44 1618.89 1791.12 1800.26 1740.46 1770.69 1846.44 1769.67 1757.71 1779.82 1740.92 1741.09 1724.59 1724.2 1740.68 1802.21 1766.98 1717.3 1668.39 1665.32 1644.78 1637.23 1625.23 1668.88 1663.56 1644.8 1702.45 1594.66 1612.67 1648.43 1755.36 1766.3 1777.61 1644.23 1573.65 1657.73 1728.54 1680.72 1799.39 1864.1 1862.46 1816.72 1903.13 1770.08 1816.7
-9999 -9999 -9999 -9999 -9999 -9999 -9999 -9999 -9999 -9999 -9999 -9999 -9999 -9999 -9999 -9999 -9999 -9999 -9999 1616.72 1632.06 1611.95 1629.28 1668.85 1693.39 1649.55 1712.61 1676.15 1765.69 1684.05 1677.26 1706.14 1658.57 1616.28 1697.61 1742.18 1736.13 1744.06 1716.63 1724.96 1713.8 1724.27 1732.4 1739.87 1725.12 1708.71 1734.14 1743.09 1708.82 1715.54 1720.62 1618.23 1664.66 1686.24 1645.62 1737.36 1748.83 1736.22 1699.49 1669.23 1673.8 1673.33 1751.15 1687.42 1630.66 1725.29 1622.67 1689.44 1707.88 1919.98 1861.72 1983.92 2022.85
-9999 -9999 -9999 -9999 -9999 -9999 -9999 -9999 -9999 -9999 -9999 -9999 -9999 -9999 -9999 -9999 -9999 -9999 -9999 1616.39 1684.26 1705.21 1686.87 1757.74 1764.88 1681.41 1552.3 1576.46 1673.47 1780.97 1609.41 1546.18 1657.72 1672.46 1749.78 1730.52 1733.46 1727.65 1715.51 1698.94 1727.98 1729.15 1740.41 1729.56 1731.85 1724.39 1723.36 1704.69 1731.69 1736.85 1720.5 1685.89 1648.56 1598.17 1593.09 1612.16 1541.61 1596.33 1631.28 1677.69 1668.71 1683.38 1701.98 1718.41 1727.36 1695.66 1750.2 1757.91 1694.32 1616.11 1730.85 1718.76 1723.99
-9999 -9999 -9999 -9999 -9999 -9999 -9999 -9999 -9999 -9999 -9999 -9999 -9999 -9999 -9999 -9999 -9999 -9999 -9999 -9999 1662.33 1736.74 1785 1624.53 1612.79 1663.85 1755.71 1686.77 1627.34 1673.55 1705.22 1700.35 1721.54 1852.6 1761.2 1728.91 1720.84 1734.65 1728.69 1740.06 1740.71 1729.55 1741.06 1745.97 1732.95 1720.92 1711.65 1745.45 1744.56 1726.93 1718.39 1740.74 1693.76 1700.37 1727.01 1638.94 1709.87 1633.54 1644.72 1594.8 1636.71 1676.29 1702.08 1703.94 1728.52 1774.75 1780.97 1764.35 1879.98 1913.1 1885.41 1854.83 1772.42
-9999 -9999 -9999 -9999 -9999 -9999 -9999 -9999 -9999 -9999 -9999 -9999 -9999 -9999 -9999 -9999 -9999 -9999 -9999 1719.06 1660.69 1676.99 1555.22 1623.78 1687.04 1700.31 1732.21 1891.37 1852.62 1753.84 1866.04 1890.71 1841.63 1843.2 1807.67 1776.64 1762.26 1748.02 1747 1747.34 1745.17 1746.92 1751.12 1748.8 1741.92 1761.17 1750.49 1722.5 1736.91 1755.2 1771.85 1765.61 1878.52 1841.76 1656.26 1692.18 1673.27 1744.4 1690.93 1683.41 1702.26 1662.77 1689.43 1710.38 1713.64 1687.09 1682.65 1729.09 1730.08 1745.45 1754.58 1753.34 1780.03
-9999 -9999 -9999 -9999 -9999 -9999 -9999 -9999 -9999 -9999 -9999 -9999 -9999 -9999 -9999 -9999 -9999 -9999 -9999 1632.7 1680 1753.36 1854.13 1727.94 1690.18 1737.77 1747.47 1770.72 1769.47 1826.14 1878.98 1901.87 1811.24 1790.99 1773.24 1739.57 1758.08 1753.49 1761.58 1768.21 1762.19 1762.93 1739.55 1741.03 1774.01 1748.33 1755.67 1770.21 1766.69 1768.47 1786.41 1829.27 1761.11 1826.93 1946.21 1950.45 1954.29 1891.33 1809.62 1780.56 1671.63 1673.91 1674.96 1703.74 1730.45 1751.26 1786.63 1735.68 1710.75 1710.35 1755.38 1740.06 1740.41
-9999 -9999 -9999 -9999 -9999 -9999 -9999 -9999 -9999 -9999 -9999 -9999 -9999 -9999 -9999 -9999 -9999 -9999 -9999 1788.78 1757.72 1739.28 1803.95 1849.88 1842.86 1819.11 1826.63 1703.89 1832.88 1828.84 1749.76 1748.61 1808.11 1789.14 1781.87 1814.58 1778.33 1781.71 1774.39 1769.4 1759.79 1774.29 1791.51 1807.22 1777.85 1781.34 1788.06 1805.84 1812.45 1817.7 1815.89 1811.75 1846.79 1834.82 1849.01 1817.79 1816.51 1809.22 1878.87 1829.45 1787.81 1746.3 1699.67 1712.62 1712.16 1753.46 1783.32 1745.34 1772.49 1730.85 1692.63 1718.37 1739.77
-9999 -9999 -9999 -9999 -9999 -9999 -9999 -9999 -9999 -9999 -9999 -9999 -9999 -9999 -9999 -9999 -9999 -9999 -9999 1756.38 1756.23 1734.94 1749.62 1822.67 1908.11 1786.81 1709.16 1826.18 1786.89 1765.78 1857.51 1839.86 1809.26 1810.3 1825.54 1804.78 1798.67 1804.86 1804.63 1816.71 1822.4 1825.45 1835.35 1805.11 1794.97 1797.98 1800.6 1800.75 1779.03 1754.27 1763.46 1790.73 1805.17 1831.99 1849.68 1863.52 1853.81 1812.52 1811.67 1833.05 1874.71 1829.77 1818.59 1793.1 1737.75 1725.53 1682.62 1727.62 1797.87 1820.86 1806.5 1790.13 1742.61
-9999 -9999 -9999 -9999 -9999 -9999 -9999 -9999 -9999 -9999 -9999 -9999 -9999 -9999 -9999 -9999 -9999 -9999 -9999 1745.32 1765.57 1735.74 1766.26 1854.66 1724.2 1849.41 1858.35 1803.93 1755.9 1797.74 1838.93 1781.59 1752.92 1826.49 1804.29 1802.39 1796.56 1776.92 1778.43 1789.12 1796.4 1798.63 1803.14 1805.6 1824.6 1849.16 1847.08 1830.92 1833.12 1845.09 1852.47 1826.78 1796.59 1774.13 1773.8 1800.21 1806.03 1842.68 1872.19 1892.41 1874.41 1902.56 1818.4 1678.39 1731.23 1743.96 1759.08 1775.9 1746.82 1786.66 1790.19 1791.45 1795.96
-9999 -9999 -9999 -9999 -9999 -9999 -9999 -9999 -9999 -9999 -9999 -9999 -9999 -9999 -9999 -9999 -9999 -9999 -9999 -9999 1763.59 1818.02 1807.35 1753.35 1852.34 1907.68 1916.72 1814.1 1793.44 1771.31 1763.87 1825.18 1837.45 1801.71 -9999 1846.8 1838.08 1833.33 1826.49 1814.39 1834.03 1831.92 1830.31 1825.27 1824.21 1830.13 1838.86 1843.14 1839.75 1846.07 1766.17 1752.61 1824.69 1810.36 1884.43 1888.15 1857.77 1855.75 1808.92 1775.53 1798.95 1760.31 1776.26 1855.27 1779.59 1770.82 1814.16 1743.37 1760.17 1751.75 1775.8 1773.69 1763.08
-9999 -9999 -9999 -9999 -9999 -9999 -9999 -9999 -9999 -9999 -9999 -9999 -9999 -9999 -9999 -9999 -9999 -9999 -9999 -9999 1789.8 1784.76 1794.63 1734.86 1709.5 1695.91 1723.87 1750.06 1824.38 1838.94 1875.83 1840.54 1857.07 1852.38 1851.51 1844.54 1863.27 1871.63 1869.4 1867.61 1846.11 1843.54 1836.81 1847.15 1848.6 1844.95 1856.16 1839.5 1744.59 1802.03 2007.26 1982.82 2003.83 2027.87 1940.21 1887.71 1900.29 1892.34 1853.36 1866.53 1829.47 1831.08 1849.14 1833.35 1857.99 1795.69 1807.48 1848.22 1797.5 1746.17 1781.05 1770.43 1759.83
-9999 -9999 -9999 -9999 -9999 -9999 -9999 -9999 -9999 -9999 -9999 -9999 -9999 -9999 -9999 -9999 -9999 -9999 -9999 -9999 1822.44 1810.39 1730.48 1888.06 1983.07 1908.05 1840.32 1896.91 1844 1812.35 1790.44 1847.31 1850.76 1876.65 1890.11 1889.31 1871.56 1856.08 1864.71 1876.8 1870.08 1860.51 1870.24 1873.73 1869.21 1866.14 1863.88 1819.55 1914.57 1971.73 1945.77 2026.7 1931.45 1941.45 1878.88 1896.46 1924.26 1915.15 1948.69 1935.24 1943.2 1891.52 1871.91 1907.97 1896.86 1941.46 1888.62 1816.24 1773.72 1813.73 1820.35 1789.42 1799.04
-9999 -9999 -9999 -9999 -9999 -9999 -9999 -9999 -9999 -9999 -9999 -9999 -9999 -9999 -9999 -9999 -9999 -9999 -9999 -9999 1829.47 1868.33 1935.18 1865.07 1899.64 1954.4 1937.43 1948.68 1869.94 1825.06 1868.05 1862.62 1899.74 1890.1 1880.19 1881.81 1890.9 1903.33 1908.22 1880.75 1870.99 1848.42 1809.37 1856.01 1877.2 1863.43 1805.18 2047.76 2118.09 2036.38 1943.94 1925.51 1928.59 1883.15 1920.09 1918.33 1963.52 1934.8 1891.46 1894.87 1886.25 1897.9 1897.52 1896.22 1906.05 1947.73 1885.52 1869.09 1874.36 1861.69 1815.64 1817.26 1820.14
-9999 -9999 -9999 -9999 -9999 -9999 -9999 -9999 -9999 -9999 -9999 -9999 -9999 -9999 -9999 -9999 -9999 -9999 -9999 1835.18 1838.03 1865.64 1883.39 1968.17 1912.62 1890.77 1850.79 1775.43 1851.96 1897.06 1896.28 1914.06 1897.25 1910.94 1877.09 1924.75 1985.88 1944.26 1914.18 1934.54 1941.96 1842.3 1900.21 1874.59 1960.85 2054.41 2121.93 1988.39 2003.44 1953.57 1907.88 1939.74 1898.56 1934.71 1941.01 1965.41 1928.05 1989.74 2008.17 1970.6 1916.71 1940.37 1921.84 1924.47 1976.55 1967.03 1944.84 1923.45 1889.44 1860.06 1860.72 1950.64 2021.67
-9999 -9999 -9999 -9999 -9999 -9999 -9999 -9999 -9999 -9999 -9999 -9999 -9999 -9999 -9999 -9999 -9999 -9999 -9999 1853.49 1855.56 1859.92 1947.03 1890.15 1858.83 1812.96 1758.85 2016.68 1990.44 1923.76 1900.31 1897.55 1913.25 1917.83 2057.5 1994.56 1873.74 1774.71 1888.49 1934 1925.74 2079.5 2008.39 1999.86 1953.2 1974.2 2008.98 1972.41 1934.21 1930.21 1934.79 1906.5 1943.45 1942.12 1993.18 1945.89 1931.16 1932.63 1977.61 1996.68 2027.82 2029.36 2036.23 1956.2 1949.1 2004.98 2014.07 2010.59 2011.07 2029.38 2015.27 2020.88 1939.43
-9999 -9999 -9999 -9999 -9999 -9999 -9999 -9999 -9999 -9999 -9999 -9999 -9999 -9999 -9999 -9999 -9999 -9999 -9999 1883.76 1894.48 1885.97 1899.11 1838.16 1871.43 1959.04 2218.35 1966.86 1969.28 2030.53 2073.49 2031.57 2059.55 2039.65 1958.44 -9999 1948.58 2077.51 2010 2100.13 2224.56 2229.06 2235.73 2078.66 2073.4 2018.52 1944.05 1937.32 1946.91 1946.66 1940.58 1944.44 1957.47 1992.74 1922.92 1933.23 1962.26 1944.31 1956.31 2008.2 2035.59 2048.76 2045.79 2038.85 2020.2 1910.5 2013.45 2114.67 2174.11 2109.96 2033.71 2021.29 1963.3
-9999 -9999 -9999 -9999 -9999 -9999 -9999 -9999 -9999 -9999 -9999 -9999 -9999 -9999 -9999 -9999 -9999 -9999 -9999 1889.81 1870.74 1877.08 1834.33 1945.56 2006.44 1965 1958.22 1963.15 1955.4 1970.91 1957.3 1990.54 1952.05 1982.19 1955.78 1919.22 2087.07 2204.4 2188.68 2043.34 1988.75 1954.47 1928.38 2045.47 1989.12 1930.44 1956.72 1980.45 1976.7 1977.7 1938.4 1953.11 1978.28 1921.93 1971.01 1979.34 1986.47 1993.94 2020.11 2047.45 2090.86 2112.09 2078.19 2039.34 1966.32 2072.61 1961.03 1945.54 1966.21 2026.43 2041.29 1971.96 1964.22
