resultados/variables/sun_rad_average.asc
ncols 330
nrows 228
xllcorner -12.000000
yllcorner 34.000000
cellsize 0.166667
NODATA_value -9999
[rows 180 to 209 of 228, columns 204 to 271 of 330]
4919.71 4917.65 4876.68 4844.32 4867.51 4874.42 4809.83 4881.87 5068.72 4981.89 5009.11 4924.86 4884.33 4906.33 4869.99 4899.25 4884.26 4740.36 4712.52 4781.75 4795.25 4796.37 4791.57 4788.9 4845.13 4900.09 4824.44 4831.99 4858.73 4861.15 4852.04 4881.55 4861.87 4794.43 4786.96 4782.71 -9999 -9999 -9999 -9999 -9999 -9999 -9999 -9999 -9999 -9999 -9999 -9999 -9999 -9999 -9999 -9999 -9999 -9999 -9999 -9999 -9999 -9999 -9999 -9999 -9999 -9999 -9999 -9999 -9999 -9999 4636.1 4690.69
4809.61 4833.33 4958.26 4955.11 4932.33 4958.52 4881.91 5044.76 4990.43 4857.84 5084.88 5063.68 5104.32 5100.34 4887.53 5051.26 4962.01 4940.93 4944.1 4878.33 4835.64 4811.05 4805.75 4806.58 4780.18 4809.1 4821.93 4797.82 4817.13 4831.33 4843.61 4860.8 4875.92 4890.05 4850.42 4795.89 -9999 -9999 -9999 -9999 -9999 -9999 -9999 -9999 -9999 -9999 -9999 -9999 -9999 -9999 -9999 -9999 -9999 -9999 -9999 -9999 -9999 -9999 -9999 -9999 -9999 -9999 -9999 4704.01 4766.42 4781.12 4859.27 4853.64
4878.54 4856.55 4883.8 4947.4 5051.4 4978.77 4879.39 4904.17 5213.06 5075.23 4897.87 5093.54 5068.17 5023.47 5076.07 5102.23 5071.22 5015.2 4898.03 4882.53 4844.62 4835.59 4799.1 4806.45 4817.06 4799.26 4795.68 4800.2 4809.94 4813.49 4818.06 4824.76 4837.45 4868.55 4877.97 4826.04 4759.7 -9999 -9999 -9999 -9999 -9999 -9999 -9999 -9999 -9999 -9999 -9999 -9999 -9999 -9999 -9999 -9999 -9999 -9999 -9999 -9999 -9999 -9999 -9999 4765 4783.28 4767.86 4869.15 4863.79 4893.68 4873.91 4934.55
4783.55 4827.67 4920.97 4884.94 4732.39 4819.14 4801.83 4713.59 4801.27 4986.71 4964.75 4871.59 4929.07 5118.46 5009.51 5046.06 4941.19 4979.61 4969.94 4888.39 4859.81 4842.22 4884.54 4836.67 4856.61 4810.02 4808.09 4812.44 4823.15 4818.12 4822.69 4828.53 4829.31 4838.42 4836.26 4834.59 4868.57 4814.25 4784.5 -9999 -9999 -9999 -9999 -9999 -9999 -9999 -9999 -9999 -9999 -9999 -9999 -9999 -9999 -9999 -9999 -9999 -9999 -9999 4744.73 4805.42 4809.17 4771.82 4778.83 4730.8 4901.71 4979.5 4997.38 5011.05
4832.64 4828.5 4848.92 4880.85 -9999 5033.19 5027.28 4993.37 4941.46 4999.17 4846.09 4999.21 5025.18 4948.86 4891.65 4875.3 5042.22 4932.6 4891.74 4912.46 4948.86 4938.65 4931.98 4915.16 4836.76 4860.69 4840.2 4819.19 4815.75 4813.33 4821.01 4817.28 4818.78 4831.15 4837.17 4849.32 4860.11 4859.79 4839.21 4816.09 4809.26 4807.84 4799.01 -9999 -9999 -9999 -9999 -9999 -9999 -9999 -9999 -9999 -9999 -9999 -9999 -9999 4809.99 4863.34 4836.05 4863.75 4749.25 4827.95 4904.24 5123.5 4971.51 5014.54 4986.28 4986.6
5152.08 5028.04 4851.22 4855.35 4877.21 4923.47 4871.32 4785.66 4858.36 4963.28 5125.01 4883.5 4854.21 4893.22 4974.51 4972.66 4940.77 4915.42 4923.02 4901.48 4859.34 4871.62 4895.38 4993.78 4918.19 4851.78 4835.23 4828.6 4842.49 4862.86 4841.57 4842.49 4849.42 4857.94 4864.9 4866.91 4859.24 -9999 4859.65 4840.51 4852.92 4852.7 4851.24 4846.54 4843.07 4816.48 4802.65 4806.4 4812.78 4824.44 4821.66 4823.09 4789.29 -9999 4728.88 4777.83 4779.94 4813.57 4937.51 4894.82 4955.51 4848.14 4868.21 4867.53 4857.56 4872.48 4890.21 4973.1
4840.98 5102.34 4987.47 4853.83 4872.87 4897.76 4981.12 4887.25 4770.44 4784.71 4832.62 4828.11 4844.61 4822.74 -9999 -9999 4845.57 -9999 -9999 -9999 -9999 4868.18 4924.95 4915.31 4902.34 4852.41 4849.1 4861.41 4868.96 4877.53 4860.91 4857.79 4857.08 -9999 -9999 -9999 -9999 -9999 -9999 -9999 -9999 -9999 -9999 4878.38 4869.53 4885.48 4867.53 4872.22 4864.64 4858.86 4852.51 4855.48 4896.16 4860.3 4976.03 4914.94 4875.92 4921.38 4963 4846.99 4918.22 4994.77 5085.59 4934.63 5070.99 5048.17 5050.22 5076.16
4895.87 4861.42 4881.89 4866.46 4876.45 4892.85 4905.78 5035.22 5025.91 4978.36 -9999 -9999 4912.41 -9999 -9999 4809.01 -9999 -9999 -9999 -9999 -9999 -9999 -9999 -9999 4852.18 4852.62 4851.25 4859.3 4896.94 4902.98 4869.65 4937.65 -9999 -9999 -9999 -9999 -9999 -9999 -9999 -9999 -9999 -9999 -9999 -9999 -9999 -9999 -9999 -9999 4775.93 4821.95 4848.17 4854.55 4797.09 4709.53 4693.06 4740.49 4981.77 5072.92 4893.62 5025.44 5085.32 5155.11 5083.33 5097.31 5033.12 5032.83 5110.79 5043.7
4828.82 4848.05 4854.2 4864.51 4867.09 -9999 4941.06 4822.2 4835.88 4836 4828.95 -9999 -9999 -9999 -9999 -9999 -9999 -9999 -9999 -9999 -9999 -9999 -9999 -9999 -9999 -9999 -9999 -9999 -9999 4883.86 -9999 -9999 -9999 -9999 -9999 -9999 -9999 -9999 -9999 -9999 -9999 4847.03 4852.14 4818.73 4904.78 4937.44 4968.46 4886.79 5060.51 4974.9 4816.91 4758.94 4881.67 5002.76 5102.08 5161.51 5061.52 5006.67 5171.53 5093.53 5065.57 5141.76 5182.67 5144.14 5174.05 5170.76 5086.65 5199.37
5087.17 4843.95 4900.72 4886.27 -9999 4890.22 4904.97 5019.54 4996.82 5018.15 4979.67 -9999 -9999 -9999 -9999 -9999 -9999 -9999 -9999 -9999 -9999 4872.91 -9999 -9999 -9999 -9999 4869.66 4885.37 -9999 -9999 4875.51 4883.43 -9999 -9999 -9999 -9999 -9999 -9999 -9999 -9999 -9999 -9999 -9999 4899.28 4825.17 -9999 4930.9 5017 4925.6 4863.07 4947.74 5078.17 5114.92 5163.18 5026.76 5044.51 5137.29 5196 5211.87 5206.2 5236.32 5134.96 5113.83 5135.2 5193.33 5226.85 5195.63 5127.56
4883.19 4965.37 4896.14 -9999 -9999 -9999 -9999 -9999 -9999 -9999 -9999 -9999 -9999 4841.51 -9999 -9999 -9999 -9999 -9999 -9999 -9999 -9999 -9999 -9999 -9999 -9999 4911.26 4865.85 4888.43 4973.16 4891.08 4863.19 4867.76 4877.04 4906.37 4924.81 4913.21 4967.34 4962.33 4931.81 4930.81 4909.35 4868.91 4969.47 4977.07 4971.88 4927.93 4950.44 4898.87 4920.79 5075.38 5047.46 5022.74 5075.52 5136.51 5105.65 5096.58 5074.6 5057.06 5252.44 5188.23 5111.23 5099.12 5135.08 5092.97 5174.77 5144.55 5036.78
5186.2 5115.62 4883.57 -9999 -9999 -9999 -9999 -9999 4894.01 -9999 -9999 4920.79 -9999 -9999 -9999 -9999 -9999 -9999 -9999 -9999 -9999 -9999 -9999 -9999 -9999 4915.5 4886.14 4930.42 4976.01 4956.02 4937.1 4926.13 4962.92 4892.57 4877.35 4877.74 4892.52 4897.74 4893.8 4879.64 4896.12 4923.19 4994.08 4953.59 4913.03 4951.81 5011.03 5041.29 4918.6 4974.75 4956.46 5063.86 4987.05 4917.04 4959.3 4942 4994.71 5031.27 5078.53 4991.88 5014.63 5119.62 5121.52 5108.37 5152.67 5114.68 5118.79 5166.54
5047.41 5067.39 5189.48 4883.3 -9999 -9999 -9999 -9999 -9999 -9999 -9999 -9999 -9999 -9999 -9999 -9999 -9999 -9999 4927.56 -9999 -9999 -9999 -9999 -9999 -9999 4918.58 4994.32 5024.24 4988.04 4921.16 4938.09 5013.38 4977.88 4978.77 4976.72 4961.96 4965.86 4901.85 4874.77 4937.81 5013.9 4996.49 5066.79 5201.29 5135.24 4969.14 4985.56 5025.27 5074.51 5103.65 5098.25 5059.3 5163.12 5188.8 5197.54 5208.45 5072.56 4992.2 5023.25 5149.99 5130.98 5079.06 5128.11 5062.08 5064.95 5076.71 5100.77 5183.57
4957.99 4995.37 4964.51 5085.44 5078.85 -9999 -9999 -9999 -9999 -9999 -9999 -9999 -9999 -9999 -9999 -9999 -9999 -9999 -9999 -9999 -9999 -9999 -9999 -9999 -9999 4921.57 4947.88 4922.9 4900.47 4986.31 5035.31 4938.81 4987.33 5009.74 4985.55 5026.91 4975.84 4999.22 5050.17 5001.12 5062.74 5107.06 5118.17 5073.39 5099.86 5143.35 5240.77 5171.04 5096.14 5097.68 5086.93 5066.84 5083.02 5064.45 5101.28 5118.09 5138 5150.03 5154.52 5085.85 5079.76 5101.7 5085.67 5125.12 5156.65 5175.09 5247.51 5096.02
5021.98 4962.95 4952.14 4947.99 4995.79 4923.8 -9999 -9999 -9999 -9999 -9999 -9999 -9999 -9999 -9999 -9999 -9999 -9999 -9999 -9999 -9999 -9999 -9999 -9999 -9999 5006.97 5015.62 5076.46 5164.83 -9999 4997.03 5028.06 5037.19 4963.55 4998.39 4961.69 4951.31 4992.93 5093.17 5103.02 4986.62 5050 5068 5155.94 5147.39 5151.5 5194.52 5193.14 5148.74 5098.58 5078.14 5134.35 5128.96 5128.1 5119.36 5106.76 5101.75 5117.32 5075.04 5077.57 5128 5130.87 5109.94 5170.91 5144.09 5179.58 5129.03 5214.52
4975.71 4994.05 4995.7 4989.86 4946.41 5048.49 5015.02 -9999 -9999 -9999 -9999 -9999 -9999 -9999 -9999 -9999 -9999 -9999 -9999 -9999 -9999 -9999 -9999 -9999 -9999 -9999 -9999 -9999 -9999 4917.06 4950.11 5052.61 5033.12 5077.71 5004.29 4963.74 4996.89 5003.96 4995.72 5062.09 5064.94 5065.33 5041.49 5064.77 5110.85 5133.44 5175.15 5151.31 5149.97 5196.38 5215.54 5172.4 5130.36 5143.62 5134.09 5167.55 5221.76 5188.77 5106.85 5100.26 5127.44 5152.1 5145.05 5217.23 5171.66 5187.18 5197.79 5145.72
4929.1 4987.76 4984 4994.23 5019.48 -9999 -9999 5001.78 -9999 -9999 -9999 -9999 -9999 -9999 -9999 -9999 -9999 -9999 -9999 -9999 -9999 -9999 -9999 4963.06 4939 5055.02 4952.19 -9999 4985.84 5035.93 5126.33 5134.1 5068.41 5010.67 5122.63 5071.48 4959.06 5027.02 5157.2 5225.25 5283.49 5198.71 5188.82 5121.17 5193.92 5186.5 5202.28 5222.29 5191.36 5218.14 5215.38 5185.24 5164.69 5139.68 5135.88 5138.32 5141.9 5170.79 5224.05 5143.03 5109.33 5149.33 5214.17 5210.18 5205.81 5173.6 5158.06 5151.43
5061.55 4987.63 4997.22 5030.28 4912.26 4946.98 -9999 -9999 -9999 -9999 -9999 -9999 -9999 -9999 -9999 -9999 -9999 -9999 -9999 -9999 -9999 -9999 -9999 -9999 -9999 4995.58 5007.08 -9999 -9999 5025.55 5062.93 4972.07 4937.5 5025.63 5030.67 5055.67 5100.23 5163.48 5175.7 5126.95 5105.86 5119.12 5238.34 5215.13 5288.94 5207.28 5193.47 5178.59 5168.11 5215.83 5240.38 5228.83 5268.29 5223.6 5180.9 5157.61 5150.94 5152.69 5141.11 5144.92 5159.03 5138.58 5162.09 5198.66 5215 5243.39 5197.85 5180.2
5040.09 4874.19 5144.09 -9999 5213.84 -9999 5000.36 5014.28 4995.86 -9999 -9999 -9999 -9999 -9999 -9999 -9999 -9999 -9999 -9999 -9999 -9999 -9999 -9999 -9999 -9999 -9999 -9999 -9999 -9999 -9999 5009.41 5068.63 5114.95 5079.52 5043.61 5069.13 5173.14 5157.15 5144.11 5134.59 5197.44 5209.58 5194.15 5200.32 5123.08 5204.44 5304.37 5250.17 5213.12 5209.69 5219.05 5255.59 5298.24 5227.66 5183.6 5113.23 5165.86 5150.55 5149.96 5179.45 5182.88 5203.17 5218.1 5225.8 5191.43 5202.5 5208.64 5192.21
5026.94 5224.67 4986.69 4996.59 4947.32 4962.59 -9999 -9999 4987.57 4936.88 -9999 -9999 -9999 -9999 -9999 -9999 -9999 -9999 -9999 -9999 -9999 -9999 -9999 -9999 -9999 -9999 -9999 -9999 -9999 5007.84 5026.19 5087.75 5105.15 5049.26 4991.31 5057.36 5101.58 5088.52 5113.5 5123.97 5144.84 5166.55 5233.41 5154.41 5259.35 5274 5248.23 5245.26 5221.05 5199.28 5172.76 5207.66 5231.44 5287.22 5303.27 5382.56 5258.6 5229.96 5219.93 5201.63 5203.37 5215.12 5235.99 5244.52 5229.34 5202.67 5191.85 -9999
5294.68 5195.68 5130.73 4974.79 5074.87 5103.94 5029.34 5008 -9999 -9999 5156.52 5043.6 5058.81 -9999 -9999 -9999 -9999 -9999 -9999 -9999 -9999 -9999 -9999 5004.42 -9999 -9999 5027.9 -9999 -9999 5029.05 5049.01 5038.18 4977.43 5011.6 5087.12 5064.23 5080.63 5163.69 5122.18 5097.54 5090.81 5130.06 5107.58 5170.91 5206.42 5221.52 5177.82 5260.48 5366.56 5312.99 5282.22 5255.85 5228.31 5164.61 5051.05 5179.88 5280.2 5270.52 5252.11 5143.55 5203.59 5238.89 5243.11 5240.49 5242.02 5221.25 -9999 5202.65
5173.92 5270.98 -9999 5286.74 5047.52 4936.99 4997.24 -9999 5023.77 5024.64 5086 5134.07 5052.42 -9999 -9999 -9999 -9999 -9999 -9999 -9999 -9999 -9999 -9999 -9999 5123.05 -9999 -9999 5071.62 -9999 -9999 -9999 5079.1 5093.39 4965.92 4987.19 5016.69 4919.54 4911.9 5005.6 5208.08 5204.68 5196.08 5228.64 5224.56 5195.16 5200.43 5313.82 5228.74 5197.23 5222.47 5342.06 5254.39 5234.89 5302.68 5448.67 5238.65 5154.26 5225.87 5266.75 5334.87 5265.41 5230.51 5239.35 5252.92 5244.83 5223.56 5223.76 5221.13
4947.44 -9999 -9999 -9999 -9999 5240.87 5153.74 5031.54 5090.52 5013.74 4951.53 5043.28 -9999 -9999 -9999 -9999 -9999 -9999 -9999 -9999 -9999 -9999 -9999 5054.5 5091.26 -9999 5061.65 5073.77 5065.55 5153.91 5130.36 5122.15 5170.09 5243.38 5233.6 5251.27 5345.85 5306.42 5202.5 -9999 5066.7 5214.21 5157.23 5157.29 5220.76 5237.41 5230.61 5287.56 5307.87 5311.66 5291.38 5298.45 5319.32 5266.5 5274.57 5348.59 5304.3 5202.48 5265.83 5233.6 5225.4 5226.03 5223.97 5246.49 5229.85 5210.43 5235.07 5237
5095.98 4957.37 4936.55 4963.07 -9999 -9999 -9999 5101.58 5170.99 5200.3 5235.02 5111.91 -9999 -9999 5064.96 -9999 -9999 -9999 -9999 -9999 -9999 -9999 -9999 -9999 -9999 -9999 -9999 -9999 -9999 -9999 5099.12 5070.03 5053.54 4989.89 4993.3 4935.69 4982.52 5053.32 5216.51 5119.27 5193.36 5201.42 5223.29 5122.63 5188.38 5227.4 5208.85 5250.13 5261.47 5258.03 5312.75 5245.86 5196.64 -9999 5194.64 5264.65 5347.77 5345.47 5265.41 5311.43 5280.37 5311.66 5303.96 5285.43 5280.76 5311.91 5268.14 5262.25
5289.74 5290.3 5257.75 5215.25 5064.6 5067.46 -9999 -9999 5075.67 -9999 5109.8 5092.29 -9999 -9999 -9999 -9999 5066.35 -9999 -9999 -9999 -9999 -9999 -9999 -9999 -9999 -9999 -9999 -9999 -9999 -9999 -9999 -9999 5050.66 5189.37 5246.17 5352.55 5281.37 5262.16 5106.98 5212.39 5103.55 5112.06 5164.69 5370.56 5325.73 5286.78 5326.58 5252.04 5236.76 5321.6 5337.09 5348.02 5270.66 5232.63 5436.21 5309.63 -9999 5380.07 5396.13 5353.34 5410.11 5315.4 5373.11 5282.82 5276.19 5306.28 5308.68 5281.97
5124.43 5175.37 5203.36 5105.15 5170.69 5138.54 5066.14 -9999 -9999 -9999 -9999 -9999 -9999 -9999 -9999 -9999 -9999 5134.65 -9999 -9999 -9999 -9999 -9999 -9999 -9999 -9999 -9999 5068.96 5080.65 5082.43 -9999 5010.81 5158.42 5041.67 5009.6 5060.22 5049.64 4999.99 5225.82 5118.18 5268.3 5141.6 5023.05 5018.03 5123.25 5181.19 5223.73 5229.69 5348.05 5255.71 5257.57 5256.72 5362.71 5282.76 5406.46 5390.64 5310 -9999 5329.11 5377.82 5365.64 5444 5302.55 5288.62 5288.08 5288.61 5303.5 5306.12
5367.47 5335.46 5235.91 5173.76 -9999 5215.37 5188.21 -9999 -9999 -9999 -9999 -9999 -9999 -9999 -9999 -9999 -9999 -9999 -9999 -9999 -9999 -9999 -9999 -9999 5088.95 -9999 -9999 -9999 -9999 -9999 -9999 5174.32 5098.41 5128.25 5179.53 5086.25 5184.2 5330.75 5086.97 5274.82 5250.72 5328.32 5337.21 5315.75 5404.88 5371.59 5302.36 5298.29 5272.64 5306.97 5373.95 5355.3 5276.93 5342.14 5275.46 5436.47 5328.27 5278.89 5312.92 5351.87 5418.61 5363.4 5353.62 5301.51 5300.95 5300.79 5297.71 5290.35
5213 5301.62 5217.58 5130.94 5082.11 -9999 -9999 5220.13 -9999 -9999 -9999 -9999 -9999 -9999 5105.4 -9999 -9999 -9999 -9999 -9999 -9999 -9999 -9999 -9999 -9999 -9999 -9999 -9999 -9999 -9999 -9999 5123.45 -9999 5168.54 5273.13 5173.39 5138.03 5221.38 5215.89 5150.01 5244.25 5251.98 5299.66 5324.18 5292.24 5326.11 5382.04 5398.23 5285.46 5425.17 5312.74 5272.2 5184.54 5222.16 5349.62 5328.2 5339.02 5346.14 5304.67 5332.29 5501.53 5383.04 5313.28 5310.52 5317.24 5314.36 5330.16 5332.73
5193.9 5181.85 5341.19 5270.26 5154.4 -9999 -9999 -9999 -9999 -9999 -9999 -9999 -9999 -9999 -9999 -9999 -9999 -9999 -9999 -9999 -9999 -9999 -9999 -9999 -9999 -9999 -9999 -9999 -9999 -9999 -9999 -9999 -9999 -9999 5111.42 5250.12 5154.01 5236.55 5422.72 5284.6 5217.13 5319.11 5374.63 5382.46 5232.76 5395.07 5348.14 5268.67 5391.33 5311.56 5270.99 5340.51 5281.82 5293.9 5374.44 5230.62 5403.69 5434.73 5452.96 5341.35 5290.75 5387.11 5345.95 5346.12 5322.85 5256.83 5326.08 5318.92
5251.14 5228.04 5156.67 5414.03 5284.87 5050.09 -9999 -9999 -9999 -9999 -9999 -9999 -9999 -9999 -9999 -9999 -9999 -9999 -9999 5136.49 5130.36 -9999 -9999 -9999 -9999 -9999 -9999 -9999 -9999 -9999 -9999 5127.88 5136.16 5138.6 5212.26 5282.29 5380.8 5304.81 5297.87 5343.59 5358.63 5410.69 5310.02 5335.89 5430.19 5260.47 5372.15 5480.74 5415.2 5336.14 5300.66 5240.6 5185.27 5175.48 5316.35 5262.96 5378.12 5373.49 5345.09 5437.75 5394.52 5370.16 5388.69 5330.37 5344.69 5410.32 5326.45 5318.95
