resultados/variables/sun_rad_range.asc
ncols 330
nrows 228
xllcorner -12.000000
yllcorner 34.000000
cellsize 0.166667
NODATA_value -9999
[rows 30 to 59 of 228, columns 204 to 271 of 330]
6817.51 6814.82 6800.34 6789.91 6780.63 6792.62 6795.54 6808.05 6792.59 6781.04 6769.96 6768.3 6784.54 6796.98 6794.13 6797.21 6795.22 6777.15 6781.66 6791.79 6790.27 6793.27 6801.26 6810.71 6802.4 6797.64 6799.36 6810.62 6816.06 6808.38 6809.88 6799.86 6789.32 6795.72 6797.11 6795.5 6800.43 6803.23 6809.71 6803.75 6796.88 6792.2 6802.13 6797.23 6816.42 6808.96 6835.7 6842.19 6824.69 6798.55 6793.57 6802.23 6798.52 6783.05 6795.13 6777.06 6806.05 6808.17 6789.23 6775.43 6759.14 -9999 -9999 -9999 -9999 -9999 6826.26 6810.1
6785.91 6788.59 6806.39 6793.57 6782.88 6789.01 6792.24 6802.79 6816.16 6793.81 6778.8 6763.88 6793.23 6783.33 6780.54 6781.86 6791.56 6798.9 6810.04 6788.34 6776.61 6788.02 6796.98 6807.61 6805.26 6799.01 6809.01 6810.32 6809.67 6819.7 6821.17 6805.07 6792.64 6796.08 6797.76 6803.71 6797.27 6809.06 6810.92 6817.56 6821.21 6826.39 6835.72 6847.48 6827.65 6847.08 6834.55 6835.1 6811.16 6787.78 6767.16 6778.88 6781.72 6781.67 6788.31 6808.21 6763.33 -9999 -9999 6756.31 -9999 6759.43 6770.57 6764.57 -9999 -9999 -9999 -9999
6790.53 6782.43 6790.16 6798.43 6781.26 6797.18 6799.21 6796.63 6790.59 6800.01 6774.93 6768.86 6790.73 6793.34 6780.34 6785.81 6786.32 6794.73 6796.85 6798.47 6792.63 6789.96 6790.66 6800.36 6791.25 6792.08 6800.5 6801.85 6805.87 6810.69 6809.02 6803.6 -9999 6795.55 6800.97 6801.14 6796.6 6817.47 6833.04 6829.47 6838.18 6828.97 6827.68 6832.34 6849.08 6846.2 6844.24 6830.39 6830.67 6821 6815.38 6788.52 6777.03 6776.08 6773.39 6774.51 6794.28 6790.77 6780.36 6770.27 6763.13 6762.58 6765.87 6771.31 6758.85 -9999 -9999 -9999
6833.4 6789.1 6779.18 6776.86 6774.59 6779.98 6791.44 6795.94 6801.22 6776.16 6779.46 6790.08 6788.38 6785.33 6782.31 6794.25 6795.86 6803.76 6797.42 6787.65 6786.92 6786.21 6794.44 6789.01 6787.55 6791.06 6798.66 6796.21 6797.13 6816.01 6819.57 6798.8 6812.06 6837.1 6831.42 6820.97 6826.42 6827.67 6829.57 6838.88 6840.65 6829.48 6824.68 6822.84 6830.83 6844.79 6834.81 6839.67 6840.52 6828.67 6795.18 6782.18 -9999 6774.95 6798.98 6799.1 6794.69 6795.2 6785.67 6774.27 6772.94 6766.85 6770.81 6774.21 6775.56 6769.75 6763.48 6761.38
6824.98 6822.04 6803.5 6797.86 6783.05 6770.92 6788.62 6800.06 6794.19 6784.66 6786.08 6786.84 6792.08 6796.3 6797.73 6796.71 6795.78 6790.97 6791.48 6787.8 6787.7 6804.78 6809.54 6803.09 6806.21 6811.8 6812.6 6819.8 6822.41 6803.48 6806.29 6817.69 6823.72 6845.91 6846.25 6837.01 -9999 6829.52 6840.26 6848.56 6834.83 6829.08 6829.85 6836.06 6834.49 6821.73 6821.74 6834.98 6850.24 6835.77 6824.29 6809.6 6797.22 6793.97 -9999 6795.04 6807.33 6800.12 -9999 -9999 6796.87 6799.59 6787.22 6781.77 6776.88 6771.39 6765.56 6768.43
6804.86 6809.13 6802.02 6792.91 6779.68 6788.32 6796.41 6793.09 6791.61 6785.8 6785.46 -9999 6790.52 6791.6 6784.33 6783.62 6780.17 6779.36 6778.3 6779.33 6789.48 6799.94 6804.32 6809.28 6816.08 6814 6813.72 6820.85 6825.33 6821.07 6824.97 6825.53 6832.72 6841.43 6849.67 6847.52 6839.17 6846.08 6843.82 6833.83 6833.67 6845.35 6854.38 6857.34 6849.75 6842.2 6848.54 6849.52 6846.91 6847.37 6836.67 6800.94 -9999 6798.43 -9999 6804.65 6814.49 6810.11 6804.81 6804.42 6803.18 6801.62 6798.18 6793.07 6789.93 6789.82 6790.65 6785.68
6780.69 6787.06 6783.9 6782.32 6784.6 6783.56 6785.66 6786.96 6782.7 6788.55 6785.54 6784.47 6776.52 6778.74 6780.48 6781.37 6782.88 6783.97 6792.94 6799.76 6798.88 6800.12 6806.75 6810.33 6812.24 6811.7 6814.92 6815.76 6818.64 6827.49 6823.66 6823.18 6831.13 6835.9 6846.77 6848.91 6843.84 6838.74 6841.81 6854.85 6861.15 6861.33 6855.86 -9999 6850.59 6846.96 6845.73 6848.12 6848.19 6851.59 6842.94 6839.32 6822.99 6804.04 6802.38 -9999 6805.92 6805.78 6812.46 6813.6 6818.81 6813.76 6807.34 6802.61 6797.82 6797.31 6798.97 6797.13
6784.46 6781.53 -9999 -9999 -9999 -9999 6778.95 -9999 -9999 -9999 -9999 -9999 -9999 -9999 -9999 6779.26 6784.32 6790.79 6793.33 6792.94 6798.83 6802.56 6807.16 6813.27 6813.09 6815.96 6821.89 6819.45 6820.53 6826.41 6818.16 6817.42 6818.3 6844.63 6849.42 6855.2 6855.35 6853.19 6845.77 6845.52 6851.17 6855.34 6856.17 6851.78 6852.08 6854.38 6859.89 6856.46 6852.71 6850.22 6843.92 6835.99 6833.43 6826.01 6811.81 6806.46 6809.02 -9999 -9999 -9999 6808.5 6811.68 6813 6807.78 6799.89 6801.07 6800.91 6800.22
6783.32 -9999 -9999 -9999 -9999 -9999 -9999 -9999 -9999 -9999 -9999 -9999 -9999 -9999 -9999 -9999 -9999 -9999 -9999 6789.49 6798.76 6802.43 6807.7 6809.03 6810.58 6812.49 6816.56 6817.56 6822.2 6821.6 6817.13 6819.3 6832.86 6839.91 6851.43 6850.52 6847.56 6842.95 6846.8 6851.65 6854.18 6852.77 6852.11 6854.95 6858.41 6852.12 6855.66 6851.5 6851.05 6847.38 6834.87 6833.77 6838.26 6835.09 6833.05 6832.11 6826.96 6818.95 6817.74 6812.26 6809.87 6811.84 6815.44 6815.52 6810.26 -9999 6804.37 6801.86
-9999 -9999 -9999 -9999 -9999 -9999 -9999 -9999 -9999 -9999 -9999 -9999 -9999 -9999 -9999 -9999 -9999 -9999 -9999 -9999 6789.98 6798.92 6804.69 6805.41 6810.86 6814.4 6814.72 6818.02 6820.19 6822.75 6821.92 6825.43 6826.76 6834.26 6832.61 6838.52 6851.86 6852.52 6853.7 6852.69 6854.15 6855.27 6856.75 6856.44 6850.46 6848.76 6852.68 6851.48 6848.85 6842.21 6833.63 6832.31 6830.78 6840.21 6842.52 6839.78 6838.75 6838.59 6831.35 6827.04 6827 6821.96 6819.06 6817.73 6817.55 6815.71 6809.63 6807.4
-9999 -9999 -9999 -9999 -9999 -9999 -9999 -9999 -9999 -9999 -9999 -9999 -9999 -9999 -9999 -9999 -9999 -9999 -9999 -9999 6793.94 6799.56 6802.56 6807.28 6816.56 6820.52 6818.29 6820.08 6820.43 6823.07 6825.6 6826.21 6829.91 6834.8 6846.47 6838.56 6846 6856.56 6857 6862.85 6864.13 6864.09 6859.62 6855.53 6850.49 6848.6 6850.48 6854.06 6839.95 6836.9 6831.89 6826.86 6834.85 6831.11 6830.63 6838.78 6839.59 6830.6 6834.24 6838.01 6832.73 6828.2 6828.96 6824.59 6821.15 6817.43 6820.14 6816.03
-9999 -9999 -9999 -9999 -9999 -9999 -9999 -9999 -9999 -9999 -9999 -9999 -9999 -9999 -9999 -9999 -9999 -9999 -9999 -9999 6797.92 6803.38 6807.51 6810.45 6815.75 6821.5 6824 6823.89 6826.06 6828.06 6828.46 6830.66 6840.7 6840.48 6837.11 6842.24 6838.15 6845.9 6852.9 6864.43 6868.21 6865.12 -9999 6855.9 6856.51 6863.17 6861.24 6860.68 6849.38 6836.04 6826.1 6828.64 -9999 6823.02 6822.17 6823.35 6821.99 -9999 6835.74 6831.84 6828.62 6826.52 6827.36 6825.02 6828.05 6823.26 6819.04 6822.62
-9999 -9999 -9999 -9999 -9999 -9999 -9999 -9999 -9999 -9999 -9999 -9999 -9999 -9999 -9999 -9999 -9999 -9999 6796.64 -9999 6798.03 6804.14 6807.86 6816.14 6818.34 6819.83 6822.78 6827.38 6830.63 6832.72 6833.5 6837.25 6838.57 6842.2 6850.95 6870.14 6854.66 6857.14 6867.83 6865.13 6863.85 6857.68 6857.74 6862.77 6865.04 6863.14 6859.6 6852.92 6844.89 6833.11 6835 6828.81 6825.84 6846.53 6839.89 6835.99 6840.59 6831.1 6827.11 6829.48 6828.52 6824.75 6827.18 6825.66 6823.25 6824.83 6828.72 6833.95
-9999 -9999 -9999 -9999 -9999 -9999 -9999 -9999 -9999 -9999 -9999 -9999 -9999 -9999 -9999 6801.17 6805.86 6810.53 6810.9 6809.89 6806.91 6805.28 6810.1 6812.36 6818.42 6825.12 6826.68 6830.52 6836.05 6840.32 6845.1 6848.16 6855.63 6855.54 6855.01 6869.04 6879.08 6859.61 6857.86 6853.8 6854.99 6860.22 6858.39 6855.67 6860.04 6859.14 6861.7 6864.63 6872.77 6866.97 6849.57 6850.75 6856.91 6847.94 6847.17 6850.35 6847.54 6840.57 6834.26 6832.67 6833.28 6834.13 6829.27 6832.69 6838.95 6837.31 6838.59 6835.9
-9999 -9999 -9999 -9999 -9999 -9999 -9999 -9999 -9999 -9999 -9999 -9999 -9999 -9999 6808.39 6817.28 6827.01 6825 6822.8 6822.35 6821.21 6818.12 6822.32 6826.89 6830.53 6834.05 6841.98 6841.9 6843.73 6848.35 6848.66 6849.82 6856.29 6861.7 6869.71 6864.4 6874.6 6868.49 6856.02 6858.39 6861.28 6859.47 6860.38 6865.08 6869.53 6864.25 6870.19 6875.35 6875.49 6875.62 6877.64 6871.4 6862.81 6863.09 6864.58 6861.89 6856.02 6853.44 6850.18 6846.34 6838.17 6837.71 6842.18 6844.06 6849.08 6847.44 6842.32 6839.19
-9999 -9999 -9999 -9999 -9999 -9999 -9999 -9999 -9999 -9999 -9999 -9999 -9999 6814.1 6819.74 6831.08 6841.75 6841.5 6836.34 6834.29 6833.1 6831.36 6831.84 6836.31 6840.34 6843.87 6843.43 6844.83 6846.12 -9999 6845.65 6850.64 6854.67 6859.41 6855.9 6853.06 6855.16 6860.73 6855.56 6866.31 6872.99 6874.61 6868.88 6866.32 6867.91 6864.94 6862.13 6863.52 6871.06 6866.77 6872.98 6868.43 6860.54 6858.19 6855.47 6855.92 6853.06 6853.72 -9999 6852.12 6853.07 6846.35 6846.61 6853.51 6851.57 6849.55 6847.09 6845.3
-9999 -9999 -9999 -9999 -9999 -9999 -9999 -9999 -9999 -9999 -9999 6816.7 6823.96 6826.05 6829.23 6830.69 6836.2 6839.02 6845.2 6850.49 6848.5 6847.4 6840.5 6839.96 6843.86 6845.76 6848.97 6851.82 6855.74 6850.88 6849.66 -9999 -9999 6849.54 6853.86 6856.8 6863.18 6875.64 6873.72 6869.58 6871.97 6869.46 6863.34 6870.86 6868.22 6862.22 6862.07 6865.91 6872.38 6878.36 6882.2 6884.07 6882.01 6877.25 6874 6870.2 6865.49 6866.23 6865.25 6861.44 6860.18 6860.44 6865.49 6859.43 6857.02 6855.19 6851.9 6848.94
-9999 -9999 -9999 -9999 -9999 -9999 -9999 -9999 -9999 -9999 6824.2 6829.3 6832.86 6834.51 6834.56 6837.57 6841.64 6846.3 6849.58 6853.56 6851.88 6849.05 6850.99 6852.48 6855.79 6858.03 6856.69 6860.31 6869.21 6867.8 6862.32 6858.62 6863.27 6869.11 6876.13 6876.78 6862.98 6860.93 6859.04 6861.12 6864.99 6868.37 6864.08 6862.89 6865.2 6866.14 6865.09 6871.01 6882.76 6885.59 6887.21 6889.01 6878.17 6877.78 6881.76 6882.47 6886.1 6875.25 6868.21 6871.48 6863.03 6863.67 6863.39 6860.6 -9999 6860.8 6857.88 6854.1
-9999 -9999 -9999 -9999 -9999 -9999 -9999 -9999 6826.97 6832.79 6835.55 6838.72 6845.27 6845.71 6848.9 6849.67 6846.03 6847.97 6848.17 6854.05 6860.49 6855.64 6855.09 6858.83 6854.57 6860.39 6865.24 6873.59 6869.72 6871.12 6877.71 6872.14 6868.17 6870.62 6873.86 6878.58 6883.22 6884.4 6871.98 6876.14 6875.69 6876.36 6881.9 6884.19 6882.81 6884.45 6889.5 6876.63 6880.84 6884.81 6886.99 6888.79 6878.69 6875.7 6878.35 6886.77 6892.67 6882.32 6881.07 6872.98 6871.45 6862.33 6870.71 6872.32 6866.49 6856.56 6854.44 6855.47
-9999 -9999 -9999 -9999 -9999 -9999 6829.2 6830.54 6835.2 6840.84 6847.09 6852.9 6859.01 6856.35 6859.13 6860.38 6861.51 6865.28 6855.88 6852.56 6861.15 6868.89 6870.23 6868.55 6870.63 6861.99 6857.59 6864.6 6865.13 6860.84 6866.48 6873.82 6865.16 6871.13 6871.55 6871.05 6877.49 6894.51 6887.89 6868.87 6872.8 6875.22 6878.67 6874.13 6883.99 6890.08 6882.08 6878.56 6886.54 6891.84 6886.44 6884.18 6882.5 6874.46 -9999 6886.4 6900.25 6893.58 6885.91 6883.4 6884.03 6886.24 6872.86 6867.8 6867.75 6868.17 6859.34 6856.22
-9999 -9999 -9999 6831.89 6832.84 6834.33 6838.91 6840.57 6842.08 6842.25 6849.18 6858.78 6866.22 6869.45 6867.69 6871.94 6870.25 6867.64 6867.46 6868.62 6871.02 6880.63 6877.69 -9999 6879.77 6880.39 6870.37 6861.51 6862.98 6862.61 6857.75 6862.91 6862.14 6867.75 6871.88 6870.61 6880.78 6883.62 6890.85 6883.6 6868.13 6864.48 6860.72 6873.06 6881.75 6876.15 6878.19 6868.67 6868.5 6883.82 6879.52 -9999 6891.33 6892.08 6880.78 6886.87 6890.71 6895.76 6900.37 6901.58 6892.2 6887.08 6878.34 6878.53 6871.5 6867.83 6872.24 6870.95
-9999 6833.84 6836.42 6839.84 6840.74 6842.48 6847.3 6850.4 6852.05 6853.89 6857.68 6864.89 6870.88 6873.82 6880.1 6883.23 6879.29 6879.34 6883.04 6880.37 -9999 6872.58 6874.51 6882.94 6879.71 6872.36 6873.55 6867.58 6873.79 6875.85 6875.96 6859.5 6869.95 6874.87 6871.97 6868.61 6874.17 6874.01 6876.61 6888.46 6884.55 6880.57 6862.58 -9999 -9999 6866.88 6869 6876.6 6867.99 6873.42 6878.35 6876.11 6880.56 6884.4 6881.63 6878.57 6888.35 6895.94 6902.44 6908.07 6897.89 6891.78 6888 6882.77 6877.94 6870.56 -9999 6869.3
-9999 -9999 6843.64 6849.19 6848.17 6851.51 6854.51 6856.9 6860.44 6860.29 6863.14 6869.73 6877.12 6883.94 6887.23 6889.18 6889.01 6887.3 6877.95 6884.6 6882.3 6877.79 6875.22 6882.25 6883.51 6869.83 6872.4 6867.06 6870.44 6878.95 6878.86 6861.58 6867.24 6880.16 6880.39 6876.06 -9999 6872.8 6872.17 6874.87 6885.9 6891.56 6885.69 6865.42 6863.89 6861.73 -9999 -9999 6870.7 6877.74 6883.87 6887.98 6890.03 6892.24 6898.79 6900.49 6896.86 6901.63 6899.2 6900.9 6890.37 6888.84 6892.72 6887.76 6889.07 6887.49 6884.12 6872.48
6846.4 6847.39 6853.77 6857.03 6854.79 6853.59 6855.8 6859.45 6867.63 6862.43 6865.63 6874.62 6885.33 6893.31 6891.68 6890.51 6898.28 6891.51 6879.94 6881.82 6877.77 6869.93 -9999 6873.81 6880.19 6882.92 6873 6868.18 6872.23 6875.24 6871.45 6862.94 6865.89 6865.84 -9999 6873.04 6875.64 6868.79 6869.58 6880.88 6880.69 6888.86 6898.85 6889.82 6880.84 6876.14 6878.82 -9999 6875.19 6888.38 6898.38 6893.23 6884.1 6887.23 6895.14 6896.7 6900.78 6901.78 6898.6 6893.61 6890.08 6889.3 6896.51 6897.56 6905.14 6894.85 6881.02 6882.82
6851.15 6853.52 6853.49 6855.27 6856.68 6856.31 6862.65 6863.47 6870.73 6876.15 6878.68 6881.31 6888.12 6899.17 6897.85 6897.84 6893.1 6896.93 6889.15 6882.23 6881.97 6883.45 6883.39 6871.87 6873.44 6881.07 6881.69 6874.52 6873.17 6872.45 6876.65 6878.57 6866.62 6865.83 -9999 6869.72 6866.75 6870.14 6878.13 6872.63 6879.75 6884.2 6887.94 6878.21 6870.54 -9999 6877.8 6882.09 6876.52 6879.35 6895.93 6887.06 -9999 6888.57 6891.63 6895.67 6894.66 6900.22 6904.87 6895.51 -9999 6892.94 6887.85 6895.17 6901.66 6886.16 6890.18 6892.2
6869.32 6869.91 6867.01 6858.82 6863.09 6865.12 6873.01 6877.83 6874.45 6880.41 6889.54 6899.62 6897.11 6902.4 6907.15 6905.49 6894.94 6892.41 6892.34 6896 6886.68 6892 6886.03 6872.22 6878.35 6875.4 6874.41 6874.58 6874.8 6874.45 6879.26 6881.89 6887 6876.7 -9999 6870.57 6871.01 6875.42 6876.33 6875.79 6875.43 6881.93 6872.45 -9999 6869.62 6869.24 -9999 6882.25 6879.21 6876.56 6881.67 6888.89 6890.4 6886.77 6889.27 6895 6894.58 6892.97 6898.54 6907.89 6907.13 6900.36 6901.11 6897.38 6905.93 6903.56 6895.15 6890.05
6890.9 6884.93 6870.16 6874.45 6876.38 6876.26 6879.38 6881.97 6883.85 6882.56 6890.27 6896.97 6895.76 6902.43 6905.99 6908.33 6907.97 6909.53 6897.24 6891.99 6886.22 6885.3 6876.86 6886.63 6882.11 6878.21 6877.19 -9999 6877.46 6880.49 6881.33 6882.15 6878.45 6875.95 -9999 6878.02 6877.05 -9999 6878.88 6878.42 6874.43 6876.56 6878.34 6868.28 6872.96 6873.45 6871.07 6873.64 6884.55 6888.51 6885.41 6893.07 6895.94 6892.81 6890.98 6891.75 6889.17 6894.2 6899.12 6905.52 6901.65 6893.52 6901.38 6898.79 6901.39 6898.52 6896.01 6895.42
6883.4 6882.85 6889.56 6889.67 6880.94 6881.91 6888.18 6889.52 6892.76 6889.09 6893.96 6895.3 6902.38 6900.42 6899.78 6903.65 6898.78 6907.77 6911.84 6904.89 6903.05 6898.37 6891.56 6882.31 6878.94 -9999 6884.37 6882.37 6888.22 6886.47 6885.15 6881.71 6881.36 -9999 -9999 6877.84 6879.97 6881.37 6887.43 6879.89 -9999 6883.04 6884.09 6876.4 -9999 6870.97 -9999 6876.55 6882.62 6886.15 6887.29 6887.25 6892.55 6897.63 6896.17 6896.15 6901.3 6906.16 6905.23 6902.75 6898.23 6899.76 6895.82 6900.27 6893.16 6892.22 6890.57 6886.71
6892.98 6895.69 6900.99 6898.75 6895.74 6895.52 6896.35 6895.62 6898.38 6894.64 6887.35 6893.32 6893.34 6900 6899.8 6895.26 6890.4 6902.03 6894.98 6895.38 6898.27 6899.3 6885.61 6877.28 6882.15 6883.01 6888.34 6893.71 6899.87 6893.42 6885.6 -9999 6885.76 6881.79 6880.81 6876 6882.08 6877.68 6881.48 6879.6 6878.76 6886.75 6884.42 6879.65 -9999 6873.6 6876.43 6876.32 6880.9 6883.41 6880.33 6886.55 6891 6892.42 6898.96 6906.63 6909.13 6906.55 6908.33 6900.97 6893.79 6892.53 6891.6 6890.93 6891.1 6896.61 6897.32 6897.29
6891.13 6893.5 6895.03 6896.02 6898.6 6898.97 6896.84 6902.21 6907.91 6902.71 6891.53 6890.4 6887.05 6889.47 6888.7 6887.84 6890.91 6896.37 6890.86 6896.07 6898.83 6888.05 -9999 6888.1 6890.99 6901.32 6895.2 6895.16 6893.92 6889.66 6885.95 6887.62 6886.79 6888.74 6884.93 6880.03 6879.15 6881.29 6875.94 -9999 6881.28 6883.38 6881.78 6877.45 6875.26 6879.98 -9999 6876.97 6884.35 6885.75 6886.2 6881.73 6884.83 6886.58 6897.72 6906.57 6907.22 6905.77 6902.38 6902.08 6899.64 6899.14 6895.97 6896.17 6894.18 6890.86 6894.93 6896.56
