resultados/variables/sun_rad_minimum.asc
ncols 330
nrows 228
xllcorner -12.000000
yllcorner 34.000000
cellsize 0.166667
NODATA_value -9999
[rows 96 to 127 of 228, columns 146 to 218 of 330]
379.45 -9999 -9999 390.43 391.21 389.93 383.36 388.2 378.77 373.13 376.15 381.11 -9999 -9999 -9999 -9999 -9999 -9999 -9999 -9999 -9999 -9999 -9999 -9999 -9999 -9999 -9999 -9999 -9999 -9999 -9999 -9999 -9999 -9999 -9999 -9999 -9999 -9999 -9999 -9999 -9999 -9999 -9999 -9999 -9999 -9999 -9999 -9999 -9999 -9999 -9999 -9999 380.56 381.42 381.51 380.19 386.15 390.28 388.87 382.5 379.3 381.69 385.35 381.85 380.42 381.3 380.61 379.9 380.17 380.42 381.22 381.56 379.86
397.45 -9999 -9999 -9999 394.94 397.77 398.83 403.63 405.2 407 386.1 -9999 -9999 -9999 -9999 -9999 -9999 -9999 -9999 -9999 -9999 -9999 -9999 -9999 -9999 -9999 -9999 -9999 -9999 -9999 -9999 -9999 -9999 -9999 -9999 -9999 -9999 -9999 -9999 -9999 -9999 -9999 -9999 -9999 -9999 -9999 -9999 -9999 -9999 -9999 -9999 -9999 392.62 394.53 397.94 395.56 395.32 395.17 397.5 397.42 395.88 395.32 390.6 393.22 398.25 396.48 396.78 395.35 394.1 393.23 394.01 392.83 393.61
-9999 404.14 -9999 403.18 400.97 400.8 403.52 402.05 407.83 412.98 418.03 408.07 -9999 -9999 -9999 -9999 -9999 -9999 -9999 -9999 -9999 -9999 -9999 -9999 -9999 -9999 -9999 -9999 -9999 -9999 -9999 -9999 -9999 -9999 -9999 -9999 -9999 -9999 -9999 -9999 -9999 -9999 -9999 -9999 -9999 -9999 -9999 -9999 -9999 -9999 -9999 -9999 -9999 405.2 406.51 411.17 412.29 409.32 409.96 414.58 412.6 410.47 409.31 408.79 407.72 407.25 407.94 408.01 407.39 406.81 405.77 404.29 403.83
-9999 -9999 -9999 -9999 419.75 422.69 425.14 423.74 -9999 -9999 423.39 -9999 -9999 -9999 -9999 -9999 -9999 -9999 -9999 -9999 -9999 -9999 -9999 -9999 -9999 -9999 -9999 -9999 -9999 -9999 -9999 -9999 -9999 -9999 -9999 -9999 -9999 -9999 -9999 -9999 -9999 -9999 -9999 -9999 -9999 -9999 -9999 -9999 -9999 -9999 -9999 -9999 -9999 415.1 415.85 418.23 419.89 421.68 423.43 426.65 431.22 431.21 430.09 427.69 423.02 422.4 421.68 421 420.68 419.74 416.88 415.95 416.13
-9999 -9999 -9999 -9999 -9999 -9999 -9999 -9999 -9999 -9999 -9999 -9999 -9999 -9999 421.57 -9999 -9999 -9999 -9999 -9999 -9999 -9999 -9999 -9999 -9999 -9999 -9999 -9999 -9999 -9999 -9999 -9999 -9999 -9999 -9999 -9999 -9999 -9999 -9999 -9999 -9999 -9999 -9999 -9999 -9999 -9999 -9999 -9999 -9999 -9999 -9999 426.76 -9999 -9999 426.92 428.99 432.32 434.52 432.94 430.42 428.63 429.37 430.56 430.63 430.52 433.51 432.2 431.65 431.54 428.98 427.43 428.13 428.96
-9999 -9999 -9999 -9999 -9999 -9999 -9999 -9999 -9999 -9999 -9999 -9999 -9999 -9999 446.15 454.93 442.22 -9999 -9999 -9999 -9999 -9999 -9999 -9999 -9999 -9999 -9999 -9999 -9999 -9999 -9999 -9999 -9999 -9999 -9999 -9999 -9999 -9999 -9999 -9999 -9999 -9999 -9999 -9999 -9999 -9999 -9999 -9999 -9999 -9999 -9999 -9999 -9999 438.67 438.14 438.37 437.85 437.89 439.81 441.15 441.91 440.37 439.63 440.69 441.45 441.82 440.44 442.48 438.75 436.86 439.2 440.51 441.76
-9999 -9999 -9999 -9999 -9999 -9999 -9999 -9999 -9999 -9999 -9999 -9999 -9999 -9999 -9999 -9999 -9999 -9999 -9999 -9999 -9999 -9999 -9999 -9999 -9999 -9999 -9999 -9999 -9999 -9999 -9999 -9999 -9999 -9999 -9999 -9999 -9999 -9999 -9999 -9999 -9999 -9999 -9999 -9999 -9999 -9999 446.15 445.27 445.11 447.21 449.22 -9999 -9999 450.71 449.45 449.68 448.96 448.39 449.82 448.97 450.55 450.71 451.8 452.97 453.9 454.4 454.72 451.03 450.89 453.71 451.56 454 451.86
-9999 -9999 -9999 -9999 -9999 -9999 -9999 -9999 -9999 -9999 -9999 -9999 -9999 -9999 -9999 -9999 -9999 -9999 -9999 -9999 -9999 -9999 -9999 -9999 -9999 -9999 -9999 -9999 -9999 -9999 462.57 461.64 453.66 449.61 456.26 453.86 -9999 -9999 -9999 -9999 -9999 -9999 -9999 -9999 -9999 -9999 468.56 470.16 468.92 465.78 464.8 462.5 462.48 460.59 463.21 461.84 463.73 464.59 462.32 461.17 461.21 463.59 463.58 462.88 463.19 463.64 465.81 464.53 464.49 461.11 466.33 461.22 455.64
-9999 -9999 -9999 -9999 -9999 475.44 -9999 474.38 -9999 -9999 -9999 -9999 -9999 -9999 -9999 -9999 -9999 -9999 -9999 -9999 -9999 -9999 -9999 -9999 -9999 -9999 -9999 470.04 468.47 466.27 466.61 470.41 473.15 472.18 463.23 462.86 458.08 -9999 -9999 -9999 -9999 -9999 -9999 -9999 -9999 -9999 -9999 466.7 470.1 472.79 471.51 472.78 474.4 476.11 474.18 474.08 474.04 473.14 473.72 474.41 472.56 467.12 458.36 465.28 470.19 472.13 473.98 478.27 478.96 481.78 473.87 476.35 485.12
-9999 486.93 -9999 -9999 -9999 486.47 486.35 -9999 -9999 -9999 -9999 -9999 -9999 -9999 -9999 -9999 -9999 -9999 -9999 -9999 -9999 -9999 -9999 -9999 484.36 482.42 487.57 488.24 486.2 487.19 485.1 479.03 481.63 485.76 490.42 493.74 498.16 481.25 -9999 -9999 -9999 -9999 -9999 -9999 483.85 481.85 486.71 481.87 475.6 477.45 481.29 484.8 484.77 484.61 485.34 483.94 477.67 486.21 484.36 480.12 479.68 485.35 -9999 487.65 484.39 486.88 487.84 483.08 487.56 485.67 489.45 490.61 495.24
495.19 497.44 498.19 498.05 498.45 -9999 -9999 -9999 -9999 -9999 -9999 -9999 -9999 -9999 -9999 -9999 -9999 -9999 -9999 -9999 -9999 -9999 494.99 495.19 494.43 489.61 489.75 495.6 500.08 497.04 499.57 497.63 506.61 513.13 505.66 507.13 495.88 501.91 498.83 500.15 501.03 500.23 495.22 488.53 495.81 501.02 507.28 511.74 512.36 509.82 502.31 498.64 499.85 499.71 497.44 496.62 505.9 498.35 496.52 502.49 503.65 505.76 513.07 505.48 507.6 503.65 501.34 505.81 500.96 503.08 505.78 508.95 505.8
514.74 512.76 514.31 515.67 514.8 511.12 507.8 507.51 510.73 -9999 -9999 -9999 -9999 -9999 -9999 -9999 510.28 509.77 508.75 508.57 511.44 513.77 512.95 508.75 509.55 515.78 511.03 505.46 506.73 514.66 517.18 525.04 520.61 523.4 528.57 529.63 529.64 515.63 507.54 511.53 509.44 510.12 517.07 522.97 507.42 501.81 511.44 511.18 516.71 511.32 511.18 506.34 507.52 507.49 509.16 515.41 516.41 518.27 525.24 525.7 528.24 525.2 526.31 526.8 520.87 518.26 517.65 519.61 519.99 518.45 515.69 513.91 516.21
522.52 528.45 525.57 523.93 521.73 525.66 529.45 530.8 527.65 -9999 525.94 -9999 525.64 525.38 523.78 524.24 524.09 523.54 524.45 520.7 516.41 514.53 519.6 527.37 534.19 530.44 534.55 535.53 536.06 536.89 534.13 533.91 536.19 532.54 533.07 531.82 531.27 529.69 528.33 523.79 519.73 515.91 513.99 523.35 530.19 535.57 529.35 526.29 527.56 530.02 531.99 532.37 525.98 525.84 531 532.47 529.07 532.08 532.3 532.32 535.58 535.42 534.76 535.51 533.42 531.75 532.12 529.26 528.22 529.61 529.36 531.41 530.74
538.77 539.85 533.81 532.86 537.47 539.62 535.7 536.85 537.76 537.33 -9999 536.9 -9999 538.52 537.73 536.45 536.69 536.31 535.19 542.09 544.24 539 533.66 529.92 531.63 543.44 544.52 545.94 543.27 540.97 540.84 540.38 545.2 544.86 543.12 544.5 542.9 539.15 539.27 534.63 538.08 540.97 542.74 542.5 543.76 541.47 537.76 540.6 537.34 537.25 542.03 544.14 542.83 544.78 545.35 540.67 -9999 544.5 541.8 541.32 543.61 545.08 545.87 544.2 545 541.68 543.17 542.48 542.35 538.35 544.51 545.5 542.94
553.76 546.4 550.06 550.32 553.61 547.34 545.62 540.45 543.77 548.4 550.01 549.95 550.29 -9999 553.54 552.6 552.07 552.54 551.58 548.11 553.55 559.09 559.44 560.66 560.81 558.51 558.51 557.81 558.43 559.86 559.81 561.48 557.91 558.65 558.44 555.75 558.71 558.7 555.61 552.9 556.21 557.62 555.64 556.98 550.99 543.41 548.69 554.5 556.34 559.64 556.9 559.29 561.14 559.79 556.97 558.33 -9999 555.58 554.84 556.97 555.39 555.95 557.81 553.99 553.72 555.7 549.48 554.05 548.74 557.03 556.91 556.28 558.74
566.32 564.92 -9999 570.12 564.66 561.14 564.09 570.28 568.63 564.69 560.63 564.34 564.86 566.57 555.72 566.77 570.56 570.11 572.13 573.27 569.84 569.85 574 573.3 573.58 573.92 574.82 572.18 576.25 573.62 574.92 570.69 568.67 568.58 570.28 572.25 568.9 561.95 554.56 561.05 566 567.25 568.29 565.06 569.45 583.21 574.46 572.58 567.5 568.39 571.07 571.25 572.41 570.87 571.81 569.98 571.6 569.91 570.5 567.72 569.44 570.11 567.49 571.43 569.32 570.72 574.22 567.81 577.67 573.04 564.85 566.76 567.09
579.75 580.42 578.16 577.94 577.88 584.77 586.73 583.85 580.04 575.87 581.51 577.9 579.69 579.89 582.96 578.29 579.28 580.54 583.46 584.26 583.46 585.56 585.29 583.6 579.66 579.07 584.98 584.58 584.08 586.02 584.88 585.43 587.01 585.8 583.06 580.43 576.77 580.63 582.76 584.33 582.45 580.71 579.44 581.59 581.68 582.98 587.84 586.4 589.55 587.05 580.94 583.68 582.83 584.38 583.87 584.37 582.22 582.12 588.52 589.18 586.29 580.81 580.23 583.28 584.99 585.31 584.23 590.07 583.08 578.7 577.29 576.73 577.84
598.54 596.26 595.97 596.74 596.38 596.57 596.6 593.87 588.8 589.66 590 589.76 590.38 590.53 587.8 586.6 586.36 586.45 586.72 593.12 598.13 597.43 597.7 601.6 603.93 604.14 590.23 598.49 593.95 591.98 592.72 595.56 596.19 594.13 593.74 591.07 595.82 601.17 598.02 593.43 594.15 593.75 594.27 596.85 601.86 601.74 601.06 601.78 601.22 597.01 597.55 597.12 596.58 596.16 595.05 594.32 593.87 596.66 592.73 596.23 588.91 591.27 597.51 595.11 596.22 597.99 597.56 597 597.23 595.81 599.43 595.06 596.71
608.27 609.11 612.42 609.77 607.29 607.77 607.52 611.35 614.62 615.79 610.28 604.71 600.77 605.23 609.01 607.52 607.81 609.89 612.31 615.82 613.69 612.72 609.72 610.31 607.93 604.36 611.59 606.04 609.03 609.71 608.11 604.54 604.44 603.43 606.21 607.66 604.33 600.19 601.99 610.42 606.81 607.72 610.89 610.4 609.86 610.04 609.68 610.62 611.98 613.58 615.93 609.3 609.81 610.21 610.18 608.03 607.67 606.15 613.09 609.43 611.22 610.57 607.74 604.99 608.97 611.59 611.32 608.27 611.43 611.66 613.08 614.69 610.01
617.31 619.5 618.5 618.86 620.29 618.26 617.89 615.25 611.15 604 611.06 624.79 627.21 625.61 622 625.99 628.41 627.17 625.11 615.59 613.84 614.67 619.4 618.86 619.9 623.2 622.59 619.46 619.45 619.57 619.51 621.44 617.21 620.14 619.24 620.08 620.36 619.67 621.19 619.34 625.67 623.98 623.61 623.42 621.06 619.49 619.72 621.72 623.37 624.1 617.88 619.45 623.53 620.1 617.27 620.5 625.89 628.58 625.07 626.03 626.19 623.57 623.42 625.64 621.52 620.66 623.11 625.63 622.83 623.18 625.22 625.25 627.12
634.2 632 632.28 632.2 634.04 631.96 635.38 638.18 640.29 646.53 633.63 621.04 626.96 634.95 628.62 625.82 622.32 622.12 626.39 632.06 632.3 629.41 627.67 629.72 630.67 631.28 630.77 634.11 633.37 634.48 635.49 634.4 636.04 635.52 634.43 633.11 633.43 634.84 634.95 632.28 628.52 636.01 637.56 638.1 646.17 641.53 638.88 632.57 631.01 634.13 640.32 639.97 635.59 638.05 639.23 637.6 634.34 630.55 628.35 630.4 634.37 638.61 635.36 632.61 635.1 634.58 636.51 639.26 639.27 639.97 637.49 640.12 640.91
641.58 643.27 644.31 643.12 645.68 647.74 646.15 645.79 647.51 648.61 649.18 651.41 640.5 639.66 648.63 645.27 643.04 644.4 643.89 645.55 644.47 651.15 652.02 648.96 650.99 648.38 649 650.55 653.08 650.69 651.42 652.47 653.13 650.64 649.79 649.38 649 645.7 645.32 645.94 646.65 643.21 643.47 646.07 640.96 648.36 655.89 659.64 658.45 654.43 651.88 651.89 649.12 647.19 645.83 643.23 641.66 649.25 649.89 647.85 647.32 645.93 653.78 655.55 654.05 654.82 653.98 653.11 653.89 650.75 653.58 654.56 653.16
650.62 652.08 659.38 662.72 660.87 660.3 659.67 659.47 660.31 657.13 659.87 660.91 661.62 656.27 664.83 662.92 669.7 670.31 666.04 657.46 660.38 663.54 663.39 662.61 662.4 665.18 663.99 662.69 662.84 667 667.98 665.64 666.35 665.59 665.45 659.96 659.16 664.92 666.32 664.34 662.87 664.74 666.37 663.56 665.27 664.77 660.15 658.99 660.02 659.19 661.62 659.67 661.88 662.35 661.47 663.74 664.53 664.6 667.34 668.43 665.24 664.91 661.64 664.08 667.85 667.25 670.95 666.93 667.85 670.79 668.66 666.28 666.03
678.84 670.95 664.36 665.33 669.25 663.83 658.38 671.91 673.52 676.81 676.55 673.78 676.44 676.83 673 677.75 678.44 677.27 676.29 684.92 683.02 675.16 676.28 681.18 675.47 672.5 675.2 674.49 673.24 671.16 672.55 672.8 674.09 673.87 673.87 677.24 674.25 677.09 675.66 678.08 681.91 678.23 675.1 674.57 671.8 672.36 672.5 672.07 668.49 667.09 666.96 674.12 673.22 678.15 678.31 680.43 686.13 676.91 675.11 675.56 680.01 682.06 683.8 682.78 680.26 680.99 677.14 679.1 679.01 678.06 677.56 678.22 678.55
702.96 707.51 702.25 696.77 692.02 696.86 700.19 682.51 688.98 688.62 690.47 690.36 693.47 692.26 687.63 688.97 687.39 691.27 692.36 689.31 687.3 684.21 686.53 685.67 688.85 690.45 686.68 685.91 686.7 687.31 686.35 687.01 683.65 688.44 689.6 691.35 693.89 688.92 688.56 689.88 687.69 686.29 679.85 677.48 683.04 682.57 685.15 687.21 689.7 691.29 691.7 689.8 690.08 689.21 695.82 695.19 687.92 693.79 696.84 697.87 696.18 693.81 694.53 693.2 694.18 692.13 691.91 692.53 690.78 691.6 692.43 692.96 692.92
698.92 690.89 694.26 704.44 703.71 703.99 703.65 711.51 696.66 694.4 698.11 697.33 699.19 700.8 697.24 693.06 693.06 698.8 696.13 693.4 692.43 699.52 705.46 709.36 706.16 703.26 707.05 708.91 708.64 711.44 706.72 710.8 709.24 706.33 706.42 706.63 706.17 705.59 704.91 700.62 701.49 704.71 713.24 714.24 709.46 708.7 705.81 707.15 712.42 714.4 715.61 711.55 707.55 700.6 -9999 712.43 713.03 709.34 709.72 708.89 709.17 709.9 707.78 707.98 707.8 708.43 708.91 706.73 708.07 709.37 708.43 707.12 708.17
719.11 729.99 725.66 716.89 719.37 719.63 724.55 717.36 721.86 723.81 718.17 719.51 716.76 714.83 718.74 723.28 727.34 721.26 723.51 723.01 718.88 718.83 707.58 708.72 718.46 719.43 721.17 721.45 723 717.33 724.87 723.38 722.57 716.35 718.62 720.4 718.5 717.9 717.79 727.93 723.51 725.08 723.82 723.49 728.3 729.38 726.36 721.64 717.34 721.71 718.81 716.76 720.99 721.85 714.64 713.39 727.66 730.93 725.64 720.61 722.41 720.77 720.05 722.85 719.14 718.27 720.41 722.81 723.33 722.79 722.79 723.12 720.23
732.34 730.07 730.6 726.4 728.17 731.68 732.38 733.47 726.64 730.79 728.62 730.91 732.73 736.81 731.62 733.7 730.84 728.92 728.48 730.78 735.51 737.96 738.57 739.18 735.48 737.32 724.61 719.59 727.16 727.52 723.34 723.54 729.02 733.31 732.44 733.47 738.88 737.66 737.98 734.11 741.63 737.8 738.03 743.48 738.7 735.63 736.36 736.68 730.41 719.29 735.64 734.73 727.69 731.93 736.54 736.84 731.19 731.67 734.63 732.69 727.27 730.9 736.71 735.88 739.5 740.04 734.78 733.87 736.84 735.25 733.03 735.59 736.57
749 746.72 745.49 749.28 739.48 735.33 740.97 747.35 749.72 736.17 728.08 733.96 741.09 739.24 742.09 740.94 746.98 742.11 746.85 744.66 743.67 743.2 753.6 749.7 745.03 746.61 754.84 762.78 757.52 762.4 763.72 760.14 756.78 755.76 753.67 749.26 748.57 746.15 748.63 746.96 743.74 749.43 755.54 751.7 750.4 753.53 750.11 748.96 753.59 756 732.61 743.93 754.42 749.7 749.18 751.7 752.41 753.63 753.12 753.51 757.89 754.81 748.7 750.35 751.87 748.01 754.17 756.31 753.16 754.74 755.95 750.78 752.84
757.56 759.42 759.39 756.39 756.32 749.27 742.5 744.47 764.22 788.61 772.01 747.73 745.46 742.27 758.51 761.62 755.52 753.07 750.4 749.07 751.14 751.05 738.4 752.01 755.24 759.95 764.26 761.32 763.35 766.98 766.31 772.39 769.11 772.91 768.51 767.16 768.58 768.94 766.22 766.99 771.56 771.09 770.57 768.89 770.21 763.55 768.95 765.04 767.14 767.48 769.75 753.34 763.25 768.57 766.24 768.66 764.61 765.06 766.18 771.83 763.51 762.52 760.63 758.99 761.34 774.15 764.78 757.05 764.44 766.68 767.39 770.41 768.67
770.83 773.65 762.33 780.54 778.65 765.73 768.8 751.1 735.25 730.88 767.91 801.41 791.95 768.46 761.49 783.04 750.14 704.75 713.45 760.52 791.1 755.71 765.62 758 768.76 773.21 759.13 776.99 777.15 777.01 779.89 782.19 784.57 782.85 781.31 781.7 777.11 784.75 778.09 776.77 777.23 781.6 781.78 785.74 785.8 785.81 783.7 787.07 792.38 796.19 802.18 800.93 764.45 768.28 779.54 778.03 780.54 784.93 780.89 778.74 778.75 780.33 795.23 791.57 788.15 774.43 788.25 787.6 781.29 783.32 786.5 784.82 784.68
787.08 796.88 788.91 770.49 783.25 804.33 798.45 776.96 838.5 864.51 859.17 786.95 802.47 865.97 836.7 802.01 842.43 909.71 888.35 813.79 741.48 804.99 802.03 774.93 748.57 752.42 797.99 782.09 785.11 788.83 794.61 791.78 793.26 798.74 800.13 804.72 809.95 802.03 802.16 801.82 800.07 795.58 780.8 794.21 795.06 797.91 800.07 802.84 808.36 809.04 804.96 810.65 831.24 812.1 803.26 801.58 804.21 799.09 810.49 812.44 814.23 813.12 797.48 796.13 793.77 804.3 799.24 805.57 801.44 797.19 798.57 796.65 797.67
